0st_vol,0capacity,0net_inf,0st_rof,0lt_rof,0rest_demand,0unrest_demand,0unfulf_demand,0wastewater,0treat_capacity,0agg_price,0res_price,0gross_rev,0drought_cost,0cont_contrib,0debt_serv,0infra_npv,1st_vol,1capacity,1net_inf,1st_rof,1lt_rof,1rest_demand,1unrest_demand,1unfulf_demand,1wastewater,1treat_capacity,1agg_price,1res_price,1gross_rev,1drought_cost,1cont_contrib,1debt_serv,1infra_npv
85.139,85.139,8.67484,0.05,0,2.16737,2.46977,0,0,4.47552,4.3624e+06,2.70226e+06,9.45494e+06,0,0,0,0,99.3022,98.274,6.36636,0,1,1.73502,1.43262,0,0,2.1168,9.06595e+06,3.61194e+06,1.57296e+07,0,0,0,0
85.139,85.139,8.96724,0.05,0,2.18922,2.47089,0,0.406166,4.47552,4.3624e+06,2.70226e+06,9.55027e+06,0,0,0,0,99.3022,98.274,7.31792,0,1,1.71493,1.43326,0,1.34047,2.1168,9.06595e+06,3.61194e+06,1.55474e+07,0,0,0,0
85.139,85.139,11.0674,0.05,0,2.19098,2.472,0,0.41026,4.47552,4.3624e+06,2.70226e+06,9.55795e+06,0,0,0,0,99.3022,98.274,7.50684,0,1,1.71493,1.43391,0,1.32495,2.1168,9.06595e+06,3.61194e+06,1.55474e+07,0,0,0,0
85.139,85.139,8.21347,0.05,0,2.19275,2.47312,0,0.41059,4.47552,4.3624e+06,2.70226e+06,9.56563e+06,0,0,0,0,99.3022,98.274,7.1444,0,1,1.71493,1.43456,0,1.32495,2.1168,9.06595e+06,3.61194e+06,1.55474e+07,0,0,0,0
85.139,85.139,6.88709,0.05,0,2.43584,2.71556,0,0.410921,4.47552,4.3624e+06,2.70226e+06,1.06261e+07,0,0,0,0,99.3022,98.274,5.50752,0,1,1.88368,1.60395,0,1.32495,2.1168,9.06595e+06,3.61194e+06,1.70773e+07,0,0,0,0
85.139,85.139,6.33965,0.05,0,2.60646,2.71679,0,0.456476,4.47552,4.3624e+06,2.70226e+06,1.13704e+07,0,0,0,0,99.3022,98.274,3.91044,0,1,1.715,1.60468,0,1.45533,2.1168,9.06595e+06,3.61194e+06,1.55481e+07,0,0,0,0
85.139,85.139,5.0267,0.05,0,2.60841,2.71801,0,0.48845,4.47552,4.3624e+06,2.70226e+06,1.13789e+07,0,0,0,0,99.3022,98.274,5.07091,0,1,1.715,1.6054,0,1.32501,2.1168,9.06595e+06,3.61194e+06,1.55481e+07,0,0,0,0
85.139,85.139,6.4143,0.05,0,2.61035,2.71924,0,0.488815,4.47552,4.3624e+06,2.70226e+06,1.13874e+07,0,0,0,0,99.3022,98.274,7.06331,0,1,1.715,1.60612,0,1.32501,2.1168,9.06595e+06,3.61194e+06,1.55481e+07,0,0,0,0
85.139,85.139,5.20359,0.05,0,2.26747,2.37563,0,0.48918,4.47552,4.3624e+06,2.70226e+06,9.8916e+06,0,0,0,0,99.3022,98.274,5.25251,0,1,1.48813,1.37997,0,1.32501,2.1168,9.06595e+06,3.61194e+06,1.34913e+07,0,0,0,0
85.139,85.139,3.29702,0.05,0,2.0743,2.3767,0,0.424923,4.47552,4.3624e+06,2.70226e+06,9.0489e+06,0,0,0,0,99.3022,98.274,3.47559,0,1,1.683,1.3806,0,1.14973,2.1168,9.06595e+06,3.61194e+06,1.5258e+07,0,0,0,0
85.139,85.139,4.85466,0.05,0,2.07537,2.37777,0,0.388723,4.47552,4.3624e+06,2.70226e+06,9.05357e+06,0,0,0,0,99.3022,98.274,5.18965,0,1,1.68362,1.38122,0,1.30028,2.1168,9.06595e+06,3.61194e+06,1.52636e+07,0,0,0,0
85.139,85.139,4.60059,0.05,0,2.07644,2.37884,0,0.388924,4.47552,4.3624e+06,2.70226e+06,9.05824e+06,0,0,0,0,99.3022,98.274,4.05407,0,1,1.68424,1.38184,0,1.30076,2.1168,9.06595e+06,3.61194e+06,1.52692e+07,0,0,0,0
85.139,85.139,3.48788,0.05,0,2.07751,2.37991,0,0.389124,4.47552,4.3624e+06,2.70226e+06,9.06292e+06,0,0,0,0,99.3022,98.274,3.4253,0,1,1.68486,1.38246,0,1.30124,2.1168,9.06595e+06,3.61194e+06,1.52749e+07,0,0,0,0
85.139,85.139,3.27587,0.05,0,2.16557,2.46797,0,0.389325,4.47552,4.3624e+06,2.70226e+06,9.4471e+06,0,0,0,0,99.3022,98.274,4.0784,0,1,1.74111,1.43871,0,1.30172,2.1168,9.06595e+06,3.61194e+06,1.57848e+07,0,0,0,0
85.139,85.139,3.03143,0.05,0,2.19351,2.46908,0,0.405829,4.47552,4.3624e+06,2.70226e+06,9.56899e+06,0,0,0,0,99.3022,98.274,3.72414,0,1,1.71493,1.43936,0,1.34518,2.1168,9.06595e+06,3.61194e+06,1.55475e+07,0,0,0,0
85.139,85.139,4.44285,0.05,0,2.19527,2.4702,0,0.411065,4.47552,4.3624e+06,2.70226e+06,9.57666e+06,0,0,0,0,99.3022,98.274,5.12097,0,1,1.71493,1.44,0,1.32495,2.1168,9.06595e+06,3.61194e+06,1.55475e+07,0,0,0,0
85.139,85.139,4.29742,0.05,0,2.19703,2.47131,0,0.411394,4.47552,4.3624e+06,2.70226e+06,9.58433e+06,0,0,0,0,99.3022,98.274,5.9959,0,1,1.71493,1.44065,0,1.32495,2.1168,9.06595e+06,3.61194e+06,1.55475e+07,0,0,0,0
85.139,85.139,3.88824,0.05,0,2.16472,2.43834,0,0.411724,4.47552,4.3624e+06,2.70226e+06,9.44335e+06,0,0,0,0,99.3022,98.274,5.61591,0,1,1.69328,1.41966,0,1.32495,2.1168,9.06595e+06,3.61194e+06,1.53512e+07,0,0,0,0
85.139,85.139,3.06934,0.05,0,2.14482,2.43944,0,0.405668,4.47552,4.3624e+06,2.70226e+06,9.35654e+06,0,0,0,0,99.3022,98.274,4.71579,0,1,1.71492,1.4203,0,1.30823,2.1168,9.06595e+06,3.61194e+06,1.55474e+07,0,0,0,0
85.139,85.139,2.70606,0.05,0,2.14655,2.44054,0,0.401938,4.47552,4.3624e+06,2.70226e+06,9.36411e+06,0,0,0,0,99.3022,98.274,4.21678,0,1,1.71492,1.42093,0,1.32495,2.1168,9.06595e+06,3.61194e+06,1.55474e+07,0,0,0,0
84.9298,85.139,2.43205,0.04,0,2.14829,2.44163,0,0.402264,4.47552,4.3624e+06,2.70226e+06,9.37168e+06,0,0,0,0,99.3022,98.274,3.77564,0,1,1.71492,1.42157,0,1.32495,2.1168,9.06595e+06,3.61194e+06,1.55474e+07,0,0,0,0
84.7946,85.139,2.56612,0.06,0,2.2659,2.55861,0,0.402589,4.47552,4.3624e+06,2.70226e+06,9.88475e+06,0,0,0,0,99.3022,98.274,4.27581,0,1,1.79181,1.4991,0,1.32495,2.1168,9.06595e+06,3.61194e+06,1.62445e+07,0,0,0,0
84.6943,85.139,2.6533,0.06,0,2.34458,2.55976,0,0.424629,4.47552,4.3624e+06,2.70226e+06,1.0228e+07,0,0,0,0,99.3022,98.274,4.58649,0,1,1.71495,1.49978,0,1.38435,2.1168,9.06595e+06,3.61194e+06,1.55477e+07,0,0,0,0
84.4062,85.139,2.45702,0.05,0,2.3464,2.56091,0,0.439374,4.47552,4.3624e+06,2.70226e+06,1.02359e+07,0,0,0,0,99.3022,98.274,3.89894,0,1,1.71495,1.50045,0,1.32497,2.1168,9.06595e+06,3.61194e+06,1.55477e+07,0,0,0,0
83.8967,85.139,2.21297,0.04,0,2.34823,2.56206,0,0.439716,4.47552,4.3624e+06,2.70226e+06,1.02439e+07,0,0,0,0,99.3022,98.274,3.44399,0,1,1.71495,1.50112,0,1.32497,2.1168,9.06595e+06,3.61194e+06,1.55477e+07,0,0,0,0
83.3053,85.139,2.10106,0.04,0,2.35005,2.56321,0,0.440058,4.47552,4.3624e+06,2.70226e+06,1.02519e+07,0,0,0,0,99.3022,98.274,3.50748,0,1,1.71495,1.5018,0,1.32497,2.1168,9.06595e+06,3.61194e+06,1.55477e+07,0,0,0,0
83.3928,85.139,2.711,0.03,0,2.32891,2.54139,0,0.4404,4.47552,4.3624e+06,2.70226e+06,1.01596e+07,0,0,0,0,99.3022,98.274,3.51795,0,1,1.75731,1.54483,0,1.32497,2.1168,9.06595e+06,3.61194e+06,1.59317e+07,0,0,0,0
83.3217,85.139,2.56931,0.03,0,2.37308,2.54253,0,0.436437,4.47552,4.3624e+06,2.70226e+06,1.03523e+07,0,0,0,0,99.3022,98.274,3.41767,0,1,1.71497,1.54552,0,1.3577,2.1168,9.06595e+06,3.61194e+06,1.55479e+07,0,0,0,0
83.0903,85.139,2.39752,0.03,0,2.37491,2.54367,0,0.444715,4.47552,4.3624e+06,2.70226e+06,1.03603e+07,0,0,0,0,99.3022,98.274,3.17957,0,1,1.71497,1.54622,0,1.32499,2.1168,9.06595e+06,3.61194e+06,1.55479e+07,0,0,0,0
82.7305,85.139,2.26318,0.03,0,2.37675,2.54481,0,0.445059,4.47552,4.3624e+06,2.70226e+06,1.03683e+07,0,0,0,0,99.3022,98.274,2.99106,0,1,1.71497,1.54691,0,1.32499,2.1168,9.06595e+06,3.61194e+06,1.55479e+07,0,0,0,0
82.279,85.139,2.18258,0.03,0,2.438,2.60537,0,0.445403,4.47552,4.3624e+06,2.70226e+06,1.06355e+07,0,0,0,0,99.3022,98.274,2.65092,0,1,1.75279,1.58542,0,1.32499,2.1168,9.06595e+06,3.61194e+06,1.58907e+07,0,0,0,0
81.8921,85.139,2.31123,0.03,0,2.47768,2.60654,0,0.456882,4.47552,4.3624e+06,2.70226e+06,1.08086e+07,0,0,0,0,99.3022,98.274,2.90445,0,1,1.71499,1.58613,0,1.35421,2.1168,9.06595e+06,3.61194e+06,1.5548e+07,0,0,0,0
81.3607,85.139,2.1328,0.03,0,2.47956,2.60771,0,0.464317,4.47552,4.3624e+06,2.70226e+06,1.08168e+07,0,0,0,0,99.3022,98.274,2.74527,0,1,1.71499,1.58684,0,1.325,2.1168,9.06595e+06,3.61194e+06,1.5548e+07,0,0,0,0
80.6494,85.139,1.94126,0.03,0,2.48144,2.60888,0,0.46467,4.47552,4.3624e+06,2.70226e+06,1.0825e+07,0,0,0,0,99.3022,98.274,2.41891,0,1,1.71499,1.58755,0,1.325,2.1168,9.06595e+06,3.61194e+06,1.5548e+07,0,0,0,0
80.2021,85.139,2.34388,0.03,0,2.65764,2.78436,0,0.465022,4.47552,4.3624e+06,2.70226e+06,1.15937e+07,0,0,0,0,99.1209,98.274,2.9741,0,1,1.85173,1.72501,0,1.325,2.1168,9.06595e+06,3.61194e+06,1.67877e+07,0,0,0,0
79.9617,85.139,2.66671,0.03,0,2.78561,2.78561,0,0.498041,4.47552,4.3624e+06,2.70226e+06,1.21519e+07,0,0,0,0,99.2165,98.274,2.24422,0,1,1.72578,1.72578,0,1.43065,2.1168,9.06595e+06,3.61194e+06,1.56459e+07,0,0,0,0
79.556,85.139,2.49759,0.03,0,2.78686,2.78686,0,0.522023,4.47552,4.3624e+06,2.70226e+06,1.21574e+07,0,0,0,0,99.246,98.274,2.87416,0,1,1.72656,1.72656,0,1.33334,2.1168,9.06595e+06,3.61194e+06,1.56529e+07,0,0,0,0
79.0395,85.139,2.38155,0.03,0,2.78811,2.78811,0,0.522257,4.47552,4.3624e+06,2.70226e+06,1.21628e+07,0,0,0,0,99.2513,98.274,2.78977,0,1,1.72733,1.72733,0,1.33394,2.1168,9.06595e+06,3.61194e+06,1.56599e+07,0,0,0,0
78.5171,85.139,2.36789,0.04,0,2.78936,2.78936,0,0.522491,4.47552,4.3624e+06,2.70226e+06,1.21683e+07,0,0,0,0,99.2404,98.274,2.76417,0,1,1.7281,1.7281,0,1.33453,2.1168,9.06595e+06,3.61194e+06,1.56669e+07,0,0,0,0
78.142,85.139,2.36475,0.04,0,2.70546,2.70546,0,0.522725,4.47552,4.3624e+06,2.70226e+06,1.18023e+07,0,0,0,0,99.3022,98.274,3.39303,0,1,1.64569,1.64569,0,1.33513,2.1168,9.06595e+06,3.61194e+06,1.49198e+07,0,0,0,0
77.4025,85.139,1.93386,0.04,0,2.63808,2.70667,0,0.507003,4.47552,4.3624e+06,2.70226e+06,1.15084e+07,0,0,0,0,99.3022,98.274,2.73768,0,1,1.71502,1.64643,0,1.27146,2.1168,9.06595e+06,3.61194e+06,1.55483e+07,0,0,0,0
77.7948,85.139,3.17471,0.04,0,2.64003,2.70788,0,0.494377,4.47552,4.3624e+06,2.70226e+06,1.15169e+07,0,0,0,0,99.3022,98.274,3.72021,0,1,1.71502,1.64717,0,1.32502,2.1168,9.06595e+06,3.61194e+06,1.55483e+07,0,0,0,0
81.8777,85.139,7.12267,0.04,0,2.64198,2.70909,0,0.494742,4.47552,4.3624e+06,2.70226e+06,1.15254e+07,0,0,0,0,99.3022,98.274,5.74872,0,1,1.71502,1.6479,0,1.32502,2.1168,9.06595e+06,3.61194e+06,1.55483e+07,0,0,0,0
83.3774,85.139,4.5944,0.03,0,2.57392,2.64029,0,0.495107,4.47552,4.3624e+06,2.70226e+06,1.12285e+07,0,0,0,0,99.3022,98.274,5.06572,0,1,1.63916,1.57279,0,1.32502,2.1168,9.06595e+06,3.61194e+06,1.48606e+07,0,0,0,0
85.139,85.139,8.2584,0.03,0,2.49998,2.64147,0,0.482352,4.47552,4.3624e+06,2.70226e+06,1.09059e+07,0,0,0,0,99.3022,98.274,10.6327,0,1,1.71498,1.57349,0,1.26642,2.1168,9.06595e+06,3.61194e+06,1.5548e+07,0,0,0,0
85.139,85.139,4.67181,0.02,0,2.50187,2.64266,0,0.468497,4.47552,4.3624e+06,2.70226e+06,1.09141e+07,0,0,0,0,99.3022,98.274,5.41639,0,1,1.71498,1.57419,0,1.325,2.1168,9.06595e+06,3.61194e+06,1.5548e+07,0,0,0,0
85.139,85.139,4.67347,0.02,0,2.50375,2.64384,0,0.46885,4.47552,4.3624e+06,2.70226e+06,1.09224e+07,0,0,0,0,99.3022,98.274,5.82518,0,1,1.71498,1.5749,0,1.325,2.1168,9.06595e+06,3.61194e+06,1.5548e+07,0,0,0,0
85.139,85.139,6.38661,0.02,0,2.30644,2.44582,0,0.469203,4.47552,4.3624e+06,2.70226e+06,1.00616e+07,0,0,0,0,99.3022,98.274,7.60519,0,1,1.55672,1.41734,0,1.325,2.1168,9.06595e+06,3.61194e+06,1.41132e+07,0,0,0,0
85.139,85.139,6.59656,0.02,0,2.14997,2.44691,0,0.432227,4.47552,4.3624e+06,2.70226e+06,9.37904e+06,0,0,0,0,99.3022,98.274,8.50724,0,1,1.71491,1.41797,0,1.20272,2.1168,9.06595e+06,3.61194e+06,1.55473e+07,0,0,0,0
85.139,85.139,6.92426,0.03,0,2.1517,2.44801,0,0.402905,4.47552,4.3624e+06,2.70226e+06,9.38657e+06,0,0,0,0,99.3022,98.274,8.86265,0,1,1.71491,1.41861,0,1.32494,2.1168,9.06595e+06,3.61194e+06,1.55473e+07,0,0,0,0
85.139,85.139,10.9253,0.04,0,2.15343,2.4491,0,0.403228,4.47552,4.3624e+06,2.70226e+06,9.39411e+06,0,0,0,0,99.3022,98.274,10.7632,0,1,1.71491,1.41924,0,1.32494,2.1168,9.06595e+06,3.61194e+06,1.55473e+07,0,0,0,0
85.139,85.139,11.1113,0.05,0,2.15516,2.45019,0,0.403552,4.47552,4.3624e+06,2.70226e+06,9.40165e+06,0,0,0,0,99.3022,98.274,10.3117,0,1,1.71491,1.41987,0,1.32494,2.1168,9.06595e+06,3.61194e+06,1.55473e+07,0,0,0,0
85.139,85.139,5.22697,0.05,0,2.23365,2.52806,0,0.403876,4.47552,4.3624e+06,2.70226e+06,9.74408e+06,0,0,0,0,99.3022,98.274,5.58073,0,1,1.76083,1.46643,0,1.32494,2.1168,9.06595e+06,3.61194e+06,1.59636e+07,0,0,0,0
85.139,85.139,4.4155,0.05,0,2.2813,2.52915,0,0.418586,4.47552,4.3624e+06,2.70226e+06,9.95193e+06,0,0,0,0,99.3022,98.274,5.53665,0,1,1.71491,1.46706,0,1.36042,2.1168,9.06595e+06,3.61194e+06,1.55473e+07,0,0,0,0
85.139,85.139,15.6008,0.05,0,2.28303,2.53025,0,0.427515,4.47552,4.3624e+06,2.70226e+06,9.95947e+06,0,0,0,0,99.3022,98.274,18.7528,0,1,1.71491,1.46769,0,1.32494,2.1168,9.06595e+06,3.61194e+06,1.55473e+07,0,0,0,0
85.139,85.139,19.1705,0.05,0,2.28476,2.53134,0,0.427839,4.47552,4.3624e+06,2.70226e+06,9.96701e+06,0,0,0,0,99.3022,98.274,29.9587,0,1,1.71492,1.46833,0,1.32494,2.1168,9.06595e+06,3.61194e+06,1.55473e+07,0,0,0,0
85.139,85.139,15.0317,0.05,0,2.53349,2.77944,0,0.428163,4.47552,4.3624e+06,2.70226e+06,1.10521e+07,0,0,0,0,99.3022,98.274,23.2518,0,1,1.88763,1.64168,0,1.32494,2.1168,9.06595e+06,3.61194e+06,1.71132e+07,0,0,0,0
85.139,85.139,23.0543,0.05,0,2.70805,2.78065,0,0.474777,4.47552,4.3624e+06,2.70226e+06,1.18136e+07,0,0,0,0,99.3022,98.274,26.6592,0,1,1.71499,1.64239,0,1.45839,2.1168,9.06595e+06,3.61194e+06,1.5548e+07,0,0,0,0
85.139,85.139,9.65234,0.05,0,2.70996,2.78185,0,0.507489,4.47552,4.3624e+06,2.70226e+06,1.18219e+07,0,0,0,0,99.3022,98.274,13.4059,0,1,1.71499,1.6431,0,1.325,2.1168,9.06595e+06,3.61194e+06,1.5548e+07,0,0,0,0
85.139,85.139,7.84859,0.05,0,2.71188,2.78305,0,0.507847,4.47552,4.3624e+06,2.70226e+06,1.18303e+07,0,0,0,0,99.3022,98.274,13.5356,0,1,1.71499,1.64381,0,1.325,2.1168,9.06595e+06,3.61194e+06,1.5548e+07,0,0,0,0
85.139,85.139,9.6186,0.05,0,2.36087,2.43133,0,0.508205,4.47552,4.3624e+06,2.70226e+06,1.0299e+07,0,0,0,0,99.3022,98.274,19.5056,0,1,1.4828,1.41233,0,1.325,2.1168,9.06595e+06,3.61194e+06,1.3443e+07,0,0,0,0
85.139,85.139,11.4685,0.05,0,2.13044,2.43238,0,0.442426,4.47552,4.3624e+06,2.70226e+06,9.29381e+06,0,0,0,0,99.3022,98.274,17.1613,0,1,1.71489,1.41294,0,1.14561,2.1168,9.06595e+06,3.61194e+06,1.55471e+07,0,0,0,0
85.139,85.139,10.7962,0.05,0,2.1321,2.43343,0,0.399244,4.47552,4.3624e+06,2.70226e+06,9.30106e+06,0,0,0,0,99.3022,98.274,11.1855,0,1,1.71489,1.41355,0,1.32492,2.1168,9.06595e+06,3.61194e+06,1.55471e+07,0,0,0,0
85.139,85.139,15.7583,0.05,0,2.13376,2.43449,0,0.399555,4.47552,4.3624e+06,2.70226e+06,9.30831e+06,0,0,0,0,99.3022,98.274,23.7331,0,1,1.71489,1.41416,0,1.32492,2.1168,9.06595e+06,3.61194e+06,1.55471e+07,0,0,0,0
85.139,85.139,18.1867,0.05,0,2.13542,2.43554,0,0.399866,4.47552,4.3624e+06,2.70226e+06,9.31556e+06,0,0,0,0,99.3022,98.274,19.5973,0,1,1.71489,1.41478,0,1.32492,2.1168,9.06595e+06,3.61194e+06,1.55471e+07,0,0,0,0
85.139,85.139,10.672,0.05,0,2.22611,2.52562,0,0.400178,4.47552,4.3624e+06,2.70226e+06,9.71119e+06,0,0,0,0,99.3022,98.274,23.8048,0,1,1.77182,1.47231,0,1.32492,2.1168,9.06595e+06,3.61194e+06,1.60632e+07,0,0,0,0
85.139,85.139,9.07227,0.05,0,2.28474,2.52671,0,0.417173,4.47552,4.3624e+06,2.70226e+06,9.96694e+06,0,0,0,0,99.3022,98.274,19.3997,0,1,1.71492,1.47295,0,1.36891,2.1168,9.06595e+06,3.61194e+06,1.55473e+07,0,0,0,0
85.139,85.139,9.17051,0.05,0,2.28647,2.5278,0,0.42816,4.47552,4.3624e+06,2.70226e+06,9.97447e+06,0,0,0,0,99.3022,98.274,13.5187,0,1,1.71492,1.47358,0,1.32494,2.1168,9.06595e+06,3.61194e+06,1.55473e+07,0,0,0,0
85.139,85.139,8.33943,0.05,0,2.28819,2.52889,0,0.428484,4.47552,4.3624e+06,2.70226e+06,9.98201e+06,0,0,0,0,99.3022,98.274,12.7388,0,1,1.71492,1.47422,0,1.32494,2.1168,9.06595e+06,3.61194e+06,1.55473e+07,0,0,0,0
85.139,85.139,7.30267,0.05,0,2.25505,2.49511,0,0.428807,4.47552,4.3624e+06,2.70226e+06,9.83743e+06,0,0,0,0,99.3022,98.274,10.5208,0,1,1.69277,1.45271,0,1.32494,2.1168,9.06595e+06,3.61194e+06,1.53466e+07,0,0,0,0
85.139,85.139,7.02916,0.05,0,2.23462,2.49619,0,0.422596,4.47552,4.3624e+06,2.70226e+06,9.74828e+06,0,0,0,0,99.3022,98.274,10.0802,0,1,1.71491,1.45334,0,1.30783,2.1168,9.06595e+06,3.61194e+06,1.55473e+07,0,0,0,0
85.139,85.139,6.67983,0.05,0,2.23632,2.49726,0,0.418767,4.47552,4.3624e+06,2.70226e+06,9.75571e+06,0,0,0,0,99.3022,98.274,10.1535,0,1,1.71491,1.45396,0,1.32494,2.1168,9.06595e+06,3.61194e+06,1.55473e+07,0,0,0,0
85.139,85.139,6.47714,0.04,0,2.23802,2.49834,0,0.419086,4.47552,4.3624e+06,2.70226e+06,9.76315e+06,0,0,0,0,99.3022,98.274,10.0554,0,1,1.71491,1.45459,0,1.32494,2.1168,9.06595e+06,3.61194e+06,1.55473e+07,0,0,0,0
85.139,85.139,6.09767,0.04,0,2.35829,2.61798,0,0.419406,4.47552,4.3624e+06,2.70226e+06,1.02878e+07,0,0,0,0,99.3022,98.274,8.72964,0,1,1.79358,1.53389,0,1.32494,2.1168,9.06595e+06,3.61194e+06,1.62605e+07,0,0,0,0
85.139,85.139,5.89284,0.04,0,2.43873,2.61911,0,0.441944,4.47552,4.3624e+06,2.70226e+06,1.06387e+07,0,0,0,0,99.3022,98.274,6.79498,0,1,1.71494,1.53455,0,1.38572,2.1168,9.06595e+06,3.61194e+06,1.55476e+07,0,0,0,0
85.139,85.139,5.52304,0.03,0,2.44052,2.62024,0,0.457017,4.47552,4.3624e+06,2.70226e+06,1.06465e+07,0,0,0,0,99.3022,98.274,6.84916,0,1,1.71494,1.53522,0,1.32496,2.1168,9.06595e+06,3.61194e+06,1.55476e+07,0,0,0,0
85.139,85.139,5.01325,0.02,0,2.44231,2.62137,0,0.457353,4.47552,4.3624e+06,2.70226e+06,1.06543e+07,0,0,0,0,99.3022,98.274,6.88506,0,1,1.71494,1.53588,0,1.32496,2.1168,9.06595e+06,3.61194e+06,1.55476e+07,0,0,0,0
85.139,85.139,4.69437,0.02,0,2.4441,2.6225,0,0.457688,4.47552,4.3624e+06,2.70226e+06,1.06621e+07,0,0,0,0,99.3022,98.274,6.91576,0,1,1.71494,1.53654,0,1.32496,2.1168,9.06595e+06,3.61194e+06,1.55476e+07,0,0,0,0
85.139,85.139,3.90611,0.02,0,2.42239,2.60013,0,0.458024,4.47552,4.3624e+06,2.70226e+06,1.05674e+07,0,0,0,0,99.3022,98.274,5.57196,0,1,1.75828,1.58054,0,1.32496,2.1168,9.06595e+06,3.61194e+06,1.59405e+07,0,0,0,0
85.139,85.139,3.59937,0.02,0,2.46751,2.60125,0,0.453956,4.47552,4.3624e+06,2.70226e+06,1.07643e+07,0,0,0,0,99.3022,98.274,5.3122,0,1,1.71496,1.58122,0,1.35844,2.1168,9.06595e+06,3.61194e+06,1.55478e+07,0,0,0,0
85.139,85.139,3.36195,0.02,0,2.46931,2.60237,0,0.462411,4.47552,4.3624e+06,2.70226e+06,1.07721e+07,0,0,0,0,99.3022,98.274,4.81544,0,1,1.71496,1.5819,0,1.32498,2.1168,9.06595e+06,3.61194e+06,1.55478e+07,0,0,0,0
85.139,85.139,3.24332,0.02,0,2.47111,2.60349,0,0.462748,4.47552,4.3624e+06,2.70226e+06,1.078e+07,0,0,0,0,99.3022,98.274,4.59941,0,1,1.71496,1.58258,0,1.32498,2.1168,9.06595e+06,3.61194e+06,1.55478e+07,0,0,0,0
85.139,85.139,3.29161,0.02,0,2.5337,2.6654,0,0.463086,4.47552,4.3624e+06,2.70226e+06,1.1053e+07,0,0,0,0,99.3022,98.274,4.6071,0,1,1.75365,1.62195,0,1.32498,2.1168,9.06595e+06,3.61194e+06,1.58985e+07,0,0,0,0
85.139,85.139,3.02447,0.02,0,2.57421,2.66655,0,0.474815,4.47552,4.3624e+06,2.70226e+06,1.12298e+07,0,0,0,0,99.3022,98.274,4.54683,0,1,1.71498,1.62265,0,1.35487,2.1168,9.06595e+06,3.61194e+06,1.55479e+07,0,0,0,0
85.1087,85.139,2.75734,0.02,0,2.57606,2.66769,0,0.482408,4.47552,4.3624e+06,2.70226e+06,1.12378e+07,0,0,0,0,99.3022,98.274,4.19181,0,1,1.71498,1.62335,0,1.32499,2.1168,9.06595e+06,3.61194e+06,1.55479e+07,0,0,0,0
84.7426,85.139,2.40007,0.03,0,2.57791,2.66884,0,0.482754,4.47552,4.3624e+06,2.70226e+06,1.12459e+07,0,0,0,0,99.3022,98.274,4.16474,0,1,1.71498,1.62404,0,1.32499,2.1168,9.06595e+06,3.61194e+06,1.55479e+07,0,0,0,0
83.9889,85.139,2.15834,0.03,0,2.75807,2.84831,0,0.4831,4.47552,4.3624e+06,2.70226e+06,1.20318e+07,0,0,0,0,99.3022,98.274,4.04834,0,1,1.85486,1.76463,0,1.32499,2.1168,9.06595e+06,3.61194e+06,1.68161e+07,0,0,0,0
83.4365,85.139,2.40682,0.03,0,2.84953,2.84953,0,0.516862,4.47552,4.3624e+06,2.70226e+06,1.24308e+07,0,0,0,0,99.3022,98.274,3.81191,0,1,1.76538,1.76538,0,1.43307,2.1168,9.06595e+06,3.61194e+06,1.60049e+07,0,0,0,0
83.0344,85.139,2.58822,0.03,0,2.85076,2.85076,0,0.534002,4.47552,4.3624e+06,2.70226e+06,1.24361e+07,0,0,0,0,99.3022,98.274,4.64587,0,1,1.76614,1.76614,0,1.36394,2.1168,9.06595e+06,3.61194e+06,1.60118e+07,0,0,0,0
82.2022,85.139,2.14381,0.03,0,2.85198,2.85198,0,0.534232,4.47552,4.3624e+06,2.70226e+06,1.24415e+07,0,0,0,0,99.2675,98.274,3.28893,0,1,1.7669,1.7669,0,1.36452,2.1168,9.06595e+06,3.61194e+06,1.60187e+07,0,0,0,0
81.8666,85.139,2.633,0.03,0,2.85321,2.85321,0,0.534462,4.47552,4.3624e+06,2.70226e+06,1.24468e+07,0,0,0,0,99.3022,98.274,6.14413,0,1,1.76766,1.76766,0,1.36511,2.1168,9.06595e+06,3.61194e+06,1.60255e+07,0,0,0,0
81.2863,85.139,2.30559,0.03,0,2.76734,2.76734,0,0.534691,4.47552,4.3624e+06,2.70226e+06,1.20723e+07,0,0,0,0,99.3022,98.274,6.32324,0,1,1.68334,1.68334,0,1.3657,2.1168,9.06595e+06,3.61194e+06,1.5261e+07,0,0,0,0
81.7159,85.139,3.3287,0.03,0,2.73759,2.76853,0,0.5186,4.47552,4.3624e+06,2.70226e+06,1.19425e+07,0,0,0,0,99.3022,98.274,7.4451,0,1,1.715,1.68406,0,1.30055,2.1168,9.06595e+06,3.61194e+06,1.55481e+07,0,0,0,0
83.3226,85.139,4.65866,0.03,0,2.7395,2.76972,0,0.513024,4.47552,4.3624e+06,2.70226e+06,1.19508e+07,0,0,0,0,99.3022,98.274,12.3494,0,1,1.715,1.68478,0,1.32501,2.1168,9.06595e+06,3.61194e+06,1.55481e+07,0,0,0,0
84.2823,85.139,4.09686,0.03,0,2.74141,2.77091,0,0.513382,4.47552,4.3624e+06,2.70226e+06,1.19591e+07,0,0,0,0,99.3022,98.274,8.81425,0,1,1.715,1.68551,0,1.32501,2.1168,9.06595e+06,3.61194e+06,1.55481e+07,0,0,0,0
85.139,85.139,5.87719,0.03,0,2.67172,2.70049,0,0.513741,4.47552,4.3624e+06,2.70226e+06,1.16551e+07,0,0,0,0,99.3022,98.274,10.296,0,1,1.63742,1.60865,0,1.32501,2.1168,9.06595e+06,3.61194e+06,1.48448e+07,0,0,0,0
85.139,85.139,5.34482,0.02,0,2.59602,2.70165,0,0.50068,4.47552,4.3624e+06,2.70226e+06,1.13249e+07,0,0,0,0,99.3022,98.274,6.22093,0,1,1.71497,1.60934,0,1.26507,2.1168,9.06595e+06,3.61194e+06,1.55478e+07,0,0,0,0
85.139,85.139,3.65616,0.03,0,2.59787,2.70281,0,0.486494,4.47552,4.3624e+06,2.70226e+06,1.13329e+07,0,0,0,0,99.3022,98.274,5.08942,0,1,1.71497,1.61003,0,1.32499,2.1168,9.06595e+06,3.61194e+06,1.55478e+07,0,0,0,0
85.139,85.139,5.52804,0.03,0,2.59972,2.70397,0,0.486841,4.47552,4.3624e+06,2.70226e+06,1.1341e+07,0,0,0,0,99.3022,98.274,7.27598,0,1,1.71497,1.61072,0,1.32499,2.1168,9.06595e+06,3.61194e+06,1.55478e+07,0,0,0,0
85.139,85.139,6.30061,0.04,0,2.39784,2.5014,0,0.487187,4.47552,4.3624e+06,2.70226e+06,1.04604e+07,0,0,0,0,99.3022,98.274,7.99755,0,1,1.55311,1.44955,0,1.32499,2.1168,9.06595e+06,3.61194e+06,1.40804e+07,0,0,0,0
85.139,85.139,10.9555,0.04,0,2.23775,2.50248,0,0.449356,4.47552,4.3624e+06,2.70226e+06,9.76195e+06,0,0,0,0,99.3022,98.274,15.465,0,1,1.7149,1.45017,0,1.19993,2.1168,9.06595e+06,3.61194e+06,1.55472e+07,0,0,0,0
85.139,85.139,8.14215,0.04,0,2.23944,2.50355,0,0.419354,4.47552,4.3624e+06,2.70226e+06,9.76934e+06,0,0,0,0,99.3022,98.274,10.2174,0,1,1.7149,1.45079,0,1.32493,2.1168,9.06595e+06,3.61194e+06,1.55472e+07,0,0,0,0
85.139,85.139,9.13706,0.05,0,2.24114,2.50462,0,0.419672,4.47552,4.3624e+06,2.70226e+06,9.77674e+06,0,0,0,0,99.3022,98.274,10.2547,0,1,1.7149,1.45142,0,1.32493,2.1168,9.06595e+06,3.61194e+06,1.55472e+07,0,0,0,0
85.139,85.139,7.89252,0.05,0,2.24284,2.5057,0,0.419989,4.47552,4.3624e+06,2.70226e+06,9.78414e+06,0,0,0,0,99.3022,98.274,8.84458,0,1,1.7149,1.45204,0,1.32493,2.1168,9.06595e+06,3.61194e+06,1.55472e+07,0,0,0,0
85.139,85.139,4.3593,0.05,0,2.32304,2.58528,0,0.420307,4.47552,4.3624e+06,2.70226e+06,1.0134e+07,0,0,0,0,99.3022,98.274,5.7814,0,1,1.76186,1.49962,0,1.32493,2.1168,9.06595e+06,3.61194e+06,1.59729e+07,0,0,0,0
85.139,85.139,5.05672,0.06,0,2.37169,2.58635,0,0.435337,4.47552,4.3624e+06,2.70226e+06,1.03462e+07,0,0,0,0,99.3022,98.274,6.48791,0,1,1.7149,1.50024,0,1.36121,2.1168,9.06595e+06,3.61194e+06,1.55472e+07,0,0,0,0
85.139,85.139,6.4944,0.06,0,2.37338,2.58742,0,0.444454,4.47552,4.3624e+06,2.70226e+06,1.03536e+07,0,0,0,0,99.3022,98.274,8.09666,0,1,1.7149,1.50086,0,1.32493,2.1168,9.06595e+06,3.61194e+06,1.55472e+07,0,0,0,0
85.139,85.139,11.3908,0.06,0,2.37507,2.58849,0,0.444771,4.47552,4.3624e+06,2.70226e+06,1.0361e+07,0,0,0,0,99.3022,98.274,12.8225,0,1,1.7149,1.50148,0,1.32493,2.1168,9.06595e+06,3.61194e+06,1.55472e+07,0,0,0,0
85.139,85.139,10.2467,0.06,0,2.62935,2.84215,0,0.445089,4.47552,4.3624e+06,2.70226e+06,1.14703e+07,0,0,0,0,99.3022,98.274,9.38854,0,1,1.89152,1.67872,0,1.32493,2.1168,9.06595e+06,3.61194e+06,1.71484e+07,0,0,0,0
85.139,85.139,6.76268,0.06,0,2.80776,2.84332,0,0.49274,4.47552,4.3624e+06,2.70226e+06,1.22486e+07,0,0,0,0,99.3022,98.274,10.5092,0,1,1.71498,1.67942,0,1.46139,2.1168,9.06595e+06,3.61194e+06,1.55479e+07,0,0,0,0
85.139,85.139,8.41225,0.06,0,2.80964,2.8445,0,0.526175,4.47552,4.3624e+06,2.70226e+06,1.22568e+07,0,0,0,0,99.3022,98.274,12.0102,0,1,1.71498,1.68011,0,1.32499,2.1168,9.06595e+06,3.61194e+06,1.55479e+07,0,0,0,0
85.139,85.139,7.45946,0.06,0,2.81151,2.84568,0,0.526526,4.47552,4.3624e+06,2.70226e+06,1.22649e+07,0,0,0,0,99.3022,98.274,11.1026,0,1,1.71498,1.68081,0,1.32499,2.1168,9.06595e+06,3.61194e+06,1.55479e+07,0,0,0,0
85.139,85.139,7.26638,0.06,0,2.45253,2.486,0,0.526877,4.47552,4.3624e+06,2.70226e+06,1.06989e+07,0,0,0,0,99.3022,98.274,10.6759,0,1,1.47756,1.44409,0,1.32499,2.1168,9.06595e+06,3.61194e+06,1.33955e+07,0,0,0,0
85.139,85.139,11.0643,0.06,0,2.21684,2.48703,0,0.459604,4.47552,4.3624e+06,2.70226e+06,9.67074e+06,0,0,0,0,99.3022,98.274,14.2607,0,1,1.71488,1.44469,0,1.14157,2.1168,9.06595e+06,3.61194e+06,1.5547e+07,0,0,0,0
85.139,85.139,9.78961,0.06,0,2.21847,2.48806,0,0.415436,4.47552,4.3624e+06,2.70226e+06,9.67784e+06,0,0,0,0,99.3022,98.274,10.9836,0,1,1.71488,1.44529,0,1.32491,2.1168,9.06595e+06,3.61194e+06,1.5547e+07,0,0,0,0
85.139,85.139,10.1651,0.06,0,2.22009,2.48909,0,0.415741,4.47552,4.3624e+06,2.70226e+06,9.68494e+06,0,0,0,0,99.3022,98.274,11.2409,0,1,1.71488,1.44588,0,1.32491,2.1168,9.06595e+06,3.61194e+06,1.5547e+07,0,0,0,0
85.139,85.139,9.39999,0.06,0,2.22172,2.49012,0,0.416046,4.47552,4.3624e+06,2.70226e+06,9.69204e+06,0,0,0,0,99.3022,98.274,10.4751,0,1,1.71488,1.44648,0,1.32491,2.1168,9.06595e+06,3.61194e+06,1.5547e+07,0,0,0,0
85.139,85.139,8.43275,0.06,0,2.31437,2.58217,0,0.416351,4.47552,4.3624e+06,2.70226e+06,1.00962e+07,0,0,0,0,99.3022,98.274,16.7707,0,1,1.77308,1.50528,0,1.32491,2.1168,9.06595e+06,3.61194e+06,1.60746e+07,0,0,0,0
85.139,85.139,9.25,0.06,0,2.37424,2.58324,0,0.433713,4.47552,4.3624e+06,2.70226e+06,1.03574e+07,0,0,0,0,99.3022,98.274,19.9664,0,1,1.7149,1.5059,0,1.36988,2.1168,9.06595e+06,3.61194e+06,1.55472e+07,0,0,0,0
85.139,85.139,7.69414,0.06,0,2.37593,2.58431,0,0.444932,4.47552,4.3624e+06,2.70226e+06,1.03648e+07,0,0,0,0,99.3022,98.274,15.2749,0,1,1.7149,1.50653,0,1.32493,2.1168,9.06595e+06,3.61194e+06,1.55472e+07,0,0,0,0
85.139,85.139,6.44193,0.06,0,2.37762,2.58538,0,0.445249,4.47552,4.3624e+06,2.70226e+06,1.03721e+07,0,0,0,0,99.3022,98.274,14.0584,0,1,1.7149,1.50715,0,1.32493,2.1168,9.06595e+06,3.61194e+06,1.55472e+07,0,0,0,0
85.139,85.139,5.91364,0.06,0,2.34367,2.5508,0,0.445566,4.47552,4.3624e+06,2.70226e+06,1.0224e+07,0,0,0,0,99.3022,98.274,11.4379,0,1,1.69226,1.48513,0,1.32493,2.1168,9.06595e+06,3.61194e+06,1.5342e+07,0,0,0,0
85.139,85.139,5.45461,0.05,0,2.3227,2.55185,0,0.439203,4.47552,4.3624e+06,2.70226e+06,1.01325e+07,0,0,0,0,99.3022,98.274,9.62924,0,1,1.71489,1.48574,0,1.30744,2.1168,9.06595e+06,3.61194e+06,1.55471e+07,0,0,0,0
85.139,85.139,5.15509,0.05,0,2.32437,2.55291,0,0.435274,4.47552,4.3624e+06,2.70226e+06,1.01398e+07,0,0,0,0,99.3022,98.274,9.04978,0,1,1.71489,1.48636,0,1.32493,2.1168,9.06595e+06,3.61194e+06,1.55471e+07,0,0,0,0
85.139,85.139,4.79506,0.05,0,2.32604,2.55396,0,0.435587,4.47552,4.3624e+06,2.70226e+06,1.01471e+07,0,0,0,0,99.3022,98.274,8.90075,0,1,1.71489,1.48697,0,1.32493,2.1168,9.06595e+06,3.61194e+06,1.55471e+07,0,0,0,0
85.139,85.139,4.62845,0.05,0,2.44891,2.67622,0,0.435899,4.47552,4.3624e+06,2.70226e+06,1.06831e+07,0,0,0,0,99.3022,98.274,8.41711,0,1,1.79532,1.56801,0,1.32493,2.1168,9.06595e+06,3.61194e+06,1.62763e+07,0,0,0,0
85.139,85.139,4.2246,0.04,0,2.53106,2.67732,0,0.458926,4.47552,4.3624e+06,2.70226e+06,1.10415e+07,0,0,0,0,99.3022,98.274,7.27702,0,1,1.71493,1.56866,0,1.38706,2.1168,9.06595e+06,3.61194e+06,1.55475e+07,0,0,0,0
85.139,85.139,3.46044,0.04,0,2.53281,2.67843,0,0.47432,4.47552,4.3624e+06,2.70226e+06,1.10491e+07,0,0,0,0,99.3022,98.274,6.9611,0,1,1.71493,1.56931,0,1.32495,2.1168,9.06595e+06,3.61194e+06,1.55475e+07,0,0,0,0
85.139,85.139,3.52809,0.03,0,2.53456,2.67953,0,0.474648,4.47552,4.3624e+06,2.70226e+06,1.10568e+07,0,0,0,0,99.3022,98.274,5.9658,0,1,1.71493,1.56996,0,1.32495,2.1168,9.06595e+06,3.61194e+06,1.55475e+07,0,0,0,0
85.139,85.139,3.0247,0.02,0,2.53632,2.68064,0,0.474977,4.47552,4.3624e+06,2.70226e+06,1.10644e+07,0,0,0,0,99.3022,98.274,5.15888,0,1,1.71493,1.5706,0,1.32495,2.1168,9.06595e+06,3.61194e+06,1.55475e+07,0,0,0,0
85.139,85.139,4.3383,0.02,0,2.51405,2.65773,0,0.475306,4.47552,4.3624e+06,2.70226e+06,1.09673e+07,0,0,0,0,99.3022,98.274,4.67322,0,1,1.75922,1.61555,0,1.32495,2.1168,9.06595e+06,3.61194e+06,1.5949e+07,0,0,0,0
85.139,85.139,4.48257,0.02,0,2.56009,2.65882,0,0.471133,4.47552,4.3624e+06,2.70226e+06,1.11681e+07,0,0,0,0,99.3022,98.274,4.85225,0,1,1.71495,1.61621,0,1.35918,2.1168,9.06595e+06,3.61194e+06,1.55476e+07,0,0,0,0
85.139,85.139,4.33243,0.03,0,2.56186,2.65992,0,0.479761,4.47552,4.3624e+06,2.70226e+06,1.11758e+07,0,0,0,0,99.3022,98.274,4.76344,0,1,1.71495,1.61688,0,1.32497,2.1168,9.06595e+06,3.61194e+06,1.55476e+07,0,0,0,0
85.139,85.139,3.95372,0.03,0,2.56362,2.66102,0,0.480092,4.47552,4.3624e+06,2.70226e+06,1.11835e+07,0,0,0,0,99.3022,98.274,4.67968,0,1,1.71495,1.61755,0,1.32497,2.1168,9.06595e+06,3.61194e+06,1.55476e+07,0,0,0,0
85.139,85.139,3.785,0.03,0,2.62751,2.72425,0,0.480422,4.47552,4.3624e+06,2.70226e+06,1.14623e+07,0,0,0,0,99.3022,98.274,4.38896,0,1,1.75449,1.65776,0,1.32497,2.1168,9.06595e+06,3.61194e+06,1.59061e+07,0,0,0,0
85.139,85.139,3.67976,0.03,0,2.66885,2.72537,0,0.492396,4.47552,4.3624e+06,2.70226e+06,1.16426e+07,0,0,0,0,99.3022,98.274,4.04339,0,1,1.71496,1.65844,0,1.35552,2.1168,9.06595e+06,3.61194e+06,1.55478e+07,0,0,0,0
85.139,85.139,3.31769,0.03,0,2.67065,2.72649,0,0.500142,4.47552,4.3624e+06,2.70226e+06,1.16505e+07,0,0,0,0,99.3022,98.274,3.90625,0,1,1.71496,1.65912,0,1.32498,2.1168,9.06595e+06,3.61194e+06,1.55478e+07,0,0,0,0
85.139,85.139,3.02426,0.03,0,2.67246,2.72762,0,0.50048,4.47552,4.3624e+06,2.70226e+06,1.16583e+07,0,0,0,0,99.3022,98.274,3.58542,0,1,1.71496,1.65981,0,1.32498,2.1168,9.06595e+06,3.61194e+06,1.55478e+07,0,0,0,0
84.7448,85.139,2.63124,0.03,0,2.85651,2.91098,0,0.500819,4.47552,4.3624e+06,2.70226e+06,1.24612e+07,0,0,0,0,99.2153,98.274,3.55811,0,1,1.85793,1.80345,0,1.32498,2.1168,9.06595e+06,3.61194e+06,1.68439e+07,0,0,0,0
84.0917,85.139,2.40278,0.04,0,2.91218,2.91218,0,0.53531,4.47552,4.3624e+06,2.70226e+06,1.27041e+07,0,0,0,0,98.8979,98.274,2.65253,0,1,1.8042,1.8042,0,1.43543,2.1168,9.06595e+06,3.61194e+06,1.63568e+07,0,0,0,0
83.6649,85.139,2.65805,0.04,0,2.91338,2.91338,0,0.545743,4.47552,4.3624e+06,2.70226e+06,1.27093e+07,0,0,0,0,98.6932,98.274,3.26817,0,1,1.80494,1.80494,0,1.39392,2.1168,9.06595e+06,3.61194e+06,1.63635e+07,0,0,0,0
82.7453,85.139,2.16039,0.04,0,2.91458,2.91458,0,0.545968,4.47552,4.3624e+06,2.70226e+06,1.27146e+07,0,0,0,0,98.3268,98.274,2.3045,0,1,1.80568,1.80568,0,1.3945,2.1168,9.06595e+06,3.61194e+06,1.63703e+07,0,0,0,0
82.326,85.139,2.64381,0.04,0,2.91578,2.91578,0,0.546192,4.47552,4.3624e+06,2.70226e+06,1.27198e+07,0,0,0,0,98.2625,98.274,4.23448,0,1,1.80643,1.80643,0,1.39507,2.1168,9.06595e+06,3.61194e+06,1.6377e+07,0,0,0,0
82.445,85.139,3.15948,0.04,0,2.82798,2.82798,0,0.546417,4.47552,4.3624e+06,2.70226e+06,1.23368e+07,0,0,0,0,98.4099,98.274,4.4546,0,1,1.72022,1.72022,0,1.39565,2.1168,9.06595e+06,3.61194e+06,1.55954e+07,0,0,0,0
81.0084,85.139,1.61254,0.04,0,2.82915,2.82915,0,0.529964,4.47552,4.3624e+06,2.70226e+06,1.23419e+07,0,0,0,0,98.2268,98.274,2.61826,0,1,1.72093,1.72093,0,1.32904,2.1168,9.06595e+06,3.61194e+06,1.56019e+07,0,0,0,0
79.6216,85.139,1.59796,0.04,0,2.83031,2.83031,0,0.530182,4.47552,4.3624e+06,2.70226e+06,1.23469e+07,0,0,0,0,98.0882,98.274,2.34237,0,1,1.72164,1.72164,0,1.32959,2.1168,9.06595e+06,3.61194e+06,1.56083e+07,0,0,0,0
80.8157,85.139,4.34282,0.04,0,2.83148,2.83148,0,0.5304,4.47552,4.3624e+06,2.70226e+06,1.2352e+07,0,0,0,0,98.4147,98.274,5.77219,0,1,1.72235,1.72235,0,1.33014,2.1168,9.06595e+06,3.61194e+06,1.56147e+07,0,0,0,0
80.1823,85.139,2.55343,0.05,0,2.75947,2.75947,0,0.530619,4.47552,4.3624e+06,2.70226e+06,1.20379e+07,0,0,0,0,98.4567,98.274,2.91894,0,1,1.64378,1.64378,0,1.33068,2.1168,9.06595e+06,3.61194e+06,1.49024e+07,0,0,0,0
77.9999,85.139,0.868119,0.04,0,2.6901,2.7606,0,0.517124,4.47552,4.3624e+06,2.70226e+06,1.17353e+07,0,0,0,0,98.2962,98.274,2.1513,0,1,1.71496,1.64445,0,1.26998,2.1168,9.06595e+06,3.61194e+06,1.55477e+07,0,0,0,0
76.5875,85.139,1.58325,0.06,0,2.69191,2.76174,0,0.504125,4.47552,4.3624e+06,2.70226e+06,1.17432e+07,0,0,0,0,98.312,98.274,2.9029,0,1,1.71496,1.64513,0,1.32498,2.1168,9.06595e+06,3.61194e+06,1.55477e+07,0,0,0,0
78.0464,85.139,4.67784,0.07,0,2.69372,2.76287,0,0.504464,4.47552,4.3624e+06,2.70226e+06,1.17511e+07,0,0,0,0,98.8795,98.274,4.94914,0,1,1.71496,1.64581,0,1.32498,2.1168,9.06595e+06,3.61194e+06,1.55477e+07,0,0,0,0
77.5282,85.139,2.43304,0.07,0,2.48738,2.55585,0,0.504804,4.47552,4.3624e+06,2.70226e+06,1.08509e+07,0,0,0,0,99.1671,98.274,3.46141,0,1,1.54957,1.4811,0,1.32498,2.1168,9.06595e+06,3.61194e+06,1.40484e+07,0,0,0,0
76.8743,85.139,2.09295,0.07,0,2.32372,2.5569,0,0.466134,4.47552,4.3624e+06,2.70226e+06,1.0137e+07,0,0,0,0,98.8153,98.274,1.85213,0,1,1.71489,1.48171,0,1.1972,2.1168,9.06595e+06,3.61194e+06,1.55471e+07,0,0,0,0
77.5562,85.139,3.63894,0.07,0,2.32538,2.55795,0,0.435465,4.47552,4.3624e+06,2.70226e+06,1.01442e+07,0,0,0,0,98.8964,98.274,4.26771,0,1,1.71489,1.48232,0,1.32492,2.1168,9.06595e+06,3.61194e+06,1.55471e+07,0,0,0,0
78.6912,85.139,4.12,0.08,0,2.32704,2.559,0,0.435776,4.47552,4.3624e+06,2.70226e+06,1.01515e+07,0,0,0,0,98.8402,98.274,3.67661,0,1,1.71489,1.48293,0,1.32492,2.1168,9.06595e+06,3.61194e+06,1.55471e+07,0,0,0,0
80.3855,85.139,4.55427,0.09,0,2.3287,2.56005,0,0.436087,4.47552,4.3624e+06,2.70226e+06,1.01587e+07,0,0,0,0,98.5386,98.274,2.55165,0,1,1.71489,1.48354,0,1.32492,2.1168,9.06595e+06,3.61194e+06,1.55471e+07,0,0,0,0
81.0313,85.139,3.58622,0.04,0,2.41057,2.64131,0,0.436399,4.47552,4.3624e+06,2.70226e+06,1.05159e+07,0,0,0,0,99.3022,98.274,5.28852,0,1,1.76286,1.53212,0,1.32492,2.1168,9.06595e+06,3.61194e+06,1.5982e+07,0,0,0,0
81.8614,85.139,4.02734,0.06,0,2.4602,2.64236,0,0.451741,4.47552,4.3624e+06,2.70226e+06,1.07324e+07,0,0,0,0,99.3022,98.274,5.78404,0,1,1.71489,1.53273,0,1.36199,2.1168,9.06595e+06,3.61194e+06,1.55471e+07,0,0,0,0
81.9369,85.139,3.0771,0.06,0,2.46185,2.64341,0,0.461041,4.47552,4.3624e+06,2.70226e+06,1.07396e+07,0,0,0,0,99.3022,98.274,4.86046,0,1,1.71489,1.53333,0,1.32492,2.1168,9.06595e+06,3.61194e+06,1.55471e+07,0,0,0,0
81.4863,85.139,2.49435,0.06,0,2.46351,2.64445,0,0.461351,4.47552,4.3624e+06,2.70226e+06,1.07468e+07,0,0,0,0,99.3022,98.274,4.23388,0,1,1.71489,1.53394,0,1.32492,2.1168,9.06595e+06,3.61194e+06,1.55471e+07,0,0,0,0
80.7032,85.139,2.42702,0.06,0,2.7232,2.90354,0,0.461662,4.47552,4.3624e+06,2.70226e+06,1.18797e+07,0,0,0,0,99.3022,98.274,4.1786,0,1,1.89532,1.71498,0,1.32492,2.1168,9.06595e+06,3.61194e+06,1.71829e+07,0,0,0,0
79.5464,85.139,2.14323,0.05,0,2.90469,2.90469,0,0.510328,4.47552,4.3624e+06,2.70226e+06,1.26714e+07,0,0,0,0,99.3022,98.274,3.88107,0,1,1.71566,1.71566,0,1.46432,2.1168,9.06595e+06,3.61194e+06,1.55541e+07,0,0,0,0
78.3066,85.139,2.03521,0.06,0,2.90584,2.90584,0,0.544339,4.47552,4.3624e+06,2.70226e+06,1.26764e+07,0,0,0,0,99.3022,98.274,4.0615,0,1,1.71634,1.71634,0,1.32552,2.1168,9.06595e+06,3.61194e+06,1.55603e+07,0,0,0,0
77.5279,85.139,2.50804,0.1,0,2.90699,2.90699,0,0.544555,4.47552,4.3624e+06,2.70226e+06,1.26815e+07,0,0,0,0,99.3022,98.274,5.20627,0,1,1.71702,1.71702,0,1.32605,2.1168,9.06595e+06,3.61194e+06,1.55664e+07,0,0,0,0
77.6267,85.139,3.1259,0.1,0,2.53952,2.53952,0,0.54477,4.47552,4.3624e+06,2.70226e+06,1.10784e+07,0,0,0,0,99.3022,98.274,5.204,0,1,1.47518,1.47518,0,1.32657,2.1168,9.06595e+06,3.61194e+06,1.33739e+07,0,0,0,0
79.113,85.139,4.30708,0.1,0,2.30142,2.54052,0,0.475906,4.47552,4.3624e+06,2.70226e+06,1.00397e+07,0,0,0,0,99.3022,98.274,5.7818,0,1,1.71486,1.47576,0,1.13972,2.1168,9.06595e+06,3.61194e+06,1.55469e+07,0,0,0,0
81.9151,85.139,5.8574,0.11,0,2.30301,2.54153,0,0.431286,4.47552,4.3624e+06,2.70226e+06,1.00467e+07,0,0,0,0,99.3022,98.274,9.72805,0,1,1.71486,1.47635,0,1.3249,2.1168,9.06595e+06,3.61194e+06,1.55469e+07,0,0,0,0
83.193,85.139,4.13327,0.08,0,2.3046,2.54254,0,0.431585,4.47552,4.3624e+06,2.70226e+06,1.00536e+07,0,0,0,0,99.3022,98.274,5.69451,0,1,1.71486,1.47693,0,1.3249,2.1168,9.06595e+06,3.61194e+06,1.55469e+07,0,0,0,0
85.0887,85.139,4.84174,0.08,0,2.30619,2.54354,0,0.431883,4.47552,4.3624e+06,2.70226e+06,1.00605e+07,0,0,0,0,99.3022,98.274,8.72831,0,1,1.71486,1.47752,0,1.3249,2.1168,9.06595e+06,3.61194e+06,1.55469e+07,0,0,0,0
85.139,85.139,6.04586,0.09,0,2.40076,2.63752,0,0.432181,4.47552,4.3624e+06,2.70226e+06,1.04731e+07,0,0,0,0,99.3022,98.274,11.5388,0,1,1.77431,1.53755,0,1.3249,2.1168,9.06595e+06,3.61194e+06,1.60858e+07,0,0,0,0
85.139,85.139,3.91861,0.06,0,2.46183,2.63857,0,0.449902,4.47552,4.3624e+06,2.70226e+06,1.07395e+07,0,0,0,0,99.3022,98.274,8.48167,0,1,1.71489,1.53816,0,1.37083,2.1168,9.06595e+06,3.61194e+06,1.55471e+07,0,0,0,0
85.139,85.139,3.15948,0.06,0,2.46349,2.63961,0,0.461348,4.47552,4.3624e+06,2.70226e+06,1.07467e+07,0,0,0,0,99.3022,98.274,7.08062,0,1,1.71489,1.53877,0,1.32492,2.1168,9.06595e+06,3.61194e+06,1.55471e+07,0,0,0,0
85.139,85.139,3.24752,0.07,0,2.46514,2.64065,0,0.461658,4.47552,4.3624e+06,2.70226e+06,1.07539e+07,0,0,0,0,99.3022,98.274,8.22964,0,1,1.71489,1.53937,0,1.32492,2.1168,9.06595e+06,3.61194e+06,1.55471e+07,0,0,0,0
85.139,85.139,3.52345,0.07,0,2.43038,2.60529,0,0.461967,4.47552,4.3624e+06,2.70226e+06,1.06023e+07,0,0,0,0,99.3022,98.274,8.24875,0,1,1.69176,1.51686,0,1.32492,2.1168,9.06595e+06,3.61194e+06,1.53374e+07,0,0,0,0
84.8342,85.139,2.51175,0.07,0,2.4089,2.60632,0,0.455454,4.47552,4.3624e+06,2.70226e+06,1.05086e+07,0,0,0,0,99.3022,98.274,4.16942,0,1,1.71488,1.51746,0,1.30706,2.1168,9.06595e+06,3.61194e+06,1.5547e+07,0,0,0,0
84.3362,85.139,2.2588,0.1,0,2.41053,2.60735,0,0.451428,4.47552,4.3624e+06,2.70226e+06,1.05157e+07,0,0,0,0,99.3022,98.274,3.6822,0,1,1.71488,1.51806,0,1.32492,2.1168,9.06595e+06,3.61194e+06,1.5547e+07,0,0,0,0
83.805,85.139,2.17588,0.09,0,2.41216,2.60838,0,0.451733,4.47552,4.3624e+06,2.70226e+06,1.05228e+07,0,0,0,0,99.3022,98.274,3.85114,0,1,1.71488,1.51866,0,1.32492,2.1168,9.06595e+06,3.61194e+06,1.5547e+07,0,0,0,0
83.0208,85.139,2.0136,0.09,0,2.53757,2.7332,0,0.452039,4.47552,4.3624e+06,2.70226e+06,1.10699e+07,0,0,0,0,99.3022,98.274,3.61629,0,1,1.79702,1.6014,0,1.32492,2.1168,9.06595e+06,3.61194e+06,1.62917e+07,0,0,0,0
82.1144,85.139,1.93987,0.09,0,2.62139,2.73428,0,0.475541,4.47552,4.3624e+06,2.70226e+06,1.14356e+07,0,0,0,0,99.3022,98.274,3.17921,0,1,1.71491,1.60203,0,1.38838,2.1168,9.06595e+06,3.61194e+06,1.55473e+07,0,0,0,0
81.1197,85.139,1.83615,0.09,0,2.62311,2.73536,0,0.491249,4.47552,4.3624e+06,2.70226e+06,1.1443e+07,0,0,0,0,99.3022,98.274,2.87674,0,1,1.71491,1.60266,0,1.32494,2.1168,9.06595e+06,3.61194e+06,1.55473e+07,0,0,0,0
80.0032,85.139,1.66178,0.08,0,2.62482,2.73644,0,0.49157,4.47552,4.3624e+06,2.70226e+06,1.14505e+07,0,0,0,0,99.3022,98.274,2.77175,0,1,1.71491,1.6033,0,1.32494,2.1168,9.06595e+06,3.61194e+06,1.55473e+07,0,0,0,0
78.8198,85.139,1.57257,0.07,0,2.62653,2.73752,0,0.491891,4.47552,4.3624e+06,2.70226e+06,1.1458e+07,0,0,0,0,99.2121,98.274,2.62895,0,1,1.71491,1.60393,0,1.32494,2.1168,9.06595e+06,3.61194e+06,1.55473e+07,0,0,0,0
77.2717,85.139,1.18266,0.09,0,2.60372,2.71407,0,0.492213,4.47552,4.3624e+06,2.70226e+06,1.13585e+07,0,0,0,0,99.2676,98.274,2.34853,0,1,1.76015,1.6498,0,1.32494,2.1168,9.06595e+06,3.61194e+06,1.59574e+07,0,0,0,0
75.5047,85.139,0.99189,0.08,0,2.65066,2.71514,0,0.487937,4.47552,4.3624e+06,2.70226e+06,1.15632e+07,0,0,0,0,99.0852,98.274,2.27255,0,1,1.71493,1.65045,0,1.35989,2.1168,9.06595e+06,3.61194e+06,1.55475e+07,0,0,0,0
73.6693,85.139,0.908514,0.06,0,2.65238,2.71622,0,0.496734,4.47552,4.3624e+06,2.70226e+06,1.15708e+07,0,0,0,0,99.0421,98.274,2.02803,0,1,1.71493,1.6511,0,1.32496,2.1168,9.06595e+06,3.61194e+06,1.55475e+07,0,0,0,0
71.7952,85.139,0.833701,0.11,0,2.65411,2.71729,0,0.497057,4.47552,4.3624e+06,2.70226e+06,1.15783e+07,0,0,0,0,98.9406,98.274,1.97971,0,1,1.71493,1.65175,0,1.32496,2.1168,9.06595e+06,3.61194e+06,1.55475e+07,0,0,0,0
69.8584,85.139,0.795768,0.1,0,2.71927,2.7818,0,0.49738,4.47552,4.3624e+06,2.70226e+06,1.18626e+07,0,0,0,0,98.7622,98.274,1.97643,0,1,1.75531,1.69278,0,1.32496,2.1168,9.06595e+06,3.61194e+06,1.59136e+07,0,0,0,0
67.852,85.139,0.755586,0.09,0,2.7614,2.7829,0,0.509592,4.47552,4.3624e+06,2.70226e+06,1.20463e+07,0,0,0,0,98.4384,98.274,2.00277,0,1,1.71495,1.69345,0,1.35615,2.1168,9.06595e+06,3.61194e+06,1.55476e+07,0,0,0,0
65.7989,85.139,0.687973,0.14,0,2.76317,2.784,0,0.517487,4.47552,4.3624e+06,2.70226e+06,1.2054e+07,0,0,0,0,98.4398,98.274,1.78204,0,1,1.71495,1.69412,0,1.32497,2.1168,9.06595e+06,3.61194e+06,1.55476e+07,0,0,0,0
63.8827,85.139,0.800252,0.13,0,2.76493,2.7851,0,0.517818,4.47552,4.3624e+06,2.70226e+06,1.20617e+07,0,0,0,0,98.4973,98.274,2.4677,0,1,1.71495,1.69479,0,1.32497,2.1168,9.06595e+06,3.61194e+06,1.55476e+07,0,0,0,0
61.8576,85.139,0.821187,0.14,0,2.95278,2.97227,0,0.518149,4.47552,4.3624e+06,2.70226e+06,1.28812e+07,0,0,0,0,98.482,98.274,2.47551,0,1,1.86092,1.84143,0,1.32497,2.1168,9.06595e+06,3.61194e+06,1.6871e+07,0,0,0,0
59.6995,85.139,0.690007,0.2,0,2.97344,2.97344,0,0.553351,4.47552,4.3624e+06,2.70226e+06,1.29714e+07,0,0,0,0,98.2958,98.274,2.17085,0,1,1.84215,1.84215,0,1.43775,2.1168,9.06595e+06,3.61194e+06,1.67009e+07,0,0,0,0
57.6055,85.139,0.735548,0.19,0,2.97462,2.97462,0,0.557224,4.47552,4.3624e+06,2.70226e+06,1.29765e+07,0,0,0,0,98.0151,98.274,2.43853,0,1,1.84288,1.84288,0,1.42325,2.1168,9.06595e+06,3.61194e+06,1.67075e+07,0,0,0,0
55.3953,85.139,0.600905,0.18,0,2.97579,2.97579,0,0.557443,4.47552,4.3624e+06,2.70226e+06,1.29816e+07,0,0,0,0,97.757,98.274,1.84592,0,1,1.84361,1.84361,0,1.42381,2.1168,9.06595e+06,3.61194e+06,1.6714e+07,0,0,0,0
53.3282,85.139,0.708477,0.22,0,2.97696,2.97696,0,0.557663,4.47552,4.3624e+06,2.70226e+06,1.29867e+07,0,0,0,0,97.7668,98.274,2.98426,0,1,1.84433,1.84433,0,1.42437,2.1168,9.06595e+06,3.61194e+06,1.67206e+07,0,0,0,0
51.4809,85.139,0.830751,0.21,0,2.88727,2.88727,0,0.557883,4.47552,4.3624e+06,2.70226e+06,1.25954e+07,0,0,0,0,98.3393,98.274,4.5384,0,1,1.75629,1.75629,0,1.42493,2.1168,9.06595e+06,3.61194e+06,1.59224e+07,0,0,0,0
49.7261,85.139,0.897098,0.21,0,2.88841,2.88841,0,0.541074,4.47552,4.3624e+06,2.70226e+06,1.26004e+07,0,0,0,0,98.4473,98.274,2.88471,0,1,1.75698,1.75698,0,1.35691,2.1168,9.06595e+06,3.61194e+06,1.59287e+07,0,0,0,0
47.9742,85.139,0.869651,0.22,0,2.88955,2.88955,0,0.541288,4.47552,4.3624e+06,2.70226e+06,1.26053e+07,0,0,0,0,98.4939,98.274,2.67112,0,1,1.75767,1.75767,0,1.35744,2.1168,9.06595e+06,3.61194e+06,1.5935e+07,0,0,0,0
46.9868,85.139,1.78118,0.22,0,2.89068,2.89068,0,0.541501,4.47552,4.3624e+06,2.70226e+06,1.26103e+07,0,0,0,0,99.3022,98.274,4.75285,0,1,1.75836,1.75836,0,1.35798,2.1168,9.06595e+06,3.61194e+06,1.59412e+07,0,0,0,0
46.9279,85.139,2.65067,0.22,0,2.81712,2.81712,0,0.541714,4.47552,4.3624e+06,2.70226e+06,1.22894e+07,0,0,0,0,99.3022,98.274,4.65386,0,1,1.67812,1.67812,0,1.35851,2.1168,9.06595e+06,3.61194e+06,1.52138e+07,0,0,0,0
45.7012,85.139,1.38351,0.22,0,2.78207,2.81823,0,0.527928,4.47552,4.3624e+06,2.70226e+06,1.21365e+07,0,0,0,0,99.3022,98.274,3.15086,0,1,1.71494,1.67878,0,1.29652,2.1168,9.06595e+06,3.61194e+06,1.55476e+07,0,0,0,0
45.0546,85.139,2.04834,0.22,0,2.78384,2.81934,0,0.52136,4.47552,4.3624e+06,2.70226e+06,1.21442e+07,0,0,0,0,99.3022,98.274,3.86777,0,1,1.71494,1.67944,0,1.32496,2.1168,9.06595e+06,3.61194e+06,1.55476e+07,0,0,0,0
46.226,85.139,3.90742,0.24,0,2.78561,2.82045,0,0.521692,4.47552,4.3624e+06,2.70226e+06,1.21519e+07,0,0,0,0,99.3022,98.274,5.6945,0,1,1.71494,1.6801,0,1.32496,2.1168,9.06595e+06,3.61194e+06,1.55476e+07,0,0,0,0
47.2972,85.139,3.77906,0.21,0,2.57489,2.60906,0,0.522024,4.47552,4.3624e+06,2.70226e+06,1.12327e+07,0,0,0,0,99.3022,98.274,6.2505,0,1,1.54611,1.51194,0,1.32496,2.1168,9.06595e+06,3.61194e+06,1.4017e+07,0,0,0,0
48.2011,85.139,3.42035,0.2,0,2.40775,2.61009,0,0.482534,4.47552,4.3624e+06,2.70226e+06,1.05036e+07,0,0,0,0,99.3022,98.274,8.09155,0,1,1.71487,1.51253,0,1.19453,2.1168,9.06595e+06,3.61194e+06,1.5547e+07,0,0,0,0
48.8929,85.139,3.26427,0.21,0,2.40937,2.61112,0,0.451212,4.47552,4.3624e+06,2.70226e+06,1.05106e+07,0,0,0,0,99.3022,98.274,8.14396,0,1,1.71488,1.51313,0,1.32491,2.1168,9.06595e+06,3.61194e+06,1.5547e+07,0,0,0,0
50.8188,85.139,4.46785,0.21,0,2.41099,2.61214,0,0.451516,4.47552,4.3624e+06,2.70226e+06,1.05177e+07,0,0,0,0,99.3022,98.274,10.3378,0,1,1.71488,1.51372,0,1.32491,2.1168,9.06595e+06,3.61194e+06,1.5547e+07,0,0,0,0
52.4795,85.139,4.39444,0.21,0,2.41262,2.61317,0,0.45182,4.47552,4.3624e+06,2.70226e+06,1.05248e+07,0,0,0,0,99.3022,98.274,11.5383,0,1,1.71488,1.51432,0,1.32491,2.1168,9.06595e+06,3.61194e+06,1.5547e+07,0,0,0,0
60.9992,85.139,11.4401,0.21,0.02,2.49611,2.69607,0,0.452124,4.47552,4.3624e+06,2.70226e+06,1.0889e+07,0,0,0,0,99.3022,98.274,13.4043,0,1,1.76384,1.56388,0,1.32491,2.1168,9.06595e+06,3.61194e+06,1.59909e+07,0,0,0,0
64.4239,85.139,6.62296,0.2,0.02,2.54669,2.69709,0,0.46777,4.47552,4.3624e+06,2.70226e+06,1.11097e+07,0,0,0,0,99.3022,98.274,8.05163,0,1,1.71487,1.56447,0,1.36275,2.1168,9.06595e+06,3.61194e+06,1.5547e+07,0,0,0,0
66.093,85.139,4.58633,0.17,0.02,2.54831,2.69811,0,0.47725,4.47552,4.3624e+06,2.70226e+06,1.11167e+07,0,0,0,0,99.3022,98.274,6.4495,0,1,1.71487,1.56507,0,1.32491,2.1168,9.06595e+06,3.61194e+06,1.5547e+07,0,0,0,0
68.1041,85.139,4.97714,0.18,0.02,2.54992,2.69914,0,0.477553,4.47552,4.3624e+06,2.70226e+06,1.11238e+07,0,0,0,0,99.3022,98.274,7.75508,0,1,1.71487,1.56566,0,1.32491,2.1168,9.06595e+06,3.61194e+06,1.5547e+07,0,0,0,0
71.5816,85.139,6.75268,0.18,0.02,2.81491,2.96353,0,0.477856,4.47552,4.3624e+06,2.70226e+06,1.22797e+07,0,0,0,0,99.3022,98.274,8.52728,0,1,1.89903,1.75041,0,1.32491,2.1168,9.06595e+06,3.61194e+06,1.72165e+07,0,0,0,0
76.1041,85.139,8.26509,0.15,0.02,2.96465,2.96465,0,0.527514,4.47552,4.3624e+06,2.70226e+06,1.2933e+07,0,0,0,0,99.3022,98.274,10.716,0,1,1.75108,1.75108,0,1.46719,2.1168,9.06595e+06,3.61194e+06,1.58752e+07,0,0,0,0
77.7504,85.139,5.21624,0.12,0.02,2.96577,2.96577,0,0.555575,4.47552,4.3624e+06,2.70226e+06,1.29379e+07,0,0,0,0,99.3022,98.274,6.66526,0,1,1.75174,1.75174,0,1.35288,2.1168,9.06595e+06,3.61194e+06,1.58812e+07,0,0,0,0
80.1242,85.139,5.86931,0.12,0.02,2.9669,2.9669,0,0.555786,4.47552,4.3624e+06,2.70226e+06,1.29428e+07,0,0,0,0,99.3022,98.274,5.64533,0,1,1.7524,1.7524,0,1.35339,2.1168,9.06595e+06,3.61194e+06,1.58872e+07,0,0,0,0
80.8865,85.139,4.02015,0.07,0.02,2.5918,2.5918,0,0.555996,4.47552,4.3624e+06,2.70226e+06,1.13065e+07,0,0,0,0,99.3022,98.274,5.00339,0,1,1.50555,1.50555,0,1.35391,2.1168,9.06595e+06,3.61194e+06,1.36492e+07,0,0,0,0
84.8544,85.139,7.10541,0.07,0.02,2.38405,2.59279,0,0.485704,4.47552,4.3624e+06,2.70226e+06,1.04002e+07,0,0,0,0,99.3022,98.274,6.72716,0,1,1.71485,1.50612,0,1.16319,2.1168,9.06595e+06,3.61194e+06,1.55467e+07,0,0,0,0
85.139,85.139,5.81329,0.07,0.02,2.38561,2.59377,0,0.446772,4.47552,4.3624e+06,2.70226e+06,1.0407e+07,0,0,0,0,99.3022,98.274,4.40286,0,1,1.71485,1.50669,0,1.32489,2.1168,9.06595e+06,3.61194e+06,1.55468e+07,0,0,0,0
85.139,85.139,4.18471,0.04,0.02,2.38716,2.59475,0,0.447063,4.47552,4.3624e+06,2.70226e+06,1.04137e+07,0,0,0,0,99.3022,98.274,3.65663,0,1,1.71485,1.50726,0,1.32489,2.1168,9.06595e+06,3.61194e+06,1.55468e+07,0,0,0,0
85.139,85.139,4.21411,0.05,0.02,2.38871,2.59573,0,0.447353,4.47552,4.3624e+06,2.70226e+06,1.04205e+07,0,0,0,0,99.3022,98.274,2.97168,0,1,1.71485,1.50783,0,1.32489,2.1168,9.06595e+06,3.61194e+06,1.55468e+07,0,0,0,0
85.139,85.139,4.65974,0.06,0.02,2.48514,2.69159,0,0.447644,4.47552,4.3624e+06,2.70226e+06,1.08412e+07,0,0,0,0,99.3022,98.274,4.48156,0,1,1.77552,1.56907,0,1.32489,2.1168,9.06595e+06,3.61194e+06,1.60968e+07,0,0,0,0
85.139,85.139,4.87196,0.08,0.02,2.5474,2.69261,0,0.465716,4.47552,4.3624e+06,2.70226e+06,1.11128e+07,0,0,0,0,99.3022,98.274,4.59872,0,1,1.71487,1.56966,0,1.37176,2.1168,9.06595e+06,3.61194e+06,1.5547e+07,0,0,0,0
85.139,85.139,4.13813,0.09,0.02,2.54901,2.69363,0,0.477382,4.47552,4.3624e+06,2.70226e+06,1.11198e+07,0,0,0,0,99.3022,98.274,5.04709,0,1,1.71487,1.57026,0,1.32491,2.1168,9.06595e+06,3.61194e+06,1.5547e+07,0,0,0,0
85.139,85.139,4.48705,0.07,0.02,2.55062,2.69465,0,0.477684,4.47552,4.3624e+06,2.70226e+06,1.11268e+07,0,0,0,0,99.3022,98.274,4.70201,0,1,1.71487,1.57085,0,1.32491,2.1168,9.06595e+06,3.61194e+06,1.5547e+07,0,0,0,0
85.139,85.139,3.59239,0.07,0.02,2.51508,2.65851,0,0.477987,4.47552,4.3624e+06,2.70226e+06,1.09718e+07,0,0,0,0,99.3022,98.274,3.58946,0,1,1.69128,1.54785,0,1.32491,2.1168,9.06595e+06,3.61194e+06,1.5333e+07,0,0,0,0
85.139,85.139,3.6292,0.07,0.02,2.49308,2.65952,0,0.471326,4.47552,4.3624e+06,2.70226e+06,1.08758e+07,0,0,0,0,99.3022,98.274,4.31892,0,1,1.71487,1.54843,0,1.30668,2.1168,9.06595e+06,3.61194e+06,1.55469e+07,0,0,0,0
85.139,85.139,3.39396,0.07,0.02,2.49467,2.66052,0,0.467204,4.47552,4.3624e+06,2.70226e+06,1.08828e+07,0,0,0,0,99.3022,98.274,4.22589,0,1,1.71487,1.54902,0,1.3249,2.1168,9.06595e+06,3.61194e+06,1.55469e+07,0,0,0,0
85.139,85.139,3.24776,0.07,0.02,2.49627,2.66153,0,0.467502,4.47552,4.3624e+06,2.70226e+06,1.08897e+07,0,0,0,0,99.3022,98.274,5.15988,0,1,1.71487,1.5496,0,1.32491,2.1168,9.06595e+06,3.61194e+06,1.55469e+07,0,0,0,0
85.0969,85.139,2.97994,0.07,0.02,2.62416,2.78884,0,0.4678,4.47552,4.3624e+06,2.70226e+06,1.14476e+07,0,0,0,0,99.3022,98.274,4.2662,0,1,1.79868,1.634,0,1.32491,2.1168,9.06595e+06,3.61194e+06,1.63067e+07,0,0,0,0
84.947,85.139,2.87941,0.1,0.02,2.70961,2.78989,0,0.491768,4.47552,4.3624e+06,2.70226e+06,1.18204e+07,0,0,0,0,99.3022,98.274,4.07685,0,1,1.7149,1.63462,0,1.38966,2.1168,9.06595e+06,3.61194e+06,1.55472e+07,0,0,0,0
84.6279,85.139,2.67848,0.09,0.02,2.71128,2.79095,0,0.507781,4.47552,4.3624e+06,2.70226e+06,1.18277e+07,0,0,0,0,99.3022,98.274,4.1205,0,1,1.7149,1.63523,0,1.32493,2.1168,9.06595e+06,3.61194e+06,1.55472e+07,0,0,0,0
84.2316,85.139,2.59138,0.09,0.02,2.71295,2.792,0,0.508094,4.47552,4.3624e+06,2.70226e+06,1.1835e+07,0,0,0,0,99.3022,98.274,4.10306,0,1,1.7149,1.63585,0,1.32493,2.1168,9.06595e+06,3.61194e+06,1.55472e+07,0,0,0,0
83.6828,85.139,2.42697,0.08,0.02,2.71463,2.79306,0,0.508408,4.47552,4.3624e+06,2.70226e+06,1.18423e+07,0,0,0,0,99.3022,98.274,3.74687,0,1,1.7149,1.63647,0,1.32493,2.1168,9.06595e+06,3.61194e+06,1.55472e+07,0,0,0,0
83.6073,85.139,2.84441,0.06,0.02,2.69127,2.76908,0,0.508721,4.47552,4.3624e+06,2.70226e+06,1.17404e+07,0,0,0,0,99.3022,98.274,3.87238,0,1,1.76105,1.68324,0,1.32493,2.1168,9.06595e+06,3.61194e+06,1.59656e+07,0,0,0,0
83.6909,85.139,3.03895,0.06,0.02,2.73909,2.77013,0,0.504345,4.47552,4.3624e+06,2.70226e+06,1.1949e+07,0,0,0,0,99.3022,98.274,3.82333,0,1,1.71492,1.68387,0,1.36059,2.1168,9.06595e+06,3.61194e+06,1.55473e+07,0,0,0,0
83.5113,85.139,2.77473,0.05,0.02,2.74077,2.77118,0,0.513305,4.47552,4.3624e+06,2.70226e+06,1.19563e+07,0,0,0,0,99.3022,98.274,3.74526,0,1,1.71492,1.68451,0,1.32494,2.1168,9.06595e+06,3.61194e+06,1.55473e+07,0,0,0,0
83.0891,85.139,2.51595,0.04,0.02,2.74245,2.77222,0,0.51362,4.47552,4.3624e+06,2.70226e+06,1.19637e+07,0,0,0,0,99.3022,98.274,3.42284,0,1,1.71492,1.68515,0,1.32494,2.1168,9.06595e+06,3.61194e+06,1.55473e+07,0,0,0,0
82.5392,85.139,2.39471,0.04,0.02,2.80886,2.83799,0,0.513936,4.47552,4.3624e+06,2.70226e+06,1.22534e+07,0,0,0,0,99.3022,98.274,3.22224,0,1,1.75611,1.72697,0,1.32494,2.1168,9.06595e+06,3.61194e+06,1.59208e+07,0,0,0,0
82.284,85.139,2.73732,0.04,0.02,2.83906,2.83906,0,0.52638,4.47552,4.3624e+06,2.70226e+06,1.23851e+07,0,0,0,0,99.3022,98.274,2.97467,0,1,1.72763,1.72763,0,1.35677,2.1168,9.06595e+06,3.61194e+06,1.56626e+07,0,0,0,0
81.8238,85.139,2.50488,0.04,0.02,2.84013,2.84013,0,0.53204,4.47552,4.3624e+06,2.70226e+06,1.23898e+07,0,0,0,0,99.3022,98.274,2.89954,0,1,1.72828,1.72828,0,1.33476,2.1168,9.06595e+06,3.61194e+06,1.56685e+07,0,0,0,0
81.1648,85.139,2.29793,0.04,0.02,2.8412,2.8412,0,0.532241,4.47552,4.3624e+06,2.70226e+06,1.23945e+07,0,0,0,0,99.3022,98.274,2.55004,0,1,1.72893,1.72893,0,1.33527,2.1168,9.06595e+06,3.61194e+06,1.56744e+07,0,0,0,0
80.4819,85.139,2.41899,0.04,0.02,3.0321,3.0321,0,0.532442,4.47552,4.3624e+06,2.70226e+06,1.32272e+07,0,0,0,0,99.3022,98.274,3.0554,0,1,1.87849,1.87849,0,1.33577,2.1168,9.06595e+06,3.61194e+06,1.70303e+07,0,0,0,0
80.2107,85.139,2.84414,0.04,0.02,3.03324,3.03324,0,0.568216,4.47552,4.3624e+06,2.70226e+06,1.32322e+07,0,0,0,0,99.3022,98.274,2.98783,0,1,1.8792,1.8792,0,1.45132,2.1168,9.06595e+06,3.61194e+06,1.70367e+07,0,0,0,0
80.1757,85.139,3.08881,0.04,0.02,3.03439,3.03439,0,0.56843,4.47552,4.3624e+06,2.70226e+06,1.32372e+07,0,0,0,0,99.3022,98.274,3.13695,0,1,1.87991,1.87991,0,1.45187,2.1168,9.06595e+06,3.61194e+06,1.70432e+07,0,0,0,0
79.7799,85.139,2.7692,0.04,0.02,3.03553,3.03553,0,0.568644,4.47552,4.3624e+06,2.70226e+06,1.32422e+07,0,0,0,0,99.3022,98.274,3.00813,0,1,1.88062,1.88062,0,1.45242,2.1168,9.06595e+06,3.61194e+06,1.70496e+07,0,0,0,0
79.4407,85.139,2.79883,0.06,0.02,3.03668,3.03668,0,0.568859,4.47552,4.3624e+06,2.70226e+06,1.32472e+07,0,0,0,0,99.3022,98.274,3.25716,0,1,1.88133,1.88133,0,1.45297,2.1168,9.06595e+06,3.61194e+06,1.7056e+07,0,0,0,0
79.5706,85.139,3.25237,0.1,0.02,2.94513,2.94513,0,0.569073,4.47552,4.3624e+06,2.70226e+06,1.28478e+07,0,0,0,0,99.3022,98.274,4.0495,0,1,1.79148,1.79148,0,1.45351,2.1168,9.06595e+06,3.61194e+06,1.62415e+07,0,0,0,0
80.1305,85.139,3.71678,0.06,0.02,2.94624,2.94624,0,0.551918,4.47552,4.3624e+06,2.70226e+06,1.28527e+07,0,0,0,0,99.3022,98.274,4.39383,0,1,1.79216,1.79216,0,1.3841,2.1168,9.06595e+06,3.61194e+06,1.62476e+07,0,0,0,0
80.411,85.139,3.44628,0.06,0.02,2.94735,2.94735,0,0.552126,4.47552,4.3624e+06,2.70226e+06,1.28575e+07,0,0,0,0,99.3022,98.274,3.79719,0,1,1.79283,1.79283,0,1.38462,2.1168,9.06595e+06,3.61194e+06,1.62537e+07,0,0,0,0
80.2143,85.139,2.95978,0.07,0.02,2.94846,2.94846,0,0.552334,4.47552,4.3624e+06,2.70226e+06,1.28624e+07,0,0,0,0,99.3022,98.274,3.59132,0,1,1.79351,1.79351,0,1.38514,2.1168,9.06595e+06,3.61194e+06,1.62599e+07,0,0,0,0
83.3031,85.139,6.11999,0.08,0.02,2.87338,2.87338,0,0.552542,4.47552,4.3624e+06,2.70226e+06,1.25348e+07,0,0,0,0,99.2184,98.274,5.05837,0,1,1.71163,1.71163,0,1.38566,2.1168,9.06595e+06,3.61194e+06,1.55176e+07,0,0,0,0
82.2087,85.139,2.02937,0.09,0.02,2.87181,2.87446,0,0.538471,4.47552,4.3624e+06,2.70226e+06,1.2528e+07,0,0,0,0,99.1092,98.274,2.04459,0,1,1.71492,1.71228,0,1.32241,2.1168,9.06595e+06,3.61194e+06,1.55474e+07,0,0,0,0
80.7856,85.139,1.67552,0.08,0.02,2.87354,2.87554,0,0.538178,4.47552,4.3624e+06,2.70226e+06,1.25355e+07,0,0,0,0,98.9764,98.274,2.05791,0,1,1.71492,1.71292,0,1.32495,2.1168,9.06595e+06,3.61194e+06,1.55474e+07,0,0,0,0
81.8402,85.139,4.27902,0.08,0.02,2.87527,2.87663,0,0.538502,4.47552,4.3624e+06,2.70226e+06,1.25431e+07,0,0,0,0,99.3022,98.274,6.10779,0,1,1.71492,1.71357,0,1.32495,2.1168,9.06595e+06,3.61194e+06,1.55474e+07,0,0,0,0
83.7652,85.139,5.03879,0.08,0.02,2.66027,2.66098,0,0.538825,4.47552,4.3624e+06,2.70226e+06,1.16052e+07,0,0,0,0,99.3022,98.274,5.22323,0,1,1.54274,1.54203,0,1.32495,2.1168,9.06595e+06,3.61194e+06,1.39864e+07,0,0,0,0
85.139,85.139,5.08132,0.08,0.02,2.48973,2.66199,0,0.498535,4.47552,4.3624e+06,2.70226e+06,1.08612e+07,0,0,0,0,99.3022,98.274,4.88849,0,1,1.71486,1.54261,0,1.19192,2.1168,9.06595e+06,3.61194e+06,1.55468e+07,0,0,0,0
85.139,85.139,4.632,0.03,0.02,2.49131,2.66299,0,0.466576,4.47552,4.3624e+06,2.70226e+06,1.08681e+07,0,0,0,0,99.3022,98.274,3.80894,0,1,1.71486,1.54319,0,1.3249,2.1168,9.06595e+06,3.61194e+06,1.55468e+07,0,0,0,0
85.139,85.139,5.96702,0.04,0.02,2.4929,2.66399,0,0.466872,4.47552,4.3624e+06,2.70226e+06,1.0875e+07,0,0,0,0,99.3022,98.274,5.13222,0,1,1.71486,1.54377,0,1.3249,2.1168,9.06595e+06,3.61194e+06,1.55468e+07,0,0,0,0
85.139,85.139,5.30186,0.04,0.02,2.49448,2.66499,0,0.467169,4.47552,4.3624e+06,2.70226e+06,1.08819e+07,0,0,0,0,99.3022,98.274,4.71366,0,1,1.71486,1.54435,0,1.3249,2.1168,9.06595e+06,3.61194e+06,1.55468e+07,0,0,0,0
85.139,85.139,8.53532,0.04,0.02,2.57955,2.74949,0,0.467465,4.47552,4.3624e+06,2.70226e+06,1.1253e+07,0,0,0,0,99.3022,98.274,6.50926,0,1,1.7648,1.59487,0,1.3249,2.1168,9.06595e+06,3.61194e+06,1.59996e+07,0,0,0,0
85.139,85.139,5.11298,0.05,0.02,2.63107,2.75048,0,0.483408,4.47552,4.3624e+06,2.70226e+06,1.14778e+07,0,0,0,0,99.3022,98.274,5.80142,0,1,1.71486,1.59544,0,1.36348,2.1168,9.06595e+06,3.61194e+06,1.55468e+07,0,0,0,0
85.139,85.139,5.39308,0.05,0.02,2.63264,2.75148,0,0.493062,4.47552,4.3624e+06,2.70226e+06,1.14846e+07,0,0,0,0,99.3022,98.274,6.23373,0,1,1.71486,1.59602,0,1.3249,2.1168,9.06595e+06,3.61194e+06,1.55468e+07,0,0,0,0
85.139,85.139,4.19461,0.07,0.02,2.63422,2.75247,0,0.493357,4.47552,4.3624e+06,2.70226e+06,1.14915e+07,0,0,0,0,99.3022,98.274,4.80904,0,1,1.71486,1.5966,0,1.3249,2.1168,9.06595e+06,3.61194e+06,1.55468e+07,0,0,0,0
85.139,85.139,3.78632,0.07,0.02,2.90436,3.02204,0,0.493652,4.47552,4.3624e+06,2.70226e+06,1.267e+07,0,0,0,0,99.3022,98.274,4.47444,0,1,1.90265,1.78497,0,1.3249,2.1168,9.06595e+06,3.61194e+06,1.72494e+07,0,0,0,0
84.5037,85.139,2.94441,0.05,0.02,3.02313,3.02313,0,0.544277,4.47552,4.3624e+06,2.70226e+06,1.31881e+07,0,0,0,0,99.3022,98.274,4.40238,0,1,1.78562,1.78562,0,1.46999,2.1168,9.06595e+06,3.61194e+06,1.61883e+07,0,0,0,0
85.0393,85.139,4.07317,0.08,0.02,3.02423,3.02423,0,0.566535,4.47552,4.3624e+06,2.70226e+06,1.31929e+07,0,0,0,0,99.3022,98.274,5.69585,0,1,1.78627,1.78627,0,1.37957,2.1168,9.06595e+06,3.61194e+06,1.61942e+07,0,0,0,0
85.139,85.139,4.94231,0.08,0.02,3.02532,3.02532,0,0.56674,4.47552,4.3624e+06,2.70226e+06,1.31977e+07,0,0,0,0,99.3022,98.274,4.90947,0,1,1.78691,1.78691,0,1.38007,2.1168,9.06595e+06,3.61194e+06,1.62001e+07,0,0,0,0
85.139,85.139,4.03889,0.05,0.02,2.6428,2.6428,0,0.566945,4.47552,4.3624e+06,2.70226e+06,1.15289e+07,0,0,0,0,99.3022,98.274,4.16569,0,1,1.53517,1.53517,0,1.38057,2.1168,9.06595e+06,3.61194e+06,1.39178e+07,0,0,0,0
85.139,85.139,4.76492,0.04,0.02,2.46465,2.64375,0,0.49526,4.47552,4.3624e+06,2.70226e+06,1.07518e+07,0,0,0,0,99.3022,98.274,4.47821,0,1,1.71484,1.53573,0,1.18607,2.1168,9.06595e+06,3.61194e+06,1.55466e+07,0,0,0,0
85.139,85.139,4.65166,0.06,0.02,2.46616,2.64471,0,0.461875,4.47552,4.3624e+06,2.70226e+06,1.07584e+07,0,0,0,0,99.3022,98.274,4.1533,0,1,1.71484,1.53628,0,1.32488,2.1168,9.06595e+06,3.61194e+06,1.55466e+07,0,0,0,0
85.139,85.139,3.42867,0.06,0.02,2.46767,2.64567,0,0.462158,4.47552,4.3624e+06,2.70226e+06,1.0765e+07,0,0,0,0,99.3022,98.274,3.92752,0,1,1.71484,1.53684,0,1.32488,2.1168,9.06595e+06,3.61194e+06,1.55466e+07,0,0,0,0
85.139,85.139,4.18128,0.07,0.02,2.46918,2.64663,0,0.462442,4.47552,4.3624e+06,2.70226e+06,1.07716e+07,0,0,0,0,99.3022,98.274,5.97623,0,1,1.71484,1.53739,0,1.32488,2.1168,9.06595e+06,3.61194e+06,1.55466e+07,0,0,0,0
85.139,85.139,4.23229,0.08,0.02,2.56743,2.74432,0,0.462725,4.47552,4.3624e+06,2.70226e+06,1.12002e+07,0,0,0,0,99.3022,98.274,5.39399,0,1,1.77669,1.59981,0,1.32488,2.1168,9.06595e+06,3.61194e+06,1.61074e+07,0,0,0,0
85.139,85.139,5.78683,0.09,0.02,2.63084,2.74531,0,0.481137,4.47552,4.3624e+06,2.70226e+06,1.14768e+07,0,0,0,0,99.3022,98.274,7.11499,0,1,1.71486,1.60038,0,1.37267,2.1168,9.06595e+06,3.61194e+06,1.55468e+07,0,0,0,0
85.139,85.139,4.35685,0.09,0.02,2.63241,2.7463,0,0.493019,4.47552,4.3624e+06,2.70226e+06,1.14836e+07,0,0,0,0,99.3022,98.274,6.45975,0,1,1.71486,1.60096,0,1.3249,2.1168,9.06595e+06,3.61194e+06,1.55468e+07,0,0,0,0
85.139,85.139,3.65572,0.09,0.02,2.63398,2.7473,0,0.493313,4.47552,4.3624e+06,2.70226e+06,1.14905e+07,0,0,0,0,99.3022,98.274,4.97596,0,1,1.71486,1.60154,0,1.3249,2.1168,9.06595e+06,3.61194e+06,1.55468e+07,0,0,0,0
85.139,85.139,3.28352,0.08,0.02,2.59767,2.71041,0,0.493608,4.47552,4.3624e+06,2.70226e+06,1.13321e+07,0,0,0,0,99.3022,98.274,6.29718,0,1,1.6908,1.57806,0,1.3249,2.1168,9.06595e+06,3.61194e+06,1.53287e+07,0,0,0,0
85.139,85.139,3.6982,0.07,0.02,2.57517,2.71139,0,0.486804,4.47552,4.3624e+06,2.70226e+06,1.12339e+07,0,0,0,0,99.3022,98.274,8.6089,0,1,1.71485,1.57863,0,1.30631,2.1168,9.06595e+06,3.61194e+06,1.55468e+07,0,0,0,0
85.1249,85.139,3.04243,0.07,0.02,2.57672,2.71237,0,0.482587,4.47552,4.3624e+06,2.70226e+06,1.12407e+07,0,0,0,0,99.3022,98.274,4.12315,0,1,1.71485,1.5792,0,1.32489,2.1168,9.06595e+06,3.61194e+06,1.55468e+07,0,0,0,0
84.7653,85.139,2.67785,0.11,0.02,2.57827,2.71335,0,0.482878,4.47552,4.3624e+06,2.70226e+06,1.12474e+07,0,0,0,0,99.3022,98.274,3.89082,0,1,1.71485,1.57977,0,1.32489,2.1168,9.06595e+06,3.61194e+06,1.55468e+07,0,0,0,0
84.7758,85.139,3.1742,0.11,0.02,2.70858,2.84309,0,0.483168,4.47552,4.3624e+06,2.70226e+06,1.18159e+07,0,0,0,0,99.3022,98.274,4.15529,0,1,1.80029,1.66578,0,1.32489,2.1168,9.06595e+06,3.61194e+06,1.63214e+07,0,0,0,0
84.4398,85.139,2.82669,0.08,0.02,2.79562,2.84412,0,0.507588,4.47552,4.3624e+06,2.70226e+06,1.21956e+07,0,0,0,0,99.3022,98.274,5.02654,0,1,1.71488,1.66639,0,1.39091,2.1168,9.06595e+06,3.61194e+06,1.5547e+07,0,0,0,0
84.06,85.139,2.74435,0.08,0.02,2.79725,2.84514,0,0.523899,4.47552,4.3624e+06,2.70226e+06,1.22027e+07,0,0,0,0,99.3022,98.274,4.97159,0,1,1.71488,1.66699,0,1.32492,2.1168,9.06595e+06,3.61194e+06,1.5547e+07,0,0,0,0
83.4531,85.139,2.50638,0.07,0.02,2.79888,2.84617,0,0.524204,4.47552,4.3624e+06,2.70226e+06,1.22098e+07,0,0,0,0,99.3022,98.274,4.20026,0,1,1.71488,1.66759,0,1.32492,2.1168,9.06595e+06,3.61194e+06,1.5547e+07,0,0,0,0
82.5879,85.139,2.21436,0.07,0.02,2.80051,2.8472,0,0.52451,4.47552,4.3624e+06,2.70226e+06,1.22169e+07,0,0,0,0,99.3022,98.274,3.75637,0,1,1.71488,1.66819,0,1.32492,2.1168,9.06595e+06,3.61194e+06,1.5547e+07,0,0,0,0
81.8561,85.139,2.29358,0.05,0.02,2.77663,2.82272,0,0.524815,4.47552,4.3624e+06,2.70226e+06,1.21128e+07,0,0,0,0,99.3022,98.274,3.58386,0,1,1.76193,1.71584,0,1.32492,2.1168,9.06595e+06,3.61194e+06,1.59735e+07,0,0,0,0
81.3073,85.139,2.48253,0.04,0.02,2.82373,2.82373,0,0.52034,4.47552,4.3624e+06,2.70226e+06,1.23183e+07,0,0,0,0,99.3022,98.274,3.3018,0,1,1.71646,1.71646,0,1.36126,2.1168,9.06595e+06,3.61194e+06,1.55613e+07,0,0,0,0
80.6052,85.139,2.31248,0.03,0.02,2.82475,2.82475,0,0.529168,4.47552,4.3624e+06,2.70226e+06,1.23227e+07,0,0,0,0,99.3022,98.274,3.35349,0,1,1.71708,1.71708,0,1.32614,2.1168,9.06595e+06,3.61194e+06,1.55669e+07,0,0,0,0
79.7573,85.139,2.15137,0.03,0.02,2.82577,2.82577,0,0.529359,4.47552,4.3624e+06,2.70226e+06,1.23271e+07,0,0,0,0,99.3022,98.274,3.31552,0,1,1.7177,1.7177,0,1.32661,2.1168,9.06595e+06,3.61194e+06,1.55726e+07,0,0,0,0
78.8264,85.139,2.10405,0.02,0.02,2.89276,2.89276,0,0.52955,4.47552,4.3624e+06,2.70226e+06,1.26194e+07,0,0,0,0,99.1471,98.274,3.14477,0,1,1.7603,1.7603,0,1.32709,2.1168,9.06595e+06,3.61194e+06,1.59588e+07,0,0,0,0
77.6267,85.139,1.78573,0.05,0.02,2.89381,2.89381,0,0.542104,4.47552,4.3624e+06,2.70226e+06,1.26239e+07,0,0,0,0,98.9191,98.274,1.90245,0,1,1.76094,1.76094,0,1.36001,2.1168,9.06595e+06,3.61194e+06,1.59646e+07,0,0,0,0
76.3935,85.139,1.74488,0.05,0.02,2.89485,2.89485,0,0.542299,4.47552,4.3624e+06,2.70226e+06,1.26285e+07,0,0,0,0,98.5951,98.274,1.98398,0,1,1.76157,1.76157,0,1.3605,2.1168,9.06595e+06,3.61194e+06,1.59703e+07,0,0,0,0
75.064,85.139,1.62856,0.05,0.02,2.89589,2.89589,0,0.542495,4.47552,4.3624e+06,2.70226e+06,1.2633e+07,0,0,0,0,98.1474,98.274,1.86646,0,1,1.76221,1.76221,0,1.36099,2.1168,9.06595e+06,3.61194e+06,1.59761e+07,0,0,0,0
73.5027,85.139,1.49464,0.07,0.02,3.03739,3.09041,0,0.54269,4.47552,4.3624e+06,2.98533e+06,1.32503e+07,0,0,0,0,97.8199,98.274,1.75831,1,1,1.88177,1.91462,0,1.36148,2.1168,9.06595e+06,3.9903e+06,1.706e+07,0,0,0,0
72.3249,85.139,1.8544,0.11,0.02,3.03848,3.09153,0,0.569206,4.47552,4.3624e+06,2.98533e+06,1.32551e+07,0,0,0,0,97.4483,98.274,2.10163,1,1,1.88245,1.91531,0,1.45385,2.1168,9.06595e+06,3.9903e+06,1.70662e+07,0,0,0,0
71.2706,85.139,1.97051,0.11,0.02,3.03958,3.09264,0,0.569412,4.47552,4.3624e+06,2.98533e+06,1.32598e+07,0,0,0,0,96.9217,98.274,1.94069,1,1,1.88312,1.916,0,1.45438,2.1168,9.06595e+06,3.9903e+06,1.70723e+07,0,0,0,0
69.8959,85.139,1.66936,0.11,0.02,3.04067,3.09375,0,0.569617,4.47552,4.3624e+06,2.98533e+06,1.32646e+07,0,0,0,0,96.5153,98.274,1.71135,1,1,1.8838,1.91669,0,1.4549,2.1168,9.06595e+06,3.9903e+06,1.70785e+07,0,0,0,0
68.6943,85.139,1.81224,0.11,0.02,3.04177,3.09487,0,0.569822,4.47552,4.3624e+06,2.98533e+06,1.32694e+07,0,0,0,0,96.2021,98.274,2.2379,1,1,1.88448,1.91738,0,1.45543,2.1168,9.06595e+06,3.9903e+06,1.70846e+07,0,0,0,0
67.3888,85.139,1.6549,0.11,0.02,3.00152,3.00152,0,0.570027,4.47552,4.3624e+06,2.70226e+06,1.30938e+07,0,0,0,0,95.8331,98.274,2.28231,0,1,1.82578,1.82578,0,1.45595,2.1168,9.06595e+06,3.61194e+06,1.65525e+07,0,0,0,0
65.9508,85.139,1.48416,0.14,0.02,3.0026,3.0026,0,0.562485,4.47552,4.3624e+06,2.70226e+06,1.30985e+07,0,0,0,0,95.5374,98.274,2.96132,0,1,1.82644,1.82644,0,1.4106,2.1168,9.06595e+06,3.61194e+06,1.65584e+07,0,0,0,0
64.7785,85.139,1.77056,0.14,0.02,3.00368,3.00368,0,0.562688,4.47552,4.3624e+06,2.70226e+06,1.31033e+07,0,0,0,0,95.2835,98.274,2.9365,0,1,1.8271,1.8271,0,1.41111,2.1168,9.06595e+06,3.61194e+06,1.65644e+07,0,0,0,0
64.5176,85.139,2.75145,0.14,0.02,3.00477,3.00477,0,0.56289,4.47552,4.3624e+06,2.70226e+06,1.3108e+07,0,0,0,0,95.3812,98.274,5.12801,0,1,1.82776,1.82776,0,1.41162,2.1168,9.06595e+06,3.61194e+06,1.65704e+07,0,0,0,0
63.8893,85.139,2.40424,0.14,0.02,2.9282,2.9282,0,0.563093,4.47552,4.3624e+06,2.70226e+06,1.2774e+07,0,0,0,0,95.3525,98.274,4.02199,0,1,1.74429,1.74429,0,1.41212,2.1168,9.06595e+06,3.61194e+06,1.58136e+07,0,0,0,0
64.929,85.139,4.32947,0.13,0.02,2.92925,2.92925,0,0.548744,4.47552,4.3624e+06,2.70226e+06,1.27786e+07,0,0,0,0,95.8355,98.274,5.8566,0,1,1.74492,1.74492,0,1.34764,2.1168,9.06595e+06,3.61194e+06,1.58193e+07,0,0,0,0
68.7637,85.139,7.19876,0.13,0.02,2.93031,2.93031,0,0.548942,4.47552,4.3624e+06,2.70226e+06,1.27832e+07,0,0,0,0,97.58,98.274,10.6962,0,1,1.74554,1.74554,0,1.34812,2.1168,9.06595e+06,3.61194e+06,1.5825e+07,0,0,0,0
69.6293,85.139,4.07624,0.12,0.02,2.93136,2.93136,0,0.54914,4.47552,4.3624e+06,2.70226e+06,1.27878e+07,0,0,0,0,98.2033,98.274,5.53665,0,1,1.74617,1.74617,0,1.34861,2.1168,9.06595e+06,3.61194e+06,1.58307e+07,0,0,0,0
70.7124,85.139,4.06981,0.12,0.02,2.71157,2.71157,0,0.549337,4.47552,4.3624e+06,2.70226e+06,1.1829e+07,0,0,0,0,98.9624,98.274,6.03957,0,1,1.57134,1.57134,0,1.34909,2.1168,9.06595e+06,3.61194e+06,1.42457e+07,0,0,0,0
73.2711,85.139,5.80683,0.12,0.02,2.56961,2.71255,0,0.508149,4.47552,4.3624e+06,2.70226e+06,1.12097e+07,0,0,0,0,99.3022,98.274,7.75048,0,1,1.71485,1.57191,0,1.21402,2.1168,9.06595e+06,3.61194e+06,1.55467e+07,0,0,0,0
75.0594,85.139,5.0683,0.13,0.02,2.57115,2.71352,0,0.481545,4.47552,4.3624e+06,2.70226e+06,1.12164e+07,0,0,0,0,99.3022,98.274,6.58309,0,1,1.71485,1.57247,0,1.32489,2.1168,9.06595e+06,3.61194e+06,1.55467e+07,0,0,0,0
76.3136,85.139,4.25345,0.11,0.02,2.57269,2.7145,0,0.481833,4.47552,4.3624e+06,2.70226e+06,1.12231e+07,0,0,0,0,99.3022,98.274,5.78315,0,1,1.71485,1.57304,0,1.32489,2.1168,9.06595e+06,3.61194e+06,1.55467e+07,0,0,0,0
84.2118,85.139,11.1446,0.12,0.02,2.57423,2.71548,0,0.482122,4.47552,4.3624e+06,2.70226e+06,1.12298e+07,0,0,0,0,99.3022,98.274,11.8158,0,1,1.71485,1.5736,0,1.32489,2.1168,9.06595e+06,3.61194e+06,1.55467e+07,0,0,0,0
85.139,85.139,15.5331,0.09,0.02,2.5748,2.71548,0,0.482411,4.47552,4.3624e+06,2.70226e+06,1.12323e+07,0,0,0,0,99.3022,98.274,16.654,0,1,1.71428,1.5736,0,1.32489,2.1168,9.06595e+06,3.61194e+06,1.55416e+07,0,0,0,0
85.139,85.139,8.41168,0.06,0.04,2.66085,2.80152,0,0.482517,4.47552,4.3624e+06,2.70226e+06,1.16077e+07,0,0,0,0,99.3022,98.274,7.98719,0,1,1.76573,1.62505,0,1.32445,2.1168,9.06595e+06,3.61194e+06,1.6008e+07,0,0,0,0
85.139,85.139,14.5858,0.07,0.04,2.71326,2.80249,0,0.498643,4.47552,4.3624e+06,2.70226e+06,1.18363e+07,0,0,0,0,99.3022,98.274,16.1152,0,1,1.71484,1.62561,0,1.3642,2.1168,9.06595e+06,3.61194e+06,1.55467e+07,0,0,0,0
85.139,85.139,15.893,0.07,0.04,2.7148,2.80346,0,0.508466,4.47552,4.3624e+06,2.70226e+06,1.1843e+07,0,0,0,0,99.3022,98.274,11.4818,0,1,1.71484,1.62618,0,1.32489,2.1168,9.06595e+06,3.61194e+06,1.55467e+07,0,0,0,0
85.139,85.139,15.1369,0.08,0.04,2.71633,2.80443,0,0.508753,4.47552,4.3624e+06,2.70226e+06,1.18497e+07,0,0,0,0,99.3022,98.274,10.3215,0,1,1.71484,1.62674,0,1.32489,2.1168,9.06595e+06,3.61194e+06,1.55467e+07,0,0,0,0
85.139,85.139,8.19713,0.1,0.04,2.99149,3.07903,0,0.50904,4.47552,4.3624e+06,2.70226e+06,1.30501e+07,0,0,0,0,99.3022,98.274,7.96503,0,1,1.90618,1.81864,0,1.32489,2.1168,9.06595e+06,3.61194e+06,1.72813e+07,0,0,0,0
85.139,85.139,7.45079,0.11,0.04,3.0801,3.0801,0,0.560605,4.47552,4.3624e+06,2.70226e+06,1.34366e+07,0,0,0,0,99.3022,98.274,9.73163,0,1,1.81927,1.81927,0,1.47271,2.1168,9.06595e+06,3.61194e+06,1.64934e+07,0,0,0,0
85.139,85.139,6.10386,0.1,0.04,3.08116,3.08116,0,0.57721,4.47552,4.3624e+06,2.70226e+06,1.34413e+07,0,0,0,0,99.3022,98.274,7.9694,0,1,1.81989,1.81989,0,1.40556,2.1168,9.06595e+06,3.61194e+06,1.64991e+07,0,0,0,0
85.139,85.139,8.47614,0.1,0.04,3.08223,3.08223,0,0.57741,4.47552,4.3624e+06,2.70226e+06,1.34459e+07,0,0,0,0,99.3022,98.274,7.6873,0,1,1.82052,1.82052,0,1.40605,2.1168,9.06595e+06,3.61194e+06,1.65048e+07,0,0,0,0
85.139,85.139,9.16646,0.1,0.04,2.69246,2.69246,0,0.577609,4.47552,4.3624e+06,2.70226e+06,1.17456e+07,0,0,0,0,99.3022,98.274,14.482,0,1,1.56402,1.56402,0,1.40654,2.1168,9.06595e+06,3.61194e+06,1.41793e+07,0,0,0,0
85.139,85.139,5.47797,0.1,0.04,2.54314,2.69339,0,0.504568,4.47552,4.3624e+06,2.70226e+06,1.10942e+07,0,0,0,0,99.3022,98.274,6.75677,0,1,1.71482,1.56456,0,1.20836,2.1168,9.06595e+06,3.61194e+06,1.55465e+07,0,0,0,0
85.139,85.139,7.54736,0.1,0.04,2.54461,2.69432,0,0.476584,4.47552,4.3624e+06,2.70226e+06,1.11006e+07,0,0,0,0,99.3022,98.274,7.88238,0,1,1.71482,1.5651,0,1.32487,2.1168,9.06595e+06,3.61194e+06,1.55465e+07,0,0,0,0
85.139,85.139,6.58957,0.1,0.04,2.54608,2.69526,0,0.476859,4.47552,4.3624e+06,2.70226e+06,1.1107e+07,0,0,0,0,99.3022,98.274,7.21059,0,1,1.71482,1.56564,0,1.32487,2.1168,9.06595e+06,3.61194e+06,1.55465e+07,0,0,0,0
85.139,85.139,10.787,0.1,0.04,2.54755,2.69619,0,0.477135,4.47552,4.3624e+06,2.70226e+06,1.11134e+07,0,0,0,0,99.3022,98.274,9.97601,0,1,1.71482,1.56618,0,1.32487,2.1168,9.06595e+06,3.61194e+06,1.55465e+07,0,0,0,0
85.139,85.139,6.37454,0.1,0.04,2.64757,2.79566,0,0.477411,4.47552,4.3624e+06,2.70226e+06,1.15497e+07,0,0,0,0,99.3022,98.274,7.85523,0,1,1.77783,1.62974,0,1.32487,2.1168,9.06595e+06,3.61194e+06,1.61178e+07,0,0,0,0
85.139,85.139,6.60226,0.1,0.04,2.71209,2.79663,0,0.496154,4.47552,4.3624e+06,2.70226e+06,1.18312e+07,0,0,0,0,99.3022,98.274,10.4606,0,1,1.71484,1.6303,0,1.37355,2.1168,9.06595e+06,3.61194e+06,1.55467e+07,0,0,0,0
85.139,85.139,5.51804,0.1,0.04,2.71361,2.79759,0,0.508245,4.47552,4.3624e+06,2.70226e+06,1.18379e+07,0,0,0,0,99.3022,98.274,8.66928,0,1,1.71484,1.63086,0,1.32489,2.1168,9.06595e+06,3.61194e+06,1.55467e+07,0,0,0,0
85.139,85.139,5.007,0.1,0.04,2.71514,2.79856,0,0.508531,4.47552,4.3624e+06,2.70226e+06,1.18445e+07,0,0,0,0,99.3022,98.274,6.6396,0,1,1.71484,1.63142,0,1.32489,2.1168,9.06595e+06,3.61194e+06,1.55467e+07,0,0,0,0
85.139,85.139,5.13185,0.1,0.04,2.67809,2.76094,0,0.508817,4.47552,4.3624e+06,2.70226e+06,1.16829e+07,0,0,0,0,99.3022,98.274,5.66776,0,1,1.69034,1.60748,0,1.32489,2.1168,9.06595e+06,3.61194e+06,1.53245e+07,0,0,0,0
85.139,85.139,4.55211,0.08,0.04,2.65509,2.76189,0,0.501873,4.47552,4.3624e+06,2.70226e+06,1.15826e+07,0,0,0,0,99.3022,98.274,6.19808,0,1,1.71483,1.60804,0,1.30595,2.1168,9.06595e+06,3.61194e+06,1.55466e+07,0,0,0,0
85.139,85.139,4.11336,0.08,0.04,2.6566,2.76285,0,0.497564,4.47552,4.3624e+06,2.70226e+06,1.15892e+07,0,0,0,0,99.3022,98.274,5.47584,0,1,1.71483,1.60859,0,1.32488,2.1168,9.06595e+06,3.61194e+06,1.55466e+07,0,0,0,0
85.139,85.139,4.79792,0.07,0.04,2.65811,2.7638,0,0.497847,4.47552,4.3624e+06,2.70226e+06,1.15957e+07,0,0,0,0,99.3022,98.274,5.55202,0,1,1.71483,1.60914,0,1.32488,2.1168,9.06595e+06,3.61194e+06,1.55466e+07,0,0,0,0
85.139,85.139,3.82534,0.07,0.04,2.79077,2.8959,0,0.498129,4.47552,4.3624e+06,2.70226e+06,1.21744e+07,0,0,0,0,99.3022,98.274,4.75015,0,1,1.80186,1.69673,0,1.32488,2.1168,9.06595e+06,3.61194e+06,1.63356e+07,0,0,0,0
85.139,85.139,3.44743,0.07,0.04,2.87935,2.8969,0,0.52299,4.47552,4.3624e+06,2.70226e+06,1.25609e+07,0,0,0,0,99.3022,98.274,4.13323,0,1,1.71486,1.69731,0,1.39212,2.1168,9.06595e+06,3.61194e+06,1.55469e+07,0,0,0,0
85.139,85.139,3.39154,0.06,0.04,2.88093,2.8979,0,0.53959,4.47552,4.3624e+06,2.70226e+06,1.25678e+07,0,0,0,0,99.3022,98.274,4.18183,0,1,1.71487,1.6979,0,1.3249,2.1168,9.06595e+06,3.61194e+06,1.55469e+07,0,0,0,0
85.0625,85.139,3.05206,0.04,0.04,2.88252,2.8989,0,0.539887,4.47552,4.3624e+06,2.70226e+06,1.25747e+07,0,0,0,0,99.3022,98.274,4.06161,0,1,1.71487,1.69848,0,1.3249,2.1168,9.06595e+06,3.61194e+06,1.55469e+07,0,0,0,0
84.9038,85.139,2.96466,0.07,0.04,2.8841,2.8999,0,0.540184,4.47552,4.3624e+06,2.70226e+06,1.25816e+07,0,0,0,0,99.3022,98.274,4.15578,0,1,1.71487,1.69907,0,1.3249,2.1168,9.06595e+06,3.61194e+06,1.55469e+07,0,0,0,0
84.7457,85.139,2.91568,0.06,0.04,2.85971,2.87492,0,0.540481,4.47552,4.3624e+06,2.70226e+06,1.24752e+07,0,0,0,0,99.3022,98.274,4.46366,0,1,1.76278,1.74757,0,1.32491,2.1168,9.06595e+06,3.61194e+06,1.59813e+07,0,0,0,0
84.4666,85.139,2.73984,0.05,0.04,2.87591,2.87591,0,0.535909,4.47552,4.3624e+06,2.70226e+06,1.25459e+07,0,0,0,0,99.3022,98.274,4.35916,0,1,1.74817,1.74817,0,1.36192,2.1168,9.06595e+06,3.61194e+06,1.58488e+07,0,0,0,0
84.003,85.139,2.54123,0.04,0.04,2.8769,2.8769,0,0.538945,4.47552,4.3624e+06,2.70226e+06,1.25502e+07,0,0,0,0,99.3022,98.274,4.3381,0,1,1.74877,1.74877,0,1.35064,2.1168,9.06595e+06,3.61194e+06,1.58543e+07,0,0,0,0
83.373,85.139,2.36302,0.05,0.04,2.87789,2.87789,0,0.539131,4.47552,4.3624e+06,2.70226e+06,1.25545e+07,0,0,0,0,99.3022,98.274,4.33967,0,1,1.74938,1.74938,0,1.3511,2.1168,9.06595e+06,3.61194e+06,1.58598e+07,0,0,0,0
82.9,85.139,2.57947,0.04,0.04,2.94607,2.94607,0,0.539316,4.47552,4.3624e+06,2.70226e+06,1.28519e+07,0,0,0,0,99.3022,98.274,3.9353,0,1,1.79274,1.79274,0,1.35157,2.1168,9.06595e+06,3.61194e+06,1.62529e+07,0,0,0,0
82.4199,85.139,2.56277,0.04,0.04,2.94708,2.94708,0,0.552093,4.47552,4.3624e+06,2.70226e+06,1.28563e+07,0,0,0,0,99.3022,98.274,3.9299,0,1,1.79336,1.79336,0,1.38507,2.1168,9.06595e+06,3.61194e+06,1.62585e+07,0,0,0,0
81.6264,85.139,2.2397,0.04,0.04,2.9481,2.9481,0,0.552283,4.47552,4.3624e+06,2.70226e+06,1.28608e+07,0,0,0,0,99.3022,98.274,3.65963,0,1,1.79398,1.79398,0,1.38555,2.1168,9.06595e+06,3.61194e+06,1.62641e+07,0,0,0,0
80.6704,85.139,2.06546,0.04,0.04,2.94911,2.94911,0,0.552473,4.47552,4.3624e+06,2.70226e+06,1.28652e+07,0,0,0,0,99.3022,98.274,3.53028,0,1,1.79459,1.79459,0,1.38603,2.1168,9.06595e+06,3.61194e+06,1.62697e+07,0,0,0,0
79.3772,85.139,1.81641,0.05,0.04,3.09316,3.14715,0,0.552664,4.47552,4.3624e+06,2.98533e+06,1.34936e+07,0,0,0,0,99.3022,98.274,3.54849,1,1,1.91632,1.94977,0,1.3865,2.1168,9.06595e+06,3.9903e+06,1.73732e+07,0,0,0,0
78.0283,85.139,1.74845,0.09,0.04,3.09422,3.14824,0,0.579657,4.47552,4.3624e+06,2.98533e+06,1.34982e+07,0,0,0,0,99.3022,98.274,3.47899,1,1,1.91698,1.95044,0,1.48055,2.1168,9.06595e+06,3.9903e+06,1.73792e+07,0,0,0,0
76.599,85.139,1.64829,0.1,0.04,3.09529,3.14932,0,0.579857,4.47552,4.3624e+06,2.98533e+06,1.35029e+07,0,0,0,0,99.3022,98.274,3.26523,1,1,1.91764,1.95111,0,1.48106,2.1168,9.06595e+06,3.9903e+06,1.73852e+07,0,0,0,0
75.767,85.139,2.24417,0.1,0.04,3.09635,3.1504,0,0.580056,4.47552,4.3624e+06,2.98533e+06,1.35075e+07,0,0,0,0,99.3022,98.274,3.66955,1,1,1.9183,1.95178,0,1.48157,2.1168,9.06595e+06,3.9903e+06,1.73912e+07,0,0,0,0
75.3399,85.139,2.73152,0.1,0.04,3.09742,3.15149,0,0.580256,4.47552,4.3624e+06,2.98533e+06,1.35122e+07,0,0,0,0,99.3022,98.274,3.97014,1,1,1.91896,1.95246,0,1.48208,2.1168,9.06595e+06,3.9903e+06,1.73972e+07,0,0,0,0
74.7224,85.139,2.43357,0.11,0.04,3.05638,3.05638,0,0.580456,4.47552,4.3624e+06,2.70226e+06,1.33332e+07,0,0,0,0,99.3022,98.274,4.54,0,1,1.85915,1.85915,0,1.48259,2.1168,9.06595e+06,3.61194e+06,1.6855e+07,0,0,0,0
72.8388,85.139,1.14587,0.11,0.04,3.05743,3.05743,0,0.572766,4.47552,4.3624e+06,2.70226e+06,1.33377e+07,0,0,0,0,99.3022,98.274,2.53025,0,1,1.85979,1.85979,0,1.43638,2.1168,9.06595e+06,3.61194e+06,1.68608e+07,0,0,0,0
71.1047,85.139,1.26069,0.14,0.04,3.05849,3.05849,0,0.572963,4.47552,4.3624e+06,2.70226e+06,1.33423e+07,0,0,0,0,99.3022,98.274,2.63261,0,1,1.86043,1.86043,0,1.43688,2.1168,9.06595e+06,3.61194e+06,1.68666e+07,0,0,0,0
71.4619,85.139,3.51117,0.12,0.04,3.05954,3.05954,0,0.57316,4.47552,4.3624e+06,2.70226e+06,1.33469e+07,0,0,0,0,99.3022,98.274,5.93051,0,1,1.86107,1.86107,0,1.43737,2.1168,9.06595e+06,3.61194e+06,1.68724e+07,0,0,0,0
70.0159,85.139,1.69811,0.12,0.04,2.98153,2.98153,0,0.573357,4.47552,4.3624e+06,2.70226e+06,1.30066e+07,0,0,0,0,99.3022,98.274,3.0616,0,1,1.77606,1.77606,0,1.43787,2.1168,9.06595e+06,3.61194e+06,1.61016e+07,0,0,0,0
69.1401,85.139,2.32165,0.12,0.04,2.98255,2.98255,0,0.558738,4.47552,4.3624e+06,2.70226e+06,1.30111e+07,0,0,0,0,99.3022,98.274,3.78952,0,1,1.77667,1.77667,0,1.37218,2.1168,9.06595e+06,3.61194e+06,1.61072e+07,0,0,0,0
69.3613,85.139,3.43037,0.12,0.04,2.98358,2.98358,0,0.55893,4.47552,4.3624e+06,2.70226e+06,1.30156e+07,0,0,0,0,99.3022,98.274,6.83623,0,1,1.77728,1.77728,0,1.37265,2.1168,9.06595e+06,3.61194e+06,1.61127e+07,0,0,0,0
68.3486,85.139,2.17097,0.12,0.04,2.9846,2.9846,0,0.559122,4.47552,4.3624e+06,2.70226e+06,1.302e+07,0,0,0,0,99.3022,98.274,5.3125,0,1,1.77789,1.77789,0,1.37312,2.1168,9.06595e+06,3.61194e+06,1.61182e+07,0,0,0,0
69.4404,85.139,4.26431,0.13,0.04,2.76078,2.76078,0,0.559314,4.47552,4.3624e+06,2.70226e+06,1.20436e+07,0,0,0,0,99.3022,98.274,5.44443,0,1,1.59985,1.59985,0,1.3736,2.1168,9.06595e+06,3.61194e+06,1.45042e+07,0,0,0,0
69.5235,85.139,3.03759,0.13,0.04,2.6473,2.76172,0,0.517369,4.47552,4.3624e+06,2.70226e+06,1.15486e+07,0,0,0,0,99.3022,98.274,3.64882,0,1,1.71483,1.6004,0,1.23605,2.1168,9.06595e+06,3.61194e+06,1.55466e+07,0,0,0,0
69.2161,85.139,2.68682,0.13,0.04,2.6488,2.76267,0,0.496104,4.47552,4.3624e+06,2.70226e+06,1.15551e+07,0,0,0,0,99.3022,98.274,4.54098,0,1,1.71483,1.60095,0,1.32488,2.1168,9.06595e+06,3.61194e+06,1.55466e+07,0,0,0,0
68.836,85.139,2.58645,0.15,0.04,2.6503,2.76362,0,0.496385,4.47552,4.3624e+06,2.70226e+06,1.15616e+07,0,0,0,0,99.3022,98.274,4.29682,0,1,1.71483,1.6015,0,1.32488,2.1168,9.06595e+06,3.61194e+06,1.55466e+07,0,0,0,0
69.5127,85.139,3.72737,0.15,0.04,2.6518,2.76457,0,0.496665,4.47552,4.3624e+06,2.70226e+06,1.15682e+07,0,0,0,0,99.3022,98.274,4.9086,0,1,1.71483,1.60205,0,1.32488,2.1168,9.06595e+06,3.61194e+06,1.55466e+07,0,0,0,0
73.1679,85.139,7.12584,0.15,0.04,2.7399,2.85213,0,0.496946,4.47552,4.3624e+06,2.70226e+06,1.19526e+07,0,0,0,0,99.3022,98.274,8.42642,0,1,1.76663,1.65441,0,1.32488,2.1168,9.06595e+06,3.61194e+06,1.60162e+07,0,0,0,0
78.9437,85.139,9.33479,0.15,0.04,2.7932,2.85307,0,0.513458,4.47552,4.3624e+06,2.70226e+06,1.2185e+07,0,0,0,0,99.3022,98.274,12.1469,0,1,1.71483,1.65495,0,1.3649,2.1168,9.06595e+06,3.61194e+06,1.55465e+07,0,0,0,0
85.139,85.139,10.0568,0.13,0.04,2.79468,2.85401,0,0.523445,4.47552,4.3624e+06,2.70226e+06,1.21915e+07,0,0,0,0,99.3022,98.274,11.5976,0,1,1.71483,1.6555,0,1.32487,2.1168,9.06595e+06,3.61194e+06,1.55465e+07,0,0,0,0
85.139,85.139,7.89088,0.09,0.04,2.79617,2.85495,0,0.523724,4.47552,4.3624e+06,2.70226e+06,1.2198e+07,0,0,0,0,99.3022,98.274,10.8109,0,1,1.71483,1.65604,0,1.32487,2.1168,9.06595e+06,3.61194e+06,1.55465e+07,0,0,0,0
85.139,85.139,13.4905,0.09,0.04,3.07621,3.13445,0,0.524002,4.47552,4.3624e+06,2.70226e+06,1.34197e+07,0,0,0,0,99.3022,98.274,15.9009,0,1,1.90961,1.85137,0,1.32487,2.1168,9.06595e+06,3.61194e+06,1.73124e+07,0,0,0,0
85.139,85.139,9.29196,0.1,0.04,3.13548,3.13548,0,0.576482,4.47552,4.3624e+06,2.70226e+06,1.36782e+07,0,0,0,0,99.3022,98.274,10.4772,0,1,1.85198,1.85198,0,1.47536,2.1168,9.06595e+06,3.61194e+06,1.679e+07,0,0,0,0
85.139,85.139,6.65794,0.14,0.04,3.13652,3.13652,0,0.587589,4.47552,4.3624e+06,2.70226e+06,1.36827e+07,0,0,0,0,99.3022,98.274,7.96464,0,1,1.85259,1.85259,0,1.43084,2.1168,9.06595e+06,3.61194e+06,1.67955e+07,0,0,0,0
85.139,85.139,5.82689,0.14,0.04,3.13755,3.13755,0,0.587783,4.47552,4.3624e+06,2.70226e+06,1.36872e+07,0,0,0,0,99.3022,98.274,8.49171,0,1,1.8532,1.8532,0,1.43131,2.1168,9.06595e+06,3.61194e+06,1.6801e+07,0,0,0,0
85.139,85.139,5.72255,0.13,0.04,2.74075,2.74075,0,0.587977,4.47552,4.3624e+06,2.70226e+06,1.19562e+07,0,0,0,0,99.3022,98.274,8.13329,0,1,1.59207,1.59207,0,1.43178,2.1168,9.06595e+06,3.61194e+06,1.44336e+07,0,0,0,0
85.139,85.139,5.12964,0.13,0.04,2.61944,2.74165,0,0.513616,4.47552,4.3624e+06,2.70226e+06,1.1427e+07,0,0,0,0,99.3022,98.274,6.10578,0,1,1.7148,1.59259,0,1.23003,2.1168,9.06595e+06,3.61194e+06,1.55463e+07,0,0,0,0
85.139,85.139,4.4748,0.13,0.04,2.62087,2.74255,0,0.490883,4.47552,4.3624e+06,2.70226e+06,1.14333e+07,0,0,0,0,99.3022,98.274,5.84143,0,1,1.7148,1.59312,0,1.32486,2.1168,9.06595e+06,3.61194e+06,1.55463e+07,0,0,0,0
85.139,85.139,7.6152,0.13,0.04,2.62229,2.74346,0,0.49115,4.47552,4.3624e+06,2.70226e+06,1.14395e+07,0,0,0,0,99.3022,98.274,9.70752,0,1,1.7148,1.59364,0,1.32486,2.1168,9.06595e+06,3.61194e+06,1.55463e+07,0,0,0,0
85.139,85.139,7.60989,0.13,0.04,2.62372,2.74436,0,0.491418,4.47552,4.3624e+06,2.70226e+06,1.14457e+07,0,0,0,0,99.3022,98.274,8.75122,0,1,1.7148,1.59417,0,1.32486,2.1168,9.06595e+06,3.61194e+06,1.55463e+07,0,0,0,0
85.139,85.139,8.30754,0.13,0.04,2.72546,2.84557,0,0.491686,4.47552,4.3624e+06,2.70226e+06,1.18895e+07,0,0,0,0,99.3022,98.274,9.29767,0,1,1.77894,1.65883,0,1.32486,2.1168,9.06595e+06,3.61194e+06,1.61278e+07,0,0,0,0
85.139,85.139,7.70847,0.13,0.04,2.79105,2.84651,0,0.510751,4.47552,4.3624e+06,2.70226e+06,1.21757e+07,0,0,0,0,99.3022,98.274,8.951,0,1,1.71483,1.65938,0,1.37441,2.1168,9.06595e+06,3.61194e+06,1.55465e+07,0,0,0,0
85.139,85.139,6.70367,0.12,0.04,2.79254,2.84744,0,0.523044,4.47552,4.3624e+06,2.70226e+06,1.21822e+07,0,0,0,0,99.3022,98.274,6.92747,0,1,1.71483,1.65992,0,1.32487,2.1168,9.06595e+06,3.61194e+06,1.55465e+07,0,0,0,0
85.139,85.139,5.41568,0.12,0.04,2.79402,2.84838,0,0.523322,4.47552,4.3624e+06,2.70226e+06,1.21886e+07,0,0,0,0,99.3022,98.274,5.09048,0,1,1.71483,1.66047,0,1.32487,2.1168,9.06595e+06,3.61194e+06,1.55465e+07,0,0,0,0
85.139,85.139,5.534,0.11,0.04,2.75623,2.81005,0,0.5236,4.47552,4.3624e+06,2.70226e+06,1.20238e+07,0,0,0,0,99.3022,98.274,6.33111,0,1,1.68988,1.63607,0,1.32487,2.1168,9.06595e+06,3.61194e+06,1.53204e+07,0,0,0,0
85.139,85.139,5.08761,0.1,0.04,2.73276,2.81097,0,0.516518,4.47552,4.3624e+06,2.70226e+06,1.19214e+07,0,0,0,0,99.3022,98.274,5.6968,0,1,1.71482,1.63661,0,1.3056,2.1168,9.06595e+06,3.61194e+06,1.55465e+07,0,0,0,0
85.139,85.139,4.78589,0.08,0.04,2.73422,2.8119,0,0.51212,4.47552,4.3624e+06,2.70226e+06,1.19278e+07,0,0,0,0,99.3022,98.274,4.91488,0,1,1.71482,1.63715,0,1.32487,2.1168,9.06595e+06,3.61194e+06,1.55465e+07,0,0,0,0
85.139,85.139,4.39488,0.08,0.04,2.73569,2.81282,0,0.512394,4.47552,4.3624e+06,2.70226e+06,1.19342e+07,0,0,0,0,99.3022,98.274,4.63319,0,1,1.71482,1.63769,0,1.32487,2.1168,9.06595e+06,3.61194e+06,1.55465e+07,0,0,0,0
85.139,85.139,4.00545,0.07,0.04,2.87063,2.94722,0,0.512668,4.47552,4.3624e+06,2.70226e+06,1.25228e+07,0,0,0,0,99.3022,98.274,4.36909,0,1,1.80339,1.7268,0,1.32487,2.1168,9.06595e+06,3.61194e+06,1.63494e+07,0,0,0,0
85.139,85.139,3.7112,0.07,0.04,2.94819,2.94819,0,0.537955,4.47552,4.3624e+06,2.70226e+06,1.28612e+07,0,0,0,0,99.3022,98.274,3.92045,0,1,1.72736,1.72736,0,1.3933,2.1168,9.06595e+06,3.61194e+06,1.56602e+07,0,0,0,0
85.139,85.139,3.54959,0.07,0.04,2.94916,2.94916,0,0.552491,4.47552,4.3624e+06,2.70226e+06,1.28654e+07,0,0,0,0,99.3022,98.274,3.86864,0,1,1.72793,1.72793,0,1.33456,2.1168,9.06595e+06,3.61194e+06,1.56653e+07,0,0,0,0
85.139,85.139,3.39129,0.06,0.04,2.95013,2.95013,0,0.552672,4.47552,4.3624e+06,2.70226e+06,1.28696e+07,0,0,0,0,99.3022,98.274,4.03897,0,1,1.7285,1.7285,0,1.335,2.1168,9.06595e+06,3.61194e+06,1.56705e+07,0,0,0,0
85.0674,85.139,3.13553,0.04,0.04,2.9511,2.9511,0,0.552854,4.47552,4.3624e+06,2.70226e+06,1.28739e+07,0,0,0,0,99.3022,98.274,3.94317,0,1,1.72907,1.72907,0,1.33544,2.1168,9.06595e+06,3.61194e+06,1.56756e+07,0,0,0,0
84.9065,85.139,2.98536,0.07,0.04,2.92563,2.92563,0,0.553036,4.47552,4.3624e+06,2.70226e+06,1.27628e+07,0,0,0,0,99.3022,98.274,4.21378,0,1,1.7784,1.7784,0,1.33588,2.1168,9.06595e+06,3.61194e+06,1.61229e+07,0,0,0,0
84.6212,85.139,2.84842,0.07,0.04,2.92659,2.92659,0,0.548263,4.47552,4.3624e+06,2.70226e+06,1.2767e+07,0,0,0,0,99.3022,98.274,4.11956,0,1,1.77898,1.77898,0,1.37399,2.1168,9.06595e+06,3.61194e+06,1.61282e+07,0,0,0,0
84.212,85.139,2.6913,0.05,0.04,2.92755,2.92755,0,0.548443,4.47552,4.3624e+06,2.70226e+06,1.27711e+07,0,0,0,0,99.3022,98.274,4.10162,0,1,1.77956,1.77956,0,1.37444,2.1168,9.06595e+06,3.61194e+06,1.61335e+07,0,0,0,0
83.5841,85.139,2.47658,0.06,0.04,2.92851,2.92851,0,0.548623,4.47552,4.3624e+06,2.70226e+06,1.27753e+07,0,0,0,0,99.3022,98.274,3.95797,0,1,1.78015,1.78015,0,1.37489,2.1168,9.06595e+06,3.61194e+06,1.61388e+07,0,0,0,0
82.7555,85.139,2.28402,0.05,0.04,2.99784,2.99784,0,0.548803,4.47552,4.3624e+06,2.70226e+06,1.30778e+07,0,0,0,0,99.3022,98.274,3.61955,0,1,1.82425,1.82425,0,1.37534,2.1168,9.06595e+06,3.61194e+06,1.65385e+07,0,0,0,0
81.9815,85.139,2.37911,0.06,0.04,2.99883,2.99883,0,0.561796,4.47552,4.3624e+06,2.70226e+06,1.30821e+07,0,0,0,0,99.3022,98.274,4.01175,0,1,1.82485,1.82485,0,1.40941,2.1168,9.06595e+06,3.61194e+06,1.6544e+07,0,0,0,0
81.0646,85.139,2.1904,0.06,0.04,2.99981,2.99981,0,0.56198,4.47552,4.3624e+06,2.70226e+06,1.30864e+07,0,0,0,0,99.3022,98.274,3.78579,0,1,1.82545,1.82545,0,1.40988,2.1168,9.06595e+06,3.61194e+06,1.65494e+07,0,0,0,0
79.969,85.139,1.99397,0.07,0.04,3.0008,3.0008,0,0.562165,4.47552,4.3624e+06,2.70226e+06,1.30907e+07,0,0,0,0,99.3022,98.274,3.34018,0,1,1.82605,1.82605,0,1.41034,2.1168,9.06595e+06,3.61194e+06,1.65548e+07,0,0,0,0
78.9011,85.139,2.12431,0.07,0.04,3.14732,3.20226,0,0.562349,4.47552,4.3624e+06,2.98533e+06,1.37298e+07,0,0,0,0,99.3022,98.274,4.07693,1,1,1.94987,1.98391,0,1.4108,2.1168,9.06595e+06,3.9903e+06,1.76774e+07,0,0,0,0
77.9444,85.139,2.2395,0.13,0.04,3.14835,3.20331,0,0.589807,4.47552,4.3624e+06,2.98533e+06,1.37344e+07,0,0,0,0,99.3022,98.274,4.00388,1,1,1.95051,1.98456,0,1.50647,2.1168,9.06595e+06,3.9903e+06,1.76832e+07,0,0,0,0
76.5611,85.139,1.82211,0.13,0.04,3.14938,3.20436,0,0.590001,4.47552,4.3624e+06,2.98533e+06,1.37389e+07,0,0,0,0,99.3022,98.274,3.02105,1,1,1.95115,1.98521,0,1.50697,2.1168,9.06595e+06,3.9903e+06,1.76891e+07,0,0,0,0
75.5434,85.139,2.15727,0.12,0.04,3.15042,3.20541,0,0.590194,4.47552,4.3624e+06,2.98533e+06,1.37434e+07,0,0,0,0,99.3022,98.274,4.90675,1,1,1.95179,1.98586,0,1.50746,2.1168,9.06595e+06,3.9903e+06,1.76949e+07,0,0,0,0
74.137,85.139,1.74623,0.12,0.04,3.15145,3.20646,0,0.590388,4.47552,4.3624e+06,2.98533e+06,1.37479e+07,0,0,0,0,99.3022,98.274,3.61903,1,1,1.95243,1.98652,0,1.50795,2.1168,9.06595e+06,3.9903e+06,1.77007e+07,0,0,0,0
73.2833,85.139,2.33488,0.13,0.04,3.10965,3.10965,0,0.590582,4.47552,4.3624e+06,2.70226e+06,1.35655e+07,0,0,0,0,99.3022,98.274,3.61176,0,1,1.89156,1.89156,0,1.50845,2.1168,9.06595e+06,3.61194e+06,1.71488e+07,0,0,0,0
72.2943,85.139,2.16752,0.14,0.04,3.11067,3.11067,0,0.582749,4.47552,4.3624e+06,2.70226e+06,1.357e+07,0,0,0,0,99.3022,98.274,5.60733,0,1,1.89218,1.89218,0,1.46142,2.1168,9.06595e+06,3.61194e+06,1.71544e+07,0,0,0,0
71.0761,85.139,1.9348,0.14,0.04,3.11169,3.11169,0,0.58294,4.47552,4.3624e+06,2.70226e+06,1.35744e+07,0,0,0,0,99.3022,98.274,3.46288,0,1,1.8928,1.8928,0,1.4619,2.1168,9.06595e+06,3.61194e+06,1.716e+07,0,0,0,0
69.5593,85.139,1.61443,0.14,0.04,3.11271,3.11271,0,0.583131,4.47552,4.3624e+06,2.70226e+06,1.35789e+07,0,0,0,0,99.3022,98.274,3.0782,0,1,1.89342,1.89342,0,1.46238,2.1168,9.06595e+06,3.61194e+06,1.71656e+07,0,0,0,0
67.8801,85.139,1.44519,0.13,0.04,3.0333,3.0333,0,0.583322,4.47552,4.3624e+06,2.70226e+06,1.32325e+07,0,0,0,0,99.3022,98.274,2.29481,0,1,1.8069,1.8069,0,1.46286,2.1168,9.06595e+06,3.61194e+06,1.63812e+07,0,0,0,0
65.9265,85.139,1.19916,0.16,0.04,3.03429,3.03429,0,0.56844,4.47552,4.3624e+06,2.70226e+06,1.32368e+07,0,0,0,0,99.3022,98.274,3.61284,0,1,1.80749,1.80749,0,1.39601,2.1168,9.06595e+06,3.61194e+06,1.63866e+07,0,0,0,0
65.8038,85.139,3.2312,0.15,0.04,3.03529,3.03529,0,0.568626,4.47552,4.3624e+06,2.70226e+06,1.32411e+07,0,0,0,0,99.3022,98.274,7.38338,0,1,1.80808,1.80808,0,1.39646,2.1168,9.06595e+06,3.61194e+06,1.6392e+07,0,0,0,0
64.4313,85.139,1.87153,0.14,0.04,3.03628,3.03628,0,0.568813,4.47552,4.3624e+06,2.70226e+06,1.32455e+07,0,0,0,0,99.3022,98.274,3.87878,0,1,1.80867,1.80867,0,1.39692,2.1168,9.06595e+06,3.61194e+06,1.63973e+07,0,0,0,0
63.1943,85.139,1.78278,0.14,0.04,2.80854,2.80854,0,0.568999,4.47552,4.3624e+06,2.70226e+06,1.2252e+07,0,0,0,0,99.3022,98.274,3.39166,0,1,1.62753,1.62753,0,1.39738,2.1168,9.06595e+06,3.61194e+06,1.47551e+07,0,0,0,0
61.6785,85.139,1.45241,0.15,0.04,2.72271,2.80946,0,0.52632,4.47552,4.3624e+06,2.70226e+06,1.18775e+07,0,0,0,0,99.3022,98.274,3.27906,0,1,1.71481,1.62806,0,1.25743,2.1168,9.06595e+06,3.61194e+06,1.55464e+07,0,0,0,0
60.674,85.139,1.97593,0.17,0.04,2.72416,2.81038,0,0.510235,4.47552,4.3624e+06,2.70226e+06,1.18839e+07,0,0,0,0,99.3022,98.274,4.31343,0,1,1.71481,1.6286,0,1.32486,2.1168,9.06595e+06,3.61194e+06,1.55464e+07,0,0,0,0
59.1315,85.139,1.45896,0.18,0.04,2.72561,2.8113,0,0.510508,4.47552,4.3624e+06,2.70226e+06,1.18902e+07,0,0,0,0,99.3022,98.274,3.72636,0,1,1.71481,1.62913,0,1.32486,2.1168,9.06595e+06,3.61194e+06,1.55464e+07,0,0,0,0
57.3138,85.139,1.12868,0.21,0.04,2.72707,2.81222,0,0.51078,4.47552,4.3624e+06,2.70226e+06,1.18966e+07,0,0,0,0,99.1513,98.274,3.06751,0,1,1.71481,1.62966,0,1.32486,2.1168,9.06595e+06,3.61194e+06,1.55464e+07,0,0,0,0
58.8181,85.139,4.62113,0.23,0.04,2.81662,2.90124,0,0.511053,4.47552,4.3624e+06,2.70226e+06,1.22872e+07,0,0,0,0,99.1673,98.274,2.48543,0,1,1.76751,1.68289,0,1.32487,2.1168,9.06595e+06,3.61194e+06,1.60242e+07,0,0,0,0
59.0548,85.139,3.3445,0.23,0.04,2.87077,2.90215,0,0.527835,4.47552,4.3624e+06,2.70226e+06,1.25234e+07,0,0,0,0,99.3022,98.274,2.58519,0,1,1.71481,1.68342,0,1.36558,2.1168,9.06595e+06,3.61194e+06,1.55464e+07,0,0,0,0
66.9029,85.139,11.4458,0.24,0.04,2.87221,2.90306,0,0.537981,4.47552,4.3624e+06,2.70226e+06,1.25297e+07,0,0,0,0,99.3022,98.274,7.267,0,1,1.71481,1.68395,0,1.32486,2.1168,9.06595e+06,3.61194e+06,1.55464e+07,0,0,0,0
70.1062,85.139,6.56418,0.22,0.04,2.87365,2.90397,0,0.538251,4.47552,4.3624e+06,2.70226e+06,1.2536e+07,0,0,0,0,99.3022,98.274,4.43603,0,1,1.71481,1.68448,0,1.32486,2.1168,9.06595e+06,3.61194e+06,1.55464e+07,0,0,0,0
72.9958,85.139,6.49199,0.18,0.04,3.15842,3.18822,0,0.538521,4.47552,4.3624e+06,2.70226e+06,1.37783e+07,0,0,0,0,99.3022,98.274,5.24228,0,1,1.91293,1.88313,0,1.32486,2.1168,9.06595e+06,3.61194e+06,1.73425e+07,0,0,0,0
73.503,85.139,4.04086,0.19,0.04,3.18922,3.18922,0,0.591888,4.47552,4.3624e+06,2.70226e+06,1.39127e+07,0,0,0,0,99.3022,98.274,2.75035,0,1,1.88372,1.88372,0,1.47793,2.1168,9.06595e+06,3.61194e+06,1.70777e+07,0,0,0,0
74.5797,85.139,4.62556,0.21,0.04,3.19022,3.19022,0,0.597661,4.47552,4.3624e+06,2.70226e+06,1.3917e+07,0,0,0,0,99.3022,98.274,3.18632,0,1,1.88431,1.88431,0,1.45536,2.1168,9.06595e+06,3.61194e+06,1.70831e+07,0,0,0,0
76.3321,85.139,5.40186,0.16,0.04,3.19123,3.19123,0,0.597848,4.47552,4.3624e+06,2.70226e+06,1.39214e+07,0,0,0,0,99.3022,98.274,3.3902,0,1,1.8849,1.8849,0,1.45582,2.1168,9.06595e+06,3.61194e+06,1.70885e+07,0,0,0,0
77.6573,85.139,4.60878,0.18,0.04,2.78759,2.78759,0,0.598036,4.47552,4.3624e+06,2.70226e+06,1.21606e+07,0,0,0,0,99.3022,98.274,3.90347,0,1,1.61928,1.61928,0,1.45628,2.1168,9.06595e+06,3.61194e+06,1.46803e+07,0,0,0,0
78.7264,85.139,4.26861,0.19,0.04,2.69347,2.78847,0,0.522395,4.47552,4.3624e+06,2.70226e+06,1.175e+07,0,0,0,0,99.3022,98.274,4.10163,0,1,1.71479,1.61979,0,1.25106,2.1168,9.06595e+06,3.61194e+06,1.55462e+07,0,0,0,0
81.2974,85.139,5.90568,0.22,0.04,2.69485,2.78934,0,0.504756,4.47552,4.3624e+06,2.70226e+06,1.1756e+07,0,0,0,0,99.3022,98.274,4.36436,0,1,1.71479,1.6203,0,1.32485,2.1168,9.06595e+06,3.61194e+06,1.55462e+07,0,0,0,0
84.3737,85.139,6.4093,0.18,0.04,2.69623,2.79022,0,0.505015,4.47552,4.3624e+06,2.70226e+06,1.17621e+07,0,0,0,0,99.3022,98.274,4.4673,0,1,1.71479,1.62081,0,1.32485,2.1168,9.06595e+06,3.61194e+06,1.55462e+07,0,0,0,0
85.139,85.139,6.15036,0.2,0.04,2.69762,2.79109,0,0.505274,4.47552,4.3624e+06,2.70226e+06,1.17681e+07,0,0,0,0,99.3022,98.274,4.8946,0,1,1.71479,1.62131,0,1.32485,2.1168,9.06595e+06,3.61194e+06,1.55462e+07,0,0,0,0
85.139,85.139,6.24507,0.15,0.04,2.80102,2.89398,0,0.505534,4.47552,4.3624e+06,2.70226e+06,1.22191e+07,0,0,0,0,99.3022,98.274,3.89826,0,1,1.78002,1.68705,0,1.32485,2.1168,9.06595e+06,3.61194e+06,1.61375e+07,0,0,0,0
85.139,85.139,5.85772,0.15,0.04,2.86766,2.89489,0,0.52491,4.47552,4.3624e+06,2.70226e+06,1.25099e+07,0,0,0,0,99.3022,98.274,6.08321,0,1,1.71481,1.68758,0,1.37524,2.1168,9.06595e+06,3.61194e+06,1.55464e+07,0,0,0,0
85.139,85.139,4.98261,0.14,0.04,2.8691,2.8958,0,0.537399,4.47552,4.3624e+06,2.70226e+06,1.25161e+07,0,0,0,0,99.3022,98.274,6.3045,0,1,1.71481,1.68811,0,1.32486,2.1168,9.06595e+06,3.61194e+06,1.55464e+07,0,0,0,0
85.139,85.139,3.7173,0.13,0.04,2.87053,2.8967,0,0.537669,4.47552,4.3624e+06,2.70226e+06,1.25224e+07,0,0,0,0,99.3022,98.274,4.57565,0,1,1.71481,1.68864,0,1.32486,2.1168,9.06595e+06,3.61194e+06,1.55464e+07,0,0,0,0
85.139,85.139,3.56806,0.12,0.04,2.83203,2.85768,0,0.537938,4.47552,4.3624e+06,2.70226e+06,1.23545e+07,0,0,0,0,99.3022,98.274,4.21412,0,1,1.68944,1.6638,0,1.32486,2.1168,9.06595e+06,3.61194e+06,1.53164e+07,0,0,0,0
85.139,85.139,3.97033,0.13,0.04,2.80809,2.85857,0,0.530723,4.47552,4.3624e+06,2.70226e+06,1.225e+07,0,0,0,0,99.3022,98.274,4.15492,0,1,1.7148,1.66432,0,1.30526,2.1168,9.06595e+06,3.61194e+06,1.55463e+07,0,0,0,0
85.139,85.139,3.58819,0.12,0.04,2.80951,2.85947,0,0.526237,4.47552,4.3624e+06,2.70226e+06,1.22562e+07,0,0,0,0,99.3022,98.274,4.09238,0,1,1.7148,1.66485,0,1.32486,2.1168,9.06595e+06,3.61194e+06,1.55463e+07,0,0,0,0
85.139,85.139,3.47563,0.09,0.04,2.81093,2.86036,0,0.526503,4.47552,4.3624e+06,2.70226e+06,1.22624e+07,0,0,0,0,99.3022,98.274,3.97774,0,1,1.7148,1.66537,0,1.32486,2.1168,9.06595e+06,3.61194e+06,1.55463e+07,0,0,0,0
85.1172,85.139,3.21222,0.08,0.04,2.94808,2.99699,0,0.526768,4.47552,4.3624e+06,2.70226e+06,1.28607e+07,0,0,0,0,99.3022,98.274,3.79712,0,1,1.80487,1.75596,0,1.32486,2.1168,9.06595e+06,3.61194e+06,1.63629e+07,0,0,0,0
84.9956,85.139,3.14624,0.13,0.04,2.99793,2.99793,0,0.55247,4.47552,4.3624e+06,2.70226e+06,1.30782e+07,0,0,0,0,99.3022,98.274,4.07969,0,1,1.75651,1.75651,0,1.39444,2.1168,9.06595e+06,3.61194e+06,1.59244e+07,0,0,0,0
84.5245,85.139,2.78584,0.1,0.04,2.99887,2.99887,0,0.561812,4.47552,4.3624e+06,2.70226e+06,1.30823e+07,0,0,0,0,99.3022,98.274,3.84823,0,1,1.75706,1.75706,0,1.35708,2.1168,9.06595e+06,3.61194e+06,1.59294e+07,0,0,0,0
83.833,85.139,2.54218,0.09,0.04,2.99981,2.99981,0,0.561988,4.47552,4.3624e+06,2.70226e+06,1.30864e+07,0,0,0,0,99.3022,98.274,3.65274,0,1,1.75761,1.75761,0,1.3575,2.1168,9.06595e+06,3.61194e+06,1.59344e+07,0,0,0,0
83.06,85.139,2.42551,0.08,0.04,3.00075,3.00075,0,0.562164,4.47552,4.3624e+06,2.70226e+06,1.30905e+07,0,0,0,0,99.3022,98.274,3.21731,0,1,1.75816,1.75816,0,1.35793,2.1168,9.06595e+06,3.61194e+06,1.59394e+07,0,0,0,0
83.0054,85.139,3.07729,0.09,0.04,2.9748,2.9748,0,0.56234,4.47552,4.3624e+06,2.70226e+06,1.29773e+07,0,0,0,0,99.3022,98.274,2.83647,0,1,1.80829,1.80829,0,1.35835,2.1168,9.06595e+06,3.61194e+06,1.63938e+07,0,0,0,0
82.7125,85.139,2.83715,0.08,0.04,2.97573,2.97573,0,0.557478,4.47552,4.3624e+06,2.70226e+06,1.29813e+07,0,0,0,0,99.2544,98.274,2.81308,0,1,1.80885,1.80885,0,1.39708,2.1168,9.06595e+06,3.61194e+06,1.6399e+07,0,0,0,0
82.1786,85.139,2.58941,0.07,0.04,2.97667,2.97667,0,0.557653,4.47552,4.3624e+06,2.70226e+06,1.29854e+07,0,0,0,0,99.2483,98.274,2.53421,0,1,1.80942,1.80942,0,1.39752,2.1168,9.06595e+06,3.61194e+06,1.64041e+07,0,0,0,0
81.4636,85.139,2.37664,0.08,0.04,2.9776,2.9776,0,0.557827,4.47552,4.3624e+06,2.70226e+06,1.29895e+07,0,0,0,0,98.9091,98.274,2.47264,0,1,1.80999,1.80999,0,1.39796,2.1168,9.06595e+06,3.61194e+06,1.64092e+07,0,0,0,0
80.4554,85.139,2.09636,0.08,0.04,3.04804,3.04804,0,0.558002,4.47552,4.3624e+06,2.70226e+06,1.32968e+07,0,0,0,0,98.3306,98.274,1.81668,0,1,1.85479,1.85479,0,1.3984,2.1168,9.06595e+06,3.61194e+06,1.68155e+07,0,0,0,0
79.5437,85.139,2.20836,0.07,0.04,3.049,3.049,0,0.571203,4.47552,4.3624e+06,2.70226e+06,1.33009e+07,0,0,0,0,97.843,98.274,1.7664,0,1,1.85538,1.85538,0,1.43301,2.1168,9.06595e+06,3.61194e+06,1.68207e+07,0,0,0,0
78.4491,85.139,1.99827,0.07,0.04,3.04995,3.04995,0,0.571382,4.47552,4.3624e+06,2.70226e+06,1.33051e+07,0,0,0,0,97.1128,98.274,1.64924,0,1,1.85596,1.85596,0,1.43346,2.1168,9.06595e+06,3.61194e+06,1.6826e+07,0,0,0,0
77.1888,85.139,1.8195,0.13,0.04,3.0509,3.0509,0,0.571561,4.47552,4.3624e+06,2.70226e+06,1.33093e+07,0,0,0,0,96.4871,98.274,1.45194,0,1,1.85654,1.85654,0,1.43391,2.1168,9.06595e+06,3.61194e+06,1.68313e+07,0,0,0,0
75.9207,85.139,1.91773,0.13,0.04,3.19982,3.25568,0,0.57174,4.47552,4.3624e+06,2.98533e+06,1.39589e+07,0,0,0,0,95.4799,98.274,1.73454,1,1,1.9824,2.01701,0,1.43436,2.1168,9.06595e+06,3.9903e+06,1.79723e+07,0,0,0,0
74.3931,85.139,1.6554,0.14,0.04,3.20082,3.2567,0,0.599646,4.47552,4.3624e+06,2.98533e+06,1.39633e+07,0,0,0,0,94.3167,98.274,1.13273,1,1,1.98302,2.01764,0,1.5316,2.1168,9.06595e+06,3.9903e+06,1.7978e+07,0,0,0,0
72.6819,85.139,1.47726,0.14,0.04,3.20182,3.25772,0,0.599834,4.47552,4.3624e+06,2.98533e+06,1.39676e+07,0,0,0,0,93.1701,98.274,1.08692,1,1,1.98364,2.01827,0,1.53208,2.1168,9.06595e+06,3.9903e+06,1.79836e+07,0,0,0,0
71.0142,85.139,1.49644,0.17,0.04,3.20282,3.25874,0,0.600021,4.47552,4.3624e+06,2.98533e+06,1.3972e+07,0,0,0,0,92.2109,98.274,1.1787,1,1,1.98426,2.0189,0,1.53256,2.1168,9.06595e+06,3.9903e+06,1.79892e+07,0,0,0,0
69.3722,85.139,1.51028,0.17,0.04,3.20383,3.25975,0,0.600209,4.47552,4.3624e+06,2.98533e+06,1.39764e+07,0,0,0,0,91.5669,98.274,1.37222,1,1,1.98488,2.01953,0,1.53304,2.1168,9.06595e+06,3.9903e+06,1.79948e+07,0,0,0,0
67.9454,85.139,1.64366,0.16,0.04,3.10704,3.16128,0,0.600397,4.47552,4.3624e+06,2.98533e+06,1.35542e+07,0,0,0,0,91.5159,98.274,1.93722,1,1,1.88997,1.92296,0,1.53352,2.1168,9.06595e+06,3.9903e+06,1.71344e+07,0,0,0,0
66.7634,85.139,1.93145,0.17,0.04,3.10802,3.16227,0,0.58226,4.47552,4.3624e+06,2.98533e+06,1.35584e+07,0,0,0,0,91.7512,98.274,2.78093,1,1,1.89056,1.92357,0,1.46019,2.1168,9.06595e+06,3.9903e+06,1.71397e+07,0,0,0,0
65.4746,85.139,1.83026,0.18,0.04,3.10899,3.16326,0,0.582442,4.47552,4.3624e+06,2.98533e+06,1.35626e+07,0,0,0,0,92.0003,98.274,2.76112,1,1,1.89115,1.92417,0,1.46065,2.1168,9.06595e+06,3.9903e+06,1.71451e+07,0,0,0,0
64.4142,85.139,2.09241,0.18,0.04,3.10996,3.16425,0,0.582624,4.47552,4.3624e+06,2.98533e+06,1.35669e+07,0,0,0,0,92.505,98.274,3.38122,1,1,1.89174,1.92477,0,1.4611,2.1168,9.06595e+06,3.9903e+06,1.71505e+07,0,0,0,0
63.1454,85.139,1.98248,0.18,0.04,3.08347,3.08347,0,0.582806,4.47552,4.3624e+06,2.70226e+06,1.34513e+07,0,0,0,0,92.7696,98.274,2.97727,0,1,1.83678,1.83678,0,1.46156,2.1168,9.06595e+06,3.61194e+06,1.66522e+07,0,0,0,0
61.3201,85.139,1.31995,0.17,0.04,3.08444,3.08444,0,0.577843,4.47552,4.3624e+06,2.70226e+06,1.34555e+07,0,0,0,0,92.3189,98.274,2.2258,0,1,1.83736,1.83736,0,1.4191,2.1168,9.06595e+06,3.61194e+06,1.66574e+07,0,0,0,0
59.7333,85.139,1.55286,0.2,0.04,3.0854,3.0854,0,0.578023,4.47552,4.3624e+06,2.70226e+06,1.34597e+07,0,0,0,0,92.2616,98.274,1.73456,0,1,1.83793,1.83793,0,1.41954,2.1168,9.06595e+06,3.61194e+06,1.66626e+07,0,0,0,0
60.9753,85.139,4.46838,0.19,0.04,3.08636,3.08636,0,0.578204,4.47552,4.3624e+06,2.70226e+06,1.34639e+07,0,0,0,0,93.4118,98.274,5.35628,0,1,1.83851,1.83851,0,1.41999,2.1168,9.06595e+06,3.61194e+06,1.66678e+07,0,0,0,0
61.6644,85.139,3.78894,0.18,0.04,2.85482,2.85482,0,0.578384,4.47552,4.3624e+06,2.70226e+06,1.24538e+07,0,0,0,0,94.1166,98.274,4.54831,0,1,1.65435,1.65435,0,1.42043,2.1168,9.06595e+06,3.61194e+06,1.49983e+07,0,0,0,0
61.9036,85.139,3.28231,0.18,0.04,2.79578,2.85571,0,0.534993,4.47552,4.3624e+06,2.70226e+06,1.21963e+07,0,0,0,0,94.155,98.274,2.5506,0,1,1.7148,1.65487,0,1.27815,2.1168,9.06595e+06,3.61194e+06,1.55463e+07,0,0,0,0
62.3332,85.139,3.58979,0.19,0.04,2.79719,2.8566,0,0.523929,4.47552,4.3624e+06,2.70226e+06,1.22024e+07,0,0,0,0,94.4921,98.274,2.63411,0,1,1.7148,1.65538,0,1.32485,2.1168,9.06595e+06,3.61194e+06,1.55463e+07,0,0,0,0
64.226,85.139,5.1427,0.2,0.04,2.79859,2.85749,0,0.524193,4.47552,4.3624e+06,2.70226e+06,1.22086e+07,0,0,0,0,96.3025,98.274,6.24895,0,1,1.7148,1.6559,0,1.32485,2.1168,9.06595e+06,3.61194e+06,1.55463e+07,0,0,0,0
66.5123,85.139,5.66066,0.19,0.04,2.8,2.85838,0,0.524457,4.47552,4.3624e+06,2.70226e+06,1.22147e+07,0,0,0,0,97.1392,98.274,4.52698,0,1,1.7148,1.65642,0,1.32485,2.1168,9.06595e+06,3.61194e+06,1.55463e+07,0,0,0,0
69.0726,85.139,5.94218,0.2,0.04,2.89096,2.94882,0,0.524721,4.47552,4.3624e+06,2.70226e+06,1.26115e+07,0,0,0,0,99.0208,98.274,6.32465,0,1,1.76836,1.71049,0,1.32485,2.1168,9.06595e+06,3.61194e+06,1.60318e+07,0,0,0,0
80.0222,85.139,14.9979,0.19,0.04,2.94592,2.9497,0,0.541766,4.47552,4.3624e+06,2.70226e+06,1.28513e+07,0,0,0,0,99.3022,98.274,10.5116,0,1,1.71479,1.71101,0,1.36623,2.1168,9.06595e+06,3.61194e+06,1.55462e+07,0,0,0,0
85.139,85.139,9.17396,0.13,0.04,2.94731,2.95059,0,0.552065,4.47552,4.3624e+06,2.70226e+06,1.28574e+07,0,0,0,0,99.3022,98.274,7.55198,0,1,1.71479,1.71152,0,1.32485,2.1168,9.06595e+06,3.61194e+06,1.55462e+07,0,0,0,0
85.139,85.139,5.72134,0.11,0.04,2.94871,2.95147,0,0.552326,4.47552,4.3624e+06,2.70226e+06,1.28634e+07,0,0,0,0,99.3022,98.274,4.7504,0,1,1.71479,1.71203,0,1.32485,2.1168,9.06595e+06,3.61194e+06,1.55462e+07,0,0,0,0
85.139,85.139,8.51601,0.11,0.04,3.18472,3.24032,0,0.552588,4.47552,4.3624e+06,2.98533e+06,1.3893e+07,0,0,0,0,99.3022,98.274,6.62989,1,1,1.88106,1.9139,0,1.32485,2.1168,9.06595e+06,3.9903e+06,1.70536e+07,0,0,0,0
85.139,85.139,16.8012,0.11,0.04,3.18567,3.24129,0,0.596817,4.47552,4.3624e+06,2.98533e+06,1.38972e+07,0,0,0,0,99.3022,98.274,18.8093,1,1,1.88162,1.91447,0,1.45331,2.1168,9.06595e+06,3.9903e+06,1.70587e+07,0,0,0,0
85.139,85.139,13.3665,0.11,0.04,3.18663,3.24225,0,0.596995,4.47552,4.3624e+06,2.98533e+06,1.39013e+07,0,0,0,0,99.3022,98.274,14.2375,1,1,1.88219,1.91504,0,1.45374,2.1168,9.06595e+06,3.9903e+06,1.70638e+07,0,0,0,0
85.139,85.139,15.8616,0.11,0.04,3.18758,3.24322,0,0.597174,4.47552,4.3624e+06,2.98533e+06,1.39055e+07,0,0,0,0,99.3022,98.274,20.5961,1,1,1.88275,1.91562,0,1.45418,2.1168,9.06595e+06,3.9903e+06,1.70689e+07,0,0,0,0
85.139,85.139,8.38844,0.18,0.04,2.83297,2.83297,0,0.597352,4.47552,4.3624e+06,2.70226e+06,1.23585e+07,0,0,0,0,99.3022,98.274,7.71626,0,1,1.64564,1.64564,0,1.45461,2.1168,9.06595e+06,3.61194e+06,1.49193e+07,0,0,0,0
85.139,85.139,5.46428,0.18,0.04,2.76518,2.83382,0,0.530899,4.47552,4.3624e+06,2.70226e+06,1.20628e+07,0,0,0,0,99.3022,98.274,5.37595,0,1,1.71477,1.64613,0,1.27142,2.1168,9.06595e+06,3.61194e+06,1.5546e+07,0,0,0,0
85.139,85.139,6.34401,0.18,0.04,2.76652,2.83466,0,0.518194,4.47552,4.3624e+06,2.70226e+06,1.20686e+07,0,0,0,0,99.3022,98.274,5.91203,0,1,1.71477,1.64662,0,1.32483,2.1168,9.06595e+06,3.61194e+06,1.5546e+07,0,0,0,0
85.139,85.139,7.2315,0.18,0.04,2.76785,2.83551,0,0.518445,4.47552,4.3624e+06,2.70226e+06,1.20745e+07,0,0,0,0,99.3022,98.274,6.11949,0,1,1.71477,1.64712,0,1.32483,2.1168,9.06595e+06,3.61194e+06,1.5546e+07,0,0,0,0
85.139,85.139,10.4256,0.18,0.04,2.76919,2.83636,0,0.518696,4.47552,4.3624e+06,2.70226e+06,1.20803e+07,0,0,0,0,99.3022,98.274,7.86303,0,1,1.71477,1.64761,0,1.32483,2.1168,9.06595e+06,3.61194e+06,1.5546e+07,0,0,0,0
85.139,85.139,8.63428,0.18,0.04,2.8742,2.94087,0,0.518947,4.47552,4.3624e+06,2.70226e+06,1.25384e+07,0,0,0,0,99.3022,98.274,8.32216,0,1,1.78106,1.71438,0,1.32483,2.1168,9.06595e+06,3.61194e+06,1.6147e+07,0,0,0,0
85.139,85.139,7.78553,0.18,0.04,2.94175,2.94175,0,0.538624,4.47552,4.3624e+06,2.70226e+06,1.28331e+07,0,0,0,0,99.3022,98.274,7.06908,0,1,1.7149,1.7149,0,1.37604,2.1168,9.06595e+06,3.61194e+06,1.55472e+07,0,0,0,0
85.139,85.139,6.64998,0.18,0.04,2.94263,2.94263,0,0.551283,4.47552,4.3624e+06,2.70226e+06,1.28369e+07,0,0,0,0,99.3022,98.274,5.99032,0,1,1.71541,1.71541,0,1.32493,2.1168,9.06595e+06,3.61194e+06,1.55518e+07,0,0,0,0
85.139,85.139,6.02607,0.18,0.04,2.9435,2.9435,0,0.551448,4.47552,4.3624e+06,2.70226e+06,1.28407e+07,0,0,0,0,99.3022,98.274,6.38988,0,1,1.71592,1.71592,0,1.32532,2.1168,9.06595e+06,3.61194e+06,1.55565e+07,0,0,0,0
85.139,85.139,5.21643,0.16,0.04,2.9038,2.9038,0,0.551613,4.47552,4.3624e+06,2.70226e+06,1.26675e+07,0,0,0,0,99.3022,98.274,5.11092,0,1,1.69066,1.69066,0,1.32572,2.1168,9.06595e+06,3.61194e+06,1.53274e+07,0,0,0,0
85.139,85.139,4.76192,0.13,0.04,2.88105,2.90467,0,0.544172,4.47552,4.3624e+06,2.70226e+06,1.25683e+07,0,0,0,0,99.3022,98.274,5.05342,0,1,1.71478,1.69116,0,1.3062,2.1168,9.06595e+06,3.61194e+06,1.55462e+07,0,0,0,0
85.139,85.139,4.50363,0.13,0.04,2.88242,2.90554,0,0.539908,4.47552,4.3624e+06,2.70226e+06,1.25743e+07,0,0,0,0,99.3022,98.274,4.79269,0,1,1.71478,1.69167,0,1.32484,2.1168,9.06595e+06,3.61194e+06,1.55462e+07,0,0,0,0
85.139,85.139,4.16191,0.12,0.04,2.88379,2.9064,0,0.540165,4.47552,4.3624e+06,2.70226e+06,1.25802e+07,0,0,0,0,99.3022,98.274,5.18127,0,1,1.71478,1.69217,0,1.32484,2.1168,9.06595e+06,3.61194e+06,1.55462e+07,0,0,0,0
85.139,85.139,4.01033,0.1,0.04,3.02307,3.04518,0,0.540422,4.47552,4.3624e+06,2.70226e+06,1.31879e+07,0,0,0,0,99.3022,98.274,5.46163,0,1,1.8063,1.78419,0,1.32484,2.1168,9.06595e+06,3.61194e+06,1.63758e+07,0,0,0,0
85.139,85.139,4.05452,0.09,0.04,3.04609,3.04609,0,0.566524,4.47552,4.3624e+06,2.70226e+06,1.32883e+07,0,0,0,0,99.3022,98.274,4.76978,0,1,1.78472,1.78472,0,1.39555,2.1168,9.06595e+06,3.61194e+06,1.61802e+07,0,0,0,0
85.139,85.139,3.6952,0.07,0.04,3.047,3.047,0,0.570837,4.47552,4.3624e+06,2.70226e+06,1.32922e+07,0,0,0,0,99.3022,98.274,3.95781,0,1,1.78526,1.78526,0,1.37888,2.1168,9.06595e+06,3.61194e+06,1.61851e+07,0,0,0,0
85.0624,85.139,3.24805,0.07,0.04,3.04791,3.04791,0,0.571008,4.47552,4.3624e+06,2.70226e+06,1.32962e+07,0,0,0,0,99.3022,98.274,3.97886,0,1,1.78579,1.78579,0,1.37929,2.1168,9.06595e+06,3.61194e+06,1.61899e+07,0,0,0,0
84.8093,85.139,3.01734,0.11,0.04,3.04882,3.04882,0,0.571178,4.47552,4.3624e+06,2.70226e+06,1.33002e+07,0,0,0,0,99.3022,98.274,3.96903,0,1,1.78632,1.78632,0,1.3797,2.1168,9.06595e+06,3.61194e+06,1.61947e+07,0,0,0,0
85.139,85.139,4.054,0.11,0.04,3.02241,3.02241,0,0.571348,4.47552,4.3624e+06,2.70226e+06,1.3185e+07,0,0,0,0,99.3022,98.274,4.90554,0,1,1.83723,1.83723,0,1.38011,2.1168,9.06595e+06,3.61194e+06,1.66562e+07,0,0,0,0
85.139,85.139,4.05508,0.05,0.04,3.02331,3.02331,0,0.5664,4.47552,4.3624e+06,2.70226e+06,1.31889e+07,0,0,0,0,99.3022,98.274,4.85801,0,1,1.83777,1.83777,0,1.41944,2.1168,9.06595e+06,3.61194e+06,1.66612e+07,0,0,0,0
85.139,85.139,3.77582,0.06,0.04,3.02421,3.02421,0,0.566569,4.47552,4.3624e+06,2.70226e+06,1.31928e+07,0,0,0,0,99.3022,98.274,4.50585,0,1,1.83832,1.83832,0,1.41986,2.1168,9.06595e+06,3.61194e+06,1.66661e+07,0,0,0,0
85.139,85.139,3.57235,0.05,0.04,3.02512,3.02512,0,0.566738,4.47552,4.3624e+06,2.70226e+06,1.31968e+07,0,0,0,0,99.3022,98.274,4.25392,0,1,1.83887,1.83887,0,1.42029,2.1168,9.06595e+06,3.61194e+06,1.66711e+07,0,0,0,0
85.139,85.139,3.29854,0.05,0.04,3.09664,3.09664,0,0.566907,4.47552,4.3624e+06,2.70226e+06,1.35088e+07,0,0,0,0,99.3022,98.274,3.4469,0,1,1.88437,1.88437,0,1.42071,2.1168,9.06595e+06,3.61194e+06,1.70836e+07,0,0,0,0
85.139,85.139,3.59474,0.06,0.04,3.09756,3.09756,0,0.58031,4.47552,4.3624e+06,2.70226e+06,1.35128e+07,0,0,0,0,99.3022,98.274,3.49136,0,1,1.88493,1.88493,0,1.45586,2.1168,9.06595e+06,3.61194e+06,1.70887e+07,0,0,0,0
85.139,85.139,3.28733,0.07,0.04,3.09848,3.09848,0,0.580483,4.47552,4.3624e+06,2.70226e+06,1.35168e+07,0,0,0,0,99.3022,98.274,3.41927,0,1,1.88549,1.88549,0,1.4563,2.1168,9.06595e+06,3.61194e+06,1.70938e+07,0,0,0,0
84.8994,85.139,3.01634,0.07,0.04,3.09941,3.09941,0,0.580656,4.47552,4.3624e+06,2.70226e+06,1.35208e+07,0,0,0,0,99.2916,98.274,3.00175,0,1,1.88605,1.88605,0,1.45673,2.1168,9.06595e+06,3.61194e+06,1.70989e+07,0,0,0,0
84.7037,85.139,3.17394,0.12,0.04,3.25064,3.30739,0,0.580829,4.47552,4.3624e+06,2.98533e+06,1.41806e+07,0,0,0,0,99.3022,98.274,3.61554,1,1,2.01389,2.04904,0,1.45716,2.1168,9.06595e+06,3.9903e+06,1.82578e+07,0,0,0,0
84.9399,85.139,3.59308,0.13,0.04,3.25161,3.30837,0,0.60917,4.47552,4.3624e+06,2.98533e+06,1.41848e+07,0,0,0,0,99.2715,98.274,3.44689,1,1,2.01449,2.04965,0,1.55593,2.1168,9.06595e+06,3.9903e+06,1.82632e+07,0,0,0,0
85.139,85.139,4.00055,0.13,0.04,3.25258,3.30936,0,0.609352,4.47552,4.3624e+06,2.98533e+06,1.4189e+07,0,0,0,0,99.3022,98.274,4.08871,1,1,2.01509,2.05026,0,1.55639,2.1168,9.06595e+06,3.9903e+06,1.82687e+07,0,0,0,0
84.9612,85.139,3.23797,0.09,0.04,3.25355,3.31034,0,0.609533,4.47552,4.3624e+06,2.98533e+06,1.41933e+07,0,0,0,0,99.1781,98.274,3.09855,1,1,2.01569,2.05087,0,1.55686,2.1168,9.06595e+06,3.9903e+06,1.82741e+07,0,0,0,0
85.139,85.139,3.85402,0.13,0.04,3.25452,3.31133,0,0.609715,4.47552,4.3624e+06,2.98533e+06,1.41975e+07,0,0,0,0,99.3022,98.274,5.0002,1,1,2.01629,2.05148,0,1.55732,2.1168,9.06595e+06,3.9903e+06,1.82796e+07,0,0,0,0
85.139,85.139,4.07065,0.1,0.04,3.15616,3.21125,0,0.609896,4.47552,4.3624e+06,2.98533e+06,1.37684e+07,0,0,0,0,99.1662,98.274,4.24151,1,1,1.91984,1.95336,0,1.55778,2.1168,9.06595e+06,3.9903e+06,1.74052e+07,0,0,0,0
85.139,85.139,4.07623,0.1,0.04,3.1571,3.21221,0,0.591464,4.47552,4.3624e+06,2.98533e+06,1.37725e+07,0,0,0,0,99.0445,98.274,4.30026,1,1,1.92042,1.95394,0,1.48327,2.1168,9.06595e+06,3.9903e+06,1.74104e+07,0,0,0,0
85.139,85.139,4.6035,0.11,0.04,3.15804,3.21317,0,0.59164,4.47552,4.3624e+06,2.98533e+06,1.37766e+07,0,0,0,0,99.2838,98.274,5.92413,1,1,1.92099,1.95452,0,1.48371,2.1168,9.06595e+06,3.9903e+06,1.74156e+07,0,0,0,0
85.139,85.139,4.45696,0.11,0.04,3.15898,3.21412,0,0.591816,4.47552,4.3624e+06,2.98533e+06,1.37807e+07,0,0,0,0,99.3022,98.274,5.63556,1,1,1.92156,1.9551,0,1.48416,2.1168,9.06595e+06,3.9903e+06,1.74208e+07,0,0,0,0
85.139,85.139,4.27424,0.12,0.04,3.13203,3.13203,0,0.591992,4.47552,4.3624e+06,2.70226e+06,1.36631e+07,0,0,0,0,99.3022,98.274,6.04444,0,1,1.86571,1.86571,0,1.4846,2.1168,9.06595e+06,3.61194e+06,1.69144e+07,0,0,0,0
83.4159,85.139,1.69051,0.12,0.04,3.13296,3.13296,0,0.586941,4.47552,4.3624e+06,2.70226e+06,1.36672e+07,0,0,0,0,99.3022,98.274,3.58966,0,1,1.86626,1.86626,0,1.44144,2.1168,9.06595e+06,3.61194e+06,1.69194e+07,0,0,0,0
84.0116,85.139,3.97491,0.14,0.04,3.13389,3.13389,0,0.587116,4.47552,4.3624e+06,2.70226e+06,1.36713e+07,0,0,0,0,99.3022,98.274,5.45038,0,1,1.86682,1.86682,0,1.44187,2.1168,9.06595e+06,3.61194e+06,1.69245e+07,0,0,0,0
85.139,85.139,8.31403,0.17,0.04,3.13482,3.13482,0,0.587291,4.47552,4.3624e+06,2.70226e+06,1.36753e+07,0,0,0,0,99.3022,98.274,8.75911,0,1,1.86737,1.86737,0,1.4423,2.1168,9.06595e+06,3.61194e+06,1.69295e+07,0,0,0,0
85.139,85.139,4.47404,0.16,0.04,2.8996,2.8996,0,0.587466,4.47552,4.3624e+06,2.70226e+06,1.26492e+07,0,0,0,0,99.3022,98.274,5.61801,0,1,1.6803,1.6803,0,1.44273,2.1168,9.06595e+06,3.61194e+06,1.52335e+07,0,0,0,0
85.139,85.139,5.26751,0.19,0.04,2.86648,2.90046,0,0.543384,4.47552,4.3624e+06,2.70226e+06,1.25047e+07,0,0,0,0,99.3022,98.274,4.89088,0,1,1.71478,1.6808,0,1.2982,2.1168,9.06595e+06,3.61194e+06,1.55461e+07,0,0,0,0
85.139,85.139,4.11287,0.19,0.04,2.86784,2.90132,0,0.537178,4.47552,4.3624e+06,2.70226e+06,1.25107e+07,0,0,0,0,99.3022,98.274,3.6289,0,1,1.71478,1.6813,0,1.32484,2.1168,9.06595e+06,3.61194e+06,1.55461e+07,0,0,0,0
85.139,85.139,4.53894,0.21,0.04,2.8692,2.90218,0,0.537433,4.47552,4.3624e+06,2.70226e+06,1.25166e+07,0,0,0,0,99.3022,98.274,6.52521,0,1,1.71478,1.6818,0,1.32484,2.1168,9.06595e+06,3.61194e+06,1.55461e+07,0,0,0,0
85.139,85.139,7.11626,0.21,0.04,2.87057,2.90305,0,0.537689,4.47552,4.3624e+06,2.70226e+06,1.25226e+07,0,0,0,0,99.3022,98.274,6.03855,0,1,1.71478,1.6823,0,1.32484,2.1168,9.06595e+06,3.61194e+06,1.55461e+07,0,0,0,0
85.139,85.139,12.2609,0.22,0.06,2.96288,2.99486,0,0.537944,4.47552,4.3624e+06,2.70226e+06,1.29252e+07,0,0,0,0,99.3022,98.274,8.99993,0,1,1.76918,1.7372,0,1.32484,2.1168,9.06595e+06,3.61194e+06,1.60393e+07,0,0,0,0
85.139,85.139,8.36189,0.22,0.06,2.99571,2.99571,0,0.555243,4.47552,4.3624e+06,2.70226e+06,1.30685e+07,0,0,0,0,99.3022,98.274,8.45901,0,1,1.73769,1.73769,0,1.36687,2.1168,9.06595e+06,3.61194e+06,1.57538e+07,0,0,0,0
85.139,85.139,7.90333,0.22,0.06,2.99656,2.99656,0,0.561396,4.47552,4.3624e+06,2.70226e+06,1.30722e+07,0,0,0,0,99.3022,98.274,7.26583,0,1,1.73819,1.73819,0,1.34254,2.1168,9.06595e+06,3.61194e+06,1.57583e+07,0,0,0,0
85.139,85.139,6.9738,0.22,0.06,2.99742,2.99742,0,0.561556,4.47552,4.3624e+06,2.70226e+06,1.30759e+07,0,0,0,0,99.3022,98.274,7.26392,0,1,1.73868,1.73868,0,1.34292,2.1168,9.06595e+06,3.61194e+06,1.57628e+07,0,0,0,0
85.139,85.139,7.18769,0.22,0.06,3.23426,3.29072,0,0.561716,4.47552,4.3624e+06,2.98533e+06,1.41091e+07,0,0,0,0,99.3022,98.274,7.62067,1,1,1.91032,1.94367,0,1.34331,2.1168,9.06595e+06,3.9903e+06,1.73189e+07,0,0,0,0
85.139,85.139,5.04445,0.22,0.06,3.23518,3.29166,0,0.6061,4.47552,4.3624e+06,2.98533e+06,1.41131e+07,0,0,0,0,99.3022,98.274,6.12725,1,1,1.91087,1.94422,0,1.47591,2.1168,9.06595e+06,3.9903e+06,1.73238e+07,0,0,0,0
85.139,85.139,5.28582,0.22,0.06,3.2361,3.29259,0,0.606273,4.47552,4.3624e+06,2.98533e+06,1.41172e+07,0,0,0,0,99.3022,98.274,6.97769,1,1,1.91141,1.94478,0,1.47633,2.1168,9.06595e+06,3.9903e+06,1.73287e+07,0,0,0,0
85.139,85.139,5.75981,0.22,0.06,3.23702,3.29353,0,0.606445,4.47552,4.3624e+06,2.98533e+06,1.41212e+07,0,0,0,0,99.3022,98.274,6.99085,1,1,1.91195,1.94533,0,1.47676,2.1168,9.06595e+06,3.9903e+06,1.73337e+07,0,0,0,0
85.139,85.139,6.17383,0.22,0.06,2.87688,2.87688,0,0.606618,4.47552,4.3624e+06,2.70226e+06,1.25501e+07,0,0,0,0,99.3022,98.274,6.73266,0,1,1.67114,1.67114,0,1.47718,2.1168,9.06595e+06,3.61194e+06,1.51505e+07,0,0,0,0
85.0142,85.139,3.2218,0.22,0.06,2.83456,2.87769,0,0.539126,4.47552,4.3624e+06,2.70226e+06,1.23655e+07,0,0,0,0,99.3022,98.274,3.81553,0,1,1.71476,1.67162,0,1.29113,2.1168,9.06595e+06,3.61194e+06,1.55459e+07,0,0,0,0
85.139,85.139,5.1799,0.26,0.06,2.83585,2.87851,0,0.531196,4.47552,4.3624e+06,2.70226e+06,1.23711e+07,0,0,0,0,99.3022,98.274,5.84956,0,1,1.71476,1.6721,0,1.32482,2.1168,9.06595e+06,3.61194e+06,1.55459e+07,0,0,0,0
85.139,85.139,4.80231,0.22,0.06,2.83715,2.87933,0,0.531439,4.47552,4.3624e+06,2.70226e+06,1.23768e+07,0,0,0,0,99.3022,98.274,8.34542,0,1,1.71476,1.67257,0,1.32482,2.1168,9.06595e+06,3.61194e+06,1.55459e+07,0,0,0,0
85.139,85.139,5.48685,0.22,0.06,2.83845,2.88015,0,0.531682,4.47552,4.3624e+06,2.70226e+06,1.23824e+07,0,0,0,0,99.3022,98.274,7.03101,0,1,1.71476,1.67305,0,1.32482,2.1168,9.06595e+06,3.61194e+06,1.55459e+07,0,0,0,0
85.139,85.139,5.74382,0.22,0.06,2.94501,2.98624,0,0.531925,4.47552,4.3624e+06,2.70226e+06,1.28473e+07,0,0,0,0,99.3022,98.274,7.11488,0,1,1.78206,1.74083,0,1.32482,2.1168,9.06595e+06,3.61194e+06,1.61561e+07,0,0,0,0
85.139,85.139,5.97543,0.21,0.06,2.98709,2.98709,0,0.551894,4.47552,4.3624e+06,2.70226e+06,1.30309e+07,0,0,0,0,99.3022,98.274,6.74186,0,1,1.74133,1.74133,0,1.37682,2.1168,9.06595e+06,3.61194e+06,1.57868e+07,0,0,0,0
85.139,85.139,7.7283,0.21,0.06,2.98794,2.98794,0,0.55978,4.47552,4.3624e+06,2.70226e+06,1.30346e+07,0,0,0,0,99.3022,98.274,8.63341,0,1,1.74182,1.74182,0,1.34535,2.1168,9.06595e+06,3.61194e+06,1.57913e+07,0,0,0,0
85.139,85.139,6.41962,0.2,0.06,2.98879,2.98879,0,0.55994,4.47552,4.3624e+06,2.70226e+06,1.30383e+07,0,0,0,0,99.3022,98.274,7.79551,0,1,1.74232,1.74232,0,1.34573,2.1168,9.06595e+06,3.61194e+06,1.57958e+07,0,0,0,0
85.139,85.139,4.45268,0.19,0.06,2.94844,2.94844,0,0.560099,4.47552,4.3624e+06,2.70226e+06,1.28623e+07,0,0,0,0,99.3022,98.274,5.95446,0,1,1.71664,1.71664,0,1.34612,2.1168,9.06595e+06,3.61194e+06,1.5563e+07,0,0,0,0
85.139,85.139,3.3446,0.16,0.06,2.94927,2.94927,0,0.552537,4.47552,4.3624e+06,2.70226e+06,1.28659e+07,0,0,0,0,99.3022,98.274,4.2459,0,1,1.71713,1.71713,0,1.32628,2.1168,9.06595e+06,3.61194e+06,1.55674e+07,0,0,0,0
85.139,85.139,3.33726,0.15,0.06,2.95011,2.95011,0,0.552694,4.47552,4.3624e+06,2.70226e+06,1.28696e+07,0,0,0,0,99.3022,98.274,4.06342,0,1,1.71762,1.71762,0,1.32666,2.1168,9.06595e+06,3.61194e+06,1.55719e+07,0,0,0,0
84.786,85.139,2.8683,0.13,0.06,2.95095,2.95095,0,0.552851,4.47552,4.3624e+06,2.70226e+06,1.28732e+07,0,0,0,0,99.3022,98.274,3.82027,0,1,1.71811,1.71811,0,1.32703,2.1168,9.06595e+06,3.61194e+06,1.55763e+07,0,0,0,0
84.2064,85.139,2.78009,0.18,0.06,3.09182,3.09182,0,0.553009,4.47552,4.3624e+06,2.70226e+06,1.34877e+07,0,0,0,0,99.3022,98.274,3.94961,0,1,1.81152,1.81152,0,1.32741,2.1168,9.06595e+06,3.61194e+06,1.64231e+07,0,0,0,0
83.289,85.139,2.37173,0.19,0.06,3.0927,3.0927,0,0.579406,4.47552,4.3624e+06,2.70226e+06,1.34916e+07,0,0,0,0,99.3022,98.274,3.04964,0,1,1.81203,1.81203,0,1.39958,2.1168,9.06595e+06,3.61194e+06,1.64278e+07,0,0,0,0
82.2591,85.139,2.22622,0.18,0.06,3.09358,3.09358,0,0.579571,4.47552,4.3624e+06,2.70226e+06,1.34954e+07,0,0,0,0,99.3022,98.274,3.10181,0,1,1.81255,1.81255,0,1.39998,2.1168,9.06595e+06,3.61194e+06,1.64325e+07,0,0,0,0
81.1543,85.139,2.13656,0.13,0.06,3.09446,3.09446,0,0.579736,4.47552,4.3624e+06,2.70226e+06,1.34993e+07,0,0,0,0,99.3022,98.274,3.03919,0,1,1.81306,1.81306,0,1.40037,2.1168,9.06595e+06,3.61194e+06,1.64371e+07,0,0,0,0
79.9306,85.139,2.00196,0.13,0.06,3.09534,3.09534,0,0.579901,4.47552,4.3624e+06,2.70226e+06,1.35031e+07,0,0,0,0,99.3022,98.274,2.82873,0,1,1.81358,1.81358,0,1.40077,2.1168,9.06595e+06,3.61194e+06,1.64418e+07,0,0,0,0
79.0074,85.139,2.27354,0.12,0.06,3.06849,3.06849,0,0.580066,4.47552,4.3624e+06,2.70226e+06,1.3386e+07,0,0,0,0,99.3022,98.274,3.53501,0,1,1.86523,1.86523,0,1.40117,2.1168,9.06595e+06,3.61194e+06,1.69101e+07,0,0,0,0
78.0678,85.139,2.26441,0.18,0.06,3.06936,3.06936,0,0.575034,4.47552,4.3624e+06,2.70226e+06,1.33898e+07,0,0,0,0,99.3022,98.274,3.75561,0,1,1.86576,1.86576,0,1.44108,2.1168,9.06595e+06,3.61194e+06,1.69149e+07,0,0,0,0
76.9374,85.139,2.06456,0.16,0.06,3.07023,3.07023,0,0.575198,4.47552,4.3624e+06,2.70226e+06,1.33936e+07,0,0,0,0,99.3022,98.274,3.57226,0,1,1.86629,1.86629,0,1.44149,2.1168,9.06595e+06,3.61194e+06,1.69197e+07,0,0,0,0
75.6495,85.139,1.87465,0.17,0.06,3.0711,3.0711,0,0.575361,4.47552,4.3624e+06,2.70226e+06,1.33974e+07,0,0,0,0,99.3022,98.274,3.31457,0,1,1.86683,1.86683,0,1.4419,2.1168,9.06595e+06,3.61194e+06,1.69245e+07,0,0,0,0
74.2571,85.139,1.73072,0.18,0.06,3.08973,3.14367,0,0.575525,4.47552,4.3624e+06,2.98533e+06,1.34786e+07,0,0,0,0,99.3022,98.274,3.17375,1,1,1.88016,1.91299,0,1.44231,2.1168,9.06595e+06,3.9903e+06,1.70455e+07,0,0,0,0
72.9086,85.139,1.79361,0.18,0.06,3.09061,3.14456,0,0.579016,4.47552,4.3624e+06,2.98533e+06,1.34825e+07,0,0,0,0,99.3022,98.274,3.6147,1,1,1.8807,1.91353,0,1.45261,2.1168,9.06595e+06,3.9903e+06,1.70503e+07,0,0,0,0
71.4232,85.139,1.61603,0.19,0.06,3.09149,3.14546,0,0.57918,4.47552,4.3624e+06,2.98533e+06,1.34863e+07,0,0,0,0,99.3022,98.274,3.3805,1,1,1.88123,1.91407,0,1.45303,2.1168,9.06595e+06,3.9903e+06,1.70552e+07,0,0,0,0
69.8146,85.139,1.47268,0.2,0.06,3.09237,3.14635,0,0.579345,4.47552,4.3624e+06,2.98533e+06,1.34901e+07,0,0,0,0,99.3022,98.274,2.97224,1,1,1.88177,1.91462,0,1.45344,2.1168,9.06595e+06,3.9903e+06,1.706e+07,0,0,0,0
68.1775,85.139,1.59373,0.19,0.06,3.29983,3.35743,0,0.579509,4.47552,4.3624e+06,2.98533e+06,1.43952e+07,0,0,0,0,99.3022,98.274,3.71948,1,1,2.04436,2.08005,0,1.45385,2.1168,9.06595e+06,3.9903e+06,1.85341e+07,0,0,0,0
65.9946,85.139,1.00843,0.18,0.06,3.30077,3.35839,0,0.618388,4.47552,4.3624e+06,2.98533e+06,1.43993e+07,0,0,0,0,99.3022,98.274,3.67029,1,1,2.04494,2.08064,0,1.57947,2.1168,9.06595e+06,3.9903e+06,1.85393e+07,0,0,0,0
63.7806,85.139,0.950089,0.2,0.06,3.3017,3.35934,0,0.618564,4.47552,4.3624e+06,2.98533e+06,1.44033e+07,0,0,0,0,99.3022,98.274,3.66237,1,1,2.04552,2.08123,0,1.57992,2.1168,9.06595e+06,3.9903e+06,1.85446e+07,0,0,0,0
62.0201,85.139,1.42423,0.19,0.06,3.30264,3.3603,0,0.618739,4.47552,4.3624e+06,2.98533e+06,1.44074e+07,0,0,0,0,99.3022,98.274,4.31468,1,1,2.0461,2.08182,0,1.58037,2.1168,9.06595e+06,3.9903e+06,1.85499e+07,0,0,0,0
60.8031,85.139,1.9942,0.21,0.06,3.30358,3.36125,0,0.618915,4.47552,4.3624e+06,2.98533e+06,1.44115e+07,0,0,0,0,99.3022,98.274,4.85016,1,1,2.04668,2.08241,0,1.58082,2.1168,9.06595e+06,3.9903e+06,1.85551e+07,0,0,0,0
59.2864,85.139,1.6392,0.2,0.06,3.20369,3.25962,0,0.619091,4.47552,4.3624e+06,2.98533e+06,1.39758e+07,0,0,0,0,99.3022,98.274,4.76189,1,1,1.94876,1.98278,0,1.58127,2.1168,9.06595e+06,3.9903e+06,1.76674e+07,0,0,0,0
57.4864,85.139,1.28532,0.2,0.06,3.2046,3.26055,0,0.600372,4.47552,4.3624e+06,2.98533e+06,1.39798e+07,0,0,0,0,99.3022,98.274,3.87705,1,1,1.94931,1.98334,0,1.50561,2.1168,9.06595e+06,3.9903e+06,1.76724e+07,0,0,0,0
55.982,85.139,1.57291,0.21,0.06,3.20551,3.26147,0,0.600542,4.47552,4.3624e+06,2.98533e+06,1.39837e+07,0,0,0,0,99.3022,98.274,4.44267,1,1,1.94987,1.98391,0,1.50604,2.1168,9.06595e+06,3.9903e+06,1.76774e+07,0,0,0,0
57.0339,85.139,4.25354,0.23,0.06,3.20642,3.2624,0,0.600713,4.47552,4.3624e+06,2.98533e+06,1.39877e+07,0,0,0,0,99.3022,98.274,9.60192,1,1,1.95042,1.98447,0,1.50647,2.1168,9.06595e+06,3.9903e+06,1.76824e+07,0,0,0,0
56.2185,85.139,2.36387,0.22,0.06,3.17902,3.17902,0,0.600883,4.47552,4.3624e+06,2.70226e+06,1.38682e+07,0,0,0,0,99.3022,98.274,4.61744,0,1,1.8937,1.8937,0,1.50689,2.1168,9.06595e+06,3.61194e+06,1.71682e+07,0,0,0,0
56.1966,85.139,3.25629,0.24,0.06,3.17992,3.17992,0,0.595749,4.47552,4.3624e+06,2.70226e+06,1.38721e+07,0,0,0,0,99.3022,98.274,8.23287,0,1,1.89424,1.89424,0,1.46307,2.1168,9.06595e+06,3.61194e+06,1.71731e+07,0,0,0,0
55.3503,85.139,2.39584,0.24,0.06,3.18083,3.18083,0,0.595918,4.47552,4.3624e+06,2.70226e+06,1.3876e+07,0,0,0,0,99.3022,98.274,5.68948,0,1,1.89478,1.89478,0,1.46349,2.1168,9.06595e+06,3.61194e+06,1.7178e+07,0,0,0,0
55.5153,85.139,3.4666,0.25,0.06,3.18173,3.18173,0,0.596087,4.47552,4.3624e+06,2.70226e+06,1.388e+07,0,0,0,0,99.3022,98.274,5.20774,0,1,1.89531,1.89531,0,1.4639,2.1168,9.06595e+06,3.61194e+06,1.71828e+07,0,0,0,0
55.7853,85.139,3.39797,0.25,0.06,2.94294,2.94294,0,0.596256,4.47552,4.3624e+06,2.70226e+06,1.28383e+07,0,0,0,0,99.3022,98.274,9.10879,0,1,1.70542,1.70542,0,1.46432,2.1168,9.06595e+06,3.61194e+06,1.54613e+07,0,0,0,0
54.391,85.139,1.59813,0.26,0.06,2.93492,2.94378,0,0.551508,4.47552,4.3624e+06,2.70226e+06,1.28033e+07,0,0,0,0,99.3022,98.274,5.73666,0,1,1.71476,1.7059,0,1.31761,2.1168,9.06595e+06,3.61194e+06,1.5546e+07,0,0,0,0
53.9052,85.139,2.5761,0.26,0.06,2.93624,2.94461,0,0.550003,4.47552,4.3624e+06,2.70226e+06,1.2809e+07,0,0,0,0,99.3022,98.274,8.34244,0,1,1.71476,1.70639,0,1.32483,2.1168,9.06595e+06,3.61194e+06,1.5546e+07,0,0,0,0
53.137,85.139,2.25656,0.27,0.06,2.93755,2.94545,0,0.550251,4.47552,4.3624e+06,2.70226e+06,1.28148e+07,0,0,0,0,99.3022,98.274,6.13131,0,1,1.71476,1.70687,0,1.32483,2.1168,9.06595e+06,3.61194e+06,1.5546e+07,0,0,0,0
53.3596,85.139,3.30243,0.27,0.06,2.93887,2.94628,0,0.550498,4.47552,4.3624e+06,2.70226e+06,1.28205e+07,0,0,0,0,99.3022,98.274,11.5662,0,1,1.71476,1.70735,0,1.32483,2.1168,9.06595e+06,3.61194e+06,1.5546e+07,0,0,0,0
53.6457,85.139,3.43041,0.31,0.06,3.0325,3.03942,0,0.550745,4.47552,4.3624e+06,2.70226e+06,1.3229e+07,0,0,0,0,99.3022,98.274,7.87463,0,1,1.76997,1.76305,0,1.32483,2.1168,9.06595e+06,3.61194e+06,1.60465e+07,0,0,0,0
56.8252,85.139,6.41074,0.33,0.06,3.04025,3.04025,0,0.56829,4.47552,4.3624e+06,2.70226e+06,1.32628e+07,0,0,0,0,99.3022,98.274,5.25174,0,1,1.76353,1.76353,0,1.36748,2.1168,9.06595e+06,3.61194e+06,1.59881e+07,0,0,0,0
60.3405,85.139,6.77673,0.32,0.06,3.04108,3.04108,0,0.569743,4.47552,4.3624e+06,2.70226e+06,1.32664e+07,0,0,0,0,99.3022,98.274,7.15029,0,1,1.76401,1.76401,0,1.3625,2.1168,9.06595e+06,3.61194e+06,1.59924e+07,0,0,0,0
65.6296,85.139,8.88775,0.34,0.06,3.0419,3.0419,0,0.569898,4.47552,4.3624e+06,2.70226e+06,1.327e+07,0,0,0,0,99.3022,98.274,10.3272,0,1,1.76449,1.76449,0,1.36287,2.1168,9.06595e+06,3.61194e+06,1.59968e+07,0,0,0,0
69.9666,85.139,8.10075,0.29,0.06,3.28221,3.33951,0,0.570053,4.47552,4.3624e+06,2.98533e+06,1.43183e+07,0,0,0,0,99.3022,98.274,7.20586,1,1,1.93865,1.97249,0,1.36324,2.1168,9.06595e+06,3.9903e+06,1.75757e+07,0,0,0,0
73.003,85.139,6.74429,0.25,0.06,3.28311,3.34042,0,0.615087,4.47552,4.3624e+06,2.98533e+06,1.43222e+07,0,0,0,0,99.3022,98.274,5.59633,1,1,1.93917,1.97303,0,1.4978,2.1168,9.06595e+06,3.9903e+06,1.75805e+07,0,0,0,0
73.7691,85.139,4.38614,0.26,0.06,3.284,3.34133,0,0.615254,4.47552,4.3624e+06,2.98533e+06,1.43261e+07,0,0,0,0,99.3022,98.274,4.6606,1,1,1.9397,1.97356,0,1.49821,2.1168,9.06595e+06,3.9903e+06,1.75852e+07,0,0,0,0
75.0726,85.139,4.90443,0.27,0.06,3.28489,3.34224,0,0.615421,4.47552,4.3624e+06,2.98533e+06,1.433e+07,0,0,0,0,99.3022,98.274,4.89727,1,1,1.94023,1.9741,0,1.49861,2.1168,9.06595e+06,3.9903e+06,1.759e+07,0,0,0,0
76.7465,85.139,4.98,0.24,0.06,2.91938,2.91938,0,0.615589,4.47552,4.3624e+06,2.70226e+06,1.27355e+07,0,0,0,0,99.3022,98.274,5.03939,0,1,1.69583,1.69583,0,1.49902,2.1168,9.06595e+06,3.61194e+06,1.53744e+07,0,0,0,0
80.9051,85.139,7.58591,0.24,0.06,2.90173,2.92017,0,0.547092,4.47552,4.3624e+06,2.70226e+06,1.26585e+07,0,0,0,0,99.3022,98.274,7.48778,0,1,1.71474,1.6963,0,1.3102,2.1168,9.06595e+06,3.61194e+06,1.55458e+07,0,0,0,0
84.284,85.139,6.80168,0.22,0.06,2.90298,2.92097,0,0.543784,4.47552,4.3624e+06,2.70226e+06,1.2664e+07,0,0,0,0,99.3022,98.274,6.12748,0,1,1.71474,1.69676,0,1.32481,2.1168,9.06595e+06,3.61194e+06,1.55458e+07,0,0,0,0
85.139,85.139,7.56566,0.24,0.06,2.90424,2.92176,0,0.544019,4.47552,4.3624e+06,2.70226e+06,1.26694e+07,0,0,0,0,99.3022,98.274,6.07981,0,1,1.71474,1.69722,0,1.32481,2.1168,9.06595e+06,3.61194e+06,1.55458e+07,0,0,0,0
85.139,85.139,6.83387,0.2,0.06,2.90549,2.92256,0,0.544254,4.47552,4.3624e+06,2.70226e+06,1.26749e+07,0,0,0,0,99.3022,98.274,5.42039,0,1,1.71474,1.69768,0,1.32481,2.1168,9.06595e+06,3.61194e+06,1.55458e+07,0,0,0,0
85.139,85.139,7.30831,0.21,0.06,3.01356,3.03016,0,0.54449,4.47552,4.3624e+06,2.70226e+06,1.31464e+07,0,0,0,0,99.3022,98.274,7.91011,0,1,1.78304,1.76644,0,1.32481,2.1168,9.06595e+06,3.61194e+06,1.61649e+07,0,0,0,0
85.139,85.139,5.41685,0.22,0.06,3.03099,3.03099,0,0.564742,4.47552,4.3624e+06,2.70226e+06,1.32224e+07,0,0,0,0,99.3022,98.274,6.93252,0,1,1.76692,1.76692,0,1.37758,2.1168,9.06595e+06,3.61194e+06,1.60188e+07,0,0,0,0
85.139,85.139,6.44273,0.22,0.06,3.03181,3.03181,0,0.568007,4.47552,4.3624e+06,2.70226e+06,1.3226e+07,0,0,0,0,99.3022,98.274,8.56074,0,1,1.7674,1.7674,0,1.36512,2.1168,9.06595e+06,3.61194e+06,1.60232e+07,0,0,0,0
85.139,85.139,6.99165,0.23,0.06,3.03263,3.03263,0,0.568161,4.47552,4.3624e+06,2.70226e+06,1.32296e+07,0,0,0,0,99.3022,98.274,10.1833,0,1,1.76788,1.76788,0,1.36549,2.1168,9.06595e+06,3.61194e+06,1.60275e+07,0,0,0,0
85.139,85.139,5.37533,0.22,0.06,2.99165,2.99165,0,0.568315,4.47552,4.3624e+06,2.70226e+06,1.30508e+07,0,0,0,0,99.3022,98.274,7.10762,0,1,1.7418,1.7418,0,1.36586,2.1168,9.06595e+06,3.61194e+06,1.57911e+07,0,0,0,0
85.139,85.139,5.48641,0.21,0.06,2.99246,2.99246,0,0.560635,4.47552,4.3624e+06,2.70226e+06,1.30543e+07,0,0,0,0,99.3022,98.274,7.67966,0,1,1.74228,1.74228,0,1.34572,2.1168,9.06595e+06,3.61194e+06,1.57954e+07,0,0,0,0
85.139,85.139,4.33257,0.18,0.06,2.99327,2.99327,0,0.560787,4.47552,4.3624e+06,2.70226e+06,1.30579e+07,0,0,0,0,99.3022,98.274,5.95662,0,1,1.74275,1.74275,0,1.34608,2.1168,9.06595e+06,3.61194e+06,1.57997e+07,0,0,0,0
85.139,85.139,3.81785,0.17,0.06,2.99409,2.99409,0,0.560939,4.47552,4.3624e+06,2.70226e+06,1.30614e+07,0,0,0,0,99.3022,98.274,5.6019,0,1,1.74322,1.74322,0,1.34645,2.1168,9.06595e+06,3.61194e+06,1.5804e+07,0,0,0,0
85.139,85.139,4.32673,0.15,0.06,3.13697,3.13697,0,0.561092,4.47552,4.3624e+06,2.70226e+06,1.36847e+07,0,0,0,0,99.3022,98.274,5.49708,0,1,1.83797,1.83797,0,1.34681,2.1168,9.06595e+06,3.61194e+06,1.6663e+07,0,0,0,0
85.139,85.139,3.85323,0.11,0.06,3.13782,3.13782,0,0.587868,4.47552,4.3624e+06,2.70226e+06,1.36884e+07,0,0,0,0,99.3022,98.274,4.56729,0,1,1.83847,1.83847,0,1.42002,2.1168,9.06595e+06,3.61194e+06,1.66675e+07,0,0,0,0
85.139,85.139,3.34758,0.12,0.06,3.13867,3.13867,0,0.588027,4.47552,4.3624e+06,2.70226e+06,1.36921e+07,0,0,0,0,99.3022,98.274,4.40372,0,1,1.83897,1.83897,0,1.4204,2.1168,9.06595e+06,3.61194e+06,1.6672e+07,0,0,0,0
85.0276,85.139,3.20092,0.1,0.06,3.13952,3.13952,0,0.588187,4.47552,4.3624e+06,2.70226e+06,1.36959e+07,0,0,0,0,99.3022,98.274,4.45489,0,1,1.83947,1.83947,0,1.42079,2.1168,9.06595e+06,3.61194e+06,1.66765e+07,0,0,0,0
84.7796,85.139,3.05569,0.15,0.06,3.14038,3.14038,0,0.588347,4.47552,4.3624e+06,2.70226e+06,1.36996e+07,0,0,0,0,99.3022,98.274,4.30912,0,1,1.83997,1.83997,0,1.42117,2.1168,9.06595e+06,3.61194e+06,1.6681e+07,0,0,0,0
84.0937,85.139,2.54851,0.14,0.06,3.11309,3.11309,0,0.588506,4.47552,4.3624e+06,2.70226e+06,1.35806e+07,0,0,0,0,99.2808,98.274,3.18027,0,1,1.89235,1.89235,0,1.42156,2.1168,9.06595e+06,3.61194e+06,1.7156e+07,0,0,0,0
83.0401,85.139,2.1472,0.13,0.06,3.11394,3.11394,0,0.583394,4.47552,4.3624e+06,2.70226e+06,1.35842e+07,0,0,0,0,99.0811,98.274,2.28678,0,1,1.89286,1.89286,0,1.46203,2.1168,9.06595e+06,3.61194e+06,1.71606e+07,0,0,0,0
81.8089,85.139,1.96274,0.14,0.06,3.11478,3.11478,0,0.583552,4.47552,4.3624e+06,2.70226e+06,1.35879e+07,0,0,0,0,98.8761,98.274,2.27552,0,1,1.89338,1.89338,0,1.46243,2.1168,9.06595e+06,3.61194e+06,1.71653e+07,0,0,0,0
80.4071,85.139,1.7752,0.15,0.06,3.11563,3.11563,0,0.58371,4.47552,4.3624e+06,2.70226e+06,1.35916e+07,0,0,0,0,98.6188,98.274,2.03969,0,1,1.89389,1.89389,0,1.46282,2.1168,9.06595e+06,3.61194e+06,1.71699e+07,0,0,0,0
78.9213,85.139,1.66174,0.14,0.06,3.13449,3.18921,0,0.583869,4.47552,4.3624e+06,2.98533e+06,1.36739e+07,0,0,0,0,98.1514,98.274,1.94002,1,1,1.9074,1.9407,0,1.46322,2.1168,9.06595e+06,3.9903e+06,1.72924e+07,0,0,0,0
77.3924,85.139,1.61654,0.19,0.06,3.13534,3.19007,0,0.587403,4.47552,4.3624e+06,2.98533e+06,1.36776e+07,0,0,0,0,97.7779,98.274,1.77272,1,1,1.90792,1.94122,0,1.47366,2.1168,9.06595e+06,3.9903e+06,1.72971e+07,0,0,0,0
75.7677,85.139,1.49868,0.18,0.06,3.13619,3.19094,0,0.587562,4.47552,4.3624e+06,2.98533e+06,1.36813e+07,0,0,0,0,97.1875,98.274,1.80941,1,1,1.90843,1.94175,0,1.47406,2.1168,9.06595e+06,3.9903e+06,1.73018e+07,0,0,0,0
74.0465,85.139,1.38787,0.18,0.06,3.13704,3.1918,0,0.587722,4.47552,4.3624e+06,2.98533e+06,1.3685e+07,0,0,0,0,96.7468,98.274,1.60751,1,1,1.90895,1.94228,0,1.47446,2.1168,9.06595e+06,3.9903e+06,1.73065e+07,0,0,0,0
72.1987,85.139,1.41424,0.17,0.06,3.34746,3.40589,0,0.587881,4.47552,4.3624e+06,2.98533e+06,1.46029e+07,0,0,0,0,95.9307,98.274,1.82703,1,1,2.07387,2.11007,0,1.47486,2.1168,9.06595e+06,3.9903e+06,1.88016e+07,0,0,0,0
69.9516,85.139,0.977669,0.2,0.06,3.34836,3.40682,0,0.627313,4.47552,4.3624e+06,2.98533e+06,1.46069e+07,0,0,0,0,94.8894,98.274,1.45086,1,1,2.07443,2.11064,0,1.60227,2.1168,9.06595e+06,3.9903e+06,1.88067e+07,0,0,0,0
66.8945,85.139,0.741748,0.19,0.06,3.34927,3.40774,0,0.627483,4.47552,4.3624e+06,2.98533e+06,1.46109e+07,0,0,0,0,93.9189,98.274,1.20665,1,1,2.07499,2.11121,0,1.6027,2.1168,9.06595e+06,3.9903e+06,1.88118e+07,0,0,0,0
64.1884,85.139,1.01467,0.2,0.06,3.35018,3.40866,0,0.627653,4.47552,4.3624e+06,2.98533e+06,1.46148e+07,0,0,0,0,93.0954,98.274,1.35968,1,1,2.07555,2.11179,0,1.60314,2.1168,9.06595e+06,3.9903e+06,1.88169e+07,0,0,0,0
63.5568,85.139,1.48443,0.2,0.06,3.35109,3.40959,0,0.627823,4.47552,4.3624e+06,2.98533e+06,1.46188e+07,0,0,0,0,92.3686,98.274,1.58912,1,1,2.07611,2.11236,0,1.60357,2.1168,9.06595e+06,3.9903e+06,1.8822e+07,0,0,0,0
61.9605,85.139,1.48647,0.2,0.06,3.24972,3.30645,0,0.627994,4.47552,4.3624e+06,2.98533e+06,1.41766e+07,0,0,0,0,91.9733,98.274,1.56555,1,1,1.97676,2.01127,0,1.60401,2.1168,9.06595e+06,3.9903e+06,1.79212e+07,0,0,0,0
60.2893,85.139,1.36773,0.22,0.06,3.2506,3.30735,0,0.608998,4.47552,4.3624e+06,2.98533e+06,1.41804e+07,0,0,0,0,91.607,98.274,2.6734,1,1,1.97729,2.01181,0,1.52724,2.1168,9.06595e+06,3.9903e+06,1.79261e+07,0,0,0,0
58.4462,85.139,1.17676,0.22,0.06,3.25148,3.30824,0,0.609163,4.47552,4.3624e+06,2.98533e+06,1.41843e+07,0,0,0,0,90.9623,98.274,1.51215,1,1,1.97783,2.01236,0,1.52766,2.1168,9.06595e+06,3.9903e+06,1.79309e+07,0,0,0,0
56.659,85.139,1.22405,0.22,0.06,3.25236,3.30914,0,0.609328,4.47552,4.3624e+06,2.98533e+06,1.41881e+07,0,0,0,0,90.535,98.274,1.46724,1,1,1.97837,2.0129,0,1.52807,2.1168,9.06595e+06,3.9903e+06,1.79358e+07,0,0,0,0
57.1149,85.139,3.55579,0.26,0.06,3.16921,3.22453,0,0.609493,4.47552,4.3624e+06,2.98533e+06,1.38253e+07,0,0,0,0,90.2096,98.274,2.64555,1,1,1.88785,1.92081,0,1.52849,2.1168,9.06595e+06,3.9903e+06,1.71152e+07,0,0,0,0
55.4811,85.139,1.43246,0.22,0.06,3.17006,3.2254,0,0.593909,4.47552,4.3624e+06,2.98533e+06,1.38291e+07,0,0,0,0,89.3681,98.274,1.2551,1,1,1.88836,1.92133,0,1.45856,2.1168,9.06595e+06,3.9903e+06,1.71198e+07,0,0,0,0
53.5903,85.139,1.15014,0.25,0.06,3.17092,3.22628,0,0.59407,4.47552,4.3624e+06,2.98533e+06,1.38328e+07,0,0,0,0,88.9928,98.274,1.06566,1,1,1.88888,1.92185,0,1.45895,2.1168,9.06595e+06,3.9903e+06,1.71245e+07,0,0,0,0
52.6781,85.139,2.15609,0.26,0.06,3.17178,3.22715,0,0.594231,4.47552,4.3624e+06,2.98533e+06,1.38366e+07,0,0,0,0,89.0254,98.274,3.08775,1,1,1.88939,1.92237,0,1.45935,2.1168,9.06595e+06,3.9903e+06,1.71291e+07,0,0,0,0
53.6205,85.139,3.96757,0.27,0.06,2.98492,2.98492,0,0.594392,4.47552,4.3624e+06,2.70226e+06,1.30214e+07,0,0,0,0,89.7571,98.274,3.72318,0,1,1.72974,1.72974,0,1.45974,2.1168,9.06595e+06,3.61194e+06,1.56818e+07,0,0,0,0
53.7995,85.139,3.1628,0.27,0.06,2.98573,2.98573,0,0.559374,4.47552,4.3624e+06,2.70226e+06,1.30249e+07,0,0,0,0,89.8869,98.274,2.95903,0,1,1.73021,1.73021,0,1.3364,2.1168,9.06595e+06,3.61194e+06,1.5686e+07,0,0,0,0
54.6716,85.139,3.84387,0.27,0.06,2.98653,2.98653,0,0.559525,4.47552,4.3624e+06,2.70226e+06,1.30285e+07,0,0,0,0,90.001,98.274,3.69681,0,1,1.73068,1.73068,0,1.33676,2.1168,9.06595e+06,3.61194e+06,1.56903e+07,0,0,0,0
56.4801,85.139,4.83272,0.27,0.06,2.98734,2.98734,0,0.559676,4.47552,4.3624e+06,2.70226e+06,1.3032e+07,0,0,0,0,90.044,98.274,2.94263,0,1,1.73115,1.73115,0,1.33712,2.1168,9.06595e+06,3.61194e+06,1.56945e+07,0,0,0,0
59.3862,85.139,5.99601,0.3,0.06,2.98815,2.98815,0,0.559828,4.47552,4.3624e+06,2.70226e+06,1.30355e+07,0,0,0,0,90.6079,98.274,3.11997,0,1,1.73162,1.73162,0,1.33749,2.1168,9.06595e+06,3.61194e+06,1.56988e+07,0,0,0,0
61.1027,85.139,4.81737,0.3,0.06,2.98815,2.98815,0,0.55998,4.47552,4.3624e+06,2.70226e+06,1.30355e+07,0,0,0,0,91.8626,98.274,4.78419,0,1,1.73162,1.73162,0,1.33785,2.1168,9.06595e+06,3.61194e+06,1.56988e+07,0,0,0,0
59.0859,85.139,1.08334,0.32,0.08,3.08257,3.08257,0,0.55998,4.47552,4.3624e+06,2.70226e+06,1.34474e+07,0,0,0,0,92.253,98.274,2.72749,0,1,1.78808,1.78808,0,1.33785,2.1168,9.06595e+06,3.61194e+06,1.62106e+07,0,0,0,0
58.162,85.139,2.16703,0.33,0.08,3.08337,3.08337,0,0.577674,4.47552,4.3624e+06,2.70226e+06,1.34509e+07,0,0,0,0,93.0101,98.274,3.84015,0,1,1.78854,1.78854,0,1.38147,2.1168,9.06595e+06,3.61194e+06,1.62148e+07,0,0,0,0
58.0539,85.139,3.05801,0.35,0.08,3.08417,3.08417,0,0.577824,4.47552,4.3624e+06,2.70226e+06,1.34544e+07,0,0,0,0,93.6214,98.274,3.40077,0,1,1.78901,1.78901,0,1.38183,2.1168,9.06595e+06,3.61194e+06,1.6219e+07,0,0,0,0
57.7096,85.139,2.64787,0.4,0.08,2.82032,3.08497,0,0.577974,4.47552,4.3624e+06,3.5824e+06,1.23034e+07,0,0,0,0,94.2599,98.274,3.33086,0,1,1.63596,1.78947,0,1.38219,2.1168,9.06595e+06,4.78836e+06,1.48315e+07,0,0,0,0
56.2076,85.139,1.63765,0.4,0.08,3.09621,3.38675,0,0.528528,4.47552,4.3624e+06,2.98533e+06,1.35069e+07,0,0,0,0,94.7033,98.274,3.4008,1,1,1.82878,2.00039,0,1.26394,2.1168,9.06595e+06,3.9903e+06,1.65797e+07,0,0,0,0
54.9157,85.139,1.83585,0.49,0.08,3.09701,3.38763,0,0.58023,4.47552,4.3624e+06,2.98533e+06,1.35104e+07,0,0,0,0,95.132,98.274,3.20101,1,1,1.82926,2.00091,0,1.41292,2.1168,9.06595e+06,3.9903e+06,1.6584e+07,0,0,0,0
53.6731,85.139,1.8522,0.49,0.08,3.09782,3.38851,0,0.58038,4.47552,4.3624e+06,2.98533e+06,1.35139e+07,0,0,0,0,95.5414,98.274,3.13304,1,1,1.82973,2.00143,0,1.41328,2.1168,9.06595e+06,3.9903e+06,1.65883e+07,0,0,0,0
52.5404,85.139,1.96155,0.51,0.08,3.09862,3.38939,0,0.580531,4.47552,4.3624e+06,2.98533e+06,1.35174e+07,0,0,0,0,96.064,98.274,2.9854,1,1,1.83021,2.00195,0,1.41365,2.1168,9.06595e+06,3.9903e+06,1.65926e+07,0,0,0,0
53.6472,85.139,3.93929,0.54,0.08,2.70655,2.96053,0,0.580681,4.47552,4.3624e+06,3.5824e+06,1.18071e+07,0,0,0,0,96.4745,98.274,4.4229,0,1,1.5722,1.71974,0,1.41402,2.1168,9.06595e+06,4.78836e+06,1.42535e+07,0,0,0,0
55.7314,85.139,5.08274,0.57,0.08,2.70725,2.9613,0,0.507208,4.47552,4.3624e+06,3.5824e+06,1.18101e+07,0,0,0,0,97.304,98.274,4.52613,0,1,1.57261,1.72018,0,1.21469,2.1168,9.06595e+06,4.78836e+06,1.42572e+07,0,0,0,0
56.1719,85.139,3.39092,0.61,0.08,2.70795,2.96206,0,0.507339,4.47552,4.3624e+06,3.5824e+06,1.18132e+07,0,0,0,0,98.168,98.274,3.60861,0,1,1.57302,1.72063,0,1.215,2.1168,9.06595e+06,4.78836e+06,1.42609e+07,0,0,0,0
57.5198,85.139,4.44344,0.66,0.08,2.70866,2.96283,0,0.507471,4.47552,4.3624e+06,3.5824e+06,1.18162e+07,0,0,0,0,99.3022,98.274,6.24942,0,1,1.57343,1.72107,0,1.21531,2.1168,9.06595e+06,4.78836e+06,1.42646e+07,0,0,0,0
58.8373,85.139,4.35322,0.62,0.08,2.70936,2.9636,0,0.507602,4.47552,4.3624e+06,3.5824e+06,1.18193e+07,0,0,0,0,99.3022,98.274,4.67275,0,1,1.57383,1.72152,0,1.21563,2.1168,9.06595e+06,4.78836e+06,1.42683e+07,0,0,0,0
59.465,85.139,3.72289,0.64,0.08,2.80908,3.07268,0,0.507734,4.47552,4.3624e+06,3.5824e+06,1.22543e+07,0,0,0,0,99.3022,98.274,4.14284,0,1,1.63756,1.79122,0,1.21594,2.1168,9.06595e+06,4.78836e+06,1.4846e+07,0,0,0,0
59.8436,85.139,3.45351,0.65,0.08,2.80981,3.07347,0,0.526421,4.47552,4.3624e+06,3.5824e+06,1.22575e+07,0,0,0,0,99.3022,98.274,4.52631,0,1,1.63798,1.79169,0,1.26518,2.1168,9.06595e+06,4.78836e+06,1.48499e+07,0,0,0,0
59.9283,85.139,3.13642,0.65,0.08,2.81053,3.07427,0,0.526558,4.47552,4.3624e+06,3.5824e+06,1.22607e+07,0,0,0,0,99.217,98.274,5.14618,0,1,1.63841,1.79215,0,1.2655,2.1168,9.06595e+06,4.78836e+06,1.48537e+07,0,0,0,0
59.547,85.139,2.62503,0.67,0.08,2.81126,3.07507,0,0.526694,4.47552,4.3624e+06,3.5824e+06,1.22638e+07,0,0,0,0,99.3022,98.274,2.54133,0,1,1.63883,1.79261,0,1.26583,2.1168,9.06595e+06,4.78836e+06,1.48576e+07,0,0,0,0
59.2113,85.139,2.60652,0.68,0.08,2.77323,3.03347,0,0.526831,4.47552,4.3624e+06,3.5824e+06,1.2098e+07,0,0,0,0,99.3022,98.274,3.33923,0,1,1.61464,1.76615,0,1.26616,2.1168,9.06595e+06,4.78836e+06,1.46382e+07,0,0,0,0
58.6444,85.139,2.35546,0.71,0.08,2.77395,3.03425,0,0.519704,4.47552,4.3624e+06,3.5824e+06,1.21011e+07,0,0,0,0,99.3022,98.274,3.24774,0,1,1.61506,1.76661,0,1.24747,2.1168,9.06595e+06,4.78836e+06,1.4642e+07,0,0,0,0
58.3714,85.139,2.64964,0.72,0.08,2.77467,3.03504,0,0.519839,4.47552,4.3624e+06,3.5824e+06,1.21042e+07,0,0,0,0,99.3022,98.274,2.99171,0,1,1.61547,1.76707,0,1.24779,2.1168,9.06595e+06,4.78836e+06,1.46458e+07,0,0,0,0
57.7582,85.139,2.24444,0.72,0.08,2.77539,3.03583,0,0.519973,4.47552,4.3624e+06,3.5824e+06,1.21074e+07,0,0,0,0,99.3022,98.274,2.97061,0,1,1.61589,1.76752,0,1.24812,2.1168,9.06595e+06,4.78836e+06,1.46496e+07,0,0,0,0
56.7451,85.139,1.88444,0.7,0.08,2.9078,3.18066,0,0.520108,4.47552,4.3624e+06,3.5824e+06,1.2685e+07,0,0,0,0,99.2839,98.274,2.74174,0,1,1.7037,1.86357,0,1.24844,2.1168,9.06595e+06,4.78836e+06,1.54456e+07,0,0,0,0
55.5733,85.139,1.71475,0.76,0.08,2.90855,3.18148,0,0.544921,4.47552,4.3624e+06,3.5824e+06,1.26883e+07,0,0,0,0,99.3022,98.274,2.42493,0,1,1.70414,1.86405,0,1.31628,2.1168,9.06595e+06,4.78836e+06,1.54496e+07,0,0,0,0
54.2818,85.139,1.53609,0.76,0.08,2.9093,3.18231,0,0.545062,4.47552,4.3624e+06,3.5824e+06,1.26915e+07,0,0,0,0,99.3022,98.274,2.39559,0,1,1.70458,1.86453,0,1.31662,2.1168,9.06595e+06,4.78836e+06,1.54536e+07,0,0,0,0
52.9896,85.139,1.51476,0.73,0.08,2.91006,3.18313,0,0.545203,4.47552,4.3624e+06,3.5824e+06,1.26948e+07,0,0,0,0,99.3022,98.274,2.45173,0,1,1.70502,1.86502,0,1.31696,2.1168,9.06595e+06,4.78836e+06,1.54576e+07,0,0,0,0
51.6735,85.139,1.45354,0.73,0.08,2.91081,3.18395,0,0.545344,4.47552,4.3624e+06,3.5824e+06,1.26981e+07,0,0,0,0,99.3022,98.274,2.43429,0,1,1.70546,1.8655,0,1.3173,2.1168,9.06595e+06,4.78836e+06,1.54616e+07,0,0,0,0
50.3586,85.139,1.39636,0.73,0.08,2.88549,3.15625,0,0.545486,4.47552,4.3624e+06,2.98533e+06,1.25876e+07,0,0,0,0,99.3022,98.274,2.61918,1,1,1.75399,1.91859,0,1.31764,2.1168,9.06595e+06,3.9903e+06,1.59016e+07,0,0,0,0
48.9464,85.139,1.27582,0.78,0.08,2.88623,3.15707,0,0.54074,4.47552,4.3624e+06,2.98533e+06,1.25909e+07,0,0,0,0,99.3022,98.274,2.34173,1,1,1.75445,1.91908,0,1.35514,2.1168,9.06595e+06,3.9903e+06,1.59057e+07,0,0,0,0
47.4711,85.139,1.1701,0.73,0.08,2.88698,3.15789,0,0.54088,4.47552,4.3624e+06,2.98533e+06,1.25941e+07,0,0,0,0,99.2451,98.274,2.29324,1,1,1.7549,1.91958,0,1.35549,2.1168,9.06595e+06,3.9903e+06,1.59099e+07,0,0,0,0
45.9676,85.139,1.09544,0.72,0.08,2.88772,3.1587,0,0.54102,4.47552,4.3624e+06,2.98533e+06,1.25974e+07,0,0,0,0,99.1004,98.274,2.21392,1,1,1.75536,1.92007,0,1.35584,2.1168,9.06595e+06,3.9903e+06,1.5914e+07,0,0,0,0
44.5401,85.139,1.19484,0.7,0.08,2.95588,3.23326,0,0.54116,4.47552,4.3624e+06,2.98533e+06,1.28947e+07,0,0,0,0,98.8896,98.274,2.18673,1,1,1.79871,1.9675,0,1.35619,2.1168,9.06595e+06,3.9903e+06,1.63071e+07,0,0,0,0
43.038,85.139,1.09499,0.75,0.08,2.95665,3.23409,0,0.553932,4.47552,4.3624e+06,2.98533e+06,1.28981e+07,0,0,0,0,98.568,98.274,2.1309,1,1,1.79918,1.96801,0,1.38969,2.1168,9.06595e+06,3.9903e+06,1.63113e+07,0,0,0,0
41.4395,85.139,0.99411,0.72,0.08,2.95741,3.23493,0,0.554076,4.47552,4.3624e+06,2.98533e+06,1.29014e+07,0,0,0,0,98.2327,98.274,1.95378,1,1,1.79964,1.96852,0,1.39005,2.1168,9.06595e+06,3.9903e+06,1.63155e+07,0,0,0,0
39.7346,85.139,0.874715,0.64,0.08,2.95818,3.23577,0,0.554219,4.47552,4.3624e+06,2.98533e+06,1.29047e+07,0,0,0,0,97.9469,98.274,1.93385,1,1,1.80011,1.96903,0,1.39041,2.1168,9.06595e+06,3.9903e+06,1.63197e+07,0,0,0,0
37.809,85.139,0.853707,0.59,0.08,3.15656,3.45276,0,0.554362,4.47552,4.3624e+06,2.98533e+06,1.37702e+07,0,0,0,0,97.59,98.274,2.0239,1,1,1.9556,2.13911,0,1.39076,2.1168,9.06595e+06,3.9903e+06,1.77293e+07,0,0,0,0
35.8608,85.139,0.825865,0.68,0.08,3.15737,3.45365,0,0.591539,4.47552,4.3624e+06,2.98533e+06,1.37737e+07,0,0,0,0,97.2196,98.274,1.9937,1,1,1.9561,2.13966,0,1.51089,2.1168,9.06595e+06,3.9903e+06,1.77339e+07,0,0,0,0
33.9619,85.139,0.870785,0.61,0.08,3.15819,3.45455,0,0.591692,4.47552,4.3624e+06,2.98533e+06,1.37773e+07,0,0,0,0,96.8917,98.274,1.98409,1,1,1.95661,2.14021,0,1.51128,2.1168,9.06595e+06,3.9903e+06,1.77385e+07,0,0,0,0
32.4628,85.139,1.30551,0.72,0.08,3.159,3.45544,0,0.591845,4.47552,4.3624e+06,2.98533e+06,1.37808e+07,0,0,0,0,96.6521,98.274,2.33712,1,1,1.95711,2.14077,0,1.51168,2.1168,9.06595e+06,3.9903e+06,1.77431e+07,0,0,0,0
31.4528,85.139,1.80367,0.67,0.08,3.15982,3.45633,0,0.591998,4.47552,4.3624e+06,2.98533e+06,1.37844e+07,0,0,0,0,96.5343,98.274,2.5262,1,1,1.95762,2.14132,0,1.51207,2.1168,9.06595e+06,3.9903e+06,1.77477e+07,0,0,0,0
30.2273,85.139,1.48079,0.59,0.08,3.0642,3.35174,0,0.592151,4.47552,4.3624e+06,2.98533e+06,1.33673e+07,0,0,0,0,96.3809,98.274,2.51236,1,1,1.86391,2.03882,0,1.51246,2.1168,9.06595e+06,3.9903e+06,1.68981e+07,0,0,0,0
29.1143,85.139,1.60474,0.52,0.08,3.065,3.35261,0,0.574232,4.47552,4.3624e+06,2.98533e+06,1.33707e+07,0,0,0,0,96.3486,98.274,2.74491,1,1,1.86439,2.03934,0,1.44006,2.1168,9.06595e+06,3.9903e+06,1.69025e+07,0,0,0,0
28.0295,85.139,1.65786,0.48,0.08,3.06579,3.35347,0,0.57438,4.47552,4.3624e+06,2.98533e+06,1.33742e+07,0,0,0,0,96.3334,98.274,2.89955,1,1,1.86487,2.03987,0,1.44043,2.1168,9.06595e+06,3.9903e+06,1.69069e+07,0,0,0,0
27.1093,85.139,1.93894,0.61,0.08,3.06658,3.35434,0,0.574528,4.47552,4.3624e+06,2.98533e+06,1.33776e+07,0,0,0,0,96.6707,98.274,3.79867,1,1,1.86536,2.0404,0,1.4408,2.1168,9.06595e+06,3.9903e+06,1.69112e+07,0,0,0,0
26.9157,85.139,2.66372,0.58,0.08,2.98813,3.26853,0,0.574677,4.47552,4.3624e+06,2.98533e+06,1.30354e+07,0,0,0,0,97.2552,98.274,4.79572,1,1,1.77999,1.94702,0,1.44117,2.1168,9.06595e+06,3.9903e+06,1.61373e+07,0,0,0,0
25.9956,85.139,1.85661,0.55,0.08,2.98891,3.26938,0,0.559976,4.47552,4.3624e+06,2.98533e+06,1.30388e+07,0,0,0,0,97.1491,98.274,2.10225,1,1,1.78045,1.94753,0,1.37522,2.1168,9.06595e+06,3.9903e+06,1.61415e+07,0,0,0,0
26.5651,85.139,3.4771,0.56,0.08,2.98968,3.27022,0,0.560121,4.47552,4.3624e+06,2.98533e+06,1.30422e+07,0,0,0,0,97.4806,98.274,3.57229,1,1,1.78091,1.94803,0,1.37558,2.1168,9.06595e+06,3.9903e+06,1.61457e+07,0,0,0,0
26.7366,85.139,3.07354,0.58,0.08,2.99045,3.27107,0,0.560265,4.47552,4.3624e+06,2.98533e+06,1.30455e+07,0,0,0,0,97.8713,98.274,4.44749,1,1,1.78137,1.94853,0,1.37593,2.1168,9.06595e+06,3.9903e+06,1.61498e+07,0,0,0,0
28.577,85.139,4.58398,0.55,0.08,2.76595,3.0255,0,0.56041,4.47552,4.3624e+06,3.5824e+06,1.20662e+07,0,0,0,0,98.708,98.274,4.34942,0,1,1.60285,1.75326,0,1.37629,2.1168,9.06595e+06,4.78836e+06,1.45314e+07,0,0,0,0
30.2768,85.139,4.42138,0.5,0.08,2.76666,3.02628,0,0.518339,4.47552,4.3624e+06,3.5824e+06,1.20693e+07,0,0,0,0,99.3022,98.274,5.21732,0,1,1.60327,1.75371,0,1.23836,2.1168,9.06595e+06,4.78836e+06,1.45351e+07,0,0,0,0
32.3137,85.139,4.91396,0.52,0.08,2.76738,3.02706,0,0.518472,4.47552,4.3624e+06,3.5824e+06,1.20724e+07,0,0,0,0,99.3022,98.274,4.94864,0,1,1.60368,1.75417,0,1.23868,2.1168,9.06595e+06,4.78836e+06,1.45389e+07,0,0,0,0
33.6767,85.139,4.41566,0.54,0.08,2.76809,3.02784,0,0.518606,4.47552,4.3624e+06,3.5824e+06,1.20755e+07,0,0,0,0,99.3022,98.274,3.83504,0,1,1.60409,1.75462,0,1.239,2.1168,9.06595e+06,4.78836e+06,1.45426e+07,0,0,0,0
35.2689,85.139,4.4545,0.6,0.08,2.76881,3.02862,0,0.51874,4.47552,4.3624e+06,3.5824e+06,1.20786e+07,0,0,0,0,99.3022,98.274,4.18073,0,1,1.60451,1.75507,0,1.23932,2.1168,9.06595e+06,4.78836e+06,1.45464e+07,0,0,0,0
40.8664,85.139,8.88923,0.57,0.1,2.85626,3.12429,0,0.518874,4.47552,4.3624e+06,3.5824e+06,1.24602e+07,0,0,0,0,99.3022,98.274,8.34045,0,1,1.6568,1.81227,0,1.23964,2.1168,9.06595e+06,4.78836e+06,1.50205e+07,0,0,0,0
46.3551,85.139,8.73415,0.53,0.1,2.85697,3.12506,0,0.535263,4.47552,4.3624e+06,3.5824e+06,1.24632e+07,0,0,0,0,99.3022,98.274,7.35958,0,1,1.65721,1.81272,0,1.28005,2.1168,9.06595e+06,4.78836e+06,1.50242e+07,0,0,0,0
51.6653,85.139,8.66459,0.52,0.1,2.85767,3.12583,0,0.535396,4.47552,4.3624e+06,3.5824e+06,1.24663e+07,0,0,0,0,99.3022,98.274,7.59156,0,1,1.65762,1.81317,0,1.28036,2.1168,9.06595e+06,4.78836e+06,1.50279e+07,0,0,0,0
56.0377,85.139,7.7765,0.51,0.1,2.85838,3.1266,0,0.535528,4.47552,4.3624e+06,3.5824e+06,1.24694e+07,0,0,0,0,99.3022,98.274,7.41129,0,1,1.65803,1.81362,0,1.28068,2.1168,9.06595e+06,4.78836e+06,1.50316e+07,0,0,0,0
58.8845,85.139,6.28403,0.51,0.1,3.13795,3.43241,0,0.53566,4.47552,4.3624e+06,2.98533e+06,1.3689e+07,0,0,0,0,99.3022,98.274,5.53932,1,1,1.85344,2.02736,0,1.281,2.1168,9.06595e+06,3.9903e+06,1.68032e+07,0,0,0,0
61.7931,85.139,6.4054,0.46,0.1,3.13873,3.43326,0,0.588052,4.47552,4.3624e+06,2.98533e+06,1.36924e+07,0,0,0,0,99.3022,98.274,5.11404,1,1,1.8539,2.02786,0,1.43197,2.1168,9.06595e+06,3.9903e+06,1.68073e+07,0,0,0,0
65.6976,85.139,7.53019,0.46,0.1,3.1395,3.43411,0,0.588198,4.47552,4.3624e+06,2.98533e+06,1.36958e+07,0,0,0,0,99.3022,98.274,5.27508,1,1,1.85435,2.02836,0,1.43232,2.1168,9.06595e+06,3.9903e+06,1.68115e+07,0,0,0,0
68.3926,85.139,6.62273,0.38,0.1,3.37602,3.43496,0,0.588343,4.47552,4.3624e+06,2.98533e+06,1.47275e+07,0,0,0,0,99.3022,98.274,6.52021,1,1,1.99405,2.02886,0,1.43267,2.1168,9.06595e+06,3.9903e+06,1.8078e+07,0,0,0,0
68.9874,85.139,3.9223,0.32,0.1,3.00029,3.00029,0,0.632666,4.47552,4.3624e+06,2.70226e+06,1.30885e+07,0,0,0,0,99.3022,98.274,3.14435,0,1,1.74284,1.74284,0,1.54061,2.1168,9.06595e+06,3.61194e+06,1.58005e+07,0,0,0,0
69.6355,85.139,4.08889,0.34,0.1,3.00103,3.00103,0,0.562255,4.47552,4.3624e+06,2.70226e+06,1.30917e+07,0,0,0,0,99.2564,98.274,5.34972,0,1,1.74327,1.74327,0,1.34652,2.1168,9.06595e+06,3.61194e+06,1.58044e+07,0,0,0,0
69.5654,85.139,3.21729,0.38,0.1,3.00178,3.00178,0,0.562394,4.47552,4.3624e+06,2.70226e+06,1.30949e+07,0,0,0,0,99.3022,98.274,3.01762,0,1,1.7437,1.7437,0,1.34685,2.1168,9.06595e+06,3.61194e+06,1.58083e+07,0,0,0,0
69.8169,85.139,3.35016,0.46,0.1,2.74494,3.00252,0,0.562533,4.47552,4.3624e+06,3.5824e+06,1.19745e+07,0,0,0,0,99.3022,98.274,4.26641,0,1,1.5945,1.74413,0,1.34718,2.1168,9.06595e+06,4.78836e+06,1.44557e+07,0,0,0,0
71.5433,85.139,4.91021,0.46,0.1,2.74561,3.00326,0,0.514401,4.47552,4.3624e+06,3.5824e+06,1.19775e+07,0,0,0,0,99.3022,98.274,4.88389,0,1,1.5949,1.74456,0,1.23191,2.1168,9.06595e+06,4.78836e+06,1.44593e+07,0,0,0,0
72.4951,85.139,4.22963,0.53,0.1,2.84664,3.11376,0,0.514528,4.47552,4.3624e+06,3.5824e+06,1.24182e+07,0,0,0,0,99.3022,98.274,6.37634,0,1,1.65945,1.81517,0,1.23222,2.1168,9.06595e+06,4.78836e+06,1.50445e+07,0,0,0,0
74.1985,85.139,5.03561,0.57,0.1,2.84734,3.11453,0,0.533459,4.47552,4.3624e+06,3.5824e+06,1.24212e+07,0,0,0,0,99.3022,98.274,8.51586,0,1,1.65986,1.81562,0,1.28209,2.1168,9.06595e+06,4.78836e+06,1.50482e+07,0,0,0,0
74.5037,85.139,3.54345,0.46,0.1,2.84804,3.11529,0,0.533591,4.47552,4.3624e+06,3.5824e+06,1.24243e+07,0,0,0,0,99.3022,98.274,5.05157,0,1,1.66027,1.81607,0,1.28241,2.1168,9.06595e+06,4.78836e+06,1.50519e+07,0,0,0,0
74.4923,85.139,3.24344,0.48,0.1,2.84874,3.11606,0,0.533723,4.47552,4.3624e+06,3.5824e+06,1.24274e+07,0,0,0,0,99.3022,98.274,5.35736,0,1,1.66068,1.81651,0,1.28272,2.1168,9.06595e+06,4.78836e+06,1.50556e+07,0,0,0,0
75.8122,85.139,4.57138,0.49,0.1,2.81017,3.07387,0,0.533854,4.47552,4.3624e+06,3.5824e+06,1.22591e+07,0,0,0,0,99.3022,98.274,8.20359,0,1,1.63614,1.78968,0,1.28304,2.1168,9.06595e+06,4.78836e+06,1.48332e+07,0,0,0,0
76.0163,85.139,3.3347,0.48,0.1,2.81087,3.07463,0,0.526626,4.47552,4.3624e+06,3.5824e+06,1.22621e+07,0,0,0,0,99.3022,98.274,5.66497,0,1,1.63655,1.79012,0,1.26409,2.1168,9.06595e+06,4.78836e+06,1.48369e+07,0,0,0,0
75.7993,85.139,2.88882,0.45,0.1,2.81156,3.07539,0,0.526756,4.47552,4.3624e+06,3.5824e+06,1.22651e+07,0,0,0,0,99.3022,98.274,5.2024,0,1,1.63695,1.79056,0,1.2644,2.1168,9.06595e+06,4.78836e+06,1.48405e+07,0,0,0,0
75.2945,85.139,2.57005,0.44,0.1,2.81225,3.07615,0,0.526886,4.47552,4.3624e+06,3.5824e+06,1.22682e+07,0,0,0,0,99.3022,98.274,4.56639,0,1,1.63736,1.791,0,1.26471,2.1168,9.06595e+06,4.78836e+06,1.48442e+07,0,0,0,0
74.8814,85.139,2.7557,0.4,0.1,2.94638,3.22287,0,0.527016,4.47552,4.3624e+06,3.5824e+06,1.28533e+07,0,0,0,0,99.3022,98.274,5.26585,0,1,1.72631,1.8883,0,1.26502,2.1168,9.06595e+06,4.78836e+06,1.56506e+07,0,0,0,0
74.4954,85.139,2.9561,0.39,0.1,3.16835,3.22366,0,0.552152,4.47552,4.3624e+06,2.98533e+06,1.38216e+07,0,0,0,0,99.3022,98.274,5.1629,0,1,1.85636,1.88876,0,1.33374,2.1168,9.06595e+06,3.9903e+06,1.68296e+07,0,0,0,0
73.8159,85.139,2.69725,0.37,0.1,3.22446,3.22446,0,0.593749,4.47552,4.3624e+06,2.70226e+06,1.40664e+07,0,0,0,0,99.3022,98.274,4.41837,0,1,1.88923,1.88923,0,1.43422,2.1168,9.06595e+06,3.61194e+06,1.71277e+07,0,0,0,0
72.8554,85.139,2.38417,0.33,0.1,3.22525,3.22525,0,0.604263,4.47552,4.3624e+06,2.70226e+06,1.40698e+07,0,0,0,0,99.3022,98.274,3.95142,0,1,1.8897,1.8897,0,1.45962,2.1168,9.06595e+06,3.61194e+06,1.71319e+07,0,0,0,0
71.9514,85.139,2.16099,0.4,0.1,2.94929,3.22605,0,0.604412,4.47552,4.3624e+06,3.5824e+06,1.2866e+07,0,0,0,0,99.3022,98.274,3.75551,0,1,1.72801,1.89016,0,1.45998,2.1168,9.06595e+06,4.78836e+06,1.5666e+07,0,0,0,0
70.7789,85.139,1.98892,0.37,0.1,3.14307,3.19794,0,0.552697,4.47552,4.3624e+06,2.98533e+06,1.37113e+07,0,0,0,0,99.3022,98.274,2.97737,1,1,1.91057,1.94393,0,1.33506,2.1168,9.06595e+06,3.9903e+06,1.73212e+07,0,0,0,0
69.4893,85.139,1.85291,0.35,0.1,3.14385,3.19873,0,0.589012,4.47552,4.3624e+06,2.98533e+06,1.37147e+07,0,0,0,0,99.3022,98.274,3.026,1,1,1.91104,1.9444,0,1.47611,2.1168,9.06595e+06,3.9903e+06,1.73254e+07,0,0,0,0
68.0894,85.139,1.72379,0.29,0.1,3.14462,3.19952,0,0.589157,4.47552,4.3624e+06,2.98533e+06,1.37181e+07,0,0,0,0,99.3022,98.274,2.99127,1,1,1.91151,1.94488,0,1.47647,2.1168,9.06595e+06,3.9903e+06,1.73297e+07,0,0,0,0
66.6764,85.139,1.68678,0.36,0.1,3.1454,3.2003,0,0.589302,4.47552,4.3624e+06,2.98533e+06,1.37215e+07,0,0,0,0,99.3022,98.274,2.83268,1,1,1.91199,1.94536,0,1.47684,2.1168,9.06595e+06,3.9903e+06,1.7334e+07,0,0,0,0
65.4607,85.139,1.92738,0.3,0.1,3.2196,3.2758,0,0.589447,4.47552,4.3624e+06,2.98533e+06,1.40452e+07,0,0,0,0,99.3022,98.274,3.10658,1,1,1.95919,1.99339,0,1.4772,2.1168,9.06595e+06,3.9903e+06,1.77619e+07,0,0,0,0
64.2047,85.139,1.86855,0.27,0.1,3.22039,3.27661,0,0.603352,4.47552,4.3624e+06,2.98533e+06,1.40486e+07,0,0,0,0,99.3022,98.274,3.15937,1,1,1.95967,1.99388,0,1.51367,2.1168,9.06595e+06,3.9903e+06,1.77663e+07,0,0,0,0
62.7571,85.139,1.65849,0.25,0.1,3.22118,3.27741,0,0.603501,4.47552,4.3624e+06,2.98533e+06,1.40521e+07,0,0,0,0,99.3022,98.274,2.88607,1,1,1.96015,1.99437,0,1.51404,2.1168,9.06595e+06,3.9903e+06,1.77707e+07,0,0,0,0
61.1826,85.139,1.50312,0.24,0.1,3.22198,3.27822,0,0.603649,4.47552,4.3624e+06,2.98533e+06,1.40555e+07,0,0,0,0,99.3022,98.274,2.82462,1,1,1.96064,1.99486,0,1.51441,2.1168,9.06595e+06,3.9903e+06,1.7775e+07,0,0,0,0
59.4935,85.139,1.54303,0.26,0.1,3.438,3.49802,0,0.603798,4.47552,4.3624e+06,2.98533e+06,1.49979e+07,0,0,0,0,99.2126,98.274,2.70045,1,1,2.1168,2.16715,0.0131632,1.51479,2.1168,9.06595e+06,3.9903e+06,1.91908e+07,0,0,0,0
58.2892,85.139,2.01432,0.26,0.1,3.43885,3.49888,0,0.644282,4.47552,4.3624e+06,2.98533e+06,1.50016e+07,0,0,0,0,99.1387,98.274,2.7771,1,1,2.1168,2.16768,0.0136877,1.63544,2.1168,9.06595e+06,3.9903e+06,1.91908e+07,0,0,0,0
56.8661,85.139,1.80725,0.25,0.1,3.4397,3.49974,0,0.644441,4.47552,4.3624e+06,2.98533e+06,1.50053e+07,0,0,0,0,99.0338,98.274,2.66293,1,1,2.1168,2.16821,0.0142123,1.63544,2.1168,9.06595e+06,3.9903e+06,1.91908e+07,0,0,0,0
55.4979,85.139,1.82593,0.24,0.1,3.44054,3.50061,0,0.644599,4.47552,4.3624e+06,2.98533e+06,1.5009e+07,0,0,0,0,99.0543,98.274,2.88595,1,1,2.1168,2.16875,0.014737,1.63544,2.1168,9.06595e+06,3.9903e+06,1.91908e+07,0,0,0,0
54.407,85.139,2.09503,0.28,0.1,3.44139,3.50147,0,0.644758,4.47552,4.3624e+06,2.98533e+06,1.50127e+07,0,0,0,0,99.1339,98.274,3.52467,1,1,2.1168,2.16928,0.0152616,1.63544,2.1168,9.06595e+06,3.9903e+06,1.91908e+07,0,0,0,0
53.699,85.139,2.47149,0.28,0.1,3.33721,3.39547,0,0.644917,4.47552,4.3624e+06,2.98533e+06,1.45582e+07,0,0,0,0,99.3022,98.274,4.42716,1,1,2.02998,2.06542,0,1.63544,2.1168,9.06595e+06,3.9903e+06,1.84037e+07,0,0,0,0
53.9294,85.139,3.39165,0.28,0.1,3.33803,3.39631,0,0.625393,4.47552,4.3624e+06,2.98533e+06,1.45618e+07,0,0,0,0,99.3022,98.274,6.91752,1,1,2.03048,2.06592,0,1.56836,2.1168,9.06595e+06,3.9903e+06,1.84082e+07,0,0,0,0
54.0115,85.139,3.28324,0.28,0.1,3.33885,3.39714,0,0.625547,4.47552,4.3624e+06,2.98533e+06,1.45654e+07,0,0,0,0,99.3022,98.274,5.74485,1,1,2.03098,2.06643,0,1.56875,2.1168,9.06595e+06,3.9903e+06,1.84127e+07,0,0,0,0
53.6938,85.139,2.87802,0.29,0.1,3.33968,3.39798,0,0.625701,4.47552,4.3624e+06,2.98533e+06,1.4569e+07,0,0,0,0,99.3022,98.274,5.63032,1,1,2.03148,2.06694,0,1.56913,2.1168,9.06595e+06,3.9903e+06,1.84173e+07,0,0,0,0
55.6614,85.139,5.34137,0.28,0.1,3.2542,3.31101,0,0.625855,4.47552,4.3624e+06,2.98533e+06,1.41961e+07,0,0,0,0,99.3022,98.274,8.02869,1,1,1.93849,1.97233,0,1.56952,2.1168,9.06595e+06,3.9903e+06,1.75742e+07,0,0,0,0
58.0236,85.139,5.82249,0.29,0.1,3.25501,3.31183,0,0.609838,4.47552,4.3624e+06,2.98533e+06,1.41996e+07,0,0,0,0,99.3022,98.274,7.49649,1,1,1.93896,1.97281,0,1.49767,2.1168,9.06595e+06,3.9903e+06,1.75786e+07,0,0,0,0
58.3912,85.139,3.67218,0.27,0.1,3.25581,3.31264,0,0.609988,4.47552,4.3624e+06,2.98533e+06,1.42031e+07,0,0,0,0,99.3022,98.274,4.75524,1,1,1.93944,1.9733,0,1.49804,2.1168,9.06595e+06,3.9903e+06,1.75829e+07,0,0,0,0
59.4265,85.139,4.39037,0.27,0.1,3.25661,3.31346,0,0.610138,4.47552,4.3624e+06,2.98533e+06,1.42066e+07,0,0,0,0,99.3022,98.274,6.11044,1,1,1.93992,1.97378,0,1.49841,2.1168,9.06595e+06,3.9903e+06,1.75872e+07,0,0,0,0
63.0023,85.139,6.91969,0.28,0.1,3.06467,3.06467,0,0.610288,4.47552,4.3624e+06,2.70226e+06,1.33693e+07,0,0,0,0,99.3022,98.274,7.99809,0,1,1.77596,1.77596,0,1.49878,2.1168,9.06595e+06,3.61194e+06,1.61008e+07,0,0,0,0
67.2017,85.139,7.63383,0.25,0.1,3.06542,3.06542,0,0.574319,4.47552,4.3624e+06,2.70226e+06,1.33726e+07,0,0,0,0,99.3022,98.274,9.97123,0,1,1.7764,1.7764,0,1.37211,2.1168,9.06595e+06,3.61194e+06,1.61047e+07,0,0,0,0
76.3128,85.139,12.8159,0.26,0.1,3.06618,3.06618,0,0.57446,4.47552,4.3624e+06,2.70226e+06,1.33759e+07,0,0,0,0,99.3022,98.274,11.7123,0,1,1.77683,1.77683,0,1.37244,2.1168,9.06595e+06,3.61194e+06,1.61087e+07,0,0,0,0
85.139,85.139,23.8365,0.21,0.1,3.06693,3.06693,0,0.574602,4.47552,4.3624e+06,2.70226e+06,1.33792e+07,0,0,0,0,99.3022,98.274,40.106,0,1,1.77727,1.77727,0,1.37278,2.1168,9.06595e+06,3.61194e+06,1.61126e+07,0,0,0,0
85.139,85.139,14.6323,0.17,0.1,3.06769,3.06769,0,0.574743,4.47552,4.3624e+06,2.70226e+06,1.33825e+07,0,0,0,0,99.3022,98.274,24.5519,0,1,1.77771,1.77771,0,1.37312,2.1168,9.06595e+06,3.61194e+06,1.61166e+07,0,0,0,0
85.139,85.139,5.88605,0.16,1,3.16455,3.16455,0,0.574884,4.47552,4.3624e+06,2.70226e+06,1.3805e+07,0,0,0,0,99.3022,98.274,6.87251,0,1,1.83563,1.83563,0,1.37346,2.1168,9.06595e+06,3.61194e+06,1.66417e+07,0,0,0,0
84.6064,85.139,3.09138,0.18,1,3.16529,3.16529,0,0.593036,4.47552,4.3624e+06,2.70226e+06,1.38082e+07,0,0,0,0,99.3022,98.274,4.36182,0,1,1.83606,1.83606,0,1.4182,2.1168,9.06595e+06,3.61194e+06,1.66456e+07,0,0,0,0
83.5968,85.139,2.55532,0.21,1,3.16603,3.16603,0,0.593175,4.47552,4.3624e+06,2.70226e+06,1.38115e+07,0,0,0,0,99.3022,98.274,3.71325,0,1,1.83649,1.83649,0,1.41854,2.1168,9.06595e+06,3.61194e+06,1.66495e+07,0,0,0,0
82.7089,85.139,2.71476,0.21,1,3.16678,3.16678,0,0.593314,4.47552,4.3624e+06,2.70226e+06,1.38147e+07,0,0,0,0,99.3022,98.274,4.18411,0,1,1.83692,1.83692,0,1.41887,2.1168,9.06595e+06,3.61194e+06,1.66534e+07,0,0,0,0
81.1997,85.139,2.25021,0.22,1,3.41682,3.47647,0,0.593454,4.47552,4.3624e+06,2.98533e+06,1.49055e+07,0,0,0,0,99.2781,98.274,3.14097,1,1,2.01815,2.05339,0,1.4192,2.1168,9.06595e+06,3.9903e+06,1.82965e+07,0,0,0,0
79.4306,85.139,1.92572,0.24,1,3.41763,3.47729,0,0.640313,4.47552,4.3624e+06,2.98533e+06,1.4909e+07,0,0,0,0,99.3022,98.274,2.64391,1,1,2.01863,2.05387,0,1.55923,2.1168,9.06595e+06,3.9903e+06,1.83008e+07,0,0,0,0
78.1671,85.139,2.48328,0.29,1,3.41843,3.47811,0,0.640463,4.47552,4.3624e+06,2.98533e+06,1.49126e+07,0,0,0,0,99.3022,98.274,2.91125,1,1,2.0191,2.05435,0,1.55959,2.1168,9.06595e+06,3.9903e+06,1.83051e+07,0,0,0,0
76.9891,85.139,2.57679,0.29,1,3.41923,3.47892,0,0.640614,4.47552,4.3624e+06,2.98533e+06,1.49161e+07,0,0,0,0,99.2373,98.274,3.08816,1,1,2.01958,2.05483,0,1.55996,2.1168,9.06595e+06,3.9903e+06,1.83094e+07,0,0,0,0
75.8019,85.139,2.1764,0.29,1,3.03866,3.03866,0,0.640764,4.47552,4.3624e+06,2.70226e+06,1.32558e+07,0,0,0,0,99.3022,98.274,2.65223,0,1,1.76512,1.76512,0,1.56032,2.1168,9.06595e+06,3.61194e+06,1.60025e+07,0,0,0,0
75.3475,85.139,2.98813,0.3,1,3.03937,3.03937,0,0.569445,4.47552,4.3624e+06,2.70226e+06,1.3259e+07,0,0,0,0,99.3022,98.274,2.8952,0,1,1.76554,1.76554,0,1.36373,2.1168,9.06595e+06,3.61194e+06,1.60063e+07,0,0,0,0
74.9747,85.139,3.01306,0.33,1,3.04009,3.04009,0,0.569578,4.47552,4.3624e+06,2.70226e+06,1.32621e+07,0,0,0,0,99.3022,98.274,2.97096,0,1,1.76595,1.76595,0,1.36405,2.1168,9.06595e+06,3.61194e+06,1.601e+07,0,0,0,0
75.0613,85.139,3.51194,0.36,1,3.0408,3.0408,0,0.569712,4.47552,4.3624e+06,2.70226e+06,1.32652e+07,0,0,0,0,99.3022,98.274,3.32319,0,1,1.76637,1.76637,0,1.36437,2.1168,9.06595e+06,3.61194e+06,1.60138e+07,0,0,0,0
74.3739,85.139,2.69279,0.38,1,3.04151,3.04151,0,0.569846,4.47552,4.3624e+06,2.70226e+06,1.32683e+07,0,0,0,0,99.3022,98.274,2.85613,0,1,1.76678,1.76678,0,1.36469,2.1168,9.06595e+06,3.61194e+06,1.60175e+07,0,0,0,0
74.6767,85.139,3.69187,0.44,1,2.88286,3.15338,0,0.56998,4.47552,4.3624e+06,3.5824e+06,1.25762e+07,0,0,0,0,99.3022,98.274,3.34458,0,1,1.68057,1.83827,0,1.36501,2.1168,9.06595e+06,4.78836e+06,1.5236e+07,0,0,0,0
74.7542,85.139,3.38378,0.47,1,2.88354,3.15412,0,0.540248,4.47552,4.3624e+06,3.5824e+06,1.25791e+07,0,0,0,0,99.3022,98.274,3.32172,0,1,1.68096,1.8387,0,1.29841,2.1168,9.06595e+06,4.78836e+06,1.52395e+07,0,0,0,0
74.6159,85.139,3.14874,0.5,1,2.88421,3.15486,0,0.540375,4.47552,4.3624e+06,3.5824e+06,1.25821e+07,0,0,0,0,99.3022,98.274,4.25823,0,1,1.68136,1.83913,0,1.29871,2.1168,9.06595e+06,4.78836e+06,1.52431e+07,0,0,0,0
74.0412,85.139,2.65923,0.5,1,2.88489,3.1556,0,0.540502,4.47552,4.3624e+06,3.5824e+06,1.2585e+07,0,0,0,0,98.9301,98.274,2.89077,0,1,1.68175,1.83956,0,1.29902,2.1168,9.06595e+06,4.78836e+06,1.52467e+07,0,0,0,0
73.2745,85.139,2.3394,0.51,1,2.8458,3.11284,0,0.540629,4.47552,4.3624e+06,3.5824e+06,1.24145e+07,0,0,0,0,98.6132,98.274,2.06364,0,1,1.65689,1.81237,0,1.29932,2.1168,9.06595e+06,4.78836e+06,1.50213e+07,0,0,0,0
72.1399,85.139,1.92942,0.61,1,2.84647,3.11357,0,0.533302,4.47552,4.3624e+06,3.5824e+06,1.24174e+07,0,0,0,0,98.4064,98.274,1.89928,0,1,1.65728,1.81279,0,1.28011,2.1168,9.06595e+06,4.78836e+06,1.50248e+07,0,0,0,0
70.7757,85.139,1.67075,0.62,1,2.84713,3.1143,0,0.533428,4.47552,4.3624e+06,3.5824e+06,1.24203e+07,0,0,0,0,98.1385,98.274,1.94523,0,1,1.65766,1.81322,0,1.28041,2.1168,9.06595e+06,4.78836e+06,1.50283e+07,0,0,0,0
69.6842,85.139,1.9343,0.58,1,2.8478,3.11503,0,0.533553,4.47552,4.3624e+06,3.5824e+06,1.24232e+07,0,0,0,0,97.9513,98.274,1.93009,0,1,1.65805,1.81364,0,1.28071,2.1168,9.06595e+06,4.78836e+06,1.50318e+07,0,0,0,0
68.8575,85.139,2.32092,0.57,1,2.98359,3.26357,0,0.533678,4.47552,4.3624e+06,2.98533e+06,1.30156e+07,0,0,0,0,97.5631,98.274,2.0142,1,1,1.74811,1.91214,0,1.28101,2.1168,9.06595e+06,3.9903e+06,1.58482e+07,0,0,0,0
67.6388,85.139,1.85387,0.56,1,2.98429,3.26433,0,0.559125,4.47552,4.3624e+06,2.98533e+06,1.30187e+07,0,0,0,0,97.2467,98.274,1.76236,1,1,1.74852,1.91259,0,1.35059,2.1168,9.06595e+06,3.9903e+06,1.5852e+07,0,0,0,0
66.3636,85.139,1.77195,0.65,1,2.98499,3.2651,0,0.559256,4.47552,4.3624e+06,2.98533e+06,1.30217e+07,0,0,0,0,96.9062,98.274,1.79527,1,1,1.74893,1.91304,0,1.3509,2.1168,9.06595e+06,3.9903e+06,1.58557e+07,0,0,0,0
65.0266,85.139,1.69093,0.61,1,2.98569,3.26586,0,0.559387,4.47552,4.3624e+06,2.98533e+06,1.30248e+07,0,0,0,0,96.4926,98.274,1.74501,1,1,1.74934,1.91349,0,1.35122,2.1168,9.06595e+06,3.9903e+06,1.58594e+07,0,0,0,0
63.5319,85.139,1.50431,0.58,1,2.98639,3.26663,0,0.559518,4.47552,4.3624e+06,2.98533e+06,1.30278e+07,0,0,0,0,95.8129,98.274,1.5779,1,1,1.74975,1.91394,0,1.35154,2.1168,9.06595e+06,3.9903e+06,1.58631e+07,0,0,0,0
61.5829,85.139,0.95596,0.52,1,2.96034,3.23813,0,0.55965,4.47552,4.3624e+06,2.98533e+06,1.29142e+07,0,0,0,0,94.9512,98.274,1.13345,1,1,1.79949,1.96836,0,1.35185,2.1168,9.06595e+06,3.9903e+06,1.63141e+07,0,0,0,0
59.5927,85.139,0.882873,0.63,1,2.96103,3.23889,0,0.554767,4.47552,4.3624e+06,2.98533e+06,1.29172e+07,0,0,0,0,94.0808,98.274,1.16154,1,1,1.79992,1.96882,0,1.39029,2.1168,9.06595e+06,3.9903e+06,1.6318e+07,0,0,0,0
57.5728,85.139,0.827804,0.53,1,2.96172,3.23965,0,0.554897,4.47552,4.3624e+06,2.98533e+06,1.29202e+07,0,0,0,0,93.2061,98.274,1.14358,1,1,1.80034,1.96928,0,1.39062,2.1168,9.06595e+06,3.9903e+06,1.63218e+07,0,0,0,0
55.5611,85.139,0.808399,0.52,1,2.96242,3.24041,0,0.555027,4.47552,4.3624e+06,2.98533e+06,1.29233e+07,0,0,0,0,92.3149,98.274,1.13306,1,1,1.80076,1.96974,0,1.39094,2.1168,9.06595e+06,3.9903e+06,1.63256e+07,0,0,0,0
53.4899,85.139,0.770612,0.57,1,3.03227,3.31681,0,0.555157,4.47552,4.3624e+06,2.98533e+06,1.3228e+07,0,0,0,0,91.3449,98.274,1.12876,1,1,1.84519,2.01834,0,1.39127,2.1168,9.06595e+06,3.9903e+06,1.67284e+07,0,0,0,0
51.4241,85.139,0.742564,0.54,1,3.03298,3.31759,0,0.568247,4.47552,4.3624e+06,2.98533e+06,1.32311e+07,0,0,0,0,90.346,98.274,1.15195,1,1,1.84563,2.01882,0,1.4256,2.1168,9.06595e+06,3.9903e+06,1.67324e+07,0,0,0,0
49.3098,85.139,0.660293,0.46,1,3.03369,3.31836,0,0.56838,4.47552,4.3624e+06,2.98533e+06,1.32342e+07,0,0,0,0,89.2889,98.274,1.08434,1,1,1.84606,2.01929,0,1.42593,2.1168,9.06595e+06,3.9903e+06,1.67363e+07,0,0,0,0
47.1733,85.139,0.601287,0.55,1,3.0344,3.31914,0,0.568513,4.47552,4.3624e+06,2.98533e+06,1.32373e+07,0,0,0,0,88.2269,98.274,1.0306,1,1,1.84649,2.01976,0,1.42627,2.1168,9.06595e+06,3.9903e+06,1.67402e+07,0,0,0,0
44.8531,85.139,0.551607,0.49,1,3.23781,3.54164,0,0.568646,4.47552,4.3624e+06,2.98533e+06,1.41246e+07,0,0,0,0,86.9974,98.274,1.04622,1,1,2.00594,2.19417,0,1.4266,2.1168,9.06595e+06,3.9903e+06,1.81857e+07,0,0,0,0
42.5496,85.139,0.577462,0.6,1,3.23857,3.54247,0,0.606766,4.47552,4.3624e+06,2.98533e+06,1.41279e+07,0,0,0,0,85.7385,98.274,1.06246,1,1,2.00641,2.19468,0,1.54979,2.1168,9.06595e+06,3.9903e+06,1.819e+07,0,0,0,0
40.2188,85.139,0.544179,0.53,1,3.23933,3.5433,0,0.606908,4.47552,4.3624e+06,2.98533e+06,1.41312e+07,0,0,0,0,84.5299,98.274,0.999109,1,1,2.00688,2.1952,0,1.55015,2.1168,9.06595e+06,3.9903e+06,1.81942e+07,0,0,0,0
38.0826,85.139,0.739756,0.45,1,3.24009,3.54413,0,0.60705,4.47552,4.3624e+06,2.98533e+06,1.41345e+07,0,0,0,0,83.4321,98.274,1.12248,1,1,2.00735,2.19571,0,1.55051,2.1168,9.06595e+06,3.9903e+06,1.81985e+07,0,0,0,0
36.2496,85.139,1.08573,0.57,1,3.24085,3.54496,0,0.607192,4.47552,4.3624e+06,2.98533e+06,1.41379e+07,0,0,0,0,82.559,98.274,1.32705,1,1,2.00782,2.19623,0,1.55088,2.1168,9.06595e+06,3.9903e+06,1.82028e+07,0,0,0,0
34.5434,85.139,1.0455,0.51,1,3.1427,3.4376,0,0.607334,4.47552,4.3624e+06,2.98533e+06,1.37097e+07,0,0,0,0,81.7884,98.274,1.3157,1,1,1.91166,2.09105,0,1.55124,2.1168,9.06595e+06,3.9903e+06,1.7331e+07,0,0,0,0
32.8228,85.139,1.08733,0.46,1,3.14343,3.43841,0,0.588942,4.47552,4.3624e+06,2.98533e+06,1.37129e+07,0,0,0,0,81.1798,98.274,1.60681,1,1,1.91211,2.09153,0,1.47695,2.1168,9.06595e+06,3.9903e+06,1.73351e+07,0,0,0,0
31.101,85.139,1.09682,0.56,1,3.14417,3.43921,0,0.58908,4.47552,4.3624e+06,2.98533e+06,1.37161e+07,0,0,0,0,80.6898,98.274,1.69516,1,1,1.91255,2.09202,0,1.47729,2.1168,9.06595e+06,3.9903e+06,1.73391e+07,0,0,0,0
29.4576,85.139,1.20011,0.54,1,3.14491,3.44002,0,0.589218,4.47552,4.3624e+06,2.98533e+06,1.37193e+07,0,0,0,0,80.3657,98.274,1.81484,1,1,1.913,2.09251,0,1.47764,2.1168,9.06595e+06,3.9903e+06,1.73432e+07,0,0,0,0
27.8423,85.139,1.1769,0.54,1,3.06438,3.35194,0,0.589355,4.47552,4.3624e+06,2.98533e+06,1.33681e+07,0,0,0,0,80.1443,98.274,2.04201,1,1,1.82541,1.99671,0,1.47799,2.1168,9.06595e+06,3.9903e+06,1.65491e+07,0,0,0,0
26.276,85.139,1.19907,0.62,1,3.0651,3.35272,0,0.574265,4.47552,4.3624e+06,2.98533e+06,1.33712e+07,0,0,0,0,79.9819,98.274,1.92816,1,1,1.82584,1.99717,0,1.41031,2.1168,9.06595e+06,3.9903e+06,1.6553e+07,0,0,0,0
25.1664,85.139,1.70783,0.61,1,3.06582,3.35351,0,0.5744,4.47552,4.3624e+06,2.98533e+06,1.33743e+07,0,0,0,0,79.8877,98.274,2.27596,1,1,1.82627,1.99764,0,1.41064,2.1168,9.06595e+06,3.9903e+06,1.65568e+07,0,0,0,0
25.9117,85.139,3.59482,0.63,1,3.06653,3.35429,0,0.574534,4.47552,4.3624e+06,2.98533e+06,1.33774e+07,0,0,0,0,80.3306,98.274,3.70968,1,1,1.82669,1.99811,0,1.41097,2.1168,9.06595e+06,3.9903e+06,1.65607e+07,0,0,0,0
26.4069,85.139,3.13966,0.65,1,2.83625,3.1024,0,0.574669,4.47552,4.3624e+06,3.5824e+06,1.23729e+07,0,0,0,0,80.7047,98.274,2.92993,0,1,1.64359,1.79782,0,1.4113,2.1168,9.06595e+06,4.78836e+06,1.49007e+07,0,0,0,0
26.9971,85.139,3.2847,0.64,1,2.83692,3.10313,0,0.531514,4.47552,4.3624e+06,3.5824e+06,1.23758e+07,0,0,0,0,82.3966,98.274,5.44736,0,1,1.64398,1.79825,0,1.26984,2.1168,9.06595e+06,4.78836e+06,1.49042e+07,0,0,0,0
27.3426,85.139,3.08393,0.64,1,2.83758,3.10385,0,0.531638,4.47552,4.3624e+06,3.5824e+06,1.23787e+07,0,0,0,0,83.8318,98.274,4.62055,0,1,1.64436,1.79867,0,1.27014,2.1168,9.06595e+06,4.78836e+06,1.49077e+07,0,0,0,0
29.1316,85.139,4.50849,0.64,1,2.83824,3.10458,0,0.531763,4.47552,4.3624e+06,3.5824e+06,1.23816e+07,0,0,0,0,86.1789,98.274,7.05563,0,1,1.64475,1.79909,0,1.27043,2.1168,9.06595e+06,4.78836e+06,1.49112e+07,0,0,0,0
31.3627,85.139,5.09989,0.61,1,2.83891,3.10531,0,0.531887,4.47552,4.3624e+06,3.5824e+06,1.23844e+07,0,0,0,0,88.3203,98.274,7.14257,0,1,1.64513,1.79951,0,1.27073,2.1168,9.06595e+06,4.78836e+06,1.49147e+07,0,0,0,0
36.5911,85.139,8.38509,0.64,1,2.92851,3.20331,0,0.532011,4.47552,4.3624e+06,3.5824e+06,1.27753e+07,0,0,0,0,90.672,98.274,9.49126,0,1,1.69871,1.85811,0,1.27103,2.1168,9.06595e+06,4.78836e+06,1.54004e+07,0,0,0,0
40.7464,85.139,7.37438,0.62,1,2.92916,3.20403,0,0.548802,4.47552,4.3624e+06,3.5824e+06,1.27782e+07,0,0,0,0,93.4152,98.274,10.9567,0,1,1.69909,1.85853,0,1.31242,2.1168,9.06595e+06,4.78836e+06,1.54039e+07,0,0,0,0
44.0145,85.139,6.52846,0.61,1,2.92981,3.20474,0,0.548925,4.47552,4.3624e+06,3.5824e+06,1.2781e+07,0,0,0,0,95.65,98.274,9.87412,0,1,1.69947,1.85894,0,1.31272,2.1168,9.06595e+06,4.78836e+06,1.54073e+07,0,0,0,0
51.5009,85.139,10.8986,0.62,1,2.93047,3.20545,0,0.549047,4.47552,4.3624e+06,3.5824e+06,1.27839e+07,0,0,0,0,98.4621,98.274,11.8977,0,1,1.69985,1.85936,0,1.31301,2.1168,9.06595e+06,4.78836e+06,1.54107e+07,0,0,0,0
56.0653,85.139,8.58628,0.54,1,3.21701,3.51889,0,0.549169,4.47552,4.3624e+06,2.98533e+06,1.40339e+07,0,0,0,0,99.3022,98.274,10.4405,1,1,1.90014,2.07844,0,1.3133,2.1168,9.06595e+06,3.9903e+06,1.72265e+07,0,0,0,0
67.4266,85.139,15.378,0.55,1,3.21773,3.51967,0,0.602868,4.47552,4.3624e+06,2.98533e+06,1.4037e+07,0,0,0,0,99.3022,98.274,17.264,1,1,1.90056,2.0789,0,1.46804,2.1168,9.06595e+06,3.9903e+06,1.72304e+07,0,0,0,0
69.9333,85.139,6.84626,0.42,1,3.21845,3.52046,0,0.603002,4.47552,4.3624e+06,2.98533e+06,1.40401e+07,0,0,0,0,99.3022,98.274,8.61867,1,1,1.90098,2.07937,0,1.46837,2.1168,9.06595e+06,3.9903e+06,1.72342e+07,0,0,0,0
70.8881,85.139,4.98554,0.35,1,3.46083,3.52124,0,0.603137,4.47552,4.3624e+06,2.98533e+06,1.50975e+07,0,0,0,0,99.3022,98.274,7.41412,1,1,2.04414,2.07983,0,1.4687,2.1168,9.06595e+06,3.9903e+06,1.85321e+07,0,0,0,0
72.1573,85.139,4.91957,0.37,1,3.07559,3.07559,0,0.648559,4.47552,4.3624e+06,2.70226e+06,1.34169e+07,0,0,0,0,99.3022,98.274,8.84301,0,1,1.78657,1.78657,0,1.57931,2.1168,9.06595e+06,3.61194e+06,1.6197e+07,0,0,0,0
72.0814,85.139,3.25773,0.4,1,2.81237,3.07627,0,0.576365,4.47552,4.3624e+06,3.5824e+06,1.22687e+07,0,0,0,0,99.3022,98.274,4.02591,0,1,1.63367,1.78697,0,1.38031,2.1168,9.06595e+06,4.78836e+06,1.48108e+07,0,0,0,0
74.2451,85.139,5.52588,0.45,1,2.81299,3.07696,0,0.527037,4.47552,4.3624e+06,3.5824e+06,1.22714e+07,0,0,0,0,99.3022,98.274,5.97033,0,1,1.63403,1.78737,0,1.26217,2.1168,9.06595e+06,4.78836e+06,1.48141e+07,0,0,0,0
75.4047,85.139,4.83217,0.39,1,3.02484,3.07764,0,0.527155,4.47552,4.3624e+06,2.98533e+06,1.31955e+07,0,0,0,0,99.3022,98.274,7.14623,0,1,1.75709,1.78777,0,1.26246,2.1168,9.06595e+06,3.9903e+06,1.59297e+07,0,0,0,0
78.0693,85.139,6.21232,0.47,1,2.81424,3.07833,0,0.566855,4.47552,4.3624e+06,3.5824e+06,1.22769e+07,0,0,0,0,99.3022,98.274,6.73128,0,1,1.63476,1.78817,0,1.35753,2.1168,9.06595e+06,4.78836e+06,1.48207e+07,0,0,0,0
82.1988,85.139,7.90022,0.5,1,2.91772,3.19151,0,0.527389,4.47552,4.3624e+06,3.5824e+06,1.27283e+07,0,0,0,0,99.3022,98.274,7.31854,0,1,1.70089,1.8605,0,1.26302,2.1168,9.06595e+06,4.78836e+06,1.54202e+07,0,0,0,0
83.8312,85.139,5.17753,0.41,1,2.91837,3.19222,0,0.546781,4.47552,4.3624e+06,3.5824e+06,1.27311e+07,0,0,0,0,99.3022,98.274,5.63627,0,1,1.70127,1.86091,0,1.31411,2.1168,9.06595e+06,4.78836e+06,1.54236e+07,0,0,0,0
84.8018,85.139,4.46167,0.43,1,2.91902,3.19293,0,0.546902,4.47552,4.3624e+06,3.5824e+06,1.27339e+07,0,0,0,0,99.3022,98.274,5.42317,0,1,1.70165,1.86133,0,1.3144,2.1168,9.06595e+06,4.78836e+06,1.54271e+07,0,0,0,0
85.139,85.139,4.39908,0.41,1,2.91967,3.19364,0,0.547024,4.47552,4.3624e+06,3.5824e+06,1.27368e+07,0,0,0,0,99.3022,98.274,4.97549,0,1,1.70203,1.86174,0,1.31469,2.1168,9.06595e+06,4.78836e+06,1.54305e+07,0,0,0,0
85.139,85.139,4.29259,0.33,1,3.15033,3.15033,0,0.547146,4.47552,4.3624e+06,2.70226e+06,1.3743e+07,0,0,0,0,99.3022,98.274,5.04771,0,1,1.83419,1.83419,0,1.31499,2.1168,9.06595e+06,3.61194e+06,1.66287e+07,0,0,0,0
85.139,85.139,3.47931,0.33,1,3.15103,3.15103,0,0.590372,4.47552,4.3624e+06,2.70226e+06,1.3746e+07,0,0,0,0,99.3022,98.274,4.19199,0,1,1.8346,1.8346,0,1.4171,2.1168,9.06595e+06,3.61194e+06,1.66324e+07,0,0,0,0
84.7646,85.139,3.04801,0.31,1,3.15173,3.15173,0,0.590503,4.47552,4.3624e+06,2.70226e+06,1.37491e+07,0,0,0,0,99.3022,98.274,3.80884,0,1,1.83501,1.83501,0,1.41741,2.1168,9.06595e+06,3.61194e+06,1.66361e+07,0,0,0,0
84.1536,85.139,2.73171,0.39,1,3.09834,3.15243,0,0.590634,4.47552,4.3624e+06,2.98533e+06,1.35162e+07,0,0,0,0,99.3022,98.274,3.37257,0,1,1.80392,1.83542,0,1.41773,2.1168,9.06595e+06,3.9903e+06,1.63543e+07,0,0,0,0
83.2805,85.139,2.55423,0.38,1,3.24604,3.30271,0,0.58063,4.47552,4.3624e+06,2.98533e+06,1.41605e+07,0,0,0,0,99.3022,98.274,3.08231,1,1,1.90188,1.93508,0,1.39371,2.1168,9.06595e+06,3.9903e+06,1.72423e+07,0,0,0,0
82.3904,85.139,2.5051,0.35,1,3.24676,3.30344,0,0.608308,4.47552,4.3624e+06,2.98533e+06,1.41637e+07,0,0,0,0,99.3022,98.274,2.78781,1,1,1.9023,1.93551,0,1.46939,2.1168,9.06595e+06,3.9903e+06,1.72462e+07,0,0,0,0
81.4432,85.139,2.43287,0.29,1,3.24749,3.30418,0,0.608444,4.47552,4.3624e+06,2.98533e+06,1.41668e+07,0,0,0,0,99.3022,98.274,2.90496,1,1,1.90272,1.93594,0,1.46972,2.1168,9.06595e+06,3.9903e+06,1.725e+07,0,0,0,0
80.2758,85.139,2.21532,0.27,1,3.24821,3.30491,0,0.608579,4.47552,4.3624e+06,2.98533e+06,1.417e+07,0,0,0,0,99.3022,98.274,2.77071,1,1,1.90315,1.93637,0,1.47004,2.1168,9.06595e+06,3.9903e+06,1.72538e+07,0,0,0,0
79.049,85.139,2.1076,0.23,1,3.24893,3.30565,0,0.608714,4.47552,4.3624e+06,2.98533e+06,1.41731e+07,0,0,0,0,99.3022,98.274,2.80501,1,1,1.90357,1.9368,0,1.47037,2.1168,9.06595e+06,3.9903e+06,1.72577e+07,0,0,0,0
78.1354,85.139,2.34668,0.35,1,3.22055,3.27677,0,0.60885,4.47552,4.3624e+06,2.98533e+06,1.40493e+07,0,0,0,0,99.2406,98.274,2.56251,1,1,1.95767,1.99184,0,1.4707,2.1168,9.06595e+06,3.9903e+06,1.77481e+07,0,0,0,0
77.0975,85.139,2.21538,0.28,1,3.22126,3.2775,0,0.603531,4.47552,4.3624e+06,2.98533e+06,1.40524e+07,0,0,0,0,99.1342,98.274,2.43373,1,1,1.9581,1.99229,0,1.51249,2.1168,9.06595e+06,3.9903e+06,1.77521e+07,0,0,0,0
75.8817,85.139,2.0294,0.26,1,3.22198,3.27823,0,0.603665,4.47552,4.3624e+06,2.98533e+06,1.40556e+07,0,0,0,0,98.936,98.274,2.41635,1,1,1.95854,1.99273,0,1.51283,2.1168,9.06595e+06,3.9903e+06,1.7756e+07,0,0,0,0
74.4952,85.139,1.83515,0.25,1,3.2227,3.27896,0,0.603799,4.47552,4.3624e+06,2.98533e+06,1.40587e+07,0,0,0,0,98.62,98.274,2.18023,1,1,1.95897,1.99317,0,1.51317,2.1168,9.06595e+06,3.9903e+06,1.776e+07,0,0,0,0
72.9219,85.139,1.68845,0.24,1,3.29864,3.35623,0,0.603933,4.47552,4.3624e+06,2.98533e+06,1.439e+07,0,0,0,0,98.1914,98.274,2.07934,1,1,2.00729,2.04233,0,1.5135,2.1168,9.06595e+06,3.9903e+06,1.8198e+07,0,0,0,0
71.118,85.139,1.42233,0.25,1,3.29937,3.35697,0,0.618165,4.47552,4.3624e+06,2.98533e+06,1.43932e+07,0,0,0,0,97.5782,98.274,1.83265,1,1,2.00773,2.04278,0,1.55083,2.1168,9.06595e+06,3.9903e+06,1.8202e+07,0,0,0,0
69.2432,85.139,1.3313,0.25,1,3.30011,3.35772,0,0.618303,4.47552,4.3624e+06,2.98533e+06,1.43964e+07,0,0,0,0,96.985,98.274,1.67301,1,1,2.00818,2.04324,0,1.55118,2.1168,9.06595e+06,3.9903e+06,1.82061e+07,0,0,0,0
67.3681,85.139,1.3075,0.24,1,3.30084,3.35846,0,0.61844,4.47552,4.3624e+06,2.98533e+06,1.43996e+07,0,0,0,0,96.4853,98.274,1.80653,1,1,2.00863,2.04369,0,1.55152,2.1168,9.06595e+06,3.9903e+06,1.82101e+07,0,0,0,0
65.3902,85.139,1.35758,0.24,1,3.52207,3.58356,0,0.618578,4.47552,4.3624e+06,2.98533e+06,1.53647e+07,0,0,0,0,95.583,98.274,1.92391,1,1,2.1168,2.22014,0.0652466,1.55187,2.1168,9.06595e+06,3.9903e+06,1.91908e+07,0,0,0,0
63.0243,85.139,0.94274,0.23,1,3.52285,3.58435,0,0.660036,4.47552,4.3624e+06,2.98533e+06,1.53681e+07,0,0,0,0,94.6594,98.274,1.32995,1,1,2.1168,2.22063,0.0657314,1.63544,2.1168,9.06595e+06,3.9903e+06,1.91908e+07,0,0,0,0
60.7707,85.139,1.04641,0.23,1,3.52364,3.58515,0,0.660183,4.47552,4.3624e+06,2.98533e+06,1.53715e+07,0,0,0,0,93.5562,98.274,1.61609,1,1,2.1168,2.22113,0.0662162,1.63544,2.1168,9.06595e+06,3.9903e+06,1.91908e+07,0,0,0,0
58.3545,85.139,0.854633,0.25,1,3.52442,3.58595,0,0.66033,4.47552,4.3624e+06,2.98533e+06,1.53749e+07,0,0,0,0,92.8751,98.274,1.16199,1,1,2.1168,2.22162,0.0667013,1.63544,2.1168,9.06595e+06,3.9903e+06,1.91908e+07,0,0,0,0
56.1602,85.139,1.03824,0.25,1,3.5252,3.58674,0,0.660476,4.47552,4.3624e+06,2.98533e+06,1.53783e+07,0,0,0,0,92.1639,98.274,2.068,1,1,2.1168,2.22211,0.0671864,1.63544,2.1168,9.06595e+06,3.9903e+06,1.91908e+07,0,0,0,0
54.4863,85.139,1.51114,0.3,1,3.4184,3.47808,0,0.660623,4.47552,4.3624e+06,2.98533e+06,1.49124e+07,0,0,0,0,91.772,98.274,1.76439,1,1,2.07937,2.11567,0,1.63544,2.1168,9.06595e+06,3.9903e+06,1.88514e+07,0,0,0,0
52.6756,85.139,1.35225,0.29,1,3.41916,3.47885,0,0.640609,4.47552,4.3624e+06,2.98533e+06,1.49158e+07,0,0,0,0,91.252,98.274,2.7396,1,1,2.07983,2.11614,0,1.60652,2.1168,9.06595e+06,3.9903e+06,1.88556e+07,0,0,0,0
50.7121,85.139,1.17015,0.29,1,3.41992,3.47962,0,0.640751,4.47552,4.3624e+06,2.98533e+06,1.49191e+07,0,0,0,0,90.3608,98.274,1.59853,1,1,2.08029,2.11661,0,1.60688,2.1168,9.06595e+06,3.9903e+06,1.88598e+07,0,0,0,0
48.7952,85.139,1.21336,0.32,1,3.42068,3.4804,0,0.640894,4.47552,4.3624e+06,2.98533e+06,1.49224e+07,0,0,0,0,89.8003,98.274,1.55785,1,1,2.08075,2.11708,0,1.60723,2.1168,9.06595e+06,3.9903e+06,1.8864e+07,0,0,0,0
47.4341,85.139,1.81039,0.32,1,3.33306,3.39124,0,0.641036,4.47552,4.3624e+06,2.98533e+06,1.45401e+07,0,0,0,0,89.3411,98.274,2.26627,1,1,1.98546,2.02012,0,1.60759,2.1168,9.06595e+06,3.9903e+06,1.80001e+07,0,0,0,0
46.4483,85.139,2.1775,0.33,1,3.3338,3.392,0,0.624615,4.47552,4.3624e+06,2.98533e+06,1.45434e+07,0,0,0,0,89.101,98.274,1.59704,1,1,1.9859,2.02057,0,1.53396,2.1168,9.06595e+06,3.9903e+06,1.80041e+07,0,0,0,0
47.5343,85.139,4.3412,0.35,1,3.33454,3.39275,0,0.624754,4.47552,4.3624e+06,2.98533e+06,1.45466e+07,0,0,0,0,89.4233,98.274,3.48083,1,1,1.98634,2.02102,0,1.53431,2.1168,9.06595e+06,3.9903e+06,1.80081e+07,0,0,0,0
47.2442,85.139,2.8709,0.35,1,3.33528,3.3935,0,0.624892,4.47552,4.3624e+06,2.98533e+06,1.45498e+07,0,0,0,0,89.7064,98.274,3.37452,1,1,1.98678,2.02146,0,1.53465,2.1168,9.06595e+06,3.9903e+06,1.80121e+07,0,0,0,0
47.9042,85.139,3.71695,0.36,1,3.13863,3.13863,0,0.625031,4.47552,4.3624e+06,2.70226e+06,1.3692e+07,0,0,0,0,89.657,98.274,2.71037,0,1,1.81882,1.81882,0,1.53499,2.1168,9.06595e+06,3.61194e+06,1.64893e+07,0,0,0,0
46.4817,85.139,1.54935,0.38,1,3.13933,3.13933,0,0.588179,4.47552,4.3624e+06,2.70226e+06,1.3695e+07,0,0,0,0,89.4691,98.274,2.08968,0,1,1.81922,1.81922,0,1.40522,2.1168,9.06595e+06,3.61194e+06,1.6493e+07,0,0,0,0
45.5917,85.139,1.87471,0.41,1,2.87065,3.14002,0,0.58831,4.47552,4.3624e+06,3.5824e+06,1.25229e+07,0,0,0,0,89.424,98.274,2.38425,0,1,1.66352,1.81963,0,1.40553,2.1168,9.06595e+06,4.78836e+06,1.50814e+07,0,0,0,0
46.5431,85.139,3.68998,0.41,1,2.87128,3.14072,0,0.537959,4.47552,4.3624e+06,3.5824e+06,1.25257e+07,0,0,0,0,89.493,98.274,2.73381,0,1,1.66389,1.82003,0,1.28524,2.1168,9.06595e+06,4.78836e+06,1.50848e+07,0,0,0,0
50.5781,85.139,6.78144,0.43,1,2.87192,3.14142,0,0.538079,4.47552,4.3624e+06,3.5824e+06,1.25285e+07,0,0,0,0,89.2862,98.274,3.36513,0,1,1.66426,1.82043,0,1.28552,2.1168,9.06595e+06,4.78836e+06,1.50881e+07,0,0,0,0
51.8607,85.139,4.26447,0.47,1,2.96253,3.24052,0,0.538198,4.47552,4.3624e+06,3.5824e+06,1.29237e+07,0,0,0,0,89.2315,98.274,1.68694,0,1,1.71844,1.8797,0,1.28581,2.1168,9.06595e+06,4.78836e+06,1.55793e+07,0,0,0,0
61.6606,85.139,13.0933,0.45,1,2.96315,3.24121,0,0.555178,4.47552,4.3624e+06,3.5824e+06,1.29264e+07,0,0,0,0,89.7167,98.274,3.83029,0,1,1.71881,1.8801,0,1.32767,2.1168,9.06595e+06,4.78836e+06,1.55826e+07,0,0,0,0
65.8209,85.139,7.39086,0.43,1,2.96378,3.24189,0,0.555295,4.47552,4.3624e+06,3.5824e+06,1.29292e+07,0,0,0,0,90.1982,98.274,2.98788,0,1,1.71917,1.88049,0,1.32795,2.1168,9.06595e+06,4.78836e+06,1.55859e+07,0,0,0,0
67.5208,85.139,4.91317,0.41,1,2.9644,3.24257,0,0.555412,4.47552,4.3624e+06,3.5824e+06,1.29319e+07,0,0,0,0,90.7847,98.274,3.07613,0,1,1.71953,1.88089,0,1.32823,2.1168,9.06595e+06,4.78836e+06,1.55892e+07,0,0,0,0
78.4916,85.139,14.7442,0.43,1,3.25423,3.5596,0,0.555529,4.47552,4.3624e+06,2.98533e+06,1.41962e+07,0,0,0,0,92.1124,98.274,5.92124,1,1,1.92212,2.10248,0,1.32851,2.1168,9.06595e+06,3.9903e+06,1.74258e+07,0,0,0,0
84.5829,85.139,10.0261,0.29,1,3.49926,3.56035,0,0.609842,4.47552,4.3624e+06,2.98533e+06,1.52652e+07,0,0,0,0,93.1583,98.274,5.1053,1,1,2.06684,2.10293,0,1.48503,2.1168,9.06595e+06,3.9903e+06,1.87379e+07,0,0,0,0
85.139,85.139,6.66577,0.26,1,3.5,3.5611,0,0.655761,4.47552,4.3624e+06,2.98533e+06,1.52684e+07,0,0,0,0,92.9253,98.274,3.1127,1,1,2.06728,2.10337,0,1.59684,2.1168,9.06595e+06,3.9903e+06,1.87419e+07,0,0,0,0
85.139,85.139,5.20477,0.23,1,3.50073,3.56185,0,0.655899,4.47552,4.3624e+06,2.98533e+06,1.52716e+07,0,0,0,0,92.8281,98.274,2.49955,1,1,2.06772,2.10381,0,1.59718,2.1168,9.06595e+06,3.9903e+06,1.87458e+07,0,0,0,0
85.139,85.139,7.34162,0.23,1,3.11101,3.11101,0,0.656037,4.47552,4.3624e+06,2.70226e+06,1.35715e+07,0,0,0,0,94.5209,98.274,6.11689,0,1,1.80715,1.80715,0,1.59752,2.1168,9.06595e+06,3.61194e+06,1.63836e+07,0,0,0,0
85.139,85.139,11.9358,0.25,1,3.11167,3.11167,0,0.583004,4.47552,4.3624e+06,2.70226e+06,1.35743e+07,0,0,0,0,99.0714,98.274,12.5747,0,1,1.80753,1.80753,0,1.39621,2.1168,9.06595e+06,3.61194e+06,1.6387e+07,0,0,0,0
85.139,85.139,10.4195,0.26,1,3.11232,3.11232,0,0.583127,4.47552,4.3624e+06,2.70226e+06,1.35772e+07,0,0,0,0,99.3022,98.274,9.72101,0,1,1.80791,1.80791,0,1.3965,2.1168,9.06595e+06,3.61194e+06,1.63905e+07,0,0,0,0
85.139,85.139,10.5378,0.27,1,3.11298,3.11298,0,0.58325,4.47552,4.3624e+06,2.70226e+06,1.35801e+07,0,0,0,0,99.3022,98.274,9.36172,0,1,1.80829,1.80829,0,1.39679,2.1168,9.06595e+06,3.61194e+06,1.63939e+07,0,0,0,0
85.139,85.139,10.1082,0.28,1,3.11364,3.11364,0,0.583373,4.47552,4.3624e+06,2.70226e+06,1.35829e+07,0,0,0,0,99.3022,98.274,8.9005,0,1,1.80868,1.80868,0,1.39709,2.1168,9.06595e+06,3.61194e+06,1.63974e+07,0,0,0,0
85.139,85.139,11.7013,0.3,1,3.22808,3.22808,0,0.583495,4.47552,4.3624e+06,2.70226e+06,1.40822e+07,0,0,0,0,99.3022,98.274,10.3336,0,1,1.88182,1.88182,0,1.39738,2.1168,9.06595e+06,3.61194e+06,1.70604e+07,0,0,0,0
85.139,85.139,9.5415,0.33,1,3.22876,3.22876,0,0.604942,4.47552,4.3624e+06,2.70226e+06,1.40851e+07,0,0,0,0,99.3022,98.274,8.25702,0,1,1.88221,1.88221,0,1.45389,2.1168,9.06595e+06,3.61194e+06,1.7064e+07,0,0,0,0
85.139,85.139,8.03182,0.34,1,3.22944,3.22944,0,0.60507,4.47552,4.3624e+06,2.70226e+06,1.40881e+07,0,0,0,0,99.3022,98.274,7.21152,0,1,1.88261,1.88261,0,1.4542,2.1168,9.06595e+06,3.61194e+06,1.70676e+07,0,0,0,0
85.139,85.139,7.43137,0.36,1,3.23012,3.23012,0,0.605197,4.47552,4.3624e+06,2.70226e+06,1.40911e+07,0,0,0,0,99.3022,98.274,6.92678,0,1,1.883,1.883,0,1.4545,2.1168,9.06595e+06,3.61194e+06,1.70712e+07,0,0,0,0
85.139,85.139,6.14367,0.33,1,3.18627,3.18627,0,0.605324,4.47552,4.3624e+06,2.70226e+06,1.38998e+07,0,0,0,0,99.2427,98.274,4.54903,0,1,1.85512,1.85512,0,1.45481,2.1168,9.06595e+06,3.61194e+06,1.68184e+07,0,0,0,0
85.139,85.139,5.37006,0.34,1,3.18694,3.18694,0,0.597107,4.47552,4.3624e+06,2.70226e+06,1.39027e+07,0,0,0,0,99.3022,98.274,3.08795,0,1,1.85551,1.85551,0,1.43326,2.1168,9.06595e+06,3.61194e+06,1.68219e+07,0,0,0,0
85.139,85.139,4.78217,0.34,1,3.18761,3.18761,0,0.597233,4.47552,4.3624e+06,2.70226e+06,1.39056e+07,0,0,0,0,99.3022,98.274,2.9136,0,1,1.8559,1.8559,0,1.43357,2.1168,9.06595e+06,3.61194e+06,1.68255e+07,0,0,0,0
85.139,85.139,4.53038,0.31,1,3.18828,3.18828,0,0.597359,4.47552,4.3624e+06,2.70226e+06,1.39086e+07,0,0,0,0,99.3022,98.274,2.79521,0,1,1.85629,1.85629,0,1.43387,2.1168,9.06595e+06,3.61194e+06,1.6829e+07,0,0,0,0
85.139,85.139,4.21858,0.28,1,3.28292,3.34023,0,0.597484,4.47552,4.3624e+06,2.98533e+06,1.43214e+07,0,0,0,0,99.2235,98.274,2.99624,1,1,1.92348,1.95706,0,1.43417,2.1168,9.06595e+06,3.9903e+06,1.74382e+07,0,0,0,0
85.139,85.139,4.05678,0.26,1,3.28361,3.34093,0,0.615219,4.47552,4.3624e+06,2.98533e+06,1.43244e+07,0,0,0,0,99.1133,98.274,2.50102,1,1,1.92389,1.95747,0,1.48608,2.1168,9.06595e+06,3.9903e+06,1.74419e+07,0,0,0,0
85.139,85.139,3.71478,0.23,1,3.2843,3.34163,0,0.615348,4.47552,4.3624e+06,2.98533e+06,1.43274e+07,0,0,0,0,98.8226,98.274,2.31154,1,1,1.92429,1.95788,0,1.4864,2.1168,9.06595e+06,3.9903e+06,1.74455e+07,0,0,0,0
85.139,85.139,3.51811,0.22,1,3.28499,3.34234,0,0.615478,4.47552,4.3624e+06,2.98533e+06,1.43304e+07,0,0,0,0,98.4849,98.274,2.09316,1,1,1.9247,1.9583,0,1.48671,2.1168,9.06595e+06,3.9903e+06,1.74492e+07,0,0,0,0
84.8736,85.139,3.18506,0.19,1,3.28568,3.34304,0,0.615607,4.47552,4.3624e+06,2.98533e+06,1.43335e+07,0,0,0,0,98.3523,98.274,2.01882,1,1,1.9251,1.95871,0,1.48702,2.1168,9.06595e+06,3.9903e+06,1.74529e+07,0,0,0,0
84.054,85.139,2.63271,0.24,1,3.25694,3.31379,0,0.615737,4.47552,4.3624e+06,2.98533e+06,1.42081e+07,0,0,0,0,98.1697,98.274,2.35544,1,1,1.97979,2.01435,0,1.48733,2.1168,9.06595e+06,3.9903e+06,1.79487e+07,0,0,0,0
83.0365,85.139,2.42912,0.22,1,3.25762,3.31449,0,0.61035,4.47552,4.3624e+06,2.98533e+06,1.42111e+07,0,0,0,0,98.0018,98.274,2.34435,1,1,1.9802,2.01477,0,1.52958,2.1168,9.06595e+06,3.9903e+06,1.79524e+07,0,0,0,0
81.9206,85.139,2.31769,0.21,1,3.25831,3.31519,0,0.610479,4.47552,4.3624e+06,2.98533e+06,1.4214e+07,0,0,0,0,97.8072,98.274,2.27108,1,1,1.98062,2.0152,0,1.52991,2.1168,9.06595e+06,3.9903e+06,1.79562e+07,0,0,0,0
80.728,85.139,2.19548,0.21,1,3.25899,3.31589,0,0.610607,4.47552,4.3624e+06,2.98533e+06,1.4217e+07,0,0,0,0,97.5388,98.274,2.24181,1,1,1.98104,2.01562,0,1.53023,2.1168,9.06595e+06,3.9903e+06,1.796e+07,0,0,0,0
79.3709,85.139,2.08525,0.2,1,3.33575,3.39399,0,0.610735,4.47552,4.3624e+06,2.98533e+06,1.45519e+07,0,0,0,0,97.2875,98.274,2.26445,1,1,2.02987,2.06531,0,1.53055,2.1168,9.06595e+06,3.9903e+06,1.84027e+07,0,0,0,0
78.0382,85.139,2.07905,0.22,1,3.33645,3.3947,0,0.62512,4.47552,4.3624e+06,2.98533e+06,1.45549e+07,0,0,0,0,97.0853,98.274,2.3431,1,1,2.0303,2.06574,0,1.56828,2.1168,9.06595e+06,3.9903e+06,1.84066e+07,0,0,0,0
76.495,85.139,1.84988,0.2,1,3.33716,3.39541,0,0.625251,4.47552,4.3624e+06,2.98533e+06,1.4558e+07,0,0,0,0,96.7998,98.274,2.20192,1,1,2.03073,2.06618,0,1.56861,2.1168,9.06595e+06,3.9903e+06,1.84105e+07,0,0,0,0
74.8072,85.139,1.68519,0.2,1,3.33786,3.39613,0,0.625383,4.47552,4.3624e+06,2.98533e+06,1.45611e+07,0,0,0,0,96.5034,98.274,2.09146,1,1,2.03115,2.06661,0,1.56894,2.1168,9.06595e+06,3.9903e+06,1.84143e+07,0,0,0,0
72.7271,85.139,1.44181,0.19,1,3.56153,3.6237,0,0.625514,4.47552,4.3624e+06,2.98533e+06,1.55368e+07,0,0,0,0,96.1653,98.274,2.07307,1,1,2.1168,2.24501,0.0896898,1.56927,2.1168,9.06595e+06,3.9903e+06,1.91908e+07,0,0,0,0
70.9319,85.139,1.72275,0.21,1,3.56228,3.62446,0,0.66743,4.47552,4.3624e+06,2.98533e+06,1.55401e+07,0,0,0,0,95.9004,98.274,2.21152,1,1,2.1168,2.24548,0.0901535,1.63544,2.1168,9.06595e+06,3.9903e+06,1.91908e+07,0,0,0,0
69.3456,85.139,1.94425,0.2,1,3.56302,3.62522,0,0.66757,4.47552,4.3624e+06,2.98533e+06,1.55433e+07,0,0,0,0,95.6722,98.274,2.70435,1,1,2.1168,2.24595,0.0906173,1.63544,2.1168,9.06595e+06,3.9903e+06,1.91908e+07,0,0,0,0
67.3999,85.139,1.5743,0.2,1,3.56377,3.62599,0,0.667711,4.47552,4.3624e+06,2.98533e+06,1.55466e+07,0,0,0,0,95.3336,98.274,1.97147,1,1,2.1168,2.24642,0.0910812,1.63544,2.1168,9.06595e+06,3.9903e+06,1.91908e+07,0,0,0,0
65.811,85.139,1.89228,0.21,1,3.56452,3.62675,0,0.667851,4.47552,4.3624e+06,2.98533e+06,1.55499e+07,0,0,0,0,95.3771,98.274,3.37552,1,1,2.1168,2.2469,0.0915452,1.63544,2.1168,9.06595e+06,3.9903e+06,1.91908e+07,0,0,0,0
64.1465,85.139,1.74043,0.22,1,3.45649,3.51683,0,0.667991,4.47552,4.3624e+06,2.98533e+06,1.50786e+07,0,0,0,0,95.0286,98.274,2.07285,1,1,2.10253,2.13924,0,1.63544,2.1168,9.06595e+06,3.9903e+06,1.90615e+07,0,0,0,0
63.3035,85.139,2.51627,0.24,1,3.45722,3.51757,0,0.647746,4.47552,4.3624e+06,2.98533e+06,1.50818e+07,0,0,0,0,94.8637,98.274,2.98426,1,1,2.10298,2.13969,0,1.62442,2.1168,9.06595e+06,3.9903e+06,1.90655e+07,0,0,0,0
61.5928,85.139,1.69334,0.24,1,3.45794,3.51831,0,0.647882,4.47552,4.3624e+06,2.98533e+06,1.50849e+07,0,0,0,0,94.2457,98.274,2.27981,1,1,2.10342,2.14014,0,1.62476,2.1168,9.06595e+06,3.9903e+06,1.90695e+07,0,0,0,0
59.6269,85.139,1.3505,0.28,1,3.45867,3.51905,0,0.648018,4.47552,4.3624e+06,2.98533e+06,1.50881e+07,0,0,0,0,93.7993,98.274,1.70201,1,1,2.10386,2.14059,0,1.6251,2.1168,9.06595e+06,3.9903e+06,1.90735e+07,0,0,0,0
58.1283,85.139,1.82076,0.26,1,3.37003,3.42886,0,0.648154,4.47552,4.3624e+06,2.98533e+06,1.47014e+07,0,0,0,0,93.5171,98.274,2.13353,1,1,2.00748,2.04253,0,1.62544,2.1168,9.06595e+06,3.9903e+06,1.81997e+07,0,0,0,0
57.5953,85.139,2.80095,0.27,1,3.37074,3.42958,0,0.631544,4.47552,4.3624e+06,2.98533e+06,1.47045e+07,0,0,0,0,93.4726,98.274,2.49256,1,1,2.0079,2.04296,0,1.55098,2.1168,9.06595e+06,3.9903e+06,1.82036e+07,0,0,0,0
57.5355,85.139,3.27837,0.29,1,3.37145,3.4303,0,0.631676,4.47552,4.3624e+06,2.98533e+06,1.47076e+07,0,0,0,0,93.8967,98.274,4.25401,1,1,2.00833,2.04339,0,1.55131,2.1168,9.06595e+06,3.9903e+06,1.82074e+07,0,0,0,0
56.5888,85.139,2.39123,0.28,1,3.37215,3.43102,0,0.631809,4.47552,4.3624e+06,2.98533e+06,1.47107e+07,0,0,0,0,93.9107,98.274,3.07327,1,1,2.00875,2.04381,0,1.55163,2.1168,9.06595e+06,3.9903e+06,1.82112e+07,0,0,0,0
60.6699,85.139,7.61601,0.32,1,3.17329,3.17329,0,0.631942,4.47552,4.3624e+06,2.70226e+06,1.38432e+07,0,0,0,0,94.4166,98.274,5.00344,0,1,1.83891,1.83891,0,1.55196,2.1168,9.06595e+06,3.61194e+06,1.66714e+07,0,0,0,0
59.9804,85.139,2.5478,0.27,1,3.17396,3.17396,0,0.594675,4.47552,4.3624e+06,2.70226e+06,1.38461e+07,0,0,0,0,94.2895,98.274,2.86647,0,1,1.83929,1.83929,0,1.42074,2.1168,9.06595e+06,3.61194e+06,1.66749e+07,0,0,0,0
61.9199,85.139,5.41856,0.28,1,3.17463,3.17463,0,0.5948,4.47552,4.3624e+06,2.70226e+06,1.3849e+07,0,0,0,0,95.3638,98.274,7.9857,0,1,1.83968,1.83968,0,1.42104,2.1168,9.06595e+06,3.61194e+06,1.66784e+07,0,0,0,0
63.8392,85.139,5.36783,0.32,1,3.17529,3.17529,0,0.594925,4.47552,4.3624e+06,2.70226e+06,1.38519e+07,0,0,0,0,95.779,98.274,5.25922,0,1,1.84006,1.84006,0,1.42134,2.1168,9.06595e+06,3.61194e+06,1.66819e+07,0,0,0,0
65.8818,85.139,5.40216,0.31,1,3.17596,3.17596,0,0.59505,4.47552,4.3624e+06,2.70226e+06,1.38548e+07,0,0,0,0,95.8407,98.274,4.19369,0,1,1.84045,1.84045,0,1.42163,2.1168,9.06595e+06,3.61194e+06,1.66854e+07,0,0,0,0
68.3207,85.139,6.14009,0.33,1,3.27612,3.27612,0,0.595175,4.47552,4.3624e+06,2.70226e+06,1.42917e+07,0,0,0,0,96.8112,98.274,6.10696,0,1,1.90035,1.90035,0,1.42193,2.1168,9.06595e+06,3.61194e+06,1.72284e+07,0,0,0,0
71.3679,85.139,6.96278,0.31,1,3.27677,3.27677,0,0.613944,6.048,4.3624e+06,2.70226e+06,1.42946e+07,0,0,0,0,97.6154,98.274,5.94276,0,1,1.90072,1.90072,0,1.46821,2.1168,9.06595e+06,3.61194e+06,1.72319e+07,0,0,0,0
74.2683,85.139,6.73886,0.32,1,3.27742,3.27742,0,0.614066,6.048,4.3624e+06,2.70226e+06,1.42974e+07,0,0,0,0,98.2176,98.274,6.03752,0,1,1.9011,1.9011,0,1.4685,2.1168,9.06595e+06,3.61194e+06,1.72353e+07,0,0,0,0
77.1439,85.139,6.78601,0.28,1,3.27807,3.27807,0,0.614189,6.048,4.3624e+06,2.70226e+06,1.43003e+07,0,0,0,0,99.3022,98.274,7.99592,0,1,1.90148,1.90148,0,1.46879,2.1168,9.06595e+06,3.61194e+06,1.72387e+07,0,0,0,0
79.4939,85.139,6.41847,0.29,1,3.53678,3.59852,0,0.614311,6.048,4.3624e+06,2.98533e+06,1.54288e+07,0,0,0,0,99.3022,98.274,5.38898,1,1,2.08901,2.12547,0,1.46908,2.1168,9.06595e+06,3.9903e+06,1.89388e+07,0,0,0,0
85.139,85.139,22.1157,0.28,1,3.53748,3.59924,0,0.662793,6.048,4.3624e+06,2.98533e+06,1.54319e+07,0,0,0,0,99.3022,98.274,16.3226,1,1,2.08942,2.1259,0,1.61397,2.1168,9.06595e+06,3.9903e+06,1.89426e+07,0,0,0,0
85.139,85.139,9.69801,0.23,1,3.53819,3.59995,0,0.662925,6.048,4.3624e+06,2.98533e+06,1.5435e+07,0,0,0,0,99.3022,98.274,8.17779,1,1,2.08984,2.12632,0,1.61429,2.1168,9.06595e+06,3.9903e+06,1.89464e+07,0,0,0,0
85.139,85.139,7.11042,0.24,1,3.53889,3.60067,0,0.663056,6.048,4.3624e+06,2.98533e+06,1.54381e+07,0,0,0,0,99.3022,98.274,7.05348,1,1,2.09025,2.12674,0,1.61461,2.1168,9.06595e+06,3.9903e+06,1.89501e+07,0,0,0,0
85.139,85.139,6.9336,0.26,1,3.14489,3.14489,0,0.663188,6.048,4.3624e+06,2.70226e+06,1.37192e+07,0,0,0,0,99.3022,98.274,11.4577,0,1,1.82683,1.82683,0,1.61493,2.1168,9.06595e+06,3.61194e+06,1.65619e+07,0,0,0,0
85.139,85.139,5.90844,0.27,1,3.14551,3.14551,0,0.589352,6.048,4.3624e+06,2.70226e+06,1.3722e+07,0,0,0,0,99.3022,98.274,8.56891,0,1,1.82719,1.82719,0,1.41141,2.1168,9.06595e+06,3.61194e+06,1.65652e+07,0,0,0,0
85.139,85.139,5.53455,0.27,1,3.14614,3.14614,0,0.589469,6.048,4.3624e+06,2.70226e+06,1.37247e+07,0,0,0,0,99.3022,98.274,5.55184,0,1,1.82756,1.82756,0,1.41169,2.1168,9.06595e+06,3.61194e+06,1.65685e+07,0,0,0,0
85.139,85.139,8.02762,0.28,1,3.14676,3.14676,0,0.589586,6.048,4.3624e+06,2.70226e+06,1.37274e+07,0,0,0,0,99.3022,98.274,11.8092,0,1,1.82792,1.82792,0,1.41197,2.1168,9.06595e+06,3.61194e+06,1.65718e+07,0,0,0,0
85.139,85.139,9.23671,0.3,1,3.14739,3.14739,0,0.589703,6.048,4.3624e+06,2.70226e+06,1.37302e+07,0,0,0,0,99.3022,98.274,9.77869,0,1,1.82828,1.82828,0,1.41225,2.1168,9.06595e+06,3.61194e+06,1.65751e+07,0,0,0,0
85.139,85.139,6.27339,0.32,1,3.26303,3.26303,0,0.58982,6.048,4.3624e+06,2.70226e+06,1.42347e+07,0,0,0,0,99.3022,98.274,5.97667,0,1,1.90219,1.90219,0,1.41253,2.1168,9.06595e+06,3.61194e+06,1.72452e+07,0,0,0,0
85.139,85.139,8.76517,0.34,1,3.26368,3.26368,0,0.611493,6.048,4.3624e+06,2.70226e+06,1.42375e+07,0,0,0,0,99.3022,98.274,8.28913,0,1,1.90257,1.90257,0,1.46963,2.1168,9.06595e+06,3.61194e+06,1.72486e+07,0,0,0,0
85.139,85.139,7.58835,0.38,1,3.26433,3.26433,0,0.611614,6.048,4.3624e+06,2.70226e+06,1.42403e+07,0,0,0,0,99.3022,98.274,10.1163,0,1,1.90295,1.90295,0,1.46993,2.1168,9.06595e+06,3.61194e+06,1.7252e+07,0,0,0,0
85.139,85.139,6.21104,0.39,1,3.20896,3.26498,0,0.611736,6.048,4.3624e+06,2.98533e+06,1.39988e+07,0,0,0,0,99.3022,98.274,6.2418,0,1,1.87067,1.90333,0,1.47022,2.1168,9.06595e+06,3.9903e+06,1.69594e+07,0,0,0,0
85.139,85.139,5.43905,0.41,1,2.94433,3.22062,0,0.601359,6.048,4.3624e+06,3.5824e+06,1.28443e+07,0,0,0,0,99.3022,98.274,6.09813,0,1,1.71425,1.87512,0,1.44528,2.1168,9.06595e+06,4.78836e+06,1.55413e+07,0,0,0,0
85.139,85.139,4.83081,0.36,1,3.22126,3.22126,0,0.551767,6.048,4.3624e+06,2.70226e+06,1.40524e+07,0,0,0,0,99.3022,98.274,4.68027,0,1,1.87549,1.87549,0,1.32443,2.1168,9.06595e+06,3.61194e+06,1.70031e+07,0,0,0,0
85.139,85.139,4.02847,0.37,1,3.2219,3.2219,0,0.603664,6.048,4.3624e+06,2.70226e+06,1.40552e+07,0,0,0,0,99.3022,98.274,3.89187,0,1,1.87586,1.87586,0,1.449,2.1168,9.06595e+06,3.61194e+06,1.70065e+07,0,0,0,0
85.1191,85.139,3.53619,0.34,1,3.22254,3.22254,0,0.603784,6.048,4.3624e+06,2.70226e+06,1.4058e+07,0,0,0,0,99.3022,98.274,3.08969,0,1,1.87623,1.87623,0,1.44929,2.1168,9.06595e+06,3.61194e+06,1.70098e+07,0,0,0,0
84.8861,85.139,3.15346,0.42,1,3.08645,3.37608,0,0.603904,6.048,4.3624e+06,2.98533e+06,1.34643e+07,0,0,0,0,99.3022,98.274,2.87263,1,1,1.80837,1.97807,0,1.44958,2.1168,9.06595e+06,3.9903e+06,1.63946e+07,0,0,0,0
85.0924,85.139,3.62547,0.4,1,3.08706,3.37675,0,0.578401,6.048,4.3624e+06,2.98533e+06,1.3467e+07,0,0,0,0,99.3022,98.274,3.17951,1,1,1.80873,1.97846,0,1.39715,2.1168,9.06595e+06,3.9903e+06,1.63979e+07,0,0,0,0
84.9775,85.139,3.48646,0.38,1,3.31947,3.37742,0,0.578516,6.048,4.3624e+06,2.98533e+06,1.44808e+07,0,0,0,0,99.2853,98.274,3.07452,1,1,1.9449,1.97885,0,1.39743,2.1168,9.06595e+06,3.9903e+06,1.76324e+07,0,0,0,0
84.7817,85.139,3.37542,0.32,1,3.32013,3.37809,0,0.622069,6.048,4.3624e+06,2.98533e+06,1.44837e+07,0,0,0,0,99.2146,98.274,3.07287,1,1,1.94528,1.97924,0,1.50263,2.1168,9.06595e+06,3.9903e+06,1.76359e+07,0,0,0,0
84.5144,85.139,3.27227,0.29,1,3.32079,3.37876,0,0.622192,6.048,4.3624e+06,2.98533e+06,1.44866e+07,0,0,0,0,99.1013,98.274,2.96652,1,1,1.94567,1.97964,0,1.50293,2.1168,9.06595e+06,3.9903e+06,1.76394e+07,0,0,0,0
83.7262,85.139,2.66194,0.26,1,3.2917,3.34916,0,0.622316,6.048,4.3624e+06,2.98533e+06,1.43597e+07,0,0,0,0,98.9442,98.274,2.49876,1,1,2.00092,2.03585,0,1.50323,2.1168,9.06595e+06,3.9903e+06,1.81402e+07,0,0,0,0
82.7472,85.139,2.43715,0.24,1,3.29235,3.34983,0,0.616864,6.048,4.3624e+06,2.98533e+06,1.43626e+07,0,0,0,0,98.796,98.274,2.44509,1,1,2.00132,2.03625,0,1.54591,2.1168,9.06595e+06,3.9903e+06,1.81438e+07,0,0,0,0
81.7115,85.139,2.36492,0.22,1,3.29301,3.35049,0,0.616987,6.048,4.3624e+06,2.98533e+06,1.43654e+07,0,0,0,0,98.6086,98.274,2.41242,1,1,2.00171,2.03666,0,1.54622,2.1168,9.06595e+06,3.9903e+06,1.81474e+07,0,0,0,0
80.515,85.139,2.16233,0.22,1,3.29366,3.35116,0,0.617109,6.048,4.3624e+06,2.98533e+06,1.43683e+07,0,0,0,0,98.3188,98.274,2.26662,1,1,2.00211,2.03706,0,1.54652,2.1168,9.06595e+06,3.9903e+06,1.8151e+07,0,0,0,0
79.1207,85.139,2.00111,0.21,1,3.3712,3.43005,0,0.617232,6.048,4.3624e+06,2.98533e+06,1.47065e+07,0,0,0,0,97.9149,98.274,2.13539,1,1,2.05144,2.08725,0,1.54683,2.1168,9.06595e+06,3.9903e+06,1.85983e+07,0,0,0,0
78.0745,85.139,2.3541,0.23,1,3.37186,3.43073,0,0.631762,6.048,4.3624e+06,2.98533e+06,1.47094e+07,0,0,0,0,97.7584,98.274,2.2188,1,1,2.05185,2.08767,0,1.58494,2.1168,9.06595e+06,3.9903e+06,1.86019e+07,0,0,0,0
76.8838,85.139,2.17914,0.22,1,3.37253,3.43141,0,0.631887,6.048,4.3624e+06,2.98533e+06,1.47123e+07,0,0,0,0,97.3554,98.274,2.21921,1,1,2.05225,2.08808,0,1.58526,2.1168,9.06595e+06,3.9903e+06,1.86056e+07,0,0,0,0
75.5471,85.139,2.01918,0.21,1,3.3732,3.43209,0,0.632013,6.048,4.3624e+06,2.98533e+06,1.47153e+07,0,0,0,0,97.0526,98.274,1.97867,1,1,2.05266,2.08849,0,1.58557,2.1168,9.06595e+06,3.9903e+06,1.86093e+07,0,0,0,0
74.0801,85.139,2.05527,0.2,1,3.5992,3.66203,0,0.632138,6.048,4.3624e+06,2.98533e+06,1.57011e+07,0,0,0,0,96.7505,98.274,2.2549,1,1,2.1168,2.26875,0.113029,1.58589,2.1168,9.06595e+06,3.9903e+06,1.91908e+07,0,0,0,0
72.7123,85.139,2.14595,0.2,1,3.59991,3.66276,0,0.67449,6.048,4.3624e+06,2.98533e+06,1.57043e+07,0,0,0,0,96.4467,98.274,2.2468,1,1,2.1168,2.26921,0.113471,1.63544,2.1168,9.06595e+06,3.9903e+06,1.91908e+07,0,0,0,0
71.5775,85.139,2.39327,0.2,1,3.60063,3.66348,0,0.674623,6.048,4.3624e+06,2.98533e+06,1.57074e+07,0,0,0,0,96.1907,98.274,2.64714,1,1,2.1168,2.26966,0.113913,1.63544,2.1168,9.06595e+06,3.9903e+06,1.91908e+07,0,0,0,0
69.9896,85.139,1.94562,0.2,1,3.60134,3.66421,0,0.674757,6.048,4.3624e+06,2.98533e+06,1.57105e+07,0,0,0,0,95.8137,98.274,2.00347,1,1,2.1168,2.27011,0.114356,1.63544,2.1168,9.06595e+06,3.9903e+06,1.91908e+07,0,0,0,0
68.7983,85.139,2.30542,0.2,1,3.60205,3.66494,0,0.674891,6.048,4.3624e+06,2.98533e+06,1.57136e+07,0,0,0,0,95.8077,98.274,3.2383,1,1,2.1168,2.27056,0.114798,1.63544,2.1168,9.06595e+06,3.9903e+06,1.91908e+07,0,0,0,0
67.4933,85.139,2.09469,0.21,1,3.49284,3.55382,0,0.675025,6.048,4.3624e+06,2.98533e+06,1.52372e+07,0,0,0,0,95.3959,98.274,2.16753,1,1,2.1168,2.16174,0.00784751,1.63544,2.1168,9.06595e+06,3.9903e+06,1.91908e+07,0,0,0,0
67.9381,85.139,3.82919,0.24,1,3.49354,3.55452,0,0.654559,6.048,4.3624e+06,2.98533e+06,1.52402e+07,0,0,0,0,95.1922,98.274,2.90205,1,1,2.1168,2.16217,0.00826883,1.63544,2.1168,9.06595e+06,3.9903e+06,1.91908e+07,0,0,0,0
67.8627,85.139,3.33738,0.25,1,3.49423,3.55523,0,0.654689,6.048,4.3624e+06,2.98533e+06,1.52432e+07,0,0,0,0,94.8239,98.274,2.36513,1,1,2.1168,2.1626,0.00869038,1.63544,2.1168,9.06595e+06,3.9903e+06,1.91908e+07,0,0,0,0
67.428,85.139,2.9825,0.26,1,3.49492,3.55593,0,0.654819,6.048,4.3624e+06,2.98533e+06,1.52462e+07,0,0,0,0,94.4447,98.274,2.33291,1,1,2.1168,2.16302,0.00911171,1.63544,2.1168,9.06595e+06,3.9903e+06,1.91908e+07,0,0,0,0
66.9928,85.139,3.06998,0.26,1,3.40532,3.46476,0,0.654948,6.048,4.3624e+06,2.98533e+06,1.48553e+07,0,0,0,0,94.2006,98.274,2.35966,1,1,2.0285,2.06391,0,1.63544,2.1168,9.06595e+06,3.9903e+06,1.83903e+07,0,0,0,0
68.1638,85.139,4.73323,0.25,1,3.40599,3.46545,0,0.638156,6.048,4.3624e+06,2.98533e+06,1.48583e+07,0,0,0,0,94.3089,98.274,3.15447,1,1,2.0289,2.06432,0,1.56722,2.1168,9.06595e+06,3.9903e+06,1.83939e+07,0,0,0,0
69.5954,85.139,5.00153,0.23,1,3.40667,3.46614,0,0.638283,6.048,4.3624e+06,2.98533e+06,1.48612e+07,0,0,0,0,94.3592,98.274,3.09843,1,1,2.02931,2.06473,0,1.56753,2.1168,9.06595e+06,3.9903e+06,1.83976e+07,0,0,0,0
74.0784,85.139,8.07004,0.24,1,3.40734,3.46682,0,0.638409,6.048,4.3624e+06,2.98533e+06,1.48642e+07,0,0,0,0,94.7143,98.274,4.19322,1,1,2.02971,2.06514,0,1.56784,2.1168,9.06595e+06,3.9903e+06,1.84012e+07,0,0,0,0
78.3825,85.139,7.75672,0.24,1,3.20637,3.20637,0,0.638536,6.048,4.3624e+06,2.70226e+06,1.39874e+07,0,0,0,0,95.2253,98.274,4.15757,0,1,1.85807,1.85807,0,1.56815,2.1168,9.06595e+06,3.61194e+06,1.68452e+07,0,0,0,0
82.8524,85.139,8.06409,0.24,1,3.207,3.207,0,0.600873,6.048,4.3624e+06,2.70226e+06,1.39902e+07,0,0,0,0,96.164,98.274,5.61829,0,1,1.85844,1.85844,0,1.43555,2.1168,9.06595e+06,3.61194e+06,1.68485e+07,0,0,0,0
85.139,85.139,10.8999,0.21,1,3.20764,3.20764,0,0.600992,6.048,4.3624e+06,2.70226e+06,1.3993e+07,0,0,0,0,97.7609,98.274,6.84189,0,1,1.85881,1.85881,0,1.43583,2.1168,9.06595e+06,3.61194e+06,1.68519e+07,0,0,0,0
85.139,85.139,11.1218,0.2,1,3.20827,3.20827,0,0.601111,6.048,4.3624e+06,2.70226e+06,1.39958e+07,0,0,0,0,99.3022,98.274,9.67726,0,1,1.85918,1.85918,0,1.43612,2.1168,9.06595e+06,3.61194e+06,1.68552e+07,0,0,0,0
85.139,85.139,9.33876,0.22,1,3.20891,3.20891,0,0.60123,6.048,4.3624e+06,2.70226e+06,1.39985e+07,0,0,0,0,99.3022,98.274,5.93706,0,1,1.85955,1.85955,0,1.4364,2.1168,9.06595e+06,3.61194e+06,1.68585e+07,0,0,0,0
85.139,85.139,7.36175,0.22,1,3.20891,3.20891,0,0.60135,6.048,4.3624e+06,2.70226e+06,1.39985e+07,0,0,0,0,99.3022,98.274,6.15258,0,1,1.85955,1.85955,0,1.43668,2.1168,9.06595e+06,3.61194e+06,1.68585e+07,0,0,0,0
85.139,85.139,5.03559,0.22,0.04,3.25328,3.31007,0,0.60135,6.048,4.3624e+06,2.98533e+06,1.41921e+07,0,0,0,0,99.3022,98.274,5.43831,1,1,1.8871,1.92004,0,1.43668,2.1168,9.06595e+06,3.9903e+06,1.71083e+07,0,0,0,0
85.139,85.139,4.64757,0.23,0.04,3.25389,3.31069,0,0.609664,6.048,4.3624e+06,2.98533e+06,1.41947e+07,0,0,0,0,99.3022,98.274,5.23824,1,1,1.88745,1.9204,0,1.45797,2.1168,9.06595e+06,3.9903e+06,1.71115e+07,0,0,0,0
85.139,85.139,4.87067,0.23,0.04,3.2545,3.31131,0,0.609778,6.048,4.3624e+06,2.98533e+06,1.41974e+07,0,0,0,0,99.3022,98.274,5.31151,1,1,1.8878,1.92076,0,1.45824,2.1168,9.06595e+06,3.9903e+06,1.71147e+07,0,0,0,0
85.139,85.139,4.98034,0.25,0.04,3.2551,3.31193,0,0.609892,6.048,4.3624e+06,2.98533e+06,1.42001e+07,0,0,0,0,99.3022,98.274,5.48835,1,1,1.88816,1.92112,0,1.45852,2.1168,9.06595e+06,3.9903e+06,1.71179e+07,0,0,0,0
85.139,85.139,4.36134,0.25,0.04,3.57327,3.63565,0,0.610007,6.048,4.3624e+06,2.98533e+06,1.5588e+07,0,0,0,0,99.3022,98.274,4.55518,1,1,2.11056,2.1474,0,1.45879,2.1168,9.06595e+06,3.9903e+06,1.91342e+07,0,0,0,0
85.139,85.139,4.54866,0.26,0.04,3.57394,3.63633,0,0.669631,6.048,4.3624e+06,2.98533e+06,1.55909e+07,0,0,0,0,99.3022,98.274,4.09091,1,1,2.11095,2.1478,0,1.63062,2.1168,9.06595e+06,3.9903e+06,1.91378e+07,0,0,0,0
84.953,85.139,3.83215,0.26,0.04,3.57461,3.63701,0,0.669756,6.048,4.3624e+06,2.98533e+06,1.55939e+07,0,0,0,0,99.3022,98.274,4.49307,1,1,2.11135,2.14821,0,1.63092,2.1168,9.06595e+06,3.9903e+06,1.91414e+07,0,0,0,0
85.139,85.139,4.48636,0.3,0.04,3.57528,3.63769,0,0.669881,6.048,4.3624e+06,2.98533e+06,1.55968e+07,0,0,0,0,99.3022,98.274,4.62554,1,1,2.11174,2.14861,0,1.63123,2.1168,9.06595e+06,3.9903e+06,1.9145e+07,0,0,0,0
85.139,85.139,5.93341,0.27,0.04,3.17718,3.17718,0,0.670007,6.048,4.3624e+06,2.70226e+06,1.38601e+07,0,0,0,0,99.3022,98.274,4.45501,0,1,1.84559,1.84559,0,1.63153,2.1168,9.06595e+06,3.61194e+06,1.6732e+07,0,0,0,0
85.139,85.139,5.73955,0.28,0.04,3.17778,3.17778,0,0.595404,6.048,4.3624e+06,2.70226e+06,1.38627e+07,0,0,0,0,99.3022,98.274,3.96546,0,1,1.84594,1.84594,0,1.4259,2.1168,9.06595e+06,3.61194e+06,1.67352e+07,0,0,0,0
85.139,85.139,7.27512,0.28,0.04,3.17837,3.17837,0,0.595516,6.048,4.3624e+06,2.70226e+06,1.38653e+07,0,0,0,0,99.3022,98.274,5.52735,0,1,1.84628,1.84628,0,1.42617,2.1168,9.06595e+06,3.61194e+06,1.67383e+07,0,0,0,0
85.139,85.139,9.01661,0.31,0.04,3.17897,3.17897,0,0.595627,6.048,4.3624e+06,2.70226e+06,1.38679e+07,0,0,0,0,99.3022,98.274,8.68584,0,1,1.84663,1.84663,0,1.42644,2.1168,9.06595e+06,3.61194e+06,1.67414e+07,0,0,0,0
85.139,85.139,5.1699,0.35,0.04,3.17956,3.17956,0,0.595739,6.048,4.3624e+06,2.70226e+06,1.38705e+07,0,0,0,0,99.3022,98.274,4.66064,0,1,1.84697,1.84697,0,1.4267,2.1168,9.06595e+06,3.61194e+06,1.67446e+07,0,0,0,0
85.139,85.139,5.67614,0.37,0.04,3.2398,3.29635,0,0.59585,6.048,4.3624e+06,2.98533e+06,1.41333e+07,0,0,0,0,99.3022,98.274,6.22736,1,1,1.88865,1.92162,0,1.42697,2.1168,9.06595e+06,3.9903e+06,1.71224e+07,0,0,0,0
85.139,85.139,4.32517,0.39,0.04,3.2404,3.29697,0,0.607138,6.048,4.3624e+06,2.98533e+06,1.41359e+07,0,0,0,0,99.3022,98.274,4.7774,1,1,1.889,1.92198,0,1.45917,2.1168,9.06595e+06,3.9903e+06,1.71256e+07,0,0,0,0
85.1299,85.139,3.50942,0.41,0.04,3.0147,3.29759,0,0.607252,6.048,4.3624e+06,2.98533e+06,1.31513e+07,0,0,0,0,99.3022,98.274,3.82668,1,1,1.75742,1.92233,0,1.45944,2.1168,9.06595e+06,3.9903e+06,1.59327e+07,0,0,0,0
85.1314,85.139,3.45309,0.52,0.04,3.01526,3.29821,0,0.564954,6.048,4.3624e+06,2.98533e+06,1.31538e+07,0,0,0,0,99.3022,98.274,3.8611,1,1,1.75775,1.92269,0,1.35778,2.1168,9.06595e+06,3.9903e+06,1.59357e+07,0,0,0,0
85.139,85.139,3.81347,0.52,0.04,2.97426,3.25336,0,0.56506,6.048,4.3624e+06,3.5824e+06,1.29749e+07,0,0,0,0,99.3022,98.274,4.55711,0,1,1.73168,1.89418,0,1.35804,2.1168,9.06595e+06,4.78836e+06,1.56993e+07,0,0,0,0
85.0915,85.139,3.56528,0.38,0.04,3.25396,3.25396,0,0.557376,6.048,4.3624e+06,2.70226e+06,1.41951e+07,0,0,0,0,99.3022,98.274,4.44592,0,1,1.89453,1.89453,0,1.33789,2.1168,9.06595e+06,3.61194e+06,1.71757e+07,0,0,0,0
85.139,85.139,3.41147,0.47,0.04,2.97537,3.25457,0,0.609793,6.048,4.3624e+06,3.5824e+06,1.29798e+07,0,0,0,0,99.3022,98.274,5.41798,0,1,1.73233,1.89488,0,1.46371,2.1168,9.06595e+06,4.78836e+06,1.57052e+07,0,0,0,0
84.7013,85.139,3.12779,0.34,0.04,3.25518,3.25518,0,0.557584,6.048,4.3624e+06,2.70226e+06,1.42004e+07,0,0,0,0,99.3022,98.274,4.48436,0,1,1.89524,1.89524,0,1.3384,2.1168,9.06595e+06,3.61194e+06,1.71821e+07,0,0,0,0
84.4504,85.139,3.20868,0.41,0.04,3.11768,3.41024,0,0.610021,6.048,4.3624e+06,2.98533e+06,1.36006e+07,0,0,0,0,99.3022,98.274,4.27804,1,1,1.82667,1.99808,0,1.46426,2.1168,9.06595e+06,3.9903e+06,1.65605e+07,0,0,0,0
83.513,85.139,2.584,0.39,0.04,3.35235,3.41087,0,0.584253,6.048,4.3624e+06,2.98533e+06,1.46243e+07,0,0,0,0,99.3022,98.274,3.97808,1,1,1.96416,1.99845,0,1.41128,2.1168,9.06595e+06,3.9903e+06,1.7807e+07,0,0,0,0
82.4812,85.139,2.42093,0.34,0.04,3.35298,3.41151,0,0.628231,6.048,4.3624e+06,2.98533e+06,1.4627e+07,0,0,0,0,99.2858,98.274,3.6618,1,1,1.96453,1.99883,0,1.51751,2.1168,9.06595e+06,3.9903e+06,1.78104e+07,0,0,0,0
81.4252,85.139,2.3815,0.33,0.04,3.35361,3.41215,0,0.628348,6.048,4.3624e+06,2.98533e+06,1.46298e+07,0,0,0,0,99.2717,98.274,3.75019,1,1,1.9649,1.9992,0,1.5178,2.1168,9.06595e+06,3.9903e+06,1.78137e+07,0,0,0,0
79.8802,85.139,1.86598,0.27,0.04,3.35423,3.41279,0,0.628466,6.048,4.3624e+06,2.98533e+06,1.46325e+07,0,0,0,0,99.1618,98.274,3.04503,1,1,1.96527,1.99957,0,1.51808,2.1168,9.06595e+06,3.9903e+06,1.7817e+07,0,0,0,0
78.0774,85.139,1.56198,0.25,0.04,3.32481,3.38285,0,0.628583,6.048,4.3624e+06,2.98533e+06,1.45042e+07,0,0,0,0,98.937,98.274,2.4314,1,1,2.02105,2.05633,0,1.51836,2.1168,9.06595e+06,3.9903e+06,1.83227e+07,0,0,0,0
76.1559,85.139,1.42795,0.29,0.04,3.32543,3.38349,0,0.62307,6.048,4.3624e+06,2.98533e+06,1.45069e+07,0,0,0,0,98.6972,98.274,2.38519,1,1,2.02142,2.05671,0,1.56146,2.1168,9.06595e+06,3.9903e+06,1.83261e+07,0,0,0,0
74.127,85.139,1.29439,0.26,0.04,3.32606,3.38412,0,0.623186,6.048,4.3624e+06,2.98533e+06,1.45096e+07,0,0,0,0,98.4194,98.274,2.16696,1,1,2.0218,2.0571,0,1.56175,2.1168,9.06595e+06,3.9903e+06,1.83296e+07,0,0,0,0
72.0909,85.139,1.23501,0.24,0.04,3.32668,3.38475,0,0.623303,6.048,4.3624e+06,2.98533e+06,1.45123e+07,0,0,0,0,97.9714,98.274,2.10453,1,1,2.02218,2.05748,0,1.56204,2.1168,9.06595e+06,3.9903e+06,1.8333e+07,0,0,0,0
69.9714,85.139,1.21133,0.27,0.04,3.40495,3.46439,0,0.623419,6.048,4.3624e+06,2.98533e+06,1.48538e+07,0,0,0,0,97.4557,98.274,1.86233,1,1,2.07198,2.10815,0,1.56234,2.1168,9.06595e+06,3.9903e+06,1.87845e+07,0,0,0,0
67.7996,85.139,1.13425,0.23,0.04,3.40559,3.46504,0,0.638088,6.048,4.3624e+06,2.98533e+06,1.48565e+07,0,0,0,0,96.8282,98.274,1.86058,1,1,2.07237,2.10855,0,1.60081,2.1168,9.06595e+06,3.9903e+06,1.8788e+07,0,0,0,0
65.5266,85.139,1.0075,0.26,0.04,3.40622,3.46569,0,0.638207,6.048,4.3624e+06,2.98533e+06,1.48593e+07,0,0,0,0,96.1484,98.274,1.69494,1,1,2.07276,2.10894,0,1.60111,2.1168,9.06595e+06,3.9903e+06,1.87915e+07,0,0,0,0
63.1956,85.139,0.913642,0.25,0.04,3.40686,3.46633,0,0.638326,6.048,4.3624e+06,2.98533e+06,1.48621e+07,0,0,0,0,95.229,98.274,1.65716,1,1,2.07314,2.10933,0,1.60141,2.1168,9.06595e+06,3.9903e+06,1.8795e+07,0,0,0,0
60.5568,85.139,0.765379,0.24,0.04,3.63507,3.69853,0,0.638446,6.048,4.3624e+06,2.98533e+06,1.58576e+07,0,0,0,0,94.2859,98.274,1.30627,1,1,2.1168,2.29137,0.135252,1.60171,2.1168,9.06595e+06,3.9903e+06,1.91908e+07,0,0,0,0
58.04,85.139,0.874898,0.27,0.04,3.63575,3.69922,0,0.681212,6.048,4.3624e+06,2.98533e+06,1.58606e+07,0,0,0,0,93.1115,98.274,1.48337,1,1,2.1168,2.29179,0.135673,1.63544,2.1168,9.06595e+06,3.9903e+06,1.91908e+07,0,0,0,0
55.4012,85.139,0.715727,0.29,0.04,3.63643,3.69991,0,0.681339,6.048,4.3624e+06,2.98533e+06,1.58635e+07,0,0,0,0,92.3913,98.274,1.05522,1,1,2.1168,2.29222,0.136094,1.63544,2.1168,9.06595e+06,3.9903e+06,1.91908e+07,0,0,0,0
52.9607,85.139,0.867327,0.34,0.04,3.63711,3.7006,0,0.681467,6.048,4.3624e+06,2.98533e+06,1.58665e+07,0,0,0,0,91.5059,98.274,1.90949,1,1,2.1168,2.29265,0.136515,1.63544,2.1168,9.06595e+06,3.9903e+06,1.91908e+07,0,0,0,0
50.2823,85.139,0.57866,0.31,0.04,3.63779,3.70129,0,0.681594,6.048,4.3624e+06,2.98533e+06,1.58695e+07,0,0,0,0,90.5079,98.274,1.34615,1,1,2.1168,2.29308,0.136936,1.63544,2.1168,9.06595e+06,3.9903e+06,1.91908e+07,0,0,0,0
47.6643,85.139,0.509217,0.37,0.04,3.52745,3.58903,0,0.681721,6.048,4.3624e+06,2.98533e+06,1.53882e+07,0,0,0,0,89.4963,98.274,1.36101,1,1,2.1168,2.18316,0.0288995,1.63544,2.1168,9.06595e+06,3.9903e+06,1.91908e+07,0,0,0,0
45.1305,85.139,0.607519,0.38,0.04,3.52811,3.5897,0,0.661045,6.048,4.3624e+06,2.98533e+06,1.5391e+07,0,0,0,0,88.8698,98.274,1.34219,1,1,2.1168,2.18356,0.0293002,1.63544,2.1168,9.06595e+06,3.9903e+06,1.91908e+07,0,0,0,0
43.2071,85.139,0.944037,0.46,0.04,3.28236,3.59037,0,0.661168,6.048,4.3624e+06,2.98533e+06,1.4319e+07,0,0,0,0,88.5738,98.274,2.34207,1,1,1.99661,2.18397,0,1.63544,2.1168,9.06595e+06,3.9903e+06,1.81012e+07,0,0,0,0
41.1474,85.139,0.824775,0.46,0.04,3.28298,3.59104,0,0.615115,6.048,4.3624e+06,2.98533e+06,1.43216e+07,0,0,0,0,87.818,98.274,1.83449,1,1,1.99699,2.18438,0,1.54258,2.1168,9.06595e+06,3.9903e+06,1.81046e+07,0,0,0,0
39.6186,85.139,1.24264,0.44,0.04,3.19877,3.49893,0,0.61523,6.048,4.3624e+06,2.98533e+06,1.39543e+07,0,0,0,0,87.2014,98.274,1.40117,1,1,1.90546,2.08427,0,1.54287,2.1168,9.06595e+06,3.9903e+06,1.72748e+07,0,0,0,0
37.9256,85.139,1.02603,0.55,0.04,3.19936,3.49958,0,0.599449,6.048,4.3624e+06,2.98533e+06,1.39569e+07,0,0,0,0,86.82,98.274,1.42691,1,1,1.90582,2.08466,0,1.47216,2.1168,9.06595e+06,3.9903e+06,1.72781e+07,0,0,0,0
37.7965,85.139,2.6199,0.58,0.04,3.19996,3.50024,0,0.599561,6.048,4.3624e+06,2.98533e+06,1.39595e+07,0,0,0,0,87.0068,98.274,4.25681,1,1,1.90617,2.08505,0,1.47243,2.1168,9.06595e+06,3.9903e+06,1.72813e+07,0,0,0,0
38.0984,85.139,3.08495,0.56,0.04,3.20056,3.50089,0,0.599672,6.048,4.3624e+06,2.98533e+06,1.39621e+07,0,0,0,0,87.4646,98.274,3.49903,1,1,1.90653,2.08543,0,1.47271,2.1168,9.06595e+06,3.9903e+06,1.72845e+07,0,0,0,0
41.7802,85.139,6.38242,0.57,0.04,2.96007,3.23784,0,0.599784,6.048,4.3624e+06,3.5824e+06,1.2913e+07,0,0,0,0,88.2321,98.274,3.93345,0,1,1.71535,1.87631,0,1.47298,2.1168,9.06595e+06,4.78836e+06,1.55512e+07,0,0,0,0
45.2211,85.139,6.25981,0.51,0.04,2.96062,3.23844,0,0.554717,6.048,4.3624e+06,3.5824e+06,1.29154e+07,0,0,0,0,89.1135,98.274,4.1839,0,1,1.71567,1.87666,0,1.32528,2.1168,9.06595e+06,4.78836e+06,1.55541e+07,0,0,0,0
48.6021,85.139,6.3839,0.53,0.04,2.96118,3.23905,0,0.554821,6.048,4.3624e+06,3.5824e+06,1.29178e+07,0,0,0,0,89.8524,98.274,4.83086,0,1,1.71599,1.87701,0,1.32552,2.1168,9.06595e+06,4.78836e+06,1.5557e+07,0,0,0,0
49.57,85.139,3.90385,0.5,0.04,2.96173,3.23965,0,0.554924,6.048,4.3624e+06,3.5824e+06,1.29202e+07,0,0,0,0,90.1031,98.274,3.01514,0,1,1.71631,1.87736,0,1.32577,2.1168,9.06595e+06,4.78836e+06,1.55599e+07,0,0,0,0
50.9692,85.139,4.38893,0.53,0.04,2.96228,3.24026,0,0.555028,6.048,4.3624e+06,3.5824e+06,1.29227e+07,0,0,0,0,90.5904,98.274,3.85759,0,1,1.71663,1.87771,0,1.32602,2.1168,9.06595e+06,4.78836e+06,1.55629e+07,0,0,0,0
54.3201,85.139,6.53802,0.58,0.04,3.05563,3.34237,0,0.555132,6.048,4.3624e+06,2.98533e+06,1.33299e+07,0,0,0,0,92.4215,98.274,7.5144,1,1,1.77245,1.93877,0,1.32627,2.1168,9.06595e+06,3.9903e+06,1.6069e+07,0,0,0,0
57.0951,85.139,6.207,0.56,0.04,3.05617,3.34295,0,0.572626,6.048,4.3624e+06,2.98533e+06,1.33322e+07,0,0,0,0,93.7577,98.274,5.90682,1,1,1.77276,1.93911,0,1.3694,2.1168,9.06595e+06,3.9903e+06,1.60718e+07,0,0,0,0
59.0941,85.139,5.30729,0.54,0.04,3.05671,3.34354,0,0.572726,6.048,4.3624e+06,2.98533e+06,1.33346e+07,0,0,0,0,94.8554,98.274,5.66674,1,1,1.77307,1.93946,0,1.36964,2.1168,9.06595e+06,3.9903e+06,1.60746e+07,0,0,0,0
60.4952,85.139,4.70711,0.55,0.04,3.05724,3.34413,0,0.572827,6.048,4.3624e+06,2.98533e+06,1.33369e+07,0,0,0,0,95.7041,98.274,4.91437,1,1,1.77339,1.9398,0,1.36988,2.1168,9.06595e+06,3.9903e+06,1.60774e+07,0,0,0,0
61.5217,85.139,4.52287,0.59,0.04,3.35603,3.67095,0,0.572928,6.048,4.3624e+06,2.98533e+06,1.46403e+07,0,0,0,0,96.8291,98.274,5.51329,1,1,1.98225,2.16826,0,1.37012,2.1168,9.06595e+06,3.9903e+06,1.7971e+07,0,0,0,0
63.0825,85.139,5.06386,0.59,0.04,3.35662,3.6716,0,0.62892,6.048,4.3624e+06,2.98533e+06,1.46429e+07,0,0,0,0,98.4872,98.274,6.36908,1,1,1.9826,2.16864,0,1.53148,2.1168,9.06595e+06,3.9903e+06,1.79741e+07,0,0,0,0
64.8027,85.139,5.46703,0.56,0.04,3.35721,3.67225,0,0.629031,6.048,4.3624e+06,2.98533e+06,1.46455e+07,0,0,0,0,99.3022,98.274,6.21808,1,1,1.98294,2.16902,0,1.53175,2.1168,9.06595e+06,3.9903e+06,1.79773e+07,0,0,0,0
64.9431,85.139,3.69232,0.58,0.04,3.3578,3.67289,0,0.629142,6.048,4.3624e+06,2.98533e+06,1.46481e+07,0,0,0,0,99.3022,98.274,4.11252,1,1,1.98329,2.1694,0,1.53202,2.1168,9.06595e+06,3.9903e+06,1.79804e+07,0,0,0,0
69.2727,85.139,7.64987,0.59,0.04,2.93269,3.20789,0,0.629252,6.048,4.3624e+06,3.5824e+06,1.27936e+07,0,0,0,0,99.3022,98.274,5.84214,0,1,1.70357,1.86343,0,1.53229,2.1168,9.06595e+06,4.78836e+06,1.54445e+07,0,0,0,0
72.8829,85.139,7.09,0.55,0.04,2.93321,3.20846,0,0.549587,6.048,4.3624e+06,3.5824e+06,1.27958e+07,0,0,0,0,99.3022,98.274,6.49489,0,1,1.70387,1.86376,0,1.31618,2.1168,9.06595e+06,4.78836e+06,1.54472e+07,0,0,0,0
75.9143,85.139,6.28943,0.58,0.04,2.93373,3.20902,0,0.549684,6.048,4.3624e+06,3.5824e+06,1.27981e+07,0,0,0,0,99.3022,98.274,5.49987,0,1,1.70417,1.86408,0,1.31641,2.1168,9.06595e+06,4.78836e+06,1.54499e+07,0,0,0,0
79.0034,85.139,6.51408,0.55,0.04,2.93424,3.20959,0,0.54978,6.048,4.3624e+06,3.5824e+06,1.28003e+07,0,0,0,0,99.3022,98.274,6.09154,0,1,1.70447,1.86441,0,1.31664,2.1168,9.06595e+06,4.78836e+06,1.54526e+07,0,0,0,0
81.4791,85.139,6.02582,0.58,0.04,2.93476,3.21015,0,0.549877,6.048,4.3624e+06,3.5824e+06,1.28026e+07,0,0,0,0,99.3022,98.274,5.46239,0,1,1.70477,1.86474,0,1.31687,2.1168,9.06595e+06,4.78836e+06,1.54553e+07,0,0,0,0
82.1074,85.139,4.1214,0.51,0.04,3.04252,3.32803,0,0.549974,6.048,4.3624e+06,2.98533e+06,1.32727e+07,0,0,0,0,99.3022,98.274,4.23157,1,1,1.77364,1.94008,0,1.3171,2.1168,9.06595e+06,3.9903e+06,1.60798e+07,0,0,0,0
82.9209,85.139,4.31915,0.53,0.04,3.04306,3.32861,0,0.570169,6.048,4.3624e+06,2.98533e+06,1.3275e+07,0,0,0,0,99.3022,98.274,4.16973,1,1,1.77395,1.94042,0,1.37032,2.1168,9.06595e+06,3.9903e+06,1.60826e+07,0,0,0,0
83.0875,85.139,3.66347,0.54,0.04,3.04359,3.3292,0,0.570269,6.048,4.3624e+06,2.98533e+06,1.32774e+07,0,0,0,0,99.3022,98.274,3.65554,1,1,1.77427,1.94076,0,1.37056,2.1168,9.06595e+06,3.9903e+06,1.60854e+07,0,0,0,0
83.1366,85.139,3.50691,0.54,0.04,3.04413,3.32978,0,0.570369,6.048,4.3624e+06,2.98533e+06,1.32797e+07,0,0,0,0,99.3022,98.274,3.84277,1,1,1.77458,1.9411,0,1.3708,2.1168,9.06595e+06,3.9903e+06,1.60882e+07,0,0,0,0
82.5298,85.139,2.76928,0.54,0.04,3.0027,3.28447,0,0.570469,6.048,4.3624e+06,2.98533e+06,1.3099e+07,0,0,0,0,99.3022,98.274,3.60002,1,1,1.74824,1.91229,0,1.37104,2.1168,9.06595e+06,3.9903e+06,1.58494e+07,0,0,0,0
81.5861,85.139,2.39744,0.51,0.04,3.00323,3.28504,0,0.562706,6.048,4.3624e+06,2.98533e+06,1.31013e+07,0,0,0,0,99.3022,98.274,3.64737,1,1,1.74854,1.91262,0,1.35069,2.1168,9.06595e+06,3.9903e+06,1.58522e+07,0,0,0,0
81.0205,85.139,2.77354,0.49,0.04,3.00375,3.28562,0,0.562804,6.048,4.3624e+06,2.98533e+06,1.31036e+07,0,0,0,0,99.3022,98.274,3.66545,1,1,1.74885,1.91296,0,1.35093,2.1168,9.06595e+06,3.9903e+06,1.5855e+07,0,0,0,0
80.7945,85.139,3.11969,0.46,0.04,3.00428,3.2862,0,0.562903,6.048,4.3624e+06,2.98533e+06,1.31059e+07,0,0,0,0,99.3022,98.274,3.77999,1,1,1.74916,1.9133,0,1.35116,2.1168,9.06595e+06,3.9903e+06,1.58578e+07,0,0,0,0
79.7216,85.139,2.30823,0.44,0.04,3.14735,3.44269,0,0.563002,6.048,4.3624e+06,2.98533e+06,1.373e+07,0,0,0,0,99.3022,98.274,3.47804,1,1,1.84405,2.01709,0,1.3514,2.1168,9.06595e+06,3.9903e+06,1.67181e+07,0,0,0,0
78.5199,85.139,2.11958,0.42,0.04,3.1479,3.44329,0,0.589813,6.048,4.3624e+06,2.98533e+06,1.37324e+07,0,0,0,0,99.3022,98.274,3.32424,1,1,1.84438,2.01745,0,1.42471,2.1168,9.06595e+06,3.9903e+06,1.6721e+07,0,0,0,0
77.3023,85.139,2.09025,0.49,0.04,3.14845,3.4439,0,0.589917,6.048,4.3624e+06,2.98533e+06,1.37348e+07,0,0,0,0,99.3022,98.274,3.40939,1,1,1.8447,2.0178,0,1.42496,2.1168,9.06595e+06,3.9903e+06,1.6724e+07,0,0,0,0
75.9673,85.139,1.95494,0.45,0.04,3.14901,3.4445,0,0.59002,6.048,4.3624e+06,2.98533e+06,1.37372e+07,0,0,0,0,99.3022,98.274,3.19813,1,1,1.84502,2.01816,0,1.42521,2.1168,9.06595e+06,3.9903e+06,1.67269e+07,0,0,0,0
75.1187,85.139,2.41468,0.41,0.04,3.14956,3.44511,0,0.590124,6.048,4.3624e+06,2.98533e+06,1.37396e+07,0,0,0,0,99.3022,98.274,3.2247,1,1,1.84535,2.01851,0,1.42546,2.1168,9.06595e+06,3.9903e+06,1.67298e+07,0,0,0,0
74.7725,85.139,3.07663,0.38,0.04,3.35626,3.41485,0,0.590227,6.048,4.3624e+06,2.98533e+06,1.46413e+07,0,0,0,0,99.3022,98.274,3.65037,1,1,2.04016,2.07578,0,1.42572,2.1168,9.06595e+06,3.9903e+06,1.8496e+07,0,0,0,0
74.1203,85.139,2.77757,0.32,0.04,3.35685,3.41545,0,0.628963,6.048,4.3624e+06,2.98533e+06,1.46439e+07,0,0,0,0,99.3022,98.274,3.31971,1,1,2.04052,2.07614,0,1.57623,2.1168,9.06595e+06,3.9903e+06,1.84993e+07,0,0,0,0
73.2661,85.139,2.55438,0.29,0.04,3.35744,3.41605,0,0.629074,6.048,4.3624e+06,2.98533e+06,1.46465e+07,0,0,0,0,99.3022,98.274,3.3361,1,1,2.04088,2.07651,0,1.57651,2.1168,9.06595e+06,3.9903e+06,1.85025e+07,0,0,0,0
72.3653,85.139,2.48205,0.32,0.04,3.35803,3.41665,0,0.629184,6.048,4.3624e+06,2.98533e+06,1.46491e+07,0,0,0,0,99.3022,98.274,3.13631,1,1,2.04124,2.07687,0,1.57678,2.1168,9.06595e+06,3.9903e+06,1.85058e+07,0,0,0,0
71.8207,85.139,2.88217,0.29,0.04,3.437,3.497,0,0.629295,6.048,4.3624e+06,2.98533e+06,1.49936e+07,0,0,0,0,99.3022,98.274,3.47073,1,1,2.09148,2.128,0,1.57706,2.1168,9.06595e+06,3.9903e+06,1.89613e+07,0,0,0,0
71.0474,85.139,2.64027,0.25,0.04,3.43761,3.49762,0,0.644094,6.048,4.3624e+06,2.98533e+06,1.49962e+07,0,0,0,0,99.2772,98.274,3.38223,1,1,2.09185,2.12837,0,1.61588,2.1168,9.06595e+06,3.9903e+06,1.89646e+07,0,0,0,0
70.0443,85.139,2.39558,0.24,0.04,3.43821,3.49823,0,0.644207,6.048,4.3624e+06,2.98533e+06,1.49988e+07,0,0,0,0,99.2102,98.274,3.10737,1,1,2.09222,2.12874,0,1.61616,2.1168,9.06595e+06,3.9903e+06,1.8968e+07,0,0,0,0
68.779,85.139,2.10499,0.22,0.04,3.43881,3.49884,0,0.64432,6.048,4.3624e+06,2.98533e+06,1.50015e+07,0,0,0,0,99.1292,98.274,3.07815,1,1,2.09259,2.12912,0,1.61645,2.1168,9.06595e+06,3.9903e+06,1.89713e+07,0,0,0,0
67.2051,85.139,1.9851,0.21,0.04,3.66912,3.73317,0,0.644434,6.048,4.3624e+06,2.98533e+06,1.60062e+07,0,0,0,0,98.911,98.274,2.59642,1,1,2.1168,2.31283,0.156348,1.61673,2.1168,9.06595e+06,3.9903e+06,1.91908e+07,0,0,0,0
66.0581,85.139,2.43867,0.24,0.04,3.66976,3.73383,0,0.687593,6.048,4.3624e+06,2.98533e+06,1.6009e+07,0,0,0,0,98.6752,98.274,2.92874,1,1,2.1168,2.31324,0.156747,1.63544,2.1168,9.06595e+06,3.9903e+06,1.91908e+07,0,0,0,0
64.4753,85.139,1.98658,0.25,0.04,3.67041,3.73448,0,0.687714,6.048,4.3624e+06,2.98533e+06,1.60118e+07,0,0,0,0,98.3166,98.274,2.10691,1,1,2.1168,2.31364,0.157146,1.63544,2.1168,9.06595e+06,3.9903e+06,1.91908e+07,0,0,0,0
63.3608,85.139,2.42279,0.24,0.04,3.67105,3.73514,0,0.687835,6.048,4.3624e+06,2.98533e+06,1.60146e+07,0,0,0,0,98.4158,98.274,3.7459,1,1,2.1168,2.31405,0.157545,1.63544,2.1168,9.06595e+06,3.9903e+06,1.91908e+07,0,0,0,0
62.0359,85.139,2.19518,0.25,0.04,3.6717,3.73579,0,0.687955,6.048,4.3624e+06,2.98533e+06,1.60174e+07,0,0,0,0,98.2992,98.274,2.87983,1,1,2.1168,2.31445,0.157944,1.63544,2.1168,9.06595e+06,3.9903e+06,1.91908e+07,0,0,0,0
60.897,85.139,2.29603,0.28,0.04,3.56029,3.62245,0,0.688076,6.048,4.3624e+06,2.98533e+06,1.55314e+07,0,0,0,0,98.1614,98.274,2.703,1,1,2.1168,2.20348,0.048876,1.63544,2.1168,9.06595e+06,3.9903e+06,1.91908e+07,0,0,0,0
59.3821,85.139,1.89117,0.28,0.04,3.56092,3.62308,0,0.667199,6.048,4.3624e+06,2.98533e+06,1.55341e+07,0,0,0,0,97.884,98.274,2.37028,1,1,2.1168,2.20387,0.0492561,1.63544,2.1168,9.06595e+06,3.9903e+06,1.91908e+07,0,0,0,0
58.4483,85.139,2.46766,0.28,0.04,3.56154,3.62372,0,0.667316,6.048,4.3624e+06,2.98533e+06,1.55369e+07,0,0,0,0,97.7997,98.274,2.94279,1,1,2.1168,2.20426,0.0496359,1.63544,2.1168,9.06595e+06,3.9903e+06,1.91908e+07,0,0,0,0
58.59,85.139,3.5775,0.29,0.04,3.56217,3.62435,0,0.667433,6.048,4.3624e+06,2.98533e+06,1.55396e+07,0,0,0,0,97.9406,98.274,3.77966,1,1,2.1168,2.20464,0.050016,1.63544,2.1168,9.06595e+06,3.9903e+06,1.91908e+07,0,0,0,0
59.7703,85.139,4.72092,0.31,0.04,3.47076,3.53135,0,0.66755,6.048,4.3624e+06,2.98533e+06,1.51408e+07,0,0,0,0,98.3243,98.274,4.80873,1,1,2.06748,2.10358,0,1.63544,2.1168,9.06595e+06,3.9903e+06,1.87437e+07,0,0,0,0
59.5578,85.139,3.29902,0.3,0.04,3.47137,3.53197,0,0.65042,6.048,4.3624e+06,2.98533e+06,1.51435e+07,0,0,0,0,98.2817,98.274,3.19995,1,1,2.06785,2.10395,0,1.59734,2.1168,9.06595e+06,3.9903e+06,1.8747e+07,0,0,0,0
60.7689,85.139,4.7873,0.3,0.04,3.47197,3.53259,0,0.650534,6.048,4.3624e+06,2.98533e+06,1.51461e+07,0,0,0,0,98.2606,98.274,2.84622,1,1,2.06821,2.10431,0,1.59762,2.1168,9.06595e+06,3.9903e+06,1.87503e+07,0,0,0,0
61.8631,85.139,4.69865,0.31,0.04,3.47258,3.5332,0,0.650648,6.048,4.3624e+06,2.98533e+06,1.51488e+07,0,0,0,0,98.7206,98.274,5.16525,1,1,2.06857,2.10468,0,1.5979,2.1168,9.06595e+06,3.9903e+06,1.87536e+07,0,0,0,0
63.3256,85.139,4.99274,0.32,0.04,3.26769,3.26769,0,0.650762,6.048,4.3624e+06,2.70226e+06,1.4255e+07,0,0,0,0,98.5665,98.274,3.1905,0,1,1.89361,1.89361,0,1.59818,2.1168,9.06595e+06,3.61194e+06,1.71673e+07,0,0,0,0
64.9755,85.139,5.16418,0.28,0.04,3.26826,3.26826,0,0.612365,6.048,4.3624e+06,2.70226e+06,1.42575e+07,0,0,0,0,98.148,98.274,2.20397,0,1,1.89394,1.89394,0,1.463,2.1168,9.06595e+06,3.61194e+06,1.71704e+07,0,0,0,0
66.9273,85.139,5.62438,0.33,0.04,3.26883,3.26883,0,0.612472,6.048,4.3624e+06,2.70226e+06,1.426e+07,0,0,0,0,98.0602,98.274,2.27864,0,1,1.89427,1.89427,0,1.46326,2.1168,9.06595e+06,3.61194e+06,1.71734e+07,0,0,0,0
71.2046,85.139,8.07889,0.36,0.04,3.26941,3.26941,0,0.612579,6.048,4.3624e+06,2.70226e+06,1.42625e+07,0,0,0,0,98.9304,98.274,5.30089,0,1,1.8946,1.8946,0,1.46351,2.1168,9.06595e+06,3.61194e+06,1.71764e+07,0,0,0,0
76.1529,85.139,8.87454,0.34,0.04,3.26998,3.26998,0,0.612687,6.048,4.3624e+06,2.70226e+06,1.4265e+07,0,0,0,0,99.1672,98.274,4.03611,0,1,1.89494,1.89494,0,1.46377,2.1168,9.06595e+06,3.61194e+06,1.71794e+07,0,0,0,0
80.0042,85.139,7.74784,0.33,0.04,3.31512,3.37299,0,0.612794,6.048,4.3624e+06,2.98533e+06,1.44619e+07,0,0,0,0,99.3022,98.274,4.38927,1,1,1.92297,1.95654,0,1.46403,2.1168,9.06595e+06,3.9903e+06,1.74335e+07,0,0,0,0
82.2504,85.139,6.04042,0.28,0.04,3.31566,3.37354,0,0.621253,6.048,4.3624e+06,2.98533e+06,1.44642e+07,0,0,0,0,99.3022,98.274,3.28815,1,1,1.92328,1.95686,0,1.48568,2.1168,9.06595e+06,3.9903e+06,1.74364e+07,0,0,0,0
83.9373,85.139,5.45768,0.29,0.04,3.31621,3.3741,0,0.621355,6.048,4.3624e+06,2.98533e+06,1.44666e+07,0,0,0,0,99.285,98.274,3.05254,1,1,1.9236,1.95718,0,1.48593,2.1168,9.06595e+06,3.9903e+06,1.74393e+07,0,0,0,0
85.139,85.139,6.1598,0.3,0.04,3.31675,3.37465,0,0.621457,6.048,4.3624e+06,2.98533e+06,1.4469e+07,0,0,0,0,99.3022,98.274,3.34136,1,1,1.92392,1.9575,0,1.48617,2.1168,9.06595e+06,3.9903e+06,1.74421e+07,0,0,0,0
85.139,85.139,6.3525,0.28,0.04,3.64086,3.70442,0,0.621559,6.048,4.3624e+06,2.98533e+06,1.58829e+07,0,0,0,0,99.3022,98.274,3.60691,1,1,2.1168,2.18802,0.0336805,1.48642,2.1168,9.06595e+06,3.9903e+06,1.91908e+07,0,0,0,0
85.139,85.139,6.26308,0.28,0.04,3.64146,3.70503,0,0.682297,6.048,4.3624e+06,2.98533e+06,1.58855e+07,0,0,0,0,99.3022,98.274,3.64452,1,1,2.1168,2.18838,0.0340344,1.63544,2.1168,9.06595e+06,3.9903e+06,1.91908e+07,0,0,0,0
85.139,85.139,6.24374,0.29,0.04,3.64206,3.70564,0,0.682409,6.048,4.3624e+06,2.98533e+06,1.58881e+07,0,0,0,0,99.3022,98.274,3.36295,1,1,2.1168,2.18874,0.034388,1.63544,2.1168,9.06595e+06,3.9903e+06,1.91908e+07,0,0,0,0
85.139,85.139,5.71895,0.29,0.04,3.64266,3.70625,0,0.682521,6.048,4.3624e+06,2.98533e+06,1.58907e+07,0,0,0,0,99.3022,98.274,3.60651,1,1,2.1168,2.1891,0.0347418,1.63544,2.1168,9.06595e+06,3.9903e+06,1.91908e+07,0,0,0,0
85.139,85.139,5.63929,0.3,0.04,3.23699,3.23699,0,0.682634,6.048,4.3624e+06,2.70226e+06,1.4121e+07,0,0,0,0,99.3022,98.274,3.55399,0,1,1.88033,1.88033,0,1.63544,2.1168,9.06595e+06,3.61194e+06,1.7047e+07,0,0,0,0
85.139,85.139,4.78626,0.31,0.04,3.23752,3.23752,0,0.606611,6.048,4.3624e+06,2.70226e+06,1.41234e+07,0,0,0,0,99.3022,98.274,3.1642,0,1,1.88064,1.88064,0,1.45274,2.1168,9.06595e+06,3.61194e+06,1.70498e+07,0,0,0,0
85.139,85.139,6.36815,0.33,0.04,3.23805,3.23805,0,0.606711,6.048,4.3624e+06,2.70226e+06,1.41257e+07,0,0,0,0,99.3022,98.274,6.25884,0,1,1.88095,1.88095,0,1.45298,2.1168,9.06595e+06,3.61194e+06,1.70526e+07,0,0,0,0
85.139,85.139,5.0243,0.35,0.04,3.23858,3.23858,0,0.606811,6.048,4.3624e+06,2.70226e+06,1.4128e+07,0,0,0,0,99.3022,98.274,3.7431,0,1,1.88126,1.88126,0,1.45322,2.1168,9.06595e+06,3.61194e+06,1.70554e+07,0,0,0,0
85.139,85.139,6.82289,0.4,0.04,2.96124,3.23912,0,0.606911,6.048,4.3624e+06,3.5824e+06,1.29181e+07,0,0,0,0,99.3022,98.274,6.13787,0,1,1.72015,1.88157,0,1.45346,2.1168,9.06595e+06,4.78836e+06,1.55948e+07,0,0,0,0
85.139,85.139,7.79531,0.44,0.04,3.06994,3.35802,0,0.554936,6.048,4.3624e+06,2.98533e+06,1.33923e+07,0,0,0,0,99.3022,98.274,5.65622,1,1,1.78963,1.95756,0,1.32899,2.1168,9.06595e+06,3.9903e+06,1.62247e+07,0,0,0,0
85.139,85.139,6.67235,0.44,0.04,3.07045,3.35857,0,0.575307,6.048,4.3624e+06,2.98533e+06,1.33945e+07,0,0,0,0,99.3022,98.274,4.26049,1,1,1.78992,1.95788,0,1.38267,2.1168,9.06595e+06,3.9903e+06,1.62273e+07,0,0,0,0
85.139,85.139,6.27731,0.45,0.04,3.07095,3.35912,0,0.575402,6.048,4.3624e+06,2.98533e+06,1.33967e+07,0,0,0,0,99.3022,98.274,3.70711,1,1,1.79022,1.95821,0,1.38289,2.1168,9.06595e+06,3.9903e+06,1.623e+07,0,0,0,0
85.139,85.139,5.2032,0.44,0.04,3.07146,3.35967,0,0.575496,6.048,4.3624e+06,2.98533e+06,1.33989e+07,0,0,0,0,99.3022,98.274,3.38132,1,1,1.79051,1.95853,0,1.38312,2.1168,9.06595e+06,3.9903e+06,1.62327e+07,0,0,0,0
85.139,85.139,4.29873,0.45,0.04,3.02962,3.31391,0,0.575591,6.048,4.3624e+06,2.98533e+06,1.32164e+07,0,0,0,0,99.1581,98.274,3.10988,1,1,1.76391,1.92943,0,1.38335,2.1168,9.06595e+06,3.9903e+06,1.59915e+07,0,0,0,0
85.139,85.139,3.76563,0.42,0.04,3.03012,3.31446,0,0.567751,6.048,4.3624e+06,2.98533e+06,1.32186e+07,0,0,0,0,99.125,98.274,2.8324,1,1,1.7642,1.92975,0,1.3628,2.1168,9.06595e+06,3.9903e+06,1.59942e+07,0,0,0,0
85.139,85.139,3.3763,0.4,0.04,3.03062,3.315,0,0.567844,6.048,4.3624e+06,2.98533e+06,1.32208e+07,0,0,0,0,99.0159,98.274,2.50529,1,1,1.76449,1.93007,0,1.36302,2.1168,9.06595e+06,3.9903e+06,1.59968e+07,0,0,0,0
84.787,85.139,3.12435,0.38,0.04,3.25866,3.31555,0,0.567938,6.048,4.3624e+06,2.98533e+06,1.42156e+07,0,0,0,0,98.8839,98.274,2.35031,1,1,1.89726,1.93039,0,1.36325,2.1168,9.06595e+06,3.9903e+06,1.72005e+07,0,0,0,0
84.4,85.139,2.97977,0.46,0.04,3.17542,3.4734,0,0.610673,6.048,4.3624e+06,2.98533e+06,1.38525e+07,0,0,0,0,98.5202,98.274,2.31705,1,1,1.8605,2.03509,0,1.46583,2.1168,9.06595e+06,3.9903e+06,1.68672e+07,0,0,0,0
84.0447,85.139,2.988,0.44,0.04,3.17595,3.47397,0,0.595074,6.048,4.3624e+06,2.98533e+06,1.38547e+07,0,0,0,0,98.1342,98.274,2.06845,1,1,1.86081,2.03542,0,1.43742,2.1168,9.06595e+06,3.9903e+06,1.687e+07,0,0,0,0
83.3386,85.139,2.61088,0.41,0.04,3.17647,3.47454,0,0.595172,6.048,4.3624e+06,2.98533e+06,1.3857e+07,0,0,0,0,97.6569,98.274,1.94243,1,1,1.86111,2.03576,0,1.43766,2.1168,9.06595e+06,3.9903e+06,1.68728e+07,0,0,0,0
82.334,85.139,2.45228,0.37,0.04,3.41549,3.47511,0,0.59527,6.048,4.3624e+06,2.98533e+06,1.48997e+07,0,0,0,0,96.9753,98.274,1.8529,1,1,2.00116,2.03609,0,1.4379,2.1168,9.06595e+06,3.9903e+06,1.81424e+07,0,0,0,0
81.0848,85.139,2.20488,0.33,0.04,3.41605,3.47568,0,0.640062,6.048,4.3624e+06,2.98533e+06,1.49022e+07,0,0,0,0,96.4899,98.274,1.82802,1,1,2.00148,2.03642,0,1.54609,2.1168,9.06595e+06,3.9903e+06,1.81454e+07,0,0,0,0
79.5592,85.139,1.8987,0.28,0.04,3.38601,3.44512,0,0.640167,6.048,4.3624e+06,2.98533e+06,1.47711e+07,0,0,0,0,96.0513,98.274,2.00111,1,1,2.05825,2.09418,0,1.54635,2.1168,9.06595e+06,3.9903e+06,1.866e+07,0,0,0,0
77.9881,85.139,1.8346,0.25,0.04,3.38656,3.44568,0,0.634538,6.048,4.3624e+06,2.98533e+06,1.47735e+07,0,0,0,0,95.4694,98.274,1.97435,1,1,2.05858,2.09452,0,1.5902,2.1168,9.06595e+06,3.9903e+06,1.8663e+07,0,0,0,0
76.2729,85.139,1.64128,0.29,0.04,3.38712,3.44625,0,0.634642,6.048,4.3624e+06,2.98533e+06,1.4776e+07,0,0,0,0,94.8713,98.274,1.83588,1,1,2.05892,2.09487,0,1.59046,2.1168,9.06595e+06,3.9903e+06,1.86661e+07,0,0,0,0
74.4749,85.139,1.53681,0.26,0.04,3.38768,3.44682,0,0.634746,6.048,4.3624e+06,2.98533e+06,1.47784e+07,0,0,0,0,94.1571,98.274,1.8543,1,1,2.05926,2.09521,0,1.59072,2.1168,9.06595e+06,3.9903e+06,1.86692e+07,0,0,0,0
72.4527,85.139,1.34029,0.24,0.04,3.46731,3.52784,0,0.634851,6.048,4.3624e+06,2.98533e+06,1.51258e+07,0,0,0,0,93.4549,98.274,1.70145,1,1,2.10993,2.14676,0,1.59098,2.1168,9.06595e+06,3.9903e+06,1.91285e+07,0,0,0,0
70.408,85.139,1.3218,0.26,0.04,3.46788,3.52842,0,0.649773,6.048,4.3624e+06,2.98533e+06,1.51283e+07,0,0,0,0,92.7238,98.274,1.73595,1,1,2.11027,2.14711,0,1.63013,2.1168,9.06595e+06,3.9903e+06,1.91316e+07,0,0,0,0
68.3041,85.139,1.22371,0.24,0.04,3.46845,3.529,0,0.64988,6.048,4.3624e+06,2.98533e+06,1.51307e+07,0,0,0,0,91.8014,98.274,1.66302,1,1,2.11062,2.14746,0,1.6304,2.1168,9.06595e+06,3.9903e+06,1.91348e+07,0,0,0,0
66.1181,85.139,1.11423,0.22,0.04,3.46902,3.52957,0,0.649987,6.048,4.3624e+06,2.98533e+06,1.51332e+07,0,0,0,0,91.0721,98.274,1.4673,1,1,2.11097,2.14782,0,1.63066,2.1168,9.06595e+06,3.9903e+06,1.91379e+07,0,0,0,0
63.8473,85.139,1.18801,0.26,0.04,3.7013,3.76592,0,0.650094,6.048,4.3624e+06,2.98533e+06,1.61466e+07,0,0,0,0,90.0562,98.274,1.76987,1,1,2.1168,2.33312,0.176287,1.63093,2.1168,9.06595e+06,3.9903e+06,1.91908e+07,0,0,0,0
61.3975,85.139,0.983419,0.26,0.04,3.70191,3.76654,0,0.693624,6.048,4.3624e+06,2.98533e+06,1.61492e+07,0,0,0,0,89.1368,98.274,1.23282,1,1,2.1168,2.3335,0.176663,1.63544,2.1168,9.06595e+06,3.9903e+06,1.91908e+07,0,0,0,0
59.0383,85.139,1.05961,0.3,0.04,3.70252,3.76715,0,0.693738,6.048,4.3624e+06,2.98533e+06,1.61519e+07,0,0,0,0,87.9838,98.274,1.50301,1,1,2.1168,2.33388,0.17704,1.63544,2.1168,9.06595e+06,3.9903e+06,1.91908e+07,0,0,0,0
56.5365,85.139,0.878849,0.29,0.04,3.70313,3.76777,0,0.693852,6.048,4.3624e+06,2.98533e+06,1.61545e+07,0,0,0,0,87.2983,98.274,1.06484,1,1,2.1168,2.33427,0.177416,1.63544,2.1168,9.06595e+06,3.9903e+06,1.91908e+07,0,0,0,0
54.3237,85.139,1.14797,0.36,0.04,3.70373,3.76839,0,0.693966,6.048,4.3624e+06,2.98533e+06,1.61572e+07,0,0,0,0,86.8542,98.274,2.04042,1,1,2.1168,2.33465,0.177793,1.63544,2.1168,9.06595e+06,3.9903e+06,1.91908e+07,0,0,0,0
52.697,85.139,1.67485,0.36,0.04,3.59132,3.65401,0,0.69408,6.048,4.3624e+06,2.98533e+06,1.56668e+07,0,0,0,0,86.548,98.274,2.13005,1,1,2.1168,2.22268,0.0677485,1.63544,2.1168,9.06595e+06,3.9903e+06,1.91908e+07,0,0,0,0
51.0052,85.139,1.6165,0.33,0.04,3.59191,3.65461,0,0.673013,6.048,4.3624e+06,2.98533e+06,1.56693e+07,0,0,0,0,85.8683,98.274,2.32549,1,1,2.1168,2.22305,0.068107,1.63544,2.1168,9.06595e+06,3.9903e+06,1.91908e+07,0,0,0,0
48.9313,85.139,0.974118,0.42,0.04,3.34164,3.65521,0,0.673124,6.048,4.3624e+06,2.98533e+06,1.45776e+07,0,0,0,0,85.214,98.274,1.43891,1,1,2.03267,2.22341,0,1.63544,2.1168,9.06595e+06,3.9903e+06,1.84281e+07,0,0,0,0
47.1989,85.139,1.31347,0.43,0.04,3.34219,3.65581,0,0.626223,6.048,4.3624e+06,2.98533e+06,1.458e+07,0,0,0,0,84.9687,98.274,1.78206,1,1,2.03301,2.22378,0,1.57044,2.1168,9.06595e+06,3.9903e+06,1.84311e+07,0,0,0,0
46.3905,85.139,2.17628,0.42,0.04,3.25639,3.56196,0,0.626326,6.048,4.3624e+06,2.98533e+06,1.42057e+07,0,0,0,0,84.5897,98.274,2.92064,1,1,1.93979,2.12181,0,1.5707,2.1168,9.06595e+06,3.9903e+06,1.7586e+07,0,0,0,0
45.2624,85.139,1.91039,0.41,0.04,3.25692,3.56254,0,0.610247,6.048,4.3624e+06,2.98533e+06,1.4208e+07,0,0,0,0,84.3585,98.274,1.62541,1,1,1.9401,2.12216,0,1.49868,2.1168,9.06595e+06,3.9903e+06,1.75889e+07,0,0,0,0
45.9617,85.139,3.80274,0.51,0.04,3.25745,3.56313,0,0.610347,6.048,4.3624e+06,2.98533e+06,1.42103e+07,0,0,0,0,84.6358,98.274,3.54873,1,1,1.94042,2.12251,0,1.49892,2.1168,9.06595e+06,3.9903e+06,1.75918e+07,0,0,0,0
45.4493,85.139,2.51375,0.44,0.04,3.25799,3.56371,0,0.610447,6.048,4.3624e+06,2.98533e+06,1.42126e+07,0,0,0,0,84.8436,98.274,3.4765,1,1,1.94074,2.12286,0,1.49917,2.1168,9.06595e+06,3.9903e+06,1.75947e+07,0,0,0,0
44.8827,85.139,2.37763,0.45,0.04,3.01312,3.29586,0,0.610547,6.048,4.3624e+06,2.98533e+06,1.31444e+07,0,0,0,0,84.832,98.274,2.20729,1,1,1.74609,1.90993,0,1.49942,2.1168,9.06595e+06,3.9903e+06,1.58299e+07,0,0,0,0
45.6124,85.139,3.71944,0.54,0.04,3.01361,3.2964,0,0.564658,6.048,4.3624e+06,2.98533e+06,1.31466e+07,0,0,0,0,85.4092,98.274,4.42251,1,1,1.74637,1.91025,0,1.34903,2.1168,9.06595e+06,3.9903e+06,1.58325e+07,0,0,0,0
48.3054,85.139,5.84607,0.49,0.04,3.01411,3.29695,0,0.564751,6.048,4.3624e+06,2.98533e+06,1.31487e+07,0,0,0,0,86.6271,98.274,6.95663,1,1,1.74666,1.91056,0,1.34925,2.1168,9.06595e+06,3.9903e+06,1.58351e+07,0,0,0,0
48.4879,85.139,3.34686,0.55,0.04,3.0146,3.29749,0,0.564844,6.048,4.3624e+06,2.98533e+06,1.31509e+07,0,0,0,0,86.7756,98.274,3.31261,1,1,1.74695,1.91088,0,1.34947,2.1168,9.06595e+06,3.9903e+06,1.58377e+07,0,0,0,0
49.2742,85.139,3.87249,0.57,0.04,3.0151,3.29803,0,0.564936,6.048,4.3624e+06,2.98533e+06,1.31531e+07,0,0,0,0,87.0741,98.274,4.25047,1,1,1.74723,1.91119,0,1.34969,2.1168,9.06595e+06,3.9903e+06,1.58403e+07,0,0,0,0
47.6427,85.139,1.33142,0.61,0.04,3.11004,3.40188,0,0.565029,6.048,4.3624e+06,2.98533e+06,1.35672e+07,0,0,0,0,87.5483,98.274,3.51753,1,1,1.80401,1.9733,0,1.34991,2.1168,9.06595e+06,3.9903e+06,1.63551e+07,0,0,0,0
45.9486,85.139,1.23001,0.62,0.04,3.11052,3.4024,0,0.582822,6.048,4.3624e+06,2.98533e+06,1.35693e+07,0,0,0,0,88.1153,98.274,3.454,1,1,1.80429,1.9736,0,1.39378,2.1168,9.06595e+06,3.9903e+06,1.63576e+07,0,0,0,0
45.4763,85.139,2.44208,0.65,0.04,3.11099,3.40292,0,0.582911,6.048,4.3624e+06,2.98533e+06,1.35714e+07,0,0,0,0,89.1035,98.274,4.91101,1,1,1.80456,1.9739,0,1.39399,2.1168,9.06595e+06,3.9903e+06,1.63601e+07,0,0,0,0
45.9154,85.139,3.45293,0.68,0.04,3.11147,3.40345,0,0.583,6.048,4.3624e+06,2.98533e+06,1.35735e+07,0,0,0,0,89.9236,98.274,4.34441,1,1,1.80484,1.9742,0,1.39421,2.1168,9.06595e+06,3.9903e+06,1.63626e+07,0,0,0,0
46.7497,85.139,4.24537,0.7,0.04,3.41548,3.73598,0,0.58309,6.048,4.3624e+06,2.98533e+06,1.48997e+07,0,0,0,0,90.9091,98.274,6.0001,1,1,2.01736,2.20667,0,1.39442,2.1168,9.06595e+06,3.9903e+06,1.82893e+07,0,0,0,0
47.7329,85.139,4.43476,0.71,0.04,3.416,3.73655,0,0.640061,6.048,4.3624e+06,2.98533e+06,1.4902e+07,0,0,0,0,91.7026,98.274,5.95413,1,1,2.01767,2.207,0,1.55861,2.1168,9.06595e+06,3.9903e+06,1.82921e+07,0,0,0,0
48.847,85.139,4.56321,0.75,0.04,3.41653,3.73713,0,0.640159,6.048,4.3624e+06,2.98533e+06,1.49043e+07,0,0,0,0,92.4277,98.274,5.3892,1,1,2.01798,2.20734,0,1.55885,2.1168,9.06595e+06,3.9903e+06,1.82949e+07,0,0,0,0
49.3848,85.139,3.98023,0.77,0.04,3.41705,3.7377,0,0.640257,6.048,4.3624e+06,2.98533e+06,1.49065e+07,0,0,0,0,93.2244,98.274,5.54682,1,1,2.01829,2.20768,0,1.55909,2.1168,9.06595e+06,3.9903e+06,1.82977e+07,0,0,0,0
50.544,85.139,4.4182,0.77,0.04,2.98437,3.26442,0,0.640355,6.048,4.3624e+06,3.5824e+06,1.3019e+07,0,0,0,0,94.4995,98.274,6.93336,0,1,1.73359,1.89627,0,1.55933,2.1168,9.06595e+06,4.78836e+06,1.57166e+07,0,0,0,0
51.7967,85.139,4.57502,0.79,0.04,2.98483,3.26492,0,0.559272,6.048,4.3624e+06,3.5824e+06,1.3021e+07,0,0,0,0,95.4951,98.274,6.20343,0,1,1.73385,1.89656,0,1.33937,2.1168,9.06595e+06,4.78836e+06,1.5719e+07,0,0,0,0
53.9298,85.139,5.52825,0.77,0.04,2.98529,3.26542,0,0.559357,6.048,4.3624e+06,3.5824e+06,1.3023e+07,0,0,0,0,96.637,98.274,6.71138,0,1,1.73412,1.89685,0,1.33958,2.1168,9.06595e+06,4.78836e+06,1.57215e+07,0,0,0,0
55.6809,85.139,5.07399,0.79,0.04,2.98575,3.26592,0,0.559443,6.048,4.3624e+06,3.5824e+06,1.3025e+07,0,0,0,0,97.9397,98.274,7.61051,0,1,1.73439,1.89714,0,1.33978,2.1168,9.06595e+06,4.78836e+06,1.57239e+07,0,0,0,0
58.5129,85.139,6.11215,0.83,0.04,2.9862,3.26642,0,0.559529,6.048,4.3624e+06,3.5824e+06,1.3027e+07,0,0,0,0,99.3022,98.274,8.13386,0,1,1.73465,1.89743,0,1.33999,2.1168,9.06595e+06,4.78836e+06,1.57263e+07,0,0,0,0
58.0719,85.139,2.7733,0.8,0.04,3.09579,3.38629,0,0.559614,6.048,4.3624e+06,2.98533e+06,1.35051e+07,0,0,0,0,99.3022,98.274,3.81779,1,1,1.80469,1.97404,0,1.34019,2.1168,9.06595e+06,3.9903e+06,1.63613e+07,0,0,0,0
58.5536,85.139,3.74586,0.84,0.04,3.09626,3.38681,0,0.58015,6.048,4.3624e+06,2.98533e+06,1.35071e+07,0,0,0,0,99.3022,98.274,4.69552,1,1,1.80497,1.97435,0,1.39431,2.1168,9.06595e+06,3.9903e+06,1.63638e+07,0,0,0,0
59.1828,85.139,3.92489,0.86,0.04,3.09674,3.38733,0,0.580239,6.048,4.3624e+06,2.98533e+06,1.35092e+07,0,0,0,0,99.3022,98.274,6.41141,1,1,1.80525,1.97465,0,1.39452,2.1168,9.06595e+06,3.9903e+06,1.63663e+07,0,0,0,0
58.731,85.139,2.77577,0.85,0.04,3.09721,3.38785,0,0.580328,6.048,4.3624e+06,2.98533e+06,1.35113e+07,0,0,0,0,99.3022,98.274,3.60372,1,1,1.80552,1.97495,0,1.39473,2.1168,9.06595e+06,3.9903e+06,1.63688e+07,0,0,0,0
58.3425,85.139,2.73485,0.85,0.04,3.05499,3.34166,0,0.580417,6.048,4.3624e+06,2.98533e+06,1.33271e+07,0,0,0,0,99.3022,98.274,4.33093,1,1,1.77868,1.94559,0,1.39495,2.1168,9.06595e+06,3.9903e+06,1.61255e+07,0,0,0,0
57.7482,85.139,2.50268,0.86,0.04,3.05546,3.34218,0,0.572505,6.048,4.3624e+06,2.98533e+06,1.33291e+07,0,0,0,0,99.3022,98.274,4.55333,1,1,1.77896,1.94589,0,1.37421,2.1168,9.06595e+06,3.9903e+06,1.61279e+07,0,0,0,0
57.3607,85.139,2.70907,0.86,0.04,3.05593,3.34269,0,0.572593,6.048,4.3624e+06,2.98533e+06,1.33312e+07,0,0,0,0,99.3022,98.274,4.05069,1,1,1.77923,1.94619,0,1.37442,2.1168,9.06595e+06,3.9903e+06,1.61304e+07,0,0,0,0
56.7684,85.139,2.44544,0.84,0.04,3.05639,3.3432,0,0.57268,6.048,4.3624e+06,2.98533e+06,1.33332e+07,0,0,0,0,99.3022,98.274,4.05496,1,1,1.7795,1.94648,0,1.37463,2.1168,9.06595e+06,3.9903e+06,1.61329e+07,0,0,0,0
55.803,85.139,2.09837,0.82,0.04,3.20187,3.50233,0,0.572768,6.048,4.3624e+06,2.98533e+06,1.39678e+07,0,0,0,0,99.3022,98.274,3.85693,1,1,1.876,2.05204,0,1.37484,2.1168,9.06595e+06,3.9903e+06,1.70077e+07,0,0,0,0
54.7319,85.139,2.02646,0.86,0.04,3.20236,3.50286,0,0.60003,6.048,4.3624e+06,2.98533e+06,1.397e+07,0,0,0,0,99.3022,98.274,3.85463,1,1,1.87628,2.05235,0,1.44939,2.1168,9.06595e+06,3.9903e+06,1.70103e+07,0,0,0,0
53.5916,85.139,1.89925,0.85,0.04,3.20285,3.5034,0,0.600122,6.048,4.3624e+06,2.98533e+06,1.39721e+07,0,0,0,0,99.3022,98.274,3.55291,1,1,1.87657,2.05266,0,1.44962,2.1168,9.06595e+06,3.9903e+06,1.70129e+07,0,0,0,0
52.3519,85.139,1.76639,0.83,0.04,3.20334,3.50394,0,0.600214,6.048,4.3624e+06,2.98533e+06,1.39742e+07,0,0,0,0,99.3022,98.274,3.34164,1,1,1.87686,2.05298,0,1.44984,2.1168,9.06595e+06,3.9903e+06,1.70155e+07,0,0,0,0
51.0719,85.139,1.68699,0.83,0.04,3.20383,3.50447,0,0.600306,6.048,4.3624e+06,2.98533e+06,1.39764e+07,0,0,0,0,99.3022,98.274,3.41557,1,1,1.87715,2.05329,0,1.45006,2.1168,9.06595e+06,3.9903e+06,1.70181e+07,0,0,0,0
49.8665,85.139,1.72941,0.86,0.04,3.17562,3.47362,0,0.600398,6.048,4.3624e+06,2.98533e+06,1.38533e+07,0,0,0,0,99.1572,98.274,2.62378,1,1,1.93036,2.1115,0,1.45028,2.1168,9.06595e+06,3.9903e+06,1.75005e+07,0,0,0,0
48.5772,85.139,1.61499,0.85,0.04,3.17611,3.47415,0,0.595112,6.048,4.3624e+06,2.98533e+06,1.38555e+07,0,0,0,0,98.9526,98.274,2.37777,1,1,1.93065,2.11182,0,1.4914,2.1168,9.06595e+06,3.9903e+06,1.75032e+07,0,0,0,0
47.264,85.139,1.55692,0.85,0.04,3.17659,3.47468,0,0.595203,6.048,4.3624e+06,2.98533e+06,1.38576e+07,0,0,0,0,98.7242,98.274,2.27073,1,1,1.93095,2.11215,0,1.49162,2.1168,9.06595e+06,3.9903e+06,1.75059e+07,0,0,0,0
46.0609,85.139,1.61821,0.83,0.04,3.17708,3.47521,0,0.595294,6.048,4.3624e+06,2.98533e+06,1.38597e+07,0,0,0,0,98.5287,98.274,2.45728,1,1,1.93125,2.11247,0,1.49185,2.1168,9.06595e+06,3.9903e+06,1.75086e+07,0,0,0,0
44.666,85.139,1.47063,0.81,0.04,3.25172,3.55686,0,0.595385,6.048,4.3624e+06,2.98533e+06,1.41853e+07,0,0,0,0,98.2052,98.274,2.17833,1,1,1.97874,2.16442,0,1.49208,2.1168,9.06595e+06,3.9903e+06,1.79392e+07,0,0,0,0
43.1735,85.139,1.34472,0.84,0.04,3.25222,3.5574,0,0.609373,6.048,4.3624e+06,2.98533e+06,1.41875e+07,0,0,0,0,97.7919,98.274,2.07385,1,1,1.97904,2.16475,0,1.52877,2.1168,9.06595e+06,3.9903e+06,1.79419e+07,0,0,0,0
41.635,85.139,1.24534,0.82,0.04,3.25272,3.55795,0,0.609466,6.048,4.3624e+06,2.98533e+06,1.41897e+07,0,0,0,0,97.154,98.274,1.98293,1,1,1.97935,2.16508,0,1.52901,2.1168,9.06595e+06,3.9903e+06,1.79446e+07,0,0,0,0
40.029,85.139,1.13392,0.76,0.04,3.25322,3.55849,0,0.60956,6.048,4.3624e+06,2.98533e+06,1.41918e+07,0,0,0,0,96.768,98.274,1.75326,1,1,1.97965,2.16541,0,1.52924,2.1168,9.06595e+06,3.9903e+06,1.79474e+07,0,0,0,0
38.4604,85.139,1.28174,0.73,0.04,3.47102,3.79673,0,0.609653,6.048,4.3624e+06,2.98533e+06,1.5142e+07,0,0,0,0,95.9724,98.274,2.21832,1,1,2.1168,2.35221,0.0336161,1.52948,2.1168,9.06595e+06,3.9903e+06,1.91908e+07,0,0,0,0
36.7844,85.139,1.13635,0.8,0.04,3.47155,3.79731,0,0.650469,6.048,4.3624e+06,2.98533e+06,1.51443e+07,0,0,0,0,95.2562,98.274,1.47836,1,1,2.1168,2.35257,0.033945,1.63544,2.1168,9.06595e+06,3.9903e+06,1.91908e+07,0,0,0,0
35.2315,85.139,1.22503,0.76,0.04,3.47208,3.79789,0,0.650568,6.048,4.3624e+06,2.98533e+06,1.51466e+07,0,0,0,0,94.2801,98.274,1.8006,1,1,2.1168,2.35293,0.0342742,1.63544,2.1168,9.06595e+06,3.9903e+06,1.91908e+07,0,0,0,0
33.5322,85.139,1.01641,0.74,0.04,3.47261,3.79847,0,0.650668,6.048,4.3624e+06,2.98533e+06,1.51489e+07,0,0,0,0,93.6436,98.274,1.27936,1,1,2.1168,2.35329,0.0346031,1.63544,2.1168,9.06595e+06,3.9903e+06,1.91908e+07,0,0,0,0
32.1277,85.139,1.2438,0.82,0.04,3.47314,3.79905,0,0.650767,6.048,4.3624e+06,2.98533e+06,1.51512e+07,0,0,0,0,93.2693,98.274,2.37403,1,1,2.1168,2.35365,0.0349322,1.63544,2.1168,9.06595e+06,3.9903e+06,1.91908e+07,0,0,0,0
30.2588,85.139,0.630728,0.78,0.04,3.36769,3.6837,0,0.650867,6.048,4.3624e+06,2.98533e+06,1.46912e+07,0,0,0,0,92.6455,98.274,2.30835,1,1,2.04852,2.24074,0,1.63544,2.1168,9.06595e+06,3.9903e+06,1.85718e+07,0,0,0,0
28.3902,85.139,0.546144,0.77,0.04,3.3682,3.68427,0,0.631105,6.048,4.3624e+06,2.98533e+06,1.46934e+07,0,0,0,0,91.7241,98.274,1.3089,1,1,2.04883,2.24109,0,1.58268,2.1168,9.06595e+06,3.9903e+06,1.85746e+07,0,0,0,0
26.6289,85.139,0.566114,0.76,0.04,3.36872,3.68483,0,0.631201,6.048,4.3624e+06,2.98533e+06,1.46957e+07,0,0,0,0,91.2219,98.274,1.27023,1,1,2.04914,2.24143,0,1.58293,2.1168,9.06595e+06,3.9903e+06,1.85774e+07,0,0,0,0
25.9052,85.139,1.64716,0.83,0.04,3.36923,3.68539,0,0.631298,6.048,4.3624e+06,2.98533e+06,1.46979e+07,0,0,0,0,91.2632,98.274,2.34569,1,1,2.04946,2.24177,0,1.58317,2.1168,9.06595e+06,3.9903e+06,1.85803e+07,0,0,0,0
26.3432,85.139,2.78839,0.8,0.04,3.2827,3.59074,0,0.631394,6.048,4.3624e+06,2.98533e+06,1.43204e+07,0,0,0,0,91.7072,98.274,3.3374,1,1,1.95546,2.13896,0,1.58341,2.1168,9.06595e+06,3.9903e+06,1.77281e+07,0,0,0,0
27.5359,85.139,3.61067,0.77,0.04,3.2832,3.59129,0,0.615178,6.048,4.3624e+06,2.98533e+06,1.43226e+07,0,0,0,0,92.1804,98.274,4.14057,1,1,1.95576,2.13928,0,1.51079,2.1168,9.06595e+06,3.9903e+06,1.77308e+07,0,0,0,0
29.7917,85.139,4.8435,0.76,0.04,3.2837,3.59184,0,0.615272,6.048,4.3624e+06,2.98533e+06,1.43248e+07,0,0,0,0,93.0491,98.274,5.26188,1,1,1.95606,2.13961,0,1.51102,2.1168,9.06595e+06,3.9903e+06,1.77335e+07,0,0,0,0
32.0433,85.139,4.96664,0.71,0.04,3.2842,3.59239,0,0.615366,6.048,4.3624e+06,2.98533e+06,1.4327e+07,0,0,0,0,94.3861,98.274,6.29594,1,1,1.95636,2.13994,0,1.51125,2.1168,9.06595e+06,3.9903e+06,1.77362e+07,0,0,0,0
34.3075,85.139,4.92802,0.7,0.04,3.03733,3.32235,0,0.61546,6.048,4.3624e+06,2.98533e+06,1.325e+07,0,0,0,0,95.2342,98.274,5.12472,1,1,1.76012,1.92528,0,1.51148,2.1168,9.06595e+06,3.9903e+06,1.59571e+07,0,0,0,0
35.5063,85.139,3.79008,0.65,0.04,3.0378,3.32286,0,0.569196,6.048,4.3624e+06,2.98533e+06,1.32521e+07,0,0,0,0,95.5091,98.274,3.42788,1,1,1.76039,1.92558,0,1.35987,2.1168,9.06595e+06,3.9903e+06,1.59596e+07,0,0,0,0
37.3281,85.139,4.55029,0.65,0.04,3.03826,3.32336,0,0.569283,6.048,4.3624e+06,2.98533e+06,1.32541e+07,0,0,0,0,95.9624,98.274,3.61079,1,1,1.76065,1.92587,0,1.36007,2.1168,9.06595e+06,3.9903e+06,1.5962e+07,0,0,0,0
39.2075,85.139,4.63918,0.69,0.04,3.03872,3.32387,0,0.56937,6.048,4.3624e+06,2.98533e+06,1.32561e+07,0,0,0,0,96.3914,98.274,3.58941,1,1,1.76092,1.92617,0,1.36028,2.1168,9.06595e+06,3.9903e+06,1.59645e+07,0,0,0,0
42.8775,85.139,6.73786,0.7,0.04,3.03919,3.32438,0,0.569457,6.048,4.3624e+06,2.98533e+06,1.32582e+07,0,0,0,0,97.7338,98.274,6.01554,1,1,1.76119,1.92646,0,1.36049,2.1168,9.06595e+06,3.9903e+06,1.59669e+07,0,0,0,0
48.295,85.139,8.61049,0.67,0.04,3.13486,3.42903,0,0.569544,6.048,4.3624e+06,2.98533e+06,1.36755e+07,0,0,0,0,98.2842,98.274,5.14531,1,1,1.81841,1.98904,0,1.3607,2.1168,9.06595e+06,3.9903e+06,1.64856e+07,0,0,0,0
50.5188,85.139,5.34333,0.64,0.04,3.1353,3.42951,0,0.587472,6.048,4.3624e+06,2.98533e+06,1.36774e+07,0,0,0,0,98.4003,98.274,3.44304,1,1,1.81866,1.98932,0,1.4049,2.1168,9.06595e+06,3.9903e+06,1.64879e+07,0,0,0,0
51.2556,85.139,3.81968,0.67,0.04,3.13575,3.43,0,0.587556,6.048,4.3624e+06,2.98533e+06,1.36794e+07,0,0,0,0,98.3673,98.274,2.93713,1,1,1.81892,1.98961,0,1.4051,2.1168,9.06595e+06,3.9903e+06,1.64903e+07,0,0,0,0
52.3254,85.139,4.24834,0.65,0.04,3.1362,3.43049,0,0.58764,6.048,4.3624e+06,2.98533e+06,1.36813e+07,0,0,0,0,98.3968,98.274,3.26892,1,1,1.81918,1.98989,0,1.4053,2.1168,9.06595e+06,3.9903e+06,1.64926e+07,0,0,0,0
54.1194,85.139,5.2809,0.68,0.04,3.44259,3.76563,0,0.587723,6.048,4.3624e+06,2.98533e+06,1.50179e+07,0,0,0,0,98.3303,98.274,3.5756,1,1,2.03337,2.22418,0,1.4055,2.1168,9.06595e+06,3.9903e+06,1.84344e+07,0,0,0,0
56.1129,85.139,5.45236,0.69,0.04,3.44308,3.76617,0,0.645141,6.048,4.3624e+06,2.98533e+06,1.50201e+07,0,0,0,0,98.181,98.274,3.44258,1,1,2.03366,2.22449,0,1.57098,2.1168,9.06595e+06,3.9903e+06,1.84371e+07,0,0,0,0
61.6493,85.139,9.26267,0.72,0.04,3.44357,3.7667,0,0.645232,6.048,4.3624e+06,2.98533e+06,1.50222e+07,0,0,0,0,98.2734,98.274,5.08856,1,1,2.03395,2.22481,0,1.57121,2.1168,9.06595e+06,3.9903e+06,1.84397e+07,0,0,0,0
64.4045,85.139,6.50308,0.69,0.04,3.44406,3.76724,0,0.645324,6.048,4.3624e+06,2.98533e+06,1.50243e+07,0,0,0,0,98.1695,98.274,4.16605,1,1,2.03424,2.22513,0,1.57143,2.1168,9.06595e+06,3.9903e+06,1.84423e+07,0,0,0,0
70.2032,85.139,9.24308,0.65,0.04,3.00793,3.29019,0,0.645416,6.048,4.3624e+06,2.98533e+06,1.31218e+07,0,0,0,0,98.8236,98.274,6.43134,1,1,1.74727,1.91123,0,1.57165,2.1168,9.06595e+06,3.9903e+06,1.58407e+07,0,0,0,0
78.6772,85.139,12.1855,0.61,0.04,3.00836,3.29066,0,0.563686,6.048,4.3624e+06,2.98533e+06,1.31237e+07,0,0,0,0,99.3022,98.274,8.00398,1,1,1.74752,1.9115,0,1.34994,2.1168,9.06595e+06,3.9903e+06,1.58429e+07,0,0,0,0
85.139,85.139,13.2075,0.58,0.04,3.00879,3.29112,0,0.563766,6.048,4.3624e+06,2.98533e+06,1.31255e+07,0,0,0,0,99.3022,98.274,8.71227,1,1,1.74777,1.91178,0,1.35013,2.1168,9.06595e+06,3.9903e+06,1.58452e+07,0,0,0,0
85.139,85.139,11.8598,0.41,0.04,3.00921,3.29159,0,0.563846,6.048,4.3624e+06,2.98533e+06,1.31274e+07,0,0,0,0,99.3022,98.274,7.71214,1,1,1.74802,1.91205,0,1.35033,2.1168,9.06595e+06,3.9903e+06,1.58475e+07,0,0,0,0
85.139,85.139,10.0934,0.45,0.04,3.00964,3.29206,0,0.563927,6.048,4.3624e+06,2.98533e+06,1.31293e+07,0,0,0,0,99.3022,98.274,6.08479,1,1,1.74827,1.91232,0,1.35052,2.1168,9.06595e+06,3.9903e+06,1.58497e+07,0,0,0,0
85.139,85.139,11.1078,0.49,0.04,3.12005,3.41283,0,0.564007,6.048,4.3624e+06,2.98533e+06,1.36109e+07,0,0,0,0,99.3022,98.274,8.33575,1,1,1.81884,1.98952,0,1.35071,2.1168,9.06595e+06,3.9903e+06,1.64895e+07,0,0,0,0
85.139,85.139,7.78584,0.5,0.04,3.1205,3.41332,0,0.584698,6.048,4.3624e+06,2.98533e+06,1.36129e+07,0,0,0,0,99.3022,98.274,5.50951,1,1,1.8191,1.9898,0,1.40524,2.1168,9.06595e+06,3.9903e+06,1.64919e+07,0,0,0,0
85.139,85.139,6.85254,0.5,0.04,3.12094,3.4138,0,0.584781,6.048,4.3624e+06,2.98533e+06,1.36148e+07,0,0,0,0,99.3022,98.274,5.32073,1,1,1.81936,1.99008,0,1.40544,2.1168,9.06595e+06,3.9903e+06,1.64942e+07,0,0,0,0
85.139,85.139,6.83432,0.5,0.04,3.12139,3.41429,0,0.584864,6.048,4.3624e+06,2.98533e+06,1.36167e+07,0,0,0,0,99.3022,98.274,5.87461,1,1,1.81962,1.99037,0,1.40564,2.1168,9.06595e+06,3.9903e+06,1.64966e+07,0,0,0,0
85.139,85.139,6.41076,0.49,0.04,3.0788,3.36771,0,0.584948,6.048,4.3624e+06,2.98533e+06,1.3431e+07,0,0,0,0,99.3022,98.274,5.92719,1,1,1.79255,1.96076,0,1.40584,2.1168,9.06595e+06,3.9903e+06,1.62512e+07,0,0,0,0
85.139,85.139,5.64684,0.46,0.04,3.07924,3.36819,0,0.576968,6.048,4.3624e+06,2.98533e+06,1.34329e+07,0,0,0,0,99.3022,98.274,4.69463,1,1,1.7928,1.96104,0,1.38492,2.1168,9.06595e+06,3.9903e+06,1.62535e+07,0,0,0,0
85.139,85.139,4.9353,0.45,0.04,3.07968,3.36867,0,0.57705,6.048,4.3624e+06,2.98533e+06,1.34348e+07,0,0,0,0,99.3022,98.274,4.3963,1,1,1.79306,1.96132,0,1.38512,2.1168,9.06595e+06,3.9903e+06,1.62558e+07,0,0,0,0
85.139,85.139,4.54507,0.45,0.04,3.08012,3.36915,0,0.577132,6.048,4.3624e+06,2.98533e+06,1.34367e+07,0,0,0,0,99.3022,98.274,3.70832,1,1,1.79331,1.96159,0,1.38532,2.1168,9.06595e+06,3.9903e+06,1.62581e+07,0,0,0,0
85.139,85.139,4.23859,0.39,0.04,3.46892,3.52948,0,0.577214,6.048,4.3624e+06,2.98533e+06,1.51328e+07,0,0,0,0,99.1491,98.274,3.65626,1,1,2.03246,2.06794,0,1.38551,2.1168,9.06595e+06,3.9903e+06,1.84262e+07,0,0,0,0
85.139,85.139,4.57675,0.35,0.04,3.46941,3.52998,0,0.650075,6.048,4.3624e+06,2.98533e+06,1.5135e+07,0,0,0,0,99.0723,98.274,4.08193,1,1,2.03275,2.06824,0,1.57028,2.1168,9.06595e+06,3.9903e+06,1.84288e+07,0,0,0,0
85.139,85.139,4.29701,0.32,0.04,3.46991,3.53048,0,0.650168,6.048,4.3624e+06,2.98533e+06,1.51371e+07,0,0,0,0,98.9706,98.274,3.8394,1,1,2.03304,2.06853,0,1.5705,2.1168,9.06595e+06,3.9903e+06,1.84314e+07,0,0,0,0
85.139,85.139,3.98846,0.29,0.04,3.4704,3.53098,0,0.65026,6.048,4.3624e+06,2.98533e+06,1.51393e+07,0,0,0,0,98.8095,98.274,3.46401,1,1,2.03333,2.06883,0,1.57073,2.1168,9.06595e+06,3.9903e+06,1.84341e+07,0,0,0,0
85.139,85.139,3.7555,0.28,0.04,3.47089,3.53149,0,0.650353,6.048,4.3624e+06,2.98533e+06,1.51414e+07,0,0,0,0,98.6578,98.274,3.72271,1,1,2.03362,2.06912,0,1.57095,2.1168,9.06595e+06,3.9903e+06,1.84367e+07,0,0,0,0
85.139,85.139,4.1829,0.25,0.04,3.4403,3.50035,0,0.650445,6.048,4.3624e+06,2.98533e+06,1.50079e+07,0,0,0,0,98.6542,98.274,4.05558,1,1,2.09125,2.12775,0,1.57117,2.1168,9.06595e+06,3.9903e+06,1.89591e+07,0,0,0,0
85.139,85.139,3.97133,0.24,0.04,3.44079,3.50085,0,0.644712,6.048,4.3624e+06,2.98533e+06,1.50101e+07,0,0,0,0,98.5843,98.274,3.87185,1,1,2.09154,2.12806,0,1.6157,2.1168,9.06595e+06,3.9903e+06,1.89618e+07,0,0,0,0
85.139,85.139,3.66979,0.23,0.04,3.44128,3.50135,0,0.644803,6.048,4.3624e+06,2.98533e+06,1.50122e+07,0,0,0,0,98.4212,98.274,3.62368,1,1,2.09184,2.12836,0,1.61593,2.1168,9.06595e+06,3.9903e+06,1.89645e+07,0,0,0,0
85.1161,85.139,3.50449,0.22,0.04,3.44177,3.50185,0,0.644895,6.048,4.3624e+06,2.98533e+06,1.50144e+07,0,0,0,0,98.2422,98.274,3.3961,1,1,2.09214,2.12866,0,1.61616,2.1168,9.06595e+06,3.9903e+06,1.89672e+07,0,0,0,0
85.0185,85.139,3.45271,0.24,0.04,3.52259,3.58408,0,0.644987,6.048,4.3624e+06,2.98533e+06,1.53669e+07,0,0,0,0,97.9887,98.274,3.06312,1,1,2.1168,2.18099,0.0267667,1.61639,2.1168,9.06595e+06,3.9903e+06,1.91908e+07,0,0,0,0
85.139,85.139,4.06421,0.23,0.04,3.52309,3.58459,0,0.660133,6.048,4.3624e+06,2.98533e+06,1.53691e+07,0,0,0,0,97.9239,98.274,3.98958,1,1,2.1168,2.1813,0.0270718,1.63544,2.1168,9.06595e+06,3.9903e+06,1.91908e+07,0,0,0,0
85.139,85.139,3.6808,0.21,0.04,3.52359,3.5851,0,0.660227,6.048,4.3624e+06,2.98533e+06,1.53713e+07,0,0,0,0,97.6959,98.274,3.85347,1,1,2.1168,2.18161,0.0273766,1.63544,2.1168,9.06595e+06,3.9903e+06,1.91908e+07,0,0,0,0
84.9475,85.139,3.35092,0.21,0.04,3.52409,3.58561,0,0.660321,6.048,4.3624e+06,2.98533e+06,1.53735e+07,0,0,0,0,97.4155,98.274,3.33822,1,1,2.1168,2.18192,0.0276817,1.63544,2.1168,9.06595e+06,3.9903e+06,1.91908e+07,0,0,0,0
84.7436,85.139,3.52126,0.22,0.04,3.75999,3.82563,0,0.660415,6.048,4.3624e+06,2.98533e+06,1.64026e+07,0,0,0,0,97.2337,98.274,4.02505,1,1,2.1168,2.37011,0.212644,1.63544,2.1168,9.06595e+06,3.9903e+06,1.91908e+07,0,0,0,0
84.5694,85.139,3.53353,0.22,0.04,3.76052,3.82617,0,0.704622,6.048,4.3624e+06,2.98533e+06,1.64049e+07,0,0,0,0,97.1004,98.274,3.64504,1,1,2.1168,2.37045,0.212975,1.63544,2.1168,9.06595e+06,3.9903e+06,1.91908e+07,0,0,0,0
83.6882,85.139,2.83719,0.22,0.04,3.76106,3.82671,0,0.704722,6.048,4.3624e+06,2.98533e+06,1.64072e+07,0,0,0,0,96.7494,98.274,2.75615,1,1,2.1168,2.37078,0.213306,1.63544,2.1168,9.06595e+06,3.9903e+06,1.91908e+07,0,0,0,0
83.3966,85.139,3.40458,0.22,0.04,3.76159,3.82726,0,0.704822,6.048,4.3624e+06,2.98533e+06,1.64096e+07,0,0,0,0,96.7977,98.274,4.47294,1,1,2.1168,2.37112,0.213638,1.63544,2.1168,9.06595e+06,3.9903e+06,1.91908e+07,0,0,0,0
82.462,85.139,2.7494,0.22,0.04,3.76213,3.8278,0,0.704922,6.048,4.3624e+06,2.98533e+06,1.64119e+07,0,0,0,0,96.5648,98.274,3.34283,1,1,2.1168,2.37146,0.213969,1.63544,2.1168,9.06595e+06,3.9903e+06,1.91908e+07,0,0,0,0
81.8076,85.139,2.8996,0.22,0.04,3.64786,3.71154,0,0.705023,6.048,4.3624e+06,2.98533e+06,1.59134e+07,0,0,0,0,96.4562,98.274,4.07252,1,1,2.1168,2.25768,0.102141,1.63544,2.1168,9.06595e+06,3.9903e+06,1.91908e+07,0,0,0,0
81.4833,85.139,3.26598,0.22,0.04,3.64838,3.71207,0,0.683609,6.048,4.3624e+06,2.98533e+06,1.59157e+07,0,0,0,0,96.3748,98.274,3.85995,1,1,2.1168,2.258,0.102457,1.63544,2.1168,9.06595e+06,3.9903e+06,1.91908e+07,0,0,0,0
82.9235,85.139,5.08975,0.22,0.04,3.6489,3.7126,0,0.683706,6.048,4.3624e+06,2.98533e+06,1.59179e+07,0,0,0,0,96.8414,98.274,6.62369,1,1,2.1168,2.25832,0.102772,1.63544,2.1168,9.06595e+06,3.9903e+06,1.91908e+07,0,0,0,0
83.9574,85.139,4.8233,0.22,0.04,3.64942,3.71312,0,0.683803,6.048,4.3624e+06,2.98533e+06,1.59202e+07,0,0,0,0,97.1965,98.274,5.98133,1,1,2.1168,2.25864,0.103088,1.63544,2.1168,9.06595e+06,3.9903e+06,1.91908e+07,0,0,0,0
84.7789,85.139,4.59451,0.23,0.04,3.55565,3.61772,0,0.683901,6.048,4.3624e+06,2.98533e+06,1.55112e+07,0,0,0,0,97.479,98.274,4.85479,1,1,2.1168,2.15503,0.00125211,1.63544,2.1168,9.06595e+06,3.9903e+06,1.91908e+07,0,0,0,0
85.139,85.139,5.30037,0.24,0.04,3.55615,3.61823,0,0.666328,6.048,4.3624e+06,2.98533e+06,1.55134e+07,0,0,0,0,97.924,98.274,5.38624,1,1,2.1168,2.15533,0.00155346,1.63544,2.1168,9.06595e+06,3.9903e+06,1.91908e+07,0,0,0,0
85.139,85.139,5.18676,0.21,0.04,3.55666,3.61875,0,0.666423,6.048,4.3624e+06,2.98533e+06,1.55156e+07,0,0,0,0,98.2159,98.274,5.44616,1,1,2.1168,2.15564,0.00185457,1.63544,2.1168,9.06595e+06,3.9903e+06,1.91908e+07,0,0,0,0
85.139,85.139,5.49375,0.23,0.04,3.55716,3.61926,0,0.666518,6.048,4.3624e+06,2.98533e+06,1.55178e+07,0,0,0,0,99.3022,98.274,7.52614,1,1,2.1168,2.15595,0.00215568,1.63544,2.1168,9.06595e+06,3.9903e+06,1.91908e+07,0,0,0,0
85.139,85.139,4.57065,0.23,0.04,3.28974,3.34717,0,0.666613,6.048,4.3624e+06,2.98533e+06,1.43511e+07,0,0,0,0,99.3022,98.274,6.31858,1,1,1.90638,1.93966,0,1.63544,2.1168,9.06595e+06,3.9903e+06,1.72832e+07,0,0,0,0
85.139,85.139,5.18302,0.23,0.04,3.2902,3.34764,0,0.616497,6.048,4.3624e+06,2.98533e+06,1.43532e+07,0,0,0,0,99.3022,98.274,5.95535,1,1,1.90666,1.93994,0,1.47287,2.1168,9.06595e+06,3.9903e+06,1.72856e+07,0,0,0,0
85.139,85.139,4.87182,0.24,0.04,3.29067,3.34812,0,0.616584,6.048,4.3624e+06,2.98533e+06,1.43552e+07,0,0,0,0,99.3022,98.274,5.44745,1,1,1.90693,1.94022,0,1.47308,2.1168,9.06595e+06,3.9903e+06,1.72881e+07,0,0,0,0
85.139,85.139,7.32693,0.25,0.04,3.29114,3.34859,0,0.616672,6.048,4.3624e+06,2.98533e+06,1.43573e+07,0,0,0,0,99.3022,98.274,5.83883,1,1,1.9072,1.94049,0,1.47329,2.1168,9.06595e+06,3.9903e+06,1.72906e+07,0,0,0,0
85.139,85.139,9.58133,0.26,0.04,3.29161,3.34907,0,0.61676,6.048,4.3624e+06,2.98533e+06,1.43593e+07,0,0,0,0,99.3022,98.274,7.10809,1,1,1.90747,1.94077,0,1.4735,2.1168,9.06595e+06,3.9903e+06,1.7293e+07,0,0,0,0
85.139,85.139,13.8128,0.28,0.04,3.39519,3.45446,0,0.616847,6.048,4.3624e+06,2.98533e+06,1.48112e+07,0,0,0,0,99.3022,98.274,23.4537,1,1,1.96941,2.00379,0,1.47371,2.1168,9.06595e+06,3.9903e+06,1.78546e+07,0,0,0,0
85.139,85.139,13.5,0.28,0.04,3.39564,3.45491,0,0.636258,6.048,4.3624e+06,2.98533e+06,1.48131e+07,0,0,0,0,99.3022,98.274,23.3361,1,1,1.96967,2.00406,0,1.52157,2.1168,9.06595e+06,3.9903e+06,1.7857e+07,0,0,0,0
85.139,85.139,9.1796,0.3,0.04,3.39608,3.45537,0,0.636342,6.048,4.3624e+06,2.98533e+06,1.48151e+07,0,0,0,0,99.3022,98.274,12.6706,1,1,1.96993,2.00432,0,1.52177,2.1168,9.06595e+06,3.9903e+06,1.78593e+07,0,0,0,0
85.139,85.139,8.30694,0.3,0.04,3.39653,3.45583,0,0.636426,6.048,4.3624e+06,2.98533e+06,1.4817e+07,0,0,0,0,99.3022,98.274,10.4169,1,1,1.97019,2.00459,0,1.52197,2.1168,9.06595e+06,3.9903e+06,1.78617e+07,0,0,0,0
85.139,85.139,14.8598,0.32,0.04,3.72831,3.7934,0,0.63651,6.048,4.3624e+06,2.98533e+06,1.62644e+07,0,0,0,0,99.3022,98.274,19.9848,1,1,2.1168,2.24058,0.0853365,1.52217,2.1168,9.06595e+06,3.9903e+06,1.91908e+07,0,0,0,0
85.139,85.139,15.2112,0.34,0.04,3.72881,3.7939,0,0.698686,6.048,4.3624e+06,2.98533e+06,1.62665e+07,0,0,0,0,99.3022,98.274,28.8052,1,1,2.1168,2.24088,0.0856273,1.63544,2.1168,9.06595e+06,3.9903e+06,1.91908e+07,0,0,0,0
85.139,85.139,22.6345,0.33,0.04,3.7293,3.7944,0,0.698778,6.048,4.3624e+06,2.98533e+06,1.62687e+07,0,0,0,0,99.3022,98.274,36.3008,1,1,2.1168,2.24117,0.0859181,1.63544,2.1168,9.06595e+06,3.9903e+06,1.91908e+07,0,0,0,0
85.139,85.139,14.0719,0.34,0.04,3.72979,3.7949,0,0.698871,6.048,4.3624e+06,2.98533e+06,1.62708e+07,0,0,0,0,99.3022,98.274,27.2756,1,1,2.1168,2.24147,0.0862089,1.63544,2.1168,9.06595e+06,3.9903e+06,1.91908e+07,0,0,0,0
85.139,85.139,9.77523,0.35,0.04,3.25745,3.31431,0,0.698963,6.048,4.3624e+06,2.98533e+06,1.42103e+07,0,0,0,0,99.3022,98.274,14.7633,1,1,1.89221,1.92525,0,1.63544,2.1168,9.06595e+06,3.9903e+06,1.71547e+07,0,0,0,0
85.139,85.139,6.79576,0.38,0.04,3.25788,3.31475,0,0.610445,6.048,4.3624e+06,2.98533e+06,1.42122e+07,0,0,0,0,99.3022,98.274,15.0604,1,1,1.89246,1.9255,0,1.46192,2.1168,9.06595e+06,3.9903e+06,1.7157e+07,0,0,0,0
85.139,85.139,6.92256,0.42,0.04,3.03078,3.31519,0,0.610526,6.048,4.3624e+06,2.98533e+06,1.32215e+07,0,0,0,0,99.3022,98.274,14.3182,1,1,1.76055,1.92575,0,1.46212,2.1168,9.06595e+06,3.9903e+06,1.5961e+07,0,0,0,0
85.139,85.139,6.29304,0.47,0.04,3.03118,3.31562,0,0.567969,6.048,4.3624e+06,2.98533e+06,1.32232e+07,0,0,0,0,99.3022,98.274,13.1961,1,1,1.76078,1.92601,0,1.3602,2.1168,9.06595e+06,3.9903e+06,1.59632e+07,0,0,0,0
85.139,85.139,7.04864,0.51,0.04,3.03158,3.31606,0,0.568044,6.048,4.3624e+06,2.98533e+06,1.3225e+07,0,0,0,0,99.3022,98.274,12.3942,1,1,1.76101,1.92626,0,1.36038,2.1168,9.06595e+06,3.9903e+06,1.59653e+07,0,0,0,0
85.139,85.139,5.35436,0.52,0.04,3.14277,3.43768,0,0.568119,6.048,4.3624e+06,2.98533e+06,1.371e+07,0,0,0,0,99.3022,98.274,9.01534,1,1,1.83208,2.004,0,1.36056,2.1168,9.06595e+06,3.9903e+06,1.66096e+07,0,0,0,0
85.139,85.139,5.15805,0.53,0.04,3.14318,3.43813,0,0.588954,6.048,4.3624e+06,2.98533e+06,1.37118e+07,0,0,0,0,99.3022,98.274,8.98189,1,1,1.83232,2.00426,0,1.41547,2.1168,9.06595e+06,3.9903e+06,1.66118e+07,0,0,0,0
85.139,85.139,6.44078,0.54,0.04,3.1436,3.43858,0,0.589032,6.048,4.3624e+06,2.98533e+06,1.37136e+07,0,0,0,0,99.3022,98.274,11.0656,1,1,1.83256,2.00453,0,1.41565,2.1168,9.06595e+06,3.9903e+06,1.66139e+07,0,0,0,0
85.139,85.139,7.10571,0.52,0.04,3.14401,3.43904,0,0.58911,6.048,4.3624e+06,2.98533e+06,1.37154e+07,0,0,0,0,99.3022,98.274,13.6309,1,1,1.83281,2.00479,0,1.41584,2.1168,9.06595e+06,3.9903e+06,1.66161e+07,0,0,0,0
85.139,85.139,7.05413,0.51,0.04,3.10109,3.39209,0,0.589188,6.048,4.3624e+06,2.98533e+06,1.35282e+07,0,0,0,0,99.3022,98.274,11.0626,1,1,1.80552,1.97495,0,1.41603,2.1168,9.06595e+06,3.9903e+06,1.63688e+07,0,0,0,0
85.139,85.139,5.58014,0.51,0.04,3.1015,3.39253,0,0.581144,6.048,4.3624e+06,2.98533e+06,1.353e+07,0,0,0,0,99.3022,98.274,9.06805,1,1,1.80576,1.97521,0,1.39495,2.1168,9.06595e+06,3.9903e+06,1.63709e+07,0,0,0,0
85.139,85.139,4.95335,0.48,0.04,3.10191,3.39298,0,0.58122,6.048,4.3624e+06,2.98533e+06,1.35317e+07,0,0,0,0,99.3022,98.274,7.96328,1,1,1.806,1.97547,0,1.39513,2.1168,9.06595e+06,3.9903e+06,1.63731e+07,0,0,0,0
85.139,85.139,4.54154,0.46,0.04,3.10231,3.39343,0,0.581297,6.048,4.3624e+06,2.98533e+06,1.35335e+07,0,0,0,0,99.3022,98.274,7.3374,1,1,1.80624,1.97573,0,1.39531,2.1168,9.06595e+06,3.9903e+06,1.63753e+07,0,0,0,0
85.139,85.139,4.34179,0.42,0.04,3.24991,3.55487,0,0.581374,6.048,4.3624e+06,2.98533e+06,1.41774e+07,0,0,0,0,99.3022,98.274,7.33761,1,1,1.90414,2.08282,0,1.3955,2.1168,9.06595e+06,3.9903e+06,1.72629e+07,0,0,0,0
85.139,85.139,4.58878,0.4,0.04,3.25034,3.55534,0,0.609033,6.048,4.3624e+06,2.98533e+06,1.41793e+07,0,0,0,0,99.3022,98.274,7.28161,1,1,1.90439,2.0831,0,1.47114,2.1168,9.06595e+06,3.9903e+06,1.72651e+07,0,0,0,0
85.139,85.139,4.32334,0.36,0.04,3.4948,3.55581,0,0.609113,6.048,4.3624e+06,2.98533e+06,1.52457e+07,0,0,0,0,99.3022,98.274,6.3007,1,1,2.04763,2.08337,0,1.47133,2.1168,9.06595e+06,3.9903e+06,1.85637e+07,0,0,0,0
85.139,85.139,4.15179,0.3,0.04,3.49526,3.55628,0,0.654926,6.048,4.3624e+06,2.98533e+06,1.52477e+07,0,0,0,0,99.3022,98.274,5.88338,1,1,2.0479,2.08365,0,1.582,2.1168,9.06595e+06,3.9903e+06,1.85661e+07,0,0,0,0
85.139,85.139,3.8125,0.29,0.04,3.49572,3.55675,0,0.655012,6.048,4.3624e+06,2.98533e+06,1.52497e+07,0,0,0,0,99.3022,98.274,5.88375,1,1,2.04817,2.08392,0,1.58221,2.1168,9.06595e+06,3.9903e+06,1.85686e+07,0,0,0,0
84.5784,85.139,3.03246,0.26,0.04,3.46487,3.52536,0,0.655099,6.048,4.3624e+06,2.98533e+06,1.51152e+07,0,0,0,0,99.3022,98.274,5.65339,1,1,2.10618,2.14295,0,1.58241,2.1168,9.06595e+06,3.9903e+06,1.90946e+07,0,0,0,0
83.7385,85.139,2.73368,0.3,0.04,3.46533,3.52582,0,0.649317,6.048,4.3624e+06,2.98533e+06,1.51171e+07,0,0,0,0,99.3022,98.274,5.42243,1,1,2.10646,2.14324,0,1.62724,2.1168,9.06595e+06,3.9903e+06,1.90971e+07,0,0,0,0
82.7395,85.139,2.55282,0.27,0.04,3.46579,3.52629,0,0.649403,6.048,4.3624e+06,2.98533e+06,1.51191e+07,0,0,0,0,99.3022,98.274,4.91248,1,1,2.10674,2.14352,0,1.62745,2.1168,9.06595e+06,3.9903e+06,1.90996e+07,0,0,0,0
81.6741,85.139,2.46105,0.26,0.04,3.46624,3.52675,0,0.649488,6.048,4.3624e+06,2.98533e+06,1.51211e+07,0,0,0,0,99.3022,98.274,4.69114,1,1,2.10702,2.1438,0,1.62767,2.1168,9.06595e+06,3.9903e+06,1.91021e+07,0,0,0,0
80.397,85.139,2.30148,0.24,0.04,3.54761,3.60954,0,0.649574,6.048,4.3624e+06,2.98533e+06,1.54761e+07,0,0,0,0,99.3022,98.274,4.1328,1,1,2.1168,2.19648,0.0419888,1.62788,2.1168,9.06595e+06,3.9903e+06,1.91908e+07,0,0,0,0
78.8865,85.139,2.02735,0.23,0.04,3.54807,3.61001,0,0.664821,6.048,4.3624e+06,2.98533e+06,1.54781e+07,0,0,0,0,99.3022,98.274,3.81701,1,1,2.1168,2.19676,0.0422733,1.63544,2.1168,9.06595e+06,3.9903e+06,1.91908e+07,0,0,0,0
77.2442,85.139,1.87894,0.24,0.04,3.54854,3.61049,0,0.664909,6.048,4.3624e+06,2.98533e+06,1.54801e+07,0,0,0,0,99.3022,98.274,3.40509,1,1,2.1168,2.19705,0.042558,1.63544,2.1168,9.06595e+06,3.9903e+06,1.91908e+07,0,0,0,0
75.6582,85.139,1.91169,0.23,0.04,3.54901,3.61096,0,0.664997,6.048,4.3624e+06,2.98533e+06,1.54822e+07,0,0,0,0,99.3022,98.274,3.87909,1,1,2.1168,2.19734,0.0428427,1.63544,2.1168,9.06595e+06,3.9903e+06,1.91908e+07,0,0,0,0
73.9729,85.139,1.98695,0.22,0.04,3.78653,3.85263,0,0.665084,6.048,4.3624e+06,2.98533e+06,1.65184e+07,0,0,0,0,99.3022,98.274,4.09592,1,1,2.1168,2.38684,0.229088,1.63544,2.1168,9.06595e+06,3.9903e+06,1.91908e+07,0,0,0,0
71.6051,85.139,1.26676,0.22,0.04,3.78703,3.85314,0,0.709596,6.048,4.3624e+06,2.98533e+06,1.65205e+07,0,0,0,0,99.2471,98.274,4.00789,1,1,2.1168,2.38716,0.229397,1.63544,2.1168,9.06595e+06,3.9903e+06,1.91908e+07,0,0,0,0
69.2836,85.139,1.28288,0.26,0.04,3.78753,3.85365,0,0.709689,6.048,4.3624e+06,2.98533e+06,1.65227e+07,0,0,0,0,99.1524,98.274,3.87031,1,1,2.1168,2.38747,0.229707,1.63544,2.1168,9.06595e+06,3.9903e+06,1.91908e+07,0,0,0,0
67.5623,85.139,1.8921,0.26,0.04,3.78803,3.85416,0,0.709783,6.048,4.3624e+06,2.98533e+06,1.65249e+07,0,0,0,0,99.2243,98.274,4.59817,1,1,2.1168,2.38778,0.230016,1.63544,2.1168,9.06595e+06,3.9903e+06,1.91908e+07,0,0,0,0
66.5924,85.139,2.70377,0.31,0.04,3.78853,3.85466,0,0.709877,6.048,4.3624e+06,2.98533e+06,1.65271e+07,0,0,0,0,99.3022,98.274,5.09913,1,1,2.1168,2.3881,0.230325,1.63544,2.1168,9.06595e+06,3.9903e+06,1.91908e+07,0,0,0,0
64.5883,85.139,1.56419,0.3,0.04,3.67342,3.73755,0,0.70997,6.048,4.3624e+06,2.98533e+06,1.60249e+07,0,0,0,0,99.3022,98.274,4.71063,1,1,2.1168,2.2735,0.117689,1.63544,2.1168,9.06595e+06,3.9903e+06,1.91908e+07,0,0,0,0
62.417,85.139,1.37417,0.3,0.04,3.6739,3.73804,0,0.688399,6.048,4.3624e+06,2.98533e+06,1.6027e+07,0,0,0,0,99.3022,98.274,4.67388,1,1,2.1168,2.2738,0.117984,1.63544,2.1168,9.06595e+06,3.9903e+06,1.91908e+07,0,0,0,0
60.0256,85.139,1.09012,0.33,0.04,3.67439,3.73853,0,0.68849,6.048,4.3624e+06,2.98533e+06,1.60291e+07,0,0,0,0,99.155,98.274,4.07166,1,1,2.1168,2.2741,0.118278,1.63544,2.1168,9.06595e+06,3.9903e+06,1.91908e+07,0,0,0,0
57.9369,85.139,1.35086,0.35,0.04,3.67487,3.73902,0,0.68858,6.048,4.3624e+06,2.98533e+06,1.60313e+07,0,0,0,0,99.0153,98.274,4.33945,1,1,2.1168,2.2744,0.118573,1.63544,2.1168,9.06595e+06,3.9903e+06,1.91908e+07,0,0,0,0
59.5457,85.139,5.12173,0.36,0.04,3.58041,3.64292,0,0.688671,6.048,4.3624e+06,2.98533e+06,1.56192e+07,0,0,0,0,99.3022,98.274,9.13331,1,1,2.1168,2.17004,0.0160045,1.63544,2.1168,9.06595e+06,3.9903e+06,1.91908e+07,0,0,0,0
60.0878,85.139,4.29463,0.35,0.04,3.58089,3.6434,0,0.670969,6.048,4.3624e+06,2.98533e+06,1.56212e+07,0,0,0,0,99.3022,98.274,9.23312,1,1,2.1168,2.17032,0.0162854,1.63544,2.1168,9.06595e+06,3.9903e+06,1.91908e+07,0,0,0,0
61.8089,85.139,5.53051,0.36,0.04,3.58136,3.64388,0,0.671058,6.048,4.3624e+06,2.98533e+06,1.56233e+07,0,0,0,0,99.3022,98.274,9.78653,1,1,2.1168,2.17061,0.0165666,1.63544,2.1168,9.06595e+06,3.9903e+06,1.91908e+07,0,0,0,0
64.4904,85.139,6.55057,0.38,0.04,3.58183,3.64436,0,0.671146,6.048,4.3624e+06,2.98533e+06,1.56254e+07,0,0,0,0,99.3022,98.274,11.1758,1,1,2.1168,2.17089,0.0168476,1.63544,2.1168,9.06595e+06,3.9903e+06,1.91908e+07,0,0,0,0
65.7972,85.139,4.81458,0.34,0.04,3.31251,3.37034,0,0.671235,6.048,4.3624e+06,2.98533e+06,1.44505e+07,0,0,0,0,99.3022,98.274,8.23586,1,1,1.91958,1.95309,0,1.63544,2.1168,9.06595e+06,3.9903e+06,1.74028e+07,0,0,0,0
70.8207,85.139,8.64086,0.36,0.04,3.31295,3.37078,0,0.620765,6.048,4.3624e+06,2.98533e+06,1.44524e+07,0,0,0,0,99.3022,98.274,13.961,1,1,1.91984,1.95335,0,1.48307,2.1168,9.06595e+06,3.9903e+06,1.74051e+07,0,0,0,0
80.0132,85.139,13.3891,0.35,0.04,3.31339,3.37123,0,0.620847,6.048,4.3624e+06,2.98533e+06,1.44543e+07,0,0,0,0,99.3022,98.274,13.8073,1,1,1.92009,1.95361,0,1.48327,2.1168,9.06595e+06,3.9903e+06,1.74074e+07,0,0,0,0
85.139,85.139,16.595,0.31,0.04,3.31382,3.37167,0,0.620928,6.048,4.3624e+06,2.98533e+06,1.44562e+07,0,0,0,0,99.3022,98.274,16.9518,1,1,1.92034,1.95387,0,1.48346,2.1168,9.06595e+06,3.9903e+06,1.74097e+07,0,0,0,0
85.139,85.139,10.6743,0.28,0.04,3.31426,3.37212,0,0.62101,6.048,4.3624e+06,2.98533e+06,1.44581e+07,0,0,0,0,99.3022,98.274,11.4378,1,1,1.92059,1.95412,0,1.48366,2.1168,9.06595e+06,3.9903e+06,1.7412e+07,0,0,0,0
85.139,85.139,6.27227,0.3,0.04,3.31426,3.37212,0,0.621092,6.048,4.3624e+06,2.98533e+06,1.44581e+07,0,0,0,0,99.3022,98.274,7.78539,1,1,1.92059,1.95412,0,1.48385,2.1168,9.06595e+06,3.9903e+06,1.7412e+07,0,0,0,0
85.139,85.139,4.86927,0.3,0.06,3.41852,3.47819,0,0.621092,6.048,4.3624e+06,2.98533e+06,1.49129e+07,0,0,0,0,99.3022,98.274,6.47175,1,1,1.98294,2.01756,0,1.48385,2.1168,9.06595e+06,3.9903e+06,1.79773e+07,0,0,0,0
85.139,85.139,4.00203,0.31,0.06,3.41893,3.47862,0,0.64063,6.048,4.3624e+06,2.98533e+06,1.49147e+07,0,0,0,0,99.3022,98.274,5.01419,1,1,1.98319,2.01781,0,1.53202,2.1168,9.06595e+06,3.9903e+06,1.79795e+07,0,0,0,0
85.139,85.139,5.1445,0.32,0.06,3.41935,3.47904,0,0.640708,6.048,4.3624e+06,2.98533e+06,1.49166e+07,0,0,0,0,99.3022,98.274,5.49036,1,1,1.98343,2.01805,0,1.53221,2.1168,9.06595e+06,3.9903e+06,1.79817e+07,0,0,0,0
84.7179,85.139,3.44161,0.33,0.06,3.41977,3.47946,0,0.640786,6.048,4.3624e+06,2.98533e+06,1.49184e+07,0,0,0,0,99.3022,98.274,4.57043,1,1,1.98367,2.0183,0,1.5324,2.1168,9.06595e+06,3.9903e+06,1.79839e+07,0,0,0,0
84.238,85.139,3.43145,0.41,0.06,3.49166,3.81931,0,0.640864,6.048,4.3624e+06,2.98533e+06,1.5232e+07,0,0,0,0,99.3022,98.274,4.55875,1,1,2.06235,2.25588,0,1.53258,2.1168,9.06595e+06,3.9903e+06,1.86972e+07,0,0,0,0
85.0702,85.139,4.9406,0.42,0.06,3.49208,3.81977,0,0.654337,6.048,4.3624e+06,2.98533e+06,1.52339e+07,0,0,0,0,99.3022,98.274,5.37391,1,1,2.06261,2.25616,0,1.59338,2.1168,9.06595e+06,3.9903e+06,1.86995e+07,0,0,0,0
84.342,85.139,3.19238,0.43,0.06,3.49251,3.82024,0,0.654416,6.048,4.3624e+06,2.98533e+06,1.52357e+07,0,0,0,0,99.3022,98.274,4.2685,1,1,2.06286,2.25643,0,1.59357,2.1168,9.06595e+06,3.9903e+06,1.87018e+07,0,0,0,0
84.6737,85.139,4.30763,0.48,0.06,3.49293,3.8207,0,0.654496,6.048,4.3624e+06,2.98533e+06,1.52376e+07,0,0,0,0,99.3022,98.274,5.04921,1,1,2.06311,2.25671,0,1.59376,2.1168,9.06595e+06,3.9903e+06,1.8704e+07,0,0,0,0
85.139,85.139,6.85291,0.5,0.06,3.05055,3.33681,0,0.654576,6.048,4.3624e+06,2.98533e+06,1.33077e+07,0,0,0,0,99.3022,98.274,7.27874,1,1,1.77203,1.93832,0,1.59396,2.1168,9.06595e+06,3.9903e+06,1.60652e+07,0,0,0,0
85.139,85.139,5.74543,0.46,0.06,3.05093,3.33722,0,0.571674,6.048,4.3624e+06,2.98533e+06,1.33094e+07,0,0,0,0,99.3022,98.274,6.37159,1,1,1.77225,1.93855,0,1.36907,2.1168,9.06595e+06,3.9903e+06,1.60671e+07,0,0,0,0
85.139,85.139,5.8938,0.47,0.06,3.0513,3.33762,0,0.571743,6.048,4.3624e+06,2.98533e+06,1.3311e+07,0,0,0,0,99.3022,98.274,6.89935,1,1,1.77246,1.93879,0,1.36924,2.1168,9.06595e+06,3.9903e+06,1.60691e+07,0,0,0,0
85.139,85.139,7.88306,0.52,0.06,3.05167,3.33803,0,0.571813,6.048,4.3624e+06,2.98533e+06,1.33126e+07,0,0,0,0,99.3022,98.274,7.60782,1,1,1.77268,1.93902,0,1.36941,2.1168,9.06595e+06,3.9903e+06,1.6071e+07,0,0,0,0
85.139,85.139,4.50107,0.52,0.06,3.05204,3.33844,0,0.571883,6.048,4.3624e+06,2.98533e+06,1.33142e+07,0,0,0,0,99.3022,98.274,5.7458,1,1,1.7729,1.93926,0,1.36957,2.1168,9.06595e+06,3.9903e+06,1.6073e+07,0,0,0,0
85.139,85.139,4.40611,0.55,0.06,3.16394,3.46084,0,0.571952,6.048,4.3624e+06,2.98533e+06,1.38024e+07,0,0,0,0,99.3022,98.274,5.41791,1,1,1.84442,2.0175,0,1.36974,2.1168,9.06595e+06,3.9903e+06,1.67215e+07,0,0,0,0
85.0705,85.139,3.53422,0.56,0.06,3.16433,3.46126,0,0.592922,6.048,4.3624e+06,2.98533e+06,1.3804e+07,0,0,0,0,99.3022,98.274,4.82131,1,1,1.84465,2.01775,0,1.425,2.1168,9.06595e+06,3.9903e+06,1.67235e+07,0,0,0,0
84.9568,85.139,3.47069,0.64,0.06,3.16471,3.46168,0,0.592995,6.048,4.3624e+06,2.98533e+06,1.38057e+07,0,0,0,0,99.3022,98.274,5.05715,1,1,1.84487,2.01799,0,1.42518,2.1168,9.06595e+06,3.9903e+06,1.67255e+07,0,0,0,0
84.5673,85.139,3.18028,0.62,0.06,3.1651,3.4621,0,0.593067,6.048,4.3624e+06,2.98533e+06,1.38074e+07,0,0,0,0,99.3022,98.274,3.7199,1,1,1.8451,2.01824,0,1.42535,2.1168,9.06595e+06,3.9903e+06,1.67276e+07,0,0,0,0
83.7042,85.139,2.59665,0.63,0.06,3.12185,3.4148,0,0.593139,6.048,4.3624e+06,2.98533e+06,1.36188e+07,0,0,0,0,99.2341,98.274,2.68332,1,1,1.81761,1.98817,0,1.42552,2.1168,9.06595e+06,3.9903e+06,1.64784e+07,0,0,0,0
82.805,85.139,2.52034,0.62,0.06,3.12223,3.41522,0,0.585035,6.048,4.3624e+06,2.98533e+06,1.36204e+07,0,0,0,0,99.2047,98.274,2.89124,1,1,1.81783,1.98841,0,1.40429,2.1168,9.06595e+06,3.9903e+06,1.64804e+07,0,0,0,0
81.7475,85.139,2.34141,0.6,0.06,3.12261,3.41563,0,0.585106,6.048,4.3624e+06,2.98533e+06,1.36221e+07,0,0,0,0,99.124,98.274,2.63684,1,1,1.81805,1.98866,0,1.40446,2.1168,9.06595e+06,3.9903e+06,1.64824e+07,0,0,0,0
80.7446,85.139,2.39015,0.54,0.06,3.12299,3.41605,0,0.585178,6.048,4.3624e+06,2.98533e+06,1.36237e+07,0,0,0,0,99.0608,98.274,2.55038,1,1,1.81828,1.9889,0,1.40463,2.1168,9.06595e+06,3.9903e+06,1.64844e+07,0,0,0,0
79.3815,85.139,2.14708,0.53,0.06,3.27154,3.57853,0,0.585249,6.048,4.3624e+06,2.98533e+06,1.42717e+07,0,0,0,0,98.9587,98.274,2.49565,1,1,1.91681,2.09668,0,1.4048,2.1168,9.06595e+06,3.9903e+06,1.73777e+07,0,0,0,0
77.8268,85.139,1.87995,0.6,0.06,3.27193,3.57897,0,0.613086,6.048,4.3624e+06,2.98533e+06,1.42735e+07,0,0,0,0,98.7241,98.274,2.30983,1,1,1.91705,2.09694,0,1.48093,2.1168,9.06595e+06,3.9903e+06,1.73799e+07,0,0,0,0
76.2166,85.139,1.79687,0.56,0.06,3.27233,3.5794,0,0.613161,6.048,4.3624e+06,2.98533e+06,1.42752e+07,0,0,0,0,98.5167,98.274,2.33742,1,1,1.91728,2.09719,0,1.48111,2.1168,9.06595e+06,3.9903e+06,1.7382e+07,0,0,0,0
74.545,85.139,1.71471,0.49,0.06,3.27273,3.57984,0,0.613235,6.048,4.3624e+06,2.98533e+06,1.4277e+07,0,0,0,0,98.3126,98.274,2.26327,1,1,1.91751,2.09745,0,1.48129,2.1168,9.06595e+06,3.9903e+06,1.73841e+07,0,0,0,0
72.6622,85.139,1.46205,0.44,0.06,3.27313,3.58027,0,0.61331,6.048,4.3624e+06,2.98533e+06,1.42787e+07,0,0,0,0,98.1028,98.274,2.35093,1,1,1.91775,2.09771,0,1.48147,2.1168,9.06595e+06,3.9903e+06,1.73862e+07,0,0,0,0
70.7464,85.139,1.32991,0.5,0.06,3.24421,3.54864,0,0.613384,6.048,4.3624e+06,2.98533e+06,1.41525e+07,0,0,0,0,97.799,98.274,2.37842,1,1,1.97205,2.1571,0,1.48165,2.1168,9.06595e+06,3.9903e+06,1.78785e+07,0,0,0,0
68.805,85.139,1.2645,0.44,0.06,3.2446,3.54907,0,0.607965,6.048,4.3624e+06,2.98533e+06,1.41543e+07,0,0,0,0,97.4538,98.274,2.31144,1,1,1.97229,2.15737,0,1.52361,2.1168,9.06595e+06,3.9903e+06,1.78807e+07,0,0,0,0
66.8577,85.139,1.23886,0.41,0.06,3.245,3.5495,0,0.608039,6.048,4.3624e+06,2.98533e+06,1.4156e+07,0,0,0,0,97.0682,98.274,2.2371,1,1,1.97253,2.15763,0,1.52379,2.1168,9.06595e+06,3.9903e+06,1.78829e+07,0,0,0,0
64.8516,85.139,1.15382,0.46,0.06,3.24539,3.54993,0,0.608113,6.048,4.3624e+06,2.98533e+06,1.41577e+07,0,0,0,0,96.6515,98.274,2.14836,1,1,1.97277,2.15789,0,1.52398,2.1168,9.06595e+06,3.9903e+06,1.7885e+07,0,0,0,0
62.8088,85.139,1.1555,0.42,0.06,3.32154,3.63322,0,0.608187,6.048,4.3624e+06,2.98533e+06,1.44899e+07,0,0,0,0,96.1514,98.274,1.98463,1,1,2.02122,2.21089,0,1.52416,2.1168,9.06595e+06,3.9903e+06,1.83243e+07,0,0,0,0
60.4498,85.139,1.0105,0.37,0.06,3.57132,3.63367,0,0.622456,6.048,4.3624e+06,2.98533e+06,1.55795e+07,0,0,0,0,95.573,98.274,1.83459,1,1,2.1168,2.21116,0.0564209,1.5616,2.1168,9.06595e+06,3.9903e+06,1.91908e+07,0,0,0,0
58.2433,85.139,0.93208,0.49,0.06,3.32235,3.63411,0,0.669266,6.048,4.3624e+06,2.98533e+06,1.44934e+07,0,0,0,0,95.0485,98.274,1.75724,1,1,2.02171,2.21143,0,1.63544,2.1168,9.06595e+06,3.9903e+06,1.83288e+07,0,0,0,0
55.9325,85.139,0.781619,0.44,0.06,3.32275,3.63455,0,0.622608,6.048,4.3624e+06,2.98533e+06,1.44952e+07,0,0,0,0,94.5089,98.274,1.74106,1,1,2.02196,2.2117,0,1.56198,2.1168,9.06595e+06,3.9903e+06,1.8331e+07,0,0,0,0
53.265,85.139,0.57297,0.52,0.06,3.54509,3.87776,0,0.622683,6.048,4.3624e+06,2.98533e+06,1.54651e+07,0,0,0,0,93.8091,98.274,1.65751,1,1,2.1168,2.40241,0.0795096,1.56217,2.1168,9.06595e+06,3.9903e+06,1.91908e+07,0,0,0,0
50.5872,85.139,0.514929,0.48,0.06,3.54553,3.87823,0,0.664351,6.048,4.3624e+06,2.98533e+06,1.5467e+07,0,0,0,0,93.1694,98.274,1.55131,1,1,2.1168,2.4027,0.0797766,1.63544,2.1168,9.06595e+06,3.9903e+06,1.91908e+07,0,0,0,0
48.1383,85.139,0.698734,0.54,0.06,3.54596,3.8787,0,0.664431,6.048,4.3624e+06,2.98533e+06,1.54689e+07,0,0,0,0,92.5621,98.274,1.75075,1,1,2.1168,2.40299,0.0800438,1.63544,2.1168,9.06595e+06,3.9903e+06,1.91908e+07,0,0,0,0
46.0172,85.139,1.02646,0.53,0.06,3.54639,3.87917,0,0.664512,6.048,4.3624e+06,2.98533e+06,1.54708e+07,0,0,0,0,92.0688,98.274,2.03431,1,1,2.1168,2.40328,0.080311,1.63544,2.1168,9.06595e+06,3.9903e+06,1.91908e+07,0,0,0,0
43.9652,85.139,1.05772,0.52,0.06,3.54682,3.87965,0,0.664593,6.048,4.3624e+06,2.98533e+06,1.54726e+07,0,0,0,0,91.5876,98.274,2.04087,1,1,2.1168,2.40358,0.0805782,1.63544,2.1168,9.06595e+06,3.9903e+06,1.91908e+07,0,0,0,0
41.8329,85.139,0.862298,0.61,0.06,3.43902,3.76173,0,0.664674,6.048,4.3624e+06,2.98533e+06,1.50024e+07,0,0,0,0,91.1965,98.274,2.29654,1,1,2.09191,2.28821,0,1.63544,2.1168,9.06595e+06,3.9903e+06,1.89651e+07,0,0,0,0
39.9128,85.139,1.03152,0.62,0.06,3.43944,3.76219,0,0.644472,6.048,4.3624e+06,2.98533e+06,1.50042e+07,0,0,0,0,91.0744,98.274,3.2441,1,1,2.09216,2.28849,0,1.61621,2.1168,9.06595e+06,3.9903e+06,1.89674e+07,0,0,0,0
37.978,85.139,0.957389,0.6,0.06,3.43986,3.76265,0,0.644551,6.048,4.3624e+06,2.98533e+06,1.5006e+07,0,0,0,0,90.8377,98.274,3.03738,1,1,2.09242,2.28876,0,1.6164,2.1168,9.06595e+06,3.9903e+06,1.89697e+07,0,0,0,0
36.1947,85.139,1.05707,0.7,0.06,3.44027,3.7631,0,0.644629,6.048,4.3624e+06,2.98533e+06,1.50078e+07,0,0,0,0,90.8299,98.274,4.04618,1,1,2.09267,2.28904,0,1.6166,2.1168,9.06595e+06,3.9903e+06,1.89721e+07,0,0,0,0
34.8132,85.139,1.36426,0.71,0.06,3.35181,3.66634,0,0.644708,6.048,4.3624e+06,2.98533e+06,1.46219e+07,0,0,0,0,90.7927,98.274,3.14,1,1,1.99663,2.18399,0,1.6168,2.1168,9.06595e+06,3.9903e+06,1.81013e+07,0,0,0,0
34.0427,85.139,1.99623,0.72,0.06,3.35222,3.66679,0,0.62813,6.048,4.3624e+06,2.98533e+06,1.46237e+07,0,0,0,0,91.2321,98.274,5.01851,1,1,1.99687,2.18425,0,1.5426,2.1168,9.06595e+06,3.9903e+06,1.81036e+07,0,0,0,0
35.143,85.139,3.91817,0.76,0.06,3.35263,3.66723,0,0.628206,6.048,4.3624e+06,2.98533e+06,1.46255e+07,0,0,0,0,92.5473,98.274,6.75052,1,1,1.99712,2.18452,0,1.54278,2.1168,9.06595e+06,3.9903e+06,1.81058e+07,0,0,0,0
36.3352,85.139,4.05315,0.72,0.06,3.35303,3.66768,0,0.628282,6.048,4.3624e+06,2.98533e+06,1.46273e+07,0,0,0,0,93.4034,98.274,6.28021,1,1,1.99736,2.18479,0,1.54297,2.1168,9.06595e+06,3.9903e+06,1.8108e+07,0,0,0,0
38.6634,85.139,5.09642,0.72,0.06,3.10089,3.39187,0,0.628359,6.048,4.3624e+06,2.98533e+06,1.35273e+07,0,0,0,0,94.1888,98.274,5.19132,1,1,1.79695,1.96557,0,1.54316,2.1168,9.06595e+06,3.9903e+06,1.62911e+07,0,0,0,0
40.4945,85.139,4.7035,0.72,0.06,3.10127,3.39228,0,0.581107,6.048,4.3624e+06,2.98533e+06,1.3529e+07,0,0,0,0,94.9499,98.274,4.6573,1,1,1.79717,1.96581,0,1.38832,2.1168,9.06595e+06,3.9903e+06,1.6293e+07,0,0,0,0
41.4819,85.139,3.96751,0.69,0.06,3.10164,3.3927,0,0.581177,6.048,4.3624e+06,2.98533e+06,1.35306e+07,0,0,0,0,95.5111,98.274,5.61501,1,1,1.79739,1.96605,0,1.38849,2.1168,9.06595e+06,3.9903e+06,1.6295e+07,0,0,0,0
41.177,85.139,2.56282,0.71,0.06,3.10202,3.39311,0,0.581248,6.048,4.3624e+06,2.98533e+06,1.35323e+07,0,0,0,0,95.5606,98.274,3.11457,1,1,1.7976,1.96629,0,1.38866,2.1168,9.06595e+06,3.9903e+06,1.6297e+07,0,0,0,0
41.3512,85.139,3.11899,0.71,0.06,3.1024,3.39352,0,0.581319,6.048,4.3624e+06,2.98533e+06,1.35339e+07,0,0,0,0,95.8653,98.274,4.5693,1,1,1.79782,1.96653,0,1.38883,2.1168,9.06595e+06,3.9903e+06,1.6299e+07,0,0,0,0
43.3969,85.139,5.13929,0.72,0.06,3.19996,3.50024,0,0.581389,6.048,4.3624e+06,2.98533e+06,1.39595e+07,0,0,0,0,96.6735,98.274,6.97963,1,1,1.85617,2.03035,0,1.389,2.1168,9.06595e+06,3.9903e+06,1.68279e+07,0,0,0,0
45.6093,85.139,5.42139,0.73,0.06,3.20032,3.50063,0,0.599672,6.048,4.3624e+06,2.98533e+06,1.39611e+07,0,0,0,0,97.5588,98.274,6.52959,1,1,1.85638,2.03057,0,1.43408,2.1168,9.06595e+06,3.9903e+06,1.68298e+07,0,0,0,0
45.6723,85.139,3.11592,0.74,0.06,3.20067,3.50102,0,0.599739,6.048,4.3624e+06,2.98533e+06,1.39626e+07,0,0,0,0,97.9618,98.274,4.87284,1,1,1.85658,2.0308,0,1.43424,2.1168,9.06595e+06,3.9903e+06,1.68317e+07,0,0,0,0
45.1801,85.139,2.56919,0.74,0.06,3.20103,3.50141,0,0.599806,6.048,4.3624e+06,2.98533e+06,1.39642e+07,0,0,0,0,98.287,98.274,4.68973,1,1,1.85679,2.03103,0,1.4344,2.1168,9.06595e+06,3.9903e+06,1.68336e+07,0,0,0,0
43.6455,85.139,1.69346,0.82,0.06,3.51365,3.84336,0,0.599873,6.048,4.3624e+06,2.98533e+06,1.53279e+07,0,0,0,0,98.5535,98.274,4.2326,1,1,2.07534,2.27009,0,1.43456,2.1168,9.06595e+06,3.9903e+06,1.8815e+07,0,0,0,0
45.9296,85.139,5.6547,0.83,0.06,3.51404,3.84379,0,0.658457,6.048,4.3624e+06,2.98533e+06,1.53296e+07,0,0,0,0,99.1445,98.274,6.33331,1,1,2.07557,2.27034,0,1.60341,2.1168,9.06595e+06,3.9903e+06,1.88171e+07,0,0,0,0
45.5183,85.139,2.88954,0.81,0.06,3.51443,3.84422,0,0.658531,6.048,4.3624e+06,2.98533e+06,1.53313e+07,0,0,0,0,99.1171,98.274,3.81589,1,1,2.07581,2.2706,0,1.60359,2.1168,9.06595e+06,3.9903e+06,1.88192e+07,0,0,0,0
44.7447,85.139,2.43983,0.81,0.06,3.51482,3.84465,0,0.658604,6.048,4.3624e+06,2.98533e+06,1.53331e+07,0,0,0,0,98.9374,98.274,3.16414,1,1,2.07604,2.27085,0,1.60377,2.1168,9.06595e+06,3.9903e+06,1.88213e+07,0,0,0,0
50.9343,85.139,9.46285,0.86,0.06,3.06964,3.35769,0,0.658678,6.048,4.3624e+06,2.98533e+06,1.3391e+07,0,0,0,0,99.3022,98.274,10.7203,1,1,1.78312,1.95044,0,1.60395,2.1168,9.06595e+06,3.9903e+06,1.61657e+07,0,0,0,0
54.7444,85.139,7.01753,0.84,0.06,3.06998,3.35806,0,0.575251,6.048,4.3624e+06,2.98533e+06,1.33925e+07,0,0,0,0,99.3022,98.274,6.3812,1,1,1.78332,1.95066,0,1.37764,2.1168,9.06595e+06,3.9903e+06,1.61675e+07,0,0,0,0
59.4643,85.139,8.03861,0.83,0.06,3.07033,3.35844,0,0.575315,6.048,4.3624e+06,2.98533e+06,1.3394e+07,0,0,0,0,99.3022,98.274,7.2232,1,1,1.78352,1.95088,0,1.37779,2.1168,9.06595e+06,3.9903e+06,1.61693e+07,0,0,0,0
67.6092,85.139,11.723,0.8,0.06,3.07067,3.35881,0,0.575379,6.048,4.3624e+06,2.98533e+06,1.33955e+07,0,0,0,0,99.3022,98.274,13.3762,1,1,1.78372,1.9511,0,1.37795,2.1168,9.06595e+06,3.9903e+06,1.61711e+07,0,0,0,0
75.1066,85.139,11.2032,0.79,0.06,3.07101,3.35919,0,0.575443,6.048,4.3624e+06,2.98533e+06,1.3397e+07,0,0,0,0,99.3022,98.274,14.0332,1,1,1.78392,1.95132,0,1.3781,2.1168,9.06595e+06,3.9903e+06,1.61729e+07,0,0,0,0
78.6841,85.139,7.21591,0.7,0.06,3.18358,3.48232,0,0.575508,6.048,4.3624e+06,2.98533e+06,1.3888e+07,0,0,0,0,99.3022,98.274,8.56325,1,1,1.85587,2.03002,0,1.37825,2.1168,9.06595e+06,3.9903e+06,1.68252e+07,0,0,0,0
81.8393,85.139,6.88057,0.69,0.06,3.18393,3.48271,0,0.596602,6.048,4.3624e+06,2.98533e+06,1.38896e+07,0,0,0,0,99.3022,98.274,8.79784,1,1,1.85608,2.03025,0,1.43385,2.1168,9.06595e+06,3.9903e+06,1.68271e+07,0,0,0,0
84.3254,85.139,6.15633,0.64,0.06,3.18429,3.48309,0,0.596669,6.048,4.3624e+06,2.98533e+06,1.38911e+07,0,0,0,0,99.3022,98.274,8.59535,1,1,1.85629,2.03048,0,1.43401,2.1168,9.06595e+06,3.9903e+06,1.6829e+07,0,0,0,0
85.139,85.139,5.53949,0.63,0.06,3.18464,3.48348,0,0.596735,6.048,4.3624e+06,2.98533e+06,1.38927e+07,0,0,0,0,99.3022,98.274,7.01932,1,1,1.85649,2.0307,0,1.43417,2.1168,9.06595e+06,3.9903e+06,1.68309e+07,0,0,0,0
85.139,85.139,5.2454,0.54,0.06,3.1411,3.43586,0,0.596802,6.048,4.3624e+06,2.98533e+06,1.37027e+07,0,0,0,0,99.3022,98.274,6.01984,1,1,1.82882,2.00043,0,1.43433,2.1168,9.06595e+06,3.9903e+06,1.658e+07,0,0,0,0
85.139,85.139,4.57171,0.49,0.06,3.14145,3.43624,0,0.588642,6.048,4.3624e+06,2.98533e+06,1.37043e+07,0,0,0,0,99.3022,98.274,5.50271,1,1,1.82902,2.00066,0,1.41295,2.1168,9.06595e+06,3.9903e+06,1.65818e+07,0,0,0,0
85.139,85.139,4.08687,0.48,0.06,3.1418,3.43662,0,0.588708,6.048,4.3624e+06,2.98533e+06,1.37058e+07,0,0,0,0,99.3022,98.274,4.83182,1,1,1.82923,2.00088,0,1.4131,2.1168,9.06595e+06,3.9903e+06,1.65837e+07,0,0,0,0
85.139,85.139,3.7843,0.44,0.06,3.14215,3.43701,0,0.588774,6.048,4.3624e+06,2.98533e+06,1.37073e+07,0,0,0,0,99.3022,98.274,4.53428,1,1,1.82943,2.0011,0,1.41326,2.1168,9.06595e+06,3.9903e+06,1.65855e+07,0,0,0,0
85.139,85.139,3.70058,0.42,0.06,3.29158,3.60045,0,0.58884,6.048,4.3624e+06,2.98533e+06,1.43592e+07,0,0,0,0,99.3022,98.274,5.19884,1,1,1.92856,2.10953,0,1.41342,2.1168,9.06595e+06,3.9903e+06,1.74842e+07,0,0,0,0
84.8934,85.139,3.50753,0.37,0.06,3.53907,3.60085,0,0.616841,6.048,4.3624e+06,2.98533e+06,1.54388e+07,0,0,0,0,99.3022,98.274,4.84938,1,1,2.07356,2.10976,0,1.49,2.1168,9.06595e+06,3.9903e+06,1.87988e+07,0,0,0,0
84.725,85.139,3.31785,0.43,0.06,3.29231,3.60126,0,0.663222,6.048,4.3624e+06,2.98533e+06,1.43624e+07,0,0,0,0,99.3022,98.274,4.27596,1,1,1.92899,2.11,0,1.60204,2.1168,9.06595e+06,3.9903e+06,1.74881e+07,0,0,0,0
84.3645,85.139,3.0827,0.4,0.06,3.29268,3.60166,0,0.616979,6.048,4.3624e+06,2.98533e+06,1.4364e+07,0,0,0,0,99.3022,98.274,4.05257,1,1,1.9292,2.11023,0,1.49034,2.1168,9.06595e+06,3.9903e+06,1.74901e+07,0,0,0,0
83.6971,85.139,2.96602,0.32,0.06,3.54026,3.60206,0,0.617048,6.048,4.3624e+06,2.98533e+06,1.5444e+07,0,0,0,0,99.2518,98.274,3.38926,1,1,2.07426,2.11047,0,1.4905,2.1168,9.06595e+06,3.9903e+06,1.88051e+07,0,0,0,0
83.0336,85.139,2.93317,0.3,0.06,3.50894,3.5702,0,0.663444,6.048,4.3624e+06,2.98533e+06,1.53074e+07,0,0,0,0,99.0272,98.274,2.83546,1,1,2.1168,2.17021,0.0161734,1.60257,2.1168,9.06595e+06,3.9903e+06,1.91908e+07,0,0,0,0
82.1367,85.139,2.69297,0.27,0.06,3.50933,3.5706,0,0.657576,6.048,4.3624e+06,2.98533e+06,1.53091e+07,0,0,0,0,98.7859,98.274,2.8498,1,1,2.1168,2.17045,0.0164115,1.63544,2.1168,9.06595e+06,3.9903e+06,1.91908e+07,0,0,0,0
81.0277,85.139,2.46532,0.26,0.06,3.50973,3.57099,0,0.657649,6.048,4.3624e+06,2.98533e+06,1.53108e+07,0,0,0,0,98.5002,98.274,2.51527,1,1,2.1168,2.17069,0.0166498,1.63544,2.1168,9.06595e+06,3.9903e+06,1.91908e+07,0,0,0,0
79.8162,85.139,2.32404,0.24,0.06,3.51012,3.57139,0,0.657723,6.048,4.3624e+06,2.98533e+06,1.53125e+07,0,0,0,0,98.1295,98.274,2.46227,1,1,2.1168,2.17094,0.0168879,1.63544,2.1168,9.06595e+06,3.9903e+06,1.91908e+07,0,0,0,0
78.6323,85.139,2.3973,0.22,0.06,3.59244,3.65515,0,0.657796,6.048,4.3624e+06,2.98533e+06,1.56716e+07,0,0,0,0,97.6551,98.274,2.38537,1,1,2.1168,2.22423,0.0692698,1.63544,2.1168,9.06595e+06,3.9903e+06,1.91908e+07,0,0,0,0
77.2624,85.139,2.1948,0.23,0.06,3.59284,3.65556,0,0.673223,6.048,4.3624e+06,2.98533e+06,1.56734e+07,0,0,0,0,97.1648,98.274,2.22572,1,1,2.1168,2.22448,0.0695139,1.63544,2.1168,9.06595e+06,3.9903e+06,1.91908e+07,0,0,0,0
75.6233,85.139,1.89413,0.22,0.06,3.59324,3.65597,0,0.673298,6.048,4.3624e+06,2.98533e+06,1.56751e+07,0,0,0,0,96.6672,98.274,2.20728,1,1,2.1168,2.22473,0.0697579,1.63544,2.1168,9.06595e+06,3.9903e+06,1.91908e+07,0,0,0,0
73.7488,85.139,1.64711,0.2,0.06,3.59364,3.65638,0,0.673373,6.048,4.3624e+06,2.98533e+06,1.56769e+07,0,0,0,0,96.1548,98.274,2.13157,1,1,2.1168,2.22498,0.070002,1.63544,2.1168,9.06595e+06,3.9903e+06,1.91908e+07,0,0,0,0
71.989,85.139,1.95654,0.25,0.06,3.83407,3.901,0,0.673448,6.048,4.3624e+06,2.98533e+06,1.67258e+07,0,0,0,0,95.6818,98.274,2.14309,1,1,2.1168,2.41681,0.258542,1.63544,2.1168,9.06595e+06,3.9903e+06,1.91908e+07,0,0,0,0
70.5492,85.139,2.27054,0.24,0.06,3.8345,3.90144,0,0.718505,6.048,4.3624e+06,2.98533e+06,1.67276e+07,0,0,0,0,95.251,98.274,2.40075,1,1,2.1168,2.41708,0.258807,1.63544,2.1168,9.06595e+06,3.9903e+06,1.91908e+07,0,0,0,0
69.4659,85.139,2.60662,0.25,0.06,3.83493,3.90188,0,0.718585,6.048,4.3624e+06,2.98533e+06,1.67295e+07,0,0,0,0,94.844,98.274,2.4068,1,1,2.1168,2.41735,0.259072,1.63544,2.1168,9.06595e+06,3.9903e+06,1.91908e+07,0,0,0,0
67.7328,85.139,1.94875,0.27,0.06,3.83536,3.90231,0,0.718666,6.048,4.3624e+06,2.98533e+06,1.67314e+07,0,0,0,0,94.3662,98.274,2.20241,1,1,2.1168,2.41762,0.259337,1.63544,2.1168,9.06595e+06,3.9903e+06,1.91908e+07,0,0,0,0
66.4495,85.139,2.43017,0.29,0.06,3.83578,3.90275,0,0.718746,6.048,4.3624e+06,2.98533e+06,1.67332e+07,0,0,0,0,94.0893,98.274,3.26748,1,1,2.1168,2.41789,0.259602,1.63544,2.1168,9.06595e+06,3.9903e+06,1.91908e+07,0,0,0,0
66.1764,85.139,3.34714,0.28,0.06,3.71917,3.78409,0,0.718826,6.048,4.3624e+06,2.98533e+06,1.62245e+07,0,0,0,0,94.0768,98.274,4.94209,1,1,2.1168,2.30181,0.145516,1.63544,2.1168,9.06595e+06,3.9903e+06,1.91908e+07,0,0,0,0
66.3199,85.139,3.78311,0.28,0.06,3.71958,3.78451,0,0.696972,6.048,4.3624e+06,2.98533e+06,1.62263e+07,0,0,0,0,94.0765,98.274,4.67352,1,1,2.1168,2.30207,0.145768,1.63544,2.1168,9.06595e+06,3.9903e+06,1.91908e+07,0,0,0,0
68.4702,85.139,5.8996,0.3,0.06,3.72,3.78494,0,0.697049,6.048,4.3624e+06,2.98533e+06,1.62281e+07,0,0,0,0,94.6774,98.274,8.00834,1,1,2.1168,2.30232,0.146021,1.63544,2.1168,9.06595e+06,3.9903e+06,1.91908e+07,0,0,0,0
70.1448,85.139,5.67596,0.28,0.06,3.72041,3.78536,0,0.697127,6.048,4.3624e+06,2.98533e+06,1.62299e+07,0,0,0,0,95.1557,98.274,7.2623,1,1,2.1168,2.30258,0.146273,1.63544,2.1168,9.06595e+06,3.9903e+06,1.91908e+07,0,0,0,0
73.3875,85.139,7.29131,0.29,0.06,3.62471,3.68798,0,0.697205,6.048,4.3624e+06,2.98533e+06,1.58124e+07,0,0,0,0,95.8312,98.274,6.70204,1,1,2.1168,2.19688,0.0423903,1.63544,2.1168,9.06595e+06,3.9903e+06,1.91908e+07,0,0,0,0
73.9968,85.139,4.47363,0.28,0.06,3.62511,3.6884,0,0.67927,6.048,4.3624e+06,2.98533e+06,1.58142e+07,0,0,0,0,96.0671,98.274,5.00434,1,1,2.1168,2.19713,0.0426311,1.63544,2.1168,9.06595e+06,3.9903e+06,1.91908e+07,0,0,0,0
75.2417,85.139,5.09719,0.26,0.06,3.62552,3.68881,0,0.679346,6.048,4.3624e+06,2.98533e+06,1.58159e+07,0,0,0,0,96.3607,98.274,5.38399,1,1,2.1168,2.19737,0.042872,1.63544,2.1168,9.06595e+06,3.9903e+06,1.91908e+07,0,0,0,0
77.1496,85.139,5.99452,0.26,0.06,3.62592,3.68922,0,0.679422,6.048,4.3624e+06,2.98533e+06,1.58177e+07,0,0,0,0,96.902,98.274,6.44006,1,1,2.1168,2.19762,0.0431132,1.63544,2.1168,9.06595e+06,3.9903e+06,1.91908e+07,0,0,0,0
78.3266,85.139,5.04951,0.27,0.06,3.35322,3.41176,0,0.679498,6.048,4.3624e+06,2.98533e+06,1.46281e+07,0,0,0,0,96.7784,98.274,5.17598,1,1,1.94317,1.9771,0,1.63544,2.1168,9.06595e+06,3.9903e+06,1.76167e+07,0,0,0,0
79.2243,85.139,4.84921,0.29,0.06,3.3536,3.41214,0,0.628394,6.048,4.3624e+06,2.98533e+06,1.46297e+07,0,0,0,0,96.5342,98.274,5.97685,1,1,1.94339,1.97732,0,1.5013,2.1168,9.06595e+06,3.9903e+06,1.76187e+07,0,0,0,0
85.139,85.139,11.9439,0.35,0.06,3.35397,3.41252,0,0.628464,6.048,4.3624e+06,2.98533e+06,1.46314e+07,0,0,0,0,98.3336,98.274,10.636,1,1,1.94361,1.97754,0,1.50146,2.1168,9.06595e+06,3.9903e+06,1.76207e+07,0,0,0,0
85.139,85.139,10.916,0.28,0.06,3.35434,3.4129,0,0.628534,6.048,4.3624e+06,2.98533e+06,1.4633e+07,0,0,0,0,99.3022,98.274,9.85896,1,1,1.94382,1.97776,0,1.50163,2.1168,9.06595e+06,3.9903e+06,1.76226e+07,0,0,0,0
85.139,85.139,7.61308,0.31,0.06,3.35472,3.41328,0,0.628604,6.048,4.3624e+06,2.98533e+06,1.46346e+07,0,0,0,0,99.3022,98.274,6.49442,1,1,1.94404,1.97798,0,1.5018,2.1168,9.06595e+06,3.9903e+06,1.76246e+07,0,0,0,0
85.139,85.139,5.16509,0.3,0.06,3.46018,3.52058,0,0.628674,6.048,4.3624e+06,2.98533e+06,1.50947e+07,0,0,0,0,99.3022,98.274,5.05102,1,1,2.00711,2.04215,0,1.50197,2.1168,9.06595e+06,3.9903e+06,1.81964e+07,0,0,0,0
85.139,85.139,8.41725,0.31,0.06,3.46053,3.52094,0,0.648438,6.048,4.3624e+06,2.98533e+06,1.50962e+07,0,0,0,0,99.3022,98.274,7.48892,1,1,2.00732,2.04236,0,1.5507,2.1168,9.06595e+06,3.9903e+06,1.81982e+07,0,0,0,0
85.139,85.139,4.72584,0.32,0.06,3.46089,3.5213,0,0.648504,6.048,4.3624e+06,2.98533e+06,1.50978e+07,0,0,0,0,99.3022,98.274,4.16114,1,1,2.00752,2.04257,0,1.55085,2.1168,9.06595e+06,3.9903e+06,1.82001e+07,0,0,0,0
85.139,85.139,6.17137,0.33,0.06,3.46124,3.52166,0,0.64857,6.048,4.3624e+06,2.98533e+06,1.50993e+07,0,0,0,0,99.3022,98.274,4.43104,1,1,2.00773,2.04278,0,1.55101,2.1168,9.06595e+06,3.9903e+06,1.8202e+07,0,0,0,0
85.139,85.139,6.60901,0.35,0.06,3.79923,3.86555,0,0.648636,6.048,4.3624e+06,2.98533e+06,1.65737e+07,0,0,0,0,99.3022,98.274,6.06929,1,1,2.1168,2.2832,0.127221,1.55117,2.1168,9.06595e+06,3.9903e+06,1.91908e+07,0,0,0,0
85.139,85.139,5.0038,0.36,0.06,3.79961,3.86594,0,0.711975,6.048,4.3624e+06,2.98533e+06,1.65754e+07,0,0,0,0,99.3022,98.274,4.47142,1,1,2.1168,2.28343,0.12745,1.63544,2.1168,9.06595e+06,3.9903e+06,1.91908e+07,0,0,0,0
85.139,85.139,4.94189,0.39,0.06,3.8,3.86634,0,0.712048,6.048,4.3624e+06,2.98533e+06,1.65771e+07,0,0,0,0,99.3022,98.274,4.00156,1,1,2.1168,2.28366,0.127679,1.63544,2.1168,9.06595e+06,3.9903e+06,1.91908e+07,0,0,0,0
85.139,85.139,4.34495,0.39,0.06,3.80039,3.86673,0,0.71212,6.048,4.3624e+06,2.98533e+06,1.65788e+07,0,0,0,0,99.3022,98.274,3.68117,1,1,2.1168,2.28389,0.127908,1.63544,2.1168,9.06595e+06,3.9903e+06,1.91908e+07,0,0,0,0
85.139,85.139,6.02045,0.4,0.06,3.08724,3.37694,0,0.712193,6.048,4.3624e+06,2.98533e+06,1.34678e+07,0,0,0,0,99.3022,98.274,7.122,1,1,1.79334,1.96163,0,1.63544,2.1168,9.06595e+06,3.9903e+06,1.62584e+07,0,0,0,0
85.139,85.139,5.20287,0.46,0.06,3.08756,3.37729,0,0.578549,6.048,4.3624e+06,2.98533e+06,1.34692e+07,0,0,0,0,99.3022,98.274,6.83006,1,1,1.79353,1.96183,0,1.38554,2.1168,9.06595e+06,3.9903e+06,1.626e+07,0,0,0,0
85.139,85.139,5.62278,0.47,0.06,3.08787,3.37763,0,0.578608,6.048,4.3624e+06,2.98533e+06,1.34705e+07,0,0,0,0,99.3022,98.274,7.44698,1,1,1.79371,1.96203,0,1.38568,2.1168,9.06595e+06,3.9903e+06,1.62617e+07,0,0,0,0
85.139,85.139,7.16517,0.53,0.06,3.08819,3.37798,0,0.578667,6.048,4.3624e+06,2.98533e+06,1.34719e+07,0,0,0,0,99.3022,98.274,8.0179,1,1,1.79389,1.96223,0,1.38582,2.1168,9.06595e+06,3.9903e+06,1.62633e+07,0,0,0,0
85.139,85.139,6.60578,0.54,0.06,3.0885,3.37832,0,0.578726,6.048,4.3624e+06,2.98533e+06,1.34733e+07,0,0,0,0,99.3022,98.274,8.46915,1,1,1.79408,1.96243,0,1.38596,2.1168,9.06595e+06,3.9903e+06,1.6265e+07,0,0,0,0
85.139,85.139,6.87482,0.57,0.06,3.20168,3.50211,0,0.578785,6.048,4.3624e+06,2.98533e+06,1.3967e+07,0,0,0,0,99.3022,98.274,11.1326,1,1,1.86642,2.04156,0,1.3861,2.1168,9.06595e+06,3.9903e+06,1.69209e+07,0,0,0,0
85.139,85.139,5.12167,0.57,0.06,3.202,3.50247,0,0.599994,6.048,4.3624e+06,2.98533e+06,1.39684e+07,0,0,0,0,99.3022,98.274,8.00098,1,1,1.86661,2.04177,0,1.442,2.1168,9.06595e+06,3.9903e+06,1.69226e+07,0,0,0,0
85.139,85.139,4.50368,0.56,0.06,3.20233,3.50283,0,0.600055,6.048,4.3624e+06,2.98533e+06,1.39698e+07,0,0,0,0,99.3022,98.274,6.87531,1,1,1.8668,2.04198,0,1.44214,2.1168,9.06595e+06,3.9903e+06,1.69243e+07,0,0,0,0
85.139,85.139,3.80744,0.53,0.06,3.20265,3.50318,0,0.600116,6.048,4.3624e+06,2.98533e+06,1.39713e+07,0,0,0,0,99.3022,98.274,7.1257,1,1,1.86699,2.04219,0,1.44229,2.1168,9.06595e+06,3.9903e+06,1.69261e+07,0,0,0,0
85.139,85.139,3.6347,0.52,0.06,3.15884,3.45525,0,0.600177,6.048,4.3624e+06,2.98533e+06,1.37801e+07,0,0,0,0,99.3022,98.274,4.74143,1,1,1.83914,2.01173,0,1.44244,2.1168,9.06595e+06,3.9903e+06,1.66736e+07,0,0,0,0
85.0164,85.139,3.44268,0.48,0.06,3.15916,3.45561,0,0.591966,6.048,4.3624e+06,2.98533e+06,1.37815e+07,0,0,0,0,99.3022,98.274,4.55778,1,1,1.83933,2.01193,0,1.42092,2.1168,9.06595e+06,3.9903e+06,1.66753e+07,0,0,0,0
84.6643,85.139,3.18707,0.58,0.06,3.15948,3.45596,0,0.592026,6.048,4.3624e+06,2.98533e+06,1.37829e+07,0,0,0,0,99.3022,98.274,5.19454,1,1,1.83952,2.01214,0,1.42107,2.1168,9.06595e+06,3.9903e+06,1.6677e+07,0,0,0,0
84.1314,85.139,3.00048,0.54,0.06,3.1598,3.45631,0,0.592086,6.048,4.3624e+06,2.98533e+06,1.37843e+07,0,0,0,0,99.3022,98.274,4.95118,1,1,1.83971,2.01234,0,1.42121,2.1168,9.06595e+06,3.9903e+06,1.66787e+07,0,0,0,0
83.3128,85.139,2.76136,0.51,0.06,3.31003,3.62064,0,0.592147,6.048,4.3624e+06,2.98533e+06,1.44397e+07,0,0,0,0,99.3022,98.274,3.80778,1,1,1.93937,2.12135,0,1.42136,2.1168,9.06595e+06,3.9903e+06,1.75822e+07,0,0,0,0
82.3933,85.139,2.63257,0.48,0.06,3.31037,3.62101,0,0.6203,6.048,4.3624e+06,2.98533e+06,1.44411e+07,0,0,0,0,99.3022,98.274,3.50329,1,1,1.93957,2.12157,0,1.49836,2.1168,9.06595e+06,3.9903e+06,1.7584e+07,0,0,0,0
81.3779,85.139,2.51999,0.43,0.06,3.3107,3.62137,0,0.620363,6.048,4.3624e+06,2.98533e+06,1.44426e+07,0,0,0,0,99.3022,98.274,3.76565,1,1,1.93976,2.12179,0,1.49851,2.1168,9.06595e+06,3.9903e+06,1.75858e+07,0,0,0,0
79.9497,85.139,2.32411,0.39,0.06,3.5596,3.62174,0,0.620426,6.048,4.3624e+06,2.98533e+06,1.55284e+07,0,0,0,0,99.3022,98.274,3.55475,1,1,2.08559,2.122,0,1.49866,2.1168,9.06595e+06,3.9903e+06,1.89079e+07,0,0,0,0
78.7591,85.139,2.46028,0.33,0.06,3.55996,3.62211,0,0.667069,6.048,4.3624e+06,2.98533e+06,1.553e+07,0,0,0,0,99.2107,98.274,3.15636,1,1,2.08581,2.12222,0,1.61133,2.1168,9.06595e+06,3.9903e+06,1.89098e+07,0,0,0,0
77.9903,85.139,2.59913,0.4,0.06,3.28205,3.59004,0,0.667137,6.048,4.3624e+06,2.98533e+06,1.43176e+07,0,0,0,0,98.958,98.274,2.41497,1,1,1.99506,2.18227,0,1.61149,2.1168,9.06595e+06,3.9903e+06,1.80871e+07,0,0,0,0
76.8011,85.139,2.37579,0.33,0.06,3.5288,3.5904,0,0.615057,6.048,4.3624e+06,2.98533e+06,1.5394e+07,0,0,0,0,98.6237,98.274,2.41468,1,1,2.1168,2.18249,0.0282443,1.54138,2.1168,9.06595e+06,3.9903e+06,1.91908e+07,0,0,0,0
75.3999,85.139,2.14445,0.31,0.06,3.52916,3.59077,0,0.661297,6.048,4.3624e+06,2.98533e+06,1.53956e+07,0,0,0,0,98.233,98.274,2.17026,1,1,2.1168,2.18271,0.028463,1.63544,2.1168,9.06595e+06,3.9903e+06,1.91908e+07,0,0,0,0
73.9441,85.139,2.04417,0.26,0.06,3.52952,3.59113,0,0.661364,6.048,4.3624e+06,2.98533e+06,1.53972e+07,0,0,0,0,97.6752,98.274,2.107,1,1,2.1168,2.18294,0.0286814,1.63544,2.1168,9.06595e+06,3.9903e+06,1.91908e+07,0,0,0,0
72.3311,85.139,1.94039,0.26,0.06,3.61226,3.67532,0,0.661432,6.048,4.3624e+06,2.98533e+06,1.57581e+07,0,0,0,0,97.1873,98.274,1.94559,1,1,2.1168,2.2365,0.0813311,1.63544,2.1168,9.06595e+06,3.9903e+06,1.91908e+07,0,0,0,0
70.5878,85.139,1.77523,0.29,0.06,3.61263,3.67569,0,0.676937,6.048,4.3624e+06,2.98533e+06,1.57597e+07,0,0,0,0,96.4719,98.274,1.92857,1,1,2.1168,2.23673,0.0815551,1.63544,2.1168,9.06595e+06,3.9903e+06,1.91908e+07,0,0,0,0
68.7195,85.139,1.62866,0.27,0.06,3.61299,3.67607,0,0.677006,6.048,4.3624e+06,2.98533e+06,1.57613e+07,0,0,0,0,95.9103,98.274,1.6862,1,1,2.1168,2.23696,0.0817789,1.63544,2.1168,9.06595e+06,3.9903e+06,1.91908e+07,0,0,0,0
66.9663,85.139,1.71424,0.26,0.06,3.61336,3.67644,0,0.677075,6.048,4.3624e+06,2.98533e+06,1.57629e+07,0,0,0,0,95.335,98.274,2.02634,1,1,2.1168,2.23719,0.0820027,1.63544,2.1168,9.06595e+06,3.9903e+06,1.91908e+07,0,0,0,0
64.8112,85.139,1.4859,0.35,0.06,3.85508,3.92237,0,0.677144,6.048,4.3624e+06,2.98533e+06,1.68174e+07,0,0,0,0,94.6071,98.274,1.84961,1,1,2.1168,2.43005,0.271554,1.63544,2.1168,9.06595e+06,3.9903e+06,1.91908e+07,0,0,0,0
62.362,85.139,1.15891,0.31,0.06,3.85547,3.92277,0,0.722441,6.048,4.3624e+06,2.98533e+06,1.68191e+07,0,0,0,0,93.7706,98.274,1.58484,1,1,2.1168,2.43029,0.271797,1.63544,2.1168,9.06595e+06,3.9903e+06,1.91908e+07,0,0,0,0
59.9216,85.139,1.12994,0.39,0.06,3.85586,3.92317,0,0.722515,6.048,4.3624e+06,2.98533e+06,1.68208e+07,0,0,0,0,93.0847,98.274,1.50236,1,1,2.1168,2.43054,0.27204,1.63544,2.1168,9.06595e+06,3.9903e+06,1.91908e+07,0,0,0,0
57.9998,85.139,1.62263,0.37,0.06,3.85625,3.92357,0,0.722588,6.048,4.3624e+06,2.98533e+06,1.68225e+07,0,0,0,0,92.3219,98.274,1.74763,1,1,2.1168,2.43079,0.272283,1.63544,2.1168,9.06595e+06,3.9903e+06,1.91908e+07,0,0,0,0
56.1045,85.139,1.68859,0.36,0.06,3.85665,3.92397,0,0.722662,6.048,4.3624e+06,2.98533e+06,1.68242e+07,0,0,0,0,91.1707,98.274,1.64504,1,1,2.1168,2.43104,0.272526,1.63544,2.1168,9.06595e+06,3.9903e+06,1.91908e+07,0,0,0,0
53.7251,85.139,0.862331,0.45,0.06,3.47824,3.80463,0,0.722735,6.048,4.3624e+06,2.98533e+06,1.51735e+07,0,0,0,0,90.3436,98.274,1.03419,1,1,2.11577,2.3143,0,1.63544,2.1168,9.06595e+06,3.9903e+06,1.91814e+07,0,0,0,0
51.249,85.139,0.722263,0.44,0.06,3.4786,3.80502,0,0.651823,6.048,4.3624e+06,2.98533e+06,1.5175e+07,0,0,0,0,89.164,98.274,1.62748,1,1,2.11598,2.31454,0,1.63464,2.1168,9.06595e+06,3.9903e+06,1.91834e+07,0,0,0,0
48.7149,85.139,0.620479,0.44,0.06,3.47895,3.80541,0,0.651889,6.048,4.3624e+06,2.98533e+06,1.51766e+07,0,0,0,0,87.7956,98.274,0.898845,1,1,2.1162,2.31478,0,1.63481,2.1168,9.06595e+06,3.9903e+06,1.91853e+07,0,0,0,0
46.3019,85.139,0.720397,0.53,0.06,3.4793,3.8058,0,0.651955,6.048,4.3624e+06,2.98533e+06,1.51781e+07,0,0,0,0,86.6506,98.274,0.921465,1,1,2.11641,2.31501,0,1.63497,2.1168,9.06595e+06,3.9903e+06,1.91873e+07,0,0,0,0
44.3161,85.139,1.08747,0.54,0.06,3.38977,3.70786,0,0.652022,6.048,4.3624e+06,2.98533e+06,1.47875e+07,0,0,0,0,85.7513,98.274,1.19466,1,1,2.01924,2.20872,0,1.63514,2.1168,9.06595e+06,3.9903e+06,1.83063e+07,0,0,0,0
42.146,85.139,0.833319,0.63,0.06,3.39012,3.70824,0,0.635243,6.048,4.3624e+06,2.98533e+06,1.4789e+07,0,0,0,0,85.2036,98.274,1.18993,1,1,2.01945,2.20895,0,1.56007,2.1168,9.06595e+06,3.9903e+06,1.83082e+07,0,0,0,0
41.2306,85.139,2.13272,0.66,0.06,3.39046,3.70862,0,0.635308,6.048,4.3624e+06,2.98533e+06,1.47905e+07,0,0,0,0,85.2006,98.274,3.56987,1,1,2.01965,2.20917,0,1.56022,2.1168,9.06595e+06,3.9903e+06,1.83101e+07,0,0,0,0
40.6749,85.139,2.51223,0.65,0.06,3.39081,3.70899,0,0.635372,6.048,4.3624e+06,2.98533e+06,1.4792e+07,0,0,0,0,85.4404,98.274,2.93988,1,1,2.01986,2.2094,0,1.56038,2.1168,9.06595e+06,3.9903e+06,1.83119e+07,0,0,0,0
40.0031,85.139,2.2121,0.66,0.06,3.13576,3.43001,0,0.635437,6.048,4.3624e+06,2.98533e+06,1.36794e+07,0,0,0,0,85.6893,98.274,2.82373,1,1,1.81716,1.98767,0,1.56054,2.1168,9.06595e+06,3.9903e+06,1.64742e+07,0,0,0,0
40.053,85.139,2.98442,0.66,0.06,3.13608,3.43036,0,0.587641,6.048,4.3624e+06,2.98533e+06,1.36808e+07,0,0,0,0,85.9955,98.274,3.15016,1,1,1.81734,1.98788,0,1.40393,2.1168,9.06595e+06,3.9903e+06,1.64759e+07,0,0,0,0
40.2251,85.139,3.21319,0.69,0.06,3.1364,3.43071,0,0.587701,6.048,4.3624e+06,2.98533e+06,1.36822e+07,0,0,0,0,86.4061,98.274,3.20157,1,1,1.81752,1.98808,0,1.40408,2.1168,9.06595e+06,3.9903e+06,1.64776e+07,0,0,0,0
42.2593,85.139,5.20457,0.69,0.06,3.13672,3.43106,0,0.587761,6.048,4.3624e+06,2.98533e+06,1.36836e+07,0,0,0,0,88.5603,98.274,7.78525,1,1,1.81771,1.98828,0,1.40422,2.1168,9.06595e+06,3.9903e+06,1.64793e+07,0,0,0,0
43.8534,85.139,4.88625,0.69,0.06,3.13704,3.43141,0,0.587821,6.048,4.3624e+06,2.98533e+06,1.3685e+07,0,0,0,0,89.5574,98.274,4.98131,1,1,1.81789,1.98848,0,1.40436,2.1168,9.06595e+06,3.9903e+06,1.64809e+07,0,0,0,0
46.6006,85.139,6.08639,0.72,0.06,3.23562,3.53925,0,0.58788,6.048,4.3624e+06,2.98533e+06,1.41151e+07,0,0,0,0,90.7682,98.274,5.86489,1,1,1.87686,2.05298,0,1.40451,2.1168,9.06595e+06,3.9903e+06,1.70155e+07,0,0,0,0
48.8234,85.139,5.54443,0.7,0.06,3.23592,3.53957,0,0.606356,6.048,4.3624e+06,2.98533e+06,1.41164e+07,0,0,0,0,91.8967,98.274,5.50338,1,1,1.87703,2.05317,0,1.45006,2.1168,9.06595e+06,3.9903e+06,1.70171e+07,0,0,0,0
50.3898,85.139,4.86208,0.72,0.06,3.23622,3.5399,0,0.606412,6.048,4.3624e+06,2.98533e+06,1.41177e+07,0,0,0,0,92.391,98.274,4.16291,1,1,1.8772,2.05336,0,1.45019,2.1168,9.06595e+06,3.9903e+06,1.70186e+07,0,0,0,0
52.5126,85.139,5.58883,0.72,0.06,3.23652,3.54023,0,0.606468,6.048,4.3624e+06,2.98533e+06,1.4119e+07,0,0,0,0,93.0332,98.274,4.48439,1,1,1.87738,2.05355,0,1.45033,2.1168,9.06595e+06,3.9903e+06,1.70202e+07,0,0,0,0
56.7992,85.139,8.26206,0.72,0.06,3.55253,3.88589,0,0.606524,6.048,4.3624e+06,2.98533e+06,1.54976e+07,0,0,0,0,94.1844,98.274,6.11743,1,1,2.09831,2.29521,0,1.45046,2.1168,9.06595e+06,3.9903e+06,1.90232e+07,0,0,0,0
61.2005,85.139,8.43458,0.7,0.06,3.55286,3.88625,0,0.665744,6.048,4.3624e+06,2.98533e+06,1.5499e+07,0,0,0,0,95.0777,98.274,5.20353,1,1,2.0985,2.29542,0,1.62115,2.1168,9.06595e+06,3.9903e+06,1.90249e+07,0,0,0,0
66.9191,85.139,9.94974,0.74,0.06,3.55319,3.88661,0,0.665806,6.048,4.3624e+06,2.98533e+06,1.55004e+07,0,0,0,0,96.209,98.274,6.35911,1,1,2.0987,2.29563,0,1.6213,2.1168,9.06595e+06,3.9903e+06,1.90267e+07,0,0,0,0
76.1568,85.139,13.6628,0.69,0.06,3.55352,3.88697,0,0.665867,6.048,4.3624e+06,2.98533e+06,1.55018e+07,0,0,0,0,98.7016,98.274,10.442,1,1,2.09889,2.29585,0,1.62145,2.1168,9.06595e+06,3.9903e+06,1.90284e+07,0,0,0,0
77.5002,85.139,4.99333,0.61,0.06,3.10337,3.39459,0,0.665929,6.048,4.3624e+06,2.98533e+06,1.35381e+07,0,0,0,0,99.2942,98.274,4.57048,1,1,1.80271,1.97188,0,1.6216,2.1168,9.06595e+06,3.9903e+06,1.63433e+07,0,0,0,0
76.7731,85.139,2.8248,0.62,0.06,3.10366,3.3949,0,0.581572,6.048,4.3624e+06,2.98533e+06,1.35394e+07,0,0,0,0,99.3022,98.274,3.02725,1,1,1.80288,1.97206,0,1.39278,2.1168,9.06595e+06,3.9903e+06,1.63448e+07,0,0,0,0
78.0474,85.139,4.79917,0.63,0.06,3.10394,3.39521,0,0.581625,6.048,4.3624e+06,2.98533e+06,1.35406e+07,0,0,0,0,99.3022,98.274,5.05544,1,1,1.80305,1.97224,0,1.3929,2.1168,9.06595e+06,3.9903e+06,1.63463e+07,0,0,0,0
82.7052,85.139,8.53806,0.67,0.06,3.10423,3.39553,0,0.581679,6.048,4.3624e+06,2.98533e+06,1.35419e+07,0,0,0,0,99.3022,98.274,8.26122,1,1,1.80321,1.97242,0,1.39303,2.1168,9.06595e+06,3.9903e+06,1.63478e+07,0,0,0,0
85.139,85.139,10.6451,0.63,0.06,3.10452,3.39584,0,0.581733,6.048,4.3624e+06,2.98533e+06,1.35431e+07,0,0,0,0,99.3022,98.274,7.83262,1,1,1.80338,1.9726,0,1.39316,2.1168,9.06595e+06,3.9903e+06,1.63494e+07,0,0,0,0
85.139,85.139,8.18164,0.57,0.06,3.21825,3.52024,0,0.581787,6.048,4.3624e+06,2.98533e+06,1.40393e+07,0,0,0,0,99.3022,98.274,6.35443,1,1,1.87608,2.05213,0,1.39329,2.1168,9.06595e+06,3.9903e+06,1.70085e+07,0,0,0,0
85.139,85.139,6.54589,0.57,0.06,3.21854,3.52057,0,0.6031,6.048,4.3624e+06,2.98533e+06,1.40406e+07,0,0,0,0,99.3022,98.274,5.55055,1,1,1.87626,2.05232,0,1.44946,2.1168,9.06595e+06,3.9903e+06,1.701e+07,0,0,0,0
85.139,85.139,5.71316,0.57,0.06,3.21884,3.52089,0,0.603155,6.048,4.3624e+06,2.98533e+06,1.40419e+07,0,0,0,0,99.3022,98.274,5.13344,1,1,1.87643,2.05251,0,1.4496,2.1168,9.06595e+06,3.9903e+06,1.70116e+07,0,0,0,0
85.139,85.139,6.02286,0.53,0.06,3.21914,3.52122,0,0.603211,6.048,4.3624e+06,2.98533e+06,1.40432e+07,0,0,0,0,99.3022,98.274,4.97522,1,1,1.8766,2.0527,0,1.44973,2.1168,9.06595e+06,3.9903e+06,1.70132e+07,0,0,0,0
85.139,85.139,4.70487,0.52,0.06,3.17506,3.47301,0,0.603267,6.048,4.3624e+06,2.98533e+06,1.38509e+07,0,0,0,0,99.3022,98.274,3.94344,1,1,1.84859,2.02206,0,1.44986,2.1168,9.06595e+06,3.9903e+06,1.67593e+07,0,0,0,0
85.139,85.139,4.23988,0.48,0.06,3.17536,3.47333,0,0.595007,6.048,4.3624e+06,2.98533e+06,1.38522e+07,0,0,0,0,99.3022,98.274,3.7844,1,1,1.84876,2.02225,0,1.42822,2.1168,9.06595e+06,3.9903e+06,1.67608e+07,0,0,0,0
85.139,85.139,4.07198,0.46,0.06,3.17565,3.47365,0,0.595062,6.048,4.3624e+06,2.98533e+06,1.38535e+07,0,0,0,0,99.3022,98.274,3.43065,1,1,1.84893,2.02243,0,1.42835,2.1168,9.06595e+06,3.9903e+06,1.67624e+07,0,0,0,0
85.139,85.139,3.61235,0.44,0.06,3.17594,3.47397,0,0.595117,6.048,4.3624e+06,2.98533e+06,1.38547e+07,0,0,0,0,99.3022,98.274,3.32082,1,1,1.84911,2.02262,0,1.42849,2.1168,9.06595e+06,3.9903e+06,1.67639e+07,0,0,0,0
84.7495,85.139,3.22518,0.4,0.06,3.32691,3.6391,0,0.595172,6.048,4.3624e+06,2.98533e+06,1.45133e+07,0,0,0,0,99.3022,98.274,3.30086,1,1,1.94926,2.13217,0,1.42862,2.1168,9.06595e+06,3.9903e+06,1.76719e+07,0,0,0,0
84.1706,85.139,2.9729,0.48,0.06,3.32722,3.63944,0,0.623463,6.048,4.3624e+06,2.98533e+06,1.45146e+07,0,0,0,0,99.3022,98.274,2.66055,1,1,1.94944,2.13237,0,1.506,2.1168,9.06595e+06,3.9903e+06,1.76735e+07,0,0,0,0
83.4352,85.139,2.79696,0.43,0.06,3.32752,3.63977,0,0.62352,6.048,4.3624e+06,2.98533e+06,1.4516e+07,0,0,0,0,99.2848,98.274,2.5014,1,1,1.94962,2.13257,0,1.50614,2.1168,9.06595e+06,3.9903e+06,1.76751e+07,0,0,0,0
82.3257,85.139,2.57597,0.39,0.06,3.57765,3.64011,0,0.623578,6.048,4.3624e+06,2.98533e+06,1.56071e+07,0,0,0,0,99.0804,98.274,2.3855,1,1,2.09617,2.13276,0,1.50627,2.1168,9.06595e+06,3.9903e+06,1.90038e+07,0,0,0,0
81.2654,85.139,2.61738,0.33,0.06,3.57798,3.64044,0,0.670452,6.048,4.3624e+06,2.98533e+06,1.56086e+07,0,0,0,0,98.9197,98.274,2.73188,1,1,2.09636,2.13296,0,1.6195,2.1168,9.06595e+06,3.9903e+06,1.90055e+07,0,0,0,0
80.8993,85.139,3.31938,0.31,0.06,3.54626,3.60817,0,0.670514,6.048,4.3624e+06,2.98533e+06,1.54702e+07,0,0,0,0,98.8854,98.274,3.45937,1,1,2.1168,2.19329,0.0388606,1.61965,2.1168,9.06595e+06,3.9903e+06,1.91908e+07,0,0,0,0
80.1806,85.139,2.94044,0.26,0.06,3.54659,3.6085,0,0.66457,6.048,4.3624e+06,2.98533e+06,1.54716e+07,0,0,0,0,98.7894,98.274,3.0913,1,1,2.1168,2.19349,0.0390595,1.63544,2.1168,9.06595e+06,3.9903e+06,1.91908e+07,0,0,0,0
79.2684,85.139,2.72141,0.25,0.06,3.54692,3.60884,0,0.664631,6.048,4.3624e+06,2.98533e+06,1.54731e+07,0,0,0,0,98.6453,98.274,2.90579,1,1,2.1168,2.1937,0.0392587,1.63544,2.1168,9.06595e+06,3.9903e+06,1.91908e+07,0,0,0,0
78.2925,85.139,2.63068,0.26,0.06,3.54725,3.60917,0,0.664693,6.048,4.3624e+06,2.98533e+06,1.54745e+07,0,0,0,0,98.4569,98.274,2.70516,1,1,2.1168,2.1939,0.0394576,1.63544,2.1168,9.06595e+06,3.9903e+06,1.91908e+07,0,0,0,0
77.1869,85.139,2.55204,0.25,0.06,3.63037,3.69374,0,0.664754,6.048,4.3624e+06,2.98533e+06,1.58371e+07,0,0,0,0,98.298,98.274,2.71913,1,1,2.1168,2.24772,0.0923508,1.63544,2.1168,9.06595e+06,3.9903e+06,1.91908e+07,0,0,0,0
76.0058,85.139,2.43433,0.23,0.06,3.6307,3.69408,0,0.680331,6.048,4.3624e+06,2.98533e+06,1.58386e+07,0,0,0,0,98.0599,98.274,2.47738,1,1,2.1168,2.24792,0.0925547,1.63544,2.1168,9.06595e+06,3.9903e+06,1.91908e+07,0,0,0,0
74.7948,85.139,2.38683,0.2,0.06,3.63104,3.69442,0,0.680394,6.048,4.3624e+06,2.98533e+06,1.584e+07,0,0,0,0,97.7401,98.274,2.61115,1,1,2.1168,2.24813,0.0927588,1.63544,2.1168,9.06595e+06,3.9903e+06,1.91908e+07,0,0,0,0
73.8832,85.139,2.71588,0.18,0.06,3.63137,3.69477,0,0.680456,6.048,4.3624e+06,2.98533e+06,1.58415e+07,0,0,0,0,97.5776,98.274,2.6562,1,1,2.1168,2.24834,0.0929627,1.63544,2.1168,9.06595e+06,3.9903e+06,1.91908e+07,0,0,0,0
72.0336,85.139,1.92035,0.19,0.06,3.87425,3.94189,0,0.680519,6.048,4.3624e+06,2.98533e+06,1.6901e+07,0,0,0,0,97.2254,98.274,2.33614,1,1,2.1168,2.44214,0.283435,1.63544,2.1168,9.06595e+06,3.9903e+06,1.91908e+07,0,0,0,0
69.6211,85.139,1.30418,0.24,0.06,3.87461,3.94225,0,0.726035,6.048,4.3624e+06,2.98533e+06,1.69026e+07,0,0,0,0,96.8017,98.274,2.15031,1,1,2.1168,2.44236,0.283657,1.63544,2.1168,9.06595e+06,3.9903e+06,1.91908e+07,0,0,0,0
67.2084,85.139,1.26933,0.23,0.06,3.87497,3.94261,0,0.726102,6.048,4.3624e+06,2.98533e+06,1.69042e+07,0,0,0,0,96.3441,98.274,2.04327,1,1,2.1168,2.44259,0.283878,1.63544,2.1168,9.06595e+06,3.9903e+06,1.91908e+07,0,0,0,0
65.3523,85.139,1.81295,0.27,0.06,3.87533,3.94298,0,0.726169,6.048,4.3624e+06,2.98533e+06,1.69057e+07,0,0,0,0,95.9618,98.274,2.37069,1,1,2.1168,2.44281,0.2841,1.63544,2.1168,9.06595e+06,3.9903e+06,1.91908e+07,0,0,0,0
64.1245,85.139,2.5142,0.27,0.06,3.87568,3.94334,0,0.726236,6.048,4.3624e+06,2.98533e+06,1.69073e+07,0,0,0,0,95.5381,98.274,2.65131,1,1,2.1168,2.44304,0.284322,1.63544,2.1168,9.06595e+06,3.9903e+06,1.91908e+07,0,0,0,0
62.7866,85.139,2.3001,0.26,0.06,3.75778,3.82338,0,0.726303,6.048,4.3624e+06,2.98533e+06,1.63929e+07,0,0,0,0,95.1112,98.274,1.8557,1,1,2.1168,2.32571,0.169004,1.63544,2.1168,9.06595e+06,3.9903e+06,1.91908e+07,0,0,0,0
61.5389,85.139,2.39499,0.27,0.06,3.75813,3.82373,0,0.704208,6.048,4.3624e+06,2.98533e+06,1.63944e+07,0,0,0,0,94.9571,98.274,2.74032,1,1,2.1168,2.32592,0.169215,1.63544,2.1168,9.06595e+06,3.9903e+06,1.91908e+07,0,0,0,0
60.2881,85.139,2.3715,0.33,0.06,3.75847,3.82408,0,0.704273,6.048,4.3624e+06,2.98533e+06,1.6396e+07,0,0,0,0,94.9255,98.274,3.11514,1,1,2.1168,2.32614,0.169426,1.63544,2.1168,9.06595e+06,3.9903e+06,1.91908e+07,0,0,0,0
58.7915,85.139,2.08602,0.33,0.06,3.75882,3.82444,0,0.704338,6.048,4.3624e+06,2.98533e+06,1.63975e+07,0,0,0,0,94.7955,98.274,2.83058,1,1,2.1168,2.32635,0.169637,1.63544,2.1168,9.06595e+06,3.9903e+06,1.91908e+07,0,0,0,0
57.0296,85.139,1.78545,0.35,0.06,3.66206,3.72599,0,0.704403,6.048,4.3624e+06,2.98533e+06,1.59754e+07,0,0,0,0,94.4297,98.274,3.40366,1,1,2.1168,2.21952,0.0646392,1.63544,2.1168,9.06595e+06,3.9903e+06,1.91908e+07,0,0,0,0
54.6718,85.139,1.1523,0.37,0.06,3.6624,3.72633,0,0.68627,6.048,4.3624e+06,2.98533e+06,1.59768e+07,0,0,0,0,94.0536,98.274,1.87389,1,1,2.1168,2.21973,0.0648405,1.63544,2.1168,9.06595e+06,3.9903e+06,1.91908e+07,0,0,0,0
53.7456,85.139,2.41288,0.45,0.06,3.40697,3.72667,0,0.686333,6.048,4.3624e+06,2.98533e+06,1.48626e+07,0,0,0,0,94.2944,98.274,3.74619,1,1,2.02949,2.21993,0,1.63544,2.1168,9.06595e+06,3.9903e+06,1.83992e+07,0,0,0,0
55.1486,85.139,4.92251,0.46,0.06,3.40729,3.72702,0,0.638466,6.048,4.3624e+06,2.98533e+06,1.48639e+07,0,0,0,0,95.5283,98.274,7.52425,1,1,2.02967,2.22014,0,1.56798,2.1168,9.06595e+06,3.9903e+06,1.84009e+07,0,0,0,0
54.8734,85.139,2.9037,0.48,0.06,3.15097,3.44665,0,0.638525,6.048,4.3624e+06,2.98533e+06,1.37458e+07,0,0,0,0,95.9036,98.274,3.84905,1,1,1.82597,1.99731,0,1.56813,2.1168,9.06595e+06,3.9903e+06,1.65541e+07,0,0,0,0
54.9869,85.139,3.29886,0.5,0.06,3.15126,3.44697,0,0.590492,6.048,4.3624e+06,2.98533e+06,1.3747e+07,0,0,0,0,96.1666,98.274,3.47486,1,1,1.82614,1.9975,0,1.41074,2.1168,9.06595e+06,3.9903e+06,1.65557e+07,0,0,0,0
55.2767,85.139,3.63173,0.54,0.06,3.15155,3.44729,0,0.590546,6.048,4.3624e+06,2.98533e+06,1.37483e+07,0,0,0,0,96.5106,98.274,3.86858,1,1,1.82631,1.99768,0,1.41087,2.1168,9.06595e+06,3.9903e+06,1.65572e+07,0,0,0,0
59.7719,85.139,8.15092,0.58,0.06,3.15184,3.4476,0,0.5906,6.048,4.3624e+06,2.98533e+06,1.37496e+07,0,0,0,0,97.6413,98.274,8.02792,1,1,1.82647,1.99787,0,1.411,2.1168,9.06595e+06,3.9903e+06,1.65587e+07,0,0,0,0
67.3456,85.139,11.4123,0.54,0.06,3.15213,3.44792,0,0.590655,6.048,4.3624e+06,2.98533e+06,1.37509e+07,0,0,0,0,99.3022,98.274,12.0719,1,1,1.82664,1.99805,0,1.41113,2.1168,9.06595e+06,3.9903e+06,1.65603e+07,0,0,0,0
71.3812,85.139,7.59959,0.55,0.06,3.25116,3.55625,0,0.590709,6.048,4.3624e+06,2.98533e+06,1.41829e+07,0,0,0,4.36772e+08,99.3022,98.274,5.47428,1,1,1.88587,2.06284,0,1.41126,2.1168,9.06595e+06,3.9903e+06,1.70972e+07,0,0,0,0
74.6651,85.139,6.85429,0.51,0.06,3.25143,3.55654,0,0.609268,6.048,4.3624e+06,2.98533e+06,1.4184e+07,0,0,0,4.36772e+08,99.3022,98.274,5.03732,1,1,1.88603,2.06301,0,1.45702,2.1168,9.06595e+06,3.9903e+06,1.70986e+07,0,0,0,0
77.9831,85.139,6.94441,0.48,0.06,3.2517,3.55684,0,0.609318,6.048,4.3624e+06,2.98533e+06,1.41852e+07,0,0,0,4.36772e+08,99.3022,98.274,5.12348,1,1,1.88618,2.06318,0,1.45714,2.1168,9.06595e+06,3.9903e+06,1.71e+07,0,0,0,0
81.2438,85.139,6.98027,0.49,0.06,3.25197,3.55713,0,0.609369,6.048,4.3624e+06,2.98533e+06,1.41864e+07,0,0,0,4.36772e+08,99.3022,98.274,5.13045,1,1,1.88634,2.06335,0,1.45726,2.1168,9.06595e+06,3.9903e+06,1.71015e+07,0,0,0,0
84.331,85.139,7.12474,0.43,0.06,3.56946,3.90441,0,0.609419,6.048,4.3624e+06,2.98533e+06,1.55714e+07,0,0,0,4.36772e+08,99.3022,98.274,5.82465,1,1,2.10831,2.30615,0,1.45739,2.1168,9.06595e+06,3.9903e+06,1.91138e+07,0,0,0,0
85.139,85.139,7.15241,0.43,0.06,3.56975,3.90473,0,0.668916,6.048,4.3624e+06,2.98533e+06,1.55727e+07,0,0,0,4.36772e+08,99.3022,98.274,5.39725,1,1,2.10848,2.30634,0,1.62888,2.1168,9.06595e+06,3.9903e+06,1.91154e+07,0,0,0,0
85.139,85.139,7.38663,0.38,0.06,3.83806,3.90506,0,0.668972,6.048,4.3624e+06,2.98533e+06,1.67431e+07,0,0,0,4.36772e+08,99.3022,98.274,4.90537,1,1,2.1168,2.30653,0.150155,1.62901,2.1168,9.06595e+06,3.9903e+06,1.91908e+07,0,0,0,0
85.139,85.139,6.42997,0.38,0.06,3.83837,3.90538,0,0.719252,6.048,4.3624e+06,2.98533e+06,1.67445e+07,0,0,0,4.36772e+08,99.3022,98.274,5.04774,1,1,2.1168,2.30672,0.150343,1.63544,2.1168,9.06595e+06,3.9903e+06,1.91908e+07,0,0,0,0
85.139,85.139,6.35012,0.4,0.06,3.11804,3.41063,0,0.719311,6.048,4.3624e+06,2.98533e+06,1.36021e+07,0,0,0,4.36772e+08,99.3022,98.274,6.11398,1,1,1.81123,1.9812,0,1.63544,2.1168,9.06595e+06,3.9903e+06,1.64206e+07,0,0,0,0
85.139,85.139,7.32856,0.47,0.06,3.1183,3.41091,0,0.584321,6.048,4.3624e+06,2.98533e+06,1.36033e+07,0,0,0,4.36772e+08,99.3022,98.274,5.83692,1,1,1.81138,1.98136,0,1.39936,2.1168,9.06595e+06,3.9903e+06,1.64219e+07,0,0,0,0
85.139,85.139,5.99829,0.47,0.06,3.11856,3.4112,0,0.584369,6.048,4.3624e+06,2.98533e+06,1.36044e+07,0,0,0,4.36772e+08,99.3022,98.274,3.88809,1,1,1.81153,1.98153,0,1.39948,2.1168,9.06595e+06,3.9903e+06,1.64233e+07,0,0,0,0
85.139,85.139,4.25117,0.53,0.06,3.11882,3.41148,0,0.584418,6.048,4.3624e+06,2.98533e+06,1.36055e+07,0,0,0,4.36772e+08,99.3022,98.274,3.2841,1,1,1.81169,1.98169,0,1.39959,2.1168,9.06595e+06,3.9903e+06,1.64247e+07,0,0,0,0
85.139,85.139,4.48167,0.54,0.06,3.11908,3.41176,0,0.584466,6.048,4.3624e+06,2.98533e+06,1.36066e+07,0,0,0,4.36772e+08,99.3022,98.274,2.85699,1,1,1.81184,1.98185,0,1.39971,2.1168,9.06595e+06,3.9903e+06,1.6426e+07,0,0,0,0
85.139,85.139,4.17669,0.55,0.06,3.23331,3.53672,0,0.584515,6.048,4.3624e+06,2.98533e+06,1.4105e+07,0,0,0,4.36772e+08,99.2139,98.274,3.05519,1,1,1.88486,2.06173,0,1.39982,2.1168,9.06595e+06,3.9903e+06,1.70881e+07,0,0,0,0
85.0543,85.139,3.54232,0.56,0.06,3.23358,3.53701,0,0.605922,6.048,4.3624e+06,2.98533e+06,1.41061e+07,0,0,0,4.36772e+08,99.3022,98.274,2.68241,1,1,1.88502,2.0619,0,1.45624,2.1168,9.06595e+06,3.9903e+06,1.70895e+07,0,0,0,0
84.8045,85.139,3.34132,0.62,0.06,3.23384,3.5373,0,0.605972,6.048,4.3624e+06,2.98533e+06,1.41073e+07,0,0,0,4.36772e+08,99.2503,98.274,2.78617,1,1,1.88517,2.06208,0,1.45637,2.1168,9.06595e+06,3.9903e+06,1.70909e+07,0,0,0,0
84.6438,85.139,3.39694,0.6,0.06,3.23411,3.5376,0,0.606022,6.048,4.3624e+06,2.98533e+06,1.41085e+07,0,0,0,4.36772e+08,98.9361,98.274,2.49441,1,1,1.88533,2.06225,0,1.45649,2.1168,9.06595e+06,3.9903e+06,1.70923e+07,0,0,0,0
84.333,85.139,3.15618,0.59,0.06,3.1898,3.48913,0,0.606073,6.048,4.3624e+06,2.98533e+06,1.39152e+07,0,0,0,4.36772e+08,98.538,98.274,2.25433,1,1,1.85717,2.03145,0,1.45661,2.1168,9.06595e+06,3.9903e+06,1.6837e+07,0,0,0,0
83.2626,85.139,2.34551,0.59,0.06,3.19007,3.48942,0,0.597769,6.048,4.3624e+06,2.98533e+06,1.39163e+07,0,0,0,4.36772e+08,98.0347,98.274,1.87915,1,1,1.85733,2.03162,0,1.43485,2.1168,9.06595e+06,3.9903e+06,1.68384e+07,0,0,0,0
81.9851,85.139,2.11876,0.56,0.06,3.19033,3.48971,0,0.597819,6.048,4.3624e+06,2.98533e+06,1.39175e+07,0,0,0,4.36772e+08,97.7753,98.274,1.9246,1,1,1.85748,2.03178,0,1.43497,2.1168,9.06595e+06,3.9903e+06,1.68398e+07,0,0,0,0
81.6441,85.139,3.06396,0.53,0.06,3.1906,3.49,0,0.597868,6.048,4.3624e+06,2.98533e+06,1.39187e+07,0,0,0,4.36772e+08,97.4273,98.274,2.12155,1,1,1.85764,2.03195,0,1.43509,2.1168,9.06595e+06,3.9903e+06,1.68412e+07,0,0,0,0
80.5007,85.139,2.34302,0.49,0.06,3.34223,3.65585,0,0.597918,6.048,4.3624e+06,2.98533e+06,1.45801e+07,0,0,0,4.36772e+08,96.8054,98.274,1.82195,1,1,1.95823,2.14199,0,1.43521,2.1168,9.06595e+06,3.9903e+06,1.77532e+07,0,0,0,0
79.2033,85.139,2.14677,0.46,0.06,3.3425,3.65616,0,0.626333,6.048,4.3624e+06,2.98533e+06,1.45813e+07,0,0,0,4.36772e+08,96.1117,98.274,1.70749,1,1,1.95839,2.14217,0,1.51293,2.1168,9.06595e+06,3.9903e+06,1.77547e+07,0,0,0,0
77.811,85.139,2.03573,0.52,0.06,3.34278,3.65646,0,0.626385,6.048,4.3624e+06,2.98533e+06,1.45825e+07,0,0,0,4.36772e+08,95.4544,98.274,1.63584,1,1,1.95856,2.14234,0,1.51306,2.1168,9.06595e+06,3.9903e+06,1.77562e+07,0,0,0,0
76.311,85.139,1.90095,0.45,0.06,3.34306,3.65676,0,0.626437,6.048,4.3624e+06,2.98533e+06,1.45837e+07,0,0,0,4.36772e+08,94.7733,98.274,1.54722,1,1,1.95872,2.14252,0,1.51318,2.1168,9.06595e+06,3.9903e+06,1.77577e+07,0,0,0,0
74.7469,85.139,1.76374,0.4,0.06,3.34333,3.65707,0,0.626489,6.048,4.3624e+06,2.98533e+06,1.4585e+07,0,0,0,4.36772e+08,93.9826,98.274,1.51973,1,1,1.95888,2.1427,0,1.51331,2.1168,9.06595e+06,3.9903e+06,1.77591e+07,0,0,0,0
72.7207,85.139,1.46203,0.37,0.06,3.56242,3.62461,0,0.626541,6.048,4.3624e+06,2.98533e+06,1.55407e+07,0,0,0,4.36772e+08,92.9477,98.274,1.39655,1,1,2.1168,2.20329,0.0486831,1.51343,2.1168,9.06595e+06,3.9903e+06,1.91908e+07,0,0,0,0
70.8295,85.139,1.3734,0.41,0.06,3.31394,3.62491,0,0.667598,6.048,4.3624e+06,2.98533e+06,1.44567e+07,0,0,0,4.36772e+08,92.0246,98.274,1.32784,1,1,2.01444,2.20347,0,1.63544,2.1168,9.06595e+06,3.9903e+06,1.82628e+07,0,0,0,0
68.6338,85.139,1.25396,0.38,0.06,3.56301,3.62521,0,0.621032,6.048,4.3624e+06,2.98533e+06,1.55433e+07,0,0,0,4.36772e+08,90.9038,98.274,1.30199,1,1,2.1168,2.20365,0.0490421,1.55635,2.1168,9.06595e+06,3.9903e+06,1.91908e+07,0,0,0,0
66.3513,85.139,1.13702,0.31,0.06,3.56331,3.62551,0,0.667709,6.048,4.3624e+06,2.98533e+06,1.55446e+07,0,0,0,4.36772e+08,89.7294,98.274,1.1859,1,1,2.1168,2.20383,0.0492218,1.63544,2.1168,9.06595e+06,3.9903e+06,1.91908e+07,0,0,0,0
64.2627,85.139,1.14215,0.4,0.06,3.39212,3.71043,0,0.667764,6.048,4.3624e+06,2.98533e+06,1.47978e+07,0,0,0,4.36772e+08,88.5426,98.274,1.13104,1,1,2.06418,2.25787,0,1.63544,2.1168,9.06595e+06,3.9903e+06,1.87137e+07,0,0,0,0
62.0008,85.139,1.14736,0.36,0.06,3.64707,3.71074,0,0.635684,6.048,4.3624e+06,2.98533e+06,1.591e+07,0,0,0,4.36772e+08,87.2787,98.274,1.12348,1,1,2.1168,2.25806,0.102518,1.59478,2.1168,9.06595e+06,3.9903e+06,1.91908e+07,0,0,0,0
59.8434,85.139,1.01885,0.48,0.06,3.39269,3.71105,0,0.683462,6.048,4.3624e+06,2.98533e+06,1.48002e+07,0,0,0,4.36772e+08,86.033,98.274,1.06798,1,1,2.06452,2.25825,0,1.63544,2.1168,9.06595e+06,3.9903e+06,1.87168e+07,0,0,0,0
57.63,85.139,0.932833,0.43,0.06,3.39297,3.71136,0,0.635789,6.048,4.3624e+06,2.98533e+06,1.48015e+07,0,0,0,4.36772e+08,84.8017,98.274,1.00275,1,1,2.06469,2.25843,0,1.59505,2.1168,9.06595e+06,3.9903e+06,1.87184e+07,0,0,0,0
55.1929,85.139,0.838481,0.42,0.06,3.61987,3.95955,0,0.635842,6.048,4.3624e+06,2.98533e+06,1.57913e+07,0,0,0,4.36772e+08,83.5579,98.274,1.03729,1,1,2.1168,2.45308,0.125835,1.59518,2.1168,9.06595e+06,3.9903e+06,1.91908e+07,0,0,0,0
52.7186,85.139,0.765046,0.5,0.06,3.62017,3.95988,0,0.678363,6.048,4.3624e+06,2.98533e+06,1.57926e+07,0,0,0,4.36772e+08,82.2731,98.274,1.07852,1,1,2.1168,2.45328,0.126021,1.63544,2.1168,9.06595e+06,3.9903e+06,1.91908e+07,0,0,0,0
50.3002,85.139,0.776577,0.47,0.06,3.62047,3.96021,0,0.67842,6.048,4.3624e+06,2.98533e+06,1.57939e+07,0,0,0,4.36772e+08,81.1258,98.274,1.04284,1,1,2.1168,2.45349,0.126207,1.63544,2.1168,9.06595e+06,3.9903e+06,1.91908e+07,0,0,0,0
48.2822,85.139,1.14882,0.55,0.06,3.62077,3.96054,0,0.678476,6.048,4.3624e+06,2.98533e+06,1.57952e+07,0,0,0,4.36772e+08,80.0728,98.274,1.23536,1,1,2.1168,2.45369,0.126393,1.63544,2.1168,9.06595e+06,3.9903e+06,1.91908e+07,0,0,0,0
46.7546,85.139,1.64076,0.53,0.06,3.62107,3.96086,0,0.678532,6.048,4.3624e+06,2.98533e+06,1.57965e+07,0,0,0,4.36772e+08,78.9807,98.274,1.38797,1,1,2.1168,2.45389,0.126579,1.63544,2.1168,9.06595e+06,3.9903e+06,1.91908e+07,0,0,0,0
45.2916,85.139,1.56226,0.52,0.06,3.51088,3.84033,0,0.678588,6.048,4.3624e+06,2.98533e+06,1.53158e+07,0,0,0,4.36772e+08,78.194,98.274,1.03857,1,1,2.1168,2.33602,0.0188169,1.63544,2.1168,9.06595e+06,3.9903e+06,1.91908e+07,0,0,0,0
43.6214,85.139,1.3179,0.62,0.06,3.51117,3.84065,0,0.657938,6.048,4.3624e+06,2.98533e+06,1.53171e+07,0,0,0,4.36772e+08,77.0586,98.274,1.63439,1,1,2.1168,2.33621,0.0189939,1.63544,2.1168,9.06595e+06,3.9903e+06,1.91908e+07,0,0,0,0
41.8075,85.139,1.13489,0.59,0.06,3.51146,3.84097,0,0.657993,6.048,4.3624e+06,2.98533e+06,1.53184e+07,0,0,0,4.36772e+08,75.7078,98.274,0.932321,1,1,2.1168,2.33641,0.0191709,1.63544,2.1168,9.06595e+06,3.9903e+06,1.91908e+07,0,0,0,0
40.0741,85.139,1.17993,0.57,0.06,3.51175,3.84129,0,0.658047,6.048,4.3624e+06,2.98533e+06,1.53197e+07,0,0,0,4.36772e+08,74.6878,98.274,0.90561,1,1,2.1168,2.3366,0.0193479,1.63544,2.1168,9.06595e+06,3.9903e+06,1.91908e+07,0,0,0,0
39.6398,85.139,2.44396,0.58,0.06,3.42132,3.74237,0,0.658102,6.048,4.3624e+06,2.98533e+06,1.49251e+07,0,0,0,4.36772e+08,74.2061,98.274,1.44576,1,1,2.03803,2.22928,0,1.63544,2.1168,9.06595e+06,3.9903e+06,1.84767e+07,0,0,0,0
39.6453,85.139,2.91732,0.68,0.06,3.4216,3.74268,0,0.641155,6.048,4.3624e+06,2.98533e+06,1.49264e+07,0,0,0,4.36772e+08,73.9663,98.274,1.8012,1,1,2.0382,2.22946,0,1.57458,2.1168,9.06595e+06,3.9903e+06,1.84782e+07,0,0,0,0
42.4191,85.139,5.74502,0.68,0.06,3.42188,3.74299,0,0.641208,6.048,4.3624e+06,2.98533e+06,1.49276e+07,0,0,0,4.36772e+08,73.9148,98.274,2.69661,1,1,2.03837,2.22965,0,1.57471,2.1168,9.06595e+06,3.9903e+06,1.84798e+07,0,0,0,0
44.6309,85.139,5.30357,0.63,0.06,3.42217,3.7433,0,0.641261,6.048,4.3624e+06,2.98533e+06,1.49289e+07,0,0,0,4.36772e+08,73.7035,98.274,2.61272,1,1,2.03854,2.22983,0,1.57485,2.1168,9.06595e+06,3.9903e+06,1.84813e+07,0,0,0,0
46.3629,85.139,4.64221,0.65,0.06,3.1647,3.46167,0,0.641314,6.048,4.3624e+06,2.98533e+06,1.38057e+07,0,0,0,4.36772e+08,73.9584,98.274,3.29344,1,1,1.83393,2.00602,0,1.57498,2.1168,9.06595e+06,3.9903e+06,1.66263e+07,0,0,0,0
51.3442,85.139,8.03488,0.57,0.06,3.16496,3.46196,0,0.593065,6.048,4.3624e+06,2.98533e+06,1.38068e+07,0,0,0,4.36772e+08,74.1814,98.274,3.75844,1,1,1.83408,2.00619,0,1.41689,2.1168,9.06595e+06,3.9903e+06,1.66277e+07,0,0,0,0
56.1745,85.139,8.01082,0.54,0.06,3.16523,3.46224,0,0.593114,6.048,4.3624e+06,2.98533e+06,1.3808e+07,0,0,0,4.36772e+08,74.7963,98.274,5.74853,1,1,1.83423,2.00635,0,1.41701,2.1168,9.06595e+06,3.9903e+06,1.66291e+07,0,0,0,0
58.2451,85.139,5.2265,0.58,0.06,3.16549,3.46253,0,0.593163,6.048,4.3624e+06,2.98533e+06,1.38091e+07,0,0,0,4.36772e+08,74.73,98.274,2.68393,1,1,1.83438,2.00652,0,1.41713,2.1168,9.06595e+06,3.9903e+06,1.66304e+07,0,0,0,0
59.4582,85.139,4.4048,0.53,0.06,3.16575,3.46282,0,0.593212,6.048,4.3624e+06,2.98533e+06,1.38103e+07,0,0,0,4.36772e+08,74.8283,98.274,2.54049,1,1,1.83453,2.00668,0,1.41724,2.1168,9.06595e+06,3.9903e+06,1.66318e+07,0,0,0,0
59.6,85.139,3.52924,0.59,0.06,3.26518,3.57158,0,0.593262,6.048,4.3624e+06,2.98533e+06,1.4244e+07,0,0,0,4.36772e+08,75.4918,98.274,3.97176,1,1,1.894,2.07173,0,1.41736,2.1168,9.06595e+06,3.9903e+06,1.71709e+07,0,0,0,0
60.0146,85.139,3.82511,0.61,0.06,3.26542,3.57184,0,0.611894,6.048,4.3624e+06,2.98533e+06,1.42451e+07,0,0,0,4.36772e+08,76.0472,98.274,3.69131,1,1,1.89414,2.07188,0,1.4633,2.1168,9.06595e+06,3.9903e+06,1.71722e+07,0,0,0,0
60.0359,85.139,3.40446,0.63,0.06,3.26566,3.5721,0,0.611939,6.048,4.3624e+06,2.98533e+06,1.42461e+07,0,0,0,4.36772e+08,76.3625,98.274,2.96324,1,1,1.89428,2.07203,0,1.46341,2.1168,9.06595e+06,3.9903e+06,1.71734e+07,0,0,0,0
62.6858,85.139,6.02156,0.66,0.06,3.2659,3.57236,0,0.611984,6.048,4.3624e+06,2.98533e+06,1.42472e+07,0,0,0,4.36772e+08,76.8197,98.274,3.36958,1,1,1.89442,2.07219,0,1.46352,2.1168,9.06595e+06,3.9903e+06,1.71747e+07,0,0,0,0
62.722,85.139,3.75138,0.64,0.06,3.58471,3.92109,0,0.612029,6.048,4.3624e+06,2.98533e+06,1.56379e+07,0,0,0,4.36772e+08,77.213,98.274,3.64356,1,1,2.1168,2.316,0.000516808,1.46363,2.1168,9.06595e+06,3.9903e+06,1.91908e+07,0,0,0,0
62.8907,85.139,3.9845,0.65,0.06,3.58497,3.92138,0,0.671775,6.048,4.3624e+06,2.98533e+06,1.56391e+07,0,0,0,4.36772e+08,77.6224,98.274,3.64959,1,1,2.1168,2.31617,0.000672653,1.63544,2.1168,9.06595e+06,3.9903e+06,1.91908e+07,0,0,0,0
63.3268,85.139,4.17925,0.67,0.06,3.58524,3.92167,0,0.671824,6.048,4.3624e+06,2.98533e+06,1.56402e+07,0,0,0,4.36772e+08,77.8222,98.274,2.92342,1,1,2.1168,2.31634,0.000828499,1.63544,2.1168,9.06595e+06,3.9903e+06,1.91908e+07,0,0,0,0
63.0426,85.139,3.49649,0.67,0.06,3.5855,3.92196,0,0.671874,6.048,4.3624e+06,2.98533e+06,1.56414e+07,0,0,0,4.36772e+08,78.1145,98.274,3.2051,1,1,2.1168,2.31651,0.000984126,1.63544,2.1168,9.06595e+06,3.9903e+06,1.91908e+07,0,0,0,0
66.9965,85.139,7.4575,0.7,0.06,3.13125,3.42508,0,0.671923,6.048,4.3624e+06,2.98533e+06,1.36597e+07,0,0,0,4.36772e+08,80.0329,98.274,6.87404,1,1,1.81891,1.98959,0,1.63544,2.1168,9.06595e+06,3.9903e+06,1.64901e+07,0,0,0,0
69.4934,85.139,6.09152,0.71,0.06,3.13148,3.42533,0,0.586796,6.048,4.3624e+06,2.98533e+06,1.36608e+07,0,0,0,4.36772e+08,81.9487,98.274,5.88236,1,1,1.81904,1.98973,0,1.40529,2.1168,9.06595e+06,3.9903e+06,1.64913e+07,0,0,0,0
70.2694,85.139,4.38838,0.69,0.06,3.13171,3.42558,0,0.586839,6.048,4.3624e+06,2.98533e+06,1.36618e+07,0,0,0,4.36772e+08,83.2505,98.274,4.84446,1,1,1.81917,1.98988,0,1.40539,2.1168,9.06595e+06,3.9903e+06,1.64925e+07,0,0,0,0
71.169,85.139,4.41746,0.7,0.06,3.13194,3.42583,0,0.586882,6.048,4.3624e+06,2.98533e+06,1.36628e+07,0,0,0,4.36772e+08,84.1193,98.274,3.91585,1,1,1.81931,1.99003,0,1.40549,2.1168,9.06595e+06,3.9903e+06,1.64938e+07,0,0,0,0
71.7931,85.139,4.14731,0.7,0.06,3.13217,3.42609,0,0.586925,6.048,4.3624e+06,2.98533e+06,1.36638e+07,0,0,0,4.36772e+08,85.2725,98.274,4.57495,1,1,1.81944,1.99017,0,1.4056,2.1168,9.06595e+06,3.9903e+06,1.6495e+07,0,0,0,0
73.401,85.139,5.30493,0.71,0.06,3.24685,3.55153,0,0.586968,6.048,4.3624e+06,2.98533e+06,1.41641e+07,0,0,0,4.36772e+08,86.6633,98.274,5.31214,1,1,1.89276,2.07037,0,1.4057,2.1168,9.06595e+06,3.9903e+06,1.71596e+07,0,0,0,0
73.4973,85.139,3.68856,0.72,0.06,3.24709,3.55179,0,0.60846,6.048,4.3624e+06,2.98533e+06,1.41651e+07,0,0,0,4.36772e+08,87.7185,98.274,4.39787,1,1,1.8929,2.07052,0,1.46234,2.1168,9.06595e+06,3.9903e+06,1.71609e+07,0,0,0,0
73.1303,85.139,3.16958,0.75,0.06,3.24733,3.55205,0,0.608504,6.048,4.3624e+06,2.98533e+06,1.41661e+07,0,0,0,4.36772e+08,88.5366,98.274,3.79802,1,1,1.89304,2.07067,0,1.46245,2.1168,9.06595e+06,3.9903e+06,1.71622e+07,0,0,0,0
72.7422,85.139,3.14856,0.76,0.06,3.24757,3.55231,0,0.608549,6.048,4.3624e+06,2.98533e+06,1.41672e+07,0,0,0,4.36772e+08,89.3268,98.274,4.30357,1,1,1.89317,2.07083,0,1.46256,2.1168,9.06595e+06,3.9903e+06,1.71634e+07,0,0,0,0
72.2144,85.139,2.91047,0.76,0.06,3.20304,3.50361,0,0.608594,6.048,4.3624e+06,2.98533e+06,1.39729e+07,0,0,0,4.36772e+08,89.8275,98.274,3.54078,1,1,1.86488,2.03988,0,1.46267,2.1168,9.06595e+06,3.9903e+06,1.69069e+07,0,0,0,0
70.9465,85.139,2.09433,0.75,0.06,3.20328,3.50387,0,0.60025,6.048,4.3624e+06,2.98533e+06,1.3974e+07,0,0,0,4.36772e+08,90.0017,98.274,2.86815,1,1,1.86502,2.04003,0,1.44081,2.1168,9.06595e+06,3.9903e+06,1.69082e+07,0,0,0,0
69.5038,85.139,1.8916,0.75,0.06,3.20351,3.50413,0,0.600294,6.048,4.3624e+06,2.98533e+06,1.3975e+07,0,0,0,4.36772e+08,90.1636,98.274,2.90043,1,1,1.86516,2.04018,0,1.44091,2.1168,9.06595e+06,3.9903e+06,1.69094e+07,0,0,0,0
68.8828,85.139,2.7229,0.73,0.06,3.20375,3.50438,0,0.600339,6.048,4.3624e+06,2.98533e+06,1.3976e+07,0,0,0,4.36772e+08,90.462,98.274,3.2361,1,1,1.86529,2.04033,0,1.44102,2.1168,9.06595e+06,3.9903e+06,1.69107e+07,0,0,0,0
67.5841,85.139,2.12972,0.71,0.06,3.35597,3.67089,0,0.600383,6.048,4.3624e+06,2.98533e+06,1.46401e+07,0,0,0,4.36772e+08,90.5415,98.274,2.72635,1,1,1.96629,2.1508,0,1.44113,2.1168,9.06595e+06,3.9903e+06,1.78263e+07,0,0,0,0
66.1637,85.139,1.93036,0.76,0.06,3.35622,3.67116,0,0.628909,6.048,4.3624e+06,2.98533e+06,1.46412e+07,0,0,0,4.36772e+08,90.4358,98.274,2.37001,1,1,1.96643,2.15096,0,1.51915,2.1168,9.06595e+06,3.9903e+06,1.78276e+07,0,0,0,0
64.6636,85.139,1.81193,0.73,0.06,3.35647,3.67143,0,0.628956,6.048,4.3624e+06,2.98533e+06,1.46422e+07,0,0,0,4.36772e+08,90.3545,98.274,2.40356,1,1,1.96658,2.15111,0,1.51926,2.1168,9.06595e+06,3.9903e+06,1.78289e+07,0,0,0,0
63.1142,85.139,1.73897,0.72,0.06,3.35671,3.6717,0,0.629002,6.048,4.3624e+06,2.98533e+06,1.46433e+07,0,0,0,4.36772e+08,90.2863,98.274,2.33795,1,1,1.96672,2.15127,0,1.51938,2.1168,9.06595e+06,3.9903e+06,1.78302e+07,0,0,0,0
61.4804,85.139,1.62941,0.68,0.06,3.35696,3.67197,0,0.629048,6.048,4.3624e+06,2.98533e+06,1.46444e+07,0,0,0,4.36772e+08,90.1703,98.274,2.17714,1,1,1.96686,2.15143,0,1.51949,2.1168,9.06595e+06,3.9903e+06,1.78315e+07,0,0,0,0
59.9828,85.139,1.71671,0.76,0.06,3.32714,3.63935,0,0.629094,6.048,4.3624e+06,2.98533e+06,1.45143e+07,0,0,0,4.36772e+08,89.9985,98.274,2.34859,1,1,2.02246,2.21224,0,1.5196,2.1168,9.06595e+06,3.9903e+06,1.83355e+07,0,0,0,0
58.4531,85.139,1.65884,0.72,0.06,3.32738,3.63962,0,0.623506,6.048,4.3624e+06,2.98533e+06,1.45154e+07,0,0,0,4.36772e+08,89.7947,98.274,2.31665,1,1,2.02261,2.21241,0,1.56255,2.1168,9.06595e+06,3.9903e+06,1.83369e+07,0,0,0,0
56.8,85.139,1.48388,0.65,0.06,3.32763,3.63989,0,0.623552,6.048,4.3624e+06,2.98533e+06,1.45164e+07,0,0,0,4.36772e+08,89.5243,98.274,2.14436,1,1,2.02276,2.21257,0,1.56267,2.1168,9.06595e+06,3.9903e+06,1.83382e+07,0,0,0,0
55.0829,85.139,1.3895,0.63,0.06,3.32787,3.64015,0,0.623597,6.048,4.3624e+06,2.98533e+06,1.45175e+07,0,0,0,4.36772e+08,89.2323,98.274,2.17563,1,1,2.02291,2.21273,0,1.56278,2.1168,9.06595e+06,3.9903e+06,1.83396e+07,0,0,0,0
53.3342,85.139,1.38179,0.72,0.06,3.40579,3.72538,0,0.623643,6.048,4.3624e+06,2.98533e+06,1.48574e+07,0,0,0,4.36772e+08,88.9565,98.274,2.21732,1,1,2.07249,2.26697,0,1.5629,2.1168,9.06595e+06,3.9903e+06,1.87891e+07,0,0,0,0
51.5509,85.139,1.33713,0.68,0.06,3.40604,3.72566,0,0.638245,6.048,4.3624e+06,2.98533e+06,1.48585e+07,0,0,0,4.36772e+08,88.6032,98.274,2.13638,1,1,2.07264,2.26714,0,1.60121,2.1168,9.06595e+06,3.9903e+06,1.87905e+07,0,0,0,0
49.7186,85.139,1.23827,0.63,0.06,3.40629,3.72593,0,0.638292,6.048,4.3624e+06,2.98533e+06,1.48596e+07,0,0,0,4.36772e+08,88.096,98.274,2.05121,1,1,2.0728,2.2673,0,1.60132,2.1168,9.06595e+06,3.9903e+06,1.87919e+07,0,0,0,0
47.8154,85.139,1.12749,0.69,0.06,3.40654,3.7262,0,0.638339,6.048,4.3624e+06,2.98533e+06,1.48607e+07,0,0,0,4.36772e+08,87.68,98.274,1.80507,1,1,2.07295,2.26747,0,1.60144,2.1168,9.06595e+06,3.9903e+06,1.87932e+07,0,0,0,0
45.9175,85.139,1.25836,0.66,0.06,3.63432,3.97535,0,0.638386,6.048,4.3624e+06,2.98533e+06,1.58543e+07,0,0,0,4.36772e+08,87.3425,98.274,2.49781,1,1,2.1168,2.46287,0.134785,1.60156,2.1168,9.06595e+06,3.9903e+06,1.91908e+07,0,0,0,0
43.6674,85.139,0.864477,0.61,0.06,3.63458,3.97564,0,0.681071,6.048,4.3624e+06,2.98533e+06,1.58555e+07,0,0,0,4.36772e+08,86.9338,98.274,2.25282,1,1,2.1168,2.46305,0.134951,1.63544,2.1168,9.06595e+06,3.9903e+06,1.91908e+07,0,0,0,0
41.4283,85.139,0.814525,0.7,0.06,3.63485,3.97594,0,0.681121,6.048,4.3624e+06,2.98533e+06,1.58567e+07,0,0,0,4.36772e+08,86.4838,98.274,2.11368,1,1,2.1168,2.46323,0.135116,1.63544,2.1168,9.06595e+06,3.9903e+06,1.91908e+07,0,0,0,0
39.5364,85.139,1.10652,0.64,0.06,3.63512,3.97623,0,0.681171,6.048,4.3624e+06,2.98533e+06,1.58578e+07,0,0,0,4.36772e+08,86.0868,98.274,2.3812,1,1,2.1168,2.46341,0.135282,1.63544,2.1168,9.06595e+06,3.9903e+06,1.91908e+07,0,0,0,0
38.158,85.139,1.62456,0.74,0.06,3.63538,3.97652,0,0.681221,6.048,4.3624e+06,2.98533e+06,1.5859e+07,0,0,0,4.36772e+08,85.8752,98.274,2.78653,1,1,2.1168,2.46359,0.135447,1.63544,2.1168,9.06595e+06,3.9903e+06,1.91908e+07,0,0,0,0
36.6158,85.139,1.3035,0.71,0.06,3.52472,3.85548,0,0.681271,6.048,4.3624e+06,2.98533e+06,1.53762e+07,0,0,0,4.36772e+08,85.9646,98.274,4.12822,1,1,2.1168,2.34523,0.0272391,1.63544,2.1168,9.06595e+06,3.9903e+06,1.91908e+07,0,0,0,0
34.8729,85.139,1.04566,0.71,0.06,3.52498,3.85576,0,0.660533,6.048,4.3624e+06,2.98533e+06,1.53774e+07,0,0,0,4.36772e+08,85.5876,98.274,2.38082,1,1,2.1168,2.3454,0.0273967,1.63544,2.1168,9.06595e+06,3.9903e+06,1.91908e+07,0,0,0,0
33.1666,85.139,1.01311,0.71,0.06,3.52524,3.85604,0,0.660582,6.048,4.3624e+06,2.98533e+06,1.53785e+07,0,0,0,4.36772e+08,85.1699,98.274,2.19687,1,1,2.1168,2.34558,0.0275543,1.63544,2.1168,9.06595e+06,3.9903e+06,1.91908e+07,0,0,0,0
32.4113,85.139,2.08086,0.77,0.06,3.5255,3.85633,0,0.66063,6.048,4.3624e+06,2.98533e+06,1.53796e+07,0,0,0,4.36772e+08,85.4351,98.274,3.73652,1,1,2.1168,2.34575,0.0277119,1.63544,2.1168,9.06595e+06,3.9903e+06,1.91908e+07,0,0,0,0
32.7533,85.139,3.12411,0.76,0.06,3.43468,3.75698,0,0.660679,6.048,4.3624e+06,2.98533e+06,1.49834e+07,0,0,0,4.36772e+08,85.6029,98.274,3.56882,1,1,2.04599,2.23799,0,1.63544,2.1168,9.06595e+06,3.9903e+06,1.85489e+07,0,0,0,0
31.8939,85.139,1.85813,0.74,0.06,3.43493,3.75726,0,0.643659,6.048,4.3624e+06,2.98533e+06,1.49845e+07,0,0,0,4.36772e+08,85.4061,98.274,2.36952,1,1,2.04614,2.23815,0,1.58073,2.1168,9.06595e+06,3.9903e+06,1.85502e+07,0,0,0,0
31.8191,85.139,2.63402,0.72,0.06,3.43519,3.75754,0,0.643706,6.048,4.3624e+06,2.98533e+06,1.49856e+07,0,0,0,4.36772e+08,85.2691,98.274,2.24637,1,1,2.04629,2.23831,0,1.58085,2.1168,9.06595e+06,3.9903e+06,1.85516e+07,0,0,0,0
35.7731,85.139,6.84397,0.71,0.06,3.43544,3.75781,0,0.643754,6.048,4.3624e+06,2.98533e+06,1.49868e+07,0,0,0,4.36772e+08,86.4633,98.274,6.80362,1,1,2.04644,2.23848,0,1.58097,2.1168,9.06595e+06,3.9903e+06,1.8553e+07,0,0,0,0
37.3061,85.139,4.32748,0.68,0.06,3.17694,3.47506,0,0.643801,6.048,4.3624e+06,2.98533e+06,1.38591e+07,0,0,0,4.36772e+08,87.1317,98.274,4.47694,1,1,1.84102,2.01378,0,1.58108,2.1168,9.06595e+06,3.9903e+06,1.66906e+07,0,0,0,0
38.0293,85.139,3.52658,0.68,0.06,3.17718,3.47532,0,0.595359,6.048,4.3624e+06,2.98533e+06,1.38601e+07,0,0,0,4.36772e+08,88.3481,98.274,5.47245,1,1,1.84116,2.01393,0,1.42237,2.1168,9.06595e+06,3.9903e+06,1.66918e+07,0,0,0,0
39.1263,85.139,3.96349,0.71,0.06,3.17741,3.47557,0,0.595403,6.048,4.3624e+06,2.98533e+06,1.38611e+07,0,0,0,4.36772e+08,89.5837,98.274,5.29251,1,1,1.84129,2.01408,0,1.42248,2.1168,9.06595e+06,3.9903e+06,1.66931e+07,0,0,0,0
39.6507,85.139,3.40373,0.71,0.06,3.17764,3.47583,0,0.595447,6.048,4.3624e+06,2.98533e+06,1.38622e+07,0,0,0,4.36772e+08,90.7892,98.274,5.16373,1,1,1.84143,2.01422,0,1.42258,2.1168,9.06595e+06,3.9903e+06,1.66943e+07,0,0,0,0
41.7595,85.139,4.99044,0.72,0.06,3.17788,3.47608,0,0.595491,6.048,4.3624e+06,2.98533e+06,1.38632e+07,0,0,0,4.36772e+08,91.8943,98.274,5.40677,1,1,1.84156,2.01437,0,1.42269,2.1168,9.06595e+06,3.9903e+06,1.66955e+07,0,0,0,0
48.5428,85.139,10.0758,0.68,0.06,3.17788,3.47608,0,0.595534,6.048,4.3624e+06,2.98533e+06,1.38632e+07,0,0,0,4.36772e+08,94.9112,98.274,8.97591,1,1,1.84156,2.01437,0,1.42279,2.1168,9.06595e+06,3.9903e+06,1.66955e+07,0,0,0,0
53.0508,85.139,7.94395,0.67,0.08,3.27766,3.58523,0,0.595534,6.048,4.3624e+06,2.98533e+06,1.42984e+07,0,0,0,4.36772e+08,96.368,98.274,7.24262,1,1,1.90124,2.07965,0,1.42279,2.1168,9.06595e+06,3.9903e+06,1.72365e+07,0,0,0,0
56.5681,85.139,6.95327,0.67,0.08,3.27787,3.58546,0,0.614233,6.048,4.3624e+06,2.98533e+06,1.42994e+07,0,0,0,4.36772e+08,97.5625,98.274,6.60286,1,1,1.90136,2.07978,0,1.4689,2.1168,9.06595e+06,3.9903e+06,1.72376e+07,0,0,0,0
59.029,85.139,5.87372,0.69,0.08,3.27808,3.58569,0,0.614272,6.048,4.3624e+06,2.98533e+06,1.43003e+07,0,0,0,4.36772e+08,98.1129,98.274,5.15447,1,1,1.90148,2.07991,0,1.46899,2.1168,9.06595e+06,3.9903e+06,1.72387e+07,0,0,0,0
62.5719,85.139,7.17965,0.67,0.08,3.27829,3.58592,0,0.614312,6.048,4.3624e+06,2.98533e+06,1.43012e+07,0,0,0,4.36772e+08,99.021,98.274,6.23801,1,1,1.9016,2.08005,0,1.46909,2.1168,9.06595e+06,3.9903e+06,1.72399e+07,0,0,0,0
64.9396,85.139,6.2675,0.65,0.08,3.59828,3.93593,0,0.614351,6.048,4.3624e+06,2.98533e+06,1.56971e+07,0,0,0,4.36772e+08,99.3022,98.274,7.32573,1,1,2.1168,2.32477,0.00852943,1.46918,2.1168,9.06595e+06,3.9903e+06,1.91908e+07,0,0,0,0
69.5215,85.139,8.63441,0.67,0.08,3.59851,3.93618,0,0.674317,6.048,4.3624e+06,2.98533e+06,1.56981e+07,0,0,0,4.36772e+08,99.3022,98.274,8.47336,1,1,2.1168,2.32492,0.00866609,1.63544,2.1168,9.06595e+06,3.9903e+06,1.91908e+07,0,0,0,0
75.9329,85.139,10.6612,0.62,0.08,3.59874,3.93644,0,0.67436,6.048,4.3624e+06,2.98533e+06,1.56991e+07,0,0,0,4.36772e+08,99.3022,98.274,10.0481,1,1,2.1168,2.32506,0.00880254,1.63544,2.1168,9.06595e+06,3.9903e+06,1.91908e+07,0,0,0,0
80.8024,85.139,9.18118,0.59,0.08,3.59897,3.93669,0,0.674404,6.048,4.3624e+06,2.98533e+06,1.57001e+07,0,0,0,4.36772e+08,99.3022,98.274,10.0673,1,1,2.1168,2.32521,0.0089392,1.63544,2.1168,9.06595e+06,3.9903e+06,1.91908e+07,0,0,0,0
85.1301,85.139,8.26861,0.55,0.08,3.14298,3.43791,0,0.674447,6.048,4.3624e+06,2.98533e+06,1.37109e+07,0,0,0,4.36772e+08,99.3022,98.274,9.83898,1,1,1.82572,1.99704,0,1.63544,2.1168,9.06595e+06,3.9903e+06,1.65519e+07,0,0,0,0
85.139,85.139,6.40283,0.56,0.08,3.14318,3.43813,0,0.588994,6.048,4.3624e+06,2.98533e+06,1.37118e+07,0,0,0,4.36772e+08,99.3022,98.274,7.01065,1,1,1.82584,1.99717,0,1.41055,2.1168,9.06595e+06,3.9903e+06,1.6553e+07,0,0,0,0
85.139,85.139,6.03615,0.52,0.08,3.14338,3.43835,0,0.589032,6.048,4.3624e+06,2.98533e+06,1.37127e+07,0,0,0,4.36772e+08,99.3022,98.274,6.52064,1,1,1.82596,1.9973,0,1.41064,2.1168,9.06595e+06,3.9903e+06,1.6554e+07,0,0,0,0
85.139,85.139,5.22777,0.53,0.08,3.14359,3.43857,0,0.58907,6.048,4.3624e+06,2.98533e+06,1.37136e+07,0,0,0,4.36772e+08,99.3022,98.274,6.13388,1,1,1.82607,1.99743,0,1.41073,2.1168,9.06595e+06,3.9903e+06,1.65551e+07,0,0,0,0
85.139,85.139,8.75598,0.54,0.08,3.14379,3.4388,0,0.589108,6.048,4.3624e+06,2.98533e+06,1.37145e+07,0,0,0,4.36772e+08,99.3022,98.274,8.32293,1,1,1.82619,1.99756,0,1.41082,2.1168,9.06595e+06,3.9903e+06,1.65562e+07,0,0,0,0
85.139,85.139,8.21382,0.56,0.08,3.25887,3.56467,0,0.589146,6.048,4.3624e+06,2.98533e+06,1.42165e+07,0,0,0,4.36772e+08,99.3022,98.274,9.03278,1,1,1.89976,2.07803,0,1.41092,2.1168,9.06595e+06,3.9903e+06,1.72231e+07,0,0,0,0
85.139,85.139,6.12835,0.55,0.08,3.25907,3.5649,0,0.610711,6.048,4.3624e+06,2.98533e+06,1.42174e+07,0,0,0,4.36772e+08,99.3022,98.274,6.50267,1,1,1.89988,2.07816,0,1.46776,2.1168,9.06595e+06,3.9903e+06,1.72242e+07,0,0,0,0
85.139,85.139,5.70955,0.53,0.08,3.25928,3.56513,0,0.610751,6.048,4.3624e+06,2.98533e+06,1.42183e+07,0,0,0,4.36772e+08,99.3022,98.274,5.85694,1,1,1.90001,2.0783,0,1.46785,2.1168,9.06595e+06,3.9903e+06,1.72254e+07,0,0,0,0
85.139,85.139,5.75455,0.52,0.08,3.25949,3.56536,0,0.61079,6.048,4.3624e+06,2.98533e+06,1.42192e+07,0,0,0,4.36772e+08,99.3022,98.274,7.31503,1,1,1.90013,2.07843,0,1.46794,2.1168,9.06595e+06,3.9903e+06,1.72265e+07,0,0,0,0
85.139,85.139,4.82523,0.48,0.08,3.21478,3.51644,0,0.610829,6.048,4.3624e+06,2.98533e+06,1.40241e+07,0,0,0,4.36772e+08,99.3022,98.274,4.37999,1,1,1.87171,2.04735,0,1.46804,2.1168,9.06595e+06,3.9903e+06,1.69689e+07,0,0,0,0
85.139,85.139,4.08113,0.47,0.08,3.21498,3.51667,0,0.602449,6.048,4.3624e+06,2.98533e+06,1.4025e+07,0,0,0,4.36772e+08,99.3022,98.274,3.91023,1,1,1.87183,2.04748,0,1.44609,2.1168,9.06595e+06,3.9903e+06,1.697e+07,0,0,0,0
85.139,85.139,3.61192,0.45,0.08,3.21519,3.5169,0,0.602488,6.048,4.3624e+06,2.98533e+06,1.40259e+07,0,0,0,4.36772e+08,99.3022,98.274,3.42657,1,1,1.87195,2.04761,0,1.44618,2.1168,9.06595e+06,3.9903e+06,1.6971e+07,0,0,0,0
85.0819,85.139,3.42188,0.42,0.08,3.2154,3.51712,0,0.602526,6.048,4.3624e+06,2.98533e+06,1.40268e+07,0,0,0,4.36772e+08,99.3022,98.274,3.20812,1,1,1.87207,2.04775,0,1.44627,2.1168,9.06595e+06,3.9903e+06,1.69721e+07,0,0,0,0
85.139,85.139,3.93191,0.48,0.08,3.36814,3.6842,0,0.602565,6.048,4.3624e+06,2.98533e+06,1.46932e+07,0,0,0,4.36772e+08,99.3022,98.274,3.55463,1,1,1.97342,2.1586,0,1.44636,2.1168,9.06595e+06,3.9903e+06,1.78909e+07,0,0,0,0
85.1172,85.139,3.79543,0.3,0.08,3.62122,3.68444,0,0.63119,6.048,4.3624e+06,2.98533e+06,1.57972e+07,0,0,0,4.36772e+08,99.2943,98.274,3.7585,1,1,2.1168,2.15874,0.00489708,1.52466,2.1168,9.06595e+06,3.9903e+06,1.91908e+07,0,0,0,0
84.9955,85.139,3.48955,0.41,0.08,3.36857,3.68467,0,0.678617,6.048,4.3624e+06,2.98533e+06,1.46951e+07,0,0,0,4.36772e+08,99.3022,98.274,3.54587,1,1,1.97367,2.15887,0,1.63544,2.1168,9.06595e+06,3.9903e+06,1.78932e+07,0,0,0,0
84.5361,85.139,3.30344,0.33,0.08,3.62169,3.68491,0,0.631271,6.048,4.3624e+06,2.98533e+06,1.57992e+07,0,0,0,4.36772e+08,99.2254,98.274,3.56919,1,1,2.1168,2.15901,0.00516984,1.52486,2.1168,9.06595e+06,3.9903e+06,1.91908e+07,0,0,0,0
83.7738,85.139,2.93068,0.31,0.08,3.62192,3.68515,0,0.678704,6.048,4.3624e+06,2.98533e+06,1.58003e+07,0,0,0,4.36772e+08,98.8312,98.274,2.35052,1,1,2.1168,2.15915,0.00530622,1.63544,2.1168,9.06595e+06,3.9903e+06,1.91908e+07,0,0,0,0
82.8626,85.139,2.74257,0.26,0.08,3.58971,3.65238,0,0.678748,6.048,4.3624e+06,2.98533e+06,1.56597e+07,0,0,0,4.36772e+08,98.4105,98.274,2.06439,1,1,2.1168,2.22016,0.0652705,1.63544,2.1168,9.06595e+06,3.9903e+06,1.91908e+07,0,0,0,0
81.7264,85.139,2.50986,0.25,0.08,3.58994,3.65261,0,0.672712,6.048,4.3624e+06,2.98533e+06,1.56608e+07,0,0,0,4.36772e+08,97.8315,98.274,2.05023,1,1,2.1168,2.22031,0.0654109,1.63544,2.1168,9.06595e+06,3.9903e+06,1.91908e+07,0,0,0,0
80.3742,85.139,2.26981,0.23,0.08,3.59017,3.65285,0,0.672755,6.048,4.3624e+06,2.98533e+06,1.56618e+07,0,0,0,4.36772e+08,97.1869,98.274,1.8465,1,1,2.1168,2.22045,0.065551,1.63544,2.1168,9.06595e+06,3.9903e+06,1.91908e+07,0,0,0,0
79.0055,85.139,2.21366,0.2,0.08,3.5904,3.65308,0,0.672798,6.048,4.3624e+06,2.98533e+06,1.56628e+07,0,0,0,4.36772e+08,96.4298,98.274,1.74752,1,1,2.1168,2.22059,0.0656913,1.63544,2.1168,9.06595e+06,3.9903e+06,1.91908e+07,0,0,0,0
77.6836,85.139,2.3196,0.22,0.08,3.67443,3.73858,0,0.672842,6.048,4.3624e+06,2.98533e+06,1.60293e+07,0,0,0,4.36772e+08,95.5562,98.274,1.67164,1,1,2.1168,2.275,0.119165,1.63544,2.1168,9.06595e+06,3.9903e+06,1.91908e+07,0,0,0,0
76.0854,85.139,2.02619,0.2,0.08,3.67467,3.73882,0,0.688589,6.048,4.3624e+06,2.98533e+06,1.60304e+07,0,0,0,4.36772e+08,94.6435,98.274,1.55284,1,1,2.1168,2.27514,0.119309,1.63544,2.1168,9.06595e+06,3.9903e+06,1.91908e+07,0,0,0,0
74.3492,85.139,1.86828,0.18,0.08,3.6749,3.73906,0,0.688633,6.048,4.3624e+06,2.98533e+06,1.60314e+07,0,0,0,4.36772e+08,93.719,98.274,1.49388,1,1,2.1168,2.27529,0.119452,1.63544,2.1168,9.06595e+06,3.9903e+06,1.91908e+07,0,0,0,0
72.3458,85.139,1.56351,0.18,0.08,3.67514,3.7393,0,0.688677,6.048,4.3624e+06,2.98533e+06,1.60324e+07,0,0,0,4.36772e+08,92.8618,98.274,1.47667,1,1,2.1168,2.27544,0.119596,1.63544,2.1168,9.06595e+06,3.9903e+06,1.91908e+07,0,0,0,0
70.3725,85.139,1.8307,0.22,0.08,3.92084,3.98929,0,0.688721,6.048,4.3624e+06,2.98533e+06,1.71043e+07,0,0,0,4.36772e+08,91.9847,98.274,1.51488,1,1,2.1168,2.4715,0.312296,1.63544,2.1168,9.06595e+06,3.9903e+06,1.91908e+07,0,0,0,0
68.3069,85.139,1.71407,0.22,0.08,3.92109,3.98954,0,0.734765,6.048,4.3624e+06,2.98533e+06,1.71054e+07,0,0,0,4.36772e+08,91.2173,98.274,1.43844,1,1,2.1168,2.47166,0.312452,1.63544,2.1168,9.06595e+06,3.9903e+06,1.91908e+07,0,0,0,0
66.6553,85.139,2.10711,0.24,0.08,3.92134,3.9898,0,0.734812,6.048,4.3624e+06,2.98533e+06,1.71065e+07,0,0,0,4.36772e+08,90.3866,98.274,1.63803,1,1,2.1168,2.47182,0.312609,1.63544,2.1168,9.06595e+06,3.9903e+06,1.91908e+07,0,0,0,0
64.6362,85.139,1.71126,0.26,0.08,3.92159,3.99005,0,0.73486,6.048,4.3624e+06,2.98533e+06,1.71076e+07,0,0,0,4.36772e+08,89.8328,98.274,1.4468,1,1,2.1168,2.47198,0.312765,1.63544,2.1168,9.06595e+06,3.9903e+06,1.91908e+07,0,0,0,0
63.7972,85.139,3.04136,0.26,0.08,3.92185,3.99031,0,0.734907,6.048,4.3624e+06,2.98533e+06,1.71087e+07,0,0,0,4.36772e+08,89.431,98.274,2.74059,1,1,2.1168,2.47214,0.312921,1.63544,2.1168,9.06595e+06,3.9903e+06,1.91908e+07,0,0,0,0
63.5548,85.139,3.58064,0.26,0.08,3.80243,3.86881,0,0.734954,6.048,4.3624e+06,2.98533e+06,1.65877e+07,0,0,0,4.36772e+08,89.2292,98.274,3.60498,1,1,2.1168,2.35334,0.196165,1.63544,2.1168,9.06595e+06,3.9903e+06,1.91908e+07,0,0,0,0
63.1732,85.139,3.45962,0.29,0.08,3.80267,3.86906,0,0.712576,6.048,4.3624e+06,2.98533e+06,1.65888e+07,0,0,0,4.36772e+08,88.9173,98.274,3.36077,1,1,2.1168,2.35349,0.196313,1.63544,2.1168,9.06595e+06,3.9903e+06,1.91908e+07,0,0,0,0
62.273,85.139,2.87344,0.3,0.08,3.80292,3.86931,0,0.712621,6.048,4.3624e+06,2.98533e+06,1.65898e+07,0,0,0,4.36772e+08,88.5329,98.274,3.03667,1,1,2.1168,2.35364,0.196462,1.63544,2.1168,9.06595e+06,3.9903e+06,1.91908e+07,0,0,0,0
62.2469,85.139,3.73165,0.35,0.08,3.80316,3.86956,0,0.712667,6.048,4.3624e+06,2.98533e+06,1.65909e+07,0,0,0,4.36772e+08,88.5108,98.274,4.36672,1,1,2.1168,2.3538,0.19661,1.63544,2.1168,9.06595e+06,3.9903e+06,1.91908e+07,0,0,0,0
62.4149,85.139,3.97245,0.37,0.08,3.70516,3.76984,0,0.712713,6.048,4.3624e+06,2.98533e+06,1.61634e+07,0,0,0,4.36772e+08,88.9175,98.274,5.5661,1,1,2.1168,2.24564,0.0903124,1.63544,2.1168,9.06595e+06,3.9903e+06,1.91908e+07,0,0,0,0
62.4193,85.139,3.70407,0.39,0.08,3.70539,3.77008,0,0.694346,6.048,4.3624e+06,2.98533e+06,1.61644e+07,0,0,0,4.36772e+08,88.9639,98.274,3.35502,1,1,2.1168,2.24579,0.0904542,1.63544,2.1168,9.06595e+06,3.9903e+06,1.91908e+07,0,0,0,0
63.0078,85.139,3.98699,0.41,0.08,3.44687,3.77032,0,0.694391,6.048,4.3624e+06,2.98533e+06,1.50366e+07,0,0,0,4.36772e+08,89.03,98.274,3.88346,1,1,2.05326,2.24593,0,1.63544,2.1168,9.06595e+06,3.9903e+06,1.86147e+07,0,0,0,0
63.1015,85.139,3.7233,0.34,0.08,3.70587,3.77056,0,0.645944,6.048,4.3624e+06,2.98533e+06,1.61665e+07,0,0,0,4.36772e+08,89.2323,98.274,4.25081,1,1,2.1168,2.24607,0.0907377,1.58635,2.1168,9.06595e+06,3.9903e+06,1.91908e+07,0,0,0,0
62.4932,85.139,2.9458,0.38,0.08,3.427,3.48682,0,0.69448,6.048,4.3624e+06,2.98533e+06,1.49499e+07,0,0,0,4.36772e+08,89.5376,98.274,4.79705,1,1,1.98593,2.02059,0,1.63544,2.1168,9.06595e+06,3.9903e+06,1.80043e+07,0,0,0,0
63.3413,85.139,4.4598,0.39,0.08,3.42722,3.48705,0,0.642219,6.048,4.3624e+06,2.98533e+06,1.49509e+07,0,0,0,4.36772e+08,91.0586,98.274,7.40241,1,1,1.98605,2.02072,0,1.53433,2.1168,9.06595e+06,3.9903e+06,1.80055e+07,0,0,0,0
64.691,85.139,4.78903,0.43,0.08,3.1881,3.48727,0,0.64226,6.048,4.3624e+06,2.98533e+06,1.39078e+07,0,0,0,4.36772e+08,92.0468,98.274,7.79297,1,1,1.84749,2.02085,0,1.53442,2.1168,9.06595e+06,3.9903e+06,1.67492e+07,0,0,0,0
65.2575,85.139,3.97097,0.45,0.08,3.18831,3.48749,0,0.597451,6.048,4.3624e+06,2.98533e+06,1.39087e+07,0,0,0,4.36772e+08,92.0016,98.274,3.75086,1,1,1.84761,2.02098,0,1.42737,2.1168,9.06595e+06,3.9903e+06,1.67503e+07,0,0,0,0
64.4784,85.139,2.56046,0.52,0.08,3.18851,3.48772,0,0.597489,6.048,4.3624e+06,2.98533e+06,1.39096e+07,0,0,0,4.36772e+08,91.982,98.274,2.98693,1,1,1.84773,2.02111,0,1.42746,2.1168,9.06595e+06,3.9903e+06,1.67514e+07,0,0,0,0
68.8125,85.139,8.1171,0.55,0.08,3.2886,3.59719,0,0.597527,6.048,4.3624e+06,2.98533e+06,1.43462e+07,0,0,0,4.36772e+08,92.3167,98.274,4.36876,1,1,1.90758,2.08659,0,1.42755,2.1168,9.06595e+06,3.9903e+06,1.72941e+07,0,0,0,0
70.3106,85.139,5.14559,0.52,0.08,3.28878,3.59739,0,0.616283,6.048,4.3624e+06,2.98533e+06,1.4347e+07,0,0,0,4.36772e+08,92.6637,98.274,4.04006,1,1,1.90769,2.0867,0,1.4738,2.1168,9.06595e+06,3.9903e+06,1.7295e+07,0,0,0,0
69.8768,85.139,3.12146,0.55,0.08,3.28896,3.59759,0,0.616317,6.048,4.3624e+06,2.98533e+06,1.43478e+07,0,0,0,4.36772e+08,93.1699,98.274,4.20241,1,1,1.90779,2.08682,0,1.47388,2.1168,9.06595e+06,3.9903e+06,1.7296e+07,0,0,0,0
74.6259,85.139,8.59119,0.56,0.08,3.28914,3.59779,0,0.616351,6.048,4.3624e+06,2.98533e+06,1.43485e+07,0,0,0,4.36772e+08,94.5102,98.274,7.77469,1,1,1.9079,2.08693,0,1.47396,2.1168,9.06595e+06,3.9903e+06,1.72969e+07,0,0,0,0
73.997,85.139,3.1905,0.49,0.08,3.61016,3.94893,0,0.616385,6.048,4.3624e+06,2.98533e+06,1.57489e+07,0,0,0,4.36772e+08,94.3909,98.274,2.49048,1,1,2.1168,2.33244,0.0155455,1.47404,2.1168,9.06595e+06,3.9903e+06,1.91908e+07,0,0,0,0
73.8854,85.139,3.72963,0.53,0.08,3.61035,3.94914,0,0.676543,6.048,4.3624e+06,2.98533e+06,1.57498e+07,0,0,0,4.36772e+08,94.4902,98.274,3.19148,1,1,2.1168,2.33257,0.0156632,1.63544,2.1168,9.06595e+06,3.9903e+06,1.91908e+07,0,0,0,0
73.8908,85.139,3.88098,0.55,0.08,3.61055,3.94936,0,0.67658,6.048,4.3624e+06,2.98533e+06,1.57507e+07,0,0,0,4.36772e+08,94.7664,98.274,3.75484,1,1,2.1168,2.3327,0.0157809,1.63544,2.1168,9.06595e+06,3.9903e+06,1.91908e+07,0,0,0,0
73.9441,85.139,3.91062,0.57,0.08,3.61075,3.94958,0,0.676618,6.048,4.3624e+06,2.98533e+06,1.57515e+07,0,0,0,4.36772e+08,95.0484,98.274,3.91137,1,1,2.1168,2.33283,0.0158986,1.63544,2.1168,9.06595e+06,3.9903e+06,1.91908e+07,0,0,0,0
74.9671,85.139,4.51469,0.57,0.08,3.15324,3.44913,0,0.676655,6.048,4.3624e+06,2.98533e+06,1.37557e+07,0,0,0,4.36772e+08,95.8765,98.274,5.02409,1,1,1.83168,2.00356,0,1.63544,2.1168,9.06595e+06,3.9903e+06,1.66059e+07,0,0,0,0
76.1227,85.139,4.78876,0.59,0.08,3.15341,3.44933,0,0.590917,6.048,4.3624e+06,2.98533e+06,1.37565e+07,0,0,0,4.36772e+08,96.5412,98.274,5.7957,1,1,1.83178,2.00367,0,1.41516,2.1168,9.06595e+06,3.9903e+06,1.66069e+07,0,0,0,0
76.6215,85.139,4.03638,0.62,0.08,3.15359,3.44952,0,0.59095,6.048,4.3624e+06,2.98533e+06,1.37572e+07,0,0,0,4.36772e+08,96.9288,98.274,4.13981,1,1,1.83188,2.00378,0,1.41524,2.1168,9.06595e+06,3.9903e+06,1.66078e+07,0,0,0,0
77.4548,85.139,4.40394,0.63,0.08,3.15376,3.44971,0,0.590983,6.048,4.3624e+06,2.98533e+06,1.3758e+07,0,0,0,4.36772e+08,97.3242,98.274,4.23364,1,1,1.83199,2.0039,0,1.41531,2.1168,9.06595e+06,3.9903e+06,1.66087e+07,0,0,0,0
77.3634,85.139,3.45259,0.64,0.08,3.15394,3.4499,0,0.591015,6.048,4.3624e+06,2.98533e+06,1.37587e+07,0,0,0,4.36772e+08,97.632,98.274,4.01268,1,1,1.83209,2.00401,0,1.41539,2.1168,9.06595e+06,3.9903e+06,1.66096e+07,0,0,0,0
79.03,85.139,5.43703,0.63,0.08,3.26936,3.57615,0,0.591048,6.048,4.3624e+06,2.98533e+06,1.42622e+07,0,0,0,4.36772e+08,98.381,98.274,6.45252,1,1,1.90588,2.08472,0,1.41547,2.1168,9.06595e+06,3.9903e+06,1.72786e+07,0,0,0,0
80.0825,85.139,4.7882,0.65,0.08,3.26954,3.57634,0,0.612677,6.048,4.3624e+06,2.98533e+06,1.4263e+07,0,0,0,4.36772e+08,99.092,98.274,5.96384,1,1,1.90598,2.08484,0,1.47248,2.1168,9.06595e+06,3.9903e+06,1.72795e+07,0,0,0,0
80.0768,85.139,3.65397,0.59,0.08,3.26972,3.57654,0,0.612711,6.048,4.3624e+06,2.98533e+06,1.42638e+07,0,0,0,4.36772e+08,99.3022,98.274,4.39147,1,1,1.90609,2.08495,0,1.47256,2.1168,9.06595e+06,3.9903e+06,1.72805e+07,0,0,0,0
80.0547,85.139,3.56378,0.59,0.08,3.2699,3.57674,0,0.612745,6.048,4.3624e+06,2.98533e+06,1.42646e+07,0,0,0,4.36772e+08,99.3022,98.274,4.17739,1,1,1.90619,2.08507,0,1.47264,2.1168,9.06595e+06,3.9903e+06,1.72814e+07,0,0,0,0
79.4797,85.139,2.90841,0.58,0.08,3.22501,3.52764,0,0.612779,6.048,4.3624e+06,2.98533e+06,1.40688e+07,0,0,0,4.36772e+08,99.3022,98.274,3.28124,1,1,1.87767,2.05387,0,1.47272,2.1168,9.06595e+06,3.9903e+06,1.70229e+07,0,0,0,0
78.5974,85.139,2.57352,0.53,0.08,3.22519,3.52783,0,0.604366,6.048,4.3624e+06,2.98533e+06,1.40695e+07,0,0,0,4.36772e+08,99.3022,98.274,2.97145,1,1,1.87777,2.05398,0,1.45069,2.1168,9.06595e+06,3.9903e+06,1.70238e+07,0,0,0,0
77.6114,85.139,2.38223,0.63,0.08,3.22536,3.52802,0,0.6044,6.048,4.3624e+06,2.98533e+06,1.40703e+07,0,0,0,4.36772e+08,99.2603,98.274,2.74353,1,1,1.87788,2.05409,0,1.45077,2.1168,9.06595e+06,3.9903e+06,1.70248e+07,0,0,0,0
76.582,85.139,2.32674,0.61,0.08,3.22554,3.52822,0,0.604433,6.048,4.3624e+06,2.98533e+06,1.40711e+07,0,0,0,4.36772e+08,99.3022,98.274,3.13226,1,1,1.87798,2.05421,0,1.45085,2.1168,9.06595e+06,3.9903e+06,1.70257e+07,0,0,0,0
75.2543,85.139,2.15288,0.52,0.08,3.37874,3.69579,0,0.604466,6.048,4.3624e+06,2.98533e+06,1.47394e+07,0,0,0,4.36772e+08,99.2969,98.274,2.71012,1,1,1.97962,2.16539,0,1.45093,2.1168,9.06595e+06,3.9903e+06,1.79472e+07,0,0,0,0
73.808,85.139,2.13337,0.29,0.08,3.63258,3.696,0,0.633175,6.048,4.3624e+06,2.98533e+06,1.58468e+07,0,0,0,4.36772e+08,99.1487,98.274,2.72345,1,1,2.1168,2.16551,0.0115529,1.52946,2.1168,9.06595e+06,3.9903e+06,1.91908e+07,0,0,0,0
72.15,85.139,1.89547,0.25,0.08,3.63278,3.6962,0,0.680746,6.048,4.3624e+06,2.98533e+06,1.58476e+07,0,0,0,4.36772e+08,98.8662,98.274,2.29221,1,1,2.1168,2.16563,0.0116703,1.63544,2.1168,9.06595e+06,3.9903e+06,1.91908e+07,0,0,0,0
70.4416,85.139,1.82087,0.31,0.08,3.63298,3.6964,0,0.680783,6.048,4.3624e+06,2.98533e+06,1.58485e+07,0,0,0,4.36772e+08,98.4684,98.274,2.05791,1,1,2.1168,2.16575,0.0117877,1.63544,2.1168,9.06595e+06,3.9903e+06,1.91908e+07,0,0,0,0
68.974,85.139,2.06581,0.26,0.08,3.63318,3.69661,0,0.680821,6.048,4.3624e+06,2.98533e+06,1.58494e+07,0,0,0,4.36772e+08,98.1539,98.274,2.28185,1,1,2.1168,2.16587,0.0119051,1.63544,2.1168,9.06595e+06,3.9903e+06,1.91908e+07,0,0,0,0
67.1834,85.139,2.04654,0,0.08,4.0242,3.6637,0,0.680858,6.048,4.3624e+06,2.98533e+06,1.75552e+07,0,0,0,4.36772e+08,98.1026,98.274,2.37854,1,1,1.76548,2.22705,0,1.63544,2.1168,9.06595e+06,3.9903e+06,1.60057e+07,0,0,0,0
65.5754,85.139,1.86341,0.29,0.08,3.60104,3.6639,0,0.754135,6.048,4.3624e+06,2.98533e+06,1.57092e+07,0,0,0,4.36772e+08,97.7201,98.274,2.26179,1,1,2.1168,2.22717,0.0721569,1.36401,2.1168,9.06595e+06,3.9903e+06,1.91908e+07,0,0,0,0
63.8334,85.139,1.69295,0.1,0.08,3.60124,3.66411,0,0.674835,6.048,4.3624e+06,2.98533e+06,1.571e+07,0,0,0,4.36772e+08,97.2842,98.274,2.0926,1,1,2.1168,2.22729,0.0722776,1.63544,2.1168,9.06595e+06,3.9903e+06,1.91908e+07,0,0,0,0
61.7631,85.139,1.64578,0,0.08,4.0248,3.66431,0,0.674872,6.048,4.3624e+06,2.98533e+06,1.75578e+07,0,0,0,4.36772e+08,97.0677,98.274,2.02345,1,1,1.76584,2.22742,0,1.63544,2.1168,9.06595e+06,3.9903e+06,1.6009e+07,0,0,0,0
60.2327,85.139,1.90583,0.11,0.08,3.68569,3.75003,0,0.754247,6.048,4.3624e+06,2.98533e+06,1.60785e+07,0,0,0,4.36772e+08,96.8112,98.274,2.23619,1,1,2.1168,2.28197,0.126016,1.36429,2.1168,9.06595e+06,3.9903e+06,1.91908e+07,0,0,0,0
58.266,85.139,1.76465,0,0.08,4.10925,3.75024,0,0.690698,6.048,4.3624e+06,2.98533e+06,1.79262e+07,0,0,0,4.36772e+08,96.5682,98.274,2.24543,1,1,1.81958,2.2821,0,1.63544,2.1168,9.06595e+06,3.9903e+06,1.64962e+07,0,0,0,0
56.2039,85.139,1.63494,0,0.08,4.10946,3.75045,0,0.770074,6.048,4.3624e+06,2.98533e+06,1.79271e+07,0,0,0,4.36772e+08,96.381,98.274,1.99998,1,1,1.8197,2.28222,0,1.40581,2.1168,9.06595e+06,3.9903e+06,1.64974e+07,0,0,0,0
54.2137,85.139,1.6645,0,0.08,4.10966,3.75065,0,0.770112,6.048,4.3624e+06,2.98533e+06,1.7928e+07,0,0,0,4.36772e+08,96.228,98.274,2.28072,1,1,1.81983,2.28235,0,1.4059,2.1168,9.06595e+06,3.9903e+06,1.64985e+07,0,0,0,0
51.9395,85.139,1.52051,0,0.08,4.35607,4.00136,0,0.77015,6.048,4.3624e+06,2.98533e+06,1.90029e+07,0,0,0,4.36772e+08,95.9154,98.274,2.26473,1,1,2.01309,2.47898,0,1.406,2.1168,9.06595e+06,3.9903e+06,1.82506e+07,0,0,0,0
49.5122,85.139,1.31396,0,0.08,4.35629,4.00158,0,0.816327,6.048,4.3624e+06,2.98533e+06,1.90039e+07,0,0,0,4.36772e+08,95.5883,98.274,2.09071,1,1,2.01323,2.47912,0,1.55531,2.1168,9.06595e+06,3.9903e+06,1.82518e+07,0,0,0,0
47.2448,85.139,1.41696,0,0.08,4.3565,4.0018,0,0.816368,6.048,4.3624e+06,2.98533e+06,1.90048e+07,0,0,0,4.36772e+08,95.2813,98.274,2.12552,1,1,2.01336,2.47926,0,1.55542,2.1168,9.06595e+06,3.9903e+06,1.8253e+07,0,0,0,0
45.7522,85.139,2.19388,0,0.08,4.35672,4.00203,0,0.816409,6.048,4.3624e+06,2.98533e+06,1.90058e+07,0,0,0,4.36772e+08,95.0905,98.274,2.50444,1,1,2.01349,2.47939,0,1.55552,2.1168,9.06595e+06,3.9903e+06,1.82542e+07,0,0,0,0
45.5818,85.139,3.46081,0,0.08,4.35694,4.00225,0,0.816449,6.048,4.3624e+06,2.98533e+06,1.90067e+07,0,0,0,4.36772e+08,95.0511,98.274,3.20558,1,1,2.01363,2.47953,0,1.55563,2.1168,9.06595e+06,3.9903e+06,1.82555e+07,0,0,0,0
45.2918,85.139,3.30975,0,0.08,4.23713,3.88035,0,0.81649,6.048,4.3624e+06,2.98533e+06,1.8484e+07,0,0,0,4.36772e+08,95.1857,98.274,3.60865,1,1,1.8965,2.36036,0,1.55573,2.1168,9.06595e+06,3.9903e+06,1.71936e+07,0,0,0,0
45.5067,85.139,3.82376,0,0.08,4.23734,3.88056,0,0.794038,6.048,4.3624e+06,2.98533e+06,1.8485e+07,0,0,0,4.36772e+08,95.5998,98.274,4.57147,1,1,1.89663,2.36049,0,1.46524,2.1168,9.06595e+06,3.9903e+06,1.71948e+07,0,0,0,0
45.6038,85.139,3.76382,0,0.08,4.23755,3.88078,0,0.794078,6.048,4.3624e+06,2.98533e+06,1.84859e+07,0,0,0,4.36772e+08,96.0057,98.274,4.5537,1,1,1.89676,2.36062,0,1.46534,2.1168,9.06595e+06,3.9903e+06,1.71959e+07,0,0,0,0
46.3155,85.139,4.62147,0,0.08,4.23776,3.88099,0,0.794117,6.048,4.3624e+06,2.98533e+06,1.84868e+07,0,0,0,4.36772e+08,96.85,98.274,5.77913,1,1,1.89689,2.36075,0,1.46544,2.1168,9.06595e+06,3.9903e+06,1.71971e+07,0,0,0,0
52.026,85.139,9.68891,0,0.08,4.13943,3.78094,0,0.794156,6.048,4.3624e+06,2.98533e+06,1.80578e+07,0,0,0,4.36772e+08,98.437,98.274,7.6697,1,1,1.79025,2.25226,0,1.46553,2.1168,9.06595e+06,3.9903e+06,1.62304e+07,0,0,0,0
53.8349,85.139,5.77561,0,0.08,4.13964,3.78115,0,0.775729,6.048,4.3624e+06,2.98533e+06,1.80587e+07,0,0,0,4.36772e+08,99.0386,98.274,3.9876,1,1,1.79038,2.25238,0,1.38315,2.1168,9.06595e+06,3.9903e+06,1.62315e+07,0,0,0,0
55.2578,85.139,5.33729,0,0.08,4.13984,3.78136,0,0.775768,6.048,4.3624e+06,2.98533e+06,1.80596e+07,0,0,0,4.36772e+08,99.3022,98.274,3.97898,1,1,1.7905,2.25251,0,1.38324,2.1168,9.06595e+06,3.9903e+06,1.62326e+07,0,0,0,0
58.0187,85.139,6.79122,0,0.08,4.14005,3.78157,0,0.775806,6.048,4.3624e+06,2.98533e+06,1.80605e+07,0,0,0,4.36772e+08,99.3022,98.274,5.01553,1,1,1.79062,2.25263,0,1.38334,2.1168,9.06595e+06,3.9903e+06,1.62337e+07,0,0,0,0
57.5153,85.139,3.26087,0,0.08,3.86033,3.49697,0,0.775845,6.048,4.3624e+06,2.98533e+06,1.68403e+07,0,0,0,4.36772e+08,99.3022,98.274,3.29246,1,1,1.56834,2.02647,0,1.38343,2.1168,9.06595e+06,3.9903e+06,1.42185e+07,0,0,0,0
57.1265,85.139,3.29828,0,0.08,3.86052,3.49716,0,0.723425,6.048,4.3624e+06,2.98533e+06,1.68411e+07,0,0,0,4.36772e+08,99.3022,98.274,3.24849,1,1,1.56845,2.02658,0,1.2117,2.1168,9.06595e+06,3.9903e+06,1.42195e+07,0,0,0,0
62.1753,85.139,8.97093,0,0.08,3.86071,3.49735,0,0.723461,6.048,4.3624e+06,2.98533e+06,1.68419e+07,0,0,0,4.36772e+08,99.3022,98.274,7.16563,1,1,1.56856,2.0267,0,1.21179,2.1168,9.06595e+06,3.9903e+06,1.42205e+07,0,0,0,0
67.562,85.139,9.70162,0,0.08,3.86089,3.49754,0,0.723496,6.048,4.3624e+06,2.98533e+06,1.68428e+07,0,0,0,4.36772e+08,99.3022,98.274,8.47992,1,1,1.56867,2.02681,0,1.21187,2.1168,9.06595e+06,3.9903e+06,1.42215e+07,0,0,0,0
68.8075,85.139,5.31515,0,0.08,3.86108,3.49774,0,0.723532,6.048,4.3624e+06,2.98533e+06,1.68436e+07,0,0,0,4.36772e+08,99.3022,98.274,4.44672,1,1,1.56878,2.02692,0,1.21196,2.1168,9.06595e+06,3.9903e+06,1.42225e+07,0,0,0,0
68.1608,85.139,3.40922,0,0.08,3.96896,3.60749,0,0.723567,6.048,4.3624e+06,2.98533e+06,1.73142e+07,0,0,0,4.36772e+08,99.3022,98.274,3.71684,1,1,1.6333,2.09256,0,1.21204,2.1168,9.06595e+06,3.9903e+06,1.48074e+07,0,0,0,0
67.8744,85.139,3.70946,0,0.08,3.96912,3.60766,0,0.743783,6.048,4.3624e+06,2.98533e+06,1.73149e+07,0,0,0,4.36772e+08,99.3022,98.274,4.00651,1,1,1.63339,2.09266,0,1.26189,2.1168,9.06595e+06,3.9903e+06,1.48083e+07,0,0,0,0
74.8916,85.139,11.1949,0,0.08,3.96928,3.60783,0,0.743813,6.048,4.3624e+06,2.98533e+06,1.73156e+07,0,0,0,4.36772e+08,99.3022,98.274,6.20147,1,1,1.63349,2.09276,0,1.26196,2.1168,9.06595e+06,3.9903e+06,1.48091e+07,0,0,0,0
85.139,85.139,18.6786,0,0.08,3.96945,3.60799,0,0.743844,6.048,4.3624e+06,2.98533e+06,1.73163e+07,0,0,0,4.36772e+08,99.3022,98.274,11.4625,1,1,1.63358,2.09285,0,1.26203,2.1168,9.06595e+06,3.9903e+06,1.481e+07,0,0,0,0
85.139,85.139,5.76393,0,0.08,4.31551,3.96009,0,0.743875,6.048,4.3624e+06,2.98533e+06,1.8826e+07,0,0,0,4.36772e+08,99.3022,98.274,4.35438,1,1,1.87554,2.33904,0,1.26211,2.1168,9.06595e+06,3.9903e+06,1.70036e+07,0,0,0,0
85.139,85.139,5.99226,0,0.08,4.31568,3.96027,0,0.808726,6.048,4.3624e+06,2.98533e+06,1.88267e+07,0,0,0,4.36772e+08,99.3022,98.274,3.94676,1,1,1.87565,2.33914,0,1.44904,2.1168,9.06595e+06,3.9903e+06,1.70045e+07,0,0,0,0
85.139,85.139,5.36323,0,0.08,4.31586,3.96046,0,0.808759,6.048,4.3624e+06,2.98533e+06,1.88275e+07,0,0,0,4.36772e+08,99.3022,98.274,3.97844,1,1,1.87576,2.33925,0,1.44913,2.1168,9.06595e+06,3.9903e+06,1.70055e+07,0,0,0,0
85.139,85.139,5.63875,0,0.08,4.31604,3.96064,0,0.808793,6.048,4.3624e+06,2.98533e+06,1.88283e+07,0,0,0,4.36772e+08,99.3022,98.274,4.19489,1,1,1.87586,2.33936,0,1.44921,2.1168,9.06595e+06,3.9903e+06,1.70065e+07,0,0,0,0
85.139,85.139,10.2676,0,0.08,3.82278,3.45876,0,0.808827,6.048,4.3624e+06,2.98533e+06,1.66765e+07,0,0,0,4.36772e+08,99.3022,98.274,13.9983,1,1,1.55132,2.00916,0,1.44929,2.1168,9.06595e+06,3.9903e+06,1.40642e+07,0,0,0,0
85.139,85.139,7.34606,0.25,0.08,3.39958,3.45892,0,0.716389,6.048,4.3624e+06,2.98533e+06,1.48303e+07,0,0,0,4.36772e+08,99.3022,98.274,11.1648,1,1,1.97477,2.00925,0,1.19855,2.1168,9.06595e+06,3.9903e+06,1.79032e+07,0,0,0,0
85.139,85.139,6.56262,0.45,0.08,3.16233,3.45908,0,0.63708,6.048,4.3624e+06,2.98533e+06,1.37954e+07,0,0,0,4.36772e+08,99.3022,98.274,8.19779,1,1,1.83696,2.00934,0,1.52571,2.1168,9.06595e+06,3.9903e+06,1.66538e+07,0,0,0,0
85.139,85.139,6.92792,0.5,0.08,3.16248,3.45924,0,0.592621,6.048,4.3624e+06,2.98533e+06,1.3796e+07,0,0,0,4.36772e+08,99.3022,98.274,10.4783,1,1,1.83705,2.00943,0,1.41924,2.1168,9.06595e+06,3.9903e+06,1.66546e+07,0,0,0,0
85.139,85.139,7.04697,0.51,0.08,3.16263,3.4594,0,0.592649,6.048,4.3624e+06,2.98533e+06,1.37966e+07,0,0,0,4.36772e+08,99.3022,98.274,10.8434,1,1,1.83713,2.00953,0,1.4193,2.1168,9.06595e+06,3.9903e+06,1.66554e+07,0,0,0,0
85.139,85.139,4.75082,0.54,0.08,3.27833,3.58597,0,0.592676,6.048,4.3624e+06,2.98533e+06,1.43014e+07,0,0,0,4.36772e+08,99.3022,98.274,6.8317,1,1,1.91111,2.09044,0,1.41937,2.1168,9.06595e+06,3.9903e+06,1.7326e+07,0,0,0,0
85.139,85.139,3.81321,0.52,0.08,3.27848,3.58613,0,0.61436,6.048,4.3624e+06,2.98533e+06,1.43021e+07,0,0,0,4.36772e+08,99.3022,98.274,5.94229,1,1,1.9112,2.09054,0,1.47652,2.1168,9.06595e+06,3.9903e+06,1.73268e+07,0,0,0,0
85.139,85.139,3.74696,0.5,0.08,3.27864,3.5863,0,0.614388,6.048,4.3624e+06,2.98533e+06,1.43027e+07,0,0,0,4.36772e+08,99.3022,98.274,5.82282,1,1,1.91129,2.09064,0,1.47659,2.1168,9.06595e+06,3.9903e+06,1.73276e+07,0,0,0,0
85.139,85.139,3.67571,0.49,0.08,3.27879,3.58646,0,0.614416,6.048,4.3624e+06,2.98533e+06,1.43034e+07,0,0,0,4.36772e+08,99.3022,98.274,4.73101,1,1,1.91137,2.09073,0,1.47666,2.1168,9.06595e+06,3.9903e+06,1.73284e+07,0,0,0,0
85.1071,85.139,3.47193,0.46,0.08,3.23375,3.53719,0,0.614445,6.048,4.3624e+06,2.98533e+06,1.41069e+07,0,0,0,4.36772e+08,99.3022,98.274,3.67066,1,1,1.88276,2.05943,0,1.47673,2.1168,9.06595e+06,3.9903e+06,1.7069e+07,0,0,0,0
84.9856,85.139,3.37647,0.55,0.08,3.2339,3.53736,0,0.606004,6.048,4.3624e+06,2.98533e+06,1.41075e+07,0,0,0,4.36772e+08,99.3022,98.274,4.09258,1,1,1.88285,2.05953,0,1.45462,2.1168,9.06595e+06,3.9903e+06,1.70698e+07,0,0,0,0
84.7605,85.139,3.26365,0.51,0.08,3.23405,3.53752,0,0.606032,6.048,4.3624e+06,2.98533e+06,1.41082e+07,0,0,0,4.36772e+08,99.3022,98.274,3.75887,1,1,1.88293,2.05962,0,1.45469,2.1168,9.06595e+06,3.9903e+06,1.70706e+07,0,0,0,0
84.4081,85.139,3.11185,0.49,0.08,3.23419,3.53768,0,0.60606,6.048,4.3624e+06,2.98533e+06,1.41088e+07,0,0,0,4.36772e+08,99.3022,98.274,3.41572,1,1,1.88302,2.05972,0,1.45475,2.1168,9.06595e+06,3.9903e+06,1.70714e+07,0,0,0,0
83.833,85.139,2.98139,0.46,0.08,3.38777,3.70567,0,0.606088,6.048,4.3624e+06,2.98533e+06,1.47788e+07,0,0,0,4.36772e+08,99.3022,98.274,3.32305,1,1,1.98492,2.17118,0,1.45482,2.1168,9.06595e+06,3.9903e+06,1.79952e+07,0,0,0,0
83.0641,85.139,2.74514,0.4,0.08,3.38793,3.70584,0,0.634868,6.048,4.3624e+06,2.98533e+06,1.47795e+07,0,0,0,4.36772e+08,99.3022,98.274,3.27866,1,1,1.98501,2.17128,0,1.53355,2.1168,9.06595e+06,3.9903e+06,1.7996e+07,0,0,0,0
82.0337,85.139,2.68786,0.39,0.08,3.64243,3.70601,0,0.634898,6.048,4.3624e+06,2.98533e+06,1.58897e+07,0,0,0,4.36772e+08,99.3022,98.274,3.35935,1,1,2.1168,2.17138,0.0173226,1.53362,2.1168,9.06595e+06,3.9903e+06,1.91908e+07,0,0,0,0
80.8405,85.139,2.50887,0.31,0.08,3.6426,3.70619,0,0.682591,6.048,4.3624e+06,2.98533e+06,1.58905e+07,0,0,0,4.36772e+08,99.3022,98.274,3.08107,1,1,2.1168,2.17148,0.0174212,1.63544,2.1168,9.06595e+06,3.9903e+06,1.91908e+07,0,0,0,0
79.5416,85.139,2.36454,0.28,0.08,3.64276,3.70636,0,0.682623,6.048,4.3624e+06,2.98533e+06,1.58912e+07,0,0,0,4.36772e+08,99.2811,98.274,2.81819,1,1,2.1168,2.17158,0.0175196,1.63544,2.1168,9.06595e+06,3.9903e+06,1.91908e+07,0,0,0,0
78.1231,85.139,2.18782,0.23,0.08,3.61031,3.67333,0,0.682654,6.048,4.3624e+06,2.98533e+06,1.57496e+07,0,0,0,4.36772e+08,99.2149,98.274,2.72064,1,1,2.1168,2.2329,0.0777895,1.63544,2.1168,9.06595e+06,3.9903e+06,1.91908e+07,0,0,0,0
76.5367,85.139,2.00224,0.29,0.08,3.61047,3.6735,0,0.676571,6.048,4.3624e+06,2.98533e+06,1.57503e+07,0,0,0,4.36772e+08,99.0928,98.274,2.43009,1,1,2.1168,2.233,0.0778907,1.63544,2.1168,9.06595e+06,3.9903e+06,1.91908e+07,0,0,0,0
74.8284,85.139,1.83877,0.23,0.08,3.61064,3.67367,0,0.676602,6.048,4.3624e+06,2.98533e+06,1.5751e+07,0,0,0,4.36772e+08,98.825,98.274,2.37185,1,1,2.1168,2.23311,0.0779919,1.63544,2.1168,9.06595e+06,3.9903e+06,1.91908e+07,0,0,0,0
73.0446,85.139,1.72535,0.14,0.08,3.61081,3.67384,0,0.676634,6.048,4.3624e+06,2.98533e+06,1.57518e+07,0,0,0,4.36772e+08,98.4867,98.274,2.24005,1,1,2.1168,2.23321,0.0780932,1.63544,2.1168,9.06595e+06,3.9903e+06,1.91908e+07,0,0,0,0
71.3428,85.139,1.87228,0.27,0.08,3.69524,3.75975,0,0.676665,6.048,4.3624e+06,2.98533e+06,1.61201e+07,0,0,0,4.36772e+08,98.2819,98.274,2.37451,1,1,2.1168,2.28788,0.13183,1.63544,2.1168,9.06595e+06,3.9903e+06,1.91908e+07,0,0,0,0
69.5646,85.139,1.7686,0.15,0.08,3.69542,3.75993,0,0.692489,6.048,4.3624e+06,2.98533e+06,1.61209e+07,0,0,0,4.36772e+08,97.9803,98.274,2.42483,1,1,2.1168,2.28799,0.131934,1.63544,2.1168,9.06595e+06,3.9903e+06,1.91908e+07,0,0,0,0
67.6944,85.139,1.65461,0.15,0.08,3.69559,3.7601,0,0.692521,6.048,4.3624e+06,2.98533e+06,1.61216e+07,0,0,0,4.36772e+08,97.6376,98.274,2.21183,1,1,2.1168,2.2881,0.132038,1.63544,2.1168,9.06595e+06,3.9903e+06,1.91908e+07,0,0,0,0
65.8231,85.139,1.62787,0.19,0.08,3.69576,3.76027,0,0.692553,6.048,4.3624e+06,2.98533e+06,1.61224e+07,0,0,0,4.36772e+08,97.2892,98.274,2.38967,1,1,2.1168,2.2882,0.132142,1.63544,2.1168,9.06595e+06,3.9903e+06,1.91908e+07,0,0,0,0
63.4485,85.139,1.30004,0.16,0.08,3.94276,4.01159,0,0.692585,6.048,4.3624e+06,2.98533e+06,1.71999e+07,0,0,0,4.36772e+08,96.7877,98.274,2.21111,1,1,2.1168,2.48532,0.325878,1.63544,2.1168,9.06595e+06,3.9903e+06,1.91908e+07,0,0,0,0
60.462,85.139,0.996735,0,0.08,4.3663,4.01178,0,0.738874,6.048,4.3624e+06,2.98533e+06,1.90476e+07,0,0,0,4.36772e+08,96.3656,98.274,1.90519,1,1,2.01943,2.48544,0,1.63544,2.1168,9.06595e+06,3.9903e+06,1.83081e+07,0,0,0,0
57.9679,85.139,1.10925,0.15,0.08,3.94313,4.01196,0,0.818245,6.048,4.3624e+06,2.98533e+06,1.72015e+07,0,0,0,4.36772e+08,96.0262,98.274,1.96831,1,1,2.1168,2.48555,0.326104,1.56021,2.1168,9.06595e+06,3.9903e+06,1.91908e+07,0,0,0,0
55.7981,85.139,1.77875,0,0.08,4.36667,4.01215,0,0.738942,6.048,4.3624e+06,2.98533e+06,1.90491e+07,0,0,0,4.36772e+08,95.6917,98.274,2.36572,1,1,2.01966,2.48566,0,1.63544,2.1168,9.06595e+06,3.9903e+06,1.83101e+07,0,0,0,0
54.2685,85.139,2.05863,0.14,0.08,3.94349,4.01233,0,0.818314,6.048,4.3624e+06,2.98533e+06,1.72031e+07,0,0,0,4.36772e+08,95.2482,98.274,2.14708,1,1,2.1168,2.48578,0.326329,1.56039,2.1168,9.06595e+06,3.9903e+06,1.91908e+07,0,0,0,0
51.6497,85.139,1.18689,0,0.08,4.24671,3.89009,0,0.73901,6.048,4.3624e+06,2.98533e+06,1.85258e+07,0,0,0,4.36772e+08,95.2983,98.274,1.92459,1,1,1.90233,2.36629,0,1.63544,2.1168,9.06595e+06,3.9903e+06,1.72464e+07,0,0,0,0
49.2274,85.139,1.33459,0,0.08,4.24688,3.89027,0,0.795833,6.048,4.3624e+06,2.98533e+06,1.85266e+07,0,0,0,4.36772e+08,95.3919,98.274,2.6805,1,1,1.90243,2.3664,0,1.46974,2.1168,9.06595e+06,3.9903e+06,1.72474e+07,0,0,0,0
46.7178,85.139,1.1838,0,0.08,4.24706,3.89045,0,0.795866,6.048,4.3624e+06,2.98533e+06,1.85274e+07,0,0,0,4.36772e+08,95.576,98.274,2.12168,1,1,1.90254,2.36651,0,1.46982,2.1168,9.06595e+06,3.9903e+06,1.72484e+07,0,0,0,0
44.6058,85.139,1.55052,0,0.08,4.24724,3.89063,0,0.795899,6.048,4.3624e+06,2.98533e+06,1.85281e+07,0,0,0,4.36772e+08,95.4903,98.274,3.30375,1,1,1.90265,2.36661,0,1.4699,2.1168,9.06595e+06,3.9903e+06,1.72493e+07,0,0,0,0
42.1942,85.139,1.13141,0,0.08,4.14863,3.7903,0,0.795932,6.048,4.3624e+06,2.98533e+06,1.8098e+07,0,0,0,4.36772e+08,94.8788,98.274,1.30934,1,1,1.79573,2.25783,0,1.46999,2.1168,9.06595e+06,3.9903e+06,1.628e+07,0,0,0,0
39.693,85.139,0.960053,0,0.08,4.1488,3.79047,0,0.777453,6.048,4.3624e+06,2.98533e+06,1.80987e+07,0,0,0,4.36772e+08,94.7792,98.274,1.53302,1,1,1.79583,2.25793,0,1.38738,2.1168,9.06595e+06,3.9903e+06,1.62809e+07,0,0,0,0
39.2011,85.139,2.9706,0,0.08,4.14897,3.79065,0,0.777485,6.048,4.3624e+06,2.98533e+06,1.80995e+07,0,0,0,4.36772e+08,95.3548,98.274,4.67022,1,1,1.79594,2.25804,0,1.38746,2.1168,9.06595e+06,3.9903e+06,1.62819e+07,0,0,0,0
38.1964,85.139,2.43784,0,0.08,4.14914,3.79082,0,0.777517,6.048,4.3624e+06,2.98533e+06,1.81002e+07,0,0,0,4.36772e+08,96.045,98.274,2.87323,1,1,1.79604,2.25814,0,1.38754,2.1168,9.06595e+06,3.9903e+06,1.62828e+07,0,0,0,0
36.7908,85.139,1.77888,0,0.08,3.86871,3.50549,0,0.777549,6.048,4.3624e+06,2.98533e+06,1.68768e+07,0,0,0,4.36772e+08,96.3359,98.274,3.26498,1,1,1.5732,2.03141,0,1.38762,2.1168,9.06595e+06,3.9903e+06,1.42626e+07,0,0,0,0
35.9671,85.139,2.33014,0,0.08,3.86887,3.50565,0,0.724996,6.048,4.3624e+06,2.98533e+06,1.68775e+07,0,0,0,4.36772e+08,96.0816,98.274,3.17721,1,1,1.57329,2.03151,0,1.21545,2.1168,9.06595e+06,3.9903e+06,1.42634e+07,0,0,0,0
35.4225,85.139,2.58796,0,0.08,3.86903,3.50582,0,0.725026,6.048,4.3624e+06,2.98533e+06,1.68782e+07,0,0,0,4.36772e+08,96.0396,98.274,2.17034,1,1,1.57338,2.0316,0,1.21553,2.1168,9.06595e+06,3.9903e+06,1.42642e+07,0,0,0,0
35.7989,85.139,3.52664,0,0.08,3.86918,3.50598,0,0.725055,6.048,4.3624e+06,2.98533e+06,1.68789e+07,0,0,0,4.36772e+08,96.6814,98.274,3.11968,1,1,1.57348,2.0317,0,1.2156,2.1168,9.06595e+06,3.9903e+06,1.42651e+07,0,0,0,0
35.8025,85.139,3.19939,0,0.08,3.86934,3.50614,0,0.725085,6.048,4.3624e+06,2.98533e+06,1.68796e+07,0,0,0,4.36772e+08,97.6526,98.274,4.20983,1,1,1.57357,2.03179,0,1.21567,2.1168,9.06595e+06,3.9903e+06,1.42659e+07,0,0,0,0
36.5465,85.139,4.12945,0,0.08,3.97744,3.61613,0,0.725115,6.048,4.3624e+06,2.98533e+06,1.73512e+07,0,0,0,4.36772e+08,99.0052,98.274,5.33353,1,1,1.63822,2.09757,0,1.21574,2.1168,9.06595e+06,3.9903e+06,1.4852e+07,0,0,0,0
36.7319,85.139,3.49852,0,0.06,3.97757,3.61626,0,0.745373,6.048,4.3624e+06,2.98533e+06,1.73518e+07,0,0,0,4.36772e+08,99.3022,98.274,4.30256,1,1,1.6383,2.09765,0,1.26569,2.1168,9.06595e+06,3.9903e+06,1.48527e+07,0,0,0,0
37.4942,85.139,4.17941,0,0.06,3.97771,3.61639,0,0.745397,6.048,4.3624e+06,2.98533e+06,1.73523e+07,0,0,0,4.36772e+08,99.3022,98.274,5.01056,1,1,1.63837,2.09773,0,1.26575,2.1168,9.06595e+06,3.9903e+06,1.48534e+07,0,0,0,0
38.6994,85.139,4.64284,0,0.06,3.97784,3.61653,0,0.745422,6.048,4.3624e+06,2.98533e+06,1.73529e+07,0,0,0,4.36772e+08,99.3022,98.274,4.29024,1,1,1.63845,2.0978,0,1.26581,2.1168,9.06595e+06,3.9903e+06,1.48541e+07,0,0,0,0
43.6868,85.139,9.10936,0,0.06,4.32468,3.96942,0,0.745447,6.048,4.3624e+06,2.98533e+06,1.8866e+07,0,0,0,4.36772e+08,99.3022,98.274,7.27635,1,1,1.88096,2.34455,0,1.26587,2.1168,9.06595e+06,3.9903e+06,1.70527e+07,0,0,0,0
45.7431,85.139,6.11465,0,0.06,4.32482,3.96957,0,0.810445,6.048,4.3624e+06,2.98533e+06,1.88666e+07,0,0,0,4.36772e+08,99.3022,98.274,6.93566,1,1,1.88105,2.34464,0,1.45323,2.1168,9.06595e+06,3.9903e+06,1.70535e+07,0,0,0,0
46.3869,85.139,4.64337,0,0.06,4.32497,3.96972,0,0.810472,6.048,4.3624e+06,2.98533e+06,1.88672e+07,0,0,0,4.36772e+08,99.1673,98.274,3.88664,1,1,1.88113,2.34472,0,1.4533,2.1168,9.06595e+06,3.9903e+06,1.70543e+07,0,0,0,0
46.3234,85.139,3.87672,0,0.06,4.32511,3.96987,0,0.810499,6.048,4.3624e+06,2.98533e+06,1.88679e+07,0,0,0,4.36772e+08,99.3022,98.274,3.29323,1,1,1.88122,2.34481,0,1.45336,2.1168,9.06595e+06,3.9903e+06,1.7055e+07,0,0,0,0
48.5171,85.139,6.36017,0,0.06,3.83067,3.46679,0,0.810526,6.048,4.3624e+06,2.98533e+06,1.67109e+07,0,0,0,4.36772e+08,99.3022,98.274,11.9984,1,1,1.55591,2.01382,0,1.45343,2.1168,9.06595e+06,3.9903e+06,1.41058e+07,0,0,0,0
50.626,85.139,6.24777,0,0.06,3.83079,3.46692,0,0.717867,6.048,4.3624e+06,2.98533e+06,1.67114e+07,0,0,0,4.36772e+08,99.3022,98.274,8.15999,1,1,1.55598,2.01389,0,1.20209,2.1168,9.06595e+06,3.9903e+06,1.41064e+07,0,0,0,0
55.3209,85.139,8.89177,0,0.06,3.83092,3.46704,0,0.71789,6.048,4.3624e+06,2.98533e+06,1.6712e+07,0,0,0,4.36772e+08,99.3022,98.274,16.4496,1,1,1.55605,2.01397,0,1.20215,2.1168,9.06595e+06,3.9903e+06,1.41071e+07,0,0,0,0
61.5709,85.139,10.5559,0,0.06,3.83104,3.46717,0,0.717914,6.048,4.3624e+06,2.98533e+06,1.67125e+07,0,0,0,4.36772e+08,99.3022,98.274,16.3153,1,1,1.55613,2.01404,0,1.20221,2.1168,9.06595e+06,3.9903e+06,1.41078e+07,0,0,0,0
64.1991,85.139,7.09448,0,0.06,3.83117,3.4673,0,0.717938,6.048,4.3624e+06,2.98533e+06,1.67131e+07,0,0,0,4.36772e+08,99.3022,98.274,8.19688,1,1,1.5562,2.01412,0,1.20226,2.1168,9.06595e+06,3.9903e+06,1.41084e+07,0,0,0,0
70.2674,85.139,10.9185,0,0.06,3.95582,3.59412,0,0.717961,6.048,4.3624e+06,2.98533e+06,1.72568e+07,0,0,0,4.36772e+08,99.3022,98.274,13.8278,1,1,1.63589,2.0952,0,1.20232,2.1168,9.06595e+06,3.9903e+06,1.48309e+07,0,0,0,0
75.3969,85.139,9.82016,0,0.06,3.95595,3.59426,0,0.74132,6.048,4.3624e+06,2.98533e+06,1.72574e+07,0,0,0,4.36772e+08,99.3022,98.274,10.645,1,1,1.63597,2.09528,0,1.26389,2.1168,9.06595e+06,3.9903e+06,1.48316e+07,0,0,0,0
77.8937,85.139,6.98535,0,0.06,3.95608,3.59439,0,0.741344,6.048,4.3624e+06,2.98533e+06,1.7258e+07,0,0,0,4.36772e+08,99.3022,98.274,10.1524,1,1,1.63604,2.09536,0,1.26395,2.1168,9.06595e+06,3.9903e+06,1.48323e+07,0,0,0,0
80.4913,85.139,7.07868,0,0.06,3.95621,3.59452,0,0.741369,6.048,4.3624e+06,2.98533e+06,1.72586e+07,0,0,0,4.36772e+08,99.3022,98.274,10.278,1,1,1.63612,2.09543,0,1.26401,2.1168,9.06595e+06,3.9903e+06,1.4833e+07,0,0,0,0
82.4183,85.139,6.23911,0,0.06,3.90765,3.54511,0,0.741394,6.048,4.3624e+06,2.98533e+06,1.70467e+07,0,0,0,4.36772e+08,99.3022,98.274,5.4976,1,1,1.60527,2.06404,0,1.26407,2.1168,9.06595e+06,3.9903e+06,1.45533e+07,0,0,0,0
84.4304,85.139,6.32363,0,0.06,3.90778,3.54524,0,0.732293,6.048,4.3624e+06,2.98533e+06,1.70473e+07,0,0,0,4.36772e+08,99.3022,98.274,5.86643,1,1,1.60534,2.06412,0,1.24023,2.1168,9.06595e+06,3.9903e+06,1.4554e+07,0,0,0,0
85.139,85.139,5.42066,0,0.06,3.9079,3.54537,0,0.732317,6.048,4.3624e+06,2.98533e+06,1.70478e+07,0,0,0,4.36772e+08,99.3022,98.274,5.16726,1,1,1.60542,2.0642,0,1.24029,2.1168,9.06595e+06,3.9903e+06,1.45547e+07,0,0,0,0
85.139,85.139,5.02495,0,0.06,3.90803,3.54551,0,0.732341,6.048,4.3624e+06,2.98533e+06,1.70484e+07,0,0,0,4.36772e+08,99.3022,98.274,4.72644,1,1,1.60549,2.06427,0,1.24035,2.1168,9.06595e+06,3.9903e+06,1.45553e+07,0,0,0,0
85.139,85.139,4.42419,0,0.06,4.07347,3.71383,0,0.732365,6.048,4.3624e+06,2.98533e+06,1.77701e+07,0,0,0,4.36772e+08,99.3022,98.274,4.35462,1,1,1.71526,2.17596,0,1.2404,2.1168,9.06595e+06,3.9903e+06,1.55505e+07,0,0,0,0
85.0138,85.139,4.06406,0,0.06,4.07361,3.71397,0,0.763368,6.048,4.3624e+06,2.98533e+06,1.77707e+07,0,0,0,4.36772e+08,99.3022,98.274,3.89155,1,1,1.71534,2.17604,0,1.32521,2.1168,9.06595e+06,3.9903e+06,1.55512e+07,0,0,0,0
84.8376,85.139,3.99792,0,0.06,4.07374,3.71411,0,0.763394,6.048,4.3624e+06,2.98533e+06,1.77713e+07,0,0,0,4.36772e+08,99.3022,98.274,3.95942,1,1,1.71542,2.17612,0,1.32527,2.1168,9.06595e+06,3.9903e+06,1.55519e+07,0,0,0,0
84.262,85.139,3.59804,0,0.06,4.07388,3.71424,0,0.763419,6.048,4.3624e+06,2.98533e+06,1.77719e+07,0,0,0,4.36772e+08,99.3022,98.274,3.87608,1,1,1.7155,2.1762,0,1.32534,2.1168,9.06595e+06,3.9903e+06,1.55527e+07,0,0,0,0
83.5181,85.139,3.43299,0,0.06,4.07401,3.71438,0,0.763445,6.048,4.3624e+06,2.98533e+06,1.77725e+07,0,0,0,4.36772e+08,99.3022,98.274,3.42996,1,1,1.71558,2.17628,0,1.3254,2.1168,9.06595e+06,3.9903e+06,1.55534e+07,0,0,0,0
82.6594,85.139,3.24266,0,0.06,4.04145,3.68125,0,0.76347,6.048,4.3624e+06,2.98533e+06,1.76304e+07,0,0,0,4.36772e+08,99.3022,98.274,2.91745,1,1,1.77596,2.23771,0,1.32546,2.1168,9.06595e+06,3.9903e+06,1.61008e+07,0,0,0,0
81.6514,85.139,3.02688,0,0.06,4.04158,3.68139,0,0.757368,6.048,4.3624e+06,2.98533e+06,1.7631e+07,0,0,0,4.36772e+08,99.3022,98.274,2.80466,1,1,1.77604,2.2378,0,1.37211,2.1168,9.06595e+06,3.9903e+06,1.61015e+07,0,0,0,0
80.4596,85.139,2.81975,0,0.06,4.04172,3.68152,0,0.757393,6.048,4.3624e+06,2.98533e+06,1.76316e+07,0,0,0,4.36772e+08,99.3022,98.274,2.83649,1,1,1.77612,2.23788,0,1.37217,2.1168,9.06595e+06,3.9903e+06,1.61023e+07,0,0,0,0
79.094,85.139,2.62327,0,0.06,4.04185,3.68166,0,0.757418,6.048,4.3624e+06,2.98533e+06,1.76322e+07,0,0,0,4.36772e+08,99.297,98.274,2.8028,1,1,1.77621,2.23796,0,1.37223,2.1168,9.06595e+06,3.9903e+06,1.6103e+07,0,0,0,0
77.6203,85.139,2.57684,0,0.06,4.12644,3.76772,0,0.757443,6.048,4.3624e+06,2.98533e+06,1.80012e+07,0,0,0,4.36772e+08,99.0529,98.274,2.33709,1,1,1.83004,2.29273,0,1.3723,2.1168,9.06595e+06,3.9903e+06,1.6591e+07,0,0,0,0
76.0572,85.139,2.46384,0,0.06,4.12657,3.76786,0,0.773294,6.048,4.3624e+06,2.98533e+06,1.80018e+07,0,0,0,4.36772e+08,98.7978,98.274,2.36317,1,1,1.83012,2.29282,0,1.41389,2.1168,9.06595e+06,3.9903e+06,1.65918e+07,0,0,0,0
74.2121,85.139,2.15936,0,0.06,4.12671,3.768,0,0.77332,6.048,4.3624e+06,2.98533e+06,1.80024e+07,0,0,0,4.36772e+08,98.5136,98.274,2.17668,1,1,1.8302,2.2929,0,1.41395,2.1168,9.06595e+06,3.9903e+06,1.65925e+07,0,0,0,0
72.2326,85.139,1.99437,0,0.06,4.12685,3.76814,0,0.773346,6.048,4.3624e+06,2.98533e+06,1.8003e+07,0,0,0,4.36772e+08,98.2195,98.274,2.10364,1,1,1.83029,2.29299,0,1.41402,2.1168,9.06595e+06,3.9903e+06,1.65933e+07,0,0,0,0
69.7533,85.139,1.68374,0,0.06,4.37434,4.01995,0,0.773371,6.048,4.3624e+06,2.98533e+06,1.90826e+07,0,0,0,4.36772e+08,97.7861,98.274,2.04382,1,1,2.02441,2.4905,0,1.41408,2.1168,9.06595e+06,3.9903e+06,1.83532e+07,0,0,0,0
67.1069,85.139,1.49867,0,0.06,4.37448,4.0201,0,0.81975,6.048,4.3624e+06,2.98533e+06,1.90832e+07,0,0,0,4.36772e+08,97.2764,98.274,1.86242,1,1,2.0245,2.49059,0,1.56406,2.1168,9.06595e+06,3.9903e+06,1.8354e+07,0,0,0,0
64.5858,85.139,1.58284,0,0.06,4.37463,4.02025,0,0.819778,6.048,4.3624e+06,2.98533e+06,1.90839e+07,0,0,0,4.36772e+08,96.7951,98.274,1.8499,1,1,2.02459,2.49068,0,1.56413,2.1168,9.06595e+06,3.9903e+06,1.83548e+07,0,0,0,0
62.8385,85.139,2.37351,0,0.06,4.37477,4.02039,0,0.819805,6.048,4.3624e+06,2.98533e+06,1.90845e+07,0,0,0,4.36772e+08,96.3897,98.274,2.18555,1,1,2.02468,2.49077,0,1.5642,2.1168,9.06595e+06,3.9903e+06,1.83556e+07,0,0,0,0
61.8725,85.139,3.1723,0,0.06,4.37492,4.02054,0,0.819833,6.048,4.3624e+06,2.98533e+06,1.90851e+07,0,0,0,4.36772e+08,96.1768,98.274,2.79968,1,1,2.02477,2.49087,0,1.56427,2.1168,9.06595e+06,3.9903e+06,1.83565e+07,0,0,0,0
60.8788,85.139,3.0497,0,0.06,4.2545,3.89802,0,0.81986,6.048,4.3624e+06,2.98533e+06,1.85598e+07,0,0,0,4.36772e+08,96.1747,98.274,4.12539,1,1,1.90707,2.37111,0,1.56434,2.1168,9.06595e+06,3.9903e+06,1.72894e+07,0,0,0,0
61.1322,85.139,4.42258,0,0.06,4.25464,3.89816,0,0.797293,6.048,4.3624e+06,2.98533e+06,1.85604e+07,0,0,0,4.36772e+08,96.7001,98.274,6.99568,1,1,1.90715,2.3712,0,1.4734,2.1168,9.06595e+06,3.9903e+06,1.72901e+07,0,0,0,0
60.7054,85.139,3.86541,0,0.06,4.25478,3.89831,0,0.797319,6.048,4.3624e+06,2.98533e+06,1.8561e+07,0,0,0,4.36772e+08,96.9103,98.274,5.24227,1,1,1.90724,2.37128,0,1.47347,2.1168,9.06595e+06,3.9903e+06,1.72909e+07,0,0,0,0
60.0161,85.139,3.52252,0,0.06,4.25492,3.89845,0,0.797346,6.048,4.3624e+06,2.98533e+06,1.85617e+07,0,0,0,4.36772e+08,96.906,98.274,4.05477,1,1,1.90732,2.37137,0,1.47353,2.1168,9.06595e+06,3.9903e+06,1.72917e+07,0,0,0,0
60.7233,85.139,4.86669,0,0.06,4.15608,3.79788,0,0.797372,6.048,4.3624e+06,2.98533e+06,1.81305e+07,0,0,0,4.36772e+08,97.7771,98.274,6.41063,1,1,1.80017,2.26235,0,1.4736,2.1168,9.06595e+06,3.9903e+06,1.63203e+07,0,0,0,0
62.2781,85.139,6.00226,0,0.06,4.15622,3.79802,0,0.77885,6.048,4.3624e+06,2.98533e+06,1.81311e+07,0,0,0,4.36772e+08,98.9622,98.274,7.69162,1,1,1.80025,2.26243,0,1.39081,2.1168,9.06595e+06,3.9903e+06,1.6321e+07,0,0,0,0
62.5533,85.139,4.45954,0,0.06,4.15636,3.79817,0,0.778876,6.048,4.3624e+06,2.98533e+06,1.81317e+07,0,0,0,4.36772e+08,99.3022,98.274,5.23404,1,1,1.80034,2.26252,0,1.39088,2.1168,9.06595e+06,3.9903e+06,1.63218e+07,0,0,0,0
62.3326,85.139,3.92709,0,0.06,4.1565,3.79831,0,0.778901,6.048,4.3624e+06,2.98533e+06,1.81323e+07,0,0,0,4.36772e+08,99.3022,98.274,4.7391,1,1,1.80042,2.2626,0,1.39094,2.1168,9.06595e+06,3.9903e+06,1.63225e+07,0,0,0,0
65.7397,85.139,7.65524,0,0.06,3.87548,3.51238,0,0.778927,6.048,4.3624e+06,2.98533e+06,1.69064e+07,0,0,0,4.36772e+08,99.3022,98.274,7.27973,1,1,1.57712,2.0354,0,1.391,2.1168,9.06595e+06,3.9903e+06,1.42981e+07,0,0,0,0
71.1647,85.139,9.74072,0,0.06,3.8756,3.51251,0,0.726264,6.048,4.3624e+06,2.98533e+06,1.69069e+07,0,0,0,4.36772e+08,99.3022,98.274,8.81652,1,1,1.5772,2.03548,0,1.21848,2.1168,9.06595e+06,3.9903e+06,1.42988e+07,0,0,0,0
73.6765,85.139,6.75414,0,0.06,3.87573,3.51264,0,0.726288,6.048,4.3624e+06,2.98533e+06,1.69075e+07,0,0,0,4.36772e+08,99.3022,98.274,5.56484,1,1,1.57727,2.03556,0,1.21854,2.1168,9.06595e+06,3.9903e+06,1.42995e+07,0,0,0,0
78.7213,85.139,9.42452,0,0.06,3.87586,3.51277,0,0.726312,6.048,4.3624e+06,2.98533e+06,1.6908e+07,0,0,0,4.36772e+08,99.3022,98.274,8.62148,1,1,1.57734,2.03563,0,1.2186,2.1168,9.06595e+06,3.9903e+06,1.43001e+07,0,0,0,0
84.4758,85.139,10.247,0,0.06,3.87599,3.5129,0,0.726336,6.048,4.3624e+06,2.98533e+06,1.69086e+07,0,0,0,4.36772e+08,99.3022,98.274,12.4041,1,1,1.57742,2.03571,0,1.21866,2.1168,9.06595e+06,3.9903e+06,1.43008e+07,0,0,0,0
85.139,85.139,7.30562,0,0.06,3.98426,3.62307,0,0.72636,6.048,4.3624e+06,2.98533e+06,1.73809e+07,0,0,0,4.36772e+08,99.3022,98.274,8.82589,1,1,1.64218,2.1016,0,1.21871,2.1168,9.06595e+06,3.9903e+06,1.48879e+07,0,0,0,0
85.139,85.139,9.57713,0,0.06,3.98436,3.62317,0,0.746651,6.048,4.3624e+06,2.98533e+06,1.73814e+07,0,0,0,4.36772e+08,99.3022,98.274,11.3722,1,1,1.64224,2.10166,0,1.26875,2.1168,9.06595e+06,3.9903e+06,1.48884e+07,0,0,0,0
85.139,85.139,16.3257,0,0.06,3.98446,3.62327,0,0.74667,6.048,4.3624e+06,2.98533e+06,1.73818e+07,0,0,0,4.36772e+08,99.3022,98.274,17.2673,1,1,1.64229,2.10171,0,1.26879,2.1168,9.06595e+06,3.9903e+06,1.4889e+07,0,0,0,0
85.139,85.139,17.2205,0.14,0.06,3.5612,3.62337,0,0.746688,6.048,4.3624e+06,2.98533e+06,1.55354e+07,0,0,0,4.36772e+08,99.3022,98.274,12.7675,1,1,2.06571,2.10177,0,1.26884,2.1168,9.06595e+06,3.9903e+06,1.87276e+07,0,0,0,0
85.139,85.139,9.74739,0.31,0.06,3.90866,3.9769,0,0.667369,6.048,4.3624e+06,2.98533e+06,1.70511e+07,0,0,0,4.36772e+08,99.3022,98.274,9.68704,1,1,2.1168,2.34896,0.19186,1.59597,2.1168,9.06595e+06,3.9903e+06,1.91908e+07,0,0,0,0
85.139,85.139,10.6112,0.35,0.06,3.90877,3.97701,0,0.732483,6.048,4.3624e+06,2.98533e+06,1.70516e+07,0,0,0,4.36772e+08,99.3022,98.274,12.0526,1,1,2.1168,2.34903,0.191924,1.63544,2.1168,9.06595e+06,3.9903e+06,1.91908e+07,0,0,0,0
85.139,85.139,6.68448,0.36,0.06,3.90888,3.97712,0,0.732504,6.048,4.3624e+06,2.98533e+06,1.70521e+07,0,0,0,4.36772e+08,99.3022,98.274,7.51008,1,1,2.1168,2.34909,0.191989,1.63544,2.1168,9.06595e+06,3.9903e+06,1.91908e+07,0,0,0,0
85.139,85.139,7.5788,0.37,0.06,3.90899,3.97723,0,0.732524,6.048,4.3624e+06,2.98533e+06,1.70526e+07,0,0,0,4.36772e+08,99.3022,98.274,6.37604,1,1,2.1168,2.34916,0.192053,1.63544,2.1168,9.06595e+06,3.9903e+06,1.91908e+07,0,0,0,0
85.139,85.139,7.11406,0.43,0.06,3.17523,3.47319,0,0.732545,6.048,4.3624e+06,2.98533e+06,1.38516e+07,0,0,0,4.36772e+08,99.3022,98.274,10.0275,1,1,1.84446,2.01754,0,1.63544,2.1168,9.06595e+06,3.9903e+06,1.67217e+07,0,0,0,0
85.139,85.139,6.71454,0.45,0.06,3.17532,3.47329,0,0.595038,6.048,4.3624e+06,2.98533e+06,1.3852e+07,0,0,0,4.36772e+08,99.3022,98.274,10.3235,1,1,1.84451,2.01759,0,1.42503,2.1168,9.06595e+06,3.9903e+06,1.67222e+07,0,0,0,0
85.139,85.139,6.88872,0.5,0.06,3.17541,3.47338,0,0.595055,6.048,4.3624e+06,2.98533e+06,1.38524e+07,0,0,0,4.36772e+08,99.3022,98.274,11.0903,1,1,1.84456,2.01765,0,1.42507,2.1168,9.06595e+06,3.9903e+06,1.67227e+07,0,0,0,0
85.139,85.139,9.21287,0.51,0.06,3.1755,3.47348,0,0.595071,6.048,4.3624e+06,2.98533e+06,1.38528e+07,0,0,0,4.36772e+08,99.3022,98.274,12.2824,1,1,1.84461,2.0177,0,1.42511,2.1168,9.06595e+06,3.9903e+06,1.67231e+07,0,0,0,0
85.139,85.139,6.87165,0.52,0.06,3.17559,3.47358,0,0.595088,6.048,4.3624e+06,2.98533e+06,1.38532e+07,0,0,0,4.36772e+08,99.3022,98.274,10.6896,1,1,1.84466,2.01776,0,1.42515,2.1168,9.06595e+06,3.9903e+06,1.67236e+07,0,0,0,0
85.139,85.139,6.68524,0.52,0.06,3.29171,3.60059,0,0.595105,6.048,4.3624e+06,2.98533e+06,1.43597e+07,0,0,0,4.36772e+08,99.3022,98.274,10.6598,1,1,1.91891,2.09897,0,1.42519,2.1168,9.06595e+06,3.9903e+06,1.73967e+07,0,0,0,0
85.139,85.139,7.34742,0.52,0.06,3.2918,3.60069,0,0.616866,6.048,4.3624e+06,2.98533e+06,1.43601e+07,0,0,0,4.36772e+08,99.3022,98.274,11.0467,1,1,1.91896,2.09903,0,1.48255,2.1168,9.06595e+06,3.9903e+06,1.73972e+07,0,0,0,0
85.139,85.139,5.21704,0.48,0.06,3.29189,3.6008,0,0.616883,6.048,4.3624e+06,2.98533e+06,1.43605e+07,0,0,0,4.36772e+08,99.3022,98.274,8.89049,1,1,1.91901,2.09909,0,1.48259,2.1168,9.06595e+06,3.9903e+06,1.73977e+07,0,0,0,0
85.139,85.139,4.60476,0.48,0.06,3.29198,3.6009,0,0.6169,6.048,4.3624e+06,2.98533e+06,1.43609e+07,0,0,0,4.36772e+08,99.3022,98.274,8.68236,1,1,1.91907,2.09915,0,1.48263,2.1168,9.06595e+06,3.9903e+06,1.73982e+07,0,0,0,0
85.139,85.139,4.76713,0.45,0.06,3.2467,3.55137,0,0.616918,6.048,4.3624e+06,2.98533e+06,1.41634e+07,0,0,0,4.36772e+08,99.3022,98.274,9.24848,1,1,1.8903,2.06768,0,1.48267,2.1168,9.06595e+06,3.9903e+06,1.71374e+07,0,0,0,0
85.139,85.139,4.17243,0.44,0.06,3.24679,3.55147,0,0.608432,6.048,4.3624e+06,2.98533e+06,1.41638e+07,0,0,0,4.36772e+08,99.3022,98.274,7.31409,1,1,1.89035,2.06774,0,1.46045,2.1168,9.06595e+06,3.9903e+06,1.71379e+07,0,0,0,0
85.139,85.139,3.71997,0.43,0.06,3.24688,3.55156,0,0.608449,6.048,4.3624e+06,2.98533e+06,1.41642e+07,0,0,0,4.36772e+08,99.3022,98.274,6.79577,1,1,1.89041,2.0678,0,1.46049,2.1168,9.06595e+06,3.9903e+06,1.71383e+07,0,0,0,0
84.9051,85.139,3.54234,0.39,0.06,3.49073,3.55166,0,0.608466,6.048,4.3624e+06,2.98533e+06,1.52279e+07,0,0,0,4.36772e+08,99.3022,98.274,6.7959,1,1,2.03238,2.06786,0,1.46053,2.1168,9.06595e+06,3.9903e+06,1.84254e+07,0,0,0,0
84.8843,85.139,3.66733,0.45,0.06,3.4011,3.72025,0,0.654162,6.048,4.3624e+06,2.98533e+06,1.48369e+07,0,0,0,4.36772e+08,99.3022,98.274,7.48406,1,1,1.99272,2.17972,0,1.57022,2.1168,9.06595e+06,3.9903e+06,1.80659e+07,0,0,0,0
84.7211,85.139,3.49661,0.4,0.06,3.40119,3.72035,0,0.637365,6.048,4.3624e+06,2.98533e+06,1.48374e+07,0,0,0,4.36772e+08,99.3022,98.274,6.73222,1,1,1.99278,2.17978,0,1.53958,2.1168,9.06595e+06,3.9903e+06,1.80664e+07,0,0,0,0
84.1292,85.139,3.26256,0.38,0.06,3.65662,3.72046,0,0.637383,6.048,4.3624e+06,2.98533e+06,1.59516e+07,0,0,0,4.36772e+08,99.3022,98.274,6.03363,1,1,2.1168,2.17984,0.0256389,1.53962,2.1168,9.06595e+06,3.9903e+06,1.91908e+07,0,0,0,0
83.4316,85.139,3.08739,0.31,0.06,3.65672,3.72056,0,0.685251,6.048,4.3624e+06,2.98533e+06,1.59521e+07,0,0,0,4.36772e+08,99.3022,98.274,5.41294,1,1,2.1168,2.1799,0.0256986,1.63544,2.1168,9.06595e+06,3.9903e+06,1.91908e+07,0,0,0,0
83.0296,85.139,3.37434,0.3,0.06,3.65683,3.72066,0,0.68527,6.048,4.3624e+06,2.98533e+06,1.59525e+07,0,0,0,4.36772e+08,99.3022,98.274,5.49982,1,1,2.1168,2.17996,0.0257586,1.63544,2.1168,9.06595e+06,3.9903e+06,1.91908e+07,0,0,0,0
83.4795,85.139,4.25678,0.24,0.06,3.62418,3.68744,0,0.685289,6.048,4.3624e+06,2.98533e+06,1.58101e+07,0,0,0,4.36772e+08,99.3022,98.274,6.1272,1,1,2.1168,2.24148,0.086221,1.63544,2.1168,9.06595e+06,3.9903e+06,1.91908e+07,0,0,0,0
83.6643,85.139,3.97499,0.23,0.06,3.62428,3.68755,0,0.679171,6.048,4.3624e+06,2.98533e+06,1.58105e+07,0,0,0,4.36772e+08,99.3022,98.274,6.2554,1,1,2.1168,2.24154,0.0862827,1.63544,2.1168,9.06595e+06,3.9903e+06,1.91908e+07,0,0,0,0
83.6246,85.139,3.73338,0.2,0.06,3.62438,3.68765,0,0.67919,6.048,4.3624e+06,2.98533e+06,1.5811e+07,0,0,0,4.36772e+08,99.3022,98.274,6.13367,1,1,2.1168,2.2416,0.0863443,1.63544,2.1168,9.06595e+06,3.9903e+06,1.91908e+07,0,0,0,0
83.4979,85.139,3.63003,0.18,0.06,3.62448,3.68775,0,0.679209,6.048,4.3624e+06,2.98533e+06,1.58114e+07,0,0,0,4.36772e+08,99.3022,98.274,5.76594,1,1,2.1168,2.24167,0.0864057,1.63544,2.1168,9.06595e+06,3.9903e+06,1.91908e+07,0,0,0,0
83.4364,85.139,3.73635,0.16,0.06,3.70917,3.77392,0,0.679228,6.048,4.3624e+06,2.98533e+06,1.61809e+07,0,0,0,4.36772e+08,99.3022,98.274,5.51484,1,1,2.1168,2.29651,0.140305,1.63544,2.1168,9.06595e+06,3.9903e+06,1.91908e+07,0,0,0,0
83.1237,85.139,3.46907,0.16,0.06,3.70928,3.77403,0,0.695099,6.048,4.3624e+06,2.98533e+06,1.61813e+07,0,0,0,4.36772e+08,99.3022,98.274,5.32768,1,1,2.1168,2.29657,0.140369,1.63544,2.1168,9.06595e+06,3.9903e+06,1.91908e+07,0,0,0,0
82.504,85.139,3.14826,0.16,0.06,3.70938,3.77413,0,0.695118,6.048,4.3624e+06,2.98533e+06,1.61818e+07,0,0,0,4.36772e+08,99.3022,98.274,4.88295,1,1,2.1168,2.29664,0.140432,1.63544,2.1168,9.06595e+06,3.9903e+06,1.91908e+07,0,0,0,0
81.5318,85.139,2.76778,0.16,0.06,3.70948,3.77424,0,0.695138,6.048,4.3624e+06,2.98533e+06,1.61822e+07,0,0,0,4.36772e+08,99.3022,98.274,4.82825,1,1,2.1168,2.2967,0.140495,1.63544,2.1168,9.06595e+06,3.9903e+06,1.91908e+07,0,0,0,0
79.8131,85.139,2.19555,0.16,0.06,3.95733,4.02642,0,0.695157,6.048,4.3624e+06,2.98533e+06,1.72635e+07,0,0,0,4.36772e+08,99.3022,98.274,4.72619,1,1,2.1168,2.49451,0.334907,1.63544,2.1168,9.06595e+06,3.9903e+06,1.91908e+07,0,0,0,0
77.949,85.139,2.00046,0.16,0.06,3.95745,4.02653,0,0.741605,6.048,4.3624e+06,2.98533e+06,1.7264e+07,0,0,0,4.36772e+08,99.3022,98.274,4.56454,1,1,2.1168,2.49458,0.334975,1.63544,2.1168,9.06595e+06,3.9903e+06,1.91908e+07,0,0,0,0
76.9561,85.139,2.87107,0.21,0.06,3.95756,4.02664,0,0.741625,6.048,4.3624e+06,2.98533e+06,1.72644e+07,0,0,0,4.36772e+08,99.3022,98.274,5.31734,1,1,2.1168,2.49465,0.335044,1.63544,2.1168,9.06595e+06,3.9903e+06,1.91908e+07,0,0,0,0
77.1538,85.139,4.16246,0.21,0.06,3.95767,4.02676,0,0.741646,6.048,4.3624e+06,2.98533e+06,1.72649e+07,0,0,0,4.36772e+08,99.3022,98.274,6.11843,1,1,2.1168,2.49472,0.335112,1.63544,2.1168,9.06595e+06,3.9903e+06,1.91908e+07,0,0,0,0
76.0993,85.139,2.93901,0.21,0.06,3.95778,4.02687,0,0.741667,6.048,4.3624e+06,2.98533e+06,1.72654e+07,0,0,0,4.36772e+08,99.3022,98.274,5.49704,1,1,2.1168,2.49479,0.335181,1.63544,2.1168,9.06595e+06,3.9903e+06,1.91908e+07,0,0,0,0
74.956,85.139,2.78343,0.23,0.06,3.83713,3.90411,0,0.741687,6.048,4.3624e+06,2.98533e+06,1.67391e+07,0,0,0,4.36772e+08,99.3022,98.274,7.68122,1,1,2.1168,2.37482,0.217271,1.63544,2.1168,9.06595e+06,3.9903e+06,1.91908e+07,0,0,0,0
73.6242,85.139,2.58842,0.23,0.06,3.83724,3.90422,0,0.719078,6.048,4.3624e+06,2.98533e+06,1.67395e+07,0,0,0,4.36772e+08,99.3022,98.274,6.55569,1,1,2.1168,2.37488,0.217336,1.63544,2.1168,9.06595e+06,3.9903e+06,1.91908e+07,0,0,0,0
71.9507,85.139,2.21079,0.26,0.06,3.83734,3.90433,0,0.719098,6.048,4.3624e+06,2.98533e+06,1.674e+07,0,0,0,4.36772e+08,99.3022,98.274,6.07136,1,1,2.1168,2.37495,0.217401,1.63544,2.1168,9.06595e+06,3.9903e+06,1.91908e+07,0,0,0,0
72.6522,85.139,4.51302,0.27,0.06,3.83745,3.90444,0,0.719118,6.048,4.3624e+06,2.98533e+06,1.67405e+07,0,0,0,4.36772e+08,99.3022,98.274,8.44197,1,1,2.1168,2.37502,0.217466,1.63544,2.1168,9.06595e+06,3.9903e+06,1.91908e+07,0,0,0,0
78.9245,85.139,10.3461,0.27,0.06,3.73842,3.80369,0,0.719138,6.048,4.3624e+06,2.98533e+06,1.63085e+07,0,0,0,4.36772e+08,99.3022,98.274,12.9986,1,1,2.1168,2.26581,0.110129,1.63544,2.1168,9.06595e+06,3.9903e+06,1.91908e+07,0,0,0,0
80.8523,85.139,6.02167,0.23,0.06,3.73853,3.80379,0,0.700581,6.048,4.3624e+06,2.98533e+06,1.63089e+07,0,0,0,4.36772e+08,99.3022,98.274,5.89715,1,1,2.1168,2.26587,0.110191,1.63544,2.1168,9.06595e+06,3.9903e+06,1.91908e+07,0,0,0,0
81.0268,85.139,4.12821,0.22,0.06,3.73863,3.8039,0,0.7006,6.048,4.3624e+06,2.98533e+06,1.63094e+07,0,0,0,4.36772e+08,99.3022,98.274,4.81922,1,1,2.1168,2.26593,0.110254,1.63544,2.1168,9.06595e+06,3.9903e+06,1.91908e+07,0,0,0,0
83.2122,85.139,6.24128,0.21,0.06,3.73874,3.804,0,0.70062,6.048,4.3624e+06,2.98533e+06,1.63099e+07,0,0,0,4.36772e+08,99.3022,98.274,6.98283,1,1,2.1168,2.266,0.110316,1.63544,2.1168,9.06595e+06,3.9903e+06,1.91908e+07,0,0,0,0
84.2693,85.139,4.8323,0.22,0.06,3.45726,3.51762,0,0.700639,6.048,4.3624e+06,2.98533e+06,1.5082e+07,0,0,0,4.36772e+08,99.3022,98.274,5.54305,1,1,2.00347,2.03844,0,1.63544,2.1168,9.06595e+06,3.9903e+06,1.81633e+07,0,0,0,0
85.139,85.139,4.88489,0.25,0.06,3.45736,3.51772,0,0.647891,6.048,4.3624e+06,2.98533e+06,1.50824e+07,0,0,0,4.36772e+08,99.3022,98.274,5.32098,1,1,2.00352,2.0385,0,1.54788,2.1168,9.06595e+06,3.9903e+06,1.81638e+07,0,0,0,0
85.139,85.139,4.7743,0.24,0.06,3.45746,3.51781,0,0.647909,6.048,4.3624e+06,2.98533e+06,1.50828e+07,0,0,0,4.36772e+08,99.3022,98.274,4.72387,1,1,2.00358,2.03855,0,1.54792,2.1168,9.06595e+06,3.9903e+06,1.81643e+07,0,0,0,0
85.139,85.139,16.0413,0.25,0.06,3.45755,3.51791,0,0.647928,6.048,4.3624e+06,2.98533e+06,1.50832e+07,0,0,0,4.36772e+08,99.3022,98.274,14.7966,1,1,2.00363,2.03861,0,1.54796,2.1168,9.06595e+06,3.9903e+06,1.81648e+07,0,0,0,0
85.139,85.139,12.1311,0.26,0.06,3.45765,3.51801,0,0.647946,6.048,4.3624e+06,2.98533e+06,1.50836e+07,0,0,0,4.36772e+08,99.3022,98.274,11.3777,1,1,2.00369,2.03867,0,1.54801,2.1168,9.06595e+06,3.9903e+06,1.81654e+07,0,0,0,0
85.139,85.139,5.41082,0.25,0.06,3.56605,3.6283,0,0.647964,6.048,4.3624e+06,2.98533e+06,1.55565e+07,0,0,0,4.36772e+08,99.3022,98.274,3.84857,1,1,2.06852,2.10464,0,1.54805,2.1168,9.06595e+06,3.9903e+06,1.87531e+07,0,0,0,0
84.8661,85.139,3.61545,0.27,0.06,3.56612,3.62837,0,0.668278,6.048,4.3624e+06,2.98533e+06,1.55568e+07,0,0,0,4.36772e+08,99.3022,98.274,3.03431,1,1,2.06856,2.10468,0,1.59814,2.1168,9.06595e+06,3.9903e+06,1.87535e+07,0,0,0,0
84.2639,85.139,3.37188,0.38,0.06,3.56619,3.62844,0,0.668291,6.048,4.3624e+06,2.98533e+06,1.55571e+07,0,0,0,4.36772e+08,99.3022,98.274,3.9448,1,1,2.0686,2.10471,0,1.59817,2.1168,9.06595e+06,3.9903e+06,1.87539e+07,0,0,0,0
85.139,85.139,6.15705,0.4,0.06,3.31723,3.62851,0,0.668303,6.048,4.3624e+06,2.98533e+06,1.44711e+07,0,0,0,4.36772e+08,99.3022,98.274,6.48828,1,1,1.92419,2.10475,0,1.5982,2.1168,9.06595e+06,3.9903e+06,1.74446e+07,0,0,0,0
84.9061,85.139,4.04381,0.34,0.06,3.91417,3.9825,0,0.621649,6.048,4.3624e+06,2.98533e+06,1.70752e+07,0,0,0,4.36772e+08,99.3022,98.274,4.24473,1,1,2.1168,2.35227,0.195115,1.48663,2.1168,9.06595e+06,3.9903e+06,1.91908e+07,0,0,0,0
84.4448,85.139,3.56611,0.45,0.06,3.64092,3.98258,0,0.733516,6.048,4.3624e+06,2.98533e+06,1.58832e+07,0,0,0,4.36772e+08,99.3022,98.274,3.21127,1,1,2.1168,2.35232,0.0337181,1.63544,2.1168,9.06595e+06,3.9903e+06,1.91908e+07,0,0,0,0
84.7072,85.139,4.3267,0.46,0.06,3.64099,3.98266,0,0.682309,6.048,4.3624e+06,2.98533e+06,1.58835e+07,0,0,0,4.36772e+08,99.3022,98.274,3.80607,1,1,2.1168,2.35236,0.0337591,1.63544,2.1168,9.06595e+06,3.9903e+06,1.91908e+07,0,0,0,0
84.8672,85.139,4.2779,0.47,0.06,3.64106,3.98273,0,0.682322,6.048,4.3624e+06,2.98533e+06,1.58838e+07,0,0,0,4.36772e+08,99.3022,98.274,3.43949,1,1,2.1168,2.35241,0.0337999,1.63544,2.1168,9.06595e+06,3.9903e+06,1.91908e+07,0,0,0,0
85.0762,85.139,3.8572,0.49,0.06,3.17959,3.47796,0,0.682335,6.048,4.3624e+06,2.98533e+06,1.38707e+07,0,0,0,4.36772e+08,99.3022,98.274,3.27932,1,1,1.84699,2.02031,0,1.63544,2.1168,9.06595e+06,3.9903e+06,1.67447e+07,0,0,0,0
85.139,85.139,4.03083,0.51,0.06,3.17965,3.47803,0,0.595856,6.048,4.3624e+06,2.98533e+06,1.38709e+07,0,0,0,4.36772e+08,99.3022,98.274,3.42455,1,1,1.84702,2.02035,0,1.42698,2.1168,9.06595e+06,3.9903e+06,1.6745e+07,0,0,0,0
85.139,85.139,6.47515,0.48,0.06,3.17971,3.47809,0,0.595867,6.048,4.3624e+06,2.98533e+06,1.38712e+07,0,0,0,4.36772e+08,99.3022,98.274,5.24588,1,1,1.84706,2.02038,0,1.42701,2.1168,9.06595e+06,3.9903e+06,1.67454e+07,0,0,0,0
85.139,85.139,5.99842,0.49,0.06,3.17977,3.47816,0,0.595878,6.048,4.3624e+06,2.98533e+06,1.38714e+07,0,0,0,4.36772e+08,99.3022,98.274,7.46641,1,1,1.84709,2.02042,0,1.42704,2.1168,9.06595e+06,3.9903e+06,1.67457e+07,0,0,0,0
85.139,85.139,6.60673,0.51,0.06,3.17983,3.47822,0,0.59589,6.048,4.3624e+06,2.98533e+06,1.38717e+07,0,0,0,4.36772e+08,99.3022,98.274,6.02388,1,1,1.84713,2.02046,0,1.42707,2.1168,9.06595e+06,3.9903e+06,1.6746e+07,0,0,0,0
85.139,85.139,5.20352,0.5,0.06,3.29608,3.60538,0,0.595901,6.048,4.3624e+06,2.98533e+06,1.43788e+07,0,0,0,4.36772e+08,99.3022,98.274,3.25245,1,1,1.92146,2.10176,0,1.42709,2.1168,9.06595e+06,3.9903e+06,1.74198e+07,0,0,0,0
85.139,85.139,6.50768,0.5,0.06,3.29614,3.60545,0,0.617686,6.048,4.3624e+06,2.98533e+06,1.43791e+07,0,0,0,4.36772e+08,99.3022,98.274,4.54143,1,1,1.92149,2.1018,0,1.48452,2.1168,9.06595e+06,3.9903e+06,1.74202e+07,0,0,0,0
85.139,85.139,7.8485,0.47,0.06,3.29621,3.60552,0,0.617697,6.048,4.3624e+06,2.98533e+06,1.43794e+07,0,0,0,4.36772e+08,99.3022,98.274,5.73925,1,1,1.92153,2.10184,0,1.48455,2.1168,9.06595e+06,3.9903e+06,1.74205e+07,0,0,0,0
85.139,85.139,5.49798,0.47,0.06,3.29627,3.60558,0,0.617709,6.048,4.3624e+06,2.98533e+06,1.43796e+07,0,0,0,4.36772e+08,99.3022,98.274,3.96897,1,1,1.92157,2.10188,0,1.48457,2.1168,9.06595e+06,3.9903e+06,1.74208e+07,0,0,0,0
85.139,85.139,4.28946,0.44,0.06,3.2509,3.55596,0,0.617721,6.048,4.3624e+06,2.98533e+06,1.41817e+07,0,0,0,4.36772e+08,99.3022,98.274,3.573,1,1,1.89275,2.07036,0,1.4846,2.1168,9.06595e+06,3.9903e+06,1.71595e+07,0,0,0,0
85.139,85.139,3.83551,0.43,0.06,3.25096,3.55603,0,0.609219,6.048,4.3624e+06,2.98533e+06,1.4182e+07,0,0,0,4.36772e+08,99.3022,98.274,3.45033,1,1,1.89278,2.0704,0,1.46234,2.1168,9.06595e+06,3.9903e+06,1.71599e+07,0,0,0,0
85.139,85.139,3.68754,0.42,0.06,3.25102,3.55609,0,0.60923,6.048,4.3624e+06,2.98533e+06,1.41823e+07,0,0,0,4.36772e+08,99.3022,98.274,3.13354,1,1,1.89282,2.07044,0,1.46236,2.1168,9.06595e+06,3.9903e+06,1.71602e+07,0,0,0,0
84.6794,85.139,3.26804,0.39,0.06,3.49515,3.55616,0,0.609242,6.048,4.3624e+06,2.98533e+06,1.52472e+07,0,0,0,4.36772e+08,99.3022,98.274,3.03366,1,1,2.03495,2.07048,0,1.46239,2.1168,9.06595e+06,3.9903e+06,1.84488e+07,0,0,0,0
84.29,85.139,3.2856,0.45,0.06,3.40537,3.72493,0,0.65499,6.048,4.3624e+06,2.98533e+06,1.48556e+07,0,0,0,4.36772e+08,99.3022,98.274,3.40414,1,1,1.99523,2.18246,0,1.5722,2.1168,9.06595e+06,3.9903e+06,1.80887e+07,0,0,0,0
83.3026,85.139,2.82486,0.39,0.06,3.66108,3.725,0,0.638167,6.048,4.3624e+06,2.98533e+06,1.59711e+07,0,0,0,4.36772e+08,99.2038,98.274,2.87494,1,1,2.1168,2.1825,0.0282528,1.54151,2.1168,9.06595e+06,3.9903e+06,1.91908e+07,0,0,0,0
82.1897,85.139,2.59091,0.38,0.06,3.66115,3.72507,0,0.686087,6.048,4.3624e+06,2.98533e+06,1.59714e+07,0,0,0,4.36772e+08,99.0218,98.274,2.56261,1,1,2.1168,2.18254,0.0282933,1.63544,2.1168,9.06595e+06,3.9903e+06,1.91908e+07,0,0,0,0
80.9881,85.139,2.48349,0.31,0.06,3.66122,3.72514,0,0.6861,6.048,4.3624e+06,2.98533e+06,1.59717e+07,0,0,0,4.36772e+08,98.8323,98.274,2.54607,1,1,2.1168,2.18258,0.0283341,1.63544,2.1168,9.06595e+06,3.9903e+06,1.91908e+07,0,0,0,0
79.5863,85.139,2.26619,0.3,0.06,3.66129,3.72521,0,0.686113,6.048,4.3624e+06,2.98533e+06,1.5972e+07,0,0,0,4.36772e+08,98.2962,98.274,2.50548,1,1,2.1168,2.18262,0.0283749,1.63544,2.1168,9.06595e+06,3.9903e+06,1.91908e+07,0,0,0,0
77.5528,85.139,1.58165,0.24,0.06,3.62857,3.69191,0,0.686126,6.048,4.3624e+06,2.98533e+06,1.58293e+07,0,0,0,4.36772e+08,97.5496,98.274,1.67977,1,1,2.1168,2.2442,0.0888912,1.63544,2.1168,9.06595e+06,3.9903e+06,1.91908e+07,0,0,0,0
75.4987,85.139,1.5377,0.31,0.06,3.62864,3.69198,0,0.679994,6.048,4.3624e+06,2.98533e+06,1.58296e+07,0,0,0,4.36772e+08,96.8478,98.274,1.77048,1,1,2.1168,2.24424,0.0889332,1.63544,2.1168,9.06595e+06,3.9903e+06,1.91908e+07,0,0,0,0
73.4229,85.139,1.49179,0.25,0.06,3.62871,3.69205,0,0.680007,6.048,4.3624e+06,2.98533e+06,1.58299e+07,0,0,0,4.36772e+08,96.0338,98.274,1.75364,1,1,2.1168,2.24428,0.0889751,1.63544,2.1168,9.06595e+06,3.9903e+06,1.91908e+07,0,0,0,0
71.2697,85.139,1.36435,0.33,0.06,3.62878,3.69212,0,0.68002,6.048,4.3624e+06,2.98533e+06,1.58302e+07,0,0,0,4.36772e+08,95.2693,98.274,1.64374,1,1,2.1168,2.24432,0.0890168,1.63544,2.1168,9.06595e+06,3.9903e+06,1.91908e+07,0,0,0,0
69.2156,85.139,1.50508,0.29,0.06,3.71353,3.77836,0,0.680033,6.048,4.3624e+06,2.98533e+06,1.61999e+07,0,0,0,4.36772e+08,94.5284,98.274,1.76678,1,1,2.1168,2.29921,0.14296,1.63544,2.1168,9.06595e+06,3.9903e+06,1.91908e+07,0,0,0,0
67.1279,85.139,1.44561,0.27,0.06,3.71361,3.77843,0,0.695916,6.048,4.3624e+06,2.98533e+06,1.62002e+07,0,0,0,4.36772e+08,93.6728,98.274,1.74036,1,1,2.1168,2.29925,0.143003,1.63544,2.1168,9.06595e+06,3.9903e+06,1.91908e+07,0,0,0,0
64.941,85.139,1.31831,0.37,0.06,3.71368,3.77851,0,0.69593,6.048,4.3624e+06,2.98533e+06,1.62005e+07,0,0,0,4.36772e+08,92.8251,98.274,1.60328,1,1,2.1168,2.2993,0.143046,1.63544,2.1168,9.06595e+06,3.9903e+06,1.91908e+07,0,0,0,0
62.6264,85.139,1.14856,0.35,0.06,3.71375,3.77858,0,0.695943,6.048,4.3624e+06,2.98533e+06,1.62008e+07,0,0,0,4.36772e+08,91.907,98.274,1.59339,1,1,2.1168,2.29934,0.143089,1.63544,2.1168,9.06595e+06,3.9903e+06,1.91908e+07,0,0,0,0
59.9431,85.139,0.945738,0.33,0.06,3.96185,4.03101,0,0.695956,6.048,4.3624e+06,2.98533e+06,1.72832e+07,0,0,0,4.36772e+08,90.8238,98.274,1.48362,1,1,2.1168,2.49735,0.337702,1.63544,2.1168,9.06595e+06,3.9903e+06,1.91908e+07,0,0,0,0
57.2896,85.139,0.704281,0.4,0.06,3.68527,4.03109,0,0.74245,6.048,4.3624e+06,2.98533e+06,1.60766e+07,0,0,0,4.36772e+08,89.6471,98.274,1.23108,1,1,2.1168,2.4974,0.166351,1.63544,2.1168,9.06595e+06,3.9903e+06,1.91908e+07,0,0,0,0
54.4729,85.139,0.713834,0.37,0.06,3.962,4.03116,0,0.690619,6.048,4.3624e+06,2.98533e+06,1.72838e+07,0,0,0,4.36772e+08,88.6362,98.274,1.19133,1,1,2.1168,2.49745,0.337795,1.63544,2.1168,9.06595e+06,3.9903e+06,1.91908e+07,0,0,0,0
52.2375,85.139,1.054,0.48,0.06,3.68541,4.03124,0,0.742478,6.048,4.3624e+06,2.98533e+06,1.60772e+07,0,0,0,4.36772e+08,87.723,98.274,1.41113,1,1,2.1168,2.49749,0.166438,1.63544,2.1168,9.06595e+06,3.9903e+06,1.91908e+07,0,0,0,0
50.4464,85.139,1.50583,0.46,0.06,3.68548,4.03131,0,0.690645,6.048,4.3624e+06,2.98533e+06,1.60775e+07,0,0,0,4.36772e+08,86.7531,98.274,1.56776,1,1,2.1168,2.49754,0.166482,1.63544,2.1168,9.06595e+06,3.9903e+06,1.91908e+07,0,0,0,0
48.8495,85.139,1.64548,0.52,0.06,3.5731,3.90839,0,0.690658,6.048,4.3624e+06,2.98533e+06,1.55873e+07,0,0,0,4.36772e+08,86.2118,98.274,1.3463,1,1,2.1168,2.37742,0.056664,1.63544,2.1168,9.06595e+06,3.9903e+06,1.91908e+07,0,0,0,0
47.5159,85.139,1.90285,0.5,0.06,3.57316,3.90846,0,0.669598,6.048,4.3624e+06,2.98533e+06,1.55876e+07,0,0,0,4.36772e+08,85.9492,98.274,2.22866,1,1,2.1168,2.37746,0.0567052,1.63544,2.1168,9.06595e+06,3.9903e+06,1.91908e+07,0,0,0,0
46.1457,85.139,1.83256,0.49,0.06,3.57323,3.90854,0,0.669611,6.048,4.3624e+06,2.98533e+06,1.55879e+07,0,0,0,4.36772e+08,85.6363,98.274,2.09538,1,1,2.1168,2.37751,0.0567466,1.63544,2.1168,9.06595e+06,3.9903e+06,1.91908e+07,0,0,0,0
44.7783,85.139,1.80195,0.5,0.06,3.5733,3.90861,0,0.669624,6.048,4.3624e+06,2.98533e+06,1.55882e+07,0,0,0,4.36772e+08,85.4058,98.274,2.4667,1,1,2.1168,2.37755,0.0567878,1.63544,2.1168,9.06595e+06,3.9903e+06,1.91908e+07,0,0,0,0
43.7032,85.139,2.07222,0.57,0.06,3.48106,3.80771,0,0.669636,6.048,4.3624e+06,2.98533e+06,1.51858e+07,0,0,0,4.36772e+08,85.3452,98.274,2.68044,1,1,2.07362,2.2682,0,1.63544,2.1168,9.06595e+06,3.9903e+06,1.87993e+07,0,0,0,0
42.1357,85.139,1.51965,0.6,0.06,3.48113,3.80779,0,0.65235,6.048,4.3624e+06,2.98533e+06,1.51861e+07,0,0,0,4.36772e+08,85.6445,98.274,3.6748,1,1,2.07366,2.26825,0,1.60208,2.1168,9.06595e+06,3.9903e+06,1.87997e+07,0,0,0,0
40.2018,85.139,1.11435,0.62,0.06,3.48119,3.80786,0,0.652363,6.048,4.3624e+06,2.98533e+06,1.51863e+07,0,0,0,4.36772e+08,85.5712,98.274,2.64695,1,1,2.0737,2.26829,0,1.60211,2.1168,9.06595e+06,3.9903e+06,1.88001e+07,0,0,0,0
40.5078,85.139,3.55428,0.62,0.06,3.48126,3.80793,0,0.652375,6.048,4.3624e+06,2.98533e+06,1.51866e+07,0,0,0,4.36772e+08,85.8532,98.274,4.30383,1,1,2.07374,2.26833,0,1.60214,2.1168,9.06595e+06,3.9903e+06,1.88004e+07,0,0,0,0
40.009,85.139,2.44939,0.6,0.06,3.21914,3.52122,0,0.652388,6.048,4.3624e+06,2.98533e+06,1.40432e+07,0,0,0,4.36772e+08,85.6846,98.274,2.62649,1,1,1.86547,2.04053,0,1.60217,2.1168,9.06595e+06,3.9903e+06,1.69123e+07,0,0,0,0
39.4012,85.139,2.31931,0.62,0.06,3.2192,3.52128,0,0.603267,6.048,4.3624e+06,2.98533e+06,1.40434e+07,0,0,0,4.36772e+08,85.5554,98.274,2.64224,1,1,1.86551,2.04057,0,1.44127,2.1168,9.06595e+06,3.9903e+06,1.69126e+07,0,0,0,0
38.9377,85.139,2.53647,0.66,0.06,3.21926,3.52135,0,0.603278,6.048,4.3624e+06,2.98533e+06,1.40437e+07,0,0,0,4.36772e+08,85.5522,98.274,2.90015,1,1,1.86554,2.0406,0,1.44129,2.1168,9.06595e+06,3.9903e+06,1.69129e+07,0,0,0,0
39.3418,85.139,3.48217,0.68,0.06,3.21932,3.52142,0,0.60329,6.048,4.3624e+06,2.98533e+06,1.4044e+07,0,0,0,4.36772e+08,85.8345,98.274,3.97904,1,1,1.86558,2.04064,0,1.44132,2.1168,9.06595e+06,3.9903e+06,1.69133e+07,0,0,0,0
39.9782,85.139,3.82349,0.71,0.06,3.21938,3.52148,0,0.603301,6.048,4.3624e+06,2.98533e+06,1.40442e+07,0,0,0,4.36772e+08,86.4248,98.274,5.27528,1,1,1.86562,2.04068,0,1.44135,2.1168,9.06595e+06,3.9903e+06,1.69136e+07,0,0,0,0
50.0518,85.139,13.6286,0.69,0.06,3.21938,3.52148,0,0.603313,6.048,4.3624e+06,2.98533e+06,1.40442e+07,0,0,0,4.36772e+08,89.5524,98.274,9.74303,1,1,1.86562,2.04068,0,1.44137,2.1168,9.06595e+06,3.9903e+06,1.69136e+07,0,0,0,0
53.5165,85.139,6.88815,0.68,0.06,3.32029,3.63186,0,0.603313,6.048,4.3624e+06,2.98533e+06,1.44844e+07,0,0,0,4.36772e+08,89.7978,98.274,7.07211,1,1,1.92597,2.10669,0,1.44137,2.1168,9.06595e+06,3.9903e+06,1.74607e+07,0,0,0,0
55.8209,85.139,5.75625,0.66,0.06,3.32032,3.63189,0,0.622222,6.048,4.3624e+06,2.98533e+06,1.44846e+07,0,0,0,4.36772e+08,89.8416,98.274,6.17416,1,1,1.92599,2.10672,0,1.488,2.1168,9.06595e+06,3.9903e+06,1.74609e+07,0,0,0,0
58.4723,85.139,6.16275,0.67,0.06,3.32035,3.63193,0,0.622228,6.048,4.3624e+06,2.98533e+06,1.44847e+07,0,0,0,4.36772e+08,90.0027,98.274,6.94416,1,1,1.926,2.10674,0,1.48802,2.1168,9.06595e+06,3.9903e+06,1.74611e+07,0,0,0,0
61.5898,85.139,6.66682,0.66,0.06,3.32039,3.63197,0,0.622234,6.048,4.3624e+06,2.98533e+06,1.44849e+07,0,0,0,4.36772e+08,90.62,98.274,7.32491,1,1,1.92602,2.10676,0,1.48803,2.1168,9.06595e+06,3.9903e+06,1.74612e+07,0,0,0,0
63.2915,85.139,5.51461,0.68,0.06,3.64429,3.98626,0,0.622241,6.048,4.3624e+06,2.98533e+06,1.58978e+07,0,0,0,4.36772e+08,91.1374,98.274,6.46937,1,1,2.1168,2.35449,0.0357055,1.48805,2.1168,9.06595e+06,3.9903e+06,1.91908e+07,0,0,0,0
63.3466,85.139,3.79851,0.65,0.06,3.64432,3.9863,0,0.682939,6.048,4.3624e+06,2.98533e+06,1.5898e+07,0,0,0,4.36772e+08,91.1479,98.274,4.59327,1,1,2.1168,2.35452,0.0357276,1.63544,2.1168,9.06595e+06,3.9903e+06,1.91908e+07,0,0,0,0
62.9775,85.139,3.35422,0.66,0.06,3.64436,3.98634,0,0.682946,6.048,4.3624e+06,2.98533e+06,1.58982e+07,0,0,0,4.36772e+08,90.999,98.274,4.11523,1,1,2.1168,2.35454,0.0357494,1.63544,2.1168,9.06595e+06,3.9903e+06,1.91908e+07,0,0,0,0
64.7384,85.139,5.66991,0.67,0.06,3.6444,3.98638,0,0.682953,6.048,4.3624e+06,2.98533e+06,1.58983e+07,0,0,0,4.36772e+08,91.9362,98.274,7.92379,1,1,2.1168,2.35456,0.0357711,1.63544,2.1168,9.06595e+06,3.9903e+06,1.91908e+07,0,0,0,0
68.1442,85.139,7.19465,0.69,0.06,3.18248,3.48112,0,0.68296,6.048,4.3624e+06,2.98533e+06,1.38832e+07,0,0,0,4.36772e+08,93.7361,98.274,10.0998,1,1,1.84867,2.02214,0,1.63544,2.1168,9.06595e+06,3.9903e+06,1.67599e+07,0,0,0,0
69.3623,85.139,4.94144,0.66,0.06,3.18251,3.48115,0,0.596397,6.048,4.3624e+06,2.98533e+06,1.38834e+07,0,0,0,4.36772e+08,94.7801,98.274,8.10323,1,1,1.84868,2.02216,0,1.42828,2.1168,9.06595e+06,3.9903e+06,1.67601e+07,0,0,0,0
72.2513,85.139,6.57747,0.66,0.06,3.18254,3.48119,0,0.596403,6.048,4.3624e+06,2.98533e+06,1.38835e+07,0,0,0,4.36772e+08,96.1781,98.274,9.51622,1,1,1.8487,2.02218,0,1.42829,2.1168,9.06595e+06,3.9903e+06,1.67603e+07,0,0,0,0
75.4148,85.139,6.96316,0.67,0.06,3.18258,3.48122,0,0.596409,6.048,4.3624e+06,2.98533e+06,1.38837e+07,0,0,0,4.36772e+08,98.5447,98.274,11.2861,1,1,1.84872,2.0222,0,1.42831,2.1168,9.06595e+06,3.9903e+06,1.67604e+07,0,0,0,0
78.6649,85.139,6.9129,0.61,0.06,3.18261,3.48126,0,0.596415,6.048,4.3624e+06,2.98533e+06,1.38838e+07,0,0,0,4.36772e+08,99.3022,98.274,6.86865,1,1,1.84874,2.02222,0,1.42832,2.1168,9.06595e+06,3.9903e+06,1.67606e+07,0,0,0,0
80.9852,85.139,6.14816,0.62,0.06,3.29893,3.60849,0,0.596421,6.048,4.3624e+06,2.98533e+06,1.43912e+07,0,0,0,4.36772e+08,99.3022,98.274,9.74433,1,1,1.92312,2.10358,0,1.42834,2.1168,9.06595e+06,3.9903e+06,1.74349e+07,0,0,0,0
82.1695,85.139,5.11809,0.55,0.06,3.29896,3.60853,0,0.618219,6.048,4.3624e+06,2.98533e+06,1.43914e+07,0,0,0,4.36772e+08,99.3022,98.274,9.87567,1,1,1.92314,2.1036,0,1.4858,2.1168,9.06595e+06,3.9903e+06,1.74351e+07,0,0,0,0
82.2521,85.139,3.87193,0.55,0.06,3.29899,3.60857,0,0.618225,6.048,4.3624e+06,2.98533e+06,1.43915e+07,0,0,0,4.36772e+08,99.3022,98.274,6.9941,1,1,1.92315,2.10362,0,1.48581,2.1168,9.06595e+06,3.9903e+06,1.74352e+07,0,0,0,0
83.1142,85.139,4.51905,0.55,0.06,3.29903,3.6086,0,0.618232,6.048,4.3624e+06,2.98533e+06,1.43917e+07,0,0,0,4.36772e+08,99.3022,98.274,4.99118,1,1,1.92317,2.10364,0,1.48583,2.1168,9.06595e+06,3.9903e+06,1.74354e+07,0,0,0,0
83.5535,85.139,3.98137,0.53,0.06,3.25359,3.5589,0,0.618238,6.048,4.3624e+06,2.98533e+06,1.41935e+07,0,0,0,4.36772e+08,99.3022,98.274,3.97067,1,1,1.89431,2.07207,0,1.48584,2.1168,9.06595e+06,3.9903e+06,1.71738e+07,0,0,0,0
83.5254,85.139,3.48756,0.51,0.06,3.25363,3.55894,0,0.609723,6.048,4.3624e+06,2.98533e+06,1.41936e+07,0,0,0,4.36772e+08,99.3022,98.274,3.58523,1,1,1.89433,2.07209,0,1.46355,2.1168,9.06595e+06,3.9903e+06,1.71739e+07,0,0,0,0
83.167,85.139,3.12741,0.48,0.06,3.25366,3.55898,0,0.609729,6.048,4.3624e+06,2.98533e+06,1.41938e+07,0,0,0,4.36772e+08,99.3022,98.274,3.17515,1,1,1.89435,2.07211,0,1.46356,2.1168,9.06595e+06,3.9903e+06,1.71741e+07,0,0,0,0
82.8209,85.139,3.09509,0.46,0.06,3.25369,3.55901,0,0.609736,6.048,4.3624e+06,2.98533e+06,1.41939e+07,0,0,0,4.36772e+08,99.2944,98.274,2.98363,1,1,1.89437,2.07214,0,1.46358,2.1168,9.06595e+06,3.9903e+06,1.71743e+07,0,0,0,0
82.5035,85.139,3.19063,0.41,0.06,3.40807,3.72788,0,0.609742,6.048,4.3624e+06,2.98533e+06,1.48674e+07,0,0,0,4.36772e+08,99.1492,98.274,2.77119,1,1,1.99681,2.18419,0,1.46359,2.1168,9.06595e+06,3.9903e+06,1.8103e+07,0,0,0,0
81.8001,85.139,2.78248,0.4,0.06,3.40811,3.72792,0,0.638673,6.048,4.3624e+06,2.98533e+06,1.48675e+07,0,0,0,4.36772e+08,98.9084,98.274,2.40157,1,1,1.99683,2.18421,0,1.54274,2.1168,9.06595e+06,3.9903e+06,1.81032e+07,0,0,0,0
80.5502,85.139,2.43827,0.33,0.06,3.66399,3.72795,0,0.638679,6.048,4.3624e+06,2.98533e+06,1.59838e+07,0,0,0,4.36772e+08,98.56,98.274,2.40259,1,1,2.1168,2.18423,0.0299561,1.54275,2.1168,9.06595e+06,3.9903e+06,1.91908e+07,0,0,0,0
79.1051,85.139,2.22158,0.3,0.06,3.66403,3.72799,0,0.686632,6.048,4.3624e+06,2.98533e+06,1.5984e+07,0,0,0,4.36772e+08,98.1597,98.274,2.20771,1,1,2.1168,2.18425,0.0299779,1.63544,2.1168,9.06595e+06,3.9903e+06,1.91908e+07,0,0,0,0
77.4599,85.139,2.03415,0.33,0.06,3.66407,3.72803,0,0.686639,6.048,4.3624e+06,2.98533e+06,1.59841e+07,0,0,0,4.36772e+08,97.7775,98.274,2.4769,1,1,2.1168,2.18428,0.0299997,1.63544,2.1168,9.06595e+06,3.9903e+06,1.91908e+07,0,0,0,0
75.7719,85.139,1.92869,0.32,0.06,3.63129,3.69468,0,0.686646,6.048,4.3624e+06,2.98533e+06,1.58411e+07,0,0,0,4.36772e+08,97.36,98.274,2.40087,1,1,2.1168,2.24588,0.0905425,1.63544,2.1168,9.06595e+06,3.9903e+06,1.91908e+07,0,0,0,0
73.9882,85.139,1.80691,0.27,0.06,3.63132,3.69471,0,0.680503,6.048,4.3624e+06,2.98533e+06,1.58413e+07,0,0,0,4.36772e+08,96.8798,98.274,2.26533,1,1,2.1168,2.2459,0.090565,1.63544,2.1168,9.06595e+06,3.9903e+06,1.91908e+07,0,0,0,0
72.1137,85.139,1.69479,0.26,0.06,3.63136,3.69475,0,0.68051,6.048,4.3624e+06,2.98533e+06,1.58414e+07,0,0,0,4.36772e+08,96.369,98.274,2.1349,1,1,2.1168,2.24592,0.0905873,1.63544,2.1168,9.06595e+06,3.9903e+06,1.91908e+07,0,0,0,0
70.223,85.139,1.66717,0.3,0.06,3.6314,3.69479,0,0.680517,6.048,4.3624e+06,2.98533e+06,1.58416e+07,0,0,0,4.36772e+08,95.9133,98.274,2.11509,1,1,2.1168,2.24594,0.0906098,1.63544,2.1168,9.06595e+06,3.9903e+06,1.91908e+07,0,0,0,0
68.0962,85.139,1.45718,0.28,0.06,3.71618,3.78106,0,0.680524,6.048,4.3624e+06,2.98533e+06,1.62115e+07,0,0,0,4.36772e+08,95.357,98.274,2.02247,1,1,2.1168,2.30085,0.144572,1.63544,2.1168,9.06595e+06,3.9903e+06,1.91908e+07,0,0,0,0
65.9041,85.139,1.3639,0.37,0.06,3.71622,3.7811,0,0.696413,6.048,4.3624e+06,2.98533e+06,1.62116e+07,0,0,0,4.36772e+08,94.7692,98.274,1.84802,1,1,2.1168,2.30087,0.144595,1.63544,2.1168,9.06595e+06,3.9903e+06,1.91908e+07,0,0,0,0
63.7201,85.139,1.33969,0.35,0.06,3.71626,3.78113,0,0.69642,6.048,4.3624e+06,2.98533e+06,1.62118e+07,0,0,0,4.36772e+08,94.2158,98.274,1.98659,1,1,2.1168,2.3009,0.144618,1.63544,2.1168,9.06595e+06,3.9903e+06,1.91908e+07,0,0,0,0
61.7046,85.139,1.47224,0.31,0.06,3.7163,3.78117,0,0.696427,6.048,4.3624e+06,2.98533e+06,1.6212e+07,0,0,0,4.36772e+08,93.7105,98.274,2.22394,1,1,2.1168,2.30092,0.144641,1.63544,2.1168,9.06595e+06,3.9903e+06,1.91908e+07,0,0,0,0
59.8581,85.139,1.60798,0.41,0.06,3.6877,4.03374,0,0.696434,6.048,4.3624e+06,2.98533e+06,1.60872e+07,0,0,0,4.36772e+08,93.213,98.274,2.30311,1,1,2.1168,2.49904,0.167856,1.63544,2.1168,9.06595e+06,3.9903e+06,1.91908e+07,0,0,0,0
57.6339,85.139,1.44756,0.38,0.06,3.96457,4.03378,0,0.691074,6.048,4.3624e+06,2.98533e+06,1.7295e+07,0,0,0,4.36772e+08,92.6992,98.274,2.20583,1,1,2.1168,2.49907,0.339391,1.63544,2.1168,9.06595e+06,3.9903e+06,1.91908e+07,0,0,0,0
55.4727,85.139,1.46014,0.35,0.06,3.96461,4.03382,0,0.742961,6.048,4.3624e+06,2.98533e+06,1.72952e+07,0,0,0,4.36772e+08,92.2562,98.274,2.37095,1,1,2.1168,2.49909,0.339416,1.63544,2.1168,9.06595e+06,3.9903e+06,1.91908e+07,0,0,0,0
53.5717,85.139,1.47384,0.45,0.06,3.68781,4.03386,0,0.742968,6.048,4.3624e+06,2.98533e+06,1.60877e+07,0,0,0,4.36772e+08,91.8248,98.274,2.827,1,1,2.1168,2.49912,0.167925,1.63544,2.1168,9.06595e+06,3.9903e+06,1.91908e+07,0,0,0,0
52.4591,85.139,2.23083,0.42,0.06,3.68784,4.03391,0,0.691095,6.048,4.3624e+06,2.98533e+06,1.60878e+07,0,0,0,4.36772e+08,91.3223,98.274,2.85779,1,1,2.1168,2.49914,0.167948,1.63544,2.1168,9.06595e+06,3.9903e+06,1.91908e+07,0,0,0,0
51.3842,85.139,2.23838,0.42,0.06,3.57536,3.91087,0,0.691102,6.048,4.3624e+06,2.98533e+06,1.55971e+07,0,0,0,4.36772e+08,90.9328,98.274,3.06473,1,1,2.1168,2.37892,0.0580413,1.63544,2.1168,9.06595e+06,3.9903e+06,1.91908e+07,0,0,0,0
50.4144,85.139,2.55289,0.26,0.06,3.8438,3.91091,0,0.670023,6.048,4.3624e+06,2.98533e+06,1.67682e+07,0,0,0,4.36772e+08,90.7654,98.274,3.90624,1,1,2.1168,2.37895,0.221331,1.63544,2.1168,9.06595e+06,3.9903e+06,1.91908e+07,0,0,0,0
49.5617,85.139,2.49411,0.48,0.06,3.57543,3.91095,0,0.720329,6.048,4.3624e+06,2.98533e+06,1.55975e+07,0,0,0,4.36772e+08,90.5829,98.274,3.81644,1,1,2.1168,2.37897,0.0580855,1.63544,2.1168,9.06595e+06,3.9903e+06,1.91908e+07,0,0,0,0
49.8356,85.139,3.68403,0.46,0.06,3.57547,3.91098,0,0.670036,6.048,4.3624e+06,2.98533e+06,1.55976e+07,0,0,0,4.36772e+08,90.5926,98.274,4.05488,1,1,2.1168,2.379,0.0581076,1.63544,2.1168,9.06595e+06,3.9903e+06,1.91908e+07,0,0,0,0
52.9232,85.139,6.51331,0.44,0.06,3.48314,3.80999,0,0.670043,6.048,4.3624e+06,2.98533e+06,1.51949e+07,0,0,0,4.36772e+08,90.9798,98.274,4.15985,1,1,2.07486,2.26956,0,1.63544,2.1168,9.06595e+06,3.9903e+06,1.88106e+07,0,0,0,0
56.7487,85.139,7.55887,0.23,0.06,3.74466,3.81003,0,0.652741,6.048,4.3624e+06,2.98533e+06,1.63357e+07,0,0,0,4.36772e+08,91.8678,98.274,5.39367,1,1,2.1168,2.26959,0.113845,1.60304,2.1168,9.06595e+06,3.9903e+06,1.91908e+07,0,0,0,0
60.0045,85.139,6.84014,0.44,0.06,3.48321,3.81007,0,0.701749,6.048,4.3624e+06,2.98533e+06,1.51952e+07,0,0,0,4.36772e+08,92.4039,98.274,4.67885,1,1,2.0749,2.26961,0,1.63544,2.1168,9.06595e+06,3.9903e+06,1.8811e+07,0,0,0,0
61.3844,85.139,5.16934,0.22,0.06,3.74474,3.81011,0,0.652754,6.048,4.3624e+06,2.98533e+06,1.6336e+07,0,0,0,4.36772e+08,92.6513,98.274,3.53651,1,1,2.1168,2.26963,0.11389,1.60307,2.1168,9.06595e+06,3.9903e+06,1.91908e+07,0,0,0,0
63.6526,85.139,5.80872,0.24,0.06,3.46275,3.5232,0,0.701764,6.048,4.3624e+06,2.98533e+06,1.51059e+07,0,0,0,4.36772e+08,92.9115,98.274,4.11731,1,1,2.00664,2.04168,0,1.63544,2.1168,9.06595e+06,3.9903e+06,1.81921e+07,0,0,0,0
66.4604,85.139,6.4991,0.18,0.06,3.46279,3.52324,0,0.648919,6.048,4.3624e+06,2.98533e+06,1.51061e+07,0,0,0,4.36772e+08,93.2421,98.274,4.0633,1,1,2.00667,2.0417,0,1.55033,2.1168,9.06595e+06,3.9903e+06,1.81923e+07,0,0,0,0
70.7496,85.139,8.06141,0.22,0.06,3.46282,3.52327,0,0.648926,6.048,4.3624e+06,2.98533e+06,1.51062e+07,0,0,0,4.36772e+08,94.7547,98.274,7.68134,1,1,2.00669,2.04172,0,1.55035,2.1168,9.06595e+06,3.9903e+06,1.81925e+07,0,0,0,0
77.7256,85.139,10.9657,0.23,0.06,3.46286,3.52331,0,0.648933,6.048,4.3624e+06,2.98533e+06,1.51064e+07,0,0,0,4.36772e+08,96.6872,98.274,9.51247,1,1,2.00671,2.04174,0,1.55037,2.1168,9.06595e+06,3.9903e+06,1.81927e+07,0,0,0,0
80.4094,85.139,6.6055,0.22,0.06,3.46289,3.52334,0,0.648939,6.048,4.3624e+06,2.98533e+06,1.51065e+07,0,0,0,4.36772e+08,97.6853,98.274,9.00193,1,1,2.00673,2.04176,0,1.55038,2.1168,9.06595e+06,3.9903e+06,1.81929e+07,0,0,0,0
81.6233,85.139,5.19046,0.13,0.06,3.57139,3.63374,0,0.648946,6.048,4.3624e+06,2.98533e+06,1.55798e+07,0,0,0,4.36772e+08,98.9778,98.274,8.01578,1,1,2.07162,2.10779,0,1.5504,2.1168,9.06595e+06,3.9903e+06,1.87812e+07,0,0,0,0
82.9866,85.139,5.31786,0.18,0.06,3.5714,3.63374,0,0.669279,6.048,4.3624e+06,2.98533e+06,1.55799e+07,0,0,0,4.36772e+08,99.3022,98.274,7.46974,1,1,2.07163,2.10779,0,1.60054,2.1168,9.06595e+06,3.9903e+06,1.87813e+07,0,0,0,0
84.6991,85.139,5.78686,0.22,0.06,3.5714,3.63375,0,0.66928,6.048,4.3624e+06,2.98533e+06,1.55799e+07,0,0,0,4.36772e+08,99.3022,98.274,6.67469,1,1,2.07163,2.10779,0,1.60054,2.1168,9.06595e+06,3.9903e+06,1.87813e+07,0,0,0,0
85.139,85.139,4.68596,0.22,0.06,3.57141,3.63375,0,0.669281,6.048,4.3624e+06,2.98533e+06,1.55799e+07,0,0,0,4.36772e+08,99.3022,98.274,6.07567,1,1,2.07163,2.1078,0,1.60054,2.1168,9.06595e+06,3.9903e+06,1.87813e+07,0,0,0,0
84.0398,85.139,3.51269,0,0.06,4.34312,3.98819,0,0.669282,6.048,4.3624e+06,2.98533e+06,1.89464e+07,0,0,0,4.36772e+08,99.3022,98.274,5.59027,1,1,1.89185,2.35563,0,1.60054,2.1168,9.06595e+06,3.9903e+06,1.71515e+07,0,0,0,0
84.3062,85.139,4.68384,0.25,0.06,3.91977,3.98819,0,0.813901,6.048,4.3624e+06,2.98533e+06,1.70996e+07,0,0,0,4.36772e+08,99.3022,98.274,6.909,1,1,2.1168,2.35563,0.198418,1.46165,2.1168,9.06595e+06,3.9903e+06,1.91908e+07,0,0,0,0
85.139,85.139,6.77869,0.25,0.06,3.91977,3.9882,0,0.734564,6.048,4.3624e+06,2.98533e+06,1.70996e+07,0,0,0,4.36772e+08,99.3022,98.274,8.88791,1,1,2.1168,2.35564,0.198421,1.63544,2.1168,9.06595e+06,3.9903e+06,1.91908e+07,0,0,0,0
85.139,85.139,5.47538,0.13,0.06,3.91978,3.9882,0,0.734565,6.048,4.3624e+06,2.98533e+06,1.70996e+07,0,0,0,4.36772e+08,99.3022,98.274,7.12441,1,1,2.1168,2.35564,0.198424,1.63544,2.1168,9.06595e+06,3.9903e+06,1.91908e+07,0,0,0,0
85.139,85.139,7.01273,0.2,0.06,3.42292,3.48268,0,0.734566,6.048,4.3624e+06,2.98533e+06,1.49322e+07,0,0,0,4.36772e+08,99.3022,98.274,9.19834,1,1,1.98834,2.02305,0,1.63544,2.1168,9.06595e+06,3.9903e+06,1.80262e+07,0,0,0,0
85.139,85.139,9.04026,0.25,0.06,3.42293,3.48268,0,0.641456,6.048,4.3624e+06,2.98533e+06,1.49322e+07,0,0,0,4.36772e+08,99.3022,98.274,10.409,1,1,1.98834,2.02305,0,1.53619,2.1168,9.06595e+06,3.9903e+06,1.80262e+07,0,0,0,0
85.139,85.139,8.66093,0.47,0.06,3.18392,3.48269,0,0.641457,6.048,4.3624e+06,2.98533e+06,1.38895e+07,0,0,0,4.36772e+08,99.3022,98.274,10.0412,1,1,1.8495,2.02305,0,1.53619,2.1168,9.06595e+06,3.9903e+06,1.67675e+07,0,0,0,0
85.139,85.139,14.3928,0.48,0.06,3.18392,3.48269,0,0.596666,6.048,4.3624e+06,2.98533e+06,1.38895e+07,0,0,0,4.36772e+08,99.3022,98.274,13.6286,1,1,1.8495,2.02306,0,1.42892,2.1168,9.06595e+06,3.9903e+06,1.67675e+07,0,0,0,0
85.139,85.139,7.7945,0.5,0.06,3.18392,3.4827,0,0.596667,6.048,4.3624e+06,2.98533e+06,1.38895e+07,0,0,0,4.36772e+08,99.3022,98.274,9.66594,1,1,1.84951,2.02306,0,1.42893,2.1168,9.06595e+06,3.9903e+06,1.67675e+07,0,0,0,0
85.139,85.139,9.52652,0.5,0.06,3.30026,3.60995,0,0.596667,6.048,4.3624e+06,2.98533e+06,1.43971e+07,0,0,0,4.36772e+08,99.3022,98.274,11.1713,1,1,1.92389,2.10443,0,1.42893,2.1168,9.06595e+06,3.9903e+06,1.74419e+07,0,0,0,0
85.139,85.139,6.79536,0.47,0.06,3.30027,3.60996,0,0.618469,6.048,4.3624e+06,2.98533e+06,1.43971e+07,0,0,0,4.36772e+08,99.3022,98.274,8.43236,1,1,1.9239,2.10443,0,1.4864,2.1168,9.06595e+06,3.9903e+06,1.7442e+07,0,0,0,0
85.139,85.139,5.61135,0.47,0.06,3.30027,3.60996,0,0.61847,6.048,4.3624e+06,2.98533e+06,1.43971e+07,0,0,0,4.36772e+08,99.3022,98.274,7.84292,1,1,1.9239,2.10443,0,1.4864,2.1168,9.06595e+06,3.9903e+06,1.7442e+07,0,0,0,0
85.139,85.139,5.47523,0.44,0.06,3.30028,3.60997,0,0.618471,6.048,4.3624e+06,2.98533e+06,1.43971e+07,0,0,0,4.36772e+08,99.3022,98.274,7.28064,1,1,1.9239,2.10444,0,1.4864,2.1168,9.06595e+06,3.9903e+06,1.7442e+07,0,0,0,0
85.139,85.139,5.10866,0.43,0.06,3.2548,3.56022,0,0.618472,6.048,4.3624e+06,2.98533e+06,1.41987e+07,0,0,0,4.36772e+08,99.3022,98.274,6.15387,1,1,1.89501,2.07284,0,1.48641,2.1168,9.06595e+06,3.9903e+06,1.71801e+07,0,0,0,0
85.139,85.139,4.83766,0.42,0.06,3.2548,3.56022,0,0.609949,6.048,4.3624e+06,2.98533e+06,1.41987e+07,0,0,0,4.36772e+08,99.3022,98.274,5.90945,1,1,1.89502,2.07284,0,1.46409,2.1168,9.06595e+06,3.9903e+06,1.71801e+07,0,0,0,0
85.139,85.139,4.53205,0.4,0.06,3.2548,3.56023,0,0.609949,6.048,4.3624e+06,2.98533e+06,1.41988e+07,0,0,0,4.36772e+08,99.3022,98.274,6.98776,1,1,1.89502,2.07284,0,1.46409,2.1168,9.06595e+06,3.9903e+06,1.71802e+07,0,0,0,0
85.139,85.139,4.25241,0.35,0.06,3.49915,3.56023,0,0.60995,6.048,4.3624e+06,2.98533e+06,1.52647e+07,0,0,0,4.36772e+08,99.3022,98.274,6.09612,1,1,2.03728,2.07285,0,1.46409,2.1168,9.06595e+06,3.9903e+06,1.84699e+07,0,0,0,0
85.139,85.139,4.14754,0.31,0.06,3.66514,3.72913,0,0.65574,6.048,4.3624e+06,2.98533e+06,1.59888e+07,0,0,0,4.36772e+08,99.3022,98.274,5.13016,1,1,2.1168,2.18492,0.0306305,1.574,2.1168,9.06595e+06,3.9903e+06,1.91908e+07,0,0,0,0
85.139,85.139,4.00361,0.29,0.06,3.66515,3.72913,0,0.686848,6.048,4.3624e+06,2.98533e+06,1.59888e+07,0,0,0,4.36772e+08,99.3022,98.274,5.4632,1,1,2.1168,2.18492,0.0306336,1.63544,2.1168,9.06595e+06,3.9903e+06,1.91908e+07,0,0,0,0
84.8787,85.139,3.68086,0.24,0.06,3.66515,3.72914,0,0.686849,6.048,4.3624e+06,2.98533e+06,1.59889e+07,0,0,0,4.36772e+08,99.3022,98.274,5.16646,1,1,2.1168,2.18492,0.0306364,1.63544,2.1168,9.06595e+06,3.9903e+06,1.91908e+07,0,0,0,0
84.4873,85.139,3.48462,0.32,0.06,3.66516,3.72914,0,0.68685,6.048,4.3624e+06,2.98533e+06,1.59889e+07,0,0,0,4.36772e+08,99.3022,98.274,5.20817,1,1,2.1168,2.18493,0.0306394,1.63544,2.1168,9.06595e+06,3.9903e+06,1.91908e+07,0,0,0,0
83.9554,85.139,3.24819,0.26,0.06,3.66516,3.72915,0,0.68685,6.048,4.3624e+06,2.98533e+06,1.59889e+07,0,0,0,4.36772e+08,99.3022,98.274,3.99793,1,1,2.1168,2.18493,0.0306422,1.63544,2.1168,9.06595e+06,3.9903e+06,1.91908e+07,0,0,0,0
83.3046,85.139,3.08845,0.25,0.06,3.63234,3.69575,0,0.686851,6.048,4.3624e+06,2.98533e+06,1.58457e+07,0,0,0,4.36772e+08,99.3022,98.274,3.61655,1,1,2.1168,2.24653,0.0911839,1.63544,2.1168,9.06595e+06,3.9903e+06,1.91908e+07,0,0,0,0
82.3988,85.139,2.8244,0.21,0.06,3.63235,3.69576,0,0.680701,6.048,4.3624e+06,2.98533e+06,1.58457e+07,0,0,0,4.36772e+08,99.3022,98.274,3.61834,1,1,2.1168,2.24653,0.0911869,1.63544,2.1168,9.06595e+06,3.9903e+06,1.91908e+07,0,0,0,0
81.238,85.139,2.54989,0.19,0.06,3.63235,3.69576,0,0.680702,6.048,4.3624e+06,2.98533e+06,1.58458e+07,0,0,0,4.36772e+08,99.3022,98.274,3.25034,1,1,2.1168,2.24654,0.09119,1.63544,2.1168,9.06595e+06,3.9903e+06,1.91908e+07,0,0,0,0
80.1783,85.139,2.61881,0.16,0.06,3.63236,3.69577,0,0.680703,6.048,4.3624e+06,2.98533e+06,1.58458e+07,0,0,0,4.36772e+08,99.2744,98.274,3.37812,1,1,2.1168,2.24654,0.0911928,1.63544,2.1168,9.06595e+06,3.9903e+06,1.91908e+07,0,0,0,0
79.2431,85.139,2.7986,0.16,0.06,3.71713,3.78202,0,0.680703,6.048,4.3624e+06,2.98533e+06,1.62156e+07,0,0,0,4.36772e+08,99.2773,98.274,3.75191,1,1,2.1168,2.30144,0.145149,1.63544,2.1168,9.06595e+06,3.9903e+06,1.91908e+07,0,0,0,0
78.0499,85.139,2.52396,0.17,0.06,3.71714,3.78203,0,0.696591,6.048,4.3624e+06,2.98533e+06,1.62156e+07,0,0,0,4.36772e+08,99.2192,98.274,3.62435,1,1,2.1168,2.30144,0.145153,1.63544,2.1168,9.06595e+06,3.9903e+06,1.91908e+07,0,0,0,0
76.6529,85.139,2.30119,0.19,0.06,3.71714,3.78203,0,0.696592,6.048,4.3624e+06,2.98533e+06,1.62157e+07,0,0,0,4.36772e+08,99.1237,98.274,3.3419,1,1,2.1168,2.30144,0.145156,1.63544,2.1168,9.06595e+06,3.9903e+06,1.91908e+07,0,0,0,0
74.9912,85.139,2.00345,0.19,0.06,3.71715,3.78204,0,0.696593,6.048,4.3624e+06,2.98533e+06,1.62157e+07,0,0,0,4.36772e+08,99.0175,98.274,3.32087,1,1,2.1168,2.30145,0.145159,1.63544,2.1168,9.06595e+06,3.9903e+06,1.91908e+07,0,0,0,0
73.6313,85.139,2.53922,0.2,0.06,3.96541,4.03463,0,0.696594,6.048,4.3624e+06,2.98533e+06,1.72987e+07,0,0,0,4.36772e+08,98.8447,98.274,3.16394,1,1,2.1168,2.49959,0.339907,1.63544,2.1168,9.06595e+06,3.9903e+06,1.91908e+07,0,0,0,0
72.57,85.139,2.86062,0.25,0.06,3.96541,4.03464,0,0.743117,6.048,4.3624e+06,2.98533e+06,1.72987e+07,0,0,0,4.36772e+08,98.8596,98.274,3.87436,1,1,2.1168,2.4996,0.339911,1.63544,2.1168,9.06595e+06,3.9903e+06,1.91908e+07,0,0,0,0
70.9592,85.139,2.30628,0.25,0.06,3.96542,4.03464,0,0.743118,6.048,4.3624e+06,2.98533e+06,1.72987e+07,0,0,0,4.36772e+08,98.5991,98.274,2.8212,1,1,2.1168,2.4996,0.339914,1.63544,2.1168,9.06595e+06,3.9903e+06,1.91908e+07,0,0,0,0
69.8689,85.139,2.78681,0.25,0.06,3.96542,4.03465,0,0.743119,6.048,4.3624e+06,2.98533e+06,1.72988e+07,0,0,0,4.36772e+08,98.8333,98.274,4.84954,1,1,2.1168,2.4996,0.339917,1.63544,2.1168,9.06595e+06,3.9903e+06,1.91908e+07,0,0,0,0
68.8041,85.139,2.84564,0.26,0.06,3.96543,4.03465,0,0.74312,6.048,4.3624e+06,2.98533e+06,1.72988e+07,0,0,0,4.36772e+08,98.865,98.274,4.83456,1,1,2.1168,2.49961,0.339921,1.63544,2.1168,9.06595e+06,3.9903e+06,1.91908e+07,0,0,0,0
67.8028,85.139,2.87735,0.26,0.06,3.84444,3.91156,0,0.743121,6.048,4.3624e+06,2.98533e+06,1.6771e+07,0,0,0,4.36772e+08,99.0655,98.274,5.30101,1,1,2.1168,2.37934,0.22172,1.63544,2.1168,9.06595e+06,3.9903e+06,1.91908e+07,0,0,0,0
67.1299,85.139,3.24059,0.3,0.06,3.84445,3.91156,0,0.720449,6.048,4.3624e+06,2.98533e+06,1.6771e+07,0,0,0,4.36772e+08,99.3022,98.274,7.31714,1,1,2.1168,2.37935,0.221723,1.63544,2.1168,9.06595e+06,3.9903e+06,1.91908e+07,0,0,0,0
66.3207,85.139,3.15606,0.31,0.06,3.84445,3.91157,0,0.72045,6.048,4.3624e+06,2.98533e+06,1.6771e+07,0,0,0,4.36772e+08,99.3022,98.274,6.9605,1,1,2.1168,2.37935,0.221727,1.63544,2.1168,9.06595e+06,3.9903e+06,1.91908e+07,0,0,0,0
65.8896,85.139,3.64205,0.31,0.06,3.84446,3.91157,0,0.720451,6.048,4.3624e+06,2.98533e+06,1.67711e+07,0,0,0,4.36772e+08,99.3022,98.274,7.70195,1,1,2.1168,2.37935,0.22173,1.63544,2.1168,9.06595e+06,3.9903e+06,1.91908e+07,0,0,0,0
66.3032,85.139,4.303,0.32,0.06,3.74515,3.81053,0,0.720452,6.048,4.3624e+06,2.98533e+06,1.63378e+07,0,0,0,4.36772e+08,99.3022,98.274,7.2671,1,1,2.1168,2.26988,0.114137,1.63544,2.1168,9.06595e+06,3.9903e+06,1.91908e+07,0,0,0,0
67.4286,85.139,5.22646,0.32,0.06,3.74516,3.81054,0,0.701841,6.048,4.3624e+06,2.98533e+06,1.63379e+07,0,0,0,4.36772e+08,99.3022,98.274,8.80904,1,1,2.1168,2.26989,0.11414,1.63544,2.1168,9.06595e+06,3.9903e+06,1.91908e+07,0,0,0,0
67.9268,85.139,4.60902,0.33,0.06,3.74516,3.81054,0,0.701842,6.048,4.3624e+06,2.98533e+06,1.63379e+07,0,0,0,4.36772e+08,99.3022,98.274,7.73238,1,1,2.1168,2.26989,0.114143,1.63544,2.1168,9.06595e+06,3.9903e+06,1.91908e+07,0,0,0,0
68.6953,85.139,4.88296,0.35,0.06,3.74517,3.81055,0,0.701843,6.048,4.3624e+06,2.98533e+06,1.63379e+07,0,0,0,4.36772e+08,99.3022,98.274,7.92005,1,1,2.1168,2.26989,0.114146,1.63544,2.1168,9.06595e+06,3.9903e+06,1.91908e+07,0,0,0,0
71.2169,85.139,6.65397,0.32,0.06,3.46312,3.52357,0,0.701844,6.048,4.3624e+06,2.98533e+06,1.51075e+07,0,0,0,4.36772e+08,99.3022,98.274,11.0519,1,1,2.00686,2.04189,0,1.63544,2.1168,9.06595e+06,3.9903e+06,1.81941e+07,0,0,0,0
72.9943,85.139,6.11127,0.35,0.06,3.46312,3.52358,0,0.648988,6.048,4.3624e+06,2.98533e+06,1.51075e+07,0,0,0,4.36772e+08,99.3022,98.274,10.5977,1,1,2.00686,2.04189,0,1.5505,2.1168,9.06595e+06,3.9903e+06,1.81941e+07,0,0,0,0
74.5931,85.139,5.89988,0.37,0.06,3.46313,3.52358,0,0.648989,6.048,4.3624e+06,2.98533e+06,1.51075e+07,0,0,0,4.36772e+08,99.3022,98.274,9.74148,1,1,2.00686,2.0419,0,1.5505,2.1168,9.06595e+06,3.9903e+06,1.81941e+07,0,0,0,0
76.4985,85.139,6.26851,0.37,0.06,3.46313,3.52359,0,0.64899,6.048,4.3624e+06,2.98533e+06,1.51076e+07,0,0,0,4.36772e+08,99.3022,98.274,8.79183,1,1,2.00687,2.0419,0,1.5505,2.1168,9.06595e+06,3.9903e+06,1.81942e+07,0,0,0,0
77.0977,85.139,4.47348,0.42,0.06,3.22131,3.52359,0,0.648991,6.048,4.3624e+06,2.98533e+06,1.40526e+07,0,0,0,4.36772e+08,99.3022,98.274,5.8342,1,1,1.86673,2.0419,0,1.5505,2.1168,9.06595e+06,3.9903e+06,1.69237e+07,0,0,0,0
84.976,85.139,12.3682,0.45,0.06,3.32222,3.63397,0,0.603674,6.048,4.3624e+06,2.98533e+06,1.44928e+07,0,0,0,4.36772e+08,99.3022,98.274,10.4692,1,1,1.92709,2.10792,0,1.44224,2.1168,9.06595e+06,3.9903e+06,1.74709e+07,0,0,0,0
85.139,85.139,14.3306,0.37,0.06,3.57159,3.63394,0,0.622583,6.048,4.3624e+06,2.98533e+06,1.55807e+07,0,0,0,4.36772e+08,99.3022,98.274,15.8766,1,1,2.07174,2.1079,0,1.48887,2.1168,9.06595e+06,3.9903e+06,1.87823e+07,0,0,0,0
85.139,85.139,7.55891,0.3,0.06,3.57156,3.63391,0,0.669316,6.048,4.3624e+06,2.98533e+06,1.55806e+07,0,0,0,4.36772e+08,99.3022,98.274,8.79443,1,1,2.07172,2.10789,0,1.60062,2.1168,9.06595e+06,3.9903e+06,1.87821e+07,0,0,0,0
85.139,85.139,8.31096,0.33,0.06,3.57154,3.63389,0,0.669311,6.048,4.3624e+06,2.98533e+06,1.55805e+07,0,0,0,4.36772e+08,99.3022,98.274,6.83944,1,1,2.07171,2.10787,0,1.60061,2.1168,9.06595e+06,3.9903e+06,1.8782e+07,0,0,0,0
85.139,85.139,8.81959,0.34,0.06,3.91987,3.9883,0,0.669306,6.048,4.3624e+06,2.98533e+06,1.71e+07,0,0,0,4.36772e+08,99.3022,98.274,9.03593,1,1,2.1168,2.3557,0.198477,1.6006,2.1168,9.06595e+06,3.9903e+06,1.91908e+07,0,0,0,0
85.139,85.139,7.54542,0.37,0.06,3.91984,3.98827,0,0.734583,6.048,4.3624e+06,2.98533e+06,1.70999e+07,0,0,0,4.36772e+08,99.3022,98.274,7.42211,1,1,2.1168,2.35568,0.19846,1.63544,2.1168,9.06595e+06,3.9903e+06,1.91908e+07,0,0,0,0
85.139,85.139,8.05101,0.38,0.06,3.91981,3.98824,0,0.734578,6.048,4.3624e+06,2.98533e+06,1.70998e+07,0,0,0,4.36772e+08,99.3022,98.274,9.06883,1,1,2.1168,2.35566,0.198443,1.63544,2.1168,9.06595e+06,3.9903e+06,1.91908e+07,0,0,0,0
85.139,85.139,11.1211,0.42,0.06,3.64607,3.98821,0,0.734572,6.048,4.3624e+06,2.98533e+06,1.59056e+07,0,0,0,4.36772e+08,99.3022,98.274,11.6759,1,1,2.1168,2.35564,0.0367577,1.63544,2.1168,9.06595e+06,3.9903e+06,1.91908e+07,0,0,0,0
85.139,85.139,5.25602,0.44,0.06,3.18388,3.48265,0,0.683273,6.048,4.3624e+06,2.98533e+06,1.38894e+07,0,0,0,4.36772e+08,99.2235,98.274,3.49466,1,1,1.84948,2.02303,0,1.63544,2.1168,9.06595e+06,3.9903e+06,1.67673e+07,0,0,0,0
85.139,85.139,5.32227,0.47,0.06,3.18386,3.48263,0,0.59666,6.048,4.3624e+06,2.98533e+06,1.38893e+07,0,0,0,4.36772e+08,99.3022,98.274,6.19237,1,1,1.84947,2.02302,0,1.42891,2.1168,9.06595e+06,3.9903e+06,1.67672e+07,0,0,0,0
85.139,85.139,4.76247,0.48,0.06,3.18384,3.4826,0,0.596655,6.048,4.3624e+06,2.98533e+06,1.38892e+07,0,0,0,4.36772e+08,99.3022,98.274,4.65774,1,1,1.84945,2.023,0,1.4289,2.1168,9.06595e+06,3.9903e+06,1.67671e+07,0,0,0,0
85.139,85.139,6.82185,0.5,0.06,3.18381,3.48257,0,0.596651,6.048,4.3624e+06,2.98533e+06,1.38891e+07,0,0,0,4.36772e+08,99.3022,98.274,8.03772,1,1,1.84944,2.02299,0,1.42889,2.1168,9.06595e+06,3.9903e+06,1.67669e+07,0,0,0,0
85.139,85.139,5.19969,0.49,0.06,3.18379,3.48255,0,0.596646,6.048,4.3624e+06,2.98533e+06,1.3889e+07,0,0,0,4.36772e+08,99.3022,98.274,9.19072,1,1,1.84943,2.02297,0,1.42888,2.1168,9.06595e+06,3.9903e+06,1.67668e+07,0,0,0,0
85.139,85.139,6.6822,0.49,0.06,3.30009,3.60977,0,0.596642,6.048,4.3624e+06,2.98533e+06,1.43963e+07,0,0,0,4.36772e+08,99.3022,98.274,9.75313,1,1,1.92379,2.10432,0,1.42887,2.1168,9.06595e+06,3.9903e+06,1.7441e+07,0,0,0,0
85.139,85.139,4.46005,0.47,0.06,3.30007,3.60974,0,0.618437,6.048,4.3624e+06,2.98533e+06,1.43962e+07,0,0,0,4.36772e+08,99.3022,98.274,6.71675,1,1,1.92378,2.1043,0,1.48632,2.1168,9.06595e+06,3.9903e+06,1.74409e+07,0,0,0,0
85.139,85.139,4.73285,0.47,0.06,3.30004,3.60971,0,0.618433,6.048,4.3624e+06,2.98533e+06,1.43961e+07,0,0,0,4.36772e+08,99.3022,98.274,6.18773,1,1,1.92377,2.10429,0,1.48631,2.1168,9.06595e+06,3.9903e+06,1.74408e+07,0,0,0,0
85.0309,85.139,3.74783,0.44,0.06,3.30002,3.60969,0,0.618428,6.048,4.3624e+06,2.98533e+06,1.4396e+07,0,0,0,4.36772e+08,99.3022,98.274,5.57009,1,1,1.92375,2.10427,0,1.4863,2.1168,9.06595e+06,3.9903e+06,1.74406e+07,0,0,0,0
84.7381,85.139,3.40319,0.5,0.06,3.25451,3.55991,0,0.618424,6.048,4.3624e+06,2.98533e+06,1.41975e+07,0,0,0,4.36772e+08,99.3022,98.274,4.51184,1,1,1.89485,2.07266,0,1.48629,2.1168,9.06595e+06,3.9903e+06,1.71786e+07,0,0,0,0
84.2192,85.139,3.14646,0.49,0.06,3.25449,3.55988,0,0.609896,6.048,4.3624e+06,2.98533e+06,1.41974e+07,0,0,0,4.36772e+08,99.3022,98.274,4.17708,1,1,1.89483,2.07264,0,1.46396,2.1168,9.06595e+06,3.9903e+06,1.71785e+07,0,0,0,0
83.5027,85.139,2.87776,0.47,0.06,3.25446,3.55986,0,0.609891,6.048,4.3624e+06,2.98533e+06,1.41973e+07,0,0,0,4.36772e+08,99.3022,98.274,3.98195,1,1,1.89482,2.07263,0,1.46395,2.1168,9.06595e+06,3.9903e+06,1.71784e+07,0,0,0,0
82.7509,85.139,2.7859,0.45,0.06,3.25444,3.55983,0,0.609887,6.048,4.3624e+06,2.98533e+06,1.41972e+07,0,0,0,4.36772e+08,99.3022,98.274,3.9099,1,1,1.89481,2.07261,0,1.46394,2.1168,9.06595e+06,3.9903e+06,1.71782e+07,0,0,0,0
81.7444,85.139,2.65162,0.4,0.06,3.4088,3.72867,0,0.609882,6.048,4.3624e+06,2.98533e+06,1.48705e+07,0,0,0,4.36772e+08,99.3022,98.274,3.27932,1,1,1.99724,2.18465,0,1.46393,2.1168,9.06595e+06,3.9903e+06,1.81068e+07,0,0,0,0
80.4432,85.139,2.51463,0.39,0.06,3.66467,3.72864,0,0.638808,6.048,4.3624e+06,2.98533e+06,1.59867e+07,0,0,0,4.36772e+08,99.2022,98.274,3.04015,1,1,2.1168,2.18464,0.0303528,1.54306,2.1168,9.06595e+06,3.9903e+06,1.91908e+07,0,0,0,0
79.0908,85.139,2.44122,0.33,0.06,3.66464,3.72862,0,0.686759,6.048,4.3624e+06,2.98533e+06,1.59866e+07,0,0,0,4.36772e+08,99.1142,98.274,3.19639,1,1,2.1168,2.18462,0.0303369,1.63544,2.1168,9.06595e+06,3.9903e+06,1.91908e+07,0,0,0,0
77.7411,85.139,2.22423,0.4,0.06,3.40872,3.72859,0,0.686754,6.048,4.3624e+06,2.98533e+06,1.48702e+07,0,0,0,4.36772e+08,99.0444,98.274,3.06088,1,1,1.99719,2.1846,0,1.63544,2.1168,9.06595e+06,3.9903e+06,1.81064e+07,0,0,0,0
76.5854,85.139,2.56648,0.34,0.06,3.66459,3.72856,0,0.638794,6.048,4.3624e+06,2.98533e+06,1.59864e+07,0,0,0,4.36772e+08,99.3022,98.274,3.80094,1,1,2.1168,2.18459,0.030305,1.54303,2.1168,9.06595e+06,3.9903e+06,1.91908e+07,0,0,0,0
75.4382,85.139,2.55935,0.32,0.06,3.63174,3.69514,0,0.686744,6.048,4.3624e+06,2.98533e+06,1.58431e+07,0,0,0,4.36772e+08,99.3022,98.274,4.03582,1,1,2.1168,2.24616,0.0908179,1.63544,2.1168,9.06595e+06,3.9903e+06,1.91908e+07,0,0,0,0
74.0355,85.139,2.31367,0.27,0.06,3.63171,3.69511,0,0.680588,6.048,4.3624e+06,2.98533e+06,1.5843e+07,0,0,0,4.36772e+08,99.3022,98.274,3.73387,1,1,2.1168,2.24614,0.0908015,1.63544,2.1168,9.06595e+06,3.9903e+06,1.91908e+07,0,0,0,0
72.5094,85.139,2.1608,0.26,0.06,3.63168,3.69508,0,0.680583,6.048,4.3624e+06,2.98533e+06,1.58429e+07,0,0,0,4.36772e+08,99.3022,98.274,3.60925,1,1,2.1168,2.24612,0.0907851,1.63544,2.1168,9.06595e+06,3.9903e+06,1.91908e+07,0,0,0,0
70.972,85.139,2.0958,0.31,0.06,3.63166,3.69506,0,0.680578,6.048,4.3624e+06,2.98533e+06,1.58427e+07,0,0,0,4.36772e+08,99.3022,98.274,3.32684,1,1,2.1168,2.24611,0.0907687,1.63544,2.1168,9.06595e+06,3.9903e+06,1.91908e+07,0,0,0,0
69.4477,85.139,2.17522,0.29,0.06,3.71639,3.78126,0,0.680573,6.048,4.3624e+06,2.98533e+06,1.62124e+07,0,0,0,4.36772e+08,99.3022,98.274,3.07869,1,1,2.1168,2.30097,0.144695,1.63544,2.1168,9.06595e+06,3.9903e+06,1.91908e+07,0,0,0,0
67.8077,85.139,1.99729,0.27,0.06,3.71636,3.78124,0,0.696451,6.048,4.3624e+06,2.98533e+06,1.62122e+07,0,0,0,4.36772e+08,99.2893,98.274,2.90714,1,1,2.1168,2.30096,0.144678,1.63544,2.1168,9.06595e+06,3.9903e+06,1.91908e+07,0,0,0,0
66.0208,85.139,1.81847,0.36,0.06,3.71633,3.78121,0,0.696446,6.048,4.3624e+06,2.98533e+06,1.62121e+07,0,0,0,4.36772e+08,99.2184,98.274,2.56356,1,1,2.1168,2.30094,0.144661,1.63544,2.1168,9.06595e+06,3.9903e+06,1.91908e+07,0,0,0,0
64.4805,85.139,2.04077,0.34,0.06,3.7163,3.78118,0,0.69644,6.048,4.3624e+06,2.98533e+06,1.6212e+07,0,0,0,4.36772e+08,99.3022,98.274,3.37319,1,1,2.1168,2.30092,0.144645,1.63544,2.1168,9.06595e+06,3.9903e+06,1.91908e+07,0,0,0,0
62.7688,85.139,2.04588,0.3,0.06,3.96447,4.03368,0,0.696435,6.048,4.3624e+06,2.98533e+06,1.72946e+07,0,0,0,4.36772e+08,99.3022,98.274,3.08597,1,1,2.1168,2.499,0.339327,1.63544,2.1168,9.06595e+06,3.9903e+06,1.91908e+07,0,0,0,0
60.9683,85.139,1.93736,0.29,0.06,3.96444,4.03365,0,0.742942,6.048,4.3624e+06,2.98533e+06,1.72945e+07,0,0,0,4.36772e+08,99.3022,98.274,3.42631,1,1,2.1168,2.49899,0.339309,1.63544,2.1168,9.06595e+06,3.9903e+06,1.91908e+07,0,0,0,0
59.1225,85.139,1.85711,0.38,0.06,3.96441,4.03362,0,0.742936,6.048,4.3624e+06,2.98533e+06,1.72943e+07,0,0,0,4.36772e+08,99.3022,98.274,3.36968,1,1,2.1168,2.49897,0.339291,1.63544,2.1168,9.06595e+06,3.9903e+06,1.91908e+07,0,0,0,0
57.3123,85.139,1.86005,0.36,0.06,3.96438,4.03359,0,0.742931,6.048,4.3624e+06,2.98533e+06,1.72942e+07,0,0,0,4.36772e+08,99.3022,98.274,3.29621,1,1,2.1168,2.49895,0.339273,1.63544,2.1168,9.06595e+06,3.9903e+06,1.91908e+07,0,0,0,0
55.4268,85.139,1.78788,0.37,0.06,3.96435,4.03356,0,0.742925,6.048,4.3624e+06,2.98533e+06,1.72941e+07,0,0,0,4.36772e+08,99.2651,98.274,3.31825,1,1,2.1168,2.49893,0.339255,1.63544,2.1168,9.06595e+06,3.9903e+06,1.91908e+07,0,0,0,0
54.034,85.139,1.94728,0.46,0.06,3.57499,3.91046,0,0.74292,6.048,4.3624e+06,2.98533e+06,1.55955e+07,0,0,0,4.36772e+08,99.0825,98.274,2.39684,1,1,2.1168,2.37868,0.0578164,1.63544,2.1168,9.06595e+06,3.9903e+06,1.91908e+07,0,0,0,0
53.0947,85.139,2.41472,0.43,0.06,3.57496,3.91043,0,0.669953,6.048,4.3624e+06,2.98533e+06,1.55954e+07,0,0,0,4.36772e+08,99.2099,98.274,3.60578,1,1,2.1168,2.37866,0.0578002,1.63544,2.1168,9.06595e+06,3.9903e+06,1.91908e+07,0,0,0,0
51.8741,85.139,2.09293,0.44,0.06,3.57494,3.9104,0,0.669948,6.048,4.3624e+06,2.98533e+06,1.55953e+07,0,0,0,4.36772e+08,99.1333,98.274,2.96108,1,1,2.1168,2.37864,0.0577841,1.63544,2.1168,9.06595e+06,3.9903e+06,1.91908e+07,0,0,0,0
54.1508,85.139,5.73684,0.42,0.06,3.57491,3.91037,0,0.669943,6.048,4.3624e+06,2.98533e+06,1.55952e+07,0,0,0,4.36772e+08,99.3022,98.274,11.3126,1,1,2.1168,2.37863,0.057768,1.63544,2.1168,9.06595e+06,3.9903e+06,1.91908e+07,0,0,0,0
52.5829,85.139,1.64852,0.43,0.06,3.48254,3.80933,0,0.669938,6.048,4.3624e+06,2.98533e+06,1.51922e+07,0,0,0,4.36772e+08,99.3022,98.274,2.84604,1,1,2.0745,2.26917,0,1.63544,2.1168,9.06595e+06,3.9903e+06,1.88073e+07,0,0,0,0
51.4419,85.139,2.16254,0.43,0.06,3.48251,3.8093,0,0.652627,6.048,4.3624e+06,2.98533e+06,1.51921e+07,0,0,0,4.36772e+08,99.187,98.274,2.44896,1,1,2.07449,2.26915,0,1.60276,2.1168,9.06595e+06,3.9903e+06,1.88072e+07,0,0,0,0
50.0136,85.139,1.83423,0.46,0.06,3.48249,3.80928,0,0.652623,6.048,4.3624e+06,2.98533e+06,1.5192e+07,0,0,0,4.36772e+08,99.1594,98.274,2.87248,1,1,2.07447,2.26913,0,1.60275,2.1168,9.06595e+06,3.9903e+06,1.88071e+07,0,0,0,0
52.2465,85.139,5.68329,0.56,0.06,3.48246,3.80925,0,0.652618,6.048,4.3624e+06,2.98533e+06,1.51919e+07,0,0,0,4.36772e+08,99.3022,98.274,8.74197,1,1,2.07445,2.26912,0,1.60274,2.1168,9.06595e+06,3.9903e+06,1.88069e+07,0,0,0,0
51.6256,85.139,2.53748,0.52,0.06,3.22017,3.52234,0,0.652613,6.048,4.3624e+06,2.98533e+06,1.40477e+07,0,0,0,4.36772e+08,99.3022,98.274,4.89708,1,1,1.86607,2.04118,0,1.60272,2.1168,9.06595e+06,3.9903e+06,1.69177e+07,0,0,0,0
50.2848,85.139,1.77514,0.54,0.06,3.22014,3.52231,0,0.603459,6.048,4.3624e+06,2.98533e+06,1.40475e+07,0,0,0,4.36772e+08,99.3022,98.274,4.08587,1,1,1.86606,2.04116,0,1.44172,2.1168,9.06595e+06,3.9903e+06,1.69176e+07,0,0,0,0
49.5523,85.139,2.35942,0.6,0.06,3.22012,3.52229,0,0.603455,6.048,4.3624e+06,2.98533e+06,1.40474e+07,0,0,0,4.36772e+08,99.3022,98.274,3.87344,1,1,1.86604,2.04115,0,1.44171,2.1168,9.06595e+06,3.9903e+06,1.69174e+07,0,0,0,0
53.3882,85.139,6.89196,0.62,0.06,3.2201,3.52226,0,0.60345,6.048,4.3624e+06,2.98533e+06,1.40473e+07,0,0,0,4.36772e+08,99.3022,98.274,6.51656,1,1,1.86603,2.04113,0,1.4417,2.1168,9.06595e+06,3.9903e+06,1.69173e+07,0,0,0,0
58.1634,85.139,8.22941,0.59,0.06,3.22007,3.52224,0,0.603446,6.048,4.3624e+06,2.98533e+06,1.40472e+07,0,0,0,4.36772e+08,99.3022,98.274,7.86281,1,1,1.86601,2.04112,0,1.44169,2.1168,9.06595e+06,3.9903e+06,1.69172e+07,0,0,0,0
61.3119,85.139,6.82566,0.58,0.06,3.32091,3.63254,0,0.603441,6.048,4.3624e+06,2.98533e+06,1.44871e+07,0,0,0,4.36772e+08,99.3022,98.274,6.44295,1,1,1.92633,2.10709,0,1.44168,2.1168,9.06595e+06,3.9903e+06,1.7464e+07,0,0,0,0
63.3949,85.139,5.6745,0.6,0.06,3.32085,3.63248,0,0.622338,6.048,4.3624e+06,2.98533e+06,1.44869e+07,0,0,0,4.36772e+08,99.3022,98.274,10.709,1,1,1.9263,2.10705,0,1.48828,2.1168,9.06595e+06,3.9903e+06,1.74637e+07,0,0,0,0
64.8279,85.139,4.98887,0.6,0.06,3.3208,3.63242,0,0.622328,6.048,4.3624e+06,2.98533e+06,1.44867e+07,0,0,0,4.36772e+08,99.3022,98.274,7.0605,1,1,1.92626,2.10702,0,1.48826,2.1168,9.06595e+06,3.9903e+06,1.74634e+07,0,0,0,0
67.5967,85.139,6.48538,0.61,0.06,3.32075,3.63236,0,0.622318,6.048,4.3624e+06,2.98533e+06,1.44864e+07,0,0,0,4.36772e+08,99.3022,98.274,9.21333,1,1,1.92623,2.10699,0,1.48823,2.1168,9.06595e+06,3.9903e+06,1.74631e+07,0,0,0,0
71.1916,85.139,7.65091,0.61,0.06,3.64459,3.98659,0,0.622308,6.048,4.3624e+06,2.98533e+06,1.58991e+07,0,0,0,4.36772e+08,99.3022,98.274,11.2063,1,1,2.1168,2.35469,0.0358825,1.48821,2.1168,9.06595e+06,3.9903e+06,1.91908e+07,0,0,0,0
75.9536,85.139,8.90783,0.58,0.06,3.64453,3.98652,0,0.682995,6.048,4.3624e+06,2.98533e+06,1.58989e+07,0,0,0,4.36772e+08,99.3022,98.274,11.8569,1,1,2.1168,2.35465,0.0358477,1.63544,2.1168,9.06595e+06,3.9903e+06,1.91908e+07,0,0,0,0
79.3226,85.139,7.60648,0.54,0.06,3.64447,3.98646,0,0.682985,6.048,4.3624e+06,2.98533e+06,1.58986e+07,0,0,0,4.36772e+08,99.3022,98.274,10.8317,1,1,2.1168,2.35461,0.035813,1.63544,2.1168,9.06595e+06,3.9903e+06,1.91908e+07,0,0,0,0
80.6675,85.139,5.55008,0.54,0.06,3.64441,3.98639,0,0.682973,6.048,4.3624e+06,2.98533e+06,1.58984e+07,0,0,0,4.36772e+08,99.3022,98.274,7.84992,1,1,2.1168,2.35457,0.0357783,1.63544,2.1168,9.06595e+06,3.9903e+06,1.91908e+07,0,0,0,0
82.2609,85.139,5.34129,0.5,0.06,3.18241,3.48104,0,0.682962,6.048,4.3624e+06,2.98533e+06,1.38829e+07,0,0,0,4.36772e+08,99.3022,98.274,13.7847,1,1,1.84862,2.0221,0,1.63544,2.1168,9.06595e+06,3.9903e+06,1.67595e+07,0,0,0,0
83.6586,85.139,5.2353,0.53,0.06,3.18236,3.48098,0,0.596383,6.048,4.3624e+06,2.98533e+06,1.38827e+07,0,0,0,4.36772e+08,99.3022,98.274,11.7109,1,1,1.84859,2.02206,0,1.42825,2.1168,9.06595e+06,3.9903e+06,1.67593e+07,0,0,0,0
85.139,85.139,6.38414,0.54,0.06,3.1823,3.48093,0,0.596373,6.048,4.3624e+06,2.98533e+06,1.38825e+07,0,0,0,4.36772e+08,99.3022,98.274,13.5778,1,1,1.84856,2.02203,0,1.42822,2.1168,9.06595e+06,3.9903e+06,1.6759e+07,0,0,0,0
85.139,85.139,6.82701,0.49,0.06,3.18225,3.48087,0,0.596364,6.048,4.3624e+06,2.98533e+06,1.38823e+07,0,0,0,4.36772e+08,99.3022,98.274,12.452,1,1,1.84853,2.022,0,1.4282,2.1168,9.06595e+06,3.9903e+06,1.67587e+07,0,0,0,0
85.139,85.139,6.66823,0.49,0.06,3.1822,3.48081,0,0.596354,6.048,4.3624e+06,2.98533e+06,1.3882e+07,0,0,0,4.36772e+08,99.3022,98.274,12.5954,1,1,1.8485,2.02196,0,1.42818,2.1168,9.06595e+06,3.9903e+06,1.67585e+07,0,0,0,0
85.139,85.139,7.31362,0.49,0.06,3.29842,3.60794,0,0.596345,6.048,4.3624e+06,2.98533e+06,1.4389e+07,0,0,0,4.36772e+08,99.3022,98.274,14.2359,1,1,1.92282,2.10325,0,1.42815,2.1168,9.06595e+06,3.9903e+06,1.74322e+07,0,0,0,0
85.139,85.139,6.62366,0.48,0.06,3.29837,3.60788,0,0.618124,6.048,4.3624e+06,2.98533e+06,1.43888e+07,0,0,0,4.36772e+08,99.3022,98.274,11.8664,1,1,1.92279,2.10322,0,1.48557,2.1168,9.06595e+06,3.9903e+06,1.74319e+07,0,0,0,0
85.139,85.139,5.88514,0.48,0.06,3.29831,3.60782,0,0.618114,6.048,4.3624e+06,2.98533e+06,1.43886e+07,0,0,0,4.36772e+08,99.3022,98.274,9.50814,1,1,1.92276,2.10318,0,1.48555,2.1168,9.06595e+06,3.9903e+06,1.74316e+07,0,0,0,0
85.139,85.139,5.5006,0.45,0.06,3.29826,3.60776,0,0.618104,6.048,4.3624e+06,2.98533e+06,1.43883e+07,0,0,0,4.36772e+08,99.3022,98.274,8.54608,1,1,1.92273,2.10315,0,1.48552,2.1168,9.06595e+06,3.9903e+06,1.74313e+07,0,0,0,0
85.139,85.139,5.12359,0.44,0.06,3.25275,3.55798,0,0.618094,6.048,4.3624e+06,2.98533e+06,1.41898e+07,0,0,0,4.36772e+08,99.3022,98.274,7.29341,1,1,1.89382,2.07154,0,1.4855,2.1168,9.06595e+06,3.9903e+06,1.71693e+07,0,0,0,0
85.139,85.139,4.80413,0.42,0.06,3.2527,3.55792,0,0.609565,6.048,4.3624e+06,2.98533e+06,1.41896e+07,0,0,0,4.36772e+08,99.3022,98.274,6.31382,1,1,1.89379,2.0715,0,1.46317,2.1168,9.06595e+06,3.9903e+06,1.7169e+07,0,0,0,0
85.139,85.139,4.40202,0.4,0.06,3.25264,3.55787,0,0.609555,6.048,4.3624e+06,2.98533e+06,1.41893e+07,0,0,0,4.36772e+08,99.3022,98.274,5.95584,1,1,1.89376,2.07147,0,1.46314,2.1168,9.06595e+06,3.9903e+06,1.71688e+07,0,0,0,0
85.139,85.139,4.0988,0.35,0.06,3.49677,3.55781,0,0.609546,6.048,4.3624e+06,2.98533e+06,1.52543e+07,0,0,0,4.36772e+08,99.3022,98.274,5.95191,1,1,2.03589,2.07143,0,1.46312,2.1168,9.06595e+06,3.9903e+06,1.84573e+07,0,0,0,0
85.0841,85.139,3.88765,0.31,0.06,3.66258,3.72652,0,0.655294,6.048,4.3624e+06,2.98533e+06,1.59776e+07,0,0,0,4.36772e+08,99.3022,98.274,5.27219,1,1,2.1168,2.18339,0.0291308,1.57293,2.1168,9.06595e+06,3.9903e+06,1.91908e+07,0,0,0,0
84.8242,85.139,3.54729,0.39,0.06,3.66252,3.72646,0,0.686368,6.048,4.3624e+06,2.98533e+06,1.59774e+07,0,0,0,4.36772e+08,99.3022,98.274,4.60843,1,1,2.1168,2.18336,0.0290961,1.63544,2.1168,9.06595e+06,3.9903e+06,1.91908e+07,0,0,0,0
84.4283,85.139,3.39416,0.33,0.06,3.66246,3.7264,0,0.686357,6.048,4.3624e+06,2.98533e+06,1.59771e+07,0,0,0,4.36772e+08,99.3022,98.274,4.54903,1,1,2.1168,2.18332,0.0290617,1.63544,2.1168,9.06595e+06,3.9903e+06,1.91908e+07,0,0,0,0
83.8923,85.139,3.24278,0.32,0.06,3.66241,3.72634,0,0.686346,6.048,4.3624e+06,2.98533e+06,1.59769e+07,0,0,0,4.36772e+08,99.3022,98.274,4.75244,1,1,2.1168,2.18329,0.029027,1.63544,2.1168,9.06595e+06,3.9903e+06,1.91908e+07,0,0,0,0
83.3211,85.139,3.21756,0.26,0.06,3.66235,3.72628,0,0.686335,6.048,4.3624e+06,2.98533e+06,1.59766e+07,0,0,0,4.36772e+08,99.3022,98.274,4.34344,1,1,2.1168,2.18325,0.0289923,1.63544,2.1168,9.06595e+06,3.9903e+06,1.91908e+07,0,0,0,0
82.7967,85.139,3.19281,0.25,0.06,3.62949,3.69285,0,0.686324,6.048,4.3624e+06,2.98533e+06,1.58333e+07,0,0,0,4.36772e+08,99.3022,98.274,4.158,1,1,2.1168,2.24476,0.0894489,1.63544,2.1168,9.06595e+06,3.9903e+06,1.91908e+07,0,0,0,0
82.13,85.139,3.03017,0.21,0.06,3.62943,3.69279,0,0.680166,6.048,4.3624e+06,2.98533e+06,1.5833e+07,0,0,0,4.36772e+08,99.3022,98.274,3.96259,1,1,2.1168,2.24473,0.0894133,1.63544,2.1168,9.06595e+06,3.9903e+06,1.91908e+07,0,0,0,0
81.2475,85.139,2.80063,0.19,0.06,3.62937,3.69273,0,0.680155,6.048,4.3624e+06,2.98533e+06,1.58328e+07,0,0,0,4.36772e+08,99.2896,98.274,3.69794,1,1,2.1168,2.24469,0.0893777,1.63544,2.1168,9.06595e+06,3.9903e+06,1.91908e+07,0,0,0,0
80.2029,85.139,2.6167,0.16,0.06,3.62931,3.69267,0,0.680144,6.048,4.3624e+06,2.98533e+06,1.58325e+07,0,0,0,4.36772e+08,99.2056,98.274,3.36088,1,1,2.1168,2.24466,0.0893423,1.63544,2.1168,9.06595e+06,3.9903e+06,1.91908e+07,0,0,0,0
79.0401,85.139,2.55263,0.16,0.06,3.71395,3.77879,0,0.680133,6.048,4.3624e+06,2.98533e+06,1.62017e+07,0,0,0,4.36772e+08,99.0717,98.274,3.019,1,1,2.1168,2.29947,0.143214,1.63544,2.1168,9.06595e+06,3.9903e+06,1.91908e+07,0,0,0,0
77.7211,85.139,2.36456,0.17,0.06,3.71389,3.77873,0,0.695995,6.048,4.3624e+06,2.98533e+06,1.62015e+07,0,0,0,4.36772e+08,98.8269,98.274,3.05869,1,1,2.1168,2.29943,0.143177,1.63544,2.1168,9.06595e+06,3.9903e+06,1.91908e+07,0,0,0,0
76.2442,85.139,2.19041,0.18,0.06,3.71383,3.77867,0,0.695983,6.048,4.3624e+06,2.98533e+06,1.62012e+07,0,0,0,4.36772e+08,98.5295,98.274,2.71907,1,1,2.1168,2.29939,0.143141,1.63544,2.1168,9.06595e+06,3.9903e+06,1.91908e+07,0,0,0,0
74.8309,85.139,2.2307,0.18,0.06,3.71377,3.7786,0,0.695972,6.048,4.3624e+06,2.98533e+06,1.6201e+07,0,0,0,4.36772e+08,98.3048,98.274,3.10114,1,1,2.1168,2.29936,0.143105,1.63544,2.1168,9.06595e+06,3.9903e+06,1.91908e+07,0,0,0,0
73.2092,85.139,2.20933,0.19,0.06,3.96174,4.0309,0,0.695961,6.048,4.3624e+06,2.98533e+06,1.72827e+07,0,0,0,4.36772e+08,98.053,98.274,2.96005,1,1,2.1168,2.49728,0.337633,1.63544,2.1168,9.06595e+06,3.9903e+06,1.91908e+07,0,0,0,0
71.7316,85.139,2.34133,0.23,0.06,3.96167,4.03083,0,0.742429,6.048,4.3624e+06,2.98533e+06,1.72824e+07,0,0,0,4.36772e+08,97.8762,98.274,3.2882,1,1,2.1168,2.49724,0.337594,1.63544,2.1168,9.06595e+06,3.9903e+06,1.91908e+07,0,0,0,0
69.8257,85.139,1.91413,0.23,0.06,3.96161,4.03077,0,0.742417,6.048,4.3624e+06,2.98533e+06,1.72821e+07,0,0,0,4.36772e+08,97.5283,98.274,2.6343,1,1,2.1168,2.4972,0.337554,1.63544,2.1168,9.06595e+06,3.9903e+06,1.91908e+07,0,0,0,0
68.2731,85.139,2.23045,0.23,0.06,3.96154,4.0307,0,0.742405,6.048,4.3624e+06,2.98533e+06,1.72818e+07,0,0,0,4.36772e+08,97.5134,98.274,3.93558,1,1,2.1168,2.49716,0.337515,1.63544,2.1168,9.06595e+06,3.9903e+06,1.91908e+07,0,0,0,0
66.812,85.139,2.3511,0.24,0.06,3.96148,4.03064,0,0.742393,6.048,4.3624e+06,2.98533e+06,1.72816e+07,0,0,0,4.36772e+08,97.2877,98.274,3.26398,1,1,2.1168,2.49712,0.337475,1.63544,2.1168,9.06595e+06,3.9903e+06,1.91908e+07,0,0,0,0
66.349,85.139,3.28462,0.28,0.06,3.84055,3.90759,0,0.742381,6.048,4.3624e+06,2.98533e+06,1.6754e+07,0,0,0,4.36772e+08,97.2209,98.274,3.61536,1,1,2.1168,2.37693,0.219351,1.63544,2.1168,9.06595e+06,3.9903e+06,1.91908e+07,0,0,0,0
65.362,85.139,2.74382,0.28,0.06,3.84049,3.90753,0,0.719719,6.048,4.3624e+06,2.98533e+06,1.67537e+07,0,0,0,4.36772e+08,97.5169,98.274,5.78131,1,1,2.1168,2.3769,0.219314,1.63544,2.1168,9.06595e+06,3.9903e+06,1.91908e+07,0,0,0,0
63.9902,85.139,2.34629,0.29,0.06,3.84043,3.90747,0,0.719707,6.048,4.3624e+06,2.98533e+06,1.67535e+07,0,0,0,4.36772e+08,97.2447,98.274,3.18113,1,1,2.1168,2.37686,0.219276,1.63544,2.1168,9.06595e+06,3.9903e+06,1.91908e+07,0,0,0,0
62.993,85.139,2.73611,0.29,0.06,3.84036,3.9074,0,0.719696,6.048,4.3624e+06,2.98533e+06,1.67532e+07,0,0,0,4.36772e+08,97.0138,98.274,3.26247,1,1,2.1168,2.37682,0.219238,1.63544,2.1168,9.06595e+06,3.9903e+06,1.91908e+07,0,0,0,0
61.8612,85.139,2.60022,0.3,0.06,3.7411,3.80641,0,0.719684,6.048,4.3624e+06,2.98533e+06,1.63202e+07,0,0,0,4.36772e+08,97.3919,98.274,5.63888,1,1,2.1168,2.26743,0.111722,1.63544,2.1168,9.06595e+06,3.9903e+06,1.91908e+07,0,0,0,0
61.8768,85.139,3.72784,0.36,0.06,3.74104,3.80634,0,0.701082,6.048,4.3624e+06,2.98533e+06,1.63199e+07,0,0,0,4.36772e+08,97.9448,98.274,5.63962,1,1,2.1168,2.26739,0.111686,1.63544,2.1168,9.06595e+06,3.9903e+06,1.91908e+07,0,0,0,0
62.1911,85.139,4.12264,0.37,0.06,3.74098,3.80628,0,0.70107,6.048,4.3624e+06,2.98533e+06,1.63196e+07,0,0,0,4.36772e+08,98.3581,98.274,5.82331,1,1,2.1168,2.26735,0.11165,1.63544,2.1168,9.06595e+06,3.9903e+06,1.91908e+07,0,0,0,0
