0st_vol,0capacity,0net_inf,0st_rof,0lt_rof,0rest_demand,0unrest_demand,0unfulf_demand,0wastewater,0treat_capacity,0agg_price,0res_price,0gross_rev,0drought_cost,0cont_contrib,0debt_serv,0infra_npv,1st_vol,1capacity,1net_inf,1st_rof,1lt_rof,1rest_demand,1unrest_demand,1unfulf_demand,1wastewater,1treat_capacity,1agg_price,1res_price,1gross_rev,1drought_cost,1cont_contrib,1debt_serv,1infra_npv
85.139,85.139,9.21812,0.05,0,2.16737,2.46977,0,0,4.47552,4.25838e+06,2.70226e+06,9.22949e+06,0,0,0,0,99.3022,98.274,6.45771,0,1,1.73502,1.43262,0,0,2.1168,8.84977e+06,3.61194e+06,1.53545e+07,0,0,0,0
85.139,85.139,6.62231,0.05,0,2.18896,2.47062,0,0.406166,4.47552,4.25838e+06,2.70226e+06,9.32141e+06,0,0,0,0,99.3022,98.274,4.37267,0,1,1.71477,1.43311,0,1.34047,2.1168,8.84977e+06,3.61194e+06,1.51754e+07,0,0,0,0
85.139,85.139,7.8749,0.05,0,2.1903,2.47147,0,0.410211,4.47552,4.25838e+06,2.70226e+06,9.32714e+06,0,0,0,0,99.3022,98.274,4.37882,0,1,1.71477,1.4336,0,1.32483,2.1168,8.84977e+06,3.61194e+06,1.51754e+07,0,0,0,0
85.139,85.139,7.63075,0.05,0,2.19165,2.47233,0,0.410463,4.47552,4.25838e+06,2.70226e+06,9.33287e+06,0,0,0,0,99.3022,98.274,5.58919,0,1,1.71477,1.4341,0,1.32483,2.1168,8.84977e+06,3.61194e+06,1.51754e+07,0,0,0,0
85.139,85.139,5.6401,0.05,0,2.43422,2.71441,0,0.410715,4.47552,4.25838e+06,2.70226e+06,1.03658e+07,0,0,0,0,99.3022,98.274,3.43997,0,1,1.88345,1.60327,0,1.32483,2.1168,8.84977e+06,3.61194e+06,1.66681e+07,0,0,0,0
85.139,85.139,6.88756,0.05,0,2.60433,2.71534,0,0.456173,4.47552,4.25838e+06,2.70226e+06,1.10902e+07,0,0,0,0,99.3022,98.274,4.4199,0,1,1.71483,1.60382,0,1.45515,2.1168,8.84977e+06,3.61194e+06,1.51759e+07,0,0,0,0
85.139,85.139,6.83522,0.05,0,2.60582,2.71627,0,0.488051,4.47552,4.25838e+06,2.70226e+06,1.10965e+07,0,0,0,0,99.3022,98.274,3.91461,0,1,1.71483,1.60437,0,1.32488,2.1168,8.84977e+06,3.61194e+06,1.51759e+07,0,0,0,0
85.139,85.139,7.78597,0.05,0,2.6073,2.71721,0,0.48833,4.47552,4.25838e+06,2.70226e+06,1.11029e+07,0,0,0,0,99.3022,98.274,4.57653,0,1,1.71483,1.60493,0,1.32488,2.1168,8.84977e+06,3.61194e+06,1.51759e+07,0,0,0,0
85.139,85.139,9.30801,0.05,0,2.26425,2.3736,0,0.488609,4.47552,4.25838e+06,2.70226e+06,9.64202e+06,0,0,0,0,99.3022,98.274,7.37141,0,1,1.48815,1.3788,0,1.32488,2.1168,8.84977e+06,3.61194e+06,1.31698e+07,0,0,0,0
85.139,85.139,8.52527,0.05,0,2.07202,2.37442,0,0.42432,4.47552,4.25838e+06,2.70226e+06,8.82344e+06,0,0,0,0,99.3022,98.274,6.94705,0,1,1.68167,1.37927,0,1.14975,2.1168,8.84977e+06,3.61194e+06,1.48824e+07,0,0,0,0
85.139,85.139,6.08066,0.05,0,2.07284,2.37524,0,0.388297,4.47552,4.25838e+06,2.70226e+06,8.82692e+06,0,0,0,0,99.3022,98.274,5.72058,0,1,1.68215,1.37975,0,1.29926,2.1168,8.84977e+06,3.61194e+06,1.48866e+07,0,0,0,0
85.139,85.139,7.28651,0.05,0,2.07366,2.37606,0,0.38845,4.47552,4.25838e+06,2.70226e+06,8.8304e+06,0,0,0,0,99.3022,98.274,6.05554,0,1,1.68262,1.38022,0,1.29963,2.1168,8.84977e+06,3.61194e+06,1.48908e+07,0,0,0,0
85.139,85.139,7.93139,0.05,0,2.07447,2.37687,0,0.388603,4.47552,4.25838e+06,2.70226e+06,8.83389e+06,0,0,0,0,99.3022,98.274,6.32559,0,1,1.6831,1.3807,0,1.29999,2.1168,8.84977e+06,3.61194e+06,1.4895e+07,0,0,0,0
85.139,85.139,7.67761,0.05,0,2.16217,2.46457,0,0.388756,4.47552,4.25838e+06,2.70226e+06,9.20732e+06,0,0,0,0,99.3022,98.274,5.20607,0,1,1.73912,1.43672,0,1.30036,2.1168,8.84977e+06,3.61194e+06,1.53908e+07,0,0,0,0
85.139,85.139,7.10426,0.05,0,2.18786,2.46541,0,0.40519,4.47552,4.25838e+06,2.70226e+06,9.31672e+06,0,0,0,0,99.3022,98.274,5.25339,0,1,1.71477,1.43722,0,1.34365,2.1168,8.84977e+06,3.61194e+06,1.51754e+07,0,0,0,0
85.139,85.139,6.61133,0.05,0,2.1892,2.46626,0,0.410004,4.47552,4.25838e+06,2.70226e+06,9.32244e+06,0,0,0,0,99.3022,98.274,6.7196,0,1,1.71477,1.43771,0,1.32483,2.1168,8.84977e+06,3.61194e+06,1.51754e+07,0,0,0,0
85.139,85.139,5.57444,0.05,0,2.19054,2.46711,0,0.410256,4.47552,4.25838e+06,2.70226e+06,9.32816e+06,0,0,0,0,99.3022,98.274,4.58606,0,1,1.71477,1.43821,0,1.32483,2.1168,8.84977e+06,3.61194e+06,1.51754e+07,0,0,0,0
85.139,85.139,5.04428,0.05,0,2.15787,2.43395,0,0.410508,4.47552,4.25838e+06,2.70226e+06,9.18903e+06,0,0,0,0,99.2709,98.274,3.37653,0,1,1.69317,1.4171,0,1.32483,2.1168,8.84977e+06,3.61194e+06,1.49842e+07,0,0,0,0
85.139,85.139,4.06947,0.05,0,2.1376,2.43478,0,0.404385,4.47552,4.25838e+06,2.70226e+06,9.1027e+06,0,0,0,0,99.2399,98.274,2.70378,0,1,1.71477,1.41758,0,1.30814,2.1168,8.84977e+06,3.61194e+06,1.51753e+07,0,0,0,0
85.139,85.139,3.44343,0.05,0,2.13892,2.43562,0,0.400586,4.47552,4.25838e+06,2.70226e+06,9.10834e+06,0,0,0,0,98.932,98.274,2.45004,0,1,1.71477,1.41807,0,1.32483,2.1168,8.84977e+06,3.61194e+06,1.51753e+07,0,0,0,0
85.139,85.139,3.1558,0.04,0,2.14025,2.43646,0,0.400834,4.47552,4.25838e+06,2.70226e+06,9.11398e+06,0,0,0,0,98.7571,98.274,2.04817,0,1,1.71477,1.41856,0,1.32483,2.1168,8.84977e+06,3.61194e+06,1.51753e+07,0,0,0,0
85.139,85.139,3.95573,0.04,0,2.25719,2.55291,0,0.401083,4.47552,4.25838e+06,2.70226e+06,9.61197e+06,0,0,0,0,98.5818,98.274,2.27438,0,1,1.79149,1.49577,0,1.32483,2.1168,8.84977e+06,3.61194e+06,1.58543e+07,0,0,0,0
85.139,85.139,3.33611,0.03,0,2.33528,2.55379,0,0.422998,4.47552,4.25838e+06,2.70226e+06,9.9445e+06,0,0,0,0,98.4104,98.274,1.91673,0,1,1.71479,1.49628,0,1.3841,2.1168,8.84977e+06,3.61194e+06,1.51755e+07,0,0,0,0
85.139,85.139,2.92209,0.02,0,2.33667,2.55467,0,0.437631,4.47552,4.25838e+06,2.70226e+06,9.95043e+06,0,0,0,0,98.1405,98.274,1.86497,0,1,1.71479,1.4968,0,1.32485,2.1168,8.84977e+06,3.61194e+06,1.51755e+07,0,0,0,0
85.139,85.139,2.88453,0.01,0,2.33806,2.55555,0,0.437892,4.47552,4.25838e+06,2.70226e+06,9.95636e+06,0,0,0,0,97.9424,98.274,1.90853,0,1,1.71479,1.49731,0,1.32485,2.1168,8.84977e+06,3.61194e+06,1.51755e+07,0,0,0,0
85.1265,85.139,2.57197,0.01,0,2.33946,2.55643,0,0.438153,4.47552,4.25838e+06,2.70226e+06,9.96229e+06,0,0,0,0,97.9683,98.274,1.87769,0,1,1.71479,1.49783,0,1.32485,2.1168,8.84977e+06,3.61194e+06,1.51755e+07,0,0,0,0
84.2112,85.139,1.61631,0.02,0,2.31795,2.5344,0,0.438414,4.47552,4.25838e+06,2.70226e+06,9.87069e+06,0,0,0,0,97.8944,98.274,2.30741,0,1,1.75703,1.54058,0,1.32485,2.1168,8.84977e+06,3.61194e+06,1.55494e+07,0,0,0,0
83.1275,85.139,1.47629,0.02,0,2.36157,2.53527,0,0.434383,4.47552,4.25838e+06,2.70226e+06,1.00565e+07,0,0,0,0,97.8096,98.274,2.05859,0,1,1.71481,1.54111,0,1.35748,2.1168,8.84977e+06,3.61194e+06,1.51757e+07,0,0,0,0
81.9513,85.139,1.35427,0.03,0,2.36297,2.53614,0,0.442559,4.47552,4.25838e+06,2.70226e+06,1.00624e+07,0,0,0,0,97.645,98.274,2.01787,0,1,1.71481,1.54164,0,1.32486,2.1168,8.84977e+06,3.61194e+06,1.51757e+07,0,0,0,0
80.7221,85.139,1.26828,0.03,0,2.36437,2.53701,0,0.442821,4.47552,4.25838e+06,2.70226e+06,1.00684e+07,0,0,0,0,97.4643,98.274,1.94941,0,1,1.71481,1.54217,0,1.32486,2.1168,8.84977e+06,3.61194e+06,1.51757e+07,0,0,0,0
79.5628,85.139,1.39865,0.03,0,2.425,2.59711,0,0.443084,4.47552,4.25838e+06,2.70226e+06,1.03266e+07,0,0,0,0,97.3345,98.274,2.23083,0,1,1.75251,1.5804,0,1.32486,2.1168,8.84977e+06,3.61194e+06,1.55093e+07,0,0,0,0
78.3075,85.139,1.33072,0.03,0,2.46412,2.59801,0,0.454446,4.47552,4.25838e+06,2.70226e+06,1.04932e+07,0,0,0,0,97.2261,98.274,2.2534,0,1,1.71482,1.58094,0,1.35399,2.1168,8.84977e+06,3.61194e+06,1.51758e+07,0,0,0,0
76.9463,85.139,1.21359,0.04,0,2.46556,2.5989,0,0.461777,4.47552,4.25838e+06,2.70226e+06,1.04993e+07,0,0,0,0,97.0922,98.274,2.08003,0,1,1.71482,1.58148,0,1.32487,2.1168,8.84977e+06,3.61194e+06,1.51758e+07,0,0,0,0
75.4541,85.139,1.05749,0.04,0,2.46699,2.59979,0,0.462046,4.47552,4.25838e+06,2.70226e+06,1.05054e+07,0,0,0,0,96.9494,98.274,2.0661,0,1,1.71482,1.58203,0,1.32487,2.1168,8.84977e+06,3.61194e+06,1.51758e+07,0,0,0,0
73.6951,85.139,0.93746,0.04,0,2.64212,2.77437,0,0.462315,4.47552,4.25838e+06,2.70226e+06,1.12511e+07,0,0,0,0,96.764,98.274,2.20039,0,1,1.85108,1.71882,0,1.32487,2.1168,8.84977e+06,3.61194e+06,1.63816e+07,0,0,0,0
71.8014,85.139,0.910919,0.04,0,2.77533,2.77533,0,0.495133,4.47552,4.25838e+06,2.70226e+06,1.18184e+07,0,0,0,0,96.7322,98.274,2.56996,0,1,1.71941,1.71941,0,1.43014,2.1168,8.84977e+06,3.61194e+06,1.52164e+07,0,0,0,0
69.8354,85.139,0.81638,0.04,0,2.77628,2.77628,0,0.520096,4.47552,4.25838e+06,2.70226e+06,1.18224e+07,0,0,0,0,96.6361,98.274,2.39453,0,1,1.72,1.72,0,1.32842,2.1168,8.84977e+06,3.61194e+06,1.52216e+07,0,0,0,0
68.0297,85.139,0.964908,0.04,0,2.77723,2.77723,0,0.520275,4.47552,4.25838e+06,2.70226e+06,1.18265e+07,0,0,0,0,96.5862,98.274,2.59615,0,1,1.72059,1.72059,0,1.32887,2.1168,8.84977e+06,3.61194e+06,1.52269e+07,0,0,0,0
66.8455,85.139,1.64616,0.07,0,2.77819,2.77819,0,0.520453,4.47552,4.25838e+06,2.70226e+06,1.18306e+07,0,0,0,0,96.7313,98.274,3.0868,0,1,1.72118,1.72118,0,1.32933,2.1168,8.84977e+06,3.61194e+06,1.52321e+07,0,0,0,0
65.1258,85.139,0.92448,0.08,0,2.69435,2.69435,0,0.520632,4.47552,4.25838e+06,2.70226e+06,1.14735e+07,0,0,0,0,96.9894,98.274,3.8229,0,1,1.63893,1.63893,0,1.32979,2.1168,8.84977e+06,3.61194e+06,1.45042e+07,0,0,0,0
63.319,85.139,0.758337,0.08,0,2.61992,2.69527,0,0.50492,4.47552,4.25838e+06,2.70226e+06,1.11566e+07,0,0,0,0,97.0402,98.274,3.07753,0,1,1.71484,1.63949,0,1.26624,2.1168,8.84977e+06,3.61194e+06,1.5176e+07,0,0,0,0
61.9205,85.139,1.24032,0.08,0,2.62141,2.6962,0,0.490973,4.47552,4.25838e+06,2.70226e+06,1.11629e+07,0,0,0,0,97.5322,98.274,4.11377,0,1,1.71484,1.64006,0,1.32489,2.1168,8.84977e+06,3.61194e+06,1.5176e+07,0,0,0,0
61.9165,85.139,2.7921,0.12,0,2.6229,2.69712,0,0.491252,4.47552,4.25838e+06,2.70226e+06,1.11693e+07,0,0,0,0,98.7308,98.274,6.33849,0,1,1.71484,1.64062,0,1.32489,2.1168,8.84977e+06,3.61194e+06,1.5176e+07,0,0,0,0
60.6356,85.139,1.3668,0.13,0,2.55469,2.62835,0,0.491531,4.47552,4.25838e+06,2.70226e+06,1.08788e+07,0,0,0,0,99.1103,98.274,3.65341,0,1,1.63933,1.56567,0,1.32489,2.1168,8.84977e+06,3.61194e+06,1.45077e+07,0,0,0,0
60.2123,85.139,2.19,0.13,0,2.48064,2.62925,0,0.478749,4.47552,4.25838e+06,2.70226e+06,1.05635e+07,0,0,0,0,99.3022,98.274,3.75836,0,1,1.71482,1.56621,0,1.26655,2.1168,8.84977e+06,3.61194e+06,1.51757e+07,0,0,0,0
61.3437,85.139,3.84265,0.13,0,2.48208,2.63015,0,0.464873,4.47552,4.25838e+06,2.70226e+06,1.05696e+07,0,0,0,0,99.3022,98.274,5.16988,0,1,1.71482,1.56675,0,1.32487,2.1168,8.84977e+06,3.61194e+06,1.51757e+07,0,0,0,0
63.7051,85.139,5.28393,0.13,0,2.48352,2.63106,0,0.465142,4.47552,4.25838e+06,2.70226e+06,1.05758e+07,0,0,0,0,99.3022,98.274,7.47559,0,1,1.71482,1.56728,0,1.32487,2.1168,8.84977e+06,3.61194e+06,1.51757e+07,0,0,0,0
66.7448,85.139,5.83531,0.08,0,2.28675,2.43374,0,0.465412,4.47552,4.25838e+06,2.70226e+06,9.73783e+06,0,0,0,0,99.3022,98.274,8.88036,0,1,1.55734,1.41034,0,1.32487,2.1168,8.84977e+06,3.61194e+06,1.37821e+07,0,0,0,0
71.6086,85.139,7.60983,0.08,0,2.13218,2.43458,0,0.428536,4.47552,4.25838e+06,2.70226e+06,9.07961e+06,0,0,0,0,99.3022,98.274,13.7376,0,1,1.71322,1.41082,0,1.2032,2.1168,8.84977e+06,3.61194e+06,1.51616e+07,0,0,0,0
76.5174,85.139,7.7779,0.04,0,2.13301,2.43541,0,0.39957,4.47552,4.25838e+06,2.70226e+06,9.08317e+06,0,0,0,0,99.3022,98.274,15.3196,0,1,1.71371,1.41131,0,1.32364,2.1168,8.84977e+06,3.61194e+06,1.51659e+07,0,0,0,0
80.3064,85.139,6.69693,0.02,0,2.13385,2.43625,0,0.399726,4.47552,4.25838e+06,2.70226e+06,9.08672e+06,0,0,0,0,99.3022,98.274,16.1602,0,1,1.71419,1.41179,0,1.32401,2.1168,8.84977e+06,3.61194e+06,1.51702e+07,0,0,0,0
84.7001,85.139,7.21179,0.02,0,2.13468,2.43708,0,0.399883,4.47552,4.25838e+06,2.70226e+06,9.09028e+06,0,0,0,0,99.3022,98.274,14.3783,0,1,1.71468,1.41228,0,1.32438,2.1168,8.84977e+06,3.61194e+06,1.51745e+07,0,0,0,0
85.139,85.139,6.29424,0.02,0,2.21227,2.51428,0,0.40004,4.47552,4.25838e+06,2.70226e+06,9.42068e+06,0,0,0,0,99.3022,98.274,12.0988,0,1,1.76043,1.45843,0,1.32476,2.1168,8.84977e+06,3.61194e+06,1.55795e+07,0,0,0,0
85.139,85.139,5.45925,0.02,0,2.25926,2.51511,0,0.41458,4.47552,4.25838e+06,2.70226e+06,9.62079e+06,0,0,0,0,99.3022,98.274,9.90516,0,1,1.71476,1.45892,0,1.36011,2.1168,8.84977e+06,3.61194e+06,1.51753e+07,0,0,0,0
85.139,85.139,4.98337,0.01,0,2.26058,2.51595,0,0.423386,4.47552,4.25838e+06,2.70226e+06,9.62641e+06,0,0,0,0,99.3022,98.274,7.50008,0,1,1.71476,1.4594,0,1.32483,2.1168,8.84977e+06,3.61194e+06,1.51753e+07,0,0,0,0
85.139,85.139,5.30073,0.02,0,2.2619,2.51678,0,0.423633,4.47552,4.25838e+06,2.70226e+06,9.63203e+06,0,0,0,0,99.3022,98.274,8.0281,0,1,1.71476,1.45989,0,1.32483,2.1168,8.84977e+06,3.61194e+06,1.51753e+07,0,0,0,0
85.139,85.139,3.77202,0.02,0,2.50879,2.76318,0,0.423881,4.47552,4.25838e+06,2.70226e+06,1.06834e+07,0,0,0,0,99.3022,98.274,7.39294,0,1,1.88647,1.63208,0,1.32483,2.1168,8.84977e+06,3.61194e+06,1.66949e+07,0,0,0,0
85.139,85.139,5.94607,0.02,0,2.6819,2.7641,0,0.470147,4.47552,4.25838e+06,2.70226e+06,1.14205e+07,0,0,0,0,99.3022,98.274,8.1788,0,1,1.71482,1.63262,0,1.45749,2.1168,8.84977e+06,3.61194e+06,1.51758e+07,0,0,0,0
85.139,85.139,5.39494,0.04,0,2.68336,2.76502,0,0.502588,4.47552,4.25838e+06,2.70226e+06,1.14267e+07,0,0,0,0,99.3022,98.274,8.42094,0,1,1.71482,1.63316,0,1.32487,2.1168,8.84977e+06,3.61194e+06,1.51758e+07,0,0,0,0
85.139,85.139,8.62738,0.04,0,2.68482,2.76594,0,0.502861,4.47552,4.25838e+06,2.70226e+06,1.1433e+07,0,0,0,0,99.3022,98.274,7.52872,0,1,1.71482,1.63371,0,1.32487,2.1168,8.84977e+06,3.61194e+06,1.51758e+07,0,0,0,0
85.139,85.139,5.23255,0.05,0,2.33556,2.41614,0,0.503135,4.47552,4.25838e+06,2.70226e+06,9.94571e+06,0,0,0,0,99.3022,98.274,6.91889,0,1,1.48408,1.40351,0,1.32487,2.1168,8.84977e+06,3.61194e+06,1.31338e+07,0,0,0,0
85.139,85.139,7.99675,0.05,0,2.11454,2.41694,0,0.437685,4.47552,4.25838e+06,2.70226e+06,9.00451e+06,0,0,0,0,99.3022,98.274,8.20342,0,1,1.70637,1.40397,0,1.1466,2.1168,8.84977e+06,3.61194e+06,1.5101e+07,0,0,0,0
85.139,85.139,5.75237,0.05,0,2.11534,2.41774,0,0.396265,4.47552,4.25838e+06,2.70226e+06,9.00792e+06,0,0,0,0,99.3022,98.274,7.30531,0,1,1.70684,1.40444,0,1.31834,2.1168,8.84977e+06,3.61194e+06,1.51051e+07,0,0,0,0
85.139,85.139,7.6623,0.05,0,2.11615,2.41855,0,0.396415,4.47552,4.25838e+06,2.70226e+06,9.01134e+06,0,0,0,0,99.3022,98.274,7.00941,0,1,1.70731,1.40491,0,1.3187,2.1168,8.84977e+06,3.61194e+06,1.51093e+07,0,0,0,0
85.139,85.139,6.32145,0.05,0,2.11695,2.41935,0,0.396566,4.47552,4.25838e+06,2.70226e+06,9.01476e+06,0,0,0,0,99.3022,98.274,8.89167,0,1,1.70777,1.40537,0,1.31906,2.1168,8.84977e+06,3.61194e+06,1.51134e+07,0,0,0,0
85.139,85.139,6.64858,0.05,0,2.20618,2.50858,0,0.396716,4.47552,4.25838e+06,2.70226e+06,9.39474e+06,0,0,0,0,99.3022,98.274,7.6751,0,1,1.76478,1.46238,0,1.31942,2.1168,8.84977e+06,3.61194e+06,1.56179e+07,0,0,0,0
85.139,85.139,5.53393,0.05,0,2.25751,2.50941,0,0.413438,4.47552,4.25838e+06,2.70226e+06,9.61333e+06,0,0,0,0,99.3022,98.274,6.44623,0,1,1.71477,1.46287,0,1.36347,2.1168,8.84977e+06,3.61194e+06,1.51753e+07,0,0,0,0
85.139,85.139,5.39717,0.05,0,2.25883,2.51024,0,0.423058,4.47552,4.25838e+06,2.70226e+06,9.61894e+06,0,0,0,0,99.3022,98.274,6.64461,0,1,1.71477,1.46335,0,1.32483,2.1168,8.84977e+06,3.61194e+06,1.51753e+07,0,0,0,0
85.139,85.139,5.61402,0.05,0,2.26015,2.51108,0,0.423305,4.47552,4.25838e+06,2.70226e+06,9.62456e+06,0,0,0,0,99.3022,98.274,6.80653,0,1,1.71477,1.46384,0,1.32483,2.1168,8.84977e+06,3.61194e+06,1.51753e+07,0,0,0,0
85.139,85.139,4.39894,0.05,0,2.22685,2.47729,0,0.423552,4.47552,4.25838e+06,2.70226e+06,9.48275e+06,0,0,0,0,99.3022,98.274,3.99362,0,1,1.69278,1.44233,0,1.32483,2.1168,8.84977e+06,3.61194e+06,1.49807e+07,0,0,0,0
85.139,85.139,3.7196,0.05,0,2.20616,2.47811,0,0.417311,4.47552,4.25838e+06,2.70226e+06,9.39468e+06,0,0,0,0,99.3022,98.274,3.93788,0,1,1.71476,1.44281,0,1.30784,2.1168,8.84977e+06,3.61194e+06,1.51752e+07,0,0,0,0
85.139,85.139,3.34509,0.05,0,2.20747,2.47893,0,0.413435,4.47552,4.25838e+06,2.70226e+06,9.40022e+06,0,0,0,0,99.3022,98.274,3.52831,0,1,1.71476,1.44329,0,1.32482,2.1168,8.84977e+06,3.61194e+06,1.51752e+07,0,0,0,0
85.139,85.139,3.0822,0.04,0,2.20877,2.47976,0,0.413679,4.47552,4.25838e+06,2.70226e+06,9.40576e+06,0,0,0,0,99.3022,98.274,3.33296,0,1,1.71476,1.44377,0,1.32482,2.1168,8.84977e+06,3.61194e+06,1.51752e+07,0,0,0,0
85.139,85.139,3.04645,0.04,0,2.32774,2.59825,0,0.413923,4.47552,4.25838e+06,2.70226e+06,9.91239e+06,0,0,0,0,99.3022,98.274,3.63384,0,1,1.79284,1.52233,0,1.32482,2.1168,8.84977e+06,3.61194e+06,1.58662e+07,0,0,0,0
85.1372,85.139,2.72939,0.04,0,2.40716,2.59911,0,0.436218,4.47552,4.25838e+06,2.70226e+06,1.02506e+07,0,0,0,0,99.3022,98.274,2.89446,0,1,1.71478,1.52284,0,1.38515,2.1168,8.84977e+06,3.61194e+06,1.51755e+07,0,0,0,0
85.0597,85.139,2.64598,0.05,0,2.40853,2.59997,0,0.451102,4.47552,4.25838e+06,2.70226e+06,1.02564e+07,0,0,0,0,99.3022,98.274,2.94986,0,1,1.71479,1.52334,0,1.32484,2.1168,8.84977e+06,3.61194e+06,1.51755e+07,0,0,0,0
84.8549,85.139,2.50853,0.04,0,2.4099,2.60084,0,0.451359,4.47552,4.25838e+06,2.70226e+06,1.02623e+07,0,0,0,0,99.3022,98.274,2.82232,0,1,1.71479,1.52385,0,1.32484,2.1168,8.84977e+06,3.61194e+06,1.51755e+07,0,0,0,0
84.5054,85.139,2.34223,0.05,0,2.41127,2.6017,0,0.451615,4.47552,4.25838e+06,2.70226e+06,1.02681e+07,0,0,0,0,98.8596,98.274,2.67137,0,1,1.71479,1.52435,0,1.32484,2.1168,8.84977e+06,3.61194e+06,1.51755e+07,0,0,0,0
83.2882,85.139,1.35079,0.03,0,2.38932,2.57925,0,0.451871,4.47552,4.25838e+06,2.70226e+06,1.01746e+07,0,0,0,0,98.4098,98.274,1.53313,0,1,1.75777,1.56784,0,1.32484,2.1168,8.84977e+06,3.61194e+06,1.55559e+07,0,0,0,0
81.937,85.139,1.24681,0.03,0,2.43367,2.58011,0,0.447759,4.47552,4.25838e+06,2.70226e+06,1.03635e+07,0,0,0,0,97.8589,98.274,1.51998,0,1,1.7148,1.56836,0,1.35806,2.1168,8.84977e+06,3.61194e+06,1.51756e+07,0,0,0,0
80.4872,85.139,1.139,0.03,0,2.43505,2.58096,0,0.45607,4.47552,4.25838e+06,2.70226e+06,1.03693e+07,0,0,0,0,97.2845,98.274,1.36112,0,1,1.7148,1.56888,0,1.32485,2.1168,8.84977e+06,3.61194e+06,1.51756e+07,0,0,0,0
78.9727,85.139,1.04472,0.03,0,2.43642,2.58182,0,0.456328,4.47552,4.25838e+06,2.70226e+06,1.03752e+07,0,0,0,0,96.5336,98.274,1.33143,0,1,1.7148,1.5694,0,1.32485,2.1168,8.84977e+06,3.61194e+06,1.51756e+07,0,0,0,0
77.2944,85.139,0.896305,0.04,0,2.49807,2.64295,0,0.456586,4.47552,4.25838e+06,2.70226e+06,1.06377e+07,0,0,0,0,95.6807,98.274,1.14609,0,1,1.75316,1.60829,0,1.32485,2.1168,8.84977e+06,3.61194e+06,1.55151e+07,0,0,0,0
75.5045,85.139,0.825123,0.04,0,2.53783,2.64382,0,0.468139,4.47552,4.25838e+06,2.70226e+06,1.0807e+07,0,0,0,0,94.889,98.274,1.15016,0,1,1.71481,1.60882,0,1.35449,2.1168,8.84977e+06,3.61194e+06,1.51757e+07,0,0,0,0
73.6734,85.139,0.760203,0.04,0,2.53924,2.6447,0,0.475589,4.47552,4.25838e+06,2.70226e+06,1.0813e+07,0,0,0,0,93.9536,98.274,1.08794,0,1,1.71481,1.60935,0,1.32486,2.1168,8.84977e+06,3.61194e+06,1.51757e+07,0,0,0,0
71.7889,85.139,0.692005,0.04,0,2.54065,2.64558,0,0.475854,4.47552,4.25838e+06,2.70226e+06,1.0819e+07,0,0,0,0,93.1545,98.274,0.957712,0,1,1.71481,1.60989,0,1.32486,2.1168,8.84977e+06,3.61194e+06,1.51757e+07,0,0,0,0
69.8063,85.139,0.717694,0.04,0,2.7188,2.8232,0,0.476118,4.47552,4.25838e+06,2.70226e+06,1.15777e+07,0,0,0,0,92.0266,98.274,1.20451,0,1,1.85346,1.74907,0,1.32486,2.1168,8.84977e+06,3.61194e+06,1.64027e+07,0,0,0,0
67.4246,85.139,0.365863,0.04,0,2.82413,2.82413,0,0.509504,4.47552,4.25838e+06,2.70226e+06,1.20262e+07,0,0,0,0,90.9051,98.274,0.79698,0,1,1.74965,1.74965,0,1.43199,2.1168,8.84977e+06,3.61194e+06,1.5484e+07,0,0,0,0
65.0272,85.139,0.32789,0.07,0,2.82507,2.82507,0,0.529243,4.47552,4.25838e+06,2.70226e+06,1.20302e+07,0,0,0,0,89.7959,98.274,0.740813,0,1,1.75023,1.75023,0,1.35178,2.1168,8.84977e+06,3.61194e+06,1.54891e+07,0,0,0,0
62.7086,85.139,0.387511,0.08,0,2.82601,2.82601,0,0.529418,4.47552,4.25838e+06,2.70226e+06,1.20342e+07,0,0,0,0,88.7816,98.274,0.802539,0,1,1.75081,1.75081,0,1.35223,2.1168,8.84977e+06,3.61194e+06,1.54943e+07,0,0,0,0
60.6428,85.139,0.661091,0.09,0,2.82694,2.82694,0,0.529593,4.47552,4.25838e+06,2.70226e+06,1.20382e+07,0,0,0,0,87.7878,98.274,0.961068,0,1,1.75139,1.75139,0,1.35267,2.1168,8.84977e+06,3.61194e+06,1.54994e+07,0,0,0,0
58.6654,85.139,0.647615,0.12,0,2.7416,2.7416,0,0.529769,4.47552,4.25838e+06,2.70226e+06,1.16747e+07,0,0,0,0,87.1504,98.274,0.879136,0,1,1.66767,1.66767,0,1.35312,2.1168,8.84977e+06,3.61194e+06,1.47585e+07,0,0,0,0
56.7869,85.139,0.704335,0.12,0,2.6959,2.7425,0,0.513775,4.47552,4.25838e+06,2.70226e+06,1.14801e+07,0,0,0,0,86.6565,98.274,1.37116,0,1,1.71483,1.66823,0,1.28844,2.1168,8.84977e+06,3.61194e+06,1.51759e+07,0,0,0,0
54.9044,85.139,0.678289,0.13,0,2.69736,2.74341,0,0.505211,4.47552,4.25838e+06,2.70226e+06,1.14864e+07,0,0,0,0,86.2636,98.274,1.29038,0,1,1.71483,1.66878,0,1.32488,2.1168,8.84977e+06,3.61194e+06,1.51759e+07,0,0,0,0
53.0328,85.139,0.666912,0.14,0,2.69882,2.74432,0,0.505485,4.47552,4.25838e+06,2.70226e+06,1.14926e+07,0,0,0,0,86.3379,98.274,1.51604,0,1,1.71483,1.66933,0,1.32488,2.1168,8.84977e+06,3.61194e+06,1.51759e+07,0,0,0,0
51.6669,85.139,1.21646,0.14,0,2.62936,2.67431,0,0.505759,4.47552,4.25838e+06,2.70226e+06,1.11968e+07,0,0,0,0,86.5324,98.274,2.20185,0,1,1.638,1.59305,0,1.32488,2.1168,8.84977e+06,3.61194e+06,1.44959e+07,0,0,0,0
50.1778,85.139,1.05844,0.14,0,2.55397,2.6752,0,0.492743,4.47552,4.25838e+06,2.70226e+06,1.08758e+07,0,0,0,0,86.6224,98.274,2.17632,0,1,1.71481,1.59358,0,1.26552,2.1168,8.84977e+06,3.61194e+06,1.51757e+07,0,0,0,0
50.166,85.139,2.4997,0.15,0,2.55538,2.67608,0,0.478614,4.47552,4.25838e+06,2.70226e+06,1.08818e+07,0,0,0,0,87.0719,98.274,3.29222,0,1,1.71481,1.59411,0,1.32486,2.1168,8.84977e+06,3.61194e+06,1.51757e+07,0,0,0,0
52.6997,85.139,5.22346,0.15,0,2.5568,2.67697,0,0.478879,4.47552,4.25838e+06,2.70226e+06,1.08878e+07,0,0,0,0,88.1924,98.274,5.26621,0,1,1.71481,1.59464,0,1.32486,2.1168,8.84977e+06,3.61194e+06,1.51757e+07,0,0,0,0
53.2295,85.139,3.01803,0.14,0,2.35654,2.47618,0,0.479144,4.47552,4.25838e+06,2.70226e+06,1.0035e+07,0,0,0,0,88.9573,98.274,3.74655,0,1,1.55458,1.43493,0,1.32486,2.1168,8.84977e+06,3.61194e+06,1.37577e+07,0,0,0,0
55.0456,85.139,4.31597,0.15,0,2.19766,2.477,0,0.441615,4.47552,4.25838e+06,2.70226e+06,9.35845e+06,0,0,0,0,89.8981,98.274,5.01135,0,1,1.71475,1.43541,0,1.20107,2.1168,8.84977e+06,3.61194e+06,1.51752e+07,0,0,0,0
56.5793,85.139,3.97174,0.15,0,2.19895,2.47782,0,0.411841,4.47552,4.25838e+06,2.70226e+06,9.36396e+06,0,0,0,0,90.676,98.274,4.48917,0,1,1.71476,1.43588,0,1.32482,2.1168,8.84977e+06,3.61194e+06,1.51752e+07,0,0,0,0
58.7665,85.139,4.68945,0.16,0,2.20025,2.47864,0,0.412083,4.47552,4.25838e+06,2.70226e+06,9.36948e+06,0,0,0,0,91.4412,98.274,4.53085,0,1,1.71476,1.43636,0,1.32482,2.1168,8.84977e+06,3.61194e+06,1.51752e+07,0,0,0,0
61.6553,85.139,5.39374,0.15,0,2.20154,2.47946,0,0.412326,4.47552,4.25838e+06,2.70226e+06,9.37499e+06,0,0,0,0,92.1695,98.274,4.88934,0,1,1.71476,1.43683,0,1.32482,2.1168,8.84977e+06,3.61194e+06,1.51752e+07,0,0,0,0
63.2435,85.139,4.27917,0.15,0,2.28052,2.55797,0,0.412569,4.47552,4.25838e+06,2.70226e+06,9.71131e+06,0,0,0,0,93.3256,98.274,5.51861,0,1,1.76122,1.48377,0,1.32482,2.1168,8.84977e+06,3.61194e+06,1.55864e+07,0,0,0,0
63.5484,85.139,2.97166,0.12,0,2.32828,2.55878,0,0.42737,4.47552,4.25838e+06,2.70226e+06,9.91468e+06,0,0,0,0,94.4837,98.274,4.5559,0,1,1.71475,1.48425,0,1.36072,2.1168,8.84977e+06,3.61194e+06,1.51752e+07,0,0,0,0
64.0969,85.139,3.28819,0.12,0,2.32957,2.5596,0,0.436319,4.47552,4.25838e+06,2.70226e+06,9.92019e+06,0,0,0,0,96.0446,98.274,5.74496,0,1,1.71475,1.48472,0,1.32482,2.1168,8.84977e+06,3.61194e+06,1.51752e+07,0,0,0,0
64.1669,85.139,2.71385,0.14,0,2.33086,2.56042,0,0.436562,4.47552,4.25838e+06,2.70226e+06,9.9257e+06,0,0,0,0,97.2682,98.274,4.70215,0,1,1.71475,1.4852,0,1.32482,2.1168,8.84977e+06,3.61194e+06,1.51752e+07,0,0,0,0
65.3565,85.139,4.16641,0.14,0,2.58198,2.81106,0,0.436804,4.47552,4.25838e+06,2.70226e+06,1.0995e+07,0,0,0,0,98.7584,98.274,6.49947,0,1,1.88944,1.66036,0,1.32482,2.1168,8.84977e+06,3.61194e+06,1.67211e+07,0,0,0,0
67.8001,85.139,5.86852,0.13,0,2.75803,2.81196,0,0.483862,4.47552,4.25838e+06,2.70226e+06,1.17447e+07,0,0,0,0,99.3022,98.274,10.0403,0,1,1.71481,1.66089,0,1.45978,2.1168,8.84977e+06,3.61194e+06,1.51757e+07,0,0,0,0
68.1867,85.139,3.55649,0.13,0,2.75946,2.81286,0,0.516855,4.47552,4.25838e+06,2.70226e+06,1.17508e+07,0,0,0,0,99.3022,98.274,6.89972,0,1,1.71481,1.66142,0,1.32486,2.1168,8.84977e+06,3.61194e+06,1.51757e+07,0,0,0,0
67.9464,85.139,2.84546,0.1,0,2.76089,2.81376,0,0.517124,4.47552,4.25838e+06,2.70226e+06,1.17569e+07,0,0,0,0,99.3022,98.274,4.57305,0,1,1.71481,1.66195,0,1.32486,2.1168,8.84977e+06,3.61194e+06,1.51757e+07,0,0,0,0
69.3815,85.139,4.30634,0.13,0,2.40555,2.45788,0,0.517392,4.47552,4.25838e+06,2.70226e+06,1.02437e+07,0,0,0,0,99.3022,98.274,4.45196,0,1,1.48008,1.42775,0,1.32486,2.1168,8.84977e+06,3.61194e+06,1.30984e+07,0,0,0,0
73.404,85.139,7.04582,0.11,0,2.17214,2.45867,0,0.4508,4.47552,4.25838e+06,2.70226e+06,9.24979e+06,0,0,0,0,99.3022,98.274,8.15552,0,1,1.71474,1.42821,0,1.14351,2.1168,8.84977e+06,3.61194e+06,1.5175e+07,0,0,0,0
77.2051,85.139,6.74341,0.12,0,2.17338,2.45945,0,0.407059,4.47552,4.25838e+06,2.70226e+06,9.25508e+06,0,0,0,0,99.3022,98.274,6.41538,0,1,1.71474,1.42867,0,1.32481,2.1168,8.84977e+06,3.61194e+06,1.5175e+07,0,0,0,0
79.5187,85.139,5.26097,0.08,0,2.17462,2.46024,0,0.407292,4.47552,4.25838e+06,2.70226e+06,9.26037e+06,0,0,0,0,99.3022,98.274,7.94815,0,1,1.71474,1.42912,0,1.32481,2.1168,8.84977e+06,3.61194e+06,1.5175e+07,0,0,0,0
82.6055,85.139,6.08813,0.05,0,2.17587,2.46102,0,0.407525,4.47552,4.25838e+06,2.70226e+06,9.26566e+06,0,0,0,0,99.3022,98.274,9.2484,0,1,1.71474,1.42958,0,1.32481,2.1168,8.84977e+06,3.61194e+06,1.5175e+07,0,0,0,0
85.139,85.139,6.68575,0.06,0,2.26706,2.55176,0,0.407758,4.47552,4.25838e+06,2.70226e+06,9.654e+06,0,0,0,0,99.3022,98.274,11.2823,0,1,1.77225,1.48755,0,1.32481,2.1168,8.84977e+06,3.61194e+06,1.5684e+07,0,0,0,0
85.139,85.139,5.47028,0.05,0,2.32585,2.55258,0,0.424847,4.47552,4.25838e+06,2.70226e+06,9.90433e+06,0,0,0,0,99.3022,98.274,7.6626,0,1,1.71476,1.48803,0,1.36924,2.1168,8.84977e+06,3.61194e+06,1.51752e+07,0,0,0,0
85.139,85.139,5.19518,0.05,0,2.32714,2.55339,0,0.435864,4.47552,4.25838e+06,2.70226e+06,9.90983e+06,0,0,0,0,99.3022,98.274,6.73577,0,1,1.71476,1.4885,0,1.32482,2.1168,8.84977e+06,3.61194e+06,1.51752e+07,0,0,0,0
85.139,85.139,4.45389,0.05,0,2.32843,2.55421,0,0.436106,4.47552,4.25838e+06,2.70226e+06,9.91533e+06,0,0,0,0,99.3022,98.274,5.93962,0,1,1.71476,1.48898,0,1.32482,2.1168,8.84977e+06,3.61194e+06,1.51752e+07,0,0,0,0
85.139,85.139,3.78031,0.05,0,2.29451,2.51981,0,0.436348,4.47552,4.25838e+06,2.70226e+06,9.77088e+06,0,0,0,0,99.3022,98.274,4.82911,0,1,1.69239,1.46709,0,1.32482,2.1168,8.84977e+06,3.61194e+06,1.49773e+07,0,0,0,0
85.139,85.139,3.41202,0.05,0,2.27342,2.52061,0,0.429991,4.47552,4.25838e+06,2.70226e+06,9.68108e+06,0,0,0,0,99.3022,98.274,3.76191,0,1,1.71475,1.46756,0,1.30754,2.1168,8.84977e+06,3.61194e+06,1.51751e+07,0,0,0,0
85.139,85.139,3.06821,0.05,0,2.2747,2.52142,0,0.426039,4.47552,4.25838e+06,2.70226e+06,9.68651e+06,0,0,0,0,99.3022,98.274,3.3662,0,1,1.71475,1.46803,0,1.32481,2.1168,8.84977e+06,3.61194e+06,1.51751e+07,0,0,0,0
85.139,85.139,2.8274,0.05,0,2.27597,2.52222,0,0.426278,4.47552,4.25838e+06,2.70226e+06,9.69193e+06,0,0,0,0,99.3022,98.274,3.1844,0,1,1.71475,1.46849,0,1.32481,2.1168,8.84977e+06,3.61194e+06,1.51751e+07,0,0,0,0
85.139,85.139,2.78501,0.04,0,2.39693,2.64271,0,0.426517,4.47552,4.25838e+06,2.70226e+06,1.0207e+07,0,0,0,0,99.3022,98.274,3.67309,0,1,1.79417,1.54838,0,1.32481,2.1168,8.84977e+06,3.61194e+06,1.5878e+07,0,0,0,0
84.8468,85.139,2.49603,0.04,0,2.47766,2.64356,0,0.449184,4.47552,4.25838e+06,2.70226e+06,1.05508e+07,0,0,0,0,99.3022,98.274,2.94191,0,1,1.71477,1.54888,0,1.38618,2.1168,8.84977e+06,3.61194e+06,1.51754e+07,0,0,0,0
84.4919,85.139,2.42165,0.07,0,2.479,2.6444,0,0.464314,4.47552,4.25838e+06,2.70226e+06,1.05565e+07,0,0,0,0,99.3022,98.274,2.68523,0,1,1.71477,1.54937,0,1.32483,2.1168,8.84977e+06,3.61194e+06,1.51754e+07,0,0,0,0
83.8715,85.139,2.12535,0.05,0,2.48034,2.64525,0,0.464565,4.47552,4.25838e+06,2.70226e+06,1.05622e+07,0,0,0,0,99.3022,98.274,2.51142,0,1,1.71477,1.54987,0,1.32483,2.1168,8.84977e+06,3.61194e+06,1.51754e+07,0,0,0,0
83.1817,85.139,2.00657,0.05,0,2.48168,2.64609,0,0.464816,4.47552,4.25838e+06,2.70226e+06,1.05679e+07,0,0,0,0,99.3022,98.274,2.40046,0,1,1.71477,1.55036,0,1.32483,2.1168,8.84977e+06,3.61194e+06,1.51754e+07,0,0,0,0
82.4458,85.139,1.94621,0.05,0,2.45931,2.62323,0,0.465067,4.47552,4.25838e+06,2.70226e+06,1.04727e+07,0,0,0,0,99.3022,98.274,2.85912,0,1,1.7585,1.59458,0,1.32484,2.1168,8.84977e+06,3.61194e+06,1.55623e+07,0,0,0,0
81.5939,85.139,1.85746,0.03,0,2.50436,2.62407,0,0.460875,4.47552,4.25838e+06,2.70226e+06,1.06645e+07,0,0,0,0,99.3022,98.274,3.04491,0,1,1.71479,1.59509,0,1.35861,2.1168,8.84977e+06,3.61194e+06,1.51755e+07,0,0,0,0
80.7378,85.139,1.84205,0.03,0,2.50571,2.6249,0,0.469318,4.47552,4.25838e+06,2.70226e+06,1.06703e+07,0,0,0,0,99.3022,98.274,3.07435,0,1,1.71479,1.5956,0,1.32485,2.1168,8.84977e+06,3.61194e+06,1.51755e+07,0,0,0,0
79.8162,85.139,1.75148,0.03,0,2.50706,2.62574,0,0.46957,4.47552,4.25838e+06,2.70226e+06,1.0676e+07,0,0,0,0,99.3022,98.274,3.01786,0,1,1.71479,1.5961,0,1.32485,2.1168,8.84977e+06,3.61194e+06,1.51755e+07,0,0,0,0
78.5737,85.139,1.44536,0.03,0,2.5697,2.68788,0,0.469823,4.47552,4.25838e+06,2.70226e+06,1.09428e+07,0,0,0,0,99.251,98.274,2.50302,0,1,1.7538,1.63563,0,1.32485,2.1168,8.84977e+06,3.61194e+06,1.55208e+07,0,0,0,0
77.4167,85.139,1.57823,0.04,0,2.61009,2.68874,0,0.481563,4.47552,4.25838e+06,2.70226e+06,1.11147e+07,0,0,0,0,99.3022,98.274,2.62904,0,1,1.7148,1.63615,0,1.35499,2.1168,8.84977e+06,3.61194e+06,1.51756e+07,0,0,0,0
76.15,85.139,1.44065,0.04,0,2.61147,2.6896,0,0.48913,4.47552,4.25838e+06,2.70226e+06,1.11206e+07,0,0,0,0,99.248,98.274,2.58114,0,1,1.7148,1.63667,0,1.32486,2.1168,8.84977e+06,3.61194e+06,1.51756e+07,0,0,0,0
74.7769,85.139,1.32265,0.04,0,2.61285,2.69045,0,0.489389,4.47552,4.25838e+06,2.70226e+06,1.11265e+07,0,0,0,0,99.1421,98.274,2.26429,0,1,1.7148,1.63719,0,1.32486,2.1168,8.84977e+06,3.61194e+06,1.51756e+07,0,0,0,0
73.3411,85.139,1.3902,0.04,0,2.79397,2.87105,0,0.489647,4.47552,4.25838e+06,2.70226e+06,1.18978e+07,0,0,0,0,98.9394,98.274,2.71713,0,1,1.8558,1.77872,0,1.32486,2.1168,8.84977e+06,3.61194e+06,1.64234e+07,0,0,0,0
71.1456,85.139,0.66795,0.06,0,2.87197,2.87197,0,0.52359,4.47552,4.25838e+06,2.70226e+06,1.22299e+07,0,0,0,0,98.7537,98.274,1.89828,0,1,1.77928,1.77928,0,1.43379,2.1168,8.84977e+06,3.61194e+06,1.57463e+07,0,0,0,0
69.2621,85.139,0.984152,0.07,0,2.87289,2.87289,0,0.538207,4.47552,4.25838e+06,2.70226e+06,1.22338e+07,0,0,0,0,98.6279,98.274,2.25192,0,1,1.77985,1.77985,0,1.37468,2.1168,8.84977e+06,3.61194e+06,1.57513e+07,0,0,0,0
67.7622,85.139,1.40656,0.07,0,2.8738,2.8738,0,0.538379,4.47552,4.25838e+06,2.70226e+06,1.22377e+07,0,0,0,0,98.6922,98.274,2.52182,0,1,1.78042,1.78042,0,1.37511,2.1168,8.84977e+06,3.61194e+06,1.57563e+07,0,0,0,0
65.8564,85.139,0.980562,0.11,0,2.87472,2.87472,0,0.53855,4.47552,4.25838e+06,2.70226e+06,1.22416e+07,0,0,0,0,98.59,98.274,2.17254,0,1,1.78099,1.78099,0,1.37555,2.1168,8.84977e+06,3.61194e+06,1.57613e+07,0,0,0,0
65.8298,85.139,2.78628,0.11,0,2.7879,2.7879,0,0.538722,4.47552,4.25838e+06,2.70226e+06,1.18719e+07,0,0,0,0,99.3022,98.274,7.78601,0,1,1.69584,1.69584,0,1.37599,2.1168,8.84977e+06,3.61194e+06,1.50078e+07,0,0,0,0
65.7123,85.139,2.72766,0.11,0,2.77034,2.78878,0,0.522452,4.47552,4.25838e+06,2.70226e+06,1.17972e+07,0,0,0,0,99.3022,98.274,8.27028,0,1,1.71482,1.69638,0,1.3102,2.1168,8.84977e+06,3.61194e+06,1.51758e+07,0,0,0,0
65.63,85.139,2.76047,0.11,0,2.77177,2.78967,0,0.519162,4.47552,4.25838e+06,2.70226e+06,1.18033e+07,0,0,0,0,99.3022,98.274,7.41007,0,1,1.71482,1.69692,0,1.32487,2.1168,8.84977e+06,3.61194e+06,1.51758e+07,0,0,0,0
65.1468,85.139,2.43502,0.11,0,2.7732,2.79056,0,0.51943,4.47552,4.25838e+06,2.70226e+06,1.18093e+07,0,0,0,0,99.3022,98.274,7.45466,0,1,1.71482,1.69746,0,1.32487,2.1168,8.84977e+06,3.61194e+06,1.51758e+07,0,0,0,0
64.8754,85.139,2.65575,0.11,0,2.70252,2.71934,0,0.519698,4.47552,4.25838e+06,2.70226e+06,1.15084e+07,0,0,0,0,99.3022,98.274,6.68547,0,1,1.6367,1.61988,0,1.32487,2.1168,8.84977e+06,3.61194e+06,1.44844e+07,0,0,0,0
65.6746,85.139,3.84102,0.13,0,2.62581,2.72021,0,0.506453,4.47552,4.25838e+06,2.70226e+06,1.11817e+07,0,0,0,0,99.3022,98.274,7.84626,0,1,1.7148,1.62039,0,1.26451,2.1168,8.84977e+06,3.61194e+06,1.51756e+07,0,0,0,0
67.1445,85.139,4.56103,0.13,0,2.62719,2.72108,0,0.492076,4.47552,4.25838e+06,2.70226e+06,1.11876e+07,0,0,0,0,99.3022,98.274,10.4019,0,1,1.7148,1.62091,0,1.32485,2.1168,8.84977e+06,3.61194e+06,1.51756e+07,0,0,0,0
69.5869,85.139,5.35497,0.13,0,2.62857,2.72194,0,0.492336,4.47552,4.25838e+06,2.70226e+06,1.11935e+07,0,0,0,0,99.3022,98.274,10.5839,0,1,1.7148,1.62143,0,1.32485,2.1168,8.84977e+06,3.61194e+06,1.51756e+07,0,0,0,0
71.9726,85.139,5.28118,0.08,0,2.4249,2.51775,0,0.492595,4.47552,4.25838e+06,2.70226e+06,1.03261e+07,0,0,0,0,99.3022,98.274,7.73275,0,1,1.55188,1.45902,0,1.32485,2.1168,8.84977e+06,3.61194e+06,1.37338e+07,0,0,0,0
76.03,85.139,6.9387,0.08,0,2.2633,2.51856,0,0.454426,4.47552,4.25838e+06,2.70226e+06,9.63798e+06,0,0,0,0,99.3022,98.274,14.6622,0,1,1.71475,1.45949,0,1.19898,2.1168,8.84977e+06,3.61194e+06,1.51751e+07,0,0,0,0
82.6234,85.139,9.64041,0.03,0,2.26457,2.51936,0,0.424142,4.47552,4.25838e+06,2.70226e+06,9.64338e+06,0,0,0,0,99.3022,98.274,15.4993,0,1,1.71475,1.45995,0,1.32481,2.1168,8.84977e+06,3.61194e+06,1.51751e+07,0,0,0,0
85.139,85.139,25.3032,0.02,0,2.26584,2.52016,0,0.42438,4.47552,4.25838e+06,2.70226e+06,9.64878e+06,0,0,0,0,99.3022,98.274,61.2216,0,1,1.71475,1.46042,0,1.32481,2.1168,8.84977e+06,3.61194e+06,1.51751e+07,0,0,0,0
85.139,85.139,14.5598,0.02,0,2.2671,2.52096,0,0.424618,4.47552,4.25838e+06,2.70226e+06,9.65418e+06,0,0,0,0,99.3022,98.274,38.0876,0,1,1.71475,1.46088,0,1.32481,2.1168,8.84977e+06,3.61194e+06,1.51751e+07,0,0,0,0
85.139,85.139,10.9498,0.03,0,2.34735,2.60075,0,0.424855,4.47552,4.25838e+06,2.70226e+06,9.99592e+06,0,0,0,0,99.3022,98.274,24.9004,0,1,1.76199,1.50859,0,1.32481,2.1168,8.84977e+06,3.61194e+06,1.55932e+07,0,0,0,0
85.139,85.139,6.86271,0.05,0,2.39586,2.60155,0,0.439894,4.47552,4.25838e+06,2.70226e+06,1.02025e+07,0,0,0,0,99.3022,98.274,11.4664,0,1,1.71474,1.50906,0,1.36131,2.1168,8.84977e+06,3.61194e+06,1.51751e+07,0,0,0,0
85.139,85.139,6.52506,0.07,0,2.39712,2.60235,0,0.448984,4.47552,4.25838e+06,2.70226e+06,1.02079e+07,0,0,0,0,99.3022,98.274,9.69283,0,1,1.71474,1.50952,0,1.32481,2.1168,8.84977e+06,3.61194e+06,1.51751e+07,0,0,0,0
85.139,85.139,5.99967,0.06,0,2.39839,2.60315,0,0.449221,4.47552,4.25838e+06,2.70226e+06,1.02132e+07,0,0,0,0,99.3022,98.274,8.78045,0,1,1.71474,1.50998,0,1.32481,2.1168,8.84977e+06,3.61194e+06,1.51751e+07,0,0,0,0
85.139,85.139,6.55419,0.06,0,2.65364,2.85793,0,0.449458,4.47552,4.25838e+06,2.70226e+06,1.13002e+07,0,0,0,0,99.3022,98.274,12.3263,0,1,1.89234,1.68804,0,1.32481,2.1168,8.84977e+06,3.61194e+06,1.67468e+07,0,0,0,0
85.139,85.139,5.14477,0.06,0,2.83258,2.85881,0,0.497292,4.47552,4.25838e+06,2.70226e+06,1.20622e+07,0,0,0,0,99.3022,98.274,9.94193,0,1,1.7148,1.68856,0,1.46202,2.1168,8.84977e+06,3.61194e+06,1.51756e+07,0,0,0,0
85.139,85.139,5.63494,0.06,0,2.83397,2.85969,0,0.530825,4.47552,4.25838e+06,2.70226e+06,1.20681e+07,0,0,0,0,99.3022,98.274,11.9893,0,1,1.7148,1.68908,0,1.32485,2.1168,8.84977e+06,3.61194e+06,1.51756e+07,0,0,0,0
85.139,85.139,5.71435,0.06,0,2.83537,2.86057,0,0.531087,4.47552,4.25838e+06,2.70226e+06,1.20741e+07,0,0,0,0,99.3022,98.274,9.38027,0,1,1.7148,1.6896,0,1.32485,2.1168,8.84977e+06,3.61194e+06,1.51756e+07,0,0,0,0
85.139,85.139,5.02393,0.07,0,2.47406,2.49874,0,0.531349,4.47552,4.25838e+06,2.70226e+06,1.05355e+07,0,0,0,0,99.3022,98.274,9.17001,0,1,1.47617,1.45149,0,1.32485,2.1168,8.84977e+06,3.61194e+06,1.30638e+07,0,0,0,0
85.139,85.139,6.43803,0.07,0,2.23672,2.49951,0,0.46364,4.47552,4.25838e+06,2.70226e+06,9.5248e+06,0,0,0,0,99.3022,98.274,9.18342,0,1,1.71473,1.45194,0,1.14049,2.1168,8.84977e+06,3.61194e+06,1.51749e+07,0,0,0,0
85.139,85.139,7.25891,0.07,0,2.23794,2.50028,0,0.419162,4.47552,4.25838e+06,2.70226e+06,9.52997e+06,0,0,0,0,99.3022,98.274,13.9967,0,1,1.71473,1.45238,0,1.3248,2.1168,8.84977e+06,3.61194e+06,1.51749e+07,0,0,0,0
85.139,85.139,7.63681,0.07,0,2.23915,2.50105,0,0.419389,4.47552,4.25838e+06,2.70226e+06,9.53515e+06,0,0,0,0,99.3022,98.274,14.7053,0,1,1.71473,1.45283,0,1.3248,2.1168,8.84977e+06,3.61194e+06,1.51749e+07,0,0,0,0
85.139,85.139,6.39683,0.07,0,2.24037,2.50182,0,0.419617,4.47552,4.25838e+06,2.70226e+06,9.54032e+06,0,0,0,0,99.3022,98.274,11.9232,0,1,1.71473,1.45328,0,1.3248,2.1168,8.84977e+06,3.61194e+06,1.51749e+07,0,0,0,0
85.139,85.139,5.00836,0.07,0,2.33302,2.59402,0,0.419845,4.47552,4.25838e+06,2.70226e+06,9.93488e+06,0,0,0,0,99.3022,98.274,8.08185,0,1,1.77319,1.51219,0,1.3248,2.1168,8.84977e+06,3.61194e+06,1.56924e+07,0,0,0,0
85.139,85.139,5.54318,0.07,0,2.39273,2.59482,0,0.437208,4.47552,4.25838e+06,2.70226e+06,1.01891e+07,0,0,0,0,99.3022,98.274,12.343,0,1,1.71474,1.51266,0,1.36997,2.1168,8.84977e+06,3.61194e+06,1.51751e+07,0,0,0,0
85.139,85.139,5.03056,0.07,0,2.39399,2.59562,0,0.448398,4.47552,4.25838e+06,2.70226e+06,1.01945e+07,0,0,0,0,99.3022,98.274,12.7809,0,1,1.71474,1.51312,0,1.32481,2.1168,8.84977e+06,3.61194e+06,1.51751e+07,0,0,0,0
85.139,85.139,4.83624,0.07,0,2.39525,2.59642,0,0.448634,4.47552,4.25838e+06,2.70226e+06,1.01999e+07,0,0,0,0,99.3022,98.274,11.8749,0,1,1.71474,1.51358,0,1.32481,2.1168,8.84977e+06,3.61194e+06,1.51751e+07,0,0,0,0
85.139,85.139,5.11891,0.07,0,2.36072,2.56142,0,0.448871,4.47552,4.25838e+06,2.70226e+06,1.00528e+07,0,0,0,0,99.3022,98.274,9.49685,0,1,1.69201,1.49131,0,1.32481,2.1168,8.84977e+06,3.61194e+06,1.49739e+07,0,0,0,0
85.139,85.139,3.14444,0.07,0,2.33924,2.5622,0,0.442399,4.47552,4.25838e+06,2.70226e+06,9.96135e+06,0,0,0,0,99.3022,98.274,5.18129,0,1,1.71474,1.49177,0,1.30725,2.1168,8.84977e+06,3.61194e+06,1.5175e+07,0,0,0,0
85.139,85.139,4.91958,0.06,0,2.34048,2.56299,0,0.438373,4.47552,4.25838e+06,2.70226e+06,9.96665e+06,0,0,0,0,99.3022,98.274,5.98477,0,1,1.71474,1.49223,0,1.32481,2.1168,8.84977e+06,3.61194e+06,1.5175e+07,0,0,0,0
85.139,85.139,3.13422,0.05,0,2.34173,2.56378,0,0.438606,4.47552,4.25838e+06,2.70226e+06,9.97195e+06,0,0,0,0,99.3022,98.274,5.11944,0,1,1.71474,1.49269,0,1.32481,2.1168,8.84977e+06,3.61194e+06,1.5175e+07,0,0,0,0
85.0345,85.139,2.73329,0.05,0,2.46463,2.68622,0,0.43884,4.47552,4.25838e+06,2.70226e+06,1.04953e+07,0,0,0,0,99.3022,98.274,4.32453,0,1,1.79547,1.57387,0,1.32481,2.1168,8.84977e+06,3.61194e+06,1.58895e+07,0,0,0,0
85.139,85.139,3.77028,0.07,0,2.54664,2.68704,0,0.461871,4.47552,4.25838e+06,2.70226e+06,1.08445e+07,0,0,0,0,99.3022,98.274,4.58138,0,1,1.71476,1.57436,0,1.38718,2.1168,8.84977e+06,3.61194e+06,1.51753e+07,0,0,0,0
85.139,85.139,3.03514,0.04,0,2.54795,2.68787,0,0.47724,4.47552,4.25838e+06,2.70226e+06,1.08501e+07,0,0,0,0,99.3022,98.274,4.22557,0,1,1.71476,1.57484,0,1.32483,2.1168,8.84977e+06,3.61194e+06,1.51753e+07,0,0,0,0
85.139,85.139,2.88465,0.04,0,2.54926,2.68869,0,0.477485,4.47552,4.25838e+06,2.70226e+06,1.08557e+07,0,0,0,0,99.3022,98.274,3.92778,0,1,1.71476,1.57532,0,1.32483,2.1168,8.84977e+06,3.61194e+06,1.51753e+07,0,0,0,0
85.1123,85.139,2.80253,0.02,0,2.55056,2.68952,0,0.47773,4.47552,4.25838e+06,2.70226e+06,1.08613e+07,0,0,0,0,99.3022,98.274,4.09737,0,1,1.71476,1.57581,0,1.32483,2.1168,8.84977e+06,3.61194e+06,1.51753e+07,0,0,0,0
84.4488,85.139,2.10918,0.06,0,2.52778,2.66625,0,0.477976,4.47552,4.25838e+06,2.70226e+06,1.07642e+07,0,0,0,0,99.3022,98.274,3.29672,0,1,1.7592,1.62073,0,1.32483,2.1168,8.84977e+06,3.61194e+06,1.55685e+07,0,0,0,0
83.4787,85.139,1.82781,0.05,0,2.57352,2.66707,0,0.473706,4.47552,4.25838e+06,2.70226e+06,1.0959e+07,0,0,0,0,99.3022,98.274,2.88254,0,1,1.71478,1.62123,0,1.35916,2.1168,8.84977e+06,3.61194e+06,1.51754e+07,0,0,0,0
82.3613,85.139,1.67312,0.04,0,2.57483,2.66789,0,0.482277,4.47552,4.25838e+06,2.70226e+06,1.09646e+07,0,0,0,0,99.3004,98.274,2.88661,0,1,1.71478,1.62172,0,1.32484,2.1168,8.84977e+06,3.61194e+06,1.51754e+07,0,0,0,0
81.0964,85.139,1.51112,0.04,0,2.57615,2.66871,0,0.482524,4.47552,4.25838e+06,2.70226e+06,1.09702e+07,0,0,0,0,99.2512,98.274,2.58735,0,1,1.71478,1.62222,0,1.32484,2.1168,8.84977e+06,3.61194e+06,1.51754e+07,0,0,0,0
79.7635,85.139,1.46049,0.04,0,2.63977,2.73183,0,0.48277,4.47552,4.25838e+06,2.70226e+06,1.12411e+07,0,0,0,0,99.08,98.274,2.4545,0,1,1.75443,1.66237,0,1.32484,2.1168,8.84977e+06,3.61194e+06,1.55263e+07,0,0,0,0
78.4535,85.139,1.50014,0.04,0,2.68076,2.73266,0,0.494692,4.47552,4.25838e+06,2.70226e+06,1.14157e+07,0,0,0,0,98.8831,98.274,2.36219,0,1,1.71479,1.66288,0,1.35547,2.1168,8.84977e+06,3.61194e+06,1.51755e+07,0,0,0,0
77.0097,85.139,1.35355,0.04,0,2.6821,2.7335,0,0.502374,4.47552,4.25838e+06,2.70226e+06,1.14214e+07,0,0,0,0,98.6545,98.274,2.28471,0,1,1.71479,1.66339,0,1.32485,2.1168,8.84977e+06,3.61194e+06,1.51755e+07,0,0,0,0
75.4607,85.139,1.23447,0.04,0,2.68345,2.73434,0,0.502626,4.47552,4.25838e+06,2.70226e+06,1.14272e+07,0,0,0,0,98.4068,98.274,2.10191,0,1,1.71479,1.6639,0,1.32485,2.1168,8.84977e+06,3.61194e+06,1.51755e+07,0,0,0,0
73.6292,85.139,1.07592,0.04,0,2.86747,2.91785,0,0.502879,4.47552,4.25838e+06,2.70226e+06,1.22108e+07,0,0,0,0,98.0623,98.274,2.08812,0,1,1.85809,1.80771,0,1.32485,2.1168,8.84977e+06,3.61194e+06,1.64437e+07,0,0,0,0
71.8618,85.139,1.14525,0.07,0,2.91875,2.91875,0,0.537364,4.47552,4.25838e+06,2.70226e+06,1.24291e+07,0,0,0,0,97.8605,98.274,2.32773,0,1,1.80827,1.80827,0,1.43556,2.1168,8.84977e+06,3.61194e+06,1.60027e+07,0,0,0,0
70.3643,85.139,1.43796,0.07,0,2.91964,2.91964,0,0.546973,4.47552,4.25838e+06,2.70226e+06,1.24329e+07,0,0,0,0,97.664,98.274,2.54031,0,1,1.80882,1.80882,0,1.39707,2.1168,8.84977e+06,3.61194e+06,1.60076e+07,0,0,0,0
68.842,85.139,1.39129,0.08,0,2.92054,2.92054,0,0.547141,4.47552,4.25838e+06,2.70226e+06,1.24367e+07,0,0,0,0,97.3252,98.274,2.08359,0,1,1.80937,1.80937,0,1.39749,2.1168,8.84977e+06,3.61194e+06,1.60126e+07,0,0,0,0
66.8753,85.139,0.951621,0.09,0,2.92143,2.92143,0,0.547309,4.47552,4.25838e+06,2.70226e+06,1.24406e+07,0,0,0,0,96.9097,98.274,1.78119,0,1,1.80993,1.80993,0,1.39792,2.1168,8.84977e+06,3.61194e+06,1.60175e+07,0,0,0,0
65.2411,85.139,1.22199,0.12,0,2.83316,2.83316,0,0.547476,4.47552,4.25838e+06,2.70226e+06,1.20647e+07,0,0,0,0,96.6173,98.274,1.76388,0,1,1.72337,1.72337,0,1.39835,2.1168,8.84977e+06,3.61194e+06,1.52515e+07,0,0,0,0
64.1484,85.139,1.72515,0.12,0,2.83403,2.83403,0,0.530935,4.47552,4.25838e+06,2.70226e+06,1.20684e+07,0,0,0,0,96.4704,98.274,2.43198,0,1,1.7239,1.7239,0,1.33148,2.1168,8.84977e+06,3.61194e+06,1.52561e+07,0,0,0,0
62.6619,85.139,1.35921,0.13,0,2.8349,2.8349,0,0.531098,4.47552,4.25838e+06,2.70226e+06,1.20721e+07,0,0,0,0,95.9824,98.274,2.20448,0,1,1.72443,1.72443,0,1.33189,2.1168,8.84977e+06,3.61194e+06,1.52608e+07,0,0,0,0
60.7758,85.139,0.901762,0.13,0,2.83577,2.83577,0,0.531261,4.47552,4.25838e+06,2.70226e+06,1.20758e+07,0,0,0,0,95.5651,98.274,1.44689,0,1,1.72496,1.72496,0,1.3323,2.1168,8.84977e+06,3.61194e+06,1.52655e+07,0,0,0,0
59.2532,85.139,1.24479,0.14,0,2.76336,2.76336,0,0.531424,4.47552,4.25838e+06,2.70226e+06,1.17674e+07,0,0,0,0,94.9476,98.274,1.71242,0,1,1.6461,1.6461,0,1.3327,2.1168,8.84977e+06,3.61194e+06,1.45676e+07,0,0,0,0
57.9361,85.139,1.4153,0.14,0,2.69603,2.76421,0,0.517854,4.47552,4.25838e+06,2.70226e+06,1.14807e+07,0,0,0,0,94.8457,98.274,1.24783,0,1,1.71478,1.6466,0,1.27178,2.1168,8.84977e+06,3.61194e+06,1.51755e+07,0,0,0,0
57.9791,85.139,2.81543,0.14,0,2.69738,2.76506,0,0.505236,4.47552,4.25838e+06,2.70226e+06,1.14865e+07,0,0,0,0,95.0949,98.274,2.87618,0,1,1.71478,1.64711,0,1.32484,2.1168,8.84977e+06,3.61194e+06,1.51755e+07,0,0,0,0
56.9852,85.139,1.72365,0.14,0,2.69873,2.76591,0,0.505489,4.47552,4.25838e+06,2.70226e+06,1.14922e+07,0,0,0,0,95.2026,98.274,2.59027,0,1,1.71478,1.64761,0,1.32484,2.1168,8.84977e+06,3.61194e+06,1.51755e+07,0,0,0,0
57.2698,85.139,2.99357,0.14,0,2.49172,2.55839,0,0.505743,4.47552,4.25838e+06,2.70226e+06,1.06107e+07,0,0,0,0,95.3501,98.274,2.50957,0,1,1.54924,1.48257,0,1.32484,2.1168,8.84977e+06,3.61194e+06,1.37104e+07,0,0,0,0
57.7799,85.139,3.11418,0.15,0,2.32746,2.55917,0,0.466948,4.47552,4.25838e+06,2.70226e+06,9.9112e+06,0,0,0,0,95.286,98.274,2.75154,0,1,1.71473,1.48302,0,1.19694,2.1168,8.84977e+06,3.61194e+06,1.5175e+07,0,0,0,0
58.1278,85.139,3.02711,0.15,0,2.3287,2.55995,0,0.436166,4.47552,4.25838e+06,2.70226e+06,9.91647e+06,0,0,0,0,95.2546,98.274,2.83343,0,1,1.71473,1.48348,0,1.3248,2.1168,8.84977e+06,3.61194e+06,1.5175e+07,0,0,0,0
60.2711,85.139,4.92275,0.15,0,2.32994,2.56074,0,0.436398,4.47552,4.25838e+06,2.70226e+06,9.92175e+06,0,0,0,0,96.1598,98.274,6.74662,0,1,1.71473,1.48393,0,1.3248,2.1168,8.84977e+06,3.61194e+06,1.5175e+07,0,0,0,0
61.4645,85.139,4.04668,0.17,0,2.33118,2.56152,0,0.43663,4.47552,4.25838e+06,2.70226e+06,9.92702e+06,0,0,0,0,96.3315,98.274,4.18436,0,1,1.71473,1.48439,0,1.3248,2.1168,8.84977e+06,3.61194e+06,1.5175e+07,0,0,0,0
60.7964,85.139,2.11763,0.17,0,2.41267,2.64256,0,0.436862,4.47552,4.25838e+06,2.70226e+06,1.0274e+07,0,0,0,0,96.4305,98.274,2.88158,0,1,1.76274,1.53284,0,1.3248,2.1168,8.84977e+06,3.61194e+06,1.55998e+07,0,0,0,0
60.0992,85.139,1.97494,0.17,0,2.4619,2.64334,0,0.452134,4.47552,4.25838e+06,2.70226e+06,1.04837e+07,0,0,0,0,97.2168,98.274,4.20756,0,1,1.71473,1.5333,0,1.36189,2.1168,8.84977e+06,3.61194e+06,1.5175e+07,0,0,0,0
63.8174,85.139,6.64783,0.17,0,2.46314,2.64412,0,0.461361,4.47552,4.25838e+06,2.70226e+06,1.0489e+07,0,0,0,0,99.2635,98.274,7.39884,0,1,1.71473,1.53375,0,1.3248,2.1168,8.84977e+06,3.61194e+06,1.5175e+07,0,0,0,0
65.5988,85.139,4.89675,0.15,0,2.46437,2.6449,0,0.461592,4.47552,4.25838e+06,2.70226e+06,1.04942e+07,0,0,0,0,99.3022,98.274,7.17961,0,1,1.71473,1.5342,0,1.3248,2.1168,8.84977e+06,3.61194e+06,1.5175e+07,0,0,0,0
65.4187,85.139,2.85186,0.15,0,2.72366,2.90374,0,0.461823,4.47552,4.25838e+06,2.70226e+06,1.15984e+07,0,0,0,0,99.3022,98.274,5.03845,0,1,1.89518,1.7151,0,1.3248,2.1168,8.84977e+06,3.61194e+06,1.67719e+07,0,0,0,0
66.2838,85.139,4.16379,0.15,0,2.90459,2.90459,0,0.510413,4.47552,4.25838e+06,2.70226e+06,1.23688e+07,0,0,0,0,99.3022,98.274,4.48474,0,1,1.7156,1.7156,0,1.46421,2.1168,8.84977e+06,3.61194e+06,1.51827e+07,0,0,0,0
66.6365,85.139,3.63202,0.15,0,2.90545,2.90545,0,0.544321,4.47552,4.25838e+06,2.70226e+06,1.23725e+07,0,0,0,0,99.3022,98.274,4.70179,0,1,1.71611,1.71611,0,1.32548,2.1168,8.84977e+06,3.61194e+06,1.51872e+07,0,0,0,0
67.6087,85.139,4.2426,0.15,0,2.90631,2.90631,0,0.544481,4.47552,4.25838e+06,2.70226e+06,1.23762e+07,0,0,0,0,99.3022,98.274,5.09169,0,1,1.71662,1.71662,0,1.32587,2.1168,8.84977e+06,3.61194e+06,1.51917e+07,0,0,0,0
68.6127,85.139,3.98627,0.17,0,2.53866,2.53866,0,0.544642,4.47552,4.25838e+06,2.70226e+06,1.08106e+07,0,0,0,0,99.3022,98.274,5.6817,0,1,1.47468,1.47468,0,1.32626,2.1168,8.84977e+06,3.61194e+06,1.30506e+07,0,0,0,0
74.701,85.139,9.47604,0.13,0,2.29981,2.53941,0,0.475746,4.47552,4.25838e+06,2.70226e+06,9.79348e+06,0,0,0,0,99.3022,98.274,10.8387,0,1,1.71472,1.47512,0,1.13934,2.1168,8.84977e+06,3.61194e+06,1.51748e+07,0,0,0,0
79.6767,85.139,8.42429,0.11,0,2.301,2.54016,0,0.430985,4.47552,4.25838e+06,2.70226e+06,9.79852e+06,0,0,0,0,99.3022,98.274,8.82906,0,1,1.71472,1.47555,0,1.32479,2.1168,8.84977e+06,3.61194e+06,1.51748e+07,0,0,0,0
82.7156,85.139,6.27863,0.08,0,2.30218,2.54091,0,0.431207,4.47552,4.25838e+06,2.70226e+06,9.80357e+06,0,0,0,0,99.3022,98.274,5.7645,0,1,1.71472,1.47599,0,1.32479,2.1168,8.84977e+06,3.61194e+06,1.51748e+07,0,0,0,0
85.0885,85.139,5.4261,0.08,0,2.30337,2.54166,0,0.431429,4.47552,4.25838e+06,2.70226e+06,9.80862e+06,0,0,0,0,99.3022,98.274,4.63125,0,1,1.71472,1.47642,0,1.32479,2.1168,8.84977e+06,3.61194e+06,1.51748e+07,0,0,0,0
85.139,85.139,7.04619,0.09,0,2.39745,2.63531,0,0.431652,4.47552,4.25838e+06,2.70226e+06,1.02092e+07,0,0,0,0,99.3022,98.274,6.56693,0,1,1.77411,1.53626,0,1.32479,2.1168,8.84977e+06,3.61194e+06,1.57005e+07,0,0,0,0
85.139,85.139,8.49603,0.06,0,2.45806,2.63608,0,0.449282,4.47552,4.25838e+06,2.70226e+06,1.04674e+07,0,0,0,0,99.3022,98.274,7.69784,0,1,1.71473,1.53671,0,1.37068,2.1168,8.84977e+06,3.61194e+06,1.5175e+07,0,0,0,0
85.139,85.139,6.91956,0.07,0,2.45929,2.63686,0,0.460641,4.47552,4.25838e+06,2.70226e+06,1.04726e+07,0,0,0,0,99.3022,98.274,5.99116,0,1,1.71473,1.53716,0,1.3248,2.1168,8.84977e+06,3.61194e+06,1.5175e+07,0,0,0,0
85.139,85.139,5.88653,0.07,0,2.46052,2.63764,0,0.460871,4.47552,4.25838e+06,2.70226e+06,1.04778e+07,0,0,0,0,99.3022,98.274,5.49158,0,1,1.71473,1.53762,0,1.3248,2.1168,8.84977e+06,3.61194e+06,1.5175e+07,0,0,0,0
85.139,85.139,5.4544,0.07,0,2.42539,2.60205,0,0.461102,4.47552,4.25838e+06,2.70226e+06,1.03282e+07,0,0,0,0,99.3022,98.274,5.02963,0,1,1.69164,1.51497,0,1.3248,2.1168,8.84977e+06,3.61194e+06,1.49706e+07,0,0,0,0
85.139,85.139,4.29361,0.07,0,2.40352,2.60282,0,0.454518,4.47552,4.25838e+06,2.70226e+06,1.02351e+07,0,0,0,0,99.3022,98.274,3.99418,0,1,1.71473,1.51542,0,1.30696,2.1168,8.84977e+06,3.61194e+06,1.51749e+07,0,0,0,0
85.139,85.139,3.86235,0.07,0,2.40473,2.60359,0,0.450419,4.47552,4.25838e+06,2.70226e+06,1.02402e+07,0,0,0,0,99.3022,98.274,4.17551,0,1,1.71473,1.51587,0,1.3248,2.1168,8.84977e+06,3.61194e+06,1.51749e+07,0,0,0,0
85.139,85.139,4.14369,0.07,0,2.40595,2.60436,0,0.450646,4.47552,4.25838e+06,2.70226e+06,1.02454e+07,0,0,0,0,99.3022,98.274,5.31685,0,1,1.71473,1.51631,0,1.3248,2.1168,8.84977e+06,3.61194e+06,1.51749e+07,0,0,0,0
85.139,85.139,3.57658,0.07,0,2.53074,2.72871,0,0.450874,4.47552,4.25838e+06,2.70226e+06,1.07768e+07,0,0,0,0,99.3022,98.274,4.6166,0,1,1.79673,1.59877,0,1.3248,2.1168,8.84977e+06,3.61194e+06,1.59007e+07,0,0,0,0
85.139,85.139,3.42466,0.06,0,2.614,2.72951,0,0.474261,4.47552,4.25838e+06,2.70226e+06,1.11314e+07,0,0,0,0,99.3022,98.274,4.09981,0,1,1.71475,1.59924,0,1.38815,2.1168,8.84977e+06,3.61194e+06,1.51752e+07,0,0,0,0
85.139,85.139,3.2048,0.05,0,2.61527,2.73031,0,0.489863,4.47552,4.25838e+06,2.70226e+06,1.11368e+07,0,0,0,0,99.3022,98.274,3.66198,0,1,1.71475,1.59971,0,1.32482,2.1168,8.84977e+06,3.61194e+06,1.51752e+07,0,0,0,0
85.139,85.139,3.15122,0.05,0,2.61655,2.73112,0,0.490102,4.47552,4.25838e+06,2.70226e+06,1.11422e+07,0,0,0,0,99.3022,98.274,3.72323,0,1,1.71475,1.60018,0,1.32482,2.1168,8.84977e+06,3.61194e+06,1.51752e+07,0,0,0,0
85.0285,85.139,2.83762,0.04,0,2.61783,2.73193,0,0.490341,4.47552,4.25838e+06,2.70226e+06,1.11477e+07,0,0,0,0,99.3022,98.274,3.64107,0,1,1.71475,1.60065,0,1.32482,2.1168,8.84977e+06,3.61194e+06,1.51752e+07,0,0,0,0
84.6748,85.139,2.52291,0.06,0,2.59463,2.70826,0,0.490581,4.47552,4.25838e+06,2.70226e+06,1.10489e+07,0,0,0,0,99.3022,98.274,3.54272,0,1,1.75989,1.64626,0,1.32482,2.1168,8.84977e+06,3.61194e+06,1.55746e+07,0,0,0,0
84.0015,85.139,2.18331,0.05,0,2.64104,2.70905,0,0.486233,4.47552,4.25838e+06,2.70226e+06,1.12465e+07,0,0,0,0,99.3022,98.274,3.17185,0,1,1.71477,1.64675,0,1.35969,2.1168,8.84977e+06,3.61194e+06,1.51753e+07,0,0,0,0
83.1582,85.139,1.99452,0.05,0,2.64232,2.70985,0,0.49493,4.47552,4.25838e+06,2.70226e+06,1.1252e+07,0,0,0,0,99.3022,98.274,3.04256,0,1,1.71477,1.64723,0,1.32483,2.1168,8.84977e+06,3.61194e+06,1.51753e+07,0,0,0,0
82.2591,85.139,1.92131,0.04,0,2.6436,2.71065,0,0.495171,4.47552,4.25838e+06,2.70226e+06,1.12575e+07,0,0,0,0,99.2618,98.274,2.7461,0,1,1.71477,1.64772,0,1.32483,2.1168,8.84977e+06,3.61194e+06,1.51753e+07,0,0,0,0
81.1985,85.139,1.7863,0.04,0,2.70817,2.77473,0,0.495411,4.47552,4.25838e+06,2.70226e+06,1.15324e+07,0,0,0,0,99.1325,98.274,2.58207,0,1,1.75504,1.68848,0,1.32483,2.1168,8.84977e+06,3.61194e+06,1.55317e+07,0,0,0,0
79.992,85.139,1.67364,0.04,0,2.74975,2.77555,0,0.507511,4.47552,4.25838e+06,2.70226e+06,1.17094e+07,0,0,0,0,99.0237,98.274,2.5914,0,1,1.71478,1.68898,0,1.35594,2.1168,8.84977e+06,3.61194e+06,1.51754e+07,0,0,0,0
78.6855,85.139,1.54702,0.04,0,2.75106,2.77637,0,0.515302,4.47552,4.25838e+06,2.70226e+06,1.17151e+07,0,0,0,0,98.8284,98.274,2.64091,0,1,1.71478,1.68947,0,1.32484,2.1168,8.84977e+06,3.61194e+06,1.51754e+07,0,0,0,0
77.278,85.139,1.43424,0.05,0,2.75238,2.77718,0,0.515549,4.47552,4.25838e+06,2.70226e+06,1.17207e+07,0,0,0,0,98.5926,98.274,2.34503,0,1,1.71478,1.68997,0,1.32484,2.1168,8.84977e+06,3.61194e+06,1.51754e+07,0,0,0,0
75.7576,85.139,1.45833,0.05,0,2.93922,2.96353,0,0.515795,4.47552,4.25838e+06,2.70226e+06,1.25163e+07,0,0,0,0,98.3234,98.274,2.67352,0,1,1.86032,1.83601,0,1.32484,2.1168,8.84977e+06,3.61194e+06,1.64634e+07,0,0,0,0
73.7559,85.139,0.95837,0.06,0,2.96441,2.96441,0,0.55081,4.47552,4.25838e+06,2.70226e+06,1.26236e+07,0,0,0,0,97.7853,98.274,2.00919,0,1,1.83655,1.83655,0,1.43728,2.1168,8.84977e+06,3.61194e+06,1.62531e+07,0,0,0,0
71.4723,85.139,0.646477,0.08,0,2.96528,2.96528,0,0.55553,4.47552,4.25838e+06,2.70226e+06,1.26273e+07,0,0,0,0,97.2411,98.274,1.59322,0,1,1.83709,1.83709,0,1.41892,2.1168,8.84977e+06,3.61194e+06,1.62579e+07,0,0,0,0
69.2569,85.139,0.695095,0.08,0,2.96615,2.96615,0,0.555693,4.47552,4.25838e+06,2.70226e+06,1.2631e+07,0,0,0,0,96.8973,98.274,1.61704,0,1,1.83763,1.83763,0,1.41934,2.1168,8.84977e+06,3.61194e+06,1.62626e+07,0,0,0,0
67.3959,85.139,1.07727,0.09,0,2.96703,2.96703,0,0.555857,4.47552,4.25838e+06,2.70226e+06,1.26347e+07,0,0,0,0,96.4342,98.274,1.91155,0,1,1.83818,1.83818,0,1.41976,2.1168,8.84977e+06,3.61194e+06,1.62674e+07,0,0,0,0
66.043,85.139,1.5365,0.11,0,2.87735,2.87735,0,0.556021,4.47552,4.25838e+06,2.70226e+06,1.22528e+07,0,0,0,0,96.2662,98.274,1.92824,0,1,1.75025,1.75025,0,1.42017,2.1168,8.84977e+06,3.61194e+06,1.54893e+07,0,0,0,0
64.4538,85.139,1.33907,0.11,0,2.87819,2.87819,0,0.539215,4.47552,4.25838e+06,2.70226e+06,1.22564e+07,0,0,0,0,96.2971,98.274,2.17395,0,1,1.75076,1.75076,0,1.35224,2.1168,8.84977e+06,3.61194e+06,1.54939e+07,0,0,0,0
63.032,85.139,1.50564,0.11,0,2.87904,2.87904,0,0.539373,4.47552,4.25838e+06,2.70226e+06,1.226e+07,0,0,0,0,96.5999,98.274,3.00999,0,1,1.75128,1.75128,0,1.35264,2.1168,8.84977e+06,3.61194e+06,1.54984e+07,0,0,0,0
61.47,85.139,1.33456,0.11,0,2.87989,2.87989,0,0.539532,4.47552,4.25838e+06,2.70226e+06,1.22636e+07,0,0,0,0,96.69,98.274,2.38998,0,1,1.7518,1.7518,0,1.35304,2.1168,8.84977e+06,3.61194e+06,1.5503e+07,0,0,0,0
60.3419,85.139,1.75193,0.12,0,2.80632,2.80632,0,0.539691,4.47552,4.25838e+06,2.70226e+06,1.19504e+07,0,0,0,0,97.1962,98.274,3.74482,0,1,1.67169,1.67169,0,1.35344,2.1168,8.84977e+06,3.61194e+06,1.47941e+07,0,0,0,0
59.5817,85.139,2.12184,0.13,0,2.76455,2.80715,0,0.525904,4.47552,4.25838e+06,2.70226e+06,1.17725e+07,0,0,0,0,97.5924,98.274,3.03016,0,1,1.71477,1.67218,0,1.29155,2.1168,8.84977e+06,3.61194e+06,1.51753e+07,0,0,0,0
59.7365,85.139,3.02655,0.12,0,2.76587,2.80797,0,0.518077,4.47552,4.25838e+06,2.70226e+06,1.17781e+07,0,0,0,0,98.1166,98.274,3.11556,0,1,1.71477,1.67267,0,1.32483,2.1168,8.84977e+06,3.61194e+06,1.51753e+07,0,0,0,0
60.1249,85.139,3.3545,0.13,0,2.76719,2.8088,0,0.518324,4.47552,4.25838e+06,2.70226e+06,1.17837e+07,0,0,0,0,98.5357,98.274,3.14847,0,1,1.71477,1.67316,0,1.32483,2.1168,8.84977e+06,3.61194e+06,1.51753e+07,0,0,0,0
61.122,85.139,3.87518,0.13,0,2.55691,2.59803,0,0.518572,4.47552,4.25838e+06,2.70226e+06,1.08883e+07,0,0,0,0,99.3022,98.274,4.23963,0,1,1.54666,1.50554,0,1.32483,2.1168,8.84977e+06,3.61194e+06,1.36876e+07,0,0,0,0
61.8418,85.139,3.48064,0.13,0,2.39006,2.59879,0,0.479166,4.47552,4.25838e+06,2.70226e+06,1.01778e+07,0,0,0,0,99.3022,98.274,3.47093,0,1,1.71472,1.50599,0,1.19495,2.1168,8.84977e+06,3.61194e+06,1.51749e+07,0,0,0,0
62.5583,85.139,3.50453,0.14,0,2.39127,2.59956,0,0.447897,4.47552,4.25838e+06,2.70226e+06,1.01829e+07,0,0,0,0,99.2705,98.274,3.02011,0,1,1.71472,1.50643,0,1.3248,2.1168,8.84977e+06,3.61194e+06,1.51749e+07,0,0,0,0
63.1424,85.139,3.298,0.13,0,2.39247,2.60032,0,0.448123,4.47552,4.25838e+06,2.70226e+06,1.01881e+07,0,0,0,0,99.0589,98.274,2.88302,0,1,1.71472,1.50687,0,1.3248,2.1168,8.84977e+06,3.61194e+06,1.51749e+07,0,0,0,0
63.7078,85.139,3.3232,0.13,0,2.39368,2.60109,0,0.44835,4.47552,4.25838e+06,2.70226e+06,1.01932e+07,0,0,0,0,99.3022,98.274,2.57669,0,1,1.71472,1.50732,0,1.3248,2.1168,8.84977e+06,3.61194e+06,1.51749e+07,0,0,0,0
65.242,85.139,4.40566,0.13,0,2.47638,2.68335,0,0.448576,4.47552,4.25838e+06,2.70226e+06,1.05454e+07,0,0,0,0,99.3022,98.274,3.56471,0,1,1.76346,1.5565,0,1.3248,2.1168,8.84977e+06,3.61194e+06,1.56063e+07,0,0,0,0
66.5535,85.139,4.23359,0.14,0.02,2.52633,2.68411,0,0.464074,4.47552,4.25838e+06,2.70226e+06,1.07581e+07,0,0,0,0,99.3022,98.274,3.99609,0,1,1.71472,1.55694,0,1.36245,2.1168,8.84977e+06,3.61194e+06,1.51749e+07,0,0,0,0
67.0489,85.139,3.44089,0.13,0.02,2.52753,2.68487,0,0.473434,4.47552,4.25838e+06,2.70226e+06,1.07632e+07,0,0,0,0,99.3022,98.274,3.18083,0,1,1.71472,1.55738,0,1.32479,2.1168,8.84977e+06,3.61194e+06,1.51749e+07,0,0,0,0
69.7231,85.139,5.65854,0.14,0.02,2.52873,2.68563,0,0.473659,4.47552,4.25838e+06,2.70226e+06,1.07683e+07,0,0,0,0,99.3022,98.274,8.4295,0,1,1.71472,1.55783,0,1.32479,2.1168,8.84977e+06,3.61194e+06,1.51749e+07,0,0,0,0
72.5059,85.139,6.0466,0.12,0.02,2.79196,2.94841,0,0.473884,4.47552,4.25838e+06,2.70226e+06,1.18892e+07,0,0,0,0,99.3022,98.274,7.35841,0,1,1.89794,1.74149,0,1.32479,2.1168,8.84977e+06,3.61194e+06,1.67963e+07,0,0,0,0
75.3038,85.139,6.23548,0.11,0.02,2.94925,2.94925,0,0.523213,4.47552,4.25838e+06,2.70226e+06,1.2559e+07,0,0,0,0,99.3022,98.274,8.92919,0,1,1.74198,1.74198,0,1.46635,2.1168,8.84977e+06,3.61194e+06,1.54161e+07,0,0,0,0
78.0447,85.139,6.23732,0.08,0.02,2.95008,2.95008,0,0.552689,4.47552,4.25838e+06,2.70226e+06,1.25626e+07,0,0,0,0,99.3022,98.274,8.64216,0,1,1.74247,1.74247,0,1.34585,2.1168,8.84977e+06,3.61194e+06,1.54205e+07,0,0,0,0
81.4878,85.139,6.95634,0.09,0.02,2.95092,2.95092,0,0.552846,4.47552,4.25838e+06,2.70226e+06,1.25661e+07,0,0,0,0,99.3022,98.274,8.41259,0,1,1.74297,1.74297,0,1.34623,2.1168,8.84977e+06,3.61194e+06,1.54249e+07,0,0,0,0
83.6708,85.139,5.45604,0.06,0.02,2.5776,2.5776,0,0.553002,4.47552,4.25838e+06,2.70226e+06,1.09764e+07,0,0,0,0,99.3022,98.274,7.56053,0,1,1.4973,1.4973,0,1.34662,2.1168,8.84977e+06,3.61194e+06,1.32508e+07,0,0,0,0
85.139,85.139,5.96651,0.06,0.02,2.36135,2.57833,0,0.483042,4.47552,4.25838e+06,2.70226e+06,1.00555e+07,0,0,0,0,99.3022,98.274,6.71519,0,1,1.7147,1.49772,0,1.15681,2.1168,8.84977e+06,3.61194e+06,1.51747e+07,0,0,0,0
85.139,85.139,6.76991,0.04,0.02,2.36251,2.57906,0,0.442517,4.47552,4.25838e+06,2.70226e+06,1.00604e+07,0,0,0,0,99.3022,98.274,7.97349,0,1,1.7147,1.49815,0,1.32478,2.1168,8.84977e+06,3.61194e+06,1.51747e+07,0,0,0,0
85.139,85.139,10.2112,0.04,0.02,2.36366,2.57979,0,0.442733,4.47552,4.25838e+06,2.70226e+06,1.00654e+07,0,0,0,0,99.3022,98.274,12.3683,0,1,1.7147,1.49857,0,1.32478,2.1168,8.84977e+06,3.61194e+06,1.51747e+07,0,0,0,0
85.139,85.139,13.0782,0.05,0.02,2.36481,2.58052,0,0.44295,4.47552,4.25838e+06,2.70226e+06,1.00703e+07,0,0,0,0,99.3022,98.274,15.2007,0,1,1.7147,1.499,0,1.32478,2.1168,8.84977e+06,3.61194e+06,1.51747e+07,0,0,0,0
85.139,85.139,6.2281,0.06,0.02,2.46028,2.67557,0,0.443166,4.47552,4.25838e+06,2.70226e+06,1.04768e+07,0,0,0,0,99.3022,98.274,7.02793,0,1,1.77501,1.55973,0,1.32478,2.1168,8.84977e+06,3.61194e+06,1.57084e+07,0,0,0,0
85.139,85.139,7.05321,0.07,0.02,2.52177,2.67632,0,0.461057,4.47552,4.25838e+06,2.70226e+06,1.07386e+07,0,0,0,0,99.3022,98.274,6.78827,0,1,1.71472,1.56017,0,1.37137,2.1168,8.84977e+06,3.61194e+06,1.51749e+07,0,0,0,0
85.139,85.139,5.78504,0.07,0.02,2.52297,2.67708,0,0.47258,4.47552,4.25838e+06,2.70226e+06,1.07438e+07,0,0,0,0,99.3022,98.274,5.46257,0,1,1.71472,1.56061,0,1.32479,2.1168,8.84977e+06,3.61194e+06,1.51749e+07,0,0,0,0
85.139,85.139,4.2836,0.06,0.02,2.52417,2.67784,0,0.472805,4.47552,4.25838e+06,2.70226e+06,1.07489e+07,0,0,0,0,99.3022,98.274,4.31332,0,1,1.71472,1.56105,0,1.32479,2.1168,8.84977e+06,3.61194e+06,1.51749e+07,0,0,0,0
85.139,85.139,3.92769,0.06,0.02,2.48845,2.64168,0,0.473029,4.47552,4.25838e+06,2.70226e+06,1.05968e+07,0,0,0,0,99.3022,98.274,3.90223,0,1,1.69127,1.53804,0,1.32479,2.1168,8.84977e+06,3.61194e+06,1.49674e+07,0,0,0,0
85.139,85.139,4.76272,0.06,0.02,2.46619,2.64243,0,0.466336,4.47552,4.25838e+06,2.70226e+06,1.0502e+07,0,0,0,0,99.3022,98.274,4.93292,0,1,1.71472,1.53848,0,1.30668,2.1168,8.84977e+06,3.61194e+06,1.51748e+07,0,0,0,0
85.139,85.139,3.95265,0.06,0.02,2.46738,2.64318,0,0.462165,4.47552,4.25838e+06,2.70226e+06,1.0507e+07,0,0,0,0,99.3022,98.274,4.50068,0,1,1.71472,1.53892,0,1.32479,2.1168,8.84977e+06,3.61194e+06,1.51748e+07,0,0,0,0
85.139,85.139,3.57881,0.06,0.02,2.46856,2.64392,0,0.462386,4.47552,4.25838e+06,2.70226e+06,1.05121e+07,0,0,0,0,99.3022,98.274,3.60451,0,1,1.71472,1.53935,0,1.32479,2.1168,8.84977e+06,3.61194e+06,1.51748e+07,0,0,0,0
85.139,85.139,4.40843,0.06,0.02,2.5952,2.77013,0,0.462608,4.47552,4.25838e+06,2.70226e+06,1.10513e+07,0,0,0,0,99.3022,98.274,4.00162,0,1,1.79796,1.62304,0,1.32479,2.1168,8.84977e+06,3.61194e+06,1.59116e+07,0,0,0,0
85.139,85.139,3.58881,0.06,0.02,2.67967,2.77091,0,0.48634,4.47552,4.25838e+06,2.70226e+06,1.1411e+07,0,0,0,0,99.3022,98.274,4.11257,0,1,1.71474,1.6235,0,1.38911,2.1168,8.84977e+06,3.61194e+06,1.51751e+07,0,0,0,0
85.139,85.139,3.30991,0.04,0.02,2.68091,2.7717,0,0.50217,4.47552,4.25838e+06,2.70226e+06,1.14163e+07,0,0,0,0,99.3022,98.274,3.71905,0,1,1.71474,1.62395,0,1.32481,2.1168,8.84977e+06,3.61194e+06,1.51751e+07,0,0,0,0
85.139,85.139,3.05944,0.04,0.02,2.68216,2.77248,0,0.502403,4.47552,4.25838e+06,2.70226e+06,1.14216e+07,0,0,0,0,99.3022,98.274,3.7328,0,1,1.71474,1.62441,0,1.32481,2.1168,8.84977e+06,3.61194e+06,1.51751e+07,0,0,0,0
85.139,85.139,2.96154,0.04,0.02,2.6834,2.77326,0,0.502636,4.47552,4.25838e+06,2.70226e+06,1.14269e+07,0,0,0,0,99.3022,98.274,3.69315,0,1,1.71474,1.62487,0,1.32481,2.1168,8.84977e+06,3.61194e+06,1.51751e+07,0,0,0,0
84.7922,85.139,2.50428,0.02,0.02,2.6598,2.7492,0,0.502869,4.47552,4.25838e+06,2.70226e+06,1.13264e+07,0,0,0,0,99.3022,98.274,3.26122,0,1,1.76056,1.67115,0,1.32481,2.1168,8.84977e+06,3.61194e+06,1.55806e+07,0,0,0,0
83.8832,85.139,1.96066,0.04,0.02,2.70686,2.74998,0,0.498446,4.47552,4.25838e+06,2.70226e+06,1.15268e+07,0,0,0,0,99.286,98.274,2.90679,0,1,1.71475,1.67163,0,1.36021,2.1168,8.84977e+06,3.61194e+06,1.51752e+07,0,0,0,0
82.8117,85.139,1.79309,0.03,0.02,2.70811,2.75076,0,0.507265,4.47552,4.25838e+06,2.70226e+06,1.15321e+07,0,0,0,0,99.2635,98.274,2.89345,0,1,1.71475,1.6721,0,1.32482,2.1168,8.84977e+06,3.61194e+06,1.51752e+07,0,0,0,0
81.5836,85.139,1.62169,0.02,0.02,2.70936,2.75154,0,0.507499,4.47552,4.25838e+06,2.70226e+06,1.15375e+07,0,0,0,0,99.195,98.274,2.58842,0,1,1.71475,1.67257,0,1.32482,2.1168,8.84977e+06,3.61194e+06,1.51752e+07,0,0,0,0
80.2629,85.139,1.54105,0.02,0.02,2.77484,2.81655,0,0.507734,4.47552,4.25838e+06,2.70226e+06,1.18163e+07,0,0,0,0,99.0037,98.274,2.55263,0,1,1.75563,1.71393,0,1.32482,2.1168,8.84977e+06,3.61194e+06,1.5537e+07,0,0,0,0
79.0453,85.139,1.68129,0.02,0.02,2.81699,2.81735,0,0.520005,4.47552,4.25838e+06,2.70226e+06,1.19958e+07,0,0,0,0,98.8426,98.274,2.48197,0,1,1.71476,1.71441,0,1.3564,2.1168,8.84977e+06,3.61194e+06,1.51753e+07,0,0,0,0
77.8505,85.139,1.7151,0.04,0.02,2.81814,2.81814,0,0.527905,4.47552,4.25838e+06,2.70226e+06,1.20007e+07,0,0,0,0,98.6495,98.274,2.67764,0,1,1.7149,1.7149,0,1.32483,2.1168,8.84977e+06,3.61194e+06,1.51764e+07,0,0,0,0
76.56,85.139,1.59311,0.04,0.02,2.81894,2.81894,0,0.52812,4.47552,4.25838e+06,2.70226e+06,1.20041e+07,0,0,0,0,98.4192,98.274,2.57705,0,1,1.71538,1.71538,0,1.32493,2.1168,8.84977e+06,3.61194e+06,1.51807e+07,0,0,0,0
74.9852,85.139,1.45053,0.04,0.02,3.00806,3.00806,0,0.528269,4.47552,4.25838e+06,2.70226e+06,1.28094e+07,0,0,0,0,98.0727,98.274,2.25486,0,1,1.8636,1.8636,0,1.3253,2.1168,8.84977e+06,3.61194e+06,1.64924e+07,0,0,0,0
73.4389,85.139,1.47752,0.04,0.02,3.00891,3.00891,0,0.56371,4.47552,4.25838e+06,2.70226e+06,1.28131e+07,0,0,0,0,97.7331,98.274,2.66358,0,1,1.86412,1.86412,0,1.43981,2.1168,8.84977e+06,3.61194e+06,1.64971e+07,0,0,0,0
71.9077,85.139,1.50892,0.07,0.02,3.00976,3.00976,0,0.563869,4.47552,4.25838e+06,2.70226e+06,1.28167e+07,0,0,0,0,97.3979,98.274,2.59311,0,1,1.86465,1.86465,0,1.44022,2.1168,8.84977e+06,3.61194e+06,1.65017e+07,0,0,0,0
70.0881,85.139,1.21082,0.07,0.02,3.01061,3.01061,0,0.564028,4.47552,4.25838e+06,2.70226e+06,1.28203e+07,0,0,0,0,96.93,98.274,1.88504,0,1,1.86518,1.86518,0,1.44063,2.1168,8.84977e+06,3.61194e+06,1.65064e+07,0,0,0,0
68.5535,85.139,1.4715,0.07,0.02,3.01146,3.01146,0,0.564188,4.47552,4.25838e+06,2.70226e+06,1.28239e+07,0,0,0,0,96.7052,98.274,3.25833,0,1,1.8657,1.8657,0,1.44104,2.1168,8.84977e+06,3.61194e+06,1.65111e+07,0,0,0,0
67.016,85.139,1.41498,0.08,0.02,2.9204,2.9204,0,0.564347,4.47552,4.25838e+06,2.70226e+06,1.24362e+07,0,0,0,0,96.5198,98.274,2.63208,0,1,1.77644,1.77644,0,1.44144,2.1168,8.84977e+06,3.61194e+06,1.57211e+07,0,0,0,0
65.6245,85.139,1.62411,0.11,0.02,2.92123,2.92123,0,0.547283,4.47552,4.25838e+06,2.70226e+06,1.24397e+07,0,0,0,0,96.4834,98.274,2.74687,0,1,1.77694,1.77694,0,1.37248,2.1168,8.84977e+06,3.61194e+06,1.57255e+07,0,0,0,0
63.9716,85.139,1.33811,0.11,0.02,2.92205,2.92205,0,0.547438,4.47552,4.25838e+06,2.70226e+06,1.24432e+07,0,0,0,0,96.3306,98.274,2.4124,0,1,1.77744,1.77744,0,1.37286,2.1168,8.84977e+06,3.61194e+06,1.573e+07,0,0,0,0
62.731,85.139,1.7452,0.1,0.02,2.92288,2.92288,0,0.547593,4.47552,4.25838e+06,2.70226e+06,1.24467e+07,0,0,0,0,96.3383,98.274,2.93431,0,1,1.77795,1.77795,0,1.37325,2.1168,8.84977e+06,3.61194e+06,1.57344e+07,0,0,0,0
62.3126,85.139,2.52968,0.1,0.02,2.84818,2.84818,0,0.547747,4.47552,4.25838e+06,2.70226e+06,1.21286e+07,0,0,0,0,96.371,98.274,3.63743,0,1,1.69662,1.69662,0,1.37364,2.1168,8.84977e+06,3.61194e+06,1.50147e+07,0,0,0,0
61.1773,85.139,1.85157,0.12,0.02,2.83132,2.84898,0,0.533748,4.47552,4.25838e+06,2.70226e+06,1.20568e+07,0,0,0,0,96.3682,98.274,1.8456,0,1,1.71476,1.6971,0,1.31081,2.1168,8.84977e+06,3.61194e+06,1.51752e+07,0,0,0,0
61.8844,85.139,3.71772,0.11,0.02,2.83261,2.84979,0,0.53059,4.47552,4.25838e+06,2.70226e+06,1.20623e+07,0,0,0,0,96.6884,98.274,3.11724,0,1,1.71476,1.69758,0,1.32482,2.1168,8.84977e+06,3.61194e+06,1.51752e+07,0,0,0,0
66.5868,85.139,7.9219,0.11,0.02,2.83389,2.85059,0,0.530831,4.47552,4.25838e+06,2.70226e+06,1.20678e+07,0,0,0,0,98.0337,98.274,6.8652,0,1,1.71476,1.69806,0,1.32482,2.1168,8.84977e+06,3.61194e+06,1.51752e+07,0,0,0,0
70.1451,85.139,6.51023,0.1,0.02,2.62043,2.63665,0,0.531071,4.47552,4.25838e+06,2.70226e+06,1.11588e+07,0,0,0,0,99.0944,98.274,5.0444,0,1,1.54415,1.52793,0,1.32482,2.1168,8.84977e+06,3.61194e+06,1.36654e+07,0,0,0,0
72.6188,85.139,5.39949,0.1,0.02,2.45105,2.6374,0,0.491069,4.47552,4.25838e+06,2.70226e+06,1.04375e+07,0,0,0,0,99.3022,98.274,5.00968,0,1,1.71471,1.52836,0,1.19301,2.1168,8.84977e+06,3.61194e+06,1.51748e+07,0,0,0,0
80.2708,85.139,11.1542,0.09,0.02,2.45222,2.63814,0,0.459326,4.47552,4.25838e+06,2.70226e+06,1.04425e+07,0,0,0,0,99.3022,98.274,6.85689,0,1,1.71471,1.52879,0,1.32479,2.1168,8.84977e+06,3.61194e+06,1.51748e+07,0,0,0,0
85.139,85.139,8.62917,0.05,0.02,2.4534,2.63889,0,0.459547,4.47552,4.25838e+06,2.70226e+06,1.04475e+07,0,0,0,0,99.3022,98.274,7.74383,0,1,1.71471,1.52922,0,1.32479,2.1168,8.84977e+06,3.61194e+06,1.51748e+07,0,0,0,0
85.139,85.139,7.33386,0.04,0.02,2.45458,2.63963,0,0.459767,4.47552,4.25838e+06,2.70226e+06,1.04525e+07,0,0,0,0,99.3022,98.274,5.14354,0,1,1.71471,1.52965,0,1.32479,2.1168,8.84977e+06,3.61194e+06,1.51748e+07,0,0,0,0
85.139,85.139,13.6669,0.05,0.02,2.45501,2.63963,0,0.459988,4.47552,4.25838e+06,2.70226e+06,1.04544e+07,0,0,0,0,99.3022,98.274,9.88712,0,1,1.71428,1.52965,0,1.32479,2.1168,8.84977e+06,3.61194e+06,1.5171e+07,0,0,0,0
85.139,85.139,5.41268,0.09,0.02,2.53845,2.72308,0,0.460069,4.47552,4.25838e+06,2.70226e+06,1.08097e+07,0,0,0,0,99.3022,98.274,6.90801,0,1,1.76418,1.57955,0,1.32445,2.1168,8.84977e+06,3.61194e+06,1.56126e+07,0,0,0,0
85.139,85.139,5.64696,0.09,0.02,2.58909,2.72382,0,0.475706,4.47552,4.25838e+06,2.70226e+06,1.10253e+07,0,0,0,0,99.3022,98.274,6.65693,0,1,1.71471,1.57998,0,1.363,2.1168,8.84977e+06,3.61194e+06,1.51748e+07,0,0,0,0
85.139,85.139,5.45664,0.09,0.02,2.59026,2.72456,0,0.485195,4.47552,4.25838e+06,2.70226e+06,1.10303e+07,0,0,0,0,99.3022,98.274,7.09396,0,1,1.71471,1.58041,0,1.32478,2.1168,8.84977e+06,3.61194e+06,1.51748e+07,0,0,0,0
85.139,85.139,5.22082,0.08,0.02,2.59143,2.7253,0,0.485414,4.47552,4.25838e+06,2.70226e+06,1.10353e+07,0,0,0,0,99.3022,98.274,7.135,0,1,1.71471,1.58084,0,1.32478,2.1168,8.84977e+06,3.61194e+06,1.51748e+07,0,0,0,0
85.139,85.139,8.41437,0.08,0.02,2.85849,2.99193,0,0.485633,4.47552,4.25838e+06,2.70226e+06,1.21725e+07,0,0,0,0,99.3022,98.274,10.3047,0,1,1.90063,1.76719,0,1.32478,2.1168,8.84977e+06,3.61194e+06,1.68202e+07,0,0,0,0
85.139,85.139,10.0753,0.08,0.02,2.99274,2.99274,0,0.53568,4.47552,4.25838e+06,2.70226e+06,1.27442e+07,0,0,0,0,99.3022,98.274,13.705,0,1,1.76767,1.76767,0,1.46843,2.1168,8.84977e+06,3.61194e+06,1.56435e+07,0,0,0,0
85.139,85.139,5.51193,0.08,0.02,2.99356,2.99356,0,0.56084,4.47552,4.25838e+06,2.70226e+06,1.27477e+07,0,0,0,0,99.3022,98.274,7.75183,0,1,1.76815,1.76815,0,1.3657,2.1168,8.84977e+06,3.61194e+06,1.56477e+07,0,0,0,0
85.139,85.139,4.17268,0.08,0.02,2.99437,2.99437,0,0.560992,4.47552,4.25838e+06,2.70226e+06,1.27511e+07,0,0,0,0,99.3022,98.274,6.23093,0,1,1.76863,1.76863,0,1.36607,2.1168,8.84977e+06,3.61194e+06,1.5652e+07,0,0,0,0
85.139,85.139,4.05653,0.08,0.02,2.61552,2.61552,0,0.561145,4.47552,4.25838e+06,2.70226e+06,1.11379e+07,0,0,0,0,99.3022,98.274,5.31687,0,1,1.51933,1.51933,0,1.36644,2.1168,8.84977e+06,3.61194e+06,1.34457e+07,0,0,0,0
85.139,85.139,3.75887,0.08,0.02,2.42128,2.61623,0,0.490149,4.47552,4.25838e+06,2.70226e+06,1.03107e+07,0,0,0,0,99.3022,98.274,4.83291,0,1,1.71469,1.51974,0,1.17383,2.1168,8.84977e+06,3.61194e+06,1.51746e+07,0,0,0,0
85.139,85.139,6.95248,0.08,0.02,2.4224,2.61694,0,0.453748,4.47552,4.25838e+06,2.70226e+06,1.03155e+07,0,0,0,0,99.3022,98.274,8.30919,0,1,1.71469,1.52015,0,1.32477,2.1168,8.84977e+06,3.61194e+06,1.51746e+07,0,0,0,0
85.139,85.139,6.76544,0.08,0.02,2.42353,2.61765,0,0.453958,4.47552,4.25838e+06,2.70226e+06,1.03203e+07,0,0,0,0,99.3022,98.274,9.74236,0,1,1.71469,1.52057,0,1.32477,2.1168,8.84977e+06,3.61194e+06,1.51746e+07,0,0,0,0
85.139,85.139,4.85917,0.08,0.02,2.42465,2.61836,0,0.454169,4.47552,4.25838e+06,2.70226e+06,1.03251e+07,0,0,0,0,99.3022,98.274,6.32415,0,1,1.71469,1.52098,0,1.32477,2.1168,8.84977e+06,3.61194e+06,1.51746e+07,0,0,0,0
85.139,85.139,4.31307,0.08,0.02,2.52147,2.71477,0,0.454379,4.47552,4.25838e+06,2.70226e+06,1.07374e+07,0,0,0,0,99.3022,98.274,4.66439,0,1,1.77588,1.58258,0,1.32477,2.1168,8.84977e+06,3.61194e+06,1.57162e+07,0,0,0,0
85.139,85.139,4.87423,0.08,0.02,2.58381,2.71551,0,0.472523,4.47552,4.25838e+06,2.70226e+06,1.10028e+07,0,0,0,0,99.3022,98.274,7.79026,0,1,1.71471,1.58301,0,1.37205,2.1168,8.84977e+06,3.61194e+06,1.51748e+07,0,0,0,0
85.139,85.139,3.33514,0.08,0.02,2.58497,2.71624,0,0.484205,4.47552,4.25838e+06,2.70226e+06,1.10078e+07,0,0,0,0,99.3022,98.274,4.1504,0,1,1.71471,1.58344,0,1.32478,2.1168,8.84977e+06,3.61194e+06,1.51748e+07,0,0,0,0
85.139,85.139,3.09531,0.07,0.02,2.58614,2.71698,0,0.484424,4.47552,4.25838e+06,2.70226e+06,1.10128e+07,0,0,0,0,99.3022,98.274,3.90153,0,1,1.71471,1.58387,0,1.32478,2.1168,8.84977e+06,3.61194e+06,1.51748e+07,0,0,0,0
85.139,85.139,3.68208,0.06,0.02,2.54985,2.68026,0,0.484643,4.47552,4.25838e+06,2.70226e+06,1.08582e+07,0,0,0,0,99.3022,98.274,5.0898,0,1,1.69092,1.56051,0,1.32478,2.1168,8.84977e+06,3.61194e+06,1.49642e+07,0,0,0,0
85.139,85.139,2.99238,0.06,0.02,2.52722,2.68099,0,0.477842,4.47552,4.25838e+06,2.70226e+06,1.07618e+07,0,0,0,0,99.3022,98.274,4.22918,0,1,1.7147,1.56093,0,1.3064,2.1168,8.84977e+06,3.61194e+06,1.51747e+07,0,0,0,0
84.8908,85.139,2.57087,0.06,0.02,2.52837,2.68172,0,0.4736,4.47552,4.25838e+06,2.70226e+06,1.07667e+07,0,0,0,0,99.3022,98.274,3.6878,0,1,1.7147,1.56135,0,1.32478,2.1168,8.84977e+06,3.61194e+06,1.51747e+07,0,0,0,0
84.3982,85.139,2.29219,0.09,0.02,2.52952,2.68244,0,0.473816,4.47552,4.25838e+06,2.70226e+06,1.07716e+07,0,0,0,0,99.3022,98.274,3.3476,0,1,1.7147,1.56178,0,1.32478,2.1168,8.84977e+06,3.61194e+06,1.51747e+07,0,0,0,0
83.9039,85.139,2.38594,0.08,0.02,2.65795,2.81045,0,0.474032,4.47552,4.25838e+06,2.70226e+06,1.13186e+07,0,0,0,0,99.3022,98.274,3.44778,0,1,1.79916,1.64666,0,1.32478,2.1168,8.84977e+06,3.61194e+06,1.59222e+07,0,0,0,0
83.3153,85.139,2.35335,0.07,0.02,2.7436,2.81122,0,0.4981,4.47552,4.25838e+06,2.70226e+06,1.16833e+07,0,0,0,0,99.3022,98.274,3.39724,0,1,1.71473,1.64711,0,1.39003,2.1168,8.84977e+06,3.61194e+06,1.51749e+07,0,0,0,0
82.5052,85.139,2.119,0.07,0.02,2.74481,2.81198,0,0.51415,4.47552,4.25838e+06,2.70226e+06,1.16884e+07,0,0,0,0,99.3022,98.274,3.1515,0,1,1.71473,1.64756,0,1.3248,2.1168,8.84977e+06,3.61194e+06,1.51749e+07,0,0,0,0
81.6408,85.139,2.05277,0.07,0.02,2.74602,2.81274,0,0.514377,4.47552,4.25838e+06,2.70226e+06,1.16936e+07,0,0,0,0,99.3022,98.274,2.84943,0,1,1.71473,1.648,0,1.3248,2.1168,8.84977e+06,3.61194e+06,1.51749e+07,0,0,0,0
80.6181,85.139,1.86948,0.05,0.02,2.74723,2.8135,0,0.514604,4.47552,4.25838e+06,2.70226e+06,1.16987e+07,0,0,0,0,99.3022,98.274,2.82975,0,1,1.71473,1.64845,0,1.3248,2.1168,8.84977e+06,3.61194e+06,1.51749e+07,0,0,0,0
79.5075,85.139,1.75193,0.04,0.02,2.72323,2.78906,0,0.51483,4.47552,4.25838e+06,2.70226e+06,1.15965e+07,0,0,0,0,99.3022,98.274,3.20477,0,1,1.76121,1.69538,0,1.3248,2.1168,8.84977e+06,3.61194e+06,1.55863e+07,0,0,0,0
78.202,85.139,1.58182,0.03,0.02,2.77092,2.78982,0,0.510334,4.47552,4.25838e+06,2.70226e+06,1.17996e+07,0,0,0,0,99.3022,98.274,2.87111,0,1,1.71474,1.69584,0,1.36071,2.1168,8.84977e+06,3.61194e+06,1.51751e+07,0,0,0,0
76.8618,85.139,1.50689,0.06,0.02,2.77214,2.79057,0,0.51927,4.47552,4.25838e+06,2.70226e+06,1.18048e+07,0,0,0,0,99.3022,98.274,2.79022,0,1,1.71474,1.6963,0,1.32481,2.1168,8.84977e+06,3.61194e+06,1.51751e+07,0,0,0,0
75.3848,85.139,1.34479,0.05,0.02,2.77335,2.79133,0,0.519498,4.47552,4.25838e+06,2.70226e+06,1.181e+07,0,0,0,0,99.2828,98.274,2.69889,0,1,1.71474,1.69676,0,1.32481,2.1168,8.84977e+06,3.61194e+06,1.51751e+07,0,0,0,0
74.1224,85.139,1.61065,0.05,0.02,2.83973,2.85725,0,0.519726,4.47552,4.25838e+06,2.70226e+06,1.20926e+07,0,0,0,0,99.2317,98.274,2.60698,0,1,1.75621,1.73869,0,1.32481,2.1168,8.84977e+06,3.61194e+06,1.55421e+07,0,0,0,0
72.7194,85.139,1.47359,0.04,0.02,2.85802,2.85802,0,0.532166,4.47552,4.25838e+06,2.70226e+06,1.21705e+07,0,0,0,0,99.1559,98.274,2.42121,0,1,1.73917,1.73917,0,1.35685,2.1168,8.84977e+06,3.61194e+06,1.53912e+07,0,0,0,0
71.2167,85.139,1.35899,0.07,0.02,2.8588,2.8588,0,0.535594,4.47552,4.25838e+06,2.70226e+06,1.21738e+07,0,0,0,0,99.0664,98.274,2.32877,0,1,1.73964,1.73964,0,1.34368,2.1168,8.84977e+06,3.61194e+06,1.53954e+07,0,0,0,0
69.5249,85.139,1.13841,0.07,0.02,2.85957,2.85957,0,0.535739,4.47552,4.25838e+06,2.70226e+06,1.21771e+07,0,0,0,0,98.9685,98.274,2.3042,0,1,1.74011,1.74011,0,1.34404,2.1168,8.84977e+06,3.61194e+06,1.53996e+07,0,0,0,0
67.8301,85.139,1.30023,0.07,0.02,3.05138,3.05138,0,0.535884,4.47552,4.25838e+06,2.70226e+06,1.29939e+07,0,0,0,0,98.8239,98.274,2.79872,0,1,1.89044,1.89044,0,1.34441,2.1168,8.84977e+06,3.61194e+06,1.67299e+07,0,0,0,0
66.0001,85.139,1.18162,0.12,0.02,3.05221,3.05221,0,0.571829,4.47552,4.25838e+06,2.70226e+06,1.29974e+07,0,0,0,0,98.5426,98.274,2.54239,0,1,1.89095,1.89095,0,1.46055,2.1168,8.84977e+06,3.61194e+06,1.67345e+07,0,0,0,0
64.3009,85.139,1.28034,0.12,0.02,3.05303,3.05303,0,0.571984,4.47552,4.25838e+06,2.70226e+06,1.3001e+07,0,0,0,0,98.471,98.274,3.33625,0,1,1.89146,1.89146,0,1.46095,2.1168,8.84977e+06,3.61194e+06,1.6739e+07,0,0,0,0
62.5311,85.139,1.19197,0.12,0.02,3.05386,3.05386,0,0.572139,4.47552,4.25838e+06,2.70226e+06,1.30045e+07,0,0,0,0,98.2627,98.274,3.04535,0,1,1.89197,1.89197,0,1.46134,2.1168,8.84977e+06,3.61194e+06,1.67435e+07,0,0,0,0
60.8299,85.139,1.23093,0.12,0.02,3.05469,3.05469,0,0.572294,4.47552,4.25838e+06,2.70226e+06,1.3008e+07,0,0,0,0,98.079,98.274,3.00653,0,1,1.89249,1.89249,0,1.46174,2.1168,8.84977e+06,3.61194e+06,1.67481e+07,0,0,0,0
58.9515,85.139,0.994564,0.14,0.02,2.96229,2.96229,0,0.572449,4.47552,4.25838e+06,2.70226e+06,1.26145e+07,0,0,0,0,97.8436,98.274,2.51615,0,1,1.80192,1.80192,0,1.46214,2.1168,8.84977e+06,3.61194e+06,1.59466e+07,0,0,0,0
57.0291,85.139,0.890868,0.14,0.02,2.96309,2.96309,0,0.555133,4.47552,4.25838e+06,2.70226e+06,1.2618e+07,0,0,0,0,97.6161,98.274,2.04846,0,1,1.80241,1.80241,0,1.39216,2.1168,8.84977e+06,3.61194e+06,1.59509e+07,0,0,0,0
56.4302,85.139,2.29176,0.14,0.02,2.9639,2.9639,0,0.555284,4.47552,4.25838e+06,2.70226e+06,1.26214e+07,0,0,0,0,97.7642,98.274,4.90927,0,1,1.8029,1.8029,0,1.39254,2.1168,8.84977e+06,3.61194e+06,1.59552e+07,0,0,0,0
55.224,85.139,1.74668,0.15,0.02,2.9647,2.9647,0,0.555434,4.47552,4.25838e+06,2.70226e+06,1.26248e+07,0,0,0,0,97.6961,98.274,2.87404,0,1,1.80338,1.80338,0,1.39292,2.1168,8.84977e+06,3.61194e+06,1.59595e+07,0,0,0,0
55.441,85.139,3.15126,0.16,0.02,2.8889,2.8889,0,0.555584,4.47552,4.25838e+06,2.70226e+06,1.2302e+07,0,0,0,0,98.0543,98.274,3.97486,0,1,1.72088,1.72088,0,1.39329,2.1168,8.84977e+06,3.61194e+06,1.52294e+07,0,0,0,0
55.716,85.139,3.22709,0.15,0.02,2.88968,2.88968,0,0.541379,4.47552,4.25838e+06,2.70226e+06,1.23053e+07,0,0,0,0,98.3968,98.274,4.90295,0,1,1.72134,1.72134,0,1.32955,2.1168,8.84977e+06,3.61194e+06,1.52335e+07,0,0,0,0
57.6458,85.139,5.01727,0.15,0.02,2.89046,2.89046,0,0.541526,4.47552,4.25838e+06,2.70226e+06,1.23087e+07,0,0,0,0,99.1774,98.274,6.54591,0,1,1.72181,1.72181,0,1.32991,2.1168,8.84977e+06,3.61194e+06,1.52376e+07,0,0,0,0
59.1,85.139,4.53126,0.11,0.02,2.89124,2.89124,0,0.541672,4.47552,4.25838e+06,2.70226e+06,1.2312e+07,0,0,0,0,99.3022,98.274,6.93798,0,1,1.72228,1.72228,0,1.33027,2.1168,8.84977e+06,3.61194e+06,1.52417e+07,0,0,0,0
64.0213,85.139,8.02499,0.12,0.02,2.67422,2.67422,0,0.541819,4.47552,4.25838e+06,2.70226e+06,1.13879e+07,0,0,0,0,99.3022,98.274,11.6349,0,1,1.5497,1.5497,0,1.33063,2.1168,8.84977e+06,3.61194e+06,1.37145e+07,0,0,0,0
68.4362,85.139,7.69987,0.12,0.02,2.51037,2.67495,0,0.50115,4.47552,4.25838e+06,2.70226e+06,1.06901e+07,0,0,0,0,99.3022,98.274,9.31525,0,1,1.7147,1.55012,0,1.1973,2.1168,8.84977e+06,3.61194e+06,1.51747e+07,0,0,0,0
73.6403,85.139,8.54782,0.11,0.02,2.51151,2.67567,0,0.470443,4.47552,4.25838e+06,2.70226e+06,1.0695e+07,0,0,0,0,99.3022,98.274,9.97123,0,1,1.7147,1.55054,0,1.32478,2.1168,8.84977e+06,3.61194e+06,1.51747e+07,0,0,0,0
78.4305,85.139,8.15818,0.11,0.02,2.51265,2.6764,0,0.470657,4.47552,4.25838e+06,2.70226e+06,1.06998e+07,0,0,0,0,99.3022,98.274,8.41823,0,1,1.7147,1.55096,0,1.32478,2.1168,8.84977e+06,3.61194e+06,1.51747e+07,0,0,0,0
82.1563,85.139,7.0405,0.1,0.02,2.5138,2.67712,0,0.470871,4.47552,4.25838e+06,2.70226e+06,1.07047e+07,0,0,0,0,99.3022,98.274,8.11896,0,1,1.7147,1.55138,0,1.32478,2.1168,8.84977e+06,3.61194e+06,1.51747e+07,0,0,0,0
85.139,85.139,6.95765,0.06,0.04,2.59882,2.76172,0,0.471086,4.47552,4.25838e+06,2.70226e+06,1.10667e+07,0,0,0,0,99.3022,98.274,6.18811,0,1,1.76487,1.60196,0,1.32478,2.1168,8.84977e+06,3.61194e+06,1.56187e+07,0,0,0,0
85.139,85.139,6.53653,0.05,0.04,2.65012,2.76244,0,0.487018,4.47552,4.25838e+06,2.70226e+06,1.12852e+07,0,0,0,0,99.3022,98.274,5.99693,0,1,1.7147,1.60238,0,1.36353,2.1168,8.84977e+06,3.61194e+06,1.51747e+07,0,0,0,0
85.139,85.139,7.6308,0.06,0.04,2.65125,2.76315,0,0.496632,4.47552,4.25838e+06,2.70226e+06,1.129e+07,0,0,0,0,99.3022,98.274,9.19275,0,1,1.7147,1.6028,0,1.32477,2.1168,8.84977e+06,3.61194e+06,1.51747e+07,0,0,0,0
85.139,85.139,6.693,0.06,0.04,2.65239,2.76387,0,0.496845,4.47552,4.25838e+06,2.70226e+06,1.12949e+07,0,0,0,0,99.3022,98.274,5.415,0,1,1.7147,1.60321,0,1.32477,2.1168,8.84977e+06,3.61194e+06,1.51747e+07,0,0,0,0
85.139,85.139,4.9099,0.07,0.04,2.92318,3.03424,0,0.497058,4.47552,4.25838e+06,2.70226e+06,1.2448e+07,0,0,0,0,99.3022,98.274,4.47292,0,1,1.90325,1.79218,0,1.32477,2.1168,8.84977e+06,3.61194e+06,1.68433e+07,0,0,0,0
85.139,85.139,4.27164,0.06,0.04,3.03503,3.03503,0,0.547803,4.47552,4.25838e+06,2.70226e+06,1.29243e+07,0,0,0,0,99.3022,98.274,4.45955,0,1,1.79265,1.79265,0,1.47045,2.1168,8.84977e+06,3.61194e+06,1.58645e+07,0,0,0,0
85.139,85.139,5.03047,0.06,0.04,3.03582,3.03582,0,0.568765,4.47552,4.25838e+06,2.70226e+06,1.29277e+07,0,0,0,0,99.3022,98.274,4.49787,0,1,1.79311,1.79311,0,1.385,2.1168,8.84977e+06,3.61194e+06,1.58686e+07,0,0,0,0
85.139,85.139,5.31813,0.06,0.04,3.03661,3.03661,0,0.568913,4.47552,4.25838e+06,2.70226e+06,1.2931e+07,0,0,0,0,99.3022,98.274,4.82257,0,1,1.79358,1.79358,0,1.38536,2.1168,8.84977e+06,3.61194e+06,1.58728e+07,0,0,0,0
85.139,85.139,5.25939,0.06,0.04,2.65239,2.65239,0,0.569061,4.47552,4.25838e+06,2.70226e+06,1.12949e+07,0,0,0,0,99.3022,98.274,4.10133,0,1,1.54074,1.54074,0,1.38572,2.1168,8.84977e+06,3.61194e+06,1.36352e+07,0,0,0,0
85.139,85.139,5.81573,0.07,0.04,2.47954,2.65308,0,0.497058,4.47552,4.25838e+06,2.70226e+06,1.05588e+07,0,0,0,0,99.3022,98.274,5.15921,0,1,1.71468,1.54114,0,1.19038,2.1168,8.84977e+06,3.61194e+06,1.51745e+07,0,0,0,0
85.139,85.139,5.84202,0.08,0.04,2.48063,2.65377,0,0.464666,4.47552,4.25838e+06,2.70226e+06,1.05635e+07,0,0,0,0,99.3022,98.274,4.59611,0,1,1.71468,1.54154,0,1.32476,2.1168,8.84977e+06,3.61194e+06,1.51745e+07,0,0,0,0
85.139,85.139,7.13001,0.08,0.04,2.48172,2.65446,0,0.46487,4.47552,4.25838e+06,2.70226e+06,1.05681e+07,0,0,0,0,99.3022,98.274,6.41825,0,1,1.71468,1.54194,0,1.32476,2.1168,8.84977e+06,3.61194e+06,1.51745e+07,0,0,0,0
85.139,85.139,5.85924,0.09,0.04,2.48281,2.65515,0,0.465075,4.47552,4.25838e+06,2.70226e+06,1.05727e+07,0,0,0,0,99.3022,98.274,4.78396,0,1,1.71468,1.54234,0,1.32476,2.1168,8.84977e+06,3.61194e+06,1.51745e+07,0,0,0,0
85.139,85.139,6.50221,0.09,0.04,2.58094,2.75288,0,0.465279,4.47552,4.25838e+06,2.70226e+06,1.09906e+07,0,0,0,0,99.3022,98.274,7.13773,0,1,1.77673,1.60479,0,1.32476,2.1168,8.84977e+06,3.61194e+06,1.57236e+07,0,0,0,0
85.139,85.139,5.78295,0.09,0.04,2.6441,2.75359,0,0.483668,4.47552,4.25838e+06,2.70226e+06,1.12596e+07,0,0,0,0,99.3022,98.274,10.2466,0,1,1.7147,1.60521,0,1.3727,2.1168,8.84977e+06,3.61194e+06,1.51747e+07,0,0,0,0
85.139,85.139,4.81448,0.09,0.04,2.64524,2.75431,0,0.495505,4.47552,4.25838e+06,2.70226e+06,1.12644e+07,0,0,0,0,99.3022,98.274,10.1949,0,1,1.7147,1.60563,0,1.32477,2.1168,8.84977e+06,3.61194e+06,1.51747e+07,0,0,0,0
85.139,85.139,3.6422,0.09,0.04,2.64637,2.75502,0,0.495717,4.47552,4.25838e+06,2.70226e+06,1.12692e+07,0,0,0,0,99.3022,98.274,7.19173,0,1,1.7147,1.60604,0,1.32477,2.1168,8.84977e+06,3.61194e+06,1.51747e+07,0,0,0,0
85.139,85.139,4.17061,0.07,0.04,2.60952,2.71776,0,0.49593,4.47552,4.25838e+06,2.70226e+06,1.11123e+07,0,0,0,0,99.3022,98.274,5.66579,0,1,1.69057,1.58234,0,1.32477,2.1168,8.84977e+06,3.61194e+06,1.49612e+07,0,0,0,0
85.139,85.139,3.74758,0.07,0.04,2.58652,2.71846,0,0.489024,4.47552,4.25838e+06,2.70226e+06,1.10144e+07,0,0,0,0,99.3022,98.274,5.35214,0,1,1.71469,1.58275,0,1.30614,2.1168,8.84977e+06,3.61194e+06,1.51746e+07,0,0,0,0
85.139,85.139,4.45627,0.07,0.04,2.58764,2.71917,0,0.484714,4.47552,4.25838e+06,2.70226e+06,1.10191e+07,0,0,0,0,99.3022,98.274,5.69926,0,1,1.71469,1.58316,0,1.32477,2.1168,8.84977e+06,3.61194e+06,1.51746e+07,0,0,0,0
85.139,85.139,3.78366,0.07,0.04,2.58875,2.71987,0,0.484923,4.47552,4.25838e+06,2.70226e+06,1.10239e+07,0,0,0,0,99.3022,98.274,5.35644,0,1,1.71469,1.58357,0,1.32477,2.1168,8.84977e+06,3.61194e+06,1.51746e+07,0,0,0,0
85.139,85.139,3.56651,0.07,0.04,2.71893,2.84964,0,0.485133,4.47552,4.25838e+06,2.70226e+06,1.15782e+07,0,0,0,0,99.3022,98.274,4.93988,0,1,1.80033,1.66962,0,1.32477,2.1168,8.84977e+06,3.61194e+06,1.59325e+07,0,0,0,0
85.139,85.139,3.20193,0.06,0.04,2.80572,2.85038,0,0.509527,4.47552,4.25838e+06,2.70226e+06,1.19478e+07,0,0,0,0,99.3022,98.274,4.05391,0,1,1.71471,1.67005,0,1.39093,2.1168,8.84977e+06,3.61194e+06,1.51748e+07,0,0,0,0
85.1271,85.139,3.04516,0.06,0.04,2.80689,2.85112,0,0.525791,4.47552,4.25838e+06,2.70226e+06,1.19528e+07,0,0,0,0,99.3022,98.274,3.82473,0,1,1.71471,1.67049,0,1.32479,2.1168,8.84977e+06,3.61194e+06,1.51748e+07,0,0,0,0
85.0181,85.139,2.93963,0.07,0.04,2.80806,2.85186,0,0.526011,4.47552,4.25838e+06,2.70226e+06,1.19578e+07,0,0,0,0,99.3022,98.274,4.06751,0,1,1.71471,1.67092,0,1.32479,2.1168,8.84977e+06,3.61194e+06,1.51748e+07,0,0,0,0
84.7501,85.139,2.79241,0.07,0.04,2.80924,2.8526,0,0.526231,4.47552,4.25838e+06,2.70226e+06,1.19628e+07,0,0,0,0,99.3022,98.274,3.98172,0,1,1.71471,1.67136,0,1.32479,2.1168,8.84977e+06,3.61194e+06,1.51748e+07,0,0,0,0
84.7388,85.139,3.00384,0.05,0.04,2.78486,2.82778,0,0.526451,4.47552,4.25838e+06,2.70226e+06,1.1859e+07,0,0,0,0,99.3022,98.274,4.35557,0,1,1.76184,1.71892,0,1.32479,2.1168,8.84977e+06,3.61194e+06,1.55919e+07,0,0,0,0
84.4725,85.139,2.7679,0.04,0.04,2.82852,2.82852,0,0.521882,4.47552,4.25838e+06,2.70226e+06,1.20449e+07,0,0,0,0,99.3022,98.274,4.16052,0,1,1.71936,1.71936,0,1.3612,2.1168,8.84977e+06,3.61194e+06,1.5216e+07,0,0,0,0
84.0393,85.139,2.58526,0.03,0.04,2.82925,2.82925,0,0.530064,4.47552,4.25838e+06,2.70226e+06,1.2048e+07,0,0,0,0,99.3022,98.274,3.76685,0,1,1.71981,1.71981,0,1.32838,2.1168,8.84977e+06,3.61194e+06,1.52199e+07,0,0,0,0
83.5334,85.139,2.49385,0.03,0.04,2.82998,2.82998,0,0.530202,4.47552,4.25838e+06,2.70226e+06,1.20511e+07,0,0,0,0,99.3022,98.274,3.59618,0,1,1.72026,1.72026,0,1.32873,2.1168,8.84977e+06,3.61194e+06,1.52239e+07,0,0,0,0
83.0721,85.139,2.56862,0.03,0.04,2.89678,2.89678,0,0.530339,4.47552,4.25838e+06,2.70226e+06,1.23356e+07,0,0,0,0,99.3022,98.274,3.66713,0,1,1.76275,1.76275,0,1.32907,2.1168,8.84977e+06,3.61194e+06,1.55999e+07,0,0,0,0
82.6282,85.139,2.57667,0.04,0.04,2.89753,2.89753,0,0.542857,4.47552,4.25838e+06,2.70226e+06,1.23388e+07,0,0,0,0,99.3022,98.274,3.81475,0,1,1.76321,1.76321,0,1.3619,2.1168,8.84977e+06,3.61194e+06,1.5604e+07,0,0,0,0
81.868,85.139,2.25102,0.04,0.04,2.89829,2.89829,0,0.542998,4.47552,4.25838e+06,2.70226e+06,1.2342e+07,0,0,0,0,99.3022,98.274,3.53846,0,1,1.76367,1.76367,0,1.36225,2.1168,8.84977e+06,3.61194e+06,1.5608e+07,0,0,0,0
80.9437,85.139,2.07568,0.04,0.04,2.89904,2.89904,0,0.543139,4.47552,4.25838e+06,2.70226e+06,1.23452e+07,0,0,0,0,99.3022,98.274,3.40274,0,1,1.76412,1.76412,0,1.36261,2.1168,8.84977e+06,3.61194e+06,1.56121e+07,0,0,0,0
79.7012,85.139,1.83466,0.04,0.04,3.02586,3.09346,0,0.54328,4.47552,4.25838e+06,2.91414e+06,1.28852e+07,0,0,0,0,99.3022,98.274,3.19294,1,1,1.87463,1.9165,0,1.36296,2.1168,8.84977e+06,3.89515e+06,1.659e+07,0,0,0,0
78.5607,85.139,1.92333,0.04,0.04,3.02664,3.09426,0,0.567046,4.47552,4.25838e+06,2.91414e+06,1.28886e+07,0,0,0,0,99.2614,98.274,2.67986,1,1,1.87511,1.917,0,1.44834,2.1168,8.84977e+06,3.89515e+06,1.65943e+07,0,0,0,0
77.6062,85.139,2.1274,0.07,0.04,3.02743,3.09506,0,0.567193,4.47552,4.25838e+06,2.91414e+06,1.28919e+07,0,0,0,0,99.3022,98.274,3.2895,1,1,1.8756,1.9175,0,1.44871,2.1168,8.84977e+06,3.89515e+06,1.65986e+07,0,0,0,0
76.2617,85.139,1.72876,0.07,0.04,3.02821,3.09586,0,0.56734,4.47552,4.25838e+06,2.91414e+06,1.28953e+07,0,0,0,0,99.1741,98.274,2.33927,1,1,1.87608,1.918,0,1.44909,2.1168,8.84977e+06,3.89515e+06,1.66029e+07,0,0,0,0
75.3231,85.139,2.11617,0.07,0.04,3.029,3.09667,0,0.567487,4.47552,4.25838e+06,2.91414e+06,1.28986e+07,0,0,0,0,99.3022,98.274,4.22529,1,1,1.87657,1.91849,0,1.44946,2.1168,8.84977e+06,3.89515e+06,1.66072e+07,0,0,0,0
74.2554,85.139,2.05817,0.08,0.04,3.00296,3.00296,0,0.567635,4.47552,4.25838e+06,2.70226e+06,1.27877e+07,0,0,0,0,99.3022,98.274,4.46724,0,1,1.82666,1.82666,0,1.44984,2.1168,8.84977e+06,3.61194e+06,1.61655e+07,0,0,0,0
73.9146,85.139,2.77455,0.08,0.04,3.00374,3.00374,0,0.562755,4.47552,4.25838e+06,2.70226e+06,1.27911e+07,0,0,0,0,99.3022,98.274,5.57532,0,1,1.82713,1.82713,0,1.41128,2.1168,8.84977e+06,3.61194e+06,1.61697e+07,0,0,0,0
73.9815,85.139,3.41455,0.08,0.04,3.00452,3.00452,0,0.562901,4.47552,4.25838e+06,2.70226e+06,1.27944e+07,0,0,0,0,99.3022,98.274,7.42198,0,1,1.82761,1.82761,0,1.41164,2.1168,8.84977e+06,3.61194e+06,1.61739e+07,0,0,0,0
73.7083,85.139,2.93075,0.09,0.04,3.0053,3.0053,0,0.563047,4.47552,4.25838e+06,2.70226e+06,1.27977e+07,0,0,0,0,99.3022,98.274,6.83457,0,1,1.82808,1.82808,0,1.41201,2.1168,8.84977e+06,3.61194e+06,1.61781e+07,0,0,0,0
75.8467,85.139,5.45281,0.1,0.04,2.92842,2.92842,0,0.563193,4.47552,4.25838e+06,2.70226e+06,1.24703e+07,0,0,0,0,99.3022,98.274,7.51342,0,1,1.74442,1.74442,0,1.41238,2.1168,8.84977e+06,3.61194e+06,1.54378e+07,0,0,0,0
76.8521,85.139,4.41951,0.09,0.04,2.92918,2.92918,0,0.548787,4.47552,4.25838e+06,2.70226e+06,1.24736e+07,0,0,0,0,99.3022,98.274,5.67464,0,1,1.74488,1.74488,0,1.34774,2.1168,8.84977e+06,3.61194e+06,1.54418e+07,0,0,0,0
77.339,85.139,3.69212,0.09,0.04,2.92994,2.92994,0,0.548929,4.47552,4.25838e+06,2.70226e+06,1.24768e+07,0,0,0,0,99.3022,98.274,3.76541,0,1,1.74533,1.74533,0,1.34809,2.1168,8.84977e+06,3.61194e+06,1.54458e+07,0,0,0,0
78.6989,85.139,4.53111,0.09,0.04,2.9307,2.9307,0,0.549071,4.47552,4.25838e+06,2.70226e+06,1.248e+07,0,0,0,0,99.3022,98.274,4.89253,0,1,1.74578,1.74578,0,1.34844,2.1168,8.84977e+06,3.61194e+06,1.54498e+07,0,0,0,0
79.0836,85.139,3.40029,0.09,0.04,2.71069,2.71069,0,0.549214,4.47552,4.25838e+06,2.70226e+06,1.15431e+07,0,0,0,0,99.2794,98.274,4.07027,0,1,1.57083,1.57083,0,1.34879,2.1168,8.84977e+06,3.61194e+06,1.39015e+07,0,0,0,0
77.8106,85.139,1.67008,0.09,0.04,2.56794,2.71139,0,0.507983,4.47552,4.25838e+06,2.70226e+06,1.09353e+07,0,0,0,0,99.3022,98.274,2.41019,0,1,1.71469,1.57124,0,1.21362,2.1168,8.84977e+06,3.61194e+06,1.51746e+07,0,0,0,0
78.6938,85.139,4.08953,0.1,0.04,2.56905,2.7121,0,0.481233,4.47552,4.25838e+06,2.70226e+06,1.094e+07,0,0,0,0,99.3022,98.274,6.45333,0,1,1.71469,1.57164,0,1.32477,2.1168,8.84977e+06,3.61194e+06,1.51746e+07,0,0,0,0
79.1175,85.139,3.46576,0.1,0.04,2.57016,2.7128,0,0.481441,4.47552,4.25838e+06,2.70226e+06,1.09447e+07,0,0,0,0,99.3022,98.274,3.1133,0,1,1.71469,1.57205,0,1.32477,2.1168,8.84977e+06,3.61194e+06,1.51746e+07,0,0,0,0
79.1414,85.139,2.98632,0.1,0.04,2.57127,2.7135,0,0.481649,4.47552,4.25838e+06,2.70226e+06,1.09495e+07,0,0,0,0,99.3022,98.274,3.39855,0,1,1.71469,1.57246,0,1.32477,2.1168,8.84977e+06,3.61194e+06,1.51746e+07,0,0,0,0
77.8036,85.139,1.62412,0.1,0.04,2.6574,2.79922,0,0.481857,4.47552,4.25838e+06,2.70226e+06,1.13162e+07,0,0,0,0,99.3022,98.274,3.50536,0,1,1.76553,1.62371,0,1.32477,2.1168,8.84977e+06,3.61194e+06,1.56246e+07,0,0,0,0
77.3989,85.139,2.61395,0.1,0.04,2.70935,2.79991,0,0.497996,4.47552,4.25838e+06,2.70226e+06,1.15374e+07,0,0,0,0,99.3022,98.274,4.49028,0,1,1.71468,1.62412,0,1.36405,2.1168,8.84977e+06,3.61194e+06,1.51746e+07,0,0,0,0
77.8914,85.139,3.629,0.11,0.04,2.71045,2.80061,0,0.507731,4.47552,4.25838e+06,2.70226e+06,1.15421e+07,0,0,0,0,99.3022,98.274,4.17108,0,1,1.71468,1.62452,0,1.32476,2.1168,8.84977e+06,3.61194e+06,1.51746e+07,0,0,0,0
77.4549,85.139,2.71751,0.11,0.04,2.71155,2.8013,0,0.507937,4.47552,4.25838e+06,2.70226e+06,1.15468e+07,0,0,0,0,99.3022,98.274,3.87912,0,1,1.71468,1.62492,0,1.32476,2.1168,8.84977e+06,3.61194e+06,1.51746e+07,0,0,0,0
76.9865,85.139,2.9125,0.11,0.04,2.98595,3.0753,0,0.508144,4.47552,4.25838e+06,2.70226e+06,1.27153e+07,0,0,0,0,99.3022,98.274,7.24738,0,1,1.90579,1.81643,0,1.32476,2.1168,8.84977e+06,3.61194e+06,1.68658e+07,0,0,0,0
76.354,85.139,2.82681,0.11,0.04,3.07607,3.07607,0,0.559566,4.47552,4.25838e+06,2.70226e+06,1.3099e+07,0,0,0,0,99.3022,98.274,5.13624,0,1,1.81688,1.81688,0,1.47241,2.1168,8.84977e+06,3.61194e+06,1.6079e+07,0,0,0,0
75.2374,85.139,2.2668,0.11,0.04,3.07683,3.07683,0,0.576455,4.47552,4.25838e+06,2.70226e+06,1.31023e+07,0,0,0,0,99.3022,98.274,3.38909,0,1,1.81734,1.81734,0,1.40372,2.1168,8.84977e+06,3.61194e+06,1.6083e+07,0,0,0,0
75.0156,85.139,3.18394,0.11,0.04,3.07759,3.07759,0,0.576598,4.47552,4.25838e+06,2.70226e+06,1.31056e+07,0,0,0,0,99.3022,98.274,4.33265,0,1,1.81779,1.81779,0,1.40407,2.1168,8.84977e+06,3.61194e+06,1.6087e+07,0,0,0,0
75.0734,85.139,3.14724,0.11,0.04,2.68816,2.68816,0,0.576741,4.47552,4.25838e+06,2.70226e+06,1.14472e+07,0,0,0,0,99.3022,98.274,4.37295,0,1,1.56152,1.56152,0,1.40442,2.1168,8.84977e+06,3.61194e+06,1.38191e+07,0,0,0,0
75.1387,85.139,3.04246,0.14,0.04,2.53607,2.68883,0,0.503761,4.47552,4.25838e+06,2.70226e+06,1.07995e+07,0,0,0,0,99.3022,98.274,3.83973,0,1,1.71467,1.56191,0,1.20643,2.1168,8.84977e+06,3.61194e+06,1.51744e+07,0,0,0,0
80.1971,85.139,8.03489,0.16,0.04,2.53712,2.68949,0,0.475259,4.47552,4.25838e+06,2.70226e+06,1.0804e+07,0,0,0,0,99.3022,98.274,7.58841,0,1,1.71467,1.5623,0,1.32475,2.1168,8.84977e+06,3.61194e+06,1.51744e+07,0,0,0,0
85.139,85.139,9.27765,0.12,0.04,2.53818,2.69016,0,0.475457,4.47552,4.25838e+06,2.70226e+06,1.08085e+07,0,0,0,0,99.3022,98.274,10.5824,0,1,1.71467,1.56268,0,1.32475,2.1168,8.84977e+06,3.61194e+06,1.51744e+07,0,0,0,0
85.139,85.139,9.41391,0.08,0.04,2.53923,2.69083,0,0.475655,4.47552,4.25838e+06,2.70226e+06,1.0813e+07,0,0,0,0,99.3022,98.274,7.65658,0,1,1.71467,1.56307,0,1.32475,2.1168,8.84977e+06,3.61194e+06,1.51744e+07,0,0,0,0
85.139,85.139,3.54635,0.08,0.04,2.63863,2.78984,0,0.475853,4.47552,4.25838e+06,2.70226e+06,1.12363e+07,0,0,0,0,99.3022,98.274,3.96361,0,1,1.77755,1.62634,0,1.32475,2.1168,8.84977e+06,3.61194e+06,1.57309e+07,0,0,0,0
85.139,85.139,3.21176,0.08,0.04,2.7026,2.79053,0,0.49448,4.47552,4.25838e+06,2.70226e+06,1.15087e+07,0,0,0,0,99.3022,98.274,3.33873,0,1,1.71468,1.62675,0,1.37333,2.1168,8.84977e+06,3.61194e+06,1.51746e+07,0,0,0,0
85.139,85.139,4.98392,0.08,0.04,2.70369,2.79123,0,0.506466,4.47552,4.25838e+06,2.70226e+06,1.15133e+07,0,0,0,0,99.3022,98.274,5.87349,0,1,1.71468,1.62715,0,1.32476,2.1168,8.84977e+06,3.61194e+06,1.51746e+07,0,0,0,0
85.139,85.139,3.59267,0.08,0.04,2.70479,2.79192,0,0.506672,4.47552,4.25838e+06,2.70226e+06,1.1518e+07,0,0,0,0,99.3022,98.274,3.98069,0,1,1.71468,1.62755,0,1.32476,2.1168,8.84977e+06,3.61194e+06,1.51746e+07,0,0,0,0
85.139,85.139,3.53493,0.09,0.04,2.6674,2.75412,0,0.506878,4.47552,4.25838e+06,2.70226e+06,1.13588e+07,0,0,0,0,99.3022,98.274,3.65216,0,1,1.69024,1.60351,0,1.32476,2.1168,8.84977e+06,3.61194e+06,1.49582e+07,0,0,0,0
85.139,85.139,3.10599,0.07,0.04,2.64404,2.75481,0,0.49987,4.47552,4.25838e+06,2.70226e+06,1.12593e+07,0,0,0,0,99.3022,98.274,3.26174,0,1,1.71468,1.60391,0,1.30588,2.1168,8.84977e+06,3.61194e+06,1.51745e+07,0,0,0,0
84.8727,85.139,2.63673,0.07,0.04,2.64512,2.75549,0,0.495493,4.47552,4.25838e+06,2.70226e+06,1.12639e+07,0,0,0,0,99.3022,98.274,2.76687,0,1,1.71468,1.60431,0,1.32476,2.1168,8.84977e+06,3.61194e+06,1.51745e+07,0,0,0,0
84.3443,85.139,2.31541,0.12,0.04,2.6462,2.75618,0,0.495696,4.47552,4.25838e+06,2.70226e+06,1.12685e+07,0,0,0,0,99.3022,98.274,2.50493,0,1,1.71468,1.60471,0,1.32476,2.1168,8.84977e+06,3.61194e+06,1.51745e+07,0,0,0,0
83.5754,85.139,2.19101,0.1,0.04,2.77806,2.88764,0,0.495899,4.47552,4.25838e+06,2.70226e+06,1.183e+07,0,0,0,0,99.2758,98.274,2.40582,0,1,1.80146,1.69189,0,1.32476,2.1168,8.84977e+06,3.61194e+06,1.59425e+07,0,0,0,0
82.6528,85.139,2.10713,0.09,0.04,2.86596,2.88835,0,0.520609,4.47552,4.25838e+06,2.70226e+06,1.22043e+07,0,0,0,0,99.2376,98.274,2.50486,0,1,1.7147,1.69231,0,1.39181,2.1168,8.84977e+06,3.61194e+06,1.51747e+07,0,0,0,0
81.5929,85.139,1.92255,0.08,0.04,2.8671,2.88907,0,0.537081,4.47552,4.25838e+06,2.70226e+06,1.22092e+07,0,0,0,0,99.1906,98.274,2.48755,0,1,1.7147,1.69273,0,1.32478,2.1168,8.84977e+06,3.61194e+06,1.51747e+07,0,0,0,0
80.5026,85.139,1.88211,0.07,0.04,2.86823,2.88979,0,0.537294,4.47552,4.25838e+06,2.70226e+06,1.2214e+07,0,0,0,0,99.1943,98.274,2.52666,0,1,1.7147,1.69315,0,1.32478,2.1168,8.84977e+06,3.61194e+06,1.51747e+07,0,0,0,0
79.2993,85.139,1.75682,0.07,0.04,2.86937,2.89051,0,0.537507,4.47552,4.25838e+06,2.70226e+06,1.22189e+07,0,0,0,0,98.7871,98.274,2.32428,0,1,1.7147,1.69357,0,1.32478,2.1168,8.84977e+06,3.61194e+06,1.51747e+07,0,0,0,0
77.5951,85.139,1.17677,0.1,0.04,2.84462,2.86533,0,0.53772,4.47552,4.25838e+06,2.70226e+06,1.21134e+07,0,0,0,0,98.2381,98.274,1.53299,0,1,1.76246,1.74174,0,1.32478,2.1168,8.84977e+06,3.61194e+06,1.55973e+07,0,0,0,0
75.8089,85.139,1.10081,0.09,0.04,2.86604,2.86604,0,0.533081,4.47552,4.25838e+06,2.70226e+06,1.22047e+07,0,0,0,0,97.6428,98.274,1.48193,0,1,1.74217,1.74217,0,1.36167,2.1168,8.84977e+06,3.61194e+06,1.54178e+07,0,0,0,0
73.9368,85.139,1.00225,0.08,0.04,2.86675,2.86675,0,0.537096,4.47552,4.25838e+06,2.70226e+06,1.22077e+07,0,0,0,0,96.9654,98.274,1.40933,0,1,1.74261,1.74261,0,1.346,2.1168,8.84977e+06,3.61194e+06,1.54217e+07,0,0,0,0
71.9979,85.139,0.910601,0.08,0.04,2.86746,2.86746,0,0.537229,4.47552,4.25838e+06,2.70226e+06,1.22107e+07,0,0,0,0,96.2168,98.274,1.30008,0,1,1.74304,1.74304,0,1.34634,2.1168,8.84977e+06,3.61194e+06,1.54255e+07,0,0,0,0
69.9464,85.139,0.811001,0.12,0.04,2.93511,2.93511,0,0.537363,4.47552,4.25838e+06,2.70226e+06,1.24988e+07,0,0,0,0,95.234,98.274,1.21732,0,1,1.78607,1.78607,0,1.34667,2.1168,8.84977e+06,3.61194e+06,1.58064e+07,0,0,0,0
67.7908,85.139,0.689578,0.12,0.04,2.93584,2.93584,0,0.55004,4.47552,4.25838e+06,2.70226e+06,1.25019e+07,0,0,0,0,94.2366,98.274,1.04996,0,1,1.78652,1.78652,0,1.37992,2.1168,8.84977e+06,3.61194e+06,1.58103e+07,0,0,0,0
65.6031,85.139,0.638181,0.16,0.04,2.93657,2.93657,0,0.550176,4.47552,4.25838e+06,2.70226e+06,1.2505e+07,0,0,0,0,93.1647,98.274,0.999589,0,1,1.78696,1.78696,0,1.38026,2.1168,8.84977e+06,3.61194e+06,1.58142e+07,0,0,0,0
63.3902,85.139,0.587717,0.16,0.04,2.9373,2.9373,0,0.550313,4.47552,4.25838e+06,2.70226e+06,1.25081e+07,0,0,0,0,92.0656,98.274,0.922616,0,1,1.7874,1.7874,0,1.38061,2.1168,8.84977e+06,3.61194e+06,1.58181e+07,0,0,0,0
61.0385,85.139,0.526726,0.15,0.04,3.06576,3.13424,0,0.55045,4.47552,4.25838e+06,2.91414e+06,1.30551e+07,0,0,0,0,90.778,98.274,0.878886,1,1,1.89934,1.94177,0,1.38095,2.1168,8.84977e+06,3.89515e+06,1.68088e+07,0,0,0,0
58.5707,85.139,0.409897,0.18,0.04,3.06652,3.13502,0,0.574523,4.47552,4.25838e+06,2.91414e+06,1.30584e+07,0,0,0,0,89.4313,98.274,0.772048,1,1,1.89981,1.94226,0,1.46743,2.1168,8.84977e+06,3.89515e+06,1.68129e+07,0,0,0,0
56.0925,85.139,0.367354,0.18,0.04,3.06728,3.1358,0,0.574665,4.47552,4.25838e+06,2.91414e+06,1.30616e+07,0,0,0,0,88.1066,98.274,0.720378,1,1,1.90029,1.94274,0,1.4678,2.1168,8.84977e+06,3.89515e+06,1.68171e+07,0,0,0,0
53.7106,85.139,0.434139,0.22,0.04,3.06804,3.13658,0,0.574808,4.47552,4.25838e+06,2.91414e+06,1.30649e+07,0,0,0,0,86.8766,98.274,0.781325,1,1,1.90076,1.94322,0,1.46816,2.1168,8.84977e+06,3.89515e+06,1.68213e+07,0,0,0,0
51.6249,85.139,0.740633,0.21,0.04,3.0688,3.13736,0,0.574951,4.47552,4.25838e+06,2.91414e+06,1.30681e+07,0,0,0,0,85.8113,98.274,0.926865,1,1,1.90123,1.9437,0,1.46853,2.1168,8.84977e+06,3.89515e+06,1.68254e+07,0,0,0,0
48.5658,85.139,0.45325,0.19,0.04,3.04239,3.04239,0,0.575093,4.47552,4.25838e+06,2.70226e+06,1.29556e+07,0,0,0,0,84.6052,98.274,0.990973,0,1,1.85064,1.85064,0,1.46889,2.1168,8.84977e+06,3.61194e+06,1.63777e+07,0,0,0,0
45.3602,85.139,0.309253,0.22,0.04,3.04314,3.04314,0,0.570143,4.47552,4.25838e+06,2.70226e+06,1.29588e+07,0,0,0,0,83.1882,98.274,0.652371,0,1,1.8511,1.8511,0,1.4298,2.1168,8.84977e+06,3.61194e+06,1.63818e+07,0,0,0,0
42.1017,85.139,0.254474,0.25,0.04,3.0439,3.0439,0,0.570285,4.47552,4.25838e+06,2.70226e+06,1.29621e+07,0,0,0,0,81.8459,98.274,0.521683,0,1,1.85156,1.85156,0,1.43016,2.1168,8.84977e+06,3.61194e+06,1.63859e+07,0,0,0,0
38.9562,85.139,0.414627,0.24,0.04,3.04465,3.04465,0,0.570426,4.47552,4.25838e+06,2.70226e+06,1.29653e+07,0,0,0,0,80.8579,98.274,0.693996,0,1,1.85202,1.85202,0,1.43051,2.1168,8.84977e+06,3.61194e+06,1.63899e+07,0,0,0,0
40.1469,85.139,1.02105,0.28,0.04,2.96673,2.96673,0,0.570567,4.47552,4.25838e+06,2.70226e+06,1.26335e+07,0,0,0,0,80.2777,98.274,1.11837,0,1,1.76724,1.76724,0,1.43087,2.1168,8.84977e+06,3.61194e+06,1.56397e+07,0,0,0,0
38.9848,85.139,1.5727,0.24,0.04,2.96747,2.96747,0,0.555966,4.47552,4.25838e+06,2.70226e+06,1.26366e+07,0,0,0,0,79.8053,98.274,1.24219,0,1,1.76768,1.76768,0,1.36537,2.1168,8.84977e+06,3.61194e+06,1.56436e+07,0,0,0,0
39.1945,85.139,3.01862,0.27,0.04,2.96821,2.96821,0,0.556104,4.47552,4.25838e+06,2.70226e+06,1.26397e+07,0,0,0,0,79.7737,98.274,1.63257,0,1,1.76812,1.76812,0,1.36571,2.1168,8.84977e+06,3.61194e+06,1.56475e+07,0,0,0,0
40.8696,85.139,4.50128,0.27,0.04,2.96894,2.96894,0,0.556242,4.47552,4.25838e+06,2.70226e+06,1.26429e+07,0,0,0,0,80.0513,98.274,2.95598,0,1,1.76856,1.76856,0,1.36605,2.1168,8.84977e+06,3.61194e+06,1.56513e+07,0,0,0,0
41.5975,85.139,3.32953,0.24,0.04,2.74603,2.74603,0,0.55638,4.47552,4.25838e+06,2.70226e+06,1.16936e+07,0,0,0,0,80.1827,98.274,2.4512,0,1,1.59131,1.59131,0,1.36639,2.1168,8.84977e+06,3.61194e+06,1.40827e+07,0,0,0,0
46.0681,85.139,7.16156,0.27,0.04,2.62374,2.74671,0,0.514606,4.47552,4.25838e+06,2.70226e+06,1.11729e+07,0,0,0,0,80.5661,98.274,3.65441,0,1,1.71467,1.5917,0,1.22944,2.1168,8.84977e+06,3.61194e+06,1.51745e+07,0,0,0,0
47.3727,85.139,4.04837,0.23,0.04,2.62481,2.74739,0,0.491688,4.47552,4.25838e+06,2.70226e+06,1.11774e+07,0,0,0,0,80.7453,98.274,2.76469,0,1,1.71467,1.5921,0,1.32476,2.1168,8.84977e+06,3.61194e+06,1.51745e+07,0,0,0,0
48.8006,85.139,4.20237,0.24,0.04,2.62589,2.74807,0,0.49189,4.47552,4.25838e+06,2.70226e+06,1.1182e+07,0,0,0,0,80.8571,98.274,2.6201,0,1,1.71467,1.59249,0,1.32476,2.1168,8.84977e+06,3.61194e+06,1.51745e+07,0,0,0,0
49.5953,85.139,3.62142,0.25,0.04,2.62696,2.74875,0,0.492091,4.47552,4.25838e+06,2.70226e+06,1.11866e+07,0,0,0,0,80.686,98.274,2.4514,0,1,1.71467,1.59289,0,1.32476,2.1168,8.84977e+06,3.61194e+06,1.51745e+07,0,0,0,0
48.6414,85.139,1.8144,0.25,0.04,2.71415,2.83555,0,0.492293,4.47552,4.25838e+06,2.70226e+06,1.15579e+07,0,0,0,0,80.6029,98.274,1.93284,0,1,1.76618,1.64479,0,1.32476,2.1168,8.84977e+06,3.61194e+06,1.56303e+07,0,0,0,0
48.8699,85.139,3.05216,0.29,0.04,2.76673,2.83622,0,0.508632,4.47552,4.25838e+06,2.70226e+06,1.17818e+07,0,0,0,0,80.7228,98.274,2.65302,0,1,1.71467,1.64518,0,1.36455,2.1168,8.84977e+06,3.61194e+06,1.51744e+07,0,0,0,0
53.037,85.139,7.47649,0.3,0.04,2.76779,2.83689,0,0.518485,4.47552,4.25838e+06,2.70226e+06,1.17863e+07,0,0,0,0,81.4378,98.274,4.89894,0,1,1.71467,1.64557,0,1.32475,2.1168,8.84977e+06,3.61194e+06,1.51744e+07,0,0,0,0
53.3615,85.139,3.3571,0.26,0.04,2.76886,2.83757,0,0.518684,4.47552,4.25838e+06,2.70226e+06,1.17908e+07,0,0,0,0,81.7534,98.274,3.12804,0,1,1.71467,1.64596,0,1.32475,2.1168,8.84977e+06,3.61194e+06,1.51744e+07,0,0,0,0
54.0699,85.139,3.97919,0.29,0.04,3.04676,3.11508,0,0.518884,4.47552,4.25838e+06,2.70226e+06,1.29742e+07,0,0,0,0,81.8022,98.274,2.63704,0,1,1.90825,1.83993,0,1.32475,2.1168,8.84977e+06,3.61194e+06,1.68875e+07,0,0,0,0
54.2269,85.139,3.56432,0.31,0.04,3.11582,3.11582,0,0.570962,4.47552,4.25838e+06,2.70226e+06,1.32683e+07,0,0,0,0,82.1823,98.274,3.45042,0,1,1.84036,1.84036,0,1.47431,2.1168,8.84977e+06,3.61194e+06,1.62868e+07,0,0,0,0
54.5049,85.139,3.60122,0.34,0.04,3.11656,3.11656,0,0.583904,4.47552,4.25838e+06,2.70226e+06,1.32715e+07,0,0,0,0,82.3653,98.274,3.0784,0,1,1.8408,1.8408,0,1.42186,2.1168,8.84977e+06,3.61194e+06,1.62907e+07,0,0,0,0
54.974,85.139,3.76479,0.37,0.04,3.1173,3.1173,0,0.584043,4.47552,4.25838e+06,2.70226e+06,1.32746e+07,0,0,0,0,82.6098,98.274,3.09045,0,1,1.84124,1.84124,0,1.4222,2.1168,8.84977e+06,3.61194e+06,1.62945e+07,0,0,0,0
56.0162,85.139,4.15094,0.36,0.04,2.72281,2.72281,0,0.584181,4.47552,4.25838e+06,2.70226e+06,1.15947e+07,0,0,0,0,83.2979,98.274,3.7036,0,1,1.58165,1.58165,0,1.42254,2.1168,8.84977e+06,3.61194e+06,1.39972e+07,0,0,0,0
60.2611,85.139,7.22063,0.39,0.04,2.53131,2.72345,0,0.510254,4.47552,4.25838e+06,2.91414e+06,1.07793e+07,0,0,0,0,84.1219,98.274,3.92623,0,1,1.68009,1.58202,0,1.22198,2.1168,8.84977e+06,3.89515e+06,1.48684e+07,0,0,0,0
62.5677,85.139,5.35574,0.36,0.04,2.59184,2.7241,0,0.474367,4.47552,4.25838e+06,2.70226e+06,1.1037e+07,0,0,0,0,84.6287,98.274,3.02017,0,1,1.71466,1.5824,0,1.29803,2.1168,8.84977e+06,3.61194e+06,1.51743e+07,0,0,0,0
66.3606,85.139,6.91411,0.34,0.04,2.59286,2.72474,0,0.485711,4.47552,4.25838e+06,2.70226e+06,1.10414e+07,0,0,0,0,85.2314,98.274,3.36237,0,1,1.71466,1.58277,0,1.32474,2.1168,8.84977e+06,3.61194e+06,1.51743e+07,0,0,0,0
69.0643,85.139,5.79465,0.38,0.04,2.59388,2.72539,0,0.485902,4.47552,4.25838e+06,2.70226e+06,1.10457e+07,0,0,0,0,85.9156,98.274,3.76124,0,1,1.71466,1.58315,0,1.32474,2.1168,8.84977e+06,3.61194e+06,1.51743e+07,0,0,0,0
72.4448,85.139,6.63679,0.31,0.04,2.69451,2.82564,0,0.486094,4.47552,4.25838e+06,2.70226e+06,1.14742e+07,0,0,0,0,87.3866,98.274,4.82177,0,1,1.77834,1.64721,0,1.32474,2.1168,8.84977e+06,3.61194e+06,1.57379e+07,0,0,0,0
75.2169,85.139,6.10584,0.33,0.04,2.75924,2.82631,0,0.504951,4.47552,4.25838e+06,2.70226e+06,1.17499e+07,0,0,0,0,88.549,98.274,4.23304,0,1,1.71467,1.6476,0,1.37395,2.1168,8.84977e+06,3.61194e+06,1.51744e+07,0,0,0,0
79.1048,85.139,7.19467,0.26,0.04,2.76031,2.82698,0,0.517082,4.47552,4.25838e+06,2.70226e+06,1.17544e+07,0,0,0,0,89.5785,98.274,4.79616,0,1,1.71467,1.64799,0,1.32475,2.1168,8.84977e+06,3.61194e+06,1.51744e+07,0,0,0,0
82.425,85.139,6.80805,0.29,0.04,2.76137,2.82765,0,0.517281,4.47552,4.25838e+06,2.70226e+06,1.17589e+07,0,0,0,0,90.761,98.274,5.00065,0,1,1.71467,1.64839,0,1.32475,2.1168,8.84977e+06,3.61194e+06,1.51744e+07,0,0,0,0
83.9195,85.139,4.67281,0.19,0.04,2.72345,2.78934,0,0.51748,4.47552,4.25838e+06,2.70226e+06,1.15975e+07,0,0,0,0,91.4642,98.274,3.61346,0,1,1.68991,1.62402,0,1.32475,2.1168,8.84977e+06,3.61194e+06,1.49553e+07,0,0,0,0
84.6144,85.139,3.85765,0.17,0.04,2.69974,2.79,0,0.510374,4.47552,4.25838e+06,2.70226e+06,1.14965e+07,0,0,0,0,91.8515,98.274,2.91604,0,1,1.71467,1.6244,0,1.30563,2.1168,8.84977e+06,3.61194e+06,1.51744e+07,0,0,0,0
84.9889,85.139,3.44439,0.15,0.04,2.70079,2.79067,0,0.505932,4.47552,4.25838e+06,2.70226e+06,1.1501e+07,0,0,0,0,92.0281,98.274,2.54358,0,1,1.71467,1.62479,0,1.32475,2.1168,8.84977e+06,3.61194e+06,1.51744e+07,0,0,0,0
85.139,85.139,3.31239,0.14,0.04,2.70184,2.79133,0,0.506128,4.47552,4.25838e+06,2.70226e+06,1.15054e+07,0,0,0,0,92.0834,98.274,2.40205,0,1,1.71467,1.62517,0,1.32475,2.1168,8.84977e+06,3.61194e+06,1.51744e+07,0,0,0,0
85.1324,85.139,3.12262,0.08,0.04,2.83533,2.92443,0,0.506324,4.47552,4.25838e+06,2.70226e+06,1.20739e+07,0,0,0,0,91.9747,98.274,2.26227,0,1,1.80255,1.71344,0,1.32475,2.1168,8.84977e+06,3.61194e+06,1.59522e+07,0,0,0,0
84.902,85.139,2.95161,0.11,0.04,2.92429,2.92513,0,0.53134,4.47552,4.25838e+06,2.70226e+06,1.24527e+07,0,0,0,0,92.0761,98.274,2.1884,0,1,1.71469,1.71385,0,1.39265,2.1168,8.84977e+06,3.61194e+06,1.51746e+07,0,0,0,0
84.6298,85.139,2.89768,0.11,0.04,2.92539,2.92582,0,0.548012,4.47552,4.25838e+06,2.70226e+06,1.24574e+07,0,0,0,0,92.1799,98.274,2.20122,0,1,1.71469,1.71426,0,1.32477,2.1168,8.84977e+06,3.61194e+06,1.51746e+07,0,0,0,0
84.0611,85.139,2.60062,0.09,0.04,2.92649,2.92652,0,0.548219,4.47552,4.25838e+06,2.70226e+06,1.24621e+07,0,0,0,0,92.2238,98.274,2.20327,0,1,1.71469,1.71466,0,1.32477,2.1168,8.84977e+06,3.61194e+06,1.51746e+07,0,0,0,0
83.3881,85.139,2.4832,0.08,0.04,2.92721,2.92721,0,0.548425,4.47552,4.25838e+06,2.70226e+06,1.24652e+07,0,0,0,0,92.3901,98.274,2.16437,0,1,1.71507,1.71507,0,1.32477,2.1168,8.84977e+06,3.61194e+06,1.5178e+07,0,0,0,0
82.692,85.139,2.39882,0.07,0.04,2.90168,2.90168,0,0.548559,4.47552,4.25838e+06,2.70226e+06,1.23564e+07,0,0,0,0,92.3995,98.274,2.69149,0,1,1.76384,1.76384,0,1.32506,2.1168,8.84977e+06,3.61194e+06,1.56096e+07,0,0,0,0
81.9014,85.139,2.27266,0.06,0.04,2.90237,2.90237,0,0.543775,4.47552,4.25838e+06,2.70226e+06,1.23594e+07,0,0,0,0,92.3275,98.274,2.69072,0,1,1.76426,1.76426,0,1.36274,2.1168,8.84977e+06,3.61194e+06,1.56133e+07,0,0,0,0
81.0127,85.139,2.15536,0.05,0.04,2.90306,2.90306,0,0.543904,4.47552,4.25838e+06,2.70226e+06,1.23623e+07,0,0,0,0,92.2095,98.274,2.56854,0,1,1.76468,1.76468,0,1.36306,2.1168,8.84977e+06,3.61194e+06,1.5617e+07,0,0,0,0
79.9742,85.139,1.99283,0.05,0.04,2.90374,2.90374,0,0.544033,4.47552,4.25838e+06,2.70226e+06,1.23652e+07,0,0,0,0,92.0268,98.274,2.40317,0,1,1.76509,1.76509,0,1.36339,2.1168,8.84977e+06,3.61194e+06,1.56207e+07,0,0,0,0
78.5962,85.139,1.66923,0.04,0.04,2.97222,2.97222,0,0.544162,4.47552,4.25838e+06,2.70226e+06,1.26568e+07,0,0,0,0,91.6021,98.274,1.92227,0,1,1.80865,1.80865,0,1.36371,2.1168,8.84977e+06,3.61194e+06,1.60062e+07,0,0,0,0
77.1224,85.139,1.55746,0.08,0.04,2.97292,2.97292,0,0.556993,4.47552,4.25838e+06,2.70226e+06,1.26598e+07,0,0,0,0,91.2944,98.274,1.81023,0,1,1.80908,1.80908,0,1.39737,2.1168,8.84977e+06,3.61194e+06,1.601e+07,0,0,0,0
75.5289,85.139,1.40514,0.08,0.04,2.97363,2.97363,0,0.557125,4.47552,4.25838e+06,2.70226e+06,1.26628e+07,0,0,0,0,90.6947,98.274,1.74298,0,1,1.80951,1.80951,0,1.3977,2.1168,8.84977e+06,3.61194e+06,1.60138e+07,0,0,0,0
73.8276,85.139,1.28016,0.08,0.04,2.97433,2.97433,0,0.557258,4.47552,4.25838e+06,2.70226e+06,1.26658e+07,0,0,0,0,90.3832,98.274,1.51177,0,1,1.80994,1.80994,0,1.39803,2.1168,8.84977e+06,3.61194e+06,1.60176e+07,0,0,0,0
72.1442,85.139,1.38652,0.08,0.04,3.10438,3.17373,0,0.55739,4.47552,4.25838e+06,2.91414e+06,1.32196e+07,0,0,0,0,89.9781,98.274,1.8973,1,1,1.92327,1.96623,0,1.39836,2.1168,8.84977e+06,3.89515e+06,1.70205e+07,0,0,0,0
70.4359,85.139,1.3392,0.12,0.04,3.10511,3.17448,0,0.58176,4.47552,4.25838e+06,2.91414e+06,1.32227e+07,0,0,0,0,89.6045,98.274,1.92007,1,1,1.92372,1.9667,0,1.48592,2.1168,8.84977e+06,3.89515e+06,1.70245e+07,0,0,0,0
68.6012,85.139,1.18774,0.12,0.04,3.10585,3.17523,0,0.581898,4.47552,4.25838e+06,2.91414e+06,1.32259e+07,0,0,0,0,89.189,98.274,1.79075,1,1,1.92418,1.96717,0,1.48627,2.1168,8.84977e+06,3.89515e+06,1.70286e+07,0,0,0,0
66.913,85.139,1.31865,0.12,0.04,3.10658,3.17598,0,0.582036,4.47552,4.25838e+06,2.91414e+06,1.3229e+07,0,0,0,0,88.7863,98.274,1.84652,1,1,1.92464,1.96763,0,1.48662,2.1168,8.84977e+06,3.89515e+06,1.70326e+07,0,0,0,0
65.9577,85.139,2.11606,0.16,0.04,3.10732,3.17674,0,0.582174,4.47552,4.25838e+06,2.91414e+06,1.32321e+07,0,0,0,0,88.4834,98.274,2.2287,1,1,1.92509,1.9681,0,1.48697,2.1168,8.84977e+06,3.89515e+06,1.70366e+07,0,0,0,0
64.8412,85.139,1.88724,0.16,0.04,3.08054,3.08054,0,0.582312,4.47552,4.25838e+06,2.70226e+06,1.31181e+07,0,0,0,0,88.2372,98.274,2.31145,0,1,1.87385,1.87385,0,1.48733,2.1168,8.84977e+06,3.61194e+06,1.65831e+07,0,0,0,0
62.9209,85.139,1.05973,0.17,0.04,3.08127,3.08127,0,0.577293,4.47552,4.25838e+06,2.70226e+06,1.31212e+07,0,0,0,0,88.0711,98.274,3.65867,0,1,1.87429,1.87429,0,1.44774,2.1168,8.84977e+06,3.61194e+06,1.65871e+07,0,0,0,0
60.8523,85.139,0.88887,0.17,0.04,3.082,3.082,0,0.57743,4.47552,4.25838e+06,2.70226e+06,1.31243e+07,0,0,0,0,87.6478,98.274,1.93977,0,1,1.87474,1.87474,0,1.44808,2.1168,8.84977e+06,3.61194e+06,1.6591e+07,0,0,0,0
59.1171,85.139,1.25912,0.18,0.04,3.08273,3.08273,0,0.577567,4.47552,4.25838e+06,2.70226e+06,1.31274e+07,0,0,0,0,87.3377,98.274,2.21383,0,1,1.87518,1.87518,0,1.44842,2.1168,8.84977e+06,3.61194e+06,1.65949e+07,0,0,0,0
58.8953,85.139,2.90881,0.18,0.04,3.00381,3.00381,0,0.577704,4.47552,4.25838e+06,2.70226e+06,1.27913e+07,0,0,0,0,87.5653,98.274,3.96406,0,1,1.78933,1.78933,0,1.44876,2.1168,8.84977e+06,3.61194e+06,1.58351e+07,0,0,0,0
57.3291,85.139,1.51493,0.18,0.04,3.00452,3.00452,0,0.562913,4.47552,4.25838e+06,2.70226e+06,1.27944e+07,0,0,0,0,87.6176,98.274,3.44972,0,1,1.78975,1.78975,0,1.38243,2.1168,8.84977e+06,3.61194e+06,1.58389e+07,0,0,0,0
57.8403,85.139,3.55262,0.17,0.04,3.00523,3.00523,0,0.563047,4.47552,4.25838e+06,2.70226e+06,1.27974e+07,0,0,0,0,88.0214,98.274,5.18122,0,1,1.79018,1.79018,0,1.38276,2.1168,8.84977e+06,3.61194e+06,1.58426e+07,0,0,0,0
61.9477,85.139,7.43504,0.17,0.04,3.00594,3.00594,0,0.56318,4.47552,4.25838e+06,2.70226e+06,1.28004e+07,0,0,0,0,89.0821,98.274,8.19219,0,1,1.7906,1.7906,0,1.38309,2.1168,8.84977e+06,3.61194e+06,1.58464e+07,0,0,0,0
62.9055,85.139,4.00223,0.16,0.04,2.78022,2.78022,0,0.563314,4.47552,4.25838e+06,2.70226e+06,1.18392e+07,0,0,0,0,89.7269,98.274,5.30989,0,1,1.61112,1.61112,0,1.38342,2.1168,8.84977e+06,3.61194e+06,1.42581e+07,0,0,0,0
64.5561,85.139,4.83142,0.14,0.04,2.67772,2.78088,0,0.521013,4.47552,4.25838e+06,2.70226e+06,1.14027e+07,0,0,0,0,90.6676,98.274,6.16205,0,1,1.71466,1.6115,0,1.24475,2.1168,8.84977e+06,3.61194e+06,1.51744e+07,0,0,0,0
66.3951,85.139,4.95059,0.15,0.04,2.67876,2.78154,0,0.501804,4.47552,4.25838e+06,2.70226e+06,1.14072e+07,0,0,0,0,93.2538,98.274,11.5784,0,1,1.71466,1.61188,0,1.32475,2.1168,8.84977e+06,3.61194e+06,1.51744e+07,0,0,0,0
70.2036,85.139,7.20783,0.16,0.04,2.6798,2.78219,0,0.501999,4.47552,4.25838e+06,2.70226e+06,1.14116e+07,0,0,0,0,94.9382,98.274,8.47658,0,1,1.71466,1.61227,0,1.32475,2.1168,8.84977e+06,3.61194e+06,1.51744e+07,0,0,0,0
73.0906,85.139,6.22896,0.15,0.04,2.68084,2.78285,0,0.502194,4.47552,4.25838e+06,2.70226e+06,1.1416e+07,0,0,0,0,96.1686,98.274,7.24559,0,1,1.71466,1.61265,0,1.32475,2.1168,8.84977e+06,3.61194e+06,1.51744e+07,0,0,0,0
75.5138,85.139,5.69281,0.15,0.04,2.76906,2.8707,0,0.502389,4.47552,4.25838e+06,2.70226e+06,1.17917e+07,0,0,0,0,96.7606,98.274,4.92526,0,1,1.76681,1.66518,0,1.32475,2.1168,8.84977e+06,3.61194e+06,1.56359e+07,0,0,0,0
80.2779,85.139,8.24227,0.13,0.04,2.82224,2.87135,0,0.518923,4.47552,4.25838e+06,2.70226e+06,1.20182e+07,0,0,0,0,97.4986,98.274,4.98411,0,1,1.71466,1.66555,0,1.36504,2.1168,8.84977e+06,3.61194e+06,1.51743e+07,0,0,0,0
84.6939,85.139,7.97907,0.1,0.04,2.82328,2.872,0,0.528889,4.47552,4.25838e+06,2.70226e+06,1.20226e+07,0,0,0,0,98.6065,98.274,6.37937,0,1,1.71466,1.66593,0,1.32474,2.1168,8.84977e+06,3.61194e+06,1.51743e+07,0,0,0,0
85.139,85.139,5.04571,0.11,0.04,2.82431,2.87265,0,0.529082,4.47552,4.25838e+06,2.70226e+06,1.2027e+07,0,0,0,0,98.936,98.274,3.72466,0,1,1.71466,1.66631,0,1.32474,2.1168,8.84977e+06,3.61194e+06,1.51743e+07,0,0,0,0
85.139,85.139,9.03096,0.07,0.04,3.10559,3.15356,0,0.529275,4.47552,4.25838e+06,2.70226e+06,1.32248e+07,0,0,0,0,99.3022,98.274,5.03461,0,1,1.91063,1.86266,0,1.32475,2.1168,8.84977e+06,3.61194e+06,1.69086e+07,0,0,0,0
85.139,85.139,7.29227,0.07,0.04,3.15428,3.15428,0,0.581988,4.47552,4.25838e+06,2.70226e+06,1.34321e+07,0,0,0,0,99.3022,98.274,6.09292,0,1,1.86308,1.86308,0,1.47615,2.1168,8.84977e+06,3.61194e+06,1.64878e+07,0,0,0,0
85.139,85.139,4.9776,0.08,0.04,3.15499,3.15499,0,0.591111,4.47552,4.25838e+06,2.70226e+06,1.34351e+07,0,0,0,0,99.3022,98.274,4.29734,0,1,1.8635,1.8635,0,1.43942,2.1168,8.84977e+06,3.61194e+06,1.64916e+07,0,0,0,0
85.139,85.139,5.11777,0.09,0.04,3.15571,3.15571,0,0.591246,4.47552,4.25838e+06,2.70226e+06,1.34382e+07,0,0,0,0,99.3022,98.274,3.35429,0,1,1.86393,1.86393,0,1.43974,2.1168,8.84977e+06,3.61194e+06,1.64953e+07,0,0,0,0
85.139,85.139,3.63639,0.07,0.04,2.75633,2.75633,0,0.59138,4.47552,4.25838e+06,2.70226e+06,1.17375e+07,0,0,0,0,99.1599,98.274,2.95153,0,1,1.60112,1.60112,0,1.44007,2.1168,8.84977e+06,3.61194e+06,1.41695e+07,0,0,0,0
84.0527,85.139,2.07859,0.08,0.04,2.64379,2.75695,0,0.516536,4.47552,4.25838e+06,2.70226e+06,1.12583e+07,0,0,0,0,99.232,98.274,2.42761,0,1,1.71464,1.60148,0,1.23703,2.1168,8.84977e+06,3.61194e+06,1.51742e+07,0,0,0,0
85.139,85.139,4.66968,0.12,0.04,2.64478,2.75758,0,0.495447,4.47552,4.25838e+06,2.70226e+06,1.12625e+07,0,0,0,0,99.3022,98.274,4.3911,0,1,1.71464,1.60185,0,1.32473,2.1168,8.84977e+06,3.61194e+06,1.51742e+07,0,0,0,0
85.139,85.139,6.2534,0.09,0.04,2.64577,2.75821,0,0.495632,4.47552,4.25838e+06,2.70226e+06,1.12667e+07,0,0,0,0,99.3022,98.274,6.53146,0,1,1.71464,1.60221,0,1.32473,2.1168,8.84977e+06,3.61194e+06,1.51742e+07,0,0,0,0
85.139,85.139,6.68925,0.1,0.04,2.64676,2.75883,0,0.495818,4.47552,4.25838e+06,2.70226e+06,1.12709e+07,0,0,0,0,99.3022,98.274,5.11581,0,1,1.71464,1.60257,0,1.32473,2.1168,8.84977e+06,3.61194e+06,1.51742e+07,0,0,0,0
85.139,85.139,4.01727,0.11,0.04,2.74858,2.86028,0,0.496003,4.47552,4.25838e+06,2.70226e+06,1.17045e+07,0,0,0,0,99.3022,98.274,4.40283,0,1,1.77911,1.66741,0,1.32473,2.1168,8.84977e+06,3.61194e+06,1.57447e+07,0,0,0,0
85.139,85.139,6.92065,0.12,0.04,2.81406,2.86093,0,0.515083,4.47552,4.25838e+06,2.70226e+06,1.19833e+07,0,0,0,0,99.3022,98.274,6.82036,0,1,1.71466,1.66779,0,1.37454,2.1168,8.84977e+06,3.61194e+06,1.51743e+07,0,0,0,0
85.139,85.139,4.87696,0.13,0.04,2.81509,2.86158,0,0.527355,4.47552,4.25838e+06,2.70226e+06,1.19877e+07,0,0,0,0,99.3022,98.274,5.1878,0,1,1.71466,1.66816,0,1.32475,2.1168,8.84977e+06,3.61194e+06,1.51743e+07,0,0,0,0
85.139,85.139,3.86754,0.12,0.04,2.81611,2.86223,0,0.527547,4.47552,4.25838e+06,2.70226e+06,1.19921e+07,0,0,0,0,99.3022,98.274,4.58655,0,1,1.71466,1.66854,0,1.32475,2.1168,8.84977e+06,3.61194e+06,1.51743e+07,0,0,0,0
85.139,85.139,3.58104,0.13,0.04,2.77768,2.82342,0,0.52774,4.47552,4.25838e+06,2.70226e+06,1.18284e+07,0,0,0,0,99.3022,98.274,4.59012,0,1,1.6896,1.64386,0,1.32475,2.1168,8.84977e+06,3.61194e+06,1.49525e+07,0,0,0,0
84.9726,85.139,3.01193,0.12,0.04,2.75364,2.82406,0,0.520538,4.47552,4.25838e+06,2.70226e+06,1.1726e+07,0,0,0,0,99.3022,98.274,3.68307,0,1,1.71465,1.64423,0,1.30538,2.1168,8.84977e+06,3.61194e+06,1.51743e+07,0,0,0,0
84.4635,85.139,2.63867,0.19,0.04,2.75466,2.8247,0,0.516033,4.47552,4.25838e+06,2.70226e+06,1.17304e+07,0,0,0,0,99.3022,98.274,3.33602,0,1,1.71465,1.64461,0,1.32474,2.1168,8.84977e+06,3.61194e+06,1.51743e+07,0,0,0,0
83.7129,85.139,2.36416,0.17,0.04,2.75567,2.82534,0,0.516223,4.47552,4.25838e+06,2.70226e+06,1.17347e+07,0,0,0,0,99.3022,98.274,2.95443,0,1,1.71465,1.64498,0,1.32474,2.1168,8.84977e+06,3.61194e+06,1.51743e+07,0,0,0,0
82.7114,85.139,2.1893,0.14,0.04,2.89074,2.96004,0,0.516413,4.47552,4.25838e+06,2.70226e+06,1.23099e+07,0,0,0,0,99.3022,98.274,2.785,0,1,1.80361,1.73431,0,1.32474,2.1168,8.84977e+06,3.61194e+06,1.59615e+07,0,0,0,0
81.8435,85.139,2.37754,0.12,0.04,2.96071,2.96071,0,0.541725,4.47552,4.25838e+06,2.70226e+06,1.26078e+07,0,0,0,0,99.3022,98.274,2.8603,0,1,1.7347,1.7347,0,1.39347,2.1168,8.84977e+06,3.61194e+06,1.53517e+07,0,0,0,0
80.9829,85.139,2.28784,0.11,0.04,2.96139,2.96139,0,0.554838,4.47552,4.25838e+06,2.70226e+06,1.26107e+07,0,0,0,0,99.3022,98.274,2.74566,0,1,1.73509,1.73509,0,1.34023,2.1168,8.84977e+06,3.61194e+06,1.53552e+07,0,0,0,0
79.9175,85.139,2.05827,0.09,0.04,2.96206,2.96206,0,0.554964,4.47552,4.25838e+06,2.70226e+06,1.26136e+07,0,0,0,0,99.2329,98.274,2.29577,0,1,1.73549,1.73549,0,1.34053,2.1168,8.84977e+06,3.61194e+06,1.53587e+07,0,0,0,0
78.8,85.139,1.98455,0.08,0.04,2.96273,2.96273,0,0.555089,4.47552,4.25838e+06,2.70226e+06,1.26164e+07,0,0,0,0,99.1481,98.274,2.07843,0,1,1.73588,1.73588,0,1.34084,2.1168,8.84977e+06,3.61194e+06,1.53622e+07,0,0,0,0
77.6463,85.139,1.89165,0.13,0.04,2.93686,2.93686,0,0.555215,4.47552,4.25838e+06,2.70226e+06,1.25063e+07,0,0,0,0,98.9764,98.274,2.15589,0,1,1.78522,1.78522,0,1.34114,2.1168,8.84977e+06,3.61194e+06,1.57988e+07,0,0,0,0
76.4499,85.139,1.8295,0.12,0.04,2.93753,2.93753,0,0.550367,4.47552,4.25838e+06,2.70226e+06,1.25091e+07,0,0,0,0,98.822,98.274,2.1257,0,1,1.78563,1.78563,0,1.37926,2.1168,8.84977e+06,3.61194e+06,1.58024e+07,0,0,0,0
75.1225,85.139,1.68865,0.11,0.04,2.93819,2.93819,0,0.550492,4.47552,4.25838e+06,2.70226e+06,1.25119e+07,0,0,0,0,98.5006,98.274,2.11132,0,1,1.78603,1.78603,0,1.37958,2.1168,8.84977e+06,3.61194e+06,1.5806e+07,0,0,0,0
73.6628,85.139,1.54261,0.1,0.04,2.93886,2.93886,0,0.550617,4.47552,4.25838e+06,2.70226e+06,1.25148e+07,0,0,0,0,98.1258,98.274,1.88515,0,1,1.78644,1.78644,0,1.37989,2.1168,8.84977e+06,3.61194e+06,1.58096e+07,0,0,0,0
72.0794,85.139,1.43885,0.15,0.04,3.00813,3.00813,0,0.550742,4.47552,4.25838e+06,2.70226e+06,1.28097e+07,0,0,0,0,97.8197,98.274,1.78,0,1,1.83051,1.83051,0,1.3802,2.1168,8.84977e+06,3.61194e+06,1.61996e+07,0,0,0,0
70.7584,85.139,1.69586,0.15,0.04,3.00881,3.00881,0,0.563723,4.47552,4.25838e+06,2.70226e+06,1.28126e+07,0,0,0,0,97.7641,98.274,2.11537,0,1,1.83092,1.83092,0,1.41425,2.1168,8.84977e+06,3.61194e+06,1.62032e+07,0,0,0,0
69.3218,85.139,1.55006,0.14,0.04,3.00949,3.00949,0,0.563851,4.47552,4.25838e+06,2.70226e+06,1.28155e+07,0,0,0,0,97.3797,98.274,2.06982,0,1,1.83134,1.83134,0,1.41457,2.1168,8.84977e+06,3.61194e+06,1.62069e+07,0,0,0,0
67.774,85.139,1.42252,0.14,0.04,3.01017,3.01017,0,0.563979,4.47552,4.25838e+06,2.70226e+06,1.28185e+07,0,0,0,0,97.2142,98.274,1.818,0,1,1.83175,1.83175,0,1.41489,2.1168,8.84977e+06,3.61194e+06,1.62106e+07,0,0,0,0
66.2174,85.139,1.49638,0.16,0.04,3.14175,3.21194,0,0.564107,4.47552,4.25838e+06,2.91414e+06,1.33788e+07,0,0,0,0,96.8578,98.274,2.17619,1,1,1.94643,1.98991,0,1.41521,2.1168,8.84977e+06,3.89515e+06,1.72254e+07,0,0,0,0
64.7883,85.139,1.60562,0.16,0.04,3.14247,3.21267,0,0.588765,4.47552,4.25838e+06,2.91414e+06,1.33818e+07,0,0,0,0,96.6649,98.274,2.05516,1,1,1.94687,1.99036,0,1.50381,2.1168,8.84977e+06,3.89515e+06,1.72293e+07,0,0,0,0
63.5686,85.139,1.81193,0.16,0.04,3.14318,3.21339,0,0.588898,4.47552,4.25838e+06,2.91414e+06,1.33848e+07,0,0,0,0,96.3318,98.274,2.42333,1,1,1.94731,1.99081,0,1.50415,2.1168,8.84977e+06,3.89515e+06,1.72332e+07,0,0,0,0
62.0083,85.139,1.4701,0.16,0.04,3.14389,3.21412,0,0.589032,4.47552,4.25838e+06,2.91414e+06,1.33879e+07,0,0,0,0,96.0845,98.274,1.83568,1,1,1.94775,1.99126,0,1.50449,2.1168,8.84977e+06,3.89515e+06,1.72371e+07,0,0,0,0
60.7548,85.139,1.74549,0.19,0.04,3.1446,3.21485,0,0.589165,4.47552,4.25838e+06,2.91414e+06,1.33909e+07,0,0,0,0,96.1117,98.274,2.96166,1,1,1.94819,1.99171,0,1.50483,2.1168,8.84977e+06,3.89515e+06,1.7241e+07,0,0,0,0
59.7757,85.139,1.973,0.19,0.04,3.11747,3.11747,0,0.589299,4.47552,4.25838e+06,2.70226e+06,1.32754e+07,0,0,0,0,95.8701,98.274,2.39116,0,1,1.89631,1.89631,0,1.50517,2.1168,8.84977e+06,3.61194e+06,1.67819e+07,0,0,0,0
58.9995,85.139,2.20607,0.19,0.04,3.11818,3.11818,0,0.584214,4.47552,4.25838e+06,2.70226e+06,1.32784e+07,0,0,0,0,95.6658,98.274,2.47627,0,1,1.89674,1.89674,0,1.46509,2.1168,8.84977e+06,3.61194e+06,1.67857e+07,0,0,0,0
58.4396,85.139,2.46753,0.19,0.04,3.11888,3.11888,0,0.584346,4.47552,4.25838e+06,2.70226e+06,1.32814e+07,0,0,0,0,95.7371,98.274,3.30143,0,1,1.89717,1.89717,0,1.46542,2.1168,8.84977e+06,3.61194e+06,1.67895e+07,0,0,0,0
57.7379,85.139,2.34624,0.19,0.04,3.11959,3.11959,0,0.584479,4.47552,4.25838e+06,2.70226e+06,1.32844e+07,0,0,0,0,95.8203,98.274,3.26768,0,1,1.8976,1.8976,0,1.46576,2.1168,8.84977e+06,3.61194e+06,1.67933e+07,0,0,0,0
57.3204,85.139,2.60437,0.19,0.04,3.03969,3.03969,0,0.584611,4.47552,4.25838e+06,2.70226e+06,1.29441e+07,0,0,0,0,96.0195,98.274,3.56964,0,1,1.8107,1.8107,0,1.46609,2.1168,8.84977e+06,3.61194e+06,1.60243e+07,0,0,0,0
56.9545,85.139,2.58779,0.19,0.04,3.04038,3.04038,0,0.569638,4.47552,4.25838e+06,2.70226e+06,1.29471e+07,0,0,0,0,95.582,98.274,2.50727,0,1,1.81111,1.81111,0,1.39895,2.1168,8.84977e+06,3.61194e+06,1.60279e+07,0,0,0,0
56.2783,85.139,2.30462,0.17,0.04,3.04107,3.04107,0,0.569767,4.47552,4.25838e+06,2.70226e+06,1.295e+07,0,0,0,0,95.4077,98.274,1.85913,0,1,1.81152,1.81152,0,1.39927,2.1168,8.84977e+06,3.61194e+06,1.60316e+07,0,0,0,0
56.3169,85.139,3.04206,0.2,0.04,3.04176,3.04176,0,0.569896,4.47552,4.25838e+06,2.70226e+06,1.2953e+07,0,0,0,0,95.6379,98.274,4.27449,0,1,1.81193,1.81193,0,1.39958,2.1168,8.84977e+06,3.61194e+06,1.60352e+07,0,0,0,0
61.5079,85.139,8.26726,0.21,0.04,2.81332,2.81332,0,0.570025,4.47552,4.25838e+06,2.70226e+06,1.19802e+07,0,0,0,0,97.2075,98.274,8.15159,0,1,1.6303,1.6303,0,1.3999,2.1168,8.84977e+06,3.61194e+06,1.44278e+07,0,0,0,0
62.8476,85.139,4.26727,0.17,0.04,2.72997,2.81395,0,0.527215,4.47552,4.25838e+06,2.70226e+06,1.16253e+07,0,0,0,0,98.1727,98.274,5.62983,0,1,1.71465,1.63067,0,1.25957,2.1168,8.84977e+06,3.61194e+06,1.51743e+07,0,0,0,0
64.5611,85.139,4.63156,0.15,0.04,2.73098,2.81459,0,0.511597,4.47552,4.25838e+06,2.70226e+06,1.16295e+07,0,0,0,0,99.3022,98.274,5.51533,0,1,1.71465,1.63104,0,1.32474,2.1168,8.84977e+06,3.61194e+06,1.51743e+07,0,0,0,0
68.4608,85.139,7.07528,0.16,0.04,2.73199,2.81523,0,0.511786,4.47552,4.25838e+06,2.70226e+06,1.16338e+07,0,0,0,0,99.3022,98.274,8.18423,0,1,1.71465,1.63141,0,1.32474,2.1168,8.84977e+06,3.61194e+06,1.51743e+07,0,0,0,0
71.3888,85.139,6.12579,0.16,0.04,2.733,2.81587,0,0.511975,4.47552,4.25838e+06,2.70226e+06,1.16381e+07,0,0,0,0,99.3022,98.274,9.83242,0,1,1.71465,1.63178,0,1.32474,2.1168,8.84977e+06,3.61194e+06,1.51743e+07,0,0,0,0
75.053,85.139,6.96424,0.16,0.04,2.82222,2.90472,0,0.512163,4.47552,4.25838e+06,2.70226e+06,1.20181e+07,0,0,0,0,99.3022,98.274,8.25763,0,1,1.76742,1.68491,0,1.32474,2.1168,8.84977e+06,3.61194e+06,1.56412e+07,0,0,0,0
76.8944,85.139,5.26828,0.14,0.04,2.87599,2.90535,0,0.528884,4.47552,4.25838e+06,2.70226e+06,1.2247e+07,0,0,0,0,99.3022,98.274,7.47818,0,1,1.71465,1.68528,0,1.3655,2.1168,8.84977e+06,3.61194e+06,1.51742e+07,0,0,0,0
79.9441,85.139,6.46321,0.14,0.04,2.87699,2.90599,0,0.53896,4.47552,4.25838e+06,2.70226e+06,1.22513e+07,0,0,0,0,99.3022,98.274,7.93035,0,1,1.71465,1.68565,0,1.32474,2.1168,8.84977e+06,3.61194e+06,1.51742e+07,0,0,0,0
85.139,85.139,11.0431,0.11,0.04,2.87798,2.90662,0,0.539147,4.47552,4.25838e+06,2.70226e+06,1.22555e+07,0,0,0,0,99.3022,98.274,10.4636,0,1,1.71465,1.68601,0,1.32474,2.1168,8.84977e+06,3.61194e+06,1.51742e+07,0,0,0,0
85.139,85.139,14.2642,0.09,0.04,3.16255,3.19082,0,0.539334,4.47552,4.25838e+06,2.70226e+06,1.34673e+07,0,0,0,0,99.3022,98.274,12.9607,0,1,1.91293,1.88466,0,1.32474,2.1168,8.84977e+06,3.61194e+06,1.6929e+07,0,0,0,0
85.139,85.139,8.07961,0.09,0.04,3.19151,3.19151,0,0.592662,4.47552,4.25838e+06,2.70226e+06,1.35906e+07,0,0,0,0,99.3022,98.274,11.0107,0,1,1.88507,1.88507,0,1.47793,2.1168,8.84977e+06,3.61194e+06,1.66825e+07,0,0,0,0
85.139,85.139,15.8744,0.09,0.04,3.1922,3.1922,0,0.598089,4.47552,4.25838e+06,2.70226e+06,1.35936e+07,0,0,0,0,99.3022,98.274,16.8056,0,1,1.88548,1.88548,0,1.45641,2.1168,8.84977e+06,3.61194e+06,1.66861e+07,0,0,0,0
85.139,85.139,6.91943,0.09,0.04,3.1929,3.1929,0,0.598219,4.47552,4.25838e+06,2.70226e+06,1.35966e+07,0,0,0,0,99.3022,98.274,8.44116,0,1,1.88589,1.88589,0,1.45672,2.1168,8.84977e+06,3.61194e+06,1.66897e+07,0,0,0,0
85.139,85.139,5.08695,0.09,0.04,2.78878,2.78878,0,0.598349,4.47552,4.25838e+06,2.70226e+06,1.18757e+07,0,0,0,0,99.3022,98.274,7.28576,0,1,1.61997,1.61997,0,1.45704,2.1168,8.84977e+06,3.61194e+06,1.43364e+07,0,0,0,0
85.139,85.139,8.13223,0.1,0.04,2.69508,2.78939,0,0.522618,4.47552,4.25838e+06,2.70226e+06,1.14767e+07,0,0,0,0,99.3022,98.274,12.8173,0,1,1.71463,1.62032,0,1.25159,2.1168,8.84977e+06,3.61194e+06,1.51741e+07,0,0,0,0
85.139,85.139,6.93195,0.11,0.04,2.69604,2.78999,0,0.505058,4.47552,4.25838e+06,2.70226e+06,1.14807e+07,0,0,0,0,99.3022,98.274,9.69044,0,1,1.71463,1.62068,0,1.32472,2.1168,8.84977e+06,3.61194e+06,1.51741e+07,0,0,0,0
85.139,85.139,6.60355,0.12,0.04,2.697,2.7906,0,0.505238,4.47552,4.25838e+06,2.70226e+06,1.14848e+07,0,0,0,0,99.3022,98.274,8.47648,0,1,1.71463,1.62103,0,1.32472,2.1168,8.84977e+06,3.61194e+06,1.51741e+07,0,0,0,0
85.139,85.139,6.84069,0.14,0.04,2.69796,2.79121,0,0.505417,4.47552,4.25838e+06,2.70226e+06,1.14889e+07,0,0,0,0,99.3022,98.274,8.422,0,1,1.71463,1.62138,0,1.32472,2.1168,8.84977e+06,3.61194e+06,1.51741e+07,0,0,0,0
85.139,85.139,6.87649,0.15,0.04,2.80092,2.89382,0,0.505597,4.47552,4.25838e+06,2.70226e+06,1.19274e+07,0,0,0,0,99.3022,98.274,8.12894,0,1,1.77986,1.68696,0,1.32472,2.1168,8.84977e+06,3.61194e+06,1.57513e+07,0,0,0,0
85.139,85.139,7.1245,0.16,0.04,2.86713,2.89445,0,0.524893,4.47552,4.25838e+06,2.70226e+06,1.22093e+07,0,0,0,0,99.3022,98.274,14.2507,0,1,1.71465,1.68732,0,1.37512,2.1168,8.84977e+06,3.61194e+06,1.51742e+07,0,0,0,0
85.139,85.139,6.09168,0.14,0.04,2.86812,2.89508,0,0.5373,4.47552,4.25838e+06,2.70226e+06,1.22135e+07,0,0,0,0,99.3022,98.274,11.7221,0,1,1.71465,1.68769,0,1.32474,2.1168,8.84977e+06,3.61194e+06,1.51742e+07,0,0,0,0
85.139,85.139,6.11227,0.14,0.04,2.86912,2.89571,0,0.537486,4.47552,4.25838e+06,2.70226e+06,1.22178e+07,0,0,0,0,99.3022,98.274,8.18271,0,1,1.71465,1.68806,0,1.32474,2.1168,8.84977e+06,3.61194e+06,1.51742e+07,0,0,0,0
85.139,85.139,5.15026,0.13,0.04,2.83019,2.85642,0,0.537673,4.47552,4.25838e+06,2.70226e+06,1.2052e+07,0,0,0,0,99.3022,98.274,7.27862,0,1,1.68929,1.66307,0,1.32474,2.1168,8.84977e+06,3.61194e+06,1.49499e+07,0,0,0,0
85.139,85.139,4.45728,0.14,0.04,2.80583,2.85704,0,0.530378,4.47552,4.25838e+06,2.70226e+06,1.19483e+07,0,0,0,0,99.3022,98.274,6.75807,0,1,1.71464,1.66343,0,1.30515,2.1168,8.84977e+06,3.61194e+06,1.51742e+07,0,0,0,0
85.139,85.139,3.65038,0.14,0.04,2.80681,2.85766,0,0.525812,4.47552,4.25838e+06,2.70226e+06,1.19524e+07,0,0,0,0,99.3022,98.274,4.39026,0,1,1.71464,1.66379,0,1.32473,2.1168,8.84977e+06,3.61194e+06,1.51742e+07,0,0,0,0
85.0703,85.139,3.17379,0.11,0.04,2.80779,2.85828,0,0.525996,4.47552,4.25838e+06,2.70226e+06,1.19566e+07,0,0,0,0,99.3022,98.274,4.09241,0,1,1.71464,1.66415,0,1.32473,2.1168,8.84977e+06,3.61194e+06,1.51742e+07,0,0,0,0
84.6745,85.139,2.91641,0.18,0.04,2.94439,2.99452,0,0.52618,4.47552,4.25838e+06,2.70226e+06,1.25383e+07,0,0,0,0,99.3022,98.274,3.46583,0,1,1.80463,1.75451,0,1.32473,2.1168,8.84977e+06,3.61194e+06,1.59706e+07,0,0,0,0
84.8639,85.139,3.53216,0.15,0.04,2.99517,2.99517,0,0.551779,4.47552,4.25838e+06,2.70226e+06,1.27545e+07,0,0,0,0,99.3022,98.274,4.41362,0,1,1.75489,1.75489,0,1.39426,2.1168,8.84977e+06,3.61194e+06,1.55304e+07,0,0,0,0
84.9303,85.139,3.41387,0.12,0.04,2.99582,2.99582,0,0.561294,4.47552,4.25838e+06,2.70226e+06,1.27573e+07,0,0,0,0,99.3022,98.274,3.94567,0,1,1.75527,1.75527,0,1.35583,2.1168,8.84977e+06,3.61194e+06,1.55337e+07,0,0,0,0
84.7074,85.139,3.11308,0.11,0.04,2.99647,2.99647,0,0.561416,4.47552,4.25838e+06,2.70226e+06,1.27601e+07,0,0,0,0,99.3022,98.274,3.55877,0,1,1.75565,1.75565,0,1.35612,2.1168,8.84977e+06,3.61194e+06,1.55371e+07,0,0,0,0
84.1384,85.139,2.7312,0.1,0.04,2.99712,2.99712,0,0.561538,4.47552,4.25838e+06,2.70226e+06,1.27629e+07,0,0,0,0,99.3022,98.274,3.2703,0,1,1.75603,1.75603,0,1.35642,2.1168,8.84977e+06,3.61194e+06,1.55405e+07,0,0,0,0
83.6669,85.139,2.78459,0.1,0.04,2.97092,2.97092,0,0.56166,4.47552,4.25838e+06,2.70226e+06,1.26513e+07,0,0,0,0,99.3022,98.274,2.96782,0,1,1.80593,1.80593,0,1.35671,2.1168,8.84977e+06,3.61194e+06,1.5982e+07,0,0,0,0
83.2624,85.139,2.80635,0.09,0.04,2.97157,2.97157,0,0.55675,4.47552,4.25838e+06,2.70226e+06,1.2654e+07,0,0,0,0,99.3022,98.274,2.99616,0,1,1.80632,1.80632,0,1.39526,2.1168,8.84977e+06,3.61194e+06,1.59855e+07,0,0,0,0
82.7313,85.139,2.61953,0.08,0.04,2.97221,2.97221,0,0.556871,4.47552,4.25838e+06,2.70226e+06,1.26568e+07,0,0,0,0,99.3022,98.274,2.88276,0,1,1.80671,1.80671,0,1.39556,2.1168,8.84977e+06,3.61194e+06,1.5989e+07,0,0,0,0
82.0376,85.139,2.4402,0.08,0.04,2.97286,2.97286,0,0.556992,4.47552,4.25838e+06,2.70226e+06,1.26595e+07,0,0,0,0,99.3022,98.274,2.91474,0,1,1.8071,1.8071,0,1.39587,2.1168,8.84977e+06,3.61194e+06,1.59925e+07,0,0,0,0
81.1757,85.139,2.31931,0.08,0.04,3.0429,3.0429,0,0.557113,4.47552,4.25838e+06,2.70226e+06,1.29578e+07,0,0,0,0,99.2986,98.274,2.85424,0,1,1.85166,1.85166,0,1.39617,2.1168,8.84977e+06,3.61194e+06,1.63868e+07,0,0,0,0
80.5093,85.139,2.52123,0.07,0.04,3.04356,3.04356,0,0.570239,4.47552,4.25838e+06,2.70226e+06,1.29606e+07,0,0,0,0,99.2262,98.274,2.70673,0,1,1.85207,1.85207,0,1.4306,2.1168,8.84977e+06,3.61194e+06,1.63904e+07,0,0,0,0
79.6099,85.139,2.27486,0.06,0.04,3.04422,3.04422,0,0.570363,4.47552,4.25838e+06,2.70226e+06,1.29634e+07,0,0,0,0,99.1084,98.274,2.61653,0,1,1.85247,1.85247,0,1.43091,2.1168,8.84977e+06,3.61194e+06,1.63939e+07,0,0,0,0
78.5255,85.139,2.07475,0.07,0.04,3.04488,3.04488,0,0.570486,4.47552,4.25838e+06,2.70226e+06,1.29662e+07,0,0,0,0,98.963,98.274,2.41488,0,1,1.85287,1.85287,0,1.43122,2.1168,8.84977e+06,3.61194e+06,1.63975e+07,0,0,0,0
77.0923,85.139,1.80823,0.11,0.04,3.17794,3.24894,0,0.57061,4.47552,4.25838e+06,2.91414e+06,1.35329e+07,0,0,0,0,98.7363,98.274,2.40089,1,1,1.96885,2.01283,0,1.43153,2.1168,8.84977e+06,3.89515e+06,1.74238e+07,0,0,0,0
75.3463,85.139,1.48235,0.12,0.04,3.17863,3.24964,0,0.595547,4.47552,4.25838e+06,2.91414e+06,1.35358e+07,0,0,0,0,98.4248,98.274,2.29757,1,1,1.96927,2.01327,0,1.52113,2.1168,8.84977e+06,3.89515e+06,1.74276e+07,0,0,0,0
73.4306,85.139,1.28534,0.12,0.04,3.17932,3.25035,0,0.595676,4.47552,4.25838e+06,2.91414e+06,1.35388e+07,0,0,0,0,98.0282,98.274,2.12962,1,1,1.9697,2.0137,0,1.52146,2.1168,8.84977e+06,3.89515e+06,1.74314e+07,0,0,0,0
71.6719,85.139,1.4267,0.16,0.04,3.18001,3.25105,0,0.595805,4.47552,4.25838e+06,2.91414e+06,1.35417e+07,0,0,0,0,97.6471,98.274,2.19794,1,1,1.97013,2.01414,0,1.52179,2.1168,8.84977e+06,3.89515e+06,1.74352e+07,0,0,0,0
70.7045,85.139,2.28959,0.16,0.04,3.1807,3.25176,0,0.595934,4.47552,4.25838e+06,2.91414e+06,1.35446e+07,0,0,0,0,97.3948,98.274,2.64716,1,1,1.97056,2.01458,0,1.52212,2.1168,8.84977e+06,3.89515e+06,1.7439e+07,0,0,0,0
69.9764,85.139,2.44698,0.15,0.04,3.08433,3.15323,0,0.596064,4.47552,4.25838e+06,2.91414e+06,1.31342e+07,0,0,0,0,96.8461,98.274,2.29991,1,1,1.87615,1.91806,0,1.52245,2.1168,8.84977e+06,3.89515e+06,1.66035e+07,0,0,0,0
68.0199,85.139,1.16348,0.15,0.04,3.08499,3.15391,0,0.578003,4.47552,4.25838e+06,2.91414e+06,1.31371e+07,0,0,0,0,96.0075,98.274,1.42578,1,1,1.87656,1.91848,0,1.44951,2.1168,8.84977e+06,3.89515e+06,1.66071e+07,0,0,0,0
66.1638,85.139,1.28922,0.17,0.04,3.08566,3.1546,0,0.578128,4.47552,4.25838e+06,2.91414e+06,1.31399e+07,0,0,0,0,95.5229,98.274,1.30991,1,1,1.87697,1.9189,0,1.44983,2.1168,8.84977e+06,3.89515e+06,1.66107e+07,0,0,0,0
64.7142,85.139,1.71751,0.17,0.04,3.08633,3.15528,0,0.578253,4.47552,4.25838e+06,2.91414e+06,1.31428e+07,0,0,0,0,95.1887,98.274,1.79178,1,1,1.87737,1.91931,0,1.45014,2.1168,8.84977e+06,3.89515e+06,1.66143e+07,0,0,0,0
63.7684,85.139,2.32137,0.18,0.04,3.07444,3.07444,0,0.578379,4.47552,4.25838e+06,2.70226e+06,1.30921e+07,0,0,0,0,94.7916,98.274,2.47331,0,1,1.8314,1.8314,0,1.45046,2.1168,8.84977e+06,3.61194e+06,1.62075e+07,0,0,0,0
62.2581,85.139,1.56084,0.17,0.04,3.07511,3.07511,0,0.57615,4.47552,4.25838e+06,2.70226e+06,1.3095e+07,0,0,0,0,94.2075,98.274,1.548,0,1,1.8318,1.8318,0,1.41494,2.1168,8.84977e+06,3.61194e+06,1.6211e+07,0,0,0,0
60.4603,85.139,1.2531,0.2,0.04,3.07577,3.07577,0,0.576275,4.47552,4.25838e+06,2.70226e+06,1.30978e+07,0,0,0,0,93.9013,98.274,1.32365,0,1,1.8322,1.8322,0,1.41525,2.1168,8.84977e+06,3.61194e+06,1.62145e+07,0,0,0,0
59.7149,85.139,2.34961,0.18,0.04,3.07644,3.07644,0,0.5764,4.47552,4.25838e+06,2.70226e+06,1.31006e+07,0,0,0,0,93.9664,98.274,3.83048,0,1,1.83259,1.83259,0,1.41556,2.1168,8.84977e+06,3.61194e+06,1.6218e+07,0,0,0,0
61.0042,85.139,4.32442,0.18,0.04,2.84537,2.84537,0,0.576525,4.47552,4.25838e+06,2.70226e+06,1.21166e+07,0,0,0,0,94.7563,98.274,4.50095,0,1,1.64887,1.64887,0,1.41586,2.1168,8.84977e+06,3.61194e+06,1.45922e+07,0,0,0,0
65.0785,85.139,7.393,0.18,0.04,2.78058,2.84598,0,0.533221,4.47552,4.25838e+06,2.70226e+06,1.18407e+07,0,0,0,0,99.3022,98.274,15.0778,0,1,1.71464,1.64923,0,1.27392,2.1168,8.84977e+06,3.61194e+06,1.51742e+07,0,0,0,0
68.9954,85.139,7.53292,0.17,0.04,2.78155,2.8466,0,0.52108,4.47552,4.25838e+06,2.70226e+06,1.18449e+07,0,0,0,0,99.3022,98.274,9.04481,0,1,1.71464,1.64959,0,1.32473,2.1168,8.84977e+06,3.61194e+06,1.51742e+07,0,0,0,0
71.9613,85.139,6.47277,0.16,0.04,2.78253,2.84722,0,0.521263,4.47552,4.25838e+06,2.70226e+06,1.1849e+07,0,0,0,0,99.3022,98.274,9.01666,0,1,1.71464,1.64995,0,1.32473,2.1168,8.84977e+06,3.61194e+06,1.51742e+07,0,0,0,0
74.3569,85.139,5.79051,0.16,0.04,2.7835,2.84783,0,0.521445,4.47552,4.25838e+06,2.70226e+06,1.18532e+07,0,0,0,0,99.3022,98.274,8.28657,0,1,1.71464,1.6503,0,1.32473,2.1168,8.84977e+06,3.61194e+06,1.51742e+07,0,0,0,0
78.4809,85.139,7.60065,0.14,0.04,2.78386,2.84783,0,0.521628,4.47552,4.25838e+06,2.70226e+06,1.18547e+07,0,0,0,0,99.3022,98.274,8.28746,0,1,1.71428,1.6503,0,1.32473,2.1168,8.84977e+06,3.61194e+06,1.5171e+07,0,0,0,0
78.5873,85.139,3.44892,0.15,0.04,2.8737,2.93767,0,0.521695,4.47552,4.25838e+06,2.70226e+06,1.22373e+07,0,0,0,0,99.3022,98.274,6.11152,0,1,1.768,1.70403,0,1.32445,2.1168,8.84977e+06,3.61194e+06,1.56464e+07,0,0,0,0
79.1654,85.139,3.94203,0.15,0.04,2.92803,2.93828,0,0.538531,4.47552,4.25838e+06,2.70226e+06,1.24686e+07,0,0,0,0,99.3022,98.274,5.54926,0,1,1.71463,1.70438,0,1.36596,2.1168,8.84977e+06,3.61194e+06,1.51741e+07,0,0,0,0
78.4547,85.139,2.58987,0.15,0.04,2.92899,2.93889,0,0.548713,4.47552,4.25838e+06,2.70226e+06,1.24728e+07,0,0,0,0,99.3022,98.274,3.99927,0,1,1.71463,1.70473,0,1.32473,2.1168,8.84977e+06,3.61194e+06,1.51741e+07,0,0,0,0
78.9171,85.139,3.83528,0.15,0.04,2.92996,2.9395,0,0.548893,4.47552,4.25838e+06,2.70226e+06,1.24769e+07,0,0,0,0,99.3022,98.274,6.70835,0,1,1.71463,1.70509,0,1.32473,2.1168,8.84977e+06,3.61194e+06,1.51741e+07,0,0,0,0
85.139,85.139,11.1024,0.16,0.04,3.15637,3.22689,0,0.549074,4.47552,4.25838e+06,2.91414e+06,1.3441e+07,0,0,0,0,99.3022,98.274,11.8757,1,1,1.86432,1.90597,0,1.32473,2.1168,8.84977e+06,3.89515e+06,1.64988e+07,0,0,0,0
85.139,85.139,6.05133,0.09,0.04,3.15703,3.22756,0,0.591505,4.47552,4.25838e+06,2.91414e+06,1.34438e+07,0,0,0,0,99.3022,98.274,6.72087,1,1,1.86471,1.90636,0,1.44037,2.1168,8.84977e+06,3.89515e+06,1.65022e+07,0,0,0,0
85.139,85.139,4.71956,0.1,0.04,3.15769,3.22823,0,0.591628,4.47552,4.25838e+06,2.91414e+06,1.34466e+07,0,0,0,0,99.3022,98.274,5.81091,1,1,1.86509,1.90676,0,1.44067,2.1168,8.84977e+06,3.89515e+06,1.65057e+07,0,0,0,0
85.139,85.139,4.34631,0.1,0.04,3.15834,3.2289,0,0.59175,4.47552,4.25838e+06,2.91414e+06,1.34494e+07,0,0,0,0,99.3022,98.274,6.4587,1,1,1.86548,1.90716,0,1.44097,2.1168,8.84977e+06,3.89515e+06,1.65091e+07,0,0,0,0
85.139,85.139,4.20331,0.1,0.04,2.8202,2.8202,0,0.591873,4.47552,4.25838e+06,2.70226e+06,1.20095e+07,0,0,0,0,99.3022,98.274,6.63325,0,1,1.63822,1.63822,0,1.44127,2.1168,8.84977e+06,3.61194e+06,1.44979e+07,0,0,0,0
85.139,85.139,4.18914,0.12,0.04,2.74473,2.82079,0,0.528506,4.47552,4.25838e+06,2.70226e+06,1.16881e+07,0,0,0,0,99.3022,98.274,6.97638,0,1,1.71462,1.63856,0,1.26569,2.1168,8.84977e+06,3.61194e+06,1.5174e+07,0,0,0,0
85.139,85.139,7.33875,0.12,0.04,2.74566,2.82137,0,0.514362,4.47552,4.25838e+06,2.70226e+06,1.1692e+07,0,0,0,0,99.3022,98.274,12.9698,0,1,1.71462,1.6389,0,1.32472,2.1168,8.84977e+06,3.61194e+06,1.5174e+07,0,0,0,0
85.139,85.139,6.62586,0.14,0.04,2.74658,2.82196,0,0.514536,4.47552,4.25838e+06,2.70226e+06,1.1696e+07,0,0,0,0,99.3022,98.274,10.6946,0,1,1.71462,1.63924,0,1.32472,2.1168,8.84977e+06,3.61194e+06,1.5174e+07,0,0,0,0
85.139,85.139,6.33648,0.16,0.04,2.74751,2.82254,0,0.514709,4.47552,4.25838e+06,2.70226e+06,1.16999e+07,0,0,0,0,99.3022,98.274,10.6034,0,1,1.71462,1.63958,0,1.32472,2.1168,8.84977e+06,3.61194e+06,1.5174e+07,0,0,0,0
85.139,85.139,7.25487,0.16,0.04,2.85159,2.92628,0,0.514883,4.47552,4.25838e+06,2.70226e+06,1.21431e+07,0,0,0,0,99.3022,98.274,9.95138,0,1,1.78058,1.70588,0,1.32472,2.1168,8.84977e+06,3.61194e+06,1.57577e+07,0,0,0,0
85.139,85.139,5.98126,0.18,0.04,2.91849,2.92689,0,0.534387,4.47552,4.25838e+06,2.70226e+06,1.2428e+07,0,0,0,0,99.3022,98.274,9.33049,0,1,1.71463,1.70624,0,1.37567,2.1168,8.84977e+06,3.61194e+06,1.51741e+07,0,0,0,0
85.139,85.139,4.82439,0.17,0.04,2.91945,2.9275,0,0.546925,4.47552,4.25838e+06,2.70226e+06,1.24321e+07,0,0,0,0,99.3022,98.274,6.44012,0,1,1.71463,1.70659,0,1.32473,2.1168,8.84977e+06,3.61194e+06,1.51741e+07,0,0,0,0
85.139,85.139,4.22779,0.16,0.04,2.92042,2.92811,0,0.547106,4.47552,4.25838e+06,2.70226e+06,1.24362e+07,0,0,0,0,99.3022,98.274,5.1116,0,1,1.71463,1.70694,0,1.32473,2.1168,8.84977e+06,3.61194e+06,1.51741e+07,0,0,0,0
85.139,85.139,4.1047,0.14,0.04,2.88101,2.88835,0,0.547286,4.47552,4.25838e+06,2.70226e+06,1.22684e+07,0,0,0,0,99.3022,98.274,5.41108,0,1,1.689,1.68166,0,1.32473,2.1168,8.84977e+06,3.61194e+06,1.49472e+07,0,0,0,0
85.0812,85.139,3.27995,0.14,0.04,2.85633,2.88895,0,0.539902,4.47552,4.25838e+06,2.70226e+06,1.21633e+07,0,0,0,0,99.3022,98.274,3.93708,0,1,1.71463,1.68201,0,1.30492,2.1168,8.84977e+06,3.61194e+06,1.51741e+07,0,0,0,0
85.0714,85.139,3.30777,0.23,0.04,2.85728,2.88955,0,0.535276,4.47552,4.25838e+06,2.70226e+06,1.21674e+07,0,0,0,0,99.3022,98.274,3.83431,0,1,1.71463,1.68236,0,1.32472,2.1168,8.84977e+06,3.61194e+06,1.51741e+07,0,0,0,0
84.6543,85.139,2.81078,0.19,0.04,2.85823,2.89015,0,0.535454,4.47552,4.25838e+06,2.70226e+06,1.21714e+07,0,0,0,0,99.3022,98.274,4.09306,0,1,1.71463,1.68271,0,1.32472,2.1168,8.84977e+06,3.61194e+06,1.51741e+07,0,0,0,0
84.0033,85.139,2.67154,0.17,0.04,2.99631,3.02788,0,0.535632,4.47552,4.25838e+06,2.70226e+06,1.27594e+07,0,0,0,0,99.3022,98.274,3.68499,0,1,1.80562,1.77405,0,1.32472,2.1168,8.84977e+06,3.61194e+06,1.59794e+07,0,0,0,0
83.3025,85.139,2.62816,0.13,0.04,3.02851,3.02851,0,0.561508,4.47552,4.25838e+06,2.70226e+06,1.28965e+07,0,0,0,0,99.3022,98.274,3.17701,0,1,1.77442,1.77442,0,1.39503,2.1168,8.84977e+06,3.61194e+06,1.57032e+07,0,0,0,0
82.3677,85.139,2.33792,0.13,0.04,3.02913,3.02913,0,0.567542,4.47552,4.25838e+06,2.70226e+06,1.28992e+07,0,0,0,0,99.3022,98.274,3.04056,0,1,1.77479,1.77479,0,1.37092,2.1168,8.84977e+06,3.61194e+06,1.57065e+07,0,0,0,0
81.3451,85.139,2.21455,0.11,0.04,3.02976,3.02976,0,0.56766,4.47552,4.25838e+06,2.70226e+06,1.29019e+07,0,0,0,0,99.2591,98.274,2.88608,0,1,1.77516,1.77516,0,1.3712,2.1168,8.84977e+06,3.61194e+06,1.57097e+07,0,0,0,0
80.2958,85.139,2.16272,0.1,0.04,3.03039,3.03039,0,0.567778,4.47552,4.25838e+06,2.70226e+06,1.29045e+07,0,0,0,0,99.1812,98.274,2.84141,0,1,1.77553,1.77553,0,1.37149,2.1168,8.84977e+06,3.61194e+06,1.5713e+07,0,0,0,0
79.2153,85.139,2.07778,0.1,0.04,3.00387,3.00387,0,0.567895,4.47552,4.25838e+06,2.70226e+06,1.27916e+07,0,0,0,0,99.0454,98.274,2.95206,0,1,1.82596,1.82596,0,1.37177,2.1168,8.84977e+06,3.61194e+06,1.61593e+07,0,0,0,0
77.9767,85.139,1.90322,0.14,0.04,3.0045,3.0045,0,0.562926,4.47552,4.25838e+06,2.70226e+06,1.27943e+07,0,0,0,0,98.8708,98.274,2.59355,0,1,1.82634,1.82634,0,1.41074,2.1168,8.84977e+06,3.61194e+06,1.61627e+07,0,0,0,0
76.6234,85.139,1.74641,0.14,0.04,3.00512,3.00512,0,0.563043,4.47552,4.25838e+06,2.70226e+06,1.27969e+07,0,0,0,0,98.6236,98.274,2.55486,0,1,1.82672,1.82672,0,1.41103,2.1168,8.84977e+06,3.61194e+06,1.6166e+07,0,0,0,0
75.1922,85.139,1.6322,0.13,0.04,3.00574,3.00574,0,0.56316,4.47552,4.25838e+06,2.70226e+06,1.27996e+07,0,0,0,0,98.3119,98.274,2.46989,0,1,1.8271,1.8271,0,1.41132,2.1168,8.84977e+06,3.61194e+06,1.61694e+07,0,0,0,0
73.5033,85.139,1.42524,0.13,0.04,3.07653,3.07653,0,0.563277,4.47552,4.25838e+06,2.70226e+06,1.3101e+07,0,0,0,0,97.9989,98.274,2.21331,0,1,1.87213,1.87213,0,1.41161,2.1168,8.84977e+06,3.61194e+06,1.65679e+07,0,0,0,0
71.795,85.139,1.39293,0.17,0.04,3.07717,3.07717,0,0.576542,4.47552,4.25838e+06,2.70226e+06,1.31037e+07,0,0,0,0,97.6464,98.274,2.32006,0,1,1.87252,1.87252,0,1.44641,2.1168,8.84977e+06,3.61194e+06,1.65714e+07,0,0,0,0
70.0183,85.139,1.29966,0.16,0.04,3.07781,3.07781,0,0.576662,4.47552,4.25838e+06,2.70226e+06,1.31065e+07,0,0,0,0,97.2599,98.274,2.19234,0,1,1.87291,1.87291,0,1.44671,2.1168,8.84977e+06,3.61194e+06,1.65748e+07,0,0,0,0
68.1584,85.139,1.19274,0.16,0.04,3.07845,3.07845,0,0.576781,4.47552,4.25838e+06,2.70226e+06,1.31092e+07,0,0,0,0,96.8704,98.274,2.05473,0,1,1.8733,1.8733,0,1.44701,2.1168,8.84977e+06,3.61194e+06,1.65782e+07,0,0,0,0
66.1572,85.139,1.12702,0.15,0.04,3.21295,3.28472,0,0.576901,4.47552,4.25838e+06,2.91414e+06,1.36819e+07,0,0,0,0,96.4759,98.274,2.67605,1,1,1.99053,2.035,0,1.44731,2.1168,8.84977e+06,3.89515e+06,1.76158e+07,0,0,0,0
63.8349,85.139,0.775366,0.19,0.04,3.21362,3.28541,0,0.602107,4.47552,4.25838e+06,2.91414e+06,1.36848e+07,0,0,0,0,96.0058,98.274,2.33335,1,1,1.99095,2.03542,0,1.53789,2.1168,8.84977e+06,3.89515e+06,1.76194e+07,0,0,0,0
61.5974,85.139,0.833069,0.18,0.04,3.21428,3.28609,0,0.602232,4.47552,4.25838e+06,2.91414e+06,1.36876e+07,0,0,0,0,95.5428,98.274,2.36198,1,1,1.99136,2.03585,0,1.53821,2.1168,8.84977e+06,3.89515e+06,1.76231e+07,0,0,0,0
59.7894,85.139,1.29145,0.2,0.04,3.21495,3.28677,0,0.602357,4.47552,4.25838e+06,2.91414e+06,1.36905e+07,0,0,0,0,95.1653,98.274,2.80665,1,1,1.99177,2.03627,0,1.53852,2.1168,8.84977e+06,3.89515e+06,1.76267e+07,0,0,0,0
58.6725,85.139,1.97613,0.2,0.04,3.21562,3.28745,0,0.602481,4.47552,4.25838e+06,2.91414e+06,1.36933e+07,0,0,0,0,95.0305,98.274,3.59464,1,1,1.99219,2.03669,0,1.53884,2.1168,8.84977e+06,3.89515e+06,1.76304e+07,0,0,0,0
57.6482,85.139,1.99094,0.19,0.04,3.11815,3.18781,0,0.602606,4.47552,4.25838e+06,2.91414e+06,1.32783e+07,0,0,0,0,95.0612,98.274,5.21531,1,1,1.89673,1.9391,0,1.53916,2.1168,8.84977e+06,3.89515e+06,1.67856e+07,0,0,0,0
56.371,85.139,1.7241,0.2,0.04,3.1188,3.18847,0,0.584341,4.47552,4.25838e+06,2.91414e+06,1.3281e+07,0,0,0,0,94.9776,98.274,3.39976,1,1,1.89712,1.9395,0,1.46541,2.1168,8.84977e+06,3.89515e+06,1.67891e+07,0,0,0,0
54.919,85.139,1.49509,0.23,0.04,3.11944,3.18913,0,0.584463,4.47552,4.25838e+06,2.91414e+06,1.32838e+07,0,0,0,0,94.8588,98.274,3.83747,1,1,1.89751,1.9399,0,1.46572,2.1168,8.84977e+06,3.89515e+06,1.67926e+07,0,0,0,0
54.0294,85.139,2.17246,0.22,0.04,3.12009,3.18979,0,0.584584,4.47552,4.25838e+06,2.91414e+06,1.32865e+07,0,0,0,0,94.8151,98.274,3.65385,1,1,1.89791,1.94031,0,1.46602,2.1168,8.84977e+06,3.89515e+06,1.67961e+07,0,0,0,0
54.9148,85.139,4.12281,0.22,0.04,3.10804,3.10804,0,0.584705,4.47552,4.25838e+06,2.70226e+06,1.32352e+07,0,0,0,0,95.7825,98.274,7.24974,0,1,1.85142,1.85142,0,1.46632,2.1168,8.84977e+06,3.61194e+06,1.63846e+07,0,0,0,0
55.4384,85.139,3.66669,0.22,0.04,3.10868,3.10868,0,0.582446,4.47552,4.25838e+06,2.70226e+06,1.32379e+07,0,0,0,0,96.4527,98.274,5.7848,0,1,1.8518,1.8518,0,1.4304,2.1168,8.84977e+06,3.61194e+06,1.6388e+07,0,0,0,0
55.197,85.139,2.80691,0.22,0.04,3.10933,3.10933,0,0.582567,4.47552,4.25838e+06,2.70226e+06,1.32407e+07,0,0,0,0,96.7887,98.274,4.44883,0,1,1.85218,1.85218,0,1.4307,2.1168,8.84977e+06,3.61194e+06,1.63914e+07,0,0,0,0
55.5436,85.139,3.52625,0.22,0.04,3.10997,3.10997,0,0.582688,4.47552,4.25838e+06,2.70226e+06,1.32434e+07,0,0,0,0,97.8487,98.274,6.89642,0,1,1.85257,1.85257,0,1.431,2.1168,8.84977e+06,3.61194e+06,1.63948e+07,0,0,0,0
55.6213,85.139,3.10911,0.24,0.04,2.87635,2.87635,0,0.582809,4.47552,4.25838e+06,2.70226e+06,1.22486e+07,0,0,0,0,98.4781,98.274,5.2404,0,1,1.66683,1.66683,0,1.43129,2.1168,8.84977e+06,3.61194e+06,1.47511e+07,0,0,0,0
55.0577,85.139,2.28579,0.25,0.04,2.8295,2.87695,0,0.539028,4.47552,4.25838e+06,2.70226e+06,1.20491e+07,0,0,0,0,98.5776,98.274,3.67965,0,1,1.71463,1.66718,0,1.28779,2.1168,8.84977e+06,3.61194e+06,1.5174e+07,0,0,0,0
57.4093,85.139,5.2545,0.24,0.04,2.83044,2.87754,0,0.530248,4.47552,4.25838e+06,2.70226e+06,1.20531e+07,0,0,0,0,99.3022,98.274,6.32112,0,1,1.71463,1.66752,0,1.32472,2.1168,8.84977e+06,3.61194e+06,1.5174e+07,0,0,0,0
63.2137,85.139,9.11842,0.24,0.04,2.83138,2.87814,0,0.530424,4.47552,4.25838e+06,2.70226e+06,1.20571e+07,0,0,0,0,99.3022,98.274,11.1627,0,1,1.71463,1.66787,0,1.32472,2.1168,8.84977e+06,3.61194e+06,1.5174e+07,0,0,0,0
66.5141,85.139,6.74637,0.21,0.04,2.83232,2.87874,0,0.530601,4.47552,4.25838e+06,2.70226e+06,1.20611e+07,0,0,0,0,99.3022,98.274,7.70333,0,1,1.71463,1.66821,0,1.32472,2.1168,8.84977e+06,3.61194e+06,1.5174e+07,0,0,0,0
70.8696,85.139,7.90822,0.23,0.04,2.92345,2.96952,0,0.530778,4.47552,4.25838e+06,2.70226e+06,1.24492e+07,0,0,0,0,99.3022,98.274,7.83556,0,1,1.76857,1.7225,0,1.32472,2.1168,8.84977e+06,3.61194e+06,1.56514e+07,0,0,0,0
75.7904,85.139,8.42593,0.2,0.04,2.97011,2.97011,0,0.547855,4.47552,4.25838e+06,2.70226e+06,1.26479e+07,0,0,0,0,99.3022,98.274,9.8898,0,1,1.72284,1.72284,0,1.3664,2.1168,8.84977e+06,3.61194e+06,1.52468e+07,0,0,0,0
85.139,85.139,19.2222,0.17,0.04,2.9707,2.9707,0,0.556599,4.47552,4.25838e+06,2.70226e+06,1.26504e+07,0,0,0,0,99.3022,98.274,13.5475,0,1,1.72319,1.72319,0,1.33107,2.1168,8.84977e+06,3.61194e+06,1.52498e+07,0,0,0,0
85.139,85.139,11.7092,0.1,0.04,2.97129,2.97129,0,0.556709,4.47552,4.25838e+06,2.70226e+06,1.26529e+07,0,0,0,0,99.3022,98.274,9.83949,0,1,1.72353,1.72353,0,1.33133,2.1168,8.84977e+06,3.61194e+06,1.52528e+07,0,0,0,0
85.139,85.139,7.73501,0.09,0.04,3.19048,3.26175,0,0.55682,4.47552,4.25838e+06,2.91414e+06,1.35862e+07,0,0,0,0,99.3022,98.274,9.67161,1,1,1.88446,1.92656,0,1.3316,2.1168,8.84977e+06,3.89515e+06,1.66771e+07,0,0,0,0
85.139,85.139,9.31088,0.1,0.04,3.19111,3.2624,0,0.597895,4.47552,4.25838e+06,2.91414e+06,1.35889e+07,0,0,0,0,99.3022,98.274,12.0186,1,1,1.88484,1.92694,0,1.45593,2.1168,8.84977e+06,3.89515e+06,1.66804e+07,0,0,0,0
85.139,85.139,5.5881,0.11,0.04,3.19174,3.26304,0,0.598014,4.47552,4.25838e+06,2.91414e+06,1.35916e+07,0,0,0,0,99.3022,98.274,7.27034,1,1,1.88521,1.92732,0,1.45622,2.1168,8.84977e+06,3.89515e+06,1.66837e+07,0,0,0,0
85.139,85.139,3.9991,0.11,0.04,3.19238,3.26369,0,0.598133,4.47552,4.25838e+06,2.91414e+06,1.35943e+07,0,0,0,0,99.3022,98.274,5.53311,1,1,1.88558,1.92771,0,1.45651,2.1168,8.84977e+06,3.89515e+06,1.6687e+07,0,0,0,0
85.139,85.139,4.6248,0.1,0.04,2.85056,2.85056,0,0.598251,4.47552,4.25838e+06,2.70226e+06,1.21388e+07,0,0,0,0,99.3022,98.274,5.40469,0,1,1.65586,1.65586,0,1.4568,2.1168,8.84977e+06,3.61194e+06,1.4654e+07,0,0,0,0
85.139,85.139,4.90826,0.12,0.04,2.79271,2.85113,0,0.534196,4.47552,4.25838e+06,2.70226e+06,1.18924e+07,0,0,0,0,99.3022,98.274,5.73307,0,1,1.71461,1.65619,0,1.27932,2.1168,8.84977e+06,3.61194e+06,1.51739e+07,0,0,0,0
85.139,85.139,7.15752,0.14,0.04,2.7936,2.85169,0,0.523354,4.47552,4.25838e+06,2.70226e+06,1.18962e+07,0,0,0,0,99.3022,98.274,6.6224,0,1,1.71461,1.65652,0,1.32471,2.1168,8.84977e+06,3.61194e+06,1.51739e+07,0,0,0,0
85.139,85.139,7.00391,0.15,0.04,2.7945,2.85226,0,0.523521,4.47552,4.25838e+06,2.70226e+06,1.19e+07,0,0,0,0,99.3022,98.274,6.55155,0,1,1.71461,1.65685,0,1.32471,2.1168,8.84977e+06,3.61194e+06,1.51739e+07,0,0,0,0
85.139,85.139,9.0523,0.17,0.04,2.79539,2.85283,0,0.523689,4.47552,4.25838e+06,2.70226e+06,1.19038e+07,0,0,0,0,99.3022,98.274,7.89836,0,1,1.71461,1.65717,0,1.32471,2.1168,8.84977e+06,3.61194e+06,1.51739e+07,0,0,0,0
85.139,85.139,3.87686,0.17,0.04,2.90054,2.95765,0,0.523856,4.47552,4.25838e+06,2.70226e+06,1.23516e+07,0,0,0,0,99.3022,98.274,5.40515,0,1,1.78127,1.72417,0,1.32471,2.1168,8.84977e+06,3.61194e+06,1.57639e+07,0,0,0,0
85.139,85.139,5.15997,0.19,0.04,2.95824,2.95824,0,0.543562,4.47552,4.25838e+06,2.70226e+06,1.25973e+07,0,0,0,0,99.3022,98.274,7.47892,0,1,1.72451,1.72451,0,1.37621,2.1168,8.84977e+06,3.61194e+06,1.52615e+07,0,0,0,0
85.139,85.139,3.65493,0.19,0.04,2.95882,2.95882,0,0.554373,4.47552,4.25838e+06,2.70226e+06,1.25998e+07,0,0,0,0,99.3022,98.274,5.0155,0,1,1.72485,1.72485,0,1.33236,2.1168,8.84977e+06,3.61194e+06,1.52645e+07,0,0,0,0
84.8803,85.139,3.18573,0.18,0.04,2.95941,2.95941,0,0.554483,4.47552,4.25838e+06,2.70226e+06,1.26023e+07,0,0,0,0,99.3022,98.274,4.23525,0,1,1.72519,1.72519,0,1.33262,2.1168,8.84977e+06,3.61194e+06,1.52676e+07,0,0,0,0
83.8992,85.139,2.37283,0.28,0.04,2.9192,2.9192,0,0.554593,4.47552,4.25838e+06,2.70226e+06,1.24311e+07,0,0,0,0,99.3022,98.274,3.4949,0,1,1.69962,1.69962,0,1.33288,2.1168,8.84977e+06,3.61194e+06,1.50413e+07,0,0,0,0
83.6315,85.139,3.0864,0.26,0.04,2.90512,2.91978,0,0.547058,4.47552,4.25838e+06,2.70226e+06,1.23711e+07,0,0,0,0,99.3022,98.274,3.67582,0,1,1.71462,1.69996,0,1.31313,2.1168,8.84977e+06,3.61194e+06,1.5174e+07,0,0,0,0
83.1124,85.139,2.82181,0.25,0.04,2.90604,2.92036,0,0.54442,4.47552,4.25838e+06,2.70226e+06,1.2375e+07,0,0,0,0,99.3022,98.274,3.56146,0,1,1.71462,1.7003,0,1.32471,2.1168,8.84977e+06,3.61194e+06,1.5174e+07,0,0,0,0
81.9692,85.139,2.11572,0.21,0.04,2.90695,2.92094,0,0.544591,4.47552,4.25838e+06,2.70226e+06,1.23789e+07,0,0,0,0,99.3022,98.274,3.09512,0,1,1.71462,1.70063,0,1.32471,2.1168,8.84977e+06,3.61194e+06,1.5174e+07,0,0,0,0
80.8356,85.139,2.19155,0.2,0.04,3.04646,3.0601,0,0.544763,4.47552,4.25838e+06,2.70226e+06,1.2973e+07,0,0,0,0,99.3022,98.274,3.09429,0,1,1.80658,1.79293,0,1.32471,2.1168,8.84977e+06,3.61194e+06,1.59878e+07,0,0,0,0
79.7387,85.139,2.19847,0.18,0.04,3.06071,3.06071,0,0.570906,4.47552,4.25838e+06,2.70226e+06,1.30337e+07,0,0,0,0,99.3022,98.274,3.0229,0,1,1.79329,1.79329,0,1.39576,2.1168,8.84977e+06,3.61194e+06,1.58702e+07,0,0,0,0
78.5943,85.139,2.13256,0.15,0.04,3.06132,3.06132,0,0.573577,4.47552,4.25838e+06,2.70226e+06,1.30362e+07,0,0,0,0,99.3022,98.274,2.75986,0,1,1.79365,1.79365,0,1.3855,2.1168,8.84977e+06,3.61194e+06,1.58734e+07,0,0,0,0
77.2261,85.139,1.87177,0.24,0.04,3.06192,3.06192,0,0.573691,4.47552,4.25838e+06,2.70226e+06,1.30388e+07,0,0,0,0,99.3022,98.274,2.58299,0,1,1.794,1.794,0,1.38577,2.1168,8.84977e+06,3.61194e+06,1.58765e+07,0,0,0,0
75.9645,85.139,1.9286,0.19,0.04,3.06253,3.06253,0,0.573805,4.47552,4.25838e+06,2.70226e+06,1.30414e+07,0,0,0,0,99.3022,98.274,2.91998,0,1,1.79436,1.79436,0,1.38605,2.1168,8.84977e+06,3.61194e+06,1.58797e+07,0,0,0,0
75.0576,85.139,2.25346,0.19,0.04,3.0357,3.0357,0,0.573918,4.47552,4.25838e+06,2.70226e+06,1.29272e+07,0,0,0,0,99.3022,98.274,3.80094,0,1,1.84531,1.84531,0,1.38632,2.1168,8.84977e+06,3.61194e+06,1.63306e+07,0,0,0,0
74.0065,85.139,2.08993,0.16,0.04,3.03631,3.03631,0,0.568891,4.47552,4.25838e+06,2.70226e+06,1.29297e+07,0,0,0,0,99.3022,98.274,3.79033,0,1,1.84567,1.84567,0,1.42568,2.1168,8.84977e+06,3.61194e+06,1.63338e+07,0,0,0,0
72.8265,85.139,1.94345,0.16,0.04,3.03691,3.03691,0,0.569004,4.47552,4.25838e+06,2.70226e+06,1.29323e+07,0,0,0,0,99.3022,98.274,3.79499,0,1,1.84604,1.84604,0,1.42597,2.1168,8.84977e+06,3.61194e+06,1.6337e+07,0,0,0,0
71.6211,85.139,1.89565,0.19,0.04,3.03751,3.03751,0,0.569116,4.47552,4.25838e+06,2.70226e+06,1.29349e+07,0,0,0,0,99.3022,98.274,3.61515,0,1,1.8464,1.8464,0,1.42625,2.1168,8.84977e+06,3.61194e+06,1.63403e+07,0,0,0,0
70.3685,85.139,1.85922,0.18,0.04,3.10901,3.10901,0,0.569229,4.47552,4.25838e+06,2.70226e+06,1.32394e+07,0,0,0,0,99.3022,98.274,3.05906,0,1,1.8919,1.8919,0,1.42653,2.1168,8.84977e+06,3.61194e+06,1.67429e+07,0,0,0,0
69.1337,85.139,1.89522,0.17,0.04,3.10963,3.10963,0,0.582629,4.47552,4.25838e+06,2.70226e+06,1.3242e+07,0,0,0,0,99.3022,98.274,3.10823,0,1,1.89227,1.89227,0,1.46168,2.1168,8.84977e+06,3.61194e+06,1.67462e+07,0,0,0,0
67.7982,85.139,1.75508,0.16,0.04,3.11025,3.11025,0,0.582745,4.47552,4.25838e+06,2.70226e+06,1.32446e+07,0,0,0,0,99.3022,98.274,2.96467,0,1,1.89265,1.89265,0,1.46197,2.1168,8.84977e+06,3.61194e+06,1.67495e+07,0,0,0,0
66.328,85.139,1.59805,0.21,0.04,3.11086,3.11086,0,0.58286,4.47552,4.25838e+06,2.70226e+06,1.32472e+07,0,0,0,0,99.3022,98.274,2.63904,0,1,1.89302,1.89302,0,1.46226,2.1168,8.84977e+06,3.61194e+06,1.67528e+07,0,0,0,0
64.8938,85.139,1.71955,0.21,0.04,3.24675,3.31928,0,0.582976,4.47552,4.25838e+06,2.91414e+06,1.38259e+07,0,0,0,0,99.3022,98.274,3.66287,1,1,2.01148,2.05641,0,1.46255,2.1168,8.84977e+06,3.89515e+06,1.78011e+07,0,0,0,0
63.1657,85.139,1.40331,0.21,0.04,3.24739,3.31994,0,0.608441,4.47552,4.25838e+06,2.91414e+06,1.38286e+07,0,0,0,0,99.3022,98.274,3.30733,1,1,2.01187,2.05682,0,1.55407,2.1168,8.84977e+06,3.89515e+06,1.78046e+07,0,0,0,0
61.4282,85.139,1.36726,0.2,0.04,3.24804,3.3206,0,0.608562,4.47552,4.25838e+06,2.91414e+06,1.38314e+07,0,0,0,0,99.2992,98.274,3.1352,1,1,2.01227,2.05723,0,1.55437,2.1168,8.84977e+06,3.89515e+06,1.78082e+07,0,0,0,0
60.29,85.139,1.95916,0.23,0.04,3.24868,3.32126,0,0.608682,4.47552,4.25838e+06,2.91414e+06,1.38341e+07,0,0,0,0,99.3022,98.274,3.63879,1,1,2.01267,2.05763,0,1.55468,2.1168,8.84977e+06,3.89515e+06,1.78117e+07,0,0,0,0
59.6554,85.139,2.51963,0.21,0.04,3.24933,3.32191,0,0.608803,4.47552,4.25838e+06,2.91414e+06,1.38369e+07,0,0,0,0,99.2057,98.274,3.88735,1,1,2.01307,2.05804,0,1.55499,2.1168,8.84977e+06,3.89515e+06,1.78152e+07,0,0,0,0
57.8701,85.139,1.1838,0.21,0.04,3.15081,3.2212,0,0.608924,4.47552,4.25838e+06,2.91414e+06,1.34173e+07,0,0,0,0,98.887,98.274,2.18652,1,1,1.91659,1.95941,0,1.5553,2.1168,8.84977e+06,3.89515e+06,1.69614e+07,0,0,0,0
56.3097,85.139,1.42021,0.21,0.04,3.15143,3.22183,0,0.590462,4.47552,4.25838e+06,2.91414e+06,1.342e+07,0,0,0,0,98.7002,98.274,2.10699,1,1,1.91697,1.9598,0,1.48076,2.1168,8.84977e+06,3.89515e+06,1.69648e+07,0,0,0,0
55.5058,85.139,2.19934,0.23,0.04,3.15206,3.22247,0,0.590579,4.47552,4.25838e+06,2.91414e+06,1.34226e+07,0,0,0,0,98.9267,98.274,3.69571,1,1,1.91735,1.96018,0,1.48105,2.1168,8.84977e+06,3.89515e+06,1.69681e+07,0,0,0,0
54.3608,85.139,1.89303,0.23,0.04,3.15268,3.22311,0,0.590696,4.47552,4.25838e+06,2.91414e+06,1.34253e+07,0,0,0,0,98.9272,98.274,2.87349,1,1,1.91773,1.96057,0,1.48135,2.1168,8.84977e+06,3.89515e+06,1.69715e+07,0,0,0,0
53.1688,85.139,1.78494,0.22,0.04,3.14047,3.14047,0,0.590813,4.47552,4.25838e+06,2.70226e+06,1.33733e+07,0,0,0,0,98.8189,98.274,2.42395,0,1,1.87074,1.87074,0,1.48164,2.1168,8.84977e+06,3.61194e+06,1.65556e+07,0,0,0,0
52.6987,85.139,2.59666,0.22,0.04,3.14109,3.14109,0,0.588525,4.47552,4.25838e+06,2.70226e+06,1.3376e+07,0,0,0,0,98.4977,98.274,2.42761,0,1,1.87111,1.87111,0,1.44533,2.1168,8.84977e+06,3.61194e+06,1.65589e+07,0,0,0,0
51.7387,85.139,2.08503,0.23,0.04,3.14172,3.14172,0,0.588641,4.47552,4.25838e+06,2.70226e+06,1.33786e+07,0,0,0,0,98.3587,98.274,2.05217,0,1,1.87148,1.87148,0,1.44562,2.1168,8.84977e+06,3.61194e+06,1.65622e+07,0,0,0,0
52.5185,85.139,3.90824,0.24,0.04,3.14234,3.14234,0,0.588758,4.47552,4.25838e+06,2.70226e+06,1.33813e+07,0,0,0,0,99.0167,98.274,5.70117,0,1,1.87185,1.87185,0,1.4459,2.1168,8.84977e+06,3.61194e+06,1.65654e+07,0,0,0,0
55.6763,85.139,6.27323,0.26,0.04,2.90626,2.90626,0,0.588874,4.47552,4.25838e+06,2.70226e+06,1.23759e+07,0,0,0,0,99.3022,98.274,7.65504,0,1,1.68416,1.68416,0,1.44619,2.1168,8.84977e+06,3.61194e+06,1.49044e+07,0,0,0,0
55.3699,85.139,2.66087,0.26,0.04,2.87672,2.90684,0,0.544633,4.47552,4.25838e+06,2.70226e+06,1.22501e+07,0,0,0,0,99.3022,98.274,7.76697,0,1,1.71461,1.6845,0,1.30118,2.1168,8.84977e+06,3.61194e+06,1.51739e+07,0,0,0,0
56.3525,85.139,4.04698,0.27,0.04,2.87763,2.90741,0,0.539097,4.47552,4.25838e+06,2.70226e+06,1.2254e+07,0,0,0,0,99.3022,98.274,8.93233,0,1,1.71461,1.68483,0,1.32471,2.1168,8.84977e+06,3.61194e+06,1.51739e+07,0,0,0,0
69.4779,85.139,17.0328,0.27,0.04,2.87854,2.90799,0,0.539267,4.47552,4.25838e+06,2.70226e+06,1.22579e+07,0,0,0,0,99.3022,98.274,23.3913,0,1,1.71461,1.68516,0,1.32471,2.1168,8.84977e+06,3.61194e+06,1.51739e+07,0,0,0,0
75.703,85.139,9.80402,0.19,0.04,2.87945,2.90856,0,0.539438,4.47552,4.25838e+06,2.70226e+06,1.22618e+07,0,0,0,0,99.3022,98.274,17.2584,0,1,1.71461,1.6855,0,1.32471,2.1168,8.84977e+06,3.61194e+06,1.51739e+07,0,0,0,0
79.4435,85.139,7.53898,0.18,0.06,2.97148,3.00026,0,0.539608,4.47552,4.25838e+06,2.70226e+06,1.26537e+07,0,0,0,0,99.3022,98.274,9.99391,0,1,1.76912,1.74033,0,1.32471,2.1168,8.84977e+06,3.61194e+06,1.56563e+07,0,0,0,0
82.1158,85.139,6.36933,0.18,0.06,3.00083,3.00083,0,0.556855,4.47552,4.25838e+06,2.70226e+06,1.27787e+07,0,0,0,0,99.3022,98.274,7.11418,0,1,1.74066,1.74066,0,1.36682,2.1168,8.84977e+06,3.61194e+06,1.54045e+07,0,0,0,0
85.139,85.139,7.20088,0.13,0.06,3.0014,3.0014,0,0.562355,4.47552,4.25838e+06,2.70226e+06,1.27811e+07,0,0,0,0,99.3022,98.274,8.65274,0,1,1.74099,1.74099,0,1.34483,2.1168,8.84977e+06,3.61194e+06,1.54074e+07,0,0,0,0
85.139,85.139,5.185,0.11,0.06,3.00196,3.00196,0,0.562462,4.47552,4.25838e+06,2.70226e+06,1.27835e+07,0,0,0,0,99.3022,98.274,6.53291,0,1,1.74132,1.74132,0,1.34509,2.1168,8.84977e+06,3.61194e+06,1.54103e+07,0,0,0,0
85.139,85.139,4.4996,0.12,0.06,3.22338,3.29539,0,0.562568,4.47552,4.25838e+06,2.91414e+06,1.37264e+07,0,0,0,0,99.3022,98.274,5.57167,1,1,1.9039,1.94643,0,1.34534,2.1168,8.84977e+06,3.89515e+06,1.68491e+07,0,0,0,0
85.139,85.139,5.25667,0.11,0.06,3.22399,3.29601,0,0.604062,4.47552,4.25838e+06,2.91414e+06,1.3729e+07,0,0,0,0,99.3022,98.274,5.8393,1,1,1.90426,1.9468,0,1.47095,2.1168,8.84977e+06,3.89515e+06,1.68522e+07,0,0,0,0
85.139,85.139,6.50947,0.11,0.06,3.2246,3.29664,0,0.604176,4.47552,4.25838e+06,2.91414e+06,1.37316e+07,0,0,0,0,99.3022,98.274,6.36414,1,1,1.90462,1.94717,0,1.47123,2.1168,8.84977e+06,3.89515e+06,1.68554e+07,0,0,0,0
85.139,85.139,5.96811,0.11,0.06,3.22521,3.29726,0,0.60429,4.47552,4.25838e+06,2.91414e+06,1.37342e+07,0,0,0,0,99.3022,98.274,8.15983,1,1,1.90498,1.94753,0,1.47151,2.1168,8.84977e+06,3.89515e+06,1.68586e+07,0,0,0,0
85.139,85.139,6.06749,0.11,0.06,2.87986,2.87986,0,0.604405,4.47552,4.25838e+06,2.70226e+06,1.22635e+07,0,0,0,0,99.3022,98.274,5.72015,0,1,1.67288,1.67288,0,1.47179,2.1168,8.84977e+06,3.61194e+06,1.48046e+07,0,0,0,0
85.139,85.139,6.14778,0.15,0.06,2.839,2.8804,0,0.539685,4.47552,4.25838e+06,2.70226e+06,1.20895e+07,0,0,0,0,99.3022,98.274,6.03617,0,1,1.7146,1.67319,0,1.29246,2.1168,8.84977e+06,3.61194e+06,1.51738e+07,0,0,0,0
85.139,85.139,6.72141,0.15,0.06,2.83986,2.88095,0,0.532028,4.47552,4.25838e+06,2.70226e+06,1.20932e+07,0,0,0,0,99.3022,98.274,6.07854,0,1,1.7146,1.67351,0,1.3247,2.1168,8.84977e+06,3.61194e+06,1.51738e+07,0,0,0,0
85.139,85.139,7.81452,0.18,0.06,2.84072,2.88149,0,0.53219,4.47552,4.25838e+06,2.70226e+06,1.20969e+07,0,0,0,0,99.3022,98.274,7.80286,0,1,1.7146,1.67383,0,1.3247,2.1168,8.84977e+06,3.61194e+06,1.51738e+07,0,0,0,0
85.139,85.139,6.75611,0.17,0.06,2.84158,2.88204,0,0.532351,4.47552,4.25838e+06,2.70226e+06,1.21005e+07,0,0,0,0,99.3022,98.274,7.03891,0,1,1.7146,1.67414,0,1.3247,2.1168,8.84977e+06,3.61194e+06,1.51738e+07,0,0,0,0
85.139,85.139,9.43539,0.2,0.06,2.94777,2.9879,0,0.532512,4.47552,4.25838e+06,2.70226e+06,1.25527e+07,0,0,0,0,99.3022,98.274,7.77263,0,1,1.78194,1.7418,0,1.3247,2.1168,8.84977e+06,3.61194e+06,1.57698e+07,0,0,0,0
85.139,85.139,7.79417,0.22,0.06,2.98847,2.98847,0,0.552412,4.47552,4.25838e+06,2.70226e+06,1.2726e+07,0,0,0,0,99.3022,98.274,7.07771,0,1,1.74213,1.74213,0,1.37673,2.1168,8.84977e+06,3.61194e+06,1.54175e+07,0,0,0,0
85.139,85.139,6.27724,0.21,0.06,2.98903,2.98903,0,0.560039,4.47552,4.25838e+06,2.70226e+06,1.27284e+07,0,0,0,0,99.3022,98.274,4.88979,0,1,1.74246,1.74246,0,1.34597,2.1168,8.84977e+06,3.61194e+06,1.54204e+07,0,0,0,0
85.139,85.139,5.43389,0.2,0.06,2.9896,2.9896,0,0.560145,4.47552,4.25838e+06,2.70226e+06,1.27308e+07,0,0,0,0,99.3022,98.274,3.99059,0,1,1.74279,1.74279,0,1.34623,2.1168,8.84977e+06,3.61194e+06,1.54233e+07,0,0,0,0
85.139,85.139,5.36711,0.18,0.06,2.94895,2.94895,0,0.560251,4.47552,4.25838e+06,2.70226e+06,1.25578e+07,0,0,0,0,99.3022,98.274,5.66171,0,1,1.71695,1.71695,0,1.34648,2.1168,8.84977e+06,3.61194e+06,1.51946e+07,0,0,0,0
85.139,85.139,5.21426,0.17,0.06,2.94951,2.94951,0,0.552634,4.47552,4.25838e+06,2.70226e+06,1.25601e+07,0,0,0,0,99.3022,98.274,5.69188,0,1,1.71727,1.71727,0,1.32651,2.1168,8.84977e+06,3.61194e+06,1.51975e+07,0,0,0,0
85.139,85.139,4.72199,0.15,0.06,2.95007,2.95007,0,0.552738,4.47552,4.25838e+06,2.70226e+06,1.25625e+07,0,0,0,0,99.3022,98.274,5.38084,0,1,1.7176,1.7176,0,1.32676,2.1168,8.84977e+06,3.61194e+06,1.52003e+07,0,0,0,0
85.139,85.139,4.29636,0.14,0.06,2.95063,2.95063,0,0.552843,4.47552,4.25838e+06,2.70226e+06,1.25649e+07,0,0,0,0,99.3022,98.274,4.55177,0,1,1.71792,1.71792,0,1.32701,2.1168,8.84977e+06,3.61194e+06,1.52032e+07,0,0,0,0
85.139,85.139,4.25779,0.12,0.06,3.09118,3.09118,0,0.552947,4.47552,4.25838e+06,2.70226e+06,1.31634e+07,0,0,0,0,99.3022,98.274,4.61085,0,1,1.81114,1.81114,0,1.32726,2.1168,8.84977e+06,3.61194e+06,1.60282e+07,0,0,0,0
85.139,85.139,4.01269,0.1,0.06,3.09176,3.09176,0,0.579287,4.47552,4.25838e+06,2.70226e+06,1.31659e+07,0,0,0,0,99.3022,98.274,4.42943,0,1,1.81148,1.81148,0,1.39929,2.1168,8.84977e+06,3.61194e+06,1.60312e+07,0,0,0,0
85.139,85.139,3.70372,0.08,0.06,3.09235,3.09235,0,0.579396,4.47552,4.25838e+06,2.70226e+06,1.31684e+07,0,0,0,0,99.3022,98.274,4.21064,0,1,1.81183,1.81183,0,1.39955,2.1168,8.84977e+06,3.61194e+06,1.60343e+07,0,0,0,0
85.139,85.139,3.52418,0.1,0.06,3.09293,3.09293,0,0.579506,4.47552,4.25838e+06,2.70226e+06,1.31709e+07,0,0,0,0,99.3022,98.274,4.06232,0,1,1.81217,1.81217,0,1.39982,2.1168,8.84977e+06,3.61194e+06,1.60373e+07,0,0,0,0
85.0259,85.139,3.23321,0.08,0.06,3.09352,3.09352,0,0.579616,4.47552,4.25838e+06,2.70226e+06,1.31734e+07,0,0,0,0,99.3022,98.274,3.78282,0,1,1.81251,1.81251,0,1.40008,2.1168,8.84977e+06,3.61194e+06,1.60403e+07,0,0,0,0
84.7079,85.139,2.91965,0.13,0.06,3.06639,3.06639,0,0.579725,4.47552,4.25838e+06,2.70226e+06,1.30578e+07,0,0,0,0,99.2996,98.274,2.93541,0,1,1.86396,1.86396,0,1.40035,2.1168,8.84977e+06,3.61194e+06,1.64956e+07,0,0,0,0
84.2042,85.139,2.73035,0.12,0.06,3.06697,3.06697,0,0.574641,4.47552,4.25838e+06,2.70226e+06,1.30603e+07,0,0,0,0,99.2666,98.274,2.83859,0,1,1.86431,1.86431,0,1.4401,2.1168,8.84977e+06,3.61194e+06,1.64987e+07,0,0,0,0
83.4603,85.139,2.48479,0.13,0.06,3.06755,3.06755,0,0.57475,4.47552,4.25838e+06,2.70226e+06,1.30628e+07,0,0,0,0,99.2006,98.274,2.69954,0,1,1.86466,1.86466,0,1.44037,2.1168,8.84977e+06,3.61194e+06,1.65019e+07,0,0,0,0
82.5162,85.139,2.25799,0.12,0.06,3.06813,3.06813,0,0.574859,4.47552,4.25838e+06,2.70226e+06,1.30652e+07,0,0,0,0,99.0851,98.274,2.49215,0,1,1.86502,1.86502,0,1.44064,2.1168,8.84977e+06,3.61194e+06,1.6505e+07,0,0,0,0
81.3282,85.139,1.97449,0.12,0.06,3.07171,3.14033,0,0.574967,4.47552,4.25838e+06,2.91414e+06,1.30805e+07,0,0,0,0,98.7293,98.274,2.15307,1,1,1.86919,1.91095,0,1.44091,2.1168,8.84977e+06,3.89515e+06,1.65419e+07,0,0,0,0
79.8751,85.139,1.67244,0.11,0.06,3.07229,3.14092,0,0.575638,4.47552,4.25838e+06,2.91414e+06,1.30829e+07,0,0,0,0,98.1687,98.274,1.86222,1,1,1.86955,1.91131,0,1.44414,2.1168,8.84977e+06,3.89515e+06,1.65451e+07,0,0,0,0
78.3122,85.139,1.54954,0.12,0.06,3.07287,3.14151,0,0.575746,4.47552,4.25838e+06,2.91414e+06,1.30854e+07,0,0,0,0,97.7582,98.274,1.65574,1,1,1.8699,1.91167,0,1.44441,2.1168,8.84977e+06,3.89515e+06,1.65482e+07,0,0,0,0
76.7968,85.139,1.5775,0.15,0.06,3.07345,3.14211,0,0.575855,4.47552,4.25838e+06,2.91414e+06,1.30879e+07,0,0,0,0,97.2682,98.274,1.88968,1,1,1.87025,1.91203,0,1.44469,2.1168,8.84977e+06,3.89515e+06,1.65513e+07,0,0,0,0
74.9722,85.139,1.40554,0.15,0.06,3.27933,3.35259,0,0.575964,4.47552,4.25838e+06,2.91414e+06,1.39646e+07,0,0,0,0,96.2118,98.274,1.78488,1,1,2.03166,2.07704,0,1.44496,2.1168,8.84977e+06,3.89515e+06,1.79797e+07,0,0,0,0
72.4828,85.139,0.687385,0.15,0.06,3.27995,3.35322,0,0.614546,4.47552,4.25838e+06,2.91414e+06,1.39673e+07,0,0,0,0,95.0888,98.274,1.07038,1,1,2.03204,2.07744,0,1.56966,2.1168,8.84977e+06,3.89515e+06,1.79831e+07,0,0,0,0
70.2592,85.139,0.936329,0.18,0.06,3.28057,3.35385,0,0.614662,4.47552,4.25838e+06,2.91414e+06,1.39699e+07,0,0,0,0,94.0861,98.274,1.20406,1,1,2.03243,2.07783,0,1.56996,2.1168,8.84977e+06,3.89515e+06,1.79865e+07,0,0,0,0
68.4363,85.139,1.37277,0.18,0.06,3.28119,3.35449,0,0.614778,4.47552,4.25838e+06,2.91414e+06,1.39725e+07,0,0,0,0,93.1152,98.274,1.41223,1,1,2.03281,2.07822,0,1.57025,2.1168,8.84977e+06,3.89515e+06,1.79899e+07,0,0,0,0
66.3996,85.139,1.14482,0.18,0.06,3.28181,3.35512,0,0.614895,4.47552,4.25838e+06,2.91414e+06,1.39752e+07,0,0,0,0,92.6058,98.274,1.24525,1,1,2.03319,2.07861,0,1.57055,2.1168,8.84977e+06,3.89515e+06,1.79933e+07,0,0,0,0
64.6825,85.139,1.39541,0.19,0.06,3.18228,3.25337,0,0.615011,4.47552,4.25838e+06,2.91414e+06,1.35513e+07,0,0,0,0,92.4254,98.274,2.84377,1,1,1.93573,1.97898,0,1.57085,2.1168,8.84977e+06,3.89515e+06,1.71308e+07,0,0,0,0
63.0928,85.139,1.53084,0.19,0.06,3.18288,3.25398,0,0.596359,4.47552,4.25838e+06,2.91414e+06,1.35539e+07,0,0,0,0,92.2449,98.274,2.55419,1,1,1.9361,1.97935,0,1.49555,2.1168,8.84977e+06,3.89515e+06,1.7134e+07,0,0,0,0
61.9972,85.139,2.04888,0.19,0.06,3.18348,3.2546,0,0.596471,4.47552,4.25838e+06,2.91414e+06,1.35565e+07,0,0,0,0,92.2251,98.274,3.28941,1,1,1.93647,1.97972,0,1.49583,2.1168,8.84977e+06,3.89515e+06,1.71373e+07,0,0,0,0
61.4109,85.139,2.68439,0.22,0.06,3.18408,3.25521,0,0.596584,4.47552,4.25838e+06,2.91414e+06,1.3559e+07,0,0,0,0,92.6146,98.274,4.88916,1,1,1.93683,1.9801,0,1.49611,2.1168,8.84977e+06,3.89515e+06,1.71405e+07,0,0,0,0
59.7551,85.139,1.54708,0.22,0.06,3.17172,3.17172,0,0.596697,4.47552,4.25838e+06,2.70226e+06,1.35064e+07,0,0,0,0,92.127,98.274,2.38862,0,1,1.88935,1.88935,0,1.4964,2.1168,8.84977e+06,3.61194e+06,1.67203e+07,0,0,0,0
57.9062,85.139,1.34436,0.22,0.06,3.17232,3.17232,0,0.59438,4.47552,4.25838e+06,2.70226e+06,1.35089e+07,0,0,0,0,91.9189,98.274,1.59132,0,1,1.88971,1.88971,0,1.45971,2.1168,8.84977e+06,3.61194e+06,1.67235e+07,0,0,0,0
58.4083,85.139,3.8103,0.21,0.06,3.17292,3.17292,0,0.594493,4.47552,4.25838e+06,2.70226e+06,1.35115e+07,0,0,0,0,92.645,98.274,4.9545,0,1,1.89007,1.89007,0,1.45999,2.1168,8.84977e+06,3.61194e+06,1.67266e+07,0,0,0,0
58.1463,85.139,3.09783,0.22,0.06,3.17352,3.17352,0,0.594605,4.47552,4.25838e+06,2.70226e+06,1.3514e+07,0,0,0,0,93.0368,98.274,4.32149,0,1,1.89042,1.89042,0,1.46026,2.1168,8.84977e+06,3.61194e+06,1.67298e+07,0,0,0,0
59.8806,85.139,4.88784,0.23,0.06,2.93507,2.93507,0,0.594717,4.47552,4.25838e+06,2.70226e+06,1.24986e+07,0,0,0,0,93.8131,98.274,4.3583,0,1,1.70086,1.70086,0,1.46054,2.1168,8.84977e+06,3.61194e+06,1.50522e+07,0,0,0,0
62.8231,85.139,6.28729,0.23,0.06,2.9222,2.93562,0,0.550032,4.47552,4.25838e+06,2.70226e+06,1.24438e+07,0,0,0,0,94.3403,98.274,3.23049,0,1,1.7146,1.70118,0,1.31408,2.1168,8.84977e+06,3.61194e+06,1.51738e+07,0,0,0,0
64.5128,85.139,5.00327,0.2,0.06,2.92308,2.93618,0,0.54762,4.47552,4.25838e+06,2.70226e+06,1.24476e+07,0,0,0,0,94.8237,98.274,4.15002,0,1,1.7146,1.7015,0,1.3247,2.1168,8.84977e+06,3.61194e+06,1.51738e+07,0,0,0,0
66.3464,85.139,5.16984,0.23,0.06,2.92395,2.93673,0,0.547784,4.47552,4.25838e+06,2.70226e+06,1.24513e+07,0,0,0,0,95.4959,98.274,5.78797,0,1,1.7146,1.70182,0,1.3247,2.1168,8.84977e+06,3.61194e+06,1.51738e+07,0,0,0,0
68.6411,85.139,5.65038,0.24,0.06,2.92483,2.93729,0,0.547948,4.47552,4.25838e+06,2.70226e+06,1.2455e+07,0,0,0,0,96.0077,98.274,4.35685,0,1,1.7146,1.70214,0,1.3247,2.1168,8.84977e+06,3.61194e+06,1.51738e+07,0,0,0,0
69.6733,85.139,4.36763,0.22,0.06,3.01772,3.02986,0,0.548112,4.47552,4.25838e+06,2.70226e+06,1.28506e+07,0,0,0,0,97.4731,98.274,5.48072,0,1,1.76964,1.7575,0,1.3247,2.1168,8.84977e+06,3.61194e+06,1.56609e+07,0,0,0,0
70.436,85.139,4.13761,0.22,0.06,3.03041,3.03041,0,0.565521,4.47552,4.25838e+06,2.70226e+06,1.29046e+07,0,0,0,0,98.9204,98.274,5.12791,0,1,1.75782,1.75782,0,1.36722,2.1168,8.84977e+06,3.61194e+06,1.55563e+07,0,0,0,0
70.9726,85.139,3.92132,0.23,0.06,3.03095,3.03095,0,0.567898,4.47552,4.25838e+06,2.70226e+06,1.29069e+07,0,0,0,0,99.3022,98.274,5.2387,0,1,1.75813,1.75813,0,1.35809,2.1168,8.84977e+06,3.61194e+06,1.55591e+07,0,0,0,0
70.5666,85.139,2.94951,0.24,0.06,3.0315,3.0315,0,0.568,4.47552,4.25838e+06,2.70226e+06,1.29093e+07,0,0,0,0,99.3022,98.274,3.62744,0,1,1.75845,1.75845,0,1.35833,2.1168,8.84977e+06,3.61194e+06,1.55619e+07,0,0,0,0
69.7298,85.139,2.7539,0.25,0.06,3.25506,3.32778,0,0.568102,4.47552,4.25838e+06,2.91414e+06,1.38613e+07,0,0,0,0,99.3022,98.274,4.22397,1,1,1.92261,1.96556,0,1.35858,2.1168,8.84977e+06,3.89515e+06,1.70147e+07,0,0,0,0
69.84,85.139,3.75797,0.27,0.06,3.25565,3.32838,0,0.609999,4.47552,4.25838e+06,2.91414e+06,1.38638e+07,0,0,0,0,99.3022,98.274,6.03164,1,1,1.92296,1.96591,0,1.48541,2.1168,8.84977e+06,3.89515e+06,1.70177e+07,0,0,0,0
70.9232,85.139,4.76524,0.28,0.06,3.25623,3.32898,0,0.610109,4.47552,4.25838e+06,2.91414e+06,1.38663e+07,0,0,0,0,99.3022,98.274,7.50716,1,1,1.9233,1.96627,0,1.48568,2.1168,8.84977e+06,3.89515e+06,1.70208e+07,0,0,0,0
72.9546,85.139,5.68817,0.29,0.06,3.25682,3.32958,0,0.610218,4.47552,4.25838e+06,2.91414e+06,1.38688e+07,0,0,0,0,99.3022,98.274,8.60417,1,1,1.92365,1.96662,0,1.48594,2.1168,8.84977e+06,3.89515e+06,1.70238e+07,0,0,0,0
75.0607,85.139,5.53185,0.29,0.06,2.90805,2.90805,0,0.610328,4.47552,4.25838e+06,2.70226e+06,1.23836e+07,0,0,0,0,99.3022,98.274,7.27795,0,1,1.68926,1.68926,0,1.48621,2.1168,8.84977e+06,3.61194e+06,1.49495e+07,0,0,0,0
78.7412,85.139,7.05974,0.26,0.06,2.88355,2.90858,0,0.544969,4.47552,4.25838e+06,2.70226e+06,1.22792e+07,0,0,0,0,99.3022,98.274,8.18594,0,1,1.71458,1.68956,0,1.30512,2.1168,8.84977e+06,3.61194e+06,1.51737e+07,0,0,0,0
82.5555,85.139,7.23394,0.3,0.06,2.88438,2.9091,0,0.540378,4.47552,4.25838e+06,2.70226e+06,1.22828e+07,0,0,0,0,99.3022,98.274,8.43199,0,1,1.71458,1.68986,0,1.32469,2.1168,8.84977e+06,3.61194e+06,1.51737e+07,0,0,0,0
85.139,85.139,6.48049,0.25,0.06,2.88521,2.90962,0,0.540532,4.47552,4.25838e+06,2.70226e+06,1.22863e+07,0,0,0,0,99.3022,98.274,7.19573,0,1,1.71458,1.69017,0,1.32469,2.1168,8.84977e+06,3.61194e+06,1.51737e+07,0,0,0,0
85.139,85.139,7.51335,0.2,0.06,2.88603,2.91015,0,0.540687,4.47552,4.25838e+06,2.70226e+06,1.22898e+07,0,0,0,0,99.3022,98.274,7.01315,0,1,1.71458,1.69047,0,1.32469,2.1168,8.84977e+06,3.61194e+06,1.51737e+07,0,0,0,0
85.139,85.139,5.3128,0.22,0.06,2.99321,3.01702,0,0.540842,4.47552,4.25838e+06,2.70226e+06,1.27462e+07,0,0,0,0,99.3022,98.274,7.01861,0,1,1.78259,1.75878,0,1.32469,2.1168,8.84977e+06,3.61194e+06,1.57755e+07,0,0,0,0
85.139,85.139,6.83105,0.22,0.06,3.01756,3.01756,0,0.560927,4.47552,4.25838e+06,2.70226e+06,1.28499e+07,0,0,0,0,99.3022,98.274,6.13717,0,1,1.75909,1.75909,0,1.37723,2.1168,8.84977e+06,3.61194e+06,1.55676e+07,0,0,0,0
85.139,85.139,4.85566,0.22,0.06,3.0181,3.0181,0,0.565491,4.47552,4.25838e+06,2.70226e+06,1.28522e+07,0,0,0,0,99.3022,98.274,7.68726,0,1,1.75941,1.75941,0,1.35907,2.1168,8.84977e+06,3.61194e+06,1.55704e+07,0,0,0,0
85.139,85.139,6.34245,0.24,0.06,3.01865,3.01865,0,0.565593,4.47552,4.25838e+06,2.70226e+06,1.28545e+07,0,0,0,0,99.3022,98.274,9.71062,0,1,1.75972,1.75972,0,1.35932,2.1168,8.84977e+06,3.61194e+06,1.55732e+07,0,0,0,0
85.139,85.139,4.02792,0.21,0.06,2.97758,2.97758,0,0.565694,4.47552,4.25838e+06,2.70226e+06,1.26796e+07,0,0,0,0,99.3022,98.274,4.47973,0,1,1.73361,1.73361,0,1.35956,2.1168,8.84977e+06,3.61194e+06,1.53421e+07,0,0,0,0
84.8266,85.139,2.92304,0.19,0.06,2.97811,2.97811,0,0.557998,4.47552,4.25838e+06,2.70226e+06,1.26819e+07,0,0,0,0,99.3022,98.274,3.37647,0,1,1.73392,1.73392,0,1.33939,2.1168,8.84977e+06,3.61194e+06,1.53448e+07,0,0,0,0
84.2173,85.139,2.60364,0.29,0.06,2.97865,2.97865,0,0.558098,4.47552,4.25838e+06,2.70226e+06,1.26842e+07,0,0,0,0,99.3022,98.274,3.43353,0,1,1.73423,1.73423,0,1.33963,2.1168,8.84977e+06,3.61194e+06,1.53476e+07,0,0,0,0
84.3976,85.139,3.40313,0.26,0.06,2.97918,2.97918,0,0.558198,4.47552,4.25838e+06,2.70226e+06,1.26865e+07,0,0,0,0,99.3022,98.274,3.63439,0,1,1.73455,1.73455,0,1.33987,2.1168,8.84977e+06,3.61194e+06,1.53503e+07,0,0,0,0
84.1497,85.139,3.0809,0.23,0.06,3.12107,3.12107,0,0.558299,4.47552,4.25838e+06,2.70226e+06,1.32907e+07,0,0,0,0,99.2078,98.274,3.36697,0,1,1.82865,1.82865,0,1.34011,2.1168,8.84977e+06,3.61194e+06,1.61832e+07,0,0,0,0
83.2736,85.139,2.40802,0.22,0.06,3.12163,3.12163,0,0.584888,4.47552,4.25838e+06,2.70226e+06,1.32931e+07,0,0,0,0,99.1778,98.274,2.52818,0,1,1.82898,1.82898,0,1.41282,2.1168,8.84977e+06,3.61194e+06,1.61861e+07,0,0,0,0
82.2108,85.139,2.20359,0.19,0.06,3.12219,3.12219,0,0.584993,4.47552,4.25838e+06,2.70226e+06,1.32955e+07,0,0,0,0,99.1362,98.274,2.3046,0,1,1.82931,1.82931,0,1.41307,2.1168,8.84977e+06,3.61194e+06,1.6189e+07,0,0,0,0
81.0482,85.139,2.04238,0.17,0.06,3.12275,3.12275,0,0.585098,4.47552,4.25838e+06,2.70226e+06,1.32978e+07,0,0,0,0,99.0232,98.274,2.21545,0,1,1.82964,1.82964,0,1.41333,2.1168,8.84977e+06,3.61194e+06,1.61919e+07,0,0,0,0
79.7859,85.139,1.92679,0.15,0.06,3.12331,3.12331,0,0.585203,4.47552,4.25838e+06,2.70226e+06,1.33002e+07,0,0,0,0,99.1451,98.274,2.1,0,1,1.82997,1.82997,0,1.41358,2.1168,8.84977e+06,3.61194e+06,1.61948e+07,0,0,0,0
78.5811,85.139,1.97637,0.13,0.06,3.09589,3.09589,0,0.585308,4.47552,4.25838e+06,2.70226e+06,1.31835e+07,0,0,0,0,99.2508,98.274,2.83312,0,1,1.88189,1.88189,0,1.41383,2.1168,8.84977e+06,3.61194e+06,1.66543e+07,0,0,0,0
77.2179,85.139,1.80504,0.21,0.06,3.09645,3.09645,0,0.58017,4.47552,4.25838e+06,2.70226e+06,1.31858e+07,0,0,0,0,99.2987,98.274,2.53587,0,1,1.88223,1.88223,0,1.45395,2.1168,8.84977e+06,3.61194e+06,1.66573e+07,0,0,0,0
75.7418,85.139,1.65593,0.18,0.06,3.09701,3.09701,0,0.580275,4.47552,4.25838e+06,2.70226e+06,1.31882e+07,0,0,0,0,99.2761,98.274,2.4814,0,1,1.88257,1.88257,0,1.45421,2.1168,8.84977e+06,3.61194e+06,1.66603e+07,0,0,0,0
74.2006,85.139,1.55087,0.17,0.06,3.09756,3.09756,0,0.580379,4.47552,4.25838e+06,2.70226e+06,1.31906e+07,0,0,0,0,99.1567,98.274,2.39243,0,1,1.88291,1.88291,0,1.45447,2.1168,8.84977e+06,3.61194e+06,1.66633e+07,0,0,0,0
72.5483,85.139,1.42998,0.17,0.06,3.10114,3.17042,0,0.580483,4.47552,4.25838e+06,2.91414e+06,1.32058e+07,0,0,0,0,99.0249,98.274,2.2804,1,1,1.88711,1.92927,0,1.45474,2.1168,8.84977e+06,3.89515e+06,1.67005e+07,0,0,0,0
70.8825,85.139,1.40002,0.19,0.06,3.1017,3.17099,0,0.581155,4.47552,4.25838e+06,2.91414e+06,1.32082e+07,0,0,0,0,98.908,98.274,2.28574,1,1,1.88745,1.92961,0,1.45798,2.1168,8.84977e+06,3.89515e+06,1.67035e+07,0,0,0,0
69.0799,85.139,1.24468,0.2,0.06,3.10226,3.17156,0,0.581259,4.47552,4.25838e+06,2.91414e+06,1.32106e+07,0,0,0,0,98.6813,98.274,2.14556,1,1,1.88779,1.92996,0,1.45824,2.1168,8.84977e+06,3.89515e+06,1.67065e+07,0,0,0,0
67.186,85.139,1.13332,0.19,0.06,3.10282,3.17213,0,0.581363,4.47552,4.25838e+06,2.91414e+06,1.3213e+07,0,0,0,0,98.4817,98.274,2.03803,1,1,1.88813,1.93031,0,1.4585,2.1168,8.84977e+06,3.89515e+06,1.67095e+07,0,0,0,0
65.012,85.139,0.984274,0.24,0.06,3.31063,3.38459,0,0.581468,4.47552,4.25838e+06,2.91414e+06,1.40979e+07,0,0,0,0,98.2072,98.274,2.04643,1,1,2.05105,2.09687,0,1.45877,2.1168,8.84977e+06,3.89515e+06,1.81514e+07,0,0,0,0
62.8704,85.139,0.988509,0.23,0.06,3.31123,3.3852,0,0.620413,4.47552,4.25838e+06,2.91414e+06,1.41005e+07,0,0,0,0,97.8681,98.274,2.12829,1,1,2.05142,2.09725,0,1.58464,2.1168,8.84977e+06,3.89515e+06,1.81546e+07,0,0,0,0
60.6476,85.139,0.876699,0.21,0.06,3.31182,3.38581,0,0.620524,4.47552,4.25838e+06,2.91414e+06,1.4103e+07,0,0,0,0,97.472,98.274,1.98145,1,1,2.05179,2.09763,0,1.58493,2.1168,8.84977e+06,3.89515e+06,1.81579e+07,0,0,0,0
58.5477,85.139,0.974027,0.23,0.06,3.31242,3.38642,0,0.620636,4.47552,4.25838e+06,2.91414e+06,1.41055e+07,0,0,0,0,97.0916,98.274,2.04345,1,1,2.05216,2.098,0,1.58521,2.1168,8.84977e+06,3.89515e+06,1.81611e+07,0,0,0,0
57.0044,85.139,1.56269,0.22,0.06,3.31301,3.38703,0,0.620747,4.47552,4.25838e+06,2.91414e+06,1.41081e+07,0,0,0,0,96.8423,98.274,2.46622,1,1,2.05253,2.09838,0,1.5855,2.1168,8.84977e+06,3.89515e+06,1.81644e+07,0,0,0,0
56.0093,85.139,1.9936,0.22,0.06,3.21251,3.28427,0,0.620859,4.47552,4.25838e+06,2.91414e+06,1.36801e+07,0,0,0,0,96.9776,98.274,3.33332,1,1,1.95412,1.99778,0,1.58578,2.1168,8.84977e+06,3.89515e+06,1.72935e+07,0,0,0,0
54.3761,85.139,1.38557,0.24,0.06,3.21308,3.28486,0,0.602024,4.47552,4.25838e+06,2.91414e+06,1.36825e+07,0,0,0,0,96.798,98.274,2.85024,1,1,1.95447,1.99814,0,1.50975,2.1168,8.84977e+06,3.89515e+06,1.72966e+07,0,0,0,0
52.3475,85.139,0.918753,0.24,0.06,3.21366,3.28545,0,0.602132,4.47552,4.25838e+06,2.91414e+06,1.3685e+07,0,0,0,0,96.5415,98.274,1.89326,1,1,1.95482,1.99849,0,1.51003,2.1168,8.84977e+06,3.89515e+06,1.72998e+07,0,0,0,0
51.1104,85.139,1.73791,0.24,0.06,3.21424,3.28604,0,0.60224,4.47552,4.25838e+06,2.91414e+06,1.36874e+07,0,0,0,0,96.52,98.274,2.84378,1,1,1.95518,1.99885,0,1.5103,2.1168,8.84977e+06,3.89515e+06,1.73029e+07,0,0,0,0
50.8399,85.139,2.70609,0.23,0.06,3.13177,3.20173,0,0.602348,4.47552,4.25838e+06,2.91414e+06,1.33362e+07,0,0,0,0,96.147,98.274,4.22816,1,1,1.86555,1.90723,0,1.51057,2.1168,8.84977e+06,3.89515e+06,1.65097e+07,0,0,0,0
49.1375,85.139,1.22866,0.28,0.06,3.13233,3.20231,0,0.586893,4.47552,4.25838e+06,2.91414e+06,1.33386e+07,0,0,0,0,95.809,98.274,1.12726,1,1,1.86589,1.90757,0,1.44133,2.1168,8.84977e+06,3.89515e+06,1.65127e+07,0,0,0,0
47.8391,85.139,1.62195,0.29,0.06,3.13289,3.20288,0,0.586999,4.47552,4.25838e+06,2.91414e+06,1.3341e+07,0,0,0,0,95.7815,98.274,2.57316,1,1,1.86622,1.90791,0,1.44158,2.1168,8.84977e+06,3.89515e+06,1.65156e+07,0,0,0,0
49.1997,85.139,4.41102,0.29,0.06,3.13346,3.20346,0,0.587104,4.47552,4.25838e+06,2.91414e+06,1.33434e+07,0,0,0,0,96.7124,98.274,4.99212,1,1,1.86656,1.90826,0,1.44184,2.1168,8.84977e+06,3.89515e+06,1.65186e+07,0,0,0,0
49.0437,85.139,2.74007,0.29,0.06,2.96273,2.96273,0,0.58721,4.47552,4.25838e+06,2.70226e+06,1.26164e+07,0,0,0,0,97.285,98.274,3.17228,0,1,1.71689,1.71689,0,1.4421,2.1168,8.84977e+06,3.61194e+06,1.51941e+07,0,0,0,0
50.3074,85.139,4.27075,0.3,0.06,2.96326,2.96326,0,0.555216,4.47552,4.25838e+06,2.70226e+06,1.26187e+07,0,0,0,0,99.2138,98.274,8.25701,0,1,1.71719,1.71719,0,1.32647,2.1168,8.84977e+06,3.61194e+06,1.51968e+07,0,0,0,0
50.1943,85.139,2.79672,0.33,0.06,2.96379,2.96379,0,0.555315,4.47552,4.25838e+06,2.70226e+06,1.2621e+07,0,0,0,0,99.3022,98.274,4.55811,0,1,1.7175,1.7175,0,1.3267,2.1168,8.84977e+06,3.61194e+06,1.51995e+07,0,0,0,0
51.0287,85.139,3.786,0.38,0.06,2.96433,2.96433,0,0.555415,4.47552,4.25838e+06,2.70226e+06,1.26232e+07,0,0,0,0,99.3022,98.274,6.13733,0,1,1.71781,1.71781,0,1.32694,2.1168,8.84977e+06,3.61194e+06,1.52022e+07,0,0,0,0
51.6848,85.139,3.48,0.46,0.06,2.64093,2.96486,0,0.555515,4.47552,4.25838e+06,3.49697e+06,1.12461e+07,0,0,0,0,99.3022,98.274,5.6789,0,1,1.5304,1.71812,0,1.32718,2.1168,8.84977e+06,4.67418e+06,1.35437e+07,0,0,0,0
54.1756,85.139,5.77715,0.38,0.06,3.05827,3.05827,0,0.49491,4.47552,4.25838e+06,2.70226e+06,1.30233e+07,0,0,0,0,99.3022,98.274,11.0802,0,1,1.77398,1.77398,0,1.18239,2.1168,8.84977e+06,3.61194e+06,1.56993e+07,0,0,0,0
65.8043,85.139,15.6411,0.4,0.06,2.7246,3.0588,0,0.573121,4.47552,4.25838e+06,3.49697e+06,1.16024e+07,0,0,0,0,99.3022,98.274,21.2165,0,1,1.58043,1.77429,0,1.37058,2.1168,8.84977e+06,4.67418e+06,1.39865e+07,0,0,0,0
69.2288,85.139,7.15629,0.26,0.06,3.05932,3.05932,0,0.51059,4.47552,4.25838e+06,2.70226e+06,1.30277e+07,0,0,0,0,99.3022,98.274,11.1635,0,1,1.77459,1.77459,0,1.22104,2.1168,8.84977e+06,3.61194e+06,1.57047e+07,0,0,0,0
70.8774,85.139,5.13286,0.22,0.06,3.05984,3.05984,0,0.573316,4.47552,4.25838e+06,2.70226e+06,1.30299e+07,0,0,0,0,99.3022,98.274,8.52556,0,1,1.77489,1.77489,0,1.37105,2.1168,8.84977e+06,3.61194e+06,1.57074e+07,0,0,0,0
72.882,85.139,5.77835,0.24,0.06,3.28546,3.35886,0,0.573414,4.47552,4.25838e+06,2.91414e+06,1.39907e+07,0,0,0,0,99.3022,98.274,10.8276,1,1,1.94057,1.98392,0,1.37128,2.1168,8.84977e+06,3.89515e+06,1.71736e+07,0,0,0,0
75.6514,85.139,6.83031,0.26,0.06,3.28602,3.35943,0,0.615696,4.47552,4.25838e+06,2.91414e+06,1.39931e+07,0,0,0,0,99.3022,98.274,10.2995,1,1,1.9409,1.98426,0,1.49928,2.1168,8.84977e+06,3.89515e+06,1.71765e+07,0,0,0,0
77.3579,85.139,5.58722,0.22,0.06,3.28658,3.36001,0,0.615801,4.47552,4.25838e+06,2.91414e+06,1.39955e+07,0,0,0,0,99.3022,98.274,8.70827,1,1,1.94123,1.98459,0,1.49954,2.1168,8.84977e+06,3.89515e+06,1.71794e+07,0,0,0,0
79.4686,85.139,5.99443,0.22,0.06,3.28714,3.36058,0,0.615906,4.47552,4.25838e+06,2.91414e+06,1.39979e+07,0,0,0,0,99.3022,98.274,10.9428,1,1,1.94156,1.98493,0,1.49979,2.1168,8.84977e+06,3.89515e+06,1.71824e+07,0,0,0,0
82.2269,85.139,6.36628,0.17,0.06,2.9351,2.9351,0,0.616011,4.47552,4.25838e+06,2.70226e+06,1.24988e+07,0,0,0,0,99.3022,98.274,11.4129,0,1,1.70497,1.70497,0,1.50005,2.1168,8.84977e+06,3.61194e+06,1.50886e+07,0,0,0,0
83.2339,85.139,4.56773,0.2,0.06,2.92629,2.9356,0,0.550038,4.47552,4.25838e+06,2.70226e+06,1.24613e+07,0,0,0,0,99.3022,98.274,11.9854,0,1,1.71457,1.70526,0,1.31726,2.1168,8.84977e+06,3.61194e+06,1.51736e+07,0,0,0,0
84.9106,85.139,5.29989,0.23,0.06,2.92708,2.9361,0,0.548387,4.47552,4.25838e+06,2.70226e+06,1.24646e+07,0,0,0,0,99.3022,98.274,13.0449,0,1,1.71457,1.70555,0,1.32468,2.1168,8.84977e+06,3.61194e+06,1.51736e+07,0,0,0,0
85.139,85.139,6.04597,0.24,0.06,2.92787,2.9366,0,0.548535,4.47552,4.25838e+06,2.70226e+06,1.2468e+07,0,0,0,0,99.3022,98.274,13.55,0,1,1.71457,1.70584,0,1.32468,2.1168,8.84977e+06,3.61194e+06,1.51736e+07,0,0,0,0
85.139,85.139,8.73241,0.21,0.06,2.92867,2.9371,0,0.548684,4.47552,4.25838e+06,2.70226e+06,1.24714e+07,0,0,0,0,99.3022,98.274,16.7603,0,1,1.71457,1.70613,0,1.32468,2.1168,8.84977e+06,3.61194e+06,1.51736e+07,0,0,0,0
85.139,85.139,6.42359,0.21,0.06,3.03679,3.04494,0,0.548832,4.47552,4.25838e+06,2.70226e+06,1.29318e+07,0,0,0,0,99.3022,98.274,11.7731,0,1,1.7832,1.77505,0,1.32468,2.1168,8.84977e+06,3.61194e+06,1.57809e+07,0,0,0,0
85.139,85.139,6.07981,0.21,0.06,3.04546,3.04546,0,0.569094,4.47552,4.25838e+06,2.70226e+06,1.29687e+07,0,0,0,0,99.3022,98.274,9.56679,0,1,1.77535,1.77535,0,1.3777,2.1168,8.84977e+06,3.61194e+06,1.57115e+07,0,0,0,0
85.139,85.139,8.32163,0.23,0.06,3.04598,3.04598,0,0.570719,4.47552,4.25838e+06,2.70226e+06,1.29709e+07,0,0,0,0,99.3022,98.274,16.0075,0,1,1.77566,1.77566,0,1.37164,2.1168,8.84977e+06,3.61194e+06,1.57142e+07,0,0,0,0
85.139,85.139,6.4055,0.25,0.06,3.0465,3.0465,0,0.570816,4.47552,4.25838e+06,2.70226e+06,1.29731e+07,0,0,0,0,99.3022,98.274,11.7643,0,1,1.77596,1.77596,0,1.37187,2.1168,8.84977e+06,3.61194e+06,1.57168e+07,0,0,0,0
85.139,85.139,5.51685,0.22,0.06,3.00502,3.00502,0,0.570913,4.47552,4.25838e+06,2.70226e+06,1.27965e+07,0,0,0,0,99.3022,98.274,8.50584,0,1,1.74959,1.74959,0,1.37211,2.1168,8.84977e+06,3.61194e+06,1.54835e+07,0,0,0,0
85.139,85.139,4.5033,0.22,0.06,3.00553,3.00553,0,0.563141,4.47552,4.25838e+06,2.70226e+06,1.27987e+07,0,0,0,0,99.3022,98.274,6.3082,0,1,1.74989,1.74989,0,1.35173,2.1168,8.84977e+06,3.61194e+06,1.54861e+07,0,0,0,0
85.139,85.139,4.4494,0.18,0.06,3.00604,3.00604,0,0.563237,4.47552,4.25838e+06,2.70226e+06,1.28009e+07,0,0,0,0,99.3022,98.274,7.90022,0,1,1.75019,1.75019,0,1.35196,2.1168,8.84977e+06,3.61194e+06,1.54887e+07,0,0,0,0
85.139,85.139,4.41269,0.16,0.06,3.00656,3.00656,0,0.563333,4.47552,4.25838e+06,2.70226e+06,1.2803e+07,0,0,0,0,99.3022,98.274,8.31678,0,1,1.75048,1.75048,0,1.35219,2.1168,8.84977e+06,3.61194e+06,1.54914e+07,0,0,0,0
85.139,85.139,3.76247,0.15,0.06,3.14971,3.14971,0,0.563429,4.47552,4.25838e+06,2.70226e+06,1.34127e+07,0,0,0,0,99.3022,98.274,7.27544,0,1,1.84544,1.84544,0,1.35242,2.1168,8.84977e+06,3.61194e+06,1.63317e+07,0,0,0,0
85.139,85.139,3.5906,0.14,0.06,3.15025,3.15025,0,0.590256,4.47552,4.25838e+06,2.70226e+06,1.3415e+07,0,0,0,0,99.3022,98.274,5.96561,0,1,1.84575,1.84575,0,1.42579,2.1168,8.84977e+06,3.61194e+06,1.63345e+07,0,0,0,0
84.9449,85.139,3.16125,0.12,0.06,3.15079,3.15079,0,0.590357,4.47552,4.25838e+06,2.70226e+06,1.34172e+07,0,0,0,0,99.3022,98.274,5.0343,0,1,1.84607,1.84607,0,1.42603,2.1168,8.84977e+06,3.61194e+06,1.63373e+07,0,0,0,0
84.6141,85.139,3.00709,0.19,0.06,3.15132,3.15132,0,0.590458,4.47552,4.25838e+06,2.70226e+06,1.34195e+07,0,0,0,0,99.3022,98.274,4.37077,0,1,1.84638,1.84638,0,1.42627,2.1168,8.84977e+06,3.61194e+06,1.63401e+07,0,0,0,0
84.1537,85.139,2.85797,0.16,0.06,3.15186,3.15186,0,0.590558,4.47552,4.25838e+06,2.70226e+06,1.34218e+07,0,0,0,0,99.3022,98.274,4.07511,0,1,1.8467,1.8467,0,1.42651,2.1168,8.84977e+06,3.61194e+06,1.63428e+07,0,0,0,0
83.6262,85.139,2.77203,0.16,0.06,3.12416,3.12416,0,0.590659,4.47552,4.25838e+06,2.70226e+06,1.33039e+07,0,0,0,0,99.3022,98.274,3.89277,0,1,1.89908,1.89908,0,1.42676,2.1168,8.84977e+06,3.61194e+06,1.68064e+07,0,0,0,0
82.9887,85.139,2.65894,0.16,0.06,3.1247,3.1247,0,0.585468,4.47552,4.25838e+06,2.70226e+06,1.33061e+07,0,0,0,0,99.3022,98.274,3.63059,0,1,1.8994,1.8994,0,1.46723,2.1168,8.84977e+06,3.61194e+06,1.68093e+07,0,0,0,0
82.2506,85.139,2.53196,0.15,0.06,3.12523,3.12523,0,0.585568,4.47552,4.25838e+06,2.70226e+06,1.33084e+07,0,0,0,0,99.3022,98.274,3.54979,0,1,1.89973,1.89973,0,1.46748,2.1168,8.84977e+06,3.61194e+06,1.68121e+07,0,0,0,0
81.3821,85.139,2.38112,0.15,0.06,3.12576,3.12576,0,0.585668,4.47552,4.25838e+06,2.70226e+06,1.33107e+07,0,0,0,0,99.3022,98.274,3.58039,0,1,1.90005,1.90005,0,1.46773,2.1168,8.84977e+06,3.61194e+06,1.6815e+07,0,0,0,0
80.4718,85.139,2.33382,0.15,0.06,3.12935,3.19925,0,0.585767,4.47552,4.25838e+06,2.91414e+06,1.33259e+07,0,0,0,0,99.3022,98.274,3.27231,1,1,1.90427,1.94681,0,1.46798,2.1168,8.84977e+06,3.89515e+06,1.68524e+07,0,0,0,0
79.6478,85.139,2.39185,0.14,0.06,3.12988,3.1998,0,0.586439,4.47552,4.25838e+06,2.91414e+06,1.33282e+07,0,0,0,0,99.3022,98.274,3.09308,1,1,1.90459,1.94714,0,1.47124,2.1168,8.84977e+06,3.89515e+06,1.68552e+07,0,0,0,0
78.6062,85.139,2.15905,0.14,0.06,3.13041,3.20034,0,0.586539,4.47552,4.25838e+06,2.91414e+06,1.33305e+07,0,0,0,0,99.3022,98.274,2.98102,1,1,1.90492,1.94747,0,1.47149,2.1168,8.84977e+06,3.89515e+06,1.68581e+07,0,0,0,0
77.392,85.139,1.9697,0.14,0.06,3.13094,3.20089,0,0.586639,4.47552,4.25838e+06,2.91414e+06,1.33327e+07,0,0,0,0,99.2979,98.274,2.75446,1,1,1.90524,1.9478,0,1.47174,2.1168,8.84977e+06,3.89515e+06,1.6861e+07,0,0,0,0
75.7819,85.139,1.71835,0.15,0.06,3.34062,3.41524,0,0.586739,4.47552,4.25838e+06,2.91414e+06,1.42256e+07,0,0,0,0,99.1469,98.274,2.73672,1,1,2.06963,2.11586,0,1.47199,2.1168,8.84977e+06,3.89515e+06,1.83157e+07,0,0,0,0
73.6986,85.139,1.199,0.15,0.06,3.34118,3.41583,0,0.626031,4.47552,4.25838e+06,2.91414e+06,1.4228e+07,0,0,0,0,98.8494,98.274,2.09584,1,1,2.06998,2.11622,0,1.59899,2.1168,8.84977e+06,3.89515e+06,1.83189e+07,0,0,0,0
71.642,85.139,1.20773,0.18,0.06,3.34175,3.41641,0,0.626138,4.47552,4.25838e+06,2.91414e+06,1.42304e+07,0,0,0,0,98.5336,98.274,2.16889,1,1,2.07033,2.11658,0,1.59927,2.1168,8.84977e+06,3.89515e+06,1.8322e+07,0,0,0,0
69.8222,85.139,1.42525,0.18,0.06,3.34232,3.41699,0,0.626245,4.47552,4.25838e+06,2.91414e+06,1.42329e+07,0,0,0,0,98.2475,98.274,2.30295,1,1,2.07069,2.11694,0,1.59954,2.1168,8.84977e+06,3.89515e+06,1.83251e+07,0,0,0,0
67.6753,85.139,1.08224,0.17,0.06,3.34289,3.41757,0,0.626351,4.47552,4.25838e+06,2.91414e+06,1.42353e+07,0,0,0,0,97.8837,98.274,2.03366,1,1,2.07104,2.1173,0,1.59981,2.1168,8.84977e+06,3.89515e+06,1.83282e+07,0,0,0,0
66.1383,85.139,1.57609,0.19,0.06,3.24145,3.31386,0,0.626458,4.47552,4.25838e+06,2.91414e+06,1.38033e+07,0,0,0,0,97.911,98.274,2.77142,1,1,1.97173,2.01577,0,1.60008,2.1168,8.84977e+06,3.89515e+06,1.74493e+07,0,0,0,0
64.6154,85.139,1.59696,0.18,0.06,3.242,3.31442,0,0.607447,4.47552,4.25838e+06,2.91414e+06,1.38057e+07,0,0,0,0,97.8625,98.274,2.49539,1,1,1.97206,2.01612,0,1.52336,2.1168,8.84977e+06,3.89515e+06,1.74523e+07,0,0,0,0
63.0825,85.139,1.56248,0.18,0.06,3.24255,3.31499,0,0.607551,4.47552,4.25838e+06,2.91414e+06,1.3808e+07,0,0,0,0,97.7309,98.274,2.33597,1,1,1.9724,2.01646,0,1.52362,2.1168,8.84977e+06,3.89515e+06,1.74553e+07,0,0,0,0
61.3955,85.139,1.50441,0.18,0.06,3.2431,3.31555,0,0.607654,4.47552,4.25838e+06,2.91414e+06,1.38104e+07,0,0,0,0,97.6556,98.274,2.507,1,1,1.97273,2.0168,0,1.52387,2.1168,8.84977e+06,3.89515e+06,1.74582e+07,0,0,0,0
59.7142,85.139,1.42429,0.19,0.06,3.15986,3.23045,0,0.607758,4.47552,4.25838e+06,2.91414e+06,1.34559e+07,0,0,0,0,97.1839,98.274,2.19899,1,1,1.88229,1.92434,0,1.52413,2.1168,8.84977e+06,3.89515e+06,1.66578e+07,0,0,0,0
57.5483,85.139,0.836033,0.19,0.06,3.1604,3.231,0,0.592158,4.47552,4.25838e+06,2.91414e+06,1.34582e+07,0,0,0,0,96.3549,98.274,1.60499,1,1,1.88261,1.92467,0,1.45426,2.1168,8.84977e+06,3.89515e+06,1.66607e+07,0,0,0,0
55.5059,85.139,1.02772,0.19,0.06,3.16094,3.23155,0,0.592259,4.47552,4.25838e+06,2.91414e+06,1.34605e+07,0,0,0,0,96.0451,98.274,1.2573,1,1,1.88293,1.92499,0,1.4545,2.1168,8.84977e+06,3.89515e+06,1.66635e+07,0,0,0,0
53.5205,85.139,1.05679,0.24,0.06,3.16148,3.2321,0,0.59236,4.47552,4.25838e+06,2.91414e+06,1.34628e+07,0,0,0,0,95.8343,98.274,2.1541,1,1,1.88325,1.92532,0,1.45475,2.1168,8.84977e+06,3.89515e+06,1.66663e+07,0,0,0,0
53.4284,85.139,2.99026,0.23,0.06,2.9892,2.9892,0,0.592461,4.47552,4.25838e+06,2.70226e+06,1.27291e+07,0,0,0,0,96.7288,98.274,4.88108,0,1,1.73222,1.73222,0,1.455,2.1168,8.84977e+06,3.61194e+06,1.53298e+07,0,0,0,0
53.1321,85.139,2.88973,0.25,0.06,2.98971,2.98971,0,0.560176,4.47552,4.25838e+06,2.70226e+06,1.27313e+07,0,0,0,0,97.6279,98.274,4.5396,0,1,1.73252,1.73252,0,1.33832,2.1168,8.84977e+06,3.61194e+06,1.53324e+07,0,0,0,0
53.798,85.139,3.80856,0.26,0.06,2.99022,2.99022,0,0.560271,4.47552,4.25838e+06,2.70226e+06,1.27335e+07,0,0,0,0,98.7843,98.274,5.78135,0,1,1.73281,1.73281,0,1.33854,2.1168,8.84977e+06,3.61194e+06,1.5335e+07,0,0,0,0
55.88,85.139,5.30174,0.29,0.06,2.99072,2.99072,0,0.560366,4.47552,4.25838e+06,2.70226e+06,1.27356e+07,0,0,0,0,99.3022,98.274,5.78826,0,1,1.73311,1.73311,0,1.33877,2.1168,8.84977e+06,3.61194e+06,1.53376e+07,0,0,0,0
58.1911,85.139,5.57163,0.37,0.06,2.99123,2.99123,0,0.560462,4.47552,4.25838e+06,2.70226e+06,1.27378e+07,0,0,0,0,99.3022,98.274,6.12472,0,1,1.7334,1.7334,0,1.339,2.1168,8.84977e+06,3.61194e+06,1.53402e+07,0,0,0,0
60.3231,85.139,5.39661,0.29,0.06,3.08545,3.08545,0,0.560557,4.47552,4.25838e+06,2.70226e+06,1.3139e+07,0,0,0,0,99.1046,98.274,4.97544,0,1,1.78975,1.78975,0,1.33923,2.1168,8.84977e+06,3.61194e+06,1.58389e+07,0,0,0,0
58.9169,85.139,1.7272,0.32,0.08,3.08595,3.08595,0,0.578213,4.47552,4.25838e+06,2.70226e+06,1.31411e+07,0,0,0,0,99.0288,98.274,2.30691,0,1,1.79004,1.79004,0,1.38276,2.1168,8.84977e+06,3.61194e+06,1.58414e+07,0,0,0,0
57.7096,85.139,1.94975,0.34,0.08,3.08645,3.08645,0,0.578307,4.47552,4.25838e+06,2.70226e+06,1.31432e+07,0,0,0,0,99.3022,98.274,2.50258,0,1,1.79032,1.79032,0,1.38298,2.1168,8.84977e+06,3.61194e+06,1.5844e+07,0,0,0,0
57.9935,85.139,3.45132,0.38,0.08,3.08694,3.08694,0,0.5784,4.47552,4.25838e+06,2.70226e+06,1.31454e+07,0,0,0,0,99.3022,98.274,7.30764,0,1,1.79061,1.79061,0,1.3832,2.1168,8.84977e+06,3.61194e+06,1.58465e+07,0,0,0,0
57.3165,85.139,2.4317,0.42,0.08,3.01836,3.38858,0,0.578493,4.47552,4.25838e+06,2.91414e+06,1.28533e+07,0,0,0,0,99.3022,98.274,4.73127,1,1,1.7828,2.00147,0,1.38343,2.1168,8.84977e+06,3.89515e+06,1.57774e+07,0,0,0,0
56.4907,85.139,2.32627,0.44,0.08,3.01884,3.38913,0,0.56564,4.47552,4.25838e+06,2.91414e+06,1.28554e+07,0,0,0,0,99.3022,98.274,4.85996,1,1,1.78309,2.0018,0,1.37739,2.1168,8.84977e+06,3.89515e+06,1.57799e+07,0,0,0,0
56.9829,85.139,3.55596,0.53,0.08,3.01933,3.38967,0,0.565731,4.47552,4.25838e+06,2.91414e+06,1.28574e+07,0,0,0,0,99.3022,98.274,3.58016,1,1,1.78337,2.00212,0,1.37761,2.1168,8.84977e+06,3.89515e+06,1.57824e+07,0,0,0,0
56.6254,85.139,2.74398,0.47,0.08,3.01982,3.39022,0,0.565822,4.47552,4.25838e+06,2.91414e+06,1.28595e+07,0,0,0,0,99.3022,98.274,3.55666,1,1,1.78366,2.00244,0,1.37783,2.1168,8.84977e+06,3.89515e+06,1.5785e+07,0,0,0,0
58.0616,85.139,4.27149,0.59,0.08,2.63746,2.96097,0,0.565914,4.47552,4.25838e+06,3.49697e+06,1.12313e+07,0,0,0,0,99.3022,98.274,5.25676,0,1,1.53207,1.71999,0,1.37806,2.1168,8.84977e+06,4.67418e+06,1.35585e+07,0,0,0,0
61.0497,85.139,5.92617,0.54,0.08,2.63789,2.96144,0,0.49426,4.47552,4.25838e+06,3.49697e+06,1.12331e+07,0,0,0,0,99.3022,98.274,6.59856,0,1,1.53232,1.72027,0,1.18368,2.1168,8.84977e+06,4.67418e+06,1.35607e+07,0,0,0,0
64.8465,85.139,6.72595,0.59,0.08,2.63831,2.96192,0,0.49434,4.47552,4.25838e+06,3.49697e+06,1.12349e+07,0,0,0,0,99.3022,98.274,6.38222,0,1,1.53256,1.72055,0,1.18387,2.1168,8.84977e+06,4.67418e+06,1.35629e+07,0,0,0,0
67.819,85.139,5.94421,0.54,0.08,2.63874,2.9624,0,0.494419,4.47552,4.25838e+06,3.49697e+06,1.12367e+07,0,0,0,0,99.3022,98.274,6.35451,0,1,1.53281,1.72082,0,1.18406,2.1168,8.84977e+06,4.67418e+06,1.3565e+07,0,0,0,0
69.3957,85.139,4.54246,0.6,0.08,2.63916,2.96288,0,0.494499,4.47552,4.25838e+06,3.49697e+06,1.12385e+07,0,0,0,0,99.3022,98.274,6.46228,0,1,1.53306,1.7211,0,1.18425,2.1168,8.84977e+06,4.67418e+06,1.35672e+07,0,0,0,0
70.5629,85.139,4.21483,0.55,0.08,2.73603,3.07163,0,0.494579,4.47552,4.25838e+06,3.49697e+06,1.16511e+07,0,0,0,0,99.3022,98.274,5.17624,0,1,1.59497,1.79061,0,1.18444,2.1168,8.84977e+06,4.67418e+06,1.41152e+07,0,0,0,0
71.2029,85.139,3.71699,0.61,0.08,2.73647,3.07212,0,0.512732,4.47552,4.25838e+06,3.49697e+06,1.16529e+07,0,0,0,0,99.3022,98.274,3.15806,0,1,1.59523,1.7909,0,1.23228,2.1168,8.84977e+06,4.67418e+06,1.41174e+07,0,0,0,0
71.2701,85.139,3.08954,0.65,0.08,2.73691,3.07262,0,0.512815,4.47552,4.25838e+06,3.49697e+06,1.16548e+07,0,0,0,0,99.3022,98.274,3.09373,0,1,1.59549,1.79119,0,1.23248,2.1168,8.84977e+06,4.67418e+06,1.41197e+07,0,0,0,0
71.4516,85.139,3.20233,0.66,0.08,2.73735,3.07311,0,0.512898,4.47552,4.25838e+06,3.49697e+06,1.16567e+07,0,0,0,0,99.3022,98.274,2.9023,0,1,1.59575,1.79148,0,1.23267,2.1168,8.84977e+06,4.67418e+06,1.4122e+07,0,0,0,0
71.6093,85.139,3.10922,0.68,0.08,2.70006,3.03125,0,0.51298,4.47552,4.25838e+06,3.49697e+06,1.14979e+07,0,0,0,0,99.1427,98.274,2.64421,0,1,1.57204,1.76486,0,1.23287,2.1168,8.84977e+06,4.67418e+06,1.39122e+07,0,0,0,0
71.1986,85.139,2.49657,0.67,0.08,2.7005,3.03173,0,0.505992,4.47552,4.25838e+06,3.49697e+06,1.14997e+07,0,0,0,0,99.0583,98.274,2.25941,0,1,1.57229,1.76514,0,1.21455,2.1168,8.84977e+06,4.67418e+06,1.39144e+07,0,0,0,0
70.3478,85.139,2.03333,0.65,0.08,2.70093,3.03222,0,0.506073,4.47552,4.25838e+06,3.49697e+06,1.15016e+07,0,0,0,0,99.0753,98.274,2.14856,0,1,1.57254,1.76543,0,1.21475,2.1168,8.84977e+06,4.67418e+06,1.39166e+07,0,0,0,0
69.5644,85.139,2.09,0.61,0.08,2.70137,3.03271,0,0.506155,4.47552,4.25838e+06,3.49697e+06,1.15034e+07,0,0,0,0,99.2104,98.274,2.13573,0,1,1.5728,1.76571,0,1.21495,2.1168,8.84977e+06,4.67418e+06,1.39189e+07,0,0,0,0
69.4471,85.139,2.86608,0.62,0.08,2.82997,3.17709,0,0.506236,4.47552,4.25838e+06,3.49697e+06,1.20511e+07,0,0,0,0,98.9968,98.274,2.3555,0,1,1.6581,1.86148,0,1.21514,2.1168,8.84977e+06,4.67418e+06,1.46738e+07,0,0,0,0
68.5425,85.139,2.05656,0.58,0.08,2.83042,3.1776,0,0.530336,4.47552,4.25838e+06,3.49697e+06,1.2053e+07,0,0,0,0,98.7968,98.274,1.92758,0,1,1.65836,1.86178,0,1.28105,2.1168,8.84977e+06,4.67418e+06,1.46761e+07,0,0,0,0
67.4571,85.139,1.80786,0.51,0.08,2.83088,3.17811,0,0.530421,4.47552,4.25838e+06,3.49697e+06,1.2055e+07,0,0,0,0,98.5996,98.274,1.82331,0,1,1.65863,1.86208,0,1.28125,2.1168,8.84977e+06,4.67418e+06,1.46785e+07,0,0,0,0
66.3308,85.139,1.75343,0.68,0.08,2.83134,3.17862,0,0.530507,4.47552,4.25838e+06,3.49697e+06,1.20569e+07,0,0,0,0,98.3542,98.274,1.85396,0,1,1.6589,1.86238,0,1.28146,2.1168,8.84977e+06,4.67418e+06,1.46809e+07,0,0,0,0
65.1289,85.139,1.66276,0.61,0.08,2.83179,3.17913,0,0.530592,4.47552,4.25838e+06,3.49697e+06,1.20588e+07,0,0,0,0,98.359,98.274,1.77608,0,1,1.65917,1.86268,0,1.28166,2.1168,8.84977e+06,4.67418e+06,1.46832e+07,0,0,0,0
63.5504,85.139,1.22024,0.53,0.08,2.80688,3.15117,0,0.530678,4.47552,4.25838e+06,2.91414e+06,1.19528e+07,0,0,0,0,98.1576,98.274,2.05142,1,1,1.70621,1.91549,0,1.28187,2.1168,8.84977e+06,3.89515e+06,1.50996e+07,0,0,0,0
61.792,85.139,1.01102,0.45,0.08,2.80733,3.15168,0,0.52601,4.47552,4.25838e+06,2.91414e+06,1.19547e+07,0,0,0,0,97.9998,98.274,1.911,1,1,1.70649,1.9158,0,1.31822,2.1168,8.84977e+06,3.89515e+06,1.5102e+07,0,0,0,0
59.9861,85.139,0.92785,0.61,0.08,2.80779,3.15218,0,0.526094,4.47552,4.25838e+06,2.91414e+06,1.19566e+07,0,0,0,0,97.7502,98.274,1.87435,1,1,1.70676,1.91611,0,1.31843,2.1168,8.84977e+06,3.89515e+06,1.51045e+07,0,0,0,0
58.1616,85.139,0.869488,0.54,0.08,2.80824,3.15269,0,0.526179,4.47552,4.25838e+06,2.91414e+06,1.19585e+07,0,0,0,0,97.4174,98.274,1.81145,1,1,1.70704,1.91642,0,1.31865,2.1168,8.84977e+06,3.89515e+06,1.51069e+07,0,0,0,0
56.2519,85.139,0.814471,0.41,0.08,2.87424,3.22679,0,0.526264,4.47552,4.25838e+06,2.91414e+06,1.22396e+07,0,0,0,0,97.1263,98.274,1.78319,1,1,1.74903,1.96356,0,1.31886,2.1168,8.84977e+06,3.89515e+06,1.54785e+07,0,0,0,0
54.4049,85.139,0.852373,0.55,0.08,2.8747,3.22731,0,0.538632,4.47552,4.25838e+06,2.91414e+06,1.22416e+07,0,0,0,0,96.8546,98.274,1.90508,1,1,1.74931,1.96388,0,1.3513,2.1168,8.84977e+06,3.89515e+06,1.5481e+07,0,0,0,0
52.5127,85.139,0.780888,0.45,0.08,2.87517,3.22783,0,0.538719,4.47552,4.25838e+06,2.91414e+06,1.22435e+07,0,0,0,0,96.4725,98.274,1.85357,1,1,1.7496,1.9642,0,1.35152,2.1168,8.84977e+06,3.89515e+06,1.54835e+07,0,0,0,0
50.3632,85.139,0.708593,0.38,0.08,3.1578,3.22835,0,0.538806,4.47552,4.25838e+06,2.91414e+06,1.34471e+07,0,0,0,0,95.9819,98.274,1.69769,1,1,1.92159,1.96451,0,1.35174,2.1168,8.84977e+06,3.89515e+06,1.70056e+07,0,0,0,0
48.2417,85.139,0.622768,0.46,0.08,3.06817,3.44451,0,0.591772,4.47552,4.25838e+06,2.91414e+06,1.30654e+07,0,0,0,0,95.6207,98.274,1.67868,1,1,1.90084,2.13399,0,1.48462,2.1168,8.84977e+06,3.89515e+06,1.6822e+07,0,0,0,0
46.0204,85.139,0.76184,0.36,0.08,3.36978,3.44506,0,0.574976,4.47552,4.25838e+06,2.91414e+06,1.43498e+07,0,0,0,0,95.2809,98.274,1.95258,1,1,2.0877,2.13434,0,1.46859,2.1168,8.84977e+06,3.89515e+06,1.84757e+07,0,0,0,0
43.9294,85.139,0.89535,0.34,0.08,3.37033,3.44562,0,0.631498,4.47552,4.25838e+06,2.91414e+06,1.43521e+07,0,0,0,0,94.9542,98.274,2.40582,1,1,2.08804,2.13468,0,1.61296,2.1168,8.84977e+06,3.89515e+06,1.84786e+07,0,0,0,0
41.9652,85.139,0.724993,0.4,0.08,3.06966,3.44617,0,0.631599,4.47552,4.25838e+06,2.91414e+06,1.30717e+07,0,0,0,0,94.7263,98.274,1.81651,1,1,1.90176,2.13502,0,1.61322,2.1168,8.84977e+06,3.89515e+06,1.68301e+07,0,0,0,0
39.845,85.139,0.862535,0.36,0.08,3.37141,3.44673,0,0.575253,4.47552,4.25838e+06,2.91414e+06,1.43567e+07,0,0,0,0,94.6742,98.274,2.9506,1,1,2.08871,2.13537,0,1.4693,2.1168,8.84977e+06,3.89515e+06,1.84846e+07,0,0,0,0
37.5896,85.139,0.613366,0.33,0.08,3.26907,3.3421,0,0.631803,4.47552,4.25838e+06,2.91414e+06,1.39209e+07,0,0,0,0,94.3068,98.274,2.00944,1,1,1.98853,2.03295,0,1.61374,2.1168,8.84977e+06,3.89515e+06,1.7598e+07,0,0,0,0
34.7516,85.139,0.583095,0.4,0.08,2.97743,3.34264,0,0.612624,4.47552,4.25838e+06,2.91414e+06,1.2679e+07,0,0,0,0,94.0275,98.274,1.92205,1,1,1.81113,2.03328,0,1.53634,2.1168,8.84977e+06,3.89515e+06,1.60281e+07,0,0,0,0
32.0697,85.139,0.760587,0.4,0.08,2.97791,3.34318,0,0.557971,4.47552,4.25838e+06,2.91414e+06,1.26811e+07,0,0,0,0,93.7982,98.274,1.99793,1,1,1.81142,2.03361,0,1.39928,2.1168,8.84977e+06,3.89515e+06,1.60307e+07,0,0,0,0
31.9185,85.139,1.09647,0.48,0.08,2.97839,3.34372,0,0.558061,4.47552,4.25838e+06,2.91414e+06,1.26831e+07,0,0,0,0,93.9185,98.274,3.37842,1,1,1.81171,2.03394,0,1.39951,2.1168,8.84977e+06,3.89515e+06,1.60333e+07,0,0,0,0
30.5711,85.139,0.912413,0.5,0.08,2.90192,3.25787,0,0.558151,4.47552,4.25838e+06,2.91414e+06,1.23575e+07,0,0,0,0,93.8672,98.274,2.40118,1,1,1.72864,1.94067,0,1.39973,2.1168,8.84977e+06,3.89515e+06,1.5298e+07,0,0,0,0
29.8435,85.139,1.88782,0.49,0.08,2.90239,3.25839,0,0.54382,4.47552,4.25838e+06,2.91414e+06,1.23595e+07,0,0,0,0,94.2055,98.274,3.03269,1,1,1.72891,1.94098,0,1.33554,2.1168,8.84977e+06,3.89515e+06,1.53005e+07,0,0,0,0
30.9008,85.139,3.71151,0.5,0.08,2.90286,3.25891,0,0.543908,4.47552,4.25838e+06,2.91414e+06,1.23615e+07,0,0,0,0,95.3524,98.274,5.20616,1,1,1.72919,1.94129,0,1.33576,2.1168,8.84977e+06,3.89515e+06,1.5303e+07,0,0,0,0
31.0493,85.139,2.76839,0.52,0.08,2.90332,3.25944,0,0.543995,4.47552,4.25838e+06,2.91414e+06,1.23634e+07,0,0,0,0,96.5852,98.274,5.42383,1,1,1.72947,1.9416,0,1.33597,2.1168,8.84977e+06,3.89515e+06,1.53054e+07,0,0,0,0
32.1897,85.139,3.59475,0.5,0.08,2.6851,3.01445,0,0.544083,4.47552,4.25838e+06,3.49697e+06,1.14342e+07,0,0,0,0,97.449,98.274,4.5445,0,1,1.556,1.74686,0,1.33619,2.1168,8.84977e+06,4.67418e+06,1.37703e+07,0,0,0,0
33.4668,85.139,3.88553,0.55,0.08,2.68553,3.01494,0,0.503188,4.47552,4.25838e+06,3.49697e+06,1.1436e+07,0,0,0,0,99.3022,98.274,7.14001,0,1,1.55625,1.74714,0,1.20217,2.1168,8.84977e+06,4.67418e+06,1.37725e+07,0,0,0,0
33.1937,85.139,2.24974,0.58,0.08,2.68597,3.01542,0,0.503269,4.47552,4.25838e+06,3.49697e+06,1.14379e+07,0,0,0,0,99.3022,98.274,4.63606,0,1,1.5565,1.74742,0,1.20236,2.1168,8.84977e+06,4.67418e+06,1.37747e+07,0,0,0,0
32.2363,85.139,1.51025,0.6,0.08,2.6864,3.01591,0,0.50335,4.47552,4.25838e+06,3.49697e+06,1.14397e+07,0,0,0,0,99.3022,98.274,3.56029,0,1,1.55675,1.7477,0,1.20255,2.1168,8.84977e+06,4.67418e+06,1.37769e+07,0,0,0,0
33.5048,85.139,3.77342,0.63,0.08,2.68683,3.01639,0,0.503431,4.47552,4.25838e+06,3.49697e+06,1.14415e+07,0,0,0,0,99.3022,98.274,6.29376,0,1,1.557,1.74798,0,1.20275,2.1168,8.84977e+06,4.67418e+06,1.37791e+07,0,0,0,0
34.4253,85.139,3.5236,0.64,0.08,2.68683,3.01639,0,0.503512,4.47552,4.25838e+06,3.49697e+06,1.14415e+07,0,0,0,0,99.3022,98.274,6.881,0,1,1.557,1.74798,0,1.20294,2.1168,8.84977e+06,4.67418e+06,1.37791e+07,0,0,0,0
35.9602,85.139,4.25595,0.63,0.08,2.77144,3.11137,0,0.503512,4.47552,4.25838e+06,3.49697e+06,1.18018e+07,0,0,0,0,99.3022,98.274,7.38873,0,1,1.6076,1.80478,0,1.20294,2.1168,8.84977e+06,4.67418e+06,1.42269e+07,0,0,0,0
36.9276,85.139,3.68182,0.64,0.08,2.77186,3.11185,0,0.519367,4.47552,4.25838e+06,3.49697e+06,1.18036e+07,0,0,0,0,99.3022,98.274,5.46097,0,1,1.60784,1.80506,0,1.24203,2.1168,8.84977e+06,4.67418e+06,1.42291e+07,0,0,0,0
41.0292,85.139,6.78643,0.68,0.08,2.77228,3.11232,0,0.519446,4.47552,4.25838e+06,3.49697e+06,1.18054e+07,0,0,0,0,99.3022,98.274,6.54049,0,1,1.60809,1.80533,0,1.24222,2.1168,8.84977e+06,4.67418e+06,1.42312e+07,0,0,0,0
41.8859,85.139,3.52458,0.66,0.08,2.7727,3.11279,0,0.519525,4.47552,4.25838e+06,3.49697e+06,1.18072e+07,0,0,0,0,99.3022,98.274,6.10587,0,1,1.60833,1.80561,0,1.24241,2.1168,8.84977e+06,4.67418e+06,1.42334e+07,0,0,0,0
45.0046,85.139,6.2357,0.68,0.08,3.04361,3.41693,0,0.519604,4.47552,4.25838e+06,2.91414e+06,1.29608e+07,0,0,0,0,99.3022,98.274,7.1226,1,1,1.79771,2.01822,0,1.2426,2.1168,8.84977e+06,3.89515e+06,1.59093e+07,0,0,0,0
46.4254,85.139,4.52917,0.7,0.08,3.04407,3.41745,0,0.570372,4.47552,4.25838e+06,2.91414e+06,1.29628e+07,0,0,0,0,99.3022,98.274,7.59587,1,1,1.79799,2.01852,0,1.38891,2.1168,8.84977e+06,3.89515e+06,1.59118e+07,0,0,0,0
47.9986,85.139,4.61179,0.65,0.08,3.04453,3.41797,0,0.570459,4.47552,4.25838e+06,2.91414e+06,1.29648e+07,0,0,0,0,99.3022,98.274,6.7441,1,1,1.79826,2.01883,0,1.38912,2.1168,8.84977e+06,3.89515e+06,1.59142e+07,0,0,0,0
49.7914,85.139,4.83357,0.7,0.08,3.04499,3.41849,0,0.570545,4.47552,4.25838e+06,2.91414e+06,1.29667e+07,0,0,0,0,99.3022,98.274,6.7743,1,1,1.79853,2.01914,0,1.38933,2.1168,8.84977e+06,3.89515e+06,1.59166e+07,0,0,0,0
51.1549,85.139,4.22078,0.75,0.08,2.65943,2.98563,0,0.570632,4.47552,4.25838e+06,3.49697e+06,1.13248e+07,0,0,0,0,99.3022,98.274,6.09407,0,1,1.54483,1.73432,0,1.38955,2.1168,8.84977e+06,4.67418e+06,1.36714e+07,0,0,0,0
53.9861,85.139,5.70261,0.72,0.08,2.65983,2.98608,0,0.498377,4.47552,4.25838e+06,3.49697e+06,1.13266e+07,0,0,0,0,99.3022,98.274,6.61461,0,1,1.54507,1.73458,0,1.19354,2.1168,8.84977e+06,4.67418e+06,1.36735e+07,0,0,0,0
55.74,85.139,4.66962,0.79,0.08,2.66024,2.98654,0,0.498452,4.47552,4.25838e+06,3.49697e+06,1.13283e+07,0,0,0,0,99.3022,98.274,4.41435,0,1,1.5453,1.73484,0,1.19372,2.1168,8.84977e+06,4.67418e+06,1.36756e+07,0,0,0,0
56.1311,85.139,3.31203,0.8,0.08,2.66064,2.98699,0,0.498528,4.47552,4.25838e+06,3.49697e+06,1.133e+07,0,0,0,0,99.3022,98.274,3.67744,0,1,1.54554,1.73511,0,1.1939,2.1168,8.84977e+06,4.67418e+06,1.36776e+07,0,0,0,0
58.0885,85.139,4.90421,0.81,0.08,2.66104,2.98744,0,0.498604,4.47552,4.25838e+06,3.49697e+06,1.13317e+07,0,0,0,0,99.3022,98.274,5.05309,0,1,1.54577,1.73537,0,1.19408,2.1168,8.84977e+06,4.67418e+06,1.36797e+07,0,0,0,0
62.5378,85.139,7.63059,0.79,0.08,2.75869,3.09707,0,0.49868,4.47552,4.25838e+06,3.49697e+06,1.17476e+07,0,0,0,0,99.3022,98.274,7.59711,0,1,1.60818,1.80544,0,1.19426,2.1168,8.84977e+06,4.67418e+06,1.42321e+07,0,0,0,0
64.9132,85.139,5.46497,0.75,0.08,2.75911,3.09754,0,0.516979,4.47552,4.25838e+06,3.49697e+06,1.17493e+07,0,0,0,0,99.3022,98.274,4.77494,0,1,1.60843,1.80572,0,1.24248,2.1168,8.84977e+06,4.67418e+06,1.42342e+07,0,0,0,0
66.8702,85.139,5.11345,0.75,0.08,2.75953,3.09801,0,0.517058,4.47552,4.25838e+06,3.49697e+06,1.17511e+07,0,0,0,0,99.3022,98.274,5.07216,0,1,1.60867,1.80599,0,1.24267,2.1168,8.84977e+06,4.67418e+06,1.42364e+07,0,0,0,0
68.7666,85.139,4.99444,0.76,0.08,2.75995,3.09848,0,0.517136,4.47552,4.25838e+06,3.49697e+06,1.17529e+07,0,0,0,0,99.3022,98.274,5.60563,0,1,1.60892,1.80627,0,1.24286,2.1168,8.84977e+06,4.67418e+06,1.42386e+07,0,0,0,0
70.3909,85.139,4.66081,0.69,0.08,2.72233,3.05624,0,0.517215,4.47552,4.25838e+06,3.49697e+06,1.15927e+07,0,0,0,0,99.3022,98.274,6.02498,0,1,1.585,1.77941,0,1.24305,2.1168,8.84977e+06,4.67418e+06,1.40269e+07,0,0,0,0
71.3149,85.139,3.94513,0.68,0.08,2.72274,3.05671,0,0.510164,4.47552,4.25838e+06,3.49697e+06,1.15945e+07,0,0,0,0,99.3022,98.274,5.46138,0,1,1.58524,1.77968,0,1.22457,2.1168,8.84977e+06,4.67418e+06,1.4029e+07,0,0,0,0
71.9055,85.139,3.61842,0.67,0.08,2.72315,3.05717,0,0.510242,4.47552,4.25838e+06,3.49697e+06,1.15962e+07,0,0,0,0,99.3022,98.274,4.52087,0,1,1.58548,1.77995,0,1.22476,2.1168,8.84977e+06,4.67418e+06,1.40311e+07,0,0,0,0
73.3724,85.139,4.48348,0.65,0.08,2.72357,3.05764,0,0.510319,4.47552,4.25838e+06,3.49697e+06,1.1598e+07,0,0,0,0,99.3022,98.274,5.20943,0,1,1.58572,1.78022,0,1.22494,2.1168,8.84977e+06,4.67418e+06,1.40333e+07,0,0,0,0
73.766,85.139,3.50822,0.6,0.08,2.8532,3.20317,0,0.510397,4.47552,4.25838e+06,3.49697e+06,1.215e+07,0,0,0,0,99.3022,98.274,4.23639,0,1,1.67171,1.87676,0,1.22513,2.1168,8.84977e+06,4.67418e+06,1.47942e+07,0,0,0,0
73.6494,85.139,2.89186,0.59,0.08,2.85363,3.20366,0,0.53469,4.47552,4.25838e+06,3.49697e+06,1.21518e+07,0,0,0,0,99.3022,98.274,3.93804,0,1,1.67196,1.87704,0,1.29156,2.1168,8.84977e+06,4.67418e+06,1.47965e+07,0,0,0,0
73.4102,85.139,2.71656,0.49,0.08,2.85407,3.20414,0,0.534771,4.47552,4.25838e+06,3.49697e+06,1.21537e+07,0,0,0,0,99.3022,98.274,3.6393,0,1,1.67222,1.87733,0,1.29176,2.1168,8.84977e+06,4.67418e+06,1.47987e+07,0,0,0,0
73.1369,85.139,2.67482,0.44,0.08,2.8545,3.20463,0,0.534852,4.47552,4.25838e+06,3.49697e+06,1.21555e+07,0,0,0,0,99.2888,98.274,3.70647,0,1,1.67247,1.87761,0,1.29195,2.1168,8.84977e+06,4.67418e+06,1.4801e+07,0,0,0,0
72.1565,85.139,2.169,0.39,0.08,3.13508,3.20512,0,0.534934,4.47552,4.25838e+06,2.91414e+06,1.33504e+07,0,0,0,0,98.7661,98.274,2.53193,0,1,1.83686,1.8779,0,1.29215,2.1168,8.84977e+06,3.89515e+06,1.62558e+07,0,0,0,0
70.9508,85.139,1.89602,0.35,0.08,3.10747,3.17689,0,0.587514,4.47552,4.25838e+06,2.91414e+06,1.32328e+07,0,0,0,0,98.1663,98.274,1.65079,1,1,1.88893,1.93113,0,1.41916,2.1168,8.84977e+06,3.89515e+06,1.67166e+07,0,0,0,0
69.5882,85.139,1.72639,0.3,0.08,3.10795,3.17738,0,0.582341,4.47552,4.25838e+06,2.91414e+06,1.32348e+07,0,0,0,0,97.501,98.274,1.52464,1,1,1.88922,1.93143,0,1.45939,2.1168,8.84977e+06,3.89515e+06,1.67192e+07,0,0,0,0
68.107,85.139,1.57809,0.27,0.08,3.10842,3.17786,0,0.582429,4.47552,4.25838e+06,2.91414e+06,1.32368e+07,0,0,0,0,96.7671,98.274,1.45973,1,1,1.88951,1.93172,0,1.45961,2.1168,8.84977e+06,3.89515e+06,1.67217e+07,0,0,0,0
66.6467,85.139,1.55961,0.33,0.08,3.10889,3.17834,0,0.582518,4.47552,4.25838e+06,2.91414e+06,1.32388e+07,0,0,0,0,95.9357,98.274,1.38935,1,1,1.8898,1.93201,0,1.45983,2.1168,8.84977e+06,3.89515e+06,1.67243e+07,0,0,0,0
65.0909,85.139,1.51924,0.29,0.08,3.18193,3.25301,0,0.582606,4.47552,4.25838e+06,2.91414e+06,1.35499e+07,0,0,0,0,95.0034,98.274,1.33388,1,1,1.93627,1.97952,0,1.46006,2.1168,8.84977e+06,3.89515e+06,1.71355e+07,0,0,0,0
63.4389,85.139,1.40469,0.27,0.08,3.18241,3.25351,0,0.596294,4.47552,4.25838e+06,2.91414e+06,1.35519e+07,0,0,0,0,94.0162,98.274,1.26944,1,1,1.93656,1.97982,0,1.49596,2.1168,8.84977e+06,3.89515e+06,1.71381e+07,0,0,0,0
61.7044,85.139,1.29585,0.25,0.08,3.1829,3.254,0,0.596384,4.47552,4.25838e+06,2.91414e+06,1.3554e+07,0,0,0,0,92.9982,98.274,1.18105,1,1,1.93686,1.98012,0,1.49619,2.1168,8.84977e+06,3.89515e+06,1.71407e+07,0,0,0,0
59.9021,85.139,1.19673,0.27,0.08,3.18338,3.2545,0,0.596475,4.47552,4.25838e+06,2.91414e+06,1.3556e+07,0,0,0,0,91.8988,98.274,1.13448,1,1,1.93715,1.98043,0,1.49642,2.1168,8.84977e+06,3.89515e+06,1.71433e+07,0,0,0,0
57.6441,85.139,0.880655,0.27,0.08,3.3965,3.47238,0,0.596565,4.47552,4.25838e+06,2.91414e+06,1.44636e+07,0,0,0,0,90.4889,98.274,0.985761,1,1,2.10425,2.15126,0,1.49664,2.1168,8.84977e+06,3.89515e+06,1.86221e+07,0,0,0,0
55.2556,85.139,0.7162,0.27,0.08,3.39702,3.4729,0,0.636504,4.47552,4.25838e+06,2.91414e+06,1.44658e+07,0,0,0,0,89.0916,98.274,0.875255,1,1,2.10457,2.15159,0,1.62574,2.1168,8.84977e+06,3.89515e+06,1.8625e+07,0,0,0,0
53.0352,85.139,0.851543,0.29,0.08,3.39753,3.47343,0,0.636601,4.47552,4.25838e+06,2.91414e+06,1.4468e+07,0,0,0,0,87.7988,98.274,0.948266,1,1,2.10489,2.15191,0,1.62599,2.1168,8.84977e+06,3.89515e+06,1.86278e+07,0,0,0,0
51.4094,85.139,1.45431,0.28,0.08,3.39805,3.47396,0,0.636698,4.47552,4.25838e+06,2.91414e+06,1.44702e+07,0,0,0,0,86.6566,98.274,1.13652,1,1,2.10521,2.15224,0,1.62624,2.1168,8.84977e+06,3.89515e+06,1.86306e+07,0,0,0,0
50.0785,85.139,1.71668,0.29,0.08,3.39857,3.47449,0,0.636794,4.47552,4.25838e+06,2.91414e+06,1.44724e+07,0,0,0,0,86.0954,98.274,1.29343,1,1,2.10553,2.15257,0,1.62649,2.1168,8.84977e+06,3.89515e+06,1.86335e+07,0,0,0,0
48.6377,85.139,1.48021,0.32,0.08,3.29537,3.36899,0,0.636891,4.47552,4.25838e+06,2.91414e+06,1.40329e+07,0,0,0,0,85.4789,98.274,2.08695,1,1,2.00453,2.04931,0,1.62673,2.1168,8.84977e+06,3.89515e+06,1.77396e+07,0,0,0,0
47.0094,85.139,1.2924,0.31,0.08,3.29587,3.3695,0,0.617553,4.47552,4.25838e+06,2.91414e+06,1.40351e+07,0,0,0,0,84.4341,98.274,1.22043,1,1,2.00483,2.04962,0,1.5487,2.1168,8.84977e+06,3.89515e+06,1.77423e+07,0,0,0,0
45.348,85.139,1.25418,0.31,0.08,3.29637,3.37001,0,0.617647,4.47552,4.25838e+06,2.91414e+06,1.40372e+07,0,0,0,0,83.6041,98.274,1.13024,1,1,2.00514,2.04993,0,1.54893,2.1168,8.84977e+06,3.89515e+06,1.7745e+07,0,0,0,0
44.8154,85.139,2.55419,0.35,0.08,3.29687,3.37053,0,0.61774,4.47552,4.25838e+06,2.91414e+06,1.40393e+07,0,0,0,0,83.3438,98.274,2.07362,1,1,2.00544,2.05024,0,1.54917,2.1168,8.84977e+06,3.89515e+06,1.77477e+07,0,0,0,0
43.2386,85.139,1.36237,0.36,0.08,3.2122,3.28395,0,0.617834,4.47552,4.25838e+06,2.91414e+06,1.36787e+07,0,0,0,0,82.5118,98.274,1.46833,1,1,1.91346,1.95621,0,1.5494,2.1168,8.84977e+06,3.89515e+06,1.69337e+07,0,0,0,0
41.4879,85.139,1.21288,0.37,0.08,3.21268,3.28445,0,0.601966,4.47552,4.25838e+06,2.91414e+06,1.36808e+07,0,0,0,0,82.1961,98.274,1.06754,1,1,1.91375,1.95651,0,1.47834,2.1168,8.84977e+06,3.89515e+06,1.69363e+07,0,0,0,0
40.101,85.139,1.60161,0.39,0.08,3.21317,3.28495,0,0.602057,4.47552,4.25838e+06,2.91414e+06,1.36829e+07,0,0,0,0,82.2901,98.274,2.51179,1,1,1.91404,1.9568,0,1.47857,2.1168,8.84977e+06,3.89515e+06,1.69389e+07,0,0,0,0
41.5471,85.139,4.36524,0.4,0.08,2.92649,3.28545,0,0.602148,4.47552,4.25838e+06,2.91414e+06,1.24621e+07,0,0,0,0,83.488,98.274,4.91608,1,1,1.74327,1.9571,0,1.47879,2.1168,8.84977e+06,3.89515e+06,1.54276e+07,0,0,0,0
42.245,85.139,3.29413,0.44,0.08,2.70651,3.03848,0,0.548425,4.47552,4.25838e+06,3.49697e+06,1.15253e+07,0,0,0,0,83.7044,98.274,2.80935,0,1,1.56841,1.76078,0,1.34685,2.1168,8.84977e+06,4.67418e+06,1.388e+07,0,0,0,0
45.4985,85.139,5.9305,0.49,0.08,2.70692,3.03894,0,0.507199,4.47552,4.25838e+06,3.49697e+06,1.15271e+07,0,0,0,0,83.7236,98.274,2.17004,0,1,1.56864,1.76105,0,1.21175,2.1168,8.84977e+06,4.67418e+06,1.38821e+07,0,0,0,0
47.969,85.139,5.28331,0.45,0.08,2.70733,3.0394,0,0.507276,4.47552,4.25838e+06,3.49697e+06,1.15288e+07,0,0,0,0,85.589,98.274,6.39467,0,1,1.56888,1.76132,0,1.21193,2.1168,8.84977e+06,4.67418e+06,1.38843e+07,0,0,0,0
50.1958,85.139,5.06806,0.51,0.08,2.70774,3.03987,0,0.507353,4.47552,4.25838e+06,3.49697e+06,1.15306e+07,0,0,0,0,86.3685,98.274,3.71231,0,1,1.56912,1.76159,0,1.21212,2.1168,8.84977e+06,4.67418e+06,1.38864e+07,0,0,0,0
51.6288,85.139,4.21561,0.53,0.08,2.70815,3.04033,0,0.50743,4.47552,4.25838e+06,3.49697e+06,1.15323e+07,0,0,0,0,86.9036,98.274,3.56941,0,1,1.56936,1.76185,0,1.2123,2.1168,8.84977e+06,4.67418e+06,1.38885e+07,0,0,0,0
55.7711,85.139,7.30183,0.48,0.1,2.7934,3.13603,0,0.507508,4.47552,4.25838e+06,3.49697e+06,1.18954e+07,0,0,0,0,88.6657,98.274,6.66075,0,1,1.62034,1.81909,0,1.21249,2.1168,8.84977e+06,4.67418e+06,1.43396e+07,0,0,0,0
58.3505,85.139,5.69554,0.52,0.1,2.7938,3.13648,0,0.523483,4.47552,4.25838e+06,3.49697e+06,1.18971e+07,0,0,0,0,89.7127,98.274,4.91712,0,1,1.62057,1.81935,0,1.25188,2.1168,8.84977e+06,4.67418e+06,1.43417e+07,0,0,0,0
60.6506,85.139,5.39698,0.43,0.1,2.7942,3.13693,0,0.523558,4.47552,4.25838e+06,3.49697e+06,1.18988e+07,0,0,0,0,90.6504,98.274,4.74073,0,1,1.6208,1.81961,0,1.25205,2.1168,8.84977e+06,4.67418e+06,1.43438e+07,0,0,0,0
62.9953,85.139,5.46284,0.48,0.1,2.7946,3.13738,0,0.523633,4.47552,4.25838e+06,3.49697e+06,1.19005e+07,0,0,0,0,91.5502,98.274,4.85358,0,1,1.62104,1.81987,0,1.25223,2.1168,8.84977e+06,4.67418e+06,1.43458e+07,0,0,0,0
66.6682,85.139,7.3194,0.38,0.1,3.36863,3.44389,0,0.523708,4.47552,4.25838e+06,2.91414e+06,1.43449e+07,0,0,0,0,92.9661,98.274,6.31302,1,1,1.98969,2.03414,0,1.25241,2.1168,8.84977e+06,3.89515e+06,1.76083e+07,0,0,0,0
69.9264,85.139,6.72714,0.41,0.1,3.06806,3.44438,0,0.631282,4.47552,4.25838e+06,2.91414e+06,1.30649e+07,0,0,0,0,94.1661,98.274,5.6222,1,1,1.81215,2.03443,0,1.53723,2.1168,8.84977e+06,3.89515e+06,1.60372e+07,0,0,0,0
74.4584,85.139,8.2691,0.33,0.1,3.3696,3.44487,0,0.574954,4.47552,4.25838e+06,2.91414e+06,1.4349e+07,0,0,0,0,95.5685,98.274,6.29988,1,1,1.99026,2.03472,0,1.40007,2.1168,8.84977e+06,3.89515e+06,1.76133e+07,0,0,0,0
76.9979,85.139,6.38977,0.28,0.1,3.37008,3.44537,0,0.631463,4.47552,4.25838e+06,2.91414e+06,1.43511e+07,0,0,0,0,96.5163,98.274,5.16347,1,1,1.99054,2.03501,0,1.53767,2.1168,8.84977e+06,3.89515e+06,1.76159e+07,0,0,0,0
77.5388,85.139,3.92281,0.3,0.1,3.00907,3.00907,0,0.631553,4.47552,4.25838e+06,2.70226e+06,1.28138e+07,0,0,0,0,97.0348,98.274,3.58874,0,1,1.74794,1.74794,0,1.53789,2.1168,8.84977e+06,3.61194e+06,1.54688e+07,0,0,0,0
79.0673,85.139,5.00546,0.32,0.1,3.0095,3.0095,0,0.563901,4.47552,4.25838e+06,2.70226e+06,1.28156e+07,0,0,0,0,98.3617,98.274,5.40181,0,1,1.74819,1.74819,0,1.35046,2.1168,8.84977e+06,3.61194e+06,1.54711e+07,0,0,0,0
80.0446,85.139,4.4653,0.38,0.1,3.00994,3.00994,0,0.563981,4.47552,4.25838e+06,2.70226e+06,1.28174e+07,0,0,0,0,98.921,98.274,3.77875,0,1,1.74844,1.74844,0,1.35065,2.1168,8.84977e+06,3.61194e+06,1.54733e+07,0,0,0,0
80.2902,85.139,3.68402,0.31,0.1,3.01037,3.01037,0,0.564062,4.47552,4.25838e+06,2.70226e+06,1.28193e+07,0,0,0,0,99.3022,98.274,3.26614,0,1,1.74869,1.74869,0,1.35084,2.1168,8.84977e+06,3.61194e+06,1.54755e+07,0,0,0,0
82.5739,85.139,5.84305,0.34,0.1,3.0108,3.0108,0,0.564143,4.47552,4.25838e+06,2.70226e+06,1.28211e+07,0,0,0,0,99.3022,98.274,4.9558,0,1,1.74894,1.74894,0,1.35104,2.1168,8.84977e+06,3.61194e+06,1.54777e+07,0,0,0,0
83.7307,85.139,4.84641,0.36,0.1,3.12125,3.12125,0,0.564223,4.47552,4.25838e+06,2.70226e+06,1.32915e+07,0,0,0,0,99.3022,98.274,4.6843,0,1,1.81954,1.81954,0,1.35123,2.1168,8.84977e+06,3.61194e+06,1.61025e+07,0,0,0,0
84.2018,85.139,4.08026,0.39,0.1,3.05348,3.1217,0,0.584923,4.47552,4.25838e+06,2.91414e+06,1.30029e+07,0,0,0,0,99.3022,98.274,3.86078,0,1,1.78003,1.8198,0,1.40578,2.1168,8.84977e+06,3.89515e+06,1.57529e+07,0,0,0,0
84.2918,85.139,3.30699,0.4,0.1,2.78103,3.12214,0,0.572223,4.47552,4.25838e+06,3.49697e+06,1.18427e+07,0,0,0,0,99.3022,98.274,3.21289,0,1,1.62121,1.82006,0,1.37525,2.1168,8.84977e+06,4.67418e+06,1.43473e+07,0,0,0,0
83.8571,85.139,2.75693,0.42,0.1,2.78143,3.12259,0,0.521165,4.47552,4.25838e+06,3.49697e+06,1.18444e+07,0,0,0,0,99.3022,98.274,2.99036,0,1,1.62144,1.82032,0,1.25254,2.1168,8.84977e+06,4.67418e+06,1.43494e+07,0,0,0,0
83.5115,85.139,3.12681,0.38,0.1,3.07999,3.07999,0,0.521239,4.47552,4.25838e+06,2.70226e+06,1.31158e+07,0,0,0,0,99.3022,98.274,3.88537,0,1,1.79324,1.79324,0,1.25272,2.1168,8.84977e+06,3.61194e+06,1.58698e+07,0,0,0,0
82.714,85.139,2.64773,0.35,0.1,3.08044,3.08044,0,0.577191,4.47552,4.25838e+06,2.70226e+06,1.31177e+07,0,0,0,0,99.3022,98.274,3.52302,0,1,1.7935,1.7935,0,1.38546,2.1168,8.84977e+06,3.61194e+06,1.5872e+07,0,0,0,0
81.7071,85.139,2.43067,0.35,0.1,3.08088,3.08088,0,0.577274,4.47552,4.25838e+06,2.70226e+06,1.31195e+07,0,0,0,0,99.3022,98.274,2.92997,0,1,1.79375,1.79375,0,1.38566,2.1168,8.84977e+06,3.61194e+06,1.58743e+07,0,0,0,0
81.3081,85.139,3.00717,0.32,0.1,3.08132,3.08132,0,0.577356,4.47552,4.25838e+06,2.70226e+06,1.31214e+07,0,0,0,0,99.3022,98.274,3.3699,0,1,1.79401,1.79401,0,1.38585,2.1168,8.84977e+06,3.61194e+06,1.58766e+07,0,0,0,0
80.1612,85.139,2.29831,0.29,0.1,3.22795,3.22795,0,0.577439,4.47552,4.25838e+06,2.70226e+06,1.37458e+07,0,0,0,0,99.3022,98.274,3.17644,0,1,1.89128,1.89128,0,1.38605,2.1168,8.84977e+06,3.61194e+06,1.67374e+07,0,0,0,0
79.0208,85.139,2.28364,0.27,0.1,3.22841,3.22841,0,0.604917,4.47552,4.25838e+06,2.70226e+06,1.37478e+07,0,0,0,0,99.3022,98.274,3.04866,0,1,1.89155,1.89155,0,1.4612,2.1168,8.84977e+06,3.61194e+06,1.67397e+07,0,0,0,0
77.6813,85.139,2.03164,0.35,0.1,3.22887,3.22887,0,0.605004,4.47552,4.25838e+06,2.70226e+06,1.37497e+07,0,0,0,0,99.3022,98.274,2.916,0,1,1.89182,1.89182,0,1.46141,2.1168,8.84977e+06,3.61194e+06,1.67421e+07,0,0,0,0
76.2713,85.139,1.92425,0.34,0.1,3.22933,3.22933,0,0.60509,4.47552,4.25838e+06,2.70226e+06,1.37517e+07,0,0,0,0,99.3022,98.274,2.77622,0,1,1.89209,1.89209,0,1.46162,2.1168,8.84977e+06,3.61194e+06,1.67445e+07,0,0,0,0
75.1665,85.139,2.21906,0.3,0.1,3.22979,3.22979,0,0.605177,4.47552,4.25838e+06,2.70226e+06,1.37537e+07,0,0,0,0,99.3022,98.274,3.1561,0,1,1.89236,1.89236,0,1.46183,2.1168,8.84977e+06,3.61194e+06,1.67469e+07,0,0,0,0
74.5512,85.139,2.61479,0.27,0.1,3.13137,3.20132,0,0.605263,4.47552,4.25838e+06,2.91414e+06,1.33346e+07,0,0,0,0,99.3022,98.274,3.70107,1,1,1.90346,1.94598,0,1.46204,2.1168,8.84977e+06,3.89515e+06,1.68452e+07,0,0,0,0
73.7921,85.139,2.43746,0.22,0.1,3.13182,3.20178,0,0.586819,4.47552,4.25838e+06,2.91414e+06,1.33365e+07,0,0,0,0,99.3022,98.274,3.53528,1,1,1.90373,1.94626,0,1.47061,2.1168,8.84977e+06,3.89515e+06,1.68476e+07,0,0,0,0
72.773,85.139,2.1528,0.21,0.1,3.13227,3.20224,0,0.586903,4.47552,4.25838e+06,2.91414e+06,1.33384e+07,0,0,0,0,99.3022,98.274,3.47933,1,1,1.90401,1.94654,0,1.47082,2.1168,8.84977e+06,3.89515e+06,1.685e+07,0,0,0,0
71.7299,85.139,2.11281,0.25,0.1,3.13272,3.2027,0,0.586987,4.47552,4.25838e+06,2.91414e+06,1.33403e+07,0,0,0,0,99.3022,98.274,3.54963,1,1,1.90428,1.94682,0,1.47103,2.1168,8.84977e+06,3.89515e+06,1.68524e+07,0,0,0,0
70.5934,85.139,2.06782,0.24,0.1,3.20629,3.27791,0,0.587071,4.47552,4.25838e+06,2.91414e+06,1.36536e+07,0,0,0,0,99.2094,98.274,3.1194,1,1,1.95109,1.99467,0,1.47124,2.1168,8.84977e+06,3.89515e+06,1.72667e+07,0,0,0,0
69.4188,85.139,2.01956,0.22,0.1,3.20674,3.27838,0,0.600858,4.47552,4.25838e+06,2.91414e+06,1.36555e+07,0,0,0,0,99.053,98.274,3.2548,1,1,1.95137,1.99496,0,1.50741,2.1168,8.84977e+06,3.89515e+06,1.72692e+07,0,0,0,0
68.1321,85.139,1.88628,0.21,0.1,3.2072,3.27885,0,0.600944,4.47552,4.25838e+06,2.91414e+06,1.36575e+07,0,0,0,0,98.8417,98.274,3.06629,1,1,1.95165,1.99525,0,1.50763,2.1168,8.84977e+06,3.89515e+06,1.72716e+07,0,0,0,0
66.7108,85.139,1.73131,0.21,0.1,3.20766,3.27932,0,0.60103,4.47552,4.25838e+06,2.91414e+06,1.36594e+07,0,0,0,0,98.6237,98.274,2.88479,1,1,1.95193,1.99553,0,1.50784,2.1168,8.84977e+06,3.89515e+06,1.72741e+07,0,0,0,0
65.3423,85.139,1.92535,0.24,0.1,3.42238,3.49883,0,0.601116,4.47552,4.25838e+06,2.91414e+06,1.45738e+07,0,0,0,0,98.332,98.274,3.40454,1,1,2.1168,2.16765,0.00348109,1.50806,2.1168,8.84977e+06,3.89515e+06,1.87332e+07,0,0,0,0
64.064,85.139,2.02096,0.24,0.1,3.42287,3.49933,0,0.641353,4.47552,4.25838e+06,2.91414e+06,1.45758e+07,0,0,0,0,98.0909,98.274,3.69429,1,1,2.1168,2.16796,0.00378427,1.63544,2.1168,8.84977e+06,3.89515e+06,1.87332e+07,0,0,0,0
62.424,85.139,1.64278,0.23,0.1,3.42335,3.49983,0,0.641445,4.47552,4.25838e+06,2.91414e+06,1.45779e+07,0,0,0,0,97.6401,98.274,2.62837,1,1,2.1168,2.16827,0.00408744,1.63544,2.1168,8.84977e+06,3.89515e+06,1.87332e+07,0,0,0,0
61.1796,85.139,2.01001,0.24,0.1,3.42384,3.50033,0,0.641537,4.47552,4.25838e+06,2.91414e+06,1.458e+07,0,0,0,0,97.5798,98.274,4.7655,1,1,2.1168,2.16858,0.00439084,1.63544,2.1168,8.84977e+06,3.89515e+06,1.87332e+07,0,0,0,0
59.4972,85.139,1.54524,0.25,0.1,3.42433,3.50083,0,0.641628,4.47552,4.25838e+06,2.91414e+06,1.45821e+07,0,0,0,0,97.2792,98.274,3.38501,1,1,2.1168,2.16889,0.00469401,1.63544,2.1168,8.84977e+06,3.89515e+06,1.87332e+07,0,0,0,0
58.0734,85.139,1.69241,0.25,0.1,3.32033,3.3945,0,0.64172,4.47552,4.25838e+06,2.91414e+06,1.41392e+07,0,0,0,0,97.0231,98.274,3.39939,1,1,2.01971,2.06483,0,1.63544,2.1168,8.84977e+06,3.89515e+06,1.7874e+07,0,0,0,0
56.8567,85.139,1.9143,0.23,0.1,3.3208,3.39499,0,0.622229,4.47552,4.25838e+06,2.91414e+06,1.41412e+07,0,0,0,0,96.7891,98.274,3.15665,1,1,2.02,2.06512,0,1.56043,2.1168,8.84977e+06,3.89515e+06,1.78765e+07,0,0,0,0
56.6759,85.139,2.985,0.24,0.1,3.32128,3.39547,0,0.622318,4.47552,4.25838e+06,2.91414e+06,1.41432e+07,0,0,0,0,96.9893,98.274,5.41782,1,1,2.02029,2.06542,0,1.56065,2.1168,8.84977e+06,3.89515e+06,1.78791e+07,0,0,0,0
56.2687,85.139,2.86543,0.28,0.1,3.32175,3.39596,0,0.622407,4.47552,4.25838e+06,2.91414e+06,1.41453e+07,0,0,0,0,97.1006,98.274,4.89286,1,1,2.02057,2.06571,0,1.56087,2.1168,8.84977e+06,3.89515e+06,1.78816e+07,0,0,0,0
56.5061,85.139,3.5198,0.27,0.1,3.23641,3.30871,0,0.622496,4.47552,4.25838e+06,2.91414e+06,1.37818e+07,0,0,0,0,98.0421,98.274,7.18389,1,1,1.92788,1.97095,0,1.5611,2.1168,8.84977e+06,3.89515e+06,1.70613e+07,0,0,0,0
56.4214,85.139,3.17935,0.28,0.1,3.23687,3.30918,0,0.606502,4.47552,4.25838e+06,2.91414e+06,1.37838e+07,0,0,0,0,98.9492,98.274,5.47004,1,1,1.92816,1.97123,0,1.48948,2.1168,8.84977e+06,3.89515e+06,1.70638e+07,0,0,0,0
56.6705,85.139,3.53853,0.28,0.1,3.23733,3.30965,0,0.606589,4.47552,4.25838e+06,2.91414e+06,1.37858e+07,0,0,0,0,99.3022,98.274,6.39678,1,1,1.92843,1.97152,0,1.4897,2.1168,8.84977e+06,3.89515e+06,1.70662e+07,0,0,0,0
56.5178,85.139,3.11406,0.28,0.1,3.23779,3.31012,0,0.606676,4.47552,4.25838e+06,2.91414e+06,1.37877e+07,0,0,0,0,99.3022,98.274,4.64011,1,1,1.92871,1.9718,0,1.48991,2.1168,8.84977e+06,3.89515e+06,1.70687e+07,0,0,0,0
56.2393,85.139,2.86279,0.29,0.1,3.06127,3.06127,0,0.606763,4.47552,4.25838e+06,2.70226e+06,1.3036e+07,0,0,0,0,99.3022,98.274,4.17522,0,1,1.77399,1.77399,0,1.49012,2.1168,8.84977e+06,3.61194e+06,1.56994e+07,0,0,0,0
56.6057,85.139,3.49303,0.31,0.1,3.06171,3.06171,0,0.573682,4.47552,4.25838e+06,2.70226e+06,1.30379e+07,0,0,0,0,99.3022,98.274,5.22511,0,1,1.77424,1.77424,0,1.37058,2.1168,8.84977e+06,3.61194e+06,1.57017e+07,0,0,0,0
57.0282,85.139,3.58508,0.37,0.1,3.06215,3.06215,0,0.573764,4.47552,4.25838e+06,2.70226e+06,1.30398e+07,0,0,0,0,99.3022,98.274,7.00595,0,1,1.7745,1.7745,0,1.37078,2.1168,8.84977e+06,3.61194e+06,1.57039e+07,0,0,0,0
58.2208,85.139,4.39023,0.3,0.1,3.06258,3.06258,0,0.573846,4.47552,4.25838e+06,2.70226e+06,1.30416e+07,0,0,0,0,99.3022,98.274,7.44219,0,1,1.77475,1.77475,0,1.37098,2.1168,8.84977e+06,3.61194e+06,1.57061e+07,0,0,0,0
63.8267,85.139,9.07759,0.34,0.1,3.06302,3.06302,0,0.573928,4.47552,4.25838e+06,2.70226e+06,1.30435e+07,0,0,0,0,99.3022,98.274,12.8326,0,1,1.775,1.775,0,1.37117,2.1168,8.84977e+06,3.61194e+06,1.57084e+07,0,0,0,0
71.0377,85.139,11.0764,0.28,1,3.15941,3.15941,0,0.57401,4.47552,4.25838e+06,2.70226e+06,1.3454e+07,0,0,0,0,99.3022,98.274,20.1708,0,1,1.83265,1.83265,0,1.37137,2.1168,8.84977e+06,3.61194e+06,1.62185e+07,0,0,0,0
74.5446,85.139,7.23483,0.24,1,3.15984,3.15984,0,0.592074,4.47552,4.25838e+06,2.70226e+06,1.34558e+07,0,0,0,0,99.3022,98.274,10.8436,0,1,1.8329,1.8329,0,1.41591,2.1168,8.84977e+06,3.61194e+06,1.62207e+07,0,0,0,0
77.1237,85.139,6.26967,0.23,1,3.16026,3.16026,0,0.592154,4.47552,4.25838e+06,2.70226e+06,1.34576e+07,0,0,0,0,99.3022,98.274,8.19918,0,1,1.83314,1.83314,0,1.4161,2.1168,8.84977e+06,3.61194e+06,1.62229e+07,0,0,0,0
79.7186,85.139,6.34018,0.25,1,3.16069,3.16069,0,0.592233,4.47552,4.25838e+06,2.70226e+06,1.34594e+07,0,0,0,0,99.3022,98.274,10.2335,0,1,1.83339,1.83339,0,1.41629,2.1168,8.84977e+06,3.61194e+06,1.62251e+07,0,0,0,0
83.8479,85.139,8.05928,0.22,1,3.39363,3.46944,0,0.592313,4.47552,4.25838e+06,2.91414e+06,1.44513e+07,0,0,0,0,99.3022,98.274,13.926,1,1,2.00445,2.04923,0,1.41648,2.1168,8.84977e+06,3.89515e+06,1.77389e+07,0,0,0,0
85.139,85.139,8.28595,0.22,1,3.39408,3.4699,0,0.635965,4.47552,4.25838e+06,2.91414e+06,1.44533e+07,0,0,0,0,99.3022,98.274,16.9068,1,1,2.00472,2.0495,0,1.54864,2.1168,8.84977e+06,3.89515e+06,1.77413e+07,0,0,0,0
85.139,85.139,5.73138,0.17,1,3.39454,3.47037,0,0.636051,4.47552,4.25838e+06,2.91414e+06,1.44552e+07,0,0,0,0,99.3022,98.274,8.38831,1,1,2.00499,2.04978,0,1.54885,2.1168,8.84977e+06,3.89515e+06,1.77437e+07,0,0,0,0
85.139,85.139,4.62611,0.18,1,3.39499,3.47083,0,0.636136,4.47552,4.25838e+06,2.91414e+06,1.44571e+07,0,0,0,0,99.3022,98.274,6.0786,1,1,2.00526,2.05005,0,1.54905,2.1168,8.84977e+06,3.89515e+06,1.77461e+07,0,0,0,0
85.139,85.139,5.63568,0.18,1,3.03129,3.03129,0,0.636221,4.47552,4.25838e+06,2.70226e+06,1.29084e+07,0,0,0,0,99.3022,98.274,7.01262,0,1,1.76084,1.76084,0,1.54926,2.1168,8.84977e+06,3.61194e+06,1.5583e+07,0,0,0,0
85.139,85.139,5.49486,0.21,1,3.0317,3.0317,0,0.568064,4.47552,4.25838e+06,2.70226e+06,1.29101e+07,0,0,0,0,99.3022,98.274,7.6727,0,1,1.76108,1.76108,0,1.36043,2.1168,8.84977e+06,3.61194e+06,1.55851e+07,0,0,0,0
85.139,85.139,4.9833,0.24,1,3.0321,3.0321,0,0.56814,4.47552,4.25838e+06,2.70226e+06,1.29118e+07,0,0,0,0,99.3022,98.274,6.94927,0,1,1.76131,1.76131,0,1.36061,2.1168,8.84977e+06,3.61194e+06,1.55872e+07,0,0,0,0
85.139,85.139,5.07602,0.25,1,3.03251,3.03251,0,0.568216,4.47552,4.25838e+06,2.70226e+06,1.29136e+07,0,0,0,0,99.3022,98.274,6.78228,0,1,1.76155,1.76155,0,1.36079,2.1168,8.84977e+06,3.61194e+06,1.55893e+07,0,0,0,0
85.139,85.139,6.81814,0.25,1,3.03291,3.03291,0,0.568292,4.47552,4.25838e+06,2.70226e+06,1.29153e+07,0,0,0,0,99.3022,98.274,10.2835,0,1,1.76179,1.76179,0,1.36097,2.1168,8.84977e+06,3.61194e+06,1.55914e+07,0,0,0,0
85.139,85.139,5.7254,0.29,1,3.14415,3.14415,0,0.568368,4.47552,4.25838e+06,2.70226e+06,1.3389e+07,0,0,0,0,99.3022,98.274,10.3096,0,1,1.83289,1.83289,0,1.36116,2.1168,8.84977e+06,3.61194e+06,1.62207e+07,0,0,0,0
85.139,85.139,5.33284,0.28,1,3.14457,3.14457,0,0.589214,4.47552,4.25838e+06,2.70226e+06,1.33908e+07,0,0,0,0,99.3022,98.274,9.37482,0,1,1.83313,1.83313,0,1.41609,2.1168,8.84977e+06,3.61194e+06,1.62228e+07,0,0,0,0
85.139,85.139,4.63604,0.28,1,3.14499,3.14499,0,0.589293,4.47552,4.25838e+06,2.70226e+06,1.33926e+07,0,0,0,0,99.3022,98.274,8.48896,0,1,1.83338,1.83338,0,1.41628,2.1168,8.84977e+06,3.61194e+06,1.6225e+07,0,0,0,0
85.139,85.139,4.11778,0.29,1,3.14542,3.14542,0,0.589372,4.47552,4.25838e+06,2.70226e+06,1.33944e+07,0,0,0,0,99.3022,98.274,7.83958,0,1,1.83363,1.83363,0,1.41647,2.1168,8.84977e+06,3.61194e+06,1.62272e+07,0,0,0,0
84.9866,85.139,3.39548,0.27,1,3.10248,3.10248,0,0.589451,4.47552,4.25838e+06,2.70226e+06,1.32115e+07,0,0,0,0,99.3022,98.274,5.68078,0,1,1.80633,1.80633,0,1.41666,2.1168,8.84977e+06,3.61194e+06,1.59856e+07,0,0,0,0
84.8141,85.139,3.08014,0.4,1,2.76388,3.1029,0,0.581405,4.47552,4.25838e+06,3.49697e+06,1.17697e+07,0,0,0,0,99.3022,98.274,4.61475,0,1,1.60919,1.80657,0,1.39557,2.1168,8.84977e+06,4.67418e+06,1.4241e+07,0,0,0,0
85.0596,85.139,3.78364,0.37,1,3.10331,3.10331,0,0.517952,4.47552,4.25838e+06,2.70226e+06,1.32151e+07,0,0,0,0,99.3022,98.274,5.13452,0,1,1.80682,1.80682,0,1.24326,2.1168,8.84977e+06,3.61194e+06,1.59899e+07,0,0,0,0
84.5846,85.139,2.95649,0.36,1,3.10373,3.10373,0,0.581561,4.47552,4.25838e+06,2.70226e+06,1.32168e+07,0,0,0,0,99.3022,98.274,4.87265,0,1,1.80706,1.80706,0,1.39595,2.1168,8.84977e+06,3.61194e+06,1.59921e+07,0,0,0,0
83.9797,85.139,2.90587,0.31,1,3.2514,3.2514,0,0.581639,4.47552,4.25838e+06,2.70226e+06,1.38457e+07,0,0,0,0,99.3022,98.274,4.33187,0,1,1.90501,1.90501,0,1.39613,2.1168,8.84977e+06,3.61194e+06,1.68589e+07,0,0,0,0
83.492,85.139,2.92104,0.28,1,3.18077,3.25183,0,0.609312,4.47552,4.25838e+06,2.91414e+06,1.35449e+07,0,0,0,0,99.3022,98.274,4.28848,1,1,1.86364,1.90527,0,1.47181,2.1168,8.84977e+06,3.89515e+06,1.64928e+07,0,0,0,0
82.9335,85.139,2.83758,0.29,1,3.1812,3.25227,0,0.596077,4.47552,4.25838e+06,2.91414e+06,1.35467e+07,0,0,0,0,99.3022,98.274,4.48436,1,1,1.86389,1.90552,0,1.43985,2.1168,8.84977e+06,3.89515e+06,1.6495e+07,0,0,0,0
82.1149,85.139,2.58275,0.25,1,3.18163,3.2527,0,0.596157,4.47552,4.25838e+06,2.91414e+06,1.35486e+07,0,0,0,0,99.3022,98.274,4.28396,1,1,1.86414,1.90578,0,1.44004,2.1168,8.84977e+06,3.89515e+06,1.64972e+07,0,0,0,0
81.5495,85.139,2.79015,0.21,1,3.18205,3.25314,0,0.596237,4.47552,4.25838e+06,2.91414e+06,1.35504e+07,0,0,0,0,99.3022,98.274,4.78339,1,1,1.86439,1.90603,0,1.44023,2.1168,8.84977e+06,3.89515e+06,1.64994e+07,0,0,0,0
81.6007,85.139,3.35379,0.21,1,3.15398,3.22443,0,0.596317,4.47552,4.25838e+06,2.91414e+06,1.34308e+07,0,0,0,0,99.3022,98.274,5.78223,1,1,1.9172,1.96003,0,1.44042,2.1168,8.84977e+06,3.89515e+06,1.69668e+07,0,0,0,0
81.2959,85.139,3.05788,0.19,1,3.1544,3.22487,0,0.591055,4.47552,4.25838e+06,2.91414e+06,1.34326e+07,0,0,0,0,99.3022,98.274,5.50615,1,1,1.91746,1.96029,0,1.48123,2.1168,8.84977e+06,3.89515e+06,1.69691e+07,0,0,0,0
80.7389,85.139,2.78121,0.19,1,3.15482,3.2253,0,0.591134,4.47552,4.25838e+06,2.91414e+06,1.34344e+07,0,0,0,0,99.3022,98.274,5.19889,1,1,1.91771,1.96056,0,1.48143,2.1168,8.84977e+06,3.89515e+06,1.69713e+07,0,0,0,0
79.9999,85.139,2.58459,0.17,1,3.15524,3.22573,0,0.591213,4.47552,4.25838e+06,2.91414e+06,1.34362e+07,0,0,0,0,99.3022,98.274,4.90161,1,1,1.91797,1.96082,0,1.48163,2.1168,8.84977e+06,3.89515e+06,1.69736e+07,0,0,0,0
79.3449,85.139,2.70122,0.17,1,3.22931,3.30145,0,0.591293,4.47552,4.25838e+06,2.91414e+06,1.37516e+07,0,0,0,0,99.3022,98.274,4.68918,1,1,1.9651,2.009,0,1.48183,2.1168,8.84977e+06,3.89515e+06,1.73907e+07,0,0,0,0
78.4702,85.139,2.43821,0.19,1,3.22975,3.3019,0,0.605173,4.47552,4.25838e+06,2.91414e+06,1.37535e+07,0,0,0,0,99.3022,98.274,4.4088,1,1,1.96537,2.00927,0,1.51824,2.1168,8.84977e+06,3.89515e+06,1.7393e+07,0,0,0,0
77.4085,85.139,2.23775,0.19,1,3.23018,3.30234,0,0.605254,4.47552,4.25838e+06,2.91414e+06,1.37553e+07,0,0,0,0,99.3022,98.274,3.87272,1,1,1.96563,2.00954,0,1.51844,2.1168,8.84977e+06,3.89515e+06,1.73954e+07,0,0,0,0
76.4824,85.139,2.35359,0.18,1,3.23061,3.30278,0,0.605336,4.47552,4.25838e+06,2.91414e+06,1.37572e+07,0,0,0,0,99.3022,98.274,4.62943,1,1,1.96589,2.00981,0,1.51864,2.1168,8.84977e+06,3.89515e+06,1.73977e+07,0,0,0,0
75.5946,85.139,2.56825,0.18,1,3.44683,3.52383,0,0.605417,4.47552,4.25838e+06,2.91414e+06,1.46779e+07,0,0,0,0,99.3022,98.274,5.13117,1,1,2.1168,2.18314,0.0186327,1.51885,2.1168,8.84977e+06,3.89515e+06,1.87332e+07,0,0,0,0
74.9399,85.139,2.79969,0.18,1,3.44729,3.5243,0,0.645936,4.47552,4.25838e+06,2.91414e+06,1.46799e+07,0,0,0,0,99.3022,98.274,5.87297,1,1,2.1168,2.18343,0.0189188,1.63544,2.1168,8.84977e+06,3.89515e+06,1.87332e+07,0,0,0,0
73.9652,85.139,2.51361,0.18,1,3.44776,3.52478,0,0.646023,4.47552,4.25838e+06,2.91414e+06,1.46818e+07,0,0,0,0,99.3022,98.274,5.62815,1,1,2.1168,2.18372,0.0192047,1.63544,2.1168,8.84977e+06,3.89515e+06,1.87332e+07,0,0,0,0
73.0482,85.139,2.53874,0.18,1,3.44822,3.52525,0,0.646109,4.47552,4.25838e+06,2.91414e+06,1.46838e+07,0,0,0,0,99.3022,98.274,6.07544,1,1,2.1168,2.18401,0.0194909,1.63544,2.1168,8.84977e+06,3.89515e+06,1.87332e+07,0,0,0,0
72.3212,85.139,2.73035,0.19,1,3.44868,3.52572,0,0.646196,4.47552,4.25838e+06,2.91414e+06,1.46858e+07,0,0,0,0,99.3022,98.274,7.09015,1,1,2.1168,2.18431,0.019777,1.63544,2.1168,8.84977e+06,3.89515e+06,1.87332e+07,0,0,0,0
70.8849,85.139,1.96205,0.19,1,3.3439,3.41861,0,0.646282,4.47552,4.25838e+06,2.91414e+06,1.42396e+07,0,0,0,0,99.3022,98.274,5.07575,1,1,2.03405,2.07949,0,1.63544,2.1168,8.84977e+06,3.89515e+06,1.80009e+07,0,0,0,0
71.2332,85.139,3.74668,0.19,1,3.34435,3.41906,0,0.626648,4.47552,4.25838e+06,2.91414e+06,1.42415e+07,0,0,0,0,99.3022,98.274,9.33663,1,1,2.03432,2.07977,0,1.57151,2.1168,8.84977e+06,3.89515e+06,1.80033e+07,0,0,0,0
69.6203,85.139,1.76212,0.19,1,3.3448,3.41952,0,0.626732,4.47552,4.25838e+06,2.91414e+06,1.42434e+07,0,0,0,0,99.3022,98.274,5.16798,1,1,2.03459,2.08005,0,1.57172,2.1168,8.84977e+06,3.89515e+06,1.80057e+07,0,0,0,0
68.233,85.139,1.94003,0.2,1,3.34525,3.41998,0,0.626815,4.47552,4.25838e+06,2.91414e+06,1.42453e+07,0,0,0,0,99.3022,98.274,5.22243,1,1,2.03487,2.08032,0,1.57193,2.1168,8.84977e+06,3.89515e+06,1.80081e+07,0,0,0,0
67.8449,85.139,3.02856,0.2,1,3.25927,3.33208,0,0.626899,4.47552,4.25838e+06,2.91414e+06,1.38792e+07,0,0,0,0,99.3022,98.274,6.53082,1,1,1.9415,1.98487,0,1.57214,2.1168,8.84977e+06,3.89515e+06,1.71819e+07,0,0,0,0
67.984,85.139,3.62069,0.2,1,3.2597,3.33253,0,0.610787,4.47552,4.25838e+06,2.91414e+06,1.3881e+07,0,0,0,0,99.3022,98.274,7.15757,1,1,1.94176,1.98514,0,1.50001,2.1168,8.84977e+06,3.89515e+06,1.71842e+07,0,0,0,0
68.7356,85.139,4.2903,0.22,1,3.26014,3.33297,0,0.610869,4.47552,4.25838e+06,2.91414e+06,1.38829e+07,0,0,0,0,99.3022,98.274,8.53186,1,1,1.94202,1.98541,0,1.50021,2.1168,8.84977e+06,3.89515e+06,1.71865e+07,0,0,0,0
70.1158,85.139,4.97961,0.19,1,3.26058,3.33342,0,0.61095,4.47552,4.25838e+06,2.91414e+06,1.38848e+07,0,0,0,0,99.3022,98.274,10.9224,1,1,1.94228,1.98567,0,1.50041,2.1168,8.84977e+06,3.89515e+06,1.71888e+07,0,0,0,0
72.2797,85.139,5.65187,0.2,1,3.08279,3.08279,0,0.611032,4.47552,4.25838e+06,2.70226e+06,1.31277e+07,0,0,0,0,99.3022,98.274,9.90523,0,1,1.78646,1.78646,0,1.50061,2.1168,8.84977e+06,3.61194e+06,1.58097e+07,0,0,0,0
74.9608,85.139,6.21081,0.21,1,3.0832,3.0832,0,0.577714,4.47552,4.25838e+06,2.70226e+06,1.31294e+07,0,0,0,0,99.3022,98.274,9.54025,0,1,1.7867,1.7867,0,1.38022,2.1168,8.84977e+06,3.61194e+06,1.58119e+07,0,0,0,0
76.4015,85.139,4.93884,0.19,1,3.08361,3.08361,0,0.577791,4.47552,4.25838e+06,2.70226e+06,1.31312e+07,0,0,0,0,99.3022,98.274,12.4465,0,1,1.78694,1.78694,0,1.3804,2.1168,8.84977e+06,3.61194e+06,1.5814e+07,0,0,0,0
77.9934,85.139,5.10502,0.2,1,3.08402,3.08402,0,0.577869,4.47552,4.25838e+06,2.70226e+06,1.31329e+07,0,0,0,0,99.3022,98.274,17.2955,0,1,1.78718,1.78718,0,1.38059,2.1168,8.84977e+06,3.61194e+06,1.58161e+07,0,0,0,0
80.0533,85.139,5.5856,0.22,1,3.08444,3.08444,0,0.577946,4.47552,4.25838e+06,2.70226e+06,1.31347e+07,0,0,0,0,99.3022,98.274,13.042,0,1,1.78741,1.78741,0,1.38077,2.1168,8.84977e+06,3.61194e+06,1.58182e+07,0,0,0,0
82.1675,85.139,6.02289,0.2,1,3.18148,3.18148,0,0.578024,4.47552,4.25838e+06,2.70226e+06,1.35479e+07,0,0,0,0,99.3022,98.274,9.45819,0,1,1.84545,1.84545,0,1.38096,2.1168,8.84977e+06,3.61194e+06,1.63318e+07,0,0,0,0
84.1311,85.139,5.77521,0.19,1,3.18187,3.18187,0,0.596209,4.47552,4.25838e+06,2.70226e+06,1.35496e+07,0,0,0,0,99.3022,98.274,7.24936,0,1,1.84568,1.84568,0,1.42579,2.1168,8.84977e+06,3.61194e+06,1.63338e+07,0,0,0,0
84.9645,85.139,4.52661,0.19,1,3.18227,3.18227,0,0.596283,4.47552,4.25838e+06,2.70226e+06,1.35513e+07,0,0,0,0,99.3022,98.274,5.95031,0,1,1.84591,1.84591,0,1.42597,2.1168,8.84977e+06,3.61194e+06,1.63359e+07,0,0,0,0
85.139,85.139,4.21121,0.2,1,3.18267,3.18267,0,0.596358,4.47552,4.25838e+06,2.70226e+06,1.3553e+07,0,0,0,0,99.3022,98.274,5.90037,0,1,1.84614,1.84614,0,1.42615,2.1168,8.84977e+06,3.61194e+06,1.63379e+07,0,0,0,0
85.139,85.139,3.98213,0.16,1,3.4172,3.49354,0,0.596432,4.47552,4.25838e+06,2.91414e+06,1.45517e+07,0,0,0,0,99.3022,98.274,6.05584,1,1,2.01838,2.06347,0,1.42633,2.1168,8.84977e+06,3.89515e+06,1.78622e+07,0,0,0,0
85.139,85.139,4.19609,0.17,1,3.41763,3.49397,0,0.640383,4.47552,4.25838e+06,2.91414e+06,1.45535e+07,0,0,0,0,99.3022,98.274,7.12904,1,1,2.01863,2.06372,0,1.5594,2.1168,8.84977e+06,3.89515e+06,1.78644e+07,0,0,0,0
84.8837,85.139,3.59649,0.18,1,3.41805,3.49441,0,0.640463,4.47552,4.25838e+06,2.91414e+06,1.45554e+07,0,0,0,0,99.3022,98.274,5.11277,1,1,2.01888,2.06398,0,1.55959,2.1168,8.84977e+06,3.89515e+06,1.78666e+07,0,0,0,0
85.139,85.139,5.80022,0.24,1,3.41848,3.49485,0,0.640543,4.47552,4.25838e+06,2.91414e+06,1.45572e+07,0,0,0,0,99.3022,98.274,9.16609,1,1,2.01913,2.06424,0,1.55979,2.1168,8.84977e+06,3.89515e+06,1.78689e+07,0,0,0,0
85.139,85.139,5.41335,0.21,1,3.05224,3.05224,0,0.640623,4.47552,4.25838e+06,2.70226e+06,1.29976e+07,0,0,0,0,99.3022,98.274,7.59891,0,1,1.77301,1.77301,0,1.55998,2.1168,8.84977e+06,3.61194e+06,1.56907e+07,0,0,0,0
85.139,85.139,5.04371,0.22,1,3.05262,3.05262,0,0.571989,4.47552,4.25838e+06,2.70226e+06,1.29992e+07,0,0,0,0,99.3022,98.274,6.55097,0,1,1.77323,1.77323,0,1.36983,2.1168,8.84977e+06,3.61194e+06,1.56927e+07,0,0,0,0
85.139,85.139,6.8982,0.24,1,3.053,3.053,0,0.572061,4.47552,4.25838e+06,2.70226e+06,1.30008e+07,0,0,0,0,99.3022,98.274,9.25091,0,1,1.77345,1.77345,0,1.37,2.1168,8.84977e+06,3.61194e+06,1.56947e+07,0,0,0,0
85.139,85.139,8.64332,0.25,1,3.05338,3.05338,0,0.572132,4.47552,4.25838e+06,2.70226e+06,1.30024e+07,0,0,0,0,99.3022,98.274,10.801,0,1,1.77367,1.77367,0,1.37017,2.1168,8.84977e+06,3.61194e+06,1.56966e+07,0,0,0,0
85.139,85.139,7.55588,0.27,1,3.05376,3.05376,0,0.572204,4.47552,4.25838e+06,2.70226e+06,1.30041e+07,0,0,0,0,99.3022,98.274,9.32164,0,1,1.7739,1.7739,0,1.37034,2.1168,8.84977e+06,3.61194e+06,1.56986e+07,0,0,0,0
85.139,85.139,4.45975,0.29,1,3.16574,3.16574,0,0.572275,4.47552,4.25838e+06,2.70226e+06,1.34809e+07,0,0,0,0,99.3022,98.274,7.87371,0,1,1.84547,1.84547,0,1.37051,2.1168,8.84977e+06,3.61194e+06,1.6332e+07,0,0,0,0
85.139,85.139,5.1977,0.29,1,3.16613,3.16613,0,0.593259,4.47552,4.25838e+06,2.70226e+06,1.34826e+07,0,0,0,0,99.3022,98.274,7.95829,0,1,1.8457,1.8457,0,1.42581,2.1168,8.84977e+06,3.61194e+06,1.63341e+07,0,0,0,0
85.139,85.139,5.77944,0.28,1,3.16653,3.16653,0,0.593334,4.47552,4.25838e+06,2.70226e+06,1.34843e+07,0,0,0,0,99.3022,98.274,9.47015,0,1,1.84593,1.84593,0,1.42599,2.1168,8.84977e+06,3.61194e+06,1.63361e+07,0,0,0,0
85.139,85.139,7.0519,0.29,1,3.16693,3.16693,0,0.593408,4.47552,4.25838e+06,2.70226e+06,1.3486e+07,0,0,0,0,99.3022,98.274,11.9204,0,1,1.84616,1.84616,0,1.42617,2.1168,8.84977e+06,3.61194e+06,1.63381e+07,0,0,0,0
85.139,85.139,4.62332,0.27,1,3.12367,3.12367,0,0.593482,4.47552,4.25838e+06,2.70226e+06,1.33018e+07,0,0,0,0,99.3022,98.274,6.69374,0,1,1.81867,1.81867,0,1.42635,2.1168,8.84977e+06,3.61194e+06,1.60948e+07,0,0,0,0
85.139,85.139,3.58456,0.25,1,3.12406,3.12406,0,0.585376,4.47552,4.25838e+06,2.70226e+06,1.33034e+07,0,0,0,0,99.3022,98.274,4.99308,0,1,1.8189,1.8189,0,1.4051,2.1168,8.84977e+06,3.61194e+06,1.60968e+07,0,0,0,0
84.8372,85.139,3.17225,0.25,1,3.12445,3.12445,0,0.585449,4.47552,4.25838e+06,2.70226e+06,1.33051e+07,0,0,0,0,99.3022,98.274,4.37985,0,1,1.81912,1.81912,0,1.40528,2.1168,8.84977e+06,3.61194e+06,1.60988e+07,0,0,0,0
84.2862,85.139,2.8899,0.36,1,3.12484,3.12484,0,0.585522,4.47552,4.25838e+06,2.70226e+06,1.33067e+07,0,0,0,0,99.3022,98.274,4.00916,0,1,1.81935,1.81935,0,1.40546,2.1168,8.84977e+06,3.61194e+06,1.61008e+07,0,0,0,0
83.6743,85.139,2.84685,0.33,1,3.20195,3.27348,0,0.585595,4.47552,4.25838e+06,2.91414e+06,1.36351e+07,0,0,0,0,99.3022,98.274,4.29692,1,1,1.87605,1.91796,0,1.40563,2.1168,8.84977e+06,3.89515e+06,1.66026e+07,0,0,0,0
83.2871,85.139,3.03773,0.29,1,3.20235,3.27389,0,0.600046,4.47552,4.25838e+06,2.91414e+06,1.36368e+07,0,0,0,0,99.3022,98.274,4.11738,1,1,1.87628,1.9182,0,1.44943,2.1168,8.84977e+06,3.89515e+06,1.66047e+07,0,0,0,0
82.6305,85.139,2.75832,0.3,1,3.20275,3.2743,0,0.600121,4.47552,4.25838e+06,2.91414e+06,1.36385e+07,0,0,0,0,99.3022,98.274,3.39822,1,1,1.87651,1.91843,0,1.44961,2.1168,8.84977e+06,3.89515e+06,1.66067e+07,0,0,0,0
81.6937,85.139,2.45023,0.25,1,3.20315,3.27471,0,0.600196,4.47552,4.25838e+06,2.91414e+06,1.36402e+07,0,0,0,0,99.3022,98.274,3.01477,1,1,1.87675,1.91867,0,1.4498,2.1168,8.84977e+06,3.89515e+06,1.66088e+07,0,0,0,0
80.4777,85.139,2.1247,0.23,1,3.20356,3.27512,0,0.600271,4.47552,4.25838e+06,2.91414e+06,1.36419e+07,0,0,0,0,99.3022,98.274,3.01589,1,1,1.87698,1.91891,0,1.44998,2.1168,8.84977e+06,3.89515e+06,1.66109e+07,0,0,0,0
78.7295,85.139,1.48144,0.22,1,3.17526,3.24619,0,0.600346,4.47552,4.25838e+06,2.91414e+06,1.35215e+07,0,0,0,0,99.107,98.274,2.26018,1,1,1.93014,1.97326,0,1.45016,2.1168,8.84977e+06,3.89515e+06,1.70813e+07,0,0,0,0
76.8889,85.139,1.37618,0.25,1,3.17566,3.2466,0,0.595044,4.47552,4.25838e+06,2.91414e+06,1.35231e+07,0,0,0,0,98.8401,98.274,2.21935,1,1,1.93038,1.9735,0,1.49123,2.1168,8.84977e+06,3.89515e+06,1.70834e+07,0,0,0,0
74.9438,85.139,1.25529,0.22,1,3.17605,3.24701,0,0.595118,4.47552,4.25838e+06,2.91414e+06,1.35248e+07,0,0,0,0,98.5098,98.274,2.03672,1,1,1.93062,1.97375,0,1.49141,2.1168,8.84977e+06,3.89515e+06,1.70856e+07,0,0,0,0
72.9244,85.139,1.14629,0.2,1,3.17645,3.24741,0,0.595193,4.47552,4.25838e+06,2.91414e+06,1.35265e+07,0,0,0,0,98.2535,98.274,1.95188,1,1,1.93086,1.974,0,1.4916,2.1168,8.84977e+06,3.89515e+06,1.70877e+07,0,0,0,0
70.9351,85.139,1.20396,0.26,1,3.25099,3.32362,0,0.595267,4.47552,4.25838e+06,2.91414e+06,1.38439e+07,0,0,0,0,97.8696,98.274,2.13469,1,1,1.97829,2.02249,0,1.49179,2.1168,8.84977e+06,3.89515e+06,1.75074e+07,0,0,0,0
68.8936,85.139,1.13584,0.24,1,3.2514,3.32403,0,0.609236,4.47552,4.25838e+06,2.91414e+06,1.38457e+07,0,0,0,0,97.5041,98.274,2.02718,1,1,1.97854,2.02274,0,1.52843,2.1168,8.84977e+06,3.89515e+06,1.75096e+07,0,0,0,0
66.7775,85.139,1.03001,0.24,1,3.2518,3.32445,0,0.609312,4.47552,4.25838e+06,2.91414e+06,1.38474e+07,0,0,0,0,97.114,98.274,1.98416,1,1,1.97879,2.02299,0,1.52862,2.1168,8.84977e+06,3.89515e+06,1.75118e+07,0,0,0,0
64.5114,85.139,0.855043,0.26,1,3.25221,3.32486,0,0.609388,4.47552,4.25838e+06,2.91414e+06,1.38491e+07,0,0,0,0,96.65,98.274,1.94582,1,1,1.97903,2.02325,0,1.52881,2.1168,8.84977e+06,3.89515e+06,1.7514e+07,0,0,0,0
61.9328,85.139,0.692273,0.24,1,3.46984,3.54736,0,0.609464,4.47552,4.25838e+06,2.91414e+06,1.47759e+07,0,0,0,0,95.8981,98.274,1.79253,1,1,2.1168,2.19771,0.0328897,1.529,2.1168,8.84977e+06,3.89515e+06,1.87332e+07,0,0,0,0
59.1543,85.139,0.460502,0.28,1,3.47028,3.5478,0,0.650249,4.47552,4.25838e+06,2.91414e+06,1.47778e+07,0,0,0,0,95.1542,98.274,1.58244,1,1,2.1168,2.19799,0.0331583,1.63544,2.1168,8.84977e+06,3.89515e+06,1.87332e+07,0,0,0,0
56.4626,85.139,0.510906,0.27,1,3.47071,3.54825,0,0.65033,4.47552,4.25838e+06,2.91414e+06,1.47796e+07,0,0,0,0,94.6388,98.274,1.63312,1,1,2.1168,2.19826,0.0334272,1.63544,2.1168,8.84977e+06,3.89515e+06,1.87332e+07,0,0,0,0
54.0768,85.139,0.82003,0.32,1,3.47115,3.54869,0,0.650411,4.47552,4.25838e+06,2.91414e+06,1.47814e+07,0,0,0,0,94.2087,98.274,1.96761,1,1,2.1168,2.19854,0.0336961,1.63544,2.1168,8.84977e+06,3.89515e+06,1.87332e+07,0,0,0,0
51.9193,85.139,1.02389,0.33,1,3.47158,3.54913,0,0.650493,4.47552,4.25838e+06,2.91414e+06,1.47833e+07,0,0,0,0,93.2643,98.274,2.06173,1,1,2.1168,2.19881,0.0339648,1.63544,2.1168,8.84977e+06,3.89515e+06,1.87332e+07,0,0,0,0
49.4891,85.139,0.682815,0.31,1,3.36608,3.44128,0,0.650574,4.47552,4.25838e+06,2.91414e+06,1.4334e+07,0,0,0,0,92.2002,98.274,1.06155,1,1,2.04754,2.09328,0,1.63544,2.1168,8.84977e+06,3.89515e+06,1.81202e+07,0,0,0,0
47.2757,85.139,0.940083,0.35,1,3.3665,3.44171,0,0.630803,4.47552,4.25838e+06,2.91414e+06,1.43358e+07,0,0,0,0,91.1751,98.274,1.26127,1,1,2.04779,2.09354,0,1.58193,2.1168,8.84977e+06,3.89515e+06,1.81225e+07,0,0,0,0
44.8446,85.139,0.668889,0.35,1,3.36692,3.44214,0,0.630882,4.47552,4.25838e+06,2.91414e+06,1.43376e+07,0,0,0,0,90.0833,98.274,1.09302,1,1,2.04805,2.0938,0,1.58213,2.1168,8.84977e+06,3.89515e+06,1.81248e+07,0,0,0,0
42.6753,85.139,0.611988,0.45,1,3.06644,3.44257,0,0.630961,4.47552,4.25838e+06,2.91414e+06,1.30581e+07,0,0,0,0,89.2122,98.274,1.09576,1,1,1.86527,2.09406,0,1.58232,2.1168,8.84977e+06,3.89515e+06,1.65072e+07,0,0,0,0
40.6297,85.139,0.684739,0.44,1,2.9876,3.35406,0,0.574651,4.47552,4.25838e+06,2.91414e+06,1.27223e+07,0,0,0,0,88.616,98.274,1.14925,1,1,1.77967,1.99797,0,1.44111,2.1168,8.84977e+06,3.89515e+06,1.57497e+07,0,0,0,0
38.6924,85.139,0.809994,0.45,1,2.98798,3.35447,0,0.559877,4.47552,4.25838e+06,2.91414e+06,1.27239e+07,0,0,0,0,88.1331,98.274,1.51905,1,1,1.7799,1.99822,0,1.37498,2.1168,8.84977e+06,3.89515e+06,1.57517e+07,0,0,0,0
37.056,85.139,1.15526,0.54,1,2.98835,3.35489,0,0.559947,4.47552,4.25838e+06,2.91414e+06,1.27255e+07,0,0,0,0,88.0424,98.274,1.79081,1,1,1.78012,1.99847,0,1.37515,2.1168,8.84977e+06,3.89515e+06,1.57537e+07,0,0,0,0
36.6517,85.139,2.41738,0.56,1,2.98872,3.35531,0,0.560017,4.47552,4.25838e+06,2.91414e+06,1.27271e+07,0,0,0,0,88.0492,98.274,2.94864,1,1,1.78034,1.99872,0,1.37532,2.1168,8.84977e+06,3.89515e+06,1.57556e+07,0,0,0,0
35.7395,85.139,1.6786,0.57,1,2.76398,3.10301,0,0.560087,4.47552,4.25838e+06,3.49697e+06,1.17701e+07,0,0,0,0,87.8243,98.274,1.90912,0,1,1.60171,1.79818,0,1.37549,2.1168,8.84977e+06,4.67418e+06,1.41748e+07,0,0,0,0
34.1104,85.139,0.939935,0.59,1,2.76433,3.1034,0,0.51797,4.47552,4.25838e+06,3.49697e+06,1.17715e+07,0,0,0,0,87.2222,98.274,1.73621,0,1,1.60191,1.7984,0,1.23748,2.1168,8.84977e+06,4.67418e+06,1.41766e+07,0,0,0,0
32.2383,85.139,0.680107,0.63,1,2.76467,3.10378,0,0.518035,4.47552,4.25838e+06,3.49697e+06,1.1773e+07,0,0,0,0,87.17,98.274,1.30476,0,1,1.60211,1.79863,0,1.23764,2.1168,8.84977e+06,4.67418e+06,1.41783e+07,0,0,0,0
31.208,85.139,1.66912,0.68,1,2.76502,3.10417,0,0.5181,4.47552,4.25838e+06,3.49697e+06,1.17745e+07,0,0,0,0,87.2173,98.274,3.40771,0,1,1.60231,1.79885,0,1.23779,2.1168,8.84977e+06,4.67418e+06,1.41801e+07,0,0,0,0
30.005,85.139,1.39837,0.7,1,2.76536,3.10456,0,0.518165,4.47552,4.25838e+06,3.49697e+06,1.1776e+07,0,0,0,0,87.1704,98.274,1.70354,0,1,1.60251,1.79907,0,1.23795,2.1168,8.84977e+06,4.67418e+06,1.41819e+07,0,0,0,0
34.4331,85.139,7.40852,0.7,1,2.85234,3.2022,0,0.518229,4.47552,4.25838e+06,3.49697e+06,1.21463e+07,0,0,0,0,88.3278,98.274,5.93998,0,1,1.65453,1.85747,0,1.2381,2.1168,8.84977e+06,4.67418e+06,1.46422e+07,0,0,0,0
36.41,85.139,4.78577,0.71,1,2.85267,3.20258,0,0.534529,4.47552,4.25838e+06,3.49697e+06,1.21478e+07,0,0,0,0,89.146,98.274,4.57116,0,1,1.65472,1.85769,0,1.27829,2.1168,8.84977e+06,4.67418e+06,1.46439e+07,0,0,0,0
37.194,85.139,3.5353,0.74,1,2.853,3.20295,0,0.534591,4.47552,4.25838e+06,3.49697e+06,1.21492e+07,0,0,0,0,89.7442,98.274,3.92437,0,1,1.65491,1.8579,0,1.27844,2.1168,8.84977e+06,4.67418e+06,1.46456e+07,0,0,0,0
38.6372,85.139,4.29554,0.75,1,2.85334,3.20332,0,0.534653,4.47552,4.25838e+06,3.49697e+06,1.21506e+07,0,0,0,0,90.5215,98.274,4.67164,0,1,1.65511,1.85812,0,1.27859,2.1168,8.84977e+06,4.67418e+06,1.46473e+07,0,0,0,0
40.4174,85.139,4.95256,0.77,1,3.13201,3.51618,0,0.534715,4.47552,4.25838e+06,2.91414e+06,1.33373e+07,0,0,0,0,91.106,98.274,4.20863,1,1,1.84993,2.07684,0,1.27874,2.1168,8.84977e+06,3.89515e+06,1.63714e+07,0,0,0,0
42.5501,85.139,5.35156,0.78,1,3.13237,3.51659,0,0.586939,4.47552,4.25838e+06,2.91414e+06,1.33388e+07,0,0,0,0,91.6305,98.274,4.8199,1,1,1.85014,2.07708,0,1.42925,2.1168,8.84977e+06,3.89515e+06,1.63734e+07,0,0,0,0
45.4088,85.139,6.11128,0.82,1,3.13274,3.517,0,0.587007,4.47552,4.25838e+06,2.91414e+06,1.33404e+07,0,0,0,0,92.3697,98.274,4.98722,1,1,1.85036,2.07732,0,1.42942,2.1168,8.84977e+06,3.89515e+06,1.63753e+07,0,0,0,0
48.0237,85.139,5.85579,0.79,1,3.1331,3.51741,0,0.587075,4.47552,4.25838e+06,2.91414e+06,1.33419e+07,0,0,0,0,93.3005,98.274,5.64276,1,1,1.85057,2.07756,0,1.42959,2.1168,8.84977e+06,3.89515e+06,1.63772e+07,0,0,0,0
51.7436,85.139,6.71033,0.82,1,2.73628,3.07191,0,0.587144,4.47552,4.25838e+06,3.49697e+06,1.16521e+07,0,0,0,0,94.493,98.274,6.94368,0,1,1.58948,1.78444,0,1.42975,2.1168,8.84977e+06,4.67418e+06,1.40665e+07,0,0,0,0
52.8506,85.139,4.11132,0.81,1,2.7366,3.07227,0,0.512779,4.47552,4.25838e+06,3.49697e+06,1.16535e+07,0,0,0,0,95.1165,98.274,3.66864,0,1,1.58966,1.78464,0,1.22803,2.1168,8.84977e+06,4.67418e+06,1.40681e+07,0,0,0,0
57.4705,85.139,7.73014,0.83,1,2.73692,3.07262,0,0.512839,4.47552,4.25838e+06,3.49697e+06,1.16548e+07,0,0,0,0,96.3573,98.274,5.98949,0,1,1.58985,1.78485,0,1.22817,2.1168,8.84977e+06,4.67418e+06,1.40698e+07,0,0,0,0
60.0697,85.139,5.82241,0.81,1,2.73724,3.07298,0,0.512899,4.47552,4.25838e+06,3.49697e+06,1.16562e+07,0,0,0,0,97.8086,98.274,5.82632,0,1,1.59003,1.78506,0,1.22831,2.1168,8.84977e+06,4.67418e+06,1.40714e+07,0,0,0,0
65.1185,85.139,8.43859,0.85,1,2.73756,3.07334,0,0.512959,4.47552,4.25838e+06,3.49697e+06,1.16575e+07,0,0,0,0,99.089,98.274,5.92425,0,1,1.59022,1.78527,0,1.22846,2.1168,8.84977e+06,4.67418e+06,1.40731e+07,0,0,0,0
68.7393,85.139,7.07333,0.81,1,2.83791,3.186,0,0.513018,4.47552,4.25838e+06,3.49697e+06,1.20849e+07,0,0,0,0,99.3022,98.274,6.39175,0,1,1.65437,1.85729,0,1.2286,2.1168,8.84977e+06,4.67418e+06,1.46408e+07,0,0,0,0
73.0712,85.139,7.87541,0.79,1,2.83824,3.18638,0,0.531825,4.47552,4.25838e+06,3.49697e+06,1.20863e+07,0,0,0,0,99.3022,98.274,6.05333,0,1,1.65456,1.8575,0,1.27816,2.1168,8.84977e+06,4.67418e+06,1.46425e+07,0,0,0,0
76.0632,85.139,6.41245,0.81,1,2.83857,3.18675,0,0.531887,4.47552,4.25838e+06,3.49697e+06,1.20877e+07,0,0,0,0,99.3022,98.274,5.67816,0,1,1.65475,1.85772,0,1.27831,2.1168,8.84977e+06,4.67418e+06,1.46442e+07,0,0,0,0
77.8776,85.139,5.16552,0.66,1,2.8389,3.18712,0,0.531949,4.47552,4.25838e+06,3.49697e+06,1.20891e+07,0,0,0,0,99.3022,98.274,3.82423,0,1,1.65494,1.85794,0,1.27846,2.1168,8.84977e+06,4.67418e+06,1.46459e+07,0,0,0,0
79.6807,85.139,5.06361,0.66,1,2.8001,3.14356,0,0.532011,4.47552,4.25838e+06,3.49697e+06,1.19239e+07,0,0,0,0,99.3022,98.274,4.87553,0,1,1.63028,1.83025,0,1.27861,2.1168,8.84977e+06,4.67418e+06,1.44276e+07,0,0,0,0
81.2022,85.139,4.76556,0.45,1,2.80043,3.14392,0,0.524739,4.47552,4.25838e+06,3.49697e+06,1.19253e+07,0,0,0,0,99.3022,98.274,4.71706,0,1,1.63047,1.83046,0,1.25956,2.1168,8.84977e+06,4.67418e+06,1.44293e+07,0,0,0,0
82.4453,85.139,4.45854,0.42,1,2.80075,3.14429,0,0.5248,4.47552,4.25838e+06,3.49697e+06,1.19267e+07,0,0,0,0,99.3022,98.274,4.11697,0,1,1.63066,1.83068,0,1.2597,2.1168,8.84977e+06,4.67418e+06,1.4431e+07,0,0,0,0
83.3449,85.139,4.07496,0.42,1,2.80108,3.14466,0,0.524861,4.47552,4.25838e+06,3.49697e+06,1.19281e+07,0,0,0,0,99.3022,98.274,3.86383,0,1,1.63085,1.83089,0,1.25985,2.1168,8.84977e+06,4.67418e+06,1.44327e+07,0,0,0,0
83.7176,85.139,3.8446,0.36,1,3.22223,3.29421,0,0.524923,4.47552,4.25838e+06,2.91414e+06,1.37215e+07,0,0,0,0,99.3022,98.274,4.07062,1,1,1.88793,1.9301,0,1.26,2.1168,8.84977e+06,3.89515e+06,1.67077e+07,0,0,0,0
83.8584,85.139,3.53399,0.33,1,3.2226,3.2946,0,0.603846,4.47552,4.25838e+06,2.91414e+06,1.37231e+07,0,0,0,0,99.3022,98.274,3.6303,1,1,1.88815,1.93033,0,1.45861,2.1168,8.84977e+06,3.89515e+06,1.67097e+07,0,0,0,0
83.5559,85.139,3.07773,0.32,1,3.22298,3.29498,0,0.603916,4.47552,4.25838e+06,2.91414e+06,1.37247e+07,0,0,0,0,99.3022,98.274,3.54844,1,1,1.88836,1.93055,0,1.45878,2.1168,8.84977e+06,3.89515e+06,1.67116e+07,0,0,0,0
82.9633,85.139,2.77302,0.27,1,3.22336,3.29536,0,0.603986,4.47552,4.25838e+06,2.91414e+06,1.37263e+07,0,0,0,0,99.3022,98.274,3.06522,1,1,1.88858,1.93077,0,1.45895,2.1168,8.84977e+06,3.89515e+06,1.67135e+07,0,0,0,0
82.2166,85.139,2.5827,0.27,1,3.22373,3.29575,0,0.604057,4.47552,4.25838e+06,2.91414e+06,1.37279e+07,0,0,0,0,99.3022,98.274,3.04377,1,1,1.8888,1.931,0,1.45912,2.1168,8.84977e+06,3.89515e+06,1.67155e+07,0,0,0,0
82.5639,85.139,3.69648,0.24,1,3.19523,3.26661,0,0.604127,4.47552,4.25838e+06,2.91414e+06,1.36065e+07,0,0,0,0,99.3022,98.274,4.77988,1,1,1.94228,1.98567,0,1.45929,2.1168,8.84977e+06,3.89515e+06,1.71887e+07,0,0,0,0
82.6157,85.139,3.38502,0.23,1,3.1956,3.26699,0,0.598786,4.47552,4.25838e+06,2.91414e+06,1.36081e+07,0,0,0,0,99.3022,98.274,4.81069,1,1,1.9425,1.9859,0,1.5006,2.1168,8.84977e+06,3.89515e+06,1.71907e+07,0,0,0,0
82.5713,85.139,3.28023,0.21,1,3.19597,3.26737,0,0.598856,4.47552,4.25838e+06,2.91414e+06,1.36097e+07,0,0,0,0,99.3022,98.274,4.78523,1,1,1.94273,1.98613,0,1.50078,2.1168,8.84977e+06,3.89515e+06,1.71927e+07,0,0,0,0
82.428,85.139,3.17,0.19,1,3.19635,3.26775,0,0.598925,4.47552,4.25838e+06,2.91414e+06,1.36112e+07,0,0,0,0,99.3022,98.274,4.68394,1,1,1.94296,1.98636,0,1.50095,2.1168,8.84977e+06,3.89515e+06,1.71947e+07,0,0,0,0
81.8649,85.139,2.79856,0.19,1,3.27132,3.3444,0,0.598995,4.47552,4.25838e+06,2.91414e+06,1.39305e+07,0,0,0,0,99.3022,98.274,3.91551,1,1,1.99067,2.03514,0,1.50113,2.1168,8.84977e+06,3.89515e+06,1.76169e+07,0,0,0,0
80.9038,85.139,2.35392,0.18,1,3.2717,3.34479,0,0.613046,4.47552,4.25838e+06,2.91414e+06,1.39321e+07,0,0,0,0,99.2919,98.274,3.26203,1,1,1.9909,2.03537,0,1.53799,2.1168,8.84977e+06,3.89515e+06,1.7619e+07,0,0,0,0
79.7812,85.139,2.18084,0.18,1,3.27208,3.34518,0,0.613117,4.47552,4.25838e+06,2.91414e+06,1.39338e+07,0,0,0,0,99.2169,98.274,2.90545,1,1,1.99113,2.03561,0,1.53817,2.1168,8.84977e+06,3.89515e+06,1.7621e+07,0,0,0,0
78.7165,85.139,2.22034,0.18,1,3.27247,3.34557,0,0.613189,4.47552,4.25838e+06,2.91414e+06,1.39354e+07,0,0,0,0,99.2308,98.274,3.31056,1,1,1.99136,2.03585,0,1.53835,2.1168,8.84977e+06,3.89515e+06,1.76231e+07,0,0,0,0
77.5235,85.139,2.25713,0.22,1,3.49143,3.56942,0,0.61326,4.47552,4.25838e+06,2.91414e+06,1.48678e+07,0,0,0,0,99.2211,98.274,3.53301,1,1,2.1168,2.21138,0.04626,1.53853,2.1168,8.84977e+06,3.89515e+06,1.87332e+07,0,0,0,0
75.6365,85.139,1.53923,0.21,1,3.49183,3.56984,0,0.654293,4.47552,4.25838e+06,2.91414e+06,1.48695e+07,0,0,0,0,99.01,98.274,3.29176,1,1,2.1168,2.21164,0.0465119,1.63544,2.1168,8.84977e+06,3.89515e+06,1.87332e+07,0,0,0,0
73.7946,85.139,1.56224,0.2,1,3.49224,3.57025,0,0.654369,4.47552,4.25838e+06,2.91414e+06,1.48713e+07,0,0,0,0,98.7683,98.274,3.17742,1,1,2.1168,2.2119,0.0467637,1.63544,2.1168,8.84977e+06,3.89515e+06,1.87332e+07,0,0,0,0
72.6872,85.139,2.31074,0.19,1,3.49265,3.57067,0,0.654446,4.47552,4.25838e+06,2.91414e+06,1.4873e+07,0,0,0,0,98.6573,98.274,3.77803,1,1,2.1168,2.21215,0.0470153,1.63544,2.1168,8.84977e+06,3.89515e+06,1.87332e+07,0,0,0,0
72.5065,85.139,3.30029,0.21,1,3.49305,3.57108,0,0.654522,4.47552,4.25838e+06,2.91414e+06,1.48747e+07,0,0,0,0,98.799,98.274,4.17836,1,1,2.1168,2.21241,0.0472672,1.63544,2.1168,8.84977e+06,3.89515e+06,1.87332e+07,0,0,0,0
71.0916,85.139,1.918,0.2,1,3.38687,3.46253,0,0.654598,4.47552,4.25838e+06,2.91414e+06,1.44226e+07,0,0,0,0,99.1379,98.274,5.84483,1,1,2.06018,2.10621,0,1.63544,2.1168,8.84977e+06,3.89515e+06,1.82322e+07,0,0,0,0
69.4157,85.139,1.63035,0.2,1,3.38726,3.46293,0,0.634699,4.47552,4.25838e+06,2.91414e+06,1.44242e+07,0,0,0,0,98.9885,98.274,4.16516,1,1,2.06042,2.10645,0,1.5917,2.1168,8.84977e+06,3.89515e+06,1.82343e+07,0,0,0,0
67.4677,85.139,1.33534,0.2,1,3.38766,3.46334,0,0.634773,4.47552,4.25838e+06,2.91414e+06,1.44259e+07,0,0,0,0,98.7026,98.274,3.3148,1,1,2.06066,2.1067,0,1.59188,2.1168,8.84977e+06,3.89515e+06,1.82364e+07,0,0,0,0
66.2905,85.139,2.18805,0.22,1,3.38805,3.46374,0,0.634847,4.47552,4.25838e+06,2.91414e+06,1.44276e+07,0,0,0,0,98.8067,98.274,4.3803,1,1,2.0609,2.10694,0,1.59207,2.1168,8.84977e+06,3.89515e+06,1.82385e+07,0,0,0,0
68.1869,85.139,5.5061,0.22,1,3.30091,3.37465,0,0.634921,4.47552,4.25838e+06,2.91414e+06,1.40565e+07,0,0,0,0,99.3022,98.274,7.72281,1,1,1.96631,2.01024,0,1.59225,2.1168,8.84977e+06,3.89515e+06,1.74014e+07,0,0,0,0
68.315,85.139,3.7314,0.2,1,3.3013,3.37505,0,0.618591,4.47552,4.25838e+06,2.91414e+06,1.40582e+07,0,0,0,0,99.3022,98.274,6.35999,1,1,1.96654,2.01047,0,1.51917,2.1168,8.84977e+06,3.89515e+06,1.74034e+07,0,0,0,0
68.2273,85.139,3.41175,0.2,1,3.30168,3.37544,0,0.618663,4.47552,4.25838e+06,2.91414e+06,1.40598e+07,0,0,0,0,99.3022,98.274,6.42813,1,1,1.96677,2.0107,0,1.51935,2.1168,8.84977e+06,3.89515e+06,1.74055e+07,0,0,0,0
68.9834,85.139,4.35703,0.2,1,3.30207,3.37583,0,0.618735,4.47552,4.25838e+06,2.91414e+06,1.40614e+07,0,0,0,0,99.3022,98.274,8.11415,1,1,1.967,2.01094,0,1.51953,2.1168,8.84977e+06,3.89515e+06,1.74075e+07,0,0,0,0
71.1483,85.139,5.69432,0.21,1,3.12196,3.12196,0,0.618807,4.47552,4.25838e+06,2.70226e+06,1.32945e+07,0,0,0,0,99.3022,98.274,9.59751,0,1,1.80916,1.80916,0,1.5197,2.1168,8.84977e+06,3.61194e+06,1.60106e+07,0,0,0,0
73.8927,85.139,6.2491,0.21,1,3.12232,3.12232,0,0.585055,4.47552,4.25838e+06,2.70226e+06,1.3296e+07,0,0,0,0,99.3022,98.274,6.86539,0,1,1.80937,1.80937,0,1.39775,2.1168,8.84977e+06,3.61194e+06,1.60125e+07,0,0,0,0
77.6207,85.139,7.54853,0.21,1,3.12268,3.12268,0,0.585123,4.47552,4.25838e+06,2.70226e+06,1.32976e+07,0,0,0,0,99.3022,98.274,9.11085,0,1,1.80958,1.80958,0,1.39792,2.1168,8.84977e+06,3.61194e+06,1.60144e+07,0,0,0,0
82.2194,85.139,8.35254,0.22,1,3.12305,3.12305,0,0.585191,4.47552,4.25838e+06,2.70226e+06,1.32991e+07,0,0,0,0,99.3022,98.274,8.72891,0,1,1.80979,1.80979,0,1.39808,2.1168,8.84977e+06,3.61194e+06,1.60162e+07,0,0,0,0
85.139,85.139,9.6526,0.21,1,3.12341,3.12341,0,0.585259,4.47552,4.25838e+06,2.70226e+06,1.33007e+07,0,0,0,0,99.3022,98.274,10.1329,0,1,1.81,1.81,0,1.39824,2.1168,8.84977e+06,3.61194e+06,1.60181e+07,0,0,0,0
85.139,85.139,3.9893,0.18,1,3.22162,3.22162,0,0.585327,4.47552,4.25838e+06,2.70226e+06,1.37189e+07,0,0,0,0,99.3022,98.274,5.25734,0,1,1.86873,1.86873,0,1.39841,2.1168,8.84977e+06,3.61194e+06,1.65379e+07,0,0,0,0
84.5212,85.139,3.01926,0.18,1,3.22197,3.22197,0,0.603732,6.048,4.25838e+06,2.70226e+06,1.37204e+07,0,0,0,0,99.3022,98.274,4.40483,0,1,1.86894,1.86894,0,1.44378,2.1168,8.84977e+06,3.61194e+06,1.65397e+07,0,0,0,0
84.9732,85.139,4.12735,0.22,1,3.22232,3.22232,0,0.603797,6.048,4.25838e+06,2.70226e+06,1.37218e+07,0,0,0,0,99.3022,98.274,5.4216,0,1,1.86914,1.86914,0,1.44394,2.1168,8.84977e+06,3.61194e+06,1.65414e+07,0,0,0,0
85.139,85.139,8.84186,0.23,1,3.22267,3.22267,0,0.603862,6.048,4.25838e+06,2.70226e+06,1.37233e+07,0,0,0,0,99.3022,98.274,7.52331,0,1,1.86934,1.86934,0,1.4441,2.1168,8.84977e+06,3.61194e+06,1.65432e+07,0,0,0,0
85.139,85.139,7.90553,0.19,1,3.46008,3.53738,0,0.603927,6.048,4.25838e+06,2.91414e+06,1.47343e+07,0,0,0,0,99.3022,98.274,7.21368,1,1,2.0437,2.08936,0,1.44425,2.1168,8.84977e+06,3.89515e+06,1.80863e+07,0,0,0,0
85.139,85.139,6.91809,0.21,1,3.46046,3.53776,0,0.648419,6.048,4.25838e+06,2.91414e+06,1.47359e+07,0,0,0,0,99.3022,98.274,7.25963,1,1,2.04393,2.08959,0,1.57897,2.1168,8.84977e+06,3.89515e+06,1.80883e+07,0,0,0,0
85.139,85.139,5.49473,0.2,1,3.46083,3.53814,0,0.64849,6.048,4.25838e+06,2.91414e+06,1.47375e+07,0,0,0,0,99.3022,98.274,5.73561,1,1,2.04415,2.08981,0,1.57914,2.1168,8.84977e+06,3.89515e+06,1.80902e+07,0,0,0,0
85.139,85.139,4.70331,0.2,1,3.4612,3.53853,0,0.64856,6.048,4.25838e+06,2.91414e+06,1.47391e+07,0,0,0,0,99.3022,98.274,5.99922,1,1,2.04437,2.09004,0,1.57931,2.1168,8.84977e+06,3.89515e+06,1.80922e+07,0,0,0,0
85.139,85.139,5.17877,0.23,1,3.09033,3.09033,0,0.64863,6.048,4.25838e+06,2.70226e+06,1.31598e+07,0,0,0,0,99.3022,98.274,5.27624,0,1,1.79514,1.79514,0,1.57948,2.1168,8.84977e+06,3.61194e+06,1.58866e+07,0,0,0,0
85.139,85.139,5.98229,0.27,1,3.09066,3.09066,0,0.579128,6.048,4.25838e+06,2.70226e+06,1.31612e+07,0,0,0,0,99.3022,98.274,6.35339,0,1,1.79533,1.79533,0,1.38692,2.1168,8.84977e+06,3.61194e+06,1.58883e+07,0,0,0,0
85.139,85.139,5.31347,0.27,1,3.091,3.091,0,0.57919,6.048,4.25838e+06,2.70226e+06,1.31626e+07,0,0,0,0,99.3022,98.274,5.73357,0,1,1.79553,1.79553,0,1.38707,2.1168,8.84977e+06,3.61194e+06,1.589e+07,0,0,0,0
85.139,85.139,5.06153,0.3,1,3.09133,3.09133,0,0.579253,6.048,4.25838e+06,2.70226e+06,1.31641e+07,0,0,0,0,99.3022,98.274,5.84268,0,1,1.79572,1.79572,0,1.38722,2.1168,8.84977e+06,3.61194e+06,1.58917e+07,0,0,0,0
85.139,85.139,5.16007,0.31,1,3.09167,3.09167,0,0.579316,6.048,4.25838e+06,2.70226e+06,1.31655e+07,0,0,0,0,99.3022,98.274,5.49408,0,1,1.79591,1.79591,0,1.38737,2.1168,8.84977e+06,3.61194e+06,1.58934e+07,0,0,0,0
85.139,85.139,4.26426,0.34,1,3.20497,3.20497,0,0.579378,6.048,4.25838e+06,2.70226e+06,1.3648e+07,0,0,0,0,99.3022,98.274,4.10661,0,1,1.86835,1.86835,0,1.38752,2.1168,8.84977e+06,3.61194e+06,1.65344e+07,0,0,0,0
85.139,85.139,6.26164,0.34,1,3.20532,3.20532,0,0.600612,6.048,4.25838e+06,2.70226e+06,1.36495e+07,0,0,0,0,99.3022,98.274,6.51842,0,1,1.86855,1.86855,0,1.44348,2.1168,8.84977e+06,3.61194e+06,1.65362e+07,0,0,0,0
85.139,85.139,5.15877,0.33,1,3.20567,3.20567,0,0.600677,6.048,4.25838e+06,2.70226e+06,1.36509e+07,0,0,0,0,99.3022,98.274,5.32699,0,1,1.86875,1.86875,0,1.44364,2.1168,8.84977e+06,3.61194e+06,1.6538e+07,0,0,0,0
85.139,85.139,4.03289,0.33,1,3.20601,3.20601,0,0.600742,6.048,4.25838e+06,2.70226e+06,1.36524e+07,0,0,0,0,99.3022,98.274,3.82525,0,1,1.86895,1.86895,0,1.4438,2.1168,8.84977e+06,3.61194e+06,1.65398e+07,0,0,0,0
85.139,85.139,3.90768,0.33,1,3.16217,3.16217,0,0.600807,6.048,4.25838e+06,2.70226e+06,1.34657e+07,0,0,0,0,99.3022,98.274,4.46543,0,1,1.84108,1.84108,0,1.44395,2.1168,8.84977e+06,3.61194e+06,1.62932e+07,0,0,0,0
85.139,85.139,3.59508,0.31,1,3.16251,3.16251,0,0.59259,6.048,4.25838e+06,2.70226e+06,1.34672e+07,0,0,0,0,99.3022,98.274,3.85771,0,1,1.84128,1.84128,0,1.42242,2.1168,8.84977e+06,3.61194e+06,1.62949e+07,0,0,0,0
85.0582,85.139,3.4273,0.28,1,3.16285,3.16285,0,0.592654,6.048,4.25838e+06,2.70226e+06,1.34686e+07,0,0,0,0,99.3022,98.274,3.76172,0,1,1.84148,1.84148,0,1.42258,2.1168,8.84977e+06,3.61194e+06,1.62967e+07,0,0,0,0
84.9333,85.139,2.98986,0.43,1,2.81759,3.16319,0,0.592719,6.048,4.25838e+06,3.49697e+06,1.19984e+07,0,0,0,0,99.3022,98.274,3.99402,0,1,1.64047,1.84168,0,1.42273,2.1168,8.84977e+06,4.67418e+06,1.45177e+07,0,0,0,0
84.0613,85.139,2.53269,0.39,1,3.2412,3.3136,0,0.528017,6.048,4.25838e+06,2.91414e+06,1.38022e+07,0,0,0,0,99.3022,98.274,3.65416,1,1,1.89904,1.94146,0,1.26742,2.1168,8.84977e+06,3.89515e+06,1.68061e+07,0,0,0,0
83.3394,85.139,2.72315,0.36,1,3.24155,3.31396,0,0.6074,6.048,4.25838e+06,2.91414e+06,1.38037e+07,0,0,0,0,99.3022,98.274,3.52482,1,1,1.89924,1.94167,0,1.4672,2.1168,8.84977e+06,3.89515e+06,1.68079e+07,0,0,0,0
82.5835,85.139,2.67317,0.32,1,3.2419,3.31432,0,0.607466,6.048,4.25838e+06,2.91414e+06,1.38052e+07,0,0,0,0,99.3022,98.274,3.55202,1,1,1.89945,1.94188,0,1.46736,2.1168,8.84977e+06,3.89515e+06,1.68097e+07,0,0,0,0
81.5584,85.139,2.3994,0.28,1,3.24225,3.31468,0,0.607532,6.048,4.25838e+06,2.91414e+06,1.38067e+07,0,0,0,0,99.3022,98.274,3.57312,1,1,1.89965,1.94209,0,1.46751,2.1168,8.84977e+06,3.89515e+06,1.68115e+07,0,0,0,0
80.4416,85.139,2.29091,0.28,1,3.2426,3.31504,0,0.607597,6.048,4.25838e+06,2.91414e+06,1.38082e+07,0,0,0,0,99.3022,98.274,3.51438,1,1,1.89986,1.9423,0,1.46767,2.1168,8.84977e+06,3.89515e+06,1.68133e+07,0,0,0,0
79.8409,85.139,2.73714,0.24,1,3.2139,3.2857,0,0.607663,6.048,4.25838e+06,2.91414e+06,1.3686e+07,0,0,0,0,99.3022,98.274,2.8259,1,1,1.95363,1.99727,0,1.46783,2.1168,8.84977e+06,3.89515e+06,1.72892e+07,0,0,0,0
79.2569,85.139,2.67023,0.23,1,3.21425,3.28606,0,0.602286,6.048,4.25838e+06,2.91414e+06,1.36875e+07,0,0,0,0,99.2653,98.274,2.70659,1,1,1.95384,1.99749,0,1.50937,2.1168,8.84977e+06,3.89515e+06,1.7291e+07,0,0,0,0
78.4824,85.139,2.46362,0.26,1,3.2146,3.28641,0,0.602351,6.048,4.25838e+06,2.91414e+06,1.3689e+07,0,0,0,0,99.2202,98.274,2.64287,1,1,1.95405,1.9977,0,1.50954,2.1168,8.84977e+06,3.89515e+06,1.72929e+07,0,0,0,0
77.5608,85.139,2.30203,0.24,1,3.21495,3.28677,0,0.602416,6.048,4.25838e+06,2.91414e+06,1.36904e+07,0,0,0,0,99.1799,98.274,2.71232,1,1,1.95426,1.99792,0,1.5097,2.1168,8.84977e+06,3.89515e+06,1.72948e+07,0,0,0,0
76.4575,85.139,2.1711,0.24,1,3.29033,3.36384,0,0.602481,6.048,4.25838e+06,2.91414e+06,1.40115e+07,0,0,0,0,98.9601,98.274,2.35835,1,1,2.00223,2.04696,0,1.50986,2.1168,8.84977e+06,3.89515e+06,1.77193e+07,0,0,0,0
75.2364,85.139,2.04003,0.22,1,3.29069,3.3642,0,0.616608,6.048,4.25838e+06,2.91414e+06,1.4013e+07,0,0,0,0,98.5389,98.274,2.04677,1,1,2.00245,2.04718,0,1.54692,2.1168,8.84977e+06,3.89515e+06,1.77212e+07,0,0,0,0
73.8023,85.139,1.81185,0.22,1,3.29104,3.36456,0,0.616675,6.048,4.25838e+06,2.91414e+06,1.40145e+07,0,0,0,0,98.0487,98.274,1.9475,1,1,2.00267,2.0474,0,1.54709,2.1168,8.84977e+06,3.89515e+06,1.77231e+07,0,0,0,0
72.2326,85.139,1.65901,0.22,1,3.2914,3.36493,0,0.616741,6.048,4.25838e+06,2.91414e+06,1.4016e+07,0,0,0,0,97.556,98.274,1.82395,1,1,2.00288,2.04762,0,1.54726,2.1168,8.84977e+06,3.89515e+06,1.7725e+07,0,0,0,0
70.2877,85.139,1.43253,0.26,1,3.5116,3.59004,0,0.616808,6.048,4.25838e+06,2.91414e+06,1.49537e+07,0,0,0,0,96.8718,98.274,1.80964,1,1,2.1168,2.22416,0.058756,1.54743,2.1168,8.84977e+06,3.89515e+06,1.87332e+07,0,0,0,0
68.9518,85.139,2.04987,0.25,1,3.51197,3.59043,0,0.658073,6.048,4.25838e+06,2.91414e+06,1.49553e+07,0,0,0,0,96.3154,98.274,1.63823,1,1,2.1168,2.2244,0.0589909,1.63544,2.1168,8.84977e+06,3.89515e+06,1.87332e+07,0,0,0,0
67.8196,85.139,2.26705,0.24,1,3.51235,3.59082,0,0.658144,6.048,4.25838e+06,2.91414e+06,1.49569e+07,0,0,0,0,95.527,98.274,2.00668,1,1,2.1168,2.22464,0.0592259,1.63544,2.1168,8.84977e+06,3.89515e+06,1.87332e+07,0,0,0,0
66.2762,85.139,1.84186,0.25,1,3.51273,3.59121,0,0.658215,6.048,4.25838e+06,2.91414e+06,1.49585e+07,0,0,0,0,94.9272,98.274,1.42839,1,1,2.1168,2.22488,0.059461,1.63544,2.1168,8.84977e+06,3.89515e+06,1.87332e+07,0,0,0,0
65.1725,85.139,2.25535,0.26,1,3.51311,3.59159,0,0.658286,6.048,4.25838e+06,2.91414e+06,1.49602e+07,0,0,0,0,94.6011,98.274,2.58132,1,1,2.1168,2.22512,0.0596961,1.63544,2.1168,8.84977e+06,3.89515e+06,1.87332e+07,0,0,0,0
64.0167,85.139,2.08313,0.24,1,3.40629,3.48239,0,0.658357,6.048,4.25838e+06,2.91414e+06,1.45053e+07,0,0,0,0,94.3474,98.274,2.68338,1,1,2.072,2.11829,0,1.63544,2.1168,8.84977e+06,3.89515e+06,1.83367e+07,0,0,0,0
63.1661,85.139,2.41037,0.23,1,3.40666,3.48276,0,0.638339,6.048,4.25838e+06,2.91414e+06,1.45068e+07,0,0,0,0,94.1737,98.274,2.70486,1,1,2.07222,2.11852,0,1.60083,2.1168,8.84977e+06,3.89515e+06,1.83387e+07,0,0,0,0
63.0688,85.139,3.20291,0.23,1,3.40703,3.48314,0,0.638408,6.048,4.25838e+06,2.91414e+06,1.45084e+07,0,0,0,0,94.2185,98.274,3.69411,1,1,2.07245,2.11874,0,1.601,2.1168,8.84977e+06,3.89515e+06,1.83407e+07,0,0,0,0
63.8907,85.139,4.27047,0.22,1,3.4074,3.48352,0,0.638477,6.048,4.25838e+06,2.91414e+06,1.451e+07,0,0,0,0,94.6532,98.274,5.12411,1,1,2.07267,2.11897,0,1.60117,2.1168,8.84977e+06,3.89515e+06,1.83427e+07,0,0,0,0
63.7502,85.139,3.20814,0.22,1,3.31973,3.39389,0,0.638546,6.048,4.25838e+06,2.91414e+06,1.41367e+07,0,0,0,0,94.7453,98.274,3.16506,1,1,1.97752,2.0217,0,1.60135,2.1168,8.84977e+06,3.89515e+06,1.75006e+07,0,0,0,0
63.7648,85.139,3.33868,0.22,1,3.32009,3.39426,0,0.622118,6.048,4.25838e+06,2.91414e+06,1.41382e+07,0,0,0,0,95.4526,98.274,4.51155,1,1,1.97773,2.02192,0,1.52783,2.1168,8.84977e+06,3.89515e+06,1.75025e+07,0,0,0,0
62.9795,85.139,2.48746,0.23,1,3.32045,3.39463,0,0.622185,6.048,4.25838e+06,2.91414e+06,1.41397e+07,0,0,0,0,96.2313,98.274,4.74962,1,1,1.97795,2.02213,0,1.528,2.1168,8.84977e+06,3.89515e+06,1.75044e+07,0,0,0,0
62.8716,85.139,3.2317,0.25,1,3.32081,3.39499,0,0.622252,6.048,4.25838e+06,2.91414e+06,1.41413e+07,0,0,0,0,96.6145,98.274,3.86231,1,1,1.97816,2.02235,0,1.52816,2.1168,8.84977e+06,3.89515e+06,1.75063e+07,0,0,0,0
66.758,85.139,7.42942,0.27,1,3.13965,3.13965,0,0.62232,6.048,4.25838e+06,2.70226e+06,1.33698e+07,0,0,0,0,97.6898,98.274,6.4066,0,1,1.81941,1.81941,0,1.52833,2.1168,8.84977e+06,3.61194e+06,1.61014e+07,0,0,0,0
68.3665,85.139,4.97298,0.28,1,3.13999,3.13999,0,0.588371,6.048,4.25838e+06,2.70226e+06,1.33713e+07,0,0,0,0,99.2,98.274,5.94538,0,1,1.81961,1.81961,0,1.40568,2.1168,8.84977e+06,3.61194e+06,1.61031e+07,0,0,0,0
69.3228,85.139,4.30524,0.25,1,3.14033,3.14033,0,0.588434,6.048,4.25838e+06,2.70226e+06,1.33727e+07,0,0,0,0,99.3022,98.274,6.25708,0,1,1.8198,1.8198,0,1.40583,2.1168,8.84977e+06,3.61194e+06,1.61048e+07,0,0,0,0
69.6629,85.139,3.64427,0.25,1,3.14067,3.14067,0,0.588498,6.048,4.25838e+06,2.70226e+06,1.33741e+07,0,0,0,0,99.3022,98.274,4.69476,0,1,1.82,1.82,0,1.40598,2.1168,8.84977e+06,3.61194e+06,1.61066e+07,0,0,0,0
69.9649,85.139,3.62142,0.26,1,3.14101,3.14101,0,0.588561,6.048,4.25838e+06,2.70226e+06,1.33756e+07,0,0,0,0,99.3022,98.274,3.55341,0,1,1.8202,1.8202,0,1.40613,2.1168,8.84977e+06,3.61194e+06,1.61083e+07,0,0,0,0
74.9988,85.139,8.55987,0.28,1,3.14101,3.14101,0,0.588625,6.048,4.25838e+06,2.70226e+06,1.33756e+07,0,0,0,0,99.3022,98.274,7.66867,0,1,1.8202,1.8202,0,1.40628,2.1168,8.84977e+06,3.61194e+06,1.61083e+07,0,0,0,0
77.271,85.139,6.06001,0.25,0.02,3.23974,3.23974,0,0.588625,6.048,4.25838e+06,2.70226e+06,1.3796e+07,0,0,0,0,99.3022,98.274,7.07771,0,1,1.87925,1.87925,0,1.40628,2.1168,8.84977e+06,3.61194e+06,1.66309e+07,0,0,0,0
78.7279,85.139,5.13219,0.27,0.02,3.24007,3.24007,0,0.607128,6.048,4.25838e+06,2.70226e+06,1.37974e+07,0,0,0,0,99.3022,98.274,6.59316,0,1,1.87943,1.87943,0,1.45191,2.1168,8.84977e+06,3.61194e+06,1.66326e+07,0,0,0,0
82.646,85.139,7.94543,0.28,0.02,3.24039,3.24039,0,0.607189,6.048,4.25838e+06,2.70226e+06,1.37988e+07,0,0,0,0,99.3022,98.274,9.77671,0,1,1.87962,1.87962,0,1.45205,2.1168,8.84977e+06,3.61194e+06,1.66342e+07,0,0,0,0
83.3498,85.139,4.54546,0.25,0.02,3.24071,3.24071,0,0.607249,6.048,4.25838e+06,2.70226e+06,1.38002e+07,0,0,0,0,99.3022,98.274,5.79187,0,1,1.87981,1.87981,0,1.4522,2.1168,8.84977e+06,3.61194e+06,1.66359e+07,0,0,0,0
85.0815,85.139,5.87609,0.26,0.02,3.47943,3.55716,0,0.60731,6.048,4.25838e+06,2.91414e+06,1.48167e+07,0,0,0,0,99.3022,98.274,8.66058,1,1,2.05513,2.10104,0,1.45234,2.1168,8.84977e+06,3.89515e+06,1.81875e+07,0,0,0,0
85.139,85.139,5.36648,0.27,0.02,3.47978,3.55752,0,0.652046,6.048,4.25838e+06,2.91414e+06,1.48182e+07,0,0,0,0,99.3022,98.274,9.74965,1,1,2.05534,2.10125,0,1.5878,2.1168,8.84977e+06,3.89515e+06,1.81893e+07,0,0,0,0
85.139,85.139,4.57988,0.22,0.02,3.48013,3.55787,0,0.652111,6.048,4.25838e+06,2.91414e+06,1.48197e+07,0,0,0,0,99.3022,98.274,9.0621,1,1,2.05554,2.10146,0,1.58795,2.1168,8.84977e+06,3.89515e+06,1.81911e+07,0,0,0,0
85.0892,85.139,3.97953,0.23,0.02,3.48047,3.55823,0,0.652176,6.048,4.25838e+06,2.91414e+06,1.48212e+07,0,0,0,0,99.3022,98.274,7.0512,1,1,2.05575,2.10167,0,1.58811,2.1168,8.84977e+06,3.89515e+06,1.81929e+07,0,0,0,0
85.139,85.139,4.00634,0.34,0.02,3.10751,3.10751,0,0.652241,6.048,4.25838e+06,2.70226e+06,1.32329e+07,0,0,0,0,99.3022,98.274,5.48373,0,1,1.80512,1.80512,0,1.58827,2.1168,8.84977e+06,3.61194e+06,1.59749e+07,0,0,0,0
85.139,85.139,4.34118,0.27,0.02,3.10782,3.10782,0,0.582347,6.048,4.25838e+06,2.70226e+06,1.32343e+07,0,0,0,0,99.3022,98.274,5.77649,0,1,1.8053,1.8053,0,1.39463,2.1168,8.84977e+06,3.61194e+06,1.59765e+07,0,0,0,0
85.139,85.139,6.8813,0.3,0.02,3.10813,3.10813,0,0.582405,6.048,4.25838e+06,2.70226e+06,1.32356e+07,0,0,0,0,99.3022,98.274,10.4135,0,1,1.80548,1.80548,0,1.39477,2.1168,8.84977e+06,3.61194e+06,1.59781e+07,0,0,0,0
85.139,85.139,6.24895,0.32,0.02,3.10844,3.10844,0,0.582463,6.048,4.25838e+06,2.70226e+06,1.32369e+07,0,0,0,0,99.3022,98.274,8.0306,0,1,1.80566,1.80566,0,1.39491,2.1168,8.84977e+06,3.61194e+06,1.59797e+07,0,0,0,0
85.139,85.139,4.61952,0.35,0.02,3.10875,3.10875,0,0.582522,6.048,4.25838e+06,2.70226e+06,1.32382e+07,0,0,0,0,99.3022,98.274,7.55104,0,1,1.80584,1.80584,0,1.39505,2.1168,8.84977e+06,3.61194e+06,1.59813e+07,0,0,0,0
85.139,85.139,7.81627,0.37,0.02,3.22266,3.22266,0,0.58258,6.048,4.25838e+06,2.70226e+06,1.37233e+07,0,0,0,0,99.3022,98.274,10.9347,0,1,1.87865,1.87865,0,1.39519,2.1168,8.84977e+06,3.61194e+06,1.66257e+07,0,0,0,0
85.139,85.139,5.50458,0.35,0.02,3.22298,3.22298,0,0.603926,6.048,4.25838e+06,2.70226e+06,1.37247e+07,0,0,0,0,99.3022,98.274,8.20652,0,1,1.87884,1.87884,0,1.45145,2.1168,8.84977e+06,3.61194e+06,1.66273e+07,0,0,0,0
85.139,85.139,4.36666,0.33,0.02,3.2233,3.2233,0,0.603987,6.048,4.25838e+06,2.70226e+06,1.3726e+07,0,0,0,0,99.3022,98.274,7.23468,0,1,1.87903,1.87903,0,1.45159,2.1168,8.84977e+06,3.61194e+06,1.6629e+07,0,0,0,0
85.139,85.139,3.72552,0.34,0.02,3.22362,3.22362,0,0.604047,6.048,4.25838e+06,2.70226e+06,1.37274e+07,0,0,0,0,99.3022,98.274,6.2767,0,1,1.87922,1.87922,0,1.45174,2.1168,8.84977e+06,3.61194e+06,1.66306e+07,0,0,0,0
85.139,85.139,3.99909,0.33,0.02,3.17951,3.17951,0,0.604107,6.048,4.25838e+06,2.70226e+06,1.35396e+07,0,0,0,0,99.3022,98.274,6.26,0,1,1.85118,1.85118,0,1.45188,2.1168,8.84977e+06,3.61194e+06,1.63825e+07,0,0,0,0
84.7806,85.139,3.28158,0.3,0.02,3.17983,3.17983,0,0.595841,6.048,4.25838e+06,2.70226e+06,1.35409e+07,0,0,0,0,99.3022,98.274,4.01478,0,1,1.85137,1.85137,0,1.43022,2.1168,8.84977e+06,3.61194e+06,1.63842e+07,0,0,0,0
84.3952,85.139,2.84884,0.44,0.02,2.83269,3.18015,0,0.5959,6.048,4.25838e+06,3.49697e+06,1.20627e+07,0,0,0,0,99.3022,98.274,3.71038,0,1,1.64926,1.85155,0,1.43037,2.1168,8.84977e+06,4.67418e+06,1.45956e+07,0,0,0,0
83.8233,85.139,2.61613,0.4,0.02,2.83298,3.18046,0,0.530847,6.048,4.25838e+06,3.49697e+06,1.20639e+07,0,0,0,0,99.3022,98.274,3.15706,0,1,1.64942,1.85174,0,1.27422,2.1168,8.84977e+06,4.67418e+06,1.4597e+07,0,0,0,0
83.1697,85.139,2.9198,0.36,0.02,3.25887,3.33167,0,0.5309,6.048,4.25838e+06,2.91414e+06,1.38775e+07,0,0,0,0,99.3022,98.274,4.43114,1,1,1.90939,1.95205,0,1.27434,2.1168,8.84977e+06,3.89515e+06,1.68977e+07,0,0,0,0
82.5026,85.139,2.80931,0.33,0.02,3.25919,3.332,0,0.610712,6.048,4.25838e+06,2.91414e+06,1.38789e+07,0,0,0,0,99.3022,98.274,4.25503,1,1,1.90958,1.95224,0,1.4752,2.1168,8.84977e+06,3.89515e+06,1.68994e+07,0,0,0,0
81.5816,85.139,2.52744,0.31,0.02,3.25952,3.33233,0,0.610773,6.048,4.25838e+06,2.91414e+06,1.38803e+07,0,0,0,0,99.3022,98.274,3.56157,1,1,1.90977,1.95244,0,1.47534,2.1168,8.84977e+06,3.89515e+06,1.69011e+07,0,0,0,0
80.5947,85.139,2.43726,0.28,0.02,3.25984,3.33267,0,0.610834,6.048,4.25838e+06,2.91414e+06,1.38816e+07,0,0,0,0,99.3022,98.274,3.2275,1,1,1.90996,1.95263,0,1.47549,2.1168,8.84977e+06,3.89515e+06,1.69027e+07,0,0,0,0
79.5361,85.139,2.35208,0.24,0.02,3.26017,3.333,0,0.610895,6.048,4.25838e+06,2.91414e+06,1.3883e+07,0,0,0,0,99.3022,98.274,3.22691,1,1,1.91015,1.95283,0,1.47564,2.1168,8.84977e+06,3.89515e+06,1.69044e+07,0,0,0,0
78.3831,85.139,2.22018,0.24,0.02,3.23129,3.30348,0,0.610956,6.048,4.25838e+06,2.91414e+06,1.37601e+07,0,0,0,0,99.2927,98.274,3.13615,1,1,1.9642,2.00808,0,1.47578,2.1168,8.84977e+06,3.89515e+06,1.73827e+07,0,0,0,0
77.0553,85.139,2.0355,0.26,0.02,3.23161,3.30381,0,0.605544,6.048,4.25838e+06,2.91414e+06,1.37614e+07,0,0,0,0,99.2746,98.274,3.11416,1,1,1.96439,2.00828,0,1.51754,2.1168,8.84977e+06,3.89515e+06,1.73844e+07,0,0,0,0
75.5599,85.139,1.84053,0.25,0.02,3.23194,3.30414,0,0.605604,6.048,4.25838e+06,2.91414e+06,1.37628e+07,0,0,0,0,99.1956,98.274,2.80601,1,1,1.96459,2.00848,0,1.51769,2.1168,8.84977e+06,3.89515e+06,1.73862e+07,0,0,0,0
73.954,85.139,1.67113,0.24,0.02,3.23226,3.30447,0,0.605665,6.048,4.25838e+06,2.91414e+06,1.37642e+07,0,0,0,0,98.9763,98.274,2.64326,1,1,1.96479,2.00868,0,1.51784,2.1168,8.84977e+06,3.89515e+06,1.73879e+07,0,0,0,0
72.4174,85.139,1.80462,0.22,0.02,3.30802,3.38192,0,0.605725,6.048,4.25838e+06,2.91414e+06,1.40868e+07,0,0,0,0,98.8228,98.274,2.91069,1,1,2.013,2.05797,0,1.51799,2.1168,8.84977e+06,3.89515e+06,1.78146e+07,0,0,0,0
70.7454,85.139,1.62676,0.27,0.02,3.30835,3.38226,0,0.619924,6.048,4.25838e+06,2.91414e+06,1.40882e+07,0,0,0,0,98.5284,98.274,2.78244,1,1,2.0132,2.05817,0,1.55524,2.1168,8.84977e+06,3.89515e+06,1.78164e+07,0,0,0,0
68.9524,85.139,1.4823,0.26,0.02,3.30868,3.3826,0,0.619985,6.048,4.25838e+06,2.91414e+06,1.40896e+07,0,0,0,0,98.1897,98.274,2.42201,1,1,2.0134,2.05838,0,1.5554,2.1168,8.84977e+06,3.89515e+06,1.78181e+07,0,0,0,0
67.3047,85.139,1.60463,0.26,0.02,3.30901,3.38294,0,0.620047,6.048,4.25838e+06,2.91414e+06,1.4091e+07,0,0,0,0,97.9669,98.274,3.04639,1,1,2.0136,2.05858,0,1.55555,2.1168,8.84977e+06,3.89515e+06,1.78199e+07,0,0,0,0
65.4594,85.139,1.57089,0.28,0.02,3.53036,3.60923,0,0.620109,6.048,4.25838e+06,2.91414e+06,1.50336e+07,0,0,0,0,97.6385,98.274,2.91485,1,1,2.1168,2.23604,0.0703819,1.55571,2.1168,8.84977e+06,3.89515e+06,1.87332e+07,0,0,0,0
63.7723,85.139,1.74038,0.27,0.02,3.53071,3.60959,0,0.66159,6.048,4.25838e+06,2.91414e+06,1.50351e+07,0,0,0,0,97.4576,98.274,3.55233,1,1,2.1168,2.23627,0.0706,1.63544,2.1168,8.84977e+06,3.89515e+06,1.87332e+07,0,0,0,0
61.789,85.139,1.42151,0.25,0.02,3.53107,3.60995,0,0.661656,6.048,4.25838e+06,2.91414e+06,1.50366e+07,0,0,0,0,97.0526,98.274,2.529,1,1,2.1168,2.23649,0.0708183,1.63544,2.1168,8.84977e+06,3.89515e+06,1.87332e+07,0,0,0,0
60.1468,85.139,1.72672,0.3,0.02,3.53142,3.61031,0,0.661722,6.048,4.25838e+06,2.91414e+06,1.50381e+07,0,0,0,0,97.0646,98.274,4.5766,1,1,2.1168,2.23671,0.0710366,1.63544,2.1168,8.84977e+06,3.89515e+06,1.87332e+07,0,0,0,0
58.5333,85.139,1.78775,0.29,0.02,3.53177,3.61067,0,0.661788,6.048,4.25838e+06,2.91414e+06,1.50396e+07,0,0,0,0,96.8725,98.274,3.30794,1,1,2.1168,2.23694,0.0712551,1.63544,2.1168,8.84977e+06,3.89515e+06,1.87332e+07,0,0,0,0
57.6513,85.139,2.44377,0.28,0.02,3.42435,3.50085,0,0.661854,6.048,4.25838e+06,2.91414e+06,1.45822e+07,0,0,0,0,96.8118,98.274,3.63732,1,1,2.08299,2.12952,0,1.63544,2.1168,8.84977e+06,3.89515e+06,1.8434e+07,0,0,0,0
56.3741,85.139,2.03156,0.28,0.02,3.4247,3.5012,0,0.641724,6.048,4.25838e+06,2.91414e+06,1.45836e+07,0,0,0,0,97.0958,98.274,5.73067,1,1,2.08319,2.12973,0,1.60931,2.1168,8.84977e+06,3.89515e+06,1.84358e+07,0,0,0,0
54.7947,85.139,1.70427,0.31,0.02,3.42504,3.50155,0,0.641788,6.048,4.25838e+06,2.91414e+06,1.45851e+07,0,0,0,0,96.8186,98.274,3.08348,1,1,2.0834,2.12994,0,1.60948,2.1168,8.84977e+06,3.89515e+06,1.84376e+07,0,0,0,0
53.482,85.139,1.96014,0.32,0.02,3.42538,3.5019,0,0.641852,6.048,4.25838e+06,2.91414e+06,1.45866e+07,0,0,0,0,96.5917,98.274,3.08938,1,1,2.08361,2.13016,0,1.60964,2.1168,8.84977e+06,3.89515e+06,1.84395e+07,0,0,0,0
51.8694,85.139,1.4623,0.32,0.02,3.33723,3.41178,0,0.641916,6.048,4.25838e+06,2.91414e+06,1.42112e+07,0,0,0,0,96.5091,98.274,3.02092,1,1,1.98794,2.03235,0,1.6098,2.1168,8.84977e+06,3.89515e+06,1.75928e+07,0,0,0,0
50.5231,85.139,1.79468,0.34,0.02,3.33756,3.41212,0,0.625396,6.048,4.25838e+06,2.91414e+06,1.42126e+07,0,0,0,0,96.2397,98.274,2.35105,1,1,1.98814,2.03255,0,1.53588,2.1168,8.84977e+06,3.89515e+06,1.75946e+07,0,0,0,0
49.4739,85.139,1.84639,0.43,0.02,3.03962,3.41246,0,0.625459,6.048,4.25838e+06,2.91414e+06,1.29439e+07,0,0,0,0,96.3168,98.274,4.20895,1,1,1.81066,2.03276,0,1.53604,2.1168,8.84977e+06,3.89515e+06,1.6024e+07,0,0,0,0
51.5819,85.139,5.20592,0.46,0.02,3.03993,3.4128,0,0.569626,6.048,4.25838e+06,2.91414e+06,1.29452e+07,0,0,0,0,97.8947,98.274,9.28647,1,1,1.81084,2.03296,0,1.39892,2.1168,8.84977e+06,3.89515e+06,1.60256e+07,0,0,0,0
51.3844,85.139,2.59935,0.42,0.02,2.81127,3.15609,0,0.569682,6.048,4.25838e+06,3.49697e+06,1.19714e+07,0,0,0,0,99.3022,98.274,6.49439,0,1,1.62911,1.82894,0,1.39906,2.1168,8.84977e+06,4.67418e+06,1.44173e+07,0,0,0,0
52.4589,85.139,3.93347,0.45,0.02,2.81155,3.15641,0,0.526831,6.048,4.25838e+06,3.49697e+06,1.19726e+07,0,0,0,0,99.3022,98.274,7.1079,0,1,1.62928,1.82912,0,1.25865,2.1168,8.84977e+06,4.67418e+06,1.44187e+07,0,0,0,0
54.0271,85.139,4.50617,0.53,0.02,2.81183,3.15672,0,0.526884,6.048,4.25838e+06,3.49697e+06,1.19738e+07,0,0,0,0,99.3022,98.274,7.34877,0,1,1.62944,1.8293,0,1.25878,2.1168,8.84977e+06,4.67418e+06,1.44202e+07,0,0,0,0
55.516,85.139,4.50293,0.55,0.02,2.81211,3.15704,0,0.526937,6.048,4.25838e+06,3.49697e+06,1.1975e+07,0,0,0,0,99.3022,98.274,6.78138,0,1,1.6296,1.82948,0,1.2589,2.1168,8.84977e+06,4.67418e+06,1.44216e+07,0,0,0,0
56.3632,85.139,3.9236,0.59,0.02,2.81239,3.15735,0,0.526989,6.048,4.25838e+06,3.49697e+06,1.19762e+07,0,0,0,0,99.3022,98.274,6.12442,0,1,1.62976,1.82967,0,1.25903,2.1168,8.84977e+06,4.67418e+06,1.4423e+07,0,0,0,0
57.6184,85.139,4.41179,0.64,0.02,2.90077,3.25657,0,0.527042,6.048,4.25838e+06,3.49697e+06,1.23526e+07,0,0,0,0,99.3022,98.274,6.18618,0,1,1.68262,1.88901,0,1.25916,2.1168,8.84977e+06,4.67418e+06,1.48908e+07,0,0,0,0
59.0535,85.139,4.59061,0.58,0.02,2.90104,3.25687,0,0.543605,6.048,4.25838e+06,3.49697e+06,1.23537e+07,0,0,0,0,99.3022,98.274,7.90016,0,1,1.68278,1.88918,0,1.29999,2.1168,8.84977e+06,4.67418e+06,1.48922e+07,0,0,0,0
61.2857,85.139,5.24417,0.59,0.02,2.9013,3.25717,0,0.543654,6.048,4.25838e+06,3.49697e+06,1.23548e+07,0,0,0,0,99.3022,98.274,6.80929,0,1,1.68293,1.88936,0,1.30011,2.1168,8.84977e+06,4.67418e+06,1.48936e+07,0,0,0,0
65.3625,85.139,7.50299,0.61,0.02,2.90157,3.25747,0,0.543704,6.048,4.25838e+06,3.49697e+06,1.2356e+07,0,0,0,0,99.3022,98.274,7.61196,0,1,1.68308,1.88953,0,1.30023,2.1168,8.84977e+06,4.67418e+06,1.48949e+07,0,0,0,0
68.3406,85.139,6.63039,0.56,0.02,3.18487,3.57552,0,0.543754,6.048,4.25838e+06,2.91414e+06,1.35624e+07,0,0,0,0,99.3022,98.274,8.07067,1,1,1.88115,2.11189,0,1.30035,2.1168,8.84977e+06,3.89515e+06,1.66478e+07,0,0,0,0
70.8542,85.139,6.12269,0.44,0.02,3.18517,3.57585,0,0.596845,6.048,4.25838e+06,2.91414e+06,1.35636e+07,0,0,0,0,99.3022,98.274,6.19488,1,1,1.88133,2.11208,0,1.45338,2.1168,8.84977e+06,3.89515e+06,1.66493e+07,0,0,0,0
72.4185,85.139,5.06963,0.47,0.02,3.18546,3.57618,0,0.5969,6.048,4.25838e+06,2.91414e+06,1.35649e+07,0,0,0,0,99.3022,98.274,6.06872,1,1,1.8815,2.11228,0,1.45351,2.1168,8.84977e+06,3.89515e+06,1.66508e+07,0,0,0,0
72.5182,85.139,3.55119,0.5,0.02,3.18575,3.57651,0,0.596955,6.048,4.25838e+06,2.91414e+06,1.35661e+07,0,0,0,0,99.3022,98.274,4.74879,1,1,1.88167,2.11247,0,1.45364,2.1168,8.84977e+06,3.89515e+06,1.66524e+07,0,0,0,0
73.41,85.139,4.15994,0.53,0.02,2.78219,3.12345,0,0.59701,6.048,4.25838e+06,3.49697e+06,1.18476e+07,0,0,0,0,99.3022,98.274,5.70064,0,1,1.61614,1.81438,0,1.45378,2.1168,8.84977e+06,4.67418e+06,1.43025e+07,0,0,0,0
74.4176,85.139,4.28083,0.61,0.02,2.78245,3.12374,0,0.521383,6.048,4.25838e+06,3.49697e+06,1.18487e+07,0,0,0,0,99.3022,98.274,5.40803,0,1,1.61629,1.81454,0,1.24863,2.1168,8.84977e+06,4.67418e+06,1.43038e+07,0,0,0,0
75.2149,85.139,4.05991,0.52,0.02,2.7827,3.12402,0,0.521431,6.048,4.25838e+06,3.49697e+06,1.18498e+07,0,0,0,0,99.3022,98.274,5.75823,0,1,1.61644,1.81471,0,1.24875,2.1168,8.84977e+06,4.67418e+06,1.43051e+07,0,0,0,0
76.3593,85.139,4.44874,0.59,0.02,2.78296,3.12431,0,0.521478,6.048,4.25838e+06,3.49697e+06,1.18509e+07,0,0,0,0,99.3022,98.274,4.90045,0,1,1.61659,1.81488,0,1.24886,2.1168,8.84977e+06,4.67418e+06,1.43064e+07,0,0,0,0
76.8452,85.139,3.76899,0.68,0.02,2.78321,3.1246,0,0.521526,6.048,4.25838e+06,3.49697e+06,1.1852e+07,0,0,0,0,99.3022,98.274,5.45148,0,1,1.61674,1.81504,0,1.24898,2.1168,8.84977e+06,4.67418e+06,1.43078e+07,0,0,0,0
76.5742,85.139,3.02545,0.68,0.02,2.88517,3.23906,0,0.521574,6.048,4.25838e+06,3.49697e+06,1.22861e+07,0,0,0,0,99.3022,98.274,4.61591,0,1,1.68191,1.88821,0,1.24909,2.1168,8.84977e+06,4.67418e+06,1.48846e+07,0,0,0,0
75.9708,85.139,2.66776,0.74,0.02,2.88543,3.23936,0,0.540681,6.048,4.25838e+06,3.49697e+06,1.22873e+07,0,0,0,0,99.3022,98.274,4.3235,0,1,1.68207,1.88839,0,1.29945,2.1168,8.84977e+06,4.67418e+06,1.48859e+07,0,0,0,0
75.5983,85.139,2.85665,0.72,0.02,2.8857,3.23965,0,0.54073,6.048,4.25838e+06,3.49697e+06,1.22884e+07,0,0,0,0,99.3022,98.274,4.27817,0,1,1.68222,1.88856,0,1.29957,2.1168,8.84977e+06,4.67418e+06,1.48873e+07,0,0,0,0
74.7799,85.139,2.37294,0.71,0.02,2.88596,3.23995,0,0.54078,6.048,4.25838e+06,3.49697e+06,1.22895e+07,0,0,0,0,99.3022,98.274,3.85926,0,1,1.68238,1.88873,0,1.29969,2.1168,8.84977e+06,4.67418e+06,1.48887e+07,0,0,0,0
74.3286,85.139,2.73053,0.69,0.02,2.84645,3.19559,0,0.54083,6.048,4.25838e+06,3.49697e+06,1.21213e+07,0,0,0,0,99.3022,98.274,4.77199,0,1,1.65727,1.86054,0,1.2998,2.1168,8.84977e+06,4.67418e+06,1.46664e+07,0,0,0,0
73.6644,85.139,2.44925,0.68,0.02,2.84671,3.19588,0,0.533425,6.048,4.25838e+06,3.49697e+06,1.21224e+07,0,0,0,0,99.3022,98.274,4.51183,0,1,1.65742,1.86071,0,1.2804,2.1168,8.84977e+06,4.67418e+06,1.46678e+07,0,0,0,0
72.8872,85.139,2.30378,0.82,0.02,2.84697,3.19617,0,0.533473,6.048,4.25838e+06,3.49697e+06,1.21235e+07,0,0,0,0,99.3022,98.274,4.15709,0,1,1.65757,1.86088,0,1.28052,2.1168,8.84977e+06,4.67418e+06,1.46691e+07,0,0,0,0
71.9837,85.139,2.16781,0.75,0.02,2.84723,3.19647,0,0.533522,6.048,4.25838e+06,3.49697e+06,1.21246e+07,0,0,0,0,99.3022,98.274,3.95976,0,1,1.65772,1.86105,0,1.28064,2.1168,8.84977e+06,4.67418e+06,1.46705e+07,0,0,0,0
70.6903,85.139,1.82355,0.73,0.02,2.98257,3.34841,0,0.533571,6.048,4.25838e+06,2.91414e+06,1.27009e+07,0,0,0,0,99.3022,98.274,3.54596,1,1,1.74751,1.96185,0,1.28076,2.1168,8.84977e+06,3.89515e+06,1.5465e+07,0,0,0,0
69.3,85.139,1.6756,0.66,0.02,2.98284,3.34871,0,0.558934,6.048,4.25838e+06,2.91414e+06,1.27021e+07,0,0,0,0,99.3022,98.274,3.5223,1,1,1.74767,1.96203,0,1.35012,2.1168,8.84977e+06,3.89515e+06,1.54665e+07,0,0,0,0
67.8738,85.139,1.62105,0.58,0.02,2.98312,3.34902,0,0.558985,6.048,4.25838e+06,2.91414e+06,1.27032e+07,0,0,0,0,99.3022,98.274,3.51016,1,1,1.74783,1.96221,0,1.35025,2.1168,8.84977e+06,3.89515e+06,1.54679e+07,0,0,0,0
66.3651,85.139,1.51821,0.71,0.02,2.98339,3.34933,0,0.559036,6.048,4.25838e+06,2.91414e+06,1.27044e+07,0,0,0,0,99.3022,98.274,3.20411,1,1,1.74799,1.96239,0,1.35037,2.1168,8.84977e+06,3.89515e+06,1.54693e+07,0,0,0,0
64.884,85.139,1.48741,0.64,0.02,2.98366,3.34963,0,0.559087,6.048,4.25838e+06,2.91414e+06,1.27056e+07,0,0,0,0,99.3022,98.274,3.02921,1,1,1.74815,1.96257,0,1.3505,2.1168,8.84977e+06,3.89515e+06,1.54707e+07,0,0,0,0
63.4367,85.139,1.47197,0.56,0.02,2.95721,3.31994,0,0.559139,6.048,4.25838e+06,2.91414e+06,1.25929e+07,0,0,0,0,99.3022,98.274,2.74646,1,1,1.79759,2.01808,0,1.35062,2.1168,8.84977e+06,3.89515e+06,1.59083e+07,0,0,0,0
61.8929,85.139,1.35935,0.47,0.02,2.95748,3.32024,0,0.554182,6.048,4.25838e+06,2.91414e+06,1.25941e+07,0,0,0,0,99.2985,98.274,2.72574,1,1,1.79776,2.01827,0,1.38882,2.1168,8.84977e+06,3.89515e+06,1.59098e+07,0,0,0,0
60.2521,85.139,1.24233,0.57,0.02,2.95775,3.32055,0,0.554232,6.048,4.25838e+06,2.91414e+06,1.25952e+07,0,0,0,0,99.2606,98.274,2.44887,1,1,1.79792,2.01845,0,1.38895,2.1168,8.84977e+06,3.89515e+06,1.59112e+07,0,0,0,0
58.5418,85.139,1.13233,0.49,0.02,2.95803,3.32085,0,0.554283,6.048,4.25838e+06,2.91414e+06,1.25964e+07,0,0,0,0,99.2327,98.274,2.3333,1,1,1.79809,2.01864,0,1.38908,2.1168,8.84977e+06,3.89515e+06,1.59127e+07,0,0,0,0
56.8943,85.139,1.23557,0.44,0.02,3.02734,3.39866,0,0.554334,6.048,4.25838e+06,2.91414e+06,1.28915e+07,0,0,0,0,99.2519,98.274,2.48294,1,1,1.8422,2.06816,0,1.3892,2.1168,8.84977e+06,3.89515e+06,1.6303e+07,0,0,0,0
54.9467,85.139,1.12735,0.36,0.02,3.3247,3.39898,0,0.567323,6.048,4.25838e+06,2.91414e+06,1.41578e+07,0,0,0,0,98.9391,98.274,2.42339,1,1,2.02315,2.06834,0,1.42328,2.1168,8.84977e+06,3.89515e+06,1.79044e+07,0,0,0,0
53.1663,85.139,1.03518,0.43,0.02,3.02789,3.39929,0,0.623049,6.048,4.25838e+06,2.91414e+06,1.28939e+07,0,0,0,0,98.8154,98.274,2.13004,1,1,1.84253,2.06853,0,1.56308,2.1168,8.84977e+06,3.89515e+06,1.6306e+07,0,0,0,0
51.2464,85.139,1.08773,0.39,0.02,3.32531,3.3996,0,0.567427,6.048,4.25838e+06,2.91414e+06,1.41604e+07,0,0,0,0,98.5514,98.274,2.56222,1,1,2.02352,2.06872,0,1.42354,2.1168,8.84977e+06,3.89515e+06,1.79077e+07,0,0,0,0
48.9073,85.139,0.788888,0.36,0.02,3.54772,3.62698,0,0.623164,6.048,4.25838e+06,2.91414e+06,1.51075e+07,0,0,0,0,97.9715,98.274,2.12176,1,1,2.1168,2.24704,0.0811375,1.56337,2.1168,8.84977e+06,3.89515e+06,1.87332e+07,0,0,0,0
46.6578,85.139,0.587315,0.44,0.02,3.231,3.62731,0,0.664843,6.048,4.25838e+06,2.91414e+06,1.37588e+07,0,0,0,0,97.5073,98.274,1.80577,1,1,2.00172,2.24724,0,1.63544,2.1168,8.84977e+06,3.89515e+06,1.77147e+07,0,0,0,0
44.5562,85.139,0.695069,0.4,0.02,3.2313,3.62764,0,0.60549,6.048,4.25838e+06,2.91414e+06,1.37601e+07,0,0,0,0,97.2072,98.274,1.95858,1,1,2.0019,2.24745,0,1.54653,2.1168,8.84977e+06,3.89515e+06,1.77164e+07,0,0,0,0
42.9382,85.139,1.18608,0.45,0.02,3.23159,3.62797,0,0.605545,6.048,4.25838e+06,2.91414e+06,1.37613e+07,0,0,0,0,96.8282,98.274,2.32552,1,1,2.00208,2.24766,0,1.54667,2.1168,8.84977e+06,3.89515e+06,1.7718e+07,0,0,0,0
41.3692,85.139,1.20965,0.45,0.02,3.23189,3.62831,0,0.605601,6.048,4.25838e+06,2.91414e+06,1.37626e+07,0,0,0,0,96.4542,98.274,2.03989,1,1,2.00227,2.24786,0,1.54681,2.1168,8.84977e+06,3.89515e+06,1.77196e+07,0,0,0,0
39.6399,85.139,0.959081,0.48,0.02,3.13357,3.51793,0,0.605656,6.048,4.25838e+06,2.91414e+06,1.33439e+07,0,0,0,0,96.3829,98.274,2.10991,1,1,1.9061,2.1399,0,1.54695,2.1168,8.84977e+06,3.89515e+06,1.68686e+07,0,0,0,0
38.066,85.139,1.0784,0.57,0.02,3.13386,3.51825,0,0.587231,6.048,4.25838e+06,2.91414e+06,1.33451e+07,0,0,0,0,96.4119,98.274,2.91352,1,1,1.90628,2.1401,0,1.47266,2.1168,8.84977e+06,3.89515e+06,1.68701e+07,0,0,0,0
36.4236,85.139,0.956124,0.58,0.02,3.13414,3.51857,0,0.587284,6.048,4.25838e+06,2.91414e+06,1.33464e+07,0,0,0,0,96.3872,98.274,2.30683,1,1,1.90645,2.1403,0,1.47279,2.1168,8.84977e+06,3.89515e+06,1.68717e+07,0,0,0,0
35.0921,85.139,1.25407,0.58,0.02,3.13443,3.51889,0,0.587338,6.048,4.25838e+06,2.91414e+06,1.33476e+07,0,0,0,0,96.073,98.274,3.61303,1,1,1.90663,2.14049,0,1.47293,2.1168,8.84977e+06,3.89515e+06,1.68732e+07,0,0,0,0
34.1404,85.139,1.55585,0.57,0.02,3.05374,3.42831,0,0.587392,6.048,4.25838e+06,2.91414e+06,1.3004e+07,0,0,0,0,95.9094,98.274,1.41825,1,1,1.81907,2.0422,0,1.47306,2.1168,8.84977e+06,3.89515e+06,1.60984e+07,0,0,0,0
33.7814,85.139,2.34614,0.31,0.02,3.3537,3.42862,0,0.572271,6.048,4.25838e+06,2.91414e+06,1.42813e+07,0,0,0,0,96.1363,98.274,3.60483,1,1,1.99775,2.04238,0,1.40542,2.1168,8.84977e+06,3.89515e+06,1.76797e+07,0,0,0,0
36.7844,85.139,5.70393,0.64,0.02,3.0543,3.42893,0,0.628483,6.048,4.25838e+06,2.91414e+06,1.30064e+07,0,0,0,0,97.7672,98.274,6.3274,1,1,1.81941,2.04257,0,1.54346,2.1168,8.84977e+06,3.89515e+06,1.61013e+07,0,0,0,0
37.226,85.139,3.32915,0.3,0.02,3.35431,3.42925,0,0.572376,6.048,4.25838e+06,2.91414e+06,1.42839e+07,0,0,0,0,98.2565,98.274,3.26224,1,1,1.99812,2.04276,0,1.40567,2.1168,8.84977e+06,3.89515e+06,1.76829e+07,0,0,0,0
38.1965,85.139,3.68193,0.32,0.02,3.17128,3.17128,0,0.628599,6.048,4.25838e+06,2.70226e+06,1.35045e+07,0,0,0,0,98.6352,98.274,3.49589,0,1,1.83774,1.83774,0,1.54375,2.1168,8.84977e+06,3.61194e+06,1.62636e+07,0,0,0,0
39.9919,85.139,4.66041,0.33,0.02,3.17157,3.17157,0,0.594297,6.048,4.25838e+06,2.70226e+06,1.35057e+07,0,0,0,0,99.2378,98.274,4.24773,0,1,1.83791,1.83791,0,1.41984,2.1168,8.84977e+06,3.61194e+06,1.62651e+07,0,0,0,0
41.4508,85.139,4.30334,0,0.02,3.17186,3.17186,0,0.594352,6.048,4.25838e+06,2.70226e+06,1.3507e+07,0,0,0,0,99.3022,98.274,3.81171,0,1,1.83807,1.83807,0,1.41997,2.1168,8.84977e+06,3.61194e+06,1.62665e+07,0,0,0,0
43.606,85.139,5.07827,0,0.02,3.17215,3.17215,0,0.594406,6.048,4.25838e+06,2.70226e+06,1.35082e+07,0,0,0,0,99.3022,98.274,3.83189,0,1,1.83824,1.83824,0,1.4201,2.1168,8.84977e+06,3.61194e+06,1.6268e+07,0,0,0,0
45.7081,85.139,5.05659,0.25,0.02,3.17244,3.17244,0,0.594461,6.048,4.25838e+06,2.70226e+06,1.35094e+07,0,0,0,0,99.3022,98.274,3.92087,0,1,1.83841,1.83841,0,1.42023,2.1168,8.84977e+06,3.61194e+06,1.62695e+07,0,0,0,0
47.3848,85.139,4.75775,0,0.02,3.27211,3.27211,0,0.594515,6.048,4.25838e+06,2.70226e+06,1.39339e+07,0,0,0,0,99.3022,98.274,4.57459,0,1,1.89802,1.89802,0,1.42036,2.1168,8.84977e+06,3.61194e+06,1.67971e+07,0,0,0,0
50.3733,85.139,6.18854,0,0.02,3.27239,3.27239,0,0.613194,6.048,4.25838e+06,2.70226e+06,1.3935e+07,0,0,0,0,99.3022,98.274,5.91217,0,1,1.89818,1.89818,0,1.46641,2.1168,8.84977e+06,3.61194e+06,1.67985e+07,0,0,0,0
55.0827,85.139,8.11275,0.02,0.02,3.27266,3.27266,0,0.613245,6.048,4.25838e+06,2.70226e+06,1.39362e+07,0,0,0,0,99.3022,98.274,8.09375,0,1,1.89834,1.89834,0,1.46653,2.1168,8.84977e+06,3.61194e+06,1.67999e+07,0,0,0,0
57.7206,85.139,6.07119,0,0.02,3.27293,3.27293,0,0.613296,6.048,4.25838e+06,2.70226e+06,1.39374e+07,0,0,0,0,99.3022,98.274,5.35169,0,1,1.8985,1.8985,0,1.46666,2.1168,8.84977e+06,3.61194e+06,1.68013e+07,0,0,0,0
59.3159,85.139,5.68875,0,0.02,3.93733,3.59247,0,0.613348,6.048,4.25838e+06,2.91414e+06,1.67666e+07,0,0,0,0,99.3022,98.274,5.79947,1,1,1.65217,2.1219,0,1.46678,2.1168,8.84977e+06,3.89515e+06,1.46214e+07,0,0,0,0
61.3995,85.139,6.10992,0,0.02,3.93762,3.59277,0,0.737855,6.048,4.25838e+06,2.91414e+06,1.67679e+07,0,0,0,0,99.3022,98.274,4.77092,1,1,1.65235,2.12208,0,1.27647,2.1168,8.84977e+06,3.89515e+06,1.46229e+07,0,0,0,0
62.3855,85.139,5.08177,0,0.02,3.93792,3.59307,0,0.73791,6.048,4.25838e+06,2.91414e+06,1.67691e+07,0,0,0,0,99.3022,98.274,5.17843,1,1,1.65252,2.12225,0,1.2766,2.1168,8.84977e+06,3.89515e+06,1.46244e+07,0,0,0,0
68.3441,85.139,9.8076,0.01,0.02,3.51485,3.59337,0,0.737966,6.048,4.25838e+06,2.91414e+06,1.49676e+07,0,0,0,0,99.3022,98.274,9.33735,1,1,2.07605,2.12243,0,1.27674,2.1168,8.84977e+06,3.89515e+06,1.83726e+07,0,0,0,0
73.3009,85.139,8.51034,0,0.02,3.13815,3.13815,0,0.658683,6.048,4.25838e+06,2.70226e+06,1.33634e+07,0,0,0,0,99.3022,98.274,9.25513,0,1,1.82292,1.82292,0,1.60396,2.1168,8.84977e+06,3.61194e+06,1.61324e+07,0,0,0,0
76.3453,85.139,6.56115,0.02,0.02,3.13841,3.13841,0,0.58809,6.048,4.25838e+06,2.70226e+06,1.33645e+07,0,0,0,0,99.3022,98.274,5.14419,0,1,1.82307,1.82307,0,1.40839,2.1168,8.84977e+06,3.61194e+06,1.61337e+07,0,0,0,0
78.2447,85.139,5.41054,0,0.02,3.13868,3.13868,0,0.588139,6.048,4.25838e+06,2.70226e+06,1.33657e+07,0,0,0,0,99.3022,98.274,4.58006,0,1,1.82322,1.82322,0,1.4085,2.1168,8.84977e+06,3.61194e+06,1.61351e+07,0,0,0,0
82.9221,85.139,8.406,0,0.02,3.13894,3.13894,0,0.588188,6.048,4.25838e+06,2.70226e+06,1.33668e+07,0,0,0,0,99.3022,98.274,7.00507,0,1,1.82337,1.82337,0,1.40862,2.1168,8.84977e+06,3.61194e+06,1.61365e+07,0,0,0,0
85.139,85.139,8.43212,0,0.02,3.1392,3.1392,0,0.588237,6.048,4.25838e+06,2.70226e+06,1.33679e+07,0,0,0,0,99.3022,98.274,6.81657,0,1,1.82353,1.82353,0,1.40874,2.1168,8.84977e+06,3.61194e+06,1.61378e+07,0,0,0,0
85.139,85.139,9.09214,0,0.02,3.25417,3.25417,0,0.588287,6.048,4.25838e+06,2.70226e+06,1.38575e+07,0,0,0,0,99.3022,98.274,6.31764,0,1,1.89703,1.89703,0,1.40886,2.1168,8.84977e+06,3.61194e+06,1.67883e+07,0,0,0,0
85.139,85.139,6.64871,0.19,0.02,3.25445,3.25445,0,0.609832,6.048,4.25838e+06,2.70226e+06,1.38587e+07,0,0,0,0,99.3022,98.274,6.51565,0,1,1.89719,1.89719,0,1.46564,2.1168,8.84977e+06,3.61194e+06,1.67897e+07,0,0,0,0
85.139,85.139,5.49212,0.31,0.02,3.25472,3.25472,0,0.609883,6.048,4.25838e+06,2.70226e+06,1.38598e+07,0,0,0,0,99.3022,98.274,6.59237,0,1,1.89734,1.89734,0,1.46577,2.1168,8.84977e+06,3.61194e+06,1.67911e+07,0,0,0,0
85.139,85.139,5.00322,0.34,0.02,3.25499,3.25499,0,0.609935,6.048,4.25838e+06,2.70226e+06,1.3861e+07,0,0,0,0,99.3022,98.274,6.48302,0,1,1.8975,1.8975,0,1.46589,2.1168,8.84977e+06,3.61194e+06,1.67925e+07,0,0,0,0
85.139,85.139,4.01687,0.34,0.02,3.2104,3.2104,0,0.609986,6.048,4.25838e+06,2.70226e+06,1.36711e+07,0,0,0,0,99.3022,98.274,3.65784,0,1,1.86917,1.86917,0,1.46601,2.1168,8.84977e+06,3.61194e+06,1.65417e+07,0,0,0,0
85.139,85.139,3.62791,0.3,0.02,3.21067,3.21067,0,0.601629,6.048,4.25838e+06,2.70226e+06,1.36722e+07,0,0,0,0,99.3022,98.274,3.21223,0,1,1.86932,1.86932,0,1.44412,2.1168,8.84977e+06,3.61194e+06,1.65431e+07,0,0,0,0
85.139,85.139,4.23836,0.3,0.02,3.21094,3.21094,0,0.601679,6.048,4.25838e+06,2.70226e+06,1.36734e+07,0,0,0,0,99.3022,98.274,3.27246,0,1,1.86948,1.86948,0,1.44424,2.1168,8.84977e+06,3.61194e+06,1.65445e+07,0,0,0,0
85.1268,85.139,3.38678,0.3,0.02,3.21121,3.21121,0,0.60173,6.048,4.25838e+06,2.70226e+06,1.36745e+07,0,0,0,0,99.3022,98.274,3.12299,0,1,1.86963,1.86963,0,1.44436,2.1168,8.84977e+06,3.61194e+06,1.65458e+07,0,0,0,0
84.9631,85.139,3.27448,0.36,0.02,3.29031,3.36382,0,0.60178,6.048,4.25838e+06,2.91414e+06,1.40114e+07,0,0,0,0,99.3022,98.274,2.70843,1,1,1.92782,1.97088,0,1.44448,2.1168,8.84977e+06,3.89515e+06,1.70607e+07,0,0,0,0
84.5812,85.139,3.02694,0.34,0.02,3.29059,3.3641,0,0.616605,6.048,4.25838e+06,2.91414e+06,1.40126e+07,0,0,0,0,99.3022,98.274,2.6358,1,1,1.92798,1.97105,0,1.48943,2.1168,8.84977e+06,3.89515e+06,1.70622e+07,0,0,0,0
84.1664,85.139,2.98816,0.33,0.02,3.29086,3.36438,0,0.616656,6.048,4.25838e+06,2.91414e+06,1.40137e+07,0,0,0,0,99.3022,98.274,2.70052,1,1,1.92814,1.97121,0,1.48956,2.1168,8.84977e+06,3.89515e+06,1.70636e+07,0,0,0,0
83.573,85.139,2.79923,0.28,0.02,3.29114,3.36466,0,0.616708,6.048,4.25838e+06,2.91414e+06,1.40149e+07,0,0,0,0,99.3022,98.274,2.56058,1,1,1.9283,1.97138,0,1.48968,2.1168,8.84977e+06,3.89515e+06,1.7065e+07,0,0,0,0
82.5499,85.139,2.34227,0.24,0.02,3.29142,3.36494,0,0.61676,6.048,4.25838e+06,2.91414e+06,1.40161e+07,0,0,0,0,99.3022,98.274,2.60136,1,1,1.92846,1.97154,0,1.4898,2.1168,8.84977e+06,3.89515e+06,1.70664e+07,0,0,0,0
81.1348,85.139,1.8962,0.23,0.02,3.26221,3.33509,0,0.616811,6.048,4.25838e+06,2.91414e+06,1.38917e+07,0,0,0,0,99.3022,98.274,2.8385,1,1,1.98299,2.02729,0,1.48993,2.1168,8.84977e+06,3.89515e+06,1.7549e+07,0,0,0,0
79.6077,85.139,1.77322,0.21,0.02,3.26248,3.33536,0,0.611338,6.048,4.25838e+06,2.91414e+06,1.38929e+07,0,0,0,0,99.3022,98.274,2.74194,1,1,1.98316,2.02746,0,1.53206,2.1168,8.84977e+06,3.89515e+06,1.75505e+07,0,0,0,0
77.9336,85.139,1.61371,0.11,0.02,3.26276,3.33564,0,0.611389,6.048,4.25838e+06,2.91414e+06,1.3894e+07,0,0,0,0,99.3022,98.274,2.60899,1,1,1.98332,2.02763,0,1.53219,2.1168,8.84977e+06,3.89515e+06,1.7552e+07,0,0,0,0
76.1404,85.139,1.46643,0.25,0.02,3.26303,3.33592,0,0.61144,6.048,4.25838e+06,2.91414e+06,1.38952e+07,0,0,0,0,99.1556,98.274,2.41324,1,1,1.98349,2.0278,0,1.53232,2.1168,8.84977e+06,3.89515e+06,1.75534e+07,0,0,0,0
74.2436,85.139,1.4026,0.13,0.02,3.33946,3.41406,0,0.611492,6.048,4.25838e+06,2.91414e+06,1.42207e+07,0,0,0,0,98.9561,98.274,2.08864,1,1,2.03213,2.07753,0,1.53245,2.1168,8.84977e+06,3.89515e+06,1.79839e+07,0,0,0,0
72.2714,85.139,1.29883,0.13,0.02,3.33974,3.41435,0,0.625815,6.048,4.25838e+06,2.91414e+06,1.42219e+07,0,0,0,0,98.5085,98.274,2.08725,1,1,2.0323,2.0777,0,1.57002,2.1168,8.84977e+06,3.89515e+06,1.79854e+07,0,0,0,0
70.2234,85.139,1.20332,0.14,0.02,3.34002,3.41463,0,0.625867,6.048,4.25838e+06,2.91414e+06,1.42231e+07,0,0,0,0,98.1961,98.274,1.86281,1,1,2.03247,2.07787,0,1.57015,2.1168,8.84977e+06,3.89515e+06,1.79869e+07,0,0,0,0
68.2235,85.139,1.22515,0.13,0.02,3.3403,3.41492,0,0.62592,6.048,4.25838e+06,2.91414e+06,1.42243e+07,0,0,0,0,97.9084,98.274,2.11683,1,1,2.03264,2.07805,0,1.57029,2.1168,8.84977e+06,3.89515e+06,1.79884e+07,0,0,0,0
65.6644,85.139,1.18351,0,0.02,3.98704,3.64329,0,0.625972,6.048,4.25838e+06,2.91414e+06,1.69783e+07,0,0,0,0,97.6436,98.274,2.14897,1,1,1.78447,2.25715,0,1.57042,2.1168,8.84977e+06,3.89515e+06,1.57921e+07,0,0,0,0
63.2743,85.139,0.987694,0.13,0.02,3.56398,3.6436,0,0.747172,6.048,4.25838e+06,2.91414e+06,1.51768e+07,0,0,0,0,97.231,98.274,1.84642,1,1,2.1168,2.25734,0.0912101,1.37868,2.1168,8.84977e+06,3.89515e+06,1.87332e+07,0,0,0,0
60.6665,85.139,1.09394,0,0.02,3.98764,3.6439,0,0.66789,6.048,4.25838e+06,2.91414e+06,1.69809e+07,0,0,0,0,96.8806,98.274,2.26312,1,1,1.78483,2.25752,0,1.63544,2.1168,8.84977e+06,3.89515e+06,1.57954e+07,0,0,0,0
57.894,85.139,0.890675,0,0.02,3.98794,3.64421,0,0.747284,6.048,4.25838e+06,2.91414e+06,1.69821e+07,0,0,0,0,96.7128,98.274,1.61182,1,1,1.78502,2.25771,0,1.37896,2.1168,8.84977e+06,3.89515e+06,1.5797e+07,0,0,0,0
55.5192,85.139,1.24571,0,0.02,3.98824,3.64451,0,0.747339,6.048,4.25838e+06,2.91414e+06,1.69834e+07,0,0,0,0,96.8294,98.274,2.90283,1,1,1.7852,2.2579,0,1.37911,2.1168,8.84977e+06,3.89515e+06,1.57987e+07,0,0,0,0
53.2547,85.139,1.24038,0,0.02,3.87976,3.53361,0,0.747395,6.048,4.25838e+06,2.91414e+06,1.65215e+07,0,0,0,0,97.0889,98.274,3.04424,1,1,1.67912,2.14945,0,1.37925,2.1168,8.84977e+06,3.89515e+06,1.48598e+07,0,0,0,0
50.8856,85.139,1.09651,0,0.02,3.88005,3.53391,0,0.727066,6.048,4.25838e+06,2.91414e+06,1.65227e+07,0,0,0,0,96.8152,98.274,2.11361,1,1,1.67929,2.14963,0,1.29729,2.1168,8.84977e+06,3.89515e+06,1.48614e+07,0,0,0,0
48.371,85.139,0.899392,0,0.02,3.88033,3.5342,0,0.727121,6.048,4.25838e+06,2.91414e+06,1.65239e+07,0,0,0,0,96.6681,98.274,1.69272,1,1,1.67947,2.1498,0,1.29742,2.1168,8.84977e+06,3.89515e+06,1.48629e+07,0,0,0,0
46.3992,85.139,1.47114,0,0.02,3.88062,3.5345,0,0.727175,6.048,4.25838e+06,2.91414e+06,1.65252e+07,0,0,0,0,96.6852,98.274,2.27683,1,1,1.67964,2.14998,0,1.29756,2.1168,8.84977e+06,3.89515e+06,1.48645e+07,0,0,0,0
44.6359,85.139,1.61818,0,0.02,3.7916,3.44348,0,0.727229,6.048,4.25838e+06,2.91414e+06,1.6146e+07,0,0,0,0,96.4185,98.274,1.88455,1,1,1.58305,2.05124,0,1.29769,2.1168,8.84977e+06,3.89515e+06,1.40097e+07,0,0,0,0
42.5853,85.139,1.25219,0,0.02,3.79188,3.44377,0,0.710545,6.048,4.25838e+06,2.91414e+06,1.61472e+07,0,0,0,0,96.2802,98.274,1.5522,1,1,1.58322,2.05141,0,1.22307,2.1168,8.84977e+06,3.89515e+06,1.40112e+07,0,0,0,0
41.6275,85.139,2.34711,0,0.02,3.79216,3.44406,0,0.710598,6.048,4.25838e+06,2.91414e+06,1.61484e+07,0,0,0,0,96.6745,98.274,4.49117,1,1,1.58339,2.05158,0,1.2232,2.1168,8.84977e+06,3.89515e+06,1.40126e+07,0,0,0,0
42.5526,85.139,4.31868,0,0.02,3.79244,3.44435,0,0.710651,6.048,4.25838e+06,2.91414e+06,1.61496e+07,0,0,0,0,97.8624,98.274,5.34567,1,1,1.58356,2.05175,0,1.22333,2.1168,8.84977e+06,3.89515e+06,1.40141e+07,0,0,0,0
41.8869,85.139,2.23775,0,0.02,3.18521,3.18521,0,0.710704,6.048,4.25838e+06,2.70226e+06,1.35638e+07,0,0,0,0,97.871,98.274,3.19671,0,1,1.84581,1.84581,0,1.22346,2.1168,8.84977e+06,3.61194e+06,1.6335e+07,0,0,0,0
41.3502,85.139,2.32042,0,0.02,3.18548,3.18548,0,0.596909,6.048,4.25838e+06,2.70226e+06,1.3565e+07,0,0,0,0,97.7172,98.274,3.67851,0,1,1.84597,1.84597,0,1.42608,2.1168,8.84977e+06,3.61194e+06,1.63364e+07,0,0,0,0
41.3958,85.139,2.91783,0,0.02,3.18575,3.18575,0,0.596959,6.048,4.25838e+06,2.70226e+06,1.35661e+07,0,0,0,0,97.512,98.274,2.91084,0,1,1.84612,1.84612,0,1.4262,2.1168,8.84977e+06,3.61194e+06,1.63378e+07,0,0,0,0
42.1141,85.139,3.62018,0,0.02,3.18601,3.18601,0,0.597009,6.048,4.25838e+06,2.70226e+06,1.35672e+07,0,0,0,0,97.7148,98.274,2.9582,0,1,1.84628,1.84628,0,1.42631,2.1168,8.84977e+06,3.61194e+06,1.63391e+07,0,0,0,0
42.9076,85.139,3.73153,0,0.02,3.18628,3.18628,0,0.597059,6.048,4.25838e+06,2.70226e+06,1.35684e+07,0,0,0,0,98.6488,98.274,5.11601,0,1,1.84643,1.84643,0,1.42643,2.1168,8.84977e+06,3.61194e+06,1.63405e+07,0,0,0,0
47.0011,85.139,7.47472,0,0.02,3.63791,3.28636,0,0.597109,6.048,4.25838e+06,2.91414e+06,1.54916e+07,0,0,0,0,99.3022,98.274,5.87831,1,1,1.44127,1.90629,0,1.42655,2.1168,8.84977e+06,3.89515e+06,1.27549e+07,0,0,0,0
54.0232,85.139,10.7253,0,0.02,3.63815,3.28661,0,0.681744,6.048,4.25838e+06,2.91414e+06,1.54926e+07,0,0,0,0,99.3022,98.274,7.43793,1,1,1.44141,1.90643,0,1.11353,2.1168,8.84977e+06,3.89515e+06,1.27562e+07,0,0,0,0
62.8596,85.139,12.7531,0,0.02,3.6384,3.28686,0,0.68179,6.048,4.25838e+06,2.91414e+06,1.54937e+07,0,0,0,0,99.3022,98.274,11.8191,1,1,1.44156,1.90658,0,1.11364,2.1168,8.84977e+06,3.89515e+06,1.27574e+07,0,0,0,0
71.3791,85.139,13.0821,0,0.02,3.63864,3.28711,0,0.681836,6.048,4.25838e+06,2.91414e+06,1.54947e+07,0,0,0,0,99.3022,98.274,14.4799,1,1,1.4417,1.90672,0,1.11375,2.1168,8.84977e+06,3.89515e+06,1.27587e+07,0,0,0,0
78.2215,85.139,11.4257,0,0.02,3.95252,3.608,0,0.681882,6.048,4.25838e+06,2.91414e+06,1.68313e+07,0,0,0,0,99.3022,98.274,12.5779,1,1,1.66115,2.13107,0,1.11386,2.1168,8.84977e+06,3.89515e+06,1.47008e+07,0,0,0,0
83.3753,85.139,9.80276,0,0.02,3.95279,3.60828,0,0.740703,6.048,4.25838e+06,2.91414e+06,1.68325e+07,0,0,0,0,99.3022,98.274,11.1873,1,1,1.6613,2.13124,0,1.2834,2.1168,8.84977e+06,3.89515e+06,1.47022e+07,0,0,0,0
84.9791,85.139,5.98741,0,0.02,3.95306,3.60855,0,0.740753,6.048,4.25838e+06,2.91414e+06,1.68336e+07,0,0,0,0,99.3022,98.274,7.89221,1,1,1.66146,2.1314,0,1.28352,2.1168,8.84977e+06,3.89515e+06,1.47036e+07,0,0,0,0
85.139,85.139,5.03901,0,0.02,3.95333,3.60882,0,0.740803,6.048,4.25838e+06,2.91414e+06,1.68347e+07,0,0,0,0,99.3022,98.274,7.64957,1,1,1.66162,2.13156,0,1.28365,2.1168,8.84977e+06,3.89515e+06,1.4705e+07,0,0,0,0
85.139,85.139,5.71523,0,0.02,3.15162,3.15162,0,0.740853,6.048,4.25838e+06,2.70226e+06,1.34208e+07,0,0,0,0,99.3022,98.274,5.53151,0,1,1.83074,1.83074,0,1.28377,2.1168,8.84977e+06,3.61194e+06,1.62016e+07,0,0,0,0
85.139,85.139,12.0824,0,0.02,3.15186,3.15186,0,0.590614,6.048,4.25838e+06,2.70226e+06,1.34218e+07,0,0,0,0,99.3022,98.274,11.3848,0,1,1.83088,1.83088,0,1.41443,2.1168,8.84977e+06,3.61194e+06,1.62029e+07,0,0,0,0
85.139,85.139,11.1215,0,0.02,3.1521,3.1521,0,0.590659,6.048,4.25838e+06,2.70226e+06,1.34228e+07,0,0,0,0,99.3022,98.274,10.8503,0,1,1.83102,1.83102,0,1.41454,2.1168,8.84977e+06,3.61194e+06,1.62041e+07,0,0,0,0
85.139,85.139,10.5707,0.19,0.02,3.15234,3.15234,0,0.590704,6.048,4.25838e+06,2.70226e+06,1.34238e+07,0,0,0,0,99.3022,98.274,9.06511,0,1,1.83116,1.83116,0,1.41465,2.1168,8.84977e+06,3.61194e+06,1.62053e+07,0,0,0,0
85.139,85.139,8.74275,0.35,0.02,3.15258,3.15258,0,0.590748,6.048,4.25838e+06,2.70226e+06,1.34249e+07,0,0,0,0,99.3022,98.274,7.0039,0,1,1.8313,1.8313,0,1.41475,2.1168,8.84977e+06,3.61194e+06,1.62066e+07,0,0,0,0
85.139,85.139,10.6238,0.4,0.02,2.91096,3.26802,0,0.590793,6.048,4.25838e+06,3.49697e+06,1.2396e+07,0,0,0,0,99.3022,98.274,10.1968,0,1,1.69695,1.9051,0,1.41486,2.1168,8.84977e+06,4.67418e+06,1.50176e+07,0,0,0,0
85.139,85.139,8.48641,0.38,0.02,3.19685,3.26826,0,0.545514,6.048,4.25838e+06,2.91414e+06,1.36134e+07,0,0,0,0,99.3022,98.274,8.70107,1,1,1.86361,1.90524,0,1.31106,2.1168,8.84977e+06,3.89515e+06,1.64925e+07,0,0,0,0
85.139,85.139,6.68194,0.36,0.02,3.19709,3.26851,0,0.599089,6.048,4.25838e+06,2.91414e+06,1.36144e+07,0,0,0,0,99.3022,98.274,6.5,1,1,1.86375,1.90538,0,1.43982,2.1168,8.84977e+06,3.89515e+06,1.64938e+07,0,0,0,0
85.139,85.139,6.03475,0.37,0.02,3.19733,3.26876,0,0.599135,6.048,4.25838e+06,2.91414e+06,1.36155e+07,0,0,0,0,99.3022,98.274,6.86214,1,1,1.86389,1.90553,0,1.43993,2.1168,8.84977e+06,3.89515e+06,1.6495e+07,0,0,0,0
85.139,85.139,5.61783,0.36,0.02,3.22395,3.22395,0,0.59918,6.048,4.25838e+06,2.70226e+06,1.37288e+07,0,0,0,0,99.3022,98.274,4.96719,0,1,1.87706,1.87706,0,1.44004,2.1168,8.84977e+06,3.61194e+06,1.66115e+07,0,0,0,0
85.139,85.139,5.2629,0.32,0.02,3.2242,3.2242,0,0.604169,6.048,4.25838e+06,2.70226e+06,1.37299e+07,0,0,0,0,99.3022,98.274,4.6669,0,1,1.8772,1.8772,0,1.45021,2.1168,8.84977e+06,3.61194e+06,1.66128e+07,0,0,0,0
85.139,85.139,4.83701,0.3,0.02,3.22444,3.22444,0,0.604215,6.048,4.25838e+06,2.70226e+06,1.37309e+07,0,0,0,0,99.3022,98.274,4.65724,0,1,1.87734,1.87734,0,1.45032,2.1168,8.84977e+06,3.61194e+06,1.66141e+07,0,0,0,0
85.139,85.139,4.67232,0.29,0.02,3.22469,3.22469,0,0.604261,6.048,4.25838e+06,2.70226e+06,1.37319e+07,0,0,0,0,99.3022,98.274,5.75945,0,1,1.87749,1.87749,0,1.45043,2.1168,8.84977e+06,3.61194e+06,1.66153e+07,0,0,0,0
85.139,85.139,4.63138,0.28,0.02,3.3041,3.37791,0,0.604307,6.048,4.25838e+06,2.91414e+06,1.40701e+07,0,0,0,0,99.3022,98.274,4.68964,1,1,1.9359,1.97914,0,1.45054,2.1168,8.84977e+06,3.89515e+06,1.71322e+07,0,0,0,0
85.139,85.139,4.31332,0.27,0.02,3.30435,3.37817,0,0.619189,6.048,4.25838e+06,2.91414e+06,1.40712e+07,0,0,0,0,99.3022,98.274,4.6386,1,1,1.93604,1.97929,0,1.49567,2.1168,8.84977e+06,3.89515e+06,1.71335e+07,0,0,0,0
85.139,85.139,3.91369,0.23,0.02,3.3046,3.37843,0,0.619236,6.048,4.25838e+06,2.91414e+06,1.40723e+07,0,0,0,0,99.3022,98.274,4.13955,1,1,1.93619,1.97944,0,1.49579,2.1168,8.84977e+06,3.89515e+06,1.71348e+07,0,0,0,0
85.139,85.139,3.67424,0.21,0.02,3.30486,3.37868,0,0.619283,6.048,4.25838e+06,2.91414e+06,1.40733e+07,0,0,0,0,99.3022,98.274,3.86874,1,1,1.93634,1.97959,0,1.4959,2.1168,8.84977e+06,3.89515e+06,1.71361e+07,0,0,0,0
85.139,85.139,3.8361,0.18,0.02,3.30511,3.37894,0,0.61933,6.048,4.25838e+06,2.91414e+06,1.40744e+07,0,0,0,0,99.3022,98.274,4.08069,1,1,1.93648,1.97974,0,1.49601,2.1168,8.84977e+06,3.89515e+06,1.71374e+07,0,0,0,0
85.139,85.139,4.58853,0.17,0.02,3.27575,3.34893,0,0.619377,6.048,4.25838e+06,2.91414e+06,1.39494e+07,0,0,0,0,99.3022,98.274,5.16627,1,1,1.99123,2.03571,0,1.49613,2.1168,8.84977e+06,3.89515e+06,1.76219e+07,0,0,0,0
85.139,85.139,4.3531,0.16,0.02,3.276,3.34919,0,0.613876,6.048,4.25838e+06,2.91414e+06,1.39505e+07,0,0,0,0,99.3022,98.274,4.86543,1,1,1.99138,2.03586,0,1.53842,2.1168,8.84977e+06,3.89515e+06,1.76232e+07,0,0,0,0
85.139,85.139,4.14439,0.16,0.02,3.27625,3.34944,0,0.613923,6.048,4.25838e+06,2.91414e+06,1.39515e+07,0,0,0,0,99.3022,98.274,4.7475,1,1,1.99153,2.03602,0,1.53854,2.1168,8.84977e+06,3.89515e+06,1.76246e+07,0,0,0,0
85.139,85.139,3.89583,0.15,0.02,3.2765,3.3497,0,0.613969,6.048,4.25838e+06,2.91414e+06,1.39526e+07,0,0,0,0,99.3022,98.274,4.77246,1,1,1.99168,2.03617,0,1.53865,2.1168,8.84977e+06,3.89515e+06,1.76259e+07,0,0,0,0
85.139,85.139,3.95873,0.15,0.02,3.35322,3.42813,0,0.614016,6.048,4.25838e+06,2.91414e+06,1.42793e+07,0,0,0,0,99.3022,98.274,4.81418,1,1,2.0405,2.08609,0,1.53877,2.1168,8.84977e+06,3.89515e+06,1.8058e+07,0,0,0,0
85.139,85.139,3.70558,0.14,0.02,3.35348,3.42839,0,0.628394,6.048,4.25838e+06,2.91414e+06,1.42804e+07,0,0,0,0,99.3022,98.274,4.68616,1,1,2.04066,2.08624,0,1.57649,2.1168,8.84977e+06,3.89515e+06,1.80594e+07,0,0,0,0
85.0549,85.139,3.37455,0.13,0.02,3.35373,3.42865,0,0.628441,6.048,4.25838e+06,2.91414e+06,1.42814e+07,0,0,0,0,99.3022,98.274,4.11618,1,1,2.04081,2.0864,0,1.57661,2.1168,8.84977e+06,3.89515e+06,1.80607e+07,0,0,0,0
85.139,85.139,3.65985,0.18,0.02,3.35399,3.42891,0,0.628489,6.048,4.25838e+06,2.91414e+06,1.42825e+07,0,0,0,0,99.3022,98.274,5.15869,1,1,2.04097,2.08656,0,1.57673,2.1168,8.84977e+06,3.89515e+06,1.80621e+07,0,0,0,0
85.139,85.139,3.66594,0.14,0.02,3.57826,3.65819,0,0.628537,6.048,4.25838e+06,2.91414e+06,1.52376e+07,0,0,0,0,99.3022,98.274,5.10636,1,1,2.1168,2.26638,0.100054,1.57685,2.1168,8.84977e+06,3.89515e+06,1.87332e+07,0,0,0,0
85.139,85.139,3.73157,0.14,0.02,3.57853,3.65847,0,0.670565,6.048,4.25838e+06,2.91414e+06,1.52387e+07,0,0,0,0,99.3022,98.274,5.26046,1,1,2.1168,2.26655,0.100223,1.63544,2.1168,8.84977e+06,3.89515e+06,1.87332e+07,0,0,0,0
84.8188,85.139,3.33542,0.16,0.02,3.5788,3.65875,0,0.670616,6.048,4.25838e+06,2.91414e+06,1.52399e+07,0,0,0,0,99.3022,98.274,5.04489,1,1,2.1168,2.26672,0.100391,1.63544,2.1168,8.84977e+06,3.89515e+06,1.87332e+07,0,0,0,0
84.5675,85.139,3.37603,0.16,0.02,3.57907,3.65903,0,0.670667,6.048,4.25838e+06,2.91414e+06,1.5241e+07,0,0,0,0,99.3022,98.274,5.46894,1,1,2.1168,2.26689,0.100559,1.63544,2.1168,8.84977e+06,3.89515e+06,1.87332e+07,0,0,0,0
84.3999,85.139,3.46485,0.16,0.02,3.57934,3.6593,0,0.670718,6.048,4.25838e+06,2.91414e+06,1.52422e+07,0,0,0,0,99.3022,98.274,6.2669,1,1,2.1168,2.26707,0.100728,1.63544,2.1168,8.84977e+06,3.89515e+06,1.87332e+07,0,0,0,0
84.5422,85.139,3.68973,0.16,0.02,3.4704,3.54792,0,0.670769,6.048,4.25838e+06,2.91414e+06,1.47783e+07,0,0,0,0,99.3022,98.274,6.83044,1,1,2.11099,2.15815,0,1.63544,2.1168,8.84977e+06,3.89515e+06,1.86818e+07,0,0,0,0
85.139,85.139,4.43374,0.16,0.02,3.47066,3.54819,0,0.650352,6.048,4.25838e+06,2.91414e+06,1.47794e+07,0,0,0,0,99.3022,98.274,7.89591,1,1,2.11115,2.15832,0,1.63095,2.1168,8.84977e+06,3.89515e+06,1.86832e+07,0,0,0,0
85.139,85.139,4.32302,0.14,0.02,3.47092,3.54846,0,0.650402,6.048,4.25838e+06,2.91414e+06,1.47805e+07,0,0,0,0,99.3022,98.274,6.92269,1,1,2.11131,2.15848,0,1.63108,2.1168,8.84977e+06,3.89515e+06,1.86846e+07,0,0,0,0
85.139,85.139,3.7762,0.13,0.02,3.47119,3.54873,0,0.650451,6.048,4.25838e+06,2.91414e+06,1.47816e+07,0,0,0,0,99.3022,98.274,6.8583,1,1,2.11147,2.15864,0,1.6312,2.1168,8.84977e+06,3.89515e+06,1.86861e+07,0,0,0,0
83.9454,85.139,2.37038,0.13,0.02,3.38177,3.45732,0,0.6505,6.048,4.25838e+06,2.91414e+06,1.44009e+07,0,0,0,0,99.3022,98.274,4.3515,1,1,2.01448,2.05948,0,1.63132,2.1168,8.84977e+06,3.89515e+06,1.78277e+07,0,0,0,0
83.0936,85.139,2.68372,0.15,0.02,3.38203,3.45758,0,0.633745,6.048,4.25838e+06,2.91414e+06,1.4402e+07,0,0,0,0,99.3022,98.274,5.55774,1,1,2.01463,2.05964,0,1.55639,2.1168,8.84977e+06,3.89515e+06,1.7829e+07,0,0,0,0
81.3456,85.139,1.73151,0.16,0.02,3.38229,3.45785,0,0.633793,6.048,4.25838e+06,2.91414e+06,1.44031e+07,0,0,0,0,99.3022,98.274,4.69751,1,1,2.01478,2.05979,0,1.5565,2.1168,8.84977e+06,3.89515e+06,1.78304e+07,0,0,0,0
81.0904,85.139,3.45164,0.16,0.02,3.38254,3.45811,0,0.633841,6.048,4.25838e+06,2.91414e+06,1.44041e+07,0,0,0,0,99.3022,98.274,5.24395,1,1,2.01494,2.05995,0,1.55662,2.1168,8.84977e+06,3.89515e+06,1.78317e+07,0,0,0,0
82.8572,85.139,5.44634,0.17,0.02,3.19792,3.19792,0,0.633889,6.048,4.25838e+06,2.70226e+06,1.36179e+07,0,0,0,0,99.3022,98.274,6.17234,0,1,1.85318,1.85318,0,1.55674,2.1168,8.84977e+06,3.61194e+06,1.64002e+07,0,0,0,0
82.9178,85.139,3.69926,0.17,0.02,3.19816,3.19816,0,0.59929,6.048,4.25838e+06,2.70226e+06,1.3619e+07,0,0,0,0,99.3022,98.274,6.61197,0,1,1.85332,1.85332,0,1.43176,2.1168,8.84977e+06,3.61194e+06,1.64014e+07,0,0,0,0
85.139,85.139,6.71752,0.19,0.02,3.1984,3.1984,0,0.599335,6.048,4.25838e+06,2.70226e+06,1.362e+07,0,0,0,0,99.3022,98.274,14.1456,0,1,1.85346,1.85346,0,1.43187,2.1168,8.84977e+06,3.61194e+06,1.64027e+07,0,0,0,0
85.139,85.139,4.10471,0.17,0.02,3.19865,3.19865,0,0.599381,6.048,4.25838e+06,2.70226e+06,1.3621e+07,0,0,0,0,99.3022,98.274,7.12013,0,1,1.8536,1.8536,0,1.43198,2.1168,8.84977e+06,3.61194e+06,1.64039e+07,0,0,0,0
85.139,85.139,4.20105,0.19,0.02,3.19889,3.19889,0,0.599426,6.048,4.25838e+06,2.70226e+06,1.36221e+07,0,0,0,0,99.3022,98.274,7.29378,0,1,1.85374,1.85374,0,1.43209,2.1168,8.84977e+06,3.61194e+06,1.64052e+07,0,0,0,0
84.6492,85.139,3.22891,0.18,0.02,3.22724,3.29934,0,0.599472,6.048,4.25838e+06,2.91414e+06,1.37428e+07,0,0,0,0,99.3022,98.274,4.13144,1,1,1.872,1.91382,0,1.4322,2.1168,8.84977e+06,3.89515e+06,1.65667e+07,0,0,0,0
85.139,85.139,11.3975,0.23,0.02,3.22746,3.29956,0,0.604786,6.048,4.25838e+06,2.91414e+06,1.37438e+07,0,0,0,0,99.3022,98.274,13.4884,1,1,1.87212,1.91395,0,1.4463,2.1168,8.84977e+06,3.89515e+06,1.65679e+07,0,0,0,0
85.139,85.139,13.1795,0.2,0.02,3.22769,3.29979,0,0.604827,6.048,4.25838e+06,2.91414e+06,1.37447e+07,0,0,0,0,99.3022,98.274,21.1329,1,1,1.87225,1.91408,0,1.4464,2.1168,8.84977e+06,3.89515e+06,1.6569e+07,0,0,0,0
85.139,85.139,6.94813,0.22,0.02,3.22791,3.30002,0,0.604868,6.048,4.25838e+06,2.91414e+06,1.37456e+07,0,0,0,0,99.3022,98.274,11.6649,1,1,1.87238,1.91421,0,1.4465,2.1168,8.84977e+06,3.89515e+06,1.65701e+07,0,0,0,0
85.139,85.139,7.79653,0.21,0.02,3.54299,3.62214,0,0.60491,6.048,4.25838e+06,2.91414e+06,1.50874e+07,0,0,0,0,99.3022,98.274,9.47282,1,1,2.09267,2.13942,0,1.4466,2.1168,8.84977e+06,3.89515e+06,1.85197e+07,0,0,0,0
85.139,85.139,15.4575,0.22,0.02,3.54323,3.62239,0,0.663956,6.048,4.25838e+06,2.91414e+06,1.50884e+07,0,0,0,0,99.3022,98.274,16.3607,1,1,2.09282,2.13957,0,1.6168,2.1168,8.84977e+06,3.89515e+06,1.8521e+07,0,0,0,0
85.139,85.139,6.90714,0.24,0.02,3.54347,3.62263,0,0.664002,6.048,4.25838e+06,2.91414e+06,1.50894e+07,0,0,0,0,99.3022,98.274,8.1228,1,1,2.09296,2.13972,0,1.61691,2.1168,8.84977e+06,3.89515e+06,1.85222e+07,0,0,0,0
85.139,85.139,5.02154,0.26,0.02,3.54372,3.62288,0,0.664047,6.048,4.25838e+06,2.91414e+06,1.50905e+07,0,0,0,0,99.3022,98.274,6.97071,1,1,2.0931,2.13986,0,1.61702,2.1168,8.84977e+06,3.89515e+06,1.85235e+07,0,0,0,0
85.139,85.139,5.02202,0.27,0.02,3.16387,3.16387,0,0.664092,6.048,4.25838e+06,2.70226e+06,1.3473e+07,0,0,0,0,99.3022,98.274,7.58687,0,1,1.83786,1.83786,0,1.61713,2.1168,8.84977e+06,3.61194e+06,1.62646e+07,0,0,0,0
85.139,85.139,4.62915,0.29,0.02,3.16409,3.16409,0,0.59291,6.048,4.25838e+06,2.70226e+06,1.34739e+07,0,0,0,0,99.3022,98.274,6.50838,0,1,1.83798,1.83798,0,1.41993,2.1168,8.84977e+06,3.61194e+06,1.62657e+07,0,0,0,0
85.139,85.139,3.91166,0.31,0.02,3.16431,3.16431,0,0.59295,6.048,4.25838e+06,2.70226e+06,1.34748e+07,0,0,0,0,99.3022,98.274,5.39905,0,1,1.83811,1.83811,0,1.42003,2.1168,8.84977e+06,3.61194e+06,1.62668e+07,0,0,0,0
85.139,85.139,4.01856,0.34,0.02,3.16452,3.16452,0,0.592991,6.048,4.25838e+06,2.70226e+06,1.34757e+07,0,0,0,0,99.3022,98.274,5.97757,0,1,1.83823,1.83823,0,1.42012,2.1168,8.84977e+06,3.61194e+06,1.6268e+07,0,0,0,0
85.139,85.139,4.03265,0.36,0.02,3.16474,3.16474,0,0.593031,6.048,4.25838e+06,2.70226e+06,1.34766e+07,0,0,0,0,99.3022,98.274,5.32726,0,1,1.83836,1.83836,0,1.42022,2.1168,8.84977e+06,3.61194e+06,1.62691e+07,0,0,0,0
85.139,85.139,4.41123,0.39,0.02,3.20891,3.28059,0,0.593072,6.048,4.25838e+06,2.91414e+06,1.36647e+07,0,0,0,0,99.3022,98.274,4.50712,1,1,1.87064,1.91243,0,1.42032,2.1168,8.84977e+06,3.89515e+06,1.65547e+07,0,0,0,0
85.139,85.139,4.25261,0.4,0.02,2.92237,3.28082,0,0.601349,6.048,4.25838e+06,2.91414e+06,1.24445e+07,0,0,0,0,99.3022,98.274,4.24908,1,1,1.7036,1.91256,0,1.44526,2.1168,8.84977e+06,3.89515e+06,1.50765e+07,0,0,0,0
85.139,85.139,3.66329,0.4,0.02,2.92257,3.28104,0,0.547651,6.048,4.25838e+06,2.91414e+06,1.24454e+07,0,0,0,0,99.3022,98.274,4.55791,1,1,1.70371,1.91269,0,1.3162,2.1168,8.84977e+06,3.89515e+06,1.50775e+07,0,0,0,0
85.139,85.139,4.98011,0.36,0.02,3.20957,3.28127,0,0.547689,6.048,4.25838e+06,2.91414e+06,1.36675e+07,0,0,0,0,99.3022,98.274,5.71362,1,1,1.87102,1.91282,0,1.31629,2.1168,8.84977e+06,3.89515e+06,1.65581e+07,0,0,0,0
85.139,85.139,3.65366,0.34,0.02,3.23626,3.23626,0,0.601473,6.048,4.25838e+06,2.70226e+06,1.37812e+07,0,0,0,0,99.3022,98.274,4.41214,0,1,1.88422,1.88422,0,1.44555,2.1168,8.84977e+06,3.61194e+06,1.6675e+07,0,0,0,0
84.5082,85.139,2.93226,0.32,0.02,3.23648,3.23648,0,0.606476,6.048,4.25838e+06,2.70226e+06,1.37822e+07,0,0,0,0,99.3022,98.274,3.85767,0,1,1.88435,1.88435,0,1.45575,2.1168,8.84977e+06,3.61194e+06,1.66761e+07,0,0,0,0
83.843,85.139,2.57739,0.45,0.02,2.88307,3.2367,0,0.606517,6.048,4.25838e+06,3.49697e+06,1.22772e+07,0,0,0,0,99.3022,98.274,3.4871,0,1,1.67859,1.88448,0,1.45585,2.1168,8.84977e+06,4.67418e+06,1.48551e+07,0,0,0,0
83.3865,85.139,2.79442,0.43,0.02,2.88327,3.23693,0,0.540288,6.048,4.25838e+06,3.49697e+06,1.2278e+07,0,0,0,0,99.3022,98.274,3.11589,0,1,1.6787,1.88461,0,1.29688,2.1168,8.84977e+06,4.67418e+06,1.48561e+07,0,0,0,0
82.9841,85.139,2.90645,0.4,0.02,3.02025,3.39071,0,0.540325,6.048,4.25838e+06,2.91414e+06,1.28614e+07,0,0,0,0,99.3022,98.274,3.5501,1,1,1.76958,1.98664,0,1.29697,2.1168,8.84977e+06,3.89515e+06,1.56604e+07,0,0,0,0
82.4365,85.139,2.9995,0.35,0.02,3.31684,3.39094,0,0.565995,6.048,4.25838e+06,2.91414e+06,1.41244e+07,0,0,0,0,99.3022,98.274,3.70072,1,1,1.94336,1.98677,0,1.36718,2.1168,8.84977e+06,3.89515e+06,1.71983e+07,0,0,0,0
81.5823,85.139,2.6715,0.31,0.02,3.31707,3.39117,0,0.621576,6.048,4.25838e+06,2.91414e+06,1.41253e+07,0,0,0,0,99.3022,98.274,3.40468,1,1,1.94349,1.98691,0,1.50144,2.1168,8.84977e+06,3.89515e+06,1.71995e+07,0,0,0,0
80.6441,85.139,2.51474,0.3,0.02,3.31729,3.3914,0,0.621619,6.048,4.25838e+06,2.91414e+06,1.41263e+07,0,0,0,0,99.3022,98.274,3.26976,1,1,1.94362,1.98704,0,1.50154,2.1168,8.84977e+06,3.89515e+06,1.72006e+07,0,0,0,0
79.5203,85.139,2.31205,0.27,0.02,3.31752,3.39163,0,0.621661,6.048,4.25838e+06,2.91414e+06,1.41273e+07,0,0,0,0,99.3022,98.274,3.09638,1,1,1.94376,1.98718,0,1.50164,2.1168,8.84977e+06,3.89515e+06,1.72018e+07,0,0,0,0
78.019,85.139,1.85171,0.22,0.02,3.28803,3.36149,0,0.621703,6.048,4.25838e+06,2.91414e+06,1.40017e+07,0,0,0,0,99.3022,98.274,2.86799,1,1,1.99869,2.04334,0,1.50175,2.1168,8.84977e+06,3.89515e+06,1.7688e+07,0,0,0,0
76.4181,85.139,1.74034,0.28,0.02,3.28826,3.36172,0,0.616177,6.048,4.25838e+06,2.91414e+06,1.40026e+07,0,0,0,0,99.3022,98.274,2.7285,1,1,1.99883,2.04348,0,1.54419,2.1168,8.84977e+06,3.89515e+06,1.76892e+07,0,0,0,0
74.6817,85.139,1.59001,0.25,0.02,3.28848,3.36194,0,0.616219,6.048,4.25838e+06,2.91414e+06,1.40036e+07,0,0,0,0,99.2841,98.274,2.67469,1,1,1.99896,2.04362,0,1.54429,2.1168,8.84977e+06,3.89515e+06,1.76904e+07,0,0,0,0
72.8222,85.139,1.4415,0.23,0.02,3.28871,3.36217,0,0.616261,6.048,4.25838e+06,2.91414e+06,1.40045e+07,0,0,0,0,99.2122,98.274,2.43819,1,1,1.9991,2.04376,0,1.5444,2.1168,8.84977e+06,3.89515e+06,1.76916e+07,0,0,0,0
71.2309,85.139,1.73929,0.27,0.02,3.36569,3.44088,0,0.616304,6.048,4.25838e+06,2.91414e+06,1.43324e+07,0,0,0,0,99.2039,98.274,2.85889,1,1,2.04809,2.09384,0,1.5445,2.1168,8.84977e+06,3.89515e+06,1.81251e+07,0,0,0,0
69.6007,85.139,1.68807,0.26,0.02,3.36592,3.44111,0,0.63073,6.048,4.25838e+06,2.91414e+06,1.43333e+07,0,0,0,0,99.2352,98.274,2.84302,1,1,2.04823,2.09398,0,1.58235,2.1168,8.84977e+06,3.89515e+06,1.81264e+07,0,0,0,0
67.8604,85.139,1.55668,0.23,0.02,3.36615,3.44135,0,0.630773,6.048,4.25838e+06,2.91414e+06,1.43343e+07,0,0,0,0,99.2467,98.274,2.73868,1,1,2.04837,2.09413,0,1.58246,2.1168,8.84977e+06,3.89515e+06,1.81276e+07,0,0,0,0
65.9048,85.139,1.30354,0.26,0.02,3.36638,3.44158,0,0.630816,6.048,4.25838e+06,2.91414e+06,1.43353e+07,0,0,0,0,99.2479,98.274,2.71099,1,1,2.04851,2.09427,0,1.58257,2.1168,8.84977e+06,3.89515e+06,1.81288e+07,0,0,0,0
63.7251,85.139,1.24218,0.25,0.02,3.59145,3.67168,0,0.630859,6.048,4.25838e+06,2.91414e+06,1.52937e+07,0,0,0,0,99.174,98.274,2.61147,1,1,2.1168,2.27473,0.108227,1.58268,2.1168,8.84977e+06,3.89515e+06,1.87332e+07,0,0,0,0
61.6839,85.139,1.33484,0.24,0.02,3.59169,3.67193,0,0.673037,6.048,4.25838e+06,2.91414e+06,1.52948e+07,0,0,0,0,99.0702,98.274,2.59029,1,1,2.1168,2.27489,0.108379,1.63544,2.1168,8.84977e+06,3.89515e+06,1.87332e+07,0,0,0,0
59.7498,85.139,1.43672,0.3,0.02,3.59194,3.67218,0,0.673083,6.048,4.25838e+06,2.91414e+06,1.52958e+07,0,0,0,0,99.1452,98.274,3.15823,1,1,2.1168,2.27504,0.108531,1.63544,2.1168,8.84977e+06,3.89515e+06,1.87332e+07,0,0,0,0
57.6031,85.139,1.19074,0.28,0.02,3.59218,3.67243,0,0.673129,6.048,4.25838e+06,2.91414e+06,1.52969e+07,0,0,0,0,98.9502,98.274,2.24896,1,1,2.1168,2.2752,0.108683,1.63544,2.1168,8.84977e+06,3.89515e+06,1.87332e+07,0,0,0,0
55.7586,85.139,1.46057,0.27,0.02,3.59243,3.67268,0,0.673175,6.048,4.25838e+06,2.91414e+06,1.52979e+07,0,0,0,0,99.1369,98.274,4.14688,1,1,2.1168,2.27535,0.108835,1.63544,2.1168,8.84977e+06,3.89515e+06,1.87332e+07,0,0,0,0
53.6699,85.139,1.15403,0.32,0.02,3.48306,3.56087,0,0.673221,6.048,4.25838e+06,2.91414e+06,1.48322e+07,0,0,0,0,98.8462,98.274,1.92911,1,1,2.1168,2.16602,0.00189411,1.63544,2.1168,8.84977e+06,3.89515e+06,1.87332e+07,0,0,0,0
51.7787,85.139,1.33462,0.32,0.02,3.48329,3.56111,0,0.652725,6.048,4.25838e+06,2.91414e+06,1.48332e+07,0,0,0,0,99.0427,98.274,3.2237,1,1,2.1168,2.16617,0.0020387,1.63544,2.1168,8.84977e+06,3.89515e+06,1.87332e+07,0,0,0,0
49.8748,85.139,1.28543,0.32,0.02,3.48353,3.56135,0,0.652769,6.048,4.25838e+06,2.91414e+06,1.48342e+07,0,0,0,0,99.1493,98.274,3.03249,1,1,2.1168,2.16632,0.00218329,1.63544,2.1168,8.84977e+06,3.89515e+06,1.87332e+07,0,0,0,0
48.2181,85.139,1.26411,0.42,0.02,3.17247,3.5616,0,0.652814,6.048,4.25838e+06,2.91414e+06,1.35096e+07,0,0,0,0,99.3022,98.274,3.56566,1,1,1.92977,2.16647,0,1.63544,2.1168,8.84977e+06,3.89515e+06,1.7078e+07,0,0,0,0
47.0567,85.139,1.76947,0.41,0.02,3.09073,3.46983,0,0.59452,6.048,4.25838e+06,2.91414e+06,1.31615e+07,0,0,0,0,99.3022,98.274,5.1622,1,1,1.8411,2.06693,0,1.49094,2.1168,8.84977e+06,3.89515e+06,1.62934e+07,0,0,0,0
45.4213,85.139,1.27435,0.42,0.02,3.09094,3.47006,0,0.579202,6.048,4.25838e+06,2.91414e+06,1.31624e+07,0,0,0,0,99.3022,98.274,3.21585,1,1,1.84123,2.06707,0,1.42244,2.1168,8.84977e+06,3.89515e+06,1.62945e+07,0,0,0,0
45.204,85.139,2.7018,0.47,0.02,3.09115,3.4703,0,0.579242,6.048,4.25838e+06,2.91414e+06,1.31633e+07,0,0,0,0,99.3022,98.274,5.83775,1,1,1.84136,2.06721,0,1.42253,2.1168,8.84977e+06,3.89515e+06,1.62956e+07,0,0,0,0
47.8718,85.139,5.75866,0.56,0.02,3.09136,3.47054,0,0.579281,6.048,4.25838e+06,2.91414e+06,1.31642e+07,0,0,0,0,99.3022,98.274,12.9,1,1,1.84148,2.06735,0,1.42263,2.1168,8.84977e+06,3.89515e+06,1.62967e+07,0,0,0,0
49.097,85.139,4.06596,0.51,0.02,2.85874,3.20939,0,0.579321,6.048,4.25838e+06,3.49697e+06,1.21736e+07,0,0,0,0,99.3022,98.274,7.71174,0,1,1.65662,1.85982,0,1.42273,2.1168,8.84977e+06,4.67418e+06,1.46607e+07,0,0,0,0
49.6457,85.139,3.38207,0.57,0.02,2.85893,3.2096,0,0.535728,6.048,4.25838e+06,3.49697e+06,1.21744e+07,0,0,0,0,99.3022,98.274,6.29273,0,1,1.65674,1.85995,0,1.27991,2.1168,8.84977e+06,4.67418e+06,1.46617e+07,0,0,0,0
49.6589,85.139,2.82492,0.61,0.02,2.85913,3.20982,0,0.535764,6.048,4.25838e+06,3.49697e+06,1.21752e+07,0,0,0,0,99.3022,98.274,6.59376,0,1,1.65685,1.86008,0,1.27999,2.1168,8.84977e+06,4.67418e+06,1.46627e+07,0,0,0,0
49.4694,85.139,2.67695,0.61,0.02,2.85932,3.21004,0,0.535801,6.048,4.25838e+06,3.49697e+06,1.21761e+07,0,0,0,0,99.3022,98.274,6.75579,0,1,1.65696,1.8602,0,1.28008,2.1168,8.84977e+06,4.67418e+06,1.46637e+07,0,0,0,0
50.0974,85.139,3.54765,0.63,0.02,2.85952,3.21026,0,0.535837,6.048,4.25838e+06,3.49697e+06,1.21769e+07,0,0,0,0,99.3022,98.274,7.46021,0,1,1.65708,1.86033,0,1.28017,2.1168,8.84977e+06,4.67418e+06,1.46647e+07,0,0,0,0
51.8019,85.139,4.74199,0.63,0.02,2.94929,3.31105,0,0.535874,6.048,4.25838e+06,2.91414e+06,1.25592e+07,0,0,0,0,99.3022,98.274,6.05177,1,1,1.71077,1.92061,0,1.28026,2.1168,8.84977e+06,3.89515e+06,1.51399e+07,0,0,0,0
52.6176,85.139,3.85148,0.63,0.02,2.94947,3.31125,0,0.552697,6.048,4.25838e+06,2.91414e+06,1.256e+07,0,0,0,0,99.3022,98.274,6.14723,1,1,1.71087,1.92072,0,1.32174,2.1168,8.84977e+06,3.89515e+06,1.51408e+07,0,0,0,0
52.5967,85.139,2.93869,0.67,0.02,2.94965,3.31145,0,0.552731,6.048,4.25838e+06,2.91414e+06,1.25607e+07,0,0,0,0,99.3022,98.274,5.34583,1,1,1.71097,1.92084,0,1.32182,2.1168,8.84977e+06,3.89515e+06,1.51417e+07,0,0,0,0
52.3069,85.139,2.74407,0.67,0.02,2.94983,3.31165,0,0.552764,6.048,4.25838e+06,2.91414e+06,1.25615e+07,0,0,0,0,99.3022,98.274,4.17052,1,1,1.71108,1.92095,0,1.3219,2.1168,8.84977e+06,3.89515e+06,1.51426e+07,0,0,0,0
52.564,85.139,3.5619,0.69,0.02,3.23774,3.63488,0,0.552798,6.048,4.25838e+06,2.91414e+06,1.37875e+07,0,0,0,0,99.3022,98.274,6.8077,1,1,1.91238,2.14695,0,1.32198,2.1168,8.84977e+06,3.89515e+06,1.69241e+07,0,0,0,0
52.9362,85.139,3.56631,0.71,0.02,3.23794,3.6351,0,0.606753,6.048,4.25838e+06,2.91414e+06,1.37884e+07,0,0,0,0,99.3022,98.274,5.19004,1,1,1.9125,2.14708,0,1.4775,2.1168,8.84977e+06,3.89515e+06,1.69252e+07,0,0,0,0
54.4705,85.139,4.76778,0.77,0.02,3.23814,3.63532,0,0.60679,6.048,4.25838e+06,2.91414e+06,1.37892e+07,0,0,0,0,99.3022,98.274,5.30559,1,1,1.91261,2.14721,0,1.47759,2.1168,8.84977e+06,3.89515e+06,1.69262e+07,0,0,0,0
56.7675,85.139,5.82789,0.81,0.02,3.23833,3.63554,0,0.606827,6.048,4.25838e+06,2.91414e+06,1.379e+07,0,0,0,0,99.3022,98.274,7.53406,1,1,1.91273,2.14734,0,1.47768,2.1168,8.84977e+06,3.89515e+06,1.69272e+07,0,0,0,0
60.9843,85.139,7.46256,0.77,0.02,2.82802,3.1749,0,0.606863,6.048,4.25838e+06,3.49697e+06,1.20428e+07,0,0,0,0,99.3022,98.274,5.73473,0,1,1.64277,1.84427,0,1.47777,2.1168,8.84977e+06,4.67418e+06,1.45381e+07,0,0,0,0
67.0539,85.139,9.41669,0.83,0.02,2.8282,3.1751,0,0.529972,6.048,4.25838e+06,3.49697e+06,1.20435e+07,0,0,0,0,99.3022,98.274,6.93386,0,1,1.64287,1.84438,0,1.2692,2.1168,8.84977e+06,4.67418e+06,1.4539e+07,0,0,0,0
70.3255,85.139,6.57093,0.8,0.02,2.82837,3.17529,0,0.530004,6.048,4.25838e+06,3.49697e+06,1.20442e+07,0,0,0,0,99.3022,98.274,4.72195,0,1,1.64297,1.84449,0,1.26928,2.1168,8.84977e+06,4.67418e+06,1.45399e+07,0,0,0,0
74.7976,85.139,7.92168,0.78,0.02,2.82854,3.17548,0,0.530036,6.048,4.25838e+06,3.49697e+06,1.2045e+07,0,0,0,0,99.3022,98.274,8.61397,0,1,1.64307,1.8446,0,1.26936,2.1168,8.84977e+06,4.67418e+06,1.45408e+07,0,0,0,0
78.5123,85.139,6.97237,0.67,0.02,2.82871,3.17567,0,0.530068,6.048,4.25838e+06,3.49697e+06,1.20457e+07,0,0,0,0,99.3022,98.274,6.75698,0,1,1.64317,1.84471,0,1.26943,2.1168,8.84977e+06,4.67418e+06,1.45416e+07,0,0,0,0
84.8833,85.139,10.1531,0.73,0.02,2.93224,3.2919,0,0.5301,6.048,4.25838e+06,2.91414e+06,1.24866e+07,0,0,0,0,99.3022,98.274,9.61129,1,1,1.70936,1.91902,0,1.26951,2.1168,8.84977e+06,3.89515e+06,1.51274e+07,0,0,0,0
85.139,85.139,8.7386,0.59,0.02,2.93242,3.2921,0,0.549502,6.048,4.25838e+06,2.91414e+06,1.24873e+07,0,0,0,0,99.3022,98.274,7.38192,1,1,1.70946,1.91914,0,1.32065,2.1168,8.84977e+06,3.89515e+06,1.51283e+07,0,0,0,0
85.139,85.139,8.07919,0.4,0.02,2.9326,3.2923,0,0.549535,6.048,4.25838e+06,2.91414e+06,1.24881e+07,0,0,0,0,99.3022,98.274,6.4504,1,1,1.70956,1.91925,0,1.32073,2.1168,8.84977e+06,3.89515e+06,1.51292e+07,0,0,0,0
85.139,85.139,7.55462,0.37,0.02,3.22056,3.2925,0,0.549569,6.048,4.25838e+06,2.91414e+06,1.37143e+07,0,0,0,0,99.3022,98.274,5.81038,1,1,1.87743,1.91937,0,1.32081,2.1168,8.84977e+06,3.89515e+06,1.66148e+07,0,0,0,0
85.139,85.139,5.96239,0.36,0.02,3.24732,3.24732,0,0.603532,6.048,4.25838e+06,2.70226e+06,1.38283e+07,0,0,0,0,99.3022,98.274,5.03534,0,1,1.89066,1.89066,0,1.4505,2.1168,8.84977e+06,3.61194e+06,1.67319e+07,0,0,0,0
85.139,85.139,5.00388,0.35,0.02,3.24752,3.24752,0,0.608548,6.048,4.25838e+06,2.70226e+06,1.38292e+07,0,0,0,0,99.3022,98.274,4.65301,0,1,1.89078,1.89078,0,1.46073,2.1168,8.84977e+06,3.61194e+06,1.67329e+07,0,0,0,0
85.139,85.139,5.63583,0.32,0.02,3.24771,3.24771,0,0.608585,6.048,4.25838e+06,2.70226e+06,1.383e+07,0,0,0,0,99.3022,98.274,4.39465,0,1,1.89089,1.89089,0,1.46081,2.1168,8.84977e+06,3.61194e+06,1.6734e+07,0,0,0,0
85.139,85.139,4.77534,0.3,0.02,3.24791,3.24791,0,0.608622,6.048,4.25838e+06,2.70226e+06,1.38308e+07,0,0,0,0,99.3022,98.274,4.33158,0,1,1.89101,1.89101,0,1.4609,2.1168,8.84977e+06,3.61194e+06,1.6735e+07,0,0,0,0
85.139,85.139,4.00011,0.29,0.02,3.32785,3.40219,0,0.608659,6.048,4.25838e+06,2.91414e+06,1.41712e+07,0,0,0,0,99.2664,98.274,3.79713,1,1,1.94981,1.99336,0,1.46099,2.1168,8.84977e+06,3.89515e+06,1.72553e+07,0,0,0,0
85.139,85.139,3.61158,0.26,0.02,3.32805,3.40239,0,0.623638,6.048,4.25838e+06,2.91414e+06,1.41721e+07,0,0,0,0,99.2763,98.274,3.79553,1,1,1.94992,1.99349,0,1.50642,2.1168,8.84977e+06,3.89515e+06,1.72564e+07,0,0,0,0
84.8392,85.139,3.19369,0.23,0.02,3.32825,3.4026,0,0.623676,6.048,4.25838e+06,2.91414e+06,1.41729e+07,0,0,0,0,99.1342,98.274,3.19138,1,1,1.95004,1.99361,0,1.50651,2.1168,8.84977e+06,3.89515e+06,1.72574e+07,0,0,0,0
84.3687,85.139,3.00931,0.32,0.02,3.32845,3.40281,0,0.623714,6.048,4.25838e+06,2.91414e+06,1.41738e+07,0,0,0,0,98.8646,98.274,2.79045,1,1,1.95016,1.99373,0,1.5066,2.1168,8.84977e+06,3.89515e+06,1.72585e+07,0,0,0,0
83.7946,85.139,2.89086,0.28,0.02,3.32865,3.40301,0,0.623752,6.048,4.25838e+06,2.91414e+06,1.41747e+07,0,0,0,0,98.4738,98.274,2.63323,1,1,1.95028,1.99385,0,1.50669,2.1168,8.84977e+06,3.89515e+06,1.72595e+07,0,0,0,0
82.5745,85.139,2.20715,0.23,0.02,3.29904,3.37274,0,0.623789,6.048,4.25838e+06,2.91414e+06,1.40486e+07,0,0,0,0,98.2483,98.274,2.52809,1,1,2.00538,2.05018,0,1.50679,2.1168,8.84977e+06,3.89515e+06,1.77472e+07,0,0,0,0
81.1671,85.139,1.99849,0.19,0.02,3.29924,3.37294,0,0.61824,6.048,4.25838e+06,2.91414e+06,1.40494e+07,0,0,0,0,98.002,98.274,2.43225,1,1,2.0055,2.0503,0,1.54936,2.1168,8.84977e+06,3.89515e+06,1.77482e+07,0,0,0,0
79.704,85.139,1.92261,0.18,0.02,3.29944,3.37315,0,0.618278,6.048,4.25838e+06,2.91414e+06,1.40503e+07,0,0,0,0,97.6787,98.274,2.20158,1,1,2.00562,2.05043,0,1.54945,2.1168,8.84977e+06,3.89515e+06,1.77493e+07,0,0,0,0
78.1885,85.139,1.84282,0.17,0.02,3.29964,3.37335,0,0.618315,6.048,4.25838e+06,2.91414e+06,1.40511e+07,0,0,0,0,97.1431,98.274,2.10335,1,1,2.00575,2.05055,0,1.54955,2.1168,8.84977e+06,3.89515e+06,1.77504e+07,0,0,0,0
76.4506,85.139,1.62578,0.23,0.02,3.37685,3.45229,0,0.618352,6.048,4.25838e+06,2.91414e+06,1.43799e+07,0,0,0,0,96.5974,98.274,1.82791,1,1,2.05488,2.10079,0,1.54964,2.1168,8.84977e+06,3.89515e+06,1.81852e+07,0,0,0,0
74.6525,85.139,1.57275,0.21,0.02,3.37706,3.4525,0,0.632822,6.048,4.25838e+06,2.91414e+06,1.43808e+07,0,0,0,0,96.0271,98.274,1.88538,1,1,2.05501,2.10091,0,1.5876,2.1168,8.84977e+06,3.89515e+06,1.81863e+07,0,0,0,0
72.7705,85.139,1.45173,0.2,0.02,3.37726,3.45271,0,0.63286,6.048,4.25838e+06,2.91414e+06,1.43816e+07,0,0,0,0,95.2577,98.274,1.7903,1,1,2.05513,2.10104,0,1.5877,2.1168,8.84977e+06,3.89515e+06,1.81874e+07,0,0,0,0
70.7812,85.139,1.32133,0.22,0.02,3.37746,3.45292,0,0.632899,6.048,4.25838e+06,2.91414e+06,1.43825e+07,0,0,0,0,94.7796,98.274,1.57012,1,1,2.05525,2.10117,0,1.58779,2.1168,8.84977e+06,3.89515e+06,1.81885e+07,0,0,0,0
68.829,85.139,1.51789,0.21,0.02,3.60325,3.68374,0,0.632937,6.048,4.25838e+06,2.91414e+06,1.5344e+07,0,0,0,0,93.9692,98.274,2.15036,1,1,2.1168,2.28221,0.115539,1.58789,2.1168,8.84977e+06,3.89515e+06,1.87332e+07,0,0,0,0
66.4256,85.139,1.04793,0.2,0.02,3.60347,3.68397,0,0.675249,6.048,4.25838e+06,2.91414e+06,1.53449e+07,0,0,0,0,93.0229,98.274,1.36204,1,1,2.1168,2.28235,0.115674,1.63544,2.1168,8.84977e+06,3.89515e+06,1.87332e+07,0,0,0,0
64.0689,85.139,1.05773,0.24,0.02,3.60369,3.68419,0,0.67529,6.048,4.25838e+06,2.91414e+06,1.53459e+07,0,0,0,0,92.3795,98.274,1.47046,1,1,2.1168,2.28248,0.115809,1.63544,2.1168,8.84977e+06,3.89515e+06,1.87332e+07,0,0,0,0
61.7473,85.139,1.06764,0.24,0.02,3.6039,3.68441,0,0.675331,6.048,4.25838e+06,2.91414e+06,1.53468e+07,0,0,0,0,91.5244,98.274,1.73362,1,1,2.1168,2.28262,0.115944,1.63544,2.1168,8.84977e+06,3.89515e+06,1.87332e+07,0,0,0,0
59.4012,85.139,0.995583,0.27,0.02,3.60412,3.68464,0,0.675372,6.048,4.25838e+06,2.91414e+06,1.53477e+07,0,0,0,0,90.2939,98.274,1.47143,1,1,2.1168,2.28276,0.11608,1.63544,2.1168,8.84977e+06,3.89515e+06,1.87332e+07,0,0,0,0
57.1402,85.139,1.05196,0.26,0.02,3.49437,3.57243,0,0.675413,6.048,4.25838e+06,2.91414e+06,1.48803e+07,0,0,0,0,89.2488,98.274,0.993721,1,1,2.1168,2.17306,0.0087747,1.63544,2.1168,8.84977e+06,3.89515e+06,1.87332e+07,0,0,0,0
54.8409,85.139,0.978271,0.25,0.02,3.49458,3.57265,0,0.654845,6.048,4.25838e+06,2.91414e+06,1.48812e+07,0,0,0,0,87.9801,98.274,1.42176,1,1,2.1168,2.17319,0.00890343,1.63544,2.1168,8.84977e+06,3.89515e+06,1.87332e+07,0,0,0,0
52.4697,85.139,0.871005,0.33,0.02,3.49479,3.57286,0,0.654884,6.048,4.25838e+06,2.91414e+06,1.48821e+07,0,0,0,0,86.4966,98.274,0.902939,1,1,2.1168,2.17332,0.00903216,1.63544,2.1168,8.84977e+06,3.89515e+06,1.87332e+07,0,0,0,0
49.998,85.139,0.725224,0.33,0.02,3.495,3.57308,0,0.654924,6.048,4.25838e+06,2.91414e+06,1.4883e+07,0,0,0,0,85.0954,98.274,0.806776,1,1,2.1168,2.17345,0.00916089,1.63544,2.1168,8.84977e+06,3.89515e+06,1.87332e+07,0,0,0,0
48.1777,85.139,1.07273,0.41,0.02,3.10067,3.48099,0,0.654964,6.048,4.25838e+06,2.91414e+06,1.32038e+07,0,0,0,0,84.1862,98.274,1.01799,1,1,1.84703,2.07358,0,1.63544,2.1168,8.84977e+06,3.89515e+06,1.63458e+07,0,0,0,0
46.6019,85.139,1.36755,0.43,0.02,3.10086,3.4812,0,0.581065,6.048,4.25838e+06,2.91414e+06,1.32046e+07,0,0,0,0,83.3816,98.274,1.12452,1,1,1.84714,2.0737,0,1.42701,2.1168,8.84977e+06,3.89515e+06,1.63468e+07,0,0,0,0
44.8351,85.139,1.12869,0.47,0.02,3.10104,3.48141,0,0.5811,6.048,4.25838e+06,2.91414e+06,1.32054e+07,0,0,0,0,83.0641,98.274,1.13916,1,1,1.84725,2.07383,0,1.4271,2.1168,8.84977e+06,3.89515e+06,1.63477e+07,0,0,0,0
44.7499,85.139,2.8857,0.58,0.02,3.10123,3.48162,0,0.581135,6.048,4.25838e+06,2.91414e+06,1.32062e+07,0,0,0,0,83.1922,98.274,3.3681,1,1,1.84736,2.07396,0,1.42719,2.1168,8.84977e+06,3.89515e+06,1.63487e+07,0,0,0,0
45.2925,85.139,3.39148,0.59,0.02,2.86785,3.21961,0,0.581171,6.048,4.25838e+06,3.49697e+06,1.22124e+07,0,0,0,0,83.6003,98.274,2.96055,0,1,1.6619,1.86575,0,1.42727,2.1168,8.84977e+06,4.67418e+06,1.47075e+07,0,0,0,0
46.5667,85.139,4.2293,0.63,0.02,2.86802,3.21981,0,0.537434,6.048,4.25838e+06,3.49697e+06,1.22131e+07,0,0,0,0,84.0476,98.274,4.08739,0,1,1.662,1.86586,0,1.28398,2.1168,8.84977e+06,4.67418e+06,1.47083e+07,0,0,0,0
48.292,85.139,4.69465,0.6,0.02,2.86819,3.22,0,0.537467,6.048,4.25838e+06,3.49697e+06,1.22138e+07,0,0,0,0,84.3447,98.274,4.95178,0,1,1.6621,1.86597,0,1.28406,2.1168,8.84977e+06,4.67418e+06,1.47092e+07,0,0,0,0
48.8974,85.139,3.55695,0.6,0.02,2.86837,3.2202,0,0.5375,6.048,4.25838e+06,3.49697e+06,1.22146e+07,0,0,0,0,84.1181,98.274,2.38984,0,1,1.6622,1.86609,0,1.28414,2.1168,8.84977e+06,4.67418e+06,1.47101e+07,0,0,0,0
49.0564,85.139,3.08028,0.61,0.02,2.86854,3.22039,0,0.537532,6.048,4.25838e+06,3.49697e+06,1.22153e+07,0,0,0,0,83.9139,98.274,2.19265,0,1,1.6623,1.8662,0,1.28422,2.1168,8.84977e+06,4.67418e+06,1.4711e+07,0,0,0,0
57.7167,85.139,12.0594,0.61,0.02,2.86854,3.22039,0,0.537565,6.048,4.25838e+06,3.49697e+06,1.22153e+07,0,0,0,0,86.3632,98.274,10.2143,0,1,1.6623,1.8662,0,1.2843,2.1168,8.84977e+06,4.67418e+06,1.4711e+07,0,0,0,0
63.696,85.139,9.52902,0.56,0.02,2.95857,3.32147,0,0.537565,6.048,4.25838e+06,2.91414e+06,1.25987e+07,0,0,0,0,88.5035,98.274,8.38422,1,1,1.71615,1.92665,0,1.2843,2.1168,8.84977e+06,3.89515e+06,1.51875e+07,0,0,0,0
67.8917,85.139,7.63753,0.5,0.02,2.95873,3.32164,0,0.554437,6.048,4.25838e+06,2.91414e+06,1.25994e+07,0,0,0,0,89.848,98.274,5.44247,1,1,1.71624,1.92675,0,1.3259,2.1168,8.84977e+06,3.89515e+06,1.51884e+07,0,0,0,0
72.239,85.139,7.86489,0.54,0.02,2.95889,3.32182,0,0.554466,6.048,4.25838e+06,2.91414e+06,1.26001e+07,0,0,0,0,91.4397,98.274,6.09483,1,1,1.71633,1.92685,0,1.32597,2.1168,8.84977e+06,3.89515e+06,1.51892e+07,0,0,0,0
75.5156,85.139,6.77105,0.44,0.02,2.95904,3.32199,0,0.554496,6.048,4.25838e+06,2.91414e+06,1.26007e+07,0,0,0,0,93.1193,98.274,6.11493,1,1,1.71642,1.92696,0,1.32604,2.1168,8.84977e+06,3.89515e+06,1.519e+07,0,0,0,0
77.7191,85.139,6.28373,0.34,0.02,3.56653,3.64621,0,0.554525,6.048,4.25838e+06,2.91414e+06,1.51876e+07,0,0,0,0,95.3283,98.274,8.47438,1,1,2.10658,2.15364,0,1.32611,2.1168,8.84977e+06,3.89515e+06,1.86428e+07,0,0,0,0
79.8339,85.139,6.17027,0.37,0.02,3.56672,3.6464,0,0.668368,6.048,4.25838e+06,2.91414e+06,1.51884e+07,0,0,0,0,97.4318,98.274,8.05802,1,1,2.10669,2.15375,0,1.62754,2.1168,8.84977e+06,3.89515e+06,1.86437e+07,0,0,0,0
83.1438,85.139,7.44227,0.29,0.02,3.56691,3.64659,0,0.668404,6.048,4.25838e+06,2.91414e+06,1.51892e+07,0,0,0,0,99.2278,98.274,7.53184,1,1,2.1068,2.15387,0,1.62763,2.1168,8.84977e+06,3.89515e+06,1.86447e+07,0,0,0,0
85.139,85.139,6.95174,0.32,0.02,3.5671,3.64679,0,0.668439,6.048,4.25838e+06,2.91414e+06,1.51901e+07,0,0,0,0,99.3022,98.274,7.62298,1,1,2.10691,2.15398,0,1.62772,2.1168,8.84977e+06,3.89515e+06,1.86457e+07,0,0,0,0
85.139,85.139,4.77547,0.29,0.02,3.1847,3.1847,0,0.668475,6.048,4.25838e+06,2.70226e+06,1.35617e+07,0,0,0,0,99.3022,98.274,5.13932,0,1,1.84996,1.84996,0,1.6278,2.1168,8.84977e+06,3.61194e+06,1.63717e+07,0,0,0,0
85.139,85.139,4.91806,0.31,0.02,3.18487,3.18487,0,0.596813,6.048,4.25838e+06,2.70226e+06,1.35624e+07,0,0,0,0,99.3022,98.274,5.64489,0,1,1.85006,1.85006,0,1.42928,2.1168,8.84977e+06,3.61194e+06,1.63726e+07,0,0,0,0
85.139,85.139,4.40873,0.34,0.02,3.18504,3.18504,0,0.596845,6.048,4.25838e+06,2.70226e+06,1.35631e+07,0,0,0,0,99.3022,98.274,4.63044,0,1,1.85015,1.85015,0,1.42935,2.1168,8.84977e+06,3.61194e+06,1.63734e+07,0,0,0,0
85.139,85.139,4.90517,0.37,0.02,3.18521,3.18521,0,0.596876,6.048,4.25838e+06,2.70226e+06,1.35638e+07,0,0,0,0,99.3022,98.274,4.60552,0,1,1.85025,1.85025,0,1.42943,2.1168,8.84977e+06,3.61194e+06,1.63743e+07,0,0,0,0
85.139,85.139,6.32418,0.4,0.02,2.83735,3.18538,0,0.596908,6.048,4.25838e+06,3.49697e+06,1.20825e+07,0,0,0,0,99.3022,98.274,5.01186,0,1,1.64819,1.85035,0,1.4295,2.1168,8.84977e+06,4.67418e+06,1.45861e+07,0,0,0,0
85.139,85.139,6.5967,0.4,0.02,2.94118,3.30194,0,0.53172,6.048,4.25838e+06,2.91414e+06,1.25247e+07,0,0,0,0,99.3022,98.274,6.90893,1,1,1.71457,1.92487,0,1.27339,2.1168,8.84977e+06,3.89515e+06,1.51735e+07,0,0,0,0
85.139,85.139,5.51459,0.4,0.02,2.94134,3.30211,0,0.551177,6.048,4.25838e+06,2.91414e+06,1.25253e+07,0,0,0,0,99.3022,98.274,5.70918,1,1,1.71466,1.92497,0,1.32467,2.1168,8.84977e+06,3.89515e+06,1.51743e+07,0,0,0,0
85.139,85.139,5.00144,0.38,0.02,3.23013,3.30229,0,0.551206,6.048,4.25838e+06,2.91414e+06,1.37551e+07,0,0,0,0,99.3022,98.274,4.3479,1,1,1.88301,1.92508,0,1.32474,2.1168,8.84977e+06,3.89515e+06,1.66642e+07,0,0,0,0
85.139,85.139,4.02392,0.38,0.02,3.2303,3.30246,0,0.605326,6.048,4.25838e+06,2.91414e+06,1.37558e+07,0,0,0,0,99.3022,98.274,3.66323,1,1,1.88311,1.92518,0,1.45481,2.1168,8.84977e+06,3.89515e+06,1.66651e+07,0,0,0,0
84.9426,85.139,3.32754,0.35,0.02,3.25712,3.25712,0,0.605358,6.048,4.25838e+06,2.70226e+06,1.387e+07,0,0,0,0,99.1162,98.274,3.32127,0,1,1.89637,1.89637,0,1.45489,2.1168,8.84977e+06,3.61194e+06,1.67824e+07,0,0,0,0
84.691,85.139,2.95688,0.47,0.02,2.90141,3.25729,0,0.610384,6.048,4.25838e+06,3.49697e+06,1.23553e+07,0,0,0,0,99.293,98.274,2.81893,0,1,1.68927,1.89647,0,1.46513,2.1168,8.84977e+06,4.67418e+06,1.49496e+07,0,0,0,0
84.9349,85.139,3.47668,0.47,0.02,2.90157,3.25747,0,0.543725,6.048,4.25838e+06,3.49697e+06,1.2356e+07,0,0,0,0,99.3022,98.274,3.07958,0,1,1.68936,1.89657,0,1.30513,2.1168,8.84977e+06,4.67418e+06,1.49504e+07,0,0,0,0
84.7302,85.139,2.90132,0.44,0.02,2.90172,3.25764,0,0.543753,6.048,4.25838e+06,3.49697e+06,1.23566e+07,0,0,0,0,99.3022,98.274,2.98728,0,1,1.68945,1.89667,0,1.3052,2.1168,8.84977e+06,4.67418e+06,1.49512e+07,0,0,0,0
83.9859,85.139,2.73967,0.39,0.02,3.33779,3.41235,0,0.543782,6.048,4.25838e+06,2.91414e+06,1.42136e+07,0,0,0,0,98.9728,98.274,2.67452,1,1,1.95563,1.99932,0,1.30527,2.1168,8.84977e+06,3.89515e+06,1.73069e+07,0,0,0,0
83.0478,85.139,2.53427,0.36,0.02,3.33796,3.41253,0,0.625501,6.048,4.25838e+06,2.91414e+06,1.42143e+07,0,0,0,0,98.7197,98.274,2.30263,1,1,1.95573,1.99942,0,1.51092,2.1168,8.84977e+06,3.89515e+06,1.73078e+07,0,0,0,0
81.8802,85.139,2.2829,0.32,0.02,3.33814,3.41271,0,0.625534,6.048,4.25838e+06,2.91414e+06,1.42151e+07,0,0,0,0,98.454,98.274,2.03749,1,1,1.95584,1.99953,0,1.511,2.1168,8.84977e+06,3.89515e+06,1.73087e+07,0,0,0,0
80.5056,85.139,2.04235,0.28,0.02,3.33832,3.41289,0,0.625568,6.048,4.25838e+06,2.91414e+06,1.42158e+07,0,0,0,0,98.4725,98.274,2.10242,1,1,1.95594,1.99964,0,1.51108,2.1168,8.84977e+06,3.89515e+06,1.73096e+07,0,0,0,0
79.3738,85.139,2.28446,0.23,0.02,3.33849,3.41307,0,0.625601,6.048,4.25838e+06,2.91414e+06,1.42166e+07,0,0,0,0,98.5852,98.274,2.76914,1,1,1.95605,1.99974,0,1.51116,2.1168,8.84977e+06,3.89515e+06,1.73106e+07,0,0,0,0
78.2302,85.139,2.21917,0.31,0.02,3.30877,3.38269,0,0.625634,6.048,4.25838e+06,2.91414e+06,1.409e+07,0,0,0,0,98.6005,98.274,2.74505,1,1,2.01129,2.05623,0,1.51124,2.1168,8.84977e+06,3.89515e+06,1.77995e+07,0,0,0,0
76.9938,85.139,2.10578,0.27,0.02,3.30894,3.38286,0,0.620063,6.048,4.25838e+06,2.91414e+06,1.40907e+07,0,0,0,0,98.5516,98.274,2.61098,1,1,2.0114,2.05633,0,1.55393,2.1168,8.84977e+06,3.89515e+06,1.78004e+07,0,0,0,0
75.614,85.139,1.94643,0.24,0.02,3.30912,3.38304,0,0.620096,6.048,4.25838e+06,2.91414e+06,1.40915e+07,0,0,0,0,98.2701,98.274,2.42859,1,1,2.01151,2.05644,0,1.55401,2.1168,8.84977e+06,3.89515e+06,1.78014e+07,0,0,0,0
74.0846,85.139,1.7644,0.23,0.02,3.30929,3.38322,0,0.620129,6.048,4.25838e+06,2.91414e+06,1.40922e+07,0,0,0,0,97.9186,98.274,2.18708,1,1,2.01161,2.05655,0,1.55409,2.1168,8.84977e+06,3.89515e+06,1.78023e+07,0,0,0,0
72.3172,85.139,1.55094,0.2,0.02,3.38671,3.46236,0,0.620162,6.048,4.25838e+06,2.91414e+06,1.44219e+07,0,0,0,0,97.5754,98.274,2.02545,1,1,2.06088,2.10692,0,1.55417,2.1168,8.84977e+06,3.89515e+06,1.82383e+07,0,0,0,0
70.6913,85.139,1.67794,0.23,0.02,3.38689,3.46255,0,0.634669,6.048,4.25838e+06,2.91414e+06,1.44226e+07,0,0,0,0,97.1003,98.274,2.1683,1,1,2.06099,2.10703,0,1.59223,2.1168,8.84977e+06,3.89515e+06,1.82393e+07,0,0,0,0
68.991,85.139,1.60414,0.22,0.02,3.38707,3.46273,0,0.634702,6.048,4.25838e+06,2.91414e+06,1.44234e+07,0,0,0,0,96.6812,98.274,1.98126,1,1,2.0611,2.10714,0,1.59232,2.1168,8.84977e+06,3.89515e+06,1.82402e+07,0,0,0,0
67.1477,85.139,1.42406,0.21,0.02,3.38724,3.46291,0,0.634736,6.048,4.25838e+06,2.91414e+06,1.44242e+07,0,0,0,0,96.1846,98.274,1.94882,1,1,2.06121,2.10725,0,1.5924,2.1168,8.84977e+06,3.89515e+06,1.82412e+07,0,0,0,0
64.833,85.139,1.14539,0.24,0.02,3.61366,3.69438,0,0.63477,6.048,4.25838e+06,2.91414e+06,1.53883e+07,0,0,0,0,95.5899,98.274,1.91483,1,1,2.1168,2.2888,0.121986,1.59249,2.1168,8.84977e+06,3.89515e+06,1.87332e+07,0,0,0,0
62.453,85.139,1.05283,0.24,0.02,3.61385,3.69458,0,0.677199,6.048,4.25838e+06,2.91414e+06,1.53891e+07,0,0,0,0,95.0603,98.274,1.81183,1,1,2.1168,2.28892,0.122104,1.63544,2.1168,8.84977e+06,3.89515e+06,1.87332e+07,0,0,0,0
60.3067,85.139,1.25627,0.12,0.02,3.61404,3.69477,0,0.677235,6.048,4.25838e+06,2.91414e+06,1.53899e+07,0,0,0,0,94.5142,98.274,2.00385,1,1,2.1168,2.28904,0.122223,1.63544,2.1168,8.84977e+06,3.89515e+06,1.87332e+07,0,0,0,0
58.0432,85.139,1.10692,0.17,0.02,3.61423,3.69497,0,0.677271,6.048,4.25838e+06,2.91414e+06,1.53908e+07,0,0,0,0,94.0599,98.274,1.88495,1,1,2.1168,2.28916,0.122341,1.63544,2.1168,8.84977e+06,3.89515e+06,1.87332e+07,0,0,0,0
55.9392,85.139,1.31708,0.15,0.02,3.61442,3.69517,0,0.677307,6.048,4.25838e+06,2.91414e+06,1.53916e+07,0,0,0,0,93.6981,98.274,1.88981,1,1,2.1168,2.28928,0.12246,1.63544,2.1168,8.84977e+06,3.89515e+06,1.87332e+07,0,0,0,0
53.9216,85.139,1.32716,0.18,0.02,3.50433,3.58261,0,0.677343,6.048,4.25838e+06,2.91414e+06,1.49227e+07,0,0,0,0,93.5008,98.274,2.40156,1,1,2.1168,2.17925,0.0148323,1.63544,2.1168,8.84977e+06,3.89515e+06,1.87332e+07,0,0,0,0
52.0933,85.139,1.4923,0.15,0.02,3.50451,3.5828,0,0.656711,6.048,4.25838e+06,2.91414e+06,1.49235e+07,0,0,0,0,93.6076,98.274,3.3219,1,1,2.1168,2.17937,0.0149452,1.63544,2.1168,8.84977e+06,3.89515e+06,1.87332e+07,0,0,0,0
49.8225,85.139,1.32325,0,0.02,3.92806,3.58299,0,0.656746,6.048,4.25838e+06,2.91414e+06,1.67271e+07,0,0,0,0,93.7567,98.274,2.64289,1,1,1.7085,2.17948,0,1.63544,2.1168,8.84977e+06,3.89515e+06,1.51198e+07,0,0,0,0
48.1421,85.139,1.56399,0.11,0.02,3.50488,3.58318,0,0.736118,6.048,4.25838e+06,2.91414e+06,1.49251e+07,0,0,0,0,93.4572,98.274,3.39037,1,1,2.1168,2.1796,0.0151709,1.31999,2.1168,8.84977e+06,3.89515e+06,1.87332e+07,0,0,0,0
46.014,85.139,1.30013,0,0.02,3.83788,3.4908,0,0.656815,6.048,4.25838e+06,2.91414e+06,1.63432e+07,0,0,0,0,93.3482,98.274,1.49814,1,1,1.61063,2.07943,0,1.63544,2.1168,8.84977e+06,3.89515e+06,1.42537e+07,0,0,0,0
44.5577,85.139,1.96099,0,0.02,3.83807,3.49099,0,0.71922,6.048,4.25838e+06,2.91414e+06,1.63439e+07,0,0,0,0,93.5769,98.274,3.95525,1,1,1.61073,2.07954,0,1.24437,2.1168,8.84977e+06,3.89515e+06,1.42546e+07,0,0,0,0
45.7639,85.139,4.77028,0,0.02,3.83825,3.49117,0,0.719253,6.048,4.25838e+06,2.91414e+06,1.63447e+07,0,0,0,0,94.7936,98.274,6.72372,1,1,1.61084,2.07965,0,1.24445,2.1168,8.84977e+06,3.89515e+06,1.42556e+07,0,0,0,0
45.049,85.139,2.78347,0,0.02,3.83843,3.49136,0,0.719287,6.048,4.25838e+06,2.91414e+06,1.63455e+07,0,0,0,0,95.2316,98.274,3.3551,1,1,1.61095,2.07976,0,1.24454,2.1168,8.84977e+06,3.89515e+06,1.42565e+07,0,0,0,0
43.4511,85.139,1.37624,0,0.02,3.22859,3.22859,0,0.719321,6.048,4.25838e+06,2.70226e+06,1.37485e+07,0,0,0,0,95.1468,98.274,2.70498,0,1,1.87095,1.87095,0,1.24462,2.1168,8.84977e+06,3.61194e+06,1.65575e+07,0,0,0,0
42.929,85.139,2.48706,0,0.02,3.22876,3.22876,0,0.605038,6.048,4.25838e+06,2.70226e+06,1.37493e+07,0,0,0,0,95.596,98.274,4.55026,0,1,1.87105,1.87105,0,1.4455,2.1168,8.84977e+06,3.61194e+06,1.65584e+07,0,0,0,0
42.8066,85.139,2.931,0,0.02,3.22893,3.22893,0,0.60507,6.048,4.25838e+06,2.70226e+06,1.375e+07,0,0,0,0,96.3842,98.274,5.34703,0,1,1.87115,1.87115,0,1.44557,2.1168,8.84977e+06,3.61194e+06,1.65592e+07,0,0,0,0
43.0149,85.139,3.26715,0,0.02,3.2291,3.2291,0,0.605102,6.048,4.25838e+06,2.70226e+06,1.37507e+07,0,0,0,0,97.2745,98.274,5.55333,0,1,1.87125,1.87125,0,1.44565,2.1168,8.84977e+06,3.61194e+06,1.65601e+07,0,0,0,0
44.0912,85.139,4.2014,0,0.02,3.22927,3.22927,0,0.605134,6.048,4.25838e+06,2.70226e+06,1.37515e+07,0,0,0,0,98.1654,98.274,5.19316,0,1,1.87135,1.87135,0,1.44573,2.1168,8.84977e+06,3.61194e+06,1.6561e+07,0,0,0,0
48.7343,85.139,8.22199,0,0.02,3.68119,3.3306,0,0.605166,6.048,4.25838e+06,2.91414e+06,1.56759e+07,0,0,0,0,99.3022,98.274,6.44958,1,1,1.46637,1.93195,0,1.4458,2.1168,8.84977e+06,3.89515e+06,1.29771e+07,0,0,0,0
49.2918,85.139,4.16953,0,0.02,3.68133,3.33076,0,0.689854,6.048,4.25838e+06,2.91414e+06,1.56765e+07,0,0,0,0,99.3022,98.274,4.12735,1,1,1.46646,1.93204,0,1.13292,2.1168,8.84977e+06,3.89515e+06,1.29778e+07,0,0,0,0
49.1036,85.139,3.37999,0,0.02,3.68148,3.33091,0,0.689882,6.048,4.25838e+06,2.91414e+06,1.56771e+07,0,0,0,0,99.3022,98.274,3.52733,1,1,1.46655,1.93213,0,1.13299,2.1168,8.84977e+06,3.89515e+06,1.29786e+07,0,0,0,0
49.2043,85.139,3.68302,0,0.02,3.68163,3.33106,0,0.68991,6.048,4.25838e+06,2.91414e+06,1.56778e+07,0,0,0,0,99.2898,98.274,3.96428,1,1,1.46663,1.93221,0,1.13305,2.1168,8.84977e+06,3.89515e+06,1.29794e+07,0,0,0,0
48.3762,85.139,2.89274,0,0.02,3.9996,3.65613,0,0.689938,6.048,4.25838e+06,2.91414e+06,1.70318e+07,0,0,0,0,99.3022,98.274,2.89425,1,1,1.68895,2.1595,0,1.13312,2.1168,8.84977e+06,3.89515e+06,1.49468e+07,0,0,0,0
47.8682,85.139,3.21379,0,0.02,3.99976,3.6563,0,0.749525,6.048,4.25838e+06,2.91414e+06,1.70325e+07,0,0,0,0,99.3022,98.274,3.21769,1,1,1.68905,2.1596,0,1.30488,2.1168,8.84977e+06,3.89515e+06,1.49477e+07,0,0,0,0
48.3653,85.139,4.27366,0,0.02,3.99992,3.65646,0,0.749555,6.048,4.25838e+06,2.91414e+06,1.70332e+07,0,0,0,0,99.3022,98.274,3.42041,1,1,1.68914,2.1597,0,1.30496,2.1168,8.84977e+06,3.89515e+06,1.49485e+07,0,0,0,0
48.8024,85.139,4.2293,0,0.02,4.00009,3.65663,0,0.749586,6.048,4.25838e+06,2.91414e+06,1.70339e+07,0,0,0,0,99.3022,98.274,4.04626,1,1,1.68924,2.15979,0,1.30503,2.1168,8.84977e+06,3.89515e+06,1.49494e+07,0,0,0,0
52.1205,85.139,6.62683,0,0.02,3.19327,3.19327,0,0.749616,6.048,4.25838e+06,2.70226e+06,1.35982e+07,0,0,0,0,99.3022,98.274,6.06578,0,1,1.85494,1.85494,0,1.30511,2.1168,8.84977e+06,3.61194e+06,1.64158e+07,0,0,0,0
54.0922,85.139,5.39311,0,0.02,3.19342,3.19342,0,0.598419,6.048,4.25838e+06,2.70226e+06,1.35988e+07,0,0,0,0,99.3022,98.274,4.34133,0,1,1.85502,1.85502,0,1.43312,2.1168,8.84977e+06,3.61194e+06,1.64165e+07,0,0,0,0
54.4319,85.139,3.70739,0,0.02,3.19356,3.19356,0,0.598446,6.048,4.25838e+06,2.70226e+06,1.35994e+07,0,0,0,0,99.3022,98.274,3.42644,0,1,1.8551,1.8551,0,1.43319,2.1168,8.84977e+06,3.61194e+06,1.64173e+07,0,0,0,0
56.0295,85.139,4.9281,0,0.02,3.19371,3.19371,0,0.598474,6.048,4.25838e+06,2.70226e+06,1.36e+07,0,0,0,0,99.3022,98.274,4.02134,0,1,1.85519,1.85519,0,1.43325,2.1168,8.84977e+06,3.61194e+06,1.6418e+07,0,0,0,0
57.7701,85.139,5.11948,0,0.02,3.19385,3.19385,0,0.598501,6.048,4.25838e+06,2.70226e+06,1.36006e+07,0,0,0,0,99.3022,98.274,3.85125,0,1,1.85527,1.85527,0,1.43332,2.1168,8.84977e+06,3.61194e+06,1.64187e+07,0,0,0,0
59.6628,85.139,5.75195,0,0.02,3.66172,3.3107,0,0.598528,6.048,4.25838e+06,2.91414e+06,1.5593e+07,0,0,0,0,99.3022,98.274,4.86784,1,1,1.46445,1.92998,0,1.43338,2.1168,8.84977e+06,3.89515e+06,1.296e+07,0,0,0,0
60.8479,85.139,4.9346,0,0.02,3.66186,3.31085,0,0.686206,6.048,4.25838e+06,2.91414e+06,1.55936e+07,0,0,0,0,99.3022,98.274,5.0686,1,1,1.46453,1.93007,0,1.13143,2.1168,8.84977e+06,3.89515e+06,1.29608e+07,0,0,0,0
61.4457,85.139,4.39512,0,0.02,3.66201,3.311,0,0.686233,6.048,4.25838e+06,2.91414e+06,1.55942e+07,0,0,0,0,99.3022,98.274,3.96791,1,1,1.46462,1.93015,0,1.1315,2.1168,8.84977e+06,3.89515e+06,1.29615e+07,0,0,0,0
61.3064,85.139,3.61047,0,0.02,3.66216,3.31115,0,0.686261,6.048,4.25838e+06,2.91414e+06,1.55949e+07,0,0,0,0,99.3022,98.274,3.20456,1,1,1.4647,1.93024,0,1.13156,2.1168,8.84977e+06,3.89515e+06,1.29623e+07,0,0,0,0
61.2589,85.139,3.32765,0,0.02,3.26567,3.26567,0,0.686289,6.048,4.25838e+06,2.70226e+06,1.39064e+07,0,0,0,0,99.3022,98.274,3.08287,0,1,1.90134,1.90134,0,1.13163,2.1168,8.84977e+06,3.61194e+06,1.68265e+07,0,0,0,0
60.9158,85.139,2.99496,0,0.02,3.26581,3.26581,0,0.611986,6.048,4.25838e+06,2.70226e+06,1.39071e+07,0,0,0,0,99.3022,98.274,3.11737,0,1,1.90143,1.90143,0,1.46898,2.1168,8.84977e+06,3.61194e+06,1.68272e+07,0,0,0,0
60.489,85.139,2.9161,0,0.02,3.26596,3.26596,0,0.612014,6.048,4.25838e+06,2.70226e+06,1.39077e+07,0,0,0,0,99.3022,98.274,3.03634,0,1,1.90152,1.90152,0,1.46904,2.1168,8.84977e+06,3.61194e+06,1.6828e+07,0,0,0,0
59.868,85.139,2.67674,0,0.02,3.26611,3.26611,0,0.612041,6.048,4.25838e+06,2.70226e+06,1.39083e+07,0,0,0,0,99.2465,98.274,2.68179,0,1,1.9016,1.9016,0,1.46911,2.1168,8.84977e+06,3.61194e+06,1.68287e+07,0,0,0,0
58.5858,85.139,2.34608,0,0.02,3.7698,3.4212,0,0.612069,6.048,4.25838e+06,2.91414e+06,1.60532e+07,0,0,0,0,99.2468,98.274,2.47674,1,1,1.53734,2.0045,0,1.46918,2.1168,8.84977e+06,3.89515e+06,1.36051e+07,0,0,0,0
57.0994,85.139,2.06201,0,0.02,3.76996,3.42136,0,0.706461,6.048,4.25838e+06,2.91414e+06,1.60539e+07,0,0,0,0,99.3022,98.274,2.33006,1,1,1.53743,2.0046,0,1.18775,2.1168,8.84977e+06,3.89515e+06,1.36059e+07,0,0,0,0
55.5793,85.139,1.99957,0,0.02,3.77011,3.42151,0,0.70649,6.048,4.25838e+06,2.91414e+06,1.60545e+07,0,0,0,0,99.2748,98.274,2.37383,1,1,1.53752,2.00469,0,1.18782,2.1168,8.84977e+06,3.89515e+06,1.36067e+07,0,0,0,0
53.9874,85.139,1.89601,0,0.02,3.77026,3.42167,0,0.706518,6.048,4.25838e+06,2.91414e+06,1.60552e+07,0,0,0,0,99.3022,98.274,2.2765,1,1,1.53761,2.00478,0,1.18789,2.1168,8.84977e+06,3.89515e+06,1.36075e+07,0,0,0,0
52.5751,85.139,2.06404,0,0.02,3.77041,3.42182,0,0.706547,6.048,4.25838e+06,2.91414e+06,1.60558e+07,0,0,0,0,99.3022,98.274,2.56256,1,1,1.5377,2.00487,0,1.18796,2.1168,8.84977e+06,3.89515e+06,1.36083e+07,0,0,0,0
51.1772,85.139,2.03601,0,0.02,3.74059,3.39133,0,0.706575,6.048,4.25838e+06,2.91414e+06,1.59288e+07,0,0,0,0,99.3022,98.274,2.65826,1,1,1.59308,2.06148,0,1.18803,2.1168,8.84977e+06,3.89515e+06,1.40984e+07,0,0,0,0
49.6278,85.139,1.85554,0,0.02,3.74074,3.39149,0,0.700986,6.048,4.25838e+06,2.91414e+06,1.59295e+07,0,0,0,0,99.3022,98.274,2.52871,1,1,1.59317,2.06158,0,1.23081,2.1168,8.84977e+06,3.89515e+06,1.40992e+07,0,0,0,0
47.9594,85.139,1.68516,0,0.02,3.74089,3.39164,0,0.701014,6.048,4.25838e+06,2.91414e+06,1.59301e+07,0,0,0,0,99.3022,98.274,2.33626,1,1,1.59326,2.06167,0,1.23088,2.1168,8.84977e+06,3.89515e+06,1.41e+07,0,0,0,0
46.2648,85.139,1.58983,0,0.02,3.74104,3.39179,0,0.701042,6.048,4.25838e+06,2.91414e+06,1.59308e+07,0,0,0,0,99.2973,98.274,2.25146,1,1,1.59335,2.06176,0,1.23095,2.1168,8.84977e+06,3.89515e+06,1.41008e+07,0,0,0,0
44.6283,85.139,1.66942,0,0.02,3.81862,3.47111,0,0.701071,6.048,4.25838e+06,2.91414e+06,1.62611e+07,0,0,0,0,99.3022,98.274,2.37668,1,1,1.64272,2.11224,0,1.23102,2.1168,8.84977e+06,3.89515e+06,1.45377e+07,0,0,0,0
42.951,85.139,1.57435,0,0.02,3.81878,3.47127,0,0.71561,6.048,4.25838e+06,2.91414e+06,1.62618e+07,0,0,0,0,99.2842,98.274,2.43887,1,1,1.64282,2.11234,0,1.26917,2.1168,8.84977e+06,3.89515e+06,1.45386e+07,0,0,0,0
41.2223,85.139,1.47347,0,0.02,3.81893,3.47143,0,0.715639,6.048,4.25838e+06,2.91414e+06,1.62624e+07,0,0,0,0,99.2144,98.274,2.22799,1,1,1.64291,2.11243,0,1.26924,2.1168,8.84977e+06,3.89515e+06,1.45394e+07,0,0,0,0
39.5243,85.139,1.44765,0,0.02,3.81909,3.47158,0,0.715668,6.048,4.25838e+06,2.91414e+06,1.62631e+07,0,0,0,0,98.879,98.274,2.40096,1,1,1.64301,2.11253,0,1.26931,2.1168,8.84977e+06,3.89515e+06,1.45402e+07,0,0,0,0
37.6808,85.139,1.37775,0,0.02,4.04604,3.7036,0,0.715697,6.048,4.25838e+06,2.91414e+06,1.72295e+07,0,0,0,0,98.7645,98.274,1.80054,1,1,1.82101,2.29451,0,1.26939,2.1168,8.84977e+06,3.89515e+06,1.61156e+07,0,0,0,0
35.8012,85.139,1.27137,0,0.02,4.0462,3.70377,0,0.758227,6.048,4.25838e+06,2.91414e+06,1.72302e+07,0,0,0,0,98.5152,98.274,2.18576,1,1,1.82112,2.29462,0,1.40692,2.1168,8.84977e+06,3.89515e+06,1.61165e+07,0,0,0,0
33.9323,85.139,1.20778,0,0.02,4.04637,3.70394,0,0.758258,6.048,4.25838e+06,2.91414e+06,1.72309e+07,0,0,0,0,98.2453,98.274,2.15097,1,1,1.82122,2.29472,0,1.40699,2.1168,8.84977e+06,3.89515e+06,1.61174e+07,0,0,0,0
32.1289,85.139,1.18893,0,0.02,4.04653,3.70411,0,0.758289,6.048,4.25838e+06,2.91414e+06,1.72317e+07,0,0,0,0,97.972,98.274,2.13613,1,1,1.82132,2.29483,0,1.40707,2.1168,8.84977e+06,3.89515e+06,1.61183e+07,0,0,0,0
30.9783,85.139,1.73185,0,0.02,4.0467,3.70428,0,0.75832,6.048,4.25838e+06,2.91414e+06,1.72324e+07,0,0,0,0,97.7429,98.274,2.19602,1,1,1.82142,2.29493,0,1.40715,2.1168,8.84977e+06,3.89515e+06,1.61192e+07,0,0,0,0
30.1858,85.139,2.00617,0,0.02,3.9363,3.59142,0,0.758351,6.048,4.25838e+06,2.91414e+06,1.67623e+07,0,0,0,0,97.7821,98.274,2.40125,1,1,1.71351,2.18461,0,1.40723,2.1168,8.84977e+06,3.89515e+06,1.51642e+07,0,0,0,0
29.7022,85.139,2.29268,0,0.02,3.93646,3.59158,0,0.737663,6.048,4.25838e+06,2.91414e+06,1.67629e+07,0,0,0,0,98.1197,98.274,3.11259,1,1,1.71361,2.18471,0,1.32386,2.1168,8.84977e+06,3.89515e+06,1.51651e+07,0,0,0,0
29.1524,85.139,2.22711,0,0.02,3.93662,3.59175,0,0.737693,6.048,4.25838e+06,2.91414e+06,1.67636e+07,0,0,0,0,98.4346,98.274,3.04669,1,1,1.71371,2.18481,0,1.32394,2.1168,8.84977e+06,3.89515e+06,1.51659e+07,0,0,0,0
28.748,85.139,2.44604,0,0.02,3.93678,3.59191,0,0.737723,6.048,4.25838e+06,2.91414e+06,1.67643e+07,0,0,0,0,98.903,98.274,3.71922,1,1,1.71381,2.18491,0,1.32401,2.1168,8.84977e+06,3.89515e+06,1.51668e+07,0,0,0,0
27.166,85.139,1.14322,0,0.02,3.84618,3.49928,0,0.737753,6.048,4.25838e+06,2.91414e+06,1.63785e+07,0,0,0,0,98.954,98.274,1.90306,1,1,1.61557,2.08448,0,1.32409,2.1168,8.84977e+06,3.89515e+06,1.42974e+07,0,0,0,0
27.239,85.139,2.68156,0,0.02,3.84633,3.49944,0,0.720774,6.048,4.25838e+06,2.91414e+06,1.63791e+07,0,0,0,0,99.2756,98.274,2.91714,1,1,1.61566,2.08457,0,1.24819,2.1168,8.84977e+06,3.89515e+06,1.42982e+07,0,0,0,0
30.0283,85.139,5.6118,0,0.02,3.84649,3.4996,0,0.720803,6.048,4.25838e+06,2.91414e+06,1.63798e+07,0,0,0,0,99.3022,98.274,4.75639,1,1,1.61575,2.08467,0,1.24826,2.1168,8.84977e+06,3.89515e+06,1.4299e+07,0,0,0,0
30.1718,85.139,3.02069,0,0.02,3.84665,3.49976,0,0.720832,6.048,4.25838e+06,2.91414e+06,1.63805e+07,0,0,0,0,99.3022,98.274,3.03983,1,1,1.61585,2.08476,0,1.24833,2.1168,8.84977e+06,3.89515e+06,1.42999e+07,0,0,0,0
30.4716,85.139,2.86723,0,0.02,3.23634,3.23634,0,0.720861,6.048,4.25838e+06,2.70226e+06,1.37815e+07,0,0,0,0,99.3022,98.274,3.21858,0,1,1.87544,1.87544,0,1.2484,2.1168,8.84977e+06,3.61194e+06,1.65972e+07,0,0,0,0
31.6857,85.139,3.81862,0,0.02,3.23648,3.23648,0,0.606489,6.048,4.25838e+06,2.70226e+06,1.37822e+07,0,0,0,0,99.3022,98.274,3.69028,0,1,1.87552,1.87552,0,1.44896,2.1168,8.84977e+06,3.61194e+06,1.6598e+07,0,0,0,0
31.6071,85.139,2.52714,0,0.02,3.23663,3.23663,0,0.606517,6.048,4.25838e+06,2.70226e+06,1.37828e+07,0,0,0,0,98.8553,98.274,2.80728,0,1,1.87561,1.87561,0,1.44903,2.1168,8.84977e+06,3.61194e+06,1.65987e+07,0,0,0,0
31.1055,85.139,2.05882,0,0.02,3.23678,3.23678,0,0.606544,6.048,4.25838e+06,2.70226e+06,1.37834e+07,0,0,0,0,98.7059,98.274,1.9042,0,1,1.87569,1.87569,0,1.4491,2.1168,8.84977e+06,3.61194e+06,1.65995e+07,0,0,0,0
33.3219,85.139,4.94278,0,0.02,3.23692,3.23692,0,0.606572,6.048,4.25838e+06,2.70226e+06,1.3784e+07,0,0,0,0,99.3022,98.274,5.49219,0,1,1.87578,1.87578,0,1.44916,2.1168,8.84977e+06,3.61194e+06,1.66002e+07,0,0,0,0
37.3443,85.139,7.3173,0,0.02,3.68888,3.33847,0,0.6066,6.048,4.25838e+06,2.91414e+06,1.57086e+07,0,0,0,0,99.3022,98.274,7.11768,1,1,1.47084,1.93651,0,1.44923,2.1168,8.84977e+06,3.89515e+06,1.30166e+07,0,0,0,0
43.1703,85.139,9.47467,0,0.02,3.689,3.3386,0,0.691296,6.048,4.25838e+06,2.91414e+06,1.57092e+07,0,0,0,0,99.3022,98.274,8.1242,1,1,1.47091,1.93659,0,1.13637,2.1168,8.84977e+06,3.89515e+06,1.30172e+07,0,0,0,0
46.2534,85.139,6.76801,0,0.02,3.68913,3.33872,0,0.691319,6.048,4.25838e+06,2.91414e+06,1.57097e+07,0,0,0,0,99.3022,98.274,8.35873,1,1,1.47098,1.93666,0,1.13642,2.1168,8.84977e+06,3.89515e+06,1.30179e+07,0,0,0,0
51.0111,85.139,8.50494,0,0.02,3.68925,3.33885,0,0.691343,6.048,4.25838e+06,2.91414e+06,1.57102e+07,0,0,0,0,99.3022,98.274,7.79255,1,1,1.47105,1.93673,0,1.13648,2.1168,8.84977e+06,3.89515e+06,1.30185e+07,0,0,0,0
51.834,85.139,4.80763,0,0.02,4.00794,3.66465,0,0.691366,6.048,4.25838e+06,2.91414e+06,1.70673e+07,0,0,0,0,99.3022,98.274,7.45375,1,1,1.69388,2.16454,0,1.13654,2.1168,8.84977e+06,3.89515e+06,1.49904e+07,0,0,0,0
52.8484,85.139,4.98068,0,0.02,4.00807,3.66479,0,0.751087,6.048,4.25838e+06,2.91414e+06,1.70679e+07,0,0,0,0,99.3022,98.274,6.79952,1,1,1.69396,2.16462,0,1.30869,2.1168,8.84977e+06,3.89515e+06,1.49911e+07,0,0,0,0
53.3433,85.139,4.464,0,0.02,4.00821,3.66493,0,0.751113,6.048,4.25838e+06,2.91414e+06,1.70685e+07,0,0,0,0,99.3022,98.274,6.86286,1,1,1.69404,2.1647,0,1.30875,2.1168,8.84977e+06,3.89515e+06,1.49919e+07,0,0,0,0
54.0663,85.139,4.68862,0,0.02,4.00835,3.66507,0,0.751138,6.048,4.25838e+06,2.91414e+06,1.7069e+07,0,0,0,0,99.3022,98.274,7.22708,1,1,1.69412,2.16478,0,1.30881,2.1168,8.84977e+06,3.89515e+06,1.49926e+07,0,0,0,0
57.188,85.139,6.72839,0,0.02,3.20062,3.20062,0,0.751164,6.048,4.25838e+06,2.70226e+06,1.36295e+07,0,0,0,0,99.3022,98.274,11.2537,0,1,1.85921,1.85921,0,1.30888,2.1168,8.84977e+06,3.61194e+06,1.64535e+07,0,0,0,0
59.5452,85.139,5.94026,0,0.02,3.20075,3.20075,0,0.599797,6.048,4.25838e+06,2.70226e+06,1.363e+07,0,0,0,0,99.3022,98.274,10.6598,0,1,1.85928,1.85928,0,1.43642,2.1168,8.84977e+06,3.61194e+06,1.64542e+07,0,0,0,0
63.5027,85.139,7.65442,0,0.02,3.20087,3.20087,0,0.59982,6.048,4.25838e+06,2.70226e+06,1.36305e+07,0,0,0,0,99.3022,98.274,12.0738,0,1,1.85935,1.85935,0,1.43648,2.1168,8.84977e+06,3.61194e+06,1.64548e+07,0,0,0,0
67.0329,85.139,7.33796,0,0.02,3.20099,3.20099,0,0.599843,6.048,4.25838e+06,2.70226e+06,1.3631e+07,0,0,0,0,99.3022,98.274,11.6048,0,1,1.85942,1.85942,0,1.43653,2.1168,8.84977e+06,3.61194e+06,1.64554e+07,0,0,0,0
70.5235,85.139,7.25979,0,0.02,3.20111,3.20111,0,0.599865,6.048,4.25838e+06,2.70226e+06,1.36315e+07,0,0,0,0,99.3022,98.274,10.702,0,1,1.85949,1.85949,0,1.43659,2.1168,8.84977e+06,3.61194e+06,1.64561e+07,0,0,0,0
73.0852,85.139,6.59308,0,0.02,3.66905,3.3182,0,0.599888,6.048,4.25838e+06,2.91414e+06,1.56242e+07,0,0,0,0,99.3022,98.274,11.641,1,1,1.46872,1.93435,0,1.43664,2.1168,8.84977e+06,3.89515e+06,1.29979e+07,0,0,0,0
73.7676,85.139,4.64761,0,0.02,3.66918,3.31833,0,0.68758,6.048,4.25838e+06,2.91414e+06,1.56247e+07,0,0,0,0,99.3022,98.274,7.82169,1,1,1.46879,1.93442,0,1.13473,2.1168,8.84977e+06,3.89515e+06,1.29985e+07,0,0,0,0
73.9628,85.139,4.15613,0,0.02,3.6693,3.31845,0,0.687604,6.048,4.25838e+06,2.91414e+06,1.56253e+07,0,0,0,0,99.3022,98.274,6.8128,1,1,1.46887,1.9345,0,1.13479,2.1168,8.84977e+06,3.89515e+06,1.29991e+07,0,0,0,0
74.0476,85.139,3.95775,0,0.02,3.66942,3.31858,0,0.687627,6.048,4.25838e+06,2.91414e+06,1.56258e+07,0,0,0,0,99.3022,98.274,7.22344,1,1,1.46894,1.93457,0,1.13485,2.1168,8.84977e+06,3.89515e+06,1.29998e+07,0,0,0,0
73.9658,85.139,3.75372,0,0.02,3.62481,3.27296,0,0.68765,6.048,4.25838e+06,2.91414e+06,1.54358e+07,0,0,0,0,99.3022,98.274,4.85521,1,1,1.44059,1.90559,0,1.1349,2.1168,8.84977e+06,3.89515e+06,1.27489e+07,0,0,0,0
73.6919,85.139,3.54144,0,0.02,3.62493,3.27309,0,0.679289,6.048,4.25838e+06,2.91414e+06,1.54363e+07,0,0,0,0,99.3022,98.274,4.69035,1,1,1.44066,1.90566,0,1.113,2.1168,8.84977e+06,3.89515e+06,1.27495e+07,0,0,0,0
73.249,85.139,3.3545,0,0.02,3.62505,3.27321,0,0.679311,6.048,4.25838e+06,2.91414e+06,1.54368e+07,0,0,0,0,99.3022,98.274,5.63693,1,1,1.44073,1.90574,0,1.11306,2.1168,8.84977e+06,3.89515e+06,1.27502e+07,0,0,0,0
72.5699,85.139,3.09791,0,0.02,3.62517,3.27334,0,0.679334,6.048,4.25838e+06,2.91414e+06,1.54373e+07,0,0,0,0,99.3022,98.274,4.81467,1,1,1.44081,1.90581,0,1.11311,2.1168,8.84977e+06,3.89515e+06,1.27508e+07,0,0,0,0
71.9919,85.139,3.27669,0,0.02,3.77718,3.42875,0,0.679357,6.048,4.25838e+06,2.91414e+06,1.60847e+07,0,0,0,0,99.3022,98.274,4.55209,1,1,1.54167,2.00892,0,1.11317,2.1168,8.84977e+06,3.89515e+06,1.36434e+07,0,0,0,0
71.1883,85.139,3.00173,0,0.02,3.77731,3.42888,0,0.707844,6.048,4.25838e+06,2.91414e+06,1.60852e+07,0,0,0,0,99.3022,98.274,4.23316,1,1,1.54174,2.009,0,1.19109,2.1168,8.84977e+06,3.89515e+06,1.36441e+07,0,0,0,0
70.2038,85.139,2.77328,0,0.02,3.77744,3.42901,0,0.707868,6.048,4.25838e+06,2.91414e+06,1.60858e+07,0,0,0,0,99.3022,98.274,4.2454,1,1,1.54182,2.00908,0,1.19115,2.1168,8.84977e+06,3.89515e+06,1.36447e+07,0,0,0,0
69.1491,85.139,2.6833,0,0.02,3.77757,3.42914,0,0.707892,6.048,4.25838e+06,2.91414e+06,1.60863e+07,0,0,0,0,99.3022,98.274,4.21757,1,1,1.54189,2.00915,0,1.19121,2.1168,8.84977e+06,3.89515e+06,1.36454e+07,0,0,0,0
67.8969,85.139,2.45996,0,0.02,3.77769,3.42927,0,0.707916,6.048,4.25838e+06,2.91414e+06,1.60868e+07,0,0,0,0,99.3022,98.274,3.78239,1,1,1.54197,2.00923,0,1.19127,2.1168,8.84977e+06,3.89515e+06,1.36461e+07,0,0,0,0
66.4941,85.139,2.26438,0,0.02,3.74778,3.39868,0,0.70794,6.048,4.25838e+06,2.91414e+06,1.59595e+07,0,0,0,0,99.3022,98.274,3.7066,1,1,1.59745,2.06595,0,1.19132,2.1168,8.84977e+06,3.89515e+06,1.41371e+07,0,0,0,0
64.915,85.139,2.06666,0,0.02,3.74791,3.39881,0,0.702334,6.048,4.25838e+06,2.91414e+06,1.596e+07,0,0,0,0,99.3022,98.274,3.40211,1,1,1.59752,2.06603,0,1.23419,2.1168,8.84977e+06,3.89515e+06,1.41377e+07,0,0,0,0
63.2029,85.139,1.88658,0,0.02,3.74803,3.39894,0,0.702357,6.048,4.25838e+06,2.91414e+06,1.59605e+07,0,0,0,0,99.3022,98.274,3.26177,1,1,1.5976,2.06611,0,1.23425,2.1168,8.84977e+06,3.89515e+06,1.41384e+07,0,0,0,0
61.4221,85.139,1.76002,0,0.02,3.74816,3.39907,0,0.702381,6.048,4.25838e+06,2.91414e+06,1.59611e+07,0,0,0,0,99.3022,98.274,3.11175,1,1,1.59768,2.06619,0,1.23431,2.1168,8.84977e+06,3.89515e+06,1.41391e+07,0,0,0,0
59.6282,85.139,1.81718,0,0.02,3.82588,3.47853,0,0.702405,6.048,4.25838e+06,2.91414e+06,1.6292e+07,0,0,0,0,99.3022,98.274,3.72029,1,1,1.64714,2.11676,0,1.23437,2.1168,8.84977e+06,3.89515e+06,1.45768e+07,0,0,0,0
57.7274,85.139,1.65747,0,0.02,3.82601,3.47867,0,0.71697,6.048,4.25838e+06,2.91414e+06,1.62926e+07,0,0,0,0,99.3022,98.274,3.69701,1,1,1.64722,2.11684,0,1.27258,2.1168,8.84977e+06,3.89515e+06,1.45775e+07,0,0,0,0
55.726,85.139,1.52209,0,0.02,3.82614,3.4788,0,0.716995,6.048,4.25838e+06,2.91414e+06,1.62931e+07,0,0,0,0,99.3022,98.274,3.22957,1,1,1.6473,2.11692,0,1.27264,2.1168,8.84977e+06,3.89515e+06,1.45782e+07,0,0,0,0
53.8433,85.139,1.59907,0,0.02,3.82627,3.47893,0,0.717019,6.048,4.25838e+06,2.91414e+06,1.62937e+07,0,0,0,0,99.3022,98.274,3.88279,1,1,1.64738,2.117,0,1.2727,2.1168,8.84977e+06,3.89515e+06,1.45789e+07,0,0,0,0
51.6342,85.139,1.41527,0,0.02,4.05367,3.71141,0,0.717043,6.048,4.25838e+06,2.91414e+06,1.72621e+07,0,0,0,0,99.2467,98.274,3.12267,1,1,1.82575,2.29935,0,1.27277,2.1168,8.84977e+06,3.89515e+06,1.61574e+07,0,0,0,0
49.5334,85.139,1.50324,0,0.02,4.05381,3.71156,0,0.759659,6.048,4.25838e+06,2.91414e+06,1.72627e+07,0,0,0,0,99.2953,98.274,3.42962,1,1,1.82583,2.29944,0,1.41057,2.1168,8.84977e+06,3.89515e+06,1.61582e+07,0,0,0,0
47.1853,85.139,1.21487,0,0.02,4.05395,3.7117,0,0.759685,6.048,4.25838e+06,2.91414e+06,1.72633e+07,0,0,0,0,99.1094,98.274,2.5007,1,1,1.82592,2.29953,0,1.41064,2.1168,8.84977e+06,3.89515e+06,1.6159e+07,0,0,0,0
45.1537,85.139,1.46368,0,0.02,4.05409,3.71184,0,0.759711,6.048,4.25838e+06,2.91414e+06,1.72638e+07,0,0,0,0,99.3022,98.274,4.2907,1,1,1.826,2.29961,0,1.4107,2.1168,8.84977e+06,3.89515e+06,1.61597e+07,0,0,0,0
43.404,85.139,1.74157,0,0.02,4.05423,3.71198,0,0.759736,6.048,4.25838e+06,2.91414e+06,1.72644e+07,0,0,0,0,99.3022,98.274,3.64309,1,1,1.82609,2.2997,0,1.41077,2.1168,8.84977e+06,3.89515e+06,1.61605e+07,0,0,0,0
42.886,85.139,2.90583,0,0.02,3.94358,3.59886,0,0.759762,6.048,4.25838e+06,2.91414e+06,1.67932e+07,0,0,0,0,99.3022,98.274,4.49769,1,1,1.71794,2.18914,0,1.41084,2.1168,8.84977e+06,3.89515e+06,1.52034e+07,0,0,0,0
41.95,85.139,2.45632,0,0.02,3.94371,3.599,0,0.739027,6.048,4.25838e+06,2.91414e+06,1.67938e+07,0,0,0,0,99.3022,98.274,6.84341,1,1,1.71802,2.18922,0,1.32728,2.1168,8.84977e+06,3.89515e+06,1.52041e+07,0,0,0,0
40.7104,85.139,2.12511,0,0.02,3.94385,3.59913,0,0.739052,6.048,4.25838e+06,2.91414e+06,1.67944e+07,0,0,0,0,99.3022,98.274,3.96167,1,1,1.7181,2.1893,0,1.32734,2.1168,8.84977e+06,3.89515e+06,1.52048e+07,0,0,0,0
39.582,85.139,2.20382,0,0.02,3.94398,3.59927,0,0.739077,6.048,4.25838e+06,2.91414e+06,1.6795e+07,0,0,0,0,99.3022,98.274,3.85542,1,1,1.71818,2.18939,0,1.32741,2.1168,8.84977e+06,3.89515e+06,1.52055e+07,0,0,0,0
39.9023,85.139,3.67975,0,0.02,3.85317,3.50643,0,0.739102,6.048,4.25838e+06,2.91414e+06,1.64082e+07,0,0,0,0,99.3022,98.274,4.80547,1,1,1.61973,2.08873,0,1.32747,2.1168,8.84977e+06,3.89515e+06,1.43342e+07,0,0,0,0
41.3052,85.139,4.78097,0,0.02,3.8533,3.50656,0,0.722083,6.048,4.25838e+06,2.91414e+06,1.64088e+07,0,0,0,0,99.3022,98.274,5.0731,1,1,1.61981,2.08881,0,1.2514,2.1168,8.84977e+06,3.89515e+06,1.43349e+07,0,0,0,0
42.6742,85.139,4.81201,0,0.02,3.85343,3.50669,0,0.722108,6.048,4.25838e+06,2.91414e+06,1.64093e+07,0,0,0,0,99.3022,98.274,5.41458,1,1,1.61989,2.08889,0,1.25146,2.1168,8.84977e+06,3.89515e+06,1.43356e+07,0,0,0,0
44.4215,85.139,5.21622,0,0.02,3.85356,3.50683,0,0.722132,6.048,4.25838e+06,2.91414e+06,1.64099e+07,0,0,0,0,99.3022,98.274,7.39291,1,1,1.61996,2.08897,0,1.25152,2.1168,8.84977e+06,3.89515e+06,1.43363e+07,0,0,0,0
47.7268,85.139,6.52798,0,0.02,3.24285,3.24285,0,0.722157,6.048,4.25838e+06,2.70226e+06,1.38093e+07,0,0,0,0,99.3022,98.274,8.56437,0,1,1.87921,1.87921,0,1.25158,2.1168,8.84977e+06,3.61194e+06,1.66306e+07,0,0,0,0
51.9952,85.139,7.87584,0,0.02,3.24297,3.24297,0,0.607709,6.048,4.25838e+06,2.70226e+06,1.38098e+07,0,0,0,0,99.3022,98.274,9.49319,0,1,1.87928,1.87928,0,1.45188,2.1168,8.84977e+06,3.61194e+06,1.66312e+07,0,0,0,0
56.4299,85.139,7.99068,0,0.02,3.24309,3.24309,0,0.607733,6.048,4.25838e+06,2.70226e+06,1.38103e+07,0,0,0,0,99.3022,98.274,11.381,0,1,1.87935,1.87935,0,1.45193,2.1168,8.84977e+06,3.61194e+06,1.66319e+07,0,0,0,0
59.8084,85.139,7.00832,0,0.02,3.24322,3.24322,0,0.607756,6.048,4.25838e+06,2.70226e+06,1.38108e+07,0,0,0,0,99.3022,98.274,9.88867,0,1,1.87943,1.87943,0,1.45199,2.1168,8.84977e+06,3.61194e+06,1.66325e+07,0,0,0,0
63.5621,85.139,7.42754,0,0.02,3.24334,3.24334,0,0.607779,6.048,4.25838e+06,2.70226e+06,1.38114e+07,0,0,0,0,99.3022,98.274,9.90086,0,1,1.8795,1.8795,0,1.45204,2.1168,8.84977e+06,3.61194e+06,1.66331e+07,0,0,0,0
67.0397,85.139,7.50159,0,0.02,3.69533,3.34506,0,0.607802,6.048,4.25838e+06,2.91414e+06,1.57361e+07,0,0,0,0,99.3022,98.274,10.0793,1,1,1.47458,1.94034,0,1.4521,2.1168,8.84977e+06,3.89515e+06,1.30497e+07,0,0,0,0
70.0664,85.139,7.01486,0,0.04,3.69543,3.34516,0,0.692504,6.048,4.25838e+06,2.91414e+06,1.57365e+07,0,0,0,0,99.3022,98.274,9.52305,1,1,1.47464,1.9404,0,1.13926,2.1168,8.84977e+06,3.89515e+06,1.30502e+07,0,0,0,0
72.4803,85.139,6.40576,0,0.04,3.69553,3.34527,0,0.692523,6.048,4.25838e+06,2.91414e+06,1.57369e+07,0,0,0,0,99.3022,98.274,7.24867,1,1,1.47469,1.94046,0,1.1393,2.1168,8.84977e+06,3.89515e+06,1.30507e+07,0,0,0,0
75.1661,85.139,6.80453,0,0.04,3.69563,3.34537,0,0.692542,6.048,4.25838e+06,2.91414e+06,1.57374e+07,0,0,0,0,99.3022,98.274,7.78262,1,1,1.47475,1.94051,0,1.13935,2.1168,8.84977e+06,3.89515e+06,1.30512e+07,0,0,0,0
80.6705,85.139,10.2335,0,0.04,4.01491,3.67178,0,0.692561,6.048,4.25838e+06,2.91414e+06,1.7097e+07,0,0,0,0,99.3022,98.274,13.202,1,1,1.69799,2.16874,0,1.13939,2.1168,8.84977e+06,3.89515e+06,1.50269e+07,0,0,0,0
85.139,85.139,9.31687,0,0.04,4.01502,3.67189,0,0.752394,6.048,4.25838e+06,2.91414e+06,1.70975e+07,0,0,0,0,99.3022,98.274,11.2106,1,1,1.69806,2.16881,0,1.31187,2.1168,8.84977e+06,3.89515e+06,1.50274e+07,0,0,0,0
85.139,85.139,9.92592,0,0.04,4.01513,3.672,0,0.752414,6.048,4.25838e+06,2.91414e+06,1.70979e+07,0,0,0,0,99.3022,98.274,13.5617,1,1,1.69812,2.16888,0,1.31192,2.1168,8.84977e+06,3.89515e+06,1.5028e+07,0,0,0,0
85.139,85.139,15.2863,0,0.04,4.01524,3.67212,0,0.752435,6.048,4.25838e+06,2.91414e+06,1.70984e+07,0,0,0,0,99.3022,98.274,21.4782,1,1,1.69819,2.16894,0,1.31197,2.1168,8.84977e+06,3.89515e+06,1.50286e+07,0,0,0,0
85.139,85.139,6.54041,0,0.04,3.20675,3.20675,0,0.752455,6.048,4.25838e+06,2.70226e+06,1.36556e+07,0,0,0,0,99.3022,98.274,9.5652,0,1,1.86277,1.86277,0,1.31202,2.1168,8.84977e+06,3.61194e+06,1.6485e+07,0,0,0,0
85.139,85.139,4.39761,0.13,0.04,3.20685,3.20685,0,0.600945,6.048,4.25838e+06,2.70226e+06,1.3656e+07,0,0,0,0,99.3022,98.274,4.79576,0,1,1.86282,1.86282,0,1.43917,2.1168,8.84977e+06,3.61194e+06,1.64856e+07,0,0,0,0
85.139,85.139,3.83615,0.16,0.04,3.20695,3.20695,0,0.600964,6.048,4.25838e+06,2.70226e+06,1.36564e+07,0,0,0,0,99.3022,98.274,4.58631,0,1,1.86288,1.86288,0,1.43922,2.1168,8.84977e+06,3.61194e+06,1.64861e+07,0,0,0,0
85.139,85.139,6.52668,0.17,0.04,3.20705,3.20705,0,0.600982,6.048,4.25838e+06,2.70226e+06,1.36568e+07,0,0,0,0,99.3022,98.274,7.64219,0,1,1.86294,1.86294,0,1.43926,2.1168,8.84977e+06,3.61194e+06,1.64866e+07,0,0,0,0
85.139,85.139,6.549,0.23,0.04,3.20714,3.20714,0,0.601,6.048,4.25838e+06,2.70226e+06,1.36572e+07,0,0,0,0,99.3022,98.274,7.2233,0,1,1.86299,1.86299,0,1.4393,2.1168,8.84977e+06,3.61194e+06,1.64871e+07,0,0,0,0
85.139,85.139,5.93281,0.37,0.04,3.25178,3.32443,0,0.601019,6.048,4.25838e+06,2.91414e+06,1.38473e+07,0,0,0,0,99.3022,98.274,6.96511,1,1,1.89563,1.93798,0,1.43935,2.1168,8.84977e+06,3.89515e+06,1.67759e+07,0,0,0,0
85.139,85.139,6.30294,0.42,0.04,2.9613,3.32453,0,0.609384,6.048,4.25838e+06,2.91414e+06,1.26103e+07,0,0,0,0,99.3022,98.274,9.14168,1,1,1.7263,1.93804,0,1.46457,2.1168,8.84977e+06,3.89515e+06,1.52773e+07,0,0,0,0
85.139,85.139,5.34659,0.37,0.04,3.25198,3.32463,0,0.554948,6.048,4.25838e+06,2.91414e+06,1.38482e+07,0,0,0,0,99.3022,98.274,7.34373,1,1,1.89575,1.9381,0,1.33374,2.1168,8.84977e+06,3.89515e+06,1.67769e+07,0,0,0,0
85.139,85.139,4.40523,0.39,0.04,3.25208,3.32473,0,0.609422,6.048,4.25838e+06,2.91414e+06,1.38486e+07,0,0,0,0,99.3022,98.274,5.5819,1,1,1.89581,1.93816,0,1.46466,2.1168,8.84977e+06,3.89515e+06,1.67775e+07,0,0,0,0
85.139,85.139,4.35812,0.34,0.04,3.20736,3.27901,0,0.60944,6.048,4.25838e+06,2.91414e+06,1.36581e+07,0,0,0,0,99.3022,98.274,6.54938,1,1,1.8674,1.90911,0,1.4647,2.1168,8.84977e+06,3.89515e+06,1.6526e+07,0,0,0,0
85.139,85.139,3.98626,0.32,0.04,3.20746,3.27911,0,0.601059,6.048,4.25838e+06,2.91414e+06,1.36586e+07,0,0,0,0,99.3022,98.274,6.25884,1,1,1.86745,1.90917,0,1.44275,2.1168,8.84977e+06,3.89515e+06,1.65265e+07,0,0,0,0
85.139,85.139,3.72807,0.32,0.04,3.20755,3.27921,0,0.601077,6.048,4.25838e+06,2.91414e+06,1.3659e+07,0,0,0,0,99.3022,98.274,6.11491,1,1,1.86751,1.90923,0,1.44279,2.1168,8.84977e+06,3.89515e+06,1.6527e+07,0,0,0,0
85.139,85.139,3.56753,0.3,0.04,3.20765,3.27931,0,0.601096,6.048,4.25838e+06,2.91414e+06,1.36594e+07,0,0,0,0,99.3022,98.274,7.459,1,1,1.86757,1.90929,0,1.44284,2.1168,8.84977e+06,3.89515e+06,1.65275e+07,0,0,0,0
84.7039,85.139,3.19026,0.26,0.04,3.35992,3.43498,0,0.601114,6.048,4.25838e+06,2.91414e+06,1.43078e+07,0,0,0,0,99.3022,98.274,5.14515,1,1,1.9686,2.01257,0,1.44288,2.1168,8.84977e+06,3.89515e+06,1.74216e+07,0,0,0,0
84.2836,85.139,3.14252,0.37,0.04,3.36002,3.43508,0,0.629648,6.048,4.25838e+06,2.91414e+06,1.43082e+07,0,0,0,0,99.3022,98.274,5.63682,1,1,1.96866,2.01264,0,1.52094,2.1168,8.84977e+06,3.89515e+06,1.74222e+07,0,0,0,0
83.6602,85.139,2.86378,0.33,0.04,3.36012,3.43519,0,0.629668,6.048,4.25838e+06,2.91414e+06,1.43087e+07,0,0,0,0,99.3022,98.274,4.95501,1,1,1.96872,2.0127,0,1.52098,2.1168,8.84977e+06,3.89515e+06,1.74227e+07,0,0,0,0
82.8238,85.139,2.63203,0.28,0.04,3.36023,3.43529,0,0.629687,6.048,4.25838e+06,2.91414e+06,1.43091e+07,0,0,0,0,99.3022,98.274,4.19363,1,1,1.96878,2.01276,0,1.52103,2.1168,8.84977e+06,3.89515e+06,1.74232e+07,0,0,0,0
82.1807,85.139,2.85006,0.23,0.04,3.36033,3.4354,0,0.629706,6.048,4.25838e+06,2.91414e+06,1.43095e+07,0,0,0,0,99.3022,98.274,4.07184,1,1,1.96884,2.01282,0,1.52108,2.1168,8.84977e+06,3.89515e+06,1.74238e+07,0,0,0,0
81.7537,85.139,3.04805,0.19,0.04,3.33033,3.40473,0,0.629725,6.048,4.25838e+06,2.91414e+06,1.41818e+07,0,0,0,0,99.3022,98.274,4.33218,1,1,2.0244,2.06963,0,1.52112,2.1168,8.84977e+06,3.89515e+06,1.79155e+07,0,0,0,0
81.1837,85.139,2.84537,0.17,0.04,3.33044,3.40484,0,0.624104,6.048,4.25838e+06,2.91414e+06,1.41822e+07,0,0,0,0,99.3022,98.274,4.17731,1,1,2.02447,2.06969,0,1.56405,2.1168,8.84977e+06,3.89515e+06,1.79161e+07,0,0,0,0
80.436,85.139,2.65083,0.17,0.04,3.33054,3.40494,0,0.624124,6.048,4.25838e+06,2.91414e+06,1.41827e+07,0,0,0,0,99.3022,98.274,4.21439,1,1,2.02453,2.06975,0,1.5641,2.1168,8.84977e+06,3.89515e+06,1.79166e+07,0,0,0,0
79.5194,85.139,2.46609,0.17,0.04,3.33064,3.40504,0,0.624143,6.048,4.25838e+06,2.91414e+06,1.41831e+07,0,0,0,0,99.3022,98.274,4.16241,1,1,2.02459,2.06982,0,1.56415,2.1168,8.84977e+06,3.89515e+06,1.79172e+07,0,0,0,0
78.5717,85.139,2.49535,0.16,0.04,3.40847,3.48462,0,0.624162,6.048,4.25838e+06,2.91414e+06,1.45146e+07,0,0,0,0,99.3022,98.274,3.29118,1,1,2.07412,2.12046,0,1.5642,2.1168,8.84977e+06,3.89515e+06,1.83555e+07,0,0,0,0
77.5733,85.139,2.43744,0.21,0.04,3.40858,3.48472,0,0.638748,6.048,4.25838e+06,2.91414e+06,1.4515e+07,0,0,0,0,99.3022,98.274,3.39353,1,1,2.07419,2.12052,0,1.60247,2.1168,8.84977e+06,3.89515e+06,1.83561e+07,0,0,0,0
76.4354,85.139,2.2761,0.21,0.04,3.40868,3.48483,0,0.638768,6.048,4.25838e+06,2.91414e+06,1.45155e+07,0,0,0,0,99.2813,98.274,3.18408,1,1,2.07425,2.12059,0,1.60252,2.1168,8.84977e+06,3.89515e+06,1.83567e+07,0,0,0,0
75.1307,85.139,2.08904,0.17,0.04,3.40879,3.48494,0,0.638787,6.048,4.25838e+06,2.91414e+06,1.45159e+07,0,0,0,0,99.2503,98.274,3.01551,1,1,2.07431,2.12065,0,1.60257,2.1168,8.84977e+06,3.89515e+06,1.83572e+07,0,0,0,0
73.8328,85.139,2.26303,0.11,0.04,3.63656,3.71779,0,0.638807,6.048,4.25838e+06,2.91414e+06,1.54858e+07,0,0,0,0,99.2479,98.274,3.44016,1,1,2.1168,2.3033,0.136173,1.60262,2.1168,8.84977e+06,3.89515e+06,1.87332e+07,0,0,0,0
72.4216,85.139,2.13822,0.1,0.04,3.63667,3.71791,0,0.681491,6.048,4.25838e+06,2.91414e+06,1.54863e+07,0,0,0,0,99.1565,98.274,3.03983,1,1,2.1168,2.30337,0.136242,1.63544,2.1168,8.84977e+06,3.89515e+06,1.87332e+07,0,0,0,0
70.6637,85.139,1.80209,0.11,0.04,3.63678,3.71802,0,0.681511,6.048,4.25838e+06,2.91414e+06,1.54868e+07,0,0,0,0,98.9532,98.274,2.67779,1,1,2.1168,2.30344,0.136311,1.63544,2.1168,8.84977e+06,3.89515e+06,1.87332e+07,0,0,0,0
69.1016,85.139,1.96304,0.11,0.04,3.63689,3.71814,0,0.681532,6.048,4.25838e+06,2.91414e+06,1.54872e+07,0,0,0,0,99.0315,98.274,3.51583,1,1,2.1168,2.30351,0.13638,1.63544,2.1168,8.84977e+06,3.89515e+06,1.87332e+07,0,0,0,0
67.4658,85.139,1.87566,0.05,0.04,3.637,3.71825,0,0.681553,6.048,4.25838e+06,2.91414e+06,1.54877e+07,0,0,0,0,98.8666,98.274,3.07792,1,1,2.1168,2.30359,0.136449,1.63544,2.1168,8.84977e+06,3.89515e+06,1.87332e+07,0,0,0,0
65.3937,85.139,1.32463,0.12,0.04,3.52614,3.60491,0,0.681574,6.048,4.25838e+06,2.91414e+06,1.50156e+07,0,0,0,0,98.8259,98.274,3.71494,1,1,2.1168,2.19282,0.0281007,1.63544,2.1168,8.84977e+06,3.89515e+06,1.87332e+07,0,0,0,0
63.197,85.139,1.17811,0.02,0.04,3.52625,3.60502,0,0.660799,6.048,4.25838e+06,2.91414e+06,1.50161e+07,0,0,0,0,98.4078,98.274,2.33643,1,1,2.1168,2.19288,0.0281662,1.63544,2.1168,8.84977e+06,3.89515e+06,1.87332e+07,0,0,0,0
60.4967,85.139,0.980054,0,0.04,3.94972,3.60513,0,0.660819,6.048,4.25838e+06,2.91414e+06,1.68194e+07,0,0,0,0,98.1633,98.274,2.08267,1,1,1.72167,2.19295,0,1.63544,2.1168,8.84977e+06,3.89515e+06,1.52364e+07,0,0,0,0
58.5452,85.139,1.81598,0,0.04,3.94982,3.60524,0,0.740177,6.048,4.25838e+06,2.91414e+06,1.68198e+07,0,0,0,0,98.2507,98.274,2.85843,1,1,1.72174,2.19302,0,1.33016,2.1168,8.84977e+06,3.89515e+06,1.5237e+07,0,0,0,0
56.3725,85.139,1.52906,0,0.04,3.85883,3.51222,0,0.740197,6.048,4.25838e+06,2.91414e+06,1.64324e+07,0,0,0,0,97.9566,98.274,2.68758,1,1,1.6231,2.09218,0,1.33021,2.1168,8.84977e+06,3.89515e+06,1.43641e+07,0,0,0,0
54.0801,85.139,1.3611,0,0.04,3.85894,3.51233,0,0.723145,6.048,4.25838e+06,2.91414e+06,1.64328e+07,0,0,0,0,97.9843,98.274,1.60277,1,1,1.62317,2.09225,0,1.25401,2.1168,8.84977e+06,3.89515e+06,1.43647e+07,0,0,0,0
53.6834,85.139,3.28687,0,0.04,3.85904,3.51243,0,0.723165,6.048,4.25838e+06,2.91414e+06,1.64332e+07,0,0,0,0,98.6173,98.274,3.97298,1,1,1.62323,2.09231,0,1.25406,2.1168,8.84977e+06,3.89515e+06,1.43652e+07,0,0,0,0
54.5102,85.139,4.59649,0,0.04,3.85915,3.51254,0,0.723184,6.048,4.25838e+06,2.91414e+06,1.64337e+07,0,0,0,0,99.3022,98.274,6.39426,1,1,1.62329,2.09237,0,1.25411,2.1168,8.84977e+06,3.89515e+06,1.43658e+07,0,0,0,0
55.6788,85.139,4.47008,0,0.04,3.2481,3.2481,0,0.723204,6.048,4.25838e+06,2.70226e+06,1.38317e+07,0,0,0,0,99.3022,98.274,5.71554,0,1,1.88226,1.88226,0,1.25416,2.1168,8.84977e+06,3.61194e+06,1.66576e+07,0,0,0,0
57.5251,85.139,5.26787,0,0.04,3.2482,3.2482,0,0.608695,6.048,4.25838e+06,2.70226e+06,1.38321e+07,0,0,0,0,99.3022,98.274,6.0745,0,1,1.88232,1.88232,0,1.45423,2.1168,8.84977e+06,3.61194e+06,1.66581e+07,0,0,0,0
58.8925,85.139,4.82962,0,0.04,3.2483,3.2483,0,0.608713,6.048,4.25838e+06,2.70226e+06,1.38325e+07,0,0,0,0,99.3022,98.274,4.87212,0,1,1.88237,1.88237,0,1.45428,2.1168,8.84977e+06,3.61194e+06,1.66586e+07,0,0,0,0
61.5922,85.139,6.26778,0,0.04,3.2484,3.2484,0,0.608732,6.048,4.25838e+06,2.70226e+06,1.38329e+07,0,0,0,0,99.3022,98.274,6.97633,0,1,1.88243,1.88243,0,1.45432,2.1168,8.84977e+06,3.61194e+06,1.66591e+07,0,0,0,0
63.4256,85.139,5.50438,0,0.04,3.2485,3.2485,0,0.608751,6.048,4.25838e+06,2.70226e+06,1.38333e+07,0,0,0,0,99.3022,98.274,5.71435,0,1,1.88249,1.88249,0,1.45437,2.1168,8.84977e+06,3.61194e+06,1.66596e+07,0,0,0,0
63.9649,85.139,4.4495,0,0.04,3.70051,3.35036,0,0.608769,6.048,4.25838e+06,2.91414e+06,1.57582e+07,0,0,0,0,99.3022,98.274,3.55955,1,1,1.47758,1.94341,0,1.45441,2.1168,8.84977e+06,3.89515e+06,1.30763e+07,0,0,0,0
72.4905,85.139,12.5428,0,0.04,3.70059,3.35044,0,0.693476,6.048,4.25838e+06,2.91414e+06,1.57585e+07,0,0,0,0,99.3022,98.274,9.0323,1,1,1.47763,1.94346,0,1.14158,2.1168,8.84977e+06,3.89515e+06,1.30767e+07,0,0,0,0
85.1371,85.139,17.4861,0,0.04,3.70066,3.35051,0,0.69349,6.048,4.25838e+06,2.91414e+06,1.57588e+07,0,0,0,0,99.3022,98.274,19.4117,1,1,1.47767,1.9435,0,1.14162,2.1168,8.84977e+06,3.89515e+06,1.30771e+07,0,0,0,0
85.139,85.139,17.1646,0,0.04,3.70074,3.35059,0,0.693504,6.048,4.25838e+06,2.91414e+06,1.57591e+07,0,0,0,0,99.3022,98.274,15.8461,1,1,1.47772,1.94354,0,1.14165,2.1168,8.84977e+06,3.89515e+06,1.30775e+07,0,0,0,0
85.139,85.139,11.1701,0.15,0.04,3.59713,3.67749,0,0.693518,6.048,4.25838e+06,2.91414e+06,1.53179e+07,0,0,0,0,99.3022,98.274,14.4204,1,1,2.1168,2.17211,0.00785096,1.14168,2.1168,8.84977e+06,3.89515e+06,1.87332e+07,0,0,0,0
85.139,85.139,8.48035,0.21,0.04,3.59721,3.67757,0,0.674102,6.048,4.25838e+06,2.91414e+06,1.53183e+07,0,0,0,0,99.3022,98.274,9.95597,1,1,2.1168,2.17216,0.00790017,1.63544,2.1168,8.84977e+06,3.89515e+06,1.87332e+07,0,0,0,0
85.139,85.139,6.20041,0.22,0.04,3.59729,3.67766,0,0.674117,6.048,4.25838e+06,2.91414e+06,1.53186e+07,0,0,0,0,99.3022,98.274,6.5215,1,1,2.1168,2.17221,0.00794914,1.63544,2.1168,8.84977e+06,3.89515e+06,1.87332e+07,0,0,0,0
85.139,85.139,5.74324,0.24,0.04,3.59738,3.67774,0,0.674133,6.048,4.25838e+06,2.91414e+06,1.5319e+07,0,0,0,0,99.3022,98.274,5.98395,1,1,2.1168,2.17227,0.00799812,1.63544,2.1168,8.84977e+06,3.89515e+06,1.87332e+07,0,0,0,0
85.139,85.139,8.63722,0.26,0.04,3.21164,3.21164,0,0.674148,6.048,4.25838e+06,2.70226e+06,1.36764e+07,0,0,0,0,99.3022,98.274,13.628,0,1,1.8656,1.8656,0,1.63544,2.1168,8.84977e+06,3.61194e+06,1.65102e+07,0,0,0,0
85.139,85.139,8.52729,0.28,0.04,3.21171,3.21171,0,0.601861,6.048,4.25838e+06,2.70226e+06,1.36767e+07,0,0,0,0,99.3022,98.274,10.6972,0,1,1.86565,1.86565,0,1.44137,2.1168,8.84977e+06,3.61194e+06,1.65106e+07,0,0,0,0
85.139,85.139,12.2815,0.33,0.04,3.21179,3.21179,0,0.601875,6.048,4.25838e+06,2.70226e+06,1.3677e+07,0,0,0,0,99.3022,98.274,18.4386,0,1,1.86569,1.86569,0,1.4414,2.1168,8.84977e+06,3.61194e+06,1.65109e+07,0,0,0,0
85.139,85.139,14.9046,0.37,0.04,3.21186,3.21186,0,0.601889,6.048,4.25838e+06,2.70226e+06,1.36773e+07,0,0,0,0,99.3022,98.274,22.0019,0,1,1.86573,1.86573,0,1.44143,2.1168,8.84977e+06,3.61194e+06,1.65113e+07,0,0,0,0
85.139,85.139,9.6041,0.38,0.04,3.21193,3.21193,0,0.601903,6.048,4.25838e+06,2.70226e+06,1.36776e+07,0,0,0,0,99.3022,98.274,9.98161,0,1,1.86578,1.86578,0,1.44147,2.1168,8.84977e+06,3.61194e+06,1.65117e+07,0,0,0,0
85.139,85.139,7.83552,0.41,0.04,2.96561,3.32937,0,0.601917,6.048,4.25838e+06,2.91414e+06,1.26287e+07,0,0,0,0,99.3022,98.274,8.60687,1,1,1.72881,1.94086,0,1.4415,2.1168,8.84977e+06,3.89515e+06,1.52996e+07,0,0,0,0
85.139,85.139,7.17086,0.43,0.04,2.96568,3.32945,0,0.555756,6.048,4.25838e+06,2.91414e+06,1.2629e+07,0,0,0,0,99.3022,98.274,9.12968,1,1,1.72885,1.94091,0,1.33568,2.1168,8.84977e+06,3.89515e+06,1.52999e+07,0,0,0,0
85.139,85.139,6.84268,0.41,0.04,2.96575,3.32952,0,0.555769,6.048,4.25838e+06,2.91414e+06,1.26293e+07,0,0,0,0,99.3022,98.274,9.57038,1,1,1.72889,1.94095,0,1.33571,2.1168,8.84977e+06,3.89515e+06,1.53003e+07,0,0,0,0
85.139,85.139,5.44537,0.39,0.04,3.25684,3.3296,0,0.555781,6.048,4.25838e+06,2.91414e+06,1.38689e+07,0,0,0,0,99.3022,98.274,6.65531,1,1,1.89858,1.941,0,1.33574,2.1168,8.84977e+06,3.89515e+06,1.6802e+07,0,0,0,0
85.139,85.139,5.44898,0.38,0.04,3.21203,3.28378,0,0.610332,6.048,4.25838e+06,2.91414e+06,1.3678e+07,0,0,0,0,99.3022,98.274,4.43544,1,1,1.87011,1.91189,0,1.46684,2.1168,8.84977e+06,3.89515e+06,1.65501e+07,0,0,0,0
85.139,85.139,5.04785,0.35,0.04,3.2121,3.28386,0,0.601934,6.048,4.25838e+06,2.91414e+06,1.36783e+07,0,0,0,0,99.3022,98.274,4.14803,1,1,1.87016,1.91194,0,1.44485,2.1168,8.84977e+06,3.89515e+06,1.65505e+07,0,0,0,0
85.139,85.139,4.6918,0.35,0.04,3.21218,3.28394,0,0.601948,6.048,4.25838e+06,2.91414e+06,1.36787e+07,0,0,0,0,99.3022,98.274,4.12658,1,1,1.8702,1.91198,0,1.44488,2.1168,8.84977e+06,3.89515e+06,1.65509e+07,0,0,0,0
85.139,85.139,4.50728,0.32,0.04,3.21225,3.28401,0,0.601962,6.048,4.25838e+06,2.91414e+06,1.3679e+07,0,0,0,0,99.3022,98.274,5.07421,1,1,1.87024,1.91202,0,1.44492,2.1168,8.84977e+06,3.89515e+06,1.65512e+07,0,0,0,0
85.139,85.139,4.36525,0.29,0.04,3.36471,3.43988,0,0.601976,6.048,4.25838e+06,2.91414e+06,1.43282e+07,0,0,0,0,99.3022,98.274,3.94192,1,1,1.97141,2.01545,0,1.44495,2.1168,8.84977e+06,3.89515e+06,1.74465e+07,0,0,0,0
85.139,85.139,4.08602,0.24,0.04,3.36479,3.43995,0,0.630547,6.048,4.25838e+06,2.91414e+06,1.43285e+07,0,0,0,0,99.3022,98.274,3.42272,1,1,1.97145,2.01549,0,1.52311,2.1168,8.84977e+06,3.89515e+06,1.74469e+07,0,0,0,0
85.139,85.139,3.88853,0.2,0.04,3.36486,3.44003,0,0.630561,6.048,4.25838e+06,2.91414e+06,1.43289e+07,0,0,0,0,99.3022,98.274,3.23284,1,1,1.9715,2.01554,0,1.52314,2.1168,8.84977e+06,3.89515e+06,1.74473e+07,0,0,0,0
85.139,85.139,3.75453,0.19,0.04,3.36494,3.44011,0,0.630576,6.048,4.25838e+06,2.91414e+06,1.43292e+07,0,0,0,0,99.3022,98.274,3.41204,1,1,1.97154,2.01558,0,1.52318,2.1168,8.84977e+06,3.89515e+06,1.74477e+07,0,0,0,0
84.8283,85.139,3.25055,0.15,0.04,3.36502,3.44019,0,0.63059,6.048,4.25838e+06,2.91414e+06,1.43295e+07,0,0,0,0,99.3022,98.274,3.58259,1,1,1.97159,2.01563,0,1.52321,2.1168,8.84977e+06,3.89515e+06,1.74481e+07,0,0,0,0
83.9353,85.139,2.59949,0.23,0.04,3.33496,3.40946,0,0.630605,6.048,4.25838e+06,2.91414e+06,1.42015e+07,0,0,0,0,99.3022,98.274,4.23656,1,1,2.02721,2.0725,0,1.52325,2.1168,8.84977e+06,3.89515e+06,1.79404e+07,0,0,0,0
82.8516,85.139,2.39985,0.21,0.04,3.33504,3.40954,0,0.624971,6.048,4.25838e+06,2.91414e+06,1.42018e+07,0,0,0,0,99.3022,98.274,4.20535,1,1,2.02726,2.07255,0,1.56623,2.1168,8.84977e+06,3.89515e+06,1.79408e+07,0,0,0,0
81.575,85.139,2.19271,0.18,0.04,3.33511,3.40962,0,0.624986,6.048,4.25838e+06,2.91414e+06,1.42022e+07,0,0,0,0,99.3022,98.274,3.76239,1,1,2.02731,2.0726,0,1.56626,2.1168,8.84977e+06,3.89515e+06,1.79412e+07,0,0,0,0
80.158,85.139,2.01101,0.17,0.04,3.33519,3.4097,0,0.625,6.048,4.25838e+06,2.91414e+06,1.42025e+07,0,0,0,0,99.3022,98.274,3.68297,1,1,2.02736,2.07265,0,1.5663,2.1168,8.84977e+06,3.89515e+06,1.79416e+07,0,0,0,0
78.5825,85.139,1.87323,0.18,0.04,3.41311,3.48935,0,0.625015,6.048,4.25838e+06,2.91414e+06,1.45343e+07,0,0,0,0,99.3022,98.274,3.54922,1,1,2.07694,2.12334,0,1.56633,2.1168,8.84977e+06,3.89515e+06,1.83805e+07,0,0,0,0
76.9425,85.139,1.79336,0.21,0.04,3.41318,3.48943,0,0.639616,6.048,4.25838e+06,2.91414e+06,1.45346e+07,0,0,0,0,99.3022,98.274,3.54273,1,1,2.07699,2.12339,0,1.60465,2.1168,8.84977e+06,3.89515e+06,1.83809e+07,0,0,0,0
75.2084,85.139,1.67407,0.21,0.04,3.41326,3.48951,0,0.639631,6.048,4.25838e+06,2.91414e+06,1.4535e+07,0,0,0,0,99.2915,98.274,3.33309,1,1,2.07704,2.12344,0,1.60468,2.1168,8.84977e+06,3.89515e+06,1.83813e+07,0,0,0,0
73.3606,85.139,1.53642,0.2,0.04,3.41334,3.48959,0,0.639645,6.048,4.25838e+06,2.91414e+06,1.45353e+07,0,0,0,0,99.2702,98.274,3.14887,1,1,2.07709,2.12349,0,1.60472,2.1168,8.84977e+06,3.89515e+06,1.83817e+07,0,0,0,0
71.5092,85.139,1.69161,0.23,0.04,3.64139,3.72274,0,0.63966,6.048,4.25838e+06,2.91414e+06,1.55064e+07,0,0,0,0,99.3022,98.274,3.8844,1,1,2.1168,2.30636,0.139167,1.60476,2.1168,8.84977e+06,3.89515e+06,1.87332e+07,0,0,0,0
69.5204,85.139,1.52069,0.21,0.04,3.64147,3.72282,0,0.682396,6.048,4.25838e+06,2.91414e+06,1.55068e+07,0,0,0,0,99.3022,98.274,3.57931,1,1,2.1168,2.30642,0.139219,1.63544,2.1168,8.84977e+06,3.89515e+06,1.87332e+07,0,0,0,0
67.3758,85.139,1.36777,0.21,0.04,3.64156,3.72291,0,0.682412,6.048,4.25838e+06,2.91414e+06,1.55071e+07,0,0,0,0,99.2822,98.274,3.43107,1,1,2.1168,2.30647,0.139271,1.63544,2.1168,8.84977e+06,3.89515e+06,1.87332e+07,0,0,0,0
65.2809,85.139,1.38023,0.25,0.04,3.64164,3.72299,0,0.682428,6.048,4.25838e+06,2.91414e+06,1.55075e+07,0,0,0,0,99.3022,98.274,3.7074,1,1,2.1168,2.30652,0.139323,1.63544,2.1168,8.84977e+06,3.89515e+06,1.87332e+07,0,0,0,0
63.2297,85.139,1.40855,0.24,0.04,3.64172,3.72308,0,0.682443,6.048,4.25838e+06,2.91414e+06,1.55078e+07,0,0,0,0,99.3022,98.274,4.21457,1,1,2.1168,2.30658,0.139375,1.63544,2.1168,8.84977e+06,3.89515e+06,1.87332e+07,0,0,0,0
62.4606,85.139,2.60442,0.24,0.04,3.53069,3.60957,0,0.682459,6.048,4.25838e+06,2.91414e+06,1.5035e+07,0,0,0,0,99.3022,98.274,5.68287,1,1,2.1168,2.19565,0.0308705,1.63544,2.1168,8.84977e+06,3.89515e+06,1.87332e+07,0,0,0,0
60.5837,85.139,1.52221,0.24,0.04,3.53077,3.60965,0,0.661652,6.048,4.25838e+06,2.91414e+06,1.50354e+07,0,0,0,0,99.3022,98.274,3.78672,1,1,2.1168,2.1957,0.03092,1.63544,2.1168,8.84977e+06,3.89515e+06,1.87332e+07,0,0,0,0
58.6326,85.139,1.35666,0.28,0.04,3.53086,3.60973,0,0.661667,6.048,4.25838e+06,2.91414e+06,1.50357e+07,0,0,0,0,99.3022,98.274,3.16268,1,1,2.1168,2.19575,0.0309696,1.63544,2.1168,8.84977e+06,3.89515e+06,1.87332e+07,0,0,0,0
58.7045,85.139,3.47557,0.28,0.04,3.53094,3.60982,0,0.661682,6.048,4.25838e+06,2.91414e+06,1.50361e+07,0,0,0,0,99.3022,98.274,7.38513,1,1,2.1168,2.1958,0.0310191,1.63544,2.1168,8.84977e+06,3.89515e+06,1.87332e+07,0,0,0,0
57.6682,85.139,2.25751,0.3,0.04,3.4398,3.51665,0,0.661698,6.048,4.25838e+06,2.91414e+06,1.4648e+07,0,0,0,0,99.3022,98.274,3.85284,1,1,2.04905,2.09482,0,1.63544,2.1168,8.84977e+06,3.89515e+06,1.81336e+07,0,0,0,0
56.5207,85.139,2.13627,0.29,0.04,3.43988,3.51673,0,0.644619,6.048,4.25838e+06,2.91414e+06,1.46483e+07,0,0,0,0,99.1514,98.274,2.52552,1,1,2.04909,2.09487,0,1.58309,2.1168,8.84977e+06,3.89515e+06,1.8134e+07,0,0,0,0
55.6889,85.139,2.19824,0.42,0.04,3.13257,3.51681,0,0.644634,6.048,4.25838e+06,2.91414e+06,1.33397e+07,0,0,0,0,99.3022,98.274,4.3226,1,1,1.86603,2.09492,0,1.58313,2.1168,8.84977e+06,3.89515e+06,1.6514e+07,0,0,0,0
58.6581,85.139,6.18947,0.46,0.04,3.13265,3.51689,0,0.587045,6.048,4.25838e+06,2.91414e+06,1.334e+07,0,0,0,0,99.3022,98.274,9.79045,1,1,1.86608,2.09497,0,1.4417,2.1168,8.84977e+06,3.89515e+06,1.65144e+07,0,0,0,0
59.7461,85.139,4.40409,0.38,0.04,3.2521,3.2521,0,0.587058,6.048,4.25838e+06,2.70226e+06,1.38487e+07,0,0,0,0,99.3022,98.274,5.33332,0,1,1.88458,1.88458,0,1.44173,2.1168,8.84977e+06,3.61194e+06,1.66781e+07,0,0,0,0
62.5439,85.139,5.92091,0.45,0.04,2.89686,3.25218,0,0.609444,6.048,4.25838e+06,3.49697e+06,1.23359e+07,0,0,0,0,99.3022,98.274,11.2697,0,1,1.67871,1.88462,0,1.45602,2.1168,8.84977e+06,4.67418e+06,1.48562e+07,0,0,0,0
63.9439,85.139,4.79314,0.36,0.04,3.25225,3.25225,0,0.542871,6.048,4.25838e+06,2.70226e+06,1.38493e+07,0,0,0,0,99.3022,98.274,6.9305,0,1,1.88466,1.88466,0,1.29697,2.1168,8.84977e+06,3.61194e+06,1.66788e+07,0,0,0,0
65.4292,85.139,4.82651,0.39,0.04,3.18126,3.25233,0,0.609472,6.048,4.25838e+06,2.91414e+06,1.3547e+07,0,0,0,0,99.3022,98.274,4.44825,0,1,1.84352,1.88471,0,1.45609,2.1168,8.84977e+06,3.89515e+06,1.63148e+07,0,0,0,0
66.5341,85.139,4.24218,0.45,0.04,2.89706,3.2524,0,0.596168,6.048,4.25838e+06,3.49697e+06,1.23368e+07,0,0,0,0,99.3022,98.274,3.91542,0,1,1.67883,1.88475,0,1.42431,2.1168,8.84977e+06,4.67418e+06,1.48573e+07,0,0,0,0
64.7421,85.139,1.28112,0.48,0.04,2.98787,3.35436,0,0.542909,6.048,4.25838e+06,2.91414e+06,1.27235e+07,0,0,0,0,99.3022,98.274,4.68184,1,1,1.73315,1.94573,0,1.29706,2.1168,8.84977e+06,3.89515e+06,1.5338e+07,0,0,0,0
63.0739,85.139,1.3739,0.51,0.04,2.98792,3.35441,0,0.559927,6.048,4.25838e+06,2.91414e+06,1.27237e+07,0,0,0,0,99.3022,98.274,4.71127,1,1,1.73317,1.94576,0,1.33903,2.1168,8.84977e+06,3.89515e+06,1.53382e+07,0,0,0,0
62.65,85.139,2.64683,0.55,0.04,2.98797,3.35447,0,0.559936,6.048,4.25838e+06,2.91414e+06,1.27239e+07,0,0,0,0,99.3022,98.274,5.64429,1,1,1.7332,1.94579,0,1.33905,2.1168,8.84977e+06,3.89515e+06,1.53384e+07,0,0,0,0
63.1779,85.139,3.71842,0.57,0.04,2.98801,3.35452,0,0.559945,6.048,4.25838e+06,2.91414e+06,1.27241e+07,0,0,0,0,99.3022,98.274,5.49991,1,1,1.73323,1.94582,0,1.33907,2.1168,8.84977e+06,3.89515e+06,1.53387e+07,0,0,0,0
61.5951,85.139,1.79981,0.58,0.04,3.27951,3.68177,0,0.559954,6.048,4.25838e+06,2.91414e+06,1.39654e+07,0,0,0,0,99.3022,98.274,4.7376,1,1,1.93705,2.17464,0,1.33909,2.1168,8.84977e+06,3.89515e+06,1.71424e+07,0,0,0,0
60.8221,85.139,2.61369,0.66,0.04,3.27956,3.68183,0,0.61458,6.048,4.25838e+06,2.91414e+06,1.39656e+07,0,0,0,0,99.3022,98.274,7.1617,1,1,1.93708,2.17468,0,1.49656,2.1168,8.84977e+06,3.89515e+06,1.71427e+07,0,0,0,0
60.5319,85.139,3.14001,0.69,0.04,3.27961,3.68188,0,0.61459,6.048,4.25838e+06,2.91414e+06,1.39658e+07,0,0,0,0,99.3022,98.274,6.67123,1,1,1.93711,2.17471,0,1.49659,2.1168,8.84977e+06,3.89515e+06,1.7143e+07,0,0,0,0
58.886,85.139,1.66063,0.72,0.04,3.27966,3.68194,0,0.614599,6.048,4.25838e+06,2.91414e+06,1.3966e+07,0,0,0,0,99.3022,98.274,3.95734,1,1,1.93714,2.17475,0,1.49661,2.1168,8.84977e+06,3.89515e+06,1.71433e+07,0,0,0,0
58.5033,85.139,2.64753,0.76,0.04,2.86399,3.21528,0,0.614609,6.048,4.25838e+06,3.49697e+06,1.21959e+07,0,0,0,0,99.3022,98.274,5.20725,0,1,1.66366,1.86772,0,1.49663,2.1168,8.84977e+06,4.67418e+06,1.4723e+07,0,0,0,0
60.4885,85.139,5.16786,0.78,0.04,2.86404,3.21533,0,0.536712,6.048,4.25838e+06,3.49697e+06,1.21961e+07,0,0,0,0,99.3022,98.274,10.1344,0,1,1.66369,1.86775,0,1.28534,2.1168,8.84977e+06,4.67418e+06,1.47232e+07,0,0,0,0
62.1457,85.139,4.79558,0.79,0.04,2.86408,3.21538,0,0.53672,6.048,4.25838e+06,3.49697e+06,1.21963e+07,0,0,0,0,99.3022,98.274,7.71978,0,1,1.66371,1.86778,0,1.28536,2.1168,8.84977e+06,4.67418e+06,1.47235e+07,0,0,0,0
62.8376,85.139,3.86827,0.82,0.04,2.86413,3.21543,0,0.536729,6.048,4.25838e+06,3.49697e+06,1.21965e+07,0,0,0,0,99.3022,98.274,5.53821,0,1,1.66374,1.86781,0,1.28538,2.1168,8.84977e+06,4.67418e+06,1.47237e+07,0,0,0,0
62.4452,85.139,2.71729,0.8,0.04,2.86417,3.21548,0,0.536737,6.048,4.25838e+06,3.49697e+06,1.21967e+07,0,0,0,0,99.3022,98.274,4.59706,0,1,1.66376,1.86784,0,1.2854,2.1168,8.84977e+06,4.67418e+06,1.47239e+07,0,0,0,0
62.5241,85.139,3.26627,0.85,0.04,2.96887,3.33302,0,0.536745,6.048,4.25838e+06,2.91414e+06,1.26426e+07,0,0,0,0,99.3022,98.274,5.8064,1,1,1.73071,1.94299,0,1.28542,2.1168,8.84977e+06,3.89515e+06,1.53164e+07,0,0,0,0
62.1245,85.139,2.7739,0.88,0.04,2.96891,3.33307,0,0.556366,6.048,4.25838e+06,2.91414e+06,1.26428e+07,0,0,0,0,99.3022,98.274,5.09812,1,1,1.73073,1.94302,0,1.33714,2.1168,8.84977e+06,3.89515e+06,1.53166e+07,0,0,0,0
61.6022,85.139,2.61158,0.93,0.04,2.96896,3.33313,0,0.556374,6.048,4.25838e+06,2.91414e+06,1.26429e+07,0,0,0,0,99.3022,98.274,5.28376,1,1,1.73076,1.94305,0,1.33716,2.1168,8.84977e+06,3.89515e+06,1.53168e+07,0,0,0,0
61.1549,85.139,2.65373,0.93,0.04,2.96901,3.33318,0,0.556383,6.048,4.25838e+06,2.91414e+06,1.26431e+07,0,0,0,0,99.3022,98.274,4.74303,1,1,1.73079,1.94308,0,1.33719,2.1168,8.84977e+06,3.89515e+06,1.53171e+07,0,0,0,0
60.6266,85.139,2.53255,0.92,0.04,2.92813,3.28729,0,0.556392,6.048,4.25838e+06,2.91414e+06,1.24691e+07,0,0,0,0,99.3022,98.274,4.05212,1,1,1.70482,1.91393,0,1.33721,2.1168,8.84977e+06,3.89515e+06,1.50873e+07,0,0,0,0
59.5315,85.139,1.9429,0.91,0.04,2.92818,3.28734,0,0.548732,6.048,4.25838e+06,2.91414e+06,1.24693e+07,0,0,0,0,99.3022,98.274,3.14467,1,1,1.70485,1.91396,0,1.31715,2.1168,8.84977e+06,3.89515e+06,1.50875e+07,0,0,0,0
58.3292,85.139,1.76054,0.9,0.04,2.92822,3.28739,0,0.548741,6.048,4.25838e+06,2.91414e+06,1.24695e+07,0,0,0,0,99.3022,98.274,2.81746,1,1,1.70488,1.91399,0,1.31717,2.1168,8.84977e+06,3.89515e+06,1.50878e+07,0,0,0,0
57.1165,85.139,1.70891,0.9,0.04,2.92827,3.28745,0,0.548749,6.048,4.25838e+06,2.91414e+06,1.24697e+07,0,0,0,0,99.3022,98.274,3.03803,1,1,1.7049,1.91402,0,1.31719,2.1168,8.84977e+06,3.89515e+06,1.5088e+07,0,0,0,0
55.7218,85.139,1.61749,0.89,0.04,3.06723,3.44345,0,0.548758,6.048,4.25838e+06,2.91414e+06,1.30614e+07,0,0,0,0,99.2802,98.274,2.76402,1,1,1.79711,2.01754,0,1.31721,2.1168,8.84977e+06,3.89515e+06,1.5904e+07,0,0,0,0
54.2872,85.139,1.53022,0.93,0.04,3.06727,3.4435,0,0.574798,6.048,4.25838e+06,2.91414e+06,1.30616e+07,0,0,0,0,99.2786,98.274,2.73956,1,1,1.79714,2.01757,0,1.38845,2.1168,8.84977e+06,3.89515e+06,1.59042e+07,0,0,0,0
52.8562,85.139,1.5101,0.91,0.04,3.06732,3.44355,0,0.574807,6.048,4.25838e+06,2.91414e+06,1.30618e+07,0,0,0,0,99.3022,98.274,2.78708,1,1,1.79716,2.0176,0,1.38847,2.1168,8.84977e+06,3.89515e+06,1.59045e+07,0,0,0,0
51.3576,85.139,1.4145,0.9,0.04,3.06737,3.44361,0,0.574816,6.048,4.25838e+06,2.91414e+06,1.3062e+07,0,0,0,0,99.3022,98.274,2.65013,1,1,1.79719,2.01763,0,1.38849,2.1168,8.84977e+06,3.89515e+06,1.59047e+07,0,0,0,0
49.8217,85.139,1.33583,0.89,0.04,3.06742,3.44366,0,0.574825,6.048,4.25838e+06,2.91414e+06,1.30622e+07,0,0,0,0,99.1998,98.274,2.4238,1,1,1.79722,2.01766,0,1.38851,2.1168,8.84977e+06,3.89515e+06,1.5905e+07,0,0,0,0
48.3213,85.139,1.30067,0.94,0.04,3.03999,3.41287,0,0.574834,6.048,4.25838e+06,2.91414e+06,1.29454e+07,0,0,0,0,98.8441,98.274,2.0322,1,1,1.84791,2.07458,0,1.38853,2.1168,8.84977e+06,3.89515e+06,1.63536e+07,0,0,0,0
46.7374,85.139,1.18778,0.93,0.04,3.04004,3.41293,0,0.569695,6.048,4.25838e+06,2.91414e+06,1.29456e+07,0,0,0,0,98.5509,98.274,1.81385,1,1,1.84794,2.07461,0,1.4277,2.1168,8.84977e+06,3.89515e+06,1.63539e+07,0,0,0,0
45.1029,85.139,1.08973,0.91,0.04,3.04009,3.41298,0,0.569704,6.048,4.25838e+06,2.91414e+06,1.29458e+07,0,0,0,0,98.1691,98.274,1.7775,1,1,1.84797,2.07464,0,1.42772,2.1168,8.84977e+06,3.89515e+06,1.63541e+07,0,0,0,0
43.4516,85.139,1.02073,0.94,0.04,3.04014,3.41303,0,0.569713,6.048,4.25838e+06,2.91414e+06,1.2946e+07,0,0,0,0,97.655,98.274,1.71658,1,1,1.848,2.07467,0,1.42774,2.1168,8.84977e+06,3.89515e+06,1.63544e+07,0,0,0,0
41.7273,85.139,0.961989,0.92,0.04,3.11114,3.49274,0,0.569722,6.048,4.25838e+06,2.91414e+06,1.32484e+07,0,0,0,0,97.0739,98.274,1.60815,1,1,1.89319,2.1254,0,1.42777,2.1168,8.84977e+06,3.89515e+06,1.67543e+07,0,0,0,0
40.0231,85.139,0.938561,0.85,0.04,3.11118,3.4928,0,0.583027,6.048,4.25838e+06,2.91414e+06,1.32486e+07,0,0,0,0,96.4049,98.274,1.59756,1,1,1.89322,2.12544,0,1.46268,2.1168,8.84977e+06,3.89515e+06,1.67545e+07,0,0,0,0
38.26,85.139,0.834151,0.62,0.04,3.11123,3.49285,0,0.583036,6.048,4.25838e+06,2.91414e+06,1.32488e+07,0,0,0,0,95.6839,98.274,1.49999,1,1,1.89325,2.12547,0,1.4627,2.1168,8.84977e+06,3.89515e+06,1.67548e+07,0,0,0,0
36.4728,85.139,0.759373,0.85,0.04,3.11128,3.49291,0,0.583045,6.048,4.25838e+06,2.91414e+06,1.3249e+07,0,0,0,0,94.8226,98.274,1.42267,1,1,1.89328,2.1255,0,1.46272,2.1168,8.84977e+06,3.89515e+06,1.67551e+07,0,0,0,0
34.5191,85.139,0.660655,0.46,0.04,3.31912,3.72624,0,0.583054,6.048,4.25838e+06,2.91414e+06,1.41341e+07,0,0,0,0,93.5679,98.274,1.24736,1,1,2.05631,2.30854,0,1.46275,2.1168,8.84977e+06,3.89515e+06,1.81979e+07,0,0,0,0
32.5416,85.139,0.782262,0.2,0.04,3.64487,3.7263,0,0.622004,6.048,4.25838e+06,2.91414e+06,1.55212e+07,0,0,0,0,92.1219,98.274,1.05231,1,1,2.1168,2.30857,0.141327,1.58871,2.1168,8.84977e+06,3.89515e+06,1.87332e+07,0,0,0,0
30.6918,85.139,0.632781,0.44,0.04,3.31923,3.72636,0,0.683049,6.048,4.25838e+06,2.91414e+06,1.41345e+07,0,0,0,0,90.9462,98.274,0.79636,1,1,2.05638,2.30861,0,1.63544,2.1168,8.84977e+06,3.89515e+06,1.81985e+07,0,0,0,0
28.6139,85.139,0.753612,0,0.04,4.06835,3.72642,0,0.622023,6.048,4.25838e+06,2.91414e+06,1.73246e+07,0,0,0,0,89.9734,98.274,1.28547,1,1,1.83484,2.30864,0,1.58876,2.1168,8.84977e+06,3.89515e+06,1.62379e+07,0,0,0,0
26.2143,85.139,0.609387,0,0.04,4.06841,3.72647,0,0.762408,6.048,4.25838e+06,2.91414e+06,1.73248e+07,0,0,0,0,88.938,98.274,0.962736,1,1,1.83487,2.30868,0,1.4176,2.1168,8.84977e+06,3.89515e+06,1.62382e+07,0,0,0,0
24.8258,85.139,0.86297,0,0.04,3.95725,3.61283,0,0.762419,6.048,4.25838e+06,2.91414e+06,1.68514e+07,0,0,0,0,88.5053,98.274,1.11488,1,1,1.72625,2.19763,0,1.41762,2.1168,8.84977e+06,3.89515e+06,1.52769e+07,0,0,0,0
23.1992,85.139,0.76512,0,0.04,3.9573,3.61289,0,0.741588,6.048,4.25838e+06,2.91414e+06,1.68517e+07,0,0,0,0,87.9171,98.274,1.69704,1,1,1.72629,2.19767,0,1.3337,2.1168,8.84977e+06,3.89515e+06,1.52772e+07,0,0,0,0
21.6342,85.139,0.682078,0,0.04,3.95736,3.61295,0,0.741598,6.048,4.25838e+06,2.91414e+06,1.68519e+07,0,0,0,0,86.9888,98.274,1.01796,1,1,1.72632,2.1977,0,1.33373,2.1168,8.84977e+06,3.89515e+06,1.52775e+07,0,0,0,0
20.3066,85.139,0.582402,0.11,0.04,3.53405,3.613,0,0.741609,6.048,4.25838e+06,2.91414e+06,1.50493e+07,0,0,0,0,85.7735,98.274,0.930495,1,1,2.1168,2.19774,0.0329141,1.33376,2.1168,8.84977e+06,3.89515e+06,1.87332e+07,0,0,0,0
19.6799,85.139,1.15391,0.06,0.04,3.44281,3.51972,0,0.662281,6.048,4.25838e+06,2.91414e+06,1.46608e+07,0,0,0,0,84.6292,98.274,1.16999,1,1,2.05084,2.09665,0,1.63544,2.1168,8.84977e+06,3.89515e+06,1.81495e+07,0,0,0,0
19.0132,85.139,1.022,0.29,0.04,3.44287,3.51978,0,0.645183,6.048,4.25838e+06,2.91414e+06,1.4661e+07,0,0,0,0,84.1062,98.274,0.968399,1,1,2.05087,2.09669,0,1.58448,2.1168,8.84977e+06,3.89515e+06,1.81497e+07,0,0,0,0
18.9193,85.139,1.54097,0.26,0.04,3.44292,3.51983,0,0.645193,6.048,4.25838e+06,2.91414e+06,1.46613e+07,0,0,0,0,84.0056,98.274,2.53152,1,1,2.0509,2.09672,0,1.5845,2.1168,8.84977e+06,3.89515e+06,1.815e+07,0,0,0,0
20.9209,85.139,3.7455,0.37,0.04,3.44298,3.51989,0,0.645203,6.048,4.25838e+06,2.91414e+06,1.46615e+07,0,0,0,0,84.7925,98.274,4.44201,1,1,2.05093,2.09675,0,1.58453,2.1168,8.84977e+06,3.89515e+06,1.81503e+07,0,0,0,0
21.3511,85.139,2.13982,0.44,0.04,2.89924,3.25485,0,0.645214,6.048,4.25838e+06,3.49697e+06,1.2346e+07,0,0,0,0,84.8475,98.274,2.55963,0,1,1.68009,1.88617,0,1.58455,2.1168,8.84977e+06,4.67418e+06,1.48684e+07,0,0,0,0
21.651,85.139,2.08466,0.41,0.04,2.89928,3.2549,0,0.543317,6.048,4.25838e+06,3.49697e+06,1.23462e+07,0,0,0,0,84.9427,98.274,1.95944,0,1,1.68012,1.8862,0,1.29804,2.1168,8.84977e+06,4.67418e+06,1.48687e+07,0,0,0,0
24.4548,85.139,4.87485,0.43,0.04,2.89933,3.25495,0,0.543326,6.048,4.25838e+06,3.49697e+06,1.23464e+07,0,0,0,0,86.2228,98.274,5.76187,0,1,1.68015,1.88623,0,1.29806,2.1168,8.84977e+06,4.67418e+06,1.48689e+07,0,0,0,0
26.4809,85.139,4.36004,0,0.04,3.25501,3.25501,0,0.543334,6.048,4.25838e+06,2.70226e+06,1.3861e+07,0,0,0,0,86.405,98.274,3.18176,0,1,1.88626,1.88626,0,1.29808,2.1168,8.84977e+06,3.61194e+06,1.6693e+07,0,0,0,0
28.238,85.139,4.13546,0,0.04,3.25506,3.25506,0,0.609988,6.048,4.25838e+06,2.70226e+06,1.38613e+07,0,0,0,0,86.6591,98.274,3.04639,0,1,1.88629,1.88629,0,1.45732,2.1168,8.84977e+06,3.61194e+06,1.66932e+07,0,0,0,0
29.3117,85.139,3.57257,0,0.04,3.25506,3.25506,0,0.609998,6.048,4.25838e+06,2.70226e+06,1.38613e+07,0,0,0,0,87.4252,98.274,3.75302,0,1,1.88629,1.88629,0,1.45735,2.1168,8.84977e+06,3.61194e+06,1.66932e+07,0,0,0,0
31.0853,85.139,4.6574,0,0.06,3.70707,3.35707,0,0.609998,6.048,4.25838e+06,2.91414e+06,1.57861e+07,0,0,0,0,89.2592,98.274,5.50821,1,1,1.48139,1.9473,0,1.45735,2.1168,8.84977e+06,3.89515e+06,1.311e+07,0,0,0,0
32.6328,85.139,4.57959,0,0.06,3.7071,3.3571,0,0.694706,6.048,4.25838e+06,2.91414e+06,1.57862e+07,0,0,0,0,90.4773,98.274,4.49961,1,1,1.48141,1.94732,0,1.14452,2.1168,8.84977e+06,3.89515e+06,1.31101e+07,0,0,0,0
33.3606,85.139,3.8377,0,0.06,3.70713,3.35713,0,0.694711,6.048,4.25838e+06,2.91414e+06,1.57864e+07,0,0,0,0,91.3512,98.274,3.47322,1,1,1.48142,1.94734,0,1.14454,2.1168,8.84977e+06,3.89515e+06,1.31103e+07,0,0,0,0
34.435,85.139,4.18757,0,0.06,3.70716,3.35716,0,0.694716,6.048,4.25838e+06,2.91414e+06,1.57865e+07,0,0,0,0,92.4774,98.274,4.36217,1,1,1.48144,1.94735,0,1.14455,2.1168,8.84977e+06,3.89515e+06,1.31104e+07,0,0,0,0
35.3023,85.139,4.23485,0,0.06,4.02748,3.68464,0,0.694721,6.048,4.25838e+06,2.91414e+06,1.71505e+07,0,0,0,0,93.5899,98.274,4.9588,1,1,1.70542,2.17634,0,1.14456,2.1168,8.84977e+06,3.89515e+06,1.50926e+07,0,0,0,0
36.1009,85.139,4.20246,0,0.06,4.02751,3.68467,0,0.75475,6.048,4.25838e+06,2.91414e+06,1.71507e+07,0,0,0,0,94.6141,98.274,4.44113,1,1,1.70544,2.17636,0,1.31761,2.1168,8.84977e+06,3.89515e+06,1.50928e+07,0,0,0,0
37.4166,85.139,4.78901,0,0.06,4.02754,3.6847,0,0.754756,6.048,4.25838e+06,2.91414e+06,1.71508e+07,0,0,0,0,95.7309,98.274,5.11061,1,1,1.70546,2.17637,0,1.31762,2.1168,8.84977e+06,3.89515e+06,1.50929e+07,0,0,0,0
39.2203,85.139,5.34001,0,0.06,4.02757,3.68473,0,0.754761,6.048,4.25838e+06,2.91414e+06,1.71509e+07,0,0,0,0,97.0702,98.274,5.49394,1,1,1.70547,2.17639,0,1.31764,2.1168,8.84977e+06,3.89515e+06,1.50931e+07,0,0,0,0
41.7862,85.139,5.61558,0,0.06,3.21769,3.21769,0,0.754767,6.048,4.25838e+06,2.70226e+06,1.37021e+07,0,0,0,0,98.8049,98.274,6.51191,0,1,1.86912,1.86912,0,1.31765,2.1168,8.84977e+06,3.61194e+06,1.65413e+07,0,0,0,0
43.7326,85.139,5.03019,0,0.06,3.21772,3.21772,0,0.602996,6.048,4.25838e+06,2.70226e+06,1.37023e+07,0,0,0,0,99.3022,98.274,5.55707,0,1,1.86914,1.86914,0,1.44408,2.1168,8.84977e+06,3.61194e+06,1.65414e+07,0,0,0,0
46.3803,85.139,5.83295,0,0.06,3.21775,3.21775,0,0.603001,6.048,4.25838e+06,2.70226e+06,1.37024e+07,0,0,0,0,99.3022,98.274,5.42749,0,1,1.86915,1.86915,0,1.44409,2.1168,8.84977e+06,3.61194e+06,1.65416e+07,0,0,0,0
48.2269,85.139,5.04664,0,0.06,3.21777,3.21777,0,0.603006,6.048,4.25838e+06,2.70226e+06,1.37025e+07,0,0,0,0,98.8576,98.274,4.80149,0,1,1.86917,1.86917,0,1.44411,2.1168,8.84977e+06,3.61194e+06,1.65417e+07,0,0,0,0
48.6156,85.139,3.47954,0,0.06,3.2178,3.2178,0,0.603011,6.048,4.25838e+06,2.70226e+06,1.37026e+07,0,0,0,0,98.7448,98.274,3.02923,0,1,1.86918,1.86918,0,1.44412,2.1168,8.84977e+06,3.61194e+06,1.65419e+07,0,0,0,0
48.3434,85.139,3.18776,0,0.06,3.68588,3.3354,0,0.603016,6.048,4.25838e+06,2.91414e+06,1.56958e+07,0,0,0,0,98.9852,98.274,2.68195,1,1,1.47853,1.94438,0,1.44413,2.1168,8.84977e+06,3.89515e+06,1.30847e+07,0,0,0,0
47.7783,85.139,2.84815,0,0.06,3.6859,3.33543,0,0.690733,6.048,4.25838e+06,2.91414e+06,1.5696e+07,0,0,0,0,98.8823,98.274,2.58393,1,1,1.47855,1.94439,0,1.14231,2.1168,8.84977e+06,3.89515e+06,1.30848e+07,0,0,0,0
47.2079,85.139,2.81516,0,0.06,3.68593,3.33546,0,0.690738,6.048,4.25838e+06,2.91414e+06,1.56961e+07,0,0,0,0,98.914,98.274,2.28673,1,1,1.47856,1.94441,0,1.14232,2.1168,8.84977e+06,3.89515e+06,1.30849e+07,0,0,0,0
46.6746,85.139,2.83765,0,0.06,3.68596,3.33548,0,0.690743,6.048,4.25838e+06,2.91414e+06,1.56962e+07,0,0,0,0,98.7515,98.274,2.36972,1,1,1.47858,1.94443,0,1.14234,2.1168,8.84977e+06,3.89515e+06,1.30851e+07,0,0,0,0
45.7861,85.139,2.38673,0,0.06,3.64102,3.28954,0,0.690749,6.048,4.25838e+06,2.91414e+06,1.55048e+07,0,0,0,0,98.7937,98.274,2.02566,1,1,1.45003,1.91524,0,1.14235,2.1168,8.84977e+06,3.89515e+06,1.28325e+07,0,0,0,0
44.8642,85.139,2.29945,0,0.06,3.64105,3.28957,0,0.682327,6.048,4.25838e+06,2.91414e+06,1.55049e+07,0,0,0,0,98.8549,98.274,2.11834,1,1,1.45005,1.91526,0,1.12029,2.1168,8.84977e+06,3.89515e+06,1.28326e+07,0,0,0,0
43.8025,85.139,2.12876,0,0.06,3.64107,3.28959,0,0.682332,6.048,4.25838e+06,2.91414e+06,1.55051e+07,0,0,0,0,98.8156,98.274,1.98962,1,1,1.45006,1.91527,0,1.12031,2.1168,8.84977e+06,3.89515e+06,1.28327e+07,0,0,0,0
42.8591,85.139,2.21983,0,0.06,3.6411,3.28962,0,0.682337,6.048,4.25838e+06,2.91414e+06,1.55052e+07,0,0,0,0,98.8525,98.274,2.01347,1,1,1.45008,1.91529,0,1.12032,2.1168,8.84977e+06,3.89515e+06,1.28329e+07,0,0,0,0
41.5764,85.139,1.94114,0,0.06,3.79377,3.4457,0,0.682342,6.048,4.25838e+06,2.91414e+06,1.61553e+07,0,0,0,0,98.7309,98.274,1.9115,1,1,1.55138,2.01886,0,1.12033,2.1168,8.84977e+06,3.89515e+06,1.37294e+07,0,0,0,0
40.3075,85.139,1.91504,0,0.06,3.7938,3.44573,0,0.710952,6.048,4.25838e+06,2.91414e+06,1.61554e+07,0,0,0,0,98.7428,98.274,1.97309,1,1,1.5514,2.01888,0,1.1986,2.1168,8.84977e+06,3.89515e+06,1.37295e+07,0,0,0,0
38.959,85.139,1.79107,0,0.06,3.79382,3.44576,0,0.710957,6.048,4.25838e+06,2.91414e+06,1.61555e+07,0,0,0,0,98.6451,98.274,1.8456,1,1,1.55142,2.01889,0,1.19861,2.1168,8.84977e+06,3.89515e+06,1.37297e+07,0,0,0,0
37.5669,85.139,1.67981,0,0.06,3.79385,3.44579,0,0.710963,6.048,4.25838e+06,2.91414e+06,1.61557e+07,0,0,0,0,98.5233,98.274,1.78137,1,1,1.55143,2.01891,0,1.19862,2.1168,8.84977e+06,3.89515e+06,1.37298e+07,0,0,0,0
35.8341,85.139,1.24821,0,0.06,3.79388,3.44582,0,0.710968,6.048,4.25838e+06,2.91414e+06,1.61558e+07,0,0,0,0,98.1118,98.274,1.56849,1,1,1.55145,2.01893,0,1.19864,2.1168,8.84977e+06,3.89515e+06,1.373e+07,0,0,0,0
34.1142,85.139,1.17692,0,0.06,3.76372,3.41498,0,0.710973,6.048,4.25838e+06,2.91414e+06,1.60273e+07,0,0,0,0,97.7035,98.274,1.48526,1,1,1.60714,2.07586,0,1.19865,2.1168,8.84977e+06,3.89515e+06,1.42228e+07,0,0,0,0
32.3632,85.139,1.07582,0,0.06,3.76375,3.41501,0,0.705321,6.048,4.25838e+06,2.91414e+06,1.60275e+07,0,0,0,0,97.1701,98.274,1.47611,1,1,1.60716,2.07588,0,1.24168,2.1168,8.84977e+06,3.89515e+06,1.4223e+07,0,0,0,0
30.5929,85.139,0.973049,0,0.06,3.76378,3.41504,0,0.705327,6.048,4.25838e+06,2.91414e+06,1.60276e+07,0,0,0,0,96.6478,98.274,1.32933,1,1,1.60717,2.07589,0,1.24169,2.1168,8.84977e+06,3.89515e+06,1.42231e+07,0,0,0,0
28.9413,85.139,0.989994,0,0.06,3.76381,3.41507,0,0.705332,6.048,4.25838e+06,2.91414e+06,1.60277e+07,0,0,0,0,96.0644,98.274,1.2913,1,1,1.60719,2.07591,0,1.2417,2.1168,8.84977e+06,3.89515e+06,1.42233e+07,0,0,0,0
27.3629,85.139,1.01222,0,0.06,3.84179,3.4948,0,0.705337,6.048,4.25838e+06,2.91414e+06,1.63598e+07,0,0,0,0,95.3863,98.274,1.29065,1,1,1.65682,2.12666,0,1.24171,2.1168,8.84977e+06,3.89515e+06,1.46625e+07,0,0,0,0
25.773,85.139,0.898485,0,0.06,3.84182,3.49483,0,0.719952,6.048,4.25838e+06,2.91414e+06,1.63599e+07,0,0,0,0,94.6621,98.274,1.22769,1,1,1.65684,2.12667,0,1.28006,2.1168,8.84977e+06,3.89515e+06,1.46627e+07,0,0,0,0
24.2225,85.139,0.822474,0,0.06,3.84185,3.49486,0,0.719957,6.048,4.25838e+06,2.91414e+06,1.636e+07,0,0,0,0,93.9233,98.274,1.15142,1,1,1.65686,2.12669,0,1.28008,2.1168,8.84977e+06,3.89515e+06,1.46628e+07,0,0,0,0
22.3873,85.139,0.715221,0,0.06,3.84188,3.49489,0,0.719963,6.048,4.25838e+06,2.91414e+06,1.63602e+07,0,0,0,0,93.1793,98.274,1.14678,1,1,1.65688,2.12671,0,1.28009,2.1168,8.84977e+06,3.89515e+06,1.4663e+07,0,0,0,0
21.1893,85.139,0.655605,0.19,0.06,3.64686,3.72833,0,0.719968,6.048,4.25838e+06,2.91414e+06,1.55297e+07,0,0,0,0,91.9405,98.274,1.12893,1,1,2.1168,2.30983,0.142556,1.2801,2.1168,8.84977e+06,3.89515e+06,1.87332e+07,0,0,0,0
18.7847,85.139,0.587661,0.15,0.06,3.64689,3.72836,0,0.683421,6.048,4.25838e+06,2.91414e+06,1.55298e+07,0,0,0,0,90.7504,98.274,1.05169,1,1,2.1168,2.30985,0.142575,1.63544,2.1168,8.84977e+06,3.89515e+06,1.87332e+07,0,0,0,0
16.8235,85.139,0.698025,0.1,0.06,3.64692,3.72839,0,0.683427,6.048,4.25838e+06,2.91414e+06,1.553e+07,0,0,0,0,89.6968,98.274,1.14014,1,1,2.1168,2.30987,0.142593,1.63544,2.1168,8.84977e+06,3.89515e+06,1.87332e+07,0,0,0,0
18.4176,85.139,1.19192,0.68,0.06,3.32107,3.72842,0,0.683433,6.048,4.25838e+06,2.91414e+06,1.41423e+07,0,0,0,0,88.8678,98.274,1.35757,1,1,2.05752,2.30989,0,1.63544,2.1168,8.84977e+06,3.89515e+06,1.82085e+07,0,0,0,0
17.6319,85.139,0.913017,0.35,0.06,3.64698,3.72845,0,0.622368,6.048,4.25838e+06,2.91414e+06,1.55302e+07,0,0,0,0,88.0138,98.274,1.35682,1,1,2.1168,2.30991,0.142631,1.58964,2.1168,8.84977e+06,3.89515e+06,1.87332e+07,0,0,0,0
16.975,85.139,0.95767,0.24,0.06,3.53574,3.61472,0,0.683444,6.048,4.25838e+06,2.91414e+06,1.50565e+07,0,0,0,0,87.1579,98.274,1.38845,1,1,2.1168,2.19878,0.0339382,1.63544,2.1168,8.84977e+06,3.89515e+06,1.87332e+07,0,0,0,0
14.9502,85.139,0.678472,0.74,0.06,3.21982,3.61475,0,0.662597,6.048,4.25838e+06,2.91414e+06,1.37112e+07,0,0,0,0,86.3831,98.274,1.29052,1,1,1.95857,2.1988,0,1.63544,2.1168,8.84977e+06,3.89515e+06,1.73329e+07,0,0,0,0
11.9473,85.139,0.666464,0.63,0.06,3.21984,3.61478,0,0.603394,6.048,4.25838e+06,2.91414e+06,1.37113e+07,0,0,0,0,86.032,98.274,1.29628,1,1,1.95859,2.19882,0,1.51319,2.1168,8.84977e+06,3.89515e+06,1.7333e+07,0,0,0,0
17.2232,85.139,2.77153,0.58,0.06,3.21987,3.61481,0,0.603399,6.048,4.25838e+06,2.91414e+06,1.37114e+07,0,0,0,0,85.9952,98.274,2.23114,1,1,1.9586,2.19884,0,1.5132,2.1168,8.84977e+06,3.89515e+06,1.73332e+07,0,0,0,0
18.7423,85.139,2.87974,0.43,0.06,3.13672,3.52146,0,0.603404,6.048,4.25838e+06,2.91414e+06,1.33573e+07,0,0,0,0,85.9014,98.274,2.66414,1,1,1.8685,2.09769,0,1.51322,2.1168,8.84977e+06,3.89515e+06,1.65358e+07,0,0,0,0
18.9054,85.139,1.67576,0.43,0.06,3.13675,3.52149,0,0.587821,6.048,4.25838e+06,2.91414e+06,1.33574e+07,0,0,0,0,85.5815,98.274,1.78926,1,1,1.86852,2.09771,0,1.4436,2.1168,8.84977e+06,3.89515e+06,1.6536e+07,0,0,0,0
19.8644,85.139,2.61965,0.39,0.06,3.44457,3.52152,0,0.587826,6.048,4.25838e+06,2.91414e+06,1.46683e+07,0,0,0,0,85.3421,98.274,2.64222,1,1,2.05189,2.09772,0,1.44362,2.1168,8.84977e+06,3.89515e+06,1.81587e+07,0,0,0,0
22.1043,85.139,3.96324,0.43,0.06,3.1368,3.52155,0,0.645513,6.048,4.25838e+06,2.91414e+06,1.33577e+07,0,0,0,0,85.5229,98.274,3.16749,1,1,1.86855,2.09774,0,1.58529,2.1168,8.84977e+06,3.89515e+06,1.65362e+07,0,0,0,0
24.6967,85.139,4.44497,0.45,0.06,2.90059,3.25637,0,0.587836,6.048,4.25838e+06,3.49697e+06,1.23518e+07,0,0,0,0,85.8523,98.274,3.0198,0,1,1.68087,1.88705,0,1.44364,2.1168,8.84977e+06,4.67418e+06,1.48754e+07,0,0,0,0
28.3175,85.139,5.93374,0,0.06,3.25639,3.25639,0,0.54357,6.048,4.25838e+06,2.70226e+06,1.38669e+07,0,0,0,0,86.3638,98.274,4.19905,0,1,1.88706,1.88706,0,1.29864,2.1168,8.84977e+06,3.61194e+06,1.67001e+07,0,0,0,0
30.9987,85.139,5.13782,0.39,0.06,3.18526,3.25642,0,0.610248,6.048,4.25838e+06,2.91414e+06,1.35641e+07,0,0,0,0,86.6065,98.274,3.14778,0,1,1.84584,1.88708,0,1.45794,2.1168,8.84977e+06,3.89515e+06,1.63353e+07,0,0,0,0
33.6544,85.139,5.26216,0,0.06,3.25645,3.25645,0,0.596918,6.048,4.25838e+06,2.70226e+06,1.38672e+07,0,0,0,0,86.8998,98.274,3.39223,0,1,1.88709,1.88709,0,1.4261,2.1168,8.84977e+06,3.61194e+06,1.67004e+07,0,0,0,0
33.7433,85.139,2.75553,0,0.06,3.25648,3.25648,0,0.610258,6.048,4.25838e+06,2.70226e+06,1.38673e+07,0,0,0,0,87.2057,98.274,3.00414,0,1,1.88711,1.88711,0,1.45797,2.1168,8.84977e+06,3.61194e+06,1.67005e+07,0,0,0,0
32.8291,85.139,2.00146,0,0.06,3.70848,3.35851,0,0.610263,6.048,4.25838e+06,2.91414e+06,1.57921e+07,0,0,0,0,87.5338,98.274,2.67716,1,1,1.48221,1.94814,0,1.45798,2.1168,8.84977e+06,3.89515e+06,1.31172e+07,0,0,0,0
33.1289,85.139,3.23591,0,0.06,3.70849,3.35851,0,0.694969,6.048,4.25838e+06,2.91414e+06,1.57921e+07,0,0,0,0,87.9721,98.274,3.10413,1,1,1.48221,1.94814,0,1.14515,2.1168,8.84977e+06,3.89515e+06,1.31172e+07,0,0,0,0
34.7169,85.139,4.66932,0,0.06,3.70849,3.35852,0,0.69497,6.048,4.25838e+06,2.91414e+06,1.57921e+07,0,0,0,0,88.365,98.274,2.98362,1,1,1.48221,1.94814,0,1.14516,2.1168,8.84977e+06,3.89515e+06,1.31172e+07,0,0,0,0
34.7925,85.139,3.1743,0,0.06,3.70849,3.35852,0,0.694971,6.048,4.25838e+06,2.91414e+06,1.57922e+07,0,0,0,0,88.7682,98.274,2.93051,1,1,1.48221,1.94814,0,1.14516,2.1168,8.84977e+06,3.89515e+06,1.31173e+07,0,0,0,0
35.1347,85.139,3.6802,0,0.06,4.02892,3.68611,0,0.694972,6.048,4.25838e+06,2.91414e+06,1.71567e+07,0,0,0,0,89.0509,98.274,2.87385,1,1,1.70627,2.17721,0,1.14516,2.1168,8.84977e+06,3.89515e+06,1.51001e+07,0,0,0,0
35.8722,85.139,4.12246,0,0.06,4.02893,3.68611,0,0.75502,6.048,4.25838e+06,2.91414e+06,1.71567e+07,0,0,0,0,89.4065,98.274,3.23784,1,1,1.70627,2.17721,0,1.31827,2.1168,8.84977e+06,3.89515e+06,1.51001e+07,0,0,0,0
36.6505,85.139,4.20105,0,0.06,4.02893,3.68612,0,0.755021,6.048,4.25838e+06,2.91414e+06,1.71567e+07,0,0,0,0,89.7005,98.274,2.92308,1,1,1.70628,2.17721,0,1.31827,2.1168,8.84977e+06,3.89515e+06,1.51002e+07,0,0,0,0
37.2092,85.139,3.99019,0,0.06,4.02893,3.68612,0,0.755021,6.048,4.25838e+06,2.91414e+06,1.71567e+07,0,0,0,0,89.8029,98.274,3.39017,1,1,1.70628,2.17721,0,1.31827,2.1168,8.84977e+06,3.89515e+06,1.51002e+07,0,0,0,0
37.5121,85.139,3.20545,0,0.06,3.21888,3.21888,0,0.755022,6.048,4.25838e+06,2.70226e+06,1.37072e+07,0,0,0,0,89.2936,98.274,2.68586,0,1,1.86981,1.86981,0,1.31827,2.1168,8.84977e+06,3.61194e+06,1.65474e+07,0,0,0,0
37.0113,85.139,2.33476,0,0.06,3.21889,3.21889,0,0.603219,6.048,4.25838e+06,2.70226e+06,1.37072e+07,0,0,0,0,88.8132,98.274,1.52902,0,1,1.86982,1.86982,0,1.44462,2.1168,8.84977e+06,3.61194e+06,1.65474e+07,0,0,0,0
36.8235,85.139,2.58784,0,0.06,3.21889,3.21889,0,0.60322,6.048,4.25838e+06,2.70226e+06,1.37073e+07,0,0,0,0,88.9039,98.274,2.08706,0,1,1.86982,1.86982,0,1.44462,2.1168,8.84977e+06,3.61194e+06,1.65475e+07,0,0,0,0
38.527,85.139,4.52791,0,0.06,3.2189,3.2189,0,0.60322,6.048,4.25838e+06,2.70226e+06,1.37073e+07,0,0,0,0,89.3024,98.274,3.98824,0,1,1.86982,1.86982,0,1.44462,2.1168,8.84977e+06,3.61194e+06,1.65475e+07,0,0,0,0
38.9257,85.139,3.28381,0,0.06,3.2189,3.2189,0,0.603221,6.048,4.25838e+06,2.70226e+06,1.37073e+07,0,0,0,0,89.6587,98.274,4.06138,0,1,1.86982,1.86982,0,1.44462,2.1168,8.84977e+06,3.61194e+06,1.65475e+07,0,0,0,0
40.8481,85.139,5.21283,0,0.06,3.68697,3.33651,0,0.603222,6.048,4.25838e+06,2.91414e+06,1.57005e+07,0,0,0,0,90.5649,98.274,5.01306,1,1,1.47917,1.94503,0,1.44462,2.1168,8.84977e+06,3.89515e+06,1.30903e+07,0,0,0,0
41.7995,85.139,4.27419,0,0.06,3.68697,3.33652,0,0.690938,6.048,4.25838e+06,2.91414e+06,1.57005e+07,0,0,0,0,91.1636,98.274,3.94871,1,1,1.47917,1.94503,0,1.1428,2.1168,8.84977e+06,3.89515e+06,1.30903e+07,0,0,0,0
41.734,85.139,3.23021,0,0.06,3.68697,3.33652,0,0.690938,6.048,4.25838e+06,2.91414e+06,1.57005e+07,0,0,0,0,91.5494,98.274,3.23692,1,1,1.47917,1.94503,0,1.1428,2.1168,8.84977e+06,3.89515e+06,1.30903e+07,0,0,0,0
41.2959,85.139,2.79122,0,0.06,3.68698,3.33653,0,0.690939,6.048,4.25838e+06,2.91414e+06,1.57005e+07,0,0,0,0,91.8682,98.274,2.84984,1,1,1.47917,1.94503,0,1.14281,2.1168,8.84977e+06,3.89515e+06,1.30903e+07,0,0,0,0
40.5661,85.139,2.42204,0,0.06,3.642,3.29054,0,0.69094,6.048,4.25838e+06,2.91414e+06,1.5509e+07,0,0,0,0,92.068,98.274,2.52273,1,1,1.4506,1.91583,0,1.14281,2.1168,8.84977e+06,3.89515e+06,1.28375e+07,0,0,0,0
39.8013,85.139,2.33332,0,0.06,3.642,3.29055,0,0.682511,6.048,4.25838e+06,2.91414e+06,1.5509e+07,0,0,0,0,92.2789,98.274,2.63523,1,1,1.45061,1.91583,0,1.12074,2.1168,8.84977e+06,3.89515e+06,1.28375e+07,0,0,0,0
38.897,85.139,2.15977,0,0.06,3.64201,3.29055,0,0.682512,6.048,4.25838e+06,2.91414e+06,1.5509e+07,0,0,0,0,92.4393,98.274,2.47494,1,1,1.45061,1.91583,0,1.12074,2.1168,8.84977e+06,3.89515e+06,1.28376e+07,0,0,0,0
38.0834,85.139,2.22065,0,0.06,3.64201,3.29056,0,0.682512,6.048,4.25838e+06,2.91414e+06,1.55091e+07,0,0,0,0,92.6022,98.274,2.41676,1,1,1.45061,1.91583,0,1.12074,2.1168,8.84977e+06,3.89515e+06,1.28376e+07,0,0,0,0
36.8057,85.139,1.79177,0,0.06,3.7947,3.44665,0,0.682513,6.048,4.25838e+06,2.91414e+06,1.61593e+07,0,0,0,0,92.4421,98.274,2.12087,1,1,1.55193,2.01942,0,1.12074,2.1168,8.84977e+06,3.89515e+06,1.37342e+07,0,0,0,0
35.4025,85.139,1.61349,0,0.06,3.7947,3.44666,0,0.711127,6.048,4.25838e+06,2.91414e+06,1.61593e+07,0,0,0,0,92.2705,98.274,1.95275,1,1,1.55193,2.01942,0,1.19902,2.1168,8.84977e+06,3.89515e+06,1.37342e+07,0,0,0,0
34.0124,85.139,1.56618,0,0.06,3.79471,3.44666,0,0.711127,6.048,4.25838e+06,2.91414e+06,1.61593e+07,0,0,0,0,91.9911,98.274,1.77999,1,1,1.55193,2.01942,0,1.19902,2.1168,8.84977e+06,3.89515e+06,1.37343e+07,0,0,0,0
32.5051,85.139,1.37426,0,0.06,3.79471,3.44666,0,0.711128,6.048,4.25838e+06,2.91414e+06,1.61593e+07,0,0,0,0,91.7157,98.274,1.66474,1,1,1.55194,2.01942,0,1.19902,2.1168,8.84977e+06,3.89515e+06,1.37343e+07,0,0,0,0
31.1415,85.139,1.44273,0,0.06,3.79471,3.44667,0,0.711129,6.048,4.25838e+06,2.91414e+06,1.61593e+07,0,0,0,0,91.3378,98.274,1.72398,1,1,1.55194,2.01943,0,1.19903,2.1168,8.84977e+06,3.89515e+06,1.37343e+07,0,0,0,0
29.7595,85.139,1.33373,0,0.06,3.76452,3.4158,0,0.711129,6.048,4.25838e+06,2.91414e+06,1.60308e+07,0,0,0,0,90.9071,98.274,1.61302,1,1,1.60763,2.07636,0,1.19903,2.1168,8.84977e+06,3.89515e+06,1.42271e+07,0,0,0,0
28.3597,85.139,1.23461,0,0.06,3.76453,3.41581,0,0.705472,6.048,4.25838e+06,2.91414e+06,1.60308e+07,0,0,0,0,90.3838,98.274,1.51191,1,1,1.60763,2.07636,0,1.24205,2.1168,8.84977e+06,3.89515e+06,1.42271e+07,0,0,0,0
27.009,85.139,1.19418,0,0.06,3.76453,3.41581,0,0.705472,6.048,4.25838e+06,2.91414e+06,1.60308e+07,0,0,0,0,89.8254,98.274,1.40227,1,1,1.60763,2.07636,0,1.24205,2.1168,8.84977e+06,3.89515e+06,1.42272e+07,0,0,0,0
25.7272,85.139,1.16777,0,0.06,3.76453,3.41581,0,0.705473,6.048,4.25838e+06,2.91414e+06,1.60308e+07,0,0,0,0,89.1941,98.274,1.31169,1,1,1.60763,2.07636,0,1.24206,2.1168,8.84977e+06,3.89515e+06,1.42272e+07,0,0,0,0
24.3959,85.139,1.06355,0,0.06,3.84251,3.49554,0,0.705474,6.048,4.25838e+06,2.91414e+06,1.63629e+07,0,0,0,0,88.4025,98.274,1.20595,1,1,1.65726,2.1271,0,1.24206,2.1168,8.84977e+06,3.89515e+06,1.46664e+07,0,0,0,0
23.0809,85.139,0.969838,0,0.06,3.84252,3.49554,0,0.720087,6.048,4.25838e+06,2.91414e+06,1.63629e+07,0,0,0,0,87.626,98.274,1.11265,1,1,1.65727,2.12711,0,1.2804,2.1168,8.84977e+06,3.89515e+06,1.46664e+07,0,0,0,0
21.7676,85.139,0.844785,0,0.06,3.84252,3.49554,0,0.720088,6.048,4.25838e+06,2.91414e+06,1.63629e+07,0,0,0,0,86.8297,98.274,1.10561,1,1,1.65727,2.12711,0,1.2804,2.1168,8.84977e+06,3.89515e+06,1.46664e+07,0,0,0,0
20.6422,85.139,0.729599,0.23,0.06,3.41917,3.49555,0,0.720089,6.048,4.25838e+06,2.91414e+06,1.45601e+07,0,0,0,0,85.6285,98.274,1.07374,1,1,2.08063,2.12711,0,1.28041,2.1168,8.84977e+06,3.89515e+06,1.84131e+07,0,0,0,0
19.93,85.139,1.12786,0.2,0.06,3.64752,3.72901,0,0.640752,6.048,4.25838e+06,2.91414e+06,1.55325e+07,0,0,0,0,84.2854,98.274,1.1263,1,1,2.1168,2.31025,0.142967,1.6075,2.1168,8.84977e+06,3.89515e+06,1.87332e+07,0,0,0,0
19.0913,85.139,0.93277,0.36,0.06,3.64753,3.72901,0,0.683546,6.048,4.25838e+06,2.91414e+06,1.55325e+07,0,0,0,0,83.1719,98.274,0.902077,1,1,2.1168,2.31025,0.142969,1.63544,2.1168,8.84977e+06,3.89515e+06,1.87332e+07,0,0,0,0
18.4766,85.139,1.07614,0.28,0.06,3.64753,3.72901,0,0.683546,6.048,4.25838e+06,2.91414e+06,1.55326e+07,0,0,0,0,82.0239,98.274,1.34625,1,1,2.1168,2.31025,0.142972,1.63544,2.1168,8.84977e+06,3.89515e+06,1.87332e+07,0,0,0,0
17.6962,85.139,0.904896,0.32,0.06,3.64753,3.72902,0,0.683547,6.048,4.25838e+06,2.91414e+06,1.55326e+07,0,0,0,0,80.9792,98.274,1.07678,1,1,2.1168,2.31026,0.142974,1.63544,2.1168,8.84977e+06,3.89515e+06,1.87332e+07,0,0,0,0
17.2015,85.139,1.1868,0.26,0.06,3.64754,3.72902,0,0.683548,6.048,4.25838e+06,2.91414e+06,1.55326e+07,0,0,0,0,80.1495,98.274,1.20356,1,1,2.1168,2.31026,0.142977,1.63544,2.1168,8.84977e+06,3.89515e+06,1.87332e+07,0,0,0,0
16.9951,85.139,1.38456,0.36,0.06,3.53625,3.61525,0,0.683549,6.048,4.25838e+06,2.91414e+06,1.50587e+07,0,0,0,0,79.6308,98.274,1.47838,1,1,2.1168,2.19911,0.0342516,1.63544,2.1168,8.84977e+06,3.89515e+06,1.87332e+07,0,0,0,0
17.0678,85.139,1.3555,0.87,0.06,3.22026,3.61525,0,0.662694,6.048,4.25838e+06,2.91414e+06,1.37131e+07,0,0,0,0,79.4182,98.274,1.95261,1,1,1.95884,2.19911,0,1.63544,2.1168,8.84977e+06,3.89515e+06,1.73353e+07,0,0,0,0
16.859,85.139,1.39101,0.35,0.06,3.53626,3.61526,0,0.603477,6.048,4.25838e+06,2.91414e+06,1.50587e+07,0,0,0,0,79.1909,98.274,2.49136,1,1,2.1168,2.19911,0.0342565,1.5134,2.1168,8.84977e+06,3.89515e+06,1.87332e+07,0,0,0,0
17.5326,85.139,2.00503,0.82,0.06,3.22027,3.61526,0,0.662695,6.048,4.25838e+06,2.91414e+06,1.37131e+07,0,0,0,0,79.1279,98.274,2.64294,1,1,1.95884,2.19911,0,1.63544,2.1168,8.84977e+06,3.89515e+06,1.73353e+07,0,0,0,0
19.6152,85.139,3.76813,0.38,0.06,3.44492,3.52187,0,0.603479,6.048,4.25838e+06,2.91414e+06,1.46698e+07,0,0,0,0,79.2308,98.274,4.25585,1,1,2.05209,2.09793,0,1.5134,2.1168,8.84977e+06,3.89515e+06,1.81605e+07,0,0,0,0
21.4741,85.139,3.65298,0.45,0.06,3.13709,3.52188,0,0.645577,6.048,4.25838e+06,2.91414e+06,1.33589e+07,0,0,0,0,80.1774,98.274,5.66695,1,1,1.86872,2.09794,0,1.58545,2.1168,8.84977e+06,3.89515e+06,1.65378e+07,0,0,0,0
23.1917,85.139,3.6318,0.45,0.06,3.13709,3.52188,0,0.587891,6.048,4.25838e+06,2.91414e+06,1.33589e+07,0,0,0,0,80.8195,98.274,5.8817,1,1,1.86872,2.09794,0,1.44378,2.1168,8.84977e+06,3.89515e+06,1.65378e+07,0,0,0,0
25.3155,85.139,4.70245,0,0.06,3.86829,3.52189,0,0.587891,6.048,4.25838e+06,2.91414e+06,1.64726e+07,0,0,0,0,82.4262,98.274,7.12109,1,1,1.62874,2.09794,0,1.44378,2.1168,8.84977e+06,3.89515e+06,1.4414e+07,0,0,0,0
28.2366,85.139,5.197,0,0.06,3.25665,3.25665,0,0.724917,6.048,4.25838e+06,2.70226e+06,1.3868e+07,0,0,0,0,84.0052,98.274,7.2923,0,1,1.88721,1.88721,0,1.25836,2.1168,8.84977e+06,3.61194e+06,1.67014e+07,0,0,0,0
32.4709,85.139,6.82857,0.2,0.06,3.25666,3.25666,0,0.610297,6.048,4.25838e+06,2.70226e+06,1.38681e+07,0,0,0,0,86.5597,98.274,8.77622,0,1,1.88721,1.88721,0,1.45806,2.1168,8.84977e+06,3.61194e+06,1.67014e+07,0,0,0,0
37.3937,85.139,7.70052,0,0.06,3.25666,3.25666,0,0.610297,6.048,4.25838e+06,2.70226e+06,1.38681e+07,0,0,0,0,89.7263,98.274,10.3886,0,1,1.88722,1.88722,0,1.45806,2.1168,8.84977e+06,3.61194e+06,1.67014e+07,0,0,0,0
43.8029,85.139,9.62699,0,0.06,3.25666,3.25666,0,0.610298,6.048,4.25838e+06,2.70226e+06,1.38681e+07,0,0,0,0,94.6414,98.274,14.7917,0,1,1.88722,1.88722,0,1.45806,2.1168,8.84977e+06,3.61194e+06,1.67015e+07,0,0,0,0
48.4852,85.139,7.85824,0,0.06,3.25667,3.25667,0,0.610299,6.048,4.25838e+06,2.70226e+06,1.38681e+07,0,0,0,0,98.3522,98.274,12.4877,0,1,1.88722,1.88722,0,1.45806,2.1168,8.84977e+06,3.61194e+06,1.67015e+07,0,0,0,0
50.337,85.139,5.4539,0,0.06,3.70865,3.35868,0,0.610299,6.048,4.25838e+06,2.91414e+06,1.57928e+07,0,0,0,0,99.2586,98.274,6.93929,1,1,1.48231,1.94824,0,1.45807,2.1168,8.84977e+06,3.89515e+06,1.31181e+07,0,0,0,0
50.853,85.139,4.08133,0,0.06,3.70863,3.35866,0,0.695001,6.048,4.25838e+06,2.91414e+06,1.57927e+07,0,0,0,0,99.3022,98.274,5.30962,1,1,1.48229,1.94823,0,1.14523,2.1168,8.84977e+06,3.89515e+06,1.3118e+07,0,0,0,0
50.3445,85.139,3.06776,0,0.06,3.70861,3.35864,0,0.694997,6.048,4.25838e+06,2.91414e+06,1.57927e+07,0,0,0,0,99.3022,98.274,5.29322,1,1,1.48228,1.94821,0,1.14522,2.1168,8.84977e+06,3.89515e+06,1.31179e+07,0,0,0,0
53.3691,85.139,7.3877,0,0.06,3.70859,3.35862,0,0.694994,6.048,4.25838e+06,2.91414e+06,1.57926e+07,0,0,0,0,99.3022,98.274,10.0341,1,1,1.48227,1.9482,0,1.14521,2.1168,8.84977e+06,3.89515e+06,1.31178e+07,0,0,0,0
55.2818,85.139,6.25778,0,0.06,4.029,3.68619,0,0.69499,6.048,4.25838e+06,2.91414e+06,1.7157e+07,0,0,0,0,99.3022,98.274,7.81465,1,1,1.70632,2.17726,0,1.1452,2.1168,8.84977e+06,3.89515e+06,1.51005e+07,0,0,0,0
56.0888,85.139,4.99332,0,0.06,4.02898,3.68617,0,0.755035,6.048,4.25838e+06,2.91414e+06,1.71569e+07,0,0,0,0,99.3022,98.274,5.01695,1,1,1.70631,2.17724,0,1.3183,2.1168,8.84977e+06,3.89515e+06,1.51004e+07,0,0,0,0
56.2566,85.139,4.26506,0,0.06,4.02896,3.68615,0,0.755031,6.048,4.25838e+06,2.91414e+06,1.71568e+07,0,0,0,0,99.3022,98.274,4.18094,1,1,1.70629,2.17723,0,1.31829,2.1168,8.84977e+06,3.89515e+06,1.51003e+07,0,0,0,0
58.108,85.139,6.02271,0,0.06,4.02894,3.68612,0,0.755027,6.048,4.25838e+06,2.91414e+06,1.71567e+07,0,0,0,0,99.3022,98.274,7.8334,1,1,1.70628,2.17722,0,1.31828,2.1168,8.84977e+06,3.89515e+06,1.51002e+07,0,0,0,0
60.2852,85.139,5.84543,0,0.06,3.21886,3.21886,0,0.755023,6.048,4.25838e+06,2.70226e+06,1.37071e+07,0,0,0,0,99.3022,98.274,8.69494,0,1,1.8698,1.8698,0,1.31827,2.1168,8.84977e+06,3.61194e+06,1.65473e+07,0,0,0,0
62.8819,85.139,6.32684,0,0.06,3.21884,3.21884,0,0.603215,6.048,4.25838e+06,2.70226e+06,1.3707e+07,0,0,0,0,99.3022,98.274,9.34519,0,1,1.86979,1.86979,0,1.44461,2.1168,8.84977e+06,3.61194e+06,1.65472e+07,0,0,0,0
64.8986,85.139,5.69947,0,0.06,3.21882,3.21882,0,0.603211,6.048,4.25838e+06,2.70226e+06,1.3707e+07,0,0,0,0,99.3022,98.274,8.27221,0,1,1.86978,1.86978,0,1.4446,2.1168,8.84977e+06,3.61194e+06,1.65471e+07,0,0,0,0
66.0711,85.139,4.85302,0,0.06,3.2188,3.2188,0,0.603208,6.048,4.25838e+06,2.70226e+06,1.37069e+07,0,0,0,0,99.3022,98.274,6.55877,0,1,1.86977,1.86977,0,1.44459,2.1168,8.84977e+06,3.61194e+06,1.6547e+07,0,0,0,0
69.0397,85.139,6.87984,0,0.06,3.21878,3.21878,0,0.603204,6.048,4.25838e+06,2.70226e+06,1.37068e+07,0,0,0,0,99.3022,98.274,8.5464,0,1,1.86976,1.86976,0,1.44458,2.1168,8.84977e+06,3.61194e+06,1.65469e+07,0,0,0,0
71.431,85.139,6.60347,0,0.06,3.68683,3.33637,0,0.6032,6.048,4.25838e+06,2.91414e+06,1.56999e+07,0,0,0,0,99.3022,98.274,7.21511,1,1,1.47908,1.94494,0,1.44457,2.1168,8.84977e+06,3.89515e+06,1.30896e+07,0,0,0,0
73.643,85.139,6.50389,0,0.06,3.68681,3.33635,0,0.690911,6.048,4.25838e+06,2.91414e+06,1.56998e+07,0,0,0,0,99.3022,98.274,13.8909,1,1,1.47907,1.94493,0,1.14274,2.1168,8.84977e+06,3.89515e+06,1.30895e+07,0,0,0,0
74.6931,85.139,5.23078,0,0.06,3.68679,3.33633,0,0.690908,6.048,4.25838e+06,2.91414e+06,1.56997e+07,0,0,0,0,99.3022,98.274,6.70717,1,1,1.47906,1.94492,0,1.14273,2.1168,8.84977e+06,3.89515e+06,1.30894e+07,0,0,0,0
76.1915,85.139,5.60497,0,0.06,3.68677,3.33631,0,0.690904,6.048,4.25838e+06,2.91414e+06,1.56996e+07,0,0,0,0,99.3022,98.274,7.7768,1,1,1.47905,1.94491,0,1.14272,2.1168,8.84977e+06,3.89515e+06,1.30892e+07,0,0,0,0
76.6839,85.139,4.59912,0,0.06,3.64177,3.29031,0,0.6909,6.048,4.25838e+06,2.91414e+06,1.5508e+07,0,0,0,0,99.3022,98.274,6.29778,1,1,1.45047,1.91569,0,1.14271,2.1168,8.84977e+06,3.89515e+06,1.28363e+07,0,0,0,0
76.9473,85.139,4.32201,0,0.06,3.64175,3.29029,0,0.682468,6.048,4.25838e+06,2.91414e+06,1.55079e+07,0,0,0,0,99.3022,98.274,5.38014,1,1,1.45046,1.91568,0,1.12063,2.1168,8.84977e+06,3.89515e+06,1.28362e+07,0,0,0,0
76.8884,85.139,3.96882,0,0.06,3.64173,3.29027,0,0.682464,6.048,4.25838e+06,2.91414e+06,1.55079e+07,0,0,0,0,99.3022,98.274,5.10495,1,1,1.45045,1.91567,0,1.12062,2.1168,8.84977e+06,3.89515e+06,1.28361e+07,0,0,0,0
76.5969,85.139,3.65539,0,0.06,3.64171,3.29025,0,0.68246,6.048,4.25838e+06,2.91414e+06,1.55078e+07,0,0,0,0,99.3022,98.274,4.92779,1,1,1.45044,1.91565,0,1.12062,2.1168,8.84977e+06,3.89515e+06,1.2836e+07,0,0,0,0
76.2099,85.139,3.62197,0,0.06,3.79436,3.44631,0,0.682457,6.048,4.25838e+06,2.91414e+06,1.61578e+07,0,0,0,0,99.3022,98.274,4.72767,1,1,1.55173,2.01921,0,1.12061,2.1168,8.84977e+06,3.89515e+06,1.37325e+07,0,0,0,0
75.6072,85.139,3.36506,0,0.06,3.79434,3.44628,0,0.711063,6.048,4.25838e+06,2.91414e+06,1.61577e+07,0,0,0,0,99.3022,98.274,4.27587,1,1,1.55172,2.0192,0,1.19887,2.1168,8.84977e+06,3.89515e+06,1.37324e+07,0,0,0,0
74.8461,85.139,3.1588,0,0.06,3.79432,3.44626,0,0.711059,6.048,4.25838e+06,2.91414e+06,1.61576e+07,0,0,0,0,99.3022,98.274,4.551,1,1,1.55171,2.01919,0,1.19886,2.1168,8.84977e+06,3.89515e+06,1.37322e+07,0,0,0,0
73.9737,85.139,3.02475,0,0.06,3.7943,3.44624,0,0.711055,6.048,4.25838e+06,2.91414e+06,1.61575e+07,0,0,0,0,99.3022,98.274,4.33647,1,1,1.55169,2.01918,0,1.19885,2.1168,8.84977e+06,3.89515e+06,1.37321e+07,0,0,0,0
73.2266,85.139,3.10683,0,0.06,3.79428,3.44622,0,0.711051,6.048,4.25838e+06,2.91414e+06,1.61575e+07,0,0,0,0,99.3022,98.274,4.52229,1,1,1.55168,2.01916,0,1.19884,2.1168,8.84977e+06,3.89515e+06,1.3732e+07,0,0,0,0
72.3551,85.139,2.93127,0,0.06,3.76407,3.41533,0,0.711047,6.048,4.25838e+06,2.91414e+06,1.60288e+07,0,0,0,0,99.3022,98.274,4.54107,1,1,1.60735,2.07607,0,1.19883,2.1168,8.84977e+06,3.89515e+06,1.42247e+07,0,0,0,0
71.3974,85.139,2.81831,0,0.06,3.76404,3.41531,0,0.705386,6.048,4.25838e+06,2.91414e+06,1.60287e+07,0,0,0,0,99.3022,98.274,4.09318,1,1,1.60734,2.07606,0,1.24184,2.1168,8.84977e+06,3.89515e+06,1.42246e+07,0,0,0,0
70.3552,85.139,2.69935,0,0.06,3.76402,3.41529,0,0.705382,6.048,4.25838e+06,2.91414e+06,1.60286e+07,0,0,0,0,99.3022,98.274,3.90639,1,1,1.60732,2.07605,0,1.24183,2.1168,8.84977e+06,3.89515e+06,1.42244e+07,0,0,0,0
69.3963,85.139,2.73691,0,0.06,3.764,3.41527,0,0.705378,6.048,4.25838e+06,2.91414e+06,1.60285e+07,0,0,0,0,99.3022,98.274,4.06836,1,1,1.60731,2.07603,0,1.24182,2.1168,8.84977e+06,3.89515e+06,1.42243e+07,0,0,0,0
68.2903,85.139,2.68357,0,0.06,3.84195,3.49496,0,0.705374,6.048,4.25838e+06,2.91414e+06,1.63605e+07,0,0,0,0,99.3022,98.274,3.92892,1,1,1.65692,2.12675,0,1.24181,2.1168,8.84977e+06,3.89515e+06,1.46634e+07,0,0,0,0
66.9737,85.139,2.42181,0,0.06,3.84193,3.49494,0,0.719981,6.048,4.25838e+06,2.91414e+06,1.63604e+07,0,0,0,0,99.2275,98.274,3.82318,1,1,1.65691,2.12674,0,1.28014,2.1168,8.84977e+06,3.89515e+06,1.46632e+07,0,0,0,0
65.4681,85.139,2.20627,0,0.06,3.84191,3.49491,0,0.719977,6.048,4.25838e+06,2.91414e+06,1.63603e+07,0,0,0,0,99.1092,98.274,3.30099,1,1,1.65689,2.12672,0,1.28013,2.1168,8.84977e+06,3.89515e+06,1.46631e+07,0,0,0,0
64.1701,85.139,2.39001,0,0.06,3.84188,3.49489,0,0.719973,6.048,4.25838e+06,2.91414e+06,1.63602e+07,0,0,0,0,99.1008,98.274,4.16436,1,1,1.65688,2.12671,0,1.28012,2.1168,8.84977e+06,3.89515e+06,1.4663e+07,0,0,0,0
62.0514,85.139,1.68785,0,0.06,4.07017,3.72828,0,0.719969,6.048,4.25838e+06,2.91414e+06,1.73323e+07,0,0,0,0,98.8179,98.274,3.37274,1,1,1.83597,2.3098,0,1.28011,2.1168,8.84977e+06,3.89515e+06,1.62479e+07,0,0,0,0
59.7601,85.139,1.46975,0,0.06,4.07015,3.72826,0,0.76275,6.048,4.25838e+06,2.91414e+06,1.73322e+07,0,0,0,0,98.4672,98.274,3.04999,1,1,1.83595,2.30978,0,1.41847,2.1168,8.84977e+06,3.89515e+06,1.62478e+07,0,0,0,0
58.0304,85.139,2.00317,0,0.06,4.07013,3.72823,0,0.762746,6.048,4.25838e+06,2.91414e+06,1.73321e+07,0,0,0,0,98.1717,98.274,3.44205,1,1,1.83594,2.30977,0,1.41846,2.1168,8.84977e+06,3.89515e+06,1.62476e+07,0,0,0,0
57.1778,85.139,2.93608,0,0.06,4.0701,3.72821,0,0.762742,6.048,4.25838e+06,2.91414e+06,1.7332e+07,0,0,0,0,98.0671,98.274,3.98159,1,1,1.83592,2.30976,0,1.41845,2.1168,8.84977e+06,3.89515e+06,1.62475e+07,0,0,0,0
55.9649,85.139,2.56302,0,0.06,4.07008,3.72819,0,0.762737,6.048,4.25838e+06,2.91414e+06,1.73319e+07,0,0,0,0,97.9626,98.274,3.19045,1,1,1.83591,2.30974,0,1.41844,2.1168,8.84977e+06,3.89515e+06,1.62474e+07,0,0,0,0
54.4115,85.139,2.08413,0,0.06,3.95879,3.61441,0,0.762733,6.048,4.25838e+06,2.91414e+06,1.6858e+07,0,0,0,0,97.9251,98.274,3.10955,1,1,1.72719,2.1986,0,1.41842,2.1168,8.84977e+06,3.89515e+06,1.52853e+07,0,0,0,0
52.7693,85.139,2.00143,0,0.06,3.95877,3.61439,0,0.741878,6.048,4.25838e+06,2.91414e+06,1.68579e+07,0,0,0,0,97.9023,98.274,3.42597,1,1,1.72718,2.19858,0,1.33443,2.1168,8.84977e+06,3.89515e+06,1.52852e+07,0,0,0,0
50.4019,85.139,1.20266,0,0.06,3.95875,3.61437,0,0.741874,6.048,4.25838e+06,2.91414e+06,1.68578e+07,0,0,0,0,97.6555,98.274,2.10007,1,1,1.72717,2.19857,0,1.33442,2.1168,8.84977e+06,3.89515e+06,1.5285e+07,0,0,0,0
48.3102,85.139,1.44001,0,0.06,3.95873,3.61435,0,0.74187,6.048,4.25838e+06,2.91414e+06,1.68578e+07,0,0,0,0,97.3713,98.274,2.40995,1,1,1.72715,2.19856,0,1.33441,2.1168,8.84977e+06,3.89515e+06,1.52849e+07,0,0,0,0
45.958,85.139,1.08785,0,0.06,3.86738,3.52096,0,0.741866,6.048,4.25838e+06,2.91414e+06,1.64688e+07,0,0,0,0,97.0423,98.274,1.8677,1,1,1.6282,2.09739,0,1.3344,2.1168,8.84977e+06,3.89515e+06,1.44092e+07,0,0,0,0
43.4532,85.139,0.87278,0,0.06,3.86736,3.52094,0,0.724747,6.048,4.25838e+06,2.91414e+06,1.64687e+07,0,0,0,0,96.9674,98.274,1.58628,1,1,1.62818,2.09738,0,1.25795,2.1168,8.84977e+06,3.89515e+06,1.44091e+07,0,0,0,0
41.7179,85.139,1.63875,0,0.06,3.86734,3.52092,0,0.724743,6.048,4.25838e+06,2.91414e+06,1.64686e+07,0,0,0,0,97.4097,98.274,4.48069,1,1,1.62817,2.09736,0,1.25794,2.1168,8.84977e+06,3.89515e+06,1.4409e+07,0,0,0,0
41.2887,85.139,3.01921,0,0.06,3.86732,3.52089,0,0.724739,6.048,4.25838e+06,2.91414e+06,1.64685e+07,0,0,0,0,98.339,98.274,5.46017,1,1,1.62816,2.09735,0,1.25793,2.1168,8.84977e+06,3.89515e+06,1.44088e+07,0,0,0,0
39.9072,85.139,1.52711,0,0.06,3.25571,3.25571,0,0.724735,6.048,4.25838e+06,2.70226e+06,1.3864e+07,0,0,0,0,98.1014,98.274,1.70992,0,1,1.88667,1.88667,0,1.25792,2.1168,8.84977e+06,3.61194e+06,1.66966e+07,0,0,0,0
39.2949,85.139,2.30558,0,0.06,3.25569,3.25569,0,0.61012,6.048,4.25838e+06,2.70226e+06,1.3864e+07,0,0,0,0,97.9042,98.274,2.46588,0,1,1.88665,1.88665,0,1.45764,2.1168,8.84977e+06,3.61194e+06,1.66965e+07,0,0,0,0
39.6499,85.139,3.32935,0,0.06,3.25567,3.25567,0,0.610116,6.048,4.25838e+06,2.70226e+06,1.38639e+07,0,0,0,0,97.9287,98.274,3.33404,0,1,1.88664,1.88664,0,1.45763,2.1168,8.84977e+06,3.61194e+06,1.66964e+07,0,0,0,0
40.0498,85.139,3.37679,0,0.06,3.25565,3.25565,0,0.610113,6.048,4.25838e+06,2.70226e+06,1.38638e+07,0,0,0,0,97.9046,98.274,3.05561,0,1,1.88663,1.88663,0,1.45762,2.1168,8.84977e+06,3.61194e+06,1.66963e+07,0,0,0,0
41.7064,85.139,4.69911,0,0.06,3.25563,3.25563,0,0.610109,6.048,4.25838e+06,2.70226e+06,1.38637e+07,0,0,0,0,98.3427,98.274,4.6595,0,1,1.88662,1.88662,0,1.45761,2.1168,8.84977e+06,3.61194e+06,1.66962e+07,0,0,0,0
44.0885,85.139,5.86681,0,0.06,3.70758,3.35759,0,0.610105,6.048,4.25838e+06,2.91414e+06,1.57883e+07,0,0,0,0,99.1394,98.274,4.20564,1,1,1.48169,1.9476,0,1.4576,2.1168,8.84977e+06,3.89515e+06,1.31126e+07,0,0,0,0
44.6905,85.139,4.0127,0,0.06,3.70754,3.35755,0,0.694801,6.048,4.25838e+06,2.91414e+06,1.57881e+07,0,0,0,0,99.3022,98.274,3.07584,1,1,1.48166,1.94758,0,1.14475,2.1168,8.84977e+06,3.89515e+06,1.31124e+07,0,0,0,0
45.0538,85.139,3.77213,0,0.06,3.70749,3.3575,0,0.694793,6.048,4.25838e+06,2.91414e+06,1.57879e+07,0,0,0,0,98.6485,98.274,3.04156,1,1,1.48164,1.94755,0,1.14473,2.1168,8.84977e+06,3.89515e+06,1.31121e+07,0,0,0,0
44.6933,85.139,3.03939,0,0.06,3.70745,3.35746,0,0.694785,6.048,4.25838e+06,2.91414e+06,1.57877e+07,0,0,0,0,98.8111,98.274,2.1263,1,1,1.48161,1.94753,0,1.14471,2.1168,8.84977e+06,3.89515e+06,1.31119e+07,0,0,0,0
44.2727,85.139,3.23831,0,0.06,4.02773,3.68489,0,0.694776,6.048,4.25838e+06,2.91414e+06,1.71516e+07,0,0,0,0,99.1002,98.274,2.5325,1,1,1.70557,2.17649,0,1.14469,2.1168,8.84977e+06,3.89515e+06,1.50939e+07,0,0,0,0
45.7661,85.139,5.21401,0,0.06,4.02768,3.68484,0,0.754796,6.048,4.25838e+06,2.91414e+06,1.71514e+07,0,0,0,0,99.2598,98.274,4.00825,1,1,1.70554,2.17646,0,1.31772,2.1168,8.84977e+06,3.89515e+06,1.50936e+07,0,0,0,0
45.6998,85.139,3.61071,0,0.06,4.02763,3.68479,0,0.754787,6.048,4.25838e+06,2.91414e+06,1.71512e+07,0,0,0,0,98.7768,98.274,2.7136,1,1,1.70551,2.17643,0,1.3177,2.1168,8.84977e+06,3.89515e+06,1.50934e+07,0,0,0,0
44.8086,85.139,2.72815,0,0.06,4.02758,3.68474,0,0.754778,6.048,4.25838e+06,2.91414e+06,1.7151e+07,0,0,0,0,98.7954,98.274,2.02539,1,1,1.70548,2.1764,0,1.31768,2.1168,8.84977e+06,3.89515e+06,1.50931e+07,0,0,0,0
48.0858,85.139,6.62683,0,0.06,3.21763,3.21763,0,0.754769,6.048,4.25838e+06,2.70226e+06,1.37019e+07,0,0,0,0,99.3022,98.274,7.03667,0,1,1.86909,1.86909,0,1.31765,2.1168,8.84977e+06,3.61194e+06,1.6541e+07,0,0,0,0
51.655,85.139,7.00754,0,0.06,3.21759,3.21759,0,0.602984,6.048,4.25838e+06,2.70226e+06,1.37017e+07,0,0,0,0,99.3022,98.274,6.73024,0,1,1.86906,1.86906,0,1.44406,2.1168,8.84977e+06,3.61194e+06,1.65408e+07,0,0,0,0
55.95,85.139,7.7861,0,0.06,3.21755,3.21755,0,0.602976,6.048,4.25838e+06,2.70226e+06,1.37015e+07,0,0,0,0,99.3022,98.274,7.74415,0,1,1.86904,1.86904,0,1.44404,2.1168,8.84977e+06,3.61194e+06,1.65405e+07,0,0,0,0
59.1886,85.139,6.61453,0,0.06,3.2175,3.2175,0,0.602968,6.048,4.25838e+06,2.70226e+06,1.37013e+07,0,0,0,0,99.3022,98.274,5.74847,0,1,1.86901,1.86901,0,1.44402,2.1168,8.84977e+06,3.61194e+06,1.65403e+07,0,0,0,0
63.4823,85.139,8.12109,0,0.06,3.21746,3.21746,0,0.60296,6.048,4.25838e+06,2.70226e+06,1.37012e+07,0,0,0,0,99.3022,98.274,7.40658,0,1,1.86899,1.86899,0,1.444,2.1168,8.84977e+06,3.61194e+06,1.65401e+07,0,0,0,0
68.086,85.139,8.84374,0,0.06,3.68546,3.33497,0,0.602952,6.048,4.25838e+06,2.91414e+06,1.56941e+07,0,0,0,0,99.3022,98.274,6.87679,1,1,1.47829,1.94413,0,1.44398,2.1168,8.84977e+06,3.89515e+06,1.30825e+07,0,0,0,0
69.6972,85.139,5.63259,0,0.06,3.68542,3.33493,0,0.690655,6.048,4.25838e+06,2.91414e+06,1.56939e+07,0,0,0,0,99.3022,98.274,5.09739,1,1,1.47826,1.9441,0,1.14212,2.1168,8.84977e+06,3.89515e+06,1.30823e+07,0,0,0,0
70.5351,85.139,4.80933,0,0.06,3.68537,3.33489,0,0.690647,6.048,4.25838e+06,2.91414e+06,1.56937e+07,0,0,0,0,99.3022,98.274,4.85422,1,1,1.47824,1.94408,0,1.14211,2.1168,8.84977e+06,3.89515e+06,1.30821e+07,0,0,0,0
71.1312,85.139,4.52315,0,0.06,3.68533,3.33484,0,0.690639,6.048,4.25838e+06,2.91414e+06,1.56935e+07,0,0,0,0,99.3022,98.274,4.44909,1,1,1.47821,1.94405,0,1.14209,2.1168,8.84977e+06,3.89515e+06,1.30818e+07,0,0,0,0
71.6284,85.139,4.39488,0,0.06,3.64033,3.28884,0,0.690631,6.048,4.25838e+06,2.91414e+06,1.55019e+07,0,0,0,0,99.3022,98.274,3.93261,1,1,1.44963,1.91483,0,1.14207,2.1168,8.84977e+06,3.89515e+06,1.28289e+07,0,0,0,0
71.9217,85.139,4.15885,0,0.06,3.64029,3.28879,0,0.682198,6.048,4.25838e+06,2.91414e+06,1.55017e+07,0,0,0,0,99.3022,98.274,3.38449,1,1,1.44961,1.91481,0,1.11998,2.1168,8.84977e+06,3.89515e+06,1.28287e+07,0,0,0,0
71.9061,85.139,3.82527,0,0.06,3.64024,3.28875,0,0.68219,6.048,4.25838e+06,2.91414e+06,1.55015e+07,0,0,0,0,99.3022,98.274,3.14702,1,1,1.44958,1.91478,0,1.11997,2.1168,8.84977e+06,3.89515e+06,1.28285e+07,0,0,0,0
71.6397,85.139,3.50722,0,0.06,3.6402,3.2887,0,0.682182,6.048,4.25838e+06,2.91414e+06,1.55013e+07,0,0,0,0,99.3022,98.274,3.02681,1,1,1.44956,1.91476,0,1.11995,2.1168,8.84977e+06,3.89515e+06,1.28282e+07,0,0,0,0
71.0303,85.139,3.23467,0,0.06,3.79275,3.44466,0,0.682174,6.048,4.25838e+06,2.91414e+06,1.6151e+07,0,0,0,0,99.2825,98.274,2.58562,1,1,1.55079,2.01825,0,1.11993,2.1168,8.84977e+06,3.89515e+06,1.37241e+07,0,0,0,0
70.1787,85.139,2.93963,0,0.06,3.79271,3.44462,0,0.710762,6.048,4.25838e+06,2.91414e+06,1.61508e+07,0,0,0,0,99.2592,98.274,2.30937,1,1,1.55076,2.01822,0,1.19814,2.1168,8.84977e+06,3.89515e+06,1.37239e+07,0,0,0,0
69.1263,85.139,2.68143,0,0.06,3.79266,3.44457,0,0.710754,6.048,4.25838e+06,2.91414e+06,1.61506e+07,0,0,0,0,99.2479,98.274,2.2887,1,1,1.55074,2.0182,0,1.19812,2.1168,8.84977e+06,3.89515e+06,1.37237e+07,0,0,0,0
68.0358,85.139,2.62438,0,0.06,3.79262,3.44453,0,0.710745,6.048,4.25838e+06,2.91414e+06,1.61504e+07,0,0,0,0,99.1533,98.274,2.33229,1,1,1.55071,2.01817,0,1.1981,2.1168,8.84977e+06,3.89515e+06,1.37234e+07,0,0,0,0
66.5877,85.139,2.23314,0,0.06,3.79257,3.44448,0,0.710737,6.048,4.25838e+06,2.91414e+06,1.61502e+07,0,0,0,0,99.0505,98.274,2.01539,1,1,1.55068,2.01814,0,1.19808,2.1168,8.84977e+06,3.89515e+06,1.37232e+07,0,0,0,0
64.8839,85.139,1.9075,0,0.06,3.76235,3.41359,0,0.710728,6.048,4.25838e+06,2.91414e+06,1.60215e+07,0,0,0,0,98.8887,98.274,1.94736,1,1,1.60631,2.07501,0,1.19806,2.1168,8.84977e+06,3.89515e+06,1.42155e+07,0,0,0,0
63.0433,85.139,1.73959,0,0.06,3.76231,3.41354,0,0.705065,6.048,4.25838e+06,2.91414e+06,1.60213e+07,0,0,0,0,98.7735,98.274,1.95463,1,1,1.60628,2.07498,0,1.24103,2.1168,8.84977e+06,3.89515e+06,1.42152e+07,0,0,0,0
61.1885,85.139,1.6958,0,0.06,3.76227,3.41349,0,0.705057,6.048,4.25838e+06,2.91414e+06,1.60211e+07,0,0,0,0,98.569,98.274,1.93763,1,1,1.60625,2.07495,0,1.24101,2.1168,8.84977e+06,3.89515e+06,1.4215e+07,0,0,0,0
59.2699,85.139,1.59694,0,0.06,3.76222,3.41345,0,0.705048,6.048,4.25838e+06,2.91414e+06,1.6021e+07,0,0,0,0,98.265,98.274,1.83888,1,1,1.60623,2.07493,0,1.24099,2.1168,8.84977e+06,3.89515e+06,1.42147e+07,0,0,0,0
57.2515,85.139,1.53378,0,0.06,3.8401,3.49307,0,0.70504,6.048,4.25838e+06,2.91414e+06,1.63526e+07,0,0,0,0,98.0965,98.274,1.80788,1,1,1.65579,2.1256,0,1.24097,2.1168,8.84977e+06,3.89515e+06,1.46534e+07,0,0,0,0
55.1664,85.139,1.4182,0,0.06,3.84005,3.49302,0,0.719634,6.048,4.25838e+06,2.91414e+06,1.63524e+07,0,0,0,0,97.6821,98.274,1.82174,1,1,1.65577,2.12557,0,1.27927,2.1168,8.84977e+06,3.89515e+06,1.46531e+07,0,0,0,0
53.0159,85.139,1.31464,0,0.06,3.84001,3.49297,0,0.719626,6.048,4.25838e+06,2.91414e+06,1.63522e+07,0,0,0,0,97.4576,98.274,1.62227,1,1,1.65574,2.12554,0,1.27924,2.1168,8.84977e+06,3.89515e+06,1.46529e+07,0,0,0,0
50.9339,85.139,1.33705,0,0.06,3.83996,3.49293,0,0.719617,6.048,4.25838e+06,2.91414e+06,1.6352e+07,0,0,0,0,97.0736,98.274,1.84637,1,1,1.65571,2.12552,0,1.27922,2.1168,8.84977e+06,3.89515e+06,1.46527e+07,0,0,0,0
48.4872,85.139,1.12469,0,0.06,4.06809,3.72615,0,0.719609,6.048,4.25838e+06,2.91414e+06,1.73235e+07,0,0,0,0,96.6327,98.274,1.65777,1,1,1.83468,2.30848,0,1.2792,2.1168,8.84977e+06,3.89515e+06,1.62365e+07,0,0,0,0
46.1597,85.139,1.19781,0,0.06,4.06804,3.7261,0,0.762361,6.048,4.25838e+06,2.91414e+06,1.73233e+07,0,0,0,0,96.1583,98.274,1.67632,1,1,1.83465,2.30845,0,1.41747,2.1168,8.84977e+06,3.89515e+06,1.62362e+07,0,0,0,0
43.7525,85.139,1.05656,0,0.06,4.068,3.72606,0,0.762351,6.048,4.25838e+06,2.91414e+06,1.73231e+07,0,0,0,0,95.6371,98.274,1.59212,1,1,1.83462,2.30842,0,1.41745,2.1168,8.84977e+06,3.89515e+06,1.6236e+07,0,0,0,0
41.2002,85.139,0.852971,0,0.06,4.06795,3.72601,0,0.762342,6.048,4.25838e+06,2.91414e+06,1.73228e+07,0,0,0,0,95.4037,98.274,1.42711,1,1,1.83459,2.30839,0,1.41743,2.1168,8.84977e+06,3.89515e+06,1.62357e+07,0,0,0,0
38.895,85.139,1.02472,0,0.06,4.0679,3.72596,0,0.762333,6.048,4.25838e+06,2.91414e+06,1.73226e+07,0,0,0,0,95.076,98.274,2.47327,1,1,1.83456,2.30836,0,1.4174,2.1168,8.84977e+06,3.89515e+06,1.62354e+07,0,0,0,0
36.63,85.139,0.92202,0,0.06,3.95665,3.61222,0,0.762324,6.048,4.25838e+06,2.91414e+06,1.68489e+07,0,0,0,0,94.5394,98.274,1.45885,1,1,1.72589,2.19726,0,1.41738,2.1168,8.84977e+06,3.89515e+06,1.52738e+07,0,0,0,0
34.3192,85.139,0.787001,0,0.06,3.95661,3.61218,0,0.741477,6.048,4.25838e+06,2.91414e+06,1.68487e+07,0,0,0,0,94.2731,98.274,1.33275,1,1,1.72586,2.19724,0,1.33342,2.1168,8.84977e+06,3.89515e+06,1.52735e+07,0,0,0,0
32.8642,85.139,1.68196,0,0.06,3.95656,3.61213,0,0.741468,6.048,4.25838e+06,2.91414e+06,1.68485e+07,0,0,0,0,94.4166,98.274,2.07596,1,1,1.72583,2.19721,0,1.3334,2.1168,8.84977e+06,3.89515e+06,1.52732e+07,0,0,0,0
32.5251,85.139,2.80458,0,0.06,3.95651,3.61208,0,0.741459,6.048,4.25838e+06,2.91414e+06,1.68483e+07,0,0,0,0,94.3761,98.274,2.48451,1,1,1.72581,2.19718,0,1.33338,2.1168,8.84977e+06,3.89515e+06,1.5273e+07,0,0,0,0
30.6027,85.139,0.995331,0,0.06,3.8652,3.51872,0,0.74145,6.048,4.25838e+06,2.91414e+06,1.64595e+07,0,0,0,0,94.2585,98.274,1.59476,1,1,1.6269,2.09606,0,1.33336,2.1168,8.84977e+06,3.89515e+06,1.43977e+07,0,0,0,0
29.6327,85.139,1.90879,0,0.06,3.86515,3.51868,0,0.724338,6.048,4.25838e+06,2.91414e+06,1.64593e+07,0,0,0,0,94.3613,98.274,2.1331,1,1,1.62687,2.09603,0,1.25694,2.1168,8.84977e+06,3.89515e+06,1.43974e+07,0,0,0,0
29.6304,85.139,2.83433,0,0.06,3.8651,3.51863,0,0.724329,6.048,4.25838e+06,2.91414e+06,1.64591e+07,0,0,0,0,95.0488,98.274,3.85475,1,1,1.62684,2.096,0,1.25692,2.1168,8.84977e+06,3.89515e+06,1.43972e+07,0,0,0,0
