0cont_fund,0ins_pout,0ins_price,0infra_npv,0debt_serv,0gross_rev,0cont_contrib,0drought_cost,0water_price
632639,0,0,0,1.25761e-71,2.13091e+07,632639,0,1.36711e+07
1.26551e+06,0,0,0,0,2.13168e+07,632867,0,1.36711e+07
1.8986e+06,0,0,0,0,2.13245e+07,633096,0,1.36711e+07
2.53193e+06,0,0,0,0,2.13322e+07,633325,0,1.36711e+07
3.23342e+06,0,0,0,0,2.36289e+07,701490,0,1.36711e+07
3.93516e+06,0,0,0,0,2.36374e+07,701743,0,1.36711e+07
4.63716e+06,0,0,0,0,2.36459e+07,701997,0,1.36711e+07
5.33941e+06,0,0,0,0,2.36545e+07,702250,0,1.36711e+07
5.94791e+06,0,0,0,0,2.04963e+07,608507,0,1.36711e+07
6.55664e+06,0,0,0,0,2.05037e+07,608726,0,1.36711e+07
7.16559e+06,0,0,0,0,2.05111e+07,608946,0,1.36711e+07
7.77475e+06,0,0,0,0,2.05185e+07,609166,0,1.36711e+07
8.38414e+06,0,0,0,0,2.05259e+07,609386,0,1.36711e+07
9.0171e+06,0,0,0,0,2.13202e+07,632965,0,1.36711e+07
9.6503e+06,0,0,0,0,2.13279e+07,633194,0,1.36711e+07
1.02837e+07,0,0,0,0,2.13356e+07,633422,0,1.36711e+07
1.09174e+07,0,0,0,0,2.13433e+07,633651,0,1.36711e+07
1.15421e+07,0,0,0,0,2.10439e+07,624763,0,1.36711e+07
1.21671e+07,0,0,0,0,2.10515e+07,624989,0,1.36711e+07
1.27923e+07,0,0,0,0,2.10591e+07,625214,0,1.36711e+07
1.34178e+07,0,0,0,0,2.10667e+07,625440,0,1.36711e+07
1.40751e+07,0,0,0,0,2.21419e+07,657354,0,1.36711e+07
1.47327e+07,0,0,0,0,2.21499e+07,657591,0,1.36711e+07
1.53905e+07,0,0,0,0,2.21579e+07,657828,0,1.36711e+07
1.60486e+07,0,0,0,0,2.21659e+07,658066,0,1.36711e+07
1.67069e+07,0,0,0,0,2.21739e+07,658303,0,1.36711e+07
1.73715e+07,0,0,0,0,2.23851e+07,664535,0,1.36711e+07
1.80362e+07,0,0,0,0,2.23932e+07,664775,0,1.36711e+07
1.87012e+07,0,0,0,0,2.24012e+07,665014,0,1.36711e+07
1.93665e+07,0,0,0,0,2.24093e+07,665254,0,1.36711e+07
2.00479e+07,0,0,0,0,2.29528e+07,681387,0,1.36711e+07
2.07295e+07,0,0,0,0,2.2961e+07,681632,0,1.36711e+07
2.14114e+07,0,0,0,0,2.29693e+07,681877,0,1.36711e+07
2.20935e+07,0,0,0,0,2.29776e+07,682123,0,1.36711e+07
2.2828e+07,0,0,0,0,2.47417e+07,734472,0,1.36711e+07
2.35627e+07,0,0,0,0,2.47506e+07,734736,0,1.36711e+07
2.42977e+07,0,0,0,0,2.47595e+07,735001,0,1.36711e+07
2.5033e+07,0,0,0,0,2.47684e+07,735265,0,1.36711e+07
2.57685e+07,0,0,0,0,2.47773e+07,735530,0,1.36711e+07
2.64754e+07,0,0,0,0,2.38111e+07,706867,0,1.36711e+07
2.71825e+07,0,0,0,0,2.38196e+07,707121,0,1.36711e+07
2.78899e+07,0,0,0,0,2.38282e+07,707376,0,1.36711e+07
2.85975e+07,0,0,0,0,2.38368e+07,707630,0,1.36711e+07
2.928e+07,0,0,0,0,2.29902e+07,682520,0,1.36711e+07
2.99628e+07,0,0,0,0,2.29984e+07,682766,0,1.36711e+07
3.06458e+07,0,0,0,0,2.30067e+07,683011,0,1.36711e+07
3.13291e+07,0,0,0,0,2.3015e+07,683257,0,1.36711e+07
3.19527e+07,0,0,0,0,2.10047e+07,623603,0,1.36711e+07
3.25765e+07,0,0,0,0,2.10122e+07,623827,0,1.36711e+07
3.32005e+07,0,0,0,0,2.10198e+07,624051,0,1.36711e+07
3.38248e+07,0,0,0,0,2.10274e+07,624276,0,1.36711e+07
0,0,1.23051e+10,0,0,2.10349e+07,624500,1.22706e+10,1.36711e+07
644595,0,0,0,1.25761e-71,2.17118e+07,644595,0,1.36711e+07
1.28941e+06,0,0,0,0,2.17194e+07,644819,0,1.36711e+07
1.93446e+06,0,0,0,0,2.17269e+07,645044,0,1.36711e+07
2.57973e+06,0,0,0,0,2.17345e+07,645269,0,1.36711e+07
3.29444e+06,0,0,0,0,2.40742e+07,714710,0,1.36711e+07
4.0094e+06,0,0,0,0,2.40825e+07,714959,0,1.36711e+07
4.7246e+06,0,0,0,0,2.40909e+07,715208,0,1.36711e+07
5.44006e+06,0,0,0,0,2.40993e+07,715457,0,1.36711e+07
6.06e+06,0,0,0,0,2.08815e+07,619942,0,1.36711e+07
6.68016e+06,0,0,0,0,2.08887e+07,620157,0,1.36711e+07
7.30053e+06,0,0,0,0,2.0896e+07,620373,0,1.36711e+07
7.92112e+06,0,0,0,0,2.09033e+07,620589,0,1.36711e+07
8.54193e+06,0,0,0,0,2.09105e+07,620805,0,1.36711e+07
9.18674e+06,0,0,0,0,2.17195e+07,644818,0,1.36711e+07
9.83179e+06,0,0,0,0,2.1727e+07,645042,0,1.36711e+07
1.04771e+07,0,0,0,0,2.17346e+07,645267,0,1.36711e+07
1.11225e+07,0,0,0,0,2.17421e+07,645491,0,1.36711e+07
1.1759e+07,0,0,0,0,2.14369e+07,636429,0,1.36711e+07
1.23956e+07,0,0,0,0,2.14443e+07,636651,0,1.36711e+07
1.30325e+07,0,0,0,0,2.14518e+07,636872,0,1.36711e+07
1.36696e+07,0,0,0,0,2.14592e+07,637093,0,1.36711e+07
1.43392e+07,0,0,0,0,2.25542e+07,669594,0,1.36711e+07
1.5009e+07,0,0,0,0,2.2562e+07,669827,0,1.36711e+07
1.56791e+07,0,0,0,0,2.25699e+07,670059,0,1.36711e+07
1.63494e+07,0,0,0,0,2.25777e+07,670292,0,1.36711e+07
1.70199e+07,0,0,0,0,2.25856e+07,670525,0,1.36711e+07
1.76968e+07,0,0,0,0,2.28004e+07,676865,0,1.36711e+07
1.83739e+07,0,0,0,0,2.28083e+07,677100,0,1.36711e+07
1.90512e+07,0,0,0,0,2.28162e+07,677335,0,1.36711e+07
1.97288e+07,0,0,0,0,2.28242e+07,677570,0,1.36711e+07
2.04227e+07,0,0,0,0,2.33774e+07,693992,0,1.36711e+07
2.1117e+07,0,0,0,0,2.33855e+07,694233,0,1.36711e+07
2.18115e+07,0,0,0,0,2.33936e+07,694474,0,1.36711e+07
2.25062e+07,0,0,0,0,2.34018e+07,694715,0,1.36711e+07
2.32542e+07,0,0,0,0,2.51981e+07,748021,0,1.36711e+07
2.40025e+07,0,0,0,0,2.52068e+07,748281,0,1.36711e+07
2.4751e+07,0,0,0,0,2.52156e+07,748540,0,1.36711e+07
2.54998e+07,0,0,0,0,2.52243e+07,748800,0,1.36711e+07
2.62489e+07,0,0,0,0,2.52331e+07,749060,0,1.36711e+07
2.69687e+07,0,0,0,0,2.42487e+07,719860,0,1.36711e+07
2.76888e+07,0,0,0,0,2.42572e+07,720110,0,1.36711e+07
2.84092e+07,0,0,0,0,2.42656e+07,720359,0,1.36711e+07
2.91298e+07,0,0,0,0,2.4274e+07,720609,0,1.36711e+07
2.98248e+07,0,0,0,0,2.34116e+07,695030,0,1.36711e+07
3.05201e+07,0,0,0,0,2.34197e+07,695271,0,1.36711e+07
3.12156e+07,0,0,0,0,2.34278e+07,695512,0,1.36711e+07
3.19114e+07,0,0,0,0,2.34359e+07,695753,0,1.36711e+07
3.25464e+07,0,0,0,0,2.13886e+07,635000,0,1.36711e+07
3.31816e+07,0,0,0,0,2.1396e+07,635220,0,1.36711e+07
3.3817e+07,0,0,0,0,2.14034e+07,635440,0,1.36711e+07
3.44527e+07,0,0,0,0,2.14108e+07,635660,0,1.36711e+07
0,0,1.27607e+10,0,0,2.14182e+07,635880,1.27256e+10,1.36711e+07
656333,0,0,0,1.25761e-71,2.21072e+07,656333,0,1.36711e+07
1.31289e+06,0,0,0,0,2.21146e+07,656553,0,1.36711e+07
1.96966e+06,0,0,0,0,2.2122e+07,656773,0,1.36711e+07
2.62665e+06,0,0,0,0,2.21294e+07,656993,0,1.36711e+07
3.35434e+06,0,0,0,0,2.45112e+07,727686,0,1.36711e+07
4.08227e+06,0,0,0,0,2.45195e+07,727930,0,1.36711e+07
4.81044e+06,0,0,0,0,2.45277e+07,728174,0,1.36711e+07
5.53886e+06,0,0,0,0,2.45359e+07,728417,0,1.36711e+07
6.17002e+06,0,0,0,0,2.12594e+07,631164,0,1.36711e+07
6.8014e+06,0,0,0,0,2.12666e+07,631375,0,1.36711e+07
7.43298e+06,0,0,0,0,2.12737e+07,631587,0,1.36711e+07
8.06478e+06,0,0,0,0,2.12808e+07,631798,0,1.36711e+07
8.69679e+06,0,0,0,0,2.12879e+07,632009,0,1.36711e+07
9.35324e+06,0,0,0,0,2.21112e+07,656447,0,1.36711e+07
1.00099e+07,0,0,0,0,2.21186e+07,656667,0,1.36711e+07
1.06668e+07,0,0,0,0,2.2126e+07,656887,0,1.36711e+07
1.13239e+07,0,0,0,0,2.21334e+07,657106,0,1.36711e+07
1.19718e+07,0,0,0,0,2.18223e+07,647873,0,1.36711e+07
1.26199e+07,0,0,0,0,2.18296e+07,648090,0,1.36711e+07
1.32682e+07,0,0,0,0,2.18369e+07,648306,0,1.36711e+07
1.39167e+07,0,0,0,0,2.18442e+07,648523,0,1.36711e+07
1.45983e+07,0,0,0,0,2.29585e+07,681598,0,1.36711e+07
1.52801e+07,0,0,0,0,2.29662e+07,681826,0,1.36711e+07
1.59622e+07,0,0,0,0,2.29739e+07,682054,0,1.36711e+07
1.66445e+07,0,0,0,0,2.29816e+07,682282,0,1.36711e+07
1.7327e+07,0,0,0,0,2.29892e+07,682510,0,1.36711e+07
1.80159e+07,0,0,0,0,2.32076e+07,688954,0,1.36711e+07
1.87051e+07,0,0,0,0,2.32154e+07,689184,0,1.36711e+07
1.93945e+07,0,0,0,0,2.32231e+07,689414,0,1.36711e+07
2.00842e+07,0,0,0,0,2.32309e+07,689644,0,1.36711e+07
2.07905e+07,0,0,0,0,2.37937e+07,706350,0,1.36711e+07
2.14971e+07,0,0,0,0,2.38016e+07,706586,0,1.36711e+07
2.22039e+07,0,0,0,0,2.38096e+07,706822,0,1.36711e+07
2.2911e+07,0,0,0,0,2.38175e+07,707058,0,1.36711e+07
2.36723e+07,0,0,0,0,2.56454e+07,761301,0,1.36711e+07
2.44338e+07,0,0,0,0,2.5654e+07,761555,0,1.36711e+07
2.51956e+07,0,0,0,0,2.56626e+07,761809,0,1.36711e+07
2.59577e+07,0,0,0,0,2.56711e+07,762064,0,1.36711e+07
2.672e+07,0,0,0,0,2.56797e+07,762318,0,1.36711e+07
2.74526e+07,0,0,0,0,2.46776e+07,732592,0,1.36711e+07
2.81854e+07,0,0,0,0,2.46859e+07,732836,0,1.36711e+07
2.89185e+07,0,0,0,0,2.46941e+07,733081,0,1.36711e+07
2.96519e+07,0,0,0,0,2.47023e+07,733325,0,1.36711e+07
3.03591e+07,0,0,0,0,2.38244e+07,707285,0,1.36711e+07
3.10667e+07,0,0,0,0,2.38323e+07,707521,0,1.36711e+07
3.17744e+07,0,0,0,0,2.38403e+07,707757,0,1.36711e+07
3.24824e+07,0,0,0,0,2.38482e+07,707993,0,1.36711e+07
3.31286e+07,0,0,0,0,2.17646e+07,646163,0,1.36711e+07
3.3775e+07,0,0,0,0,2.17718e+07,646378,0,1.36711e+07
3.44215e+07,0,0,0,0,2.17791e+07,646594,0,1.36711e+07
3.50684e+07,0,0,0,0,2.17864e+07,646810,0,1.36711e+07
0,0,1.29888e+10,0,0,2.17936e+07,647025,1.29531e+10,1.36711e+07
667827,0,0,0,1.25761e-71,2.24943e+07,667827,0,1.36711e+07
1.33587e+06,0,0,0,0,2.25016e+07,668042,0,1.36711e+07
2.00413e+06,0,0,0,0,2.25088e+07,668257,0,1.36711e+07
2.6726e+06,0,0,0,0,2.2516e+07,668472,0,1.36711e+07
3.41299e+06,0,0,0,0,2.49392e+07,740391,0,1.36711e+07
4.15362e+06,0,0,0,0,2.49472e+07,740629,0,1.36711e+07
4.89449e+06,0,0,0,0,2.49552e+07,740868,0,1.36711e+07
5.63559e+06,0,0,0,0,2.49633e+07,741106,0,1.36711e+07
6.27774e+06,0,0,0,0,2.16295e+07,642150,0,1.36711e+07
6.9201e+06,0,0,0,0,2.16364e+07,642356,0,1.36711e+07
7.56266e+06,0,0,0,0,2.16434e+07,642563,0,1.36711e+07
8.20543e+06,0,0,0,0,2.16504e+07,642769,0,1.36711e+07
8.84841e+06,0,0,0,0,2.16573e+07,642976,0,1.36711e+07
9.51624e+06,0,0,0,0,2.24946e+07,667829,0,1.36711e+07
1.01843e+07,0,0,0,0,2.25018e+07,668044,0,1.36711e+07
1.08525e+07,0,0,0,0,2.2509e+07,668259,0,1.36711e+07
1.1521e+07,0,0,0,0,2.25163e+07,668473,0,1.36711e+07
1.21801e+07,0,0,0,0,2.21995e+07,659072,0,1.36711e+07
1.28394e+07,0,0,0,0,2.22067e+07,659283,0,1.36711e+07
1.34989e+07,0,0,0,0,2.22138e+07,659495,0,1.36711e+07
1.41586e+07,0,0,0,0,2.22209e+07,659707,0,1.36711e+07
1.48519e+07,0,0,0,0,2.33541e+07,693343,0,1.36711e+07
1.55455e+07,0,0,0,0,2.33616e+07,693566,0,1.36711e+07
1.62393e+07,0,0,0,0,2.33692e+07,693789,0,1.36711e+07
1.69333e+07,0,0,0,0,2.33767e+07,694012,0,1.36711e+07
1.76275e+07,0,0,0,0,2.33842e+07,694234,0,1.36711e+07
1.83283e+07,0,0,0,0,2.3606e+07,700780,0,1.36711e+07
1.90293e+07,0,0,0,0,2.36136e+07,701005,0,1.36711e+07
1.97305e+07,0,0,0,0,2.36212e+07,701230,0,1.36711e+07
2.0432e+07,0,0,0,0,2.36287e+07,701455,0,1.36711e+07
2.11504e+07,0,0,0,0,2.42008e+07,718437,0,1.36711e+07
2.18691e+07,0,0,0,0,2.42086e+07,718668,0,1.36711e+07
2.2588e+07,0,0,0,0,2.42164e+07,718898,0,1.36711e+07
2.33071e+07,0,0,0,0,2.42241e+07,719129,0,1.36711e+07
2.40814e+07,0,0,0,0,2.60829e+07,774288,0,1.36711e+07
2.48559e+07,0,0,0,0,2.60913e+07,774536,0,1.36711e+07
2.56307e+07,0,0,0,0,2.60996e+07,774784,0,1.36711e+07
2.64058e+07,0,0,0,0,2.6108e+07,775033,0,1.36711e+07
2.7181e+07,0,0,0,0,2.61164e+07,775281,0,1.36711e+07
2.79261e+07,0,0,0,0,2.50969e+07,745040,0,1.36711e+07
2.86714e+07,0,0,0,0,2.5105e+07,745279,0,1.36711e+07
2.94169e+07,0,0,0,0,2.5113e+07,745518,0,1.36711e+07
3.01626e+07,0,0,0,0,2.51211e+07,745757,0,1.36711e+07
3.08819e+07,0,0,0,0,2.42279e+07,719266,0,1.36711e+07
3.16014e+07,0,0,0,0,2.42357e+07,719496,0,1.36711e+07
3.23211e+07,0,0,0,0,2.42435e+07,719727,0,1.36711e+07
3.30411e+07,0,0,0,0,2.42512e+07,719958,0,1.36711e+07
3.36982e+07,0,0,0,0,2.21321e+07,657074,0,1.36711e+07
3.43554e+07,0,0,0,0,2.21392e+07,657285,0,1.36711e+07
3.50129e+07,0,0,0,0,2.21463e+07,657495,0,1.36711e+07
3.56706e+07,0,0,0,0,2.21534e+07,657706,0,1.36711e+07
0,0,1.32119e+10,0,0,2.21605e+07,657916,1.31756e+10,1.36711e+07
679060,0,0,0,1.25761e-71,2.28727e+07,679060,0,1.36711e+07
1.35833e+06,0,0,0,0,2.28797e+07,679269,0,1.36711e+07
2.03781e+06,0,0,0,0,2.28868e+07,679479,0,1.36711e+07
2.7175e+06,0,0,0,0,2.28939e+07,679689,0,1.36711e+07
3.4703e+06,0,0,0,0,2.53573e+07,752805,0,1.36711e+07
4.22334e+06,0,0,0,0,2.53652e+07,753037,0,1.36711e+07
4.97661e+06,0,0,0,0,2.5373e+07,753270,0,1.36711e+07
5.73011e+06,0,0,0,0,2.53808e+07,753502,0,1.36711e+07
6.38299e+06,0,0,0,0,2.1991e+07,652883,0,1.36711e+07
7.03608e+06,0,0,0,0,2.19978e+07,653084,0,1.36711e+07
7.68936e+06,0,0,0,0,2.20046e+07,653286,0,1.36711e+07
8.34285e+06,0,0,0,0,2.20114e+07,653487,0,1.36711e+07
8.99654e+06,0,0,0,0,2.20182e+07,653689,0,1.36711e+07
9.67549e+06,0,0,0,0,2.28691e+07,678947,0,1.36711e+07
1.03546e+07,0,0,0,0,2.28761e+07,679157,0,1.36711e+07
1.1034e+07,0,0,0,0,2.28832e+07,679366,0,1.36711e+07
1.17136e+07,0,0,0,0,2.28902e+07,679576,0,1.36711e+07
1.23836e+07,0,0,0,0,2.2568e+07,670009,0,1.36711e+07
1.30538e+07,0,0,0,0,2.25749e+07,670216,0,1.36711e+07
1.37242e+07,0,0,0,0,2.25819e+07,670422,0,1.36711e+07
1.43949e+07,0,0,0,0,2.25888e+07,670629,0,1.36711e+07
1.50997e+07,0,0,0,0,2.37405e+07,704813,0,1.36711e+07
1.58047e+07,0,0,0,0,2.37478e+07,705030,0,1.36711e+07
1.651e+07,0,0,0,0,2.37551e+07,705248,0,1.36711e+07
1.72154e+07,0,0,0,0,2.37624e+07,705465,0,1.36711e+07
1.79211e+07,0,0,0,0,2.37698e+07,705682,0,1.36711e+07
1.86334e+07,0,0,0,0,2.39949e+07,712326,0,1.36711e+07
1.9346e+07,0,0,0,0,2.40023e+07,712546,0,1.36711e+07
2.00587e+07,0,0,0,0,2.40097e+07,712765,0,1.36711e+07
2.07717e+07,0,0,0,0,2.40171e+07,712985,0,1.36711e+07
2.1502e+07,0,0,0,0,2.45983e+07,730237,0,1.36711e+07
2.22324e+07,0,0,0,0,2.46059e+07,730462,0,1.36711e+07
2.29631e+07,0,0,0,0,2.46135e+07,730687,0,1.36711e+07
2.3694e+07,0,0,0,0,2.46211e+07,730912,0,1.36711e+07
2.4481e+07,0,0,0,0,2.65099e+07,786964,0,1.36711e+07
2.52682e+07,0,0,0,0,2.65181e+07,787207,0,1.36711e+07
2.60556e+07,0,0,0,0,2.65263e+07,787449,0,1.36711e+07
2.68433e+07,0,0,0,0,2.65344e+07,787691,0,1.36711e+07
2.76313e+07,0,0,0,0,2.65426e+07,787934,0,1.36711e+07
2.83885e+07,0,0,0,0,2.55062e+07,757189,0,1.36711e+07
2.91459e+07,0,0,0,0,2.5514e+07,757422,0,1.36711e+07
2.99035e+07,0,0,0,0,2.55219e+07,757655,0,1.36711e+07
3.06614e+07,0,0,0,0,2.55297e+07,757888,0,1.36711e+07
3.13924e+07,0,0,0,0,2.46217e+07,730957,0,1.36711e+07
3.21236e+07,0,0,0,0,2.46293e+07,731182,0,1.36711e+07
3.2855e+07,0,0,0,0,2.46369e+07,731407,0,1.36711e+07
3.35866e+07,0,0,0,0,2.46445e+07,731632,0,1.36711e+07
3.42543e+07,0,0,0,0,2.24907e+07,667720,0,1.36711e+07
3.49222e+07,0,0,0,0,2.24976e+07,667925,0,1.36711e+07
3.55904e+07,0,0,0,0,2.25045e+07,668130,0,1.36711e+07
3.62587e+07,0,0,0,0,2.25114e+07,668336,0,1.36711e+07
3.69272e+07,0,0,0,0,2.25183e+07,668541,0,1.36711e+07
0,0,1.39465e+10,0,0,2.32418e+07,690017,1.39089e+10,1.36711e+07
690222,0,0,0,1.25761e-71,2.32486e+07,690222,0,1.36711e+07
1.38065e+06,0,0,0,0,2.32555e+07,690426,0,1.36711e+07
2.07128e+06,0,0,0,0,2.32624e+07,690631,0,1.36711e+07
2.83619e+06,0,0,0,0,2.57652e+07,764914,0,1.36711e+07
3.60133e+06,0,0,0,0,2.57728e+07,765140,0,1.36711e+07
4.3667e+06,0,0,0,0,2.57805e+07,765367,0,1.36711e+07
5.13229e+06,0,0,0,0,2.57881e+07,765593,0,1.36711e+07
5.79564e+06,0,0,0,0,2.23436e+07,663351,0,1.36711e+07
6.45919e+06,0,0,0,0,2.23502e+07,663547,0,1.36711e+07
7.12293e+06,0,0,0,0,2.23568e+07,663743,0,1.36711e+07
7.78687e+06,0,0,0,0,2.23634e+07,663940,0,1.36711e+07
8.45101e+06,0,0,0,0,2.23701e+07,664136,0,1.36711e+07
9.1408e+06,0,0,0,0,2.32343e+07,689790,0,1.36711e+07
9.83079e+06,0,0,0,0,2.32411e+07,689994,0,1.36711e+07
1.0521e+07,0,0,0,0,2.3248e+07,690198,0,1.36711e+07
1.12114e+07,0,0,0,0,2.32549e+07,690402,0,1.36711e+07
1.18921e+07,0,0,0,0,2.29272e+07,680674,0,1.36711e+07
1.25729e+07,0,0,0,0,2.2934e+07,680876,0,1.36711e+07
1.3254e+07,0,0,0,0,2.29408e+07,681077,0,1.36711e+07
1.39353e+07,0,0,0,0,2.29475e+07,681278,0,1.36711e+07
1.46513e+07,0,0,0,0,2.41172e+07,715996,0,1.36711e+07
1.53675e+07,0,0,0,0,2.41243e+07,716208,0,1.36711e+07
1.60839e+07,0,0,0,0,2.41314e+07,716419,0,1.36711e+07
1.68006e+07,0,0,0,0,2.41386e+07,716631,0,1.36711e+07
1.75174e+07,0,0,0,0,2.41457e+07,716843,0,1.36711e+07
1.8241e+07,0,0,0,0,2.43741e+07,723583,0,1.36711e+07
1.89648e+07,0,0,0,0,2.43813e+07,723797,0,1.36711e+07
1.96888e+07,0,0,0,0,2.43885e+07,724011,0,1.36711e+07
2.0413e+07,0,0,0,0,2.43957e+07,724224,0,1.36711e+07
2.11548e+07,0,0,0,0,2.49858e+07,741739,0,1.36711e+07
2.18967e+07,0,0,0,0,2.49932e+07,741958,0,1.36711e+07
2.26389e+07,0,0,0,0,2.50005e+07,742177,0,1.36711e+07
2.33813e+07,0,0,0,0,2.50079e+07,742397,0,1.36711e+07
2.41806e+07,0,0,0,0,2.69261e+07,799320,0,1.36711e+07
2.49802e+07,0,0,0,0,2.69341e+07,799556,0,1.36711e+07
2.57799e+07,0,0,0,0,2.6942e+07,799792,0,1.36711e+07
2.658e+07,0,0,0,0,2.695e+07,800028,0,1.36711e+07
2.73802e+07,0,0,0,0,2.6958e+07,800264,0,1.36711e+07
2.81493e+07,0,0,0,0,2.5905e+07,769028,0,1.36711e+07
2.89185e+07,0,0,0,0,2.59126e+07,769255,0,1.36711e+07
2.9688e+07,0,0,0,0,2.59203e+07,769482,0,1.36711e+07
3.04577e+07,0,0,0,0,2.59279e+07,769710,0,1.36711e+07
3.12001e+07,0,0,0,0,2.50055e+07,742349,0,1.36711e+07
3.19426e+07,0,0,0,0,2.50128e+07,742568,0,1.36711e+07
3.26854e+07,0,0,0,0,2.50202e+07,742787,0,1.36711e+07
3.34284e+07,0,0,0,0,2.50276e+07,743006,0,1.36711e+07
3.41065e+07,0,0,0,0,2.284e+07,678092,0,1.36711e+07
3.47848e+07,0,0,0,0,2.28468e+07,678292,0,1.36711e+07
3.54633e+07,0,0,0,0,2.28535e+07,678492,0,1.36711e+07
3.6142e+07,0,0,0,0,2.28603e+07,678692,0,1.36711e+07
3.68209e+07,0,0,0,0,2.2867e+07,678892,0,1.36711e+07
0,0,1.39189e+10,0,0,2.2867e+07,678892,1.38814e+10,1.36711e+07
700692,0,0,0,1.25761e-71,2.36013e+07,700692,0,1.36711e+07
1.40158e+06,0,0,0,0,2.3608e+07,700891,0,1.36711e+07
2.10267e+06,0,0,0,0,2.36147e+07,701090,0,1.36711e+07
2.80396e+06,0,0,0,0,2.36214e+07,701289,0,1.36711e+07
3.58067e+06,0,0,0,0,2.61625e+07,776709,0,1.36711e+07
4.3576e+06,0,0,0,0,2.61699e+07,776929,0,1.36711e+07
5.13475e+06,0,0,0,0,2.61773e+07,777149,0,1.36711e+07
5.91212e+06,0,0,0,0,2.61848e+07,777370,0,1.36711e+07
6.58566e+06,0,0,0,0,2.2687e+07,673546,0,1.36711e+07
7.2594e+06,0,0,0,0,2.26934e+07,673737,0,1.36711e+07
7.93333e+06,0,0,0,0,2.26999e+07,673928,0,1.36711e+07
8.60745e+06,0,0,0,0,2.27063e+07,674119,0,1.36711e+07
9.28176e+06,0,0,0,0,2.27127e+07,674310,0,1.36711e+07
9.9821e+06,0,0,0,0,2.35899e+07,700348,0,1.36711e+07
1.06826e+07,0,0,0,0,2.35966e+07,700546,0,1.36711e+07
1.13834e+07,0,0,0,0,2.36033e+07,700744,0,1.36711e+07
1.20843e+07,0,0,0,0,2.36099e+07,700943,0,1.36711e+07
1.27754e+07,0,0,0,0,2.3277e+07,691058,0,1.36711e+07
1.34666e+07,0,0,0,0,2.32835e+07,691254,0,1.36711e+07
1.41581e+07,0,0,0,0,2.32901e+07,691450,0,1.36711e+07
1.48497e+07,0,0,0,0,2.32967e+07,691646,0,1.36711e+07
1.55766e+07,0,0,0,0,2.44839e+07,726883,0,1.36711e+07
1.63037e+07,0,0,0,0,2.44908e+07,727089,0,1.36711e+07
1.7031e+07,0,0,0,0,2.44977e+07,727295,0,1.36711e+07
1.77585e+07,0,0,0,0,2.45047e+07,727500,0,1.36711e+07
1.84862e+07,0,0,0,0,2.45116e+07,727706,0,1.36711e+07
1.92208e+07,0,0,0,0,2.47432e+07,734539,0,1.36711e+07
1.99555e+07,0,0,0,0,2.47502e+07,734747,0,1.36711e+07
2.06905e+07,0,0,0,0,2.47572e+07,734955,0,1.36711e+07
2.14256e+07,0,0,0,0,2.47642e+07,735163,0,1.36711e+07
2.21786e+07,0,0,0,0,2.53628e+07,752933,0,1.36711e+07
2.29317e+07,0,0,0,0,2.537e+07,753146,0,1.36711e+07
2.36851e+07,0,0,0,0,2.53772e+07,753359,0,1.36711e+07
2.44386e+07,0,0,0,0,2.53844e+07,753573,0,1.36711e+07
2.525e+07,0,0,0,0,2.73312e+07,811342,0,1.36711e+07
2.60615e+07,0,0,0,0,2.73389e+07,811572,0,1.36711e+07
2.68734e+07,0,0,0,0,2.73466e+07,811801,0,1.36711e+07
2.76854e+07,0,0,0,0,2.73543e+07,812031,0,1.36711e+07
2.84976e+07,0,0,0,0,2.73621e+07,812261,0,1.36711e+07
2.92782e+07,0,0,0,0,2.6293e+07,780547,0,1.36711e+07
3.0059e+07,0,0,0,0,2.63005e+07,780768,0,1.36711e+07
3.08399e+07,0,0,0,0,2.63079e+07,780989,0,1.36711e+07
3.16212e+07,0,0,0,0,2.63153e+07,781210,0,1.36711e+07
3.23746e+07,0,0,0,0,2.53788e+07,753431,0,1.36711e+07
3.31282e+07,0,0,0,0,2.53859e+07,753644,0,1.36711e+07
3.38821e+07,0,0,0,0,2.53931e+07,753857,0,1.36711e+07
3.46362e+07,0,0,0,0,2.54003e+07,754070,0,1.36711e+07
3.53243e+07,0,0,0,0,2.31799e+07,688181,0,1.36711e+07
3.60127e+07,0,0,0,0,2.31864e+07,688375,0,1.36711e+07
3.67013e+07,0,0,0,0,2.3193e+07,688570,0,1.36711e+07
3.739e+07,0,0,0,0,2.31995e+07,688764,0,1.36711e+07
0,0,1.4126e+10,0,0,2.32061e+07,688959,1.40879e+10,1.36711e+07
711073,0,0,0,1.25761e-71,2.3951e+07,711073,0,1.36711e+07
1.42234e+06,0,0,0,0,2.39575e+07,711266,0,1.36711e+07
2.1338e+06,0,0,0,0,2.3964e+07,711459,0,1.36711e+07
2.84545e+06,0,0,0,0,2.39705e+07,711652,0,1.36711e+07
3.63363e+06,0,0,0,0,2.65488e+07,788177,0,1.36711e+07
4.42202e+06,0,0,0,0,2.6556e+07,788391,0,1.36711e+07
5.21062e+06,0,0,0,0,2.65632e+07,788605,0,1.36711e+07
5.99944e+06,0,0,0,0,2.65704e+07,788818,0,1.36711e+07
6.6829e+06,0,0,0,0,2.30208e+07,683457,0,1.36711e+07
7.36654e+06,0,0,0,0,2.30271e+07,683642,0,1.36711e+07
8.05037e+06,0,0,0,0,2.30333e+07,683828,0,1.36711e+07
8.73438e+06,0,0,0,0,2.30396e+07,684013,0,1.36711e+07
9.41858e+06,0,0,0,0,2.30458e+07,684199,0,1.36711e+07
1.01292e+07,0,0,0,0,2.39355e+07,710610,0,1.36711e+07
1.084e+07,0,0,0,0,2.3942e+07,710802,0,1.36711e+07
1.1551e+07,0,0,0,0,2.39485e+07,710995,0,1.36711e+07
1.22622e+07,0,0,0,0,2.3955e+07,711187,0,1.36711e+07
1.29633e+07,0,0,0,0,2.36169e+07,701150,0,1.36711e+07
1.36647e+07,0,0,0,0,2.36233e+07,701340,0,1.36711e+07
1.43662e+07,0,0,0,0,2.36297e+07,701530,0,1.36711e+07
1.50679e+07,0,0,0,0,2.36361e+07,701720,0,1.36711e+07
1.58054e+07,0,0,0,0,2.48402e+07,737461,0,1.36711e+07
1.6543e+07,0,0,0,0,2.48469e+07,737661,0,1.36711e+07
1.72809e+07,0,0,0,0,2.48536e+07,737861,0,1.36711e+07
1.8019e+07,0,0,0,0,2.48604e+07,738060,0,1.36711e+07
1.87572e+07,0,0,0,0,2.48671e+07,738260,0,1.36711e+07
1.95024e+07,0,0,0,0,2.51017e+07,745183,0,1.36711e+07
2.02478e+07,0,0,0,0,2.51085e+07,745385,0,1.36711e+07
2.09934e+07,0,0,0,0,2.51153e+07,745587,0,1.36711e+07
2.17392e+07,0,0,0,0,2.51221e+07,745789,0,1.36711e+07
2.2503e+07,0,0,0,0,2.57291e+07,763806,0,1.36711e+07
2.3267e+07,0,0,0,0,2.57361e+07,764013,0,1.36711e+07
2.40312e+07,0,0,0,0,2.5743e+07,764220,0,1.36711e+07
2.47956e+07,0,0,0,0,2.575e+07,764427,0,1.36711e+07
2.56186e+07,0,0,0,0,2.77245e+07,823018,0,1.36711e+07
2.64419e+07,0,0,0,0,2.7732e+07,823241,0,1.36711e+07
2.72654e+07,0,0,0,0,2.77395e+07,823464,0,1.36711e+07
2.8089e+07,0,0,0,0,2.7747e+07,823687,0,1.36711e+07
2.89129e+07,0,0,0,0,2.77545e+07,823910,0,1.36711e+07
2.97047e+07,0,0,0,0,2.66698e+07,791732,0,1.36711e+07
3.04966e+07,0,0,0,0,2.6677e+07,791946,0,1.36711e+07
3.12888e+07,0,0,0,0,2.66842e+07,792160,0,1.36711e+07
3.20812e+07,0,0,0,0,2.66914e+07,792374,0,1.36711e+07
3.28453e+07,0,0,0,0,2.57411e+07,764189,0,1.36711e+07
3.36097e+07,0,0,0,0,2.57481e+07,764396,0,1.36711e+07
3.43743e+07,0,0,0,0,2.57551e+07,764602,0,1.36711e+07
3.51392e+07,0,0,0,0,2.5762e+07,764809,0,1.36711e+07
3.58371e+07,0,0,0,0,2.35097e+07,697973,0,1.36711e+07
3.65353e+07,0,0,0,0,2.3516e+07,698162,0,1.36711e+07
3.72336e+07,0,0,0,0,2.35224e+07,698351,0,1.36711e+07
3.79322e+07,0,0,0,0,2.35288e+07,698539,0,1.36711e+07
0,0,1.43309e+10,0,0,2.35351e+07,698728,1.42923e+10,1.36711e+07
721147,0,0,0,1.25761e-71,2.42903e+07,721147,0,1.36711e+07
1.44248e+06,0,0,0,0,2.42966e+07,721334,0,1.36711e+07
2.164e+06,0,0,0,0,2.43029e+07,721521,0,1.36711e+07
2.88571e+06,0,0,0,0,2.43092e+07,721708,0,1.36711e+07
3.68502e+06,0,0,0,0,2.69236e+07,799305,0,1.36711e+07
4.48453e+06,0,0,0,0,2.69306e+07,799512,0,1.36711e+07
5.28425e+06,0,0,0,0,2.69376e+07,799719,0,1.36711e+07
6.08417e+06,0,0,0,0,2.69446e+07,799927,0,1.36711e+07
6.77725e+06,0,0,0,0,2.33447e+07,693073,0,1.36711e+07
7.4705e+06,0,0,0,0,2.33508e+07,693253,0,1.36711e+07
8.16393e+06,0,0,0,0,2.33568e+07,693433,0,1.36711e+07
8.85755e+06,0,0,0,0,2.33629e+07,693612,0,1.36711e+07
9.55134e+06,0,0,0,0,2.33689e+07,693792,0,1.36711e+07
1.02719e+07,0,0,0,0,2.42709e+07,720564,0,1.36711e+07
1.09927e+07,0,0,0,0,2.42771e+07,720751,0,1.36711e+07
1.17136e+07,0,0,0,0,2.42834e+07,720938,0,1.36711e+07
1.24347e+07,0,0,0,0,2.42897e+07,721124,0,1.36711e+07
1.31457e+07,0,0,0,0,2.39466e+07,710938,0,1.36711e+07
1.38568e+07,0,0,0,0,2.39528e+07,711122,0,1.36711e+07
1.45681e+07,0,0,0,0,2.3959e+07,711306,0,1.36711e+07
1.52796e+07,0,0,0,0,2.39652e+07,711490,0,1.36711e+07
1.60273e+07,0,0,0,0,2.51857e+07,747720,0,1.36711e+07
1.67752e+07,0,0,0,0,2.51923e+07,747914,0,1.36711e+07
1.75233e+07,0,0,0,0,2.51988e+07,748107,0,1.36711e+07
1.82716e+07,0,0,0,0,2.52053e+07,748301,0,1.36711e+07
1.90201e+07,0,0,0,0,2.52118e+07,748495,0,1.36711e+07
1.97756e+07,0,0,0,0,2.54494e+07,755504,0,1.36711e+07
2.05313e+07,0,0,0,0,2.5456e+07,755700,0,1.36711e+07
2.12872e+07,0,0,0,0,2.54626e+07,755896,0,1.36711e+07
2.20433e+07,0,0,0,0,2.54692e+07,756091,0,1.36711e+07
2.28176e+07,0,0,0,0,2.60842e+07,774348,0,1.36711e+07
2.35922e+07,0,0,0,0,2.6091e+07,774548,0,1.36711e+07
2.43669e+07,0,0,0,0,2.60977e+07,774749,0,1.36711e+07
2.51419e+07,0,0,0,0,2.61045e+07,774949,0,1.36711e+07
2.59762e+07,0,0,0,0,2.81058e+07,834338,0,1.36711e+07
2.68108e+07,0,0,0,0,2.8113e+07,834553,0,1.36711e+07
2.76456e+07,0,0,0,0,2.81203e+07,834769,0,1.36711e+07
2.84805e+07,0,0,0,0,2.81276e+07,834985,0,1.36711e+07
2.93157e+07,0,0,0,0,2.81349e+07,835201,0,1.36711e+07
3.01183e+07,0,0,0,0,2.70349e+07,802572,0,1.36711e+07
3.09211e+07,0,0,0,0,2.70419e+07,802780,0,1.36711e+07
3.17241e+07,0,0,0,0,2.70489e+07,802987,0,1.36711e+07
3.25273e+07,0,0,0,0,2.70559e+07,803195,0,1.36711e+07
3.33019e+07,0,0,0,0,2.60923e+07,774616,0,1.36711e+07
3.40767e+07,0,0,0,0,2.60991e+07,774816,0,1.36711e+07
3.48517e+07,0,0,0,0,2.61058e+07,775016,0,1.36711e+07
3.56269e+07,0,0,0,0,2.61126e+07,775216,0,1.36711e+07
3.63344e+07,0,0,0,0,2.38293e+07,707462,0,1.36711e+07
3.7042e+07,0,0,0,0,2.38355e+07,707645,0,1.36711e+07
3.77499e+07,0,0,0,0,2.38416e+07,707828,0,1.36711e+07
3.84579e+07,0,0,0,0,2.38478e+07,708011,0,1.36711e+07
0,0,1.45296e+10,0,0,2.3854e+07,708194,1.44904e+10,1.36711e+07
730908,0,0,0,1.25761e-71,2.46191e+07,730908,0,1.36711e+07
1.462e+06,0,0,0,0,2.46252e+07,731089,0,1.36711e+07
2.19327e+06,0,0,0,0,2.46313e+07,731270,0,1.36711e+07
2.92472e+06,0,0,0,0,2.46374e+07,731451,0,1.36711e+07
3.7348e+06,0,0,0,0,2.72868e+07,810086,0,1.36711e+07
4.54509e+06,0,0,0,0,2.72935e+07,810286,0,1.36711e+07
5.35558e+06,0,0,0,0,2.73003e+07,810487,0,1.36711e+07
6.16626e+06,0,0,0,0,2.7307e+07,810687,0,1.36711e+07
6.86865e+06,0,0,0,0,2.36585e+07,702388,0,1.36711e+07
7.57121e+06,0,0,0,0,2.36643e+07,702562,0,1.36711e+07
8.27395e+06,0,0,0,0,2.36702e+07,702736,0,1.36711e+07
8.97686e+06,0,0,0,0,2.36761e+07,702910,0,1.36711e+07
9.67994e+06,0,0,0,0,2.36819e+07,703083,0,1.36711e+07
1.04101e+07,0,0,0,0,2.45956e+07,730206,0,1.36711e+07
1.11405e+07,0,0,0,0,2.46017e+07,730387,0,1.36711e+07
1.18711e+07,0,0,0,0,2.46078e+07,730567,0,1.36711e+07
1.26019e+07,0,0,0,0,2.46139e+07,730748,0,1.36711e+07
1.33223e+07,0,0,0,0,2.42658e+07,720417,0,1.36711e+07
1.40429e+07,0,0,0,0,2.42718e+07,720595,0,1.36711e+07
1.47636e+07,0,0,0,0,2.42778e+07,720773,0,1.36711e+07
1.54846e+07,0,0,0,0,2.42838e+07,720951,0,1.36711e+07
1.62422e+07,0,0,0,0,2.55204e+07,757654,0,1.36711e+07
1.70001e+07,0,0,0,0,2.55267e+07,757841,0,1.36711e+07
1.77581e+07,0,0,0,0,2.5533e+07,758029,0,1.36711e+07
1.85163e+07,0,0,0,0,2.55393e+07,758216,0,1.36711e+07
1.92747e+07,0,0,0,0,2.55456e+07,758403,0,1.36711e+07
2.00402e+07,0,0,0,0,2.5786e+07,765497,0,1.36711e+07
2.08059e+07,0,0,0,0,2.57924e+07,765686,0,1.36711e+07
2.15718e+07,0,0,0,0,2.57988e+07,765875,0,1.36711e+07
2.23379e+07,0,0,0,0,2.58051e+07,766065,0,1.36711e+07
2.31224e+07,0,0,0,0,2.6428e+07,784553,0,1.36711e+07
2.39072e+07,0,0,0,0,2.64345e+07,784747,0,1.36711e+07
2.46921e+07,0,0,0,0,2.6441e+07,784941,0,1.36711e+07
2.54772e+07,0,0,0,0,2.64476e+07,785135,0,1.36711e+07
2.63225e+07,0,0,0,0,2.84749e+07,845294,0,1.36711e+07
2.7168e+07,0,0,0,0,2.84819e+07,845503,0,1.36711e+07
2.80137e+07,0,0,0,0,2.84889e+07,845711,0,1.36711e+07
2.88597e+07,0,0,0,0,2.8496e+07,845920,0,1.36711e+07
2.97058e+07,0,0,0,0,2.8503e+07,846129,0,1.36711e+07
3.05189e+07,0,0,0,0,2.73884e+07,813064,0,1.36711e+07
3.13321e+07,0,0,0,0,2.73951e+07,813265,0,1.36711e+07
3.21456e+07,0,0,0,0,2.74019e+07,813466,0,1.36711e+07
3.29592e+07,0,0,0,0,2.74086e+07,813666,0,1.36711e+07
3.3744e+07,0,0,0,0,2.64322e+07,784705,0,1.36711e+07
3.45289e+07,0,0,0,0,2.64387e+07,784899,0,1.36711e+07
3.53139e+07,0,0,0,0,2.64453e+07,785093,0,1.36711e+07
3.60992e+07,0,0,0,0,2.64518e+07,785286,0,1.36711e+07
3.68159e+07,0,0,0,0,2.41386e+07,716644,0,1.36711e+07
3.75327e+07,0,0,0,0,2.41445e+07,716821,0,1.36711e+07
3.82497e+07,0,0,0,0,2.41505e+07,716998,0,1.36711e+07
3.89669e+07,0,0,0,0,2.41564e+07,717174,0,1.36711e+07
0,0,1.50107e+10,0,0,2.41624e+07,717351,1.4971e+10,1.36711e+07
740351,0,0,0,1.25761e-71,2.49371e+07,740351,0,1.36711e+07
1.48088e+06,0,0,0,0,2.4943e+07,740526,0,1.36711e+07
2.22158e+06,0,0,0,0,2.49489e+07,740702,0,1.36711e+07
2.96246e+06,0,0,0,0,2.49548e+07,740877,0,1.36711e+07
3.78297e+06,0,0,0,0,2.76381e+07,820516,0,1.36711e+07
4.60368e+06,0,0,0,0,2.76446e+07,820710,0,1.36711e+07
5.42459e+06,0,0,0,0,2.76512e+07,820904,0,1.36711e+07
6.24569e+06,0,0,0,0,2.76577e+07,821098,0,1.36711e+07
6.95709e+06,0,0,0,0,2.39621e+07,711401,0,1.36711e+07
7.66866e+06,0,0,0,0,2.39677e+07,711569,0,1.36711e+07
8.38039e+06,0,0,0,0,2.39734e+07,711737,0,1.36711e+07
9.0923e+06,0,0,0,0,2.39791e+07,711906,0,1.36711e+07
9.80437e+06,0,0,0,0,2.39847e+07,712074,0,1.36711e+07
1.05439e+07,0,0,0,0,2.49099e+07,739535,0,1.36711e+07
1.12836e+07,0,0,0,0,2.49157e+07,739710,0,1.36711e+07
1.20235e+07,0,0,0,0,2.49216e+07,739885,0,1.36711e+07
1.27636e+07,0,0,0,0,2.49275e+07,740060,0,1.36711e+07
1.34932e+07,0,0,0,0,2.45748e+07,729589,0,1.36711e+07
1.42229e+07,0,0,0,0,2.45806e+07,729762,0,1.36711e+07
1.49528e+07,0,0,0,0,2.45864e+07,729934,0,1.36711e+07
1.5683e+07,0,0,0,0,2.45922e+07,730107,0,1.36711e+07
1.64502e+07,0,0,0,0,2.58442e+07,767267,0,1.36711e+07
1.72177e+07,0,0,0,0,2.58503e+07,767449,0,1.36711e+07
1.79853e+07,0,0,0,0,2.58564e+07,767630,0,1.36711e+07
1.87531e+07,0,0,0,0,2.58625e+07,767811,0,1.36711e+07
1.95211e+07,0,0,0,0,2.58686e+07,767993,0,1.36711e+07
2.02963e+07,0,0,0,0,2.61118e+07,775168,0,1.36711e+07
2.10716e+07,0,0,0,0,2.61179e+07,775351,0,1.36711e+07
2.18472e+07,0,0,0,0,2.61241e+07,775534,0,1.36711e+07
2.26229e+07,0,0,0,0,2.61303e+07,775717,0,1.36711e+07
2.34173e+07,0,0,0,0,2.67607e+07,794430,0,1.36711e+07
2.42119e+07,0,0,0,0,2.6767e+07,794618,0,1.36711e+07
2.50067e+07,0,0,0,0,2.67733e+07,794805,0,1.36711e+07
2.58017e+07,0,0,0,0,2.67796e+07,794993,0,1.36711e+07
2.66576e+07,0,0,0,0,2.88321e+07,855898,0,1.36711e+07
2.75137e+07,0,0,0,0,2.88389e+07,856100,0,1.36711e+07
2.837e+07,0,0,0,0,2.88457e+07,856302,0,1.36711e+07
2.92265e+07,0,0,0,0,2.88525e+07,856504,0,1.36711e+07
3.00832e+07,0,0,0,0,2.88593e+07,856706,0,1.36711e+07
3.09064e+07,0,0,0,0,2.77304e+07,823219,0,1.36711e+07
3.17299e+07,0,0,0,0,2.7737e+07,823413,0,1.36711e+07
3.25535e+07,0,0,0,0,2.77435e+07,823608,0,1.36711e+07
3.33773e+07,0,0,0,0,2.77501e+07,823802,0,1.36711e+07
3.41717e+07,0,0,0,0,2.67612e+07,794472,0,1.36711e+07
3.49664e+07,0,0,0,0,2.67675e+07,794659,0,1.36711e+07
3.57612e+07,0,0,0,0,2.67738e+07,794846,0,1.36711e+07
3.65563e+07,0,0,0,0,2.67801e+07,795034,0,1.36711e+07
3.72818e+07,0,0,0,0,2.44379e+07,725532,0,1.36711e+07
3.80075e+07,0,0,0,0,2.44437e+07,725703,0,1.36711e+07
3.87334e+07,0,0,0,0,2.44495e+07,725874,0,1.36711e+07
3.94594e+07,0,0,0,0,2.44552e+07,726045,0,1.36711e+07
4.01857e+07,0,0,0,0,2.4461e+07,726216,0,1.36711e+07
0,0,1.54752e+10,0,0,2.52451e+07,749493,1.54343e+10,1.36711e+07
749663,0,0,0,1.25761e-71,2.52508e+07,749663,0,1.36711e+07
1.49949e+06,0,0,0,0,2.52565e+07,749832,0,1.36711e+07
2.2495e+06,0,0,0,0,2.52622e+07,750002,0,1.36711e+07
3.08011e+06,0,0,0,0,2.79782e+07,830614,0,1.36711e+07
3.91091e+06,0,0,0,0,2.79846e+07,830801,0,1.36711e+07
4.7419e+06,0,0,0,0,2.79909e+07,830989,0,1.36711e+07
5.57308e+06,0,0,0,0,2.79972e+07,831178,0,1.36711e+07
6.2932e+06,0,0,0,0,2.4256e+07,720126,0,1.36711e+07
7.01349e+06,0,0,0,0,2.42614e+07,720289,0,1.36711e+07
7.73395e+06,0,0,0,0,2.42669e+07,720452,0,1.36711e+07
8.45456e+06,0,0,0,0,2.42724e+07,720615,0,1.36711e+07
9.17534e+06,0,0,0,0,2.42779e+07,720778,0,1.36711e+07
9.92391e+06,0,0,0,0,2.52141e+07,748567,0,1.36711e+07
1.06726e+07,0,0,0,0,2.52198e+07,748737,0,1.36711e+07
1.14215e+07,0,0,0,0,2.52255e+07,748906,0,1.36711e+07
1.21706e+07,0,0,0,0,2.52312e+07,749075,0,1.36711e+07
1.29091e+07,0,0,0,0,2.48739e+07,738470,0,1.36711e+07
1.36477e+07,0,0,0,0,2.48795e+07,738637,0,1.36711e+07
1.43865e+07,0,0,0,0,2.48852e+07,738804,0,1.36711e+07
1.51255e+07,0,0,0,0,2.48908e+07,738971,0,1.36711e+07
1.59021e+07,0,0,0,0,2.61577e+07,776574,0,1.36711e+07
1.66788e+07,0,0,0,0,2.61636e+07,776750,0,1.36711e+07
1.74558e+07,0,0,0,0,2.61695e+07,776926,0,1.36711e+07
1.82329e+07,0,0,0,0,2.61754e+07,777101,0,1.36711e+07
1.90101e+07,0,0,0,0,2.61813e+07,777277,0,1.36711e+07
1.97947e+07,0,0,0,0,2.64272e+07,784531,0,1.36711e+07
2.05794e+07,0,0,0,0,2.64331e+07,784708,0,1.36711e+07
2.13643e+07,0,0,0,0,2.64391e+07,784885,0,1.36711e+07
2.21493e+07,0,0,0,0,2.64451e+07,785063,0,1.36711e+07
2.29533e+07,0,0,0,0,2.70828e+07,803993,0,1.36711e+07
2.37575e+07,0,0,0,0,2.70889e+07,804174,0,1.36711e+07
2.45618e+07,0,0,0,0,2.7095e+07,804356,0,1.36711e+07
2.53664e+07,0,0,0,0,2.71012e+07,804538,0,1.36711e+07
2.62325e+07,0,0,0,0,2.91779e+07,866165,0,1.36711e+07
2.70989e+07,0,0,0,0,2.91845e+07,866361,0,1.36711e+07
2.79655e+07,0,0,0,0,2.91911e+07,866557,0,1.36711e+07
2.88322e+07,0,0,0,0,2.91977e+07,866752,0,1.36711e+07
2.96992e+07,0,0,0,0,2.92043e+07,866948,0,1.36711e+07
3.05322e+07,0,0,0,0,2.80617e+07,833052,0,1.36711e+07
3.13655e+07,0,0,0,0,2.8068e+07,833240,0,1.36711e+07
3.21989e+07,0,0,0,0,2.80743e+07,833428,0,1.36711e+07
3.30325e+07,0,0,0,0,2.80807e+07,833617,0,1.36711e+07
3.38364e+07,0,0,0,0,2.70797e+07,803928,0,1.36711e+07
3.46405e+07,0,0,0,0,2.70858e+07,804110,0,1.36711e+07
3.54448e+07,0,0,0,0,2.7092e+07,804291,0,1.36711e+07
3.62493e+07,0,0,0,0,2.70981e+07,804473,0,1.36711e+07
3.69834e+07,0,0,0,0,2.47278e+07,734138,0,1.36711e+07
3.77177e+07,0,0,0,0,2.47334e+07,734304,0,1.36711e+07
3.84522e+07,0,0,0,0,2.4739e+07,734469,0,1.36711e+07
3.91869e+07,0,0,0,0,2.47446e+07,734635,0,1.36711e+07
3.99217e+07,0,0,0,0,2.47502e+07,734801,0,1.36711e+07
0,0,1.53875e+10,0,0,2.47502e+07,734801,1.53469e+10,1.36711e+07
758345,0,0,0,1.25761e-71,2.55432e+07,758345,0,1.36711e+07
1.51685e+06,0,0,0,0,2.55488e+07,758509,0,1.36711e+07
2.27553e+06,0,0,0,0,2.55543e+07,758673,0,1.36711e+07
3.03436e+06,0,0,0,0,2.55598e+07,758837,0,1.36711e+07
3.87475e+06,0,0,0,0,2.83075e+07,840390,0,1.36711e+07
4.71533e+06,0,0,0,0,2.83137e+07,840572,0,1.36711e+07
5.55608e+06,0,0,0,0,2.83198e+07,840753,0,1.36711e+07
6.39701e+06,0,0,0,0,2.83259e+07,840935,0,1.36711e+07
7.12559e+06,0,0,0,0,2.45405e+07,728573,0,1.36711e+07
7.85432e+06,0,0,0,0,2.45458e+07,728730,0,1.36711e+07
8.58321e+06,0,0,0,0,2.45511e+07,728888,0,1.36711e+07
9.31225e+06,0,0,0,0,2.45564e+07,729045,0,1.36711e+07
1.00415e+07,0,0,0,0,2.45617e+07,729203,0,1.36711e+07
1.07988e+07,0,0,0,0,2.55085e+07,757309,0,1.36711e+07
1.15562e+07,0,0,0,0,2.55141e+07,757473,0,1.36711e+07
1.23139e+07,0,0,0,0,2.55196e+07,757637,0,1.36711e+07
1.30717e+07,0,0,0,0,2.55251e+07,757801,0,1.36711e+07
1.38187e+07,0,0,0,0,2.51634e+07,747064,0,1.36711e+07
1.4566e+07,0,0,0,0,2.51688e+07,747225,0,1.36711e+07
1.53133e+07,0,0,0,0,2.51743e+07,747387,0,1.36711e+07
1.60609e+07,0,0,0,0,2.51797e+07,747548,0,1.36711e+07
1.68465e+07,0,0,0,0,2.6461e+07,785581,0,1.36711e+07
1.76322e+07,0,0,0,0,2.64667e+07,785750,0,1.36711e+07
1.84181e+07,0,0,0,0,2.64724e+07,785920,0,1.36711e+07
1.92042e+07,0,0,0,0,2.64782e+07,786090,0,1.36711e+07
1.99905e+07,0,0,0,0,2.64839e+07,786260,0,1.36711e+07
2.07841e+07,0,0,0,0,2.67323e+07,793589,0,1.36711e+07
2.15778e+07,0,0,0,0,2.67381e+07,793761,0,1.36711e+07
2.23718e+07,0,0,0,0,2.67439e+07,793932,0,1.36711e+07
2.31659e+07,0,0,0,0,2.67496e+07,794104,0,1.36711e+07
2.39791e+07,0,0,0,0,2.73944e+07,813244,0,1.36711e+07
2.47925e+07,0,0,0,0,2.74003e+07,813419,0,1.36711e+07
2.56061e+07,0,0,0,0,2.74063e+07,813595,0,1.36711e+07
2.64199e+07,0,0,0,0,2.74122e+07,813770,0,1.36711e+07
2.7296e+07,0,0,0,0,2.95125e+07,876096,0,1.36711e+07
2.81723e+07,0,0,0,0,2.95188e+07,876286,0,1.36711e+07
2.90488e+07,0,0,0,0,2.95252e+07,876475,0,1.36711e+07
2.99254e+07,0,0,0,0,2.95316e+07,876664,0,1.36711e+07
3.08023e+07,0,0,0,0,2.9538e+07,876853,0,1.36711e+07
3.16448e+07,0,0,0,0,2.8382e+07,842561,0,1.36711e+07
3.24876e+07,0,0,0,0,2.83881e+07,842743,0,1.36711e+07
3.33305e+07,0,0,0,0,2.83942e+07,842925,0,1.36711e+07
3.41736e+07,0,0,0,0,2.84004e+07,843107,0,1.36711e+07
3.49867e+07,0,0,0,0,2.73877e+07,813073,0,1.36711e+07
3.57999e+07,0,0,0,0,2.73937e+07,813248,0,1.36711e+07
3.66134e+07,0,0,0,0,2.73996e+07,813423,0,1.36711e+07
3.7427e+07,0,0,0,0,2.74055e+07,813599,0,1.36711e+07
3.81694e+07,0,0,0,0,2.50081e+07,742459,0,1.36711e+07
3.8912e+07,0,0,0,0,2.50135e+07,742619,0,1.36711e+07
3.96548e+07,0,0,0,0,2.50189e+07,742779,0,1.36711e+07
4.03978e+07,0,0,0,0,2.50243e+07,742939,0,1.36711e+07
0,0,1.55621e+10,0,0,2.50297e+07,743100,1.55209e+10,1.36711e+07
766902,0,0,0,1.25761e-71,2.58314e+07,766902,0,1.36711e+07
1.53396e+06,0,0,0,1.25761e-71,2.58368e+07,767060,0,1.36711e+07
2.30118e+06,0,0,0,0,2.58421e+07,767219,0,1.36711e+07
3.06856e+06,0,0,0,0,2.58474e+07,767377,0,1.36711e+07
3.9184e+06,0,0,0,0,2.86258e+07,849839,0,1.36711e+07
4.76841e+06,0,0,0,0,2.86317e+07,850015,0,1.36711e+07
5.6186e+06,0,0,0,0,2.86376e+07,850190,0,1.36711e+07
6.46897e+06,0,0,0,0,2.86435e+07,850365,0,1.36711e+07
7.2057e+06,0,0,0,0,2.48154e+07,736736,0,1.36711e+07
7.94259e+06,0,0,0,0,2.48205e+07,736888,0,1.36711e+07
8.67963e+06,0,0,0,0,2.48257e+07,737040,0,1.36711e+07
9.41682e+06,0,0,0,0,2.48308e+07,737192,0,1.36711e+07
1.01542e+07,0,0,0,0,2.48359e+07,737344,0,1.36711e+07
1.09199e+07,0,0,0,0,2.57931e+07,765757,0,1.36711e+07
1.16858e+07,0,0,0,0,2.57984e+07,765915,0,1.36711e+07
1.24519e+07,0,0,0,0,2.58037e+07,766073,0,1.36711e+07
1.32181e+07,0,0,0,0,2.5809e+07,766231,0,1.36711e+07
1.39735e+07,0,0,0,0,2.54431e+07,755367,0,1.36711e+07
1.4729e+07,0,0,0,0,2.54483e+07,755523,0,1.36711e+07
1.54847e+07,0,0,0,0,2.54536e+07,755679,0,1.36711e+07
1.62405e+07,0,0,0,0,2.54588e+07,755835,0,1.36711e+07
1.70348e+07,0,0,0,0,2.67541e+07,794281,0,1.36711e+07
1.78293e+07,0,0,0,0,2.67596e+07,794445,0,1.36711e+07
1.86239e+07,0,0,0,0,2.67651e+07,794609,0,1.36711e+07
1.94187e+07,0,0,0,0,2.67706e+07,794772,0,1.36711e+07
2.02136e+07,0,0,0,0,2.67761e+07,794936,0,1.36711e+07
2.10159e+07,0,0,0,0,2.70271e+07,802339,0,1.36711e+07
2.18184e+07,0,0,0,0,2.70326e+07,802504,0,1.36711e+07
2.26211e+07,0,0,0,0,2.70382e+07,802670,0,1.36711e+07
2.34239e+07,0,0,0,0,2.70438e+07,802835,0,1.36711e+07
2.42461e+07,0,0,0,0,2.76954e+07,822178,0,1.36711e+07
2.50685e+07,0,0,0,0,2.77011e+07,822347,0,1.36711e+07
2.5891e+07,0,0,0,0,2.77068e+07,822517,0,1.36711e+07
2.67137e+07,0,0,0,0,2.77125e+07,822686,0,1.36711e+07
2.75994e+07,0,0,0,0,2.98355e+07,885686,0,1.36711e+07
2.84852e+07,0,0,0,0,2.98417e+07,885869,0,1.36711e+07
2.93713e+07,0,0,0,0,2.98478e+07,886051,0,1.36711e+07
3.02575e+07,0,0,0,0,2.9854e+07,886234,0,1.36711e+07
3.11439e+07,0,0,0,0,2.98601e+07,886417,0,1.36711e+07
3.19957e+07,0,0,0,0,2.86913e+07,851742,0,1.36711e+07
3.28476e+07,0,0,0,0,2.86972e+07,851918,0,1.36711e+07
3.36997e+07,0,0,0,0,2.87031e+07,852093,0,1.36711e+07
3.45519e+07,0,0,0,0,2.8709e+07,852269,0,1.36711e+07
3.53738e+07,0,0,0,0,2.76851e+07,821900,0,1.36711e+07
3.61959e+07,0,0,0,0,2.76908e+07,822069,0,1.36711e+07
3.70182e+07,0,0,0,0,2.76965e+07,822239,0,1.36711e+07
3.78406e+07,0,0,0,0,2.77022e+07,822408,0,1.36711e+07
3.85911e+07,0,0,0,0,2.52786e+07,750490,0,1.36711e+07
3.93417e+07,0,0,0,0,2.52838e+07,750645,0,1.36711e+07
4.00925e+07,0,0,0,0,2.5289e+07,750799,0,1.36711e+07
4.08434e+07,0,0,0,0,2.52942e+07,750954,0,1.36711e+07
0,0,1.57338e+10,0,0,2.52994e+07,751109,1.56923e+10,1.36711e+07
775160,0,0,0,0,2.61096e+07,775160,0,1.36711e+07
1.55047e+06,0,0,0,0,2.61147e+07,775313,0,1.36711e+07
2.32594e+06,0,0,0,0,2.61199e+07,775465,0,1.36711e+07
3.10156e+06,0,0,0,0,2.6125e+07,775618,0,1.36711e+07
3.96051e+06,0,0,0,0,2.89329e+07,858957,0,1.36711e+07
4.81964e+06,0,0,0,0,2.89386e+07,859126,0,1.36711e+07
5.67893e+06,0,0,0,0,2.89443e+07,859295,0,1.36711e+07
6.5384e+06,0,0,0,0,2.895e+07,859464,0,1.36711e+07
7.28301e+06,0,0,0,0,2.50807e+07,744611,0,1.36711e+07
8.02777e+06,0,0,0,0,2.50856e+07,744758,0,1.36711e+07
8.77267e+06,0,0,0,0,2.50905e+07,744904,0,1.36711e+07
9.51772e+06,0,0,0,0,2.50955e+07,745051,0,1.36711e+07
1.02629e+07,0,0,0,0,2.51004e+07,745197,0,1.36711e+07
1.10368e+07,0,0,0,0,2.60675e+07,773905,0,1.36711e+07
1.18109e+07,0,0,0,0,2.60727e+07,774057,0,1.36711e+07
1.25851e+07,0,0,0,0,2.60778e+07,774209,0,1.36711e+07
1.33595e+07,0,0,0,0,2.60829e+07,774361,0,1.36711e+07
1.41228e+07,0,0,0,0,2.57128e+07,763375,0,1.36711e+07
1.48864e+07,0,0,0,0,2.57179e+07,763525,0,1.36711e+07
1.565e+07,0,0,0,0,2.57229e+07,763676,0,1.36711e+07
1.64139e+07,0,0,0,0,2.5728e+07,763826,0,1.36711e+07
1.72165e+07,0,0,0,0,2.70367e+07,802670,0,1.36711e+07
1.80194e+07,0,0,0,0,2.7042e+07,802828,0,1.36711e+07
1.88223e+07,0,0,0,0,2.70473e+07,802986,0,1.36711e+07
1.96255e+07,0,0,0,0,2.70526e+07,803144,0,1.36711e+07
2.04288e+07,0,0,0,0,2.70579e+07,803302,0,1.36711e+07
2.12396e+07,0,0,0,0,2.73112e+07,810774,0,1.36711e+07
2.20505e+07,0,0,0,0,2.73166e+07,810934,0,1.36711e+07
2.28616e+07,0,0,0,0,2.73219e+07,811093,0,1.36711e+07
2.36728e+07,0,0,0,0,2.73273e+07,811252,0,1.36711e+07
2.45036e+07,0,0,0,0,2.79855e+07,830789,0,1.36711e+07
2.53346e+07,0,0,0,0,2.7991e+07,830953,0,1.36711e+07
2.61657e+07,0,0,0,0,2.79965e+07,831116,0,1.36711e+07
2.6997e+07,0,0,0,0,2.8002e+07,831279,0,1.36711e+07
2.78919e+07,0,0,0,0,3.01469e+07,894929,0,1.36711e+07
2.8787e+07,0,0,0,0,3.01528e+07,895104,0,1.36711e+07
2.96823e+07,0,0,0,0,3.01587e+07,895280,0,1.36711e+07
3.05777e+07,0,0,0,0,3.01646e+07,895456,0,1.36711e+07
3.14734e+07,0,0,0,0,3.01706e+07,895632,0,1.36711e+07
3.2334e+07,0,0,0,0,2.89893e+07,860589,0,1.36711e+07
3.31947e+07,0,0,0,0,2.89949e+07,860758,0,1.36711e+07
3.40556e+07,0,0,0,0,2.90006e+07,860927,0,1.36711e+07
3.49167e+07,0,0,0,0,2.90063e+07,861096,0,1.36711e+07
3.57471e+07,0,0,0,0,2.79716e+07,830405,0,1.36711e+07
3.65777e+07,0,0,0,0,2.79771e+07,830568,0,1.36711e+07
3.74084e+07,0,0,0,0,2.79825e+07,830731,0,1.36711e+07
3.82393e+07,0,0,0,0,2.7988e+07,830894,0,1.36711e+07
3.89976e+07,0,0,0,0,2.55392e+07,758227,0,1.36711e+07
3.97559e+07,0,0,0,0,2.55442e+07,758375,0,1.36711e+07
4.05145e+07,0,0,0,0,2.55492e+07,758524,0,1.36711e+07
4.12731e+07,0,0,0,0,2.55542e+07,758673,0,1.36711e+07
0,0,1.62052e+10,0,0,2.55592e+07,758822,1.61632e+10,1.36711e+07
783113,0,0,0,0,2.63775e+07,783113,0,1.36711e+07
1.56637e+06,0,0,0,0,2.63824e+07,783259,0,1.36711e+07
2.34978e+06,0,0,0,0,2.63873e+07,783406,0,1.36711e+07
3.13333e+06,0,0,0,0,2.63923e+07,783552,0,1.36711e+07
4.00106e+06,0,0,0,0,2.92286e+07,867735,0,1.36711e+07
4.86896e+06,0,0,0,0,2.92341e+07,867898,0,1.36711e+07
5.73702e+06,0,0,0,0,2.92396e+07,868060,0,1.36711e+07
6.60524e+06,0,0,0,0,2.9245e+07,868222,0,1.36711e+07
7.35744e+06,0,0,0,0,2.5336e+07,752192,0,1.36711e+07
8.10977e+06,0,0,0,0,2.53408e+07,752332,0,1.36711e+07
8.86224e+06,0,0,0,0,2.53455e+07,752473,0,1.36711e+07
9.61485e+06,0,0,0,0,2.53502e+07,752613,0,1.36711e+07
1.03676e+07,0,0,0,0,2.5355e+07,752754,0,1.36711e+07
1.11494e+07,0,0,0,0,2.63316e+07,781745,0,1.36711e+07
1.19312e+07,0,0,0,0,2.63365e+07,781892,0,1.36711e+07
1.27133e+07,0,0,0,0,2.63415e+07,782038,0,1.36711e+07
1.34955e+07,0,0,0,0,2.63464e+07,782184,0,1.36711e+07
1.42665e+07,0,0,0,0,2.59723e+07,771079,0,1.36711e+07
1.50378e+07,0,0,0,0,2.59771e+07,771223,0,1.36711e+07
1.58091e+07,0,0,0,0,2.5982e+07,771367,0,1.36711e+07
1.65806e+07,0,0,0,0,2.59869e+07,771511,0,1.36711e+07
1.73914e+07,0,0,0,0,2.73084e+07,810739,0,1.36711e+07
1.82023e+07,0,0,0,0,2.73135e+07,810891,0,1.36711e+07
1.90133e+07,0,0,0,0,2.73186e+07,811042,0,1.36711e+07
1.98245e+07,0,0,0,0,2.73237e+07,811193,0,1.36711e+07
2.06359e+07,0,0,0,0,2.73288e+07,811345,0,1.36711e+07
2.14547e+07,0,0,0,0,2.75844e+07,818884,0,1.36711e+07
2.22738e+07,0,0,0,0,2.75895e+07,819037,0,1.36711e+07
2.3093e+07,0,0,0,0,2.75947e+07,819190,0,1.36711e+07
2.39123e+07,0,0,0,0,2.75998e+07,819343,0,1.36711e+07
2.47514e+07,0,0,0,0,2.82643e+07,839067,0,1.36711e+07
2.55906e+07,0,0,0,0,2.82696e+07,839224,0,1.36711e+07
2.643e+07,0,0,0,0,2.82749e+07,839381,0,1.36711e+07
2.72695e+07,0,0,0,0,2.82801e+07,839537,0,1.36711e+07
2.81733e+07,0,0,0,0,3.04461e+07,903810,0,1.36711e+07
2.90773e+07,0,0,0,0,3.04517e+07,903979,0,1.36711e+07
2.99815e+07,0,0,0,0,3.04574e+07,904148,0,1.36711e+07
3.08858e+07,0,0,0,0,3.04631e+07,904316,0,1.36711e+07
3.17903e+07,0,0,0,0,3.04688e+07,904485,0,1.36711e+07
3.26593e+07,0,0,0,0,2.92755e+07,869087,0,1.36711e+07
3.35286e+07,0,0,0,0,2.9281e+07,869250,0,1.36711e+07
3.4398e+07,0,0,0,0,2.92865e+07,869412,0,1.36711e+07
3.52676e+07,0,0,0,0,2.92919e+07,869574,0,1.36711e+07
3.61062e+07,0,0,0,0,2.82467e+07,838572,0,1.36711e+07
3.69449e+07,0,0,0,0,2.8252e+07,838729,0,1.36711e+07
3.77838e+07,0,0,0,0,2.82572e+07,838885,0,1.36711e+07
3.86228e+07,0,0,0,0,2.82625e+07,839042,0,1.36711e+07
3.93885e+07,0,0,0,0,2.57894e+07,765655,0,1.36711e+07
4.01543e+07,0,0,0,0,2.57942e+07,765797,0,1.36711e+07
4.09202e+07,0,0,0,0,2.5799e+07,765940,0,1.36711e+07
4.16863e+07,0,0,0,0,2.58038e+07,766083,0,1.36711e+07
0,0,1.63675e+10,0,0,2.58086e+07,766226,1.6325e+10,1.36711e+07
790746,0,0,0,0,2.66346e+07,790746,0,1.36711e+07
1.58163e+06,0,0,0,0,2.66393e+07,790886,0,1.36711e+07
2.37266e+06,0,0,0,0,2.6644e+07,791026,0,1.36711e+07
3.16382e+06,0,0,0,0,2.66487e+07,791166,0,1.36711e+07
4.03998e+06,0,0,0,0,2.95124e+07,876159,0,1.36711e+07
4.9163e+06,0,0,0,0,2.95176e+07,876314,0,1.36711e+07
5.79277e+06,0,0,0,0,2.95228e+07,876470,0,1.36711e+07
6.66939e+06,0,0,0,0,2.95281e+07,876625,0,1.36711e+07
7.42886e+06,0,0,0,0,2.5581e+07,759464,0,1.36711e+07
8.18845e+06,0,0,0,0,2.55855e+07,759598,0,1.36711e+07
8.94819e+06,0,0,0,0,2.559e+07,759733,0,1.36711e+07
9.70806e+06,0,0,0,0,2.55946e+07,759867,0,1.36711e+07
1.04681e+07,0,0,0,0,2.55991e+07,760002,0,1.36711e+07
1.12573e+07,0,0,0,0,2.65849e+07,789265,0,1.36711e+07
1.20467e+07,0,0,0,0,2.65896e+07,789404,0,1.36711e+07
1.28363e+07,0,0,0,0,2.65943e+07,789544,0,1.36711e+07
1.3626e+07,0,0,0,0,2.6599e+07,789684,0,1.36711e+07
1.44044e+07,0,0,0,0,2.62211e+07,778465,0,1.36711e+07
1.5183e+07,0,0,0,0,2.62257e+07,778603,0,1.36711e+07
1.59618e+07,0,0,0,0,2.62304e+07,778741,0,1.36711e+07
1.67406e+07,0,0,0,0,2.6235e+07,778879,0,1.36711e+07
1.75591e+07,0,0,0,0,2.75689e+07,818473,0,1.36711e+07
1.83777e+07,0,0,0,0,2.75738e+07,818618,0,1.36711e+07
1.91965e+07,0,0,0,0,2.75787e+07,818763,0,1.36711e+07
2.00154e+07,0,0,0,0,2.75836e+07,818908,0,1.36711e+07
2.08345e+07,0,0,0,0,2.75885e+07,819053,0,1.36711e+07
2.16611e+07,0,0,0,0,2.78462e+07,826656,0,1.36711e+07
2.24879e+07,0,0,0,0,2.78511e+07,826802,0,1.36711e+07
2.33149e+07,0,0,0,0,2.7856e+07,826948,0,1.36711e+07
2.4142e+07,0,0,0,0,2.7861e+07,827095,0,1.36711e+07
2.4989e+07,0,0,0,0,2.85314e+07,846997,0,1.36711e+07
2.58361e+07,0,0,0,0,2.85365e+07,847147,0,1.36711e+07
2.66834e+07,0,0,0,0,2.85415e+07,847297,0,1.36711e+07
2.75308e+07,0,0,0,0,2.85466e+07,847446,0,1.36711e+07
2.84432e+07,0,0,0,0,3.07326e+07,912316,0,1.36711e+07
2.93556e+07,0,0,0,0,3.0738e+07,912477,0,1.36711e+07
3.02683e+07,0,0,0,0,3.07435e+07,912639,0,1.36711e+07
3.11811e+07,0,0,0,0,3.07489e+07,912800,0,1.36711e+07
3.2094e+07,0,0,0,0,3.07543e+07,912962,0,1.36711e+07
3.29713e+07,0,0,0,0,2.95496e+07,877223,0,1.36711e+07
3.38486e+07,0,0,0,0,2.95548e+07,877379,0,1.36711e+07
3.47262e+07,0,0,0,0,2.956e+07,877534,0,1.36711e+07
3.56039e+07,0,0,0,0,2.95653e+07,877689,0,1.36711e+07
3.64503e+07,0,0,0,0,2.851e+07,846390,0,1.36711e+07
3.72968e+07,0,0,0,0,2.8515e+07,846539,0,1.36711e+07
3.81435e+07,0,0,0,0,2.85201e+07,846689,0,1.36711e+07
3.89903e+07,0,0,0,0,2.85251e+07,846839,0,1.36711e+07
3.97631e+07,0,0,0,0,2.60288e+07,772762,0,1.36711e+07
4.0536e+07,0,0,0,0,2.60334e+07,772898,0,1.36711e+07
4.1309e+07,0,0,0,0,2.6038e+07,773035,0,1.36711e+07
4.20822e+07,0,0,0,0,2.60426e+07,773172,0,1.36711e+07
4.28555e+07,0,0,0,0,2.60472e+07,773308,0,1.36711e+07
0,0,1.68212e+10,0,0,2.68805e+07,798047,1.67775e+10,1.36711e+07
798181,0,0,0,0,2.6885e+07,798181,0,1.36711e+07
1.5965e+06,0,0,0,0,2.68895e+07,798315,0,1.36711e+07
2.39494e+06,0,0,0,0,2.6894e+07,798448,0,1.36711e+07
3.27916e+06,0,0,0,0,2.97837e+07,884215,0,1.36711e+07
4.16352e+06,0,0,0,0,2.97887e+07,884363,0,1.36711e+07
5.04803e+06,0,0,0,0,2.97937e+07,884511,0,1.36711e+07
5.93269e+06,0,0,0,0,2.97987e+07,884659,0,1.36711e+07
6.69911e+06,0,0,0,0,2.58152e+07,766417,0,1.36711e+07
7.46565e+06,0,0,0,0,2.58195e+07,766545,0,1.36711e+07
8.23233e+06,0,0,0,0,2.58238e+07,766674,0,1.36711e+07
8.99913e+06,0,0,0,0,2.58281e+07,766802,0,1.36711e+07
9.76606e+06,0,0,0,0,2.58325e+07,766930,0,1.36711e+07
1.05625e+07,0,0,0,0,2.6827e+07,796452,0,1.36711e+07
1.13591e+07,0,0,0,0,2.68315e+07,796586,0,1.36711e+07
1.21558e+07,0,0,0,0,2.6836e+07,796719,0,1.36711e+07
1.29527e+07,0,0,0,0,2.68405e+07,796852,0,1.36711e+07
1.37382e+07,0,0,0,0,2.64588e+07,785524,0,1.36711e+07
1.45238e+07,0,0,0,0,2.64633e+07,785656,0,1.36711e+07
1.53096e+07,0,0,0,0,2.64677e+07,785787,0,1.36711e+07
1.60956e+07,0,0,0,0,2.64721e+07,785919,0,1.36711e+07
1.69214e+07,0,0,0,0,2.78179e+07,825863,0,1.36711e+07
1.77474e+07,0,0,0,0,2.78225e+07,826001,0,1.36711e+07
1.85736e+07,0,0,0,0,2.78272e+07,826139,0,1.36711e+07
1.93998e+07,0,0,0,0,2.78318e+07,826277,0,1.36711e+07
2.02263e+07,0,0,0,0,2.78365e+07,826416,0,1.36711e+07
2.10603e+07,0,0,0,0,2.80962e+07,834079,0,1.36711e+07
2.18945e+07,0,0,0,0,2.81009e+07,834218,0,1.36711e+07
2.27289e+07,0,0,0,0,2.81056e+07,834358,0,1.36711e+07
2.35634e+07,0,0,0,0,2.81103e+07,834498,0,1.36711e+07
2.4418e+07,0,0,0,0,2.87865e+07,854570,0,1.36711e+07
2.52727e+07,0,0,0,0,2.87913e+07,854713,0,1.36711e+07
2.61275e+07,0,0,0,0,2.87961e+07,854856,0,1.36711e+07
2.69825e+07,0,0,0,0,2.8801e+07,854999,0,1.36711e+07
2.7903e+07,0,0,0,0,3.10062e+07,920437,0,1.36711e+07
2.88236e+07,0,0,0,0,3.10113e+07,920591,0,1.36711e+07
2.97443e+07,0,0,0,0,3.10165e+07,920745,0,1.36711e+07
3.06652e+07,0,0,0,0,3.10217e+07,920899,0,1.36711e+07
3.15863e+07,0,0,0,0,3.10269e+07,921053,0,1.36711e+07
3.24713e+07,0,0,0,0,2.98112e+07,884990,0,1.36711e+07
3.33564e+07,0,0,0,0,2.98162e+07,885138,0,1.36711e+07
3.42417e+07,0,0,0,0,2.98212e+07,885286,0,1.36711e+07
3.51271e+07,0,0,0,0,2.98262e+07,885434,0,1.36711e+07
3.5981e+07,0,0,0,0,2.87613e+07,853850,0,1.36711e+07
3.6835e+07,0,0,0,0,2.87661e+07,853993,0,1.36711e+07
3.76891e+07,0,0,0,0,2.87709e+07,854136,0,1.36711e+07
3.85402e+07,0,0,0,0,2.87807e+07,851074,0,1.36711e+07
3.93173e+07,0,0,0,0,2.6261e+07,777128,0,1.36711e+07
3.96211e+07,0,0,0,0,2.70019e+07,303853,0,1.36711e+07
3.99258e+07,0,0,0,0,2.70052e+07,304693,0,1.36711e+07
4.07058e+07,0,0,0,0,2.62704e+07,779934,0,1.36711e+07
4.14858e+07,0,0,0,0,2.62748e+07,780065,0,1.36711e+07
0,0,1.66912e+10,0,0,2.70106e+07,307083,1.66494e+10,1.36711e+07
332031,0,0,0,0,2.7851e+07,332031,0,1.36711e+07
1.13717e+06,0,0,0,0,2.71194e+07,805139,0,1.36711e+07
1.94244e+06,0,0,0,0,2.71237e+07,805266,0,1.36711e+07
2.74783e+06,0,0,0,0,2.7128e+07,805394,0,1.36711e+07
3.63973e+06,0,0,0,0,3.00425e+07,891898,0,1.36711e+07
4.53177e+06,0,0,0,0,3.00473e+07,892039,0,1.36711e+07
5.42395e+06,0,0,0,0,3.0052e+07,892179,0,1.36711e+07
6.31627e+06,0,0,0,0,3.00567e+07,892320,0,1.36711e+07
7.08931e+06,0,0,0,0,2.60385e+07,773047,0,1.36711e+07
7.86248e+06,0,0,0,0,2.60426e+07,773169,0,1.36711e+07
8.63577e+06,0,0,0,0,2.60467e+07,773291,0,1.36711e+07
9.40919e+06,0,0,0,0,2.60508e+07,773413,0,1.36711e+07
1.01827e+07,0,0,0,0,2.60549e+07,773535,0,1.36711e+07
1.0986e+07,0,0,0,0,2.70578e+07,803304,0,1.36711e+07
1.17895e+07,0,0,0,0,2.7062e+07,803431,0,1.36711e+07
1.2593e+07,0,0,0,0,2.70663e+07,803557,0,1.36711e+07
1.33967e+07,0,0,0,0,2.70706e+07,803684,0,1.36711e+07
1.41889e+07,0,0,0,0,2.66854e+07,792252,0,1.36711e+07
1.49813e+07,0,0,0,0,2.66897e+07,792377,0,1.36711e+07
1.57738e+07,0,0,0,0,2.66939e+07,792502,0,1.36711e+07
1.65665e+07,0,0,0,0,2.66981e+07,792627,0,1.36711e+07
1.73994e+07,0,0,0,0,2.8055e+07,832904,0,1.36711e+07
1.82324e+07,0,0,0,0,2.80595e+07,833036,0,1.36711e+07
1.90656e+07,0,0,0,0,2.80639e+07,833167,0,1.36711e+07
1.98989e+07,0,0,0,0,2.80683e+07,833299,0,1.36711e+07
2.07323e+07,0,0,0,0,2.80727e+07,833430,0,1.36711e+07
2.15734e+07,0,0,0,0,2.83344e+07,841151,0,1.36711e+07
2.24147e+07,0,0,0,0,2.83389e+07,841283,0,1.36711e+07
2.32561e+07,0,0,0,0,2.83434e+07,841416,0,1.36711e+07
2.40977e+07,0,0,0,0,2.83478e+07,841549,0,1.36711e+07
2.49595e+07,0,0,0,0,2.90295e+07,861782,0,1.36711e+07
2.58214e+07,0,0,0,0,2.9034e+07,861918,0,1.36711e+07
2.66834e+07,0,0,0,0,2.90386e+07,862054,0,1.36711e+07
2.75456e+07,0,0,0,0,2.90432e+07,862190,0,1.36711e+07
2.84738e+07,0,0,0,0,3.12667e+07,928171,0,1.36711e+07
2.94021e+07,0,0,0,0,3.12716e+07,928317,0,1.36711e+07
3.03306e+07,0,0,0,0,3.12765e+07,928464,0,1.36711e+07
3.12592e+07,0,0,0,0,3.12815e+07,928610,0,1.36711e+07
3.2188e+07,0,0,0,0,3.12864e+07,928757,0,1.36711e+07
3.30803e+07,0,0,0,0,3.00603e+07,892383,0,1.36711e+07
3.39729e+07,0,0,0,0,3.0065e+07,892524,0,1.36711e+07
3.48655e+07,0,0,0,0,3.00697e+07,892665,0,1.36711e+07
3.57583e+07,0,0,0,0,3.00745e+07,892805,0,1.36711e+07
3.66193e+07,0,0,0,0,2.90005e+07,860951,0,1.36711e+07
3.74804e+07,0,0,0,0,2.90051e+07,861086,0,1.36711e+07
3.83416e+07,0,0,0,0,2.90096e+07,861222,0,1.36711e+07
3.92029e+07,0,0,0,0,2.90142e+07,861358,0,1.36711e+07
3.99889e+07,0,0,0,0,2.64746e+07,785996,0,1.36711e+07
4.07751e+07,0,0,0,0,2.64787e+07,786120,0,1.36711e+07
4.15613e+07,0,0,0,0,2.64829e+07,786244,0,1.36711e+07
4.19084e+07,0,0,0,0,2.71706e+07,347050,0,1.36711e+07
0,0,1.68378e+10,0,0,2.71737e+07,347850,1.67955e+10,1.36711e+07
811637,0,0,0,0,2.73383e+07,811637,0,1.36711e+07
1.6234e+06,0,0,0,0,2.73423e+07,811758,0,1.36711e+07
2.13718e+06,0,0,0,0,2.78102e+07,513780,0,1.36711e+07
2.65173e+06,0,0,0,0,2.78132e+07,514558,0,1.36711e+07
3.25415e+06,0,0,0,0,3.07504e+07,602420,0,1.36711e+07
4.15349e+06,0,0,0,0,3.02931e+07,899338,0,1.36711e+07
5.05296e+06,0,0,0,0,3.02976e+07,899472,0,1.36711e+07
5.95257e+06,0,0,0,0,3.03021e+07,899605,0,1.36711e+07
6.73192e+06,0,0,0,0,2.62508e+07,779351,0,1.36711e+07
7.51138e+06,0,0,0,0,2.62547e+07,779466,0,1.36711e+07
8.29097e+06,0,0,0,0,2.62586e+07,779582,0,1.36711e+07
9.07067e+06,0,0,0,0,2.62625e+07,779698,0,1.36711e+07
9.85048e+06,0,0,0,0,2.62664e+07,779814,0,1.36711e+07
1.06603e+07,0,0,0,0,2.72771e+07,809816,0,1.36711e+07
1.14702e+07,0,0,0,0,2.72812e+07,809937,0,1.36711e+07
1.22803e+07,0,0,0,0,2.72852e+07,810057,0,1.36711e+07
1.30905e+07,0,0,0,0,2.72893e+07,810177,0,1.36711e+07
1.38891e+07,0,0,0,0,2.69008e+07,798645,0,1.36711e+07
1.46879e+07,0,0,0,0,2.69048e+07,798763,0,1.36711e+07
1.54868e+07,0,0,0,0,2.69088e+07,798882,0,1.36711e+07
1.62858e+07,0,0,0,0,2.69128e+07,799000,0,1.36711e+07
1.71253e+07,0,0,0,0,2.82804e+07,839594,0,1.36711e+07
1.79651e+07,0,0,0,0,2.82846e+07,839718,0,1.36711e+07
1.88049e+07,0,0,0,0,2.82888e+07,839843,0,1.36711e+07
1.96449e+07,0,0,0,0,2.8293e+07,839968,0,1.36711e+07
2.0485e+07,0,0,0,0,2.82972e+07,840092,0,1.36711e+07
2.13328e+07,0,0,0,0,2.85607e+07,847867,0,1.36711e+07
2.21808e+07,0,0,0,0,2.85649e+07,847992,0,1.36711e+07
2.30289e+07,0,0,0,0,2.85691e+07,848118,0,1.36711e+07
2.38772e+07,0,0,0,0,2.85734e+07,848244,0,1.36711e+07
2.47458e+07,0,0,0,0,2.92602e+07,868631,0,1.36711e+07
2.56146e+07,0,0,0,0,2.92645e+07,868760,0,1.36711e+07
2.64835e+07,0,0,0,0,2.92688e+07,868888,0,1.36711e+07
2.73525e+07,0,0,0,0,2.92732e+07,869017,0,1.36711e+07
2.8288e+07,0,0,0,0,3.1514e+07,935512,0,1.36711e+07
2.92237e+07,0,0,0,0,3.15186e+07,935650,0,1.36711e+07
3.01594e+07,0,0,0,0,3.15233e+07,935789,0,1.36711e+07
3.10954e+07,0,0,0,0,3.1528e+07,935928,0,1.36711e+07
3.20314e+07,0,0,0,0,3.15327e+07,936067,0,1.36711e+07
3.29308e+07,0,0,0,0,3.02966e+07,899399,0,1.36711e+07
3.38304e+07,0,0,0,0,3.03011e+07,899532,0,1.36711e+07
3.473e+07,0,0,0,0,3.03056e+07,899666,0,1.36711e+07
3.56298e+07,0,0,0,0,3.03101e+07,899799,0,1.36711e+07
3.64975e+07,0,0,0,0,2.92274e+07,867687,0,1.36711e+07
3.73653e+07,0,0,0,0,2.92317e+07,867815,0,1.36711e+07
3.82333e+07,0,0,0,0,2.92361e+07,867944,0,1.36711e+07
3.91014e+07,0,0,0,0,2.92404e+07,868073,0,1.36711e+07
3.98935e+07,0,0,0,0,2.66807e+07,792116,0,1.36711e+07
4.06857e+07,0,0,0,0,2.66846e+07,792234,0,1.36711e+07
4.14781e+07,0,0,0,0,2.66886e+07,792351,0,1.36711e+07
4.22705e+07,0,0,0,0,2.66926e+07,792469,0,1.36711e+07
0,0,1.72915e+10,0,0,2.66965e+07,792586,1.72484e+10,1.36711e+07
817919,0,0,0,0,2.75498e+07,817919,0,1.36711e+07
1.63595e+06,0,0,0,0,2.75537e+07,818033,0,1.36711e+07
2.4541e+06,0,0,0,0,2.75575e+07,818146,0,1.36711e+07
3.27236e+06,0,0,0,0,2.75613e+07,818260,0,1.36711e+07
4.17849e+06,0,0,0,0,3.05219e+07,906129,0,1.36711e+07
5.08474e+06,0,0,0,0,3.05261e+07,906255,0,1.36711e+07
5.99112e+06,0,0,0,0,3.05304e+07,906381,0,1.36711e+07
6.89763e+06,0,0,0,0,3.05346e+07,906507,0,1.36711e+07
7.68295e+06,0,0,0,0,2.6452e+07,785323,0,1.36711e+07
8.46839e+06,0,0,0,0,2.64557e+07,785432,0,1.36711e+07
9.25393e+06,0,0,0,0,2.64593e+07,785542,0,1.36711e+07
1.00396e+07,0,0,0,0,2.6463e+07,785651,0,1.36711e+07
1.08253e+07,0,0,0,0,2.64667e+07,785760,0,1.36711e+07
1.16413e+07,0,0,0,0,2.74849e+07,815984,0,1.36711e+07
1.24574e+07,0,0,0,0,2.74887e+07,816097,0,1.36711e+07
1.32736e+07,0,0,0,0,2.74925e+07,816211,0,1.36711e+07
1.409e+07,0,0,0,0,2.74963e+07,816324,0,1.36711e+07
1.48947e+07,0,0,0,0,2.71046e+07,804697,0,1.36711e+07
1.56995e+07,0,0,0,0,2.71084e+07,804808,0,1.36711e+07
1.65044e+07,0,0,0,0,2.71122e+07,804920,0,1.36711e+07
1.73094e+07,0,0,0,0,2.71159e+07,805032,0,1.36711e+07
1.81553e+07,0,0,0,0,2.84936e+07,845924,0,1.36711e+07
1.90014e+07,0,0,0,0,2.84975e+07,846042,0,1.36711e+07
1.98475e+07,0,0,0,0,2.85015e+07,846159,0,1.36711e+07
2.06938e+07,0,0,0,0,2.85055e+07,846277,0,1.36711e+07
2.15402e+07,0,0,0,0,2.85094e+07,846395,0,1.36711e+07
2.23944e+07,0,0,0,0,2.87747e+07,854219,0,1.36711e+07
2.32488e+07,0,0,0,0,2.87787e+07,854338,0,1.36711e+07
2.41032e+07,0,0,0,0,2.87827e+07,854457,0,1.36711e+07
2.49578e+07,0,0,0,0,2.87867e+07,854575,0,1.36711e+07
2.58329e+07,0,0,0,0,2.94783e+07,875106,0,1.36711e+07
2.67081e+07,0,0,0,0,2.94824e+07,875227,0,1.36711e+07
2.75835e+07,0,0,0,0,2.94865e+07,875349,0,1.36711e+07
2.8459e+07,0,0,0,0,2.94906e+07,875471,0,1.36711e+07
2.82712e+07,0,0,0,0,3.06175e+07,-187752,0,1.36711e+07
2.80834e+07,0,0,0,0,3.06217e+07,-187778,0,1.36711e+07
2.78956e+07,0,0,0,0,3.0626e+07,-187804,0,1.36711e+07
2.77078e+07,0,0,0,0,3.06302e+07,-187831,0,1.36711e+07
2.75199e+07,0,0,0,0,3.06345e+07,-187857,0,1.36711e+07
2.8426e+07,0,0,0,0,3.05198e+07,906027,0,1.36711e+07
2.93321e+07,0,0,0,0,3.05241e+07,906153,0,1.36711e+07
3.02384e+07,0,0,0,0,3.05283e+07,906279,0,1.36711e+07
3.11448e+07,0,0,0,0,3.05326e+07,906404,0,1.36711e+07
3.20188e+07,0,0,0,0,2.94417e+07,874048,0,1.36711e+07
3.2893e+07,0,0,0,0,2.94458e+07,874170,0,1.36711e+07
3.37673e+07,0,0,0,0,2.94498e+07,874291,0,1.36711e+07
3.46417e+07,0,0,0,0,2.94539e+07,874412,0,1.36711e+07
3.54396e+07,0,0,0,0,2.68753e+07,797894,0,1.36711e+07
3.62376e+07,0,0,0,0,2.6879e+07,798004,0,1.36711e+07
3.70357e+07,0,0,0,0,2.68828e+07,798115,0,1.36711e+07
3.7834e+07,0,0,0,0,2.68865e+07,798226,0,1.36711e+07
0,0,1.73309e+10,0,0,2.68902e+07,798337,1.72923e+10,1.36711e+07
823846,0,0,0,0,2.77495e+07,823846,0,1.36711e+07
1.6478e+06,0,0,0,0,2.77531e+07,823953,0,1.36711e+07
2.47186e+06,0,0,0,0,2.77567e+07,824060,0,1.36711e+07
3.29602e+06,0,0,0,0,2.77603e+07,824166,0,1.36711e+07
4.20869e+06,0,0,0,0,3.07419e+07,912661,0,1.36711e+07
5.12147e+06,0,0,0,0,3.07459e+07,912780,0,1.36711e+07
6.03436e+06,0,0,0,0,3.07499e+07,912898,0,1.36711e+07
6.94738e+06,0,0,0,0,3.07539e+07,913017,0,1.36711e+07
7.73833e+06,0,0,0,0,2.66417e+07,790955,0,1.36711e+07
8.52939e+06,0,0,0,0,2.66451e+07,791057,0,1.36711e+07
9.32055e+06,0,0,0,0,2.66486e+07,791160,0,1.36711e+07
1.01118e+07,0,0,0,0,2.6652e+07,791263,0,1.36711e+07
1.09032e+07,0,0,0,0,2.66555e+07,791365,0,1.36711e+07
1.1725e+07,0,0,0,0,2.76807e+07,821797,0,1.36711e+07
1.25469e+07,0,0,0,0,2.76843e+07,821904,0,1.36711e+07
1.33689e+07,0,0,0,0,2.76879e+07,822010,0,1.36711e+07
1.4191e+07,0,0,0,0,2.76915e+07,822117,0,1.36711e+07
1.50014e+07,0,0,0,0,2.72967e+07,810399,0,1.36711e+07
1.58119e+07,0,0,0,0,2.73003e+07,810504,0,1.36711e+07
1.66225e+07,0,0,0,0,2.73038e+07,810610,0,1.36711e+07
1.74332e+07,0,0,0,0,2.73073e+07,810715,0,1.36711e+07
1.82851e+07,0,0,0,0,2.86944e+07,851887,0,1.36711e+07
1.91371e+07,0,0,0,0,2.86982e+07,851998,0,1.36711e+07
1.99892e+07,0,0,0,0,2.87019e+07,852108,0,1.36711e+07
2.08414e+07,0,0,0,0,2.87056e+07,852219,0,1.36711e+07
2.16938e+07,0,0,0,0,2.87093e+07,852329,0,1.36711e+07
2.2554e+07,0,0,0,0,2.89761e+07,860201,0,1.36711e+07
2.34143e+07,0,0,0,0,2.89799e+07,860312,0,1.36711e+07
2.42747e+07,0,0,0,0,2.89837e+07,860424,0,1.36711e+07
2.51352e+07,0,0,0,0,2.89874e+07,860535,0,1.36711e+07
2.60165e+07,0,0,0,0,2.96836e+07,881201,0,1.36711e+07
2.68978e+07,0,0,0,0,2.96874e+07,881315,0,1.36711e+07
2.77792e+07,0,0,0,0,2.96913e+07,881429,0,1.36711e+07
2.86607e+07,0,0,0,0,2.96951e+07,881544,0,1.36711e+07
2.84717e+07,0,0,0,0,3.08296e+07,-189053,0,1.36711e+07
2.82826e+07,0,0,0,0,3.08336e+07,-189077,0,1.36711e+07
2.80935e+07,0,0,0,0,3.08376e+07,-189102,0,1.36711e+07
2.79044e+07,0,0,0,0,3.08416e+07,-189126,0,1.36711e+07
2.77152e+07,0,0,0,0,3.08456e+07,-189151,0,1.36711e+07
2.86275e+07,0,0,0,0,3.07298e+07,912261,0,1.36711e+07
2.95399e+07,0,0,0,0,3.07338e+07,912379,0,1.36711e+07
3.04524e+07,0,0,0,0,3.07378e+07,912497,0,1.36711e+07
3.1365e+07,0,0,0,0,3.07418e+07,912616,0,1.36711e+07
3.2245e+07,0,0,0,0,2.96431e+07,880029,0,1.36711e+07
3.31252e+07,0,0,0,0,2.9647e+07,880143,0,1.36711e+07
3.40054e+07,0,0,0,0,2.96508e+07,880258,0,1.36711e+07
3.48858e+07,0,0,0,0,2.96547e+07,880372,0,1.36711e+07
3.56891e+07,0,0,0,0,2.70582e+07,803324,0,1.36711e+07
3.64925e+07,0,0,0,0,2.70617e+07,803428,0,1.36711e+07
3.69504e+07,0,0,0,0,2.76031e+07,457825,0,1.36711e+07
3.74089e+07,0,0,0,0,2.76057e+07,458497,0,1.36711e+07
3.7868e+07,0,0,0,0,2.76083e+07,459169,0,1.36711e+07
0,0,1.77871e+10,0,0,2.84722e+07,485410,1.77487e+10,1.36711e+07
627648,0,0,0,0,2.82545e+07,627648,0,1.36711e+07
1.25594e+06,0,0,0,0,2.8257e+07,628295,0,1.36711e+07
2.08566e+06,0,0,0,0,2.79472e+07,829715,0,1.36711e+07
3.00446e+06,0,0,0,0,3.09486e+07,918797,0,1.36711e+07
3.92336e+06,0,0,0,0,3.09523e+07,918908,0,1.36711e+07
4.84238e+06,0,0,0,0,3.09561e+07,919019,0,1.36711e+07
5.76151e+06,0,0,0,0,3.09598e+07,919130,0,1.36711e+07
6.55776e+06,0,0,0,0,2.68198e+07,796244,0,1.36711e+07
7.3541e+06,0,0,0,0,2.68231e+07,796340,0,1.36711e+07
8.15053e+06,0,0,0,0,2.68263e+07,796436,0,1.36711e+07
8.94706e+06,0,0,0,0,2.68295e+07,796532,0,1.36711e+07
9.74369e+06,0,0,0,0,2.68328e+07,796628,0,1.36711e+07
1.05709e+07,0,0,0,0,2.78645e+07,827255,0,1.36711e+07
1.13983e+07,0,0,0,0,2.78679e+07,827355,0,1.36711e+07
1.22258e+07,0,0,0,0,2.78713e+07,827455,0,1.36711e+07
1.30533e+07,0,0,0,0,2.78746e+07,827555,0,1.36711e+07
1.38691e+07,0,0,0,0,2.7477e+07,815752,0,1.36711e+07
1.46849e+07,0,0,0,0,2.74803e+07,815851,0,1.36711e+07
1.55009e+07,0,0,0,0,2.74837e+07,815949,0,1.36711e+07
1.63169e+07,0,0,0,0,2.7487e+07,816048,0,1.36711e+07
1.71744e+07,0,0,0,0,2.88829e+07,857483,0,1.36711e+07
1.8032e+07,0,0,0,0,2.88864e+07,857587,0,1.36711e+07
1.88897e+07,0,0,0,0,2.88899e+07,857691,0,1.36711e+07
1.97475e+07,0,0,0,0,2.88934e+07,857794,0,1.36711e+07
2.06054e+07,0,0,0,0,2.88969e+07,857898,0,1.36711e+07
2.14712e+07,0,0,0,0,2.91652e+07,865813,0,1.36711e+07
2.23371e+07,0,0,0,0,2.91687e+07,865917,0,1.36711e+07
2.32031e+07,0,0,0,0,2.91722e+07,866022,0,1.36711e+07
2.40692e+07,0,0,0,0,2.91758e+07,866126,0,1.36711e+07
2.49562e+07,0,0,0,0,2.98762e+07,886918,0,1.36711e+07
2.58432e+07,0,0,0,0,2.98798e+07,887025,0,1.36711e+07
2.67303e+07,0,0,0,0,2.98834e+07,887132,0,1.36711e+07
2.76176e+07,0,0,0,0,2.9887e+07,887239,0,1.36711e+07
2.74273e+07,0,0,0,0,3.10285e+07,-190273,0,1.36711e+07
2.7237e+07,0,0,0,0,3.10322e+07,-190296,0,1.36711e+07
2.70467e+07,0,0,0,0,3.1036e+07,-190319,0,1.36711e+07
2.68563e+07,0,0,0,0,3.10397e+07,-190342,0,1.36711e+07
2.6666e+07,0,0,0,0,3.10435e+07,-190365,0,1.36711e+07
2.75841e+07,0,0,0,0,3.09267e+07,918105,0,1.36711e+07
2.85023e+07,0,0,0,0,3.09304e+07,918216,0,1.36711e+07
2.94206e+07,0,0,0,0,3.09342e+07,918327,0,1.36711e+07
3.03391e+07,0,0,0,0,3.09379e+07,918438,0,1.36711e+07
3.12247e+07,0,0,0,0,2.9832e+07,885636,0,1.36711e+07
3.21104e+07,0,0,0,0,2.98356e+07,885743,0,1.36711e+07
3.29963e+07,0,0,0,0,2.98392e+07,885849,0,1.36711e+07
3.38822e+07,0,0,0,0,2.98428e+07,885956,0,1.36711e+07
3.46906e+07,0,0,0,0,2.72296e+07,808412,0,1.36711e+07
3.54992e+07,0,0,0,0,2.72329e+07,808510,0,1.36711e+07
3.63078e+07,0,0,0,0,2.72362e+07,808608,0,1.36711e+07
3.71165e+07,0,0,0,0,2.72395e+07,808705,0,1.36711e+07
3.79253e+07,0,0,0,0,2.72427e+07,808803,0,1.36711e+07
0,0,1.75821e+10,0,0,2.81127e+07,834631,1.75434e+10,1.36711e+07
834724,0,0,0,0,2.81159e+07,834724,0,1.36711e+07
1.66954e+06,0,0,0,0,2.81191e+07,834818,0,1.36711e+07
2.50445e+06,0,0,0,0,2.81222e+07,834912,0,1.36711e+07
3.429e+06,0,0,0,0,3.11422e+07,924544,0,1.36711e+07
4.35365e+06,0,0,0,0,3.11456e+07,924647,0,1.36711e+07
5.2784e+06,0,0,0,0,3.11491e+07,924751,0,1.36711e+07
6.20325e+06,0,0,0,0,3.11526e+07,924855,0,1.36711e+07
7.00445e+06,0,0,0,0,2.69866e+07,801196,0,1.36711e+07
7.80573e+06,0,0,0,0,2.69896e+07,801286,0,1.36711e+07
8.60711e+06,0,0,0,0,2.69927e+07,801375,0,1.36711e+07
9.40857e+06,0,0,0,0,2.69957e+07,801465,0,1.36711e+07
1.02101e+07,0,0,0,0,2.69987e+07,801555,0,1.36711e+07
1.10425e+07,0,0,0,0,2.80366e+07,832364,0,1.36711e+07
1.18749e+07,0,0,0,0,2.80397e+07,832457,0,1.36711e+07
1.27075e+07,0,0,0,0,2.80429e+07,832550,0,1.36711e+07
1.35401e+07,0,0,0,0,2.8046e+07,832644,0,1.36711e+07
1.43609e+07,0,0,0,0,2.76457e+07,820761,0,1.36711e+07
1.51818e+07,0,0,0,0,2.76488e+07,820853,0,1.36711e+07
1.60027e+07,0,0,0,0,2.76519e+07,820945,0,1.36711e+07
1.68237e+07,0,0,0,0,2.7655e+07,821037,0,1.36711e+07
1.76865e+07,0,0,0,0,2.90593e+07,862719,0,1.36711e+07
1.85493e+07,0,0,0,0,2.90625e+07,862815,0,1.36711e+07
1.94122e+07,0,0,0,0,2.90658e+07,862912,0,1.36711e+07
2.02752e+07,0,0,0,0,2.90691e+07,863009,0,1.36711e+07
2.11383e+07,0,0,0,0,2.90723e+07,863105,0,1.36711e+07
2.20094e+07,0,0,0,0,2.9342e+07,871061,0,1.36711e+07
2.28805e+07,0,0,0,0,2.93453e+07,871158,0,1.36711e+07
2.37518e+07,0,0,0,0,2.93485e+07,871256,0,1.36711e+07
2.46231e+07,0,0,0,0,2.93518e+07,871354,0,1.36711e+07
2.55154e+07,0,0,0,0,3.00562e+07,892263,0,1.36711e+07
2.64078e+07,0,0,0,0,3.00596e+07,892363,0,1.36711e+07
2.73002e+07,0,0,0,0,3.0063e+07,892463,0,1.36711e+07
2.81928e+07,0,0,0,0,3.00663e+07,892563,0,1.36711e+07
2.80014e+07,0,0,0,0,3.12144e+07,-191413,0,1.36711e+07
2.78099e+07,0,0,0,0,3.12179e+07,-191434,0,1.36711e+07
2.76185e+07,0,0,0,0,3.12214e+07,-191455,0,1.36711e+07
2.7427e+07,0,0,0,0,3.12249e+07,-191477,0,1.36711e+07
2.72355e+07,0,0,0,0,3.12284e+07,-191498,0,1.36711e+07
2.81591e+07,0,0,0,0,3.11106e+07,923566,0,1.36711e+07
2.90827e+07,0,0,0,0,3.11141e+07,923669,0,1.36711e+07
3.00065e+07,0,0,0,0,3.11176e+07,923772,0,1.36711e+07
3.09304e+07,0,0,0,0,3.11211e+07,923876,0,1.36711e+07
3.18213e+07,0,0,0,0,3.00084e+07,890872,0,1.36711e+07
3.27122e+07,0,0,0,0,3.00117e+07,890972,0,1.36711e+07
3.36033e+07,0,0,0,0,3.00151e+07,891071,0,1.36711e+07
3.44945e+07,0,0,0,0,3.00184e+07,891171,0,1.36711e+07
3.53076e+07,0,0,0,0,2.73896e+07,813164,0,1.36711e+07
3.58282e+07,0,0,0,0,2.7848e+07,520585,0,1.36711e+07
3.63494e+07,0,0,0,0,2.78503e+07,521172,0,1.36711e+07
3.68712e+07,0,0,0,0,2.78526e+07,521759,0,1.36711e+07
3.73935e+07,0,0,0,0,2.78549e+07,522347,0,1.36711e+07
0,0,1.76963e+10,0,0,2.78542e+07,522843,1.76584e+10,1.36711e+07
839500,0,0,0,0,2.82767e+07,839500,0,1.36711e+07
1.67909e+06,0,0,0,0,2.82797e+07,839587,0,1.36711e+07
2.51876e+06,0,0,0,0,2.82826e+07,839674,0,1.36711e+07
3.35852e+06,0,0,0,0,2.82855e+07,839761,0,1.36711e+07
4.28843e+06,0,0,0,0,3.13228e+07,929905,0,1.36711e+07
5.21843e+06,0,0,0,0,3.1326e+07,930002,0,1.36711e+07
6.14853e+06,0,0,0,0,3.13292e+07,930098,0,1.36711e+07
7.07872e+06,0,0,0,0,3.13325e+07,930194,0,1.36711e+07
7.88453e+06,0,0,0,0,2.71422e+07,805815,0,1.36711e+07
8.69043e+06,0,0,0,0,2.7145e+07,805898,0,1.36711e+07
9.49641e+06,0,0,0,0,2.71478e+07,805981,0,1.36711e+07
1.03025e+07,0,0,0,0,2.71506e+07,806065,0,1.36711e+07
1.11086e+07,0,0,0,0,2.71534e+07,806148,0,1.36711e+07
1.19458e+07,0,0,0,0,2.8197e+07,837126,0,1.36711e+07
1.2783e+07,0,0,0,0,2.81999e+07,837213,0,1.36711e+07
1.36203e+07,0,0,0,0,2.82029e+07,837300,0,1.36711e+07
1.44577e+07,0,0,0,0,2.82058e+07,837386,0,1.36711e+07
1.52831e+07,0,0,0,0,2.7803e+07,825429,0,1.36711e+07
1.61086e+07,0,0,0,0,2.78058e+07,825515,0,1.36711e+07
1.69342e+07,0,0,0,0,2.78087e+07,825600,0,1.36711e+07
1.77599e+07,0,0,0,0,2.78116e+07,825685,0,1.36711e+07
1.86275e+07,0,0,0,0,2.92235e+07,867595,0,1.36711e+07
1.94952e+07,0,0,0,0,2.92266e+07,867685,0,1.36711e+07
2.03629e+07,0,0,0,0,2.92296e+07,867775,0,1.36711e+07
2.12308e+07,0,0,0,0,2.92326e+07,867865,0,1.36711e+07
2.20988e+07,0,0,0,0,2.92356e+07,867955,0,1.36711e+07
2.29747e+07,0,0,0,0,2.95066e+07,875947,0,1.36711e+07
2.38507e+07,0,0,0,0,2.95096e+07,876038,0,1.36711e+07
2.47269e+07,0,0,0,0,2.95127e+07,876128,0,1.36711e+07
2.56031e+07,0,0,0,0,2.95157e+07,876219,0,1.36711e+07
2.65003e+07,0,0,0,0,3.02238e+07,897238,0,1.36711e+07
2.73977e+07,0,0,0,0,3.02269e+07,897330,0,1.36711e+07
2.82951e+07,0,0,0,0,3.023e+07,897423,0,1.36711e+07
2.91926e+07,0,0,0,0,3.02332e+07,897516,0,1.36711e+07
2.90001e+07,0,0,0,0,3.13873e+07,-192473,0,1.36711e+07
2.88076e+07,0,0,0,0,3.13906e+07,-192493,0,1.36711e+07
2.86151e+07,0,0,0,0,3.13938e+07,-192513,0,1.36711e+07
2.84226e+07,0,0,0,0,3.13971e+07,-192533,0,1.36711e+07
2.823e+07,0,0,0,0,3.14003e+07,-192553,0,1.36711e+07
2.91587e+07,0,0,0,0,3.12817e+07,928643,0,1.36711e+07
3.00874e+07,0,0,0,0,3.12849e+07,928739,0,1.36711e+07
3.10162e+07,0,0,0,0,3.12882e+07,928835,0,1.36711e+07
3.19452e+07,0,0,0,0,3.12914e+07,928931,0,1.36711e+07
3.28409e+07,0,0,0,0,3.01723e+07,895739,0,1.36711e+07
3.37368e+07,0,0,0,0,3.01754e+07,895832,0,1.36711e+07
3.46327e+07,0,0,0,0,3.01786e+07,895924,0,1.36711e+07
3.55287e+07,0,0,0,0,3.01817e+07,896017,0,1.36711e+07
3.63463e+07,0,0,0,0,2.75383e+07,817578,0,1.36711e+07
3.71639e+07,0,0,0,0,2.75412e+07,817663,0,1.36711e+07
3.79817e+07,0,0,0,0,2.7544e+07,817748,0,1.36711e+07
3.87995e+07,0,0,0,0,2.75469e+07,817832,0,1.36711e+07
0,0,1.81071e+10,0,0,2.75497e+07,817917,1.80674e+10,1.36711e+07
844022,0,0,0,0,2.84291e+07,844022,0,1.36711e+07
1.68812e+06,0,0,0,0,2.84318e+07,844102,0,1.36711e+07
2.53231e+06,0,0,0,0,2.84345e+07,844182,0,1.36711e+07
3.37657e+06,0,0,0,0,2.84372e+07,844262,0,1.36711e+07
4.31145e+06,0,0,0,0,3.14904e+07,934883,0,1.36711e+07
5.24642e+06,0,0,0,0,3.14934e+07,934971,0,1.36711e+07
6.18148e+06,0,0,0,0,3.14964e+07,935060,0,1.36711e+07
7.11663e+06,0,0,0,0,3.14994e+07,935149,0,1.36711e+07
7.92673e+06,0,0,0,0,2.72865e+07,810100,0,1.36711e+07
8.73691e+06,0,0,0,0,2.72891e+07,810177,0,1.36711e+07
9.54716e+06,0,0,0,0,2.72917e+07,810254,0,1.36711e+07
1.03575e+07,0,0,0,0,2.72943e+07,810331,0,1.36711e+07
1.11679e+07,0,0,0,0,2.72969e+07,810408,0,1.36711e+07
1.20094e+07,0,0,0,0,2.83458e+07,841543,0,1.36711e+07
1.28511e+07,0,0,0,0,2.83485e+07,841623,0,1.36711e+07
1.36928e+07,0,0,0,0,2.83512e+07,841703,0,1.36711e+07
1.45346e+07,0,0,0,0,2.83539e+07,841783,0,1.36711e+07
1.53643e+07,0,0,0,0,2.79487e+07,829756,0,1.36711e+07
1.61941e+07,0,0,0,0,2.79514e+07,829835,0,1.36711e+07
1.70241e+07,0,0,0,0,2.7954e+07,829914,0,1.36711e+07
1.78541e+07,0,0,0,0,2.79567e+07,829993,0,1.36711e+07
1.87262e+07,0,0,0,0,2.93757e+07,872114,0,1.36711e+07
1.95984e+07,0,0,0,0,2.93785e+07,872197,0,1.36711e+07
2.04706e+07,0,0,0,0,2.93813e+07,872280,0,1.36711e+07
2.1343e+07,0,0,0,0,2.93841e+07,872363,0,1.36711e+07
2.22155e+07,0,0,0,0,2.93869e+07,872446,0,1.36711e+07
2.30959e+07,0,0,0,0,2.9659e+07,880472,0,1.36711e+07
2.39765e+07,0,0,0,0,2.96618e+07,880556,0,1.36711e+07
2.48571e+07,0,0,0,0,2.96646e+07,880639,0,1.36711e+07
2.57378e+07,0,0,0,0,2.96674e+07,880723,0,1.36711e+07
2.66397e+07,0,0,0,0,3.03789e+07,901842,0,1.36711e+07
2.75416e+07,0,0,0,0,3.03818e+07,901928,0,1.36711e+07
2.84436e+07,0,0,0,0,3.03847e+07,902013,0,1.36711e+07
2.93457e+07,0,0,0,0,3.03876e+07,902099,0,1.36711e+07
2.91523e+07,0,0,0,0,3.15474e+07,-193454,0,1.36711e+07
2.89588e+07,0,0,0,0,3.15503e+07,-193473,0,1.36711e+07
2.87653e+07,0,0,0,0,3.15533e+07,-193491,0,1.36711e+07
2.85718e+07,0,0,0,0,3.15563e+07,-193510,0,1.36711e+07
2.83783e+07,0,0,0,0,3.15593e+07,-193528,0,1.36711e+07
2.93116e+07,0,0,0,0,3.14398e+07,933338,0,1.36711e+07
3.0245e+07,0,0,0,0,3.14428e+07,933427,0,1.36711e+07
3.11785e+07,0,0,0,0,3.14458e+07,933515,0,1.36711e+07
3.21122e+07,0,0,0,0,3.14488e+07,933604,0,1.36711e+07
3.30124e+07,0,0,0,0,3.03238e+07,900237,0,1.36711e+07
3.39127e+07,0,0,0,0,3.03267e+07,900323,0,1.36711e+07
3.48131e+07,0,0,0,0,3.03296e+07,900408,0,1.36711e+07
3.57136e+07,0,0,0,0,3.03325e+07,900494,0,1.36711e+07
3.65353e+07,0,0,0,0,2.76757e+07,821656,0,1.36711e+07
3.7357e+07,0,0,0,0,2.76783e+07,821734,0,1.36711e+07
3.81788e+07,0,0,0,0,2.76809e+07,821812,0,1.36711e+07
3.90007e+07,0,0,0,0,2.76836e+07,821891,0,1.36711e+07
0,0,1.81954e+10,0,0,2.76862e+07,821969,1.81556e+10,1.36711e+07
848196,0,0,0,0,2.85697e+07,848196,0,1.36711e+07
1.69647e+06,0,0,0,0,2.85721e+07,848269,0,1.36711e+07
2.54481e+06,0,0,0,0,2.85746e+07,848343,0,1.36711e+07
3.39323e+06,0,0,0,0,2.85771e+07,848417,0,1.36711e+07
4.3327e+06,0,0,0,0,3.16451e+07,939475,0,1.36711e+07
5.27226e+06,0,0,0,0,3.16478e+07,939557,0,1.36711e+07
6.21189e+06,0,0,0,0,3.16506e+07,939638,0,1.36711e+07
7.15161e+06,0,0,0,0,3.16533e+07,939720,0,1.36711e+07
7.96567e+06,0,0,0,0,2.74197e+07,814053,0,1.36711e+07
8.77979e+06,0,0,0,0,2.74221e+07,814123,0,1.36711e+07
9.59398e+06,0,0,0,0,2.74244e+07,814194,0,1.36711e+07
1.04082e+07,0,0,0,0,2.74268e+07,814265,0,1.36711e+07
1.12226e+07,0,0,0,0,2.74292e+07,814335,0,1.36711e+07
1.20682e+07,0,0,0,0,2.84829e+07,845614,0,1.36711e+07
1.29139e+07,0,0,0,0,2.84854e+07,845687,0,1.36711e+07
1.37596e+07,0,0,0,0,2.84879e+07,845761,0,1.36711e+07
1.46055e+07,0,0,0,0,2.84903e+07,845834,0,1.36711e+07
1.54392e+07,0,0,0,0,2.8083e+07,833742,0,1.36711e+07
1.6273e+07,0,0,0,0,2.80854e+07,833815,0,1.36711e+07
1.71069e+07,0,0,0,0,2.80879e+07,833887,0,1.36711e+07
1.79409e+07,0,0,0,0,2.80903e+07,833959,0,1.36711e+07
1.88172e+07,0,0,0,0,2.95159e+07,876275,0,1.36711e+07
1.96935e+07,0,0,0,0,2.95185e+07,876351,0,1.36711e+07
2.05699e+07,0,0,0,0,2.9521e+07,876427,0,1.36711e+07
2.14464e+07,0,0,0,0,2.95236e+07,876503,0,1.36711e+07
2.2323e+07,0,0,0,0,2.95261e+07,876579,0,1.36711e+07
2.32077e+07,0,0,0,0,2.97993e+07,884636,0,1.36711e+07
2.40924e+07,0,0,0,0,2.98018e+07,884713,0,1.36711e+07
2.49772e+07,0,0,0,0,2.98044e+07,884790,0,1.36711e+07
2.5862e+07,0,0,0,0,2.9807e+07,884866,0,1.36711e+07
2.67681e+07,0,0,0,0,3.05216e+07,906077,0,1.36711e+07
2.76743e+07,0,0,0,0,3.05242e+07,906156,0,1.36711e+07
2.85805e+07,0,0,0,0,3.05269e+07,906234,0,1.36711e+07
2.94868e+07,0,0,0,0,3.05295e+07,906313,0,1.36711e+07
2.92924e+07,0,0,0,0,3.16945e+07,-194356,0,1.36711e+07
2.90981e+07,0,0,0,0,3.16972e+07,-194373,0,1.36711e+07
2.89037e+07,0,0,0,0,3.16999e+07,-194390,0,1.36711e+07
2.87093e+07,0,0,0,0,3.17027e+07,-194407,0,1.36711e+07
2.85149e+07,0,0,0,0,3.17054e+07,-194424,0,1.36711e+07
2.94525e+07,0,0,0,0,3.15851e+07,937651,0,1.36711e+07
3.03902e+07,0,0,0,0,3.15879e+07,937733,0,1.36711e+07
3.1328e+07,0,0,0,0,3.15906e+07,937814,0,1.36711e+07
3.22659e+07,0,0,0,0,3.15933e+07,937895,0,1.36711e+07
3.31703e+07,0,0,0,0,3.0463e+07,904368,0,1.36711e+07
3.40748e+07,0,0,0,0,3.04656e+07,904446,0,1.36711e+07
3.49793e+07,0,0,0,0,3.04682e+07,904524,0,1.36711e+07
3.58839e+07,0,0,0,0,3.04709e+07,904603,0,1.36711e+07
3.67093e+07,0,0,0,0,2.78017e+07,825399,0,1.36711e+07
3.73087e+07,0,0,0,0,2.81558e+07,599454,0,1.36711e+07
3.79087e+07,0,0,0,0,2.81576e+07,599915,0,1.36711e+07
3.8509e+07,0,0,0,0,2.81594e+07,600377,0,1.36711e+07
0,0,1.82941e+10,0,0,2.81612e+07,600838,1.8255e+10,1.36711e+07
627567,0,0,0,0,2.90478e+07,627567,0,1.36711e+07
1.40103e+06,0,0,0,0,2.88232e+07,773458,0,1.36711e+07
2.17492e+06,0,0,0,0,2.88249e+07,773891,0,1.36711e+07
2.94924e+06,0,0,0,0,2.88266e+07,774324,0,1.36711e+07
3.81539e+06,0,0,0,0,3.19075e+07,866149,0,1.36711e+07
4.75915e+06,0,0,0,0,3.17894e+07,943759,0,1.36711e+07
5.70298e+06,0,0,0,0,3.17919e+07,943833,0,1.36711e+07
6.64689e+06,0,0,0,0,3.17944e+07,943908,0,1.36711e+07
7.46456e+06,0,0,0,0,2.75417e+07,817674,0,1.36711e+07
8.01973e+06,0,0,0,0,2.79523e+07,555169,0,1.36711e+07
8.57532e+06,0,0,0,0,2.7954e+07,555584,0,1.36711e+07
9.13132e+06,0,0,0,0,2.79556e+07,556000,0,1.36711e+07
9.68773e+06,0,0,0,0,2.79572e+07,556415,0,1.36711e+07
1.02759e+07,0,0,0,0,2.90148e+07,588176,0,1.36711e+07
1.10439e+07,0,0,0,0,2.87373e+07,768039,0,1.36711e+07
1.18934e+07,0,0,0,0,2.8613e+07,849475,0,1.36711e+07
1.2743e+07,0,0,0,0,2.86152e+07,849542,0,1.36711e+07
1.35804e+07,0,0,0,0,2.82059e+07,837391,0,1.36711e+07
1.44178e+07,0,0,0,0,2.82081e+07,837456,0,1.36711e+07
1.52553e+07,0,0,0,0,2.82103e+07,837522,0,1.36711e+07
1.60929e+07,0,0,0,0,2.82125e+07,837588,0,1.36711e+07
1.6973e+07,0,0,0,0,2.96441e+07,880081,0,1.36711e+07
1.78532e+07,0,0,0,0,2.96464e+07,880150,0,1.36711e+07
1.87334e+07,0,0,0,0,2.96488e+07,880219,0,1.36711e+07
1.96137e+07,0,0,0,0,2.96511e+07,880288,0,1.36711e+07
2.0494e+07,0,0,0,0,2.96534e+07,880358,0,1.36711e+07
2.13825e+07,0,0,0,0,2.99275e+07,888442,0,1.36711e+07
2.2271e+07,0,0,0,0,2.99298e+07,888512,0,1.36711e+07
2.31596e+07,0,0,0,0,2.99322e+07,888582,0,1.36711e+07
2.40482e+07,0,0,0,0,2.99345e+07,888652,0,1.36711e+07
2.49582e+07,0,0,0,0,3.06519e+07,909946,0,1.36711e+07
2.58682e+07,0,0,0,0,3.06543e+07,910018,0,1.36711e+07
2.67783e+07,0,0,0,0,3.06567e+07,910090,0,1.36711e+07
2.76884e+07,0,0,0,0,3.06591e+07,910161,0,1.36711e+07
2.74932e+07,0,0,0,0,3.18288e+07,-195180,0,1.36711e+07
2.7298e+07,0,0,0,0,3.18313e+07,-195196,0,1.36711e+07
2.71028e+07,0,0,0,0,3.18338e+07,-195211,0,1.36711e+07
2.69076e+07,0,0,0,0,3.18363e+07,-195226,0,1.36711e+07
2.67124e+07,0,0,0,0,3.18388e+07,-195242,0,1.36711e+07
2.7654e+07,0,0,0,0,3.17177e+07,941587,0,1.36711e+07
2.85956e+07,0,0,0,0,3.17202e+07,941661,0,1.36711e+07
2.95373e+07,0,0,0,0,3.17227e+07,941735,0,1.36711e+07
3.04792e+07,0,0,0,0,3.17252e+07,941809,0,1.36711e+07
3.13873e+07,0,0,0,0,3.05898e+07,908134,0,1.36711e+07
3.22955e+07,0,0,0,0,3.05922e+07,908206,0,1.36711e+07
3.32038e+07,0,0,0,0,3.05946e+07,908277,0,1.36711e+07
3.41121e+07,0,0,0,0,3.05971e+07,908349,0,1.36711e+07
3.49409e+07,0,0,0,0,2.79166e+07,828810,0,1.36711e+07
3.57698e+07,0,0,0,0,2.79188e+07,828875,0,1.36711e+07
3.65988e+07,0,0,0,0,2.7921e+07,828940,0,1.36711e+07
3.74278e+07,0,0,0,0,2.79232e+07,829006,0,1.36711e+07
3.82568e+07,0,0,0,0,2.79254e+07,829071,0,1.36711e+07
0,0,1.8732e+10,0,0,2.88161e+07,855511,1.86929e+10,1.36711e+07
855571,0,0,0,0,2.88181e+07,855571,0,1.36711e+07
1.6519e+06,0,0,0,0,2.89124e+07,796333,0,1.36711e+07
2.44863e+06,0,0,0,0,2.89139e+07,796724,0,1.36711e+07
3.33751e+06,0,0,0,0,3.20072e+07,888878,0,1.36711e+07
3.71695e+06,0,0,0,0,3.13501e+07,379447,0,1.36711e+07
4.09643e+06,0,0,0,0,3.13523e+07,379474,0,1.36711e+07
4.47593e+06,0,0,0,0,3.13545e+07,379501,0,1.36711e+07
4.80469e+06,0,0,0,0,2.71604e+07,328758,0,1.36711e+07
5.13347e+06,0,0,0,0,2.71623e+07,328781,0,1.36711e+07
5.46227e+06,0,0,0,0,2.71642e+07,328805,0,1.36711e+07
5.7911e+06,0,0,0,0,2.71662e+07,328828,0,1.36711e+07
6.11995e+06,0,0,0,0,2.71681e+07,328851,0,1.36711e+07
6.46143e+06,0,0,0,0,2.82113e+07,341474,0,1.36711e+07
6.74006e+06,0,0,0,0,2.83111e+07,278639,0,1.36711e+07
7.01906e+06,0,0,0,0,2.83126e+07,278993,0,1.36711e+07
7.2984e+06,0,0,0,0,2.83141e+07,279346,0,1.36711e+07
7.57319e+06,0,0,0,0,2.79097e+07,274789,0,1.36711e+07
7.27426e+06,0,0,0,0,2.75159e+07,-298929,0,1.36711e+07
6.97565e+06,0,0,0,0,2.75174e+07,-298617,0,1.36711e+07
6.67734e+06,0,0,0,0,2.75188e+07,-298304,0,1.36711e+07
6.37086e+06,0,0,0,0,2.89041e+07,-306482,0,1.36711e+07
6.19493e+06,0,0,0,0,2.8703e+07,-175935,0,1.36711e+07
6.54878e+06,0,0,0,0,2.92348e+07,353856,0,1.36711e+07
6.37282e+06,0,0,0,0,2.87071e+07,-175960,0,1.36711e+07
6.19685e+06,0,0,0,0,2.87091e+07,-175972,0,1.36711e+07
6.0192e+06,0,0,0,0,2.89742e+07,-177649,0,1.36711e+07
5.84154e+06,0,0,0,0,2.89762e+07,-177661,0,1.36711e+07
5.66387e+06,0,0,0,0,2.89783e+07,-177674,0,1.36711e+07
5.48618e+06,0,0,0,0,2.89803e+07,-177686,0,1.36711e+07
5.30424e+06,0,0,0,0,2.96746e+07,-181944,0,1.36711e+07
5.67002e+06,0,0,0,0,3.02244e+07,365779,0,1.36711e+07
6.03582e+06,0,0,0,0,3.02265e+07,365805,0,1.36711e+07
6.40165e+06,0,0,0,0,3.02287e+07,365831,0,1.36711e+07
6.20573e+06,0,0,0,0,3.19504e+07,-195926,0,1.36711e+07
6.00979e+06,0,0,0,0,3.19526e+07,-195940,0,1.36711e+07
5.81383e+06,0,0,0,0,3.19549e+07,-195953,0,1.36711e+07
5.61787e+06,0,0,0,0,3.19571e+07,-195967,0,1.36711e+07
5.42188e+06,0,0,0,0,3.19594e+07,-195981,0,1.36711e+07
5.23363e+06,0,0,0,0,3.07042e+07,-188257,0,1.36711e+07
5.04536e+06,0,0,0,0,3.07064e+07,-188270,0,1.36711e+07
4.85707e+06,0,0,0,0,3.07085e+07,-188283,0,1.36711e+07
4.66878e+06,0,0,0,0,3.07107e+07,-188297,0,1.36711e+07
5.58032e+06,0,0,0,0,3.07045e+07,911538,0,1.36711e+07
6.49192e+06,0,0,0,0,3.07067e+07,911603,0,1.36711e+07
7.40359e+06,0,0,0,0,3.07088e+07,911667,0,1.36711e+07
8.31532e+06,0,0,0,0,3.0711e+07,911731,0,1.36711e+07
9.14721e+06,0,0,0,0,2.80204e+07,831890,0,1.36711e+07
9.97916e+06,0,0,0,0,2.80224e+07,831949,0,1.36711e+07
1.08112e+07,0,0,0,0,2.80243e+07,832008,0,1.36711e+07
1.16432e+07,0,0,0,0,2.80263e+07,832066,0,1.36711e+07
1.24754e+07,0,0,0,0,2.80283e+07,832125,0,1.36711e+07
0,0,1.81412e+10,0,0,2.8922e+07,858656,1.81278e+10,1.36711e+07
858710,0,0,0,0,2.89238e+07,858710,0,1.36711e+07
1.71747e+06,0,0,0,0,2.89256e+07,858764,0,1.36711e+07
2.53439e+06,0,0,0,0,2.89926e+07,816918,0,1.36711e+07
3.44375e+06,0,0,0,0,3.2097e+07,909363,0,1.36711e+07
4.39478e+06,0,0,0,0,3.20343e+07,951029,0,1.36711e+07
5.34587e+06,0,0,0,0,3.20363e+07,951089,0,1.36711e+07
6.29702e+06,0,0,0,0,3.20383e+07,951148,0,1.36711e+07
7.12095e+06,0,0,0,0,2.77525e+07,823933,0,1.36711e+07
7.71651e+06,0,0,0,0,2.81096e+07,595556,0,1.36711e+07
8.3124e+06,0,0,0,0,2.81109e+07,595890,0,1.36711e+07
9.13649e+06,0,0,0,0,2.77577e+07,824088,0,1.36711e+07
9.96063e+06,0,0,0,0,2.77595e+07,824140,0,1.36711e+07
1.08164e+07,0,0,0,0,2.88252e+07,855775,0,1.36711e+07
1.16722e+07,0,0,0,0,2.8827e+07,855828,0,1.36711e+07
1.25281e+07,0,0,0,0,2.88288e+07,855882,0,1.36711e+07
1.3384e+07,0,0,0,0,2.88306e+07,855936,0,1.36711e+07
1.42277e+07,0,0,0,0,2.84177e+07,843680,0,1.36711e+07
1.50715e+07,0,0,0,0,2.84195e+07,843733,0,1.36711e+07
1.59152e+07,0,0,0,0,2.84213e+07,843786,0,1.36711e+07
1.67591e+07,0,0,0,0,2.84231e+07,843838,0,1.36711e+07
1.76457e+07,0,0,0,0,2.98648e+07,886634,0,1.36711e+07
1.85324e+07,0,0,0,0,2.98667e+07,886689,0,1.36711e+07
1.94192e+07,0,0,0,0,2.98686e+07,886745,0,1.36711e+07
2.0306e+07,0,0,0,0,2.98704e+07,886801,0,1.36711e+07
2.11928e+07,0,0,0,0,2.98723e+07,886856,0,1.36711e+07
2.20878e+07,0,0,0,0,3.01479e+07,894987,0,1.36711e+07
2.29828e+07,0,0,0,0,3.01498e+07,895043,0,1.36711e+07
2.38779e+07,0,0,0,0,3.01517e+07,895099,0,1.36711e+07
2.47731e+07,0,0,0,0,3.01536e+07,895155,0,1.36711e+07
2.56897e+07,0,0,0,0,3.08757e+07,916590,0,1.36711e+07
2.66063e+07,0,0,0,0,3.08776e+07,916648,0,1.36711e+07
2.7523e+07,0,0,0,0,3.08796e+07,916706,0,1.36711e+07
2.84398e+07,0,0,0,0,3.08815e+07,916763,0,1.36711e+07
2.82432e+07,0,0,0,0,3.20591e+07,-196593,0,1.36711e+07
2.80466e+07,0,0,0,0,3.20611e+07,-196605,0,1.36711e+07
2.785e+07,0,0,0,0,3.20632e+07,-196617,0,1.36711e+07
2.76534e+07,0,0,0,0,3.20652e+07,-196630,0,1.36711e+07
2.74567e+07,0,0,0,0,3.20672e+07,-196642,0,1.36711e+07
2.72678e+07,0,0,0,0,3.08075e+07,-188890,0,1.36711e+07
2.70789e+07,0,0,0,0,3.08094e+07,-188902,0,1.36711e+07
2.689e+07,0,0,0,0,3.08114e+07,-188914,0,1.36711e+07
2.67011e+07,0,0,0,0,3.08133e+07,-188926,0,1.36711e+07
2.76157e+07,0,0,0,0,3.08068e+07,914576,0,1.36711e+07
2.85303e+07,0,0,0,0,3.08087e+07,914633,0,1.36711e+07
2.9445e+07,0,0,0,0,3.08107e+07,914691,0,1.36711e+07
3.03597e+07,0,0,0,0,3.08126e+07,914748,0,1.36711e+07
3.11944e+07,0,0,0,0,2.81129e+07,834636,0,1.36711e+07
3.20291e+07,0,0,0,0,2.81146e+07,834688,0,1.36711e+07
3.28638e+07,0,0,0,0,2.81164e+07,834740,0,1.36711e+07
3.36986e+07,0,0,0,0,2.81182e+07,834793,0,1.36711e+07
3.45334e+07,0,0,0,0,2.81199e+07,834845,0,1.36711e+07
0,0,1.87886e+10,0,0,2.81199e+07,834845,1.87532e+10,1.36711e+07
861456,0,0,0,0,2.90163e+07,861456,0,1.36711e+07
1.72296e+06,0,0,0,0,2.90179e+07,861503,0,1.36711e+07
2.58451e+06,0,0,0,0,2.90195e+07,861550,0,1.36711e+07
3.44611e+06,0,0,0,0,2.90211e+07,861598,0,1.36711e+07
4.40015e+06,0,0,0,0,3.21357e+07,954040,0,1.36711e+07
5.35424e+06,0,0,0,0,3.21375e+07,954092,0,1.36711e+07
6.30838e+06,0,0,0,0,3.21392e+07,954145,0,1.36711e+07
7.26258e+06,0,0,0,0,3.2141e+07,954197,0,1.36711e+07
8.08915e+06,0,0,0,0,2.78412e+07,826568,0,1.36711e+07
8.91576e+06,0,0,0,0,2.78427e+07,826613,0,1.36711e+07
9.74242e+06,0,0,0,0,2.78443e+07,826658,0,1.36711e+07
1.05691e+07,0,0,0,0,2.78458e+07,826704,0,1.36711e+07
1.13959e+07,0,0,0,0,2.78473e+07,826749,0,1.36711e+07
1.22544e+07,0,0,0,0,2.89162e+07,858477,0,1.36711e+07
1.31129e+07,0,0,0,0,2.89178e+07,858524,0,1.36711e+07
1.39714e+07,0,0,0,0,2.89194e+07,858571,0,1.36711e+07
1.48301e+07,0,0,0,0,2.89209e+07,858618,0,1.36711e+07
1.56764e+07,0,0,0,0,2.85065e+07,846317,0,1.36711e+07
1.65227e+07,0,0,0,0,2.85081e+07,846364,0,1.36711e+07
1.73692e+07,0,0,0,0,2.85097e+07,846410,0,1.36711e+07
1.82156e+07,0,0,0,0,2.85112e+07,846456,0,1.36711e+07
1.9105e+07,0,0,0,0,2.99572e+07,889378,0,1.36711e+07
1.99944e+07,0,0,0,0,2.99589e+07,889426,0,1.36711e+07
2.08839e+07,0,0,0,0,2.99605e+07,889475,0,1.36711e+07
2.17734e+07,0,0,0,0,2.99622e+07,889524,0,1.36711e+07
2.2663e+07,0,0,0,0,2.99638e+07,889573,0,1.36711e+07
2.35607e+07,0,0,0,0,3.024e+07,897721,0,1.36711e+07
2.44585e+07,0,0,0,0,3.02417e+07,897770,0,1.36711e+07
2.53563e+07,0,0,0,0,3.02433e+07,897819,0,1.36711e+07
2.62542e+07,0,0,0,0,3.0245e+07,897869,0,1.36711e+07
2.71735e+07,0,0,0,0,3.0969e+07,919362,0,1.36711e+07
2.80929e+07,0,0,0,0,3.09707e+07,919412,0,1.36711e+07
2.90124e+07,0,0,0,0,3.09724e+07,919463,0,1.36711e+07
2.99319e+07,0,0,0,0,3.09741e+07,919513,0,1.36711e+07
2.97347e+07,0,0,0,0,3.2155e+07,-197181,0,1.36711e+07
2.95375e+07,0,0,0,0,3.21568e+07,-197192,0,1.36711e+07
2.93403e+07,0,0,0,0,3.21586e+07,-197203,0,1.36711e+07
2.91431e+07,0,0,0,0,3.21603e+07,-197213,0,1.36711e+07
2.89459e+07,0,0,0,0,3.21621e+07,-197224,0,1.36711e+07
2.87565e+07,0,0,0,0,3.08984e+07,-189448,0,1.36711e+07
2.8567e+07,0,0,0,0,3.09001e+07,-189458,0,1.36711e+07
2.83775e+07,0,0,0,0,3.09018e+07,-189469,0,1.36711e+07
2.8188e+07,0,0,0,0,3.09035e+07,-189479,0,1.36711e+07
2.91053e+07,0,0,0,0,3.08968e+07,917247,0,1.36711e+07
3.00226e+07,0,0,0,0,3.08985e+07,917297,0,1.36711e+07
3.09399e+07,0,0,0,0,3.09002e+07,917348,0,1.36711e+07
3.18573e+07,0,0,0,0,3.09019e+07,917398,0,1.36711e+07
3.26944e+07,0,0,0,0,2.81941e+07,837047,0,1.36711e+07
3.35315e+07,0,0,0,0,2.81956e+07,837093,0,1.36711e+07
3.43686e+07,0,0,0,0,2.81972e+07,837139,0,1.36711e+07
3.50437e+07,0,0,0,0,2.84509e+07,675122,0,1.36711e+07
0,0,1.88379e+10,0,0,2.82003e+07,837231,1.88021e+10,1.36711e+07
863910,0,0,0,0,2.9099e+07,863910,0,1.36711e+07
1.72786e+06,0,0,0,0,2.91003e+07,863951,0,1.36711e+07
2.59185e+06,0,0,0,0,2.91017e+07,863992,0,1.36711e+07
3.45589e+06,0,0,0,0,2.91031e+07,864033,0,1.36711e+07
4.41262e+06,0,0,0,0,3.22263e+07,956729,0,1.36711e+07
5.36939e+06,0,0,0,0,3.22278e+07,956774,0,1.36711e+07
6.32621e+06,0,0,0,0,3.22293e+07,956819,0,1.36711e+07
7.28307e+06,0,0,0,0,3.22308e+07,956864,0,1.36711e+07
8.11194e+06,0,0,0,0,2.79188e+07,828872,0,1.36711e+07
8.94086e+06,0,0,0,0,2.79201e+07,828911,0,1.36711e+07
9.7698e+06,0,0,0,0,2.79215e+07,828950,0,1.36711e+07
1.05988e+07,0,0,0,0,2.79228e+07,828989,0,1.36711e+07
1.14278e+07,0,0,0,0,2.79241e+07,829028,0,1.36711e+07
1.22887e+07,0,0,0,0,2.89957e+07,860837,0,1.36711e+07
1.31495e+07,0,0,0,0,2.8997e+07,860877,0,1.36711e+07
1.40105e+07,0,0,0,0,2.89984e+07,860918,0,1.36711e+07
1.48714e+07,0,0,0,0,2.89998e+07,860958,0,1.36711e+07
1.572e+07,0,0,0,0,2.8584e+07,848617,0,1.36711e+07
1.65687e+07,0,0,0,0,2.85854e+07,848657,0,1.36711e+07
1.74174e+07,0,0,0,0,2.85867e+07,848697,0,1.36711e+07
1.82661e+07,0,0,0,0,2.8588e+07,848737,0,1.36711e+07
1.91579e+07,0,0,0,0,3.00377e+07,891767,0,1.36711e+07
2.00497e+07,0,0,0,0,3.00391e+07,891809,0,1.36711e+07
2.09415e+07,0,0,0,0,3.00406e+07,891851,0,1.36711e+07
2.18334e+07,0,0,0,0,3.0042e+07,891893,0,1.36711e+07
2.27254e+07,0,0,0,0,3.00434e+07,891935,0,1.36711e+07
2.36255e+07,0,0,0,0,3.03201e+07,900098,0,1.36711e+07
2.45256e+07,0,0,0,0,3.03215e+07,900140,0,1.36711e+07
2.54258e+07,0,0,0,0,3.03229e+07,900182,0,1.36711e+07
2.6326e+07,0,0,0,0,3.03244e+07,900225,0,1.36711e+07
2.72478e+07,0,0,0,0,3.10501e+07,921767,0,1.36711e+07
2.81696e+07,0,0,0,0,3.10515e+07,921811,0,1.36711e+07
2.90915e+07,0,0,0,0,3.1053e+07,921854,0,1.36711e+07
3.00133e+07,0,0,0,0,3.10545e+07,921898,0,1.36711e+07
2.98157e+07,0,0,0,0,3.22382e+07,-197691,0,1.36711e+07
2.9618e+07,0,0,0,0,3.22397e+07,-197700,0,1.36711e+07
2.94202e+07,0,0,0,0,3.22412e+07,-197709,0,1.36711e+07
2.92225e+07,0,0,0,0,3.22427e+07,-197719,0,1.36711e+07
2.90248e+07,0,0,0,0,3.22443e+07,-197728,0,1.36711e+07
2.88349e+07,0,0,0,0,3.09771e+07,-189930,0,1.36711e+07
2.86449e+07,0,0,0,0,3.09786e+07,-189939,0,1.36711e+07
2.8455e+07,0,0,0,0,3.09801e+07,-189948,0,1.36711e+07
2.8265e+07,0,0,0,0,3.09815e+07,-189957,0,1.36711e+07
2.91846e+07,0,0,0,0,3.09745e+07,919555,0,1.36711e+07
3.01042e+07,0,0,0,0,3.0976e+07,919598,0,1.36711e+07
3.10238e+07,0,0,0,0,3.09774e+07,919641,0,1.36711e+07
3.19435e+07,0,0,0,0,3.09789e+07,919685,0,1.36711e+07
3.27826e+07,0,0,0,0,2.82641e+07,839127,0,1.36711e+07
3.34706e+07,0,0,0,0,2.85008e+07,687934,0,1.36711e+07
3.41588e+07,0,0,0,0,2.85018e+07,688189,0,1.36711e+07
3.48472e+07,0,0,0,0,2.85028e+07,688444,0,1.36711e+07
0,0,1.88935e+10,0,0,2.85038e+07,688699,1.88579e+10,1.36711e+07
715653,0,0,0,0,2.94041e+07,715653,0,1.36711e+07
1.57938e+06,0,0,0,0,2.91749e+07,863727,0,1.36711e+07
2.44547e+06,0,0,0,0,2.91724e+07,866092,0,1.36711e+07
3.3116e+06,0,0,0,0,2.91736e+07,866126,0,1.36711e+07
4.27064e+06,0,0,0,0,3.23041e+07,959040,0,1.36711e+07
5.22972e+06,0,0,0,0,3.23054e+07,959077,0,1.36711e+07
6.18883e+06,0,0,0,0,3.23067e+07,959115,0,1.36711e+07
7.14798e+06,0,0,0,0,3.23079e+07,959153,0,1.36711e+07
7.97883e+06,0,0,0,0,2.79854e+07,830848,0,1.36711e+07
8.80971e+06,0,0,0,0,2.79865e+07,830881,0,1.36711e+07
9.64063e+06,0,0,0,0,2.79876e+07,830914,0,1.36711e+07
1.04716e+07,0,0,0,0,2.79887e+07,830946,0,1.36711e+07
1.13026e+07,0,0,0,0,2.79898e+07,830979,0,1.36711e+07
1.21654e+07,0,0,0,0,2.90637e+07,862856,0,1.36711e+07
1.30283e+07,0,0,0,0,2.90648e+07,862890,0,1.36711e+07
1.38912e+07,0,0,0,0,2.9066e+07,862924,0,1.36711e+07
1.47542e+07,0,0,0,0,2.90671e+07,862958,0,1.36711e+07
1.56048e+07,0,0,0,0,2.86502e+07,850581,0,1.36711e+07
1.64554e+07,0,0,0,0,2.86513e+07,850615,0,1.36711e+07
1.7306e+07,0,0,0,0,2.86524e+07,850649,0,1.36711e+07
1.81567e+07,0,0,0,0,2.86536e+07,850682,0,1.36711e+07
1.90505e+07,0,0,0,0,3.01063e+07,893804,0,1.36711e+07
1.99443e+07,0,0,0,0,3.01075e+07,893839,0,1.36711e+07
2.08382e+07,0,0,0,0,3.01087e+07,893874,0,1.36711e+07
2.17321e+07,0,0,0,0,3.01099e+07,893909,0,1.36711e+07
2.26261e+07,0,0,0,0,3.01111e+07,893945,0,1.36711e+07
2.35282e+07,0,0,0,0,3.03882e+07,902119,0,1.36711e+07
2.44304e+07,0,0,0,0,3.03894e+07,902154,0,1.36711e+07
2.53325e+07,0,0,0,0,3.03906e+07,902190,0,1.36711e+07
2.62348e+07,0,0,0,0,3.03918e+07,902226,0,1.36711e+07
2.71586e+07,0,0,0,0,3.11189e+07,923809,0,1.36711e+07
2.80824e+07,0,0,0,0,3.11201e+07,923845,0,1.36711e+07
2.90063e+07,0,0,0,0,3.11213e+07,923882,0,1.36711e+07
2.99302e+07,0,0,0,0,3.11225e+07,923918,0,1.36711e+07
2.97321e+07,0,0,0,0,3.23086e+07,-198122,0,1.36711e+07
2.9534e+07,0,0,0,0,3.23099e+07,-198130,0,1.36711e+07
2.93358e+07,0,0,0,0,3.23111e+07,-198138,0,1.36711e+07
2.91377e+07,0,0,0,0,3.23124e+07,-198146,0,1.36711e+07
2.89395e+07,0,0,0,0,3.23137e+07,-198154,0,1.36711e+07
2.87492e+07,0,0,0,0,3.10436e+07,-190338,0,1.36711e+07
2.85588e+07,0,0,0,0,3.10448e+07,-190345,0,1.36711e+07
2.83685e+07,0,0,0,0,3.1046e+07,-190353,0,1.36711e+07
2.81781e+07,0,0,0,0,3.10473e+07,-190360,0,1.36711e+07
2.90996e+07,0,0,0,0,3.104e+07,921499,0,1.36711e+07
3.00212e+07,0,0,0,0,3.10412e+07,921535,0,1.36711e+07
3.09427e+07,0,0,0,0,3.10425e+07,921572,0,1.36711e+07
3.18643e+07,0,0,0,0,3.10437e+07,921608,0,1.36711e+07
3.27052e+07,0,0,0,0,2.8323e+07,840875,0,1.36711e+07
3.35461e+07,0,0,0,0,2.83241e+07,840908,0,1.36711e+07
3.43871e+07,0,0,0,0,2.83253e+07,840942,0,1.36711e+07
3.5228e+07,0,0,0,0,2.83264e+07,840975,0,1.36711e+07
3.60691e+07,0,0,0,0,2.83275e+07,841008,0,1.36711e+07
0,0,1.92759e+10,0,0,2.92298e+07,867795,1.9239e+10,1.36711e+07
867822,0,0,0,0,2.92307e+07,867822,0,1.36711e+07
1.73567e+06,0,0,0,0,2.92317e+07,867850,0,1.36711e+07
2.60355e+06,0,0,0,0,2.92326e+07,867877,0,1.36711e+07
2.41219e+06,0,0,0,0,3.12168e+07,-191356,0,1.36711e+07
2.22083e+06,0,0,0,0,3.12178e+07,-191362,0,1.36711e+07
2.02946e+06,0,0,0,0,3.12188e+07,-191368,0,1.36711e+07
1.83809e+06,0,0,0,0,3.12198e+07,-191374,0,1.36711e+07
2.67059e+06,0,0,0,0,2.80409e+07,832495,0,1.36711e+07
3.50311e+06,0,0,0,0,2.80418e+07,832522,0,1.36711e+07
4.33566e+06,0,0,0,0,2.80427e+07,832548,0,1.36711e+07
5.16823e+06,0,0,0,0,2.80435e+07,832575,0,1.36711e+07
6.00083e+06,0,0,0,0,2.80444e+07,832601,0,1.36711e+07
6.86536e+06,0,0,0,0,2.91202e+07,864533,0,1.36711e+07
7.72992e+06,0,0,0,0,2.91211e+07,864561,0,1.36711e+07
8.59451e+06,0,0,0,0,2.9122e+07,864588,0,1.36711e+07
9.45913e+06,0,0,0,0,2.91229e+07,864615,0,1.36711e+07
1.03113e+07,0,0,0,0,2.8705e+07,852208,0,1.36711e+07
1.11636e+07,0,0,0,0,2.87059e+07,852235,0,1.36711e+07
1.20158e+07,0,0,0,0,2.87068e+07,852262,0,1.36711e+07
1.28681e+07,0,0,0,0,2.87077e+07,852289,0,1.36711e+07
1.37636e+07,0,0,0,0,3.0163e+07,895485,0,1.36711e+07
1.46591e+07,0,0,0,0,3.01639e+07,895514,0,1.36711e+07
1.55547e+07,0,0,0,0,3.01649e+07,895542,0,1.36711e+07
1.64502e+07,0,0,0,0,3.01658e+07,895570,0,1.36711e+07
1.73458e+07,0,0,0,0,3.01668e+07,895599,0,1.36711e+07
1.82496e+07,0,0,0,0,3.04442e+07,903781,0,1.36711e+07
1.91534e+07,0,0,0,0,3.04451e+07,903810,0,1.36711e+07
2.00573e+07,0,0,0,0,3.04461e+07,903838,0,1.36711e+07
2.09611e+07,0,0,0,0,3.04471e+07,903867,0,1.36711e+07
2.18866e+07,0,0,0,0,3.11752e+07,925482,0,1.36711e+07
2.28121e+07,0,0,0,0,3.11762e+07,925512,0,1.36711e+07
2.37377e+07,0,0,0,0,3.11772e+07,925541,0,1.36711e+07
2.46632e+07,0,0,0,0,3.11782e+07,925570,0,1.36711e+07
2.44648e+07,0,0,0,0,3.23661e+07,-198475,0,1.36711e+07
2.42663e+07,0,0,0,0,3.23671e+07,-198481,0,1.36711e+07
2.40678e+07,0,0,0,0,3.23682e+07,-198488,0,1.36711e+07
2.38693e+07,0,0,0,0,3.23692e+07,-198494,0,1.36711e+07
2.36708e+07,0,0,0,0,3.23702e+07,-198500,0,1.36711e+07
2.34801e+07,0,0,0,0,3.10977e+07,-190669,0,1.36711e+07
2.32895e+07,0,0,0,0,3.10986e+07,-190675,0,1.36711e+07
2.30988e+07,0,0,0,0,3.10996e+07,-190681,0,1.36711e+07
2.29081e+07,0,0,0,0,3.11006e+07,-190687,0,1.36711e+07
2.38312e+07,0,0,0,0,3.10931e+07,923075,0,1.36711e+07
2.47543e+07,0,0,0,0,3.10941e+07,923104,0,1.36711e+07
2.56774e+07,0,0,0,0,3.10951e+07,923133,0,1.36711e+07
2.66006e+07,0,0,0,0,3.10961e+07,923163,0,1.36711e+07
2.74428e+07,0,0,0,0,2.83706e+07,842287,0,1.36711e+07
2.81511e+07,0,0,0,0,2.858e+07,708299,0,1.36711e+07
2.88596e+07,0,0,0,0,2.85807e+07,708471,0,1.36711e+07
2.95683e+07,0,0,0,0,2.85813e+07,708643,0,1.36711e+07
3.02771e+07,0,0,0,0,2.8582e+07,708815,0,1.36711e+07
0,0,1.89175e+10,0,0,2.94853e+07,735784,1.88865e+10,1.36711e+07
869239,0,0,0,0,2.92784e+07,869239,0,1.36711e+07
1.7385e+06,0,0,0,0,2.92791e+07,869260,0,1.36711e+07
2.60778e+06,0,0,0,0,2.92799e+07,869281,0,1.36711e+07
2.41612e+06,0,0,0,0,3.12671e+07,-191664,0,1.36711e+07
2.22445e+06,0,0,0,0,3.12678e+07,-191668,0,1.36711e+07
2.03277e+06,0,0,0,0,3.12686e+07,-191673,0,1.36711e+07
1.8411e+06,0,0,0,0,3.12693e+07,-191677,0,1.36711e+07
2.67491e+06,0,0,0,0,2.80851e+07,833809,0,1.36711e+07
3.50874e+06,0,0,0,0,2.80858e+07,833829,0,1.36711e+07
4.34259e+06,0,0,0,0,2.80865e+07,833849,0,1.36711e+07
5.17645e+06,0,0,0,0,2.80871e+07,833869,0,1.36711e+07
6.01034e+06,0,0,0,0,2.80878e+07,833889,0,1.36711e+07
6.87621e+06,0,0,0,0,2.9165e+07,865864,0,1.36711e+07
7.74209e+06,0,0,0,0,2.91657e+07,865885,0,1.36711e+07
8.608e+06,0,0,0,0,2.91664e+07,865905,0,1.36711e+07
9.47392e+06,0,0,0,0,2.91671e+07,865926,0,1.36711e+07
1.03274e+07,0,0,0,0,2.87483e+07,853494,0,1.36711e+07
1.11809e+07,0,0,0,0,2.8749e+07,853514,0,1.36711e+07
1.20345e+07,0,0,0,0,2.87496e+07,853535,0,1.36711e+07
1.2888e+07,0,0,0,0,2.87503e+07,853555,0,1.36711e+07
1.37848e+07,0,0,0,0,3.02075e+07,896808,0,1.36711e+07
1.46817e+07,0,0,0,0,3.02083e+07,896830,0,1.36711e+07
1.55785e+07,0,0,0,0,3.0209e+07,896851,0,1.36711e+07
1.64754e+07,0,0,0,0,3.02097e+07,896872,0,1.36711e+07
1.73723e+07,0,0,0,0,3.02104e+07,896894,0,1.36711e+07
1.82774e+07,0,0,0,0,3.0488e+07,905081,0,1.36711e+07
1.91825e+07,0,0,0,0,3.04887e+07,905103,0,1.36711e+07
2.00876e+07,0,0,0,0,3.04894e+07,905124,0,1.36711e+07
2.09927e+07,0,0,0,0,3.04901e+07,905146,0,1.36711e+07
2.19195e+07,0,0,0,0,3.12191e+07,926785,0,1.36711e+07
2.28463e+07,0,0,0,0,3.12198e+07,926807,0,1.36711e+07
2.37731e+07,0,0,0,0,3.12206e+07,926829,0,1.36711e+07
2.47e+07,0,0,0,0,3.12213e+07,926851,0,1.36711e+07
2.45013e+07,0,0,0,0,3.24106e+07,-198748,0,1.36711e+07
2.43025e+07,0,0,0,0,3.24114e+07,-198753,0,1.36711e+07
2.41037e+07,0,0,0,0,3.24122e+07,-198758,0,1.36711e+07
2.3905e+07,0,0,0,0,3.2413e+07,-198763,0,1.36711e+07
2.37062e+07,0,0,0,0,3.24137e+07,-198767,0,1.36711e+07
2.35153e+07,0,0,0,0,3.11392e+07,-190924,0,1.36711e+07
2.33244e+07,0,0,0,0,3.114e+07,-190929,0,1.36711e+07
2.31334e+07,0,0,0,0,3.11407e+07,-190933,0,1.36711e+07
2.29425e+07,0,0,0,0,3.11415e+07,-190938,0,1.36711e+07
2.38668e+07,0,0,0,0,3.11337e+07,924281,0,1.36711e+07
2.47911e+07,0,0,0,0,3.11345e+07,924303,0,1.36711e+07
2.57154e+07,0,0,0,0,3.11352e+07,924325,0,1.36711e+07
2.66397e+07,0,0,0,0,3.11359e+07,924347,0,1.36711e+07
2.74831e+07,0,0,0,0,2.84068e+07,843361,0,1.36711e+07
2.81983e+07,0,0,0,0,2.86068e+07,715217,0,1.36711e+07
2.89137e+07,0,0,0,0,2.86074e+07,715347,0,1.36711e+07
2.96291e+07,0,0,0,0,2.86079e+07,715477,0,1.36711e+07
3.03448e+07,0,0,0,0,2.86084e+07,715607,0,1.36711e+07
0,0,1.92852e+10,0,0,2.95127e+07,742568,1.92541e+10,1.36711e+07
870307,0,0,0,0,2.93144e+07,870307,0,1.36711e+07
1.74063e+06,0,0,0,0,2.93149e+07,870321,0,1.36711e+07
2.61096e+06,0,0,0,0,2.93154e+07,870335,0,1.36711e+07
2.41907e+06,0,0,0,0,3.13048e+07,-191895,0,1.36711e+07
2.22717e+06,0,0,0,0,3.13053e+07,-191898,0,1.36711e+07
2.03527e+06,0,0,0,0,3.13058e+07,-191901,0,1.36711e+07
1.84337e+06,0,0,0,0,3.13063e+07,-191904,0,1.36711e+07
2.67815e+06,0,0,0,0,2.81181e+07,834789,0,1.36711e+07
3.51296e+06,0,0,0,0,2.81186e+07,834802,0,1.36711e+07
4.34777e+06,0,0,0,0,2.8119e+07,834816,0,1.36711e+07
5.1826e+06,0,0,0,0,2.81195e+07,834829,0,1.36711e+07
6.01745e+06,0,0,0,0,2.812e+07,834843,0,1.36711e+07
6.88429e+06,0,0,0,0,2.91981e+07,866848,0,1.36711e+07
7.75116e+06,0,0,0,0,2.91986e+07,866862,0,1.36711e+07
8.61803e+06,0,0,0,0,2.91991e+07,866876,0,1.36711e+07
9.48492e+06,0,0,0,0,2.91996e+07,866890,0,1.36711e+07
1.03394e+07,0,0,0,0,2.87801e+07,854437,0,1.36711e+07
1.11938e+07,0,0,0,0,2.87805e+07,854451,0,1.36711e+07
1.20483e+07,0,0,0,0,2.8781e+07,854465,0,1.36711e+07
1.29028e+07,0,0,0,0,2.87815e+07,854479,0,1.36711e+07
1.38005e+07,0,0,0,0,3.024e+07,897772,0,1.36711e+07
1.46983e+07,0,0,0,0,3.02405e+07,897787,0,1.36711e+07
1.55961e+07,0,0,0,0,3.0241e+07,897801,0,1.36711e+07
1.64939e+07,0,0,0,0,3.02415e+07,897816,0,1.36711e+07
1.73918e+07,0,0,0,0,3.0242e+07,897830,0,1.36711e+07
1.82978e+07,0,0,0,0,3.05196e+07,906019,0,1.36711e+07
1.92038e+07,0,0,0,0,3.052e+07,906034,0,1.36711e+07
2.01099e+07,0,0,0,0,3.05205e+07,906049,0,1.36711e+07
2.10159e+07,0,0,0,0,3.0521e+07,906063,0,1.36711e+07
2.19436e+07,0,0,0,0,3.12505e+07,927717,0,1.36711e+07
2.28714e+07,0,0,0,0,3.1251e+07,927732,0,1.36711e+07
2.37991e+07,0,0,0,0,3.12515e+07,927747,0,1.36711e+07
2.47269e+07,0,0,0,0,3.1252e+07,927762,0,1.36711e+07
2.45279e+07,0,0,0,0,3.24422e+07,-198942,0,1.36711e+07
2.4329e+07,0,0,0,0,3.24428e+07,-198945,0,1.36711e+07
2.413e+07,0,0,0,0,3.24433e+07,-198949,0,1.36711e+07
2.39311e+07,0,0,0,0,3.24438e+07,-198952,0,1.36711e+07
2.37321e+07,0,0,0,0,3.24444e+07,-198955,0,1.36711e+07
2.3541e+07,0,0,0,0,3.11684e+07,-191103,0,1.36711e+07
2.33499e+07,0,0,0,0,3.11689e+07,-191106,0,1.36711e+07
2.31588e+07,0,0,0,0,3.11694e+07,-191109,0,1.36711e+07
2.29677e+07,0,0,0,0,3.11699e+07,-191112,0,1.36711e+07
2.38928e+07,0,0,0,0,3.11619e+07,925118,0,1.36711e+07
2.4818e+07,0,0,0,0,3.11624e+07,925133,0,1.36711e+07
2.57431e+07,0,0,0,0,3.11629e+07,925148,0,1.36711e+07
2.66683e+07,0,0,0,0,3.11634e+07,925163,0,1.36711e+07
2.75124e+07,0,0,0,0,2.84316e+07,844099,0,1.36711e+07
2.82323e+07,0,0,0,0,2.86252e+07,719970,0,1.36711e+07
2.90765e+07,0,0,0,0,2.84326e+07,844127,0,1.36711e+07
2.99206e+07,0,0,0,0,2.8433e+07,844140,0,1.36711e+07
3.07648e+07,0,0,0,0,2.84335e+07,844154,0,1.36711e+07
0,0,1.92976e+10,0,0,2.84335e+07,844154,1.9266e+10,1.36711e+07
871021,0,0,0,0,2.93385e+07,871021,0,1.36711e+07
1.74205e+06,0,0,0,0,2.93387e+07,871029,0,1.36711e+07
2.61309e+06,0,0,0,0,2.9339e+07,871036,0,1.36711e+07
3.48413e+06,0,0,0,0,2.93392e+07,871044,0,1.36711e+07
3.29208e+06,0,0,0,0,3.133e+07,-192049,0,1.36711e+07
3.10003e+06,0,0,0,0,3.13303e+07,-192051,0,1.36711e+07
2.90798e+06,0,0,0,0,3.13306e+07,-192053,0,1.36711e+07
2.71592e+06,0,0,0,0,3.13308e+07,-192054,0,1.36711e+07
3.55136e+06,0,0,0,0,2.814e+07,835437,0,1.36711e+07
4.3868e+06,0,0,0,0,2.81402e+07,835444,0,1.36711e+07
5.22225e+06,0,0,0,0,2.81404e+07,835451,0,1.36711e+07
6.05771e+06,0,0,0,0,2.81407e+07,835459,0,1.36711e+07
6.89318e+06,0,0,0,0,2.81409e+07,835466,0,1.36711e+07
7.76067e+06,0,0,0,0,2.92197e+07,867488,0,1.36711e+07
8.62816e+06,0,0,0,0,2.922e+07,867496,0,1.36711e+07
9.49567e+06,0,0,0,0,2.92202e+07,867503,0,1.36711e+07
1.03632e+07,0,0,0,0,2.92205e+07,867511,0,1.36711e+07
1.12182e+07,0,0,0,0,2.88004e+07,855043,0,1.36711e+07
1.20733e+07,0,0,0,0,2.88007e+07,855050,0,1.36711e+07
1.29283e+07,0,0,0,0,2.88009e+07,855057,0,1.36711e+07
1.37834e+07,0,0,0,0,2.88012e+07,855065,0,1.36711e+07
1.46818e+07,0,0,0,0,3.02605e+07,898381,0,1.36711e+07
1.55802e+07,0,0,0,0,3.02608e+07,898389,0,1.36711e+07
1.64786e+07,0,0,0,0,3.0261e+07,898397,0,1.36711e+07
1.7377e+07,0,0,0,0,3.02613e+07,898404,0,1.36711e+07
1.82754e+07,0,0,0,0,3.02616e+07,898412,0,1.36711e+07
1.9182e+07,0,0,0,0,3.05391e+07,906599,0,1.36711e+07
2.00886e+07,0,0,0,0,3.05394e+07,906607,0,1.36711e+07
2.09952e+07,0,0,0,0,3.05396e+07,906615,0,1.36711e+07
2.19018e+07,0,0,0,0,3.05399e+07,906623,0,1.36711e+07
2.28301e+07,0,0,0,0,3.12696e+07,928283,0,1.36711e+07
2.37584e+07,0,0,0,0,3.12698e+07,928291,0,1.36711e+07
2.46867e+07,0,0,0,0,3.12701e+07,928299,0,1.36711e+07
2.5615e+07,0,0,0,0,3.12704e+07,928307,0,1.36711e+07
2.54159e+07,0,0,0,0,3.24611e+07,-199057,0,1.36711e+07
2.52169e+07,0,0,0,0,3.24613e+07,-199059,0,1.36711e+07
2.50178e+07,0,0,0,0,3.24616e+07,-199061,0,1.36711e+07
2.48188e+07,0,0,0,0,3.24619e+07,-199063,0,1.36711e+07
2.46197e+07,0,0,0,0,3.24622e+07,-199064,0,1.36711e+07
2.44285e+07,0,0,0,0,3.11853e+07,-191207,0,1.36711e+07
2.42373e+07,0,0,0,0,3.11856e+07,-191208,0,1.36711e+07
2.40461e+07,0,0,0,0,3.11858e+07,-191210,0,1.36711e+07
2.38549e+07,0,0,0,0,3.11861e+07,-191212,0,1.36711e+07
2.47804e+07,0,0,0,0,3.11779e+07,925591,0,1.36711e+07
2.5706e+07,0,0,0,0,3.11781e+07,925599,0,1.36711e+07
2.66317e+07,0,0,0,0,3.11784e+07,925608,0,1.36711e+07
2.75573e+07,0,0,0,0,3.11787e+07,925616,0,1.36711e+07
2.84018e+07,0,0,0,0,2.84453e+07,844506,0,1.36711e+07
2.92463e+07,0,0,0,0,2.84456e+07,844513,0,1.36711e+07
3.00908e+07,0,0,0,0,2.84458e+07,844520,0,1.36711e+07
3.09353e+07,0,0,0,0,2.84461e+07,844528,0,1.36711e+07
0,0,1.9305e+10,0,0,2.84463e+07,844535,1.92733e+10,1.36711e+07
871408,0,0,0,0,2.93515e+07,871408,0,1.36711e+07
1.74282e+06,0,0,0,0,2.93515e+07,871409,0,1.36711e+07
2.61423e+06,0,0,0,0,2.93516e+07,871410,0,1.36711e+07
3.48564e+06,0,0,0,0,2.93516e+07,871411,0,1.36711e+07
3.29351e+06,0,0,0,0,3.1343e+07,-192129,0,1.36711e+07
3.10138e+06,0,0,0,0,3.1343e+07,-192129,0,1.36711e+07
2.90925e+06,0,0,0,0,3.13431e+07,-192129,0,1.36711e+07
2.71712e+06,0,0,0,0,3.13431e+07,-192130,0,1.36711e+07
3.55288e+06,0,0,0,0,2.81508e+07,835757,0,1.36711e+07
4.38864e+06,0,0,0,0,2.81508e+07,835758,0,1.36711e+07
5.2244e+06,0,0,0,0,2.81508e+07,835759,0,1.36711e+07
6.06016e+06,0,0,0,0,2.81509e+07,835760,0,1.36711e+07
6.89592e+06,0,0,0,0,2.81509e+07,835761,0,1.36711e+07
7.76371e+06,0,0,0,0,2.92298e+07,867789,0,1.36711e+07
8.6315e+06,0,0,0,0,2.92299e+07,867790,0,1.36711e+07
9.49929e+06,0,0,0,0,2.92299e+07,867791,0,1.36711e+07
1.03671e+07,0,0,0,0,2.92299e+07,867792,0,1.36711e+07
1.12224e+07,0,0,0,0,2.88095e+07,855313,0,1.36711e+07
1.20777e+07,0,0,0,0,2.88096e+07,855314,0,1.36711e+07
1.2933e+07,0,0,0,0,2.88096e+07,855315,0,1.36711e+07
1.37883e+07,0,0,0,0,2.88096e+07,855316,0,1.36711e+07
1.4687e+07,0,0,0,0,3.02692e+07,898638,0,1.36711e+07
1.55856e+07,0,0,0,0,3.02692e+07,898639,0,1.36711e+07
1.64843e+07,0,0,0,0,3.02692e+07,898640,0,1.36711e+07
1.73829e+07,0,0,0,0,3.02693e+07,898641,0,1.36711e+07
1.82815e+07,0,0,0,0,3.02693e+07,898642,0,1.36711e+07
1.91884e+07,0,0,0,0,3.05467e+07,906825,0,1.36711e+07
2.00952e+07,0,0,0,0,3.05467e+07,906826,0,1.36711e+07
2.1002e+07,0,0,0,0,3.05468e+07,906827,0,1.36711e+07
2.19088e+07,0,0,0,0,3.05468e+07,906828,0,1.36711e+07
2.28373e+07,0,0,0,0,3.12764e+07,928485,0,1.36711e+07
2.37658e+07,0,0,0,0,3.12764e+07,928486,0,1.36711e+07
2.46943e+07,0,0,0,0,3.12765e+07,928488,0,1.36711e+07
2.56228e+07,0,0,0,0,3.12765e+07,928489,0,1.36711e+07
2.54237e+07,0,0,0,0,3.24672e+07,-199095,0,1.36711e+07
2.52246e+07,0,0,0,0,3.24672e+07,-199095,0,1.36711e+07
2.50255e+07,0,0,0,0,3.24673e+07,-199095,0,1.36711e+07
2.48264e+07,0,0,0,0,3.24673e+07,-199096,0,1.36711e+07
2.46273e+07,0,0,0,0,3.24673e+07,-199096,0,1.36711e+07
2.44361e+07,0,0,0,0,3.119e+07,-191236,0,1.36711e+07
2.42448e+07,0,0,0,0,3.119e+07,-191236,0,1.36711e+07
2.40536e+07,0,0,0,0,3.11901e+07,-191236,0,1.36711e+07
2.38624e+07,0,0,0,0,3.11901e+07,-191236,0,1.36711e+07
2.47881e+07,0,0,0,0,3.11816e+07,925703,0,1.36711e+07
2.57138e+07,0,0,0,0,3.11817e+07,925704,0,1.36711e+07
2.66395e+07,0,0,0,0,3.11817e+07,925705,0,1.36711e+07
2.75652e+07,0,0,0,0,3.11817e+07,925707,0,1.36711e+07
2.84098e+07,0,0,0,0,2.84479e+07,844583,0,1.36711e+07
2.91328e+07,0,0,0,0,2.8637e+07,723072,0,1.36711e+07
2.98559e+07,0,0,0,0,2.8637e+07,723078,0,1.36711e+07
3.0579e+07,0,0,0,0,2.8637e+07,723085,0,1.36711e+07
0,0,1.9317e+10,0,0,2.86371e+07,723091,1.92857e+10,1.36711e+07
749964,0,0,0,0,2.95421e+07,749964,0,1.36711e+07
1.62141e+06,0,0,0,0,2.93529e+07,871449,0,1.36711e+07
2.49286e+06,0,0,0,0,2.93527e+07,871443,0,1.36711e+07
3.36429e+06,0,0,0,0,2.93525e+07,871438,0,1.36711e+07
3.17216e+06,0,0,0,0,3.13437e+07,-192133,0,1.36711e+07
2.98003e+06,0,0,0,0,3.13435e+07,-192132,0,1.36711e+07
2.7879e+06,0,0,0,0,3.13433e+07,-192131,0,1.36711e+07
2.59577e+06,0,0,0,0,3.13431e+07,-192130,0,1.36711e+07
3.43152e+06,0,0,0,0,2.81506e+07,835752,0,1.36711e+07
4.26727e+06,0,0,0,0,2.81504e+07,835747,0,1.36711e+07
5.10301e+06,0,0,0,0,2.81502e+07,835741,0,1.36711e+07
5.93874e+06,0,0,0,0,2.815e+07,835736,0,1.36711e+07
6.77447e+06,0,0,0,0,2.81499e+07,835731,0,1.36711e+07
7.64222e+06,0,0,0,0,2.92285e+07,867750,0,1.36711e+07
8.50997e+06,0,0,0,0,2.92283e+07,867745,0,1.36711e+07
9.37771e+06,0,0,0,0,2.92282e+07,867739,0,1.36711e+07
1.02454e+07,0,0,0,0,2.9228e+07,867734,0,1.36711e+07
1.11007e+07,0,0,0,0,2.88074e+07,855249,0,1.36711e+07
1.19559e+07,0,0,0,0,2.88072e+07,855244,0,1.36711e+07
1.28112e+07,0,0,0,0,2.8807e+07,855238,0,1.36711e+07
1.36664e+07,0,0,0,0,2.88069e+07,855233,0,1.36711e+07
1.4565e+07,0,0,0,0,3.0266e+07,898544,0,1.36711e+07
1.54635e+07,0,0,0,0,3.02658e+07,898538,0,1.36711e+07
1.6362e+07,0,0,0,0,3.02656e+07,898533,0,1.36711e+07
1.72605e+07,0,0,0,0,3.02654e+07,898527,0,1.36711e+07
1.81591e+07,0,0,0,0,3.02652e+07,898521,0,1.36711e+07
1.90658e+07,0,0,0,0,3.05423e+07,906696,0,1.36711e+07
1.99725e+07,0,0,0,0,3.05422e+07,906690,0,1.36711e+07
2.08791e+07,0,0,0,0,3.0542e+07,906684,0,1.36711e+07
2.17858e+07,0,0,0,0,3.05418e+07,906679,0,1.36711e+07
2.27141e+07,0,0,0,0,3.1271e+07,928326,0,1.36711e+07
2.36425e+07,0,0,0,0,3.12708e+07,928320,0,1.36711e+07
2.45708e+07,0,0,0,0,3.12706e+07,928314,0,1.36711e+07
2.54991e+07,0,0,0,0,3.12704e+07,928308,0,1.36711e+07
2.53e+07,0,0,0,0,3.24606e+07,-199055,0,1.36711e+07
2.5101e+07,0,0,0,0,3.24604e+07,-199054,0,1.36711e+07
2.49019e+07,0,0,0,0,3.24602e+07,-199052,0,1.36711e+07
2.47029e+07,0,0,0,0,3.246e+07,-199051,0,1.36711e+07
2.45038e+07,0,0,0,0,3.24598e+07,-199050,0,1.36711e+07
2.43126e+07,0,0,0,0,3.11825e+07,-191190,0,1.36711e+07
2.41214e+07,0,0,0,0,3.11823e+07,-191189,0,1.36711e+07
2.39303e+07,0,0,0,0,3.11821e+07,-191187,0,1.36711e+07
2.37391e+07,0,0,0,0,3.1182e+07,-191186,0,1.36711e+07
2.46645e+07,0,0,0,0,3.11732e+07,925454,0,1.36711e+07
2.559e+07,0,0,0,0,3.1173e+07,925448,0,1.36711e+07
2.65154e+07,0,0,0,0,3.11728e+07,925442,0,1.36711e+07
2.74409e+07,0,0,0,0,3.11726e+07,925436,0,1.36711e+07
2.82852e+07,0,0,0,0,2.84394e+07,844330,0,1.36711e+07
2.90066e+07,0,0,0,0,2.86304e+07,721436,0,1.36711e+07
2.9728e+07,0,0,0,0,2.86303e+07,721401,0,1.36711e+07
3.05723e+07,0,0,0,0,2.84388e+07,844314,0,1.36711e+07
3.12937e+07,0,0,0,0,2.863e+07,721332,0,1.36711e+07
0,0,1.96693e+10,0,0,2.95345e+07,748155,1.96373e+10,1.36711e+07
871149,0,0,0,0,2.93428e+07,871149,0,1.36711e+07
1.74229e+06,0,0,0,0,2.93424e+07,871137,0,1.36711e+07
2.61341e+06,0,0,0,0,2.9342e+07,871125,0,1.36711e+07
2.42135e+06,0,0,0,0,3.13322e+07,-192063,0,1.36711e+07
2.22929e+06,0,0,0,0,3.13318e+07,-192060,0,1.36711e+07
2.03723e+06,0,0,0,0,3.13314e+07,-192058,0,1.36711e+07
1.84517e+06,0,0,0,0,3.13309e+07,-192055,0,1.36711e+07
2.68059e+06,0,0,0,0,2.81394e+07,835421,0,1.36711e+07
3.516e+06,0,0,0,0,2.8139e+07,835409,0,1.36711e+07
4.3514e+06,0,0,0,0,2.81386e+07,835398,0,1.36711e+07
5.18679e+06,0,0,0,0,2.81382e+07,835386,0,1.36711e+07
6.02216e+06,0,0,0,0,2.81379e+07,835374,0,1.36711e+07
6.88954e+06,0,0,0,0,2.92159e+07,867374,0,1.36711e+07
7.7569e+06,0,0,0,0,2.92155e+07,867362,0,1.36711e+07
8.62425e+06,0,0,0,0,2.9215e+07,867350,0,1.36711e+07
9.49159e+06,0,0,0,0,2.92146e+07,867338,0,1.36711e+07
1.03464e+07,0,0,0,0,2.87941e+07,854853,0,1.36711e+07
1.12013e+07,0,0,0,0,2.87937e+07,854841,0,1.36711e+07
1.20561e+07,0,0,0,0,2.87933e+07,854829,0,1.36711e+07
1.29109e+07,0,0,0,0,2.87929e+07,854818,0,1.36711e+07
1.3809e+07,0,0,0,0,3.02511e+07,898101,0,1.36711e+07
1.47071e+07,0,0,0,0,3.02507e+07,898089,0,1.36711e+07
1.56052e+07,0,0,0,0,3.02502e+07,898076,0,1.36711e+07
1.65033e+07,0,0,0,0,3.02498e+07,898064,0,1.36711e+07
1.74013e+07,0,0,0,0,3.02494e+07,898052,0,1.36711e+07
1.83075e+07,0,0,0,0,3.05262e+07,906215,0,1.36711e+07
1.92137e+07,0,0,0,0,3.05257e+07,906203,0,1.36711e+07
2.01199e+07,0,0,0,0,3.05253e+07,906190,0,1.36711e+07
2.10261e+07,0,0,0,0,3.05249e+07,906178,0,1.36711e+07
2.19539e+07,0,0,0,0,3.12535e+07,927806,0,1.36711e+07
2.28817e+07,0,0,0,0,3.12531e+07,927793,0,1.36711e+07
2.38095e+07,0,0,0,0,3.12526e+07,927780,0,1.36711e+07
2.47372e+07,0,0,0,0,3.12522e+07,927767,0,1.36711e+07
2.45383e+07,0,0,0,0,3.24415e+07,-198937,0,1.36711e+07
2.43394e+07,0,0,0,0,3.2441e+07,-198935,0,1.36711e+07
2.41404e+07,0,0,0,0,3.24406e+07,-198932,0,1.36711e+07
2.39415e+07,0,0,0,0,3.24401e+07,-198929,0,1.36711e+07
2.37426e+07,0,0,0,0,3.24397e+07,-198926,0,1.36711e+07
2.35515e+07,0,0,0,0,3.1163e+07,-191070,0,1.36711e+07
2.33604e+07,0,0,0,0,3.11626e+07,-191067,0,1.36711e+07
2.31694e+07,0,0,0,0,3.11621e+07,-191065,0,1.36711e+07
2.29783e+07,0,0,0,0,3.11617e+07,-191062,0,1.36711e+07
2.39032e+07,0,0,0,0,3.11528e+07,924846,0,1.36711e+07
2.4828e+07,0,0,0,0,3.11523e+07,924833,0,1.36711e+07
2.57528e+07,0,0,0,0,3.11519e+07,924820,0,1.36711e+07
2.66776e+07,0,0,0,0,3.11515e+07,924808,0,1.36711e+07
2.75214e+07,0,0,0,0,2.84199e+07,843750,0,1.36711e+07
2.82391e+07,0,0,0,0,2.86156e+07,717691,0,1.36711e+07
2.89567e+07,0,0,0,0,2.86153e+07,717616,0,1.36711e+07
2.96742e+07,0,0,0,0,2.8615e+07,717541,0,1.36711e+07
3.03917e+07,0,0,0,0,2.86147e+07,717466,0,1.36711e+07
