0cont_fund,0ins_pout,0ins_price,0infra_npv,0debt_serv,0gross_rev,0cont_contrib,0drought_cost,0water_price
615520,0,0,0,1.25761e-71,2.07325e+07,615520,0,1.33011e+07
1.23124e+06,0,0,0,0,2.07392e+07,615721,0,1.33011e+07
1.84716e+06,0,0,0,0,2.0746e+07,615922,0,1.33011e+07
2.46329e+06,0,0,0,0,2.07528e+07,616123,0,1.33011e+07
3.1457e+06,0,0,0,0,2.29863e+07,682413,0,1.33011e+07
3.82833e+06,0,0,0,0,2.29938e+07,682635,0,1.33011e+07
4.51119e+06,0,0,0,0,2.30013e+07,682858,0,1.33011e+07
5.19427e+06,0,0,0,0,2.30088e+07,683081,0,1.33011e+07
5.78615e+06,0,0,0,0,1.99361e+07,591875,0,1.33011e+07
6.37822e+06,0,0,0,0,1.99426e+07,592068,0,1.33011e+07
6.97048e+06,0,0,0,0,1.99491e+07,592261,0,1.33011e+07
7.56293e+06,0,0,0,0,1.99556e+07,592454,0,1.33011e+07
8.15558e+06,0,0,0,0,1.99621e+07,592647,0,1.33011e+07
8.77114e+06,0,0,0,0,2.07339e+07,615558,0,1.33011e+07
9.38689e+06,0,0,0,0,2.07407e+07,615758,0,1.33011e+07
1.00029e+07,0,0,0,0,2.07474e+07,615959,0,1.33011e+07
1.0619e+07,0,0,0,0,2.07542e+07,616160,0,1.33011e+07
1.12265e+07,0,0,0,0,2.04623e+07,607496,0,1.33011e+07
1.18342e+07,0,0,0,0,2.0469e+07,607694,0,1.33011e+07
1.24421e+07,0,0,0,0,2.04757e+07,607892,0,1.33011e+07
1.30502e+07,0,0,0,0,2.04823e+07,608090,0,1.33011e+07
1.36893e+07,0,0,0,0,2.1527e+07,639098,0,1.33011e+07
1.43286e+07,0,0,0,0,2.1534e+07,639306,0,1.33011e+07
1.49681e+07,0,0,0,0,2.1541e+07,639514,0,1.33011e+07
1.56078e+07,0,0,0,0,2.1548e+07,639722,0,1.33011e+07
1.62478e+07,0,0,0,0,2.1555e+07,639930,0,1.33011e+07
1.68937e+07,0,0,0,0,2.17596e+07,645967,0,1.33011e+07
1.75399e+07,0,0,0,0,2.17667e+07,646177,0,1.33011e+07
1.81863e+07,0,0,0,0,2.17738e+07,646387,0,1.33011e+07
1.88329e+07,0,0,0,0,2.17809e+07,646598,0,1.33011e+07
1.94951e+07,0,0,0,0,2.23083e+07,662255,0,1.33011e+07
2.01576e+07,0,0,0,0,2.23156e+07,662471,0,1.33011e+07
2.08203e+07,0,0,0,0,2.23228e+07,662686,0,1.33011e+07
2.14832e+07,0,0,0,0,2.23301e+07,662902,0,1.33011e+07
2.2197e+07,0,0,0,0,2.40437e+07,713751,0,1.33011e+07
2.29109e+07,0,0,0,0,2.40515e+07,713983,0,1.33011e+07
2.36251e+07,0,0,0,0,2.40593e+07,714216,0,1.33011e+07
2.43396e+07,0,0,0,0,2.40671e+07,714448,0,1.33011e+07
2.50543e+07,0,0,0,0,2.4075e+07,714680,0,1.33011e+07
2.57411e+07,0,0,0,0,2.31353e+07,686806,0,1.33011e+07
2.64281e+07,0,0,0,0,2.31428e+07,687029,0,1.33011e+07
2.71154e+07,0,0,0,0,2.31504e+07,687253,0,1.33011e+07
2.78028e+07,0,0,0,0,2.31579e+07,687476,0,1.33011e+07
2.84659e+07,0,0,0,0,2.23346e+07,663059,0,1.33011e+07
2.91292e+07,0,0,0,0,2.23419e+07,663274,0,1.33011e+07
2.97927e+07,0,0,0,0,2.23492e+07,663490,0,1.33011e+07
3.04564e+07,0,0,0,0,2.23564e+07,663706,0,1.33011e+07
3.10621e+07,0,0,0,0,2.0403e+07,605738,0,1.33011e+07
3.1668e+07,0,0,0,0,2.04096e+07,605935,0,1.33011e+07
3.22742e+07,0,0,0,0,2.04162e+07,606132,0,1.33011e+07
3.28805e+07,0,0,0,0,2.04229e+07,606329,0,1.33011e+07
0,0,1.19615e+10,0,0,2.04295e+07,606526,1.19281e+10,1.33011e+07
626022,0,0,0,1.25761e-71,2.10862e+07,626022,0,1.33011e+07
1.25224e+06,0,0,0,0,2.10928e+07,626219,0,1.33011e+07
1.87866e+06,0,0,0,0,2.10995e+07,626416,0,1.33011e+07
2.50527e+06,0,0,0,0,2.11061e+07,626613,0,1.33011e+07
3.19929e+06,0,0,0,0,2.33774e+07,694024,0,1.33011e+07
3.89354e+06,0,0,0,0,2.33847e+07,694243,0,1.33011e+07
4.588e+06,0,0,0,0,2.33921e+07,694461,0,1.33011e+07
5.28268e+06,0,0,0,0,2.33995e+07,694680,0,1.33011e+07
5.8846e+06,0,0,0,0,2.02744e+07,601919,0,1.33011e+07
6.4867e+06,0,0,0,0,2.02808e+07,602108,0,1.33011e+07
7.089e+06,0,0,0,0,2.02871e+07,602298,0,1.33011e+07
7.69149e+06,0,0,0,0,2.02935e+07,602487,0,1.33011e+07
8.29417e+06,0,0,0,0,2.02999e+07,602677,0,1.33011e+07
8.92013e+06,0,0,0,0,2.10846e+07,625968,0,1.33011e+07
9.5463e+06,0,0,0,0,2.10912e+07,626165,0,1.33011e+07
1.01727e+07,0,0,0,0,2.10978e+07,626362,0,1.33011e+07
1.07992e+07,0,0,0,0,2.11045e+07,626559,0,1.33011e+07
1.1417e+07,0,0,0,0,2.08075e+07,617743,0,1.33011e+07
1.20349e+07,0,0,0,0,2.0814e+07,617937,0,1.33011e+07
1.2653e+07,0,0,0,0,2.08206e+07,618131,0,1.33011e+07
1.32714e+07,0,0,0,0,2.08271e+07,618326,0,1.33011e+07
1.39212e+07,0,0,0,0,2.18891e+07,649848,0,1.33011e+07
1.45713e+07,0,0,0,0,2.1896e+07,650052,0,1.33011e+07
1.52215e+07,0,0,0,0,2.19028e+07,650257,0,1.33011e+07
1.5872e+07,0,0,0,0,2.19097e+07,650461,0,1.33011e+07
1.65226e+07,0,0,0,0,2.19166e+07,650666,0,1.33011e+07
1.71794e+07,0,0,0,0,2.21244e+07,656796,0,1.33011e+07
1.78364e+07,0,0,0,0,2.21313e+07,657002,0,1.33011e+07
1.84936e+07,0,0,0,0,2.21383e+07,657209,0,1.33011e+07
1.91511e+07,0,0,0,0,2.21452e+07,657415,0,1.33011e+07
1.98244e+07,0,0,0,0,2.26813e+07,673327,0,1.33011e+07
2.04979e+07,0,0,0,0,2.26884e+07,673539,0,1.33011e+07
2.11717e+07,0,0,0,0,2.26955e+07,673750,0,1.33011e+07
2.18456e+07,0,0,0,0,2.27027e+07,673962,0,1.33011e+07
2.25713e+07,0,0,0,0,2.44445e+07,725651,0,1.33011e+07
2.32972e+07,0,0,0,0,2.44522e+07,725879,0,1.33011e+07
2.40233e+07,0,0,0,0,2.44599e+07,726107,0,1.33011e+07
2.47496e+07,0,0,0,0,2.44676e+07,726336,0,1.33011e+07
2.54762e+07,0,0,0,0,2.44753e+07,726564,0,1.33011e+07
2.61744e+07,0,0,0,0,2.35197e+07,698218,0,1.33011e+07
2.68728e+07,0,0,0,0,2.35271e+07,698437,0,1.33011e+07
2.75715e+07,0,0,0,0,2.35345e+07,698657,0,1.33011e+07
2.82704e+07,0,0,0,0,2.35419e+07,698876,0,1.33011e+07
2.89444e+07,0,0,0,0,2.27047e+07,674046,0,1.33011e+07
2.96187e+07,0,0,0,0,2.27119e+07,674258,0,1.33011e+07
3.02931e+07,0,0,0,0,2.2719e+07,674469,0,1.33011e+07
3.09678e+07,0,0,0,0,2.27261e+07,674681,0,1.33011e+07
3.15836e+07,0,0,0,0,2.07401e+07,615748,0,1.33011e+07
3.21995e+07,0,0,0,0,2.07466e+07,615941,0,1.33011e+07
3.28156e+07,0,0,0,0,2.07531e+07,616135,0,1.33011e+07
3.3432e+07,0,0,0,0,2.07597e+07,616328,0,1.33011e+07
0,0,1.23828e+10,0,0,2.07662e+07,616521,1.23488e+10,1.33011e+07
636331,0,0,0,1.25761e-71,2.14334e+07,636331,0,1.33011e+07
1.27286e+06,0,0,0,0,2.144e+07,636524,0,1.33011e+07
1.90957e+06,0,0,0,0,2.14465e+07,636717,0,1.33011e+07
2.54648e+06,0,0,0,0,2.1453e+07,636911,0,1.33011e+07
3.2519e+06,0,0,0,0,2.37613e+07,705421,0,1.33011e+07
3.95754e+06,0,0,0,0,2.37685e+07,705635,0,1.33011e+07
4.66339e+06,0,0,0,0,2.37757e+07,705849,0,1.33011e+07
5.36945e+06,0,0,0,0,2.37829e+07,706063,0,1.33011e+07
5.98123e+06,0,0,0,0,2.06064e+07,611775,0,1.33011e+07
6.59319e+06,0,0,0,0,2.06126e+07,611961,0,1.33011e+07
7.20533e+06,0,0,0,0,2.06189e+07,612146,0,1.33011e+07
7.81767e+06,0,0,0,0,2.06251e+07,612332,0,1.33011e+07
8.43018e+06,0,0,0,0,2.06314e+07,612518,0,1.33011e+07
9.06637e+06,0,0,0,0,2.14286e+07,636182,0,1.33011e+07
9.70274e+06,0,0,0,0,2.14351e+07,636375,0,1.33011e+07
1.03393e+07,0,0,0,0,2.14416e+07,636568,0,1.33011e+07
1.09761e+07,0,0,0,0,2.14481e+07,636761,0,1.33011e+07
1.16039e+07,0,0,0,0,2.1146e+07,627794,0,1.33011e+07
1.22318e+07,0,0,0,0,2.11524e+07,627984,0,1.33011e+07
1.286e+07,0,0,0,0,2.11588e+07,628175,0,1.33011e+07
1.34884e+07,0,0,0,0,2.11652e+07,628365,0,1.33011e+07
1.41488e+07,0,0,0,0,2.22442e+07,660391,0,1.33011e+07
1.48094e+07,0,0,0,0,2.22509e+07,660591,0,1.33011e+07
1.54702e+07,0,0,0,0,2.22577e+07,660791,0,1.33011e+07
1.61312e+07,0,0,0,0,2.22644e+07,660992,0,1.33011e+07
1.67923e+07,0,0,0,0,2.22712e+07,661192,0,1.33011e+07
1.74598e+07,0,0,0,0,2.2482e+07,667414,0,1.33011e+07
1.81274e+07,0,0,0,0,2.24889e+07,667616,0,1.33011e+07
1.87952e+07,0,0,0,0,2.24957e+07,667818,0,1.33011e+07
1.94632e+07,0,0,0,0,2.25025e+07,668020,0,1.33011e+07
2.01474e+07,0,0,0,0,2.30469e+07,684181,0,1.33011e+07
2.08318e+07,0,0,0,0,2.30539e+07,684388,0,1.33011e+07
2.15164e+07,0,0,0,0,2.30609e+07,684595,0,1.33011e+07
2.22012e+07,0,0,0,0,2.30678e+07,684803,0,1.33011e+07
2.29385e+07,0,0,0,0,2.48374e+07,737315,0,1.33011e+07
2.3676e+07,0,0,0,0,2.4845e+07,737538,0,1.33011e+07
2.44138e+07,0,0,0,0,2.48525e+07,737762,0,1.33011e+07
2.51518e+07,0,0,0,0,2.486e+07,737985,0,1.33011e+07
2.589e+07,0,0,0,0,2.48675e+07,738209,0,1.33011e+07
2.65994e+07,0,0,0,0,2.38964e+07,709400,0,1.33011e+07
2.7309e+07,0,0,0,0,2.39036e+07,709615,0,1.33011e+07
2.80188e+07,0,0,0,0,2.39109e+07,709830,0,1.33011e+07
2.87289e+07,0,0,0,0,2.39181e+07,710045,0,1.33011e+07
2.94137e+07,0,0,0,0,2.30673e+07,684810,0,1.33011e+07
3.00987e+07,0,0,0,0,2.30743e+07,685017,0,1.33011e+07
3.07839e+07,0,0,0,0,2.30813e+07,685225,0,1.33011e+07
3.14694e+07,0,0,0,0,2.30883e+07,685432,0,1.33011e+07
3.20949e+07,0,0,0,0,2.10704e+07,625553,0,1.33011e+07
3.27207e+07,0,0,0,0,2.10767e+07,625742,0,1.33011e+07
3.33466e+07,0,0,0,0,2.10831e+07,625931,0,1.33011e+07
3.39727e+07,0,0,0,0,2.10895e+07,626121,0,1.33011e+07
0,0,1.25832e+10,0,0,2.10959e+07,626310,1.25486e+10,1.33011e+07
646427,0,0,0,1.25761e-71,2.17735e+07,646427,0,1.33011e+07
1.29304e+06,0,0,0,0,2.17799e+07,646615,0,1.33011e+07
1.93985e+06,0,0,0,0,2.17862e+07,646804,0,1.33011e+07
2.58684e+06,0,0,0,0,2.17926e+07,646993,0,1.33011e+07
3.30342e+06,0,0,0,0,2.41371e+07,716580,0,1.33011e+07
4.02021e+06,0,0,0,0,2.41442e+07,716789,0,1.33011e+07
4.73721e+06,0,0,0,0,2.41512e+07,716998,0,1.33011e+07
5.45442e+06,0,0,0,0,2.41583e+07,717208,0,1.33011e+07
6.07584e+06,0,0,0,0,2.09314e+07,621424,0,1.33011e+07
6.69744e+06,0,0,0,0,2.09375e+07,621606,0,1.33011e+07
7.31923e+06,0,0,0,0,2.09436e+07,621787,0,1.33011e+07
7.9412e+06,0,0,0,0,2.09497e+07,621968,0,1.33011e+07
8.56335e+06,0,0,0,0,2.09558e+07,622150,0,1.33011e+07
9.20953e+06,0,0,0,0,2.17653e+07,646179,0,1.33011e+07
9.8559e+06,0,0,0,0,2.17717e+07,646368,0,1.33011e+07
1.05025e+07,0,0,0,0,2.1778e+07,646556,0,1.33011e+07
1.11492e+07,0,0,0,0,2.17844e+07,646745,0,1.33011e+07
1.17868e+07,0,0,0,0,2.14773e+07,637630,0,1.33011e+07
1.24246e+07,0,0,0,0,2.14836e+07,637816,0,1.33011e+07
1.30626e+07,0,0,0,0,2.14898e+07,638002,0,1.33011e+07
1.37008e+07,0,0,0,0,2.14961e+07,638188,0,1.33011e+07
1.43715e+07,0,0,0,0,2.25917e+07,670707,0,1.33011e+07
1.50424e+07,0,0,0,0,2.25983e+07,670903,0,1.33011e+07
1.57135e+07,0,0,0,0,2.26049e+07,671098,0,1.33011e+07
1.63848e+07,0,0,0,0,2.26114e+07,671294,0,1.33011e+07
1.70563e+07,0,0,0,0,2.2618e+07,671490,0,1.33011e+07
1.77341e+07,0,0,0,0,2.28319e+07,677800,0,1.33011e+07
1.84121e+07,0,0,0,0,2.28386e+07,677998,0,1.33011e+07
1.90903e+07,0,0,0,0,2.28452e+07,678196,0,1.33011e+07
1.97687e+07,0,0,0,0,2.28519e+07,678393,0,1.33011e+07
2.04635e+07,0,0,0,0,2.34045e+07,694797,0,1.33011e+07
2.11585e+07,0,0,0,0,2.34113e+07,695000,0,1.33011e+07
2.18537e+07,0,0,0,0,2.34181e+07,695202,0,1.33011e+07
2.25491e+07,0,0,0,0,2.3425e+07,695405,0,1.33011e+07
2.32978e+07,0,0,0,0,2.52217e+07,748722,0,1.33011e+07
2.40468e+07,0,0,0,0,2.5229e+07,748940,0,1.33011e+07
2.47959e+07,0,0,0,0,2.52364e+07,749158,0,1.33011e+07
2.55453e+07,0,0,0,0,2.52437e+07,749376,0,1.33011e+07
2.62949e+07,0,0,0,0,2.52511e+07,749594,0,1.33011e+07
2.70152e+07,0,0,0,0,2.42647e+07,720334,0,1.33011e+07
2.77358e+07,0,0,0,0,2.42718e+07,720544,0,1.33011e+07
2.84565e+07,0,0,0,0,2.42788e+07,720754,0,1.33011e+07
2.91775e+07,0,0,0,0,2.42859e+07,720963,0,1.33011e+07
2.98728e+07,0,0,0,0,2.34218e+07,695333,0,1.33011e+07
3.05684e+07,0,0,0,0,2.34286e+07,695535,0,1.33011e+07
3.12641e+07,0,0,0,0,2.34354e+07,695738,0,1.33011e+07
3.196e+07,0,0,0,0,2.34422e+07,695940,0,1.33011e+07
3.25952e+07,0,0,0,0,2.13932e+07,635136,0,1.33011e+07
3.32305e+07,0,0,0,0,2.13994e+07,635321,0,1.33011e+07
3.3866e+07,0,0,0,0,2.14056e+07,635506,0,1.33011e+07
3.45017e+07,0,0,0,0,2.14118e+07,635691,0,1.33011e+07
0,0,1.27792e+10,0,0,2.14181e+07,635876,1.2744e+10,1.33011e+07
656292,0,0,0,1.25761e-71,2.21058e+07,656292,0,1.33011e+07
1.31277e+06,0,0,0,0,2.2112e+07,656477,0,1.33011e+07
1.96943e+06,0,0,0,0,2.21182e+07,656661,0,1.33011e+07
2.62627e+06,0,0,0,0,2.21244e+07,656845,0,1.33011e+07
3.35376e+06,0,0,0,0,2.45044e+07,727483,0,1.33011e+07
4.08145e+06,0,0,0,0,2.45113e+07,727687,0,1.33011e+07
4.80934e+06,0,0,0,0,2.45182e+07,727892,0,1.33011e+07
5.53743e+06,0,0,0,0,2.4525e+07,728096,0,1.33011e+07
6.16828e+06,0,0,0,0,2.12489e+07,630851,0,1.33011e+07
6.79931e+06,0,0,0,0,2.12549e+07,631028,0,1.33011e+07
7.43052e+06,0,0,0,0,2.12608e+07,631205,0,1.33011e+07
8.0619e+06,0,0,0,0,2.12668e+07,631382,0,1.33011e+07
8.69346e+06,0,0,0,0,2.12728e+07,631559,0,1.33011e+07
9.3494e+06,0,0,0,0,2.20942e+07,655944,0,1.33011e+07
1.00055e+07,0,0,0,0,2.21004e+07,656128,0,1.33011e+07
1.06618e+07,0,0,0,0,2.21066e+07,656312,0,1.33011e+07
1.13183e+07,0,0,0,0,2.21128e+07,656496,0,1.33011e+07
1.19656e+07,0,0,0,0,2.18009e+07,647236,0,1.33011e+07
1.2613e+07,0,0,0,0,2.1807e+07,647418,0,1.33011e+07
1.32606e+07,0,0,0,0,2.18131e+07,647599,0,1.33011e+07
1.39084e+07,0,0,0,0,2.18192e+07,647781,0,1.33011e+07
1.45892e+07,0,0,0,0,2.2931e+07,680781,0,1.33011e+07
1.52701e+07,0,0,0,0,2.29374e+07,680972,0,1.33011e+07
1.59513e+07,0,0,0,0,2.29439e+07,681163,0,1.33011e+07
1.66326e+07,0,0,0,0,2.29503e+07,681354,0,1.33011e+07
1.73142e+07,0,0,0,0,2.29567e+07,681545,0,1.33011e+07
1.80021e+07,0,0,0,0,2.31736e+07,687942,0,1.33011e+07
1.86903e+07,0,0,0,0,2.318e+07,688135,0,1.33011e+07
1.93786e+07,0,0,0,0,2.31865e+07,688328,0,1.33011e+07
2.00671e+07,0,0,0,0,2.3193e+07,688521,0,1.33011e+07
2.07723e+07,0,0,0,0,2.37536e+07,705161,0,1.33011e+07
2.14776e+07,0,0,0,0,2.37603e+07,705359,0,1.33011e+07
2.21832e+07,0,0,0,0,2.37669e+07,705556,0,1.33011e+07
2.28889e+07,0,0,0,0,2.37736e+07,705754,0,1.33011e+07
2.36488e+07,0,0,0,0,2.55967e+07,759856,0,1.33011e+07
2.44089e+07,0,0,0,0,2.56039e+07,760068,0,1.33011e+07
2.51691e+07,0,0,0,0,2.56111e+07,760281,0,1.33011e+07
2.59296e+07,0,0,0,0,2.56183e+07,760494,0,1.33011e+07
2.66903e+07,0,0,0,0,2.56254e+07,760707,0,1.33011e+07
2.74214e+07,0,0,0,0,2.46241e+07,731004,0,1.33011e+07
2.81526e+07,0,0,0,0,2.4631e+07,731209,0,1.33011e+07
2.8884e+07,0,0,0,0,2.46379e+07,731414,0,1.33011e+07
2.96156e+07,0,0,0,0,2.46448e+07,731619,0,1.33011e+07
3.03212e+07,0,0,0,0,2.37676e+07,705601,0,1.33011e+07
3.1027e+07,0,0,0,0,2.37743e+07,705799,0,1.33011e+07
3.1733e+07,0,0,0,0,2.3781e+07,705996,0,1.33011e+07
3.24392e+07,0,0,0,0,2.37876e+07,706194,0,1.33011e+07
3.30837e+07,0,0,0,0,2.17081e+07,644486,0,1.33011e+07
3.37283e+07,0,0,0,0,2.17142e+07,644667,0,1.33011e+07
3.43732e+07,0,0,0,0,2.17203e+07,644847,0,1.33011e+07
3.50182e+07,0,0,0,0,2.17263e+07,645027,0,1.33011e+07
3.56634e+07,0,0,0,0,2.17324e+07,645208,0,1.33011e+07
0,0,1.34694e+10,0,0,2.243e+07,665917,1.3433e+10,1.33011e+07
666096,0,0,0,1.25761e-71,2.2436e+07,666096,0,1.33011e+07
1.33237e+06,0,0,0,0,2.24421e+07,666276,0,1.33011e+07
1.99883e+06,0,0,0,0,2.24481e+07,666455,0,1.33011e+07
2.73695e+06,0,0,0,0,2.48626e+07,738119,0,1.33011e+07
3.47526e+06,0,0,0,0,2.48693e+07,738318,0,1.33011e+07
4.21378e+06,0,0,0,0,2.4876e+07,738516,0,1.33011e+07
4.95249e+06,0,0,0,0,2.48827e+07,738715,0,1.33011e+07
5.59254e+06,0,0,0,0,2.15586e+07,640045,0,1.33011e+07
6.23276e+06,0,0,0,0,2.15644e+07,640218,0,1.33011e+07
6.87315e+06,0,0,0,0,2.15702e+07,640390,0,1.33011e+07
7.51371e+06,0,0,0,0,2.1576e+07,640562,0,1.33011e+07
8.15445e+06,0,0,0,0,2.15818e+07,640735,0,1.33011e+07
8.81991e+06,0,0,0,0,2.2415e+07,665467,0,1.33011e+07
9.48556e+06,0,0,0,0,2.2421e+07,665646,0,1.33011e+07
1.01514e+07,0,0,0,0,2.24271e+07,665825,0,1.33011e+07
1.08174e+07,0,0,0,0,2.24331e+07,666005,0,1.33011e+07
1.1474e+07,0,0,0,0,2.21164e+07,656604,0,1.33011e+07
1.21308e+07,0,0,0,0,2.21224e+07,656780,0,1.33011e+07
1.27877e+07,0,0,0,0,2.21283e+07,656957,0,1.33011e+07
1.34449e+07,0,0,0,0,2.21343e+07,657134,0,1.33011e+07
1.41355e+07,0,0,0,0,2.32619e+07,690603,0,1.33011e+07
1.48263e+07,0,0,0,0,2.32681e+07,690789,0,1.33011e+07
1.55172e+07,0,0,0,0,2.32744e+07,690975,0,1.33011e+07
1.62084e+07,0,0,0,0,2.32806e+07,691161,0,1.33011e+07
1.68997e+07,0,0,0,0,2.32869e+07,691347,0,1.33011e+07
1.75976e+07,0,0,0,0,2.35066e+07,697829,0,1.33011e+07
1.82956e+07,0,0,0,0,2.35129e+07,698017,0,1.33011e+07
1.89938e+07,0,0,0,0,2.35192e+07,698204,0,1.33011e+07
1.96922e+07,0,0,0,0,2.35256e+07,698392,0,1.33011e+07
2.04074e+07,0,0,0,0,2.40939e+07,715263,0,1.33011e+07
2.11229e+07,0,0,0,0,2.41004e+07,715456,0,1.33011e+07
2.18385e+07,0,0,0,0,2.41069e+07,715648,0,1.33011e+07
2.25544e+07,0,0,0,0,2.41134e+07,715841,0,1.33011e+07
2.33251e+07,0,0,0,0,2.59623e+07,770707,0,1.33011e+07
2.4096e+07,0,0,0,0,2.59693e+07,770915,0,1.33011e+07
2.48671e+07,0,0,0,0,2.59763e+07,771122,0,1.33011e+07
2.56385e+07,0,0,0,0,2.59833e+07,771329,0,1.33011e+07
2.641e+07,0,0,0,0,2.59902e+07,771537,0,1.33011e+07
2.71514e+07,0,0,0,0,2.49744e+07,741403,0,1.33011e+07
2.7893e+07,0,0,0,0,2.49812e+07,741602,0,1.33011e+07
2.86348e+07,0,0,0,0,2.49879e+07,741802,0,1.33011e+07
2.93768e+07,0,0,0,0,2.49946e+07,742001,0,1.33011e+07
3.00924e+07,0,0,0,0,2.41047e+07,715607,0,1.33011e+07
3.08082e+07,0,0,0,0,2.41112e+07,715799,0,1.33011e+07
3.15242e+07,0,0,0,0,2.41176e+07,715992,0,1.33011e+07
3.22404e+07,0,0,0,0,2.41241e+07,716184,0,1.33011e+07
3.2894e+07,0,0,0,0,2.2015e+07,653596,0,1.33011e+07
3.35478e+07,0,0,0,0,2.20209e+07,653772,0,1.33011e+07
3.42017e+07,0,0,0,0,2.20268e+07,653948,0,1.33011e+07
3.48558e+07,0,0,0,0,2.20327e+07,654123,0,1.33011e+07
3.55101e+07,0,0,0,0,2.20386e+07,654299,0,1.33011e+07
0,0,1.34236e+10,0,0,2.20386e+07,654299,1.33875e+10,1.33011e+07
675292,0,0,0,1.25761e-71,2.27458e+07,675292,0,1.33011e+07
1.35076e+06,0,0,0,0,2.27517e+07,675467,0,1.33011e+07
2.0264e+06,0,0,0,0,2.27575e+07,675641,0,1.33011e+07
2.70222e+06,0,0,0,0,2.27634e+07,675816,0,1.33011e+07
3.45069e+06,0,0,0,0,2.52116e+07,748478,0,1.33011e+07
4.19937e+06,0,0,0,0,2.52181e+07,748671,0,1.33011e+07
4.94823e+06,0,0,0,0,2.52246e+07,748865,0,1.33011e+07
5.69729e+06,0,0,0,0,2.52311e+07,749058,0,1.33011e+07
6.34629e+06,0,0,0,0,2.18602e+07,649000,0,1.33011e+07
6.99546e+06,0,0,0,0,2.18659e+07,649167,0,1.33011e+07
7.64479e+06,0,0,0,0,2.18715e+07,649335,0,1.33011e+07
8.29429e+06,0,0,0,0,2.18772e+07,649503,0,1.33011e+07
8.94397e+06,0,0,0,0,2.18828e+07,649671,0,1.33011e+07
9.61871e+06,0,0,0,0,2.27273e+07,674740,0,1.33011e+07
1.02936e+07,0,0,0,0,2.27332e+07,674914,0,1.33011e+07
1.09687e+07,0,0,0,0,2.27391e+07,675089,0,1.33011e+07
1.1644e+07,0,0,0,0,2.2745e+07,675263,0,1.33011e+07
1.23097e+07,0,0,0,0,2.24236e+07,665724,0,1.33011e+07
1.29756e+07,0,0,0,0,2.24294e+07,665896,0,1.33011e+07
1.36417e+07,0,0,0,0,2.24352e+07,666068,0,1.33011e+07
1.43079e+07,0,0,0,0,2.2441e+07,666240,0,1.33011e+07
1.50081e+07,0,0,0,0,2.35839e+07,700165,0,1.33011e+07
1.57084e+07,0,0,0,0,2.359e+07,700346,0,1.33011e+07
1.64089e+07,0,0,0,0,2.35961e+07,700527,0,1.33011e+07
1.71096e+07,0,0,0,0,2.36022e+07,700708,0,1.33011e+07
1.78105e+07,0,0,0,0,2.36083e+07,700888,0,1.33011e+07
1.8518e+07,0,0,0,0,2.38308e+07,707452,0,1.33011e+07
1.92256e+07,0,0,0,0,2.38369e+07,707635,0,1.33011e+07
1.99334e+07,0,0,0,0,2.38431e+07,707817,0,1.33011e+07
2.06414e+07,0,0,0,0,2.38492e+07,708000,0,1.33011e+07
2.13665e+07,0,0,0,0,2.44251e+07,725095,0,1.33011e+07
2.20918e+07,0,0,0,0,2.44314e+07,725282,0,1.33011e+07
2.28173e+07,0,0,0,0,2.44377e+07,725470,0,1.33011e+07
2.35429e+07,0,0,0,0,2.4444e+07,725657,0,1.33011e+07
2.43242e+07,0,0,0,0,2.6318e+07,781267,0,1.33011e+07
2.51057e+07,0,0,0,0,2.63248e+07,781469,0,1.33011e+07
2.58873e+07,0,0,0,0,2.63316e+07,781670,0,1.33011e+07
2.66692e+07,0,0,0,0,2.63384e+07,781872,0,1.33011e+07
2.74513e+07,0,0,0,0,2.63452e+07,782074,0,1.33011e+07
2.82028e+07,0,0,0,0,2.53152e+07,751520,0,1.33011e+07
2.89545e+07,0,0,0,0,2.53218e+07,751714,0,1.33011e+07
2.97064e+07,0,0,0,0,2.53283e+07,751908,0,1.33011e+07
3.04585e+07,0,0,0,0,2.53348e+07,752102,0,1.33011e+07
3.11839e+07,0,0,0,0,2.44325e+07,725340,0,1.33011e+07
3.19094e+07,0,0,0,0,2.44388e+07,725527,0,1.33011e+07
3.26351e+07,0,0,0,0,2.44451e+07,725714,0,1.33011e+07
3.3361e+07,0,0,0,0,2.44514e+07,725901,0,1.33011e+07
3.40235e+07,0,0,0,0,2.23134e+07,662457,0,1.33011e+07
3.46861e+07,0,0,0,0,2.23192e+07,662628,0,1.33011e+07
3.53489e+07,0,0,0,0,2.23249e+07,662799,0,1.33011e+07
3.60119e+07,0,0,0,0,2.23307e+07,662970,0,1.33011e+07
0,0,1.36055e+10,0,0,2.23364e+07,663141,1.35688e+10,1.33011e+07
684410,0,0,0,1.25761e-71,2.30529e+07,684410,0,1.33011e+07
1.36899e+06,0,0,0,0,2.30586e+07,684579,0,1.33011e+07
2.05374e+06,0,0,0,0,2.30643e+07,684749,0,1.33011e+07
2.73866e+06,0,0,0,0,2.307e+07,684918,0,1.33011e+07
3.49721e+06,0,0,0,0,2.55509e+07,758551,0,1.33011e+07
4.25595e+06,0,0,0,0,2.55572e+07,758739,0,1.33011e+07
5.01487e+06,0,0,0,0,2.55635e+07,758926,0,1.33011e+07
5.77399e+06,0,0,0,0,2.55699e+07,759114,0,1.33011e+07
6.43169e+06,0,0,0,0,2.21534e+07,657705,0,1.33011e+07
7.08956e+06,0,0,0,0,2.21589e+07,657868,0,1.33011e+07
7.74759e+06,0,0,0,0,2.21644e+07,658030,0,1.33011e+07
8.40578e+06,0,0,0,0,2.21699e+07,658193,0,1.33011e+07
9.06414e+06,0,0,0,0,2.21754e+07,658356,0,1.33011e+07
9.74789e+06,0,0,0,0,2.30309e+07,683753,0,1.33011e+07
1.04318e+07,0,0,0,0,2.30366e+07,683922,0,1.33011e+07
1.11159e+07,0,0,0,0,2.30423e+07,684092,0,1.33011e+07
1.18002e+07,0,0,0,0,2.3048e+07,684261,0,1.33011e+07
1.24748e+07,0,0,0,0,2.27222e+07,674587,0,1.33011e+07
1.31495e+07,0,0,0,0,2.27278e+07,674754,0,1.33011e+07
1.38244e+07,0,0,0,0,2.27334e+07,674921,0,1.33011e+07
1.44995e+07,0,0,0,0,2.2739e+07,675088,0,1.33011e+07
1.5209e+07,0,0,0,0,2.38969e+07,709456,0,1.33011e+07
1.59186e+07,0,0,0,0,2.39028e+07,709632,0,1.33011e+07
1.66284e+07,0,0,0,0,2.39087e+07,709807,0,1.33011e+07
1.73384e+07,0,0,0,0,2.39146e+07,709983,0,1.33011e+07
1.80486e+07,0,0,0,0,2.39205e+07,710158,0,1.33011e+07
1.87654e+07,0,0,0,0,2.41457e+07,716801,0,1.33011e+07
1.94823e+07,0,0,0,0,2.41516e+07,716978,0,1.33011e+07
2.01995e+07,0,0,0,0,2.41576e+07,717155,0,1.33011e+07
2.09168e+07,0,0,0,0,2.41636e+07,717332,0,1.33011e+07
2.16515e+07,0,0,0,0,2.47468e+07,734645,0,1.33011e+07
2.23863e+07,0,0,0,0,2.47529e+07,734827,0,1.33011e+07
2.31213e+07,0,0,0,0,2.4759e+07,735008,0,1.33011e+07
2.38565e+07,0,0,0,0,2.47652e+07,735190,0,1.33011e+07
2.4648e+07,0,0,0,0,2.66635e+07,791522,0,1.33011e+07
2.54397e+07,0,0,0,0,2.66701e+07,791718,0,1.33011e+07
2.62316e+07,0,0,0,0,2.66767e+07,791914,0,1.33011e+07
2.70238e+07,0,0,0,0,2.66833e+07,792109,0,1.33011e+07
2.78161e+07,0,0,0,0,2.66899e+07,792305,0,1.33011e+07
2.85774e+07,0,0,0,0,2.56461e+07,761344,0,1.33011e+07
2.93389e+07,0,0,0,0,2.56525e+07,761532,0,1.33011e+07
3.01007e+07,0,0,0,0,2.56588e+07,761720,0,1.33011e+07
3.08626e+07,0,0,0,0,2.56651e+07,761908,0,1.33011e+07
3.15973e+07,0,0,0,0,2.47508e+07,734789,0,1.33011e+07
3.23323e+07,0,0,0,0,2.47569e+07,734971,0,1.33011e+07
3.30675e+07,0,0,0,0,2.47631e+07,735152,0,1.33011e+07
3.38028e+07,0,0,0,0,2.47692e+07,735334,0,1.33011e+07
3.44739e+07,0,0,0,0,2.26031e+07,671058,0,1.33011e+07
3.51451e+07,0,0,0,0,2.26087e+07,671224,0,1.33011e+07
3.58165e+07,0,0,0,0,2.26143e+07,671390,0,1.33011e+07
3.6488e+07,0,0,0,0,2.26199e+07,671555,0,1.33011e+07
0,0,1.37855e+10,0,0,2.26255e+07,671721,1.37483e+10,1.33011e+07
693258,0,0,0,1.25761e-71,2.33509e+07,693258,0,1.33011e+07
1.38668e+06,0,0,0,0,2.33564e+07,693423,0,1.33011e+07
2.08027e+06,0,0,0,0,2.3362e+07,693587,0,1.33011e+07
2.77402e+06,0,0,0,0,2.33675e+07,693751,0,1.33011e+07
3.54234e+06,0,0,0,0,2.58801e+07,768325,0,1.33011e+07
4.31085e+06,0,0,0,0,2.58862e+07,768507,0,1.33011e+07
5.07954e+06,0,0,0,0,2.58924e+07,768689,0,1.33011e+07
5.84841e+06,0,0,0,0,2.58985e+07,768871,0,1.33011e+07
6.51456e+06,0,0,0,0,2.24379e+07,666151,0,1.33011e+07
7.18087e+06,0,0,0,0,2.24432e+07,666309,0,1.33011e+07
7.84733e+06,0,0,0,0,2.24485e+07,666466,0,1.33011e+07
8.51396e+06,0,0,0,0,2.24539e+07,666624,0,1.33011e+07
9.18074e+06,0,0,0,0,2.24592e+07,666782,0,1.33011e+07
9.87324e+06,0,0,0,0,2.33254e+07,692497,0,1.33011e+07
1.05659e+07,0,0,0,0,2.3331e+07,692661,0,1.33011e+07
1.12587e+07,0,0,0,0,2.33365e+07,692825,0,1.33011e+07
1.19517e+07,0,0,0,0,2.3342e+07,692989,0,1.33011e+07
1.26349e+07,0,0,0,0,2.30117e+07,683184,0,1.33011e+07
1.33182e+07,0,0,0,0,2.30172e+07,683346,0,1.33011e+07
1.40017e+07,0,0,0,0,2.30226e+07,683508,0,1.33011e+07
1.46854e+07,0,0,0,0,2.30281e+07,683669,0,1.33011e+07
1.54039e+07,0,0,0,0,2.42004e+07,718467,0,1.33011e+07
1.61225e+07,0,0,0,0,2.42061e+07,718637,0,1.33011e+07
1.68413e+07,0,0,0,0,2.42118e+07,718807,0,1.33011e+07
1.75603e+07,0,0,0,0,2.42176e+07,718977,0,1.33011e+07
1.82795e+07,0,0,0,0,2.42233e+07,719147,0,1.33011e+07
1.90053e+07,0,0,0,0,2.4451e+07,725866,0,1.33011e+07
1.97314e+07,0,0,0,0,2.44568e+07,726038,0,1.33011e+07
2.04576e+07,0,0,0,0,2.44626e+07,726209,0,1.33011e+07
2.11839e+07,0,0,0,0,2.44684e+07,726381,0,1.33011e+07
2.19279e+07,0,0,0,0,2.50587e+07,743904,0,1.33011e+07
2.26719e+07,0,0,0,0,2.50646e+07,744080,0,1.33011e+07
2.34162e+07,0,0,0,0,2.50706e+07,744256,0,1.33011e+07
2.41606e+07,0,0,0,0,2.50765e+07,744432,0,1.33011e+07
2.49621e+07,0,0,0,0,2.69984e+07,801464,0,1.33011e+07
2.57637e+07,0,0,0,0,2.70048e+07,801654,0,1.33011e+07
2.65656e+07,0,0,0,0,2.70112e+07,801843,0,1.33011e+07
2.73676e+07,0,0,0,0,2.70175e+07,802033,0,1.33011e+07
2.81698e+07,0,0,0,0,2.70239e+07,802222,0,1.33011e+07
2.89407e+07,0,0,0,0,2.59669e+07,770865,0,1.33011e+07
2.97117e+07,0,0,0,0,2.5973e+07,771047,0,1.33011e+07
3.0483e+07,0,0,0,0,2.59792e+07,771230,0,1.33011e+07
3.12544e+07,0,0,0,0,2.59853e+07,771412,0,1.33011e+07
3.19983e+07,0,0,0,0,2.50593e+07,743947,0,1.33011e+07
3.27425e+07,0,0,0,0,2.50652e+07,744123,0,1.33011e+07
3.34868e+07,0,0,0,0,2.50711e+07,744299,0,1.33011e+07
3.42312e+07,0,0,0,0,2.50771e+07,744475,0,1.33011e+07
3.49106e+07,0,0,0,0,2.28838e+07,679392,0,1.33011e+07
3.55902e+07,0,0,0,0,2.28893e+07,679553,0,1.33011e+07
3.62699e+07,0,0,0,0,2.28947e+07,679714,0,1.33011e+07
3.69498e+07,0,0,0,0,2.29001e+07,679874,0,1.33011e+07
0,0,1.396e+10,0,0,2.29055e+07,680035,1.39223e+10,1.33011e+07
701831,0,0,0,1.25761e-71,2.36397e+07,701831,0,1.33011e+07
1.40382e+06,0,0,0,0,2.3645e+07,701990,0,1.33011e+07
2.10597e+06,0,0,0,0,2.36504e+07,702149,0,1.33011e+07
2.80828e+06,0,0,0,0,2.36557e+07,702308,0,1.33011e+07
3.58607e+06,0,0,0,0,2.6199e+07,777793,0,1.33011e+07
4.36404e+06,0,0,0,0,2.6205e+07,777969,0,1.33011e+07
5.14219e+06,0,0,0,0,2.62109e+07,778146,0,1.33011e+07
5.92051e+06,0,0,0,0,2.62168e+07,778322,0,1.33011e+07
6.59484e+06,0,0,0,0,2.27135e+07,674332,0,1.33011e+07
7.26933e+06,0,0,0,0,2.27186e+07,674485,0,1.33011e+07
7.94396e+06,0,0,0,0,2.27238e+07,674637,0,1.33011e+07
8.61875e+06,0,0,0,0,2.27289e+07,674790,0,1.33011e+07
9.2937e+06,0,0,0,0,2.2734e+07,674943,0,1.33011e+07
9.99466e+06,0,0,0,0,2.36107e+07,700965,0,1.33011e+07
1.06958e+07,0,0,0,0,2.3616e+07,701124,0,1.33011e+07
1.13971e+07,0,0,0,0,2.36214e+07,701282,0,1.33011e+07
1.20985e+07,0,0,0,0,2.36267e+07,701441,0,1.33011e+07
1.279e+07,0,0,0,0,2.32922e+07,691510,0,1.33011e+07
1.34817e+07,0,0,0,0,2.32974e+07,691666,0,1.33011e+07
1.41735e+07,0,0,0,0,2.33027e+07,691823,0,1.33011e+07
1.48655e+07,0,0,0,0,2.3308e+07,691979,0,1.33011e+07
1.55927e+07,0,0,0,0,2.44943e+07,727192,0,1.33011e+07
1.632e+07,0,0,0,0,2.44998e+07,727356,0,1.33011e+07
1.70476e+07,0,0,0,0,2.45054e+07,727521,0,1.33011e+07
1.77752e+07,0,0,0,0,2.45109e+07,727685,0,1.33011e+07
1.85031e+07,0,0,0,0,2.45164e+07,727850,0,1.33011e+07
1.92377e+07,0,0,0,0,2.47467e+07,734642,0,1.33011e+07
1.99725e+07,0,0,0,0,2.47523e+07,734809,0,1.33011e+07
2.07075e+07,0,0,0,0,2.47579e+07,734975,0,1.33011e+07
2.14427e+07,0,0,0,0,2.47635e+07,735141,0,1.33011e+07
2.21955e+07,0,0,0,0,2.53606e+07,752867,0,1.33011e+07
2.29486e+07,0,0,0,0,2.53664e+07,753038,0,1.33011e+07
2.37018e+07,0,0,0,0,2.53721e+07,753208,0,1.33011e+07
2.44551e+07,0,0,0,0,2.53778e+07,753378,0,1.33011e+07
2.52662e+07,0,0,0,0,2.73225e+07,811087,0,1.33011e+07
2.60775e+07,0,0,0,0,2.73287e+07,811270,0,1.33011e+07
2.6889e+07,0,0,0,0,2.73349e+07,811454,0,1.33011e+07
2.77006e+07,0,0,0,0,2.73411e+07,811637,0,1.33011e+07
2.85124e+07,0,0,0,0,2.73473e+07,811821,0,1.33011e+07
2.92925e+07,0,0,0,0,2.62773e+07,780080,0,1.33011e+07
3.00728e+07,0,0,0,0,2.62832e+07,780256,0,1.33011e+07
3.08532e+07,0,0,0,0,2.62892e+07,780433,0,1.33011e+07
3.16338e+07,0,0,0,0,2.62951e+07,780609,0,1.33011e+07
3.23866e+07,0,0,0,0,2.53578e+07,752809,0,1.33011e+07
3.31396e+07,0,0,0,0,2.53635e+07,752979,0,1.33011e+07
3.38927e+07,0,0,0,0,2.53693e+07,753149,0,1.33011e+07
3.46461e+07,0,0,0,0,2.5375e+07,753319,0,1.33011e+07
3.53335e+07,0,0,0,0,2.31555e+07,687457,0,1.33011e+07
3.60211e+07,0,0,0,0,2.31607e+07,687612,0,1.33011e+07
3.67089e+07,0,0,0,0,2.31659e+07,687767,0,1.33011e+07
3.73968e+07,0,0,0,0,2.31712e+07,687923,0,1.33011e+07
0,0,1.4406e+10,0,0,2.31764e+07,688078,1.43679e+10,1.33011e+07
710125,0,0,0,1.25761e-71,2.3919e+07,710125,0,1.33011e+07
1.4204e+06,0,0,0,0,2.39242e+07,710279,0,1.33011e+07
2.13084e+06,0,0,0,0,2.39294e+07,710433,0,1.33011e+07
2.84142e+06,0,0,0,0,2.39346e+07,710587,0,1.33011e+07
3.62838e+06,0,0,0,0,2.65076e+07,786954,0,1.33011e+07
4.4155e+06,0,0,0,0,2.65134e+07,787125,0,1.33011e+07
5.2028e+06,0,0,0,0,2.65191e+07,787295,0,1.33011e+07
5.99027e+06,0,0,0,0,2.65249e+07,787466,0,1.33011e+07
6.67251e+06,0,0,0,0,2.29801e+07,682248,0,1.33011e+07
7.35491e+06,0,0,0,0,2.29851e+07,682396,0,1.33011e+07
8.03745e+06,0,0,0,0,2.29901e+07,682544,0,1.33011e+07
8.72014e+06,0,0,0,0,2.2995e+07,682691,0,1.33011e+07
9.40298e+06,0,0,0,0,2.3e+07,682839,0,1.33011e+07
1.01121e+07,0,0,0,0,2.38867e+07,709159,0,1.33011e+07
1.08215e+07,0,0,0,0,2.38919e+07,709313,0,1.33011e+07
1.15309e+07,0,0,0,0,2.3897e+07,709466,0,1.33011e+07
1.22405e+07,0,0,0,0,2.39022e+07,709620,0,1.33011e+07
1.29401e+07,0,0,0,0,2.35635e+07,699566,0,1.33011e+07
1.36398e+07,0,0,0,0,2.35686e+07,699718,0,1.33011e+07
1.43397e+07,0,0,0,0,2.35737e+07,699869,0,1.33011e+07
1.50397e+07,0,0,0,0,2.35788e+07,700020,0,1.33011e+07
1.57753e+07,0,0,0,0,2.47787e+07,735635,0,1.33011e+07
1.65111e+07,0,0,0,0,2.4784e+07,735794,0,1.33011e+07
1.72471e+07,0,0,0,0,2.47894e+07,735954,0,1.33011e+07
1.79832e+07,0,0,0,0,2.47948e+07,736113,0,1.33011e+07
1.87195e+07,0,0,0,0,2.48001e+07,736272,0,1.33011e+07
1.94626e+07,0,0,0,0,2.50328e+07,743136,0,1.33011e+07
2.02059e+07,0,0,0,0,2.50382e+07,743297,0,1.33011e+07
2.09494e+07,0,0,0,0,2.50436e+07,743458,0,1.33011e+07
2.1693e+07,0,0,0,0,2.5049e+07,743619,0,1.33011e+07
2.24545e+07,0,0,0,0,2.56528e+07,761542,0,1.33011e+07
2.32162e+07,0,0,0,0,2.56584e+07,761707,0,1.33011e+07
2.39781e+07,0,0,0,0,2.56639e+07,761872,0,1.33011e+07
2.47401e+07,0,0,0,0,2.56695e+07,762037,0,1.33011e+07
2.55605e+07,0,0,0,0,2.76363e+07,820401,0,1.33011e+07
2.63811e+07,0,0,0,0,2.76423e+07,820578,0,1.33011e+07
2.72019e+07,0,0,0,0,2.76482e+07,820756,0,1.33011e+07
2.80228e+07,0,0,0,0,2.76542e+07,820933,0,1.33011e+07
2.88439e+07,0,0,0,0,2.76602e+07,821111,0,1.33011e+07
2.96329e+07,0,0,0,0,2.65777e+07,788999,0,1.33011e+07
3.04221e+07,0,0,0,0,2.65835e+07,789170,0,1.33011e+07
3.12114e+07,0,0,0,0,2.65892e+07,789341,0,1.33011e+07
3.20009e+07,0,0,0,0,2.6595e+07,789511,0,1.33011e+07
3.27623e+07,0,0,0,0,2.56467e+07,761387,0,1.33011e+07
3.35239e+07,0,0,0,0,2.56523e+07,761551,0,1.33011e+07
3.42856e+07,0,0,0,0,2.56578e+07,761716,0,1.33011e+07
3.50475e+07,0,0,0,0,2.56634e+07,761881,0,1.33011e+07
3.57427e+07,0,0,0,0,2.34184e+07,695263,0,1.33011e+07
3.64382e+07,0,0,0,0,2.34235e+07,695413,0,1.33011e+07
3.71337e+07,0,0,0,0,2.34285e+07,695564,0,1.33011e+07
3.78294e+07,0,0,0,0,2.34336e+07,695714,0,1.33011e+07
3.85253e+07,0,0,0,0,2.34387e+07,695864,0,1.33011e+07
0,0,1.4836e+10,0,0,2.41895e+07,718155,1.47967e+10,1.33011e+07
718304,0,0,0,1.25761e-71,2.41945e+07,718304,0,1.33011e+07
1.43676e+06,0,0,0,0,2.41995e+07,718453,0,1.33011e+07
2.15536e+06,0,0,0,0,2.42046e+07,718602,0,1.33011e+07
2.95118e+06,0,0,0,0,2.68064e+07,795823,0,1.33011e+07
3.74717e+06,0,0,0,0,2.68119e+07,795988,0,1.33011e+07
4.54332e+06,0,0,0,0,2.68175e+07,796153,0,1.33011e+07
5.33964e+06,0,0,0,0,2.6823e+07,796319,0,1.33011e+07
6.02955e+06,0,0,0,0,2.32382e+07,689911,0,1.33011e+07
6.71961e+06,0,0,0,0,2.32431e+07,690055,0,1.33011e+07
7.4098e+06,0,0,0,0,2.32479e+07,690198,0,1.33011e+07
8.10015e+06,0,0,0,0,2.32527e+07,690341,0,1.33011e+07
8.79063e+06,0,0,0,0,2.32575e+07,690484,0,1.33011e+07
9.50772e+06,0,0,0,0,2.41539e+07,717092,0,1.33011e+07
1.0225e+07,0,0,0,0,2.41589e+07,717241,0,1.33011e+07
1.09424e+07,0,0,0,0,2.41639e+07,717389,0,1.33011e+07
1.16599e+07,0,0,0,0,2.41689e+07,717538,0,1.33011e+07
1.23673e+07,0,0,0,0,2.38262e+07,707366,0,1.33011e+07
1.30748e+07,0,0,0,0,2.38312e+07,707512,0,1.33011e+07
1.37824e+07,0,0,0,0,2.38361e+07,707659,0,1.33011e+07
1.44902e+07,0,0,0,0,2.38411e+07,707806,0,1.33011e+07
1.5234e+07,0,0,0,0,2.5054e+07,743810,0,1.33011e+07
1.5978e+07,0,0,0,0,2.50592e+07,743964,0,1.33011e+07
1.67221e+07,0,0,0,0,2.50644e+07,744118,0,1.33011e+07
1.74664e+07,0,0,0,0,2.50696e+07,744272,0,1.33011e+07
1.82108e+07,0,0,0,0,2.50748e+07,744427,0,1.33011e+07
1.89622e+07,0,0,0,0,2.53098e+07,751360,0,1.33011e+07
1.97137e+07,0,0,0,0,2.5315e+07,751515,0,1.33011e+07
2.04654e+07,0,0,0,0,2.53203e+07,751671,0,1.33011e+07
2.12172e+07,0,0,0,0,2.53255e+07,751827,0,1.33011e+07
2.19871e+07,0,0,0,0,2.59358e+07,769941,0,1.33011e+07
2.27572e+07,0,0,0,0,2.59411e+07,770101,0,1.33011e+07
2.35275e+07,0,0,0,0,2.59465e+07,770261,0,1.33011e+07
2.42979e+07,0,0,0,0,2.59519e+07,770420,0,1.33011e+07
2.51273e+07,0,0,0,0,2.79401e+07,829419,0,1.33011e+07
2.59569e+07,0,0,0,0,2.79459e+07,829591,0,1.33011e+07
2.67867e+07,0,0,0,0,2.79517e+07,829762,0,1.33011e+07
2.76166e+07,0,0,0,0,2.79574e+07,829934,0,1.33011e+07
2.84467e+07,0,0,0,0,2.79632e+07,830106,0,1.33011e+07
2.92444e+07,0,0,0,0,2.68687e+07,797636,0,1.33011e+07
3.00422e+07,0,0,0,0,2.68742e+07,797801,0,1.33011e+07
3.08401e+07,0,0,0,0,2.68798e+07,797966,0,1.33011e+07
3.16383e+07,0,0,0,0,2.68854e+07,798131,0,1.33011e+07
3.2408e+07,0,0,0,0,2.59265e+07,769693,0,1.33011e+07
3.31778e+07,0,0,0,0,2.59319e+07,769852,0,1.33011e+07
3.39478e+07,0,0,0,0,2.59373e+07,770012,0,1.33011e+07
3.4718e+07,0,0,0,0,2.59426e+07,770171,0,1.33011e+07
3.54208e+07,0,0,0,0,2.3673e+07,702822,0,1.33011e+07
3.61238e+07,0,0,0,0,2.36779e+07,702968,0,1.33011e+07
3.68269e+07,0,0,0,0,2.36828e+07,703113,0,1.33011e+07
3.75302e+07,0,0,0,0,2.36877e+07,703259,0,1.33011e+07
3.82336e+07,0,0,0,0,2.36926e+07,703404,0,1.33011e+07
0,0,1.4737e+10,0,0,2.36926e+07,703404,1.4698e+10,1.33011e+07
725929,0,0,0,1.25761e-71,2.44514e+07,725929,0,1.33011e+07
1.452e+06,0,0,0,0,2.44562e+07,726073,0,1.33011e+07
2.17822e+06,0,0,0,0,2.44611e+07,726218,0,1.33011e+07
2.90458e+06,0,0,0,0,2.44659e+07,726362,0,1.33011e+07
3.70899e+06,0,0,0,0,2.70956e+07,804410,0,1.33011e+07
4.51356e+06,0,0,0,0,2.7101e+07,804569,0,1.33011e+07
5.31829e+06,0,0,0,0,2.71063e+07,804729,0,1.33011e+07
6.12318e+06,0,0,0,0,2.71117e+07,804889,0,1.33011e+07
6.82051e+06,0,0,0,0,2.34881e+07,697330,0,1.33011e+07
7.51798e+06,0,0,0,0,2.34928e+07,697469,0,1.33011e+07
8.21559e+06,0,0,0,0,2.34974e+07,697607,0,1.33011e+07
8.91333e+06,0,0,0,0,2.35021e+07,697745,0,1.33011e+07
9.61121e+06,0,0,0,0,2.35068e+07,697884,0,1.33011e+07
1.0336e+07,0,0,0,0,2.44125e+07,724770,0,1.33011e+07
1.10609e+07,0,0,0,0,2.44174e+07,724914,0,1.33011e+07
1.1786e+07,0,0,0,0,2.44222e+07,725058,0,1.33011e+07
1.25112e+07,0,0,0,0,2.4427e+07,725202,0,1.33011e+07
1.32261e+07,0,0,0,0,2.40805e+07,714914,0,1.33011e+07
1.39411e+07,0,0,0,0,2.40853e+07,715056,0,1.33011e+07
1.46563e+07,0,0,0,0,2.409e+07,715198,0,1.33011e+07
1.53717e+07,0,0,0,0,2.40948e+07,715340,0,1.33011e+07
1.61234e+07,0,0,0,0,2.53205e+07,751720,0,1.33011e+07
1.68753e+07,0,0,0,0,2.53255e+07,751869,0,1.33011e+07
1.76273e+07,0,0,0,0,2.53305e+07,752018,0,1.33011e+07
1.83794e+07,0,0,0,0,2.53355e+07,752167,0,1.33011e+07
1.91318e+07,0,0,0,0,2.53406e+07,752316,0,1.33011e+07
1.98911e+07,0,0,0,0,2.55778e+07,759316,0,1.33011e+07
2.06505e+07,0,0,0,0,2.55829e+07,759467,0,1.33011e+07
2.14102e+07,0,0,0,0,2.5588e+07,759617,0,1.33011e+07
2.21699e+07,0,0,0,0,2.5593e+07,759768,0,1.33011e+07
2.2948e+07,0,0,0,0,2.62095e+07,778066,0,1.33011e+07
2.37262e+07,0,0,0,0,2.62147e+07,778221,0,1.33011e+07
2.45046e+07,0,0,0,0,2.62199e+07,778375,0,1.33011e+07
2.52831e+07,0,0,0,0,2.62251e+07,778529,0,1.33011e+07
2.61213e+07,0,0,0,0,2.82339e+07,838141,0,1.33011e+07
2.69596e+07,0,0,0,0,2.82395e+07,838307,0,1.33011e+07
2.7798e+07,0,0,0,0,2.82451e+07,838473,0,1.33011e+07
2.86367e+07,0,0,0,0,2.82507e+07,838640,0,1.33011e+07
2.94755e+07,0,0,0,0,2.82563e+07,838806,0,1.33011e+07
3.02815e+07,0,0,0,0,2.715e+07,805988,0,1.33011e+07
3.10876e+07,0,0,0,0,2.71554e+07,806147,0,1.33011e+07
3.18939e+07,0,0,0,0,2.71608e+07,806307,0,1.33011e+07
3.27004e+07,0,0,0,0,2.71661e+07,806467,0,1.33011e+07
3.34781e+07,0,0,0,0,2.61971e+07,777724,0,1.33011e+07
3.4256e+07,0,0,0,0,2.62023e+07,777878,0,1.33011e+07
3.5034e+07,0,0,0,0,2.62074e+07,778032,0,1.33011e+07
3.58122e+07,0,0,0,0,2.62126e+07,778186,0,1.33011e+07
3.65223e+07,0,0,0,0,2.39192e+07,710130,0,1.33011e+07
3.72326e+07,0,0,0,0,2.39239e+07,710271,0,1.33011e+07
3.7943e+07,0,0,0,0,2.39286e+07,710412,0,1.33011e+07
3.86536e+07,0,0,0,0,2.39334e+07,710552,0,1.33011e+07
0,0,1.48903e+10,0,0,2.39381e+07,710693,1.48509e+10,1.33011e+07
733445,0,0,0,1.25761e-71,2.47045e+07,733445,0,1.33011e+07
1.46703e+06,0,0,0,1.25761e-71,2.47092e+07,733584,0,1.33011e+07
2.20075e+06,0,0,0,0,2.47139e+07,733723,0,1.33011e+07
2.93461e+06,0,0,0,0,2.47186e+07,733862,0,1.33011e+07
3.74732e+06,0,0,0,0,2.73751e+07,812709,0,1.33011e+07
4.56019e+06,0,0,0,0,2.73803e+07,812863,0,1.33011e+07
5.3732e+06,0,0,0,0,2.73855e+07,813017,0,1.33011e+07
6.18638e+06,0,0,0,0,2.73907e+07,813171,0,1.33011e+07
6.89088e+06,0,0,0,0,2.37296e+07,704500,0,1.33011e+07
7.59551e+06,0,0,0,0,2.37341e+07,704633,0,1.33011e+07
8.30028e+06,0,0,0,0,2.37386e+07,704767,0,1.33011e+07
9.00518e+06,0,0,0,0,2.37431e+07,704901,0,1.33011e+07
9.71021e+06,0,0,0,0,2.37476e+07,705034,0,1.33011e+07
1.04424e+07,0,0,0,0,2.46624e+07,732190,0,1.33011e+07
1.11747e+07,0,0,0,0,2.46671e+07,732328,0,1.33011e+07
1.19072e+07,0,0,0,0,2.46718e+07,732467,0,1.33011e+07
1.26398e+07,0,0,0,0,2.46764e+07,732606,0,1.33011e+07
1.3362e+07,0,0,0,0,2.43261e+07,722207,0,1.33011e+07
1.40844e+07,0,0,0,0,2.43307e+07,722344,0,1.33011e+07
1.48068e+07,0,0,0,0,2.43354e+07,722481,0,1.33011e+07
1.55295e+07,0,0,0,0,2.434e+07,722618,0,1.33011e+07
1.62888e+07,0,0,0,0,2.55779e+07,759362,0,1.33011e+07
1.70483e+07,0,0,0,0,2.55827e+07,759505,0,1.33011e+07
1.7808e+07,0,0,0,0,2.55876e+07,759649,0,1.33011e+07
1.85678e+07,0,0,0,0,2.55924e+07,759793,0,1.33011e+07
1.93277e+07,0,0,0,0,2.55973e+07,759937,0,1.33011e+07
2.00947e+07,0,0,0,0,2.58367e+07,767001,0,1.33011e+07
2.08618e+07,0,0,0,0,2.58416e+07,767146,0,1.33011e+07
2.16291e+07,0,0,0,0,2.58465e+07,767292,0,1.33011e+07
2.23966e+07,0,0,0,0,2.58514e+07,767437,0,1.33011e+07
2.31825e+07,0,0,0,0,2.64738e+07,785913,0,1.33011e+07
2.39685e+07,0,0,0,0,2.64788e+07,786062,0,1.33011e+07
2.47548e+07,0,0,0,0,2.64838e+07,786211,0,1.33011e+07
2.55411e+07,0,0,0,0,2.64888e+07,786360,0,1.33011e+07
2.63877e+07,0,0,0,0,2.85176e+07,846564,0,1.33011e+07
2.72344e+07,0,0,0,0,2.8523e+07,846724,0,1.33011e+07
2.80813e+07,0,0,0,0,2.85284e+07,846885,0,1.33011e+07
2.89283e+07,0,0,0,0,2.85338e+07,847045,0,1.33011e+07
2.97755e+07,0,0,0,0,2.85392e+07,847206,0,1.33011e+07
3.05896e+07,0,0,0,0,2.74216e+07,814052,0,1.33011e+07
3.14038e+07,0,0,0,0,2.74268e+07,814206,0,1.33011e+07
3.22182e+07,0,0,0,0,2.7432e+07,814360,0,1.33011e+07
3.30327e+07,0,0,0,0,2.74372e+07,814514,0,1.33011e+07
3.38182e+07,0,0,0,0,2.64582e+07,785478,0,1.33011e+07
3.46038e+07,0,0,0,0,2.64632e+07,785626,0,1.33011e+07
3.53896e+07,0,0,0,0,2.64682e+07,785775,0,1.33011e+07
3.61755e+07,0,0,0,0,2.64733e+07,785924,0,1.33011e+07
3.68927e+07,0,0,0,0,2.41568e+07,717184,0,1.33011e+07
3.761e+07,0,0,0,0,2.41613e+07,717320,0,1.33011e+07
3.83274e+07,0,0,0,0,2.41659e+07,717456,0,1.33011e+07
3.9045e+07,0,0,0,0,2.41705e+07,717592,0,1.33011e+07
0,0,1.50412e+10,0,0,2.41751e+07,717727,1.50014e+10,1.33011e+07
740698,0,0,0,0,2.49488e+07,740698,0,1.33011e+07
1.48153e+06,0,0,0,0,2.49533e+07,740832,0,1.33011e+07
2.2225e+06,0,0,0,0,2.49579e+07,740966,0,1.33011e+07
2.9636e+06,0,0,0,0,2.49624e+07,741100,0,1.33011e+07
3.78431e+06,0,0,0,0,2.76449e+07,820717,0,1.33011e+07
4.60518e+06,0,0,0,0,2.76499e+07,820866,0,1.33011e+07
5.42619e+06,0,0,0,0,2.76549e+07,821014,0,1.33011e+07
6.24736e+06,0,0,0,0,2.76599e+07,821163,0,1.33011e+07
6.95877e+06,0,0,0,0,2.39626e+07,711417,0,1.33011e+07
7.67032e+06,0,0,0,0,2.39669e+07,711546,0,1.33011e+07
8.38199e+06,0,0,0,0,2.39713e+07,711674,0,1.33011e+07
9.0938e+06,0,0,0,0,2.39756e+07,711803,0,1.33011e+07
9.80573e+06,0,0,0,0,2.39799e+07,711932,0,1.33011e+07
1.05451e+07,0,0,0,0,2.49035e+07,739346,0,1.33011e+07
1.12846e+07,0,0,0,0,2.4908e+07,739480,0,1.33011e+07
1.20242e+07,0,0,0,0,2.49125e+07,739613,0,1.33011e+07
1.27639e+07,0,0,0,0,2.4917e+07,739747,0,1.33011e+07
1.34932e+07,0,0,0,0,2.4563e+07,729241,0,1.33011e+07
1.42225e+07,0,0,0,0,2.45675e+07,729372,0,1.33011e+07
1.4952e+07,0,0,0,0,2.45719e+07,729504,0,1.33011e+07
1.56817e+07,0,0,0,0,2.45764e+07,729636,0,1.33011e+07
1.64484e+07,0,0,0,0,2.58261e+07,766730,0,1.33011e+07
1.72153e+07,0,0,0,0,2.58307e+07,766869,0,1.33011e+07
1.79823e+07,0,0,0,0,2.58354e+07,767007,0,1.33011e+07
1.87494e+07,0,0,0,0,2.58401e+07,767146,0,1.33011e+07
1.95167e+07,0,0,0,0,2.58447e+07,767284,0,1.33011e+07
2.02911e+07,0,0,0,0,2.60862e+07,774410,0,1.33011e+07
2.10657e+07,0,0,0,0,2.6091e+07,774550,0,1.33011e+07
2.18404e+07,0,0,0,0,2.60957e+07,774690,0,1.33011e+07
2.26152e+07,0,0,0,0,2.61004e+07,774830,0,1.33011e+07
2.34087e+07,0,0,0,0,2.67286e+07,793477,0,1.33011e+07
2.42023e+07,0,0,0,0,2.67334e+07,793620,0,1.33011e+07
2.4996e+07,0,0,0,0,2.67382e+07,793764,0,1.33011e+07
2.579e+07,0,0,0,0,2.67431e+07,793907,0,1.33011e+07
2.66446e+07,0,0,0,0,2.87911e+07,854682,0,1.33011e+07
2.74995e+07,0,0,0,0,2.87963e+07,854836,0,1.33011e+07
2.83545e+07,0,0,0,0,2.88015e+07,854990,0,1.33011e+07
2.92096e+07,0,0,0,0,2.88067e+07,855145,0,1.33011e+07
3.00649e+07,0,0,0,0,2.88119e+07,855299,0,1.33011e+07
3.08867e+07,0,0,0,0,2.76834e+07,821822,0,1.33011e+07
3.17087e+07,0,0,0,0,2.76884e+07,821970,0,1.33011e+07
3.25261e+07,0,0,0,0,2.77006e+07,817432,0,1.33011e+07
3.33445e+07,0,0,0,0,2.77044e+07,818410,0,1.33011e+07
3.41345e+07,0,0,0,0,2.67145e+07,789919,0,1.33011e+07
3.4714e+07,0,0,0,0,2.70468e+07,579591,0,1.33011e+07
3.52946e+07,0,0,0,0,2.70504e+07,580525,0,1.33011e+07
3.5876e+07,0,0,0,0,2.7054e+07,581459,0,1.33011e+07
3.63889e+07,0,0,0,0,2.47141e+07,512853,0,1.33011e+07
3.64623e+07,0,0,0,0,2.54025e+07,73380.5,0,1.33011e+07
3.65365e+07,0,0,0,0,2.54058e+07,74223.4,0,1.33011e+07
3.66116e+07,0,0,0,0,2.54091e+07,75066.3,0,1.33011e+07
0,0,1.55287e+10,0,0,2.54124e+07,75909.2,1.5492e+10,1.33011e+07
99802.7,0,0,0,0,2.61921e+07,99802.7,0,1.33011e+07
328068,0,0,0,0,2.59968e+07,228265,0,1.33011e+07
557162,0,0,0,0,2.6e+07,229094,0,1.33011e+07
787087,0,0,0,0,2.60032e+07,229924,0,1.33011e+07
1.09807e+06,0,0,0,0,2.87096e+07,310984,0,1.33011e+07
1.88938e+06,0,0,0,0,2.79674e+07,791309,0,1.33011e+07
2.68161e+06,0,0,0,0,2.79709e+07,792235,0,1.33011e+07
3.47478e+06,0,0,0,0,2.79745e+07,793161,0,1.33011e+07
4.15794e+06,0,0,0,0,2.42412e+07,683165,0,1.33011e+07
4.1981e+06,0,0,0,0,2.52459e+07,40160.9,0,1.33011e+07
4.23906e+06,0,0,0,0,2.5249e+07,40958,0,1.33011e+07
4.28082e+06,0,0,0,0,2.52522e+07,41755.1,0,1.33011e+07
4.32337e+06,0,0,0,0,2.52553e+07,42552.2,0,1.33011e+07
4.39426e+06,0,0,0,0,2.61862e+07,70889.5,0,1.33011e+07
4.62361e+06,0,0,0,0,2.59441e+07,229352,0,1.33011e+07
4.85379e+06,0,0,0,0,2.59474e+07,230182,0,1.33011e+07
5.0848e+06,0,0,0,0,2.59506e+07,231011,0,1.33011e+07
5.3059e+06,0,0,0,0,2.55921e+07,221102,0,1.33011e+07
5.46656e+06,0,0,0,0,2.56906e+07,160654,0,1.33011e+07
5.62803e+06,0,0,0,0,2.56938e+07,161471,0,1.33011e+07
6.36441e+06,0,0,0,0,2.48037e+07,736387,0,1.33011e+07
7.13823e+06,0,0,0,0,2.60648e+07,773817,0,1.33011e+07
7.91218e+06,0,0,0,0,2.60692e+07,773950,0,1.33011e+07
8.68626e+06,0,0,0,0,2.60737e+07,774083,0,1.33011e+07
9.46048e+06,0,0,0,0,2.60782e+07,774216,0,1.33011e+07
1.02348e+07,0,0,0,0,2.60827e+07,774349,0,1.33011e+07
1.10164e+07,0,0,0,0,2.63262e+07,781533,0,1.33011e+07
1.1798e+07,0,0,0,0,2.63307e+07,781667,0,1.33011e+07
1.25798e+07,0,0,0,0,2.63352e+07,781802,0,1.33011e+07
1.33618e+07,0,0,0,0,2.63398e+07,781936,0,1.33011e+07
1.41625e+07,0,0,0,0,2.69735e+07,800748,0,1.33011e+07
1.49634e+07,0,0,0,0,2.69781e+07,800885,0,1.33011e+07
1.57644e+07,0,0,0,0,2.69828e+07,801023,0,1.33011e+07
1.65656e+07,0,0,0,0,2.69874e+07,801160,0,1.33011e+07
1.74281e+07,0,0,0,0,2.90539e+07,862483,0,1.33011e+07
1.82907e+07,0,0,0,0,2.90589e+07,862631,0,1.33011e+07
1.91535e+07,0,0,0,0,2.90639e+07,862779,0,1.33011e+07
2.00164e+07,0,0,0,0,2.90689e+07,862927,0,1.33011e+07
2.08795e+07,0,0,0,0,2.90738e+07,863075,0,1.33011e+07
2.17088e+07,0,0,0,0,2.79348e+07,829286,0,1.33011e+07
2.25382e+07,0,0,0,0,2.79396e+07,829428,0,1.33011e+07
2.33678e+07,0,0,0,0,2.79444e+07,829571,0,1.33011e+07
2.41975e+07,0,0,0,0,2.79492e+07,829713,0,1.33011e+07
2.49976e+07,0,0,0,0,2.69515e+07,800121,0,1.33011e+07
2.5624e+07,0,0,0,0,2.72266e+07,626396,0,1.33011e+07
2.62513e+07,0,0,0,0,2.72301e+07,627292,0,1.33011e+07
2.68795e+07,0,0,0,0,2.72335e+07,628189,0,1.33011e+07
2.74384e+07,0,0,0,0,2.48724e+07,558919,0,1.33011e+07
2.75538e+07,0,0,0,0,2.55667e+07,115440,0,1.33011e+07
2.76701e+07,0,0,0,0,2.55699e+07,116249,0,1.33011e+07
2.77871e+07,0,0,0,0,2.55731e+07,117058,0,1.33011e+07
0,0,1.58465e+10,0,0,2.55762e+07,117867,1.58186e+10,1.33011e+07
141933,0,0,0,0,2.63628e+07,141933,0,1.33011e+07
413439,0,0,0,0,2.61655e+07,271506,0,1.33011e+07
685738,0,0,0,0,2.61686e+07,272299,0,1.33011e+07
958831,0,0,0,0,2.61717e+07,273093,0,1.33011e+07
1.31366e+06,0,0,0,0,2.89022e+07,354834,0,1.33011e+07
2.14963e+06,0,0,0,0,2.81584e+07,835963,0,1.33011e+07
2.98573e+06,0,0,0,0,2.8163e+07,836099,0,1.33011e+07
3.82196e+06,0,0,0,0,2.81676e+07,836235,0,1.33011e+07
4.54642e+06,0,0,0,0,2.4402e+07,724462,0,1.33011e+07
4.62781e+06,0,0,0,0,2.54067e+07,81381.8,0,1.33011e+07
4.70995e+06,0,0,0,0,2.54097e+07,82144.3,0,1.33011e+07
4.79286e+06,0,0,0,0,2.54126e+07,82906.8,0,1.33011e+07
4.87653e+06,0,0,0,0,2.54156e+07,83669.3,0,1.33011e+07
4.98874e+06,0,0,0,0,2.63546e+07,112216,0,1.33011e+07
5.26078e+06,0,0,0,0,2.61103e+07,272039,0,1.33011e+07
5.53361e+06,0,0,0,0,2.61133e+07,272832,0,1.33011e+07
5.80724e+06,0,0,0,0,2.61164e+07,273626,0,1.33011e+07
6.07083e+06,0,0,0,0,2.57546e+07,263586,0,1.33011e+07
6.27339e+06,0,0,0,0,2.58538e+07,202562,0,1.33011e+07
7.01612e+06,0,0,0,0,2.50176e+07,742736,0,1.33011e+07
7.75898e+06,0,0,0,0,2.50217e+07,742857,0,1.33011e+07
8.53959e+06,0,0,0,0,2.62936e+07,780610,0,1.33011e+07
9.32033e+06,0,0,0,0,2.62979e+07,780737,0,1.33011e+07
1.01012e+07,0,0,0,0,2.63021e+07,780864,0,1.33011e+07
1.08822e+07,0,0,0,0,2.63064e+07,780991,0,1.33011e+07
1.16633e+07,0,0,0,0,2.63107e+07,781119,0,1.33011e+07
1.21364e+07,0,0,0,0,2.70466e+07,473097,0,1.33011e+07
1.29249e+07,0,0,0,0,2.65604e+07,788487,0,1.33011e+07
1.37135e+07,0,0,0,0,2.65648e+07,788616,0,1.33011e+07
1.45022e+07,0,0,0,0,2.65691e+07,788744,0,1.33011e+07
1.531e+07,0,0,0,0,2.72081e+07,807712,0,1.33011e+07
1.61178e+07,0,0,0,0,2.72125e+07,807844,0,1.33011e+07
1.68431e+07,0,0,0,0,2.73456e+07,725282,0,1.33011e+07
1.75692e+07,0,0,0,0,2.73489e+07,726149,0,1.33011e+07
1.8358e+07,0,0,0,0,2.94319e+07,788730,0,1.33011e+07
1.92281e+07,0,0,0,0,2.93103e+07,870095,0,1.33011e+07
2.00983e+07,0,0,0,0,2.93151e+07,870237,0,1.33011e+07
2.09687e+07,0,0,0,0,2.93199e+07,870378,0,1.33011e+07
2.18392e+07,0,0,0,0,2.93246e+07,870520,0,1.33011e+07
2.26756e+07,0,0,0,0,2.81755e+07,836432,0,1.33011e+07
2.35122e+07,0,0,0,0,2.81801e+07,836568,0,1.33011e+07
2.43489e+07,0,0,0,0,2.81847e+07,836704,0,1.33011e+07
2.51857e+07,0,0,0,0,2.81893e+07,836841,0,1.33011e+07
2.59927e+07,0,0,0,0,2.71828e+07,806987,0,1.33011e+07
2.66639e+07,0,0,0,0,2.73987e+07,671192,0,1.33011e+07
2.7336e+07,0,0,0,0,2.7402e+07,672049,0,1.33011e+07
2.80089e+07,0,0,0,0,2.74053e+07,672907,0,1.33011e+07
2.86119e+07,0,0,0,0,2.50237e+07,602998,0,1.33011e+07
2.87676e+07,0,0,0,0,2.57239e+07,155684,0,1.33011e+07
2.8924e+07,0,0,0,0,2.57269e+07,156457,0,1.33011e+07
2.90812e+07,0,0,0,0,2.573e+07,157231,0,1.33011e+07
2.92392e+07,0,0,0,0,2.5733e+07,158005,0,1.33011e+07
0,0,1.62602e+10,0,0,2.65261e+07,182233,1.62307e+10,1.33011e+07
312865,0,0,0,0,2.6327e+07,312865,0,1.33011e+07
626487,0,0,0,0,2.63299e+07,313622,0,1.33011e+07
940866,0,0,0,0,2.63329e+07,314379,0,1.33011e+07
1.33764e+06,0,0,0,0,2.90862e+07,396769,0,1.33011e+07
2.18067e+06,0,0,0,0,2.83965e+07,843032,0,1.33011e+07
3.02383e+06,0,0,0,0,2.84009e+07,843162,0,1.33011e+07
3.86712e+06,0,0,0,0,2.84053e+07,843292,0,1.33011e+07
4.59769e+06,0,0,0,0,2.46077e+07,730569,0,1.33011e+07
4.71848e+06,0,0,0,0,2.55604e+07,120793,0,1.33011e+07
4.84e+06,0,0,0,0,2.55632e+07,121521,0,1.33011e+07
4.96225e+06,0,0,0,0,2.55661e+07,122248,0,1.33011e+07
5.08523e+06,0,0,0,0,2.55689e+07,122976,0,1.33011e+07
5.23695e+06,0,0,0,0,2.65156e+07,151720,0,1.33011e+07
5.54979e+06,0,0,0,0,2.6269e+07,312842,0,1.33011e+07
5.86339e+06,0,0,0,0,2.6272e+07,313599,0,1.33011e+07
6.17775e+06,0,0,0,0,2.62749e+07,314356,0,1.33011e+07
6.48193e+06,0,0,0,0,2.59099e+07,304189,0,1.33011e+07
6.72455e+06,0,0,0,0,2.60097e+07,242612,0,1.33011e+07
6.9679e+06,0,0,0,0,2.60127e+07,243358,0,1.33011e+07
7.21201e+06,0,0,0,0,2.60156e+07,244104,0,1.33011e+07
7.4948e+06,0,0,0,0,2.72968e+07,282794,0,1.33011e+07
7.99953e+06,0,0,0,0,2.69558e+07,504729,0,1.33011e+07
8.50505e+06,0,0,0,0,2.69588e+07,505516,0,1.33011e+07
9.01135e+06,0,0,0,0,2.69619e+07,506302,0,1.33011e+07
9.51844e+06,0,0,0,0,2.6965e+07,507088,0,1.33011e+07
1.00335e+07,0,0,0,0,2.72111e+07,515046,0,1.33011e+07
1.0671e+07,0,0,0,0,2.70249e+07,637493,0,1.33011e+07
1.13093e+07,0,0,0,0,2.7028e+07,638300,0,1.33011e+07
1.19484e+07,0,0,0,0,2.70311e+07,639107,0,1.33011e+07
1.26073e+07,0,0,0,0,2.7674e+07,658908,0,1.33011e+07
1.33755e+07,0,0,0,0,2.75084e+07,768210,0,1.33011e+07
1.41445e+07,0,0,0,0,2.75115e+07,769037,0,1.33011e+07
1.49144e+07,0,0,0,0,2.75147e+07,769864,0,1.33011e+07
1.57473e+07,0,0,0,0,2.96146e+07,832911,0,1.33011e+07
1.66245e+07,0,0,0,0,2.95504e+07,877221,0,1.33011e+07
1.75019e+07,0,0,0,0,2.95549e+07,877357,0,1.33011e+07
1.83794e+07,0,0,0,0,2.95595e+07,877492,0,1.33011e+07
1.9257e+07,0,0,0,0,2.9564e+07,877627,0,1.33011e+07
2.01003e+07,0,0,0,0,2.84053e+07,843253,0,1.33011e+07
2.09436e+07,0,0,0,0,2.84097e+07,843383,0,1.33011e+07
2.17872e+07,0,0,0,0,2.8414e+07,843513,0,1.33011e+07
2.26308e+07,0,0,0,0,2.84184e+07,843643,0,1.33011e+07
2.34443e+07,0,0,0,0,2.74035e+07,813539,0,1.33011e+07
2.41583e+07,0,0,0,0,2.75628e+07,713942,0,1.33011e+07
2.4873e+07,0,0,0,0,2.7566e+07,714761,0,1.33011e+07
2.55886e+07,0,0,0,0,2.75691e+07,715578,0,1.33011e+07
2.62337e+07,0,0,0,0,2.51682e+07,645058,0,1.33011e+07
2.64278e+07,0,0,0,0,2.58739e+07,194081,0,1.33011e+07
2.66226e+07,0,0,0,0,2.58768e+07,194819,0,1.33011e+07
2.68181e+07,0,0,0,0,2.58796e+07,195557,0,1.33011e+07
2.70144e+07,0,0,0,0,2.58825e+07,196295,0,1.33011e+07
0,0,1.61401e+10,0,0,2.58816e+07,196919,1.61129e+10,1.33011e+07
220676,0,0,0,0,2.66818e+07,220676,0,1.33011e+07
572993,0,0,0,0,2.64809e+07,352317,0,1.33011e+07
926030,0,0,0,0,2.64838e+07,353037,0,1.33011e+07
1.27979e+06,0,0,0,0,2.64866e+07,353758,0,1.33011e+07
1.71655e+06,0,0,0,0,2.92618e+07,436764,0,1.33011e+07
2.56633e+06,0,0,0,0,2.86236e+07,849773,0,1.33011e+07
3.41622e+06,0,0,0,0,2.86278e+07,849897,0,1.33011e+07
4.26624e+06,0,0,0,0,2.86319e+07,850021,0,1.33011e+07
5.00264e+06,0,0,0,0,2.48039e+07,736392,0,1.33011e+07
5.16101e+06,0,0,0,0,2.57069e+07,158373,0,1.33011e+07
5.32007e+06,0,0,0,0,2.57096e+07,159064,0,1.33011e+07
5.47983e+06,0,0,0,0,2.57123e+07,159757,0,1.33011e+07
5.64028e+06,0,0,0,0,2.5715e+07,160449,0,1.33011e+07
5.82966e+06,0,0,0,0,2.6669e+07,189380,0,1.33011e+07
6.1814e+06,0,0,0,0,2.64204e+07,351738,0,1.33011e+07
6.53385e+06,0,0,0,0,2.64232e+07,352458,0,1.33011e+07
6.88703e+06,0,0,0,0,2.6426e+07,353178,0,1.33011e+07
7.64163e+06,0,0,0,0,2.54173e+07,754603,0,1.33011e+07
8.39635e+06,0,0,0,0,2.5421e+07,754713,0,1.33011e+07
9.15117e+06,0,0,0,0,2.54247e+07,754823,0,1.33011e+07
9.9061e+06,0,0,0,0,2.54284e+07,754932,0,1.33011e+07
1.06994e+07,0,0,0,0,2.67205e+07,793285,0,1.33011e+07
1.14928e+07,0,0,0,0,2.67244e+07,793400,0,1.33011e+07
1.22863e+07,0,0,0,0,2.67283e+07,793516,0,1.33011e+07
1.30799e+07,0,0,0,0,2.67322e+07,793631,0,1.33011e+07
1.38737e+07,0,0,0,0,2.67361e+07,793747,0,1.33011e+07
1.46748e+07,0,0,0,0,2.6985e+07,801090,0,1.33011e+07
1.5476e+07,0,0,0,0,2.69889e+07,801206,0,1.33011e+07
1.62773e+07,0,0,0,0,2.69928e+07,801323,0,1.33011e+07
1.70787e+07,0,0,0,0,2.69967e+07,801439,0,1.33011e+07
1.78994e+07,0,0,0,0,2.76455e+07,820698,0,1.33011e+07
1.87203e+07,0,0,0,0,2.76496e+07,820818,0,1.33011e+07
1.95412e+07,0,0,0,0,2.76536e+07,820937,0,1.33011e+07
2.03622e+07,0,0,0,0,2.76576e+07,821057,0,1.33011e+07
2.12461e+07,0,0,0,0,2.97746e+07,883879,0,1.33011e+07
2.21301e+07,0,0,0,0,2.9779e+07,884007,0,1.33011e+07
2.30143e+07,0,0,0,0,2.97833e+07,884136,0,1.33011e+07
2.38985e+07,0,0,0,0,2.97876e+07,884264,0,1.33011e+07
2.47829e+07,0,0,0,0,2.9792e+07,884393,0,1.33011e+07
2.56327e+07,0,0,0,0,2.8624e+07,849747,0,1.33011e+07
2.64825e+07,0,0,0,0,2.86282e+07,849870,0,1.33011e+07
2.73325e+07,0,0,0,0,2.86324e+07,849994,0,1.33011e+07
2.81827e+07,0,0,0,0,2.86365e+07,850118,0,1.33011e+07
2.90024e+07,0,0,0,0,2.76135e+07,819776,0,1.33011e+07
2.97571e+07,0,0,0,0,2.77191e+07,754631,0,1.33011e+07
3.05125e+07,0,0,0,0,2.77221e+07,755409,0,1.33011e+07
3.12687e+07,0,0,0,0,2.77251e+07,756187,0,1.33011e+07
3.19537e+07,0,0,0,0,2.53056e+07,685082,0,1.33011e+07
3.21844e+07,0,0,0,0,2.60165e+07,230619,0,1.33011e+07
3.24157e+07,0,0,0,0,2.60193e+07,231320,0,1.33011e+07
3.26477e+07,0,0,0,0,2.6022e+07,232022,0,1.33011e+07
0,0,1.61672e+10,0,0,2.60248e+07,232724,1.61343e+10,1.33011e+07
257249,0,0,0,0,2.683e+07,257249,0,1.33011e+07
647095,0,0,0,0,2.66274e+07,389847,0,1.33011e+07
1.03763e+06,0,0,0,0,2.66301e+07,390530,0,1.33011e+07
1.42884e+06,0,0,0,0,2.66328e+07,391213,0,1.33011e+07
1.90364e+06,0,0,0,0,2.94288e+07,474803,0,1.33011e+07
2.75983e+06,0,0,0,0,2.88396e+07,856184,0,1.33011e+07
3.61613e+06,0,0,0,0,2.88435e+07,856302,0,1.33011e+07
4.47255e+06,0,0,0,0,2.88475e+07,856419,0,1.33011e+07
5.21448e+06,0,0,0,0,2.49903e+07,741929,0,1.33011e+07
5.40858e+06,0,0,0,0,2.58462e+07,194103,0,1.33011e+07
5.60334e+06,0,0,0,0,2.58488e+07,194759,0,1.33011e+07
5.79875e+06,0,0,0,0,2.58514e+07,195415,0,1.33011e+07
5.99483e+06,0,0,0,0,2.58539e+07,196072,0,1.33011e+07
6.22e+06,0,0,0,0,2.68149e+07,225178,0,1.33011e+07
6.60871e+06,0,0,0,0,2.65642e+07,388708,0,1.33011e+07
6.9981e+06,0,0,0,0,2.65669e+07,389391,0,1.33011e+07
7.38818e+06,0,0,0,0,2.65695e+07,390074,0,1.33011e+07
7.76784e+06,0,0,0,0,2.61985e+07,379665,0,1.33011e+07
8.0849e+06,0,0,0,0,2.62996e+07,317055,0,1.33011e+07
8.40262e+06,0,0,0,0,2.63022e+07,317728,0,1.33011e+07
8.72103e+06,0,0,0,0,2.63049e+07,318401,0,1.33011e+07
9.07862e+06,0,0,0,0,2.76054e+07,357600,0,1.33011e+07
9.66147e+06,0,0,0,0,2.72588e+07,582849,0,1.33011e+07
1.0245e+07,0,0,0,0,2.72616e+07,583559,0,1.33011e+07
1.08293e+07,0,0,0,0,2.72643e+07,584268,0,1.33011e+07
1.14143e+07,0,0,0,0,2.72671e+07,584977,0,1.33011e+07
1.20072e+07,0,0,0,0,2.75166e+07,592968,0,1.33011e+07
1.27244e+07,0,0,0,0,2.73273e+07,717191,0,1.33011e+07
1.34424e+07,0,0,0,0,2.733e+07,717919,0,1.33011e+07
1.4161e+07,0,0,0,0,2.73328e+07,718646,0,1.33011e+07
1.48997e+07,0,0,0,0,2.79852e+07,738657,0,1.33011e+07
1.57265e+07,0,0,0,0,2.7852e+07,826827,0,1.33011e+07
1.65534e+07,0,0,0,0,2.78558e+07,826940,0,1.33011e+07
1.73805e+07,0,0,0,0,2.78596e+07,827053,0,1.33011e+07
1.82708e+07,0,0,0,0,2.99918e+07,890326,0,1.33011e+07
1.91613e+07,0,0,0,0,2.99959e+07,890448,0,1.33011e+07
2.00518e+07,0,0,0,0,3e+07,890570,0,1.33011e+07
2.09425e+07,0,0,0,0,3.00041e+07,890692,0,1.33011e+07
2.18333e+07,0,0,0,0,3.00083e+07,890814,0,1.33011e+07
2.26892e+07,0,0,0,0,2.88316e+07,855909,0,1.33011e+07
2.35453e+07,0,0,0,0,2.88355e+07,856026,0,1.33011e+07
2.44014e+07,0,0,0,0,2.88395e+07,856143,0,1.33011e+07
2.52577e+07,0,0,0,0,2.88434e+07,856260,0,1.33011e+07
2.60834e+07,0,0,0,0,2.78128e+07,825692,0,1.33011e+07
2.68766e+07,0,0,0,0,2.78673e+07,793230,0,1.33011e+07
2.76706e+07,0,0,0,0,2.78702e+07,793968,0,1.33011e+07
2.84653e+07,0,0,0,0,2.7873e+07,794706,0,1.33011e+07
2.91883e+07,0,0,0,0,2.5436e+07,723044,0,1.33011e+07
2.94536e+07,0,0,0,0,2.61518e+07,265270,0,1.33011e+07
2.97195e+07,0,0,0,0,2.61545e+07,265936,0,1.33011e+07
2.99861e+07,0,0,0,0,2.61571e+07,266601,0,1.33011e+07
0,0,1.66458e+10,0,0,2.61597e+07,267267,1.66155e+10,1.33011e+07
291925,0,0,0,0,2.69704e+07,291925,0,1.33011e+07
717353,0,0,0,0,2.67663e+07,425427,0,1.33011e+07
1.14342e+06,0,0,0,0,2.67688e+07,426072,0,1.33011e+07
1.92198e+06,0,0,0,0,2.62239e+07,778553,0,1.33011e+07
2.78413e+06,0,0,0,0,2.90405e+07,862149,0,1.33011e+07
3.64639e+06,0,0,0,0,2.90442e+07,862260,0,1.33011e+07
4.50876e+06,0,0,0,0,2.90479e+07,862371,0,1.33011e+07
5.37124e+06,0,0,0,0,2.90517e+07,862482,0,1.33011e+07
6.11841e+06,0,0,0,0,2.5167e+07,747175,0,1.33011e+07
6.86569e+06,0,0,0,0,2.51703e+07,747271,0,1.33011e+07
7.61305e+06,0,0,0,0,2.51735e+07,747367,0,1.33011e+07
8.36051e+06,0,0,0,0,2.51767e+07,747462,0,1.33011e+07
9.10807e+06,0,0,0,0,2.518e+07,747558,0,1.33011e+07
9.88438e+06,0,0,0,0,2.61484e+07,776304,0,1.33011e+07
1.06608e+07,0,0,0,0,2.61517e+07,776404,0,1.33011e+07
1.14373e+07,0,0,0,0,2.61551e+07,776504,0,1.33011e+07
1.22139e+07,0,0,0,0,2.61584e+07,776603,0,1.33011e+07
1.29794e+07,0,0,0,0,2.57855e+07,765533,0,1.33011e+07
1.37451e+07,0,0,0,0,2.57888e+07,765632,0,1.33011e+07
1.45108e+07,0,0,0,0,2.57921e+07,765730,0,1.33011e+07
1.52766e+07,0,0,0,0,2.57954e+07,765828,0,1.33011e+07
1.60813e+07,0,0,0,0,2.71057e+07,804720,0,1.33011e+07
1.68862e+07,0,0,0,0,2.71092e+07,804823,0,1.33011e+07
1.76911e+07,0,0,0,0,2.71127e+07,804927,0,1.33011e+07
1.84961e+07,0,0,0,0,2.71161e+07,805030,0,1.33011e+07
1.93012e+07,0,0,0,0,2.71196e+07,805133,0,1.33011e+07
2.01138e+07,0,0,0,0,2.73716e+07,812568,0,1.33011e+07
2.09265e+07,0,0,0,0,2.73751e+07,812672,0,1.33011e+07
2.17393e+07,0,0,0,0,2.73786e+07,812776,0,1.33011e+07
2.25521e+07,0,0,0,0,2.73822e+07,812881,0,1.33011e+07
2.33845e+07,0,0,0,0,2.80397e+07,832401,0,1.33011e+07
2.42171e+07,0,0,0,0,2.80433e+07,832507,0,1.33011e+07
2.50497e+07,0,0,0,0,2.80469e+07,832614,0,1.33011e+07
2.58824e+07,0,0,0,0,2.80505e+07,832721,0,1.33011e+07
2.67788e+07,0,0,0,0,3.01971e+07,896420,0,1.33011e+07
2.76753e+07,0,0,0,0,3.0201e+07,896535,0,1.33011e+07
2.8572e+07,0,0,0,0,3.02049e+07,896650,0,1.33011e+07
2.94688e+07,0,0,0,0,3.02087e+07,896765,0,1.33011e+07
3.03656e+07,0,0,0,0,3.02126e+07,896880,0,1.33011e+07
3.12274e+07,0,0,0,0,2.90277e+07,861730,0,1.33011e+07
3.20892e+07,0,0,0,0,2.90314e+07,861841,0,1.33011e+07
3.29512e+07,0,0,0,0,2.90351e+07,861951,0,1.33011e+07
3.38132e+07,0,0,0,0,2.90389e+07,862062,0,1.33011e+07
3.46445e+07,0,0,0,0,2.8001e+07,831279,0,1.33011e+07
3.54759e+07,0,0,0,0,2.80046e+07,831386,0,1.33011e+07
3.63074e+07,0,0,0,0,2.80082e+07,831493,0,1.33011e+07
3.7139e+07,0,0,0,0,2.80118e+07,831600,0,1.33011e+07
3.78978e+07,0,0,0,0,2.55591e+07,758819,0,1.33011e+07
3.86567e+07,0,0,0,0,2.55624e+07,758916,0,1.33011e+07
3.94157e+07,0,0,0,0,2.55657e+07,759014,0,1.33011e+07
4.01748e+07,0,0,0,0,2.5569e+07,759111,0,1.33011e+07
0,0,1.65793e+10,0,0,2.55723e+07,759209,1.65384e+10,1.33011e+07
783459,0,0,0,0,2.63891e+07,783459,0,1.33011e+07
1.56701e+06,0,0,0,0,2.63923e+07,783553,0,1.33011e+07
2.35066e+06,0,0,0,0,2.63955e+07,783647,0,1.33011e+07
3.1344e+06,0,0,0,0,2.63986e+07,783741,0,1.33011e+07
4.00229e+06,0,0,0,0,2.92337e+07,867886,0,1.33011e+07
4.87028e+06,0,0,0,0,2.92372e+07,867991,0,1.33011e+07
5.73837e+06,0,0,0,0,2.92407e+07,868095,0,1.33011e+07
6.60657e+06,0,0,0,0,2.92442e+07,868199,0,1.33011e+07
7.35869e+06,0,0,0,0,2.53336e+07,752121,0,1.33011e+07
8.1109e+06,0,0,0,0,2.53367e+07,752211,0,1.33011e+07
8.8632e+06,0,0,0,0,2.53397e+07,752301,0,1.33011e+07
9.6156e+06,0,0,0,0,2.53427e+07,752391,0,1.33011e+07
1.03681e+07,0,0,0,0,2.53458e+07,752482,0,1.33011e+07
1.11495e+07,0,0,0,0,2.63203e+07,781410,0,1.33011e+07
1.1931e+07,0,0,0,0,2.63235e+07,781504,0,1.33011e+07
1.27126e+07,0,0,0,0,2.63266e+07,781598,0,1.33011e+07
1.34943e+07,0,0,0,0,2.63298e+07,781691,0,1.33011e+07
1.42648e+07,0,0,0,0,2.59542e+07,770542,0,1.33011e+07
1.50355e+07,0,0,0,0,2.59573e+07,770634,0,1.33011e+07
1.58062e+07,0,0,0,0,2.59604e+07,770727,0,1.33011e+07
1.6577e+07,0,0,0,0,2.59635e+07,770819,0,1.33011e+07
1.7387e+07,0,0,0,0,2.72821e+07,809958,0,1.33011e+07
1.8197e+07,0,0,0,0,2.72854e+07,810055,0,1.33011e+07
1.90072e+07,0,0,0,0,2.72887e+07,810152,0,1.33011e+07
1.98174e+07,0,0,0,0,2.72919e+07,810249,0,1.33011e+07
2.06278e+07,0,0,0,0,2.72952e+07,810346,0,1.33011e+07
2.14456e+07,0,0,0,0,2.75486e+07,817821,0,1.33011e+07
2.22635e+07,0,0,0,0,2.75519e+07,817919,0,1.33011e+07
2.30815e+07,0,0,0,0,2.75552e+07,818017,0,1.33011e+07
2.38996e+07,0,0,0,0,2.75585e+07,818116,0,1.33011e+07
2.47374e+07,0,0,0,0,2.82201e+07,837754,0,1.33011e+07
2.55752e+07,0,0,0,0,2.82234e+07,837854,0,1.33011e+07
2.64132e+07,0,0,0,0,2.82268e+07,837955,0,1.33011e+07
2.72513e+07,0,0,0,0,2.82302e+07,838055,0,1.33011e+07
2.81534e+07,0,0,0,0,3.03903e+07,902154,0,1.33011e+07
2.90557e+07,0,0,0,0,3.03939e+07,902262,0,1.33011e+07
2.9958e+07,0,0,0,0,3.03976e+07,902371,0,1.33011e+07
3.08605e+07,0,0,0,0,3.04012e+07,902479,0,1.33011e+07
3.17631e+07,0,0,0,0,3.04048e+07,902587,0,1.33011e+07
3.26303e+07,0,0,0,0,2.92121e+07,867205,0,1.33011e+07
3.34976e+07,0,0,0,0,2.92156e+07,867309,0,1.33011e+07
3.4365e+07,0,0,0,0,2.92191e+07,867413,0,1.33011e+07
3.52326e+07,0,0,0,0,2.92226e+07,867517,0,1.33011e+07
3.60691e+07,0,0,0,0,2.8178e+07,836533,0,1.33011e+07
3.69057e+07,0,0,0,0,2.81814e+07,836633,0,1.33011e+07
3.77424e+07,0,0,0,0,2.81847e+07,836733,0,1.33011e+07
3.85793e+07,0,0,0,0,2.81881e+07,836834,0,1.33011e+07
3.93429e+07,0,0,0,0,2.57198e+07,763588,0,1.33011e+07
3.96716e+07,0,0,0,0,2.63996e+07,328727,0,1.33011e+07
4.00009e+07,0,0,0,0,2.64019e+07,329317,0,1.33011e+07
4.03308e+07,0,0,0,0,2.64042e+07,329907,0,1.33011e+07
4.06613e+07,0,0,0,0,2.64065e+07,330496,0,1.33011e+07
0,0,1.69877e+10,0,0,2.72275e+07,355391,1.69466e+10,1.33011e+07
490542,0,0,0,0,2.70203e+07,490542,0,1.33011e+07
981651,0,0,0,0,2.70225e+07,491110,0,1.33011e+07
1.47333e+06,0,0,0,0,2.70248e+07,491677,0,1.33011e+07
2.3466e+06,0,0,0,0,2.94152e+07,873276,0,1.33011e+07
3.21998e+06,0,0,0,0,2.94185e+07,873373,0,1.33011e+07
4.09345e+06,0,0,0,0,2.94218e+07,873471,0,1.33011e+07
4.96702e+06,0,0,0,0,2.94251e+07,873568,0,1.33011e+07
5.72378e+06,0,0,0,0,2.54901e+07,756766,0,1.33011e+07
6.48063e+06,0,0,0,0,2.54929e+07,756851,0,1.33011e+07
7.23757e+06,0,0,0,0,2.54958e+07,756935,0,1.33011e+07
7.99459e+06,0,0,0,0,2.54986e+07,757020,0,1.33011e+07
8.75169e+06,0,0,0,0,2.55015e+07,757104,0,1.33011e+07
9.5379e+06,0,0,0,0,2.64818e+07,786204,0,1.33011e+07
1.03242e+07,0,0,0,0,2.64848e+07,786292,0,1.33011e+07
1.11106e+07,0,0,0,0,2.64877e+07,786380,0,1.33011e+07
1.1897e+07,0,0,0,0,2.64907e+07,786467,0,1.33011e+07
1.26723e+07,0,0,0,0,2.61126e+07,775244,0,1.33011e+07
1.34476e+07,0,0,0,0,2.61155e+07,775330,0,1.33011e+07
1.4223e+07,0,0,0,0,2.61184e+07,775417,0,1.33011e+07
1.49985e+07,0,0,0,0,2.61213e+07,775503,0,1.33011e+07
1.58134e+07,0,0,0,0,2.74477e+07,814873,0,1.33011e+07
1.66284e+07,0,0,0,0,2.74507e+07,814964,0,1.33011e+07
1.74434e+07,0,0,0,0,2.74538e+07,815055,0,1.33011e+07
1.82586e+07,0,0,0,0,2.74569e+07,815146,0,1.33011e+07
1.90738e+07,0,0,0,0,2.74599e+07,815237,0,1.33011e+07
1.98966e+07,0,0,0,0,2.77146e+07,822751,0,1.33011e+07
2.07194e+07,0,0,0,0,2.77177e+07,822842,0,1.33011e+07
2.15423e+07,0,0,0,0,2.77208e+07,822934,0,1.33011e+07
2.23654e+07,0,0,0,0,2.77239e+07,823026,0,1.33011e+07
2.32081e+07,0,0,0,0,2.83892e+07,842775,0,1.33011e+07
2.4051e+07,0,0,0,0,2.83924e+07,842869,0,1.33011e+07
2.4894e+07,0,0,0,0,2.83955e+07,842963,0,1.33011e+07
2.5737e+07,0,0,0,0,2.83987e+07,843058,0,1.33011e+07
2.66446e+07,0,0,0,0,3.05714e+07,907532,0,1.33011e+07
2.75522e+07,0,0,0,0,3.05748e+07,907633,0,1.33011e+07
2.84599e+07,0,0,0,0,3.05782e+07,907734,0,1.33011e+07
2.93678e+07,0,0,0,0,3.05817e+07,907836,0,1.33011e+07
3.02757e+07,0,0,0,0,3.05851e+07,907937,0,1.33011e+07
3.1148e+07,0,0,0,0,2.9385e+07,872339,0,1.33011e+07
3.20205e+07,0,0,0,0,2.93883e+07,872436,0,1.33011e+07
3.2893e+07,0,0,0,0,2.93916e+07,872533,0,1.33011e+07
3.37656e+07,0,0,0,0,2.93949e+07,872631,0,1.33011e+07
3.46071e+07,0,0,0,0,2.83439e+07,841457,0,1.33011e+07
3.54486e+07,0,0,0,0,2.8347e+07,841551,0,1.33011e+07
3.62903e+07,0,0,0,0,2.83502e+07,841645,0,1.33011e+07
3.7132e+07,0,0,0,0,2.83533e+07,841739,0,1.33011e+07
3.79001e+07,0,0,0,0,2.58703e+07,768058,0,1.33011e+07
3.86682e+07,0,0,0,0,2.58732e+07,768144,0,1.33011e+07
3.94365e+07,0,0,0,0,2.58761e+07,768229,0,1.33011e+07
4.02048e+07,0,0,0,0,2.5879e+07,768315,0,1.33011e+07
4.09732e+07,0,0,0,0,2.58819e+07,768401,0,1.33011e+07
0,0,1.67823e+10,0,0,2.67082e+07,792932,1.67406e+10,1.33011e+07
793014,0,0,0,0,2.6711e+07,793014,0,1.33011e+07
1.58611e+06,0,0,0,0,2.67137e+07,793096,0,1.33011e+07
2.37929e+06,0,0,0,0,2.67165e+07,793179,0,1.33011e+07
3.25761e+06,0,0,0,0,2.95853e+07,878323,0,1.33011e+07
4.13603e+06,0,0,0,0,2.95883e+07,878414,0,1.33011e+07
5.01453e+06,0,0,0,0,2.95914e+07,878505,0,1.33011e+07
5.89313e+06,0,0,0,0,2.95945e+07,878596,0,1.33011e+07
6.65424e+06,0,0,0,0,2.56366e+07,761116,0,1.33011e+07
7.41544e+06,0,0,0,0,2.56393e+07,761195,0,1.33011e+07
8.17671e+06,0,0,0,0,2.56419e+07,761274,0,1.33011e+07
8.93806e+06,0,0,0,0,2.56446e+07,761352,0,1.33011e+07
9.6995e+06,0,0,0,0,2.56472e+07,761431,0,1.33011e+07
1.04902e+07,0,0,0,0,2.66329e+07,790691,0,1.33011e+07
1.1281e+07,0,0,0,0,2.66357e+07,790773,0,1.33011e+07
1.20718e+07,0,0,0,0,2.66385e+07,790855,0,1.33011e+07
1.28628e+07,0,0,0,0,2.66412e+07,790937,0,1.33011e+07
1.36424e+07,0,0,0,0,2.62608e+07,779643,0,1.33011e+07
1.44221e+07,0,0,0,0,2.62635e+07,779724,0,1.33011e+07
1.52019e+07,0,0,0,0,2.62662e+07,779805,0,1.33011e+07
1.59818e+07,0,0,0,0,2.62689e+07,779886,0,1.33011e+07
1.68013e+07,0,0,0,0,2.76026e+07,819471,0,1.33011e+07
1.76208e+07,0,0,0,0,2.76054e+07,819556,0,1.33011e+07
1.84405e+07,0,0,0,0,2.76083e+07,819641,0,1.33011e+07
1.92602e+07,0,0,0,0,2.76111e+07,819726,0,1.33011e+07
2.008e+07,0,0,0,0,2.7614e+07,819811,0,1.33011e+07
2.09074e+07,0,0,0,0,2.78699e+07,827360,0,1.33011e+07
2.17348e+07,0,0,0,0,2.78728e+07,827446,0,1.33011e+07
2.25624e+07,0,0,0,0,2.78757e+07,827531,0,1.33011e+07
2.339e+07,0,0,0,0,2.78786e+07,827617,0,1.33011e+07
2.42374e+07,0,0,0,0,2.85473e+07,847470,0,1.33011e+07
2.5085e+07,0,0,0,0,2.85503e+07,847558,0,1.33011e+07
2.59326e+07,0,0,0,0,2.85533e+07,847645,0,1.33011e+07
2.67804e+07,0,0,0,0,2.85562e+07,847733,0,1.33011e+07
2.63017e+07,0,0,0,0,2.93495e+07,-478719,0,1.33011e+07
2.58229e+07,0,0,0,0,2.93525e+07,-478768,0,1.33011e+07
2.53441e+07,0,0,0,0,2.93555e+07,-478818,0,1.33011e+07
2.48652e+07,0,0,0,0,2.93586e+07,-478868,0,1.33011e+07
2.43863e+07,0,0,0,0,2.93616e+07,-478917,0,1.33011e+07
2.52634e+07,0,0,0,0,2.95466e+07,877135,0,1.33011e+07
2.61406e+07,0,0,0,0,2.95497e+07,877225,0,1.33011e+07
2.7018e+07,0,0,0,0,2.95527e+07,877316,0,1.33011e+07
2.78954e+07,0,0,0,0,2.95558e+07,877407,0,1.33011e+07
2.87414e+07,0,0,0,0,2.84988e+07,846056,0,1.33011e+07
2.95876e+07,0,0,0,0,2.85017e+07,846144,0,1.33011e+07
3.04338e+07,0,0,0,0,2.85047e+07,846231,0,1.33011e+07
3.12801e+07,0,0,0,0,2.85076e+07,846319,0,1.33011e+07
3.20523e+07,0,0,0,0,2.60109e+07,772231,0,1.33011e+07
3.24368e+07,0,0,0,0,2.66171e+07,384440,0,1.33011e+07
3.28217e+07,0,0,0,0,2.66191e+07,384955,0,1.33011e+07
3.32072e+07,0,0,0,0,2.66211e+07,385471,0,1.33011e+07
3.35932e+07,0,0,0,0,2.66231e+07,385987,0,1.33011e+07
0,0,1.67992e+10,0,0,2.66224e+07,386422,1.67652e+10,1.33011e+07
411080,0,0,0,0,2.7453e+07,411080,0,1.33011e+07
958750,0,0,0,0,2.72432e+07,547670,0,1.33011e+07
1.50691e+06,0,0,0,0,2.72451e+07,548162,0,1.33011e+07
2.05557e+06,0,0,0,0,2.7247e+07,548655,0,1.33011e+07
2.69023e+06,0,0,0,0,3.01303e+07,634665,0,1.33011e+07
3.57335e+06,0,0,0,0,2.97467e+07,883117,0,1.33011e+07
4.45655e+06,0,0,0,0,2.97496e+07,883201,0,1.33011e+07
5.33984e+06,0,0,0,0,2.97524e+07,883286,0,1.33011e+07
6.10501e+06,0,0,0,0,2.57732e+07,765172,0,1.33011e+07
6.87025e+06,0,0,0,0,2.57757e+07,765246,0,1.33011e+07
7.63557e+06,0,0,0,0,2.57782e+07,765319,0,1.33011e+07
8.40097e+06,0,0,0,0,2.57807e+07,765392,0,1.33011e+07
9.16643e+06,0,0,0,0,2.57831e+07,765466,0,1.33011e+07
9.96131e+06,0,0,0,0,2.67738e+07,794874,0,1.33011e+07
1.07563e+07,0,0,0,0,2.67764e+07,794950,0,1.33011e+07
1.15513e+07,0,0,0,0,2.6779e+07,795026,0,1.33011e+07
1.23464e+07,0,0,0,0,2.67815e+07,795102,0,1.33011e+07
1.31301e+07,0,0,0,0,2.63989e+07,783743,0,1.33011e+07
1.39139e+07,0,0,0,0,2.64014e+07,783818,0,1.33011e+07
1.46978e+07,0,0,0,0,2.64039e+07,783893,0,1.33011e+07
1.54818e+07,0,0,0,0,2.64064e+07,783968,0,1.33011e+07
1.63056e+07,0,0,0,0,2.77468e+07,823754,0,1.33011e+07
1.71294e+07,0,0,0,0,2.77495e+07,823833,0,1.33011e+07
1.79533e+07,0,0,0,0,2.77521e+07,823912,0,1.33011e+07
1.87773e+07,0,0,0,0,2.77548e+07,823991,0,1.33011e+07
1.96014e+07,0,0,0,0,2.77575e+07,824070,0,1.33011e+07
2.0433e+07,0,0,0,0,2.80145e+07,831652,0,1.33011e+07
2.12647e+07,0,0,0,0,2.80171e+07,831731,0,1.33011e+07
2.20966e+07,0,0,0,0,2.80198e+07,831811,0,1.33011e+07
2.29285e+07,0,0,0,0,2.80225e+07,831891,0,1.33011e+07
2.37803e+07,0,0,0,0,2.86945e+07,851839,0,1.33011e+07
2.46322e+07,0,0,0,0,2.86973e+07,851921,0,1.33011e+07
2.54842e+07,0,0,0,0,2.87e+07,852002,0,1.33011e+07
2.63363e+07,0,0,0,0,2.87028e+07,852084,0,1.33011e+07
2.58551e+07,0,0,0,0,2.94998e+07,-481172,0,1.33011e+07
2.53739e+07,0,0,0,0,2.95027e+07,-481218,0,1.33011e+07
2.48926e+07,0,0,0,0,2.95055e+07,-481264,0,1.33011e+07
2.44113e+07,0,0,0,0,2.95083e+07,-481310,0,1.33011e+07
2.393e+07,0,0,0,0,2.95111e+07,-481356,0,1.33011e+07
2.48116e+07,0,0,0,0,2.96968e+07,881594,0,1.33011e+07
2.56933e+07,0,0,0,0,2.96997e+07,881679,0,1.33011e+07
2.6575e+07,0,0,0,0,2.97025e+07,881763,0,1.33011e+07
2.74569e+07,0,0,0,0,2.97054e+07,881847,0,1.33011e+07
2.83072e+07,0,0,0,0,2.86428e+07,850331,0,1.33011e+07
2.91576e+07,0,0,0,0,2.86455e+07,850412,0,1.33011e+07
3.00081e+07,0,0,0,0,2.86482e+07,850494,0,1.33011e+07
3.08587e+07,0,0,0,0,2.8651e+07,850575,0,1.33011e+07
3.16348e+07,0,0,0,0,2.61415e+07,776109,0,1.33011e+07
3.20442e+07,0,0,0,0,2.67146e+07,409435,0,1.33011e+07
3.24541e+07,0,0,0,0,2.67165e+07,409914,0,1.33011e+07
3.28645e+07,0,0,0,0,2.67183e+07,410393,0,1.33011e+07
0,0,1.72217e+10,0,0,2.67202e+07,410871,1.71885e+10,1.33011e+07
436051,0,0,0,0,2.75541e+07,436051,0,1.33011e+07
1.00933e+06,0,0,0,0,2.73431e+07,573282,0,1.33011e+07
1.81065e+06,0,0,0,0,2.69908e+07,801321,0,1.33011e+07
2.61204e+06,0,0,0,0,2.69931e+07,801391,0,1.33011e+07
3.49945e+06,0,0,0,0,2.98911e+07,887404,0,1.33011e+07
4.38693e+06,0,0,0,0,2.98938e+07,887482,0,1.33011e+07
5.27449e+06,0,0,0,0,2.98964e+07,887560,0,1.33011e+07
6.16213e+06,0,0,0,0,2.9899e+07,887638,0,1.33011e+07
6.93106e+06,0,0,0,0,2.59e+07,768937,0,1.33011e+07
7.70007e+06,0,0,0,0,2.59023e+07,769004,0,1.33011e+07
8.46914e+06,0,0,0,0,2.59046e+07,769072,0,1.33011e+07
9.23828e+06,0,0,0,0,2.59069e+07,769140,0,1.33011e+07
1.00075e+07,0,0,0,0,2.59092e+07,769207,0,1.33011e+07
1.04071e+07,0,0,0,0,2.75255e+07,399611,0,1.33011e+07
1.09759e+07,0,0,0,0,2.72647e+07,568807,0,1.33011e+07
1.15452e+07,0,0,0,0,2.72665e+07,569261,0,1.33011e+07
1.21149e+07,0,0,0,0,2.72683e+07,569715,0,1.33011e+07
1.26736e+07,0,0,0,0,2.68829e+07,558679,0,1.33011e+07
1.31671e+07,0,0,0,0,2.69867e+07,493566,0,1.33011e+07
1.36611e+07,0,0,0,0,2.69884e+07,494013,0,1.33011e+07
1.41556e+07,0,0,0,0,2.69902e+07,494461,0,1.33011e+07
1.46904e+07,0,0,0,0,2.83362e+07,534811,0,1.33011e+07
1.55182e+07,0,0,0,0,2.7883e+07,827796,0,1.33011e+07
1.63461e+07,0,0,0,0,2.78854e+07,827869,0,1.33011e+07
1.7174e+07,0,0,0,0,2.78879e+07,827941,0,1.33011e+07
1.8002e+07,0,0,0,0,2.78903e+07,828014,0,1.33011e+07
1.87793e+07,0,0,0,0,2.82391e+07,777286,0,1.33011e+07
1.9615e+07,0,0,0,0,2.81508e+07,835700,0,1.33011e+07
2.04508e+07,0,0,0,0,2.81533e+07,835773,0,1.33011e+07
2.12866e+07,0,0,0,0,2.81558e+07,835847,0,1.33011e+07
2.21425e+07,0,0,0,0,2.88308e+07,855883,0,1.33011e+07
2.29985e+07,0,0,0,0,2.88333e+07,855959,0,1.33011e+07
2.38545e+07,0,0,0,0,2.88358e+07,856034,0,1.33011e+07
2.47106e+07,0,0,0,0,2.88384e+07,856109,0,1.33011e+07
2.42272e+07,0,0,0,0,2.9639e+07,-483441,0,1.33011e+07
2.37437e+07,0,0,0,0,2.96416e+07,-483484,0,1.33011e+07
2.32602e+07,0,0,0,0,2.96442e+07,-483526,0,1.33011e+07
2.27766e+07,0,0,0,0,2.96468e+07,-483569,0,1.33011e+07
2.2293e+07,0,0,0,0,2.96494e+07,-483611,0,1.33011e+07
2.31787e+07,0,0,0,0,2.98357e+07,885718,0,1.33011e+07
2.40645e+07,0,0,0,0,2.98384e+07,885796,0,1.33011e+07
2.49504e+07,0,0,0,0,2.9841e+07,885874,0,1.33011e+07
2.58363e+07,0,0,0,0,2.98436e+07,885952,0,1.33011e+07
2.66906e+07,0,0,0,0,2.87758e+07,854282,0,1.33011e+07
2.7545e+07,0,0,0,0,2.87784e+07,854357,0,1.33011e+07
2.83994e+07,0,0,0,0,2.87809e+07,854432,0,1.33011e+07
2.92539e+07,0,0,0,0,2.87834e+07,854507,0,1.33011e+07
3.00336e+07,0,0,0,0,2.62621e+07,779690,0,1.33011e+07
3.04661e+07,0,0,0,0,2.68047e+07,432523,0,1.33011e+07
3.08991e+07,0,0,0,0,2.68064e+07,432965,0,1.33011e+07
3.13325e+07,0,0,0,0,2.68082e+07,433407,0,1.33011e+07
0,0,1.7335e+10,0,0,2.62714e+07,779964,1.73029e+10,1.33011e+07
804846,0,0,0,0,2.71095e+07,804846,0,1.33011e+07
1.60976e+06,0,0,0,0,2.71117e+07,804911,0,1.33011e+07
2.41473e+06,0,0,0,0,2.71139e+07,804976,0,1.33011e+07
3.21977e+06,0,0,0,0,2.71161e+07,805040,0,1.33011e+07
4.11121e+06,0,0,0,0,3.0027e+07,891437,0,1.33011e+07
5.00272e+06,0,0,0,0,3.00294e+07,891509,0,1.33011e+07
5.8943e+06,0,0,0,0,3.00318e+07,891580,0,1.33011e+07
6.78595e+06,0,0,0,0,3.00342e+07,891652,0,1.33011e+07
7.55836e+06,0,0,0,0,2.6017e+07,772408,0,1.33011e+07
7.74204e+06,0,0,0,0,2.54303e+07,183679,0,1.33011e+07
7.92573e+06,0,0,0,0,2.54323e+07,183694,0,1.33011e+07
8.10944e+06,0,0,0,0,2.54344e+07,183709,0,1.33011e+07
8.29317e+06,0,0,0,0,2.54364e+07,183724,0,1.33011e+07
8.48394e+06,0,0,0,0,2.64134e+07,190776,0,1.33011e+07
8.67473e+06,0,0,0,0,2.64155e+07,190791,0,1.33011e+07
8.86554e+06,0,0,0,0,2.64176e+07,190807,0,1.33011e+07
9.05636e+06,0,0,0,0,2.64197e+07,190822,0,1.33011e+07
9.24446e+06,0,0,0,0,2.60418e+07,188094,0,1.33011e+07
9.43256e+06,0,0,0,0,2.60439e+07,188109,0,1.33011e+07
9.62069e+06,0,0,0,0,2.6046e+07,188124,0,1.33011e+07
9.80883e+06,0,0,0,0,2.60481e+07,188139,0,1.33011e+07
1.00065e+07,0,0,0,0,2.73699e+07,197678,0,1.33011e+07
1.01643e+07,0,0,0,0,2.74342e+07,157779,0,1.33011e+07
1.03224e+07,0,0,0,0,2.74358e+07,158161,0,1.33011e+07
1.0481e+07,0,0,0,0,2.74375e+07,158542,0,1.33011e+07
1.06399e+07,0,0,0,0,2.74391e+07,158924,0,1.33011e+07
1.0801e+07,0,0,0,0,2.76916e+07,161069,0,1.33011e+07
1.10005e+07,0,0,0,0,2.7634e+07,199537,0,1.33011e+07
1.05602e+07,0,0,0,0,2.69963e+07,-440312,0,1.33011e+07
1.01199e+07,0,0,0,0,2.69985e+07,-440348,0,1.33011e+07
9.66896e+06,0,0,0,0,2.76456e+07,-450902,0,1.33011e+07
9.21802e+06,0,0,0,0,2.76478e+07,-450939,0,1.33011e+07
9.4224e+06,0,0,0,0,2.83053e+07,204383,0,1.33011e+07
9.6268e+06,0,0,0,0,2.83076e+07,204400,0,1.33011e+07
9.14127e+06,0,0,0,0,2.97669e+07,-485527,0,1.33011e+07
8.65571e+06,0,0,0,0,2.97693e+07,-485566,0,1.33011e+07
8.1701e+06,0,0,0,0,2.97717e+07,-485605,0,1.33011e+07
7.68446e+06,0,0,0,0,2.9774e+07,-485644,0,1.33011e+07
7.19877e+06,0,0,0,0,2.97764e+07,-485683,0,1.33011e+07
8.08828e+06,0,0,0,0,2.99633e+07,889506,0,1.33011e+07
8.97786e+06,0,0,0,0,2.99657e+07,889578,0,1.33011e+07
9.86751e+06,0,0,0,0,2.99682e+07,889649,0,1.33011e+07
1.07572e+07,0,0,0,0,2.99706e+07,889720,0,1.33011e+07
1.16151e+07,0,0,0,0,2.8898e+07,857909,0,1.33011e+07
1.24731e+07,0,0,0,0,2.89004e+07,857978,0,1.33011e+07
1.33312e+07,0,0,0,0,2.89027e+07,858047,0,1.33011e+07
1.41893e+07,0,0,0,0,2.8905e+07,858116,0,1.33011e+07
1.49723e+07,0,0,0,0,2.63729e+07,782977,0,1.33011e+07
1.5426e+07,0,0,0,0,2.68874e+07,453710,0,1.33011e+07
1.58801e+07,0,0,0,0,2.68889e+07,454116,0,1.33011e+07
1.63346e+07,0,0,0,0,2.68905e+07,454521,0,1.33011e+07
0,0,1.71328e+10,0,0,2.68921e+07,454927,1.7116e+10,1.33011e+07
480249,0,0,0,0,2.7733e+07,480249,0,1.33011e+07
1.09886e+06,0,0,0,0,2.75198e+07,618608,0,1.33011e+07
1.71784e+06,0,0,0,0,2.75213e+07,618988,0,1.33011e+07
2.33721e+06,0,0,0,0,2.75228e+07,619368,0,1.33011e+07
3.04365e+06,0,0,0,0,3.04451e+07,706438,0,1.33011e+07
3.93885e+06,0,0,0,0,3.01537e+07,895200,0,1.33011e+07
4.83412e+06,0,0,0,0,3.01559e+07,895265,0,1.33011e+07
5.72945e+06,0,0,0,0,3.01581e+07,895330,0,1.33011e+07
6.50504e+06,0,0,0,0,2.61241e+07,775589,0,1.33011e+07
6.91635e+06,0,0,0,0,2.66928e+07,411311,0,1.33011e+07
7.69205e+06,0,0,0,0,2.61279e+07,775702,0,1.33011e+07
8.46781e+06,0,0,0,0,2.61298e+07,775758,0,1.33011e+07
9.24362e+06,0,0,0,0,2.61317e+07,775815,0,1.33011e+07
1.00492e+07,0,0,0,0,2.71352e+07,805603,0,1.33011e+07
1.08549e+07,0,0,0,0,2.71372e+07,805661,0,1.33011e+07
1.16606e+07,0,0,0,0,2.71392e+07,805720,0,1.33011e+07
1.24664e+07,0,0,0,0,2.71411e+07,805779,0,1.33011e+07
1.32606e+07,0,0,0,0,2.67527e+07,794249,0,1.33011e+07
1.40549e+07,0,0,0,0,2.67547e+07,794307,0,1.33011e+07
1.48493e+07,0,0,0,0,2.67566e+07,794365,0,1.33011e+07
1.56437e+07,0,0,0,0,2.67586e+07,794422,0,1.33011e+07
1.64784e+07,0,0,0,0,2.81162e+07,834720,0,1.33011e+07
1.73132e+07,0,0,0,0,2.81182e+07,834781,0,1.33011e+07
1.81481e+07,0,0,0,0,2.81203e+07,834842,0,1.33011e+07
1.8983e+07,0,0,0,0,2.81223e+07,834903,0,1.33011e+07
1.98179e+07,0,0,0,0,2.81244e+07,834963,0,1.33011e+07
2.06606e+07,0,0,0,0,2.83842e+07,842627,0,1.33011e+07
2.15033e+07,0,0,0,0,2.83862e+07,842688,0,1.33011e+07
2.2346e+07,0,0,0,0,2.83883e+07,842749,0,1.33011e+07
2.31888e+07,0,0,0,0,2.83904e+07,842811,0,1.33011e+07
2.40518e+07,0,0,0,0,2.90705e+07,863001,0,1.33011e+07
2.49149e+07,0,0,0,0,2.90727e+07,863064,0,1.33011e+07
2.5778e+07,0,0,0,0,2.90748e+07,863127,0,1.33011e+07
2.66412e+07,0,0,0,0,2.90769e+07,863190,0,1.33011e+07
2.61538e+07,0,0,0,0,2.98837e+07,-487432,0,1.33011e+07
2.56663e+07,0,0,0,0,2.98858e+07,-487468,0,1.33011e+07
2.51788e+07,0,0,0,0,2.9888e+07,-487504,0,1.33011e+07
2.46913e+07,0,0,0,0,2.98902e+07,-487539,0,1.33011e+07
2.42037e+07,0,0,0,0,2.98924e+07,-487575,0,1.33011e+07
2.50966e+07,0,0,0,0,3.00798e+07,892963,0,1.33011e+07
2.59897e+07,0,0,0,0,3.0082e+07,893028,0,1.33011e+07
2.68828e+07,0,0,0,0,3.00842e+07,893093,0,1.33011e+07
2.77759e+07,0,0,0,0,3.00864e+07,893158,0,1.33011e+07
2.86371e+07,0,0,0,0,2.90095e+07,861218,0,1.33011e+07
2.94984e+07,0,0,0,0,2.90116e+07,861281,0,1.33011e+07
3.03598e+07,0,0,0,0,2.90137e+07,861343,0,1.33011e+07
3.12212e+07,0,0,0,0,2.90158e+07,861406,0,1.33011e+07
3.20071e+07,0,0,0,0,2.64738e+07,785973,0,1.33011e+07
3.24802e+07,0,0,0,0,2.69627e+07,473023,0,1.33011e+07
3.29536e+07,0,0,0,0,2.69641e+07,473392,0,1.33011e+07
3.34273e+07,0,0,0,0,2.69656e+07,473761,0,1.33011e+07
3.39014e+07,0,0,0,0,2.6967e+07,474130,0,1.33011e+07
0,0,1.77664e+10,0,0,2.7811e+07,499511,1.7732e+10,1.33011e+07
811324,0,0,0,0,2.73277e+07,811324,0,1.33011e+07
1.45002e+06,0,0,0,0,2.75982e+07,638700,0,1.33011e+07
2.08907e+06,0,0,0,0,2.75995e+07,639043,0,1.33011e+07
2.81547e+06,0,0,0,0,3.05327e+07,726402,0,1.33011e+07
3.71403e+06,0,0,0,0,3.02669e+07,898559,0,1.33011e+07
4.61265e+06,0,0,0,0,3.02689e+07,898618,0,1.33011e+07
5.51132e+06,0,0,0,0,3.02709e+07,898677,0,1.33011e+07
6.2898e+06,0,0,0,0,2.62215e+07,778482,0,1.33011e+07
6.71978e+06,0,0,0,0,2.67656e+07,429978,0,1.33011e+07
7.15009e+06,0,0,0,0,2.67668e+07,430307,0,1.33011e+07
7.58073e+06,0,0,0,0,2.67681e+07,430637,0,1.33011e+07
8.35941e+06,0,0,0,0,2.62284e+07,778686,0,1.33011e+07
9.16799e+06,0,0,0,0,2.72354e+07,808578,0,1.33011e+07
9.97662e+06,0,0,0,0,2.72372e+07,808631,0,1.33011e+07
1.07853e+07,0,0,0,0,2.7239e+07,808684,0,1.33011e+07
1.1594e+07,0,0,0,0,2.72408e+07,808737,0,1.33011e+07
1.23912e+07,0,0,0,0,2.68507e+07,797159,0,1.33011e+07
1.31884e+07,0,0,0,0,2.68525e+07,797211,0,1.33011e+07
1.37444e+07,0,0,0,0,2.72296e+07,556008,0,1.33011e+07
1.43008e+07,0,0,0,0,2.72309e+07,556345,0,1.33011e+07
1.51385e+07,0,0,0,0,2.82184e+07,837753,0,1.33011e+07
1.59763e+07,0,0,0,0,2.82202e+07,837808,0,1.33011e+07
1.68142e+07,0,0,0,0,2.82221e+07,837863,0,1.33011e+07
1.76521e+07,0,0,0,0,2.82239e+07,837918,0,1.33011e+07
1.8486e+07,0,0,0,0,2.82321e+07,833892,0,1.33011e+07
1.93279e+07,0,0,0,0,2.84921e+07,841877,0,1.33011e+07
2.01736e+07,0,0,0,0,2.84881e+07,845713,0,1.33011e+07
2.10194e+07,0,0,0,0,2.849e+07,845768,0,1.33011e+07
2.18652e+07,0,0,0,0,2.84918e+07,845824,0,1.33011e+07
2.27313e+07,0,0,0,0,2.91742e+07,866080,0,1.33011e+07
2.35974e+07,0,0,0,0,2.91762e+07,866137,0,1.33011e+07
2.44636e+07,0,0,0,0,2.91781e+07,866194,0,1.33011e+07
2.53298e+07,0,0,0,0,2.918e+07,866250,0,1.33011e+07
2.48407e+07,0,0,0,0,2.99894e+07,-489157,0,1.33011e+07
2.43515e+07,0,0,0,0,2.99914e+07,-489189,0,1.33011e+07
2.38623e+07,0,0,0,0,2.99933e+07,-489221,0,1.33011e+07
2.3373e+07,0,0,0,0,2.99953e+07,-489253,0,1.33011e+07
2.28837e+07,0,0,0,0,2.99972e+07,-489285,0,1.33011e+07
2.37798e+07,0,0,0,0,3.01851e+07,896089,0,1.33011e+07
2.4676e+07,0,0,0,0,3.01871e+07,896148,0,1.33011e+07
2.55722e+07,0,0,0,0,3.0189e+07,896207,0,1.33011e+07
2.64684e+07,0,0,0,0,3.0191e+07,896265,0,1.33011e+07
2.73327e+07,0,0,0,0,2.91102e+07,864207,0,1.33011e+07
2.81969e+07,0,0,0,0,2.91121e+07,864264,0,1.33011e+07
2.90612e+07,0,0,0,0,2.9114e+07,864321,0,1.33011e+07
2.99256e+07,0,0,0,0,2.91159e+07,864377,0,1.33011e+07
3.07143e+07,0,0,0,0,2.65649e+07,788678,0,1.33011e+07
3.12048e+07,0,0,0,0,2.70307e+07,490459,0,1.33011e+07
3.16955e+07,0,0,0,0,2.7032e+07,490792,0,1.33011e+07
3.21867e+07,0,0,0,0,2.70333e+07,491125,0,1.33011e+07
3.26781e+07,0,0,0,0,2.70346e+07,491458,0,1.33011e+07
0,0,1.75253e+10,0,0,2.78813e+07,516887,1.74921e+10,1.33011e+07
656168,0,0,0,0,2.76662e+07,656168,0,1.33011e+07
1.31264e+06,0,0,0,0,2.76674e+07,656474,0,1.33011e+07
1.96942e+06,0,0,0,0,2.76686e+07,656779,0,1.33011e+07
2.71382e+06,0,0,0,0,3.06115e+07,744395,0,1.33011e+07
3.6154e+06,0,0,0,0,3.03688e+07,901585,0,1.33011e+07
4.51704e+06,0,0,0,0,3.03706e+07,901638,0,1.33011e+07
5.41873e+06,0,0,0,0,3.03724e+07,901690,0,1.33011e+07
6.19981e+06,0,0,0,0,2.63093e+07,781086,0,1.33011e+07
6.6466e+06,0,0,0,0,2.6831e+07,446783,0,1.33011e+07
7.09367e+06,0,0,0,0,2.68321e+07,447076,0,1.33011e+07
7.54104e+06,0,0,0,0,2.68333e+07,447370,0,1.33011e+07
7.98871e+06,0,0,0,0,2.68344e+07,447663,0,1.33011e+07
8.4666e+06,0,0,0,0,2.78442e+07,477896,0,1.33011e+07
9.11619e+06,0,0,0,0,2.75787e+07,649588,0,1.33011e+07
9.76608e+06,0,0,0,0,2.75799e+07,649894,0,1.33011e+07
1.04163e+07,0,0,0,0,2.75811e+07,650198,0,1.33011e+07
1.10551e+07,0,0,0,0,2.71892e+07,638834,0,1.33011e+07
1.16277e+07,0,0,0,0,2.72939e+07,572554,0,1.33011e+07
1.22005e+07,0,0,0,0,2.72951e+07,572854,0,1.33011e+07
1.27737e+07,0,0,0,0,2.72963e+07,573155,0,1.33011e+07
1.33877e+07,0,0,0,0,2.86625e+07,613972,0,1.33011e+07
1.42282e+07,0,0,0,0,2.83117e+07,840525,0,1.33011e+07
1.50688e+07,0,0,0,0,2.83134e+07,840574,0,1.33011e+07
1.59094e+07,0,0,0,0,2.8315e+07,840623,0,1.33011e+07
1.675e+07,0,0,0,0,2.83167e+07,840671,0,1.33011e+07
1.75984e+07,0,0,0,0,2.85778e+07,848374,0,1.33011e+07
1.84468e+07,0,0,0,0,2.85794e+07,848424,0,1.33011e+07
1.92953e+07,0,0,0,0,2.85811e+07,848473,0,1.33011e+07
2.01438e+07,0,0,0,0,2.85828e+07,848522,0,1.33011e+07
2.10127e+07,0,0,0,0,2.92671e+07,868837,0,1.33011e+07
2.18816e+07,0,0,0,0,2.92688e+07,868887,0,1.33011e+07
2.27505e+07,0,0,0,0,2.92705e+07,868938,0,1.33011e+07
2.36195e+07,0,0,0,0,2.92722e+07,868989,0,1.33011e+07
2.31288e+07,0,0,0,0,3.0084e+07,-490700,0,1.33011e+07
2.26381e+07,0,0,0,0,3.00857e+07,-490728,0,1.33011e+07
2.21473e+07,0,0,0,0,3.00875e+07,-490757,0,1.33011e+07
2.16565e+07,0,0,0,0,3.00892e+07,-490785,0,1.33011e+07
2.11657e+07,0,0,0,0,3.0091e+07,-490814,0,1.33011e+07
2.20646e+07,0,0,0,0,3.02792e+07,898882,0,1.33011e+07
2.29635e+07,0,0,0,0,3.02809e+07,898934,0,1.33011e+07
2.38625e+07,0,0,0,0,3.02827e+07,898987,0,1.33011e+07
2.47615e+07,0,0,0,0,3.02845e+07,899039,0,1.33011e+07
2.56284e+07,0,0,0,0,2.92001e+07,866875,0,1.33011e+07
2.64953e+07,0,0,0,0,2.92018e+07,866926,0,1.33011e+07
2.73623e+07,0,0,0,0,2.92035e+07,866976,0,1.33011e+07
2.82294e+07,0,0,0,0,2.92051e+07,867027,0,1.33011e+07
2.90204e+07,0,0,0,0,2.66461e+07,791090,0,1.33011e+07
2.98116e+07,0,0,0,0,2.66477e+07,791136,0,1.33011e+07
3.06028e+07,0,0,0,0,2.66492e+07,791182,0,1.33011e+07
3.1394e+07,0,0,0,0,2.66508e+07,791228,0,1.33011e+07
3.21853e+07,0,0,0,0,2.66523e+07,791274,0,1.33011e+07
0,0,1.79123e+10,0,0,2.66523e+07,791274,1.78793e+10,1.33011e+07
816492,0,0,0,0,2.75018e+07,816492,0,1.33011e+07
1.63303e+06,0,0,0,0,2.75032e+07,816534,0,1.33011e+07
2.4496e+06,0,0,0,0,2.75046e+07,816576,0,1.33011e+07
3.26622e+06,0,0,0,0,2.7506e+07,816617,0,1.33011e+07
4.17045e+06,0,0,0,0,3.04579e+07,904230,0,1.33011e+07
5.07472e+06,0,0,0,0,3.04595e+07,904276,0,1.33011e+07
5.97905e+06,0,0,0,0,3.0461e+07,904322,0,1.33011e+07
6.88341e+06,0,0,0,0,3.04626e+07,904368,0,1.33011e+07
7.66681e+06,0,0,0,0,2.63872e+07,783400,0,1.33011e+07
7.8531e+06,0,0,0,0,2.57914e+07,186288,0,1.33011e+07
8.63658e+06,0,0,0,0,2.63899e+07,783480,0,1.33011e+07
9.4201e+06,0,0,0,0,2.63912e+07,783520,0,1.33011e+07
1.02037e+07,0,0,0,0,2.63926e+07,783560,0,1.33011e+07
1.03971e+07,0,0,0,0,2.67853e+07,193462,0,1.33011e+07
1.05906e+07,0,0,0,0,2.67867e+07,193472,0,1.33011e+07
1.07841e+07,0,0,0,0,2.6788e+07,193482,0,1.33011e+07
1.09776e+07,0,0,0,0,2.67894e+07,193492,0,1.33011e+07
1.11683e+07,0,0,0,0,2.64054e+07,190720,0,1.33011e+07
1.1359e+07,0,0,0,0,2.64068e+07,190730,0,1.33011e+07
1.15498e+07,0,0,0,0,2.64081e+07,190740,0,1.33011e+07
1.17405e+07,0,0,0,0,2.64095e+07,190749,0,1.33011e+07
1.19409e+07,0,0,0,0,2.77488e+07,200414,0,1.33011e+07
1.27839e+07,0,0,0,0,2.83927e+07,842929,0,1.33011e+07
1.36268e+07,0,0,0,0,2.83941e+07,842971,0,1.33011e+07
1.38273e+07,0,0,0,0,2.7753e+07,200445,0,1.33011e+07
1.40277e+07,0,0,0,0,2.77544e+07,200455,0,1.33011e+07
1.423e+07,0,0,0,0,2.80101e+07,202253,0,1.33011e+07
1.44322e+07,0,0,0,0,2.80116e+07,202263,0,1.33011e+07
1.46345e+07,0,0,0,0,2.8013e+07,202274,0,1.33011e+07
1.54854e+07,0,0,0,0,2.8663e+07,850906,0,1.33011e+07
1.50284e+07,0,0,0,0,2.80208e+07,-457023,0,1.33011e+07
1.52355e+07,0,0,0,0,2.86864e+07,207135,0,1.33011e+07
1.54427e+07,0,0,0,0,2.86879e+07,207145,0,1.33011e+07
1.56498e+07,0,0,0,0,2.86893e+07,207156,0,1.33011e+07
1.51578e+07,0,0,0,0,3.01674e+07,-492060,0,1.33011e+07
1.46657e+07,0,0,0,0,3.01689e+07,-492085,0,1.33011e+07
1.41736e+07,0,0,0,0,3.01704e+07,-492110,0,1.33011e+07
1.36814e+07,0,0,0,0,3.0172e+07,-492135,0,1.33011e+07
1.31893e+07,0,0,0,0,3.01735e+07,-492160,0,1.33011e+07
1.40906e+07,0,0,0,0,3.0362e+07,901341,0,1.33011e+07
1.4992e+07,0,0,0,0,3.03635e+07,901387,0,1.33011e+07
1.58934e+07,0,0,0,0,3.03651e+07,901433,0,1.33011e+07
1.67949e+07,0,0,0,0,3.03666e+07,901478,0,1.33011e+07
1.76641e+07,0,0,0,0,2.92791e+07,869221,0,1.33011e+07
1.85334e+07,0,0,0,0,2.92806e+07,869266,0,1.33011e+07
1.94027e+07,0,0,0,0,2.92821e+07,869310,0,1.33011e+07
2.02721e+07,0,0,0,0,2.92835e+07,869354,0,1.33011e+07
2.10653e+07,0,0,0,0,2.67175e+07,793208,0,1.33011e+07
2.18585e+07,0,0,0,0,2.67188e+07,793248,0,1.33011e+07
2.26518e+07,0,0,0,0,2.67202e+07,793288,0,1.33011e+07
2.34451e+07,0,0,0,0,2.67215e+07,793329,0,1.33011e+07
0,0,1.77301e+10,0,0,2.67229e+07,793369,1.77058e+10,1.33011e+07
818648,0,0,0,0,2.75744e+07,818648,0,1.33011e+07
1.63733e+06,0,0,0,0,2.75756e+07,818684,0,1.33011e+07
2.45605e+06,0,0,0,0,2.75768e+07,818720,0,1.33011e+07
3.27481e+06,0,0,0,0,2.7578e+07,818756,0,1.33011e+07
4.1814e+06,0,0,0,0,3.05375e+07,906592,0,1.33011e+07
5.08803e+06,0,0,0,0,3.05388e+07,906631,0,1.33011e+07
5.9947e+06,0,0,0,0,3.05401e+07,906671,0,1.33011e+07
6.90141e+06,0,0,0,0,3.05415e+07,906710,0,1.33011e+07
7.68684e+06,0,0,0,0,2.64554e+07,785424,0,1.33011e+07
8.47229e+06,0,0,0,0,2.64565e+07,785458,0,1.33011e+07
9.25779e+06,0,0,0,0,2.64577e+07,785492,0,1.33011e+07
1.00433e+07,0,0,0,0,2.64588e+07,785527,0,1.33011e+07
1.08289e+07,0,0,0,0,2.646e+07,785561,0,1.33011e+07
1.16446e+07,0,0,0,0,2.74753e+07,815699,0,1.33011e+07
1.23229e+07,0,0,0,0,2.76903e+07,678317,0,1.33011e+07
1.30014e+07,0,0,0,0,2.76912e+07,678548,0,1.33011e+07
1.36802e+07,0,0,0,0,2.76921e+07,678778,0,1.33011e+07
1.43475e+07,0,0,0,0,2.72977e+07,667276,0,1.33011e+07
1.49481e+07,0,0,0,0,2.74028e+07,600560,0,1.33011e+07
1.55488e+07,0,0,0,0,2.74037e+07,600787,0,1.33011e+07
1.61499e+07,0,0,0,0,2.74045e+07,601014,0,1.33011e+07
1.67918e+07,0,0,0,0,2.87778e+07,641976,0,1.33011e+07
1.76369e+07,0,0,0,0,2.84632e+07,845021,0,1.33011e+07
1.84819e+07,0,0,0,0,2.84644e+07,845058,0,1.33011e+07
1.9327e+07,0,0,0,0,2.84657e+07,845095,0,1.33011e+07
2.01721e+07,0,0,0,0,2.84669e+07,845132,0,1.33011e+07
2.1025e+07,0,0,0,0,2.8729e+07,852863,0,1.33011e+07
2.18779e+07,0,0,0,0,2.87302e+07,852901,0,1.33011e+07
2.27308e+07,0,0,0,0,2.87315e+07,852938,0,1.33011e+07
2.35838e+07,0,0,0,0,2.87327e+07,852975,0,1.33011e+07
2.44572e+07,0,0,0,0,2.94203e+07,873384,0,1.33011e+07
2.53306e+07,0,0,0,0,2.94216e+07,873422,0,1.33011e+07
2.62041e+07,0,0,0,0,2.94228e+07,873460,0,1.33011e+07
2.70776e+07,0,0,0,0,2.94241e+07,873498,0,1.33011e+07
2.65843e+07,0,0,0,0,3.02397e+07,-493239,0,1.33011e+07
2.60911e+07,0,0,0,0,3.0241e+07,-493261,0,1.33011e+07
2.55978e+07,0,0,0,0,3.02423e+07,-493282,0,1.33011e+07
2.51045e+07,0,0,0,0,3.02436e+07,-493304,0,1.33011e+07
2.46112e+07,0,0,0,0,3.02449e+07,-493325,0,1.33011e+07
2.55146e+07,0,0,0,0,3.04337e+07,903469,0,1.33011e+07
2.64181e+07,0,0,0,0,3.0435e+07,903508,0,1.33011e+07
2.73217e+07,0,0,0,0,3.04363e+07,903548,0,1.33011e+07
2.82253e+07,0,0,0,0,3.04377e+07,903587,0,1.33011e+07
2.90965e+07,0,0,0,0,2.93473e+07,871248,0,1.33011e+07
2.99678e+07,0,0,0,0,2.93486e+07,871286,0,1.33011e+07
3.08391e+07,0,0,0,0,2.93499e+07,871324,0,1.33011e+07
3.17105e+07,0,0,0,0,2.93512e+07,871362,0,1.33011e+07
3.25055e+07,0,0,0,0,2.6779e+07,795035,0,1.33011e+07
3.3037e+07,0,0,0,0,2.71903e+07,531424,0,1.33011e+07
3.35686e+07,0,0,0,0,2.71912e+07,531648,0,1.33011e+07
3.41005e+07,0,0,0,0,2.71921e+07,531871,0,1.33011e+07
0,0,1.79684e+10,0,0,2.7193e+07,532095,1.79338e+10,1.33011e+07
557616,0,0,0,0,2.80459e+07,557616,0,1.33011e+07
1.25551e+06,0,0,0,0,2.78288e+07,697892,0,1.33011e+07
1.95359e+06,0,0,0,0,2.78295e+07,698086,0,1.33011e+07
2.65187e+06,0,0,0,0,2.78303e+07,698279,0,1.33011e+07
3.43834e+06,0,0,0,0,3.07959e+07,786469,0,1.33011e+07
4.347e+06,0,0,0,0,3.06069e+07,908654,0,1.33011e+07
5.25568e+06,0,0,0,0,3.06081e+07,908687,0,1.33011e+07
6.1644e+06,0,0,0,0,3.06092e+07,908721,0,1.33011e+07
6.95156e+06,0,0,0,0,2.65138e+07,787160,0,1.33011e+07
7.73875e+06,0,0,0,0,2.65148e+07,787188,0,1.33011e+07
8.52597e+06,0,0,0,0,2.65158e+07,787217,0,1.33011e+07
9.31322e+06,0,0,0,0,2.65167e+07,787246,0,1.33011e+07
1.01005e+07,0,0,0,0,2.65177e+07,787275,0,1.33011e+07
1.0918e+07,0,0,0,0,2.7535e+07,817473,0,1.33011e+07
1.17355e+07,0,0,0,0,2.7536e+07,817503,0,1.33011e+07
1.2553e+07,0,0,0,0,2.7537e+07,817533,0,1.33011e+07
1.33706e+07,0,0,0,0,2.75381e+07,817563,0,1.33011e+07
1.41764e+07,0,0,0,0,2.7143e+07,805835,0,1.33011e+07
1.49823e+07,0,0,0,0,2.7144e+07,805864,0,1.33011e+07
1.57882e+07,0,0,0,0,2.7145e+07,805894,0,1.33011e+07
1.65941e+07,0,0,0,0,2.71459e+07,805923,0,1.33011e+07
1.74408e+07,0,0,0,0,2.85222e+07,846773,0,1.33011e+07
1.82877e+07,0,0,0,0,2.85232e+07,846804,0,1.33011e+07
1.91345e+07,0,0,0,0,2.85243e+07,846835,0,1.33011e+07
1.99814e+07,0,0,0,0,2.85253e+07,846866,0,1.33011e+07
2.08283e+07,0,0,0,0,2.85264e+07,846897,0,1.33011e+07
2.16829e+07,0,0,0,0,2.87888e+07,854639,0,1.33011e+07
2.25376e+07,0,0,0,0,2.87898e+07,854670,0,1.33011e+07
2.33923e+07,0,0,0,0,2.87909e+07,854701,0,1.33011e+07
2.4247e+07,0,0,0,0,2.87919e+07,854732,0,1.33011e+07
2.51222e+07,0,0,0,0,2.94807e+07,875177,0,1.33011e+07
2.59974e+07,0,0,0,0,2.94817e+07,875209,0,1.33011e+07
2.68726e+07,0,0,0,0,2.94828e+07,875241,0,1.33011e+07
2.77479e+07,0,0,0,0,2.94839e+07,875273,0,1.33011e+07
2.72537e+07,0,0,0,0,3.03009e+07,-494237,0,1.33011e+07
2.67594e+07,0,0,0,0,3.0302e+07,-494256,0,1.33011e+07
2.62651e+07,0,0,0,0,3.03031e+07,-494274,0,1.33011e+07
2.57708e+07,0,0,0,0,3.03042e+07,-494292,0,1.33011e+07
2.52765e+07,0,0,0,0,3.03053e+07,-494310,0,1.33011e+07
2.61818e+07,0,0,0,0,3.04942e+07,905265,0,1.33011e+07
2.70871e+07,0,0,0,0,3.04953e+07,905298,0,1.33011e+07
2.79924e+07,0,0,0,0,3.04964e+07,905331,0,1.33011e+07
2.88978e+07,0,0,0,0,3.04975e+07,905365,0,1.33011e+07
2.97707e+07,0,0,0,0,2.94049e+07,872956,0,1.33011e+07
3.06437e+07,0,0,0,0,2.9406e+07,872988,0,1.33011e+07
3.15167e+07,0,0,0,0,2.9407e+07,873020,0,1.33011e+07
3.23898e+07,0,0,0,0,2.94081e+07,873052,0,1.33011e+07
3.31864e+07,0,0,0,0,2.68307e+07,796570,0,1.33011e+07
3.3983e+07,0,0,0,0,2.68317e+07,796599,0,1.33011e+07
3.47796e+07,0,0,0,0,2.68327e+07,796629,0,1.33011e+07
3.55763e+07,0,0,0,0,2.68337e+07,796658,0,1.33011e+07
3.63729e+07,0,0,0,0,2.68346e+07,796687,0,1.33011e+07
0,0,1.83091e+10,0,0,2.76893e+07,822060,1.82719e+10,1.33011e+07
822084,0,0,0,0,2.76901e+07,822084,0,1.33011e+07
1.64419e+06,0,0,0,0,2.7691e+07,822108,0,1.33011e+07
2.46633e+06,0,0,0,0,2.76918e+07,822132,0,1.33011e+07
3.37664e+06,0,0,0,0,3.0663e+07,910317,0,1.33011e+07
4.28699e+06,0,0,0,0,3.06639e+07,910344,0,1.33011e+07
5.19736e+06,0,0,0,0,3.06648e+07,910371,0,1.33011e+07
6.10776e+06,0,0,0,0,3.06657e+07,910398,0,1.33011e+07
6.89636e+06,0,0,0,0,2.65626e+07,788607,0,1.33011e+07
7.68499e+06,0,0,0,0,2.65634e+07,788630,0,1.33011e+07
8.47364e+06,0,0,0,0,2.65641e+07,788653,0,1.33011e+07
9.26232e+06,0,0,0,0,2.65649e+07,788676,0,1.33011e+07
1.0051e+07,0,0,0,0,2.65657e+07,788699,0,1.33011e+07
1.087e+07,0,0,0,0,2.75847e+07,818946,0,1.33011e+07
1.16889e+07,0,0,0,0,2.75855e+07,818970,0,1.33011e+07
1.25079e+07,0,0,0,0,2.75863e+07,818994,0,1.33011e+07
1.33269e+07,0,0,0,0,2.75871e+07,819018,0,1.33011e+07
1.41342e+07,0,0,0,0,2.71911e+07,807264,0,1.33011e+07
1.49415e+07,0,0,0,0,2.71919e+07,807287,0,1.33011e+07
1.57488e+07,0,0,0,0,2.71927e+07,807311,0,1.33011e+07
1.65561e+07,0,0,0,0,2.71935e+07,807335,0,1.33011e+07
1.74044e+07,0,0,0,0,2.85719e+07,848250,0,1.33011e+07
1.82527e+07,0,0,0,0,2.85728e+07,848275,0,1.33011e+07
1.9101e+07,0,0,0,0,2.85736e+07,848300,0,1.33011e+07
1.99493e+07,0,0,0,0,2.85745e+07,848325,0,1.33011e+07
2.07976e+07,0,0,0,0,2.85753e+07,848350,0,1.33011e+07
2.16537e+07,0,0,0,0,2.8838e+07,856099,0,1.33011e+07
2.25099e+07,0,0,0,0,2.88388e+07,856124,0,1.33011e+07
2.3366e+07,0,0,0,0,2.88397e+07,856149,0,1.33011e+07
2.42222e+07,0,0,0,0,2.88405e+07,856174,0,1.33011e+07
2.50988e+07,0,0,0,0,2.95302e+07,876647,0,1.33011e+07
2.59755e+07,0,0,0,0,2.9531e+07,876672,0,1.33011e+07
2.68522e+07,0,0,0,0,2.95319e+07,876698,0,1.33011e+07
2.77289e+07,0,0,0,0,2.95328e+07,876724,0,1.33011e+07
2.72339e+07,0,0,0,0,3.03509e+07,-495053,0,1.33011e+07
2.67388e+07,0,0,0,0,3.03518e+07,-495068,0,1.33011e+07
2.62437e+07,0,0,0,0,3.03527e+07,-495082,0,1.33011e+07
2.57486e+07,0,0,0,0,3.03536e+07,-495097,0,1.33011e+07
2.52535e+07,0,0,0,0,3.03545e+07,-495111,0,1.33011e+07
2.61602e+07,0,0,0,0,3.05434e+07,906727,0,1.33011e+07
2.7067e+07,0,0,0,0,3.05443e+07,906754,0,1.33011e+07
2.79738e+07,0,0,0,0,3.05452e+07,906780,0,1.33011e+07
2.88806e+07,0,0,0,0,3.05461e+07,906807,0,1.33011e+07
2.97549e+07,0,0,0,0,2.94515e+07,874340,0,1.33011e+07
3.06293e+07,0,0,0,0,2.94524e+07,874366,0,1.33011e+07
3.15037e+07,0,0,0,0,2.94532e+07,874392,0,1.33011e+07
3.23781e+07,0,0,0,0,2.94541e+07,874417,0,1.33011e+07
3.31759e+07,0,0,0,0,2.68725e+07,797811,0,1.33011e+07
3.37252e+07,0,0,0,0,2.72599e+07,549311,0,1.33011e+07
3.42747e+07,0,0,0,0,2.72605e+07,549461,0,1.33011e+07
3.48243e+07,0,0,0,0,2.72611e+07,549612,0,1.33011e+07
3.53741e+07,0,0,0,0,2.72617e+07,549764,0,1.33011e+07
0,0,1.80155e+10,0,0,2.81173e+07,575297,1.79795e+10,1.33011e+07
715979,0,0,0,0,2.78991e+07,715979,0,1.33011e+07
1.53933e+06,0,0,0,0,2.77327e+07,823347,0,1.33011e+07
2.36269e+06,0,0,0,0,2.77333e+07,823365,0,1.33011e+07
3.27437e+06,0,0,0,0,3.07087e+07,911676,0,1.33011e+07
4.18606e+06,0,0,0,0,3.07094e+07,911696,0,1.33011e+07
5.09778e+06,0,0,0,0,3.07101e+07,911716,0,1.33011e+07
6.00952e+06,0,0,0,0,3.07108e+07,911736,0,1.33011e+07
6.79928e+06,0,0,0,0,2.66014e+07,789760,0,1.33011e+07
7.58905e+06,0,0,0,0,2.6602e+07,789778,0,1.33011e+07
8.37885e+06,0,0,0,0,2.66026e+07,789795,0,1.33011e+07
9.16866e+06,0,0,0,0,2.66032e+07,789813,0,1.33011e+07
9.95849e+06,0,0,0,0,2.66038e+07,789831,0,1.33011e+07
1.07786e+07,0,0,0,0,2.7624e+07,820115,0,1.33011e+07
1.15987e+07,0,0,0,0,2.76246e+07,820133,0,1.33011e+07
1.24189e+07,0,0,0,0,2.76252e+07,820151,0,1.33011e+07
1.32391e+07,0,0,0,0,2.76259e+07,820169,0,1.33011e+07
1.40475e+07,0,0,0,0,2.72291e+07,808392,0,1.33011e+07
1.48559e+07,0,0,0,0,2.72297e+07,808410,0,1.33011e+07
1.56643e+07,0,0,0,0,2.72303e+07,808428,0,1.33011e+07
1.64727e+07,0,0,0,0,2.72309e+07,808446,0,1.33011e+07
1.73222e+07,0,0,0,0,2.86111e+07,849412,0,1.33011e+07
1.81716e+07,0,0,0,0,2.86117e+07,849431,0,1.33011e+07
1.9021e+07,0,0,0,0,2.86123e+07,849450,0,1.33011e+07
1.98705e+07,0,0,0,0,2.8613e+07,849469,0,1.33011e+07
2.072e+07,0,0,0,0,2.86136e+07,849487,0,1.33011e+07
2.15772e+07,0,0,0,0,2.88764e+07,857240,0,1.33011e+07
2.24345e+07,0,0,0,0,2.88771e+07,857259,0,1.33011e+07
2.32918e+07,0,0,0,0,2.88777e+07,857278,0,1.33011e+07
2.41491e+07,0,0,0,0,2.88783e+07,857297,0,1.33011e+07
2.50269e+07,0,0,0,0,2.95687e+07,877790,0,1.33011e+07
2.59047e+07,0,0,0,0,2.95694e+07,877810,0,1.33011e+07
2.67825e+07,0,0,0,0,2.957e+07,877829,0,1.33011e+07
2.76603e+07,0,0,0,0,2.95707e+07,877849,0,1.33011e+07
2.71647e+07,0,0,0,0,3.03896e+07,-495685,0,1.33011e+07
2.6669e+07,0,0,0,0,3.03903e+07,-495696,0,1.33011e+07
2.61733e+07,0,0,0,0,3.0391e+07,-495707,0,1.33011e+07
2.56775e+07,0,0,0,0,3.03916e+07,-495718,0,1.33011e+07
2.51818e+07,0,0,0,0,3.03923e+07,-495729,0,1.33011e+07
2.60897e+07,0,0,0,0,3.05813e+07,907851,0,1.33011e+07
2.69975e+07,0,0,0,0,3.0582e+07,907871,0,1.33011e+07
2.79054e+07,0,0,0,0,3.05827e+07,907891,0,1.33011e+07
2.88133e+07,0,0,0,0,3.05833e+07,907912,0,1.33011e+07
2.96887e+07,0,0,0,0,2.94872e+07,875399,0,1.33011e+07
3.05642e+07,0,0,0,0,2.94878e+07,875419,0,1.33011e+07
3.14396e+07,0,0,0,0,2.94885e+07,875438,0,1.33011e+07
3.2315e+07,0,0,0,0,2.94891e+07,875457,0,1.33011e+07
3.31138e+07,0,0,0,0,2.69043e+07,798754,0,1.33011e+07
3.39126e+07,0,0,0,0,2.69049e+07,798772,0,1.33011e+07
3.47114e+07,0,0,0,0,2.69055e+07,798789,0,1.33011e+07
3.55102e+07,0,0,0,0,2.69061e+07,798807,0,1.33011e+07
3.6309e+07,0,0,0,0,2.69066e+07,798825,0,1.33011e+07
0,0,1.83494e+10,0,0,2.77632e+07,824254,1.83123e+10,1.33011e+07
824267,0,0,0,0,2.77637e+07,824267,0,1.33011e+07
1.64855e+06,0,0,0,0,2.77641e+07,824279,0,1.33011e+07
2.47284e+06,0,0,0,0,2.77645e+07,824291,0,1.33011e+07
3.38553e+06,0,0,0,0,3.0743e+07,912695,0,1.33011e+07
4.29824e+06,0,0,0,0,3.07435e+07,912709,0,1.33011e+07
5.21096e+06,0,0,0,0,3.0744e+07,912722,0,1.33011e+07
6.1237e+06,0,0,0,0,3.07444e+07,912736,0,1.33011e+07
6.91432e+06,0,0,0,0,2.66304e+07,790621,0,1.33011e+07
7.70495e+06,0,0,0,0,2.66308e+07,790633,0,1.33011e+07
8.4956e+06,0,0,0,0,2.66312e+07,790645,0,1.33011e+07
9.28625e+06,0,0,0,0,2.66316e+07,790657,0,1.33011e+07
1.00769e+07,0,0,0,0,2.6632e+07,790668,0,1.33011e+07
1.08979e+07,0,0,0,0,2.76531e+07,820979,0,1.33011e+07
1.17189e+07,0,0,0,0,2.76535e+07,820991,0,1.33011e+07
1.25399e+07,0,0,0,0,2.7654e+07,821004,0,1.33011e+07
1.33609e+07,0,0,0,0,2.76544e+07,821016,0,1.33011e+07
1.41701e+07,0,0,0,0,2.7257e+07,809221,0,1.33011e+07
1.49794e+07,0,0,0,0,2.72574e+07,809233,0,1.33011e+07
1.57886e+07,0,0,0,0,2.72579e+07,809246,0,1.33011e+07
1.65979e+07,0,0,0,0,2.72583e+07,809258,0,1.33011e+07
1.74481e+07,0,0,0,0,2.86396e+07,850259,0,1.33011e+07
1.82984e+07,0,0,0,0,2.864e+07,850272,0,1.33011e+07
1.91487e+07,0,0,0,0,2.86405e+07,850284,0,1.33011e+07
1.9999e+07,0,0,0,0,2.86409e+07,850297,0,1.33011e+07
2.08493e+07,0,0,0,0,2.86413e+07,850310,0,1.33011e+07
2.17074e+07,0,0,0,0,2.89042e+07,858064,0,1.33011e+07
2.25654e+07,0,0,0,0,2.89046e+07,858077,0,1.33011e+07
2.34235e+07,0,0,0,0,2.8905e+07,858090,0,1.33011e+07
2.42816e+07,0,0,0,0,2.89055e+07,858103,0,1.33011e+07
2.51602e+07,0,0,0,0,2.95963e+07,878609,0,1.33011e+07
2.60389e+07,0,0,0,0,2.95967e+07,878622,0,1.33011e+07
2.69175e+07,0,0,0,0,2.95972e+07,878636,0,1.33011e+07
2.77961e+07,0,0,0,0,2.95976e+07,878649,0,1.33011e+07
2.73e+07,0,0,0,0,3.04171e+07,-496133,0,1.33011e+07
2.68039e+07,0,0,0,0,3.04176e+07,-496141,0,1.33011e+07
2.63077e+07,0,0,0,0,3.0418e+07,-496148,0,1.33011e+07
2.58116e+07,0,0,0,0,3.04185e+07,-496156,0,1.33011e+07
2.53154e+07,0,0,0,0,3.04189e+07,-496163,0,1.33011e+07
2.6224e+07,0,0,0,0,3.06079e+07,908640,0,1.33011e+07
2.71327e+07,0,0,0,0,3.06083e+07,908653,0,1.33011e+07
2.80414e+07,0,0,0,0,3.06088e+07,908667,0,1.33011e+07
2.895e+07,0,0,0,0,3.06092e+07,908681,0,1.33011e+07
2.98262e+07,0,0,0,0,2.95119e+07,876135,0,1.33011e+07
3.07023e+07,0,0,0,0,2.95124e+07,876148,0,1.33011e+07
3.15785e+07,0,0,0,0,2.95128e+07,876161,0,1.33011e+07
3.24547e+07,0,0,0,0,2.95133e+07,876174,0,1.33011e+07
3.32541e+07,0,0,0,0,2.69261e+07,799402,0,1.33011e+07
3.40535e+07,0,0,0,0,2.69265e+07,799414,0,1.33011e+07
3.48529e+07,0,0,0,0,2.69269e+07,799426,0,1.33011e+07
3.56523e+07,0,0,0,0,2.69273e+07,799438,0,1.33011e+07
3.64518e+07,0,0,0,0,2.69277e+07,799450,0,1.33011e+07
0,0,1.83603e+10,0,0,2.69277e+07,799450,1.8323e+10,1.33011e+07
824894,0,0,0,0,2.77848e+07,824894,0,1.33011e+07
1.64979e+06,0,0,0,0,2.7785e+07,824901,0,1.33011e+07
2.4747e+06,0,0,0,0,2.77852e+07,824907,0,1.33011e+07
3.29962e+06,0,0,0,0,2.77855e+07,824914,0,1.33011e+07
4.21299e+06,0,0,0,0,3.0766e+07,913378,0,1.33011e+07
5.12638e+06,0,0,0,0,3.07663e+07,913385,0,1.33011e+07
6.03977e+06,0,0,0,0,3.07665e+07,913392,0,1.33011e+07
6.95317e+06,0,0,0,0,3.07668e+07,913400,0,1.33011e+07
7.74436e+06,0,0,0,0,2.66496e+07,791190,0,1.33011e+07
8.53556e+06,0,0,0,0,2.66498e+07,791196,0,1.33011e+07
9.32676e+06,0,0,0,0,2.665e+07,791203,0,1.33011e+07
1.0118e+07,0,0,0,0,2.66502e+07,791209,0,1.33011e+07
1.09092e+07,0,0,0,0,2.66505e+07,791216,0,1.33011e+07
1.17307e+07,0,0,0,0,2.76721e+07,821541,0,1.33011e+07
1.25523e+07,0,0,0,0,2.76723e+07,821548,0,1.33011e+07
1.33738e+07,0,0,0,0,2.76725e+07,821555,0,1.33011e+07
1.41954e+07,0,0,0,0,2.76727e+07,821561,0,1.33011e+07
1.50051e+07,0,0,0,0,2.72749e+07,809753,0,1.33011e+07
1.58149e+07,0,0,0,0,2.72752e+07,809759,0,1.33011e+07
1.66247e+07,0,0,0,0,2.72754e+07,809766,0,1.33011e+07
1.74344e+07,0,0,0,0,2.72756e+07,809772,0,1.33011e+07
1.82852e+07,0,0,0,0,2.86576e+07,850793,0,1.33011e+07
1.9136e+07,0,0,0,0,2.86578e+07,850800,0,1.33011e+07
1.99868e+07,0,0,0,0,2.86581e+07,850807,0,1.33011e+07
2.08377e+07,0,0,0,0,2.86583e+07,850814,0,1.33011e+07
2.16885e+07,0,0,0,0,2.86585e+07,850821,0,1.33011e+07
2.2547e+07,0,0,0,0,2.89213e+07,858574,0,1.33011e+07
2.34056e+07,0,0,0,0,2.89216e+07,858581,0,1.33011e+07
2.42642e+07,0,0,0,0,2.89218e+07,858588,0,1.33011e+07
2.51228e+07,0,0,0,0,2.8922e+07,858594,0,1.33011e+07
2.60019e+07,0,0,0,0,2.9613e+07,879106,0,1.33011e+07
2.6881e+07,0,0,0,0,2.96133e+07,879113,0,1.33011e+07
2.77602e+07,0,0,0,0,2.96135e+07,879120,0,1.33011e+07
2.86393e+07,0,0,0,0,2.96137e+07,879127,0,1.33011e+07
2.81429e+07,0,0,0,0,3.04334e+07,-496400,0,1.33011e+07
2.76465e+07,0,0,0,0,3.04337e+07,-496404,0,1.33011e+07
2.71501e+07,0,0,0,0,3.04339e+07,-496408,0,1.33011e+07
2.66537e+07,0,0,0,0,3.04342e+07,-496412,0,1.33011e+07
2.61572e+07,0,0,0,0,3.04344e+07,-496416,0,1.33011e+07
2.70663e+07,0,0,0,0,3.06232e+07,909097,0,1.33011e+07
2.79754e+07,0,0,0,0,3.06235e+07,909104,0,1.33011e+07
2.88846e+07,0,0,0,0,3.06237e+07,909111,0,1.33011e+07
2.97937e+07,0,0,0,0,3.0624e+07,909118,0,1.33011e+07
3.06702e+07,0,0,0,0,2.9526e+07,876551,0,1.33011e+07
3.15468e+07,0,0,0,0,2.95262e+07,876558,0,1.33011e+07
3.24233e+07,0,0,0,0,2.95264e+07,876565,0,1.33011e+07
3.32999e+07,0,0,0,0,2.95267e+07,876572,0,1.33011e+07
3.40997e+07,0,0,0,0,2.69381e+07,799759,0,1.33011e+07
3.46615e+07,0,0,0,0,2.73085e+07,561857,0,1.33011e+07
3.52234e+07,0,0,0,0,2.73086e+07,561898,0,1.33011e+07
3.57854e+07,0,0,0,0,2.73088e+07,561940,0,1.33011e+07
0,0,1.83848e+10,0,0,2.7309e+07,561982,1.83484e+10,1.33011e+07
587465,0,0,0,0,2.81661e+07,587465,0,1.33011e+07
1.31583e+06,0,0,0,0,2.7947e+07,728366,0,1.33011e+07
2.0442e+06,0,0,0,0,2.7947e+07,728372,0,1.33011e+07
2.77258e+06,0,0,0,0,2.7947e+07,728378,0,1.33011e+07
3.58946e+06,0,0,0,0,3.09285e+07,816875,0,1.33011e+07
4.50319e+06,0,0,0,0,3.07779e+07,913729,0,1.33011e+07
5.41692e+06,0,0,0,0,3.07779e+07,913730,0,1.33011e+07
6.33065e+06,0,0,0,0,3.07779e+07,913731,0,1.33011e+07
7.12212e+06,0,0,0,0,2.66591e+07,791472,0,1.33011e+07
7.63589e+06,0,0,0,0,2.70912e+07,513769,0,1.33011e+07
8.14966e+06,0,0,0,0,2.70912e+07,513775,0,1.33011e+07
8.66344e+06,0,0,0,0,2.70912e+07,513780,0,1.33011e+07
9.17723e+06,0,0,0,0,2.70912e+07,513786,0,1.33011e+07
9.72135e+06,0,0,0,0,2.8113e+07,544120,0,1.33011e+07
1.04391e+07,0,0,0,0,2.78429e+07,717753,0,1.33011e+07
1.11569e+07,0,0,0,0,2.78429e+07,717759,0,1.33011e+07
1.18746e+07,0,0,0,0,2.78429e+07,717765,0,1.33011e+07
1.25806e+07,0,0,0,0,2.74448e+07,705952,0,1.33011e+07
1.32191e+07,0,0,0,0,2.75497e+07,638522,0,1.33011e+07
1.38576e+07,0,0,0,0,2.75498e+07,638528,0,1.33011e+07
1.44962e+07,0,0,0,0,2.75498e+07,638534,0,1.33011e+07
1.51757e+07,0,0,0,0,2.8932e+07,679565,0,1.33011e+07
1.60267e+07,0,0,0,0,2.86652e+07,851020,0,1.33011e+07
1.68778e+07,0,0,0,0,2.86653e+07,851021,0,1.33011e+07
1.77288e+07,0,0,0,0,2.86653e+07,851022,0,1.33011e+07
1.85798e+07,0,0,0,0,2.86653e+07,851023,0,1.33011e+07
1.94386e+07,0,0,0,0,2.8928e+07,858772,0,1.33011e+07
2.02974e+07,0,0,0,0,2.8928e+07,858773,0,1.33011e+07
2.11561e+07,0,0,0,0,2.89281e+07,858773,0,1.33011e+07
2.20149e+07,0,0,0,0,2.89281e+07,858774,0,1.33011e+07
2.28942e+07,0,0,0,0,2.9619e+07,879284,0,1.33011e+07
2.37735e+07,0,0,0,0,2.96191e+07,879285,0,1.33011e+07
2.46528e+07,0,0,0,0,2.96191e+07,879286,0,1.33011e+07
2.5532e+07,0,0,0,0,2.96191e+07,879287,0,1.33011e+07
2.50356e+07,0,0,0,0,3.04388e+07,-496487,0,1.33011e+07
2.45391e+07,0,0,0,0,3.04388e+07,-496487,0,1.33011e+07
2.40426e+07,0,0,0,0,3.04388e+07,-496488,0,1.33011e+07
2.35461e+07,0,0,0,0,3.04389e+07,-496488,0,1.33011e+07
2.30496e+07,0,0,0,0,3.04389e+07,-496489,0,1.33011e+07
2.39588e+07,0,0,0,0,3.06275e+07,909224,0,1.33011e+07
2.48681e+07,0,0,0,0,3.06276e+07,909225,0,1.33011e+07
2.57773e+07,0,0,0,0,3.06276e+07,909226,0,1.33011e+07
2.66865e+07,0,0,0,0,3.06276e+07,909227,0,1.33011e+07
2.75632e+07,0,0,0,0,2.95293e+07,876649,0,1.33011e+07
2.84398e+07,0,0,0,0,2.95293e+07,876650,0,1.33011e+07
2.93165e+07,0,0,0,0,2.95293e+07,876651,0,1.33011e+07
3.01931e+07,0,0,0,0,2.95294e+07,876652,0,1.33011e+07
3.09929e+07,0,0,0,0,2.69404e+07,799826,0,1.33011e+07
3.15552e+07,0,0,0,0,2.731e+07,562286,0,1.33011e+07
3.21175e+07,0,0,0,0,2.731e+07,562291,0,1.33011e+07
3.26798e+07,0,0,0,0,2.731e+07,562297,0,1.33011e+07
0,0,1.84534e+10,0,0,2.73101e+07,562303,1.84201e+10,1.33011e+07
587752,0,0,0,0,2.81671e+07,587752,0,1.33011e+07
1.31638e+06,0,0,0,0,2.79478e+07,728624,0,1.33011e+07
2.04497e+06,0,0,0,0,2.79477e+07,728592,0,1.33011e+07
2.77353e+06,0,0,0,0,2.79475e+07,728561,0,1.33011e+07
3.59055e+06,0,0,0,0,3.0929e+07,817023,0,1.33011e+07
4.50429e+06,0,0,0,0,3.07783e+07,913742,0,1.33011e+07
5.41803e+06,0,0,0,0,3.07781e+07,913737,0,1.33011e+07
6.33176e+06,0,0,0,0,3.0778e+07,913732,0,1.33011e+07
7.12323e+06,0,0,0,0,2.66589e+07,791467,0,1.33011e+07
7.03369e+06,0,0,0,0,2.64876e+07,-89534.8,0,1.33011e+07
6.94413e+06,0,0,0,0,2.64875e+07,-89561.3,0,1.33011e+07
7.45781e+06,0,0,0,0,2.70906e+07,513672,0,1.33011e+07
7.97145e+06,0,0,0,0,2.70905e+07,513642,0,1.33011e+07
8.51539e+06,0,0,0,0,2.81121e+07,543940,0,1.33011e+07
9.23292e+06,0,0,0,0,2.78418e+07,717529,0,1.33011e+07
9.95041e+06,0,0,0,0,2.78417e+07,717498,0,1.33011e+07
1.06679e+07,0,0,0,0,2.78416e+07,717467,0,1.33011e+07
1.13735e+07,0,0,0,0,2.74434e+07,705618,0,1.33011e+07
1.20117e+07,0,0,0,0,2.75481e+07,638156,0,1.33011e+07
1.26498e+07,0,0,0,0,2.7548e+07,638126,0,1.33011e+07
1.32879e+07,0,0,0,0,2.75479e+07,638095,0,1.33011e+07
1.3967e+07,0,0,0,0,2.89298e+07,679085,0,1.33011e+07
1.48179e+07,0,0,0,0,2.86623e+07,850932,0,1.33011e+07
1.56688e+07,0,0,0,0,2.86621e+07,850927,0,1.33011e+07
1.65197e+07,0,0,0,0,2.86619e+07,850922,0,1.33011e+07
1.73707e+07,0,0,0,0,2.86618e+07,850917,0,1.33011e+07
1.82293e+07,0,0,0,0,2.89242e+07,858659,0,1.33011e+07
1.9088e+07,0,0,0,0,2.8924e+07,858654,0,1.33011e+07
1.99466e+07,0,0,0,0,2.89239e+07,858649,0,1.33011e+07
2.08053e+07,0,0,0,0,2.89237e+07,858644,0,1.33011e+07
2.16844e+07,0,0,0,0,2.96143e+07,879144,0,1.33011e+07
2.25635e+07,0,0,0,0,2.96141e+07,879139,0,1.33011e+07
2.34427e+07,0,0,0,0,2.9614e+07,879134,0,1.33011e+07
2.43218e+07,0,0,0,0,2.96138e+07,879129,0,1.33011e+07
2.38254e+07,0,0,0,0,3.04331e+07,-496394,0,1.33011e+07
2.3329e+07,0,0,0,0,3.04329e+07,-496391,0,1.33011e+07
2.28326e+07,0,0,0,0,3.04327e+07,-496388,0,1.33011e+07
2.23363e+07,0,0,0,0,3.04325e+07,-496385,0,1.33011e+07
2.18399e+07,0,0,0,0,3.04324e+07,-496382,0,1.33011e+07
2.27489e+07,0,0,0,0,3.06207e+07,909022,0,1.33011e+07
2.36579e+07,0,0,0,0,3.06206e+07,909017,0,1.33011e+07
2.45669e+07,0,0,0,0,3.06204e+07,909011,0,1.33011e+07
2.54759e+07,0,0,0,0,3.06202e+07,909006,0,1.33011e+07
2.63524e+07,0,0,0,0,2.95219e+07,876430,0,1.33011e+07
2.72288e+07,0,0,0,0,2.95217e+07,876425,0,1.33011e+07
2.81052e+07,0,0,0,0,2.95215e+07,876419,0,1.33011e+07
2.89816e+07,0,0,0,0,2.95214e+07,876414,0,1.33011e+07
2.97812e+07,0,0,0,0,2.69329e+07,799604,0,1.33011e+07
3.03421e+07,0,0,0,0,2.73042e+07,560848,0,1.33011e+07
3.09029e+07,0,0,0,0,2.73041e+07,560818,0,1.33011e+07
3.14637e+07,0,0,0,0,2.7304e+07,560788,0,1.33011e+07
3.20244e+07,0,0,0,0,2.73039e+07,560757,0,1.33011e+07
0,0,1.87725e+10,0,0,2.81605e+07,586163,1.87399e+10,1.33011e+07
726955,0,0,0,0,2.79411e+07,726955,0,1.33011e+07
1.45384e+06,0,0,0,0,2.79408e+07,726887,0,1.33011e+07
2.18066e+06,0,0,0,0,2.79406e+07,726819,0,1.33011e+07
2.99588e+06,0,0,0,0,3.09209e+07,815214,0,1.33011e+07
3.9093e+06,0,0,0,0,3.07676e+07,913425,0,1.33011e+07
4.82271e+06,0,0,0,0,3.07673e+07,913414,0,1.33011e+07
5.73612e+06,0,0,0,0,3.07669e+07,913402,0,1.33011e+07
6.52729e+06,0,0,0,0,2.66491e+07,791176,0,1.33011e+07
7.03914e+06,0,0,0,0,2.70833e+07,511848,0,1.33011e+07
7.55092e+06,0,0,0,0,2.70831e+07,511783,0,1.33011e+07
8.06264e+06,0,0,0,0,2.70828e+07,511718,0,1.33011e+07
8.57429e+06,0,0,0,0,2.70826e+07,511653,0,1.33011e+07
9.39573e+06,0,0,0,0,2.76687e+07,821441,0,1.33011e+07
1.02172e+07,0,0,0,0,2.76683e+07,821430,0,1.33011e+07
1.10386e+07,0,0,0,0,2.7668e+07,821420,0,1.33011e+07
1.186e+07,0,0,0,0,2.76676e+07,821409,0,1.33011e+07
1.26696e+07,0,0,0,0,2.72693e+07,809586,0,1.33011e+07
1.34792e+07,0,0,0,0,2.7269e+07,809576,0,1.33011e+07
1.42887e+07,0,0,0,0,2.72686e+07,809566,0,1.33011e+07
1.50983e+07,0,0,0,0,2.72683e+07,809555,0,1.33011e+07
1.59488e+07,0,0,0,0,2.86493e+07,850548,0,1.33011e+07
1.67994e+07,0,0,0,0,2.8649e+07,850537,0,1.33011e+07
1.76499e+07,0,0,0,0,2.86486e+07,850526,0,1.33011e+07
1.85004e+07,0,0,0,0,2.86482e+07,850515,0,1.33011e+07
1.93509e+07,0,0,0,0,2.86479e+07,850504,0,1.33011e+07
2.02091e+07,0,0,0,0,2.891e+07,858236,0,1.33011e+07
2.10674e+07,0,0,0,0,2.89096e+07,858225,0,1.33011e+07
2.19256e+07,0,0,0,0,2.89092e+07,858214,0,1.33011e+07
2.27838e+07,0,0,0,0,2.89089e+07,858203,0,1.33011e+07
2.36625e+07,0,0,0,0,2.95989e+07,878688,0,1.33011e+07
2.45411e+07,0,0,0,0,2.95985e+07,878676,0,1.33011e+07
2.54198e+07,0,0,0,0,2.95982e+07,878665,0,1.33011e+07
2.62985e+07,0,0,0,0,2.95978e+07,878654,0,1.33011e+07
2.58023e+07,0,0,0,0,3.04164e+07,-496122,0,1.33011e+07
2.53062e+07,0,0,0,0,3.0416e+07,-496116,0,1.33011e+07
2.48101e+07,0,0,0,0,3.04156e+07,-496109,0,1.33011e+07
2.4314e+07,0,0,0,0,3.04153e+07,-496103,0,1.33011e+07
2.38179e+07,0,0,0,0,3.04149e+07,-496097,0,1.33011e+07
2.47264e+07,0,0,0,0,3.06029e+07,908493,0,1.33011e+07
2.56349e+07,0,0,0,0,3.06025e+07,908482,0,1.33011e+07
2.65434e+07,0,0,0,0,3.06021e+07,908470,0,1.33011e+07
2.74518e+07,0,0,0,0,3.06018e+07,908458,0,1.33011e+07
2.83277e+07,0,0,0,0,2.95039e+07,875896,0,1.33011e+07
2.92036e+07,0,0,0,0,2.95035e+07,875885,0,1.33011e+07
3.00795e+07,0,0,0,0,2.95031e+07,875873,0,1.33011e+07
3.09553e+07,0,0,0,0,2.95028e+07,875862,0,1.33011e+07
3.17544e+07,0,0,0,0,2.69158e+07,799095,0,1.33011e+07
3.25535e+07,0,0,0,0,2.69154e+07,799085,0,1.33011e+07
3.33526e+07,0,0,0,0,2.69151e+07,799075,0,1.33011e+07
3.41517e+07,0,0,0,0,2.69147e+07,799064,0,1.33011e+07
3.49507e+07,0,0,0,0,2.69144e+07,799054,0,1.33011e+07
