0volume,0demand,0up_spill,0ww_inflow,0catch_inflow,0evap,0ds_spill,0treat_cap,1volume,1demand,1up_spill,1ww_inflow,1catch_inflow,1evap,1ds_spill,1treat_cap,2volume,2s_area,2demand,2up_spill,2ww_inflow,2catch_inflow,2evap,2ds_spill,2treat_cap,2valloc_0,2talloc_0,2valloc_1,2talloc_1,3volume,3demand,3up_spill,3ww_inflow,3catch_inflow,3evap,3ds_spill,3treat_cap,3valloc_0,3talloc_0,3valloc_1,3talloc_1,3valloc_2,3talloc_2,4demand,4up_spill,4ww_inflow,4catch_inflow,4ds_spill,4treat_cap,11volume,11s_area,11demand,11up_spill,11ww_inflow,11catch_inflow,11evap,11ds_spill,11treat_cap
72.29,2.09699,0,0,9.44375,0.305528,7.04123,3.6288,61.308,0,0,0,3.35279,0.194508,3.15828,0.66528,12.849,1,0.372725,7.04123,0,181.485,4.11337,184.04,0.84672,12.849,0.84672,3695.15,0,0.0036966,5.36156e-05,6.27925,0,25.8115,1.07376,31.0169,0.42336,0.0018483,0.21168,0.0018483,0.21168,460.486,0,1.12031,0,0,7.39956,6.27925,1.028160,1,0,218.215,0,0,0,218.215,0
72.29,2.09785,0,0,10.9954,0.305528,8.59198,3.6288,61.308,0.092599,0,0,4.05774,0.194508,3.77063,0.66528,12.849,1,0.372876,8.59198,0,199.871,4.11337,203.977,0.84672,12.849,0.84672,3695.15,0,0.0036966,2.79165e-06,7.10847,1.32838,19.6122,1.07376,26.9753,0.42336,0.0018483,0.21168,0.0018483,0.21168,460.486,0,1.02816,0,0,8.13663,7.10847,1.028160,1,0,234.722,0,0,0,234.722,0
72.29,2.0987,0,0,8.47895,0.305528,6.07472,3.6288,61.308,0.0930546,0,0,3.37548,0.194508,3.08792,0.66528,12.849,1,0.373028,6.07472,0,160.085,4.11337,161.674,0.84672,12.849,0.84672,3695.15,0,0.0036966,2.80539e-06,5.23814,1.32892,16.1538,1.07376,21.6471,0.42336,0.0018483,0.21168,0.0018483,0.21168,460.486,0,1.02816,0,0,6.2663,5.23814,1.028160,1,0,186.409,0,0,0,186.409,0
72.29,2.09955,0,0,7.97239,0.317241,5.55559,3.6288,61.308,0.0935104,0,0,3.65878,0.142815,3.42246,0.66528,12.849,1,0.37318,5.55559,0,219.294,3.5649,220.911,0.84672,12.849,0.84672,3695.15,0,0.0036966,2.81913e-06,5.71373,1.32946,16.7731,0.784888,23.0314,0.42336,0.0018483,0.21168,0.0018483,0.21168,460.486,0,1.02816,0,0,6.74189,5.71373,1.028160,1,0,247.365,0,0,0,247.365,0
72.29,2.30527,0,0,6.48911,0.321157,3.86267,3.6288,61.308,0.225901,0,0,3.27912,0.180913,2.87231,0.66528,12.849,1,0.409745,3.86267,0,154.592,3.96669,154.078,0.84672,12.849,0.84672,3695.15,0,0.0036966,6.8104e-06,4.4495,1.33,18.4437,0.941225,23.282,0.42336,0.0018483,0.21168,0.0018483,0.21168,460.486,0,1.02816,0,0,5.47766,4.4495,1.028160,1,0,180.233,0,0,0,180.233,0
72.29,2.30621,0,0,6.29933,0.320581,3.67254,3.6288,61.308,0.22641,0,0,3.2988,0.224994,2.84739,0.66528,12.849,1,0.409912,3.67254,0,125.92,4.43257,124.75,0.84672,12.849,0.84672,3695.15,0,0.0036966,6.82577e-06,4.65992,1.4777,17.5779,1.14514,22.5704,0.42336,0.0018483,0.21168,0.0018483,0.21168,460.486,0,1.02816,0,0,5.68808,4.65992,1.028160,1,0,150.168,0,0,0,150.168,0
72.29,2.30715,0,0,5.11606,0.323369,2.48554,3.6288,61.308,0.22692,0,0,3.1333,0.218416,2.68796,0.66528,12.849,1,0.410078,2.48554,0,133.477,4.34517,131.207,0.84672,12.849,0.84672,3695.15,0,0.0036966,6.84114e-06,4.10568,1.4783,14.6368,1.12653,19.0942,0.42336,0.0018483,0.21168,0.0018483,0.21168,460.486,0,1.02816,0,0,5.13384,4.10568,1.028160,1,0,152.989,0,0,0,152.989,0
72.29,2.30809,0,0,5.90374,0.340098,3.25555,3.6288,61.308,0.22743,0,0,3.19409,0.178944,2.78771,0.66528,12.849,1,0.410245,3.25555,0,165.697,3.82074,164.722,0.84672,12.849,0.84672,3695.15,0,0.0036966,6.85651e-06,4.26984,1.4789,15.4024,1.01489,20.1363,0.42336,0.0018483,0.21168,0.0018483,0.21168,460.486,0,1.02816,0,0,5.298,4.26984,1.028160,1,0,187.646,0,0,0,187.646,0
72.29,2.01634,0,0,6.31521,0.34055,3.95832,3.6288,61.308,0.0505943,0,0,2.56463,0.186601,2.32743,0.66528,12.849,1,0.358389,3.95832,0,138.822,3.57462,138.848,0.84672,12.849,0.84672,3695.15,0,0.0036966,1.52531e-06,3.84947,1.4795,11.6026,0.936218,15.9953,0.42336,0.0018483,0.21168,0.0018483,0.21168,460.486,0,1.02816,0,0,4.87763,3.84947,1.028160,1,0,157.17,0,0,0,157.17,0
72.29,2.01716,0,0,5.63998,0.340889,3.28194,3.6288,61.308,0.0510325,0,0,2.66334,0.192344,2.41996,0.66528,12.849,1,0.358535,3.28194,0,146.995,3.39003,146.528,0.84672,12.849,0.84672,3695.15,0,0.0036966,1.53852e-06,5.04312,1.27848,12.761,0.877216,18.2054,0.42336,0.0018483,0.21168,0.0018483,0.21168,460.486,0,1.02816,0,0,6.07128,5.04312,1.028160,1,0,167.154,0,0,0,167.154,0
72.29,2.01798,0,0,5.97338,0.340889,3.61452,3.6288,61.308,0.0514707,0,0,2.70725,0.192344,2.46343,0.66528,12.849,1,0.35868,3.61452,0,152.226,3.39003,152.091,0.84672,12.849,0.84672,3695.15,0,0.0036966,1.55173e-06,4.3786,1.279,13.4091,0.877216,18.1895,0.42336,0.0018483,0.21168,0.0018483,0.21168,460.486,0,1.02816,0,0,5.40676,4.3786,1.028160,1,0,172.744,0,0,0,172.744,0
72.29,2.0188,0,0,6.69609,0.332548,4.34474,3.6288,61.308,0.051909,0,0,3.33298,0.20412,3.07695,0.66528,12.849,1,0.358826,4.34474,0,148.863,3.7269,149.122,0.84672,12.849,0.84672,3695.15,0,0.0036966,1.56494e-06,5.05913,1.27952,14.2882,0.925369,19.7015,0.42336,0.0018483,0.21168,0.0018483,0.21168,460.486,0,1.02816,0,0,6.08729,5.05913,1.028160,1,0,171.9,0,0,0,171.9,0
72.29,2.01962,0,0,6.00643,0.316776,3.67004,3.6288,61.308,0.0523475,0,0,2.68955,0.2301,2.4071,0.66528,12.849,1,0.358972,3.67004,0,102.499,4.49991,101.31,0.84672,12.849,0.84672,3695.15,0,0.0036966,1.57816e-06,4.17382,1.28004,12.2147,1.02867,16.6399,0.42336,0.0018483,0.21168,0.0018483,0.21168,460.486,0,1.02816,0,0,5.20198,4.17382,1.028160,1,0,120.357,0,0,0,120.357,0
72.29,2.09426,0,0,6.60177,0.347251,4.16026,3.6288,61.308,0.0962595,0,0,4.61766,0.209349,4.31205,0.66528,12.849,1,0.372239,4.16026,0,157.864,4.08492,157.567,0.84672,12.849,0.84672,3695.15,0,0.0036966,2.90201e-06,5.62566,1.28056,17.5132,0.926204,23.4932,0.42336,0.0018483,0.21168,0.0018483,0.21168,460.486,0,1.02816,0,0,6.65382,5.62566,1.028160,1,0,185.372,0,0,0,185.372,0
72.29,2.09511,0,0,6.09801,0.347251,3.65565,3.6288,61.308,0.0967158,0,0,4.97672,0.209349,4.67065,0.66528,12.849,1,0.37239,3.65565,0,217.503,4.08492,216.702,0.84672,12.849,0.84672,3695.15,0,0.0036966,2.91577e-06,5.33856,1.33096,15.1134,0.926204,20.8567,0.42336,0.0018483,0.21168,0.0018483,0.21168,460.486,0,1.02816,0,0,6.36672,5.33856,1.028160,1,0,242.229,0,0,0,242.229,0
72.29,2.09596,0,0,5.72789,0.347251,3.28468,3.6288,61.308,0.0971723,0,0,3.90826,0.209349,3.60174,0.66528,12.849,1,0.372541,3.28468,0,181.849,4.08492,180.676,0.84672,12.849,0.84672,3695.15,0,0.0036966,2.92953e-06,5.43304,1.3315,16.5531,0.926204,22.3915,0.42336,0.0018483,0.21168,0.0018483,0.21168,460.486,0,1.02816,0,0,6.4612,5.43304,1.028160,1,0,206.669,0,0,0,206.669,0
72.29,2.09681,0,0,5.11998,0.333776,2.68939,3.6288,61.308,0.0976287,0,0,2.89851,0.209358,2.59153,0.66528,12.849,1,0.372692,2.68939,0,124.588,4.04844,122.856,0.84672,12.849,0.84672,3695.15,0,0.0036966,2.94329e-06,3.98162,1.33204,12.2857,0.92422,16.6752,0.42336,0.0018483,0.21168,0.0018483,0.21168,460.486,0,1.02816,0,0,5.00978,3.98162,1.028160,1,0,142.123,0,0,0,142.123,0
72.29,2.06875,0,0,4.3233,0.26955,1.985,3.6288,61.308,0.0811733,0,0,2.0937,0.189108,1.82342,0.66528,12.849,1,0.367704,1.985,0,124.411,3.88464,122.143,0.84672,12.849,0.84672,3695.15,0,0.0036966,2.4472e-06,3.2021,1.33258,10.2617,0.973336,13.8231,0.42336,0.0018483,0.21168,0.0018483,0.21168,460.486,0,1.02816,0,0,4.23026,3.2021,1.028160,1,0,137.79,0,0,0,137.79,0
72.29,2.06959,0,0,3.98697,0.272321,1.64506,3.6288,61.308,0.0816232,0,0,1.85757,0.185724,1.59022,0.66528,12.849,1,0.367854,1.64506,0,113.034,3.89382,110.417,0.84672,12.849,0.84672,3695.15,0,0.0036966,2.46076e-06,2.4478,1.31367,9.32178,0.983506,12.0997,0.42336,0.0018483,0.21168,0.0018483,0.21168,460.486,0,1.02816,0,0,3.47596,2.4478,1.028160,1,0,124.107,0,0,0,124.107,0
72.29,2.07043,0,0,3.64431,0.252341,1.32154,3.6288,61.308,0.0820732,0,0,1.72457,0.198537,1.44396,0.66528,12.849,1,0.368003,1.32154,0,103.197,4.17381,99.9767,0.84672,12.849,0.84672,3695.15,0,0.0036966,2.47433e-06,2.33493,1.31421,7.96185,1.02276,10.5882,0.42336,0.0018483,0.21168,0.0018483,0.21168,460.486,0,1.02816,0,0,3.36309,2.33493,1.028160,1,0,112.009,0,0,0,112.009,0
72.29,2.07127,0,0,3.43585,0.247725,1.11686,3.6288,61.308,0.0825233,0,0,1.66114,0.211974,1.36665,0.66528,12.849,1,0.368152,1.11686,0,89.9476,3.87944,86.8169,0.84672,12.849,0.84672,3695.15,0,0.0036966,2.4879e-06,2.45923,1.31474,8.39696,0.916368,11.2546,0.42336,0.0018483,0.21168,0.0018483,0.21168,460.486,0,1.02816,0,0,3.48739,2.45923,1.028160,1,0,99.4381,0,0,0,99.4381,0
72.29,2.1704,0,0,3.33415,0.205163,0.958586,3.6288,61.308,0.143046,0,0,1.50123,0.23716,1.12102,0.66528,12.849,1,0.385772,0.958586,0,77.5163,4.6425,73.4467,0.84672,12.849,0.84672,3695.15,0,0.0036966,4.31251e-06,1.76094,1.31527,7.96988,1.08594,9.96015,0.42336,0.0018483,0.21168,0.0018483,0.21168,460.486,0,1.02816,0,0,2.7891,1.76094,1.028160,1,0,84.5278,0,0,0,84.5278,0
72.29,2.17128,0,0,3.01592,0.234411,0.61023,3.6288,61.308,0.14352,0,0,1.42245,0.188587,1.09034,0.66528,12.849,1,0.385929,0.61023,0,66.9073,4.54941,62.5822,0.84672,12.849,0.84672,3695.15,0,0.0036966,4.32682e-06,1.73907,1.38391,6.55548,1.03004,8.64842,0.42336,0.0018483,0.21168,0.0018483,0.21168,460.486,0,1.02816,0,0,2.76723,1.73907,1.028160,1,0,72.3209,0,0,0,72.3209,0
72.29,2.17216,0,0,2.89045,0.139394,0.578897,3.6288,61.308,0.143995,0,0,1.31166,0.222381,0.945289,0.66528,12.849,1,0.386085,0.578897,0,67.322,5.00283,62.512,0.84672,12.849,0.84672,3695.15,0,0.0036966,4.34114e-06,1.67359,1.38448,6.47006,1.12126,8.40686,0.42336,0.0018483,0.21168,0.0018483,0.21168,460.486,0,1.02816,0,0,2.70175,1.67359,1.028160,1,0,71.8641,0,0,0,71.8641,0
72.2155,2.17304,0,0,2.60078,0.139394,0.36288,3.6288,61.308,0.14447,0,0,1.06378,0.222381,0.696932,0.66528,12.849,1,0.386242,0.36288,0,60.4784,5.00283,55.4522,0.84672,12.849,0.84672,3695.15,0,0.0036966,4.35546e-06,1.25085,1.38504,5.61616,1.12126,7.13078,0.42336,0.0018483,0.21168,0.0018483,0.21168,460.486,0,1.02816,0,0,2.27901,1.25085,1.028160,1,0,63.2799,0,0,0,63.2799,0
72.0711,2.17358,0,0,2.52896,0.136816,0.36288,3.6288,61.308,0.144945,0,0,0.925569,0.22585,0.554773,0.66528,12.849,1,0.386737,0.36288,0,54.6782,4.99779,49.6565,0.84672,12.849,0.84672,3695.15,0,0.0036966,4.36978e-06,1.30514,1.3856,5.38052,1.13222,6.93903,0.42336,0.0018483,0.21168,0.0018483,0.21168,460.486,0,1.02816,0,0,2.3333,1.30514,1.028160,1,0,57.1503,0,0,0,57.1503,0
71.7356,2.15434,0,0,2.30338,0.121687,0.36288,3.6288,61.308,0.178504,0,0,1.22369,0.24667,0.798518,0.66528,12.849,1,0.38408,0.36288,0,52.4816,4.96755,47.4929,0.84672,12.849,0.84672,3695.15,0,0.0036966,5.3815e-06,2.18043,1.38616,5.92427,1.19799,8.29287,0.42336,0.0018483,0.21168,0.0018483,0.21168,460.486,0,1.02816,0,0,3.20859,2.18043,1.028160,1,0,56.5842,0,0,0,56.5842,0
71.1955,2.15368,0,0,2.09782,0.121377,0.36288,3.6288,61.308,0.178993,0,0,1.20506,0.24667,0.779401,0.66528,12.849,1,0.385759,0.36288,0,51.2614,4.96755,46.2709,0.84672,12.849,0.84672,3695.15,0,0.0036966,5.39623e-06,2.22918,1.40798,5.71457,1.19799,8.15374,0.42336,0.0018483,0.21168,0.0018483,0.21168,460.486,0,1.02816,0,0,3.25734,2.22918,1.028160,1,0,55.2041,0,0,0,55.2041,0
70.4503,2.15208,0,0,1.89067,0.120877,0.36288,3.6288,61.308,0.179482,0,0,1.1222,0.24667,0.696046,0.66528,12.849,1,0.388396,0.36288,0,47.5115,4.96755,42.5185,0.84672,12.849,0.84672,3695.15,0,0.0036966,5.41097e-06,1.81443,1.40855,5.44101,1.19799,7.46599,0.42336,0.0018483,0.21168,0.0018483,0.21168,460.486,0,1.02816,0,0,2.84259,1.81443,1.028160,1,0,50.6805,0,0,0,50.6805,0
69.6492,2.14947,0,0,1.80795,0.0967193,0.36288,3.6288,61.308,0.179971,0,0,1.06092,0.301515,0.579437,0.66528,12.849,1,0.392029,0.36288,0,42.8344,5.6733,37.1319,0.84672,12.849,0.84672,3695.15,0,0.0036966,5.42571e-06,1.77847,1.40912,5.16951,1.4556,6.9015,0.42336,0.0018483,0.21168,0.0018483,0.21168,460.486,0,1.02816,0,0,2.80663,1.77847,1.028160,1,0,44.6128,0,0,0,44.6128,0
68.5545,2.19663,0,0,1.54666,0.0818215,0.36288,3.6288,61.308,0.209992,0,0,1.0038,0.316471,0.477332,0.66528,12.849,1,0.405238,0.36288,0,34.2392,6.08483,28.112,0.84672,12.849,0.84672,3695.15,0,0.0036966,6.3308e-06,1.43222,1.40969,4.04797,1.47554,5.41433,0.42336,0.0018483,0.21168,0.0018483,0.21168,460.486,0,1.02816,0,0,2.46038,1.43222,1.028160,1,0,34.0037,0,0,0,34.0037,0
67.4785,2.19207,0,0,1.55809,0.0791562,0.36288,3.6288,61.308,0.210493,0,0,1.05741,0.313679,0.533234,0.66528,12.849,1,0.410853,0.36288,0,44.9088,6.13651,38.7243,0.84672,12.849,0.84672,3695.15,0,0.0036966,6.3459e-06,1.83229,1.4442,4.15368,1.4423,5.98787,0.42336,0.0018483,0.21168,0.0018483,0.21168,460.486,0,1.02816,0,0,2.86045,1.83229,1.028160,1,0,45.2454,0,0,0,45.2454,0
66.3028,2.18745,0,0,1.45313,0.0784911,0.36288,3.6288,61.308,0.210995,0,0,0.936585,0.313679,0.411911,0.66528,12.849,1,0.416525,0.36288,0,35.5273,6.13651,29.3372,0.84672,12.849,0.84672,3695.15,0,0.0036966,6.36102e-06,1.79545,1.44479,3.79134,1.4423,5.58928,0.42336,0.0018483,0.21168,0.0018483,0.21168,460.486,0,1.02816,0,0,2.82361,1.79545,1.028160,1,0,35.3384,0,0,0,35.3384,0
65.0018,2.18214,0,0,1.32176,0.0777643,0.36288,3.6288,61.308,0.211496,0,0,0.879742,0.313679,0.354567,0.66528,12.849,1,0.422883,0.36288,0,32.6684,6.13651,26.4719,0.84672,12.849,0.84672,3695.15,0,0.0036966,6.37613e-06,1.35356,1.44537,3.46989,1.4423,4.82652,0.42336,0.0018483,0.21168,0.0018483,0.21168,460.486,0,1.02816,0,0,2.38172,1.35356,1.028160,1,0,31.653,0,0,0,31.653,0
63.6366,2.32128,0,0,1.38283,0.0639295,0.36288,3.6288,61.308,0.318767,0,0,1.04736,0.326524,0.402067,0.66528,12.849,1,0.45885,0.36288,0,32.7244,6.40462,26.2238,0.84672,12.849,0.84672,3695.15,0,0.0036966,9.61012e-06,2.20585,1.44596,4.53715,1.4863,6.70265,0.42336,0.0018483,0.21168,0.0018483,0.21168,460.486,0,1.02816,0,0,3.23401,2.20585,1.028160,1,0,33.3286,0,0,0,33.3286,0
61.9738,2.31402,0,0,1.07721,0.0630625,0.36288,3.6288,61.308,0.319312,0,0,0.914,0.340507,0.254181,0.66528,12.849,1,0.467229,0.36288,0,27.1845,6.55147,20.5286,0.84672,12.849,0.84672,3695.15,0,0.0036966,9.62655e-06,1.94887,1.56165,3.20916,1.49172,5.22795,0.42336,0.0018483,0.21168,0.0018483,0.21168,460.486,0,1.02816,0,0,2.97703,1.94887,1.028160,1,0,26.0108,0,0,0,26.0108,0
60.2099,2.30457,0,0,0.965796,0.062211,0.36288,3.6288,61.308,0.319857,0,0,0.828516,0.340507,0.168152,0.66528,12.849,1,0.477805,0.36288,0,24.2679,6.55147,17.6015,0.84672,12.849,0.84672,3695.15,0,0.0036966,9.64298e-06,1.75558,1.56228,3.12942,1.49172,4.95555,0.42336,0.0018483,0.21168,0.0018483,0.21168,460.486,0,1.02816,0,0,2.78374,1.75558,1.028160,1,0,22.7252,0,0,0,22.7252,0
58.6478,2.29396,0,0,1.15595,0.0613004,0.36288,3.6288,61.308,0.320402,0,0,0.890067,0.340507,0.229158,0.66528,12.849,1,0.489538,0.36288,0,25.1157,6.55147,18.4376,0.84672,12.849,0.84672,3695.15,0,0.0036966,9.65941e-06,1.99505,1.56291,3.43259,1.49172,5.49881,0.42336,0.0018483,0.21168,0.0018483,0.21168,460.486,0,1.02816,0,0,3.02321,1.99505,1.028160,1,0,24.1655,0,0,0,24.1655,0
57.8941,2.28418,0,0,1.97656,0.0831592,0.36288,3.6288,61.308,0.320947,0,0,1.1432,0.335143,0.487111,0.66528,12.849,1,0.500436,0.36288,0,41.7391,6.40305,35.1985,0.84672,12.849,0.84672,3695.15,0,0.0036966,9.67585e-06,2.49331,1.56355,3.7996,1.47352,6.38294,0.42336,0.0018483,0.21168,0.0018483,0.21168,460.486,0,1.02816,0,0,3.52147,2.49331,1.028160,1,0,42.0685,0,0,0,42.0685,0
56.7928,2.21021,0,0,1.50478,0.0330107,0.36288,3.6288,61.308,0.256557,0,0,1.17181,0.365368,0.549884,0.66528,12.849,1,0.490534,0.36288,0,26.4742,6.02955,20.317,0.84672,12.849,0.84672,3695.15,0,0.0036966,7.73461e-06,2.65219,1.56418,4.85665,1.49333,7.57968,0.42336,0.0018483,0.21168,0.0018483,0.21168,460.486,0,1.02816,0,0,3.68035,2.65219,1.028160,1,0,28.4465,0,0,0,28.4465,0
55.6761,2.20335,0,0,1.57386,0.12433,0.36288,3.6288,61.308,0.257076,0,0,1.4954,0.304447,0.933879,0.66528,12.849,1,0.498493,0.36288,0,24.6233,4.5045,19.9832,0.84672,12.849,0.84672,3695.15,0,0.0036966,7.75027e-06,3.40065,1.49871,5.84707,1.12571,9.62071,0.42336,0.0018483,0.21168,0.0018483,0.21168,460.486,0,1.02816,0,0,4.42881,3.40065,1.028160,1,0,30.5378,0,0,0,30.5378,0
54.5638,2.19611,0,0,1.57771,0.130997,0.36288,3.6288,61.308,0.257595,0,0,1.67288,0.307466,1.10782,0.66528,12.849,1,0.506821,0.36288,0,28.0806,4.55332,23.3833,0.84672,12.849,0.84672,3695.15,0,0.0036966,7.76593e-06,3.47975,1.49932,6.40163,1.15367,10.227,0.42336,0.0018483,0.21168,0.0018483,0.21168,460.486,0,1.02816,0,0,4.50791,3.47975,1.028160,1,0,34.7182,0,0,0,34.7182,0
53.5769,2.18863,0,0,1.69416,0.129543,0.36288,3.6288,61.308,0.258115,0,0,1.75924,0.307466,1.19366,0.66528,12.849,1,0.515391,0.36288,0,41.2512,4.55332,36.5453,0.84672,12.849,0.84672,3695.15,0,0.0036966,7.78159e-06,3.80856,1.49992,7.01179,1.15367,11.1666,0.42336,0.0018483,0.21168,0.0018483,0.21168,460.486,0,1.02816,0,0,4.83672,3.80856,1.028160,1,0,48.9056,0,0,0,48.9056,0
52.7321,2.12549,0,0,1.80821,0.164603,0.36288,3.6288,61.308,0.199431,0,0,1.71072,0.268266,1.24302,0.66528,12.849,1,0.509743,0.36288,0,52.5883,4.33973,48.1017,0.84672,12.849,0.84672,3695.15,0,0.0036966,6.01239e-06,2.94614,1.50053,7.63048,1.12383,10.9533,0.42336,0.0018483,0.21168,0.0018483,0.21168,460.486,0,1.02816,0,0,3.9743,2.94614,1.028160,1,0,60.2981,0,0,0,60.2981,0
51.4576,2.11978,0,0,1.39838,0.190213,0.36288,3.6288,61.308,0.199927,0,0,0.619614,0.238866,0.180821,0.66528,12.849,1,0.516517,0.36288,0,21.5722,4.17953,17.239,0.84672,12.849,0.84672,3695.15,0,0.0036966,6.02734e-06,0.307325,1.4423,4.47837,1.10145,5.12654,0.42336,0.0018483,0.21168,0.0018483,0.21168,460.486,0,1.02816,0,0,1.33548,0.307325,1.028160,1,0,22.5464,0,0,0,22.5464,0
50.9016,2.11039,0,0,2.10491,0.187722,0.36288,3.6288,61.308,0.200423,0,0,1.50047,0.238866,1.06118,0.66528,12.849,1,0.526966,0.36288,0,33.6391,4.17953,29.2954,0.84672,12.849,0.84672,3695.15,0,0.0036966,6.0423e-06,2.83178,1.44288,9.08083,1.10145,12.254,0.42336,0.0018483,0.21168,0.0018483,0.21168,460.486,0,1.02816,0,0,3.85994,2.83178,1.028160,1,0,42.6107,0,0,0,42.6107,0
53.3412,2.10665,0,0,5.09584,0.186635,0.36288,3.6288,61.308,0.200919,0,0,3.36153,0.238866,2.92175,0.66528,12.849,1,0.531778,0.36288,0,88.1575,4.17953,83.809,0.84672,12.849,0.84672,3695.15,0,0.0036966,6.05726e-06,5.04547,1.44346,13.7373,1.10145,19.1247,0.42336,0.0018483,0.21168,0.0018483,0.21168,460.486,0,1.02816,0,0,6.07363,5.04547,1.028160,1,0,105.856,0,0,0,105.856,0
53.7186,1.96691,0,0,2.95071,0.243505,0.36288,3.6288,61.308,0.0779115,0,0,2.46608,0.195376,2.19279,0.66528,12.849,1,0.473796,0.36288,0,42.8545,3.49823,39.2453,0.84672,12.849,0.84672,3695.15,0,0.0036966,2.34886e-06,2.85992,1.44405,9.35176,0.905632,12.7501,0.42336,0.0018483,0.21168,0.0018483,0.21168,460.486,0,1.02816,0,0,3.88808,2.85992,1.028160,1,0,54.1882,0,0,0,54.1882,0
57.4112,1.97039,0,0,6.26245,0.236589,0.36288,3.6288,61.308,0.0783582,0,0,5.28225,0.198466,5.00542,0.66528,12.849,1,0.4713,0.36288,0,74.88,3.45933,71.3123,0.84672,12.849,0.84672,3695.15,0,0.0036966,2.36232e-06,7.07411,1.31195,13.5067,0.993015,20.8998,0.42336,0.0018483,0.21168,0.0018483,0.21168,460.486,0,1.02816,0,0,8.10227,7.07411,1.028160,1,0,97.2175,0,0,0,97.2175,0
58.4812,1.99597,0,0,3.67432,0.245478,0.36288,3.6288,61.308,0.0788048,0,0,3.52286,0.198466,3.24559,0.66528,12.849,1,0.446711,0.36288,0,62.5499,3.45933,59.0067,0.84672,12.849,0.84672,3695.15,0,0.0036966,2.37579e-06,5.50082,1.31248,11.6995,0.993015,17.5198,0.42336,0.0018483,0.21168,0.0018483,0.21168,460.486,0,1.02816,0,0,6.52898,5.50082,1.028160,1,0,79.7721,0,0,0,79.7721,0
58.5206,2.00348,0,0,2.65375,0.248054,0.36288,3.6288,61.308,0.0792516,0,0,2.02932,0.198466,1.7516,0.66528,12.849,1,0.440188,0.36288,0,35.6725,3.45933,32.1358,0.84672,12.849,0.84672,3695.15,0,0.0036966,2.38926e-06,2.93033,1.31301,11.757,0.993015,15.0073,0.42336,0.0018483,0.21168,0.0018483,0.21168,460.486,0,1.02816,0,0,3.95849,2.93033,1.028160,1,0,48.8947,0,0,0,48.8947,0
60.2068,2.00453,0,0,4.3365,0.282856,0.36288,3.6288,61.308,0.0796985,0,0,3.44106,0.235797,3.12557,0.66528,12.849,1,0.440123,0.36288,0,55.9575,4.25933,51.6209,0.84672,12.849,0.84672,3695.15,0,0.0036966,2.40273e-06,5.01839,1.31354,13.7461,1.24257,18.8354,0.42336,0.0018483,0.21168,0.0018483,0.21168,460.486,0,1.02816,0,0,6.04655,5.01839,1.028160,1,0,73.5819,0,0,0,73.5819,0
63.2017,2.07863,0,0,5.69323,0.2568,0.36288,3.6288,61.308,0.115971,0,0,4.32612,0.261501,3.94864,0.66528,12.849,1,0.44361,0.36288,0,103.874,4.54346,99.2503,0.84672,12.849,0.84672,3695.15,0,0.0036966,3.49627e-06,5.78058,1.31407,15.055,1.20727,20.9424,0.42336,0.0018483,0.21168,0.0018483,0.21168,460.486,0,1.02816,0,0,6.80874,5.78058,1.028160,1,0,124.141,0,0,0,124.141,0
65.9566,2.09692,0,0,5.49055,0.275861,0.36288,3.6288,61.308,0.116418,0,0,5.17903,0.263193,4.79942,0.66528,12.849,1,0.426307,0.36288,0,86.6834,4.62525,81.9947,0.84672,12.849,0.84672,3695.15,0,0.0036966,3.50975e-06,5.61393,1.35664,11.6007,1.35805,17.2132,0.42336,0.0018483,0.21168,0.0018483,0.21168,460.486,0,1.02816,0,0,6.64209,5.61393,1.028160,1,0,104.007,0,0,0,104.007,0
69.0302,2.11265,0,0,5.83114,0.282054,0.36288,3.6288,61.308,0.116866,0,0,4.25661,0.263193,3.87655,0.66528,12.849,1,0.411565,0.36288,0,102.025,4.62525,97.3506,0.84672,12.849,0.84672,3695.15,0,0.0036966,3.52324e-06,4.5525,1.35717,12.2922,1.35805,16.8438,0.42336,0.0018483,0.21168,0.0018483,0.21168,460.486,0,1.02816,0,0,5.58066,4.5525,1.028160,1,0,118.071,0,0,0,118.071,0
72.0165,2.12893,0,0,5.7671,0.288964,0.36288,3.6288,61.308,0.117313,0,0,4.16171,0.263193,3.7812,0.66528,12.849,1,0.396271,0.36288,0,107.621,4.62525,102.962,0.84672,12.849,0.84672,3695.15,0,0.0036966,3.53673e-06,4.42541,1.3577,11.8852,1.35805,16.3102,0.42336,0.0018483,0.21168,0.0018483,0.21168,460.486,0,1.02816,0,0,5.45357,4.42541,1.028160,1,0,123.054,0,0,0,123.054,0
72.29,2.35281,0,0,6.04144,0.269877,3.14523,3.6288,61.308,0.252493,0,0,4.07535,0.267949,3.55491,0.66528,12.849,1,0.419783,3.14523,0,110.251,4.3118,108.664,0.84672,12.849,0.84672,3695.15,0,0.0036966,7.61211e-06,5.16768,1.35823,13.3728,1.26162,18.6371,0.42336,0.0018483,0.21168,0.0018483,0.21168,460.486,0,1.02816,0,0,6.19584,5.16768,1.028160,1,0,130.856,0,0,0,130.856,0
72.29,2.35508,0,0,7.11365,0.245344,4.51323,3.6288,61.308,0.252994,0,0,3.91633,0.279909,3.38343,0.66528,12.849,1,0.418598,4.51323,0,145.606,4.22604,145.474,0.84672,12.849,0.84672,3695.15,0,0.0036966,7.62719e-06,6.32785,1.50903,14.9644,1.20111,21.6002,0.42336,0.0018483,0.21168,0.0018483,0.21168,460.486,0,1.02816,0,0,7.35601,6.32785,1.028160,1,0,170.458,0,0,0,170.458,0
72.29,2.356,0,0,6.76357,0.245344,4.16223,3.6288,61.308,0.253494,0,0,4.31525,0.279909,3.78184,0.66528,12.849,1,0.418761,4.16223,0,138.031,4.22604,137.548,0.84672,12.849,0.84672,3695.15,0,0.0036966,7.64228e-06,6.02973,1.50962,15.7951,1.20111,22.1334,0.42336,0.0018483,0.21168,0.0018483,0.21168,460.486,0,1.02816,0,0,7.05789,6.02973,1.028160,1,0,163.464,0,0,0,163.464,0
72.29,2.35692,0,0,6.32003,0.257745,3.70537,3.6288,61.308,0.253995,0,0,5.78601,0.277996,5.25402,0.66528,12.849,1,0.418925,3.70537,0,127.624,4.23621,126.674,0.84672,12.849,0.84672,3695.15,0,0.0036966,7.65737e-06,7.33018,1.51021,16.281,1.20387,23.9176,0.42336,0.0018483,0.21168,0.0018483,0.21168,460.486,0,1.02816,0,0,8.35834,7.33018,1.028160,1,0,155.846,0,0,0,155.846,0
72.29,2.05897,0,0,6.44377,0.320914,4.06389,3.6288,61.308,0.0734005,0,0,7.66622,0.243794,7.34903,0.66528,12.849,1,0.365966,4.06389,0,216.797,3.83505,216.659,0.84672,12.849,0.84672,3695.15,0,0.0036966,2.21286e-06,7.41001,1.5108,19.1562,1.03572,27.0413,0.42336,0.0018483,0.21168,0.0018483,0.21168,460.486,0,1.02816,0,0,8.43817,7.41001,1.028160,1,0,251.05,0,0,0,251.05,0
72.29,2.05977,0,0,6.46736,0.3024,4.10519,3.6288,61.308,0.0738306,0,0,5.01075,0.233928,4.70299,0.66528,12.849,1,0.366109,4.10519,0,225.569,3.57168,225.736,0.84672,12.849,0.84672,3695.15,0,0.0036966,2.22583e-06,7.06959,1.30551,18.97,0.890611,26.4545,0.42336,0.0018483,0.21168,0.0018483,0.21168,460.486,0,1.02816,0,0,8.09775,7.06959,1.028160,1,0,256.894,0,0,0,256.894,0
72.29,2.06058,0,0,9.54625,0.3024,7.18327,3.6288,61.308,0.074261,0,0,11.6826,0.233928,11.3744,0.66528,12.849,1,0.366252,7.18327,0,228.574,3.57168,231.819,0.84672,12.849,0.84672,3695.15,0,0.0036966,2.2388e-06,14.4571,1.30602,27.4314,0.890611,42.3039,0.42336,0.0018483,0.21168,0.0018483,0.21168,460.486,0,1.02816,0,0,15.4852,14.4571,1.028160,1,0,285.497,0,0,0,285.497,0
72.29,2.06138,0,0,11.4777,0.303199,9.11314,3.6288,61.308,0.0746913,0,0,12.6567,0.199864,12.3821,0.66528,12.849,1,0.366395,9.11314,0,232.207,3.4154,237.538,0.84672,12.849,0.84672,3695.15,0,0.0036966,2.25178e-06,12.3658,1.30653,30.9144,0.834287,43.7525,0.42336,0.0018483,0.21168,0.0018483,0.21168,460.486,0,1.02816,0,0,13.394,12.3658,1.028160,1,0,293.673,0,0,0,293.673,0
72.29,2.06219,0,0,7.17759,0.304263,4.81114,3.6288,61.308,0.0751219,0,0,4.50915,0.154445,4.27958,0.66528,12.849,1,0.366538,4.81114,0,172.71,3.20702,173.948,0.84672,12.849,0.84672,3695.15,0,0.0036966,2.26476e-06,6.2843,1.30704,17.3446,0.759189,24.1768,0.42336,0.0018483,0.21168,0.0018483,0.21168,460.486,0,1.02816,0,0,7.31246,6.2843,1.028160,1,0,202.404,0,0,0,202.404,0
72.29,2.13837,0,0,9.94395,0.330765,7.47482,3.6288,61.308,0.119942,0,0,18.4734,0.163665,18.1897,0.66528,12.849,1,0.380079,7.47482,0,245.33,2.48091,249.944,0.84672,12.849,0.84672,3695.15,0,0.0036966,3.61597e-06,15.0139,1.30755,22.6473,0.653113,38.3157,0.42336,0.0018483,0.21168,0.0018483,0.21168,460.486,0,1.02816,0,0,16.0421,15.0139,1.028160,1,0,306.449,0,0,0,306.449,0
72.29,2.1392,0,0,6.85003,0.30117,4.40965,3.6288,61.308,0.12039,0,0,12.3618,0.157016,12.0844,0.66528,12.849,1,0.380227,4.40965,0,160.874,2.77851,162.125,0.84672,12.849,0.84672,3695.15,0,0.0036966,3.62948e-06,11.8189,1.35899,15.1826,0.710907,27.6496,0.42336,0.0018483,0.21168,0.0018483,0.21168,460.486,0,1.02816,0,0,12.8471,11.8189,1.028160,1,0,201.859,0,0,0,201.859,0
72.29,2.14004,0,0,5.49458,0.30117,3.05337,3.6288,61.308,0.120838,0,0,11.4444,0.157016,11.1665,0.66528,12.849,1,0.380376,3.05337,0,130.533,2.77851,130.428,0.84672,12.849,0.84672,3695.15,0,0.0036966,3.64299e-06,10.5049,1.35952,13.0792,0.710907,24.2327,0.42336,0.0018483,0.21168,0.0018483,0.21168,460.486,0,1.02816,0,0,11.533,10.5049,1.028160,1,0,165.827,0,0,0,165.827,0
72.29,2.14087,0,0,5.10621,0.30117,2.66417,3.6288,61.308,0.121286,0,0,13.4157,0.157016,13.1374,0.66528,12.849,1,0.380524,2.66417,0,131.54,2.77851,131.045,0.84672,12.849,0.84672,3695.15,0,0.0036966,3.6565e-06,10.6049,1.36005,16.5048,0.710907,27.7589,0.42336,0.0018483,0.21168,0.0018483,0.21168,460.486,0,1.02816,0,0,11.6331,10.6049,1.028160,1,0,171.941,0,0,0,171.941,0
72.29,2.11219,0,0,5.62998,0.281583,3.23621,3.6288,61.308,0.104467,0,0,7.88594,0.171841,7.60963,0.66528,12.849,1,0.375426,3.23621,0,119.914,3.23431,119.54,0.84672,12.849,0.84672,3695.15,0,0.0036966,3.14945e-06,7.58782,1.36058,11.8813,0.827976,20.0017,0.42336,0.0018483,0.21168,0.0018483,0.21168,460.486,0,1.02816,0,0,8.61598,7.58782,1.028160,1,0,147.152,0,0,0,147.152,0
72.29,2.11301,0,0,5.5457,0.238759,3.19393,3.6288,61.308,0.104909,0,0,5.49654,0.193277,5.19836,0.66528,12.849,1,0.375572,3.19393,0,115.307,3.82902,114.296,0.84672,12.849,0.84672,3695.15,0,0.0036966,3.16277e-06,6.10597,1.34126,10.6097,0.909855,17.1471,0.42336,0.0018483,0.21168,0.0018483,0.21168,460.486,0,1.02816,0,0,7.13413,6.10597,1.028160,1,0,136.642,0,0,0,136.642,0
72.29,2.11384,0,0,4.91485,0.216279,2.58473,3.6288,61.308,0.105351,0,0,4.68387,0.206272,4.37225,0.66528,12.849,1,0.375719,2.58473,0,101.836,4.08789,99.9573,0.84672,12.849,0.84672,3695.15,0,0.0036966,3.17609e-06,6.18296,1.34178,9.72985,0.909482,16.3451,0.42336,0.0018483,0.21168,0.0018483,0.21168,460.486,0,1.02816,0,0,7.21112,6.18296,1.028160,1,0,120.675,0,0,0,120.675,0
72.29,2.11466,0,0,4.65099,0.206864,2.32946,3.6288,61.308,0.105793,0,0,4.37694,0.209392,4.06175,0.66528,12.849,1,0.375865,2.32946,0,95.5679,4.11569,93.4058,0.84672,12.849,0.84672,3695.15,0,0.0036966,3.18941e-06,5.97361,1.34231,9.01472,0.911423,15.4192,0.42336,0.0018483,0.21168,0.0018483,0.21168,460.486,0,1.02816,0,0,7.00177,5.97361,1.028160,1,0,112.887,0,0,0,112.887,0
72.29,2.21584,0,0,4.45063,0.186522,2.04827,3.6288,61.308,0.167564,0,0,3.8604,0.222738,3.47009,0.66528,12.849,1,0.393849,2.04827,0,95.4746,4.20553,92.9235,0.84672,12.849,0.84672,3695.15,0,0.0036966,5.0517e-06,5.38366,1.34283,8.38918,0.981864,14.1338,0.42336,0.0018483,0.21168,0.0018483,0.21168,460.486,0,1.02816,0,0,6.41182,5.38366,1.028160,1,0,110.527,0,0,0,110.527,0
72.29,2.2167,0,0,4.44475,0.135668,2.09238,3.6288,61.308,0.168031,0,0,3.13926,0.256102,2.71513,0.66528,12.849,1,0.394002,2.09238,0,97.2553,4.43016,94.5235,0.84672,12.849,0.84672,3695.15,0,0.0036966,5.06575e-06,4.57827,1.41289,7.97783,1.15797,12.811,0.42336,0.0018483,0.21168,0.0018483,0.21168,460.486,0,1.02816,0,0,5.60643,4.57827,1.028160,1,0,110.05,0,0,0,110.05,0
72.29,2.21757,0,0,3.811,0.135668,1.45777,3.6288,61.308,0.168497,0,0,3.25228,0.256102,2.82768,0.66528,12.849,1,0.394156,1.45777,0,61.3889,4.43016,58.0224,0.84672,12.849,0.84672,3695.15,0,0.0036966,5.0798e-06,4.62213,1.41344,7.57089,1.15797,12.4485,0.42336,0.0018483,0.21168,0.0018483,0.21168,460.486,0,1.02816,0,0,5.65029,4.62213,1.028160,1,0,73.2985,0,0,0,73.2985,0
72.29,2.21843,0,0,3.88881,0.135668,1.53471,3.6288,61.308,0.168963,0,0,3.11445,0.256102,2.68939,0.66528,12.849,1,0.394309,1.53471,0,61.433,4.43016,58.1432,0.84672,12.849,0.84672,3695.15,0,0.0036966,5.09386e-06,3.00453,1.41399,6.60542,1.15797,9.86597,0.42336,0.0018483,0.21168,0.0018483,0.21168,460.486,0,1.02816,0,0,4.03269,3.00453,1.028160,1,0,70.6986,0,0,0,70.6986,0
72.29,2.21929,0,0,3.29828,0.12813,0.950852,3.6288,61.308,0.16943,0,0,2.51548,0.25656,2.08949,0.66528,12.849,1,0.394463,0.950852,0,62.3618,4.50319,58.415,0.84672,12.849,0.84672,3695.15,0,0.0036966,5.10792e-06,2.77312,1.41454,6.32521,1.18547,9.3274,0.42336,0.0018483,0.21168,0.0018483,0.21168,460.486,0,1.02816,0,0,3.80128,2.77312,1.028160,1,0,69.8319,0,0,0,69.8319,0
72.29,2.20028,0,0,3.53399,0.131177,1.20254,3.6288,61.308,0.203669,0,0,1.62596,0.289208,1.13308,0.66528,12.849,1,0.391082,1.20254,0,67.5199,5.20239,63.1289,0.84672,12.849,0.84672,3695.15,0,0.0036966,6.14018e-06,2.26008,1.41509,6.64753,1.25612,9.06658,0.42336,0.0018483,0.21168,0.0018483,0.21168,460.486,0,1.02816,0,0,3.28824,2.26008,1.028160,1,0,73.3286,0,0,0,73.3286,0
72.29,2.20113,0,0,3.33901,0.110018,1.02786,3.6288,61.308,0.204149,0,0,1.54999,0.318681,1.02716,0.66528,12.849,1,0.391235,1.02786,0,63.9973,5.23404,59.3999,0.84672,12.849,0.84672,3695.15,0,0.0036966,6.15465e-06,2.15414,1.43735,6.64951,1.35375,8.88724,0.42336,0.0018483,0.21168,0.0018483,0.21168,460.486,0,1.02816,0,0,3.1823,2.15414,1.028160,1,0,69.3143,0,0,0,69.3143,0
72.29,2.20199,0,0,3.1709,0.110018,0.85889,3.6288,61.308,0.204629,0,0,1.41013,0.318681,0.886824,0.66528,12.849,1,0.391387,0.85889,0,57.9186,5.23404,53.152,0.84672,12.849,0.84672,3695.15,0,0.0036966,6.16912e-06,2.03866,1.43791,6.50756,1.35375,8.63037,0.42336,0.0018483,0.21168,0.0018483,0.21168,460.486,0,1.02816,0,0,3.06682,2.03866,1.028160,1,0,62.6692,0,0,0,62.6692,0
72.29,2.20285,0,0,2.93796,0.110018,0.625098,3.6288,61.308,0.205109,0,0,1.27674,0.318681,0.752951,0.66528,12.849,1,0.391539,0.625098,0,55.1337,5.23404,50.1332,0.84672,12.849,0.84672,3695.15,0,0.0036966,6.18359e-06,1.87986,1.43847,6.00346,1.35375,7.96802,0.42336,0.0018483,0.21168,0.0018483,0.21168,460.486,0,1.02816,0,0,2.90802,1.87986,1.028160,1,0,58.8541,0,0,0,58.8541,0
72.0631,2.25513,0,0,2.48835,0.0972678,0.36288,3.6288,61.308,0.235736,0,0,1.01611,0.314329,0.466042,0.66528,12.849,1,0.400833,0.36288,0,45.1982,5.43408,39.7261,0.84672,12.849,0.84672,3695.15,0,0.0036966,7.10692e-06,1.35054,1.43903,5.08554,1.36527,6.50983,0.42336,0.0018483,0.21168,0.0018483,0.21168,460.486,0,1.02816,0,0,2.3787,1.35054,1.028160,1,0,46.702,0,0,0,46.702,0
71.928,2.25494,0,0,2.5703,0.0875541,0.36288,3.6288,61.308,0.236228,0,0,1.16308,0.311065,0.615789,0.66528,12.849,1,0.402061,0.36288,0,53.2703,5.58411,47.647,0.84672,12.849,0.84672,3695.15,0,0.0036966,7.12175e-06,1.575,1.47423,5.36168,1.37391,7.03699,0.42336,0.0018483,0.21168,0.0018483,0.21168,460.486,0,1.02816,0,0,2.60316,1.575,1.028160,1,0,55.2998,0,0,0,55.2998,0
71.562,2.25518,0,0,2.33956,0.0874642,0.36288,3.6288,61.308,0.23672,0,0,0.959308,0.311065,0.411523,0.66528,12.849,1,0.402858,0.36288,0,42.9059,5.58411,37.2818,0.84672,12.849,0.84672,3695.15,0,0.0036966,7.13659e-06,1.63122,1.4748,4.98222,1.37391,6.71433,0.42336,0.0018483,0.21168,0.0018483,0.21168,460.486,0,1.02816,0,0,2.65938,1.63122,1.028160,1,0,44.4077,0,0,0,44.4077,0
70.9855,2.25431,0,0,2.12782,0.0872206,0.36288,3.6288,61.308,0.237212,0,0,0.893411,0.311065,0.345133,0.66528,12.849,1,0.404762,0.36288,0,39.998,5.58411,34.372,0.84672,12.849,0.84672,3695.15,0,0.0036966,7.15143e-06,1.21672,1.47538,4.44013,1.37391,5.75831,0.42336,0.0018483,0.21168,0.0018483,0.21168,460.486,0,1.02816,0,0,2.24488,1.21672,1.028160,1,0,40.4755,0,0,0,40.4755,0
70.4701,2.40283,0,0,2.32481,0.0744242,0.36288,3.6288,61.308,0.346688,0,0,1.05224,0.312346,0.393206,0.66528,12.849,1,0.434933,0.36288,0,41.0619,5.63018,35.3596,0.84672,12.849,0.84672,3695.15,0,0.0036966,1.04519e-05,1.83856,1.47595,5.91474,1.40064,7.8286,0.42336,0.0018483,0.21168,0.0018483,0.21168,460.486,0,1.02816,0,0,2.86672,1.83856,1.028160,1,0,43.5814,0,0,0,43.5814,0
69.8804,2.40107,0,0,2.24182,0.0676124,0.36288,3.6288,61.308,0.347223,0,0,0.949588,0.283771,0.318594,0.66528,12.849,1,0.437794,0.36288,0,41.8687,4.85971,36.934,0.84672,12.849,0.84672,3695.15,0,0.0036966,1.0468e-05,1.63472,1.59402,4.16171,1.35182,6.03862,0.42336,0.0018483,0.21168,0.0018483,0.21168,460.486,0,1.02816,0,0,2.66288,1.63472,1.028160,1,0,43.2912,0,0,0,43.2912,0
69.4453,2.39888,0,0,2.39398,0.0673057,0.36288,3.6288,61.308,0.347758,0,0,0.962721,0.283771,0.331192,0.66528,12.849,1,0.441086,0.36288,0,41.8598,4.85971,36.9219,0.84672,12.849,0.84672,3695.15,0,0.0036966,1.04841e-05,1.85565,1.59464,5.02629,1.35182,7.12475,0.42336,0.0018483,0.21168,0.0018483,0.21168,460.486,0,1.02816,0,0,2.88381,1.85565,1.028160,1,0,44.3779,0,0,0,44.3779,0
69.3177,2.39748,0,0,2.69988,0.0670793,0.36288,3.6288,61.308,0.348293,0,0,0.994956,0.283771,0.362893,0.66528,12.849,1,0.44359,0.36288,0,40.0409,4.85971,35.1004,0.84672,12.849,0.84672,3695.15,0,0.0036966,1.05003e-05,1.77137,1.59526,5.587,1.35182,7.6018,0.42336,0.0018483,0.21168,0.0018483,0.21168,460.486,0,1.02816,0,0,2.79953,1.77137,1.028160,1,0,43.0651,0,0,0,43.0651,0
68.4383,2.39773,0,0,1.95795,0.0768243,0.36288,3.6288,61.308,0.348828,0,0,0.858056,0.283933,0.225294,0.66528,12.849,1,0.444452,0.36288,0,38.3962,4.90411,33.4106,0.84672,12.849,0.84672,3695.15,0,0.0036966,1.05164e-05,1.60529,1.59588,3.97628,1.34313,5.83431,0.42336,0.0018483,0.21168,0.0018483,0.21168,460.486,0,1.02816,0,0,2.63345,1.60529,1.028160,1,0,39.4702,0,0,0,39.4702,0
67.9096,2.32081,0,0,2.25865,0.103643,0.36288,3.6288,61.308,0.283086,0,0,1.16516,0.269832,0.612237,0.66528,12.849,1,0.435722,0.36288,0,53.5488,5.45302,48.023,0.84672,12.849,0.84672,3695.15,0,0.0036966,8.53442e-06,1.62391,1.59651,5.87193,1.43955,7.65278,0.42336,0.0018483,0.21168,0.0018483,0.21168,460.486,0,1.02816,0,0,2.65207,1.62391,1.028160,1,0,56.288,0,0,0,56.288,0
68.8114,2.31886,0,0,3.69007,0.10654,0.36288,3.6288,61.308,0.283596,0,0,1.81235,0.267462,1.26129,0.66528,12.849,1,0.438745,0.36288,0,46.7884,5.53896,41.1735,0.84672,12.849,0.84672,3695.15,0,0.0036966,8.54979e-06,3.75499,1.52966,8.91479,1.4567,12.7427,0.42336,0.0018483,0.21168,0.0018483,0.21168,460.486,0,1.02816,0,0,4.78315,3.75499,1.028160,1,0,55.1776,0,0,0,55.1776,0
68.0396,2.32461,0,0,2.02298,0.107294,0.36288,3.6288,61.308,0.284106,0,0,1.17234,0.267462,0.620768,0.66528,12.849,1,0.434069,0.36288,0,59.2183,5.53896,53.6082,0.84672,12.849,0.84672,3695.15,0,0.0036966,8.56516e-06,2.25392,1.53026,5.55081,1.4567,7.87827,0.42336,0.0018483,0.21168,0.0018483,0.21168,460.486,0,1.02816,0,0,3.28208,2.25392,1.028160,1,0,62.1072,0,0,0,62.1072,0
67.1256,2.32137,0,0,1.87689,0.106648,0.36288,3.6288,61.308,0.284616,0,0,1.19006,0.267462,0.637978,0.66528,12.849,1,0.438381,0.36288,0,35.174,5.53896,29.5596,0.84672,12.849,0.84672,3695.15,0,0.0036966,8.58054e-06,1.49471,1.53085,4.19469,1.4567,5.76355,0.42336,0.0018483,0.21168,0.0018483,0.21168,460.486,0,1.02816,0,0,2.52287,1.49471,1.028160,1,0,35.9611,0,0,0,35.9611,0
66.3737,2.25739,0,0,2.07332,0.204885,0.36288,3.6288,61.308,0.224704,0,0,1.19451,0.25669,0.713112,0.66528,12.849,1,0.432105,0.36288,0,49.5127,5.02966,44.4138,0.84672,12.849,0.84672,3695.15,0,0.0036966,6.77431e-06,1.64152,1.53145,7.63652,1.27881,9.53067,0.42336,0.0018483,0.21168,0.0018483,0.21168,460.486,0,1.02816,0,0,2.66968,1.64152,1.028160,1,0,54.6576,0,0,0,54.6576,0
65.4899,2.25417,0,0,1.97147,0.2383,0.36288,3.6288,61.308,0.22519,0,0,1.13466,0.241769,0.667697,0.66528,12.849,1,0.436375,0.36288,0,54.5181,4.99159,49.453,0.84672,12.849,0.84672,3695.15,0,0.0036966,6.78899e-06,1.19305,1.47199,5.29695,1.16131,6.80067,0.42336,0.0018483,0.21168,0.0018483,0.21168,460.486,0,1.02816,0,0,2.22121,1.19305,1.028160,1,0,56.9213,0,0,0,56.9213,0
64.0972,2.25012,0,0,1.45692,0.236627,0.36288,3.6288,61.308,0.225677,0,0,0.937811,0.241769,0.470365,0.66528,12.849,1,0.44147,0.36288,0,52.3794,4.99159,47.3092,0.84672,12.849,0.84672,3695.15,0,0.0036966,6.80367e-06,0.844724,1.47256,3.66274,1.16131,4.81871,0.42336,0.0018483,0.21168,0.0018483,0.21168,460.486,0,1.02816,0,0,1.87288,0.844724,1.028160,1,0,52.5983,0,0,0,52.5983,0
64.929,2.243,0,0,3.65682,0.219114,0.36288,3.6288,61.308,0.226164,0,0,1.41851,0.235813,0.95653,0.66528,12.849,1,0.449634,0.36288,0,50.2868,4.8476,45.3524,0.84672,12.849,0.84672,3695.15,0,0.0036966,6.81835e-06,1.69637,1.47314,7.66289,1.1935,9.63888,0.42336,0.0018483,0.21168,0.0018483,0.21168,460.486,0,1.02816,0,0,2.72453,1.69637,1.028160,1,0,55.9478,0,0,0,55.9478,0
69.9513,2.07933,0,0,7.6984,0.233916,0.36288,3.6288,61.308,0.100613,0,0,2.23318,0.194652,1.93792,0.66528,12.849,1,0.411485,0.36288,0,141.46,3.95796,137.454,0.84672,12.849,0.84672,3695.15,0,0.0036966,3.03326e-06,2.88782,1.47371,17.2974,1.06932,20.5896,0.42336,0.0018483,0.21168,0.0018483,0.21168,460.486,0,1.02816,0,0,3.91598,2.88782,1.028160,1,0,159.981,0,0,0,159.981,0
72.29,2.10511,0,0,5.22186,0.262827,0.515181,3.6288,61.308,0.101051,0,0,1.32881,0.252824,0.974939,0.66528,12.849,1,0.386677,0.515181,0,126.534,4.61044,122.052,0.84672,12.849,0.84672,3695.15,0,0.0036966,3.04647e-06,1.2151,1.33888,8.62194,1.12384,10.0521,0.42336,0.0018483,0.21168,0.0018483,0.21168,460.486,0,1.02816,0,0,2.24326,1.2151,1.028160,1,0,133.079,0,0,0,133.079,0
72.29,2.11655,0,0,3.93582,0.267576,1.55169,3.6288,61.308,0.10149,0,0,1.21494,0.252824,0.860626,0.66528,12.849,1,0.376201,1.55169,0,115.911,4.61044,112.476,0.84672,12.849,0.84672,3695.15,0,0.0036966,3.05969e-06,2.25058,1.3394,8.40534,1.12384,10.8715,0.42336,0.0018483,0.21168,0.0018483,0.21168,460.486,0,1.02816,0,0,3.27874,2.25058,1.028160,1,0,124.208,0,0,0,124.208,0
72.29,2.11737,0,0,3.95324,0.267576,1.56829,3.6288,61.308,0.101928,0,0,1.42425,0.252824,1.0695,0.66528,12.849,1,0.376347,1.56829,0,99.0766,4.61044,95.6581,0.84672,12.849,0.84672,3695.15,0,0.0036966,3.07291e-06,5.18677,1.33992,13.8284,1.12384,19.2313,0.42336,0.0018483,0.21168,0.0018483,0.21168,460.486,0,1.02816,0,0,6.21493,5.18677,1.028160,1,0,115.959,0,0,0,115.959,0
72.29,2.1182,0,0,4.15155,0.267576,1.76577,3.6288,61.308,0.102367,0,0,1.24094,0.252824,0.885746,0.66528,12.849,1,0.376493,1.76577,0,100.935,4.61044,97.7139,0.84672,12.849,0.84672,3695.15,0,0.0036966,3.08614e-06,3.91996,1.34044,10.7712,1.12384,14.9078,0.42336,0.0018483,0.21168,0.0018483,0.21168,460.486,0,1.02816,0,0,4.94812,3.91996,1.028160,1,0,113.507,0,0,0,113.507,0
72.29,2.18538,0,0,3.44485,0.290114,0.969357,3.6288,61.308,0.139363,0,0,1.26448,0.198084,0.927034,0.66528,12.849,1,0.388435,0.969357,0,135.578,3.91976,132.239,0.84672,12.849,0.84672,3695.15,0,0.0036966,4.2015e-06,1.93788,1.34096,7.95208,1.0665,10.1644,0.42336,0.0018483,0.21168,0.0018483,0.21168,460.486,0,1.02816,0,0,2.96604,1.93788,1.028160,1,0,143.331,0,0,0,143.331,0
72.29,2.1862,0,0,2.97288,0.309421,0.477252,3.6288,61.308,0.139801,0,0,1.33358,0.163047,1.03074,0.66528,12.849,1,0.388581,0.477252,0,102.416,3.77024,98.7344,0.84672,12.849,0.84672,3695.15,0,0.0036966,4.2147e-06,2.07909,1.38438,8.27885,0.935713,10.8066,0.42336,0.0018483,0.21168,0.0018483,0.21168,460.486,0,1.02816,0,0,3.10725,2.07909,1.028160,1,0,110.572,0,0,0,110.572,0
72.29,2.18702,0,0,10.9867,0.314052,8.48561,3.6288,61.308,0.14024,0,0,5.87463,0.21929,5.5151,0.66528,12.849,1,0.388727,8.48561,0,201.512,4.61328,204.996,0.84672,12.849,0.84672,3695.15,0,0.0036966,4.22792e-06,7.86364,1.3849,30.1647,1.26822,38.145,0.42336,0.0018483,0.21168,0.0018483,0.21168,460.486,0,1.02816,0,0,8.8918,7.86364,1.028160,1,0,248.656,0,0,0,248.656,0
72.29,2.18784,0,0,13.2307,0.314052,10.7288,3.6288,61.308,0.140678,0,0,10.2315,0.21929,9.87149,0.66528,12.849,1,0.388873,10.7288,0,337.229,4.61328,342.955,0.84672,12.849,0.84672,3695.15,0,0.0036966,4.24113e-06,12.9388,1.38542,39.4714,1.26822,52.5274,0.42336,0.0018483,0.21168,0.0018483,0.21168,460.486,0,1.02816,0,0,13.967,12.9388,1.028160,1,0,405.354,0,0,0,405.354,0
72.29,2.40214,0,0,7.10492,0.311823,4.39096,3.6288,61.308,0.278595,0,0,8.00376,0.210125,7.51504,0.66528,12.849,1,0.426963,4.39096,0,267.784,4.57326,267.175,0.84672,12.849,0.84672,3695.15,0,0.0036966,8.39902e-06,7.15516,1.38593,26.0955,1.23929,33.3973,0.42336,0.0018483,0.21168,0.0018483,0.21168,460.486,0,1.02816,0,0,8.18332,7.15516,1.028160,1,0,308.087,0,0,0,308.087,0
72.29,2.40304,0,0,5.1654,0.306249,2.45611,3.6288,61.308,0.279085,0,0,5.25115,0.187213,4.78485,0.66528,12.849,1,0.427123,2.45611,0,145.957,4.47321,143.513,0.84672,12.849,0.84672,3695.15,0,0.0036966,8.41379e-06,4.40266,1.53979,17.2305,1.16696,22.006,0.42336,0.0018483,0.21168,0.0018483,0.21168,460.486,0,1.02816,0,0,5.43082,4.40266,1.028160,1,0,170.304,0,0,0,170.304,0
72.29,2.40394,0,0,4.28272,0.306249,1.57252,3.6288,61.308,0.279575,0,0,4.36107,0.187213,3.89429,0.66528,12.849,1,0.427283,1.57252,0,147.261,4.47321,143.933,0.84672,12.849,0.84672,3695.15,0,0.0036966,8.42858e-06,3.35828,1.54037,14.4482,1.16696,18.1798,0.42336,0.0018483,0.21168,0.0018483,0.21168,460.486,0,1.02816,0,0,4.38644,3.35828,1.028160,1,0,166.007,0,0,0,166.007,0
72.29,2.40485,0,0,3.68016,0.303063,0.972256,3.6288,61.308,0.280066,0,0,4.00877,0.165822,3.56288,0.66528,12.849,1,0.427443,0.972256,0,112.309,3.70893,109.145,0.84672,12.849,0.84672,3695.15,0,0.0036966,8.44336e-06,2.97667,1.54095,13.0886,1.02704,16.5791,0.42336,0.0018483,0.21168,0.0018483,0.21168,460.486,0,1.02816,0,0,4.00483,2.97667,1.028160,1,0,129.287,0,0,0,129.287,0
72.29,2.1008,0,0,4.63178,0.300496,2.23048,3.6288,61.308,0.0957816,0,0,4.23743,0.153812,3.98783,0.66528,12.849,1,0.373402,2.23048,0,114.457,3.15438,113.159,0.84672,12.849,0.84672,3695.15,0,0.0036966,2.8876e-06,3.00619,1.54152,14.4722,0.875205,18.1447,0.42336,0.0018483,0.21168,0.0018483,0.21168,460.486,0,1.02816,0,0,4.03435,3.00619,1.028160,1,0,135.292,0,0,0,135.292,0
72.29,2.10159,0,0,6.45228,0.313789,4.0369,3.6288,61.308,0.0962029,0,0,4.31931,0.175725,4.04738,0.66528,12.849,1,0.373542,4.0369,0,117.024,3.85697,116.831,0.84672,12.849,0.84672,3695.15,0,0.0036966,2.9003e-06,2.46323,1.33204,16.6775,0.818528,19.6543,0.42336,0.0018483,0.21168,0.0018483,0.21168,460.486,0,1.02816,0,0,3.49139,2.46323,1.028160,1,0,140.533,0,0,0,140.533,0
72.29,2.10238,0,0,5.00855,0.313789,2.59238,3.6288,61.308,0.0966244,0,0,3.36233,0.175725,3.08998,0.66528,12.849,1,0.373682,2.59238,0,123.316,3.85697,121.678,0.84672,12.849,0.84672,3695.15,0,0.0036966,2.91301e-06,1.67543,1.33254,13.4943,0.818528,15.6837,0.42336,0.0018483,0.21168,0.0018483,0.21168,460.486,0,1.02816,0,0,2.70359,1.67543,1.028160,1,0,140.452,0,0,0,140.452,0
72.29,2.10317,0,0,4.0475,0.279804,1.66453,3.6288,61.308,0.0970459,0,0,2.25116,0.157676,1.99644,0.66528,12.849,1,0.373822,1.66453,0,100.646,3.59538,98.341,0.84672,12.849,0.84672,3695.15,0,0.0036966,2.92572e-06,1.09923,1.33303,11.9171,0.780952,13.5684,0.42336,0.0018483,0.21168,0.0018483,0.21168,460.486,0,1.02816,0,0,2.12739,1.09923,1.028160,1,0,113.906,0,0,0,113.906,0
72.29,2.10395,0,0,4.58348,0.234491,2.24503,3.6288,61.308,0.0974676,0,0,2.94011,0.13361,2.70904,0.66528,12.849,1,0.373962,2.24503,0,107.467,3.2466,106.091,0.84672,12.849,0.84672,3695.15,0,0.0036966,2.93843e-06,1.71258,1.33353,12.6929,0.73085,15.0081,0.42336,0.0018483,0.21168,0.0018483,0.21168,460.486,0,1.02816,0,0,2.74074,1.71258,1.028160,1,0,123.809,0,0,0,123.809,0
72.29,2.18165,0,0,3.43392,0.27994,0.97233,3.6288,61.308,0.143177,0,0,1.84325,0.168427,1.53164,0.66528,12.849,1,0.387771,0.97233,0,82.4109,4.42299,78.5725,0.84672,12.849,0.84672,3695.15,0,0.0036966,4.31646e-06,0.64355,1.33403,10.9068,0.9452,11.9392,0.42336,0.0018483,0.21168,0.0018483,0.21168,460.486,0,1.02816,0,0,1.67171,0.64355,1.028160,1,0,92.0433,0,0,0,92.0433,0
72.29,2.18246,0,0,5.61673,0.287514,3.14676,3.6288,61.308,0.143616,0,0,2.73423,0.17423,2.41639,0.66528,12.849,1,0.387916,3.14676,0,133.444,4.61906,131.584,0.84672,12.849,0.84672,3695.15,0,0.0036966,4.32969e-06,1.69543,1.3865,18.2039,0.980924,20.3049,0.42336,0.0018483,0.21168,0.0018483,0.21168,460.486,0,1.02816,0,0,2.72359,1.69543,1.028160,1,0,154.305,0,0,0,154.305,0
72.29,2.18328,0,0,4.41896,0.287514,1.94817,3.6288,61.308,0.144054,0,0,2.43734,0.17423,2.11905,0.66528,12.849,1,0.388062,1.94817,0,102.756,4.61906,99.6974,0.84672,12.849,0.84672,3695.15,0,0.0036966,4.34292e-06,1.12722,1.38702,15.1952,0.980924,16.7285,0.42336,0.0018483,0.21168,0.0018483,0.21168,460.486,0,1.02816,0,0,2.15538,1.12722,1.028160,1,0,118.545,0,0,0,118.545,0
72.29,2.1841,0,0,3.50752,0.287514,1.03591,3.6288,61.308,0.144493,0,0,1.90552,0.17423,1.58679,0.66528,12.849,1,0.388207,1.03591,0,79.933,4.61906,75.9616,0.84672,12.849,0.84672,3695.15,0,0.0036966,4.35616e-06,0.65594,1.38754,11.4816,0.980924,12.5442,0.42336,0.0018483,0.21168,0.0018483,0.21168,460.486,0,1.02816,0,0,1.6841,0.65594,1.028160,1,0,90.0926,0,0,0,90.0926,0
72.29,2.1548,0,0,3.50081,0.207567,1.13844,3.6288,61.308,0.127317,0,0,1.60955,0.173915,1.30832,0.66528,12.849,1,0.383,1.13844,0,77.4939,4.10728,74.142,0.84672,12.849,0.84672,3695.15,0,0.0036966,3.83833e-06,0.746669,1.38806,9.36732,0.972238,10.5298,0.42336,0.0018483,0.21168,0.0018483,0.21168,460.486,0,1.02816,0,0,1.77483,0.746669,1.028160,1,0,85.9802,0,0,0,85.9802,0
72.29,2.15561,0,0,2.91434,0.240286,0.518446,3.6288,61.308,0.173281,0,0,1.46173,0.174334,1.11412,0.66528,12.849,1,0.383143,0.518446,0,61.2325,3.94445,57.4233,0.84672,12.849,0.84672,3695.15,0,0.0036966,5.22404e-06,0.528595,1.36832,7.39791,0.967138,8.32768,0.42336,0.0018483,0.21168,0.0018483,0.21168,460.486,0,0.982627,0,0,1.51122,0.528595,1.028160,1,0,66.8651,0,0,0,66.8651,0
72.194,2.15642,0,0,2.62132,0.198014,0.36288,3.6288,61.308,0.15589,0,0,1.21239,0.20747,0.849031,0.66528,12.849,1,0.383287,0.36288,0,54.9315,4.27052,50.6406,0.84672,12.849,0.84672,3695.15,0,0.0036966,4.69974e-06,0.402797,1.36883,6.77609,0.99062,7.5571,0.42336,0.0018483,0.21168,0.0018483,0.21168,460.486,0,1.00045,0,0,1.40325,0.402797,1.028160,1,0,59.0467,0,0,0,59.0467,0
72.0447,2.15679,0,0,2.52612,0.155766,0.36288,3.6288,61.308,0.128615,0,0,1.26827,0.227088,0.912562,0.66528,12.849,1,0.383863,0.36288,0,52.6083,4.44349,48.1438,0.84672,12.849,0.84672,3695.15,0,0.0036966,3.87746e-06,0.433892,1.36934,7.19522,1.00095,7.9975,0.42336,0.0018483,0.21168,0.0018483,0.21168,460.486,0,1.02816,0,0,1.46205,0.433892,1.028160,1,0,57.0539,0,0,0,57.0539,0
71.6351,2.25924,0,0,2.37426,0.161743,0.36288,3.6288,61.308,0.248754,0,0,1.19561,0.224072,0.722786,0.66528,12.849,1,0.40293,0.36288,0,48.3672,4.481,43.8462,0.84672,12.849,0.84672,3695.15,0,0.0036966,7.49939e-06,0.402797,1.36986,7.01352,1.01021,7.77596,0.42336,0.0018483,0.21168,0.0018483,0.21168,460.486,0,0.971015,0,0,1.37381,0.402797,1.028160,1,0,52.3449,0,0,0,52.3449,0
71.2076,2.25813,0,0,2.39153,0.198045,0.36288,3.6288,61.308,0.192068,0,0,1.35103,0.20597,0.952991,0.66528,12.849,1,0.405035,0.36288,0,47.5705,4.706,42.8223,0.84672,12.849,0.84672,3695.15,0,0.0036966,5.79041e-06,0.498969,1.4413,6.58843,1.06575,7.46295,0.42336,0.0018483,0.21168,0.0018483,0.21168,460.486,0,1.02816,0,0,1.52713,0.498969,1.028160,1,0,51.2382,0,0,0,51.2382,0
70.8654,2.25692,0,0,2.36507,0.0874571,0.36288,3.6288,61.308,0.192524,0,0,1.29457,0.245395,0.856646,0.66528,12.849,1,0.407248,0.36288,0,48.7465,5.23498,43.4672,0.84672,12.849,0.84672,3695.15,0,0.0036966,5.80418e-06,0.532112,1.44184,6.80089,1.17218,7.60266,0.42336,0.0018483,0.21168,0.0018483,0.21168,460.486,0,1.02816,0,0,1.56027,0.532112,1.028160,1,0,51.9265,0,0,0,51.9265,0
70.2597,2.25609,0,0,2.10047,0.0872282,0.36288,3.6288,61.308,0.195564,0,0,1.05526,0.245395,0.614296,0.66528,12.849,1,0.409065,0.36288,0,43.595,5.23498,38.3139,0.84672,12.849,0.84672,3695.15,0,0.0036966,5.89582e-06,0.30119,1.44238,5.83271,1.17218,6.4041,0.42336,0.0018483,0.21168,0.0018483,0.21168,460.486,0,1.02558,0,0,1.32677,0.30119,1.028160,1,0,45.3322,0,0,0,45.3322,0
69.5789,2.25396,0,0,2.02291,0.0868229,0.36288,3.6288,61.308,0.295153,0,0,0.849485,0.245395,0.308936,0.66528,12.849,1,0.412201,0.36288,0,40.1738,5.23498,34.8894,0.84672,12.849,0.84672,3695.15,0,0.0036966,8.89821e-06,0.30119,1.44292,5.60747,1.17218,6.1794,0.42336,0.0018483,0.21168,0.0018483,0.21168,460.486,0,0.926441,0,0,1.22763,0.30119,1.028160,1,0,41.3778,0,0,0,41.3778,0
68.5478,2.23123,0,0,1.66062,0.0976101,0.36288,3.6288,61.308,0.459976,0,0,0.858695,0.266242,0.132477,0.66528,12.849,1,0.412037,0.36288,0,30.0707,5.32562,24.6959,0.84672,12.849,0.84672,3695.15,0,0.0036966,1.38673e-05,0.30119,1.44346,3.45424,1.25979,3.93909,0.42336,0.0018483,0.21168,0.0018483,0.21168,460.486,0,0.796522,0,0,1.09771,0.30119,1.028160,1,0,28.7674,0,0,0,28.7674,0
67.4045,2.22684,0,0,1.54513,0.0986892,0.36288,3.6288,61.308,0.51193,0,0,0.833691,0.269717,0.0520441,0.66528,12.849,1,0.417412,0.36288,0,28.3942,5.34072,22.999,0.84672,12.849,0.84672,3695.15,0,0.0036966,1.54336e-05,0.261274,1.46614,3.20388,1.27439,3.65688,0.42336,0.0018483,0.21168,0.0018483,0.21168,460.486,0,0.745036,0,0,1.00631,0.261274,1.028160,1,0,26.7079,0,0,0,26.7079,0
66.1348,2.22172,0,0,1.41268,0.0978081,0.36288,3.6288,61.308,0.49392,0,0,0.813689,0.269717,0.0500529,0.66528,12.849,1,0.423517,0.36288,0,27.9934,5.34072,22.5921,0.84672,12.849,0.84672,3695.15,0,0.0036966,1.48906e-05,0.261274,1.46669,3.16449,1.27439,3.61805,0.42336,0.0018483,0.21168,0.0018483,0.21168,460.486,0,0.763517,0,0,1.02479,0.261274,1.028160,1,0,26.2602,0,0,0,26.2602,0
64.7504,2.21574,0,0,1.29109,0.0968295,0.36288,3.6288,61.1558,0.643399,0,0,0.760925,0.269717,0,0.66528,12.849,1,0.430486,0.36288,0,26.3304,5.34072,20.9221,0.84672,12.849,0.84672,3695.15,0,0.0036966,1.93971e-05,0.261274,1.46724,3.01129,1.27439,3.46539,0.42336,0.0018483,0.21168,0.0018483,0.21168,460.486,0,0.614503,0,0,0.875776,0.261274,1.028160,1,0,24.3875,0,0,0,24.3875,0
63.2749,2.26044,0,0,1.23036,0.0826036,0.36288,3.6288,60.9163,0.701626,0,0,0.766022,0.30394,0,0.66528,12.849,1,0.448559,0.36288,0,23.7042,5.65728,17.9612,0.84672,12.849,0.84672,3695.15,0,0.0036966,2.12051e-05,0.261274,1.46778,2.77222,1.41838,3.08288,0.42336,0.0018483,0.21168,0.0018483,0.21168,460.486,0,0.587494,0,0,0.848768,0.261274,1.028160,1,0,21.0441,0,0,0,21.0441,0
61.8118,2.25258,0,0,1.22698,0.0746344,0.36288,3.6288,60.7498,0.671825,0,0,0.829233,0.323855,0,0.66528,12.849,1,0.457424,0.36288,0,21.6105,5.75001,15.7659,0.84672,12.849,0.84672,3695.15,0,0.0036966,2.03843e-05,0.261274,1.50367,2.71487,1.49015,2.98964,0.42336,0.0018483,0.21168,0.0018483,0.21168,460.486,0,0.617777,0,0,0.879051,0.261274,1.028160,1,0,18.7555,0,0,0,18.7555,0
60.2167,2.24446,0,0,1.08603,0.073745,0.36288,3.6288,60.5213,0.683357,0,0,0.778308,0.323513,0,0.66528,12.849,1,0.466562,0.36288,0,20.4,5.75001,14.5463,0.84672,12.849,0.84672,3695.15,0,0.0036966,2.0791e-05,0.227405,1.50423,2.71639,1.49015,2.95786,0.42336,0.0018483,0.21168,0.0018483,0.21168,460.486,0,0.606727,0,0,0.834132,0.227405,1.028160,1,0,17.5042,0,0,0,17.5042,0
58.5389,2.23511,0,0,0.992943,0.0727674,0.36288,3.6288,60.2006,0.749423,0,0,0.751836,0.323044,0,0.66528,12.849,1,0.476925,0.36288,0,19.1579,5.75001,13.2938,0.84672,12.849,0.84672,3695.15,0,0.0036966,2.28872e-05,0.227405,1.50479,2.58814,1.49015,2.83016,0.42336,0.0018483,0.21168,0.0018483,0.21168,460.486,0,0.54114,0,0,0.768545,0.227405,1.028160,1,0,16.124,0,0,0,16.124,0
56.5978,2.37331,0,0,0.852068,0.0569436,0.36288,3.6288,59.7521,0.868583,0,0,0.74876,0.328703,0,0.66528,12.849,1,0.520929,0.36288,0,18.274,6.00932,12.1067,0.84672,12.849,0.84672,3695.15,0,0.0036966,2.66675e-05,0.227405,1.50535,2.57171,1.50542,2.79903,0.42336,0.0018483,0.21168,0.0018483,0.21168,460.486,0,0.533615,0,0,0.76102,0.227405,1.028160,1,0,14.9057,0,0,0,14.9057,0
54.9044,2.35963,0,0,1.08931,0.0602749,0.36288,3.6288,58.982,1.17534,0,0,0.736707,0.331471,0,0.66528,12.849,1,0.535689,0.36288,0,19.6244,5.30824,14.1433,0.84672,12.849,0.84672,3695.15,0,0.0036966,3.63565e-05,0.227405,1.62575,2.53882,1.40436,2.98759,0.42336,0.0018483,0.21168,0.0018483,0.21168,460.486,0,0.227375,0,0,0.454779,0.227405,1.028160,1,0,17.1309,0,0,0,17.1309,0
53.1567,2.34711,0,0,1.02271,0.0603572,0.36288,3.6288,58.515,0.873198,0,0,0.727428,0.321178,0,0.66528,12.849,1,0.549283,0.36288,0,18.9339,5.41254,13.3349,0.84672,12.849,0.84672,3695.15,0,0.0036966,2.73631e-05,0.204422,1.62636,2.67179,1.43915,3.0634,0.42336,0.0018483,0.21168,0.0018483,0.21168,460.486,0,0.530047,0,0,0.734469,0.204422,1.028160,1,0,16.3983,0,0,0,16.3983,0
51.37,2.33344,0,0,0.968872,0.0592968,0.36288,3.6288,58.0217,0.874491,0,0,0.701404,0.320215,0,0.66528,12.849,1,0.564036,0.36288,0,18.7663,5.41254,13.1526,0.84672,12.849,0.84672,3695.15,0,0.0036966,2.76223e-05,0.204422,1.62697,2.53516,1.43915,2.92737,0.42336,0.0018483,0.21168,0.0018483,0.21168,460.486,0,0.529278,0,0,0.7337,0.204422,1.028160,1,0,16.08,0,0,0,16.08,0
49.5859,2.31861,0,0,0.955619,0.0582126,0.36288,3.6288,57.5169,0.881374,0,0,0.69571,0.319199,0,0.66528,12.849,1,0.579945,0.36288,0,17.9292,5.41254,12.2996,0.84672,12.849,0.84672,3695.15,0,0.0036966,2.80764e-05,0.204422,1.62757,2.55492,1.43915,2.94774,0.42336,0.0018483,0.21168,0.0018483,0.21168,460.486,0,0.522919,0,0,0.727341,0.204422,1.028160,1,0,15.2473,0,0,0,15.2473,0
48.3616,2.23263,0,0,1.4466,0.0754436,0.36288,3.6288,57.0072,0.953013,0,0,0.732629,0.289291,0,0.66528,12.849,1,0.578532,0.36288,0,23.8084,4.67447,18.9183,0.84672,12.849,0.84672,3695.15,0,0.0036966,3.0625e-05,0.204422,1.62818,3.12707,1.39911,3.56053,0.42336,0.0018483,0.21168,0.0018483,0.21168,460.486,0,0.384208,0,0,0.58863,0.204422,1.028160,1,0,22.4788,0,0,0,22.4788,0
47.5858,2.22189,0,0,1.89068,0.0816828,0.36288,3.6288,56.5976,0.968271,0,0,0.835497,0.276827,0,0.66528,12.849,1,0.590324,0.36288,0,23.2436,4.37923,18.6369,0.84672,12.849,0.84672,3695.15,0,0.0036966,3.13935e-05,0.216518,1.55999,3.38183,1.3831,3.77521,0.42336,0.0018483,0.21168,0.0018483,0.21168,460.486,0,0.369448,0,0,0.585967,0.216518,1.028160,1,0,22.4121,0,0,0,22.4121,0
46.4814,2.21513,0,0,1.55466,0.0809941,0.36288,3.6288,56.9342,0.555042,0,0,1.16777,0.27609,0,0.66528,12.849,1,0.598125,0.36288,0,22.5641,4.37923,17.9496,0.84672,12.849,0.84672,3695.15,0,0.0036966,1.81259e-05,0.216518,1.56057,3.81825,1.3831,4.21222,0.42336,0.0018483,0.21168,0.0018483,0.21168,460.486,0,0.78319,0,0,0.999708,0.216518,1.028160,1,0,22.1618,0,0,0,22.1618,0
45.1237,2.20482,0,0,1.29,0.0800136,0.36288,3.6288,56.2479,1.03769,0,0,0.628077,0.276696,0,0.66528,12.849,1,0.609485,0.36288,0,21.6196,4.37923,16.9938,0.84672,12.849,0.84672,3695.15,0,0.0036966,3.36873e-05,0.216518,1.56115,2.84359,1.3831,3.23813,0.42336,0.0018483,0.21168,0.0018483,0.21168,460.486,0,0.301025,0,0,0.517544,0.216518,1.028160,1,0,20.2319,0,0,0,20.2319,0
43.9433,2.13475,0,0,1.43566,0.118454,0.36288,3.6288,55.6528,0.904259,0,0,0.546871,0.237756,0,0.66528,12.849,1,0.607872,0.36288,0,20.8335,4.11313,16.4754,0.84672,12.849,0.84672,3695.15,0,0.0036966,2.97138e-05,0.216518,1.56174,2.72303,1.22184,3.27942,0.42336,0.0018483,0.21168,0.0018483,0.21168,460.486,0,0.373341,0,0,0.58986,0.216518,1.028160,1,0,19.7548,0,0,0,19.7548,0
44.1233,2.12291,0,0,2.82784,0.162002,0.36288,3.6288,55.96,0.249939,0,0,0.751279,0.194103,0,0.66528,12.849,1,0.620738,0.36288,0,42.3617,4.17459,37.9293,0.84672,12.849,0.84672,3695.15,0,0.0036966,8.30078e-06,0.460548,1.50108,3.62817,1.04583,4.54396,0.42336,0.0018483,0.21168,0.0018483,0.21168,460.486,0,1.02816,0,0,1.48871,0.460548,1.028160,1,0,42.4733,0,0,0,42.4733,0
47.0961,2.12566,0,0,5.62362,0.162335,0.36288,3.6288,56.9112,0.250416,0,0,1.39613,0.194494,0,0.66528,12.849,1,0.619007,0.36288,0,62.4747,4.17459,58.044,0.84672,12.849,0.84672,3695.15,0,0.0036966,8.27096e-06,1.32115,1.50164,7.4201,1.04583,9.19705,0.42336,0.0018483,0.21168,0.0018483,0.21168,460.486,0,1.02816,0,0,2.34931,1.32115,1.028160,1,0,67.2411,0,0,0,67.2411,0
48.6112,2.15717,0,0,4.20301,0.167834,0.36288,3.6288,57.9331,0.250893,0,0,1.46844,0.195704,0,0.66528,12.849,1,0.58853,0.36288,0,43.8774,4.17459,39.4771,0.84672,12.849,0.84672,3695.15,0,0.0036966,8.14821e-06,1.55605,1.5022,5.78696,1.04583,7.79937,0.42336,0.0018483,0.21168,0.0018483,0.21168,460.486,0,1.02816,0,0,2.58421,1.55605,1.028160,1,0,47.2765,0,0,0,47.2765,0
51.4869,2.00888,0,0,5.4525,0.205086,0.36288,3.6288,58.7046,0.122849,0,0,1.10488,0.210507,0,0.66528,12.849,1,0.53099,0.36288,0,58.6178,4.40655,54.0432,0.84672,12.849,0.84672,3695.15,0,0.0036966,3.91936e-06,0.871651,1.50276,9.96767,1.09999,11.2421,0.42336,0.0018483,0.21168,0.0018483,0.21168,460.486,0,1.02816,0,0,1.89981,0.871651,1.028160,1,0,65.2853,0,0,0,65.2853,0
52.2038,2.03337,0,0,3.36259,0.249385,0.36288,3.6288,59.0937,0.123278,0,0,0.726902,0.214498,0,0.66528,12.849,1,0.507446,0.36288,0,27.0925,3.68436,23.2636,0.84672,12.849,0.84672,3695.15,0,0.0036966,3.88137e-06,0.360763,1.36526,4.64741,0.966905,5.40652,0.42336,0.0018483,0.21168,0.0018483,0.21168,460.486,0,1.02816,0,0,1.38892,0.360763,1.028160,1,0,28.6701,0,0,0,28.6701,0
53.9453,2.03972,0,0,4.38355,0.239474,0.36288,3.6288,59.549,0.123707,0,0,0.778232,0.19929,0,0.66528,12.849,1,0.50204,0.36288,0,36.3709,3.90789,32.3239,0.84672,12.849,0.84672,3695.15,0,0.0036966,3.86924e-06,0.748475,1.36577,6.02214,1.04532,7.09106,0.42336,0.0018483,0.21168,0.0018483,0.21168,460.486,0,1.02816,0,0,1.77663,0.748475,1.028160,1,0,39.415,0,0,0,39.415,0
56.1519,2.05358,0,0,4.86682,0.243783,0.36288,3.6288,59.508,0.479955,0,0,0.638832,0.199871,0,0.66528,12.849,1,0.489134,0.36288,0,40.7233,3.90789,36.6892,0.84672,12.849,0.84672,3695.15,0,0.0036966,1.4897e-05,0.412474,1.36628,4.60604,1.04532,5.33945,0.42336,0.0018483,0.21168,0.0018483,0.21168,460.486,0,0.67233,0,0,1.0848,0.412474,1.028160,1,0,42.0287,0,0,0,42.0287,0
60.1005,2.07,0,0,6.63079,0.249244,0.36288,3.6288,60.6023,0.294224,0,0,1.58833,0.199819,0,0.66528,12.849,1,0.473669,0.36288,0,55.7387,3.90789,51.72,0.84672,12.849,0.84672,3695.15,0,0.0036966,9.13852e-06,0.412474,1.36679,5.30593,1.04532,6.03986,0.42336,0.0018483,0.21168,0.0018483,0.21168,460.486,0,0.858496,0,0,1.27097,0.412474,1.028160,1,0,57.7599,0,0,0,57.7599,0
61.6451,2.16208,0,0,4.34414,0.274593,0.36288,3.6288,61.308,0.16227,0,0,1.71945,0.209339,0.642091,0.66528,12.849,1,0.462234,0.36288,0,64.0703,4.14284,59.8281,0.84672,12.849,0.84672,3695.15,0,0.0036966,4.94906e-06,0.878645,1.36729,7.22879,1.13909,8.33564,0.42336,0.0018483,0.21168,0.0018483,0.21168,460.486,0,1.02816,0,0,1.9068,0.878645,1.028160,1,0,68.8058,0,0,0,68.8058,0
63.3296,2.17244,0,0,4.50982,0.290016,0.36288,3.6288,61.308,0.162699,0,0,1.44673,0.204976,1.07906,0.66528,12.849,1,0.452813,0.36288,0,90.3571,3.99981,86.2674,0.84672,12.849,0.84672,3695.15,0,0.0036966,4.905e-06,1.06664,1.41154,7.54737,1.13871,8.88683,0.42336,0.0018483,0.21168,0.0018483,0.21168,460.486,0,1.02816,0,0,2.0948,1.06664,1.028160,1,0,96.2333,0,0,0,96.2333,0
72.1662,2.18324,0,0,11.6615,0.278778,0.36288,3.6288,61.308,0.163127,0,0,2.86815,0.192575,2.51245,0.66528,12.849,1,0.44296,0.36288,0,181.358,3.57105,177.707,0.84672,12.849,0.84672,3695.15,0,0.0036966,4.91792e-06,2.47459,1.41205,14.9459,1.08515,17.7474,0.42336,0.0018483,0.21168,0.0018483,0.21168,460.486,0,1.02816,0,0,3.50275,2.47459,1.028160,1,0,197.967,0,0,0,197.967,0
72.29,2.23009,0,0,5.76467,0.298833,3.11196,3.6288,61.308,0.163556,0,0,2.35065,0.192575,1.99452,0.66528,12.849,1,0.397062,3.11196,0,111.071,3.57105,110.215,0.84672,12.849,0.84672,3695.15,0,0.0036966,4.93084e-06,2.10382,1.41255,10.821,1.08515,13.2522,0.42336,0.0018483,0.21168,0.0018483,0.21168,460.486,0,1.02816,0,0,3.13198,2.10382,1.028160,1,0,125.461,0,0,0,125.461,0
72.29,2.44912,0,0,5.79576,0.295292,3.05134,3.6288,61.308,0.304151,0,0,2.75098,0.181237,2.2656,0.66528,12.849,1,0.435313,3.05134,0,126.496,3.63153,125.48,0.84672,12.849,0.84672,3695.15,0,0.0036966,9.16948e-06,2.64642,1.41306,10.8377,1.06765,13.8295,0.42336,0.0018483,0.21168,0.0018483,0.21168,460.486,0,1.02816,0,0,3.67458,2.64642,1.028160,1,0,141.575,0,0,0,141.575,0
72.29,2.45,0,0,6.75026,0.307288,3.99297,3.6288,61.308,0.30463,0,0,2.24954,0.156912,1.78799,0.66528,12.849,1,0.435469,3.99297,0,162.614,4.31323,161.859,0.84672,12.849,0.84672,3695.15,0,0.0036966,9.18393e-06,1.70698,1.56991,12.8699,1.07392,15.0728,0.42336,0.0018483,0.21168,0.0018483,0.21168,460.486,0,1.02816,0,0,2.73514,1.70698,1.028160,1,0,178.719,0,0,0,178.719,0
72.29,2.45088,0,0,7.41459,0.321258,4.64245,3.6288,61.308,0.305109,0,0,2.82925,0.174391,2.34975,0.66528,12.849,1,0.435626,4.64245,0,159.385,4.44077,159.151,0.84672,12.849,0.84672,3695.15,0,0.0036966,9.19837e-06,2.50679,1.57047,14.6895,1.11843,17.6483,0.42336,0.0018483,0.21168,0.0018483,0.21168,460.486,0,1.02816,0,0,3.53495,2.50679,1.028160,1,0,179.149,0,0,0,179.149,0
72.29,2.45176,0,0,5.6527,0.321258,2.87968,3.6288,61.308,0.305589,0,0,2.15674,0.174391,1.67676,0.66528,12.849,1,0.435783,2.87968,0,122.537,4.44077,120.54,0.84672,12.849,0.84672,3695.15,0,0.0036966,9.21282e-06,1.70802,1.57103,11.4578,1.11843,13.6185,0.42336,0.0018483,0.21168,0.0018483,0.21168,460.486,0,1.02816,0,0,2.73618,1.70802,1.028160,1,0,135.835,0,0,0,135.835,0
72.29,2.14176,0,0,5.61125,0.323909,3.14558,3.6288,61.308,0.117692,0,0,2.32352,0.131934,2.0739,0.66528,12.849,1,0.380681,3.14558,0,121.016,3.13453,120.647,0.84672,12.849,0.84672,3695.15,0,0.0036966,3.54814e-06,1.6349,1.5716,11.7478,0.850201,14.1041,0.42336,0.0018483,0.21168,0.0018483,0.21168,460.486,0,1.02816,0,0,2.66306,1.6349,1.028160,1,0,136.825,0,0,0,136.825,0
72.29,2.14253,0,0,9.50322,0.376987,6.98371,3.6288,61.308,0.118103,0,0,4.11673,0.126755,3.87187,0.66528,12.849,1,0.380818,6.98371,0,211.866,4.21376,214.255,0.84672,12.849,0.84672,3695.15,0,0.0036966,3.56055e-06,3.34276,1.358,18.0018,0.873195,21.8293,0.42336,0.0018483,0.21168,0.0018483,0.21168,460.486,0,1.02816,0,0,4.37092,3.34276,1.028160,1,0,239.956,0,0,0,239.956,0
72.29,2.1433,0,0,10.4568,0.376987,7.93654,3.6288,61.308,0.118515,0,0,4.39865,0.126755,4.15338,0.66528,12.849,1,0.380955,7.93654,0,290.344,4.21376,293.686,0.84672,12.849,0.84672,3695.15,0,0.0036966,3.57297e-06,4.62044,1.35849,20.6784,0.873195,25.7841,0.42336,0.0018483,0.21168,0.0018483,0.21168,460.486,0,1.02816,0,0,5.6486,4.62044,1.028160,1,0,323.623,0,0,0,323.623,0
72.29,2.14407,0,0,9.02828,0.320346,6.56387,3.6288,61.308,0.118927,0,0,3.54915,0.0966733,3.33355,0.66528,12.849,1,0.381092,6.56387,0,243.45,3.77778,245.855,0.84672,12.849,0.84672,3695.15,0,0.0036966,3.58539e-06,3.26459,1.35898,17.6524,0.810567,21.4654,0.42336,0.0018483,0.21168,0.0018483,0.21168,460.486,0,1.02816,0,0,4.29275,3.26459,1.028160,1,0,270.654,0,0,0,270.654,0
72.29,2.14484,0,0,11.7181,0.335154,9.23809,3.6288,61.308,0.119339,0,0,3.04371,0.169073,2.7553,0.66528,12.849,1,0.381229,9.23809,0,215.029,4.71371,219.172,0.84672,12.849,0.84672,3695.15,0,0.0036966,3.59781e-06,3.42764,1.35947,20.1245,1.09076,23.8208,0.42336,0.0018483,0.21168,0.0018483,0.21168,460.486,0,1.02816,0,0,4.4558,3.42764,1.028160,1,0,245.748,0,0,0,245.748,0
72.29,2.224,0,0,7.67254,0.356183,5.09236,3.6288,61.308,0.165918,0,0,4.4248,0.128439,4.13045,0.66528,12.849,1,0.3953,5.09236,0,161.52,4.12541,162.092,0.84672,12.849,0.84672,3695.15,0,0.0036966,5.00207e-06,3.43332,1.35996,15.0435,0.953013,18.8838,0.42336,0.0018483,0.21168,0.0018483,0.21168,460.486,0,1.02816,0,0,4.46148,3.43332,1.028160,1,0,185.106,0,0,0,185.106,0
72.29,2.2248,0,0,5.95561,0.367383,3.36343,3.6288,61.308,0.166347,0,0,2.78967,0.109364,2.51395,0.66528,12.849,1,0.395442,3.36343,0,135.784,3.85676,134.895,0.84672,12.849,0.84672,3695.15,0,0.0036966,5.015e-06,2.12973,1.41342,10.7869,0.883411,13.4466,0.42336,0.0018483,0.21168,0.0018483,0.21168,460.486,0,1.02816,0,0,3.15789,2.12973,1.028160,1,0,150.855,0,0,0,150.855,0
72.29,2.2256,0,0,5.27798,0.349527,2.70285,3.6288,61.308,0.166776,0,0,2.2289,0.118879,1.94325,0.66528,12.849,1,0.395584,2.70285,0,137.726,3.9731,136.06,0.84672,12.849,0.84672,3695.15,0,0.0036966,5.02793e-06,1.76023,1.41392,10.5821,0.906311,12.8499,0.42336,0.0018483,0.21168,0.0018483,0.21168,460.486,0,1.02816,0,0,2.78839,1.76023,1.028160,1,0,150.853,0,0,0,150.853,0
72.29,2.2264,0,0,4.93349,0.304887,2.4022,3.6288,61.308,0.167205,0,0,2.66705,0.142667,2.35717,0.66528,12.849,1,0.395726,2.4022,0,104.464,4.26394,102.206,0.84672,12.849,0.84672,3695.15,0,0.0036966,5.04086e-06,2.05036,1.41443,10.6784,0.963563,13.1797,0.42336,0.0018483,0.21168,0.0018483,0.21168,460.486,0,1.02816,0,0,3.07852,2.05036,1.028160,1,0,117.743,0,0,0,117.743,0
72.29,2.1965,0,0,4.21533,0.282423,1.73641,3.6288,61.308,0.149678,0,0,2.30877,0.165537,1.99356,0.66528,12.849,1,0.390412,1.73641,0,89.8759,4.10393,87.1179,0.84672,12.849,0.84672,3695.15,0,0.0036966,4.51245e-06,2.21699,1.41494,8.02708,0.970398,10.6886,0.42336,0.0018483,0.21168,0.0018483,0.21168,460.486,0,1.02816,0,0,3.24515,2.21699,1.028160,1,0,99.8001,0,0,0,99.8001,0
72.29,2.19729,0,0,3.81551,0.25247,1.36575,3.6288,61.308,0.150101,0,0,1.99904,0.196029,1.65291,0.66528,12.849,1,0.390552,1.36575,0,88.5427,3.89057,85.6273,0.84672,12.849,0.84672,3695.15,0,0.0036966,4.5252e-06,1.93183,1.3948,7.30915,0.979512,9.65626,0.42336,0.0018483,0.21168,0.0018483,0.21168,460.486,0,1.02816,0,0,2.95999,1.93183,1.028160,1,0,96.9365,0,0,0,96.9365,0
72.29,2.19808,0,0,3.27146,0.25247,0.820907,3.6288,61.308,0.150524,0,0,1.29995,0.196029,0.953396,0.66528,12.849,1,0.390692,0.820907,0,79.2202,3.89057,75.7598,0.84672,12.849,0.84672,3695.15,0,0.0036966,4.53795e-06,0.945976,1.3953,5.28534,0.979512,6.6471,0.42336,0.0018483,0.21168,0.0018483,0.21168,460.486,0,1.02816,0,0,1.97414,0.945976,1.028160,1,0,83.3603,0,0,0,83.3603,0
72.29,2.19887,0,0,3.55955,0.25247,1.10821,3.6288,61.308,0.150946,0,0,1.37328,0.196029,1.02631,0.66528,12.849,1,0.390832,1.10821,0,75.9491,3.89057,72.7759,0.84672,12.849,0.84672,3695.15,0,0.0036966,4.5507e-06,0.940455,1.3958,5.7767,0.979512,7.13344,0.42336,0.0018483,0.21168,0.0018483,0.21168,460.486,0,1.02816,0,0,1.96862,0.940455,1.028160,1,0,80.9356,0,0,0,80.9356,0
72.29,2.304,0,0,3.17024,0.246751,0.619486,3.6288,61.308,0.21514,0,0,1.29177,0.193963,0.882664,0.66528,12.849,1,0.409519,0.619486,0,83.1505,3.7903,79.5702,0.84672,12.849,0.84672,3695.15,0,0.0036966,6.48598e-06,0.933474,1.3963,5.98558,0.968768,7.34658,0.42336,0.0018483,0.21168,0.0018483,0.21168,460.486,0,1.02816,0,0,1.96163,0.933474,1.028160,1,0,87.7994,0,0,0,87.7994,0
72.1906,2.30483,0,0,2.79812,0.229818,0.36288,3.6288,61.308,0.215586,0,0,1.32614,0.204267,0.906283,0.66528,12.849,1,0.409666,0.36288,0,47.3506,4.42402,42.8798,0.84672,12.849,0.84672,3695.15,0,0.0036966,6.49943e-06,0.801014,1.4691,4.65337,1.09404,5.82944,0.42336,0.0018483,0.21168,0.0018483,0.21168,460.486,0,1.02816,0,0,1.82917,0.801014,1.028160,1,0,49.6155,0,0,0,49.6155,0
72.1813,2.30518,0,0,2.81341,0.154658,0.36288,3.6288,61.308,0.216032,0,0,1.42436,0.222224,0.986108,0.66528,12.849,1,0.410292,0.36288,0,49.3938,4.71813,44.6282,0.84672,12.849,0.84672,3695.15,0,0.0036966,6.51288e-06,1.15714,1.46963,5.35209,1.1459,6.83296,0.42336,0.0018483,0.21168,0.0018483,0.21168,460.486,0,1.02816,0,0,2.1853,1.15714,1.028160,1,0,52.4473,0,0,0,52.4473,0
71.8735,2.30596,0,0,2.4841,0.123001,0.36288,3.6288,61.308,0.216478,0,0,1.16688,0.233489,0.716908,0.66528,12.849,1,0.410484,0.36288,0,45.0331,4.86927,40.1162,0.84672,12.849,0.84672,3695.15,0,0.0036966,6.52633e-06,0.822839,1.47016,4.50883,1.17631,5.62551,0.42336,0.0018483,0.21168,0.0018483,0.21168,460.486,0,1.02816,0,0,1.851,0.822839,1.028160,1,0,46.4586,0,0,0,46.4586,0
71.4257,2.3053,0,0,2.343,0.122713,0.36288,3.6288,61.308,0.216924,0,0,0.931876,0.233489,0.481463,0.66528,12.849,1,0.412123,0.36288,0,41.6051,4.86927,36.6866,0.84672,12.849,0.84672,3695.15,0,0.0036966,6.53979e-06,0.611591,1.47069,4.23449,1.17631,5.14045,0.42336,0.0018483,0.21168,0.0018483,0.21168,460.486,0,1.02816,0,0,1.63975,0.611591,1.028160,1,0,42.3085,0,0,0,42.3085,0
71.6098,2.2833,0,0,2.95523,0.12487,0.36288,3.6288,61.308,0.252483,0,0,1.3513,0.261279,0.837534,0.66528,12.849,1,0.41075,0.36288,0,54.8867,5.21607,49.6228,0.84672,12.849,0.84672,3695.15,0,0.0036966,7.61179e-06,1.6738,1.47121,5.95296,1.27035,7.82761,0.42336,0.0018483,0.21168,0.0018483,0.21168,460.486,0,1.02816,0,0,2.70196,1.6738,1.028160,1,0,58.2879,0,0,0,58.2879,0
71.8088,2.28501,0,0,2.97289,0.126078,0.36288,3.6288,61.308,0.252942,0,0,1.5031,0.272395,0.977764,0.66528,12.849,1,0.410001,0.36288,0,55.8734,5.35479,50.4715,0.84672,12.849,0.84672,3695.15,0,0.0036966,7.62564e-06,1.97621,1.49431,6.73419,1.30797,8.89673,0.42336,0.0018483,0.21168,0.0018483,0.21168,460.486,0,1.02816,0,0,3.00437,1.97621,1.028160,1,0,60.346,0,0,0,60.346,0
71.91,2.28679,0,0,2.87715,0.126269,0.36288,3.6288,61.308,0.253401,0,0,1.41185,0.272395,0.886049,0.66528,12.849,1,0.409184,0.36288,0,50.8301,5.35479,45.429,0.84672,12.849,0.84672,3695.15,0,0.0036966,7.63948e-06,1.60421,1.49484,6.54428,1.30797,8.33535,0.42336,0.0018483,0.21168,0.0018483,0.21168,460.486,0,1.02816,0,0,2.63237,1.60421,1.028160,1,0,54.6504,0,0,0,54.6504,0
71.9023,2.2881,0,0,2.7593,0.116012,0.36288,3.6288,61.308,0.253861,0,0,1.34264,0.28128,0.807499,0.66528,12.849,1,0.408842,0.36288,0,46.0568,5.43072,40.5801,0.84672,12.849,0.84672,3695.15,0,0.0036966,7.65333e-06,1.50562,1.49538,6.45157,1.35295,8.09962,0.42336,0.0018483,0.21168,0.0018483,0.21168,460.486,0,1.02816,0,0,2.53378,1.50562,1.028160,1,0,49.4873,0,0,0,49.4873,0
72.0979,2.3423,0,0,2.99517,0.0943917,0.36288,3.6288,61.308,0.285657,0,0,1.55663,0.309803,0.961166,0.66528,12.849,1,0.418572,0.36288,0,53.5937,5.67557,47.8624,0.84672,12.849,0.84672,3695.15,0,0.0036966,8.61193e-06,1.76616,1.49591,6.67876,1.45652,8.48431,0.42336,0.0018483,0.21168,0.0018483,0.21168,460.486,0,1.02816,0,0,2.79432,1.76616,1.028160,1,0,57.3079,0,0,0,57.3079,0
71.9008,2.34411,0,0,2.61518,0.105225,0.36288,3.6288,61.308,0.286128,0,0,0.965676,0.32558,0.353968,0.66528,12.849,1,0.417758,0.36288,0,43.1932,5.81311,37.3252,0.84672,12.849,0.84672,3695.15,0,0.0036966,8.62613e-06,1.41973,1.53246,5.61802,1.43434,7.13587,0.42336,0.0018483,0.21168,0.0018483,0.21168,460.486,0,1.02816,0,0,2.44789,1.41973,1.028160,1,0,44.815,0,0,0,44.815,0
71.4412,2.34398,0,0,2.35229,0.105067,0.36288,3.6288,61.308,0.286599,0,0,0.9058,0.32558,0.293621,0.66528,12.849,1,0.418879,0.36288,0,40.7075,5.81311,34.8384,0.84672,12.849,0.84672,3695.15,0,0.0036966,8.64033e-06,1.34152,1.53301,5.73529,1.43434,7.17548,0.42336,0.0018483,0.21168,0.0018483,0.21168,460.486,0,1.02816,0,0,2.36968,1.34152,1.028160,1,0,42.3075,0,0,0,42.3075,0
70.7718,2.34253,0,0,2.14071,0.1047,0.36288,3.6288,61.308,0.28707,0,0,0.868959,0.32558,0.256309,0.66528,12.849,1,0.421314,0.36288,0,38.2346,5.81311,32.363,0.84672,12.849,0.84672,3695.15,0,0.0036966,8.65453e-06,1.11766,1.53356,5.33188,1.43434,6.54876,0.42336,0.0018483,0.21168,0.0018483,0.21168,460.486,0,1.02816,0,0,2.14582,1.11766,1.028160,1,0,39.1681,0,0,0,39.1681,0
69.6762,2.49627,0,0,1.85236,0.0887897,0.36288,3.6288,61.308,0.400815,0,0,0.865331,0.332646,0.13187,0.66528,12.849,1,0.453212,0.36288,0,36.4802,6.05493,30.3349,0.84672,12.849,0.84672,3695.15,0,0.0036966,1.20837e-05,1.09414,1.53411,5.40306,1.46439,6.56691,0.42336,0.0018483,0.21168,0.0018483,0.21168,460.486,0,1.02816,0,0,2.1223,1.09414,1.028160,1,0,37.0337,0,0,0,37.0337,0
68.164,2.49115,0,0,1.46961,0.127806,0.36288,3.6288,61.2544,0.401327,0,0,0.650338,0.302605,0,0.66528,12.849,1,0.459393,0.36288,0,23.9381,5.73612,18.1054,0.84672,12.849,0.84672,3695.15,0,0.0036966,1.20991e-05,0.86457,1.65678,4.46689,1.40894,5.57929,0.42336,0.0018483,0.21168,0.0018483,0.21168,460.486,0,1.02816,0,0,1.89273,0.86457,1.028160,1,0,23.6847,0,0,0,23.6847,0
66.8011,2.48346,0,0,1.60916,0.125769,0.36288,3.6288,61.2901,0.401839,0,0,0.740002,0.302516,0,0.66528,12.849,1,0.468135,0.36288,0,26.5546,5.79012,20.6592,0.84672,12.849,0.84672,3695.15,0,0.0036966,1.21251e-05,1.25188,1.65737,4.43864,1.43937,5.90852,0.42336,0.0018483,0.21168,0.0018483,0.21168,460.486,0,1.02816,0,0,2.28004,1.25188,1.028160,1,0,26.5678,0,0,0,26.5678,0
65.1133,2.47634,0,0,1.27589,0.124426,0.36288,3.6288,61.1405,0.402351,0,0,0.555428,0.302584,0,0.66528,12.849,1,0.476316,0.36288,0,29.158,5.79012,23.2545,0.84672,12.849,0.84672,3695.15,0,0.0036966,1.21335e-05,0.684262,1.65797,3.56391,1.43937,4.46677,0.42336,0.0018483,0.21168,0.0018483,0.21168,460.486,0,1.02816,0,0,1.71242,0.684262,1.028160,1,0,27.7212,0,0,0,27.7212,0
63.7115,2.46691,0,0,1.55079,0.122764,0.36288,3.6288,61.308,0.402863,0,0,0.892979,0.302298,0.0203643,0.66528,12.849,1,0.486802,0.36288,0,25.4169,5.79012,19.5029,0.84672,12.849,0.84672,3695.15,0,0.0036966,1.21787e-05,1.81094,1.65856,5.13512,1.43937,7.16525,0.42336,0.0018483,0.21168,0.0018483,0.21168,460.486,0,1.02816,0,0,2.8391,1.81094,1.028160,1,0,26.6885,0,0,0,26.6885,0
62.491,2.38385,0,0,1.66467,0.138443,0.36288,3.6288,61.308,0.334499,0,0,0.894663,0.295812,0.264352,0.66528,12.849,1,0.480762,0.36288,0,42.1723,5.84208,36.2123,0.84672,12.849,0.84672,3695.15,0,0.0036966,1.00844e-05,1.35357,1.65916,6.95917,1.45443,8.51746,0.42336,0.0018483,0.21168,0.0018483,0.21168,460.486,0,1.02816,0,0,2.38173,1.35357,1.028160,1,0,44.9941,0,0,0,44.9941,0
62.7269,2.37691,0,0,3.12534,0.149739,0.36288,3.6288,61.308,0.334987,0,0,1.61195,0.290707,0.986254,0.66528,12.849,1,0.488725,0.36288,0,38.3892,5.88105,32.3823,0.84672,12.849,0.84672,3695.15,0,0.0036966,1.00991e-05,3.27998,1.58964,12.2394,1.46572,15.6433,0.42336,0.0018483,0.21168,0.0018483,0.21168,460.486,0,1.02816,0,0,4.30814,3.27998,1.028160,1,0,49.0118,0,0,0,49.0118,0
61.8231,2.37929,0,0,1.98848,0.150029,0.36288,3.6288,61.308,0.335475,0,0,1.13364,0.290707,0.507455,0.66528,12.849,1,0.487374,0.36288,0,58.5934,5.88105,52.5878,0.84672,12.849,0.84672,3695.15,0,0.0036966,1.01138e-05,2.43809,1.59021,8.39143,1.46572,10.954,0.42336,0.0018483,0.21168,0.0018483,0.21168,460.486,0,1.02816,0,0,3.46625,2.43809,1.028160,1,0,64.0493,0,0,0,64.0493,0
60.5676,2.37424,0,0,1.63048,0.14892,0.36288,3.6288,61.308,0.335963,0,0,1.03522,0.290707,0.408549,0.66528,12.849,1,0.493449,0.36288,0,33.9917,5.88105,27.98,0.84672,12.849,0.84672,3695.15,0,0.0036966,1.01285e-05,1.36173,1.59078,5.99655,1.46572,7.48333,0.42336,0.0018483,0.21168,0.0018483,0.21168,460.486,0,1.02816,0,0,2.38989,1.36173,1.028160,1,0,35.8719,0,0,0,35.8719,0
60.2714,2.30551,0,0,2.59158,0.219325,0.36288,3.6288,61.308,0.273667,0,0,1.22657,0.286458,0.666444,0.66528,12.849,1,0.489098,0.36288,0,44.1787,5.26103,38.7915,0.84672,12.849,0.84672,3695.15,0,0.0036966,8.25045e-06,2.39102,1.59135,9.51347,1.32172,12.1741,0.42336,0.0018483,0.21168,0.0018483,0.21168,460.486,0,1.02816,0,0,3.41918,2.39102,1.028160,1,0,51.632,0,0,0,51.632,0
58.2917,2.30435,0,0,0.953548,0.266059,0.36288,3.6288,61.308,0.274133,0,0,0.759493,0.239413,0.245948,0.66528,12.849,1,0.491254,0.36288,0,31.2675,4.12356,27.0155,0.84672,12.849,0.84672,3695.15,0,0.0036966,8.26449e-06,0.258215,1.52952,5.5604,0.985679,6.36245,0.42336,0.0018483,0.21168,0.0018483,0.21168,460.486,0,1.02816,0,0,1.28638,0.258215,1.028160,1,0,33.6239,0,0,0,33.6239,0
56.7399,2.2915,0,0,1.36362,0.261034,0.36288,3.6288,61.308,0.445026,0,0,0.713064,0.239413,0.0286258,0.66528,12.849,1,0.505105,0.36288,0,38.7651,4.12356,34.4993,0.84672,12.849,0.84672,3695.15,0,0.0036966,1.34165e-05,0.292723,1.53007,6.36628,0.985679,7.20338,0.42336,0.0018483,0.21168,0.0018483,0.21168,460.486,0,0.857727,0,0,1.15045,0.292723,1.028160,1,0,41.7313,0,0,0,41.7313,0
57.4131,2.28105,0,0,3.5742,0.257096,0.36288,3.6288,61.308,0.275064,0,0,2.13276,0.239413,1.61828,0.66528,12.849,1,0.516553,0.36288,0,86.1454,4.12356,81.8681,0.84672,12.849,0.84672,3695.15,0,0.0036966,8.29258e-06,2.92425,1.53061,12.8767,0.985679,16.3459,0.42336,0.0018483,0.21168,0.0018483,0.21168,460.486,0,1.02816,0,0,3.95241,2.92425,1.028160,1,0,99.8323,0,0,0,99.8323,0
57.1366,2.11459,0,0,2.47215,0.271138,0.36288,3.6288,61.308,0.144582,0,0,1.44887,0.244039,1.06025,0.66528,12.849,1,0.473244,0.36288,0,64.8684,4.00074,60.7573,0.84672,12.849,0.84672,3695.15,0,0.0036966,4.35884e-06,1.66364,1.53116,7.49339,0.943255,9.74493,0.42336,0.0018483,0.21168,0.0018483,0.21168,460.486,0,1.02816,0,0,2.6918,1.66364,1.028160,1,0,71.5625,0,0,0,71.5625,0
56.6933,2.11348,0,0,2.3129,0.279838,0.36288,3.6288,61.308,0.145002,0,0,0.709716,0.229918,0.334796,0.66528,12.849,1,0.475283,0.36288,0,34.7762,4.32648,30.3373,0.84672,12.849,0.84672,3695.15,0,0.0036966,4.37148e-06,0.37296,1.39104,7.65667,1.03673,8.38393,0.42336,0.0018483,0.21168,0.0018483,0.21168,460.486,0,1.02816,0,0,1.40112,0.37296,1.028160,1,0,39.056,0,0,0,39.056,0
56.5026,2.1112,0,0,2.55843,0.275081,0.36288,3.6288,61.308,0.145421,0,0,0.633242,0.225637,0.262184,0.66528,12.849,1,0.478484,0.36288,0,76.1264,4.43194,71.5788,0.84672,12.849,0.84672,3695.15,0,0.0036966,4.38412e-06,1.00837,1.39153,10.5361,1.06999,11.866,0.42336,0.0018483,0.21168,0.0018483,0.21168,460.486,0,1.02816,0,0,2.03653,1.00837,1.028160,1,0,83.707,0,0,0,83.707,0
57.7837,2.11064,0,0,4.02913,0.274563,0.36288,3.6288,61.308,0.145841,0,0,1.35912,0.225637,0.987645,0.66528,12.849,1,0.479971,0.36288,0,102.335,4.43194,97.786,0.84672,12.849,0.84672,3695.15,0,0.0036966,4.39677e-06,2.63826,1.39203,11.6102,1.06999,14.5705,0.42336,0.0018483,0.21168,0.0018483,0.21168,460.486,0,1.02816,0,0,3.66642,2.63826,1.028160,1,0,113.344,0,0,0,113.344,0
58.9168,2.1201,0,0,3.87772,0.261593,0.36288,3.6288,61.308,0.14626,0,0,0.504424,0.218227,0.139937,0.66528,12.849,1,0.471435,0.36288,0,66.6252,4.05245,62.4642,0.84672,12.849,0.84672,3695.15,0,0.0036966,4.40942e-06,0.778792,1.39253,7.87527,1.00709,9.0395,0.42336,0.0018483,0.21168,0.0018483,0.21168,460.486,0,1.02816,0,0,1.80695,0.778792,1.028160,1,0,71.6436,0,0,0,71.6436,0
60.3423,2.19496,0,0,4.23928,0.255975,0.36288,3.6288,61.308,0.184656,0,0,1.68208,0.222185,1.27524,0.66528,12.849,1,0.478694,0.36288,0,102.565,4.32014,98.1292,0.84672,12.849,0.84672,3695.15,0,0.0036966,5.56696e-06,2.45951,1.39303,12.8229,1.13588,15.5395,0.42336,0.0018483,0.21168,0.0018483,0.21168,460.486,0,1.02816,0,0,3.48767,2.45951,1.028160,1,0,114.944,0,0,0,114.944,0
63.597,2.20505,0,0,6.07967,0.256975,0.36288,3.6288,61.308,0.185074,0,0,2.43116,0.231416,2.01467,0.66528,12.849,1,0.469533,0.36288,0,170.42,4.87946,165.434,0.84672,12.849,0.84672,3695.15,0,0.0036966,5.57956e-06,3.17396,1.43808,19.5111,1.34115,22.782,0.42336,0.0018483,0.21168,0.0018483,0.21168,460.486,0,1.02816,0,0,4.20212,3.17396,1.028160,1,0,190.23,0,0,0,190.23,0
66.6445,2.22581,0,0,5.90015,0.263954,0.36288,3.6288,61.308,0.185492,0,0,2.04447,0.231416,1.62756,0.66528,12.849,1,0.449697,0.36288,0,144.484,4.87946,139.518,0.84672,12.849,0.84672,3695.15,0,0.0036966,5.59216e-06,2.89576,1.43858,14.6032,1.34115,17.5963,0.42336,0.0018483,0.21168,0.0018483,0.21168,460.486,0,1.02816,0,0,3.92392,2.89576,1.028160,1,0,158.742,0,0,0,158.742,0
69.963,2.24382,0,0,6.19561,0.270488,0.36288,3.6288,61.308,0.18591,0,0,2.7482,0.231416,2.33088,0.66528,12.849,1,0.432607,0.36288,0,149.721,4.87946,144.772,0.84672,12.849,0.84672,3695.15,0,0.0036966,5.60476e-06,5.11505,1.43907,23.2654,1.34115,28.4784,0.42336,0.0018483,0.21168,0.0018483,0.21168,460.486,0,1.02816,0,0,6.14321,5.11505,1.028160,1,0,175.581,0,0,0,175.581,0
72.0948,2.48256,0,0,5.23511,0.257856,0.36288,3.6288,61.308,0.329122,0,0,2.07503,0.256294,1.48961,0.66528,12.849,1,0.455933,0.36288,0,125.474,4.61782,120.763,0.84672,12.849,0.84672,3695.15,0,0.0036966,9.9223e-06,2.99703,1.43957,14.277,1.32026,17.3933,0.42336,0.0018483,0.21168,0.0018483,0.21168,460.486,0,1.02816,0,0,4.02519,2.99703,1.028160,1,0,139.646,0,0,0,139.646,0
72.29,2.49487,0,0,7.63638,0.267987,4.67829,3.6288,61.308,0.32959,0,0,3.11929,0.180481,2.60922,0.66528,12.849,1,0.444644,4.67829,0,240.471,3.9522,240.753,0.84672,12.849,0.84672,3695.15,0,0.0036966,9.93639e-06,4.24341,1.59933,12.3927,0.983234,17.2522,0.42336,0.0018483,0.21168,0.0018483,0.21168,460.486,0,1.02816,0,0,5.27157,4.24341,1.028160,1,0,260.614,0,0,0,260.614,0
72.29,2.49674,0,0,6.30816,0.268384,3.54303,3.6288,61.308,0.330057,0,0,2.6409,0.180481,2.13036,0.66528,12.849,1,0.443777,3.54303,0,168.311,3.9522,167.458,0.84672,12.849,0.84672,3695.15,0,0.0036966,9.95049e-06,3.2652,1.59988,9.87068,0.983234,13.7525,0.42336,0.0018483,0.21168,0.0018483,0.21168,460.486,0,1.02816,0,0,4.29336,3.2652,1.028160,1,0,183.341,0,0,0,183.341,0
72.29,2.4976,0,0,6.06155,0.243955,3.31999,3.6288,61.308,0.330525,0,0,2.73099,0.214296,2.18617,0.66528,12.849,1,0.44393,3.31999,0,159.606,4.01738,158.465,0.84672,12.849,0.84672,3695.15,0,0.0036966,9.96459e-06,3.53008,1.60043,12.9198,1.04056,17.0098,0.42336,0.0018483,0.21168,0.0018483,0.21168,460.486,0,1.02816,0,0,4.55824,3.53008,1.028160,1,0,177.66,0,0,0,177.66,0
72.29,2.18177,0,0,7.95917,0.234184,5.54322,3.6288,61.308,0.139097,0,0,3.0518,0.227822,2.68488,0.66528,12.849,1,0.387793,5.54322,0,171.857,4.04344,172.968,0.84672,12.849,0.84672,3695.15,0,0.0036966,4.19346e-06,4.81883,1.60098,19.9009,1.06349,25.2573,0.42336,0.0018483,0.21168,0.0018483,0.21168,460.486,0,1.02816,0,0,5.84699,4.81883,1.028160,1,0,200.911,0,0,0,200.911,0
72.29,2.18252,0,0,8.43536,0.310309,5.94253,3.6288,61.308,0.139499,0,0,2.02948,0.179833,1.71014,0.66528,12.849,1,0.387926,5.94253,0,153.662,3.43938,155.777,0.84672,12.849,0.84672,3695.15,0,0.0036966,4.20557e-06,3.34523,1.38337,16.943,0.898843,20.7728,0.42336,0.0018483,0.21168,0.0018483,0.21168,460.486,0,1.02816,0,0,4.37339,3.34523,1.028160,1,0,178.26,0,0,0,178.26,0
72.29,2.18327,0,0,5.98579,0.310309,3.49221,3.6288,61.308,0.1399,0,0,3.42528,0.179833,3.10555,0.66528,12.849,1,0.38806,3.49221,0,124.916,3.43938,124.581,0.84672,12.849,0.84672,3695.15,0,0.0036966,4.21769e-06,3.21456,1.38385,12.3175,0.898843,16.0171,0.42336,0.0018483,0.21168,0.0018483,0.21168,460.486,0,1.02816,0,0,4.24272,3.21456,1.028160,1,0,143.704,0,0,0,143.704,0
72.29,2.18402,0,0,8.65132,0.286839,6.18046,3.6288,61.308,0.140302,0,0,4.32639,0.183992,4.0021,0.66528,12.849,1,0.388193,6.18046,0,164.105,3.50046,166.397,0.84672,12.849,0.84672,3695.15,0,0.0036966,4.2298e-06,4.14879,1.38432,16.4605,0.908873,21.0847,0.42336,0.0018483,0.21168,0.0018483,0.21168,460.486,0,1.02816,0,0,5.17695,4.14879,1.028160,1,0,191.483,0,0,0,191.483,0
72.29,2.18477,0,0,7.16337,0.269237,4.70936,3.6288,61.308,0.140704,0,0,3.95985,0.187111,3.63203,0.66528,12.849,1,0.388327,4.70936,0,118.951,3.54627,119.726,0.84672,12.849,0.84672,3695.15,0,0.0036966,4.24193e-06,3.62789,1.3848,12.9179,0.916395,17.0142,0.42336,0.0018483,0.21168,0.0018483,0.21168,460.486,0,1.02816,0,0,4.65605,3.62789,1.028160,1,0,140.372,0,0,0,140.372,0
72.29,2.26538,0,0,5.29892,0.272927,2.76061,3.6288,61.308,0.188132,0,0,2.51067,0.198362,2.12418,0.66528,12.849,1,0.402654,2.76061,0,118.469,4.07451,116.753,0.84672,12.849,0.84672,3695.15,0,0.0036966,5.67177e-06,2.56895,1.38528,8.65279,0.980595,11.6264,0.42336,0.0018483,0.21168,0.0018483,0.21168,460.486,0,1.02816,0,0,3.59711,2.56895,1.028160,1,0,130.503,0,0,0,130.503,0
72.29,2.26616,0,0,6.16735,0.275695,3.6255,3.6288,61.308,0.188551,0,0,5.25524,0.2068,4.85989,0.66528,12.849,1,0.402793,3.6255,0,113.307,4.47069,112.059,0.84672,12.849,0.84672,3695.15,0,0.0036966,5.68439e-06,4.99045,1.43971,17.8051,1.02874,23.2065,0.42336,0.0018483,0.21168,0.0018483,0.21168,460.486,0,1.02816,0,0,6.01861,4.99045,1.028160,1,0,140.125,0,0,0,140.125,0
72.29,2.26694,0,0,4.42074,0.275695,1.87811,3.6288,61.308,0.188969,0,0,1.84086,0.2068,1.44509,0.66528,12.849,1,0.402931,1.87811,0,102.966,4.47069,99.9708,0.84672,12.849,0.84672,3695.15,0,0.0036966,5.697e-06,2.41429,1.44021,8.47325,1.02874,11.299,0.42336,0.0018483,0.21168,0.0018483,0.21168,460.486,0,1.02816,0,0,3.44245,2.41429,1.028160,1,0,112.715,0,0,0,112.715,0
72.29,2.26772,0,0,6.57028,0.272485,4.03008,3.6288,61.308,0.189388,0,0,3.95184,0.210693,3.55176,0.66528,12.849,1,0.40307,4.03008,0,134.271,4.57422,133.324,0.84672,12.849,0.84672,3695.15,0,0.0036966,5.70962e-06,4.17777,1.4407,15.5769,1.03629,20.1591,0.42336,0.0018483,0.21168,0.0018483,0.21168,460.486,0,1.02816,0,0,5.20593,4.17777,1.028160,1,0,157.034,0,0,0,157.034,0
72.29,2.23723,0,0,4.45046,0.219961,1.99327,3.6288,61.308,0.171517,0,0,1.80468,0.219134,1.41403,0.66528,12.849,1,0.397651,1.99327,0,88.0399,4.19985,85.4356,0.84672,12.849,0.84672,3695.15,0,0.0036966,5.17086e-06,2.26818,1.4412,8.2569,0.984965,10.9813,0.42336,0.0018483,0.21168,0.0018483,0.21168,460.486,0,1.02816,0,0,3.29634,2.26818,1.028160,1,0,97.831,0,0,0,97.831,0
72.29,2.238,0,0,3.31689,0.21015,0.868736,3.6288,61.308,0.17193,0,0,1.68726,0.235235,1.2801,0.66528,12.849,1,0.397788,0.868736,0,67.7782,3.57893,64.6702,0.84672,12.849,0.84672,3695.15,0,0.0036966,5.18329e-06,2.0035,1.42066,6.49564,1.01448,8.90532,0.42336,0.0018483,0.21168,0.0018483,0.21168,460.486,0,1.02816,0,0,3.03166,2.0035,1.028160,1,0,74.8556,0,0,0,74.8556,0
72.29,2.23877,0,0,2.99595,0.21015,0.547034,3.6288,61.308,0.172342,0,0,1.47368,0.235235,1.0661,0.66528,12.849,1,0.397925,0.547034,0,63.1748,3.57893,59.745,0.84672,12.849,0.84672,3695.15,0,0.0036966,5.19573e-06,1.45198,1.42115,6.08476,1.01448,7.94341,0.42336,0.0018483,0.21168,0.0018483,0.21168,460.486,0,1.02816,0,0,2.48014,1.45198,1.028160,1,0,68.7545,0,0,0,68.7545,0
72.29,2.23954,0,0,3.60008,0.191904,1.16864,3.6288,61.308,0.172755,0,0,1.42402,0.244137,1.00713,0.66528,12.849,1,0.398061,1.16864,0,68.0046,4.2807,64.4945,0.84672,12.849,0.84672,3695.15,0,0.0036966,5.20817e-06,1.54899,1.42164,8.17404,1.04215,10.1025,0.42336,0.0018483,0.21168,0.0018483,0.21168,460.486,0,1.02816,0,0,2.57715,1.54899,1.028160,1,0,75.6041,0,0,0,75.6041,0
72.2067,2.34658,0,0,2.77087,0.144741,0.36288,3.6288,61.308,0.238116,0,0,1.36954,0.263023,0.868404,0.66528,12.849,1,0.417087,0.36288,0,48.8485,5.33574,43.4585,0.84672,12.849,0.84672,3695.15,0,0.0036966,7.17867e-06,1.48797,1.42213,6.14034,1.12974,7.92069,0.42336,0.0018483,0.21168,0.0018483,0.21168,460.486,0,1.02816,0,0,2.51613,1.48797,1.028160,1,0,52.2476,0,0,0,52.2476,0
71.765,2.34698,0,0,2.47692,0.20869,0.36288,3.6288,61.308,0.238551,0,0,1.34346,0.21289,0.892019,0.66528,12.849,1,0.41764,0.36288,0,43.5272,4.41594,39.0565,0.84672,12.849,0.84672,3695.15,0,0.0036966,7.19179e-06,1.37383,1.49625,6.02127,0.973274,7.91807,0.42336,0.0018483,0.21168,0.0018483,0.21168,460.486,0,1.02816,0,0,2.40199,1.37383,1.028160,1,0,47.8666,0,0,0,47.8666,0
71.3647,2.34561,0,0,2.42583,0.117693,0.36288,3.6288,61.308,0.238986,0,0,1.28314,0.241035,0.803113,0.66528,12.849,1,0.419964,0.36288,0,45.4472,4.7419,40.6482,0.84672,12.849,0.84672,3695.15,0,0.0036966,7.20491e-06,1.40733,1.49677,6.18546,1.03249,8.05706,0.42336,0.0018483,0.21168,0.0018483,0.21168,460.486,0,1.02816,0,0,2.43549,1.40733,1.028160,1,0,49.5084,0,0,0,49.5084,0
70.6945,2.34442,0,0,2.15444,0.117334,0.36288,3.6288,61.308,0.239422,0,0,1.04595,0.241035,0.565492,0.66528,12.849,1,0.422105,0.36288,0,40.6443,4.7419,35.8432,0.84672,12.849,0.84672,3695.15,0,0.0036966,7.21804e-06,1.04284,1.49728,5.30488,1.03249,6.8125,0.42336,0.0018483,0.21168,0.0018483,0.21168,460.486,0,1.02816,0,0,2.071,1.04284,1.028160,1,0,43.2212,0,0,0,43.2212,0
69.9479,2.34183,0,0,2.07489,0.116733,0.36288,3.6288,61.308,0.239857,0,0,0.841985,0.241035,0.361092,0.66528,12.849,1,0.425637,0.36288,0,37.4546,4.7419,32.6499,0.84672,12.849,0.84672,3695.15,0,0.0036966,7.23117e-06,0.888106,1.4978,5.10005,1.03249,6.45345,0.42336,0.0018483,0.21168,0.0018483,0.21168,460.486,0,1.02816,0,0,1.91627,0.888106,1.028160,1,0,39.4645,0,0,0,39.4645,0
69.9321,2.31785,0,0,2.8048,0.139902,0.36288,3.6288,61.308,0.276051,0,0,0.946685,0.268093,0.402541,0.66528,12.849,1,0.425775,0.36288,0,49.8087,5.39436,44.3515,0.84672,12.849,0.84672,3695.15,0,0.0036966,8.32232e-06,1.32059,1.49831,5.70147,1.1946,7.32576,0.42336,0.0018483,0.21168,0.0018483,0.21168,460.486,0,1.02816,0,0,2.34875,1.32059,1.028160,1,0,52.0798,0,0,0,52.0798,0
70.4006,2.31857,0,0,3.25658,0.106651,0.36288,3.6288,61.308,0.276499,0,0,1.09452,0.258475,0.55955,0.66528,12.849,1,0.426002,0.36288,0,57.4614,5.21316,52.1851,0.84672,12.849,0.84672,3695.15,0,0.0036966,8.33583e-06,1.78836,1.52181,6.2303,1.19246,8.348,0.42336,0.0018483,0.21168,0.0018483,0.21168,460.486,0,1.02816,0,0,2.81652,1.78836,1.028160,1,0,61.0926,0,0,0,61.0926,0
70.6546,2.32176,0,0,3.01292,0.0742522,0.36288,3.6288,61.308,0.276947,0,0,1.08312,0.270927,0.535245,0.66528,12.849,1,0.423751,0.36288,0,52.9664,5.30932,47.5962,0.84672,12.849,0.84672,3695.15,0,0.0036966,8.34933e-06,1.62157,1.52233,6.05578,1.22103,7.97864,0.42336,0.0018483,0.21168,0.0018483,0.21168,460.486,0,1.02816,0,0,2.64973,1.62157,1.028160,1,0,56.1101,0,0,0,56.1101,0
70.7086,2.32385,0,0,2.81502,0.0743317,0.36288,3.6288,61.308,0.277395,0,0,1.0864,0.270927,0.53808,0.66528,12.849,1,0.422607,0.36288,0,49.0627,5.30932,43.6936,0.84672,12.849,0.84672,3695.15,0,0.0036966,8.36285e-06,1.74916,1.52285,5.5985,1.22103,7.64948,0.42336,0.0018483,0.21168,0.0018483,0.21168,460.486,0,1.02816,0,0,2.77732,1.74916,1.028160,1,0,51.8812,0,0,0,51.8812,0
70.5258,2.37918,0,0,2.63392,0.0746876,0.36288,3.6288,61.308,0.309755,0,0,1.04979,0.275872,0.464168,0.66528,12.849,1,0.432339,0.36288,0,45.3263,5.33076,39.9261,0.84672,12.849,0.84672,3695.15,0,0.0036966,9.33844e-06,1.59772,1.52338,5.33143,1.2503,7.20221,0.42336,0.0018483,0.21168,0.0018483,0.21168,460.486,0,1.02816,0,0,2.62588,1.59772,1.028160,1,0,47.5925,0,0,0,47.5925,0
70.5659,2.37905,0,0,2.85861,0.0765305,0.36288,3.6288,61.308,0.310215,0,0,1.21661,0.305538,0.600855,0.66528,12.849,1,0.433435,0.36288,0,52.3638,5.45937,46.8338,0.84672,12.849,0.84672,3695.15,0,0.0036966,9.35228e-06,1.29821,1.56057,4.95432,1.42597,6.38712,0.42336,0.0018483,0.21168,0.0018483,0.21168,460.486,0,1.02816,0,0,2.32637,1.29821,1.028160,1,0,53.8218,0,0,0,53.8218,0
70.4557,2.38007,0,0,2.70924,0.0765541,0.36288,3.6288,61.308,0.310674,0,0,1.08842,0.305538,0.472204,0.66528,12.849,1,0.433375,0.36288,0,46.2677,5.45937,40.7379,0.84672,12.849,0.84672,3695.15,0,0.0036966,9.36613e-06,1.52496,1.56111,5.17463,1.42597,6.83471,0.42336,0.0018483,0.21168,0.0018483,0.21168,460.486,0,1.02816,0,0,2.55312,1.52496,1.028160,1,0,48.0448,0,0,0,48.0448,0
70.1686,2.38031,0,0,2.53266,0.0764892,0.36288,3.6288,61.308,0.311134,0,0,1.00703,0.305538,0.390355,0.66528,12.849,1,0.434098,0.36288,0,43.9938,5.45937,38.4633,0.84672,12.849,0.84672,3695.15,0,0.0036966,9.37999e-06,1.30525,1.56164,4.54054,1.42597,5.98146,0.42336,0.0018483,0.21168,0.0018483,0.21168,460.486,0,1.02816,0,0,2.33341,1.30525,1.028160,1,0,44.8351,0,0,0,44.8351,0
69.6895,2.53855,0,0,2.49862,0.0763203,0.36288,3.6288,61.308,0.426938,0,0,1.08951,0.305538,0.357037,0.66528,12.849,1,0.46485,0.36288,0,40.822,5.45937,35.2607,0.84672,12.849,0.84672,3695.15,0,0.0036966,1.28712e-05,1.46254,1.56218,5.13487,1.42597,6.7336,0.42336,0.0018483,0.21168,0.0018483,0.21168,460.486,0,1.02816,0,0,2.4907,1.46254,1.028160,1,0,42.3513,0,0,0,42.3513,0
69.2257,2.53673,0,0,2.51061,0.074783,0.36288,3.6288,61.308,0.427437,0,0,1.10609,0.30949,0.369166,0.66528,12.849,1,0.467709,0.36288,0,37.3434,5.63044,31.6081,0.84672,12.849,0.84672,3695.15,0,0.0036966,1.28863e-05,1.67551,1.68707,5.79085,1.47773,7.67569,0.42336,0.0018483,0.21168,0.0018483,0.21168,460.486,0,1.02816,0,0,2.70367,1.67551,1.028160,1,0,39.653,0,0,0,39.653,0
68.8926,2.53495,0,0,2.64543,0.080716,0.36288,3.6288,61.308,0.427936,0,0,1.26236,0.307444,0.526975,0.66528,12.849,1,0.470513,0.36288,0,39.628,5.59419,33.9261,0.84672,12.849,0.84672,3695.15,0,0.0036966,1.29013e-05,2.20316,1.68765,5.18563,1.47751,7.59891,0.42336,0.0018483,0.21168,0.0018483,0.21168,460.486,0,1.02816,0,0,3.23132,2.20316,1.028160,1,0,42.052,0,0,0,42.052,0
68.0378,2.5339,0,0,2.12252,0.0805072,0.36288,3.6288,61.308,0.428436,0,0,0.992615,0.307444,0.256735,0.66528,12.849,1,0.472592,0.36288,0,46.6112,5.59419,40.9073,0.84672,12.849,0.84672,3695.15,0,0.0036966,1.29164e-05,1.56392,1.68823,4.30769,1.47751,6.08231,0.42336,0.0018483,0.21168,0.0018483,0.21168,460.486,0,1.02816,0,0,2.59208,1.56392,1.028160,1,0,47.2463,0,0,0,47.2463,0
67.579,2.52978,0,0,2.51375,0.0799712,0.36288,3.6288,61.308,0.428935,0,0,1.51521,0.307444,0.778834,0.66528,12.849,1,0.47775,0.36288,0,40.0076,5.59419,34.2985,0.84672,12.849,0.84672,3695.15,0,0.0036966,1.29315e-05,2.87112,1.68881,5.82523,1.47751,8.90764,0.42336,0.0018483,0.21168,0.0018483,0.21168,460.486,0,1.02816,0,0,3.89928,2.87112,1.028160,1,0,43.985,0,0,0,43.985,0
67.1523,2.45079,0,0,2.47697,0.089967,0.36288,3.6288,61.308,0.359305,0,0,1.0459,0.298716,0.387876,0.66528,12.849,1,0.465976,0.36288,0,37.8486,5.45916,32.2863,0.84672,12.849,0.84672,3695.15,0,0.0036966,1.08323e-05,1.92716,1.68939,6.17514,1.42997,8.3617,0.42336,0.0018483,0.21168,0.0018483,0.21168,460.486,0,1.02816,0,0,2.95532,1.92716,1.028160,1,0,41.0359,0,0,0,41.0359,0
67.2898,2.44914,0,0,3.10594,0.156444,0.36288,3.6288,61.308,0.359781,0,0,1.24903,0.260796,0.628456,0.66528,12.849,1,0.468622,0.36288,0,32.8292,4.60215,28.1213,0.84672,12.849,0.84672,3695.15,0,0.0036966,1.08466e-05,2.28953,1.61858,8.22718,1.21491,10.9204,0.42336,0.0018483,0.21168,0.0018483,0.21168,460.486,0,1.02816,0,0,3.31769,2.28953,1.028160,1,0,39.6702,0,0,0,39.6702,0
67.4241,2.45078,0,0,3.11353,0.165512,0.36288,3.6288,61.308,0.360257,0,0,1.39727,0.263814,0.773198,0.66528,12.849,1,0.467978,0.36288,0,37.4383,4.65097,32.6823,0.84672,12.849,0.84672,3695.15,0,0.0036966,1.08609e-05,2.34877,1.61913,9.00746,1.24287,11.7325,0.42336,0.0018483,0.21168,0.0018483,0.21168,460.486,0,1.02816,0,0,3.37693,2.34877,1.028160,1,0,45.1879,0,0,0,45.1879,0
67.7865,2.45241,0,0,3.34333,0.165688,0.36288,3.6288,61.308,0.360733,0,0,1.46941,0.263814,0.844866,0.66528,12.849,1,0.467355,0.36288,0,54.9987,4.65097,50.2432,0.84672,12.849,0.84672,3695.15,0,0.0036966,1.08753e-05,2.59509,1.61969,9.8661,1.24287,12.838,0.42336,0.0018483,0.21168,0.0018483,0.21168,460.486,0,1.02816,0,0,3.62325,2.59509,1.028160,1,0,63.9261,0,0,0,63.9261,0
68.4974,2.39192,0,0,3.63186,0.166161,0.36288,3.6288,61.308,0.297286,0,0,2.11393,0.263814,1.55283,0.66528,12.849,1,0.453392,0.36288,0,129.862,4.65097,125.12,0.84672,12.849,0.84672,3695.15,0,0.0036966,8.9625e-06,3.4284,1.62024,13.9819,1.24287,17.7876,0.42336,0.0018483,0.21168,0.0018483,0.21168,460.486,0,1.02816,0,0,4.45656,3.4284,1.028160,1,0,144.461,0,0,0,144.461,0
67.4991,2.39671,0,0,1.9913,0.229989,0.36288,3.6288,61.308,0.29774,0,0,1.08472,0.147703,0.639275,0.66528,12.849,1,0.449584,0.36288,0,54.6826,4.1527,50.4432,0.84672,12.849,0.84672,3695.15,0,0.0036966,8.9762e-06,1.82047,1.55727,7.76503,1.07357,10.0692,0.42336,0.0018483,0.21168,0.0018483,0.21168,460.486,0,1.02816,0,0,2.84863,1.82047,1.028160,1,0,61.1517,0,0,0,61.1517,0
67.5591,2.39194,0,0,3.08139,0.266513,0.36288,3.6288,61.308,0.298194,0,0,1.2965,0.163348,0.834959,0.66528,12.849,1,0.455325,0.36288,0,43.3813,3.82673,39.4621,0.84672,12.849,0.84672,3695.15,0,0.0036966,8.9899e-06,1.70086,1.5578,8.90145,0.9203,11.2398,0.42336,0.0018483,0.21168,0.0018483,0.21168,460.486,0,1.02816,0,0,2.72902,1.70086,1.028160,1,0,51.5369,0,0,0,51.5369,0
68.1493,2.3931,0,0,3.6274,0.281235,0.36288,3.6288,61.308,0.298649,0,0,1.20053,0.146604,0.755275,0.66528,12.849,1,0.455141,0.36288,0,63.9872,3.64444,60.2505,0.84672,12.849,0.84672,3695.15,0,0.0036966,9.0036e-06,2.00563,1.55834,10.0456,0.863576,12.746,0.42336,0.0018483,0.21168,0.0018483,0.21168,460.486,0,1.02816,0,0,3.03379,2.00563,1.028160,1,0,73.7518,0,0,0,73.7518,0
68.8136,2.2167,0,0,3.52639,0.282541,0.36288,3.6288,61.308,0.165787,0,0,2.2347,0.146604,1.92231,0.66528,12.849,1,0.41794,0.36288,0,92.7825,3.64444,89.083,0.84672,12.849,0.84672,3695.15,0,0.0036966,4.99812e-06,2.1096,1.55887,13.7049,0.863576,16.5098,0.42336,0.0018483,0.21168,0.0018483,0.21168,460.486,0,1.02816,0,0,3.13776,2.1096,1.028160,1,0,107.515,0,0,0,107.515,0
68.0844,2.22086,0,0,2.13679,0.282264,0.36288,3.6288,61.308,0.166197,0,0,1.75806,0.178262,1.4136,0.66528,12.849,1,0.414683,0.36288,0,81.9185,3.80487,78.0618,0.84672,12.849,0.84672,3695.15,0,0.0036966,5.01046e-06,1.7315,1.41619,10.6497,0.983397,12.814,0.42336,0.0018483,0.21168,0.0018483,0.21168,460.486,0,1.02816,0,0,2.75966,1.7315,1.028160,1,0,92.2895,0,0,0,92.2895,0
68.8624,2.21788,0,0,3.63878,0.279964,0.36288,3.6288,61.308,0.166606,0,0,0.978388,0.190925,0.620858,0.66528,12.849,1,0.418562,0.36288,0,66.3904,3.86904,62.4657,0.84672,12.849,0.84672,3695.15,0,0.0036966,5.02279e-06,1.86608,1.41668,9.59697,1.03133,11.8484,0.42336,0.0018483,0.21168,0.0018483,0.21168,460.486,0,1.02816,0,0,2.89424,1.86608,1.028160,1,0,74.935,0,0,0,74.935,0
68.9835,2.22263,0,0,2.9882,0.281672,0.36288,3.6288,61.308,0.167015,0,0,1.1828,0.190925,0.824859,0.66528,12.849,1,0.414719,0.36288,0,87.7392,3.86904,83.8183,0.84672,12.849,0.84672,3695.15,0,0.0036966,5.03513e-06,1.68925,1.41716,7.32523,1.03133,9.40031,0.42336,0.0018483,0.21168,0.0018483,0.21168,460.486,0,1.02816,0,0,2.71741,1.68925,1.028160,1,0,94.0435,0,0,0,94.0435,0
69.9843,2.224,0,0,3.86968,0.281937,0.36288,3.6288,61.308,0.167424,0,0,3.90507,0.190925,3.54672,0.66528,12.849,1,0.414247,0.36288,0,122.76,3.86904,118.839,0.84672,12.849,0.84672,3695.15,0,0.0036966,5.04747e-06,5.65116,1.41765,10.8952,1.03133,16.9327,0.42336,0.0018483,0.21168,0.0018483,0.21168,460.486,0,1.02816,0,0,6.67932,5.65116,1.028160,1,0,139.319,0,0,0,139.319,0
71.2963,2.29961,0,0,4.29028,0.315778,0.36288,3.6288,61.308,0.206493,0,0,1.88978,0.197583,1.48571,0.66528,12.849,1,0.422204,0.36288,0,84.7199,4.28133,80.3792,0.84672,12.849,0.84672,3695.15,0,0.0036966,6.22531e-06,2.61844,1.41813,8.71338,1.19697,11.553,0.42336,0.0018483,0.21168,0.0018483,0.21168,460.486,0,1.02816,0,0,3.6466,2.61844,1.028160,1,0,93.4179,0,0,0,93.4179,0
72.29,2.30695,0,0,5.88748,0.310158,2.27671,3.6288,61.308,0.206901,0,0,2.16125,0.222359,1.73199,0.66528,12.849,1,0.415758,2.27671,0,92.1301,3.99536,89.9956,0.84672,12.849,0.84672,3695.15,0,0.0036966,6.23759e-06,2.97315,1.46398,12.1288,1.05754,15.5084,0.42336,0.0018483,0.21168,0.0018483,0.21168,460.486,0,1.02816,0,0,4.00131,2.97315,1.028160,1,0,107.236,0,0,0,107.236,0
72.29,2.31257,0,0,6.03421,0.312514,3.40913,3.6288,61.308,0.207308,0,0,2.55082,0.222359,2.12115,0.66528,12.849,1,0.411041,3.40913,0,136.213,3.99536,135.216,0.84672,12.849,0.84672,3695.15,0,0.0036966,6.24987e-06,3.03837,1.46446,14.1086,1.05754,17.5539,0.42336,0.0018483,0.21168,0.0018483,0.21168,460.486,0,1.02816,0,0,4.06653,3.03837,1.028160,1,0,154.891,0,0,0,154.891,0
72.29,2.31333,0,0,4.72927,0.312514,2.10343,3.6288,61.308,0.207715,0,0,1.75875,0.222359,1.32868,0.66528,12.849,1,0.411177,2.10343,0,97.95,3.99536,95.6468,0.84672,12.849,0.84672,3695.15,0,0.0036966,6.26215e-06,2.3642,1.46494,9.14682,1.05754,11.9184,0.42336,0.0018483,0.21168,0.0018483,0.21168,460.486,0,1.02816,0,0,3.39236,2.3642,1.028160,1,0,108.894,0,0,0,108.894,0
72.29,2.5398,0,0,4.28215,0.314028,1.42832,3.6288,61.308,0.353479,0,0,1.60402,0.211277,1.03927,0.66528,12.849,1,0.451431,1.42832,0,85.4816,3.82333,82.6351,0.84672,12.849,0.84672,3695.15,0,0.0036966,1.06566e-05,2.15771,1.46543,8.41985,1.01158,11.0314,0.42336,0.0018483,0.21168,0.0018483,0.21168,460.486,0,1.02816,0,0,3.18587,2.15771,1.028160,1,0,94.7058,0,0,0,94.7058,0
72.1113,2.54064,0,0,3.02055,0.295692,0.36288,3.6288,61.308,0.353935,0,0,1.31053,0.192604,0.763994,0.66528,12.849,1,0.451579,0.36288,0,60.2647,2.93834,57.2377,0.84672,12.849,0.84672,3695.15,0,0.0036966,1.06704e-05,0.952949,1.62803,6.68737,0.898777,8.36956,0.42336,0.0018483,0.21168,0.0018483,0.21168,460.486,0,1.02816,0,0,1.98111,0.952949,1.028160,1,0,66.3712,0,0,0,66.3712,0
71.8548,2.54053,0,0,2.97844,0.331528,0.36288,3.6288,61.308,0.354391,0,0,1.16977,0.188038,0.627341,0.66528,12.849,1,0.452678,0.36288,0,54.0785,3.45482,50.5339,0.84672,12.849,0.84672,3695.15,0,0.0036966,1.06841e-05,1.11513,1.62857,6.84167,1.05673,8.52863,0.42336,0.0018483,0.21168,0.0018483,0.21168,460.486,0,1.02816,0,0,2.14329,1.11513,1.028160,1,0,59.6899,0,0,0,59.6899,0
72.29,2.53999,0,0,3.8028,0.330882,0.496774,3.6288,61.308,0.354846,0,0,1.24182,0.188038,0.698934,0.66528,12.849,1,0.454199,0.496774,0,77.6021,3.45482,74.1899,0.84672,12.849,0.84672,3695.15,0,0.0036966,1.06978e-05,1.36839,1.62911,7.63759,1.05673,9.57835,0.42336,0.0018483,0.21168,0.0018483,0.21168,460.486,0,1.02816,0,0,2.39655,1.36839,1.028160,1,0,84.4672,0,0,0,84.4672,0
72.29,2.22079,0,0,3.92774,0.331978,1.37497,3.6288,61.308,0.159974,0,0,1.31485,0.188038,0.966841,0.66528,12.849,1,0.394729,1.37497,0,84.3013,3.45482,81.8268,0.84672,12.849,0.84672,3695.15,0,0.0036966,4.82286e-06,1.51267,1.62964,8.15262,1.05673,10.2382,0.42336,0.0018483,0.21168,0.0018483,0.21168,460.486,0,1.02816,0,0,2.54083,1.51267,1.028160,1,0,93.0318,0,0,0,93.0318,0
72.29,2.22152,0,0,5.53689,0.320289,2.99508,3.6288,61.308,0.160365,0,0,1.7486,0.177465,1.41077,0.66528,12.849,1,0.394859,2.99508,0,105.144,3.65497,104.089,0.84672,12.849,0.84672,3695.15,0,0.0036966,4.83466e-06,2.11876,1.40812,12.0169,1.04541,14.4984,0.42336,0.0018483,0.21168,0.0018483,0.21168,460.486,0,1.02816,0,0,3.14692,2.11876,1.028160,1,0,119.998,0,0,0,119.998,0
72.29,2.22226,0,0,4.89271,0.31834,2.35212,3.6288,61.308,0.160757,0,0,1.45886,0.175703,1.1224,0.66528,12.849,1,0.394989,2.35212,0,97.4549,3.68834,95.7237,0.84672,12.849,0.84672,3695.15,0,0.0036966,4.84647e-06,1.56716,1.40858,11.0879,1.04352,13.0201,0.42336,0.0018483,0.21168,0.0018483,0.21168,460.486,0,1.02816,0,0,2.59532,1.56716,1.028160,1,0,109.866,0,0,0,109.866,0
72.29,2.22299,0,0,5.27812,0.31834,2.7368,3.6288,61.308,0.161149,0,0,1.73477,0.175703,1.39791,0.66528,12.849,1,0.395119,2.7368,0,110.385,3.68834,109.038,0.84672,12.849,0.84672,3695.15,0,0.0036966,4.85827e-06,1.67251,1.40904,9.01636,1.04352,11.0544,0.42336,0.0018483,0.21168,0.0018483,0.21168,460.486,0,1.02816,0,0,2.70067,1.67251,1.028160,1,0,121.49,0,0,0,121.49,0
72.29,2.22372,0,0,8.22295,0.315609,5.68362,3.6288,61.308,0.16154,0,0,2.69345,0.152795,2.37912,0.66528,12.849,1,0.395249,5.68362,0,204.083,3.32971,206.042,0.84672,12.849,0.84672,3695.15,0,0.0036966,4.87008e-06,4.15564,1.40951,19.0088,0.982104,23.5918,0.42336,0.0018483,0.21168,0.0018483,0.21168,460.486,0,1.02816,0,0,5.1838,4.15564,1.028160,1,0,232.012,0,0,0,232.012,0
72.29,2.30573,0,0,7.2393,0.324546,4.60903,3.6288,61.308,0.209795,0,0,2.15091,0.154647,1.78647,0.66528,12.849,1,0.409826,4.60903,0,200.392,3.51134,201.08,0.84672,12.849,0.84672,3695.15,0,0.0036966,6.32487e-06,2.92235,1.40997,13.0969,0.974978,16.4542,0.42336,0.0018483,0.21168,0.0018483,0.21168,460.486,0,1.02816,0,0,3.95051,2.92235,1.028160,1,0,219.32,0,0,0,219.32,0
72.29,2.30649,0,0,5.28903,0.339193,2.64335,3.6288,61.308,0.210203,0,0,1.80691,0.180025,1.41668,0.66528,12.849,1,0.409961,2.64335,0,141.281,4.11211,139.403,0.84672,12.849,0.84672,3695.15,0,0.0036966,6.33715e-06,2.07668,1.46536,10.8221,1.0269,13.3373,0.42336,0.0018483,0.21168,0.0018483,0.21168,460.486,0,1.02816,0,0,3.10484,2.07668,1.028160,1,0,154.156,0,0,0,154.156,0
72.29,2.30725,0,0,4.52402,0.339193,1.87758,3.6288,61.308,0.210611,0,0,1.6414,0.180025,1.25077,0.66528,12.849,1,0.410096,1.87758,0,118.001,4.11211,115.356,0.84672,12.849,0.84672,3695.15,0,0.0036966,6.34945e-06,2.08555,1.46584,9.73356,1.0269,12.258,0.42336,0.0018483,0.21168,0.0018483,0.21168,460.486,0,1.02816,0,0,3.11371,2.08555,1.028160,1,0,128.865,0,0,0,128.865,0
72.29,2.30801,0,0,4.37765,0.326695,1.74295,3.6288,61.308,0.211019,0,0,1.52653,0.172919,1.1426,0.66528,12.849,1,0.410231,1.74295,0,101.519,3.83675,99.0151,0.84672,12.849,0.84672,3695.15,0,0.0036966,6.36174e-06,1.758,1.46632,9.33984,1.02289,11.5413,0.42336,0.0018483,0.21168,0.0018483,0.21168,460.486,0,1.02816,0,0,2.78616,1.758,1.028160,1,0,111.699,0,0,0,111.699,0
72.29,2.27695,0,0,4.64456,0.293575,2.07404,3.6288,61.308,0.192812,0,0,1.4651,0.162236,1.11005,0.66528,12.849,1,0.40471,2.07404,0,111.536,3.15682,110.049,0.84672,12.849,0.84672,3695.15,0,0.0036966,5.81287e-06,1.8474,1.4668,9.60664,1.01128,11.9096,0.42336,0.0018483,0.21168,0.0018483,0.21168,460.486,0,1.02816,0,0,2.87556,1.8474,1.028160,1,0,123.068,0,0,0,123.068,0
72.29,2.2777,0,0,3.56736,0.28233,1.00734,3.6288,61.308,0.193214,0,0,0.975171,0.204738,0.577219,0.66528,12.849,1,0.404843,1.00734,0,77.9535,3.20785,75.3482,0.84672,12.849,0.84672,3695.15,0,0.0036966,5.82498e-06,1.06545,1.44588,6.92142,1.00171,8.43103,0.42336,0.0018483,0.21168,0.0018483,0.21168,460.486,0,1.02816,0,0,2.09361,1.06545,1.028160,1,0,84.3564,0,0,0,84.3564,0
72.29,2.27845,0,0,3.34346,0.28233,0.78268,3.6288,61.308,0.193616,0,0,0.834486,0.204738,0.436131,0.66528,12.849,1,0.404976,0.78268,0,73.7873,3.20785,70.9572,0.84672,12.849,0.84672,3695.15,0,0.0036966,5.8371e-06,0.673963,1.44636,6.55197,1.00171,7.67058,0.42336,0.0018483,0.21168,0.0018483,0.21168,460.486,0,1.02816,0,0,1.70212,0.673963,1.028160,1,0,79.0639,0,0,0,79.0639,0
72.29,2.27919,0,0,3.95798,0.258001,1.42078,3.6288,61.308,0.194018,0,0,0.829129,0.216607,0.418504,0.66528,12.849,1,0.40511,1.42078,0,78.0564,4.14355,74.9285,0.84672,12.849,0.84672,3695.15,0,0.0036966,5.84922e-06,0.760519,1.44683,8.62747,1.0386,9.79622,0.42336,0.0018483,0.21168,0.0018483,0.21168,460.486,0,1.02816,0,0,1.78868,0.760519,1.028160,1,0,85.1432,0,0,0,85.1432,0
72.29,2.3881,0,0,3.00736,0.205503,0.413758,3.6288,61.308,0.260518,0,0,0.782482,0.236035,0.285928,0.66528,12.849,1,0.424466,0.413758,0,53.3947,5.02434,48.3596,0.84672,12.849,0.84672,3695.15,0,0.0036966,7.85404e-06,0.672762,1.44731,6.42695,1.14233,7.40469,0.42336,0.0018483,0.21168,0.0018483,0.21168,460.486,0,1.02816,0,0,1.70092,0.672762,1.028160,1,0,56.0502,0,0,0,56.0502,0
72.29,2.38888,0,0,2.96797,0.18693,0.392155,3.6288,61.308,0.260942,0,0,0.745667,0.241291,0.243434,0.66528,12.849,1,0.424606,0.392155,0,52.1119,4.84249,47.237,0.84672,12.849,0.84672,3695.15,0,0.0036966,7.86682e-06,0.665859,1.52272,6.04927,1.1547,7.08315,0.42336,0.0018483,0.21168,0.0018483,0.21168,460.486,0,1.02816,0,0,1.69402,0.665859,1.028160,1,0,54.5635,0,0,0,54.5635,0
72.2268,2.38967,0,0,2.88712,0.197769,0.36288,3.6288,61.308,0.261366,0,0,0.711737,0.237779,0.212592,0.66528,12.849,1,0.424746,0.36288,0,53.4667,4.67428,48.7306,0.84672,12.849,0.84672,3695.15,0,0.0036966,7.8796e-06,0.622711,1.52323,5.64049,1.11908,6.66733,0.42336,0.0018483,0.21168,0.0018483,0.21168,460.486,0,1.02816,0,0,1.65087,0.622711,1.028160,1,0,55.6105,0,0,0,55.6105,0
71.9208,2.39014,0,0,2.64465,0.197674,0.36288,3.6288,61.308,0.26179,0,0,0.651059,0.237779,0.151489,0.66528,12.849,1,0.425201,0.36288,0,47.9749,4.67428,43.2383,0.84672,12.849,0.84672,3695.15,0,0.0036966,7.89239e-06,0.460166,1.52373,5.38767,1.11908,6.25247,0.42336,0.0018483,0.21168,0.0018483,0.21168,460.486,0,1.02816,0,0,1.48833,0.460166,1.028160,1,0,49.6423,0,0,0,49.6423,0
71.4711,2.38939,0,0,2.45679,0.154147,0.36288,3.6288,61.308,0.262214,0,0,0.623269,0.266109,0.0949453,0.66528,12.849,1,0.426877,0.36288,0,42.4473,4.99559,37.3877,0.84672,12.849,0.84672,3695.15,0,0.0036966,7.90518e-06,0.408724,1.52423,5.14433,1.20118,5.87609,0.42336,0.0018483,0.21168,0.0018483,0.21168,460.486,0,1.02816,0,0,1.43688,0.408724,1.028160,1,0,43.3587,0,0,0,43.3587,0
70.6734,2.36651,0,0,2.07215,0.140482,0.36288,3.6288,61.308,0.299027,0,0,0.587891,0.25098,0.0378839,0.66528,12.849,1,0.425449,0.36288,0,40.5072,4.75925,35.6854,0.84672,12.849,0.84672,3695.15,0,0.0036966,9.01499e-06,0.401933,1.52473,4.42041,1.13547,5.2116,0.42336,0.0018483,0.21168,0.0018483,0.21168,460.486,0,1.02816,0,0,1.43009,0.401933,1.028160,1,0,40.9348,0,0,0,40.9348,0
69.4036,2.36323,0,0,1.58802,0.131695,0.36288,3.6288,61.308,0.299463,0,0,0.56173,0.224512,0.0377542,0.66528,12.849,1,0.429654,0.36288,0,37.912,4.37272,33.4725,0.84672,12.849,0.84672,3695.15,0,0.0036966,9.02815e-06,0.543352,1.54862,3.3904,1.02961,4.45274,0.42336,0.0018483,0.21168,0.0018483,0.21168,460.486,0,1.02816,0,0,1.57151,0.543352,1.028160,1,0,37.963,0,0,0,37.963,0
68.0043,2.35737,0,0,1.45135,0.130411,0.36288,3.6288,61.308,0.2999,0,0,0.525305,0.224512,0.000893247,0.66528,12.849,1,0.43643,0.36288,0,35.6596,4.37272,31.2133,0.84672,12.849,0.84672,3695.15,0,0.0036966,9.04131e-06,0.314867,1.54913,3.22624,1.02961,4.06061,0.42336,0.0018483,0.21168,0.0018483,0.21168,460.486,0,1.02816,0,0,1.34303,0.314867,1.028160,1,0,35.2748,0,0,0,35.2748,0
66.5148,2.35058,0,0,1.33455,0.110573,0.36288,3.6288,61.2371,0.300336,0,0,0.497799,0.268388,0,0.66528,12.849,1,0.444129,0.36288,0,31.9275,4.93733,26.9089,0.84672,12.849,0.84672,3695.15,0,0.0036966,9.05447e-06,0.315766,1.54963,3.07184,1.2357,3.70153,0.42336,0.0018483,0.21168,0.0018483,0.21168,460.486,0,1.02816,0,0,1.34393,0.315766,1.028160,1,0,30.6104,0,0,0,30.6104,0
64.9099,2.3977,0,0,1.25127,0.0956268,0.36288,3.6288,61.0699,0.333245,0,0,0.467265,0.301161,0,0.66528,12.849,1,0.463176,0.36288,0,28.6954,5.36077,23.2344,0.84672,12.849,0.84672,3695.15,0,0.0036966,1.00582e-05,0.282666,1.55014,2.95999,1.39027,3.40253,0.42336,0.0018483,0.21168,0.0018483,0.21168,460.486,0,1.02816,0,0,1.31083,0.282666,1.028160,1,0,26.6369,0,0,0,26.6369,0
63.3099,2.38892,0,0,1.23136,0.0796018,0.36288,3.6288,60.815,0.405999,0,0,0.465794,0.314752,0,0.66528,12.849,1,0.472891,0.36288,0,28.2089,5.9136,22.1853,0.84672,12.849,0.84672,3695.15,0,0.0036966,1.22877e-05,0.261274,1.58797,2.67646,1.48724,3.03846,0.42336,0.0018483,0.21168,0.0018483,0.21168,460.486,0,0.955852,0,0,1.21713,0.261274,1.028160,1,0,25.2238,0,0,0,25.2238,0
61.6981,2.37977,0,0,1.20948,0.0785781,0.36288,3.6288,60.5883,0.370159,0,0,0.457689,0.314244,0,0.66528,12.849,1,0.482984,0.36288,0,26.3374,5.9136,20.3037,0.84672,12.849,0.84672,3695.15,0,0.0036966,1.12499e-05,0.261274,1.58849,2.71792,1.48724,3.08043,0.42336,0.0018483,0.21168,0.0018483,0.21168,460.486,0,0.99214,0,0,1.25341,0.261274,1.028160,1,0,23.3841,0,0,0,23.3841,0
59.9394,2.3701,0,0,1.05178,0.0775468,0.36288,3.6288,60.262,0.442576,0,0,0.430123,0.313792,0,0.66528,12.849,1,0.493588,0.36288,0,24.918,5.9136,18.8737,0.84672,12.849,0.84672,3695.15,0,0.0036966,1.35012e-05,0.227405,1.58901,2.64493,1.48724,2.97409,0.42336,0.0018483,0.21168,0.0018483,0.21168,460.486,0,0.920169,0,0,1.14757,0.227405,1.028160,1,0,21.8478,0,0,0,21.8478,0
57.9521,2.5165,0,0,0.968527,0.0763878,0.36288,3.6288,59.7509,0.619387,0,0,0.421433,0.313142,0,0.66528,12.849,1,0.539453,0.36288,0,23.5014,5.9136,17.4112,0.84672,12.849,0.84672,3695.15,0,0.0036966,1.89973e-05,0.227405,1.58954,2.61816,1.48724,2.94784,0.42336,0.0018483,0.21168,0.0018483,0.21168,460.486,0,0.861166,0,0,1.08857,0.227405,1.028160,1,0,20.3591,0,0,0,20.3591,0
56.0266,2.50217,0,0,0.992987,0.0534129,0.36288,3.6288,59.2165,0.619847,0,0,0.419058,0.333653,0,0.66528,12.849,1,0.554776,0.36288,0,20.7841,6.53475,14.0575,0.84672,12.849,0.84672,3695.15,0,0.0036966,1.9174e-05,0.227405,1.71659,2.87919,1.58824,3.23492,0.42336,0.0018483,0.21168,0.0018483,0.21168,460.486,0,0.861192,0,0,1.0886,0.227405,1.028160,1,0,17.2924,0,0,0,17.2924,0
54.2867,2.48748,0,0,1.16195,0.0515308,0.36288,3.6288,58.8336,0.494228,0,0,0.451012,0.339662,0,0.66528,12.849,1,0.570472,0.36288,0,20.8077,6.7389,13.8612,0.84672,12.849,0.84672,3695.15,0,0.0036966,1.54261e-05,0.227405,1.71715,2.90596,1.61171,3.2388,0.42336,0.0018483,0.21168,0.0018483,0.21168,460.486,0,0.987301,0,0,1.21471,0.227405,1.028160,1,0,17.1,0,0,0,17.1,0
52.3565,2.47351,0,0,0.956854,0.0506394,0.36288,3.6288,58.2742,0.613105,0,0,0.392552,0.338829,0,0.66528,12.849,1,0.585449,0.36288,0,25.8315,6.7389,18.8701,0.84672,12.849,0.84672,3695.15,0,0.0036966,1.92611e-05,0.204422,1.71772,2.59258,1.61171,2.90299,0.42336,0.0018483,0.21168,0.0018483,0.21168,460.486,0,0.868908,0,0,1.07333,0.204422,1.028160,1,0,21.773,0,0,0,21.773,0
50.5455,2.45698,0,0,1.05853,0.0496507,0.36288,3.6288,58.0215,0.454344,0,0,0.539246,0.337612,0,0.66528,12.849,1,0.602976,0.36288,0,22.147,6.7389,15.168,0.84672,12.849,0.84672,3695.15,0,0.0036966,1.44105e-05,0.37692,1.71828,3.09817,1.61171,3.58165,0.42336,0.0018483,0.21168,0.0018483,0.21168,460.486,0,1.02816,0,0,1.40508,0.37692,1.028160,1,0,18.7496,0,0,0,18.7496,0
48.7738,2.36609,0,0,1.00358,0.0463113,0.36288,3.6288,57.747,0.383479,0,0,0.448744,0.339807,0,0.66528,12.849,1,0.601475,0.36288,0,23.9398,6.46491,17.2363,0.84672,12.849,0.84672,3695.15,0,0.0036966,1.22159e-05,0.362742,1.71885,3.5641,1.60824,4.03743,0.42336,0.0018483,0.21168,0.0018483,0.21168,460.486,0,1.02816,0,0,1.3909,0.362742,1.028160,1,0,21.2737,0,0,0,21.2737,0
47.0961,2.34957,0,0,1.08231,0.0475915,0.36288,3.6288,57.4977,0.383942,0,0,0.473943,0.33931,0,0.66528,12.849,1,0.618971,0.36288,0,21.7626,5.72472,15.7818,0.84672,12.849,0.84672,3695.15,0,0.0036966,1.22888e-05,0.489231,1.64678,4.08776,1.58062,4.64313,0.42336,0.0018483,0.21168,0.0018483,0.21168,460.486,0,1.02816,0,0,1.51739,0.489231,1.028160,1,0,20.4249,0,0,0,20.4249,0
45.5481,2.33301,0,0,1.2421,0.0942267,0.36288,3.6288,57.2748,0.384406,0,0,0.459941,0.298356,0,0.66528,12.849,1,0.636503,0.36288,0,18.6534,5.39343,12.9864,0.84672,12.849,0.84672,3695.15,0,0.0036966,1.2357e-05,0.430013,1.64732,2.97954,1.46684,3.59002,0.42336,0.0018483,0.21168,0.0018483,0.21168,460.486,0,1.02816,0,0,1.45817,0.430013,1.028160,1,0,16.5764,0,0,0,16.5764,0
44.7088,2.31689,0,0,1.93312,0.0926192,0.36288,3.6288,57.3546,0.384869,0,0,0.762588,0.297925,0,0.66528,12.849,1,0.653589,0.36288,0,30.3227,5.39343,24.6385,0.84672,12.849,0.84672,3695.15,0,0.0036966,1.242e-05,1.48389,1.64786,5.31474,1.46684,6.97964,0.42336,0.0018483,0.21168,0.0018483,0.21168,460.486,0,1.02816,0,0,2.51205,1.48389,1.028160,1,0,31.6182,0,0,0,31.6182,0
43.7839,2.24849,0,0,1.77815,0.0917477,0.36288,3.6288,57.4376,0.3203,0,0,0.701364,0.298079,0,0.66528,12.849,1,0.646201,0.36288,0,54.9405,5.39343,49.2637,0.84672,12.849,0.84672,3695.15,0,0.0036966,1.03219e-05,1.25391,1.6484,4.49232,1.46684,5.92779,0.42336,0.0018483,0.21168,0.0018483,0.21168,460.486,0,1.02816,0,0,2.28207,1.25391,1.028160,1,0,55.1915,0,0,0,55.1915,0
42.3398,2.23867,0,0,1.33722,0.179696,0.36288,3.6288,57.4931,0.320742,0,0,0.632039,0.255828,0,0.66528,12.849,1,0.65697,0.36288,0,38.5084,4.90887,33.3054,0.84672,12.849,0.84672,3695.15,0,0.0036966,1.03213e-05,0.663837,1.58431,4.10821,1.2891,5.06725,0.42336,0.0018483,0.21168,0.0018483,0.21168,460.486,0,1.02816,0,0,1.692,0.663837,1.028160,1,0,38.3727,0,0,0,38.3727,0
40.4667,2.22221,0,0,0.903234,0.191301,0.36288,3.6288,57.468,0.321185,0,0,0.544946,0.248849,0,0.66528,12.849,1,0.674381,0.36288,0,39.2176,4.82811,34.078,0.84672,12.849,0.84672,3695.15,0,0.0036966,1.03255e-05,0.420552,1.58483,3.1225,1.25947,3.8684,0.42336,0.0018483,0.21168,0.0018483,0.21168,460.486,0,1.02816,0,0,1.44871,0.420552,1.028160,1,0,37.9464,0,0,0,37.9464,0
39.5643,2.19924,0,0,1.83908,0.179347,0.36288,3.6288,57.6285,0.321628,0,0,0.727037,0.244934,0,0.66528,12.849,1,0.698302,0.36288,0,31.4804,4.73211,26.4129,0.84672,12.849,0.84672,3695.15,0,0.0036966,1.03443e-05,0.874757,1.58535,5.51135,1.28094,6.69051,0.42336,0.0018483,0.21168,0.0018483,0.21168,460.486,0,1.02816,0,0,1.90292,0.874757,1.028160,1,0,33.1034,0,0,0,33.1034,0
42.4359,2.02315,0,0,5.43421,0.176549,0.36288,3.6288,58.5067,0.186448,0,0,1.27416,0.209487,0,0.66528,12.849,1,0.657044,0.36288,0,92.9073,3.93117,88.682,0.84672,12.849,0.84672,3695.15,0,0.0036966,5.97988e-06,2.00322,1.58587,13.3469,1.19103,15.745,0.42336,0.0018483,0.21168,0.0018483,0.21168,460.486,0,1.02816,0,0,3.03138,2.00322,1.028160,1,0,104.427,0,0,0,104.427,0
41.5889,2.05796,0,0,1.77821,0.204373,0.36288,3.6288,58.7796,0.186846,0,0,0.63742,0.17764,0,0.66528,12.849,1,0.623121,0.36288,0,41.8248,3.72137,37.8432,0.84672,12.849,0.84672,3695.15,0,0.0036966,5.9027e-06,0.740405,1.4407,5.33362,1.02832,6.4864,0.42336,0.0018483,0.21168,0.0018483,0.21168,460.486,0,1.02816,0,0,1.76856,0.740405,1.028160,1,0,44.3296,0,0,0,44.3296,0
40.4472,2.04894,0,0,1.47804,0.207937,0.36288,3.6288,59.0906,0.187245,0,0,0.666111,0.167867,0,0.66528,12.849,1,0.633024,0.36288,0,40.8175,3.87954,36.6678,0.84672,12.849,0.84672,3695.15,0,0.0036966,5.88783e-06,1.00831,1.44117,4.09144,0.987038,5.55388,0.42336,0.0018483,0.21168,0.0018483,0.21168,460.486,0,1.02816,0,0,2.03647,1.00831,1.028160,1,0,42.2217,0,0,0,42.2217,0
39.9725,2.03604,0,0,2.13083,0.206612,0.36288,3.6288,59.6992,0.187643,0,0,0.9882,0.191969,0,0.66528,12.849,1,0.646796,0.36288,0,60.3035,4.24084,55.7787,0.84672,12.849,0.84672,3695.15,0,0.0036966,5.86931e-06,1.58865,1.44164,5.79798,1.12954,7.69872,0.42336,0.0018483,0.21168,0.0018483,0.21168,460.486,0,1.02816,0,0,2.61681,1.58865,1.028160,1,0,63.4774,0,0,0,63.4774,0
39.5456,2.03089,0,0,2.16403,0.197135,0.36288,3.6288,60.2535,0.188042,0,0,0.968682,0.226364,0,0.66528,12.849,1,0.652823,0.36288,0,60.0636,4.39825,55.3754,0.84672,12.849,0.84672,3695.15,0,0.0036966,5.82182e-06,1.1896,1.44212,5.99745,1.18524,7.44392,0.42336,0.0018483,0.21168,0.0018483,0.21168,460.486,0,1.02816,0,0,2.21776,1.1896,1.028160,1,0,62.8194,0,0,0,62.8194,0
40.1174,2.02557,0,0,3.14315,0.182872,0.36288,3.6288,61.1978,0.188042,0,0,1.33524,0.202859,0,0.66528,12.849,1,0.658141,0.36288,0,75.2589,3.56236,71.4013,0.84672,12.849,0.84672,3695.15,0,0.0036966,5.76827e-06,2.47142,1.44259,9.14009,0.888352,12.1657,0.42336,0.0018483,0.21168,0.0018483,0.21168,460.486,0,1.02816,0,0,3.49958,2.47142,1.028160,1,0,83.567,0,0,0,83.567,0
41.1671,2.09703,0,0,3.70091,0.191305,0.36288,3.6288,61.308,0.227767,0,0,1.8828,0.229141,1.31573,0.66528,12.849,1,0.671646,0.36288,0,61.8607,3.28724,58.2647,0.84672,12.849,0.84672,3695.15,0,0.0036966,6.87903e-06,2.58309,1.44259,10.4887,0.654882,13.8595,0.42336,0.0018483,0.21168,0.0018483,0.21168,460.486,0,1.02816,0,0,3.61125,2.58309,1.028160,1,0,73.4399,0,0,0,73.4399,0
43.3691,2.11075,0,0,4.86929,0.193703,0.36288,3.6288,61.308,0.228163,0,0,2.92426,0.229301,2.4668,0.66528,12.849,1,0.658802,0.36288,0,84.1346,3.28724,80.5514,0.84672,12.849,0.84672,3695.15,0,0.0036966,6.87861e-06,4.14787,1.4892,13.209,0.654882,18.1912,0.42336,0.0018483,0.21168,0.0018483,0.21168,460.486,0,1.02816,0,0,5.17603,4.14787,1.028160,1,0,101.209,0,0,0,101.209,0
47.1441,2.13723,0,0,6.47384,0.198732,0.36288,3.6288,61.308,0.228559,0,0,2.92978,0.229301,2.47192,0.66528,12.849,1,0.633198,0.36288,0,129.73,3.28724,126.172,0.84672,12.849,0.84672,3695.15,0,0.0036966,6.89055e-06,5.1665,1.48967,16.6775,0.654882,22.6788,0.42336,0.0018483,0.21168,0.0018483,0.21168,460.486,0,1.02816,0,0,6.19466,5.1665,1.028160,1,0,151.323,0,0,0,151.323,0
48.7825,2.17776,0,0,4.3911,0.212062,0.36288,3.6288,61.308,0.228955,0,0,1.9549,0.239182,1.48677,0.66528,12.849,1,0.593543,0.36288,0,111.106,3.45075,107.425,0.84672,12.849,0.84672,3695.15,0,0.0036966,6.9025e-06,2.61368,1.49014,11.4369,0.7283,14.8124,0.42336,0.0018483,0.21168,0.0018483,0.21168,460.486,0,1.02816,0,0,3.64184,2.61368,1.028160,1,0,123.724,0,0,0,123.724,0
51.5718,2.40825,0,0,5.79394,0.233541,0.36288,3.6288,61.308,0.377205,0,0,2.64715,0.248569,2.02138,0.66528,12.849,1,0.634319,0.36288,0,104.172,3.67937,100.221,0.84672,12.849,0.84672,3695.15,0,0.0036966,1.13719e-05,3.47922,1.49061,11.589,1.03379,15.525,0.42336,0.0018483,0.21168,0.0018483,0.21168,460.486,0,1.02816,0,0,4.50738,3.47922,1.028160,1,0,117.767,0,0,0,117.767,0
55.1179,2.43649,0,0,6.58152,0.235962,0.36288,3.6288,61.308,0.377648,0,0,3.17561,0.22861,2.56936,0.66528,12.849,1,0.607047,0.36288,0,159.221,3.37837,155.599,0.84672,12.849,0.84672,3695.15,0,0.0036966,1.13852e-05,4.22417,1.65599,12.0073,0.979783,16.9076,0.42336,0.0018483,0.21168,0.0018483,0.21168,460.486,0,1.02816,0,0,5.25233,4.22417,1.028160,1,0,175.076,0,0,0,175.076,0
56.5916,2.46894,0,0,4.5643,0.258799,0.36288,3.6288,61.308,0.378091,0,0,1.41926,0.21996,0.821207,0.66528,12.849,1,0.575556,0.36288,0,80.5179,3.35048,76.9547,0.84672,12.849,0.84672,3695.15,0,0.0036966,1.13986e-05,2.6926,1.65651,9.69926,0.927896,13.1205,0.42336,0.0018483,0.21168,0.0018483,0.21168,460.486,0,1.02816,0,0,3.72076,2.6926,1.028160,1,0,90.8964,0,0,0,90.8964,0
57.9921,2.48194,0,0,4.52708,0.281747,0.36288,3.6288,61.308,0.378534,0,0,1.82294,0.208428,1.23597,0.66528,12.849,1,0.563519,0.36288,0,70.2723,3.31328,66.7584,0.84672,12.849,0.84672,3695.15,0,0.0036966,1.1412e-05,3.66688,1.65703,9.7429,0.858713,14.2081,0.42336,0.0018483,0.21168,0.0018483,0.21168,460.486,0,1.02816,0,0,4.69504,3.66688,1.028160,1,0,82.2025,0,0,0,82.2025,0
60.1149,2.17776,0,0,4.94521,0.281798,0.36288,3.6288,61.308,0.180307,0,0,1.46922,0.16159,1.12733,0.66528,12.849,1,0.482514,0.36288,0,92.0117,2.96872,88.9233,0.84672,12.849,0.84672,3695.15,0,0.0036966,5.43585e-06,1.96987,1.65756,9.0815,0.949442,11.7595,0.42336,0.0018483,0.21168,0.0018483,0.21168,460.486,0,1.02816,0,0,2.99803,1.96987,1.028160,1,0,101.81,0,0,0,101.81,0
64.7315,2.19249,0,0,7.45805,0.286058,0.36288,3.6288,61.308,0.180687,0,0,2.16371,0.142855,1.84016,0.66528,12.849,1,0.468623,0.36288,0,150.535,2.83091,147.598,0.84672,12.849,0.84672,3695.15,0,0.0036966,5.44732e-06,2.94981,1.43221,14.0931,0.985734,17.4894,0.42336,0.0018483,0.21168,0.0018483,0.21168,460.486,0,1.02816,0,0,3.97797,2.94981,1.028160,1,0,166.928,0,0,0,166.928,0
71.3152,2.22108,0,0,9.46598,0.298349,0.36288,3.6288,61.308,0.181068,0,0,3.2899,0.158153,2.95067,0.66528,12.849,1,0.440876,0.36288,0,190.242,3.26402,186.9,0.84672,12.849,0.84672,3695.15,0,0.0036966,5.45881e-06,5.71411,1.43266,22.3862,1.05243,28.4806,0.42336,0.0018483,0.21168,0.0018483,0.21168,460.486,0,1.02816,0,0,6.74227,5.71411,1.028160,1,0,218.332,0,0,0,218.332,0
72.29,2.25628,0,0,6.33087,0.317268,2.78254,3.6288,61.308,0.181449,0,0,1.77718,0.196399,1.39933,0.66528,12.849,1,0.406518,2.78254,0,151.134,4.34679,149.164,0.84672,12.849,0.84672,3695.15,0,0.0036966,5.47029e-06,2.61982,1.43312,13.3065,1.21918,16.1402,0.42336,0.0018483,0.21168,0.0018483,0.21168,460.486,0,1.02816,0,0,3.64798,2.61982,1.028160,1,0,166.703,0,0,0,166.703,0
72.29,2.26165,0,0,6.84469,0.31973,4.26332,3.6288,61.308,0.18183,0,0,3.22578,0.188824,2.85512,0.66528,12.849,1,0.40199,4.26332,0,141.869,4.22709,141.503,0.84672,12.849,0.84672,3695.15,0,0.0036966,5.48178e-06,3.71759,1.43357,16.3695,1.23733,20.2833,0.42336,0.0018483,0.21168,0.0018483,0.21168,460.486,0,1.02816,0,0,4.74575,3.71759,1.028160,1,0,164.642,0,0,0,164.642,0
72.29,2.34502,0,0,7.32352,0.319975,4.65853,3.6288,61.308,0.23089,0,0,2.85164,0.169887,2.45086,0.66528,12.849,1,0.416809,4.65853,0,136.483,3.92784,136.796,0.84672,12.849,0.84672,3695.15,0,0.0036966,6.96083e-06,4.10215,1.43402,14.9421,1.2827,19.1956,0.42336,0.0018483,0.21168,0.0018483,0.21168,460.486,0,1.02816,0,0,5.13031,4.10215,1.028160,1,0,158.443,0,0,0,158.443,0
72.29,2.34576,0,0,5.231,0.319975,2.56527,3.6288,61.308,0.231287,0,0,2.16318,0.169887,1.76201,0.66528,12.849,1,0.416941,2.56527,0,94.6244,3.92784,92.8449,0.84672,12.849,0.84672,3695.15,0,0.0036966,6.97278e-06,2.24642,1.49033,11.3349,1.2827,13.7889,0.42336,0.0018483,0.21168,0.0018483,0.21168,460.486,0,1.02816,0,0,3.27458,2.24642,1.028160,1,0,108.396,0,0,0,108.396,0
72.29,2.3465,0,0,4.48492,0.286882,1.85154,3.6288,61.308,0.231683,0,0,1.75416,0.179478,1.343,0.66528,12.849,1,0.417072,1.85154,0,80.2129,3.93789,77.7095,0.84672,12.849,0.84672,3695.15,0,0.0036966,6.98474e-06,1.85835,1.49079,9.05869,1.29577,11.1121,0.42336,0.0018483,0.21168,0.0018483,0.21168,460.486,0,1.02816,0,0,2.88651,1.85835,1.028160,1,0,90.1645,0,0,0,90.1645,0
72.29,2.34723,0,0,4.05715,0.313767,1.39615,3.6288,61.308,0.23208,0,0,1.55148,0.186536,1.13287,0.66528,12.849,1,0.417203,1.39615,0,72.417,4.31316,69.0828,0.84672,12.849,0.84672,3695.15,0,0.0036966,6.99669e-06,1.64888,1.49126,8.44258,1.28831,10.2944,0.42336,0.0018483,0.21168,0.0018483,0.21168,460.486,0,1.02816,0,0,2.67704,1.64888,1.028160,1,0,80.5101,0,0,0,80.5101,0
72.29,2.31561,0,0,3.36817,0.272119,0.780434,3.6288,61.308,0.213546,0,0,1.45819,0.198011,1.04663,0.66528,12.849,1,0.411583,0.780434,0,65.6718,3.32504,62.7156,0.84672,12.849,0.84672,3695.15,0,0.0036966,6.43795e-06,1.93276,1.49173,7.03244,1.10838,9.34855,0.42336,0.0018483,0.21168,0.0018483,0.21168,460.486,0,1.02816,0,0,2.96092,1.93276,1.028160,1,0,73.1108,0,0,0,73.1108,0
72.29,2.31634,0,0,3.04229,0.272119,0.45383,3.6288,61.308,0.213937,0,0,1.27361,0.198011,0.861657,0.66528,12.849,1,0.411712,0.45383,0,61.2099,3.32504,57.927,0.84672,12.849,0.84672,3695.15,0,0.0036966,6.44973e-06,1.39412,1.47043,6.5874,1.10838,8.34356,0.42336,0.0018483,0.21168,0.0018483,0.21168,460.486,0,1.02816,0,0,2.42228,1.39412,1.028160,1,0,67.1322,0,0,0,67.1322,0
72.29,2.31707,0,0,3.65574,0.253872,1.0848,3.6288,61.308,0.214328,0,0,1.23066,0.206912,0.809424,0.66528,12.849,1,0.411842,1.0848,0,65.8905,4.02681,62.5367,0.84672,12.849,0.84672,3695.15,0,0.0036966,6.46152e-06,1.48885,1.4709,8.84943,1.13605,10.6731,0.42336,0.0018483,0.21168,0.0018483,0.21168,460.486,0,1.02816,0,0,2.51701,1.48885,1.028160,1,0,74.0192,0,0,0,74.0192,0
72.2163,2.3178,0,0,2.81372,0.206709,0.36288,3.6288,61.308,0.214719,0,0,1.1836,0.225799,0.743084,0.66528,12.849,1,0.411971,0.36288,0,47.33,5.08185,42.1991,0.84672,12.849,0.84672,3695.15,0,0.0036966,6.47331e-06,1.42925,1.47136,6.64779,1.22364,8.32475,0.42336,0.0018483,0.21168,0.0018483,0.21168,460.486,0,1.02816,0,0,2.45741,1.42925,1.028160,1,0,51.2669,0,0,0,51.2669,0
72.1215,2.42814,0,0,2.87229,0.176137,0.36288,3.6288,61.308,0.282326,0,0,1.2532,0.210734,0.760137,0.66528,12.849,1,0.432024,0.36288,0,44.4546,4.47594,39.9095,0.84672,12.849,0.84672,3695.15,0,0.0036966,8.51151e-06,1.47104,1.47182,6.78162,1.10344,8.62103,0.42336,0.0018483,0.21168,0.0018483,0.21168,460.486,0,1.02816,0,0,2.4992,1.47104,1.028160,1,0,49.2907,0,0,0,49.2907,0
71.8888,2.42842,0,0,2.75459,0.195945,0.36288,3.6288,61.308,0.282739,0,0,1.12048,0.186276,0.651464,0.66528,12.849,1,0.432642,0.36288,0,44.8278,3.79775,40.9603,0.84672,12.849,0.84672,3695.15,0,0.0036966,8.52394e-06,1.20666,1.54849,6.13448,0.918216,7.97141,0.42336,0.0018483,0.21168,0.0018483,0.21168,460.486,0,1.02816,0,0,2.23482,1.20666,1.028160,1,0,49.5831,0,0,0,49.5831,0
71.2919,2.428,0,0,2.3896,0.195599,0.36288,3.6288,61.308,0.283151,0,0,1.03644,0.186276,0.56701,0.66528,12.849,1,0.433966,0.36288,0,41.6122,3.79775,37.7434,0.84672,12.849,0.84672,3695.15,0,0.0036966,8.53638e-06,1.21103,1.54898,6.04044,0.918216,7.88222,0.42336,0.0018483,0.21168,0.0018483,0.21168,460.486,0,1.02816,0,0,2.23919,1.21103,1.028160,1,0,46.1926,0,0,0,46.1926,0
70.4574,2.42568,0,0,2.14871,0.19471,0.36288,3.6288,61.308,0.283564,0,0,0.861728,0.186276,0.391888,0.66528,12.849,1,0.437182,0.36288,0,38.6854,3.79775,34.8134,0.84672,12.849,0.84672,3695.15,0,0.0036966,8.54882e-06,0.901187,1.54947,5.71956,0.918216,7.25199,0.42336,0.0018483,0.21168,0.0018483,0.21168,460.486,0,1.02816,0,0,1.92935,0.901187,1.028160,1,0,42.4573,0,0,0,42.4573,0
69.5477,2.42206,0,0,2.04158,0.166286,0.36288,3.6288,61.308,0.283976,0,0,0.8741,0.219589,0.370534,0.66528,12.849,1,0.441701,0.36288,0,34.7274,4.53267,30.116,0.84672,12.849,0.84672,3695.15,0,0.0036966,8.56125e-06,0.971533,1.54996,5.15663,1.07557,6.60254,0.42336,0.0018483,0.21168,0.0018483,0.21168,460.486,0,1.02816,0,0,1.99969,0.971533,1.028160,1,0,37.089,0,0,0,37.089,0
68.7267,2.39629,0,0,2.08459,0.146484,0.36288,3.6288,61.308,0.32139,0,0,0.833898,0.251014,0.261494,0.66528,12.849,1,0.442717,0.36288,0,30.5156,5.34292,25.0929,0.84672,12.849,0.84672,3695.15,0,0.0036966,9.6892e-06,0.772338,1.55044,3.59708,1.18867,4.73119,0.42336,0.0018483,0.21168,0.0018483,0.21168,460.486,0,1.02816,0,0,1.8005,0.772338,1.028160,1,0,30.0855,0,0,0,30.0855,0
67.7413,2.39259,0,0,1.91569,0.145552,0.36288,3.6288,61.308,0.321814,0,0,0.80994,0.251014,0.237111,0.66528,12.849,1,0.447313,0.36288,0,30.0337,5.34292,24.6063,0.84672,12.849,0.84672,3695.15,0,0.0036966,9.70199e-06,0.77309,1.57471,3.6272,1.18867,4.78633,0.42336,0.0018483,0.21168,0.0018483,0.21168,460.486,0,1.02816,0,0,1.80125,0.77309,1.028160,1,0,29.6298,0,0,0,29.6298,0
66.5899,2.38787,0,0,1.74373,0.144433,0.36288,3.6288,61.308,0.322239,0,0,0.757512,0.251014,0.184259,0.66528,12.849,1,0.452924,0.36288,0,28.8322,5.34292,23.3992,0.84672,12.849,0.84672,3695.15,0,0.0036966,9.71479e-06,0.532526,1.57521,3.40743,1.18867,4.32649,0.42336,0.0018483,0.21168,0.0018483,0.21168,460.486,0,1.02816,0,0,1.56069,0.532526,1.028160,1,0,27.91,0,0,0,27.91,0
65.3189,2.38205,0,0,1.60343,0.129463,0.36288,3.6288,61.308,0.322664,0,0,0.723246,0.283921,0.116661,0.66528,12.849,1,0.459634,0.36288,0,25.5607,5.76637,19.6975,0.84672,12.849,0.84672,3695.15,0,0.0036966,9.72759e-06,0.524742,1.5757,3.27868,1.34323,4.03588,0.42336,0.0018483,0.21168,0.0018483,0.21168,460.486,0,1.02816,0,0,1.5529,0.524742,1.028160,1,0,23.8501,0,0,0,23.8501,0
64.0512,2.43076,0,0,1.63265,0.106757,0.36288,3.6288,61.308,0.356106,0,0,0.855947,0.329918,0.169924,0.66528,12.849,1,0.478158,0.36288,0,28.5231,6.03397,22.3738,0.84672,12.849,0.84672,3695.15,0,0.0036966,1.07358e-05,0.612075,1.5762,3.30049,1.53533,3.95342,0.42336,0.0018483,0.21168,0.0018483,0.21168,460.486,0,1.02816,0,0,1.64023,0.612075,1.028160,1,0,26.4972,0,0,0,26.4972,0
62.6927,2.42363,0,0,1.53319,0.105118,0.36288,3.6288,61.308,0.356541,0,0,0.761374,0.330272,0.0745615,0.66528,12.849,1,0.486194,0.36288,0,25.166,5.98447,19.0582,0.84672,12.849,0.84672,3695.15,0,0.0036966,1.07489e-05,0.730149,1.61464,3.40754,1.53299,4.21932,0.42336,0.0018483,0.21168,0.0018483,0.21168,460.486,0,1.02816,0,0,1.75831,0.730149,1.028160,1,0,23.3521,0,0,0,23.3521,0
61.2435,2.41565,0,0,1.43326,0.103962,0.36288,3.6288,61.308,0.356976,0,0,0.704445,0.330272,0.0171973,0.66528,12.849,1,0.495092,0.36288,0,23.9291,5.98447,17.8124,0.84672,12.849,0.84672,3695.15,0,0.0036966,1.0762e-05,0.578845,1.61514,2.99,1.53299,3.65098,0.42336,0.0018483,0.21168,0.0018483,0.21168,460.486,0,1.02816,0,0,1.60701,0.578845,1.028160,1,0,21.4806,0,0,0,21.4806,0
59.7852,2.40672,0,0,1.414,0.102729,0.36288,3.6288,61.308,0.357412,0,0,0.762152,0.330272,0.0744685,0.66528,12.849,1,0.504935,0.36288,0,22.2038,5.98447,16.0773,0.84672,12.849,0.84672,3695.15,0,0.0036966,1.07752e-05,0.687157,1.61565,3.38133,1.53299,4.15113,0.42336,0.0018483,0.21168,0.0018483,0.21168,460.486,0,1.02816,0,0,1.71532,0.687157,1.028160,1,0,20.3029,0,0,0,20.3029,0
58.0198,2.55744,0,0,1.24524,0.0902515,0.36288,3.6288,61.252,0.477173,0,0,0.744725,0.323525,0,0.66528,12.849,1,0.549644,0.36288,0,19.9662,6.17142,13.608,0.84672,12.849,0.84672,3695.15,0,0.0036966,1.43857e-05,0.630642,1.61616,3.81621,1.57836,4.48464,0.42336,0.0018483,0.21168,0.0018483,0.21168,460.486,0,1.02816,0,0,1.6588,0.630642,1.028160,1,0,18.0926,0,0,0,18.0926,0
55.7806,2.54455,0,0,0.763145,0.0948952,0.36288,3.6288,61.0543,0.477646,0,0,0.608825,0.328859,0,0.66528,12.849,1,0.563513,0.36288,0,15.252,6.09052,8.96086,0.84672,12.849,0.84672,3695.15,0,0.0036966,1.44131e-05,0.362483,1.74531,2.93395,1.5528,3.48893,0.42336,0.0018483,0.21168,0.0018483,0.21168,460.486,0,1.02816,0,0,1.39064,0.362483,1.028160,1,0,12.4498,0,0,0,12.4498,0
53.5771,2.52695,0,0,0.779086,0.0928239,0.36288,3.6288,60.8309,0.47812,0,0,0.583076,0.328448,0,0.66528,12.849,1,0.582081,0.36288,0,14.0715,6.09052,7.76181,0.84672,12.849,0.84672,3695.15,0,0.0036966,1.44741e-05,0.305873,1.74586,3.00781,1.5528,3.50673,0.42336,0.0018483,0.21168,0.0018483,0.21168,460.486,0,1.02816,0,0,1.33403,0.305873,1.028160,1,0,11.2685,0,0,0,11.2685,0
51.7717,2.50843,0,0,1.16104,0.0951161,0.36288,3.6288,60.7157,0.478593,0,0,0.690302,0.326914,0,0.66528,12.849,1,0.601579,0.36288,0,18.1138,6.06084,11.8142,0.84672,12.849,0.84672,3695.15,0,0.0036966,1.45417e-05,0.578992,1.74641,3.29648,1.54916,4.07271,0.42336,0.0018483,0.21168,0.0018483,0.21168,460.486,0,1.02816,0,0,1.60715,0.578992,1.028160,1,0,15.8869,0,0,0,15.8869,0
50.4475,2.4924,0,0,1.63784,0.106706,0.36288,3.6288,60.7854,0.479066,0,0,0.872277,0.32346,0,0.66528,12.849,1,0.618579,0.36288,0,25.1546,6.00036,18.8985,0.84672,12.849,0.84672,3695.15,0,0.0036966,1.45837e-05,0.61331,1.74696,3.55347,1.52771,4.38601,0.42336,0.0018483,0.21168,0.0018483,0.21168,460.486,0,1.02816,0,0,1.64147,0.61331,1.028160,1,0,23.2845,0,0,0,23.2845,0
48.883,2.40457,0,0,1.29483,0.0919378,0.36288,3.6288,60.7381,0.406999,0,0,0.689628,0.329937,0,0.66528,12.849,1,0.612443,0.36288,0,18.8058,5.53542,13.0208,0.84672,12.849,0.84672,3695.15,0,0.0036966,1.23756e-05,0.27896,1.74751,2.50768,1.37536,3.15878,0.42336,0.0018483,0.21168,0.0018483,0.21168,460.486,0,1.02816,0,0,1.30712,0.27896,1.028160,1,0,16.1796,0,0,0,16.1796,0
47.3097,2.38979,0,0,1.35428,0.174928,0.36288,3.6288,60.9416,0.407449,0,0,0.88007,0.269137,0,0.66528,12.849,1,0.628162,0.36288,0,17.4909,4.01037,13.2152,0.84672,12.849,0.84672,3695.15,0,0.0036966,1.2399e-05,0.544787,1.67422,3.01906,1.00774,4.23031,0.42336,0.0018483,0.21168,0.0018483,0.21168,460.486,0,1.02816,0,0,1.57295,0.544787,1.028160,1,0,17.4456,0,0,0,17.4456,0
45.751,2.37411,0,0,1.35759,0.179318,0.36288,3.6288,61.2457,0.4079,0,0,0.984502,0.272496,0,0.66528,12.849,1,0.644792,0.36288,0,19.9468,4.0592,15.6057,0.84672,12.849,0.84672,3695.15,0,0.0036966,1.23712e-05,0.572875,1.67474,3.3054,1.0357,4.5173,0.42336,0.0018483,0.21168,0.0018483,0.21168,460.486,0,1.02816,0,0,1.60104,0.572875,1.028160,1,0,20.123,0,0,0,20.123,0
44.3119,2.35769,0,0,1.45778,0.176245,0.36288,3.6288,61.308,0.408351,0,0,1.03533,0.273021,0.291643,0.66528,12.849,1,0.66215,0.36288,0,29.3025,4.0592,24.944,0.84672,12.849,0.84672,3695.15,0,0.0036966,1.23234e-05,0.689662,1.67527,3.62049,1.0357,4.94971,0.42336,0.0018483,0.21168,0.0018483,0.21168,460.486,0,1.02816,0,0,1.71782,0.689662,1.028160,1,0,30.1854,0,0,0,30.1854,0
42.8457,2.28126,0,0,1.38149,0.203619,0.36288,3.6288,61.308,0.342689,0,0,1.09448,0.230288,0.521507,0.66528,12.849,1,0.661492,0.36288,0,31.4804,3.65555,27.5263,0.84672,12.849,0.84672,3695.15,0,0.0036966,1.03313e-05,0.881963,1.67579,4.07522,0.932608,5.70036,0.42336,0.0018483,0.21168,0.0018483,0.21168,460.486,0,1.02816,0,0,1.91012,0.881963,1.028160,1,0,33.7482,0,0,0,33.7482,0
42.2037,2.26456,0,0,2.19763,0.212107,0.36288,3.6288,61.308,0.343119,0,0,1.11881,0.213152,0.562541,0.66528,12.849,1,0.679119,0.36288,0,42.2938,3.49408,38.4835,0.84672,12.849,0.84672,3695.15,0,0.0036966,1.03443e-05,0.819867,1.61062,4.91753,0.891372,6.45663,0.42336,0.0018483,0.21168,0.0018483,0.21168,460.486,0,1.02816,0,0,1.84803,0.819867,1.028160,1,0,45.5027,0,0,0,45.5027,0
42.7015,2.25735,0,0,3.32852,0.210533,0.36288,3.6288,61.308,0.34355,0,0,2.13214,0.213152,1.57543,0.66528,12.849,1,0.687253,0.36288,0,46.3108,3.49408,42.4924,0.84672,12.849,0.84672,3695.15,0,0.0036966,1.03573e-05,2.3611,1.61112,7.17693,0.891372,10.2578,0.42336,0.0018483,0.21168,0.0018483,0.21168,460.486,0,1.02816,0,0,3.38926,2.3611,1.028160,1,0,54.3256,0,0,0,54.3256,0
41.9148,2.26422,0,0,2.06023,0.219814,0.36288,3.6288,61.308,0.34398,0,0,1.42779,0.216601,0.867204,0.66528,12.849,1,0.681309,0.36288,0,38.5093,3.55208,34.6388,0.84672,12.849,0.84672,3695.15,0,0.0036966,1.03702e-05,1.72142,1.61163,7.10799,0.90491,9.53611,0.42336,0.0018483,0.21168,0.0018483,0.21168,460.486,0,1.02816,0,0,2.74958,1.72142,1.028160,1,0,45.0422,0,0,0,45.0422,0
43.7898,2.0853,0,0,4.57124,0.248075,0.36288,3.6288,61.308,0.206544,0,0,3.00524,0.213877,2.58482,0.66528,12.849,1,0.639249,0.36288,0,84.401,3.94979,80.1748,0.84672,12.849,0.84672,3695.15,0,0.0036966,6.22683e-06,2.21344,1.61213,12.5444,0.962189,15.4078,0.42336,0.0018483,0.21168,0.0018483,0.21168,460.486,0,1.02816,0,0,3.2416,2.21344,1.028160,1,0,98.1674,0,0,0,98.1674,0
48.0364,2.10712,0,0,6.94602,0.229448,0.36288,3.6288,61.308,0.206931,0,0,6.76166,0.18265,6.37207,0.66528,12.849,1,0.618281,0.36288,0,145.107,4.01614,140.836,0.84672,12.849,0.84672,3695.15,0,0.0036966,6.23851e-06,3.66699,1.46453,16.4915,0.930252,20.6928,0.42336,0.0018483,0.21168,0.0018483,0.21168,460.486,0,1.02816,0,0,4.69515,3.66699,1.028160,1,0,167.9,0,0,0,167.9,0
53.4255,2.15093,0,0,8.14355,0.240593,0.36288,3.6288,61.308,0.207318,0,0,9.43954,0.18265,9.04957,0.66528,12.849,1,0.57534,0.36288,0,241.605,4.01614,237.377,0.84672,12.849,0.84672,3695.15,0,0.0036966,6.25019e-06,4.85017,1.46499,20.8198,0.930252,26.2047,0.42336,0.0018483,0.21168,0.0018483,0.21168,460.486,0,1.02816,0,0,5.87833,4.85017,1.028160,1,0,272.631,0,0,0,272.631,0
57.267,2.1984,0,0,6.65903,0.25632,0.36288,3.6288,61.308,0.207706,0,0,8.41722,0.206754,8.00276,0.66528,12.849,1,0.528723,0.36288,0,158.647,4.37745,154.104,0.84672,12.849,0.84672,3695.15,0,0.0036966,6.26187e-06,4.06973,1.46545,16.1736,1.07276,20.636,0.42336,0.0018483,0.21168,0.0018483,0.21168,460.486,0,1.02816,0,0,5.09789,4.06973,1.028160,1,0,182.742,0,0,0,182.742,0
64.2605,2.22807,0,0,9.85325,0.268704,0.36288,3.6288,61.308,0.208094,0,0,8.05153,0.238893,7.60454,0.66528,12.849,1,0.499913,0.36288,0,188.554,4.85919,183.558,0.84672,12.849,0.84672,3695.15,0,0.0036966,6.27356e-06,5.68204,1.46591,21.0773,1.26276,26.9625,0.42336,0.0018483,0.21168,0.0018483,0.21168,460.486,0,1.02816,0,0,6.7102,5.68204,1.028160,1,0,218.125,0,0,0,218.125,0
67.9156,2.34536,0,0,6.63805,0.274767,0.36288,3.6288,61.308,0.248455,0,0,1.81869,0.2302,1.34004,0.66528,12.849,1,0.468958,0.36288,0,90.6448,4.01835,86.5204,0.84672,12.849,0.84672,3695.15,0,0.0036966,7.49037e-06,1.48701,1.46637,7.63397,1.04779,9.53955,0.42336,0.0018483,0.21168,0.0018483,0.21168,460.486,0,1.02816,0,0,2.51517,1.48701,1.028160,1,0,97.4,0,0,0,97.4,0
69.8544,2.36729,0,0,4.95183,0.282882,0.36288,3.6288,61.308,0.24884,0,0,2.10059,0.2302,1.62155,0.66528,12.849,1,0.44787,0.36288,0,67.7053,4.01835,63.6019,0.84672,12.849,0.84672,3695.15,0,0.0036966,7.50196e-06,1.89126,1.51373,5.27974,1.04779,7.63694,0.42336,0.0018483,0.21168,0.0018483,0.21168,460.486,0,1.02816,0,0,2.91942,1.89126,1.028160,1,0,72.8604,0,0,0,72.8604,0
70.3844,2.37851,0,0,3.55863,0.287186,0.36288,3.6288,61.308,0.249224,0,0,1.56444,0.2302,1.08502,0.66528,12.849,1,0.437503,0.36288,0,46.4681,4.01835,42.3751,0.84672,12.849,0.84672,3695.15,0,0.0036966,7.51356e-06,1.13786,1.51419,4.67058,1.04779,6.27483,0.42336,0.0018483,0.21168,0.0018483,0.21168,460.486,0,1.02816,0,0,2.16602,1.13786,1.028160,1,0,49.735,0,0,0,49.735,0
70.9469,2.38201,0,0,3.65801,0.350598,0.36288,3.6288,61.308,0.249609,0,0,1.32927,0.190508,0.889156,0.66528,12.849,1,0.434848,0.36288,0,63.1073,3.88614,59.1492,0.84672,12.849,0.84672,3695.15,0,0.0036966,7.52515e-06,0.745528,1.51465,7.76892,0.943201,9.08588,0.42336,0.0018483,0.21168,0.0018483,0.21168,460.486,0,1.02816,0,0,1.77369,0.745528,1.028160,1,0,69.1243,0,0,0,69.1243,0
72.2242,2.61834,0,0,4.60414,0.345641,0.36288,3.6288,61.308,0.400274,0,0,1.79297,0.180416,1.21228,0.66528,12.849,1,0.474201,0.36288,0,98.8416,3.52588,95.2044,0.84672,12.849,0.84672,3695.15,0,0.0036966,1.20674e-05,2.80372,1.5151,7.33844,0.917385,10.7399,0.42336,0.0018483,0.21168,0.0018483,0.21168,460.486,0,1.02816,0,0,3.83188,2.80372,1.028160,1,0,107.157,0,0,0,107.157,0
72.29,2.62625,0,0,4.4317,0.336231,1.40344,3.6288,61.308,0.400704,0,0,1.4883,0.177808,0.909789,0.66528,12.849,1,0.467222,1.40344,0,80.6274,3.27222,78.2914,0.84672,12.849,0.84672,3695.15,0,0.0036966,1.20803e-05,1.85231,1.68317,6.31818,0.911097,8.94256,0.42336,0.0018483,0.21168,0.0018483,0.21168,460.486,0,1.02816,0,0,2.88047,1.85231,1.028160,1,0,88.1437,0,0,0,88.1437,0
72.29,2.6274,0,0,4.87126,0.336398,1.90745,3.6288,61.308,0.401134,0,0,1.40346,0.177808,0.824514,0.66528,12.849,1,0.467001,1.90745,0,89.6409,3.27222,87.8091,0.84672,12.849,0.84672,3695.15,0,0.0036966,1.20933e-05,1.84603,1.68368,6.54103,0.911097,9.15963,0.42336,0.0018483,0.21168,0.0018483,0.21168,460.486,0,1.02816,0,0,2.87419,1.84603,1.028160,1,0,97.7932,0,0,0,97.7932,0
72.29,2.6282,0,0,3.73237,0.336398,0.767774,3.6288,61.308,0.401564,0,0,1.22206,0.177808,0.642687,0.66528,12.849,1,0.467142,0.767774,0,77.0671,3.27222,74.0955,0.84672,12.849,0.84672,3695.15,0,0.0036966,1.21063e-05,1.26261,1.68419,6.04977,0.911097,8.08545,0.42336,0.0018483,0.21168,0.0018483,0.21168,460.486,0,1.02816,0,0,2.29077,1.26261,1.028160,1,0,82.8236,0,0,0,82.8236,0
72.29,2.29575,0,0,7.34282,0.328352,4.71873,3.6288,61.308,0.200074,0,0,2.84221,0.192828,2.44931,0.66528,12.849,1,0.408051,4.71873,0,109.543,3.6042,110.25,0.84672,12.849,0.84672,3695.15,0,0.0036966,6.03178e-06,4.78539,1.68469,10.7307,1.00049,16.2003,0.42336,0.0018483,0.21168,0.0018483,0.21168,460.486,0,1.02816,0,0,5.81355,4.78539,1.028160,1,0,128.899,0,0,0,128.899,0
72.29,2.29644,0,0,4.65161,0.331407,2.02377,3.6288,61.308,0.200443,0,0,1.54424,0.184728,1.15906,0.66528,12.849,1,0.408174,2.02377,0,81.1002,3.39455,79.3213,0.84672,12.849,0.84672,3695.15,0,0.0036966,6.04292e-06,2.57412,1.45564,7.05839,0.924057,10.1641,0.42336,0.0018483,0.21168,0.0018483,0.21168,460.486,0,1.02816,0,0,3.60228,2.57412,1.028160,1,0,90.6444,0,0,0,90.6444,0
72.29,2.29713,0,0,3.8319,0.331407,1.20337,3.6288,61.308,0.200813,0,0,1.09948,0.184728,0.713942,0.66528,12.849,1,0.408297,1.20337,0,69.463,3.39455,66.8635,0.84672,12.849,0.84672,3695.15,0,0.0036966,6.05406e-06,1.68323,1.45608,5.96505,0.924057,8.18029,0.42336,0.0018483,0.21168,0.0018483,0.21168,460.486,0,1.02816,0,0,2.71139,1.68323,1.028160,1,0,75.7578,0,0,0,75.7578,0
72.29,2.29782,0,0,4.13372,0.331407,1.5045,3.6288,61.308,0.201183,0,0,1.30743,0.184728,0.92152,0.66528,12.849,1,0.40842,1.5045,0,78.6767,3.39455,76.3782,0.84672,12.849,0.84672,3695.15,0,0.0036966,6.06521e-06,1.7933,1.45652,4.85062,0.924057,7.17637,0.42336,0.0018483,0.21168,0.0018483,0.21168,460.486,0,1.02816,0,0,2.82146,1.7933,1.028160,1,0,84.4761,0,0,0,84.4761,0
72.29,2.29851,0,0,6.54902,0.325905,3.9246,3.6288,61.308,0.201552,0,0,1.93875,0.16447,1.57272,0.66528,12.849,1,0.408543,3.9246,0,144.488,3.33146,144.672,0.84672,12.849,0.84672,3695.15,0,0.0036966,6.07636e-06,4.14906,1.45695,10.2356,0.888468,14.9532,0.42336,0.0018483,0.21168,0.0018483,0.21168,460.486,0,1.02816,0,0,5.17722,4.14906,1.028160,1,0,161.198,0,0,0,161.198,0
72.29,2.38321,0,0,4.75921,0.319203,2.0568,3.6288,61.308,0.251394,0,0,1.19863,0.179183,0.76805,0.66528,12.849,1,0.423597,2.0568,0,77.6451,4.37314,74.9051,0.84672,12.849,0.84672,3695.15,0,0.0036966,7.57897e-06,1.65483,1.45739,6.44783,0.996633,8.56341,0.42336,0.0018483,0.21168,0.0018483,0.21168,460.486,0,1.02816,0,0,2.68299,1.65483,1.028160,1,0,84.2366,0,0,0,84.2366,0
72.29,2.38393,0,0,7.42382,0.323991,4.7159,3.6288,61.308,0.251779,0,0,1.89416,0.18558,1.45681,0.66528,12.849,1,0.423725,4.7159,0,125.668,4.18813,125.772,0.84672,12.849,0.84672,3695.15,0,0.0036966,7.59057e-06,3.63309,1.5146,10.3713,0.99633,14.5226,0.42336,0.0018483,0.21168,0.0018483,0.21168,460.486,0,1.02816,0,0,4.66125,3.63309,1.028160,1,0,141.751,0,0,0,141.751,0
72.29,2.38464,0,0,6.54379,0.323991,3.83516,3.6288,61.308,0.252164,0,0,1.85005,0.18558,1.41231,0.66528,12.849,1,0.423852,3.83516,0,109.397,4.18813,108.62,0.84672,12.849,0.84672,3695.15,0,0.0036966,7.60217e-06,3.19507,1.51505,9.58496,0.99633,13.2987,0.42336,0.0018483,0.21168,0.0018483,0.21168,460.486,0,1.02816,0,0,4.22323,3.19507,1.028160,1,0,123.331,0,0,0,123.331,0
72.29,2.38536,0,0,5.00192,0.323991,2.29257,3.6288,61.308,0.252549,0,0,1.40689,0.18558,0.968766,0.66528,12.849,1,0.42398,2.29257,0,81.6661,4.18813,79.3466,0.84672,12.849,0.84672,3695.15,0,0.0036966,7.61378e-06,2.04583,1.51551,7.02622,0.99633,9.59122,0.42336,0.0018483,0.21168,0.0018483,0.21168,460.486,0,1.02816,0,0,3.07399,2.04583,1.028160,1,0,89.9066,0,0,0,89.9066,0
72.29,2.35319,0,0,4.07843,0.293853,1.43138,3.6288,61.308,0.233696,0,0,1.09284,0.170606,0.688537,0.66528,12.849,1,0.418262,1.43138,0,58.4678,4.02809,55.4529,0.84672,12.849,0.84672,3695.15,0,0.0036966,7.04542e-06,1.16637,1.51596,4.75708,1.00881,6.4306,0.42336,0.0018483,0.21168,0.0018483,0.21168,460.486,0,1.02816,0,0,2.19453,1.16637,1.028160,1,0,62.572,0,0,0,62.572,0
72.29,2.3539,0,0,3.61253,0.26292,0.995713,3.6288,61.308,0.234076,0,0,0.891276,0.195868,0.461332,0.66528,12.849,1,0.418388,0.995713,0,50.3804,4.28573,46.672,0.84672,12.849,0.84672,3695.15,0,0.0036966,7.05686e-06,0.91044,1.4943,4.10253,1.03255,5.47471,0.42336,0.0018483,0.21168,0.0018483,0.21168,460.486,0,1.02816,0,0,1.9386,0.91044,1.028160,1,0,52.6081,0,0,0,52.6081,0
72.29,2.35461,0,0,3.39987,0.206741,0.83852,3.6288,61.308,0.234455,0,0,0.886378,0.222027,0.429895,0.66528,12.849,1,0.418513,0.83852,0,46.9828,4.51637,42.8864,0.84672,12.849,0.84672,3695.15,0,0.0036966,7.0683e-06,0.880908,1.49475,4.08273,1.04632,5.41205,0.42336,0.0018483,0.21168,0.0018483,0.21168,460.486,0,1.02816,0,0,1.90907,0.880908,1.028160,1,0,48.7284,0,0,0,48.7284,0
72.29,2.35531,0,0,3.27644,0.206741,0.71439,3.6288,61.308,0.234834,0,0,0.88592,0.222027,0.429058,0.66528,12.849,1,0.418639,0.71439,0,44.9203,4.51637,40.6997,0.84672,12.849,0.84672,3695.15,0,0.0036966,7.07974e-06,0.94792,1.4952,4.48617,1.04632,5.88296,0.42336,0.0018483,0.21168,0.0018483,0.21168,460.486,0,1.02816,0,0,1.97608,0.94792,1.028160,1,0,47.0117,0,0,0,47.0117,0
72.29,2.46778,0,0,3.19409,0.204078,0.522225,3.6288,61.308,0.303517,0,0,0.925698,0.228918,0.393263,0.66528,12.849,1,0.43863,0.522225,0,44.7252,4.68093,40.1279,0.84672,12.849,0.84672,3695.15,0,0.0036966,9.15037e-06,0.652355,1.49564,3.60556,1.10057,4.65297,0.42336,0.0018483,0.21168,0.0018483,0.21168,460.486,0,1.02816,0,0,1.68051,0.652355,1.028160,1,0,45.1741,0,0,0,45.1741,0
72.1612,2.46853,0,0,2.90312,0.200528,0.36288,3.6288,61.308,0.335331,0,0,0.738012,0.238106,0.164574,0.66528,12.849,1,0.438762,0.36288,0,40.427,4.90035,35.4508,0.84672,12.849,0.84672,3695.15,0,0.0036966,1.01095e-05,0.402797,1.57353,2.83976,1.17291,3.64317,0.42336,0.0018483,0.21168,0.0018483,0.21168,460.486,0,0.996745,0,0,1.39954,0.402797,1.028160,1,0,39.2585,0,0,0,39.2585,0
71.6887,2.4686,0,0,2.54493,0.18595,0.36288,3.6288,61.308,0.328837,0,0,0.687528,0.247549,0.111142,0.66528,12.849,1,0.439559,0.36288,0,36.119,5.00745,31.0349,0.84672,12.849,0.84672,3695.15,0,0.0036966,9.91371e-06,0.30119,1.57401,2.75517,1.20027,3.43008,0.42336,0.0018483,0.21168,0.0018483,0.21168,460.486,0,1.00364,0,0,1.30483,0.30119,1.028160,1,0,34.5761,0,0,0,34.5761,0
71.1172,2.46689,0,0,2.40774,0.149456,0.36288,3.6288,61.3057,0.392212,0,0,0.661029,0.271158,0,0.66528,12.849,1,0.442148,0.36288,0,33.0176,5.2752,27.6631,0.84672,12.849,0.84672,3695.15,0,0.0036966,1.18243e-05,0.30119,1.57448,2.65052,1.26868,3.25749,0.42336,0.0018483,0.21168,0.0018483,0.21168,460.486,0,0.940663,0,0,1.24185,0.30119,1.028160,1,0,30.9206,0,0,0,30.9206,0
70.3804,2.46462,0,0,2.23525,0.144514,0.36288,3.6288,61.2382,0.436909,0,0,0.643613,0.274145,0,0.66528,12.849,1,0.445291,0.36288,0,32.5986,5.27889,27.2373,0.84672,12.849,0.84672,3695.15,0,0.0036966,1.31723e-05,0.30119,1.57495,2.77218,1.28578,3.36253,0.42336,0.0018483,0.21168,0.0018483,0.21168,460.486,0,0.896365,0,0,1.19756,0.30119,1.028160,1,0,30.5999,0,0,0,30.5999,0
69.283,2.43937,0,0,1.82294,0.118097,0.36288,3.6288,61.308,0.343116,0,0,0.708782,0.291971,0.003914,0.66528,12.849,1,0.445343,0.36288,0,28.8146,5.30103,23.4311,0.84672,12.849,0.84672,3695.15,0,0.0036966,1.0356e-05,0.306279,1.57543,2.47527,1.38834,2.96863,0.42336,0.0018483,0.21168,0.0018483,0.21168,460.486,0,1.02816,0,0,1.33444,0.306279,1.028160,1,0,26.4036,0,0,0,26.4036,0
68.0355,2.43415,0,0,1.6666,0.117099,0.36288,3.6288,61.308,0.361731,0,0,0.680642,0.292099,0.0268112,0.66528,12.849,1,0.451429,0.36288,0,26.0821,5.30103,20.6925,0.84672,12.849,0.84672,3695.15,0,0.0036966,1.09054e-05,0.261274,1.60006,2.46432,1.38834,2.9373,0.42336,0.0018483,0.21168,0.0018483,0.21168,460.486,0,1.00996,0,0,1.27123,0.261274,1.028160,1,0,23.6566,0,0,0,23.6566,0
66.7417,2.42791,0,0,1.61293,0.115965,0.36288,3.6288,61.1357,0.519559,0,0,0.639317,0.292099,0,0.66528,12.849,1,0.458529,0.36288,0,23.7278,5.30103,18.3311,0.84672,12.849,0.84672,3695.15,0,0.0036966,1.56636e-05,0.261274,1.60054,2.39485,1.38834,2.86831,0.42336,0.0018483,0.21168,0.0018483,0.21168,460.486,0,0.852535,0,0,1.11381,0.261274,1.028160,1,0,21.1994,0,0,0,21.1994,0
65.3996,2.42119,0,0,1.54685,0.104842,0.36288,3.6288,60.8813,0.561667,0,0,0.607985,0.300656,0,0.66528,12.849,1,0.466123,0.36288,0,21.4996,5.37696,16.0194,0.84672,12.849,0.84672,3695.15,0,0.0036966,1.69807e-05,0.261274,1.60102,2.36091,1.43332,2.78987,0.42336,0.0018483,0.21168,0.0018483,0.21168,460.486,0,0.810838,0,0,1.07211,0.261274,1.028160,1,0,18.8093,0,0,0,18.8093,0
63.9163,2.47025,0,0,1.43469,0.0849238,0.36288,3.6288,60.5558,0.609363,0,0,0.595192,0.311374,0,0.66528,12.849,1,0.485328,0.36288,0,20.6321,5.52201,14.9877,0.84672,12.849,0.84672,3695.15,0,0.0036966,1.84997e-05,0.261274,1.6015,2.03029,1.49185,2.4012,0.42336,0.0018483,0.21168,0.0018483,0.21168,460.486,0,0.7971,0,0,1.05837,0.261274,1.028160,1,0,17.3889,0,0,0,17.3889,0
62.368,2.46161,0,0,1.36239,0.0862076,0.36288,3.6288,60.2566,0.57724,0,0,0.584385,0.306361,0,0.66528,12.849,1,0.494854,0.36288,0,19.7385,5.5041,14.1024,0.84672,12.849,0.84672,3695.15,0,0.0036966,1.76187e-05,0.261274,1.64054,1.97831,1.47029,2.40982,0.42336,0.0018483,0.21168,0.0018483,0.21168,460.486,0,0.829647,0,0,1.09092,0.261274,1.028160,1,0,16.5123,0,0,0,16.5123,0
60.6558,2.45216,0,0,1.18797,0.0851261,0.36288,3.6288,59.8568,0.645095,0,0,0.551078,0.305779,0,0.66528,12.849,1,0.505192,0.36288,0,18.7007,5.5041,13.0543,0.84672,12.849,0.84672,3695.15,0,0.0036966,1.97875e-05,0.227405,1.64103,1.89031,1.47029,2.28844,0.42336,0.0018483,0.21168,0.0018483,0.21168,460.486,0,0.762212,0,0,0.989617,0.227405,1.028160,1,0,15.3427,0,0,0,15.3427,0
58.8679,2.44112,0,0,1.09559,0.0794613,0.36288,3.6288,59.4016,0.689234,0,0,0.541606,0.307567,0,0.66528,12.849,1,0.517114,0.36288,0,17.6424,5.57888,11.9093,0.84672,12.849,0.84672,3695.15,0,0.0036966,2.12827e-05,0.227405,1.64152,1.87312,1.48523,2.2568,0.42336,0.0018483,0.21168,0.0018483,0.21168,460.486,0,0.718494,0,0,0.945899,0.227405,1.028160,1,0,14.1661,0,0,0,14.1661,0
56.8277,2.59118,0,0,0.978178,0.0642927,0.36288,3.6288,58.9256,0.737288,0,0,0.57486,0.313508,0,0.66528,12.849,1,0.565572,0.36288,0,18.7898,5.95161,12.6355,0.84672,12.849,0.84672,3695.15,0,0.0036966,2.2941e-05,0.227405,1.64201,1.87296,1.51658,2.22578,0.42336,0.0018483,0.21168,0.0018483,0.21168,460.486,0,0.792098,0,0,1.0195,0.227405,1.028160,1,0,14.8613,0,0,0,14.8613,0
54.9071,2.57539,0,0,1.07397,0.0563017,0.36288,3.6288,58.2711,0.834184,0,0,0.504991,0.325387,0,0.66528,12.849,1,0.582306,0.36288,0,22.0869,6.36332,15.5041,0.84672,12.849,0.84672,3695.15,0,0.0036966,2.61656e-05,0.227405,1.77321,1.64508,1.68284,1.96283,0.42336,0.0018483,0.21168,0.0018483,0.21168,460.486,0,0.695658,0,0,0.923063,0.227405,1.028160,1,0,17.467,0,0,0,17.467,0
53.2347,2.55965,0,0,1.30536,0.0552353,0.36288,3.6288,58.2568,0.502152,0,0,0.811892,0.32402,0,0.66528,12.849,1,0.598992,0.36288,0,19.253,6.36332,12.6536,0.84672,12.849,0.84672,3695.15,0,0.0036966,1.59277e-05,0.502217,1.77374,2.37036,1.68284,2.96346,0.42336,0.0018483,0.21168,0.0018483,0.21168,460.486,0,1.02816,0,0,1.53038,0.502217,1.028160,1,0,15.6171,0,0,0,15.6171,0
51.3198,2.54525,0,0,1.05182,0.0586083,0.36288,3.6288,57.9092,0.6252,0,0,0.574543,0.296944,0,0.66528,12.849,1,0.614334,0.36288,0,16.5677,5.62393,10.6923,0.84672,12.849,0.84672,3695.15,0,0.0036966,1.98356e-05,0.204422,1.77428,2.37655,1.39502,2.96021,0.42336,0.0018483,0.21168,0.0018483,0.21168,460.486,0,0.905567,0,0,1.10999,0.204422,1.028160,1,0,13.6525,0,0,0,13.6525,0
49.4898,2.52767,0,0,1.14606,0.0854767,0.36288,3.6288,57.6341,0.616656,0,0,0.597401,0.255781,0,0.66528,12.849,1,0.632857,0.36288,0,11.7598,4.90376,6.58609,0.84672,12.849,0.84672,3695.15,0,0.0036966,1.9682e-05,0.204422,1.77481,2.51281,1.12226,3.36975,0.42336,0.0018483,0.21168,0.0018483,0.21168,460.486,0,0.91457,0,0,1.11899,0.204422,1.028160,1,0,9.95584,0,0,0,9.95584,0
47.9626,2.43327,0,0,1.29962,0.0307103,0.36288,3.6288,57.7913,0.429834,0,0,0.836495,0.249474,0,0.66528,12.849,1,0.631747,0.36288,0,13.7911,5.14364,8.37858,0.84672,12.849,0.84672,3695.15,0,0.0036966,1.37846e-05,1.02287,1.77534,2.47596,1.41486,3.8593,0.42336,0.0018483,0.21168,0.0018483,0.21168,460.486,0,1.02816,0,0,2.05103,1.02287,1.028160,1,0,12.2379,0,0,0,12.2379,0
46.2534,2.41813,0,0,1.10199,0.0302067,0.36288,3.6288,57.4048,0.590919,0,0,0.454143,0.249728,0,0.66528,12.849,1,0.647807,0.36288,0,13.7717,5.14364,8.34317,0.84672,12.849,0.84672,3695.15,0,0.0036966,1.88989e-05,0.216518,1.70086,1.83135,1.41486,2.33385,0.42336,0.0018483,0.21168,0.0018483,0.21168,460.486,0,0.867508,0,0,1.08403,0.216518,1.028160,1,0,10.677,0,0,0,10.677,0
44.7252,2.40011,0,0,1.2954,0.0605343,0.36288,3.6288,57.0827,0.563959,0,0,0.461404,0.219529,0,0.66528,12.849,1,0.66674,0.36288,0,13.8722,4.72838,8.83998,0.84672,12.849,0.84672,3695.15,0,0.0036966,1.81582e-05,0.216518,1.70137,1.91252,1.28506,2.54532,0.42336,0.0018483,0.21168,0.0018483,0.21168,460.486,0,0.894905,0,0,1.11142,0.216518,1.028160,1,0,11.3853,0,0,0,11.3853,0
45.4935,2.38312,0,0,3.64966,0.135421,0.36288,3.6288,57.6264,0.431146,0,0,1.12012,0.145289,0,0.66528,12.849,1,0.684642,0.36288,0,44.3245,3.69022,40.3125,0.84672,12.849,0.84672,3695.15,0,0.0036966,1.39602e-05,0.795528,1.70188,5.09051,0.960574,6.62732,0.42336,0.0018483,0.21168,0.0018483,0.21168,460.486,0,1.02816,0,0,1.82369,0.795528,1.028160,1,0,46.9398,0,0,0,46.9398,0
44.8548,2.33104,0,0,2.20104,0.145794,0.36288,3.6288,57.9887,0.364423,0,0,0.895087,0.168363,0,0.66528,12.849,1,0.658371,0.36288,0,38.9048,3.75077,34.8585,0.84672,12.849,0.84672,3695.15,0,0.0036966,1.16884e-05,1.03317,1.70239,3.64794,0.911466,5.47202,0.42336,0.0018483,0.21168,0.0018483,0.21168,460.486,0,1.02816,0,0,2.06133,1.03317,1.028160,1,0,40.3306,0,0,0,40.3306,0
47.0733,2.32445,0,0,5.05745,0.151597,0.36288,3.6288,59.0219,0.364841,0,0,1.58376,0.185718,0,0.66528,12.849,1,0.665858,0.36288,0,57.3795,3.79617,53.2804,0.84672,12.849,0.84672,3695.15,0,0.0036966,1.16287e-05,2.67605,1.63615,8.95648,0.874635,12.394,0.42336,0.0018483,0.21168,0.0018483,0.21168,460.486,0,1.02816,0,0,3.70421,2.67605,1.028160,1,0,65.6744,0,0,0,65.6744,0
48.8179,2.34981,0,0,4.61271,0.155398,0.36288,3.6288,60.0242,0.365258,0,0,1.55452,0.186957,0,0.66528,12.849,1,0.641398,0.36288,0,78.0952,3.79617,74.0205,0.84672,12.849,0.84672,3695.15,0,0.0036966,1.14382e-05,2.18722,1.63664,8.84753,0.874635,11.7968,0.42336,0.0018483,0.21168,0.0018483,0.21168,460.486,0,1.02816,0,0,3.21538,2.18722,1.028160,1,0,85.8173,0,0,0,85.8173,0
52.1305,2.36867,0,0,6.20245,0.158386,0.36288,3.6288,61.308,0.365676,0,0,2.85167,0.188159,1.01406,0.66528,12.849,1,0.62344,0.36288,0,91.0846,3.79617,87.0279,0.84672,12.849,0.84672,3695.15,0,0.0036966,1.12601e-05,2.86115,1.63713,9.94784,0.874635,13.5715,0.42336,0.0018483,0.21168,0.0018483,0.21168,460.486,0,1.02816,0,0,3.88931,2.86115,1.028160,1,0,101.613,0,0,0,101.613,0
55.3479,2.22034,0,0,6.01931,0.218684,0.36288,3.6288,61.308,0.226049,0,0,2.37406,0.219222,1.92879,0.66528,12.849,1,0.547264,0.36288,0,94.5821,4.35964,90.038,0.84672,12.849,0.84672,3695.15,0,0.0036966,6.81488e-06,3.06959,1.63762,9.40961,1.10421,13.0126,0.42336,0.0018483,0.21168,0.0018483,0.21168,460.486,0,1.02816,0,0,4.09775,3.06959,1.028160,1,0,104.979,0,0,0,104.979,0
55.8219,2.24683,0,0,3.32638,0.24265,0.36288,3.6288,61.308,0.226425,0,0,2.03944,0.210538,1.60247,0.66528,12.849,1,0.521602,0.36288,0,76.6238,4.03935,72.4257,0.84672,12.849,0.84672,3695.15,0,0.0036966,6.82621e-06,3.77759,1.48767,8.33432,1.00432,12.5953,0.42336,0.0018483,0.21168,0.0018483,0.21168,460.486,0,1.02816,0,0,4.80575,3.77759,1.028160,1,0,86.6234,0,0,0,86.6234,0
56.2385,2.25111,0,0,3.27443,0.243801,0.36288,3.6288,61.308,0.226801,0,0,1.7763,0.210538,1.33896,0.66528,12.849,1,0.518157,0.36288,0,60.0548,4.03935,55.8602,0.84672,12.849,0.84672,3695.15,0,0.0036966,6.83755e-06,3.00695,1.48812,6.87027,1.00432,10.361,0.42336,0.0018483,0.21168,0.0018483,0.21168,460.486,0,1.02816,0,0,4.03511,3.00695,1.028160,1,0,67.5602,0,0,0,67.5602,0
56.2703,2.25491,0,0,2.89436,0.244813,0.36288,3.6288,61.308,0.227177,0,0,1.82136,0.210538,1.38364,0.66528,12.849,1,0.515187,0.36288,0,69.5971,4.03935,65.4054,0.84672,12.849,0.84672,3695.15,0,0.0036966,6.84888e-06,3.04671,1.48856,7.10277,1.00432,10.6337,0.42336,0.0018483,0.21168,0.0018483,0.21168,460.486,0,1.02816,0,0,4.07487,3.04671,1.028160,1,0,77.4228,0,0,0,77.4228,0
58.1996,2.25582,0,0,4.79091,0.242838,0.36288,3.6288,61.308,0.227553,0,0,1.87809,0.237471,1.41306,0.66528,12.849,1,0.515104,0.36288,0,62.9044,4.86623,57.8859,0.84672,12.849,0.84672,3695.15,0,0.0036966,6.86022e-06,3.73461,1.48901,7.69867,1.26102,11.6613,0.42336,0.0018483,0.21168,0.0018483,0.21168,460.486,0,1.02816,0,0,4.76277,3.73461,1.028160,1,0,70.9603,0,0,0,70.9603,0
61.1048,2.3416,0,0,5.8238,0.214147,0.36288,3.6288,61.308,0.268532,0,0,2.30191,0.189055,1.84433,0.66528,12.849,1,0.516966,0.36288,0,114.825,3.37754,111.293,0.84672,12.849,0.84672,3695.15,0,0.0036966,8.09565e-06,2.82063,1.48945,6.26485,0.862292,9.71263,0.42336,0.0018483,0.21168,0.0018483,0.21168,460.486,0,1.02816,0,0,3.84879,2.82063,1.028160,1,0,122.85,0,0,0,122.85,0
66.7983,2.36259,0,0,8.63343,0.214429,0.36288,3.6288,61.308,0.268905,0,0,2.83797,0.17919,2.38988,0.66528,12.849,1,0.496801,0.36288,0,167.022,3.0743,163.814,0.84672,12.849,0.84672,3695.15,0,0.0036966,8.10688e-06,3.65075,1.53754,7.72577,0.778724,12.1353,0.42336,0.0018483,0.21168,0.0018483,0.21168,460.486,0,1.02816,0,0,4.67891,3.65075,1.028160,1,0,178.339,0,0,0,178.339,0
69.977,2.3988,0,0,6.16486,0.224552,0.36288,3.6288,61.308,0.269277,0,0,2.48556,0.17919,2.03709,0.66528,12.849,1,0.461421,0.36288,0,80.4263,3.0743,77.2535,0.84672,12.849,0.84672,3695.15,0,0.0036966,8.11812e-06,2.74849,1.53798,4.87572,0.778724,8.38345,0.42336,0.0018483,0.21168,0.0018483,0.21168,460.486,0,1.02816,0,0,3.77665,2.74849,1.028160,1,0,87.674,0,0,0,87.674,0
72.29,2.4172,0,0,6.68205,0.230203,1.72161,3.6288,61.308,0.26965,0,0,2.91049,0.17919,2.46165,0.66528,12.849,1,0.443841,1.72161,0,88.8175,3.0743,87.0209,0.84672,12.849,0.84672,3695.15,0,0.0036966,8.12935e-06,3.44136,1.53842,6.83473,0.778724,11.0358,0.42336,0.0018483,0.21168,0.0018483,0.21168,460.486,0,1.02816,0,0,4.46952,3.44136,1.028160,1,0,100.518,0,0,0,100.518,0
72.29,2.66697,0,0,13.0278,0.29946,10.0614,3.6288,61.308,0.422658,0,0,4.94973,0.159192,4.36788,0.66528,12.849,1,0.474034,10.0614,0,202.865,3.40216,209.05,0.84672,12.849,0.84672,3695.15,0,0.0036966,1.27422e-05,5.75478,1.53887,13.8846,0.950793,20.2274,0.42336,0.0018483,0.21168,0.0018483,0.21168,460.486,0,1.02816,0,0,6.78294,5.75478,1.028160,1,0,233.645,0,0,0,233.645,0
72.29,2.66774,0,0,12.7057,0.303296,9.73469,3.6288,61.308,0.423075,0,0,5.28828,0.167064,4.69815,0.66528,12.849,1,0.47417,9.73469,0,245.47,3.55824,251.172,0.84672,12.849,0.84672,3695.15,0,0.0036966,1.27548e-05,5.92142,1.70955,14.471,1.00972,21.0922,0.42336,0.0018483,0.21168,0.0018483,0.21168,460.486,0,1.02816,0,0,6.94958,5.92142,1.028160,1,0,276.963,0,0,0,276.963,0
72.29,2.6685,0,0,10.2717,0.304052,7.29911,3.6288,61.308,0.423491,0,0,5.02108,0.162687,4.4349,0.66528,12.849,1,0.474306,7.29911,0,188.012,3.48263,191.354,0.84672,12.849,0.84672,3695.15,0,0.0036966,1.27673e-05,6.37477,1.71004,12.5259,0.988043,19.6227,0.42336,0.0018483,0.21168,0.0018483,0.21168,460.486,0,1.02816,0,0,7.40293,6.37477,1.028160,1,0,215.411,0,0,0,215.411,0
72.29,2.66927,0,0,9.8286,0.293899,6.86543,3.6288,61.308,0.423908,0,0,4.83384,0.146242,4.26369,0.66528,12.849,1,0.474443,6.86543,0,182.06,3.10728,185.344,0.84672,12.849,0.84672,3695.15,0,0.0036966,1.27799e-05,6.19574,1.71053,12.59,0.85312,19.6432,0.42336,0.0018483,0.21168,0.0018483,0.21168,460.486,0,1.02816,0,0,7.2239,6.19574,1.028160,1,0,209.251,0,0,0,209.251,0
72.29,2.33159,0,0,7.97714,0.303777,5.34177,3.6288,61.308,0.219252,0,0,6.29082,0.17763,5.89394,0.66528,12.849,1,0.414423,5.34177,0,191.801,3.68739,193.041,0.84672,12.849,0.84672,3695.15,0,0.0036966,6.60995e-06,6.01068,1.71102,13.7514,0.911466,20.5616,0.42336,0.0018483,0.21168,0.0018483,0.21168,460.486,0,1.02816,0,0,7.03884,6.01068,1.028160,1,0,219.497,0,0,0,219.497,0
72.29,2.33226,0,0,9.10034,0.343059,6.42502,3.6288,61.308,0.21961,0,0,8.56507,0.202022,8.14344,0.66528,12.849,1,0.414542,6.42502,0,269.254,4.32159,270.943,0.84672,12.849,0.84672,3695.15,0,0.0036966,6.62075e-06,6.52164,1.47837,19.6518,0.997851,26.6539,0.42336,0.0018483,0.21168,0.0018483,0.21168,460.486,0,1.02816,0,0,7.5498,6.52164,1.028160,1,0,305.741,0,0,0,305.741,0
72.29,2.33293,0,0,10.7476,0.343059,8.07156,3.6288,61.308,0.219968,0,0,10.0231,0.202022,9.60107,0.66528,12.849,1,0.414661,8.07156,0,342.738,4.32159,346.073,0.84672,12.849,0.84672,3695.15,0,0.0036966,6.63155e-06,9.77962,1.47879,23.2159,0.997851,33.4764,0.42336,0.0018483,0.21168,0.0018483,0.21168,460.486,0,1.02816,0,0,10.8078,9.77962,1.028160,1,0,389.15,0,0,0,389.15,0
72.29,2.3336,0,0,7.83484,0.279446,5.22179,3.6288,61.308,0.220326,0,0,6.67069,0.178994,6.27137,0.66528,12.849,1,0.41478,5.22179,0,267.594,3.96894,268.432,0.84672,12.849,0.84672,3695.15,0,0.0036966,6.64235e-06,5.90838,1.47922,17.8869,0.971485,24.303,0.42336,0.0018483,0.21168,0.0018483,0.21168,460.486,0,1.02816,0,0,6.93654,5.90838,1.028160,1,0,299.006,0,0,0,299.006,0
72.29,2.33427,0,0,11.5434,0.294254,8.91486,3.6288,61.308,0.220685,0,0,7.02654,0.251394,6.55446,0.66528,12.849,1,0.414899,8.91486,0,270.336,4.90486,273.931,0.84672,12.849,0.84672,3695.15,0,0.0036966,6.65316e-06,7.40526,1.47964,22.6276,1.25168,30.2609,0.42336,0.0018483,0.21168,0.0018483,0.21168,460.486,0,1.02816,0,0,8.43342,7.40526,1.028160,1,0,310.747,0,0,0,310.747,0
72.29,2.42026,0,0,9.82549,0.317875,7.08736,3.6288,61.308,0.271284,0,0,14.2713,0.182864,13.8171,0.66528,12.849,1,0.430182,7.08736,0,232.57,4.2567,234.97,0.84672,12.849,0.84672,3695.15,0,0.0036966,8.17861e-06,9.36161,1.48007,21.0307,1.02535,30.847,0.42336,0.0018483,0.21168,0.0018483,0.21168,460.486,0,1.02816,0,0,10.3898,9.36161,1.028160,1,0,279.634,0,0,0,279.634,0
72.29,2.42095,0,0,9.19927,0.317875,6.46044,3.6288,61.308,0.271657,0,0,19.2238,0.182864,18.7693,0.66528,12.849,1,0.430305,6.46044,0,262.29,4.2567,264.063,0.84672,12.849,0.84672,3695.15,0,0.0036966,8.18985e-06,13.2523,1.53814,24.5791,1.02535,38.3441,0.42336,0.0018483,0.21168,0.0018483,0.21168,460.486,0,1.02816,0,0,14.2805,13.2523,1.028160,1,0,321.177,0,0,0,321.177,0
72.29,2.42164,0,0,7.8116,0.300019,5.08993,3.6288,61.308,0.27203,0,0,7.55887,0.192379,7.09446,0.66528,12.849,1,0.430429,5.08993,0,194.511,4.37304,194.798,0.84672,12.849,0.84672,3695.15,0,0.0036966,8.20109e-06,6.43738,1.53858,17.8936,1.04825,24.8213,0.42336,0.0018483,0.21168,0.0018483,0.21168,460.486,0,1.02816,0,0,7.46554,6.43738,1.028160,1,0,226.714,0,0,0,226.714,0
72.29,2.42234,0,0,8.88287,0.267541,6.19299,3.6288,61.308,0.272403,0,0,9.21758,0.195928,8.74925,0.66528,12.849,1,0.430552,6.19299,0,209.049,4.24011,210.571,0.84672,12.849,0.84672,3695.15,0,0.0036966,8.21234e-06,7.74619,1.53902,19.7592,1.11433,27.9301,0.42336,0.0018483,0.21168,0.0018483,0.21168,460.486,0,1.02816,0,0,8.77435,7.74619,1.028160,1,0,247.251,0,0,0,247.251,0
72.29,2.38964,0,0,7.07789,0.257852,4.4304,3.6288,61.308,0.25324,0,0,4.81435,0.194011,4.3671,0.66528,12.849,1,0.42474,4.4304,0,164.022,4.48775,163.54,0.84672,12.849,0.84672,3695.15,0,0.0036966,7.63464e-06,4.8019,1.53946,13.7507,1.11959,18.9725,0.42336,0.0018483,0.21168,0.0018483,0.21168,460.486,0,1.02816,0,0,5.83006,4.8019,1.028160,1,0,186.879,0,0,0,186.879,0
72.29,2.39032,0,0,7.11409,0.23283,4.49093,3.6288,61.308,0.253608,0,0,4.40144,0.189366,3.95847,0.66528,12.849,1,0.424862,4.49093,0,188.519,4.32841,188.256,0.84672,12.849,0.84672,3695.15,0,0.0036966,7.64572e-06,5.40843,1.51744,12.568,1.11343,18.3804,0.42336,0.0018483,0.21168,0.0018483,0.21168,460.486,0,1.02816,0,0,6.43659,5.40843,1.028160,1,0,210.595,0,0,0,210.595,0
72.29,2.39101,0,0,5.96765,0.23283,3.34381,3.6288,61.308,0.253976,0,0,4.32126,0.189366,3.87792,0.66528,12.849,1,0.424984,3.34381,0,145.595,4.32841,144.186,0.84672,12.849,0.84672,3695.15,0,0.0036966,7.6568e-06,5.32002,1.51788,11.003,1.11343,16.7274,0.42336,0.0018483,0.21168,0.0018483,0.21168,460.486,0,1.02816,0,0,6.34818,5.32002,1.028160,1,0,164.791,0,0,0,164.791,0
72.29,2.3917,0,0,5.34306,0.23283,2.71854,3.6288,61.308,0.254343,0,0,4.09868,0.189366,3.65497,0.66528,12.849,1,0.425106,2.71854,0,130.536,4.32841,128.501,0.84672,12.849,0.84672,3695.15,0,0.0036966,7.66789e-06,4.86163,1.51831,10.6629,1.11343,15.9294,0.42336,0.0018483,0.21168,0.0018483,0.21168,460.486,0,1.02816,0,0,5.88979,4.86163,1.028160,1,0,148.085,0,0,0,148.085,0
72.29,2.50587,0,0,5.30173,0.183003,2.61286,3.6288,61.308,0.324068,0,0,3.80906,0.222093,3.2629,0.66528,12.849,1,0.445399,2.61286,0,121.369,4.62122,118.915,0.84672,12.849,0.84672,3695.15,0,0.0036966,9.76994e-06,4.27492,1.51875,10.3726,1.19231,14.9739,0.42336,0.0018483,0.21168,0.0018483,0.21168,460.486,0,1.02816,0,0,5.30308,4.27492,1.028160,1,0,137.152,0,0,0,137.152,0
72.29,2.50659,0,0,5.45541,0.149851,2.79897,3.6288,61.308,0.324456,0,0,3.26474,0.252026,2.68825,0.66528,12.849,1,0.445527,2.79897,0,115.825,4.79325,113.385,0.84672,12.849,0.84672,3695.15,0,0.0036966,9.78163e-06,3.5006,1.59782,10.3121,1.09015,14.3204,0.42336,0.0018483,0.21168,0.0018483,0.21168,460.486,0,1.02816,0,0,4.52876,3.5006,1.028160,1,0,130.394,0,0,0,130.394,0
72.29,2.50731,0,0,5.09291,0.149851,2.43575,3.6288,61.308,0.324844,0,0,3.12304,0.252026,2.54617,0.66528,12.849,1,0.445655,2.43575,0,106.23,4.79325,103.427,0.84672,12.849,0.84672,3695.15,0,0.0036966,9.79332e-06,3.43412,1.59828,9.45397,1.09015,13.3962,0.42336,0.0018483,0.21168,0.0018483,0.21168,460.486,0,1.02816,0,0,4.46228,3.43412,1.028160,1,0,119.369,0,0,0,119.369,0
72.29,2.50803,0,0,4.87738,0.149851,2.2195,3.6288,61.308,0.325232,0,0,3.10002,0.252026,2.52277,0.66528,12.849,1,0.445782,2.2195,0,91.7197,4.79325,88.7001,0.84672,12.849,0.84672,3695.15,0,0.0036966,9.80501e-06,3.7467,1.59874,8.75552,1.09015,13.0108,0.42336,0.0018483,0.21168,0.0018483,0.21168,460.486,0,1.02816,0,0,4.77486,3.7467,1.028160,1,0,104.234,0,0,0,104.234,0
72.29,2.50874,0,0,4.61729,0.137156,1.97139,3.6288,61.308,0.32562,0,0,2.85446,0.26971,2.25913,0.66528,12.849,1,0.44591,1.97139,0,87.5474,4.81224,84.2606,0.84672,12.849,0.84672,3695.15,0,0.0036966,9.81671e-06,3.50155,1.59919,8.29526,1.14873,12.2473,0.42336,0.0018483,0.21168,0.0018483,0.21168,460.486,0,1.02816,0,0,4.52971,3.50155,1.028160,1,0,98.767,0,0,0,98.767,0
72.29,2.48699,0,0,4.58959,0.102751,1.99985,3.6288,61.308,0.364182,0,0,1.87349,0.263257,1.24605,0.66528,12.849,1,0.442043,1.99985,0,77.0939,5.2773,73.3744,0.84672,12.849,0.84672,3695.15,0,0.0036966,1.09793e-05,1.51032,1.59965,6.5804,1.21766,8.4727,0.42336,0.0018483,0.21168,0.0018483,0.21168,460.486,0,1.02816,0,0,2.53848,1.51032,1.028160,1,0,83.0931,0,0,0,83.0931,0
72.29,2.4877,0,0,4.34201,0.102751,1.75156,3.6288,61.308,0.364581,0,0,1.82926,0.263257,1.20142,0.66528,12.849,1,0.44217,1.75156,0,74.7757,5.2773,70.8078,0.84672,12.849,0.84672,3695.15,0,0.0036966,1.09913e-05,1.3418,1.62464,6.01068,1.21766,7.75946,0.42336,0.0018483,0.21168,0.0018483,0.21168,460.486,0,1.02816,0,0,2.36996,1.3418,1.028160,1,0,79.7687,0,0,0,79.7687,0
72.29,2.48841,0,0,4.13316,0.0931814,1.55157,3.6288,61.308,0.36498,0,0,1.76606,0.278802,1.12228,0.66528,12.849,1,0.442297,1.55157,0,71.7777,5.49447,67.3925,0.84672,12.849,0.84672,3695.15,0,0.0036966,1.10033e-05,1.31667,1.62511,5.79001,1.29116,7.44062,0.42336,0.0018483,0.21168,0.0018483,0.21168,460.486,0,1.02816,0,0,2.34483,1.31667,1.028160,1,0,75.9554,0,0,0,75.9554,0
72.29,2.48913,0,0,3.89953,0.0791128,1.3313,3.6288,61.308,0.36538,0,0,1.70378,0.29873,1.03967,0.66528,12.849,1,0.442423,1.3313,0,67.9925,6.05569,62.8257,0.84672,12.849,0.84672,3695.15,0,0.0036966,1.10154e-05,1.38421,1.62558,5.74298,1.42951,7.32325,0.42336,0.0018483,0.21168,0.0018483,0.21168,460.486,0,1.02816,0,0,2.41237,1.38421,1.028160,1,0,71.1886,0,0,0,71.1886,0
72.29,2.54795,0,0,3.25689,0.0774459,0.631498,3.6288,61.308,0.39984,0,0,1.24404,0.301685,0.542514,0.66528,12.849,1,0.452878,0.631498,0,57.6028,5.92856,51.8529,0.84672,12.849,0.84672,3695.15,0,0.0036966,1.20543e-05,0.893393,1.62604,4.99414,1.43281,6.08075,0.42336,0.0018483,0.21168,0.0018483,0.21168,460.486,0,1.02816,0,0,1.92155,0.893393,1.028160,1,0,58.4761,0,0,0,58.4761,0
72.29,2.54868,0,0,3.4287,0.0732393,0.806781,3.6288,61.308,0.400249,0,0,1.2626,0.309581,0.552768,0.66528,12.849,1,0.453008,0.806781,0,64.2648,5.82771,58.7908,0.84672,12.849,0.84672,3695.15,0,0.0036966,1.20666e-05,1.01288,1.66565,5.50515,1.4489,6.73477,0.42336,0.0018483,0.21168,0.0018483,0.21168,460.486,0,1.02816,0,0,2.04104,1.01288,1.028160,1,0,66.0784,0,0,0,66.0784,0
72.29,2.54941,0,0,3.12091,0.0732393,0.49826,3.6288,61.308,0.400658,0,0,1.0414,0.309581,0.331157,0.66528,12.849,1,0.453138,0.49826,0,51.7621,5.82771,45.9795,0.84672,12.849,0.84672,3695.15,0,0.0036966,1.2079e-05,1.05695,1.66613,5.11553,1.4489,6.38969,0.42336,0.0018483,0.21168,0.0018483,0.21168,460.486,0,1.02816,0,0,2.08511,1.05695,1.028160,1,0,52.7003,0,0,0,52.7003,0
72.1422,2.55014,0,0,2.83845,0.0732393,0.36288,3.6288,61.308,0.401067,0,0,0.969831,0.309581,0.259183,0.66528,12.849,1,0.453268,0.36288,0,48.2541,5.82771,42.336,0.84672,12.849,0.84672,3695.15,0,0.0036966,1.20913e-05,0.731963,1.6666,4.55895,1.4489,5.5086,0.42336,0.0018483,0.21168,0.0018483,0.21168,460.486,0,1.02816,0,0,1.76012,0.731963,1.028160,1,0,48.1037,0,0,0,48.1037,0
71.9831,2.72039,0,0,2.98393,0.0597543,0.36288,3.6288,61.308,0.52456,0,0,1.1156,0.319512,0.271525,0.66528,12.849,1,0.484519,0.36288,0,47.6142,6.02975,41.4628,0.84672,12.849,0.84672,3695.15,0,0.0036966,1.58143e-05,1.16007,1.66708,5.95004,1.50019,7.27699,0.42336,0.0018483,0.21168,0.0018483,0.21168,460.486,0,1.02816,0,0,2.18823,1.16007,1.028160,1,0,49.0113,0,0,0,49.0113,0
70.9742,2.72026,0,0,2.12201,0.0478139,0.36288,3.6288,61.3047,0.525004,0,0,0.864562,0.342837,0,0.66528,12.849,1,0.485567,0.36288,0,38.2079,6.1951,31.8901,0.84672,12.849,0.84672,3695.15,0,0.0036966,1.58277e-05,0.751127,1.80026,3.58188,1.59872,4.53453,0.42336,0.0018483,0.21168,0.0018483,0.21168,460.486,0,1.02816,0,0,1.77929,0.751127,1.028160,1,0,36.4246,0,0,0,36.4246,0
70.015,2.71519,0,0,2.16634,0.047447,0.36288,3.6288,61.2644,0.525449,0,0,0.82798,0.34283,0,0.66528,12.849,1,0.491552,0.36288,0,35.2505,6.1951,28.9267,0.84672,12.849,0.84672,3695.15,0,0.0036966,1.5842e-05,0.678707,1.80077,3.67209,1.59872,4.55283,0.42336,0.0018483,0.21168,0.0018483,0.21168,460.486,0,1.02816,0,0,1.70687,0.678707,1.028160,1,0,33.4796,0,0,0,33.4796,0
70.1181,2.71028,0,0,3.22842,0.0521007,0.36288,3.6288,61.308,0.525894,0,0,0.980243,0.34167,0.0691008,0.66528,12.849,1,0.497384,0.36288,0,45.3765,6.16542,39.0766,0.84672,12.849,0.84672,3695.15,0,0.0036966,1.58658e-05,1.02815,1.80129,4.02449,1.59508,5.25883,0.42336,0.0018483,0.21168,0.0018483,0.21168,460.486,0,1.02816,0,0,2.05631,1.02815,1.028160,1,0,44.4045,0,0,0,44.4045,0
71.5733,2.71167,0,0,4.60463,0.0749179,0.36288,3.6288,61.308,0.526339,0,0,1.26679,0.332525,0.407924,0.66528,12.849,1,0.496908,0.36288,0,66.5632,6.10188,60.3273,0.84672,12.849,0.84672,3695.15,0,0.0036966,1.58679e-05,1.12603,1.8018,4.4064,1.57169,5.76254,0.42336,0.0018483,0.21168,0.0018483,0.21168,460.486,0,1.02816,0,0,2.15419,1.12603,1.028160,1,0,66.4977,0,0,0,66.4977,0
70.9448,2.63799,0,0,2.41847,0.0460975,0.36288,3.6288,61.308,0.45197,0,0,1.12183,0.322681,0.347175,0.66528,12.849,1,0.473579,0.36288,0,49.1507,5.66779,43.3722,0.84672,12.849,0.84672,3695.15,0,0.0036966,1.36259e-05,0.992883,1.80232,4.55342,1.51481,5.83379,0.42336,0.0018483,0.21168,0.0018483,0.21168,460.486,0,1.02816,0,0,2.02104,0.992883,1.028160,1,0,49.5532,0,0,0,49.5532,0
70.3938,2.6352,0,0,2.54715,0.100128,0.36288,3.6288,61.308,0.452394,0,0,1.07131,0.281409,0.337506,0.66528,12.849,1,0.477267,0.36288,0,37.2173,5.2479,31.855,0.84672,12.849,0.84672,3695.15,0,0.0036966,1.36387e-05,0.88547,1.72668,3.40171,1.39505,4.6188,0.42336,0.0018483,0.21168,0.0018483,0.21168,460.486,0,1.02816,0,0,1.91363,0.88547,1.028160,1,0,36.8113,0,0,0,36.8113,0
71.2625,2.63279,0,0,3.96416,0.0997048,0.36288,3.6288,61.308,0.452817,0,0,1.77622,0.281409,1.04199,0.66528,12.849,1,0.480564,0.36288,0,60.4999,5.2479,55.1343,0.84672,12.849,0.84672,3695.15,0,0.0036966,1.36514e-05,2.26851,1.72717,6.0679,1.39505,8.66852,0.42336,0.0018483,0.21168,0.0018483,0.21168,460.486,0,1.02816,0,0,3.29667,2.26851,1.028160,1,0,64.8448,0,0,0,64.8448,0
71.8072,2.63851,0,0,3.64638,0.100372,0.36288,3.6288,61.308,0.453241,0,0,1.63363,0.281409,0.898975,0.66528,12.849,1,0.475737,0.36288,0,109.617,5.2479,104.257,0.84672,12.849,0.84672,3695.15,0,0.0036966,1.36642e-05,1.96674,1.72767,5.12881,1.39505,7.42815,0.42336,0.0018483,0.21168,0.0018483,0.21168,460.486,0,1.02816,0,0,2.9949,1.96674,1.028160,1,0,112.584,0,0,0,112.584,0
72.2749,2.57407,0,0,3.5993,0.194629,0.36288,3.6288,61.308,0.385488,0,0,1.36274,0.234098,0.743149,0.66528,12.849,1,0.460597,0.36288,0,76.8174,4.59477,72.1249,0.84672,12.849,0.84672,3695.15,0,0.0036966,1.16216e-05,1.13942,1.72816,3.97657,1.2827,5.56144,0.42336,0.0018483,0.21168,0.0018483,0.21168,460.486,0,1.02816,0,0,2.16758,1.13942,1.028160,1,0,78.4295,0,0,0,78.4295,0
72.2859,2.57734,0,0,3.1464,0.195198,0.36288,3.6288,61.308,0.385893,0,0,1.10577,0.210715,0.509165,0.66528,12.849,1,0.458198,0.36288,0,74.4664,3.81497,70.5561,0.84672,12.849,0.84672,3695.15,0,0.0036966,1.16338e-05,0.9619,1.6609,5.01098,1.09202,6.54175,0.42336,0.0018483,0.21168,0.0018483,0.21168,460.486,0,1.02816,0,0,1.99006,0.9619,1.028160,1,0,77.6071,0,0,0,77.6071,0
72.29,2.57813,0,0,3.15432,0.195214,0.376847,3.6288,61.308,0.386297,0,0,1.26735,0.210715,0.670337,0.66528,12.849,1,0.45827,0.376847,0,80.441,3.81497,76.5446,0.84672,12.849,0.84672,3695.15,0,0.0036966,1.1646e-05,0.97969,1.66138,5.64451,1.09202,7.19354,0.42336,0.0018483,0.21168,0.0018483,0.21168,460.486,0,1.02816,0,0,2.00785,0.97969,1.028160,1,0,84.4085,0,0,0,84.4085,0
72.29,2.57889,0,0,3.44549,0.19522,0.671381,3.6288,61.308,0.386702,0,0,1.93712,0.210715,1.33971,0.66528,12.849,1,0.458379,0.671381,0,75.6622,3.81497,72.0602,0.84672,12.849,0.84672,3695.15,0,0.0036966,1.16582e-05,1.63541,1.66185,6.69338,1.09202,8.89861,0.42336,0.0018483,0.21168,0.0018483,0.21168,460.486,0,1.02816,0,0,2.66357,1.63541,1.028160,1,0,82.2986,0,0,0,82.2986,0
72.29,2.38535,0,0,3.00086,0.219622,0.395886,3.6288,61.308,0.244951,0,0,1.99505,0.223174,1.52692,0.66528,12.849,1,0.423979,0.395886,0,79.752,3.4115,76.3124,0.84672,12.849,0.84672,3695.15,0,0.0036966,7.38472e-06,1.38224,1.66233,6.60745,0.987717,8.66429,0.42336,0.0018483,0.21168,0.0018483,0.21168,460.486,0,1.02816,0,0,2.4104,1.38224,1.028160,1,0,86.5037,0,0,0,86.5037,0
72.29,2.38604,0,0,3.32044,0.248255,0.686147,3.6288,61.308,0.245315,0,0,1.03168,0.177431,0.608931,0.66528,12.849,1,0.4241,0.686147,0,68.2619,3.97978,64.5441,0.84672,12.849,0.84672,3695.15,0,0.0036966,7.3957e-06,1.17545,1.51009,6.52076,1.00178,8.20451,0.42336,0.0018483,0.21168,0.0018483,0.21168,460.486,0,1.02816,0,0,2.20361,1.17545,1.028160,1,0,73.3576,0,0,0,73.3576,0
72.29,2.38672,0,0,3.25036,0.259465,0.604175,3.6288,61.308,0.245679,0,0,1.20525,0.146449,0.813126,0.66528,12.849,1,0.424221,0.604175,0,84.6971,3.84856,81.0284,0.84672,12.849,0.84672,3695.15,0,0.0036966,7.40668e-06,1.29921,1.51052,7.92445,0.975518,9.75866,0.42336,0.0018483,0.21168,0.0018483,0.21168,460.486,0,1.02816,0,0,2.32737,1.29921,1.028160,1,0,91.6002,0,0,0,91.6002,0
72.29,2.3874,0,0,5.89692,0.259465,3.25005,3.6288,61.308,0.246043,0,0,2.92096,0.146449,2.52847,0.66528,12.849,1,0.424343,3.25005,0,117.818,3.84856,116.796,0.84672,12.849,0.84672,3695.15,0,0.0036966,7.41766e-06,4.04355,1.51096,14.6139,0.975518,19.1929,0.42336,0.0018483,0.21168,0.0018483,0.21168,460.486,0,1.02816,0,0,5.07171,4.04355,1.028160,1,0,138.517,0,0,0,138.517,0
72.29,2.38808,0,0,3.81138,0.254759,1.16854,3.6288,61.308,0.246408,0,0,1.40979,0.186723,0.976658,0.66528,12.849,1,0.424464,1.16854,0,119.552,4.32553,115.97,0.84672,12.849,0.84672,3695.15,0,0.0036966,7.42864e-06,1.89189,1.51139,9.92179,1.09888,12.2262,0.42336,0.0018483,0.21168,0.0018483,0.21168,460.486,0,1.02816,0,0,2.92005,1.89189,1.028160,1,0,129.173,0,0,0,129.173,0
72.29,2.46358,0,0,5.0444,0.279279,2.30154,3.6288,61.308,0.287984,0,0,3.56574,0.2568,3.02095,0.66528,12.849,1,0.437883,2.30154,0,104.251,5.34081,100.774,0.84672,12.849,0.84672,3695.15,0,0.0036966,8.68209e-06,3.17771,1.51182,10.1426,1.31786,13.5143,0.42336,0.0018483,0.21168,0.0018483,0.21168,460.486,0,1.02816,0,0,4.20587,3.17771,1.028160,1,0,117.309,0,0,0,117.309,0
72.29,2.46426,0,0,3.86049,0.281873,1.11436,3.6288,61.308,0.288345,0,0,2.5166,0.245642,1.98261,0.66528,12.849,1,0.438003,1.11436,0,81.9253,5.09439,77.5073,0.84672,12.849,0.84672,3695.15,0,0.0036966,8.69296e-06,1.72136,1.56061,6.54158,1.20828,8.61525,0.42336,0.0018483,0.21168,0.0018483,0.21168,460.486,0,1.02816,0,0,2.74952,1.72136,1.028160,1,0,88.1052,0,0,0,88.1052,0
72.29,2.46493,0,0,3.34896,0.281873,0.602155,3.6288,61.308,0.288706,0,0,2.15144,0.245642,1.61709,0.66528,12.849,1,0.438123,0.602155,0,104.584,5.09439,99.6534,0.84672,12.849,0.84672,3695.15,0,0.0036966,8.70383e-06,1.34936,1.56103,7.89229,1.20828,9.5944,0.42336,0.0018483,0.21168,0.0018483,0.21168,460.486,0,1.02816,0,0,2.37752,1.34936,1.028160,1,0,110.865,0,0,0,110.865,0
71.8373,2.46561,0,0,2.66196,0.286147,0.36288,3.6288,61.308,0.289066,0,0,1.69004,0.240378,1.1606,0.66528,12.849,1,0.438243,0.36288,0,73.8426,4.80666,68.9606,0.84672,12.849,0.84672,3695.15,0,0.0036966,8.7147e-06,0.796643,1.56146,5.01727,1.13083,6.24454,0.42336,0.0018483,0.21168,0.0018483,0.21168,460.486,0,1.02816,0,0,1.8248,0.796643,1.028160,1,0,76.3657,0,0,0,76.3657,0
71.7957,2.70426,0,0,3.32431,0.298768,0.36288,3.6288,61.308,0.444343,0,0,2.13343,0.211607,1.47748,0.66528,12.849,1,0.483691,0.36288,0,95.129,4.1546,90.8536,0.84672,12.849,0.84672,3695.15,0,0.0036966,1.3396e-05,1.02901,1.56189,5.79752,0.99867,7.38973,0.42336,0.0018483,0.21168,0.0018483,0.21168,460.486,0,1.02816,0,0,2.05717,1.02901,1.028160,1,0,99.7208,0,0,0,99.7208,0
72.29,2.70477,0,0,5.78196,0.322029,2.26088,3.6288,61.308,0.444747,0,0,4.23698,0.25476,3.53747,0.66528,12.849,1,0.484062,2.26088,0,149.381,4.36197,146.796,0.84672,12.849,0.84672,3695.15,0,0.0036966,1.34081e-05,2.62514,1.7351,11.9979,1.04446,15.3137,0.42336,0.0018483,0.21168,0.0018483,0.21168,460.486,0,1.02816,0,0,3.6533,2.62514,1.028160,1,0,165.647,0,0,0,165.647,0
72.29,2.70832,0,0,6.55114,0.284734,3.55809,3.6288,61.308,0.44515,0,0,3.1742,0.255559,2.47349,0.66528,12.849,1,0.481383,3.55809,0,191.026,4.17762,189.925,0.84672,12.849,0.84672,3695.15,0,0.0036966,1.34203e-05,2.55914,1.73558,13.4211,1.10414,16.6117,0.42336,0.0018483,0.21168,0.0018483,0.21168,460.486,0,1.02816,0,0,3.5873,2.55914,1.028160,1,0,209.01,0,0,0,209.01,0
72.29,2.70906,0,0,7.71823,0.288173,4.721,3.6288,61.308,0.445553,0,0,3.12668,0.244345,2.43678,0.66528,12.849,1,0.481515,4.721,0,227.394,4.04397,227.59,0.84672,12.849,0.84672,3695.15,0,0.0036966,1.34324e-05,2.9484,1.73605,12.1926,1.05257,15.8245,0.42336,0.0018483,0.21168,0.0018483,0.21168,460.486,0,1.02816,0,0,3.97656,2.9484,1.028160,1,0,245.851,0,0,0,245.851,0
72.29,2.36632,0,0,6.71497,0.278314,4.07034,3.6288,61.308,0.237829,0,0,3.51438,0.247506,3.02905,0.66528,12.849,1,0.420595,4.07034,0,201.147,3.99108,200.806,0.84672,12.849,0.84672,3695.15,0,0.0036966,7.17002e-06,2.54022,1.73653,12.8701,1.04668,16.1002,0.42336,0.0018483,0.21168,0.0018483,0.21168,460.486,0,1.02816,0,0,3.56838,2.54022,1.028160,1,0,219.935,0,0,0,219.935,0
72.29,2.36697,0,0,5.42055,0.300941,2.75264,3.6288,61.308,0.238176,0,0,3.85755,0.248148,3.37123,0.66528,12.849,1,0.42071,2.75264,0,161.552,4.04208,159.841,0.84672,12.849,0.84672,3695.15,0,0.0036966,7.18046e-06,2.42713,1.50039,13.095,1.01589,16.0067,0.42336,0.0018483,0.21168,0.0018483,0.21168,460.486,0,1.02816,0,0,3.45529,2.42713,1.028160,1,0,179.219,0,0,0,179.219,0
72.29,2.36761,0,0,6.93717,0.300941,4.26861,3.6288,61.308,0.238522,0,0,5.86577,0.248148,5.37909,0.66528,12.849,1,0.420825,4.26861,0,169.604,4.04208,169.41,0.84672,12.849,0.84672,3695.15,0,0.0036966,7.19092e-06,3.76441,1.5008,19.3565,1.01589,23.6058,0.42336,0.0018483,0.21168,0.0018483,0.21168,460.486,0,1.02816,0,0,4.79257,3.76441,1.028160,1,0,198.395,0,0,0,198.395,0
72.29,2.36826,0,0,5.17324,0.300941,2.50404,3.6288,61.308,0.238869,0,0,3.9386,0.248148,3.45158,0.66528,12.849,1,0.42094,2.50404,0,146.83,4.04208,144.871,0.84672,12.849,0.84672,3695.15,0,0.0036966,7.20137e-06,2.48121,1.50121,13.1885,1.01589,16.155,0.42336,0.0018483,0.21168,0.0018483,0.21168,460.486,0,1.02816,0,0,3.50937,2.48121,1.028160,1,0,164.478,0,0,0,164.478,0
72.29,2.36891,0,0,5.30215,0.310059,2.62318,3.6288,61.308,0.239216,0,0,3.46717,0.224363,3.00359,0.66528,12.849,1,0.421056,2.62318,0,144.573,3.99658,142.779,0.84672,12.849,0.84672,3695.15,0,0.0036966,7.21182e-06,2.24984,1.50162,12.3727,0.961164,15.163,0.42336,0.0018483,0.21168,0.0018483,0.21168,460.486,0,1.02816,0,0,3.278,2.24984,1.028160,1,0,160.945,0,0,0,160.945,0
72.29,2.45614,0,0,5.69144,0.325485,2.90982,3.6288,61.308,0.290548,0,0,4.05339,0.180984,3.58185,0.66528,12.849,1,0.43656,2.90982,0,171.914,3.64396,170.743,0.84672,12.849,0.84672,3695.15,0,0.0036966,8.75937e-06,2.30837,1.50203,11.9904,0.881439,14.9194,0.42336,0.0018483,0.21168,0.0018483,0.21168,460.486,0,1.02816,0,0,3.33653,2.30837,1.028160,1,0,189.244,0,0,0,189.244,0
72.29,2.45681,0,0,8.41519,0.326029,5.63235,3.6288,61.308,0.290909,0,0,4.93648,0.17904,4.46653,0.66528,12.849,1,0.436679,5.63235,0,170.287,3.5953,171.887,0.84672,12.849,0.84672,3695.15,0,0.0036966,8.77025e-06,3.63209,1.56094,18.6737,0.880313,22.9864,0.42336,0.0018483,0.21168,0.0018483,0.21168,460.486,0,1.02816,0,0,4.66025,3.63209,1.028160,1,0,199.34,0,0,0,199.34,0
72.29,2.45748,0,0,7.10162,0.317101,4.32704,3.6288,61.308,0.29127,0,0,6.61015,0.183798,6.13509,0.66528,12.849,1,0.436798,4.32704,0,198.774,3.65347,199.011,0.84672,12.849,0.84672,3695.15,0,0.0036966,8.78113e-06,4.62251,1.56137,18.1,0.891764,23.3921,0.42336,0.0018483,0.21168,0.0018483,0.21168,460.486,0,1.02816,0,0,5.65067,4.62251,1.028160,1,0,228.538,0,0,0,228.538,0
72.29,2.45815,0,0,5.68663,0.249426,2.97905,3.6288,61.308,0.29163,0,0,3.86323,0.225752,3.34585,0.66528,12.849,1,0.436918,2.97905,0,197.974,3.97531,196.541,0.84672,12.849,0.84672,3695.15,0,0.0036966,8.79201e-06,2.53153,1.5618,12.0761,0.999334,15.1701,0.42336,0.0018483,0.21168,0.0018483,0.21168,460.486,0,1.02816,0,0,3.55969,2.53153,1.028160,1,0,215.057,0,0,0,215.057,0
72.29,2.42494,0,0,4.99131,0.216156,2.35022,3.6288,61.308,0.272168,0,0,2.92421,0.242335,2.4097,0.66528,12.849,1,0.431014,2.35022,0,129.11,4.25195,126.777,0.84672,12.849,0.84672,3695.15,0,0.0036966,8.20525e-06,2.57031,1.56222,11.1961,1.09387,14.2348,0.42336,0.0018483,0.21168,0.0018483,0.21168,460.486,0,1.02816,0,0,3.59847,2.57031,1.028160,1,0,143.422,0,0,0,143.422,0
72.29,2.4256,0,0,4.22554,0.217655,1.58228,3.6288,61.308,0.272523,0,0,2.34457,0.229633,1.84241,0.66528,12.849,1,0.431132,1.58228,0,115.439,4.51038,112.08,0.84672,12.849,0.84672,3695.15,0,0.0036966,8.21597e-06,2.30186,1.53986,9.03796,1.09189,11.7878,0.42336,0.0018483,0.21168,0.0018483,0.21168,460.486,0,1.02816,0,0,3.33002,2.30186,1.028160,1,0,125.71,0,0,0,125.71,0
72.29,2.42626,0,0,4.01675,0.217655,1.37284,3.6288,61.308,0.272879,0,0,2.14381,0.229633,1.6413,0.66528,12.849,1,0.43125,1.37284,0,103.961,4.51038,100.392,0.84672,12.849,0.84672,3695.15,0,0.0036966,8.22669e-06,1.71858,1.54028,8.15132,1.09189,10.3183,0.42336,0.0018483,0.21168,0.0018483,0.21168,460.486,0,1.02816,0,0,2.74674,1.71858,1.028160,1,0,112.352,0,0,0,112.352,0
72.29,2.42693,0,0,3.69518,0.217655,1.0506,3.6288,61.308,0.273235,0,0,2.00756,0.229633,1.5047,0.66528,12.849,1,0.431368,1.0506,0,95.4409,4.51038,91.5497,0.84672,12.849,0.84672,3695.15,0,0.0036966,8.23742e-06,1.58056,1.5407,6.98198,1.09189,9.01135,0.42336,0.0018483,0.21168,0.0018483,0.21168,460.486,0,1.02816,0,0,2.60872,1.58056,1.028160,1,0,102.066,0,0,0,102.066,0
72.29,2.54275,0,0,3.45334,0.191418,0.719174,3.6288,61.308,0.343968,0,0,1.82141,0.253951,1.22349,0.66528,12.849,1,0.451954,0.719174,0,87.0877,4.59951,82.7555,0.84672,12.849,0.84672,3695.15,0,0.0036966,1.03699e-05,1.40831,1.54112,6.81947,1.08071,8.68817,0.42336,0.0018483,0.21168,0.0018483,0.21168,460.486,0,1.02816,0,0,2.43647,1.40831,1.028160,1,0,92.6671,0,0,0,92.6671,0
72.1845,2.54344,0,0,3.00593,0.205071,0.36288,3.6288,61.308,0.344343,0,0,1.45352,0.252192,0.856981,0.66528,12.849,1,0.452078,0.36288,0,79.9049,4.85499,74.9607,0.84672,12.849,0.84672,3695.15,0,0.0036966,1.03812e-05,0.981772,1.62133,5.89849,1.00483,7.49675,0.42336,0.0018483,0.21168,0.0018483,0.21168,460.486,0,1.02816,0,0,2.00993,0.981772,1.028160,1,0,83.3144,0,0,0,83.3144,0
71.7166,2.54358,0,0,2.57502,0.136458,0.36288,3.6288,61.308,0.344719,0,0,1.36889,0.273246,0.750923,0.66528,12.849,1,0.452762,0.36288,0,51.7013,5.21301,46.3984,0.84672,12.849,0.84672,3695.15,0,0.0036966,1.03925e-05,0.751283,1.62178,5.32524,1.15696,6.54133,0.42336,0.0018483,0.21168,0.0018483,0.21168,460.486,0,1.02816,0,0,1.77944,0.751283,1.028160,1,0,53.6907,0,0,0,53.6907,0
71.1436,2.54177,0,0,2.45615,0.124605,0.36288,3.6288,61.308,0.345094,0,0,1.29177,0.276755,0.669918,0.66528,12.849,1,0.455391,0.36288,0,47.1915,5.27268,41.8263,0.84672,12.849,0.84672,3695.15,0,0.0036966,1.04038e-05,0.643568,1.62222,5.14803,1.18231,6.2315,0.42336,0.0018483,0.21168,0.0018483,0.21168,460.486,0,1.02816,0,0,1.67173,0.643568,1.028160,1,0,48.7277,0,0,0,48.7277,0
70.4904,2.53935,0,0,2.3731,0.124061,0.36288,3.6288,61.308,0.345469,0,0,1.31767,0.276755,0.695445,0.66528,12.849,1,0.458624,0.36288,0,44.9938,5.27268,39.6254,0.84672,12.849,0.84672,3695.15,0,0.0036966,1.04151e-05,0.82569,1.62266,4.92409,1.18231,6.19012,0.42336,0.0018483,0.21168,0.0018483,0.21168,460.486,0,1.02816,0,0,1.85385,0.82569,1.028160,1,0,46.511,0,0,0,46.511,0
69.9268,2.51373,0,0,2.42976,0.116673,0.36288,3.6288,61.308,0.384578,0,0,0.95764,0.288291,0.284771,0.66528,12.849,1,0.458204,0.36288,0,45.11,5.28537,39.7293,0.84672,12.849,0.84672,3695.15,0,0.0036966,1.15942e-05,0.481775,1.62311,4.38589,1.17563,5.31513,0.42336,0.0018483,0.21168,0.0018483,0.21168,460.486,0,1.02816,0,0,1.50994,0.481775,1.028160,1,0,45.3292,0,0,0,45.3292,0
69.2952,2.5113,0,0,2.35761,0.115044,0.36288,3.6288,61.308,0.384964,0,0,0.879284,0.290214,0.204106,0.66528,12.849,1,0.461449,0.36288,0,43.5635,5.28748,38.1774,0.84672,12.849,0.84672,3695.15,0,0.0036966,1.16058e-05,0.430324,1.64844,4.18406,1.17451,5.0883,0.42336,0.0018483,0.21168,0.0018483,0.21168,460.486,0,1.02816,0,0,1.45848,0.430324,1.028160,1,0,43.4698,0,0,0,43.4698,0
68.5712,2.50844,0,0,2.23484,0.0875303,0.36288,3.6288,61.308,0.38535,0,0,0.838054,0.33326,0.119443,0.66528,12.849,1,0.465124,0.36288,0,40.9364,6.05856,34.7756,0.84672,12.849,0.84672,3695.15,0,0.0036966,1.16175e-05,0.440856,1.64889,4.08446,1.40452,4.76967,0.42336,0.0018483,0.21168,0.0018483,0.21168,460.486,0,1.02816,0,0,1.46902,0.440856,1.028160,1,0,39.6647,0,0,0,39.6647,0
67.6597,2.50498,0,0,2.05102,0.0947023,0.36288,3.6288,61.308,0.385737,0,0,0.825924,0.318113,0.122073,0.66528,12.849,1,0.469389,0.36288,0,40.9467,6.0732,34.767,0.84672,12.849,0.84672,3695.15,0,0.0036966,1.16291e-05,0.421485,1.64934,3.93575,1.36821,4.63836,0.42336,0.0018483,0.21168,0.0018483,0.21168,460.486,0,1.02816,0,0,1.44965,0.421485,1.028160,1,0,39.5274,0,0,0,39.5274,0
66.7921,2.5587,0,0,2.13519,0.0811435,0.36288,3.6288,61.308,0.420681,0,0,0.809317,0.315368,0.0732684,0.66528,12.849,1,0.485914,0.36288,0,39.046,5.85378,33.0692,0.84672,12.849,0.84672,3695.15,0,0.0036966,1.26826e-05,0.336563,1.6498,3.58709,1.39675,4.17668,0.42336,0.0018483,0.21168,0.0018483,0.21168,460.486,0,1.02816,0,0,1.36472,0.336563,1.028160,1,0,37.3191,0,0,0,37.3191,0
66.1125,2.55411,0,0,2.30091,0.0635274,0.36288,3.6288,61.308,0.421077,0,0,0.831246,0.311708,0.0984614,0.66528,12.849,1,0.491342,0.36288,0,38.9499,5.56122,33.2602,0.84672,12.849,0.84672,3695.15,0,0.0036966,1.26945e-05,0.357454,1.68996,3.59916,1.4348,4.21175,0.42336,0.0018483,0.21168,0.0018483,0.21168,460.486,0,1.02816,0,0,1.38561,0.357454,1.028160,1,0,37.5704,0,0,0,37.5704,0
65.1724,2.55058,0,0,2.03658,0.0631856,0.36288,3.6288,61.308,0.421472,0,0,0.780201,0.311708,0.0470205,0.66528,12.849,1,0.495706,0.36288,0,36.7681,5.56122,31.0741,0.84672,12.849,0.84672,3695.15,0,0.0036966,1.27065e-05,0.286675,1.69042,3.60117,1.4348,4.14345,0.42336,0.0018483,0.21168,0.0018483,0.21168,460.486,0,1.02816,0,0,1.31484,0.286675,1.028160,1,0,35.2645,0,0,0,35.2645,0
64.0636,2.5453,0,0,1.86203,0.0627127,0.36288,3.6288,61.284,0.465983,0,0,0.75365,0.311708,0,0.66528,12.849,1,0.501815,0.36288,0,34.5294,5.56122,28.8293,0.84672,12.849,0.84672,3695.15,0,0.0036966,1.40484e-05,0.227405,1.69088,3.43117,1.4348,3.91464,0.42336,0.0018483,0.21168,0.0018483,0.21168,460.486,0,0.984044,0,0,1.21145,0.227405,1.028160,1,0,32.7439,0,0,0,32.7439,0
62.5435,2.70831,0,0,1.59784,0.0467774,0.36288,3.6288,61.1134,0.603123,0,0,0.750565,0.318022,0,0.66528,12.849,1,0.543195,0.36288,0,32.9363,5.82052,26.9354,0.84672,12.849,0.84672,3695.15,0,0.0036966,1.81899e-05,0.227405,1.69134,3.40937,1.45008,3.87803,0.42336,0.0018483,0.21168,0.0018483,0.21168,460.486,0,0.972173,0,0,1.19958,0.227405,1.028160,1,0,30.8135,0,0,0,30.8135,0
60.6503,2.69809,0,0,1.20892,0.0411059,0.36288,3.6288,60.6573,0.755336,0,0,0.593082,0.293848,0,0.66528,12.849,1,0.554299,0.36288,0,22.6961,4.94476,17.5599,0.84672,12.849,0.84672,3695.15,0,0.0036966,2.28442e-05,0.227405,1.82643,2.74063,1.4661,3.32835,0.42336,0.0018483,0.21168,0.0018483,0.21168,460.486,0,0.820385,0,0,1.04779,0.227405,1.028160,1,0,20.8882,0,0,0,20.8882,0
58.7966,2.68454,0,0,1.23418,0.0404683,0.36288,3.6288,60.1569,0.775421,0,0,0.567998,0.292999,0,0.66528,12.849,1,0.568731,0.36288,0,20.9394,4.94476,15.7888,0.84672,12.849,0.84672,3695.15,0,0.0036966,2.3628e-05,0.204422,1.82693,2.80963,1.4661,3.37486,0.42336,0.0018483,0.21168,0.0018483,0.21168,460.486,0,0.800729,0,0,1.00515,0.204422,1.028160,1,0,19.1636,0,0,0,19.1636,0
57.5581,2.67056,0,0,1.83924,0.0443323,0.36288,3.6288,59.9682,0.570087,0,0,0.67246,0.291004,0,0.66528,12.849,1,0.583605,0.36288,0,26.9546,4.91508,21.8187,0.84672,12.849,0.84672,3695.15,0,0.0036966,1.75157e-05,0.204422,1.82743,3.07929,1.46246,3.64866,0.42336,0.0018483,0.21168,0.0018483,0.21168,460.486,0,1.0065,0,0,1.21092,0.204422,1.028160,1,0,25.4674,0,0,0,25.4674,0
57.0932,2.66101,0,0,2.62329,0.0643009,0.36288,3.6288,60.0069,0.548858,0,0,0.869011,0.281493,0,0.66528,12.849,1,0.594033,0.36288,0,39.5395,4.85154,34.4568,0.84672,12.849,0.84672,3695.15,0,0.0036966,1.69165e-05,0.240408,1.82793,3.37151,1.43907,4.00076,0.42336,0.0018483,0.21168,0.0018483,0.21168,460.486,0,1.02816,0,0,1.26857,0.240408,1.028160,1,0,38.4576,0,0,0,38.4576,0
55.7406,2.5767,0,0,1.68212,0.0951086,0.36288,3.6288,59.4971,0.857575,0,0,0.605956,0.258195,0,0.66528,12.849,1,0.579894,0.36288,0,34.7186,4.90807,29.5935,0.84672,12.849,0.84672,3695.15,0,0.0036966,2.64146e-05,0.204422,1.82843,3.48869,1.38239,4.13912,0.42336,0.0018483,0.21168,0.0018483,0.21168,460.486,0,0.643965,0,0,0.848388,0.204422,1.028160,1,0,33.7327,0,0,0,33.7327,0
54.139,2.56596,0,0,1.43682,0.109543,0.36288,3.6288,59.5386,0.511255,0,0,0.80225,0.249517,0,0.66528,12.849,1,0.591491,0.36288,0,24.6177,4.86958,19.5195,0.84672,12.849,0.84672,3695.15,0,0.0036966,1.58823e-05,0.216518,1.75167,4.34513,1.36055,4.95275,0.42336,0.0018483,0.21168,0.0018483,0.21168,460.486,0,0.990706,0,0,1.20722,0.216518,1.028160,1,0,24.4723,0,0,0,24.4723,0
52.3836,2.55252,0,0,1.26779,0.107794,0.36288,3.6288,58.7936,0.960957,0,0,0.465597,0.249583,0,0.66528,12.849,1,0.605797,0.36288,0,25.2159,4.86958,20.1034,0.84672,12.849,0.84672,3695.15,0,0.0036966,2.98317e-05,0.216518,1.75215,3.33745,1.36055,3.94554,0.42336,0.0018483,0.21168,0.0018483,0.21168,460.486,0,0.5414,0,0,0.757918,0.216518,1.028160,1,0,24.049,0,0,0,24.049,0
50.4256,2.5369,0,0,1.04763,0.105876,0.36288,3.6288,57.91,1.04535,0,0,0.410181,0.248394,0,0.66528,12.849,1,0.622268,0.36288,0,23.2817,4.86958,18.1527,0.84672,12.849,0.84672,3695.15,0,0.0036966,3.28629e-05,0.216518,1.75263,3.09074,1.36055,3.69931,0.42336,0.0018483,0.21168,0.0018483,0.21168,460.486,0,0.45741,0,0,0.673929,0.216518,1.028160,1,0,21.852,0,0,0,21.852,0
49.0418,2.45328,0,0,1.6091,0.176768,0.36288,3.6288,57.2741,0.938741,0,0,0.501857,0.199089,0,0.66528,12.849,1,0.625122,0.36288,0,27.0635,4.09097,22.7103,0.84672,12.849,0.84672,3695.15,0,0.0036966,2.99615e-05,0.216518,1.75311,3.40427,1.09389,4.27998,0.42336,0.0018483,0.21168,0.0018483,0.21168,460.486,0,0.495273,0,0,0.711792,0.216518,1.028160,1,0,26.9903,0,0,0,26.9903,0
46.8474,2.43996,0,0,0.795355,0.186876,0.36288,3.6288,56.0989,1.22443,0,0,0.28338,0.234158,0,0.66528,12.849,1,0.639274,0.36288,0,12.1245,4.32453,7.52359,0.84672,12.849,0.84672,3695.15,0,0.0036966,3.95139e-05,0.216518,1.68485,2.33852,1.10868,3.13117,0.42336,0.0018483,0.21168,0.0018483,0.21168,460.486,0,0.209962,0,0,0.42648,0.216518,1.028160,1,0,10.6548,0,0,0,10.6548,0
44.9342,2.41712,0,0,1.04927,0.182452,0.36288,3.6288,55.8712,0.640106,0,0,0.644829,0.232373,0,0.66528,12.849,1,0.662953,0.36288,0,16.2218,4.32453,11.5972,0.84672,12.849,0.84672,3695.15,0,0.0036966,2.10897e-05,0.292723,1.68531,4.15669,1.10868,5.02602,0.42336,0.0018483,0.21168,0.0018483,0.21168,460.486,0,0.794699,0,0,1.08742,0.292723,1.028160,1,0,16.6232,0,0,0,16.6232,0
44.8363,2.39582,0,0,2.83942,0.178594,0.36288,3.6288,56.731,0.407045,0,0,1.49882,0.232027,0,0.66528,12.849,1,0.685089,0.36288,0,48.4514,4.32453,43.8047,0.84672,12.849,0.84672,3695.15,0,0.0036966,1.34656e-05,0.936481,1.68577,7.24482,1.10868,8.75838,0.42336,0.0018483,0.21168,0.0018483,0.21168,460.486,0,1.02816,0,0,1.96464,0.936481,1.028160,1,0,52.563,0,0,0,52.563,0
43.723,2.21492,0,0,1.6796,0.215157,0.36288,3.6288,56.6715,0.7031,0,0,0.845346,0.201705,0,0.66528,12.849,1,0.634742,0.36288,0,27.6307,3.80877,23.5501,0.84672,12.849,0.84672,3695.15,0,0.0036966,2.29071e-05,0.292723,1.68623,4.29452,0.90231,5.37114,0.42336,0.0018483,0.21168,0.0018483,0.21168,460.486,0,0.588285,0,0,0.881008,0.292723,1.028160,1,0,28.9212,0,0,0,28.9212,0
43.0751,2.20303,0,0,2.12711,0.20914,0.36288,3.6288,57.1252,0.263591,0,0,0.936611,0.219322,0,0.66528,12.849,1,0.64741,0.36288,0,52.1905,4.10934,47.7967,0.84672,12.849,0.84672,3695.15,0,0.0036966,8.59683e-06,0.362128,1.53178,5.28732,1.01044,6.17079,0.42336,0.0018483,0.21168,0.0018483,0.21168,460.486,0,1.02816,0,0,1.39029,0.362128,1.028160,1,0,53.9674,0,0,0,53.9674,0
41.6445,2.19612,0,0,1.35198,0.223477,0.36288,3.6288,57.2695,0.448012,0,0,0.819072,0.226726,0,0.66528,12.849,1,0.655089,0.36288,0,44.5784,3.92511,40.3611,0.84672,12.849,0.84672,3695.15,0,0.0036966,1.44956e-05,0.412474,1.5322,4.69298,0.946799,5.69084,0.42336,0.0018483,0.21168,0.0018483,0.21168,460.486,0,0.844085,0,0,1.25656,0.412474,1.028160,1,0,46.052,0,0,0,46.052,0
41.0022,2.17952,0,0,2.11986,0.21979,0.36288,3.6288,57.5803,0.35687,0,0,0.894594,0.226938,0,0.66528,12.849,1,0.672468,0.36288,0,50.5218,3.92511,46.2871,0.84672,12.849,0.84672,3695.15,0,0.0036966,1.15175e-05,0.412474,1.53262,4.68464,0.946799,5.68293,0.42336,0.0018483,0.21168,0.0018483,0.21168,460.486,0,0.935582,0,0,1.34806,0.412474,1.028160,1,0,51.97,0,0,0,51.97,0
42.6983,2.17209,0,0,4.44698,0.21596,0.36288,3.6288,58.384,0.264648,0,0,1.29692,0.228569,0,0.66528,12.849,1,0.680675,0.36288,0,44.8465,3.98967,40.5391,0.84672,12.849,0.84672,3695.15,0,0.0036966,8.49507e-06,0.71166,1.53304,6.66639,1.00179,7.90929,0.42336,0.0018483,0.21168,0.0018483,0.21168,460.486,0,1.02816,0,0,1.73982,0.71166,1.028160,1,0,48.4484,0,0,0,48.4484,0
47.8322,2.26217,0,0,7.96903,0.210085,0.36288,3.6288,60.1671,0.306803,0,0,2.32651,0.236601,0,0.66528,12.849,1,0.680746,0.36288,0,100.284,4.83303,95.1332,0.84672,12.849,0.84672,3695.15,0,0.0036966,9.71266e-06,2.16541,1.53346,11.3805,1.27642,13.803,0.42336,0.0018483,0.21168,0.0018483,0.21168,460.486,0,1.02816,0,0,3.19357,2.16541,1.028160,1,0,108.936,0,0,0,108.936,0
49.2704,2.32038,0,0,4.34657,0.225047,0.36288,3.6288,61.308,0.307153,0,0,1.92436,0.239143,0.237196,0.66528,12.849,1,0.623316,0.36288,0,143.958,5.17503,138.522,0.84672,12.849,0.84672,3695.15,0,0.0036966,9.43555e-06,2.379,1.58292,7.89407,1.23494,10.621,0.42336,0.0018483,0.21168,0.0018483,0.21168,460.486,0,1.02816,0,0,3.40716,2.379,1.028160,1,0,149.381,0,0,0,149.381,0
54.3963,2.33542,0,0,8.05275,0.228585,0.36288,3.6288,61.308,0.307502,0,0,1.15367,0.24088,0.605291,0.66528,12.849,1,0.609044,0.36288,0,100.276,5.17503,94.8546,0.84672,12.849,0.84672,3695.15,0,0.0036966,9.2705e-06,1.41323,1.58334,6.18756,1.23494,7.94918,0.42336,0.0018483,0.21168,0.0018483,0.21168,460.486,0,1.02816,0,0,2.44139,1.41323,1.028160,1,0,103.409,0,0,0,103.409,0
58.6154,2.38248,0,0,7.19816,0.233676,0.36288,3.6288,61.308,0.307851,0,0,1.62358,0.252658,1.06307,0.66528,12.849,1,0.562767,0.36288,0,155.721,5.41011,150.111,0.84672,12.849,0.84672,3695.15,0,0.0036966,9.28103e-06,1.84731,1.58375,9.35755,1.34974,11.4389,0.42336,0.0018483,0.21168,0.0018483,0.21168,460.486,0,1.02816,0,0,2.87547,1.84731,1.028160,1,0,162.613,0,0,0,162.613,0
61.6834,2.65202,0,0,6.30983,0.226902,0.36288,3.6288,61.308,0.465324,0,0,1.93985,0.252401,1.22213,0.66528,12.849,1,0.581346,0.36288,0,140.929,4.94801,135.762,0.84672,12.849,0.84672,3695.15,0,0.0036966,1.40285e-05,3.06197,1.58416,10.5947,1.32551,13.9153,0.42336,0.0018483,0.21168,0.0018483,0.21168,460.486,0,1.02816,0,0,4.09013,3.06197,1.028160,1,0,150.9,0,0,0,150.9,0
65.5552,2.67665,0,0,7.20827,0.296995,0.36288,3.6288,61.308,0.465715,0,0,2.86891,0.224078,2.17912,0.66528,12.849,1,0.557562,0.36288,0,150.341,4.28095,145.866,0.84672,12.849,0.84672,3695.15,0,0.0036966,1.40403e-05,4.24243,1.75983,13.9541,1.07836,18.878,0.42336,0.0018483,0.21168,0.0018483,0.21168,460.486,0,1.02816,0,0,5.27059,4.24243,1.028160,1,0,166.923,0,0,0,166.923,0
70.5143,2.7049,0,0,8.33337,0.306484,0.36288,3.6288,61.308,0.466105,0,0,2.49563,0.224078,1.80545,0.66528,12.849,1,0.530168,0.36288,0,120.806,4.28095,116.358,0.84672,12.849,0.84672,3695.15,0,0.0036966,1.4052e-05,3.50389,1.76029,10.3698,1.07836,14.5556,0.42336,0.0018483,0.21168,0.0018483,0.21168,460.486,0,1.02816,0,0,4.53205,3.50389,1.028160,1,0,132.719,0,0,0,132.719,0
72.29,2.73716,0,0,5.46237,0.329639,0.61985,3.6288,61.308,0.466496,0,0,2.24167,0.197764,1.57741,0.66528,12.849,1,0.49876,0.61985,0,136.092,3.93133,132.282,0.84672,12.849,0.84672,3695.15,0,0.0036966,1.40638e-05,3.00357,1.76075,8.70316,1.00393,12.4635,0.42336,0.0018483,0.21168,0.0018483,0.21168,460.486,0,1.02816,0,0,4.03173,3.00357,1.028160,1,0,146.323,0,0,0,146.323,0
72.29,2.39992,0,0,8.89488,0.345766,6.1492,3.6288,61.308,0.255804,0,0,2.90257,0.176824,2.46995,0.66528,12.849,1,0.426567,6.1492,0,177.619,3.60171,179.739,0.84672,12.849,0.84672,3695.15,0,0.0036966,7.71191e-06,4.44772,1.76121,12.8259,0.922431,18.1124,0.42336,0.0018483,0.21168,0.0018483,0.21168,460.486,0,1.02816,0,0,5.47588,4.44772,1.028160,1,0,200.322,0,0,0,200.322,0
72.29,2.40054,0,0,6.41645,0.365327,3.65058,3.6288,61.308,0.256139,0,0,2.8446,0.169603,2.41886,0.66528,12.849,1,0.426678,3.65058,0,108.472,3.19725,108.498,0.84672,12.849,0.84672,3695.15,0,0.0036966,7.72202e-06,4.92483,1.52169,16.194,0.768399,21.8721,0.42336,0.0018483,0.21168,0.0018483,0.21168,460.486,0,1.02816,0,0,5.95299,4.92483,1.028160,1,0,132.789,0,0,0,132.789,0
72.29,2.40117,0,0,5.19436,0.365327,2.42786,3.6288,61.308,0.256475,0,0,2.01045,0.169603,1.58437,0.66528,12.849,1,0.42679,2.42786,0,108.749,3.19725,107.553,0.84672,12.849,0.84672,3695.15,0,0.0036966,7.73214e-06,2.78338,1.52209,11.1108,0.768399,14.6478,0.42336,0.0018483,0.21168,0.0018483,0.21168,460.486,0,1.02816,0,0,3.81154,2.78338,1.028160,1,0,123.785,0,0,0,123.785,0
72.29,2.4018,0,0,3.61303,0.365327,0.845909,3.6288,61.308,0.25681,0,0,1.43632,0.169603,1.00991,0.66528,12.849,1,0.426901,0.845909,0,100.838,3.19725,98.0601,0.84672,12.849,0.84672,3695.15,0,0.0036966,7.74226e-06,2.34868,1.52249,10.6815,0.768399,13.7842,0.42336,0.0018483,0.21168,0.0018483,0.21168,460.486,0,1.02816,0,0,3.37684,2.34868,1.028160,1,0,112.854,0,0,0,112.854,0
72.29,2.40242,0,0,4.01587,0.297357,1.31609,3.6288,61.308,0.257146,0,0,1.27221,0.133505,0.881555,0.66528,12.849,1,0.427013,1.31609,0,91.6281,2.67408,89.8431,0.84672,12.849,0.84672,3695.15,0,0.0036966,7.75238e-06,2.0368,1.52288,10.0951,0.693247,12.9615,0.42336,0.0018483,0.21168,0.0018483,0.21168,460.486,0,1.02816,0,0,3.06496,2.0368,1.028160,1,0,103.686,0,0,0,103.686,0
72.29,2.49085,0,0,5.7201,0.30228,2.92697,3.6288,61.308,0.309188,0,0,1.84295,0.179702,1.35406,0.66528,12.849,1,0.442731,2.92697,0,109.311,3.32961,108.465,0.84672,12.849,0.84672,3695.15,0,0.0036966,9.32133e-06,2.90193,1.52328,11.6277,0.812011,15.2409,0.42336,0.0018483,0.21168,0.0018483,0.21168,460.486,0,1.02816,0,0,3.93009,2.90193,1.028160,1,0,125.06,0,0,0,125.06,0
72.29,2.49151,0,0,4.67775,0.30878,1.87746,3.6288,61.308,0.309537,0,0,1.6308,0.200587,1.12068,0.66528,12.849,1,0.442846,1.87746,0,97.1248,3.6267,94.9327,0.84672,12.849,0.84672,3695.15,0,0.0036966,9.33186e-06,2.70013,1.58301,8.76122,0.864527,12.1798,0.42336,0.0018483,0.21168,0.0018483,0.21168,460.486,0,1.02816,0,0,3.72829,2.70013,1.028160,1,0,108.233,0,0,0,108.233,0
72.29,2.49216,0,0,4.36738,0.30878,1.56645,3.6288,61.308,0.309887,0,0,1.79362,0.200587,1.28315,0.66528,12.849,1,0.442962,1.56645,0,73.0063,3.6267,70.5031,0.84672,12.849,0.84672,3695.15,0,0.0036966,9.34239e-06,2.65642,1.58342,7.78533,0.864527,11.1606,0.42336,0.0018483,0.21168,0.0018483,0.21168,460.486,0,1.02816,0,0,3.68458,2.65642,1.028160,1,0,82.9468,0,0,0,82.9468,0
72.29,2.49281,0,0,4.06454,0.306606,1.26513,3.6288,61.308,0.310236,0,0,2.30669,0.194969,1.80148,0.66528,12.849,1,0.443078,1.26513,0,67.8257,3.40994,65.2378,0.84672,12.849,0.84672,3695.15,0,0.0036966,9.35293e-06,3.51237,1.58383,11.7084,0.821474,15.9831,0.42336,0.0018483,0.21168,0.0018483,0.21168,460.486,0,1.02816,0,0,4.54053,3.51237,1.028160,1,0,83.0225,0,0,0,83.0225,0
72.29,2.45909,0,0,3.73632,0.261388,1.01585,3.6288,61.308,0.290482,0,0,1.75432,0.20974,1.2541,0.66528,12.849,1,0.437085,1.01585,0,62.8226,3.83988,59.5614,0.84672,12.849,0.84672,3695.15,0,0.0036966,8.7574e-06,2.9469,1.58425,7.71961,0.886648,11.3641,0.42336,0.0018483,0.21168,0.0018483,0.21168,460.486,0,1.02816,0,0,3.97506,2.9469,1.028160,1,0,72.1796,0,0,0,72.1796,0
72.29,2.45973,0,0,3.49783,0.233419,0.804674,3.6288,61.308,0.290827,0,0,1.40307,0.211974,0.900266,0.66528,12.849,1,0.437199,0.804674,0,56.5284,4.12566,52.7702,0.84672,12.849,0.84672,3695.15,0,0.0036966,8.76778e-06,2.75005,1.56155,6.86057,0.922155,10.25,0.42336,0.0018483,0.21168,0.0018483,0.21168,460.486,0,1.02816,0,0,3.77821,2.75005,1.028160,1,0,63.9205,0,0,0,63.9205,0
72.29,2.46038,0,0,3.11994,0.233419,0.426144,3.6288,61.308,0.291171,0,0,1.19135,0.211974,0.688207,0.66528,12.849,1,0.437313,0.426144,0,53.915,4.12566,49.7782,0.84672,12.849,0.84672,3695.15,0,0.0036966,8.77816e-06,1.78434,1.56195,6.45084,0.922155,8.87497,0.42336,0.0018483,0.21168,0.0018483,0.21168,460.486,0,1.02816,0,0,2.8125,1.78434,1.028160,1,0,59.3413,0,0,0,59.3413,0
72.29,2.46102,0,0,3.79976,0.220298,1.11844,3.6288,61.308,0.291515,0,0,1.3455,0.218032,0.835951,0.66528,12.849,1,0.437427,1.11844,0,60.6904,4.20447,57.1669,0.84672,12.849,0.84672,3695.15,0,0.0036966,8.78854e-06,1.74175,1.56236,7.44012,0.939265,9.80496,0.42336,0.0018483,0.21168,0.0018483,0.21168,460.486,0,1.02816,0,0,2.76991,1.74175,1.028160,1,0,67.8078,0,0,0,67.8078,0
72.2336,2.57843,0,0,3.02645,0.141573,0.36288,3.6288,61.308,0.363225,0,0,1.08818,0.254383,0.470574,0.66528,12.849,1,0.458297,0.36288,0,50.3122,4.67733,45.5394,0.84672,12.849,0.84672,3695.15,0,0.0036966,1.09504e-05,2.26524,1.56277,6.12092,1.04192,8.907,0.42336,0.0018483,0.21168,0.0018483,0.21168,460.486,0,1.02816,0,0,3.2934,2.26524,1.028160,1,0,54.917,0,0,0,54.917,0
71.8276,2.5788,0,0,2.69412,0.158439,0.36288,3.6288,61.308,0.363589,0,0,1.02,0.223248,0.433167,0.66528,12.849,1,0.458721,0.36288,0,42.9166,4.76879,38.052,0.84672,12.849,0.84672,3695.15,0,0.0036966,1.09614e-05,1.57549,1.64409,5.23225,0.969893,7.48192,0.42336,0.0018483,0.21168,0.0018483,0.21168,460.486,0,1.02816,0,0,2.60365,1.57549,1.028160,1,0,45.9671,0,0,0,45.9671,0
71.1974,2.57728,0,0,2.4679,0.157951,0.36288,3.6288,61.308,0.363952,0,0,0.933016,0.223248,0.345816,0.66528,12.849,1,0.461041,0.36288,0,38.5086,4.76879,33.6416,0.84672,12.849,0.84672,3695.15,0,0.0036966,1.09723e-05,1.31916,1.64452,4.99772,0.969893,6.99149,0.42336,0.0018483,0.21168,0.0018483,0.21168,460.486,0,1.02816,0,0,2.34732,1.31916,1.028160,1,0,40.9789,0,0,0,40.9789,0
70.4382,2.57449,0,0,2.29256,0.114362,0.36288,3.6288,61.308,0.364315,0,0,0.893203,0.251578,0.27731,0.66528,12.849,1,0.464619,0.36288,0,34.0715,5.09008,28.8797,0.84672,12.849,0.84672,3695.15,0,0.0036966,1.09833e-05,1.23801,1.64495,4.77198,1.05199,6.60294,0.42336,0.0018483,0.21168,0.0018483,0.21168,460.486,0,1.02816,0,0,2.26617,1.23801,1.028160,1,0,35.7599,0,0,0,35.7599,0
69.556,2.57093,0,0,2.15821,0.106601,0.36288,3.6288,61.308,0.364678,0,0,0.853088,0.2563,0.232109,0.66528,12.849,1,0.468976,0.36288,0,33.5718,5.14364,28.3221,0.84672,12.849,0.84672,3695.15,0,0.0036966,1.09942e-05,1.08067,1.64538,4.83359,1.06567,6.49396,0.42336,0.0018483,0.21168,0.0018483,0.21168,460.486,0,1.02816,0,0,2.10883,1.08067,1.028160,1,0,35.0482,0,0,0,35.0482,0
68.6667,2.54359,0,0,2.12445,0.107278,0.36288,3.6288,61.308,0.404317,0,0,1.06767,0.271029,0.392325,0.66528,12.849,1,0.469874,0.36288,0,37.9538,5.11889,32.7279,0.84672,12.849,0.84672,3695.15,0,0.0036966,1.21893e-05,1.37468,1.64581,4.8379,1.18267,6.67569,0.42336,0.0018483,0.21168,0.0018483,0.21168,460.486,0,1.02816,0,0,2.40284,1.37468,1.028160,1,0,39.7959,0,0,0,39.7959,0
67.7135,2.53912,0,0,2.05594,0.107096,0.36288,3.6288,61.308,0.40469,0,0,1.12628,0.276921,0.444673,0.66528,12.849,1,0.475124,0.36288,0,39.9588,5.10899,34.7376,0.84672,12.849,0.84672,3695.15,0,0.0036966,1.22005e-05,1.38011,1.67148,4.89466,1.22948,6.71676,0.42336,0.0018483,0.21168,0.0018483,0.21168,460.486,0,1.02816,0,0,2.40827,1.38011,1.028160,1,0,41.899,0,0,0,41.899,0
66.5996,2.53416,0,0,1.88935,0.106299,0.36288,3.6288,61.308,0.405064,0,0,1.09391,0.276921,0.411926,0.66528,12.849,1,0.48087,0.36288,0,39.3276,5.10899,34.1007,0.84672,12.849,0.84672,3695.15,0,0.0036966,1.22118e-05,1.38112,1.67191,4.93566,1.22948,6.7592,0.42336,0.0018483,0.21168,0.0018483,0.21168,460.486,0,1.02816,0,0,2.40928,1.38112,1.028160,1,0,41.2718,0,0,0,41.2718,0
65.323,2.52808,0,0,1.71977,0.105369,0.36288,3.6288,61.308,0.405438,0,0,1.02313,0.276921,0.340773,0.66528,12.849,1,0.48774,0.36288,0,37.7545,5.10899,32.5206,0.84672,12.849,0.84672,3695.15,0,0.0036966,1.22231e-05,1.05932,1.67235,4.63661,1.22948,6.1388,0.42336,0.0018483,0.21168,0.0018483,0.21168,460.486,0,1.02816,0,0,2.08748,1.05932,1.028160,1,0,39.0002,0,0,0,39.0002,0
63.7878,2.5796,0,0,1.50511,0.0978481,0.36288,3.6288,61.308,0.440851,0,0,0.892521,0.294891,0.156779,0.66528,12.849,1,0.507406,0.36288,0,31.7259,5.29485,26.2865,0.84672,12.849,0.84672,3695.15,0,0.0036966,1.32907e-05,0.845873,1.67278,4.20387,1.32282,5.3997,0.42336,0.0018483,0.21168,0.0018483,0.21168,460.486,0,1.02816,0,0,1.87403,0.845873,1.028160,1,0,31.843,0,0,0,31.843,0
62.1842,2.5701,0,0,1.40866,0.0792949,0.36288,3.6288,61.308,0.441234,0,0,0.878714,0.316973,0.120507,0.66528,12.849,1,0.517705,0.36288,0,33.3608,5.39837,27.8076,0.84672,12.849,0.84672,3695.15,0,0.0036966,1.33022e-05,0.687044,1.71349,3.9163,1.45455,4.86226,0.42336,0.0018483,0.21168,0.0018483,0.21168,460.486,0,1.02816,0,0,1.7152,0.687044,1.028160,1,0,32.7903,0,0,0,32.7903,0
60.5183,2.5597,0,0,1.33503,0.0782635,0.36288,3.6288,61.308,0.441617,0,0,0.786128,0.316973,0.0275376,0.66528,12.849,1,0.528907,0.36288,0,29.477,5.39837,23.9126,0.84672,12.849,0.84672,3695.15,0,0.0036966,1.33138e-05,0.854228,1.71393,4.09045,1.45455,5.20405,0.42336,0.0018483,0.21168,0.0018483,0.21168,460.486,0,1.02816,0,0,1.88239,0.854228,1.028160,1,0,29.1442,0,0,0,29.1442,0
58.7779,2.54836,0,0,1.24803,0.0771921,0.36288,3.6288,61.2764,0.442001,0,0,0.72735,0.316973,0,0.66528,12.849,1,0.541057,0.36288,0,28.0282,5.39837,22.4516,0.84672,12.849,0.84672,3695.15,0,0.0036966,1.33253e-05,0.692237,1.71438,3.58922,1.45455,4.54127,0.42336,0.0018483,0.21168,0.0018483,0.21168,460.486,0,1.02816,0,0,1.7204,0.692237,1.028160,1,0,26.9929,0,0,0,26.9929,0
56.8652,2.70523,0,0,1.23127,0.0759324,0.36288,3.6288,61.1774,0.568989,0,0,0.786914,0.316909,0,0.66528,12.849,1,0.59137,0.36288,0,26.0075,5.39837,20.3807,0.84672,12.849,0.84672,3695.15,0,0.0036966,1.71626e-05,0.808212,1.71483,4.05902,1.45455,5.12749,0.42336,0.0018483,0.21168,0.0018483,0.21168,460.486,0,1.02816,0,0,1.83637,0.808212,1.028160,1,0,25.5082,0,0,0,25.5082,0
55.0117,2.6897,0,0,1.26509,0.066016,0.36288,3.6288,61.0181,0.569405,0,0,0.713137,0.303006,0,0.66528,12.849,1,0.607754,0.36288,0,28.9791,5.1792,23.555,0.84672,12.849,0.84672,3695.15,0,0.0036966,1.7203e-05,0.980769,1.85177,3.86724,1.43042,5.26934,0.42336,0.0018483,0.21168,0.0018483,0.21168,460.486,0,1.02816,0,0,2.00893,0.980769,1.028160,1,0,28.8243,0,0,0,28.8243,0
53.052,2.6738,0,0,1.14542,0.0683525,0.36288,3.6288,60.8068,0.569822,0,0,0.655932,0.297402,0,0.66528,12.849,1,0.624516,0.36288,0,29.0175,5.05543,23.7005,0.84672,12.849,0.84672,3695.15,0,0.0036966,1.72605e-05,0.854237,1.85225,3.47661,1.40896,4.77412,0.42336,0.0018483,0.21168,0.0018483,0.21168,460.486,0,1.02816,0,0,1.8824,0.854237,1.028160,1,0,28.4746,0,0,0,28.4746,0
51.272,2.65592,0,0,1.30575,0.0670073,0.36288,3.6288,60.6127,0.570238,0,0,0.673142,0.297004,0,0.66528,12.849,1,0.643253,0.36288,0,29.3961,5.05543,24.0603,0.84672,12.849,0.84672,3695.15,0,0.0036966,1.73331e-05,1.01148,1.85273,4.9088,1.40896,6.36404,0.42336,0.0018483,0.21168,0.0018483,0.21168,460.486,0,1.02816,0,0,2.03964,1.01148,1.028160,1,0,30.4244,0,0,0,30.4244,0
49.4971,2.63875,0,0,1.29252,0.0657855,0.36288,3.6288,60.4304,0.570655,0,0,0.684962,0.296639,0,0.66528,12.849,1,0.661282,0.36288,0,27.1962,5.05543,21.8424,0.84672,12.849,0.84672,3695.15,0,0.0036966,1.74013e-05,0.950737,1.85322,3.89769,1.40896,5.29267,0.42336,0.0018483,0.21168,0.0018483,0.21168,460.486,0,1.02816,0,0,1.9789,0.950737,1.028160,1,0,27.135,0,0,0,27.135,0
47.5543,2.54064,0,0,1.01402,0.0533043,0.36288,3.6288,60.6932,0.494127,0,0,1.05132,0.294433,0,0.66528,12.849,1,0.659528,0.36288,0,22.4725,5.24114,16.9347,0.84672,12.849,0.84672,3695.15,0,0.0036966,1.51132e-05,2.61471,1.8537,4.53174,1.36599,7.63415,0.42336,0.0018483,0.21168,0.0018483,0.21168,460.486,0,1.02816,0,0,3.64287,2.61471,1.028160,1,0,24.5688,0,0,0,24.5688,0
45.5198,2.52009,0,0,0.888944,0.0404164,0.36288,3.6288,60.5121,0.494524,0,0,0.60694,0.293456,0,0.66528,12.849,1,0.680918,0.36288,0,18.9314,5.36098,13.2524,0.84672,12.849,0.84672,3695.15,0,0.0036966,1.50598e-05,1.15347,1.77586,3.59453,1.33756,5.18629,0.42336,0.0018483,0.21168,0.0018483,0.21168,460.486,0,1.02816,0,0,2.18163,1.15347,1.028160,1,0,18.4387,0,0,0,18.4387,0
43.4852,2.497,0,0,0.864726,0.0395148,0.36288,3.6288,60.2856,0.49492,0,0,0.561482,0.293118,0,0.66528,12.849,1,0.704834,0.36288,0,17.2935,5.36098,11.5905,0.84672,12.849,0.84672,3695.15,0,0.0036966,1.5117e-05,0.966773,1.77632,3.53199,1.33756,4.93751,0.42336,0.0018483,0.21168,0.0018483,0.21168,460.486,0,1.02816,0,0,1.99493,0.966773,1.028160,1,0,16.528,0,0,0,16.528,0
42.2451,2.47218,0,0,1.73835,0.143407,0.36288,3.6288,60.8072,0.495317,0,0,1.20424,0.187254,0,0.66528,12.849,1,0.730481,0.36288,0,47.0203,3.90758,42.7451,0.84672,12.849,0.84672,3695.15,0,0.0036966,1.5186e-05,1.8392,1.77679,8.89928,0.883275,11.632,0.42336,0.0018483,0.21168,0.0018483,0.21168,460.486,0,1.02816,0,0,2.86736,1.8392,1.028160,1,0,54.3771,0,0,0,54.3771,0
42.0254,2.39293,0,0,2.67403,0.137894,0.36288,3.6288,61.2278,0.425602,0,0,1.03824,0.192069,0,0.66528,12.849,1,0.727818,0.36288,0,50.3459,3.97472,46.0062,0.84672,12.849,0.84672,3695.15,0,0.0036966,1.29366e-05,2.14326,1.77725,5.6775,0.915215,8.68278,0.42336,0.0018483,0.21168,0.0018483,0.21168,460.486,0,1.02816,0,0,3.17142,2.14326,1.028160,1,0,54.689,0,0,0,54.689,0
40.2355,2.39063,0,0,1.08042,0.116765,0.36288,3.6288,61.1681,0.425981,0,0,0.584052,0.217814,0,0.66528,12.849,1,0.730922,0.36288,0,17.3102,4.37756,12.5646,0.84672,12.849,0.84672,3695.15,0,0.0036966,1.28592e-05,0.482449,1.70803,4.16915,1.10686,5.25276,0.42336,0.0018483,0.21168,0.0018483,0.21168,460.486,0,1.02816,0,0,1.51061,0.482449,1.028160,1,0,17.8173,0,0,0,17.8173,0
40.7196,2.3666,0,0,3.32784,0.114325,0.36288,3.6288,61.308,0.42636,0,0,1.86907,0.217732,1.08504,0.66528,12.849,1,0.755762,0.36288,0,59.9734,4.37756,55.2029,0.84672,12.849,0.84672,3695.15,0,0.0036966,1.28832e-05,3.80298,1.70848,9.91362,1.10686,14.3182,0.42336,0.0018483,0.21168,0.0018483,0.21168,460.486,0,1.02816,0,0,4.83114,3.80298,1.028160,1,0,70.6062,0,0,0,70.6062,0
40.5748,2.37405,0,0,2.73237,0.140192,0.36288,3.6288,61.308,0.426739,0,0,1.59395,0.194431,0.972781,0.66528,12.849,1,0.749129,0.36288,0,48.6471,4.05108,44.2098,0.84672,12.849,0.84672,3695.15,0,0.0036966,1.28652e-05,1.08091,1.70892,7.49627,1.01438,9.27171,0.42336,0.0018483,0.21168,0.0018483,0.21168,460.486,0,1.02816,0,0,2.10907,1.08091,1.028160,1,0,54.4543,0,0,0,54.4543,0
40.0752,2.19395,0,0,2.18831,0.131108,0.36288,3.6288,61.308,0.280943,0,0,1.36556,0.195615,0.889003,0.66528,12.849,1,0.694768,0.36288,0,38.2209,4.03242,33.8566,0.84672,12.849,0.84672,3695.15,0,0.0036966,8.4698e-06,1.55514,1.70937,7.33047,0.858422,9.73655,0.42336,0.0018483,0.21168,0.0018483,0.21168,460.486,0,1.02816,0,0,2.5833,1.55514,1.028160,1,0,44.4822,0,0,0,44.4822,0
41.0776,2.18796,0,0,3.72566,0.172401,0.36288,3.6288,61.308,0.281284,0,0,1.86919,0.197222,1.39068,0.66528,12.849,1,0.70151,0.36288,0,72.8692,4.54146,67.9892,0.84672,12.849,0.84672,3695.15,0,0.0036966,8.48008e-06,2.9623,1.55278,9.30519,1.11221,12.7081,0.42336,0.0018483,0.21168,0.0018483,0.21168,460.486,0,1.02816,0,0,3.99046,2.9623,1.028160,1,0,82.0879,0,0,0,82.0879,0
40.0889,2.20158,0,0,1.75712,0.18133,0.36288,3.6288,61.308,0.281625,0,0,1.30337,0.200764,0.820981,0.66528,12.849,1,0.688649,0.36288,0,43.356,4.61276,38.4175,0.84672,12.849,0.84672,3695.15,0,0.0036966,8.49036e-06,1.38626,1.55319,6.87697,1.14313,8.67329,0.42336,0.0018483,0.21168,0.0018483,0.21168,460.486,0,1.02816,0,0,2.41442,1.38626,1.028160,1,0,47.9118,0,0,0,47.9118,0
39.7754,2.18928,0,0,2.42593,0.187269,0.36288,3.6288,61.308,0.281966,0,0,1.1881,0.208947,0.697182,0.66528,12.849,1,0.701693,0.36288,0,34.8982,4.25928,30.3001,0.84672,12.849,0.84672,3695.15,0,0.0036966,8.50064e-06,1.93048,1.55359,6.25815,1.1448,8.59742,0.42336,0.0018483,0.21168,0.0018483,0.21168,460.486,0,1.02816,0,0,2.95864,1.93048,1.028160,1,0,39.5947,0,0,0,39.5947,0
41.1364,2.18567,0,0,4.11242,0.202882,0.36288,3.6288,61.308,0.282307,0,0,1.83947,0.189598,1.36757,0.66528,12.849,1,0.706057,0.36288,0,57.0721,3.45798,53.271,0.84672,12.849,0.84672,3695.15,0,0.0036966,8.51093e-06,4.20277,1.554,12.2067,1.05754,16.9059,0.42336,0.0018483,0.21168,0.0018483,0.21168,460.486,0,1.02816,0,0,5.23093,4.20277,1.028160,1,0,71.5444,0,0,0,71.5444,0
44.1693,2.27308,0,0,5.88116,0.212265,0.36288,3.6288,61.308,0.325022,0,0,2.24139,0.196746,1.71962,0.66528,12.849,1,0.709999,0.36288,0,98.5223,3.85915,94.316,0.84672,12.849,0.84672,3695.15,0,0.0036966,9.7987e-06,3.78542,1.5544,13.2111,1.03752,17.5134,0.42336,0.0018483,0.21168,0.0018483,0.21168,460.486,0,1.02816,0,0,4.81358,3.78542,1.028160,1,0,113.549,0,0,0,113.549,0
48.1566,2.31143,0,0,6.88395,0.222345,0.36288,3.6288,61.308,0.32536,0,0,2.69387,0.236536,2.13198,0.66528,12.849,1,0.672402,0.36288,0,178.194,4.72406,173.16,0.84672,12.849,0.84672,3695.15,0,0.0036966,9.80889e-06,2.54034,1.60452,11.9176,1.10031,14.9621,0.42336,0.0018483,0.21168,0.0018483,0.21168,460.486,0,1.02816,0,0,3.5685,2.54034,1.028160,1,0,190.254,0,0,0,190.254,0
51.8151,2.35597,0,0,6.60978,0.232441,0.36288,3.6288,61.308,0.325698,0,0,3.41279,0.236536,2.85056,0.66528,12.849,1,0.628612,0.36288,0,194.073,4.72406,189.083,0.84672,12.849,0.84672,3695.15,0,0.0036966,9.81908e-06,3.607,1.60493,14.495,1.10031,18.6066,0.42336,0.0018483,0.21168,0.0018483,0.21168,460.486,0,1.02816,0,0,4.63516,3.607,1.028160,1,0,210.54,0,0,0,210.54,0
52.9889,2.39214,0,0,4.20393,0.275124,0.36288,3.6288,61.308,0.326037,0,0,1.90135,0.225826,1.34949,0.66528,12.849,1,0.593196,0.36288,0,113.15,4.83799,108.082,0.84672,12.849,0.84672,3695.15,0,0.0036966,9.82928e-06,1.72345,1.60533,8.65054,1.29899,10.6803,0.42336,0.0018483,0.21168,0.0018483,0.21168,460.486,0,1.02816,0,0,2.75161,1.72345,1.028160,1,0,120.112,0,0,0,120.112,0
57.4745,2.63773,0,0,7.6876,0.201374,0.36288,3.6288,61.308,0.485636,0,0,2.56984,0.268417,1.81579,0.66528,12.849,1,0.639608,0.36288,0,145.136,4.84839,140.01,0.84672,12.849,0.84672,3695.15,0,0.0036966,1.46408e-05,2.61973,1.60573,10.2644,1.30718,13.1827,0.42336,0.0018483,0.21168,0.0018483,0.21168,460.486,0,1.02816,0,0,3.64789,2.61973,1.028160,1,0,155.009,0,0,0,155.009,0
59.1693,2.6792,0,0,4.96879,0.231966,0.36288,3.6288,61.308,0.486014,0,0,2.91292,0.231245,2.19567,0.66528,12.849,1,0.598961,0.36288,0,143.101,3.9878,138.877,0.84672,12.849,0.84672,3695.15,0,0.0036966,1.46522e-05,2.5427,1.78376,12.2547,1.14123,15.4399,0.42336,0.0018483,0.21168,0.0018483,0.21168,460.486,0,1.02816,0,0,3.57086,2.5427,1.028160,1,0,156.513,0,0,0,156.513,0
61.5178,2.69397,0,0,5.64114,0.235819,0.36288,3.6288,61.308,0.486392,0,0,2.96141,0.231245,2.24378,0.66528,12.849,1,0.585013,0.36288,0,144.384,3.9878,140.174,0.84672,12.849,0.84672,3695.15,0,0.0036966,1.46636e-05,2.64665,1.78421,12.4365,1.14123,15.7261,0.42336,0.0018483,0.21168,0.0018483,0.21168,460.486,0,1.02816,0,0,3.67481,2.64665,1.028160,1,0,158.144,0,0,0,158.144,0
63.999,2.71312,0,0,5.79789,0.240691,0.36288,3.6288,61.308,0.48677,0,0,2.77303,0.215572,2.07069,0.66528,12.849,1,0.56668,0.36288,0,148.757,3.85613,144.697,0.84672,12.849,0.84672,3695.15,0,0.0036966,1.4675e-05,2.4978,1.78465,11.5159,1.07769,14.7207,0.42336,0.0018483,0.21168,0.0018483,0.21168,460.486,0,1.02816,0,0,3.52596,2.4978,1.028160,1,0,161.488,0,0,0,161.488,0
67.0817,2.38579,0,0,6.10425,0.272847,0.36288,3.6288,61.308,0.273205,0,0,2.68067,0.194997,2.21247,0.66528,12.849,1,0.478993,0.36288,0,143.377,3.59857,139.663,0.84672,12.849,0.84672,3695.15,0,0.0036966,8.23652e-06,2.35131,1.7851,11.1243,0.990201,14.2705,0.42336,0.0018483,0.21168,0.0018483,0.21168,460.486,0,1.02816,0,0,3.37947,2.35131,1.028160,1,0,156.146,0,0,0,156.146,0
69.3145,2.40487,0,0,5.2829,0.282306,0.36288,3.6288,61.308,0.27353,0,0,3.09012,0.157738,2.65885,0.66528,12.849,1,0.460634,0.36288,0,197.054,3.05564,193.901,0.84672,12.849,0.84672,3695.15,0,0.0036966,8.24632e-06,2.57325,1.54231,11.608,0.813917,14.9097,0.42336,0.0018483,0.21168,0.0018483,0.21168,460.486,0,1.02816,0,0,3.60141,2.57325,1.028160,1,0,211.469,0,0,0,211.469,0
70.6573,2.41799,0,0,4.40616,0.2825,0.36288,3.6288,61.308,0.273855,0,0,2.87099,0.161012,2.43612,0.66528,12.849,1,0.448228,0.36288,0,152.773,3.08175,149.606,0.84672,12.849,0.84672,3695.15,0,0.0036966,8.25611e-06,2.06079,1.5427,9.83629,0.812306,12.6275,0.42336,0.0018483,0.21168,0.0018483,0.21168,460.486,0,1.02816,0,0,3.08895,2.06079,1.028160,1,0,164.67,0,0,0,164.67,0
71.7394,2.4258,0,0,4.15618,0.285445,0.36288,3.6288,61.308,0.27418,0,0,2.57885,0.161012,2.14366,0.66528,12.849,1,0.441131,0.36288,0,140.146,3.08175,136.986,0.84672,12.849,0.84672,3695.15,0,0.0036966,8.26591e-06,2.49653,1.54308,10.0017,0.812306,13.229,0.42336,0.0018483,0.21168,0.0018483,0.21168,460.486,0,1.02816,0,0,3.52469,2.49653,1.028160,1,0,152.359,0,0,0,152.359,0
72.29,2.43205,0,0,6.06775,0.287818,2.79725,3.6288,61.308,0.274505,0,0,3.16387,0.161012,2.72836,0.66528,12.849,1,0.435597,2.79725,0,201.924,3.08175,201.204,0.84672,12.849,0.84672,3695.15,0,0.0036966,8.27571e-06,2.8001,1.54347,12.865,0.812306,16.3963,0.42336,0.0018483,0.21168,0.0018483,0.21168,460.486,0,1.02816,0,0,3.82826,2.8001,1.028160,1,0,220.328,0,0,0,220.328,0
72.29,2.52447,0,0,6.30053,0.333141,3.44292,3.6288,61.308,0.327234,0,0,3.76948,0.127158,3.31508,0.66528,12.849,1,0.448705,3.44292,0,205.196,2.58427,205.606,0.84672,12.849,0.84672,3695.15,0,0.0036966,9.86538e-06,4.059,1.54385,13.726,0.701002,18.6279,0.42336,0.0018483,0.21168,0.0018483,0.21168,460.486,0,1.02816,0,0,5.08716,4.059,1.028160,1,0,227.549,0,0,0,227.549,0
72.29,2.5251,0,0,5.34569,0.346706,2.47389,3.6288,61.308,0.327572,0,0,3.02657,0.107136,2.59186,0.66528,12.849,1,0.448817,2.47389,0,193.438,2.57639,192.887,0.84672,12.849,0.84672,3695.15,0,0.0036966,9.87557e-06,4.10404,1.60437,12.759,0.684851,17.7826,0.42336,0.0018483,0.21168,0.0018483,0.21168,460.486,0,1.02816,0,0,5.1322,4.10404,1.028160,1,0,213.261,0,0,0,213.261,0
72.29,2.52573,0,0,4.28789,0.346706,1.41545,3.6288,61.308,0.327911,0,0,2.80194,0.107136,2.3669,0.66528,12.849,1,0.448929,1.41545,0,156.953,2.57639,155.343,0.84672,12.849,0.84672,3695.15,0,0.0036966,9.88578e-06,3.5791,1.60477,10.9913,0.684851,15.4903,0.42336,0.0018483,0.21168,0.0018483,0.21168,460.486,0,1.02816,0,0,4.60726,3.5791,1.028160,1,0,173.2,0,0,0,173.2,0
72.29,2.52636,0,0,3.9848,0.346706,1.11174,3.6288,61.308,0.328249,0,0,3.28461,0.107136,2.84922,0.66528,12.849,1,0.449041,1.11174,0,158.166,2.57639,156.252,0.84672,12.849,0.84672,3695.15,0,0.0036966,9.89598e-06,3.61905,1.60517,13.8702,0.684851,18.4096,0.42336,0.0018483,0.21168,0.0018483,0.21168,460.486,0,1.02816,0,0,4.64721,3.61905,1.028160,1,0,177.511,0,0,0,177.511,0
72.29,2.49216,0,0,3.99149,0.30273,1.1966,3.6288,61.308,0.308214,0,0,2.77609,0.144166,2.32371,0.66528,12.849,1,0.442962,1.1966,0,128.943,2.7744,126.923,0.84672,12.849,0.84672,3695.15,0,0.0036966,9.29197e-06,2.97288,1.60557,11.4887,0.735504,15.3316,0.42336,0.0018483,0.21168,0.0018483,0.21168,460.486,0,1.02816,0,0,4.00104,2.97288,1.028160,1,0,144.578,0,0,0,144.578,0
72.29,2.49278,0,0,3.63163,0.288419,0.850425,3.6288,61.308,0.308547,0,0,2.37745,0.1585,1.9104,0.66528,12.849,1,0.443073,0.850425,0,120.614,3.44925,117.573,0.84672,12.849,0.84672,3695.15,0,0.0036966,9.30202e-06,2.92,1.58254,10.2755,0.879498,13.8985,0.42336,0.0018483,0.21168,0.0018483,0.21168,460.486,0,1.02816,0,0,3.94816,2.92,1.028160,1,0,133.381,0,0,0,133.381,0
72.29,2.4934,0,0,3.15382,0.288419,0.372002,3.6288,61.308,0.308881,0,0,2.29467,0.1585,1.82729,0.66528,12.849,1,0.443184,0.372002,0,117.04,3.44925,113.52,0.84672,12.849,0.84672,3695.15,0,0.0036966,9.31207e-06,1.63293,1.58294,8.60579,0.879498,10.9421,0.42336,0.0018483,0.21168,0.0018483,0.21168,460.486,0,1.02816,0,0,2.66109,1.63293,1.028160,1,0,126.289,0,0,0,126.289,0
72.2174,2.49403,0,0,3.07274,0.288419,0.36288,3.6288,61.308,0.309214,0,0,2.00376,0.1585,1.53605,0.66528,12.849,1,0.443294,0.36288,0,97.5905,3.44925,94.0609,0.84672,12.849,0.84672,3695.15,0,0.0036966,9.32212e-06,2.90755,1.58333,8.28749,0.879498,11.8989,0.42336,0.0018483,0.21168,0.0018483,0.21168,460.486,0,1.02816,0,0,3.93571,2.90755,1.028160,1,0,107.496,0,0,0,107.496,0
71.8647,2.61259,0,0,2.90134,0.278545,0.36288,3.6288,61.308,0.38187,0,0,1.77067,0.164713,1.22409,0.66528,12.849,1,0.464835,0.36288,0,84.3255,3.64827,80.5753,0.84672,12.849,0.84672,3695.15,0,0.0036966,1.15125e-05,3.03586,1.58373,7.63404,0.876036,11.3776,0.42336,0.0018483,0.21168,0.0018483,0.21168,460.486,0,1.02816,0,0,4.06402,3.03586,1.028160,1,0,93.177,0,0,0,93.177,0
71.2709,2.61131,0,0,2.65766,0.277313,0.36288,3.6288,61.308,0.382221,0,0,1.68531,0.156374,1.14671,0.66528,12.849,1,0.466886,0.36288,0,78.9705,3.92344,74.943,0.84672,12.849,0.84672,3695.15,0,0.0036966,1.15231e-05,2.25323,1.66612,7.837,0.794405,10.9619,0.42336,0.0018483,0.21168,0.0018483,0.21168,460.486,0,1.02816,0,0,3.28139,2.25323,1.028160,1,0,87.0517,0,0,0,87.0517,0
70.5397,2.60866,0,0,2.4646,0.224316,0.36288,3.6288,61.308,0.382573,0,0,1.69492,0.170583,1.14176,0.66528,12.849,1,0.470299,0.36288,0,70.7193,4.22289,66.389,0.84672,12.849,0.84672,3695.15,0,0.0036966,1.15337e-05,1.87944,1.66654,7.40241,0.89955,10.0488,0.42336,0.0018483,0.21168,0.0018483,0.21168,460.486,0,1.02816,0,0,2.9076,1.87944,1.028160,1,0,77.5795,0,0,0,77.5795,0
69.7183,2.60518,0,0,2.36974,0.223062,0.36288,3.6288,61.308,0.382925,0,0,1.54685,0.170583,0.993346,0.66528,12.849,1,0.474542,0.36288,0,64.8467,4.22289,60.5121,0.84672,12.849,0.84672,3695.15,0,0.0036966,1.15443e-05,1.59107,1.66695,6.87986,0.89955,9.23832,0.42336,0.0018483,0.21168,0.0018483,0.21168,460.486,0,1.02816,0,0,2.61923,1.59107,1.028160,1,0,70.7438,0,0,0,70.7438,0
68.7842,2.60111,0,0,2.2516,0.221653,0.36288,3.6288,61.308,0.383277,0,0,1.40899,0.170583,0.855126,0.66528,12.849,1,0.479382,0.36288,0,60.2027,4.22289,55.8634,0.84672,12.849,0.84672,3695.15,0,0.0036966,1.15549e-05,1.44488,1.66737,6.41762,0.89955,8.6303,0.42336,0.0018483,0.21168,0.0018483,0.21168,460.486,0,1.02816,0,0,2.47304,1.44488,1.028160,1,0,65.3488,0,0,0,65.3488,0
68.0741,2.57302,0,0,2.39888,0.173084,0.36288,3.6288,61.308,0.423428,0,0,1.14891,0.197216,0.528269,0.66528,12.849,1,0.480644,0.36288,0,58.383,4.35273,53.9125,0.84672,12.849,0.84672,3695.15,0,0.0036966,1.27654e-05,1.44263,1.66778,6.10911,1.00676,8.21275,0.42336,0.0018483,0.21168,0.0018483,0.21168,460.486,0,1.02816,0,0,2.47079,1.44263,1.028160,1,0,62.6535,0,0,0,62.6535,0
67.4412,2.56944,0,0,2.43653,0.137096,0.36288,3.6288,61.308,0.42379,0,0,1.00039,0.217191,0.359411,0.66528,12.849,1,0.484983,0.36288,0,57.9689,4.45011,53.3967,0.84672,12.849,0.84672,3695.15,0,0.0036966,1.27763e-05,1.19643,1.69378,5.94721,1.08716,7.75024,0.42336,0.0018483,0.21168,0.0018483,0.21168,460.486,0,1.02816,0,0,2.22459,1.19643,1.028160,1,0,61.5063,0,0,0,61.5063,0
66.5935,2.56626,0,0,2.21784,0.136416,0.36288,3.6288,61.308,0.424151,0,0,0.93566,0.217191,0.294318,0.66528,12.849,1,0.488927,0.36288,0,55.6499,4.45011,51.0737,0.84672,12.849,0.84672,3695.15,0,0.0036966,1.27872e-05,0.899303,1.6942,5.58682,1.08716,7.09315,0.42336,0.0018483,0.21168,0.0018483,0.21168,460.486,0,1.02816,0,0,1.92746,0.899303,1.028160,1,0,58.4612,0,0,0,58.4612,0
65.5865,2.56168,0,0,2.03938,0.121841,0.36288,3.6288,61.308,0.424514,0,0,0.893324,0.250098,0.218713,0.66528,12.849,1,0.494267,0.36288,0,49.3354,4.87356,44.3304,0.84672,12.849,0.84672,3695.15,0,0.0036966,1.27981e-05,0.889695,1.69462,5.3757,1.24173,6.71828,0.42336,0.0018483,0.21168,0.0018483,0.21168,460.486,0,1.02816,0,0,1.91786,0.889695,1.028160,1,0,51.2674,0,0,0,51.2674,0
64.3972,2.61562,0,0,1.89197,0.102711,0.36288,3.6288,61.308,0.46038,0,0,0.798173,0.299932,0.03786,0.66528,12.849,1,0.512424,0.36288,0,42.6147,5.56049,36.9047,0.84672,12.849,0.84672,3695.15,0,0.0036966,1.38794e-05,0.785091,1.69504,4.92541,1.46275,5.94278,0.42336,0.0018483,0.21168,0.0018483,0.21168,460.486,0,1.02816,0,0,1.81325,0.785091,1.028160,1,0,42.8853,0,0,0,42.8853,0
63.2092,2.60838,0,0,1.88447,0.101232,0.36288,3.6288,61.308,0.460751,0,0,0.805188,0.335681,0.00875494,0.66528,12.849,1,0.520443,0.36288,0,47.2915,6.29444,40.8395,0.84672,12.849,0.84672,3695.15,0,0.0036966,1.38906e-05,0.755317,1.73627,4.32989,1.55234,5.26912,0.42336,0.0018483,0.21168,0.0018483,0.21168,460.486,0,1.02816,0,0,1.78348,0.755317,1.028160,1,0,46.1174,0,0,0,46.1174,0
61.8799,2.6009,0,0,1.73476,0.100261,0.36288,3.6288,61.1938,0.461123,0,0,0.682612,0.335681,0,0.66528,12.849,1,0.528703,0.36288,0,38.8448,6.29444,32.3846,0.84672,12.849,0.84672,3695.15,0,0.0036966,1.39018e-05,0.863473,1.7367,4.18661,1.55234,5.23442,0.42336,0.0018483,0.21168,0.0018483,0.21168,460.486,0,1.02816,0,0,1.89163,0.863473,1.028160,1,0,37.619,0,0,0,37.619,0
60.4142,2.59214,0,0,1.58844,0.0991751,0.36288,3.6288,61.0291,0.461494,0,0,0.632258,0.335439,0,0.66528,12.849,1,0.538242,0.36288,0,36.9218,6.29444,30.452,0.84672,12.849,0.84672,3695.15,0,0.0036966,1.3939e-05,0.588851,1.73713,3.67998,1.55234,4.45361,0.42336,0.0018483,0.21168,0.0018483,0.21168,460.486,0,1.02816,0,0,1.61701,0.588851,1.028160,1,0,34.9056,0,0,0,34.9056,0
58.8861,2.75445,0,0,1.67828,0.0890582,0.36288,3.6288,60.8245,0.590147,0,0,0.725812,0.34026,0,0.66528,12.849,1,0.585822,0.36288,0,36.2116,6.44398,29.5447,0.84672,12.849,0.84672,3695.15,0,0.0036966,1.78729e-05,0.912272,1.73756,4.86813,1.58222,5.93573,0.42336,0.0018483,0.21168,0.0018483,0.21168,460.486,0,1.02816,0,0,1.94043,0.912272,1.028160,1,0,35.4804,0,0,0,35.4804,0
57.2537,2.74266,0,0,1.55078,0.0776099,0.36288,3.6288,60.5947,0.59055,0,0,0.699261,0.338503,0,0.66528,12.849,1,0.59845,0.36288,0,38.3105,6.60093,31.474,0.84672,12.849,0.84672,3695.15,0,0.0036966,1.79453e-05,0.885885,1.8763,4.89983,1.53067,6.13132,0.42336,0.0018483,0.21168,0.0018483,0.21168,460.486,0,1.02816,0,0,1.91405,0.885885,1.028160,1,0,37.6054,0,0,0,37.6054,0
55.3964,2.7294,0,0,1.30414,0.0692105,0.36288,3.6288,60.2659,0.590953,0,0,0.617527,0.355394,0,0.66528,12.849,1,0.612537,0.36288,0,36.056,6.73481,29.0716,0.84672,12.849,0.84672,3695.15,0,0.0036966,1.80256e-05,0.776969,1.87677,4.57891,1.51221,5.72042,0.42336,0.0018483,0.21168,0.0018483,0.21168,460.486,0,1.02816,0,0,1.80513,0.776969,1.028160,1,0,34.792,0,0,0,34.792,0
53.6687,2.7134,0,0,1.41653,0.067948,0.36288,3.6288,59.9448,0.591356,0,0,0.624841,0.354652,0,0.66528,12.849,1,0.629364,0.36288,0,34.46,6.73481,27.4587,0.84672,12.849,0.84672,3695.15,0,0.0036966,1.81363e-05,0.790387,1.87724,4.86351,1.51221,6.0189,0.42336,0.0018483,0.21168,0.0018483,0.21168,460.486,0,1.02816,0,0,1.81855,0.790387,1.028160,1,0,33.4776,0,0,0,33.4776,0
52.7162,2.69772,0,0,2.18792,0.0797785,0.36288,3.6288,59.7538,0.59176,0,0,0.751585,0.350736,0,0.66528,12.849,1,0.645872,0.36288,0,55.6591,6.64575,48.7303,0.84672,12.849,0.84672,3695.15,0,0.0036966,1.8246e-05,1.15176,1.8777,5.13981,1.50129,6.66796,0.42336,0.0018483,0.21168,0.0018483,0.21168,460.486,0,1.02816,0,0,2.17992,1.15176,1.028160,1,0,55.3983,0,0,0,55.3983,0
52.2731,2.60697,0,0,2.56923,0.0425048,0.36288,3.6288,59.6499,0.514204,0,0,0.80263,0.392388,0,0.66528,12.849,1,0.63542,0.36288,0,46.8621,7.2018,39.3877,0.84672,12.849,0.84672,3695.15,0,0.0036966,1.59053e-05,1.0375,1.87817,4.99848,1.63201,6.28212,0.42336,0.0018483,0.21168,0.0018483,0.21168,460.486,0,1.02816,0,0,2.06566,1.0375,1.028160,1,0,45.6698,0,0,0,45.6698,0
50.5054,2.60329,0,0,1.27452,0.0759835,0.36288,3.6288,59.2915,0.514588,0,0,0.538278,0.38205,0,0.66528,12.849,1,0.639902,0.36288,0,28.7188,6.03139,22.4104,0.84672,12.849,0.84672,3695.15,0,0.0036966,1.59449e-05,0.756268,1.79928,3.1311,1.35159,4.33504,0.42336,0.0018483,0.21168,0.0018483,0.21168,460.486,0,1.02816,0,0,1.78443,0.756268,1.028160,1,0,26.7455,0,0,0,26.7455,0
48.9154,2.58608,0,0,1.4639,0.105006,0.36288,3.6288,59.1369,0.514972,0,0,0.734633,0.374312,0,0.66528,12.849,1,0.657919,0.36288,0,29.0223,5.81101,22.9162,0.84672,12.849,0.84672,3695.15,0,0.0036966,1.60533e-05,1.17863,1.79973,4.34208,1.32653,5.9939,0.42336,0.0018483,0.21168,0.0018483,0.21168,460.486,0,1.02816,0,0,2.20679,1.17863,1.028160,1,0,28.9101,0,0,0,28.9101,0
47.2811,2.56978,0,0,1.40165,0.103243,0.36288,3.6288,58.9681,0.515356,0,0,0.720533,0.373941,0,0.66528,12.849,1,0.675024,0.36288,0,38.6959,5.81101,32.5727,0.84672,12.849,0.84672,3695.15,0,0.0036966,1.61073e-05,1.11852,1.80018,4.34093,1.32653,5.93309,0.42336,0.0018483,0.21168,0.0018483,0.21168,460.486,0,1.02816,0,0,2.14668,1.11852,1.028160,1,0,38.5058,0,0,0,38.5058,0
45.9375,2.48614,0,0,1.60677,0.10142,0.36288,3.6288,59.1429,0.444707,0,0,0.992987,0.373537,0,0.66528,12.849,1,0.675627,0.36288,0,86.9878,5.81101,80.864,0.84672,12.849,0.84672,3695.15,0,0.0036966,1.39389e-05,1.65656,1.80063,5.86539,1.32653,7.99604,0.42336,0.0018483,0.21168,0.0018483,0.21168,460.486,0,1.02816,0,0,2.68472,1.65656,1.028160,1,0,88.8601,0,0,0,88.8601,0
44.5675,2.47131,0,0,1.6707,0.206459,0.36288,3.6288,59.4476,0.445074,0,0,0.992917,0.243072,0,0.66528,12.849,1,0.691241,0.36288,0,56.8883,5.10226,51.4576,0.84672,12.849,0.84672,3695.15,0,0.0036966,1.39092e-05,1.92385,1.73048,6.92671,1.17908,9.40195,0.42336,0.0018483,0.21168,0.0018483,0.21168,460.486,0,1.02816,0,0,2.95201,1.92385,1.028160,1,0,60.8596,0,0,0,60.8596,0
43.2863,2.45543,0,0,1.7404,0.203301,0.36288,3.6288,59.8457,0.445441,0,0,1.08702,0.243547,0,0.66528,12.849,1,0.70791,0.36288,0,80.4462,5.10226,74.9989,0.84672,12.849,0.84672,3695.15,0,0.0036966,1.38493e-05,1.85179,1.73091,6.08559,1.17908,8.4892,0.42336,0.0018483,0.21168,0.0018483,0.21168,460.486,0,1.02816,0,0,2.87995,1.85179,1.028160,1,0,83.4881,0,0,0,83.4881,0
41.791,2.43987,0,0,1.50784,0.200348,0.36288,3.6288,60.2104,0.445808,0,0,1.05467,0.244167,0,0.66528,12.849,1,0.724246,0.36288,0,55.5251,5.10226,50.0615,0.84672,12.849,0.84672,3695.15,0,0.0036966,1.37685e-05,1.86862,1.73134,5.32654,1.17908,7.74741,0.42336,0.0018483,0.21168,0.0018483,0.21168,460.486,0,1.02816,0,0,2.89678,1.86862,1.028160,1,0,57.8089,0,0,0,57.8089,0
43.8596,2.23835,0,0,4.84694,0.177129,0.36288,3.6288,61.2211,0.298086,0,0,1.54366,0.234876,0,0.66528,12.849,1,0.6882,0.36288,0,104.209,4.86227,99.0211,0.84672,12.849,0.84672,3695.15,0,0.0036966,9.15045e-06,2.99399,1.73177,11.3513,1.23274,14.8443,0.42336,0.0018483,0.21168,0.0018483,0.21168,460.486,0,1.02816,0,0,4.02215,2.99399,1.028160,1,0,113.865,0,0,0,113.865,0
46.2186,2.26402,0,0,5.22278,0.23688,0.36288,3.6288,61.308,0.298416,0,0,2.02758,0.195159,1.44706,0.66528,12.849,1,0.663262,0.36288,0,117.246,3.84784,113.097,0.84672,12.849,0.84672,3695.15,0,0.0036966,9.00935e-06,3.63958,1.57312,15.5885,0.918247,19.8829,0.42336,0.0018483,0.21168,0.0018483,0.21168,460.486,0,1.02816,0,0,4.66774,3.63958,1.028160,1,0,134.427,0,0,0,134.427,0
45.8616,2.29108,0,0,2.55244,0.255496,0.36288,3.6288,61.308,0.298746,0,0,1.11701,0.198991,0.619271,0.66528,12.849,1,0.636932,0.36288,0,99.6019,3.87314,95.4547,0.84672,12.849,0.84672,3695.15,0,0.0036966,9.00653e-06,2.14164,1.57351,7.74922,0.884362,10.58,0.42336,0.0018483,0.21168,0.0018483,0.21168,460.486,0,1.02816,0,0,3.1698,2.14164,1.028160,1,0,106.654,0,0,0,106.654,0
46.4821,2.28778,0,0,3.52562,0.254481,0.36288,3.6288,61.308,0.299076,0,0,1.21997,0.198991,0.721901,0.66528,12.849,1,0.640965,0.36288,0,97.8264,3.87314,93.6752,0.84672,12.849,0.84672,3695.15,0,0.0036966,9.01649e-06,2.15167,1.5739,6.8741,0.884362,9.71531,0.42336,0.0018483,0.21168,0.0018483,0.21168,460.486,0,1.02816,0,0,3.17983,2.15167,1.028160,1,0,104.112,0,0,0,104.112,0
48.5194,2.29505,0,0,4.95151,0.256245,0.36288,3.6288,61.308,0.299407,0,0,2.14523,0.198991,1.64683,0.66528,12.849,1,0.63442,0.36288,0,158.992,3.87314,154.847,0.84672,12.849,0.84672,3695.15,0,0.0036966,9.02644e-06,3.25458,1.57429,14.7541,0.884362,18.6986,0.42336,0.0018483,0.21168,0.0018483,0.21168,460.486,0,1.02816,0,0,4.28274,3.25458,1.028160,1,0,175.192,0,0,0,175.192,0
49.3578,2.31612,0,0,3.75173,0.23434,0.36288,3.6288,61.308,0.299407,0,0,2.50399,0.195777,2.0088,0.66528,12.849,1,0.613359,0.36288,0,126.074,3.71992,122.104,0.84672,12.849,0.84672,3695.15,0,0.0036966,9.02644e-06,3.58389,1.57469,11.1029,0.931001,15.3305,0.42336,0.0018483,0.21168,0.0018483,0.21168,460.486,0,1.02816,0,0,4.61205,3.58389,1.028160,1,0,139.443,0,0,0,139.443,0
48.2097,2.39778,0,0,1.83749,0.224959,0.36288,3.6288,61.308,0.342663,0,0,0.755381,0.242,0.170718,0.66528,12.849,1,0.6242,0.36288,0,52.6342,5.21272,47.1601,0.84672,12.849,0.84672,3695.15,0,0.0036966,1.03305e-05,0.75873,1.57469,4.47773,1.28194,5.52919,0.42336,0.0018483,0.21168,0.0018483,0.21168,460.486,0,1.02816,0,0,1.78689,0.75873,1.028160,1,0,52.8601,0,0,0,52.8601,0
48.0287,2.38661,0,0,2.79066,0.222181,0.36288,3.6288,61.308,0.34299,0,0,0.88312,0.242,0.29813,0.66528,12.849,1,0.636088,0.36288,0,42.5703,5.21272,37.0844,0.84672,12.849,0.84672,3695.15,0,0.0036966,1.03404e-05,1.00719,1.62544,5.38646,1.28194,6.73714,0.42336,0.0018483,0.21168,0.0018483,0.21168,460.486,0,1.02816,0,0,2.03535,1.00719,1.028160,1,0,44.1197,0,0,0,44.1197,0
54.5306,2.38529,0,0,9.47182,0.221743,0.36288,3.6288,61.308,0.343317,0,0,1.37932,0.242,0.794007,0.66528,12.849,1,0.638132,0.36288,0,94.227,5.21272,88.739,0.84672,12.849,0.84672,3695.15,0,0.0036966,1.03503e-05,2.40097,1.62583,16.2971,1.28194,19.042,0.42336,0.0018483,0.21168,0.0018483,0.21168,460.486,0,1.02816,0,0,3.42913,2.40097,1.028160,1,0,108.575,0,0,0,108.575,0
60.6655,2.44746,0,0,9.18752,0.242247,0.36288,3.6288,61.308,0.343644,0,0,2.03489,0.234982,1.45627,0.66528,12.849,1,0.576693,0.36288,0,232.145,4.82909,227.102,0.84672,12.849,0.84672,3695.15,0,0.0036966,1.03601e-05,4.0235,1.62622,9.10863,1.17866,13.5797,0.42336,0.0018483,0.21168,0.0018483,0.21168,460.486,0,1.02816,0,0,5.05166,4.0235,1.028160,1,0,242.138,0,0,0,242.138,0
63.263,2.73966,0,0,5.94851,0.248486,0.36288,3.6288,61.308,0.505301,0,0,1.18878,0.262965,0.420511,0.66528,12.849,1,0.580262,0.36288,0,93.1884,4.24309,88.728,0.84672,12.849,0.84672,3695.15,0,0.0036966,1.52337e-05,1.56762,1.62661,6.85195,1.11811,8.92805,0.42336,0.0018483,0.21168,0.0018483,0.21168,460.486,0,1.02816,0,0,2.59578,1.56762,1.028160,1,0,98.0765,0,0,0,98.0765,0
65.671,2.76012,0,0,5.78276,0.251721,0.36288,3.6288,61.308,0.505667,0,0,1.32135,0.268506,0.547177,0.66528,12.849,1,0.560593,0.36288,0,102.272,4.19338,97.8806,0.84672,12.849,0.84672,3695.15,0,0.0036966,1.52447e-05,1.99013,1.80693,9.52059,1.12093,12.1967,0.42336,0.0018483,0.21168,0.0018483,0.21168,460.486,0,1.02816,0,0,3.01829,1.99013,1.028160,1,0,110.624,0,0,0,110.624,0
70.6749,2.77798,0,0,8.4119,0.267128,0.36288,3.6288,61.308,0.506032,0,0,1.30678,0.24482,0.555931,0.66528,12.849,1,0.543531,0.36288,0,119.773,3.78771,115.805,0.84672,12.849,0.84672,3695.15,0,0.0036966,1.52557e-05,1.85218,1.80736,11.8643,1.03778,14.486,0.42336,0.0018483,0.21168,0.0018483,0.21168,460.486,0,1.02816,0,0,2.88034,1.85218,1.028160,1,0,130.846,0,0,0,130.846,0
72.29,2.81121,0,0,7.60933,0.292323,2.89074,3.6288,61.308,0.506398,0,0,1.66983,0.213238,0.950191,0.66528,12.849,1,0.511091,2.89074,0,126.311,3.24681,125.444,0.84672,12.849,0.84672,3695.15,0,0.0036966,1.52668e-05,2.70871,1.80779,11.7092,0.92691,15.2988,0.42336,0.0018483,0.21168,0.0018483,0.21168,460.486,0,1.02816,0,0,3.73687,2.70871,1.028160,1,0,141.693,0,0,0,141.693,0
72.29,2.46393,0,0,5.95369,0.302209,3.18756,3.6288,61.308,0.290051,0,0,1.05468,0.217301,0.547333,0.66528,12.849,1,0.437945,3.18756,0,86.8294,2.15718,87.4218,0.84672,12.849,0.84672,3695.15,0,0.0036966,8.74438e-06,1.8974,1.80823,9.01628,0.644232,12.0777,0.42336,0.0018483,0.21168,0.0018483,0.21168,460.486,0,1.02816,0,0,2.92556,1.8974,1.028160,1,0,100.047,0,0,0,100.047,0
72.29,2.46452,0,0,4.29672,0.303252,1.52895,3.6288,61.308,0.290365,0,0,0.789869,0.217978,0.281526,0.66528,12.849,1,0.438049,1.52895,0,78.0443,1.97558,77.1596,0.84672,12.849,0.84672,3695.15,0,0.0036966,8.75385e-06,0.834883,1.56228,5.30029,0.597119,7.10033,0.42336,0.0018483,0.21168,0.0018483,0.21168,460.486,0,1.02816,0,0,1.86304,0.834883,1.028160,1,0,84.5414,0,0,0,84.5414,0
72.29,2.4651,0,0,9.12589,0.300169,6.36061,3.6288,61.308,0.290679,0,0,1.29122,0.234637,0.765906,0.66528,12.849,1,0.438154,6.36061,0,82.1077,2.34581,85.6843,0.84672,12.849,0.84672,3695.15,0,0.0036966,8.76333e-06,2.1408,1.56265,11.3234,0.698036,14.3288,0.42336,0.0018483,0.21168,0.0018483,0.21168,460.486,0,1.02816,0,0,3.16896,2.1408,1.028160,1,0,100.779,0,0,0,100.779,0
72.29,2.46569,0,0,8.26986,0.263011,5.54116,3.6288,61.308,0.290993,0,0,1.15806,0.248348,0.618721,0.66528,12.849,1,0.438258,5.54116,0,135.798,3.6214,137.28,0.84672,12.849,0.84672,3695.15,0,0.0036966,8.7728e-06,1.86223,1.56302,10.3923,0.982392,12.8351,0.42336,0.0018483,0.21168,0.0018483,0.21168,460.486,0,1.02816,0,0,2.89039,1.86223,1.028160,1,0,150.734,0,0,0,150.734,0
72.29,2.46628,0,0,7.99727,0.274593,5.2564,3.6288,61.308,0.291307,0,0,1.49976,0.212102,0.996348,0.66528,12.849,1,0.438362,5.2564,0,177.487,3.56997,178.735,0.84672,12.849,0.84672,3695.15,0,0.0036966,8.78227e-06,2.0021,1.5634,10.6491,0.843079,13.3715,0.42336,0.0018483,0.21168,0.0018483,0.21168,460.486,0,1.02816,0,0,3.03026,2.0021,1.028160,1,0,193.103,0,0,0,193.103,0
72.29,2.557,0,0,8.4272,0.307444,5.56275,3.6288,61.308,0.344701,0,0,1.95577,0.191252,1.41981,0.66528,12.849,1,0.454487,5.56275,0,138.996,3.33291,140.771,0.84672,12.849,0.84672,3695.15,0,0.0036966,1.0392e-05,2.55453,1.56377,13.3677,0.689389,16.7966,0.42336,0.0018483,0.21168,0.0018483,0.21168,460.486,0,1.02816,0,0,3.58269,2.55453,1.028160,1,0,158.988,0,0,0,158.988,0
72.29,2.55761,0,0,7.82447,0.307444,4.95942,3.6288,61.308,0.345028,0,0,1.83324,0.191252,1.29696,0.66528,12.849,1,0.454596,4.95942,0,127.465,3.33291,128.637,0.84672,12.849,0.84672,3695.15,0,0.0036966,1.04018e-05,2.76258,1.62505,11.2159,0.689389,14.9142,0.42336,0.0018483,0.21168,0.0018483,0.21168,460.486,0,1.02816,0,0,3.79074,2.76258,1.028160,1,0,144.848,0,0,0,144.848,0
72.29,2.55822,0,0,8.25388,0.271442,5.42422,3.6288,61.308,0.345355,0,0,1.94915,0.195943,1.40785,0.66528,12.849,1,0.454704,5.42422,0,150.968,3.04553,152.892,0.84672,12.849,0.84672,3695.15,0,0.0036966,1.04117e-05,3.37946,1.62543,12.8415,0.802281,17.0441,0.42336,0.0018483,0.21168,0.0018483,0.21168,460.486,0,1.02816,0,0,4.40762,3.37946,1.028160,1,0,171.344,0,0,0,171.344,0
72.29,2.55883,0,0,7.19127,0.262492,4.36995,3.6288,61.308,0.345682,0,0,0.822188,0.200266,0.27624,0.66528,12.849,1,0.454812,4.36995,0,122.354,3.23954,123.029,0.84672,12.849,0.84672,3695.15,0,0.0036966,1.04216e-05,0.935401,1.62582,10.5655,0.821405,12.3053,0.42336,0.0018483,0.21168,0.0018483,0.21168,460.486,0,1.02816,0,0,1.96356,0.935401,1.028160,1,0,135.611,0,0,0,135.611,0
72.29,2.52416,0,0,5.34568,0.208788,2.61273,3.6288,61.308,0.325374,0,0,1.25672,0.226199,0.705149,0.66528,12.849,1,0.448651,2.61273,0,78.2283,4.40359,75.9888,0.84672,12.849,0.84672,3695.15,0,0.0036966,9.80932e-06,1.88022,1.62621,7.92228,0.936148,10.4925,0.42336,0.0018483,0.21168,0.0018483,0.21168,460.486,0,1.02816,0,0,2.90838,1.88022,1.028160,1,0,87.1865,0,0,0,87.1865,0
72.29,2.52476,0,0,4.15703,0.208788,1.42348,3.6288,61.308,0.325697,0,0,0.962582,0.226199,0.410686,0.66528,12.849,1,0.448758,1.42348,0,64.2609,4.40359,60.832,0.84672,12.849,0.84672,3695.15,0,0.0036966,9.81903e-06,1.43167,1.60287,6.35221,0.936148,8.45058,0.42336,0.0018483,0.21168,0.0018483,0.21168,460.486,0,1.02816,0,0,2.45983,1.43167,1.028160,1,0,69.6933,0,0,0,69.6933,0
72.29,2.52536,0,0,3.6446,0.208788,0.91045,3.6288,61.308,0.326019,0,0,0.907667,0.226199,0.355448,0.66528,12.849,1,0.448864,0.91045,0,58.6753,4.40359,54.7333,0.84672,12.849,0.84672,3695.15,0,0.0036966,9.82875e-06,1.13397,1.60325,5.91616,0.936148,7.71723,0.42336,0.0018483,0.21168,0.0018483,0.21168,460.486,0,1.02816,0,0,2.16213,1.13397,1.028160,1,0,62.8059,0,0,0,62.8059,0
72.29,2.52597,0,0,3.95304,0.208788,1.21829,3.6288,61.308,0.326342,0,0,0.870938,0.226199,0.318397,0.66528,12.849,1,0.448971,1.21829,0,63.2528,4.40359,59.6185,0.84672,12.849,0.84672,3695.15,0,0.0036966,9.83847e-06,0.728188,1.60363,6.4749,0.936148,7.87056,0.42336,0.0018483,0.21168,0.0018483,0.21168,460.486,0,1.02816,0,0,1.75635,0.728188,1.028160,1,0,67.8074,0,0,0,67.8074,0
72.29,2.64642,0,0,3.63615,0.154382,0.835351,3.6288,61.308,0.399911,0,0,0.885054,0.237011,0.248132,0.66528,12.849,1,0.470381,0.835351,0,55.933,4.33895,51.9591,0.84672,12.849,0.84672,3695.15,0,0.0036966,1.20564e-05,1.21167,1.60401,5.77803,0.974536,7.61915,0.42336,0.0018483,0.21168,0.0018483,0.21168,460.486,0,1.02816,0,0,2.23983,1.21167,1.028160,1,0,59.8263,0,0,0,59.8263,0
72.29,2.64705,0,0,3.22009,0.132619,0.440424,3.6288,61.308,0.400251,0,0,0.805611,0.241335,0.164024,0.66528,12.849,1,0.470493,0.440424,0,49.7471,4.31309,45.404,0.84672,12.849,0.84672,3695.15,0,0.0036966,1.20667e-05,0.746574,1.68744,4.96086,0.989891,6.40497,0.42336,0.0018483,0.21168,0.0018483,0.21168,460.486,0,1.02816,0,0,1.77473,0.746574,1.028160,1,0,51.973,0,0,0,51.973,0
72.0731,2.64768,0,0,2.92631,0.132619,0.36288,3.6288,61.308,0.400591,0,0,0.771915,0.241335,0.129988,0.66528,12.849,1,0.470605,0.36288,0,47.2967,4.31309,42.8758,0.84672,12.849,0.84672,3695.15,0,0.0036966,1.20769e-05,0.499841,1.68784,4.83359,0.989891,6.03137,0.42336,0.0018483,0.21168,0.0018483,0.21168,460.486,0,1.02816,0,0,1.528,0.499841,1.028160,1,0,49.0372,0,0,0,49.0372,0
71.5034,2.64711,0,0,2.57261,0.132401,0.36288,3.6288,61.308,0.400931,0,0,0.697902,0.241335,0.0556353,0.66528,12.849,1,0.471919,0.36288,0,40.4869,4.31309,36.0647,0.84672,12.849,0.84672,3695.15,0,0.0036966,1.20872e-05,0.375304,1.68824,4.56715,0.989891,5.64079,0.42336,0.0018483,0.21168,0.0018483,0.21168,460.486,0,1.02816,0,0,1.40346,0.375304,1.028160,1,0,41.7612,0,0,0,41.7612,0
71.0236,2.64455,0,0,2.63527,0.107575,0.36288,3.6288,61.308,0.401272,0,0,0.763354,0.272151,0.0899305,0.66528,12.849,1,0.47522,0.36288,0,38.5195,4.86738,33.5398,0.84672,12.849,0.84672,3695.15,0,0.0036966,1.20974e-05,0.49369,1.68864,4.60267,1.11859,5.6664,0.42336,0.0018483,0.21168,0.0018483,0.21168,460.486,0,1.02816,0,0,1.52185,0.49369,1.028160,1,0,39.2962,0,0,0,39.2962,0
70.8025,2.61879,0,0,2.85353,0.0929387,0.36288,3.6288,61.308,0.441917,0,0,0.84278,0.300658,0.100204,0.66528,12.849,1,0.47377,0.36288,0,40.649,5.40435,35.1337,0.84672,12.849,0.84672,3695.15,0,0.0036966,1.33228e-05,0.584323,1.68905,4.9747,1.24018,6.00787,0.42336,0.0018483,0.21168,0.0018483,0.21168,460.486,0,1.02816,0,0,1.61248,0.584323,1.028160,1,0,41.2418,0,0,0,41.2418,0
70.351,2.61816,0,0,2.62233,0.0927813,0.36288,3.6288,61.308,0.442267,0,0,0.818571,0.300658,0.0756452,0.66528,12.849,1,0.475135,0.36288,0,40.0071,5.40435,34.4905,0.84672,12.849,0.84672,3695.15,0,0.0036966,1.33334e-05,0.585006,1.71535,5.01634,1.24018,6.0765,0.42336,0.0018483,0.21168,0.0018483,0.21168,460.486,0,1.02816,0,0,1.61317,0.585006,1.028160,1,0,40.6426,0,0,0,40.6426,0
69.6664,2.61621,0,0,2.38696,0.0924598,0.36288,3.6288,61.308,0.442617,0,0,0.765616,0.300658,0.0223408,0.66528,12.849,1,0.477827,0.36288,0,38.4067,5.40435,32.8874,0.84672,12.849,0.84672,3695.15,0,0.0036966,1.33439e-05,0.369541,1.71576,4.7124,1.24018,5.55751,0.42336,0.0018483,0.21168,0.0018483,0.21168,460.486,0,1.02816,0,0,1.3977,0.369541,1.028160,1,0,38.4673,0,0,0,38.4673,0
68.8076,2.61286,0,0,2.19487,0.0779774,0.36288,3.6288,61.2624,0.442967,0,0,0.730935,0.333566,0,0.66528,12.849,1,0.481906,0.36288,0,34.0488,5.8278,28.1019,0.84672,12.849,0.84672,3695.15,0,0.0036966,1.33545e-05,0.362586,1.71617,4.53434,1.39475,5.21833,0.42336,0.0018483,0.21168,0.0018483,0.21168,460.486,0,1.02816,0,0,1.39075,0.362586,1.028160,1,0,33.3203,0,0,0,33.3203,0
67.6767,2.66929,0,0,1.9713,0.0699823,0.36288,3.6288,61.0655,0.516536,0,0,0.638384,0.318766,0,0.66528,12.849,1,0.498458,0.36288,0,29.7622,5.5797,24.0469,0.84672,12.849,0.84672,3695.15,0,0.0036966,1.5584e-05,0.261274,1.71658,3.58388,1.45534,4.10637,0.42336,0.0018483,0.21168,0.0018483,0.21168,460.486,0,0.990896,0,0,1.25217,0.261274,1.028160,1,0,28.1533,0,0,0,28.1533,0
66.5178,2.66292,0,0,1.93623,0.0693655,0.36288,3.6288,60.8948,0.479631,0,0,0.62727,0.318369,0,0.66528,12.849,1,0.505578,0.36288,0,27.7879,5.5797,22.0655,0.84672,12.849,0.84672,3695.15,0,0.0036966,1.45172e-05,0.26136,1.7583,3.63938,1.45534,4.20369,0.42336,0.0018483,0.21168,0.0018483,0.21168,460.486,0,1.02816,0,0,1.28952,0.26136,1.028160,1,0,26.2692,0,0,0,26.2692,0
65.1138,2.65617,0,0,1.68379,0.0687334,0.36288,3.6288,60.6113,0.554888,0,0,0.589496,0.318025,0,0.66528,12.849,1,0.513083,0.36288,0,26.2903,5.5797,20.5604,0.84672,12.849,0.84672,3695.15,0,0.0036966,1.68422e-05,0.227405,1.75872,3.54165,1.45534,4.07242,0.42336,0.0018483,0.21168,0.0018483,0.21168,460.486,0,0.95326,0,0,1.18066,0.227405,1.028160,1,0,24.6328,0,0,0,24.6328,0
63.5859,2.64756,0,0,1.55051,0.0679677,0.36288,3.6288,60.2555,0.615984,0,0,0.577585,0.317454,0,0.66528,12.849,1,0.522447,0.36288,0,24.7956,5.5797,19.0563,0.84672,12.849,0.84672,3695.15,0,0.0036966,1.8784e-05,0.227405,1.75914,3.50581,1.45534,4.03699,0.42336,0.0018483,0.21168,0.0018483,0.21168,460.486,0,0.892521,0,0,1.11993,0.227405,1.028160,1,0,23.0933,0,0,0,23.0933,0
61.5954,2.81391,0,0,1.2325,0.0462585,0.36288,3.6288,59.7724,0.731948,0,0,0.569601,0.32073,0,0.66528,12.849,1,0.568614,0.36288,0,21.7221,5.70178,15.8146,0.84672,12.849,0.84672,3695.15,0,0.0036966,2.24521e-05,0.227405,1.75956,3.23256,1.4972,3.72231,0.42336,0.0018483,0.21168,0.0018483,0.21168,460.486,0,0.90682,0,0,1.13422,0.227405,1.028160,1,0,19.5369,0,0,0,19.5369,0
59.3981,2.79937,0,0,1.0187,0.0537507,0.36288,3.6288,59.2026,0.772167,0,0,0.511642,0.309265,0,0.66528,12.849,1,0.583957,0.36288,0,18.6115,5.40078,12.9897,0.84672,12.849,0.84672,3695.15,0,0.0036966,2.38772e-05,0.227405,1.90003,3.0678,1.45015,3.74506,0.42336,0.0018483,0.21168,0.0018483,0.21168,460.486,0,0.866989,0,0,1.09439,0.227405,1.028160,1,0,16.7347,0,0,0,16.7347,0
57.2402,2.78226,0,0,1.03999,0.0527178,0.36288,3.6288,58.5904,0.794121,0,0,0.489999,0.30814,0,0.66528,12.849,1,0.60186,0.36288,0,17.171,5.40078,11.5312,0.84672,12.849,0.84672,3695.15,0,0.0036966,2.47924e-05,0.204422,1.90048,3.14506,1.45015,3.79979,0.42336,0.0018483,0.21168,0.0018483,0.21168,460.486,0,0.845424,0,0,1.04985,0.204422,1.028160,1,0,15.331,0,0,0,15.331,0
55.6067,2.76439,0,0,1.54984,0.0561158,0.36288,3.6288,58.2528,0.61178,0,0,0.580112,0.305877,0,0.66528,12.849,1,0.620537,0.36288,0,22.1035,5.3711,16.4748,0.84672,12.849,0.84672,3695.15,0,0.0036966,1.92993e-05,0.236632,1.90093,3.44688,1.44651,4.13791,0.42336,0.0018483,0.21168,0.0018483,0.21168,460.486,0,1.02816,0,0,1.26479,0.236632,1.028160,1,0,20.6127,0,0,0,20.6127,0
54.3333,2.75023,0,0,1.91382,0.0741103,0.36288,3.6288,58.0386,0.61217,0,0,0.69174,0.293754,0,0.66528,12.849,1,0.635495,0.36288,0,28.4672,5.28788,22.9068,0.84672,12.849,0.84672,3695.15,0,0.0036966,1.94235e-05,0.2876,1.90138,3.56714,1.39847,4.35763,0.42336,0.0018483,0.21168,0.0018483,0.21168,460.486,0,1.02816,0,0,1.31576,0.2876,1.028160,1,0,27.2644,0,0,0,27.2644,0
52.2933,2.65527,0,0,1.03988,0.061732,0.36288,3.6288,57.9831,0.533619,0,0,0.761775,0.283702,0,0.66528,12.849,1,0.627932,0.36288,0,17.238,5.39143,11.5815,0.84672,12.849,0.84672,3695.15,0,0.0036966,1.69937e-05,0.876779,1.90184,3.06386,1.33479,4.50767,0.42336,0.0018483,0.21168,0.0018483,0.21168,460.486,0,1.02816,0,0,1.90494,0.876779,1.028160,1,0,16.0892,0,0,0,16.0892,0
50.151,2.63623,0,0,0.917361,0.0604587,0.36288,3.6288,57.5031,0.625235,0,0,0.428882,0.2836,0,0.66528,12.849,1,0.64775,0.36288,0,17.8559,5.39143,12.1796,0.84672,12.849,0.84672,3695.15,0,0.0036966,1.99303e-05,0.216518,1.82193,2.29763,1.33479,3.00127,0.42336,0.0018483,0.21168,0.0018483,0.21168,460.486,0,0.936913,0,0,1.15343,0.216518,1.028160,1,0,15.1808,0,0,0,15.1808,0
47.8926,2.61483,0,0,0.778421,0.0591215,0.36288,3.6288,56.8809,0.730423,0,0,0.390946,0.282721,0,0.66528,12.849,1,0.669934,0.36288,0,16.4993,5.39143,10.8008,0.84672,12.849,0.84672,3695.15,0,0.0036966,2.34777e-05,0.216518,1.82237,2.1863,1.33479,2.89037,0.42336,0.0018483,0.21168,0.0018483,0.21168,460.486,0,0.832093,0,0,1.04861,0.216518,1.028160,1,0,13.6912,0,0,0,13.6912,0
46.4469,2.59053,0,0,1.65973,0.152072,0.36288,3.6288,56.8682,0.534733,0,0,0.715187,0.19316,0,0.66528,12.849,1,0.695007,0.36288,0,36.3195,4.14565,31.8418,0.84672,12.849,0.84672,3695.15,0,0.0036966,1.73757e-05,0.379538,1.8228,4.84431,0.945401,6.10123,0.42336,0.0018483,0.21168,0.0018483,0.21168,460.486,0,1.02816,0,0,1.4077,0.379538,1.028160,1,0,37.943,0,0,0,37.943,0
44.8027,2.5077,0,0,1.37195,0.145588,0.36288,3.6288,56.8402,0.475172,0,0,0.63191,0.18478,0,0.66528,12.849,1,0.693726,0.36288,0,38.581,4.24466,34.0055,0.84672,12.849,0.84672,3695.15,0,0.0036966,1.54438e-05,0.216518,1.82323,4.67412,1.06479,5.64907,0.42336,0.0018483,0.21168,0.0018483,0.21168,460.486,0,1.01617,0,0,1.23269,0.216518,1.028160,1,0,39.6545,0,0,0,39.6545,0
42.8701,2.4885,0,0,1.0586,0.139731,0.36288,3.6288,56.4396,0.639396,0,0,0.424634,0.185808,0,0.66528,12.849,1,0.71368,0.36288,0,26.5256,4.29576,21.879,0.84672,12.849,0.84672,3695.15,0,0.0036966,2.07916e-05,0.216518,1.75219,3.68067,1.0955,4.55385,0.42336,0.0018483,0.21168,0.0018483,0.21168,460.486,0,0.852293,0,0,1.06881,0.216518,1.028160,1,0,26.4329,0,0,0,26.4329,0
41.8842,2.46433,0,0,1.97796,0.136677,0.36288,3.6288,56.949,0.463889,0,0,1.15856,0.185324,0,0.66528,12.849,1,0.738607,0.36288,0,52.846,4.29576,48.1745,0.84672,12.849,0.84672,3695.15,0,0.0036966,1.51916e-05,2.24577,1.7526,8.12011,1.0955,11.023,0.42336,0.0018483,0.21168,0.0018483,0.21168,460.486,0,1.02816,0,0,3.27393,2.24577,1.028160,1,0,59.1974,0,0,0,59.1974,0
42.5568,2.45161,0,0,3.6307,0.143638,0.36288,3.6288,58.4042,0.464244,0,0,2.09785,0.178324,0,0.66528,12.849,1,0.75209,0.36288,0,101.607,4.18693,97.0311,0.84672,12.849,0.84672,3695.15,0,0.0036966,1.50672e-05,2.19636,1.75302,10.6271,1.06467,13.5118,0.42336,0.0018483,0.21168,0.0018483,0.21168,460.486,0,1.02816,0,0,3.22452,2.19636,1.028160,1,0,110.543,0,0,0,110.543,0
41.2276,2.27596,0,0,1.49767,0.188035,0.36288,3.6288,58.5291,0.39589,0,0,0.674836,0.154082,0,0.66528,12.849,1,0.68717,0.36288,0,39.3971,3.61588,35.4569,0.84672,12.849,0.84672,3695.15,0,0.0036966,1.25286e-05,0.292723,1.75344,4.58736,0.883659,5.74984,0.42336,0.0018483,0.21168,0.0018483,0.21168,460.486,0,0.946927,0,0,1.23965,0.292723,1.028160,1,0,41.2068,0,0,0,41.2068,0
40.6668,2.2596,0,0,2.24071,0.179046,0.36288,3.6288,58.9114,0.314978,0,0,0.866661,0.169365,0,0.66528,12.849,1,0.704228,0.36288,0,60.5137,3.67731,56.495,0.84672,12.849,0.84672,3695.15,0,0.0036966,9.94675e-06,1.27509,1.59278,6.11791,0.886617,8.09915,0.42336,0.0018483,0.21168,0.0018483,0.21168,460.486,0,1.02816,0,0,2.30325,1.27509,1.028160,1,0,64.5942,0,0,0,64.5942,0
40.1059,2.25276,0,0,2.23506,0.180305,0.36288,3.6288,59.4376,0.315298,0,0,1.05077,0.209346,0,0.66528,12.849,1,0.711776,0.36288,0,70.1844,4.27949,65.5561,0.84672,12.849,0.84672,3695.15,0,0.0036966,9.89222e-06,1.14467,1.59316,6.82316,1.12412,8.43686,0.42336,0.0018483,0.21168,0.0018483,0.21168,460.486,0,1.02816,0,0,2.17283,1.14467,1.028160,1,0,73.9929,0,0,0,73.9929,0
40.2152,2.24575,0,0,2.88065,0.162715,0.36288,3.6288,60.1907,0.315617,0,0,1.28895,0.220199,0,0.66528,12.849,1,0.719486,0.36288,0,85.2189,3.87764,80.9847,0.84672,12.849,0.84672,3695.15,0,0.0036966,9.81458e-06,1.61312,1.59354,7.74587,0.972738,9.97978,0.42336,0.0018483,0.21168,0.0018483,0.21168,460.486,0,1.02816,0,0,2.64128,1.61312,1.028160,1,0,90.9645,0,0,0,90.9645,0
41.1245,2.24776,0,0,3.68079,0.160824,0.36288,3.6288,61.1941,0.315936,0,0,1.52547,0.206152,0,0.66528,12.849,1,0.718175,0.36288,0,89.1769,3.56236,85.2592,0.84672,12.849,0.84672,3695.15,0,0.0036966,9.70158e-06,2.38029,1.59391,12.4461,0.879611,15.5407,0.42336,0.0018483,0.21168,0.0018483,0.21168,460.486,0,1.02816,0,0,3.40845,2.38029,1.028160,1,0,100.8,0,0,0,100.8,0
42.8606,2.3312,0,0,4.62542,0.195209,0.36288,3.6288,61.308,0.359716,0,0,1.86193,0.242114,1.14617,0.66528,12.849,1,0.728364,0.36288,0,83.8244,4.50061,78.9583,0.84672,12.849,0.84672,3695.15,0,0.0036966,1.08648e-05,2.73666,1.59429,9.56785,1.19622,12.7026,0.42336,0.0018483,0.21168,0.0018483,0.21168,460.486,0,1.02816,0,0,3.76482,2.73666,1.028160,1,0,92.8071,0,0,0,92.8071,0
45.3718,2.35444,0,0,5.42773,0.199208,0.36288,3.6288,61.308,0.360032,0,0,1.78992,0.242289,1.1876,0.66528,12.849,1,0.705826,0.36288,0,122.132,4.50061,117.288,0.84672,12.849,0.84672,3695.15,0,0.0036966,1.08542e-05,2.63999,1.64566,8.74688,1.19622,11.8363,0.42336,0.0018483,0.21168,0.0018483,0.21168,460.486,0,1.02816,0,0,3.66815,2.63999,1.028160,1,0,130.312,0,0,0,130.312,0
46.4061,2.38543,0,0,3.98753,0.204991,0.36288,3.6288,61.308,0.360348,0,0,1.54632,0.242289,0.943682,0.66528,12.849,1,0.675537,0.36288,0,79.4007,4.50061,74.5875,0.84672,12.849,0.84672,3695.15,0,0.0036966,1.08637e-05,2.06178,1.64604,8.68303,1.19622,11.1946,0.42336,0.0018483,0.21168,0.0018483,0.21168,460.486,0,1.02816,0,0,3.08994,2.06178,1.028160,1,0,86.7258,0,0,0,86.7258,0
46.9589,2.39776,0,0,3.52629,0.212795,0.36288,3.6288,61.308,0.360663,0,0,1.25679,0.219861,0.676268,0.66528,12.849,1,0.663897,0.36288,0,66.4788,4.23332,61.9444,0.84672,12.849,0.84672,3695.15,0,0.0036966,1.08732e-05,1.44641,1.64641,7.23679,1.09308,9.23651,0.42336,0.0018483,0.21168,0.0018483,0.21168,460.486,0,1.02816,0,0,2.47457,1.44641,1.028160,1,0,71.8572,0,0,0,71.8572,0
47.4391,2.63897,0,0,3.69303,0.21103,0.36288,3.6288,61.308,0.524308,0,0,1.32039,0.244997,0.551085,0.66528,12.849,1,0.722081,0.36288,0,86.8787,4.09336,82.4261,0.84672,12.849,0.84672,3695.15,0,0.0036966,1.58067e-05,1.71389,1.64679,7.81997,1.06446,10.1162,0.42336,0.0018483,0.21168,0.0018483,0.21168,460.486,0,1.02816,0,0,2.74205,1.71389,1.028160,1,0,93.0933,0,0,0,93.0933,0
48.2017,2.64532,0,0,3.98396,0.213107,0.36288,3.6288,61.308,0.524661,0,0,1.32016,0.246081,0.549415,0.66528,12.849,1,0.716493,0.36288,0,81.0052,3.93047,76.7211,0.84672,12.849,0.84672,3695.15,0,0.0036966,1.58174e-05,1.70114,1.82933,6.08424,1.01176,8.60293,0.42336,0.0018483,0.21168,0.0018483,0.21168,460.486,0,1.02816,0,0,2.7293,1.70114,1.028160,1,0,85.8735,0,0,0,85.8735,0
48.3149,2.65488,0,0,3.34579,0.214892,0.36288,3.6288,61.308,0.525014,0,0,1.44912,0.246081,0.678023,0.66528,12.849,1,0.707704,0.36288,0,92.3815,3.93047,88.1062,0.84672,12.849,0.84672,3695.15,0,0.0036966,1.5828e-05,2.06948,1.82975,6.90371,1.01176,9.79116,0.42336,0.0018483,0.21168,0.0018483,0.21168,460.486,0,1.02816,0,0,3.09764,2.06948,1.028160,1,0,98.5754,0,0,0,98.5754,0
49.8857,2.65679,0,0,4.81163,0.221073,0.36288,3.6288,61.308,0.525367,0,0,1.43833,0.23029,0.68267,0.66528,12.849,1,0.706555,0.36288,0,99.9804,3.66001,95.9767,0.84672,12.849,0.84672,3695.15,0,0.0036966,1.58386e-05,2.00405,1.83016,8.78939,0.956328,11.6673,0.42336,0.0018483,0.21168,0.0018483,0.21168,460.486,0,1.02816,0,0,3.03221,2.00405,1.028160,1,0,108.327,0,0,0,108.327,0
52.8659,2.33601,0,0,5.91923,0.240216,0.36288,3.6288,61.308,0.306331,0,0,1.44497,0.189167,0.949473,0.66528,12.849,1,0.601682,0.36288,0,154.567,2.96514,151.363,0.84672,12.849,0.84672,3695.15,0,0.0036966,9.23519e-06,2.39401,1.83058,11.5961,0.770911,15.0498,0.42336,0.0018483,0.21168,0.0018483,0.21168,460.486,0,1.02816,0,0,3.42217,2.39401,1.028160,1,0,167.362,0,0,0,167.362,0
54.1226,2.36383,0,0,4.23135,0.247933,0.36288,3.6288,61.308,0.306634,0,0,1.20734,0.188509,0.712193,0.66528,12.849,1,0.574528,0.36288,0,124.832,2.95764,121.663,0.84672,12.849,0.84672,3695.15,0,0.0036966,9.24433e-06,1.51657,1.58157,8.96279,0.752179,11.3087,0.42336,0.0018483,0.21168,0.0018483,0.21168,460.486,0,1.02816,0,0,2.54473,1.51657,1.028160,1,0,133.684,0,0,0,133.684,0
56.303,2.37516,0,0,5.16957,0.251131,0.36288,3.6288,61.308,0.306937,0,0,2.82516,0.188509,2.32971,0.66528,12.849,1,0.563875,0.36288,0,179.436,2.95764,176.277,0.84672,12.849,0.84672,3695.15,0,0.0036966,9.25347e-06,2.65992,1.58193,10.6386,0.752179,14.1283,0.42336,0.0018483,0.21168,0.0018483,0.21168,460.486,0,1.02816,0,0,3.68808,2.65992,1.028160,1,0,192.735,0,0,0,192.735,0
58.7225,2.39348,0,0,5.39669,0.220767,0.36288,3.6288,61.308,0.30724,0,0,2.30184,0.195788,1.79881,0.66528,12.849,1,0.546221,0.36288,0,134.818,3.06453,131.57,0.84672,12.849,0.84672,3695.15,0,0.0036966,9.26261e-06,2.09846,1.58229,9.85461,0.769731,12.7656,0.42336,0.0018483,0.21168,0.0018483,0.21168,460.486,0,1.02816,0,0,3.12662,2.09846,1.028160,1,0,146.134,0,0,0,146.134,0
59.9623,2.4125,0,0,4.24435,0.229191,0.36288,3.6288,61.308,0.307544,0,0,2.04033,0.196068,1.53672,0.66528,12.849,1,0.527875,0.36288,0,113.91,3.36939,110.375,0.84672,12.849,0.84672,3695.15,0,0.0036966,9.27176e-06,1.88665,1.58265,7.63482,0.824638,10.2795,0.42336,0.0018483,0.21168,0.0018483,0.21168,460.486,0,1.02816,0,0,2.91481,1.88665,1.028160,1,0,122.192,0,0,0,122.192,0
60.4078,2.51053,0,0,3.55872,0.239859,0.36288,3.6288,61.308,0.361579,0,0,1.88921,0.196768,1.33087,0.66528,12.849,1,0.537968,0.36288,0,78.9074,4.13154,74.6008,0.84672,12.849,0.84672,3695.15,0,0.0036966,1.09008e-05,1.20807,1.58301,6.40798,0.961905,8.23714,0.42336,0.0018483,0.21168,0.0018483,0.21168,460.486,0,1.02816,0,0,2.23623,1.20807,1.028160,1,0,84.1688,0,0,0,84.1688,0
60.8512,2.51437,0,0,3.56153,0.240853,0.36288,3.6288,61.308,0.361895,0,0,1.78699,0.196768,1.22832,0.66528,12.849,1,0.534819,0.36288,0,86.9573,4.13154,82.6538,0.84672,12.849,0.84672,3695.15,0,0.0036966,1.09103e-05,1.45422,1.64502,6.53594,0.961905,8.67327,0.42336,0.0018483,0.21168,0.0018483,0.21168,460.486,0,1.02816,0,0,2.48238,1.45422,1.028160,1,0,92.5554,0,0,0,92.5554,0
60.9383,2.51816,0,0,3.19322,0.225046,0.36288,3.6288,61.308,0.36221,0,0,1.13682,0.216503,0.558104,0.66528,12.849,1,0.531722,0.36288,0,67.6858,4.38636,63.1306,0.84672,12.849,0.84672,3695.15,0,0.0036966,1.09198e-05,0.653339,1.6454,3.90713,1.03319,5.17266,0.42336,0.0018483,0.21168,0.0018483,0.21168,460.486,0,1.02816,0,0,1.6815,0.653339,1.028160,1,0,68.8613,0,0,0,68.8613,0
60.4056,2.51936,0,0,2.53291,0.183433,0.36288,3.6288,61.308,0.362526,0,0,1.12506,0.265839,0.496692,0.66528,12.849,1,0.531215,0.36288,0,55.1168,5.02341,49.9251,0.84672,12.849,0.84672,3695.15,0,0.0036966,1.09294e-05,0.606675,1.64577,4.80241,1.21141,5.84344,0.42336,0.0018483,0.21168,0.0018483,0.21168,460.486,0,1.02816,0,0,1.63483,0.606675,1.028160,1,0,56.2652,0,0,0,56.2652,0
60.5499,2.48139,0,0,3.17933,0.190696,0.36288,3.6288,61.308,0.341954,0,0,1.46512,0.220693,0.902472,0.66528,12.849,1,0.527823,0.36288,0,81.8035,4.58178,77.0568,0.84672,12.849,0.84672,3695.15,0,0.0036966,1.03092e-05,1.11037,1.64615,6.01715,1.0439,7.72975,0.42336,0.0018483,0.21168,0.0018483,0.21168,460.486,0,1.02816,0,0,2.13853,1.11037,1.028160,1,0,85.689,0,0,0,85.689,0
60.462,2.483,0,0,2.94893,0.190926,0.36288,3.6288,61.308,0.342265,0,0,1.24398,0.220693,0.68102,0.66528,12.849,1,0.526904,0.36288,0,71.9263,4.58178,67.1805,0.84672,12.849,0.84672,3695.15,0,0.0036966,1.03185e-05,0.659327,1.6225,5.96008,1.0439,7.19799,0.42336,0.0018483,0.21168,0.0018483,0.21168,460.486,0,1.02816,0,0,1.68749,0.659327,1.028160,1,0,75.0595,0,0,0,75.0595,0
60.1068,2.48293,0,0,2.6602,0.16958,0.36288,3.6288,61.308,0.342576,0,0,1.09484,0.232181,0.520086,0.66528,12.849,1,0.527656,0.36288,0,66.6481,4.54473,61.9386,0.84672,12.849,0.84672,3695.15,0,0.0036966,1.03279e-05,0.699045,1.62287,5.13963,1.02343,6.4381,0.42336,0.0018483,0.21168,0.0018483,0.21168,460.486,0,1.02816,0,0,1.72721,0.699045,1.028160,1,0,68.8968,0,0,0,68.8968,0
59.4838,2.48092,0,0,2.337,0.116193,0.36288,3.6288,61.308,0.342887,0,0,1.06072,0.260901,0.456936,0.66528,12.849,1,0.530345,0.36288,0,57.9891,4.45211,53.3695,0.84672,12.849,0.84672,3695.15,0,0.0036966,1.03373e-05,0.942373,1.62324,4.98634,0.972257,6.57969,0.42336,0.0018483,0.21168,0.0018483,0.21168,460.486,0,1.02816,0,0,1.97053,0.942373,1.028160,1,0,60.4061,0,0,0,60.4061,0
58.6348,2.59441,0,0,2.23959,0.13137,0.36288,3.6288,61.308,0.41734,0,0,1.13137,0.239899,0.474134,0.66528,12.849,1,0.560415,0.36288,0,46.3963,4.45553,41.7432,0.84672,12.849,0.84672,3695.15,0,0.0036966,1.25819e-05,0.89049,1.6236,4.95711,1.03439,6.4368,0.42336,0.0018483,0.21168,0.0018483,0.21168,460.486,0,1.02816,0,0,1.91865,0.89049,1.028160,1,0,48.6542,0,0,0,48.6542,0
57.8933,2.58834,0,0,2.35189,0.142103,0.36288,3.6288,61.308,0.417668,0,0,1.13958,0.224148,0.497765,0.66528,12.849,1,0.5672,0.36288,0,52.1684,4.45809,47.506,0.84672,12.849,0.84672,3695.15,0,0.0036966,1.25918e-05,0.798941,1.70803,4.97318,1.08099,6.39915,0.42336,0.0018483,0.21168,0.0018483,0.21168,460.486,0,1.02816,0,0,1.8271,0.798941,1.028160,1,0,54.4029,0,0,0,54.4029,0
56.9054,2.58298,0,0,2.07979,0.121903,0.36288,3.6288,61.308,0.417996,0,0,1.0696,0.238313,0.413288,0.66528,12.849,1,0.573274,0.36288,0,46.3742,4.61874,41.545,0.84672,12.849,0.84672,3695.15,0,0.0036966,1.26017e-05,0.695779,1.70842,4.85648,1.12204,6.13863,0.42336,0.0018483,0.21168,0.0018483,0.21168,460.486,0,1.02816,0,0,1.72394,0.695779,1.028160,1,0,48.097,0,0,0,48.097,0
55.8403,2.57545,0,0,1.96866,0.0954024,0.36288,3.6288,61.308,0.418324,0,0,1.0262,0.2572,0.350675,0.66528,12.849,1,0.581526,0.36288,0,42.8953,4.83294,37.8437,0.84672,12.849,0.84672,3695.15,0,0.0036966,1.26115e-05,0.604498,1.70881,4.72789,1.17677,5.86442,0.42336,0.0018483,0.21168,0.0018483,0.21168,460.486,0,1.02816,0,0,1.63266,0.604498,1.028160,1,0,44.0588,0,0,0,44.0588,0
54.6843,2.56701,0,0,1.87,0.0961426,0.36288,3.6288,61.308,0.418653,0,0,0.923305,0.24819,0.256463,0.66528,12.849,1,0.590676,0.36288,0,40.5809,4.69542,35.6577,0.84672,12.849,0.84672,3695.15,0,0.0036966,1.26214e-05,0.562188,1.7092,4.83086,1.15149,5.95074,0.42336,0.0018483,0.21168,0.0018483,0.21168,460.486,0,1.02816,0,0,1.59035,0.562188,1.028160,1,0,41.8649,0,0,0,41.8649,0
53.471,2.53457,0,0,1.78354,0.0993395,0.36288,3.6288,61.308,0.459776,0,0,0.763361,0.225664,0.077921,0.66528,12.849,1,0.595542,0.36288,0,34.3053,4.35162,29.721,0.84672,12.849,0.84672,3695.15,0,0.0036966,1.38612e-05,0.672598,1.70958,4.51233,1.0883,5.80619,0.42336,0.0018483,0.21168,0.0018483,0.21168,460.486,0,1.02816,0,0,1.70076,0.672598,1.028160,1,0,35.6051,0,0,0,35.6051,0
52.1078,2.52425,0,0,1.62205,0.0981252,0.36288,3.6288,61.308,0.460114,0,0,0.744379,0.225664,0.0586014,0.66528,12.849,1,0.606574,0.36288,0,33.6339,4.35162,29.0386,0.84672,12.849,0.84672,3695.15,0,0.0036966,1.38714e-05,0.650549,1.73619,4.32362,1.0883,5.62204,0.42336,0.0018483,0.21168,0.0018483,0.21168,460.486,0,1.02816,0,0,1.67871,0.650549,1.028160,1,0,34.7192,0,0,0,34.7192,0
50.6083,2.51209,0,0,1.47225,0.0967608,0.36288,3.6288,61.308,0.460452,0,0,0.698345,0.225664,0.0122297,0.66528,12.849,1,0.619444,0.36288,0,29.9705,4.35162,25.3623,0.84672,12.849,0.84672,3695.15,0,0.0036966,1.38816e-05,0.461246,1.73658,4.18252,1.0883,5.29204,0.42336,0.0018483,0.21168,0.0018483,0.21168,460.486,0,1.02816,0,0,1.48941,0.461246,1.028160,1,0,30.6666,0,0,0,30.6666,0
49.0764,2.49802,0,0,1.39678,0.0677672,0.36288,3.6288,61.1998,0.460789,0,0,0.65505,0.302447,0,0.66528,12.849,1,0.634224,0.36288,0,26.9582,5.33967,21.3472,0.84672,12.849,0.84672,3695.15,0,0.0036966,1.38918e-05,0.46707,1.73698,3.96383,1.44896,4.71891,0.42336,0.0018483,0.21168,0.0018483,0.21168,460.486,0,1.02816,0,0,1.49523,0.46707,1.028160,1,0,26.0661,0,0,0,26.0661,0
47.6644,2.54084,0,0,1.56087,0.0692156,0.36288,3.6288,61.0002,0.497518,0,0,0.612899,0.314985,0,0.66528,12.849,1,0.665232,0.36288,0,28.6263,5.67429,22.6497,0.84672,12.849,0.84672,3695.15,0,0.0036966,1.50256e-05,0.619237,1.73737,4.07799,1.50543,4.92916,0.42336,0.0018483,0.21168,0.0018483,0.21168,460.486,0,1.02816,0,0,1.6474,0.619237,1.028160,1,0,27.5788,0,0,0,27.5788,0
46.181,2.52588,0,0,1.47401,0.0685787,0.36288,3.6288,60.7595,0.497864,0,0,0.573839,0.316709,0,0.66528,12.849,1,0.680909,0.36288,0,27.5413,5.73006,21.4932,0.84672,12.849,0.84672,3695.15,0,0.0036966,1.50852e-05,0.62265,1.77959,4.19718,1.51485,5.08456,0.42336,0.0018483,0.21168,0.0018483,0.21168,460.486,0,1.02816,0,0,1.65081,0.62265,1.028160,1,0,26.5778,0,0,0,26.5778,0
44.576,2.50934,0,0,1.33463,0.0674646,0.36288,3.6288,60.4933,0.49821,0,0,0.548274,0.316226,0,0.66528,12.849,1,0.698177,0.36288,0,25.9387,5.73006,19.8733,0.84672,12.849,0.84672,3695.15,0,0.0036966,1.51555e-05,0.454378,1.77999,3.90249,1.51485,4.622,0.42336,0.0018483,0.21168,0.0018483,0.21168,460.486,0,1.02816,0,0,1.48254,0.454378,1.028160,1,0,24.4953,0,0,0,24.4953,0
42.835,2.49039,0,0,1.16719,0.0549033,0.36288,3.6288,60.2157,0.498556,0,0,0.544385,0.323422,0,0.66528,12.849,1,0.717853,0.36288,0,24.6992,5.95438,18.3898,0.84672,12.849,0.84672,3695.15,0,0.0036966,1.52328e-05,0.430704,1.78039,3.94424,1.55966,4.59565,0.42336,0.0018483,0.21168,0.0018483,0.21168,460.486,0,1.02816,0,0,1.45886,0.430704,1.028160,1,0,22.9855,0,0,0,22.9855,0
40.8491,2.63336,0,0,1.07656,0.0662377,0.36288,3.6288,59.8312,0.630373,0,0,0.55622,0.310321,0,0.66528,12.849,1,0.789917,0.36288,0,25.5967,5.88957,19.2801,0.84672,12.849,0.84672,3695.15,0,0.0036966,1.93491e-05,0.54877,1.7808,4.07304,1.42063,4.98195,0.42336,0.0018483,0.21168,0.0018483,0.21168,460.486,0,1.02816,0,0,1.57693,0.54877,1.028160,1,0,24.262,0,0,0,24.262,0
38.8592,2.60474,0,0,1.05002,0.0722507,0.36288,3.6288,59.4176,0.630749,0,0,0.526756,0.309668,0,0.66528,12.849,1,0.819315,0.36288,0,26.8673,5.93901,20.4718,0.84672,12.849,0.84672,3695.15,0,0.0036966,1.9485e-05,0.645779,1.92294,4.36228,1.4329,5.49808,0.42336,0.0018483,0.21168,0.0018483,0.21168,460.486,0,1.02816,0,0,1.67394,0.645779,1.028160,1,0,25.9699,0,0,0,25.9699,0
36.9656,2.5781,0,0,1.11799,0.0705845,0.36288,3.6288,59.0001,0.631125,0,0,0.52245,0.308851,0,0.66528,12.849,1,0.84672,0.36288,0,25.0979,5.93901,18.6751,0.84672,12.849,0.84672,3695.15,0,0.0036966,1.96324e-05,0.619929,1.92338,4.59763,1.4329,5.70802,0.42336,0.0018483,0.21168,0.0018483,0.21168,460.486,0,1.02816,0,0,1.64809,0.619929,1.028160,1,0,24.3831,0,0,0,24.3831,0
35.6257,2.57887,0,0,1.67803,0.0762309,0.36288,3.6288,58.6847,0.631501,0,0,0.62207,0.305911,0,0.66528,12.849,1,0.84672,0.36288,0,37.0613,5.87964,30.6978,0.84672,12.849,0.84672,3695.15,0,0.0036966,1.97831e-05,0.945562,1.92381,4.88595,1.42562,6.32969,0.42336,0.0018483,0.21168,0.0018483,0.21168,460.486,0,1.02816,0,0,1.97372,0.945562,1.028160,1,0,37.0275,0,0,0,37.0275,0
34.865,2.57965,0,0,2.28051,0.0986526,0.36288,3.6288,58.6117,0.631878,0,0,0.847091,0.288179,0,0.66528,12.849,1,0.84672,0.36288,0,45.1764,5.595,39.0976,0.84672,12.849,0.84672,3695.15,0,0.0036966,1.99013e-05,1.35339,1.92425,5.62616,1.36119,7.54258,0.42336,0.0018483,0.21168,0.0018483,0.21168,460.486,0,1.02816,0,0,2.38155,1.35339,1.028160,1,0,46.6401,0,0,0,46.6401,0
32.8293,2.47585,0,0,0.971663,0.168626,0.36288,3.6288,58.4549,0.552366,0,0,0.63185,0.236332,0,0.66528,12.849,1,0.84672,0.36288,0,26.4965,3.97572,22.037,0.84672,12.849,0.84672,3695.15,0,0.0036966,1.74186e-05,0.853632,1.92469,5.60923,1.09471,7.29282,0.42336,0.0018483,0.21168,0.0018483,0.21168,460.486,0,1.02816,0,0,1.88179,0.853632,1.028160,1,0,29.3298,0,0,0,29.3298,0
31.1644,2.4766,0,0,1.339,0.164455,0.36288,3.6288,58.3043,0.552724,0,0,0.638232,0.236094,0,0.66528,12.849,1,0.84672,0.36288,0,38.5008,3.97572,34.0412,0.84672,12.849,0.84672,3695.15,0,0.0036966,1.74767e-05,0.611928,1.8438,5.95413,1.09471,7.31513,0.42336,0.0018483,0.21168,0.0018483,0.21168,460.486,0,1.02816,0,0,1.64009,0.611928,1.028160,1,0,41.3564,0,0,0,41.3564,0
29.6114,2.47735,0,0,1.44831,0.161044,0.36288,3.6288,58.3811,0.553082,0,0,0.865728,0.235865,0,0.66528,12.849,1,0.84672,0.36288,0,38.713,3.97572,34.2534,0.84672,12.849,0.84672,3695.15,0,0.0036966,1.75332e-05,2.021,1.84422,5.82252,1.09471,8.59301,0.42336,0.0018483,0.21168,0.0018483,0.21168,460.486,0,1.02816,0,0,3.04916,2.021,1.028160,1,0,42.8464,0,0,0,42.8464,0
28.8248,2.47809,0,0,2.21205,0.157751,0.36288,3.6288,59.463,0.553441,0,0,1.87134,0.235982,0,0.66528,12.849,1,0.84672,0.36288,0,52.5032,3.97572,48.0436,0.84672,12.849,0.84672,3695.15,0,0.0036966,1.75215e-05,7.71428,1.84464,9.14569,1.09471,17.6099,0.42336,0.0018483,0.21168,0.0018483,0.21168,460.486,0,1.02816,0,0,8.74244,7.71428,1.028160,1,0,65.6535,0,0,0,65.6535,0
29.451,2.39293,0,0,3.55609,0.174004,0.36288,3.6288,60.276,0.481015,0,0,1.56008,0.266099,0,0.66528,12.849,1,0.84672,0.36288,0,70.3151,4.68094,65.1503,0.84672,12.849,0.84672,3695.15,0,0.0036966,1.49515e-05,2.91138,1.84506,6.9728,1.14288,10.5863,0.42336,0.0018483,0.21168,0.0018483,0.21168,460.486,0,1.02816,0,0,3.93954,2.91138,1.028160,1,0,75.7366,0,0,0,75.7366,0
29.7829,2.36851,0,0,3.25193,0.188633,0.36288,3.6288,60.9272,0.506519,0,0,1.43227,0.274491,0,0.66528,12.849,1,0.84672,0.36288,0,66.1719,5.22123,60.4669,0.84672,12.849,0.84672,3695.15,0,0.0036966,1.55319e-05,2.59517,1.77314,9.75463,1.17769,12.9452,0.42336,0.0018483,0.21168,0.0018483,0.21168,460.486,0,1.02816,0,0,3.62333,2.59517,1.028160,1,0,73.4121,0,0,0,73.4121,0
29.8798,2.39441,0,0,3.0436,0.189478,0.36288,3.6288,61.308,0.481699,0,0,1.47131,0.275629,0.333215,0.66528,12.849,1,0.84672,0.36288,0,83.4451,5.22123,77.7401,0.84672,12.849,0.84672,3695.15,0,0.0036966,1.46129e-05,2.42927,1.78827,7.79275,1.17769,10.8326,0.42336,0.0018483,0.21168,0.0018483,0.21168,460.486,0,1.02816,0,0,3.45743,2.42927,1.028160,1,0,88.9059,0,0,0,88.9059,0
30.3325,2.39514,0,0,3.40052,0.189724,0.36288,3.6288,61.308,0.482042,0,0,1.65858,0.276294,0.900242,0.66528,12.849,1,0.84672,0.36288,0,51.1524,5.22123,45.4474,0.84672,12.849,0.84672,3695.15,0,0.0036966,1.45325e-05,2.93195,1.77394,8.34525,1.17769,11.8734,0.42336,0.0018483,0.21168,0.0018483,0.21168,460.486,0,1.02816,0,0,3.96011,2.93195,1.028160,1,0,58.221,0,0,0,58.221,0
35.1439,2.15168,0,0,7.50114,0.175179,0.36288,3.6288,61.308,0.330658,0,0,2.57132,0.244174,1.99649,0.66528,12.849,1,0.84672,0.36288,0,76.5014,4.47501,71.5426,0.84672,12.849,0.84672,3695.15,0,0.0036966,9.9686e-06,3.66754,1.77435,13.445,1.1789,17.7079,0.42336,0.0018483,0.21168,0.0018483,0.21168,460.486,0,1.02816,0,0,4.6957,3.66754,1.028160,1,0,91.247,0,0,0,91.247,0
40.3063,2.06763,0,0,7.79083,0.197976,0.36288,3.6288,61.308,0.506485,0,0,2.2797,0.219879,1.55333,0.66528,12.849,1,0.755947,0.36288,0,116.955,3.92805,112.634,0.84672,12.849,0.84672,3695.15,0,0.0036966,1.52694e-05,3.33332,1.61175,10.6944,1.08034,14.5591,0.42336,0.0018483,0.21168,0.0018483,0.21168,460.486,0,1.02816,0,0,4.36148,3.33332,1.028160,1,0,128.747,0,0,0,128.747,0
45.835,2.27466,0,0,8.37665,0.210406,0.36288,3.6288,61.308,0.331274,0,0,3.2217,0.219879,2.67055,0.66528,12.849,1,0.725125,0.36288,0,120.92,3.92805,116.629,0.84672,12.849,0.84672,3695.15,0,0.0036966,9.98717e-06,3.32528,1.71484,11.6535,1.08034,15.6132,0.42336,0.0018483,0.21168,0.0018483,0.21168,460.486,0,1.02816,0,0,4.35344,3.32528,1.028160,1,0,134.913,0,0,0,134.913,0
47.8613,2.34351,0,0,4.96595,0.23329,0.36288,3.6288,61.308,0.331582,0,0,1.68023,0.17449,1.17416,0.66528,12.849,1,0.656961,0.36288,0,84.7536,3.43305,81.0265,0.84672,12.849,0.84672,3695.15,0,0.0036966,9.99645e-06,2.00184,1.61249,9.31988,0.946127,11.9881,0.42336,0.0018483,0.21168,0.0018483,0.21168,460.486,0,1.02816,0,0,3.03,2.00184,1.028160,1,0,94.1887,0,0,0,94.1887,0
48.4002,2.36598,0,0,3.5079,0.240112,0.36288,3.6288,61.308,0.33189,0,0,1.20387,0.166925,0.705057,0.66528,12.849,1,0.635179,0.36288,0,48.1222,3.35055,44.4994,0.84672,12.849,0.84672,3695.15,0,0.0036966,1.00057e-05,1.16209,1.61285,9.03899,0.923758,10.8902,0.42336,0.0018483,0.21168,0.0018483,0.21168,460.486,0,1.02816,0,0,2.19025,1.16209,1.028160,1,0,56.0946,0,0,0,56.0946,0
50.3019,2.4464,0,0,4.93148,0.220511,0.36288,3.6288,61.308,0.376174,0,0,1.82078,0.17001,1.2746,0.66528,12.849,1,0.649456,0.36288,0,116.787,3.76362,112.737,0.84672,12.849,0.84672,3695.15,0,0.0036966,1.13408e-05,2.79674,1.61322,8.33535,0.784321,11.961,0.42336,0.0018483,0.21168,0.0018483,0.21168,460.486,0,1.02816,0,0,3.8249,2.79674,1.028160,1,0,125.972,0,0,0,125.972,0
51.4264,2.4665,0,0,4.17893,0.225048,0.36288,3.6288,61.308,0.376478,0,0,1.57863,0.17001,1.03214,0.66528,12.849,1,0.630036,0.36288,0,98.6939,3.76362,94.6631,0.84672,12.849,0.84672,3695.15,0,0.0036966,1.135e-05,2.314,1.66518,7.54471,0.784321,10.7396,0.42336,0.0018483,0.21168,0.0018483,0.21168,460.486,0,1.02816,0,0,3.34216,2.314,1.028160,1,0,106.435,0,0,0,106.435,0
52.2161,2.47806,0,0,3.85837,0.227715,0.36288,3.6288,61.308,0.376782,0,0,1.51673,0.17001,0.969943,0.66528,12.849,1,0.619148,0.36288,0,90.5973,3.76362,86.5774,0.84672,12.849,0.84672,3695.15,0,0.0036966,1.13591e-05,2.1868,1.66554,7.36318,0.784321,10.4312,0.42336,0.0018483,0.21168,0.0018483,0.21168,460.486,0,1.02816,0,0,3.21496,2.1868,1.028160,1,0,97.9786,0,0,0,97.9786,0
53.1438,2.48611,0,0,4.0459,0.269213,0.36288,3.6288,61.308,0.377086,0,0,1.53163,0.174708,0.979836,0.66528,12.849,1,0.611765,0.36288,0,94.1656,4.03314,89.8836,0.84672,12.849,0.84672,3695.15,0,0.0036966,1.13683e-05,2.22042,1.6659,7.67301,0.935123,10.6242,0.42336,0.0018483,0.21168,0.0018483,0.21168,460.486,0,1.02816,0,0,3.24858,2.22042,1.028160,1,0,101.488,0,0,0,101.488,0
53.587,2.73863,0,0,3.81997,0.275236,0.36288,3.6288,61.308,0.542649,0,0,1.36801,0.192878,0.632479,0.66528,12.849,1,0.66214,0.36288,0,94.5155,4.34622,89.8701,0.84672,12.849,0.84672,3695.15,0,0.0036966,1.63597e-05,1.8651,1.66626,6.50632,1.14921,8.88845,0.42336,0.0018483,0.21168,0.0018483,0.21168,460.486,0,1.02816,0,0,2.89326,1.8651,1.028160,1,0,99.391,0,0,0,99.391,0
53.5046,2.74364,0,0,3.27576,0.251644,0.36288,3.6288,61.308,0.542989,0,0,1.13356,0.193142,0.397428,0.66528,12.849,1,0.657865,0.36288,0,84.4456,4.14319,80.0075,0.84672,12.849,0.84672,3695.15,0,0.0036966,1.63699e-05,1.33817,1.85094,5.09446,1.04583,7.23772,0.42336,0.0018483,0.21168,0.0018483,0.21168,460.486,0,1.02816,0,0,2.36633,1.33817,1.028160,1,0,87.6426,0,0,0,87.6426,0
53.813,2.74342,0,0,3.66611,0.251433,0.36288,3.6288,61.308,0.543329,0,0,1.2344,0.193142,0.497926,0.66528,12.849,1,0.658825,0.36288,0,95.847,4.14319,91.4078,0.84672,12.849,0.84672,3695.15,0,0.0036966,1.63802e-05,1.69367,1.85134,5.63823,1.04583,8.1374,0.42336,0.0018483,0.21168,0.0018483,0.21168,460.486,0,1.02816,0,0,2.72183,1.69367,1.028160,1,0,100.043,0,0,0,100.043,0
54.1865,2.74706,0,0,3.73562,0.252224,0.36288,3.6288,61.308,0.543669,0,0,1.15284,0.193142,0.416033,0.66528,12.849,1,0.655919,0.36288,0,97.8264,4.14319,93.3902,0.84672,12.849,0.84672,3695.15,0,0.0036966,1.63904e-05,1.33972,1.85174,5.54674,1.04583,7.69235,0.42336,0.0018483,0.21168,0.0018483,0.21168,460.486,0,1.02816,0,0,2.36788,1.33972,1.028160,1,0,101.499,0,0,0,101.499,0
57.2666,2.40256,0,0,6.12545,0.279854,0.36288,3.6288,61.308,0.322037,0,0,2.90878,0.170647,2.41609,0.66528,12.849,1,0.569709,0.36288,0,131.553,3.48791,127.859,0.84672,12.849,0.84672,3695.15,0,0.0036966,9.70871e-06,3.19013,1.85214,11.894,0.916023,16.0202,0.42336,0.0018483,0.21168,0.0018483,0.21168,460.486,0,1.02816,0,0,4.21829,3.19013,1.028160,1,0,146.295,0,0,0,146.295,0
60.3031,2.42812,0,0,6.15292,0.325444,0.36288,3.6288,61.308,0.322329,0,0,3.06334,0.166003,2.57501,0.66528,12.849,1,0.544801,0.36288,0,146.44,3.41523,142.843,0.84672,12.849,0.84672,3695.15,0,0.0036966,9.71751e-06,2.58492,1.60019,13.3924,0.953455,16.6241,0.42336,0.0018483,0.21168,0.0018483,0.21168,460.486,0,1.02816,0,0,3.61308,2.58492,1.028160,1,0,162.042,0,0,0,162.042,0
61.4153,2.45127,0,0,4.24091,0.314553,0.36288,3.6288,61.308,0.322621,0,0,2.09929,0.153971,1.62269,0.66528,12.849,1,0.5223,0.36288,0,117.792,3.24084,114.391,0.84672,12.849,0.84672,3695.15,0,0.0036966,9.72632e-06,1.97244,1.60054,11.9644,0.928405,14.609,0.42336,0.0018483,0.21168,0.0018483,0.21168,460.486,0,1.02816,0,0,3.0006,1.97244,1.028160,1,0,130.623,0,0,0,130.623,0
64.3065,2.45962,0,0,5.97924,0.265508,0.36288,3.6288,61.308,0.322914,0,0,2.67756,0.123889,2.23076,0.66528,12.849,1,0.514589,0.36288,0,125.992,2.80487,123.035,0.84672,12.849,0.84672,3695.15,0,0.0036966,9.73513e-06,2.69381,1.60088,12.8242,0.865777,16.2531,0.42336,0.0018483,0.21168,0.0018483,0.21168,460.486,0,1.02816,0,0,3.72197,2.69381,1.028160,1,0,141.519,0,0,0,141.519,0
68.2118,2.47944,0,0,7.02414,0.276555,0.36288,3.6288,61.308,0.323206,0,0,4.15495,0.140031,3.69171,0.66528,12.849,1,0.495414,0.36288,0,167.112,2.90824,164.072,0.84672,12.849,0.84672,3695.15,0,0.0036966,9.74393e-06,4.39341,1.60123,16.376,0.914532,21.4561,0.42336,0.0018483,0.21168,0.0018483,0.21168,460.486,0,1.02816,0,0,5.42157,4.39341,1.028160,1,0,189.219,0,0,0,189.219,0
69.9208,2.59534,0,0,4.98157,0.314357,0.36288,3.6288,61.308,0.377859,0,0,2.92963,0.236879,2.31489,0.66528,12.849,1,0.488882,0.36288,0,184.353,3.52852,180.699,0.84672,12.849,0.84672,3695.15,0,0.0036966,1.13916e-05,4.53412,1.60157,13.9557,1.20706,18.8843,0.42336,0.0018483,0.21168,0.0018483,0.21168,460.486,0,1.02816,0,0,5.56228,4.53412,1.028160,1,0,201.898,0,0,0,201.898,0
71.1858,2.606,0,0,4.55241,0.318563,0.36288,3.6288,61.308,0.378163,0,0,2.5481,0.236879,1.93306,0.66528,12.849,1,0.478891,0.36288,0,129.123,3.52852,125.479,0.84672,12.849,0.84672,3695.15,0,0.0036966,1.14008e-05,2.443,1.6643,10.0448,1.20706,12.945,0.42336,0.0018483,0.21168,0.0018483,0.21168,460.486,0,1.02816,0,0,3.47116,2.443,1.028160,1,0,140.357,0,0,0,140.357,0
72.29,2.61377,0,0,5.27321,0.314196,1.24101,3.6288,61.308,0.378467,0,0,3.33571,0.236047,2.7212,0.66528,12.849,1,0.471785,1.24101,0,137.697,3.57795,134.888,0.84672,12.849,0.84672,3695.15,0,0.0036966,1.14099e-05,4.06953,1.66466,16.3588,1.21028,20.8827,0.42336,0.0018483,0.21168,0.0018483,0.21168,460.486,0,1.02816,0,0,5.09769,4.06953,1.028160,1,0,158.492,0,0,0,158.492,0
72.29,2.62046,0,0,4.05247,0.287538,1.14447,3.6288,61.308,0.378771,0,0,2.3793,0.237118,1.76341,0.66528,12.849,1,0.465767,1.14447,0,110.209,3.74136,107.147,0.84672,12.849,0.84672,3695.15,0,0.0036966,1.14191e-05,2.85421,1.66502,8.63456,1.23123,11.9225,0.42336,0.0018483,0.21168,0.0018483,0.21168,460.486,0,1.02816,0,0,3.88237,2.85421,1.028160,1,0,120.833,0,0,0,120.833,0
72.29,2.5849,0,0,4.76956,0.246789,1.93787,3.6288,61.308,0.357944,0,0,2.38903,0.224219,1.80687,0.66528,12.849,1,0.459447,1.93787,0,108.829,4.20429,106.103,0.84672,12.849,0.84672,3695.15,0,0.0036966,1.07912e-05,3.0314,1.66538,9.82014,1.20783,13.3091,0.42336,0.0018483,0.21168,0.0018483,0.21168,460.486,0,1.02816,0,0,4.05956,3.0314,1.028160,1,0,121.219,0,0,0,121.219,0
72.29,2.58546,0,0,4.02689,0.233349,1.20808,3.6288,61.308,0.358243,0,0,2.08985,0.219542,1.51207,0.66528,12.849,1,0.459546,1.20808,0,97.8635,4.33692,94.2752,0.84672,12.849,0.84672,3695.15,0,0.0036966,1.08002e-05,2.64961,1.64144,9.39954,1.20323,12.4873,0.42336,0.0018483,0.21168,0.0018483,0.21168,460.486,0,1.02816,0,0,3.67777,2.64961,1.028160,1,0,108.275,0,0,0,108.275,0
72.29,2.58602,0,0,3.73509,0.233349,0.915721,3.6288,61.308,0.358543,0,0,1.77441,0.219542,1.19632,0.66528,12.849,1,0.459645,0.915721,0,86.0484,4.33692,82.1675,0.84672,12.849,0.84672,3695.15,0,0.0036966,1.08093e-05,1.87391,1.64179,9.31038,1.20323,11.6228,0.42336,0.0018483,0.21168,0.0018483,0.21168,460.486,0,1.02816,0,0,2.90207,1.87391,1.028160,1,0,94.9867,0,0,0,94.9867,0
72.29,2.58658,0,0,3.36938,0.210052,0.572754,3.6288,61.308,0.358843,0,0,1.56169,0.23103,0.971816,0.66528,12.849,1,0.459745,0.572754,0,79.7325,4.29987,75.5457,0.84672,12.849,0.84672,3695.15,0,0.0036966,1.08183e-05,1.94225,1.64215,8.02872,1.18276,10.4303,0.42336,0.0018483,0.21168,0.0018483,0.21168,460.486,0,1.02816,0,0,2.97041,1.94225,1.028160,1,0,86.9478,0,0,0,86.9478,0
72.1971,2.70986,0,0,3.12992,0.150026,0.36288,3.6288,61.308,0.434146,0,0,1.56566,0.232204,0.899313,0.66528,12.849,1,0.481658,0.36288,0,69.3757,3.90183,65.3551,0.84672,12.849,0.84672,3695.15,0,0.0036966,1.30885e-05,2.12187,1.6425,7.45788,1.05647,10.1658,0.42336,0.0018483,0.21168,0.0018483,0.21168,460.486,0,1.02816,0,0,3.15003,2.12187,1.028160,1,0,76.4202,0,0,0,76.4202,0
71.8453,2.70992,0,0,2.86845,0.147542,0.36288,3.6288,61.308,0.434462,0,0,1.47309,0.195477,0.843146,0.66528,12.849,1,0.482288,0.36288,0,60.219,3.49461,56.605,0.84672,12.849,0.84672,3695.15,0,0.0036966,1.30981e-05,1.75357,1.72789,7.168,0.956308,9.69315,0.42336,0.0018483,0.21168,0.0018483,0.21168,460.486,0,1.02816,0,0,2.78173,1.75357,1.028160,1,0,67.1413,0,0,0,67.1413,0
71.2274,2.7085,0,0,2.60072,0.147147,0.36288,3.6288,61.308,0.434778,0,0,1.28123,0.195477,0.650979,0.66528,12.849,1,0.484396,0.36288,0,55.452,3.49461,51.8359,0.84672,12.849,0.84672,3695.15,0,0.0036966,1.31076e-05,1.45341,1.72826,6.77799,0.956308,9.00335,0.42336,0.0018483,0.21168,0.0018483,0.21168,460.486,0,1.02816,0,0,2.48157,1.45341,1.028160,1,0,61.4902,0,0,0,61.4902,0
70.48,2.70553,0,0,2.43914,0.118184,0.36288,3.6288,61.308,0.435094,0,0,1.18794,0.225111,0.527734,0.66528,12.849,1,0.488061,0.36288,0,53.0767,4.0815,48.87,0.84672,12.849,0.84672,3695.15,0,0.0036966,1.31171e-05,1.28504,1.72864,6.501,1.11646,8.3982,0.42336,0.0018483,0.21168,0.0018483,0.21168,460.486,0,1.02816,0,0,2.3132,1.28504,1.028160,1,0,57.796,0,0,0,57.796,0
69.4898,2.70173,0,0,2.18557,0.111111,0.36288,3.6288,61.308,0.43541,0,0,1.0638,0.242453,0.385937,0.66528,12.849,1,0.492545,0.36288,0,50.138,4.33833,45.67,0.84672,12.849,0.84672,3695.15,0,0.0036966,1.31266e-05,1.04857,1.72901,5.75687,1.16628,7.36815,0.42336,0.0018483,0.21168,0.0018483,0.21168,460.486,0,1.02816,0,0,2.07673,1.04857,1.028160,1,0,53.4241,0,0,0,53.4241,0
67.9167,2.67224,0,0,1.56201,0.100069,0.36288,3.6288,61.308,0.476994,0,0,0.806846,0.316871,0.0129817,0.66528,12.849,1,0.49411,0.36288,0,39.6172,5.29242,34.1935,0.84672,12.849,0.84672,3695.15,0,0.0036966,1.43803e-05,0.325918,1.72939,3.65413,1.30501,4.40441,0.42336,0.0018483,0.21168,0.0018483,0.21168,460.486,0,1.02816,0,0,1.35408,0.325918,1.028160,1,0,38.6109,0,0,0,38.6109,0
66.278,2.66319,0,0,1.48629,0.0988485,0.36288,3.6288,61.2644,0.477319,0,0,0.750574,0.316871,0,0.66528,12.849,1,0.503843,0.36288,0,35.9127,5.29242,30.4793,0.84672,12.849,0.84672,3695.15,0,0.0036966,1.43901e-05,0.276843,1.75628,3.4794,1.30501,4.2075,0.42336,0.0018483,0.21168,0.0018483,0.21168,460.486,0,1.02816,0,0,1.305,0.276843,1.028160,1,0,34.6868,0,0,0,34.6868,0
64.5361,2.65333,0,0,1.3719,0.0975773,0.36288,3.6288,61.0918,0.52702,0,0,0.671216,0.316784,0,0.66528,12.849,1,0.514388,0.36288,0,33.984,5.29242,28.54,0.84672,12.849,0.84672,3695.15,0,0.0036966,1.58998e-05,0.261274,1.75666,3.25454,1.30501,3.96745,0.42336,0.0018483,0.21168,0.0018483,0.21168,460.486,0,0.978782,0,0,1.24006,0.261274,1.028160,1,0,32.5075,0,0,0,32.5075,0
62.746,2.64232,0,0,1.31125,0.096226,0.36288,3.6288,60.8075,0.624802,0,0,0.656942,0.316438,0,0.66528,12.849,1,0.52608,0.36288,0,31.8638,5.29242,26.4082,0.84672,12.849,0.84672,3695.15,0,0.0036966,1.8903e-05,0.261274,1.75704,3.10098,1.30501,3.81427,0.42336,0.0018483,0.21168,0.0018483,0.21168,460.486,0,0.881323,0,0,1.1426,0.261274,1.028160,1,0,30.2224,0,0,0,30.2224,0
60.8445,2.69182,0,0,1.23521,0.0819561,0.36288,3.6288,60.3544,0.76761,0,0,0.651317,0.336764,0,0.66528,12.849,1,0.551225,0.36288,0,33.4999,5.68749,27.624,0.84672,12.849,0.84672,3695.15,0,0.0036966,2.33322e-05,0.261274,1.75742,2.85176,1.44874,3.42169,0.42336,0.0018483,0.21168,0.0018483,0.21168,460.486,0,0.775647,0,0,1.03692,0.261274,1.028160,1,0,31.0457,0,0,0,31.0457,0
58.8,2.67817,0,0,1.07623,0.0797185,0.36288,3.6288,59.8143,0.705581,0,0,0.504452,0.338971,0,0.66528,12.849,1,0.56557,0.36288,0,27.0881,5.79579,21.0896,0.84672,12.849,0.84672,3695.15,0,0.0036966,2.16078e-05,0.261274,1.8001,2.65373,1.49792,3.21717,0.42336,0.0018483,0.21168,0.0018483,0.21168,460.486,0,0.838011,0,0,1.09928,0.261274,1.028160,1,0,24.3068,0,0,0,24.3068,0
56.6913,2.66261,0,0,0.99506,0.0782217,0.36288,3.6288,59.1385,0.805824,0,0,0.467807,0.337806,0,0.66528,12.849,1,0.581834,0.36288,0,25.9751,5.79579,19.9604,0.84672,12.849,0.84672,3695.15,0,0.0036966,2.49005e-05,0.227405,1.80049,2.3074,1.49792,2.83735,0.42336,0.0018483,0.21168,0.0018483,0.21168,460.486,0,0.738098,0,0,0.965503,0.227405,1.028160,1,0,22.7977,0,0,0,22.7977,0
54.6277,2.64553,0,0,1.01715,0.0723244,0.36288,3.6288,58.6433,0.675879,0,0,0.519519,0.338904,0,0.66528,12.849,1,0.599606,0.36288,0,24.705,5.87056,18.5978,0.84672,12.849,0.84672,3695.15,0,0.0036966,2.11237e-05,0.227405,1.80088,2.85408,1.51286,3.36948,0.42336,0.0018483,0.21168,0.0018483,0.21168,460.486,0,0.86838,0,0,1.09579,0.227405,1.028160,1,0,21.9672,0,0,0,21.9672,0
52.3362,2.80326,0,0,0.94363,0.0690869,0.36288,3.6288,57.9421,0.871019,0,0,0.484181,0.314357,0,0.66528,12.849,1,0.659354,0.36288,0,21.9424,5.82489,15.821,0.84672,12.849,0.84672,3695.15,0,0.0036966,2.74525e-05,0.227405,1.80127,2.84001,1.52788,3.34077,0.42336,0.0018483,0.21168,0.0018483,0.21168,460.486,0,0.806553,0,0,1.03396,0.227405,1.028160,1,0,19.1618,0,0,0,19.1618,0
49.629,2.78067,0,0,0.51951,0.0830683,0.36288,3.6288,56.6159,1.29749,0,0,0.292325,0.321021,0,0.66528,12.849,1,0.682681,0.36288,0,12.9137,5.4306,7.16329,0.84672,12.849,0.84672,3695.15,0,0.0036966,4.13887e-05,0.227405,1.94502,1.667,1.44923,2.39016,0.42336,0.0018483,0.21168,0.0018483,0.21168,460.486,0,0.380433,0,0,0.607838,0.227405,1.028160,1,0,9.55345,0,0,0,9.55345,0
46.998,2.75169,0,0,0.564283,0.0807477,0.36288,3.6288,55.3231,1.27033,0,0,0.295792,0.318271,0,0.66528,12.849,1,0.712414,0.36288,0,12.342,5.4306,6.56185,0.84672,12.849,0.84672,3695.15,0,0.0036966,4.14716e-05,0.204422,1.94544,1.77061,1.44923,2.47121,0.42336,0.0018483,0.21168,0.0018483,0.21168,460.486,0,0.407951,0,0,0.612373,0.204422,1.028160,1,0,9.03306,0,0,0,9.03306,0
44.6952,2.72095,0,0,0.87158,0.0905887,0.36288,3.6288,54.2173,1.14902,0,0,0.355787,0.312494,0,0.66528,12.849,1,0.743893,0.36288,0,19.9342,5.34155,14.2117,0.84672,12.849,0.84672,3695.15,0,0.0036966,3.83877e-05,0.204422,1.94586,1.8712,1.43831,2.58314,0.42336,0.0018483,0.21168,0.0018483,0.21168,460.486,0,0.529632,0,0,0.734054,0.204422,1.028160,1,0,16.7948,0,0,0,16.7948,0
42.7289,2.69176,0,0,1.18289,0.0945148,0.36288,3.6288,53.2363,1.12919,0,0,0.449808,0.301664,0,0.66528,12.849,1,0.773828,0.36288,0,24.3513,5.41376,18.5266,0.84672,12.849,0.84672,3695.15,0,0.0036966,3.84949e-05,0.204422,1.94628,2.02097,1.42116,2.75047,0.42336,0.0018483,0.21168,0.0018483,0.21168,460.486,0,0.549815,0,0,0.754237,0.204422,1.028160,1,0,21.2771,0,0,0,21.2771,0
40.3258,2.58364,0,0,0.640142,0.0967545,0.36288,3.6288,52.9161,0.801018,0,0,0.771347,0.290533,0,0.66528,12.849,1,0.776926,0.36288,0,19.2825,5.23656,13.6319,0.84672,12.849,0.84672,3695.15,0,0.0036966,2.78104e-05,0.204422,1.9467,2.09201,1.32215,2.92096,0.42336,0.0018483,0.21168,0.0018483,0.21168,460.486,0,0.797561,0,0,1.00198,0.204422,1.028160,1,0,16.5528,0,0,0,16.5528,0
37.8807,2.54908,0,0,0.560898,0.0940625,0.36288,3.6288,52.0127,1.09036,0,0,0.476775,0.28979,0,0.66528,12.849,1,0.812212,0.36288,0,19.578,5.23656,13.8921,0.84672,12.849,0.84672,3695.15,0,0.0036966,3.8085e-05,0.216518,1.86487,1.64924,1.32215,2.40844,0.42336,0.0018483,0.21168,0.0018483,0.21168,460.486,0,0.508556,0,0,0.725074,0.216518,1.028160,1,0,16.3005,0,0,0,16.3005,0
35.3674,2.51529,0,0,0.456275,0.0914173,0.36288,3.6288,50.8678,1.24963,0,0,0.392422,0.287695,0,0.66528,12.849,1,0.84672,0.36288,0,17.9783,5.23656,12.2579,0.84672,12.849,0.84672,3695.15,0,0.0036966,4.44063e-05,0.216518,1.86528,1.49016,1.32215,2.24975,0.42336,0.0018483,0.21168,0.0018483,0.21168,460.486,0,0.349622,0,0,0.56614,0.216518,1.028160,1,0,14.5076,0,0,0,14.5076,0
33.0992,2.516,0,0,0.753857,0.14316,0.36288,3.6288,50.1369,1.0965,0,0,0.594251,0.228621,0,0.66528,12.849,1,0.84672,0.36288,0,25.5954,4.40604,20.7055,0.84672,12.849,0.84672,3695.15,0,0.0036966,3.98417e-05,0.216518,1.86568,1.97414,1.06256,2.99373,0.42336,0.0018483,0.21168,0.0018483,0.21168,460.486,0,0.503101,0,0,0.71962,0.216518,1.028160,1,0,23.6992,0,0,0,23.6992,0
30.924,2.42984,0,0,0.759522,0.141933,0.36288,3.6288,49.9483,0.828264,0,0,0.827794,0.188161,0,0.66528,12.849,1,0.84672,0.36288,0,42.2993,4.41358,37.4019,0.84672,12.849,0.84672,3695.15,0,0.0036966,3.0534e-05,0.216518,1.86608,3.98228,1.03839,5.02646,0.42336,0.0018483,0.21168,0.0018483,0.21168,460.486,0,0.698077,0,0,0.914596,0.216518,1.028160,1,0,42.4283,0,0,0,42.4283,0
28.831,2.42255,0,0,0.830104,0.137738,0.36288,3.6288,49.6871,0.770574,0,0,0.681368,0.172025,0,0.66528,12.849,1,0.84672,0.36288,0,22.4449,4.49026,17.4708,0.84672,12.849,0.84672,3695.15,0,0.0036966,2.85145e-05,0.216518,1.79333,2.96479,1.08602,3.88859,0.42336,0.0018483,0.21168,0.0018483,0.21168,460.486,0,0.764078,0,0,0.980597,0.216518,1.028160,1,0,21.3594,0,0,0,21.3594,0
27.2438,2.42358,0,0,1.38596,0.18669,0.36288,3.6288,50.1033,0.601167,0,0,1.19805,0.180663,0,0.66528,12.849,1,0.84672,0.36288,0,35.4993,4.61297,30.4025,0.84672,12.849,0.84672,3695.15,0,0.0036966,2.23627e-05,0.292723,1.79838,3.01462,1.09268,4.01303,0.42336,0.0018483,0.21168,0.0018483,0.21168,460.486,0,0.933492,0,0,1.22621,0.292723,1.028160,1,0,34.4156,0,0,0,34.4156,0
26.2993,2.42461,0,0,2.02569,0.182657,0.36288,3.6288,50.8819,0.506503,0,0,1.46635,0.181281,0,0.66528,12.849,1,0.84672,0.36288,0,71.3805,4.61297,66.2837,0.84672,12.849,0.84672,3695.15,0,0.0036966,1.86848e-05,0.812074,1.79858,6.34434,1.09268,7.8623,0.42336,0.0018483,0.21168,0.0018483,0.21168,460.486,0,1.02816,0,0,1.84023,0.812074,1.028160,1,0,74.146,0,0,0,74.146,0
25.3528,2.17867,0,0,1.77358,0.178591,0.36288,3.6288,51.2205,0.353057,0,0,0.869251,0.177513,0,0.66528,12.849,1,0.84672,0.36288,0,63.0605,4.47563,58.101,0.84672,12.849,0.84672,3695.15,0,0.0036966,1.28249e-05,0.604904,1.79877,4.81413,1.06822,6.14957,0.42336,0.0018483,0.21168,0.0018483,0.21168,460.486,0,1.02816,0,0,1.63306,0.604904,1.028160,1,0,64.2506,0,0,0,64.2506,0
23.7394,2.02621,0,0,0.947825,0.172096,0.36288,3.6288,50.4465,0.820065,0,0,0.211641,0.16566,0,0.66528,12.849,1,0.84672,0.36288,0,28.4701,4.13228,23.854,0.84672,12.849,0.84672,3695.15,0,0.0036966,2.95921e-05,0.292723,1.63413,2.61806,1.00709,3.53779,0.42336,0.0018483,0.21168,0.0018483,0.21168,460.486,0,0.714554,0,0,1.00728,0.292723,1.028160,1,0,27.3918,0,0,0,27.3918,0
22.4411,2.02715,0,0,1.25983,0.168129,0.36288,3.6288,50.1244,0.50647,0,0,0.349012,0.164619,0,0.66528,12.849,1,0.84672,0.36288,0,39.7992,4.13228,35.1831,0.84672,12.849,0.84672,3695.15,0,0.0036966,1.85565e-05,1.1873,1.72408,4.43117,1.00709,6.33545,0.42336,0.0018483,0.21168,0.0018483,0.21168,460.486,0,1.02816,0,0,2.21546,1.1873,1.028160,1,0,41.5185,0,0,0,41.5185,0
22.5056,2.02809,0,0,2.62062,0.165139,0.36288,3.6288,50.0554,0.50647,0,0,0.601719,0.164186,0,0.66528,12.849,1,0.84672,0.36288,0,88.0565,4.13228,83.4403,0.84672,12.849,0.84672,3695.15,0,0.0036966,1.86757e-05,0.761772,1.72426,7.85659,1.00709,9.33551,0.42336,0.0018483,0.21168,0.0018483,0.21168,460.486,0,1.02816,0,0,1.78993,0.761772,1.028160,1,0,92.7759,0,0,0,92.7759,0
27.1699,2.02904,0,0,7.21437,0.158109,0.36288,3.6288,51.8476,0.50647,0,0,2.45415,0.155498,0,0.66528,12.849,1,0.84672,0.36288,0,227.849,3.8107,223.554,0.84672,12.849,0.84672,3695.15,0,0.0036966,1.87014e-05,1.0698,1.72444,11.4555,0.966916,13.2828,0.42336,0.0018483,0.21168,0.0018483,0.21168,460.486,0,1.02816,0,0,2.09796,1.0698,1.028160,1,0,236.837,0,0,0,236.837,0
29.8464,2.1251,0,0,5.35004,0.185548,0.36288,3.6288,53.0589,0.550943,0,0,1.97118,0.209008,0,0.66528,12.849,1,0.84672,0.36288,0,139.504,4.34971,134.67,0.84672,12.849,0.84672,3695.15,0,0.0036966,1.96404e-05,1.60857,1.72462,8.96756,1.0375,11.2632,0.42336,0.0018483,0.21168,0.0018483,0.21168,460.486,0,1.02816,0,0,2.63673,1.60857,1.028160,1,0,145.934,0,0,0,145.934,0
32.1204,2.17052,0,0,5.00448,0.197107,0.36288,3.6288,54.2194,0.506466,0,0,1.88866,0.22163,0,0.66528,12.849,1,0.84672,0.36288,0,117.38,4.51101,112.385,0.84672,12.849,0.84672,3695.15,0,0.0036966,1.76427e-05,1.58357,1.77698,8.45148,1.0582,10.7538,0.42336,0.0018483,0.21168,0.0018483,0.21168,460.486,0,1.02816,0,0,2.61173,1.58357,1.028160,1,0,123.139,0,0,0,123.139,0
33.5046,2.17147,0,0,4.12156,0.203026,0.36288,3.6288,54.951,0.506467,0,0,1.46159,0.223573,0,0.66528,12.849,1,0.84672,0.36288,0,94.4594,4.51101,89.4645,0.84672,12.849,0.84672,3695.15,0,0.0036966,1.72651e-05,0.973149,1.75112,7.20903,1.0582,8.87508,0.42336,0.0018483,0.21168,0.0018483,0.21168,460.486,0,1.02816,0,0,2.00131,0.973149,1.028160,1,0,98.3396,0,0,0,98.3396,0
36.0101,2.18224,0,0,5.28435,0.233717,0.36288,3.6288,55.6818,0.506467,0,0,1.45163,0.214376,0,0.66528,12.849,1,0.836888,0.36288,0,124.73,4.62495,119.632,0.84672,12.849,0.84672,3695.15,0,0.0036966,1.70352e-05,1.14148,1.7513,10.2656,1.25687,11.9015,0.42336,0.0018483,0.21168,0.0018483,0.21168,460.486,0,1.02816,0,0,2.16964,1.14148,1.028160,1,0,131.533,0,0,0,131.533,0
36.9798,2.47897,0,0,4.0596,0.2481,0.36288,3.6288,56.3496,0.66528,0,0,1.54399,0.210903,0,0.66528,12.849,1,0.84672,0.36288,0,91.8242,4.43077,86.9096,0.84672,12.849,0.84672,3695.15,0,0.0036966,0.0018483,1.61458,1.75147,7.32223,1.16975,9.51669,0.42336,0.0018483,0.21168,0.0018483,0.21168,460.486,0,1.02816,0,0,2.64274,1.61458,1.028160,1,0,96.4263,0,0,0,96.4263,0
38.7928,2.59295,0,0,5.02319,0.25433,0.36288,3.6288,57.6481,0.560632,0,0,2.06722,0.2081,0,0.66528,12.849,1,0.84672,0.36288,0,130.611,4.14656,125.98,0.84672,12.849,0.84672,3695.15,0,0.0036966,1.83891e-05,2.05593,1.93804,11.3859,1.00943,14.3704,0.42336,0.0018483,0.21168,0.0018483,0.21168,460.486,0,1.02816,0,0,3.08409,2.05593,1.028160,1,0,140.351,0,0,0,140.351,0
39.0354,2.59367,0,0,3.45892,0.259793,0.36288,3.6288,58.4905,0.560959,0,0,1.61323,0.209863,0,0.66528,12.849,1,0.84672,0.36288,0,79.4785,4.14656,74.8481,0.84672,12.849,0.84672,3695.15,0,0.0036966,1.79853e-05,1.77846,1.87213,8.37432,1.00943,11.0155,0.42336,0.0018483,0.21168,0.0018483,0.21168,460.486,0,1.02816,0,0,2.80662,1.77846,1.028160,1,0,85.8636,0,0,0,85.8636,0
39.8278,2.59437,0,0,3.98688,0.23716,0.36288,3.6288,59.5103,0.561285,0,0,1.72096,0.139805,0,0.66528,12.849,1,0.84672,0.36288,0,83.7657,3.51603,79.7658,0.84672,12.849,0.84672,3695.15,0,0.0036966,1.77366e-05,1.92443,1.87252,9.18328,0.754842,12.2254,0.42336,0.0018483,0.21168,0.0018483,0.21168,460.486,0,1.02816,0,0,2.95259,1.92443,1.028160,1,0,91.9912,0,0,0,91.9912,0
42.4054,2.27242,0,0,5.44658,0.233738,0.36288,3.6288,60.8428,0.337155,0,0,1.8321,0.1625,0,0.66528,12.849,1,0.733113,0.36288,0,96.4466,3.73824,92.3381,0.84672,12.849,0.84672,3695.15,0,0.0036966,1.04715e-05,2.17837,1.8729,11.6135,0.85475,14.81,0.42336,0.0018483,0.21168,0.0018483,0.21168,460.486,0,1.02816,0,0,3.20653,2.17837,1.028160,1,0,107.148,0,0,0,107.148,0
45.7242,2.17738,0,0,6.09231,0.233262,0.36288,3.6288,61.308,0.506457,0,0,1.77504,0.193167,0.610201,0.66528,12.849,1,0.659755,0.36288,0,90.1679,4.03452,85.8365,0.84672,12.849,0.84672,3695.15,0,0.0036966,1.53853e-05,1.98036,1.61811,11.3532,0.987962,13.9637,0.42336,0.0018483,0.21168,0.0018483,0.21168,460.486,0,1.02816,0,0,3.00852,1.98036,1.028160,1,0,100.41,0,0,0,100.41,0
51.1481,2.21547,0,0,8.24453,0.242259,0.36288,3.6288,61.308,0.506457,0,0,2.47331,0.193737,1.77312,0.66528,12.849,1,0.622571,0.36288,0,141.598,4.03452,137.303,0.84672,12.849,0.84672,3695.15,0,0.0036966,1.52686e-05,3.41277,1.71735,14.2678,0.987962,18.4099,0.42336,0.0018483,0.21168,0.0018483,0.21168,460.486,0,1.02816,0,0,4.44093,3.41277,1.028160,1,0,157.486,0,0,0,157.486,0
58.4196,2.40359,0,0,10.2914,0.253518,0.36288,3.6288,61.308,0.337997,0,0,2.7123,0.159374,2.21493,0.66528,12.849,1,0.60381,0.36288,0,185.515,3.49659,181.777,0.84672,12.849,0.84672,3695.15,0,0.0036966,1.01898e-05,4.1973,1.71752,18.9626,0.895831,23.9816,0.42336,0.0018483,0.21168,0.0018483,0.21168,460.486,0,1.02816,0,0,5.22546,4.1973,1.028160,1,0,207.974,0,0,0,207.974,0
64.7317,2.46571,0,0,9.41293,0.272169,0.36288,3.6288,61.308,0.338277,0,0,2.31831,0.153647,1.82639,0.66528,12.849,1,0.542317,0.36288,0,207.516,3.40693,203.929,0.84672,12.849,0.84672,3695.15,0,0.0036966,1.01983e-05,3.79186,1.6191,17.0964,0.880476,21.6269,0.42336,0.0018483,0.21168,0.0018483,0.21168,460.486,0,1.02816,0,0,4.82002,3.79186,1.028160,1,0,227.382,0,0,0,227.382,0
65.8175,2.60208,0,0,4.33413,0.283369,0.36288,3.6288,61.308,0.393525,0,0,1.58283,0.188749,1.00056,0.66528,12.849,1,0.516503,0.36288,0,79.5891,3.97509,75.4604,0.84672,12.849,0.84672,3695.15,0,0.0036966,1.18639e-05,1.64262,1.61944,8.92858,0.951748,11.2389,0.42336,0.0018483,0.21168,0.0018483,0.21168,460.486,0,1.02816,0,0,2.67078,1.64262,1.028160,1,0,87.6998,0,0,0,87.6998,0
69.3152,2.60975,0,0,6.76073,0.290398,0.36288,3.6288,61.308,0.393816,0,0,2.5013,0.195145,1.91234,0.66528,12.849,1,0.509479,0.36288,0,128.815,3.79008,124.878,0.84672,12.849,0.84672,3695.15,0,0.0036966,1.18727e-05,3.61177,1.68284,14.3619,0.951445,18.7051,0.42336,0.0018483,0.21168,0.0018483,0.21168,460.486,0,1.02816,0,0,4.63993,3.61177,1.028160,1,0,145.495,0,0,0,145.495,0
71.9812,2.63198,0,0,5.95928,0.298503,0.36288,3.6288,61.308,0.394108,0,0,2.44304,0.195145,1.85378,0.66528,12.849,1,0.487891,0.36288,0,112.138,3.79008,108.223,0.84672,12.849,0.84672,3695.15,0,0.0036966,1.18815e-05,3.17582,1.68318,13.2726,0.951445,17.1801,0.42336,0.0018483,0.21168,0.0018483,0.21168,460.486,0,1.02816,0,0,4.20398,3.17582,1.028160,1,0,127.257,0,0,0,127.257,0
72.29,2.64785,0,0,4.55515,0.304681,1.29377,3.6288,61.308,0.3944,0,0,1.85784,0.195145,1.2683,0.66528,12.849,1,0.472655,1.29377,0,83.7112,3.79008,80.7423,0.84672,12.849,0.84672,3695.15,0,0.0036966,1.18903e-05,2.03183,1.68353,9.72942,0.951445,12.4933,0.42336,0.0018483,0.21168,0.0018483,0.21168,460.486,0,1.02816,0,0,3.05999,2.03183,1.028160,1,0,94.5039,0,0,0,94.5039,0
72.29,2.61359,0,0,3.34698,0.295511,0.437882,3.6288,61.308,0.373326,0,0,1.05878,0.202992,0.482462,0.66528,12.849,1,0.464545,0.437882,0,57.6104,3.76503,53.8187,0.84672,12.849,0.84672,3695.15,0,0.0036966,1.1255e-05,0.815556,1.68388,5.96747,0.972443,7.49444,0.42336,0.0018483,0.21168,0.0018483,0.21168,460.486,0,1.02816,0,0,1.84372,0.815556,1.028160,1,0,61.7956,0,0,0,61.7956,0
71.7825,2.61412,0,0,2.7611,0.291556,0.36288,3.6288,61.308,0.373614,0,0,0.855239,0.206131,0.275495,0.66528,12.849,1,0.464641,0.36288,0,44.8441,3.75501,40.9873,0.84672,12.849,0.84672,3695.15,0,0.0036966,1.12636e-05,0.530021,1.65965,6.12918,0.980843,7.338,0.42336,0.0018483,0.21168,0.0018483,0.21168,460.486,0,1.02816,0,0,1.55818,0.530021,1.028160,1,0,48.6008,0,0,0,48.6008,0
71.7357,2.61187,0,0,3.21839,0.290434,0.36288,3.6288,61.308,0.373901,0,0,0.913196,0.206131,0.333164,0.66528,12.849,1,0.467523,0.36288,0,46.3082,3.75501,42.4486,0.84672,12.849,0.84672,3695.15,0,0.0036966,1.12723e-05,0.527161,1.65999,5.25534,0.980843,6.46164,0.42336,0.0018483,0.21168,0.0018483,0.21168,460.486,0,1.02816,0,0,1.55532,0.527161,1.028160,1,0,49.2434,0,0,0,49.2434,0
72.0979,2.61215,0,0,3.60476,0.267593,0.36288,3.6288,61.308,0.374189,0,0,0.939548,0.211486,0.353873,0.66528,12.849,1,0.467877,0.36288,0,55.6166,3.91755,51.5941,0.84672,12.849,0.84672,3695.15,0,0.0036966,1.1281e-05,0.596886,1.66033,5.06631,0.950754,6.37277,0.42336,0.0018483,0.21168,0.0018483,0.21168,460.486,0,1.02816,0,0,1.62505,0.596886,1.028160,1,0,58.3207,0,0,0,58.3207,0
71.4553,2.73871,0,0,2.68745,0.22849,0.36288,3.6288,61.308,0.450309,0,0,0.900746,0.22122,0.229217,0.66528,12.849,1,0.488083,0.36288,0,44.1727,4.26078,39.7867,0.84672,12.849,0.84672,3695.15,0,0.0036966,1.35758e-05,0.62443,1.66067,4.93806,0.941935,6.28122,0.42336,0.0018483,0.21168,0.0018483,0.21168,460.486,0,1.02816,0,0,1.65259,0.62443,1.028160,1,0,46.2971,0,0,0,46.2971,0
71.0488,2.73556,0,0,2.89583,0.203886,0.36288,3.6288,61.308,0.450613,0,0,0.75543,0.227704,0.0771128,0.66528,12.849,1,0.491904,0.36288,0,48.5184,4.57705,43.8124,0.84672,12.849,0.84672,3695.15,0,0.0036966,1.3585e-05,0.514253,1.74699,4.86918,1.02019,6.11023,0.42336,0.0018483,0.21168,0.0018483,0.21168,460.486,0,1.02816,0,0,1.54241,0.514253,1.028160,1,0,49.9997,0,0,0,49.9997,0
70.422,2.73373,0,0,2.67306,0.203253,0.36288,3.6288,61.2245,0.630389,0,0,0.774602,0.227704,0,0.66528,12.849,1,0.494389,0.36288,0,46.4688,4.57705,41.7602,0.84672,12.849,0.84672,3695.15,0,0.0036966,1.90048e-05,0.30119,1.74735,4.63354,1.02019,5.66187,0.42336,0.0018483,0.21168,0.0018483,0.21168,460.486,0,0.848681,0,0,1.14987,0.30119,1.028160,1,0,47.4221,0,0,0,47.4221,0
69.5349,2.73057,0,0,2.40866,0.202277,0.36288,3.6288,60.8988,0.788541,0,0,0.69039,0.227584,0,0.66528,12.849,1,0.498212,0.36288,0,41.6558,4.57705,36.9434,0.84672,12.849,0.84672,3695.15,0,0.0036966,2.38052e-05,0.30119,1.74771,4.35844,1.02019,5.38713,0.42336,0.0018483,0.21168,0.0018483,0.21168,460.486,0,0.690828,0,0,0.992019,0.30119,1.028160,1,0,42.3305,0,0,0,42.3305,0
68.4118,2.72576,0,0,2.15885,0.193279,0.36288,3.6288,60.6446,0.704226,0,0,0.682524,0.232493,0,0.66528,12.849,1,0.50368,0.36288,0,36.1494,4.66367,31.3449,0.84672,12.849,0.84672,3695.15,0,0.0036966,2.13735e-05,0.30119,1.74807,4.2569,1.04162,5.26452,0.42336,0.0018483,0.21168,0.0018483,0.21168,460.486,0,0.775449,0,0,1.07664,0.30119,1.028160,1,0,36.6095,0,0,0,36.6095,0
67.1601,2.695,0,0,1.93141,0.125237,0.36288,3.6288,60.7608,0.493548,0,0,0.867214,0.257396,0,0.66528,12.849,1,0.506171,0.36288,0,40.0932,5.26428,34.6857,0.84672,12.849,0.84672,3695.15,0,0.0036966,1.50421e-05,0.613302,1.74842,4.42795,1.27643,5.51323,0.42336,0.0018483,0.21168,0.0018483,0.21168,460.486,0,1.02816,0,0,1.64146,0.613302,1.028160,1,0,40.1989,0,0,0,40.1989,0
65.8025,2.68764,0,0,1.81696,0.124011,0.36288,3.6288,60.8275,0.49386,0,0,0.81807,0.257586,0,0.66528,12.849,1,0.514196,0.36288,0,39.7964,5.26428,34.3808,0.84672,12.849,0.84672,3695.15,0,0.0036966,1.50228e-05,0.504507,1.7756,4.62791,1.27643,5.63157,0.42336,0.0018483,0.21168,0.0018483,0.21168,460.486,0,1.02816,0,0,1.53267,0.504507,1.028160,1,0,40.0123,0,0,0,40.0123,0
64.2921,2.67931,0,0,1.65446,0.122682,0.36288,3.6288,60.8854,0.494172,0,0,0.809801,0.257695,0,0.66528,12.849,1,0.523178,0.36288,0,39.4884,5.26428,34.0639,0.84672,12.849,0.84672,3695.15,0,0.0036966,1.50159e-05,0.506676,1.77596,4.45412,1.27643,5.46031,0.42336,0.0018483,0.21168,0.0018483,0.21168,460.486,0,1.02816,0,0,1.53484,0.506676,1.028160,1,0,39.5242,0,0,0,39.5242,0
62.6353,2.66961,0,0,1.49691,0.121203,0.36288,3.6288,60.8846,0.494484,0,0,0.751516,0.257789,0,0.66528,12.849,1,0.533531,0.36288,0,35.4612,5.26428,30.0262,0.84672,12.849,0.84672,3695.15,0,0.0036966,1.50111e-05,0.316302,1.77633,4.27191,1.27643,5.08809,0.42336,0.0018483,0.21168,0.0018483,0.21168,460.486,0,1.02816,0,0,1.34446,0.316302,1.028160,1,0,35.1143,0,0,0,35.1143,0
60.8684,2.72049,0,0,1.41547,0.0989942,0.36288,3.6288,60.7346,0.571632,0,0,0.731172,0.309624,0,0.66528,12.849,1,0.55808,0.36288,0,29.8055,5.80998,23.8003,0.84672,12.849,0.84672,3695.15,0,0.0036966,1.73533e-05,0.261274,1.77669,3.49947,1.47536,4.06205,0.42336,0.0018483,0.21168,0.0018483,0.21168,460.486,0,0.988537,0,0,1.24981,0.261274,1.028160,1,0,27.8624,0,0,0,27.8624,0
59.0483,2.70766,0,0,1.34795,0.0975622,0.36288,3.6288,60.435,0.60505,0,0,0.615419,0.309916,0,0.66528,12.849,1,0.571573,0.36288,0,34.6518,5.72523,28.7179,0.84672,12.849,0.84672,3695.15,0,0.0036966,1.84131e-05,0.261274,1.81982,3.25387,1.44423,3.89071,0.42336,0.0018483,0.21168,0.0018483,0.21168,460.486,0,0.955437,0,0,1.21671,0.261274,1.028160,1,0,32.6086,0,0,0,32.6086,0
57.1579,2.69375,0,0,1.26217,0.0959413,0.36288,3.6288,60.1039,0.59407,0,0,0.572317,0.309327,0,0.66528,12.849,1,0.586163,0.36288,0,27.822,5.72523,21.8735,0.84672,12.849,0.84672,3695.15,0,0.0036966,1.81686e-05,0.227405,1.82019,2.9331,1.44423,3.53645,0.42336,0.0018483,0.21168,0.0018483,0.21168,460.486,0,0.966738,0,0,1.19414,0.227405,1.028160,1,0,25.4099,0,0,0,25.4099,0
55.1715,2.67846,0,0,1.14916,0.0941909,0.36288,3.6288,59.5605,0.778122,0,0,0.543341,0.308676,0,0.66528,12.849,1,0.602114,0.36288,0,25.3561,5.72523,19.3916,0.84672,12.849,0.84672,3695.15,0,0.0036966,2.39286e-05,0.227405,1.82056,2.73592,1.44423,3.33963,0.42336,0.0018483,0.21168,0.0018483,0.21168,460.486,0,0.783,0,0,1.0104,0.227405,1.028160,1,0,22.7312,0,0,0,22.7312,0
53.2178,2.83917,0,0,1.33193,0.0835634,0.36288,3.6288,59.2855,0.66528,0,0,0.6905,0.300221,0,0.66528,12.849,1,0.66122,0.36288,0,26.9806,5.78641,20.8958,0.84672,12.849,0.84672,3695.15,0,0.0036966,0.0018483,0.418383,1.82094,3.9782,1.47791,4.73777,0.42336,0.0018483,0.21168,0.0018483,0.21168,460.486,0,1.02816,0,0,1.44654,0.418383,1.028160,1,0,25.6336,0,0,0,25.6336,0
51.103,2.82019,0,0,1.15805,0.0897605,0.36288,3.6288,59.0176,0.66528,0,0,0.695667,0.298231,0,0.66528,12.849,1,0.680912,0.36288,0,29.303,5.16306,23.8219,0.84672,12.849,0.84672,3695.15,0,0.0036966,0.0018483,0.258448,1.96624,2.43768,1.42181,3.23871,0.42336,0.0018483,0.21168,0.0018483,0.21168,460.486,0,1.02816,0,0,1.28661,0.258448,1.028160,1,0,27.0606,0,0,0,27.0606,0
49.1743,2.79825,0,0,1.32015,0.0878192,0.36288,3.6288,58.7686,0.66528,0,0,0.713932,0.29772,0,0.66528,12.849,1,0.703572,0.36288,0,29.6852,5.16306,24.1815,0.84672,12.849,0.84672,3695.15,0,0.0036966,0.0018483,0.365921,1.96665,3.44189,1.42181,4.3508,0.42336,0.0018483,0.21168,0.0018483,0.21168,460.486,0,1.02816,0,0,1.39408,0.365921,1.028160,1,0,28.5323,0,0,0,28.5323,0
47.2552,2.77693,0,0,1.30677,0.0860458,0.36288,3.6288,58.5325,0.66528,0,0,0.72646,0.297244,0,0.66528,12.849,1,0.7256,0.36288,0,27.4637,5.16306,21.9379,0.84672,12.849,0.84672,3695.15,0,0.0036966,0.0018483,0.324415,1.96705,2.73294,1.42181,3.60074,0.42336,0.0018483,0.21168,0.0018483,0.21168,460.486,0,1.02816,0,0,1.35257,0.324415,1.028160,1,0,25.5387,0,0,0,25.5387,0
45.0377,2.75433,0,0,0.993954,0.094251,0.36288,3.6288,58.1958,0.66528,0,0,0.625614,0.296992,0,0.66528,12.849,1,0.74892,0.36288,0,26.6259,5.21856,21.0213,0.84672,12.849,0.84672,3695.15,0,0.0036966,0.0018483,0.216855,1.96745,2.31845,1.41095,3.08996,0.42336,0.0018483,0.21168,0.0018483,0.21168,460.486,0,1.02816,0,0,1.24502,0.216855,1.028160,1,0,24.1113,0,0,0,24.1113,0
44.2202,2.64301,0,0,2.19301,0.00452566,0.36288,3.6288,58.1169,0.587781,0,0,0.833,0.324161,0,0.66528,12.849,1,0.754038,0.36288,0,48.287,6.05517,41.8406,0.84672,12.849,0.84672,3695.15,0,0.0036966,1.86679e-05,0.814346,1.96786,3.76861,1.61107,4.93972,0.42336,0.0018483,0.21168,0.0018483,0.21168,460.486,0,1.02816,0,0,1.84251,0.814346,1.028160,1,0,46.7804,0,0,0,46.7804,0
43.3961,2.63275,0,0,2.26466,0.0932187,0.36288,3.6288,58.2744,0.588112,0,0,0.987085,0.241498,0,0.66528,12.849,1,0.764994,0.36288,0,47.4632,3.99724,43.0638,0.84672,12.849,0.84672,3695.15,0,0.0036966,1.87038e-05,1.0553,1.88512,3.99737,1.09694,5.84083,0.42336,0.0018483,0.21168,0.0018483,0.21168,460.486,0,1.02816,0,0,2.08346,1.0553,1.028160,1,0,48.9046,0,0,0,48.9046,0
42.9331,2.62208,0,0,2.62606,0.10409,0.36288,3.6288,58.7202,0.588443,0,0,1.28093,0.246678,0,0.66528,12.849,1,0.776363,0.36288,0,49.8518,4.07862,45.3597,0.84672,12.849,0.84672,3695.15,0,0.0036966,1.86638e-05,1.50594,1.8855,5.51259,1.14354,7.76048,0.42336,0.0018483,0.21168,0.0018483,0.21168,460.486,0,1.02816,0,0,2.5341,1.50594,1.028160,1,0,53.1202,0,0,0,53.1202,0
42.397,2.61617,0,0,2.54648,0.103537,0.36288,3.6288,59.1591,0.588775,0,0,1.27507,0.247387,0,0.66528,12.849,1,0.782967,0.36288,0,68.8015,4.07862,64.3028,0.84672,12.849,0.84672,3695.15,0,0.0036966,1.85325e-05,1.491,1.88589,5.52722,1.14354,7.76055,0.42336,0.0018483,0.21168,0.0018483,0.21168,460.486,0,1.02816,0,0,2.51916,1.491,1.028160,1,0,72.0634,0,0,0,72.0634,0
42.8539,2.54171,0,0,3.48773,0.126184,0.36288,3.6288,60.203,0.514697,0,0,1.80783,0.24928,0,0.66528,12.849,1,0.7703,0.36288,0,121.459,4.14518,116.907,0.84672,12.849,0.84672,3695.15,0,0.0036966,1.60806e-05,2.3799,1.88628,8.74259,1.05998,11.9488,0.42336,0.0018483,0.21168,0.0018483,0.21168,460.486,0,1.02816,0,0,3.40806,2.3799,1.028160,1,0,128.856,0,0,0,128.856,0
46.2772,2.54855,0,0,6.49281,0.158071,0.36288,3.6288,61.308,0.515014,0,0,2.08713,0.252552,0.214516,0.66528,12.849,1,0.764138,0.36288,0,97.3391,4.23391,92.7039,0.84672,12.849,0.84672,3695.15,0,0.0036966,1.58115e-05,2.92143,1.81271,12.3631,0.948565,16.1487,0.42336,0.0018483,0.21168,0.0018483,0.21168,460.486,0,1.02816,0,0,3.94959,2.92143,1.028160,1,0,109.067,0,0,0,109.067,0
50.0768,2.59333,0,0,6.9201,0.164327,0.36288,3.6288,61.308,0.51533,0,0,2.05211,0.254329,1.28245,0.66528,12.849,1,0.720044,0.36288,0,62.6655,4.23391,58.0744,0.84672,12.849,0.84672,3695.15,0,0.0036966,1.55361e-05,2.68858,1.81309,11.6199,0.948565,15.173,0.42336,0.0018483,0.21168,0.0018483,0.21168,460.486,0,1.02816,0,0,3.71674,2.68858,1.028160,1,0,74.5299,0,0,0,74.5299,0
52.1732,2.63735,0,0,5.31468,0.218002,0.36288,3.6288,61.308,0.515646,0,0,1.58762,0.248575,0.823396,0.66528,12.849,1,0.676707,0.36288,0,89.392,4.34711,84.7311,0.84672,12.849,0.84672,3695.15,0,0.0036966,1.55456e-05,1.57457,1.81346,6.79493,1.06644,9.1165,0.42336,0.0018483,0.21168,0.0018483,0.21168,460.486,0,1.02816,0,0,2.60273,1.57457,1.028160,1,0,94.671,0,0,0,94.671,0
56.5204,2.45941,0,0,7.38371,0.214312,0.36288,3.6288,61.308,0.360864,0,0,2.24182,0.24071,1.64025,0.66528,12.849,1,0.605692,0.36288,0,114.331,4.31234,109.776,0.84672,12.849,0.84672,3695.15,0,0.0036966,1.08792e-05,2.64457,1.81383,10.434,1.12322,13.7692,0.42336,0.0018483,0.21168,0.0018483,0.21168,460.486,0,1.02816,0,0,3.67273,2.64457,1.028160,1,0,125.186,0,0,0,125.186,0
58.8781,2.49788,0,0,5.46151,0.243049,0.36288,3.6288,61.308,0.361148,0,0,1.73706,0.143348,1.23257,0.66528,12.849,1,0.567853,0.36288,0,109.253,3.50207,105.546,0.84672,12.849,0.84672,3695.15,0,0.0036966,1.08878e-05,2.70452,1.64758,10.9505,0.828364,14.4742,0.42336,0.0018483,0.21168,0.0018483,0.21168,460.486,0,1.02816,0,0,3.73268,2.70452,1.028160,1,0,121.253,0,0,0,121.253,0
60.4313,2.51706,0,0,4.68193,0.248718,0.36288,3.6288,61.308,0.361433,0,0,2.04206,0.143348,1.53728,0.66528,12.849,1,0.5493,0.36288,0,114.234,3.50207,110.545,0.84672,12.849,0.84672,3695.15,0,0.0036966,1.08964e-05,3.81481,1.64792,11.4112,0.828364,16.0456,0.42336,0.0018483,0.21168,0.0018483,0.21168,460.486,0,1.02816,0,0,4.84297,3.81481,1.028160,1,0,128.128,0,0,0,128.128,0
63.0716,2.52923,0,0,5.82738,0.295033,0.36288,3.6288,61.308,0.361717,0,0,4.02897,0.189371,3.47788,0.66528,12.849,1,0.537768,0.36288,0,128.319,3.94277,124.201,0.84672,12.849,0.84672,3695.15,0,0.0036966,1.0905e-05,4.70991,1.64826,13.0995,0.974792,18.4829,0.42336,0.0018483,0.21168,0.0018483,0.21168,460.486,0,1.02816,0,0,5.73807,4.70991,1.028160,1,0,146.162,0,0,0,146.162,0
68.0634,2.54845,0,0,8.2221,0.318949,0.36288,3.6288,61.308,0.362002,0,0,3.97848,0.20778,3.4087,0.66528,12.849,1,0.519173,0.36288,0,171.729,4.11904,167.453,0.84672,12.849,0.84672,3695.15,0,0.0036966,1.09136e-05,3.8752,1.6486,12.8425,1.03336,17.3329,0.42336,0.0018483,0.21168,0.0018483,0.21168,460.486,0,1.02816,0,0,4.90336,3.8752,1.028160,1,0,188.195,0,0,0,188.195,0
68.5136,2.66185,0,0,3.7842,0.30929,0.36288,3.6288,61.308,0.407235,0,0,1.33797,0.214447,0.716291,0.66528,12.849,1,0.502504,0.36288,0,82.4394,4.40976,77.89,0.84672,12.849,0.84672,3695.15,0,0.0036966,1.22772e-05,1.64792,1.64893,6.88263,1.14224,9.03723,0.42336,0.0018483,0.21168,0.0018483,0.21168,460.486,0,1.02816,0,0,2.67608,1.64792,1.028160,1,0,87.6436,0,0,0,87.6436,0
71.9233,2.66515,0,0,6.73272,0.2949,0.36288,3.6288,61.308,0.407515,0,0,1.83786,0.203016,1.22733,0.66528,12.849,1,0.499821,0.36288,0,89.0482,4.09915,84.8121,0.84672,12.849,0.84672,3695.15,0,0.0036966,1.22857e-05,1.70542,1.70201,8.67454,1.1078,10.9742,0.42336,0.0018483,0.21168,0.0018483,0.21168,460.486,0,1.02816,0,0,2.73358,1.70542,1.028160,1,0,97.0136,0,0,0,97.0136,0
72.29,2.68578,0,0,9.90107,0.2905,6.55813,3.6288,61.308,0.407794,0,0,2.4503,0.193715,1.84879,0.66528,12.849,1,0.479811,6.55813,0,181.792,3.77758,184.092,0.84672,12.849,0.84672,3695.15,0,0.0036966,1.22941e-05,2.82499,1.70234,11.7319,1.06762,15.1916,0.42336,0.0018483,0.21168,0.0018483,0.21168,460.486,0,1.02816,0,0,3.85315,2.82499,1.028160,1,0,201.133,0,0,0,201.133,0
72.29,2.68837,0,0,5.70388,0.29131,2.7242,3.6288,61.308,0.408073,0,0,2.59909,0.193715,1.99731,0.66528,12.849,1,0.477837,2.7242,0,103.257,3.77758,101.725,0.84672,12.849,0.84672,3695.15,0,0.0036966,1.23025e-05,3.03731,1.70267,10.5116,1.06762,14.1839,0.42336,0.0018483,0.21168,0.0018483,0.21168,460.486,0,1.02816,0,0,4.06547,3.03731,1.028160,1,0,117.907,0,0,0,117.907,0
72.29,2.95116,0,0,5.06951,0.284858,1.83349,3.6288,61.308,0.577252,0,0,2.26644,0.188982,1.5002,0.66528,12.849,1,0.524547,1.83349,0,111.596,3.79814,109.107,0.84672,12.849,0.84672,3695.15,0,0.0036966,1.74029e-05,2.53231,1.703,8.00903,1.03732,11.207,0.42336,0.0018483,0.21168,0.0018483,0.21168,460.486,0,1.02816,0,0,3.56047,2.53231,1.028160,1,0,121.814,0,0,0,121.814,0
72.29,2.95174,0,0,4.20278,0.268727,0.982319,3.6288,61.308,0.577564,0,0,2.96218,0.177149,2.20747,0.66528,12.849,1,0.524649,0.982319,0,90.0625,3.84951,86.6707,0.84672,12.849,0.84672,3695.15,0,0.0036966,1.74123e-05,2.02768,1.89172,10.5722,0.961552,13.5301,0.42336,0.0018483,0.21168,0.0018483,0.21168,460.486,0,1.02816,0,0,3.05584,2.02768,1.028160,1,0,102.408,0,0,0,102.408,0
72.29,2.95231,0,0,5.39869,0.268727,2.17765,3.6288,61.308,0.577876,0,0,2.38899,0.177149,1.63397,0.66528,12.849,1,0.524751,2.17765,0,139.681,3.84951,137.485,0.84672,12.849,0.84672,3695.15,0,0.0036966,1.74217e-05,3.56836,1.89208,12.7117,0.961552,17.2106,0.42336,0.0018483,0.21168,0.0018483,0.21168,460.486,0,1.02816,0,0,4.59652,3.56836,1.028160,1,0,156.329,0,0,0,156.329,0
72.29,2.95288,0,0,4.92462,0.317182,1.65455,3.6288,61.308,0.578188,0,0,2.30973,0.161397,1.57015,0.66528,12.849,1,0.524853,1.65455,0,119.276,3.96195,116.444,0.84672,12.849,0.84672,3695.15,0,0.0036966,1.74311e-05,3.97616,1.89245,10.8798,0.91433,15.8341,0.42336,0.0018483,0.21168,0.0018483,0.21168,460.486,0,1.02816,0,0,5.00432,3.97616,1.028160,1,0,133.848,0,0,0,133.848,0
72.29,2.57909,0,0,7.60596,0.348767,4.67811,3.6288,61.308,0.351659,0,0,1.86125,0.197926,1.31166,0.66528,12.849,1,0.458413,4.67811,0,142.199,3.83516,142.583,0.84672,12.849,0.84672,3695.15,0,0.0036966,1.06017e-05,2.95523,1.89282,10.3089,0.944144,14.2128,0.42336,0.0018483,0.21168,0.0018483,0.21168,460.486,0,1.02816,0,0,3.98339,2.95523,1.028160,1,0,158.108,0,0,0,158.108,0
72.29,2.57959,0,0,3.93164,0.33349,1.01856,3.6288,61.308,0.351927,0,0,1.63229,0.195799,1.08456,0.66528,12.849,1,0.458502,1.01856,0,67.3884,3.74651,64.2019,0.84672,12.849,0.84672,3695.15,0,0.0036966,1.06098e-05,1.79115,1.6353,6.69164,0.888464,9.22961,0.42336,0.0018483,0.21168,0.0018483,0.21168,460.486,0,1.02816,0,0,2.81931,1.79115,1.028160,1,0,74.5161,0,0,0,74.5161,0
72.29,2.58009,0,0,4.18236,0.33349,1.26878,3.6288,61.308,0.352196,0,0,2.05321,0.195799,1.50522,0.66528,12.849,1,0.458592,1.26878,0,90.9217,3.74651,87.9853,0.84672,12.849,0.84672,3695.15,0,0.0036966,1.06179e-05,2.07846,1.63561,8.32041,0.888464,11.146,0.42336,0.0018483,0.21168,0.0018483,0.21168,460.486,0,1.02816,0,0,3.10662,2.07846,1.028160,1,0,100.637,0,0,0,100.637,0
72.29,2.58059,0,0,5.47382,0.33349,2.55974,3.6288,61.308,0.352464,0,0,1.92707,0.195799,1.37881,0.66528,12.849,1,0.458681,2.55974,0,132.309,3.74651,130.663,0.84672,12.849,0.84672,3695.15,0,0.0036966,1.0626e-05,2.21517,1.63593,9.7759,0.888464,12.7385,0.42336,0.0018483,0.21168,0.0018483,0.21168,460.486,0,1.02816,0,0,3.24333,2.21517,1.028160,1,0,144.781,0,0,0,144.781,0
72.29,2.58109,0,0,4.85355,0.328865,1.9436,3.6288,61.308,0.352732,0,0,1.69865,0.220787,1.12513,0.66528,12.849,1,0.45877,1.9436,0,100.49,4.30185,97.6731,0.84672,12.849,0.84672,3695.15,0,0.0036966,1.06341e-05,2.21277,1.63625,8.83984,1.03984,11.649,0.42336,0.0018483,0.21168,0.0018483,0.21168,460.486,0,1.02816,0,0,3.24093,2.21277,1.028160,1,0,110.447,0,0,0,110.447,0
72.29,2.67592,0,0,5.53536,0.325561,2.53388,3.6288,61.308,0.408548,0,0,2.03469,0.217722,1.40842,0.66528,12.849,1,0.475625,2.53388,0,94.4404,4.70013,91.7985,0.84672,12.849,0.84672,3695.15,0,0.0036966,1.23168e-05,4.87926,1.63657,9.17093,1.09214,14.5946,0.42336,0.0018483,0.21168,0.0018483,0.21168,460.486,0,1.02816,0,0,5.90742,4.87926,1.028160,1,0,107.802,0,0,0,107.802,0
72.29,2.67644,0,0,4.064,0.326038,1.06152,3.6288,61.308,0.408828,0,0,1.64094,0.211658,1.02046,0.66528,12.849,1,0.475717,1.06152,0,80.3917,4.6431,76.3344,0.84672,12.849,0.84672,3695.15,0,0.0036966,1.23252e-05,2.04778,1.70062,7.99084,1.06722,10.672,0.42336,0.0018483,0.21168,0.0018483,0.21168,460.486,0,1.02816,0,0,3.07594,2.04778,1.028160,1,0,88.0269,0,0,0,88.0269,0
72.29,2.67696,0,0,3.7195,0.326038,0.716503,3.6288,61.308,0.409107,0,0,1.36871,0.211658,0.747941,0.66528,12.849,1,0.47581,0.716503,0,71.0364,4.6431,66.6339,0.84672,12.849,0.84672,3695.15,0,0.0036966,1.23337e-05,1.75577,1.70095,5.16307,1.06722,7.55256,0.42336,0.0018483,0.21168,0.0018483,0.21168,460.486,0,1.02816,0,0,2.78393,1.75577,1.028160,1,0,74.9344,0,0,0,74.9344,0
72.29,2.67748,0,0,3.58411,0.290326,0.616298,3.6288,61.308,0.409386,0,0,1.31401,0.230688,0.67394,0.66528,12.849,1,0.475902,0.616298,0,63.3395,4.87578,58.6041,0.84672,12.849,0.84672,3695.15,0,0.0036966,1.23421e-05,1.57266,1.70128,5.07612,1.11302,7.23704,0.42336,0.0018483,0.21168,0.0018483,0.21168,460.486,0,1.02816,0,0,2.60082,1.57266,1.028160,1,0,66.5151,0,0,0,66.5151,0
72.29,2.64109,0,0,3.33236,0.293338,0.397932,3.6288,61.308,0.388074,0,0,1.23905,0.224338,0.626642,0.66528,12.849,1,0.469434,0.397932,0,57.6152,4.50579,53.0379,0.84672,12.849,0.84672,3695.15,0,0.0036966,1.16996e-05,1.5517,1.70161,4.65979,1.13602,6.77708,0.42336,0.0018483,0.21168,0.0018483,0.21168,460.486,0,1.02816,0,0,2.57986,1.5517,1.028160,1,0,60.4416,0,0,0,60.4416,0
72.2727,2.64161,0,0,3.23309,0.245885,0.36288,3.6288,61.308,0.388349,0,0,1.08486,0.222745,0.473761,0.66528,12.849,1,0.469525,0.36288,0,54.0035,3.85998,50.0368,0.84672,12.849,0.84672,3695.15,0,0.0036966,1.17079e-05,1.5485,1.67712,4.5014,1.08688,6.64013,0.42336,0.0018483,0.21168,0.0018483,0.21168,460.486,0,1.02816,0,0,2.57666,1.5485,1.028160,1,0,57.1507,0,0,0,57.1507,0
72.1895,2.64202,0,0,3.13948,0.217767,0.36288,3.6288,61.308,0.388625,0,0,1.17286,0.235824,0.548414,0.66528,12.849,1,0.469712,0.36288,0,52.0859,3.9753,48.0038,0.84672,12.849,0.84672,3695.15,0,0.0036966,1.17162e-05,1.73421,1.67744,4.9815,1.09376,7.29938,0.42336,0.0018483,0.21168,0.0018483,0.21168,460.486,0,1.02816,0,0,2.76237,1.73421,1.028160,1,0,55.8516,0,0,0,55.8516,0
71.8867,2.64208,0,0,2.91972,0.217629,0.36288,3.6288,61.308,0.3889,0,0,1.08526,0.235824,0.460538,0.66528,12.849,1,0.470263,0.36288,0,47.6437,3.9753,43.561,0.84672,12.849,0.84672,3695.15,0,0.0036966,1.17245e-05,1.47351,1.67777,4.59963,1.09376,6.65714,0.42336,0.0018483,0.21168,0.0018483,0.21168,460.486,0,1.02816,0,0,2.50167,1.47351,1.028160,1,0,50.6787,0,0,0,50.6787,0
71.5119,2.76619,0,0,2.96443,0.210163,0.36288,3.6288,61.308,0.465802,0,0,1.11974,0.231982,0.42196,0.66528,12.849,1,0.494427,0.36288,0,47.4927,3.94119,43.42,0.84672,12.849,0.84672,3695.15,0,0.0036966,1.40429e-05,1.35944,1.67809,4.29225,1.11053,6.21925,0.42336,0.0018483,0.21168,0.0018483,0.21168,460.486,0,1.02816,0,0,2.3876,1.35944,1.028160,1,0,50.0612,0,0,0,50.0612,0
70.7407,2.76452,0,0,2.52742,0.171137,0.36288,3.6288,61.308,0.466092,0,0,0.955066,0.257805,0.231168,0.66528,12.849,1,0.49672,0.36288,0,38.2701,5.17881,32.9575,0.84672,12.849,0.84672,3695.15,0,0.0036966,1.40516e-05,1.05869,1.7653,3.39966,1.14683,5.0768,0.42336,0.0018483,0.21168,0.0018483,0.21168,460.486,0,1.02816,0,0,2.08685,1.05869,1.028160,1,0,38.2654,0,0,0,38.2654,0
69.6803,2.76048,0,0,2.23308,0.17013,0.36288,3.6288,61.308,0.466382,0,0,0.892201,0.257805,0.168013,0.66528,12.849,1,0.5014,0.36288,0,35.2132,5.17881,29.8959,0.84672,12.849,0.84672,3695.15,0,0.0036966,1.40604e-05,0.884442,1.76564,3.03089,1.14683,4.53414,0.42336,0.0018483,0.21168,0.0018483,0.21168,460.486,0,1.02816,0,0,1.9126,0.884442,1.028160,1,0,34.598,0,0,0,34.598,0
68.5317,2.75457,0,0,2.13761,0.168745,0.36288,3.6288,61.308,0.466673,0,0,0.833604,0.257805,0.109127,0.66528,12.849,1,0.507941,0.36288,0,33.1019,5.17881,27.778,0.84672,12.849,0.84672,3695.15,0,0.0036966,1.40691e-05,0.716092,1.76598,2.80365,1.14683,4.13888,0.42336,0.0018483,0.21168,0.0018483,0.21168,460.486,0,1.02816,0,0,1.74425,0.716092,1.028160,1,0,32.0261,0,0,0,32.0261,0
67.156,2.74793,0,0,1.90236,0.167244,0.36288,3.6288,61.308,0.466963,0,0,0.764804,0.257805,0.0400361,0.66528,12.849,1,0.515209,0.36288,0,29.8509,5.17881,24.5198,0.84672,12.849,0.84672,3695.15,0,0.0036966,1.40779e-05,0.56179,1.76633,2.70178,1.14683,3.88306,0.42336,0.0018483,0.21168,0.0018483,0.21168,460.486,0,1.02816,0,0,1.58995,0.56179,1.028160,1,0,28.4429,0,0,0,28.4429,0
65.8151,2.71507,0,0,1.85038,0.113375,0.36288,3.6288,61.0251,0.522706,0,0,0.511364,0.271603,0,0.66528,12.849,1,0.519475,0.36288,0,23.2002,5.19843,17.8452,0.84672,12.849,0.84672,3695.15,0,0.0036966,1.57584e-05,0.30119,1.76667,2.40224,1.27614,3.19395,0.42336,0.0018483,0.21168,0.0018483,0.21168,460.486,0,1.01486,0,0,1.31605,0.30119,1.028160,1,0,21.0391,0,0,0,21.0391,0
64.3839,2.70674,0,0,1.75003,0.111573,0.36288,3.6288,60.5953,0.613014,0,0,0.451208,0.267914,0,0.66528,12.849,1,0.528433,0.36288,0,22.2741,5.13923,16.9693,0.84672,12.849,0.84672,3695.15,0,0.0036966,1.85667e-05,0.261274,1.79411,2.44473,1.28173,3.21837,0.42336,0.0018483,0.21168,0.0018483,0.21168,460.486,0,0.924852,0,0,1.18613,0.261274,1.028160,1,0,20.1877,0,0,0,20.1877,0
62.8133,2.69747,0,0,1.60001,0.110299,0.36288,3.6288,60.177,0.591557,0,0,0.440377,0.267185,0,0.66528,12.849,1,0.538329,0.36288,0,21.9596,5.13923,16.6449,0.84672,12.849,0.84672,3695.15,0,0.0036966,1.80439e-05,0.261274,1.79445,2.41468,1.28173,3.18867,0.42336,0.0018483,0.21168,0.0018483,0.21168,460.486,0,0.946607,0,0,1.20788,0.261274,1.028160,1,0,19.8336,0,0,0,19.8336,0
61.117,2.68681,0,0,1.46229,0.108901,0.36288,3.6288,59.5549,0.76745,0,0,0.411819,0.266475,0,0.66528,12.849,1,0.549611,0.36288,0,20.655,5.13923,15.329,0.84672,12.849,0.84672,3695.15,0,0.0036966,2.35718e-05,0.261274,1.7948,2.29777,1.28173,3.0721,0.42336,0.0018483,0.21168,0.0018483,0.21168,460.486,0,0.771008,0,0,1.03228,0.261274,1.028160,1,0,18.4011,0,0,0,18.4011,0
59.2375,2.73715,0,0,1.3124,0.0918385,0.36288,3.6288,58.7258,0.910623,0,0,0.383839,0.302288,0,0.66528,12.849,1,0.575448,0.36288,0,17.9649,5.57314,12.1792,0.84672,12.849,0.84672,3695.15,0,0.0036966,2.82614e-05,0.261274,1.79515,1.99179,1.44719,2.601,0.42336,0.0018483,0.21168,0.0018483,0.21168,460.486,0,0.665729,0,0,0.927003,0.261274,1.028160,1,0,14.7802,0,0,0,14.7802,0
57.5067,2.72267,0,0,1.4346,0.0798994,0.36288,3.6288,58.1351,0.777065,0,0,0.51075,0.324406,0,0.66528,12.849,1,0.590565,0.36288,0,22.7911,5.82236,16.7411,0.84672,12.849,0.84672,3695.15,0,0.0036966,2.44569e-05,0.261274,1.83871,2.10948,1.54759,2.66185,0.42336,0.0018483,0.21168,0.0018483,0.21168,460.486,0,0.799597,0,0,1.06087,0.261274,1.028160,1,0,19.4029,0,0,0,19.4029,0
55.6624,2.70867,0,0,1.30581,0.0785671,0.36288,3.6288,57.5126,0.720599,0,0,0.421267,0.323175,0,0.66528,12.849,1,0.605211,0.36288,0,18.3571,5.82236,12.2925,0.84672,12.849,0.84672,3695.15,0,0.0036966,2.29101e-05,0.227405,1.83906,1.96018,1.54759,2.47904,0.42336,0.0018483,0.21168,0.0018483,0.21168,460.486,0,0.856371,0,0,1.08378,0.227405,1.028160,1,0,14.7715,0,0,0,14.7715,0
53.7171,2.6929,0,0,1.18765,0.0771475,0.36288,3.6288,56.6932,0.889811,0,0,0.39232,0.321877,0,0.66528,12.849,1,0.621623,0.36288,0,17.113,5.82236,11.0319,0.84672,12.849,0.84672,3695.15,0,0.0036966,2.85961e-05,0.227405,1.83942,1.74691,1.54759,2.26613,0.42336,0.0018483,0.21168,0.0018483,0.21168,460.486,0,0.687459,0,0,0.914864,0.227405,1.028160,1,0,13.298,0,0,0,13.298,0
51.7243,2.85392,0,0,1.29333,0.0692893,0.36288,3.6288,56.0699,0.767949,0,0,0.46308,0.318421,0,0.66528,12.849,1,0.68265,0.36288,0,17.1939,5.93049,10.9437,0.84672,12.849,0.84672,3695.15,0,0.0036966,0.0018483,0.227405,1.83978,2.47002,1.57349,2.96186,0.42336,0.0018483,0.21168,0.0018483,0.21168,460.486,0,0.925491,0,0,1.1529,0.227405,1.028160,1,0,13.9055,0,0,0,13.9055,0
49.6941,2.8334,0,0,1.23002,0.0640239,0.36288,3.6288,54.9835,1.07086,0,0,0.298867,0.314431,0,0.66528,12.849,1,0.703853,0.36288,0,14.8261,6.31323,8.17186,0.84672,12.849,0.84672,3695.15,0,0.0036966,0.0018483,0.227405,1.98657,2.0955,1.51851,2.78911,0.42336,0.0018483,0.21168,0.0018483,0.21168,460.486,0,0.622581,0,0,0.849986,0.227405,1.028160,1,0,10.961,0,0,0,10.961,0
47.7672,2.81109,0,0,1.3098,0.062674,0.36288,3.6288,54.1887,0.850237,0,0,0.36762,0.312197,0,0.66528,12.849,1,0.726841,0.36288,0,18.8667,6.31323,12.1895,0.84672,12.849,0.84672,3695.15,0,0.0036966,0.0018483,0.204422,1.98695,2.34058,1.51851,3.0116,0.42336,0.0018483,0.21168,0.0018483,0.21168,460.486,0,0.843203,0,0,1.04763,0.204422,1.028160,1,0,15.2011,0,0,0,15.2011,0
45.632,2.78852,0,0,1.07756,0.0613815,0.36288,3.6288,52.964,1.18187,0,0,0.267732,0.310563,0,0.66528,12.849,1,0.750091,0.36288,0,17.2848,6.31323,10.5844,0.84672,12.849,0.84672,3695.15,0,0.0036966,0.0018483,0.204422,1.98734,1.91704,1.51851,2.58844,0.42336,0.0018483,0.21168,0.0018483,0.21168,460.486,0,0.511574,0,0,0.715997,0.204422,1.028160,1,0,13.1728,0,0,0,13.1728,0
43.907,2.64506,0,0,1.34284,0.0599477,0.36288,3.6288,52.5059,0.614171,0,0,0.463794,0.307694,0,0.66528,12.849,1,0.744791,0.36288,0,16.8486,6.31323,10.1535,0.84672,12.849,0.84672,3695.15,0,0.0036966,2.14329e-05,0.38677,1.98772,2.98995,1.51851,3.84591,0.42336,0.0018483,0.21168,0.0018483,0.21168,460.486,0,1.02816,0,0,1.41493,0.38677,1.028160,1,0,13.9994,0,0,0,13.9994,0
41.7252,2.65501,0,0,0.868052,0.0319337,0.36288,3.6288,51.8328,0.765495,0,0,0.350482,0.258075,0,0.66528,12.849,1,0.776965,0.36288,0,11.4875,5.57206,5.50133,0.84672,12.849,0.84672,3695.15,0,0.0036966,2.69468e-05,0.204422,1.90416,1.83636,1.22323,2.72169,0.42336,0.0018483,0.21168,0.0018483,0.21168,460.486,0,0.86705,0,0,1.07147,0.204422,1.028160,1,0,8.22302,0,0,0,8.22302,0
39.4173,2.62445,0,0,0.69749,0.018009,0.36288,3.6288,50.8569,1.01067,0,0,0.290261,0.255489,0,0.66528,12.849,1,0.808183,0.36288,0,10.4143,5.79317,4.17584,0.84672,12.849,0.84672,3695.15,0,0.0036966,3.60393e-05,0.216518,1.9045,1.2867,1.30659,2.1011,0.42336,0.0018483,0.21168,0.0018483,0.21168,460.486,0,0.622184,0,0,0.838702,0.216518,1.028160,1,0,6.27694,0,0,0,6.27694,0
37.239,2.58926,0,0,0.81991,0.0460741,0.36288,3.6288,49.9368,0.989784,0,0,0.2949,0.225269,0,0.66528,12.849,1,0.844031,0.36288,0,10.4904,5.37791,4.63137,0.84672,12.849,0.84672,3695.15,0,0.0036966,3.59718e-05,0.216518,1.90487,1.3437,1.17679,2.28826,0.42336,0.0018483,0.21168,0.0018483,0.21168,460.486,0,0.643386,0,0,0.859905,0.216518,1.028160,1,0,6.91963,0,0,0,6.91963,0
36.4844,2.58723,0,0,2.31002,0.114499,0.36288,3.6288,49.8937,0.60534,0,0,0.715916,0.153594,0,0.66528,12.849,1,0.84672,0.36288,0,33.519,4.33975,28.6954,0.84672,12.849,0.84672,3695.15,0,0.0036966,2.24053e-05,0.382795,1.90524,3.57655,0.852301,5.01225,0.42336,0.0018483,0.21168,0.0018483,0.21168,460.486,0,1.02816,0,0,1.41096,0.382795,1.028160,1,0,33.7076,0,0,0,33.7076,0
34.8252,2.49917,0,0,1.33184,0.129061,0.36288,3.6288,49.635,0.555551,0,0,0.458859,0.162014,0,0.66528,12.849,1,0.84672,0.36288,0,23.6841,4.17025,19.03,0.84672,12.849,0.84672,3695.15,0,0.0036966,2.05802e-05,0.216518,1.90561,1.94124,0.866181,3.19716,0.42336,0.0018483,0.21168,0.0018483,0.21168,460.486,0,1.0031,0,0,1.21961,0.216518,1.028160,1,0,22.2271,0,0,0,22.2271,0
33.0551,2.49982,0,0,1.25731,0.164695,0.36288,3.6288,49.4234,0.552109,0,0,0.52323,0.18281,0,0.66528,12.849,1,0.84672,0.36288,0,27.6475,3.74651,23.4171,0.84672,12.849,0.84672,3695.15,0,0.0036966,2.05593e-05,0.216518,1.83127,2.72096,0.900881,3.86785,0.42336,0.0018483,0.21168,0.0018483,0.21168,460.486,0,1.00684,0,0,1.22336,0.216518,1.028160,1,0,27.285,0,0,0,27.285,0
32.4516,2.50046,0,0,2.42101,0.161151,0.36288,3.6288,49.5007,0.531092,0,0,0.790942,0.182492,0,0.66528,12.849,1,0.84672,0.36288,0,50.3401,3.74651,46.1098,0.84672,12.849,0.84672,3695.15,0,0.0036966,1.98614e-05,0.454231,1.83163,4.3097,0.900881,5.69466,0.42336,0.0018483,0.21168,0.0018483,0.21168,460.486,0,1.02816,0,0,1.48239,0.454231,1.028160,1,0,51.8044,0,0,0,51.8044,0
33.0945,2.50111,0,0,3.66682,0.159943,0.36288,3.6288,50.294,0.531394,0,0,1.5073,0.182608,0,0.66528,12.849,1,0.84672,0.36288,0,55.1209,3.74651,50.8905,0.84672,12.849,0.84672,3695.15,0,0.0036966,1.98416e-05,1.69051,1.83198,6.28983,0.900881,8.91142,0.42336,0.0018483,0.21168,0.0018483,0.21168,460.486,0,1.02816,0,0,2.71867,1.69051,1.028160,1,0,59.8019,0,0,0,59.8019,0
32.5832,2.24958,0,0,2.26965,0.168421,0.36288,3.6288,50.7414,0.375018,0,0,1.00937,0.186994,0,0.66528,12.849,1,0.84672,0.36288,0,45.8352,3.8045,41.5469,0.84672,12.849,0.84672,3695.15,0,0.0036966,1.37819e-05,1.17741,1.83234,6.22947,0.91442,8.32478,0.42336,0.0018483,0.21168,0.0018483,0.21168,460.486,0,1.02816,0,0,2.20557,1.17741,1.028160,1,0,49.8717,0,0,0,49.8717,0
32.6932,2.12698,0,0,2.78847,0.18861,0.36288,3.6288,50.706,0.506446,0,0,0.61584,0.144772,0,0.66528,12.849,1,0.838763,0.36288,0,40.8656,3.73601,36.6537,0.84672,12.849,0.84672,3695.15,0,0.0036966,1.84477e-05,1.00772,1.66438,2.66431,0.922454,4.41393,0.42336,0.0018483,0.21168,0.0018483,0.21168,460.486,0,1.02816,0,0,2.03588,1.00772,1.028160,1,0,41.0676,0,0,0,41.0676,0
34.6739,2.12964,0,0,4.66291,0.189757,0.36288,3.6288,51.0485,0.506446,0,0,1.00864,0.15966,0,0.66528,12.849,1,0.836984,0.36288,0,68.8586,3.97688,64.4077,0.84672,12.849,0.84672,3695.15,0,0.0036966,1.84606e-05,1.96295,1.74145,3.86207,1.01746,6.549,0.42336,0.0018483,0.21168,0.0018483,0.21168,460.486,0,1.02816,0,0,2.99111,1.96295,1.028160,1,0,70.9567,0,0,0,70.9567,0
36.2892,2.16516,0,0,4.33382,0.190424,0.36288,3.6288,51.1671,0.506446,0,0,0.827807,0.202827,0,0.66528,12.849,1,0.802338,0.36288,0,63.2778,4.41392,58.4244,0.84672,12.849,0.84672,3695.15,0,0.0036966,1.83367e-05,1.10006,1.74162,3.80665,1.1767,5.47161,0.42336,0.0018483,0.21168,0.0018483,0.21168,460.486,0,1.02816,0,0,2.12822,1.10006,1.028160,1,0,63.896,0,0,0,63.896,0
39.725,2.19218,0,0,6.16771,0.176843,0.36288,3.6288,51.8406,0.506446,0,0,1.35274,0.172735,0,0.66528,12.849,1,0.776191,0.36288,0,89.2909,3.46468,85.413,0.84672,12.849,0.84672,3695.15,0,0.0036966,1.82943e-05,2.97861,1.74178,6.07043,0.86268,9.92813,0.42336,0.0018483,0.21168,0.0018483,0.21168,460.486,0,1.02816,0,0,4.00677,2.97861,1.028160,1,0,95.3411,0,0,0,95.3411,0
46.8088,2.4152,0,0,10.0657,0.203883,0.36288,3.6288,53.0004,0.421784,0,0,1.76062,0.179015,0,0.66528,12.849,1,0.781194,0.36288,0,140.552,3.61775,136.516,0.84672,12.849,0.84672,3695.15,0,0.0036966,1.50381e-05,2.99297,1.74195,9.98793,0.998795,13.724,0.42336,0.0018483,0.21168,0.0018483,0.21168,460.486,0,1.02816,0,0,4.02113,2.99297,1.028160,1,0,150.24,0,0,0,150.24,0
49.5365,2.50843,0,0,5.83627,0.237295,0.36288,3.6288,53.4372,0.42205,0,0,1.04357,0.18473,0,0.66528,12.849,1,0.688564,0.36288,0,141.042,3.73254,136.984,0.84672,12.849,0.84672,3695.15,0,0.0036966,1.47183e-05,1.56719,1.71926,5.79363,1.10088,7.97919,0.42336,0.0018483,0.21168,0.0018483,0.21168,460.486,0,1.02816,0,0,2.59535,1.56719,1.028160,1,0,144.963,0,0,0,144.963,0
51.2814,2.53901,0,0,4.89125,0.244449,0.36288,3.6288,54.6654,0.422317,0,0,1.83584,0.185375,0,0.66528,12.849,1,0.65858,0.36288,0,105.791,3.73254,101.763,0.84672,12.849,0.84672,3695.15,0,0.0036966,1.46072e-05,3.40446,1.71958,7.59629,1.10088,11.6194,0.42336,0.0018483,0.21168,0.0018483,0.21168,460.486,0,1.02816,0,0,4.43262,3.40446,1.028160,1,0,113.382,0,0,0,113.382,0
52.4279,2.5574,0,0,4.30644,0.239595,0.36288,3.6288,55.2331,0.422584,0,0,1.1821,0.191825,0,0.66528,12.849,1,0.640779,0.36288,0,91.2108,4.0448,86.8881,0.84672,12.849,0.84672,3695.15,0,0.0036966,1.4288e-05,1.81278,1.7199,5.91704,1.02001,8.42969,0.42336,0.0018483,0.21168,0.0018483,0.21168,460.486,0,1.02816,0,0,2.84094,1.81278,1.028160,1,0,95.3178,0,0,0,95.3178,0
54.7876,2.81971,0,0,5.80619,0.263887,0.36288,3.6288,56.0595,0.593454,0,0,1.61018,0.190319,0,0.66528,12.849,1,0.691053,0.36288,0,136.229,4.12754,131.774,0.84672,12.849,0.84672,3695.15,0,0.0036966,1.98591e-05,2.78835,1.72021,8.1121,1.04296,11.5777,0.42336,0.0018483,0.21168,0.0018483,0.21168,460.486,0,1.02816,0,0,3.81651,2.78835,1.028160,1,0,143.351,0,0,0,143.351,0
58.762,2.84435,0,0,7.40643,0.224821,0.36288,3.6288,57.1903,0.593752,0,0,1.8748,0.150248,0,0.66528,12.849,1,0.667067,0.36288,0,173.019,3.92143,168.793,0.84672,12.849,0.84672,3695.15,0,0.0036966,1.95762e-05,3.01225,1.91081,11.3302,1.06567,15.1876,0.42336,0.0018483,0.21168,0.0018483,0.21168,460.486,0,1.02816,0,0,4.04041,3.01225,1.028160,1,0,183.981,0,0,0,183.981,0
61.2694,2.8819,0,0,6.02978,0.277607,0.36288,3.6288,58.2245,0.59405,0,0,1.83916,0.210942,0,0.66528,12.849,1,0.630162,0.36288,0,132.379,4.36779,127.744,0.84672,12.849,0.84672,3695.15,0,0.0036966,1.91988e-05,2.93272,1.91116,10.362,1.22146,13.9844,0.42336,0.0018483,0.21168,0.0018483,0.21168,460.486,0,1.02816,0,0,3.96088,2.93272,1.028160,1,0,141.728,0,0,0,141.728,0
63.8337,2.90376,0,0,6.11493,0.284023,0.36288,3.6288,59.2383,0.594349,0,0,1.82053,0.212358,0,0.66528,12.849,1,0.608956,0.36288,0,144.63,4.36779,140.016,0.84672,12.849,0.84672,3695.15,0,0.0036966,1.88672e-05,2.45507,1.91151,10.0679,1.22146,13.213,0.42336,0.0018483,0.21168,0.0018483,0.21168,460.486,0,1.02816,0,0,3.48323,2.45507,1.028160,1,0,153.229,0,0,0,153.229,0
65.5826,2.55394,0,0,4.95771,0.291994,0.36288,3.6288,60.2505,0.365526,0,0,1.58606,0.208349,0,0.66528,12.849,1,0.51408,0.36288,0,108.038,4.22958,103.657,0.84672,12.849,0.84672,3695.15,0,0.0036966,1.14048e-05,2.26933,1.91186,8.31868,1.18656,11.3133,0.42336,0.0018483,0.21168,0.0018483,0.21168,460.486,0,1.02816,0,0,3.29749,2.26933,1.028160,1,0,114.971,0,0,0,114.971,0
69.2116,2.56588,0,0,6.86569,0.307944,0.36288,3.6288,61.308,0.365782,0,0,1.98018,0.177103,0.379769,0.66528,12.849,1,0.502709,0.36288,0,131.314,3.40032,127.774,0.84672,12.849,0.84672,3695.15,0,0.0036966,1.12211e-05,3.07345,1.65173,11.3533,0.977148,15.1013,0.42336,0.0018483,0.21168,0.0018483,0.21168,460.486,0,1.02816,0,0,4.10161,3.07345,1.028160,1,0,143.255,0,0,0,143.255,0
72.29,2.58859,0,0,7.12204,0.316878,1.13814,3.6288,61.308,0.366038,0,0,2.28378,0.178295,1.73944,0.66528,12.849,1,0.480566,1.13814,0,141.711,3.40032,138.968,0.84672,12.849,0.84672,3695.15,0,0.0036966,1.10352e-05,2.39128,1.65203,14.6775,0.977148,17.7437,0.42336,0.0018483,0.21168,0.0018483,0.21168,460.486,0,1.02816,0,0,3.41944,2.39128,1.028160,1,0,158.451,0,0,0,158.451,0
72.29,2.60644,0,0,7.40699,0.307775,4.49277,3.6288,61.308,0.366294,0,0,2.27004,0.201846,1.7019,0.66528,12.849,1,0.463276,4.49277,0,106.275,4.07406,106.23,0.84672,12.849,0.84672,3695.15,0,0.0036966,1.1043e-05,2.55341,1.65234,12.0577,1.07345,15.19,0.42336,0.0018483,0.21168,0.0018483,0.21168,460.486,0,1.02816,0,0,3.58157,2.55341,1.028160,1,0,123.122,0,0,0,123.122,0
72.29,2.60692,0,0,6.47874,0.295265,3.57655,3.6288,61.308,0.36655,0,0,1.55894,0.21951,0.972881,0.66528,12.849,1,0.463361,3.57655,0,87.0955,4.57937,85.6293,0.84672,12.849,0.84672,3695.15,0,0.0036966,1.10507e-05,2.01911,1.65264,8.95648,1.14568,11.4825,0.42336,0.0018483,0.21168,0.0018483,0.21168,460.486,0,1.02816,0,0,3.04727,2.01911,1.028160,1,0,98.0848,0,0,0,98.0848,0
72.29,2.70267,0,0,5.25297,0.333609,2.2167,3.6288,61.308,0.422909,0,0,1.87231,0.189807,1.2596,0.66528,12.849,1,0.480379,2.2167,0,79.2997,4.01904,77.017,0.84672,12.849,0.84672,3695.15,0,0.0036966,1.27498e-05,1.60136,1.65294,9.51228,0.911575,11.855,0.42336,0.0018483,0.21168,0.0018483,0.21168,460.486,0,1.02816,0,0,2.62952,1.60136,1.028160,1,0,90.1316,0,0,0,90.1316,0
72.29,2.70317,0,0,4.87515,0.348947,1.82303,3.6288,61.308,0.423175,0,0,2.00677,0.177926,1.40567,0.66528,12.849,1,0.480467,1.82303,0,73.745,3.79491,71.2927,0.84672,12.849,0.84672,3695.15,0,0.0036966,1.27578e-05,1.78648,1.71762,6.34137,0.817931,9.02753,0.42336,0.0018483,0.21168,0.0018483,0.21168,460.486,0,1.02816,0,0,2.81464,1.78648,1.028160,1,0,81.7259,0,0,0,81.7259,0
72.031,2.70366,0,0,3.15647,0.348947,0.36288,3.6288,61.308,0.423442,0,0,1.36536,0.177926,0.763994,0.66528,12.849,1,0.480555,0.36288,0,45.3297,3.79491,41.4171,0.84672,12.849,0.84672,3695.15,0,0.0036966,1.27658e-05,0.749045,1.71794,4.93537,0.817931,6.58441,0.42336,0.0018483,0.21168,0.0018483,0.21168,460.486,0,1.02816,0,0,1.7772,0.749045,1.028160,1,0,48.7655,0,0,0,48.7655,0
71.1935,2.70269,0,0,2.57639,0.348261,0.36288,3.6288,61.308,0.477231,0,0,1.11842,0.177926,0.463265,0.66528,12.849,1,0.48211,0.36288,0,35.4811,3.79491,31.567,0.84672,12.849,0.84672,3695.15,0,0.0036966,1.43875e-05,0.528595,1.71825,4.60082,0.817931,6.02972,0.42336,0.0018483,0.21168,0.0018483,0.21168,460.486,0,0.974635,0,0,1.50323,0.528595,1.028160,1,0,38.06,0,0,0,38.06,0
70.4776,2.66119,0,0,2.58724,0.279137,0.36288,3.6288,61.308,0.402169,0,0,1.08694,0.169245,0.515524,0.66528,12.849,1,0.480291,0.36288,0,45.815,3.21783,42.4797,0.84672,12.849,0.84672,3695.15,0,0.0036966,1.21245e-05,0.942624,1.71857,4.30612,0.832579,6.13472,0.42336,0.0018483,0.21168,0.0018483,0.21168,460.486,0,1.02816,0,0,1.97078,0.942624,1.028160,1,0,49.13,0,0,0,49.13,0
69.7572,2.65755,0,0,2.56484,0.264806,0.36288,3.6288,61.308,0.402431,0,0,1.04632,0.181439,0.46245,0.66528,12.849,1,0.484507,0.36288,0,51.0595,3.71301,47.2248,0.84672,12.849,0.84672,3695.15,0,0.0036966,1.21324e-05,1.5821,1.69381,5.4603,0.997634,7.73856,0.42336,0.0018483,0.21168,0.0018483,0.21168,460.486,0,1.02816,0,0,2.61026,1.5821,1.028160,1,0,55.4258,0,0,0,55.4258,0
70.5356,2.65381,0,0,4.05842,0.263338,0.36288,3.6288,61.308,0.402694,0,0,1.29887,0.181439,0.714735,0.66528,12.849,1,0.488822,0.36288,0,66.4209,3.71301,62.5819,0.84672,12.849,0.84672,3695.15,0,0.0036966,1.21403e-05,2.02629,1.69412,4.74702,0.997634,7.46978,0.42336,0.0018483,0.21168,0.0018483,0.21168,460.486,0,1.02816,0,0,3.05445,2.02629,1.028160,1,0,70.7664,0,0,0,70.7664,0
69.8526,2.65886,0,0,2.55112,0.212355,0.36288,3.6288,61.308,0.402956,0,0,1.09483,0.193935,0.497935,0.66528,12.849,1,0.484348,0.36288,0,52.4779,4.09227,48.2642,0.84672,12.849,0.84672,3695.15,0,0.0036966,1.21482e-05,1.59093,1.69443,4.20381,0.927426,6.56173,0.42336,0.0018483,0.21168,0.0018483,0.21168,460.486,0,1.02816,0,0,2.61909,1.59093,1.028160,1,0,55.3238,0,0,0,55.3238,0
68.7263,2.78131,0,0,2.22914,0.21124,0.36288,3.6288,61.308,0.480605,0,0,0.924826,0.193935,0.250286,0.66528,12.849,1,0.511607,0.36288,0,44.4851,4.09227,40.2441,0.84672,12.849,0.84672,3695.15,0,0.0036966,1.44892e-05,1.17263,1.69474,3.67041,0.927426,5.61034,0.42336,0.0018483,0.21168,0.0018483,0.21168,460.486,0,1.02816,0,0,2.20079,1.17263,1.028160,1,0,46.1047,0,0,0,46.1047,0
68.2557,2.77476,0,0,2.84438,0.177322,0.36288,3.6288,61.308,0.480882,0,0,1.20148,0.206596,0.514,0.66528,12.849,1,0.518766,0.36288,0,47.7045,4.07736,43.4712,0.84672,12.849,0.84672,3695.15,0,0.0036966,1.44975e-05,1.70591,1.78279,4.04474,0.933322,6.6001,0.42336,0.0018483,0.21168,0.0018483,0.21168,460.486,0,1.02816,0,0,2.73407,1.70591,1.028160,1,0,50.5853,0,0,0,50.5853,0
67.3995,2.77225,0,0,2.45563,0.176671,0.36288,3.6288,61.308,0.481159,0,0,1.0598,0.206596,0.372044,0.66528,12.849,1,0.521871,0.36288,0,43.838,4.07736,39.6016,0.84672,12.849,0.84672,3695.15,0,0.0036966,1.45059e-05,1.51665,1.78312,3.82558,0.933322,6.192,0.42336,0.0018483,0.21168,0.0018483,0.21168,460.486,0,1.02816,0,0,2.54481,1.51665,1.028160,1,0,46.1657,0,0,0,46.1657,0
66.3055,2.76719,0,0,2.21151,0.175488,0.36288,3.6288,61.308,0.481436,0,0,0.902102,0.206596,0.21407,0.66528,12.849,1,0.527536,0.36288,0,41.0607,4.07736,36.8187,0.84672,12.849,0.84672,3695.15,0,0.0036966,1.45142e-05,1.25951,1.78344,3.70545,0.933322,5.81507,0.42336,0.0018483,0.21168,0.0018483,0.21168,460.486,0,1.02816,0,0,2.28767,1.25951,1.028160,1,0,42.8479,0,0,0,42.8479,0
65.0617,2.76041,0,0,2.0353,0.155837,0.36288,3.6288,61.308,0.481713,0,0,0.895527,0.226352,0.187462,0.66528,12.849,1,0.534925,0.36288,0,38.399,4.46862,33.7583,0.84672,12.849,0.84672,3695.15,0,0.0036966,1.45226e-05,1.32241,1.78377,3.6515,1.04009,5.71757,0.42336,0.0018483,0.21168,0.0018483,0.21168,460.486,0,1.02816,0,0,2.35057,1.32241,1.028160,1,0,39.6634,0,0,0,39.6634,0
64.3059,2.72772,0,0,2.46354,0.128701,0.36288,3.6288,61.308,0.524561,0,0,1.31818,0.263565,0.530053,0.66528,12.849,1,0.538696,0.36288,0,41.107,5.14877,35.7824,0.84672,12.849,0.84672,3695.15,0,0.0036966,1.58144e-05,1.36414,1.7841,4.26536,1.19644,6.21715,0.42336,0.0018483,0.21168,0.0018483,0.21168,460.486,0,1.02816,0,0,2.3923,1.36414,1.028160,1,0,42.5296,0,0,0,42.5296,0
63.6388,2.72294,0,0,2.51796,0.0992468,0.36288,3.6288,61.308,0.524846,0,0,1.40797,0.307891,0.575228,0.66528,12.849,1,0.544073,0.36288,0,40.5117,5.34142,34.9891,0.84672,12.849,0.84672,3695.15,0,0.0036966,1.58229e-05,1.45137,1.81179,4.62464,1.34412,6.54366,0.42336,0.0018483,0.21168,0.0018483,0.21168,460.486,0,1.02816,0,0,2.47953,1.45137,1.028160,1,0,42.108,0,0,0,42.108,0
62.8558,2.7187,0,0,2.39331,0.094758,0.36288,3.6288,61.308,0.525131,0,0,1.36707,0.313786,0.528156,0.66528,12.849,1,0.548919,0.36288,0,37.2368,5.34776,31.703,0.84672,12.849,0.84672,3695.15,0,0.0036966,1.58315e-05,1.36642,1.81212,4.48092,1.36364,6.29579,0.42336,0.0018483,0.21168,0.0018483,0.21168,460.486,0,1.02816,0,0,2.39458,1.36642,1.028160,1,0,38.5269,0,0,0,38.5269,0
61.914,2.71351,0,0,2.22877,0.0941555,0.36288,3.6288,61.308,0.525416,0,0,1.19296,0.313786,0.353758,0.66528,12.849,1,0.554698,0.36288,0,34.6101,5.34776,29.0705,0.84672,12.849,0.84672,3695.15,0,0.0036966,1.58401e-05,1.26408,1.81245,4.24463,1.36364,5.9575,0.42336,0.0018483,0.21168,0.0018483,0.21168,460.486,0,1.02816,0,0,2.29224,1.26408,1.028160,1,0,35.3818,0,0,0,35.3818,0
60.8674,2.7702,0,0,2.17508,0.0886084,0.36288,3.6288,61.308,0.563669,0,0,1.11233,0.316644,0.232017,0.66528,12.849,1,0.574899,0.36288,0,37.7569,5.51368,32.0312,0.84672,12.849,0.84672,3695.15,0,0.0036966,1.69934e-05,1.15868,1.81278,4.0234,1.36657,5.62828,0.42336,0.0018483,0.21168,0.0018483,0.21168,460.486,0,1.02816,0,0,2.18684,1.15868,1.028160,1,0,37.8915,0,0,0,37.8915,0
59.7488,2.76254,0,0,2.08272,0.0758925,0.36288,3.6288,61.308,0.563961,0,0,0.898577,0.323791,0.0108252,0.66528,12.849,1,0.583168,0.36288,0,34.0085,5.92851,27.8597,0.84672,12.849,0.84672,3695.15,0,0.0036966,1.70022e-05,0.961908,1.85675,3.76692,1.37389,5.21167,0.42336,0.0018483,0.21168,0.0018483,0.21168,460.486,0,1.02816,0,0,1.99007,0.961908,1.028160,1,0,33.0822,0,0,0,33.0822,0
58.5056,2.75406,0,0,1.94893,0.0751368,0.36288,3.6288,61.2517,0.564253,0,0,0.831738,0.323791,0,0.66528,12.849,1,0.592262,0.36288,0,30.7011,5.92851,24.5432,0.84672,12.849,0.84672,3695.15,0,0.0036966,1.7011e-05,0.876502,1.85709,3.36194,1.37389,4.72162,0.42336,0.0018483,0.21168,0.0018483,0.21168,460.486,0,1.02816,0,0,1.90466,0.876502,1.028160,1,0,29.2648,0,0,0,29.2648,0
57.1135,2.74424,0,0,1.78922,0.0742414,0.36288,3.6288,61.1861,0.564545,0,0,0.822606,0.323676,0,0.66528,12.849,1,0.602691,0.36288,0,28.0645,5.92851,21.8962,0.84672,12.849,0.84672,3695.15,0,0.0036966,1.70354e-05,0.720075,1.85743,3.2881,1.37389,4.4917,0.42336,0.0018483,0.21168,0.0018483,0.21168,460.486,0,1.02816,0,0,1.74823,0.720075,1.028160,1,0,26.3879,0,0,0,26.3879,0
56.0482,2.79216,0,0,2.1496,0.059873,0.36288,3.6288,61.2503,0.628929,0,0,1.00169,0.308581,0,0.66528,12.849,1,0.628161,0.36288,0,29.3901,6.13672,22.9881,0.84672,12.849,0.84672,3695.15,0,0.0036966,1.89986e-05,1.34098,1.85777,4.90971,1.4327,6.67574,0.42336,0.0018483,0.21168,0.0018483,0.21168,460.486,0,1.02816,0,0,2.36914,1.34098,1.028160,1,0,29.6638,0,0,0,29.6638,0
54.6625,2.78296,0,0,1.81249,0.0523209,0.36288,3.6288,61.308,0.629233,0,0,1.0498,0.30816,0.0546673,0.66528,12.849,1,0.63799,0.36288,0,28.7981,6.12135,22.4016,0.84672,12.849,0.84672,3695.15,0,0.0036966,1.89878e-05,1.05169,1.92127,3.9415,1.40901,5.50543,0.42336,0.0018483,0.21168,0.0018483,0.21168,460.486,0,1.02816,0,0,2.07985,1.05169,1.028160,1,0,27.9617,0,0,0,27.9617,0
53.6972,2.77037,0,0,2.2188,0.0508629,0.36288,3.6288,61.308,0.629536,0,0,1.08753,0.310808,0.147181,0.66528,12.849,1,0.651204,0.36288,0,43.3401,6.11457,36.9372,0.84672,12.849,0.84672,3695.15,0,0.0036966,1.89791e-05,1.30662,1.92162,4.22884,1.40206,6.055,0.42336,0.0018483,0.21168,0.0018483,0.21168,460.486,0,1.02816,0,0,2.33478,1.30662,1.028160,1,0,43.1394,0,0,0,43.1394,0
52.5609,2.76143,0,0,2.03834,0.0503681,0.36288,3.6288,61.1844,0.62984,0,0,0.817033,0.310808,0,0.66528,12.849,1,0.660771,0.36288,0,36.9917,6.11457,30.5793,0.84672,12.849,0.84672,3695.15,0,0.0036966,1.89883e-05,0.930908,1.92197,2.82076,1.40206,4.27156,0.42336,0.0018483,0.21168,0.0018483,0.21168,460.486,0,1.02816,0,0,1.95907,0.930908,1.028160,1,0,34.8508,0,0,0,34.8508,0
50.7404,2.75045,0,0,1.39774,0.104878,0.36288,3.6288,60.9509,0.630144,0,0,0.687252,0.290551,0,0.66528,12.849,1,0.672373,0.36288,0,25.4629,5.8982,19.2553,0.84672,12.849,0.84672,3695.15,0,0.0036966,1.90358e-05,0.738927,1.92232,2.14977,1.3445,3.4665,0.42336,0.0018483,0.21168,0.0018483,0.21168,460.486,0,1.02816,0,0,1.76709,0.738927,1.028160,1,0,22.7218,0,0,0,22.7218,0
49.0243,2.76511,0,0,1.50982,0.0979486,0.36288,3.6288,60.8165,0.620251,0,0,0.756363,0.270523,0,0.66528,12.849,1,0.70021,0.36288,0,27.4898,5.86584,21.2866,0.84672,12.849,0.84672,3695.15,0,0.0036966,1.88087e-05,0.768398,1.92268,2.27318,1.33979,3.62445,0.42336,0.0018483,0.21168,0.0018483,0.21168,460.486,0,1.02816,0,0,1.79656,0.768398,1.028160,1,0,24.9111,0,0,0,24.9111,0
48.8068,2.74619,0,0,2.97049,0.0789279,0.36288,3.6288,61.308,0.620553,0,0,1.3874,0.262626,0.0127529,0.66528,12.849,1,0.719762,0.36288,0,42.9659,5.8464,36.7627,0.84672,12.849,0.84672,3695.15,0,0.0036966,1.88595e-05,2.19275,1.923,4.0642,1.3543,6.82562,0.42336,0.0018483,0.21168,0.0018483,0.21168,460.486,0,1.02816,0,0,3.22091,2.19275,1.028160,1,0,43.601,0,0,0,43.601,0
46.9529,2.74415,0,0,1.33195,0.0787426,0.36288,3.6288,61.2108,0.620856,0,0,0.78713,0.263445,0,0.66528,12.849,1,0.722433,0.36288,0,32.6693,5.8464,26.4634,0.84672,12.849,0.84672,3695.15,0,0.0036966,1.87174e-05,0.618287,1.92335,2.08974,1.3543,3.27706,0.42336,0.0018483,0.21168,0.0018483,0.21168,460.486,0,1.02816,0,0,1.64645,0.618287,1.028160,1,0,29.7404,0,0,0,29.7404,0
45.4378,2.72226,0,0,1.66816,0.0981192,0.36288,3.6288,61.308,0.621158,0,0,0.996028,0.260685,0.0170144,0.66528,12.849,1,0.744964,0.36288,0,31.168,5.66594,25.12,0.84672,12.849,0.84672,3695.15,0,0.0036966,1.87563e-05,0.692315,1.9237,2.55657,1.32714,3.84543,0.42336,0.0018483,0.21168,0.0018483,0.21168,460.486,0,1.02816,0,0,1.72047,0.692315,1.028160,1,0,28.9824,0,0,0,28.9824,0
46.9596,2.63355,0,0,4.69381,0.175636,0.36288,3.6288,61.308,0.545563,0,0,1.81913,0.281402,0.99217,0.66528,12.849,1,0.74472,0.36288,0,49.5119,5.04803,44.082,0.84672,12.849,0.84672,3695.15,0,0.0036966,1.64475e-05,3.30504,1.92405,7.00944,1.17434,11.0642,0.42336,0.0018483,0.21168,0.0018483,0.21168,460.486,0,1.02816,0,0,4.3332,3.30504,1.028160,1,0,56.1383,0,0,0,56.1383,0
46.9743,2.65299,0,0,3.25451,0.22389,0.36288,3.6288,61.308,0.545851,0,0,1.67976,0.269888,0.864024,0.66528,12.849,1,0.725905,0.36288,0,61.3051,4.21606,56.726,0.84672,12.849,0.84672,3695.15,0,0.0036966,1.64562e-05,2.37292,1.84898,6.857,1.10827,9.9706,0.42336,0.0018483,0.21168,0.0018483,0.21168,460.486,0,1.02816,0,0,3.40108,2.37292,1.028160,1,0,67.5607,0,0,0,67.5607,0
50.3911,2.65365,0,0,6.65722,0.223926,0.36288,3.6288,61.308,0.54614,0,0,4.50239,0.269888,3.68636,0.66528,12.849,1,0.725859,0.36288,0,112.951,4.21606,108.372,0.84672,12.849,0.84672,3695.15,0,0.0036966,1.64649e-05,8.29512,1.84932,12.364,1.10827,21.4002,0.42336,0.0018483,0.21168,0.0018483,0.21168,460.486,0,1.02816,0,0,9.32328,8.29512,1.028160,1,0,133.458,0,0,0,133.458,0
51.3461,2.69337,0,0,4.24362,0.232348,0.36288,3.6288,61.308,0.546428,0,0,2.61652,0.269888,1.8002,0.66528,12.849,1,0.686769,0.36288,0,75.5985,4.21606,71.0586,0.84672,12.849,0.84672,3695.15,0,0.0036966,1.64736e-05,3.99669,1.84966,8.68971,1.10827,13.4278,0.42336,0.0018483,0.21168,0.0018483,0.21168,460.486,0,1.02816,0,0,5.02485,3.99669,1.028160,1,0,86.2866,0,0,0,86.2866,0
55.4595,2.50043,0,0,7.21133,0.234685,0.36288,3.6288,61.308,0.388528,0,0,3.31645,0.269888,2.65803,0.66528,12.849,1,0.625715,0.36288,0,133.167,4.21606,128.689,0.84672,12.849,0.84672,3695.15,0,0.0036966,1.17133e-05,3.97928,1.85,11.2494,1.10827,15.9704,0.42336,0.0018483,0.21168,0.0018483,0.21168,460.486,0,1.02816,0,0,5.00744,3.97928,1.028160,1,0,147.317,0,0,0,147.317,0
60.3593,2.53858,0,0,8.07477,0.273467,0.36288,3.6288,61.308,0.388788,0,0,3.15287,0.195072,2.56901,0.66528,12.849,1,0.588145,0.36288,0,128.86,4.12035,124.514,0.84672,12.849,0.84672,3695.15,0,0.0036966,1.17211e-05,3.32515,1.6804,13.1718,0.964323,17.213,0.42336,0.0018483,0.21168,0.0018483,0.21168,460.486,0,1.02816,0,0,4.35331,3.32515,1.028160,1,0,144.296,0,0,0,144.296,0
65.9534,2.57842,0,0,8.82127,0.28587,0.36288,3.6288,61.308,0.389048,0,0,3.96283,0.175087,3.3987,0.66528,12.849,1,0.548882,0.36288,0,159.517,3.9437,155.387,0.84672,12.849,0.84672,3695.15,0,0.0036966,1.17289e-05,3.43038,1.68071,15.7067,0.895012,19.9227,0.42336,0.0018483,0.21168,0.0018483,0.21168,460.486,0,1.02816,0,0,4.45854,3.43038,1.028160,1,0,178.709,0,0,0,178.709,0
69.4186,2.61787,0,0,6.74643,0.300471,0.36288,3.6288,61.308,0.389307,0,0,3.31201,0.191157,2.73154,0.66528,12.849,1,0.510012,0.36288,0,156.153,4.18457,151.822,0.84672,12.849,0.84672,3695.15,0,0.0036966,1.17367e-05,2.86495,1.68102,14.377,0.990015,17.933,0.42336,0.0018483,0.21168,0.0018483,0.21168,460.486,0,1.02816,0,0,3.89311,2.86495,1.028160,1,0,172.486,0,0,0,172.486,0
72.29,2.63984,0,0,8.48531,0.294672,2.67941,3.6288,61.308,0.389567,0,0,3.67571,0.24274,3.0434,0.66528,12.849,1,0.488619,2.67941,0,133.718,4.7523,131.156,0.84672,12.849,0.84672,3695.15,0,0.0036966,1.17446e-05,3.11323,1.68132,14.8649,1.35758,18.3019,0.42336,0.0018483,0.21168,0.0018483,0.21168,460.486,0,1.02816,0,0,4.14139,3.11323,1.028160,1,0,152.502,0,0,0,152.502,0
72.29,2.65632,0,0,7.17855,0.304441,4.21779,3.6288,61.308,0.389567,0,0,2.87463,0.22848,2.25658,0.66528,12.849,1,0.472141,4.21779,0,157.032,4.30463,156.473,0.84672,12.849,0.84672,3695.15,0,0.0036966,1.17446e-05,2.69146,1.68163,13.5601,1.30709,16.6261,0.42336,0.0018483,0.21168,0.0018483,0.21168,460.486,0,1.02816,0,0,3.71962,2.69146,1.028160,1,0,175.356,0,0,0,175.356,0
72.29,2.74002,0,0,12.6249,0.32798,9.55685,3.6288,61.308,0.435666,0,0,2.99495,0.216805,2.34248,0.66528,12.849,1,0.487018,9.55685,0,309.48,4.02318,314.527,0.84672,12.849,0.84672,3695.15,0,0.0036966,1.31344e-05,4.71314,1.68163,20.5151,1.22054,25.6893,0.42336,0.0018483,0.21168,0.0018483,0.21168,460.486,0,1.02816,0,0,5.7413,4.71314,1.028160,1,0,342.559,0,0,0,342.559,0
72.29,2.74049,0,0,14.283,0.32798,11.2145,3.6288,61.308,0.435919,0,0,5.69997,0.216805,5.04725,0.66528,12.849,1,0.487102,11.2145,0,444.697,4.02318,451.402,0.84672,12.849,0.84672,3695.15,0,0.0036966,1.3142e-05,7.30144,1.73572,24.7101,1.22054,32.5267,0.42336,0.0018483,0.21168,0.0018483,0.21168,460.486,0,1.02816,0,0,8.3296,7.30144,1.028160,1,0,488.975,0,0,0,488.975,0
72.29,2.74097,0,0,7.48716,0.32798,4.41822,3.6288,61.308,0.436173,0,0,3.05077,0.216805,2.39779,0.66528,12.849,1,0.487187,4.41822,0,246.196,4.02318,246.104,0.84672,12.849,0.84672,3695.15,0,0.0036966,1.31496e-05,3.59155,1.73602,14.7732,1.22054,18.8802,0.42336,0.0018483,0.21168,0.0018483,0.21168,460.486,0,1.02816,0,0,4.61971,3.59155,1.028160,1,0,267.382,0,0,0,267.382,0
72.29,2.74144,0,0,8.6743,0.373226,5.55963,3.6288,61.308,0.436426,0,0,2.22092,0.140482,1.64401,0.66528,12.849,1,0.487271,5.55963,0,154.627,3.34257,156.356,0.84672,12.849,0.84672,3695.15,0,0.0036966,1.31573e-05,2.55271,1.73632,16.2084,1.01861,19.4788,0.42336,0.0018483,0.21168,0.0018483,0.21168,460.486,0,1.02816,0,0,3.58087,2.55271,1.028160,1,0,177.479,0,0,0,177.479,0
72.29,3.00936,0,0,7.87778,0.305668,4.56275,3.6288,61.308,0.60891,0,0,2.83889,0.206486,2.02349,0.66528,12.849,1,0.534891,4.56275,0,285.828,3.63364,286.222,0.84672,12.849,0.84672,3695.15,0,0.0036966,1.83573e-05,3.79542,1.73662,15.3911,1.07162,19.8515,0.42336,0.0018483,0.21168,0.0018483,0.21168,460.486,0,1.02816,0,0,4.82358,3.79542,1.028160,1,0,308.097,0,0,0,308.097,0
72.29,3.00988,0,0,6.77065,0.317312,3.44346,3.6288,61.308,0.609194,0,0,2.45897,0.191027,1.65875,0.66528,12.849,1,0.534983,3.44346,0,235.699,3.37606,235.232,0.84672,12.849,0.84672,3695.15,0,0.0036966,1.83658e-05,2.91415,1.92902,11.3771,1.01141,15.2088,0.42336,0.0018483,0.21168,0.0018483,0.21168,460.486,0,1.02816,0,0,3.94231,2.91415,1.028160,1,0,252.099,0,0,0,252.099,0
72.29,3.0104,0,0,7.19124,0.317312,3.86353,3.6288,61.308,0.609477,0,0,2.7357,0.191027,1.9352,0.66528,12.849,1,0.535076,3.86353,0,260.925,3.37606,260.877,0.84672,12.849,0.84672,3695.15,0,0.0036966,1.83744e-05,3.98652,1.92936,14.044,1.01141,18.9484,0.42336,0.0018483,0.21168,0.0018483,0.21168,460.486,0,1.02816,0,0,5.01468,3.98652,1.028160,1,0,281.761,0,0,0,281.761,0
72.29,3.01092,0,0,11.2617,0.306923,7.94388,3.6288,61.308,0.60976,0,0,4.52498,0.213158,3.70207,0.66528,12.849,1,0.535169,7.94388,0,319.029,3.90022,322.538,0.84672,12.849,0.84672,3695.15,0,0.0036966,1.83829e-05,6.41047,1.92969,26.0827,1.17539,33.2474,0.42336,0.0018483,0.21168,0.0018483,0.21168,460.486,0,1.02816,0,0,7.43863,6.41047,1.028160,1,0,359.487,0,0,0,359.487,0
72.29,2.62972,0,0,4.63694,0.326108,1.68111,3.6288,61.308,0.378749,0,0,1.95056,0.24877,1.32304,0.66528,12.849,1,0.467413,1.68111,0,101.786,3.86663,99.1332,0.84672,12.849,0.84672,3695.15,0,0.0036966,1.14184e-05,2.08816,1.93002,11.3378,0.96897,14.387,0.42336,0.0018483,0.21168,0.0018483,0.21168,460.486,0,1.02816,0,0,3.11632,2.08816,1.028160,1,0,114.843,0,0,0,114.843,0
72.29,2.63018,0,0,5.00214,0.326108,2.04585,3.6288,61.308,0.378992,0,0,2.31946,0.24877,1.6917,0.66528,12.849,1,0.467494,2.04585,0,115.287,3.86663,112.999,0.84672,12.849,0.84672,3695.15,0,0.0036966,1.14258e-05,2.21466,1.6674,9.21957,0.96897,12.1326,0.42336,0.0018483,0.21168,0.0018483,0.21168,460.486,0,1.02816,0,0,3.24282,2.21466,1.028160,1,0,126.823,0,0,0,126.823,0
72.29,2.63063,0,0,7.79319,0.323377,4.83918,3.6288,61.308,0.379236,0,0,3.60123,0.225861,2.99613,0.66528,12.849,1,0.467575,4.83918,0,213.15,3.50801,214.013,0.84672,12.849,0.84672,3695.15,0,0.0036966,1.14331e-05,5.19623,1.66769,19.4371,0.907549,25.3935,0.42336,0.0018483,0.21168,0.0018483,0.21168,460.486,0,1.02816,0,0,6.22439,5.19623,1.028160,1,0,242.403,0,0,0,242.403,0
72.29,2.63109,0,0,6.98864,0.321328,4.03622,3.6288,61.308,0.379479,0,0,2.66478,0.20868,2.07662,0.66528,12.849,1,0.467656,4.03622,0,213.371,3.23904,213.7,0.84672,12.849,0.84672,3695.15,0,0.0036966,1.14405e-05,4.1002,1.66798,12.7761,0.861484,17.6827,0.42336,0.0018483,0.21168,0.0018483,0.21168,460.486,0,1.02816,0,0,5.12836,4.1002,1.028160,1,0,233.46,0,0,0,233.46,0
72.29,2.63154,0,0,6.14896,0.296803,3.22061,3.6288,61.308,0.379723,0,0,2.42259,0.227095,1.81577,0.66528,12.849,1,0.467737,3.22061,0,194.384,4.08863,193.048,0.84672,12.849,0.84672,3695.15,0,0.0036966,1.14478e-05,2.81713,1.66827,14.671,1.02794,18.1284,0.42336,0.0018483,0.21168,0.0018483,0.21168,460.486,0,1.02816,0,0,3.84529,2.81713,1.028160,1,0,212.992,0,0,0,212.992,0
72.29,2.72817,0,0,7.50159,0.263454,4.50997,3.6288,61.308,0.436599,0,0,2.94569,0.22824,2.28085,0.66528,12.849,1,0.484911,4.50997,0,176.554,4.72563,175.854,0.84672,12.849,0.84672,3695.15,0,0.0036966,1.31625e-05,3.4455,1.66856,13.1534,1.11023,17.1572,0.42336,0.0018483,0.21168,0.0018483,0.21168,460.486,0,1.02816,0,0,4.47366,3.4455,1.028160,1,0,195.292,0,0,0,195.292,0
72.29,2.72864,0,0,8.73798,0.263454,5.74588,3.6288,61.308,0.436852,0,0,4.30816,0.22824,3.64307,0.66528,12.849,1,0.484995,5.74588,0,209.98,4.72563,210.515,0.84672,12.849,0.84672,3695.15,0,0.0036966,1.31701e-05,4.40289,1.73383,18.2439,1.11023,23.2704,0.42336,0.0018483,0.21168,0.0018483,0.21168,460.486,0,1.02816,0,0,5.43105,4.40289,1.028160,1,0,237.428,0,0,0,237.428,0
72.29,2.72911,0,0,8.17525,0.263454,5.18269,3.6288,61.308,0.437106,0,0,4.59823,0.22824,3.93289,0.66528,12.849,1,0.485079,5.18269,0,231.085,4.72563,231.057,0.84672,12.849,0.84672,3695.15,0,0.0036966,1.31778e-05,4.67677,1.73413,18.5428,1.11023,23.8435,0.42336,0.0018483,0.21168,0.0018483,0.21168,460.486,0,1.02816,0,0,5.70493,4.67677,1.028160,1,0,258.833,0,0,0,258.833,0
72.29,2.72958,0,0,6.05605,0.239668,3.0868,3.6288,61.308,0.437359,0,0,2.46688,0.224627,1.80489,0.66528,12.849,1,0.485163,3.0868,0,156.096,4.61172,154.086,0.84672,12.849,0.84672,3695.15,0,0.0036966,1.31854e-05,2.73016,1.73443,12.2087,1.10041,15.5728,0.42336,0.0018483,0.21168,0.0018483,0.21168,460.486,0,1.02816,0,0,3.75832,2.73016,1.028160,1,0,171.464,0,0,0,171.464,0
72.29,2.69243,0,0,5.00425,0.180203,2.13162,3.6288,61.308,0.415602,0,0,1.57067,0.215595,0.939478,0.66528,12.849,1,0.478559,2.13162,0,115.018,4.32694,112.344,0.84672,12.849,0.84672,3695.15,0,0.0036966,1.25295e-05,1.64277,1.73473,9.26044,1.07586,11.5621,0.42336,0.0018483,0.21168,0.0018483,0.21168,460.486,0,1.02816,0,0,2.67093,1.64277,1.028160,1,0,124.846,0,0,0,124.846,0
72.29,2.69289,0,0,4.73342,0.180203,1.86033,3.6288,61.308,0.415852,0,0,1.43367,0.215595,0.802224,0.66528,12.849,1,0.478641,1.86033,0,101.721,4.32694,98.7761,0.84672,12.849,0.84672,3695.15,0,0.0036966,1.2537e-05,1.16287,1.70972,8.46288,1.07586,10.2596,0.42336,0.0018483,0.21168,0.0018483,0.21168,460.486,0,1.02816,0,0,2.19103,1.16287,1.028160,1,0,109.838,0,0,0,109.838,0
72.29,2.69336,0,0,4.3471,0.180203,1.47354,3.6288,61.308,0.416101,0,0,1.33811,0.215595,0.706416,0.66528,12.849,1,0.478724,1.47354,0,93.3085,4.32694,89.9764,0.84672,12.849,0.84672,3695.15,0,0.0036966,1.25445e-05,1.10955,1.71001,7.16282,1.07586,8.90651,0.42336,0.0018483,0.21168,0.0018483,0.21168,460.486,0,1.02816,0,0,2.13771,1.10955,1.028160,1,0,99.5893,0,0,0,99.5893,0
72.29,2.69383,0,0,4.02257,0.142654,1.18609,3.6288,61.308,0.416351,0,0,1.26417,0.247157,0.600662,0.66528,12.849,1,0.478807,1.18609,0,82.048,4.59666,78.1587,0.84672,12.849,0.84672,3695.15,0,0.0036966,1.25521e-05,1.04099,1.71031,7.17854,1.06716,8.86267,0.42336,0.0018483,0.21168,0.0018483,0.21168,460.486,0,1.02816,0,0,2.06915,1.04099,1.028160,1,0,87.622,0,0,0,87.622,0
72.29,2.8221,0,0,4.15972,0.159006,1.17861,3.6288,61.308,0.494711,0,0,1.22019,0.263784,0.461698,0.66528,12.849,1,0.501607,1.17861,0,84.2867,4.65756,80.3061,0.84672,12.849,0.84672,3695.15,0,0.0036966,1.49144e-05,1.06424,1.7106,6.91589,1.14799,8.54273,0.42336,0.0018483,0.21168,0.0018483,0.21168,460.486,0,1.02816,0,0,2.0924,1.06424,1.028160,1,0,89.3105,0,0,0,89.3105,0
72.29,2.82259,0,0,3.94413,0.131125,0.990412,3.6288,61.308,0.494974,0,0,1.20439,0.2758,0.433616,0.66528,12.849,1,0.501694,0.990412,0,82.9742,4.79985,78.6631,0.84672,12.849,0.84672,3695.15,0,0.0036966,1.49224e-05,0.914881,1.79946,6.66835,1.19884,8.18384,0.42336,0.0018483,0.21168,0.0018483,0.21168,460.486,0,1.02816,0,0,1.94304,0.914881,1.028160,1,0,87.2806,0,0,0,87.2806,0
72.29,2.82308,0,0,3.6547,0.104157,0.727469,3.6288,61.308,0.495237,0,0,1.10495,0.268549,0.341166,0.66528,12.849,1,0.50178,0.727469,0,79.45,4.86056,74.8151,0.84672,12.849,0.84672,3695.15,0,0.0036966,1.49303e-05,0.707979,1.79977,6.19956,1.17723,7.53007,0.42336,0.0018483,0.21168,0.0018483,0.21168,460.486,0,1.02816,0,0,1.73614,0.707979,1.028160,1,0,82.6863,0,0,0,82.6863,0
72.29,2.82356,0,0,3.46025,0.104157,0.532529,3.6288,61.308,0.495501,0,0,1.11783,0.268549,0.353785,0.66528,12.849,1,0.501867,0.532529,0,67.3618,4.86056,62.5319,0.84672,12.849,0.84672,3695.15,0,0.0036966,1.49382e-05,0.91616,1.80008,5.63369,1.17723,7.17268,0.42336,0.0018483,0.21168,0.0018483,0.21168,460.486,0,1.02816,0,0,1.94432,0.91616,1.028160,1,0,70.0583,0,0,0,70.0583,0
72.148,2.82405,0,0,3.16049,0.11558,0.36288,3.6288,61.308,0.495764,0,0,1.02101,0.238455,0.286796,0.66528,12.849,1,0.501954,0.36288,0,63.8911,4.48669,59.2653,0.84672,12.849,0.84672,3695.15,0,0.0036966,1.49462e-05,0.977201,1.80039,5.95224,1.08808,7.64174,0.42336,0.0018483,0.21168,0.0018483,0.21168,460.486,0,1.02816,0,0,2.00536,0.977201,1.028160,1,0,67.1938,0,0,0,67.1938,0
71.6833,2.79841,0,0,2.82065,0.124014,0.36288,3.6288,61.308,0.538995,0,0,0.919408,0.215884,0.164529,0.66528,12.849,1,0.498376,0.36288,0,62.7776,4.2063,58.4358,0.84672,12.849,0.84672,3695.15,0,0.0036966,1.62495e-05,0.814933,1.8007,6.01195,1.02122,7.60636,0.42336,0.0018483,0.21168,0.0018483,0.21168,460.486,0,1.02816,0,0,1.84309,0.814933,1.028160,1,0,66.2067,0,0,0,66.2067,0
70.9929,2.79616,0,0,2.58274,0.1141,0.36288,3.6288,61.308,0.539266,0,0,0.875042,0.237822,0.0979539,0.66528,12.849,1,0.501202,0.36288,0,55.3612,4.4886,50.7343,0.84672,12.849,0.84672,3695.15,0,0.0036966,1.62577e-05,0.739307,1.82863,5.83845,1.12426,7.28211,0.42336,0.0018483,0.21168,0.0018483,0.21168,460.486,0,1.02816,0,0,1.76747,0.739307,1.028160,1,0,58.1144,0,0,0,58.1144,0
70.1859,2.79251,0,0,2.43833,0.0899325,0.36288,3.6288,61.2924,0.539537,0,0,0.81661,0.292667,0,0.66528,12.849,1,0.505416,0.36288,0,49.2394,5.19435,43.9026,0.84672,12.849,0.84672,3695.15,0,0.0036966,1.62658e-05,0.708394,1.82894,5.56919,1.38187,6.72464,0.42336,0.0018483,0.21168,0.0018483,0.21168,460.486,0,1.02816,0,0,1.73655,0.708394,1.028160,1,0,50.6272,0,0,0,50.6272,0
69.1489,2.78808,0,0,2.20516,0.0912812,0.36288,3.6288,61.2217,0.539808,0,0,0.762255,0.293152,0,0.66528,12.849,1,0.510416,0.36288,0,47.4315,5.24688,42.0371,0.84672,12.849,0.84672,3695.15,0,0.0036966,1.62782e-05,0.642211,1.82926,5.13188,1.39673,6.20661,0.42336,0.0018483,0.21168,0.0018483,0.21168,460.486,0,1.02816,0,0,1.67037,0.642211,1.028160,1,0,48.2437,0,0,0,48.2437,0
68.0567,2.84703,0,0,2.21969,0.101889,0.36288,3.6288,61.0565,0.578399,0,0,0.709258,0.296099,0,0.66528,12.849,1,0.529026,0.36288,0,44.1495,5.56206,38.4213,0.84672,12.849,0.84672,3695.15,0,0.0036966,1.7462e-05,0.416517,1.82958,3.9984,1.48585,4.75862,0.42336,0.0018483,0.21168,0.0018483,0.21168,460.486,0,1.02816,0,0,1.44468,0.416517,1.028160,1,0,43.18,0,0,0,43.18,0
66.783,2.84038,0,0,2.03058,0.101024,0.36288,3.6288,60.8486,0.578677,0,0,0.666636,0.29579,0,0.66528,12.849,1,0.536259,0.36288,0,41.5105,5.56206,35.7751,0.84672,12.849,0.84672,3695.15,0,0.0036966,1.75177e-05,0.38937,1.87393,4.06981,1.48585,4.84724,0.42336,0.0018483,0.21168,0.0018483,0.21168,460.486,0,1.02816,0,0,1.41753,0.38937,1.028160,1,0,40.6223,0,0,0,40.6223,0
65.3264,2.83229,0,0,1.83857,0.100015,0.36288,3.6288,60.6112,0.578954,0,0,0.636915,0.295401,0,0.66528,12.849,1,0.544931,0.36288,0,39.095,5.56206,33.3509,0.84672,12.849,0.84672,3695.15,0,0.0036966,1.7586e-05,0.244866,1.87425,3.78403,1.48585,4.41728,0.42336,0.0018483,0.21168,0.0018483,0.21168,460.486,0,1.02816,0,0,1.27303,0.244866,1.028160,1,0,37.7681,0,0,0,37.7681,0
63.6639,2.82263,0,0,1.6079,0.084933,0.36288,3.6288,60.3588,0.582083,0,0,0.632396,0.302692,0,0.66528,12.849,1,0.55518,0.36288,0,37.2267,5.78638,31.248,0.84672,12.849,0.84672,3695.15,0,0.0036966,1.77503e-05,0.227405,1.87458,3.82452,1.53067,4.39581,0.42336,0.0018483,0.21168,0.0018483,0.21168,460.486,0,1.02531,0,0,1.25271,0.227405,1.028160,1,0,35.6439,0,0,0,35.6439,0
61.9198,2.87216,0,0,1.60495,0.114014,0.36288,3.6288,60.1186,0.644192,0,0,0.687761,0.283805,0,0.66528,12.849,1,0.579675,0.36288,0,37.1184,5.57492,31.3267,0.84672,12.849,0.84672,3695.15,0,0.0036966,1.97264e-05,0.47895,1.8749,4.05271,1.39589,5.01065,0.42336,0.0018483,0.21168,0.0018483,0.21168,460.486,0,1.02816,0,0,1.50711,0.47895,1.028160,1,0,36.3373,0,0,0,36.3373,0
60.0968,2.85913,0,0,1.52016,0.121083,0.36288,3.6288,59.8415,0.644481,0,0,0.648501,0.281063,0,0.66528,12.849,1,0.593299,0.36288,0,33.4362,5.53109,27.6747,0.84672,12.849,0.84672,3695.15,0,0.0036966,1.98141e-05,0.490821,1.93896,4.07843,1.40127,5.10692,0.42336,0.0018483,0.21168,0.0018483,0.21168,460.486,0,1.02816,0,0,1.51898,0.490821,1.028160,1,0,32.7816,0,0,0,32.7816,0
58.4728,2.84479,0,0,1.70285,0.119235,0.36288,3.6288,59.5814,0.64477,0,0,0.665245,0.280567,0,0.66528,12.849,1,0.60823,0.36288,0,33.2357,5.53109,27.4592,0.84672,12.849,0.84672,3695.15,0,0.0036966,1.99147e-05,0.533149,1.9393,4.37125,1.40127,5.44241,0.42336,0.0018483,0.21168,0.0018483,0.21168,460.486,0,1.02816,0,0,1.56131,0.533149,1.028160,1,0,32.9016,0,0,0,32.9016,0
57.8682,2.83143,0,0,2.72525,0.135571,0.36288,3.6288,59.4781,0.645059,0,0,0.817569,0.275857,0,0.66528,12.849,1,0.622187,0.36288,0,55.2151,5.41235,49.5435,0.84672,12.849,0.84672,3695.15,0,0.0036966,2.00106e-05,0.868657,1.93963,4.76506,1.38671,6.18661,0.42336,0.0018483,0.21168,0.0018483,0.21168,460.486,0,1.02816,0,0,1.89682,0.868657,1.028160,1,0,55.7301,0,0,0,55.7301,0
57.7077,2.8266,0,0,3.20101,0.171944,0.36288,3.6288,59.5035,0.645348,0,0,0.905218,0.234427,0,0.66528,12.849,1,0.627615,0.36288,0,43.6037,4.68006,38.659,0.84672,12.849,0.84672,3695.15,0,0.0036966,2.00544e-05,0.822148,1.93997,5.35075,1.19726,6.91559,0.42336,0.0018483,0.21168,0.0018483,0.21168,460.486,0,1.02816,0,0,1.85031,0.822148,1.028160,1,0,45.5745,0,0,0,45.5745,0
56.4808,2.86022,0,0,2.21448,0.21838,0.36288,3.6288,59.3459,0.635347,0,0,0.667868,0.190166,0,0.66528,12.849,1,0.636846,0.36288,0,39.2442,3.55509,35.4151,0.84672,12.849,0.84672,3695.15,0,0.0036966,1.97352e-05,0.867007,1.9403,6.25961,0.962829,8.10407,0.42336,0.0018483,0.21168,0.0018483,0.21168,460.486,0,1.02816,0,0,1.89517,0.867007,1.028160,1,0,43.5192,0,0,0,43.5192,0
55.2056,2.84944,0,0,2.15294,0.21576,0.36288,3.6288,59.2088,0.635634,0,0,0.688486,0.189974,0,0.66528,12.849,1,0.648229,0.36288,0,57.2451,3.55509,53.4047,0.84672,12.849,0.84672,3695.15,0,0.0036966,1.97965e-05,0.84532,1.94061,5.50215,0.962829,7.32523,0.42336,0.0018483,0.21168,0.0018483,0.21168,460.486,0,1.02816,0,0,1.87348,0.84532,1.028160,1,0,60.7299,0,0,0,60.7299,0
53.5328,2.83778,0,0,1.74093,0.213038,0.36288,3.6288,59.013,0.635921,0,0,0.629929,0.189808,0,0.66528,12.849,1,0.660488,0.36288,0,28.5779,3.55509,24.7252,0.84672,12.849,0.84672,3695.15,0,0.0036966,1.98513e-05,0.874117,1.94094,4.80787,0.962829,6.66009,0.42336,0.0018483,0.21168,0.0018483,0.21168,460.486,0,1.02816,0,0,1.90228,0.874117,1.028160,1,0,31.3853,0,0,0,31.3853,0
51.8768,2.82162,0,0,1.75201,0.223509,0.36288,3.6288,58.8679,0.636209,0,0,0.671164,0.180059,0,0.66528,12.849,1,0.677249,0.36288,0,22.4604,3.33667,18.8093,0.84672,12.849,0.84672,3695.15,0,0.0036966,1.99262e-05,0.806587,1.94128,4.65782,0.913461,6.49221,0.42336,0.0018483,0.21168,0.0018483,0.21168,460.486,0,1.02816,0,0,1.83475,0.806587,1.028160,1,0,25.3015,0,0,0,25.3015,0
50.2514,2.73233,0,0,1.62217,0.152374,0.36288,3.6288,58.6813,0.559907,0,0,0.626525,0.253151,0,0.66528,12.849,1,0.67675,0.36288,0,22.343,4.20099,17.8282,0.84672,12.849,0.84672,3695.15,0,0.0036966,1.75796e-05,0.594346,1.94161,5.67746,0.961793,7.25161,0.42336,0.0018483,0.21168,0.0018483,0.21168,460.486,0,1.02816,0,0,1.62251,0.594346,1.028160,1,0,25.0798,0,0,0,25.0798,0
49.0507,2.71536,0,0,2.12213,0.244609,0.36288,3.6288,58.3759,0.560181,0,0,0.495578,0.240794,0,0.66528,12.849,1,0.694302,0.36288,0,30.9562,4.31781,26.3069,0.84672,12.849,0.84672,3695.15,0,0.0036966,1.76442e-05,0.375866,1.86583,5.51,1.11061,6.64107,0.42336,0.0018483,0.21168,0.0018483,0.21168,460.486,0,1.02816,0,0,1.40403,0.375866,1.028160,1,0,32.948,0,0,0,32.948,0
47.5473,2.70236,0,0,1.80333,0.2415,0.36288,3.6288,58.1313,0.560456,0,0,0.556178,0.240321,0,0.66528,12.849,1,0.707892,0.36288,0,25.3053,4.31781,20.6424,0.84672,12.849,0.84672,3695.15,0,0.0036966,1.77452e-05,0.693092,1.86616,6.12435,1.11061,7.57297,0.42336,0.0018483,0.21168,0.0018483,0.21168,460.486,0,1.02816,0,0,1.72125,0.693092,1.028160,1,0,28.2154,0,0,0,28.2154,0
49.816,2.6852,0,0,5.55439,0.237583,0.36288,3.6288,59.1105,0.56073,0,0,1.77986,0.239942,0,0.66528,12.849,1,0.725637,0.36288,0,87.6724,4.31781,82.9918,0.84672,12.849,0.84672,3695.15,0,0.0036966,1.78285e-05,4.47662,1.86648,14.563,1.11061,19.7954,0.42336,0.0018483,0.21168,0.0018483,0.21168,460.486,0,1.02816,0,0,5.50478,4.47662,1.028160,1,0,102.787,0,0,0,102.787,0
50.1075,2.5077,0,0,3.41731,0.255251,0.36288,3.6288,60.0759,0.401381,0,0,1.5637,0.19698,0,0.66528,12.849,1,0.646808,0.36288,0,63.0538,3.83233,58.9375,0.84672,12.849,0.84672,3695.15,0,0.0036966,1.25506e-05,2.47073,1.8668,10.6417,0.965111,14.0141,0.42336,0.0018483,0.21168,0.0018483,0.21168,460.486,0,1.02816,0,0,3.49889,2.47073,1.028160,1,0,72.9516,0,0,0,72.9516,0
49.9007,2.51113,0,0,2.92798,0.260759,0.36288,3.6288,60.9003,0.401629,0,0,1.40641,0.180297,0,0.66528,12.849,1,0.643925,0.36288,0,86.2014,3.63814,82.2822,0.84672,12.849,0.84672,3695.15,0,0.0036966,1.23565e-05,2.16252,1.69565,9.94697,0.906913,12.8982,0.42336,0.0018483,0.21168,0.0018483,0.21168,460.486,0,1.02816,0,0,3.19068,2.16252,1.028160,1,0,95.1804,0,0,0,95.1804,0
49.8485,2.50944,0,0,3.0803,0.26019,0.36288,3.6288,61.308,0.401876,0,0,1.46401,0.181244,0.473242,0.66528,12.849,1,0.646159,0.36288,0,72.3246,3.63814,68.4032,0.84672,12.849,0.84672,3695.15,0,0.0036966,1.21968e-05,2.40381,1.69594,9.66453,0.906913,12.8574,0.42336,0.0018483,0.21168,0.0018483,0.21168,460.486,0,1.02816,0,0,3.43197,2.40381,1.028160,1,0,81.7338,0,0,0,81.7338,0
50.8833,2.50933,0,0,4.14846,0.241427,0.36288,3.6288,61.308,0.402123,0,0,2.64679,0.20867,2.036,0.66528,12.849,1,0.646808,0.36288,0,170.17,4.1061,165.78,0.84672,12.849,0.84672,3695.15,0,0.0036966,1.21231e-05,4.08253,1.69623,17.0301,1.0971,21.7118,0.42336,0.0018483,0.21168,0.0018483,0.21168,460.486,0,1.02816,0,0,5.11069,4.08253,1.028160,1,0,189.528,0,0,0,189.528,0
53.8207,2.52027,0,0,6.04396,0.223418,0.36288,3.6288,61.308,0.40237,0,0,3.49672,0.221165,2.87319,0.66528,12.849,1,0.636416,0.36288,0,144.766,4.36893,140.123,0.84672,12.849,0.84672,3695.15,0,0.0036966,1.21305e-05,4.67205,1.69652,20.2306,1.21791,25.3812,0.42336,0.0018483,0.21168,0.0018483,0.21168,460.486,0,1.02816,0,0,5.70021,4.67205,1.028160,1,0,168.378,0,0,0,168.378,0
59.796,2.62859,0,0,9.20851,0.241744,0.36288,3.6288,61.308,0.44887,0,0,4.08958,0.162543,3.47817,0.66528,12.849,1,0.627541,0.36288,0,168.457,3.46616,164.726,0.84672,12.849,0.84672,3695.15,0,0.0036966,1.35324e-05,4.38937,1.69682,25.1878,0.885992,30.388,0.42336,0.0018483,0.21168,0.0018483,0.21168,460.486,0,1.02816,0,0,5.41753,4.38937,1.028160,1,0,198.592,0,0,0,198.592,0
64.5164,2.68065,0,0,8.02034,0.256426,0.36288,3.6288,61.308,0.44911,0,0,3.48001,0.162543,2.86836,0.66528,12.849,1,0.576019,0.36288,0,176.896,3.46616,173.217,0.84672,12.849,0.84672,3695.15,0,0.0036966,1.35397e-05,4.03367,1.75138,22.0277,0.885992,26.9267,0.42336,0.0018483,0.21168,0.0018483,0.21168,460.486,0,1.02816,0,0,5.06183,4.03367,1.028160,1,0,203.012,0,0,0,203.012,0
72.29,2.71624,0,0,13.7589,0.266736,3.00238,3.6288,61.308,0.44935,0,0,4.2007,0.162543,3.58881,0.66528,12.849,1,0.540962,3.00238,0,217.555,3.46616,216.55,0.84672,12.849,0.84672,3695.15,0,0.0036966,1.35469e-05,4.93602,1.75166,29.153,0.885992,34.9547,0.42336,0.0018483,0.21168,0.0018483,0.21168,460.486,0,1.02816,0,0,5.96418,4.93602,1.028160,1,0,255.094,0,0,0,255.094,0
72.29,2.76609,0,0,12.7392,0.272259,9.7009,3.6288,61.308,0.449591,0,0,5.08569,0.201321,4.43477,0.66528,12.849,1,0.491651,9.7009,0,325.786,4.33052,330.665,0.84672,12.849,0.84672,3695.15,0,0.0036966,1.35542e-05,5.57226,1.75195,29.6958,0.954624,36.0653,0.42336,0.0018483,0.21168,0.0018483,0.21168,460.486,0,1.02816,0,0,6.60042,5.57226,1.028160,1,0,371.165,0,0,0,371.165,0
72.29,3.03638,0,0,6.75077,0.259257,3.45514,3.6288,61.308,0.623608,0,0,3.19754,0.178158,2.39578,0.66528,12.849,1,0.539693,3.45514,0,174.727,3.68721,173.955,0.84672,12.849,0.84672,3695.15,0,0.0036966,1.88004e-05,2.32576,1.75223,13.2235,0.940045,16.3614,0.42336,0.0018483,0.21168,0.0018483,0.21168,460.486,0,1.02816,0,0,3.35392,2.32576,1.028160,1,0,192.712,0,0,0,192.712,0
72.29,3.03687,0,0,6.64633,0.257347,3.35211,3.6288,61.308,0.623876,0,0,3.35927,0.180331,2.55506,0.66528,12.849,1,0.539781,3.35211,0,184.213,3.65789,183.368,0.84672,12.849,0.84672,3695.15,0,0.0036966,1.88085e-05,2.46328,1.94634,13.9447,0.954053,17.4003,0.42336,0.0018483,0.21168,0.0018483,0.21168,460.486,0,1.02816,0,0,3.49144,2.46328,1.028160,1,0,203.323,0,0,0,203.323,0
72.29,3.03737,0,0,9.2543,0.244361,5.97258,3.6288,61.308,0.624145,0,0,5.71412,0.207994,4.88198,0.66528,12.849,1,0.539869,5.97258,0,212.82,4.31309,213.939,0.84672,12.849,0.84672,3695.15,0,0.0036966,1.88166e-05,4.42242,1.94666,25.0113,1.15903,30.2214,0.42336,0.0018483,0.21168,0.0018483,0.21168,460.486,0,1.02816,0,0,5.45058,4.42242,1.028160,1,0,249.043,0,0,0,249.043,0
72.29,3.03786,0,0,7.32162,0.246201,4.03756,3.6288,61.308,0.624414,0,0,4.19756,0.174285,3.39886,0.66528,12.849,1,0.539956,4.03756,0,214.354,3.93103,213.921,0.84672,12.849,0.84672,3695.15,0,0.0036966,1.88247e-05,3.4851,1.94697,19.6516,0.958486,24.1252,0.42336,0.0018483,0.21168,0.0018483,0.21168,460.486,0,1.02816,0,0,4.51326,3.4851,1.028160,1,0,241.445,0,0,0,241.445,0
72.29,2.65322,0,0,5.40715,0.297695,2.45624,3.6288,61.308,0.391321,0,0,1.81119,0.163935,1.25594,0.66528,12.849,1,0.47159,2.45624,0,126.631,2.9226,125.693,0.84672,12.849,0.84672,3695.15,0,0.0036966,1.17974e-05,1.72941,1.94729,8.54634,0.878536,11.3445,0.42336,0.0018483,0.21168,0.0018483,0.21168,460.486,0,1.02816,0,0,2.75757,1.72941,1.028160,1,0,138.294,0,0,0,138.294,0
72.29,2.65365,0,0,6.87773,0.306082,3.91799,3.6288,61.308,0.391552,0,0,2.29015,0.163454,1.73515,0.66528,12.849,1,0.471667,3.91799,0,167.124,2.77242,167.798,0.84672,12.849,0.84672,3695.15,0,0.0036966,1.18044e-05,2.41158,1.6823,11.6221,0.873059,14.8429,0.42336,0.0018483,0.21168,0.0018483,0.21168,460.486,0,1.02816,0,0,3.43974,2.41158,1.028160,1,0,184.376,0,0,0,184.376,0
72.29,2.65409,0,0,8.72934,0.307335,5.76792,3.6288,61.308,0.391782,0,0,3.48221,0.178752,2.91167,0.66528,12.849,1,0.471744,5.76792,0,211.207,3.20553,213.297,0.84672,12.849,0.84672,3695.15,0,0.0036966,1.18114e-05,4.80178,1.68258,18.461,0.939758,24.0056,0.42336,0.0018483,0.21168,0.0018483,0.21168,460.486,0,1.02816,0,0,5.82994,4.80178,1.028160,1,0,240.214,0,0,0,240.214,0
72.29,2.65452,0,0,5.83825,0.310467,2.87326,3.6288,61.308,0.392013,0,0,1.88107,0.216998,1.27206,0.66528,12.849,1,0.47182,2.87326,0,167.791,4.28831,165.904,0.84672,12.849,0.84672,3695.15,0,0.0036966,1.18183e-05,2.12624,1.68285,10.9734,1.1065,13.676,0.42336,0.0018483,0.21168,0.0018483,0.21168,460.486,0,1.02816,0,0,3.1544,2.12624,1.028160,1,0,180.852,0,0,0,180.852,0
72.29,2.65495,0,0,6.12287,0.305869,3.16206,3.6288,61.308,0.392244,0,0,3.2612,0.197113,2.67185,0.66528,12.849,1,0.471897,3.16206,0,166.386,4.23196,164.844,0.84672,12.849,0.84672,3695.15,0,0.0036966,1.18253e-05,2.62204,1.68312,13.5409,1.09524,16.7508,0.42336,0.0018483,0.21168,0.0018483,0.21168,460.486,0,1.02816,0,0,3.6502,2.62204,1.028160,1,0,184.266,0,0,0,184.266,0
72.29,2.7524,0,0,7.07374,0.299738,4.0216,3.6288,61.308,0.449611,0,0,2.4973,0.170599,1.87709,0.66528,12.849,1,0.489219,4.0216,0,161.863,4.15685,161.239,0.84672,12.849,0.84672,3695.15,0,0.0036966,1.35548e-05,2.33668,1.6834,15.7649,1.08023,18.7047,0.42336,0.0018483,0.21168,0.0018483,0.21168,460.486,0,1.02816,0,0,3.36484,2.33668,1.028160,1,0,181.821,0,0,0,181.821,0
72.29,2.75285,0,0,8.88866,0.299738,5.83607,3.6288,61.308,0.449851,0,0,4.26075,0.170599,3.6403,0.66528,12.849,1,0.489298,5.83607,0,178.667,4.15685,179.857,0.84672,12.849,0.84672,3695.15,0,0.0036966,1.3562e-05,4.94923,1.74923,24.7929,1.08023,30.4111,0.42336,0.0018483,0.21168,0.0018483,0.21168,460.486,0,1.02816,0,0,5.97739,4.94923,1.028160,1,0,213.909,0,0,0,213.909,0
72.29,2.7533,0,0,6.21945,0.255098,3.21106,3.6288,61.308,0.450091,0,0,2.71015,0.194387,2.06567,0.66528,12.849,1,0.489378,3.21106,0,214.456,4.44769,212.73,0.84672,12.849,0.84672,3695.15,0,0.0036966,1.35693e-05,2.48416,1.74951,14.4196,1.13748,17.5157,0.42336,0.0018483,0.21168,0.0018483,0.21168,460.486,0,1.02816,0,0,3.51232,2.48416,1.028160,1,0,232.311,0,0,0,232.311,0
72.29,2.75375,0,0,5.46592,0.202788,2.50939,3.6288,61.308,0.450332,0,0,2.10416,0.237191,1.41664,0.66528,12.849,1,0.489457,2.50939,0,145.422,4.4631,142.979,0.84672,12.849,0.84672,3695.15,0,0.0036966,1.35765e-05,1.94,1.7498,12.263,1.25016,14.7026,0.42336,0.0018483,0.21168,0.0018483,0.21168,460.486,0,1.02816,0,0,2.96816,1.94,1.028160,1,0,159.099,0,0,0,159.099,0
72.29,2.71623,0,0,4.25967,0.242945,1.30049,3.6288,61.308,0.428367,0,0,1.69089,0.202274,1.06025,0.66528,12.849,1,0.48279,1.30049,0,82.1154,4.33314,78.6,0.84672,12.849,0.84672,3695.15,0,0.0036966,1.29143e-05,1.06387,1.75008,8.46444,1.1086,10.1698,0.42336,0.0018483,0.21168,0.0018483,0.21168,460.486,0,1.02816,0,0,2.09203,1.06387,1.028160,1,0,89.83,0,0,0,89.83,0
72.29,2.71668,0,0,3.75933,0.242945,0.799713,3.6288,61.308,0.428604,0,0,1.58222,0.202274,0.951339,0.66528,12.849,1,0.482868,0.799713,0,71.5764,4.33314,67.5601,0.84672,12.849,0.84672,3695.15,0,0.0036966,1.29214e-05,0.802276,1.72483,7.47982,1.1086,8.89832,0.42336,0.0018483,0.21168,0.0018483,0.21168,460.486,0,1.02816,0,0,1.83044,0.802276,1.028160,1,0,77.4097,0,0,0,77.4097,0
72.29,2.71712,0,0,3.38746,0.242945,0.427397,3.6288,61.308,0.428841,0,0,1.4022,0.202274,0.771088,0.66528,12.849,1,0.482947,0.427397,0,62.4802,4.33314,58.0916,0.84672,12.849,0.84672,3695.15,0,0.0036966,1.29286e-05,0.616758,1.72511,6.75467,1.1086,7.98793,0.42336,0.0018483,0.21168,0.0018483,0.21168,460.486,0,1.02816,0,0,1.64492,0.616758,1.028160,1,0,66.8506,0,0,0,66.8506,0
72.1098,2.71756,0,0,3.11298,0.212699,0.36288,3.6288,61.308,0.429077,0,0,1.32167,0.162452,0.73014,0.66528,12.849,1,0.483025,0.36288,0,59.9295,3.50742,56.302,0.84672,12.849,0.84672,3695.15,0,0.0036966,1.29357e-05,0.541754,1.72539,6.11244,0.899169,7.4804,0.42336,0.0018483,0.21168,0.0018483,0.21168,460.486,0,1.02816,0,0,1.56991,0.541754,1.028160,1,0,64.5125,0,0,0,64.5125,0
72.2014,2.84586,0,0,3.51362,0.213366,0.36288,3.6288,61.308,0.508111,0,0,1.44883,0.188514,0.752208,0.66528,12.849,1,0.507094,0.36288,0,65.7528,4.05324,61.5554,0.84672,12.849,0.84672,3695.15,0,0.0036966,1.53184e-05,0.496688,1.72567,6.66734,0.966548,7.92314,0.42336,0.0018483,0.21168,0.0018483,0.21168,460.486,0,1.02816,0,0,1.52485,0.496688,1.028160,1,0,70.2307,0,0,0,70.2307,0
72.29,2.84687,0,0,3.70081,0.17221,0.593086,3.6288,61.308,0.508361,0,0,1.73366,0.20155,1.02375,0.66528,12.849,1,0.506631,0.593086,0,71.871,4.38103,67.5764,0.84672,12.849,0.84672,3695.15,0,0.0036966,1.5326e-05,0.776425,1.81529,7.8205,1.00529,9.40691,0.42336,0.0018483,0.21168,0.0018483,0.21168,460.486,0,1.02816,0,0,1.80458,0.776425,1.028160,1,0,78.0071,0,0,0,78.0071,0
72.29,2.84786,0,0,3.3644,0.108981,0.407558,3.6288,61.308,0.508611,0,0,1.47107,0.224078,0.738383,0.66528,12.849,1,0.506186,0.407558,0,68.0504,4.68332,63.2684,0.84672,12.849,0.84672,3695.15,0,0.0036966,1.53335e-05,0.577325,1.81559,6.99641,1.0661,8.32321,0.42336,0.0018483,0.21168,0.0018483,0.21168,460.486,0,1.02816,0,0,1.60548,0.577325,1.028160,1,0,72.33,0,0,0,72.33,0
72.0624,2.84832,0,0,3.09261,0.108981,0.36288,3.6288,61.308,0.50886,0,0,1.18594,0.224078,0.452996,0.66528,12.849,1,0.506268,0.36288,0,62.3933,4.68332,57.5666,0.84672,12.849,0.84672,3695.15,0,0.0036966,1.5341e-05,0.341384,1.81588,6.33951,1.0661,7.43066,0.42336,0.0018483,0.21168,0.0018483,0.21168,460.486,0,1.02816,0,0,1.36954,0.341384,1.028160,1,0,65.4503,0,0,0,65.4503,0
71.6575,2.84743,0,0,2.91244,0.107075,0.36288,3.6288,61.308,0.513266,0,0,1.05642,0.232916,0.31024,0.66528,12.849,1,0.507707,0.36288,0,52.8442,4.75567,47.9437,0.84672,12.849,0.84672,3695.15,0,0.0036966,1.54738e-05,0.30119,1.81618,5.72793,1.12324,6.72204,0.42336,0.0018483,0.21168,0.0018483,0.21168,460.486,0,1.024,0,0,1.32519,0.30119,1.028160,1,0,54.976,0,0,0,54.976,0
70.9868,2.81997,0,0,2.61662,0.104461,0.36288,3.6288,61.308,0.552704,0,0,1.10891,0.244699,0.311507,0.66528,12.849,1,0.505653,0.36288,0,45.3969,4.85215,40.402,0.84672,12.849,0.84672,3695.15,0,0.0036966,1.66628e-05,0.302633,1.81647,5.08026,1.19943,5.99992,0.42336,0.0018483,0.21168,0.0018483,0.21168,460.486,0,1.02816,0,0,1.33079,0.302633,1.028160,1,0,46.7134,0,0,0,46.7134,0
70.0739,2.81638,0,0,2.37029,0.103927,0.36288,3.6288,61.308,0.577739,0,0,1.05964,0.244699,0.237197,0.66528,12.849,1,0.509781,0.36288,0,44.6134,4.85215,39.6144,0.84672,12.849,0.84672,3695.15,0,0.0036966,1.74176e-05,0.261274,1.84462,4.79934,1.19943,5.70579,0.42336,0.0018483,0.21168,0.0018483,0.21168,460.486,0,1.00338,0,0,1.26465,0.261274,1.028160,1,0,45.5574,0,0,0,45.5574,0
68.9594,2.81123,0,0,2.15817,0.0985198,0.36288,3.6288,61.308,0.698788,0,0,1.00213,0.255668,0.0476713,0.66528,12.849,1,0.515477,0.36288,0,39.2729,4.9933,34.127,0.84672,12.849,0.84672,3695.15,0,0.0036966,2.10669e-05,0.261274,1.84492,4.65813,1.25095,5.51335,0.42336,0.0018483,0.21168,0.0018483,0.21168,460.486,0,0.882585,0,0,1.14386,0.261274,1.028160,1,0,39.6881,0,0,0,39.6881,0
67.771,2.80466,0,0,2.04893,0.0698313,0.36288,3.6288,61.2419,0.683347,0,0,0.938727,0.321482,0,0.66528,12.849,1,0.522584,0.36288,0,35.4215,5.8402,29.4216,0.84672,12.849,0.84672,3695.15,0,0.0036966,2.06014e-05,0.261274,1.84522,4.44187,1.56008,4.98826,0.42336,0.0018483,0.21168,0.0018483,0.21168,460.486,0,0.898284,0,0,1.15956,0.261274,1.028160,1,0,34.4098,0,0,0,34.4098,0
66.4451,2.8627,0,0,1.97834,0.0786786,0.36288,3.6288,60.9128,0.923503,0,0,0.902776,0.308381,0,0.66528,12.849,1,0.542751,0.36288,0,34.9179,5.66328,29.0747,0.84672,12.849,0.84672,3695.15,0,0.0036966,2.78716e-05,0.261274,1.84552,3.24774,1.45523,3.89928,0.42336,0.0018483,0.21168,0.0018483,0.21168,460.486,0,0.697032,0,0,0.958306,0.261274,1.028160,1,0,32.974,0,0,0,32.974,0
65.0252,2.85408,0,0,1.87497,0.077859,0.36288,3.6288,60.5823,0.83037,0,0,0.80765,0.307739,0,0.66528,12.849,1,0.551916,0.36288,0,30.853,5.66328,25.0007,0.84672,12.849,0.84672,3695.15,0,0.0036966,2.51962e-05,0.261274,1.89024,3.39217,1.45523,4.08842,0.42336,0.0018483,0.21168,0.0018483,0.21168,460.486,0,0.79043,0,0,1.0517,0.261274,1.028160,1,0,29.0891,0,0,0,29.0891,0
63.4936,2.84448,0,0,1.75276,0.0769813,0.36288,3.6288,60.1352,0.887267,0,0,0.747248,0.307095,0,0.66528,12.849,1,0.56207,0.36288,0,29.3368,5.66328,23.4743,0.84672,12.849,0.84672,3695.15,0,0.0036966,2.70695e-05,0.227405,1.89055,2.97651,1.45523,3.63921,0.42336,0.0018483,0.21168,0.0018483,0.21168,460.486,0,0.733795,0,0,0.9612,0.227405,1.028160,1,0,27.1135,0,0,0,27.1135,0
61.9503,2.83366,0,0,1.72921,0.0760345,0.36288,3.6288,59.8147,0.822749,0,0,0.808479,0.306223,0,0.66528,12.849,1,0.573439,0.36288,0,27.2216,5.66328,21.3478,0.84672,12.849,0.84672,3695.15,0,0.0036966,2.52878e-05,0.227405,1.89086,3.36608,1.45523,4.02909,0.42336,0.0018483,0.21168,0.0018483,0.21168,460.486,0,0.798578,0,0,1.02598,0.227405,1.028160,1,0,25.3769,0,0,0,25.3769,0
60.146,2.88364,0,0,1.5315,0.0892142,0.36288,3.6288,59.3779,0.955316,0,0,0.808393,0.289887,0,0.66528,12.849,1,0.598092,0.36288,0,26.0265,5.40589,20.3854,0.84672,12.849,0.84672,3695.15,0,0.0036966,2.95197e-05,0.227405,1.89116,3.4569,1.33391,4.24153,0.42336,0.0018483,0.21168,0.0018483,0.21168,460.486,0,0.731514,0,0,0.958919,0.227405,1.028160,1,0,24.627,0,0,0,24.627,0
58.0678,2.86933,0,0,1.26413,0.110174,0.36288,3.6288,58.8138,1.03921,0,0,0.755551,0.280441,0,0.66528,12.849,1,0.612974,0.36288,0,24.1369,5.02362,18.8632,0.84672,12.849,0.84672,3695.15,0,0.0036966,3.23481e-05,0.227405,1.95576,2.69278,1.19758,3.67833,0.42336,0.0018483,0.21168,0.0018483,0.21168,460.486,0,0.647896,0,0,0.875301,0.227405,1.028160,1,0,22.5415,0,0,0,22.5415,0
56.3124,2.85182,0,0,1.56732,0.107987,0.36288,3.6288,58.4267,0.916458,0,0,0.808808,0.279428,0,0.66528,12.849,1,0.63104,0.36288,0,23.6364,5.02362,18.3447,0.84672,12.849,0.84672,3695.15,0,0.0036966,2.88009e-05,0.204422,1.95608,3.94973,1.19758,4.91263,0.42336,0.0018483,0.21168,0.0018483,0.21168,460.486,0,0.770921,0,0,0.975344,0.204422,1.028160,1,0,23.2573,0,0,0,23.2573,0
54.1911,2.83627,0,0,1.18619,0.108335,0.36288,3.6288,57.8557,1.01455,0,0,0.722244,0.278773,0,0.66528,12.849,1,0.647161,0.36288,0,22.3801,5.03472,17.0611,0.84672,12.849,0.84672,3695.15,0,0.0036966,3.20948e-05,0.204422,1.9564,2.61297,1.19541,3.57835,0.42336,0.0018483,0.21168,0.0018483,0.21168,460.486,0,0.673099,0,0,0.877522,0.204422,1.028160,1,0,20.6395,0,0,0,20.6395,0
52.0287,2.81624,0,0,1.15299,0.136276,0.36288,3.6288,57.2232,1.08122,0,0,0.72398,0.27524,0,0.66528,12.849,1,0.667746,0.36288,0,24.5835,5.05464,19.224,0.84672,12.849,0.84672,3695.15,0,0.0036966,3.45415e-05,0.204422,1.95671,2.7669,1.16275,3.76525,0.42336,0.0018483,0.21168,0.0018483,0.21168,460.486,0,0.606701,0,0,0.811123,0.204422,1.028160,1,0,22.9892,0,0,0,22.9892,0
50.2986,2.82862,0,0,1.63708,0.175668,0.36288,3.6288,56.7972,1.08791,0,0,0.929232,0.267276,0,0.66528,12.849,1,0.698555,0.36288,0,30.5234,4.93794,25.2498,0.84672,12.849,0.84672,3695.15,0,0.0036966,3.51394e-05,0.204422,1.95703,3.62478,1.11373,4.67247,0.42336,0.0018483,0.21168,0.0018483,0.21168,460.486,0,0.589905,0,0,0.794327,0.204422,1.028160,1,0,29.9222,0,0,0,29.9222,0
48.3667,2.80993,0,0,1.41338,0.172521,0.36288,3.6288,57.2261,0.649943,0,0,1.34536,0.266537,0,0.66528,12.849,1,0.71781,0.36288,0,26.4189,4.93794,21.126,0.84672,12.849,0.84672,3695.15,0,0.0036966,2.11505e-05,0.340105,1.95732,4.13078,1.11373,5.31445,0.42336,0.0018483,0.21168,0.0018483,0.21168,460.486,0,1.02816,0,0,1.36826,0.340105,1.028160,1,0,26.4405,0,0,0,26.4405,0
46.2736,2.78773,0,0,1.22653,0.168988,0.36288,3.6288,56.6055,1.0978,0,0,0.744466,0.267281,0,0.66528,12.849,1,0.740583,0.36288,0,27.1271,4.93794,21.8115,0.84672,12.849,0.84672,3695.15,0,0.0036966,3.54571e-05,0.216518,1.95764,3.06395,1.11373,4.12434,0.42336,0.0018483,0.21168,0.0018483,0.21168,460.486,0,0.580556,0,0,0.797075,0.216518,1.028160,1,0,25.9358,0,0,0,25.9358,0
44.1767,2.76196,0,0,1.19311,0.165143,0.36288,3.6288,55.8617,1.16627,0,0,0.688703,0.266204,0,0.66528,12.849,1,0.766925,0.36288,0,24.78,4.93794,19.438,0.84672,12.849,0.84672,3695.15,0,0.0036966,3.80814e-05,0.216518,1.95795,3.01065,1.11373,4.07135,0.42336,0.0018483,0.21168,0.0018483,0.21168,460.486,0,0.512361,0,0,0.728879,0.216518,1.028160,1,0,23.5093,0,0,0,23.5093,0
43.7594,2.66357,0,0,2.78643,0.177279,0.36288,3.6288,56.6227,0.573515,0,0,1.56022,0.225669,0,0.66528,12.849,1,0.77471,0.36288,0,104.636,3.95694,100.267,0.84672,12.849,0.84672,3695.15,0,0.0036966,1.89759e-05,1.56608,1.95827,7.10701,0.88069,9.75066,0.42336,0.0018483,0.21168,0.0018483,0.21168,460.486,0,1.02816,0,0,2.59424,1.56608,1.028160,1,0,110.018,0,0,0,110.018,0
44.4089,2.65829,0,0,3.83222,0.161568,0.36288,3.6288,57.734,0.573775,0,0,1.92243,0.237384,0,0.66528,12.849,1,0.780548,0.36288,0,82.7563,4.03568,78.303,0.84672,12.849,0.84672,3695.15,0,0.0036966,1.87294e-05,2.25134,1.88182,9.32204,0.917564,12.5376,0.42336,0.0018483,0.21168,0.0018483,0.21168,460.486,0,1.02816,0,0,3.2795,2.25134,1.028160,1,0,90.8406,0,0,0,90.8406,0
45.3002,2.66757,0,0,4.0845,0.162769,0.36288,3.6288,58.8111,0.574035,0,0,1.89019,0.239102,0,0.66528,12.849,1,0.771819,0.36288,0,53.2767,4.03568,48.8321,0.84672,12.849,0.84672,3695.15,0,0.0036966,1.83772e-05,2.05803,1.88213,8.76157,0.917564,11.7841,0.42336,0.0018483,0.21168,0.0018483,0.21168,460.486,0,1.02816,0,0,3.08619,2.05803,1.028160,1,0,60.6163,0,0,0,60.6163,0
45.1856,2.67984,0,0,3.13689,0.208778,0.36288,3.6288,59.464,0.574296,0,0,1.46234,0.235105,0,0.66528,12.849,1,0.760113,0.36288,0,76.0009,4.14886,71.4548,0.84672,12.849,0.84672,3695.15,0,0.0036966,1.80488e-05,1.13302,1.88243,5.12347,1.03544,7.10347,0.42336,0.0018483,0.21168,0.0018483,0.21168,460.486,0,1.02816,0,0,2.16118,1.13302,1.028160,1,0,78.5583,0,0,0,78.5583,0
48.0476,2.47703,0,0,5.91499,0.213066,0.36288,3.6288,61.308,0.413572,0,0,2.49375,0.211065,0.0251293,0.66528,12.849,1,0.70437,0.36288,0,112.976,3.89422,108.74,0.84672,12.849,0.84672,3695.15,0,0.0036966,1.28549e-05,0.880235,1.88274,7.23224,1.02632,8.96888,0.42336,0.0018483,0.21168,0.0018483,0.21168,460.486,0,1.02816,0,0,1.90839,0.880235,1.028160,1,0,117.734,0,0,0,117.734,0
52.0789,2.51055,0,0,7.12722,0.222537,0.36288,3.6288,61.308,0.413806,0,0,2.87557,0.24163,2.22014,0.66528,12.849,1,0.671376,0.36288,0,135.242,4.31183,130.622,0.84672,12.849,0.84672,3695.15,0,0.0036966,1.24753e-05,0.846504,1.71011,5.86814,0.979186,7.44555,0.42336,0.0018483,0.21168,0.0018483,0.21168,460.486,0,1.02816,0,0,1.87466,0.846504,1.028160,1,0,140.287,0,0,0,140.287,0
54.5143,2.55265,0,0,5.58322,0.232259,0.36288,3.6288,61.308,0.41404,0,0,2.69784,0.24163,2.04217,0.66528,12.849,1,0.629795,0.36288,0,118.768,4.31183,114.189,0.84672,12.849,0.84672,3695.15,0,0.0036966,1.24824e-05,1.79748,1.71038,6.35275,0.979186,8.88142,0.42336,0.0018483,0.21168,0.0018483,0.21168,460.486,0,1.02816,0,0,2.82564,1.79748,1.028160,1,0,125.113,0,0,0,125.113,0
57.0698,2.57584,0,0,5.73231,0.238112,0.36288,3.6288,61.308,0.414275,0,0,3.17072,0.24163,2.51481,0.66528,12.849,1,0.607125,0.36288,0,111.212,4.31183,106.656,0.84672,12.849,0.84672,3695.15,0,0.0036966,1.24895e-05,3.90504,1.71066,10.1803,0.979186,14.8168,0.42336,0.0018483,0.21168,0.0018483,0.21168,460.486,0,1.02816,0,0,4.9332,3.90504,1.028160,1,0,123.988,0,0,0,123.988,0
60.1631,2.59845,0,0,6.30567,0.251034,0.36288,3.6288,61.308,0.414509,0,0,2.70438,0.236142,2.05373,0.66528,12.849,1,0.58503,0.36288,0,110.349,4.2228,105.904,0.84672,12.849,0.84672,3695.15,0,0.0036966,1.24965e-05,2.75161,1.71094,8.093,1.00027,11.5553,0.42336,0.0018483,0.21168,0.0018483,0.21168,460.486,0,1.02816,0,0,3.77977,2.75161,1.028160,1,0,119.513,0,0,0,119.513,0
62.8026,2.70585,0,0,6.00886,0.300597,0.36288,3.6288,61.308,0.461388,0,0,1.5931,0.203217,0.92849,0.66528,12.849,1,0.577886,0.36288,0,118.586,3.68865,114.682,0.84672,12.849,0.84672,3695.15,0,0.0036966,1.39098e-05,3.04206,1.71122,9.86731,1.12677,13.4938,0.42336,0.0018483,0.21168,0.0018483,0.21168,460.486,0,1.02816,0,0,4.07022,3.04206,1.028160,1,0,129.104,0,0,0,129.104,0
64.9189,2.72643,0,0,5.51289,0.307281,0.36288,3.6288,61.308,0.461615,0,0,1.5304,0.203217,0.865572,0.66528,12.849,1,0.557809,0.36288,0,99.3228,3.68865,95.4393,0.84672,12.849,0.84672,3695.15,0,0.0036966,1.39167e-05,2.73059,1.76622,9.35306,1.12677,12.7231,0.42336,0.0018483,0.21168,0.0018483,0.21168,460.486,0,1.02816,0,0,3.75875,2.73059,1.028160,1,0,109.028,0,0,0,109.028,0
66.3575,2.74203,0,0,4.86237,0.318903,0.36288,3.6288,61.308,0.461841,0,0,1.00653,0.201432,0.343261,0.66528,12.849,1,0.542712,0.36288,0,80.8574,3.70764,76.97,0.84672,12.849,0.84672,3695.15,0,0.0036966,1.39235e-05,1.90455,1.76649,8.70057,1.15989,11.2117,0.42336,0.0018483,0.21168,0.0018483,0.21168,460.486,0,1.02816,0,0,2.93271,1.90455,1.028160,1,0,88.5249,0,0,0,88.5249,0
68.4053,2.7523,0,0,5.52386,0.360857,0.36288,3.6288,61.308,0.462068,0,0,1.12324,0.190721,0.470454,0.66528,12.849,1,0.532937,0.36288,0,107.508,3.82158,103.516,0.84672,12.849,0.84672,3695.15,0,0.0036966,1.39303e-05,2.05163,1.76676,9.63006,1.35856,12.0899,0.42336,0.0018483,0.21168,0.0018483,0.21168,460.486,0,1.02816,0,0,3.07979,2.05163,1.028160,1,0,116.076,0,0,0,116.076,0
69.6423,3.03596,0,0,4.98478,0.348953,0.36288,3.6288,61.308,0.637537,0,0,1.51556,0.157235,0.720787,0.66528,12.849,1,0.570264,0.36288,0,101.326,3.32478,97.7943,0.84672,12.849,0.84672,3695.15,0,0.0036966,1.92203e-05,2.72403,1.76703,12.3576,0.978976,15.8697,0.42336,0.0018483,0.21168,0.0018483,0.21168,460.486,0,1.02816,0,0,3.75219,2.72403,1.028160,1,0,114.385,0,0,0,114.385,0
71.471,3.04498,0,0,5.58173,0.345148,0.36288,3.6288,61.308,0.637791,0,0,1.70916,0.14384,0.927533,0.66528,12.849,1,0.561798,0.36288,0,101.958,3.12606,98.6331,0.84672,12.849,0.84672,3695.15,0,0.0036966,1.9228e-05,3.26725,1.96275,10.5192,0.827141,14.922,0.42336,0.0018483,0.21168,0.0018483,0.21168,460.486,0,1.02816,0,0,4.29541,3.26725,1.028160,1,0,114.483,0,0,0,114.483,0
72.29,3.05763,0,0,5.12564,0.350036,0.898968,3.6288,61.308,0.638045,0,0,1.64913,0.14384,0.86724,0.66528,12.849,1,0.549698,0.898968,0,100.495,3.12606,97.7185,0.84672,12.849,0.84672,3695.15,0,0.0036966,1.92356e-05,3.05028,1.96305,9.74644,0.827141,13.9326,0.42336,0.0018483,0.21168,0.0018483,0.21168,460.486,0,1.02816,0,0,4.07844,3.05028,1.028160,1,0,112.518,0,0,0,112.518,0
72.29,3.06338,0,0,5.13931,0.332724,1.7432,3.6288,61.308,0.638298,0,0,1.81313,0.168858,1.00597,0.66528,12.849,1,0.544493,1.7432,0,97.6527,4.10269,94.7487,0.84672,12.849,0.84672,3695.15,0,0.0036966,1.92433e-05,3.32741,1.96335,10.8581,1.15718,14.9917,0.42336,0.0018483,0.21168,0.0018483,0.21168,460.486,0,1.02816,0,0,4.35557,3.32741,1.028160,1,0,110.746,0,0,0,110.746,0
72.29,2.67549,0,0,6.9498,0.319626,3.95469,3.6288,61.308,0.403232,0,0,1.93079,0.176321,1.35124,0.66528,12.849,1,0.475547,3.95469,0,113.171,4.15557,112.495,0.84672,12.849,0.84672,3695.15,0,0.0036966,1.21565e-05,3.07149,1.96365,15.0258,1.10011,18.9608,0.42336,0.0018483,0.21168,0.0018483,0.21168,460.486,0,1.02816,0,0,4.09965,3.07149,1.028160,1,0,132.807,0,0,0,132.807,0
72.29,2.67589,0,0,6.28548,0.317514,3.29207,3.6288,61.308,0.40345,0,0,1.52945,0.181455,0.944548,0.66528,12.849,1,0.47562,3.29207,0,103.542,4.02276,102.335,0.84672,12.849,0.84672,3695.15,0,0.0036966,1.21631e-05,2.04079,1.69642,12.7034,1.01606,15.4245,0.42336,0.0018483,0.21168,0.0018483,0.21168,460.486,0,1.02816,0,0,3.06895,2.04079,1.028160,1,0,118.705,0,0,0,118.705,0
72.29,2.6763,0,0,6.02821,0.317514,3.03439,3.6288,61.308,0.403667,0,0,1.78918,0.181455,1.20406,0.66528,12.849,1,0.475692,3.03439,0,102.644,4.02276,101.18,0.84672,12.849,0.84672,3695.15,0,0.0036966,1.21697e-05,2.00517,1.69668,9.84053,1.01606,12.5263,0.42336,0.0018483,0.21168,0.0018483,0.21168,460.486,0,1.02816,0,0,3.03333,2.00517,1.028160,1,0,114.91,0,0,0,114.91,0
72.29,2.67671,0,0,10.3772,0.315466,7.38507,3.6288,61.308,0.403885,0,0,2.76494,0.164274,2.19678,0.66528,12.849,1,0.475765,7.38507,0,214.563,3.7538,217.719,0.84672,12.849,0.84672,3695.15,0,0.0036966,1.21762e-05,4.8428,1.69694,23.2096,0.96999,28.7794,0.42336,0.0018483,0.21168,0.0018483,0.21168,460.486,0,1.02816,0,0,5.87096,4.8428,1.028160,1,0,248.695,0,0,0,248.695,0
72.29,2.67712,0,0,9.46987,0.301868,6.49089,3.6288,61.308,0.404103,0,0,2.3996,0.14947,1.84603,0.66528,12.849,1,0.475837,6.49089,0,182.918,3.78641,185.147,0.84672,12.849,0.84672,3695.15,0,0.0036966,1.21828e-05,3.948,1.69719,14.5817,0.942875,19.284,0.42336,0.0018483,0.21168,0.0018483,0.21168,460.486,0,1.02816,0,0,4.97616,3.948,1.028160,1,0,206.277,0,0,0,206.277,0
72.29,2.77535,0,0,8.04462,0.274702,4.99456,3.6288,61.308,0.461933,0,0,2.49799,0.169731,1.86632,0.66528,12.849,1,0.493298,4.99456,0,133.496,4.76448,133.233,0.84672,12.849,0.84672,3695.15,0,0.0036966,1.39263e-05,2.67078,1.69745,11.9142,1.02864,15.2538,0.42336,0.0018483,0.21168,0.0018483,0.21168,460.486,0,1.02816,0,0,3.69894,2.67078,1.028160,1,0,150.353,0,0,0,150.353,0
72.29,2.77578,0,0,7.00358,0.271492,3.95631,3.6288,61.308,0.46216,0,0,2.26771,0.173624,1.63193,0.66528,12.849,1,0.493373,3.95631,0,119.618,4.86801,118.213,0.84672,12.849,0.84672,3695.15,0,0.0036966,1.39331e-05,2.37563,1.76382,13.0314,1.03618,16.1346,0.42336,0.0018483,0.21168,0.0018483,0.21168,460.486,0,1.02816,0,0,3.40379,2.37563,1.028160,1,0,135.98,0,0,0,135.98,0
72.29,2.7762,0,0,6.6814,0.252233,3.65297,3.6288,61.308,0.462387,0,0,2.14333,0.196982,1.48396,0.66528,12.849,1,0.493448,3.65297,0,115.108,5.48919,112.778,0.84672,12.849,0.84672,3695.15,0,0.0036966,1.39399e-05,2.45443,1.76408,12.9431,1.08143,16.0801,0.42336,0.0018483,0.21168,0.0018483,0.21168,460.486,0,1.02816,0,0,3.48259,2.45443,1.028160,1,0,130.343,0,0,0,130.343,0
72.29,2.77662,0,0,7.50047,0.252233,4.47162,3.6288,61.308,0.462614,0,0,2.14083,0.196982,1.48123,0.66528,12.849,1,0.493523,4.47162,0,112.476,5.48919,110.964,0.84672,12.849,0.84672,3695.15,0,0.0036966,1.39468e-05,2.11014,1.76435,14.8278,1.08143,17.6208,0.42336,0.0018483,0.21168,0.0018483,0.21168,460.486,0,1.02816,0,0,3.1383,2.11014,1.028160,1,0,130.066,0,0,0,130.066,0
72.29,2.73877,0,0,3.96833,0.220475,1.00909,3.6288,61.308,0.440451,0,0,1.03936,0.195745,0.403161,0.66528,12.849,1,0.486796,1.00909,0,78.8581,3.50732,75.8731,0.84672,12.849,0.84672,3695.15,0,0.0036966,1.32786e-05,1.06852,1.76462,5.63087,0.975653,7.48834,0.42336,0.0018483,0.21168,0.0018483,0.21168,460.486,0,1.02816,0,0,2.09668,1.06852,1.028160,1,0,83.7646,0,0,0,83.7646,0
72.29,2.73919,0,0,3.58437,0.220475,0.624712,3.6288,61.308,0.440674,0,0,0.907788,0.195745,0.271368,0.66528,12.849,1,0.48687,0.624712,0,73.5005,3.50732,70.131,0.84672,12.849,0.84672,3695.15,0,0.0036966,1.32854e-05,0.687087,1.73914,5.27452,0.975653,6.72509,0.42336,0.0018483,0.21168,0.0018483,0.21168,460.486,0,1.02816,0,0,1.71525,0.687087,1.028160,1,0,77.1275,0,0,0,77.1275,0
72.29,2.7396,0,0,4.30714,0.202229,1.36531,3.6288,61.308,0.440898,0,0,0.877193,0.204647,0.231649,0.66528,12.849,1,0.486944,1.36531,0,79.1199,4.20909,75.7892,0.84672,12.849,0.84672,3695.15,0,0.0036966,1.32921e-05,0.754177,1.73941,7.08578,1.00332,8.57603,0.42336,0.0018483,0.21168,0.0018483,0.21168,460.486,0,1.02816,0,0,1.78234,0.754177,1.028160,1,0,84.5969,0,0,0,84.5969,0
72.29,2.74002,0,0,3.31508,0.155066,0.419996,3.6288,61.308,0.441121,0,0,0.843661,0.223534,0.179006,0.66528,12.849,1,0.487018,0.419996,0,56.8336,5.26413,51.5024,0.84672,12.849,0.84672,3695.15,0,0.0036966,1.32988e-05,0.711971,1.73967,5.32284,1.09092,6.68355,0.42336,0.0018483,0.21168,0.0018483,0.21168,460.486,0,1.02816,0,0,1.74013,0.711971,1.028160,1,0,58.365,0,0,0,58.365,0
71.9377,2.87043,0,0,3.01273,0.131679,0.36288,3.6288,61.308,0.520792,0,0,0.758255,0.231457,0.00600512,0.66528,12.849,1,0.510198,0.36288,0,50.1717,5.30523,44.7192,0.84672,12.849,0.84672,3695.15,0,0.0036966,1.57007e-05,0.467096,1.73994,4.62978,1.16238,5.67441,0.42336,0.0018483,0.21168,0.0018483,0.21168,460.486,0,1.02816,0,0,1.49526,0.467096,1.028160,1,0,50.3996,0,0,0,50.3996,0
71.417,2.86875,0,0,2.80762,0.0967534,0.36288,3.6288,61.0743,0.673597,0,0,0.682543,0.242664,0,0.66528,12.849,1,0.512396,0.36288,0,45.0243,5.42556,39.4493,0.84672,12.849,0.84672,3695.15,0,0.0036966,2.03075e-05,0.402797,1.83028,4.12112,1.25401,5.10016,0.42336,0.0018483,0.21168,0.0018483,0.21168,460.486,0,0.875586,0,0,1.27838,0.402797,1.028160,1,0,44.5494,0,0,0,44.5494,0
70.7835,2.86602,0,0,2.69177,0.09637,0.36288,3.6288,60.9237,0.574122,0,0,0.665885,0.242305,0,0.66528,12.849,1,0.515641,0.36288,0,41.6605,5.42556,36.0822,0.84672,12.849,0.84672,3695.15,0,0.0036966,1.73747e-05,0.30119,1.83056,3.98192,1.25401,4.85963,0.42336,0.0018483,0.21168,0.0018483,0.21168,460.486,0,0.975301,0,0,1.27649,0.30119,1.028160,1,0,40.9418,0,0,0,40.9418,0
70.0338,2.86255,0,0,2.5717,0.0959037,0.36288,3.6288,60.8286,0.521499,0,0,0.668477,0.242074,0,0.66528,12.849,1,0.519625,0.36288,0,39.8062,5.42556,34.2239,0.84672,12.849,0.84672,3695.15,0,0.0036966,1.58212e-05,0.361904,1.83083,3.79223,1.25401,4.73094,0.42336,0.0018483,0.21168,0.0018483,0.21168,460.486,0,1.02816,0,0,1.39006,0.361904,1.028160,1,0,38.9548,0,0,0,38.9548,0
69.3537,2.85828,0,0,2.66444,0.123441,0.36288,3.6288,60.7768,0.521735,0,0,0.702207,0.232311,0,0.66528,12.849,1,0.524405,0.36288,0,41.2162,4.86904,36.1856,0.84672,12.849,0.84672,3695.15,0,0.0036966,1.58531e-05,0.64311,1.83111,4.2497,1.25461,5.4693,0.42336,0.0018483,0.21168,0.0018483,0.21168,460.486,0,1.02816,0,0,1.67127,0.64311,1.028160,1,0,41.6549,0,0,0,41.6549,0
69.1515,2.82881,0,0,3.09806,0.108512,0.36288,3.6288,60.8302,0.56567,0,0,0.850236,0.231167,0,0.66528,12.849,1,0.524088,0.36288,0,50.9776,4.95852,45.8579,0.84672,12.849,0.84672,3695.15,0,0.0036966,1.72027e-05,1.34062,1.83139,7.01473,1.19899,8.98773,0.42336,0.0018483,0.21168,0.0018483,0.21168,460.486,0,1.02816,0,0,2.36878,1.34062,1.028160,1,0,54.8456,0,0,0,54.8456,0
68.6739,2.82795,0,0,2.82158,0.108342,0.36288,3.6288,60.8703,0.565912,0,0,0.837302,0.231246,0,0.66528,12.849,1,0.52546,0.36288,0,49.7921,4.95852,44.671,0.84672,12.849,0.84672,3695.15,0,0.0036966,1.7195e-05,1.3766,1.85975,6.76642,1.19899,8.80376,0.42336,0.0018483,0.21168,0.0018483,0.21168,460.486,0,1.02816,0,0,2.40476,1.3766,1.028160,1,0,53.4748,0,0,0,53.4748,0
67.9208,2.8253,0,0,2.54297,0.107939,0.36288,3.6288,60.8526,0.566154,0,0,0.779717,0.231305,0,0.66528,12.849,1,0.528618,0.36288,0,46.15,4.95852,41.0257,0.84672,12.849,0.84672,3695.15,0,0.0036966,1.7191e-05,1.07039,1.86004,6.44259,1.19899,8.17401,0.42336,0.0018483,0.21168,0.0018483,0.21168,460.486,0,1.02816,0,0,2.09855,1.07039,1.028160,1,0,49.1997,0,0,0,49.1997,0
67.0845,2.8208,0,0,2.43171,0.0842937,0.36288,3.6288,60.7374,0.566397,0,0,0.737139,0.285966,0,0.66528,12.849,1,0.533629,0.36288,0,41.6068,5.66427,35.7718,0.84672,12.849,0.84672,3695.15,0,0.0036966,1.72034e-05,1.04386,1.86032,6.121,1.4566,7.56856,0.42336,0.0018483,0.21168,0.0018483,0.21168,460.486,0,1.02816,0,0,2.07202,1.04386,1.028160,1,0,43.3403,0,0,0,43.3403,0
66.3345,2.88136,0,0,2.57296,0.0787055,0.36288,3.6288,60.7996,0.605608,0,0,0.98191,0.314089,0,0.66528,12.849,1,0.551879,0.36288,0,46.9985,5.66622,41.1433,0.84672,12.849,0.84672,3695.15,0,0.0036966,1.84293e-05,0.944551,1.8606,5.6514,1.42155,7.03499,0.42336,0.0018483,0.21168,0.0018483,0.21168,460.486,0,1.02816,0,0,1.97271,0.944551,1.028160,1,0,48.1783,0,0,0,48.1783,0
65.4581,2.87657,0,0,2.44191,0.07892,0.36288,3.6288,60.7656,0.605857,0,0,0.887147,0.315292,0,0.66528,12.849,1,0.557191,0.36288,0,41.2779,5.6195,35.4641,0.84672,12.849,0.84672,3695.15,0,0.0036966,1.8418e-05,1.08274,1.90567,5.75974,1.39853,7.3496,0.42336,0.0018483,0.21168,0.0018483,0.21168,460.486,0,1.02816,0,0,2.1109,1.08274,1.028160,1,0,42.8137,0,0,0,42.8137,0
64.4288,2.87077,0,0,2.28276,0.0783703,0.36288,3.6288,60.6651,0.606105,0,0,0.8208,0.315224,0,0.66528,12.849,1,0.563513,0.36288,0,39.2493,5.6195,33.4291,0.84672,12.849,0.84672,3695.15,0,0.0036966,1.84358e-05,0.901109,1.90596,5.05397,1.39853,6.46249,0.42336,0.0018483,0.21168,0.0018483,0.21168,460.486,0,1.02816,0,0,1.92927,0.901109,1.028160,1,0,39.8916,0,0,0,39.8916,0
63.3766,2.8637,0,0,2.25209,0.0777248,0.36288,3.6288,60.6317,0.606354,0,0,0.888045,0.315023,0,0.66528,12.849,1,0.571105,0.36288,0,36.4195,5.6195,30.5918,0.84672,12.849,0.84672,3695.15,0,0.0036966,1.8474e-05,1.03113,1.90625,5.71545,1.39853,7.25428,0.42336,0.0018483,0.21168,0.0018483,0.21168,460.486,0,1.02816,0,0,2.05929,1.03113,1.028160,1,0,37.8461,0,0,0,37.8461,0
62.2138,2.91834,0,0,2.19942,0.0809668,0.36288,3.6288,60.5567,0.66528,0,0,0.899372,0.309104,0,0.66528,12.849,1,0.591665,0.36288,0,31.7403,5.75543,25.7561,0.84672,12.849,0.84672,3695.15,0,0.0036966,0.0018483,1.04559,1.90654,6.93878,1.49061,8.39845,0.42336,0.0018483,0.21168,0.0018483,0.21168,460.486,0,1.02816,0,0,2.07375,1.04559,1.028160,1,0,34.1546,0,0,0,34.1546,0
60.7662,2.90961,0,0,1.92129,0.0964127,0.36288,3.6288,60.459,0.66528,0,0,0.889134,0.321549,0,0.66528,12.849,1,0.600922,0.36288,0,25.1819,5.78099,19.1629,0.84672,12.849,0.84672,3695.15,0,0.0036966,0.0018483,1.10775,1.97164,5.43027,1.5622,6.94561,0.42336,0.0018483,0.21168,0.0018483,0.21168,460.486,0,1.02816,0,0,2.13591,1.10775,1.028160,1,0,26.1085,0,0,0,26.1085,0
59.0959,2.89824,0,0,1.68603,0.0952661,0.36288,3.6288,60.3302,0.66528,0,0,0.857814,0.32135,0,0.66528,12.849,1,0.612831,0.36288,0,32.0106,5.78099,25.9797,0.84672,12.849,0.84672,3695.15,0,0.0036966,0.0018483,1.01262,1.97194,5.21456,1.5622,6.63506,0.42336,0.0018483,0.21168,0.0018483,0.21168,460.486,0,1.02816,0,0,2.04078,1.01262,1.028160,1,0,32.6147,0,0,0,32.6147,0
57.4767,2.88445,0,0,1.72194,0.093806,0.36288,3.6288,60.3278,0.66528,0,0,0.983966,0.321087,0,0.66528,12.849,1,0.627154,0.36288,0,27.7291,5.78099,21.6839,0.84672,12.849,0.84672,3695.15,0,0.0036966,0.0018483,1.12828,1.97224,5.4152,1.5622,6.95167,0.42336,0.0018483,0.21168,0.0018483,0.21168,460.486,0,1.02816,0,0,2.15644,1.12828,1.028160,1,0,28.6355,0,0,0,28.6355,0
55.9113,2.87044,0,0,1.76284,0.0948502,0.36288,3.6288,60.2931,0.66528,0,0,0.944214,0.313673,0,0.66528,12.849,1,0.641691,0.36288,0,31.098,5.68182,25.1374,0.84672,12.849,0.84672,3695.15,0,0.0036966,0.0018483,1.49567,1.97254,6.85886,1.55713,8.76809,0.42336,0.0018483,0.21168,0.0018483,0.21168,460.486,0,1.02816,0,0,2.52383,1.49567,1.028160,1,0,33.9055,0,0,0,33.9055,0
55.0767,2.8912,0,0,2.52767,0.108221,0.36288,3.6288,60.2956,0.663205,0,0,0.934931,0.269162,0,0.66528,12.849,1,0.664428,0.36288,0,31.253,5.08683,25.8646,0.84672,12.849,0.84672,3695.15,0,0.0036966,2.03307e-05,0.8762,1.97284,8.73336,1.52669,10.0557,0.42336,0.0018483,0.21168,0.0018483,0.21168,460.486,0,1.02816,0,0,1.90436,0.8762,1.028160,1,0,35.9203,0,0,0,35.9203,0
53.6307,2.88347,0,0,1.90768,0.107322,0.36288,3.6288,60.1017,0.663462,0,0,0.738729,0.269167,0,0.66528,12.849,1,0.672694,0.36288,0,46.2248,5.08683,40.8281,0.84672,12.849,0.84672,3695.15,0,0.0036966,2.03377e-05,0.797342,1.97311,6.77684,1.52669,8.02057,0.42336,0.0018483,0.21168,0.0018483,0.21168,460.486,0,1.02816,0,0,1.8255,0.797342,1.028160,1,0,48.8487,0,0,0,48.8487,0
51.5649,2.86928,0,0,1.27214,0.105765,0.36288,3.6288,59.6308,0.764268,0,0,0.56215,0.268835,0,0.66528,12.849,1,0.68743,0.36288,0,28.9973,5.08683,23.5859,0.84672,12.849,0.84672,3695.15,0,0.0036966,2.35034e-05,0.216518,1.97341,4.57365,1.52669,5.23686,0.42336,0.0018483,0.21168,0.0018483,0.21168,460.486,0,0.927608,0,0,1.14413,0.216518,1.028160,1,0,28.8228,0,0,0,28.8228,0
50.6973,2.84766,0,0,2.49666,0.153751,0.36288,3.6288,59.5338,0.663976,0,0,0.838063,0.271074,0,0.66528,12.849,1,0.709583,0.36288,0,33.9339,4.71788,28.8694,0.84672,12.849,0.84672,3695.15,0,0.0036966,2.05804e-05,0.684996,1.97371,7.16136,1.45126,8.36878,0.42336,0.0018483,0.21168,0.0018483,0.21168,460.486,0,1.02816,0,0,1.71316,0.684996,1.028160,1,0,37.2381,0,0,0,37.2381,0
50.5851,2.76508,0,0,3.21235,0.196588,0.36288,3.6288,59.892,0.586367,0,0,1.16092,0.216395,0,0.66528,12.849,1,0.700797,0.36288,0,33.5764,4.16372,29.0748,0.84672,12.849,0.84672,3695.15,0,0.0036966,1.82045e-05,2.06591,1.97401,12.2134,1.02485,15.2284,0.42336,0.0018483,0.21168,0.0018483,0.21168,460.486,0,1.02816,0,0,3.09407,2.06591,1.028160,1,0,44.3032,0,0,0,44.3032,0
50.2842,2.76426,0,0,3.02108,0.194837,0.36288,3.6288,60.132,0.586613,0,0,1.01507,0.188377,0,0.66528,12.849,1,0.702143,0.36288,0,50.7682,4.05836,46.3706,0.84672,12.849,0.84672,3695.15,0,0.0036966,1.81032e-05,1.33312,1.89692,10.1374,0.891698,12.4757,0.42336,0.0018483,0.21168,0.0018483,0.21168,460.486,0,1.02816,0,0,2.36128,1.33312,1.028160,1,0,58.8463,0,0,0,58.8463,0
51.5414,2.76133,0,0,4.57568,0.19422,0.36288,3.6288,61.2909,0.586858,0,0,1.93444,0.188666,0,0.66528,12.849,1,0.705597,0.36288,0,55.59,4.05836,51.1889,0.84672,12.849,0.84672,3695.15,0,0.0036966,1.80385e-05,3.30238,1.89721,14.7953,0.891698,19.1032,0.42336,0.0018483,0.21168,0.0018483,0.21168,460.486,0,1.02816,0,0,4.33054,3.30238,1.028160,1,0,70.2921,0,0,0,70.2921,0
51.0296,2.77553,0,0,2.83223,0.205679,0.36288,3.6288,61.308,0.587104,0,0,1.2954,0.193507,0.497728,0.66528,12.849,1,0.691925,0.36288,0,46.225,4.11634,41.7796,0.84672,12.849,0.84672,3695.15,0,0.0036966,1.77048e-05,2.48507,1.8975,14.653,0.905236,18.1303,0.42336,0.0018483,0.21168,0.0018483,0.21168,460.486,0,1.02816,0,0,3.51323,2.48507,1.028160,1,0,60.4077,0,0,0,60.4077,0
53.3852,2.56177,0,0,5.52588,0.245624,0.36288,3.6288,61.308,0.42508,0,0,1.63482,0.201378,1.00836,0.66528,12.849,1,0.64504,0.36288,0,104.081,4.22664,99.5718,0.84672,12.849,0.84672,3695.15,0,0.0036966,1.28152e-05,2.60274,1.89779,18.7796,1.03596,22.2441,0.42336,0.0018483,0.21168,0.0018483,0.21168,460.486,0,1.02816,0,0,3.6309,2.60274,1.028160,1,0,122.824,0,0,0,122.824,0
54.5165,2.5851,0,0,4.3146,0.235309,0.36288,3.6288,61.308,0.425301,0,0,1.85563,0.184251,1.24608,0.66528,12.849,1,0.622194,0.36288,0,101.185,3.90978,97.0157,0.84672,12.849,0.84672,3695.15,0,0.0036966,1.28219e-05,2.72282,1.72376,16.0363,1.10194,19.3809,0.42336,0.0018483,0.21168,0.0018483,0.21168,460.486,0,1.02816,0,0,3.75098,2.72282,1.028160,1,0,117.643,0,0,0,117.643,0
55.2353,2.59595,0,0,3.9156,0.238027,0.36288,3.6288,61.308,0.425522,0,0,1.7065,0.184251,1.09673,0.66528,12.849,1,0.611839,0.36288,0,78.3199,3.90978,74.1611,0.84672,12.849,0.84672,3695.15,0,0.0036966,1.28285e-05,2.65963,1.72402,10.6612,1.10194,13.9428,0.42336,0.0018483,0.21168,0.0018483,0.21168,460.486,0,1.02816,0,0,3.68779,2.65963,1.028160,1,0,89.2007,0,0,0,89.2007,0
58.4235,2.6028,0,0,6.376,0.222035,0.36288,3.6288,61.308,0.425743,0,0,1.95021,0.16875,1.35572,0.66528,12.849,1,0.605472,0.36288,0,120.883,3.37383,117.267,0.84672,12.849,0.84672,3695.15,0,0.0036966,1.28352e-05,2.74878,1.72428,15.647,1.03499,19.0851,0.42336,0.0018483,0.21168,0.0018483,0.21168,460.486,0,1.02816,0,0,3.77694,2.74878,1.028160,1,0,137.708,0,0,0,137.708,0
59.6647,2.63029,0,0,4.43963,0.2053,0.36288,3.6288,61.308,0.425964,0,0,1.65022,0.188206,1.03605,0.66528,12.849,1,0.578475,0.36288,0,130.014,2.84738,126.951,0.84672,12.849,0.84672,3695.15,0,0.0036966,1.28419e-05,2.6228,1.72454,11.6078,0.692094,15.263,0.42336,0.0018483,0.21168,0.0018483,0.21168,460.486,0,1.02816,0,0,3.65096,2.6228,1.028160,1,0,143.25,0,0,0,143.25,0
63.5407,2.7233,0,0,7.22036,0.258167,0.36288,3.6288,61.308,0.4732,0,0,2.0475,0.235921,1.33838,0.66528,12.849,1,0.586472,0.36288,0,152.15,4.64835,147.278,0.84672,12.849,0.84672,3695.15,0,0.0036966,1.42659e-05,3.20179,1.7248,13.0841,1.11933,16.8913,0.42336,0.0018483,0.21168,0.0018483,0.21168,460.486,0,1.02816,0,0,4.22995,3.20179,1.028160,1,0,165.508,0,0,0,165.508,0
66.9633,2.75345,0,0,6.8057,0.26677,0.36288,3.6288,61.308,0.473413,0,0,2.01755,0.235921,1.30822,0.66528,12.849,1,0.556794,0.36288,0,125.657,4.64835,120.814,0.84672,12.849,0.84672,3695.15,0,0.0036966,1.42723e-05,2.85738,1.78023,12.5317,1.11933,16.05,0.42336,0.0018483,0.21168,0.0018483,0.21168,460.486,0,1.02816,0,0,3.88554,2.85738,1.028160,1,0,138.173,0,0,0,138.173,0
69.7626,2.77773,0,0,6.22691,0.287008,0.36288,3.6288,61.308,0.473626,0,0,1.30711,0.23235,0.601135,0.66528,12.849,1,0.532993,0.36288,0,110.97,4.68633,106.114,0.84672,12.849,0.84672,3695.15,0,0.0036966,1.42788e-05,2.03107,1.78048,11.7234,1.18555,14.3494,0.42336,0.0018483,0.21168,0.0018483,0.21168,460.486,0,1.02816,0,0,3.05923,2.03107,1.028160,1,0,121.065,0,0,0,121.065,0
72.29,2.79619,0,0,6.56714,0.326112,0.917454,3.6288,61.308,0.473839,0,0,1.49548,0.223425,0.798216,0.66528,12.849,1,0.515006,0.917454,0,132.541,4.78128,128.162,0.84672,12.849,0.84672,3695.15,0,0.0036966,1.42852e-05,2.13099,1.78073,12.806,1.35112,15.3666,0.42336,0.0018483,0.21168,0.0018483,0.21168,460.486,0,1.02816,0,0,3.15915,2.13099,1.028160,1,0,144.327,0,0,0,144.327,0
72.29,3.08614,0,0,5.56513,0.302315,2.17668,3.6288,61.308,0.650677,0,0,1.4317,0.240316,0.540707,0.66528,12.849,1,0.548538,2.17668,0,89.4465,4.40196,86.6726,0.84672,12.849,0.84672,3695.15,0,0.0036966,1.96165e-05,2.07685,1.78099,9.10397,1.18347,11.7783,0.42336,0.0018483,0.21168,0.0018483,0.21168,460.486,0,1.02816,0,0,3.10501,2.07685,1.028160,1,0,98.9917,0,0,0,98.9917,0
72.29,3.08658,0,0,5.2339,0.279685,1.86764,3.6288,61.308,0.650915,0,0,1.45703,0.252985,0.553133,0.66528,12.849,1,0.548616,1.86764,0,102.621,4.11747,99.8223,0.84672,12.849,0.84672,3695.15,0,0.0036966,1.96236e-05,2.52178,1.97824,9.15201,1.05773,12.5943,0.42336,0.0018483,0.21168,0.0018483,0.21168,460.486,0,1.02816,0,0,3.54994,2.52178,1.028160,1,0,112.97,0,0,0,112.97,0
72.29,3.08701,0,0,6.99687,0.279685,3.63017,3.6288,61.308,0.651153,0,0,1.56027,0.252985,0.656133,0.66528,12.849,1,0.548693,3.63017,0,101.059,4.11747,100.023,0.84672,12.849,0.84672,3695.15,0,0.0036966,1.96308e-05,2.83402,1.97852,12.1605,1.05773,15.9153,0.42336,0.0018483,0.21168,0.0018483,0.21168,460.486,0,1.02816,0,0,3.86218,2.83402,1.028160,1,0,116.594,0,0,0,116.594,0
72.29,3.08745,0,0,7.23868,0.305405,3.84582,3.6288,61.308,0.651392,0,0,1.88971,0.197716,1.0406,0.66528,12.849,1,0.548771,3.84582,0,122.801,3.17089,122.927,0.84672,12.849,0.84672,3695.15,0,0.0036966,1.9638e-05,3.2498,1.9788,15.8947,0.863712,20.2596,0.42336,0.0018483,0.21168,0.0018483,0.21168,460.486,0,1.02816,0,0,4.27796,3.2498,1.028160,1,0,144.228,0,0,0,144.228,0
72.29,2.69648,0,0,7.11187,0.306831,4.10856,3.6288,61.308,0.414463,0,0,1.44902,0.212878,0.821681,0.66528,12.849,1,0.479279,4.10856,0,101.687,3.30109,102.015,0.84672,12.849,0.84672,3695.15,0,0.0036966,1.24951e-05,3.30605,1.97908,10.9838,0.858434,15.4105,0.42336,0.0018483,0.21168,0.0018483,0.21168,460.486,0,1.02816,0,0,4.33421,3.30605,1.028160,1,0,118.247,0,0,0,118.247,0
72.29,2.69686,0,0,7.58989,0.307901,4.58513,3.6288,61.308,0.414668,0,0,1.44505,0.22425,0.806131,0.66528,12.849,1,0.479347,4.58513,0,89.8439,3.39874,90.5509,0.84672,12.849,0.84672,3695.15,0,0.0036966,1.25013e-05,2.82487,1.70973,10.6635,0.854475,14.3436,0.42336,0.0018483,0.21168,0.0018483,0.21168,460.486,0,1.02816,0,0,3.85303,2.82487,1.028160,1,0,105.701,0,0,0,105.701,0
72.29,2.69725,0,0,7.49952,0.307901,4.49437,3.6288,61.308,0.414873,0,0,1.35511,0.22425,0.715984,0.66528,12.849,1,0.479415,4.49437,0,106.437,3.39874,107.053,0.84672,12.849,0.84672,3695.15,0,0.0036966,1.25075e-05,2.35492,1.70997,9.31098,0.854475,12.5214,0.42336,0.0018483,0.21168,0.0018483,0.21168,460.486,0,1.02816,0,0,3.38308,2.35492,1.028160,1,0,120.291,0,0,0,120.291,0
72.29,2.69763,0,0,7.61331,0.308397,4.60728,3.6288,61.308,0.415078,0,0,1.4924,0.223949,0.853369,0.66528,12.849,1,0.479483,4.60728,0,100.475,3.43347,101.169,0.84672,12.849,0.84672,3695.15,0,0.0036966,1.25137e-05,2.37989,1.71022,9.38814,0.856407,12.6218,0.42336,0.0018483,0.21168,0.0018483,0.21168,460.486,0,1.02816,0,0,3.40805,2.37989,1.028160,1,0,114.644,0,0,0,114.644,0
72.29,2.69801,0,0,7.84858,0.305827,4.84474,3.6288,61.308,0.415282,0,0,1.52421,0.213705,0.89522,0.66528,12.849,1,0.479551,4.84474,0,142.354,3.64619,143.073,0.84672,12.849,0.84672,3695.15,0,0.0036966,1.25198e-05,3.3368,1.71046,11.9453,0.884859,16.1077,0.42336,0.0018483,0.21168,0.0018483,0.21168,460.486,0,1.02816,0,0,4.36496,3.3368,1.028160,1,0,160.076,0,0,0,160.076,0
72.29,2.79699,0,0,10.153,0.272558,7.0834,3.6288,61.308,0.473548,0,0,1.78591,0.163068,1.14929,0.66528,12.849,1,0.497143,7.0834,0,204.614,3.67238,207.528,0.84672,12.849,0.84672,3695.15,0,0.0036966,1.42764e-05,3.16207,1.7107,13.4667,0.985978,17.3534,0.42336,0.0018483,0.21168,0.0018483,0.21168,460.486,0,1.02816,0,0,4.19023,3.16207,1.028160,1,0,226.031,0,0,0,226.031,0
72.29,2.79739,0,0,7.68856,0.272558,4.61862,3.6288,61.308,0.473761,0,0,1.57704,0.163068,0.940212,0.66528,12.849,1,0.497214,4.61862,0,117.226,3.67238,117.675,0.84672,12.849,0.84672,3695.15,0,0.0036966,1.42829e-05,2.51954,1.77756,10.7176,0.985978,14.0287,0.42336,0.0018483,0.21168,0.0018483,0.21168,460.486,0,1.02816,0,0,3.5477,2.51954,1.028160,1,0,132.644,0,0,0,132.644,0
72.29,2.79778,0,0,7.99891,0.275727,4.9254,3.6288,61.308,0.473974,0,0,1.74728,0.179196,1.09411,0.66528,12.849,1,0.497285,4.9254,0,119.147,4.01357,119.562,0.84672,12.849,0.84672,3695.15,0,0.0036966,1.42893e-05,2.94552,1.77782,13.1268,1.01525,16.8349,0.42336,0.0018483,0.21168,0.0018483,0.21168,460.486,0,1.02816,0,0,3.97368,2.94552,1.028160,1,0,137.491,0,0,0,137.491,0
72.29,2.79818,0,0,7.36327,0.261654,4.30343,3.6288,61.308,0.474188,0,0,1.59703,0.212724,0.910124,0.66528,12.849,1,0.497355,4.30343,0,103.695,4.50522,102.996,0.84672,12.849,0.84672,3695.15,0,0.0036966,1.42957e-05,2.71239,1.77807,12.0601,1.04686,15.5036,0.42336,0.0018483,0.21168,0.0018483,0.21168,460.486,0,1.02816,0,0,3.74055,2.71239,1.028160,1,0,119.409,0,0,0,119.409,0
72.29,2.76,0,0,5.55139,0.183103,2.60828,3.6288,61.308,0.451838,0,0,1.06771,0.218571,0.397305,0.66528,12.849,1,0.49057,2.60828,0,89.8897,3.9459,88.0615,0.84672,12.849,0.84672,3695.15,0,0.0036966,1.36219e-05,1.74038,1.77832,7.40655,1.04913,9.87611,0.42336,0.0018483,0.21168,0.0018483,0.21168,460.486,0,1.02816,0,0,2.76854,1.74038,1.028160,1,0,98.3349,0,0,0,98.3349,0
72.29,2.7604,0,0,4.73365,0.179175,1.79408,3.6288,61.308,0.452048,0,0,1.06208,0.222375,0.387658,0.66528,12.849,1,0.49064,1.79408,0,81.3257,4.00323,78.6259,0.84672,12.849,0.84672,3695.15,0,0.0036966,1.36282e-05,1.86494,1.75263,7.22632,1.06684,9.77704,0.42336,0.0018483,0.21168,0.0018483,0.21168,460.486,0,1.02816,0,0,2.8931,1.86494,1.028160,1,0,88.7906,0,0,0,88.7906,0
72.29,2.76079,0,0,4.83067,0.179175,1.8907,3.6288,61.308,0.452258,0,0,0.91406,0.222375,0.239427,0.66528,12.849,1,0.490709,1.8907,0,78.5091,4.00323,75.9059,0.84672,12.849,0.84672,3695.15,0,0.0036966,1.36346e-05,1.35434,1.75288,7.14727,1.06684,9.18763,0.42336,0.0018483,0.21168,0.0018483,0.21168,460.486,0,1.02816,0,0,2.3825,1.35434,1.028160,1,0,85.3329,0,0,0,85.3329,0
72.29,2.76118,0,0,4.94086,0.148764,2.03092,3.6288,61.308,0.452468,0,0,0.893886,0.237211,0.204207,0.66528,12.849,1,0.490779,2.03092,0,81.362,5.17285,77.7293,0.84672,12.849,0.84672,3695.15,0,0.0036966,1.36409e-05,1.45941,1.75312,8.88866,1.11295,10.9882,0.42336,0.0018483,0.21168,0.0018483,0.21168,460.486,0,1.02816,0,0,2.48757,1.45941,1.028160,1,0,88.9217,0,0,0,88.9217,0
72.29,2.89257,0,0,4.10332,0.134978,1.07577,3.6288,61.308,0.532738,0,0,0.845701,0.2388,0.0741629,0.66528,12.849,1,0.514133,1.07577,0,62.3834,5.3662,57.5788,0.84672,12.849,0.84672,3695.15,0,0.0036966,1.60609e-05,1.37957,1.75337,6.58999,1.13564,8.58728,0.42336,0.0018483,0.21168,0.0018483,0.21168,460.486,0,1.02816,0,0,2.40773,1.37957,1.028160,1,0,66.2403,0,0,0,66.2403,0
72.29,2.89298,0,0,4.0396,0.0795346,1.06708,3.6288,61.2923,0.532959,0,0,0.766662,0.24938,0,0.66528,12.849,1,0.514206,1.06708,0,56.7788,5.27867,52.053,0.84672,12.849,0.84672,3695.15,0,0.0036966,1.60675e-05,0.990887,1.84439,6.02802,1.25961,7.60368,0.42336,0.0018483,0.21168,0.0018483,0.21168,460.486,0,1.02816,0,0,2.01905,0.990887,1.028160,1,0,59.6567,0,0,0,59.6567,0
72.29,2.89339,0,0,3.86466,0.0795346,0.891736,3.6288,61.2422,0.533181,0,0,0.73243,0.249355,0,0.66528,12.849,1,0.514279,0.891736,0,52.3021,5.27867,47.4009,0.84672,12.849,0.84672,3695.15,0,0.0036966,1.60783e-05,0.916419,1.84465,5.82974,1.25961,7.33119,0.42336,0.0018483,0.21168,0.0018483,0.21168,460.486,0,1.02816,0,0,1.94458,0.916419,1.028160,1,0,54.7321,0,0,0,54.7321,0
72.29,2.8938,0,0,3.70053,0.0795346,0.727192,3.6288,61.2042,0.533402,0,0,0.744612,0.249276,0,0.66528,12.849,1,0.514352,0.727192,0,49.9012,5.27867,44.8354,0.84672,12.849,0.84672,3695.15,0,0.0036966,1.60982e-05,1.15204,1.84492,5.55061,1.25961,7.28794,0.42336,0.0018483,0.21168,0.0018483,0.21168,460.486,0,1.02816,0,0,2.1802,1.15204,1.028160,1,0,52.1233,0,0,0,52.1233,0
72.29,2.89421,0,0,3.36665,0.104296,0.368135,3.6288,61.1272,0.533624,0,0,0.700315,0.243662,0,0.66528,12.849,1,0.514425,0.368135,0,47.679,4.82733,42.7054,0.84672,12.849,0.84672,3695.15,0,0.0036966,1.61149e-05,0.988796,1.84518,4.9251,1.25805,6.50101,0.42336,0.0018483,0.21168,0.0018483,0.21168,460.486,0,1.02816,0,0,2.01696,0.988796,1.028160,1,0,49.2064,0,0,0,49.2064,0
71.9189,2.8687,0,0,2.94125,0.0807657,0.36288,3.6288,61.0072,0.577879,0,0,0.714217,0.256269,0,0.66528,12.849,1,0.509889,0.36288,0,49.5045,5.08085,44.2767,0.84672,12.849,0.84672,3695.15,0,0.0036966,1.74733e-05,0.747723,1.84544,4.02984,1.13446,5.48852,0.42336,0.0018483,0.21168,0.0018483,0.21168,460.486,0,1.02816,0,0,1.77588,0.747723,1.028160,1,0,49.7652,0,0,0,49.7652,0
71.5368,2.86687,0,0,2.92814,0.0805383,0.36288,3.6288,60.8602,0.578106,0,0,0.687156,0.256075,0,0.66528,12.849,1,0.512194,0.36288,0,46.7113,5.08085,41.4811,0.84672,12.849,0.84672,3695.15,0,0.0036966,1.75145e-05,0.789229,1.874,4.26705,1.13446,5.79579,0.42336,0.0018483,0.21168,0.0018483,0.21168,460.486,0,1.02816,0,0,1.81739,0.789229,1.028160,1,0,47.2769,0,0,0,47.2769,0
71.0289,2.86496,0,0,2.786,0.0660338,0.36288,3.6288,60.6736,0.578334,0,0,0.670801,0.279087,0,0.66528,12.849,1,0.514587,0.36288,0,44.0286,5.4066,38.4703,0.84672,12.849,0.84672,3695.15,0,0.0036966,1.75638e-05,0.764476,1.87427,4.14798,1.24471,5.54199,0.42336,0.0018483,0.21168,0.0018483,0.21168,460.486,0,1.02816,0,0,1.79264,0.764476,1.028160,1,0,44.0123,0,0,0,44.0123,0
70.1673,2.86225,0,0,2.41079,0.0472324,0.36288,3.6288,60.4218,0.578562,0,0,0.631143,0.304384,0,0.66528,12.849,1,0.517776,0.36288,0,41.0754,6.11214,34.8084,0.84672,12.849,0.84672,3695.15,0,0.0036966,1.76247e-05,0.640544,1.87453,4.14276,1.4923,5.16551,0.42336,0.0018483,0.21168,0.0018483,0.21168,460.486,0,1.02816,0,0,1.6687,0.640544,1.028160,1,0,39.9739,0,0,0,39.9739,0
69.1502,2.92396,0,0,2.32505,0.0553213,0.36288,3.6288,60.1293,0.618055,0,0,0.630521,0.304922,0,0.66528,12.849,1,0.535434,0.36288,0,39.2546,5.87042,33.2117,0.84672,12.849,0.84672,3695.15,0,0.0036966,1.89063e-05,0.503038,1.8748,3.4528,1.49419,4.33643,0.42336,0.0018483,0.21168,0.0018483,0.21168,460.486,0,1.02816,0,0,1.5312,0.503038,1.028160,1,0,37.5481,0,0,0,37.5481,0
67.9955,2.91773,0,0,2.18402,0.0581007,0.36288,3.6288,59.7459,0.618289,0,0,0.541234,0.30636,0,0.66528,12.849,1,0.542153,0.36288,0,37.2396,5.69236,31.368,0.84672,12.849,0.84672,3695.15,0,0.0036966,1.90054e-05,0.471053,1.92019,3.35861,1.46477,4.28506,0.42336,0.0018483,0.21168,0.0018483,0.21168,460.486,0,1.02816,0,0,1.49921,0.471053,1.028160,1,0,35.653,0,0,0,35.653,0
66.7084,2.9104,0,0,2.04373,0.0575793,0.36288,3.6288,59.3228,0.618522,0,0,0.500989,0.305612,0,0.66528,12.849,1,0.549974,0.36288,0,33.618,5.69236,27.7385,0.84672,12.849,0.84672,3695.15,0,0.0036966,1.91346e-05,0.406728,1.92046,2.99752,1.46477,3.85991,0.42336,0.0018483,0.21168,0.0018483,0.21168,460.486,0,1.02816,0,0,1.43489,0.406728,1.028160,1,0,31.5984,0,0,0,31.5984,0
65.2628,2.90191,0,0,1.87626,0.056998,0.36288,3.6288,58.8947,0.618755,0,0,0.495485,0.304787,0,0.66528,12.849,1,0.558951,0.36288,0,30.7307,5.69236,24.8422,0.84672,12.849,0.84672,3695.15,0,0.0036966,1.92784e-05,0.288861,1.92073,2.93169,1.46477,3.67649,0.42336,0.0018483,0.21168,0.0018483,0.21168,460.486,0,1.02816,0,0,1.31702,0.288861,1.028160,1,0,28.5187,0,0,0,28.5187,0
63.906,2.95485,0,0,2.00369,0.0427846,0.36288,3.6288,58.4926,0.66528,0,0,0.550202,0.287023,0,0.66528,12.849,1,0.581753,0.36288,0,29.3955,5.73351,23.4431,0.84672,12.849,0.84672,3695.15,0,0.0036966,0.0018483,0.639922,1.921,4.06868,1.51085,5.11691,0.42336,0.0018483,0.21168,0.0018483,0.21168,460.486,0,1.02816,0,0,1.66808,0.639922,1.028160,1,0,28.5601,0,0,0,28.5601,0
61.7899,2.94498,0,0,1.23342,0.0416677,0.36288,3.6288,57.9468,0.66528,0,0,0.384829,0.265353,0,0.66528,12.849,1,0.592121,0.36288,0,20.1039,5.34114,14.5335,0.84672,12.849,0.84672,3695.15,0,0.0036966,0.0018483,0.306703,1.98658,2.69651,1.49697,3.49098,0.42336,0.0018483,0.21168,0.0018483,0.21168,460.486,0,1.02816,0,0,1.33486,0.306703,1.028160,1,0,18.0245,0,0,0,18.0245,0
59.9337,2.92861,0,0,1.47626,0.0409532,0.36288,3.6288,57.4305,0.66528,0,0,0.413411,0.264421,0,0.66528,12.849,1,0.608994,0.36288,0,20.8062,5.34114,15.2189,0.84672,12.849,0.84672,3695.15,0,0.0036966,0.0018483,0.421537,1.98686,2.95774,1.49697,3.86732,0.42336,0.0018483,0.21168,0.0018483,0.21168,460.486,0,1.02816,0,0,1.4497,0.421537,1.028160,1,0,19.0862,0,0,0,19.0862,0
59.1183,2.91349,0,0,2.52428,0.0633638,0.36288,3.6288,57.0379,0.66528,0,0,0.530988,0.258307,0,0.66528,12.849,1,0.624613,0.36288,0,34.5773,5.19272,29.1228,0.84672,12.849,0.84672,3695.15,0,0.0036966,0.0018483,0.660467,1.98714,3.27399,1.47876,4.44099,0.42336,0.0018483,0.21168,0.0018483,0.21168,460.486,0,1.02816,0,0,1.68863,0.660467,1.028160,1,0,33.5638,0,0,0,33.5638,0
58.2307,2.90682,0,0,2.43867,0.0565319,0.36288,3.6288,56.6726,0.66528,0,0,0.549143,0.249199,0,0.66528,12.849,1,0.63178,0.36288,0,40.8389,5.40067,35.1693,0.84672,12.849,0.84672,3695.15,0,0.0036966,0.0018483,0.57113,1.98742,2.83681,1.46787,3.92565,0.42336,0.0018483,0.21168,0.0018483,0.21168,460.486,0,1.02816,0,0,1.59929,0.57113,1.028160,1,0,39.0949,0,0,0,39.0949,0
56.3489,2.93481,0,0,1.45486,0.0389546,0.36288,3.6288,56.3804,0.66528,0,0,0.606032,0.232927,0,0.66528,12.849,1,0.647585,0.36288,0,20.2344,4.59417,15.3556,0.84672,12.849,0.84672,3695.15,0,0.0036966,0.0018483,1.41971,1.98771,2.53946,1.37394,4.57108,0.42336,0.0018483,0.21168,0.0018483,0.21168,460.486,0,1.02816,0,0,2.44787,1.41971,1.028160,1,0,19.9267,0,0,0,19.9267,0
54.275,2.91761,0,0,1.24485,0.0382415,0.36288,3.6288,55.8174,0.66528,0,0,0.334727,0.232484,0,0.66528,12.849,1,0.665289,0.36288,0,20.2147,4.59417,15.3181,0.84672,12.849,0.84672,3695.15,0,0.0036966,0.0018483,0.336148,1.98796,1.88997,1.37394,2.83829,0.42336,0.0018483,0.21168,0.0018483,0.21168,460.486,0,1.02816,0,0,1.36431,0.336148,1.028160,1,0,18.1564,0,0,0,18.1564,0
52.2592,2.89746,0,0,1.29879,0.0542721,0.36288,3.6288,55.2574,0.66528,0,0,0.322241,0.216995,0,0.66528,12.849,1,0.685941,0.36288,0,19.4302,4.38654,14.7206,0.84672,12.849,0.84672,3695.15,0,0.0036966,0.0018483,0.294373,1.98824,1.90193,1.30904,2.87365,0.42336,0.0018483,0.21168,0.0018483,0.21168,460.486,0,1.02816,0,0,1.32253,0.294373,1.028160,1,0,17.5943,0,0,0,17.5943,0
52.6355,2.87663,0,0,3.76777,0.152006,0.36288,3.6288,55.2227,0.66528,0,0,0.759332,0.128711,0,0.66528,12.849,1,0.707278,0.36288,0,58.5624,3.14076,55.0773,0.84672,12.849,0.84672,3695.15,0,0.0036966,0.0018483,1.00995,1.98852,4.99535,0.919656,7.07232,0.42336,0.0018483,0.21168,0.0018483,0.21168,460.486,0,1.02816,0,0,2.03811,1.00995,1.028160,1,0,62.1496,0,0,0,62.1496,0
51.6837,2.80667,0,0,2.36828,0.150532,0.36288,3.6288,54.879,0.59845,0,0,0.423573,0.168798,0,0.66528,12.849,1,0.685145,0.36288,0,41.7094,3.5376,37.8496,0.84672,12.849,0.84672,3695.15,0,0.0036966,2.00301e-05,0.489076,1.9888,2.81285,0.961203,4.3295,0.42336,0.0018483,0.21168,0.0018483,0.21168,460.486,0,1.02816,0,0,1.51724,0.489076,1.028160,1,0,42.1791,0,0,0,42.1791,0
49.8415,2.79696,0,0,1.46521,0.147525,0.36288,3.6288,54.2632,0.726306,0,0,0.308889,0.198436,0,0.66528,12.849,1,0.695349,0.36288,0,23.1818,3.83523,19.0141,0.84672,12.849,0.84672,3695.15,0,0.0036966,2.44616e-05,0.216518,1.91112,2.69136,0.992363,3.82661,0.42336,0.0018483,0.21168,0.0018483,0.21168,460.486,0,0.90053,0,0,1.11705,0.216518,1.028160,1,0,22.8407,0,0,0,22.8407,0
51.07,2.77692,0,0,4.51297,0.144701,0.36288,3.6288,54.4551,0.59891,0,0,0.988484,0.197631,0,0.66528,12.849,1,0.715883,0.36288,0,80.3156,3.83523,76.1274,0.84672,12.849,0.84672,3695.15,0,0.0036966,2.04e-05,2.54426,1.91139,6.39962,0.992363,9.86289,0.42336,0.0018483,0.21168,0.0018483,0.21168,460.486,0,1.02816,0,0,3.57242,2.54426,1.028160,1,0,85.9903,0,0,0,85.9903,0
51.4465,2.79108,0,0,3.7054,0.174879,0.36288,3.6288,54.5235,0.599141,0,0,0.842989,0.175406,0,0.66528,12.849,1,0.702224,0.36288,0,65.1482,3.50876,61.3001,0.84672,12.849,0.84672,3695.15,0,0.0036966,2.03359e-05,0.531429,1.91166,4.83921,0.899884,6.3824,0.42336,0.0018483,0.21168,0.0018483,0.21168,460.486,0,1.02816,0,0,1.55959,0.531429,1.028160,1,0,67.6825,0,0,0,67.6825,0
51.5692,2.58505,0,0,3.25485,0.184305,0.36288,3.6288,54.7171,0.435895,0,0,0.825405,0.195955,0,0.66528,12.849,1,0.645627,0.36288,0,52.9203,3.54754,49.09,0.84672,12.849,0.84672,3695.15,0,0.0036966,1.47765e-05,0.998378,1.91193,4.85747,0.799455,6.96831,0.42336,0.0018483,0.21168,0.0018483,0.21168,460.486,0,1.02816,0,0,2.02654,0.998378,1.028160,1,0,56.0583,0,0,0,56.0583,0
50.9134,2.58664,0,0,2.52672,0.232953,0.36288,3.6288,54.9317,0.436102,0,0,0.87649,0.225783,0,0.66528,12.849,1,0.644489,0.36288,0,77.431,3.77244,73.3769,0.84672,12.849,0.84672,3695.15,0,0.0036966,1.47312e-05,1.68217,1.73659,5.65007,1.00652,8.06229,0.42336,0.0018483,0.21168,0.0018483,0.21168,460.486,0,1.02816,0,0,2.71033,1.68217,1.028160,1,0,81.4392,0,0,0,81.4392,0
52.58,2.58038,0,0,4.84121,0.231364,0.36288,3.6288,55.1481,0.43631,0,0,0.878762,0.226102,0,0.66528,12.849,1,0.651209,0.36288,0,72.8274,3.77244,68.7667,0.84672,12.849,0.84672,3695.15,0,0.0036966,1.46806e-05,1.94251,1.73683,6.68443,1.00652,9.35723,0.42336,0.0018483,0.21168,0.0018483,0.21168,460.486,0,1.02816,0,0,2.97067,1.94251,1.028160,1,0,78.1239,0,0,0,78.1239,0
54.1242,2.59734,0,0,4.74139,0.23702,0.36288,3.6288,55.5225,0.436517,0,0,1.0301,0.219154,0,0.66528,12.849,1,0.634712,0.36288,0,133.771,3.68994,129.81,0.84672,12.849,0.84672,3695.15,0,0.0036966,1.463e-05,1.86417,1.73708,6.83846,0.98415,9.45554,0.42336,0.0018483,0.21168,0.0018483,0.21168,460.486,0,1.02816,0,0,2.89233,1.86417,1.028160,1,0,139.265,0,0,0,139.265,0
53.4445,2.61234,0,0,2.54625,0.250646,0.36288,3.6288,55.3911,0.436725,0,0,0.481292,0.175964,0,0.66528,12.849,1,0.620167,0.36288,0,50.4398,3.19494,46.9876,0.84672,12.849,0.84672,3695.15,0,0.0036966,1.45382e-05,0.820359,1.73732,5.3431,0.849937,7.05083,0.42336,0.0018483,0.21168,0.0018483,0.21168,460.486,0,1.02816,0,0,1.84852,0.820359,1.028160,1,0,54.0384,0,0,0,54.0384,0
54.5034,2.68799,0,0,4.35427,0.244511,0.36288,3.6288,55.7399,0.484295,0,0,1.03142,0.198368,0,0.66528,12.849,1,0.646239,0.36288,0,63.1688,4.08711,58.7983,0.84672,12.849,0.84672,3695.15,0,0.0036966,1.61601e-05,1.47625,1.73757,6.5584,1.2937,8.4785,0.42336,0.0018483,0.21168,0.0018483,0.21168,460.486,0,1.02816,0,0,2.50441,1.47625,1.028160,1,0,67.2768,0,0,0,67.2768,0
54.6728,2.69851,0,0,3.47712,0.24641,0.36288,3.6288,55.9003,0.484495,0,0,0.847515,0.20259,0,0.66528,12.849,1,0.636164,0.36288,0,79.9027,4.2358,75.3936,0.84672,12.849,0.84672,3695.15,0,0.0036966,1.60656e-05,1.01663,1.79339,5.71974,1.36766,7.16208,0.42336,0.0018483,0.21168,0.0018483,0.21168,460.486,0,1.02816,0,0,2.04479,1.01663,1.028160,1,0,82.5557,0,0,0,82.5557,0
54.6346,2.70046,0,0,3.26699,0.241762,0.36288,3.6288,55.9912,0.484695,0,0,0.776114,0.200454,0,0.66528,12.849,1,0.634652,0.36288,0,60.5267,4.2199,56.0351,0.84672,12.849,0.84672,3695.15,0,0.0036966,1.60261e-05,0.837138,1.79362,6.14721,1.34025,7.43771,0.42336,0.0018483,0.21168,0.0018483,0.21168,460.486,0,1.02816,0,0,1.8653,0.837138,1.028160,1,0,63.4728,0,0,0,63.4728,0
54.2644,2.70046,0,0,2.91063,0.217558,0.36288,3.6288,56.0403,0.484895,0,0,0.744794,0.210893,0,0.66528,12.849,1,0.635095,0.36288,0,87.9284,3.81415,83.842,0.84672,12.849,0.84672,3695.15,0,0.0036966,1.60066e-05,0.790266,1.79386,5.32639,1.05163,6.85887,0.42336,0.0018483,0.21168,0.0018483,0.21168,460.486,0,1.02816,0,0,1.81843,0.790266,1.028160,1,0,90.7009,0,0,0,90.7009,0
53.602,2.9604,0,0,2.90987,0.248979,0.36288,3.6288,56.1492,0.663017,0,0,0.970799,0.198788,0,0.66528,12.849,1,0.700978,0.36288,0,76.0838,3.83499,71.9108,0.84672,12.849,0.84672,3695.15,0,0.0036966,2.18674e-05,1.17664,1.7941,5.03799,0.997479,7.01123,0.42336,0.0018483,0.21168,0.0018483,0.21168,460.486,0,1.02816,0,0,2.2048,1.17664,1.028160,1,0,78.922,0,0,0,78.922,0
53.1449,2.9538,0,0,3.12029,0.260753,0.36288,3.6288,56.0675,0.663241,0,0,0.778607,0.197165,0,0.66528,12.849,1,0.708059,0.36288,0,62.067,4.00029,57.7215,0.84672,12.849,0.84672,3695.15,0,0.0036966,2.18323e-05,0.87855,1.99278,5.30895,1.00709,7.17317,0.42336,0.0018483,0.21168,0.0018483,0.21168,460.486,0,1.02816,0,0,1.90671,0.87855,1.028160,1,0,64.8947,0,0,0,64.8947,0
51.9378,2.94928,0,0,2.35056,0.245421,0.36288,3.6288,55.6009,0.771806,0,0,0.506915,0.201682,0,0.66528,12.849,1,0.713058,0.36288,0,49.1238,4.03119,44.7424,0.84672,12.849,0.84672,3695.15,0,0.0036966,2.54431e-05,0.503194,1.99304,4.92864,1.04002,6.38484,0.42336,0.0018483,0.21168,0.0018483,0.21168,460.486,0,0.919814,0,0,1.42301,0.503194,1.028160,1,0,51.1272,0,0,0,51.1272,0
50.7194,2.93638,0,0,2.2884,0.20753,0.36288,3.6288,55.2137,0.737418,0,0,0.562823,0.212587,0,0.66528,12.849,1,0.726438,0.36288,0,76.2254,4.10844,71.7534,0.84672,12.849,0.84672,3695.15,0,0.0036966,2.45135e-05,0.608429,1.99331,4.646,1.12235,6.12537,0.42336,0.0018483,0.21168,0.0018483,0.21168,460.486,0,0.954426,0,0,1.56286,0.608429,1.028160,1,0,77.8787,0,0,0,77.8787,0
51.314,2.55236,0,0,3.7315,0.221673,0.36288,3.6288,56.0648,0.42501,0,0,1.48421,0.208063,0,0.66528,12.849,1,0.646601,0.36288,0,89.4663,4.06105,85.1216,0.84672,12.849,0.84672,3695.15,0,0.0036966,1.42274e-05,1.12349,1.99357,7.83923,1.03635,9.91993,0.42336,0.0018483,0.21168,0.0018483,0.21168,460.486,0,1.02816,0,0,2.15165,1.12349,1.028160,1,0,95.0415,0,0,0,95.0415,0
52.789,2.49378,0,0,4.57715,0.245547,0.36288,3.6288,56.5478,0.506367,0,0,1.19318,0.203886,0,0.66528,12.849,1,0.62444,0.36288,0,99.8482,3.99787,95.5887,0.84672,12.849,0.84672,3695.15,0,0.0036966,1.66935e-05,1.5034,1.72223,10.4373,0.921693,12.7412,0.42336,0.0018483,0.21168,0.0018483,0.21168,460.486,0,1.02816,0,0,2.53156,1.5034,1.028160,1,0,108.33,0,0,0,108.33,0
53.3926,2.5083,0,0,3.72417,0.249324,0.36288,3.6288,56.9094,0.506367,0,0,1.07249,0.20453,0,0.66528,12.849,1,0.610529,0.36288,0,86.597,3.99787,82.3515,0.84672,12.849,0.84672,3695.15,0,0.0036966,1.65509e-05,1.02914,1.76996,8.06135,0.921693,9.93873,0.42336,0.0018483,0.21168,0.0018483,0.21168,460.486,0,1.02816,0,0,2.0573,1.02914,1.028160,1,0,92.2902,0,0,0,92.2902,0
55.3043,2.51436,0,0,5.03978,0.25087,0.36288,3.6288,57.6924,0.506367,0,0,1.4944,0.205012,0,0.66528,12.849,1,0.605084,0.36288,0,135.99,3.99787,131.75,0.84672,12.849,0.84672,3695.15,0,0.0036966,1.64458e-05,2.00865,1.77007,10.131,0.921693,12.988,0.42336,0.0018483,0.21168,0.0018483,0.21168,460.486,0,1.02816,0,0,3.03681,2.00865,1.028160,1,0,144.738,0,0,0,144.738,0
58.3831,2.59723,0,0,6.29111,0.252218,0.36288,3.6288,58.7329,0.425778,0,0,1.6388,0.172479,0,0.66528,12.849,1,0.603422,0.36288,0,178.165,3.45995,174.465,0.84672,12.849,0.84672,3695.15,0,0.0036966,1.36407e-05,2.54514,1.77019,13.4647,0.829563,16.9504,0.42336,0.0018483,0.21168,0.0018483,0.21168,460.486,0,1.02816,0,0,3.5733,2.54514,1.028160,1,0,191.415,0,0,0,191.415,0
60.7996,2.71952,0,0,5.7734,0.274441,0.36288,3.6288,59.8032,0.484453,0,0,1.74607,0.191294,0,0.66528,12.849,1,0.598515,0.36288,0,165.242,4.11611,160.89,0.84672,12.849,0.84672,3695.15,0,0.0036966,1.52455e-05,2.39128,1.72314,13.5928,0.743593,16.9636,0.42336,0.0018483,0.21168,0.0018483,0.21168,460.486,0,1.02816,0,0,3.41944,2.39128,1.028160,1,0,177.854,0,0,0,177.854,0
63.9428,2.73953,0,0,6.52633,0.28072,0.36288,3.6288,60.8506,0.484653,0,0,1.72463,0.19261,0,0.66528,12.849,1,0.578954,0.36288,0,170.764,4.11611,166.432,0.84672,12.849,0.84672,3695.15,0,0.0036966,1.49789e-05,1.95473,1.79047,13.0906,0.743593,16.0922,0.42336,0.0018483,0.21168,0.0018483,0.21168,460.486,0,1.02816,0,0,2.98289,1.95473,1.028160,1,0,182.524,0,0,0,182.524,0
65.8169,2.76359,0,0,5.2815,0.280988,0.36288,3.6288,61.308,0.484853,0,0,1.51172,0.193067,0.376415,0.66528,12.849,1,0.55533,0.36288,0,125.526,4.16553,121.168,0.84672,12.849,0.84672,3695.15,0,0.0036966,1.47271e-05,2.10382,1.79071,9.53813,0.746807,12.6858,0.42336,0.0018483,0.21168,0.0018483,0.21168,460.486,0,1.02816,0,0,3.13198,2.10382,1.028160,1,0,134.231,0,0,0,134.231,0
66.6359,2.77719,0,0,4.20132,0.242209,0.36288,3.6288,61.308,0.485053,0,0,1.05804,0.188632,0.384352,0.66528,12.849,1,0.542173,0.36288,0,116.053,4.46208,111.412,0.84672,12.849,0.84672,3695.15,0,0.0036966,1.46233e-05,0.999121,1.79095,6.76849,0.76609,8.79245,0.42336,0.0018483,0.21168,0.0018483,0.21168,460.486,0,1.02816,0,0,2.02728,0.999121,1.028160,1,0,120.589,0,0,0,120.589,0
66.6509,2.74479,0,0,3.35734,0.234739,0.36288,3.6288,61.308,0.462526,0,0,0.882861,0.178953,0.241381,0.66528,12.849,1,0.52926,0.36288,0,91.813,3.87183,87.7747,0.84672,12.849,0.84672,3695.15,0,0.0036966,1.39441e-05,1.01831,1.79118,5.70439,0.924764,7.5891,0.42336,0.0018483,0.21168,0.0018483,0.21168,460.486,0,1.02816,0,0,2.04647,1.01831,1.028160,1,0,95.6052,0,0,0,95.6052,0
66.2436,2.74525,0,0,2.93202,0.231145,0.36288,3.6288,61.308,0.462723,0,0,0.879742,0.175082,0.241937,0.66528,12.849,1,0.529231,0.36288,0,79.2504,3.63573,75.4483,0.84672,12.849,0.84672,3695.15,0,0.0036966,1.39501e-05,1.19062,1.76529,5.52843,0.988233,7.49609,0.42336,0.0018483,0.21168,0.0018483,0.21168,460.486,0,1.02816,0,0,2.21878,1.19062,1.028160,1,0,83.1863,0,0,0,83.1863,0
66.0956,2.74288,0,0,3.18813,0.230399,0.36288,3.6288,61.308,0.46292,0,0,0.758324,0.175082,0.120323,0.66528,12.849,1,0.532026,0.36288,0,81.7672,3.63573,77.9624,0.84672,12.849,0.84672,3695.15,0,0.0036966,1.3956e-05,0.868441,1.76552,6.77456,0.988233,8.42028,0.42336,0.0018483,0.21168,0.0018483,0.21168,460.486,0,1.02816,0,0,1.8966,0.868441,1.028160,1,0,86.503,0,0,0,86.503,0
65.6776,2.74225,0,0,2.87666,0.189554,0.36288,3.6288,61.308,0.463116,0,0,0.742306,0.195852,0.0833367,0.66528,12.849,1,0.533094,0.36288,0,74.1518,5.27321,68.7084,0.84672,12.849,0.84672,3695.15,0,0.0036966,1.39619e-05,0.950072,1.76575,5.7018,1.05279,7.36482,0.42336,0.0018483,0.21168,0.0018483,0.21168,460.486,0,1.02816,0,0,1.97823,0.950072,1.028160,1,0,76.1566,0,0,0,76.1566,0
64.9061,2.86974,0,0,2.59783,0.136686,0.36288,3.6288,61.2894,0.543948,0,0,0.736612,0.211229,0,0.66528,12.849,1,0.561429,0.36288,0,52.0874,5.27492,46.6139,0.84672,12.849,0.84672,3695.15,0,0.0036966,1.63988e-05,0.798301,1.76598,5.09122,1.11599,6.53951,0.42336,0.0018483,0.21168,0.0018483,0.21168,460.486,0,1.02816,0,0,1.82646,0.798301,1.028160,1,0,53.1534,0,0,0,53.1534,0
64.1233,2.86454,0,0,2.60155,0.156942,0.36288,3.6288,61.2888,0.544156,0,0,0.744042,0.200521,0,0.66528,12.849,1,0.567074,0.36288,0,56.2106,4.44381,51.5626,0.84672,12.849,0.84672,3695.15,0,0.0036966,1.64101e-05,0.818528,1.85764,4.73595,0.919031,6.49307,0.42336,0.0018483,0.21168,0.0018483,0.21168,460.486,0,1.02816,0,0,1.84669,0.818528,1.028160,1,0,58.0557,0,0,0,58.0557,0
63.0547,2.85915,0,0,2.30945,0.155955,0.36288,3.6288,61.1839,0.544363,0,0,0.639951,0.20052,0,0.66528,12.849,1,0.572916,0.36288,0,53.1924,4.44381,48.5386,0.84672,12.849,0.84672,3695.15,0,0.0036966,1.64165e-05,0.690276,1.85788,4.68313,0.919031,6.31224,0.42336,0.0018483,0.21168,0.0018483,0.21168,460.486,0,1.02816,0,0,1.71844,0.690276,1.028160,1,0,54.8508,0,0,0,54.8508,0
61.817,2.85146,0,0,2.12242,0.145772,0.36288,3.6288,61.0519,0.544571,0,0,0.62289,0.210257,0,0.66528,12.849,1,0.581058,0.36288,0,48.7378,4.63944,43.8802,0.84672,12.849,0.84672,3695.15,0,0.0036966,1.64509e-05,0.674447,1.85813,4.55109,0.972416,6.11123,0.42336,0.0018483,0.21168,0.0018483,0.21168,460.486,0,1.02816,0,0,1.70261,0.674447,1.028160,1,0,49.9914,0,0,0,49.9914,0
60.5054,2.84221,0,0,2.01586,0.122436,0.36288,3.6288,60.8286,0.544778,0,0,0.556167,0.234737,0,0.66528,12.849,1,0.590768,0.36288,0,48.2098,5.12852,42.8534,0.84672,12.849,0.84672,3695.15,0,0.0036966,1.64927e-05,0.485568,1.85837,4.29475,1.10588,5.5328,0.42336,0.0018483,0.21168,0.0018483,0.21168,460.486,0,1.02816,0,0,1.51373,0.485568,1.028160,1,0,48.3862,0,0,0,48.3862,0
59.0355,2.80665,0,0,1.82104,0.121409,0.36288,3.6288,60.5776,0.589333,0,0,0.571457,0.233096,0,0.66528,12.849,1,0.596024,0.36288,0,41.7409,4.75597,36.7518,0.84672,12.849,0.84672,3695.15,0,0.0036966,1.79071e-05,0.361921,1.85862,3.5244,1.03092,4.71401,0.42336,0.0018483,0.21168,0.0018483,0.21168,460.486,0,1.02816,0,0,1.39008,0.361921,1.028160,1,0,41.4658,0,0,0,41.4658,0
57.4142,2.79483,0,0,1.65615,0.119738,0.36288,3.6288,60.3126,0.589547,0,0,0.557238,0.232725,0,0.66528,12.849,1,0.608291,0.36288,0,40.9238,4.75597,35.9224,0.84672,12.849,0.84672,3695.15,0,0.0036966,1.79878e-05,0.343915,1.88737,3.37701,1.03092,4.57736,0.42336,0.0018483,0.21168,0.0018483,0.21168,460.486,0,1.02816,0,0,1.37208,0.343915,1.028160,1,0,40.4998,0,0,0,40.4998,0
55.6555,2.78116,0,0,1.50321,0.117864,0.36288,3.6288,59.9412,0.66185,0,0,0.522777,0.232334,0,0.66528,12.849,1,0.622409,0.36288,0,36.4665,4.75597,31.451,0.84672,12.849,0.84672,3695.15,0,0.0036966,2.02826e-05,0.261274,1.88762,3.26681,1.03092,4.38476,0.42336,0.0018483,0.21168,0.0018483,0.21168,460.486,0,0.956068,0,0,1.21734,0.261274,1.028160,1,0,35.8358,0,0,0,35.8358,0
53.8663,2.76554,0,0,1.42614,0.0868833,0.36288,3.6288,59.4663,0.657303,0,0,0.490375,0.307905,0,0.66528,12.849,1,0.638472,0.36288,0,32.8015,5.74402,26.7819,0.84672,12.849,0.84672,3695.15,0,0.0036966,2.02681e-05,0.261274,1.88786,3.096,1.39157,3.85354,0.42336,0.0018483,0.21168,0.0018483,0.21168,460.486,0,0.960828,0,0,1.2221,0.261274,1.028160,1,0,30.6354,0,0,0,30.6354,0
51.97,2.81293,0,0,1.36699,0.0875259,0.36288,3.6288,58.9539,0.680386,0,0,0.463928,0.295956,0,0.66528,12.849,1,0.670983,0.36288,0,30.8675,5.7004,24.859,0.84672,12.849,0.84672,3695.15,0,0.0036966,2.11474e-05,0.261274,1.88811,2.87448,1.39213,3.63171,0.42336,0.0018483,0.21168,0.0018483,0.21168,460.486,0,0.977504,0,0,1.23878,0.261274,1.028160,1,0,28.4907,0,0,0,28.4907,0
50.1428,2.79367,0,0,1.41682,0.0874532,0.36288,3.6288,58.4858,0.634425,0,0,0.453063,0.28675,0,0.66528,12.849,1,0.690703,0.36288,0,29.4593,5.66769,23.4638,0.84672,12.849,0.84672,3695.15,0,0.0036966,1.98902e-05,0.261274,1.93381,2.78747,1.39255,3.58998,0.42336,0.0018483,0.21168,0.0018483,0.21168,460.486,0,1.02368,0,0,1.28496,0.261274,1.028160,1,0,27.0538,0,0,0,27.0538,0
48.1523,2.774,0,0,1.23213,0.0857979,0.36288,3.6288,57.8826,0.743141,0,0,0.425777,0.285889,0,0.66528,12.849,1,0.710832,0.36288,0,27.8714,5.66769,21.8558,0.84672,12.849,0.84672,3695.15,0,0.0036966,2.34851e-05,0.261274,1.93406,2.71261,1.39255,3.51537,0.42336,0.0018483,0.21168,0.0018483,0.21168,460.486,0,0.915183,0,0,1.17646,0.261274,1.028160,1,0,25.3712,0,0,0,25.3712,0
46.0888,2.75116,0,0,1.13458,0.0839827,0.36288,3.6288,57.245,0.769979,0,0,0.417176,0.284779,0,0.66528,12.849,1,0.734123,0.36288,0,26.2868,5.66769,20.2478,0.84672,12.849,0.84672,3695.15,0,0.0036966,2.45869e-05,0.227405,1.93432,2.68517,1.39255,3.45431,0.42336,0.0018483,0.21168,0.0018483,0.21168,460.486,0,0.888564,0,0,1.11597,0.227405,1.028160,1,0,23.7021,0,0,0,23.7021,0
43.8219,2.78507,0,0,0.952344,0.0712786,0.36288,3.6288,56.4826,0.866195,0,0,0.404245,0.300453,0,0.66528,12.849,1,0.776445,0.36288,0,24.5583,6.06152,18.0832,0.84672,12.849,0.84672,3695.15,0,0.0036966,0.0018483,0.227405,1.93457,2.48769,1.41765,3.23017,0.42336,0.0018483,0.21168,0.0018483,0.21168,460.486,0,0.827245,0,0,1.05465,0.227405,1.028160,1,0,21.3133,0,0,0,21.3133,0
41.5104,2.75437,0,0,0.92067,0.114946,0.36288,3.6288,55.2932,1.19261,0,0,0.314534,0.311273,0,0.66528,12.849,1,0.807609,0.36288,0,18.9245,6.12222,12.3576,0.84672,12.849,0.84672,3695.15,0,0.0036966,0.0018483,0.227405,2.00059,1.71361,1.522,2.41776,0.42336,0.0018483,0.21168,0.0018483,0.21168,460.486,0,0.500826,0,0,0.728231,0.227405,1.028160,1,0,14.7753,0,0,0,14.7753,0
39.3476,2.72039,0,0,1.02876,0.108255,0.36288,3.6288,54.362,1.00634,0,0,0.386514,0.31135,0,0.66528,12.849,1,0.842061,0.36288,0,24.0812,6.197,17.4051,0.84672,12.849,0.84672,3695.15,0,0.0036966,0.0018483,0.227405,2.00085,1.8189,1.53693,2.50838,0.42336,0.0018483,0.21168,0.0018483,0.21168,460.486,0,0.687096,0,0,0.914501,0.227405,1.028160,1,0,19.9134,0,0,0,19.9134,0
36.9758,2.71619,0,0,0.812748,0.105531,0.36288,3.6288,53.092,1.2427,0,0,0.282137,0.309445,0,0.66528,12.849,1,0.84672,0.36288,0,24.8512,6.197,18.1704,0.84672,12.849,0.84672,3695.15,0,0.0036966,0.0018483,0.204422,2.00112,1.44124,1.53693,2.108,0.42336,0.0018483,0.21168,0.0018483,0.21168,460.486,0,0.450737,0,0,0.655159,0.204422,1.028160,1,0,20.2784,0,0,0,20.2784,0
34.8002,2.71665,0,0,1.00661,0.102647,0.36288,3.6288,52.5256,0.729309,0,0,0.469384,0.306548,0,0.66528,12.849,1,0.84672,0.36288,0,22.0237,6.197,15.3429,0.84672,12.849,0.84672,3695.15,0,0.0036966,0.0018483,0.204422,2.00138,2.16575,1.53693,2.83277,0.42336,0.0018483,0.21168,0.0018483,0.21168,460.486,0,0.964131,0,0,1.16855,0.204422,1.028160,1,0,18.1756,0,0,0,18.1756,0
32.7328,2.60838,0,0,1.02462,0.120706,0.36288,3.6288,51.7104,0.900341,0,0,0.413426,0.328222,0,0.66528,12.849,1,0.84672,0.36288,0,24.7897,6.01736,18.2885,0.84672,12.849,0.84672,3695.15,0,0.0036966,3.16817e-05,0.204422,2.00165,2.06111,1.46167,2.80548,0.42336,0.0018483,0.21168,0.0018483,0.21168,460.486,0,0.743213,0,0,0.947635,0.204422,1.028160,1,0,21.094,0,0,0,21.094,0
30.5536,2.60883,0,0,0.989643,0.197221,0.36288,3.6288,51.0745,0.842568,0,0,0.464455,0.257835,0,0.66528,12.849,1,0.84672,0.36288,0,22.9405,4.09551,18.3611,0.84672,12.849,0.84672,3695.15,0,0.0036966,3.01161e-05,0.204422,1.91735,2.00611,0.972568,3.15528,0.42336,0.0018483,0.21168,0.0018483,0.21168,460.486,0,0.801205,0,0,1.00563,0.204422,1.028160,1,0,21.5164,0,0,0,21.5164,0
28.5022,2.60927,0,0,1.1367,0.215903,0.36288,3.6288,50.8415,0.616839,0,0,0.633879,0.250032,0,0.66528,12.849,1,0.84672,0.36288,0,23.1827,3.87513,18.8237,0.84672,12.849,0.84672,3695.15,0,0.0036966,2.23224e-05,0.216518,1.9176,2.782,0.947505,3.96859,0.42336,0.0018483,0.21168,0.0018483,0.21168,460.486,0,1.02716,0,0,1.24368,0.216518,1.028160,1,0,22.7923,0,0,0,22.7923,0
26.408,2.60972,0,0,1.08836,0.210014,0.36288,3.6288,50.5627,0.650941,0,0,0.621729,0.249558,0,0.66528,12.849,1,0.84672,0.36288,0,30.91,3.87513,26.5511,0.84672,12.849,0.84672,3695.15,0,0.0036966,2.36644e-05,0.216518,1.91785,2.78129,0.947505,3.96813,0.42336,0.0018483,0.21168,0.0018483,0.21168,460.486,0,0.993272,0,0,1.20979,0.216518,1.028160,1,0,30.5192,0,0,0,30.5192,0
24.6177,2.66933,0,0,1.44252,0.200604,0.36288,3.6288,50.4171,0.609774,0,0,0.691484,0.227297,0,0.66528,12.849,1,0.84672,0.36288,0,48.716,3.7265,44.5056,0.84672,12.849,0.84672,3695.15,0,0.0036966,2.22901e-05,0.525407,1.9181,3.56535,0.910686,5.09815,0.42336,0.0018483,0.21168,0.0018483,0.21168,460.486,0,1.02816,0,0,1.55357,0.525407,1.028160,1,0,49.6038,0,0,0,49.6038,0
22.724,2.66978,0,0,1.33015,0.191135,0.36288,3.6288,49.8031,0.810603,0,0,0.394715,0.198134,0,0.66528,12.849,1,0.84672,0.36288,0,36.43,3.52831,32.4179,0.84672,12.849,0.84672,3695.15,0,0.0036966,2.97169e-05,0.216518,1.92443,1.86671,0.861593,3.14603,0.42336,0.0018483,0.21168,0.0018483,0.21168,460.486,0,0.827539,0,0,1.04406,0.216518,1.028160,1,0,35.5639,0,0,0,35.5639,0
21.9929,2.67022,0,0,2.49461,0.192676,0.36288,3.6288,49.6997,0.610206,0,0,0.715862,0.209022,0,0.66528,12.849,1,0.84672,0.36288,0,67.1471,3.80381,62.8595,0.84672,12.849,0.84672,3695.15,0,0.0036966,2.2646e-05,0.561652,1.92468,4.19907,0.939284,5.74609,0.42336,0.0018483,0.21168,0.0018483,0.21168,460.486,0,1.02816,0,0,1.58981,0.561652,1.028160,1,0,68.6056,0,0,0,68.6056,0
20.9494,2.67068,0,0,2.19725,0.207171,0.36288,3.6288,49.6329,0.610422,0,0,0.782101,0.238523,0,0.66528,12.849,1,0.84672,0.36288,0,61.7752,4.49253,56.7989,0.84672,12.849,0.84672,3695.15,0,0.0036966,2.27012e-05,1.21074,1.92493,4.19377,1.13351,6.19591,0.42336,0.0018483,0.21168,0.0018483,0.21168,460.486,0,1.02816,0,0,2.2389,1.21074,1.028160,1,0,62.9948,0,0,0,62.9948,0
21.6828,2.4062,0,0,3.70316,0.200622,0.36288,3.6288,50.4665,0.44603,0,0,1.51201,0.232383,0,0.66528,12.849,1,0.84672,0.36288,0,100.948,4.45061,96.0136,0.84672,12.849,0.84672,3695.15,0,0.0036966,1.66099e-05,1.74553,1.92519,5.7298,1.14014,8.26036,0.42336,0.0018483,0.21168,0.0018483,0.21168,460.486,0,1.02816,0,0,2.77369,1.74553,1.028160,1,0,104.274,0,0,0,104.274,0
21.4519,2.3465,0,0,2.65914,0.180657,0.36288,3.6288,51.1174,0.506368,0,0,1.35498,0.197672,0,0.66528,12.849,1,0.84672,0.36288,0,97.7167,4.19905,93.0338,0.84672,12.849,0.84672,3695.15,0,0.0036966,1.85454e-05,1.29127,1.74861,6.01011,1.17989,7.87009,0.42336,0.0018483,0.21168,0.0018483,0.21168,460.486,0,1.02816,0,0,2.31943,1.29127,1.028160,1,0,100.904,0,0,0,100.904,0
22.2303,2.34712,0,0,3.66841,0.180091,0.36288,3.6288,51.9952,0.506368,0,0,1.5829,0.198723,0,0.66528,12.849,1,0.84672,0.36288,0,87.3098,4.19905,82.6269,0.84672,12.849,0.84672,3695.15,0,0.0036966,1.83092e-05,2.1918,1.78404,6.70316,1.17989,9.49909,0.42336,0.0018483,0.21168,0.0018483,0.21168,460.486,0,1.02816,0,0,3.21996,2.1918,1.028160,1,0,92.126,0,0,0,92.126,0
24.5096,2.34775,0,0,5.17195,0.181999,0.36288,3.6288,52.8759,0.506368,0,0,1.58714,0.20014,0,0.66528,12.849,1,0.84672,0.36288,0,104.996,4.19905,100.313,0.84672,12.849,0.84672,3695.15,0,0.0036966,1.80001e-05,2.15108,1.78415,7.0969,1.17989,9.85222,0.42336,0.0018483,0.21168,0.0018483,0.21168,460.486,0,1.02816,0,0,3.17924,2.15108,1.028160,1,0,110.165,0,0,0,110.165,0
27.0594,2.34839,0,0,5.45644,0.195341,0.36288,3.6288,54.2586,0.506369,0,0,2.08096,0.191824,0,0.66528,12.849,1,0.84672,0.36288,0,104.954,3.48768,100.982,0.84672,12.849,0.84672,3695.15,0,0.0036966,1.77003e-05,1.79565,1.78427,8.26606,1.12708,10.7189,0.42336,0.0018483,0.21168,0.0018483,0.21168,460.486,0,1.02816,0,0,2.82381,1.79565,1.028160,1,0,111.701,0,0,0,111.701,0
30.2662,2.45099,0,0,6.22456,0.203871,0.36288,3.6288,55.6032,0.554058,0,0,2.10621,0.207549,0,0.66528,12.849,1,0.84672,0.36288,0,88.2421,3.79655,83.9617,0.84672,12.849,0.84672,3695.15,0,0.0036966,1.88738e-05,2.12247,1.78439,8.5978,1.24947,11.2552,0.42336,0.0018483,0.21168,0.0018483,0.21168,460.486,0,1.02816,0,0,3.15063,2.12247,1.028160,1,0,95.2168,0,0,0,95.2168,0
31.756,2.4993,0,0,4.55966,0.207705,0.36288,3.6288,56.347,0.506362,0,0,1.46837,0.218253,0,0.66528,12.849,1,0.84672,0.36288,0,108.147,4.04932,103.614,0.84672,12.849,0.84672,3695.15,0,0.0036966,1.68319e-05,1.68558,1.84046,6.86068,1.29545,9.09125,0.42336,0.0018483,0.21168,0.0018483,0.21168,460.486,0,1.02816,0,0,2.71374,1.68558,1.028160,1,0,112.705,0,0,0,112.705,0
31.5379,2.4999,0,0,2.85873,0.21405,0.36288,3.6288,56.7461,0.506362,0,0,1.11396,0.208456,0,0.66528,12.849,1,0.84672,0.36288,0,61.0695,3.91568,56.67,0.84672,12.849,0.84672,3695.15,0,0.0036966,1.66097e-05,0.945683,1.81266,5.51775,1.24388,7.03219,0.42336,0.0018483,0.21168,0.0018483,0.21168,460.486,0,1.02816,0,0,1.97384,0.945683,1.028160,1,0,63.7022,0,0,0,63.7022,0
31.4168,2.5005,0,0,2.96147,0.219147,0.36288,3.6288,57.0198,0.506362,0,0,0.961822,0.181773,0,0.66528,12.849,1,0.84672,0.36288,0,56.1368,3.58155,52.0714,0.84672,12.849,0.84672,3695.15,0,0.0036966,1.64929e-05,0.512447,1.81277,6.6936,1.11495,7.90384,0.42336,0.0018483,0.21168,0.0018483,0.21168,460.486,0,1.02816,0,0,1.54061,0.512447,1.028160,1,0,59.9752,0,0,0,59.9752,0
31.1316,2.82869,0,0,3.12408,0.217725,0.36288,3.6288,57.5517,0.66528,0,0,1.38319,0.186002,0,0.66528,12.849,1,0.84672,0.36288,0,69.7849,3.57468,65.7264,0.84672,12.849,0.84672,3695.15,0,0.0036966,0.0018483,1.00582,1.81288,9.34203,1.07109,11.0878,0.42336,0.0018483,0.21168,0.0018483,0.21168,460.486,0,1.02816,0,0,2.03398,1.00582,1.028160,1,0,76.8142,0,0,0,76.8142,0
32.0643,2.84007,0,0,4.34988,0.214233,0.36288,3.6288,58.2486,0.66528,0,0,1.55859,0.196441,0,0.66528,12.849,1,0.84672,0.36288,0,108.849,3.5575,104.808,0.84672,12.849,0.84672,3695.15,0,0.0036966,0.0018483,1.94044,2.0128,13.1062,0.961416,16.0962,0.42336,0.0018483,0.21168,0.0018483,0.21168,460.486,0,1.02816,0,0,2.9686,1.94044,1.028160,1,0,120.904,0,0,0,120.904,0
33.273,2.84052,0,0,4.62886,0.216776,0.36288,3.6288,58.9284,0.66528,0,0,1.54237,0.197327,0,0.66528,12.849,1,0.84672,0.36288,0,95.4642,3.5575,91.4229,0.84672,12.849,0.84672,3695.15,0,0.0036966,0.0018483,1.95028,2.00665,9.0555,0.961416,12.0492,0.42336,0.0018483,0.21168,0.0018483,0.21168,460.486,0,1.02816,0,0,2.97844,1.95028,1.028160,1,0,103.472,0,0,0,103.472,0
34.0996,2.84098,0,0,4.25058,0.220072,0.36288,3.6288,59.5531,0.66528,0,0,1.48817,0.198192,0,0.66528,12.849,1,0.84672,0.36288,0,94.0948,3.5575,90.0534,0.84672,12.849,0.84672,3695.15,0,0.0036966,0.0018483,1.79982,2.00689,8.39013,0.961416,11.2336,0.42336,0.0018483,0.21168,0.0018483,0.21168,460.486,0,1.02816,0,0,2.82798,1.79982,1.028160,1,0,101.287,0,0,0,101.287,0
34.8735,2.37394,0,0,3.73437,0.223705,0.36288,3.6288,60.4863,0.434888,0,0,1.57248,0.20431,0,0.66528,12.849,1,0.84672,0.36288,0,81.7274,4.02378,77.2198,0.84672,12.849,0.84672,3695.15,0,0.0036966,1.34973e-05,1.96531,2.00714,9.04884,1.09498,11.9263,0.42336,0.0018483,0.21168,0.0018483,0.21168,460.486,0,1.02816,0,0,2.99347,1.96531,1.028160,1,0,89.1461,0,0,0,89.1461,0
36.979,2.30305,0,0,5.02902,0.257517,0.36288,3.6288,61.308,0.506356,0,0,1.85472,0.151352,0.37535,0.66528,12.849,1,0.84672,0.36288,0,97.5368,3.13278,93.9202,0.84672,12.849,0.84672,3695.15,0,0.0036966,1.54729e-05,2.53757,1.73394,12.9138,0.756879,16.4284,0.42336,0.0018483,0.21168,0.0018483,0.21168,460.486,0,1.02816,0,0,3.56573,2.53757,1.028160,1,0,110.724,0,0,0,110.724,0
40.9597,2.33798,0,0,6.94564,0.264105,0.36288,3.6288,61.308,0.506356,0,0,1.71745,0.152142,1.05895,0.66528,12.849,1,0.812371,0.36288,0,111.905,3.13278,108.323,0.84672,12.849,0.84672,3695.15,0,0.0036966,1.52655e-05,2.63748,1.77587,14.6683,0.756879,18.3248,0.42336,0.0018483,0.21168,0.0018483,0.21168,460.486,0,1.02816,0,0,3.66564,2.63748,1.028160,1,0,127.707,0,0,0,127.707,0
42.9941,2.39852,0,0,5.06679,0.271014,0.36288,3.6288,61.308,0.506356,0,0,1.68197,0.193789,0.98183,0.66528,12.849,1,0.752413,0.36288,0,86.8458,4.05836,82.3979,0.84672,12.849,0.84672,3695.15,0,0.0036966,1.52655e-05,2.69243,1.77598,13.9456,1.00917,17.4048,0.42336,0.0018483,0.21168,0.0018483,0.21168,460.486,0,1.02816,0,0,3.72059,2.69243,1.028160,1,0,100.785,0,0,0,100.785,0
46.1428,2.42638,0,0,6.21317,0.275193,0.36288,3.6288,61.308,0.506356,0,0,1.96112,0.210447,1.24431,0.66528,12.849,1,0.725135,0.36288,0,93.1418,4.42859,88.351,0.84672,12.849,0.84672,3695.15,0,0.0036966,1.52655e-05,2.74787,1.77608,13.9762,1.11009,17.39,0.42336,0.0018483,0.21168,0.0018483,0.21168,460.486,0,1.02816,0,0,3.77603,2.74787,1.028160,1,0,106.985,0,0,0,106.985,0
48.5446,2.55764,0,0,5.57304,0.250772,0.36288,3.6288,61.308,0.565233,0,0,1.2241,0.203445,0.45542,0.66528,12.849,1,0.712204,0.36288,0,92.2545,3.79151,88.1136,0.84672,12.849,0.84672,3695.15,0,0.0036966,1.70405e-05,3.01509,1.77619,10.8434,0.86941,14.7652,0.42336,0.0018483,0.21168,0.0018483,0.21168,460.486,0,1.02816,0,0,4.04325,3.01509,1.028160,1,0,103.334,0,0,0,103.334,0
52.2422,2.63252,0,0,6.94321,0.250216,0.36288,3.6288,61.308,0.506363,0,0,2.00714,0.189698,1.31108,0.66528,12.849,1,0.696788,0.36288,0,91.7585,3.66712,87.7575,0.84672,12.849,0.84672,3695.15,0,0.0036966,1.52657e-05,3.17754,1.84386,9.544,0.780137,13.7852,0.42336,0.0018483,0.21168,0.0018483,0.21168,460.486,0,1.02816,0,0,4.2057,3.17754,1.028160,1,0,102.854,0,0,0,102.854,0
54.9704,2.68168,0,0,6.03301,0.260179,0.36288,3.6288,61.308,0.495034,0,0,2.51117,0.189698,1.82644,0.66528,12.849,1,0.659561,0.36288,0,101.195,3.66712,97.2313,0.84672,12.849,0.84672,3695.15,0,0.0036966,1.49242e-05,4.62758,1.80952,13.8195,0.780137,19.4765,0.42336,0.0018483,0.21168,0.0018483,0.21168,460.486,0,1.02816,0,0,5.65574,4.62758,1.028160,1,0,118.534,0,0,0,118.534,0
56.3365,2.70855,0,0,4.70505,0.267512,0.36288,3.6288,61.308,0.49522,0,0,1.98838,0.189698,1.30346,0.66528,12.849,1,0.633106,0.36288,0,115.986,3.66712,112.049,0.84672,12.849,0.84672,3695.15,0,0.0036966,1.49298e-05,4.68857,1.803,9.48171,0.780137,15.1931,0.42336,0.0018483,0.21168,0.0018483,0.21168,460.486,0,1.02816,0,0,5.71673,4.68857,1.028160,1,0,128.545,0,0,0,128.545,0
56.9286,2.68387,0,0,3.85823,0.219396,0.36288,3.6288,61.308,0.472528,0,0,1.21717,0.181674,0.562966,0.66528,12.849,1,0.612127,0.36288,0,75.8385,3.40446,72.1848,0.84672,12.849,0.84672,3695.15,0,0.0036966,1.42457e-05,2.55083,1.80322,6.77756,0.862855,10.2687,0.42336,0.0018483,0.21168,0.0018483,0.21168,460.486,0,1.02816,0,0,3.57899,2.55083,1.028160,1,0,83.0165,0,0,0,83.0165,0
57.3395,2.6894,0,0,3.65815,0.194969,0.36288,3.6288,61.308,0.472712,0,0,1.04547,0.217132,0.355631,0.66528,12.849,1,0.607007,0.36288,0,65.8187,4.3406,61.2339,0.84672,12.849,0.84672,3695.15,0,0.0036966,1.42512e-05,1.87099,1.77713,6.12925,1.08341,8.69395,0.42336,0.0018483,0.21168,0.0018483,0.21168,460.486,0,1.02816,0,0,2.89915,1.87099,1.028160,1,0,70.2835,0,0,0,70.2835,0
57.3382,2.69328,0,0,3.25061,0.195759,0.36288,3.6288,61.308,0.472895,0,0,1.13392,0.217132,0.443895,0.66528,12.849,1,0.603528,0.36288,0,61.1342,4.3406,56.553,0.84672,12.849,0.84672,3695.15,0,0.0036966,1.42567e-05,2.06477,1.77735,6.28842,1.08341,9.04711,0.42336,0.0018483,0.21168,0.0018483,0.21168,460.486,0,1.02816,0,0,3.09293,2.06477,1.028160,1,0,66.044,0,0,0,66.044,0
57.481,2.6936,0,0,3.39506,0.195756,0.36288,3.6288,61.308,0.473079,0,0,0.971309,0.217132,0.281098,0.66528,12.849,1,0.603613,0.36288,0,60.6318,4.3406,56.0505,0.84672,12.849,0.84672,3695.15,0,0.0036966,1.42623e-05,1.53986,1.77756,7.37865,1.08341,9.61264,0.42336,0.0018483,0.21168,0.0018483,0.21168,460.486,0,1.02816,0,0,2.56802,1.53986,1.028160,1,0,65.9442,0,0,0,65.9442,0
57.4703,2.82301,0,0,3.33513,0.159966,0.36288,3.6288,61.308,0.554436,0,0,0.962427,0.227678,0.180314,0.66528,12.849,1,0.63104,0.36288,0,60.3758,5.38071,54.7269,0.84672,12.849,0.84672,3695.15,0,0.0036966,1.6715e-05,1.64253,1.77778,6.65146,1.09571,8.97605,0.42336,0.0018483,0.21168,0.0018483,0.21168,460.486,0,1.02816,0,0,2.67069,1.64253,1.028160,1,0,63.8833,0,0,0,63.8833,0
57.0487,2.82326,0,0,2.89635,0.131873,0.36288,3.6288,61.308,0.554629,0,0,0.893428,0.187101,0.151698,0.66528,12.849,1,0.631213,0.36288,0,49.9806,3.43402,46.2782,0.84672,12.849,0.84672,3695.15,0,0.0036966,1.67208e-05,1.32278,1.87003,5.73106,0.846731,8.07712,0.42336,0.0018483,0.21168,0.0018483,0.21168,460.486,0,1.02816,0,0,2.35094,1.32278,1.028160,1,0,54.507,0,0,0,54.507,0
56.4408,2.81979,0,0,2.70619,0.131328,0.36288,3.6288,61.308,0.554823,0,0,0.853364,0.187101,0.111441,0.66528,12.849,1,0.635098,0.36288,0,45.8011,3.43402,42.0948,0.84672,12.849,0.84672,3695.15,0,0.0036966,1.67267e-05,1.02052,1.87026,5.20136,0.846731,7.24539,0.42336,0.0018483,0.21168,0.0018483,0.21168,460.486,0,1.02816,0,0,2.04868,1.02052,1.028160,1,0,49.4517,0,0,0,49.4517,0
55.7401,2.81456,0,0,2.5612,0.084469,0.36288,3.6288,61.2933,0.555017,0,0,0.802388,0.262077,0,0.66528,12.849,1,0.640748,0.36288,0,43.2759,4.45268,38.5453,0.84672,12.849,0.84672,3695.15,0,0.0036966,1.67325e-05,0.779328,1.87049,4.50974,1.1195,6.04004,0.42336,0.0018483,0.21168,0.0018483,0.21168,460.486,0,1.02816,0,0,1.80749,0.779328,1.028160,1,0,44.5854,0,0,0,44.5854,0
54.8836,2.80836,0,0,2.38034,0.0655816,0.36288,3.6288,61.2059,0.55521,0,0,0.759888,0.29204,0,0.66528,12.849,1,0.647373,0.36288,0,39.967,4.86013,34.8224,0.84672,12.849,0.84672,3695.15,0,0.0036966,1.67424e-05,0.691969,1.87072,4.29775,1.22861,5.63181,0.42336,0.0018483,0.21168,0.0018483,0.21168,460.486,0,1.02816,0,0,1.72013,0.691969,1.028160,1,0,40.4542,0,0,0,40.4542,0
53.6608,2.77543,0,0,1.99995,0.0845113,0.36288,3.6288,60.9787,0.600045,0,0,0.632748,0.259901,0,0.66528,12.849,1,0.649767,0.36288,0,35.8231,5.33111,30.2051,0.84672,12.849,0.84672,3695.15,0,0.0036966,1.81202e-05,0.459354,1.87095,3.71332,1.16717,4.87643,0.42336,0.0018483,0.21168,0.0018483,0.21168,460.486,0,1.02816,0,0,1.48751,0.459354,1.028160,1,0,35.0815,0,0,0,35.0815,0
52.3217,2.76382,0,0,1.85269,0.0650594,0.36288,3.6288,60.6553,0.600244,0,0,0.566322,0.2895,0,0.66528,12.849,1,0.661794,0.36288,0,33.8914,5.44758,28.1449,0.84672,12.849,0.84672,3695.15,0,0.0036966,1.81937e-05,0.381741,1.89987,3.62141,1.2741,4.6289,0.42336,0.0018483,0.21168,0.0018483,0.21168,460.486,0,1.02816,0,0,1.4099,0.381741,1.028160,1,0,32.7738,0,0,0,32.7738,0
50.9086,2.75056,0,0,1.76099,0.0606181,0.36288,3.6288,60.31,0.600444,0,0,0.549875,0.294777,0,0.66528,12.849,1,0.675474,0.36288,0,31.1518,5.45391,25.3853,0.84672,12.849,0.84672,3695.15,0,0.0036966,1.82968e-05,0.333409,1.9001,3.50887,1.29363,4.44873,0.42336,0.0018483,0.21168,0.0018483,0.21168,460.486,0,1.02816,0,0,1.36157,0.333409,1.028160,1,0,29.834,0,0,0,29.834,0
49.39,2.73592,0,0,1.63991,0.059734,0.36288,3.6288,59.895,0.600643,0,0,0.479846,0.294131,0,0.66528,12.849,1,0.690529,0.36288,0,28.9543,5.45391,23.1727,0.84672,12.849,0.84672,3695.15,0,0.0036966,1.84077e-05,0.275227,1.90033,3.32384,1.29363,4.20576,0.42336,0.0018483,0.21168,0.0018483,0.21168,460.486,0,1.02816,0,0,1.30339,0.275227,1.028160,1,0,27.3785,0,0,0,27.3785,0
47.7489,2.78287,0,0,1.56228,0.0576441,0.36288,3.6288,59.3243,0.706913,0,0,0.434054,0.297827,0,0.66528,12.849,1,0.723975,0.36288,0,29.3346,5.58148,23.392,0.84672,12.849,0.84672,3695.15,0,0.0036966,2.18146e-05,0.261274,1.90056,3.11577,1.34628,3.93131,0.42336,0.0018483,0.21168,0.0018483,0.21168,460.486,0,0.961891,0,0,1.22316,0.261274,1.028160,1,0,27.3233,0,0,0,27.3233,0
45.9097,2.7636,0,0,1.34241,0.0551352,0.36288,3.6288,58.4983,0.824773,0,0,0.30139,0.302685,0,0.66528,12.849,1,0.743672,0.36288,0,25.406,5.75159,19.2736,0.84672,12.849,0.84672,3695.15,0,0.0036966,2.56965e-05,0.261274,1.94654,2.90297,1.41649,3.69427,0.42336,0.0018483,0.21168,0.0018483,0.21168,460.486,0,0.844232,0,0,1.10551,0.261274,1.028160,1,0,22.9679,0,0,0,22.9679,0
44.0083,2.74065,0,0,1.25619,0.0540256,0.36288,3.6288,57.6038,0.872409,0,0,0.278979,0.301084,0,0.66528,12.849,1,0.767043,0.36288,0,22.9353,5.75159,16.7796,0.84672,12.849,0.84672,3695.15,0,0.0036966,2.75645e-05,0.261274,1.94678,2.59087,1.41649,3.3824,0.42336,0.0018483,0.21168,0.0018483,0.21168,460.486,0,0.796798,0,0,1.05807,0.261274,1.028160,1,0,20.162,0,0,0,20.162,0
42.0304,2.71533,0,0,1.15323,0.0528786,0.36288,3.6288,56.6547,0.925635,0,0,0.275914,0.29935,0,0.66528,12.849,1,0.792789,0.36288,0,20.9657,5.75159,14.7842,0.84672,12.849,0.84672,3695.15,0,0.0036966,2.97003e-05,0.227405,1.94701,2.53397,1.41649,3.29186,0.42336,0.0018483,0.21168,0.0018483,0.21168,460.486,0,0.743774,0,0,0.971179,0.227405,1.028160,1,0,18.076,0,0,0,18.076,0
40.2673,2.7455,0,0,1.38551,0.040312,0.36288,3.6288,56.0424,0.66528,0,0,0.33598,0.28298,0,0.66528,12.849,1,0.839319,0.36288,0,21.9557,5.9598,15.5195,0.84672,12.849,0.84672,3695.15,0,0.0036966,0.0018483,0.287928,1.94725,3.78361,1.4753,4.54164,0.42336,0.0018483,0.21168,0.0018483,0.21168,460.486,0,1.02816,0,0,1.31609,0.287928,1.028160,1,0,20.0611,0,0,0,20.0611,0
38.548,2.73853,0,0,1.42489,0.0427279,0.36288,3.6288,55.0995,0.929949,0,0,0.289799,0.302771,0,0.66528,12.849,1,0.84672,0.36288,0,23.855,5.69163,17.6796,0.84672,12.849,0.84672,3695.15,0,0.0036966,0.0018483,0.227405,2.01368,2.70785,1.51612,3.43096,0.42336,0.0018483,0.21168,0.0018483,0.21168,460.486,0,0.763491,0,0,0.990896,0.227405,1.028160,1,0,21.1105,0,0,0,21.1105,0
36.9216,2.73897,0,0,1.5173,0.0418803,0.36288,3.6288,54.4555,0.699546,0,0,0.356465,0.300904,0,0.66528,12.849,1,0.84672,0.36288,0,30.3563,5.69163,24.1808,0.84672,12.849,0.84672,3695.15,0,0.0036966,0.0018483,0.227405,2.01393,3.02454,1.51612,3.74791,0.42336,0.0018483,0.21168,0.0018483,0.21168,460.486,0,0.993894,0,0,1.2213,0.227405,1.028160,1,0,27.9287,0,0,0,27.9287,0
35.0265,2.7394,0,0,1.24826,0.0410881,0.36288,3.6288,53.3523,1.06318,0,0,0.259609,0.299629,0,0.66528,12.849,1,0.84672,0.36288,0,27.8111,5.69163,21.6357,0.84672,12.849,0.84672,3695.15,0,0.0036966,0.0018483,0.204422,2.01418,2.47723,1.51612,3.17786,0.42336,0.0018483,0.21168,0.0018483,0.21168,460.486,0,0.630262,0,0,0.834684,0.204422,1.028160,1,0,24.8135,0,0,0,24.8135,0
33.4392,2.73983,0,0,1.55556,0.040165,0.36288,3.6288,52.8395,0.66528,0,0,0.449722,0.297258,0,0.66528,12.849,1,0.84672,0.36288,0,27.1091,5.69163,20.9337,0.84672,12.849,0.84672,3695.15,0,0.0036966,0.0018483,0.62132,2.01442,3.86366,1.51612,4.98143,0.42336,0.0018483,0.21168,0.0018483,0.21168,460.486,0,1.02816,0,0,1.64948,0.62132,1.028160,1,0,25.9151,0,0,0,25.9151,0
32.5525,2.63082,0,0,2.16871,0.061703,0.36288,3.6288,52.3586,0.626082,0,0,0.415571,0.270366,0,0.66528,12.849,1,0.84672,0.36288,0,44.1111,4.74482,38.8824,0.84672,12.849,0.84672,3695.15,0,0.0036966,2.19001e-05,0.824835,2.01467,4.9349,1.20195,6.57243,0.42336,0.0018483,0.21168,0.0018483,0.21168,460.486,0,1.02816,0,0,1.85299,0.824835,1.028160,1,0,45.4549,0,0,0,45.4549,0
31.97,2.63124,0,0,2.47912,0.067474,0.36288,3.6288,52.129,0.626285,0,0,0.673969,0.277271,0,0.66528,12.849,1,0.84672,0.36288,0,47.1318,4.88366,41.7643,0.84672,12.849,0.84672,3695.15,0,0.0036966,2.21083e-05,2.48568,1.9298,6.29801,1.27776,9.43571,0.42336,0.0018483,0.21168,0.0018483,0.21168,460.486,0,1.02816,0,0,3.51384,2.48568,1.028160,1,0,51.2,0,0,0,51.2,0
31.0807,2.63167,0,0,2.17223,0.0669826,0.36288,3.6288,51.6424,0.626487,0,0,0.416585,0.276759,0,0.66528,12.849,1,0.84672,0.36288,0,47.8535,4.88366,42.486,0.84672,12.849,0.84672,3695.15,0,0.0036966,2.22129e-05,1.51458,1.93004,4.96504,1.27776,7.13189,0.42336,0.0018483,0.21168,0.0018483,0.21168,460.486,0,1.02816,0,0,2.54274,1.51458,1.028160,1,0,49.6179,0,0,0,49.6179,0
29.7865,2.63209,0,0,1.76704,0.0662325,0.36288,3.6288,51.0829,0.626689,0,0,0.34288,0.275674,0,0.66528,12.849,1,0.84672,0.36288,0,43.9435,4.88366,38.576,0.84672,12.849,0.84672,3695.15,0,0.0036966,2.24294e-05,0.957217,1.93028,4.48615,1.27776,6.09586,0.42336,0.0018483,0.21168,0.0018483,0.21168,460.486,0,1.02816,0,0,1.98538,0.957217,1.028160,1,0,44.6718,0,0,0,44.6718,0
30.1004,2.69206,0,0,3.48223,0.113371,0.36288,3.6288,50.924,0.620353,0,0,0.67932,0.217886,0,0.66528,12.849,1,0.84672,0.36288,0,67.2606,4.33202,62.4447,0.84672,12.849,0.84672,3695.15,0,0.0036966,2.24458e-05,1.58446,1.93051,7.58657,1.08458,10.0169,0.42336,0.0018483,0.21168,0.0018483,0.21168,460.486,0,1.02816,0,0,2.61262,1.58446,1.028160,1,0,72.4617,0,0,0,72.4617,0
33.4923,2.69249,0,0,6.59311,0.145874,0.36288,3.6288,51.8927,0.620554,0,0,1.76454,0.175211,0,0.66528,12.849,1,0.84672,0.36288,0,124.237,4.40633,119.347,0.84672,12.849,0.84672,3695.15,0,0.0036966,2.25232e-05,3.34689,1.93686,13.1895,1.05591,17.4173,0.42336,0.0018483,0.21168,0.0018483,0.21168,460.486,0,1.02816,0,0,4.37505,3.34689,1.028160,1,0,136.764,0,0,0,136.764,0
33.9932,2.69294,0,0,3.70907,0.152326,0.36288,3.6288,52.0571,0.620756,0,0,0.961727,0.176592,0,0.66528,12.849,1,0.84672,0.36288,0,68.7584,4.40633,63.8683,0.84672,12.849,0.84672,3695.15,0,0.0036966,2.21099e-05,1.38186,1.93709,5.37331,1.05591,7.63632,0.42336,0.0018483,0.21168,0.0018483,0.21168,460.486,0,1.02816,0,0,2.41002,1.38186,1.028160,1,0,71.5046,0,0,0,71.5046,0
34.9125,2.69337,0,0,4.1288,0.153269,0.36288,3.6288,52.3539,0.620958,0,0,1.09461,0.176826,0,0.66528,12.849,1,0.84672,0.36288,0,69.1869,4.40633,64.2967,0.84672,12.849,0.84672,3695.15,0,0.0036966,2.20472e-05,1.90883,1.93733,5.90248,1.05591,8.6927,0.42336,0.0018483,0.21168,0.0018483,0.21168,460.486,0,1.02816,0,0,2.93699,1.90883,1.028160,1,0,72.9894,0,0,0,72.9894,0
37.2275,2.42717,0,0,5.25525,0.150206,0.36288,3.6288,52.9699,0.455495,0,0,1.32918,0.257694,0,0.66528,12.849,1,0.84672,0.36288,0,86.1693,4.35362,81.3319,0.84672,12.849,0.84672,3695.15,0,0.0036966,1.60807e-05,2.36612,1.93757,7.79294,1.18829,10.9083,0.42336,0.0018483,0.21168,0.0018483,0.21168,460.486,0,1.02816,0,0,3.39428,2.36612,1.028160,1,0,92.2402,0,0,0,92.2402,0
45.5672,2.39648,0,0,11.2833,0.184301,0.36288,3.6288,56.302,0.506356,0,0,4.05321,0.214808,0,0.66528,12.849,1,0.82714,0.36288,0,248.175,4.65735,243.054,0.84672,12.849,0.84672,3695.15,0,0.0036966,1.76685e-05,5.26684,1.75984,16.6157,1.1879,22.4544,0.42336,0.0018483,0.21168,0.0018483,0.21168,460.486,0,1.02816,0,0,6.295,5.26684,1.028160,1,0,265.508,0,0,0,265.508,0
54.1549,2.51503,0,0,11.6647,0.199044,0.36288,3.6288,59.8123,0.506357,0,0,4.22477,0.208139,0,0.66528,12.849,1,0.709187,0.36288,0,173.695,4.35613,168.993,0.84672,12.849,0.84672,3695.15,0,0.0036966,1.66228e-05,5.5239,1.78971,17.6851,1.12226,23.8765,0.42336,0.0018483,0.21168,0.0018483,0.21168,460.486,0,1.02816,0,0,6.55206,5.5239,1.028160,1,0,192.869,0,0,0,192.869,0
64.8696,2.64708,0,0,13.9427,0.218103,0.36288,3.6288,61.308,0.456041,0,0,5.59529,0.212909,3.43059,0.66528,12.849,1,0.628055,0.36288,0,182.693,4.35613,178.071,0.84672,12.849,0.84672,3695.15,0,0.0036966,1.40924e-05,7.70964,1.78982,21.1017,1.12226,29.4789,0.42336,0.0018483,0.21168,0.0018483,0.21168,460.486,0,1.02816,0,0,8.7378,7.70964,1.028160,1,0,210.981,0,0,0,210.981,0
72.29,2.73401,0,0,14.14,0.240519,3.745,3.6288,61.308,0.456222,0,0,6.92967,0.214941,6.25851,0.66528,12.849,1,0.541537,3.745,0,222.172,4.35613,221.02,0.84672,12.849,0.84672,3695.15,0,0.0036966,1.37541e-05,8.90974,1.76048,25.0772,1.12226,34.6251,0.42336,0.0018483,0.21168,0.0018483,0.21168,460.486,0,1.02816,0,0,9.9379,8.90974,1.028160,1,0,261.903,0,0,0,261.903,0
72.29,2.78121,0,0,7.20164,0.258364,4.16206,3.6288,61.308,0.456222,0,0,3.30637,0.213484,2.63667,0.66528,12.849,1,0.494339,4.16206,0,168.403,4.03076,168.04,0.84672,12.849,0.84672,3695.15,0,0.0036966,1.37541e-05,4.02027,1.7607,14.3259,1.0129,19.0939,0.42336,0.0018483,0.21168,0.0018483,0.21168,460.486,0,1.02816,0,0,5.04843,4.02027,1.028160,1,0,189.771,0,0,0,189.771,0
72.29,2.86868,0,0,3.67714,0.254176,0.554289,3.6288,61.308,0.504397,0,0,1.79468,0.231704,1.05858,0.66528,12.849,1,0.509885,0.554289,0,96.3878,4.44936,91.9829,0.84672,12.849,0.84672,3695.15,0,0.0036966,1.52064e-05,2.02144,1.7607,7.35972,1.08429,10.0575,0.42336,0.0018483,0.21168,0.0018483,0.21168,460.486,0,1.02816,0,0,3.0496,2.02144,1.028160,1,0,103.099,0,0,0,103.099,0
71.9956,2.869,0,0,3.18657,0.249069,0.36288,3.6288,61.308,0.50457,0,0,1.92202,0.246188,1.17126,0.66528,12.849,1,0.509943,0.36288,0,119.859,4.94634,114.766,0.84672,12.849,0.84672,3695.15,0,0.0036966,1.52117e-05,3.13433,1.81722,7.68813,1.19935,11.4403,0.42336,0.0018483,0.21168,0.0018483,0.21168,460.486,0,1.02816,0,0,4.16249,3.13433,1.028160,1,0,127.377,0,0,0,127.377,0
71.9893,2.86755,0,0,3.47266,0.248513,0.36288,3.6288,61.308,0.504743,0,0,0.96241,0.246188,0.211478,0.66528,12.849,1,0.51177,0.36288,0,76.7448,4.94634,71.6496,0.84672,12.849,0.84672,3695.15,0,0.0036966,1.52169e-05,1.61933,1.81743,4.18879,1.19935,6.42619,0.42336,0.0018483,0.21168,0.0018483,0.21168,460.486,0,1.02816,0,0,2.64749,1.61933,1.028160,1,0,78.2872,0,0,0,78.2872,0
72.29,2.86784,0,0,4.83651,0.250791,1.41721,3.6288,61.308,0.504916,0,0,1.19947,0.233704,0.460845,0.66528,12.849,1,0.511866,1.41721,0,101.015,4.77176,97.149,0.84672,12.849,0.84672,3695.15,0,0.0036966,1.52221e-05,1.67202,1.81763,6.38576,1.14766,8.72773,0.42336,0.0018483,0.21168,0.0018483,0.21168,460.486,0,1.02816,0,0,2.70018,1.67202,1.028160,1,0,106.338,0,0,0,106.338,0
71.5717,3.1499,0,0,3.05966,0.265133,0.36288,3.6288,61.308,0.66528,0,0,1.19483,0.1588,0.370746,0.66528,12.849,1,0.559871,0.36288,0,90.6094,3.72425,86.6882,0.84672,12.849,0.84672,3695.15,0,0.0036966,0.0018483,1.04799,1.81784,5.16003,0.837547,7.18646,0.42336,0.0018483,0.21168,0.0018483,0.21168,460.486,0,1.02816,0,0,2.07615,1.04799,1.028160,1,0,94.2454,0,0,0,94.2454,0
72.29,3.14549,0,0,4.60106,0.263688,0.473619,3.6288,61.308,0.66528,0,0,1.27736,0.1588,0.453284,0.66528,12.849,1,0.564698,0.473619,0,95.9869,3.72425,92.1716,0.84672,12.849,0.84672,3695.15,0,0.0036966,0.0018483,1.41006,2.01911,5.80027,0.837547,8.39005,0.42336,0.0018483,0.21168,0.0018483,0.21168,460.486,0,1.02816,0,0,2.43822,1.41006,1.028160,1,0,101.015,0,0,0,101.015,0
72.29,3.15061,0,0,4.83235,0.241399,1.44034,3.6288,61.308,0.66528,0,0,1.60959,0.200377,0.743931,0.66528,12.849,1,0.559998,1.44034,0,158.794,3.46291,156.211,0.84672,12.849,0.84672,3695.15,0,0.0036966,0.0018483,1.88782,2.01934,7.40215,0.902849,10.4046,0.42336,0.0018483,0.21168,0.0018483,0.21168,460.486,0,1.02816,0,0,2.91598,1.88782,1.028160,1,0,167.36,0,0,0,167.36,0
72.29,3.15097,0,0,3.92192,0.271305,0.499644,3.6288,61.308,0.66528,0,0,1.34483,0.206447,0.473107,0.66528,12.849,1,0.560061,0.499644,0,104.742,3.3051,101.376,0.84672,12.849,0.84672,3695.15,0,0.0036966,0.0018483,1.43749,2.01957,6.73478,0.968228,9.22176,0.42336,0.0018483,0.21168,0.0018483,0.21168,460.486,0,1.02816,0,0,2.46565,1.43749,1.028160,1,0,111.071,0,0,0,111.071,0
72.29,2.75188,0,0,5.23956,0.290282,2.19741,3.6288,61.308,0.444099,0,0,1.54226,0.169105,0.929053,0.66528,12.849,1,0.489125,2.19741,0,92.6675,3.29448,91.0813,0.84672,12.849,0.84672,3695.15,0,0.0036966,1.33886e-05,2.54747,2.0198,7.26539,0.814453,11.0182,0.42336,0.0018483,0.21168,0.0018483,0.21168,460.486,0,1.02816,0,0,3.57563,2.54747,1.028160,1,0,103.029,0,0,0,103.029,0
72.29,2.75219,0,0,4.13694,0.290282,1.09448,3.6288,61.308,0.444266,0,0,0.857364,0.169105,0.243994,0.66528,12.849,1,0.48918,1.09448,0,77.1051,3.29448,74.4159,0.84672,12.849,0.84672,3695.15,0,0.0036966,1.33936e-05,1.3308,1.74485,4.40287,0.814453,6.66407,0.42336,0.0018483,0.21168,0.0018483,0.21168,460.486,0,1.02816,0,0,2.35896,1.3308,1.028160,1,0,81.324,0,0,0,81.324,0
72.29,2.7525,0,0,3.6224,0.290282,0.579617,3.6288,61.308,0.444432,0,0,0.954806,0.169105,0.34127,0.66528,12.849,1,0.489236,0.579617,0,70.9137,3.29448,67.7096,0.84672,12.849,0.84672,3695.15,0,0.0036966,1.33986e-05,1.23142,1.74505,3.90181,0.814453,6.06382,0.42336,0.0018483,0.21168,0.0018483,0.21168,460.486,0,1.02816,0,0,2.25958,1.23142,1.028160,1,0,74.1147,0,0,0,74.1147,0
72.29,2.75281,0,0,6.58665,0.288917,3.54493,3.6288,61.308,0.444598,0,0,1.43554,0.15765,0.833296,0.66528,12.849,1,0.489291,3.54493,0,151.295,3.11517,151.236,0.84672,12.849,0.84672,3695.15,0,0.0036966,1.34037e-05,3.12371,1.74525,7.32825,0.783743,11.4134,0.42336,0.0018483,0.21168,0.0018483,0.21168,460.486,0,1.02816,0,0,4.15187,3.12371,1.028160,1,0,163.482,0,0,0,163.482,0
72.29,2.75312,0,0,7.43732,0.267538,4.41666,3.6288,61.308,0.444765,0,0,1.91378,0.150734,1.31828,0.66528,12.849,1,0.489346,4.41666,0,189.301,3.20375,190.024,0.84672,12.849,0.84672,3695.15,0,0.0036966,1.34087e-05,3.83041,1.74545,9.51849,0.915188,14.1791,0.42336,0.0018483,0.21168,0.0018483,0.21168,460.486,0,1.02816,0,0,4.85857,3.83041,1.028160,1,0,205.522,0,0,0,205.522,0
72.29,2.85404,0,0,5.59886,0.260353,2.48447,3.6288,61.308,0.504176,0,0,1.62682,0.159421,0.96322,0.66528,12.849,1,0.507283,2.48447,0,160.268,3.41848,158.826,0.84672,12.849,0.84672,3695.15,0,0.0036966,1.51998e-05,2.62816,1.74564,6.81336,0.998476,10.1887,0.42336,0.0018483,0.21168,0.0018483,0.21168,460.486,0,1.02816,0,0,3.65632,2.62816,1.028160,1,0,169.978,0,0,0,169.978,0
72.29,2.85436,0,0,5.60731,0.260353,2.4926,3.6288,61.308,0.504349,0,0,1.6127,0.159421,0.948929,0.66528,12.849,1,0.50734,2.4926,0,111.011,3.41848,109.578,0.84672,12.849,0.84672,3695.15,0,0.0036966,1.5205e-05,2.68505,1.81382,7.34167,0.998476,10.842,0.42336,0.0018483,0.21168,0.0018483,0.21168,460.486,0,1.02816,0,0,3.71321,2.68505,1.028160,1,0,121.369,0,0,0,121.369,0
72.29,2.85468,0,0,5.28549,0.268274,2.16253,3.6288,61.308,0.504523,0,0,1.74871,0.19974,1.04445,0.66528,12.849,1,0.507398,2.16253,0,107.428,4.27146,104.812,0.84672,12.849,0.84672,3695.15,0,0.0036966,1.52102e-05,2.9637,1.81402,8.10173,1.07166,11.8078,0.42336,0.0018483,0.21168,0.0018483,0.21168,460.486,0,1.02816,0,0,3.99186,2.9637,1.028160,1,0,117.664,0,0,0,117.664,0
72.29,2.855,0,0,4.65374,0.211352,1.58738,3.6288,61.308,0.504696,0,0,1.40645,0.211672,0.690086,0.66528,12.849,1,0.507455,1.58738,0,93.7457,4.07516,90.7505,0.84672,12.849,0.84672,3695.15,0,0.0036966,1.52155e-05,2.23419,1.81423,5.71313,1.04486,8.71668,0.42336,0.0018483,0.21168,0.0018483,0.21168,460.486,0,1.02816,0,0,3.26235,2.23419,1.028160,1,0,100.157,0,0,0,100.157,0
72.29,2.81597,0,0,3.69447,0.182549,0.695952,3.6288,61.308,0.481848,0,0,1.11809,0.221925,0.41432,0.66528,12.849,1,0.500518,0.695952,0,67.4577,4.20158,63.4515,0.84672,12.849,0.84672,3695.15,0,0.0036966,1.45267e-05,1.49527,1.81443,4.05748,1.06711,6.30007,0.42336,0.0018483,0.21168,0.0018483,0.21168,460.486,0,1.02816,0,0,2.52343,1.49527,1.028160,1,0,70.1659,0,0,0,70.1659,0
71.862,2.81629,0,0,2.93371,0.182549,0.36288,3.6288,61.308,0.482019,0,0,0.910077,0.221925,0.206133,0.66528,12.849,1,0.500574,0.36288,0,56.7941,4.20158,52.4548,0.84672,12.849,0.84672,3695.15,0,0.0036966,1.45318e-05,1.09694,1.78817,3.35707,1.06711,5.17506,0.42336,0.0018483,0.21168,0.0018483,0.21168,460.486,0,1.02816,0,0,2.1251,1.09694,1.028160,1,0,57.836,0,0,0,57.836,0
71.0993,2.81408,0,0,2.59626,0.181956,0.36288,3.6288,61.308,0.48219,0,0,0.805637,0.221925,0.101522,0.66528,12.849,1,0.50316,0.36288,0,53.5162,4.20158,49.1743,0.84672,12.849,0.84672,3695.15,0,0.0036966,1.45369e-05,0.665859,1.78837,3.19726,1.06711,4.58436,0.42336,0.0018483,0.21168,0.0018483,0.21168,460.486,0,1.02816,0,0,1.69402,0.665859,1.028160,1,0,53.8602,0,0,0,53.8602,0
70.8069,2.80982,0,0,3.06119,0.1809,0.36288,3.6288,61.308,0.48236,0,0,0.912419,0.221925,0.208133,0.66528,12.849,1,0.507789,0.36288,0,60.4858,4.20158,56.1393,0.84672,12.849,0.84672,3695.15,0,0.0036966,1.45421e-05,0.728836,1.78857,3.75308,1.06711,5.20336,0.42336,0.0018483,0.21168,0.0018483,0.21168,460.486,0,1.02816,0,0,1.757,0.728836,1.028160,1,0,61.5508,0,0,0,61.5508,0
69.7293,2.94159,0,0,2.37646,0.14959,0.36288,3.6288,61.3003,0.564205,0,0,0.788996,0.232498,0,0.66528,12.849,1,0.533796,0.36288,0,49.3671,5.0063,44.1898,0.84672,12.849,0.84672,3695.15,0,0.0036966,1.70095e-05,0.537348,1.78877,2.73105,1.17163,3.88552,0.42336,0.0018483,0.21168,0.0018483,0.21168,460.486,0,1.02816,0,0,1.56551,0.537348,1.028160,1,0,48.0754,0,0,0,48.0754,0
68.5389,2.93495,0,0,2.25579,0.148353,0.36288,3.6288,61.1889,0.598944,0,0,0.720084,0.232487,0,0.66528,12.849,1,0.540823,0.36288,0,44.7371,5.0063,39.5529,0.84672,12.849,0.84672,3695.15,0,0.0036966,1.80591e-05,0.402797,1.88158,2.56338,1.17163,3.6761,0.42336,0.0018483,0.21168,0.0018483,0.21168,460.486,0,0.9936,0,0,1.3964,0.402797,1.028160,1,0,43.229,0,0,0,43.229,0
67.1816,2.92737,0,0,2.04492,0.11202,0.36288,3.6288,61.0559,0.564565,0,0,0.687416,0.255914,0,0.66528,12.849,1,0.548794,0.36288,0,39.4463,5.27404,33.9863,0.84672,12.849,0.84672,3695.15,0,0.0036966,1.70535e-05,0.322609,1.88179,2.49678,1.24004,3.46112,0.42336,0.0018483,0.21168,0.0018483,0.21168,460.486,0,1.02816,0,0,1.35077,0.322609,1.028160,1,0,37.4474,0,0,0,37.4474,0
65.7357,2.91839,0,0,1.93241,0.0969943,0.36288,3.6288,60.8126,0.634795,0,0,0.656675,0.265127,0,0.66528,12.849,1,0.558165,0.36288,0,38.1783,5.38115,32.6018,0.84672,12.849,0.84672,3695.15,0,0.0036966,1.92167e-05,0.30119,1.882,2.48984,1.26741,3.40561,0.42336,0.0018483,0.21168,0.0018483,0.21168,460.486,0,0.958107,0,0,1.2593,0.30119,1.028160,1,0,36.0074,0,0,0,36.0074,0
64.2067,2.90845,0,0,1.83869,0.0963764,0.36288,3.6288,60.1458,0.87592,0,0,0.448667,0.239605,0,0.66528,12.849,1,0.568499,0.36288,0,33.796,5.07214,28.5182,0.84672,12.849,0.84672,3695.15,0,0.0036966,2.66222e-05,0.30119,1.88221,1.96823,1.19913,2.95247,0.42336,0.0018483,0.21168,0.0018483,0.21168,460.486,0,0.717155,0,0,1.01834,0.30119,1.028160,1,0,31.4707,0,0,0,31.4707,0
62.5595,2.87154,0,0,1.68266,0.095393,0.36288,3.6288,59.3088,0.976637,0,0,0.368201,0.228589,0,0.66528,12.849,1,0.574651,0.36288,0,31.2642,4.94855,26.1039,0.84672,12.849,0.84672,3695.15,0,0.0036966,3.00124e-05,0.30119,1.88243,1.67806,1.17182,2.68982,0.42336,0.0018483,0.21168,0.0018483,0.21168,460.486,0,0.66153,0,0,0.962721,0.30119,1.028160,1,0,28.7937,0,0,0,28.7937,0
60.7597,2.85931,0,0,1.51649,0.0941229,0.36288,3.6288,58.3648,1.0595,0,0,0.342878,0.22737,0,0.66528,12.849,1,0.587269,0.36288,0,28.9773,4.94855,23.8043,0.84672,12.849,0.84672,3695.15,0,0.0036966,3.30182e-05,0.261274,1.9115,1.59774,1.17182,2.59867,0.42336,0.0018483,0.21168,0.0018483,0.21168,460.486,0,0.578854,0,0,0.840128,0.261274,1.028160,1,0,26.403,0,0,0,26.403,0
58.9307,2.84527,0,0,1.45015,0.0710167,0.36288,3.6288,57.3388,1.07029,0,0,0.324155,0.279821,0,0.66528,12.849,1,0.601696,0.36288,0,26.1247,5.65429,20.2316,0.84672,12.849,0.84672,3695.15,0,0.0036966,3.3894e-05,0.261274,1.91172,1.51801,1.42943,2.26154,0.42336,0.0018483,0.21168,0.0018483,0.21168,460.486,0,0.568244,0,0,0.829518,0.261274,1.028160,1,0,22.4931,0,0,0,22.4931,0
56.9611,2.83026,0,0,1.28932,0.0657446,0.36288,3.6288,56.2189,1.12249,0,0,0.300483,0.297863,0,0.66528,12.849,1,0.617098,0.36288,0,23.7355,5.81728,17.664,0.84672,12.849,0.84672,3695.15,0,0.0036966,3.61833e-05,0.261274,1.91194,1.39983,1.52526,2.04774,0.42336,0.0018483,0.21168,0.0018483,0.21168,460.486,0,0.516223,0,0,0.777496,0.261274,1.028160,1,0,19.7118,0,0,0,19.7118,0
54.857,2.87882,0,0,1.213,0.0754436,0.36288,3.6288,54.98,1.23481,0,0,0.287816,0.291986,0,0.66528,12.849,1,0.649389,0.36288,0,22.3343,5.51901,16.5288,0.84672,12.849,0.84672,3695.15,0,0.0036966,4.05965e-05,0.261274,1.91215,1.18391,1.50721,1.85009,0.42336,0.0018483,0.21168,0.0018483,0.21168,460.486,0,0.444139,0,0,0.705413,0.261274,1.028160,1,0,18.3789,0,0,0,18.3789,0
52.6709,2.85896,0,0,1.10964,0.07388,0.36288,3.6288,53.7126,1.24826,0,0,0.270511,0.289623,0,0.66528,12.849,1,0.669645,0.36288,0,20.9991,5.51901,15.1733,0.84672,12.849,0.84672,3695.15,0,0.0036966,4.19635e-05,0.261274,1.95839,1.20507,1.50721,1.91748,0.42336,0.0018483,0.21168,0.0018483,0.21168,460.486,0,0.430877,0,0,0.69215,0.261274,1.028160,1,0,17.0908,0,0,0,17.0908,0
50.4036,2.83693,0,0,1.00474,0.0722556,0.36288,3.6288,52.3988,1.28512,0,0,0.258459,0.287162,0,0.66528,12.849,1,0.692066,0.36288,0,19.7772,5.51901,13.929,0.84672,12.849,0.84672,3695.15,0,0.0036966,4.42223e-05,0.227405,1.95861,1.12045,1.50721,1.79921,0.42336,0.0018483,0.21168,0.0018483,0.21168,460.486,0,0.394198,0,0,0.621603,0.227405,1.028160,1,0,15.7282,0,0,0,15.7282,0
48.0485,2.81244,0,0,0.878653,0.058466,0.36288,3.6288,51.0687,1.29525,0,0,0.256626,0.291479,0,0.66528,12.849,1,0.716953,0.36288,0,18.8323,5.74334,12.7349,0.84672,12.849,0.84672,3695.15,0,0.0036966,4.56882e-05,0.227405,1.95883,1.13244,1.55203,1.7666,0.42336,0.0018483,0.21168,0.0018483,0.21168,460.486,0,0.384262,0,0,0.611667,0.227405,1.028160,1,0,14.5014,0,0,0,14.5014,0
45.4537,2.84557,0,0,0.689446,0.0757866,0.36288,3.6288,49.6734,1.33641,0,0,0.230208,0.289104,0,0.66528,12.849,1,0.760955,0.36288,0,15.3449,5.57952,9.3673,0.84672,12.849,0.84672,3695.15,0,0.0036966,0.0018483,0.227405,1.95905,0.975689,1.48727,1.67303,0.42336,0.0018483,0.21168,0.0018483,0.21168,460.486,0,0.357028,0,0,0.584433,0.227405,1.028160,1,0,11.0403,0,0,0,11.0403,0
42.8053,2.81201,0,0,0.602102,0.075544,0.36288,3.6288,48.2206,1.36828,0,0,0.203412,0.287898,0,0.66528,12.849,1,0.79491,0.36288,0,13.5256,5.5692,7.52434,0.84672,12.849,0.84672,3695.15,0,0.0036966,0.0018483,0.227405,2.02587,0.932679,1.50118,1.68292,0.42336,0.0018483,0.21168,0.0018483,0.21168,460.486,0,0.325157,0,0,0.552562,0.227405,1.028160,1,0,9.20727,0,0,0,9.20727,0
40.2357,2.7745,0,0,0.641083,0.0732984,0.36288,3.6288,46.784,1.35383,0,0,0.201748,0.28446,0,0.66528,12.849,1,0.832829,0.36288,0,12.6349,5.5692,6.59573,0.84672,12.849,0.84672,3695.15,0,0.0036966,0.0018483,0.204422,2.0261,0.982999,1.50118,1.71049,0.42336,0.0018483,0.21168,0.0018483,0.21168,460.486,0,0.339606,0,0,0.544028,0.204422,1.028160,1,0,8.30622,0,0,0,8.30622,0
37.9955,2.76101,0,0,0.962228,0.0785954,0.36288,3.6288,45.4988,1.24633,0,0,0.240224,0.279132,0,0.66528,12.849,1,0.84672,0.36288,0,18.6574,5.50983,12.6637,0.84672,12.849,0.84672,3695.15,0,0.0036966,0.0018483,0.204422,2.02633,1.04464,1.4939,1.77964,0.42336,0.0018483,0.21168,0.0018483,0.21168,460.486,0,0.447109,0,0,0.651531,0.204422,1.028160,1,0,14.4434,0,0,0,14.4434,0
35.7253,2.76141,0,0,0.95834,0.104214,0.36288,3.6288,44.2556,1.24545,0,0,0.262782,0.260522,0,0.66528,12.849,1,0.84672,0.36288,0,24.0484,5.18332,18.3812,0.84672,12.849,0.84672,3695.15,0,0.0036966,0.0018483,0.204422,2.02655,1.07374,1.39393,1.90894,0.42336,0.0018483,0.21168,0.0018483,0.21168,460.486,0,0.447989,0,0,0.652412,0.204422,1.028160,1,0,20.2902,0,0,0,20.2902,0
33.4209,2.65171,0,0,0.818536,0.108334,0.36288,3.6288,43.0485,1.21624,0,0,0.258809,0.249684,0,0.66528,12.849,1,0.84672,0.36288,0,22.9482,5.04976,17.4146,0.84672,12.849,0.84672,3695.15,0,0.0036966,5.07954e-05,0.204422,2.02678,0.988157,1.33262,1.8867,0.42336,0.0018483,0.21168,0.0018483,0.21168,460.486,0,0.447902,0,0,0.652324,0.204422,1.028160,1,0,19.3013,0,0,0,19.3013,0
30.9811,2.65209,0,0,0.680504,0.105332,0.36288,3.6288,42.436,0.731162,0,0,0.365541,0.246845,0,0.66528,12.849,1,0.84672,0.36288,0,21.1983,5.04976,15.6647,0.84672,12.849,0.84672,3695.15,0,0.0036966,3.13927e-05,0.216518,1.94139,1.12039,1.33262,1.94565,0.42336,0.0018483,0.21168,0.0018483,0.21168,460.486,0,0.933189,0,0,1.14971,0.216518,1.028160,1,0,17.6104,0,0,0,17.6104,0
28.4407,2.65247,0,0,0.577018,0.102149,0.36288,3.6288,41.1157,1.27338,0,0,0.198458,0.245405,0,0.66528,12.849,1,0.84672,0.36288,0,21.1686,5.04976,15.635,0.84672,12.849,0.84672,3695.15,0,0.0036966,5.54622e-05,0.216518,1.94161,0.828706,1.33262,1.65416,0.42336,0.0018483,0.21168,0.0018483,0.21168,460.486,0,0.391131,0,0,0.607649,0.216518,1.028160,1,0,17.2892,0,0,0,17.2892,0
25.9866,2.65286,0,0,0.683074,0.121414,0.36288,3.6288,40.0339,1.14473,0,0,0.284894,0.221915,0,0.66528,12.849,1,0.84672,0.36288,0,25.8599,4.82588,20.5502,0.84672,12.849,0.84672,3695.15,0,0.0036966,5.14597e-05,0.216518,1.94183,1.29163,1.24873,2.20119,0.42336,0.0018483,0.21168,0.0018483,0.21168,460.486,0,0.519979,0,0,0.736497,0.216518,1.028160,1,0,22.7513,0,0,0,22.7513,0
24.2034,2.71314,0,0,1.45752,0.164687,0.36288,3.6288,39.7256,0.63018,0,0,0.509912,0.18809,0,0.66528,12.849,1,0.84672,0.36288,0,42.573,4.93595,37.1532,0.84672,12.849,0.84672,3695.15,0,0.0036966,2.90943e-05,0.566119,1.94204,1.84716,1.1997,3.1556,0.42336,0.0018483,0.21168,0.0018483,0.21168,460.486,0,1.02816,0,0,1.59428,0.566119,1.028160,1,0,40.3088,0,0,0,40.3088,0
21.5884,2.71353,0,0,0.621904,0.160529,0.36288,3.6288,39.0463,0.808325,0,0,0.316571,0.187545,0,0.66528,12.849,1,0.84672,0.36288,0,19.0981,4.93595,13.6783,0.84672,12.849,0.84672,3695.15,0,0.0036966,3.76087e-05,0.216518,1.94841,1.2355,1.1997,2.20069,0.42336,0.0018483,0.21168,0.0018483,0.21168,460.486,0,0.850193,0,0,1.06671,0.216518,1.028160,1,0,15.879,0,0,0,15.879,0
19.2043,2.7139,0,0,0.847515,0.154818,0.36288,3.6288,38.6444,0.630553,0,0,0.415048,0.186344,0,0.66528,12.849,1,0.84672,0.36288,0,29.5779,4.93595,24.1581,0.84672,12.849,0.84672,3695.15,0,0.0036966,2.98479e-05,0.312345,1.94863,2.45033,1.1997,3.51158,0.42336,0.0018483,0.21168,0.0018483,0.21168,460.486,0,1.02816,0,0,1.3405,0.312345,1.028160,1,0,27.6697,0,0,0,27.6697,0
17.2893,2.71428,0,0,1.33469,0.172546,0.36288,3.6288,38.4325,0.63074,0,0,0.594298,0.175549,0,0.66528,12.849,1,0.84672,0.36288,0,41.7875,4.57849,36.7252,0.84672,12.849,0.84672,3695.15,0,0.0036966,3.01673e-05,0.640164,1.94885,2.27778,1.14778,3.71898,0.42336,0.0018483,0.21168,0.0018483,0.21168,460.486,0,1.02816,0,0,1.66832,0.640164,1.028160,1,0,40.4442,0,0,0,40.4442,0
15.9434,2.44644,0,0,1.62264,0.15919,0.36288,3.6288,38.563,0.464282,0,0,0.748068,0.153238,0,0.66528,12.849,1,0.84672,0.36288,0,36.1636,4.01179,31.668,0.84672,12.849,0.84672,3695.15,0,0.0036966,2.23283e-05,0.722952,1.94907,4.44264,0.974105,6.14053,0.42336,0.0018483,0.21168,0.0018483,0.21168,460.486,0,1.02816,0,0,1.75111,0.722952,1.028160,1,0,37.8085,0,0,0,37.8085,0
14.4237,2.44679,0,0,1.44294,0.152985,0.36288,3.6288,38.5931,0.464451,0,0,0.644951,0.150437,0,0.66528,12.849,1,0.84672,0.36288,0,42.7924,3.94117,38.3674,0.84672,12.849,0.84672,3695.15,0,0.0036966,2.22608e-05,0.737104,1.77027,2.74465,0.948619,4.30338,0.42336,0.0018483,0.21168,0.0018483,0.21168,460.486,0,1.02816,0,0,1.76526,0.737104,1.028160,1,0,42.6707,0,0,0,42.6707,0
12.7203,2.44714,0,0,1.25487,0.148181,0.36288,3.6288,38.5573,0.464619,0,0,0.579312,0.15048,0,0.66528,12.849,1,0.84672,0.36288,0,34.5848,3.94117,30.1598,0.84672,12.849,0.84672,3695.15,0,0.0036966,2.22516e-05,0.48981,1.77047,2.21285,0.948619,3.52449,0.42336,0.0018483,0.21168,0.0018483,0.21168,460.486,0,1.02816,0,0,1.51797,0.48981,1.028160,1,0,33.6843,0,0,0,33.6843,0
11.2875,2.44747,0,0,1.51668,0.139191,0.36288,3.6288,38.5894,0.464788,0,0,0.668777,0.17189,0,0.66528,12.849,1,0.84672,0.36288,0,32.4283,3.3652,28.5792,0.84672,12.849,0.84672,3695.15,0,0.0036966,2.22803e-05,0.863939,1.77067,2.69,0.770165,4.55442,0.42336,0.0018483,0.21168,0.0018483,0.21168,460.486,0,1.02816,0,0,1.8921,0.863939,1.028160,1,0,33.1336,0,0,0,33.1336,0
11.2004,2.44779,0,0,2.85352,0.129906,0.36288,3.6288,38.9615,0.464956,0,0,1.02171,0.184588,0,0.66528,12.849,1,0.84672,0.36288,0,58.7174,3.75188,54.4817,0.84672,12.849,0.84672,3695.15,0,0.0036966,2.22698e-05,1.46248,1.77087,4.94773,0.820155,7.36089,0.42336,0.0018483,0.21168,0.0018483,0.21168,460.486,0,1.02816,0,0,2.49064,1.46248,1.028160,1,0,61.8426,0,0,0,61.8426,0
12.8416,2.55136,0,0,4.68081,0.125445,0.36288,3.6288,40.0347,0.513399,0,0,1.79191,0.205341,0,0.66528,12.849,1,0.84672,0.36288,0,122.325,4.5611,117.28,0.84672,12.849,0.84672,3695.15,0,0.0036966,2.43552e-05,2.05032,1.77107,9.19356,0.971469,12.0435,0.42336,0.0018483,0.21168,0.0018483,0.21168,460.486,0,1.02816,0,0,3.07848,2.05032,1.028160,1,0,129.324,0,0,0,129.324,0
13.4441,2.55177,0,0,3.64737,0.130161,0.36288,3.6288,40.5574,0.51356,0,0,1.24366,0.207433,0,0.66528,12.849,1,0.84672,0.36288,0,96.7507,4.5611,91.7058,0.84672,12.849,0.84672,3695.15,0,0.0036966,2.37097e-05,1.42217,1.82791,6.03304,0.971469,8.31163,0.42336,0.0018483,0.21168,0.0018483,0.21168,460.486,0,1.02816,0,0,2.45033,1.42217,1.028160,1,0,100.017,0,0,0,100.017,0
13.8764,2.55214,0,0,3.47961,0.132273,0.36288,3.6288,40.9985,0.51372,0,0,1.15859,0.203795,0,0.66528,12.849,1,0.84672,0.36288,0,83.3959,4.47509,78.4369,0.84672,12.849,0.84672,3695.15,0,0.0036966,2.34115e-05,1.40038,1.8281,5.6582,0.948487,7.93816,0.42336,0.0018483,0.21168,0.0018483,0.21168,460.486,0,1.02816,0,0,2.42854,1.40038,1.028160,1,0,86.3751,0,0,0,86.3751,0
14.358,2.5525,0,0,3.53279,0.13583,0.36288,3.6288,41.4165,0.51388,0,0,1.10829,0.176362,0,0.66528,12.849,1,0.84672,0.36288,0,80.6069,3.95903,76.164,0.84672,12.849,0.84672,3695.15,0,0.0036966,2.31669e-05,1.57095,1.82829,5.62148,0.810595,8.2101,0.42336,0.0018483,0.21168,0.0018483,0.21168,460.486,0,1.02816,0,0,2.59911,1.57095,1.028160,1,0,84.3741,0,0,0,84.3741,0
15.2531,2.72689,0,0,4.14172,0.156823,0.36288,3.6288,42.0623,0.622589,0,0,1.45879,0.190436,0,0.66528,12.849,1,0.84672,0.36288,0,87.7686,4.32306,82.9617,0.84672,12.849,0.84672,3695.15,0,0.0036966,2.77844e-05,1.13761,1.82848,7.09404,1.12786,8.93224,0.42336,0.0018483,0.21168,0.0018483,0.21168,460.486,0,1.02816,0,0,2.16577,1.13761,1.028160,1,0,91.8939,0,0,0,91.8939,0
16.6384,2.72728,0,0,4.63528,0.159821,0.36288,3.6288,42.8364,0.622761,0,0,1.58856,0.191626,0,0.66528,12.849,1,0.84672,0.36288,0,99.6192,4.32306,94.8123,0.84672,12.849,0.84672,3695.15,0,0.0036966,2.73654e-05,1.46299,1.94515,7.85125,1.12786,10.1315,0.42336,0.0018483,0.21168,0.0018483,0.21168,460.486,0,1.02816,0,0,2.49115,1.46299,1.028160,1,0,104.944,0,0,0,104.944,0
18.107,2.72768,0,0,4.72313,0.164051,0.36288,3.6288,43.5041,0.622933,0,0,1.48362,0.193053,0,0.66528,12.849,1,0.84672,0.36288,0,101.676,4.32306,96.8695,0.84672,12.849,0.84672,3695.15,0,0.0036966,2.68782e-05,1.13903,1.94535,7.72381,1.12786,9.68031,0.42336,0.0018483,0.21168,0.0018483,0.21168,460.486,0,1.02816,0,0,2.16719,1.13903,1.028160,1,0,106.55,0,0,0,106.55,0
19.827,2.72808,0,0,4.962,0.150978,0.36288,3.6288,44.3364,0.623105,0,0,1.64791,0.192471,0,0.66528,12.849,1,0.84672,0.36288,0,107.684,3.86973,103.33,0.84672,12.849,0.84672,3695.15,0,0.0036966,2.6473e-05,1.82325,1.94555,8.60786,0.961905,11.4147,0.42336,0.0018483,0.21168,0.0018483,0.21168,460.486,0,1.02816,0,0,2.85141,1.82325,1.028160,1,0,114.745,0,0,0,114.745,0
22.9089,2.41294,0,0,6.03948,0.181838,0.36288,3.6288,46.1855,0.452641,0,0,2.46217,0.160399,0,0.66528,12.849,1,0.84672,0.36288,0,128.958,3.41113,125.063,0.84672,12.849,0.84672,3695.15,0,0.0036966,1.88697e-05,2.4902,1.94576,12.4679,0.997987,15.9058,0.42336,0.0018483,0.21168,0.0018483,0.21168,460.486,0,1.02816,0,0,3.51836,2.4902,1.028160,1,0,140.969,0,0,0,140.969,0
25.3717,2.35978,0,0,5.37514,0.18964,0.36288,3.6288,48.0324,0.506325,0,0,2.51635,0.16319,0,0.66528,12.849,1,0.84672,0.36288,0,86.4181,3.41113,82.5232,0.84672,12.849,0.84672,3695.15,0,0.0036966,2.02627e-05,2.29243,1.75498,12.799,0.997987,15.8484,0.42336,0.0018483,0.21168,0.0018483,0.21168,460.486,0,1.02816,0,0,3.32059,2.29243,1.028160,1,0,98.3715,0,0,0,98.3715,0
26.3779,2.36029,0,0,3.92584,0.196448,0.36288,3.6288,49.2585,0.506326,0,0,1.89831,0.165813,0,0.66528,12.849,1,0.84672,0.36288,0,80.5473,3.41113,76.6523,0.84672,12.849,0.84672,3695.15,0,0.0036966,1.94836e-05,1.52536,1.78649,10.3348,0.997987,12.6487,0.42336,0.0018483,0.21168,0.0018483,0.21168,460.486,0,1.02816,0,0,2.55352,1.52536,1.028160,1,0,89.301,0,0,0,89.301,0
28.5747,2.36079,0,0,5.10579,0.1853,0.36288,3.6288,50.679,0.506327,0,0,2.08321,0.156459,0,0.66528,12.849,1,0.84672,0.36288,0,93.839,3.23675,90.1185,0.84672,12.849,0.84672,3695.15,0,0.0036966,1.89986e-05,1.86569,1.78659,11.1542,0.972936,13.8335,0.42336,0.0018483,0.21168,0.0018483,0.21168,460.486,0,1.02816,0,0,2.89385,1.86569,1.028160,1,0,103.952,0,0,0,103.952,0
31.6503,2.3613,0,0,5.98852,0.188733,0.36288,3.6288,53.7952,0.506327,0,0,3.80789,0.185336,0,0.66528,12.849,1,0.84672,0.36288,0,138.93,4.08205,134.364,0.84672,12.849,0.84672,3695.15,0,0.0036966,1.84661e-05,3.64088,1.78668,17.3231,1.20723,21.5434,0.42336,0.0018483,0.21168,0.0018483,0.21168,460.486,0,1.02816,0,0,4.66904,3.64088,1.028160,1,0,155.908,0,0,0,155.908,0
34.0004,2.48097,0,0,5.38904,0.195099,0.36288,3.6288,55.4258,0.565914,0,0,2.3681,0.171534,0,0.66528,12.849,1,0.84672,0.36288,0,120.762,3.63363,116.645,0.84672,12.849,0.84672,3695.15,0,0.0036966,1.94437e-05,2.20405,1.78677,8.93549,1.14313,11.7832,0.42336,0.0018483,0.21168,0.0018483,0.21168,460.486,0,1.02816,0,0,3.23221,2.20405,1.028160,1,0,128.428,0,0,0,128.428,0
35.7498,2.53424,0,0,4.84735,0.200897,0.36288,3.6288,56.6615,0.513159,0,0,1.92224,0.173398,0,0.66528,12.849,1,0.84672,0.36288,0,98.5962,3.63363,94.4788,0.84672,12.849,0.84672,3695.15,0,0.0036966,1.71125e-05,1.67505,1.85523,7.4901,1.14313,9.87723,0.42336,0.0018483,0.21168,0.0018483,0.21168,460.486,0,1.02816,0,0,2.70321,1.67505,1.028160,1,0,104.356,0,0,0,104.356,0
37.1194,2.5346,0,0,4.43164,0.164514,0.36288,3.6288,57.6203,0.513319,0,0,1.68408,0.212033,0,0.66528,12.849,1,0.84672,0.36288,0,102.575,4.38942,97.7017,0.84672,12.849,0.84672,3695.15,0,0.0036966,1.67445e-05,1.2294,1.82445,6.68166,1.28254,8.45296,0.42336,0.0018483,0.21168,0.0018483,0.21168,460.486,0,1.02816,0,0,2.25756,1.2294,1.028160,1,0,106.155,0,0,0,106.155,0
37.7432,2.53496,0,0,3.68855,0.166899,0.36288,3.6288,58.4148,0.51348,0,0,1.50445,0.196433,0,0.66528,12.849,1,0.84672,0.36288,0,70.1915,4.06131,65.6464,0.84672,12.849,0.84672,3695.15,0,0.0036966,1.6471e-05,0.982334,1.82464,5.62599,1.20806,7.22489,0.42336,0.0018483,0.21168,0.0018483,0.21168,460.486,0,1.02816,0,0,2.01049,0.982334,1.028160,1,0,72.8713,0,0,0,72.8713,0
37.6277,2.4887,0,0,2.92815,0.192114,0.36288,3.6288,58.893,0.490487,0,0,1.14073,0.17204,0,0.66528,12.849,1,0.84672,0.36288,0,57.3266,3.47961,53.3631,0.84672,12.849,0.84672,3695.15,0,0.0036966,1.55195e-05,0.54788,1.82483,4.03241,1.04612,5.35899,0.42336,0.0018483,0.21168,0.0018483,0.21168,460.486,0,1.02816,0,0,1.57604,0.54788,1.028160,1,0,58.7221,0,0,0,58.7221,0
37.2619,2.47494,0,0,2.63374,0.161743,0.36288,3.6288,59.0343,0.599651,0,0,0.946158,0.205199,0,0.66528,12.849,1,0.845135,0.36288,0,51.4262,3.80568,47.1383,0.84672,12.849,0.84672,3695.15,0,0.0036966,1.88195e-05,0.528595,1.7984,3.69347,1.0696,4.95084,0.42336,0.0018483,0.21168,0.0018483,0.21168,460.486,0,0.934839,0,0,1.46343,0.528595,1.028160,1,0,52.0891,0,0,0,52.0891,0
36.8321,2.47386,0,0,2.53808,0.131164,0.36288,3.6288,59.293,0.506334,0,0,0.989747,0.224722,0,0.66528,12.849,1,0.84672,0.36288,0,49.2515,3.97866,44.789,0.84672,12.849,0.84672,3695.15,0,0.0036966,1.58528e-05,0.496601,1.80777,3.92192,1.07993,5.14634,0.42336,0.0018483,0.21168,0.0018483,0.21168,460.486,0,1.02816,0,0,1.52476,0.496601,1.028160,1,0,49.9354,0,0,0,49.9354,0
36.2154,2.47436,0,0,2.35111,0.130499,0.36288,3.6288,59.4801,0.506498,0,0,0.918657,0.225095,0,0.66528,12.849,1,0.84672,0.36288,0,44.9403,3.97866,40.4778,0.84672,12.849,0.84672,3695.15,0,0.0036966,1.57887e-05,0.402797,1.80786,3.84914,1.07993,4.97985,0.42336,0.0018483,0.21168,0.0018483,0.21168,460.486,0,1.028,0,0,1.43079,0.402797,1.028160,1,0,45.4576,0,0,0,45.4576,0
35.3138,2.63314,0,0,2.22375,0.129375,0.36288,3.6288,59.1658,0.886793,0,0,0.808669,0.236101,0,0.66528,12.849,1,0.84672,0.36288,0,41.1434,4.12758,36.532,0.84672,12.849,0.84672,3695.15,0,0.0036966,2.75565e-05,0.402797,1.80796,2.74431,1.08777,3.86727,0.42336,0.0018483,0.21168,0.0018483,0.21168,460.486,0,0.729829,0,0,1.13263,0.402797,1.028160,1,0,40.3993,0,0,0,40.3993,0
34.1192,2.64872,0,0,1.91258,0.0955543,0.36288,3.6288,58.6166,0.929509,0,0,0.612159,0.231905,0,0.66528,12.849,1,0.84672,0.36288,0,34.7755,3.99672,30.2949,0.84672,12.849,0.84672,3695.15,0,0.0036966,2.90372e-05,0.402797,1.90118,2.37662,1.05032,3.63024,0.42336,0.0018483,0.21168,0.0018483,0.21168,460.486,0,0.672062,0,0,1.07486,0.402797,1.028160,1,0,33.9252,0,0,0,33.9252,0
32.8486,2.64908,0,0,1.8303,0.0889771,0.36288,3.6288,58.1933,0.834102,0,0,0.643637,0.232844,0,0.66528,12.849,1,0.84672,0.36288,0,32.6739,4.0509,28.1391,0.84672,12.849,0.84672,3695.15,0,0.0036966,2.63009e-05,0.30119,1.89247,2.47596,1.04029,3.6293,0.42336,0.0018483,0.21168,0.0018483,0.21168,460.486,0,0.767638,0,0,1.06883,0.30119,1.028160,1,0,31.7685,0,0,0,31.7685,0
31.4972,2.64943,0,0,1.74851,0.0875908,0.36288,3.6288,57.7261,0.881345,0,0,0.646358,0.23221,0,0.66528,12.849,1,0.84672,0.36288,0,30.6989,4.0509,26.1641,0.84672,12.849,0.84672,3695.15,0,0.0036966,2.79928e-05,0.30119,1.89266,2.3808,1.04029,3.53433,0.42336,0.0018483,0.21168,0.0018483,0.21168,460.486,0,0.720559,0,0,1.02175,0.30119,1.028160,1,0,29.6985,0,0,0,29.6985,0
30.1719,2.64979,0,0,1.76823,0.0808526,0.36288,3.6288,57.6498,0.575803,0,0,0.720688,0.221139,0,0.66528,12.849,1,0.84672,0.36288,0,35.1561,4.23498,30.4373,0.84672,12.849,0.84672,3695.15,0,0.0036966,1.84363e-05,0.30119,1.89286,3.00218,1.05884,4.13737,0.42336,0.0018483,0.21168,0.0018483,0.21168,460.486,0,1.02628,0,0,1.32747,0.30119,1.028160,1,0,34.5746,0,0,0,34.5746,0
28.8499,2.61883,0,0,1.73526,0.0755809,0.36288,3.6288,57.5778,0.619254,0,0,0.760458,0.213256,0,0.66528,12.849,1,0.84672,0.36288,0,39.0491,4.37304,34.1922,0.84672,12.849,0.84672,3695.15,0,0.0036966,1.98538e-05,0.450118,1.89306,3.73584,1.07276,5.00624,0.42336,0.0018483,0.21168,0.0018483,0.21168,460.486,0,1.02816,0,0,1.47828,0.450118,1.028160,1,0,39.1984,0,0,0,39.1984,0
27.3736,2.61918,0,0,1.58007,0.0742455,0.36288,3.6288,57.498,0.619424,0,0,0.752769,0.213157,0,0.66528,12.849,1,0.84672,0.36288,0,38.7471,4.37304,33.8902,0.84672,12.849,0.84672,3695.15,0,0.0036966,1.98841e-05,0.452226,1.92228,3.59555,1.07276,4.89728,0.42336,0.0018483,0.21168,0.0018483,0.21168,460.486,0,1.02816,0,0,1.48039,0.452226,1.028160,1,0,38.7875,0,0,0,38.7875,0
25.748,2.61953,0,0,1.42959,0.0727542,0.36288,3.6288,57.3639,0.619595,0,0,0.698596,0.213047,0,0.66528,12.849,1,0.84672,0.36288,0,34.7953,4.37304,29.9384,0.84672,12.849,0.84672,3695.15,0,0.0036966,1.99172e-05,0.268618,1.92248,3.44845,1.07276,4.56677,0.42336,0.0018483,0.21168,0.0018483,0.21168,460.486,0,1.02816,0,0,1.29678,0.268618,1.028160,1,0,34.5052,0,0,0,34.5052,0
24.0711,2.61988,0,0,1.35974,0.0539597,0.36288,3.6288,57.0699,0.670809,0,0,0.652331,0.27557,0,0.66528,12.849,1,0.84672,0.36288,0,31.4817,5.25114,25.7467,0.84672,12.849,0.84672,3695.15,0,0.0036966,2.16139e-05,0.261274,1.92268,3.153,1.37823,3.9587,0.42336,0.0018483,0.21168,0.0018483,0.21168,460.486,0,0.977115,0,0,1.23839,0.261274,1.028160,1,0,29.7054,0,0,0,29.7054,0
22.2234,2.70113,0,0,1.26793,0.0516019,0.36288,3.6288,56.2139,1.14935,0,0,0.570318,0.276945,0,0.66528,12.849,1,0.84672,0.36288,0,28.2372,5.57949,22.1738,0.84672,12.849,0.84672,3695.15,0,0.0036966,3.72237e-05,0.261274,1.92288,2.39154,1.40774,3.16792,0.42336,0.0018483,0.21168,0.0018483,0.21168,460.486,0,0.538998,0,0,0.800271,0.261274,1.028160,1,0,25.3417,0,0,0,25.3417,0
20.231,2.70148,0,0,1.12227,0.050292,0.36288,3.6288,55.2834,1.19041,0,0,0.535299,0.275405,0,0.66528,12.849,1,0.84672,0.36288,0,26.6554,5.57949,20.5921,0.84672,12.849,0.84672,3695.15,0,0.0036966,3.91405e-05,0.261274,1.96936,2.39287,1.40774,3.21572,0.42336,0.0018483,0.21168,0.0018483,0.21168,460.486,0,0.498113,0,0,0.759387,0.261274,1.028160,1,0,23.8078,0,0,0,23.8078,0
18.1434,2.70183,0,0,1.02609,0.048942,0.36288,3.6288,54.3103,1.21643,0,0,0.517088,0.273731,0,0.66528,12.849,1,0.84672,0.36288,0,25.0324,5.57949,18.9691,0.84672,12.849,0.84672,3695.15,0,0.0036966,4.06691e-05,0.227405,1.96956,2.27991,1.40774,3.0691,0.42336,0.0018483,0.21168,0.0018483,0.21168,460.486,0,0.472271,0,0,0.699676,0.227405,1.028160,1,0,22.0382,0,0,0,22.0382,0
15.9204,2.70217,0,0,0.880511,0.0385149,0.36288,3.6288,53.3237,1.22345,0,0,0.514972,0.278061,0,0.66528,12.849,1,0.84672,0.36288,0,23.8776,5.83879,17.555,0.84672,12.849,0.84672,3695.15,0,0.0036966,4.16368e-05,0.227405,1.96976,2.26543,1.42301,3.03954,0.42336,0.0018483,0.21168,0.0018483,0.21168,460.486,0,0.46542,0,0,0.692824,0.227405,1.028160,1,0,20.5945,0,0,0,20.5945,0
13.7424,2.77965,0,0,1.00785,0.0433026,0.36288,3.6288,52.3161,1.21927,0,0,0.493232,0.281624,0,0.66528,12.849,1,0.84672,0.36288,0,21.4554,5.8259,15.1456,0.84672,12.849,0.84672,3695.15,0,0.0036966,0.0018483,0.227405,1.96997,2.30537,1.46714,3.03375,0.42336,0.0018483,0.21168,0.0018483,0.21168,460.486,0,0.474172,0,0,0.701577,0.227405,1.028160,1,0,18.1794,0,0,0,18.1794,0
11.7539,2.77998,0,0,1.19241,0.0380702,0.36288,3.6288,51.5178,1.07714,0,0,0.568058,0.28923,0,0.66528,12.849,1,0.84672,0.36288,0,24.4359,5.98017,17.9719,0.84672,12.849,0.84672,3695.15,0,0.0036966,0.0018483,0.227405,2.03714,2.29333,1.55318,3.00285,0.42336,0.0018483,0.21168,0.0018483,0.21168,460.486,0,0.6163,0,0,0.843705,0.227405,1.028160,1,0,20.9747,0,0,0,20.9747,0
9.53099,2.78029,0,0,0.956716,0.0364316,0.36288,3.6288,50.456,1.22107,0,0,0.446681,0.287373,0,0.66528,12.849,1,0.84672,0.36288,0,28.742,5.98017,22.278,0.84672,12.849,0.84672,3695.15,0,0.0036966,0.0018483,0.204422,2.03735,1.90507,1.55318,2.59181,0.42336,0.0018483,0.21168,0.0018483,0.21168,460.486,0,0.472375,0,0,0.676797,0.204422,1.028160,1,0,24.8698,0,0,0,24.8698,0
7.48606,2.78057,0,0,1.13305,0.0345318,0.36288,3.6288,49.9732,0.879753,0,0,0.681845,0.284903,0,0.66528,12.849,1,0.84672,0.36288,0,24.67,5.98017,18.206,0.84672,12.849,0.84672,3695.15,0,0.0036966,0.0018483,0.204422,2.03756,2.57621,1.55318,3.26316,0.42336,0.0018483,0.21168,0.0018483,0.21168,460.486,0,0.813687,0,0,1.01811,0.204422,1.028160,1,0,21.4691,0,0,0,21.4691,0
5.57368,2.78079,0,0,1.26562,0.0343289,0.36288,3.6288,49.583,0.762394,0,0,0.649884,0.277721,0,0.66528,12.849,1,0.84672,0.36288,0,45.8363,5.70729,39.6452,0.84672,12.849,0.84672,3695.15,0,0.0036966,0.0018483,0.204422,2.03777,3.71526,1.56593,4.38967,0.42336,0.0018483,0.21168,0.0018483,0.21168,460.486,0,0.931046,0,0,1.13547,0.204422,1.028160,1,0,44.0349,0,0,0,44.0349,0
5.31711,2.67026,0,0,2.8112,0.0346193,0.36288,3.6288,49.9693,0.645192,0,0,1.30031,0.26878,0,0.66528,12.849,1,0.84672,0.36288,0,50.324,5.34345,44.4967,0.84672,12.849,0.84672,3695.15,0,0.0036966,2.40508e-05,1.57414,2.03798,7.68749,1.58293,9.71666,0.42336,0.0018483,0.21168,0.0018483,0.21168,460.486,0,1.02816,0,0,2.6023,1.57414,1.028160,1,0,54.2134,0,0,0,54.2134,0
4.03796,2.67058,0,0,1.78864,0.0343291,0.36288,3.6288,49.9688,0.645366,0,0,0.914475,0.269634,0,0.66528,12.849,1,0.84672,0.36288,0,76.8087,5.34345,70.9814,0.84672,12.849,0.84672,3695.15,0,0.0036966,2.38712e-05,1.06559,1.9521,5.27056,1.58293,6.70529,0.42336,0.0018483,0.21168,0.0018483,0.21168,460.486,0,1.02816,0,0,2.09375,1.06559,1.028160,1,0,77.6867,0,0,0,77.6867,0
2.43821,2.67065,0,0,1.46662,0.032842,0.36288,3.6288,49.8887,0.645539,0,0,0.835065,0.269633,0,0.66528,12.849,1,0.84672,0.36288,0,44.5595,5.34345,38.7322,0.84672,12.849,0.84672,3695.15,0,0.0036966,2.38779e-05,0.415446,1.9523,3.76639,1.58293,4.55118,0.42336,0.0018483,0.21168,0.0018483,0.21168,460.486,0,1.02816,0,0,1.44361,0.415446,1.028160,1,0,43.2834,0,0,0,43.2834,0
3.18652,2.43821,0,0,3.60838,0.0589725,0.36288,3.6288,50.2963,0.645712,0,0,1.32825,0.274918,0,0.66528,12.849,1,0.84672,0.36288,0,59.326,4.88025,53.9619,0.84672,12.849,0.84672,3695.15,0,0.0036966,2.39227e-05,2.21723,1.9525,9.79661,1.48337,12.483,0.42336,0.0018483,0.21168,0.0018483,0.21168,460.486,0,1.02816,0,0,3.24539,2.21723,1.028160,1,0,66.4448,0,0,0,66.4448,0
4.06617,2.73126,0,0,4.04631,0.0725252,0.36288,3.6288,51.8587,0.639273,0,0,2.4177,0.216065,0,0.66528,12.849,1,0.84672,0.36288,0,133.22,3.97519,128.761,0.84672,12.849,0.84672,3695.15,0,0.0036966,2.34921e-05,2.60472,1.95271,14.6069,0.860343,18.3039,0.42336,0.0018483,0.21168,0.0018483,0.21168,460.486,0,1.02816,0,0,3.63288,2.60472,1.028160,1,0,147.065,0,0,0,147.065,0
5.90166,2.73197,0,0,5.00529,0.0749551,0.36288,3.6288,53.4804,0.639446,0,0,2.48003,0.218826,0,0.66528,12.849,1,0.84672,0.36288,0,66.8422,3.97519,62.3832,0.84672,12.849,0.84672,3695.15,0,0.0036966,2.27906e-05,2.57533,1.95909,16.3261,0.860343,20.0002,0.42336,0.0018483,0.21168,0.0018483,0.21168,460.486,0,1.02816,0,0,3.60349,2.57533,1.028160,1,0,82.3834,0,0,0,82.3834,0
7.55755,2.73273,0,0,4.84966,0.0981569,0.36288,3.6288,54.6462,0.63962,0,0,2.02094,0.215516,0,0.66528,12.849,1,0.84672,0.36288,0,96.4025,4.02739,91.8913,0.84672,12.849,0.84672,3695.15,0,0.0036966,2.21055e-05,1.54341,1.95929,9.70583,0.914272,12.2942,0.42336,0.0018483,0.21168,0.0018483,0.21168,460.486,0,1.02816,0,0,2.57157,1.54341,1.028160,1,0,104.186,0,0,0,104.186,0
9.04542,2.73329,0,0,4.68682,0.102778,0.36288,3.6288,55.836,0.639793,0,0,2.05558,0.226011,0,0.66528,12.849,1,0.84672,0.36288,0,107.37,4.18866,102.698,0.84672,12.849,0.84672,3695.15,0,0.0036966,2.16397e-05,1.70736,1.95949,9.81711,1.08414,12.3998,0.42336,0.0018483,0.21168,0.0018483,0.21168,460.486,0,1.02816,0,0,2.73552,1.70736,1.028160,1,0,115.097,0,0,0,115.097,0
9.99838,2.46413,0,0,3.90513,0.125167,0.36288,3.6288,57.1356,0.472412,0,0,1.98975,0.217765,0,0.66528,12.849,1,0.84672,0.36288,0,71.4222,4.45544,66.4829,0.84672,12.849,0.84672,3695.15,0,0.0036966,1.56379e-05,1.37364,1.9597,10.2465,1.14268,12.4372,0.42336,0.0018483,0.21168,0.0018483,0.21168,460.486,0,1.02816,0,0,2.4018,1.37364,1.028160,1,0,78.9201,0,0,0,78.9201,0
10.4535,2.43076,0,0,3.38467,0.135889,0.36288,3.6288,58.608,0.506331,0,0,2.19434,0.215576,0,0.66528,12.849,1,0.84672,0.36288,0,84.3018,4.56215,79.2558,0.84672,12.849,0.84672,3695.15,0,0.0036966,1.63795e-05,1.47199,1.7799,8.38028,1.16609,10.4661,0.42336,0.0018483,0.21168,0.0018483,0.21168,460.486,0,1.02816,0,0,2.50015,1.47199,1.028160,1,0,89.7219,0,0,0,89.7219,0
13.0895,2.43128,0,0,5.56664,0.136509,0.36288,3.6288,60.6208,0.506331,0,0,2.74372,0.224535,0,0.66528,12.849,1,0.84672,0.36288,0,146.014,4.58804,140.942,0.84672,12.849,0.84672,3695.15,0,0.0036966,1.5968e-05,2.37292,1.79984,11.7687,1.18607,14.7554,0.42336,0.0018483,0.21168,0.0018483,0.21168,460.486,0,1.02816,0,0,3.40108,2.37292,1.028160,1,0,155.698,0,0,0,155.698,0
21.5841,2.43186,0,0,11.4326,0.143212,0.36288,3.6288,61.308,0.506332,0,0,5.42798,0.234138,4.00035,0.66528,12.849,1,0.84672,0.36288,0,211.334,4.3529,206.497,0.84672,12.849,0.84672,3695.15,0,0.0036966,1.54378e-05,8.65745,1.79994,25.3053,1.23442,34.5282,0.42336,0.0018483,0.21168,0.0018483,0.21168,460.486,0,1.02816,0,0,9.68561,8.65745,1.028160,1,0,245.025,0,0,0,245.025,0
25.7123,2.4325,0,0,7.08896,0.165354,0.36288,3.6288,61.308,0.506332,0,0,3.29234,0.213606,2.5724,0.66528,12.849,1,0.84672,0.36288,0,170.029,4.0186,165.527,0.84672,12.849,0.84672,3695.15,0,0.0036966,1.52648e-05,4.75732,1.80003,15.0199,1.18666,20.3905,0.42336,0.0018483,0.21168,0.0018483,0.21168,460.486,0,1.02816,0,0,5.78548,4.75732,1.028160,1,0,188.49,0,0,0,188.49,0
27.2117,2.5368,0,0,4.56662,0.167596,0.36288,3.6288,61.308,0.554868,0,0,2.41655,0.226055,1.63562,0.66528,12.849,1,0.84672,0.36288,0,131.293,3.91503,126.895,0.84672,12.849,0.84672,3695.15,0,0.0036966,1.67281e-05,3.21996,1.80012,14.1342,1.20136,17.9529,0.42336,0.0018483,0.21168,0.0018483,0.21168,460.486,0,1.02816,0,0,4.24812,3.21996,1.028160,1,0,146.483,0,0,0,146.483,0
31.2905,2.57027,0,0,7.18316,0.171167,0.36288,3.6288,61.308,0.521874,0,0,4.26535,0.226055,3.51742,0.66528,12.849,1,0.84672,0.36288,0,181.551,3.91503,177.152,0.84672,12.849,0.84672,3695.15,0,0.0036966,1.57333e-05,4.16225,1.85717,23.5314,1.20136,28.3494,0.42336,0.0018483,0.21168,0.0018483,0.21168,460.486,0,1.02816,0,0,5.19041,4.16225,1.028160,1,0,209.019,0,0,0,209.019,0
34.2892,2.57062,0,0,6.11308,0.180865,0.36288,3.6288,61.308,0.522021,0,0,4.20208,0.226055,3.45401,0.66528,12.849,1,0.84672,0.36288,0,167.922,3.91503,163.523,0.84672,12.849,0.84672,3695.15,0,0.0036966,1.57378e-05,3.52001,1.83794,15.6264,1.20136,19.783,0.42336,0.0018483,0.21168,0.0018483,0.21168,460.486,0,1.02816,0,0,4.54817,3.52001,1.028160,1,0,186.76,0,0,0,186.76,0
36.6596,2.57095,0,0,5.49201,0.187754,0.36288,3.6288,61.308,0.522167,0,0,4.00269,0.226055,3.25447,0.66528,12.849,1,0.84672,0.36288,0,155.573,3.91503,151.174,0.84672,12.849,0.84672,3695.15,0,0.0036966,1.57422e-05,3.35853,1.83812,15.3574,1.20136,19.3527,0.42336,0.0018483,0.21168,0.0018483,0.21168,460.486,0,1.02816,0,0,4.38669,3.35853,1.028160,1,0,173.781,0,0,0,173.781,0
39.9504,2.74626,0,0,6.61288,0.213032,0.36288,3.6288,61.308,0.631446,0,0,5.6883,0.191982,4.86487,0.66528,12.849,1,0.84672,0.36288,0,180.616,3.81018,176.322,0.84672,12.849,0.84672,3695.15,0,0.0036966,1.90367e-05,8.44971,1.83829,24.546,1.06696,33.767,0.42336,0.0018483,0.21168,0.0018483,0.21168,460.486,0,1.02816,0,0,9.47787,8.44971,1.028160,1,0,214.954,0,0,0,214.954,0
41.5403,2.74661,0,0,4.9242,0.224819,0.36288,3.6288,61.308,0.631603,0,0,4.66698,0.186303,3.84908,0.66528,12.849,1,0.84672,0.36288,0,199.546,3.79271,195.269,0.84672,12.849,0.84672,3695.15,0,0.0036966,1.90414e-05,4.16737,1.95558,18.3182,1.04456,23.3966,0.42336,0.0018483,0.21168,0.0018483,0.21168,460.486,0,1.02816,0,0,5.19553,4.16737,1.028160,1,0,222.515,0,0,0,222.515,0
41.838,2.74696,0,0,3.64009,0.232476,0.36288,3.6288,61.308,0.63176,0,0,3.40676,0.160038,2.61496,0.66528,12.849,1,0.84672,0.36288,0,128.539,3.33901,124.716,0.84672,12.849,0.84672,3695.15,0,0.0036966,1.90462e-05,2.03412,1.95576,10.9538,0.914466,14.0292,0.42336,0.0018483,0.21168,0.0018483,0.21168,460.486,0,1.02816,0,0,3.06228,2.03412,1.028160,1,0,141.36,0,0,0,141.36,0
41.9436,2.74958,0,0,3.41825,0.200198,0.36288,3.6288,61.308,0.631917,0,0,2.85884,0.226196,2.00072,0.66528,12.849,1,0.844433,0.36288,0,98.7301,4.53459,93.714,0.84672,12.849,0.84672,3695.15,0,0.0036966,1.90509e-05,1.95896,1.95595,11.6888,1.06839,14.5353,0.42336,0.0018483,0.21168,0.0018483,0.21168,460.486,0,1.02816,0,0,2.98712,1.95896,1.028160,1,0,110.25,0,0,0,110.25,0
42.0448,2.50864,0,0,3.21086,0.238128,0.36288,3.6288,61.308,0.460529,0,0,1.7957,0.195385,1.13979,0.66528,12.849,1,0.768495,0.36288,0,114.598,4.48092,109.711,0.84672,12.849,0.84672,3695.15,0,0.0036966,1.38839e-05,2.73352,1.95613,10.149,0.994521,13.8441,0.42336,0.0018483,0.21168,0.0018483,0.21168,460.486,0,1.02816,0,0,3.76168,2.73352,1.028160,1,0,124.695,0,0,0,124.695,0
42.2466,2.47533,0,0,3.27534,0.235408,0.36288,3.6288,61.308,0.506318,0,0,1.6166,0.169153,0.941125,0.66528,12.849,1,0.756466,0.36288,0,101.523,3.54554,97.5835,0.84672,12.849,0.84672,3695.15,0,0.0036966,1.52644e-05,2.59969,1.76433,9.54988,0.845338,13.0685,0.42336,0.0018483,0.21168,0.0018483,0.21168,460.486,0,1.02816,0,0,3.62785,2.59969,1.028160,1,0,111.593,0,0,0,111.593,0
42.4484,2.47844,0,0,3.26939,0.226198,0.36288,3.6288,61.308,0.506318,0,0,1.61057,0.196816,0.90744,0.66528,12.849,1,0.753802,0.36288,0,120.675,4.20073,116.083,0.84672,12.849,0.84672,3695.15,0,0.0036966,1.52644e-05,2.61882,1.79121,9.98594,1.05032,13.3456,0.42336,0.0018483,0.21168,0.0018483,0.21168,460.486,0,1.02816,0,0,3.64698,2.61882,1.028160,1,0,130.336,0,0,0,130.336,0
45.2296,2.48154,0,0,5.85234,0.226729,0.36288,3.6288,61.308,0.506318,0,0,3.07975,0.196816,2.37661,0.66528,12.849,1,0.751155,0.36288,0,112.347,4.20073,107.758,0.84672,12.849,0.84672,3695.15,0,0.0036966,1.52644e-05,4.81426,1.79129,15.1467,1.05032,20.7019,0.42336,0.0018483,0.21168,0.0018483,0.21168,460.486,0,1.02816,0,0,5.84242,4.81426,1.028160,1,0,130.836,0,0,0,130.836,0
49.552,2.51787,0,0,7.43895,0.2358,0.36288,3.6288,61.308,0.506318,0,0,3.28114,0.187552,2.58727,0.66528,12.849,1,0.715285,0.36288,0,169.256,4.25051,164.653,0.84672,12.849,0.84672,3695.15,0,0.0036966,1.52644e-05,5.60348,1.79138,19.8826,1.02933,26.2481,0.42336,0.0018483,0.21168,0.0018483,0.21168,460.486,0,1.02816,0,0,6.63164,5.60348,1.028160,1,0,193.488,0,0,0,193.488,0
51.2047,2.66291,0,0,4.9282,0.249709,0.36288,3.6288,61.308,0.566219,0,0,2.93083,0.1752,2.18942,0.66528,12.849,1,0.690501,0.36288,0,116.454,4.31686,111.81,0.84672,12.849,0.84672,3695.15,0,0.0036966,1.70702e-05,6.27163,1.79146,16.0823,1.00136,23.144,0.42336,0.0018483,0.21168,0.0018483,0.21168,460.486,0,1.02816,0,0,7.29979,6.27163,1.028160,1,0,137.143,0,0,0,137.143,0
51.6338,2.71702,0,0,3.76306,0.254094,0.36288,3.6288,61.308,0.521281,0,0,2.46673,0.1752,1.77025,0.66528,12.849,1,0.681793,0.36288,0,86.7923,4.31686,82.1565,0.84672,12.849,0.84672,3695.15,0,0.0036966,1.57155e-05,4.27275,1.86028,12.9451,1.00136,18.0768,0.42336,0.0018483,0.21168,0.0018483,0.21168,460.486,0,1.02816,0,0,5.30091,4.27275,1.028160,1,0,102.004,0,0,0,102.004,0
51.3516,2.72182,0,0,3.05773,0.255232,0.36288,3.6288,61.308,0.521428,0,0,1.94174,0.1752,1.24511,0.66528,12.849,1,0.677321,0.36288,0,69.3222,4.31686,64.6909,0.84672,12.849,0.84672,3695.15,0,0.0036966,1.57199e-05,3.31327,1.83407,9.88053,1.00136,14.0265,0.42336,0.0018483,0.21168,0.0018483,0.21168,460.486,0,1.02816,0,0,4.34143,3.31327,1.028160,1,0,79.9625,0,0,0,79.9625,0
50.8274,2.7191,0,0,2.78084,0.222999,0.36288,3.6288,61.308,0.521575,0,0,1.65851,0.194887,0.942047,0.66528,12.849,1,0.680362,0.36288,0,61.2874,4.50639,56.4635,0.84672,12.849,0.84672,3695.15,0,0.0036966,1.57243e-05,2.6778,1.83424,8.50802,1.02377,11.9963,0.42336,0.0018483,0.21168,0.0018483,0.21168,460.486,0,1.02816,0,0,3.70596,2.6778,1.028160,1,0,69.4018,0,0,0,69.4018,0
49.9071,2.67635,0,0,2.33376,0.21485,0.36288,3.6288,61.308,0.498448,0,0,1.28543,0.19175,0.595236,0.66528,12.849,1,0.676572,0.36288,0,46.7983,4.14309,42.3415,0.84672,12.849,0.84672,3695.15,0,0.0036966,1.50271e-05,1.04216,1.83441,5.87377,1.05214,7.69819,0.42336,0.0018483,0.21168,0.0018483,0.21168,460.486,0,1.02816,0,0,2.07032,1.04216,1.028160,1,0,50.6349,0,0,0,50.6349,0
48.518,2.66668,0,0,1.85321,0.212777,0.36288,3.6288,61.308,0.498592,0,0,1.12,0.19175,0.429662,0.66528,12.849,1,0.686559,0.36288,0,36.1424,4.14309,31.6756,0.84672,12.849,0.84672,3695.15,0,0.0036966,1.50314e-05,0.829751,1.80782,6.03922,1.05214,7.62464,0.42336,0.0018483,0.21168,0.0018483,0.21168,460.486,0,1.02816,0,0,1.85791,0.829751,1.028160,1,0,39.73,0,0,0,39.73,0
47.0308,2.65139,0,0,1.73671,0.209627,0.36288,3.6288,61.308,0.498736,0,0,1.10809,0.19175,0.417602,0.66528,12.849,1,0.702166,0.36288,0,34.2435,4.14309,29.7611,0.84672,12.849,0.84672,3695.15,0,0.0036966,1.50358e-05,0.786482,1.808,5.747,1.05214,7.28932,0.42336,0.0018483,0.21168,0.0018483,0.21168,460.486,0,1.02816,0,0,1.81464,0.786482,1.028160,1,0,37.4681,0,0,0,37.4681,0
46.5726,2.6342,0,0,2.73905,0.200203,0.36288,3.6288,61.308,0.498881,0,0,1.4161,0.193535,0.723689,0.66528,12.849,1,0.719673,0.36288,0,44.9328,4.19727,40.3788,0.84672,12.849,0.84672,3695.15,0,0.0036966,1.50402e-05,1.21491,1.80817,5.69238,1.04211,7.67334,0.42336,0.0018483,0.21168,0.0018483,0.21168,460.486,0,1.02816,0,0,2.24307,1.21491,1.028160,1,0,48.7758,0,0,0,48.7758,0
45.1628,2.74788,0,0,1.861,0.160061,0.36288,3.6288,61.308,0.588887,0,0,1.06987,0.225413,0.255565,0.66528,12.849,1,0.758119,0.36288,0,41.2188,4.70092,36.1226,0.84672,12.849,0.84672,3695.15,0,0.0036966,1.77536e-05,0.533771,1.80834,4.62828,1.14287,5.82749,0.42336,0.0018483,0.21168,0.0018483,0.21168,460.486,0,1.02816,0,0,1.56193,0.533771,1.028160,1,0,42.2057,0,0,0,42.2057,0
43.8072,2.7354,0,0,1.89912,0.156354,0.36288,3.6288,61.308,0.622601,0,0,0.99627,0.23388,0.139789,0.66528,12.849,1,0.778232,0.36288,0,40.888,4.77235,35.7003,0.84672,12.849,0.84672,3695.15,0,0.0036966,1.877e-05,0.402797,1.90639,4.16273,1.20725,5.26464,0.42336,0.0018483,0.21168,0.0018483,0.21168,460.486,0,0.987301,0,0,1.3901,0.402797,1.028160,1,0,41.1047,0,0,0,41.1047,0
42.2361,2.71703,0,0,1.65723,0.148456,0.36288,3.6288,61.308,0.612939,0,0,0.926009,0.238602,0.0744691,0.66528,12.849,1,0.796926,0.36288,0,36.5453,4.82591,31.2853,0.84672,12.849,0.84672,3695.15,0,0.0036966,1.84787e-05,0.30119,1.9023,4.02618,1.22093,5.00872,0.42336,0.0018483,0.21168,0.0018483,0.21168,460.486,0,0.997116,0,0,1.29831,0.30119,1.028160,1,0,36.3685,0,0,0,36.3685,0
40.6261,2.69455,0,0,1.56072,0.11332,0.36288,3.6288,61.2565,0.671953,0,0,0.887432,0.266932,0,0.66528,12.849,1,0.819733,0.36288,0,32.7708,5.1472,27.1668,0.84672,12.849,0.84672,3695.15,0,0.0036966,2.02579e-05,0.30119,1.90248,3.8078,1.30303,4.70843,0.42336,0.0018483,0.21168,0.0018483,0.21168,460.486,0,0.938252,0,0,1.23944,0.30119,1.028160,1,0,31.8752,0,0,0,31.8752,0
38.8541,2.67012,0,0,1.36278,0.101727,0.36288,3.6288,60.9819,0.725266,0,0,0.733133,0.282472,0,0.66528,12.849,1,0.844492,0.36288,0,29.0831,5.27172,23.3298,0.84672,12.849,0.84672,3695.15,0,0.0036966,2.18835e-05,0.30119,1.90266,3.47917,1.35654,4.32646,0.42336,0.0018483,0.21168,0.0018483,0.21168,460.486,0,0.88509,0,0,1.18628,0.30119,1.028160,1,0,27.6562,0,0,0,27.6562,0
36.8976,2.63674,0,0,1.13035,0.087273,0.36288,3.6288,60.3979,0.826995,0,0,0.545765,0.302781,0,0.66528,12.849,1,0.84672,0.36288,0,22.185,5.43774,16.2634,0.84672,12.849,0.84672,3695.15,0,0.0036966,2.50654e-05,0.30119,1.90284,2.42183,1.4279,3.19793,0.42336,0.0018483,0.21168,0.0018483,0.21168,460.486,0,0.828913,0,0,1.1301,0.30119,1.028160,1,0,19.4614,0,0,0,19.4614,0
34.8458,2.63706,0,0,1.03341,0.0852941,0.36288,3.6288,59.7796,0.840776,0,0,0.524096,0.30166,0,0.66528,12.849,1,0.84672,0.36288,0,20.0813,5.43774,14.1597,0.84672,12.849,0.84672,3695.15,0,0.0036966,2.57295e-05,0.261274,1.9322,2.41111,1.4279,3.17666,0.42336,0.0018483,0.21168,0.0018483,0.21168,460.486,0,0.815288,0,0,1.07656,0.261274,1.028160,1,0,17.3363,0,0,0,17.3363,0
32.7624,2.63739,0,0,1.00012,0.0832188,0.36288,3.6288,58.9972,0.974209,0,0,0.492277,0.300474,0,0.66528,12.849,1,0.84672,0.36288,0,18.2687,5.43774,12.3471,0.84672,12.849,0.84672,3695.15,0,0.0036966,3.01212e-05,0.261274,1.93238,2.34316,1.4279,3.10888,0.42336,0.0018483,0.21168,0.0018483,0.21168,460.486,0,0.682007,0,0,0.943281,0.261274,1.028160,1,0,15.456,0,0,0,15.456,0
30.6468,2.63771,0,0,0.959161,0.0741382,0.36288,3.6288,58.1479,1.0097,0,0,0.468154,0.307729,0,0.66528,12.849,1,0.84672,0.36288,0,16.5531,5.51367,10.5556,0.84672,12.849,0.84672,3695.15,0,0.0036966,3.16326e-05,0.261274,1.93256,2.30994,1.47288,3.03087,0.42336,0.0018483,0.21168,0.0018483,0.21168,460.486,0,0.646669,0,0,0.907943,0.261274,1.028160,1,0,13.5865,0,0,0,13.5865,0
28.4832,2.71935,0,0,0.981634,0.0630096,0.36288,3.6288,57.352,1.01854,0,0,0.508723,0.286112,0,0.66528,12.849,1,0.84672,0.36288,0,17.3013,5.6323,11.1851,0.84672,12.849,0.84672,3695.15,0,0.0036966,0.0018483,0.261274,1.93275,2.03745,1.36908,2.86054,0.42336,0.0018483,0.21168,0.0018483,0.21168,460.486,0,0.674905,0,0,0.936179,0.261274,1.028160,1,0,14.0457,0,0,0,14.0457,0
26.2083,2.71968,0,0,0.868864,0.061199,0.36288,3.6288,56.4785,1.06635,0,0,0.477484,0.284643,0,0.66528,12.849,1,0.84672,0.36288,0,16.3322,5.6323,10.216,0.84672,12.849,0.84672,3695.15,0,0.0036966,0.0018483,0.261274,1.97944,2.0386,1.36908,2.90839,0.42336,0.0018483,0.21168,0.0018483,0.21168,460.486,0,0.627091,0,0,0.888365,0.261274,1.028160,1,0,13.1244,0,0,0,13.1244,0
23.8606,2.72,0,0,0.794396,0.0592953,0.36288,3.6288,55.5544,1.10233,0,0,0.461239,0.283031,0,0.66528,12.849,1,0.84672,0.36288,0,15.3376,5.6323,9.2215,0.84672,12.849,0.84672,3695.15,0,0.0036966,0.0018483,0.227405,1.97963,1.94236,1.36908,2.77847,0.42336,0.0018483,0.21168,0.0018483,0.21168,460.486,0,0.591106,0,0,0.81851,0.227405,1.028160,1,0,12,0,0,0,12,0
21.4115,2.72032,0,0,0.681698,0.0475763,0.36288,3.6288,54.6159,1.11034,0,0,0.459352,0.287456,0,0.66528,12.849,1,0.84672,0.36288,0,14.6301,5.89161,8.25466,0.84672,12.849,0.84672,3695.15,0,0.0036966,0.0018483,0.227405,1.97982,1.93002,1.38435,2.75105,0.42336,0.0018483,0.21168,0.0018483,0.21168,460.486,0,0.583105,0,0,0.81051,0.227405,1.028160,1,0,11.0057,0,0,0,11.0057,0
18.6213,2.79818,0,0,0.416331,0.0454656,0.36288,3.6288,53.374,1.29391,0,0,0.342058,0.290054,0,0.66528,12.849,1,0.84672,0.36288,0,10.1682,5.7998,3.88452,0.84672,12.849,0.84672,3695.15,0,0.0036966,0.0018483,0.227405,1.98001,1.74678,1.39135,2.561,0.42336,0.0018483,0.21168,0.0018483,0.21168,460.486,0,0.399532,0,0,0.626937,0.227405,1.028160,1,0,6.44552,0,0,0,6.44552,0
15.7253,2.79849,0,0,0.304442,0.0390104,0.36288,3.6288,51.9512,1.39793,0,0,0.273917,0.298789,0,0.66528,12.0099,1,0.84672,0.36288,0,7.6693,5.83359,3.20544,0.84672,12.0099,0.84672,3694.14,0,0.0036966,0.0018483,0.227405,2.0475,1.78204,1.48561,2.56949,0.42336,0.0018483,0.21168,0.0018483,0.21168,460.486,0,0.295512,0,0,0.522917,0.227405,1.028160,1,0,5.77493,0,0,0,5.77493,0
13.0028,2.79878,0,0,0.487238,0.0480747,0.36288,3.6288,50.7339,1.26257,0,0,0.336644,0.291371,0,0.66528,12.849,1,0.84672,0.36288,0,12.7411,5.71485,4.6888,0.84672,12.849,0.84672,3695.15,0,0.0036966,0.0018483,0.204422,2.04769,1.94257,1.47105,2.7218,0.42336,0.0018483,0.21168,0.0018483,0.21168,460.486,0,0.430867,0,0,0.63529,0.204422,1.028160,1,0,7.41059,0,0,0,7.41059,0
10.406,2.79906,0,0,0.6107,0.0456078,0.36288,3.6288,49.5899,1.27422,0,0,0.410526,0.28031,0,0.66528,12.849,1,0.84672,0.36288,0,15.1952,5.85493,8.85639,0.84672,12.849,0.84672,3695.15,0,0.0036966,0.0018483,0.204422,2.04789,1.90521,1.45703,2.69864,0.42336,0.0018483,0.21168,0.0018483,0.21168,460.486,0,0.419215,0,0,0.623638,0.204422,1.028160,1,0,11.555,0,0,0,11.555,0
7.88248,2.79931,0,0,0.682387,0.0437144,0.36288,3.6288,48.6686,1.10335,0,0,0.454982,0.272928,0,0.66528,12.849,1,0.84672,0.36288,0,12.1273,5.9027,5.74074,0.84672,12.849,0.84672,3695.15,0,0.0036966,0.0018483,0.204422,2.04808,2.32733,1.48828,3.08971,0.42336,0.0018483,0.21168,0.0018483,0.21168,460.486,0,0.590086,0,0,0.794508,0.204422,1.028160,1,0,8.83045,0,0,0,8.83045,0
5.21001,2.68825,0,0,0.423714,0.0450535,0.36288,3.6288,47.3528,1.37736,0,0,0.322707,0.261161,0,0.66528,12.849,1,0.84672,0.36288,0,12.3562,5.92662,5.94569,0.84672,12.849,0.84672,3695.15,0,0.0036966,5.23082e-05,0.204422,2.04827,2.04143,1.56769,2.72639,0.42336,0.0018483,0.21168,0.0018483,0.21168,460.486,0,0.304404,0,0,0.508826,0.204422,1.028160,1,0,8.67208,0,0,0,8.67208,0
2.91838,2.68826,0,0,0.800899,0.0413962,0.36288,3.6288,46.7102,0.937356,0,0,0.553106,0.258313,0,0.66528,12.849,1,0.84672,0.36288,0,14.7306,5.92662,8.32014,0.84672,12.849,0.84672,3695.15,0,0.0036966,3.65874e-05,0.216518,1.96194,3.49937,1.56769,4.1101,0.42336,0.0018483,0.21168,0.0018483,0.21168,460.486,0,0.744578,0,0,0.961096,0.216518,1.028160,1,0,12.4302,0,0,0,12.4302,0
0.188676,2.68784,0,0,0.359124,0.0381016,0.36288,3.6288,45.3598,1.4073,0,0,0.313798,0.256916,0,0.66528,12.849,1,0.84672,0.36288,0,11.2005,5.92662,4.79,0.84672,12.849,0.84672,3695.15,0,0.0036966,5.56862e-05,0.216518,1.96212,1.79932,1.56769,2.41022,0.42336,0.0018483,0.21168,0.0018483,0.21168,460.486,0,0.274771,0,0,0.491289,0.216518,1.028160,1,0,7.20022,0,0,0,7.20022,0
0.0440296,0.188676,0,0,0.449772,0.042862,0.36288,3.6288,44.1201,1.38537,0,0,0.397082,0.251414,0,0.66528,12.849,1,0.84672,0.36288,0,10.6859,5.74615,4.45587,0.84672,12.849,0.84672,3695.15,0,0.0036966,5.64505e-05,0.216518,1.96231,2.20129,1.54053,2.83953,0.42336,0.0018483,0.21168,0.0018483,0.21168,460.486,0,0.296859,0,0,0.513378,0.216518,1.028160,1,0,7.2954,0,0,0,7.2954,0
0.618622,0.0440296,0,0,1.05304,0.0715423,0.36288,3.6288,43.374,0.966418,0,0,0.419019,0.198695,0,0.66528,12.849,1,0.84672,0.36288,0,17.4255,4.13516,12.8065,0.84672,12.849,0.84672,3695.15,0,0.0036966,4.04856e-05,0.216518,1.96249,2.62604,0.977967,3.82705,0.42336,0.0018483,0.21168,0.0018483,0.21168,460.486,0,0.709342,0,0,0.925861,0.216518,1.028160,1,0,16.6335,0,0,0,16.6335,0
1.58877,0.618622,0,0,2.02474,0.0730864,0.36288,3.6288,43.1686,0.712357,0,0,0.692768,0.18579,0,0.66528,12.849,1,0.84672,0.36288,0,24.0926,3.94653,19.6622,0.84672,12.849,0.84672,3695.15,0,0.0036966,3.03557e-05,0.216518,1.96889,4.85364,0.907837,6.13118,0.42336,0.0018483,0.21168,0.0018483,0.21168,460.486,0,0.963572,0,0,1.18009,0.216518,1.028160,1,0,25.7934,0,0,0,25.7934,0
1.20599,1.58877,0,0,1.64495,0.0760799,0.36288,3.6288,43.1814,0.64793,0,0,0.846132,0.185427,0,0.66528,12.849,1,0.84672,0.36288,0,21.787,3.94653,17.3566,0.84672,12.849,0.84672,3695.15,0,0.0036966,2.77417e-05,0.84577,1.96908,4.41156,0.907837,6.31854,0.42336,0.0018483,0.21168,0.0018483,0.21168,460.486,0,1.02816,0,0,1.87393,0.84577,1.028160,1,0,23.6751,0,0,0,23.6751,0
1.04338,1.20599,0,0,1.49223,0.0859727,0.36288,3.6288,42.9091,0.704889,0,0,0.627047,0.194448,0,0.66528,12.849,1,0.84672,0.36288,0,21.3706,4.1205,16.7663,0.84672,12.849,0.84672,3695.15,0,0.0036966,3.01715e-05,0.292723,1.96926,5.19857,0.948452,6.51207,0.42336,0.0018483,0.21168,0.0018483,0.21168,460.486,0,0.971357,0,0,1.26408,0.292723,1.028160,1,0,23.2783,0,0,0,23.2783,0
3.23713,1.04338,0,0,3.70155,0.101536,0.36288,3.6288,43.064,0.479862,0,0,0.832277,0.197483,0,0.66528,12.849,1,0.84672,0.36288,0,58.2203,4.15374,53.5827,0.84672,12.849,0.84672,3695.15,0,0.0036966,2.06699e-05,0.980735,1.96945,6.71665,1.04921,8.6176,0.42336,0.0018483,0.21168,0.0018483,0.21168,460.486,0,1.02816,0,0,2.0089,0.980735,1.028160,1,0,62.2003,0,0,0,62.2003,0
3.63167,2.45369,0,0,3.32308,0.111979,0.36288,3.6288,42.976,0.506313,0,0,0.609707,0.191444,0,0.66528,12.849,1,0.84672,0.36288,0,42.9573,4.0047,38.4688,0.84672,12.849,0.84672,3695.15,0,0.0036966,2.17308e-05,0.552433,1.78874,3.89938,1.08417,5.15636,0.42336,0.0018483,0.21168,0.0018483,0.21168,460.486,0,1.02816,0,0,1.58059,0.552433,1.028160,1,0,43.6251,0,0,0,43.6251,0
3.33806,2.4543,0,0,2.63722,0.113658,0.36288,3.6288,42.8174,0.518702,0,0,0.55138,0.191284,0,0.66528,12.849,1,0.84672,0.36288,0,31.45,4.0047,26.9615,0.84672,12.849,0.84672,3695.15,0,0.0036966,2.23082e-05,0.412474,1.80431,7.31277,1.08417,8.44536,0.42336,0.0018483,0.21168,0.0018483,0.21168,460.486,0,1.01577,0,0,1.42824,0.412474,1.028160,1,0,35.4068,0,0,0,35.4068,0
2.7515,2.48065,0,0,2.36618,0.109204,0.36288,3.6288,42.7101,0.48029,0,0,0.58495,0.211914,0,0.66528,12.849,1,0.84672,0.36288,0,45.3838,4.833,40.0669,0.84672,12.849,0.84672,3695.15,0,0.0036966,2.07327e-05,0.657599,1.80439,6.2485,1.27593,7.43454,0.42336,0.0018483,0.21168,0.0018483,0.21168,460.486,0,1.02816,0,0,1.68576,0.657599,1.028160,1,0,47.5015,0,0,0,47.5015,0
3.28375,2.48067,0,0,3.48136,0.105555,0.36288,3.6288,42.7856,0.480432,0,0,0.774885,0.218948,0,0.66528,12.849,1,0.84672,0.36288,0,62.1712,5.00021,56.6871,0.84672,12.849,0.84672,3695.15,0,0.0036966,2.07909e-05,0.610139,1.78925,5.47166,1.34748,6.52355,0.42336,0.0018483,0.21168,0.0018483,0.21168,460.486,0,1.02816,0,0,1.6383,0.610139,1.028160,1,0,63.2107,0,0,0,63.2107,0
4.40028,2.58548,0,0,4.17281,0.107914,0.36288,3.6288,42.7905,0.52935,0,0,0.746703,0.212452,0,0.66528,12.849,1,0.84672,0.36288,0,49.3181,4.01551,44.8187,0.84672,12.849,0.84672,3695.15,0,0.0036966,2.28674e-05,0.495374,1.78942,7.06752,1.31656,8.03573,0.42336,0.0018483,0.21168,0.0018483,0.21168,460.486,0,1.02816,0,0,1.52353,0.495374,1.028160,1,0,52.8544,0,0,0,52.8544,0
4.80134,2.58615,0,0,3.46257,0.112487,0.36288,3.6288,42.4429,0.752628,0,0,0.617446,0.212462,0,0.66528,12.849,1,0.84672,0.36288,0,44.4052,4.01551,39.9058,0.84672,12.849,0.84672,3695.15,0,0.0036966,3.25091e-05,0.503194,1.84682,6.16753,1.31656,7.20096,0.42336,0.0018483,0.21168,0.0018483,0.21168,460.486,0,0.805006,0,0,1.3082,0.503194,1.028160,1,0,47.1068,0,0,0,47.1068,0
5.91577,2.58653,0,0,4.1662,0.102356,0.36288,3.6288,42.7092,0.529617,0,0,0.997147,0.201255,0,0.66528,12.849,1,0.84672,0.36288,0,48.0772,3.93602,43.6573,0.84672,12.849,0.84672,3695.15,0,0.0036966,2.30637e-05,0.588989,1.84698,7.95184,1.17946,9.20832,0.42336,0.0018483,0.21168,0.0018483,0.21168,460.486,0,1.02816,0,0,1.61715,0.588989,1.028160,1,0,52.8657,0,0,0,52.8657,0
6.28282,2.58702,0,0,3.41828,0.101323,0.36288,3.6288,43.0288,0.529751,0,0,1.04693,0.197557,0,0.66528,12.849,1,0.84672,0.36288,0,54.3496,3.90421,49.9615,0.84672,12.849,0.84672,3695.15,0,0.0036966,2.29257e-05,0.591227,1.84713,7.87545,1.12463,9.18916,0.42336,0.0018483,0.21168,0.0018483,0.21168,460.486,0,1.02816,0,0,1.61939,0.591227,1.028160,1,0,59.1507,0,0,0,59.1507,0
8.88282,2.76315,0,0,5.86099,0.134961,0.36288,3.6288,43.57,0.639548,0,0,1.33925,0.158466,0,0.66528,12.849,1,0.84672,0.36288,0,78.9255,3.17634,75.2654,0.84672,12.849,0.84672,3695.15,0,0.0036966,2.74718e-05,1.32251,1.84729,9.19728,0.866802,11.5003,0.42336,0.0018483,0.21168,0.0018483,0.21168,460.486,0,1.02816,0,0,2.35067,1.32251,1.028160,1,0,86.7656,0,0,0,86.7656,0
10.3825,2.76369,0,0,4.78646,0.160215,0.36288,3.6288,44.2241,0.639692,0,0,1.43709,0.143324,0,0.66528,12.849,1,0.84672,0.36288,0,66.3415,2.88519,62.9724,0.84672,12.849,0.84672,3695.15,0,0.0036966,2.71366e-05,1.58075,1.96513,8.85574,0.763672,11.6379,0.42336,0.0018483,0.21168,0.0018483,0.21168,460.486,0,1.02816,0,0,2.60891,1.58075,1.028160,1,0,74.6104,0,0,0,74.6104,0
12.143,2.76409,0,0,5.04341,0.155908,0.36288,3.6288,44.911,0.639835,0,0,1.49532,0.168649,0,0.66528,12.849,1,0.84672,0.36288,0,66.9669,4.05633,62.4267,0.84672,12.849,0.84672,3695.15,0,0.0036966,2.67412e-05,1.698,1.9653,9.86368,1.16272,12.3642,0.42336,0.0018483,0.21168,0.0018483,0.21168,460.486,0,1.02816,0,0,2.72616,1.698,1.028160,1,0,74.791,0,0,0,74.791,0
14.2191,2.76447,0,0,5.35028,0.146904,0.36288,3.6288,45.6377,0.639979,0,0,1.54051,0.173829,0,0.66528,12.849,1,0.84672,0.36288,0,71.312,3.78233,67.0458,0.84672,12.849,0.84672,3695.15,0,0.0036966,2.63382e-05,2.06621,1.96547,11.4744,0.99317,14.5129,0.42336,0.0018483,0.21168,0.0018483,0.21168,460.486,0,1.02816,0,0,3.09437,2.06621,1.028160,1,0,81.5587,0,0,0,81.5587,0
17.0204,2.4461,0,0,5.7607,0.150416,0.36288,3.6288,48.1248,0.467747,0,0,3.11709,0.162247,0,0.66528,12.849,1,0.84672,0.36288,0,98.7733,3.55156,94.7379,0.84672,12.849,0.84672,3695.15,0,0.0036966,1.89435e-05,3.99896,1.96564,14.7626,0.874879,19.8523,0.42336,0.0018483,0.21168,0.0018483,0.21168,460.486,0,1.02816,0,0,5.02712,3.99896,1.028160,1,0,114.59,0,0,0,114.59,0
19.3826,2.40802,0,0,5.29282,0.159675,0.36288,3.6288,49.3217,0.506301,0,0,1.86197,0.158741,0,0.66528,12.849,1,0.84672,0.36288,0,88.1582,3.53357,84.1408,0.84672,12.849,0.84672,3695.15,0,0.0036966,1.94452e-05,2.8393,1.77289,10.1892,0.868141,13.9333,0.42336,0.0018483,0.21168,0.0018483,0.21168,460.486,0,1.02816,0,0,3.86746,2.8393,1.028160,1,0,98.0741,0,0,0,98.0741,0
20.7725,2.40846,0,0,4.32637,0.16514,0.36288,3.6288,50.2116,0.506301,0,0,1.5565,0.160322,0,0.66528,12.849,1,0.84672,0.36288,0,76.5582,3.53357,72.5408,0.84672,12.849,0.84672,3695.15,0,0.0036966,1.89733e-05,2.02775,1.79553,7.73661,0.868141,10.6917,0.42336,0.0018483,0.21168,0.0018483,0.21168,460.486,0,1.02816,0,0,3.05591,2.02775,1.028160,1,0,83.2325,0,0,0,83.2325,0
23.2379,2.40889,0,0,5.4055,0.168356,0.36288,3.6288,51.5883,0.506302,0,0,2.04452,0.161498,0,0.66528,12.849,1,0.84672,0.36288,0,101.486,3.53357,97.4689,0.84672,12.849,0.84672,3695.15,0,0.0036966,1.86371e-05,2.89675,1.7956,8.80079,0.868141,12.625,0.42336,0.0018483,0.21168,0.0018483,0.21168,460.486,0,1.02816,0,0,3.92491,2.89675,1.028160,1,0,110.094,0,0,0,110.094,0
26.838,2.40932,0,0,6.54538,0.173069,0.36288,3.6288,53.6479,0.506302,0,0,2.71585,0.149889,0,0.66528,12.849,1,0.84672,0.36288,0,139.956,3.47781,135.994,0.84672,12.849,0.84672,3695.15,0,0.0036966,1.81398e-05,4.80311,1.79568,13.7519,0.854222,19.4964,0.42336,0.0018483,0.21168,0.0018483,0.21168,460.486,0,1.02816,0,0,5.83127,4.80311,1.028160,1,0,155.491,0,0,0,155.491,0
29.908,2.53012,0,0,6.14708,0.184081,0.36288,3.6288,55.9574,0.566492,0,0,3.05141,0.175465,0,0.66528,12.849,1,0.84672,0.36288,0,85.0928,4.2798,80.3291,0.84672,12.849,0.84672,3695.15,0,0.0036966,1.9517e-05,4.25821,1.79576,11.2704,0.980653,16.3437,0.42336,0.0018483,0.21168,0.0018483,0.21168,460.486,0,1.02816,0,0,5.28637,4.25821,1.028160,1,0,96.6729,0,0,0,96.6729,0
31.8013,2.56834,0,0,5.01651,0.191986,0.36288,3.6288,57.6248,0.528714,0,0,2.37435,0.1782,0,0.66528,12.849,1,0.84672,0.36288,0,75.7374,4.2798,70.9737,0.84672,12.849,0.84672,3695.15,0,0.0036966,1.74637e-05,3.08324,1.8649,9.95466,0.980653,13.9221,0.42336,0.0018483,0.21168,0.0018483,0.21168,460.486,0,1.02816,0,0,4.1114,3.08324,1.028160,1,0,84.8959,0,0,0,84.8959,0
32.4567,2.56865,0,0,3.76498,0.178055,0.36288,3.6288,58.8317,0.528848,0,0,1.92504,0.189287,0,0.66528,12.849,1,0.84672,0.36288,0,63.8331,4.36318,58.9861,0.84672,12.849,0.84672,3695.15,0,0.0036966,1.69627e-05,2.43446,1.84287,7.0556,0.986475,10.3464,0.42336,0.0018483,0.21168,0.0018483,0.21168,460.486,0,1.02816,0,0,3.46262,2.43446,1.028160,1,0,69.3325,0,0,0,69.3325,0
32.6086,2.56894,0,0,3.23806,0.154333,0.36288,3.6288,59.6707,0.528982,0,0,1.57099,0.203051,0,0.66528,12.849,1,0.84672,0.36288,0,43.6063,4.47437,38.648,0.84672,12.849,0.84672,3695.15,0,0.0036966,1.66189e-05,1.9268,1.84303,5.76419,0.994238,8.53976,0.42336,0.0018483,0.21168,0.0018483,0.21168,460.486,0,1.02816,0,0,2.95496,1.9268,1.028160,1,0,47.1878,0,0,0,47.1878,0
32.2389,2.52216,0,0,2.68866,0.173322,0.36288,3.6288,60.065,0.505732,0,0,1.07866,0.178613,0,0.66528,12.849,1,0.84672,0.36288,0,47.0194,3.41782,43.1177,0.84672,12.849,0.84672,3695.15,0,0.0036966,1.5665e-05,0.969123,1.84318,4.8756,0.970596,6.71729,0.42336,0.0018483,0.21168,0.0018483,0.21168,460.486,0,1.02816,0,0,1.99728,0.969123,1.028160,1,0,49.835,0,0,0,49.835,0
31.5947,2.522,0,0,2.39907,0.158328,0.36288,3.6288,60.2545,0.506308,0,0,0.904712,0.208911,0,0.66528,12.849,1,0.84672,0.36288,0,41.7789,3.73395,37.5611,0.84672,12.849,0.84672,3695.15,0,0.0036966,1.55799e-05,0.820869,1.81645,4.42689,0.995492,6.06871,0.42336,0.0018483,0.21168,0.0018483,0.21168,460.486,0,1.02816,0,0,1.84903,0.820869,1.028160,1,0,43.6298,0,0,0,43.6298,0
30.8474,2.52242,0,0,2.25784,0.11987,0.36288,3.6288,60.4128,0.506308,0,0,0.899744,0.235147,0,0.66528,12.849,1,0.84672,0.36288,0,38.9613,3.96459,34.5129,0.84672,12.849,0.84672,3695.15,0,0.0036966,1.55309e-05,0.792711,1.81687,4.40554,1.00926,6.00584,0.42336,0.0018483,0.21168,0.0018483,0.21168,460.486,0,1.02816,0,0,1.82087,0.792711,1.028160,1,0,40.5187,0,0,0,40.5187,0
30.0188,2.52283,0,0,2.17587,0.118723,0.36288,3.6288,60.5704,0.506308,0,0,0.899286,0.235384,0,0.66528,12.849,1,0.84672,0.36288,0,37.2509,3.96459,32.8025,0.84672,12.849,0.84672,3695.15,0,0.0036966,1.54903e-05,0.856613,1.81695,4.84087,1.00926,6.50515,0.42336,0.0018483,0.21168,0.0018483,0.21168,460.486,0,1.02816,0,0,1.88477,0.856613,1.028160,1,0,39.3076,0,0,0,39.3076,0
28.8823,2.68311,0,0,2.02458,0.115086,0.36288,3.6288,60.6434,0.589265,0,0,0.899053,0.236701,0,0.66528,12.849,1,0.84672,0.36288,0,32.6163,4.24605,27.8864,0.84672,12.849,0.84672,3695.15,0,0.0036966,1.79814e-05,0.648406,1.81702,3.95389,1.05272,5.36658,0.42336,0.0018483,0.21168,0.0018483,0.21168,460.486,0,1.02816,0,0,1.67657,0.648406,1.028160,1,0,33.253,0,0,0,33.253,0
27.602,2.68346,0,0,1.87762,0.111611,0.36288,3.6288,60.5398,0.589354,0,0,0.723349,0.237623,0,0.66528,12.849,1,0.84672,0.36288,0,27.6787,4.45715,22.7377,0.84672,12.849,0.84672,3695.15,0,0.0036966,1.79624e-05,0.467407,1.91116,3.40863,1.08531,4.70186,0.42336,0.0018483,0.21168,0.0018483,0.21168,460.486,0,1.02816,0,0,1.49557,0.467407,1.028160,1,0,27.4395,0,0,0,27.4395,0
26.1007,2.68375,0,0,1.64595,0.100637,0.36288,3.6288,60.3773,0.589493,0,0,0.673868,0.246864,0,0.66528,12.849,1,0.84672,0.36288,0,24.7294,4.56424,19.6813,0.84672,12.849,0.84672,3695.15,0,0.0036966,1.79974e-05,0.366215,1.91129,3.3071,1.11268,4.47191,0.42336,0.0018483,0.21168,0.0018483,0.21168,460.486,0,1.02816,0,0,1.39438,0.366215,1.028160,1,0,24.1532,0,0,0,24.1532,0
24.5346,2.68405,0,0,1.55723,0.0764394,0.36288,3.6288,60.1632,0.591938,0,0,0.647888,0.270079,0,0.66528,12.849,1,0.84672,0.36288,0,22.606,4.832,17.2901,0.84672,12.849,0.84672,3695.15,0,0.0036966,1.81207e-05,0.30119,1.91146,3.18148,1.18109,4.21302,0.42336,0.0018483,0.21168,0.0018483,0.21168,460.486,0,1.02585,0,0,1.32704,0.30119,1.028160,1,0,21.5031,0,0,0,21.5031,0
22.9032,2.68434,0,0,1.4866,0.0707511,0.36288,3.6288,59.8759,0.656218,0,0,0.637917,0.269026,0,0.66528,12.849,1,0.84672,0.36288,0,23.7024,4.92175,18.2968,0.84672,12.849,0.84672,3695.15,0,0.0036966,2.016e-05,0.30119,1.91162,3.39932,1.22102,4.39109,0.42336,0.0018483,0.21168,0.0018483,0.21168,460.486,0,0.96171,0,0,1.2629,0.30119,1.028160,1,0,22.6879,0,0,0,22.6879,0
21.3491,2.653,0,0,1.52115,0.0593601,0.36288,3.6288,59.5753,0.704537,0,0,0.67081,0.266824,0,0.66528,12.849,1,0.84672,0.36288,0,26.0119,5.14616,20.3819,0.84672,12.849,0.84672,3695.15,0,0.0036966,2.17483e-05,0.30119,1.91178,3.50601,1.32085,4.39811,0.42336,0.0018483,0.21168,0.0018483,0.21168,460.486,0,0.959144,0,0,1.26033,0.30119,1.028160,1,0,24.78,0,0,0,24.78,0
19.6992,2.65328,0,0,1.42442,0.0581285,0.36288,3.6288,59.2059,0.740828,0,0,0.637727,0.266312,0,0.66528,12.849,1,0.84672,0.36288,0,25.978,5.14616,20.348,0.84672,12.849,0.84672,3695.15,0,0.0036966,2.29839e-05,0.261274,1.94126,3.603,1.32085,4.48467,0.42336,0.0018483,0.21168,0.0018483,0.21168,460.486,0,0.922994,0,0,1.18427,0.261274,1.028160,1,0,24.8326,0,0,0,24.8326,0
17.9214,2.65356,0,0,1.29544,0.056821,0.36288,3.6288,58.8058,0.756298,0,0,0.621858,0.265683,0,0.66528,12.849,1,0.84672,0.36288,0,25.4695,5.14616,19.8395,0.84672,12.849,0.84672,3695.15,0,0.0036966,2.36102e-05,0.261274,1.94143,3.45231,1.32085,4.33414,0.42336,0.0018483,0.21168,0.0018483,0.21168,460.486,0,0.907667,0,0,1.16894,0.261274,1.028160,1,0,24.1737,0,0,0,24.1737,0
16.0251,2.65384,0,0,1.17579,0.055412,0.36288,3.6288,58.2359,0.888274,0,0,0.583404,0.265002,0,0.66528,12.849,1,0.84672,0.36288,0,22.6954,5.14616,17.0654,0.84672,12.849,0.84672,3695.15,0,0.0036966,2.7919e-05,0.261274,1.9416,3.33965,1.32085,4.22165,0.42336,0.0018483,0.21168,0.0018483,0.21168,460.486,0,0.775829,0,0,1.0371,0.261274,1.028160,1,0,21.287,0,0,0,21.287,0
14.2176,2.73581,0,0,1.32801,0.0368097,0.36288,3.6288,57.6713,0.802544,0,0,0.538958,0.301029,0,0.66528,12.849,1,0.84672,0.36288,0,23.0815,5.81876,16.7789,0.84672,12.849,0.84672,3695.15,0,0.0036966,0.0018483,0.261274,1.94176,3.37999,1.51576,4.06541,0.42336,0.0018483,0.21168,0.0018483,0.21168,460.486,0,0.890896,0,0,1.15217,0.261274,1.028160,1,0,20.8443,0,0,0,20.8443,0
12.3339,2.73607,0,0,1.25084,0.0355491,0.36288,3.6288,57.0826,0.798189,0,0,0.503052,0.293573,0,0.66528,12.849,1,0.84672,0.36288,0,22.1121,5.76618,15.8621,0.84672,12.849,0.84672,3695.15,0,0.0036966,0.0018483,0.261274,1.98866,3.49027,1.48814,4.25023,0.42336,0.0018483,0.21168,0.0018483,0.21168,460.486,0,0.895251,0,0,1.15652,0.261274,1.028160,1,0,20.1123,0,0,0,20.1123,0
10.3332,2.73633,0,0,1.13257,0.0341144,0.36288,3.6288,56.3886,0.882222,0,0,0.48064,0.292455,0,0.66528,12.849,1,0.84672,0.36288,0,20.8254,5.76618,14.5754,0.84672,12.849,0.84672,3695.15,0,0.0036966,0.0018483,0.227405,1.98883,3.24521,1.48814,3.97146,0.42336,0.0018483,0.21168,0.0018483,0.21168,460.486,0,0.811218,0,0,1.03862,0.227405,1.028160,1,0,18.5469,0,0,0,18.5469,0
8.1985,2.73656,0,0,0.990464,0.0256821,0.36288,3.6288,55.6683,0.898793,0,0,0.477231,0.298665,0,0.66528,12.849,1,0.84672,0.36288,0,19.8304,5.99051,13.356,0.84672,12.849,0.84672,3695.15,0,0.0036966,0.0018483,0.227405,1.989,3.27992,1.53296,3.96152,0.42336,0.0018483,0.21168,0.0018483,0.21168,460.486,0,0.794647,0,0,1.02205,0.227405,1.028160,1,0,17.3175,0,0,0,17.3175,0
5.80595,2.81463,0,0,0.814225,0.0292648,0.36288,3.6288,54.8817,0.960232,0,0,0.451711,0.278146,0,0.66528,12.849,1,0.84672,0.36288,0,17.7331,5.88717,11.3621,0.84672,12.849,0.84672,3695.15,0,0.0036966,0.0018483,0.227405,1.98917,2.8843,1.36932,3.72971,0.42336,0.0018483,0.21168,0.0018483,0.21168,460.486,0,0.733208,0,0,0.960612,0.227405,1.028160,1,0,15.0918,0,0,0,15.0918,0
3.32794,2.81469,0,0,0.728205,0.0286507,0.36288,3.6288,53.9423,1.07494,0,0,0.403171,0.267597,0,0.66528,12.849,1,0.84672,0.36288,0,16.0633,5.88525,9.69422,0.84672,12.849,0.84672,3695.15,0,0.0036966,0.0018483,0.227405,2.05696,2.46851,1.34878,3.40225,0.42336,0.0018483,0.21168,0.0018483,0.21168,460.486,0,0.618503,0,0,0.845908,0.227405,1.028160,1,0,13.0965,0,0,0,13.0965,0
1.00254,2.81433,0,0,0.878083,0.0262686,0.36288,3.6288,53.1043,0.985029,0,0,0.41301,0.265941,0,0.66528,12.849,1,0.84672,0.36288,0,15.9824,5.88525,9.61327,0.84672,12.849,0.84672,3695.15,0,0.0036966,0.0018483,0.204422,2.05714,3.56207,1.34878,4.473,0.42336,0.0018483,0.21168,0.0018483,0.21168,460.486,0,0.708411,0,0,0.912833,0.204422,1.028160,1,0,14.0863,0,0,0,14.0863,0
0.383992,1.00254,0,0,0.770826,0.0239544,0.36288,3.6288,52.2397,1.01441,0,0,0.414018,0.264211,0,0.66528,12.849,1,0.84672,0.36288,0,15.0811,5.88525,8.71203,0.84672,12.849,0.84672,3695.15,0,0.0036966,0.0018483,0.204422,2.05731,2.61856,1.34878,3.52967,0.42336,0.0018483,0.21168,0.0018483,0.21168,460.486,0,0.679035,0,0,0.883457,0.204422,1.028160,1,0,12.2417,0,0,0,12.2417,0
0.24202,0.383992,0,0,0.630107,0.0252068,0.36288,3.6288,51.2669,1.06434,0,0,0.35094,0.259415,0,0.66528,12.849,1,0.84672,0.36288,0,13.9257,5.94069,7.50116,0.84672,12.849,0.84672,3695.15,0,0.0036966,0.0018483,0.204422,2.05749,2.31527,1.34054,3.23479,0.42336,0.0018483,0.21168,0.0018483,0.21168,460.486,0,0.629104,0,0,0.833527,0.204422,1.028160,1,0,10.736,0,0,0,10.736,0
0.274277,0.24202,0,0,0.644157,0.00699966,0.36288,3.6288,50.1816,1.09895,0,0,0.251959,0.23838,0,0.66528,12.849,1,0.84672,0.36288,0,11.2513,5.88483,4.8826,0.84672,12.849,0.84672,3695.15,0,0.0036966,3.96199e-05,0.204422,2.05767,1.96896,1.3672,2.86381,0.42336,0.0018483,0.21168,0.0018483,0.21168,460.486,0,0.590518,0,0,0.79494,0.204422,1.028160,1,0,7.74641,0,0,0,7.74641,0
0.176709,0.274277,0,0,0.546598,0.00700935,0.36288,3.6288,48.9915,1.18341,0,0,0.229672,0.236282,0,0.66528,12.849,1,0.84672,0.36288,0,10.3964,5.88483,4.02776,0.84672,12.849,0.84672,3695.15,0,0.0036966,4.35876e-05,0.216518,1.97092,1.87357,1.3672,2.69376,0.42336,0.0018483,0.21168,0.0018483,0.21168,460.486,0,0.5062,0,0,0.722719,0.216518,1.028160,1,0,6.72151,0,0,0,6.72151,0
0.75653,0.176709,0,0,1.16542,0.0460137,0.36288,3.6288,48.3249,0.936096,0,0,0.420153,0.150645,0,0.66528,12.849,1,0.84672,0.36288,0,22.8856,4.63905,17.7627,0.84672,12.849,0.84672,3695.15,0,0.0036966,3.5316e-05,0.216518,1.97109,4.1513,0.977815,5.36105,0.42336,0.0018483,0.21168,0.0018483,0.21168,460.486,0,0.753667,0,0,0.970186,0.216518,1.028160,1,0,23.1238,0,0,0,23.1238,0
1.54055,0.75653,0,0,1.95726,0.0538293,0.36288,3.6288,48.0167,0.66911,0,0,0.496857,0.136003,0,0.66528,12.849,1,0.84672,0.36288,0,34.743,4.43142,29.8277,0.84672,12.849,0.84672,3695.15,0,0.0036966,2.55917e-05,0.216518,1.97126,3.76027,0.912918,5.03511,0.42336,0.0018483,0.21168,0.0018483,0.21168,460.486,0,1.02081,0,0,1.23733,0.216518,1.028160,1,0,34.8628,0,0,0,34.8628,0
1.47856,1.54055,0,0,1.88029,0.038848,0.36288,3.6288,47.753,0.655226,0,0,0.574562,0.183046,0,0.66528,12.849,1,0.84672,0.36288,0,26.0375,4.04522,21.5084,0.84672,12.849,0.84672,3695.15,0,0.0036966,2.52215e-05,0.432311,1.97142,3.72234,0.891492,5.23455,0.42336,0.0018483,0.21168,0.0018483,0.21168,460.486,0,1.02816,0,0,1.46047,0.432311,1.028160,1,0,26.743,0,0,0,26.743,0
2.19271,1.47856,0,0,2.62534,0.069748,0.36288,3.6288,47.4291,0.65537,0,0,0.522714,0.191185,0,0.66528,12.849,1,0.84672,0.36288,0,34.779,3.99977,30.2954,0.84672,12.849,0.84672,3695.15,0,0.0036966,2.53664e-05,0.44051,1.97783,3.85622,1.02182,5.25272,0.42336,0.0018483,0.21168,0.0018483,0.21168,460.486,0,1.02816,0,0,1.46867,0.44051,1.028160,1,0,35.5481,0,0,0,35.5481,0
1.79631,2.19271,0,0,2.23097,0.0717773,0.36288,3.6288,47.1696,0.655514,0,0,0.586627,0.190668,0,0.66528,12.849,1,0.84672,0.36288,0,28.4302,3.99977,23.9466,0.84672,12.849,0.84672,3695.15,0,0.0036966,2.55452e-05,0.772338,1.978,4.28615,1.02182,6.01465,0.42336,0.0018483,0.21168,0.0018483,0.21168,460.486,0,1.02816,0,0,1.8005,0.772338,1.028160,1,0,29.9612,0,0,0,29.9612,0
6.43792,1.79631,0,0,6.87145,0.0706509,0.36288,3.6288,48.201,0.655659,0,0,1.87733,0.190254,0,0.66528,12.849,1,0.84672,0.36288,0,98.5007,3.99977,94.0171,0.84672,12.849,0.84672,3695.15,0,0.0036966,2.56914e-05,4.72999,1.97817,10.192,1.02182,15.8783,0.42336,0.0018483,0.21168,0.0018483,0.21168,460.486,0,1.02816,0,0,5.75815,4.72999,1.028160,1,0,109.895,0,0,0,109.895,0
9.21669,2.49536,0,0,5.7331,0.0960931,0.36288,3.6288,49.0251,0.486659,0,0,1.50543,0.194652,0,0.66528,12.849,1,0.84672,0.36288,0,79.0279,4.19385,74.3502,0.84672,12.849,0.84672,3695.15,0,0.0036966,1.86613e-05,2.28543,1.97834,8.6153,1.0636,11.8155,0.42336,0.0018483,0.21168,0.0018483,0.21168,460.486,0,1.02816,0,0,3.31359,2.28543,1.028160,1,0,86.1657,0,0,0,86.1657,0
10.7102,2.47635,0,0,4.45559,0.122878,0.36288,3.6288,48.9521,0.506303,0,0,0.632937,0.19968,0,0.66528,12.849,1,0.84672,0.36288,0,55.9193,4.45263,50.9828,0.84672,12.849,0.84672,3695.15,0,0.0036966,1.90882e-05,1.10236,1.7968,7.2252,1.1193,9.00504,0.42336,0.0018483,0.21168,0.0018483,0.21168,460.486,0,1.02816,0,0,2.13052,1.10236,1.028160,1,0,59.9879,0,0,0,59.9879,0
12.9252,2.47684,0,0,5.18253,0.127739,0.36288,3.6288,49.4857,0.506303,0,0,1.23948,0.199559,0,0.66528,12.849,1,0.84672,0.36288,0,62.2704,4.45263,57.3339,0.84672,12.849,0.84672,3695.15,0,0.0036966,1.91166e-05,1.22983,1.80838,8.13067,1.1193,10.0496,0.42336,0.0018483,0.21168,0.0018483,0.21168,460.486,0,1.02816,0,0,2.25799,1.22983,1.028160,1,0,67.3835,0,0,0,67.3835,0
17.5862,2.47733,0,0,7.63338,0.132162,0.36288,3.6288,50.5989,0.506303,0,0,1.82127,0.201792,0,0.66528,12.849,1,0.84672,0.36288,0,149.62,4.24011,144.896,0.84672,12.849,0.84672,3695.15,0,0.0036966,1.89105e-05,2.92351,1.80846,10.1491,1.09304,13.7881,0.42336,0.0018483,0.21168,0.0018483,0.21168,460.486,0,1.02816,0,0,3.95167,2.92351,1.028160,1,0,158.684,0,0,0,158.684,0
21.3047,2.47784,0,0,6.69796,0.138757,0.36288,3.6288,50.9648,0.506303,0,0,1.0793,0.207054,0,0.66528,12.849,1,0.84672,0.36288,0,83.6084,3.70881,79.4158,0.84672,12.849,0.84672,3695.15,0,0.0036966,1.84945e-05,2.33313,1.80853,8.55896,1.02739,11.6732,0.42336,0.0018483,0.21168,0.0018483,0.21168,460.486,0,1.02816,0,0,3.36129,2.33313,1.028160,1,0,91.089,0,0,0,91.089,0
22.8457,2.58304,0,0,4.64993,0.163027,0.36288,3.6288,51.0877,0.555296,0,0,0.850326,0.172172,0,0.66528,12.849,1,0.84672,0.36288,0,61.7843,4.18225,57.1182,0.84672,12.849,0.84672,3695.15,0,0.0036966,2.01385e-05,1.0035,1.80861,6.16863,1.06119,7.91954,0.42336,0.0018483,0.21168,0.0018483,0.21168,460.486,0,1.02816,0,0,2.03166,1.0035,1.028160,1,0,65.0377,0,0,0,65.0377,0
22.7171,2.60232,0,0,3.003,0.166454,0.36288,3.6288,50.9665,0.536423,0,0,0.587645,0.172344,0,0.66528,12.849,1,0.84672,0.36288,0,46.8279,4.18225,42.1618,0.84672,12.849,0.84672,3695.15,0,0.0036966,1.94072e-05,0.53428,1.86617,3.8569,1.06119,5.19614,0.42336,0.0018483,0.21168,0.0018483,0.21168,460.486,0,1.02816,0,0,1.56244,0.53428,1.028160,1,0,47.3579,0,0,0,47.3579,0
21.9985,2.60258,0,0,2.41307,0.166168,0.36288,3.6288,50.9822,0.536543,0,0,0.724369,0.172175,0,0.66528,12.849,1,0.84672,0.36288,0,51.306,4.18225,46.6399,0.84672,12.849,0.84672,3695.15,0,0.0036966,1.94577e-05,0.580841,1.8552,5.26318,1.06119,6.63801,0.42336,0.0018483,0.21168,0.0018483,0.21168,460.486,0,1.02816,0,0,1.609,0.580841,1.028160,1,0,53.2779,0,0,0,53.2779,0
22.965,2.60284,0,0,4.10896,0.176717,0.36288,3.6288,51.4661,0.536664,0,0,1.21718,0.19661,0,0.66528,12.849,1,0.84672,0.36288,0,99.7272,4.37355,94.8698,0.84672,12.849,0.84672,3695.15,0,0.0036966,1.94561e-05,1.6449,1.85534,9.5737,1.12795,11.946,0.42336,0.0018483,0.21168,0.0018483,0.21168,460.486,0,1.02816,0,0,2.67306,1.6449,1.028160,1,0,106.816,0,0,0,106.816,0
23.4757,2.77972,0,0,3.85635,0.203068,0.36288,3.6288,51.6996,0.646935,0,0,1.05295,0.172512,0,0.66528,12.849,1,0.84672,0.36288,0,73.1359,3.67281,68.9792,0.84672,12.849,0.84672,3695.15,0,0.0036966,2.32334e-05,1.45905,1.85549,6.4003,0.989479,8.72533,0.42336,0.0018483,0.21168,0.0018483,0.21168,460.486,0,1.02816,0,0,2.48721,1.45905,1.028160,1,0,77.7045,0,0,0,77.7045,0
24.3945,2.78,0,0,4.2719,0.210275,0.36288,3.6288,52.273,0.647064,0,0,1.3501,0.129594,0,0.66528,12.849,1,0.84672,0.36288,0,77.4861,2.95596,74.0463,0.84672,12.849,0.84672,3695.15,0,0.0036966,2.3133e-05,1.95638,1.97383,6.95135,0.818854,10.0627,0.42336,0.0018483,0.21168,0.0018483,0.21168,460.486,0,1.02816,0,0,2.98454,1.95638,1.028160,1,0,84.109,0,0,0,84.109,0
24.9529,2.78029,0,0,3.90541,0.203762,0.36288,3.6288,52.9204,0.647194,0,0,1.44562,0.151094,0,0.66528,12.849,1,0.84672,0.36288,0,73.2033,3.73809,68.9813,0.84672,12.849,0.84672,3695.15,0,0.0036966,2.28838e-05,2.09132,1.97398,8.04695,1.07987,11.0324,0.42336,0.0018483,0.21168,0.0018483,0.21168,460.486,0,1.02816,0,0,3.11948,2.09132,1.028160,1,0,80.0137,0,0,0,80.0137,0
26.0358,2.78057,0,0,4.41467,0.188336,0.36288,3.6288,53.4797,0.647323,0,0,1.3634,0.156721,0,0.66528,12.849,1,0.84672,0.36288,0,77.4386,4.03885,72.9159,0.84672,12.849,0.84672,3695.15,0,0.0036966,2.26084e-05,2.23765,1.97414,9.18242,1.1498,12.2444,0.42336,0.0018483,0.21168,0.0018483,0.21168,460.486,0,1.02816,0,0,3.26581,2.23765,1.028160,1,0,85.1603,0,0,0,85.1603,0
30.9273,2.46071,0,0,7.90593,0.190887,0.36288,3.6288,54.6717,0.474319,0,0,1.81743,0.151132,0,0.66528,12.849,1,0.84672,0.36288,0,129.587,3.40389,125.699,0.84672,12.849,0.84672,3695.15,0,0.0036966,1.63928e-05,3.45446,1.97429,16.6672,0.934646,21.1613,0.42336,0.0018483,0.21168,0.0018483,0.21168,460.486,0,1.02816,0,0,4.48262,3.45446,1.028160,1,0,146.861,0,0,0,146.861,0
36.6278,2.42914,0,0,8.69028,0.197776,0.36288,3.6288,55.8243,0.506291,0,0,1.81564,0.156745,0,0.66528,12.849,1,0.84672,0.36288,0,135.37,3.34341,131.543,0.84672,12.849,0.84672,3695.15,0,0.0036966,1.71163e-05,3.2687,1.78067,17.6151,0.916993,21.7475,0.42336,0.0018483,0.21168,0.0018483,0.21168,460.486,0,1.02816,0,0,4.29686,3.2687,1.028160,1,0,153.29,0,0,0,153.29,0
41.0166,2.42953,0,0,7.39342,0.212179,0.36288,3.6288,56.8078,0.506291,0,0,1.64767,0.157938,0,0.66528,12.849,1,0.84672,0.36288,0,108.072,3.34341,104.244,0.84672,12.849,0.84672,3695.15,0,0.0036966,1.67629e-05,2.87944,1.79945,15.3014,0.916993,19.0632,0.42336,0.0018483,0.21168,0.0018483,0.21168,460.486,0,1.02816,0,0,3.9076,2.87944,1.028160,1,0,123.308,0,0,0,123.308,0
45.9234,2.49503,0,0,7.98811,0.223395,0.36288,3.6288,57.7332,0.506291,0,0,1.59072,0.158955,0,0.66528,12.849,1,0.781601,0.36288,0,117.064,3.34341,113.302,0.84672,12.849,0.84672,3695.15,0,0.0036966,1.64727e-05,3.45438,1.79952,17.8362,0.916993,22.1731,0.42336,0.0018483,0.21168,0.0018483,0.21168,460.486,0,1.02816,0,0,4.48254,3.45438,1.028160,1,0,135.475,0,0,0,135.475,0
53.2716,2.56058,0,0,10.5099,0.238217,0.36288,3.6288,59.0006,0.506292,0,0,1.93758,0.163933,0,0.66528,12.849,1,0.71643,0.36288,0,147.185,3.40967,143.422,0.84672,12.849,0.84672,3695.15,0,0.0036966,1.62087e-05,3.8686,1.79959,18.8184,0.924822,23.5617,0.42336,0.0018483,0.21168,0.0018483,0.21168,460.486,0,1.02816,0,0,4.89676,3.8686,1.028160,1,0,166.983,0,0,0,166.983,0
58.0593,2.7632,0,0,8.18363,0.269825,0.36288,3.6288,60.8133,0.53535,0,0,2.53769,0.189602,0,0.66528,12.849,1,0.666479,0.36288,0,141.146,3.80719,137.035,0.84672,12.849,0.84672,3695.15,0,0.0036966,1.67708e-05,4.6552,1.79966,15.3799,0.971795,20.8629,0.42336,0.0018483,0.21168,0.0018483,0.21168,460.486,0,1.02816,0,0,5.68336,4.6552,1.028160,1,0,157.898,0,0,0,157.898,0
63.7048,2.80843,0,0,9.09982,0.283029,0.36288,3.6288,61.308,0.535471,0,0,3.0308,0.191807,1.80885,0.66528,12.849,1,0.621527,0.36288,0,159.716,3.80719,155.65,0.84672,12.849,0.84672,3695.15,0,0.0036966,1.62746e-05,4.24584,1.85072,16.4376,0.971795,21.5624,0.42336,0.0018483,0.21168,0.0018483,0.21168,460.486,0,1.02816,0,0,5.274,4.24584,1.028160,1,0,179.021,0,0,0,179.021,0
67.7716,2.85449,0,0,7.5816,0.297431,0.36288,3.6288,61.308,0.535591,0,0,2.60354,0.192408,1.87554,0.66528,12.849,1,0.575738,0.36288,0,119.332,3.80719,115.312,0.84672,12.849,0.84672,3695.15,0,0.0036966,1.61469e-05,4.25208,1.85086,12.3346,0.971795,17.4657,0.42336,0.0018483,0.21168,0.0018483,0.21168,460.486,0,1.02816,0,0,5.28024,4.25208,1.028160,1,0,134.653,0,0,0,134.653,0
70.3278,2.88375,0,0,6.06635,0.263533,0.36288,3.6288,61.308,0.535712,0,0,1.81244,0.187414,1.08931,0.66528,12.849,1,0.546738,0.36288,0,103.87,4.10374,99.5825,0.84672,12.849,0.84672,3695.15,0,0.0036966,1.61505e-05,2.60131,1.85101,8.56639,0.991078,12.0276,0.42336,0.0018483,0.21168,0.0018483,0.21168,460.486,0,1.02816,0,0,3.62947,2.60131,1.028160,1,0,112.699,0,0,0,112.699,0
72.0276,2.8608,0,0,5.14915,0.225659,0.36288,3.6288,61.308,0.512347,0,0,1.35072,0.21265,0.625721,0.66528,12.849,1,0.522673,0.36288,0,96.9157,4.32724,92.4287,0.84672,12.849,0.84672,3695.15,0,0.0036966,1.54461e-05,2.06334,1.85115,8.28161,1.05486,11.1412,0.42336,0.0018483,0.21168,0.0018483,0.21168,460.486,0,1.02816,0,0,3.0915,2.06334,1.028160,1,0,104.196,0,0,0,104.196,0
72.29,2.87149,0,0,4.79117,0.211617,1.44567,3.6288,61.308,0.512466,0,0,1.19126,0.220635,0.458157,0.66528,12.849,1,0.512245,1.44567,0,89.9372,4.38869,86.482,0.84672,12.849,0.84672,3695.15,0,0.0036966,1.54497e-05,1.95874,1.82428,7.71396,1.06722,10.4298,0.42336,0.0018483,0.21168,0.0018483,0.21168,460.486,0,1.02816,0,0,2.9869,1.95874,1.028160,1,0,97.3699,0,0,0,97.3699,0
72.29,2.87329,0,0,4.40867,0.212039,1.32334,3.6288,61.308,0.512584,0,0,1.18088,0.220635,0.447662,0.66528,12.849,1,0.510706,1.32334,0,81.2039,4.38869,77.6279,0.84672,12.849,0.84672,3695.15,0,0.0036966,1.54533e-05,2.00383,1.82443,7.37139,1.06722,10.1324,0.42336,0.0018483,0.21168,0.0018483,0.21168,460.486,0,1.02816,0,0,3.03199,2.00383,1.028160,1,0,88.2079,0,0,0,88.2079,0
72.29,2.87351,0,0,4.25854,0.217469,1.16756,3.6288,61.308,0.512703,0,0,1.50975,0.208994,0.788048,0.66528,12.849,1,0.510745,1.16756,0,78.4443,4.27802,74.8231,0.84672,12.849,0.84672,3695.15,0,0.0036966,1.54569e-05,2.64124,1.82457,9.12298,1.02616,12.5626,0.42336,0.0018483,0.21168,0.0018483,0.21168,460.486,0,1.02816,0,0,3.6694,2.64124,1.028160,1,0,88.1737,0,0,0,88.1737,0
72.29,3.01006,0,0,3.73054,0.202333,0.518155,3.6288,61.308,0.596134,0,0,1.10627,0.194688,0.315444,0.66528,12.849,1,0.535015,0.518155,0,61.9475,4.18092,57.7497,0.84672,12.849,0.84672,3695.15,0,0.0036966,1.79721e-05,1.83057,1.82471,6.61747,0.925035,9.34769,0.42336,0.0018483,0.21168,0.0018483,0.21168,460.486,0,1.02816,0,0,2.85873,1.83057,1.028160,1,0,67.4129,0,0,0,67.4129,0
72.1153,3.01029,0,0,3.37417,0.175669,0.36288,3.6288,61.308,0.596259,0,0,0.923573,0.255598,0.0717154,0.66528,12.849,1,0.535056,0.36288,0,49.3297,4.76049,44.3971,0.84672,12.849,0.84672,3695.15,0,0.0036966,1.79759e-05,1.48326,1.9193,5.07465,1.08319,7.39401,0.42336,0.0018483,0.21168,0.0018483,0.21168,460.486,0,1.02816,0,0,2.51142,1.48326,1.028160,1,0,51.8628,0,0,0,51.8628,0
71.5398,3.00942,0,0,2.95786,0.161059,0.36288,3.6288,61.307,0.596384,0,0,0.860397,0.265042,0,0.66528,12.849,1,0.536197,0.36288,0,44.0732,4.86759,39.0323,0.84672,12.849,0.84672,3695.15,0,0.0036966,1.79797e-05,1.31334,1.91945,4.9235,1.11056,7.04571,0.42336,0.0018483,0.21168,0.0018483,0.21168,460.486,0,1.02816,0,0,2.3415,1.31334,1.028160,1,0,46.0781,0,0,0,46.0781,0
70.8448,3.00599,0,0,2.79841,0.124569,0.36288,3.6288,61.2491,0.596509,0,0,0.827237,0.288648,0,0.66528,12.849,1,0.539895,0.36288,0,40.2889,5.13534,34.9766,0.84672,12.849,0.84672,3695.15,0,0.0036966,1.79837e-05,1.20029,1.9196,4.7365,1.17897,6.6774,0.42336,0.0018483,0.21168,0.0018483,0.21168,460.486,0,1.02816,0,0,2.22845,1.20029,1.028160,1,0,41.654,0,0,0,41.654,0
70.158,3.00174,0,0,2.79908,0.121234,0.36288,3.6288,61.1869,0.596634,0,0,0.817854,0.283405,0,0.66528,12.849,1,0.544421,0.36288,0,41.0244,5.10899,35.7338,0.84672,12.849,0.84672,3695.15,0,0.0036966,1.80045e-05,1.12774,1.91975,4.98225,1.18307,6.84665,0.42336,0.0018483,0.21168,0.0018483,0.21168,460.486,0,1.02816,0,0,2.1559,1.12774,1.028160,1,0,42.5805,0,0,0,42.5805,0
69.9937,2.97062,0,0,3.27377,0.104633,0.36288,3.6288,61.2761,0.642567,0,0,0.984321,0.252481,0,0.66528,12.849,1,0.544051,0.36288,0,48.1937,4.95085,43.0616,0.84672,12.849,0.84672,3695.15,0,0.0036966,1.94103e-05,1.39055,1.9199,5.92105,1.20766,8.02382,0.42336,0.0018483,0.21168,0.0018483,0.21168,460.486,0,1.02816,0,0,2.41871,1.39055,1.028160,1,0,51.0855,0,0,0,51.0855,0
69.5381,2.96977,0,0,2.98161,0.104501,0.36288,3.6288,61.308,0.642696,0,0,0.969356,0.252623,0.042175,0.66528,12.849,1,0.545172,0.36288,0,47.0732,4.95085,41.9401,0.84672,12.849,0.84672,3695.15,0,0.0036966,1.93859e-05,1.42729,1.94948,5.7115,1.20766,7.8806,0.42336,0.0018483,0.21168,0.0018483,0.21168,460.486,0,1.02816,0,0,2.45545,1.42729,1.028160,1,0,49.8629,0,0,0,49.8629,0
68.7913,2.96698,0,0,2.68721,0.104133,0.36288,3.6288,61.308,0.642824,0,0,0.90269,0.252674,0.00719145,0.66528,12.849,1,0.548229,0.36288,0,43.6298,4.95085,38.4935,0.84672,12.849,0.84672,3695.15,0,0.0036966,1.93797e-05,1.11464,1.94963,5.43808,1.20766,7.29467,0.42336,0.0018483,0.21168,0.0018483,0.21168,460.486,0,1.02816,0,0,2.1428,1.11464,1.028160,1,0,45.7954,0,0,0,45.7954,0
67.9555,2.9622,0,0,2.56963,0.0803622,0.36288,3.6288,61.2109,0.642953,0,0,0.853407,0.307519,0,0.66528,12.849,1,0.553286,0.36288,0,39.3345,5.65661,33.4875,0.84672,12.849,0.84672,3695.15,0,0.0036966,1.93836e-05,1.08753,1.94978,5.16674,1.46527,6.73875,0.42336,0.0018483,0.21168,0.0018483,0.21168,460.486,0,1.02816,0,0,2.11569,1.08753,1.028160,1,0,40.2263,0,0,0,40.2263,0
66.8113,3.0257,0,0,2.32089,0.0765108,0.36288,3.6288,60.96,0.66528,0,0,0.732501,0.318133,0,0.66528,12.849,1,0.572099,0.36288,0,31.7011,5.84891,25.643,0.84672,12.849,0.84672,3695.15,0,0.0036966,0.0018483,0.776598,1.94993,3.94616,1.50272,5.16812,0.42336,0.0018483,0.21168,0.0018483,0.21168,460.486,0,1.02816,0,0,1.80476,0.776598,1.028160,1,0,30.8111,0,0,0,30.8111,0
65.6051,3.01772,0,0,2.2525,0.0781544,0.36288,3.6288,60.6074,0.66528,0,0,0.625864,0.313186,0,0.66528,12.849,1,0.580361,0.36288,0,39.2484,5.8129,33.218,0.84672,12.849,0.84672,3695.15,0,0.0036966,0.0018483,0.831246,1.99701,3.8254,1.47648,5.17533,0.42336,0.0018483,0.21168,0.0018483,0.21168,460.486,0,1.02816,0,0,1.85941,0.831246,1.028160,1,0,38.3934,0,0,0,38.3934,0
64.2649,3.00903,0,0,2.10915,0.0774081,0.36288,3.6288,60.2117,0.66528,0,0,0.582037,0.312487,0,0.66528,12.849,1,0.589329,0.36288,0,31.5131,5.8129,25.4737,0.84672,12.849,0.84672,3695.15,0,0.0036966,0.0018483,0.796755,1.99717,3.44831,1.47648,4.7639,0.42336,0.0018483,0.21168,0.0018483,0.21168,460.486,0,1.02816,0,0,1.82491,0.796755,1.028160,1,0,30.2377,0,0,0,30.2377,0
62.7467,2.99901,0,0,1.92031,0.0765789,0.36288,3.6288,59.7873,0.66528,0,0,0.552566,0.311702,0,0.66528,12.849,1,0.599617,0.36288,0,28.72,5.8129,22.6703,0.84672,12.849,0.84672,3695.15,0,0.0036966,0.0018483,0.515946,1.99732,3.21649,1.47648,4.25143,0.42336,0.0018483,0.21168,0.0018483,0.21168,460.486,0,1.02816,0,0,1.54411,0.515946,1.028160,1,0,26.9218,0,0,0,26.9218,0
61.3285,3.05214,0,0,2.07223,0.0754601,0.36288,3.6288,59.4299,0.66528,0,0,0.622536,0.314654,0,0.66528,12.849,1,0.625004,0.36288,0,27.5909,6.04668,21.2821,0.84672,12.849,0.84672,3695.15,0,0.0036966,0.0018483,0.970739,1.99747,4.2422,1.53645,5.67211,0.42336,0.0018483,0.21168,0.0018483,0.21168,460.486,0,1.02816,0,0,1.9989,0.970739,1.028160,1,0,26.9542,0,0,0,26.9542,0
59.4867,3.04042,0,0,1.65958,0.0981042,0.36288,3.6288,58.883,0.66528,0,0,0.448068,0.329626,0,0.66528,12.849,1,0.637003,0.36288,0,21.8892,6.25264,15.3624,0.84672,12.849,0.84672,3695.15,0,0.0036966,0.0018483,0.393803,2.06553,2.06948,1.5957,2.93126,0.42336,0.0018483,0.21168,0.0018483,0.21168,460.486,0,1.02816,0,0,1.42196,0.393803,1.028160,1,0,18.2937,0,0,0,18.2937,0
57.4592,3.02444,0,0,1.45637,0.0965136,0.36288,3.6288,58.3216,0.66528,0,0,0.43227,0.328473,0,0.66528,12.849,1,0.653272,0.36288,0,27.825,6.25264,21.282,0.84672,12.849,0.84672,3695.15,0,0.0036966,0.0018483,0.330454,2.06569,1.98727,1.5957,2.78586,0.42336,0.0018483,0.21168,0.0018483,0.21168,460.486,0,1.02816,0,0,1.35861,0.330454,1.028160,1,0,24.0679,0,0,0,24.0679,0
55.4832,3.00583,0,0,1.48738,0.0946331,0.36288,3.6288,57.8248,0.66528,0,0,0.495858,0.327289,0,0.66528,12.849,1,0.672162,0.36288,0,24.1034,6.25264,17.5414,0.84672,12.849,0.84672,3695.15,0,0.0036966,0.0018483,0.407471,2.06584,2.06374,1.5957,2.93951,0.42336,0.0018483,0.21168,0.0018483,0.21168,460.486,0,1.02816,0,0,1.43563,0.407471,1.028160,1,0,20.4809,0,0,0,20.4809,0
53.5406,2.98662,0,0,1.50077,0.0938999,0.36288,3.6288,57.3397,0.66528,0,0,0.499615,0.319499,0,0.66528,12.849,1,0.691651,0.36288,0,24.4567,6.0678,18.0602,0.84672,12.849,0.84672,3695.15,0,0.0036966,0.0018483,0.758203,2.066,2.63967,1.52375,3.93828,0.42336,0.0018483,0.21168,0.0018483,0.21168,460.486,0,1.02816,0,0,1.78636,0.758203,1.028160,1,0,21.9984,0,0,0,21.9984,0
52.1304,2.87609,0,0,1.90383,0.0750884,0.36288,3.6288,57.0236,0.66528,0,0,0.667704,0.318514,0,0.66528,12.849,1,0.690222,0.36288,0,38.5207,6.18629,32.007,0.84672,12.849,0.84672,3695.15,0,0.0036966,0.0018483,1.04307,2.06616,4.05484,1.67145,5.49077,0.42336,0.0018483,0.21168,0.0018483,0.21168,460.486,0,1.02816,0,0,2.07123,1.04307,1.028160,1,0,37.4978,0,0,0,37.4978,0
50.9264,2.86133,0,0,2.14439,0.124131,0.36288,3.6288,56.71,0.66528,0,0,0.629313,0.277578,0,0.66528,12.849,1,0.705255,0.36288,0,30.8641,5.855,24.6667,0.84672,12.849,0.84672,3695.15,0,0.0036966,0.0018483,0.840015,1.97904,3.24357,1.55767,4.50311,0.42336,0.0018483,0.21168,0.0018483,0.21168,460.486,0,1.02816,0,0,1.86818,0.840015,1.028160,1,0,29.1698,0,0,0,29.1698,0
50.4563,2.84823,0,0,2.87179,0.130835,0.36288,3.6288,56.5484,0.66528,0,0,0.773937,0.270312,0,0.66528,12.849,1,0.718624,0.36288,0,40.954,5.79978,34.7985,0.84672,12.849,0.84672,3695.15,0,0.0036966,0.0018483,1.44505,1.97919,3.98664,1.5387,5.87033,0.42336,0.0018483,0.21168,0.0018483,0.21168,460.486,0,1.02816,0,0,2.47321,1.44505,1.028160,1,0,40.6688,0,0,0,40.6688,0
50.7373,2.84312,0,0,3.61721,0.130191,0.36288,3.6288,56.7734,0.66528,0,0,1.16033,0.270027,0,0.66528,12.849,1,0.724017,0.36288,0,83.3535,5.79978,77.1926,0.84672,12.849,0.84672,3695.15,0,0.0036966,0.0018483,2.68262,1.97934,5.5067,1.5387,8.62811,0.42336,0.0018483,0.21168,0.0018483,0.21168,460.486,0,1.02816,0,0,3.71078,2.68262,1.028160,1,0,85.8207,0,0,0,85.8207,0
50.461,2.89526,0,0,3.15014,0.168254,0.36288,3.6288,57.1707,0.662106,0,0,1.28316,0.223741,0,0.66528,12.849,1,0.733211,0.36288,0,76.1936,5.07318,70.7501,0.84672,12.849,0.84672,3695.15,0,0.0036966,2.15554e-05,1.78269,1.97949,4.35665,1.27301,6.84581,0.42336,0.0018483,0.21168,0.0018483,0.21168,460.486,0,1.02816,0,0,2.81085,1.78269,1.028160,1,0,77.5959,0,0,0,77.5959,0
50.2677,2.89228,0,0,3.25776,0.195943,0.36288,3.6288,57.4926,0.662237,0,0,1.17336,0.189217,0,0.66528,12.849,1,0.736467,0.36288,0,75.3227,4.52823,70.4208,0.84672,12.849,0.84672,3695.15,0,0.0036966,2.14098e-05,1.80027,1.98591,5.88127,1.07374,8.5937,0.42336,0.0018483,0.21168,0.0018483,0.21168,460.486,0,1.02816,0,0,2.82843,1.80027,1.028160,1,0,79.0145,0,0,0,79.0145,0
50.085,2.89025,0,0,3.26596,0.195545,0.36288,3.6288,57.9855,0.662367,0,0,1.34482,0.189613,0,0.66528,12.849,1,0.73878,0.36288,0,81.3655,4.52823,76.4613,0.84672,12.849,0.84672,3695.15,0,0.0036966,2.12941e-05,1.82555,1.98606,6.62477,1.07374,9.36262,0.42336,0.0018483,0.21168,0.0018483,0.21168,460.486,0,1.02816,0,0,2.85371,1.82555,1.028160,1,0,85.824,0,0,0,85.824,0
50.2061,2.88832,0,0,3.56744,0.195168,0.36288,3.6288,59.1883,0.662497,0,0,2.05553,0.190218,0,0.66528,12.849,1,0.740982,0.36288,0,76.5331,4.52823,71.6268,0.84672,12.849,0.84672,3695.15,0,0.0036966,2.11172e-05,2.75756,1.98622,7.85575,1.07374,11.5258,0.42336,0.0018483,0.21168,0.0018483,0.21168,460.486,0,1.02816,0,0,3.78572,2.75756,1.028160,1,0,83.1526,0,0,0,83.1526,0
50.8659,2.67232,0,0,3.9117,0.216699,0.36288,3.6288,60.6186,0.492797,0,0,2.1188,0.195727,0,0.66528,12.849,1,0.683915,0.36288,0,88.3354,3.96435,84.05,0.84672,12.849,0.84672,3695.15,0,0.0036966,1.53888e-05,2.76842,1.98637,8.0076,0.980109,11.7823,0.42336,0.0018483,0.21168,0.0018483,0.21168,460.486,0,1.02816,0,0,3.79658,2.76842,1.028160,1,0,95.8322,0,0,0,95.8322,0
53.6811,2.67961,0,0,6.08426,0.226553,0.36288,3.6288,61.308,0.492915,0,0,2.27007,0.191623,0.896087,0.66528,12.849,1,0.676885,0.36288,0,100.689,3.79859,96.5762,0.84672,12.849,0.84672,3695.15,0,0.0036966,1.50293e-05,3.0891,1.80408,9.39151,1.01062,13.2741,0.42336,0.0018483,0.21168,0.0018483,0.21168,460.486,0,1.02816,0,0,4.11726,3.0891,1.028160,1,0,110.746,0,0,0,110.746,0
57.2494,2.70847,0,0,6.87295,0.233236,0.36288,3.6288,61.308,0.493032,0,0,3.36901,0.192462,2.68352,0.66528,12.849,1,0.648293,0.36288,0,146.511,3.79859,142.427,0.84672,12.849,0.84672,3695.15,0,0.0036966,1.48638e-05,4.70597,1.80422,11.4123,1.01062,16.9119,0.42336,0.0018483,0.21168,0.0018483,0.21168,460.486,0,1.02816,0,0,5.73413,4.70597,1.028160,1,0,162.022,0,0,0,162.022,0
62.1853,2.74168,0,0,8.28208,0.241707,0.36288,3.6288,61.308,0.493149,0,0,3.55208,0.192462,2.86647,0.66528,12.849,1,0.61534,0.36288,0,167.818,3.79859,163.767,0.84672,12.849,0.84672,3695.15,0,0.0036966,1.48673e-05,4.42945,1.80436,15.5628,1.01062,20.786,0.42336,0.0018483,0.21168,0.0018483,0.21168,460.486,0,1.02816,0,0,5.45761,4.42945,1.028160,1,0,187.42,0,0,0,187.42,0
63.6205,2.78238,0,0,4.85751,0.277002,0.36288,3.6288,61.308,0.493266,0,0,2.94534,0.186326,2.26575,0.66528,12.849,1,0.574908,0.36288,0,112.743,4.05291,108.478,0.84672,12.849,0.84672,3695.15,0,0.0036966,1.48709e-05,3.3651,1.8045,7.99891,0.970759,12.1977,0.42336,0.0018483,0.21168,0.0018483,0.21168,460.486,0,1.02816,0,0,4.39326,3.3651,1.028160,1,0,122.942,0,0,0,122.942,0
66.0285,2.88088,0,0,5.92425,0.2725,0.36288,3.6288,61.308,0.542573,0,0,2.33652,0.238944,1.555,0.66528,12.849,1,0.581832,0.36288,0,75.3945,4.6043,70.5713,0.84672,12.849,0.84672,3695.15,0,0.0036966,1.63574e-05,3.47538,1.80464,7.69902,1.24731,11.7317,0.42336,0.0018483,0.21168,0.0018483,0.21168,460.486,0,1.02816,0,0,4.50354,3.47538,1.028160,1,0,83.858,0,0,0,83.858,0
67.0099,2.89884,0,0,4.51726,0.274114,0.36288,3.6288,61.308,0.54268,0,0,1.71979,0.238748,0.938363,0.66528,12.849,1,0.564109,0.36288,0,80.1593,4.53873,75.4194,0.84672,12.849,0.84672,3695.15,0,0.0036966,1.63606e-05,2.50493,1.86249,8.39549,1.24064,11.5222,0.42336,0.0018483,0.21168,0.0018483,0.21168,460.486,0,1.02816,0,0,3.53309,2.50493,1.028160,1,0,87.88,0,0,0,87.88,0
68.7656,2.90598,0,0,5.30082,0.276257,0.36288,3.6288,61.308,0.542788,0,0,1.6533,0.238748,0.871762,0.66528,12.849,1,0.557214,0.36288,0,116.792,4.53873,112.059,0.84672,12.849,0.84672,3695.15,0,0.0036966,1.63638e-05,2.4142,1.86262,7.67508,1.24064,10.7112,0.42336,0.0018483,0.21168,0.0018483,0.21168,460.486,0,1.02816,0,0,3.44236,2.4142,1.028160,1,0,123.642,0,0,0,123.642,0
69.0988,2.91816,0,0,3.89431,0.280091,0.36288,3.6288,61.308,0.542895,0,0,1.42831,0.238748,0.646669,0.66528,12.849,1,0.545265,0.36288,0,75.9283,4.53873,71.2072,0.84672,12.849,0.84672,3695.15,0,0.0036966,1.63671e-05,1.8716,1.86274,7.6191,1.24064,10.1128,0.42336,0.0018483,0.21168,0.0018483,0.21168,460.486,0,1.02816,0,0,2.89976,1.8716,1.028160,1,0,81.9667,0,0,0,81.9667,0
71.3081,3.07009,0,0,5.92385,0.281596,0.36288,3.6288,61.308,0.653591,0,0,1.46707,0.213743,0.599738,0.66528,12.849,1,0.570888,0.36288,0,146.735,3.9769,142.55,0.84672,12.849,0.84672,3695.15,0,0.0036966,1.97043e-05,3.2212,1.86287,9.378,1.09831,13.3637,0.42336,0.0018483,0.21168,0.0018483,0.21168,460.486,0,1.02816,0,0,4.24936,3.2212,1.028160,1,0,156.513,0,0,0,156.513,0
72.29,3.08529,0,0,7.02079,0.283506,2.67007,3.6288,61.308,0.653706,0,0,2.0843,0.193485,1.23711,0.66528,12.849,1,0.555939,2.67007,0,153.951,3.38373,152.681,0.84672,12.849,0.84672,3695.15,0,0.0036966,1.97078e-05,5.55001,1.98167,9.69987,0.968698,16.2628,0.42336,0.0018483,0.21168,0.0018483,0.21168,460.486,0,1.02816,0,0,6.57817,5.55001,1.028160,1,0,170.181,0,0,0,170.181,0
72.29,3.09192,0,0,5.15017,0.285634,1.77262,3.6288,61.308,0.653821,0,0,1.36998,0.193485,0.522678,0.66528,12.849,1,0.549565,1.77262,0,102.301,3.38373,100.14,0.84672,12.849,0.84672,3695.15,0,0.0036966,1.97112e-05,2.19032,1.98181,5.78112,0.968698,8.98453,0.42336,0.0018483,0.21168,0.0018483,0.21168,460.486,0,1.02816,0,0,3.21848,2.19032,1.028160,1,0,109.648,0,0,0,109.648,0
72.29,3.09213,0,0,4.31821,0.285634,0.940448,3.6288,61.308,0.653936,0,0,1.1977,0.193485,0.350282,0.66528,12.849,1,0.549603,0.940448,0,73.2015,3.38373,70.2087,0.84672,12.849,0.84672,3695.15,0,0.0036966,1.97147e-05,1.55332,1.98194,4.7951,0.968698,7.36165,0.42336,0.0018483,0.21168,0.0018483,0.21168,460.486,0,1.02816,0,0,2.58148,1.55332,1.028160,1,0,77.9206,0,0,0,77.9206,0
72.29,2.81942,0,0,3.53801,0.267168,0.451423,3.6288,61.308,0.480235,0,0,0.851621,0.19596,0.175426,0.66528,12.849,1,0.501131,0.451423,0,65.1913,3.27797,61.8636,0.84672,12.849,0.84672,3695.15,0,0.0036966,1.4478e-05,1.20325,1.98208,4.81461,0.912428,7.0875,0.42336,0.0018483,0.21168,0.0018483,0.21168,460.486,0,1.02816,0,0,2.23141,1.20325,1.028160,1,0,69.1266,0,0,0,69.1266,0
72.29,2.81961,0,0,4.76431,0.288147,1.65655,3.6288,61.308,0.480338,0,0,0.952629,0.136138,0.336153,0.66528,12.849,1,0.501165,1.65655,0,69.9774,3.01528,68.1175,0.84672,12.849,0.84672,3695.15,0,0.0036966,1.44811e-05,3.89317,1.78768,9.81374,0.730388,14.7642,0.42336,0.0018483,0.21168,0.0018483,0.21168,460.486,0,1.02816,0,0,4.92133,3.89317,1.028160,1,0,83.2179,0,0,0,83.2179,0
72.29,2.81981,0,0,4.58723,0.288147,1.47928,3.6288,61.308,0.480441,0,0,0.982325,0.136138,0.365745,0.66528,12.849,1,0.501199,1.47928,0,103.655,3.01528,101.618,0.84672,12.849,0.84672,3695.15,0,0.0036966,1.44842e-05,2.34517,1.7878,7.47912,0.730388,10.8817,0.42336,0.0018483,0.21168,0.0018483,0.21168,460.486,0,1.02816,0,0,3.37333,2.34517,1.028160,1,0,112.865,0,0,0,112.865,0
72.0741,2.82,0,0,3.25516,0.288147,0.36288,3.6288,61.308,0.480544,0,0,1.6579,0.136138,1.04122,0.66528,12.849,1,0.501233,0.36288,0,84.2659,3.01528,81.1123,0.84672,12.849,0.84672,3695.15,0,0.0036966,1.44873e-05,2.24433,1.78793,5.43733,0.730388,8.73917,0.42336,0.0018483,0.21168,0.0018483,0.21168,460.486,0,1.02816,0,0,3.27249,2.24433,1.028160,1,0,90.8927,0,0,0,90.8927,0
72.29,2.81892,0,0,4.70477,0.264244,1.40574,3.6288,61.308,0.480647,0,0,2.09407,0.140298,1.47312,0.66528,12.849,1,0.502542,1.40574,0,110.702,3.07636,108.529,0.84672,12.849,0.84672,3695.15,0,0.0036966,1.44905e-05,2.96497,1.78805,7.26614,0.740418,11.2787,0.42336,0.0018483,0.21168,0.0018483,0.21168,460.486,0,1.02816,0,0,3.99313,2.96497,1.028160,1,0,121.28,0,0,0,121.28,0
72.29,2.92344,0,0,5.0988,0.301705,1.87366,3.6288,61.308,0.541437,0,0,1.39392,0.175733,0.676748,0.66528,12.849,1,0.519618,1.87366,0,90.1999,3.81731,87.7366,0.84672,12.849,0.84672,3695.15,0,0.0036966,1.63231e-05,3.19481,1.78817,6.45913,0.9326,10.5095,0.42336,0.0018483,0.21168,0.0018483,0.21168,460.486,0,1.02816,0,0,4.22297,3.19481,1.028160,1,0,98.9229,0,0,0,98.9229,0
72.1633,2.92364,0,0,3.45913,0.299307,0.36288,3.6288,61.308,0.541544,0,0,1.10777,0.175569,0.390656,0.66528,12.849,1,0.519654,0.36288,0,55.8749,3.72697,51.9911,0.84672,12.849,0.84672,3695.15,0,0.0036966,1.63263e-05,2.2818,1.85793,5.75011,0.926367,8.96345,0.42336,0.0018483,0.21168,0.0018483,0.21168,460.486,0,1.02816,0,0,3.30996,2.2818,1.028160,1,0,61.3452,0,0,0,61.3452,0
72.2291,2.92306,0,0,3.65071,0.299019,0.36288,3.6288,61.308,0.541651,0,0,1.09185,0.175569,0.374625,0.66528,12.849,1,0.520464,0.36288,0,72.1416,3.72697,68.257,0.84672,12.849,0.84672,3695.15,0,0.0036966,1.63296e-05,2.30339,1.85805,5.57726,0.926367,8.81232,0.42336,0.0018483,0.21168,0.0018483,0.21168,460.486,0,1.02816,0,0,3.33155,2.30339,1.028160,1,0,77.444,0,0,0,77.444,0
71.6013,2.92366,0,0,2.958,0.299169,0.36288,3.6288,61.308,0.541759,0,0,0.881893,0.175569,0.164566,0.66528,12.849,1,0.520097,0.36288,0,50.1244,3.72697,46.2403,0.84672,12.849,0.84672,3695.15,0,0.0036966,1.63328e-05,2.24689,1.85818,4.49676,0.926367,7.67545,0.42336,0.0018483,0.21168,0.0018483,0.21168,460.486,0,1.02816,0,0,3.27505,2.24689,1.028160,1,0,54.0803,0,0,0,54.0803,0
71.5437,2.87975,0,0,3.46073,0.275752,0.36288,3.6288,61.308,0.51829,0,0,1.16977,0.171954,0.479526,0.66528,12.849,1,0.516777,0.36288,0,56.8369,3.67425,53.0088,0.84672,12.849,0.84672,3695.15,0,0.0036966,1.56253e-05,2.14184,1.85831,4.20354,0.935702,7.26797,0.42336,0.0018483,0.21168,0.0018483,0.21168,460.486,0,1.02816,0,0,3.17,2.14184,1.028160,1,0,60.7563,0,0,0,60.7563,0
71.123,2.87959,0,0,3.13701,0.315236,0.36288,3.6288,61.308,0.518395,0,0,1.26605,0.194926,0.552724,0.66528,12.849,1,0.517165,0.36288,0,51.4731,3.98716,47.3317,0.84672,12.849,0.84672,3695.15,0,0.0036966,1.56285e-05,1.67047,1.83132,3.84481,0.973425,6.37316,0.42336,0.0018483,0.21168,0.0018483,0.21168,460.486,0,1.02816,0,0,2.69863,1.67047,1.028160,1,0,54.2576,0,0,0,54.2576,0
70.5095,2.8772,0,0,2.8573,0.230702,0.36288,3.6288,61.308,0.518501,0,0,1.05836,0.234164,0.305692,0.66528,12.849,1,0.519792,0.36288,0,46.7121,4.33312,42.222,0.84672,12.849,0.84672,3695.15,0,0.0036966,1.56317e-05,1.44469,1.83145,3.54981,0.994083,5.83185,0.42336,0.0018483,0.21168,0.0018483,0.21168,460.486,0,1.02816,0,0,2.47285,1.44469,1.028160,1,0,48.3596,0,0,0,48.3596,0
69.8428,2.87357,0,0,2.7855,0.215763,0.36288,3.6288,61.308,0.518607,0,0,1.15602,0.240703,0.396713,0.66528,12.849,1,0.523653,0.36288,0,45.2644,4.39078,40.7129,0.84672,12.849,0.84672,3695.15,0,0.0036966,1.56348e-05,1.66797,1.83157,4.02339,0.997525,6.52539,0.42336,0.0018483,0.21168,0.0018483,0.21168,460.486,0,1.02816,0,0,2.69613,1.66797,1.028160,1,0,47.635,0,0,0,47.635,0
68.7714,3.00567,0,0,2.51144,0.214297,0.36288,3.6288,61.308,0.602343,0,0,1.07666,0.238312,0.23601,0.66528,12.849,1,0.552953,0.36288,0,40.8548,4.49372,36.1711,0.84672,12.849,0.84672,3695.15,0,0.0036966,1.81593e-05,1.30862,1.8317,3.61478,1.0273,5.72778,0.42336,0.0018483,0.21168,0.0018483,0.21168,460.486,0,1.02816,0,0,2.33678,1.30862,1.028160,1,0,42.1348,0,0,0,42.1348,0
67.6379,2.99861,0,0,2.43894,0.210948,0.36288,3.6288,61.308,0.602454,0,0,1.13673,0.221858,0.312418,0.66528,12.849,1,0.56025,0.36288,0,41.6843,4.44198,37.0449,0.84672,12.849,0.84672,3695.15,0,0.0036966,1.81627e-05,1.08486,1.92664,3.53954,1.1155,5.43552,0.42336,0.0018483,0.21168,0.0018483,0.21168,460.486,0,1.02816,0,0,2.11302,1.08486,1.028160,1,0,42.7929,0,0,0,42.7929,0
66.2731,2.99093,0,0,2.14578,0.156786,0.36288,3.6288,61.308,0.602566,0,0,0.968605,0.220388,0.14565,0.66528,12.849,1,0.568179,0.36288,0,35.9994,4.40916,31.385,0.84672,12.849,0.84672,3695.15,0,0.0036966,1.8166e-05,1.0853,1.92677,3.25685,1.06366,5.20524,0.42336,0.0018483,0.21168,0.0018483,0.21168,460.486,0,1.02816,0,0,2.11346,1.0853,1.028160,1,0,36.7359,0,0,0,36.7359,0
64.8566,2.98133,0,0,2.08278,0.155103,0.36288,3.6288,61.308,0.602677,0,0,1.02864,0.220388,0.20557,0.66528,12.849,1,0.578019,0.36288,0,34.3127,4.40916,29.6884,0.84672,12.849,0.84672,3695.15,0,0.0036966,1.81694e-05,1.06109,1.9269,3.46463,1.06366,5.38895,0.42336,0.0018483,0.21168,0.0018483,0.21168,460.486,0,1.02816,0,0,2.08925,1.06109,1.028160,1,0,35.2829,0,0,0,35.2829,0
63.3453,2.97099,0,0,1.97595,0.153356,0.36288,3.6288,61.308,0.602789,0,0,0.999579,0.220388,0.176402,0.66528,12.849,1,0.588596,0.36288,0,32.2277,4.40916,27.5928,0.84672,12.849,0.84672,3695.15,0,0.0036966,1.81727e-05,0.972147,1.92704,3.20324,1.06366,5.03874,0.42336,0.0018483,0.21168,0.0018483,0.21168,460.486,0,1.02816,0,0,2.00031,0.972147,1.028160,1,0,32.808,0,0,0,32.808,0
62.2239,2.93301,0,0,2.2922,0.117696,0.36288,3.6288,61.0935,0.648881,0,0,0.700713,0.266375,0,0.66528,12.849,1,0.594934,0.36288,0,27.849,5.31395,22.303,0.84672,12.849,0.84672,3695.15,0,0.0036966,1.95623e-05,0.784607,1.92717,3.60158,1.30602,5.00732,0.42336,0.0018483,0.21168,0.0018483,0.21168,460.486,0,1.02816,0,0,1.81277,0.784607,1.028160,1,0,27.3103,0,0,0,27.3103,0
60.9764,2.92433,0,0,2.15635,0.116622,0.36288,3.6288,60.8394,0.648995,0,0,0.660986,0.266013,0,0.66528,12.849,1,0.603862,0.36288,0,27.6427,5.31395,22.0878,0.84672,12.849,0.84672,3695.15,0,0.0036966,1.96345e-05,0.664451,1.95685,3.76423,1.30602,5.0795,0.42336,0.0018483,0.21168,0.0018483,0.21168,460.486,0,1.02816,0,0,1.69261,0.664451,1.028160,1,0,27.1673,0,0,0,27.1673,0
59.5473,2.91432,0,0,1.96352,0.115427,0.36288,3.6288,60.579,0.64911,0,0,0.654307,0.265586,0,0.66528,12.849,1,0.614108,0.36288,0,27.4291,5.31395,21.8639,0.84672,12.849,0.84672,3695.15,0,0.0036966,1.97199e-05,0.666861,1.95698,3.62287,1.30602,4.94068,0.42336,0.0018483,0.21168,0.0018483,0.21168,460.486,0,1.02816,0,0,1.69502,0.666861,1.028160,1,0,26.8046,0,0,0,26.8046,0
57.9446,2.90239,0,0,1.77654,0.113954,0.36288,3.6288,60.2719,0.649224,0,0,0.607223,0.265147,0,0.66528,12.849,1,0.626273,0.36288,0,24.6314,5.31395,19.0541,0.84672,12.849,0.84672,3695.15,0,0.0036966,1.98082e-05,0.456624,1.95712,3.47466,1.30602,4.58237,0.42336,0.0018483,0.21168,0.0018483,0.21168,460.486,0,1.02816,0,0,1.48478,0.456624,1.028160,1,0,23.6365,0,0,0,23.6365,0
56.5258,2.83101,0,0,1.86117,0.0860612,0.36288,3.6288,59.9806,0.617765,0,0,0.652634,0.32617,0,0.66528,12.849,1,0.627765,0.36288,0,22.1568,5.83907,16.0528,0.84672,12.849,0.84672,3695.15,0,0.0036966,1.89444e-05,0.527066,1.95725,3.38148,1.52046,4.34532,0.42336,0.0018483,0.21168,0.0018483,0.21168,460.486,0,1.02816,0,0,1.55523,0.527066,1.028160,1,0,20.3981,0,0,0,20.3981,0
55.1668,2.81836,0,0,1.90234,0.0801377,0.36288,3.6288,59.6167,0.617877,0,0,0.587526,0.333565,0,0.66528,12.849,1,0.640647,0.36288,0,27.3666,5.73888,21.3499,0.84672,12.849,0.84672,3695.15,0,0.0036966,1.90399e-05,0.633701,1.91985,3.64354,1.50096,4.69611,0.42336,0.0018483,0.21168,0.0018483,0.21168,460.486,0,1.02816,0,0,1.66186,0.633701,1.028160,1,0,26.0461,0,0,0,26.0461,0
53.7004,2.80575,0,0,1.78127,0.0790603,0.36288,3.6288,59.2123,0.61799,0,0,0.54638,0.332791,0,0.66528,12.849,1,0.653492,0.36288,0,21.9729,5.73888,15.9434,0.84672,12.849,0.84672,3695.15,0,0.0036966,1.91596e-05,0.602873,1.91998,3.28437,1.50096,4.30624,0.42336,0.0018483,0.21168,0.0018483,0.21168,460.486,0,1.02816,0,0,1.63103,0.602873,1.028160,1,0,20.2496,0,0,0,20.2496,0
52.0898,2.79154,0,0,1.62179,0.0778979,0.36288,3.6288,58.781,0.618102,0,0,0.518716,0.331931,0,0.66528,12.849,1,0.667937,0.36288,0,20.0252,5.73888,13.9812,0.84672,12.849,0.84672,3695.15,0,0.0036966,1.92939e-05,0.351907,1.92011,3.06357,1.50096,3.83461,0.42336,0.0018483,0.21168,0.0018483,0.21168,460.486,0,1.02816,0,0,1.38007,0.351907,1.028160,1,0,17.8159,0,0,0,17.8159,0
50.5914,2.9605,0,0,1.88997,0.0649967,0.36288,3.6288,58.4136,0.66528,0,0,0.626454,0.328535,0,0.66528,12.849,1,0.730267,0.36288,0,20.9455,5.91429,14.6638,0.84672,12.849,0.84672,3695.15,0,0.0036966,0.0018483,0.868726,1.92024,4.50776,1.53444,5.76044,0.42336,0.0018483,0.21168,0.0018483,0.21168,460.486,0,1.02816,0,0,1.89689,0.868726,1.028160,1,0,20.4243,0,0,0,20.4243,0
49.3381,2.94345,0,0,2.10625,0.0532651,0.36288,3.6288,58.0076,0.66528,0,0,0.614749,0.355461,0,0.66528,12.849,1,0.747566,0.36288,0,23.7413,5.97629,17.3803,0.84672,12.849,0.84672,3695.15,0,0.0036966,0.0018483,0.633493,2.07319,3.53833,1.47716,4.766,0.42336,0.0018483,0.21168,0.0018483,0.21168,460.486,0,1.02816,0,0,1.66165,0.633493,1.028160,1,0,22.1463,0,0,0,22.1463,0
47.684,2.92859,0,0,1.68991,0.0525626,0.36288,3.6288,57.4712,0.66528,0,0,0.4834,0.354532,0,0.66528,12.849,1,0.762685,0.36288,0,27.9247,5.97629,21.5487,0.84672,12.849,0.84672,3695.15,0,0.0036966,0.0018483,0.304767,2.07333,2.93927,1.47716,3.83836,0.42336,0.0018483,0.21168,0.0018483,0.21168,460.486,0,1.02816,0,0,1.33293,0.304767,1.028160,1,0,25.387,0,0,0,25.387,0
46.3629,2.90794,0,0,2.0014,0.0516276,0.36288,3.6288,57.1905,0.66528,0,0,0.73789,0.353304,0,0.66528,12.849,1,0.783579,0.36288,0,23.9685,5.97629,17.5715,0.84672,12.849,0.84672,3695.15,0,0.0036966,0.0018483,0.976959,2.07347,3.97479,1.47716,5.54621,0.42336,0.0018483,0.21168,0.0018483,0.21168,460.486,0,1.02816,0,0,2.00512,0.976959,1.028160,1,0,23.1177,0,0,0,23.1177,0
44.7277,2.89065,0,0,1.67219,0.0538793,0.36288,3.6288,56.7342,0.66528,0,0,0.541524,0.332516,0,0.66528,12.849,1,0.801115,0.36288,0,21.8725,5.42175,16.0125,0.84672,12.849,0.84672,3695.15,0,0.0036966,0.0018483,0.553815,2.07361,4.11804,1.2613,5.48232,0.42336,0.0018483,0.21168,0.0018483,0.21168,460.486,0,1.02816,0,0,1.58198,0.553815,1.028160,1,0,21.4948,0,0,0,21.4948,0
42.9672,2.78059,0,0,1.40084,0.0178772,0.36288,3.6288,55.8816,0.879129,0,0,0.4063,0.379756,0,0.66528,12.849,1,0.798784,0.36288,0,14.3454,6.03915,7.87037,0.84672,12.849,0.84672,3695.15,0,0.0036966,0.0018483,0.204422,2.07375,3.26923,1.51601,4.02955,0.42336,0.0018483,0.21168,0.0018483,0.21168,460.486,0,0.814311,0,0,1.01873,0.204422,1.028160,1,0,11.8999,0,0,0,11.8999,0
41.0854,2.75558,0,0,1.33624,0.099557,0.36288,3.6288,55.2374,0.794923,0,0,0.470526,0.319824,0,0.66528,12.849,1,0.824034,0.36288,0,12.8695,4.45893,7.94946,0.84672,12.849,0.84672,3695.15,0,0.0036966,0.0018483,0.204422,1.98629,3.4891,1.16201,4.51595,0.42336,0.0018483,0.21168,0.0018483,0.21168,460.486,0,0.898517,0,0,1.10294,0.204422,1.028160,1,0,12.4654,0,0,0,12.4654,0
39.3302,2.73313,0,0,1.44736,0.106541,0.36288,3.6288,54.7157,0.761011,0,0,0.561609,0.322346,0,0.66528,12.849,1,0.84672,0.36288,0,14.1212,4.52403,9.11335,0.84672,12.849,0.84672,3695.15,0,0.0036966,0.0018483,0.216518,1.98643,3.99938,1.19929,5.00119,0.42336,0.0018483,0.21168,0.0018483,0.21168,460.486,0,0.932429,0,0,1.14895,0.216518,1.028160,1,0,14.1145,0,0,0,14.1145,0
37.603,2.73337,0,0,1.47341,0.10436,0.36288,3.6288,54.2857,0.682906,0,0,0.5742,0.32124,0,0.66528,12.849,1,0.84672,0.36288,0,20.0764,4.52403,15.0686,0.84672,12.849,0.84672,3695.15,0,0.0036966,0.0018483,0.216518,1.98656,4.3078,1.19929,5.30974,0.42336,0.0018483,0.21168,0.0018483,0.21168,460.486,0,1.01053,0,0,1.22705,0.216518,1.028160,1,0,20.3783,0,0,0,20.3783,0
35.7844,2.79489,0,0,1.43051,0.0913281,0.36288,3.6288,54.0659,0.66528,0,0,0.71725,0.271795,0,0.66528,12.849,1,0.84672,0.36288,0,31.9283,4.27793,27.1665,0.84672,12.849,0.84672,3695.15,0,0.0036966,0.0018483,0.445297,1.9867,5.08741,1.06076,6.4568,0.42336,0.0018483,0.21168,0.0018483,0.21168,460.486,0,1.02816,0,0,1.47346,0.445297,1.028160,1,0,33.6233,0,0,0,33.6233,0
34.2955,2.79513,0,0,1.81119,0.142064,0.36288,3.6288,53.5153,0.802259,0,0,0.448699,0.197035,0,0.66528,12.849,1,0.84672,0.36288,0,34.8373,4.04714,30.3063,0.84672,12.849,0.84672,3695.15,0,0.0036966,0.0018483,0.216518,1.99312,3.73531,1.00006,4.94304,0.42336,0.0018483,0.21168,0.0018483,0.21168,460.486,0,0.891181,0,0,1.1077,0.216518,1.028160,1,0,35.2493,0,0,0,35.2493,0
32.4786,2.79538,0,0,1.5072,0.165836,0.36288,3.6288,52.5377,1.09933,0,0,0.314054,0.192352,0,0.66528,12.849,1,0.84672,0.36288,0,28.3033,4.08608,23.7333,0.84672,12.849,0.84672,3695.15,0,0.0036966,0.0018483,0.216518,1.99326,3.11862,1.04966,4.27688,0.42336,0.0018483,0.21168,0.0018483,0.21168,460.486,0,0.594112,0,0,0.810631,0.216518,1.028160,1,0,28.0102,0,0,0,28.0102,0
31.4267,2.79562,0,0,2.26873,0.162149,0.36288,3.6288,52.4421,0.66528,0,0,0.760524,0.190854,0,0.66528,12.849,1,0.84672,0.36288,0,44.1355,4.08608,39.5655,0.84672,12.849,0.84672,3695.15,0,0.0036966,0.0018483,1.31481,1.99339,6.3237,1.04966,8.58039,0.42336,0.0018483,0.21168,0.0018483,0.21168,460.486,0,1.02816,0,0,2.34297,1.31481,1.028160,1,0,48.1459,0,0,0,48.1459,0
33.9274,2.52154,0,0,5.54723,0.162102,0.36288,3.6288,53.45,0.498264,0,0,1.69677,0.190537,0,0.66528,12.849,1,0.84672,0.36288,0,119.591,4.04325,115.064,0.84672,12.849,0.84672,3695.15,0,0.0036966,1.75611e-05,2.73896,1.99353,9.55708,1.0344,13.2551,0.42336,0.0018483,0.21168,0.0018483,0.21168,460.486,0,1.02816,0,0,3.76712,2.73896,1.028160,1,0,128.319,0,0,0,128.319,0
33.464,2.52178,0,0,2.60141,0.180164,0.36288,3.6288,53.438,0.498369,0,0,0.677341,0.191052,0,0.66528,12.849,1,0.84672,0.36288,0,62.2323,3.7863,57.9621,0.84672,12.849,0.84672,3695.15,0,0.0036966,1.72336e-05,0.736232,1.81057,4.65767,0.942832,6.26162,0.42336,0.0018483,0.21168,0.0018483,0.21168,460.486,0,1.02816,0,0,1.76439,0.736232,1.028160,1,0,64.2238,0,0,0,64.2238,0
33.067,2.52201,0,0,2.66698,0.179138,0.36288,3.6288,53.3947,0.498473,0,0,0.646273,0.191033,0,0.66528,12.849,1,0.84672,0.36288,0,33.7954,3.7863,29.5252,0.84672,12.849,0.84672,3695.15,0,0.0036966,1.72411e-05,0.654947,1.81069,5.05515,0.942832,6.57794,0.42336,0.0018483,0.21168,0.0018483,0.21168,460.486,0,1.02816,0,0,1.68311,0.654947,1.028160,1,0,36.1032,0,0,0,36.1032,0
37.1545,2.52223,0,0,7.15092,0.178259,0.36288,3.6288,54.3161,0.498578,0,0,1.6109,0.190967,0,0.66528,12.849,1,0.84672,0.36288,0,78.2228,3.7863,73.9527,0.84672,12.849,0.84672,3695.15,0,0.0036966,1.72587e-05,2.21952,1.81082,9.88239,0.942832,12.9699,0.42336,0.0018483,0.21168,0.0018483,0.21168,460.486,0,1.02816,0,0,3.24768,2.21952,1.028160,1,0,86.9226,0,0,0,86.9226,0
43.1049,2.52248,0,0,9.04539,0.209673,0.36288,3.6288,55.8732,0.498682,0,0,2.27623,0.220397,0,0.66528,12.849,1,0.84672,0.36288,0,184.524,4.34542,179.694,0.84672,12.849,0.84672,3695.15,0,0.0036966,1.69695e-05,3.17066,1.81094,15.2244,1.02491,19.1811,0.42336,0.0018483,0.21168,0.0018483,0.21168,460.486,0,1.02816,0,0,4.19882,3.17066,1.028160,1,0,198.875,0,0,0,198.875,0
44.2455,2.59552,0,0,4.30826,0.209269,0.36288,3.6288,56.1508,0.498683,0,0,1.03161,0.255336,0,0.66528,12.849,1,0.773691,0.36288,0,95.796,4.81808,90.5671,0.84672,12.849,0.84672,3695.15,0,0.0036966,1.64965e-05,1.21913,1.81106,8.82694,1.37737,10.4797,0.42336,0.0018483,0.21168,0.0018483,0.21168,460.486,0,1.02816,0,0,2.24729,1.21913,1.028160,1,0,101.047,0,0,0,101.047,0
43.9584,2.69295,0,0,2.97055,0.201842,0.36288,3.6288,56.0746,0.548151,0,0,0.736258,0.264333,0,0.66528,12.849,1,0.782039,0.36288,0,76.8027,4.91767,71.4659,0.84672,12.849,0.84672,3695.15,0,0.0036966,1.80433e-05,0.634634,1.81106,6.09001,1.50523,7.03046,0.42336,0.0018483,0.21168,0.0018483,0.21168,460.486,0,1.02816,0,0,1.66279,0.634634,1.028160,1,0,78.4963,0,0,0,78.4963,0
46.1241,2.68916,0,0,5.419,0.201183,0.36288,3.6288,56.1071,0.548245,0,0,0.844897,0.264201,0,0.66528,12.849,1,0.786038,0.36288,0,72.4871,4.91767,67.1463,0.84672,12.849,0.84672,3695.15,0,0.0036966,1.8071e-05,0.857071,1.86911,6.81153,1.50523,8.03246,0.42336,0.0018483,0.21168,0.0018483,0.21168,460.486,0,1.02816,0,0,1.88523,0.857071,1.028160,1,0,75.1787,0,0,0,75.1787,0
45.4721,2.71819,0,0,2.6497,0.220674,0.36288,3.6288,56.1107,0.54834,0,0,0.808212,0.256258,0,0.66528,12.849,1,0.757217,0.36288,0,58.7618,4.46195,53.9055,0.84672,12.849,0.84672,3695.15,0,0.0036966,1.80636e-05,0.832386,1.86922,5.20573,1.36481,6.5425,0.42336,0.0018483,0.21168,0.0018483,0.21168,460.486,0,1.02816,0,0,1.86055,0.832386,1.028160,1,0,60.448,0,0,0,60.448,0
44.8945,2.70988,0,0,2.74815,0.25298,0.36288,3.6288,56.1115,0.548434,0,0,0.788403,0.23918,0,0.66528,12.849,1,0.765729,0.36288,0,55.174,3.47271,51.2984,0.84672,12.849,0.84672,3695.15,0,0.0036966,1.80656e-05,0.875405,1.86933,5.76605,1.04049,7.47027,0.42336,0.0018483,0.21168,0.0018483,0.21168,460.486,0,1.02816,0,0,1.90356,0.875405,1.028160,1,0,58.7687,0,0,0,58.7687,0
44.9513,2.84073,0,0,3.50647,0.246071,0.36288,3.6288,55.7702,0.659505,0,0,0.564712,0.246466,0,0.66528,12.849,1,0.813029,0.36288,0,78.2058,3.84793,73.9077,0.84672,12.849,0.84672,3695.15,0,0.0036966,2.1724e-05,0.880001,1.86944,5.73172,1.10729,7.37384,0.42336,0.0018483,0.21168,0.0018483,0.21168,460.486,0,1.02816,0,0,1.90816,0.880001,1.028160,1,0,81.2816,0,0,0,81.2816,0
45.5195,2.8417,0,0,4.01898,0.246229,0.36288,3.6288,55.5739,0.659606,0,0,0.709207,0.245916,0,0.66528,12.849,1,0.812278,0.36288,0,84.8958,3.84793,80.5984,0.84672,12.849,0.84672,3695.15,0,0.0036966,2.18602e-05,0.961321,1.98864,6.47758,1.10729,8.32023,0.42336,0.0018483,0.21168,0.0018483,0.21168,460.486,0,1.02816,0,0,1.98948,0.961321,1.028160,1,0,88.9187,0,0,0,88.9187,0
45.8494,2.84977,0,0,3.82695,0.284401,0.36288,3.6288,55.4531,0.659707,0,0,0.762048,0.223084,0,0.66528,12.849,1,0.80442,0.36288,0,73.4495,3.84037,69.1676,0.84672,12.849,0.84672,3695.15,0,0.0036966,2.19408e-05,1.21615,1.98876,8.03446,1.13278,10.1066,0.42336,0.0018483,0.21168,0.0018483,0.21168,460.486,0,1.02816,0,0,2.24431,1.21615,1.028160,1,0,79.2742,0,0,0,79.2742,0
47.0553,2.85447,0,0,4.71128,0.287987,0.36288,3.6288,55.6141,0.659808,0,0,1.02211,0.201357,0,0.66528,12.849,1,0.799947,0.36288,0,87.0575,3.57898,83.0415,0.84672,12.849,0.84672,3695.15,0,0.0036966,2.19919e-05,2.57385,1.98888,8.23591,1.02055,11.7781,0.42336,0.0018483,0.21168,0.0018483,0.21168,460.486,0,1.02816,0,0,3.60201,2.57385,1.028160,1,0,94.8195,0,0,0,94.8195,0
48.903,2.61738,0,0,5.12627,0.298286,0.36288,3.6288,56.3469,0.485487,0,0,1.36593,0.147636,0,0.66528,12.849,1,0.714706,0.36288,0,100.412,2.92551,97.135,0.84672,12.849,0.84672,3695.15,0,0.0036966,1.61349e-05,2.54769,1.989,12.5538,0.739979,16.3505,0.42336,0.0018483,0.21168,0.0018483,0.21168,460.486,0,1.02816,0,0,3.57585,2.54769,1.028160,1,0,113.486,0,0,0,113.486,0
49.813,2.63893,0,0,4.21616,0.304363,0.36288,3.6288,57.0376,0.485578,0,0,1.32462,0.148346,0,0.66528,12.849,1,0.693363,0.36288,0,87.7444,2.92551,84.4884,0.84672,12.849,0.84672,3695.15,0,0.0036966,1.5928e-05,2.08592,1.79391,10.1275,0.739979,13.2673,0.42336,0.0018483,0.21168,0.0018483,0.21168,460.486,0,1.02816,0,0,3.11408,2.08592,1.028160,1,0,97.7557,0,0,0,97.7557,0
52.9906,2.64915,0,0,6.49693,0.307346,0.36288,3.6288,58.2983,0.485669,0,0,1.89537,0.149015,0,0.66528,12.849,1,0.683335,0.36288,0,159.943,2.92551,156.697,0.84672,12.849,0.84672,3695.15,0,0.0036966,1.57381e-05,4.00707,1.79402,14.1681,0.739979,19.2292,0.42336,0.0018483,0.21168,0.0018483,0.21168,460.486,0,1.02816,0,0,5.03523,4.00707,1.028160,1,0,175.926,0,0,0,175.926,0
56.7198,2.66579,0,0,7.07149,0.313651,0.36288,3.6288,59.5705,0.506266,0,0,1.88938,0.110908,0,0.66528,12.849,1,0.646394,0.36288,0,179.397,2.29792,176.815,0.84672,12.849,0.84672,3695.15,0,0.0036966,1.60508e-05,4.13237,1.79412,16.4492,0.632494,21.7432,0.42336,0.0018483,0.21168,0.0018483,0.21168,460.486,0,1.02816,0,0,5.16053,4.13237,1.028160,1,0,198.558,0,0,0,198.558,0
60.1138,2.71733,0,0,6.76457,0.290287,0.36288,3.6288,60.7235,0.48585,0,0,1.81934,0.180442,0,0.66528,12.849,1,0.61557,0.36288,0,140.804,3.60706,136.945,0.84672,12.849,0.84672,3695.15,0,0.0036966,1.50745e-05,4.14528,1.80623,12.2659,0.835968,17.3815,0.42336,0.0018483,0.21168,0.0018483,0.21168,460.486,0,1.02816,0,0,5.17344,4.14528,1.028160,1,0,154.326,0,0,0,154.326,0
62.6136,2.84647,0,0,6.00305,0.293925,0.36288,3.6288,61.308,0.546836,0,0,1.99877,0.193293,0.67417,0.66528,12.849,1,0.608417,0.36288,0,147.557,3.82525,143.486,0.84672,12.849,0.84672,3695.15,0,0.0036966,1.66446e-05,3.79671,1.79434,17.1572,0.86988,21.8784,0.42336,0.0018483,0.21168,0.0018483,0.21168,460.486,0,1.02816,0,0,4.82487,3.79671,1.028160,1,0,166.038,0,0,0,166.038,0
63.4087,2.8668,0,0,4.32227,0.297459,0.36288,3.6288,61.308,0.54693,0,0,1.47927,0.18611,0.746232,0.66528,12.849,1,0.588298,0.36288,0,154.957,3.60942,151.122,0.84672,12.849,0.84672,3695.15,0,0.0036966,1.64887e-05,4.2755,1.86432,11.1052,0.839686,16.4053,0.42336,0.0018483,0.21168,0.0018483,0.21168,460.486,0,1.02816,0,0,5.30366,4.2755,1.028160,1,0,168.273,0,0,0,168.273,0
63.6208,2.8731,0,0,3.70573,0.257639,0.36288,3.6288,61.308,0.547024,0,0,1.12769,0.168311,0.412358,0.66528,12.849,1,0.582199,0.36288,0,112.458,2.69664,109.542,0.84672,12.849,0.84672,3695.15,0,0.0036966,1.64916e-05,3.02943,1.86443,9.1114,0.765453,13.2398,0.42336,0.0018483,0.21168,0.0018483,0.21168,460.486,0,1.02816,0,0,4.05759,3.02943,1.028160,1,0,123.194,0,0,0,123.194,0
64.1672,2.87489,0,0,3.99737,0.213251,0.36288,3.6288,61.308,0.547118,0,0,1.34157,0.213286,0.581163,0.66528,12.849,1,0.580619,0.36288,0,110.987,3.55818,107.211,0.84672,12.849,0.84672,3695.15,0,0.0036966,1.64944e-05,3.98655,1.86454,9.43246,0.931036,14.3525,0.42336,0.0018483,0.21168,0.0018483,0.21168,460.486,0,1.02816,0,0,5.01471,3.98655,1.028160,1,0,122.145,0,0,0,122.145,0
64.6837,2.8395,0,0,3.92501,0.206161,0.36288,3.6288,61.308,0.523556,0,0,1.21618,0.217416,0.475212,0.66528,12.849,1,0.568588,0.36288,0,139.213,3.82211,135.185,0.84672,12.849,0.84672,3695.15,0,0.0036966,1.5784e-05,3.46351,1.86465,7.59715,0.948293,11.977,0.42336,0.0018483,0.21168,0.0018483,0.21168,460.486,0,1.02816,0,0,4.49167,3.46351,1.028160,1,0,147.637,0,0,0,147.637,0
64.5933,2.84346,0,0,3.32296,0.207022,0.36288,3.6288,61.308,0.523649,0,0,0.999216,0.217416,0.258152,0.66528,12.849,1,0.564835,0.36288,0,98.3137,3.82211,94.2896,0.84672,12.849,0.84672,3695.15,0,0.0036966,1.57868e-05,3.72484,1.83756,7.53849,0.948293,12.1526,0.42336,0.0018483,0.21168,0.0018483,0.21168,460.486,0,1.02816,0,0,4.753,3.72484,1.028160,1,0,106.7,0,0,0,106.7,0
64.3472,2.84297,0,0,3.16664,0.206872,0.36288,3.6288,61.308,0.523741,0,0,0.83046,0.217416,0.0893025,0.66528,12.849,1,0.565528,0.36288,0,76.2273,3.82211,72.2025,0.84672,12.849,0.84672,3695.15,0,0.0036966,1.57896e-05,2.63242,1.83767,6.45693,0.948293,9.97871,0.42336,0.0018483,0.21168,0.0018483,0.21168,460.486,0,1.02816,0,0,3.66058,2.63242,1.028160,1,0,82.2705,0,0,0,82.2705,0
63.7781,2.84133,0,0,2.78027,0.145183,0.36288,3.6288,61.308,0.523834,0,0,0.756907,0.231483,0.00158962,0.66528,12.849,1,0.567364,0.36288,0,69.025,4.1561,64.6644,0.84672,12.849,0.84672,3695.15,0,0.0036966,1.57924e-05,2.4396,1.83778,6.09176,1.04899,9.32013,0.42336,0.0018483,0.21168,0.0018483,0.21168,460.486,0,1.02816,0,0,3.46776,2.4396,1.028160,1,0,73.9861,0,0,0,73.9861,0
63.1721,2.97188,0,0,2.86823,0.139466,0.36288,3.6288,61.308,0.607839,0,0,0.853502,0.228481,0.0171821,0.66528,12.849,1,0.598728,0.36288,0,62.0271,4.40601,57.3852,0.84672,12.849,0.84672,3695.15,0,0.0036966,1.8325e-05,2.91348,1.83789,5.82523,1.03086,9.54571,0.42336,0.0018483,0.21168,0.0018483,0.21168,460.486,0,1.02816,0,0,3.94164,2.91348,1.028160,1,0,66.9481,0,0,0,66.9481,0
62.3106,2.96729,0,0,2.60752,0.138781,0.36288,3.6288,61.2915,0.607937,0,0,0.819876,0.228481,0,0.66528,12.849,1,0.603537,0.36288,0,59.401,4.40601,54.7544,0.84672,12.849,0.84672,3695.15,0,0.0036966,1.83279e-05,2.05341,1.93314,5.6272,1.03086,8.58286,0.42336,0.0018483,0.21168,0.0018483,0.21168,460.486,0,1.02816,0,0,3.08157,2.05341,1.028160,1,0,63.3372,0,0,0,63.3372,0
61.1586,2.96054,0,0,2.30921,0.137806,0.36288,3.6288,61.1903,0.608035,0,0,0.735371,0.228457,0,0.66528,12.849,1,0.61049,0.36288,0,51.2236,4.40601,46.57,0.84672,12.849,0.84672,3695.15,0,0.0036966,1.83358e-05,1.6952,1.93325,5.29767,1.03086,7.89524,0.42336,0.0018483,0.21168,0.0018483,0.21168,460.486,0,1.02816,0,0,2.72336,1.6952,1.028160,1,0,54.4652,0,0,0,54.4652,0
59.84,2.95122,0,0,2.11066,0.115136,0.36288,3.6288,61.075,0.608132,0,0,0.737244,0.244475,0,0.66528,12.849,1,0.62003,0.36288,0,46.1551,4.66584,41.2321,0.84672,12.849,0.84672,3695.15,0,0.0036966,1.83691e-05,2.00372,1.93337,5.15551,1.09516,7.99741,0.42336,0.0018483,0.21168,0.0018483,0.21168,460.486,0,1.02816,0,0,3.03188,2.00372,1.028160,1,0,49.2295,0,0,0,49.2295,0
58.4601,2.94014,0,0,2.01356,0.0904644,0.36288,3.6288,60.8703,0.60823,0,0,0.629286,0.225703,0,0.66528,12.849,1,0.631315,0.36288,0,47.857,4.23351,43.3551,0.84672,12.849,0.84672,3695.15,0,0.0036966,1.84068e-05,0.948672,1.93348,3.90759,1.09121,5.69851,0.42336,0.0018483,0.21168,0.0018483,0.21168,460.486,0,1.02816,0,0,1.97683,0.948672,1.028160,1,0,49.0536,0,0,0,49.0536,0
56.9409,2.90188,0,0,1.83559,0.0900602,0.36288,3.6288,60.6252,0.654461,0,0,0.628055,0.218732,0,0.66528,12.849,1,0.637806,0.36288,0,47.5119,4.10372,43.1332,0.84672,12.849,0.84672,3695.15,0,0.0036966,1.98724e-05,0.967196,1.9336,3.71169,1.07626,5.5362,0.42336,0.0018483,0.21168,0.0018483,0.21168,460.486,0,1.02816,0,0,1.99536,0.967196,1.028160,1,0,48.6694,0,0,0,48.6694,0
55.2672,2.88816,0,0,1.66606,0.0887322,0.36288,3.6288,60.3414,0.654562,0,0,0.589215,0.218392,0,0.66528,12.849,1,0.651729,0.36288,0,42.3371,4.10372,37.9446,0.84672,12.849,0.84672,3695.15,0,0.0036966,1.99558e-05,0.742159,1.96336,3.59057,1.07626,5.2198,0.42336,0.0018483,0.21168,0.0018483,0.21168,460.486,0,1.02816,0,0,1.77032,0.742159,1.028160,1,0,43.1644,0,0,0,43.1644,0
53.5542,2.87232,0,0,1.58065,0.0584344,0.36288,3.6288,59.9452,0.654662,0,0,0.552703,0.294312,0,0.66528,12.849,1,0.667782,0.36288,0,38.0817,5.09177,32.6851,0.84672,12.849,0.84672,3695.15,0,0.0036966,2.00528e-05,0.749088,1.96348,3.40283,1.43692,4.67846,0.42336,0.0018483,0.21168,0.0018483,0.21168,460.486,0,1.02816,0,0,1.77725,0.749088,1.028160,1,0,37.3635,0,0,0,37.3635,0
51.6637,2.85526,0,0,1.39082,0.0631878,0.36288,3.6288,59.4486,0.654763,0,0,0.451461,0.293307,0,0.66528,12.849,1,0.685049,0.36288,0,37.25,5.23104,31.6968,0.84672,12.849,0.84672,3695.15,0,0.0036966,2.01884e-05,0.62456,1.9636,3.18219,1.43259,4.33774,0.42336,0.0018483,0.21168,0.0018483,0.21168,460.486,0,1.02816,0,0,1.65272,0.62456,1.028160,1,0,36.0345,0,0,0,36.0345,0
49.7503,2.779,0,0,1.298,0.0694972,0.36288,3.6288,58.864,0.623185,0,0,0.330679,0.292027,0,0.66528,12.849,1,0.691151,0.36288,0,32.2478,5.41674,26.5028,0.84672,12.849,0.84672,3695.15,0,0.0036966,1.93753e-05,0.630003,1.96371,2.83973,1.42681,4.00661,0.42336,0.0018483,0.21168,0.0018483,0.21168,460.486,0,1.02816,0,0,1.65816,0.630003,1.028160,1,0,30.5094,0,0,0,30.5094,0
47.7498,2.75804,0,0,1.18851,0.0681154,0.36288,3.6288,58.2561,0.623283,0,0,0.306278,0.290935,0,0.66528,12.849,1,0.712319,0.36288,0,30.6515,5.41674,24.8853,0.84672,12.849,0.84672,3695.15,0,0.0036966,1.95708e-05,0.389267,1.92617,2.4961,1.42681,3.38471,0.42336,0.0018483,0.21168,0.0018483,0.21168,460.486,0,1.02816,0,0,1.41743,0.389267,1.028160,1,0,28.2701,0,0,0,28.2701,0
45.8491,2.73469,0,0,1.25575,0.058816,0.36288,3.6288,57.6894,0.623382,0,0,0.351602,0.294879,0,0.66528,12.849,1,0.735877,0.36288,0,30.0618,5.56629,24.1225,0.84672,12.849,0.84672,3695.15,0,0.0036966,1.97781e-05,0.672771,1.92628,3.30202,1.45669,4.44436,0.42336,0.0018483,0.21168,0.0018483,0.21168,460.486,0,1.02816,0,0,1.70093,0.672771,1.028160,1,0,28.5668,0,0,0,28.5668,0
43.9868,2.71102,0,0,1.26662,0.0550402,0.36288,3.6288,57.1543,0.62348,0,0,0.344478,0.25618,0,0.66528,12.849,1,0.75975,0.36288,0,29.3249,5.57548,23.3526,0.84672,12.849,0.84672,3695.15,0,0.0036966,1.99756e-05,0.714606,1.9264,3.22997,1.48866,4.3823,0.42336,0.0018483,0.21168,0.0018483,0.21168,460.486,0,1.02816,0,0,1.74277,0.714606,1.028160,1,0,27.7349,0,0,0,27.7349,0
41.5992,2.86569,0,0,0.945743,0.104768,0.36288,3.6288,56.0752,0.982817,0,0,0.209466,0.305695,0,0.66528,12.849,1,0.837096,0.36288,0,20.4894,6.16149,13.8537,0.84672,12.849,0.84672,3695.15,0,0.0036966,0.0018483,0.227405,1.92652,1.8225,1.46996,2.5046,0.42336,0.0018483,0.21168,0.0018483,0.21168,460.486,0,0.710623,0,0,0.938028,0.227405,1.028160,1,0,16.3583,0,0,0,16.3583,0
39.3386,2.85628,0,0,1.05678,0.0982562,0.36288,3.6288,55.2837,0.742867,0,0,0.2574,0.306057,0,0.66528,12.849,1,0.84672,0.36288,0,26.0726,6.23627,19.3525,0.84672,12.849,0.84672,3695.15,0,0.0036966,0.0018483,0.227405,2.07994,1.9345,1.4849,2.75509,0.42336,0.0018483,0.21168,0.0018483,0.21168,460.486,0,0.950573,0,0,1.17798,0.227405,1.028160,1,0,22.1076,0,0,0,22.1076,0
36.8584,2.85649,0,0,0.834883,0.0956741,0.36288,3.6288,54.1132,1.05394,0,0,0.187891,0.304474,0,0.66528,12.849,1,0.84672,0.36288,0,26.906,6.23627,20.1859,0.84672,12.849,0.84672,3695.15,0,0.0036966,0.0018483,0.204422,2.08007,1.53282,1.4849,2.33056,0.42336,0.0018483,0.21168,0.0018483,0.21168,460.486,0,0.639498,0,0,0.843921,0.204422,1.028160,1,0,22.5165,0,0,0,22.5165,0
34.5799,2.8567,0,0,1.03402,0.0929395,0.36288,3.6288,53.4583,0.66528,0,0,0.312588,0.302131,0,0.66528,12.849,1,0.84672,0.36288,0,23.8448,6.23627,17.1247,0.84672,12.849,0.84672,3695.15,0,0.0036966,0.0018483,0.477066,2.08019,2.3034,1.4849,3.3739,0.42336,0.0018483,0.21168,0.0018483,0.21168,460.486,0,1.02816,0,0,1.50523,0.477066,1.028160,1,0,20.4986,0,0,0,20.4986,0
31.8969,2.85691,0,0,0.633039,0.0962595,0.36288,3.6288,52.5184,0.872277,0,0,0.266052,0.333711,0,0.66528,12.849,1,0.84672,0.36288,0,21.5049,6.53919,14.4818,0.84672,12.849,0.84672,3695.15,0,0.0036966,0.0018483,0.204422,2.08032,2.14834,1.50489,2.92633,0.42336,0.0018483,0.21168,0.0018483,0.21168,460.486,0,0.821163,0,0,1.02559,0.204422,1.028160,1,0,17.4082,0,0,0,17.4082,0
29.26,2.74412,0,0,0.605202,0.135095,0.36288,3.6288,51.5262,0.962332,0,0,0.275435,0.305291,0,0.66528,12.849,1,0.84672,0.36288,0,17.6478,6.32907,10.8349,0.84672,12.849,0.84672,3695.15,0,0.0036966,0.0018483,0.204422,2.08044,1.69559,1.3991,2.57951,0.42336,0.0018483,0.21168,0.0018483,0.21168,460.486,0,0.731108,0,0,0.935531,0.204422,1.028160,1,0,13.4144,0,0,0,13.4144,0
26.8264,2.74432,0,0,0.810475,0.136887,0.36288,3.6288,50.8971,0.671432,0,0,0.338736,0.296404,0,0.66528,12.849,1,0.84672,0.36288,0,23.4173,6.27385,16.6596,0.84672,12.849,0.84672,3695.15,0,0.0036966,0.0018483,0.216518,1.99268,2.08405,1.38014,2.91127,0.42336,0.0018483,0.21168,0.0018483,0.21168,460.486,0,1.02201,0,0,1.23853,0.216518,1.028160,1,0,19.5708,0,0,0,19.5708,0
24.6075,2.74452,0,0,1.02085,0.132379,0.36288,3.6288,50.4448,0.66528,0,0,0.507849,0.294895,0,0.66528,12.849,1,0.84672,0.36288,0,47.6618,6.27385,40.9041,0.84672,12.849,0.84672,3695.15,0,0.0036966,0.0018483,0.830097,1.9928,2.87866,1.38014,4.31957,0.42336,0.0018483,0.21168,0.0018483,0.21168,460.486,0,1.02816,0,0,1.85826,0.830097,1.028160,1,0,45.2237,0,0,0,45.2237,0
22.1446,2.74471,0,0,0.799777,0.155042,0.36288,3.6288,49.898,0.673384,0,0,0.385468,0.258872,0,0.66528,12.849,1,0.84672,0.36288,0,34.2376,5.92685,27.827,0.84672,12.849,0.84672,3695.15,0,0.0036966,0.0018483,0.216518,1.99292,1.8957,1.33943,2.76385,0.42336,0.0018483,0.21168,0.0018483,0.21168,460.486,0,1.02006,0,0,1.23657,0.216518,1.028160,1,0,30.5908,0,0,0,30.5908,0
19.4946,2.80638,0,0,0.670214,0.15103,0.36288,3.6288,49.3967,0.745027,0,0,0.45297,0.209207,0,0.66528,12.849,1,0.84672,0.36288,0,19.5972,5.17489,13.9385,0.84672,12.849,0.84672,3695.15,0,0.0036966,0.0018483,0.216518,1.99304,2.50867,1.19815,3.51822,0.42336,0.0018483,0.21168,0.0018483,0.21168,460.486,0,0.948413,0,0,1.16493,0.216518,1.028160,1,0,17.4567,0,0,0,17.4567,0
17.0882,2.80657,0,0,0.964284,0.201224,0.36288,3.6288,49.2499,0.66528,0,0,0.737537,0.219128,0,0.66528,12.849,1,0.84672,0.36288,0,30.6814,5.32213,24.8754,0.84672,12.849,0.84672,3695.15,0,0.0036966,0.0018483,0.39579,1.99946,2.51456,1.20614,3.70182,0.42336,0.0018483,0.21168,0.0018483,0.21168,460.486,0,1.02816,0,0,1.42395,0.39579,1.028160,1,0,28.5773,0,0,0,28.5773,0
15.6289,2.80675,0,0,1.90484,0.194451,0.36288,3.6288,49.3615,0.66528,0,0,0.995777,0.218863,0,0.66528,12.849,1,0.84672,0.36288,0,53.6568,5.32213,47.8508,0.84672,12.849,0.84672,3695.15,0,0.0036966,0.0018483,1.10818,1.99958,5.14517,1.20614,7.04495,0.42336,0.0018483,0.21168,0.0018483,0.21168,460.486,0,1.02816,0,0,2.13634,1.10818,1.028160,1,0,54.8958,0,0,0,54.8958,0
14.0102,2.80694,0,0,1.74074,0.189687,0.36288,3.6288,49.2532,0.66528,0,0,0.776079,0.219065,0,0.66528,12.849,1,0.84672,0.36288,0,69.8401,5.32213,64.0341,0.84672,12.849,0.84672,3695.15,0,0.0036966,0.0018483,1.21795,1.9997,4.94224,1.20614,6.95191,0.42336,0.0018483,0.21168,0.0018483,0.21168,460.486,0,1.02816,0,0,2.24611,1.21795,1.028160,1,0,70.986,0,0,0,70.986,0
12.3952,2.53195,0,0,1.44437,0.164481,0.36288,3.6288,48.9776,0.503066,0,0,0.398102,0.170705,0,0.66528,12.849,1,0.84672,0.36288,0,43.9834,3.70503,39.7945,0.84672,12.849,0.84672,3695.15,0,0.0036966,1.88783e-05,0.527221,1.99982,4.75082,0.978642,6.2992,0.42336,0.0018483,0.21168,0.0018483,0.21168,460.486,0,1.02816,0,0,1.55538,0.527221,1.028160,1,0,46.0937,0,0,0,46.0937,0
11.0883,2.529,0,0,1.74368,0.158764,0.36288,3.6288,48.9052,0.506264,0,0,0.604179,0.170317,0,0.66528,12.849,1,0.84672,0.36288,0,60.4077,3.70503,56.2188,0.84672,12.849,0.84672,3695.15,0,0.0036966,1.91053e-05,1.20948,1.81626,5.83869,0.978642,7.88577,0.42336,0.0018483,0.21168,0.0018483,0.21168,460.486,0,1.02816,0,0,2.23764,1.20948,1.028160,1,0,64.1046,0,0,0,64.1046,0
9.86386,2.52925,0,0,1.82186,0.154138,0.36288,3.6288,48.8358,0.506264,0,0,0.607113,0.170215,0,0.66528,12.849,1,0.84672,0.36288,0,70.9161,3.70503,66.7272,0.84672,12.849,0.84672,3695.15,0,0.0036966,1.91335e-05,1.01041,1.81819,7.52531,0.978642,9.37525,0.42336,0.0018483,0.21168,0.0018483,0.21168,460.486,0,1.02816,0,0,2.03857,1.01041,1.028160,1,0,76.1025,0,0,0,76.1025,0
7.93409,2.52949,0,0,1.12724,0.164638,0.36288,3.6288,48.649,0.506264,0,0,0.490237,0.170732,0,0.66528,12.849,1,0.84672,0.36288,0,47.7316,4.13066,43.1171,0.84672,12.849,0.84672,3695.15,0,0.0036966,1.91607e-05,0.589585,1.81825,3.85277,0.978308,5.28228,0.42336,0.0018483,0.21168,0.0018483,0.21168,460.486,0,1.02816,0,0,1.61774,0.589585,1.028160,1,0,48.3994,0,0,0,48.3994,0
8.8591,2.52967,0,0,3.97914,0.161588,0.36288,3.6288,49.1545,0.506264,0,0,1.21443,0.202727,0,0.66528,12.849,1,0.84672,0.36288,0,95.4884,4.71159,90.293,0.84672,12.849,0.84672,3695.15,0,0.0036966,1.92343e-05,1.19769,1.8183,6.75064,1.15171,8.6149,0.42336,0.0018483,0.21168,0.0018483,0.21168,460.486,0,1.02816,0,0,2.22585,1.19769,1.028160,1,0,98.9079,0,0,0,98.9079,0
10.8964,2.63587,0,0,5.20375,0.167676,0.36288,3.6288,50.0171,0.555782,0,0,1.61392,0.19555,0,0.66528,12.849,1,0.84672,0.36288,0,86.6298,4.56719,81.5788,0.84672,12.849,0.84672,3695.15,0,0.0036966,2.08984e-05,2.07712,1.81836,7.62083,1.07398,10.4423,0.42336,0.0018483,0.21168,0.0018483,0.21168,460.486,0,1.02816,0,0,3.10528,2.07712,1.028160,1,0,92.0211,0,0,0,92.0211,0
12.9595,2.6389,0,0,5.24175,0.176908,0.36288,3.6288,51.1994,0.553122,0,0,1.93241,0.196942,0,0.66528,12.849,1,0.84672,0.36288,0,144.358,4.56719,139.307,0.84672,12.849,0.84672,3695.15,0,0.0036966,2.04397e-05,1.93825,1.87651,8.98612,1.07398,11.7269,0.42336,0.0018483,0.21168,0.0018483,0.21168,460.486,0,1.02816,0,0,2.96641,1.93825,1.028160,1,0,151.034,0,0,0,151.034,0
13.9766,2.63915,0,0,4.20447,0.185327,0.36288,3.6288,51.7858,0.553204,0,0,1.33848,0.19885,0,0.66528,12.849,1,0.84672,0.36288,0,97.1067,4.56719,92.0557,0.84672,12.849,0.84672,3695.15,0,0.0036966,1.99707e-05,1.59995,1.875,5.90279,1.07398,8.30373,0.42336,0.0018483,0.21168,0.0018483,0.21168,460.486,0,1.02816,0,0,2.62811,1.59995,1.028160,1,0,100.359,0,0,0,100.359,0
15.0275,2.63935,0,0,4.24211,0.188973,0.36288,3.6288,52.4615,0.553285,0,0,1.42049,0.191559,0,0.66528,12.849,1,0.84672,0.36288,0,105.284,4.3053,100.494,0.84672,12.849,0.84672,3695.15,0,0.0036966,1.97474e-05,1.51858,1.8751,6.62998,1.03565,8.98799,0.42336,0.0018483,0.21168,0.0018483,0.21168,460.486,0,1.02816,0,0,2.54674,1.51858,1.028160,1,0,109.482,0,0,0,109.482,0
20.8633,2.81802,0,0,9.20082,0.184169,0.36288,3.6288,54.7883,0.664684,0,0,3.18801,0.196518,0,0.66528,12.849,1,0.84672,0.36288,0,194.851,3.67107,190.696,0.84672,12.849,0.84672,3695.15,0,0.0036966,2.34179e-05,3.45839,1.87519,13.4561,1.07101,17.7187,0.42336,0.0018483,0.21168,0.0018483,0.21168,460.486,0,1.02816,0,0,4.48655,3.45839,1.028160,1,0,208.415,0,0,0,208.415,0
34.324,2.81831,0,0,16.8432,0.201254,0.36288,3.6288,58.3345,0.664772,0,0,4.39608,0.185069,0,0.66528,12.849,1,0.84672,0.36288,0,285.557,3.47077,281.603,0.84672,12.849,0.84672,3695.15,0,0.0036966,2.24263e-05,5.41331,1.99475,25.1469,1.02874,31.5262,0.42336,0.0018483,0.21168,0.0018483,0.21168,460.486,0,1.02816,0,0,6.44147,5.41331,1.028160,1,0,313.129,0,0,0,313.129,0
37.4989,2.81859,0,0,6.59782,0.241383,0.36288,3.6288,59.5319,0.66486,0,0,2.05165,0.189396,0,0.66528,12.849,1,0.84672,0.36288,0,235.13,3.47077,231.175,0.84672,12.849,0.84672,3695.15,0,0.0036966,2.10658e-05,2.32731,1.99485,10.4243,1.02874,13.7177,0.42336,0.0018483,0.21168,0.0018483,0.21168,460.486,0,1.02816,0,0,3.35547,2.32731,1.028160,1,0,244.893,0,0,0,244.893,0
39.6782,2.81879,0,0,5.61461,0.253721,0.36288,3.6288,60.6992,0.664947,0,0,2.07282,0.240572,0,0.66528,12.849,1,0.84672,0.36288,0,151.387,4.03305,146.871,0.84672,12.849,0.84672,3695.15,0,0.0036966,2.06448e-05,2.45098,1.99495,10.6409,1.12639,13.9605,0.42336,0.0018483,0.21168,0.0018483,0.21168,460.486,0,1.02816,0,0,3.47914,2.45098,1.028160,1,0,160.831,0,0,0,160.831,0
41.7426,2.52463,0,0,5.19722,0.245243,0.36288,3.6288,61.308,0.490084,0,0,2.10692,0.206644,0.801397,0.66528,12.849,1,0.817554,0.36288,0,137.303,3.36305,133.486,0.84672,12.849,0.84672,3695.15,0,0.0036966,1.49231e-05,2.54944,1.99505,10.6498,1.01334,14.1809,0.42336,0.0018483,0.21168,0.0018483,0.21168,460.486,0,1.02816,0,0,3.5776,2.54944,1.028160,1,0,148.468,0,0,0,148.468,0
42.8286,2.54338,0,0,4.24353,0.251302,0.36288,3.6288,61.308,0.506255,0,0,1.3575,0.207443,0.643802,0.66528,12.849,1,0.78289,0.36288,0,97.0868,3.36305,93.3038,0.84672,12.849,0.84672,3695.15,0,0.0036966,1.52625e-05,1.39877,1.79935,7.99226,1.01334,10.177,0.42336,0.0018483,0.21168,0.0018483,0.21168,460.486,0,1.02816,0,0,2.42693,1.39877,1.028160,1,0,104.125,0,0,0,104.125,0
45.0024,2.55884,0,0,5.35001,0.254498,0.36288,3.6288,61.308,0.506255,0,0,1.942,0.207443,1.22831,0.66528,12.849,1,0.767678,0.36288,0,128.806,3.36305,125.038,0.84672,12.849,0.84672,3695.15,0,0.0036966,1.52625e-05,1.99657,1.80886,11.487,1.01334,14.2791,0.42336,0.0018483,0.21168,0.0018483,0.21168,460.486,0,1.02816,0,0,3.02473,1.99657,1.028160,1,0,140.545,0,0,0,140.545,0
49.3615,2.58789,0,0,7.57123,0.261382,0.36288,3.6288,61.308,0.506255,0,0,3.13667,0.215092,2.41533,0.66528,12.849,1,0.738889,0.36288,0,175.861,3.5796,171.906,0.84672,12.849,0.84672,3695.15,0,0.0036966,1.52625e-05,4.58445,1.80891,20.3634,1.04669,25.7101,0.42336,0.0018483,0.21168,0.0018483,0.21168,460.486,0,1.02816,0,0,5.61261,4.58445,1.028160,1,0,200.031,0,0,0,200.031,0
52.9299,2.65245,0,0,6.8574,0.273678,0.36288,3.6288,61.308,0.490396,0,0,4.06274,0.194266,3.37807,0.66528,12.849,1,0.690444,0.36288,0,132.285,3.49915,128.459,0.84672,12.849,0.84672,3695.15,0,0.0036966,1.47843e-05,3.73035,1.80896,13.1203,1.0295,17.6301,0.42336,0.0018483,0.21168,0.0018483,0.21168,460.486,0,1.02816,0,0,4.75851,3.73035,1.028160,1,0,149.467,0,0,0,149.467,0
55.5571,2.77564,0,0,6.04833,0.282576,0.36288,3.6288,61.308,0.567332,0,0,2.82563,0.167578,2.09072,0.66528,12.849,1,0.6738,0.36288,0,131.097,2.94725,127.839,0.84672,12.849,0.84672,3695.15,0,0.0036966,1.71038e-05,2.71451,1.79972,11.1043,0.942587,14.6759,0.42336,0.0018483,0.21168,0.0018483,0.21168,460.486,0,1.02816,0,0,3.74267,2.71451,1.028160,1,0,144.606,0,0,0,144.606,0
57.4653,2.81448,0,0,5.36022,0.274694,0.36288,3.6288,61.308,0.551631,0,0,2.25762,0.177093,1.5289,0.66528,12.849,1,0.65092,0.36288,0,132.972,3.06358,129.621,0.84672,12.849,0.84672,3695.15,0,0.0036966,1.66305e-05,2.27658,1.87913,10.8937,0.965488,14.0839,0.42336,0.0018483,0.21168,0.0018483,0.21168,460.486,0,1.02816,0,0,3.30474,2.27658,1.028160,1,0,145.233,0,0,0,145.233,0
59.04,2.83229,0,0,5.01037,0.240448,0.36288,3.6288,61.308,0.551713,0,0,2.70142,0.200882,1.94882,0.66528,12.849,1,0.633289,0.36288,0,100.858,3.35444,97.2333,0.84672,12.849,0.84672,3695.15,0,0.0036966,1.66329e-05,2.62046,1.86999,10.9927,1.02274,14.4604,0.42336,0.0018483,0.21168,0.0018483,0.21168,460.486,0,1.02816,0,0,3.64862,2.62046,1.028160,1,0,113.643,0,0,0,113.643,0
59.8577,2.84631,0,0,4.28014,0.253236,0.36288,3.6288,61.308,0.551794,0,0,1.8369,0.185897,1.09921,0.66528,12.849,1,0.619449,0.36288,0,74.4785,3.14682,71.0751,0.84672,12.849,0.84672,3695.15,0,0.0036966,1.66354e-05,1.82159,1.87009,7.57417,1.02017,10.2457,0.42336,0.0018483,0.21168,0.0018483,0.21168,460.486,0,1.02816,0,0,2.84975,1.82159,1.028160,1,0,82.42,0,0,0,82.42,0
60.5063,2.8141,0,0,4.04264,0.217093,0.36288,3.6288,61.308,0.528148,0,0,1.79112,0.187717,1.07526,0.66528,12.849,1,0.604071,0.36288,0,94.2788,2.60274,91.4349,0.84672,12.849,0.84672,3695.15,0,0.0036966,1.59225e-05,1.97123,1.87019,7.9882,1.02108,10.8085,0.42336,0.0018483,0.21168,0.0018483,0.21168,460.486,0,1.02816,0,0,2.99939,1.97123,1.028160,1,0,103.319,0,0,0,103.319,0
60.8248,2.81958,0,0,3.69886,0.19793,0.36288,3.6288,61.308,0.528228,0,0,1.55362,0.214968,0.810423,0.66528,12.849,1,0.598761,0.36288,0,74.1329,3.32745,70.5696,0.84672,12.849,0.84672,3695.15,0,0.0036966,1.59249e-05,1.56165,1.843,6.43505,1.07387,8.76581,0.42336,0.0018483,0.21168,0.0018483,0.21168,460.486,0,1.02816,0,0,2.58981,1.56165,1.028160,1,0,80.1458,0,0,0,80.1458,0
60.8954,2.82232,0,0,3.45432,0.198455,0.36288,3.6288,61.308,0.528308,0,0,1.38809,0.214968,0.644809,0.66528,12.849,1,0.596204,0.36288,0,68.1575,3.32745,64.5967,0.84672,12.849,0.84672,3695.15,0,0.0036966,1.59273e-05,1.338,1.84309,5.84147,1.07387,7.94867,0.42336,0.0018483,0.21168,0.0018483,0.21168,460.486,0,1.02816,0,0,2.36616,1.338,1.028160,1,0,73.1902,0,0,0,73.1902,0
60.8739,2.82303,0,0,3.36295,0.198572,0.36288,3.6288,61.308,0.528388,0,0,1.36346,0.214968,0.620105,0.66528,12.849,1,0.595663,0.36288,0,52.7378,3.32745,49.1775,0.84672,12.849,0.84672,3695.15,0,0.0036966,1.59297e-05,1.32206,1.84319,5.86843,1.07387,7.95979,0.42336,0.0018483,0.21168,0.0018483,0.21168,460.486,0,1.02816,0,0,2.35022,1.32206,1.028160,1,0,57.7574,0,0,0,57.7574,0
59.8813,2.95692,0,0,2.4929,0.165645,0.36288,3.6288,61.308,0.612625,0,0,0.933803,0.2059,0.115277,0.66528,12.849,1,0.624134,0.36288,0,41.5814,3.74829,37.5718,0.84672,12.849,0.84672,3695.15,0,0.0036966,1.84693e-05,0.749399,1.84328,4.22508,0.990488,5.82725,0.42336,0.0018483,0.21168,0.0018483,0.21168,460.486,0,1.02816,0,0,1.77756,0.749399,1.028160,1,0,43.5144,0,0,0,43.5144,0
58.8255,2.94855,0,0,2.41974,0.164195,0.36288,3.6288,61.308,0.61271,0,0,0.991673,0.2059,0.173063,0.66528,12.849,1,0.632684,0.36288,0,39.6331,3.74829,35.6151,0.84672,12.849,0.84672,3695.15,0,0.0036966,1.84718e-05,0.729026,1.93879,4.49461,0.990488,6.17193,0.42336,0.0018483,0.21168,0.0018483,0.21168,460.486,0,1.02816,0,0,1.75719,0.729026,1.028160,1,0,41.96,0,0,0,41.96,0
57.6563,2.93938,0,0,2.2956,0.162535,0.36288,3.6288,61.308,0.612794,0,0,0.963662,0.2059,0.144968,0.66528,12.849,1,0.642037,0.36288,0,37.2248,3.74829,33.1973,0.84672,12.849,0.84672,3695.15,0,0.0036966,1.84744e-05,0.654238,1.93889,4.15552,0.990488,5.75814,0.42336,0.0018483,0.21168,0.0018483,0.21168,460.486,0,1.02816,0,0,1.6824,0.654238,1.028160,1,0,39.1004,0,0,0,39.1004,0
56.3566,2.92888,0,0,2.14405,0.151893,0.36288,3.6288,61.308,0.612878,0,0,0.905939,0.214319,0.0787415,0.66528,12.849,1,0.652717,0.36288,0,34.6105,3.94303,30.3776,0.84672,12.849,0.84672,3695.15,0,0.0036966,1.84769e-05,0.560114,1.93899,4.03005,1.01814,5.511,0.42336,0.0018483,0.21168,0.0018483,0.21168,460.486,0,1.02816,0,0,1.58827,0.560114,1.028160,1,0,35.9673,0,0,0,35.9673,0
55.4212,2.91677,0,0,2.45049,0.106335,0.36288,3.6288,61.308,0.612962,0,0,0.878066,0.236686,0.0284172,0.66528,12.849,1,0.665008,0.36288,0,40.7933,4.69158,35.7996,0.84672,12.849,0.84672,3695.15,0,0.0036966,1.84795e-05,0.87194,1.93909,4.67206,1.13702,6.34606,0.42336,0.0018483,0.21168,0.0018483,0.21168,460.486,0,1.02816,0,0,1.9001,0.87194,1.028160,1,0,42.1741,0,0,0,42.1741,0
54.5076,2.88177,0,0,2.43984,0.108729,0.36288,3.6288,61.2826,0.659313,0,0,0.859334,0.225428,0,0.66528,12.849,1,0.668117,0.36288,0,43.0297,4.52361,38.2009,0.84672,12.849,0.84672,3695.15,0,0.0036966,1.98768e-05,0.888779,1.93919,5.14806,1.11822,6.85779,0.42336,0.0018483,0.21168,0.0018483,0.21168,460.486,0,1.02816,0,0,1.91694,0.888779,1.028160,1,0,45.0586,0,0,0,45.0586,0
53.3743,2.87285,0,0,2.21014,0.107736,0.36288,3.6288,61.219,0.659399,0,0,0.821172,0.225392,0,0.66528,12.849,1,0.677213,0.36288,0,42.2874,4.52361,37.4494,0.84672,12.849,0.84672,3695.15,0,0.0036966,1.98877e-05,0.793498,1.96902,4.8634,1.11822,6.50768,0.42336,0.0018483,0.21168,0.0018483,0.21168,460.486,0,1.02816,0,0,1.82166,0.793498,1.028160,1,0,43.9571,0,0,0,43.9571,0
52.0599,2.86141,0,0,2.01235,0.102462,0.36288,3.6288,61.0998,0.659486,0,0,0.776606,0.236264,0,0.66528,12.849,1,0.688838,0.36288,0,37.2252,4.66476,32.2345,0.84672,12.849,0.84672,3695.15,0,0.0036966,1.9911e-05,0.619505,1.96912,4.72029,1.16974,6.13916,0.42336,0.0018483,0.21168,0.0018483,0.21168,460.486,0,1.02816,0,0,1.64767,0.619505,1.028160,1,0,38.3736,0,0,0,38.3736,0
50.6843,2.8476,0,0,1.91222,0.077345,0.36288,3.6288,60.8649,0.659573,0,0,0.728231,0.303629,0,0.66528,12.849,1,0.702822,0.36288,0,32.9296,5.57049,27.0192,0.84672,12.849,0.84672,3695.15,0,0.0036966,1.99524e-05,0.592358,1.96923,4.32092,1.46674,5.41574,0.42336,0.0018483,0.21168,0.0018483,0.21168,460.486,0,1.02816,0,0,1.62052,0.592358,1.028160,1,0,32.4349,0,0,0,32.4349,0
49.5208,2.77624,0,0,2.05235,0.0766896,0.36288,3.6288,60.8422,0.627891,0,0,0.912989,0.30771,0,0.66528,12.849,1,0.703805,0.36288,0,38.8725,5.71757,32.814,0.84672,12.849,0.84672,3695.15,0,0.0036966,1.90673e-05,0.63193,1.96933,4.31247,1.43641,5.4773,0.42336,0.0018483,0.21168,0.0018483,0.21168,460.486,0,1.02816,0,0,1.66009,0.63193,1.028160,1,0,38.2913,0,0,0,38.2913,0
48.2299,2.76325,0,0,1.91096,0.0757528,0.36288,3.6288,60.6987,0.627976,0,0,0.792089,0.307666,0,0.66528,12.849,1,0.71697,0.36288,0,32.9144,5.71757,26.8428,0.84672,12.849,0.84672,3695.15,0,0.0036966,1.9077e-05,0.766333,1.93166,4.35222,1.43641,5.61379,0.42336,0.0018483,0.21168,0.0018483,0.21168,460.486,0,1.02816,0,0,1.79449,0.766333,1.028160,1,0,32.4566,0,0,0,32.4566,0
46.8109,2.74823,0,0,1.76682,0.0747034,0.36288,3.6288,60.4978,0.628061,0,0,0.734556,0.307386,0,0.66528,12.849,1,0.732161,0.36288,0,31.562,5.71757,25.4752,0.84672,12.849,0.84672,3695.15,0,0.0036966,1.91247e-05,0.547957,1.93176,3.78423,1.43641,4.82752,0.42336,0.0018483,0.21168,0.0018483,0.21168,460.486,0,1.02816,0,0,1.57612,0.547957,1.028160,1,0,30.3027,0,0,0,30.3027,0
45.4535,2.73096,0,0,1.80606,0.0696688,0.36288,3.6288,60.3758,0.628146,0,0,0.815728,0.309571,0,0.66528,12.849,1,0.749613,0.36288,0,30.0186,5.79234,23.8396,0.84672,12.849,0.84672,3695.15,0,0.0036966,1.91908e-05,0.760631,1.93186,4.6808,1.45134,5.92192,0.42336,0.0018483,0.21168,0.0018483,0.21168,460.486,0,1.02816,0,0,1.78879,0.760631,1.028160,1,0,29.7615,0,0,0,29.7615,0
43.7851,2.89487,0,0,1.66655,0.0771182,0.36288,3.6288,60.1028,0.66528,0,0,0.719459,0.327239,0,0.66528,12.849,1,0.818337,0.36288,0,23.6573,6.53565,16.6662,0.84672,12.849,0.84672,3695.15,0,0.0036966,0.0018483,0.638807,1.93196,4.31673,1.55097,5.33467,0.42336,0.0018483,0.21168,0.0018483,0.21168,460.486,0,1.02816,0,0,1.66697,0.638807,1.028160,1,0,22.0008,0,0,0,22.0008,0
41.881,2.87091,0,0,1.41051,0.0808144,0.36288,3.6288,59.7757,0.66528,0,0,0.665352,0.32708,0,0.66528,12.849,1,0.842486,0.36288,0,28.1686,6.58476,21.1042,0.84672,12.849,0.84672,3695.15,0,0.0036966,0.0018483,0.524422,2.0858,3.92737,1.55264,4.98311,0.42336,0.0018483,0.21168,0.0018483,0.21168,460.486,0,1.02816,0,0,1.55258,0.524422,1.028160,1,0,26.0873,0,0,0,26.0873,0
40.0128,2.86686,0,0,1.44056,0.0790543,0.36288,3.6288,59.5473,0.66528,0,0,0.763211,0.326399,0,0.66528,12.849,1,0.84672,0.36288,0,24.4007,6.58476,17.3321,0.84672,12.849,0.84672,3695.15,0,0.0036966,0.0018483,0.612421,2.08591,4.07852,1.55264,5.22236,0.42336,0.0018483,0.21168,0.0018483,0.21168,460.486,0,1.02816,0,0,1.64058,0.612421,1.028160,1,0,22.5545,0,0,0,22.5545,0
38.1581,2.86705,0,0,1.4535,0.0782569,0.36288,3.6288,59.3319,0.66528,0,0,0.768995,0.319105,0,0.66528,12.849,1,0.84672,0.36288,0,24.7586,6.39991,17.8749,0.84672,12.849,0.84672,3695.15,0,0.0036966,0.0018483,1.01324,2.08601,5.21668,1.48068,6.8334,0.42336,0.0018483,0.21168,0.0018483,0.21168,460.486,0,1.02816,0,0,2.0414,1.01324,1.028160,1,0,24.7083,0,0,0,24.7083,0
36.1109,2.86723,0,0,1.25901,0.0761409,0.36288,3.6288,59.1074,0.66528,0,0,0.764787,0.323995,0,0.66528,12.849,1,0.84672,0.36288,0,20.5154,6.01492,14.0167,0.84672,12.849,0.84672,3695.15,0,0.0036966,0.0018483,0.590976,2.08612,5.98908,1.29146,7.37287,0.42336,0.0018483,0.21168,0.0018483,0.21168,460.486,0,1.02816,0,0,1.61914,0.590976,1.028160,1,0,21.3895,0,0,0,21.3895,0
34.2652,2.75409,0,0,1.36219,0.0909129,0.36288,3.6288,58.9816,0.66528,0,0,0.877202,0.337701,0,0.66528,12.849,1,0.84672,0.36288,0,18.7425,6.39234,11.8663,0.84672,12.849,0.84672,3695.15,0,0.0036966,0.0018483,0.665842,2.08623,6.57729,1.41643,7.91108,0.42336,0.0018483,0.21168,0.0018483,0.21168,460.486,0,1.02816,0,0,1.694,0.665842,1.028160,1,0,19.7774,0,0,0,19.7774,0
32.8272,2.75427,0,0,1.79536,0.116177,0.36288,3.6288,58.9283,0.66528,0,0,0.922225,0.310232,0,0.66528,12.849,1,0.84672,0.36288,0,18.9545,6.17148,12.2992,0.84672,12.849,0.84672,3695.15,0,0.0036966,0.0018483,0.785436,1.99821,5.29012,1.34058,6.73134,0.42336,0.0018483,0.21168,0.0018483,0.21168,460.486,0,1.02816,0,0,1.8136,0.785436,1.028160,1,0,19.0305,0,0,0,19.0305,0
32.1579,2.75445,0,0,2.56211,0.114132,0.36288,3.6288,59.4708,0.66528,0,0,1.51785,0.310126,0,0.66528,12.849,1,0.84672,0.36288,0,35.0601,6.17148,28.4048,0.84672,12.849,0.84672,3695.15,0,0.0036966,0.0018483,2.03388,1.99831,9.91725,1.34058,12.607,0.42336,0.0018483,0.21168,0.0018483,0.21168,460.486,0,1.02816,0,0,3.06204,2.03388,1.028160,1,0,41.0118,0,0,0,41.0118,0
30.9558,2.75463,0,0,2.03815,0.122689,0.36288,3.6288,59.7033,0.66528,0,0,1.20091,0.303059,0,0.66528,12.849,1,0.84672,0.36288,0,48.7662,5.95291,42.3295,0.84672,12.849,0.84672,3695.15,0,0.0036966,0.0018483,1.44361,1.99841,7.17218,1.32834,9.284,0.42336,0.0018483,0.21168,0.0018483,0.21168,460.486,0,1.02816,0,0,2.47177,1.44361,1.028160,1,0,51.6135,0,0,0,51.6135,0
29.943,2.81645,0,0,2.34355,0.177017,0.36288,3.6288,60.6426,0.66528,0,0,1.85905,0.254559,0,0.66528,12.849,1,0.84672,0.36288,0,57.0611,4.64153,51.9357,0.84672,12.849,0.84672,3695.15,0,0.0036966,0.0018483,2.25731,1.99851,10.2272,1.25494,13.2263,0.42336,0.0018483,0.21168,0.0018483,0.21168,460.486,0,1.02816,0,0,3.28547,2.25731,1.028160,1,0,65.162,0,0,0,65.162,0
28.7492,2.81664,0,0,2.16031,0.174646,0.36288,3.6288,61.308,0.66528,0,0,2.35845,0.256086,0.771645,0.66528,12.849,1,0.84672,0.36288,0,48.7742,4.64153,43.6488,0.84672,12.849,0.84672,3695.15,0,0.0036966,0.0018483,3.33395,2.00494,14.1107,1.25494,18.1928,0.42336,0.0018483,0.21168,0.0018483,0.21168,460.486,0,1.02816,0,0,4.36211,3.33395,1.028160,1,0,62.6132,0,0,0,62.6132,0
27.6434,2.81682,0,0,2.26574,0.191759,0.36288,3.6288,61.308,0.66528,0,0,3.07586,0.266391,2.14419,0.66528,12.849,1,0.84672,0.36288,0,70.2395,3.9307,65.8249,0.84672,12.849,0.84672,3695.15,0,0.0036966,0.0018483,3.30703,2.00504,13.062,1.10375,17.2684,0.42336,0.0018483,0.21168,0.0018483,0.21168,460.486,0,1.02816,0,0,4.33519,3.30703,1.028160,1,0,85.2376,0,0,0,85.2376,0
28.8991,2.817,0,0,4.62767,0.192139,0.36288,3.6288,61.308,0.66528,0,0,2.30513,0.267928,1.37193,0.66528,12.849,1,0.84672,0.36288,0,92.9292,3.81223,88.6332,0.84672,12.849,0.84672,3695.15,0,0.0036966,0.0018483,4.56893,2.00514,17.2857,1.07855,22.7794,0.42336,0.0018483,0.21168,0.0018483,0.21168,460.486,0,1.02816,0,0,5.59709,4.56893,1.028160,1,0,112.784,0,0,0,112.784,0
29.2835,2.54126,0,0,3.49058,0.202046,0.36288,3.6288,61.308,0.507213,0,0,2.18045,0.21876,1.45448,0.66528,12.849,1,0.84672,0.36288,0,51.8016,4.48004,46.8378,0.84672,12.849,0.84672,3695.15,0,0.0036966,1.52913e-05,1.56187,2.00525,8.87337,1.10549,11.335,0.42336,0.0018483,0.21168,0.0018483,0.21168,460.486,0,1.02816,0,0,2.59003,1.56187,1.028160,1,0,59.6272,0,0,0,59.6272,0
29.1479,2.54144,0,0,2.9729,0.204202,0.36288,3.6288,61.308,0.507291,0,0,3.46902,0.210565,2.75116,0.66528,12.849,1,0.84672,0.36288,0,88.3711,4.59134,83.296,0.84672,12.849,0.84672,3695.15,0,0.0036966,1.52937e-05,2.32255,1.82118,14.3015,1.10998,17.3353,0.42336,0.0018483,0.21168,0.0018483,0.21168,460.486,0,1.02816,0,0,3.35071,2.32255,1.028160,1,0,103.382,0,0,0,103.382,0
30.3879,2.54161,0,0,4.34833,0.203828,0.36288,3.6288,61.308,0.50737,0,0,3.83398,0.210565,3.11605,0.66528,12.849,1,0.84672,0.36288,0,129.209,4.59134,124.133,0.84672,12.849,0.84672,3695.15,0,0.0036966,1.52961e-05,2.83745,1.82127,18.256,1.10998,21.8047,0.42336,0.0018483,0.21168,0.0018483,0.21168,460.486,0,1.02816,0,0,3.86561,2.83745,1.028160,1,0,149.054,0,0,0,149.054,0
37.8355,2.54179,0,0,10.5551,0.202715,0.36288,3.6288,61.308,0.507449,0,0,8.33432,0.233152,7.59372,0.66528,12.849,1,0.84672,0.36288,0,240.239,4.47971,235.275,0.84672,12.849,0.84672,3695.15,0,0.0036966,1.52985e-05,11.4585,1.82137,45.3673,1.19619,57.451,0.42336,0.0018483,0.21168,0.0018483,0.21168,460.486,0,1.02816,0,0,12.4867,11.4585,1.028160,1,0,300.32,0,0,0,300.32,0
40.0425,2.542,0,0,5.33297,0.221143,0.36288,3.6288,61.308,0.507528,0,0,3.68399,0.202411,2.97405,0.66528,12.849,1,0.84672,0.36288,0,110.377,4.16676,105.726,0.84672,12.849,0.84672,3695.15,0,0.0036966,1.53008e-05,4.94708,1.82146,16.0193,1.04103,21.7468,0.42336,0.0018483,0.21168,0.0018483,0.21168,460.486,0,1.02816,0,0,5.97524,4.94708,1.028160,1,0,130.447,0,0,0,130.447,0
45.3261,2.64833,0,0,8.50618,0.211342,0.36288,3.6288,61.308,0.557256,0,0,2.74711,0.201358,1.98849,0.66528,12.849,1,0.84672,0.36288,0,174.474,4.02003,169.97,0.84672,12.849,0.84672,3695.15,0,0.0036966,1.68e-05,3.65088,1.82155,16.5382,0.898246,21.1123,0.42336,0.0018483,0.21168,0.0018483,0.21168,460.486,0,1.02816,0,0,4.67904,3.65088,1.028160,1,0,193.071,0,0,0,193.071,0
46.2655,2.72323,0,0,4.25015,0.224685,0.36288,3.6288,61.308,0.557324,0,0,1.62452,0.201358,0.865836,0.66528,12.849,1,0.771978,0.36288,0,118.392,4.02003,113.963,0.84672,12.849,0.84672,3695.15,0,0.0036966,1.68021e-05,2.04404,1.8799,9.4049,0.898246,12.4306,0.42336,0.0018483,0.21168,0.0018483,0.21168,460.486,0,1.02816,0,0,3.0722,2.04404,1.028160,1,0,127.259,0,0,0,127.259,0
47.0599,2.73562,0,0,4.12001,0.227058,0.36288,3.6288,61.308,0.557392,0,0,3.16742,0.201358,2.40866,0.66528,12.849,1,0.759744,0.36288,0,110.499,4.02003,106.082,0.84672,12.849,0.84672,3695.15,0,0.0036966,1.68041e-05,4.96563,1.87998,13.6318,0.898246,19.5791,0.42336,0.0018483,0.21168,0.0018483,0.21168,460.486,0,1.02816,0,0,5.99379,4.96563,1.028160,1,0,128.07,0,0,0,128.07,0
47.8941,2.74581,0,0,4.16814,0.225308,0.36288,3.6288,61.308,0.55746,0,0,2.24166,0.209216,1.47498,0.66528,12.849,1,0.749701,0.36288,0,91.5382,4.45495,86.6964,0.84672,12.849,0.84672,3695.15,0,0.0036966,1.68062e-05,3.33012,1.88006,12.1287,0.799746,16.5392,0.42336,0.0018483,0.21168,0.0018483,0.21168,460.486,0,1.02816,0,0,4.35828,3.33012,1.028160,1,0,104.711,0,0,0,104.711,0
47.4256,2.89732,0,0,3.0148,0.223059,0.36288,3.6288,61.308,0.66528,0,0,1.37385,0.188124,0.520451,0.66528,12.849,1,0.777292,0.36288,0,84.729,3.98349,80.3311,0.84672,12.849,0.84672,3695.15,0,0.0036966,0.0018483,2.20594,1.88014,6.5448,0.925552,9.70348,0.42336,0.0018483,0.21168,0.0018483,0.21168,460.486,0,1.02816,0,0,3.2341,2.20594,1.028160,1,0,90.5551,0,0,0,90.5551,0
49.1743,2.89141,0,0,5.22008,0.21711,0.36288,3.6288,61.308,0.66528,0,0,1.70905,0.190183,0.853589,0.66528,12.849,1,0.783367,0.36288,0,124.024,3.971,119.632,0.84672,12.849,0.84672,3695.15,0,0.0036966,0.0018483,3.25737,1.99999,8.34716,0.917183,12.6855,0.42336,0.0018483,0.21168,0.0018483,0.21168,460.486,0,1.02816,0,0,4.28553,3.25737,1.028160,1,0,133.171,0,0,0,133.171,0
50.0393,2.91362,0,0,4.34856,0.20705,0.36288,3.6288,61.308,0.66528,0,0,1.7739,0.246371,0.862245,0.66528,12.849,1,0.761314,0.36288,0,149.197,3.61648,145.182,0.84672,12.849,0.84672,3695.15,0,0.0036966,0.0018483,3.32052,2.00008,9.13153,1.04024,13.41,0.42336,0.0018483,0.21168,0.0018483,0.21168,460.486,0,1.02816,0,0,4.34868,3.32052,1.028160,1,0,159.455,0,0,0,159.455,0
50.1692,2.92422,0,0,3.66148,0.244472,0.36288,3.6288,61.308,0.66528,0,0,1.71397,0.23365,0.815038,0.66528,12.849,1,0.750875,0.36288,0,98.1331,3.56342,94.1817,0.84672,12.849,0.84672,3695.15,0,0.0036966,0.0018483,2.97392,2.00016,7.83242,1.09096,11.7137,0.42336,0.0018483,0.21168,0.0018483,0.21168,460.486,0,1.02816,0,0,4.00208,2.97392,1.028160,1,0,106.71,0,0,0,106.71,0
53.4184,2.66766,0,0,6.54051,0.260827,0.36288,3.6288,61.308,0.494025,0,0,2.08442,0.209827,1.38057,0.66528,12.849,1,0.683223,0.36288,0,125.094,3.55312,121.221,0.84672,12.849,0.84672,3695.15,0,0.0036966,1.48938e-05,3.40254,2.00025,9.75033,0.952396,14.2007,0.42336,0.0018483,0.21168,0.0018483,0.21168,460.486,0,1.02816,0,0,4.4307,3.40254,1.028160,1,0,136.802,0,0,0,136.802,0
55.6857,2.70128,0,0,5.60697,0.275461,0.36288,3.6288,61.308,0.494091,0,0,1.7383,0.206489,1.03772,0.66528,12.849,1,0.649753,0.36288,0,119.717,3.55204,115.878,0.84672,12.849,0.84672,3695.15,0,0.0036966,1.48957e-05,2.95636,1.80403,7.42029,0.956037,11.2246,0.42336,0.0018483,0.21168,0.0018483,0.21168,460.486,0,1.02816,0,0,3.98452,2.95636,1.028160,1,0,128.141,0,0,0,128.141,0
57.758,2.7229,0,0,5.43987,0.281835,0.36288,3.6288,61.308,0.494156,0,0,1.80396,0.206489,1.10332,0.66528,12.849,1,0.628285,0.36288,0,86.7597,3.55204,82.9422,0.84672,12.849,0.84672,3695.15,0,0.0036966,1.48977e-05,3.22288,1.8041,7.44077,0.956037,11.5117,0.42336,0.0018483,0.21168,0.0018483,0.21168,460.486,0,1.02816,0,0,4.25104,3.22288,1.028160,1,0,95.5573,0,0,0,95.5573,0
60.0468,2.74145,0,0,5.68078,0.287661,0.36288,3.6288,61.308,0.494221,0,0,1.62166,0.206489,0.920948,0.66528,12.849,1,0.609872,0.36288,0,121.919,3.55204,118.12,0.84672,12.849,0.84672,3695.15,0,0.0036966,1.48997e-05,2.92597,1.80418,7.76892,0.956037,11.543,0.42336,0.0018483,0.21168,0.0018483,0.21168,460.486,0,1.02816,0,0,3.95413,2.92597,1.028160,1,0,130.584,0,0,0,130.584,0
63.2463,2.76072,0,0,6.61841,0.295309,0.36288,3.6288,61.308,0.494287,0,0,1.99073,0.188017,1.30842,0.66528,12.849,1,0.590749,0.36288,0,138.416,3.20091,134.987,0.84672,12.849,0.84672,3695.15,0,0.0036966,1.49016e-05,4.00243,1.80426,9.81822,0.955167,14.6697,0.42336,0.0018483,0.21168,0.0018483,0.21168,460.486,0,1.02816,0,0,5.03059,4.00243,1.028160,1,0,150.966,0,0,0,150.966,0
66.4585,2.88747,0,0,6.76573,0.303109,0.36288,3.6288,61.308,0.555585,0,0,1.73326,0.196436,0.98124,0.66528,12.849,1,0.586613,0.36288,0,180.103,3.33407,176.546,0.84672,12.849,0.84672,3695.15,0,0.0036966,1.67497e-05,3.16369,1.80434,8.91337,1.10441,12.777,0.42336,0.0018483,0.21168,0.0018483,0.21168,460.486,0,1.02816,0,0,4.19185,3.16369,1.028160,1,0,190.304,0,0,0,190.304,0
67.9968,2.91136,0,0,5.12353,0.311041,0.36288,3.6288,61.308,0.555653,0,0,1.53056,0.196436,0.77847,0.66528,12.849,1,0.562878,0.36288,0,103.182,3.33407,99.6483,0.84672,12.849,0.84672,3695.15,0,0.0036966,1.67517e-05,2.52092,1.87467,7.09396,1.10441,10.3851,0.42336,0.0018483,0.21168,0.0018483,0.21168,460.486,0,1.02816,0,0,3.54908,2.52092,1.028160,1,0,110.812,0,0,0,110.812,0
69.7241,2.92219,0,0,5.33032,0.317905,0.36288,3.6288,61.308,0.555721,0,0,1.69577,0.212564,0.927488,0.66528,12.849,1,0.552192,0.36288,0,104.874,3.67525,101.009,0.84672,12.849,0.84672,3695.15,0,0.0036966,1.67538e-05,2.94707,1.87475,8.68838,1.13369,12.3765,0.42336,0.0018483,0.21168,0.0018483,0.21168,460.486,0,1.02816,0,0,3.97523,2.94707,1.028160,1,0,114.313,0,0,0,114.313,0
71.2322,2.93387,0,0,5.10963,0.30477,0.36288,3.6288,61.308,0.555789,0,0,1.62335,0.243134,0.82443,0.66528,12.849,1,0.540664,0.36288,0,96.2721,4.4067,91.6876,0.84672,12.849,0.84672,3695.15,0,0.0036966,1.67558e-05,2.84825,1.87483,9.04962,1.19424,12.5785,0.42336,0.0018483,0.21168,0.0018483,0.21168,460.486,0,1.02816,0,0,3.87641,2.84825,1.028160,1,0,105.09,0,0,0,105.09,0
72.29,2.90313,0,0,4.93839,0.244569,0.732922,3.6288,61.308,0.532071,0,0,1.52486,0.21876,0.774034,0.66528,12.849,1,0.523671,0.732922,0,93.8926,4.10287,89.999,0.84672,12.849,0.84672,3695.15,0,0.0036966,1.60407e-05,2.50068,1.87491,7.52008,1.16267,10.733,0.42336,0.0018483,0.21168,0.0018483,0.21168,460.486,0,1.02816,0,0,3.52884,2.50068,1.028160,1,0,101.506,0,0,0,101.506,0
72.29,2.90976,0,0,4.29945,0.246548,1.14314,3.6288,61.308,0.532138,0,0,1.4647,0.21876,0.713807,0.66528,12.849,1,0.517187,1.14314,0,83.3967,4.10287,79.9198,0.84672,12.849,0.84672,3695.15,0,0.0036966,1.60428e-05,2.11518,1.84764,7.03452,1.16267,9.83466,0.42336,0.0018483,0.21168,0.0018483,0.21168,460.486,0,1.02816,0,0,3.14334,2.11518,1.028160,1,0,90.4683,0,0,0,90.4683,0
72.29,2.90988,0,0,3.85242,0.246548,0.695991,3.6288,61.308,0.532205,0,0,1.29424,0.21876,0.543273,0.66528,12.849,1,0.51721,0.695991,0,71.5764,4.10287,67.6523,0.84672,12.849,0.84672,3695.15,0,0.0036966,1.60448e-05,1.7285,1.84772,6.12832,1.16267,8.54186,0.42336,0.0018483,0.21168,0.0018483,0.21168,460.486,0,1.02816,0,0,2.75666,1.7285,1.028160,1,0,76.7374,0,0,0,76.7374,0
72.29,2.91001,0,0,3.56208,0.224943,0.427132,3.6288,61.308,0.532272,0,0,1.20425,0.190316,0.481664,0.66528,12.849,1,0.517232,0.427132,0,67.9856,3.51307,64.3824,0.84672,12.849,0.84672,3695.15,0,0.0036966,1.60468e-05,1.58881,1.8478,5.52442,1.01307,7.94794,0.42336,0.0018483,0.21168,0.0018483,0.21168,460.486,0,1.02816,0,0,2.61697,1.58881,1.028160,1,0,72.812,0,0,0,72.812,0
72.0368,3.04818,0,0,3.37305,0.215229,0.36288,3.6288,61.308,0.616706,0,0,1.21606,0.211137,0.38822,0.66528,12.849,1,0.541791,0.36288,0,54.4577,4.16109,50.1177,0.84672,12.849,0.84672,3695.15,0,0.0036966,1.85923e-05,1.16294,1.84788,5.178,1.11168,7.07711,0.42336,0.0018483,0.21168,0.0018483,0.21168,460.486,0,1.02816,0,0,2.1911,1.16294,1.028160,1,0,57.5831,0,0,0,57.5831,0
71.8818,3.04669,0,0,3.41088,0.156233,0.36288,3.6288,61.308,0.616776,0,0,1.41031,0.227128,0.566403,0.66528,12.849,1,0.543431,0.36288,0,55.356,4.51299,50.6624,0.84672,12.849,0.84672,3695.15,0,0.0036966,1.85944e-05,1.71782,1.94361,6.01943,1.17072,8.51013,0.42336,0.0018483,0.21168,0.0018483,0.21168,460.486,0,1.02816,0,0,2.74598,1.71782,1.028160,1,0,59.739,0,0,0,59.739,0
71.3993,3.04583,0,0,3.03489,0.108687,0.36288,3.6288,61.308,0.616847,0,0,1.15636,0.244024,0.295489,0.66528,12.849,1,0.544447,0.36288,0,51.3432,4.7397,46.4219,0.84672,12.849,0.84672,3695.15,0,0.0036966,1.85966e-05,1.3041,1.9437,5.15322,1.21633,7.18466,0.42336,0.0018483,0.21168,0.0018483,0.21168,460.486,0,1.02816,0,0,2.33226,1.3041,1.028160,1,0,53.9021,0,0,0,53.9021,0
70.721,3.04284,0,0,2.83571,0.108288,0.36288,3.6288,61.308,0.616918,0,0,0.922994,0.244024,0.0620521,0.66528,12.849,1,0.547589,0.36288,0,47.2824,4.7397,42.358,0.84672,12.849,0.84672,3695.15,0,0.0036966,1.85987e-05,0.991587,1.94378,4.76429,1.21633,6.48331,0.42336,0.0018483,0.21168,0.0018483,0.21168,460.486,0,1.02816,0,0,2.01975,0.991587,1.028160,1,0,48.9033,0,0,0,48.9033,0
69.7015,3.03853,0,0,2.49647,0.114559,0.36288,3.6288,61.308,0.616988,0,0,0.891605,0.249668,0.0249487,0.66528,12.849,1,0.552057,0.36288,0,37.9938,4.85832,32.9463,0.84672,12.849,0.84672,3695.15,0,0.0036966,1.86008e-05,1.06011,1.94386,4.42233,1.23722,6.18906,0.42336,0.0018483,0.21168,0.0018483,0.21168,460.486,0,1.02816,0,0,2.08827,1.06011,1.028160,1,0,39.1603,0,0,0,39.1603,0
68.4206,3.00469,0,0,2.20538,0.118746,0.36288,3.6288,61.308,0.663438,0,0,0.925353,0.253901,0.00801374,0.66528,12.849,1,0.553893,0.36288,0,33.2472,4.94729,28.1089,0.84672,12.849,0.84672,3695.15,0,0.0036966,2.00012e-05,1.03108,1.94395,4.30873,1.2529,6.03084,0.42336,0.0018483,0.21168,0.0018483,0.21168,460.486,0,1.02816,0,0,2.05924,1.03108,1.028160,1,0,34.1477,0,0,0,34.1477,0
66.9828,2.99608,0,0,2.03873,0.117569,0.36288,3.6288,61.2852,0.663511,0,0,0.89462,0.253901,0,0.66528,12.849,1,0.562647,0.36288,0,33.0463,4.94729,27.8992,0.84672,12.849,0.84672,3695.15,0,0.0036966,2.00034e-05,0.996235,1.97384,4.36905,1.2529,6.0862,0.42336,0.0018483,0.21168,0.0018483,0.21168,460.486,0,1.02816,0,0,2.0244,0.996235,1.028160,1,0,33.9854,0,0,0,33.9854,0
65.3684,2.98608,0,0,1.85083,0.116248,0.36288,3.6288,61.2129,0.663584,0,0,0.84513,0.253864,0,0.66528,12.849,1,0.572805,0.36288,0,32.0643,4.94729,26.907,0.84672,12.849,0.84672,3695.15,0,0.0036966,2.0013e-05,0.797645,1.97392,4.10686,1.2529,5.62551,0.42336,0.0018483,0.21168,0.0018483,0.21168,460.486,0,1.02816,0,0,1.8258,0.797645,1.028160,1,0,32.5325,0,0,0,32.5325,0
63.6951,2.97438,0,0,1.77101,0.10702,0.36288,3.6288,61.0941,0.663656,0,0,0.81794,0.273053,0,0.66528,12.849,1,0.584653,0.36288,0,29.0124,5.23172,23.5589,0.84672,12.849,0.84672,3695.15,0,0.0036966,2.00388e-05,0.749347,1.97401,4.00241,1.33762,5.38813,0.42336,0.0018483,0.21168,0.0018483,0.21168,460.486,0,1.02816,0,0,1.77751,0.749347,1.028160,1,0,28.9471,0,0,0,28.9471,0
62.4,2.90286,0,0,2.06148,0.0908914,0.36288,3.6288,61.0544,0.631884,0,0,0.904038,0.311912,0,0.66528,12.849,1,0.585585,0.36288,0,31.4976,5.95024,25.3247,0.84672,12.849,0.84672,3695.15,0,0.0036966,1.91166e-05,1.15207,1.97409,4.25204,1.48528,5.8929,0.42336,0.0018483,0.21168,0.0018483,0.21168,460.486,0,1.02816,0,0,2.18023,1.15207,1.028160,1,0,31.2176,0,0,0,31.2176,0
60.9401,2.89291,0,0,1.88584,0.0899359,0.36288,3.6288,60.9603,0.631955,0,0,0.849684,0.311834,0,0.66528,12.849,1,0.595689,0.36288,0,29.6149,5.95024,23.4318,0.84672,12.849,0.84672,3695.15,0,0.0036966,1.91312e-05,1.11113,1.93632,4.32798,1.48528,5.89013,0.42336,0.0018483,0.21168,0.0018483,0.21168,460.486,0,1.02816,0,0,2.13929,1.11113,1.028160,1,0,29.322,0,0,0,29.322,0
59.3146,2.88125,0,0,1.70752,0.0888588,0.36288,3.6288,60.8284,0.632026,0,0,0.81184,0.311648,0,0.66528,12.849,1,0.6075,0.36288,0,27.8916,5.95024,21.6967,0.84672,12.849,0.84672,3695.15,0,0.0036966,1.91629e-05,0.893048,1.9364,4.02409,1.48528,5.36823,0.42336,0.0018483,0.21168,0.0018483,0.21168,460.486,0,1.02816,0,0,1.92121,0.893048,1.028160,1,0,27.0649,0,0,0,27.0649,0
57.503,2.86768,0,0,1.49329,0.0743155,0.36288,3.6288,60.6833,0.632098,0,0,0.806086,0.319134,0,0.66528,12.849,1,0.62121,0.36288,0,26.5587,6.17457,20.1258,0.84672,12.849,0.84672,3695.15,0,0.0036966,1.92066e-05,0.862402,1.93648,4.06715,1.5301,5.33591,0.42336,0.0018483,0.21168,0.0018483,0.21168,460.486,0,1.02816,0,0,1.89056,0.862402,1.028160,1,0,25.4617,0,0,0,25.4617,0
55.7872,3.04227,0,0,1.75905,0.0697659,0.36288,3.6288,60.5482,0.66528,0,0,0.878291,0.348045,0,0.66528,12.849,1,0.679792,0.36288,0,24.9848,6.29156,18.3763,0.84672,12.849,0.84672,3695.15,0,0.0036966,0.0018483,0.998266,1.93657,5.24397,1.54079,6.63616,0.42336,0.0018483,0.21168,0.0018483,0.21168,460.486,0,1.02816,0,0,2.02643,0.998266,1.028160,1,0,25.0125,0,0,0,25.0125,0
54.3713,3.0254,0,0,2.03635,0.0639842,0.36288,3.6288,60.4989,0.66528,0,0,0.964526,0.348631,0,0.66528,12.849,1,0.696816,0.36288,0,25.378,6.36783,18.6762,0.84672,12.849,0.84672,3695.15,0,0.0036966,0.0018483,1.3407,2.09076,4.93114,1.61415,6.7466,0.42336,0.0018483,0.21168,0.0018483,0.21168,460.486,0,1.02816,0,0,2.36886,1.3407,1.028160,1,0,25.4229,0,0,0,25.4229,0
52.7214,3.01085,0,0,1.78699,0.0630814,0.36288,3.6288,60.4156,0.66528,0,0,0.930519,0.348522,0,0.66528,12.849,1,0.711523,0.36288,0,32.2599,6.36783,25.5434,0.84672,12.849,0.84672,3695.15,0,0.0036966,0.0018483,1.23517,2.09085,4.73525,1.61415,6.44527,0.42336,0.0018483,0.21168,0.0018483,0.21168,460.486,0,1.02816,0,0,2.26333,1.23517,1.028160,1,0,31.9887,0,0,0,31.9887,0
51.1285,2.99308,0,0,1.82505,0.0620295,0.36288,3.6288,60.4693,0.66528,0,0,1.06739,0.348337,0,0.66528,12.849,1,0.729457,0.36288,0,27.945,6.36783,21.2106,0.84672,12.849,0.84672,3695.15,0,0.0036966,0.0018483,1.36343,2.09094,4.91748,1.61415,6.75585,0.42336,0.0018483,0.21168,0.0018483,0.21168,460.486,0,1.02816,0,0,2.39159,1.36343,1.028160,1,0,27.9665,0,0,0,27.9665,0
50.1258,2.97504,0,0,2.39553,0.0603656,0.36288,3.6288,60.5802,0.66528,0,0,1.11449,0.338339,0,0.66528,12.849,1,0.747651,0.36288,0,29.9611,6.05348,23.5229,0.84672,12.849,0.84672,3695.15,0,0.0036966,0.0018483,2.27852,2.09103,7.19539,1.5614,10.0017,0.42336,0.0018483,0.21168,0.0018483,0.21168,460.486,0,1.02816,0,0,3.30668,2.27852,1.028160,1,0,33.5246,0,0,0,33.5246,0
49.8973,2.87285,0,0,3.11151,0.104243,0.36288,3.6288,60.9105,0.66528,0,0,1.29449,0.298915,0,0.66528,12.849,1,0.736412,0.36288,0,28.9856,4.95736,23.6547,0.84672,12.849,0.84672,3695.15,0,0.0036966,0.0018483,2.7767,2.09112,9.88917,1.33938,13.4158,0.42336,0.0018483,0.21168,0.0018483,0.21168,460.486,0,1.02816,0,0,3.80486,2.7767,1.028160,1,0,37.0704,0,0,0,37.0704,0
49.6717,2.87029,0,0,3.11912,0.111566,0.36288,3.6288,61.308,0.66528,0,0,1.44811,0.302553,0.0827859,0.66528,12.849,1,0.739125,0.36288,0,33.0553,5.00619,27.6728,0.84672,12.849,0.84672,3695.15,0,0.0036966,0.0018483,2.84464,2.00287,10.827,1.36734,14.3053,0.42336,0.0018483,0.21168,0.0018483,0.21168,460.486,0,1.02816,0,0,3.8728,2.84464,1.028160,1,0,42.0609,0,0,0,42.0609,0
49.6791,2.86774,0,0,3.34931,0.111299,0.36288,3.6288,61.308,0.66528,0,0,1.52289,0.303315,0.554292,0.66528,12.849,1,0.741824,0.36288,0,48.5595,5.00619,43.1743,0.84672,12.849,0.84672,3695.15,0,0.0036966,0.0018483,3.12712,2.00296,11.8591,1.36734,15.62,0.42336,0.0018483,0.21168,0.0018483,0.21168,460.486,0,1.02816,0,0,4.15528,3.12712,1.028160,1,0,59.3486,0,0,0,59.3486,0
49.9753,2.86795,0,0,3.63837,0.111308,0.36288,3.6288,61.308,0.66528,0,0,2.19086,0.303315,1.22227,0.66528,12.849,1,0.741768,0.36288,0,114.657,5.00619,109.272,0.84672,12.849,0.84672,3695.15,0,0.0036966,0.0018483,4.08281,2.00304,16.8062,1.36734,21.5229,0.42336,0.0018483,0.21168,0.0018483,0.21168,460.486,0,1.02816,0,0,5.11097,4.08281,1.028160,1,0,132.017,0,0,0,132.017,0
51.1848,2.92073,0,0,4.69721,0.204138,0.36288,3.6288,61.308,0.66528,0,0,1.68855,0.160246,0.863024,0.66528,12.849,1,0.750939,0.36288,0,73.688,3.73264,69.5673,0.84672,12.849,0.84672,3695.15,0,0.0036966,0.0018483,2.3554,2.00313,12.6604,0.932833,16.0842,0.42336,0.0018483,0.21168,0.0018483,0.21168,460.486,0,1.02816,0,0,3.38356,2.3554,1.028160,1,0,86.5145,0,0,0,86.5145,0
52.2353,2.93504,0,0,4.55525,0.20675,0.36288,3.6288,61.308,0.66528,0,0,2.46097,0.160246,1.63544,0.66528,12.849,1,0.736788,0.36288,0,69.2591,3.73264,65.1525,0.84672,12.849,0.84672,3695.15,0,0.0036966,0.0018483,2.87976,2.00955,13.2721,0.932833,17.2267,0.42336,0.0018483,0.21168,0.0018483,0.21168,460.486,0,1.02816,0,0,3.90792,2.87976,1.028160,1,0,84.0147,0,0,0,84.0147,0
54.322,2.94706,0,0,5.60565,0.209018,0.36288,3.6288,61.308,0.66528,0,0,2.17785,0.160246,1.35232,0.66528,12.849,1,0.724926,0.36288,0,85.0738,3.73264,80.9791,0.84672,12.849,0.84672,3695.15,0,0.0036966,0.0018483,3.32655,2.00964,23.2548,0.932833,27.6563,0.42336,0.0018483,0.21168,0.0018483,0.21168,460.486,0,1.02816,0,0,4.35471,3.32655,1.028160,1,0,109.988,0,0,0,109.988,0
54.2647,2.96971,0,0,3.48875,0.213524,0.36288,3.6288,61.308,0.66528,0,0,1.46635,0.160246,0.640829,0.66528,12.849,1,0.702437,0.36288,0,102.441,3.73264,98.3688,0.84672,12.849,0.84672,3695.15,0,0.0036966,0.0018483,2.13989,2.00973,11.118,0.932833,14.333,0.42336,0.0018483,0.21168,0.0018483,0.21168,460.486,0,1.02816,0,0,3.16805,2.13989,1.028160,1,0,113.343,0,0,0,113.343,0
54.0407,2.74562,0,0,3.07216,0.187659,0.36288,3.6288,61.308,0.510695,0,0,1.57346,0.191689,0.87108,0.66528,12.849,1,0.650118,0.36288,0,63.1739,4.12884,58.7578,0.84672,12.849,0.84672,3695.15,0,0.0036966,1.53963e-05,1.6811,2.00981,13.4297,1.06611,16.0545,0.42336,0.0018483,0.21168,0.0018483,0.21168,460.486,0,1.02816,0,0,2.70926,1.6811,1.028160,1,0,75.6833,0,0,0,75.6833,0
53.0721,2.74356,0,0,2.39146,0.253641,0.36288,3.6288,61.308,0.510761,0,0,1.81756,0.183742,1.12306,0.66528,12.849,1,0.652323,0.36288,0,58.6609,3.86494,54.5065,0.84672,12.849,0.84672,3695.15,0,0.0036966,1.53983e-05,1.67652,1.82531,9.67188,1.0007,12.173,0.42336,0.0018483,0.21168,0.0018483,0.21168,460.486,0,1.02816,0,0,2.70468,1.67652,1.028160,1,0,67.8026,0,0,0,67.8026,0
56.0898,2.73409,0,0,6.36592,0.25115,0.36288,3.6288,61.308,0.510827,0,0,4.16266,0.183742,3.46809,0.66528,12.849,1,0.661937,0.36288,0,105.748,3.86494,101.584,0.84672,12.849,0.84672,3695.15,0,0.0036966,1.54003e-05,4.16419,1.82539,14.7521,1.0007,19.741,0.42336,0.0018483,0.21168,0.0018483,0.21168,460.486,0,1.02816,0,0,5.19235,4.16419,1.028160,1,0,124.793,0,0,0,124.793,0
59.9262,2.76319,0,0,7.22135,0.258912,0.36288,3.6288,61.308,0.510893,0,0,2.88732,0.183742,2.19269,0.66528,12.849,1,0.632988,0.36288,0,164.997,3.86494,160.862,0.84672,12.849,0.84672,3695.15,0,0.0036966,1.54023e-05,2.82801,1.82547,13.5121,1.0007,17.1649,0.42336,0.0018483,0.21168,0.0018483,0.21168,460.486,0,1.02816,0,0,3.85617,2.82801,1.028160,1,0,180.22,0,0,0,180.22,0
61.2978,2.79668,0,0,4.80114,0.27001,0.36288,3.6288,61.308,0.510959,0,0,3.15331,0.179425,2.46292,0.66528,12.849,1,0.599647,0.36288,0,86.3732,3.74589,82.3906,0.84672,12.849,0.84672,3695.15,0,0.0036966,1.54043e-05,3.47939,1.82555,13.6297,0.951154,17.9835,0.42336,0.0018483,0.21168,0.0018483,0.21168,460.486,0,1.02816,0,0,4.50755,3.47939,1.028160,1,0,102.837,0,0,0,102.837,0
65.4318,2.89585,0,0,7.6514,0.258661,0.36288,3.6288,61.308,0.560786,0,0,2.43882,0.193271,1.68477,0.66528,12.849,1,0.607016,0.36288,0,116.969,3.21058,113.514,0.84672,12.849,0.84672,3695.15,0,0.0036966,1.69064e-05,5.72556,1.82562,25.5361,1.0295,32.0578,0.42336,0.0018483,0.21168,0.0018483,0.21168,460.486,0,1.02816,0,0,6.75372,5.72556,1.028160,1,0,147.257,0,0,0,147.257,0
70.1168,2.92801,0,0,8.24342,0.267513,0.36288,3.6288,61.308,0.56084,0,0,4.60511,0.193271,3.851,0.66528,12.849,1,0.57498,0.36288,0,197.589,3.21058,194.166,0.84672,12.849,0.84672,3695.15,0,0.0036966,1.69081e-05,10.7593,1.88409,37.3118,1.0295,48.9256,0.42336,0.0018483,0.21168,0.0018483,0.21168,460.486,0,1.02816,0,0,11.7875,10.7593,1.028160,1,0,246.943,0,0,0,246.943,0
72.29,2.96058,0,0,7.1331,0.277545,1.72179,3.6288,61.308,0.560895,0,0,4.53442,0.193271,3.78025,0.66528,12.849,1,0.542531,1.72179,0,173.954,3.21058,171.923,0.84672,12.849,0.84672,3695.15,0,0.0036966,1.69097e-05,5.95346,1.88415,23.599,1.0295,30.407,0.42336,0.0018483,0.21168,0.0018483,0.21168,460.486,0,1.02816,0,0,6.98162,5.95346,1.028160,1,0,206.11,0,0,0,206.11,0
72.29,2.97453,0,0,7.36171,0.281093,4.10608,3.6288,61.308,0.56095,0,0,2.40856,0.167417,1.68019,0.66528,12.849,1,0.528701,4.10608,0,155.879,2.87676,156.579,0.84672,12.849,0.84672,3695.15,0,0.0036966,1.69114e-05,4.44887,1.88422,18.2606,0.959056,23.6346,0.42336,0.0018483,0.21168,0.0018483,0.21168,460.486,0,1.02816,0,0,5.47703,4.44887,1.028160,1,0,181.894,0,0,0,181.894,0
72.29,3.12692,0,0,19.0946,0.28679,15.6809,3.6288,61.308,0.66528,0,0,5.37272,0.146319,4.56112,0.66528,12.849,1,0.555786,15.6809,0,211.634,3.12951,223.63,0.84672,12.849,0.84672,3695.15,0,0.0036966,0.0018483,10.2793,1.88428,47.9945,0.921049,59.2352,0.42336,0.0018483,0.21168,0.0018483,0.21168,460.486,0,1.02816,0,0,11.3074,10.2793,1.028160,1,0,287.426,0,0,0,287.426,0
72.29,3.12703,0,0,9.13956,0.287813,5.72473,3.6288,61.308,0.66528,0,0,3.16651,0.144526,2.3567,0.66528,12.849,1,0.555805,5.72473,0,417.036,3.19389,419.011,0.84672,12.849,0.84672,3695.15,0,0.0036966,0.0018483,5.94311,2.00438,29.0417,0.919411,36.0679,0.42336,0.0018483,0.21168,0.0018483,0.21168,460.486,0,1.02816,0,0,6.97127,5.94311,1.028160,1,0,457.436,0,0,0,457.436,0
72.29,3.12713,0,0,6.45301,0.289982,3.03589,3.6288,61.308,0.66528,0,0,2.31567,0.160599,1.48979,0.66528,12.849,1,0.555824,3.03589,0,187.92,3.38644,187.014,0.84672,12.849,0.84672,3695.15,0,0.0036966,0.0018483,4.62568,2.00445,19.8597,0.952695,25.5353,0.42336,0.0018483,0.21168,0.0018483,0.21168,460.486,0,1.02816,0,0,5.65384,4.62568,1.028160,1,0,214.039,0,0,0,214.039,0
72.29,3.12724,0,0,6.03994,0.307549,2.60515,3.6288,61.308,0.66528,0,0,3.91857,0.240573,3.01272,0.66528,12.849,1,0.555843,2.60515,0,184.037,4.27294,181.814,0.84672,12.849,0.84672,3695.15,0,0.0036966,0.0018483,6.50917,2.00452,26.385,1.07346,33.8234,0.42336,0.0018483,0.21168,0.0018483,0.21168,460.486,0,1.02816,0,0,7.53733,6.50917,1.028160,1,0,218.65,0,0,0,218.65,0
72.29,2.85134,0,0,4.75373,0.327674,1.57472,3.6288,61.308,0.497311,0,0,2.30183,0.224493,1.58002,0.66528,12.849,1,0.506804,1.57472,0,134.184,4.16634,131.085,0.84672,12.849,0.84672,3695.15,0,0.0036966,1.49928e-05,4.25671,2.00458,15.6327,1.04441,20.8496,0.42336,0.0018483,0.21168,0.0018483,0.21168,460.486,0,1.02816,0,0,5.28487,4.25671,1.028160,1,0,153.515,0,0,0,153.515,0
72.29,2.85144,0,0,4.80478,0.329131,1.62421,3.6288,61.308,0.497363,0,0,1.53927,0.228674,0.813231,0.66528,12.849,1,0.506821,1.62421,0,125.617,4.26059,122.474,0.84672,12.849,0.84672,3695.15,0,0.0036966,1.49944e-05,3.95372,1.80792,14.9316,1.07246,19.6208,0.42336,0.0018483,0.21168,0.0018483,0.21168,460.486,0,1.02816,0,0,4.98188,3.95372,1.028160,1,0,142.908,0,0,0,142.908,0
72.29,2.85154,0,0,4.35235,0.306475,1.19434,3.6288,61.308,0.497416,0,0,1.24758,0.216641,0.533524,0.66528,12.849,1,0.506839,1.19434,0,138.035,4.08619,134.637,0.84672,12.849,0.84672,3695.15,0,0.0036966,1.4996e-05,3.28199,1.80798,12.8076,1.04741,16.8501,0.42336,0.0018483,0.21168,0.0018483,0.21168,460.486,0,1.02816,0,0,4.31015,3.28199,1.028160,1,0,152.02,0,0,0,152.02,0
72.29,2.85163,0,0,5.34026,0.258945,2.22968,3.6288,61.308,0.497469,0,0,2.48387,0.209538,1.77686,0.66528,12.849,1,0.506856,2.22968,0,135.608,4.09624,133.235,0.84672,12.849,0.84672,3695.15,0,0.0036966,1.49976e-05,5.87015,1.80804,18.5859,1.0564,25.2077,0.42336,0.0018483,0.21168,0.0018483,0.21168,460.486,0,1.02816,0,0,6.89831,5.87015,1.028160,1,0,160.219,0,0,0,160.219,0
72.29,2.85173,0,0,8.71197,0.270522,5.58972,3.6288,61.308,0.497521,0,0,3.41068,0.21362,2.69954,0.66528,12.849,1,0.506874,5.58972,0,157.313,4.88494,157.511,0.84672,12.849,0.84672,3695.15,0,0.0036966,1.49992e-05,7.54946,1.80811,28.2912,1.10452,36.5443,0.42336,0.0018483,0.21168,0.0018483,0.21168,460.486,0,1.02816,0,0,8.57762,7.54946,1.028160,1,0,196.755,0,0,0,196.755,0
72.29,2.95603,0,0,7.39005,0.274298,4.15972,3.6288,61.308,0.558936,0,0,2.96323,0.21176,2.19253,0.66528,12.849,1,0.525412,4.15972,0,187.24,5.19215,185.682,0.84672,12.849,0.84672,3695.15,0,0.0036966,1.68507e-05,6.92012,1.80817,25.4743,1.17245,33.0301,0.42336,0.0018483,0.21168,0.0018483,0.21168,460.486,0,1.02816,0,0,7.94828,6.92012,1.028160,1,0,220.905,0,0,0,220.905,0
72.29,2.95613,0,0,6.91413,0.274298,3.6837,3.6288,61.308,0.558991,0,0,3.16274,0.21176,2.39199,0.66528,12.849,1,0.52543,3.6837,0,206.06,5.19215,204.026,0.84672,12.849,0.84672,3695.15,0,0.0036966,1.68523e-05,7.32084,1.87864,25.8912,1.17245,33.9183,0.42336,0.0018483,0.21168,0.0018483,0.21168,460.486,0,1.02816,0,0,8.349,7.32084,1.028160,1,0,240.336,0,0,0,240.336,0
72.29,2.95623,0,0,5.24588,0.274298,2.01535,3.6288,61.308,0.559046,0,0,1.83226,0.21176,1.06145,0.66528,12.849,1,0.525448,2.01535,0,151.787,5.19215,148.084,0.84672,12.849,0.84672,3695.15,0,0.0036966,1.6854e-05,4.76565,1.8787,17.6418,1.17245,23.1136,0.42336,0.0018483,0.21168,0.0018483,0.21168,460.486,0,1.02816,0,0,5.79381,4.76565,1.028160,1,0,172.26,0,0,0,172.26,0
72.29,2.95634,0,0,4.87449,0.231772,1.68638,3.6288,61.308,0.5591,0,0,1.52175,0.204888,0.757758,0.66528,12.849,1,0.525466,1.68638,0,128.152,5.57476,123.738,0.84672,12.849,0.84672,3695.15,0,0.0036966,1.68556e-05,4.22213,1.87877,15.8876,1.23851,20.75,0.42336,0.0018483,0.21168,0.0018483,0.21168,460.486,0,1.02816,0,0,5.25029,4.22213,1.028160,1,0,145.246,0,0,0,145.246,0
72.29,2.91569,0,0,4.29053,0.193261,1.18158,3.6288,61.308,0.535319,0,0,1.35736,0.223527,0.598515,0.66528,12.849,1,0.518242,1.18158,0,102.226,4.44707,98.4422,0.84672,12.849,0.84672,3695.15,0,0.0036966,1.61387e-05,3.44834,1.87883,12.4381,1.18774,16.5776,0.42336,0.0018483,0.21168,0.0018483,0.21168,460.486,0,1.02816,0,0,4.4765,3.44834,1.028160,1,0,115.618,0,0,0,115.618,0
72.29,2.91579,0,0,3.7935,0.193261,0.684453,3.6288,61.308,0.535373,0,0,1.49381,0.223527,0.734913,0.66528,12.849,1,0.51826,0.684453,0,95.078,4.44707,90.7971,0.84672,12.849,0.84672,3695.15,0,0.0036966,1.61403e-05,3.90794,1.85149,12.9126,1.18774,17.4842,0.42336,0.0018483,0.21168,0.0018483,0.21168,460.486,0,1.02816,0,0,4.9361,3.90794,1.028160,1,0,109.016,0,0,0,109.016,0
72.2405,2.91589,0,0,3.42251,0.193261,0.36288,3.6288,61.308,0.535427,0,0,1.35171,0.223527,0.592757,0.66528,12.849,1,0.518278,0.36288,0,87.8325,4.44707,83.23,0.84672,12.849,0.84672,3695.15,0,0.0036966,1.61419e-05,3.16043,1.85155,12.1883,1.18774,16.0125,0.42336,0.0018483,0.21168,0.0018483,0.21168,460.486,0,1.02816,0,0,4.18859,3.16043,1.028160,1,0,99.8353,0,0,0,99.8353,0
72.29,2.91569,0,0,4.01212,0.181029,0.865883,3.6288,61.308,0.535481,0,0,1.26406,0.229461,0.499116,0.66528,12.849,1,0.518597,0.865883,0,95.2888,4.91491,90.7212,0.84672,12.849,0.84672,3695.15,0,0.0036966,1.61436e-05,3.15154,1.85162,16.1943,1.20619,19.9912,0.42336,0.0018483,0.21168,0.0018483,0.21168,460.486,0,1.02816,0,0,4.1797,3.15154,1.028160,1,0,111.212,0,0,0,111.212,0
72.1634,3.05442,0,0,3.42442,0.133701,0.36288,3.6288,61.308,0.620075,0,0,1.2002,0.24585,0.334275,0.66528,12.849,1,0.542901,0.36288,0,81.4225,5.066,76.1765,0.84672,12.849,0.84672,3695.15,0,0.0036966,1.86939e-05,2.80745,1.85168,11.5641,1.16923,15.054,0.42336,0.0018483,0.21168,0.0018483,0.21168,460.486,0,1.02816,0,0,3.83561,2.80745,1.028160,1,0,91.5648,0,0,0,91.5648,0
71.8701,3.05372,0,0,3.23406,0.110817,0.36288,3.6288,61.308,0.620131,0,0,1.11304,0.251383,0.241525,0.66528,12.849,1,0.543728,0.36288,0,73.0953,4.74211,68.1723,0.84672,12.849,0.84672,3695.15,0,0.0036966,1.86956e-05,2.40413,1.94759,10.7539,1.1715,13.9342,0.42336,0.0018483,0.21168,0.0018483,0.21168,460.486,0,1.02816,0,0,3.43229,2.40413,1.028160,1,0,82.348,0,0,0,82.348,0
71.5345,3.05194,0,0,3.18986,0.11057,0.36288,3.6288,61.308,0.620188,0,0,1.11631,0.251383,0.244734,0.66528,12.849,1,0.545629,0.36288,0,69.1667,4.74211,64.2418,0.84672,12.849,0.84672,3695.15,0,0.0036966,1.86973e-05,2.54969,1.94766,10.2381,1.1715,13.564,0.42336,0.0018483,0.21168,0.0018483,0.21168,460.486,0,1.02816,0,0,3.57785,2.54969,1.028160,1,0,78.0505,0,0,0,78.0505,0
70.8582,3.04988,0,0,2.86133,0.124954,0.36288,3.6288,61.308,0.620245,0,0,1.06446,0.247433,0.196779,0.66528,12.849,1,0.547818,0.36288,0,65.3201,4.48827,60.6469,0.84672,12.849,0.84672,3695.15,0,0.0036966,1.8699e-05,2.56973,1.94773,9.4297,1.18129,12.7658,0.42336,0.0018483,0.21168,0.0018483,0.21168,460.486,0,1.02816,0,0,3.59789,2.56973,1.028160,1,0,73.6095,0,0,0,73.6095,0
70.0915,3.04556,0,0,2.76482,0.123068,0.36288,3.6288,61.308,0.620302,0,0,0.984848,0.256888,0.107657,0.66528,12.849,1,0.552263,0.36288,0,58.7693,4.77639,53.8035,0.84672,12.849,0.84672,3695.15,0,0.0036966,1.87007e-05,1.99254,1.9478,7.61919,1.20773,10.3518,0.42336,0.0018483,0.21168,0.0018483,0.21168,460.486,0,1.02816,0,0,3.0207,1.99254,1.028160,1,0,64.2629,0,0,0,64.2629,0
69.2964,3.01332,0,0,2.67603,0.0949105,0.36288,3.6288,61.2662,0.66528,0,0,0.900029,0.276519,0,0.66528,12.849,1,0.552395,0.36288,0,52.5242,5.61183,46.7229,0.84672,12.849,0.84672,3695.15,0,0.0036966,0.00157138,1.14088,1.94786,5.78615,1.22556,7.64775,0.42336,0.0018483,0.21168,0.0018483,0.21168,460.486,0,1.02816,0,0,2.16904,1.14088,1.028160,1,0,54.3706,0,0,0,54.3706,0
68.3344,3.00808,0,0,2.50327,0.0943282,0.36288,3.6288,61.15,0.66528,0,0,0.825509,0.276446,0,0.66528,12.849,1,0.557761,0.36288,0,47.8998,5.61183,42.0931,0.84672,12.849,0.84672,3695.15,0,0.0036966,0.00162979,0.896625,1.9778,5.63836,1.22556,7.28559,0.42336,0.0018483,0.21168,0.0018483,0.21168,460.486,0,1.02816,0,0,1.92478,0.896625,1.028160,1,0,49.3787,0,0,0,49.3787,0
67.3026,3.00157,0,0,2.42632,0.0936236,0.36288,3.6288,61.0034,0.66528,0,0,0.794949,0.276243,0,0.66528,12.849,1,0.564389,0.36288,0,42.6987,5.61183,36.8854,0.84672,12.849,0.84672,3695.15,0,0.0036966,0.0016882,0.787864,1.97786,5.57955,1.22556,7.11802,0.42336,0.0018483,0.21168,0.0018483,0.21168,460.486,0,1.02816,0,0,1.81602,0.787864,1.028160,1,0,44.0034,0,0,0,44.0034,0
66.4158,2.99441,0,0,2.5334,0.0628922,0.36288,3.6288,60.9725,0.66528,0,0,0.936887,0.30259,0,0.66528,12.849,1,0.571674,0.36288,0,41.2999,5.83962,35.2515,0.84672,12.849,0.84672,3695.15,0,0.0036966,0.00174661,0.868009,1.97793,5.8243,1.3605,7.308,0.42336,0.0018483,0.21168,0.0018483,0.21168,460.486,0,1.02816,0,0,1.89617,0.868009,1.028160,1,0,42.5595,0,0,0,42.5595,0
65.2666,2.92873,0,0,2.20673,0.0643574,0.36288,3.6288,60.8399,0.635157,0,0,0.81032,0.307728,0,0.66528,12.849,1,0.566601,0.36288,0,40.9298,5.91497,34.8112,0.84672,12.849,0.84672,3695.15,0,0.0036966,1.9254e-05,0.716429,1.978,4.44619,1.4445,5.6961,0.42336,0.0018483,0.21168,0.0018483,0.21168,460.486,0,1.02816,0,0,1.74459,0.716429,1.028160,1,0,40.5072,0,0,0,40.5072,0
64.072,2.92049,0,0,2.15253,0.06377,0.36288,3.6288,60.6438,0.635214,0,0,0.746591,0.307469,0,0.66528,12.849,1,0.574956,0.36288,0,40.8773,5.91497,34.7503,0.84672,12.849,0.84672,3695.15,0,0.0036966,1.92976e-05,0.872061,1.94013,4.7644,1.4445,6.13207,0.42336,0.0018483,0.21168,0.0018483,0.21168,460.486,0,1.02816,0,0,1.90022,0.872061,1.028160,1,0,40.8823,0,0,0,40.8823,0
62.7485,2.91166,0,0,2.01427,0.0631594,0.36288,3.6288,60.3925,0.635272,0,0,0.691079,0.307087,0,0.66528,12.849,1,0.583905,0.36288,0,36.902,5.91497,30.766,0.84672,12.849,0.84672,3695.15,0,0.0036966,1.93618e-05,0.790517,1.9402,4.25218,1.4445,5.53838,0.42336,0.0018483,0.21168,0.0018483,0.21168,460.486,0,1.02816,0,0,1.81868,0.790517,1.028160,1,0,36.3043,0,0,0,36.3043,0
61.2708,2.90154,0,0,1.84919,0.062483,0.36288,3.6288,60.1341,0.635329,0,0,0.683484,0.306597,0,0.66528,12.849,1,0.594148,0.36288,0,33.7327,5.91497,27.5865,0.84672,12.849,0.84672,3695.15,0,0.0036966,1.94441e-05,0.64114,1.94027,4.15879,1.4445,5.29568,0.42336,0.0018483,0.21168,0.0018483,0.21168,460.486,0,1.02816,0,0,1.6693,0.64114,1.028160,1,0,32.8822,0,0,0,32.8822,0
59.4788,3.08279,0,0,1.69933,0.0456592,0.36288,3.6288,59.8623,0.66528,0,0,0.716963,0.323505,0,0.66528,12.849,1,0.646487,0.36288,0,31.0605,5.99353,24.7834,0.84672,12.849,0.84672,3695.15,0,0.0036966,0.0018483,0.976501,1.94033,5.14342,1.49501,6.56339,0.42336,0.0018483,0.21168,0.0018483,0.21168,460.486,0,1.02816,0,0,2.00466,0.976501,1.028160,1,0,31.3468,0,0,0,31.3468,0
57.2578,3.06688,0,0,1.25728,0.0485464,0.36288,3.6288,59.4454,0.66528,0,0,0.575423,0.326998,0,0.66528,12.849,1,0.662527,0.36288,0,25.608,5.79075,19.5176,0.84672,12.849,0.84672,3695.15,0,0.0036966,0.0018483,0.601664,2.09481,3.91156,1.48061,5.12558,0.42336,0.0018483,0.21168,0.0018483,0.21168,460.486,0,1.02816,0,0,1.62982,0.601664,1.028160,1,0,24.6432,0,0,0,24.6432,0
55.6281,3.04599,0,0,1.82663,0.0475101,0.36288,3.6288,59.1152,0.66528,0,0,0.661188,0.326129,0,0.66528,12.849,1,0.683539,0.36288,0,29.166,5.79075,23.0546,0.84672,12.849,0.84672,3695.15,0,0.0036966,0.0018483,0.891363,2.09488,4.33682,1.48061,5.84061,0.42336,0.0018483,0.21168,0.0018483,0.21168,460.486,0,1.02816,0,0,1.91952,0.891363,1.028160,1,0,28.8952,0,0,0,28.8952,0
54.7947,3.02983,0,0,2.63274,0.0734185,0.36288,3.6288,59.0089,0.66528,0,0,0.87518,0.316192,0,0.66528,12.849,1,0.699831,0.36288,0,47.5858,5.65933,41.5896,0.84672,12.849,0.84672,3695.15,0,0.0036966,0.0018483,1.0526,2.09496,4.8282,1.45409,6.51982,0.42336,0.0018483,0.21168,0.0018483,0.21168,460.486,0,1.02816,0,0,2.08076,1.0526,1.028160,1,0,48.1094,0,0,0,48.1094,0
53.3046,3.02131,0,0,1.96696,0.0728581,0.36288,3.6288,58.7649,0.66528,0,0,0.719617,0.298297,0,0.66528,12.849,1,0.708477,0.36288,0,53.8922,5.61254,47.934,0.84672,12.849,0.84672,3695.15,0,0.0036966,0.0018483,0.771146,2.09503,3.98556,1.42076,5.42913,0.42336,0.0018483,0.21168,0.0018483,0.21168,460.486,0,1.02816,0,0,1.79931,0.771146,1.028160,1,0,53.3632,0,0,0,53.3632,0
52.3973,2.91375,0,0,2.46737,0.0979884,0.36288,3.6288,58.5642,0.66528,0,0,0.729717,0.265191,0,0.66528,12.849,1,0.702356,0.36288,0,47.1502,5.01816,41.7926,0.84672,12.849,0.84672,3695.15,0,0.0036966,0.0018483,0.635697,2.0951,5.31916,1.34386,6.70424,0.42336,0.0018483,0.21168,0.0018483,0.21168,460.486,0,1.02816,0,0,1.66386,0.635697,1.028160,1,0,48.4968,0,0,0,48.4968,0
51.109,2.90408,0,0,2.0757,0.0970801,0.36288,3.6288,58.6692,0.66528,0,0,1.03514,0.264849,0,0.66528,12.849,1,0.712146,0.36288,0,42.7588,5.01816,37.3914,0.84672,12.849,0.84672,3695.15,0,0.0036966,0.0018483,1.85725,2.00667,6.00419,1.34386,8.5224,0.42336,0.0018483,0.21168,0.0018483,0.21168,460.486,0,1.02816,0,0,2.88541,1.85725,1.028160,1,0,45.9138,0,0,0,45.9138,0
49.5366,2.88984,0,0,1.7761,0.0957902,0.36288,3.6288,58.3106,0.66528,0,0,0.571739,0.265028,0,0.66528,12.849,1,0.726516,0.36288,0,42.7167,5.01816,37.3349,0.84672,12.849,0.84672,3695.15,0,0.0036966,0.0018483,0.580021,2.00674,4.46859,1.34386,5.70964,0.42336,0.0018483,0.21168,0.0018483,0.21168,460.486,0,1.02816,0,0,1.60818,0.580021,1.028160,1,0,43.0445,0,0,0,43.0445,0
48.0449,2.87162,0,0,1.85306,0.110226,0.36288,3.6288,57.9462,0.66528,0,0,0.550403,0.249543,0,0.66528,12.849,1,0.744853,0.36288,0,41.0591,4.81053,35.8666,0.84672,12.849,0.84672,3695.15,0,0.0036966,0.0018483,0.530764,2.00681,4.49687,1.27897,5.75363,0.42336,0.0018483,0.21168,0.0018483,0.21168,460.486,0,1.02816,0,0,1.55892,0.530764,1.028160,1,0,41.6202,0,0,0,41.6202,0
47.0684,2.90231,0,0,2.46612,0.177419,0.36288,3.6288,58.0012,0.66528,0,0,0.859756,0.139501,0,0.66528,12.849,1,0.776186,0.36288,0,70.6802,3.21852,67.0484,0.84672,12.849,0.84672,3695.15,0,0.0036966,0.0018483,1.05974,2.00688,5.5941,0.906556,7.75231,0.42336,0.0018483,0.21168,0.0018483,0.21168,460.486,0,1.02816,0,0,2.0879,1.05974,1.028160,1,0,74.8007,0,0,0,74.8007,0
46.1719,2.88976,0,0,2.52747,0.171313,0.36288,3.6288,58.1012,0.66528,0,0,0.901489,0.136145,0,0.66528,12.849,1,0.788863,0.36288,0,70.9171,3.16082,67.3303,0.84672,12.849,0.84672,3695.15,0,0.0036966,0.0018483,1.1879,2.0133,6.19937,0.909385,8.48933,0.42336,0.0018483,0.21168,0.0018483,0.21168,460.486,0,1.02816,0,0,2.21606,1.1879,1.028160,1,0,75.8197,0,0,0,75.8197,0
46.7493,2.87788,0,0,3.98776,0.16962,0.36288,3.6288,58.4375,0.66528,0,0,1.13774,0.136233,0,0.66528,12.849,1,0.800872,0.36288,0,71.1564,3.16082,67.5576,0.84672,12.849,0.84672,3695.15,0,0.0036966,0.0018483,1.86053,2.01337,8.12678,0.909385,11.0894,0.42336,0.0018483,0.21168,0.0018483,0.21168,460.486,0,1.02816,0,0,2.88869,1.86053,1.028160,1,0,78.6471,0,0,0,78.6471,0
47.1737,2.88574,0,0,3.84818,0.175146,0.36288,3.6288,58.8135,0.66528,0,0,1.16267,0.121319,0,0.66528,12.849,1,0.793141,0.36288,0,68.0594,3.09521,64.5339,0.84672,12.849,0.84672,3695.15,0,0.0036966,0.0018483,1.72329,2.01343,8.16031,0.896254,10.9989,0.42336,0.0018483,0.21168,0.0018483,0.21168,460.486,0,1.02816,0,0,2.75145,1.72329,1.028160,1,0,75.5328,0,0,0,75.5328,0
50.3211,2.67369,0,0,6.3991,0.215189,0.36288,3.6288,59.8643,0.513507,0,0,1.69318,0.128908,0,0.66528,12.849,1,0.728248,0.36288,0,83.9835,3.58331,80.0348,0.84672,12.849,0.84672,3695.15,0,0.0036966,1.61377e-05,3.57847,2.0135,12.0069,0.999571,16.5993,0.42336,0.0018483,0.21168,0.0018483,0.21168,460.486,0,1.02816,0,0,4.60663,3.57847,1.028160,1,0,96.6341,0,0,0,96.6341,0
55.6098,2.71007,0,0,8.59395,0.232314,0.36288,3.6288,60.5985,0.513561,0,0,1.45212,0.204361,0,0.66528,12.849,1,0.691989,0.36288,0,158.123,4.24463,153.549,0.84672,12.849,0.84672,3695.15,0,0.0036966,1.58561e-05,4.43661,1.82865,12.3477,1.13615,17.4768,0.42336,0.0018483,0.21168,0.0018483,0.21168,460.486,0,1.02816,0,0,5.46477,4.43661,1.028160,1,0,171.026,0,0,0,171.026,0
72.29,2.76363,0,0,22.4395,0.240635,2.75498,3.6288,61.308,0.513614,0,0,14.5938,0.226275,13.1444,0.66528,12.849,1,0.638554,2.75498,0,452.707,4.3223,450.502,0.84672,12.849,0.84672,3695.15,0,0.0036966,1.56656e-05,9.14795,1.82871,37.8291,1.19608,47.6097,0.42336,0.0018483,0.21168,0.0018483,0.21168,460.486,0,1.02816,0,0,10.1761,9.14795,1.028160,1,0,511.256,0,0,0,511.256,0
72.29,2.88885,0,0,12.9001,0.263271,9.74801,3.6288,61.308,0.513667,0,0,10.1989,0.218207,9.46704,0.66528,12.849,1,0.51347,9.74801,0,264.245,3.95659,269.523,0.84672,12.849,0.84672,3695.15,0,0.0036966,1.54859e-05,3.58182,1.82877,26.3551,1.10229,30.6634,0.42336,0.0018483,0.21168,0.0018483,0.21168,460.486,0,1.02816,0,0,4.60998,3.58182,1.028160,1,0,309.653,0,0,0,309.653,0
72.29,2.88894,0,0,9.45086,0.27355,6.28837,3.6288,61.308,0.51372,0,0,4.80005,0.196193,4.09013,0.66528,12.849,1,0.513488,6.28837,0,242.147,3.70095,244.221,0.84672,12.849,0.84672,3695.15,0,0.0036966,1.54875e-05,5.89471,1.82884,20.3199,1.02588,27.0175,0.42336,0.0018483,0.21168,0.0018483,0.21168,460.486,0,1.02816,0,0,6.92287,5.89471,1.028160,1,0,275.329,0,0,0,275.329,0
72.29,2.97954,0,0,6.91104,0.290203,3.6413,3.6288,61.308,0.563623,0,0,2.9502,0.228208,2.15837,0.66528,12.849,1,0.52959,3.6413,0,185.985,4.08282,185.014,0.84672,12.849,0.84672,3695.15,0,0.0036966,1.6992e-05,2.89677,1.8289,12.8942,1.15639,16.4634,0.42336,0.0018483,0.21168,0.0018483,0.21168,460.486,0,1.02816,0,0,3.92493,2.89677,1.028160,1,0,203.635,0,0,0,203.635,0
72.29,2.97962,0,0,5.39514,0.290203,2.12533,3.6288,61.308,0.563664,0,0,2.37,0.228208,1.57812,0.66528,12.849,1,0.529604,2.12533,0,137.004,4.08282,134.517,0.84672,12.849,0.84672,3695.15,0,0.0036966,1.69932e-05,3.1861,1.88745,11.4484,1.15639,15.3656,0.42336,0.0018483,0.21168,0.0018483,0.21168,460.486,0,1.02816,0,0,4.21426,3.1861,1.028160,1,0,151.461,0,0,0,151.461,0
72.29,2.97969,0,0,4.35402,0.290203,1.08412,3.6288,61.308,0.563705,0,0,1.93342,0.228208,1.1415,0.66528,12.849,1,0.529618,1.08412,0,108.474,4.08282,104.946,0.84672,12.849,0.84672,3695.15,0,0.0036966,1.69945e-05,2.19656,1.8875,9.81383,1.15639,12.7415,0.42336,0.0018483,0.21168,0.0018483,0.21168,460.486,0,1.02816,0,0,3.22472,2.19656,1.028160,1,0,118.829,0,0,0,118.829,0
72.29,2.97977,0,0,5.26726,0.323595,1.9639,3.6288,61.308,0.563747,0,0,1.6925,0.219283,0.909469,0.66528,12.849,1,0.529632,1.9639,0,131.195,4.17777,128.451,0.84672,12.849,0.84672,3695.15,0,0.0036966,1.69957e-05,2.1333,1.88755,12.7865,1.32195,15.4854,0.42336,0.0018483,0.21168,0.0018483,0.21168,460.486,0,1.02816,0,0,3.16146,2.1333,1.028160,1,0,144.846,0,0,0,144.846,0
72.29,3.13239,0,0,4.11125,0.313502,0.665352,3.6288,61.308,0.66528,0,0,1.76609,0.214301,0.886504,0.66528,12.849,1,0.556759,0.665352,0,103.931,4.5288,99.5112,0.84672,12.849,0.84672,3695.15,0,0.0036966,0.0018483,1.82286,1.8876,8.79379,1.2939,11.2085,0.42336,0.0018483,0.21168,0.0018483,0.21168,460.486,0,1.02816,0,0,2.85102,1.82286,1.028160,1,0,111.606,0,0,0,111.606,0
72.29,3.13248,0,0,4.63808,0.304122,1.20148,3.6288,61.308,0.66528,0,0,1.94086,0.213736,1.06185,0.66528,12.849,1,0.556774,1.20148,0,122.796,4.65402,118.787,0.84672,12.849,0.84672,3695.15,0,0.0036966,0.0018483,1.92049,2.00789,12.0174,1.25619,14.6877,0.42336,0.0018483,0.21168,0.0018483,0.21168,460.486,0,1.02816,0,0,2.94865,1.92049,1.028160,1,0,134.536,0,0,0,134.536,0
72.29,3.13256,0,0,4.22822,0.310741,0.784919,3.6288,61.308,0.66528,0,0,2.234,0.20124,1.36748,0.66528,12.849,1,0.556788,0.784919,0,127.037,4.23438,123.031,0.84672,12.849,0.84672,3695.15,0,0.0036966,0.0018483,2.4766,2.00794,9.85038,1.11572,13.2173,0.42336,0.0018483,0.21168,0.0018483,0.21168,460.486,0,1.02816,0,0,3.50476,2.4766,1.028160,1,0,137.616,0,0,0,137.616,0
72.29,3.13264,0,0,4.07729,0.315704,0.62895,3.6288,61.308,0.66528,0,0,2.28743,0.191868,1.43028,0.66528,12.849,1,0.556803,0.62895,0,142.447,3.91965,138.599,0.84672,12.849,0.84672,3695.15,0,0.0036966,0.0018483,2.51241,2.00799,11.455,1.01038,14.9632,0.42336,0.0018483,0.21168,0.0018483,0.21168,460.486,0,1.02816,0,0,3.54057,2.51241,1.028160,1,0,154.993,0,0,0,154.993,0
72.29,2.85624,0,0,4.63624,0.328534,1.45147,3.6288,61.308,0.499931,0,0,2.10143,0.196478,1.40502,0.66528,12.849,1,0.507674,1.45147,0,108.586,4.21987,105.31,0.84672,12.849,0.84672,3695.15,0,0.0036966,1.50718e-05,2.217,2.00805,12.0306,1.04669,15.2089,0.42336,0.0018483,0.21168,0.0018483,0.21168,460.486,0,1.02816,0,0,3.24516,2.217,1.028160,1,0,121.924,0,0,0,121.924,0
72.29,2.85631,0,0,4.62513,0.333666,1.43515,3.6288,61.308,0.499971,0,0,2.22355,0.198321,1.52525,0.66528,12.849,1,0.507688,1.43515,0,94.9596,4.33996,91.5471,0.84672,12.849,0.84672,3695.15,0,0.0036966,1.5073e-05,2.29093,1.81103,10.1141,1.06121,13.1548,0.42336,0.0018483,0.21168,0.0018483,0.21168,460.486,0,1.02816,0,0,3.31909,2.29093,1.028160,1,0,106.227,0,0,0,106.227,0
72.29,2.85639,0,0,8.40992,0.3323,5.22123,3.6288,61.308,0.500011,0,0,3.34308,0.186867,2.6562,0.66528,12.849,1,0.507701,5.22123,0,202.601,4.16065,203.154,0.84672,12.849,0.84672,3695.15,0,0.0036966,1.50742e-05,5.07038,1.81107,18.996,1.0305,24.8469,0.42336,0.0018483,0.21168,0.0018483,0.21168,460.486,0,1.02816,0,0,6.09854,5.07038,1.028160,1,0,230.657,0,0,0,230.657,0
72.29,2.85646,0,0,7.87234,0.328885,4.68699,3.6288,61.308,0.50005,0,0,3.05713,0.158232,2.39884,0.66528,12.849,1,0.507714,4.68699,0,194.003,3.71238,194.469,0.84672,12.849,0.84672,3695.15,0,0.0036966,1.50754e-05,4.64683,1.81112,16.4949,0.953727,21.9991,0.42336,0.0018483,0.21168,0.0018483,0.21168,460.486,0,1.02816,0,0,5.67499,4.64683,1.028160,1,0,218.867,0,0,0,218.867,0
72.29,2.85653,0,0,6.94336,0.333595,3.75323,3.6288,61.308,0.50009,0,0,3.01888,0.153464,2.36532,0.66528,12.849,1,0.507727,3.75323,0,203.53,3.74613,203.029,0.84672,12.849,0.84672,3695.15,0,0.0036966,1.50766e-05,4.67951,1.81117,17.5023,0.892944,23.1,0.42336,0.0018483,0.21168,0.0018483,0.21168,460.486,0,1.02816,0,0,5.70767,4.67951,1.028160,1,0,228.495,0,0,0,228.495,0
72.29,2.96098,0,0,6.19478,0.34537,2.88842,3.6288,61.308,0.561595,0,0,2.56233,0.141543,1.85919,0.66528,12.849,1,0.526292,2.88842,0,157.714,3.8305,156.245,0.84672,12.849,0.84672,3695.15,0,0.0036966,1.69308e-05,4.93424,1.81121,14.1681,0.740985,20.1726,0.42336,0.0018483,0.21168,0.0018483,0.21168,460.486,0,1.02816,0,0,5.9624,4.93424,1.028160,1,0,178.277,0,0,0,178.277,0
72.29,2.96106,0,0,5.59204,0.336442,2.29454,3.6288,61.308,0.561637,0,0,2.80723,0.1463,2.09929,0.66528,12.849,1,0.526306,2.29454,0,171.848,3.88867,169.727,0.84672,12.849,0.84672,3695.15,0,0.0036966,1.69321e-05,5.11612,1.88179,14.8253,0.752435,21.0707,0.42336,0.0018483,0.21168,0.0018483,0.21168,460.486,0,1.02816,0,0,6.14428,5.11612,1.028160,1,0,192.897,0,0,0,192.897,0
72.29,2.96114,0,0,5.40339,0.282875,2.15938,3.6288,61.308,0.561678,0,0,2.97922,0.174846,2.24269,0.66528,12.849,1,0.52632,2.15938,0,140.018,4.2377,137.413,0.84672,12.849,0.84672,3695.15,0,0.0036966,1.69333e-05,5.38263,1.88184,15.0899,0.821137,21.5332,0.42336,0.0018483,0.21168,0.0018483,0.21168,460.486,0,1.02816,0,0,6.41079,5.38263,1.028160,1,0,161.189,0,0,0,161.189,0
72.29,2.96121,0,0,4.33538,0.282875,1.09129,3.6288,61.308,0.561719,0,0,1.95611,0.174846,1.21955,0.66528,12.849,1,0.526333,1.09129,0,98.744,4.2377,95.0712,0.84672,12.849,0.84672,3695.15,0,0.0036966,1.69346e-05,3.78672,1.88189,9.71473,0.821137,14.5622,0.42336,0.0018483,0.21168,0.0018483,0.21168,460.486,0,1.02816,0,0,4.81488,3.78672,1.028160,1,0,110.853,0,0,0,110.853,0
72.29,2.92048,0,0,4.21025,0.25059,1.03919,3.6288,61.308,0.537886,0,0,2.2184,0.182179,1.49833,0.66528,12.849,1,0.519093,1.03919,0,99.9985,4.02822,96.4904,0.84672,12.849,0.84672,3695.15,0,0.0036966,1.62161e-05,3.45494,1.88193,9.38243,0.96359,13.7557,0.42336,0.0018483,0.21168,0.0018483,0.21168,460.486,0,1.02816,0,0,4.4831,3.45494,1.028160,1,0,111.744,0,0,0,111.744,0
72.29,2.92055,0,0,3.89736,0.25059,0.726215,3.6288,61.308,0.537926,0,0,2.05612,0.182179,1.33602,0.66528,12.849,1,0.519106,0.726215,0,98.5176,4.02822,94.6965,0.84672,12.849,0.84672,3695.15,0,0.0036966,1.62173e-05,3.25554,1.85453,9.09844,0.96359,13.2449,0.42336,0.0018483,0.21168,0.0018483,0.21168,460.486,0,1.02816,0,0,4.2837,3.25554,1.028160,1,0,109.277,0,0,0,109.277,0
72.2881,2.92063,0,0,3.53217,0.25059,0.36288,3.6288,61.308,0.537967,0,0,1.78432,0.182179,1.06417,0.66528,12.849,1,0.51912,0.36288,0,88.5894,4.02822,84.4049,0.84672,12.849,0.84672,3695.15,0,0.0036966,1.62185e-05,2.85552,1.85458,8.19167,0.96359,11.9382,0.42336,0.0018483,0.21168,0.0018483,0.21168,460.486,0,1.02816,0,0,3.88368,2.85552,1.028160,1,0,97.4072,0,0,0,97.4072,0
72.1201,2.92069,0,0,3.34165,0.226038,0.36288,3.6288,61.308,0.538008,0,0,1.64063,0.189371,0.913253,0.66528,12.849,1,0.519145,0.36288,0,82.22,4.11552,77.9482,0.84672,12.849,0.84672,3695.15,0,0.0036966,1.62197e-05,2.38154,1.85463,7.82283,0.920545,11.1384,0.42336,0.0018483,0.21168,0.0018483,0.21168,460.486,0,1.02816,0,0,3.4097,2.38154,1.028160,1,0,89.9999,0,0,0,89.9999,0
71.6902,3.05825,0,0,3.17461,0.183428,0.36288,3.6288,61.308,0.622724,0,0,1.54942,0.212298,0.714397,0.66528,12.849,1,0.544861,0.36288,0,77.8023,4.40748,73.2129,0.84672,12.849,0.84672,3695.15,0,0.0036966,1.87738e-05,2.66142,1.85467,7.24291,0.955152,10.8038,0.42336,0.0018483,0.21168,0.0018483,0.21168,460.486,0,1.02816,0,0,3.68958,2.66142,1.028160,1,0,84.7311,0,0,0,84.7311,0
71.0599,3.05555,0,0,2.95995,0.171781,0.36288,3.6288,61.308,0.622767,0,0,1.39165,0.224212,0.544674,0.66528,12.849,1,0.547646,0.36288,0,67.4775,4.50544,62.7873,0.84672,12.849,0.84672,3695.15,0,0.0036966,1.87751e-05,2.40344,1.95072,6.25385,1.01157,9.59642,0.42336,0.0018483,0.21168,0.0018483,0.21168,460.486,0,1.02816,0,0,3.4316,2.40344,1.028160,1,0,72.9284,0,0,0,72.9284,0
70.1513,3.05152,0,0,2.67676,0.170956,0.36288,3.6288,61.308,0.62281,0,0,1.33859,0.224212,0.491564,0.66528,12.849,1,0.551774,0.36288,0,64.9045,4.50544,60.2102,0.84672,12.849,0.84672,3695.15,0,0.0036966,1.87763e-05,1.50601,1.95078,5.97103,1.01157,8.41622,0.42336,0.0018483,0.21168,0.0018483,0.21168,460.486,0,1.02816,0,0,2.53417,1.50601,1.028160,1,0,69.118,0,0,0,69.118,0
68.9537,3.04556,0,0,2.38055,0.169766,0.36288,3.6288,61.308,0.622853,0,0,1.19323,0.224212,0.346162,0.66528,12.849,1,0.557828,0.36288,0,56.7292,4.50544,52.0288,0.84672,12.849,0.84672,3695.15,0,0.0036966,1.87776e-05,1.17767,1.95083,5.63275,1.01157,7.74965,0.42336,0.0018483,0.21168,0.0018483,0.21168,460.486,0,1.02816,0,0,2.20583,1.17767,1.028160,1,0,60.1246,0,0,0,60.1246,0
67.664,3.03747,0,0,2.27207,0.161388,0.36288,3.6288,61.308,0.622896,0,0,1.11519,0.233561,0.258734,0.66528,12.849,1,0.56601,0.36288,0,51.8892,4.74257,46.9436,0.84672,12.849,0.84672,3695.15,0,0.0036966,1.87789e-05,1.22609,1.95088,5.48797,1.06085,7.60407,0.42336,0.0018483,0.21168,0.0018483,0.21168,460.486,0,1.02816,0,0,2.25425,1.22609,1.028160,1,0,54.8064,0,0,0,54.8064,0
66.5989,3.00136,0,0,2.41758,0.118413,0.36288,3.6288,61.2996,0.66528,0,0,0.949139,0.2923,0,0.66528,12.849,1,0.56994,0.36288,0,52.9275,5.37335,47.3471,0.84672,12.849,0.84672,3695.15,0,0.0036966,0.0018483,1.12641,1.95093,5.69903,1.30121,7.47331,0.42336,0.0018483,0.21168,0.0018483,0.21168,460.486,0,1.02816,0,0,2.15457,1.12641,1.028160,1,0,54.8204,0,0,0,54.8204,0
65.4268,2.99379,0,0,2.29791,0.113372,0.36288,3.6288,61.2577,0.66528,0,0,0.921577,0.298179,0,0.66528,12.849,1,0.577596,0.36288,0,48.6491,5.37967,43.0547,0.84672,12.849,0.84672,3695.15,0,0.0036966,0.0018483,1.05258,1.98089,5.52193,1.32074,7.23281,0.42336,0.0018483,0.21168,0.0018483,0.21168,460.486,0,1.02816,0,0,2.08074,1.05258,1.028160,1,0,50.2875,0,0,0,50.2875,0
64.1063,2.98522,0,0,2.13991,0.112319,0.36288,3.6288,61.0985,0.66528,0,0,0.804194,0.2981,0,0.66528,12.849,1,0.58626,0.36288,0,45.2174,5.37967,39.6143,0.84672,12.849,0.84672,3695.15,0,0.0036966,0.0018483,0.963662,1.98094,5.23076,1.32074,6.85278,0.42336,0.0018483,0.21168,0.0018483,0.21168,460.486,0,1.02816,0,0,1.99182,0.963662,1.028160,1,0,46.4671,0,0,0,46.4671,0
62.6806,2.97524,0,0,2.02353,0.111131,0.36288,3.6288,60.8935,0.66528,0,0,0.758117,0.2978,0,0.66528,12.849,1,0.596335,0.36288,0,43.1317,5.37967,37.5185,0.84672,12.849,0.84672,3695.15,0,0.0036966,0.0018483,0.847117,1.981,4.99518,1.32074,6.5007,0.42336,0.0018483,0.21168,0.0018483,0.21168,460.486,0,1.02816,0,0,1.87528,0.847117,1.028160,1,0,44.0192,0,0,0,44.0192,0
61.2021,2.90515,0,0,1.87789,0.0883564,0.36288,3.6288,60.7241,0.637704,0,0,0.772642,0.304396,0,0.66528,12.849,1,0.595532,0.36288,0,36.3676,5.78413,30.3508,0.84672,12.849,0.84672,3695.15,0,0.0036966,1.93562e-05,0.632889,1.98105,4.16523,1.45304,5.3261,0.42336,0.0018483,0.21168,0.0018483,0.21168,460.486,0,1.02816,0,0,1.66105,0.632889,1.028160,1,0,35.6769,0,0,0,35.6769,0
59.7184,2.89333,0,0,1.85625,0.0837484,0.36288,3.6288,60.4889,0.637748,0,0,0.707772,0.305232,0,0.66528,12.849,1,0.607438,0.36288,0,46.8115,5.85154,40.7154,0.84672,12.849,0.84672,3695.15,0,0.0036966,1.94116e-05,0.791891,1.94311,4.48089,1.4751,5.74078,0.42336,0.0018483,0.21168,0.0018483,0.21168,460.486,0,1.02816,0,0,1.82005,0.791891,1.028160,1,0,46.4562,0,0,0,46.4562,0
58.1299,2.88099,0,0,1.73812,0.0826605,0.36288,3.6288,60.2045,0.637791,0,0,0.658204,0.304776,0,0.66528,12.849,1,0.619873,0.36288,0,37.585,5.85154,31.4765,0.84672,12.849,0.84672,3695.15,0,0.0036966,1.94884e-05,0.758134,1.94316,4.03917,1.4751,5.26534,0.42336,0.0018483,0.21168,0.0018483,0.21168,460.486,0,1.02816,0,0,1.78629,0.758134,1.028160,1,0,36.7418,0,0,0,36.7418,0
56.401,2.86719,0,0,1.58249,0.0814015,0.36288,3.6288,59.8873,0.637834,0,0,0.624888,0.304225,0,0.66528,12.849,1,0.633761,0.36288,0,34.2538,5.85154,28.1314,0.84672,12.849,0.84672,3695.15,0,0.0036966,1.95817e-05,0.483261,1.94321,3.76764,1.4751,4.71899,0.42336,0.0018483,0.21168,0.0018483,0.21168,460.486,0,1.02816,0,0,1.51142,0.483261,1.028160,1,0,32.8504,0,0,0,32.8504,0
54.7166,3.04187,0,0,1.78957,0.0692126,0.36288,3.6288,59.6106,0.66528,0,0,0.705797,0.317198,0,0.66528,12.849,1,0.692985,0.36288,0,33.9713,6.23807,27.4031,0.84672,12.849,0.84672,3695.15,0,0.0036966,0.0018483,0.957096,1.94326,5.28152,1.54737,6.63265,0.42336,0.0018483,0.21168,0.0018483,0.21168,460.486,0,1.02816,0,0,1.98526,0.957096,1.028160,1,0,34.0358,0,0,0,34.0358,0
53.1081,3.02467,0,0,1.85261,0.0735549,0.36288,3.6288,59.2894,0.66528,0,0,0.666827,0.322764,0,0.66528,12.849,1,0.710279,0.36288,0,34.3151,6.40448,27.5632,0.84672,12.849,0.84672,3695.15,0,0.0036966,0.0018483,0.753719,2.09795,4.57377,1.57402,5.84957,0.42336,0.0018483,0.21168,0.0018483,0.21168,460.486,0,1.02816,0,0,1.78188,0.753719,1.028160,1,0,33.4128,0,0,0,33.4128,0
51.1518,3.00743,0,0,1.4864,0.0723632,0.36288,3.6288,58.8264,0.66528,0,0,0.524344,0.322102,0,0.66528,12.849,1,0.727619,0.36288,0,40.362,6.40448,33.5928,0.84672,12.849,0.84672,3695.15,0,0.0036966,0.0018483,0.401216,2.098,3.7994,1.57402,4.72275,0.42336,0.0018483,0.21168,0.0018483,0.21168,460.486,0,1.02816,0,0,1.42938,0.401216,1.028160,1,0,38.3156,0,0,0,38.3156,0
49.4932,2.98526,0,0,1.7604,0.0709139,0.36288,3.6288,58.6404,0.66528,0,0,0.800396,0.321147,0,0.66528,12.849,1,0.749878,0.36288,0,34.6437,6.40448,27.8522,0.84672,12.849,0.84672,3695.15,0,0.0036966,0.0018483,1.12205,2.09806,5.13792,1.57402,6.78216,0.42336,0.0018483,0.21168,0.0018483,0.21168,460.486,0,1.02816,0,0,2.15021,1.12205,1.028160,1,0,34.6344,0,0,0,34.6344,0
47.5909,2.96539,0,0,1.49659,0.0705895,0.36288,3.6288,58.2984,0.66528,0,0,0.632419,0.30914,0,0.66528,12.849,1,0.769849,0.36288,0,32.1975,5.99578,25.7947,0.84672,12.849,0.84672,3695.15,0,0.0036966,0.0018483,0.823668,2.09811,5.90712,1.41313,7.41393,0.42336,0.0018483,0.21168,0.0018483,0.21168,460.486,0,1.02816,0,0,1.85183,0.823668,1.028160,1,0,33.2087,0,0,0,33.2087,0
45.8991,2.85149,0,0,1.63061,0.108033,0.36288,3.6288,58.095,0.66528,0,0,0.754894,0.292949,0,0.66528,12.849,1,0.76987,0.36288,0,26.1379,5.80018,19.9307,0.84672,12.849,0.84672,3695.15,0,0.0036966,0.0018483,1.12957,2.09817,7.20446,1.34134,9.08901,0.42336,0.0018483,0.21168,0.0018483,0.21168,460.486,0,1.02816,0,0,2.15773,1.12957,1.028160,1,0,29.0197,0,0,0,29.0197,0
44.7767,2.82939,0,0,2.18375,0.113841,0.36288,3.6288,58.0723,0.66528,0,0,0.928385,0.285804,0,0.66528,12.849,1,0.79206,0.36288,0,34.6829,5.74497,28.5088,0.84672,12.849,0.84672,3695.15,0,0.0036966,0.0018483,1.82836,2.00959,8.85496,1.32237,11.3687,0.42336,0.0018483,0.21168,0.0018483,0.21168,460.486,0,1.02816,0,0,2.85652,1.82836,1.028160,1,0,39.8775,0,0,0,39.8775,0
44.2379,2.81403,0,0,2.75054,0.112414,0.36288,3.6288,58.5132,0.66528,0,0,1.39188,0.285763,0,0.66528,12.849,1,0.807507,0.36288,0,70.5915,5.74497,64.4019,0.84672,12.849,0.84672,3695.15,0,0.0036966,0.0018483,3.25772,2.00964,12.2314,1.32237,16.1745,0.42336,0.0018483,0.21168,0.0018483,0.21168,460.486,0,1.02816,0,0,4.28588,3.25772,1.028160,1,0,80.5764,0,0,0,80.5764,0
43.4724,2.80649,0,0,2.57085,0.166991,0.36288,3.6288,58.5256,0.66528,0,0,0.942019,0.264291,0,0.66528,12.849,1,0.815149,0.36288,0,55.5098,5.69295,49.3646,0.84672,12.849,0.84672,3695.15,0,0.0036966,0.0018483,1.8296,2.00969,7.3726,1.34572,9.86432,0.42336,0.0018483,0.21168,0.0018483,0.21168,460.486,0,1.02816,0,0,2.85776,1.8296,1.028160,1,0,59.2289,0,0,0,59.2289,0
41.5205,2.72326,0,0,1.28471,0.150496,0.36288,3.6288,58.3698,0.615391,0,0,0.691532,0.231956,0,0.66528,12.849,1,0.804906,0.36288,0,23.2737,4.51663,18.315,0.84672,12.849,0.84672,3695.15,0,0.0036966,1.94347e-05,0.54311,2.00975,5.8189,1.05734,7.3144,0.42336,0.0018483,0.21168,0.0018483,0.21168,460.486,0,1.02816,0,0,1.57127,0.54311,1.028160,1,0,25.6294,0,0,0,25.6294,0
39.9099,2.69443,0,0,1.65792,0.211172,0.36288,3.6288,58.1337,0.640014,0,0,0.617359,0.213443,0,0.66528,12.849,1,0.833823,0.36288,0,29.4007,4.17854,24.7512,0.84672,12.849,0.84672,3695.15,0,0.0036966,2.02663e-05,0.216518,1.93102,6.40421,1.08379,7.46794,0.42336,0.0018483,0.21168,0.0018483,0.21168,460.486,0,1.00358,0,0,1.2201,0.216518,1.028160,1,0,32.2192,0,0,0,32.2192,0
37.9775,2.68162,0,0,1.3333,0.22124,0.36288,3.6288,57.6153,0.775087,0,0,0.467793,0.211116,0,0.66528,12.849,1,0.84672,0.36288,0,22.9083,4.19801,18.2264,0.84672,12.849,0.84672,3695.15,0,0.0036966,2.46431e-05,0.216518,1.93107,5.50368,1.1086,6.54265,0.42336,0.0018483,0.21168,0.0018483,0.21168,460.486,0,0.868545,0,0,1.08506,0.216518,1.028160,1,0,24.7691,0,0,0,24.7691,0
37.2078,2.68171,0,0,2.49124,0.216333,0.36288,3.6288,58.0657,0.615519,0,0,1.27631,0.21041,0,0.66528,12.849,1,0.84672,0.36288,0,45.6399,4.19801,40.958,0.84672,12.849,0.84672,3695.15,0,0.0036966,1.97459e-05,2.29552,1.93112,12.1419,1.1086,15.2599,0.42336,0.0018483,0.21168,0.0018483,0.21168,460.486,0,1.02816,0,0,3.32368,2.29552,1.028160,1,0,56.2179,0,0,0,56.2179,0
37.8142,2.55991,0,0,3.75173,0.222576,0.36288,3.6288,59.4783,0.515646,0,0,2.14347,0.215192,0,0.66528,12.849,1,0.84672,0.36288,0,84.0911,4.28211,79.3252,0.84672,12.849,0.84672,3695.15,0,0.0036966,1.64136e-05,2.58288,1.93117,15.7794,1.09318,19.2003,0.42336,0.0018483,0.21168,0.0018483,0.21168,460.486,0,1.02816,0,0,3.61104,2.58288,1.028160,1,0,98.5254,0,0,0,98.5254,0
35.439,2.56,0,0,0.782879,0.235171,0.36288,3.6288,59.5663,0.515687,0,0,0.826425,0.222762,0,0.66528,12.849,1,0.84672,0.36288,0,41.8886,4.39425,37.0105,0.84672,12.849,0.84672,3695.15,0,0.0036966,1.60251e-05,1.21257,1.83118,8.89877,1.07262,10.8699,0.42336,0.0018483,0.21168,0.0018483,0.21168,460.486,0,1.02816,0,0,2.24073,1.21257,1.028160,1,0,47.8804,0,0,0,47.8804,0
33.2625,2.56008,0,0,0.975084,0.228619,0.36288,3.6288,59.7569,0.515727,0,0,0.929232,0.222888,0,0.66528,12.849,1,0.84672,0.36288,0,48.3246,4.39425,43.4465,0.84672,12.849,0.84672,3695.15,0,0.0036966,1.60027e-05,1.44633,1.83123,9.48629,1.07262,11.6912,0.42336,0.0018483,0.21168,0.0018483,0.21168,460.486,0,1.02816,0,0,2.47449,1.44633,1.028160,1,0,55.1377,0,0,0,55.1377,0
32.4999,2.56016,0,0,2.383,0.222615,0.36288,3.6288,60.2665,0.515767,0,0,1.24853,0.223159,0,0.66528,12.849,1,0.84672,0.36288,0,43.6526,4.39425,38.7746,0.84672,12.849,0.84672,3695.15,0,0.0036966,1.59528e-05,1.96325,1.83128,12.3563,1.07262,15.0782,0.42336,0.0018483,0.21168,0.0018483,0.21168,460.486,0,1.02816,0,0,2.99141,1.96325,1.028160,1,0,53.8528,0,0,0,53.8528,0
32.8953,2.56025,0,0,3.5253,0.206759,0.36288,3.6288,61.0027,0.515808,0,0,1.48424,0.232239,0,0.66528,12.849,1,0.84672,0.36288,0,55.9822,4.84617,50.6522,0.84672,12.849,0.84672,3695.15,0,0.0036966,1.58192e-05,2.2613,1.83133,13.0025,1.45754,15.6376,0.42336,0.0018483,0.21168,0.0018483,0.21168,460.486,0,1.02816,0,0,3.28946,2.2613,1.028160,1,0,66.2898,0,0,0,66.2898,0
32.1284,2.66706,0,0,2.49366,0.230598,0.36288,3.6288,61.2781,0.565764,0,0,1.09013,0.248968,0,0.66528,12.849,1,0.84672,0.36288,0,35.3746,4.59491,30.2958,0.84672,12.849,0.84672,3695.15,0,0.0036966,1.71419e-05,1.28104,1.83137,7.50012,1.22709,9.38543,0.42336,0.0018483,0.21168,0.0018483,0.21168,460.486,0,1.02816,0,0,2.3092,1.28104,1.028160,1,0,39.6813,0,0,0,39.6813,0
30.712,2.66711,0,0,1.84195,0.228397,0.36288,3.6288,61.308,0.565792,0,0,0.879327,0.249403,0.0342174,0.66528,12.849,1,0.84672,0.36288,0,31.7849,4.59491,26.7062,0.84672,12.849,0.84672,3695.15,0,0.0036966,1.70657e-05,0.979517,1.88999,5.94318,1.22709,7.58558,0.42336,0.0018483,0.21168,0.0018483,0.21168,460.486,0,1.02816,0,0,2.00768,0.979517,1.028160,1,0,34.326,0,0,0,34.326,0
29.1877,2.66717,0,0,1.73005,0.224292,0.36288,3.6288,61.301,0.565821,0,0,0.808315,0.24945,0,0.66528,12.849,1,0.84672,0.36288,0,29.6278,4.59491,24.549,0.84672,12.849,0.84672,3695.15,0,0.0036966,1.70582e-05,0.880701,1.89002,5.38281,1.22709,6.92643,0.42336,0.0018483,0.21168,0.0018483,0.21168,460.486,0,1.02816,0,0,1.90886,0.880701,1.028160,1,0,31.4755,0,0,0,31.4755,0
27.9004,2.66722,0,0,1.93618,0.193314,0.36288,3.6288,61.308,0.565849,0,0,1.56721,0.232413,0.761993,0.66528,12.849,1,0.84672,0.36288,0,32.1383,4.4836,27.1708,0.84672,12.849,0.84672,3695.15,0,0.0036966,1.7061e-05,1.42531,1.89006,7.84979,1.03516,10.13,0.42336,0.0018483,0.21168,0.0018483,0.21168,460.486,0,1.02816,0,0,2.45347,1.42531,1.028160,1,0,38.0628,0,0,0,38.0628,0
26.6059,2.84717,0,0,2.11294,0.19737,0.36288,3.6288,61.308,0.66528,0,0,1.2961,0.22887,0.401954,0.66528,12.849,1,0.84672,0.36288,0,45.6604,4.123,41.0536,0.84672,12.849,0.84672,3695.15,0,0.0036966,0.0018483,1.30639,1.89009,7.29454,1.0872,9.40197,0.42336,0.0018483,0.21168,0.0018483,0.21168,460.486,0,1.02816,0,0,2.33455,1.30639,1.028160,1,0,50.8575,0,0,0,50.8575,0
27.2163,2.84722,0,0,4.01973,0.199318,0.36288,3.6288,61.308,0.66528,0,0,1.80142,0.226205,0.909937,0.66528,12.849,1,0.84672,0.36288,0,76.1875,3.85255,71.8511,0.84672,12.849,0.84672,3695.15,0,0.0036966,0.0018483,2.18164,2.01052,9.77324,1.12623,12.8373,0.42336,0.0018483,0.21168,0.0018483,0.21168,460.486,0,1.02816,0,0,3.2098,2.18164,1.028160,1,0,85.5984,0,0,0,85.5984,0
26.9545,2.84729,0,0,3.14948,0.201025,0.36288,3.6288,61.308,0.66528,0,0,1.30238,0.226205,0.4109,0.66528,12.849,1,0.84672,0.36288,0,61.5361,3.85255,57.1997,0.84672,12.849,0.84672,3695.15,0,0.0036966,0.0018483,1.76647,2.01056,7.33434,1.12623,9.98329,0.42336,0.0018483,0.21168,0.0018483,0.21168,460.486,0,1.02816,0,0,2.79463,1.76647,1.028160,1,0,67.5939,0,0,0,67.5939,0
25.8132,2.84735,0,0,2.26918,0.200293,0.36288,3.6288,61.169,0.66528,0,0,0.752517,0.226205,0,0.66528,12.849,1,0.84672,0.36288,0,44.3183,3.85255,39.9819,0.84672,12.849,0.84672,3695.15,0,0.0036966,0.0018483,0.805162,2.01059,5.99067,1.12623,7.67835,0.42336,0.0018483,0.21168,0.0018483,0.21168,460.486,0,1.02816,0,0,1.83332,0.805162,1.028160,1,0,47.6602,0,0,0,47.6602,0
28.0807,2.52138,0,0,5.35035,0.198577,0.36288,3.6288,61.308,0.501885,0,0,4.83749,0.207677,3.98896,0.66528,12.849,1,0.84672,0.36288,0,86.5203,3.54184,82.4946,0.84672,12.849,0.84672,3695.15,0,0.0036966,1.51651e-05,4.26352,2.01063,13.529,1.03094,18.7722,0.42336,0.0018483,0.21168,0.0018483,0.21168,460.486,0,1.02816,0,0,5.29168,4.26352,1.028160,1,0,105.256,0,0,0,105.256,0
31.7858,2.51717,0,0,6.81884,0.233739,0.36288,3.6288,61.308,0.506204,0,0,6.65507,0.181552,5.96732,0.66528,12.849,1,0.84672,0.36288,0,119.883,3.2277,116.171,0.84672,12.849,0.84672,3695.15,0,0.0036966,1.52609e-05,4.48617,1.81334,14.2515,0.873032,19.678,0.42336,0.0018483,0.21168,0.0018483,0.21168,460.486,0,1.02816,0,0,5.51433,4.48617,1.028160,1,0,141.816,0,0,0,141.816,0
33.4443,2.51727,0,0,4.78422,0.245566,0.36288,3.6288,61.308,0.506204,0,0,5.04261,0.181552,4.35486,0.66528,12.849,1,0.84672,0.36288,0,116.731,3.2277,113.019,0.84672,12.849,0.84672,3695.15,0,0.0036966,1.52609e-05,3.74387,1.81588,12.8705,0.873032,17.5572,0.42336,0.0018483,0.21168,0.0018483,0.21168,460.486,0,1.02816,0,0,4.77203,3.74387,1.028160,1,0,134.931,0,0,0,134.931,0
35.2349,2.51737,0,0,4.88322,0.212346,0.36288,3.6288,61.308,0.506204,0,0,3.83283,0.15147,3.17516,0.66528,12.849,1,0.84672,0.36288,0,101.564,2.79172,98.2885,0.84672,12.849,0.84672,3695.15,0,0.0036966,1.52609e-05,2.90256,1.8159,11.7263,0.810404,15.6343,0.42336,0.0018483,0.21168,0.0018483,0.21168,460.486,0,1.02816,0,0,3.93072,2.90256,1.028160,1,0,117.098,0,0,0,117.098,0
36.7283,2.51746,0,0,4.58367,0.209906,0.36288,3.6288,61.308,0.506204,0,0,4.48496,0.141865,3.83689,0.66528,12.849,1,0.84672,0.36288,0,106.44,2.65932,103.297,0.84672,12.849,0.84672,3695.15,0,0.0036966,1.52609e-05,3.53017,1.81592,11.4794,0.782633,16.0428,0.42336,0.0018483,0.21168,0.0018483,0.21168,460.486,0,1.02816,0,0,4.55833,3.53017,1.028160,1,0,123.177,0,0,0,123.177,0
36.5196,2.64063,0,0,3.06073,0.265878,0.36288,3.6288,61.308,0.567745,0,0,2.27703,0.156427,1.55286,0.66528,12.849,1,0.84672,0.36288,0,54.4026,2.91123,51.0076,0.84672,12.849,0.84672,3695.15,0,0.0036966,1.71163e-05,1.51191,1.81593,7.04471,0.766307,9.60623,0.42336,0.0018483,0.21168,0.0018483,0.21168,460.486,0,1.02816,0,0,2.54007,1.51191,1.028160,1,0,62.1666,0,0,0,62.1666,0
37.0435,2.64487,0,0,3.7968,0.265219,0.36288,3.6288,61.308,0.563589,0,0,4.65029,0.156427,3.93027,0.66528,12.849,1,0.84672,0.36288,0,91.812,2.91123,88.4169,0.84672,12.849,0.84672,3695.15,0,0.0036966,1.6991e-05,4.88311,1.88656,12.8099,0.766307,18.8133,0.42336,0.0018483,0.21168,0.0018483,0.21168,460.486,0,1.02816,0,0,5.91127,4.88311,1.028160,1,0,111.16,0,0,0,111.16,0
36.8482,2.64493,0,0,3.05254,0.240001,0.36288,3.6288,61.308,0.563617,0,0,3.11519,0.176445,2.37512,0.66528,12.849,1,0.84672,0.36288,0,61.3824,3.28005,57.6185,0.84672,12.849,0.84672,3695.15,0,0.0036966,1.69918e-05,2.56548,1.88415,8.53572,0.834613,12.1507,0.42336,0.0018483,0.21168,0.0018483,0.21168,460.486,0,1.02816,0,0,3.59364,2.56548,1.028160,1,0,72.1443,0,0,0,72.1443,0
36.1196,2.645,0,0,2.496,0.216701,0.36288,3.6288,61.308,0.563646,0,0,2.49951,0.155097,1.78077,0.66528,12.849,1,0.84672,0.36288,0,40.967,3.39801,37.0851,0.84672,12.849,0.84672,3695.15,0,0.0036966,1.69927e-05,1.6328,1.88418,6.818,0.716691,9.61827,0.42336,0.0018483,0.21168,0.0018483,0.21168,460.486,0,1.02816,0,0,2.66096,1.6328,1.028160,1,0,48.4842,0,0,0,48.4842,0
35.1893,2.59693,0,0,2.24865,0.219156,0.36288,3.6288,61.308,0.53977,0,0,1.33813,0.14252,0.655839,0.66528,12.849,1,0.84672,0.36288,0,43.7206,3.6669,39.5698,0.84672,12.849,0.84672,3695.15,0,0.0036966,1.62729e-05,1.70385,1.88421,5.40638,0.965119,8.02932,0.42336,0.0018483,0.21168,0.0018483,0.21168,460.486,0,1.02816,0,0,2.73201,1.70385,1.028160,1,0,48.255,0,0,0,48.255,0
34.0996,2.59699,0,0,2.0382,0.167993,0.36288,3.6288,61.308,0.539798,0,0,0.957312,0.176324,0.24119,0.66528,12.849,1,0.84672,0.36288,0,40.6685,4.02493,36.1597,0.84672,12.849,0.84672,3695.15,0,0.0036966,1.62737e-05,1.5138,1.85676,4.87227,1.03767,7.20514,0.42336,0.0018483,0.21168,0.0018483,0.21168,460.486,0,1.02816,0,0,2.54196,1.5138,1.028160,1,0,43.606,0,0,0,43.606,0
32.9723,2.59704,0,0,1.97919,0.1466,0.36288,3.6288,61.308,0.539825,0,0,1.03499,0.189404,0.305765,0.66528,12.849,1,0.84672,0.36288,0,39.2248,4.14026,34.6007,0.84672,12.849,0.84672,3695.15,0,0.0036966,1.62745e-05,1.69703,1.85679,5.39196,1.04456,7.90121,0.42336,0.0018483,0.21168,0.0018483,0.21168,460.486,0,1.02816,0,0,2.72519,1.69703,1.028160,1,0,42.8077,0,0,0,42.8077,0
31.7084,2.5971,0,0,1.84065,0.144573,0.36288,3.6288,61.308,0.539853,0,0,0.957675,0.189404,0.228418,0.66528,12.849,1,0.84672,0.36288,0,35.8793,4.14026,31.2552,0.84672,12.849,0.84672,3695.15,0,0.0036966,1.62754e-05,1.43981,1.85683,4.97861,1.04456,7.23068,0.42336,0.0018483,0.21168,0.0018483,0.21168,460.486,0,1.02816,0,0,2.46797,1.43981,1.028160,1,0,38.7143,0,0,0,38.7143,0
30.2336,2.76052,0,0,1.79573,0.147175,0.36288,3.6288,61.308,0.624656,0,0,0.894914,0.206112,0.0641462,0.66528,12.849,1,0.84672,0.36288,0,33.995,4.14034,29.3708,0.84672,12.849,0.84672,3695.15,0,0.0036966,1.8832e-05,1.14753,1.85686,4.45793,1.0504,6.4119,0.42336,0.0018483,0.21168,0.0018483,0.21168,460.486,0,1.02816,0,0,2.17569,1.14753,1.028160,1,0,35.8469,0,0,0,35.8469,0
28.4681,2.76057,0,0,1.47408,0.116113,0.36288,3.6288,61.0979,0.624685,0,0,0.655491,0.240886,0,0.66528,12.849,1,0.84672,0.36288,0,26.1865,4.51973,21.1829,0.84672,12.849,0.84672,3695.15,0,0.0036966,1.88329e-05,0.910051,1.95301,3.78553,0.987989,5.66058,0.42336,0.0018483,0.21168,0.0018483,0.21168,460.486,0,1.02816,0,0,1.93821,0.910051,1.028160,1,0,26.8435,0,0,0,26.8435,0
26.662,2.76063,0,0,1.43081,0.113375,0.36288,3.6288,60.9288,0.624714,0,0,0.696125,0.240566,0,0.66528,12.849,1,0.84672,0.36288,0,24.9596,4.51973,19.956,0.84672,12.849,0.84672,3695.15,0,0.0036966,1.88985e-05,0.887829,1.95304,4.02702,0.987989,5.87988,0.42336,0.0018483,0.21168,0.0018483,0.21168,460.486,0,1.02816,0,0,1.91599,0.887829,1.028160,1,0,25.8359,0,0,0,25.8359,0
24.7853,2.76068,0,0,1.3574,0.110575,0.36288,3.6288,60.7402,0.624743,0,0,0.676443,0.240308,0,0.66528,12.849,1,0.84672,0.36288,0,23.4427,4.51973,18.4391,0.84672,12.849,0.84672,3695.15,0,0.0036966,1.89518e-05,0.806276,1.95308,3.7232,0.987989,5.49454,0.42336,0.0018483,0.21168,0.0018483,0.21168,460.486,0,1.02816,0,0,1.83444,0.806276,1.028160,1,0,23.9336,0,0,0,23.9336,0
22.8273,2.76073,0,0,1.26846,0.102847,0.36288,3.6288,60.5083,0.624772,0,0,0.637891,0.244956,0,0.66528,12.849,1,0.84672,0.36288,0,22.0281,4.59492,16.9494,0.84672,12.849,0.84672,3695.15,0,0.0036966,1.90116e-05,0.655353,1.95311,3.56249,1.01271,5.15822,0.42336,0.0018483,0.21168,0.0018483,0.21168,460.486,0,1.02816,0,0,1.68351,0.655353,1.028160,1,0,22.1076,0,0,0,22.1076,0
20.861,2.72847,0,0,1.19693,0.0719048,0.36288,3.6288,60.213,0.66528,0,0,0.644129,0.274162,0,0.66528,12.849,1,0.84672,0.36288,0,22.6292,5.04609,17.0993,0.84672,12.849,0.84672,3695.15,0,0.0036966,0.0018483,0.556813,1.95314,3.29035,1.16104,4.63743,0.42336,0.0018483,0.21168,0.0018483,0.21168,460.486,0,1.02816,0,0,1.58497,0.556813,1.028160,1,0,21.7367,0,0,0,21.7367,0
18.7838,2.72851,0,0,1.08426,0.0700153,0.36288,3.6288,59.8896,0.66528,0,0,0.615501,0.273647,0,0.66528,12.849,1,0.84672,0.36288,0,22.2388,5.04609,16.7089,0.84672,12.849,0.84672,3695.15,0,0.0036966,0.0018483,0.478043,1.98313,3.10842,1.16104,4.40671,0.42336,0.0018483,0.21168,0.0018483,0.21168,460.486,0,1.02816,0,0,1.5062,0.478043,1.028160,1,0,21.1156,0,0,0,21.1156,0
16.6142,2.72854,0,0,0.987215,0.0653796,0.36288,3.6288,59.5224,0.66528,0,0,0.582096,0.283955,0,0.66528,12.849,1,0.84672,0.36288,0,19.5768,5.18724,13.9057,0.84672,12.849,0.84672,3695.15,0,0.0036966,0.0018483,0.334178,1.98316,3.01696,1.21256,4.11989,0.42336,0.0018483,0.21168,0.0018483,0.21168,460.486,0,1.02816,0,0,1.36234,0.334178,1.028160,1,0,18.0256,0,0,0,18.0256,0
14.412,2.72857,0,0,0.937259,0.0480231,0.36288,3.6288,59.0541,0.66528,0,0,0.545277,0.348361,0,0.66528,12.849,1,0.84672,0.36288,0,17.6567,6.03414,11.1387,0.84672,12.849,0.84672,3695.15,0,0.0036966,0.0018483,0.35284,1.9832,2.8769,1.52169,3.68939,0.42336,0.0018483,0.21168,0.0018483,0.21168,460.486,0,1.02816,0,0,1.381,0.35284,1.028160,1,0,14.8281,0,0,0,14.8281,0
12.2203,2.65754,0,0,0.877141,0.0484603,0.36288,3.6288,58.6222,0.667762,0,0,0.560092,0.324238,0,0.66528,12.849,1,0.84672,0.36288,0,16.0491,5.79617,9.76905,0.84672,12.849,0.84672,3695.15,0,0.0036966,2.08999e-05,0.261274,1.98323,2.8283,1.47529,3.5975,0.42336,0.0018483,0.21168,0.0018483,0.21168,460.486,0,0.999924,0,0,1.2612,0.261274,1.028160,1,0,13.3666,0,0,0,13.3666,0
10.0748,2.65754,0,0,0.922121,0.0471412,0.36288,3.6288,58.2634,0.639556,0,0,0.59487,0.314134,0,0.66528,12.849,1,0.84672,0.36288,0,21.9302,5.70098,15.7454,0.84672,12.849,0.84672,3695.15,0,0.0036966,2.01646e-05,0.406616,1.94523,3.17099,1.45673,4.06609,0.42336,0.0018483,0.21168,0.0018483,0.21168,460.486,0,1.02816,0,0,1.43478,0.406616,1.028160,1,0,19.8115,0,0,0,19.8115,0
7.86958,2.65751,0,0,0.860017,0.0448774,0.36288,3.6288,57.8373,0.639586,0,0,0.526897,0.313409,0,0.66528,12.849,1,0.84672,0.36288,0,17.349,5.70098,11.1642,0.84672,12.849,0.84672,3695.15,0,0.0036966,2.02897e-05,0.388135,1.94527,2.89438,1.45673,3.77104,0.42336,0.0018483,0.21168,0.0018483,0.21168,460.486,0,1.02816,0,0,1.41629,0.388135,1.028160,1,0,14.9353,0,0,0,14.9353,0
5.58944,2.65744,0,0,0.782266,0.0420914,0.36288,3.6288,57.3191,0.700525,0,0,0.494921,0.312548,0,0.66528,12.849,1,0.84672,0.36288,0,15.9528,5.70098,9.76799,0.84672,12.849,0.84672,3695.15,0,0.0036966,2.23866e-05,0.227405,1.9453,2.64898,1.45673,3.36494,0.42336,0.0018483,0.21168,0.0018483,0.21168,460.486,0,0.967248,0,0,1.19465,0.227405,1.028160,1,0,13.1329,0,0,0,13.1329,0
3.19911,2.89124,0,0,0.895752,0.0319521,0.36288,3.6288,56.9653,0.66528,0,0,0.640717,0.32926,0,0.66528,12.849,1,0.84672,0.36288,0,17.9447,5.83007,11.6308,0.84672,12.849,0.84672,3695.15,0,0.0036966,0.0018483,0.452667,1.94534,3.62392,1.46522,4.55485,0.42336,0.0018483,0.21168,0.0018483,0.21168,460.486,0,1.02816,0,0,1.48083,0.452667,1.028160,1,0,16.1856,0,0,0,16.1856,0
0.808343,2.89059,0,0,0.895545,0.0328409,0.36288,3.6288,56.6802,0.66528,0,0,0.707011,0.326817,0,0.66528,12.849,1,0.84672,0.36288,0,20.324,5.62347,14.2166,0.84672,12.849,0.84672,3695.15,0,0.0036966,0.0018483,0.233522,2.10017,3.47868,1.41326,4.39727,0.42336,0.0018483,0.21168,0.0018483,0.21168,460.486,0,1.02816,0,0,1.26168,0.233522,1.028160,1,0,18.6139,0,0,0,18.6139,0
0.447345,0.808343,0,0,0.838408,0.0281831,0.36288,3.6288,56.3819,0.66528,0,0,0.695719,0.328725,0,0.66528,12.849,1,0.84672,0.36288,0,20.482,5.69824,14.2999,0.84672,12.849,0.84672,3695.15,0,0.0036966,0.0018483,0.635852,2.10021,3.30765,1.4282,4.61367,0.42336,0.0018483,0.21168,0.0018483,0.21168,460.486,0,1.02816,0,0,1.66401,0.635852,1.028160,1,0,18.9136,0,0,0,18.9136,0
0.414352,0.447345,0,0,0.804989,0.027757,0.36288,3.6288,56.0742,0.66528,0,0,0.685696,0.328087,0,0.66528,12.849,1,0.84672,0.36288,0,19.3171,5.69824,13.135,0.84672,12.849,0.84672,3695.15,0,0.0036966,0.0018483,0.605932,2.10025,3.26034,1.4282,4.53647,0.42336,0.0018483,0.21168,0.0018483,0.21168,460.486,0,1.02816,0,0,1.63409,0.605932,1.028160,1,0,17.6714,0,0,0,17.6714,0
0.418529,0.414352,0,0,0.809127,0.0277181,0.36288,3.6288,55.7362,0.66528,0,0,0.654705,0.327428,0,0.66528,12.849,1,0.84672,0.36288,0,18.6533,5.69824,12.4712,0.84672,12.849,0.84672,3695.15,0,0.0036966,0.0018483,0.580357,2.10029,3.32543,1.4282,4.57603,0.42336,0.0018483,0.21168,0.0018483,0.21168,460.486,0,1.02816,0,0,1.60852,0.580357,1.028160,1,0,17.0473,0,0,0,17.0473,0
0.211739,0.418529,0,0,0.596067,0.0214476,0.36288,3.6288,55.2653,0.66528,0,0,0.535763,0.341395,0,0.66528,12.849,1,0.84672,0.36288,0,15.3893,6.0395,8.86597,0.84672,12.849,0.84672,3695.15,0,0.0036966,0.0018483,0.33785,2.10032,2.28633,1.42268,3.29997,0.42336,0.0018483,0.21168,0.0018483,0.21168,460.486,0,1.02816,0,0,1.36601,0.33785,1.028160,1,0,12.1659,0,0,0,12.1659,0
0.0732007,0.211739,0,0,0.457339,0.0212587,0.36288,3.6288,54.5149,0.780097,0,0,0.369971,0.340342,0,0.66528,12.849,1,0.84672,0.36288,0,11.5665,6.0395,5.04321,0.84672,12.849,0.84672,3695.15,0,0.0036966,0.0018483,0.204422,2.01164,2.25242,1.42268,3.04395,0.42336,0.0018483,0.21168,0.0018483,0.21168,460.486,0,0.913343,0,0,1.11777,0.204422,1.028160,1,0,8.08716,0,0,0,8.08716,0
0.167702,0.0732007,0,0,0.562735,0.032153,0.36288,3.6288,53.742,0.812238,0,0,0.354853,0.31545,0,0.66528,12.849,1,0.84672,0.36288,0,10.0865,5.76537,3.8373,0.84672,12.849,0.84672,3695.15,0,0.0036966,0.0018483,0.216518,2.01167,2.5989,1.22024,3.60501,0.42336,0.0018483,0.21168,0.0018483,0.21168,460.486,0,0.881202,0,0,1.09772,0.216518,1.028160,1,0,7.44231,0,0,0,7.44231,0
1.8098,0.167702,0,0,2.2001,0.0274166,0.36288,3.6288,53.5668,0.66528,0,0,0.791524,0.301469,0,0.66528,12.849,1,0.84672,0.36288,0,20.9487,5.89502,14.5699,0.84672,12.849,0.84672,3695.15,0,0.0036966,0.0018483,1.17236,2.01171,6.93971,1.1271,8.99483,0.42336,0.0018483,0.21168,0.0018483,0.21168,460.486,0,1.02816,0,0,2.20052,1.17236,1.028160,1,0,23.5647,0,0,0,23.5647,0
2.07826,1.8098,0,0,2.51339,0.0722568,0.36288,3.6288,54.0279,0.617009,0,0,1.32667,0.248539,0,0.66528,12.849,1,0.84672,0.36288,0,42.8444,4.89781,37.4627,0.84672,12.849,0.84672,3695.15,0,0.0036966,2.12897e-05,1.28141,2.01174,10.6034,1.08424,12.8122,0.42336,0.0018483,0.21168,0.0018483,0.21168,460.486,0,1.02816,0,0,2.30957,1.28141,1.028160,1,0,50.275,0,0,0,50.275,0
3.35708,2.07826,0,0,3.80923,0.0892741,0.36288,3.6288,54.3307,0.617039,0,0,1.17757,0.257789,0,0.66528,12.849,1,0.84672,0.36288,0,46.8622,4.69675,41.6816,0.84672,12.849,0.84672,3695.15,0,0.0036966,2.11089e-05,1.05106,1.93293,5.79099,1.22228,7.55267,0.42336,0.0018483,0.21168,0.0018483,0.21168,460.486,0,1.02816,0,0,2.07922,1.05106,1.028160,1,0,49.2343,0,0,0,49.2343,0
1.84208,2.68369,0,0,1.62539,0.0938141,0.36288,3.6288,54.1864,0.617068,0,0,0.731079,0.258306,0,0.66528,12.849,1,0.84672,0.36288,0,21.0223,4.69675,15.8417,0.84672,12.849,0.84672,3695.15,0,0.0036966,2.09923e-05,0.363018,1.93296,3.87336,1.22228,4.94704,0.42336,0.0018483,0.21168,0.0018483,0.21168,460.486,0,1.02816,0,0,1.39118,0.363018,1.028160,1,0,20.7888,0,0,0,20.7888,0
1.7637,1.84208,0,0,2.21502,0.0884356,0.36288,3.6288,54.2697,0.617097,0,0,0.958496,0.25806,0,0.66528,12.849,1,0.84672,0.36288,0,32.5577,4.69675,27.3771,0.84672,12.849,0.84672,3695.15,0,0.0036966,2.10492e-05,0.720092,1.93299,7.68191,1.22228,9.1127,0.42336,0.0018483,0.21168,0.0018483,0.21168,460.486,0,1.02816,0,0,1.74825,0.720092,1.028160,1,0,36.4898,0,0,0,36.4898,0
2.49023,1.7637,0,0,2.95632,0.103209,0.36288,3.6288,54.6205,0.517115,0,0,1.09191,0.224031,0,0.66528,12.849,1,0.84672,0.36288,0,45.1629,4.22849,40.4506,0.84672,12.849,0.84672,3695.15,0,0.0036966,1.76117e-05,1.08409,1.93303,7.03713,1.08994,8.96429,0.42336,0.0018483,0.21168,0.0018483,0.21168,460.486,0,1.02816,0,0,2.11225,1.08409,1.028160,1,0,49.4149,0,0,0,49.4149,0
3.04017,2.49023,0,0,3.5168,0.113751,0.36288,3.6288,55.0166,0.517143,0,0,1.07652,0.163284,0,0.66528,12.849,1,0.84672,0.36288,0,52.0396,3.80845,47.7473,0.84672,12.849,0.84672,3695.15,0,0.0036966,1.74996e-05,1.30059,1.83293,7.99131,0.868114,10.2567,0.42336,0.0018483,0.21168,0.0018483,0.21168,460.486,0,1.02816,0,0,2.32875,1.30059,1.028160,1,0,58.004,0,0,0,58.004,0
3.72501,2.56185,0,0,3.72577,0.116198,0.36288,3.6288,55.6743,0.51717,0,0,1.33858,0.163711,0,0.66528,12.849,1,0.84672,0.36288,0,77.462,3.80845,73.1697,0.84672,12.849,0.84672,3695.15,0,0.0036966,1.73745e-05,1.43965,1.83296,8.57883,0.868114,10.9833,0.42336,0.0018483,0.21168,0.0018483,0.21168,460.486,0,1.02816,0,0,2.46781,1.43965,1.028160,1,0,84.153,0,0,0,84.153,0
5.81322,2.56219,0,0,5.13253,0.119246,0.36288,3.6288,56.9278,0.517198,0,0,1.93514,0.16442,0,0.66528,12.849,1,0.84672,0.36288,0,103.335,3.80845,99.043,0.84672,12.849,0.84672,3695.15,0,0.0036966,1.71702e-05,2.24572,1.83299,12.4882,0.868114,15.6987,0.42336,0.0018483,0.21168,0.0018483,0.21168,460.486,0,1.02816,0,0,3.27388,2.24572,1.028160,1,0,114.742,0,0,0,114.742,0
8.26246,2.56271,0,0,5.48119,0.106364,0.36288,3.6288,58.8854,0.517225,0,0,2.7018,0.22693,0,0.66528,12.849,1,0.84672,0.36288,0,139.838,4.90035,134.453,0.84672,12.849,0.84672,3695.15,0,0.0036966,1.6793e-05,3.24079,1.83303,16.3128,1.31188,20.0748,0.42336,0.0018483,0.21168,0.0018483,0.21168,460.486,0,1.02816,0,0,4.26895,3.24079,1.028160,1,0,154.528,0,0,0,154.528,0
9.47084,2.56295,0,0,4.24165,0.107444,0.36288,3.6288,60.0718,0.517226,0,0,1.88708,0.18346,0,0.66528,12.849,1,0.84672,0.36288,0,74.8473,4.02006,70.3434,0.84672,12.849,0.84672,3695.15,0,0.0036966,1.62347e-05,1.18353,1.83306,10.4142,0.948487,12.4823,0.42336,0.0018483,0.21168,0.0018483,0.21168,460.486,0,1.02816,0,0,2.21169,1.18353,1.028160,1,0,82.8257,0,0,0,82.8257,0
14.1813,2.66988,0,0,7.85333,0.11007,0.36288,3.6288,61.308,0.567215,0,0,3.07822,0.177072,1.09775,0.66528,12.849,1,0.84672,0.36288,0,142.035,3.87335,137.677,0.84672,12.849,0.84672,3695.15,0,0.0036966,1.74522e-05,2.30609,1.83306,14.8892,0.887921,18.1404,0.42336,0.0018483,0.21168,0.0018483,0.21168,460.486,0,1.02816,0,0,3.33425,2.30609,1.028160,1,0,156.916,0,0,0,156.916,0
18.8295,2.67009,0,0,7.81921,0.138055,0.36288,3.6288,61.308,0.567231,0,0,2.79683,0.192903,2.0367,0.66528,12.849,1,0.84672,0.36288,0,153.178,4.14771,148.546,0.84672,12.849,0.84672,3695.15,0,0.0036966,1.71007e-05,3.14994,1.89171,13.3425,0.958323,17.4258,0.42336,0.0018483,0.21168,0.0018483,0.21168,460.486,0,1.02816,0,0,4.1781,3.14994,1.028160,1,0,168.009,0,0,0,168.009,0
25.1926,2.67021,0,0,9.56794,0.171755,0.36288,3.6288,61.308,0.567246,0,0,2.7737,0.212151,1.9943,0.66528,12.849,1,0.84672,0.36288,0,267.05,4.51353,262.053,0.84672,12.849,0.84672,3695.15,0,0.0036966,1.71012e-05,3.63387,1.89173,16.0637,1.05219,20.5371,0.42336,0.0018483,0.21168,0.0018483,0.21168,460.486,0,1.02816,0,0,4.66203,3.63387,1.028160,1,0,284.584,0,0,0,284.584,0
30.0292,2.67031,0,0,8.0353,0.165498,0.36288,3.6288,61.308,0.567261,0,0,2.78729,0.210177,2.00985,0.66528,12.849,1,0.84672,0.36288,0,163.159,3.67405,159.002,0.84672,12.849,0.84672,3695.15,0,0.0036966,1.71017e-05,3.64609,1.89175,11.1205,0.897124,15.7612,0.42336,0.0018483,0.21168,0.0018483,0.21168,460.486,0,1.02816,0,0,4.67425,3.64609,1.028160,1,0,176.773,0,0,0,176.773,0
37.2881,2.85042,0,0,10.6454,0.173247,0.36288,3.6288,61.308,0.66528,0,0,2.78926,0.215992,1.90799,0.66528,12.849,1,0.84672,0.36288,0,243.475,3.60497,239.386,0.84672,12.849,0.84672,3695.15,0,0.0036966,0.0018483,4.71028,1.89176,14.1786,0.938624,19.8402,0.42336,0.0018483,0.21168,0.0018483,0.21168,460.486,0,1.02816,0,0,5.73844,4.71028,1.028160,1,0,261.135,0,0,0,261.135,0
40.2382,2.85049,0,0,6.35811,0.194669,0.36288,3.6288,61.308,0.66528,0,0,1.92707,0.2174,1.04439,0.66528,12.849,1,0.84672,0.36288,0,154.008,3.78,149.744,0.84672,12.849,0.84672,3695.15,0,0.0036966,0.0018483,2.16848,2.01229,8.2207,0.980001,11.4196,0.42336,0.0018483,0.21168,0.0018483,0.21168,460.486,0,1.02816,0,0,3.19664,2.16848,1.028160,1,0,162.208,0,0,0,162.208,0
41.418,2.85054,0,0,4.59474,0.201492,0.36288,3.6288,61.308,0.66528,0,0,1.45908,0.2174,0.5764,0.66528,12.849,1,0.84672,0.36288,0,98.9004,3.78,94.6365,0.84672,12.849,0.84672,3695.15,0,0.0036966,0.0018483,1.44298,2.01231,5.95691,0.980001,8.43035,0.42336,0.0018483,0.21168,0.0018483,0.21168,460.486,0,1.02816,0,0,2.47114,1.44298,1.028160,1,0,103.643,0,0,0,103.643,0
46.5647,2.85057,0,0,8.57152,0.211367,0.36288,3.6288,61.308,0.66528,0,0,4.26699,0.238419,3.36329,0.66528,12.849,1,0.84672,0.36288,0,231.965,4.11807,227.363,0.84672,12.849,0.84672,3695.15,0,0.0036966,0.0018483,5.69317,2.01233,14.6691,1.03667,21.3361,0.42336,0.0018483,0.21168,0.0018483,0.21168,460.486,0,1.02816,0,0,6.72133,5.69317,1.028160,1,0,252.062,0,0,0,252.062,0
51.7926,2.642,0,0,8.49969,0.266901,0.36288,3.6288,61.308,0.503177,0,0,3.46196,0.206453,2.75233,0.66528,12.849,1,0.729029,0.36288,0,227.324,3.74686,223.211,0.84672,12.849,0.84672,3695.15,0,0.0036966,1.51697e-05,4.46721,2.01234,14.7107,0.956238,20.234,0.42336,0.0018483,0.21168,0.0018483,0.21168,460.486,0,1.02816,0,0,5.49537,4.46721,1.028160,1,0,246.198,0,0,0,246.198,0
56.9147,2.69859,0,0,8.48033,0.296764,0.36288,3.6288,61.308,0.506191,0,0,2.97228,0.17837,2.28772,0.66528,12.849,1,0.66948,0.36288,0,219.249,3.3475,215.595,0.84672,12.849,0.84672,3695.15,0,0.0036966,1.52605e-05,3.73296,1.81487,13.8776,0.873602,18.5518,0.42336,0.0018483,0.21168,0.0018483,0.21168,460.486,0,1.02816,0,0,4.76112,3.73296,1.028160,1,0,236.435,0,0,0,236.435,0
62.6225,2.75022,0,0,9.13343,0.312539,0.36288,3.6288,61.308,0.503206,0,0,4.09396,0.17837,3.41238,0.66528,12.849,1,0.620886,0.36288,0,256.065,3.3475,252.459,0.84672,12.849,0.84672,3695.15,0,0.0036966,1.51705e-05,3.97654,1.81665,17.6453,0.873602,22.5649,0.42336,0.0018483,0.21168,0.0018483,0.21168,460.486,0,1.02816,0,0,5.0047,3.97654,1.028160,1,0,278.436,0,0,0,278.436,0
70.1042,2.79721,0,0,10.95,0.308235,0.36288,3.6288,61.308,0.503221,0,0,4.93511,0.166338,4.26555,0.66528,12.849,1,0.573936,0.36288,0,285.669,3.17312,282.285,0.84672,12.849,0.84672,3695.15,0,0.0036966,1.5171e-05,6.3005,1.81491,20.9604,0.848551,28.2272,0.42336,0.0018483,0.21168,0.0018483,0.21168,460.486,0,1.02816,0,0,7.32866,6.3005,1.028160,1,0,314.778,0,0,0,314.778,0
72.29,2.849,0,0,8.86732,0.344767,3.48772,3.6288,61.308,0.503235,0,0,4.74299,0.229311,4.01044,0.66528,12.849,1,0.522178,3.48772,0,263.552,3.71711,262.8,0.84672,12.849,0.84672,3695.15,0,0.0036966,1.51714e-05,5.25579,1.81492,17.8687,1.09042,23.849,0.42336,0.0018483,0.21168,0.0018483,0.21168,460.486,0,1.02816,0,0,6.28395,5.25579,1.028160,1,0,290.66,0,0,0,290.66,0
72.29,2.96703,0,0,8.29621,0.350581,4.97861,3.6288,61.308,0.56484,0,0,5.06234,0.229311,4.26819,0.66528,12.849,1,0.527367,4.97861,0,290.04,3.71711,290.775,0.84672,12.849,0.84672,3695.15,0,0.0036966,1.70287e-05,5.57273,1.81494,18.1615,1.09042,24.4588,0.42336,0.0018483,0.21168,0.0018483,0.21168,460.486,0,1.02816,0,0,6.60089,5.57273,1.028160,1,0,319.502,0,0,0,319.502,0
72.29,2.96705,0,0,6.29445,0.350581,2.97681,3.6288,61.308,0.564855,0,0,2.93274,0.229311,2.13857,0.66528,12.849,1,0.527372,2.97681,0,213.647,3.71711,212.38,0.84672,12.849,0.84672,3695.15,0,0.0036966,1.70291e-05,3.55255,1.88563,12.3747,1.09042,16.7225,0.42336,0.0018483,0.21168,0.0018483,0.21168,460.486,0,1.02816,0,0,4.58071,3.55255,1.028160,1,0,231.241,0,0,0,231.241,0
72.29,2.96708,0,0,6.05142,0.314474,2.76987,3.6288,61.308,0.56487,0,0,2.59206,0.219333,1.80786,0.66528,12.849,1,0.527376,2.76987,0,184.907,4.28767,182.862,0.84672,12.849,0.84672,3695.15,0,0.0036966,1.70296e-05,3.40297,1.88565,11.7701,1.16495,15.8937,0.42336,0.0018483,0.21168,0.0018483,0.21168,460.486,0,1.02816,0,0,4.43113,3.40297,1.028160,1,0,200.564,0,0,0,200.564,0
72.29,2.96711,0,0,6.08017,0.255425,2.85763,3.6288,61.308,0.564885,0,0,2.59711,0.225528,1.8067,0.66528,12.849,1,0.527381,2.85763,0,165.273,4.45659,163.146,0.84672,12.849,0.84672,3695.15,0,0.0036966,1.703e-05,3.27332,1.88566,11.8436,1.11716,15.8854,0.42336,0.0018483,0.21168,0.0018483,0.21168,460.486,0,1.02816,0,0,4.30148,3.27332,1.028160,1,0,180.839,0,0,0,180.839,0
72.29,2.92624,0,0,5.67261,0.255177,2.49119,3.6288,61.308,0.540978,0,0,2.47097,0.212665,1.71733,0.66528,12.849,1,0.520118,2.49119,0,152.604,4.22184,150.353,0.84672,12.849,0.84672,3695.15,0,0.0036966,1.63093e-05,2.99498,1.88568,10.8531,1.04227,14.6915,0.42336,0.0018483,0.21168,0.0018483,0.21168,460.486,0,1.02816,0,0,4.02314,2.99498,1.028160,1,0,166.762,0,0,0,166.762,0
72.29,2.92627,0,0,5.34806,0.255177,2.16662,3.6288,61.308,0.540993,0,0,2.33492,0.212665,1.58126,0.66528,12.849,1,0.520123,2.16662,0,141.445,4.22184,138.869,0.84672,12.849,0.84672,3695.15,0,0.0036966,1.63097e-05,2.82047,1.85819,10.3006,1.04227,13.937,0.42336,0.0018483,0.21168,0.0018483,0.21168,460.486,0,1.02816,0,0,3.84863,2.82047,1.028160,1,0,154.387,0,0,0,154.387,0
72.29,2.9263,0,0,5.32175,0.252254,2.14319,3.6288,61.308,0.541008,0,0,2.6733,0.229342,1.90295,0.66528,12.849,1,0.520128,2.14319,0,141.201,4.341,138.483,0.84672,12.849,0.84672,3695.15,0,0.0036966,1.63102e-05,2.95828,1.85821,10.7838,1.16429,14.4359,0.42336,0.0018483,0.21168,0.0018483,0.21168,460.486,0,1.02816,0,0,3.98644,2.95828,1.028160,1,0,154.822,0,0,0,154.822,0
72.29,2.92633,0,0,4.90481,0.203309,1.77517,3.6288,61.308,0.541023,0,0,2.20043,0.23878,1.42062,0.66528,12.849,1,0.520132,1.77517,0,123.156,4.61025,119.801,0.84672,12.849,0.84672,3695.15,0,0.0036966,1.63106e-05,2.53295,1.85823,9.98387,1.21247,13.1626,0.42336,0.0018483,0.21168,0.0018483,0.21168,460.486,0,1.02816,0,0,3.56111,2.53295,1.028160,1,0,134.384,0,0,0,134.384,0
72.29,3.06517,0,0,4.67419,0.14935,1.45967,3.6288,61.308,0.625875,0,0,1.82549,0.248025,0.951594,0.66528,12.849,1,0.544811,1.45967,0,112.225,4.91831,108.222,0.84672,12.849,0.84672,3695.15,0,0.0036966,1.88687e-05,1.98724,1.85824,8.92996,1.15457,11.6209,0.42336,0.0018483,0.21168,0.0018483,0.21168,460.486,0,1.02816,0,0,3.0154,1.98724,1.028160,1,0,120.794,0,0,0,120.794,0
72.29,3.0652,0,0,4.4001,0.14935,1.18555,3.6288,61.308,0.625891,0,0,1.77123,0.248025,0.897319,0.66528,12.849,1,0.544816,1.18555,0,102.876,4.91831,98.598,0.84672,12.849,0.84672,3695.15,0,0.0036966,1.88692e-05,1.91349,1.95445,8.38512,1.15457,11.0985,0.42336,0.0018483,0.21168,0.0018483,0.21168,460.486,0,1.02816,0,0,2.94165,1.91349,1.028160,1,0,110.594,0,0,0,110.594,0
72.29,3.06523,0,0,4.22822,0.14935,1.01364,3.6288,61.308,0.625906,0,0,1.71437,0.248025,0.840443,0.66528,12.849,1,0.544821,1.01364,0,97.8108,4.91831,93.3614,0.84672,12.849,0.84672,3695.15,0,0.0036966,1.88697e-05,1.85845,1.95447,7.35247,1.15457,10.0108,0.42336,0.0018483,0.21168,0.0018483,0.21168,460.486,0,1.02816,0,0,2.88661,1.85845,1.028160,1,0,104.213,0,0,0,104.213,0
72.29,3.06526,0,0,4.06919,0.14935,0.85458,3.6288,61.308,0.625922,0,0,1.64286,0.248025,0.768915,0.66528,12.849,1,0.544827,0.85458,0,91.8285,4.91831,87.22,0.84672,12.849,0.84672,3695.15,0,0.0036966,1.88702e-05,2.04198,1.95448,6.19416,1.15457,9.03604,0.42336,0.0018483,0.21168,0.0018483,0.21168,460.486,0,1.02816,0,0,3.07014,2.04198,1.028160,1,0,97.0249,0,0,0,97.0249,0
72.29,3.06529,0,0,4.36901,0.0805284,1.2232,3.6288,61.308,0.625938,0,0,1.10238,0.243039,0.233402,0.66528,12.849,1,0.544832,1.2232,0,71.1694,5.17629,66.6715,0.84672,12.849,0.84672,3695.15,0,0.0036966,1.88706e-05,1.24329,1.9545,5.73338,1.21293,7.71822,0.42336,0.0018483,0.21168,0.0018483,0.21168,460.486,0,1.02816,0,0,2.27145,1.24329,1.028160,1,0,74.6231,0,0,0,74.6231,0
72.29,3.03786,0,0,4.13065,0.0805284,1.01225,3.6288,61.308,0.66528,0,0,1.08549,0.243039,0.177168,0.66528,12.849,1,0.539957,1.01225,0,68.6638,5.17629,63.9598,0.84672,12.849,0.84672,3695.15,0,0.0036966,0.0018483,1.11314,1.95452,5.26057,1.21293,7.11345,0.42336,0.0018483,0.21168,0.0018483,0.21168,460.486,0,1.02816,0,0,2.1413,1.11314,1.028160,1,0,71.2504,0,0,0,71.2504,0
72.29,3.03789,0,0,3.93851,0.0757437,0.824874,3.6288,61.308,0.66528,0,0,1.0493,0.250811,0.133211,0.66528,12.849,1,0.539962,0.824874,0,66.1107,5.28488,61.1107,0.84672,12.849,0.84672,3695.15,0,0.0036966,0.0018483,1.08764,1.98451,5.0289,1.24968,6.84952,0.42336,0.0018483,0.21168,0.0018483,0.21168,460.486,0,1.02816,0,0,2.1158,1.08764,1.028160,1,0,68.0935,0,0,0,68.0935,0
72.29,3.03792,0,0,3.72209,0.0549194,0.629247,3.6288,61.308,0.66528,0,0,1.00678,0.282298,0.0592067,0.66528,12.849,1,0.539967,0.629247,0,62.2822,5.95103,56.4205,0.84672,12.849,0.84672,3695.15,0,0.0036966,0.0018483,1.12895,1.98453,4.94688,1.43386,6.62465,0.42336,0.0018483,0.21168,0.0018483,0.21168,460.486,0,1.02816,0,0,2.15711,1.12895,1.028160,1,0,63.1043,0,0,0,63.1043,0
72.1131,3.03795,0,0,3.28131,0.0573667,0.36288,3.6288,61.1625,0.66528,0,0,0.810691,0.290893,0,0.66528,12.849,1,0.539972,0.36288,0,53.6551,5.95223,47.5258,0.84672,12.849,0.84672,3695.15,0,0.0036966,0.0018483,0.777427,1.98455,4.13145,1.4235,5.46807,0.42336,0.0018483,0.21168,0.0018483,0.21168,460.486,0,1.02816,0,0,1.80559,0.777427,1.028160,1,0,52.9938,0,0,0,52.9938,0
72.29,2.9765,0,0,3.61387,0.0546938,0.405789,3.6288,61.1378,0.640635,0,0,0.921456,0.305578,0,0.66528,12.849,1,0.530348,0.405789,0,62.3991,5.94489,56.3297,0.84672,12.849,0.84672,3695.15,0,0.0036966,1.93597e-05,0.95434,1.98456,4.29621,1.43616,5.79894,0.42336,0.0018483,0.21168,0.0018483,0.21168,460.486,0,1.02816,0,0,1.9825,0.95434,1.028160,1,0,62.1286,0,0,0,62.1286,0
72.1842,2.97763,0,0,3.28944,0.0547673,0.36288,3.6288,60.9516,0.64065,0,0,0.760026,0.30553,0,0.66528,12.849,1,0.529251,0.36288,0,50.2588,5.94489,44.1475,0.84672,12.849,0.84672,3695.15,0,0.0036966,1.9368e-05,0.997142,1.94652,3.99214,1.43616,5.49962,0.42336,0.0018483,0.21168,0.0018483,0.21168,460.486,0,1.02816,0,0,2.0253,0.997142,1.028160,1,0,49.6472,0,0,0,49.6472,0
71.7813,2.977,0,0,2.99173,0.0547234,0.36288,3.6288,60.7136,0.640666,0,0,0.707797,0.30517,0,0.66528,12.849,1,0.529915,0.36288,0,46.8526,5.94489,40.7406,0.84672,12.849,0.84672,3695.15,0,0.0036966,1.94276e-05,0.681463,1.94654,3.55778,1.43616,4.7496,0.42336,0.0018483,0.21168,0.0018483,0.21168,460.486,0,1.02816,0,0,1.70962,0.681463,1.028160,1,0,45.4902,0,0,0,45.4902,0
71.6814,2.9745,0,0,3.28291,0.0454273,0.36288,3.6288,60.5805,0.640682,0,0,0.816022,0.308396,0,0.66528,12.849,1,0.532442,0.36288,0,46.382,6.01349,40.199,0.84672,12.849,0.84672,3695.15,0,0.0036966,1.95042e-05,1.08324,1.94656,4.93772,1.46221,6.50529,0.42336,0.0018483,0.21168,0.0018483,0.21168,460.486,0,1.02816,0,0,2.1114,1.08324,1.028160,1,0,46.7043,0,0,0,46.7043,0
71.5162,3.17252,0,0,3.39502,0.0248129,0.36288,3.6288,60.2657,0.66528,0,0,0.662671,0.312188,0,0.66528,12.849,1,0.568679,0.36288,0,41.6244,5.90163,35.517,0.84672,12.849,0.84672,3695.15,0,0.0036966,0.0018483,0.812739,1.94658,3.93739,1.51392,5.18094,0.42336,0.0018483,0.21168,0.0018483,0.21168,460.486,0,1.02816,0,0,1.8409,0.812739,1.028160,1,0,40.6979,0,0,0,40.6979,0
71.683,3.17143,0,0,3.72587,0.0247817,0.36288,3.6288,60.1072,0.66528,0,0,0.818303,0.311564,0,0.66528,12.849,1,0.569798,0.36288,0,53.5323,5.90163,47.4238,0.84672,12.849,0.84672,3695.15,0,0.0036966,0.0018483,1.25898,2.1015,4.29523,1.51392,6.13994,0.42336,0.0018483,0.21168,0.0018483,0.21168,460.486,0,1.02816,0,0,2.28714,1.25898,1.028160,1,0,53.5637,0,0,0,53.5637,0
71.1159,3.17259,0,0,2.99321,0.0248132,0.36288,3.6288,59.7225,0.66528,0,0,0.591878,0.31125,0,0.66528,12.849,1,0.568679,0.36288,0,52.3096,5.90163,46.2022,0.84672,12.849,0.84672,3695.15,0,0.0036966,0.0018483,0.559699,2.10152,3.4481,1.51392,4.59355,0.42336,0.0018483,0.21168,0.0018483,0.21168,460.486,0,1.02816,0,0,1.58786,0.559699,1.028160,1,0,50.7957,0,0,0,50.7957,0
71.2872,3.16878,0,0,3.72769,0.024706,0.36288,3.6288,59.7584,0.66528,0,0,1.01162,0.310487,0,0.66528,12.849,1,0.572525,0.36288,0,47.775,5.90163,41.6637,0.84672,12.849,0.84672,3695.15,0,0.0036966,0.0018483,1.97545,2.10154,5.33142,1.51392,7.89264,0.42336,0.0018483,0.21168,0.0018483,0.21168,460.486,0,1.02816,0,0,3.00361,1.97545,1.028160,1,0,49.5563,0,0,0,49.5563,0
70.5663,3.16997,0,0,2.8391,0.0271437,0.36288,3.6288,59.5924,0.66528,0,0,0.781776,0.282456,0,0.66528,12.849,1,0.571364,0.36288,0,37.9483,5.31744,32.4224,0.84672,12.849,0.84672,3695.15,0,0.0036966,0.0018483,1.09442,2.10156,4.00907,1.45766,5.74555,0.42336,0.0018483,0.21168,0.0018483,0.21168,460.486,0,1.02816,0,0,2.12258,1.09442,1.028160,1,0,38.168,0,0,0,38.168,0
68.5347,3.06849,0,0,1.42717,0.0273928,0.36288,3.6288,59.133,0.66528,0,0,0.483312,0.277477,0,0.66528,12.849,1,0.558724,0.36288,0,45.8796,5.22008,40.4637,0.84672,12.849,0.84672,3695.15,0,0.0036966,0.0018483,0.347501,2.10158,2.28762,1.44828,3.28657,0.42336,0.0018483,0.21168,0.0018483,0.21168,460.486,0,1.02816,0,0,1.37566,0.347501,1.028160,1,0,43.7503,0,0,0,43.7503,0
66.4144,3.05457,0,0,1.32411,0.026965,0.36288,3.6288,58.4944,0.852517,0,0,0.490621,0.276663,0,0.66528,12.849,1,0.572676,0.36288,0,27.2509,5.22008,21.821,0.84672,12.849,0.84672,3695.15,0,0.0036966,0.0018483,0.216518,2.01282,1.72875,1.44828,2.50797,0.42336,0.0018483,0.21168,0.0018483,0.21168,460.486,0,0.840923,0,0,1.05744,0.216518,1.028160,1,0,24.329,0,0,0,24.329,0
66.3995,3.03928,0,0,3.50368,0.116416,0.36288,3.6288,58.4258,0.66528,0,0,0.880816,0.284132,0,0.66528,12.849,1,0.588001,0.36288,0,40.6188,4.66263,35.7311,0.84672,12.849,0.84672,3695.15,0,0.0036966,0.0018483,1.66099,2.01284,5.05028,1.32458,7.39768,0.42336,0.0018483,0.21168,0.0018483,0.21168,460.486,0,1.02816,0,0,2.68915,1.66099,1.028160,1,0,43.1287,0,0,0,43.1287,0
66.4522,3.0392,0,0,3.61142,0.156629,0.36288,3.6288,58.5673,0.66528,0,0,1.07324,0.26646,0,0.66528,12.849,1,0.588117,0.36288,0,105.288,4.14821,100.914,0.84672,12.849,0.84672,3695.15,0,0.0036966,0.0018483,1.31213,2.01286,5.52338,1.11357,7.73296,0.42336,0.0018483,0.21168,0.0018483,0.21168,460.486,0,1.02816,0,0,2.34029,1.31213,1.028160,1,0,108.647,0,0,0,108.647,0
67.093,2.9611,0,0,4.14414,0.179351,0.36288,3.6288,59.3995,0.617927,0,0,1.67886,0.228717,0,0.66528,12.849,1,0.572549,0.36288,0,134.429,3.59866,130.621,0.84672,12.849,0.84672,3695.15,0,0.0036966,1.95009e-05,3.17686,2.01288,9.87724,0.89254,14.1744,0.42336,0.0018483,0.21168,0.0018483,0.21168,460.486,0,1.02816,0,0,4.20502,3.17686,1.028160,1,0,144.795,0,0,0,144.795,0
68.5872,2.96572,0,0,5.00297,0.180263,0.36288,3.6288,60.2379,0.617943,0,0,1.68628,0.229942,0,0.66528,12.849,1,0.567965,0.36288,0,69.5955,3.59866,65.7918,0.84672,12.849,0.84672,3695.15,0,0.0036966,1.92282e-05,2.91393,1.934,11.0766,0.89254,15.0319,0.42336,0.0018483,0.21168,0.0018483,0.21168,460.486,0,1.02816,0,0,3.94209,2.91393,1.028160,1,0,80.8237,0,0,0,80.8237,0
70.3051,2.97617,0,0,5.27673,0.219779,0.36288,3.6288,60.8568,0.617959,0,0,1.46119,0.22435,0,0.66528,12.849,1,0.55755,0.36288,0,84.9165,3.62037,81.1015,0.84672,12.849,0.84672,3695.15,0,0.0036966,1.8961e-05,1.97338,1.93402,6.74254,0.914497,9.73542,0.42336,0.0018483,0.21168,0.0018483,0.21168,460.486,0,1.02816,0,0,3.00154,1.97338,1.028160,1,0,90.8369,0,0,0,90.8369,0
70.7934,2.98771,0,0,4.06963,0.230731,0.36288,3.6288,61.2526,0.617975,0,0,1.24402,0.230259,0,0.66528,12.849,1,0.546037,0.36288,0,96.8959,3.91355,92.7992,0.84672,12.849,0.84672,3695.15,0,0.0036966,1.87687e-05,1.72173,1.93404,5.51266,1.1028,8.06561,0.42336,0.0018483,0.21168,0.0018483,0.21168,460.486,0,1.02816,0,0,2.74989,1.72173,1.028160,1,0,100.865,0,0,0,100.865,0
70.8873,2.88761,0,0,3.58937,0.244981,0.36288,3.6288,61.068,0.517927,0,0,0.622955,0.289609,0,0.66528,12.849,1,0.524102,0.36288,0,77.8291,4.46933,73.1986,0.84672,12.849,0.84672,3695.15,0,0.0036966,1.56285e-05,0.917266,1.93406,3.95626,1.15392,5.65365,0.42336,0.0018483,0.21168,0.0018483,0.21168,460.486,0,1.02816,0,0,1.94543,0.917266,1.028160,1,0,78.8522,0,0,0,78.8522,0
71.3924,2.88823,0,0,4.04024,0.283976,0.36288,3.6288,61.0044,0.517942,0,0,0.635297,0.180998,0,0.66528,12.849,1,0.523519,0.36288,0,103.855,4.01005,99.6847,0.84672,12.849,0.84672,3695.15,0,0.0036966,1.56762e-05,1.06812,1.83389,4.63222,1.062,6.47222,0.42336,0.0018483,0.21168,0.0018483,0.21168,460.486,0,1.02816,0,0,2.09628,1.06812,1.028160,1,0,106.157,0,0,0,106.157,0
72.29,2.89139,0,0,4.85871,0.285076,0.784664,3.6288,61.308,0.517956,0,0,1.09242,0.180925,0.089914,0.66528,12.849,1,0.520385,0.784664,0,114.648,4.01005,110.902,0.84672,12.849,0.84672,3695.15,0,0.0036966,1.56929e-05,2.11629,1.83391,7.15658,1.062,10.0448,0.42336,0.0018483,0.21168,0.0018483,0.21168,460.486,0,1.02816,0,0,3.14445,2.11629,1.028160,1,0,121.037,0,0,0,121.037,0
72.29,2.89691,0,0,7.66386,0.287031,4.47992,3.6288,61.308,0.517971,0,0,1.73203,0.181273,1.03279,0.66528,12.849,1,0.514904,4.47992,0,172.653,4.01005,172.608,0.84672,12.849,0.84672,3695.15,0,0.0036966,1.56157e-05,3.90404,1.83392,11.2399,1.062,15.9159,0.42336,0.0018483,0.21168,0.0018483,0.21168,460.486,0,1.02816,0,0,4.9322,3.90404,1.028160,1,0,189.557,0,0,0,189.557,0
72.29,2.89694,0,0,3.90085,0.276285,0.727626,3.6288,61.2631,0.517985,0,0,0.656905,0.183817,0,0.66528,12.849,1,0.514908,0.727626,0,91.5885,3.96738,87.8338,0.84672,12.849,0.84672,3695.15,0,0.0036966,1.56161e-05,0.897489,1.83394,5.46579,1.08544,7.11176,0.42336,0.0018483,0.21168,0.0018483,0.21168,460.486,0,1.02816,0,0,1.92565,0.897489,1.028160,1,0,94.9456,0,0,0,94.9456,0
71.246,2.98771,0,0,2.57856,0.271987,0.36288,3.6288,60.8077,0.755935,0,0,0.48529,0.184783,0,0.66528,12.849,1,0.531042,0.36288,0,49.5414,3.95031,45.4229,0.84672,12.849,0.84672,3695.15,0,0.0036966,2.28065e-05,0.412474,1.83396,3.83473,1.09482,4.98631,0.42336,0.0018483,0.21168,0.0018483,0.21168,460.486,0,0.840205,0,0,1.25268,0.412474,1.028160,1,0,50.4093,0,0,0,50.4093,0
69.7042,2.98112,0,0,2.072,0.269832,0.36288,3.6288,60.4123,0.809322,0,0,0.598196,0.18425,0,0.66528,12.849,1,0.537635,0.36288,0,54.2786,3.95031,50.1536,0.84672,12.849,0.84672,3695.15,0,0.0036966,2.46e-05,0.503194,1.89262,5.23292,1.09482,6.53389,0.42336,0.0018483,0.21168,0.0018483,0.21168,460.486,0,0.786819,0,0,1.29001,0.503194,1.028160,1,0,56.6875,0,0,0,56.6875,0
69.6112,2.97108,0,0,3.52819,0.287194,0.36288,3.6288,60.6396,0.56799,0,0,1.00517,0.209858,0,0.66528,12.849,1,0.547677,0.36288,0,105.506,4.1416,101.179,0.84672,12.849,0.84672,3695.15,0,0.0036966,1.73775e-05,1.11499,1.89263,9.51866,1.16159,11.3647,0.42336,0.0018483,0.21168,0.0018483,0.21168,460.486,0,1.02816,0,0,2.14315,1.11499,1.028160,1,0,112.544,0,0,0,112.544,0
69.1704,2.97046,0,0,3.20597,0.313401,0.36288,3.6288,60.4512,0.567992,0,0,0.617292,0.237677,0,0.66528,12.849,1,0.548295,0.36288,0,70.1644,4.27315,65.7058,0.84672,12.849,0.84672,3695.15,0,0.0036966,1.73124e-05,0.933751,1.89263,5.73375,1.20344,7.35667,0.42336,0.0018483,0.21168,0.0018483,0.21168,460.486,0,1.02816,0,0,1.96191,0.933751,1.028160,1,0,73.0625,0,0,0,73.0625,0
71.4893,3.11944,0,0,6.11118,0.309947,0.36288,3.6288,60.3976,0.66528,0,0,0.830822,0.219179,0,0.66528,12.849,1,0.579462,0.36288,0,118.145,3.96438,113.964,0.84672,12.849,0.84672,3695.15,0,0.0036966,0.0018483,1.13506,1.89263,8.15227,1.0855,10.0926,0.42336,0.0018483,0.21168,0.0018483,0.21168,460.486,0,1.02816,0,0,2.16322,1.13506,1.028160,1,0,124.057,0,0,0,124.057,0
71.767,3.13537,0,0,4.09141,0.315533,0.36288,3.6288,60.293,0.66528,0,0,0.779784,0.219104,0,0.66528,12.849,1,0.56353,0.36288,0,92.2389,3.96438,88.0739,0.84672,12.849,0.84672,3695.15,0,0.0036966,0.0018483,0.94837,2.01319,8.56682,1.0855,10.441,0.42336,0.0018483,0.21168,0.0018483,0.21168,460.486,0,1.02816,0,0,1.97653,0.94837,1.028160,1,0,98.5149,0,0,0,98.5149,0
72.29,3.13723,0,0,4.46628,0.302428,0.503599,3.6288,60.1423,0.66528,0,0,0.702615,0.188089,0,0.66528,12.849,1,0.561682,0.503599,0,80.6026,3.69415,76.8503,0.84672,12.849,0.84672,3695.15,0,0.0036966,0.0018483,0.947359,2.0132,7.71941,0.976395,9.70172,0.42336,0.0018483,0.21168,0.0018483,0.21168,460.486,0,1.02816,0,0,1.97552,0.947359,1.028160,1,0,86.552,0,0,0,86.552,0
72.29,3.14068,0,0,6.35669,0.294117,2.92189,3.6288,60.2593,0.66528,0,0,0.941682,0.1594,0,0.66528,12.849,1,0.558233,2.92189,0,94.0231,3.3962,92.9905,0.84672,12.849,0.84672,3695.15,0,0.0036966,0.0018483,1.29223,2.0132,9.33742,0.860122,11.7809,0.42336,0.0018483,0.21168,0.0018483,0.21168,460.486,0,1.02816,0,0,2.32039,1.29223,1.028160,1,0,104.771,0,0,0,104.771,0
72.29,2.8635,0,0,4.27645,0.316425,1.09653,3.6288,61.1323,0.503816,0,0,1.56788,0.191069,0,0.66528,12.849,1,0.508965,1.09653,0,108.238,3.55204,105.274,0.84672,12.849,0.84672,3695.15,0,0.0036966,1.54533e-05,1.6232,2.0132,12.4192,0.933132,15.1225,0.42336,0.0018483,0.21168,0.0018483,0.21168,460.486,0,1.02816,0,0,2.65136,1.6232,1.028160,1,0,120.396,0,0,0,120.396,0
72.29,2.8635,0,0,5.57142,0.316425,2.39149,3.6288,61.308,0.503819,0,0,1.59676,0.19213,0.725063,0.66528,12.849,1,0.508966,2.39149,0,84.958,3.55204,83.2885,0.84672,12.849,0.84672,3695.15,0,0.0036966,1.52327e-05,1.74607,1.81563,13.2553,0.933132,15.8839,0.42336,0.0018483,0.21168,0.0018483,0.21168,460.486,0,1.02816,0,0,2.77423,1.74607,1.028160,1,0,99.8974,0,0,0,99.8974,0
72.29,2.86351,0,0,4.77382,0.316425,1.59388,3.6288,61.308,0.50382,0,0,1.2641,0.192344,0.567936,0.66528,12.849,1,0.508967,1.59388,0,81.616,3.55204,79.1489,0.84672,12.849,0.84672,3695.15,0,0.0036966,1.51891e-05,1.19408,1.81563,12.4259,0.933132,14.5024,0.42336,0.0018483,0.21168,0.0018483,0.21168,460.486,0,1.02816,0,0,2.22224,1.19408,1.028160,1,0,94.2193,0,0,0,94.2193,0
72.29,2.86351,0,0,4.73927,0.28713,1.58863,3.6288,61.308,0.503822,0,0,1.36116,0.192595,0.664745,0.66528,12.849,1,0.508967,1.58863,0,92.3962,3.74018,89.7356,0.84672,12.849,0.84672,3695.15,0,0.0036966,1.51891e-05,1.81531,1.81563,10.8298,0.992285,13.4684,0.42336,0.0018483,0.21168,0.0018483,0.21168,460.486,0,1.02816,0,0,2.84347,1.81531,1.028160,1,0,103.869,0,0,0,103.869,0
72.29,2.86351,0,0,8.7115,0.250062,5.59793,3.6288,61.308,0.503824,0,0,2.12395,0.161236,1.45888,0.66528,12.849,1,0.508968,5.59793,0,153.583,4.00438,154.667,0.84672,12.849,0.84672,3695.15,0,0.0036966,1.51892e-05,2.71941,1.81564,15.7378,1.05563,19.2172,0.42336,0.0018483,0.21168,0.0018483,0.21168,460.486,0,1.02816,0,0,3.74757,2.71941,1.028160,1,0,175.344,0,0,0,175.344,0
72.29,2.96814,0,0,7.14225,0.242874,3.93123,3.6288,61.308,0.56544,0,0,1.65293,0.148886,0.938601,0.66528,12.849,1,0.527565,3.93123,0,150.085,3.86831,149.62,0.84672,12.849,0.84672,3695.15,0,0.0036966,1.70468e-05,1.665,1.81564,11.8066,1.02692,14.2603,0.42336,0.0018483,0.21168,0.0018483,0.21168,460.486,0,1.02816,0,0,2.69316,1.665,1.028160,1,0,164.819,0,0,0,164.819,0
72.29,2.96815,0,0,6.40647,0.242874,3.19545,3.6288,61.308,0.565442,0,0,1.57264,0.148886,0.858316,0.66528,12.849,1,0.527566,3.19545,0,97.0946,3.86831,95.8942,0.84672,12.849,0.84672,3695.15,0,0.0036966,1.70468e-05,1.60438,1.88634,11.001,1.02692,13.4647,0.42336,0.0018483,0.21168,0.0018483,0.21168,460.486,0,1.02816,0,0,2.63254,1.60438,1.028160,1,0,110.217,0,0,0,110.217,0
72.29,2.96815,0,0,6.39713,0.249211,3.17976,3.6288,61.308,0.565444,0,0,1.74544,0.181141,0.99885,0.66528,12.849,1,0.527566,3.17976,0,94.6123,4.55068,92.7138,0.84672,12.849,0.84672,3695.15,0,0.0036966,1.70469e-05,1.82604,1.88634,13.2144,1.08547,15.8413,0.42336,0.0018483,0.21168,0.0018483,0.21168,460.486,0,1.02816,0,0,2.8542,1.82604,1.028160,1,0,109.554,0,0,0,109.554,0
72.29,2.96816,0,0,5.06524,0.189168,1.90792,3.6288,61.308,0.565446,0,0,1.0334,0.189512,0.278437,0.66528,12.849,1,0.527567,1.90792,0,83.5376,4.78695,80.131,0.84672,12.849,0.84672,3695.15,0,0.0036966,1.7047e-05,1.28086,1.88634,8.32827,1.1841,10.3114,0.42336,0.0018483,0.21168,0.0018483,0.21168,460.486,0,1.02816,0,0,2.30902,1.28086,1.028160,1,0,90.7208,0,0,0,90.7208,0
72.29,2.92725,0,0,4.35237,0.140572,1.28455,3.6288,61.2848,0.541518,0,0,0.695969,0.177647,0,0.66528,12.849,1,0.520297,1.28455,0,77.811,4.58031,73.9949,0.84672,12.849,0.84672,3695.15,0,0.0036966,1.63256e-05,0.937017,1.88635,6.43179,1.22513,8.03001,0.42336,0.0018483,0.21168,0.0018483,0.21168,460.486,0,1.02816,0,0,1.96518,0.937017,1.028160,1,0,82.0249,0,0,0,82.0249,0
72.29,2.92725,0,0,4.00492,0.140572,0.937091,3.6288,61.2556,0.54152,0,0,0.689913,0.177621,0,0.66528,12.849,1,0.520297,0.937091,0,70.2596,4.58031,66.0961,0.84672,12.849,0.84672,3695.15,0,0.0036966,1.63318e-05,0.966686,1.85883,6.14611,1.22513,7.74648,0.42336,0.0018483,0.21168,0.0018483,0.21168,460.486,0,1.02816,0,0,1.99485,0.966686,1.028160,1,0,73.8426,0,0,0,73.8426,0
72.29,2.92726,0,0,3.86853,0.146001,0.795275,3.6288,61.308,0.541522,0,0,0.882032,0.165952,0.122133,0.66528,12.849,1,0.520298,0.795275,0,67.8715,4.46964,63.6769,0.84672,12.849,0.84672,3695.15,0,0.0036966,1.63397e-05,1.38606,1.85883,7.60666,1.18407,9.66746,0.42336,0.0018483,0.21168,0.0018483,0.21168,460.486,0,1.02816,0,0,2.41422,1.38606,1.028160,1,0,73.4665,0,0,0,73.4665,0
72.29,2.92726,0,0,3.50419,0.129234,0.447699,3.6288,61.308,0.541524,0,0,0.688582,0.12317,0.0238879,0.66528,12.849,1,0.520299,0.447699,0,57.3382,4.05923,53.2064,0.84672,12.849,0.84672,3695.15,0,0.0036966,1.63257e-05,0.831488,1.85883,5.92652,0.993524,7.6233,0.42336,0.0018483,0.21168,0.0018483,0.21168,460.486,0,1.02816,0,0,1.85965,0.831488,1.028160,1,0,60.8536,0,0,0,60.8536,0
71.9035,3.06613,0,0,3.16071,0.118231,0.36288,3.6288,61.2286,0.62639,0,0,0.730797,0.183843,0,0.66528,12.849,1,0.544981,0.36288,0,52.8459,4.2206,48.4432,0.84672,12.849,0.84672,3695.15,0,0.0036966,1.88843e-05,0.80663,1.85884,5.35922,1.05466,6.97001,0.42336,0.0018483,0.21168,0.0018483,0.21168,460.486,0,1.02816,0,0,1.83479,0.80663,1.028160,1,0,55.4132,0,0,0,55.4132,0
71.2956,3.06364,0,0,2.87339,0.0547268,0.36288,3.6288,61.016,0.626392,0,0,0.620108,0.206268,0,0.66528,12.849,1,0.547467,0.36288,0,50.0364,4.52287,45.3289,0.84672,12.849,0.84672,3695.15,0,0.0036966,1.89088e-05,0.604195,1.95506,4.79453,1.11547,6.2383,0.42336,0.0018483,0.21168,0.0018483,0.21168,460.486,0,1.02816,0,0,1.63236,0.604195,1.028160,1,0,51.5672,0,0,0,51.5672,0
70.4598,3.05969,0,0,2.64127,0.0544736,0.36288,3.6288,60.6835,0.626394,0,0,0.499916,0.205991,0,0.66528,12.849,1,0.551422,0.36288,0,45.8767,4.52287,41.1653,0.84672,12.849,0.84672,3695.15,0,0.0036966,1.89748e-05,0.364306,1.95506,4.34441,1.11547,5.54828,0.42336,0.0018483,0.21168,0.0018483,0.21168,460.486,0,1.02816,0,0,1.39247,0.364306,1.028160,1,0,46.7135,0,0,0,46.7135,0
69.5649,3.05416,0,0,2.58049,0.0584097,0.36288,3.6288,60.2393,0.626923,0,0,0.414679,0.232032,0,0.66528,12.849,1,0.556955,0.36288,0,41.6371,4.97931,36.4637,0.84672,12.849,0.84672,3695.15,0,0.0036966,1.90948e-05,0.30119,1.95506,4.18125,1.20793,5.22956,0.42336,0.0018483,0.21168,0.0018483,0.21168,460.486,0,1.02763,0,0,1.32882,0.30119,1.028160,1,0,41.6933,0,0,0,41.6933,0
67.476,3.04812,0,0,1.38009,0.0579836,0.36288,3.6288,59.4765,0.95241,0,0,0.441397,0.251716,0,0.66528,12.849,1,0.563004,0.36288,0,26.6145,5.16447,21.2499,0.84672,12.849,0.84672,3695.15,0,0.0036966,2.92224e-05,0.30119,1.95506,2.5788,1.21281,3.62222,0.42336,0.0018483,0.21168,0.0018483,0.21168,460.486,0,0.702138,0,0,1.00333,0.30119,1.028160,1,0,24.8721,0,0,0,24.8721,0
65.1806,3.00631,0,0,1.13325,0.0593969,0.36288,3.6288,58.6005,1.06778,0,0,0.43374,0.242035,0,0.66528,12.849,1,0.572472,0.36288,0,24.2197,4.99391,19.0162,0.84672,12.849,0.84672,3695.15,0,0.0036966,0.0018483,0.30119,1.95507,2.39483,1.1716,3.47763,0.42336,0.0018483,0.21168,0.0018483,0.21168,460.486,0,0.625657,0,0,0.926847,0.30119,1.028160,1,0,22.4939,0,0,0,22.4939,0
62.7965,2.98947,0,0,1.02657,0.0583232,0.36288,3.6288,57.7003,1.07394,0,0,0.414472,0.240679,0,0.66528,12.849,1,0.589312,0.36288,0,23.8017,4.99391,18.5814,0.84672,12.849,0.84672,3695.15,0,0.0036966,0.0018483,0.261274,1.98504,2.26241,1.1716,3.33528,0.42336,0.0018483,0.21168,0.0018483,0.21168,460.486,0,0.619497,0,0,0.88077,0.261274,1.028160,1,0,21.9167,0,0,0,21.9167,0
60.3447,2.9709,0,0,0.934693,0.0527907,0.36288,3.6288,56.6842,1.15806,0,0,0.391974,0.250005,0,0.66528,12.849,1,0.607886,0.36288,0,20.9526,5.13506,15.5725,0.84672,12.849,0.84672,3695.15,0,0.0036966,0.0018483,0.261274,1.98505,2.19585,1.22313,3.21719,0.42336,0.0018483,0.21168,0.0018483,0.21168,460.486,0,0.535378,0,0,0.796651,0.261274,1.028160,1,0,18.7897,0,0,0,18.7897,0
57.8619,2.95054,0,0,0.86673,0.0360161,0.36288,3.6288,55.5853,1.15312,0,0,0.356452,0.302235,0,0.66528,12.849,1,0.628249,0.36288,0,18.6141,5.81716,12.5316,0.84672,12.849,0.84672,3695.15,0,0.0036966,0.0018483,0.261274,1.98505,1.98507,1.49945,2.73009,0.42336,0.0018483,0.21168,0.0018483,0.21168,460.486,0,0.54032,0,0,0.801593,0.261274,1.028160,1,0,15.2617,0,0,0,15.2617,0
55.3531,2.87028,0,0,0.772813,0.0485176,0.36288,3.6288,54.456,1.16948,0,0,0.326952,0.286813,0,0.66528,12.849,1,0.637384,0.36288,0,16.579,5.59744,10.707,0.84672,12.849,0.84672,3695.15,0,0.0036966,3.8887e-05,0.261274,1.98505,1.81709,1.4557,2.60768,0.42336,0.0018483,0.21168,0.0018483,0.21168,460.486,0,0.499694,0,0,0.760968,0.261274,1.028160,1,0,13.3147,0,0,0,13.3147,0
52.7801,2.84684,0,0,0.684037,0.0473292,0.36288,3.6288,53.2698,1.20834,0,0,0.306876,0.284689,0,0.66528,12.849,1,0.66083,0.36288,0,15.6504,5.59744,9.75501,0.84672,12.849,0.84672,3695.15,0,0.0036966,4.10125e-05,0.261274,1.94699,1.81811,1.4557,2.57063,0.42336,0.0018483,0.21168,0.0018483,0.21168,460.486,0,0.460832,0,0,0.722105,0.261274,1.028160,1,0,12.3256,0,0,0,12.3256,0
50.1756,2.82093,0,0,0.625405,0.0461104,0.36288,3.6288,52.0528,1.23125,0,0,0.296438,0.282249,0,0.66528,12.849,1,0.686739,0.36288,0,14.6975,5.59744,8.7762,0.84672,12.849,0.84672,3695.15,0,0.0036966,4.27207e-05,0.227405,1.94699,1.73227,1.4557,2.45092,0.42336,0.0018483,0.21168,0.0018483,0.21168,460.486,0,0.437918,0,0,0.665323,0.227405,1.028160,1,0,11.2271,0,0,0,11.2271,0
47.5254,2.79255,0,0,0.53667,0.0314072,0.36288,3.6288,50.8247,1.23778,0,0,0.295224,0.285483,0,0.66528,12.849,1,0.715119,0.36288,0,14.0194,5.85675,7.81036,0.84672,12.849,0.84672,3695.15,0,0.0036966,4.39513e-05,0.227405,1.94699,1.72127,1.47097,2.42465,0.42336,0.0018483,0.21168,0.0018483,0.21168,460.486,0,0.431395,0,0,0.6588,0.227405,1.028160,1,0,10.235,0,0,0,10.235,0
44.7796,2.94557,0,0,0.620508,0.0578604,0.36288,3.6288,49.6755,1.20547,0,0,0.337116,0.280904,0,0.66528,12.849,1,0.796365,0.36288,0,16.1595,5.19949,10.5265,0.84672,12.849,0.84672,3695.15,0,0.0036966,0.0018483,0.227405,1.94699,1.69684,1.38978,2.47961,0.42336,0.0018483,0.21168,0.0018483,0.21168,460.486,0,0.48797,0,0,0.715375,0.227405,1.028160,1,0,13.0061,0,0,0,13.0061,0
42.0325,2.90762,0,0,0.579535,0.0561178,0.36288,3.6288,48.4712,1.2474,0,0,0.321376,0.278276,0,0.66528,12.849,1,0.834309,0.36288,0,15.7226,5.19949,10.0517,0.84672,12.849,0.84672,3695.15,0,0.0036966,0.0018483,0.227405,2.10193,1.68248,1.38978,2.62019,0.42336,0.0018483,0.21168,0.0018483,0.21168,460.486,0,0.44604,0,0,0.673445,0.227405,1.028160,1,0,12.6719,0,0,0,12.6719,0
39.4404,2.89521,0,0,0.720377,0.0543743,0.36288,3.6288,47.3894,1.14778,0,0,0.341561,0.275522,0,0.66528,12.849,1,0.84672,0.36288,0,16.0871,5.19949,10.4037,0.84672,12.849,0.84672,3695.15,0,0.0036966,0.0018483,0.204422,2.10193,2.48695,1.38978,3.40168,0.42336,0.0018483,0.21168,0.0018483,0.21168,460.486,0,0.545659,0,0,0.750082,0.204422,1.028160,1,0,13.8054,0,0,0,13.8054,0
36.7103,2.8952,0,0,0.580678,0.0527394,0.36288,3.6288,46.2181,1.21332,0,0,0.315012,0.273048,0,0.66528,12.849,1,0.84672,0.36288,0,14.8422,5.19949,9.15889,0.84672,12.849,0.84672,3695.15,0,0.0036966,0.0018483,0.204422,2.10194,1.69111,1.38978,2.60584,0.42336,0.0018483,0.21168,0.0018483,0.21168,460.486,0,0.480125,0,0,0.684547,0.204422,1.028160,1,0,11.7647,0,0,0,11.7647,0
33.9285,2.8952,0,0,0.499031,0.0227518,0.36288,3.6288,44.9449,1.1926,0,0,0.230311,0.310865,0,0.66528,12.849,1,0.84672,0.36288,0,15.1211,5.81089,8.82639,0.84672,12.849,0.84672,3695.15,0,0.0036966,0.0018483,0.204422,2.10194,1.28128,1.44558,2.14021,0.42336,0.0018483,0.21168,0.0018483,0.21168,460.486,0,0.500844,0,0,0.705266,0.204422,1.028160,1,0,10.9666,0,0,0,10.9666,0
31.1708,2.78102,0,0,0.46983,0.0835773,0.36288,3.6288,43.7542,1.15907,0,0,0.223506,0.255136,0,0.66528,12.849,1,0.84672,0.36288,0,13.972,4.13247,9.35569,0.84672,12.849,0.84672,3695.15,0,0.0036966,0.0018483,0.204422,2.10194,1.12638,0.997428,2.43347,0.42336,0.0018483,0.21168,0.0018483,0.21168,460.486,0,0.534367,0,0,0.738789,0.204422,1.028160,1,0,11.7892,0,0,0,11.7892,0
28.4616,2.78101,0,0,0.539648,0.105033,0.36288,3.6288,42.8167,0.996296,0,0,0.30504,0.246215,0,0.66528,12.849,1,0.84672,0.36288,0,14.1194,3.91209,9.72347,0.84672,12.849,0.84672,3695.15,0,0.0036966,0.0018483,0.216518,2.01315,1.56201,0.972366,2.81747,0.42336,0.0018483,0.21168,0.0018483,0.21168,460.486,0,0.697144,0,0,0.913663,0.216518,1.028160,1,0,12.5409,0,0,0,12.5409,0
25.7331,2.781,0,0,0.516699,0.101284,0.36288,3.6288,41.8507,1.02119,0,0,0.299183,0.24403,0,0.66528,12.849,1,0.84672,0.36288,0,18.826,3.91209,14.43,0.84672,12.849,0.84672,3695.15,0,0.0036966,0.0018483,0.216518,2.01316,1.5616,0.972366,2.81706,0.42336,0.0018483,0.21168,0.0018483,0.21168,460.486,0,0.672252,0,0,0.888771,0.216518,1.028160,1,0,17.2471,0,0,0,17.2471,0
23.1942,2.78099,0,0,0.708487,0.103553,0.36288,3.6288,41.2495,0.770835,0,0,0.410199,0.240588,0,0.66528,12.849,1,0.84672,0.36288,0,29.0035,4.14291,24.3768,0.84672,12.849,0.84672,3695.15,0,0.0036966,0.0018483,0.216518,2.01316,1.85235,0.995266,3.08491,0.42336,0.0018483,0.21168,0.0018483,0.21168,460.486,0,0.922605,0,0,1.13912,0.216518,1.028160,1,0,27.4617,0,0,0,27.4617,0
20.9617,2.68726,0,0,0.932092,0.114409,0.36288,3.6288,40.3659,0.968187,0,0,0.320785,0.236231,0,0.66528,12.849,1,0.84672,0.36288,0,21.3687,4.71996,16.1649,0.84672,12.849,0.84672,3695.15,0,0.0036966,4.33823e-05,0.216518,2.01316,1.54257,1.05252,2.71969,0.42336,0.0018483,0.21168,0.0018483,0.21168,460.486,0,0.678093,0,0,0.894612,0.216518,1.028160,1,0,18.8846,0,0,0,18.8846,0
19.1428,2.68724,0,0,1.34222,0.111012,0.36288,3.6288,40.034,0.618137,0,0,0.520461,0.234208,0,0.66528,12.849,1,0.84672,0.36288,0,38.4765,4.71996,33.2727,0.84672,12.849,0.84672,3695.15,0,0.0036966,2.83037e-05,0.396274,1.93426,2.43399,1.05252,3.71198,0.42336,0.0018483,0.21168,0.0018483,0.21168,460.486,0,1.02816,0,0,1.42443,0.396274,1.028160,1,0,36.9847,0,0,0,36.9847,0
18.6636,2.68722,0,0,2.71102,0.140059,0.36288,3.6288,40.0786,0.618139,0,0,0.881877,0.219147,0,0.66528,12.849,1,0.84672,0.36288,0,50.0391,4.21953,45.3357,0.84672,12.849,0.84672,3695.15,0,0.0036966,2.85384e-05,0.645157,1.93426,3.94629,0.979838,5.54585,0.42336,0.0018483,0.21168,0.0018483,0.21168,460.486,0,1.02816,0,0,1.67332,0.645157,1.028160,1,0,50.8816,0,0,0,50.8816,0
18.2835,2.68722,0,0,2.80908,0.139115,0.36288,3.6288,39.9341,0.618141,0,0,0.69288,0.21924,0,0.66528,12.849,1,0.84672,0.36288,0,50.2117,4.21953,45.5083,0.84672,12.849,0.84672,3695.15,0,0.0036966,2.85068e-05,0.756406,1.93426,2.50696,0.979838,4.21776,0.42336,0.0018483,0.21168,0.0018483,0.21168,460.486,0,1.02816,0,0,1.78457,0.756406,1.028160,1,0,49.7261,0,0,0,49.7261,0
18.8321,2.56515,0,0,3.61378,0.137153,0.36288,3.6288,39.5362,0.518071,0,0,0.342151,0.221957,0,0.66528,12.849,1,0.84672,0.36288,0,50.8601,3.79911,46.5772,0.84672,12.849,0.84672,3695.15,0,0.0036966,2.39783e-05,0.448261,1.93426,4.49741,0.933947,5.94597,0.42336,0.0018483,0.21168,0.0018483,0.21168,460.486,0,1.02816,0,0,1.47642,0.448261,1.028160,1,0,52.5232,0,0,0,52.5232,0
18.7326,2.56516,0,0,2.96679,0.138223,0.36288,3.6288,39.5023,0.518073,0,0,0.705361,0.221126,0,0.66528,12.849,1,0.84672,0.36288,0,63.0803,3.79911,58.7973,0.84672,12.849,0.84672,3695.15,0,0.0036966,2.42197e-05,0.782162,1.83407,3.36241,0.933947,5.04467,0.42336,0.0018483,0.21168,0.0018483,0.21168,460.486,0,1.02816,0,0,1.81032,0.782162,1.028160,1,0,63.842,0,0,0,63.842,0
19.407,2.56516,0,0,3.74046,0.138029,0.36288,3.6288,40.9704,0.518075,0,0,2.20723,0.221055,0,0.66528,12.849,1,0.84672,0.36288,0,79.8427,3.79911,75.5597,0.84672,12.849,0.84672,3695.15,0,0.0036966,2.42405e-05,3.33603,1.83407,5.97457,0.933947,10.2107,0.42336,0.0018483,0.21168,0.0018483,0.21168,460.486,0,1.02816,0,0,4.36419,3.33603,1.028160,1,0,85.7704,0,0,0,85.7704,0
18.6885,2.56518,0,0,2.38224,0.172688,0.36288,3.6288,40.9166,0.518078,0,0,0.683795,0.219588,0,0.66528,12.849,1,0.84672,0.36288,0,33.5331,4.67691,28.3724,0.84672,12.849,0.84672,3695.15,0,0.0036966,2.33721e-05,1.05429,1.83407,2.65729,1.30297,4.24266,0.42336,0.0018483,0.21168,0.0018483,0.21168,460.486,0,1.02816,0,0,2.08245,1.05429,1.028160,1,0,32.615,0,0,0,32.615,0
20.6626,2.56517,0,0,5.07047,0.168312,0.36288,3.6288,41.6873,0.51808,0,0,1.50505,0.216278,0,0.66528,12.849,1,0.84672,0.36288,0,67.7126,5.03631,62.1925,0.84672,12.849,0.84672,3695.15,0,0.0036966,2.34029e-05,1.07348,1.83408,4.5631,1.24831,6.22232,0.42336,0.0018483,0.21168,0.0018483,0.21168,460.486,0,1.02816,0,0,2.10164,1.07348,1.028160,1,0,68.4148,0,0,0,68.4148,0
21.7257,2.67207,0,0,4.26898,0.170978,0.36288,3.6288,42.5905,0.568071,0,0,1.68678,0.215485,0,0.66528,12.849,1,0.84672,0.36288,0,110.532,5.30586,104.743,0.84672,12.849,0.84672,3695.15,0,0.0036966,2.51867e-05,1.5267,1.83408,4.27936,1.20731,6.4328,0.42336,0.0018483,0.21168,0.0018483,0.21168,460.486,0,1.02816,0,0,2.55486,1.5267,1.028160,1,0,111.175,0,0,0,111.175,0
24.7581,2.67206,0,0,6.24088,0.173479,0.36288,3.6288,42.7369,0.56806,0,0,0.931876,0.217364,0,0.66528,12.849,1,0.84672,0.36288,0,70.5015,5.30586,64.7118,0.84672,12.849,0.84672,3695.15,0,0.0036966,2.46521e-05,0.674257,1.89273,2.50695,1.20731,3.86661,0.42336,0.0018483,0.21168,0.0018483,0.21168,460.486,0,1.02816,0,0,1.70242,0.674257,1.028160,1,0,68.5784,0,0,0,68.5784,0
28.5899,2.67206,0,0,7.04425,0.177525,0.36288,3.6288,43.1814,0.568049,0,0,1.23693,0.224467,0,0.66528,12.849,1,0.84672,0.36288,0,104.905,5.46258,98.9587,0.84672,12.849,0.84672,3695.15,0,0.0036966,2.45672e-05,0.887535,1.89272,4.60858,1.28384,6.10497,0.42336,0.0018483,0.21168,0.0018483,0.21168,460.486,0,1.02816,0,0,1.9157,0.887535,1.028160,1,0,105.064,0,0,0,105.064,0
30.5865,2.67206,0,0,5.20436,0.172874,0.36288,3.6288,43.6216,0.568038,0,0,1.23691,0.22861,0,0.66528,12.849,1,0.84672,0.36288,0,103.589,5.28523,97.8202,0.84672,12.849,0.84672,3695.15,0,0.0036966,2.43139e-05,1.16849,1.89271,3.60519,1.35342,5.31294,0.42336,0.0018483,0.21168,0.0018483,0.21168,460.486,0,1.02816,0,0,2.19665,1.16849,1.028160,1,0,103.133,0,0,0,103.133,0
31.0534,2.85218,0,0,3.882,0.200007,0.36288,3.6288,44.0499,0.66528,0,0,1.28368,0.190109,0,0.66528,12.849,1,0.84672,0.36288,0,103.281,4.86003,97.937,0.84672,12.849,0.84672,3695.15,0,0.0036966,0.0018483,0.926294,1.89269,3.77584,1.23535,5.35763,0.42336,0.0018483,0.21168,0.0018483,0.21168,460.486,0,1.02816,0,0,1.95445,0.926294,1.028160,1,0,103.295,0,0,0,103.295,0
32.9409,2.85216,0,0,5.30381,0.201248,0.36288,3.6288,45.0789,0.66528,0,0,1.88518,0.19088,0,0.66528,12.849,1,0.84672,0.36288,0,139.432,4.86003,134.088,0.84672,12.849,0.84672,3695.15,0,0.0036966,0.0018483,1.05418,2.01324,5.46553,1.23535,7.29576,0.42336,0.0018483,0.21168,0.0018483,0.21168,460.486,0,1.02816,0,0,2.08234,1.05418,1.028160,1,0,141.384,0,0,0,141.384,0
37.868,2.85214,0,0,8.34823,0.20609,0.36288,3.6288,46.6862,0.66528,0,0,2.46533,0.192734,0,0.66528,12.849,1,0.84672,0.36288,0,128.48,4.86003,123.136,0.84672,12.849,0.84672,3695.15,0,0.0036966,0.0018483,1.77552,2.01323,7.755,1.23535,10.3066,0.42336,0.0018483,0.21168,0.0018483,0.21168,460.486,0,1.02816,0,0,2.80368,1.77552,1.028160,1,0,133.443,0,0,0,133.443,0
40.46,2.85214,0,0,6.01389,0.206956,0.36288,3.6288,47.9604,0.66528,0,0,2.13655,0.197083,0,0.66528,12.849,1,0.84672,0.36288,0,129.876,4.87569,124.517,0.84672,12.849,0.84672,3695.15,0,0.0036966,0.0018483,1.35093,2.01322,6.86001,1.20331,9.019,0.42336,0.0018483,0.21168,0.0018483,0.21168,460.486,0,1.02816,0,0,2.37909,1.35093,1.028160,1,0,133.536,0,0,0,133.536,0
40.0657,2.55955,0,0,2.75963,0.231413,0.36288,3.6288,48.5202,0.503801,0,0,1.21286,0.149305,0,0.66528,12.849,1,0.812845,0.36288,0,101.304,4.46776,96.3863,0.84672,12.849,0.84672,3695.15,0,0.0036966,1.94155e-05,0.717085,2.0132,5.82316,1.04693,7.5065,0.42336,0.0018483,0.21168,0.0018483,0.21168,460.486,0,1.02816,0,0,1.74525,0.717085,1.028160,1,0,103.893,0,0,0,103.893,0
39.8742,2.55348,0,0,2.94636,0.221506,0.36288,3.6288,49.0499,0.503791,0,0,1.17261,0.139122,0,0.66528,12.849,1,0.818895,0.36288,0,92.1257,3.84184,87.8279,0.84672,12.849,0.84672,3695.15,0,0.0036966,1.91911e-05,0.62888,1.81562,5.6497,0.983358,7.11082,0.42336,0.0018483,0.21168,0.0018483,0.21168,460.486,0,1.02816,0,0,1.65704,0.62888,1.028160,1,0,94.9387,0,0,0,94.9387,0
39.5496,2.54868,0,0,2.80028,0.213403,0.36288,3.6288,49.5935,0.506162,0,0,1.20981,0.160017,0,0.66528,12.849,1,0.821283,0.36288,0,115.405,4.36601,110.581,0.84672,12.849,0.84672,3695.15,0,0.0036966,1.90732e-05,0.680374,1.8156,6.00251,1.14734,7.35113,0.42336,0.0018483,0.21168,0.0018483,0.21168,460.486,0,1.02816,0,0,1.70853,0.680374,1.028160,1,0,117.932,0,0,0,117.932,0
43.188,2.54357,0,0,6.75751,0.212602,0.36288,3.6288,51.4484,0.506163,0,0,2.52181,0.160736,0,0.66528,12.849,1,0.826364,0.36288,0,104.54,4.36601,99.7102,0.84672,12.849,0.84672,3695.15,0,0.0036966,1.88642e-05,1.93627,1.81699,10.0164,1.14734,12.6223,0.42336,0.0018483,0.21168,0.0018483,0.21168,460.486,0,1.02816,0,0,2.96443,1.93627,1.028160,1,0,112.332,0,0,0,112.332,0
46.55,2.5972,0,0,6.53043,0.208392,0.36288,3.6288,52.6646,0.506163,0,0,1.87244,0.150143,0,0.66528,12.849,1,0.772702,0.36288,0,139.598,4.29566,134.893,0.84672,12.849,0.84672,3695.15,0,0.0036966,1.81841e-05,1.54631,1.81698,9.06103,1.0767,11.3476,0.42336,0.0018483,0.21168,0.0018483,0.21168,460.486,0,1.02816,0,0,2.57447,1.54631,1.028160,1,0,146.24,0,0,0,146.24,0
48.1415,2.73748,0,0,4.90275,0.210861,0.36288,3.6288,53.466,0.567774,0,0,1.51559,0.146353,0,0.66528,12.849,1,0.755615,0.36288,0,119.91,4.26752,115.25,0.84672,12.849,0.84672,3695.15,0,0.0036966,1.99264e-05,1.42231,1.81697,8.1172,1.04844,10.308,0.42336,0.0018483,0.21168,0.0018483,0.21168,460.486,0,1.02816,0,0,2.45047,1.42231,1.028160,1,0,125.558,0,0,0,125.558,0
50.2566,2.75908,0,0,5.45162,0.214582,0.36288,3.6288,54.5635,0.56535,0,0,1.81009,0.147293,0,0.66528,12.849,1,0.736402,0.36288,0,135.687,4.26752,131.046,0.84672,12.849,0.84672,3695.15,0,0.0036966,1.95439e-05,1.24578,1.88766,8.67551,1.04844,10.7605,0.42336,0.0018483,0.21168,0.0018483,0.21168,460.486,0,1.02816,0,0,2.27394,1.24578,1.028160,1,0,141.806,0,0,0,141.806,0
51.4324,2.78375,0,0,4.54198,0.219509,0.36288,3.6288,55.4046,0.565339,0,0,1.55491,0.14844,0,0.66528,12.849,1,0.711716,0.36288,0,101.378,4.26752,96.762,0.84672,12.849,0.84672,3695.15,0,0.0036966,1.91505e-05,1.24851,1.88623,6.50996,1.04844,8.59624,0.42336,0.0018483,0.21168,0.0018483,0.21168,460.486,0,1.02816,0,0,2.27667,1.24851,1.028160,1,0,105.358,0,0,0,105.358,0
51.6369,2.79675,0,0,3.55103,0.186899,0.36288,3.6288,55.8321,0.565329,0,0,1.17052,0.177659,0,0.66528,12.849,1,0.698693,0.36288,0,84.3454,5.07823,78.9314,0.84672,12.849,0.84672,3695.15,0,0.0036966,1.88594e-05,0.845173,1.88622,4.53072,1.15021,6.11188,0.42336,0.0018483,0.21168,0.0018483,0.21168,460.486,0,1.02816,0,0,1.87333,0.845173,1.028160,1,0,85.0432,0,0,0,85.0432,0
51.7129,2.76037,0,0,3.34672,0.147448,0.36288,3.6288,56.326,0.54139,0,0,1.24394,0.208638,0,0.66528,12.849,1,0.686873,0.36288,0,88.1392,5.09058,82.7247,0.84672,12.849,0.84672,3695.15,0,0.0036966,1.79225e-05,1.02489,1.88621,4.29578,1.18026,6.0266,0.42336,0.0018483,0.21168,0.0018483,0.21168,460.486,0,1.02816,0,0,2.05305,1.02489,1.028160,1,0,88.7513,0,0,0,88.7513,0
51.4607,2.76116,0,0,2.99189,0.120032,0.36288,3.6288,56.9863,0.541379,0,0,1.40105,0.199447,0,0.66528,12.849,1,0.68606,0.36288,0,76.5711,4.5486,71.6994,0.84672,12.849,0.84672,3695.15,0,0.0036966,1.7765e-05,0.785151,1.85868,4.04552,1.11789,5.57144,0.42336,0.0018483,0.21168,0.0018483,0.21168,460.486,0,1.02816,0,0,1.81331,0.785151,1.028160,1,0,77.2708,0,0,0,77.2708,0
51.0596,2.75845,0,0,2.83992,0.119717,0.36288,3.6288,57.4843,0.541368,0,0,1.23971,0.200306,0,0.66528,12.849,1,0.688745,0.36288,0,65.524,4.5486,60.6496,0.84672,12.849,0.84672,3695.15,0,0.0036966,1.75588e-05,0.64012,1.85867,3.74688,1.11789,5.12776,0.42336,0.0018483,0.21168,0.0018483,0.21168,460.486,0,1.02816,0,0,1.66828,0.64012,1.028160,1,0,65.7773,0,0,0,65.7773,0
50.4355,2.75411,0,0,2.61892,0.126077,0.36288,3.6288,57.9547,0.541358,0,0,1.1928,0.18104,0,0.66528,12.849,1,0.693063,0.36288,0,63.1878,4.38111,58.4765,0.84672,12.849,0.84672,3695.15,0,0.0036966,1.74063e-05,0.571596,1.85865,3.65589,1.06957,5.01655,0.42336,0.0018483,0.21168,0.0018483,0.21168,460.486,0,1.02816,0,0,1.59976,0.571596,1.028160,1,0,63.493,0,0,0,63.493,0
49.6959,2.87758,0,0,2.63918,0.138337,0.36288,3.6288,58.4425,0.626201,0,0,1.29034,0.176325,0,0.66528,12.849,1,0.733095,0.36288,0,56.0956,4.76337,50.962,0.84672,12.849,0.84672,3695.15,0,0.0036966,1.99709e-05,0.750609,1.85864,3.60177,0.94808,5.26292,0.42336,0.0018483,0.21168,0.0018483,0.21168,460.486,0,1.02816,0,0,1.77877,0.750609,1.028160,1,0,56.225,0,0,0,56.225,0
48.8486,2.86889,0,0,2.4571,0.0725622,0.36288,3.6288,58.7538,0.62619,0,0,1.14205,0.204532,0,0.66528,12.849,1,0.741758,0.36288,0,54.668,5.14122,49.1479,0.84672,12.849,0.84672,3695.15,0,0.0036966,1.98038e-05,0.632733,1.95483,3.36083,1.0241,4.92428,0.42336,0.0018483,0.21168,0.0018483,0.21168,460.486,0,1.02816,0,0,1.66089,0.632733,1.028160,1,0,54.0722,0,0,0,54.0722,0
47.7898,2.85868,0,0,2.23466,0.0719051,0.36288,3.6288,58.845,0.626178,0,0,0.922251,0.204942,0,0.66528,12.849,1,0.751939,0.36288,0,49.7639,5.14122,44.2336,0.84672,12.849,0.84672,3695.15,0,0.0036966,1.96985e-05,0.377594,1.95482,3.00469,1.0241,4.31299,0.42336,0.0018483,0.21168,0.0018483,0.21168,460.486,0,1.02816,0,0,1.40575,0.377594,1.028160,1,0,48.5466,0,0,0,48.5466,0
46.6842,2.84553,0,0,2.17852,0.0757402,0.36288,3.6288,58.7555,0.626167,0,0,0.754091,0.217389,0,0.66528,12.849,1,0.765062,0.36288,0,45.1102,5.3598,39.3482,0.84672,12.849,0.84672,3695.15,0,0.0036966,1.96677e-05,0.3064,1.95481,2.88176,1.06733,4.07561,0.42336,0.0018483,0.21168,0.0018483,0.21168,460.486,0,1.02816,0,0,1.33456,0.3064,1.028160,1,0,43.4238,0,0,0,43.4238,0
46.4672,2.8313,0,0,3.04875,0.0715482,0.36288,3.6288,58.7303,0.626156,0,0,0.880347,0.279445,0,0.66528,12.849,1,0.779265,0.36288,0,51.368,6.07855,44.8731,0.84672,12.849,0.84672,3695.15,0,0.0036966,1.96973e-05,0.487806,1.95479,4.89532,1.2468,6.0911,0.42336,0.0018483,0.21168,0.0018483,0.21168,460.486,0,1.02816,0,0,1.51597,0.487806,1.028160,1,0,50.9642,0,0,0,50.9642,0
46.506,2.8031,0,0,3.27995,0.0751625,0.36288,3.6288,58.7351,0.66528,0,0,0.940576,0.270474,0,0.66528,12.849,1,0.775105,0.36288,0,52.7815,5.7875,46.5818,0.84672,12.849,0.84672,3695.15,0,0.0036966,0.0018483,0.552563,1.95478,5.3426,1.19807,6.65003,0.42336,0.0018483,0.21168,0.0018483,0.21168,460.486,0,1.02816,0,0,1.58072,0.552563,1.028160,1,0,53.2318,0,0,0,53.2318,0
46.3794,2.80358,0,0,3.11507,0.0751949,0.36288,3.6288,58.7179,0.66528,0,0,0.918536,0.270483,0,0.66528,12.849,1,0.774593,0.36288,0,51.6196,5.7875,45.4204,0.84672,12.849,0.84672,3695.15,0,0.0036966,0.0018483,0.486199,1.98474,5.06966,1.19807,6.34068,0.42336,0.0018483,0.21168,0.0018483,0.21168,460.486,0,1.02816,0,0,1.51436,0.486199,1.028160,1,0,51.7611,0,0,0,51.7611,0
46.1112,2.80191,0,0,2.95439,0.0577884,0.36288,3.6288,58.6194,0.66528,0,0,0.871793,0.304953,0,0.66528,12.849,1,0.776243,0.36288,0,49.1294,6.33408,42.3819,0.84672,12.849,0.84672,3695.15,0,0.0036966,0.0018483,0.472556,1.98472,4.86447,1.37274,5.94716,0.42336,0.0018483,0.21168,0.0018483,0.21168,460.486,0,1.02816,0,0,1.50072,0.472556,1.028160,1,0,48.3291,0,0,0,48.3291,0
45.6526,2.79836,0,0,2.75841,0.0558572,0.36288,3.6288,58.4463,0.66528,0,0,0.793748,0.30155,0,0.66528,12.849,1,0.779769,0.36288,0,44.7596,6.21954,38.1232,0.84672,12.849,0.84672,3695.15,0,0.0036966,0.0018483,0.401751,1.98471,4.58019,1.38806,5.57675,0.42336,0.0018483,0.21168,0.0018483,0.21168,460.486,0,1.02816,0,0,1.42991,0.401751,1.028160,1,0,43.6999,0,0,0,43.6999,0
45.584,2.73673,0,0,3.07781,0.046787,0.36288,3.6288,58.3172,0.640718,0,0,0.822355,0.310812,0,0.66528,12.849,1,0.770259,0.36288,0,51.9128,5.33537,46.1701,0.84672,12.849,0.84672,3695.15,0,0.0036966,2.0262e-05,0.351164,1.9847,4.59038,1.3788,5.54742,0.42336,0.0018483,0.21168,0.0018483,0.21168,460.486,0,1.02816,0,0,1.37932,0.351164,1.028160,1,0,51.7175,0,0,0,51.7175,0
45.2718,2.73581,0,0,2.83329,0.046751,0.36288,3.6288,58.0631,0.640707,0,0,0.697179,0.310554,0,0.66528,12.849,1,0.771157,0.36288,0,42.6407,5.33537,36.8971,0.84672,12.849,0.84672,3695.15,0,0.0036966,2.03065e-05,0.434799,1.94662,4.43848,1.3788,5.44108,0.42336,0.0018483,0.21168,0.0018483,0.21168,460.486,0,1.02816,0,0,1.46296,0.434799,1.028160,1,0,42.3382,0,0,0,42.3382,0
44.725,2.73165,0,0,2.59432,0.0465875,0.36288,3.6288,57.7531,0.645689,0,0,0.645754,0.310046,0,0.66528,12.849,1,0.775294,0.36288,0,40.5297,5.33537,34.7819,0.84672,12.849,0.84672,3695.15,0,0.0036966,2.0554e-05,0.227405,1.94661,3.90137,1.3788,4.69655,0.42336,0.0018483,0.21168,0.0018483,0.21168,460.486,0,1.02317,0,0,1.25057,0.227405,1.028160,1,0,39.4785,0,0,0,39.4785,0
44.3402,2.72427,0,0,2.74107,0.0387184,0.36288,3.6288,57.5392,0.640684,0,0,0.741303,0.314489,0,0.66528,12.849,1,0.782651,0.36288,0,39.7501,5.48491,33.8454,0.84672,12.849,0.84672,3695.15,0,0.0036966,2.05041e-05,0.472539,1.9466,5.16106,1.40868,6.17149,0.42336,0.0018483,0.21168,0.0018483,0.21168,460.486,0,1.02816,0,0,1.5007,0.472539,1.028160,1,0,40.0169,0,0,0,40.0169,0
43.4087,2.90057,0,0,2.36681,0.0349193,0.36288,3.6288,57.2325,0.66528,0,0,0.649909,0.291356,0,0.66528,12.849,1,0.840533,0.36288,0,35.559,4.74171,30.3397,0.84672,12.849,0.84672,3695.15,0,0.0036966,0.0018483,0.248115,1.94658,3.88021,1.47425,4.5988,0.42336,0.0018483,0.21168,0.0018483,0.21168,460.486,0,1.02816,0,0,1.27627,0.248115,1.028160,1,0,34.9385,0,0,0,34.9385,0
42.1883,2.89435,0,0,2.06745,0.0306303,0.36288,3.6288,56.7635,0.750548,0,0,0.577299,0.295777,0,0.66528,12.849,1,0.84672,0.36288,0,31.3471,4.69108,26.1722,0.84672,12.849,0.84672,3695.15,0,0.0036966,0.0018483,0.227405,2.10147,3.42935,1.49479,4.26158,0.42336,0.0018483,0.21168,0.0018483,0.21168,460.486,0,0.942892,0,0,1.1703,0.227405,1.028160,1,0,30.4338,0,0,0,30.4338,0
41.3754,2.89432,0,0,2.47451,0.0302009,0.36288,3.6288,56.4235,0.66528,0,0,0.620176,0.294877,0,0.66528,12.849,1,0.84672,0.36288,0,32.4422,4.69108,27.2673,0.84672,12.849,0.84672,3695.15,0,0.0036966,0.0018483,0.24281,2.10145,3.76158,1.49479,4.6092,0.42336,0.0018483,0.21168,0.0018483,0.21168,460.486,0,1.02816,0,0,1.27097,0.24281,1.028160,1,0,31.8765,0,0,0,31.8765,0
42.3005,2.8943,0,0,4.2312,0.048858,0.36288,3.6288,56.2658,0.66528,0,0,0.796565,0.289026,0,0.66528,12.849,1,0.84672,0.36288,0,53.9146,4.54266,48.8881,0.84672,12.849,0.84672,3695.15,0,0.0036966,0.0018483,0.452287,2.10144,4.16377,1.47659,5.23906,0.42336,0.0018483,0.21168,0.0018483,0.21168,460.486,0,1.02816,0,0,1.48045,0.452287,1.028160,1,0,54.1271,0,0,0,54.1271,0
42.781,2.89427,0,0,3.81524,0.07764,0.36288,3.6288,55.9293,0.753373,0,0,0.708285,0.291402,0,0.66528,12.849,1,0.84672,0.36288,0,47.2553,4.79412,41.9773,0.84672,12.849,0.84672,3695.15,0,0.0036966,0.0018483,0.204422,2.10143,4.35708,1.42999,5.2311,0.42336,0.0018483,0.21168,0.0018483,0.21168,460.486,0,0.940067,0,0,1.14449,0.204422,1.028160,1,0,47.2084,0,0,0,47.2084,0
42.5119,2.78913,0,0,2.98629,0.103381,0.36288,3.6288,55.1831,1.01138,0,0,0.564229,0.299055,0,0.66528,12.849,1,0.837698,0.36288,0,36.1755,4.82675,30.8739,0.84672,12.849,0.84672,3695.15,0,0.0036966,0.0018483,0.204422,2.10141,4.4677,1.4032,5.36848,0.42336,0.0018483,0.21168,0.0018483,0.21168,460.486,0,0.682059,0,0,0.886481,0.204422,1.028160,1,0,36.2424,0,0,0,36.2424,0
41.7436,2.78504,0,0,2.4827,0.103059,0.36288,3.6288,55.0171,0.66528,0,0,0.796929,0.297594,0,0.66528,12.849,1,0.841764,0.36288,0,33.4169,4.82675,28.1113,0.84672,12.849,0.84672,3695.15,0,0.0036966,0.0018483,0.534203,2.01263,5.06558,1.4032,6.20736,0.42336,0.0018483,0.21168,0.0018483,0.21168,460.486,0,1.02816,0,0,1.56236,0.534203,1.028160,1,0,34.3187,0,0,0,34.3187,0
40.6037,2.78006,0,0,2.10514,0.10214,0.36288,3.6288,54.0683,1.0842,0,0,0.43266,0.29727,0,0.66528,12.849,1,0.84672,0.36288,0,33.3704,4.82675,28.0598,0.84672,12.849,0.84672,3695.15,0,0.0036966,0.0018483,0.216518,2.01262,3.74679,1.4032,4.57087,0.42336,0.0018483,0.21168,0.0018483,0.21168,460.486,0,0.609241,0,0,0.825759,0.216518,1.028160,1,0,32.6306,0,0,0,32.6306,0
39.5783,2.78003,0,0,2.24043,0.122848,0.36288,3.6288,53.2474,1.00104,0,0,0.436171,0.256005,0,0.66528,12.849,1,0.84672,0.36288,0,36.106,4.39059,31.2315,0.84672,12.849,0.84672,3695.15,0,0.0036966,0.0018483,0.216518,2.0126,3.79505,1.27554,4.74678,0.42336,0.0018483,0.21168,0.0018483,0.21168,460.486,0,0.692401,0,0,0.908919,0.216518,1.028160,1,0,35.9783,0,0,0,35.9783,0
38.8302,2.68631,0,0,2.44161,0.140527,0.36288,3.6288,52.98,0.617659,0,0,0.554759,0.204574,0,0.66528,12.849,1,0.84672,0.36288,0,40.0724,3.60147,35.9871,0.84672,12.849,0.84672,3695.15,0,0.0036966,2.14399e-05,0.279435,2.01259,3.64793,1.01817,4.92176,0.42336,0.0018483,0.21168,0.0018483,0.21168,460.486,0,1.02816,0,0,1.30759,0.279435,1.028160,1,0,40.9089,0,0,0,40.9089,0
38.8805,2.68629,0,0,3.27516,0.175685,0.36288,3.6288,52.829,0.617648,0,0,0.62944,0.162734,0,0.66528,12.849,1,0.84672,0.36288,0,50.0056,3.02589,46.4958,0.84672,12.849,0.84672,3695.15,0,0.0036966,2.15477e-05,0.305761,1.93369,4.47756,0.82869,5.8883,0.42336,0.0018483,0.21168,0.0018483,0.21168,460.486,0,1.02816,0,0,1.33392,0.305761,1.028160,1,0,52.3841,0,0,0,52.3841,0
40.0081,2.68626,0,0,4.35253,0.175787,0.36288,3.6288,52.8947,0.617636,0,0,0.845891,0.162537,0,0.66528,12.849,1,0.84672,0.36288,0,53.6825,3.02589,50.1727,0.84672,12.849,0.84672,3695.15,0,0.0036966,2.16089e-05,0.543275,1.93368,5.66187,0.82869,7.31011,0.42336,0.0018483,0.21168,0.0018483,0.21168,460.486,0,1.02816,0,0,1.57143,0.543275,1.028160,1,0,57.4829,0,0,0,57.4829,0
40.5225,2.68624,0,0,3.74155,0.178102,0.36288,3.6288,53.3735,0.617625,0,0,1.25905,0.162623,0,0.66528,12.849,1,0.84672,0.36288,0,90.6898,3.02589,87.18,0.84672,12.849,0.84672,3695.15,0,0.0036966,2.15817e-05,0.589092,1.93366,6.85411,0.82869,8.54816,0.42336,0.0018483,0.21168,0.0018483,0.21168,460.486,0,1.02816,0,0,1.61725,0.589092,1.028160,1,0,95.7282,0,0,0,95.7282,0
41.6494,2.58974,0,0,4.29107,0.211512,0.36288,3.6288,53.9753,0.517574,0,0,1.31567,0.196323,0,0.66528,12.849,1,0.821162,0.36288,0,74.2077,4.37643,69.373,0.84672,12.849,0.84672,3695.15,0,0.0036966,1.79233e-05,0.73974,1.93365,8.06288,1.13389,9.60237,0.42336,0.0018483,0.21168,0.0018483,0.21168,460.486,0,1.02816,0,0,1.7679,0.73974,1.028160,1,0,78.9753,0,0,0,78.9753,0
43.3533,2.6067,0,0,4.89327,0.219803,0.36288,3.6288,54.4482,0.517563,0,0,1.19323,0.202766,0,0.66528,12.849,1,0.804177,0.36288,0,70.6976,4.60152,65.6548,0.84672,12.849,0.84672,3695.15,0,0.0036966,1.77232e-05,1.25067,1.83347,13.6329,1.18476,15.5323,0.42336,0.0018483,0.21168,0.0018483,0.21168,460.486,0,1.02816,0,0,2.27883,1.25067,1.028160,1,0,81.187,0,0,0,81.187,0
43.6044,2.63106,0,0,3.46922,0.224194,0.36288,3.6288,53.9462,0.748985,0,0,0.450351,0.203402,0,0.66528,12.849,1,0.779792,0.36288,0,59.4635,4.60152,54.4451,0.84672,12.849,0.84672,3695.15,0,0.0036966,2.54251e-05,0.412474,1.83346,7.19257,1.18476,8.25372,0.42336,0.0018483,0.21168,0.0018483,0.21168,460.486,0,0.79672,0,0,1.20919,0.412474,1.028160,1,0,62.6988,0,0,0,62.6988,0
43.9347,2.63451,0,0,3.54578,0.218057,0.36288,3.6288,53.2786,0.931125,0,0,0.49969,0.236179,0,0.66528,12.849,1,0.776318,0.36288,0,53.099,4.73097,47.9546,0.84672,12.849,0.84672,3695.15,0,0.0036966,3.19021e-05,0.412474,1.83345,5.58189,1.28464,6.54313,0.42336,0.0018483,0.21168,0.0018483,0.21168,460.486,0,0.614563,0,0,1.02704,0.412474,1.028160,1,0,54.4977,0,0,0,54.4977,0
43.6013,2.63901,0,0,2.879,0.210523,0.36288,3.6288,52.5098,0.966751,0,0,0.44766,0.249686,0,0.66528,12.849,1,0.771797,0.36288,0,62.7578,4.95321,57.3956,0.84672,12.849,0.84672,3695.15,0,0.0036966,3.35378e-05,0.412474,1.83343,6.20002,1.3386,7.1073,0.42336,0.0018483,0.21168,0.0018483,0.21168,460.486,0,0.578925,0,0,0.991399,0.412474,1.028160,1,0,64.5029,0,0,0,64.5029,0
41.7788,2.71696,0,0,1.45957,0.202235,0.36288,3.6288,52.0598,0.843037,0,0,0.643092,0.250024,0,0.66528,12.849,1,0.800668,0.36288,0,48.1628,5.18049,42.5445,0.84672,12.849,0.84672,3695.15,0,0.0036966,2.96742e-05,0.412474,1.83342,4.02665,1.35726,4.91525,0.42336,0.0018483,0.21168,0.0018483,0.21168,460.486,0,0.752604,0,0,1.16508,0.412474,1.028160,1,0,47.4598,0,0,0,47.4598,0
39.9114,2.6902,0,0,1.38367,0.198011,0.36288,3.6288,51.7756,0.797239,0,0,0.7621,0.24912,0,0.66528,12.849,1,0.827366,0.36288,0,37.571,5.18049,31.926,0.84672,12.849,0.84672,3695.15,0,0.0036966,2.83047e-05,0.412474,1.89204,3.31139,1.35726,4.25862,0.42336,0.0018483,0.21168,0.0018483,0.21168,460.486,0,0.798379,0,0,1.21085,0.412474,1.028160,1,0,36.1846,0,0,0,36.1846,0
40.8082,2.67079,0,0,4.12418,0.193682,0.36288,3.6288,51.9823,0.567443,0,0,1.02279,0.24855,0,0.66528,12.849,1,0.84672,0.36288,0,68.5814,5.18049,62.9171,0.84672,12.849,0.84672,3695.15,0,0.0036966,2.02567e-05,0.633822,1.89201,9.70128,1.35726,10.8698,0.42336,0.0018483,0.21168,0.0018483,0.21168,460.486,0,1.02816,0,0,1.66198,0.633822,1.028160,1,0,73.7869,0,0,0,73.7869,0
46.3024,2.67515,0,0,8.73011,0.197868,0.36288,3.6288,53.2386,0.567419,0,0,2.06939,0.245671,0,0.66528,12.849,1,0.842307,0.36288,0,206.855,4.98867,201.386,0.84672,12.849,0.84672,3695.15,0,0.0036966,2.01753e-05,2.66782,1.89198,8.54297,1.30562,11.7971,0.42336,0.0018483,0.21168,0.0018483,0.21168,460.486,0,1.02816,0,0,3.69598,2.66782,1.028160,1,0,213.184,0,0,0,213.184,0
48.3262,2.89431,0,0,5.51531,0.234312,0.36288,3.6288,53.3825,0.66528,0,0,0.992831,0.18366,0,0.66528,12.849,1,0.803175,0.36288,0,141.438,3.06789,137.929,0.84672,12.849,0.84672,3695.15,0,0.0036966,0.0018483,1.32866,1.89195,10.8713,0.841541,13.2485,0.42336,0.0018483,0.21168,0.0018483,0.21168,460.486,0,1.02816,0,0,2.35682,1.32866,1.028160,1,0,151.178,0,0,0,151.178,0
50.2475,2.92084,0,0,5.44456,0.239585,0.36288,3.6288,54.0512,0.66528,0,0,1.51786,0.183871,0,0.66528,12.849,1,0.776594,0.36288,0,111.55,3.06789,108.069,0.84672,12.849,0.84672,3695.15,0,0.0036966,0.0018483,1.64644,2.01244,7.9361,0.841541,10.7516,0.42336,0.0018483,0.21168,0.0018483,0.21168,460.486,0,1.02816,0,0,2.6746,1.64644,1.028160,1,0,118.82,0,0,0,118.82,0
51.1875,2.94444,0,0,4.47912,0.231762,0.36288,3.6288,54.3878,0.66528,0,0,1.21831,0.216472,0,0.66528,12.849,1,0.752936,0.36288,0,142.576,3.85413,138.332,0.84672,12.849,0.84672,3695.15,0,0.0036966,0.0018483,1.21036,2.01241,8.47247,1.08752,10.6059,0.42336,0.0018483,0.21168,0.0018483,0.21168,460.486,0,1.02816,0,0,2.23852,1.21036,1.028160,1,0,148.938,0,0,0,148.938,0
51.4648,2.95545,0,0,3.82694,0.231335,0.36288,3.6288,54.4432,0.66528,0,0,0.923625,0.202936,0,0.66528,12.849,1,0.741873,0.36288,0,94.8655,3.45145,91.035,0.84672,12.849,0.84672,3695.15,0,0.0036966,0.0018483,0.882343,2.01238,5.73324,0.914004,7.71212,0.42336,0.0018483,0.21168,0.0018483,0.21168,460.486,0,1.02816,0,0,1.9105,0.882343,1.028160,1,0,98.7471,0,0,0,98.7471,0
53.2626,2.69749,0,0,5.10674,0.248573,0.36288,3.6288,54.7843,0.503143,0,0,0.982653,0.138397,0,0.66528,12.849,1,0.673471,0.36288,0,72.5884,2.71446,69.5634,0.84672,12.849,0.84672,3695.15,0,0.0036966,1.70813e-05,1.28781,2.01235,14.2398,0.629696,16.9102,0.42336,0.0018483,0.21168,0.0018483,0.21168,460.486,0,1.02816,0,0,2.31597,1.28781,1.028160,1,0,86.4736,0,0,0,86.4736,0
54.8502,2.71332,0,0,4.91702,0.253227,0.36288,3.6288,55.1036,0.555251,0,0,1.01326,0.138709,0,0.66528,12.849,1,0.654558,0.36288,0,107.522,2.71446,104.516,0.84672,12.849,0.84672,3695.15,0,0.0036966,1.87329e-05,0.608429,1.81483,10.8523,0.629696,12.6458,0.42336,0.0018483,0.21168,0.0018483,0.21168,460.486,0,0.979059,0,0,1.58749,0.608429,1.028160,1,0,117.162,0,0,0,117.162,0
54.9905,2.72861,0,0,3.48914,0.257336,0.36288,3.6288,56.0721,0.602727,0,0,1.71016,0.139001,0,0.66528,12.849,1,0.639195,0.36288,0,87.4074,2.71446,84.4166,0.84672,12.849,0.84672,3695.15,0,0.0036966,2.02168e-05,0.608429,1.81658,7.88979,0.629696,9.68508,0.42336,0.0018483,0.21168,0.0018483,0.21168,460.486,0,0.931582,0,0,1.54001,0.608429,1.028160,1,0,94.1017,0,0,0,94.1017,0
56.7033,2.72988,0,0,5.043,0.237445,0.36288,3.6288,57.5821,0.506152,0,0,2.16006,0.143909,0,0.66528,12.849,1,0.637859,0.36288,0,114.829,2.77554,111.779,0.84672,12.849,0.84672,3695.15,0,0.0036966,1.66843e-05,0.850988,1.81657,10.5431,0.639725,12.5709,0.42336,0.0018483,0.21168,0.0018483,0.21168,460.486,0,1.02816,0,0,1.87915,0.850988,1.028160,1,0,124.349,0,0,0,124.349,0
59.329,2.74553,0,0,6.01139,0.277316,0.36288,3.6288,59.375,0.506153,0,0,2.43765,0.138576,0,0.66528,12.849,1,0.622138,0.36288,0,124.509,2.95599,121.294,0.84672,12.849,0.84672,3695.15,0,0.0036966,1.62468e-05,1.27334,1.81655,10.9876,0.656066,13.4214,0.42336,0.0018483,0.21168,0.0018483,0.21168,460.486,0,1.02816,0,0,2.3015,1.27334,1.028160,1,0,134.715,0,0,0,134.715,0
62.3388,2.86934,0,0,6.56597,0.323931,0.36288,3.6288,61.3023,0.567735,0,0,2.62778,0.13275,0,0.66528,12.849,1,0.621418,0.36288,0,176.281,3.05697,172.966,0.84672,12.849,0.84672,3695.15,0,0.0036966,1.76732e-05,1.71452,1.81654,12.0491,0.66268,14.9174,0.42336,0.0018483,0.21168,0.0018483,0.21168,460.486,0,1.02816,0,0,2.74268,1.71452,1.028160,1,0,187.883,0,0,0,187.883,0
64.4497,2.89676,0,0,5.67829,0.307765,0.36288,3.6288,61.308,0.564588,0,0,2.08279,0.14866,1.36381,0.66528,12.849,1,0.597068,0.36288,0,167.423,3.23148,163.958,0.84672,12.849,0.84672,3695.15,0,0.0036966,1.70227e-05,1.31066,1.88719,11.7256,0.697031,14.2264,0.42336,0.0018483,0.21168,0.0018483,0.21168,460.486,0,1.02816,0,0,2.33882,1.31066,1.028160,1,0,179.548,0,0,0,179.548,0
66.1546,2.91302,0,0,5.26039,0.27951,0.36288,3.6288,61.308,0.564564,0,0,2.34748,0.167696,1.61522,0.66528,12.849,1,0.580755,0.36288,0,121.614,3.46416,117.932,0.84672,12.849,0.84672,3695.15,0,0.0036966,1.70203e-05,1.57484,1.88533,11.2276,0.742832,13.9449,0.42336,0.0018483,0.21168,0.0018483,0.21168,460.486,0,1.02816,0,0,2.603,1.57484,1.028160,1,0,133.492,0,0,0,133.492,0
66.9628,2.92552,0,0,4.38131,0.284712,0.36288,3.6288,61.308,0.56454,0,0,1.55533,0.171433,0.819357,0.66528,12.849,1,0.568213,0.36288,0,102.122,3.52608,98.3908,0.84672,12.849,0.84672,3695.15,0,0.0036966,1.70196e-05,1.02025,1.8853,7.59015,0.784768,9.71092,0.42336,0.0018483,0.21168,0.0018483,0.21168,460.486,0,1.02816,0,0,2.04841,1.02025,1.028160,1,0,108.921,0,0,0,108.921,0
67.5093,2.89083,0,0,4.05964,0.259521,0.36288,3.6288,61.308,0.5406,0,0,1.18978,0.196165,0.453015,0.66528,12.849,1,0.554699,0.36288,0,106.331,3.84416,102.295,0.84672,12.849,0.84672,3695.15,0,0.0036966,1.62979e-05,1.02144,1.88527,7.63793,0.904242,9.64039,0.42336,0.0018483,0.21168,0.0018483,0.21168,460.486,0,1.02816,0,0,2.0496,1.02144,1.028160,1,0,112.388,0,0,0,112.388,0
67.6006,2.89456,0,0,3.60682,0.258007,0.36288,3.6288,61.308,0.540576,0,0,1.03526,0.206785,0.2879,0.66528,12.849,1,0.550919,0.36288,0,94.1993,4.14959,89.8617,0.84672,12.849,0.84672,3695.15,0,0.0036966,1.62972e-05,0.983094,1.85774,7.09638,0.901036,9.03616,0.42336,0.0018483,0.21168,0.0018483,0.21168,460.486,0,1.02816,0,0,2.01125,0.983094,1.028160,1,0,99.1858,0,0,0,99.1858,0
67.4542,2.89514,0,0,3.34252,0.230953,0.36288,3.6288,61.308,0.540553,0,0,0.914328,0.216146,0.157629,0.66528,12.849,1,0.550285,0.36288,0,86.781,4.23297,82.3606,0.84672,12.849,0.84672,3695.15,0,0.0036966,1.62965e-05,0.950754,1.85771,6.46108,0.906859,8.36267,0.42336,0.0018483,0.21168,0.0018483,0.21168,460.486,0,1.02816,0,0,1.97891,0.950754,1.028160,1,0,90.8809,0,0,0,90.8809,0
67.0766,2.89409,0,0,3.11005,0.230687,0.36288,3.6288,61.308,0.540529,0,0,0.912237,0.216146,0.155562,0.66528,12.849,1,0.55128,0.36288,0,79.3454,4.23297,74.9241,0.84672,12.849,0.84672,3695.15,0,0.0036966,1.62958e-05,0.958211,1.85769,6.1404,0.906859,8.04943,0.42336,0.0018483,0.21168,0.0018483,0.21168,460.486,0,1.02816,0,0,1.98637,0.958211,1.028160,1,0,83.1291,0,0,0,83.1291,0
66.4101,3.0286,0,0,2.95625,0.23129,0.36288,3.6288,61.2956,0.625314,0,0,0.832792,0.219908,0,0.66528,12.849,1,0.580151,0.36288,0,76.8969,4.91499,71.7646,0.84672,12.849,0.84672,3695.15,0,0.0036966,1.88518e-05,0.836093,1.85766,5.85771,0.888173,7.66327,0.42336,0.0018483,0.21168,0.0018483,0.21168,460.486,0,1.02816,0,0,1.86425,0.836093,1.028160,1,0,79.4279,0,0,0,79.4279,0
65.5914,3.02368,0,0,2.73454,0.166656,0.36288,3.6288,61.1886,0.62529,0,0,0.759257,0.240984,0,0.66528,12.849,1,0.585021,0.36288,0,57.9133,5.37674,52.3144,0.84672,12.849,0.84672,3695.15,0,0.0036966,1.88549e-05,0.546074,1.95379,5.49025,1.03296,6.95714,0.42336,0.0018483,0.21168,0.0018483,0.21168,460.486,0,1.02816,0,0,1.57423,0.546074,1.028160,1,0,59.2716,0,0,0,59.2716,0
64.6671,3.01753,0,0,2.6217,0.165572,0.36288,3.6288,61.0632,0.625265,0,0,0.740716,0.240821,0,0.66528,12.849,1,0.591117,0.36288,0,53.5868,5.37674,47.9818,0.84672,12.849,0.84672,3695.15,0,0.0036966,1.88871e-05,0.543758,1.95376,5.3048,1.03296,6.76934,0.42336,0.0018483,0.21168,0.0018483,0.21168,460.486,0,1.02816,0,0,1.57192,0.543758,1.028160,1,0,54.7511,0,0,0,54.7511,0
63.6342,3.01043,0,0,2.50476,0.164349,0.36288,3.6288,60.9409,0.62524,0,0,0.743619,0.24063,0,0.66528,12.849,1,0.598157,0.36288,0,51.2017,5.37674,45.5897,0.84672,12.849,0.84672,3695.15,0,0.0036966,1.89252e-05,0.683597,1.95373,5.05212,1.03296,6.65647,0.42336,0.0018483,0.21168,0.0018483,0.21168,460.486,0,1.02816,0,0,1.71176,0.683597,1.028160,1,0,52.2461,0,0,0,52.2461,0
62.0687,3.00231,0,0,1.95331,0.153654,0.36288,3.6288,60.7318,0.625215,0,0,0.648544,0.232484,0,0.66528,12.849,1,0.606225,0.36288,0,41.9812,4.69689,37.041,0.84672,12.849,0.84672,3695.15,0,0.0036966,1.89624e-05,0.373058,1.9537,3.35941,1.06745,4.6187,0.42336,0.0018483,0.21168,0.0018483,0.21168,460.486,0,1.02816,0,0,1.40122,0.373058,1.028160,1,0,41.6597,0,0,0,41.6597,0
60.1718,2.96282,0,0,1.54983,0.12098,0.36288,3.6288,60.3459,0.751309,0,0,0.598504,0.233103,0,0.66528,12.849,1,0.613341,0.36288,0,36.1877,4.63124,31.306,0.84672,12.849,0.84672,3695.15,0,0.0036966,0.0018483,0.30119,1.95367,2.31079,1.07618,3.48761,0.42336,0.0018483,0.21168,0.0018483,0.21168,460.486,0,0.942131,0,0,1.24332,0.30119,1.028160,1,0,34.7936,0,0,0,34.7936,0
58.1538,2.94684,0,0,1.41074,0.119073,0.36288,3.6288,59.7557,0.917378,0,0,0.559784,0.232532,0,0.66528,12.849,1,0.629264,0.36288,0,34.74,4.63124,29.8424,0.84672,12.849,0.84672,3695.15,0,0.0036966,0.0018483,0.30119,1.98359,2.17077,1.07618,3.37753,0.42336,0.0018483,0.21168,0.0018483,0.21168,460.486,0,0.776062,0,0,1.07725,0.30119,1.028160,1,0,33.2199,0,0,0,33.2199,0
56.0551,2.92891,0,0,1.29721,0.104063,0.36288,3.6288,59.1431,0.882809,0,0,0.534451,0.264243,0,0.66528,12.849,1,0.647139,0.36288,0,30.7982,5.05468,25.4593,0.84672,12.849,0.84672,3695.15,0,0.0036966,0.0018483,0.261274,1.98356,2.08875,1.23075,3.10099,0.42336,0.0018483,0.21168,0.0018483,0.21168,460.486,0,0.810631,0,0,1.0719,0.261274,1.028160,1,0,28.5603,0,0,0,28.5603,0
53.944,2.90915,0,0,1.24557,0.0846238,0.36288,3.6288,58.4871,0.878126,0,0,0.52759,0.305492,0,0.66528,12.849,1,0.666838,0.36288,0,27.7084,5.57918,21.8253,0.84672,12.849,0.84672,3695.15,0,0.0036966,0.0018483,0.261274,1.98353,2.00559,1.44858,2.79997,0.42336,0.0018483,0.21168,0.0018483,0.21168,460.486,0,0.815314,0,0,1.07659,0.261274,1.028160,1,0,24.6252,0,0,0,24.6252,0
51.8496,2.83063,0,0,1.17781,0.0787063,0.36288,3.6288,57.7992,0.888465,0,0,0.498775,0.298269,0,0.66528,12.849,1,0.674233,0.36288,0,32.2634,5.33851,26.6135,0.84672,12.849,0.84672,3695.15,0,0.0036966,2.80771e-05,0.261274,1.9835,2.00638,1.51903,2.7321,0.42336,0.0018483,0.21168,0.0018483,0.21168,460.486,0,0.779388,0,0,1.04066,0.261274,1.028160,1,0,29.3456,0,0,0,29.3456,0
49.7038,2.80876,0,0,1.10285,0.077033,0.36288,3.6288,57.0583,0.907741,0,0,0.463843,0.296948,0,0.66528,12.849,1,0.696048,0.36288,0,25.9044,5.33851,20.2328,0.84672,12.849,0.84672,3695.15,0,0.0036966,2.90277e-05,0.261274,1.94544,1.80859,1.51903,2.49624,0.42336,0.0018483,0.21168,0.0018483,0.21168,460.486,0,0.760087,0,0,1.02136,0.261274,1.028160,1,0,22.729,0,0,0,22.729,0
47.4849,2.78484,0,0,1.00411,0.0753185,0.36288,3.6288,56.1383,1.06485,0,0,0.440357,0.295526,0,0.66528,12.849,1,0.719913,0.36288,0,23.6085,5.33851,17.913,0.84672,12.849,0.84672,3695.15,0,0.0036966,3.4494e-05,0.261274,1.94541,1.687,1.51903,2.37462,0.42336,0.0018483,0.21168,0.0018483,0.21168,460.486,0,0.602942,0,0,0.864216,0.261274,1.028160,1,0,20.2876,0,0,0,20.2876,0
45.4791,2.75832,0,0,1.17888,0.0634802,0.36288,3.6288,55.7622,0.642718,0,0,0.550111,0.283524,0,0.66528,12.849,1,0.746378,0.36288,0,24.6784,5.51337,18.7816,0.84672,12.849,0.84672,3695.15,0,0.0036966,2.11609e-05,0.227405,1.94538,2.5626,1.56688,3.16848,0.42336,0.0018483,0.21168,0.0018483,0.21168,460.486,0,1.02507,0,0,1.25247,0.227405,1.028160,1,0,21.95,0,0,0,21.95,0
42.9483,2.91511,0,0,0.794474,0.0472939,0.36288,3.6288,54.8998,1.00195,0,0,0.429991,0.290427,0,0.66528,12.849,1,0.823593,0.36288,0,20.5559,5.36894,14.7263,0.84672,12.849,0.84672,3695.15,0,0.0036966,0.0018483,0.227405,1.94535,1.70251,1.55156,2.32185,0.42336,0.0018483,0.21168,0.0018483,0.21168,460.486,0,0.691494,0,0,0.918899,0.227405,1.028160,1,0,17.0481,0,0,0,17.0481,0
40.3021,2.89192,0,0,0.650445,0.0418289,0.36288,3.6288,53.8282,1.14757,0,0,0.375557,0.299543,0,0.66528,12.849,1,0.84672,0.36288,0,17.2047,5.28769,11.4331,0.84672,12.849,0.84672,3695.15,0,0.0036966,0.0018483,0.227405,2.10012,1.51416,1.53386,2.30597,0.42336,0.0018483,0.21168,0.0018483,0.21168,460.486,0,0.545867,0,0,0.773271,0.227405,1.028160,1,0,13.7391,0,0,0,13.7391,0
37.905,2.89186,0,0,0.89824,0.0405507,0.36288,3.6288,52.9034,1.04328,0,0,0.415918,0.297427,0,0.66528,12.849,1,0.84672,0.36288,0,18.4546,5.28769,12.6831,0.84672,12.849,0.84672,3695.15,0,0.0036966,0.0018483,0.227405,2.10009,1.68793,1.53386,2.47971,0.42336,0.0018483,0.21168,0.0018483,0.21168,460.486,0,0.65016,0,0,0.877565,0.227405,1.028160,1,0,15.1628,0,0,0,15.1628,0
35.8986,2.89179,0,0,1.30777,0.0594974,0.36288,3.6288,52.2582,0.91057,0,0,0.55363,0.288271,0,0.66528,12.849,1,0.84672,0.36288,0,30.7952,5.14778,25.1636,0.84672,12.849,0.84672,3695.15,0,0.0036966,0.0018483,0.204422,2.10006,1.87708,1.5115,2.66821,0.42336,0.0018483,0.21168,0.0018483,0.21168,460.486,0,0.78287,0,0,0.987293,0.204422,1.028160,1,0,27.8318,0,0,0,27.8318,0
33.9836,2.89173,0,0,1.36403,0.0244893,0.36288,3.6288,51.5749,0.898862,0,0,0.524905,0.309401,0,0.66528,12.849,1,0.84672,0.36288,0,35.1266,5.62326,29.0195,0.84672,12.849,0.84672,3695.15,0,0.0036966,0.0018483,0.204422,2.10003,1.82727,1.52045,2.60942,0.42336,0.0018483,0.21168,0.0018483,0.21168,460.486,0,0.794578,0,0,0.999,0.204422,1.028160,1,0,31.6289,0,0,0,31.6289,0
32.2177,2.7776,0,0,1.41378,0.0391215,0.36288,3.6288,50.9297,0.85161,0,0,0.503831,0.29741,0,0.66528,12.849,1,0.84672,0.36288,0,29.303,4.71918,24.1,0.84672,12.849,0.84672,3695.15,0,0.0036966,0.0018483,0.204422,2.09999,2.05521,1.21745,3.14032,0.42336,0.0018483,0.21168,0.0018483,0.21168,460.486,0,0.84183,0,0,1.04625,0.204422,1.028160,1,0,27.2403,0,0,0,27.2403,0
30.5828,2.77754,0,0,1.59295,0.0874309,0.36288,3.6288,50.7049,0.66528,0,0,0.705728,0.265207,0,0.66528,12.849,1,0.84672,0.36288,0,28.256,3.86274,23.9094,0.84672,12.849,0.84672,3695.15,0,0.0036966,0.0018483,0.335552,2.01126,2.74464,1.03043,4.05917,0.42336,0.0018483,0.21168,0.0018483,0.21168,460.486,0,1.02816,0,0,1.36371,0.335552,1.028160,1,0,27.9686,0,0,0,27.9686,0
28.8492,2.77748,0,0,1.49433,0.0876299,0.36288,3.6288,50.491,0.66528,0,0,0.716982,0.265657,0,0.66528,12.849,1,0.84672,0.36288,0,34.7787,3.87902,30.4158,0.84672,12.849,0.84672,3695.15,0,0.0036966,0.0018483,0.29497,2.01123,2.77702,1.03975,4.04162,0.42336,0.0018483,0.21168,0.0018483,0.21168,460.486,0,1.02816,0,0,1.32313,0.29497,1.028160,1,0,34.4574,0,0,0,34.4574,0
27.3009,2.77741,0,0,1.67765,0.0856106,0.36288,3.6288,50.4534,0.66528,0,0,0.892918,0.265194,0,0.66528,12.849,1,0.84672,0.36288,0,55.9521,3.87902,51.5893,0.84672,12.849,0.84672,3695.15,0,0.0036966,0.0018483,0.551932,2.0112,3.53533,1.03975,5.05686,0.42336,0.0018483,0.21168,0.0018483,0.21168,460.486,0,1.02816,0,0,1.58009,0.551932,1.028160,1,0,56.6461,0,0,0,56.6461,0
24.8149,2.68373,0,0,0.650703,0.0901282,0.36288,3.6288,49.5632,1.14426,0,0,0.459256,0.205186,0,0.66528,12.849,1,0.84672,0.36288,0,16.4678,4.7796,11.2044,0.84672,12.849,0.84672,3695.15,0,0.0036966,4.19187e-05,0.216518,2.01117,2.16246,1.16043,3.22967,0.42336,0.0018483,0.21168,0.0018483,0.21168,460.486,0,0.50036,0,0,0.716878,0.216518,1.028160,1,0,14.4341,0,0,0,14.4341,0
23.2262,2.68366,0,0,1.59731,0.139496,0.36288,3.6288,48.8593,1.05532,0,0,0.551756,0.200346,0,0.66528,12.849,1,0.84672,0.36288,0,21.307,4.64788,16.1753,0.84672,12.849,0.84672,3695.15,0,0.0036966,3.93547e-05,0.216518,1.93231,2.56902,1.11971,3.5981,0.42336,0.0018483,0.21168,0.0018483,0.21168,460.486,0,0.589283,0,0,0.805801,0.216518,1.028160,1,0,19.7734,0,0,0,19.7734,0
22.3895,2.68359,0,0,2.36564,0.155814,0.36288,3.6288,48.513,0.928246,0,0,0.784763,0.202764,0,0.66528,12.849,1,0.84672,0.36288,0,28.2265,4.69696,23.0457,0.84672,12.849,0.84672,3695.15,0,0.0036966,3.51146e-05,0.216518,1.93228,2.87179,1.12237,3.89818,0.42336,0.0018483,0.21168,0.0018483,0.21168,460.486,0,0.716334,0,0,0.932852,0.216518,1.028160,1,0,26.9439,0,0,0,26.9439,0
21.9431,2.68353,0,0,2.7541,0.154081,0.36288,3.6288,48.6605,0.616407,0,0,0.966073,0.202183,0,0.66528,12.849,1,0.84672,0.36288,0,65.4924,4.69696,60.3116,0.84672,12.849,0.84672,3695.15,0,0.0036966,2.34845e-05,0.480954,1.93225,5.66069,1.12237,6.95149,0.42336,0.0018483,0.21168,0.0018483,0.21168,460.486,0,1.02816,0,0,1.50911,0.480954,1.028160,1,0,67.2631,0,0,0,67.2631,0
22.4837,2.56153,0,0,3.62728,0.162304,0.36288,3.6288,48.8133,0.516417,0,0,0.8748,0.20566,0,0.66528,12.849,1,0.84672,0.36288,0,60.0982,4.47796,55.1364,0.84672,12.849,0.84672,3695.15,0,0.0036966,1.96154e-05,0.61255,1.93222,6.68663,1.06993,8.16144,0.42336,0.0018483,0.21168,0.0018483,0.21168,460.486,0,1.02816,0,0,1.64071,0.61255,1.028160,1,0,63.2978,0,0,0,63.2978,0
22.5926,2.56148,0,0,3.20048,0.167177,0.36288,3.6288,49.4218,0.516394,0,0,1.33216,0.207213,0,0.66528,12.849,1,0.84672,0.36288,0,51.1702,4.39036,46.296,0.84672,12.849,0.84672,3695.15,0,0.0036966,1.95531e-05,0.578215,1.8321,7.49926,1.04896,8.8606,0.42336,0.0018483,0.21168,0.0018483,0.21168,460.486,0,1.02816,0,0,1.60637,0.578215,1.028160,1,0,55.1566,0,0,0,55.1566,0
25.2218,2.56143,0,0,5.7209,0.167421,0.36288,3.6288,51.0796,0.516371,0,0,2.38243,0.208257,0,0.66528,12.849,1,0.84672,0.36288,0,129.449,4.39036,124.575,0.84672,12.849,0.84672,3695.15,0,0.0036966,1.93115e-05,1.15738,1.83207,9.10665,1.04896,11.0471,0.42336,0.0018483,0.21168,0.0018483,0.21168,460.486,0,1.02816,0,0,2.18554,1.15738,1.028160,1,0,135.622,0,0,0,135.622,0
26.9832,2.56141,0,0,4.85169,0.166009,0.36288,3.6288,52.5629,0.516349,0,0,2.21489,0.215212,0,0.66528,12.849,1,0.84672,0.36288,0,118.619,3.75281,114.382,0.84672,12.849,0.84672,3695.15,0,0.0036966,1.86839e-05,2.04333,1.83205,9.40006,0.970173,12.3052,0.42336,0.0018483,0.21168,0.0018483,0.21168,460.486,0,1.02816,0,0,3.07149,2.04333,1.028160,1,0,126.687,0,0,0,126.687,0
24.059,2.56137,0,0,1.82804e-322,1.42716e-319,0.36288,3.6288,50.606,1.95691,0,0,1.62078e-319,1.31916e-319,0,0.66528,12.0035,1,0.84672,0.36288,0,4.05628e-321,2.74206e-318,3.20544,0.84672,12.0035,0.84672,3692.31,0,0.0036966,6.88119e-05,0.412474,1.83202,1.82804e-322,1.57443e-317,2.24442,0.42336,0.0018483,0.21168,0.0018483,0.21168,460.486,0,-0.412474,0,0,1.82804e-322,0.412474,1.028160,1,0,5.44986,0,0,0,5.44986,0
