0volume,0demand,0up_spill,0ww_inflow,0catch_inflow,0evap,0ds_spill,0treat_cap,1volume,1demand,1up_spill,1ww_inflow,1catch_inflow,1evap,1ds_spill,1treat_cap,2volume,2s_area,2demand,2up_spill,2ww_inflow,2catch_inflow,2evap,2ds_spill,2treat_cap,2valloc_0,2talloc_0,2valloc_1,2talloc_1,3volume,3demand,3up_spill,3ww_inflow,3catch_inflow,3evap,3ds_spill,3treat_cap,3valloc_0,3talloc_0,3valloc_1,3talloc_1,3valloc_2,3talloc_2,4demand,4up_spill,4ww_inflow,4catch_inflow,4ds_spill,4treat_cap,11volume,11s_area,11demand,11up_spill,11ww_inflow,11catch_inflow,11evap,11ds_spill,11treat_cap
71.8452,2.09699,0,0,2.27692,0.261864,0.36288,3.6288,61.308,0,0,0,0.647952,0.175939,0.472014,0.66528,12.849,1,0.372725,0.36288,0,48.1744,3.48138,44.6832,0.84672,12.849,0.84672,3695.15,0,0.0036966,5.36156e-05,0.66,0,5.73828,0.924981,5.47325,0.42336,0.0018483,0.21168,0.0018483,0.21168,460.486,0,1.12031,0,0,1.78031,0.66,1.028160,1,0,50.6284,0,0,0,50.6284,0
70.7338,2.09579,0,0,1.60831,0.26098,0.36288,3.6288,61.308,0.0925457,0,0,0.691654,0.175939,0.42317,0.66528,12.849,1,0.374817,0.36288,0,41.5936,3.48138,38.1002,0.84672,12.849,0.84672,3695.15,0,0.0036966,2.79005e-06,0.699659,1.32838,4.50449,0.924981,5.60755,0.42336,0.0018483,0.21168,0.0018483,0.21168,460.486,0,1.02816,0,0,1.72782,0.699659,1.028160,1,0,44.131,0,0,0,44.131,0
72.29,2.09155,0,0,4.3074,0.258772,0.400916,3.6288,61.308,0.0929481,0,0,1.97818,0.175939,1.70929,0.66528,12.849,1,0.379937,0.400916,0,127.598,3.48138,124.138,0.84672,12.849,0.84672,3695.15,0,0.0036966,2.80218e-06,2.94402,1.32886,11.3721,0.924981,14.72,0.42336,0.0018483,0.21168,0.0018483,0.21168,460.486,0,1.02816,0,0,3.97218,2.94402,1.028160,1,0,140.567,0,0,0,140.567,0
72.29,2.09925,0,0,4.03974,0.271849,1.66864,3.6288,61.308,0.0933506,0,0,2.13722,0.180751,1.86311,0.66528,12.849,1,0.373126,1.66864,0,118.496,3.57283,116.219,0.84672,12.849,0.84672,3695.15,0,0.0036966,2.81431e-06,3.90941,1.32934,9.88174,0.948448,14.172,0.42336,0.0018483,0.21168,0.0018483,0.21168,460.486,0,1.02816,0,0,4.93757,3.90941,1.028160,1,0,132.254,0,0,0,132.254,0
72.29,2.30484,0,0,5.69182,0.316579,3.07041,3.6288,61.308,0.225663,0,0,2.52222,0.210048,2.08651,0.66528,12.849,1,0.409667,3.07041,0,168.739,4.05946,167.34,0.84672,12.849,0.84672,3695.15,0,0.0036966,6.80322e-06,5.46537,1.32982,13.1157,1.05104,18.8598,0.42336,0.0018483,0.21168,0.0018483,0.21168,460.486,0,1.02816,0,0,6.49353,5.46537,1.028160,1,0,188.287,0,0,0,188.287,0
72.29,2.30566,0,0,3.16179,0.305194,0.550932,3.6288,61.308,0.226113,0,0,1.17212,0.210367,0.73564,0.66528,12.849,1,0.409814,0.550932,0,74.4371,4.01289,70.5653,0.84672,12.849,0.84672,3695.15,0,0.0036966,6.81679e-06,2.64348,1.47742,7.76116,1.02239,10.8597,0.42336,0.0018483,0.21168,0.0018483,0.21168,460.486,0,1.02816,0,0,3.67164,2.64348,1.028160,1,0,82.1606,0,0,0,82.1606,0
71.1312,2.30649,0,0,1.79771,0.287106,0.36288,3.6288,61.308,0.226563,0,0,0.798367,0.216546,0.355258,0.66528,12.849,1,0.409961,0.36288,0,41.5242,3.9754,37.5017,0.84672,12.849,0.84672,3695.15,0,0.0036966,6.83036e-06,1.23559,1.47795,4.84256,0.997281,6.55881,0.42336,0.0018483,0.21168,0.0018483,0.21168,460.486,0,1.02816,0,0,2.26375,1.23559,1.028160,1,0,44.4158,0,0,0,44.4158,0
70.6845,2.30166,0,0,2.47845,0.260676,0.36288,3.6288,61.308,0.227013,0,0,1.09784,0.224785,0.646043,0.66528,12.849,1,0.415767,0.36288,0,56.3777,3.92543,52.3994,0.84672,12.849,0.84672,3695.15,0,0.0036966,6.84394e-06,1.95416,1.47848,7.83527,0.963807,10.3041,0.42336,0.0018483,0.21168,0.0018483,0.21168,460.486,0,1.02816,0,0,2.98232,1.95416,1.028160,1,0,63.3496,0,0,0,63.3496,0
71.2107,2.00869,0,0,3.2154,0.317586,0.36288,3.6288,61.308,0.0501851,0,0,1.29093,0.234065,1.00668,0.66528,12.849,1,0.365139,0.36288,0,57.4409,4.24504,53.1936,0.84672,12.849,0.84672,3695.15,0,0.0036966,1.51297e-06,2.43289,1.47901,7.22689,1.00879,10.13,0.42336,0.0018483,0.21168,0.0018483,0.21168,460.486,0,1.02816,0,0,3.46105,2.43289,1.028160,1,0,64.3303,0,0,0,64.3303,0
72.1449,2.0117,0,0,3.67112,0.362396,0.36288,3.6288,61.308,0.0505719,0,0,0.894197,0.241025,0.6026,0.66528,12.849,1,0.362983,0.36288,0,66.757,4.48476,62.2721,0.84672,12.849,0.84672,3695.15,0,0.0036966,1.52463e-06,1.00589,1.278,7.78347,1.04252,9.02484,0.42336,0.0018483,0.21168,0.0018483,0.21168,460.486,0,1.02816,0,0,2.03405,1.00589,1.028160,1,0,71.8995,0,0,0,71.8995,0
72.29,2.01641,0,0,4.66002,0.364986,2.13348,3.6288,61.308,0.0509589,0,0,1.04474,0.241025,0.752757,0.66528,12.849,1,0.359122,2.13348,0,72.8037,4.48476,70.0934,0.84672,12.849,0.84672,3695.15,0,0.0036966,1.5363e-06,1.11118,1.27845,8.1684,1.04252,9.51552,0.42336,0.0018483,0.21168,0.0018483,0.21168,460.486,0,1.02816,0,0,2.13934,1.11118,1.028160,1,0,80.3616,0,0,0,80.3616,0
72.29,2.01775,0,0,5.53731,0.340131,3.17943,3.6288,61.308,0.0513459,0,0,1.59815,0.22829,1.31851,0.66528,12.849,1,0.358639,3.17943,0,80.7633,4.5213,79.0628,0.84672,12.849,0.84672,3695.15,0,0.0036966,1.54797e-06,2.38804,1.27891,12.2564,0.973942,14.9494,0.42336,0.0018483,0.21168,0.0018483,0.21168,460.486,0,1.02816,0,0,3.4162,2.38804,1.028160,1,0,95.3306,0,0,0,95.3306,0
72.29,2.01847,0,0,5.56791,0.322119,3.22732,3.6288,61.308,0.0517331,0,0,1.70059,0.208449,1.4404,0.66528,12.849,1,0.358768,3.22732,0,91.3144,4.56174,89.6212,0.84672,12.849,0.84672,3695.15,0,0.0036966,1.55964e-06,6.26046,1.27937,11.5836,0.918689,18.2048,0.42336,0.0018483,0.21168,0.0018483,0.21168,460.486,0,1.02816,0,0,7.28862,6.26046,1.028160,1,0,109.266,0,0,0,109.266,0
72.29,2.09297,0,0,4.3643,0.344465,1.92686,3.6288,61.308,0.0955672,0,0,1.58643,0.169099,1.32177,0.66528,12.849,1,0.372009,1.92686,0,89.9623,3.99241,87.5247,0.84672,12.849,0.84672,3695.15,0,0.0036966,2.88114e-06,3.25045,1.27983,9.21102,0.894714,12.8466,0.42336,0.0018483,0.21168,0.0018483,0.21168,460.486,0,1.02816,0,0,4.27861,3.25045,1.028160,1,0,101.693,0,0,0,101.693,0
72.29,2.09372,0,0,6.47402,0.344465,4.03584,3.6288,61.308,0.0959701,0,0,2.32123,0.169099,2.05616,0.66528,12.849,1,0.372143,4.03584,0,137.684,3.99241,137.355,0.84672,12.849,0.84672,3695.15,0,0.0036966,2.89329e-06,5.98324,1.33014,14.4388,0.894714,20.8575,0.42336,0.0018483,0.21168,0.0018483,0.21168,460.486,0,1.02816,0,0,7.0114,5.98324,1.028160,1,0,160.269,0,0,0,160.269,0
72.29,2.09447,0,0,4.9434,0.344465,2.50447,3.6288,61.308,0.0963731,0,0,1.95365,0.169099,1.68818,0.66528,12.849,1,0.372276,2.50447,0,102.617,3.99241,100.757,0.84672,12.849,0.84672,3695.15,0,0.0036966,2.90544e-06,4.06338,1.33062,11.6223,0.894714,16.1216,0.42336,0.0018483,0.21168,0.0018483,0.21168,460.486,0,1.02816,0,0,5.09154,4.06338,1.028160,1,0,118.567,0,0,0,118.567,0
72.29,2.09522,0,0,4.01687,0.344465,1.57719,3.6288,61.308,0.0967763,0,0,1.53788,0.169099,1.272,0.66528,12.849,1,0.37241,1.57719,0,81.9616,3.99241,79.174,0.84672,12.849,0.84672,3695.15,0,0.0036966,2.91759e-06,3.14181,1.33109,8.87077,0.894714,12.449,0.42336,0.0018483,0.21168,0.0018483,0.21168,460.486,0,1.02816,0,0,4.16997,3.14181,1.028160,1,0,92.895,0,0,0,92.895,0
72.29,2.06709,0,0,4.09323,0.240261,1.78589,3.6288,61.308,0.0802811,0,0,1.542,0.192678,1.26904,0.66528,12.849,1,0.367409,1.78589,0,86.8381,4.456,83.8005,0.84672,12.849,0.84672,3695.15,0,0.0036966,2.4203e-06,2.21253,1.33157,7.68398,1.02767,10.2004,0.42336,0.0018483,0.21168,0.0018483,0.21168,460.486,0,1.02816,0,0,3.24069,2.21253,1.028160,1,0,95.27,0,0,0,95.27,0
72.29,2.06783,0,0,3.9203,0.231214,1.62126,3.6288,61.308,0.0806784,0,0,1.44772,0.194653,1.17239,0.66528,12.849,1,0.36754,1.62126,0,83.1211,4.55984,79.815,0.84672,12.849,0.84672,3695.15,0,0.0036966,2.43227e-06,1.97084,1.31262,7.02207,1.04448,9.26106,0.42336,0.0018483,0.21168,0.0018483,0.21168,460.486,0,1.02816,0,0,2.999,1.97084,1.028160,1,0,90.2484,0,0,0,90.2484,0
72.29,2.06857,0,0,3.60732,0.231214,1.30754,3.6288,61.308,0.0810757,0,0,1.43512,0.194653,1.15939,0.66528,12.849,1,0.367672,1.30754,0,75.0505,4.55984,71.4305,0.84672,12.849,0.84672,3695.15,0,0.0036966,2.44425e-06,2.01614,1.31309,6.71,1.04448,8.99475,0.42336,0.0018483,0.21168,0.0018483,0.21168,460.486,0,1.02816,0,0,3.0443,2.01614,1.028160,1,0,81.5847,0,0,0,81.5847,0
72.29,2.06931,0,0,3.48449,0.236643,1.17853,3.6288,61.308,0.0814733,0,0,1.83478,0.183012,1.5703,0.66528,12.849,1,0.367804,1.17853,0,72.5,4.44916,68.8615,0.84672,12.849,0.84672,3695.15,0,0.0036966,2.45624e-06,2.65611,1.31356,8.30468,1.00342,11.2709,0.42336,0.0018483,0.21168,0.0018483,0.21168,460.486,0,1.02816,0,0,3.68427,2.65611,1.028160,1,0,81.7028,0,0,0,81.7028,0
72.29,2.16825,0,0,3.04709,0.238108,0.64074,3.6288,61.308,0.141883,0,0,1.36432,0.143234,1.0792,0.66528,12.849,1,0.385389,0.64074,0,57.8968,4.14989,54.0023,0.84672,12.849,0.84672,3695.15,0,0.0036966,4.27747e-06,1.68087,1.31403,6.0306,0.893805,8.13169,0.42336,0.0018483,0.21168,0.0018483,0.21168,460.486,0,1.02816,0,0,2.70903,1.68087,1.028160,1,0,63.2132,0,0,0,63.2132,0
72.29,2.16902,0,0,2.83548,0.186069,0.480391,3.6288,61.308,0.142302,0,0,1.41169,0.187078,1.08231,0.66528,12.849,1,0.385528,0.480391,0,53.209,4.68658,48.6173,0.84672,12.849,0.84672,3695.15,0,0.0036966,4.2901e-06,1.94119,1.38254,5.67211,1.08626,7.90958,0.42336,0.0018483,0.21168,0.0018483,0.21168,460.486,0,1.02816,0,0,2.96935,1.94119,1.028160,1,0,57.6092,0,0,0,57.6092,0
72.2123,2.1698,0,0,2.57774,0.122725,0.36288,3.6288,61.308,0.142722,0,0,1.19788,0.209607,0.845556,0.66528,12.849,1,0.385666,0.36288,0,50.3801,4.98887,45.3684,0.84672,12.849,0.84672,3695.15,0,0.0036966,4.30275e-06,1.61356,1.38304,5.07445,1.14707,6.92398,0.42336,0.0018483,0.21168,0.0018483,0.21168,460.486,0,1.02816,0,0,2.64172,1.61356,1.028160,1,0,53.138,0,0,0,53.138,0
71.9261,2.17023,0,0,2.36949,0.122652,0.36288,3.6288,61.308,0.143141,0,0,0.965701,0.209607,0.612954,0.66528,12.849,1,0.386156,0.36288,0,46.1919,4.98887,41.1797,0.84672,12.849,0.84672,3695.15,0,0.0036966,4.31539e-06,1.22534,1.38353,4.59804,1.14707,6.05984,0.42336,0.0018483,0.21168,0.0018483,0.21168,460.486,0,1.02816,0,0,2.2535,1.22534,1.028160,1,0,47.8525,0,0,0,47.8525,0
71.5181,2.1697,0,0,2.25374,0.129116,0.36288,3.6288,61.308,0.143561,0,0,0.820117,0.219667,0.456889,0.66528,12.849,1,0.387599,0.36288,0,41.1458,5.09116,36.0299,0.84672,12.849,0.84672,3695.15,0,0.0036966,4.32804e-06,1.08128,1.38403,4.49875,1.17121,5.79284,0.42336,0.0018483,0.21168,0.0018483,0.21168,460.486,0,1.02816,0,0,2.10944,1.08128,1.028160,1,0,42.2796,0,0,0,42.2796,0
70.6368,2.14918,0,0,1.75926,0.12847,0.36288,3.6288,61.308,0.177023,0,0,0.935677,0.192376,0.566278,0.66528,12.849,1,0.386123,0.36288,0,34.1582,4.17491,29.96,0.84672,12.849,0.84672,3695.15,0,0.0036966,5.33686e-06,0.804246,1.38452,4.85813,1.01342,6.03347,0.42336,0.0018483,0.21168,0.0018483,0.21168,460.486,0,1.02816,0,0,1.83241,0.804246,1.028160,1,0,36.5598,0,0,0,36.5598,0
69.5922,2.14587,0,0,1.59175,0.127606,0.36288,3.6288,61.308,0.177455,0,0,0.868346,0.192376,0.498515,0.66528,12.849,1,0.390338,0.36288,0,30.6743,4.17491,26.472,0.84672,12.849,0.84672,3695.15,0,0.0036966,5.34987e-06,0.576953,1.40625,4.65939,1.01342,5.62917,0.42336,0.0018483,0.21168,0.0018483,0.21168,460.486,0,1.02816,0,0,1.60511,0.576953,1.028160,1,0,32.5997,0,0,0,32.5997,0
68.5055,2.14169,0,0,1.51648,0.0986051,0.36288,3.6288,61.308,0.177887,0,0,0.821621,0.258191,0.385544,0.66528,12.849,1,0.395426,0.36288,0,27.7886,5.02181,22.7342,0.84672,12.849,0.84672,3695.15,0,0.0036966,5.36289e-06,0.58479,1.40676,4.41447,1.32255,5.08346,0.42336,0.0018483,0.21168,0.0018483,0.21168,460.486,0,1.02816,0,0,1.61295,0.58479,1.028160,1,0,28.2032,0,0,0,28.2032,0
67.2587,2.13717,0,0,1.34631,0.0931515,0.36288,3.6288,61.308,0.178318,0,0,0.768226,0.26916,0.320747,0.66528,12.849,1,0.400851,0.36288,0,25.4157,5.16296,20.2148,0.84672,12.849,0.84672,3695.15,0,0.0036966,5.3759e-06,0.540691,1.40726,4.26895,1.37408,4.84282,0.42336,0.0018483,0.21168,0.0018483,0.21168,460.486,0,1.02816,0,0,1.56885,0.540691,1.028160,1,0,25.3783,0,0,0,25.3783,0
65.7794,2.18144,0,0,1.15954,0.0944839,0.36288,3.6288,61.308,0.208241,0,0,0.64615,0.298254,0.139655,0.66528,12.849,1,0.41674,0.36288,0,20.2924,5.73918,14.4994,0.84672,12.849,0.84672,3695.15,0,0.0036966,6.278e-06,0.278268,1.40777,3.34698,1.42382,3.60919,0.42336,0.0018483,0.21168,0.0018483,0.21168,460.486,0,1.02816,0,0,1.30643,0.278268,1.028160,1,0,18.2482,0,0,0,18.2482,0
64.3069,2.17438,0,0,1.159,0.0942668,0.36288,3.6288,61.308,0.208683,0,0,0.64511,0.309892,0.126534,0.66528,12.849,1,0.424732,0.36288,0,25.44,5.96967,19.4084,0.84672,12.849,0.84672,3695.15,0,0.0036966,6.29134e-06,0.431447,1.44216,3.4533,1.44371,3.88319,0.42336,0.0018483,0.21168,0.0018483,0.21168,460.486,0,1.02816,0,0,1.45961,0.431447,1.028160,1,0,23.4182,0,0,0,23.4182,0
62.7647,2.16705,0,0,1.08093,0.0931588,0.36288,3.6288,61.308,0.209126,0,0,0.571387,0.309892,0.0523682,0.66528,12.849,1,0.432993,0.36288,0,20.1252,5.96967,14.0855,0.84672,12.849,0.84672,3695.15,0,0.0036966,6.30469e-06,0.412638,1.44268,3.15207,1.44371,3.56366,0.42336,0.0018483,0.21168,0.0018483,0.21168,460.486,0,1.02816,0,0,1.4408,0.412638,1.028160,1,0,17.7015,0,0,0,17.7015,0
61.134,2.15899,0,0,0.983215,0.0919985,0.36288,3.6288,61.285,0.249821,0,0,0.536711,0.309892,0,0.66528,12.849,1,0.441982,0.36288,0,18.5059,5.96967,12.4572,0.84672,12.849,0.84672,3695.15,0,0.0036966,7.53156e-06,0.227405,1.44319,2.88481,1.44371,3.11168,0.42336,0.0018483,0.21168,0.0018483,0.21168,460.486,0,0.987906,0,0,1.21531,0.227405,1.028160,1,0,15.5688,0,0,0,15.5688,0
59.5234,2.29361,0,0,1.13227,0.0864144,0.36288,3.6288,61.2595,0.316611,0,0,0.606517,0.315374,0,0.66528,12.849,1,0.482064,0.36288,0,19.2663,6.23166,12.9155,0.84672,12.849,0.84672,3695.15,0,0.0036966,9.54869e-06,0.489404,1.44371,3.75102,1.50112,4.183,0.42336,0.0018483,0.21168,0.0018483,0.21168,460.486,0,1.02816,0,0,1.51756,0.489404,1.028160,1,0,17.0985,0,0,0,17.0985,0
58.0993,2.28369,0,0,1.32786,0.105396,0.36288,3.6288,61.2412,0.317092,0,0,0.609736,0.311013,0,0.66528,12.849,1,0.492969,0.36288,0,24.0009,6.36321,17.5076,0.84672,12.849,0.84672,3695.15,0,0.0036966,9.56718e-06,0.374959,1.55915,3.11971,1.54006,3.51375,0.42336,0.0018483,0.21168,0.0018483,0.21168,460.486,0,1.02816,0,0,1.40312,0.374959,1.028160,1,0,21.0213,0,0,0,21.0213,0
56.4246,2.27461,0,0,1.06674,0.103954,0.36288,3.6288,60.7952,0.576031,0,0,0.441015,0.310976,0,0.66528,12.849,1,0.503043,0.36288,0,23.4527,6.36321,16.9493,0.84672,12.849,0.84672,3695.15,0,0.0036966,1.7385e-05,0.204422,1.55971,2.50442,1.54006,2.72847,0.42336,0.0018483,0.21168,0.0018483,0.21168,460.486,0,0.769694,0,0,0.974117,0.204422,1.028160,1,0,19.6778,0,0,0,19.6778,0
55.0247,2.26326,0,0,1.3285,0.102258,0.36288,3.6288,60.9208,0.318054,0,0,0.753776,0.310099,0,0.66528,12.849,1,0.515389,0.36288,0,21.4197,6.36321,14.904,0.84672,12.849,0.84672,3695.15,0,0.0036966,9.66951e-06,0.814484,1.56027,3.87233,1.54006,4.70701,0.42336,0.0018483,0.21168,0.0018483,0.21168,460.486,0,1.02816,0,0,1.84264,0.814484,1.028160,1,0,19.611,0,0,0,19.611,0
53.3779,2.25343,0,0,1.07696,0.107408,0.36288,3.6288,60.8692,0.318536,0,0,0.535985,0.269079,0,0.66528,12.849,1,0.526206,0.36288,0,16.1626,5.25414,10.7451,0.84672,12.849,0.84672,3695.15,0,0.0036966,9.66419e-06,0.245022,1.56082,3.87489,1.10833,4.5724,0.42336,0.0018483,0.21168,0.0018483,0.21168,460.486,0,1.02816,0,0,1.27318,0.245022,1.028160,1,0,15.3175,0,0,0,15.3175,0
52.9287,2.17277,0,0,2.24576,0.159313,0.36288,3.6288,61.308,0.2542,0,0,1.07234,0.288506,0.0907911,0.66528,12.849,1,0.523023,0.36288,0,46.4952,5.19719,41.1379,0.84672,12.849,0.84672,3695.15,0,0.0036966,7.71883e-06,1.49928,1.56138,7.02855,1.27496,8.81425,0.42336,0.0018483,0.21168,0.0018483,0.21168,460.486,0,1.02816,0,0,2.52744,1.49928,1.028160,1,0,50.0429,0,0,0,50.0429,0
52.2342,2.16997,0,0,1.99689,0.158583,0.36288,3.6288,61.308,0.254659,0,0,1.56831,0.289309,1.02434,0.66528,12.849,1,0.526783,0.36288,0,39.443,5.19719,34.0819,0.84672,12.849,0.84672,3695.15,0,0.0036966,7.6774e-06,3.13862,1.49596,8.07814,1.27496,11.4378,0.42336,0.0018483,0.21168,0.0018483,0.21168,460.486,0,1.02816,0,0,4.16678,3.13862,1.028160,1,0,46.544,0,0,0,46.544,0
51.3103,2.16512,0,0,1.76159,0.157453,0.36288,3.6288,61.308,0.255118,0,0,0.882965,0.289309,0.338538,0.66528,12.849,1,0.532595,0.36288,0,40.8568,5.19719,35.4899,0.84672,12.849,0.84672,3695.15,0,0.0036966,7.69123e-06,1.49481,1.4965,6.05778,1.27496,7.77412,0.42336,0.0018483,0.21168,0.0018483,0.21168,460.486,0,1.02816,0,0,2.52297,1.49481,1.028160,1,0,43.6026,0,0,0,43.6026,0
50.1281,2.15822,0,0,1.4948,0.15595,0.36288,3.6288,61.308,0.255577,0,0,0.804859,0.289309,0.259974,0.66528,12.849,1,0.540457,0.36288,0,37.7526,5.19719,32.3778,0.84672,12.849,0.84672,3695.15,0,0.0036966,7.70506e-06,1.26558,1.49703,5.76431,1.27496,7.25195,0.42336,0.0018483,0.21168,0.0018483,0.21168,460.486,0,1.02816,0,0,2.29374,1.26558,1.028160,1,0,39.8897,0,0,0,39.8897,0
50.4004,2.09334,0,0,2.92416,0.195568,0.36288,3.6288,61.308,0.196951,0,0,1.65393,0.248602,1.20838,0.66528,12.849,1,0.536571,0.36288,0,112.963,3.733,109.057,0.84672,12.849,0.84672,3695.15,0,0.0036966,5.93764e-06,2.52908,1.49757,11.5655,0.957954,14.6342,0.42336,0.0018483,0.21168,0.0018483,0.21168,460.486,0,1.02816,0,0,3.55724,2.52908,1.028160,1,0,124.899,0,0,0,124.899,0
50.9939,2.0964,0,0,3.27793,0.22522,0.36288,3.6288,61.308,0.197389,0,0,1.60752,0.285273,1.12486,0.66528,12.849,1,0.534451,0.36288,0,141.364,4.00459,137.188,0.84672,12.849,0.84672,3695.15,0,0.0036966,5.95084e-06,1.89035,1.43938,12.6081,1.07085,14.867,0.42336,0.0018483,0.21168,0.0018483,0.21168,460.486,0,1.02816,0,0,2.91851,1.89035,1.028160,1,0,153.18,0,0,0,153.18,0
51.1584,2.10211,0,0,2.89722,0.267677,0.36288,3.6288,61.308,0.197827,0,0,1.1604,0.295875,0.666693,0.66528,12.849,1,0.529673,0.36288,0,54.667,4.48686,50.0134,0.84672,12.849,0.84672,3695.15,0,0.0036966,5.96405e-06,0.786594,1.4399,8.36438,1.16348,9.42739,0.42336,0.0018483,0.21168,0.0018483,0.21168,460.486,0,1.02816,0,0,1.81475,0.786594,1.028160,1,0,60.1074,0,0,0,60.1074,0
52.0416,2.10423,0,0,3.6184,0.268138,0.36288,3.6288,61.308,0.198265,0,0,1.36253,0.295875,0.868387,0.66528,12.849,1,0.5285,0.36288,0,41.9875,4.48686,37.335,0.84672,12.849,0.84672,3695.15,0,0.0036966,5.97726e-06,1.63325,1.44041,8.87898,1.16348,10.7892,0.42336,0.0018483,0.21168,0.0018483,0.21168,460.486,0,1.02816,0,0,2.66141,1.63325,1.028160,1,0,48.9925,0,0,0,48.9925,0
53.7756,1.95311,0,0,4.314,0.264006,0.36288,3.6288,61.308,0.0754723,0,0,1.14162,0.285376,0.780768,0.66528,12.849,1,0.482219,0.36288,0,60.9886,4.40238,56.4669,0.84672,12.849,0.84672,3695.15,0,0.0036966,2.27532e-06,1.125,1.44093,9.63619,1.10565,11.0965,0.42336,0.0018483,0.21168,0.0018483,0.21168,460.486,0,1.02816,0,0,2.15316,1.125,1.028160,1,0,68.3442,0,0,0,68.3442,0
55.3515,1.96636,0,0,4.15712,0.251933,0.36288,3.6288,61.308,0.0758667,0,0,0.686945,0.259128,0.35195,0.66528,12.849,1,0.469837,0.36288,0,93.6446,4.19118,89.3465,0.84672,12.849,0.84672,3695.15,0,0.0036966,2.28721e-06,0.739999,1.30906,8.15752,0.961063,9.24551,0.42336,0.0018483,0.21168,0.0018483,0.21168,460.486,0,1.02816,0,0,1.76816,0.739999,1.028160,1,0,98.944,0,0,0,98.944,0
58.0979,1.97792,0,0,5.34311,0.25597,0.36288,3.6288,61.308,0.0762611,0,0,2.26742,0.259128,1.93203,0.66528,12.849,1,0.459144,0.36288,0,128.406,4.19118,124.119,0.84672,12.849,0.84672,3695.15,0,0.0036966,2.2991e-06,3.3204,1.30953,12.9347,0.961063,16.6036,0.42336,0.0018483,0.21168,0.0018483,0.21168,460.486,0,1.02816,0,0,4.34856,3.3204,1.028160,1,0,142.654,0,0,0,142.654,0
59.0613,1.99641,0,0,3.63117,0.308472,0.36288,3.6288,61.308,0.0766557,0,0,0.771778,0.254482,0.44064,0.66528,12.849,1,0.441529,0.36288,0,57.0136,4.94358,51.9914,0.84672,12.849,0.84672,3695.15,0,0.0036966,2.311e-06,1.15065,1.31,6.81214,1.27737,7.99541,0.42336,0.0018483,0.21168,0.0018483,0.21168,460.486,0,1.02816,0,0,2.17881,1.15065,1.028160,1,0,60.4275,0,0,0,60.4275,0
58.9803,2.00304,0,0,2.60398,0.319015,0.36288,3.6288,61.308,0.0770504,0,0,0.593362,0.253708,0.262604,0.66528,12.849,1,0.43577,0.36288,0,44.8786,5.06898,39.7367,0.84672,12.849,0.84672,3695.15,0,0.0036966,2.3229e-06,0.481775,1.31046,6.35838,1.33009,6.82053,0.42336,0.0018483,0.21168,0.0018483,0.21168,460.486,0,1.02816,0,0,1.50994,0.481775,1.028160,1,0,46.8198,0,0,0,46.8198,0
62.2326,2.06601,0,0,5.92383,0.242696,0.36288,3.6288,61.308,0.113185,0,0,2.11501,0.21744,1.78438,0.66528,12.849,1,0.450085,0.36288,0,150.348,3.56247,146.698,0.84672,12.849,0.84672,3695.15,0,0.0036966,3.41227e-06,3.12833,1.31093,13.0784,0.887347,16.6303,0.42336,0.0018483,0.21168,0.0018483,0.21168,460.486,0,1.02816,0,0,4.15649,3.12833,1.028160,1,0,165.113,0,0,0,165.113,0
65.5206,2.08623,0,0,5.97383,0.23671,0.36288,3.6288,61.308,0.11358,0,0,2.30931,0.211395,1.98433,0.66528,12.849,1,0.430739,0.36288,0,154.638,3.31139,151.259,0.84672,12.849,0.84672,3695.15,0,0.0036966,3.42418e-06,2.71683,1.35333,12.2023,0.813556,15.4589,0.42336,0.0018483,0.21168,0.0018483,0.21168,460.486,0,1.02816,0,0,3.74499,2.71683,1.028160,1,0,168.702,0,0,0,168.702,0
67.7166,2.10503,0,0,4.90706,0.243104,0.36288,3.6288,61.308,0.113975,0,0,2.29247,0.211395,1.9671,0.66528,12.849,1,0.41281,0.36288,0,83.8581,3.31139,80.4968,0.84672,12.849,0.84672,3695.15,0,0.0036966,3.43609e-06,2.88321,1.3538,10.4052,0.813556,13.8287,0.42336,0.0018483,0.21168,0.0018483,0.21168,460.486,0,1.02816,0,0,3.91137,2.88321,1.028160,1,0,96.2926,0,0,0,96.2926,0
71.4867,2.11702,0,0,6.50881,0.258823,0.36288,3.6288,61.308,0.11437,0,0,2.52713,0.206462,2.2063,0.66528,12.849,1,0.401697,0.36288,0,104.448,3.35154,101.058,0.84672,12.849,0.84672,3695.15,0,0.0036966,3.448e-06,3.25247,1.35427,14.7929,0.837912,18.5617,0.42336,0.0018483,0.21168,0.0018483,0.21168,460.486,0,1.02816,0,0,4.28063,3.25247,1.028160,1,0,121.826,0,0,0,121.826,0
72.29,2.34403,0,0,9.18482,0.316597,5.7209,3.6288,61.308,0.249145,0,0,4.85889,0.16258,4.44717,0.66528,12.849,1,0.421315,5.7209,0,168.223,3.74921,169.773,0.84672,12.849,0.84672,3695.15,0,0.0036966,7.51118e-06,7.1036,1.35474,26.1849,0.968958,33.6743,0.42336,0.0018483,0.21168,0.0018483,0.21168,460.486,0,1.02816,0,0,8.13176,7.1036,1.028160,1,0,207.894,0,0,0,207.894,0
72.29,2.34882,0,0,8.62834,0.290871,5.98865,3.6288,61.308,0.249587,0,0,4.70342,0.14354,4.31029,0.66528,12.849,1,0.417485,5.98865,0,177.814,3.95818,179.427,0.84672,12.849,0.84672,3695.15,0,0.0036966,7.5245e-06,5.0149,1.50509,22.2847,0.948836,27.8559,0.42336,0.0018483,0.21168,0.0018483,0.21168,460.486,0,1.02816,0,0,6.04306,5.0149,1.028160,1,0,211.593,0,0,0,211.593,0
72.29,2.34963,0,0,7.05542,0.290871,4.41492,3.6288,61.308,0.250029,0,0,3.67259,0.14354,3.27902,0.66528,12.849,1,0.417629,4.41492,0,126.466,3.95818,126.505,0.84672,12.849,0.84672,3695.15,0,0.0036966,7.53783e-06,3.07715,1.50561,16.7687,0.948836,20.4026,0.42336,0.0018483,0.21168,0.0018483,0.21168,460.486,0,1.02816,0,0,4.10531,3.07715,1.028160,1,0,150.187,0,0,0,150.187,0
72.29,2.35044,0,0,6.2602,0.271328,3.63843,3.6288,61.308,0.250472,0,0,3.73479,0.170593,3.31372,0.66528,12.849,1,0.417774,3.63843,0,109.882,4.01033,109.092,0.84672,12.849,0.84672,3695.15,0,0.0036966,7.55116e-06,3.14625,1.50613,15.8585,0.9947,19.5162,0.42336,0.0018483,0.21168,0.0018483,0.21168,460.486,0,1.02816,0,0,4.17441,3.14625,1.028160,1,0,131.922,0,0,0,131.922,0
72.29,2.05322,0,0,9.20609,0.30361,6.84926,3.6288,61.308,0.0703244,0,0,5.53589,0.158865,5.3067,0.66528,12.849,1,0.364944,6.84926,0,174.595,4.18169,176.897,0.84672,12.849,0.84672,3695.15,0,0.0036966,2.12013e-06,5.42148,1.50665,35.486,1.007,41.4071,0.42336,0.0018483,0.21168,0.0018483,0.21168,460.486,0,1.02816,0,0,6.44964,5.42148,1.028160,1,0,223.611,0,0,0,223.611,0
72.29,2.05393,0,0,10.2682,0.366196,7.84808,3.6288,61.308,0.0707043,0,0,5.77634,0.116177,5.58946,0.66528,12.849,1,0.36507,7.84808,0,249.851,4.35803,252.976,0.84672,12.849,0.84672,3695.15,0,0.0036966,2.13158e-06,5.87978,1.30186,26.6325,0.977528,32.8366,0.42336,0.0018483,0.21168,0.0018483,0.21168,460.486,0,1.02816,0,0,6.90794,5.87978,1.028160,1,0,291.402,0,0,0,291.402,0
72.29,2.05464,0,0,12.1268,0.366196,9.70601,3.6288,61.308,0.0710844,0,0,6.75962,0.116177,6.57236,0.66528,12.849,1,0.365197,9.70601,0,318.039,4.35803,323.022,0.84672,12.849,0.84672,3695.15,0,0.0036966,2.14304e-06,8.86075,1.30231,31.4626,0.977528,40.6482,0.42336,0.0018483,0.21168,0.0018483,0.21168,460.486,0,1.02816,0,0,9.88891,8.86075,1.028160,1,0,370.243,0,0,0,370.243,0
72.29,2.05535,0,0,8.84045,0.302583,6.48251,3.6288,61.308,0.0714644,0,0,4.49875,0.0931483,4.33414,0.66528,12.849,1,0.365323,6.48251,0,248.31,4.00537,250.422,0.84672,12.849,0.84672,3695.15,0,0.0036966,2.15449e-06,5.31884,1.30277,24.2407,0.951161,29.9112,0.42336,0.0018483,0.21168,0.0018483,0.21168,460.486,0,1.02816,0,0,6.347,5.31884,1.028160,1,0,284.667,0,0,0,284.667,0
72.29,2.05606,0,0,13.0249,0.317391,10.6514,3.6288,61.308,0.0718445,0,0,4.73875,0.165548,4.50136,0.66528,12.849,1,0.365449,10.6514,0,250.856,4.9413,256.201,0.84672,12.849,0.84672,3695.15,0,0.0036966,2.16595e-06,6.68831,1.30322,30.6657,1.23135,37.4259,0.42336,0.0018483,0.21168,0.0018483,0.21168,460.486,0,1.02816,0,0,7.71647,6.68831,1.028160,1,0,298.128,0,0,0,298.128,0
72.29,2.13192,0,0,11.4526,0.30617,9.01449,3.6288,61.308,0.11648,0,0,9.24143,0.181948,8.943,0.66528,12.849,1,0.378933,9.01449,0,249.418,4.86507,253.188,0.84672,12.849,0.84672,3695.15,0,0.0036966,3.51162e-06,10.1252,1.30367,31.3636,1.26091,41.5316,0.42336,0.0018483,0.21168,0.0018483,0.21168,460.486,0,1.02816,0,0,11.1534,10.1252,1.028160,1,0,303.663,0,0,0,303.663,0
72.29,2.13266,0,0,7.26192,0.30617,4.82309,3.6288,61.308,0.116876,0,0,5.72176,0.181948,5.42294,0.66528,12.849,1,0.379064,4.82309,0,153.081,4.86507,152.66,0.84672,12.849,0.84672,3695.15,0,0.0036966,3.52355e-06,6.5918,1.3549,21.9523,1.26091,28.638,0.42336,0.0018483,0.21168,0.0018483,0.21168,460.486,0,1.02816,0,0,7.61996,6.5918,1.028160,1,0,186.721,0,0,0,186.721,0
72.29,2.1334,0,0,5.87797,0.30617,3.43841,3.6288,61.308,0.117271,0,0,4.73358,0.181948,4.43436,0.66528,12.849,1,0.379195,3.43841,0,106.193,4.86507,104.387,0.84672,12.849,0.84672,3695.15,0,0.0036966,3.53547e-06,5.98821,1.35536,18.3419,1.26091,24.4246,0.42336,0.0018483,0.21168,0.0018483,0.21168,460.486,0,1.02816,0,0,7.01637,5.98821,1.028160,1,0,133.246,0,0,0,133.246,0
72.29,2.13413,0,0,5.13746,0.30617,2.69715,3.6288,61.308,0.117667,0,0,4.31467,0.181948,4.01505,0.66528,12.849,1,0.379326,2.69715,0,90.9109,4.86507,88.3637,0.84672,12.849,0.84672,3695.15,0,0.0036966,3.54741e-06,5.58844,1.35583,16.436,1.26091,22.1193,0.42336,0.0018483,0.21168,0.0018483,0.21168,460.486,0,1.02816,0,0,6.6166,5.58844,1.028160,1,0,114.498,0,0,0,114.498,0
72.29,2.10545,0,0,5.52887,0.260871,3.16255,3.6288,61.308,0.100851,0,0,4.84543,0.201436,4.54315,0.66528,12.849,1,0.374227,3.16255,0,95.8608,4.1141,94.535,0.84672,12.849,0.84672,3695.15,0,0.0036966,3.04044e-06,6.05921,1.3563,18.1739,1.17232,24.4171,0.42336,0.0018483,0.21168,0.0018483,0.21168,460.486,0,1.02816,0,0,7.08737,6.05921,1.028160,1,0,123.495,0,0,0,123.495,0
72.29,2.10617,0,0,6.01989,0.242751,3.67097,3.6288,61.308,0.101241,0,0,3.43916,0.209232,3.12869,0.66528,12.849,1,0.374356,3.67097,0,127.578,3.8137,127.061,0.84672,12.849,0.84672,3695.15,0,0.0036966,3.0522e-06,4.97428,1.33698,13.1991,1.13688,18.3734,0.42336,0.0018483,0.21168,0.0018483,0.21168,460.486,0,1.02816,0,0,6.00244,4.97428,1.028160,1,0,148.563,0,0,0,148.563,0
72.29,2.1069,0,0,4.70004,0.242751,2.35039,3.6288,61.308,0.101631,0,0,2.54635,0.209232,2.23549,0.66528,12.849,1,0.374486,2.35039,0,102.398,3.8137,100.56,0.84672,12.849,0.84672,3695.15,0,0.0036966,3.06396e-06,4.58845,1.33744,12.0231,1.13688,16.8121,0.42336,0.0018483,0.21168,0.0018483,0.21168,460.486,0,1.02816,0,0,5.61661,4.58845,1.028160,1,0,119.608,0,0,0,119.608,0
72.29,2.10763,0,0,4.34808,0.242751,1.9977,3.6288,61.308,0.102022,0,0,2.04212,0.209232,1.73087,0.66528,12.849,1,0.374615,1.9977,0,72.506,3.8137,70.3154,0.84672,12.849,0.84672,3695.15,0,0.0036966,3.07573e-06,3.29774,1.3379,10.1336,1.13688,13.6324,0.42336,0.0018483,0.21168,0.0018483,0.21168,460.486,0,1.02816,0,0,4.3259,3.29774,1.028160,1,0,85.6786,0,0,0,85.6786,0
72.29,2.20837,0,0,3.92635,0.197865,1.52012,3.6288,61.308,0.163535,0,0,2.05599,0.203625,1.68883,0.66528,12.849,1,0.392521,1.52012,0,66.4502,3.98566,63.5922,0.84672,12.849,0.84672,3695.15,0,0.0036966,4.93022e-06,3.12827,1.33836,9.73287,1.14898,13.0505,0.42336,0.0018483,0.21168,0.0018483,0.21168,460.486,0,1.02816,0,0,4.15643,3.12827,1.028160,1,0,78.3315,0,0,0,78.3315,0
72.29,2.20913,0,0,3.76217,0.162821,1.39021,3.6288,61.308,0.163947,0,0,2.12266,0.172125,1.78659,0.66528,12.849,1,0.392657,1.39021,0,65.7757,4.06476,62.7085,0.84672,12.849,0.84672,3695.15,0,0.0036966,4.94263e-06,2.97618,1.40813,8.69435,1.05475,12.0239,0.42336,0.0018483,0.21168,0.0018483,0.21168,460.486,0,1.02816,0,0,4.00434,2.97618,1.028160,1,0,76.519,0,0,0,76.519,0
72.29,2.2099,0,0,3.51525,0.162821,1.14253,3.6288,61.308,0.164358,0,0,1.69428,0.172125,1.35779,0.66528,12.849,1,0.392792,1.14253,0,60.5731,4.06476,57.2581,0.84672,12.849,0.84672,3695.15,0,0.0036966,4.95504e-06,2.43962,1.40861,8.03788,1.05475,10.8314,0.42336,0.0018483,0.21168,0.0018483,0.21168,460.486,0,1.02816,0,0,3.46778,2.43962,1.028160,1,0,69.4473,0,0,0,69.4473,0
72.29,2.21066,0,0,3.4063,0.165691,1.02995,3.6288,61.308,0.16477,0,0,1.44183,0.212764,1.06429,0.66528,12.849,1,0.392928,1.02995,0,54.9685,4.75905,50.8464,0.84672,12.849,0.84672,3695.15,0,0.0036966,4.96745e-06,2.30131,1.4091,7.75812,1.19642,10.2721,0.42336,0.0018483,0.21168,0.0018483,0.21168,460.486,0,1.02816,0,0,3.32947,2.30131,1.028160,1,0,62.1828,0,0,0,62.1828,0
72.29,2.21142,0,0,3.13238,0.152496,0.76846,3.6288,61.308,0.165182,0,0,1.36664,0.270531,0.930928,0.66528,12.849,1,0.393064,0.76846,0,51.6675,5.72975,46.3132,0.84672,12.849,0.84672,3695.15,0,0.0036966,4.97987e-06,2.35567,1.40958,7.57659,1.39929,9.94255,0.42336,0.0018483,0.21168,0.0018483,0.21168,460.486,0,1.02816,0,0,3.38383,2.35567,1.028160,1,0,57.1867,0,0,0,57.1867,0
72.29,2.19237,0,0,3.11571,0.111468,0.811872,3.6288,61.308,0.199246,0,0,1.32405,0.237592,0.887207,0.66528,12.849,1,0.389678,0.811872,0,45.787,4.87672,41.3325,0.84672,12.849,0.84672,3695.15,0,0.0036966,6.00683e-06,1.79004,1.41007,6.53695,1.2138,8.52326,0.42336,0.0018483,0.21168,0.0018483,0.21168,460.486,0,1.02816,0,0,2.8182,1.79004,1.028160,1,0,50.7429,0,0,0,50.7429,0
72.29,2.19313,0,0,2.86326,0.111468,0.558663,3.6288,61.308,0.19967,0,0,1.28599,0.237592,0.848733,0.66528,12.849,1,0.389812,0.558663,0,45.0638,4.87672,40.3559,0.84672,12.849,0.84672,3695.15,0,0.0036966,6.01961e-06,1.79123,1.43219,6.59163,1.2138,8.60124,0.42336,0.0018483,0.21168,0.0018483,0.21168,460.486,0,1.02816,0,0,2.81939,1.79123,1.028160,1,0,49.8059,0,0,0,49.8059,0
72.228,2.19389,0,0,2.60626,0.111468,0.36288,3.6288,61.308,0.200094,0,0,1.2028,0.237592,0.765115,0.66528,12.849,1,0.389947,0.36288,0,43.2612,4.87672,38.3574,0.84672,12.849,0.84672,3695.15,0,0.0036966,6.03238e-06,1.41466,1.43268,6.19218,1.2138,7.82572,0.42336,0.0018483,0.21168,0.0018483,0.21168,460.486,0,1.02816,0,0,2.44282,1.41466,1.028160,1,0,46.9482,0,0,0,46.9482,0
71.9702,2.19436,0,0,2.39655,0.0971433,0.36288,3.6288,61.308,0.200518,0,0,1.14835,0.270499,0.677335,0.66528,12.849,1,0.390366,0.36288,0,38.3524,5.30018,33.0247,0.84672,12.849,0.84672,3695.15,0,0.0036966,6.04516e-06,1.4025,1.43317,5.95833,1.36837,7.42562,0.42336,0.0018483,0.21168,0.0018483,0.21168,460.486,0,1.02816,0,0,2.43066,1.4025,1.028160,1,0,41.1277,0,0,0,41.1277,0
71.599,2.24513,0,0,2.32465,0.0877814,0.36288,3.6288,61.308,0.230975,0,0,1.03232,0.31667,0.484671,0.66528,12.849,1,0.400829,0.36288,0,41.443,5.77603,35.629,0.84672,12.849,0.84672,3695.15,0,0.0036966,6.96337e-06,1.2334,1.43367,5.22369,1.51496,6.3758,0.42336,0.0018483,0.21168,0.0018483,0.21168,460.486,0,1.02816,0,0,2.26156,1.2334,1.028160,1,0,42.4895,0,0,0,42.4895,0
70.979,2.24415,0,0,2.08188,0.0948782,0.36288,3.6288,61.308,0.231409,0,0,0.862281,0.318392,0.312479,0.66528,12.849,1,0.402729,0.36288,0,33.2198,5.70948,27.4705,0.84672,12.849,0.84672,3695.15,0,0.0036966,6.97647e-06,1.16027,1.46868,4.71955,1.47034,5.87815,0.42336,0.0018483,0.21168,0.0018483,0.21168,460.486,0,1.02816,0,0,2.18843,1.16027,1.028160,1,0,33.6612,0,0,0,33.6612,0
70.2046,2.24194,0,0,1.92483,0.0944295,0.36288,3.6288,61.308,0.231844,0,0,0.799658,0.318392,0.249422,0.66528,12.849,1,0.405848,0.36288,0,31.8549,5.70948,26.1025,0.84672,12.849,0.84672,3695.15,0,0.0036966,6.98958e-06,0.893964,1.46918,4.10362,1.47034,4.99642,0.42336,0.0018483,0.21168,0.0018483,0.21168,460.486,0,1.02816,0,0,1.92212,0.893964,1.028160,1,0,31.3483,0,0,0,31.3483,0
69.4813,2.23893,0,0,1.96759,0.0890454,0.36288,3.6288,61.308,0.232278,0,0,0.888036,0.320982,0.334776,0.66528,12.849,1,0.409773,0.36288,0,30.297,5.78425,24.4659,0.84672,12.849,0.84672,3695.15,0,0.0036966,7.00268e-06,1.15333,1.46969,5.07589,1.48528,6.21362,0.42336,0.0018483,0.21168,0.0018483,0.21168,460.486,0,1.02816,0,0,2.18149,1.15333,1.028160,1,0,31.0143,0,0,0,31.0143,0
68.6577,2.38544,0,0,2.00887,0.0841986,0.36288,3.6288,61.308,0.341266,0,0,0.891518,0.303935,0.246317,0.66528,12.849,1,0.441133,0.36288,0,29.4586,6.01737,23.363,0.84672,12.849,0.84672,3695.15,0,0.0036966,1.02884e-05,1.25438,1.4702,5.65592,1.52342,6.85707,0.42336,0.0018483,0.21168,0.0018483,0.21168,460.486,0,1.02816,0,0,2.28254,1.25438,1.028160,1,0,30.4664,0,0,0,30.4664,0
67.3084,2.3818,0,0,1.53024,0.134869,0.36288,3.6288,61.308,0.341739,0,0,0.701387,0.326387,0.0332607,0.66528,12.849,1,0.445744,0.36288,0,21.7163,6.37384,15.2596,0.84672,12.849,0.84672,3695.15,0,0.0036966,1.03027e-05,0.922458,1.58774,4.51214,1.41919,5.60314,0.42336,0.0018483,0.21168,0.0018483,0.21168,460.486,0,1.02816,0,0,1.95062,0.922458,1.028160,1,0,20.896,0,0,0,20.896,0
66.1363,2.37511,0,0,1.69687,0.13098,0.36288,3.6288,61.308,0.342211,0,0,0.83751,0.321997,0.173302,0.66528,12.849,1,0.453404,0.36288,0,26.0357,6.4072,19.538,0.84672,12.849,0.84672,3695.15,0,0.0036966,1.03169e-05,1.37864,1.58829,4.51382,1.43016,6.05058,0.42336,0.0018483,0.21168,0.0018483,0.21168,460.486,0,1.02816,0,0,2.4068,1.37864,1.028160,1,0,25.7618,0,0,0,25.7618,0
64.6199,2.3692,0,0,1.34544,0.129769,0.36288,3.6288,61.2719,0.342684,0,0,0.628629,0.321997,0,0.66528,12.849,1,0.46029,0.36288,0,28.5883,6.4072,22.0837,0.84672,12.849,0.84672,3695.15,0,0.0036966,1.03312e-05,0.779475,1.58883,3.62426,1.43016,4.56241,0.42336,0.0018483,0.21168,0.0018483,0.21168,460.486,0,1.02816,0,0,1.80763,0.779475,1.028160,1,0,26.6461,0,0,0,26.6461,0
63.4031,2.36101,0,0,1.63533,0.128203,0.36288,3.6288,61.308,0.343157,0,0,1.01065,0.321923,0.309522,0.66528,12.849,1,0.469462,0.36288,0,24.9202,6.4072,18.4064,0.84672,12.849,0.84672,3695.15,0,0.0036966,1.03515e-05,1.9688,1.58938,5.22211,1.43016,7.35012,0.42336,0.0018483,0.21168,0.0018483,0.21168,460.486,0,1.02816,0,0,2.99696,1.9688,1.028160,1,0,26.066,0,0,0,26.066,0
62.1286,2.28249,0,0,1.55564,0.184797,0.36288,3.6288,61.308,0.277628,0,0,0.810233,0.293992,0.238613,0.66528,12.849,1,0.46256,0.36288,0,49.1723,5.76919,43.3034,0.84672,12.849,0.84672,3695.15,0,0.0036966,8.36987e-06,2.15037,1.58993,5.10448,1.22077,7.624,0.42336,0.0018483,0.21168,0.0018483,0.21168,460.486,0,1.02816,0,0,3.17853,2.15037,1.028160,1,0,51.166,0,0,0,51.166,0
61.0389,2.27541,0,0,1.74105,0.192423,0.36288,3.6288,61.308,0.278078,0,0,1.12862,0.289325,0.561214,0.66528,12.849,1,0.470585,0.36288,0,53.913,5.66286,48.1424,0.84672,12.849,0.84672,3695.15,0,0.0036966,8.38344e-06,2.91803,1.52329,6.31718,1.18587,9.57263,0.42336,0.0018483,0.21168,0.0018483,0.21168,460.486,0,1.02816,0,0,3.94619,2.91803,1.028160,1,0,58.2763,0,0,0,58.2763,0
59.5519,2.26925,0,0,1.33584,0.190699,0.36288,3.6288,61.308,0.278529,0,0,0.779371,0.289325,0.211518,0.66528,12.849,1,0.477689,0.36288,0,40.5214,5.66286,34.7438,0.84672,12.849,0.84672,3695.15,0,0.0036966,8.39702e-06,2.20088,1.52382,6.22349,1.18587,8.76231,0.42336,0.0018483,0.21168,0.0018483,0.21168,460.486,0,1.02816,0,0,3.22904,2.20088,1.028160,1,0,43.7176,0,0,0,43.7176,0
58.3542,2.26022,0,0,1.6437,0.218316,0.36288,3.6288,61.308,0.278979,0,0,0.747515,0.26507,0.203466,0.66528,12.849,1,0.487668,0.36288,0,35.3366,5.38874,29.823,0.84672,12.849,0.84672,3695.15,0,0.0036966,8.4106e-06,2.14301,1.52434,7.18079,0.983424,9.86472,0.42336,0.0018483,0.21168,0.0018483,0.21168,460.486,0,1.02816,0,0,3.17117,2.14301,1.028160,1,0,39.8912,0,0,0,39.8912,0
59.4359,2.1946,0,0,3.84165,0.202466,0.36288,3.6288,61.308,0.219269,0,0,1.26244,0.266057,0.777116,0.66528,12.849,1,0.483228,0.36288,0,52.4724,5.19433,47.1577,0.84672,12.849,0.84672,3695.15,0,0.0036966,6.61047e-06,3.3176,1.52487,15.4213,1.02742,19.2363,0.42336,0.0018483,0.21168,0.0018483,0.21168,460.486,0,1.02816,0,0,4.34576,3.3176,1.028160,1,0,67.1711,0,0,0,67.1711,0
58.0256,2.20259,0,0,1.41401,0.258876,0.36288,3.6288,61.308,0.219699,0,0,0.998692,0.217673,0.561321,0.66528,12.849,1,0.476161,0.36288,0,44.0179,4.03315,39.8714,0.84672,12.849,0.84672,3695.15,0,0.0036966,6.62343e-06,0.84202,1.46561,7.12356,0.98337,8.44781,0.42336,0.0018483,0.21168,0.0018483,0.21168,460.486,0,1.02816,0,0,1.87018,0.84202,1.028160,1,0,48.8806,0,0,0,48.8806,0
56.8792,2.19387,0,0,1.66577,0.255365,0.36288,3.6288,61.308,0.220129,0,0,0.764001,0.217673,0.326199,0.66528,12.849,1,0.485803,0.36288,0,50.97,4.03315,46.814,0.84672,12.849,0.84672,3695.15,0,0.0036966,6.63639e-06,0.298918,1.46611,7.40362,0.98337,8.18527,0.42336,0.0018483,0.21168,0.0018483,0.21168,460.486,0,1.02816,0,0,1.32708,0.298918,1.028160,1,0,55.3254,0,0,0,55.3254,0
59.0116,2.18663,0,0,4.93436,0.252512,0.36288,3.6288,61.308,0.220559,0,0,2.51401,0.217673,2.07578,0.66528,12.849,1,0.49396,0.36288,0,95.8112,4.03315,91.647,0.84672,12.849,0.84672,3695.15,0,0.0036966,6.64936e-06,3.66428,1.46662,13.0405,0.98337,17.188,0.42336,0.0018483,0.21168,0.0018483,0.21168,460.486,0,1.02816,0,0,4.69244,3.66428,1.028160,1,0,110.911,0,0,0,110.911,0
60.4369,2.03621,0,0,4.08224,0.257823,0.36288,3.6288,61.308,0.0955194,0,0,1.97774,0.216926,1.66529,0.66528,12.849,1,0.443359,0.36288,0,110.059,4.09935,105.879,0.84672,12.849,0.84672,3695.15,0,0.0036966,2.8797e-06,3.83771,1.46712,13.1411,1.01088,17.435,0.42336,0.0018483,0.21168,0.0018483,0.21168,460.486,0,1.02816,0,0,4.86587,3.83771,1.028160,1,0,124.979,0,0,0,124.979,0
62.3503,2.04554,0,0,4.58321,0.261352,0.36288,3.6288,61.308,0.0959064,0,0,0.734913,0.212445,0.426562,0.66528,12.849,1,0.434886,0.36288,0,88.2377,4.49652,83.6692,0.84672,12.849,0.84672,3695.15,0,0.0036966,2.89137e-06,2.39335,1.33284,7.58094,1.17595,10.1312,0.42336,0.0018483,0.21168,0.0018483,0.21168,460.486,0,1.02816,0,0,3.42151,2.39335,1.028160,1,0,94.2269,0,0,0,94.2269,0
66.0222,2.05731,0,0,6.35761,0.265522,0.36288,3.6288,61.308,0.0962936,0,0,0.818468,0.212445,0.509729,0.66528,12.849,1,0.423966,0.36288,0,91.9918,4.49652,87.4342,0.84672,12.849,0.84672,3695.15,0,0.0036966,2.90304e-06,2.46415,1.3333,9.29483,1.17595,11.9163,0.42336,0.0018483,0.21168,0.0018483,0.21168,460.486,0,1.02816,0,0,3.49231,2.46415,1.028160,1,0,99.8603,0,0,0,99.8603,0
70.1618,2.07777,0,0,6.83815,0.257917,0.36288,3.6288,61.308,0.0966809,0,0,2.33583,0.200044,2.03911,0.66528,12.849,1,0.404368,0.36288,0,154.201,4.06776,150.091,0.84672,12.849,0.84672,3695.15,0,0.0036966,2.91471e-06,5.3595,1.33376,13.555,1.12239,19.1259,0.42336,0.0018483,0.21168,0.0018483,0.21168,460.486,0,1.02816,0,0,6.38766,5.3595,1.028160,1,0,171.256,0,0,0,171.256,0
72.29,2.09866,0,0,5.8453,0.254333,1.36411,3.6288,61.308,0.0970683,0,0,1.26673,0.190743,0.978917,0.66528,12.849,1,0.384336,1.36411,0,78.8098,3.74619,76.0433,0.84672,12.849,0.84672,3695.15,0,0.0036966,2.92639e-06,3.39504,1.33422,9.82789,1.08221,13.4749,0.42336,0.0018483,0.21168,0.0018483,0.21168,460.486,0,1.02816,0,0,4.4232,3.39504,1.028160,1,0,90.4972,0,0,0,90.4972,0
72.29,2.17505,0,0,4.90023,0.298433,2.42675,3.6288,61.308,0.133842,0,0,1.21935,0.217044,0.868459,0.66528,12.849,1,0.386598,2.42675,0,72.4164,4.48659,69.97,0.84672,12.849,0.84672,3695.15,0,0.0036966,4.03504e-06,1.81182,1.33468,5.60752,1.26738,7.48663,0.42336,0.0018483,0.21168,0.0018483,0.21168,460.486,0,1.02816,0,0,2.83998,1.81182,1.028160,1,0,78.3251,0,0,0,78.3251,0
72.29,2.17577,0,0,5.30581,0.314404,2.81563,3.6288,61.308,0.134229,0,0,2.07818,0.227565,1.71639,0.66528,12.849,1,0.386727,2.81563,0,77.1621,4.78275,74.8083,0.84672,12.849,0.84672,3695.15,0,0.0036966,4.0467e-06,2.78638,1.37783,7.38876,1.34145,10.2115,0.42336,0.0018483,0.21168,0.0018483,0.21168,460.486,0,1.02816,0,0,3.81454,2.78638,1.028160,1,0,86.7362,0,0,0,86.7362,0
72.29,2.1765,0,0,3.79397,0.314404,1.30307,3.6288,61.308,0.134616,0,0,1.55669,0.227565,1.19451,0.66528,12.849,1,0.386856,1.30307,0,90.0755,4.78275,86.2089,0.84672,12.849,0.84672,3695.15,0,0.0036966,4.05837e-06,1.94102,1.37829,6.62429,1.34145,8.60215,0.42336,0.0018483,0.21168,0.0018483,0.21168,460.486,0,1.02816,0,0,2.96918,1.94102,1.028160,1,0,96.0056,0,0,0,96.0056,0
72.29,2.17722,0,0,3.74515,0.302619,1.26531,3.6288,61.308,0.135003,0,0,1.40866,0.2227,1.05095,0.66528,12.849,1,0.386985,1.26531,0,69.5131,4.75095,65.6405,0.84672,12.849,0.84672,3695.15,0,0.0036966,4.07004e-06,1.6345,1.37875,6.75726,1.28661,8.48389,0.42336,0.0018483,0.21168,0.0018483,0.21168,460.486,0,1.02816,0,0,2.66266,1.6345,1.028160,1,0,75.1753,0,0,0,75.1753,0
72.29,2.39038,0,0,3.59511,0.286731,0.918004,3.6288,61.308,0.272195,0,0,1.34481,0.233873,0.838739,0.66528,12.849,1,0.424872,0.918004,0,100.508,4.24149,96.7599,0.84672,12.849,0.84672,3695.15,0,0.0036966,8.20608e-06,1.78335,1.37921,5.70202,1.03319,7.83138,0.42336,0.0018483,0.21168,0.0018483,0.21168,460.486,0,1.02816,0,0,2.81151,1.78335,1.028160,1,0,105.43,0,0,0,105.43,0
72.29,2.39117,0,0,5.81811,0.311609,3.11532,3.6288,61.308,0.272628,0,0,1.58893,0.21078,1.10552,0.66528,12.849,1,0.425013,3.11532,0,126.451,4.04607,125.095,0.84672,12.849,0.84672,3695.15,0,0.0036966,8.21913e-06,2.49813,1.53225,6.77274,1.08401,9.7191,0.42336,0.0018483,0.21168,0.0018483,0.21168,460.486,0,1.02816,0,0,3.52629,2.49813,1.028160,1,0,135.92,0,0,0,135.92,0
72.29,2.39197,0,0,3.78772,0.311609,1.08414,3.6288,61.308,0.273061,0,0,1.2299,0.21078,0.746055,0.66528,12.849,1,0.425154,1.08414,0,76.1186,4.04607,72.7315,0.84672,12.849,0.84672,3695.15,0,0.0036966,8.23218e-06,1.80852,1.53276,5.16723,1.08401,7.42449,0.42336,0.0018483,0.21168,0.0018483,0.21168,460.486,0,1.02816,0,0,2.83668,1.80852,1.028160,1,0,80.902,0,0,0,80.902,0
72.29,2.39277,0,0,4.38109,0.288561,1.69977,3.6288,61.308,0.273494,0,0,1.29508,0.158999,0.862591,0.66528,12.849,1,0.425296,1.69977,0,78.9895,3.5957,76.6682,0.84672,12.849,0.84672,3695.15,0,0.0036966,8.24524e-06,2.15445,1.53327,5.58595,0.902162,8.3715,0.42336,0.0018483,0.21168,0.0018483,0.21168,460.486,0,1.02816,0,0,3.18261,2.15445,1.028160,1,0,85.9023,0,0,0,85.9023,0
72.29,2.09016,0,0,4.36963,0.285779,1.99369,3.6288,61.308,0.0900886,0,0,1.48136,0.131931,1.25934,0.66528,12.849,1,0.371511,1.99369,0,100.583,3.06004,99.1447,0.84672,12.849,0.84672,3695.15,0,0.0036966,2.71597e-06,2.28303,1.53378,6.5655,0.779547,9.60277,0.42336,0.0018483,0.21168,0.0018483,0.21168,460.486,0,1.02816,0,0,3.31119,2.28303,1.028160,1,0,110.007,0,0,0,110.007,0
72.29,2.09086,0,0,5.32347,0.301873,2.93074,3.6288,61.308,0.0904606,0,0,2.04436,0.116043,1.83786,0.66528,12.849,1,0.371634,2.93074,0,128.591,2.17129,128.979,0.84672,12.849,0.84672,3695.15,0,0.0036966,2.72719e-06,2.8011,1.32529,9.06172,0.654855,12.5332,0.42336,0.0018483,0.21168,0.0018483,0.21168,460.486,0,1.02816,0,0,3.82926,2.8011,1.028160,1,0,143.35,0,0,0,143.35,0
72.29,2.09155,0,0,3.88806,0.301873,1.49463,3.6288,61.308,0.0908328,0,0,1.54226,0.116043,1.33538,0.66528,12.849,1,0.371758,1.49463,0,119.858,2.17129,118.809,0.84672,12.849,0.84672,3695.15,0,0.0036966,2.73841e-06,1.91653,1.32573,7.31718,0.654855,9.90459,0.42336,0.0018483,0.21168,0.0018483,0.21168,460.486,0,1.02816,0,0,2.94469,1.91653,1.028160,1,0,130.049,0,0,0,130.049,0
72.29,2.09225,0,0,5.05668,0.279216,2.68522,3.6288,61.308,0.0912051,0,0,1.69247,0.10401,1.49726,0.66528,12.849,1,0.371881,2.68522,0,139.638,1.99691,139.954,0.84672,12.849,0.84672,3695.15,0,0.0036966,2.74963e-06,2.30901,1.32617,7.89722,0.629804,10.9026,0.42336,0.0018483,0.21168,0.0018483,0.21168,460.486,0,1.02816,0,0,3.33717,2.30901,1.028160,1,0,152.354,0,0,0,152.354,0
72.29,2.09295,0,0,4.2368,0.27718,1.86667,3.6288,61.308,0.0915774,0,0,1.87955,0.148253,1.63972,0.66528,12.849,1,0.372005,1.86667,0,117.499,3.42451,115.569,0.84672,12.849,0.84672,3695.15,0,0.0036966,2.76085e-06,2.84485,1.32661,7.7417,0.907433,11.0057,0.42336,0.0018483,0.21168,0.0018483,0.21168,460.486,0,1.02816,0,0,3.87301,2.84485,1.028160,1,0,128.214,0,0,0,128.214,0
72.29,2.17014,0,0,4.9491,0.274596,2.50436,3.6288,61.308,0.136998,0,0,1.65112,0.14443,1.36969,0.66528,12.849,1,0.385726,2.50436,0,132.42,2.88808,131.651,0.84672,12.849,0.84672,3695.15,0,0.0036966,4.1302e-06,2.02116,1.32705,7.87277,0.746337,10.4746,0.42336,0.0018483,0.21168,0.0018483,0.21168,460.486,0,1.02816,0,0,3.04932,2.02116,1.028160,1,0,143.495,0,0,0,143.495,0
72.29,2.17086,0,0,3.47071,0.274773,1.02508,3.6288,61.308,0.137386,0,0,1.36925,0.148286,1.08358,0.66528,12.849,1,0.385854,1.02508,0,95.3726,2.80518,93.2067,0.84672,12.849,0.84672,3695.15,0,0.0036966,4.14188e-06,1.71619,1.37918,5.62556,0.737045,7.98388,0.42336,0.0018483,0.21168,0.0018483,0.21168,460.486,0,1.02816,0,0,2.74435,1.71619,1.028160,1,0,102.274,0,0,0,102.274,0
72.29,2.17158,0,0,3.00246,0.274773,0.556106,3.6288,61.308,0.137774,0,0,1.17971,0.148286,0.893646,0.66528,12.849,1,0.385982,0.556106,0,74.7611,2.80518,72.126,0.84672,12.849,0.84672,3695.15,0,0.0036966,4.15357e-06,1.35559,1.37964,4.71043,0.737045,6.70862,0.42336,0.0018483,0.21168,0.0018483,0.21168,460.486,0,1.02816,0,0,2.38375,1.35559,1.028160,1,0,79.7283,0,0,0,79.7283,0
72.29,2.1723,0,0,2.96328,0.259343,0.531631,3.6288,61.308,0.138161,0,0,1.16206,0.150297,0.873605,0.66528,12.849,1,0.386111,0.531631,0,81.1693,2.68201,78.6328,0.84672,12.849,0.84672,3695.15,0,0.0036966,4.16525e-06,1.98955,1.3801,4.24582,0.785427,6.83004,0.42336,0.0018483,0.21168,0.0018483,0.21168,460.486,0,1.02816,0,0,3.01771,1.98955,1.028160,1,0,86.3365,0,0,0,86.3365,0
72.29,2.14308,0,0,2.95957,0.206423,0.610072,3.6288,61.308,0.121029,0,0,1.08457,0.163243,0.800298,0.66528,12.849,1,0.380916,0.610072,0,75.5565,3.03337,72.7522,0.84672,12.849,0.84672,3695.15,0,0.0036966,3.64876e-06,1.34138,1.38056,4.49213,0.934149,6.27992,0.42336,0.0018483,0.21168,0.0018483,0.21168,460.486,0,1.02816,0,0,2.36954,1.34138,1.028160,1,0,79.8325,0,0,0,79.8325,0
71.8542,2.14379,0,0,2.28782,0.216929,0.36288,3.6288,61.308,0.128461,0,0,0.889272,0.188383,0.572427,0.66528,12.849,1,0.381042,0.36288,0,51.1167,3.65864,47.4399,0.84672,12.849,0.84672,3695.15,0,0.0036966,3.87283e-06,0.528595,1.36087,3.52879,1.02159,4.39667,0.42336,0.0018483,0.21168,0.0018483,0.21168,460.486,0,1.02111,0,0,1.5497,0.528595,1.028160,1,0,52.409,0,0,0,52.409,0
71.2325,2.14254,0,0,2.05778,0.174079,0.36288,3.6288,61.308,0.121793,0,0,0.73758,0.221518,0.394268,0.66528,12.849,1,0.38313,0.36288,0,45.8559,3.9847,41.8509,0.84672,12.849,0.84672,3695.15,0,0.0036966,3.6718e-06,0.410815,1.36133,3.23218,1.04507,3.95925,0.42336,0.0018483,0.21168,0.0018483,0.21168,460.486,0,1.02816,0,0,1.43897,0.410815,1.028160,1,0,46.2044,0,0,0,46.2044,0
70.5808,2.14042,0,0,1.98304,0.131459,0.36288,3.6288,61.308,0.122176,0,0,0.771561,0.241137,0.408248,0.66528,12.849,1,0.386091,0.36288,0,43.9166,4.15769,39.7357,0.84672,12.849,0.84672,3695.15,0,0.0036966,3.68332e-06,0.471105,1.36178,3.4321,1.0554,4.20958,0.42336,0.0018483,0.21168,0.0018483,0.21168,460.486,0,1.02816,0,0,1.49926,0.471105,1.028160,1,0,44.3535,0,0,0,44.3535,0
69.7089,2.23954,0,0,1.85759,0.127073,0.36288,3.6288,61.308,0.22212,0,0,0.708843,0.233446,0.253277,0.66528,12.849,1,0.407701,0.36288,0,40.6173,4.11051,36.462,0.84672,12.849,0.84672,3695.15,0,0.0036966,6.69642e-06,0.402797,1.36223,3.32557,1.04928,4.04131,0.42336,0.0018483,0.21168,0.0018483,0.21168,460.486,0,0.990809,0,0,1.39361,0.402797,1.028160,1,0,40.7566,0,0,0,40.7566,0
68.8595,2.23597,0,0,1.85343,0.103986,0.36288,3.6288,61.308,0.376803,0,0,0.627091,0.187299,0.0629898,0.66528,12.849,1,0.412143,0.36288,0,40.5614,3.82746,36.6847,0.84672,12.849,0.84672,3695.15,0,0.0036966,1.13598e-05,0.402797,1.43322,2.88617,1.01255,3.70963,0.42336,0.0018483,0.21168,0.0018483,0.21168,460.486,0,0.836525,0,0,1.23932,0.402797,1.028160,1,0,40.4573,0,0,0,40.4573,0
67.9775,2.23243,0,0,1.81667,0.103303,0.36288,3.6288,61.308,0.298982,0,0,0.67824,0.187299,0.19196,0.66528,12.849,1,0.416566,0.36288,0,38.8565,3.82746,34.9754,0.84672,12.849,0.84672,3695.15,0,0.0036966,9.01363e-06,0.30119,1.43369,3.10995,1.01255,3.83228,0.42336,0.0018483,0.21168,0.0018483,0.21168,460.486,0,0.914751,0,0,1.21594,0.30119,1.028160,1,0,38.9996,0,0,0,38.9996,0
66.979,2.22863,0,0,1.69556,0.102593,0.36288,3.6288,61.308,0.386637,0,0,0.619825,0.187299,0.0458886,0.66528,12.849,1,0.421251,0.36288,0,36.3239,3.82746,32.4381,0.84672,12.849,0.84672,3695.15,0,0.0036966,1.16563e-05,0.30119,1.43417,2.75391,1.01255,3.4767,0.42336,0.0018483,0.21168,0.0018483,0.21168,460.486,0,0.827496,0,0,1.12869,0.30119,1.028160,1,0,35.9607,0,0,0,35.9607,0
65.9262,2.22409,0,0,1.59782,0.0636456,0.36288,3.6288,61.3001,0.377382,0,0,0.590408,0.220974,0,0.66528,12.849,1,0.426662,0.36288,0,34.0584,4.60644,29.3882,0.84672,12.849,0.84672,3695.15,0,0.0036966,1.13772e-05,0.30119,1.43465,2.69146,1.12314,3.30415,0.42336,0.0018483,0.21168,0.0018483,0.21168,460.486,0,0.837156,0,0,1.13835,0.30119,1.028160,1,0,32.6924,0,0,0,32.6924,0
64.4998,2.19925,0,0,1.20162,0.0658689,0.36288,3.6288,60.8237,0.66619,0,0,0.462726,0.272839,0,0.66528,12.849,1,0.428634,0.36288,0,24.9257,5.13803,19.7219,0.84672,12.849,0.84672,3695.15,0,0.0036966,2.00868e-05,0.30119,1.43512,1.81823,1.25508,2.29944,0.42336,0.0018483,0.21168,0.0018483,0.21168,460.486,0,0.582993,0,0,0.884183,0.30119,1.028160,1,0,22.0214,0,0,0,22.0214,0
62.9748,2.19208,0,0,1.10018,0.0702479,0.36288,3.6288,60.2606,0.709467,0,0,0.422807,0.276441,0,0.66528,12.849,1,0.436683,0.36288,0,23.4065,5.12925,18.2035,0.84672,12.849,0.84672,3695.15,0,0.0036966,2.15591e-05,0.261274,1.45761,1.73286,1.26325,2.18847,0.42336,0.0018483,0.21168,0.0018483,0.21168,460.486,0,0.54013,0,0,0.801403,0.261274,1.028160,1,0,20.392,0,0,0,20.392,0
61.3644,2.18402,0,0,1.00588,0.069384,0.36288,3.6288,59.7027,0.695168,0,0,0.412659,0.275454,0,0.66528,12.849,1,0.445614,0.36288,0,23.0762,5.12925,17.8642,0.84672,12.849,0.84672,3695.15,0,0.0036966,2.1322e-05,0.261274,1.4581,1.71155,1.26325,2.16765,0.42336,0.0018483,0.21168,0.0018483,0.21168,460.486,0,0.554844,0,0,0.816117,0.261274,1.028160,1,0,20.0319,0,0,0,20.0319,0
59.6772,2.17507,0,0,0.919287,0.0684717,0.36288,3.6288,58.9999,0.814241,0,0,0.385898,0.274476,0,0.66528,12.849,1,0.455434,0.36288,0,21.7051,5.12925,16.4833,0.84672,12.849,0.84672,3695.15,0,0.0036966,2.52076e-05,0.261274,1.45858,1.62867,1.26325,2.08525,0.42336,0.0018483,0.21168,0.0018483,0.21168,460.486,0,0.436182,0,0,0.697455,0.261274,1.028160,1,0,18.5686,0,0,0,18.5686,0
58.0035,2.21572,0,0,0.956733,0.0519185,0.36288,3.6288,58.3148,0.810722,0,0,0.436488,0.310825,0,0.66528,12.849,1,0.477063,0.36288,0,20.174,5.60772,14.4521,0.84672,12.849,0.84672,3695.15,0,0.0036966,2.53976e-05,0.261274,1.45906,1.59484,1.44625,1.8689,0.42336,0.0018483,0.21168,0.0018483,0.21168,460.486,0,0.470681,0,0,0.731955,0.261274,1.028160,1,0,16.321,0,0,0,16.321,0
56.4088,2.20518,0,0,1.01397,0.0405647,0.36288,3.6288,57.7535,0.732845,0,0,0.505766,0.334237,0,0.66528,12.849,1,0.488495,0.36288,0,19.6985,5.91633,13.6566,0.84672,12.849,0.84672,3695.15,0,0.0036966,2.32277e-05,0.261274,1.49467,1.7118,1.57003,1.8977,0.42336,0.0018483,0.21168,0.0018483,0.21168,460.486,0,0.548986,0,0,0.810259,0.261274,1.028160,1,0,15.5543,0,0,0,15.5543,0
54.7079,2.19466,0,0,0.896564,0.039934,0.36288,3.6288,57.1132,0.783338,0,0,0.47612,0.333028,0,0.66528,12.849,1,0.499908,0.36288,0,18.6078,5.91633,12.5544,0.84672,12.849,0.84672,3695.15,0,0.0036966,2.50694e-05,0.227405,1.49517,1.6059,1.57003,1.75842,0.42336,0.0018483,0.21168,0.0018483,0.21168,460.486,0,0.498917,0,0,0.726322,0.227405,1.028160,1,0,14.3129,0,0,0,14.3129,0
52.9415,2.1828,0,0,0.810164,0.0308257,0.36288,3.6288,56.4425,0.805458,0,0,0.471417,0.336692,0,0.66528,12.849,1,0.512664,0.36288,0,17.6391,6.06588,11.4234,0.84672,12.849,0.84672,3695.15,0,0.0036966,2.60662e-05,0.227405,1.49567,1.60232,1.59991,1.72546,0.42336,0.0018483,0.21168,0.0018483,0.21168,460.486,0,0.477222,0,0,0.704627,0.227405,1.028160,1,0,13.1489,0,0,0,13.1489,0
50.8992,2.31466,0,0,0.665332,0.0301164,0.36288,3.6288,55.6489,0.926253,0,0,0.461262,0.328622,0,0.66528,12.849,1,0.561772,0.36288,0,16.594,6.09605,10.299,0.84672,12.849,0.84672,3695.15,0,0.0036966,3.03316e-05,0.227405,1.49616,1.5332,1.49633,1.76041,0.42336,0.0018483,0.21168,0.0018483,0.21168,460.486,0,0.46732,0,0,0.694725,0.227405,1.028160,1,0,12.0595,0,0,0,12.0595,0
48.8905,2.29742,0,0,0.674698,0.0230804,0.36288,3.6288,54.678,1.06225,0,0,0.381767,0.290452,0,0.66528,12.849,1,0.579962,0.36288,0,12.5672,5.5841,6.76605,0.84672,12.849,0.84672,3695.15,0,0.0036966,3.52811e-05,0.227405,1.61576,1.44476,1.48469,1.8032,0.42336,0.0018483,0.21168,0.0018483,0.21168,460.486,0,0.331782,0,0,0.559187,0.227405,1.028160,1,0,8.56925,0,0,0,8.56925,0
46.9836,2.27931,0,0,0.753883,0.0186236,0.36288,3.6288,53.9593,0.896689,0,0,0.469135,0.291084,0,0.66528,12.849,1,0.599029,0.36288,0,15.9916,5.65887,10.0966,0.84672,12.849,0.84672,3695.15,0,0.0036966,3.03111e-05,0.204422,1.61629,1.53352,1.49963,1.85458,0.42336,0.0018483,0.21168,0.0018483,0.21168,460.486,0,0.497809,0,0,0.702232,0.204422,1.028160,1,0,11.9512,0,0,0,11.9512,0
44.9371,2.26097,0,0,0.595603,0.0182398,0.36288,3.6288,52.9158,1.09629,0,0,0.342447,0.289704,0,0.66528,12.849,1,0.618325,0.36288,0,16.5028,5.65887,10.5885,0.84672,12.849,0.84672,3695.15,0,0.0036966,3.75519e-05,0.204422,1.61683,1.21511,1.49963,1.5367,0.42336,0.0018483,0.21168,0.0018483,0.21168,460.486,0,0.298663,0,0,0.503086,0.204422,1.028160,1,0,12.1252,0,0,0,12.1252,0
43.0543,2.23981,0,0,0.737668,0.017828,0.36288,3.6288,52.4956,0.702551,0,0,0.569718,0.287353,0,0.66528,12.849,1,0.640435,0.36288,0,14.6252,5.65887,8.68876,0.84672,12.849,0.84672,3695.15,0,0.0036966,2.45395e-05,0.204422,1.61737,1.82597,1.49963,2.1481,0.42336,0.0018483,0.21168,0.0018483,0.21168,460.486,0,0.692879,0,0,0.897301,0.204422,1.028160,1,0,10.8369,0,0,0,10.8369,0
41.1477,2.15127,0,0,0.606566,-0.0010408,0.36288,3.6288,52.546,0.325009,0,0,0.653898,0.27846,0,0.66528,12.849,1,0.642019,0.36288,0,13.8694,5.27742,8.3128,0.84672,12.849,0.84672,3695.15,0,0.0036966,1.14431e-05,0.204422,1.6179,1.72536,1.28947,2.25821,0.42336,0.0018483,0.21168,0.0018483,0.21168,460.486,0,1.00373,0,0,1.20816,0.204422,1.028160,1,0,10.571,0,0,0,10.571,0
39.1954,2.1293,0,0,0.531596,-0.00825119,0.36288,3.6288,51.7859,0.853048,0,0,0.36836,0.275401,0,0.66528,12.849,1,0.664907,0.36288,0,13.6312,5.12484,8.20437,0.84672,12.849,0.84672,3695.15,0,0.0036966,3.00059e-05,0.216518,1.55007,1.23142,1.2054,1.79257,0.42336,0.0018483,0.21168,0.0018483,0.21168,460.486,0,0.476116,0,0,0.692634,0.216518,1.028160,1,0,9.99695,0,0,0,9.99695,0
37.2759,2.10506,0,0,0.554618,0.0061742,0.36288,3.6288,51.0064,0.874691,0,0,0.354617,0.25951,0,0.66528,12.849,1,0.690078,0.36288,0,13.1022,4.91721,7.85781,0.84672,12.849,0.84672,3695.15,0,0.0036966,3.12187e-05,0.216518,1.55059,1.23919,1.14051,1.86576,0.42336,0.0018483,0.21168,0.0018483,0.21168,460.486,0,0.454913,0,0,0.671432,0.216518,1.028160,1,0,9.72357,0,0,0,9.72357,0
36.3531,2.07932,0,0,1.60895,0.0895725,0.36288,3.6288,51.157,0.511858,0,0,0.835626,0.173153,0,0.66528,12.849,1,0.71674,0.36288,0,39.4905,3.67143,35.4652,0.84672,12.849,0.84672,3695.15,0,0.0036966,1.8548e-05,0.216518,1.5511,3.25471,0.751119,4.27119,0.42336,0.0018483,0.21168,0.0018483,0.21168,460.486,0,0.818199,0,0,1.03472,0.216518,1.028160,1,0,39.7364,0,0,0,39.7364,0
35.0773,2.01317,0,0,1.18682,0.0866018,0.36288,3.6288,51.3174,0.27125,0,0,0.623448,0.191772,0,0.66528,12.849,1,0.711556,0.36288,0,34.2453,4.1963,29.7004,0.84672,12.849,0.84672,3695.15,0,0.0036966,9.80024e-06,0.216518,1.55162,2.12719,0.895102,3.00022,0.42336,0.0018483,0.21168,0.0018483,0.21168,460.486,0,0.998041,0,0,1.21456,0.216518,1.028160,1,0,32.7006,0,0,0,32.7006,0
34.1973,1.99489,0,0,1.56857,0.0907934,0.36288,3.6288,51.393,0.241553,0,0,0.5114,0.194265,0,0.66528,12.849,1,0.73074,0.36288,0,22.1136,4.61801,17.1277,0.84672,12.849,0.84672,3695.15,0,0.0036966,8.70001e-06,0.344537,1.4913,2.80693,1.08922,3.55353,0.42336,0.0018483,0.21168,0.0018483,0.21168,460.486,0,1.02816,0,0,1.3727,0.344537,1.028160,1,0,20.6812,0,0,0,20.6812,0
34.0083,1.98188,0,0,2.32474,0.168982,0.36288,3.6288,51.708,0.241974,0,0,0.764181,0.207169,0,0.66528,12.849,1,0.744655,0.36288,0,32.0357,4.78978,26.8641,0.84672,12.849,0.84672,3695.15,0,0.0036966,8.70236e-06,0.59692,1.49179,2.79691,1.09854,3.78707,0.42336,0.0018483,0.21168,0.0018483,0.21168,460.486,0,1.02816,0,0,1.62508,0.59692,1.028160,1,0,30.6512,0,0,0,30.6512,0
35.9688,1.97953,0,0,4.47155,0.168591,0.36288,3.6288,52.3301,0.242395,0,0,1.07215,0.207698,0,0.66528,12.849,1,0.747906,0.36288,0,50.3604,4.78978,45.1856,0.84672,12.849,0.84672,3695.15,0,0.0036966,8.66439e-06,1.26725,1.49228,5.46762,1.09854,7.12859,0.42336,0.0018483,0.21168,0.0018483,0.21168,460.486,0,1.02816,0,0,2.29541,1.26725,1.028160,1,0,52.3142,0,0,0,52.3142,0
37.774,1.85884,0,0,4.19957,0.172649,0.36288,3.6288,52.981,0.115154,0,0,0.97486,0.208742,0,0.66528,12.849,1,0.664027,0.36288,0,85.199,4.78978,80.1081,0.84672,12.849,0.84672,3695.15,0,0.0036966,4.06726e-06,1.72308,1.49278,5.65827,1.09854,7.77558,0.42336,0.0018483,0.21168,0.0018483,0.21168,460.486,0,1.02816,0,0,2.75124,1.72308,1.028160,1,0,87.8837,0,0,0,87.8837,0
40.137,1.88315,0,0,4.78273,0.173747,0.36288,3.6288,53.6184,0.115534,0,0,0.914604,0.161737,0,0.66528,12.849,1,0.640561,0.36288,0,56.3072,3.33868,52.6909,0.84672,12.849,0.84672,3695.15,0,0.0036966,4.03051e-06,1.52656,1.35613,5.32455,0.796847,7.41039,0.42336,0.0018483,0.21168,0.0018483,0.21168,460.486,0,1.02816,0,0,2.55472,1.52656,1.028160,1,0,60.1012,0,0,0,60.1012,0
43.9099,1.91235,0,0,6.22676,0.178595,0.36288,3.6288,54.6438,0.115913,0,0,1.30391,0.162561,0,0.66528,12.849,1,0.612199,0.36288,0,70.072,3.33868,66.484,0.84672,12.849,0.84672,3695.15,0,0.0036966,3.99567e-06,2.49987,1.35658,8.40632,0.796847,11.4659,0.42336,0.0018483,0.21168,0.0018483,0.21168,460.486,0,1.02816,0,0,3.52803,2.49987,1.028160,1,0,77.95,0,0,0,77.95,0
46.5563,1.9537,0,0,5.1496,0.186638,0.36288,3.6288,55.6222,0.116292,0,0,1.25839,0.163714,0,0.66528,12.849,1,0.571695,0.36288,0,81.8388,3.33868,78.2913,0.84672,12.849,0.84672,3695.15,0,0.0036966,3.93352e-06,2.05794,1.35703,5.69641,0.796847,8.31453,0.42336,0.0018483,0.21168,0.0018483,0.21168,460.486,0,1.02816,0,0,3.0861,2.05794,1.028160,1,0,86.6058,0,0,0,86.6058,0
47.5639,1.97982,0,0,3.57255,0.222217,0.36288,3.6288,56.3443,0.116671,0,0,1.01072,0.171981,0,0.66528,12.849,1,0.546409,0.36288,0,58.1837,3.93561,54.0645,0.84672,12.849,0.84672,3695.15,0,0.0036966,3.87694e-06,1.49187,1.35748,4.08031,0.836041,6.09361,0.42336,0.0018483,0.21168,0.0018483,0.21168,460.486,0,1.02816,0,0,2.52003,1.49187,1.028160,1,0,60.1581,0,0,0,60.1581,0
49.9243,2.05191,0,0,4.97966,0.204524,0.36288,3.6288,57.1472,0.15407,0,0,1.16053,0.203488,0,0.66528,12.849,1,0.554307,0.36288,0,75.6572,4.36288,71.1029,0.84672,12.849,0.84672,3695.15,0,0.0036966,5.05407e-06,1.67788,1.35793,7.03547,0.907421,9.16385,0.42336,0.0018483,0.21168,0.0018483,0.21168,460.486,0,1.02816,0,0,2.70604,1.67788,1.028160,1,0,80.2667,0,0,0,80.2667,0
52.759,2.07342,0,0,5.46331,0.192253,0.36288,3.6288,57.9946,0.154448,0,0,1.20018,0.198357,0,0.66528,12.849,1,0.533636,0.36288,0,78.5402,4.23171,74.1377,0.84672,12.849,0.84672,3695.15,0,0.0036966,4.99529e-06,1.52734,1.40182,8.5955,0.782827,10.7418,0.42336,0.0018483,0.21168,0.0018483,0.21168,460.486,0,1.02816,0,0,2.5555,1.52734,1.028160,1,0,84.8796,0,0,0,84.8796,0
55.1987,2.09715,0,0,5.09774,0.19802,0.36288,3.6288,58.8173,0.154827,0,0,1.17698,0.199448,0,0.66528,12.849,1,0.510743,0.36288,0,72.8093,4.23171,68.4297,0.84672,12.849,0.84672,3695.15,0,0.0036966,4.93436e-06,1.4828,1.40226,8.50902,0.782827,10.6112,0.42336,0.0018483,0.21168,0.0018483,0.21168,460.486,0,1.02816,0,0,2.51096,1.4828,1.028160,1,0,79.041,0,0,0,79.041,0
57.8693,2.11614,0,0,5.40371,0.25404,0.36288,3.6288,59.6492,0.155205,0,0,1.19339,0.206287,0,0.66528,12.849,1,0.492589,0.36288,0,76.5953,4.56861,71.897,0.84672,12.849,0.84672,3695.15,0,0.0036966,4.87723e-06,1.51972,1.40271,8.78947,0.971329,10.7406,0.42336,0.0018483,0.21168,0.0018483,0.21168,460.486,0,1.02816,0,0,2.54788,1.51972,1.028160,1,0,82.6376,0,0,0,82.6376,0
60.3691,2.34371,0,0,5.50111,0.294747,0.36288,3.6288,60.3299,0.294763,0,0,1.19784,0.222396,0,0.66528,12.849,1,0.520385,0.36288,0,80.555,4.95125,75.4463,0.84672,12.849,0.84672,3695.15,0,0.0036966,9.13358e-06,1.83918,1.40316,9.30709,1.30844,11.241,0.42336,0.0018483,0.21168,0.0018483,0.21168,460.486,0,1.02816,0,0,2.86734,1.83918,1.028160,1,0,86.6873,0,0,0,86.6873,0
63.6442,2.36224,0,0,6.31963,0.31947,0.36288,3.6288,61.3058,0.295186,0,0,1.44306,0.171945,0,0.66528,12.849,1,0.50278,0.36288,0,93.712,3.00373,90.5684,0.84672,12.849,0.84672,3695.15,0,0.0036966,9.04349e-06,2.47374,1.55884,9.60621,0.729247,12.9095,0.42336,0.0018483,0.21168,0.0018483,0.21168,460.486,0,1.02816,0,0,3.5019,2.47374,1.028160,1,0,103.478,0,0,0,103.478,0
65.866,2.38453,0,0,5.29016,0.320918,0.36288,3.6288,61.308,0.29561,0,0,1.63807,0.18961,1.15069,0.66528,12.849,1,0.481408,0.36288,0,85.5904,3.39686,82.075,0.84672,12.849,0.84672,3695.15,0,0.0036966,8.91229e-06,2.72531,1.55934,10.9182,0.852235,14.3506,0.42336,0.0018483,0.21168,0.0018483,0.21168,460.486,0,1.02816,0,0,3.75347,2.72531,1.028160,1,0,97.5763,0,0,0,97.5763,0
69.0566,2.39888,0,0,6.25526,0.302889,0.36288,3.6288,61.308,0.296033,0,0,1.55443,0.195221,1.06318,0.66528,12.849,1,0.467969,0.36288,0,88.09,4.27239,83.7125,0.84672,12.849,0.84672,3695.15,0,0.0036966,8.92473e-06,2.93245,1.55984,12.3801,1.16164,15.7107,0.42336,0.0018483,0.21168,0.0018483,0.21168,460.486,0,1.02816,0,0,3.96061,2.93245,1.028160,1,0,100.486,0,0,0,100.486,0
72.29,2.11141,0,0,6.49409,0.286734,0.862553,3.6288,61.308,0.109437,0,0,2.03723,0.207414,1.72038,0.66528,12.849,1,0.392858,0.862553,0,102.117,3.64389,98.9428,0.84672,12.849,0.84672,3695.15,0,0.0036966,3.29927e-06,3.78482,1.56034,13.894,0.858705,18.3804,0.42336,0.0018483,0.21168,0.0018483,0.21168,460.486,0,1.02816,0,0,4.81298,3.78482,1.028160,1,0,119.044,0,0,0,119.044,0
72.29,2.12701,0,0,7.4017,0.345555,4.92914,3.6288,61.308,0.1098,0,0,2.38714,0.188381,2.08896,0.66528,12.849,1,0.378059,4.92914,0,94.2762,3.21657,95.6107,0.84672,12.849,0.84672,3695.15,0,0.0036966,3.31024e-06,3.85937,1.34822,13.0557,0.867136,17.3962,0.42336,0.0018483,0.21168,0.0018483,0.21168,460.486,0,1.02816,0,0,4.88753,3.85937,1.028160,1,0,115.096,0,0,0,115.096,0
72.29,2.12769,0,0,5.9752,0.345555,3.50196,3.6288,61.308,0.110164,0,0,1.68566,0.188381,1.38711,0.66528,12.849,1,0.37818,3.50196,0,101.896,3.21657,101.803,0.84672,12.849,0.84672,3695.15,0,0.0036966,3.3212e-06,2.19227,1.34865,9.0561,0.867136,11.7299,0.42336,0.0018483,0.21168,0.0018483,0.21168,460.486,0,1.02816,0,0,3.22043,2.19227,1.028160,1,0,114.92,0,0,0,114.92,0
72.29,2.12837,0,0,4.20633,0.345555,1.73241,3.6288,61.308,0.110528,0,0,1.19572,0.188381,0.896816,0.66528,12.849,1,0.378301,1.73241,0,90.5861,3.21657,88.7236,0.84672,12.849,0.84672,3695.15,0,0.0036966,3.33217e-06,1.7524,1.34908,8.70333,0.867136,10.9377,0.42336,0.0018483,0.21168,0.0018483,0.21168,460.486,0,1.02816,0,0,2.78056,1.7524,1.028160,1,0,100.558,0,0,0,100.558,0
72.29,2.12905,0,0,5.11131,0.266258,2.71601,3.6288,61.308,0.110892,0,0,1.27292,0.146267,1.01576,0.66528,12.849,1,0.378422,2.71601,0,85.7243,2.60621,85.4557,0.84672,12.849,0.84672,3695.15,0,0.0036966,3.34314e-06,1.9488,1.34951,8.72528,0.779458,11.2441,0.42336,0.0018483,0.21168,0.0018483,0.21168,460.486,0,1.02816,0,0,2.97696,1.9488,1.028160,1,0,97.7156,0,0,0,97.7156,0
72.29,2.20754,0,0,6.42416,0.270143,3.94647,3.6288,61.308,0.157081,0,0,1.6903,0.177484,1.35574,0.66528,12.849,1,0.392374,3.94647,0,105.727,3.40668,105.874,0.84672,12.849,0.84672,3695.15,0,0.0036966,4.73564e-06,2.9617,1.34994,9.45994,0.913445,12.8581,0.42336,0.0018483,0.21168,0.0018483,0.21168,460.486,0,1.02816,0,0,3.98986,2.9617,1.028160,1,0,120.088,0,0,0,120.088,0
72.29,2.20825,0,0,6.15863,0.271697,3.67868,3.6288,61.308,0.157459,0,0,2.32811,0.189972,1.98068,0.66528,12.849,1,0.3925,3.67868,0,127.57,3.72687,127.129,0.84672,12.849,0.84672,3695.15,0,0.0036966,4.74705e-06,3.56908,1.40296,13.2904,0.967041,17.2954,0.42336,0.0018483,0.21168,0.0018483,0.21168,460.486,0,1.02816,0,0,4.59724,3.56908,1.028160,1,0,146.405,0,0,0,146.405,0
72.29,2.20895,0,0,6.96182,0.271697,4.48117,3.6288,61.308,0.157838,0,0,2.29956,0.189972,1.95175,0.66528,12.849,1,0.392625,4.48117,0,131.834,3.72687,132.196,0.84672,12.849,0.84672,3695.15,0,0.0036966,4.75847e-06,2.98208,1.4034,12.7994,0.967041,16.2178,0.42336,0.0018483,0.21168,0.0018483,0.21168,460.486,0,1.02816,0,0,4.01024,2.98208,1.028160,1,0,150.366,0,0,0,150.366,0
72.29,2.20966,0,0,5.63393,0.264152,3.16012,3.6288,61.308,0.158217,0,0,2.01567,0.189139,1.66831,0.66528,12.849,1,0.39275,3.16012,0,96.908,3.77629,95.899,0.84672,12.849,0.84672,3695.15,0,0.0036966,4.7699e-06,3.18248,1.40385,9.32593,0.970254,12.942,0.42336,0.0018483,0.21168,0.0018483,0.21168,460.486,0,1.02816,0,0,4.21064,3.18248,1.028160,1,0,110.509,0,0,0,110.509,0
72.29,2.1799,0,0,4.45855,0.19569,2.08296,3.6288,61.308,0.140775,0,0,1.40735,0.193335,1.07324,0.66528,12.849,1,0.387461,2.08296,0,85.6716,3.82296,83.5442,0.84672,12.849,0.84672,3695.15,0,0.0036966,4.24407e-06,2.08492,1.4043,6.99028,0.999761,9.47973,0.42336,0.0018483,0.21168,0.0018483,0.21168,460.486,0,1.02816,0,0,3.11308,2.08492,1.028160,1,0,94.0972,0,0,0,94.0972,0
72.29,2.1806,0,0,3.94982,0.164763,1.60446,3.6288,61.308,0.141149,0,0,1.44215,0.20559,1.09541,0.66528,12.849,1,0.387585,1.60446,0,77.2908,3.48978,75.0179,0.84672,12.849,0.84672,3695.15,0,0.0036966,4.25532e-06,2.69705,1.38426,7.43446,1.01339,10.5024,0.42336,0.0018483,0.21168,0.0018483,0.21168,460.486,0,1.02816,0,0,3.72521,2.69705,1.028160,1,0,86.6157,0,0,0,86.6157,0
72.29,2.18129,0,0,4.03078,0.164763,1.68473,3.6288,61.308,0.141522,0,0,1.24116,0.20559,0.89405,0.66528,12.849,1,0.387709,1.68473,0,74.6142,3.48978,72.4214,0.84672,12.849,0.84672,3695.15,0,0.0036966,4.26658e-06,2.03958,1.3847,7.35307,1.01339,9.76396,0.42336,0.0018483,0.21168,0.0018483,0.21168,460.486,0,1.02816,0,0,3.06774,2.03958,1.028160,1,0,83.0794,0,0,0,83.0794,0
72.29,2.18199,0,0,4.12273,0.134353,1.80639,3.6288,61.308,0.141896,0,0,1.21377,0.220426,0.851452,0.66528,12.849,1,0.387832,1.80639,0,77.3245,4.6594,74.0837,0.84672,12.849,0.84672,3695.15,0,0.0036966,4.27784e-06,2.1749,1.38514,9.14449,1.0595,11.645,0.42336,0.0018483,0.21168,0.0018483,0.21168,460.486,0,1.02816,0,0,3.20306,2.1749,1.028160,1,0,86.5802,0,0,0,86.5802,0
72.29,2.28623,0,0,3.32318,0.0765203,0.960429,3.6288,61.308,0.205547,0,0,1.15207,0.240396,0.706132,0.66528,12.849,1,0.40636,0.960429,0,50.1859,5.36594,45.374,0.84672,12.849,0.84672,3695.15,0,0.0036966,6.19679e-06,1.96271,1.38558,6.90708,1.17936,9.07599,0.42336,0.0018483,0.21168,0.0018483,0.21168,460.486,0,1.02816,0,0,2.99087,1.96271,1.028160,1,0,55.1561,0,0,0,55.1561,0
72.29,2.28696,0,0,3.25526,0.13761,0.83069,3.6288,61.308,0.205941,0,0,1.22942,0.234399,0.789079,0.66528,12.849,1,0.406489,0.83069,0,53.4174,4.88838,48.9532,0.84672,12.849,0.84672,3695.15,0,0.0036966,6.20867e-06,1.8947,1.45777,6.58031,1.14878,8.78399,0.42336,0.0018483,0.21168,0.0018483,0.21168,460.486,0,1.02816,0,0,2.92286,1.8947,1.028160,1,0,58.5263,0,0,0,58.5263,0
72.29,2.28769,0,0,2.97216,0.105532,0.57894,3.6288,61.308,0.206335,0,0,0.982066,0.2171,0.55863,0.66528,12.849,1,0.406619,0.57894,0,48.493,4.38396,44.2814,0.84672,12.849,0.84672,3695.15,0,0.0036966,6.22055e-06,1.88102,1.45823,6.11005,1.14081,8.3085,0.42336,0.0018483,0.21168,0.0018483,0.21168,460.486,0,1.02816,0,0,2.90918,1.88102,1.028160,1,0,53.1485,0,0,0,53.1485,0
72.29,2.28842,0,0,2.74974,0.0826989,0.378623,3.6288,61.308,0.206729,0,0,0.998361,0.222456,0.569176,0.66528,12.849,1,0.406749,0.378623,0,43.9315,4.5465,39.3568,0.84672,12.849,0.84672,3695.15,0,0.0036966,6.23243e-06,1.88668,1.4587,6.02884,1.11072,8.2635,0.42336,0.0018483,0.21168,0.0018483,0.21168,460.486,0,1.02816,0,0,2.91484,1.88668,1.028160,1,0,48.1895,0,0,0,48.1895,0
72.2193,2.28915,0,0,2.66407,0.0826989,0.36288,3.6288,61.308,0.207124,0,0,1.04614,0.222456,0.616561,0.66528,12.849,1,0.406879,0.36288,0,41.685,4.5465,37.0945,0.84672,12.849,0.84672,3695.15,0,0.0036966,6.24432e-06,1.78061,1.45917,6.25837,1.11072,8.38742,0.42336,0.0018483,0.21168,0.0018483,0.21168,460.486,0,1.02816,0,0,2.80877,1.78061,1.028160,1,0,46.0985,0,0,0,46.0985,0
72.29,2.26904,0,0,3.09334,0.0948305,0.658817,3.6288,61.308,0.242352,0,0,0.989868,0.236159,0.511356,0.66528,12.849,1,0.403698,0.658817,0,42.5039,4.57507,38.1839,0.84672,12.849,0.84672,3695.15,0,0.0036966,7.30637e-06,0.587961,1.45963,4.89586,1.04145,5.902,0.42336,0.0018483,0.21168,0.0018483,0.21168,460.486,0,1.02816,0,0,1.61612,0.587961,1.028160,1,0,44.5973,0,0,0,44.5973,0
72.29,2.27009,0,0,3.18203,0.0949705,0.816969,3.6288,61.308,0.242757,0,0,0.981979,0.249413,0.489809,0.66528,12.849,1,0.403492,0.816969,0,41.2373,4.69509,36.9556,0.84672,12.849,0.84672,3695.15,0,0.0036966,7.3186e-06,0.276108,1.48248,4.70911,1.0505,5.4172,0.42336,0.0018483,0.21168,0.0018483,0.21168,460.486,0,1.02816,0,0,1.30427,0.276108,1.028160,1,0,42.8626,0,0,0,42.8626,0
72.29,2.27082,0,0,2.79926,0.0664733,0.461972,3.6288,61.308,0.392164,0,0,0.929215,0.293367,0.243684,0.66528,12.849,1,0.403621,0.461972,0,39.0152,5.4822,33.5914,0.84672,12.849,0.84672,3695.15,0,0.0036966,1.18229e-05,0.261274,1.48296,4.51964,1.32129,4.94257,0.42336,0.0018483,0.21168,0.0018483,0.21168,460.486,0,0.879155,0,0,1.14043,0.261274,1.028160,1,0,38.7776,0,0,0,38.7776,0
72.2692,2.27154,0,0,2.68066,0.066988,0.36288,3.6288,61.308,0.302466,0,0,0.902638,0.286668,0.313504,0.66528,12.849,1,0.40375,0.36288,0,35.7805,5.8212,29.9184,0.84672,12.849,0.84672,3695.15,0,0.0036966,9.11867e-06,0.261274,1.48343,4.46376,1.44703,4.76143,0.42336,0.0018483,0.21168,0.0018483,0.21168,460.486,0,0.969261,0,0,1.23053,0.261274,1.028160,1,0,34.9933,0,0,0,34.9933,0
71.9331,2.3252,0,0,2.41955,0.0676273,0.36288,3.6288,61.308,0.432017,0,0,0.768311,0.295258,0.0410362,0.66528,12.849,1,0.413405,0.36288,0,31.1175,5.72862,25.3383,0.84672,12.849,0.84672,3695.15,0,0.0036966,1.30244e-05,0.261274,1.4839,4.16283,1.44669,4.4613,0.42336,0.0018483,0.21168,0.0018483,0.21168,460.486,0,0.871197,0,0,1.13247,0.261274,1.028160,1,0,29.8407,0,0,0,29.8407,0
71.5622,2.3243,0,0,2.38533,0.0690754,0.36288,3.6288,61.1596,0.525353,0,0,0.69369,0.316732,0,0.66528,12.849,1,0.415177,0.36288,0,32.0564,5.49717,26.5069,0.84672,12.849,0.84672,3695.15,0,0.0036966,1.58382e-05,0.261274,1.5201,3.67286,1.44586,4.00836,0.42336,0.0018483,0.21168,0.0018483,0.21168,460.486,0,0.778274,0,0,1.03955,0.261274,1.028160,1,0,30.5153,0,0,0,30.5153,0
71.0282,2.32322,0,0,2.22102,0.0688805,0.36288,3.6288,61.0372,0.407759,0,0,0.601809,0.316435,0,0.66528,12.849,1,0.417134,0.36288,0,27.1429,5.49717,21.5915,0.84672,12.849,0.84672,3695.15,0,0.0036966,1.23229e-05,0.227405,1.52058,3.7067,1.44586,4.00881,0.42336,0.0018483,0.21168,0.0018483,0.21168,460.486,0,0.896288,0,0,1.12369,0.227405,1.028160,1,0,25.6003,0,0,0,25.6003,0
70.3289,2.3213,0,0,2.05347,0.0685999,0.36288,3.6288,60.7342,0.544907,0,0,0.558097,0.316189,0,0.66528,12.849,1,0.419923,0.36288,0,26.0276,5.49717,20.4734,0.84672,12.849,0.84672,3695.15,0,0.0036966,1.65006e-05,0.227405,1.52107,3.22295,1.44586,3.52555,0.42336,0.0018483,0.21168,0.0018483,0.21168,460.486,0,0.759551,0,0,0.986956,0.227405,1.028160,1,0,23.9989,0,0,0,23.9989,0
69.5283,2.47335,0,0,2.0991,0.0634044,0.36288,3.6288,60.5114,0.524484,0,0,0.619784,0.318163,0,0.66528,12.849,1,0.451878,0.36288,0,24.755,5.57194,19.094,0.84672,12.849,0.84672,3695.15,0,0.0036966,1.59614e-05,0.227405,1.52155,3.9865,1.4608,4.27465,0.42336,0.0018483,0.21168,0.0018483,0.21168,460.486,0,0.892737,0,0,1.12014,0.227405,1.028160,1,0,23.3687,0,0,0,23.3687,0
68.6848,2.46975,0,0,2.05184,0.0627185,0.36288,3.6288,59.7638,0.897455,0,0,0.479536,0.329644,0,0.66528,12.849,1,0.456415,0.36288,0,21.9751,5.1826,16.6989,0.84672,12.849,0.84672,3695.15,0,0.0036966,2.74125e-05,0.227405,1.64316,3.04666,1.53523,3.38197,0.42336,0.0018483,0.21168,0.0018483,0.21168,460.486,0,0.520206,0,0,0.747611,0.227405,1.028160,1,0,20.0809,0,0,0,20.0809,0
68.0512,2.46581,0,0,2.2621,0.0670265,0.36288,3.6288,59.2114,0.77975,0,0,0.554844,0.327493,0,0.66528,12.849,1,0.461284,0.36288,0,27.0045,5.04294,21.8631,0.84672,12.849,0.84672,3695.15,0,0.0036966,2.41151e-05,0.204422,1.64368,3.00323,1.5327,3.31861,0.42336,0.0018483,0.21168,0.0018483,0.21168,460.486,0,0.638366,0,0,0.842789,0.204422,1.028160,1,0,25.1818,0,0,0,25.1818,0
66.9458,2.46298,0,0,1.78714,0.0666952,0.36288,3.6288,58.2709,1.01921,0,0,0.405016,0.326338,0,0.66528,12.849,1,0.465045,0.36288,0,27.868,5.04294,22.7229,0.84672,12.849,0.84672,3695.15,0,0.0036966,3.18149e-05,0.204422,1.64421,2.37967,1.5327,2.69557,0.42336,0.0018483,0.21168,0.0018483,0.21168,460.486,0,0.399353,0,0,0.603775,0.204422,1.028160,1,0,25.4184,0,0,0,25.4184,0
66.2729,2.45732,0,0,2.21341,0.0661172,0.36288,3.6288,58.0738,0.546543,0,0,0.673809,0.324372,0,0.66528,12.849,1,0.471638,0.36288,0,24.6971,5.04294,19.5454,0.84672,12.849,0.84672,3695.15,0,0.0036966,1.73359e-05,0.204422,1.64473,3.57594,1.5327,3.89238,0.42336,0.0018483,0.21168,0.0018483,0.21168,460.486,0,0.872485,0,0,1.07691,0.204422,1.028160,1,0,23.4378,0,0,0,23.4378,0
65.7481,2.37922,0,0,2.29099,0.0737012,0.36288,3.6288,57.5625,0.723221,0,0,0.517249,0.305265,0,0.66528,12.849,1,0.461283,0.36288,0,29.2588,4.66873,24.4917,0.84672,12.849,0.84672,3695.15,0,0.0036966,2.30178e-05,0.204422,1.64525,3.05605,1.4157,3.49,0.42336,0.0018483,0.21168,0.0018483,0.21168,460.486,0,0.627955,0,0,0.832378,0.204422,1.028160,1,0,27.9817,0,0,0,27.9817,0
65.2719,2.37689,0,0,2.34075,0.077211,0.36288,3.6288,57.7048,0.32346,0,0,0.767756,0.302063,0,0.66528,12.849,1,0.464511,0.36288,0,31.3706,4.71156,26.5574,0.84672,12.849,0.84672,3695.15,0,0.0036966,1.03861e-05,0.470258,1.57626,3.3306,1.45388,3.92323,0.42336,0.0018483,0.21168,0.0018483,0.21168,460.486,0,1.02816,0,0,1.49842,0.470258,1.028160,1,0,30.4807,0,0,0,30.4807,0
64.4601,2.37482,0,0,2.0029,0.0769174,0.36288,3.6288,57.093,0.733422,0,0,0.42405,0.302341,0,0.66528,12.849,1,0.467492,0.36288,0,31.3398,4.71156,26.5236,0.84672,12.849,0.84672,3695.15,0,0.0036966,2.34917e-05,0.216518,1.57676,2.47876,1.45388,2.81814,0.42336,0.0018483,0.21168,0.0018483,0.21168,460.486,0,0.618615,0,0,0.835134,0.216518,1.028160,1,0,29.3418,0,0,0,29.3418,0
63.7214,2.37067,0,0,2.08964,0.0948776,0.36288,3.6288,56.4555,0.759426,0,0,0.40823,0.286387,0,0.66528,12.849,1,0.472551,0.36288,0,30.1237,4.50393,25.5101,0.84672,12.849,0.84672,3695.15,0,0.0036966,2.45853e-05,0.216518,1.57726,2.49445,1.38898,2.89923,0.42336,0.0018483,0.21168,0.0018483,0.21168,460.486,0,0.593041,0,0,0.809559,0.216518,1.028160,1,0,28.4093,0,0,0,28.4093,0
64.9123,2.30572,0,0,4.05067,0.191076,0.36288,3.6288,56.9325,0.262506,0,0,0.944527,0.204943,0,0.66528,12.849,1,0.464933,0.36288,0,80.6262,3.54483,76.9794,0.84672,12.849,0.84672,3695.15,0,0.0036966,8.59422e-06,0.222886,1.57777,6.49637,1.0083,7.28872,0.42336,0.0018483,0.21168,0.0018483,0.21168,460.486,0,1.02816,0,0,1.25105,0.222886,1.028160,1,0,84.2681,0,0,0,84.2681,0
65.3869,2.31358,0,0,3.31836,0.16739,0.36288,3.6288,57.705,0.262918,0,0,1.23325,0.197819,0,0.66528,12.849,1,0.457958,0.36288,0,74.2884,4.46649,69.7269,0.84672,12.849,0.84672,3695.15,0,0.0036966,8.53555e-06,0.855446,1.51641,5.00131,0.987232,6.38592,0.42336,0.0018483,0.21168,0.0018483,0.21168,460.486,0,1.02816,0,0,1.88361,0.855446,1.028160,1,0,76.1128,0,0,0,76.1128,0
66.1785,2.31709,0,0,3.68123,0.209643,0.36288,3.6288,58.2329,0.263329,0,0,0.94818,0.157041,0,0.66528,12.849,1,0.455326,0.36288,0,86.133,3.86768,82.1729,0.84672,12.849,0.84672,3695.15,0,0.0036966,8.43447e-06,1.32034,1.51689,6.05256,0.932236,7.95755,0.42336,0.0018483,0.21168,0.0018483,0.21168,460.486,0,1.02816,0,0,2.3485,1.32034,1.028160,1,0,90.1305,0,0,0,90.1305,0
68.2067,2.32239,0,0,4.92446,0.210972,0.36288,3.6288,59.0821,0.263741,0,0,1.27053,0.157577,0,0.66528,12.849,1,0.450908,0.36288,0,119.921,3.86768,115.966,0.84672,12.849,0.84672,3695.15,0,0.0036966,8.37108e-06,1.86941,1.51737,7.90862,0.932236,10.3632,0.42336,0.0018483,0.21168,0.0018483,0.21168,460.486,0,1.02816,0,0,2.89757,1.86941,1.028160,1,0,126.329,0,0,0,126.329,0
70.5241,2.15861,0,0,5.05324,0.214377,0.36288,3.6288,60.4426,0.134347,0,0,1.65332,0.15844,0,0.66528,12.849,1,0.406646,0.36288,0,121.807,3.86768,117.895,0.84672,12.849,0.84672,3695.15,0,0.0036966,4.20287e-06,2.30757,1.51786,9.14786,0.932236,12.041,0.42336,0.0018483,0.21168,0.0018483,0.21168,460.486,0,1.02816,0,0,3.33573,2.30757,1.028160,1,0,129.936,0,0,0,129.936,0
71.2952,2.17061,0,0,3.58568,0.281057,0.36288,3.6288,61.2525,0.134718,0,0,1.14374,0.199129,0,0.66528,12.849,1,0.39547,0.36288,0,114.502,4.39068,110.078,0.84672,12.849,0.84672,3695.15,0,0.0036966,4.11959e-06,0.758609,1.3789,8.35963,1.13089,9.36625,0.42336,0.0018483,0.21168,0.0018483,0.21168,460.486,0,1.02816,0,0,1.78677,0.758609,1.028160,1,0,119.445,0,0,0,119.445,0
72.29,2.17493,0,0,4.02105,0.290411,0.560914,3.6288,61.308,0.135088,0,0,1.28126,0.213002,0.87766,0.66528,12.849,1,0.39197,0.560914,0,109.977,4.47489,105.671,0.84672,12.849,0.84672,3695.15,0,0.0036966,4.07629e-06,1.0585,1.37934,9.25819,1.14558,10.5505,0.42336,0.0018483,0.21168,0.0018483,0.21168,460.486,0,1.02816,0,0,2.08666,1.0585,1.028160,1,0,117.099,0,0,0,117.099,0
72.29,2.1802,0,0,6.3653,0.29262,3.89248,3.6288,61.308,0.135459,0,0,1.24929,0.213077,0.900756,0.66528,12.849,1,0.387514,3.89248,0,111.564,4.47489,110.594,0.84672,12.849,0.84672,3695.15,0,0.0036966,4.08377e-06,1.35145,1.37978,9.37976,1.14558,10.9654,0.42336,0.0018483,0.21168,0.0018483,0.21168,460.486,0,1.02816,0,0,2.37961,1.35145,1.028160,1,0,122.46,0,0,0,122.46,0
72.29,2.18089,0,0,6.91519,0.290071,4.44422,3.6288,61.308,0.135829,0,0,1.5319,0.210888,1.18518,0.66528,12.849,1,0.387637,4.44422,0,112.899,4.20685,112.749,0.84672,12.849,0.84672,3695.15,0,0.0036966,4.09495e-06,1.2873,1.38021,10.8027,1.1122,12.358,0.42336,0.0018483,0.21168,0.0018483,0.21168,460.486,0,1.02816,0,0,2.31546,1.2873,1.028160,1,0,126.292,0,0,0,126.292,0
72.29,2.24992,0,0,9.52512,0.300861,6.97435,3.6288,61.308,0.173838,0,0,1.77854,0.193606,1.4111,0.66528,12.849,1,0.399905,6.97435,0,108.8,3.5329,111.842,0.84672,12.849,0.84672,3695.15,0,0.0036966,5.24084e-06,0.967499,1.38065,11.0563,1.0909,12.3136,0.42336,0.0018483,0.21168,0.0018483,0.21168,460.486,0,1.02816,0,0,1.99566,0.967499,1.028160,1,0,125.566,0,0,0,125.566,0
72.29,2.25061,0,0,5.13099,0.26544,2.61495,3.6288,61.2132,0.501403,0,0,0.599489,0.192874,0,0.66528,12.849,1,0.400028,2.61495,0,65.1126,3.6562,63.6713,0.84672,12.849,0.84672,3695.15,0,0.0036966,1.51162e-05,0.503194,1.42526,4.24908,1.07847,5.09905,0.42336,0.0018483,0.21168,0.0018483,0.21168,460.486,0,0.700955,0,0,1.20415,0.503194,1.028160,1,0,68.7704,0,0,0,68.7704,0
72.29,2.2513,0,0,3.38606,0.26544,0.869321,3.6288,60.7455,0.746078,0,0,0.471087,0.192759,0,0.66528,12.849,1,0.400151,0.869321,0,53.3452,3.6562,50.1581,0.84672,12.849,0.84672,3695.15,0,0.0036966,2.25274e-05,0.503194,1.42569,3.2129,1.07847,4.06329,0.42336,0.0018483,0.21168,0.0018483,0.21168,460.486,0,0.456641,0,0,0.959835,0.503194,1.028160,1,0,54.2214,0,0,0,54.2214,0
72.29,2.25199,0,0,3.05444,0.26544,0.53701,3.6288,60.6163,0.63185,0,0,0.694851,0.192189,0,0.66528,12.849,1,0.400274,0.53701,0,73.7416,3.6562,70.2222,0.84672,12.849,0.84672,3695.15,0,0.0036966,1.92253e-05,0.503194,1.42613,5.2789,1.07847,6.12974,0.42336,0.0018483,0.21168,0.0018483,0.21168,460.486,0,0.571242,0,0,1.07444,0.503194,1.028160,1,0,76.3519,0,0,0,76.3519,0
72.29,2.4724,0,0,5.69249,0.300364,2.91973,3.6288,61.1378,0.316814,0,0,1.07387,0.235537,0,0.66528,12.849,1,0.439451,2.91973,0,107.998,3.97503,106.504,0.84672,12.849,0.84672,3695.15,0,0.0036966,9.66024e-06,0.822485,1.42657,8.76119,1.18975,9.82049,0.42336,0.0018483,0.21168,0.0018483,0.21168,460.486,0,1.02816,0,0,1.85064,0.822485,1.028160,1,0,116.324,0,0,0,116.324,0
70.8535,2.47316,0,0,1.65707,0.257541,0.36288,3.6288,60.3229,1.12856,0,0,0.490554,0.1769,0,0.66528,12.849,1,0.439585,0.36288,0,37.235,3.79208,33.3663,0.84672,12.849,0.84672,3695.15,0,0.0036966,3.41184e-05,0.503194,1.58483,4.22277,0.994482,5.31628,0.42336,0.0018483,0.21168,0.0018483,0.21168,460.486,0,0.2168,0,0,0.719994,0.503194,1.028160,1,0,38.6825,0,0,0,38.6825,0
70.7221,2.46637,0,0,2.95261,0.254733,0.36288,3.6288,60.5801,0.496998,0,0,0.930199,0.175987,0,0.66528,12.849,1,0.447267,0.36288,0,46.4618,3.79208,42.5853,0.84672,12.849,0.84672,3695.15,0,0.0036966,1.52281e-05,0.608429,1.58531,5.17899,0.994482,6.37823,0.42336,0.0018483,0.21168,0.0018483,0.21168,460.486,0,0.848796,0,0,1.45722,0.608429,1.028160,1,0,48.9635,0,0,0,48.9635,0
71.1611,2.46642,0,0,3.52274,0.254477,0.36288,3.6288,60.574,0.506529,0,0,0.676678,0.176275,0,0.66528,12.849,1,0.448107,0.36288,0,61.3776,3.79208,57.5003,0.84672,12.849,0.84672,3695.15,0,0.0036966,1.54542e-05,0.608429,1.5858,6.2875,0.994482,7.48723,0.42336,0.0018483,0.21168,0.0018483,0.21168,460.486,0,0.839678,0,0,1.44811,0.608429,1.028160,1,0,64.9875,0,0,0,64.9875,0
70.2669,2.1565,0,0,1.86856,0.243379,0.36288,3.6288,59.9019,0.926728,0,0,0.435033,0.180369,0,0.66528,12.849,1,0.389382,0.36288,0,31.2104,3.76708,27.4168,0.84672,12.849,0.84672,3695.15,0,0.0036966,2.82774e-05,0.608429,1.58629,3.55768,0.977746,4.77463,0.42336,0.0018483,0.21168,0.0018483,0.21168,460.486,0,0.229746,0,0,0.838175,0.608429,1.028160,1,0,32.1914,0,0,0,32.1914,0
69.7991,2.15297,0,0,2.37148,0.323456,0.36288,3.6288,59.8686,0.494336,0,0,0.63006,0.169072,0,0.66528,12.849,1,0.393691,0.36288,0,40.3927,3.3894,36.9725,0.84672,12.849,0.84672,3695.15,0,0.0036966,1.5253e-05,0.608429,1.37062,4.00984,0.883682,5.10519,0.42336,0.0018483,0.21168,0.0018483,0.21168,460.486,0,0.662507,0,0,1.27094,0.608429,1.028160,1,0,42.0777,0,0,0,42.0777,0
69.1208,2.1514,0,0,2.15831,0.32229,0.36288,3.6288,59.6824,0.58692,0,0,0.569773,0.169036,0,0.66528,12.849,1,0.396041,0.36288,0,38.8288,3.3894,35.4063,0.84672,12.849,0.84672,3695.15,0,0.0036966,1.81198e-05,0.558835,1.37104,4.38293,0.883682,5.4291,0.42336,0.0018483,0.21168,0.0018483,0.21168,460.486,0,0.570275,0,0,1.12911,0.558835,1.028160,1,0,40.8354,0,0,0,40.8354,0
68.7834,2.14878,0,0,2.49489,0.320599,0.36288,3.6288,59.9,0.372007,0,0,0.758493,0.168835,0,0.66528,12.849,1,0.399441,0.36288,0,42.9681,3.3894,39.5421,0.84672,12.849,0.84672,3695.15,0,0.0036966,1.15207e-05,0.558835,1.37146,5.54841,0.883682,6.59501,0.42336,0.0018483,0.21168,0.0018483,0.21168,460.486,0,0.785549,0,0,1.34438,0.558835,1.028160,1,0,46.1372,0,0,0,46.1372,0
68.99,2.14779,0,0,2.99384,0.276606,0.36288,3.6288,60.2348,0.32544,0,0,0.865404,0.20523,0,0.66528,12.849,1,0.401215,0.36288,0,46.0737,4.83294,41.2025,0.84672,12.849,0.84672,3695.15,0,0.0036966,1.00419e-05,0.558835,1.37188,6.26461,1.19557,6.99975,0.42336,0.0018483,0.21168,0.0018483,0.21168,460.486,0,0.832473,0,0,1.39131,0.558835,1.028160,1,0,48.2022,0,0,0,48.2022,0
68.9091,2.228,0,0,2.80807,0.298092,0.36288,3.6288,60.7831,0.176697,0,0,0.909673,0.184639,0,0.66528,12.849,1,0.414952,0.36288,0,43.1172,4.17792,38.8872,0.84672,12.849,0.84672,3695.15,0,0.0036966,5.42195e-06,0.622538,1.3723,5.05832,1.01181,6.04135,0.42336,0.0018483,0.21168,0.0018483,0.21168,460.486,0,1.02816,0,0,1.6507,0.622538,1.028160,1,0,44.9286,0,0,0,44.9286,0
68.8432,2.22827,0,0,2.83896,0.313676,0.36288,3.6288,61.308,0.199141,0,0,0.902405,0.169456,0.00889999,0.66528,12.849,1,0.41549,0.36288,0,37.1179,3.68665,33.3786,0.84672,12.849,0.84672,3695.15,0,0.0036966,6.05552e-06,0.528595,1.42618,4.29611,0.873983,5.37689,0.42336,0.0018483,0.21168,0.0018483,0.21168,460.486,0,1.00608,0,0,1.53468,0.528595,1.028160,1,0,38.7644,0,0,0,38.7644,0
67.7655,2.22862,0,0,1.82727,0.313515,0.36288,3.6288,61.0455,0.689237,0,0,0.596759,0.17002,0,0.66528,12.849,1,0.415952,0.36288,0,28.5968,3.68665,24.857,0.84672,12.849,0.84672,3695.15,0,0.0036966,2.0779e-05,0.528595,1.42661,2.35794,0.873983,3.43915,0.42336,0.0018483,0.21168,0.0018483,0.21168,460.486,0,0.516344,0,0,1.04494,0.528595,1.028160,1,0,28.2962,0,0,0,28.2962,0
66.2409,2.22374,0,0,1.37294,0.310882,0.36288,3.6288,60.4016,0.939555,0,0,0.465391,0.169738,0,0.66528,12.849,1,0.421642,0.36288,0,18.3953,3.68665,14.6498,0.84672,12.849,0.84672,3695.15,0,0.0036966,2.84473e-05,0.528595,1.42705,2.1288,0.873983,3.21044,0.42336,0.0018483,0.21168,0.0018483,0.21168,460.486,0,0.266388,0,0,0.794984,0.528595,1.028160,1,0,17.8603,0,0,0,17.8603,0
64.7557,2.18574,0,0,1.34492,0.281487,0.36288,3.6288,59.8708,0.881997,0,0,0.510221,0.159057,0,0.66528,12.849,1,0.423976,0.36288,0,21.7699,3.39678,18.312,0.84672,12.849,0.84672,3695.15,0,0.0036966,2.69893e-05,0.528595,1.42749,2.25882,0.896965,3.31792,0.42336,0.0018483,0.21168,0.0018483,0.21168,460.486,0,0.306202,0,0,0.834797,0.528595,1.028160,1,0,21.6299,0,0,0,21.6299,0
63.5232,2.17829,0,0,1.58259,0.273978,0.36288,3.6288,59.7168,0.702033,0,0,0.705551,0.157505,0,0.66528,12.849,1,0.432223,0.36288,0,26.663,3.4714,23.1222,0.84672,12.849,0.84672,3695.15,0,0.0036966,2.16728e-05,0.528595,1.4071,2.48021,1.04418,3.3717,0.42336,0.0018483,0.21168,0.0018483,0.21168,460.486,0,0.486536,0,0,1.01513,0.528595,1.028160,1,0,26.4939,0,0,0,26.4939,0
62.2604,2.17198,0,0,1.45154,0.179487,0.36288,3.6288,59.4602,0.658136,0,0,0.604206,0.202668,0,0.66528,12.849,1,0.439333,0.36288,0,24.3416,3.87502,20.3901,0.84672,12.849,0.84672,3695.15,0,0.0036966,2.037e-05,0.402797,1.40753,2.31149,1.06828,3.05351,0.42336,0.0018483,0.21168,0.0018483,0.21168,460.486,0,0.530798,0,0,0.933595,0.402797,1.028160,1,0,23.4436,0,0,0,23.4436,0
60.9667,2.16526,0,0,1.41209,0.177644,0.36288,3.6288,59.3683,0.556016,0,0,0.666458,0.202336,0,0.66528,12.849,1,0.446856,0.36288,0,23.525,3.87502,19.566,0.84672,12.849,0.84672,3695.15,0,0.0036966,1.72836e-05,0.402797,1.40796,2.68007,1.06828,3.42253,0.42336,0.0018483,0.21168,0.0018483,0.21168,460.486,0,0.633286,0,0,1.03608,0.402797,1.028160,1,0,22.9885,0,0,0,22.9885,0
59.5338,2.26046,0,0,1.36623,0.175757,0.36288,3.6288,59.089,0.746191,0,0,0.669094,0.202217,0,0.66528,12.849,1,0.476402,0.36288,0,22.3031,3.87502,18.3146,0.84672,12.849,0.84672,3695.15,0,0.0036966,2.3231e-05,0.402797,1.40839,2.35174,1.06828,3.09463,0.42336,0.0018483,0.21168,0.0018483,0.21168,460.486,0,0.50779,0,0,0.910587,0.402797,1.028160,1,0,21.4092,0,0,0,21.4092,0
57.9341,2.25172,0,0,1.18354,0.168625,0.36288,3.6288,58.7406,0.707506,0,0,0.574378,0.215213,0,0.66528,12.849,1,0.485982,0.36288,0,19.835,4.34015,15.3718,0.84672,12.849,0.84672,3695.15,0,0.0036966,2.21308e-05,0.402797,1.48174,1.82671,1.06888,2.64235,0.42336,0.0018483,0.21168,0.0018483,0.21168,460.486,0,0.54686,0,0,0.949657,0.402797,1.028160,1,0,18.0141,0,0,0,18.0141,0
56.2849,2.24142,0,0,1.12037,0.165233,0.36288,3.6288,58.3543,0.693376,0,0,0.524013,0.216954,0,0.66528,12.849,1,0.497117,0.36288,0,17.7554,4.41767,13.2035,0.84672,12.849,0.84672,3695.15,0,0.0036966,2.18174e-05,0.30119,1.4822,1.65579,1.06898,2.37017,0.42336,0.0018483,0.21168,0.0018483,0.21168,460.486,0,0.561375,0,0,0.862566,0.30119,1.028160,1,0,15.5736,0,0,0,15.5736,0
54.5515,2.23024,0,0,0.997117,0.137404,0.36288,3.6288,57.8867,0.730038,0,0,0.497377,0.234949,0,0.66528,12.849,1,0.509131,0.36288,0,15.7077,4.63187,10.9296,0.84672,12.849,0.84672,3695.15,0,0.0036966,2.3123e-05,0.30119,1.48265,1.61073,1.12371,2.27084,0.42336,0.0018483,0.21168,0.0018483,0.21168,460.486,0,0.525096,0,0,0.826286,0.30119,1.028160,1,0,13.2004,0,0,0,13.2004,0
52.7984,2.21783,0,0,0.944024,0.116489,0.36288,3.6288,57.336,0.779211,0,0,0.476652,0.2481,0,0.66528,12.849,1,0.522384,0.36288,0,14.967,4.79252,10.015,0.84672,12.849,0.84672,3695.15,0,0.0036966,2.48799e-05,0.30119,1.48311,1.59295,1.16476,2.21246,0.42336,0.0018483,0.21168,0.0018483,0.21168,460.486,0,0.476306,0,0,0.777496,0.30119,1.028160,1,0,12.2274,0,0,0,12.2274,0
51.2181,2.18481,0,0,1.07376,0.106321,0.36288,3.6288,57.0288,0.571153,0,0,0.488809,0.224953,0,0.66528,12.849,1,0.531694,0.36288,0,16.8655,4.53554,12.1612,0.84672,12.849,0.84672,3695.15,0,0.0036966,1.84118e-05,0.30119,1.48356,2.05739,1.17816,2.66397,0.42336,0.0018483,0.21168,0.0018483,0.21168,460.486,0,0.720161,0,0,1.02135,0.30119,1.028160,1,0,14.8252,0,0,0,14.8252,0
49.7249,2.17236,0,0,1.14066,0.0986136,0.36288,3.6288,57.0051,0.310214,0,0,0.494419,0.207839,0,0.66528,12.849,1,0.544975,0.36288,0,18.2386,4.3428,13.7137,0.84672,12.849,0.84672,3695.15,0,0.0036966,1.0054e-05,0.261274,1.50677,2.28674,1.18821,2.86657,0.42336,0.0018483,0.21168,0.0018483,0.21168,460.486,0,0.981504,0,0,1.24278,0.261274,1.028160,1,0,16.5803,0,0,0,16.5803,0
48.1432,2.16001,0,0,1.03828,0.0970763,0.36288,3.6288,56.7832,0.476587,0,0,0.462428,0.207807,0,0.66528,12.849,1,0.55815,0.36288,0,17.509,4.3428,12.9709,0.84672,12.849,0.84672,3695.15,0,0.0036966,1.54526e-05,0.261274,1.50723,2.14817,1.18821,2.72846,0.42336,0.0018483,0.21168,0.0018483,0.21168,460.486,0,0.815521,0,0,1.07679,0.261274,1.028160,1,0,15.6993,0,0,0,15.6993,0
46.5049,2.14619,0,0,0.95472,0.0839608,0.36288,3.6288,56.5028,0.482348,0,0,0.4415,0.239474,0,0.66528,12.849,1,0.572799,0.36288,0,15.5223,4.76625,10.5461,0.84672,12.849,0.84672,3695.15,0,0.0036966,1.57005e-05,0.261274,1.50769,2.06702,1.34277,2.49319,0.42336,0.0018483,0.21168,0.0018483,0.21168,460.486,0,0.810156,0,0,1.07143,0.261274,1.028160,1,0,13.0393,0,0,0,13.0393,0
44.811,2.18077,0,0,0.918294,0.0685911,0.36288,3.6288,56.1071,0.535002,0,0,0.422086,0.282779,0,0.66528,12.849,1,0.602531,0.36288,0,13.971,5.41973,8.31159,0.84672,12.849,0.84672,3695.15,0,0.0036966,1.75008e-05,0.261274,1.50815,1.93012,1.53259,2.16693,0.42336,0.0018483,0.21168,0.0018483,0.21168,460.486,0,0.789489,0,0,1.05076,0.261274,1.028160,1,0,10.4785,0,0,0,10.4785,0
43.0869,2.16372,0,0,0.876666,0.074094,0.36288,3.6288,55.4696,0.692797,0,0,0.344529,0.289224,0,0.66528,12.849,1,0.620422,0.36288,0,16.3064,5.95298,10.0959,0.84672,12.849,0.84672,3695.15,0,0.0036966,2.28224e-05,0.261274,1.54492,1.61235,1.43497,1.98356,0.42336,0.0018483,0.21168,0.0018483,0.21168,460.486,0,0.632094,0,0,0.893367,0.261274,1.028160,1,0,12.0795,0,0,0,12.0795,0
41.327,2.14526,0,0,0.820878,0.0726499,0.36288,3.6288,54.8261,0.675906,0,0,0.3204,0.288019,0,0.66528,12.849,1,0.639739,0.36288,0,13.0925,5.95298,6.8627,0.84672,12.849,0.84672,3695.15,0,0.0036966,2.25218e-05,0.227405,1.54539,1.45341,1.43497,1.79122,0.42336,0.0018483,0.21168,0.0018483,0.21168,460.486,0,0.649391,0,0,0.876796,0.227405,1.028160,1,0,8.65393,0,0,0,8.65393,0
39.5152,2.12512,0,0,0.747377,0.0711756,0.36288,3.6288,54.0323,0.811238,0,0,0.304178,0.286803,0,0.66528,12.849,1,0.660723,0.36288,0,11.9321,5.95298,5.68128,0.84672,12.849,0.84672,3695.15,0,0.0036966,2.73485e-05,0.227405,1.54587,1.3557,1.43497,1.69398,0.42336,0.0018483,0.21168,0.0018483,0.21168,460.486,0,0.51446,0,0,0.741865,0.227405,1.028160,1,0,7.37526,0,0,0,7.37526,0
37.726,2.24335,0,0,0.877461,0.0604973,0.36288,3.6288,53.5445,0.592511,0,0,0.379992,0.275207,0,0.66528,12.849,1,0.72946,0.36288,0,12.4728,6.12783,5.97838,0.84672,12.849,0.84672,3695.15,0,0.0036966,2.02682e-05,0.227405,1.54634,2.05935,1.48281,2.35027,0.42336,0.0018483,0.21168,0.0018483,0.21168,460.486,0,0.847774,0,0,1.07518,0.227405,1.028160,1,0,8.32865,0,0,0,8.32865,0
35.9929,2.21822,0,0,0.918389,0.070408,0.36288,3.6288,52.7211,0.816737,0,0,0.299017,0.305719,0,0.66528,12.849,1,0.755497,0.36288,0,11.8854,6.65668,4.83614,0.84672,12.849,0.84672,3695.15,0,0.0036966,2.81929e-05,0.227405,1.6699,1.98513,1.53569,2.34671,0.42336,0.0018483,0.21168,0.0018483,0.21168,460.486,0,0.623981,0,0,0.851386,0.227405,1.028160,1,0,7.18285,0,0,0,7.18285,0
34.3811,2.19208,0,0,1.01551,0.0723345,0.36288,3.6288,51.9635,0.744155,0,0,0.304588,0.318041,0,0.66528,12.849,1,0.782544,0.36288,0,12.7108,6.89147,5.39969,0.84672,12.849,0.84672,3695.15,0,0.0036966,2.60886e-05,0.204422,1.67041,1.90188,1.56063,2.21606,0.42336,0.0018483,0.21168,0.0018483,0.21168,460.486,0,0.697006,0,0,0.901428,0.204422,1.028160,1,0,7.61576,0,0,0,7.61576,0
32.6175,2.16603,0,0,0.836266,0.070937,0.36288,3.6288,51.063,0.849508,0,0,0.265105,0.316109,0,0.66528,12.849,1,0.809496,0.36288,0,15.7796,6.89147,8.4415,0.84672,12.849,0.84672,3695.15,0,0.0036966,3.02163e-05,0.204422,1.67093,1.69677,1.56063,2.01146,0.42336,0.0018483,0.21168,0.0018483,0.21168,460.486,0,0.592091,0,0,0.796513,0.204422,1.028160,1,0,10.453,0,0,0,10.453,0
30.975,2.13528,0,0,0.925111,0.0694079,0.36288,3.6288,50.5096,0.603774,0,0,0.364172,0.313813,0,0.66528,12.849,1,0.841151,0.36288,0,13.5289,6.89147,6.15921,0.84672,12.849,0.84672,3695.15,0,0.0036966,2.18545e-05,0.204422,1.67144,2.02768,1.56063,2.34289,0.42336,0.0018483,0.21168,0.0018483,0.21168,460.486,0,0.838273,0,0,1.0427,0.204422,1.028160,1,0,8.5021,0,0,0,8.5021,0
29.2397,2.04019,0,0,0.745664,0.0779673,0.36288,3.6288,49.732,0.713849,0,0,0.255944,0.319654,0,0.66528,12.849,1,0.846307,0.36288,0,11.9168,6.85043,4.58295,0.84672,12.849,0.84672,3695.15,0,0.0036966,2.61219e-05,0.204422,1.67195,1.70297,1.54993,2.02939,0.42336,0.0018483,0.21168,0.0018483,0.21168,460.486,0,0.65923,0,0,0.863653,0.204422,1.028160,1,0,6.61234,0,0,0,6.61234,0
27.4339,1.89389,0,0,0.552938,0.101975,0.36288,3.6288,48.5175,1.1019,0,0,0.20196,0.314512,0,0.66528,12.0202,1,0.832246,0.36288,0,7.31851,6.68528,3.20544,0.84672,12.0202,0.84672,3692.94,0,0.0036966,4.09524e-05,0.216518,1.60181,0.900513,1.49773,1.22108,0.42336,0.0018483,0.21168,0.0018483,0.21168,460.486,0,0.43283,0,0,0.649349,0.216518,1.028160,1,0,4.42652,0,0,0,4.42652,0
25.5702,2.04153,0,0,0.671396,0.130667,0.36288,3.6288,47.5121,0.930253,0,0,0.204746,0.27989,0,0.66528,11.1756,1,0.84672,0.36288,0,6.64399,6.4092,3.20544,0.84672,11.1756,0.84672,3690.33,0,0.0036966,3.54385e-05,0.216518,1.69667,0.666245,1.4029,1.17649,0.42336,0.0018483,0.21168,0.0018483,0.21168,460.486,0,0.443657,0,0,0.660176,0.216518,1.028160,1,0,4.38193,0,0,0,4.38193,0
24.0697,2.0424,0,0,1.03205,0.127288,0.36288,3.6288,47.1403,0.440132,0,0,0.345824,0.277555,0,0.66528,10.3506,1,0.84672,0.36288,0,12.3282,6.4092,3.20544,0.84672,10.3506,0.84672,3693.38,0,0.0036966,1.71218e-05,0.216518,1.60279,1.28801,1.4029,1.7044,0.42336,0.0018483,0.21168,0.0018483,0.21168,460.486,0,0.934217,0,0,1.15074,0.216518,1.028160,1,0,4.90984,0,0,0,4.90984,0
22.4729,1.96873,0,0,0.859429,0.124568,0.36288,3.6288,46.5192,0.619177,0,0,0.274774,0.276691,0,0.66528,12.849,1,0.846609,0.36288,0,18.2936,6.4092,7.13433,0.84672,12.849,0.84672,3695.15,0,0.0036966,2.4277e-05,0.216518,1.60328,0.906803,1.4029,1.32368,0.42336,0.0018483,0.21168,0.0018483,0.21168,460.486,0,0.692332,0,0,0.90885,0.216518,1.028160,1,0,8.45801,0,0,0,8.45801,0
21.0329,1.74667,0,0,0.808265,0.138758,0.36288,3.6288,45.9073,0.784433,0,0,0.371749,0.199193,0,0.66528,12.849,1,0.84672,0.36288,0,14.0855,4.21805,9.38365,0.84672,12.849,0.84672,3695.15,0,0.0036966,3.11671e-05,0.216518,1.54091,2.02268,0.816157,2.96392,0.42336,0.0018483,0.21168,0.0018483,0.21168,460.486,0,0.750289,0,0,0.966807,0.216518,1.028160,1,0,12.3476,0,0,0,12.3476,0
19.7203,1.74792,0,0,0.989306,0.191069,0.36288,3.6288,44.9117,1.07561,0,0,0.26898,0.188956,0,0.66528,12.849,1,0.84672,0.36288,0,18.0827,4.31539,13.2835,0.84672,12.849,0.84672,3695.15,0,0.0036966,4.33056e-05,0.292723,1.67178,1.83435,0.940169,2.85864,0.42336,0.0018483,0.21168,0.0018483,0.21168,460.486,0,0.459104,0,0,0.751827,0.292723,1.028160,1,0,16.1421,0,0,0,16.1421,0
18.4393,1.74918,0,0,1.01869,0.187635,0.36288,3.6288,44.6103,0.506573,0,0,0.392315,0.187211,0,0.66528,12.849,1,0.84672,0.36288,0,18.3465,4.31539,13.5473,0.84672,12.849,0.84672,3695.15,0,0.0036966,2.08475e-05,0.457723,1.67202,2.52407,0.940169,3.71362,0.42336,0.0018483,0.21168,0.0018483,0.21168,460.486,0,1.02816,0,0,1.48588,0.457723,1.028160,1,0,17.2609,0,0,0,17.2609,0
19.2091,1.53815,0,0,2.85509,0.184284,0.36288,3.6288,45.2235,0.374678,0,0,1.17464,0.186682,0,0.66528,12.849,1,0.84672,0.36288,0,56.8269,4.31539,52.0277,0.84672,12.849,0.84672,3695.15,0,0.0036966,1.55237e-05,1.98756,1.67225,5.23994,0.940169,7.95957,0.42336,0.0018483,0.21168,0.0018483,0.21168,460.486,0,1.02816,0,0,3.01572,1.98756,1.028160,1,0,59.9873,0,0,0,59.9873,0
19.0155,1.40747,0,0,1.76841,0.191639,0.36288,3.6288,44.8486,0.730913,0,0,0.542206,0.186255,0,0.66528,12.849,1,0.84672,0.36288,0,26.2663,4.00497,21.7775,0.84672,12.849,0.84672,3695.15,0,0.0036966,2.98726e-05,0.292723,1.5308,2.69478,1.03061,3.48766,0.42336,0.0018483,0.21168,0.0018483,0.21168,460.486,0,0.803771,0,0,1.09649,0.292723,1.028160,1,0,25.2651,0,0,0,25.2651,0
18.9676,1.40863,0,0,1.8893,0.165696,0.36288,3.6288,44.5866,0.506532,0,0,0.450222,0.205661,0,0.66528,12.849,1,0.84672,0.36288,0,23.5869,4.21622,18.8869,0.84672,12.849,0.84672,3695.15,0,0.0036966,2.08752e-05,0.764744,1.60818,2.98858,0.99607,4.36542,0.42336,0.0018483,0.21168,0.0018483,0.21168,460.486,0,1.02816,0,0,1.7929,0.764744,1.028160,1,0,23.2523,0,0,0,23.2523,0
19.4097,1.40978,0,0,2.38579,0.171039,0.36288,3.6288,44.3262,0.506532,0,0,0.432369,0.186226,0,0.66528,12.849,1,0.84672,0.36288,0,30.4754,4.22636,25.7652,0.84672,12.849,0.84672,3695.15,0,0.0036966,2.09979e-05,0.542341,1.6084,2.85692,1.05923,3.94841,0.42336,0.0018483,0.21168,0.0018483,0.21168,460.486,0,1.02816,0,0,1.5705,0.542341,1.028160,1,0,29.7137,0,0,0,29.7137,0
20.352,1.41095,0,0,2.88826,0.172105,0.36288,3.6288,43.6203,0.987268,0,0,0.467133,0.18577,0,0.66528,12.849,1,0.84672,0.36288,0,37.0776,4.22636,32.3674,0.84672,12.849,0.84672,3695.15,0,0.0036966,4.11668e-05,0.412474,1.60861,2.33403,1.05923,3.29584,0.42336,0.0018483,0.21168,0.0018483,0.21168,460.486,0,0.547404,0,0,0.959878,0.412474,1.028160,1,0,35.6633,0,0,0,35.6633,0
22.4723,1.49387,0,0,4.14939,0.172317,0.36288,3.6288,44.6287,0.544774,0,0,1.74662,0.19343,0,0.66528,12.849,1,0.84672,0.36288,0,71.6329,4.42751,66.7215,0.84672,12.849,0.84672,3695.15,0,0.0036966,2.30834e-05,1.72907,1.60883,6.87155,1.13027,9.07915,0.42336,0.0018483,0.21168,0.0018483,0.21168,460.486,0,1.02816,0,0,2.75723,1.72907,1.028160,1,0,75.8007,0,0,0,75.8007,0
33.6175,1.53328,0,0,13.2134,0.172068,0.36288,3.6288,47.3806,0.506531,0,0,3.47614,0.217727,0,0.66528,12.849,1,0.84672,0.36288,0,233.832,4.93038,228.418,0.84672,12.849,0.84672,3695.15,0,0.0036966,2.0978e-05,4.95583,1.65392,18.7491,1.30789,24.0509,0.42336,0.0018483,0.21168,0.0018483,0.21168,460.486,0,1.02816,0,0,5.98399,4.95583,1.028160,1,0,252.469,0,0,0,252.469,0
42.1406,1.94896,0,0,11.0351,0.200173,0.36288,3.6288,50.408,0.19384,0,0,3.44452,0.22324,0,0.66528,12.849,1,0.744914,0.36288,0,343.313,4.93038,338.001,0.84672,12.849,0.84672,3695.15,0,0.0036966,7.56163e-06,3.98503,1.63175,18.4715,1.30789,22.7804,0.42336,0.0018483,0.21168,0.0018483,0.21168,460.486,0,1.02816,0,0,5.01319,3.98503,1.028160,1,0,360.781,0,0,0,360.781,0
46.0876,2.06504,0,0,6.59643,0.221484,0.36288,3.6288,51.7539,0.1942,0,0,1.76898,0.228901,0,0.66528,12.849,1,0.629646,0.36288,0,145.657,4.93038,140.459,0.84672,12.849,0.84672,3695.15,0,0.0036966,7.1207e-06,2.53841,1.44897,9.49907,1.30789,12.1786,0.42336,0.0018483,0.21168,0.0018483,0.21168,460.486,0,1.02816,0,0,3.56657,2.53841,1.028160,1,0,152.638,0,0,0,152.638,0
48.5176,2.31342,0,0,5.33351,0.227259,0.36288,3.6288,52.7154,0.338322,0,0,1.46574,0.165926,0,0.66528,12.849,1,0.64497,0.36288,0,106.51,4.31886,101.91,0.84672,12.849,0.84672,3695.15,0,0.0036966,1.20826e-05,2.28451,1.4494,8.06466,1.02127,10.7773,0.42336,0.0018483,0.21168,0.0018483,0.21168,460.486,0,1.02816,0,0,3.31267,2.28451,1.028160,1,0,112.687,0,0,0,112.687,0
51.0586,2.33965,0,0,5.47889,0.23533,0.36288,3.6288,54.6172,0.338724,0,0,2.4463,0.20583,0,0.66528,12.849,1,0.619614,0.36288,0,119.171,4.1706,114.743,0.84672,12.849,0.84672,3695.15,0,0.0036966,1.18763e-05,2.19004,1.61017,9.0917,1.05383,11.8381,0.42336,0.0018483,0.21168,0.0018483,0.21168,460.486,0,1.02816,0,0,3.2182,2.19004,1.028160,1,0,126.581,0,0,0,126.581,0
56.367,2.36499,0,0,8.27757,0.241287,0.36288,3.6288,56.8833,0.339127,0,0,2.82193,0.216688,0,0.66528,12.849,1,0.595154,0.36288,0,108.563,4.15978,104.171,0.84672,12.849,0.84672,3695.15,0,0.0036966,1.14764e-05,2.9281,1.61065,12.1222,1.06189,15.599,0.42336,0.0018483,0.21168,0.0018483,0.21168,460.486,0,1.02816,0,0,3.95626,2.9281,1.028160,1,0,119.77,0,0,0,119.77,0
59.2708,2.41135,0,0,5.9272,0.249138,0.36288,3.6288,58.8515,0.33953,0,0,2.52725,0.21951,0,0.66528,12.849,1,0.549672,0.36288,0,108.752,3.98769,104.577,0.84672,12.849,0.84672,3695.15,0,0.0036966,1.10323e-05,2.12647,1.61112,9.32446,1.03031,12.0317,0.42336,0.0018483,0.21168,0.0018483,0.21168,460.486,0,1.02816,0,0,3.15463,2.12647,1.028160,1,0,116.609,0,0,0,116.609,0
62.575,2.12565,0,0,6.09173,0.299033,0.36288,3.6288,60.9251,0.146775,0,0,2.42036,0.199966,0,0.66528,12.849,1,0.460807,0.36288,0,120.879,3.68865,117.092,0.84672,12.849,0.84672,3695.15,0,0.0036966,4.60964e-06,2.27337,1.6116,14.7636,1.03923,17.6093,0.42336,0.0018483,0.21168,0.0018483,0.21168,460.486,0,1.02816,0,0,3.30153,2.27337,1.028160,1,0,134.702,0,0,0,134.702,0
65.5084,2.14647,0,0,5.77252,0.329803,0.36288,3.6288,61.308,0.147121,0,0,1.42783,0.15569,0.742123,0.66528,12.849,1,0.44075,0.36288,0,164.016,3.18681,160.751,0.84672,12.849,0.84672,3695.15,0,0.0036966,4.46324e-06,2.02855,1.39247,12.8329,0.920521,15.3334,0.42336,0.0018483,0.21168,0.0018483,0.21168,460.486,0,1.02816,0,0,3.05671,2.02855,1.028160,1,0,176.827,0,0,0,176.827,0
68.4412,2.16361,0,0,5.81637,0.357089,0.36288,3.6288,61.308,0.147466,0,0,3.39466,0.144565,3.10263,0.66528,12.849,1,0.424376,0.36288,0,208.39,2.88039,205.448,0.84672,12.849,0.84672,3695.15,0,0.0036966,4.44579e-06,3.68312,1.39288,19.3341,0.781065,23.629,0.42336,0.0018483,0.21168,0.0018483,0.21168,460.486,0,1.02816,0,0,4.71128,3.68312,1.028160,1,0,232.18,0,0,0,232.18,0
70.7389,2.17956,0,0,5.21008,0.369885,0.36288,3.6288,61.308,0.147812,0,0,2.11719,0.128099,1.84128,0.66528,12.849,1,0.409186,0.36288,0,185.058,2.61156,182.4,0.84672,12.849,0.84672,3695.15,0,0.0036966,4.45622e-06,2.83028,1.39329,13.7675,0.702131,17.2889,0.42336,0.0018483,0.21168,0.0018483,0.21168,460.486,0,1.02816,0,0,3.85844,2.83028,1.028160,1,0,201.53,0,0,0,201.53,0
72.29,2.19145,0,0,7.8059,0.376528,3.68686,3.6288,61.308,0.148158,0,0,3.79944,0.128099,3.52318,0.66528,12.849,1,0.398055,3.68686,0,176.012,2.61156,176.69,0.84672,12.849,0.84672,3695.15,0,0.0036966,4.46665e-06,5.69329,1.3937,19.9406,0.702131,26.3255,0.42336,0.0018483,0.21168,0.0018483,0.21168,460.486,0,1.02816,0,0,6.72145,5.69329,1.028160,1,0,206.538,0,0,0,206.538,0
72.29,2.27971,0,0,10.6167,0.375457,7.96158,3.6288,61.308,0.195828,0,0,5.14147,0.130321,4.81533,0.66528,12.849,1,0.405202,7.96158,0,210.862,2.36762,216.051,0.84672,12.849,0.84672,3695.15,0,0.0036966,5.90376e-06,5.75318,1.39411,28.1888,0.672066,34.664,0.42336,0.0018483,0.21168,0.0018483,0.21168,460.486,0,1.02816,0,0,6.78134,5.75318,1.028160,1,0,255.53,0,0,0,255.53,0
72.29,2.28038,0,0,8.11339,0.344375,5.48863,3.6288,61.308,0.196188,0,0,3.89424,0.127964,3.57009,0.66528,12.849,1,0.405321,5.48863,0,192.834,2.28043,195.637,0.84672,12.849,0.84672,3695.15,0,0.0036966,5.91462e-06,4.04119,1.44882,18.6438,0.678214,23.4556,0.42336,0.0018483,0.21168,0.0018483,0.21168,460.486,0,1.02816,0,0,5.06935,4.04119,1.028160,1,0,222.663,0,0,0,222.663,0
72.29,2.28105,0,0,5.81298,0.326618,3.20531,3.6288,61.308,0.196548,0,0,2.7041,0.123975,2.38357,0.66528,12.849,1,0.40544,3.20531,0,143.484,2.459,143.825,0.84672,12.849,0.84672,3695.15,0,0.0036966,5.92547e-06,3.20093,1.44925,14.0503,0.712891,17.9876,0.42336,0.0018483,0.21168,0.0018483,0.21168,460.486,0,1.02816,0,0,4.22909,3.20093,1.028160,1,0,164.196,0,0,0,164.196,0
72.29,2.28172,0,0,4.99832,0.326618,2.38998,3.6288,61.308,0.196908,0,0,2.74159,0.123975,2.42071,0.66528,12.849,1,0.405559,2.38998,0,120.735,2.459,120.261,0.84672,12.849,0.84672,3695.15,0,0.0036966,5.93633e-06,2.87648,1.44967,13.1079,0.712891,16.7212,0.42336,0.0018483,0.21168,0.0018483,0.21168,460.486,0,1.02816,0,0,3.90464,2.87648,1.028160,1,0,139.403,0,0,0,139.403,0
72.29,2.25094,0,0,4.46796,0.322959,1.89406,3.6288,61.308,0.178866,0,0,2.77423,0.13274,2.46262,0.66528,12.849,1,0.400087,1.89406,0,115.788,2.59735,114.685,0.84672,12.849,0.84672,3695.15,0,0.0036966,5.39243e-06,2.58918,1.4501,15.6568,0.727008,18.9691,0.42336,0.0018483,0.21168,0.0018483,0.21168,460.486,0,1.02816,0,0,3.61734,2.58918,1.028160,1,0,136.116,0,0,0,136.116,0
72.29,2.2516,0,0,3.46744,0.290537,0.925303,3.6288,61.308,0.179221,0,0,1.40036,0.17596,1.04518,0.66528,12.849,1,0.400205,0.925303,0,84.4923,3.79491,81.2225,0.84672,12.849,0.84672,3695.15,0,0.0036966,5.40312e-06,1.3088,1.42937,6.9514,0.860126,8.82944,0.42336,0.0018483,0.21168,0.0018483,0.21168,460.486,0,1.02816,0,0,2.33696,1.3088,1.028160,1,0,91.0971,0,0,0,91.0971,0
72.29,2.25226,0,0,3.77279,0.290537,1.22999,3.6288,61.308,0.179576,0,0,1.47937,0.17596,1.12383,0.66528,12.849,1,0.400322,1.22999,0,81.0026,3.79491,78.0373,0.84672,12.849,0.84672,3695.15,0,0.0036966,5.41383e-06,1.30226,1.42979,7.59784,0.860126,9.46975,0.42336,0.0018483,0.21168,0.0018483,0.21168,460.486,0,1.02816,0,0,2.33042,1.30226,1.028160,1,0,88.6309,0,0,0,88.6309,0
72.29,2.25292,0,0,3.36017,0.284818,0.822423,3.6288,61.308,0.179931,0,0,1.39155,0.173894,1.03772,0.66528,12.849,1,0.40044,0.822423,0,88.681,3.69465,85.4083,0.84672,12.849,0.84672,3695.15,0,0.0036966,5.42453e-06,1.29401,1.43021,7.87242,0.849382,9.74725,0.42336,0.0018483,0.21168,0.0018483,0.21168,460.486,0,1.02816,0,0,2.32217,1.29401,1.028160,1,0,96.1933,0,0,0,96.1933,0
72.29,2.36049,0,0,3.27966,0.244185,0.674983,3.6288,61.308,0.24562,0,0,1.3674,0.187009,0.934772,0.66528,12.849,1,0.419559,0.674983,0,78.1099,3.72705,74.6383,0.84672,12.849,0.84672,3695.15,0,0.0036966,7.40489e-06,1.24118,1.43063,7.30115,0.891333,9.08161,0.42336,0.0018483,0.21168,0.0018483,0.21168,460.486,0,1.02816,0,0,2.26934,1.24118,1.028160,1,0,84.6547,0,0,0,84.6547,0
72.29,2.36118,0,0,3.20306,0.191624,0.650257,3.6288,61.308,0.245994,0,0,1.21786,0.214956,0.75691,0.66528,12.849,1,0.419682,0.650257,0,69.9356,4.05015,66.116,0.84672,12.849,0.84672,3695.15,0,0.0036966,7.41618e-06,1.55459,1.50512,6.2843,1.05127,8.29274,0.42336,0.0018483,0.21168,0.0018483,0.21168,460.486,0,1.02816,0,0,2.58275,1.55459,1.028160,1,0,75.1657,0,0,0,75.1657,0
72.29,2.36188,0,0,3.12562,0.196934,0.566804,3.6288,61.308,0.246369,0,0,1.12941,0.207855,0.675188,0.66528,12.849,1,0.419806,0.566804,0,64.6989,3.89634,60.9496,0.84672,12.849,0.84672,3695.15,0,0.0036966,7.42747e-06,1.0177,1.50556,5.76606,1.04643,7.24288,0.42336,0.0018483,0.21168,0.0018483,0.21168,460.486,0,1.02816,0,0,2.04586,1.0177,1.028160,1,0,68.8676,0,0,0,68.8676,0
72.2081,2.36257,0,0,2.84045,0.196934,0.36288,3.6288,61.308,0.246743,0,0,1.08219,0.207855,0.627587,0.66528,12.849,1,0.419929,0.36288,0,61.5106,3.89634,57.5572,0.84672,12.849,0.84672,3695.15,0,0.0036966,7.43876e-06,0.733268,1.50601,5.6181,1.04643,6.81093,0.42336,0.0018483,0.21168,0.0018483,0.21168,460.486,0,1.02816,0,0,1.76143,0.733268,1.028160,1,0,64.9957,0,0,0,64.9957,0
71.7826,2.36286,0,0,2.49713,0.196812,0.36288,3.6288,61.308,0.247118,0,0,0.978402,0.207855,0.523429,0.66528,12.849,1,0.420457,0.36288,0,52.6556,3.89634,48.7017,0.84672,12.849,0.84672,3695.15,0,0.0036966,7.45005e-06,0.589697,1.50645,5.30844,1.04643,6.35815,0.42336,0.0018483,0.21168,0.0018483,0.21168,460.486,0,1.02816,0,0,1.61786,0.589697,1.028160,1,0,55.5833,0,0,0,55.5833,0
71.5949,2.34029,0,0,2.68008,0.164638,0.36288,3.6288,61.308,0.283454,0,0,1.06744,0.221244,0.562739,0.66528,12.849,1,0.418909,0.36288,0,54.006,4.14684,49.8031,0.84672,12.849,0.84672,3695.15,0,0.0036966,8.5455e-06,0.95802,1.50689,5.94979,1.11528,7.29941,0.42336,0.0018483,0.21168,0.0018483,0.21168,460.486,0,1.02816,0,0,1.98618,0.95802,1.028160,1,0,57.6652,0,0,0,57.6652,0
71.7621,2.34005,0,0,3.01056,0.140468,0.36288,3.6288,61.308,0.283839,0,0,1.21476,0.226515,0.704404,0.66528,12.849,1,0.419964,0.36288,0,59.5086,4.27875,55.1728,0.84672,12.849,0.84672,3695.15,0,0.0036966,8.55711e-06,1.49251,1.53044,7.05871,1.15707,8.92458,0.42336,0.0018483,0.21168,0.0018483,0.21168,460.486,0,1.02816,0,0,2.52067,1.49251,1.028160,1,0,64.8018,0,0,0,64.8018,0
71.6441,2.34156,0,0,2.72712,0.140648,0.36288,3.6288,61.308,0.284224,0,0,1.16078,0.226515,0.650044,0.66528,12.849,1,0.419257,0.36288,0,58.4818,4.27875,54.1467,0.84672,12.849,0.84672,3695.15,0,0.0036966,8.56873e-06,1.36724,1.53089,6.66844,1.15707,8.40949,0.42336,0.0018483,0.21168,0.0018483,0.21168,460.486,0,1.02816,0,0,2.3954,1.36724,1.028160,1,0,63.2062,0,0,0,63.2062,0
71.2869,2.34167,0,0,2.48308,0.135784,0.36288,3.6288,61.308,0.28461,0,0,1.09777,0.237484,0.575678,0.66528,12.849,1,0.419966,0.36288,0,51.4813,4.4199,47.0043,0.84672,12.849,0.84672,3695.15,0,0.0036966,8.58036e-06,1.13842,1.53134,6.47214,1.20859,7.93331,0.42336,0.0018483,0.21168,0.0018483,0.21168,460.486,0,1.02816,0,0,2.16658,1.13842,1.028160,1,0,55.5133,0,0,0,55.5133,0
70.7792,2.39519,0,0,2.35743,0.10707,0.36288,3.6288,61.308,0.317082,0,0,1.02834,0.303299,0.40796,0.66528,12.849,1,0.431719,0.36288,0,46.4325,5.2668,41.0968,0.84672,12.849,0.84672,3695.15,0,0.0036966,9.55933e-06,1.16813,1.53179,6.17175,1.51773,7.35394,0.42336,0.0018483,0.21168,0.0018483,0.21168,460.486,0,1.02816,0,0,2.19629,1.16813,1.028160,1,0,48.8587,0,0,0,48.8587,0
69.7503,2.39328,0,0,1.82891,0.101564,0.36288,3.6288,61.308,0.317478,0,0,0.894136,0.310315,0.266344,0.66528,12.849,1,0.434467,0.36288,0,38.4312,5.70381,32.6558,0.84672,12.849,0.84672,3695.15,0,0.0036966,9.57124e-06,0.451189,1.56912,4.42346,1.46684,4.97692,0.42336,0.0018483,0.21168,0.0018483,0.21168,460.486,0,1.02816,0,0,1.47935,0.451189,1.028160,1,0,37.899,0,0,0,37.899,0
68.6821,2.38857,0,0,1.78399,0.100762,0.36288,3.6288,61.308,0.317873,0,0,0.823807,0.310315,0.195619,0.66528,12.849,1,0.440008,0.36288,0,38.3823,5.70381,32.6014,0.84672,12.849,0.84672,3695.15,0,0.0036966,9.58316e-06,0.583157,1.56958,4.74005,1.46684,5.42594,0.42336,0.0018483,0.21168,0.0018483,0.21168,460.486,0,1.02816,0,0,1.61132,0.583157,1.028160,1,0,38.223,0,0,0,38.223,0
67.5052,2.3835,0,0,1.6694,0.0999295,0.36288,3.6288,61.308,0.318268,0,0,0.762558,0.310315,0.133975,0.66528,12.849,1,0.445903,0.36288,0,34.6495,5.70381,28.8627,0.84672,12.849,0.84672,3695.15,0,0.0036966,9.59507e-06,0.514011,1.57004,4.23045,1.46684,4.84765,0.42336,0.0018483,0.21168,0.0018483,0.21168,460.486,0,1.02816,0,0,1.54217,0.514011,1.028160,1,0,33.8443,0,0,0,33.8443,0
66.0395,2.53646,0,0,1.5326,0.099012,0.36288,3.6288,61.308,0.434616,0,0,0.754177,0.310315,0.00924536,0.66528,12.849,1,0.482792,0.36288,0,31.6737,5.70381,25.85,0.84672,12.849,0.84672,3695.15,0,0.0036966,1.31027e-05,0.38734,1.5705,4.13754,1.46684,4.62853,0.42336,0.0018483,0.21168,0.0018483,0.21168,460.486,0,1.02816,0,0,1.4155,0.38734,1.028160,1,0,30.4878,0,0,0,30.4878,0
64.8247,2.52823,0,0,1.77439,0.0980379,0.36288,3.6288,61.308,0.435046,0,0,0.819158,0.311878,0.0722349,0.66528,12.849,1,0.491906,0.36288,0,35.2554,5.90016,29.2262,0.84672,12.849,0.84672,3695.15,0,0.0036966,1.31157e-05,0.738884,1.69597,5.36134,1.48613,6.31006,0.42336,0.0018483,0.21168,0.0018483,0.21168,460.486,0,1.02816,0,0,1.76704,0.738884,1.028160,1,0,35.6085,0,0,0,35.6085,0
63.7348,2.52128,0,0,1.90764,0.113394,0.36288,3.6288,61.308,0.435476,0,0,0.918786,0.303984,0.179326,0.66528,12.849,1,0.499746,0.36288,0,46.0214,5.78571,40.0988,0.84672,12.849,0.84672,3695.15,0,0.0036966,1.31286e-05,1.00742,1.69647,5.0428,1.44831,6.29836,0.42336,0.0018483,0.21168,0.0018483,0.21168,460.486,0,1.02816,0,0,2.03558,1.00742,1.028160,1,0,46.5765,0,0,0,46.5765,0
62.2771,2.5149,0,0,1.53253,0.1124,0.36288,3.6288,61.2326,0.435905,0,0,0.664537,0.303984,0,0.66528,12.849,1,0.507007,0.36288,0,44.9702,5.78571,39.0404,0.84672,12.849,0.84672,3695.15,0,0.0036966,1.31416e-05,0.38505,1.69697,4.04822,1.44831,4.68192,0.42336,0.0018483,0.21168,0.0018483,0.21168,460.486,0,1.02816,0,0,1.41321,0.38505,1.028160,1,0,43.7223,0,0,0,43.7223,0
61.206,2.5058,0,0,1.90858,0.11107,0.36288,3.6288,61.308,0.436335,0,0,1.13581,0.30384,0.320287,0.66528,12.849,1,0.516996,0.36288,0,41.0719,5.78571,35.1321,0.84672,12.849,0.84672,3695.15,0,0.0036966,1.31707e-05,1.64513,1.69747,6.25936,1.44831,8.15363,0.42336,0.0018483,0.21168,0.0018483,0.21168,460.486,0,1.02816,0,0,2.67329,1.64513,1.028160,1,0,43.606,0,0,0,43.606,0
59.7337,2.4228,0,0,1.44877,0.1354,0.36288,3.6288,61.308,0.366282,0,0,0.735259,0.303493,0.0654833,0.66528,12.849,1,0.50862,0.36288,0,37.3139,5.50767,31.6605,0.84672,12.849,0.84672,3695.15,0,0.0036966,1.10426e-05,0.753011,1.69796,5.5234,1.25829,6.71608,0.42336,0.0018483,0.21168,0.0018483,0.21168,460.486,0,1.02816,0,0,1.78117,0.753011,1.028160,1,0,38.4421,0,0,0,38.4421,0
58.2153,2.41319,0,0,1.44582,0.188067,0.36288,3.6288,61.2538,0.366692,0,0,0.663052,0.350528,0,0.66528,12.849,1,0.51909,0.36288,0,35.8762,6.10648,29.6135,0.84672,12.849,0.84672,3695.15,0,0.0036966,1.10549e-05,0.883069,1.62672,5.45358,1.28691,6.67644,0.42336,0.0018483,0.21168,0.0018483,0.21168,460.486,0,1.02816,0,0,1.91123,0.883069,1.028160,1,0,36.29,0,0,0,36.29,0
56.8395,2.40281,0,0,1.62849,0.238605,0.36288,3.6288,61.2026,0.367101,0,0,0.624906,0.309017,0,0.66528,12.849,1,0.530336,0.36288,0,28.7449,5.7752,22.8023,0.84672,12.849,0.84672,3695.15,0,0.0036966,1.10771e-05,0.695701,1.62719,4.3625,1.17313,5.51226,0.42336,0.0018483,0.21168,0.0018483,0.21168,460.486,0,1.02816,0,0,1.72386,0.695701,1.028160,1,0,28.3145,0,0,0,28.3145,0
56.0203,2.39304,0,0,2.1809,0.244172,0.36288,3.6288,61.3016,0.36751,0,0,0.768528,0.302021,0,0.66528,12.849,1,0.540964,0.36288,0,38.1422,5.71998,32.2442,0.84672,12.849,0.84672,3695.15,0,0.0036966,1.10987e-05,1.25398,1.62767,5.3619,1.15416,7.08938,0.42336,0.0018483,0.21168,0.0018483,0.21168,460.486,0,1.02816,0,0,2.28214,1.25398,1.028160,1,0,39.3335,0,0,0,39.3335,0
55.8366,2.32563,0,0,2.74698,0.242199,0.36288,3.6288,61.308,0.303688,0,0,1.15222,0.30221,0.53994,0.66528,12.849,1,0.533414,0.36288,0,77.6323,5.71998,71.7418,0.84672,12.849,0.84672,3695.15,0,0.0036966,9.15647e-06,2.39592,1.62815,7.40632,1.15416,10.2762,0.42336,0.0018483,0.21168,0.0018483,0.21168,460.486,0,1.02816,0,0,3.42408,2.39592,1.028160,1,0,82.5579,0,0,0,82.5579,0
57.1729,2.32489,0,0,4.25545,0.231445,0.36288,3.6288,61.308,0.304079,0,0,1.32707,0.290886,0.732105,0.66528,12.849,1,0.534998,0.36288,0,116.968,5.14248,111.654,0.84672,12.849,0.84672,3695.15,0,0.0036966,9.1673e-06,1.89681,1.56479,8.26451,1.19258,10.5335,0.42336,0.0018483,0.21168,0.0018483,0.21168,460.486,0,1.02816,0,0,2.92497,1.89681,1.028160,1,0,122.919,0,0,0,122.919,0
57.926,2.33578,0,0,3.74689,0.295091,0.36288,3.6288,61.308,0.30447,0,0,1.47684,0.21086,0.961506,0.66528,12.849,1,0.524943,0.36288,0,96.5114,4.19559,92.1537,0.84672,12.849,0.84672,3695.15,0,0.0036966,9.17908e-06,2.28436,1.56525,8.83233,0.934273,11.7477,0.42336,0.0018483,0.21168,0.0018483,0.21168,460.486,0,1.02816,0,0,3.31252,2.28436,1.028160,1,0,104.863,0,0,0,104.863,0
59.1375,2.34206,0,0,4.21375,0.297276,0.36288,3.6288,61.308,0.30486,0,0,1.20848,0.21086,0.692756,0.66528,12.849,1,0.519509,0.36288,0,108.248,4.19559,103.896,0.84672,12.849,0.84672,3695.15,0,0.0036966,9.19086e-06,5.05486,1.56571,10.6591,0.934273,16.3454,0.42336,0.0018483,0.21168,0.0018483,0.21168,460.486,0,1.02816,0,0,6.08302,5.05486,1.028160,1,0,120.934,0,0,0,120.934,0
61.3385,2.1744,0,0,5.03904,0.30079,0.36288,3.6288,61.308,0.171318,0,0,1.48428,0.21086,1.10211,0.66528,12.849,1,0.472438,0.36288,0,146.811,4.19559,142.506,0.84672,12.849,0.84672,3695.15,0,0.0036966,5.16485e-06,2.00435,1.56617,16.0565,0.934273,18.6927,0.42336,0.0018483,0.21168,0.0018483,0.21168,460.486,0,1.02816,0,0,3.03251,2.00435,1.028160,1,0,162.301,0,0,0,162.301,0
64.7664,2.18906,0,0,6.25841,0.278541,0.36288,3.6288,61.308,0.17167,0,0,2.43757,0.234256,2.03164,0.66528,12.849,1,0.458557,0.36288,0,146.95,4.51994,142.334,0.84672,12.849,0.84672,3695.15,0,0.0036966,5.17546e-06,1.55944,1.42275,14.0356,0.98632,16.0315,0.42336,0.0018483,0.21168,0.0018483,0.21168,460.486,0,1.02816,0,0,2.5876,1.55944,1.028160,1,0,160.397,0,0,0,160.397,0
67.3606,2.20996,0,0,5.43523,0.268259,0.36288,3.6288,61.308,0.172022,0,0,2.58362,0.234024,2.17757,0.66528,12.849,1,0.438434,0.36288,0,118.984,4.53526,114.373,0.84672,12.849,0.84672,3695.15,0,0.0036966,5.18607e-06,2.18719,1.42317,10.4342,1.01231,13.0322,0.42336,0.0018483,0.21168,0.0018483,0.21168,460.486,0,1.02816,0,0,3.21535,2.18719,1.028160,1,0,129.583,0,0,0,129.583,0
68.8858,2.22479,0,0,4.38679,0.273859,0.36288,3.6288,61.308,0.172374,0,0,2.54768,0.234024,2.14128,0.66528,12.849,1,0.424378,0.36288,0,98.1625,4.53526,93.5657,0.84672,12.849,0.84672,3695.15,0,0.0036966,5.19668e-06,4.23709,1.42359,12.5998,1.01231,17.2482,0.42336,0.0018483,0.21168,0.0018483,0.21168,460.486,0,1.02816,0,0,5.26525,4.23709,1.028160,1,0,112.955,0,0,0,112.955,0
70.59,2.23337,0,0,4.5776,0.277152,0.36288,3.6288,61.308,0.172726,0,0,2.93721,0.234024,2.53046,0.66528,12.849,1,0.416581,0.36288,0,105.411,4.53526,100.822,0.84672,12.849,0.84672,3695.15,0,0.0036966,5.20729e-06,5.82137,1.424,17.2105,1.01231,23.4436,0.42336,0.0018483,0.21168,0.0018483,0.21168,460.486,0,1.02816,0,0,6.84953,5.82137,1.028160,1,0,126.797,0,0,0,126.797,0
72.29,2.24188,0,0,6.04884,0.286269,1.82071,3.6288,61.308,0.172726,0,0,2.54827,0.23523,2.14032,0.66528,12.849,1,0.408073,1.82071,0,116.651,4.55138,113.512,0.84672,12.849,0.84672,3695.15,0,0.0036966,5.20729e-06,3.65825,1.42442,12.4045,1.0433,16.4439,0.42336,0.0018483,0.21168,0.0018483,0.21168,460.486,0,1.02816,0,0,4.68641,3.65825,1.028160,1,0,132.097,0,0,0,132.097,0
72.29,2.32118,0,0,4.58222,0.323068,1.93797,3.6288,61.308,0.211909,0,0,0.657675,0.24246,0.203306,0.66528,12.849,1,0.412572,1.93797,0,128.58,4.64804,125.458,0.84672,12.849,0.84672,3695.15,0,0.0036966,6.38858e-06,0.88846,1.42442,6.7004,1.22926,7.78401,0.42336,0.0018483,0.21168,0.0018483,0.21168,460.486,0,1.02816,0,0,1.91662,0.88846,1.028160,1,0,133.445,0,0,0,133.445,0
72.29,2.32183,0,0,7.05417,0.323068,4.40927,3.6288,61.308,0.212259,0,0,1.76654,0.24246,1.31182,0.66528,12.849,1,0.412688,4.40927,0,183.595,4.64804,182.943,0.84672,12.849,0.84672,3695.15,0,0.0036966,6.39912e-06,2.34816,1.4704,10.8143,1.22926,13.4035,0.42336,0.0018483,0.21168,0.0018483,0.21168,460.486,0,1.02816,0,0,3.37632,2.34816,1.028160,1,0,197.659,0,0,0,197.659,0
72.29,2.32249,0,0,6.28275,0.323068,3.63719,3.6288,61.308,0.212608,0,0,2.0094,0.24246,1.55434,0.66528,12.849,1,0.412805,3.63719,0,293.354,4.64804,291.93,0.84672,12.849,0.84672,3695.15,0,0.0036966,6.40967e-06,2.50202,1.47081,10.7431,1.22926,13.4867,0.42336,0.0018483,0.21168,0.0018483,0.21168,460.486,0,1.02816,0,0,3.53018,2.50202,1.028160,1,0,306.971,0,0,0,306.971,0
72.29,2.32314,0,0,5.01403,0.326934,2.36396,3.6288,61.308,0.212958,0,0,1.53859,0.238408,1.08723,0.66528,12.849,1,0.412921,2.36396,0,179.364,4.56969,176.745,0.84672,12.849,0.84672,3695.15,0,0.0036966,6.42022e-06,2.02205,1.47123,9.54763,1.20936,11.8315,0.42336,0.0018483,0.21168,0.0018483,0.21168,460.486,0,1.02816,0,0,3.05021,2.02205,1.028160,1,0,189.664,0,0,0,189.664,0
72.29,2.55046,0,0,7.93153,0.33478,5.04629,3.6288,61.308,0.359275,0,0,1.84299,0.194458,1.28926,0.66528,12.849,1,0.453324,5.04629,0,292.44,3.59472,293.438,0.84672,12.849,0.84672,3695.15,0,0.0036966,1.08313e-05,2.02425,1.47164,12.1803,0.994649,14.6816,0.42336,0.0018483,0.21168,0.0018483,0.21168,460.486,0,1.02816,0,0,3.05241,2.02425,1.028160,1,0,309.409,0,0,0,309.409,0
72.29,2.55118,0,0,6.34119,0.328639,3.46138,3.6288,61.308,0.359666,0,0,1.39432,0.186603,0.848055,0.66528,12.849,1,0.453452,3.46138,0,197.014,3.39276,196.629,0.84672,12.849,0.84672,3695.15,0,0.0036966,1.08431e-05,1.13153,1.63486,9.10993,0.956526,10.9198,0.42336,0.0018483,0.21168,0.0018483,0.21168,460.486,0,1.02816,0,0,2.15969,1.13153,1.028160,1,0,208.397,0,0,0,208.397,0
72.29,2.55189,0,0,5.12642,0.329395,2.24513,3.6288,61.308,0.360057,0,0,1.32388,0.182225,0.781599,0.66528,12.849,1,0.45358,2.24513,0,150.901,3.31714,149.375,0.84672,12.849,0.84672,3695.15,0,0.0036966,1.08549e-05,1.27248,1.63532,7.88538,0.934844,9.85833,0.42336,0.0018483,0.21168,0.0018483,0.21168,460.486,0,1.02816,0,0,2.30064,1.27248,1.028160,1,0,160.015,0,0,0,160.015,0
72.29,2.55261,0,0,4.90529,0.319242,2.03344,3.6288,61.308,0.360449,0,0,1.27451,0.165781,0.748283,0.66528,12.849,1,0.453708,2.03344,0,146.123,2.9418,144.761,0.84672,12.849,0.84672,3695.15,0,0.0036966,1.08667e-05,1.21681,1.63578,7.92573,0.799921,9.9784,0.42336,0.0018483,0.21168,0.0018483,0.21168,460.486,0,1.02816,0,0,2.24497,1.21681,1.028160,1,0,155.488,0,0,0,155.488,0
72.29,2.22968,0,0,5.76161,0.332642,3.19929,3.6288,61.308,0.16473,0,0,2.05415,0.136699,1.75272,0.66528,12.849,1,0.396309,3.19929,0,158.729,2.92911,158.603,0.84672,12.849,0.84672,3695.15,0,0.0036966,4.96625e-06,1.85758,1.63624,9.39306,0.768578,12.1183,0.42336,0.0018483,0.21168,0.0018483,0.21168,460.486,0,1.02816,0,0,2.88574,1.85758,1.028160,1,0,172.474,0,0,0,172.474,0
72.29,2.23031,0,0,5.49682,0.345836,2.92067,3.6288,61.308,0.165067,0,0,2.2266,0.119829,1.9417,0.66528,12.849,1,0.396421,2.92067,0,139.669,2.88225,139.311,0.84672,12.849,0.84672,3695.15,0,0.0036966,4.97639e-06,1.77466,1.41375,9.04997,0.758618,11.4798,0.42336,0.0018483,0.21168,0.0018483,0.21168,460.486,0,1.02816,0,0,2.80282,1.77466,1.028160,1,0,152.733,0,0,0,152.733,0
72.29,2.23094,0,0,5.18495,0.345836,2.60817,3.6288,61.308,0.165403,0,0,2.00004,0.119829,1.71481,0.66528,12.849,1,0.396533,2.60817,0,128.123,2.88225,127.453,0.84672,12.849,0.84672,3695.15,0,0.0036966,4.98653e-06,2.17006,1.41415,9.20212,0.758618,12.0277,0.42336,0.0018483,0.21168,0.0018483,0.21168,460.486,0,1.02816,0,0,3.19822,2.17006,1.028160,1,0,141.195,0,0,0,141.195,0
72.29,2.23157,0,0,7.56959,0.345836,4.99219,3.6288,61.308,0.165739,0,0,2.45375,0.119829,2.16818,0.66528,12.849,1,0.396644,4.99219,0,184.602,2.88225,186.316,0.84672,12.849,0.84672,3695.15,0,0.0036966,4.99667e-06,2.44549,1.41455,11.8362,0.758618,14.9376,0.42336,0.0018483,0.21168,0.0018483,0.21168,460.486,0,1.02816,0,0,3.47365,2.44549,1.028160,1,0,203.421,0,0,0,203.421,0
72.29,2.2322,0,0,5.41305,0.355242,2.82561,3.6288,61.308,0.166076,0,0,1.80754,0.118723,1.52274,0.66528,12.849,1,0.396756,2.82561,0,134.668,2.86022,134.237,0.84672,12.849,0.84672,3695.15,0,0.0036966,5.00681e-06,1.67424,1.41495,8.97048,0.760015,11.2996,0.42336,0.0018483,0.21168,0.0018483,0.21168,460.486,0,1.02816,0,0,2.7024,1.67424,1.028160,1,0,147.059,0,0,0,147.059,0
72.29,2.31441,0,0,3.70171,0.382813,1.00449,3.6288,61.308,0.214456,0,0,1.38323,0.147311,1.02146,0.66528,12.849,1,0.411369,1.00449,0,58.0506,3.13467,55.5091,0.84672,12.849,0.84672,3695.15,0,0.0036966,6.46536e-06,1.09497,1.41535,6.95227,0.791304,8.67128,0.42336,0.0018483,0.21168,0.0018483,0.21168,460.486,0,1.02816,0,0,2.12313,1.09497,1.028160,1,0,65.2018,0,0,0,65.2018,0
72.29,2.31506,0,0,5.08984,0.382813,2.39197,3.6288,61.308,0.214806,0,0,2.44547,0.147311,2.08335,0.66528,12.849,1,0.411485,2.39197,0,115.137,3.13467,113.982,0.84672,12.849,0.84672,3695.15,0,0.0036966,6.47592e-06,2.90496,1.47087,12.3672,0.791304,15.9517,0.42336,0.0018483,0.21168,0.0018483,0.21168,460.486,0,1.02816,0,0,3.93312,2.90496,1.028160,1,0,132.018,0,0,0,132.018,0
72.29,2.31571,0,0,3.45371,0.3195,0.818497,3.6288,61.308,0.215156,0,0,1.39984,0.180675,1.00401,0.66528,12.849,1,0.4116,0.818497,0,65.7418,3.74937,62.3993,0.84672,12.849,0.84672,3695.15,0,0.0036966,6.48648e-06,0.902146,1.47129,7.15815,0.905147,8.62643,0.42336,0.0018483,0.21168,0.0018483,0.21168,460.486,0,1.02816,0,0,1.93031,0.902146,1.028160,1,0,72.0297,0,0,0,72.0297,0
72.29,2.31637,0,0,3.05768,0.319966,0.421347,3.6288,61.308,0.215506,0,0,1.27133,0.126766,0.929061,0.66528,12.849,1,0.411716,0.421347,0,47.8309,3.47193,44.3686,0.84672,12.849,0.84672,3695.15,0,0.0036966,6.49704e-06,0.67767,1.4717,6.1307,0.658089,7.62198,0.42336,0.0018483,0.21168,0.0018483,0.21168,460.486,0,1.02816,0,0,1.70583,0.67767,1.028160,1,0,52.9196,0,0,0,52.9196,0
71.9773,2.28508,0,0,2.69368,0.358393,0.36288,3.6288,61.308,0.301328,0,0,0.859637,0.18182,0.376489,0.66528,12.849,1,0.406156,0.36288,0,57.0447,4.1182,52.8832,0.84672,12.849,0.84672,3695.15,0,0.0036966,9.08437e-06,0.528595,1.47212,4.06039,0.957504,5.10359,0.42336,0.0018483,0.21168,0.0018483,0.21168,460.486,0,0.924005,0,0,1.4526,0.528595,1.028160,1,0,58.3633,0,0,0,58.3633,0
71.5413,2.28423,0,0,2.47059,0.259463,0.36288,3.6288,61.308,0.418353,0,0,0.736154,0.227597,0.0902036,0.66528,12.849,1,0.407768,0.36288,0,52.0779,4.52183,47.5111,0.84672,12.849,0.84672,3695.15,0,0.0036966,1.26124e-05,0.528595,1.45105,3.78419,0.981604,4.78222,0.42336,0.0018483,0.21168,0.0018483,0.21168,460.486,0,0.807322,0,0,1.33592,0.528595,1.028160,1,0,52.3836,0,0,0,52.3836,0
71.0405,2.28277,0,0,2.40344,0.258603,0.36288,3.6288,61.308,0.197866,0,0,0.812005,0.227597,0.386541,0.66528,12.849,1,0.40999,0.36288,0,50.3313,4.52183,45.7623,0.84672,12.849,0.84672,3695.15,0,0.0036966,5.96523e-06,0.454403,1.45146,4.38757,0.981604,5.31182,0.42336,0.0018483,0.21168,0.0018483,0.21168,460.486,0,1.02816,0,0,1.48256,0.454403,1.028160,1,0,51.4607,0,0,0,51.4607,0
70.4645,2.28096,0,0,2.3254,0.257614,0.36288,3.6288,61.308,0.326175,0,0,0.815227,0.227597,0.261455,0.66528,12.849,1,0.412554,0.36288,0,47.7173,4.52183,43.1458,0.84672,12.849,0.84672,3695.15,0,0.0036966,9.83345e-06,0.402797,1.45187,3.85009,0.981604,4.72314,0.42336,0.0018483,0.21168,0.0018483,0.21168,460.486,0,0.900193,0,0,1.30299,0.402797,1.028160,1,0,48.1304,0,0,0,48.1304,0
69.6061,2.38685,0,0,2.13734,0.246002,0.36288,3.6288,61.1978,0.570544,0,0,0.684711,0.22432,0,0.66528,12.849,1,0.435235,0.36288,0,54.2101,4.61644,49.5213,0.84672,12.849,0.84672,3695.15,0,0.0036966,1.72006e-05,0.402797,1.45228,3.34306,1.04782,4.1503,0.42336,0.0018483,0.21168,0.0018483,0.21168,460.486,0,0.722485,0,0,1.12528,0.402797,1.028160,1,0,53.6716,0,0,0,53.6716,0
68.4077,2.38298,0,0,1.73972,0.192234,0.36288,3.6288,60.864,0.73883,0,0,0.64679,0.241839,0,0.66528,12.849,1,0.439889,0.36288,0,40.6719,5.10638,35.4886,0.84672,12.849,0.84672,3695.15,0,0.0036966,2.23142e-05,0.402797,1.52788,2.8127,1.19086,3.5525,0.42336,0.0018483,0.21168,0.0018483,0.21168,460.486,0,0.554558,0,0,0.957355,0.402797,1.028160,1,0,39.041,0,0,0,39.041,0
67.1527,2.37717,0,0,1.6422,0.157206,0.36288,3.6288,60.4913,0.724947,0,0,0.604119,0.251826,0,0.66528,12.849,1,0.446502,0.36288,0,34.4328,5.28538,29.0638,0.84672,12.849,0.84672,3695.15,0,0.0036966,2.2015e-05,0.30119,1.52831,2.73128,1.26692,3.29383,0.42336,0.0018483,0.21168,0.0018483,0.21168,460.486,0,0.568806,0,0,0.869996,0.30119,1.028160,1,0,32.3576,0,0,0,32.3576,0
65.883,2.37083,0,0,1.61975,0.155664,0.36288,3.6288,60.1576,0.688411,0,0,0.605896,0.251231,0,0.66528,12.849,1,0.453635,0.36288,0,32.5826,5.28538,27.2064,0.84672,12.849,0.84672,3695.15,0,0.0036966,2.10342e-05,0.30119,1.52874,2.60029,1.26692,3.16328,0.42336,0.0018483,0.21168,0.0018483,0.21168,460.486,0,0.605707,0,0,0.906898,0.30119,1.028160,1,0,30.3697,0,0,0,30.3697,0
64.4476,2.36418,0,0,1.44074,0.149098,0.36288,3.6288,59.8009,0.647883,0,0,0.550402,0.259186,0,0.66528,12.849,1,0.461079,0.36288,0,30.2886,5.23773,24.9526,0.84672,12.849,0.84672,3695.15,0,0.0036966,1.99058e-05,0.30119,1.52917,2.47253,1.29378,3.00908,0.42336,0.0018483,0.21168,0.0018483,0.21168,460.486,0,0.6466,0,0,0.947791,0.30119,1.028160,1,0,27.9617,0,0,0,27.9617,0
62.9434,2.33517,0,0,1.31266,0.118835,0.36288,3.6288,59.3373,0.647582,0,0,0.468278,0.284335,0,0.66528,12.849,1,0.465566,0.36288,0,26.4919,5.41474,20.9745,0.84672,12.849,0.84672,3695.15,0,0.0036966,2.00152e-05,0.30119,1.5296,2.59569,1.34951,3.07694,0.42336,0.0018483,0.21168,0.0018483,0.21168,460.486,0,0.68377,0,0,0.98496,0.30119,1.028160,1,0,24.0514,0,0,0,24.0514,0
61.384,2.32659,0,0,1.24746,0.117393,0.36288,3.6288,58.76,0.726172,0,0,0.432373,0.283494,0,0.66528,12.849,1,0.47494,0.36288,0,24.2107,5.41474,18.6839,0.84672,12.849,0.84672,3695.15,0,0.0036966,2.26196e-05,0.261274,1.55349,2.52835,1.34951,2.99357,0.42336,0.0018483,0.21168,0.0018483,0.21168,460.486,0,0.605552,0,0,0.866825,0.261274,1.028160,1,0,21.6775,0,0,0,21.6775,0
59.7958,2.31726,0,0,1.20786,0.115898,0.36288,3.6288,58.1222,0.770894,0,0,0.415566,0.282446,0,0.66528,12.849,1,0.485053,0.36288,0,21.6194,5.41474,16.0825,0.84672,12.849,0.84672,3695.15,0,0.0036966,2.42485e-05,0.261274,1.55393,2.51818,1.34951,2.98384,0.42336,0.0018483,0.21168,0.0018483,0.21168,460.486,0,0.561203,0,0,0.822476,0.261274,1.028160,1,0,19.0664,0,0,0,19.0664,0
58.3356,2.3073,0,0,1.29138,0.0814261,0.36288,3.6288,57.6153,0.698712,0,0,0.50358,0.311759,0,0.66528,12.849,1,0.495796,0.36288,0,24.5416,5.6805,18.7282,0.84672,12.849,0.84672,3695.15,0,0.0036966,2.22192e-05,0.261274,1.55436,2.66348,1.50694,2.97215,0.42336,0.0018483,0.21168,0.0018483,0.21168,460.486,0,0.633761,0,0,0.895035,0.261274,1.028160,1,0,21.7003,0,0,0,21.7003,0
56.527,2.3514,0,0,0.979811,0.0740904,0.36288,3.6288,56.6813,0.993282,0,0,0.375777,0.316452,0,0.66528,12.849,1,0.517921,0.36288,0,21.3999,5.6292,15.6157,0.84672,12.849,0.84672,3695.15,0,0.0036966,3.18645e-05,0.261274,1.5548,2.08744,1.48204,2.42144,0.42336,0.0018483,0.21168,0.0018483,0.21168,460.486,0,0.372127,0,0,0.6334,0.261274,1.028160,1,0,18.0371,0,0,0,18.0371,0
54.6396,2.33856,0,0,0.885773,0.0717736,0.36288,3.6288,55.6995,1.01921,0,0,0.352837,0.315485,0,0.66528,12.849,1,0.531571,0.36288,0,18.5301,5.62065,12.7408,0.84672,12.849,0.84672,3695.15,0,0.0036966,3.3235e-05,0.261274,1.59266,2.02214,1.47789,2.39815,0.42336,0.0018483,0.21168,0.0018483,0.21168,460.486,0,0.346583,0,0,0.607857,0.261274,1.028160,1,0,15.1389,0,0,0,15.1389,0
52.6543,2.32435,0,0,0.772381,0.0704336,0.36288,3.6288,54.6766,1.04217,0,0,0.332727,0.313468,0,0.66528,12.849,1,0.546591,0.36288,0,17.556,5.62065,11.7516,0.84672,12.849,0.84672,3695.15,0,0.0036966,3.45828e-05,0.227405,1.59311,1.9322,1.47789,2.27479,0.42336,0.0018483,0.21168,0.0018483,0.21168,460.486,0,0.324004,0,0,0.551409,0.227405,1.028160,1,0,14.0264,0,0,0,14.0264,0
50.6304,2.30843,0,0,0.712325,0.0648935,0.36288,3.6288,53.6228,1.06692,0,0,0.327009,0.313848,0,0.66528,12.849,1,0.563315,0.36288,0,16.5624,5.69543,10.6665,0.84672,12.849,0.84672,3695.15,0,0.0036966,3.60664e-05,0.227405,1.59356,1.91461,1.49283,2.2427,0.42336,0.0018483,0.21168,0.0018483,0.21168,460.486,0,0.299638,0,0,0.527043,0.227405,1.028160,1,0,12.9092,0,0,0,12.9092,0
48.3517,2.44412,0,0,0.574832,0.0465879,0.36288,3.6288,52.317,1.28504,0,0,0.290701,0.311521,0,0.66528,12.849,1,0.62027,0.36288,0,13.9476,5.60265,8.0876,0.84672,12.849,0.84672,3695.15,0,0.0036966,4.42933e-05,0.227405,1.59401,1.8361,1.47921,2.17827,0.42336,0.0018483,0.21168,0.0018483,0.21168,460.486,0,0.199588,0,0,0.426993,0.227405,1.028160,1,0,10.2659,0,0,0,10.2659,0
46.115,2.42171,0,0,0.578415,0.030543,0.36288,3.6288,50.8613,1.39649,0,0,0.249635,0.308858,0,0.66528,12.849,1,0.643545,0.36288,0,11.5329,5.32255,5.92971,0.84672,12.849,0.84672,3695.15,0,0.0036966,4.93365e-05,0.227405,1.72134,1.58776,1.51504,2.02141,0.42336,0.0018483,0.21168,0.0018483,0.21168,460.486,0,0.0885462,0,0,0.315951,0.227405,1.028160,1,0,7.95113,0,0,0,7.95113,0
43.8319,2.39797,0,0,0.50758,0.0298004,0.36288,3.6288,49.4088,1.388,0,0,0.240831,0.305242,0,0.66528,12.849,1,0.668145,0.36288,0,14.6605,5.32255,9.0327,0.84672,12.849,0.84672,3695.15,0,0.0036966,5.04399e-05,0.204422,1.72182,1.52468,1.51504,1.93584,0.42336,0.0018483,0.21168,0.0018483,0.21168,460.486,0,0.0974549,0,0,0.301877,0.204422,1.028160,1,0,10.9685,0,0,0,10.9685,0
41.5866,2.37172,0,0,0.5184,0.0290424,0.36288,3.6288,48.0122,1.3713,0,0,0.276255,0.301634,0,0.66528,12.849,1,0.695252,0.36288,0,12.6996,5.32255,7.04466,0.84672,12.849,0.84672,3695.15,0,0.0036966,5.12981e-05,0.204422,1.72231,1.58336,1.51504,1.995,0.42336,0.0018483,0.21168,0.0018483,0.21168,460.486,0,0.114566,0,0,0.318989,0.204422,1.028160,1,0,9.03967,0,0,0,9.03967,0
39.4101,2.3437,0,0,0.561031,0.0310212,0.36288,3.6288,46.7248,1.28313,0,0,0.290127,0.294327,0,0.66528,12.849,1,0.72413,0.36288,0,12.8814,5.20566,7.31447,0.84672,12.849,0.84672,3695.15,0,0.0036966,4.9396e-05,0.204422,1.72279,2.04676,1.47721,2.49672,0.42336,0.0018483,0.21168,0.0018483,0.21168,460.486,0,0.20316,0,0,0.407582,0.204422,1.028160,1,0,9.81119,0,0,0,9.81119,0
37.3606,2.24358,0,0,0.603191,0.0461664,0.36288,3.6288,45.9475,0.994634,0,0,0.48566,0.268395,0,0.66528,12.849,1,0.731481,0.36288,0,9.93868,4.50429,5.06579,0.84672,12.849,0.84672,3695.15,0,0.0036966,3.93449e-05,0.204422,1.72328,2.40696,1.25024,3.08438,0.42336,0.0018483,0.21168,0.0018483,0.21168,460.486,0,0.42055,0,0,0.624973,0.204422,1.028160,1,0,8.15017,0,0,0,8.15017,0
35.2706,2.21434,0,0,0.532235,0.0450769,0.36288,3.6288,44.7231,1.23972,0,0,0.281859,0.266474,0,0.66528,12.849,1,0.761551,0.36288,0,10.1801,4.50429,5.27712,0.84672,12.849,0.84672,3695.15,0,0.0036966,4.98694e-05,0.216518,1.65095,1.84878,1.25024,2.46596,0.42336,0.0018483,0.21168,0.0018483,0.21168,460.486,0,0.175853,0,0,0.392371,0.216518,1.028160,1,0,7.74308,0,0,0,7.74308,0
33.1217,2.18187,0,0,0.439815,0.0439658,0.36288,3.6288,43.4244,1.2836,0,0,0.248314,0.263449,0,0.66528,12.849,1,0.794851,0.36288,0,9.39928,4.50429,4.46302,0.84672,12.849,0.84672,3695.15,0,0.0036966,5.3048e-05,0.216518,1.65141,1.71212,1.25024,2.32976,0.42336,0.0018483,0.21168,0.0018483,0.21168,460.486,0,0.13237,0,0,0.348888,0.216518,1.028160,1,0,6.79278,0,0,0,6.79278,0
31.322,2.14531,0,0,0.817554,0.109021,0.36288,3.6288,42.4195,1.19699,0,0,0.386312,0.194167,0,0.66528,12.849,1,0.832238,0.36288,0,16.5959,3.46614,12.6604,0.84672,12.849,0.84672,3695.15,0,0.0036966,5.09482e-05,0.216518,1.65188,2.97264,0.925746,3.91523,0.42336,0.0018483,0.21168,0.0018483,0.21168,460.486,0,0.219377,0,0,0.435895,0.216518,1.028160,1,0,16.5756,0,0,0,16.5756,0
29.7565,2.05744,0,0,0.973607,0.118851,0.36288,3.6288,42.587,0.464977,0,0,0.827401,0.195,0,0.66528,12.849,1,0.844007,0.36288,0,27.0177,4.34487,22.1917,0.84672,12.849,0.84672,3695.15,0,0.0036966,2.02599e-05,0.216518,1.65234,5.29005,1.06302,6.09586,0.42336,0.0018483,0.21168,0.0018483,0.21168,460.486,0,0.886631,0,0,1.10315,0.216518,1.028160,1,0,28.2876,0,0,0,28.2876,0
28.8794,2.05554,0,0,1.68833,0.147034,0.36288,3.6288,42.9274,0.323834,0,0,0.859939,0.19571,0,0.66528,12.849,1,0.84672,0.36288,0,24.4104,4.57991,19.3467,0.84672,12.849,0.84672,3695.15,0,0.0036966,1.40546e-05,0.366898,1.58802,5.61306,1.10751,6.46046,0.42336,0.0018483,0.21168,0.0018483,0.21168,460.486,0,1.02816,0,0,1.39506,0.366898,1.028160,1,0,25.8071,0,0,0,25.8071,0
29.2612,2.05635,0,0,2.98859,0.187542,0.36288,3.6288,43.9613,0.324214,0,0,1.56128,0.203131,0,0.66528,12.849,1,0.84672,0.36288,0,35.4866,4.67807,30.3246,0.84672,12.849,0.84672,3695.15,0,0.0036966,1.39595e-05,0.749736,1.58847,5.89842,1.11284,7.12378,0.42336,0.0018483,0.21168,0.0018483,0.21168,460.486,0,1.02816,0,0,1.7779,0.749736,1.028160,1,0,37.4484,0,0,0,37.4484,0
30.6497,2.05716,0,0,3.99711,0.188516,0.36288,3.6288,45.2652,0.324595,0,0,1.83365,0.205135,0,0.66528,12.849,1,0.84672,0.36288,0,80.3351,4.67807,75.1732,0.84672,12.849,0.84672,3695.15,0,0.0036966,1.36472e-05,1.57565,1.58891,11.9988,1.11284,14.0505,0.42336,0.0018483,0.21168,0.0018483,0.21168,460.486,0,1.02816,0,0,2.60381,1.57565,1.028160,1,0,89.2237,0,0,0,89.2237,0
32.7977,1.89255,0,0,4.5926,0.189143,0.36288,3.6288,46.439,0.189062,0,0,1.56527,0.202438,0,0.66528,12.849,1,0.793397,0.36288,0,64.8677,4.35474,60.0825,0.84672,12.849,0.84672,3695.15,0,0.0036966,7.71989e-06,1.56812,1.58936,10.1361,1.09304,12.2005,0.42336,0.0018483,0.21168,0.0018483,0.21168,460.486,0,1.02816,0,0,2.59628,1.56812,1.028160,1,0,72.283,0,0,0,72.283,0
35.4133,1.93043,0,0,5.09928,0.190391,0.36288,3.6288,47.7544,0.189404,0,0,1.70244,0.197614,0,0.66528,12.849,1,0.756276,0.36288,0,47.8648,3.92364,43.5478,0.84672,12.849,0.84672,3695.15,0,0.0036966,7.53839e-06,0.924247,1.4438,7.53497,1.06665,8.83636,0.42336,0.0018483,0.21168,0.0018483,0.21168,460.486,0,1.02816,0,0,1.95241,0.924247,1.028160,1,0,52.3841,0,0,0,52.3841,0
37.9971,1.97198,0,0,5.1152,0.196598,0.36288,3.6288,48.9075,0.189746,0,0,1.54265,0.199856,0,0.66528,12.849,1,0.715492,0.36288,0,72.3453,3.92364,68.0691,0.84672,12.849,0.84672,3695.15,0,0.0036966,7.34399e-06,1.65099,1.44421,7.11045,1.06665,9.139,0.42336,0.0018483,0.21168,0.0018483,0.21168,460.486,0,1.02816,0,0,2.67915,1.65099,1.028160,1,0,77.2081,0,0,0,77.2081,0
38.5624,2.0089,0,0,3.13989,0.202729,0.36288,3.6288,49.4972,0.190089,0,0,0.981573,0.20178,0,0.66528,12.849,1,0.679327,0.36288,0,40.964,3.92364,36.7239,0.84672,12.849,0.84672,3695.15,0,0.0036966,7.18379e-06,0.524076,1.44461,6.13265,1.06665,7.03468,0.42336,0.0018483,0.21168,0.0018483,0.21168,460.486,0,1.02816,0,0,1.55224,0.524076,1.028160,1,0,43.7586,0,0,0,43.7586,0
39.1612,2.01694,0,0,3.19467,0.216058,0.36288,3.6288,49.7049,0.336554,0,0,0.761771,0.217482,0,0.66528,12.849,1,0.672045,0.36288,0,36.9079,4.26649,32.3323,0.84672,12.849,0.84672,3695.15,0,0.0036966,1.25674e-05,0.412474,1.44502,7.76138,1.1736,8.44526,0.42336,0.0018483,0.21168,0.0018483,0.21168,460.486,0,0.882032,0,0,1.29451,0.412474,1.028160,1,0,40.7775,0,0,0,40.7775,0
42.8577,2.08868,0,0,6.37044,0.22239,0.36288,3.6288,50.4468,0.230176,0,0,1.20123,0.229141,0,0.66528,12.849,1,0.685307,0.36288,0,117.204,4.60005,112.282,0.84672,12.849,0.84672,3695.15,0,0.0036966,8.55922e-06,0.492808,1.44542,10.0949,1.07189,10.9612,0.42336,0.0018483,0.21168,0.0018483,0.21168,460.486,0,1.02816,0,0,1.52097,0.492808,1.028160,1,0,123.243,0,0,0,123.243,0
46.9531,2.13474,0,0,6.82525,0.232239,0.36288,3.6288,51.3629,0.230516,0,0,1.37711,0.230538,0,0.66528,12.849,1,0.640007,0.36288,0,124.136,4.60005,119.259,0.84672,12.849,0.84672,3695.15,0,0.0036966,8.44578e-06,0.682491,1.49206,10.9446,1.07189,12.0473,0.42336,0.0018483,0.21168,0.0018483,0.21168,460.486,0,1.02816,0,0,1.71065,0.682491,1.028160,1,0,131.306,0,0,0,131.306,0
50.4163,2.17916,0,0,6.24842,0.243235,0.36288,3.6288,52.254,0.230856,0,0,1.35429,0.232262,0,0.66528,12.849,1,0.59634,0.36288,0,113.982,4.60005,109.149,0.84672,12.849,0.84672,3695.15,0,0.0036966,8.30737e-06,0.66731,1.49246,11.3495,1.07189,12.4374,0.42336,0.0018483,0.21168,0.0018483,0.21168,460.486,0,1.02816,0,0,1.69547,0.66731,1.028160,1,0,121.586,0,0,0,121.586,0
55.661,2.2124,0,0,8.04151,0.22148,0.36288,3.6288,52.9436,0.231196,0,0,1.17634,0.255642,0,0.66528,12.849,1,0.563849,0.36288,0,133.397,4.71987,128.476,0.84672,12.849,0.84672,3695.15,0,0.0036966,8.17772e-06,0.521761,1.49287,13.1307,1.22277,13.9226,0.42336,0.0018483,0.21168,0.0018483,0.21168,460.486,0,1.02816,0,0,1.54992,0.521761,1.028160,1,0,142.399,0,0,0,142.399,0
59.7774,2.47624,0,0,7.24056,0.285043,0.36288,3.6288,53.562,0.379644,0,0,1.22235,0.224241,0,0.66528,12.849,1,0.571625,0.36288,0,127.314,4.04928,123.056,0.84672,12.849,0.84672,3695.15,0,0.0036966,1.32537e-05,1.14547,1.49327,9.38822,1.03628,10.9907,0.42336,0.0018483,0.21168,0.0018483,0.21168,460.486,0,1.02816,0,0,2.17363,1.14547,1.028160,1,0,134.047,0,0,0,134.047,0
61.3844,2.50932,0,0,4.82701,0.347838,0.36288,3.6288,53.9908,0.380024,0,0,1.02505,0.216264,0,0.66528,12.849,1,0.539373,0.36288,0,71.5427,3.82977,67.5364,0.84672,12.849,0.84672,3695.15,0,0.0036966,1.31138e-05,1.00102,1.65887,7.31275,0.946907,9.02572,0.42336,0.0018483,0.21168,0.0018483,0.21168,460.486,0,1.02816,0,0,2.02918,1.00102,1.028160,1,0,76.5621,0,0,0,76.5621,0
61.9255,2.52168,0,0,3.75545,0.329815,0.36288,3.6288,54.1204,0.410384,0,0,0.763819,0.223796,0,0.66528,12.849,1,0.527839,0.36288,0,61.1458,3.87612,57.1047,0.84672,12.849,0.84672,3695.15,0,0.0036966,1.40489e-05,0.608429,1.65931,6.89685,0.996303,8.16828,0.42336,0.0018483,0.21168,0.0018483,0.21168,460.486,0,0.998179,0,0,1.60661,0.608429,1.028160,1,0,65.273,0,0,0,65.273,0
62.4988,2.52618,0,0,3.76294,0.300576,0.36288,3.6288,54.4248,0.380784,0,0,0.918247,0.233115,0,0.66528,12.849,1,0.524161,0.36288,0,94.608,3.93792,90.5088,0.84672,12.849,0.84672,3695.15,0,0.0036966,1.30044e-05,0.705352,1.65976,6.40298,1.06216,7.70592,0.42336,0.0018483,0.21168,0.0018483,0.21168,460.486,0,1.02816,0,0,1.73351,0.705352,1.028160,1,0,98.2147,0,0,0,98.2147,0
66.3708,2.21005,0,0,6.76191,0.316925,0.36288,3.6288,56.0985,0.182185,0,0,2.06785,0.211975,0,0.66528,12.849,1,0.45436,0.36288,0,92.5888,3.90864,88.5887,0.84672,12.849,0.84672,3695.15,0,0.0036966,6.18713e-06,2.47561,1.66021,10.8347,0.993135,13.9774,0.42336,0.0018483,0.21168,0.0018483,0.21168,460.486,0,1.02816,0,0,3.50377,2.47561,1.028160,1,0,102.566,0,0,0,102.566,0
70.3203,2.23286,0,0,6.88377,0.338537,0.36288,3.6288,57.5172,0.182512,0,0,1.79918,0.197933,0,0.66528,12.849,1,0.432269,0.36288,0,130.433,3.88668,126.477,0.84672,12.849,0.84672,3695.15,0,0.0036966,6.0133e-06,2.38925,1.43444,9.94956,0.941365,12.8319,0.42336,0.0018483,0.21168,0.0018483,0.21168,460.486,0,1.02816,0,0,3.41741,2.38925,1.028160,1,0,139.309,0,0,0,139.309,0
72.2003,2.254,0,0,4.84602,0.349159,0.36288,3.6288,58.4108,0.182838,0,0,1.27625,0.199769,0,0.66528,12.849,1,0.411853,0.36288,0,115.956,3.88668,112.02,0.84672,12.849,0.84672,3695.15,0,0.0036966,5.87546e-06,1.92248,1.43483,9.56189,0.941365,11.9778,0.42336,0.0018483,0.21168,0.0018483,0.21168,460.486,0,1.02816,0,0,2.95064,1.92248,1.028160,1,0,123.998,0,0,0,123.998,0
72.29,2.26372,0,0,5.88858,0.274972,3.26017,3.6288,59.4267,0.183165,0,0,1.35864,0.159582,0,0.66528,12.849,1,0.402858,3.26017,0,109.731,3.27632,109.312,0.84672,12.849,0.84672,3695.15,0,0.0036966,5.79591e-06,2.13092,1.43521,9.58573,0.853687,12.2982,0.42336,0.0018483,0.21168,0.0018483,0.21168,460.486,0,1.02816,0,0,3.15908,2.13092,1.028160,1,0,121.61,0,0,0,121.61,0
72.29,2.26475,0,0,6.35465,0.27876,3.81114,3.6288,60.7997,0.183492,0,0,1.71807,0.161585,0,0.66528,12.849,1,0.402542,3.81114,0,129.206,3.26262,129.352,0.84672,12.849,0.84672,3695.15,0,0.0036966,5.70699e-06,2.33455,1.4356,10.6148,0.857044,13.5279,0.42336,0.0018483,0.21168,0.0018483,0.21168,460.486,0,1.02816,0,0,3.36271,2.33455,1.028160,1,0,142.88,0,0,0,142.88,0
72.29,2.34813,0,0,6.48857,0.300361,3.84008,3.6288,61.308,0.232562,0,0,2.08483,0.168807,1.17518,0.66528,12.849,1,0.417363,3.84008,0,89.3566,3.18045,89.5989,0.84672,12.849,0.84672,3695.15,0,0.0036966,7.06984e-06,1.96317,1.43599,9.47946,0.877189,12.0014,0.42336,0.0018483,0.21168,0.0018483,0.21168,460.486,0,1.02816,0,0,2.99133,1.96317,1.028160,1,0,102.775,0,0,0,102.775,0
72.29,2.34877,0,0,5.5829,0.300361,2.93377,3.6288,61.308,0.232902,0,0,2.49272,0.169351,2.09046,0.66528,12.849,1,0.417475,2.93377,0,105.336,3.18045,104.672,0.84672,12.849,0.84672,3695.15,0,0.0036966,7.02147e-06,2.17002,1.4923,12.757,0.877189,15.5422,0.42336,0.0018483,0.21168,0.0018483,0.21168,460.486,0,1.02816,0,0,3.19818,2.17002,1.028160,1,0,122.305,0,0,0,122.305,0
72.29,2.3494,0,0,6.3109,0.300361,3.66114,3.6288,61.308,0.233242,0,0,2.46214,0.169351,2.05955,0.66528,12.849,1,0.417588,3.66114,0,108.857,3.18045,108.92,0.84672,12.849,0.84672,3695.15,0,0.0036966,7.03172e-06,1.76168,1.49271,12.2859,0.877189,14.6631,0.42336,0.0018483,0.21168,0.0018483,0.21168,460.486,0,1.02816,0,0,2.78984,1.76168,1.028160,1,0,125.643,0,0,0,125.643,0
72.29,2.35003,0,0,5.1072,0.292817,2.46435,3.6288,61.308,0.233582,0,0,2.15817,0.168518,1.75607,0.66528,12.849,1,0.4177,2.46435,0,80.0185,3.22987,78.8353,0.84672,12.849,0.84672,3695.15,0,0.0036966,7.04197e-06,1.90112,1.49311,8.95182,0.880403,11.4656,0.42336,0.0018483,0.21168,0.0018483,0.21168,460.486,0,1.02816,0,0,2.92928,1.90112,1.028160,1,0,92.057,0,0,0,92.057,0
72.29,2.31827,0,0,4.26957,0.215282,1.73602,3.6288,61.308,0.21497,0,0,1.30207,0.206907,0.880197,0.66528,12.849,1,0.412054,1.73602,0,77.0489,4.48744,73.8854,0.84672,12.849,0.84672,3695.15,0,0.0036966,6.48086e-06,0.732447,1.49351,7.5587,1.09065,8.694,0.42336,0.0018483,0.21168,0.0018483,0.21168,460.486,0,1.02816,0,0,1.76061,0.732447,1.028160,1,0,83.4596,0,0,0,83.4596,0
72.29,2.31889,0,0,3.7437,0.209904,1.21491,3.6288,61.308,0.232567,0,0,1.21362,0.214138,0.766913,0.66528,12.849,1,0.412166,1.21491,0,69.7594,4.64762,65.9145,0.84672,12.849,0.84672,3695.15,0,0.0036966,7.01138e-06,0.528595,1.47212,7.27436,1.12248,8.15259,0.42336,0.0018483,0.21168,0.0018483,0.21168,460.486,0,1.0109,0,0,1.53949,0.528595,1.028160,1,0,74.834,0,0,0,74.834,0
72.29,2.31952,0,0,3.33969,0.209904,0.810267,3.6288,61.308,0.304526,0,0,1.07762,0.214138,0.558952,0.66528,12.849,1,0.412277,0.810267,0,59.9156,4.64762,55.666,0.84672,12.849,0.84672,3695.15,0,0.0036966,9.18077e-06,0.402797,1.47252,6.31707,1.12248,7.06989,0.42336,0.0018483,0.21168,0.0018483,0.21168,460.486,0,0.939272,0,0,1.34207,0.402797,1.028160,1,0,63.2949,0,0,0,63.2949,0
72.29,2.32014,0,0,3.07731,0.192621,0.564546,3.6288,61.308,0.386446,0,0,0.987561,0.191382,0.409733,0.66528,12.849,1,0.412388,0.564546,0,55.8857,4.17578,51.8621,0.84672,12.849,0.84672,3695.15,0,0.0036966,1.16505e-05,0.402797,1.47291,5.6889,1.00281,6.56179,0.42336,0.0018483,0.21168,0.0018483,0.21168,460.486,0,0.857684,0,0,1.26048,0.402797,1.028160,1,0,58.8336,0,0,0,58.8336,0
72.2536,2.43086,0,0,2.92784,0.170529,0.36288,3.6288,61.308,0.531353,0,0,0.944326,0.203197,0.209776,0.66528,12.849,1,0.432066,0.36288,0,48.5956,4.29233,44.2341,0.84672,12.849,0.84672,3695.15,0,0.0036966,1.60191e-05,0.402797,1.47331,5.26452,1.01087,6.12975,0.42336,0.0018483,0.21168,0.0018483,0.21168,460.486,0,0.780391,0,0,1.18319,0.402797,1.028160,1,0,50.5736,0,0,0,50.5736,0
72.1452,2.43133,0,0,2.84414,0.158314,0.36288,3.6288,61.308,0.614466,0,0,0.906163,0.241705,0.0499919,0.66528,12.849,1,0.432368,0.36288,0,41.9339,4.91957,36.9448,0.84672,12.849,0.84672,3695.15,0,0.0036966,1.85248e-05,0.402797,1.54999,5.03989,1.14128,5.85138,0.42336,0.0018483,0.21168,0.0018483,0.21168,460.486,0,0.697628,0,0,1.10043,0.402797,1.028160,1,0,42.8462,0,0,0,42.8462,0
71.9503,2.43143,0,0,2.75758,0.158183,0.36288,3.6288,61.26,0.635019,0,0,0.82868,0.241705,0,0.66528,12.849,1,0.433036,0.36288,0,38.5515,4.91957,33.5618,0.84672,12.849,0.84672,3695.15,0,0.0036966,1.91444e-05,0.30119,1.55041,4.68767,1.14128,5.39796,0.42336,0.0018483,0.21168,0.0018483,0.21168,460.486,0,0.677428,0,0,0.978618,0.30119,1.028160,1,0,38.9597,0,0,0,38.9597,0
71.4812,2.43109,0,0,2.45417,0.129231,0.36288,3.6288,61.1095,0.676524,0,0,0.786568,0.260513,0,0.66528,12.849,1,0.434148,0.36288,0,34.1053,5.13377,28.9002,0.84672,12.849,0.84672,3695.15,0,0.0036966,2.04117e-05,0.30119,1.55082,4.56011,1.19601,5.2161,0.42336,0.0018483,0.21168,0.0018483,0.21168,460.486,0,0.636276,0,0,0.937466,0.30119,1.028160,1,0,34.1163,0,0,0,34.1163,0
70.9285,2.42933,0,0,2.34714,0.10769,0.36288,3.6288,60.8836,0.699557,0,0,0.747801,0.274171,0,0.66528,12.849,1,0.43668,0.36288,0,33.1099,5.285,27.7511,0.84672,12.849,0.84672,3695.15,0,0.0036966,2.11586e-05,0.30119,1.55124,4.53099,1.23711,5.14629,0.42336,0.0018483,0.21168,0.0018483,0.21168,460.486,0,0.613596,0,0,0.914786,0.30119,1.028160,1,0,32.8974,0,0,0,32.8974,0
70.3965,2.40536,0,0,2.34576,0.109516,0.36288,3.6288,60.6246,0.647526,0,0,0.660934,0.272337,0,0.66528,12.849,1,0.435742,0.36288,0,35.1748,5.22847,29.8735,0.84672,12.849,0.84672,3695.15,0,0.0036966,1.96576e-05,0.30119,1.55166,4.96219,1.23744,5.57758,0.42336,0.0018483,0.21168,0.0018483,0.21168,460.486,0,0.703011,0,0,1.0042,0.30119,1.028160,1,0,35.4511,0,0,0,35.4511,0
69.666,2.40322,0,0,2.14469,0.10907,0.36288,3.6288,60.4083,0.589537,0,0,0.645062,0.27189,0,0.66528,12.849,1,0.438645,0.36288,0,34.6782,5.22847,29.374,0.84672,12.849,0.84672,3695.15,0,0.0036966,1.79736e-05,0.261274,1.57587,4.90118,1.23744,5.50087,0.42336,0.0018483,0.21168,0.0018483,0.21168,460.486,0,0.761365,0,0,1.02264,0.261274,1.028160,1,0,34.8748,0,0,0,34.8748,0
68.7548,2.39999,0,0,1.9601,0.108456,0.36288,3.6288,60.0014,0.738591,0,0,0.603247,0.271516,0,0.66528,12.849,1,0.442647,0.36288,0,32.618,5.22847,27.3097,0.84672,12.849,0.84672,3695.15,0,0.0036966,2.25985e-05,0.261274,1.5763,4.66387,1.23744,5.26398,0.42336,0.0018483,0.21168,0.0018483,0.21168,460.486,0,0.612671,0,0,0.873945,0.261274,1.028160,1,0,32.5737,0,0,0,32.5737,0
67.7094,2.39569,0,0,1.80236,0.0891599,0.36288,3.6288,59.5204,0.738367,0,0,0.571655,0.314328,0,0.66528,12.849,1,0.44771,0.36288,0,29.2042,5.79308,23.3263,0.84672,12.849,0.84672,3695.15,0,0.0036966,2.27449e-05,0.261274,1.57672,4.44067,1.44353,4.83511,0.42336,0.0018483,0.21168,0.0018483,0.21168,460.486,0,0.613259,0,0,0.874532,0.261274,1.028160,1,0,28.1614,0,0,0,28.1614,0
66.4877,2.44631,0,0,1.66723,0.0797433,0.36288,3.6288,58.9079,0.829057,0,0,0.530421,0.313847,0,0.66528,12.849,1,0.464229,0.36288,0,26.0492,5.78228,20.1655,0.84672,12.849,0.84672,3695.15,0,0.0036966,2.57449e-05,0.261274,1.57715,3.30991,1.4586,3.68971,0.42336,0.0018483,0.21168,0.0018483,0.21168,460.486,0,0.555967,0,0,0.81724,0.261274,1.028160,1,0,23.8553,0,0,0,23.8553,0
65.0914,2.43982,0,0,1.48741,0.080996,0.36288,3.6288,58.1669,0.9294,0,0,0.488274,0.299847,0,0.66528,12.849,1,0.471504,0.36288,0,25.1381,5.60858,19.4209,0.84672,12.849,0.84672,3695.15,0,0.0036966,2.91609e-05,0.261274,1.61554,2.60306,1.4028,3.07705,0.42336,0.0018483,0.21168,0.0018483,0.21168,460.486,0,0.455993,0,0,0.717267,0.261274,1.028160,1,0,22.4979,0,0,0,22.4979,0
63.6838,2.43203,0,0,1.46741,0.0800984,0.36288,3.6288,57.5492,0.847556,0,0,0.528272,0.298421,0,0.66528,12.849,1,0.48008,0.36288,0,23.3256,5.60858,17.5998,0.84672,12.849,0.84672,3695.15,0,0.0036966,2.69318e-05,0.227405,1.61597,2.94377,1.4028,3.38432,0.42336,0.0018483,0.21168,0.0018483,0.21168,460.486,0,0.538212,0,0,0.765617,0.227405,1.028160,1,0,20.9841,0,0,0,20.9841,0
62.4179,2.42385,0,0,1.58338,0.0626216,0.36288,3.6288,57.061,0.768012,0,0,0.558088,0.27833,0,0.66528,12.849,1,0.489041,0.36288,0,24.042,5.85015,18.0657,0.84672,12.849,0.84672,3695.15,0,0.0036966,2.46661e-05,0.227405,1.61641,3.63134,1.47258,4.00255,0.42336,0.0018483,0.21168,0.0018483,0.21168,460.486,0,0.618131,0,0,0.845536,0.227405,1.028160,1,0,22.0682,0,0,0,22.0682,0
61.0122,2.57764,0,0,1.60421,0.0693829,0.36288,3.6288,56.5203,0.85058,0,0,0.574655,0.264742,0,0.66528,12.849,1,0.53062,0.36288,0,23.6895,5.63998,17.8818,0.84672,12.849,0.84672,3695.15,0,0.0036966,2.75517e-05,0.227405,1.61684,2.96116,1.4483,3.35708,0.42336,0.0018483,0.21168,0.0018483,0.21168,460.486,0,0.655309,0,0,0.882714,0.227405,1.028160,1,0,21.2389,0,0,0,21.2389,0
59.4878,2.56823,0,0,1.49419,0.0874094,0.36288,3.6288,55.6242,1.09866,0,0,0.462335,0.25972,0,0.66528,12.849,1,0.540863,0.36288,0,18.7827,5.13471,13.47,0.84672,12.849,0.84672,3695.15,0,0.0036966,3.59278e-05,0.227405,1.74597,3.01806,1.37011,3.6213,0.42336,0.0018483,0.21168,0.0018483,0.21168,460.486,0,0.407627,0,0,0.635032,0.227405,1.028160,1,0,17.0913,0,0,0,17.0913,0
57.7929,2.55752,0,0,1.31167,0.0862189,0.36288,3.6288,54.733,1.09652,0,0,0.463463,0.258203,0,0.66528,12.849,1,0.552409,0.36288,0,17.7234,5.13471,12.3992,0.84672,12.849,0.84672,3695.15,0,0.0036966,3.64354e-05,0.204422,1.74644,2.21863,1.37011,2.79935,0.42336,0.0018483,0.21168,0.0018483,0.21168,460.486,0,0.410175,0,0,0.614597,0.204422,1.028160,1,0,15.1985,0,0,0,15.1985,0
55.8317,2.54495,0,0,1.04479,0.0981738,0.36288,3.6288,53.7271,1.15133,0,0,0.402326,0.256927,0,0.66528,12.849,1,0.565815,0.36288,0,16.8941,5.20131,11.4898,0.84672,12.849,0.84672,3695.15,0,0.0036966,3.88798e-05,0.204422,1.74691,1.97145,1.35707,2.56568,0.42336,0.0018483,0.21168,0.0018483,0.21168,460.486,0,0.355761,0,0,0.560183,0.204422,1.028160,1,0,14.0555,0,0,0,14.0555,0
54.0309,2.52947,0,0,1.19005,0.0984767,0.36288,3.6288,52.7842,1.12572,0,0,0.438077,0.255226,0,0.66528,12.849,1,0.582129,0.36288,0,14.6401,5.21241,9.20848,0.84672,12.849,0.84672,3695.15,0,0.0036966,3.87266e-05,0.204422,1.74738,2.00959,1.35489,2.60647,0.42336,0.0018483,0.21168,0.0018483,0.21168,460.486,0,0.381781,0,0,0.586203,0.204422,1.028160,1,0,11.8149,0,0,0,11.8149,0
51.9601,2.43776,0,0,0.824273,0.0944047,0.36288,3.6288,52.6185,0.673338,0,0,0.7656,0.257943,0,0.66528,12.849,1,0.579719,0.36288,0,10.7418,5.32308,5.20185,0.84672,12.849,0.84672,3695.15,0,0.0036966,2.35777e-05,0.204422,1.74785,2.73198,1.35772,3.32651,0.42336,0.0018483,0.21168,0.0018483,0.21168,460.486,0,0.762029,0,0,0.966451,0.204422,1.028160,1,0,8.52836,0,0,0,8.52836,0
49.7689,2.41988,0,0,0.683951,0.092422,0.36288,3.6288,51.6208,1.15193,0,0,0.411776,0.2576,0,0.66528,12.849,1,0.598402,0.36288,0,10.2921,5.32308,4.73354,0.84672,12.849,0.84672,3695.15,0,0.0036966,4.04631e-05,0.216518,1.67447,2.0346,1.35772,2.56783,0.42336,0.0018483,0.21168,0.0018483,0.21168,460.486,0,0.283809,0,0,0.500328,0.216518,1.028160,1,0,7.30137,0,0,0,7.30137,0
47.8517,2.39958,0,0,0.983707,0.138473,0.36288,3.6288,50.8254,1.08885,0,0,0.506503,0.212965,0,0.66528,12.849,1,0.619508,0.36288,0,12.012,4.70019,7.0552,0.84672,12.849,0.84672,3695.15,0,0.0036966,3.89868e-05,0.216518,1.67492,2.23886,1.16303,2.96723,0.42336,0.0018483,0.21168,0.0018483,0.21168,460.486,0,0.34727,0,0,0.563789,0.216518,1.028160,1,0,10.0224,0,0,0,10.0224,0
47.3129,2.38065,0,0,2.40329,0.198518,0.36288,3.6288,50.956,0.755041,0,0,1.04077,0.155196,0,0.66528,12.849,1,0.639247,0.36288,0,36.2261,3.86967,32.0801,0.84672,12.849,0.84672,3695.15,0,0.0036966,2.74576e-05,0.216518,1.67537,5.9633,0.903435,6.95173,0.42336,0.0018483,0.21168,0.0018483,0.21168,460.486,0,0.68148,0,0,0.897998,0.216518,1.028160,1,0,39.0318,0,0,0,39.0318,0
45.493,2.3142,0,0,1.07179,0.214581,0.36288,3.6288,50.1084,1.05085,0,0,0.386521,0.183259,0,0.66528,12.849,1,0.628479,0.36288,0,17.8173,3.99711,13.5546,0.84672,12.849,0.84672,3695.15,0,0.0036966,3.8117e-05,0.216518,1.67582,2.25292,0.992786,3.15244,0.42336,0.0018483,0.21168,0.0018483,0.21168,460.486,0,0.319933,0,0,0.536452,0.216518,1.028160,1,0,16.7071,0,0,0,16.7071,0
43.6478,2.29521,0,0,1.03585,0.222954,0.36288,3.6288,50.0011,0.508574,0,0,0.604076,0.202774,0,0.66528,12.849,1,0.648257,0.36288,0,17.1044,4.09269,12.7264,0.84672,12.849,0.84672,3695.15,0,0.0036966,1.87593e-05,0.216518,1.61057,3.59459,1.0598,4.36186,0.42336,0.0018483,0.21168,0.0018483,0.21168,460.486,0,0.862598,0,0,1.07912,0.216518,1.028160,1,0,17.0882,0,0,0,17.0882,0
43.5951,2.27465,0,0,2.80312,0.218338,0.36288,3.6288,50.8592,0.343387,0,0,1.40407,0.202596,0,0.66528,12.849,1,0.669609,0.36288,0,51.0871,4.09269,46.6877,0.84672,12.849,0.84672,3695.15,0,0.0036966,1.26934e-05,0.921465,1.61101,6.26502,1.0598,7.73768,0.42336,0.0018483,0.21168,0.0018483,0.21168,460.486,0,1.02816,0,0,1.94962,0.921465,1.028160,1,0,54.4254,0,0,0,54.4254,0
42.3612,2.27463,0,0,1.65812,0.254451,0.36288,3.6288,50.687,0.790357,0,0,0.791908,0.173723,0,0.66528,12.849,1,0.670415,0.36288,0,29.1339,3.57693,25.2494,0.84672,12.849,0.84672,3695.15,0,0.0036966,2.87228e-05,0.292723,1.61144,3.71377,0.85343,4.76447,0.42336,0.0018483,0.21168,0.0018483,0.21168,460.486,0,0.581543,0,0,0.874266,0.292723,1.028160,1,0,30.0139,0,0,0,30.0139,0
41.3851,2.09003,0,0,1.70603,0.229285,0.36288,3.6288,50.7298,0.511509,0,0,0.743945,0.18964,0,0.66528,12.849,1,0.633949,0.36288,0,34.6197,3.94262,30.406,0.84672,12.849,0.84672,3695.15,0,0.0036966,1.86522e-05,0.292723,1.61187,4.36117,0.866418,5.39933,0.42336,0.0018483,0.21168,0.0018483,0.21168,460.486,0,0.722927,0,0,1.01565,0.292723,1.028160,1,0,35.8053,0,0,0,35.8053,0
40.0544,2.07918,0,0,1.34122,0.229816,0.36288,3.6288,51.0418,0.247537,0,0,0.776555,0.216986,0,0.66528,12.849,1,0.645533,0.36288,0,44.6703,4.24483,40.1428,0.84672,12.849,0.84672,3695.15,0,0.0036966,9.0188e-06,0.292723,1.46423,4.61739,0.943973,5.43036,0.42336,0.0018483,0.21168,0.0018483,0.21168,460.486,0,0.987241,0,0,1.27996,0.292723,1.028160,1,0,45.5731,0,0,0,45.5731,0
39.0723,2.0635,0,0,1.67051,0.226219,0.36288,3.6288,51.4634,0.23408,0,0,0.873184,0.217537,0,0.66528,12.849,1,0.661947,0.36288,0,51.5336,4.24483,46.9897,0.84672,12.849,0.84672,3695.15,0,0.0036966,8.47637e-06,0.412474,1.46463,4.92224,0.943973,5.85536,0.42336,0.0018483,0.21168,0.0018483,0.21168,460.486,0,1.00103,0,0,1.4135,0.412474,1.028160,1,0,52.8451,0,0,0,52.8451,0
40.5168,2.05153,0,0,4.08255,0.223651,0.36288,3.6288,52.2111,0.207283,0,0,1.17322,0.218282,0,0.66528,12.849,1,0.674648,0.36288,0,46.5515,4.24483,41.9949,0.84672,12.849,0.84672,3695.15,0,0.0036966,7.44455e-06,0.680607,1.46502,6.41146,0.943973,7.6131,0.42336,0.0018483,0.21168,0.0018483,0.21168,460.486,0,1.02816,0,0,1.70877,0.680607,1.028160,1,0,49.608,0,0,0,49.608,0
43.9108,2.07035,0,0,6.03956,0.212332,0.36288,3.6288,53.1706,0.207616,0,0,1.3947,0.227513,0,0.66528,12.849,1,0.656564,0.36288,0,59.7003,4.69675,54.7099,0.84672,12.849,0.84672,3695.15,0,0.0036966,7.3497e-06,0.850885,1.46541,6.74673,1.32889,7.73412,0.42336,0.0018483,0.21168,0.0018483,0.21168,460.486,0,1.02816,0,0,1.87904,0.850885,1.028160,1,0,62.444,0,0,0,62.444,0
47.9112,2.17627,0,0,6.76851,0.229001,0.36288,3.6288,54.1126,0.247906,0,0,1.40938,0.21955,0,0.66528,12.849,1,0.636811,0.36288,0,87.5534,4.54592,82.7336,0.84672,12.849,0.84672,3695.15,0,0.0036966,8.61763e-06,2.24167,1.46581,6.60241,1.38912,8.92077,0.42336,0.0018483,0.21168,0.0018483,0.21168,460.486,0,1.02816,0,0,3.26983,2.24167,1.028160,1,0,91.6544,0,0,0,91.6544,0
50.8906,2.21877,0,0,5.80194,0.240877,0.36288,3.6288,54.9044,0.248235,0,0,1.25954,0.219489,0,0.66528,12.849,1,0.595039,0.36288,0,104.646,4.52078,99.893,0.84672,12.849,0.84672,3695.15,0,0.0036966,8.47887e-06,1.97878,1.51308,6.03612,1.39915,8.12883,0.42336,0.0018483,0.21168,0.0018483,0.21168,460.486,0,1.02816,0,0,3.00694,1.97878,1.028160,1,0,108.022,0,0,0,108.022,0
53.2819,2.24717,0,0,5.25005,0.248679,0.36288,3.6288,55.5887,0.248565,0,0,1.15352,0.22064,0,0.66528,12.849,1,0.567372,0.36288,0,79.2945,4.52078,74.5692,0.84672,12.849,0.84672,3695.15,0,0.0036966,8.36767e-06,1.81392,1.51347,6.73384,1.39915,8.66208,0.42336,0.0018483,0.21168,0.0018483,0.21168,460.486,0,1.02816,0,0,2.84208,1.81392,1.028160,1,0,83.2313,0,0,0,83.2313,0
55.3996,2.26827,0,0,4.97101,0.222119,0.36288,3.6288,56.1331,0.248894,0,0,1.02097,0.227648,0,0.66528,12.849,1,0.546997,0.36288,0,113.511,4.15819,109.168,0.84672,12.849,0.84672,3695.15,0,0.0036966,8.27561e-06,1.46901,1.51386,5.82105,1.10961,7.6943,0.42336,0.0018483,0.21168,0.0018483,0.21168,460.486,0,1.02816,0,0,2.49717,1.46901,1.028160,1,0,116.863,0,0,0,116.863,0
57.5376,2.50879,0,0,5.26516,0.255507,0.36288,3.6288,56.8779,0.399412,0,0,1.36628,0.222092,0,0.66528,12.849,1,0.581872,0.36288,0,98.5694,4.1624,94.1881,0.84672,12.849,0.84672,3695.15,0,0.0036966,1.31515e-05,2.4289,1.51425,7.5506,1.17891,10.3148,0.42336,0.0018483,0.21168,0.0018483,0.21168,460.486,0,1.02816,0,0,3.45706,2.4289,1.028160,1,0,104.503,0,0,0,104.503,0
59.9898,2.52712,0,0,5.60605,0.263896,0.36288,3.6288,57.5656,0.39978,0,0,1.31412,0.226585,0,0.66528,12.849,1,0.564343,0.36288,0,111.498,4.38427,106.913,0.84672,12.849,0.84672,3695.15,0,0.0036966,1.29912e-05,2.69902,1.68216,9.61451,1.38845,12.6072,0.42336,0.0018483,0.21168,0.0018483,0.21168,460.486,0,1.02816,0,0,3.72718,2.69902,1.028160,1,0,119.52,0,0,0,119.52,0
63.1806,2.54678,0,0,6.36073,0.260244,0.36288,3.6288,58.2072,0.400149,0,0,1.27433,0.2326,0,0.66528,12.849,1,0.545486,0.36288,0,98.2999,4.19851,93.9188,0.84672,12.849,0.84672,3695.15,0,0.0036966,1.28478e-05,2.67119,1.68259,8.55637,1.287,11.6231,0.42336,0.0018483,0.21168,0.0018483,0.21168,460.486,0,1.02816,0,0,3.69935,2.67119,1.028160,1,0,105.542,0,0,0,105.542,0
67.3681,2.57034,0,0,7.3624,0.241646,0.36288,3.6288,58.7863,0.400517,0,0,1.22571,0.24612,0,0.66528,12.849,1,0.522728,0.36288,0,143.93,3.73412,140.036,0.84672,12.849,0.84672,3695.15,0,0.0036966,1.27179e-05,2.47889,1.68303,8.80572,1.03339,11.9342,0.42336,0.0018483,0.21168,0.0018483,0.21168,460.486,0,1.02816,0,0,3.50705,2.47889,1.028160,1,0,151.971,0,0,0,151.971,0
71.1203,2.26895,0,0,6.66525,0.281257,0.36288,3.6288,60.2805,0.199121,0,0,1.92033,0.227003,0,0.66528,12.849,1,0.432752,0.36288,0,145.226,3.71463,141.442,0.84672,12.849,0.84672,3695.15,0,0.0036966,6.26057e-06,3.51983,1.68346,12.7899,1.01136,16.9818,0.42336,0.0018483,0.21168,0.0018483,0.21168,460.486,0,1.02816,0,0,4.54799,3.51983,1.028160,1,0,158.424,0,0,0,158.424,0
72.29,2.28888,0,0,5.25199,0.332629,1.46078,3.6288,61.1583,0.199438,0,0,1.27947,0.202211,0,0.66528,12.849,1,0.413521,1.46078,0,116.085,3.68865,113.444,0.84672,12.849,0.84672,3695.15,0,0.0036966,6.11509e-06,2.28335,1.45451,9.76769,0.981984,12.5236,0.42336,0.0018483,0.21168,0.0018483,0.21168,460.486,0,1.02816,0,0,3.31151,2.28335,1.028160,1,0,125.967,0,0,0,125.967,0
72.29,2.29515,0,0,6.0056,0.335608,3.37485,3.6288,61.308,0.199754,0,0,1.86906,0.20334,1.3163,0.66528,12.849,1,0.407945,3.37485,0,137.487,3.68865,136.766,0.84672,12.849,0.84672,3695.15,0,0.0036966,6.03688e-06,2.43708,1.45489,15.3771,0.981984,18.2871,0.42336,0.0018483,0.21168,0.0018483,0.21168,460.486,0,1.02816,0,0,3.46524,2.43708,1.028160,1,0,156.369,0,0,0,156.369,0
72.29,2.29574,0,0,5.29253,0.310586,2.6862,3.6288,61.308,0.200071,0,0,1.39808,0.238859,0.959151,0.66528,12.849,1,0.40805,2.6862,0,82.3409,4.69926,79.9198,0.84672,12.849,0.84672,3695.15,0,0.0036966,6.03169e-06,1.92567,1.45526,10.4155,1.12644,12.67,0.42336,0.0018483,0.21168,0.0018483,0.21168,460.486,0,1.02816,0,0,2.95383,1.92567,1.028160,1,0,93.549,0,0,0,93.549,0
72.29,2.29633,0,0,4.61257,0.306416,2.00982,3.6288,61.308,0.200387,0,0,1.10039,0.244747,0.655256,0.66528,12.849,1,0.408156,2.00982,0,92.6562,4.8677,89.3902,0.84672,12.849,0.84672,3695.15,0,0.0036966,6.04123e-06,1.61669,1.45564,7.62765,1.15052,9.54945,0.42336,0.0018483,0.21168,0.0018483,0.21168,460.486,0,1.02816,0,0,2.64485,1.61669,1.028160,1,0,99.5949,0,0,0,99.5949,0
72.29,2.38085,0,0,5.06903,0.328666,2.35951,3.6288,61.308,0.250126,0,0,0.944948,0.155672,0.53915,0.66528,12.849,1,0.423178,2.35951,0,81.3986,3.36714,79.9678,0.84672,12.849,0.84672,3695.15,0,0.0036966,7.54075e-06,0.9241,1.45601,5.27003,0.693247,6.95689,0.42336,0.0018483,0.21168,0.0018483,0.21168,460.486,0,1.02816,0,0,1.95226,0.9241,1.028160,1,0,87.4638,0,0,0,87.4638,0
72.29,2.38146,0,0,4.20974,0.328666,1.49962,3.6288,61.308,0.250456,0,0,1.31135,0.155672,0.905226,0.66528,12.849,1,0.423287,1.49962,0,60.2855,3.36714,57.9947,0.84672,12.849,0.84672,3695.15,0,0.0036966,7.55068e-06,2.563,1.5131,6.20597,0.693247,9.58882,0.42336,0.0018483,0.21168,0.0018483,0.21168,460.486,0,1.02816,0,0,3.59116,2.563,1.028160,1,0,68.4888,0,0,0,68.4888,0
72.29,2.38207,0,0,4.3122,0.328666,1.60146,3.6288,61.308,0.250785,0,0,1.45008,0.155672,1.04362,0.66528,12.849,1,0.423396,1.60146,0,88.4053,3.36714,86.2163,0.84672,12.849,0.84672,3695.15,0,0.0036966,7.56061e-06,2.06666,1.51349,6.80873,0.693247,9.69563,0.42336,0.0018483,0.21168,0.0018483,0.21168,460.486,0,1.02816,0,0,3.09482,2.06666,1.028160,1,0,96.9555,0,0,0,96.9555,0
72.29,2.38269,0,0,3.17729,0.247396,0.547207,3.6288,61.308,0.251114,0,0,0.932481,0.183166,0.498201,0.66528,12.849,1,0.423505,0.547207,0,45.6272,4.0782,41.6727,0.84672,12.849,0.84672,3695.15,0,0.0036966,7.57054e-06,0.963101,1.51388,4.43436,0.769028,6.1423,0.42336,0.0018483,0.21168,0.0018483,0.21168,460.486,0,1.02816,0,0,1.99126,0.963101,1.028160,1,0,48.3132,0,0,0,48.3132,0
72.29,2.35045,0,0,3.33505,0.261201,0.723394,3.6288,61.308,0.232229,0,0,0.910647,0.134715,0.543704,0.66528,12.849,1,0.417775,0.723394,0,50.7033,3.58128,47.4277,0.84672,12.849,0.84672,3695.15,0,0.0036966,7.00118e-06,0.923746,1.51427,3.82594,0.758451,5.50549,0.42336,0.0018483,0.21168,0.0018483,0.21168,460.486,0,1.02816,0,0,1.95191,0.923746,1.028160,1,0,53.4769,0,0,0,53.4769,0
71.9551,2.35106,0,0,2.66067,0.281622,0.36288,3.6288,61.308,0.295839,0,0,0.820187,0.158652,0.365695,0.66528,12.849,1,0.417883,0.36288,0,40.2279,3.85205,36.3209,0.84672,12.849,0.84672,3695.15,0,0.0036966,8.9189e-06,0.528595,1.49256,3.08359,0.878128,4.22661,0.42336,0.0018483,0.21168,0.0018483,0.21168,460.486,0,0.964872,0,0,1.49347,0.528595,1.028160,1,0,40.9132,0,0,0,40.9132,0
71.3966,2.35001,0,0,2.39317,0.238741,0.36288,3.6288,61.308,0.277079,0,0,0.680288,0.191787,0.211422,0.66528,12.849,1,0.419641,0.36288,0,36.0876,4.17812,31.8527,0.84672,12.849,0.84672,3695.15,0,0.0036966,8.35331e-06,0.402797,1.49294,2.82439,0.901611,3.81851,0.42336,0.0018483,0.21168,0.0018483,0.21168,460.486,0,0.983958,0,0,1.38675,0.402797,1.028160,1,0,35.8826,0,0,0,35.8826,0
70.7963,2.34784,0,0,2.30623,0.195878,0.36288,3.6288,61.308,0.233203,0,0,0.711634,0.211406,0.267025,0.66528,12.849,1,0.422532,0.36288,0,34.5614,4.35109,30.1506,0.84672,12.849,0.84672,3695.15,0,0.0036966,7.03054e-06,0.416716,1.49333,2.99907,0.911939,3.99717,0.42336,0.0018483,0.21168,0.0018483,0.21168,460.486,0,1.02816,0,0,1.44488,0.416716,1.028160,1,0,34.4148,0,0,0,34.4148,0
69.9683,2.45667,0,0,2.19042,0.19881,0.36288,3.6288,61.308,0.421961,0,0,0.672244,0.219538,0.0307445,0.66528,12.849,1,0.445867,0.36288,0,32.205,4.48893,27.6331,0.84672,12.849,0.84672,3695.15,0,0.0036966,1.27212e-05,0.402797,1.49371,2.86988,0.943961,3.82242,0.42336,0.0018483,0.21168,0.0018483,0.21168,460.486,0,0.907934,0,0,1.31073,0.402797,1.028160,1,0,31.4862,0,0,0,31.4862,0
69.0628,2.45284,0,0,2.13148,0.221288,0.36288,3.6288,61.308,0.404255,0,0,0.720438,0.204154,0.112028,0.66528,12.849,1,0.45044,0.36288,0,31.5611,4.54041,26.9331,0.84672,12.849,0.84672,3695.15,0,0.0036966,1.21874e-05,0.402797,1.57143,2.64271,0.939463,3.67746,0.42336,0.0018483,0.21168,0.0018483,0.21168,460.486,0,0.925983,0,0,1.32878,0.402797,1.028160,1,0,30.7226,0,0,0,30.7226,0
68.2477,2.44849,0,0,2.10787,0.111602,0.36288,3.6288,61.308,0.302424,0,0,0.690319,0.24358,0.144315,0.66528,12.849,1,0.455537,0.36288,0,32.3414,5.0694,27.1794,0.84672,12.849,0.84672,3695.15,0,0.0036966,9.11742e-06,0.329478,1.57184,2.72788,1.04589,3.5833,0.42336,0.0018483,0.21168,0.0018483,0.21168,460.486,0,1.02816,0,0,1.35764,0.329478,1.028160,1,0,30.907,0,0,0,30.907,0
67.2015,2.44454,0,0,1.87206,0.110894,0.36288,3.6288,61.1495,0.477661,0,0,0.562715,0.24358,0,0.66528,12.849,1,0.460234,0.36288,0,28.9237,5.0694,23.7569,0.84672,12.849,0.84672,3695.15,0,0.0036966,1.44004e-05,0.30119,1.57224,2.33953,1.04589,3.16706,0.42336,0.0018483,0.21168,0.0018483,0.21168,460.486,0,0.85326,0,0,1.15445,0.30119,1.028160,1,0,26.924,0,0,0,26.924,0
66.0924,2.43915,0,0,1.80293,0.109986,0.36288,3.6288,60.7949,0.564237,0,0,0.452985,0.243335,0,0.66528,12.849,1,0.466369,0.36288,0,26.6538,5.0694,21.4809,0.84672,12.849,0.84672,3695.15,0,0.0036966,1.70546e-05,0.30119,1.57265,2.24918,1.04589,3.07711,0.42336,0.0018483,0.21168,0.0018483,0.21168,460.486,0,0.767025,0,0,1.06822,0.30119,1.028160,1,0,24.558,0,0,0,24.558,0
65.1212,2.41143,0,0,1.9338,0.130628,0.36288,3.6288,60.7676,0.34099,0,0,0.573061,0.259334,0,0.66528,12.849,1,0.468806,0.36288,0,29.7964,4.99149,24.699,0.84672,12.849,0.84672,3695.15,0,0.0036966,1.03669e-05,0.666541,1.57305,2.067,1.15196,3.15462,0.42336,0.0018483,0.21168,0.0018483,0.21168,460.486,0,1.02816,0,0,1.6947,0.666541,1.028160,1,0,27.8536,0,0,0,27.8536,0
63.9996,2.40621,0,0,1.7771,0.129618,0.36288,3.6288,60.7236,0.341343,0,0,0.556593,0.259289,0,0.66528,12.849,1,0.474767,0.36288,0,29.3258,4.99149,24.2224,0.84672,12.849,0.84672,3695.15,0,0.0036966,1.03822e-05,0.667241,1.59758,2.0843,1.15196,3.19715,0.42336,0.0018483,0.21168,0.0018483,0.21168,460.486,0,1.02816,0,0,1.6954,0.667241,1.028160,1,0,27.4196,0,0,0,27.4196,0
62.726,2.3999,0,0,1.61762,0.128452,0.36288,3.6288,60.6433,0.341695,0,0,0.520581,0.259217,0,0.66528,12.849,1,0.48182,0.36288,0,28.1528,4.99149,23.0424,0.84672,12.849,0.84672,3695.15,0,0.0036966,1.04005e-05,0.440796,1.59799,1.95801,1.15196,2.84483,0.42336,0.0018483,0.21168,0.0018483,0.21168,460.486,0,1.02816,0,0,1.46896,0.440796,1.028160,1,0,25.8872,0,0,0,25.8872,0
61.3443,2.39239,0,0,1.48743,0.113883,0.36288,3.6288,60.5064,0.342048,0,0,0.497022,0.291853,0,0.66528,12.849,1,0.490065,0.36288,0,24.9585,5.41494,19.4163,0.84672,12.849,0.84672,3695.15,0,0.0036966,1.0425e-05,0.433469,1.59841,1.88404,1.30653,2.60937,0.42336,0.0018483,0.21168,0.0018483,0.21168,460.486,0,1.02816,0,0,1.46163,0.433469,1.028160,1,0,22.0257,0,0,0,22.0257,0
59.9764,2.43951,0,0,1.53886,0.104413,0.36288,3.6288,60.2967,0.37589,0,0,0.482662,0.316456,0,0.66528,12.849,1,0.510974,0.36288,0,23.176,5.91744,17.1105,0.84672,12.849,0.84672,3695.15,0,0.0036966,1.14824e-05,0.407566,1.59882,1.88587,1.44714,2.4451,0.42336,0.0018483,0.21168,0.0018483,0.21168,460.486,0,1.02816,0,0,1.43573,0.407566,1.028160,1,0,19.5556,0,0,0,19.5556,0
58.4945,2.43054,0,0,1.42161,0.110067,0.36288,3.6288,60.0904,0.376251,0,0,0.471911,0.301956,0,0.66528,12.849,1,0.520705,0.36288,0,22.5373,5.87086,16.5086,0.84672,12.849,0.84672,3695.15,0,0.0036966,1.15334e-05,0.298469,1.63771,1.93068,1.39804,2.46881,0.42336,0.0018483,0.21168,0.0018483,0.21168,460.486,0,1.02816,0,0,1.32663,0.298469,1.028160,1,0,18.9774,0,0,0,18.9774,0
56.8941,2.42035,0,0,1.29138,0.108507,0.36288,3.6288,59.8567,0.39124,0,0,0.459124,0.301559,0,0.66528,12.849,1,0.531657,0.36288,0,21.2152,5.87086,15.1755,0.84672,12.849,0.84672,3695.15,0,0.0036966,1.2034e-05,0.227405,1.63813,1.86174,1.39804,2.32922,0.42336,0.0018483,0.21168,0.0018483,0.21168,460.486,0,1.01353,0,0,1.24094,0.227405,1.028160,1,0,17.5048,0,0,0,17.5048,0
55.1246,2.40876,0,0,1.09375,0.0916521,0.36288,3.6288,59.6044,0.402271,0,0,0.45663,0.306717,0,0.66528,12.849,1,0.543997,0.36288,0,20.2185,6.14766,13.8898,0.84672,12.849,0.84672,3695.15,0,0.0036966,1.24216e-05,0.227405,1.63856,1.82693,1.39854,2.29433,0.42336,0.0018483,0.21168,0.0018483,0.21168,460.486,0,1.00286,0,0,1.23027,0.227405,1.028160,1,0,16.1841,0,0,0,16.1841,0
53.0615,2.55518,0,0,0.956923,0.101895,0.36288,3.6288,59.2375,0.50132,0,0,0.428038,0.293622,0,0.66528,12.849,1,0.595588,0.36288,0,18.698,6.00027,12.465,0.84672,12.849,0.84672,3695.15,0,0.0036966,1.55457e-05,0.227405,1.63898,1.78332,1.32128,2.32841,0.42336,0.0018483,0.21168,0.0018483,0.21168,460.486,0,1.02518,0,0,1.25258,0.227405,1.028160,1,0,14.7934,0,0,0,14.7934,0
50.8886,2.53719,0,0,0.8391,0.111941,0.36288,3.6288,58.8606,0.498732,0,0,0.402049,0.280189,0,0.66528,12.849,1,0.614388,0.36288,0,17.1796,6.04212,10.886,0.84672,12.849,0.84672,3695.15,0,0.0036966,1.55612e-05,0.539473,1.76986,1.85367,1.48115,2.68183,0.42336,0.0018483,0.21168,0.0018483,0.21168,460.486,0,1.02816,0,0,1.56763,0.539473,1.028160,1,0,13.5678,0,0,0,13.5678,0
48.693,2.51689,0,0,0.793636,0.10945,0.36288,3.6288,58.4517,0.499125,0,0,0.369779,0.279512,0,0.66528,12.849,1,0.635496,0.36288,0,15.4393,6.04212,9.1246,0.84672,12.849,0.84672,3695.15,0,0.0036966,1.56732e-05,0.441582,1.77031,1.83262,1.48115,2.56334,0.42336,0.0018483,0.21168,0.0018483,0.21168,460.486,0,1.02816,0,0,1.46974,0.441582,1.028160,1,0,11.6879,0,0,0,11.6879,0
46.8244,2.49486,0,0,1.09597,0.106923,0.36288,3.6288,58.083,0.499518,0,0,0.40952,0.278778,0,0.66528,12.849,1,0.658337,0.36288,0,16.561,6.04212,10.2234,0.84672,12.849,0.84672,3695.15,0,0.0036966,1.57952e-05,0.639775,1.77077,2.04297,1.48115,2.97234,0.42336,0.0018483,0.21168,0.0018483,0.21168,460.486,0,1.02816,0,0,1.66793,0.639775,1.028160,1,0,13.1957,0,0,0,13.1957,0
45.4552,2.47488,0,0,1.59564,0.126999,0.36288,3.6288,57.8573,0.49991,0,0,0.54512,0.270896,0,0.66528,12.849,1,0.679127,0.36288,0,27.6352,5.9022,21.4168,0.84672,12.849,0.84672,3695.15,0,0.0036966,1.5908e-05,0.848327,1.77122,2.27191,1.45879,3.43265,0.42336,0.0018483,0.21168,0.0018483,0.21168,460.486,0,1.02816,0,0,1.87649,0.848327,1.028160,1,0,24.8494,0,0,0,24.8494,0
43.8688,2.38451,0,0,1.28389,0.122908,0.36288,3.6288,57.6011,0.426764,0,0,0.439997,0.269443,0,0.66528,12.849,1,0.674039,0.36288,0,17.7279,6.0212,11.3955,0.84672,12.849,0.84672,3695.15,0,0.0036966,1.36333e-05,0.493206,1.77168,2.24068,1.58457,2.92098,0.42336,0.0018483,0.21168,0.0018483,0.21168,460.486,0,1.02816,0,0,1.52137,0.493206,1.028160,1,0,14.3165,0,0,0,14.3165,0
41.5378,2.36627,0,0,0.519741,0.1216,0.36288,3.6288,56.7152,0.851599,0,0,0.235622,0.269908,0,0.66528,12.849,1,0.69307,0.36288,0,15.2711,6.00778,8.93314,0.84672,12.849,0.84672,3695.15,0,0.0036966,2.73261e-05,0.216518,1.69728,1.20134,1.60665,1.50845,0.42336,0.0018483,0.21168,0.0018483,0.21168,460.486,0,0.603685,0,0,0.820204,0.216518,1.028160,1,0,10.4416,0,0,0,10.4416,0
39.254,2.33716,0,0,0.534548,0.118361,0.36288,3.6288,55.7295,0.973231,0,0,0.255963,0.26836,0,0.66528,12.849,1,0.72296,0.36288,0,9.95907,6.00778,3.5912,0.84672,12.849,0.84672,3695.15,0,0.0036966,3.17168e-05,0.216518,1.69771,0.974436,1.60665,1.28198,0.42336,0.0018483,0.21168,0.0018483,0.21168,460.486,0,0.482423,0,0,0.698941,0.216518,1.028160,1,0,4.87319,0,0,0,4.87319,0
37.8829,2.30606,0,0,1.49368,0.195803,0.36288,3.6288,55.5002,0.427886,0,0,0.476381,0.277826,0,0.66528,12.849,1,0.754842,0.36288,0,16.2176,5.3561,10.4696,0.84672,12.849,0.84672,3695.15,0,0.0036966,1.41911e-05,0.794975,1.69815,3.00539,1.45882,4.03968,0.42336,0.0018483,0.21168,0.0018483,0.21168,460.486,0,1.02816,0,0,1.82314,0.794975,1.028160,1,0,14.5092,0,0,0,14.5092,0
36.2798,2.22719,0,0,1.17515,0.188196,0.36288,3.6288,55.2659,0.361252,0,0,0.407302,0.280389,0,0.66528,12.849,1,0.75541,0.36288,0,27.0835,4.71114,21.9798,0.84672,12.849,0.84672,3695.15,0,0.0036966,1.20306e-05,0.229694,1.69859,1.92792,1.24568,2.61051,0.42336,0.0018483,0.21168,0.0018483,0.21168,460.486,0,1.02816,0,0,1.25785,0.229694,1.028160,1,0,24.5903,0,0,0,24.5903,0
34.89,2.2031,0,0,1.34801,0.171833,0.36288,3.6288,55.0593,0.361609,0,0,0.428371,0.273308,0,0.66528,12.849,1,0.780259,0.36288,0,22.3623,3.8619,18.083,0.84672,12.849,0.84672,3695.15,0,0.0036966,1.20936e-05,0.561773,1.63243,2.82594,0.989646,4.03048,0.42336,0.0018483,0.21168,0.0018483,0.21168,460.486,0,1.02816,0,0,1.58993,0.561773,1.028160,1,0,22.1135,0,0,0,22.1135,0
33.9684,2.18094,0,0,1.79682,0.174602,0.36288,3.6288,55.0215,0.361966,0,0,0.594706,0.27061,0,0.66528,12.849,1,0.80318,0.36288,0,39.3531,3.79041,35.1224,0.84672,12.849,0.84672,3695.15,0,0.0036966,1.21509e-05,1.13911,1.63285,4.02867,0.979263,5.82136,0.42336,0.0018483,0.21168,0.0018483,0.21168,460.486,0,1.02816,0,0,2.16727,1.13911,1.028160,1,0,40.9438,0,0,0,40.9438,0
35.3418,2.16569,0,0,4.10797,0.205999,0.36288,3.6288,55.5672,0.362324,0,0,1.1647,0.256586,0,0.66528,12.849,1,0.8192,0.36288,0,49.8897,3.36147,46.0719,0.84672,12.849,0.84672,3695.15,0,0.0036966,1.21713e-05,1.83249,1.63327,6.55672,0.916966,9.1055,0.42336,0.0018483,0.21168,0.0018483,0.21168,460.486,0,1.02816,0,0,2.86065,1.83249,1.028160,1,0,55.1774,0,0,0,55.1774,0
36.1614,2.0247,0,0,3.41427,0.207039,0.36288,3.6288,55.7788,0.222979,0,0,0.691171,0.256613,0,0.66528,12.849,1,0.736107,0.36288,0,49.4832,3.47282,45.6371,0.84672,12.849,0.84672,3695.15,0,0.0036966,7.41683e-06,1.67098,1.63369,4.54246,0.923432,6.92369,0.42336,0.0018483,0.21168,0.0018483,0.21168,460.486,0,1.02816,0,0,2.69914,1.67098,1.028160,1,0,52.5608,0,0,0,52.5608,0
38.3178,2.03753,0,0,4.75112,0.194326,0.36288,3.6288,55.5706,0.223301,0,0,0.266647,0.251595,0,0.66528,12.849,1,0.723982,0.36288,0,67.7752,4.14088,63.2732,0.84672,12.849,0.84672,3695.15,0,0.0036966,7.39935e-06,0.61255,1.48403,5.63278,0.962231,6.76712,0.42336,0.0018483,0.21168,0.0018483,0.21168,460.486,0,1.02816,0,0,1.64071,0.61255,1.028160,1,0,70.0403,0,0,0,70.0403,0
39.8931,2.06858,0,0,4.20607,0.199338,0.36288,3.6288,56.369,0.223622,0,0,1.2733,0.251252,0,0.66528,12.849,1,0.69365,0.36288,0,83.3976,4.14088,78.9259,0.84672,12.849,0.84672,3695.15,0,0.0036966,7.43778e-06,2.87659,1.48441,6.65458,0.962231,10.0533,0.42336,0.0018483,0.21168,0.0018483,0.21168,460.486,0,1.02816,0,0,3.90475,2.87659,1.028160,1,0,88.9793,0,0,0,88.9793,0
41.6201,2.08984,0,0,4.38897,0.209236,0.36288,3.6288,56.8294,0.223944,0,0,0.936135,0.251818,0,0.66528,12.849,1,0.673106,0.36288,0,92.0502,4.26628,87.4737,0.84672,12.849,0.84672,3695.15,0,0.0036966,7.34297e-06,2.17399,1.48479,5.48155,1.01495,8.12538,0.42336,0.0018483,0.21168,0.0018483,0.21168,460.486,0,1.02816,0,0,3.20215,2.17399,1.028160,1,0,95.5991,0,0,0,95.5991,0
41.7598,2.11172,0,0,2.86594,0.251696,0.36288,3.6288,56.8014,0.224266,0,0,0.444344,0.24806,0,0.66528,12.849,1,0.651933,0.36288,0,39.208,5.01869,33.9002,0.84672,12.849,0.84672,3695.15,0,0.0036966,7.29396e-06,1.20209,1.48517,3.21768,1.33126,4.57369,0.42336,0.0018483,0.21168,0.0018483,0.21168,460.486,0,1.02816,0,0,2.23025,1.20209,1.028160,1,0,38.4739,0,0,0,38.4739,0
43.6791,2.18014,0,0,4.68752,0.225172,0.36288,3.6288,57.5106,0.265084,0,0,1.18637,0.212026,0,0.66528,12.849,1,0.670805,0.36288,0,103.879,4.53996,99.0314,0.84672,12.849,0.84672,3695.15,0,0.0036966,8.62577e-06,2.00904,1.48556,8.17775,1.20688,10.4655,0.42336,0.0018483,0.21168,0.0018483,0.21168,460.486,0,1.02816,0,0,3.0372,2.00904,1.028160,1,0,109.497,0,0,0,109.497,0
46.0667,2.20346,0,0,5.17321,0.219216,0.36288,3.6288,58.4148,0.265403,0,0,1.36809,0.198542,0,0.66528,12.849,1,0.648189,0.36288,0,99.4369,4.34847,94.8031,0.84672,12.849,0.84672,3695.15,0,0.0036966,8.52963e-06,2.12418,1.53345,8.7226,1.15712,11.2231,0.42336,0.0018483,0.21168,0.0018483,0.21168,460.486,0,1.02816,0,0,3.15234,2.12418,1.028160,1,0,106.026,0,0,0,106.026,0
47.9711,2.23028,0,0,4.73324,0.2357,0.36288,3.6288,58.8392,0.265721,0,0,0.88636,0.1962,0,0.66528,12.849,1,0.622074,0.36288,0,87.8161,4.38645,83.1704,0.84672,12.849,0.84672,3695.15,0,0.0036966,8.40768e-06,1.45378,1.53383,8.15992,1.22335,9.92417,0.42336,0.0018483,0.21168,0.0018483,0.21168,460.486,0,1.02816,0,0,2.48194,1.45378,1.028160,1,0,93.0946,0,0,0,93.0946,0
50.0824,2.25032,0,0,4.99198,0.267484,0.36288,3.6288,59.3993,0.26604,0,0,1.01408,0.18795,0,0.66528,12.849,1,0.602745,0.36288,0,104.884,4.4814,100.163,0.84672,12.849,0.84672,3695.15,0,0.0036966,8.35704e-06,1.53484,1.53421,8.91346,1.38891,10.5936,0.42336,0.0018483,0.21168,0.0018483,0.21168,460.486,0,1.02816,0,0,2.563,1.53484,1.028160,1,0,110.757,0,0,0,110.757,0
52.2024,2.49262,0,0,5.24428,0.268797,0.36288,3.6288,60.0832,0.418563,0,0,1.27997,0.177567,0,0.66528,12.849,1,0.639499,0.36288,0,80.7175,4.22967,76.2112,0.84672,12.849,0.84672,3695.15,0,0.0036966,1.30242e-05,1.81018,1.53459,8.99731,1.23898,11.1031,0.42336,0.0018483,0.21168,0.0018483,0.21168,460.486,0,1.02816,0,0,2.83834,1.81018,1.028160,1,0,87.3143,0,0,0,87.3143,0
58.2167,2.51408,0,0,9.15373,0.262461,0.36288,3.6288,61.308,0.418919,0,0,2.95655,0.150576,1.16221,0.66528,12.849,1,0.618811,0.36288,0,128.265,3.60035,124.409,0.84672,12.849,0.84672,3695.15,0,0.0036966,1.28869e-05,3.62699,1.70472,17.3559,0.864147,21.8235,0.42336,0.0018483,0.21168,0.0018483,0.21168,460.486,0,1.02816,0,0,4.65515,3.62699,1.028160,1,0,147.395,0,0,0,147.395,0
62.5524,2.56709,0,0,7.53054,0.264888,0.36288,3.6288,61.308,0.419275,0,0,2.37307,0.184948,1.76885,0.66528,12.849,1,0.566581,0.36288,0,163.941,4.38659,159.351,0.84672,12.849,0.84672,3695.15,0,0.0036966,1.26402e-05,2.86801,1.70514,18.5288,1.11012,21.9918,0.42336,0.0018483,0.21168,0.0018483,0.21168,460.486,0,1.02816,0,0,3.89617,2.86801,1.028160,1,0,183.112,0,0,0,183.112,0
65.751,2.60031,0,0,6.43412,0.272302,0.36288,3.6288,61.308,0.419632,0,0,1.79906,0.170288,1.20914,0.66528,12.849,1,0.534134,0.36288,0,109.081,3.98391,104.926,0.84672,12.849,0.84672,3695.15,0,0.0036966,1.2651e-05,2.29706,1.70556,12.5383,0.93661,15.6043,0.42336,0.0018483,0.21168,0.0018483,0.21168,460.486,0,1.02816,0,0,3.32522,2.29706,1.028160,1,0,121.739,0,0,0,121.739,0
68.398,2.29025,0,0,5.58141,0.281342,0.36288,3.6288,61.308,0.215527,0,0,1.42205,0.179972,1.02655,0.66528,12.849,1,0.447559,0.36288,0,84.5847,3.9525,80.5476,0.84672,12.849,0.84672,3695.15,0,0.0036966,6.49765e-06,1.64877,1.70598,9.64267,0.948813,12.0486,0.42336,0.0018483,0.21168,0.0018483,0.21168,460.486,0,1.02816,0,0,2.67693,1.64877,1.028160,1,0,93.6227,0,0,0,93.6227,0
69.4652,2.3054,0,0,4.02761,0.292148,0.36288,3.6288,61.308,0.215833,0,0,1.36058,0.204181,0.940562,0.66528,12.849,1,0.433085,0.36288,0,82.5483,3.87398,78.6041,0.84672,12.849,0.84672,3695.15,0,0.0036966,6.50688e-06,1.14844,1.47396,10.3219,0.979321,11.965,0.42336,0.0018483,0.21168,0.0018483,0.21168,460.486,0,1.02816,0,0,2.1766,1.14844,1.028160,1,0,91.5097,0,0,0,91.5097,0
70.9612,2.31159,0,0,4.46513,0.294586,0.36288,3.6288,61.308,0.216139,0,0,1.48637,0.204181,1.06605,0.66528,12.849,1,0.427575,0.36288,0,77.3643,3.87398,73.4256,0.84672,12.849,0.84672,3695.15,0,0.0036966,6.51611e-06,1.28301,1.47432,9.14518,0.979321,10.9232,0.42336,0.0018483,0.21168,0.0018483,0.21168,460.486,0,1.02816,0,0,2.31117,1.28301,1.028160,1,0,85.4148,0,0,0,85.4148,0
71.9221,2.31979,0,0,3.94789,0.304373,0.36288,3.6288,61.308,0.216445,0,0,1.31163,0.19651,0.898675,0.66528,12.849,1,0.420046,0.36288,0,69.0474,3.88457,65.1057,0.84672,12.849,0.84672,3695.15,0,0.0036966,6.52534e-06,1.17608,1.47468,9.40291,0.960341,11.0933,0.42336,0.0018483,0.21168,0.0018483,0.21168,460.486,0,1.02816,0,0,2.20424,1.17608,1.028160,1,0,77.0977,0,0,0,77.0977,0
71.9571,2.32512,0,0,3.0457,0.322657,0.36288,3.6288,61.308,0.216751,0,0,1.30138,0.177331,0.9073,0.66528,12.849,1,0.415387,0.36288,0,58.7001,3.91104,54.7365,0.84672,12.849,0.84672,3695.15,0,0.0036966,6.53457e-06,1.33212,1.47504,8.38028,0.91289,10.2746,0.42336,0.0018483,0.21168,0.0018483,0.21168,460.486,0,1.02816,0,0,2.36028,1.33212,1.028160,1,0,65.9184,0,0,0,65.9184,0
72.29,2.41085,0,0,4.93564,0.33269,1.85923,3.6288,61.308,0.267138,0,0,2.73401,0.195984,2.27089,0.66528,12.849,1,0.430493,1.85923,0,81.9208,3.89349,79.456,0.84672,12.849,0.84672,3695.15,0,0.0036966,8.05361e-06,2.29096,1.47541,11.9407,0.86105,14.846,0.42336,0.0018483,0.21168,0.0018483,0.21168,460.486,0,1.02816,0,0,3.31912,2.29096,1.028160,1,0,96.5729,0,0,0,96.5729,0
72.29,2.41313,0,0,4.77555,0.335195,2.02723,3.6288,61.308,0.267456,0,0,2.756,0.199093,2.28946,0.66528,12.849,1,0.428915,2.02723,0,131.449,3.89057,129.157,0.84672,12.849,0.84672,3695.15,0,0.0036966,8.06321e-06,2.39744,1.53323,11.863,0.85241,14.9412,0.42336,0.0018483,0.21168,0.0018483,0.21168,460.486,0,1.02816,0,0,3.4256,2.39744,1.028160,1,0,146.387,0,0,0,146.387,0
72.29,2.41372,0,0,4.22236,0.335195,1.47344,3.6288,61.308,0.267775,0,0,2.9923,0.199093,2.52543,0.66528,12.849,1,0.42902,1.47344,0,86.8398,3.89057,83.9936,0.84672,12.849,0.84672,3695.15,0,0.0036966,8.07282e-06,2.75446,1.53361,11.194,0.85241,14.6296,0.42336,0.0018483,0.21168,0.0018483,0.21168,460.486,0,1.02816,0,0,3.78262,2.75446,1.028160,1,0,101.149,0,0,0,101.149,0
72.29,2.41431,0,0,5.89902,0.307105,3.1776,3.6288,61.308,0.268094,0,0,3.61732,0.212172,3.13705,0.66528,12.849,1,0.429126,3.1776,0,79.437,4.00588,78.1796,0.84672,12.849,0.84672,3695.15,0,0.0036966,8.08243e-06,3.97103,1.53399,12.2577,0.859295,16.9034,0.42336,0.0018483,0.21168,0.0018483,0.21168,460.486,0,1.02816,0,0,4.99919,3.97103,1.028160,1,0,98.22,0,0,0,98.22,0
72.29,2.38162,0,0,3.06698,0.273668,0.411692,3.6288,61.308,0.248943,0,0,1.44477,0.217114,0.978715,0.66528,12.849,1,0.423316,0.411692,0,49.5952,4.0366,45.5469,0.84672,12.849,0.84672,3695.15,0,0.0036966,7.50507e-06,1.39244,1.53436,6.74523,0.93543,8.7366,0.42336,0.0018483,0.21168,0.0018483,0.21168,460.486,0,1.02816,0,0,2.4206,1.39244,1.028160,1,0,55.2622,0,0,0,55.2622,0
71.562,2.38221,0,0,2.31835,0.301258,0.36288,3.6288,61.308,0.249257,0,0,1.08775,0.196297,0.642196,0.66528,12.849,1,0.42342,0.36288,0,42.2824,3.84342,38.3785,0.84672,12.849,0.84672,3695.15,0,0.0036966,7.51454e-06,1.03419,1.51235,6.06144,0.97962,7.62835,0.42336,0.0018483,0.21168,0.0018483,0.21168,460.486,0,1.02816,0,0,2.06235,1.03419,1.028160,1,0,46.649,0,0,0,46.649,0
71.9048,2.37914,0,0,3.38437,0.299594,0.36288,3.6288,61.308,0.249571,0,0,1.27285,0.196297,0.826986,0.66528,12.849,1,0.427176,0.36288,0,49.8372,3.84342,45.9295,0.84672,12.849,0.84672,3695.15,0,0.0036966,7.52401e-06,1.27729,1.51272,5.45838,0.97962,7.26877,0.42336,0.0018483,0.21168,0.0018483,0.21168,460.486,0,1.02816,0,0,2.30545,1.27729,1.028160,1,0,54.0253,0,0,0,54.0253,0
71.4231,2.38146,0,0,2.52515,0.262433,0.36288,3.6288,61.308,0.249885,0,0,1.16427,0.205222,0.709159,0.66528,12.849,1,0.425553,0.36288,0,48.3675,4.11432,44.1905,0.84672,12.849,0.84672,3695.15,0,0.0036966,7.53348e-06,1.04657,1.5131,4.8606,0.929472,6.49079,0.42336,0.0018483,0.21168,0.0018483,0.21168,460.486,0,1.02816,0,0,2.07473,1.04657,1.028160,1,0,51.3905,0,0,0,51.3905,0
70.4193,2.49249,0,0,2.09647,0.244913,0.36288,3.6288,61.308,0.319312,0,0,0.978877,0.215126,0.444439,0.66528,12.849,1,0.448398,0.36288,0,38.3816,4.31192,33.9842,0.84672,12.849,0.84672,3695.15,0,0.0036966,9.62656e-06,0.756233,1.51347,4.39066,0.948258,5.71209,0.42336,0.0018483,0.21168,0.0018483,0.21168,460.486,0,1.02816,0,0,1.78439,0.756233,1.028160,1,0,40.1407,0,0,0,40.1407,0
69.5128,2.48769,0,0,2.14686,0.202866,0.36288,3.6288,61.308,0.319644,0,0,0.763335,0.23583,0.207862,0.66528,12.849,1,0.453915,0.36288,0,38.5999,4.34291,34.166,0.84672,12.849,0.84672,3695.15,0,0.0036966,9.63654e-06,0.740949,1.5922,4.21321,1.17336,5.37299,0.42336,0.0018483,0.21168,0.0018483,0.21168,460.486,0,1.02816,0,0,1.76911,0.740949,1.028160,1,0,39.7468,0,0,0,39.7468,0
68.4737,2.48331,0,0,1.98619,0.179098,0.36288,3.6288,61.308,0.319975,0,0,0.776002,0.241185,0.214841,0.66528,12.849,1,0.459024,0.36288,0,34.9691,4.50544,30.3675,0.84672,12.849,0.84672,3695.15,0,0.0036966,9.64654e-06,0.744379,1.59259,4.15721,1.14327,5.35091,0.42336,0.0018483,0.21168,0.0018483,0.21168,460.486,0,1.02816,0,0,1.77254,0.744379,1.028160,1,0,35.9333,0,0,0,35.9333,0
67.3794,2.47805,0,0,1.92432,0.177655,0.36288,3.6288,61.308,0.320306,0,0,0.813154,0.241185,0.251662,0.66528,12.849,1,0.465003,0.36288,0,33.1809,4.50544,28.5733,0.84672,12.849,0.84672,3695.15,0,0.0036966,9.65653e-06,0.67989,1.59298,4.31543,1.14327,5.44503,0.42336,0.0018483,0.21168,0.0018483,0.21168,460.486,0,1.02816,0,0,1.70805,0.67989,1.028160,1,0,34.27,0,0,0,34.27,0
66.1702,2.47232,0,0,1.80212,0.176136,0.36288,3.6288,61.308,0.320638,0,0,0.750151,0.241185,0.188327,0.66528,12.849,1,0.471461,0.36288,0,31.0999,4.50544,26.4859,0.84672,12.849,0.84672,3695.15,0,0.0036966,9.66652e-06,0.524932,1.59337,3.91008,1.14327,4.8851,0.42336,0.0018483,0.21168,0.0018483,0.21168,460.486,0,1.02816,0,0,1.55309,0.524932,1.028160,1,0,31.5593,0,0,0,31.5593,0
65.1029,2.44362,0,0,1.88881,0.149586,0.36288,3.6288,61.308,0.359002,0,0,0.95351,0.223951,0.370557,0.66528,12.849,1,0.474505,0.36288,0,34.3666,4.50248,29.7525,0.84672,12.849,0.84672,3695.15,0,0.0036966,1.08231e-05,0.92823,1.59377,4.6338,1.09885,6.05693,0.42336,0.0018483,0.21168,0.0018483,0.21168,460.486,0,1.02816,0,0,1.95639,0.92823,1.028160,1,0,36.1799,0,0,0,36.1799,0
63.903,2.43772,0,0,1.74487,0.144205,0.36288,3.6288,61.308,0.359343,0,0,0.985496,0.221079,0.405074,0.66528,12.849,1,0.48112,0.36288,0,34.883,4.50198,30.2627,0.84672,12.849,0.84672,3695.15,0,0.0036966,1.08334e-05,1.00703,1.6186,4.60546,1.09145,6.13962,0.42336,0.0018483,0.21168,0.0018483,0.21168,460.486,0,1.02816,0,0,2.03519,1.00703,1.028160,1,0,36.8074,0,0,0,36.8074,0
62.5452,2.4308,0,0,1.57871,0.142816,0.36288,3.6288,61.308,0.359684,0,0,0.914587,0.221079,0.333825,0.66528,12.849,1,0.488762,0.36288,0,31.3252,4.50198,26.6973,0.84672,12.849,0.84672,3695.15,0,0.0036966,1.08437e-05,0.754583,1.619,4.41705,1.09145,5.69917,0.42336,0.0018483,0.21168,0.0018483,0.21168,460.486,0,1.02816,0,0,1.78274,0.754583,1.028160,1,0,32.7303,0,0,0,32.7303,0
61.149,2.42259,0,0,1.50406,0.114795,0.36288,3.6288,61.308,0.360025,0,0,0.865348,0.286893,0.21843,0.66528,12.849,1,0.497686,0.36288,0,28.3783,5.34888,22.8947,0.84672,12.849,0.84672,3695.15,0,0.0036966,1.08539e-05,0.763301,1.6194,4.18488,1.40059,5.16698,0.42336,0.0018483,0.21168,0.0018483,0.21168,460.486,0,1.02816,0,0,1.79146,0.763301,1.028160,1,0,28.2801,0,0,0,28.2801,0
59.5915,2.47012,0,0,1.38792,0.112417,0.36288,3.6288,61.308,0.394294,0,0,0.764804,0.299931,0.0705791,0.66528,12.849,1,0.519038,0.36288,0,26.5161,5.59268,20.7672,0.84672,12.849,0.84672,3695.15,0,0.0036966,1.18871e-05,0.583684,1.61979,3.74924,1.46115,4.49156,0.42336,0.0018483,0.21168,0.0018483,0.21168,460.486,0,1.02816,0,0,1.61184,0.583684,1.028160,1,0,25.3294,0,0,0,25.3294,0
58.0386,2.45957,0,0,1.38473,0.1152,0.36288,3.6288,61.3024,0.394644,0,0,0.691692,0.302688,0,0.66528,12.849,1,0.530327,0.36288,0,25.266,5.72954,19.369,0.84672,12.849,0.84672,3695.15,0,0.0036966,1.18976e-05,0.426928,1.65918,3.19709,1.47319,3.81,0.42336,0.0018483,0.21168,0.0018483,0.21168,460.486,0,1.02816,0,0,1.45509,0.426928,1.028160,1,0,23.179,0,0,0,23.179,0
56.3592,2.44855,0,0,1.24556,0.113482,0.36288,3.6288,61.2535,0.394993,0,0,0.648804,0.302677,0,0.66528,12.849,1,0.542078,0.36288,0,23.812,5.72954,17.9033,0.84672,12.849,0.84672,3695.15,0,0.0036966,1.19093e-05,0.380437,1.65959,3.26382,1.47319,3.83064,0.42336,0.0018483,0.21168,0.0018483,0.21168,460.486,0,1.02816,0,0,1.4086,0.380437,1.028160,1,0,21.7339,0,0,0,21.7339,0
54.5822,2.43599,0,0,1.1335,0.111625,0.36288,3.6288,61.178,0.395343,0,0,0.622417,0.302584,0,0.66528,12.849,1,0.555368,0.36288,0,22.3654,5.72954,16.4434,0.84672,12.849,0.84672,3695.15,0,0.0036966,1.19293e-05,0.247363,1.66,3.03426,1.47319,3.46841,0.42336,0.0018483,0.21168,0.0018483,0.21168,460.486,0,1.02816,0,0,1.27552,0.247363,1.028160,1,0,19.9118,0,0,0,19.9118,0
52.5202,2.5837,0,0,0.980839,0.0962909,0.36288,3.6288,60.97,0.518278,0,0,0.619809,0.3095,0,0.66528,12.849,1,0.60822,0.36288,0,21.3391,5.97135,15.1224,0.84672,12.849,0.84672,3695.15,0,0.0036966,1.56581e-05,0.233384,1.6604,3.07476,1.50324,3.46529,0.42336,0.0018483,0.21168,0.0018483,0.21168,460.486,0,1.02816,0,0,1.26154,0.233384,1.028160,1,0,18.5877,0,0,0,18.5877,0
50.5844,2.56514,0,0,1.11708,0.124795,0.36288,3.6288,60.6894,0.518657,0,0,0.576172,0.338123,0,0.66528,12.849,1,0.62756,0.36288,0,19.68,6.29674,13.1186,0.84672,12.849,0.84672,3695.15,0,0.0036966,1.5723e-05,0.348045,1.79297,2.6283,1.58551,3.18378,0.42336,0.0018483,0.21168,0.0018483,0.21168,460.486,0,1.02816,0,0,1.37621,0.348045,1.028160,1,0,16.3024,0,0,0,16.3024,0
48.4725,2.54662,0,0,0.919901,0.122307,0.36288,3.6288,60.3178,0.5356,0,0,0.501487,0.337521,0,0.66528,12.849,1,0.646869,0.36288,0,24.4317,6.29674,17.8509,0.84672,12.849,0.84672,3695.15,0,0.0036966,1.63117e-05,0.204422,1.79341,2.34484,1.58551,2.75714,0.42336,0.0018483,0.21168,0.0018483,0.21168,460.486,0,1.0116,0,0,1.21602,0.204422,1.028160,1,0,20.6081,0,0,0,20.6081,0
46.4828,2.52496,0,0,1.01765,0.119579,0.36288,3.6288,60.1505,0.519417,0,0,0.688892,0.336725,0,0.66528,12.849,1,0.66931,0.36288,0,20.9469,6.29674,14.3437,0.84672,12.849,0.84672,3695.15,0,0.0036966,1.59164e-05,0.563708,1.79385,2.80213,1.58551,3.57416,0.42336,0.0018483,0.21168,0.0018483,0.21168,460.486,0,1.02816,0,0,1.59187,0.563708,1.028160,1,0,17.9179,0,0,0,17.9179,0
44.4429,2.50312,0,0,0.945138,0.118999,0.36288,3.6288,59.8617,0.519797,0,0,0.553692,0.322679,0,0.66528,12.849,1,0.691926,0.36288,0,20.0964,5.92706,13.8403,0.84672,12.849,0.84672,3695.15,0,0.0036966,1.59723e-05,0.437599,1.79429,3.18362,1.44161,3.97389,0.42336,0.0018483,0.21168,0.0018483,0.21168,460.486,0,1.02816,0,0,1.46576,0.437599,1.028160,1,0,17.8142,0,0,0,17.8142,0
42.4543,2.40345,0,0,0.908306,0.13055,0.36288,3.6288,59.6349,0.445681,0,0,0.517866,0.299022,0,0.66528,12.849,1,0.694868,0.36288,0,15.9128,5.77953,9.80129,0.84672,12.849,0.84672,3695.15,0,0.0036966,1.37609e-05,0.43772,1.79473,3.2382,1.3788,4.09184,0.42336,0.0018483,0.21168,0.0018483,0.21168,460.486,0,1.02816,0,0,1.46588,0.43772,1.028160,1,0,13.8931,0,0,0,13.8931,0
40.3302,2.37905,0,0,0.749118,0.131258,0.36288,3.6288,59.3746,0.446043,0,0,0.488754,0.303021,0,0.66528,12.849,1,0.72003,0.36288,0,24.6078,6.09021,18.1604,0.84672,12.849,0.84672,3695.15,0,0.0036966,1.38245e-05,0.581619,1.71934,2.67828,1.49759,3.48164,0.42336,0.0018483,0.21168,0.0018483,0.21168,460.486,0,1.02816,0,0,1.60978,0.581619,1.028160,1,0,21.642,0,0,0,21.642,0
37.9334,2.35086,0,0,0.444911,0.12802,0.36288,3.6288,58.6592,0.746826,0,0,0.333958,0.302517,0,0.66528,12.849,1,0.748972,0.36288,0,17.1075,6.09021,10.6312,0.84672,12.849,0.84672,3695.15,0,0.0036966,2.32483e-05,0.216518,1.71977,1.74099,1.49759,2.17966,0.42336,0.0018483,0.21168,0.0018483,0.21168,460.486,0,0.72773,0,0,0.944248,0.216518,1.028160,1,0,12.8109,0,0,0,12.8109,0
35.758,2.27143,0,0,0.614377,0.155472,0.36288,3.6288,58.1544,0.66163,0,0,0.458205,0.301368,0,0.66528,12.849,1,0.769391,0.36288,0,18.0056,5.8155,11.7836,0.84672,12.849,0.84672,3695.15,0,0.0036966,2.08474e-05,0.216518,1.72019,2.33683,1.4463,2.82721,0.42336,0.0018483,0.21168,0.0018483,0.21168,460.486,0,0.873063,0,0,1.08958,0.216518,1.028160,1,0,14.6108,0,0,0,14.6108,0
34.605,2.22259,0,0,1.64022,0.207731,0.36288,3.6288,58.4134,0.379253,0,0,0.938593,0.300394,0,0.66528,12.849,1,0.798647,0.36288,0,30.8939,5.24018,25.2179,0.84672,12.849,0.84672,3695.15,0,0.0036966,1.20536e-05,2.08222,1.75559,5.21568,1.29597,7.75752,0.42336,0.0018483,0.21168,0.0018483,0.21168,460.486,0,1.02816,0,0,3.11038,2.08222,1.028160,1,0,32.9755,0,0,0,32.9755,0
32.8708,2.20372,0,0,1.04694,0.21451,0.36288,3.6288,58.8359,0.379598,0,0,1.05489,0.252714,0,0.66528,12.849,1,0.818251,0.36288,0,43.4483,4.76438,38.2286,0.84672,12.849,0.84672,3695.15,0,0.0036966,1.20112e-05,2.13835,1.65358,4.48414,1.21426,7.06179,0.42336,0.0018483,0.21168,0.0018483,0.21168,460.486,0,1.02816,0,0,3.16651,2.13835,1.028160,1,0,45.2904,0,0,0,45.2904,0
31.2917,2.17599,0,0,1.16974,0.209976,0.36288,3.6288,59.3917,0.379944,0,0,1.18916,0.253402,0,0.66528,12.849,1,0.84672,0.36288,0,26.6345,4.76438,21.3863,0.84672,12.849,0.84672,3695.15,0,0.0036966,1.19357e-05,2.59875,1.65398,4.80203,1.21426,7.84048,0.42336,0.0018483,0.21168,0.0018483,0.21168,460.486,0,1.02816,0,0,3.62691,2.59875,1.028160,1,0,29.2268,0,0,0,29.2268,0
33.3917,2.17672,0,0,4.82929,0.189756,0.36288,3.6288,60.8555,0.38029,0,0,2.0715,0.227425,0,0.66528,12.849,1,0.84672,0.36288,0,77.3135,4.1479,72.6817,0.84672,12.849,0.84672,3695.15,0,0.0036966,1.18348e-05,4.83386,1.65439,13.6305,1.2176,18.9011,0.42336,0.0018483,0.21168,0.0018483,0.21168,460.486,0,1.02816,0,0,5.86202,4.83386,1.028160,1,0,91.5828,0,0,0,91.5828,0
33.6796,2.01938,0,0,2.88632,0.216143,0.36288,3.6288,61.308,0.23913,0,0,1.79276,0.196371,0.90479,0.66528,12.849,1,0.777052,0.36288,0,77.005,3.44673,73.1441,0.84672,12.849,0.84672,3695.15,0,0.0036966,7.26284e-06,3.87795,1.65479,11.6106,1.03814,16.1052,0.42336,0.0018483,0.21168,0.0018483,0.21168,460.486,0,1.02816,0,0,4.90611,3.87795,1.028160,1,0,90.1541,0,0,0,90.1541,0
33.7031,2.02469,0,0,2.61706,0.206009,0.36288,3.6288,61.308,0.239441,0,0,3.26047,0.216709,2.80432,0.66528,12.849,1,0.772434,0.36288,0,107.833,4.66672,102.757,0.84672,12.849,0.84672,3695.15,0,0.0036966,7.21862e-06,4.83456,1.50319,11.877,1.09164,17.1231,0.42336,0.0018483,0.21168,0.0018483,0.21168,460.486,0,1.02816,0,0,5.86272,4.83456,1.028160,1,0,122.684,0,0,0,122.684,0
35.7284,1.83247,0,0,4.42676,0.206068,0.36288,3.6288,61.308,0.506488,0,0,4.24667,0.216709,3.52348,0.66528,12.849,1,0.698612,0.36288,0,95.5299,4.66672,90.5274,0.84672,12.849,0.84672,3695.15,0,0.0036966,1.52695e-05,7.18528,1.50356,14.4739,1.09164,22.0711,0.42336,0.0018483,0.21168,0.0018483,0.21168,460.486,0,1.02816,0,0,8.21344,7.18528,1.028160,1,0,116.122,0,0,0,116.122,0
38.2311,1.86233,0,0,4.93909,0.211212,0.36288,3.6288,61.308,0.506488,0,0,4.02182,0.216709,3.29863,0.66528,12.849,1,0.66975,0.36288,0,113.336,4.66672,108.362,0.84672,12.849,0.84672,3695.15,0,0.0036966,1.52695e-05,6.83122,1.66002,14.4554,1.09164,21.855,0.42336,0.0018483,0.21168,0.0018483,0.21168,460.486,0,1.02816,0,0,7.85938,6.83122,1.028160,1,0,133.516,0,0,0,133.516,0
43.5608,1.89589,0,0,7.82206,0.233575,0.36288,3.6288,61.308,0.506488,0,0,6.55856,0.201003,5.85107,0.66528,12.849,1,0.637187,0.36288,0,129.1,3.65979,125.166,0.84672,12.849,0.84672,3695.15,0,0.0036966,1.52695e-05,6.80124,1.66021,20.5015,1.02588,27.9371,0.42336,0.0018483,0.21168,0.0018483,0.21168,460.486,0,1.02816,0,0,7.8294,6.80124,1.028160,1,0,158.954,0,0,0,158.954,0
46.7484,2.22985,0,0,6.02825,0.247939,0.36288,3.6288,61.308,0.281704,0,0,4.55702,0.231602,4.04372,0.66528,12.849,1,0.657733,0.36288,0,121.821,4.55147,116.974,0.84672,12.849,0.84672,3695.15,0,0.0036966,8.49275e-06,5.31952,1.6604,15.6878,1.12534,21.5424,0.42336,0.0018483,0.21168,0.0018483,0.21168,460.486,0,1.02816,0,0,6.34768,5.31952,1.028160,1,0,142.56,0,0,0,142.56,0
47.6586,2.26557,0,0,3.78774,0.249096,0.36288,3.6288,61.308,0.282012,0,0,2.23946,0.256964,1.70049,0.66528,12.849,1,0.622702,0.36288,0,90.4504,5.24086,84.9497,0.84672,12.849,0.84672,3695.15,0,0.0036966,8.50204e-06,2.6722,1.55316,10.429,1.18462,13.4697,0.42336,0.0018483,0.21168,0.0018483,0.21168,460.486,0,1.02816,0,0,3.70036,2.6722,1.028160,1,0,100.12,0,0,0,100.12,0
47.7417,2.27547,0,0,2.97311,0.251604,0.36288,3.6288,61.308,0.282321,0,0,1.82006,0.256964,1.28077,0.66528,12.849,1,0.61348,0.36288,0,86.8329,5.24086,81.3414,0.84672,12.849,0.84672,3695.15,0,0.0036966,8.51134e-06,2.07871,1.55352,8.33846,1.18462,10.7861,0.42336,0.0018483,0.21168,0.0018483,0.21168,460.486,0,1.02816,0,0,3.10687,2.07871,1.028160,1,0,93.4082,0,0,0,93.4082,0
47.6568,2.27685,0,0,2.80928,0.254458,0.36288,3.6288,61.308,0.282629,0,0,1.57006,0.228027,1.0594,0.66528,12.849,1,0.612782,0.36288,0,65.353,4.42068,60.6824,0.84672,12.849,0.84672,3695.15,0,0.0036966,8.52063e-06,1.61276,1.55389,6.03817,0.986677,8.21813,0.42336,0.0018483,0.21168,0.0018483,0.21168,460.486,0,1.02816,0,0,2.64092,1.61276,1.028160,1,0,69.9599,0,0,0,69.9599,0
46.6031,2.49857,0,0,2.06939,0.261589,0.36288,3.6288,61.308,0.437091,0,0,2.12721,0.192516,1.4976,0.66528,12.849,1,0.673653,0.36288,0,55.985,3.99327,51.6809,0.84672,12.849,0.84672,3695.15,0,0.0036966,1.31773e-05,1.8194,1.55426,5.96053,1.04935,8.28483,0.42336,0.0018483,0.21168,0.0018483,0.21168,460.486,0,1.02816,0,0,2.84756,1.8194,1.028160,1,0,61.4633,0,0,0,61.4633,0
47.9653,2.48722,0,0,4.47314,0.260873,0.36288,3.6288,61.308,0.437436,0,0,1.97174,0.21199,1.32232,0.66528,12.849,1,0.685753,0.36288,0,94.9571,4.10802,90.5262,0.84672,12.849,0.84672,3695.15,0,0.0036966,1.31877e-05,1.72965,1.72656,10.216,1.11004,12.5622,0.42336,0.0018483,0.21168,0.0018483,0.21168,460.486,0,1.02816,0,0,2.75781,1.72965,1.028160,1,0,104.411,0,0,0,104.411,0
46.8602,2.50317,0,0,2.02577,0.26481,0.36288,3.6288,61.308,0.43778,0,0,1.27387,0.21199,0.624103,0.66528,12.849,1,0.670551,0.36288,0,49.5984,4.10802,45.1827,0.84672,12.849,0.84672,3695.15,0,0.0036966,1.31981e-05,0.742297,1.72696,6.26645,1.11004,7.62565,0.42336,0.0018483,0.21168,0.0018483,0.21168,460.486,0,1.02816,0,0,1.77046,0.742297,1.028160,1,0,53.4324,0,0,0,53.4324,0
45.8266,2.49134,0,0,2.04879,0.228177,0.36288,3.6288,61.308,0.438125,0,0,1.14197,0.226408,0.477433,0.66528,12.849,1,0.683122,0.36288,0,44.8019,4.02055,40.4611,0.84672,12.849,0.84672,3695.15,0,0.0036966,1.32085e-05,0.628076,1.72737,6.43972,1.05146,7.74369,0.42336,0.0018483,0.21168,0.0018483,0.21168,460.486,0,1.02816,0,0,1.65624,0.628076,1.028160,1,0,48.6823,0,0,0,48.6823,0
45.2941,2.16555,0,0,2.22362,0.227711,0.36288,3.6288,61.308,0.2314,0,0,1.94168,0.221052,1.48922,0.66528,12.849,1,0.607183,0.36288,0,54.4738,3.93465,50.2949,0.84672,12.849,0.84672,3695.15,0,0.0036966,6.97618e-06,1.31029,1.72778,7.89714,1.04404,9.89116,0.42336,0.0018483,0.21168,0.0018483,0.21168,460.486,0,1.02816,0,0,2.33845,1.31029,1.028160,1,0,61.6752,0,0,0,61.6752,0
46.5359,2.16049,0,0,4.00432,0.239123,0.36288,3.6288,61.308,0.231696,0,0,1.88256,0.188911,1.46195,0.66528,12.849,1,0.612888,0.36288,0,68.8247,3.41922,65.1555,0.84672,12.849,0.84672,3695.15,0,0.0036966,6.98511e-06,2.13415,1.49277,9.73996,0.999563,12.3673,0.42336,0.0018483,0.21168,0.0018483,0.21168,460.486,0,1.02816,0,0,3.16231,2.13415,1.028160,1,0,78.9847,0,0,0,78.9847,0
49.3787,1.95873,0,0,5.40684,0.242461,0.36288,3.6288,61.308,0.506473,0,0,3.71397,0.188911,3.01859,0.66528,12.849,1,0.540824,0.36288,0,106.88,3.41922,103.283,0.84672,12.849,0.84672,3695.15,0,0.0036966,1.5269e-05,3.86075,1.49312,17.786,0.999563,22.1402,0.42336,0.0018483,0.21168,0.0018483,0.21168,460.486,0,1.02816,0,0,4.88891,3.86075,1.028160,1,0,128.442,0,0,0,128.442,0
51.2457,2.20176,0,0,4.68172,0.250105,0.36288,3.6288,61.308,0.232288,0,0,2.10937,0.188911,1.68817,0.66528,12.849,1,0.572929,0.36288,0,90.5213,3.41922,86.892,0.84672,12.849,0.84672,3695.15,0,0.0036966,7.00298e-06,2.4153,1.6541,10.812,0.999563,13.8818,0.42336,0.0018483,0.21168,0.0018483,0.21168,460.486,0,1.02816,0,0,3.44346,2.4153,1.028160,1,0,102.462,0,0,0,102.462,0
52.7475,2.21898,0,0,4.38616,0.302472,0.36288,3.6288,61.308,0.232585,0,0,1.92389,0.113118,1.57819,0.66528,12.849,1,0.556372,0.36288,0,66.6092,2.55014,63.8656,0.84672,12.849,0.84672,3695.15,0,0.0036966,7.01192e-06,2.1704,1.49382,9.51627,0.75802,12.4225,0.42336,0.0018483,0.21168,0.0018483,0.21168,460.486,0,1.02816,0,0,3.19856,2.1704,1.028160,1,0,77.8662,0,0,0,77.8662,0
55.7568,2.3138,0,0,5.9344,0.248376,0.36288,3.6288,61.308,0.283598,0,0,2.85935,0.18544,2.39031,0.66528,12.849,1,0.56363,0.36288,0,114.484,3.6972,110.586,0.84672,12.849,0.84672,3695.15,0,0.0036966,8.54986e-06,2.97315,1.49417,13.7525,1.10756,17.1123,0.42336,0.0018483,0.21168,0.0018483,0.21168,460.486,0,1.02816,0,0,4.00131,2.97315,1.028160,1,0,130.089,0,0,0,130.089,0
58.539,2.33908,0,0,5.71782,0.233671,0.36288,3.6288,61.308,0.283907,0,0,3.35468,0.202708,2.86806,0.66528,12.849,1,0.539034,0.36288,0,111.697,3.89687,107.624,0.84672,12.849,0.84672,3695.15,0,0.0036966,8.55916e-06,3.65761,1.55272,14.6417,1.17674,18.6753,0.42336,0.0018483,0.21168,0.0018483,0.21168,460.486,0,1.02816,0,0,4.68577,3.65761,1.028160,1,0,129.167,0,0,0,129.167,0
59.7933,2.36064,0,0,4.21793,0.240151,0.36288,3.6288,61.308,0.284215,0,0,2.48918,0.202708,2.00226,0.66528,12.849,1,0.518148,0.36288,0,80.2025,3.89687,76.1504,0.84672,12.849,0.84672,3695.15,0,0.0036966,8.56846e-06,2.04222,1.55308,10.3739,1.17674,12.7924,0.42336,0.0018483,0.21168,0.0018483,0.21168,460.486,0,1.02816,0,0,3.07038,2.04222,1.028160,1,0,90.9451,0,0,0,90.9451,0
60.5729,2.37015,0,0,3.72657,0.213964,0.36288,3.6288,61.308,0.284524,0,0,2.08068,0.216165,1.58,0.66528,12.849,1,0.509322,0.36288,0,70.3089,4.00907,66.1534,0.84672,12.849,0.84672,3695.15,0,0.0036966,8.57776e-06,1.75252,1.55345,8.96556,1.19085,11.0807,0.42336,0.0018483,0.21168,0.0018483,0.21168,460.486,0,1.02816,0,0,2.78068,1.75252,1.028160,1,0,78.814,0,0,0,78.814,0
61.106,2.34337,0,0,3.46878,0.229415,0.36288,3.6288,61.308,0.265116,0,0,1.8798,0.219478,1.3952,0.66528,12.849,1,0.497086,0.36288,0,67.8119,4.32418,63.3535,0.84672,12.849,0.84672,3695.15,0,0.0036966,7.99266e-06,1.41679,1.55381,8.26044,1.17681,10.0542,0.42336,0.0018483,0.21168,0.0018483,0.21168,460.486,0,1.02816,0,0,2.44495,1.41679,1.028160,1,0,74.8029,0,0,0,74.8029,0
61.5424,2.3475,0,0,3.3527,0.205899,0.36288,3.6288,61.308,0.26542,0,0,1.55003,0.2238,1.06081,0.66528,12.849,1,0.493619,0.36288,0,66.7233,4.41725,62.1753,0.84672,12.849,0.84672,3695.15,0,0.0036966,8.00182e-06,0.732179,1.53151,8.02388,1.17201,9.11555,0.42336,0.0018483,0.21168,0.0018483,0.21168,460.486,0,1.02816,0,0,1.76034,0.732179,1.028160,1,0,72.3516,0,0,0,72.3516,0
61.7412,2.35095,0,0,3.10859,0.195946,0.36288,3.6288,61.308,0.265724,0,0,1.44041,0.229544,0.945141,0.66528,12.849,1,0.490838,0.36288,0,61.7299,4.39872,57.2033,0.84672,12.849,0.84672,3695.15,0,0.0036966,8.01099e-06,0.772693,1.53187,6.96099,1.16178,8.10376,0.42336,0.0018483,0.21168,0.0018483,0.21168,460.486,0,1.02816,0,0,1.80085,0.772693,1.028160,1,0,66.2522,0,0,0,66.2522,0
61.6351,2.35281,0,0,2.74152,0.131972,0.36288,3.6288,61.308,0.266028,0,0,1.35765,0.264007,0.827611,0.66528,12.849,1,0.489645,0.36288,0,57.2143,4.28757,52.8,0.84672,12.849,0.84672,3695.15,0,0.0036966,8.02016e-06,1.06696,1.53223,6.62425,1.10036,8.12307,0.42336,0.0018483,0.21168,0.0018483,0.21168,460.486,0,1.02816,0,0,2.09512,1.06696,1.028160,1,0,61.7507,0,0,0,61.7507,0
60.94,2.46427,0,0,2.26398,0.131856,0.36288,3.6288,61.308,0.336318,0,0,1.26186,0.264007,0.661538,0.66528,12.849,1,0.513724,0.36288,0,31.2131,4.28757,26.7747,0.84672,12.849,0.84672,3695.15,0,0.0036966,1.01392e-05,0.898517,1.53259,5.69565,1.10036,7.02638,0.42336,0.0018483,0.21168,0.0018483,0.21168,460.486,0,1.02816,0,0,1.92668,0.898517,1.028160,1,0,34.4626,0,0,0,34.4626,0
60.3257,2.46001,0,0,2.34537,0.136811,0.36288,3.6288,61.308,0.336639,0,0,1.13638,0.243776,0.555961,0.66528,12.849,1,0.518685,0.36288,0,43.4119,4.08914,39.167,0.84672,12.849,0.84672,3695.15,0,0.0036966,1.01489e-05,0.478518,1.61229,4.98551,1.12451,5.95181,0.42336,0.0018483,0.21168,0.0018483,0.21168,460.486,0,1.02816,0,0,1.50668,0.478518,1.028160,1,0,45.6748,0,0,0,45.6748,0
59.5409,2.45623,0,0,2.14247,0.10822,0.36288,3.6288,61.308,0.336959,0,0,1.12678,0.247425,0.542392,0.66528,12.849,1,0.523162,0.36288,0,38.7998,4.20284,34.4367,0.84672,12.849,0.84672,3695.15,0,0.0036966,1.01586e-05,0.478138,1.61267,4.76221,1.08898,5.76403,0.42336,0.0018483,0.21168,0.0018483,0.21168,460.486,0,1.02816,0,0,1.5063,0.478138,1.028160,1,0,40.7431,0,0,0,40.7431,0
58.7194,2.45113,0,0,2.09998,0.107412,0.36288,3.6288,61.308,0.33728,0,0,1.21866,0.247425,0.633958,0.66528,12.849,1,0.528958,0.36288,0,37.1689,4.20284,32.8,0.84672,12.849,0.84672,3695.15,0,0.0036966,1.01682e-05,0.449703,1.61305,5.13144,1.08898,6.10521,0.42336,0.0018483,0.21168,0.0018483,0.21168,460.486,0,1.02816,0,0,1.47786,0.449703,1.028160,1,0,39.5392,0,0,0,39.5392,0
57.7643,2.44564,0,0,1.95999,0.106565,0.36288,3.6288,61.308,0.337601,0,0,1.1137,0.247425,0.528679,0.66528,12.849,1,0.535155,0.36288,0,34.7461,4.20284,30.371,0.84672,12.849,0.84672,3695.15,0,0.0036966,1.01779e-05,0.34363,1.61343,4.54395,1.08898,5.41202,0.42336,0.0018483,0.21168,0.0018483,0.21168,460.486,0,1.02816,0,0,1.37179,0.34363,1.028160,1,0,36.3117,0,0,0,36.3117,0
56.6931,2.41713,0,0,1.79976,0.090992,0.36288,3.6288,61.308,0.376432,0,0,0.938416,0.227183,0.334801,0.66528,12.849,1,0.537662,0.36288,0,32.53,4.44816,27.9071,0.84672,12.849,0.84672,3695.15,0,0.0036966,1.13486e-05,0.50538,1.61381,4.54463,1.08186,5.58195,0.42336,0.0018483,0.21168,0.0018483,0.21168,460.486,0,1.02816,0,0,1.53354,0.50538,1.028160,1,0,33.8238,0,0,0,33.8238,0
55.4929,2.40941,0,0,1.6564,0.0842656,0.36288,3.6288,61.308,0.376762,0,0,0.816463,0.219087,0.220614,0.66528,12.849,1,0.546072,0.36288,0,31.1107,4.54629,26.3812,0.84672,12.849,0.84672,3695.15,0,0.0036966,1.13585e-05,0.355666,1.63894,4.25402,1.07901,5.1696,0.42336,0.0018483,0.21168,0.0018483,0.21168,460.486,0,1.02816,0,0,1.38383,0.355666,1.028160,1,0,31.7714,0,0,0,31.7714,0
54.1819,2.40038,0,0,1.5231,0.0708789,0.36288,3.6288,61.308,0.377092,0,0,0.779518,0.251994,0.150432,0.66528,12.849,1,0.555792,0.36288,0,27.5806,4.96974,22.418,0.84672,12.849,0.84672,3695.15,0,0.0036966,1.13685e-05,0.348771,1.63932,4.09328,1.23358,4.84778,0.42336,0.0018483,0.21168,0.0018483,0.21168,460.486,0,1.02816,0,0,1.37693,0.348771,1.028160,1,0,27.4162,0,0,0,27.4162,0
52.8068,2.39007,0,0,1.43147,0.0536494,0.36288,3.6288,61.308,0.377422,0,0,0.727186,0.29587,0.0538932,0.66528,12.849,1,0.566795,0.36288,0,24.484,5.53434,18.7458,0.84672,12.849,0.84672,3695.15,0,0.0036966,1.13784e-05,0.32324,1.63971,3.94054,1.43967,4.46381,0.42336,0.0018483,0.21168,0.0018483,0.21168,460.486,0,1.02816,0,0,1.3514,0.32324,1.028160,1,0,23.2635,0,0,0,23.2635,0
51.2821,2.43427,0,0,1.32792,0.055383,0.36288,3.6288,61.2554,0.412106,0,0,0.65892,0.299442,0,0.66528,12.849,1,0.59231,0.36288,0,23.9663,5.53257,18.2043,0.84672,12.849,0.84672,3695.15,0,0.0036966,1.24241e-05,0.2768,1.64009,3.51419,1.44579,3.98528,0.42336,0.0018483,0.21168,0.0018483,0.21168,460.486,0,1.02816,0,0,1.30496,0.2768,1.028160,1,0,22.1896,0,0,0,22.1896,0
49.8107,2.42076,0,0,1.37286,0.0606204,0.36288,3.6288,61.1373,0.412444,0,0,0.602638,0.308268,0,0.66528,12.849,1,0.606533,0.36288,0,22.6302,5.52814,16.8584,0.84672,12.849,0.84672,3695.15,0,0.0036966,1.2445e-05,0.27826,1.67996,2.99024,1.4611,3.48735,0.42336,0.0018483,0.21168,0.0018483,0.21168,460.486,0,1.02816,0,0,1.30642,0.27826,1.028160,1,0,20.3458,0,0,0,20.3458,0
48.2159,2.40708,0,0,1.23485,0.0596898,0.36288,3.6288,60.9817,0.412783,0,0,0.565269,0.308038,0,0.66528,12.849,1,0.620922,0.36288,0,21.3278,5.52814,15.5417,0.84672,12.849,0.84672,3695.15,0,0.0036966,1.24792e-05,0.236529,1.68035,3.05263,1.4611,3.5084,0.42336,0.0018483,0.21168,0.0018483,0.21168,460.486,0,1.02816,0,0,1.26469,0.236529,1.028160,1,0,19.0501,0,0,0,19.0501,0
46.5267,2.39142,0,0,1.12377,0.0586732,0.36288,3.6288,60.6928,0.523468,0,0,0.542289,0.307735,0,0.66528,12.849,1,0.637287,0.36288,0,20.0323,5.52814,14.2297,0.84672,12.849,0.84672,3695.15,0,0.0036966,1.58658e-05,0.227405,1.68075,2.83793,1.4611,3.28496,0.42336,0.0018483,0.21168,0.0018483,0.21168,460.486,0,0.91781,0,0,1.14521,0.227405,1.028160,1,0,17.5147,0,0,0,17.5147,0
44.5586,2.53239,0,0,0.972415,0.0453175,0.36288,3.6288,60.2582,0.660457,0,0,0.540015,0.31421,0,0.66528,12.849,1,0.699354,0.36288,0,19.1129,5.76996,13.0065,0.84672,12.849,0.84672,3695.15,0,0.0036966,2.01131e-05,0.227405,1.68114,2.87582,1.49115,3.29319,0.42336,0.0018483,0.21168,0.0018483,0.21168,460.486,0,0.905273,0,0,1.13268,0.227405,1.028160,1,0,16.2996,0,0,0,16.2996,0
42.5035,2.509,0,0,0.88242,0.0655739,0.36288,3.6288,59.6616,0.778887,0,0,0.479403,0.297102,0,0.66528,12.849,1,0.723499,0.36288,0,17.0247,5.63113,11.0329,0.84672,12.849,0.84672,3695.15,0,0.0036966,2.38908e-05,0.227405,1.81535,1.88034,1.49426,2.42881,0.42336,0.0018483,0.21168,0.0018483,0.21168,460.486,0,0.787208,0,0,1.01461,0.227405,1.028160,1,0,13.4617,0,0,0,13.4617,0
40.3809,2.48272,0,0,0.789255,0.0662963,0.36288,3.6288,58.9577,0.830272,0,0,0.421678,0.295255,0,0.66528,12.849,1,0.750536,0.36288,0,15.0755,5.62789,9.05995,0.84672,12.849,0.84672,3695.15,0,0.0036966,2.57216e-05,0.204422,1.81577,1.69166,1.51702,2.19481,0.42336,0.0018483,0.21168,0.0018483,0.21168,460.486,0,0.736188,0,0,0.940611,0.204422,1.028160,1,0,11.2548,0,0,0,11.2548,0
38.3573,2.45336,0,0,0.857278,0.0646627,0.36288,3.6288,58.2669,0.823633,0,0,0.426679,0.293928,0,0.66528,12.849,1,0.780647,0.36288,0,14.4083,5.62789,8.36266,0.84672,12.849,0.84672,3695.15,0,0.0036966,2.58205e-05,0.204422,1.8162,1.79682,1.51702,2.30039,0.42336,0.0018483,0.21168,0.0018483,0.21168,460.486,0,0.743196,0,0,0.947618,0.204422,1.028160,1,0,10.6631,0,0,0,10.6631,0
36.8213,2.42308,0,0,1.32412,0.0741249,0.36288,3.6288,57.8549,0.635706,0,0,0.513222,0.289468,0,0.66528,12.849,1,0.811687,0.36288,0,23.2718,5.53884,17.2841,0.84672,12.849,0.84672,3695.15,0,0.0036966,2.01654e-05,0.204422,1.81663,1.89888,1.5061,2.41381,0.42336,0.0018483,0.21168,0.0018483,0.21168,460.486,0,0.931496,0,0,1.13592,0.204422,1.028160,1,0,19.6979,0,0,0,19.6979,0
35.7774,2.32535,0,0,1.74069,0.0964094,0.36288,3.6288,57.6307,0.5721,0,0,0.623771,0.275889,0,0.66528,12.849,1,0.811445,0.36288,0,22.49,5.35623,16.6852,0.84672,12.849,0.84672,3695.15,0,0.0036966,1.8277e-05,0.204422,1.81705,1.99124,1.39216,2.62054,0.42336,0.0018483,0.21168,0.0018483,0.21168,460.486,0,0.920048,0,0,1.12447,0.204422,1.028160,1,0,19.3057,0,0,0,19.3057,0
34.275,2.27744,0,0,1.24305,0.105065,0.36288,3.6288,57.6364,0.506526,0,0,0.782879,0.270635,0,0.66528,12.849,1,0.817913,0.36288,0,20.2883,5.24149,14.5917,0.84672,12.849,0.84672,3695.15,0,0.0036966,1.6245e-05,0.749891,1.74071,1.89456,1.31854,3.0666,0.42336,0.0018483,0.21168,0.0018483,0.21168,460.486,0,1.02816,0,0,1.77805,0.749891,1.028160,1,0,17.6583,0,0,0,17.6583,0
32.5811,2.29154,0,0,1.06363,0.103168,0.36288,3.6288,57.0798,0.718363,0,0,0.432406,0.270645,0,0.66528,12.849,1,0.84672,0.36288,0,20.2682,5.24149,14.5429,0.84672,12.849,0.84672,3695.15,0,0.0036966,2.30367e-05,0.216518,1.7658,1.41,1.31854,2.07376,0.42336,0.0018483,0.21168,0.0018483,0.21168,460.486,0,0.774481,0,0,0.990999,0.216518,1.028160,1,0,16.6167,0,0,0,16.6167,0
30.9629,2.25079,0,0,1.1097,0.11418,0.36288,3.6288,56.4506,0.790557,0,0,0.416273,0.254914,0,0.66528,12.849,1,0.84672,0.36288,0,19.4817,5.03387,13.964,0.84672,12.849,0.84672,3695.15,0,0.0036966,2.5599e-05,0.216518,1.74152,1.41893,1.25364,2.1233,0.42336,0.0018483,0.21168,0.0018483,0.21168,460.486,0,0.74412,0,0,0.960638,0.216518,1.028160,1,0,16.0873,0,0,0,16.0873,0
30.3246,2.2119,0,0,2.11292,0.176416,0.36288,3.6288,56.7448,0.396676,0,0,0.860769,0.169913,0,0.66528,12.849,1,0.84672,0.36288,0,49.7258,3.89263,45.3493,0.84672,12.849,0.84672,3695.15,0,0.0036966,1.29879e-05,0.260245,1.76621,3.47832,0.866449,4.63831,0.42336,0.0018483,0.21168,0.0018483,0.21168,460.486,0,1.02816,0,0,1.28841,0.260245,1.028160,1,0,49.9876,0,0,0,49.9876,0
29.0414,2.21261,0,0,1.40385,0.111556,0.36288,3.6288,56.411,0.689517,0,0,0.549291,0.193597,0,0.66528,12.849,1,0.84672,0.36288,0,23.6312,4.53941,18.6079,0.84672,12.849,0.84672,3695.15,0,0.0036966,2.2459e-05,0.216518,1.67405,2.11372,0.904409,3.09985,0.42336,0.0018483,0.21168,0.0018483,0.21168,460.486,0,0.735644,0,0,0.952163,0.216518,1.028160,1,0,21.7078,0,0,0,21.7078,0
28.2275,2.10416,0,0,1.83653,0.183441,0.36288,3.6288,55.6607,1.00345,0,0,0.434485,0.181298,0,0.66528,12.849,1,0.84672,0.36288,0,32.7405,4.65622,27.6004,0.84672,12.849,0.84672,3695.15,0,0.0036966,3.28779e-05,0.292723,1.67444,2.05137,1.05322,2.96528,0.42336,0.0018483,0.21168,0.0018483,0.21168,460.486,0,0.531205,0,0,0.823928,0.292723,1.028160,1,0,30.5657,0,0,0,30.5657,0
27.1386,2.10521,0,0,1.56066,0.181415,0.36288,3.6288,55.1506,0.817277,0,0,0.487617,0.180411,0,0.66528,12.849,1,0.84672,0.36288,0,26.764,4.65622,21.6239,0.84672,12.849,0.84672,3695.15,0,0.0036966,2.71389e-05,0.292723,1.73872,2.28007,1.05322,3.25826,0.42336,0.0018483,0.21168,0.0018483,0.21168,460.486,0,0.717383,0,0,1.01011,0.292723,1.028160,1,0,24.8822,0,0,0,24.8822,0
29.5284,1.8757,0,0,4.80701,0.178704,0.36288,3.6288,56.168,0.363259,0,0,1.56044,0.179808,0,0.66528,12.849,1,0.84672,0.36288,0,92.7271,4.65622,87.587,0.84672,12.849,0.84672,3695.15,0,0.0036966,1.21741e-05,2.20227,1.73892,5.42176,1.05322,8.30971,0.42336,0.0018483,0.21168,0.0018483,0.21168,460.486,0,1.02816,0,0,3.23043,2.20227,1.028160,1,0,95.8967,0,0,0,95.8967,0
30.031,1.79786,0,0,2.84686,0.183518,0.36288,3.6288,56.4021,0.506476,0,0,0.914999,0.174424,0,0.66528,12.849,1,0.782322,0.36288,0,57.148,3.91292,52.8156,0.84672,12.849,0.84672,3695.15,0,0.0036966,1.66664e-05,0.801662,1.58523,3.41606,0.985198,4.81773,0.42336,0.0018483,0.21168,0.0018483,0.21168,460.486,0,1.02816,0,0,1.82982,0.801662,1.028160,1,0,57.6334,0,0,0,57.6334,0
29.7676,1.8077,0,0,2.0918,0.184571,0.36288,3.6288,56.3444,0.506476,0,0,0.622333,0.173591,0,0.66528,12.849,1,0.773442,0.36288,0,55.852,3.78903,51.6524,0.84672,12.849,0.84672,3695.15,0,0.0036966,1.65973e-05,0.439171,1.66922,2.81137,0.97386,3.94588,0.42336,0.0018483,0.21168,0.0018483,0.21168,460.486,0,1.02816,0,0,1.46733,0.439171,1.028160,1,0,55.5983,0,0,0,55.5983,0
30.3669,1.8036,0,0,2.95715,0.191437,0.36288,3.6288,56.3911,0.506477,0,0,0.780016,0.226831,0,0.66528,12.849,1,0.778512,0.36288,0,43.6561,4.63341,38.6071,0.84672,12.849,0.84672,3695.15,0,0.0036966,1.66143e-05,0.892019,1.6694,3.04029,1.28892,4.31277,0.42336,0.0018483,0.21168,0.0018483,0.21168,460.486,0,1.02816,0,0,1.92018,0.892019,1.028160,1,0,42.9198,0,0,0,42.9198,0
30.7851,1.81507,0,0,2.81384,0.217678,0.36288,3.6288,56.4718,0.506477,0,0,0.804033,0.216855,0,0.66528,12.849,1,0.768005,0.36288,0,75.9637,4.53423,71.0244,0.84672,12.849,0.84672,3695.15,0,0.0036966,1.66005e-05,1.0911,1.66958,4.61604,1.17085,6.20586,0.42336,0.0018483,0.21168,0.0018483,0.21168,460.486,0,1.02816,0,0,2.11926,1.0911,1.028160,1,0,77.2303,0,0,0,77.2303,0
36.495,2.0763,0,0,8.33724,0.188143,0.36288,3.6288,57.4708,0.297791,0,0,1.49615,0.199383,0,0.66528,12.849,1,0.84672,0.36288,0,111.96,3.85716,107.619,0.84672,12.849,0.84672,3695.15,0,0.0036966,9.7466e-06,1.98104,1.66976,7.60984,0.971392,10.2892,0.42336,0.0018483,0.21168,0.0018483,0.21168,460.486,0,1.02816,0,0,3.0092,1.98104,1.028160,1,0,117.908,0,0,0,117.908,0
37.7893,2.00826,0,0,3.85807,0.192638,0.36288,3.6288,57.915,0.506474,0,0,1.16759,0.216893,0,0.66528,12.849,1,0.707059,0.36288,0,103.777,4.15477,99.2778,0.84672,12.849,0.84672,3695.15,0,0.0036966,1.62886e-05,1.90373,1.57224,4.51757,0.919532,7.07399,0.42336,0.0018483,0.21168,0.0018483,0.21168,460.486,0,1.02816,0,0,2.93189,1.90373,1.028160,1,0,106.352,0,0,0,106.352,0
39.222,2.02704,0,0,4.03414,0.211448,0.36288,3.6288,58.2676,0.506474,0,0,1.0975,0.238392,0,0.66528,12.849,1,0.68923,0.36288,0,104.744,4.61192,99.8053,0.84672,12.849,0.84672,3695.15,0,0.0036966,1.61636e-05,1.84327,1.69454,4.29705,1.06214,6.77272,0.42336,0.0018483,0.21168,0.0018483,0.21168,460.486,0,1.02816,0,0,2.87143,1.84327,1.028160,1,0,106.578,0,0,0,106.578,0
40.3393,2.20324,0,0,3.89845,0.215003,0.36288,3.6288,58.9263,0.298687,0,0,1.19629,0.238935,0,0.66528,12.849,1,0.721775,0.36288,0,101.106,4.61192,96.1353,0.84672,12.849,0.84672,3695.15,0,0.0036966,9.47462e-06,1.9541,1.69472,4.90832,1.06214,7.495,0.42336,0.0018483,0.21168,0.0018483,0.21168,460.486,0,1.02816,0,0,2.98226,1.9541,1.028160,1,0,103.63,0,0,0,103.63,0
41.0725,2.43534,0,0,3.74918,0.217835,0.36288,3.6288,59.4057,0.455027,0,0,1.17435,0.239949,0,0.66528,12.849,1,0.77571,0.36288,0,89.2953,4.61192,84.2705,0.84672,12.849,0.84672,3695.15,0,0.0036966,1.42725e-05,2.04441,1.5733,4.67098,1.06214,7.22654,0.42336,0.0018483,0.21168,0.0018483,0.21168,460.486,0,1.02816,0,0,3.07257,2.04441,1.028160,1,0,91.4971,0,0,0,91.4971,0
41.4524,2.44643,0,0,3.40944,0.220225,0.36288,3.6288,59.6115,0.455361,0,0,0.9066,0.245444,0,0.66528,12.849,1,0.765336,0.36288,0,88.1876,4.1684,83.6168,0.84672,12.849,0.84672,3695.15,0,0.0036966,1.41677e-05,1.10522,1.74769,4.35191,1.17872,6.02608,0.42336,0.0018483,0.21168,0.0018483,0.21168,460.486,0,1.02816,0,0,2.13338,1.10522,1.028160,1,0,89.6428,0,0,0,89.6428,0
42.3202,2.45234,0,0,3.90422,0.221213,0.36288,3.6288,60.0258,0.455695,0,0,1.11579,0.245768,0,0.66528,12.849,1,0.760153,0.36288,0,96.4993,4.1684,91.9336,0.84672,12.849,0.84672,3695.15,0,0.0036966,1.41292e-05,1.28226,1.74809,5.51719,1.17872,7.3688,0.42336,0.0018483,0.21168,0.0018483,0.21168,460.486,0,1.02816,0,0,2.31042,1.28226,1.028160,1,0,99.3024,0,0,0,99.3024,0
43.2294,2.46485,0,0,3.9856,0.248668,0.36288,3.6288,60.631,0.456029,0,0,1.29109,0.229866,0,0.66528,12.849,1,0.748365,0.36288,0,96.0569,4.16299,91.5085,0.84672,12.849,0.84672,3695.15,0,0.0036966,1.40419e-05,2.05782,1.74848,6.55154,1.19693,9.1609,0.42336,0.0018483,0.21168,0.0018483,0.21168,460.486,0,1.02816,0,0,3.08598,2.05782,1.028160,1,0,100.669,0,0,0,100.669,0
44.9433,2.1635,0,0,4.50184,0.261485,0.36288,3.6288,61.308,0.246766,0,0,1.31825,0.224106,0.170364,0.66528,12.849,1,0.643054,0.36288,0,87.9327,4.16083,83.4917,0.84672,12.849,0.84672,3695.15,0,0.0036966,7.52252e-06,2.49121,1.74887,6.3259,1.20421,9.36176,0.42336,0.0018483,0.21168,0.0018483,0.21168,460.486,0,1.02816,0,0,3.51937,2.49121,1.028160,1,0,93.0239,0,0,0,93.0239,0
48.3343,2.18307,0,0,6.18996,0.253042,0.36288,3.6288,61.308,0.247053,0,0,3.62483,0.161879,3.2159,0.66528,12.849,1,0.624124,0.36288,0,152.988,3.12144,149.606,0.84672,12.849,0.84672,3695.15,0,0.0036966,7.4481e-06,2.83326,1.51098,16.5077,0.919302,19.9326,0.42336,0.0018483,0.21168,0.0018483,0.21168,460.486,0,1.02816,0,0,3.86142,2.83326,1.028160,1,0,172.754,0,0,0,172.754,0
50.7568,2.21816,0,0,5.26625,0.262728,0.36288,3.6288,61.308,0.24734,0,0,3.28948,0.161879,2.88026,0.66528,12.849,1,0.589667,0.36288,0,122.138,3.12144,118.79,0.84672,12.849,0.84672,3695.15,0,0.0036966,7.45675e-06,2.48346,1.51132,14.3391,0.919302,17.4146,0.42336,0.0018483,0.21168,0.0018483,0.21168,460.486,0,1.02816,0,0,3.51162,2.48346,1.028160,1,0,139.085,0,0,0,139.085,0
53.573,2.24112,0,0,5.68987,0.269613,0.36288,3.6288,61.308,0.247627,0,0,3.17582,0.161879,2.76632,0.66528,12.849,1,0.567337,0.36288,0,132.303,3.12144,128.977,0.84672,12.849,0.84672,3695.15,0,0.0036966,7.4654e-06,3.00015,1.51166,16.7149,0.919302,20.3074,0.42336,0.0018483,0.21168,0.0018483,0.21168,460.486,0,1.02816,0,0,4.02831,3.00015,1.028160,1,0,152.05,0,0,0,152.05,0
57.9309,2.26569,0,0,7.26398,0.277578,0.36288,3.6288,61.308,0.247914,0,0,3.64048,0.161879,3.23069,0.66528,12.849,1,0.543405,0.36288,0,165.664,3.12144,162.362,0.84672,12.849,0.84672,3695.15,0,0.0036966,7.47406e-06,3.18039,1.512,18.0362,0.919302,21.8093,0.42336,0.0018483,0.21168,0.0018483,0.21168,460.486,0,1.02816,0,0,4.20855,3.18039,1.028160,1,0,187.402,0,0,0,187.402,0
59.8849,2.38369,0,0,4.97683,0.276263,0.36288,3.6288,61.308,0.299534,0,0,2.60235,0.130423,2.17239,0.66528,12.849,1,0.528701,0.36288,0,112.404,2.52177,109.716,0.84672,12.849,0.84672,3695.15,0,0.0036966,9.03029e-06,2.25904,1.51234,11.8529,0.780362,14.8439,0.42336,0.0018483,0.21168,0.0018483,0.21168,460.486,0,1.02816,0,0,3.2872,2.25904,1.028160,1,0,126.732,0,0,0,126.732,0
65.4637,2.39844,0,0,8.61088,0.27073,0.36288,3.6288,61.308,0.299833,0,0,3.71258,0.154326,3.25842,0.66528,12.849,1,0.514613,0.36288,0,202.77,3.05716,199.561,0.84672,12.849,0.84672,3695.15,0,0.0036966,9.0393e-06,2.89963,1.57158,15.4466,0.874891,19.0429,0.42336,0.0018483,0.21168,0.0018483,0.21168,460.486,0,1.02816,0,0,3.92779,2.89963,1.028160,1,0,221.862,0,0,0,221.862,0
68.5303,2.43565,0,0,6.11498,0.24985,0.36288,3.6288,61.308,0.300132,0,0,2.56611,0.146347,2.11963,0.66528,12.849,1,0.478062,0.36288,0,132.786,3.41429,129.257,0.84672,12.849,0.84672,3695.15,0,0.0036966,9.0483e-06,2.19077,1.57193,10.0607,0.944245,12.8791,0.42336,0.0018483,0.21168,0.0018483,0.21168,460.486,0,1.02816,0,0,3.21893,2.19077,1.028160,1,0,144.256,0,0,0,144.256,0
70.2877,2.45422,0,0,4.8305,0.255981,0.36288,3.6288,61.308,0.300431,0,0,2.23404,0.146347,1.78727,0.66528,12.849,1,0.460151,0.36288,0,109.355,3.41429,105.843,0.84672,12.849,0.84672,3695.15,0,0.0036966,9.05731e-06,1.8638,1.57229,8.43782,0.944245,10.9297,0.42336,0.0018483,0.21168,0.0018483,0.21168,460.486,0,1.02816,0,0,2.89196,1.8638,1.028160,1,0,118.56,0,0,0,118.56,0
71.8099,2.43054,0,0,4.56955,0.25392,0.36288,3.6288,61.308,0.280774,0,0,2.29757,0.163661,1.85314,0.66528,12.849,1,0.444316,0.36288,0,103.889,3.64177,100.166,0.84672,12.849,0.84672,3695.15,0,0.0036966,8.46472e-06,1.72394,1.57264,10.0362,0.97313,12.3596,0.42336,0.0018483,0.21168,0.0018483,0.21168,460.486,0,1.02816,0,0,2.7521,1.72394,1.028160,1,0,114.379,0,0,0,114.379,0
72.29,2.43907,0,0,4.08205,0.242795,0.920099,3.6288,61.308,0.281069,0,0,1.05891,0.206945,0.570896,0.66528,12.849,1,0.436425,0.920099,0,82.3461,4.2105,78.6193,0.84672,12.849,0.84672,3695.15,0,0.0036966,8.4736e-06,1.15066,1.55005,5.42696,1.04534,7.08231,0.42336,0.0018483,0.21168,0.0018483,0.21168,460.486,0,1.02816,0,0,2.17882,1.15066,1.028160,1,0,86.2725,0,0,0,86.2725,0
72.29,2.44209,0,0,3.57456,0.243683,0.88879,3.6288,61.308,0.281363,0,0,1.00486,0.206945,0.51655,0.66528,12.849,1,0.434062,0.88879,0,72.4957,4.2105,68.7399,0.84672,12.849,0.84672,3695.15,0,0.0036966,8.48248e-06,0.892037,1.5504,5.06022,1.04534,6.4573,0.42336,0.0018483,0.21168,0.0018483,0.21168,460.486,0,1.02816,0,0,1.9202,0.892037,1.028160,1,0,75.7137,0,0,0,75.7137,0
72.29,2.44263,0,0,3.21319,0.243683,0.526873,3.6288,61.308,0.281658,0,0,0.890361,0.206945,0.401758,0.66528,12.849,1,0.43416,0.526873,0,62.6442,4.2105,58.5264,0.84672,12.849,0.84672,3695.15,0,0.0036966,8.49136e-06,0.675968,1.55075,4.42779,1.04534,5.60915,0.42336,0.0018483,0.21168,0.0018483,0.21168,460.486,0,1.02816,0,0,1.70413,0.675968,1.028160,1,0,64.5374,0,0,0,64.5374,0
72.1162,2.55908,0,0,2.96593,0.217758,0.36288,3.6288,61.308,0.352782,0,0,0.83357,0.172812,0.307976,0.66528,12.849,1,0.454857,0.36288,0,60.1184,3.50274,56.5237,0.84672,12.849,0.84672,3695.15,0,0.0036966,1.06356e-05,0.59667,1.55109,3.99853,0.865836,5.28045,0.42336,0.0018483,0.21168,0.0018483,0.21168,460.486,0,1.02816,0,0,1.62483,0.59667,1.028160,1,0,62.1121,0,0,0,62.1121,0
72.2234,2.55873,0,0,3.21362,0.184782,0.36288,3.6288,61.308,0.353093,0,0,0.960716,0.186198,0.421426,0.66528,12.849,1,0.45589,0.36288,0,58.6089,3.72849,54.7874,0.84672,12.849,0.84672,3695.15,0,0.0036966,1.0645e-05,0.772209,1.63175,3.97837,0.944256,5.43806,0.42336,0.0018483,0.21168,0.0018483,0.21168,460.486,0,1.02816,0,0,1.80037,0.772209,1.028160,1,0,60.6469,0,0,0,60.6469,0
71.996,2.55988,0,0,2.87547,0.1802,0.36288,3.6288,61.308,0.353403,0,0,0.906206,0.189377,0.363426,0.66528,12.849,1,0.455418,0.36288,0,55.6767,3.78578,51.7984,0.84672,12.849,0.84672,3695.15,0,0.0036966,1.06543e-05,0.817223,1.63212,4.0771,0.962313,5.56411,0.42336,0.0018483,0.21168,0.0018483,0.21168,460.486,0,1.02816,0,0,1.84538,0.817223,1.028160,1,0,57.7259,0,0,0,57.7259,0
71.501,2.55923,0,0,2.60709,0.179888,0.36288,3.6288,61.308,0.353714,0,0,0.788175,0.189377,0.245084,0.66528,12.849,1,0.456742,0.36288,0,51.2694,3.78578,47.3898,0.84672,12.849,0.84672,3695.15,0,0.0036966,1.06637e-05,0.618114,1.63248,3.85517,0.962313,5.14344,0.42336,0.0018483,0.21168,0.0018483,0.21168,460.486,0,1.02816,0,0,1.64627,0.618114,1.028160,1,0,52.7783,0,0,0,52.7783,0
70.8753,2.55712,0,0,2.4451,0.150881,0.36288,3.6288,61.308,0.354025,0,0,0.730771,0.219011,0.157736,0.66528,12.849,1,0.459525,0.36288,0,49.0732,4.37267,44.6039,0.84672,12.849,0.84672,3695.15,0,0.0036966,1.06731e-05,0.506399,1.63285,3.69765,1.12247,4.71442,0.42336,0.0018483,0.21168,0.0018483,0.21168,460.486,0,1.02816,0,0,1.53456,0.506399,1.028160,1,0,49.4761,0,0,0,49.4761,0
70.1755,2.53139,0,0,2.32849,0.133976,0.36288,3.6288,61.308,0.393309,0,0,0.64997,0.250262,0.00639982,0.66528,12.849,1,0.458916,0.36288,0,45.6561,4.8423,40.7178,0.84672,12.849,0.84672,3695.15,0,0.0036966,1.18574e-05,0.566724,1.63322,3.19357,1.18312,4.21038,0.42336,0.0018483,0.21168,0.0018483,0.21168,460.486,0,1.02816,0,0,1.59488,0.566724,1.028160,1,0,44.9345,0,0,0,44.9345,0
69.3175,2.52809,0,0,2.1576,0.12469,0.36288,3.6288,61.2323,0.393628,0,0,0.587961,0.269995,0,0.66528,12.849,1,0.462888,0.36288,0,42.6176,5.12117,37.3964,0.84672,12.849,0.84672,3695.15,0,0.0036966,1.1867e-05,0.575649,1.65863,3.06324,1.20858,4.08893,0.42336,0.0018483,0.21168,0.0018483,0.21168,460.486,0,1.02816,0,0,1.60381,0.575649,1.028160,1,0,41.4853,0,0,0,41.4853,0
68.2715,2.52382,0,0,1.96464,0.123865,0.36288,3.6288,61.1505,0.393948,0,0,0.582009,0.269866,0,0.66528,12.849,1,0.467827,0.36288,0,42.2881,5.12117,37.062,0.84672,12.849,0.84672,3695.15,0,0.0036966,1.18913e-05,0.577921,1.659,2.94821,1.20858,3.97654,0.42336,0.0018483,0.21168,0.0018483,0.21168,460.486,0,1.02816,0,0,1.60608,0.577921,1.028160,1,0,41.0386,0,0,0,41.0386,0
67.045,2.51835,0,0,1.77755,0.122859,0.36288,3.6288,61.0267,0.394267,0,0,0.540132,0.269727,0,0.66528,12.849,1,0.473965,0.36288,0,37.975,5.12117,32.7427,0.84672,12.849,0.84672,3695.15,0,0.0036966,1.19169e-05,0.378691,1.65938,2.82762,1.20858,3.65709,0.42336,0.0018483,0.21168,0.0018483,0.21168,460.486,0,1.02816,0,0,1.40685,0.378691,1.028160,1,0,36.3998,0,0,0,36.3998,0
65.7423,2.57026,0,0,1.72488,0.0944452,0.36288,3.6288,60.7743,0.429352,0,0,0.509438,0.33247,0,0.66528,12.849,1,0.492583,0.36288,0,36.4783,5.95407,30.3946,0.84672,12.849,0.84672,3695.15,0,0.0036966,1.30037e-05,0.380532,1.65975,2.70617,1.50033,3.24611,0.42336,0.0018483,0.21168,0.0018483,0.21168,460.486,0,1.02816,0,0,1.40869,0.380532,1.028160,1,0,33.6407,0,0,0,33.6407,0
64.4314,2.56267,0,0,1.70478,0.0900802,0.36288,3.6288,60.4817,0.429679,0,0,0.463552,0.326446,0,0.66528,12.849,1,0.50086,0.36288,0,34.0683,6.01125,27.9191,0.84672,12.849,0.84672,3695.15,0,0.0036966,1.30676e-05,0.484739,1.70007,2.74906,1.44752,3.48634,0.42336,0.0018483,0.21168,0.0018483,0.21168,460.486,0,1.02816,0,0,1.5129,0.484739,1.028160,1,0,31.4054,0,0,0,31.4054,0
63.0183,2.55474,0,0,1.59367,0.0891374,0.36288,3.6288,60.1548,0.430007,0,0,0.428888,0.32584,0,0.66528,12.849,1,0.50947,0.36288,0,32.394,6.01125,26.2362,0.84672,12.849,0.84672,3695.15,0,0.0036966,1.31409e-05,0.354542,1.70046,2.4122,1.44752,3.01967,0.42336,0.0018483,0.21168,0.0018483,0.21168,460.486,0,1.02816,0,0,1.3827,0.354542,1.028160,1,0,29.2559,0,0,0,29.2559,0
61.5938,2.54583,0,0,1.57225,0.088121,0.36288,3.6288,59.8633,0.430335,0,0,0.464023,0.325163,0,0.66528,12.849,1,0.519076,0.36288,0,30.0586,6.01125,23.8911,0.84672,12.849,0.84672,3695.15,0,0.0036966,1.32224e-05,0.447742,1.70084,2.72792,1.44752,3.42897,0.42336,0.0018483,0.21168,0.0018483,0.21168,460.486,0,1.02816,0,0,1.4759,0.447742,1.028160,1,0,27.3201,0,0,0,27.3201,0
60.1507,2.70586,0,0,1.69651,0.0708041,0.36288,3.6288,59.4919,0.556258,0,0,0.490211,0.305374,0,0.66528,12.849,1,0.564466,0.36288,0,30.9817,6.25283,24.5273,0.84672,12.849,0.84672,3695.15,0,0.0036966,1.71747e-05,0.601776,1.70122,3.36509,1.5173,4.15077,0.42336,0.0018483,0.21168,0.0018483,0.21168,460.486,0,1.02816,0,0,1.62994,0.601776,1.028160,1,0,28.6781,0,0,0,28.6781,0
58.4178,2.69531,0,0,1.43357,0.108309,0.36288,3.6288,59.0055,0.58084,0,0,0.406995,0.312493,0,0.66528,12.849,1,0.575754,0.36288,0,26.879,6.12897,20.5372,0.84672,12.849,0.84672,3695.15,0,0.0036966,1.80456e-05,0.227405,1.83701,2.34381,1.44384,2.96436,0.42336,0.0018483,0.21168,0.0018483,0.21168,460.486,0,1.00393,0,0,1.23134,0.227405,1.028160,1,0,23.5016,0,0,0,23.5016,0
56.7731,2.68191,0,0,1.51564,0.115565,0.36288,3.6288,58.5841,0.55697,0,0,0.45822,0.322704,0,0.66528,12.849,1,0.589886,0.36288,0,29.5824,6.18733,23.1681,0.84672,12.849,0.84672,3695.15,0,0.0036966,1.74466e-05,0.300326,1.83742,2.19472,1.43257,2.89987,0.42336,0.0018483,0.21168,0.0018483,0.21168,460.486,0,1.02816,0,0,1.32849,0.300326,1.028160,1,0,26.0679,0,0,0,26.0679,0
54.8439,2.66857,0,0,1.21604,0.113719,0.36288,3.6288,57.8983,0.72422,0,0,0.360312,0.321831,0,0.66528,12.849,1,0.603956,0.36288,0,34.7955,6.18733,28.3671,0.84672,12.849,0.84672,3695.15,0,0.0036966,2.28488e-05,0.204422,1.83783,1.82314,1.43257,2.4328,0.42336,0.0018483,0.21168,0.0018483,0.21168,460.486,0,0.861261,0,0,1.06568,0.204422,1.028160,1,0,30.7999,0,0,0,30.7999,0
53.1577,2.65195,0,0,1.44018,0.111554,0.36288,3.6288,57.5702,0.557682,0,0,0.550003,0.320412,0,0.66528,12.849,1,0.621307,0.36288,0,29.8658,6.18733,23.42,0.84672,12.849,0.84672,3695.15,0,0.0036966,1.7803e-05,0.574949,1.83825,2.46542,1.43257,3.44602,0.42336,0.0018483,0.21168,0.0018483,0.21168,460.486,0,1.02816,0,0,1.60311,0.574949,1.028160,1,0,26.8661,0,0,0,26.8661,0
51.4507,2.55622,0,0,1.32084,0.108794,0.36288,3.6288,57.1251,0.523727,0,0,0.419774,0.341228,0,0.66528,12.849,1,0.617876,0.36288,0,30.245,6.14359,23.8464,0.84672,12.849,0.84672,3695.15,0,0.0036966,1.68143e-05,0.204422,1.83866,2.85514,1.44302,3.45519,0.42336,0.0018483,0.21168,0.0018483,0.21168,460.486,0,0.986152,0,0,1.19057,0.204422,1.028160,1,0,27.3016,0,0,0,27.3016,0
49.7259,2.54039,0,0,1.33016,0.151702,0.36288,3.6288,56.5579,0.680238,0,0,0.443925,0.330885,0,0.66528,12.849,1,0.634422,0.36288,0,28.1575,5.13119,22.7548,0.84672,12.849,0.84672,3695.15,0,0.0036966,2.20093e-05,0.204422,1.76139,3.18631,1.21401,3.93809,0.42336,0.0018483,0.21168,0.0018483,0.21168,460.486,0,0.829976,0,0,1.0344,0.204422,1.028160,1,0,26.6929,0,0,0,26.6929,0
48.0869,2.52347,0,0,1.46909,0.221737,0.36288,3.6288,56.3844,0.482399,0,0,0.593074,0.28415,0,0.66528,12.849,1,0.652055,0.36288,0,26.6265,3.94044,22.3969,0.84672,12.849,0.84672,3695.15,0,0.0036966,1.57647e-05,0.258059,1.76178,4.04335,0.936691,5.12648,0.42336,0.0018483,0.21168,0.0018483,0.21168,460.486,0,1.02816,0,0,1.28622,0.258059,1.028160,1,0,27.5234,0,0,0,27.5234,0
46.3724,2.50649,0,0,1.37764,0.222802,0.36288,3.6288,56.2537,0.482738,0,0,0.637794,0.285779,0,0.66528,12.849,1,0.669743,0.36288,0,31.6789,3.97299,27.3991,0.84672,12.849,0.84672,3695.15,0,0.0036966,1.58243e-05,0.275832,1.76218,4.2579,0.95533,5.34056,0.42336,0.0018483,0.21168,0.0018483,0.21168,460.486,0,1.02816,0,0,1.30399,0.275832,1.028160,1,0,32.7396,0,0,0,32.7396,0
44.9003,2.42339,0,0,1.53285,0.218637,0.36288,3.6288,56.271,0.413547,0,0,0.716446,0.285535,0,0.66528,12.849,1,0.671481,0.36288,0,47.7627,3.97299,43.4811,0.84672,12.849,0.84672,3695.15,0,0.0036966,1.35877e-05,0.449816,1.76258,4.91232,0.95533,6.16937,0.42336,0.0018483,0.21168,0.0018483,0.21168,460.486,0,1.02816,0,0,1.47798,0.449816,1.028160,1,0,49.6505,0,0,0,49.6505,0
42.8541,2.40681,0,0,0.951922,0.228453,0.36288,3.6288,56.0496,0.514323,0,0,0.522144,0.229217,0,0.66528,12.849,1,0.688752,0.36288,0,25.8366,4.23854,21.2722,0.84672,12.849,0.84672,3695.15,0,0.0036966,1.68937e-05,0.216518,1.69387,4.67345,1.08344,5.50038,0.42336,0.0018483,0.21168,0.0018483,0.21168,460.486,0,0.927704,0,0,1.14422,0.216518,1.028160,1,0,26.7726,0,0,0,26.7726,0
41.0074,2.38205,0,0,1.1214,0.223173,0.36288,3.6288,55.3733,0.846908,0,0,0.399447,0.228886,0,0.66528,12.849,1,0.714212,0.36288,0,29.9176,4.23854,25.3277,0.84672,12.849,0.84672,3695.15,0,0.0036966,2.79278e-05,0.216518,1.69425,4.85726,1.08344,5.68457,0.42336,0.0018483,0.21168,0.0018483,0.21168,460.486,0,0.595433,0,0,0.811951,0.216518,1.028160,1,0,31.0123,0,0,0,31.0123,0
41.3899,2.35808,0,0,3.32189,0.218408,0.36288,3.6288,56.0453,0.414519,0,0,1.31441,0.227874,0,0.66528,12.849,1,0.738867,0.36288,0,56.2366,4.23854,51.6221,0.84672,12.849,0.84672,3695.15,0,0.0036966,1.38362e-05,1.84277,1.69463,8.55525,1.08344,11.0092,0.42336,0.0018483,0.21168,0.0018483,0.21168,460.486,0,1.02816,0,0,2.87093,1.84277,1.028160,1,0,62.6313,0,0,0,62.6313,0
41.2279,2.1858,0,0,2.61127,0.224588,0.36288,3.6288,56.5604,0.269901,0,0,1.01611,0.231115,0,0.66528,12.849,1,0.678556,0.36288,0,63.5251,4.17712,59.0323,0.84672,12.849,0.84672,3695.15,0,0.0036966,8.90099e-06,1.57016,1.69501,8.17534,1.06223,10.3783,0.42336,0.0018483,0.21168,0.0018483,0.21168,460.486,0,1.02816,0,0,2.59832,1.57016,1.028160,1,0,69.4106,0,0,0,69.4106,0
40.9212,2.18426,0,0,2.46106,0.220635,0.36288,3.6288,56.9391,0.270193,0,0,0.887484,0.238618,0,0.66528,12.849,1,0.680742,0.36288,0,36.4877,4.34202,31.8278,0.84672,12.849,0.84672,3695.15,0,0.0036966,8.82946e-06,0.612438,1.53969,6.00432,1.13591,7.02053,0.42336,0.0018483,0.21168,0.0018483,0.21168,460.486,0,1.02816,0,0,1.6406,0.612438,1.028160,1,0,38.8483,0,0,0,38.8483,0
40.1505,2.18087,0,0,1.99598,0.222941,0.36288,3.6288,57.0925,0.270484,0,0,0.653832,0.22991,0,0.66528,12.849,1,0.684779,0.36288,0,49.7627,4.35519,45.0856,0.84672,12.849,0.84672,3695.15,0,0.0036966,8.7802e-06,0.629061,1.54003,6.8117,1.18723,7.79356,0.42336,0.0018483,0.21168,0.0018483,0.21168,460.486,0,1.02816,0,0,1.65722,0.629061,1.028160,1,0,52.8792,0,0,0,52.8792,0
39.7569,2.17139,0,0,2.36165,0.22091,0.36288,3.6288,57.4591,0.270776,0,0,0.867481,0.230139,0,0.66528,12.849,1,0.694892,0.36288,0,58.9366,4.35519,54.2493,0.84672,12.849,0.84672,3695.15,0,0.0036966,8.76604e-06,1.0675,1.54038,8.48448,1.18723,9.90512,0.42336,0.0018483,0.21168,0.0018483,0.21168,460.486,0,1.02816,0,0,2.09566,1.0675,1.028160,1,0,64.1545,0,0,0,64.1545,0
39.0873,2.16668,0,0,2.07977,0.219878,0.36288,3.6288,57.5937,0.27861,0,0,0.643964,0.230687,0,0.66528,12.849,1,0.700247,0.36288,0,41.514,4.35519,36.8214,0.84672,12.849,0.84672,3695.15,0,0.0036966,8.96212e-06,0.412474,1.54073,9.81568,1.18723,10.5816,0.42336,0.0018483,0.21168,0.0018483,0.21168,460.486,0,1.02062,0,0,1.43309,0.412474,1.028160,1,0,47.4031,0,0,0,47.4031,0
40.3874,2.15765,0,0,4.02227,0.201553,0.36288,3.6288,58.306,0.271068,0,0,1.17546,0.192112,0,0.66528,12.849,1,0.709276,0.36288,0,64.4095,3.31822,60.7448,0.84672,12.849,0.84672,3695.15,0,0.0036966,8.69912e-06,1.28097,1.54107,11.1827,0.88586,13.1188,0.42336,0.0018483,0.21168,0.0018483,0.21168,460.486,0,1.02816,0,0,2.30913,1.28097,1.028160,1,0,73.8637,0,0,0,73.8637,0
43.3669,2.2436,0,0,5.79204,0.206085,0.36288,3.6288,58.8383,0.31337,0,0,1.04377,0.198141,0,0.66528,12.849,1,0.713788,0.36288,0,107.188,2.93759,103.899,0.84672,12.849,0.84672,3695.15,0,0.0036966,9.93383e-06,1.56672,1.54107,10.7616,0.722781,13.1465,0.42336,0.0018483,0.21168,0.0018483,0.21168,460.486,0,1.02816,0,0,2.59488,1.56672,1.028160,1,0,117.046,0,0,0,117.046,0
45.1868,2.28193,0,0,4.67808,0.213392,0.36288,3.6288,59.1676,0.313659,0,0,0.84183,0.198821,0,0.66528,12.849,1,0.676103,0.36288,0,79.5908,2.93759,76.34,0.84672,12.849,0.84672,3695.15,0,0.0036966,9.85304e-06,1.18827,1.59071,8.25224,0.722781,10.3084,0.42336,0.0018483,0.21168,0.0018483,0.21168,460.486,0,1.02816,0,0,2.21643,1.18827,1.028160,1,0,86.6484,0,0,0,86.6484,0
46.5674,2.30363,0,0,4.30056,0.253431,0.36288,3.6288,59.5605,0.313948,0,0,0.908885,0.202046,0,0.66528,12.849,1,0.655044,0.36288,0,65.5759,3.13745,62.1463,0.84672,12.849,0.84672,3695.15,0,0.0036966,9.80721e-06,0.980009,1.59105,7.68182,0.821804,9.43107,0.42336,0.0018483,0.21168,0.0018483,0.21168,460.486,0,1.02816,0,0,2.00817,0.980009,1.028160,1,0,71.5773,0,0,0,71.5773,0
48.7466,2.31935,0,0,5.13973,0.27832,0.36288,3.6288,59.953,0.314237,0,0,0.901783,0.195034,0,0.66528,12.849,1,0.639961,0.36288,0,74.2815,2.92162,71.0828,0.84672,12.849,0.84672,3695.15,0,0.0036966,9.75148e-06,1.23766,1.59139,8.13188,0.624235,10.3367,0.42336,0.0018483,0.21168,0.0018483,0.21168,460.486,0,1.02816,0,0,2.26582,1.23766,1.028160,1,0,81.4195,0,0,0,81.4195,0
50.7432,2.57098,0,0,5.19995,0.269503,0.36288,3.6288,60.1481,0.472393,0,0,0.89805,0.230561,0,0.66528,12.849,1,0.677679,0.36288,0,55.442,3.80264,51.3246,0.84672,12.849,0.84672,3695.15,0,0.0036966,1.45635e-05,1.88951,1.59174,5.06864,1.04192,7.50795,0.42336,0.0018483,0.21168,0.0018483,0.21168,460.486,0,1.02816,0,0,2.91767,1.88951,1.028160,1,0,58.8325,0,0,0,58.8325,0
51.9527,2.59282,0,0,4.4379,0.272645,0.36288,3.6288,60.2735,0.472716,0,0,0.834797,0.236695,0,0.66528,12.849,1,0.656543,0.36288,0,48.3184,3.94947,44.0753,0.84672,12.849,0.84672,3695.15,0,0.0036966,1.45261e-05,1.07845,1.76816,4.44483,1.11153,6.17989,0.42336,0.0018483,0.21168,0.0018483,0.21168,460.486,0,1.02816,0,0,2.10661,1.07845,1.028160,1,0,50.2552,0,0,0,50.2552,0
56.483,2.60563,0,0,7.77488,0.276105,0.36288,3.6288,60.8207,0.473039,0,0,1.25713,0.236884,0,0.66528,12.849,1,0.644428,0.36288,0,115.629,3.94947,111.398,0.84672,12.849,0.84672,3695.15,0,0.0036966,1.45058e-05,1.7748,1.76854,12.9949,1.11153,15.4267,0.42336,0.0018483,0.21168,0.0018483,0.21168,460.486,0,1.02816,0,0,2.80296,1.7748,1.028160,1,0,126.825,0,0,0,126.825,0
60.6054,2.64832,0,0,7.42228,0.288708,0.36288,3.6288,61.308,0.473362,0,0,1.20435,0.190834,0.0528682,0.66528,12.849,1,0.60245,0.36288,0,133.69,3.55446,129.896,0.84672,12.849,0.84672,3695.15,0,0.0036966,1.43851e-05,1.93113,1.76892,7.41666,0.920913,10.1958,0.42336,0.0018483,0.21168,0.0018483,0.21168,460.486,0,1.02816,0,0,2.95929,1.93113,1.028160,1,0,140.145,0,0,0,140.145,0
62.4808,2.34266,0,0,4.87921,0.298285,0.36288,3.6288,61.308,0.261642,0,0,0.823262,0.219683,0.341937,0.66528,12.849,1,0.496669,0.36288,0,90.2515,4.16934,85.9484,0.84672,12.849,0.84672,3695.15,0,0.0036966,7.88793e-06,1.00028,1.7693,7.00913,1.12135,8.65735,0.42336,0.0018483,0.21168,0.0018483,0.21168,460.486,0,1.02816,0,0,2.02844,1.00028,1.028160,1,0,94.9477,0,0,0,94.9477,0
67.5139,2.35553,0,0,8.06302,0.311442,0.36288,3.6288,61.308,0.26192,0,0,1.63082,0.221122,1.14778,0.66528,12.849,1,0.484408,0.36288,0,121.325,4.24473,116.959,0.84672,12.849,0.84672,3695.15,0,0.0036966,7.89629e-06,2.19469,1.52861,13.9304,1.13639,16.5173,0.42336,0.0018483,0.21168,0.0018483,0.21168,460.486,0,1.02816,0,0,3.22285,2.19469,1.028160,1,0,134.624,0,0,0,134.624,0
72.29,2.38639,0,0,9.42615,0.324292,1.9394,3.6288,61.308,0.262197,0,0,1.98731,0.221122,1.50399,0.66528,12.849,1,0.454168,1.9394,0,232.947,4.24473,230.188,0.84672,12.849,0.84672,3695.15,0,0.0036966,7.90466e-06,3.71053,1.52894,15.8537,1.13639,19.9568,0.42336,0.0018483,0.21168,0.0018483,0.21168,460.486,0,1.02816,0,0,4.73869,3.71053,1.028160,1,0,251.649,0,0,0,251.649,0
72.29,2.41238,0,0,8.2696,0.336486,5.52073,3.6288,61.308,0.262474,0,0,1.52551,0.221122,1.04192,0.66528,12.849,1,0.428783,5.52073,0,234.827,4.24473,235.675,0.84672,12.849,0.84672,3695.15,0,0.0036966,7.91302e-06,2.95468,1.52927,13.1477,1.13639,16.4952,0.42336,0.0018483,0.21168,0.0018483,0.21168,460.486,0,1.02816,0,0,3.98284,2.95468,1.028160,1,0,253.212,0,0,0,253.212,0
72.29,2.4129,0,0,8.18303,0.321324,5.4488,3.6288,61.308,0.262752,0,0,1.59716,0.20925,1.12516,0.66528,12.849,1,0.428875,5.4488,0,205.934,4.33302,206.62,0.84672,12.849,0.84672,3695.15,0,0.0036966,7.92139e-06,2.31912,1.5296,13.1419,1.16025,15.8303,0.42336,0.0018483,0.21168,0.0018483,0.21168,460.486,0,1.02816,0,0,3.34728,2.31912,1.028160,1,0,223.576,0,0,0,223.576,0
72.29,2.5016,0,0,9.44438,0.301108,6.64167,3.6288,61.308,0.314959,0,0,2.12127,0.193421,1.61289,0.66528,12.849,1,0.444641,6.64167,0,243.429,4.45074,245.176,0.84672,12.849,0.84672,3695.15,0,0.0036966,9.49531e-06,3.25589,1.52993,14.6186,1.19206,18.2124,0.42336,0.0018483,0.21168,0.0018483,0.21168,460.486,0,1.02816,0,0,4.28405,3.25589,1.028160,1,0,265.001,0,0,0,265.001,0
72.29,2.50214,0,0,8.50141,0.301108,5.69816,3.6288,61.308,0.315248,0,0,2.12804,0.193421,1.61937,0.66528,12.849,1,0.444737,5.69816,0,263.538,4.45074,264.341,0.84672,12.849,0.84672,3695.15,0,0.0036966,9.50402e-06,3.22197,1.58984,13.9025,1.19206,17.5223,0.42336,0.0018483,0.21168,0.0018483,0.21168,460.486,0,1.02816,0,0,4.25013,3.22197,1.028160,1,0,283.482,0,0,0,283.482,0
72.29,2.50268,0,0,6.70352,0.290792,3.91005,3.6288,61.308,0.315536,0,0,1.21878,0.19057,0.712669,0.66528,12.849,1,0.444832,3.91005,0,181.46,4.61376,180.311,0.84672,12.849,0.84672,3695.15,0,0.0036966,9.51272e-06,1.9542,1.59018,9.8248,1.21336,12.1558,0.42336,0.0018483,0.21168,0.0018483,0.21168,460.486,0,1.02816,0,0,2.98236,1.9542,1.028160,1,0,193.18,0,0,0,193.18,0
72.29,2.50322,0,0,6.61865,0.252419,3.86301,3.6288,61.308,0.315825,0,0,1.19481,0.194265,0.684718,0.66528,12.849,1,0.444928,3.86301,0,162.382,5.0491,160.751,0.84672,12.849,0.84672,3695.15,0,0.0036966,9.52144e-06,2.06422,1.59052,9.90662,1.27943,12.2819,0.42336,0.0018483,0.21168,0.0018483,0.21168,460.486,0,1.02816,0,0,3.09238,2.06422,1.028160,1,0,173.718,0,0,0,173.718,0
72.29,2.46925,0,0,5.3574,0.235352,2.6528,3.6288,61.308,0.295928,0,0,1.01497,0.220843,0.498195,0.66528,12.849,1,0.43889,2.6528,0,127.818,4.46008,125.572,0.84672,12.849,0.84672,3695.15,0,0.0036966,8.92158e-06,1.63254,1.59086,8.39221,1.21706,10.3985,0.42336,0.0018483,0.21168,0.0018483,0.21168,460.486,0,1.02816,0,0,2.6607,1.63254,1.028160,1,0,136.469,0,0,0,136.469,0
72.29,2.46978,0,0,5.05738,0.235352,2.35225,3.6288,61.308,0.296213,0,0,0.911313,0.220843,0.394256,0.66528,12.849,1,0.438984,2.35225,0,121.699,4.46008,119.152,0.84672,12.849,0.84672,3695.15,0,0.0036966,8.93016e-06,1.41737,1.56799,7.74783,1.21706,9.51613,0.42336,0.0018483,0.21168,0.0018483,0.21168,460.486,0,1.02816,0,0,2.44553,1.41737,1.028160,1,0,129.062,0,0,0,129.062,0
72.29,2.47031,0,0,4.62103,0.190405,1.96031,3.6288,61.308,0.296497,0,0,0.989911,0.208758,0.484655,0.66528,12.849,1,0.439079,1.96031,0,109.27,4.56126,106.23,0.84672,12.849,0.84672,3695.15,0,0.0036966,8.93874e-06,1.62539,1.56833,7.6445,1.18104,9.65717,0.42336,0.0018483,0.21168,0.0018483,0.21168,460.486,0,1.02816,0,0,2.65355,1.62539,1.028160,1,0,116.372,0,0,0,116.372,0
72.29,2.47084,0,0,4.31833,0.172426,1.67507,3.6288,61.308,0.296782,0,0,0.832775,0.203924,0.332069,0.66528,12.849,1,0.439173,1.67507,0,107.142,4.60173,103.776,0.84672,12.849,0.84672,3695.15,0,0.0036966,8.94732e-06,1.22272,1.56867,6.93351,1.16663,8.55826,0.42336,0.0018483,0.21168,0.0018483,0.21168,460.486,0,1.02816,0,0,2.25088,1.22272,1.028160,1,0,112.667,0,0,0,112.667,0
72.29,2.58861,0,0,4.31853,0.16281,1.56712,3.6288,61.308,0.368714,0,0,0.760337,0.241048,0.150575,0.66528,12.849,1,0.460105,1.56712,0,103.378,4.28493,100.2,0.84672,12.849,0.84672,3695.15,0,0.0036966,1.11159e-05,1.4457,1.56901,6.79415,1.13428,8.67456,0.42336,0.0018483,0.21168,0.0018483,0.21168,460.486,0,1.02816,0,0,2.47386,1.4457,1.028160,1,0,109.025,0,0,0,109.025,0
72.29,2.58916,0,0,3.69199,0.158964,0.943867,3.6288,61.308,0.369014,0,0,0.676354,0.255898,0.0514412,0.66528,12.849,1,0.460204,0.943867,0,62.1271,4.15821,58.4526,0.84672,12.849,0.84672,3695.15,0,0.0036966,1.1125e-05,1.35943,1.65057,5.85237,1.12134,7.74103,0.42336,0.0018483,0.21168,0.0018483,0.21168,460.486,0,1.02816,0,0,2.38759,1.35943,1.028160,1,0,66.2451,0,0,0,66.2451,0
72.29,2.58972,0,0,3.65574,0.158964,0.907057,3.6288,61.308,0.369315,0,0,0.787279,0.255898,0.162066,0.66528,12.849,1,0.460303,0.907057,0,55.0711,4.15821,51.3596,0.84672,12.849,0.84672,3695.15,0,0.0036966,1.1134e-05,1.05183,1.65093,5.58031,1.12134,7.16172,0.42336,0.0018483,0.21168,0.0018483,0.21168,460.486,0,1.02816,0,0,2.07999,1.05183,1.028160,1,0,58.6834,0,0,0,58.6834,0
72.29,2.59028,0,0,3.13528,0.158964,0.386044,3.6288,61.242,0.369615,0,0,0.559515,0.255898,0,0.66528,12.849,1,0.460402,0.386044,0,56.1267,4.15821,51.8942,0.84672,12.849,0.84672,3695.15,0,0.0036966,1.11431e-05,0.683899,1.65128,5.04635,1.12134,6.26018,0.42336,0.0018483,0.21168,0.0018483,0.21168,460.486,0,1.02816,0,0,1.71206,0.683899,1.028160,1,0,58.1543,0,0,0,58.1543,0
72.29,2.59083,0,0,3.11942,0.122997,0.405591,3.6288,61.163,0.369915,0,0,0.568949,0.278051,0,0.66528,12.849,1,0.460501,0.405591,0,62.772,4.97069,57.7464,0.84672,12.849,0.84672,3695.15,0,0.0036966,1.11641e-05,0.588807,1.65164,4.98307,1.28348,5.94002,0.42336,0.0018483,0.21168,0.0018483,0.21168,460.486,0,1.02816,0,0,1.61697,0.588807,1.028160,1,0,63.6864,0,0,0,63.6864,0
72.29,2.56818,0,0,3.0956,0.11022,0.417201,3.6288,61.0479,0.409636,0,0,0.599973,0.305439,0,0.66528,12.849,1,0.456474,0.417201,0,66.058,5.71315,60.3056,0.84672,12.849,0.84672,3695.15,0,0.0036966,1.23789e-05,0.595849,1.65199,4.59834,1.37133,5.47484,0.42336,0.0018483,0.21168,0.0018483,0.21168,460.486,0,1.02816,0,0,1.62401,0.595849,1.028160,1,0,65.7804,0,0,0,65.7804,0
72.0514,2.56873,0,0,2.80327,0.11022,0.36288,3.6288,60.9129,0.409945,0,0,0.580206,0.305217,0,0.66528,12.849,1,0.456572,0.36288,0,59.717,5.71315,53.9102,0.84672,12.849,0.84672,3695.15,0,0.0036966,1.24116e-05,0.525001,1.67768,4.51392,1.37133,5.34526,0.42336,0.0018483,0.21168,0.0018483,0.21168,460.486,0,1.02816,0,0,1.55316,0.525001,1.028160,1,0,59.2554,0,0,0,59.2554,0
71.7157,2.568,0,0,2.70516,0.110021,0.36288,3.6288,60.738,0.410254,0,0,0.54029,0.304956,0,0.66528,12.849,1,0.457954,0.36288,0,54.6319,5.71315,48.8237,0.84672,12.849,0.84672,3695.15,0,0.0036966,1.24485e-05,0.341712,1.67804,4.37164,1.37133,5.02005,0.42336,0.0018483,0.21168,0.0018483,0.21168,460.486,0,1.02816,0,0,1.36987,0.341712,1.028160,1,0,53.8438,0,0,0,53.8438,0
71.2846,2.56673,0,0,2.60304,0.104571,0.36288,3.6288,60.5352,0.410563,0,0,0.516809,0.309045,0,0.66528,12.849,1,0.459871,0.36288,0,48.9439,5.75112,43.0958,0.84672,12.849,0.84672,3695.15,0,0.0036966,1.24937e-05,0.268566,1.6784,4.34964,1.39382,4.90277,0.42336,0.0018483,0.21168,0.0018483,0.21168,460.486,0,1.02816,0,0,1.29673,0.268566,1.028160,1,0,47.9985,0,0,0,47.9985,0
70.8745,2.62479,0,0,2.66623,0.0886336,0.36288,3.6288,60.3604,0.446035,0,0,0.61429,0.343081,0,0.66528,12.849,1,0.473116,0.36288,0,54.4387,6.33885,47.9897,0.84672,12.849,0.84672,3695.15,0,0.0036966,1.36186e-05,0.505025,1.67876,4.20589,1.49088,4.89879,0.42336,0.0018483,0.21168,0.0018483,0.21168,460.486,0,1.02816,0,0,1.53319,0.505025,1.028160,1,0,52.8884,0,0,0,52.8884,0
70.401,2.62303,0,0,2.60074,0.0883557,0.36288,3.6288,60.1373,0.446352,0,0,0.565974,0.3427,0,0.66528,12.849,1,0.475536,0.36288,0,54.3688,6.33885,47.9173,0.84672,12.849,0.84672,3695.15,0,0.0036966,1.36678e-05,0.641805,1.71953,4.5069,1.49088,5.37734,0.42336,0.0018483,0.21168,0.0018483,0.21168,460.486,0,1.02816,0,0,1.66997,0.641805,1.028160,1,0,53.2947,0,0,0,53.2947,0
69.7628,2.62089,0,0,2.43369,0.0880348,0.36288,3.6288,59.8723,0.446668,0,0,0.523887,0.342213,0,0.66528,12.849,1,0.478343,0.36288,0,49.0816,6.33885,42.6273,0.84672,12.849,0.84672,3695.15,0,0.0036966,1.37282e-05,0.570136,1.7199,4.02237,1.49088,4.82151,0.42336,0.0018483,0.21168,0.0018483,0.21168,460.486,0,1.02816,0,0,1.5983,0.570136,1.028160,1,0,47.4488,0,0,0,47.4488,0
68.9289,2.61776,0,0,2.23425,0.0876023,0.36288,3.6288,59.6018,0.446985,0,0,0.518135,0.341636,0,0.66528,12.849,1,0.482141,0.36288,0,44.8665,6.33885,38.4084,0.84672,12.849,0.84672,3695.15,0,0.0036966,1.37987e-05,0.438869,1.72027,3.93401,1.49088,4.60225,0.42336,0.0018483,0.21168,0.0018483,0.21168,460.486,0,1.02816,0,0,1.46703,0.438869,1.028160,1,0,43.0106,0,0,0,43.0106,0
68.117,2.78794,0,0,2.41661,0.0776738,0.36288,3.6288,59.2353,0.57433,0,0,0.553323,0.345554,0,0.66528,12.849,1,0.519698,0.36288,0,41.3032,6.63602,34.5103,0.84672,12.849,0.84672,3695.15,0,0.0036966,1.78104e-05,0.632897,1.72064,5.47181,1.48987,6.33546,0.42336,0.0018483,0.21168,0.0018483,0.21168,460.486,0,1.02816,0,0,1.66106,0.632897,1.028160,1,0,40.8458,0,0,0,40.8458,0
66.932,2.78332,0,0,2.04769,0.0864274,0.36288,3.6288,58.7866,0.574674,0,0,0.445535,0.319532,0,0.66528,12.849,1,0.525022,0.36288,0,36.036,6.58308,29.2908,0.84672,12.849,0.84672,3695.15,0,0.0036966,1.79314e-05,0.336087,1.85796,3.73484,1.44907,4.4798,0.42336,0.0018483,0.21168,0.0018483,0.21168,460.486,0,1.02816,0,0,1.36425,0.336087,1.028160,1,0,33.7706,0,0,0,33.7706,0
65.8879,2.77612,0,0,2.18048,0.0856249,0.36288,3.6288,58.441,0.575018,0,0,0.548024,0.318614,0,0.66528,12.849,1,0.532934,0.36288,0,45.8571,6.58308,39.104,0.84672,12.849,0.84672,3695.15,0,0.0036966,1.80791e-05,0.653279,1.85836,4.17167,1.44907,5.23422,0.42336,0.0018483,0.21168,0.0018483,0.21168,460.486,0,1.02816,0,0,1.68144,0.653279,1.028160,1,0,44.3382,0,0,0,44.3382,0
64.4643,2.76965,0,0,1.79387,0.0849178,0.36288,3.6288,57.8634,0.65877,0,0,0.39912,0.317907,0,0.66528,12.849,1,0.540118,0.36288,0,42.0123,6.58308,35.2519,0.84672,12.849,0.84672,3695.15,0,0.0036966,2.08348e-05,0.204422,1.85876,3.41679,1.44907,4.03089,0.42336,0.0018483,0.21168,0.0018483,0.21168,460.486,0,0.944749,0,0,1.14917,0.204422,1.028160,1,0,39.2828,0,0,0,39.2828,0
63.771,2.76029,0,0,2.53509,0.105222,0.36288,3.6288,57.7793,0.575706,0,0,0.790284,0.298665,0,0.66528,12.849,1,0.550181,0.36288,0,45.0563,6.06261,38.8064,0.84672,12.849,0.84672,3695.15,0,0.0036966,1.83895e-05,1.34628,1.85916,5.45961,1.35797,7.30706,0.42336,0.0018483,0.21168,0.0018483,0.21168,460.486,0,1.02816,0,0,2.37444,1.34628,1.028160,1,0,46.1135,0,0,0,46.1135,0
63.4475,2.67182,0,0,2.8687,0.157508,0.36288,3.6288,57.9894,0.498867,0,0,0.962263,0.253379,0,0.66528,12.849,1,0.538336,0.36288,0,50.314,4.76143,45.3771,0.84672,12.849,0.84672,3695.15,0,0.0036966,1.59582e-05,1.17943,1.85956,6.18529,1.13022,8.09404,0.42336,0.0018483,0.21168,0.0018483,0.21168,460.486,0,1.02816,0,0,2.20759,1.17943,1.028160,1,0,53.4711,0,0,0,53.4711,0
63.4379,2.67011,0,0,3.18051,0.157095,0.36288,3.6288,58.1306,0.499195,0,0,0.894145,0.253723,0,0.66528,12.849,1,0.540735,0.36288,0,75.7304,4.76143,70.7911,0.84672,12.849,0.84672,3695.15,0,0.0036966,1.59109e-05,0.999034,1.78139,9.39367,1.13022,11.0439,0.42336,0.0018483,0.21168,0.0018483,0.21168,460.486,0,1.02816,0,0,2.02719,0.999034,1.028160,1,0,81.8349,0,0,0,81.8349,0
62.7827,2.67062,0,0,2.53536,0.157082,0.36288,3.6288,58.3091,0.499523,0,0,0.932023,0.253954,0,0.66528,12.849,1,0.540919,0.36288,0,59.5313,4.76143,54.5919,0.84672,12.849,0.84672,3695.15,0,0.0036966,1.58826e-05,1.13517,1.78177,6.73514,1.13022,8.52184,0.42336,0.0018483,0.21168,0.0018483,0.21168,460.486,0,1.02816,0,0,2.16333,1.13517,1.028160,1,0,63.1137,0,0,0,63.1137,0
63.1793,2.6665,0,0,3.5963,0.170292,0.36288,3.6288,58.4575,0.499851,0,0,0.886032,0.237821,0,0.66528,12.849,1,0.545722,0.36288,0,70.5256,4.57916,65.7636,0.84672,12.849,0.84672,3695.15,0,0.0036966,1.58444e-05,0.622624,1.78216,7.9126,1.0735,9.24386,0.42336,0.0018483,0.21168,0.0018483,0.21168,460.486,0,1.02816,0,0,1.65078,0.622624,1.028160,1,0,75.0074,0,0,0,75.0074,0
63.6229,2.60095,0,0,3.62972,0.222287,0.36288,3.6288,58.8724,0.429861,0,0,1.02168,0.176905,0,0.66528,12.849,1,0.528965,0.36288,0,66.0282,3.26273,62.5994,0.84672,12.849,0.84672,3695.15,0,0.0036966,1.35913e-05,1.05754,1.78254,10.0043,0.806962,12.0374,0.42336,0.0018483,0.21168,0.0018483,0.21168,460.486,0,1.02816,0,0,2.0857,1.05754,1.028160,1,0,74.6368,0,0,0,74.6368,0
63.8865,2.60458,0,0,3.4486,0.217552,0.36288,3.6288,59.2444,0.430175,0,0,0.985772,0.183645,0,0.66528,12.849,1,0.526009,0.36288,0,79.5709,3.2256,76.1822,0.84672,12.849,0.84672,3695.15,0,0.0036966,1.35053e-05,0.787113,1.71304,7.67286,0.819262,9.35374,0.42336,0.0018483,0.21168,0.0018483,0.21168,460.486,0,1.02816,0,0,1.81527,0.787113,1.028160,1,0,85.536,0,0,0,85.536,0
65.3358,2.60695,0,0,4.6371,0.218018,0.36288,3.6288,60.4381,0.430488,0,0,1.80833,0.184084,0,0.66528,12.849,1,0.524315,0.36288,0,92.8057,3.2256,89.4187,0.84672,12.849,0.84672,3695.15,0,0.0036966,1.34303e-05,1.16756,1.71341,8.62695,0.819262,10.6886,0.42336,0.0018483,0.21168,0.0018483,0.21168,460.486,0,1.02816,0,0,2.19572,1.16756,1.028160,1,0,100.107,0,0,0,100.107,0
68.1682,2.61723,0,0,6.10901,0.296474,0.36288,3.6288,61.308,0.430801,0,0,1.58591,0.213264,0.0719612,0.66528,12.849,1,0.514707,0.36288,0,113.349,3.91104,109.286,0.84672,12.849,0.84672,3695.15,0,0.0036966,1.31746e-05,1.41753,1.71377,9.34537,1.08178,11.3949,0.42336,0.0018483,0.21168,0.0018483,0.21168,460.486,0,1.02816,0,0,2.44569,1.41753,1.028160,1,0,120.753,0,0,0,120.753,0
70.8086,2.43728,0,0,5.71845,0.27792,0.36288,3.6288,61.308,0.284538,0,0,1.75455,0.221375,1.24864,0.66528,12.849,1,0.459403,0.36288,0,106.84,4.00476,102.738,0.84672,12.849,0.84672,3695.15,0,0.0036966,8.57819e-06,1.68485,1.71414,9.27832,1.09319,11.5841,0.42336,0.0018483,0.21168,0.0018483,0.21168,460.486,0,1.02816,0,0,2.71301,1.68485,1.028160,1,0,115.571,0,0,0,115.571,0
70.8917,2.45231,0,0,3.18587,0.287559,0.36288,3.6288,61.308,0.28482,0,0,1.33285,0.211677,0.836353,0.66528,12.849,1,0.444999,0.36288,0,131.602,4.34892,127.171,0.84672,12.849,0.84672,3695.15,0,0.0036966,8.58668e-06,0.950469,1.55705,6.73661,1.09781,8.1463,0.42336,0.0018483,0.21168,0.0018483,0.21168,460.486,0,1.02816,0,0,1.97863,0.950469,1.028160,1,0,136.153,0,0,0,136.153,0
70.9417,2.45328,0,0,3.15776,0.291619,0.36288,3.6288,61.308,0.285102,0,0,1.27793,0.209194,0.783629,0.66528,12.849,1,0.444653,0.36288,0,104.38,4.39457,99.9035,0.84672,12.849,0.84672,3695.15,0,0.0036966,8.59518e-06,0.921802,1.55738,5.75299,1.09716,7.13501,0.42336,0.0018483,0.21168,0.0018483,0.21168,460.486,0,1.02816,0,0,1.94996,0.921802,1.028160,1,0,107.822,0,0,0,107.822,0
71.0285,2.45407,0,0,3.19547,0.291731,0.36288,3.6288,61.308,0.285383,0,0,1.48726,0.209194,0.992678,0.66528,12.849,1,0.444483,0.36288,0,125.302,4.39457,120.825,0.84672,12.849,0.84672,3695.15,0,0.0036966,8.60368e-06,1.11616,1.55772,5.93382,1.09716,7.51053,0.42336,0.0018483,0.21168,0.0018483,0.21168,460.486,0,1.02816,0,0,2.14432,1.11616,1.028160,1,0,129.329,0,0,0,129.329,0
70.54,2.45506,0,0,2.61833,0.288833,0.36288,3.6288,61.308,0.285665,0,0,1.45272,0.210556,0.9565,0.66528,12.849,1,0.444119,0.36288,0,117.678,4.33547,113.261,0.84672,12.849,0.84672,3695.15,0,0.0036966,8.61218e-06,1.21295,1.55805,6.36201,1.08055,8.05246,0.42336,0.0018483,0.21168,0.0018483,0.21168,460.486,0,1.02816,0,0,2.24111,1.21295,1.028160,1,0,122.27,0,0,0,122.27,0
69.3652,2.52982,0,0,1.99287,0.274954,0.36288,3.6288,61.308,0.32843,0,0,0.845139,0.196033,0.320676,0.66528,12.849,1,0.460811,0.36288,0,60.999,3.73337,57.1677,0.84672,12.849,0.84672,3695.15,0,0.0036966,9.90142e-06,1.21146,1.55839,6.23784,0.913791,8.09388,0.42336,0.0018483,0.21168,0.0018483,0.21168,460.486,0,1.02816,0,0,2.23962,1.21146,1.028160,1,0,65.5823,0,0,0,65.5823,0
69.08,2.52375,0,0,2.8814,0.279982,0.36288,3.6288,61.308,0.328708,0,0,1.04554,0.165773,0.551054,0.66528,12.849,1,0.467491,0.36288,0,80.0064,3.40337,76.4984,0.84672,12.849,0.84672,3695.15,0,0.0036966,9.90982e-06,1.55888,1.60856,8.39359,0.824316,10.7367,0.42336,0.0018483,0.21168,0.0018483,0.21168,460.486,0,1.02816,0,0,2.58704,1.55888,1.028160,1,0,87.7862,0,0,0,87.7862,0
69.8372,2.52264,0,0,3.9221,0.279363,0.36288,3.6288,61.308,0.328987,0,0,1.62269,0.165773,1.12793,0.66528,12.849,1,0.469215,0.36288,0,93.9168,3.40337,90.4071,0.84672,12.849,0.84672,3695.15,0,0.0036966,9.91823e-06,2.00866,1.6089,7.80607,0.824316,10.5993,0.42336,0.0018483,0.21168,0.0018483,0.21168,460.486,0,1.02816,0,0,3.03682,2.00866,1.028160,1,0,102.134,0,0,0,102.134,0
72.29,2.52746,0,0,8.65737,0.281008,3.39614,3.6288,61.308,0.329266,0,0,2.0931,0.165773,1.59806,0.66528,12.849,1,0.465014,3.39614,0,101.952,3.40337,101.48,0.84672,12.849,0.84672,3695.15,0,0.0036966,9.92663e-06,3.04015,1.60923,13.2045,0.824316,17.0296,0.42336,0.0018483,0.21168,0.0018483,0.21168,460.486,0,1.02816,0,0,4.06831,3.04015,1.028160,1,0,120.107,0,0,0,120.107,0
72.29,2.78926,0,0,5.78935,0.30854,2.69156,3.6288,61.308,0.489178,0,0,1.66882,0.164518,1.01513,0.66528,12.849,1,0.495769,2.69156,0,115.733,3.56721,114.361,0.84672,12.849,0.84672,3695.15,0,0.0036966,1.47476e-05,2.46842,1.60956,9.10621,0.892548,12.2916,0.42336,0.0018483,0.21168,0.0018483,0.21168,460.486,0,1.02816,0,0,3.49658,2.46842,1.028160,1,0,127.668,0,0,0,127.668,0
72.29,2.78983,0,0,4.21813,0.329843,1.09845,3.6288,61.308,0.48949,0,0,1.1252,0.168896,0.466819,0.66528,12.849,1,0.495871,1.09845,0,98.4493,3.68823,95.3637,0.84672,12.849,0.84672,3695.15,0,0.0036966,1.4757e-05,1.38008,1.78793,8.82809,0.924682,11.0714,0.42336,0.0018483,0.21168,0.0018483,0.21168,460.486,0,1.02816,0,0,2.40824,1.38008,1.028160,1,0,106.902,0,0,0,106.902,0
72.29,2.7904,0,0,4.53052,0.329843,1.41028,3.6288,61.308,0.489801,0,0,0.932403,0.168896,0.273706,0.66528,12.849,1,0.495973,1.41028,0,76.6005,3.68823,73.8266,0.84672,12.849,0.84672,3695.15,0,0.0036966,1.47664e-05,0.803209,1.7883,8.59023,0.924682,10.257,0.42336,0.0018483,0.21168,0.0018483,0.21168,460.486,0,1.02816,0,0,1.83137,0.803209,1.028160,1,0,84.3573,0,0,0,84.3573,0
72.29,2.79097,0,0,3.70466,0.329843,0.583842,3.6288,61.308,0.490113,0,0,1.01791,0.168896,0.358904,0.66528,12.849,1,0.496075,0.583842,0,85.5991,3.68823,81.9986,0.84672,12.849,0.84672,3695.15,0,0.0036966,1.47758e-05,1.02527,1.78867,8.3897,0.924682,10.2789,0.42336,0.0018483,0.21168,0.0018483,0.21168,460.486,0,1.02816,0,0,2.05343,1.02527,1.028160,1,0,92.6365,0,0,0,92.6365,0
72.29,2.4377,0,0,5.99691,0.311317,3.24789,3.6288,61.308,0.276018,0,0,1.64545,0.21212,1.15731,0.66528,12.849,1,0.433283,3.24789,0,85.9759,4.12011,84.6704,0.84672,12.849,0.84672,3695.15,0,0.0036966,8.32134e-06,2.23487,1.78904,8.96597,1.10222,11.8877,0.42336,0.0018483,0.21168,0.0018483,0.21168,460.486,0,1.02816,0,0,3.26303,2.23487,1.028160,1,0,97.7153,0,0,0,97.7153,0
72.29,2.4382,0,0,5.35537,0.311179,2.60599,3.6288,61.308,0.276286,0,0,1.48135,0.213918,0.991149,0.66528,12.849,1,0.433372,2.60599,0,78.4408,3.92595,76.6875,0.84672,12.849,0.84672,3695.15,0,0.0036966,8.32942e-06,1.47918,1.54565,15.4991,1.05844,17.4655,0.42336,0.0018483,0.21168,0.0018483,0.21168,460.486,0,1.02816,0,0,2.50734,1.47918,1.028160,1,0,95.1442,0,0,0,95.1442,0
72.29,2.4387,0,0,8.53673,0.311179,5.78685,3.6288,61.308,0.276554,0,0,3.60937,0.213918,3.1189,0.66528,12.849,1,0.433461,5.78685,0,127.848,3.92595,129.275,0.84672,12.849,0.84672,3695.15,0,0.0036966,8.33749e-06,4.13706,1.54597,18.9847,1.05844,23.6092,0.42336,0.0018483,0.21168,0.0018483,0.21168,460.486,0,1.02816,0,0,5.16522,4.13706,1.028160,1,0,156.003,0,0,0,156.003,0
72.29,2.4392,0,0,4.34981,0.299851,1.61075,3.6288,61.308,0.276822,0,0,1.47088,0.207902,0.986159,0.66528,12.849,1,0.43355,1.61075,0,128.602,3.83875,125.941,0.84672,12.849,0.84672,3695.15,0,0.0036966,8.34557e-06,1.09531,1.54628,9.44197,1.04592,11.0376,0.42336,0.0018483,0.21168,0.0018483,0.21168,460.486,0,1.02816,0,0,2.12347,1.09531,1.028160,1,0,137.964,0,0,0,137.964,0
72.29,2.4397,0,0,4.26006,0.264673,1.55568,3.6288,61.308,0.27709,0,0,1.37264,0.20427,0.891277,0.66528,12.849,1,0.433639,1.55568,0,96.2971,4.03214,93.387,0.84672,12.849,0.84672,3695.15,0,0.0036966,8.35364e-06,1.16312,1.5466,7.00723,1.1166,8.60034,0.42336,0.0018483,0.21168,0.0018483,0.21168,460.486,0,1.02816,0,0,2.19128,1.16312,1.028160,1,0,102.879,0,0,0,102.879,0
72.29,2.52936,0,0,4.56618,0.3132,1.72362,3.6288,61.308,0.329863,0,0,1.69145,0.188938,1.17265,0.66528,12.849,1,0.449575,1.72362,0,84.45,3.38583,82.3382,0.84672,12.849,0.84672,3695.15,0,0.0036966,9.94465e-06,1.43581,1.54692,7.82569,0.993993,9.81442,0.42336,0.0018483,0.21168,0.0018483,0.21168,460.486,0,1.02816,0,0,2.46397,1.43581,1.028160,1,0,93.3252,0,0,0,93.3252,0
72.29,2.52988,0,0,3.98005,0.3132,1.13697,3.6288,61.308,0.330142,0,0,1.36305,0.188938,0.843975,0.66528,12.849,1,0.449668,1.13697,0,78.6439,3.38583,75.9453,0.84672,12.849,0.84672,3695.15,0,0.0036966,9.95305e-06,1.00235,1.60748,6.93314,0.993993,8.54897,0.42336,0.0018483,0.21168,0.0018483,0.21168,460.486,0,1.02816,0,0,2.03051,1.00235,1.028160,1,0,85.3383,0,0,0,85.3383,0
72.0664,2.5304,0,0,2.92639,0.25671,0.36288,3.6288,61.308,0.330421,0,0,1.08305,0.207659,0.54497,0.66528,12.849,1,0.44976,0.36288,0,53.241,3.5526,49.6015,0.84672,12.849,0.84672,3695.15,0,0.0036966,9.96146e-06,0.708687,1.60781,4.70276,1.00564,6.01361,0.42336,0.0018483,0.21168,0.0018483,0.21168,460.486,0,1.02816,0,0,1.73685,0.708687,1.028160,1,0,56.1601,0,0,0,56.1601,0
71.2795,2.52974,0,0,2.35262,0.246875,0.36288,3.6288,61.308,0.51178,0,0,0.816782,0.21078,0.0942229,0.66528,12.849,1,0.451037,0.36288,0,41.6813,3.58039,38.0127,0.84672,12.849,0.84672,3695.15,0,0.0036966,1.5429e-05,0.528595,1.60814,3.80214,1.00758,4.93129,0.42336,0.0018483,0.21168,0.0018483,0.21168,460.486,0,0.847074,0,0,1.37567,0.528595,1.028160,1,0,43.0382,0,0,0,43.0382,0
70.7574,2.49122,0,0,2.61808,0.28609,0.36288,3.6288,61.308,0.310569,0,0,0.777635,0.187647,0.279418,0.66528,12.849,1,0.449073,0.36288,0,48.6195,3.98215,44.5512,0.84672,12.849,0.84672,3695.15,0,0.0036966,9.36297e-06,0.75371,1.60847,4.85164,1.01857,6.19524,0.42336,0.0018483,0.21168,0.0018483,0.21168,460.486,0,1.02816,0,0,1.78187,0.75371,1.028160,1,0,51.0258,0,0,0,51.0258,0
70.115,2.48893,0,0,2.42492,0.21554,0.36288,3.6288,61.308,0.310844,0,0,0.708618,0.220345,0.177429,0.66528,12.849,1,0.45197,0.36288,0,44.6151,4.27045,40.2556,0.84672,12.849,0.84672,3695.15,0,0.0036966,9.37125e-06,0.620205,1.58533,4.57731,1.03578,5.74706,0.42336,0.0018483,0.21168,0.0018483,0.21168,460.486,0,1.02816,0,0,1.64837,0.620205,1.028160,1,0,46.1801,0,0,0,46.1801,0
69.4211,2.48594,0,0,2.36939,0.214477,0.36288,3.6288,61.308,0.311119,0,0,0.795303,0.220345,0.263839,0.66528,12.849,1,0.455563,0.36288,0,43.3153,4.27045,38.9522,0.84672,12.849,0.84672,3695.15,0,0.0036966,9.37953e-06,0.853554,1.58566,5.44902,1.03578,6.85244,0.42336,0.0018483,0.21168,0.0018483,0.21168,460.486,0,1.02816,0,0,1.88171,0.853554,1.028160,1,0,46.0685,0,0,0,46.0685,0
68.7155,2.4826,0,0,2.35322,0.213329,0.36288,3.6288,61.308,0.311394,0,0,0.791329,0.220345,0.25959,0.66528,12.849,1,0.4595,0.36288,0,42.4352,4.27045,38.0681,0.84672,12.849,0.84672,3695.15,0,0.0036966,9.38782e-06,0.581161,1.58598,4.63342,1.03578,5.76478,0.42336,0.0018483,0.21168,0.0018483,0.21168,460.486,0,1.02816,0,0,1.60932,0.581161,1.028160,1,0,44.0925,0,0,0,44.0925,0
67.6909,2.59674,0,0,2.14537,0.210354,0.36288,3.6288,61.308,0.384105,0,0,0.615249,0.222479,0.0086659,0.66528,12.849,1,0.48556,0.36288,0,38.805,3.83366,34.8487,0.84672,12.849,0.84672,3695.15,0,0.0036966,1.15799e-05,0.465238,1.58631,3.87901,1.09818,4.83236,0.42336,0.0018483,0.21168,0.0018483,0.21168,460.486,0,1.02816,0,0,1.4934,0.465238,1.028160,1,0,39.6897,0,0,0,39.6897,0
66.436,2.59109,0,0,1.86967,0.170601,0.36288,3.6288,61.2095,0.392153,0,0,0.526701,0.233004,0,0.66528,12.849,1,0.491838,0.36288,0,33.2071,3.77695,29.3012,0.84672,12.849,0.84672,3695.15,0,0.0036966,1.18225e-05,0.402797,1.66876,3.22053,1.09483,4.19724,0.42336,0.0018483,0.21168,0.0018483,0.21168,460.486,0,1.0204,0,0,1.4232,0.402797,1.028160,1,0,33.4985,0,0,0,33.4985,0
65.0922,2.58384,0,0,1.75732,0.154372,0.36288,3.6288,61.137,0.384684,0,0,0.548519,0.236427,0,0.66528,12.849,1,0.499725,0.36288,0,30.5872,3.88532,26.5651,0.84672,12.849,0.84672,3695.15,0,0.0036966,1.1616e-05,0.398581,1.6691,3.27311,1.07477,4.26601,0.42336,0.0018483,0.21168,0.0018483,0.21168,460.486,0,1.02816,0,0,1.42674,0.398581,1.028160,1,0,30.8311,0,0,0,30.8311,0
63.6895,2.57575,0,0,1.68867,0.152724,0.36288,3.6288,61.0744,0.384974,0,0,0.558783,0.236318,0,0.66528,12.849,1,0.508445,0.36288,0,28.8351,3.88532,24.8043,0.84672,12.849,0.84672,3695.15,0,0.0036966,1.16386e-05,0.327568,1.66945,3.26375,1.07477,4.18598,0.42336,0.0018483,0.21168,0.0018483,0.21168,460.486,0,1.02816,0,0,1.35573,0.327568,1.028160,1,0,28.9902,0,0,0,28.9902,0
62.1327,2.56696,0,0,1.51515,0.142162,0.36288,3.6288,60.9899,0.413905,0,0,0.549195,0.219785,0,0.66528,12.849,1,0.517869,0.36288,0,27.5778,4.03585,23.3869,0.84672,12.849,0.84672,3695.15,0,0.0036966,1.2526e-05,0.30119,1.66979,3.00123,1.04873,3.92347,0.42336,0.0018483,0.21168,0.0018483,0.21168,460.486,0,0.999518,0,0,1.30071,0.30119,1.028160,1,0,27.3104,0,0,0,27.3104,0
60.3802,2.53383,0,0,1.26271,0.118538,0.36288,3.6288,60.9876,0.425407,0,0,0.601602,0.178589,0,0.66528,12.849,1,0.523994,0.36288,0,27.7046,4.41221,23.1313,0.84672,12.849,0.84672,3695.15,0,0.0036966,1.2892e-05,0.309226,1.67013,2.87295,0.983614,3.86868,0.42336,0.0018483,0.21168,0.0018483,0.21168,460.486,0,1.02816,0,0,1.33739,0.309226,1.028160,1,0,26.9999,0,0,0,26.9999,0
58.5247,2.5218,0,0,1.1461,0.11683,0.36288,3.6288,60.8448,0.528561,0,0,0.564398,0.178586,0,0.66528,12.849,1,0.536644,0.36288,0,24.6872,4.41221,20.1012,0.84672,12.849,0.84672,3695.15,0,0.0036966,1.60187e-05,0.261274,1.69609,2.77919,0.983614,3.75292,0.42336,0.0018483,0.21168,0.0018483,0.21168,460.486,0,0.925301,0,0,1.18657,0.261274,1.028160,1,0,23.8541,0,0,0,23.8541,0
56.6558,2.50837,0,0,1.08735,0.0849968,0.36288,3.6288,60.595,0.524229,0,0,0.529416,0.254983,0,0.66528,12.849,1,0.550707,0.36288,0,22.2058,5.40026,16.6178,0.84672,12.849,0.84672,3695.15,0,0.0036966,1.59246e-05,0.261274,1.69643,2.63388,1.34427,3.2473,0.42336,0.0018483,0.21168,0.0018483,0.21168,460.486,0,0.929932,0,0,1.19121,0.261274,1.028160,1,0,19.8651,0,0,0,19.8651,0
54.6798,2.49407,0,0,0.964328,0.0834559,0.36288,3.6288,60.2976,0.540337,0,0,0.49755,0.25458,0,0.66528,12.849,1,0.56563,0.36288,0,20.8302,5.40026,15.2272,0.84672,12.849,0.84672,3695.15,0,0.0036966,1.64816e-05,0.261274,1.69678,2.53403,1.34427,3.14779,0.42336,0.0018483,0.21168,0.0018483,0.21168,460.486,0,0.914121,0,0,1.17539,0.261274,1.028160,1,0,18.375,0,0,0,18.375,0
52.8267,2.53585,0,0,1.11897,0.0733531,0.36288,3.6288,60.0907,0.524621,0,0,0.609488,0.291836,0,0.66528,12.849,1,0.595891,0.36288,0,22.9467,5.92828,16.7854,0.84672,12.849,0.84672,3695.15,0,0.0036966,1.60812e-05,0.261274,1.69713,2.73755,1.50929,3.18664,0.42336,0.0018483,0.21168,0.0018483,0.21168,460.486,0,0.965684,0,0,1.22696,0.261274,1.028160,1,0,19.9721,0,0,0,19.9721,0
50.9998,2.51955,0,0,1.12619,0.0705975,0.36288,3.6288,59.9444,0.47238,0,0,0.62388,0.297733,0,0.66528,12.849,1,0.61283,0.36288,0,21.9592,6.01629,15.6929,0.84672,12.849,0.84672,3695.15,0,0.0036966,1.45297e-05,0.261274,1.73833,2.84862,1.5368,3.3114,0.42336,0.0018483,0.21168,0.0018483,0.21168,460.486,0,1.01823,0,0,1.27951,0.261274,1.028160,1,0,19.0043,0,0,0,19.0043,0
49.0445,2.50253,0,0,0.97937,0.0692733,0.36288,3.6288,59.6865,0.54684,0,0,0.58631,0.297456,0,0.66528,12.849,1,0.630493,0.36288,0,20.7757,6.01629,14.4918,0.84672,12.849,0.84672,3695.15,0,0.0036966,1.6861e-05,0.227405,1.73868,2.77213,1.5368,3.2014,0.42336,0.0018483,0.21168,0.0018483,0.21168,460.486,0,0.944075,0,0,1.17148,0.227405,1.028160,1,0,17.6932,0,0,0,17.6932,0
47.0325,2.48312,0,0,0.901843,0.0678527,0.36288,3.6288,59.3566,0.607399,0,0,0.574467,0.296967,0,0.66528,12.849,1,0.650544,0.36288,0,19.5944,6.01629,13.2904,0.84672,12.849,0.84672,3695.15,0,0.0036966,1.88092e-05,0.227405,1.73904,2.74407,1.5368,3.1737,0.42336,0.0018483,0.21168,0.0018483,0.21168,460.486,0,0.88382,0,0,1.11123,0.227405,1.028160,1,0,16.4641,0,0,0,16.4641,0
44.674,2.62617,0,0,0.677615,0.0470326,0.36288,3.6288,58.769,0.811221,0,0,0.537629,0.314005,0,0.66528,12.849,1,0.717456,0.36288,0,17.0302,6.34536,10.3303,0.84672,12.849,0.84672,3695.15,0,0.0036966,2.52606e-05,0.227405,1.7394,2.68575,1.60166,3.05087,0.42336,0.0018483,0.21168,0.0018483,0.21168,460.486,0,0.808713,0,0,1.03612,0.227405,1.028160,1,0,13.3811,0,0,0,13.3811,0
42.1735,2.59729,0,0,0.508396,0.0487411,0.36288,3.6288,57.9577,0.941365,0,0,0.450175,0.320064,0,0.66528,12.849,1,0.747024,0.36288,0,13.564,6.21989,6.95999,0.84672,12.849,0.84672,3695.15,0,0.0036966,2.96062e-05,0.227405,1.8782,2.72208,1.61804,3.20961,0.42336,0.0018483,0.21168,0.0018483,0.21168,460.486,0,0.678897,0,0,0.906301,0.227405,1.028160,1,0,10.1696,0,0,0,10.1696,0
39.697,2.56386,0,0,0.497616,0.0473611,0.36288,3.6288,57.0906,0.969629,0,0,0.420904,0.318396,0,0.66528,12.849,1,0.781131,0.36288,0,12.3776,6.21989,5.73944,0.84672,12.849,0.84672,3695.15,0,0.0036966,3.0922e-05,0.204422,1.87858,2.73211,1.61804,3.19705,0.42336,0.0018483,0.21168,0.0018483,0.21168,460.486,0,0.650963,0,0,0.855386,0.204422,1.028160,1,0,8.93649,0,0,0,8.93649,0
37.4835,2.52756,0,0,0.722966,0.0459971,0.36288,3.6288,56.4397,0.817928,0,0,0.483632,0.316613,0,0.66528,12.849,1,0.818112,0.36288,0,14.0973,6.21989,7.42217,0.84672,12.849,0.84672,3695.15,0,0.0036966,2.64803e-05,0.204422,1.87897,3.02916,1.61804,3.49448,0.42336,0.0018483,0.21168,0.0018483,0.21168,460.486,0,0.803002,0,0,1.00742,0.204422,1.028160,1,0,10.9166,0,0,0,10.9166,0
35.5098,2.49963,0,0,0.961416,0.0726783,0.36288,3.6288,55.9103,0.817868,0,0,0.584459,0.295927,0,0.66528,12.849,1,0.84672,0.36288,0,21.9879,5.81712,15.6869,0.84672,12.849,0.84672,3695.15,0,0.0036966,2.67837e-05,0.204422,1.87935,3.24693,1.52723,3.80344,0.42336,0.0018483,0.21168,0.0018483,0.21168,460.486,0,0.803394,0,0,1.00782,0.204422,1.028160,1,0,19.4903,0,0,0,19.4903,0
33.1848,2.39819,0,0,0.554953,0.118897,0.36288,3.6288,54.9624,1.08381,0,0,0.358696,0.222843,0,0.66528,12.849,1,0.84672,0.36288,0,12.5483,4.20186,7.8626,0.84672,12.849,0.84672,3695.15,0,0.0036966,3.58288e-05,0.204422,1.87974,2.41105,1.1171,3.37807,0.42336,0.0018483,0.21168,0.0018483,0.21168,460.486,0,0.459755,0,0,0.664178,0.204422,1.028160,1,0,11.2407,0,0,0,11.2407,0
30.961,2.39885,0,0,0.657004,0.119001,0.36288,3.6288,54.6051,0.7497,0,0,0.612856,0.220431,0,0.66528,12.849,1,0.84672,0.36288,0,14.8856,4.17217,10.2296,0.84672,12.849,0.84672,3695.15,0,0.0036966,2.52112e-05,0.216518,1.8007,3.45398,1.11346,4.35771,0.42336,0.0018483,0.21168,0.0018483,0.21168,460.486,0,0.794189,0,0,1.01071,0.216518,1.028160,1,0,14.5873,0,0,0,14.5873,0
28.7221,2.3995,0,0,0.639164,0.115712,0.36288,3.6288,54.1134,0.796524,0,0,0.524684,0.219912,0,0.66528,12.849,1,0.84672,0.36288,0,14.5198,4.17217,9.86376,0.84672,12.849,0.84672,3695.15,0,0.0036966,2.69611e-05,0.216518,1.80107,2.82192,1.11346,3.72602,0.42336,0.0018483,0.21168,0.0018483,0.21168,460.486,0,0.74768,0,0,0.964198,0.216518,1.028160,1,0,13.5898,0,0,0,13.5898,0
26.4783,2.40016,0,0,0.631485,0.112286,0.36288,3.6288,54.0023,0.544457,0,0,0.652616,0.219199,0,0.66528,12.849,1,0.84672,0.36288,0,14.1896,4.17217,9.53363,0.84672,12.849,0.84672,3695.15,0,0.0036966,1.85965e-05,0.216518,1.80144,3.54113,1.11346,4.44561,0.42336,0.0018483,0.21168,0.0018483,0.21168,460.486,0,1.00007,0,0,1.21659,0.216518,1.028160,1,0,13.9792,0,0,0,13.9792,0
24.4309,2.31692,0,0,0.738347,0.105866,0.36288,3.6288,53.5687,0.753008,0,0,0.535788,0.216352,0,0.66528,12.849,1,0.84672,0.36288,0,14.448,4.27737,9.68677,0.84672,12.849,0.84672,3695.15,0,0.0036966,2.57727e-05,0.216518,1.80181,4.12815,1.02718,5.11928,0.42336,0.0018483,0.21168,0.0018483,0.21168,460.486,0,0.720751,0,0,0.937269,0.216518,1.028160,1,0,14.806,0,0,0,14.806,0
22.4359,2.25699,0,0,0.791087,0.166225,0.36288,3.6288,52.5885,1.1267,0,0,0.350205,0.203708,0,0.66528,12.849,1,0.84672,0.36288,0,13.1267,4.42848,8.21435,0.84672,12.849,0.84672,3695.15,0,0.0036966,3.88749e-05,0.216518,1.73154,3.62791,1.13156,4.44438,0.42336,0.0018483,0.21168,0.0018483,0.21168,460.486,0,0.407914,0,0,0.624433,0.216518,1.028160,1,0,12.6587,0,0,0,12.6587,0
20.3076,2.25793,0,0,0.65406,0.161622,0.36288,3.6288,51.5387,1.14949,0,0,0.301755,0.202118,0,0.66528,12.849,1,0.84672,0.36288,0,10.5273,4.42848,5.615,0.84672,12.849,0.84672,3695.15,0,0.0036966,4.04006e-05,0.292723,1.76734,3.51903,1.13156,4.4475,0.42336,0.0018483,0.21168,0.0018483,0.21168,460.486,0,0.38512,0,0,0.677843,0.292723,1.028160,1,0,10.0625,0,0,0,10.0625,0
19.1919,2.25886,0,0,1.66312,0.157001,0.36288,3.6288,51.7979,0.506476,0,0,0.966092,0.200415,0,0.66528,12.849,1,0.84672,0.36288,0,29.3702,4.42848,24.4579,0.84672,12.849,0.84672,3695.15,0,0.0036966,1.81634e-05,1.03445,1.76752,8.22408,1.13156,9.89447,0.42336,0.0018483,0.21168,0.0018483,0.21168,460.486,0,1.02816,0,0,2.06261,1.03445,1.028160,1,0,34.3524,0,0,0,34.3524,0
18.9269,2.02135,0,0,2.27683,0.157597,0.36288,3.6288,52.7112,0.358323,0,0,1.47132,0.199697,0,0.66528,12.849,1,0.84672,0.36288,0,52.9129,4.28412,48.145,0.84672,12.849,0.84672,3695.15,0,0.0036966,1.2786e-05,0.973789,1.7677,10.6681,1.07189,12.3377,0.42336,0.0018483,0.21168,0.0018483,0.21168,460.486,0,1.02816,0,0,2.00195,0.973789,1.028160,1,0,60.4826,0,0,0,60.4826,0
19.0228,1.87411,0,0,2.49384,0.16102,0.36288,3.6288,53.1104,0.506446,0,0,1.10531,0.199642,0,0.66528,12.849,1,0.84672,0.36288,0,63.5065,4.09164,58.931,0.84672,12.849,0.84672,3695.15,0,0.0036966,1.77584e-05,0.990749,1.60872,9.5675,0.992336,11.1746,0.42336,0.0018483,0.21168,0.0018483,0.21168,460.486,0,1.02816,0,0,2.01891,0.990749,1.028160,1,0,70.1056,0,0,0,70.1056,0
18.7895,1.87498,0,0,2.16588,0.161237,0.36288,3.6288,53.4818,0.506446,0,0,1.07809,0.200281,0,0.66528,12.849,1,0.84672,0.36288,0,53.3986,4.09164,48.8231,0.84672,12.849,0.84672,3695.15,0,0.0036966,1.76249e-05,0.902854,1.69557,9.34243,0.992336,10.9485,0.42336,0.0018483,0.21168,0.0018483,0.21168,460.486,0,1.02816,0,0,1.93101,0.902854,1.028160,1,0,59.7716,0,0,0,59.7716,0
19.3748,1.87585,0,0,2.9842,0.160187,0.36288,3.6288,53.7896,0.506446,0,0,1.02541,0.211111,0,0.66528,12.849,1,0.84672,0.36288,0,54.7481,4.42239,49.8419,0.84672,12.849,0.84672,3695.15,0,0.0036966,1.75025e-05,0.981271,1.69573,9.21084,1.09502,10.7928,0.42336,0.0018483,0.21168,0.0018483,0.21168,460.486,0,1.02816,0,0,2.00943,0.981271,1.028160,1,0,60.6347,0,0,0,60.6347,0
20.4775,1.87673,0,0,3.50253,0.160199,0.36288,3.6288,54.3027,0.506447,0,0,1.25683,0.23728,0,0.66528,12.849,1,0.84672,0.36288,0,68.748,5.24927,63.0149,0.84672,12.849,0.84672,3695.15,0,0.0036966,1.74023e-05,1.61483,1.6959,11.8865,1.35172,13.8455,0.42336,0.0018483,0.21168,0.0018483,0.21168,460.486,0,1.02816,0,0,2.64299,1.61483,1.028160,1,0,76.8603,0,0,0,76.8603,0
22.2635,1.96941,0,0,4.2835,0.165273,0.36288,3.6288,54.262,0.585222,0,0,0.707257,0.162762,0,0.66528,12.849,1,0.84672,0.36288,0,45.8393,4.00019,41.3553,0.84672,12.849,0.84672,3695.15,0,0.0036966,1.99192e-05,0.412474,1.69606,8.94325,0.879281,10.1725,0.42336,0.0018483,0.21168,0.0018483,0.21168,460.486,0,0.992321,0,0,1.40479,0.412474,1.028160,1,0,51.5278,0,0,0,51.5278,0
22.5748,2.01322,0,0,2.85673,0.169346,0.36288,3.6288,54.1142,0.730393,0,0,0.745312,0.162719,0,0.66528,12.849,1,0.84672,0.36288,0,33.4907,4.00019,29.0067,0.84672,12.849,0.84672,3695.15,0,0.0036966,2.4879e-05,0.503194,1.7466,5.59113,0.879281,6.96162,0.42336,0.0018483,0.21168,0.0018483,0.21168,460.486,0,0.804203,0,0,1.3074,0.503194,1.028160,1,0,35.9683,0,0,0,35.9683,0
26.3456,2.01408,0,0,6.31784,0.170056,0.36288,3.6288,55.0591,0.506443,0,0,1.61393,0.162559,0,0.66528,12.849,1,0.84672,0.36288,0,88.0148,4.00019,83.5308,0.84672,12.849,0.84672,3695.15,0,0.0036966,1.72978e-05,1.34279,1.72163,12.8256,0.879281,15.0108,0.42336,0.0018483,0.21168,0.0018483,0.21168,460.486,0,1.02816,0,0,2.37095,1.34279,1.028160,1,0,98.5416,0,0,0,98.5416,0
32.004,2.01497,0,0,8.21567,0.179411,0.36288,3.6288,57.3105,0.506443,0,0,2.92136,0.163577,0,0.66528,12.849,1,0.84672,0.36288,0,131.409,4.00019,126.925,0.84672,12.849,0.84672,3695.15,0,0.0036966,1.7001e-05,3.46921,1.72179,18.9078,0.879281,23.2195,0.42336,0.0018483,0.21168,0.0018483,0.21168,460.486,0,1.02816,0,0,4.49737,3.46921,1.028160,1,0,150.145,0,0,0,150.145,0
42.5838,2.3109,0,0,13.4836,0.229968,0.36288,3.6288,59.5944,0.66528,0,0,3.12446,0.175266,0,0.66528,12.849,1,0.84672,0.36288,0,232.032,4.20735,227.34,0.84672,12.849,0.84672,3695.15,0,0.0036966,0.0018483,5.27336,1.72195,25.6334,1.0413,31.5856,0.42336,0.0018483,0.21168,0.0018483,0.21168,460.486,0,1.02816,0,0,6.30152,5.27336,1.028160,1,0,258.926,0,0,0,258.926,0
50.0205,2.55037,0,0,10.6022,0.252319,0.36288,3.6288,61.308,0.506476,0,0,2.45658,0.159924,0.0765469,0.66528,12.849,1,0.769533,0.36288,0,140.552,3.88258,136.263,0.84672,12.849,0.84672,3695.15,0,0.0036966,1.57082e-05,4.44241,1.90206,17.9235,1.03961,23.2284,0.42336,0.0018483,0.21168,0.0018483,0.21168,460.486,0,1.02816,0,0,5.47057,4.44241,1.028160,1,0,159.568,0,0,0,159.568,0
54.8387,2.64256,0,0,8.09767,0.274065,0.36288,3.6288,61.308,0.505975,0,0,1.60006,0.161676,0.932409,0.66528,12.849,1,0.678806,0.36288,0,98.0752,3.88258,93.8767,0.84672,12.849,0.84672,3695.15,0,0.0036966,1.5254e-05,1.65785,1.80784,10.9946,1.03961,13.4206,0.42336,0.0018483,0.21168,0.0018483,0.21168,460.486,0,1.02816,0,0,2.68601,1.65785,1.028160,1,0,108.23,0,0,0,108.23,0
58.3136,2.69141,0,0,6.81299,0.283816,0.36288,3.6288,61.308,0.506275,0,0,1.41597,0.168439,0.741253,0.66528,12.849,1,0.630612,0.36288,0,72.112,3.89562,67.9487,0.84672,12.849,0.84672,3695.15,0,0.0036966,1.52631e-05,1.17023,1.80773,9.20868,1.05108,11.1355,0.42336,0.0018483,0.21168,0.0018483,0.21168,460.486,0,1.02816,0,0,2.19839,1.17023,1.028160,1,0,79.8255,0,0,0,79.8255,0
62.8266,2.37761,0,0,7.55663,0.303056,0.36288,3.6288,61.308,0.289889,0,0,2.7239,0.177555,2.25645,0.66528,12.849,1,0.523891,0.36288,0,106.014,3.73437,102.118,0.84672,12.849,0.84672,3695.15,0,0.0036966,8.7395e-06,4.66032,1.80808,15.229,1.03223,20.6652,0.42336,0.0018483,0.21168,0.0018483,0.21168,460.486,0,1.02816,0,0,5.68848,4.66032,1.028160,1,0,125.04,0,0,0,125.04,0
66.7214,2.40933,0,0,7.01004,0.343107,0.36288,3.6288,61.308,0.290147,0,0,2.41585,0.153958,1.97174,0.66528,12.849,1,0.492745,0.36288,0,101.174,3.55477,97.4889,0.84672,12.849,0.84672,3695.15,0,0.0036966,8.74727e-06,4.77437,1.56209,16.0101,0.966497,21.38,0.42336,0.0018483,0.21168,0.0018483,0.21168,460.486,0,1.02816,0,0,5.80253,4.77437,1.028160,1,0,120.841,0,0,0,120.841,0
69.0119,2.43393,0,0,5.44144,0.354031,0.36288,3.6288,61.308,0.290404,0,0,1.8806,0.153958,1.43624,0.66528,12.849,1,0.468719,0.36288,0,106.612,3.55477,102.951,0.84672,12.849,0.84672,3695.15,0,0.0036966,8.75505e-06,3.46512,1.56239,12.9543,0.966497,17.0153,0.42336,0.0018483,0.21168,0.0018483,0.21168,460.486,0,1.02816,0,0,4.49328,3.46512,1.028160,1,0,121.402,0,0,0,121.402,0
70.2716,2.44753,0,0,4.39737,0.327316,0.36288,3.6288,61.308,0.290662,0,0,1.25912,0.135909,0.832553,0.66528,12.849,1,0.455693,0.36288,0,87.0126,3.29319,83.6266,0.84672,12.849,0.84672,3695.15,0,0.0036966,8.76283e-06,2.50751,1.5627,11.4402,0.928921,14.5815,0.42336,0.0018483,0.21168,0.0018483,0.21168,460.486,0,1.02816,0,0,3.53567,2.50751,1.028160,1,0,99.0406,0,0,0,99.0406,0
72.29,2.45491,0,0,5.30804,0.288641,0.546079,3.6288,61.308,0.29092,0,0,1.68799,0.113991,1.28308,0.66528,12.849,1,0.448875,0.546079,0,97.3469,2.9506,94.4935,0.84672,12.849,0.84672,3695.15,0,0.0036966,8.7706e-06,3.57776,1.563,13.2321,0.893002,17.4798,0.42336,0.0018483,0.21168,0.0018483,0.21168,460.486,0,1.02816,0,0,4.60592,3.57776,1.028160,1,0,113.256,0,0,0,113.256,0
72.29,2.55614,0,0,8.61121,0.309799,5.74527,3.6288,61.308,0.34424,0,0,2.92705,0.126878,2.45593,0.66528,12.849,1,0.454335,5.74527,0,146.921,2.98778,149.225,0.84672,12.849,0.84672,3695.15,0,0.0036966,1.03781e-05,4.22309,1.56331,19.7684,0.978099,24.5767,0.42336,0.0018483,0.21168,0.0018483,0.21168,460.486,0,1.02816,0,0,5.25125,4.22309,1.028160,1,0,176.257,0,0,0,176.257,0
72.29,2.55664,0,0,6.20482,0.309799,3.33838,3.6288,61.308,0.344508,0,0,1.55281,0.126878,1.08142,0.66528,12.849,1,0.454424,3.33838,0,93.9712,2.98778,93.8674,0.84672,12.849,0.84672,3695.15,0,0.0036966,1.03862e-05,2.46141,1.6245,15.4943,0.978099,18.6021,0.42336,0.0018483,0.21168,0.0018483,0.21168,460.486,0,1.02816,0,0,3.48957,2.46141,1.028160,1,0,113.551,0,0,0,113.551,0
72.29,2.55714,0,0,5.73911,0.309799,2.87217,3.6288,61.308,0.344777,0,0,1.75548,0.126878,1.28383,0.66528,12.849,1,0.454513,2.87217,0,107.858,2.98778,107.288,0.84672,12.849,0.84672,3695.15,0,0.0036966,1.03943e-05,2.57107,1.62482,16.0594,0.978099,19.2772,0.42336,0.0018483,0.21168,0.0018483,0.21168,460.486,0,1.02816,0,0,3.59923,2.57107,1.028160,1,0,127.849,0,0,0,127.849,0
72.29,2.55764,0,0,5.36577,0.247303,2.56082,3.6288,61.308,0.345045,0,0,1.79221,0.160182,1.28699,0.66528,12.849,1,0.454601,2.56082,0,94.0274,3.39497,92.7386,0.84672,12.849,0.84672,3695.15,0,0.0036966,1.04024e-05,2.71113,1.62514,16.5079,1.05825,19.7859,0.42336,0.0018483,0.21168,0.0018483,0.21168,460.486,0,1.02816,0,0,3.73929,2.71113,1.028160,1,0,113.812,0,0,0,113.812,0
72.29,2.52288,0,0,5.78953,0.220903,3.04575,3.6288,61.308,0.324689,0,0,2.3329,0.182938,1.82527,0.66528,12.849,1,0.448424,3.04575,0,80.1179,3.86576,78.8494,0.84672,12.849,0.84672,3695.15,0,0.0036966,9.78866e-06,3.92983,1.62545,15.4574,1.06696,19.9457,0.42336,0.0018483,0.21168,0.0018483,0.21168,460.486,0,1.02816,0,0,4.95799,3.92983,1.028160,1,0,100.62,0,0,0,100.62,0
72.29,2.52338,0,0,5.01432,0.216503,2.27444,3.6288,61.308,0.324954,0,0,1.25196,0.186731,0.740277,0.66528,12.849,1,0.448511,2.27444,0,70.2968,3.94422,68.1785,0.84672,12.849,0.84672,3695.15,0,0.0036966,9.79664e-06,1.71184,1.60205,9.81634,1.06841,12.0618,0.42336,0.0018483,0.21168,0.0018483,0.21168,460.486,0,1.02816,0,0,2.74,1.71184,1.028160,1,0,80.9806,0,0,0,80.9806,0
72.29,2.52387,0,0,4.43547,0.216503,1.6951,3.6288,61.308,0.325219,0,0,1.23441,0.186731,0.722464,0.66528,12.849,1,0.448599,1.6951,0,65.588,3.94422,62.8902,0.84672,12.849,0.84672,3695.15,0,0.0036966,9.80462e-06,1.56823,1.60237,8.62004,1.06841,10.7222,0.42336,0.0018483,0.21168,0.0018483,0.21168,460.486,0,1.02816,0,0,2.59639,1.56823,1.028160,1,0,74.3349,0,0,0,74.3349,0
72.29,2.52437,0,0,5.32939,0.216503,2.58853,3.6288,61.308,0.325483,0,0,1.28524,0.186731,0.773029,0.66528,12.849,1,0.448687,2.58853,0,71.9245,3.94422,70.1202,0.84672,12.849,0.84672,3695.15,0,0.0036966,9.8126e-06,1.70656,1.60268,11.2799,1.06841,13.5207,0.42336,0.0018483,0.21168,0.0018483,0.21168,460.486,0,1.02816,0,0,2.73472,1.70656,1.028160,1,0,84.4139,0,0,0,84.4139,0
72.29,2.64463,0,0,4.54367,0.174155,1.72489,3.6288,61.308,0.398946,0,0,1.32827,0.178247,0.751078,0.66528,12.849,1,0.470063,1.72489,0,62.573,3.79131,60.0365,0.84672,12.849,0.84672,3695.15,0,0.0036966,1.20273e-05,1.75716,1.60299,9.93764,1.01054,12.2872,0.42336,0.0018483,0.21168,0.0018483,0.21168,460.486,0,1.02816,0,0,2.78532,1.75716,1.028160,1,0,73.0748,0,0,0,73.0748,0
72.29,2.64515,0,0,4.44521,0.137707,1.66236,3.6288,61.308,0.399225,0,0,1.36726,0.174166,0.793872,0.66528,12.849,1,0.470155,1.66236,0,54.3204,3.93834,51.5742,0.84672,12.849,0.84672,3695.15,0,0.0036966,1.20357e-05,1.71956,1.6863,8.92434,0.97098,11.3592,0.42336,0.0018483,0.21168,0.0018483,0.21168,460.486,0,1.02816,0,0,2.74772,1.71956,1.028160,1,0,63.7273,0,0,0,63.7273,0
72.29,2.64566,0,0,3.83551,0.137707,1.05214,3.6288,61.308,0.399504,0,0,1.19878,0.174166,0.625113,0.66528,12.849,1,0.470247,1.05214,0,49.2572,3.93834,45.9007,0.84672,12.849,0.84672,3695.15,0,0.0036966,1.20442e-05,1.50564,1.68663,8.22692,0.97098,10.4482,0.42336,0.0018483,0.21168,0.0018483,0.21168,460.486,0,1.02816,0,0,2.5338,1.50564,1.028160,1,0,56.974,0,0,0,56.974,0
72.29,2.64618,0,0,3.44319,0.137707,0.659298,3.6288,61.308,0.399783,0,0,1.04123,0.174166,0.467283,0.66528,12.849,1,0.470339,0.659298,0,46.5674,3.93834,42.818,0.84672,12.849,0.84672,3695.15,0,0.0036966,1.20526e-05,1.33891,1.68696,8.1267,0.97098,10.1816,0.42336,0.0018483,0.21168,0.0018483,0.21168,460.486,0,1.02816,0,0,2.36707,1.33891,1.028160,1,0,53.4668,0,0,0,53.4668,0
72.29,2.6467,0,0,3.19199,0.125209,0.420079,3.6288,61.308,0.400062,0,0,1.00023,0.197854,0.402311,0.66528,12.849,1,0.470431,0.420079,0,42.2963,4.32063,37.9254,0.84672,12.849,0.84672,3695.15,0,0.0036966,1.2061e-05,1.20775,1.68729,7.43332,1.06845,9.2599,0.42336,0.0018483,0.21168,0.0018483,0.21168,460.486,0,1.02816,0,0,2.23591,1.20775,1.028160,1,0,47.5876,0,0,0,47.5876,0
72.29,2.62351,0,0,3.3485,0.116723,0.608271,3.6288,61.308,0.440611,0,0,1.03613,0.270836,0.324687,0.66528,12.849,1,0.466309,0.608271,0,36.9248,5.24496,31.8218,0.84672,12.849,0.84672,3695.15,0,0.0036966,1.32835e-05,0.827798,1.68762,5.31096,1.27955,6.54681,0.42336,0.0018483,0.21168,0.0018483,0.21168,460.486,0,1.02816,0,0,1.85596,0.827798,1.028160,1,0,38.6933,0,0,0,38.6933,0
72.29,2.62402,0,0,3.15007,0.116723,0.409323,3.6288,61.308,0.440898,0,0,0.9774,0.270836,0.265665,0.66528,12.849,1,0.4664,0.409323,0,36.6514,5.24496,31.3494,0.84672,12.849,0.84672,3695.15,0,0.0036966,1.32921e-05,0.704773,1.71383,5.55079,1.27955,6.68982,0.42336,0.0018483,0.21168,0.0018483,0.21168,460.486,0,1.02816,0,0,1.73293,0.704773,1.028160,1,0,38.3048,0,0,0,38.3048,0
72.0542,2.62453,0,0,2.86835,0.116723,0.36288,3.6288,61.308,0.441186,0,0,0.967524,0.270836,0.255503,0.66528,12.849,1,0.466491,0.36288,0,36.368,5.24496,31.0194,0.84672,12.849,0.84672,3695.15,0,0.0036966,1.33008e-05,0.707236,1.71416,5.34235,1.27955,6.48419,0.42336,0.0018483,0.21168,0.0018483,0.21168,460.486,0,1.02816,0,0,1.7354,0.707236,1.028160,1,0,37.7591,0,0,0,37.7591,0
71.5463,2.62375,0,0,2.5952,0.116514,0.36288,3.6288,61.308,0.441473,0,0,0.897895,0.270836,0.185586,0.66528,12.849,1,0.467878,0.36288,0,32.6588,5.24496,27.3088,0.84672,12.849,0.84672,3695.15,0,0.0036966,1.33094e-05,0.49197,1.7145,5.1238,1.27955,6.0507,0.42336,0.0018483,0.21168,0.0018483,0.21168,460.486,0,1.02816,0,0,1.52013,0.49197,1.028160,1,0,33.5451,0,0,0,33.5451,0
71.3774,2.68263,0,0,2.97001,0.093418,0.36288,3.6288,61.308,0.477678,0,0,1.02575,0.320472,0.2276,0.66528,12.849,1,0.481773,0.36288,0,38.1842,5.82598,32.2393,0.84672,12.849,0.84672,3695.15,0,0.0036966,1.44009e-05,0.59851,1.71483,4.87104,1.43343,5.75094,0.42336,0.0018483,0.21168,0.0018483,0.21168,460.486,0,1.02816,0,0,1.62667,0.59851,1.028160,1,0,38.2179,0,0,0,38.2179,0
71.0471,2.68218,0,0,2.80573,0.0908693,0.36288,3.6288,61.308,0.477972,0,0,0.867551,0.324969,0.0646099,0.66528,12.849,1,0.482833,0.36288,0,31.5478,5.86079,25.5671,0.84672,12.849,0.84672,3695.15,0,0.0036966,1.44098e-05,0.698898,1.75644,4.69184,1.42285,5.72432,0.42336,0.0018483,0.21168,0.0018483,0.21168,460.486,0,1.02816,0,0,1.72706,0.698898,1.028160,1,0,31.356,0,0,0,31.356,0
70.5069,2.68081,0,0,2.59407,0.0906401,0.36288,3.6288,61.308,0.478266,0,0,0.804531,0.324969,0.00129537,0.66528,12.849,1,0.484829,0.36288,0,30.2515,5.86079,24.2688,0.84672,12.849,0.84672,3695.15,0,0.0036966,1.44187e-05,0.488713,1.75679,4.07951,1.42285,4.90215,0.42336,0.0018483,0.21168,0.0018483,0.21168,460.486,0,1.02816,0,0,1.51687,0.488713,1.028160,1,0,29.1722,0,0,0,29.1722,0
70.0321,2.67819,0,0,2.6517,0.0854308,0.36288,3.6288,61.308,0.478561,0,0,0.893462,0.327559,0.0873425,0.66528,12.849,1,0.488066,0.36288,0,28.7723,5.93556,22.7116,0.84672,12.849,0.84672,3695.15,0,0.0036966,1.44275e-05,0.693403,1.75713,5.04601,1.43779,6.05874,0.42336,0.0018483,0.21168,0.0018483,0.21168,460.486,0,1.02816,0,0,1.72156,0.693403,1.028160,1,0,28.8577,0,0,0,28.8577,0
69.8054,2.85463,0,0,3.07149,0.0807205,0.36288,3.6288,61.308,0.6086,0,0,0.980467,0.310964,0.0609031,0.66528,12.849,1,0.523747,0.36288,0,29.6016,6.05056,23.3902,0.84672,12.849,0.84672,3695.15,0,0.0036966,1.83479e-05,0.929604,1.75747,5.51052,1.49346,6.70412,0.42336,0.0018483,0.21168,0.0018483,0.21168,460.486,0,1.02816,0,0,1.95776,0.929604,1.028160,1,0,30.1552,0,0,0,30.1552,0
69.001,2.85375,0,0,2.50512,0.0928214,0.36288,3.6288,61.1418,0.60892,0,0,0.780106,0.337416,0,0.66528,12.849,1,0.525286,0.36288,0,35.6162,6.05798,29.3958,0.84672,12.849,0.84672,3695.15,0,0.0036966,1.83576e-05,0.527144,1.8977,3.82476,1.51642,4.73316,0.42336,0.0018483,0.21168,0.0018483,0.21168,460.486,0,1.02816,0,0,1.5553,0.527144,1.028160,1,0,34.1289,0,0,0,34.1289,0
68.2553,2.84914,0,0,2.55849,0.092244,0.36288,3.6288,61.0903,0.60924,0,0,0.894862,0.337062,0,0.66528,12.849,1,0.530552,0.36288,0,30.8523,6.05798,24.6267,0.84672,12.849,0.84672,3695.15,0,0.0036966,1.84172e-05,0.615298,1.89807,3.97195,1.51642,4.96888,0.42336,0.0018483,0.21168,0.0018483,0.21168,460.486,0,1.02816,0,0,1.64346,0.615298,1.028160,1,0,29.5955,0,0,0,29.5955,0
67.5361,2.84482,0,0,2.58149,0.0929378,0.36288,3.6288,61.0524,0.60956,0,0,0.901662,0.330067,0,0.66528,12.849,1,0.535535,0.36288,0,31.3046,5.87313,25.2588,0.84672,12.849,0.84672,3695.15,0,0.0036966,1.84424e-05,1.01682,1.89844,5.08035,1.44447,6.55113,0.42336,0.0018483,0.21168,0.0018483,0.21168,460.486,0,1.02816,0,0,2.04498,1.01682,1.028160,1,0,31.81,0,0,0,31.81,0
66.6923,2.84058,0,0,2.45942,0.0997476,0.36288,3.6288,60.9438,0.60988,0,0,0.790042,0.288686,0,0.66528,12.849,1,0.540431,0.36288,0,20.3189,4.76406,15.3773,0.84672,12.849,0.84672,3695.15,0,0.0036966,1.84635e-05,0.615324,1.89881,5.51213,1.01274,7.0135,0.42336,0.0018483,0.21168,0.0018483,0.21168,460.486,0,1.02816,0,0,1.64348,0.615324,1.028160,1,0,22.3908,0,0,0,22.3908,0
67.0517,2.74889,0,0,3.54782,0.0766676,0.36288,3.6288,61.111,0.531373,0,0,1.04749,0.348972,0,0.66528,12.849,1,0.529604,0.36288,0,32.6937,5.79969,26.7273,0.84672,12.849,0.84672,3695.15,0,0.0036966,1.61154e-05,1.28101,1.89918,6.75484,1.37377,8.56125,0.42336,0.0018483,0.21168,0.0018483,0.21168,460.486,0,1.02816,0,0,2.30917,1.28101,1.028160,1,0,35.2885,0,0,0,35.2885,0
67.2557,2.75181,0,0,3.51042,0.191786,0.36288,3.6288,61.308,0.531677,0,0,1.26577,0.274519,0.262555,0.66528,12.849,1,0.527325,0.36288,0,29.9322,3.94033,25.8274,0.84672,12.849,0.84672,3695.15,0,0.0036966,1.60806e-05,1.67273,1.81931,7.70697,0.915852,10.2831,0.42336,0.0018483,0.21168,0.0018483,0.21168,460.486,0,1.02816,0,0,2.70089,1.67273,1.028160,1,0,36.3731,0,0,0,36.3731,0
67.7376,2.75369,0,0,3.80244,0.203957,0.36288,3.6288,61.308,0.531982,0,0,1.5108,0.278886,0.699931,0.66528,12.849,1,0.526085,0.36288,0,32.8441,4.00544,28.6755,0.84672,12.849,0.84672,3695.15,0,0.0036966,1.60381e-05,1.78537,1.81967,8.83414,0.953129,11.486,0.42336,0.0018483,0.21168,0.0018483,0.21168,460.486,0,1.02816,0,0,2.81353,1.78537,1.028160,1,0,40.8614,0,0,0,40.8614,0
68.2834,2.75738,0,0,3.87086,0.204732,0.36288,3.6288,61.308,0.532287,0,0,1.54469,0.278886,0.733521,0.66528,12.849,1,0.523041,0.36288,0,46.6946,4.00544,42.529,0.84672,12.849,0.84672,3695.15,0,0.0036966,1.60473e-05,1.97665,1.82002,9.51523,0.953129,12.3588,0.42336,0.0018483,0.21168,0.0018483,0.21168,460.486,0,1.02816,0,0,3.00481,1.97665,1.028160,1,0,55.6213,0,0,0,55.6213,0
67.7161,2.6901,0,0,2.73195,0.246298,0.36288,3.6288,61.308,0.460783,0,0,1.68206,0.25708,0.964198,0.66528,12.849,1,0.5062,0.36288,0,60.5877,4.60118,55.8432,0.84672,12.849,0.84672,3695.15,0,0.0036966,1.38916e-05,2.42962,1.82038,9.27043,1.0229,12.4975,0.42336,0.0018483,0.21168,0.0018483,0.21168,460.486,0,1.02816,0,0,3.45778,2.42962,1.028160,1,0,69.305,0,0,0,69.305,0
66.3169,2.68706,0,0,1.92633,0.275585,0.36288,3.6288,61.308,0.461074,0,0,1.36652,0.240725,0.664721,0.66528,12.849,1,0.509864,0.36288,0,30.6653,5.04798,25.4704,0.84672,12.849,0.84672,3695.15,0,0.0036966,1.39004e-05,2.44616,1.74937,7.03415,1.07523,10.1544,0.42336,0.0018483,0.21168,0.0018483,0.21168,460.486,0,1.02816,0,0,3.47432,2.44616,1.028160,1,0,36.2895,0,0,0,36.2895,0
70.6009,2.67857,0,0,7.57368,0.248283,0.36288,3.6288,61.308,0.461365,0,0,2.21531,0.222156,1.53179,0.66528,12.849,1,0.518977,0.36288,0,77.0116,4.61974,72.2358,0.84672,12.849,0.84672,3695.15,0,0.0036966,1.39091e-05,4.25163,1.74971,18.8213,1.10373,23.7189,0.42336,0.0018483,0.21168,0.0018483,0.21168,460.486,0,1.02816,0,0,5.27979,4.25163,1.028160,1,0,97.4864,0,0,0,97.4864,0
72.29,2.70574,0,0,5.71272,0.288843,1.02898,3.6288,61.308,0.461656,0,0,2.37648,0.180234,1.73459,0.66528,12.849,1,0.492432,1.02898,0,90.9412,3.73034,87.7474,0.84672,12.849,0.84672,3695.15,0,0.0036966,1.39179e-05,4.39239,1.75005,19.7117,0.899115,24.955,0.42336,0.0018483,0.21168,0.0018483,0.21168,460.486,0,1.02816,0,0,5.42055,4.39239,1.028160,1,0,114.437,0,0,0,114.437,0
72.29,2.5115,0,0,5.35541,0.294067,2.54985,3.6288,61.308,0.312273,0,0,1.74777,0.193699,1.2418,0.66528,12.849,1,0.446399,2.54985,0,69.3533,3.89525,67.5615,0.84672,12.849,0.84672,3695.15,0,0.0036966,9.41435e-06,2.68126,1.75039,10.7953,0.968205,14.2588,0.42336,0.0018483,0.21168,0.0018483,0.21168,460.486,0,1.02816,0,0,3.70942,2.68126,1.028160,1,0,83.0621,0,0,0,83.0621,0
72.29,2.51199,0,0,5.80527,0.297752,2.99553,3.6288,61.308,0.312535,0,0,2.60933,0.227362,2.06943,0.66528,12.849,1,0.446487,2.99553,0,51.3216,4.30752,49.5631,0.84672,12.849,0.84672,3695.15,0,0.0036966,9.42224e-06,2.05248,1.58995,11.9627,1.14093,14.4642,0.42336,0.0018483,0.21168,0.0018483,0.21168,460.486,0,1.02816,0,0,3.08064,2.05248,1.028160,1,0,66.0967,0,0,0,66.0967,0
72.29,2.51248,0,0,10.9511,0.297752,8.14089,3.6288,61.308,0.312797,0,0,4.48955,0.227362,3.94939,0.66528,12.849,1,0.446574,8.14089,0,137.488,4.30752,140.875,0.84672,12.849,0.84672,3695.15,0,0.0036966,9.43014e-06,3.46573,1.59026,14.8657,1.14093,18.7808,0.42336,0.0018483,0.21168,0.0018483,0.21168,460.486,0,1.02816,0,0,4.49389,3.46573,1.028160,1,0,163.605,0,0,0,163.605,0
72.29,2.51297,0,0,10.0797,0.282778,7.28394,3.6288,61.308,0.313059,0,0,3.62466,0.232509,3.07909,0.66528,12.849,1,0.446661,7.28394,0,119.64,3.5637,122.913,0.84672,12.849,0.84672,3695.15,0,0.0036966,9.43803e-06,5.02801,1.59057,14.4027,1.04901,19.9723,0.42336,0.0018483,0.21168,0.0018483,0.21168,460.486,0,1.02816,0,0,6.05617,5.02801,1.028160,1,0,145.965,0,0,0,145.965,0
72.29,2.51346,0,0,8.23487,0.282778,5.43863,3.6288,61.308,0.313321,0,0,2.15827,0.232509,1.61244,0.66528,12.849,1,0.446748,5.43863,0,91.1848,3.5637,92.613,0.84672,12.849,0.84672,3695.15,0,0.0036966,9.44593e-06,2.67988,1.59088,13.0587,1.04901,16.2804,0.42336,0.0018483,0.21168,0.0018483,0.21168,460.486,0,1.02816,0,0,3.70804,2.67988,1.028160,1,0,110.506,0,0,0,110.506,0
72.29,2.59269,0,0,4.79213,0.278545,1.9209,3.6288,61.308,0.356959,0,0,1.17919,0.188694,0.633535,0.66528,12.849,1,0.460831,1.9209,0,43.3439,3.55371,41.2502,0.84672,12.849,0.84672,3695.15,0,0.0036966,1.07615e-05,1.39618,1.59119,6.75566,0.939602,8.80342,0.42336,0.0018483,0.21168,0.0018483,0.21168,460.486,0,1.02816,0,0,2.42434,1.39618,1.028160,1,0,50.6872,0,0,0,50.6872,0
72.29,2.59317,0,0,4.18796,0.277839,1.31695,3.6288,61.308,0.357216,0,0,1.2069,0.181391,0.668297,0.66528,12.849,1,0.460917,1.31695,0,55.0646,3.55204,52.3686,0.84672,12.849,0.84672,3695.15,0,0.0036966,1.07693e-05,1.64649,1.64239,7.26374,0.921367,9.63125,0.42336,0.0018483,0.21168,0.0018483,0.21168,460.486,0,1.02816,0,0,2.67465,1.64649,1.028160,1,0,62.6682,0,0,0,62.6682,0
72.29,2.59366,0,0,8.80494,0.277839,5.93344,3.6288,61.308,0.357474,0,0,3.18425,0.181391,2.64539,0.66528,12.849,1,0.461003,5.93344,0,133.616,3.55204,135.536,0.84672,12.849,0.84672,3695.15,0,0.0036966,1.0777e-05,4.67832,1.6427,15.5679,0.921367,20.9675,0.42336,0.0018483,0.21168,0.0018483,0.21168,460.486,0,1.02816,0,0,5.70648,4.67832,1.028160,1,0,159.149,0,0,0,159.149,0
72.29,2.59414,0,0,8.76675,0.307794,5.86482,3.6288,61.308,0.357732,0,0,2.89322,0.195827,2.33967,0.66528,12.849,1,0.461088,5.86482,0,144.098,3.82641,145.675,0.84672,12.849,0.84672,3695.15,0,0.0036966,1.07848e-05,6.12245,1.643,13.9506,0.991769,20.7243,0.42336,0.0018483,0.21168,0.0018483,0.21168,460.486,0,1.02816,0,0,7.15061,6.12245,1.028160,1,0,168.739,0,0,0,168.739,0
72.29,2.84769,0,0,9.02528,0.326821,5.85076,3.6288,61.308,0.520967,0,0,2.13271,0.199962,1.41178,0.66528,12.849,1,0.506156,5.85076,0,189.784,4.19335,190.935,0.84672,12.849,0.84672,3695.15,0,0.0036966,1.5706e-05,6.59916,1.64331,14.4317,1.02295,21.6512,0.42336,0.0018483,0.21168,0.0018483,0.21168,460.486,0,1.02816,0,0,7.62732,6.59916,1.028160,1,0,213.998,0,0,0,213.998,0
72.29,2.84822,0,0,4.49003,0.298938,1.34286,3.6288,61.308,0.521256,0,0,1.42497,0.179811,0.723902,0.66528,12.849,1,0.50625,1.34286,0,87.5699,4.19485,84.2116,0.84672,12.849,0.84672,3695.15,0,0.0036966,1.57147e-05,2.04544,1.82539,7.62324,0.939354,10.5547,0.42336,0.0018483,0.21168,0.0018483,0.21168,460.486,0,1.02816,0,0,3.0736,2.04544,1.028160,1,0,95.4902,0,0,0,95.4902,0
72.29,2.84875,0,0,7.47147,0.298938,4.32377,3.6288,61.308,0.521544,0,0,1.65245,0.179811,0.951097,0.66528,12.849,1,0.506344,4.32377,0,109.312,4.19485,108.934,0.84672,12.849,0.84672,3695.15,0,0.0036966,1.57234e-05,2.86863,1.82573,9.13464,0.939354,12.8896,0.42336,0.0018483,0.21168,0.0018483,0.21168,460.486,0,1.02816,0,0,3.89679,2.86863,1.028160,1,0,122.775,0,0,0,122.775,0
72.29,2.84928,0,0,6.85098,0.272286,3.72941,3.6288,61.308,0.521832,0,0,1.89327,0.230754,1.14068,0.66528,12.849,1,0.506439,3.72941,0,153.3,3.87444,152.648,0.84672,12.849,0.84672,3695.15,0,0.0036966,1.57321e-05,3.19275,1.82607,10.8433,1.02517,14.8369,0.42336,0.0018483,0.21168,0.0018483,0.21168,460.486,0,1.02816,0,0,4.22091,3.19275,1.028160,1,0,168.626,0,0,0,168.626,0
72.29,2.48858,0,0,5.86345,0.338676,3.03619,3.6288,61.308,0.303239,0,0,2.163,0.202342,1.65742,0.66528,12.849,1,0.442327,3.03619,0,138.797,3.53615,137.855,0.84672,12.849,0.84672,3695.15,0,0.0036966,9.14199e-06,4.06858,1.82641,12.1964,1.01039,17.081,0.42336,0.0018483,0.21168,0.0018483,0.21168,460.486,0,1.02816,0,0,5.09674,4.06858,1.028160,1,0,156.593,0,0,0,156.593,0
72.29,2.48904,0,0,5.87489,0.387646,2.9982,3.6288,61.308,0.303487,0,0,2.00216,0.160556,1.53812,0.66528,12.849,1,0.442409,2.9982,0,128.037,3.21436,127.378,0.84672,12.849,0.84672,3695.15,0,0.0036966,9.14945e-06,3.37859,1.57791,10.6,0.896697,14.6598,0.42336,0.0018483,0.21168,0.0018483,0.21168,460.486,0,1.02816,0,0,4.40675,3.37859,1.028160,1,0,143.576,0,0,0,143.576,0
72.29,2.48951,0,0,6.3389,0.387646,3.46175,3.6288,61.308,0.303734,0,0,2.43246,0.160556,1.96817,0.66528,12.849,1,0.442491,3.46175,0,155.182,3.21436,154.987,0.84672,12.849,0.84672,3695.15,0,0.0036966,9.15691e-06,5.73988,1.5782,13.8142,0.896697,20.2355,0.42336,0.0018483,0.21168,0.0018483,0.21168,460.486,0,1.02816,0,0,6.76804,5.73988,1.028160,1,0,177.191,0,0,0,177.191,0
72.29,2.48997,0,0,6.57549,0.387646,3.69787,3.6288,61.308,0.303982,0,0,2.80543,0.160556,2.34089,0.66528,12.849,1,0.442573,3.69787,0,167.467,3.21436,167.507,0.84672,12.849,0.84672,3695.15,0,0.0036966,9.16438e-06,4.61417,1.5785,17.8588,0.896697,23.1548,0.42336,0.0018483,0.21168,0.0018483,0.21168,460.486,0,1.02816,0,0,5.64233,4.61417,1.028160,1,0,193.003,0,0,0,193.003,0
72.29,2.49043,0,0,6.83883,0.370966,3.97743,3.6288,61.308,0.30423,0,0,2.78853,0.184107,2.3002,0.66528,12.849,1,0.442656,3.97743,0,125.591,3.88811,125.238,0.84672,12.849,0.84672,3695.15,0,0.0036966,9.17185e-06,4.88175,1.57879,14.671,0.993004,20.1385,0.42336,0.0018483,0.21168,0.0018483,0.21168,460.486,0,1.02816,0,0,5.90991,4.88175,1.028160,1,0,147.676,0,0,0,147.676,0
72.29,2.58191,0,0,3.89042,0.339957,0.968554,3.6288,61.308,0.358074,0,0,1.67994,0.175971,1.1459,0.66528,12.849,1,0.458915,0.968554,0,97.8411,3.7149,94.6358,0.84672,12.849,0.84672,3695.15,0,0.0036966,1.07951e-05,3.44689,1.57908,10.838,0.940332,14.9236,0.42336,0.0018483,0.21168,0.0018483,0.21168,460.486,0,1.02816,0,0,4.47505,3.44689,1.028160,1,0,110.705,0,0,0,110.705,0
72.29,2.58239,0,0,4.89747,0.339957,1.97513,3.6288,61.308,0.358331,0,0,2.8209,0.175971,2.2866,0.66528,12.849,1,0.459,1.97513,0,108.548,3.7149,106.349,0.84672,12.849,0.84672,3695.15,0,0.0036966,1.08029e-05,4.1867,1.64087,11.7136,0.940332,16.6008,0.42336,0.0018483,0.21168,0.0018483,0.21168,460.486,0,1.02816,0,0,5.21486,4.1867,1.028160,1,0,125.236,0,0,0,125.236,0
72.29,2.58287,0,0,3.43821,0.339957,0.515385,3.6288,61.308,0.358589,0,0,1.66447,0.175971,1.12991,0.66528,12.849,1,0.459085,0.515385,0,81.5201,3.7149,77.8615,0.84672,12.849,0.84672,3695.15,0,0.0036966,1.08107e-05,2.60448,1.64118,9.40118,0.940332,12.7065,0.42336,0.0018483,0.21168,0.0018483,0.21168,460.486,0,1.02816,0,0,3.63264,2.60448,1.028160,1,0,91.6979,0,0,0,91.6979,0
72.0687,2.58335,0,0,3.047,0.322101,0.36288,3.6288,61.308,0.358847,0,0,1.32988,0.185486,0.785544,0.66528,12.849,1,0.459171,0.36288,0,82.6857,3.83124,78.7581,0.84672,12.849,0.84672,3695.15,0,0.0036966,1.08184e-05,2.17944,1.64149,9.22268,0.963233,12.0804,0.42336,0.0018483,0.21168,0.0018483,0.21168,460.486,0,1.02816,0,0,3.2076,2.17944,1.028160,1,0,91.624,0,0,0,91.624,0
72.2074,2.54704,0,0,3.29983,0.251217,0.36288,3.6288,61.308,0.338273,0,0,1.23197,0.223636,0.67006,0.66528,12.849,1,0.454107,0.36288,0,79.9701,4.41856,75.4603,0.84672,12.849,0.84672,3695.15,0,0.0036966,1.01982e-05,2.09267,1.64179,8.54211,1.10277,11.1738,0.42336,0.0018483,0.21168,0.0018483,0.21168,460.486,0,1.02816,0,0,3.12083,2.09267,1.028160,1,0,87.3042,0,0,0,87.3042,0
72.1376,2.54825,0,0,3.08256,0.241159,0.36288,3.6288,61.308,0.338527,0,0,1.10931,0.229381,0.541399,0.66528,12.849,1,0.453451,0.36288,0,73.8279,4.53716,69.2002,0.84672,12.849,0.84672,3695.15,0,0.0036966,1.02058e-05,1.80809,1.61814,7.93169,1.13569,10.2222,0.42336,0.0018483,0.21168,0.0018483,0.21168,460.486,0,1.02816,0,0,2.83625,1.80809,1.028160,1,0,79.9638,0,0,0,79.9638,0
71.7474,2.54835,0,0,2.76206,0.241031,0.36288,3.6288,61.308,0.338781,0,0,0.980217,0.229381,0.412055,0.66528,12.849,1,0.453907,0.36288,0,63.363,4.53716,58.7348,0.84672,12.849,0.84672,3695.15,0,0.0036966,1.02135e-05,1.45918,1.61844,6.90993,1.13569,8.85186,0.42336,0.0018483,0.21168,0.0018483,0.21168,460.486,0,1.02816,0,0,2.48734,1.45918,1.028160,1,0,67.9987,0,0,0,67.9987,0
71.1729,2.54673,0,0,2.55391,0.218801,0.36288,3.6288,61.308,0.339035,0,0,0.912038,0.200937,0.372066,0.66528,12.849,1,0.456085,0.36288,0,60.1843,3.94736,56.1438,0.84672,12.849,0.84672,3695.15,0,0.0036966,1.02212e-05,1.33314,1.61874,6.22901,0.986095,8.19479,0.42336,0.0018483,0.21168,0.0018483,0.21168,460.486,0,1.02816,0,0,2.3613,1.33314,1.028160,1,0,64.7106,0,0,0,64.7106,0
70.3994,2.66477,0,0,2.4629,0.208765,0.36288,3.6288,61.308,0.413219,0,0,0.886576,0.205699,0.267658,0.66528,12.849,1,0.481076,0.36288,0,54.7192,3.98173,50.6193,0.84672,12.849,0.84672,3695.15,0,0.0036966,1.24576e-05,1.45149,1.61904,5.95568,0.986956,8.03924,0.42336,0.0018483,0.21168,0.0018483,0.21168,460.486,0,1.02816,0,0,2.47965,1.45149,1.028160,1,0,58.9262,0,0,0,58.9262,0
69.4217,2.66079,0,0,2.22832,0.182374,0.36288,3.6288,61.308,0.413487,0,0,0.788028,0.230456,0.144086,0.66528,12.849,1,0.485636,0.36288,0,45.3475,4.2019,41.0228,0.84672,12.849,0.84672,3695.15,0,0.0036966,1.24657e-05,1.2514,1.70316,5.24122,1.13616,7.05961,0.42336,0.0018483,0.21168,0.0018483,0.21168,460.486,0,1.02816,0,0,2.27956,1.2514,1.028160,1,0,48.2265,0,0,0,48.2265,0
68.2879,2.65551,0,0,2.03556,0.150991,0.36288,3.6288,61.308,0.413755,0,0,0.781376,0.234105,0.133516,0.66528,12.849,1,0.491499,0.36288,0,40.5301,4.3156,36.0858,0.84672,12.849,0.84672,3695.15,0,0.0036966,1.24738e-05,1.25083,1.70348,5.00648,1.10064,6.86014,0.42336,0.0018483,0.21168,0.0018483,0.21168,460.486,0,1.02816,0,0,2.27899,1.25083,1.028160,1,0,43.0795,0,0,0,43.0795,0
67.1214,2.64914,0,0,1.99517,0.149663,0.36288,3.6288,61.308,0.414023,0,0,0.845104,0.234105,0.196977,0.66528,12.849,1,0.49846,0.36288,0,38.8263,4.3156,34.3752,0.84672,12.849,0.84672,3695.15,0,0.0036966,1.24819e-05,1.20782,1.7038,5.39464,1.10064,7.20561,0.42336,0.0018483,0.21168,0.0018483,0.21168,460.486,0,1.02816,0,0,2.23598,1.20782,1.028160,1,0,41.7778,0,0,0,41.7778,0
65.83,2.64236,0,0,1.86218,0.148297,0.36288,3.6288,61.308,0.414291,0,0,0.772321,0.234105,0.123925,0.66528,12.849,1,0.505825,0.36288,0,36.2953,4.3156,31.8368,0.84672,12.849,0.84672,3695.15,0,0.0036966,1.24899e-05,1.04735,1.70411,4.77704,1.10064,6.42785,0.42336,0.0018483,0.21168,0.0018483,0.21168,460.486,0,1.02816,0,0,2.07551,1.04735,1.028160,1,0,38.3886,0,0,0,38.3886,0
64.4054,2.61095,0,0,1.7028,0.153529,0.36288,3.6288,61.2393,0.45523,0,0,0.632249,0.245743,0,0.66528,12.849,1,0.509616,0.36288,0,35.7261,4.95264,30.6268,0.84672,12.849,0.84672,3695.15,0,0.0036966,1.37242e-05,0.544009,1.70443,3.49193,1.20674,4.53362,0.42336,0.0018483,0.21168,0.0018483,0.21168,460.486,0,1.02816,0,0,1.57217,0.544009,1.028160,1,0,35.1604,0,0,0,35.1604,0
62.9663,2.60203,0,0,1.60442,0.0786685,0.36288,3.6288,61.1451,0.455505,0,0,0.636016,0.27468,0,0.66528,12.849,1,0.51911,0.36288,0,33.4238,5.17702,28.0905,0.84672,12.849,0.84672,3695.15,0,0.0036966,1.37479e-05,0.526729,1.73088,3.52966,1.27338,4.51388,0.42336,0.0018483,0.21168,0.0018483,0.21168,460.486,0,1.02816,0,0,1.55489,0.526729,1.028160,1,0,32.6044,0,0,0,32.6044,0
61.414,2.59266,0,0,1.48105,0.0778166,0.36288,3.6288,61.0442,0.455781,0,0,0.629372,0.274517,0,0.66528,12.849,1,0.529062,0.36288,0,30.5615,5.17702,25.2183,0.84672,12.849,0.84672,3695.15,0,0.0036966,1.37774e-05,0.494182,1.73121,3.23838,1.27338,4.19037,0.42336,0.0018483,0.21168,0.0018483,0.21168,460.486,0,1.02816,0,0,1.52234,0.494182,1.028160,1,0,29.4087,0,0,0,29.4087,0
59.7766,2.58208,0,0,1.3843,0.0767692,0.36288,3.6288,60.947,0.456057,0,0,0.633182,0.274341,0,0.66528,12.849,1,0.540221,0.36288,0,28.414,5.17702,23.0597,0.84672,12.849,0.84672,3695.15,0,0.0036966,1.38085e-05,0.562118,1.73153,3.13032,1.27338,4.15056,0.42336,0.0018483,0.21168,0.0018483,0.21168,460.486,0,1.02816,0,0,1.59028,0.562118,1.028160,1,0,27.2102,0,0,0,27.2102,0
57.877,2.63036,0,0,1.17062,0.0769299,0.36288,3.6288,60.4038,0.720851,0,0,0.476071,0.298421,0,0.66528,12.849,1,0.565397,0.36288,0,23.8264,5.66554,17.9584,0.84672,12.849,0.84672,3695.15,0,0.0036966,2.18608e-05,0.261274,1.73185,2.53961,1.38511,3.1476,0.42336,0.0018483,0.21168,0.0018483,0.21168,460.486,0,0.799908,0,0,1.06118,0.261274,1.028160,1,0,21.106,0,0,0,21.106,0
56.0291,2.61566,0,0,1.2071,0.0764488,0.36288,3.6288,59.7065,0.891845,0,0,0.510073,0.315518,0,0.66528,12.849,1,0.58069,0.36288,0,28.7245,6.03193,22.4748,0.84672,12.849,0.84672,3695.15,0,0.0036966,2.72897e-05,0.261274,1.77386,2.59159,1.4689,3.1578,0.42336,0.0018483,0.21168,0.0018483,0.21168,460.486,0,0.629191,0,0,0.890464,0.261274,1.028160,1,0,25.6326,0,0,0,25.6326,0
54.0893,2.60056,0,0,1.09873,0.0750698,0.36288,3.6288,58.974,0.839036,0,0,0.420708,0.314119,0,0.66528,12.849,1,0.59638,0.36288,0,23.1361,6.03193,16.8707,0.84672,12.849,0.84672,3695.15,0,0.0036966,2.59736e-05,0.227405,1.77419,2.40818,1.4689,2.94085,0.42336,0.0018483,0.21168,0.0018483,0.21168,460.486,0,0.682283,0,0,0.909688,0.227405,1.028160,1,0,19.8115,0,0,0,19.8115,0
52.0684,2.58376,0,0,0.999294,0.0736222,0.36288,3.6288,58.0721,0.981105,0,0,0.391801,0.312649,0,0.66528,12.849,1,0.613775,0.36288,0,21.5681,6.03193,15.2853,0.84672,12.849,0.84672,3695.15,0,0.0036966,3.07487e-05,0.227405,1.77451,2.14616,1.4689,2.67915,0.42336,0.0018483,0.21168,0.0018483,0.21168,460.486,0,0.540493,0,0,0.767897,0.227405,1.028160,1,0,17.9644,0,0,0,17.9644,0
49.9811,2.73644,0,0,1.08023,0.0681655,0.36288,3.6288,57.2822,0.928595,0,0,0.453874,0.315105,0,0.66528,12.849,1,0.675275,0.36288,0,21.8881,6.17787,15.3978,0.84672,12.849,0.84672,3695.15,0,0.0036966,2.9555e-05,0.227405,1.77484,3.01734,1.49477,3.52479,0.42336,0.0018483,0.21168,0.0018483,0.21168,460.486,0,0.724317,0,0,0.951722,0.227405,1.028160,1,0,18.9226,0,0,0,18.9226,0
47.8543,2.71451,0,0,1.02222,0.0716331,0.36288,3.6288,56.3142,1.02819,0,0,0.381419,0.321292,0,0.66528,12.849,1,0.697837,0.36288,0,23.0498,6.53005,16.1848,0.84672,12.849,0.84672,3695.15,0,0.0036966,3.31761e-05,0.227405,1.91644,2.59321,1.54538,3.19163,0.42336,0.0018483,0.21168,0.0018483,0.21168,460.486,0,0.625026,0,0,0.852431,0.227405,1.028160,1,0,19.3764,0,0,0,19.3764,0
45.8527,2.69055,0,0,1.12183,0.0700094,0.36288,3.6288,55.667,0.798895,0,0,0.470995,0.319275,0,0.66528,12.849,1,0.72242,0.36288,0,29.6437,6.53005,22.7541,0.84672,12.849,0.84672,3695.15,0,0.0036966,2.62207e-05,0.204422,1.91679,2.82889,1.54538,3.40469,0.42336,0.0018483,0.21168,0.0018483,0.21168,460.486,0,0.854634,0,0,1.05906,0.204422,1.028160,1,0,26.1588,0,0,0,26.1588,0
43.6562,2.66641,0,0,0.90123,0.0684779,0.36288,3.6288,54.5668,1.12299,0,0,0.340667,0.317926,0,0.66528,12.849,1,0.747191,0.36288,0,28.9666,6.53005,22.0522,0.84672,12.849,0.84672,3695.15,0,0.0036966,3.72865e-05,0.204422,1.91715,2.27095,1.54538,2.8471,0.42336,0.0018483,0.21168,0.0018483,0.21168,460.486,0,0.530833,0,0,0.735255,0.204422,1.028160,1,0,24.8993,0,0,0,24.8993,0
41.711,2.63785,0,0,1.12239,0.0667972,0.36288,3.6288,54.2074,0.625988,0,0,0.582264,0.315633,0,0.66528,12.849,1,0.77638,0.36288,0,26.4556,6.53005,19.512,0.84672,12.849,0.84672,3695.15,0,0.0036966,2.12036e-05,0.362664,1.9175,3.51135,1.54538,4.24611,0.42336,0.0018483,0.21168,0.0018483,0.21168,460.486,0,1.02816,0,0,1.39082,0.362664,1.028160,1,0,23.7581,0,0,0,23.7581,0
39.4873,2.531,0,0,0.74768,0.0774935,0.36288,3.6288,53.6612,0.546694,0,0,0.347992,0.347497,0,0.66528,12.849,1,0.77967,0.36288,0,20.1461,6.32736,13.4019,0.84672,12.849,0.84672,3695.15,0,0.0036966,1.86405e-05,0.245169,1.91786,2.49174,1.63082,3.02393,0.42336,0.0018483,0.21168,0.0018483,0.21168,460.486,0,1.02816,0,0,1.27333,0.245169,1.028160,1,0,16.4258,0,0,0,16.4258,0
37.3099,2.49834,0,0,0.791346,0.107559,0.36288,3.6288,53.1522,0.546986,0,0,0.355663,0.317662,0,0.66528,12.849,1,0.812947,0.36288,0,14.7891,5.85706,8.48196,0.84672,12.849,0.84672,3695.15,0,0.0036966,1.88403e-05,0.329046,1.83719,2.38335,1.48526,3.06431,0.42336,0.0018483,0.21168,0.0018483,0.21168,460.486,0,1.02816,0,0,1.35721,0.329046,1.028160,1,0,11.5463,0,0,0,11.5463,0
35.4699,2.46517,0,0,1.11413,0.126082,0.36288,3.6288,52.6942,0.547278,0,0,0.386006,0.296758,0,0.66528,12.849,1,0.84672,0.36288,0,16.5066,5.69142,10.3314,0.84672,12.849,0.84672,3695.15,0,0.0036966,1.90309e-05,0.507116,1.83753,2.12377,1.42836,3.04004,0.42336,0.0018483,0.21168,0.0018483,0.21168,460.486,0,1.02816,0,0,1.53528,0.507116,1.028160,1,0,13.3714,0,0,0,13.3714,0
34.0475,2.46578,0,0,1.52964,0.123344,0.36288,3.6288,52.4753,0.547571,0,0,0.624335,0.295672,0,0.66528,12.849,1,0.84672,0.36288,0,31.7122,5.69142,25.5369,0.84672,12.849,0.84672,3695.15,0,0.0036966,1.92066e-05,1.50588,1.83787,3.76861,1.42836,5.68398,0.42336,0.0018483,0.21168,0.0018483,0.21168,460.486,0,1.02816,0,0,2.53404,1.50588,1.028160,1,0,31.2209,0,0,0,31.2209,0
32.3769,2.38081,0,0,1.21899,0.145942,0.36288,3.6288,52.22,0.475352,0,0,0.465704,0.245627,0,0.66528,12.849,1,0.84672,0.36288,0,30.4985,5.00031,25.0144,0.84672,12.849,0.84672,3695.15,0,0.0036966,1.6743e-05,0.491696,1.83821,2.32963,1.25572,3.4038,0.42336,0.0018483,0.21168,0.0018483,0.21168,460.486,0,1.02816,0,0,1.51986,0.491696,1.028160,1,0,28.4182,0,0,0,28.4182,0
31.7895,2.35058,0,0,2.30125,0.175227,0.36288,3.6288,52.2404,0.506453,0,0,0.706065,0.179224,0,0.66528,12.849,1,0.84672,0.36288,0,29.4269,4.07883,24.8642,0.84672,12.849,0.84672,3695.15,0,0.0036966,1.79256e-05,0.729141,1.76649,4.20343,1.02554,5.6735,0.42336,0.0018483,0.21168,0.0018483,0.21168,460.486,0,1.02816,0,0,1.7573,0.729141,1.028160,1,0,30.5377,0,0,0,30.5377,0
30.4296,2.35145,0,0,1.52836,0.173937,0.36288,3.6288,52.2365,0.506453,0,0,0.681834,0.179254,0,0.66528,12.849,1,0.84672,0.36288,0,18.1116,4.07883,13.5489,0.84672,12.849,0.84672,3695.15,0,0.0036966,1.79187e-05,0.782974,1.78485,3.1307,1.02554,4.67298,0.42336,0.0018483,0.21168,0.0018483,0.21168,460.486,0,1.02816,0,0,1.81113,0.782974,1.028160,1,0,18.2219,0,0,0,18.2219,0
29.7467,2.35233,0,0,2.23798,0.205654,0.36288,3.6288,52.0733,0.506453,0,0,0.538727,0.195471,0,0.66528,12.849,1,0.84672,0.36288,0,35.3366,4.36878,30.4839,0.84672,12.849,0.84672,3695.15,0,0.0036966,1.792e-05,0.361697,1.78502,5.7553,1.09323,6.80877,0.42336,0.0018483,0.21168,0.0018483,0.21168,460.486,0,1.02816,0,0,1.38986,0.361697,1.028160,1,0,37.2927,0,0,0,37.2927,0
32.3549,2.10996,0,0,5.29511,0.214096,0.36288,3.6288,52.3009,0.355322,0,0,0.790916,0.207969,0,0.66528,12.849,1,0.84672,0.36288,0,82.1009,4.41721,77.1999,0.84672,12.849,0.84672,3695.15,0,0.0036966,1.26119e-05,1.42411,1.78518,5.17204,1.10581,7.27551,0.42336,0.0018483,0.21168,0.0018483,0.21168,460.486,0,1.02816,0,0,2.45227,1.42411,1.028160,1,0,84.4754,0,0,0,84.4754,0
35.2026,2.00869,0,0,5.41928,0.199973,0.36288,3.6288,52.4517,0.506425,0,0,0.903191,0.246061,0,0.66528,12.849,1,0.797704,0.36288,0,119.197,4.01195,114.75,0.84672,12.849,0.84672,3695.15,0,0.0036966,1.78969e-05,0.509406,1.62299,4.64897,1.01885,5.7625,0.42336,0.0018483,0.21168,0.0018483,0.21168,460.486,0,1.02816,0,0,1.53757,0.509406,1.028160,1,0,120.512,0,0,0,120.512,0
36.8214,2.05656,0,0,4.24532,0.20711,0.36288,3.6288,52.5462,0.506425,0,0,0.847368,0.246359,0,0.66528,12.849,1,0.750646,0.36288,0,104.678,4.01195,100.278,0.84672,12.849,0.84672,3695.15,0,0.0036966,1.78455e-05,1.28939,1.71157,5.0329,1.01885,7.015,0.42336,0.0018483,0.21168,0.0018483,0.21168,460.486,0,1.02816,0,0,2.31755,1.28939,1.028160,1,0,107.293,0,0,0,107.293,0
38.5243,2.08162,0,0,4.3586,0.211167,0.36288,3.6288,52.7892,0.506425,0,0,0.99589,0.246546,0,0.66528,12.849,1,0.726392,0.36288,0,98.0182,4.01195,93.6428,0.84672,12.849,0.84672,3695.15,0,0.0036966,1.78134e-05,3.01797,1.71172,8.06518,1.01885,11.776,0.42336,0.0018483,0.21168,0.0018483,0.21168,460.486,0,1.02816,0,0,4.04613,3.01797,1.028160,1,0,105.419,0,0,0,105.419,0
40.4259,2.24135,0,0,4.72126,0.215435,0.36288,3.6288,53.0939,0.326343,0,0,0.878126,0.247027,0,0.66528,12.849,1,0.747556,0.36288,0,96.6522,4.01195,92.2556,0.84672,12.849,0.84672,3695.15,0,0.0036966,1.14262e-05,1.98059,1.71188,6.01998,1.01885,8.69358,0.42336,0.0018483,0.21168,0.0018483,0.21168,460.486,0,1.02816,0,0,3.00875,1.98059,1.028160,1,0,100.949,0,0,0,100.949,0
42.0074,2.33951,0,0,4.48587,0.201988,0.36288,3.6288,53.2752,0.370391,0,0,0.7574,0.205724,0,0.66528,12.849,1,0.743591,0.36288,0,77.9276,3.611,73.9359,0.84672,12.849,0.84672,3695.15,0,0.0036966,1.2894e-05,0.559604,1.60664,4.54832,1.01379,5.70076,0.42336,0.0018483,0.21168,0.0018483,0.21168,460.486,0,1.02816,0,0,1.58776,0.559604,1.028160,1,0,79.6367,0,0,0,79.6367,0
42.4674,2.36136,0,0,3.38264,0.198336,0.36288,3.6288,53.1259,0.605119,0,0,0.645066,0.189236,0,0.66528,12.849,1,0.722281,0.36288,0,55.6168,3.45061,51.8068,0.84672,12.849,0.84672,3695.15,0,0.0036966,2.09936e-05,0.503194,1.65832,3.8658,1.01176,5.01553,0.42336,0.0018483,0.21168,0.0018483,0.21168,460.486,0,0.79367,0,0,1.29686,0.503194,1.028160,1,0,56.8223,0,0,0,56.8223,0
42.5089,2.26373,0,0,2.86747,0.199402,0.36288,3.6288,53.1395,0.650263,0,0,0.852873,0.18901,0,0.66528,12.849,1,0.684918,0.36288,0,67.5024,3.45061,63.7298,0.84672,12.849,0.84672,3695.15,0,0.0036966,2.26233e-05,0.503194,1.65862,5.71144,1.01176,6.86146,0.42336,0.0018483,0.21168,0.0018483,0.21168,460.486,0,0.884313,0,0,1.38751,0.503194,1.028160,1,0,70.5912,0,0,0,70.5912,0
44.7867,2.26485,0,0,5.12609,0.220569,0.36288,3.6288,53.766,0.506421,0,0,1.35503,0.222153,0,0.66528,12.849,1,0.684588,0.36288,0,117.857,3.70568,113.829,0.84672,12.849,0.84672,3695.15,0,0.0036966,1.76144e-05,1.26798,1.73823,9.83582,1.10079,11.7412,0.42336,0.0018483,0.21168,0.0018483,0.21168,460.486,0,1.02816,0,0,2.29614,1.26798,1.028160,1,0,125.57,0,0,0,125.57,0
45.2113,2.52637,0,0,3.55498,0.241147,0.36288,3.6288,53.7488,0.66528,0,0,0.880597,0.232468,0,0.66528,12.849,1,0.724798,0.36288,0,62.3796,3.71805,58.2996,0.84672,12.849,0.84672,3695.15,0,0.0036966,0.0018483,0.86578,1.73837,4.61253,1.10578,6.10906,0.42336,0.0018483,0.21168,0.0018483,0.21168,460.486,0,1.02816,0,0,1.89394,0.86578,1.028160,1,0,64.4087,0,0,0,64.4087,0
45.4752,2.63729,0,0,3.50269,0.238599,0.36288,3.6288,54.1007,0.536204,0,0,1.08114,0.193031,0,0.66528,12.849,1,0.749516,0.36288,0,61.2305,3.27075,57.5731,0.84672,12.849,0.84672,3695.15,0,0.0036966,1.84389e-05,0.600592,1.92206,5.58479,0.951336,7.15609,0.42336,0.0018483,0.21168,0.0018483,0.21168,460.486,0,1.02816,0,0,1.62875,0.600592,1.028160,1,0,64.7292,0,0,0,64.7292,0
46.6296,2.64115,0,0,4.39777,0.239308,0.36288,3.6288,54.3972,0.53648,0,0,1.02642,0.193503,0,0.66528,12.849,1,0.746256,0.36288,0,84.2956,3.27075,80.6415,0.84672,12.849,0.84672,3695.15,0,0.0036966,1.83283e-05,0.705525,1.84335,6.18178,0.951336,7.7793,0.42336,0.0018483,0.21168,0.0018483,0.21168,460.486,0,1.02816,0,0,1.73369,0.705525,1.028160,1,0,88.4208,0,0,0,88.4208,0
47.5632,2.6561,0,0,4.19497,0.242408,0.36288,3.6288,54.8425,0.536756,0,0,1.17597,0.193883,0,0.66528,12.849,1,0.731901,0.36288,0,75.2259,3.27075,71.5861,0.84672,12.849,0.84672,3695.15,0,0.0036966,1.82378e-05,0.716826,1.84368,6.32172,0.951336,7.93087,0.42336,0.0018483,0.21168,0.0018483,0.21168,460.486,0,1.02816,0,0,1.74499,0.716826,1.028160,1,0,79.517,0,0,0,79.517,0
48.803,2.32971,0,0,4.17933,0.246983,0.36288,3.6288,55.6229,0.316046,0,0,1.2965,0.200038,0,0.66528,12.849,1,0.629363,0.36288,0,77.3365,3.471,73.599,0.84672,12.849,0.84672,3695.15,0,0.0036966,1.06514e-05,0.633727,1.844,7.49415,1.00698,8.96489,0.42336,0.0018483,0.21168,0.0018483,0.21168,460.486,0,1.02816,0,0,1.66189,0.633727,1.028160,1,0,82.5639,0,0,0,82.5639,0
49.4216,2.19228,0,0,3.44415,0.270297,0.36288,3.6288,55.5626,0.795523,0,0,0.913015,0.177764,0,0.66528,12.849,1,0.57719,0.36288,0,74.9356,3.05434,71.6669,0.84672,12.849,0.84672,3695.15,0,0.0036966,2.64345e-05,0.608429,1.59309,3.87151,0.859121,5.21389,0.42336,0.0018483,0.21168,0.0018483,0.21168,460.486,0,0.73904,0,0,1.34747,0.608429,1.028160,1,0,76.8808,0,0,0,76.8808,0
51.5659,2.19862,0,0,4.97786,0.272106,0.36288,3.6288,56.2113,0.506412,0,0,1.33277,0.177693,0,0.66528,12.849,1,0.571612,0.36288,0,109.193,3.05434,105.93,0.84672,12.849,0.84672,3695.15,0,0.0036966,1.68459e-05,0.936809,1.70464,5.50196,0.859121,7.28427,0.42336,0.0018483,0.21168,0.0018483,0.21168,460.486,0,1.02816,0,0,1.96497,0.936809,1.028160,1,0,113.214,0,0,0,113.214,0
53.6666,2.21825,0,0,4.94774,0.265905,0.36288,3.6288,57.3461,0.506412,0,0,1.81924,0.178012,0,0.66528,12.849,1,0.552736,0.36288,0,131.12,3.2115,127.718,0.84672,12.849,0.84672,3695.15,0,0.0036966,1.66515e-05,1.84809,1.70478,8.67007,0.886737,11.3362,0.42336,0.0018483,0.21168,0.0018483,0.21168,460.486,0,1.02816,0,0,2.87625,1.84809,1.028160,1,0,139.055,0,0,0,139.055,0
56.5413,2.23632,0,0,5.74265,0.268732,0.36288,3.6288,58.3513,0.506413,0,0,1.70903,0.197462,0,0.66528,12.849,1,0.535427,0.36288,0,189.026,3.96909,184.884,0.84672,12.849,0.84672,3695.15,0,0.0036966,1.6322e-05,1.51754,1.70492,9.51653,1.01118,11.7278,0.42336,0.0018483,0.21168,0.0018483,0.21168,460.486,0,1.02816,0,0,2.5457,1.51754,1.028160,1,0,196.612,0,0,0,196.612,0
56.6806,2.50146,0,0,3.2577,0.25406,0.36288,3.6288,58.985,0.37134,0,0,1.19329,0.188203,0,0.66528,12.849,1,0.568455,0.36288,0,90.3053,4.44204,85.6577,0.84672,12.849,0.84672,3695.15,0,0.0036966,1.17623e-05,0.860976,1.70506,4.89498,1.04299,6.41802,0.42336,0.0018483,0.21168,0.0018483,0.21168,460.486,0,1.02816,0,0,1.88914,0.860976,1.028160,1,0,92.0757,0,0,0,92.0757,0
57.959,2.50304,0,0,4.4001,0.255843,0.36288,3.6288,59.9993,0.371587,0,0,1.57436,0.188517,0,0.66528,12.849,1,0.567416,0.36288,0,123,4.46134,118.334,0.84672,12.849,0.84672,3695.15,0,0.0036966,1.16437e-05,1.95893,1.65658,7.26926,1.03673,9.84803,0.42336,0.0018483,0.21168,0.0018483,0.21168,460.486,0,1.02816,0,0,2.98709,1.95893,1.028160,1,0,128.182,0,0,0,128.182,0
58.1831,2.51372,0,0,3.35981,0.259073,0.36288,3.6288,60.7627,0.371834,0,0,1.32505,0.189744,0,0.66528,12.849,1,0.557271,0.36288,0,91.673,4.46134,87.0173,0.84672,12.849,0.84672,3695.15,0,0.0036966,1.14545e-05,1.141,1.65687,5.85122,1.03673,7.61235,0.42336,0.0018483,0.21168,0.0018483,0.21168,460.486,0,1.02816,0,0,2.16916,1.141,1.028160,1,0,94.6296,0,0,0,94.6296,0
57.7747,2.51592,0,0,2.73007,0.25964,0.36288,3.6288,61.2431,0.37208,0,0,1.04306,0.190667,0,0.66528,12.849,1,0.55561,0.36288,0,73.2197,4.46134,68.5656,0.84672,12.849,0.84672,3695.15,0,0.0036966,1.13181e-05,0.748362,1.65716,4.46599,1.03673,5.83477,0.42336,0.0018483,0.21168,0.0018483,0.21168,460.486,0,1.02816,0,0,1.77652,0.748362,1.028160,1,0,74.4004,0,0,0,74.4004,0
57.2602,2.47852,0,0,2.5231,0.196185,0.36288,3.6288,61.308,0.351297,0,0,0.86178,0.174449,0.271084,0.66528,12.849,1,0.551218,0.36288,0,68.2952,4.07982,64.0271,0.84672,12.849,0.84672,3695.15,0,0.0036966,1.0602e-05,0.595339,1.65746,3.61249,1.0185,4.84677,0.42336,0.0018483,0.21168,0.0018483,0.21168,460.486,0,1.02816,0,0,1.6235,0.595339,1.028160,1,0,69.1449,0,0,0,69.1449,0
56.1143,2.47491,0,0,1.90168,0.209786,0.36288,3.6288,61.1059,0.751758,0,0,0.713716,0.164028,0,0.66528,12.849,1,0.555361,0.36288,0,49.9027,3.97936,45.7308,0.84672,12.849,0.84672,3695.15,0,0.0036966,2.26638e-05,0.528595,1.63356,2.70219,1.02051,3.84382,0.42336,0.0018483,0.21168,0.0018483,0.21168,460.486,0,0.627929,0,0,1.15652,0.528595,1.028160,1,0,49.5746,0,0,0,49.5746,0
54.7933,2.46611,0,0,1.69685,0.188858,0.36288,3.6288,60.7986,0.712051,0,0,0.598627,0.193864,0,0.66528,12.849,1,0.564688,0.36288,0,44.3407,4.29549,39.8434,0.84672,12.849,0.84672,3695.15,0,0.0036966,2.15378e-05,0.402797,1.63385,2.4535,1.0454,3.44472,0.42336,0.0018483,0.21168,0.0018483,0.21168,460.486,0,0.667881,0,0,1.07068,0.402797,1.028160,1,0,43.2882,0,0,0,43.2882,0
53.559,2.33045,0,0,1.59695,0.137995,0.36288,3.6288,60.2914,0.883009,0,0,0.59535,0.219561,0,0.66528,12.849,1,0.546489,0.36288,0,41.3504,4.52613,36.6407,0.84672,12.849,0.84672,3695.15,0,0.0036966,2.68438e-05,0.402797,1.63414,2.44166,1.05917,3.4194,0.42336,0.0018483,0.21168,0.0018483,0.21168,460.486,0,0.65156,0,0,1.05436,0.402797,1.028160,1,0,40.0601,0,0,0,40.0601,0
52.0389,2.56124,0,0,1.54081,0.136762,0.36288,3.6288,59.8864,0.777034,0,0,0.592825,0.220815,0,0.66528,12.849,1,0.61445,0.36288,0,39.8677,4.45249,35.1637,0.84672,12.849,0.84672,3695.15,0,0.0036966,2.38208e-05,0.402797,1.72478,2.63607,1.06122,3.7024,0.42336,0.0018483,0.21168,0.0018483,0.21168,460.486,0,0.678015,0,0,1.08081,0.402797,1.028160,1,0,38.8661,0,0,0,38.8661,0
50.428,2.54729,0,0,1.43674,0.137488,0.36288,3.6288,59.147,0.998018,0,0,0.490649,0.23198,0,0.66528,12.849,1,0.628955,0.36288,0,38.3642,4.01068,34.0874,0.84672,12.849,0.84672,3695.15,0,0.0036966,3.08023e-05,0.402797,1.71933,1.93173,1.07352,2.98031,0.42336,0.0018483,0.21168,0.0018483,0.21168,460.486,0,0.457281,0,0,0.860077,0.402797,1.028160,1,0,37.0677,0,0,0,37.0677,0
48.7142,2.53172,0,0,1.31607,0.135195,0.36288,3.6288,58.3836,0.981331,0,0,0.448805,0.230886,0,0.66528,12.849,1,0.64508,0.36288,0,34.4239,4.01068,30.131,0.84672,12.849,0.84672,3695.15,0,0.0036966,3.06659e-05,0.30119,1.71963,1.84513,1.07352,2.7924,0.42336,0.0018483,0.21168,0.0018483,0.21168,460.486,0,0.474224,0,0,0.775414,0.30119,1.028160,1,0,32.9234,0,0,0,32.9234,0
46.9619,2.5142,0,0,1.22258,0.0978264,0.36288,3.6288,57.5473,1.00841,0,0,0.429653,0.257562,0,0.66528,12.849,1,0.663153,0.36288,0,30.4576,4.33198,25.8253,0.84672,12.849,0.84672,3695.15,0,0.0036966,3.19239e-05,0.30119,1.71994,1.7618,1.15561,2.62728,0.42336,0.0018483,0.21168,0.0018483,0.21168,460.486,0,0.447405,0,0,0.748596,0.30119,1.028160,1,0,28.4526,0,0,0,28.4526,0
45.1645,2.49521,0,0,1.15093,0.0902609,0.36288,3.6288,56.6363,1.06063,0,0,0.410359,0.260784,0,0.66528,12.849,1,0.682702,0.36288,0,30.0108,4.38553,25.3054,0.84672,12.849,0.84672,3695.15,0,0.0036966,3.40652e-05,0.30119,1.72024,1.78455,1.1693,2.63665,0.42336,0.0018483,0.21168,0.0018483,0.21168,460.486,0,0.395436,0,0,0.696626,0.30119,1.028160,1,0,27.9421,0,0,0,27.9421,0
43.7496,2.39141,0,0,1.43069,0.0912868,0.36288,3.6288,55.759,0.996043,0,0,0.377079,0.25835,0,0.66528,12.849,1,0.680341,0.36288,0,27.0959,4.71331,22.0651,0.84672,12.849,0.84672,3695.15,0,0.0036966,3.25054e-05,0.30119,1.72054,1.75619,1.19831,2.57958,0.42336,0.0018483,0.21168,0.0018483,0.21168,460.486,0,0.579589,0,0,0.880779,0.30119,1.028160,1,0,24.6447,0,0,0,24.6447,0
42.2597,2.43532,0,0,1.39855,0.0902944,0.36288,3.6288,54.9586,0.897934,0,0,0.354272,0.256725,0,0.66528,12.849,1,0.715239,0.36288,0,26.5232,4.76795,21.4029,0.84672,12.849,0.84672,3695.15,0,0.0036966,2.97647e-05,0.261274,1.79302,1.83036,1.20315,2.68148,0.42336,0.0018483,0.21168,0.0018483,0.21168,460.486,0,0.599711,0,0,0.860985,0.261274,1.028160,1,0,24.0843,0,0,0,24.0843,0
40.6651,2.4164,0,0,1.27347,0.0887549,0.36288,3.6288,54.1569,0.896979,0,0,0.350689,0.255379,0,0.66528,12.849,1,0.734705,0.36288,0,26.318,4.76795,21.1783,0.84672,12.849,0.84672,3695.15,0,0.0036966,3.01661e-05,0.261274,1.74754,1.76164,1.20315,2.56727,0.42336,0.0018483,0.21168,0.0018483,0.21168,460.486,0,0.600929,0,0,0.862203,0.261274,1.028160,1,0,23.7455,0,0,0,23.7455,0
38.9724,2.39493,0,0,1.1522,0.0871074,0.36288,3.6288,53.2241,1.00418,0,0,0.325453,0.254031,0,0.66528,12.849,1,0.756729,0.36288,0,23.6339,4.76795,18.4721,0.84672,12.849,0.84672,3695.15,0,0.0036966,3.42714e-05,0.261274,1.74784,1.68955,1.20315,2.49549,0.42336,0.0018483,0.21168,0.0018483,0.21168,460.486,0,0.493983,0,0,0.755257,0.261274,1.028160,1,0,20.9675,0,0,0,20.9675,0
37.2483,2.42595,0,0,1.13257,0.0677948,0.36288,3.6288,52.2131,1.03949,0,0,0.32259,0.294154,0,0.66528,12.849,1,0.799825,0.36288,0,21.9367,5.44717,16.0526,0.84672,12.849,0.84672,3695.15,0,0.0036966,3.60981e-05,0.261274,1.74815,1.50171,1.46537,2.04573,0.42336,0.0018483,0.21168,0.0018483,0.21168,460.486,0,0.495556,0,0,0.756829,0.261274,1.028160,1,0,18.0983,0,0,0,18.0983,0
35.5112,2.39885,0,0,1.09165,0.0670734,0.36288,3.6288,51.1723,1.09495,0,0,0.329097,0.274972,0,0.66528,12.849,1,0.827495,0.36288,0,21.1164,5.36477,15.287,0.84672,12.849,0.84672,3695.15,0,0.0036966,3.87603e-05,0.261274,1.79054,1.29781,1.45434,1.89524,0.42336,0.0018483,0.21168,0.0018483,0.21168,460.486,0,0.440364,0,0,0.701637,0.261274,1.028160,1,0,17.1823,0,0,0,17.1823,0
33.7076,2.38018,0,0,1.00522,0.0656975,0.36288,3.6288,50.1246,1.09744,0,0,0.322449,0.272668,0,0.66528,12.849,1,0.84672,0.36288,0,19.9159,5.36477,14.0673,0.84672,12.849,0.84672,3695.15,0,0.0036966,3.96386e-05,0.227405,1.79085,1.28468,1.45434,1.84856,0.42336,0.0018483,0.21168,0.0018483,0.21168,460.486,0,0.438143,0,0,0.665548,0.227405,1.028160,1,0,15.9158,0,0,0,15.9158,0
31.7466,2.38075,0,0,0.834555,0.0519711,0.36288,3.6288,49.0686,1.10177,0,0,0.320698,0.27493,0,0.66528,12.849,1,0.84672,0.36288,0,18.8867,5.65905,12.7438,0.84672,12.849,0.84672,3695.15,0,0.0036966,4.06268e-05,0.227405,1.79117,1.22348,1.44007,1.80194,0.42336,0.0018483,0.21168,0.0018483,0.21168,460.486,0,0.434082,0,0,0.661487,0.227405,1.028160,1,0,14.5457,0,0,0,14.5457,0
29.4668,2.59689,0,0,0.738755,0.058777,0.36288,3.6288,47.839,1.25982,0,0,0.293722,0.263494,0,0.66528,12.849,1,0.84672,0.36288,0,17.3159,5.4872,11.3448,0.84672,12.849,0.84672,3695.15,0,0.0036966,4.74545e-05,0.227405,1.79148,1.19615,1.35093,1.86406,0.42336,0.0018483,0.21168,0.0018483,0.21168,460.486,0,0.408551,0,0,0.635956,0.227405,1.028160,1,0,13.2089,0,0,0,13.2089,0
26.8325,2.59748,0,0,0.383401,0.0573347,0.36288,3.6288,46.2744,1.47048,0,0,0.196792,0.290872,0,0.66528,12.3372,1,0.84672,0.36288,0,8.97886,5.80135,3.20544,0.84672,12.3372,0.84672,3695.15,0,0.0036966,5.68133e-05,0.227405,1.93438,1.08305,1.50558,1.7392,0.42336,0.0018483,0.21168,0.0018483,0.21168,460.486,0,0.198176,0,0,0.42558,0.227405,1.028160,1,0,4.94464,0,0,0,4.94464,0
24.3457,2.59807,0,0,0.529462,0.0552968,0.36288,3.6288,44.815,1.3904,0,0,0.217941,0.286969,0,0.66528,12.4778,1,0.84672,0.36288,0,9.63118,5.80135,3.20544,0.84672,12.4778,0.84672,3695.15,0,0.0036966,5.55356e-05,0.204422,1.93472,1.20735,1.50558,1.84086,0.42336,0.0018483,0.21168,0.0018483,0.21168,460.486,0,0.278551,0,0,0.482973,0.204422,1.028160,1,0,5.0463,0,0,0,5.0463,0
22.0848,2.59866,0,0,0.770852,0.0701933,0.36288,3.6288,43.4982,1.3303,0,0,0.290104,0.276588,0,0.66528,12.849,1,0.84672,0.36288,0,16.0714,5.66144,9.55493,0.84672,12.849,0.84672,3695.15,0,0.0036966,5.48656e-05,0.204422,1.93506,1.34267,1.48322,1.99888,0.42336,0.0018483,0.21168,0.0018483,0.21168,460.486,0,0.338942,0,0,0.543364,0.204422,1.028160,1,0,11.5538,0,0,0,11.5538,0
19.6892,2.59925,0,0,0.62889,0.0623938,0.36288,3.6288,42.11,1.37989,0,0,0.259052,0.267351,0,0.66528,12.849,1,0.84672,0.36288,0,18.4384,5.86089,12.0936,0.84672,12.849,0.84672,3695.15,0,0.0036966,5.86332e-05,0.204422,1.9354,1.01607,1.47648,1.67936,0.42336,0.0018483,0.21168,0.0018483,0.21168,460.486,0,0.289651,0,0,0.494073,0.204422,1.028160,1,0,13.773,0,0,0,13.773,0
17.6936,2.49467,0,0,0.943593,0.0816148,0.36288,3.6288,40.9775,1.22281,0,0,0.341494,0.251251,0,0.66528,12.849,1,0.84672,0.36288,0,22.4939,5.21844,16.7916,0.84672,12.849,0.84672,3695.15,0,0.0036966,5.36719e-05,0.204422,1.93574,1.13708,1.40953,1.86767,0.42336,0.0018483,0.21168,0.0018483,0.21168,460.486,0,0.366675,0,0,0.571097,0.204422,1.028160,1,0,18.6593,0,0,0,18.6593,0
15.7097,2.49523,0,0,0.961788,0.0876018,0.36288,3.6288,40.459,0.838498,0,0,0.563532,0.243538,0,0.66528,12.849,1,0.84672,0.36288,0,23.0519,4.96146,17.6066,0.84672,12.849,0.84672,3695.15,0,0.0036966,3.78207e-05,0.216518,1.8543,1.41603,1.38274,2.10406,0.42336,0.0018483,0.21168,0.0018483,0.21168,460.486,0,0.751287,0,0,0.967805,0.216518,1.028160,1,0,19.7106,0,0,0,19.7106,0
13.6148,2.49579,0,0,0.848638,0.0848555,0.36288,3.6288,39.3448,1.19895,0,0,0.327053,0.242311,0,0.66528,12.849,1,0.84672,0.36288,0,23.6121,4.96146,18.1668,0.84672,12.849,0.84672,3695.15,0,0.0036966,5.4772e-05,0.216518,1.85463,1.08764,1.38274,1.77599,0.42336,0.0018483,0.21168,0.0018483,0.21168,460.486,0,0.391098,0,0,0.607617,0.216518,1.028160,1,0,19.9428,0,0,0,19.9428,0
11.3757,2.49633,0,0,0.701274,0.0811649,0.36288,3.6288,38.1266,1.26656,0,0,0.288128,0.239746,0,0.66528,12.849,1,0.84672,0.36288,0,21.8009,4.96146,16.3556,0.84672,12.849,0.84672,3695.15,0,0.0036966,5.94994e-05,0.216518,1.85495,1.00724,1.38274,1.69591,0.42336,0.0018483,0.21168,0.0018483,0.21168,460.486,0,0.323759,0,0,0.540277,0.216518,1.028160,1,0,18.0515,0,0,0,18.0515,0
9.92907,2.41048,0,0,1.44119,0.114451,0.36288,3.6288,37.2836,1.07513,0,0,0.407904,0.175806,0,0.66528,12.849,1,0.84672,0.36288,0,30.2686,4.05321,25.7315,0.84672,12.849,0.84672,3695.15,0,0.0036966,5.212e-05,0.216518,1.85528,1.20743,1.06197,2.21721,0.42336,0.0018483,0.21168,0.0018483,0.21168,460.486,0,0.442297,0,0,0.658816,0.216518,1.028160,1,0,27.9488,0,0,0,27.9488,0
10.0115,2.39413,0,0,2.94419,0.104767,0.36288,3.6288,37.1211,0.753952,0,0,0.744969,0.153497,0,0.66528,12.849,1,0.84672,0.36288,0,35.5357,3.9627,31.0892,0.84672,12.849,0.84672,3695.15,0,0.0036966,3.73765e-05,0.216518,1.78288,2.39739,0.941473,3.45528,0.42336,0.0018483,0.21168,0.0018483,0.21168,460.486,0,0.780629,0,0,0.997148,0.216518,1.028160,1,0,34.5445,0,0,0,34.5445,0
9.5406,2.39497,0,0,2.39192,0.10497,0.36288,3.6288,37.3713,0.506434,0,0,0.909904,0.153256,0,0.66528,12.849,1,0.84672,0.36288,0,32.135,3.9627,27.6885,0.84672,12.849,0.84672,3695.15,0,0.0036966,2.52159e-05,0.555284,1.79306,2.17905,0.941473,3.5859,0.42336,0.0018483,0.21168,0.0018483,0.21168,460.486,0,1.02816,0,0,1.58344,0.555284,1.028160,1,0,31.2744,0,0,0,31.2744,0
8.83345,2.39579,0,0,2.16985,0.118332,0.36288,3.6288,37.1243,0.759174,0,0,0.674316,0.162137,0,0.66528,12.849,1,0.84672,0.36288,0,31.5208,4.13667,26.9003,0.84672,12.849,0.84672,3695.15,0,0.0036966,3.75471e-05,0.292723,1.79322,2.56777,0.982089,3.67159,0.42336,0.0018483,0.21168,0.0018483,0.21168,460.486,0,0.775407,0,0,1.06813,0.292723,1.028160,1,0,30.5719,0,0,0,30.5719,0
13.4647,2.15114,0,0,7.28042,0.135143,0.36288,3.6288,37.5896,0.353909,0,0,0.992269,0.173072,0,0.66528,12.849,1,0.84672,0.36288,0,113.778,4.36863,108.925,0.84672,12.849,0.84672,3695.15,0,0.0036966,1.762e-05,0.941812,1.79338,4.0261,1.03624,5.72503,0.42336,0.0018483,0.21168,0.0018483,0.21168,460.486,0,1.02816,0,0,1.96997,0.941812,1.028160,1,0,114.65,0,0,0,114.65,0
16.1245,1.99958,0,0,5.15449,0.132261,0.36288,3.6288,37.8434,0.506407,0,0,0.982135,0.221879,0,0.66528,12.849,1,0.84672,0.36288,0,86.3749,4.68693,81.2042,0.84672,12.849,0.84672,3695.15,0,0.0036966,2.49003e-05,0.671544,1.62968,2.48377,1.16737,3.6176,0.42336,0.0018483,0.21168,0.0018483,0.21168,460.486,0,1.02816,0,0,1.6997,0.671544,1.028160,1,0,84.8218,0,0,0,84.8218,0
20.1252,2.00039,0,0,6.51782,0.153812,0.36288,3.6288,38.1824,0.506408,0,0,1.02401,0.178596,0,0.66528,12.849,1,0.84672,0.36288,0,102.972,4.34382,98.1439,0.84672,12.849,0.84672,3695.15,0,0.0036966,2.47333e-05,0.9612,1.71907,3.64195,1.13953,5.18267,0.42336,0.0018483,0.21168,0.0018483,0.21168,460.486,0,1.02816,0,0,1.98936,0.9612,1.028160,1,0,103.327,0,0,0,103.327,0
23.8043,2.16905,0,0,6.38028,0.169261,0.36288,3.6288,38.8867,0.338556,0,0,1.19628,0.153496,0,0.66528,12.849,1,0.84672,0.36288,0,127.764,4.2126,123.068,0.84672,12.849,0.84672,3695.15,0,0.0036966,1.63885e-05,1.07292,1.71922,4.4259,1.11327,6.10476,0.42336,0.0018483,0.21168,0.0018483,0.21168,460.486,0,1.02816,0,0,2.10108,1.07292,1.028160,1,0,129.172,0,0,0,129.172,0
32.669,2.16961,0,0,11.5752,0.178029,0.36288,3.6288,41.2925,0.338796,0,0,2.89917,0.15453,0,0.66528,12.849,1,0.84672,0.36288,0,177.727,4.2126,173.031,0.84672,12.849,0.84672,3695.15,0,0.0036966,1.61031e-05,3.55041,1.62113,8.16212,1.11327,12.2204,0.42336,0.0018483,0.21168,0.0018483,0.21168,460.486,0,1.02816,0,0,4.57857,3.55041,1.028160,1,0,185.251,0,0,0,185.251,0
37.2479,2.26468,0,0,7.39034,0.183877,0.36288,3.6288,42.489,0.383236,0,0,1.77563,0.195946,0,0.66528,12.849,1,0.84672,0.36288,0,124.915,4.70484,119.727,0.84672,12.849,0.84672,3695.15,0,0.0036966,1.71541e-05,2.11762,1.62142,8.92689,1.32313,11.3428,0.42336,0.0018483,0.21168,0.0018483,0.21168,460.486,0,1.02816,0,0,3.14578,2.11762,1.028160,1,0,131.069,0,0,0,131.069,0
40.0296,2.31378,0,0,5.63918,0.180862,0.36288,3.6288,43.7718,0.383472,0,0,1.89321,0.226901,0,0.66528,12.849,1,0.798159,0.36288,0,89.138,5.07402,83.6287,0.84672,12.849,0.84672,3695.15,0,0.0036966,1.66813e-05,1.88284,1.67356,6.95892,1.48053,9.03477,0.42336,0.0018483,0.21168,0.0018483,0.21168,460.486,0,1.02816,0,0,2.911,1.88284,1.028160,1,0,92.6635,0,0,0,92.6635,0
42.6409,2.26328,0,0,5.4243,0.186824,0.36288,3.6288,44.7245,0.506406,0,0,1.68878,0.22969,0,0.66528,12.849,1,0.726484,0.36288,0,90.7796,5.07402,85.342,0.84672,12.849,0.84672,3695.15,0,0.0036966,2.13834e-05,1.81047,1.67384,6.48992,1.48053,8.49367,0.42336,0.0018483,0.21168,0.0018483,0.21168,460.486,0,1.02816,0,0,2.83863,1.81047,1.028160,1,0,93.8357,0,0,0,93.8357,0
43.9492,2.29805,0,0,4.17262,0.2034,0.36288,3.6288,45.2989,0.506406,0,0,1.30836,0.227527,0,0.66528,12.849,1,0.692472,0.36288,0,78.0218,4.86075,72.8314,0.84672,12.849,0.84672,3695.15,0,0.0036966,2.09279e-05,1.09118,1.74592,4.21266,1.42003,5.62971,0.42336,0.0018483,0.21168,0.0018483,0.21168,460.486,0,1.02816,0,0,2.11934,1.09118,1.028160,1,0,78.4612,0,0,0,78.4612,0
44.7903,2.54957,0,0,4.0145,0.260879,0.36288,3.6288,45.8215,0.66528,0,0,1.38967,0.201733,0,0.66528,12.849,1,0.745393,0.36288,0,72.8127,3.6547,68.7755,0.84672,12.849,0.84672,3695.15,0,0.0036966,0.0018483,1.38161,1.74606,4.90436,1.04848,6.9817,0.42336,0.0018483,0.21168,0.0018483,0.21168,460.486,0,1.02816,0,0,2.40977,1.38161,1.028160,1,0,75.7572,0,0,0,75.7572,0
50.2153,2.65587,0,0,8.67162,0.227947,0.36288,3.6288,48.3617,0.550498,0,0,3.28508,0.194438,0,0.66528,12.849,1,0.76189,0.36288,0,153.364,3.98463,148.981,0.84672,12.849,0.84672,3695.15,0,0.0036966,2.22054e-05,5.75135,1.93142,17.1149,1.07319,23.7244,0.42336,0.0018483,0.21168,0.0018483,0.21168,460.486,0,1.02816,0,0,6.77951,5.75135,1.028160,1,0,172.705,0,0,0,172.705,0
54.2651,2.72187,0,0,7.38992,0.255295,0.36288,3.6288,50.5076,0.550762,0,0,2.89581,0.199137,0,0.66528,12.849,1,0.696468,0.36288,0,150.719,3.94002,146.445,0.84672,12.849,0.84672,3695.15,0,0.0036966,2.10492e-05,4.12237,1.8602,14.2764,1.1036,19.1553,0.42336,0.0018483,0.21168,0.0018483,0.21168,460.486,0,1.02816,0,0,5.15053,4.12237,1.028160,1,0,165.6,0,0,0,165.6,0
57.2571,2.76436,0,0,6.3854,0.266203,0.36288,3.6288,51.7761,0.551026,0,0,2.02217,0.202687,0,0.66528,12.849,1,0.654551,0.36288,0,99.9838,3.94002,95.7521,0.84672,12.849,0.84672,3695.15,0,0.0036966,2.01645e-05,2.85658,1.86051,8.97782,1.1036,12.5913,0.42336,0.0018483,0.21168,0.0018483,0.21168,460.486,0,1.02816,0,0,3.88474,2.85658,1.028160,1,0,108.343,0,0,0,108.343,0
60.1033,2.43877,0,0,5.92619,0.278361,0.36288,3.6288,53.8247,0.328291,0,0,2.57599,0.199068,0,0.66528,12.849,1,0.547281,0.36288,0,112.733,3.90021,108.648,0.84672,12.849,0.84672,3695.15,0,0.0036966,1.17193e-05,3.61835,1.86082,9.77201,1.0759,14.1753,0.42336,0.0018483,0.21168,0.0018483,0.21168,460.486,0,1.02816,0,0,4.64651,3.61835,1.028160,1,0,122.824,0,0,0,122.824,0
65.2969,2.46053,0,0,8.32849,0.31142,0.36288,3.6288,57.6606,0.328517,0,0,4.33188,0.167492,0,0.66528,12.849,1,0.526017,0.36288,0,107.668,3.66135,103.844,0.84672,12.849,0.84672,3695.15,0,0.0036966,1.1281e-05,6.57882,1.6076,16.272,0.909684,23.5487,0.42336,0.0018483,0.21168,0.0018483,0.21168,460.486,0,1.02816,0,0,7.60698,6.57882,1.028160,1,0,127.392,0,0,0,127.392,0
68.8553,2.49591,0,0,6.74216,0.325023,0.36288,3.6288,60.2217,0.328744,0,0,3.06163,0.171756,0,0.66528,12.849,1,0.49114,0.36288,0,107.942,3.66135,104.153,0.84672,12.849,0.84672,3695.15,0,0.0036966,1.05378e-05,3.84235,1.60787,11.1643,0.909684,15.7049,0.42336,0.0018483,0.21168,0.0018483,0.21168,460.486,0,1.02816,0,0,4.87051,3.84235,1.028160,1,0,119.857,0,0,0,119.857,0
70.3301,2.51772,0,0,4.68967,0.33429,0.36288,3.6288,61.308,0.32897,0,0,2.18729,0.174603,0.5974,0.66528,12.849,1,0.469829,0.36288,0,100.093,3.66135,96.3244,0.84672,12.849,0.84672,3695.15,0,0.0036966,1.00966e-05,3.28687,1.60814,10.7329,0.909684,14.7182,0.42336,0.0018483,0.21168,0.0018483,0.21168,460.486,0,1.02816,0,0,4.31503,3.28687,1.028160,1,0,111.64,0,0,0,111.64,0
72.29,2.52647,0,0,5.21249,0.271172,0.454919,3.6288,61.308,0.329197,0,0,1.93737,0.139712,1.46846,0.66528,12.849,1,0.461576,0.454919,0,90.9481,3.13818,87.8033,0.84672,12.849,0.84672,3695.15,0,0.0036966,9.92455e-06,2.88833,1.60841,10.1436,0.834532,13.8058,0.42336,0.0018483,0.21168,0.0018483,0.21168,460.486,0,1.02816,0,0,3.91649,2.88833,1.028160,1,0,103.078,0,0,0,103.078,0
72.29,2.63024,0,0,7.47029,0.292139,4.54791,3.6288,61.308,0.384022,0,0,2.86178,0.146566,2.33119,0.66528,12.849,1,0.467505,4.54791,0,111.232,3.17489,112.138,0.84672,12.849,0.84672,3695.15,0,0.0036966,1.15774e-05,4.92479,1.60867,11.3417,0.762096,17.1131,0.42336,0.0018483,0.21168,0.0018483,0.21168,460.486,0,1.02816,0,0,5.95295,4.92479,1.028160,1,0,131.582,0,0,0,131.582,0
72.29,2.63068,0,0,7.10165,0.303419,4.16755,3.6288,61.308,0.384258,0,0,3.55361,0.151714,3.01764,0.66528,12.849,1,0.467583,4.16755,0,131.311,3.22445,131.786,0.84672,12.849,0.84672,3695.15,0,0.0036966,1.15845e-05,5.28073,1.67159,15.2906,0.738132,21.5047,0.42336,0.0018483,0.21168,0.0018483,0.21168,460.486,0,1.02816,0,0,6.30889,5.28073,1.028160,1,0,156.309,0,0,0,156.309,0
72.29,2.63112,0,0,8.02777,0.303419,5.09324,3.6288,61.308,0.384493,0,0,3.51003,0.151714,2.97382,0.66528,12.849,1,0.467661,5.09324,0,135.699,3.22445,137.1,0.84672,12.849,0.84672,3695.15,0,0.0036966,1.15916e-05,4.47525,1.67187,14.7256,0.738132,20.1346,0.42336,0.0018483,0.21168,0.0018483,0.21168,460.486,0,1.02816,0,0,5.50341,4.47525,1.028160,1,0,160.208,0,0,0,160.208,0
72.29,2.63155,0,0,6.49651,0.295875,3.56908,3.6288,61.308,0.384728,0,0,3.07669,0.150881,2.54108,0.66528,12.849,1,0.467739,3.56908,0,99.7505,3.27387,99.578,0.84672,12.849,0.84672,3695.15,0,0.0036966,1.15987e-05,4.75028,1.67215,10.7295,0.741346,16.4106,0.42336,0.0018483,0.21168,0.0018483,0.21168,460.486,0,1.02816,0,0,5.77844,4.75028,1.028160,1,0,118.53,0,0,0,118.53,0
72.29,2.59572,0,0,5.0407,0.24294,2.20204,3.6288,61.308,0.363743,0,0,1.78748,0.148322,1.27541,0.66528,12.849,1,0.461369,2.20204,0,82.7807,3.5643,80.9571,0.84672,12.849,0.84672,3695.15,0,0.0036966,1.0966e-05,2.4312,1.67243,6.91612,0.828678,10.1911,0.42336,0.0018483,0.21168,0.0018483,0.21168,460.486,0,1.02816,0,0,3.45936,2.4312,1.028160,1,0,92.4235,0,0,0,92.4235,0
72.29,2.59615,0,0,4.17547,0.274436,1.30488,3.6288,61.308,0.363975,0,0,1.23326,0.172499,0.696791,0.66528,12.849,1,0.461446,1.30488,0,61.2956,3.84243,58.2966,0.84672,12.849,0.84672,3695.15,0,0.0036966,1.0973e-05,1.77781,1.6483,5.24845,0.948545,7.72601,0.42336,0.0018483,0.21168,0.0018483,0.21168,460.486,0,1.02816,0,0,2.80597,1.77781,1.028160,1,0,66.7194,0,0,0,66.7194,0
72.29,2.59658,0,0,3.78407,0.211166,0.976323,3.6288,61.308,0.364207,0,0,1.0207,0.208685,0.447803,0.66528,12.849,1,0.461523,0.976323,0,55.4247,4.17845,51.7611,0.84672,12.849,0.84672,3695.15,0,0.0036966,1.098e-05,1.55607,1.64858,4.82074,0.970615,7.05476,0.42336,0.0018483,0.21168,0.0018483,0.21168,460.486,0,1.02816,0,0,2.58423,1.55607,1.028160,1,0,59.2637,0,0,0,59.2637,0
72.29,2.59701,0,0,3.67451,0.183076,0.894425,3.6288,61.308,0.364439,0,0,1.10352,0.221765,0.517315,0.66528,12.849,1,0.461599,0.894425,0,53.4571,4.29376,49.5962,0.84672,12.849,0.84672,3695.15,0,0.0036966,1.0987e-05,1.74233,1.64885,5.33497,0.977501,7.74864,0.42336,0.0018483,0.21168,0.0018483,0.21168,460.486,0,1.02816,0,0,2.77049,1.74233,1.028160,1,0,57.8622,0,0,0,57.8622,0
72.29,2.72066,0,0,3.41728,0.183076,0.513547,3.6288,61.308,0.439973,0,0,1.02108,0.221765,0.359338,0.66528,12.849,1,0.483577,0.513547,0,48.8977,4.29376,44.6339,0.84672,12.849,0.84672,3695.15,0,0.0036966,1.32642e-05,1.48084,1.64913,4.92595,0.977501,7.07841,0.42336,0.0018483,0.21168,0.0018483,0.21168,460.486,0,1.02816,0,0,2.509,1.48084,1.028160,1,0,52.0717,0,0,0,52.0717,0
72.229,2.72111,0,0,3.22599,0.203032,0.36288,3.6288,61.308,0.440217,0,0,0.956845,0.229761,0.286867,0.66528,12.849,1,0.483657,0.36288,0,47.6467,5,42.526,0.84672,12.849,0.84672,3695.15,0,0.0036966,1.32716e-05,0.952353,1.73478,4.21116,0.974512,5.92377,0.42336,0.0018483,0.21168,0.0018483,0.21168,460.486,0,1.02816,0,0,1.98051,0.952353,1.028160,1,0,48.7366,0,0,0,48.7366,0
71.9194,2.72122,0,0,2.94545,0.170874,0.36288,3.6288,61.308,0.440462,0,0,0.76432,0.212462,0.111397,0.66528,12.849,1,0.484085,0.36288,0,43.2548,4.49557,38.638,0.84672,12.849,0.84672,3695.15,0,0.0036966,1.32789e-05,0.943108,1.73507,3.91022,0.966536,5.62185,0.42336,0.0018483,0.21168,0.0018483,0.21168,460.486,0,1.02816,0,0,1.97127,0.943108,1.028160,1,0,44.3712,0,0,0,44.3712,0
71.414,2.7199,0,0,2.72503,0.147704,0.36288,3.6288,61.308,0.440706,0,0,0.776995,0.217817,0.118472,0.66528,12.849,1,0.485933,0.36288,0,39.1858,4.65812,34.4046,0.84672,12.849,0.84672,3695.15,0,0.0036966,1.32863e-05,0.946927,1.73535,3.85826,0.936447,5.60408,0.42336,0.0018483,0.21168,0.0018483,0.21168,460.486,0,1.02816,0,0,1.97509,0.946927,1.028160,1,0,40.1272,0,0,0,40.1272,0
70.8267,2.71744,0,0,2.64014,0.147136,0.36288,3.6288,61.308,0.440951,0,0,0.814199,0.217817,0.155431,0.66528,12.849,1,0.48893,0.36288,0,37.1821,4.65812,32.3979,0.84672,12.849,0.84672,3695.15,0,0.0036966,1.32937e-05,0.875051,1.73564,4.00509,0.936447,5.67932,0.42336,0.0018483,0.21168,0.0018483,0.21168,460.486,0,1.02816,0,0,1.90321,0.875051,1.028160,1,0,38.2327,0,0,0,38.2327,0
70.3152,2.69015,0,0,2.66138,0.119816,0.36288,3.6288,61.308,0.482617,0,0,0.754877,0.202009,0.0702504,0.66528,12.849,1,0.488033,0.36288,0,42.1684,4.66089,37.3823,0.84672,12.849,0.84672,3695.15,0,0.0036966,1.45498e-05,0.819037,1.73593,5.47987,0.975087,7.05974,0.42336,0.0018483,0.21168,0.0018483,0.21168,460.486,0,1.02816,0,0,1.8472,0.819037,1.028160,1,0,44.5123,0,0,0,44.5123,0
69.6388,2.6876,0,0,2.48283,0.108724,0.36288,3.6288,61.308,0.482868,0,0,0.718848,0.195686,0.0402932,0.66528,12.849,1,0.491116,0.36288,0,43.6573,4.662,38.8671,0.84672,12.849,0.84672,3695.15,0,0.0036966,1.45574e-05,0.685549,1.76284,5.90547,0.990543,7.3633,0.42336,0.0018483,0.21168,0.0018483,0.21168,460.486,0,1.02816,0,0,1.71371,0.685549,1.028160,1,0,46.2707,0,0,0,46.2707,0
68.7665,2.68401,0,0,2.27341,0.0988299,0.36288,3.6288,61.2914,0.48312,0,0,0.684158,0.217624,0,0.66528,12.849,1,0.495225,0.36288,0,38.5003,4.9443,33.4236,0.84672,12.849,0.84672,3695.15,0,0.0036966,1.4565e-05,0.615229,1.76314,5.73503,1.09359,7.0198,0.42336,0.0018483,0.21168,0.0018483,0.21168,460.486,0,1.02816,0,0,1.64339,0.615229,1.028160,1,0,40.4434,0,0,0,40.4434,0
67.7957,2.67917,0,0,2.14628,0.0749999,0.36288,3.6288,61.1741,0.483371,0,0,0.63847,0.272441,0,0.66528,12.849,1,0.500601,0.36288,0,34.2429,5.65005,28.4551,0.84672,12.849,0.84672,3695.15,0,0.0036966,1.45765e-05,0.586492,1.76343,5.47051,1.3512,6.46922,0.42336,0.0018483,0.21168,0.0018483,0.21168,460.486,0,1.02816,0,0,1.61465,0.586492,1.028160,1,0,34.9244,0,0,0,34.9244,0
66.5247,2.73598,0,0,1.89936,0.0715047,0.36288,3.6288,60.9461,0.520563,0,0,0.573115,0.280534,0,0.66528,12.849,1,0.518537,0.36288,0,31.63,5.68479,25.7896,0.84672,12.849,0.84672,3695.15,0,0.0036966,1.57282e-05,0.445159,1.76372,4.96099,1.38682,5.78303,0.42336,0.0018483,0.21168,0.0018483,0.21168,460.486,0,1.02816,0,0,1.47332,0.445159,1.028160,1,0,31.5726,0,0,0,31.5726,0
65.4774,2.72813,0,0,2.10718,0.063545,0.36288,3.6288,60.7824,0.520821,0,0,0.657965,0.300836,0,0.66528,12.849,1,0.526928,0.36288,0,38.4582,5.77164,32.5225,0.84672,12.849,0.84672,3695.15,0,0.0036966,1.57948e-05,0.389336,1.80647,5.02359,1.47588,5.74349,0.42336,0.0018483,0.21168,0.0018483,0.21168,460.486,0,1.02816,0,0,1.4175,0.389336,1.028160,1,0,38.266,0,0,0,38.266,0
64.2479,2.72154,0,0,1.918,0.0630169,0.36288,3.6288,60.5035,0.521079,0,0,0.542684,0.300524,0,0.66528,12.849,1,0.534063,0.36288,0,30.976,5.77164,25.0332,0.84672,12.849,0.84672,3695.15,0,0.0036966,1.58452e-05,0.419939,1.80677,4.66805,1.47588,5.41886,0.42336,0.0018483,0.21168,0.0018483,0.21168,460.486,0,1.02816,0,0,1.4481,0.419939,1.028160,1,0,30.4521,0,0,0,30.4521,0
62.8536,2.71347,0,0,1.74442,0.062397,0.36288,3.6288,60.1544,0.554522,0,0,0.505396,0.299992,0,0.66528,12.849,1,0.542669,0.36288,0,28.8767,5.77164,22.9253,0.84672,12.849,0.84672,3695.15,0,0.0036966,1.69399e-05,0.227405,1.80707,4.16015,1.47588,4.71872,0.42336,0.0018483,0.21168,0.0018483,0.21168,460.486,0,0.994974,0,0,1.22238,0.227405,1.028160,1,0,27.644,0,0,0,27.644,0
61.4511,2.88451,0,0,1.89965,0.0547616,0.36288,3.6288,59.7984,0.655019,0,0,0.596558,0.29754,0,0.66528,12.849,1,0.589673,0.36288,0,29.0132,5.87977,22.9066,0.84672,12.849,0.84672,3695.15,0,0.0036966,2.01261e-05,0.512309,1.80737,5.88226,1.50179,6.70012,0.42336,0.0018483,0.21168,0.0018483,0.21168,460.486,0,1.02816,0,0,1.54047,0.512309,1.028160,1,0,29.6068,0,0,0,29.6068,0
59.9551,2.87385,0,0,1.78947,0.0487394,0.36288,3.6288,59.3588,0.655299,0,0,0.507958,0.292172,0,0.66528,12.849,1,0.600903,0.36288,0,26.5402,6.08202,20.2201,0.84672,12.849,0.84672,3695.15,0,0.0036966,2.02546e-05,0.292473,1.95152,4.70229,1.51682,5.42943,0.42336,0.0018483,0.21168,0.0018483,0.21168,460.486,0,1.02816,0,0,1.32063,0.292473,1.028160,1,0,25.6496,0,0,0,25.6496,0
58.6273,2.86198,0,0,1.94582,0.0488132,0.36288,3.6288,59.0224,0.655579,0,0,0.614515,0.295335,0,0.66528,12.849,1,0.613352,0.36288,0,33.6697,6.09483,27.3244,0.84672,12.849,0.84672,3695.15,0,0.0036966,2.04132e-05,0.564736,1.95184,5.02113,1.51085,6.02683,0.42336,0.0018483,0.21168,0.0018483,0.21168,460.486,0,1.02816,0,0,1.5929,0.564736,1.028160,1,0,33.3513,0,0,0,33.3513,0
56.9283,2.85106,0,0,1.56319,0.0481931,0.36288,3.6288,58.3896,0.782578,0,0,0.444473,0.294699,0,0.66528,12.849,1,0.624851,0.36288,0,32.9008,6.09483,26.544,0.84672,12.849,0.84672,3695.15,0,0.0036966,2.45066e-05,0.204422,1.95217,4.03086,1.51085,4.67658,0.42336,0.0018483,0.21168,0.0018483,0.21168,460.486,0,0.901437,0,0,1.10586,0.204422,1.028160,1,0,31.2206,0,0,0,31.2206,0
55.6285,2.83632,0,0,1.94677,0.0473997,0.36288,3.6288,58.1997,0.656139,0,0,0.759682,0.293503,0,0.66528,12.849,1,0.64017,0.36288,0,30.0485,6.09483,23.6763,0.84672,12.849,0.84672,3695.15,0,0.0036966,2.07698e-05,1.06372,1.95249,6.23246,1.51085,7.73781,0.42336,0.0018483,0.21168,0.0018483,0.21168,460.486,0,1.02816,0,0,2.09188,1.06372,1.028160,1,0,31.4141,0,0,0,31.4141,0
53.918,2.73845,0,0,1.42976,0.0389109,0.36288,3.6288,57.7565,0.575368,0,0,0.425364,0.29319,0,0.66528,12.849,1,0.632524,0.36288,0,27.577,5.90544,21.4019,0.84672,12.849,0.84672,3695.15,0,0.0036966,1.82725e-05,0.365221,1.95282,5.02782,1.36182,5.98402,0.42336,0.0018483,0.21168,0.0018483,0.21168,460.486,0,1.02816,0,0,1.39338,0.365221,1.028160,1,0,27.3859,0,0,0,27.3859,0
52.3321,2.7227,0,0,1.55386,0.0541714,0.36288,3.6288,57.2246,0.575635,0,0,0.33949,0.295739,0,0.66528,12.849,1,0.648836,0.36288,0,23.4566,6.24471,16.9259,0.84672,12.849,0.84672,3695.15,0,0.0036966,1.84212e-05,0.338809,1.87064,4.59681,1.44499,5.36125,0.42336,0.0018483,0.21168,0.0018483,0.21168,460.486,0,1.02816,0,0,1.36697,0.338809,1.028160,1,0,22.2871,0,0,0,22.2871,0
51.2231,2.70736,0,0,2.04799,0.0867849,0.36288,3.6288,56.7378,0.575902,0,0,0.356918,0.267831,0,0.66528,12.849,1,0.664732,0.36288,0,23.7221,6.02385,17.3964,0.84672,12.849,0.84672,3695.15,0,0.0036966,1.86011e-05,0.435318,1.87095,3.69721,1.36913,4.63433,0.42336,0.0018483,0.21168,0.0018483,0.21168,460.486,0,1.02816,0,0,1.46348,0.435318,1.028160,1,0,22.0307,0,0,0,22.0307,0
51.0007,2.6963,0,0,2.92263,0.0857916,0.36288,3.6288,56.4821,0.576168,0,0,0.587425,0.266985,0,0.66528,12.849,1,0.676351,0.36288,0,43.8793,6.02385,37.542,0.84672,12.849,0.84672,3695.15,0,0.0036966,1.87694e-05,1.44278,1.87126,6.93106,1.36913,8.87595,0.42336,0.0018483,0.21168,0.0018483,0.21168,460.486,0,1.02816,0,0,2.47094,1.44278,1.028160,1,0,46.4179,0,0,0,46.4179,0
50.3681,2.62479,0,0,2.44952,0.094461,0.36288,3.6288,56.1903,0.502609,0,0,0.471929,0.261101,0,0.66528,12.849,1,0.661283,0.36288,0,58.9659,5.66985,52.9977,0.84672,12.849,0.84672,3695.15,0,0.0036966,1.64472e-05,0.789471,1.87157,4.83085,1.30207,6.18981,0.42336,0.0018483,0.21168,0.0018483,0.21168,460.486,0,1.02816,0,0,1.81763,0.789471,1.028160,1,0,59.1875,0,0,0,59.1875,0
49.9682,2.61861,0,0,2.72829,0.146695,0.36288,3.6288,56.4995,0.502864,0,0,1.04013,0.228029,0,0.66528,12.849,1,0.668011,0.36288,0,56.4428,3.54585,52.5918,0.84672,12.849,0.84672,3695.15,0,0.0036966,1.6541e-05,2.59237,1.79851,8.21248,0.899686,11.7037,0.42336,0.0018483,0.21168,0.0018483,0.21168,460.486,0,1.02816,0,0,3.62053,2.59237,1.028160,1,0,64.2955,0,0,0,64.2955,0
49.3506,2.61479,0,0,2.50615,0.146077,0.36288,3.6288,56.3012,0.503119,0,0,0.53332,0.228489,0,0.66528,12.849,1,0.672376,0.36288,0,42.7582,3.54585,38.9028,0.84672,12.849,0.84672,3695.15,0,0.0036966,1.64588e-05,0.567415,1.79881,4.80059,0.899686,6.26712,0.42336,0.0018483,0.21168,0.0018483,0.21168,460.486,0,1.02816,0,0,1.59557,0.567415,1.028160,1,0,45.1699,0,0,0,45.1699,0
49.7033,2.60855,0,0,3.48758,0.163524,0.36288,3.6288,56.5037,0.503373,0,0,0.959005,0.253145,0,0.66528,12.849,1,0.679165,0.36288,0,64.0429,4.09683,59.6298,0.84672,12.849,0.84672,3695.15,0,0.0036966,1.65251e-05,1.82353,1.79911,7.93229,1.05507,10.4998,0.42336,0.0018483,0.21168,0.0018483,0.21168,460.486,0,1.02816,0,0,2.85169,1.82353,1.028160,1,0,70.1296,0,0,0,70.1296,0
50.9022,2.41604,0,0,4.15585,0.177995,0.36288,3.6288,56.8553,0.349768,0,0,0.973605,0.272218,0,0.66528,12.849,1,0.624579,0.36288,0,83.712,4.51007,78.9402,0.84672,12.849,0.84672,3695.15,0,0.0036966,1.14413e-05,2.2486,1.79941,8.28732,1.1716,11.1637,0.42336,0.0018483,0.21168,0.0018483,0.21168,460.486,0,1.02816,0,0,3.27676,2.2486,1.028160,1,0,90.104,0,0,0,90.104,0
53.3346,2.42819,0,0,5.40497,0.181505,0.36288,3.6288,58.4669,0.349998,0,0,2.19479,0.233259,0,0.66528,12.849,1,0.612935,0.36288,0,100.989,4.33087,96.4077,0.84672,12.849,0.84672,3695.15,0,0.0036966,1.1378e-05,3.92396,1.63442,13.5115,1.0802,17.9897,0.42336,0.0018483,0.21168,0.0018483,0.21168,460.486,0,1.02816,0,0,4.95212,3.92396,1.028160,1,0,114.397,0,0,0,114.397,0
56.0569,2.45112,0,0,5.74404,0.207734,0.36288,3.6288,60.2704,0.350227,0,0,2.37535,0.221601,0,0.66528,12.849,1,0.590508,0.36288,0,114.249,4.23847,109.783,0.84672,12.849,0.84672,3695.15,0,0.0036966,1.10717e-05,4.39752,1.6347,15.9293,1.03674,20.9248,0.42336,0.0018483,0.21168,0.0018483,0.21168,460.486,0,1.02816,0,0,5.42568,4.39752,1.028160,1,0,130.708,0,0,0,130.708,0
59.4846,2.47487,0,0,6.53528,0.269857,0.36288,3.6288,61.308,0.350457,0,0,2.88023,0.20978,1.28239,0.66528,12.849,1,0.567273,0.36288,0,208.812,4.2209,204.387,0.84672,12.849,0.84672,3695.15,0,0.0036966,1.07474e-05,5.13027,1.63497,18.0509,1.01671,23.7994,0.42336,0.0018483,0.21168,0.0018483,0.21168,460.486,0,1.02816,0,0,6.15843,5.13027,1.028160,1,0,229.469,0,0,0,229.469,0
62.4559,2.50217,0,0,6.1154,0.279049,0.36288,3.6288,61.308,0.350686,0,0,2.58399,0.211165,2.02214,0.66528,12.849,1,0.540482,0.36288,0,144.293,4.2209,139.895,0.84672,12.849,0.84672,3695.15,0,0.0036966,1.05724e-05,4.47332,1.63524,16.3452,1.01671,21.4371,0.42336,0.0018483,0.21168,0.0018483,0.21168,460.486,0,1.02816,0,0,5.50148,4.47332,1.028160,1,0,163.354,0,0,0,163.354,0
63.5682,2.5235,0,0,4.28306,0.284384,0.36288,3.6288,61.308,0.350686,0,0,1.98831,0.196424,1.4412,0.66528,12.849,1,0.519157,0.36288,0,145.317,4.26711,140.894,0.84672,12.849,0.84672,3695.15,0,0.0036966,1.05724e-05,3.14753,1.63551,13.0597,1.06333,16.7794,0.42336,0.0018483,0.21168,0.0018483,0.21168,460.486,0,1.02816,0,0,4.17569,3.14753,1.028160,1,0,159.114,0,0,0,159.114,0
63.4639,2.61077,0,0,3.16483,0.295435,0.36288,3.6288,61.308,0.395498,0,0,1.36789,0.135803,0.836592,0.66528,12.849,1,0.527713,0.36288,0,66.9991,3.74021,63.094,0.84672,12.849,0.84672,3695.15,0,0.0036966,1.19234e-05,1.77566,1.63551,10.1044,0.824975,12.6906,0.42336,0.0018483,0.21168,0.0018483,0.21168,460.486,0,1.02816,0,0,2.80382,1.77566,1.028160,1,0,76.6212,0,0,0,76.6212,0
63.6428,2.61046,0,0,3.4518,0.299596,0.36288,3.6288,61.308,0.395722,0,0,1.68456,0.119417,1.16942,0.66528,12.849,1,0.528517,0.36288,0,89.1397,3.5048,85.4693,0.84672,12.849,0.84672,3695.15,0,0.0036966,1.19301e-05,2.53715,1.68809,13.2717,0.704767,16.7922,0.42336,0.0018483,0.21168,0.0018483,0.21168,460.486,0,1.02816,0,0,3.56531,2.53715,1.028160,1,0,103.431,0,0,0,103.431,0
63.2815,2.6121,0,0,2.91372,0.300032,0.36288,3.6288,61.308,0.395946,0,0,1.41604,0.119417,0.900672,0.66528,12.849,1,0.527364,0.36288,0,54.1668,3.5048,50.4975,0.84672,12.849,0.84672,3695.15,0,0.0036966,1.19369e-05,1.89967,1.68836,9.6825,0.704767,12.5658,0.42336,0.0018483,0.21168,0.0018483,0.21168,460.486,0,1.02816,0,0,2.92783,1.89967,1.028160,1,0,63.9639,0,0,0,63.9639,0
63.3135,2.61001,0,0,3.30885,0.304014,0.36288,3.6288,61.308,0.39617,0,0,1.54402,0.11694,1.03091,0.66528,12.849,1,0.52995,0.36288,0,74.9903,3.5416,71.2816,0.84672,12.849,0.84672,3695.15,0,0.0036966,1.19436e-05,2.15822,1.68862,11.663,0.696635,14.8132,0.42336,0.0018483,0.21168,0.0018483,0.21168,460.486,0,1.02816,0,0,3.18638,2.15822,1.028160,1,0,87.1258,0,0,0,87.1258,0
62.8762,2.86528,0,0,3.08086,0.289919,0.36288,3.6288,61.308,0.563887,0,0,1.29461,0.126149,0.604573,0.66528,12.849,1,0.581487,0.36288,0,63.6903,3.75102,59.7207,0.84672,12.849,0.84672,3695.15,0,0.0036966,1.7e-05,1.39668,1.68889,8.50012,0.893204,10.6925,0.42336,0.0018483,0.21168,0.0018483,0.21168,460.486,0,1.02816,0,0,2.42484,1.39668,1.028160,1,0,71.0177,0,0,0,71.0177,0
62.826,2.86237,0,0,3.47479,0.299772,0.36288,3.6288,61.308,0.564138,0,0,1.47898,0.143957,0.770883,0.66528,12.849,1,0.584936,0.36288,0,68.2176,3.88971,64.1058,0.84672,12.849,0.84672,3695.15,0,0.0036966,1.70075e-05,1.71488,1.87597,9.24757,1.03417,11.8042,0.42336,0.0018483,0.21168,0.0018483,0.21168,460.486,0,1.02816,0,0,2.74304,1.71488,1.028160,1,0,76.6809,0,0,0,76.6809,0
62.7656,2.86243,0,0,3.47422,0.309338,0.36288,3.6288,61.308,0.564388,0,0,1.25012,0.139004,0.54673,0.66528,12.849,1,0.585416,0.36288,0,82.3271,3.96333,78.1412,0.84672,12.849,0.84672,3695.15,0,0.0036966,1.7015e-05,1.69513,1.87626,8.47126,1.0179,11.0247,0.42336,0.0018483,0.21168,0.0018483,0.21168,460.486,0,1.02816,0,0,2.72329,1.69513,1.028160,1,0,89.7127,0,0,0,89.7127,0
62.2423,2.86241,0,0,3.01123,0.309186,0.36288,3.6288,61.308,0.564638,0,0,1.17077,0.139004,0.46713,0.66528,12.849,1,0.585976,0.36288,0,70.7331,3.96333,66.5467,0.84672,12.849,0.84672,3695.15,0,0.0036966,1.70226e-05,1.41683,1.87656,7.87959,1.0179,10.1551,0.42336,0.0018483,0.21168,0.0018483,0.21168,460.486,0,1.02816,0,0,2.44499,1.41683,1.028160,1,0,77.1689,0,0,0,77.1689,0
67.948,2.49641,0,0,8.86706,0.30207,0.36288,3.6288,61.308,0.339969,0,0,2.05675,0.175792,1.54099,0.66528,12.849,1,0.515347,0.36288,0,165.829,3.81715,161.86,0.84672,12.849,0.84672,3695.15,0,0.0036966,1.02493e-05,3.45665,1.87685,20.0954,0.991897,24.437,0.42336,0.0018483,0.21168,0.0018483,0.21168,460.486,0,1.02816,0,0,4.48481,3.45665,1.028160,1,0,187.838,0,0,0,187.838,0
71.8653,2.53321,0,0,7.11539,0.302023,0.36288,3.6288,61.308,0.340184,0,0,1.94917,0.185612,1.42337,0.66528,12.849,1,0.47903,0.36288,0,127.755,3.8955,123.744,0.84672,12.849,0.84672,3695.15,0,0.0036966,1.02558e-05,2.85072,1.62144,16.4252,0.987065,19.9102,0.42336,0.0018483,0.21168,0.0018483,0.21168,460.486,0,1.02816,0,0,3.87888,2.85072,1.028160,1,0,145.077,0,0,0,145.077,0
72.29,2.55576,0,0,6.38038,0.311306,3.08863,3.6288,61.308,0.340399,0,0,1.72827,0.185612,1.20226,0.66528,12.849,1,0.456952,3.08863,0,112.212,3.8955,110.948,0.84672,12.849,0.84672,3695.15,0,0.0036966,1.02623e-05,3.02165,1.6217,15.077,0.987065,18.7332,0.42336,0.0018483,0.21168,0.0018483,0.21168,460.486,0,1.02816,0,0,4.04981,3.02165,1.028160,1,0,130.884,0,0,0,130.884,0
72.29,2.55844,0,0,8.85387,0.312312,5.98311,3.6288,61.308,0.340614,0,0,2.00363,0.185612,1.47741,0.66528,12.849,1,0.454744,5.98311,0,142.389,3.8955,144.022,0.84672,12.849,0.84672,3695.15,0,0.0036966,1.02688e-05,3.49444,1.62195,20.5486,0.987065,24.6779,0.42336,0.0018483,0.21168,0.0018483,0.21168,460.486,0,1.02816,0,0,4.5226,3.49444,1.028160,1,0,170.177,0,0,0,170.177,0
72.29,2.55884,0,0,6.65799,0.351394,3.74776,3.6288,61.308,0.340829,0,0,1.59323,0.17011,1.08229,0.66528,12.849,1,0.454815,3.74776,0,179.827,3.7188,179.401,0.84672,12.849,0.84672,3695.15,0,0.0036966,1.02752e-05,2.65467,1.62221,15.4357,1.02456,18.688,0.42336,0.0018483,0.21168,0.0018483,0.21168,460.486,0,1.02816,0,0,3.68283,2.65467,1.028160,1,0,199.171,0,0,0,199.171,0
72.29,2.65276,0,0,4.63507,0.380704,1.60161,3.6288,61.308,0.396111,0,0,1.5732,0.158484,1.0186,0.66528,12.849,1,0.471507,1.60161,0,112.706,3.58627,110.25,0.84672,12.849,0.84672,3695.15,0,0.0036966,1.19419e-05,2.41743,1.62246,12.6327,1.05268,15.6199,0.42336,0.0018483,0.21168,0.0018483,0.21168,460.486,0,1.02816,0,0,3.44559,2.41743,1.028160,1,0,126.889,0,0,0,126.889,0
72.29,2.65317,0,0,6.21804,0.36666,3.19821,3.6288,61.308,0.396335,0,0,1.86267,0.165023,1.30131,0.66528,12.849,1,0.471581,3.19821,0,98.96,3.64394,98.0427,0.84672,12.849,0.84672,3695.15,0,0.0036966,1.19486e-05,3.41243,1.6859,13.6017,1.05612,17.6439,0.42336,0.0018483,0.21168,0.0018483,0.21168,460.486,0,1.02816,0,0,4.44059,3.41243,1.028160,1,0,116.988,0,0,0,116.988,0
72.29,2.65359,0,0,3.92041,0.282391,0.984428,3.6288,61.308,0.396559,0,0,1.05925,0.204261,0.458427,0.66528,12.849,1,0.471655,0.984428,0,64.8149,3.9899,61.3378,0.84672,12.849,0.84672,3695.15,0,0.0036966,1.19554e-05,1.60959,1.68617,10.243,1.07678,12.4619,0.42336,0.0018483,0.21168,0.0018483,0.21168,460.486,0,1.02816,0,0,2.63775,1.60959,1.028160,1,0,74.2582,0,0,0,74.2582,0
72.29,2.65401,0,0,4.03315,0.277267,1.10188,3.6288,61.308,0.396783,0,0,0.954763,0.200374,0.357606,0.66528,12.849,1,0.471729,1.10188,0,72.7098,3.99982,69.3402,0.84672,12.849,0.84672,3695.15,0,0.0036966,1.19621e-05,1.51254,1.68643,8.70402,1.06922,10.8338,0.42336,0.0018483,0.21168,0.0018483,0.21168,460.486,0,1.02816,0,0,2.5407,1.51254,1.028160,1,0,80.5315,0,0,0,80.5315,0
72.29,2.61784,0,0,3.91511,0.264456,1.03282,3.6288,61.308,0.375605,0,0,1.0273,0.190657,0.461033,0.66528,12.849,1,0.465301,1.03282,0,86.3568,4.02465,82.8997,0.84672,12.849,0.84672,3695.15,0,0.0036966,1.13237e-05,1.59127,1.6867,10.2878,1.05032,12.5154,0.42336,0.0018483,0.21168,0.0018483,0.21168,460.486,0,1.02816,0,0,2.61943,1.59127,1.028160,1,0,95.8761,0,0,0,95.8761,0
72.1822,2.61825,0,0,3.13775,0.264456,0.36288,3.6288,61.308,0.375826,0,0,0.771155,0.190657,0.204672,0.66528,12.849,1,0.465374,0.36288,0,60.7616,4.02465,56.6344,0.84672,12.849,0.84672,3695.15,0,0.0036966,1.13303e-05,0.966315,1.66235,5.47842,1.05032,7.05675,0.42336,0.0018483,0.21168,0.0018483,0.21168,460.486,0,1.02816,0,0,1.99447,0.966315,1.028160,1,0,63.8959,0,0,0,63.8959,0
71.6847,2.61807,0,0,2.74768,0.26424,0.36288,3.6288,61.308,0.376047,0,0,0.731791,0.190657,0.165087,0.66528,12.849,1,0.466037,0.36288,0,53.4923,4.02465,49.3645,0.84672,12.849,0.84672,3695.15,0,0.0036966,1.1337e-05,0.729588,1.66261,5.10822,1.05032,6.45009,0.42336,0.0018483,0.21168,0.0018483,0.21168,460.486,0,1.02816,0,0,1.75775,0.729588,1.028160,1,0,55.9797,0,0,0,55.9797,0
70.9127,2.61574,0,0,2.4699,0.263242,0.36288,3.6288,61.308,0.376267,0,0,0.648415,0.190657,0.0814905,0.66528,12.849,1,0.468854,0.36288,0,46.2234,4.02465,42.0928,0.84672,12.849,0.84672,3695.15,0,0.0036966,1.13436e-05,0.531801,1.66287,4.4698,1.05032,5.61415,0.42336,0.0018483,0.21168,0.0018483,0.21168,460.486,0,1.02816,0,0,1.55996,0.531801,1.028160,1,0,47.7884,0,0,0,47.7884,0
70.1238,2.73572,0,0,2.55149,0.241762,0.36288,3.6288,61.308,0.452429,0,0,0.767154,0.213772,0.100953,0.66528,12.849,1,0.495699,0.36288,0,47.6161,4.52595,42.9573,0.84672,12.849,0.84672,3695.15,0,0.0036966,1.36397e-05,0.571605,1.66313,5.20096,1.09042,6.34527,0.42336,0.0018483,0.21168,0.0018483,0.21168,460.486,0,1.02816,0,0,1.59977,0.571605,1.028160,1,0,49.4035,0,0,0,49.4035,0
69.1512,2.73144,0,0,2.3272,0.205447,0.36288,3.6288,61.2727,0.452661,0,0,0.617659,0.200325,0,0.66528,12.849,1,0.50049,0.36288,0,43.1066,4.10508,38.8639,0.84672,12.849,0.84672,3695.15,0,0.0036966,1.36467e-05,0.583252,1.7495,4.98899,1.08913,6.23259,0.42336,0.0018483,0.21168,0.0018483,0.21168,460.486,0,1.02816,0,0,1.61141,0.583252,1.028160,1,0,45.0965,0,0,0,45.0965,0
68.0339,2.72593,0,0,2.15304,0.181616,0.36288,3.6288,61.2421,0.452894,0,0,0.627921,0.205635,0,0.66528,12.849,1,0.506506,0.36288,0,39.0518,4.26762,34.6405,0.84672,12.849,0.84672,3695.15,0,0.0036966,1.36616e-05,0.58638,1.74977,4.92269,1.05904,6.19979,0.42336,0.0018483,0.21168,0.0018483,0.21168,460.486,0,1.02816,0,0,1.61454,0.58638,1.028160,1,0,40.8403,0,0,0,40.8403,0
66.8576,2.71936,0,0,2.08597,0.180038,0.36288,3.6288,61.2413,0.453127,0,0,0.657971,0.205595,0,0.66528,12.849,1,0.513583,0.36288,0,37.055,4.26762,32.6367,0.84672,12.849,0.84672,3695.15,0,0.0036966,1.36755e-05,0.527636,1.75005,5.11002,1.05904,6.32864,0.42336,0.0018483,0.21168,0.0018483,0.21168,460.486,0,1.02816,0,0,1.5558,0.527636,1.028160,1,0,38.9653,0,0,0,38.9653,0
65.3136,2.71221,0,0,1.68661,0.15549,0.36288,3.6288,61.1909,0.453359,0,0,0.623052,0.220068,0,0.66528,12.849,1,0.521244,0.36288,0,35.0887,4.54593,30.3844,0.84672,12.849,0.84672,3695.15,0,0.0036966,1.36827e-05,0.735584,1.75032,4.86659,1.22767,6.12481,0.42336,0.0018483,0.21168,0.0018483,0.21168,460.486,0,1.02816,0,0,1.76374,0.735584,1.028160,1,0,36.5092,0,0,0,36.5092,0
63.5231,2.67813,0,0,1.3807,0.130186,0.36288,3.6288,61.1012,0.495363,0,0,0.623549,0.217888,0,0.66528,12.849,1,0.526862,0.36288,0,29.5285,4.72746,24.6371,0.84672,12.849,0.84672,3695.15,0,0.0036966,1.49627e-05,0.412871,1.75059,4.1496,1.2718,5.04125,0.42336,0.0018483,0.21168,0.0018483,0.21168,460.486,0,1.02816,0,0,1.44103,0.412871,1.028160,1,0,29.6783,0,0,0,29.6783,0
61.6744,2.66619,0,0,1.30184,0.121509,0.36288,3.6288,60.9758,0.495602,0,0,0.589486,0.219298,0,0.66528,12.849,1,0.539299,0.36288,0,26.393,4.74674,21.4698,0.84672,12.849,0.84672,3695.15,0,0.0036966,1.49919e-05,0.309925,1.77772,3.45514,1.27779,4.26498,0.42336,0.0018483,0.21168,0.0018483,0.21168,460.486,0,1.02816,0,0,1.33809,0.309925,1.028160,1,0,25.7348,0,0,0,25.7348,0
59.8291,2.65323,0,0,1.29052,0.119683,0.36288,3.6288,60.8387,0.495841,0,0,0.577815,0.219124,0,0.66528,12.849,1,0.552764,0.36288,0,24.4534,4.74674,19.5167,0.84672,12.849,0.84672,3695.15,0,0.0036966,1.503e-05,0.387089,1.77799,3.40862,1.27779,4.2959,0.42336,0.0018483,0.21168,0.0018483,0.21168,460.486,0,1.02816,0,0,1.41525,0.387089,1.028160,1,0,23.8126,0,0,0,23.8126,0
57.9357,2.63961,0,0,1.22507,0.115928,0.36288,3.6288,60.6471,0.496081,0,0,0.535952,0.231422,0,0.66528,12.849,1,0.566887,0.36288,0,22.7845,4.91274,17.6677,0.84672,12.849,0.84672,3695.15,0,0.0036966,1.50711e-05,0.268436,1.77827,3.25782,1.30954,3.99498,0.42336,0.0018483,0.21168,0.0018483,0.21168,460.486,0,1.02816,0,0,1.2966,0.268436,1.028160,1,0,21.6627,0,0,0,21.6627,0
55.9203,2.68612,0,0,1.13636,0.102844,0.36288,3.6288,60.2916,0.533571,0,0,0.484071,0.305984,0,0.66528,12.849,1,0.595727,0.36288,0,22.2757,5.90877,16.1341,0.84672,12.849,0.84672,3695.15,0,0.0036966,1.62613e-05,0.272125,1.77855,2.90592,1.50009,3.45649,0.42336,0.0018483,0.21168,0.0018483,0.21168,460.486,0,1.02816,0,0,1.30029,0.272125,1.028160,1,0,19.5906,0,0,0,19.5906,0
53.8216,2.66907,0,0,1.03413,0.100822,0.36288,3.6288,59.805,0.645778,0,0,0.464389,0.305293,0,0.66528,12.849,1,0.613283,0.36288,0,20.9227,5.90877,14.7635,0.84672,12.849,0.84672,3695.15,0,0.0036966,1.9797e-05,0.261274,1.82164,2.70153,1.50009,3.28433,0.42336,0.0018483,0.21168,0.0018483,0.21168,460.486,0,0.916194,0,0,1.17747,0.261274,1.028160,1,0,18.0479,0,0,0,18.0479,0
51.6179,2.65018,0,0,0.894845,0.0854524,0.36288,3.6288,59.331,0.625063,0,0,0.462442,0.311347,0,0.66528,12.849,1,0.632686,0.36288,0,19.9625,6.15059,13.5421,0.84672,12.849,0.84672,3695.15,0,0.0036966,1.93179e-05,0.227405,1.82193,2.73758,1.53014,3.25676,0.42336,0.0018483,0.21168,0.0018483,0.21168,460.486,0,0.937155,0,0,1.16456,0.227405,1.028160,1,0,16.7988,0,0,0,16.7988,0
49.3025,2.62896,0,0,0.76794,0.0915522,0.36288,3.6288,58.8266,0.649275,0,0,0.443444,0.298561,0,0.66528,12.849,1,0.654415,0.36288,0,18.6685,6.0312,12.3458,0.84672,12.849,0.84672,3695.15,0,0.0036966,2.02264e-05,0.227405,1.82221,2.62084,1.39668,3.27375,0.42336,0.0018483,0.21168,0.0018483,0.21168,460.486,0,0.913188,0,0,1.14059,0.227405,1.028160,1,0,15.6196,0,0,0,15.6196,0
46.6914,2.77897,0,0,0.625762,0.0950256,0.36288,3.6288,58.0944,0.814044,0,0,0.404721,0.322918,0,0.66528,12.849,1,0.724242,0.36288,0,15.1582,6.48847,8.30835,0.84672,12.849,0.84672,3695.15,0,0.0036966,0.0018483,0.227405,1.8225,2.22733,1.489,2.78638,0.42336,0.0018483,0.21168,0.0018483,0.21168,460.486,0,0.879396,0,0,1.1068,0.227405,1.028160,1,0,11.0947,0,0,0,11.0947,0
44.0629,2.74763,0,0,0.576566,0.0945639,0.36288,3.6288,57.268,0.873046,0,0,0.378136,0.33148,0,0.66528,12.849,1,0.756121,0.36288,0,12.955,6.67139,5.89036,0.84672,12.849,0.84672,3695.15,0,0.0036966,0.0018483,0.227405,1.96783,2.08388,1.52593,2.75134,0.42336,0.0018483,0.21168,0.0018483,0.21168,460.486,0,0.820394,0,0,1.0478,0.227405,1.028160,1,0,8.6417,0,0,0,8.6417,0
41.6913,2.71313,0,0,0.796215,0.0918123,0.36288,3.6288,56.6483,0.708739,0,0,0.418773,0.329712,0,0.66528,12.849,1,0.791166,0.36288,0,13.8961,6.67139,6.79639,0.84672,12.849,0.84672,3695.15,0,0.0036966,0.0018483,0.204422,1.96814,2.32305,1.52593,2.96784,0.42336,0.0018483,0.21168,0.0018483,0.21168,460.486,0,0.984701,0,0,1.18912,0.204422,1.028160,1,0,9.76423,0,0,0,9.76423,0
39.6981,2.67915,0,0,1.15922,0.110307,0.36288,3.6288,56.2192,0.66528,0,0,0.557432,0.321233,0,0.66528,12.849,1,0.825698,0.36288,0,23.1884,6.53146,16.1941,0.84672,12.849,0.84672,3695.15,0,0.0036966,0.0018483,0.309649,1.96845,2.58339,1.50357,3.35607,0.42336,0.0018483,0.21168,0.0018483,0.21168,460.486,0,1.02816,0,0,1.33781,0.309649,1.028160,1,0,19.5502,0,0,0,19.5502,0
37.6037,2.65867,0,0,1.01993,0.0928565,0.36288,3.6288,55.7344,0.66528,0,0,0.497705,0.317189,0,0.66528,12.849,1,0.84672,0.36288,0,25.092,6.53036,18.0778,0.84672,12.849,0.84672,3695.15,0,0.0036966,0.0018483,0.253005,1.96876,2.37729,1.5167,3.08051,0.42336,0.0018483,0.21168,0.0018483,0.21168,460.486,0,1.02816,0,0,1.28117,0.253005,1.028160,1,0,21.1583,0,0,0,21.1583,0
35.5667,2.55224,0,0,0.97988,0.101742,0.36288,3.6288,55.3092,0.588698,0,0,0.464107,0.30062,0,0.66528,12.849,1,0.84672,0.36288,0,17.7766,6.09729,11.1955,0.84672,12.849,0.84672,3695.15,0,0.0036966,1.95228e-05,0.317062,1.96907,2.6948,1.48629,3.49462,0.42336,0.0018483,0.21168,0.0018483,0.21168,460.486,0,1.02816,0,0,1.34522,0.317062,1.028160,1,0,14.6901,0,0,0,14.6901,0
33.8155,2.55277,0,0,1.29149,0.127012,0.36288,3.6288,54.935,0.588952,0,0,0.487933,0.273226,0,0.66528,12.849,1,0.84672,0.36288,0,17.9778,5.87643,11.6175,0.84672,12.849,0.84672,3695.15,0,0.0036966,1.96813e-05,0.412042,1.88619,2.16741,1.41043,3.05519,0.42336,0.0018483,0.21168,0.0018483,0.21168,460.486,0,1.02816,0,0,1.4402,0.412042,1.028160,1,0,14.6727,0,0,0,14.6727,0
32.6181,2.5533,0,0,1.84306,0.124332,0.36288,3.6288,54.8763,0.589205,0,0,0.80305,0.272554,0,0.66528,12.849,1,0.84672,0.36288,0,33.2533,5.87643,26.893,0.84672,12.849,0.84672,3695.15,0,0.0036966,1.9824e-05,1.40346,1.88649,4.06328,1.41043,5.94278,0.42336,0.0018483,0.21168,0.0018483,0.21168,460.486,0,1.02816,0,0,2.43162,1.40346,1.028160,1,0,32.8358,0,0,0,32.8358,0
31.1135,2.55383,0,0,1.54669,0.134538,0.36288,3.6288,54.633,0.589459,0,0,0.613198,0.267008,0,0.66528,12.849,1,0.84672,0.36288,0,44.5154,5.86343,38.1681,0.84672,12.849,0.84672,3695.15,0,0.0036966,1.98537e-05,0.813421,1.88678,2.6787,1.41627,3.96262,0.42336,0.0018483,0.21168,0.0018483,0.21168,460.486,0,1.02816,0,0,1.84158,0.813421,1.028160,1,0,42.1307,0,0,0,42.1307,0
31.0368,2.4665,0,0,2.88359,0.130896,0.36288,3.6288,55.0462,0.515276,0,0,1.19896,0.270524,0,0.66528,12.849,1,0.84672,0.36288,0,90.2692,3.43539,86.3499,0.84672,12.849,0.84672,3695.15,0,0.0036966,1.74324e-05,1.97482,1.88708,6.50507,0.973915,9.39304,0.42336,0.0018483,0.21168,0.0018483,0.21168,460.486,0,1.02816,0,0,3.00298,1.97482,1.028160,1,0,95.743,0,0,0,95.743,0
30.8056,2.46702,0,0,2.80541,0.206747,0.36288,3.6288,55.1083,0.515519,0,0,0.872683,0.295022,0,0.66528,12.849,1,0.84672,0.36288,0,63.5527,4.56068,58.5082,0.84672,12.849,0.84672,3695.15,0,0.0036966,1.73097e-05,0.520525,1.8134,5.02864,1.19005,6.17249,0.42336,0.0018483,0.21168,0.0018483,0.21168,460.486,0,1.02816,0,0,1.54869,0.520525,1.028160,1,0,64.6807,0,0,0,64.6807,0
30.7546,2.46754,0,0,2.98553,0.206115,0.36288,3.6288,54.9812,0.515761,0,0,0.683821,0.295143,0,0.66528,12.849,1,0.84672,0.36288,0,23.4683,4.56068,18.4238,0.84672,12.849,0.84672,3695.15,0,0.0036966,1.72983e-05,0.45373,1.81368,3.72576,1.19005,4.8031,0.42336,0.0018483,0.21168,0.0018483,0.21168,460.486,0,1.02816,0,0,1.48189,0.45373,1.028160,1,0,23.2269,0,0,0,23.2269,0
30.5594,2.46805,0,0,2.84174,0.205976,0.36288,3.6288,55.1283,0.516003,0,0,0.957951,0.294896,0,0.66528,12.849,1,0.84672,0.36288,0,26.6858,4.56068,21.6412,0.84672,12.849,0.84672,3695.15,0,0.0036966,1.73464e-05,1.13691,1.81397,4.51579,1.19005,6.2766,0.42336,0.0018483,0.21168,0.0018483,0.21168,460.486,0,1.02816,0,0,2.16507,1.13691,1.028160,1,0,27.9178,0,0,0,27.9178,0
31.1107,2.2189,0,0,3.33596,0.202943,0.36288,3.6288,55.5162,0.361119,0,0,0.973944,0.224925,0,0.66528,12.849,1,0.84672,0.36288,0,39.6583,4.20022,34.9742,0.84672,12.849,0.84672,3695.15,0,0.0036966,1.21073e-05,1.29869,1.81425,5.30828,1.03627,7.38493,0.42336,0.0018483,0.21168,0.0018483,0.21168,460.486,0,1.02816,0,0,2.32685,1.29869,1.028160,1,0,42.3592,0,0,0,42.3592,0
33.5256,2.07433,0,0,5.05561,0.20342,0.36288,3.6288,56.1771,0.506393,0,0,1.36465,0.197324,0,0.66528,12.849,1,0.84672,0.36288,0,71.1607,4.05604,66.6208,0.84672,12.849,0.84672,3695.15,0,0.0036966,1.68593e-05,1.42356,1.64789,6.02529,0.974757,8.12196,0.42336,0.0018483,0.21168,0.0018483,0.21168,460.486,0,1.02816,0,0,2.45172,1.42356,1.028160,1,0,74.7428,0,0,0,74.7428,0
34.274,2.11223,0,0,3.43312,0.209675,0.36288,3.6288,56.503,0.506393,0,0,1.03042,0.19818,0,0.66528,12.849,1,0.809529,0.36288,0,67.0067,4.05604,62.504,0.84672,12.849,0.84672,3695.15,0,0.0036966,1.6661e-05,2.29515,1.73304,5.4702,0.974757,8.52361,0.42336,0.0018483,0.21168,0.0018483,0.21168,460.486,0,1.02816,0,0,3.32331,2.29515,1.028160,1,0,71.0276,0,0,0,71.0276,0
33.8619,2.12559,0,0,2.28799,0.211613,0.36288,3.6288,56.3528,0.506393,0,0,0.554812,0.198602,0,0.66528,12.849,1,0.796865,0.36288,0,36.5609,4.05604,32.0709,0.84672,12.849,0.84672,3695.15,0,0.0036966,1.65649e-05,0.571475,1.73317,4.58567,0.974757,5.91554,0.42336,0.0018483,0.21168,0.0018483,0.21168,460.486,0,1.02816,0,0,1.59964,0.571475,1.028160,1,0,37.9864,0,0,0,37.9864,0
34.1119,2.11907,0,0,2.95743,0.225472,0.36288,3.6288,56.3711,0.506394,0,0,0.75024,0.225483,0,0.66528,12.849,1,0.804087,0.36288,0,44.1329,4.54175,39.15,0.84672,12.849,0.84672,3695.15,0,0.0036966,1.66091e-05,0.970367,1.7333,5.8647,1.13737,7.43098,0.42336,0.0018483,0.21168,0.0018483,0.21168,460.486,0,1.02816,0,0,1.99853,0.970367,1.028160,1,0,46.581,0,0,0,46.581,0
33.1924,2.19366,0,0,1.85287,0.215797,0.36288,3.6288,56.3681,0.551341,0,0,0.739869,0.191558,0,0.66528,12.849,1,0.826291,0.36288,0,62.4927,3.826,58.2033,0.84672,12.849,0.84672,3695.15,0,0.0036966,1.80774e-05,0.902301,1.73343,4.91517,0.955299,6.59558,0.42336,0.0018483,0.21168,0.0018483,0.21168,460.486,0,1.02816,0,0,1.93046,0.902301,1.028160,1,0,64.7989,0,0,0,64.7989,0
33.2684,2.21886,0,0,2.87495,0.217254,0.36288,3.6288,56.6431,0.506388,0,0,0.950953,0.169568,0,0.66528,12.849,1,0.84672,0.36288,0,79.431,3.5785,75.3686,0.84672,12.849,0.84672,3695.15,0,0.0036966,1.66044e-05,1.21876,1.7863,6.0477,0.888193,8.16454,0.42336,0.0018483,0.21168,0.0018483,0.21168,460.486,0,1.02816,0,0,2.24692,1.21876,1.028160,1,0,83.5332,0,0,0,83.5332,0
35.5807,2.21954,0,0,5.11218,0.217459,0.36288,3.6288,57.5485,0.506388,0,0,1.5816,0.169872,0,0.66528,12.849,1,0.84672,0.36288,0,92.7798,3.5785,88.7174,0.84672,12.849,0.84672,3695.15,0,0.0036966,1.65237e-05,1.87721,1.76012,5.99888,0.888193,8.748,0.42336,0.0018483,0.21168,0.0018483,0.21168,460.486,0,1.02816,0,0,2.90537,1.87721,1.028160,1,0,97.4654,0,0,0,97.4654,0
40.3676,2.25325,0,0,7.6267,0.223689,0.36288,3.6288,58.6598,0.506388,0,0,1.78859,0.170874,0,0.66528,12.849,1,0.8137,0.36288,0,106.547,3.5785,102.517,0.84672,12.849,0.84672,3695.15,0,0.0036966,1.62638e-05,2.20257,1.76025,9.45484,0.888193,12.5294,0.42336,0.0018483,0.21168,0.0018483,0.21168,460.486,0,1.02816,0,0,3.23073,2.20257,1.028160,1,0,115.047,0,0,0,115.047,0
41.8662,2.56121,0,0,4.62979,0.207009,0.36288,3.6288,59.2495,0.66528,0,0,1.41891,0.163937,0,0.66528,12.849,1,0.815234,0.36288,0,98.3699,3.02489,94.8926,0.84672,12.849,0.84672,3695.15,0,0.0036966,0.0018483,0.858082,1.76037,6.92457,0.880822,8.66036,0.42336,0.0018483,0.21168,0.0018483,0.21168,460.486,0,1.02816,0,0,1.88624,0.858082,1.028160,1,0,103.553,0,0,0,103.553,0
41.903,2.65922,0,0,3.2723,0.213422,0.36288,3.6288,60.3623,0.577103,0,0,1.85709,0.167205,0,0.66528,12.849,1,0.816129,0.36288,0,91.5451,2.97885,88.113,0.84672,12.849,0.84672,3695.15,0,0.0036966,1.80029e-05,1.52596,1.94884,9.88546,0.883628,12.4766,0.42336,0.0018483,0.21168,0.0018483,0.21168,460.486,0,1.02816,0,0,2.55412,1.52596,1.028160,1,0,100.59,0,0,0,100.59,0
43.1923,2.66016,0,0,4.53667,0.224342,0.36288,3.6288,60.8782,0.577341,0,0,1.25417,0.160905,0,0.66528,12.849,1,0.815702,0.36288,0,129.249,3.02262,125.774,0.84672,12.849,0.84672,3695.15,0,0.0036966,1.76783e-05,1.38391,1.89154,7.75621,0.864461,10.1672,0.42336,0.0018483,0.21168,0.0018483,0.21168,460.486,0,1.02816,0,0,2.41207,1.38391,1.028160,1,0,135.941,0,0,0,135.941,0
46.5546,2.67932,0,0,6.67511,0.270642,0.36288,3.6288,61.308,0.577578,0,0,1.41007,0.17,0.232673,0.66528,12.849,1,0.797054,0.36288,0,125.19,3.05656,121.699,0.84672,12.849,0.84672,3695.15,0,0.0036966,1.75356e-05,3.04705,1.89182,10.1135,0.857657,14.1947,0.42336,0.0018483,0.21168,0.0018483,0.21168,460.486,0,1.02816,0,0,4.07521,3.04705,1.028160,1,0,136.127,0,0,0,136.127,0
49.1791,2.37945,0,0,5.6384,0.271513,0.36288,3.6288,61.308,0.351071,0,0,4.28608,0.219143,3.71587,0.66528,12.849,1,0.656725,0.36288,0,243.292,3.50296,239.495,0.84672,12.849,0.84672,3695.15,0,0.0036966,1.0584e-05,3.35629,1.8921,16.3251,1.00724,20.5662,0.42336,0.0018483,0.21168,0.0018483,0.21168,460.486,0,1.02816,0,0,4.38445,3.35629,1.028160,1,0,263.777,0,0,0,263.777,0
51.0997,2.28462,0,0,4.84377,0.275702,0.36288,3.6288,61.308,0.506381,0,0,2.28747,0.223827,1.55727,0.66528,12.849,1,0.596902,0.36288,0,202.993,3.5868,199.173,0.84672,12.849,0.84672,3695.15,0,0.0036966,1.52663e-05,2.56799,1.6346,12.9338,1.02703,16.1094,0.42336,0.0018483,0.21168,0.0018483,0.21168,460.486,0,1.02816,0,0,3.59615,2.56799,1.028160,1,0,216.839,0,0,0,216.839,0
55.302,2.30307,0,0,7.14962,0.28136,0.36288,3.6288,61.308,0.506381,0,0,5.33326,0.223827,4.60306,0.66528,12.849,1,0.579107,0.36288,0,205.698,3.5868,201.895,0.84672,12.849,0.84672,3695.15,0,0.0036966,1.52662e-05,5.84881,1.72561,18.7028,1.02703,25.2502,0.42336,0.0018483,0.21168,0.0018483,0.21168,460.486,0,1.02816,0,0,6.87697,5.84881,1.028160,1,0,231.748,0,0,0,231.748,0
60.7762,2.46485,0,0,8.59632,0.294411,0.36288,3.6288,61.308,0.351683,0,0,5.77783,0.189763,5.23638,0.66528,12.849,1,0.572688,0.36288,0,208.968,3.43051,205.328,0.84672,12.849,0.84672,3695.15,0,0.0036966,1.06025e-05,4.92,1.72573,21.0778,0.970708,26.7528,0.42336,0.0018483,0.21168,0.0018483,0.21168,460.486,0,1.02816,0,0,5.94816,4.92,1.028160,1,0,237.317,0,0,0,237.317,0
63.2099,2.5078,0,0,5.6115,0.307121,0.36288,3.6288,61.308,0.351887,0,0,3.14397,0.160836,2.63124,0.66528,12.849,1,0.530187,0.36288,0,169.296,3.006,166.122,0.84672,12.849,0.84672,3695.15,0,0.0036966,1.06086e-05,2.37359,1.63532,10.9672,0.931254,14.0448,0.42336,0.0018483,0.21168,0.0018483,0.21168,460.486,0,1.02816,0,0,3.40175,2.37359,1.028160,1,0,182.798,0,0,0,182.798,0
63.9448,2.61741,0,0,4.02282,0.307584,0.36288,3.6288,61.308,0.407602,0,0,2.78732,0.182827,2.1969,0.66528,12.849,1,0.532054,0.36288,0,91.4734,2.71782,88.5864,0.84672,12.849,0.84672,3695.15,0,0.0036966,1.22883e-05,2.55691,1.63557,7.90548,0.978778,11.1192,0.42336,0.0018483,0.21168,0.0018483,0.21168,460.486,0,1.02816,0,0,3.58507,2.55691,1.028160,1,0,101.902,0,0,0,101.902,0
63.7639,2.62289,0,0,3.11424,0.309427,0.36288,3.6288,61.308,0.407814,0,0,2.27024,0.182827,1.6796,0.66528,12.849,1,0.52704,0.36288,0,96.5131,2.71782,93.6311,0.84672,12.849,0.84672,3695.15,0,0.0036966,1.22947e-05,2.07493,1.6995,6.45658,0.978778,9.25222,0.42336,0.0018483,0.21168,0.0018483,0.21168,460.486,0,1.02816,0,0,3.10309,2.07493,1.028160,1,0,104.563,0,0,0,104.563,0
63.2587,2.62203,0,0,2.72373,0.244003,0.36288,3.6288,61.308,0.408026,0,0,2.34433,0.225162,1.71114,0.66528,12.849,1,0.528363,0.36288,0,71.3854,3.4583,67.7616,0.84672,12.849,0.84672,3695.15,0,0.0036966,1.23011e-05,1.68353,1.69975,5.82028,1.11882,8.08473,0.42336,0.0018483,0.21168,0.0018483,0.21168,460.486,0,1.02816,0,0,2.71169,1.68353,1.028160,1,0,77.5575,0,0,0,77.5575,0
62.9315,2.61891,0,0,2.87372,0.219161,0.36288,3.6288,61.308,0.408238,0,0,2.06733,0.236096,1.42299,0.66528,12.849,1,0.531948,0.36288,0,73.7776,3.71798,69.8906,0.84672,12.849,0.84672,3695.15,0,0.0036966,1.23075e-05,1.58439,1.7,4.75047,1.15786,6.87699,0.42336,0.0018483,0.21168,0.0018483,0.21168,460.486,0,1.02816,0,0,2.61255,1.58439,1.028160,1,0,78.1906,0,0,0,78.1906,0
61.8191,2.58093,0,0,2.06226,0.230787,0.36288,3.6288,61.308,0.386878,0,0,0.918544,0.200094,0.331572,0.66528,12.849,1,0.52696,0.36288,0,50.01,3.49892,46.347,0.84672,12.849,0.84672,3695.15,0,0.0036966,1.16635e-05,0.64705,1.70026,3.76116,1.05602,5.05244,0.42336,0.0018483,0.21168,0.0018483,0.21168,460.486,0,1.02816,0,0,1.67521,0.64705,1.028160,1,0,51.731,0,0,0,51.731,0
60.7798,2.57346,0,0,2.12572,0.228691,0.36288,3.6288,61.308,0.387087,0,0,0.969348,0.200094,0.382166,0.66528,12.849,1,0.534889,0.36288,0,48.169,3.49892,44.4981,0.84672,12.849,0.84672,3695.15,0,0.0036966,1.16698e-05,0.633338,1.6757,3.24333,1.05602,4.49633,0.42336,0.0018483,0.21168,0.0018483,0.21168,460.486,0,1.02816,0,0,1.6615,0.633338,1.028160,1,0,49.3766,0,0,0,49.3766,0
60.5589,2.56629,0,0,2.9211,0.212839,0.36288,3.6288,61.308,0.387296,0,0,1.066,0.203664,0.475043,0.66528,12.849,1,0.542519,0.36288,0,62.8036,3.60727,59.0166,0.84672,12.849,0.84672,3695.15,0,0.0036966,1.16761e-05,0.835462,1.67595,3.23965,1.03596,4.71509,0.42336,0.0018483,0.21168,0.0018483,0.21168,460.486,0,1.02816,0,0,1.86362,0.835462,1.028160,1,0,64.2068,0,0,0,64.2068,0
59.3142,2.56503,0,0,1.86099,0.17778,0.36288,3.6288,61.308,0.387505,0,0,0.899415,0.21259,0.29932,0.66528,12.849,1,0.544232,0.36288,0,45.9696,3.87818,41.9101,0.84672,12.849,0.84672,3695.15,0,0.0036966,1.16824e-05,0.512983,1.6762,2.87379,0.985815,4.07714,0.42336,0.0018483,0.21168,0.0018483,0.21168,460.486,0,1.02816,0,0,1.54114,0.512983,1.028160,1,0,46.2866,0,0,0,46.2866,0
58.1005,2.67727,0,0,1.98775,0.161274,0.36288,3.6288,61.308,0.464263,0,0,0.899856,0.227981,0.207613,0.66528,12.849,1,0.579967,0.36288,0,48.1095,4.1733,43.7191,0.84672,12.849,0.84672,3695.15,0,0.0036966,1.39965e-05,0.554109,1.67644,2.96233,1.07687,4.11599,0.42336,0.0018483,0.21168,0.0018483,0.21168,460.486,0,1.02816,0,0,1.58227,0.554109,1.028160,1,0,48.0427,0,0,0,48.0427,0
56.9777,2.66774,0,0,2.06152,0.153677,0.36288,3.6288,61.308,0.464483,0,0,0.866048,0.234137,0.167428,0.66528,12.849,1,0.589975,0.36288,0,47.4886,4.29135,42.9701,0.84672,12.849,0.84672,3695.15,0,0.0036966,1.40031e-05,0.471951,1.76348,2.89206,1.1133,4.01418,0.42336,0.0018483,0.21168,0.0018483,0.21168,460.486,0,1.02816,0,0,1.50011,0.471951,1.028160,1,0,47.1517,0,0,0,47.1517,0
55.6462,2.65865,0,0,1.82301,0.132989,0.36288,3.6288,61.308,0.464704,0,0,0.812877,0.248302,0.0998715,0.66528,12.849,1,0.59955,0.36288,0,42.2142,4.452,37.5255,0.84672,12.849,0.84672,3695.15,0,0.0036966,1.40098e-05,0.387245,1.76374,2.8242,1.15434,3.82083,0.42336,0.0018483,0.21168,0.0018483,0.21168,460.486,0,1.02816,0,0,1.4154,0.387245,1.028160,1,0,41.4462,0,0,0,41.4462,0
54.2553,2.64738,0,0,1.7256,0.106234,0.36288,3.6288,61.308,0.464924,0,0,0.779881,0.267189,0.0477681,0.66528,12.849,1,0.611295,0.36288,0,39.0474,4.6662,34.1327,0.84672,12.849,0.84672,3695.15,0,0.0036966,1.40164e-05,0.31231,1.764,2.74943,1.20907,3.61665,0.42336,0.0018483,0.21168,0.0018483,0.21168,460.486,0,1.02816,0,0,1.34047,0.31231,1.028160,1,0,37.7972,0,0,0,37.7972,0
52.8295,2.6351,0,0,1.66714,0.0950229,0.36288,3.6288,61.2515,0.517951,0,0,0.732067,0.270588,0,0.66528,12.849,1,0.624057,0.36288,0,37.1228,4.73865,32.123,0.84672,12.849,0.84672,3695.15,0,0.0036966,1.56151e-05,0.30119,1.76426,2.51682,1.22973,3.35253,0.42336,0.0018483,0.21168,0.0018483,0.21168,460.486,0,0.975352,0,0,1.27654,0.30119,1.028160,1,0,35.4755,0,0,0,35.4755,0
51.4758,2.59846,0,0,1.68848,0.0808575,0.36288,3.6288,61.0464,0.611033,0,0,0.680953,0.275023,0,0.66528,12.849,1,0.631987,0.36288,0,34.9771,4.83525,29.8728,0.84672,12.849,0.84672,3695.15,0,0.0036966,1.84383e-05,0.30119,1.76452,2.08005,1.25727,2.88847,0.42336,0.0018483,0.21168,0.0018483,0.21168,460.486,0,0.924592,0,0,1.22578,0.30119,1.028160,1,0,32.7612,0,0,0,32.7612,0
50.0085,2.58554,0,0,1.56089,0.0797337,0.36288,3.6288,60.838,0.592079,0,0,0.658316,0.274666,0,0.66528,12.849,1,0.645383,0.36288,0,34.7661,4.83525,29.6483,0.84672,12.849,0.84672,3695.15,0,0.0036966,1.79264e-05,0.261274,1.79184,2.10916,1.25727,2.90499,0.42336,0.0018483,0.21168,0.0018483,0.21168,460.486,0,0.943773,0,0,1.20505,0.261274,1.028160,1,0,32.5533,0,0,0,32.5533,0
48.4133,2.57085,0,0,1.41703,0.0785156,0.36288,3.6288,60.4751,0.710507,0,0,0.621928,0.274304,0,0.66528,12.849,1,0.660545,0.36288,0,33.7326,4.83525,28.5997,0.84672,12.849,0.84672,3695.15,0,0.0036966,2.15857e-05,0.261274,1.79211,1.9826,1.25727,2.77869,0.42336,0.0018483,0.21168,0.0018483,0.21168,460.486,0,0.825569,0,0,1.08684,0.261274,1.028160,1,0,31.3784,0,0,0,31.3784,0
46.7244,2.55402,0,0,1.29749,0.06951,0.36288,3.6288,60.0162,0.755332,0,0,0.591913,0.295495,0,0.66528,12.849,1,0.677844,0.36288,0,29.7479,5.11755,24.3154,0.84672,12.849,0.84672,3695.15,0,0.0036966,2.30852e-05,0.261274,1.79237,1.92541,1.36032,2.61871,0.42336,0.0018483,0.21168,0.0018483,0.21168,460.486,0,0.78097,0,0,1.04224,0.261274,1.028160,1,0,26.9341,0,0,0,26.9341,0
45.0894,2.59435,0,0,1.38811,0.0658935,0.36288,3.6288,59.4634,0.776835,0,0,0.531568,0.307521,0,0.66528,12.849,1,0.713434,0.36288,0,29.7091,5.87475,23.4838,0.84672,12.849,0.84672,3695.15,0,0.0036966,2.39239e-05,0.261274,1.79263,2.01419,1.49987,2.5682,0.42336,0.0018483,0.21168,0.0018483,0.21168,460.486,0,0.797239,0,0,1.05851,0.261274,1.028160,1,0,26.052,0,0,0,26.052,0
43.4162,2.57459,0,0,1.32905,0.0647013,0.36288,3.6288,58.9209,0.755744,0,0,0.51963,0.306437,0,0.66528,12.849,1,0.733675,0.36288,0,27.8009,5.87475,21.5554,0.84672,12.849,0.84672,3695.15,0,0.0036966,2.34908e-05,0.261274,1.83605,2.07014,1.49987,2.66756,0.42336,0.0018483,0.21168,0.0018483,0.21168,460.486,0,0.818562,0,0,1.07984,0.261274,1.028160,1,0,24.2229,0,0,0,24.2229,0
41.5956,2.55315,0,0,1.15892,0.0634813,0.36288,3.6288,58.2831,0.822373,0,0,0.490015,0.305374,0,0.66528,12.849,1,0.755602,0.36288,0,26.3392,5.87475,20.0717,0.84672,12.849,0.84672,3695.15,0,0.0036966,2.57972e-05,0.227405,1.83632,1.97805,1.49987,2.54187,0.42336,0.0018483,0.21168,0.0018483,0.21168,460.486,0,0.752164,0,0,0.979569,0.227405,1.028160,1,0,22.6136,0,0,0,22.6136,0
39.7148,2.52825,0,0,1.06879,0.0584964,0.36288,3.6288,57.5922,0.865899,0,0,0.481594,0.306664,0,0.66528,12.849,1,0.780984,0.36288,0,24.8488,5.94953,18.4812,0.84672,12.849,0.84672,3695.15,0,0.0036966,2.74598e-05,0.227405,1.83659,1.96004,1.51481,2.5092,0.42336,0.0018483,0.21168,0.0018483,0.21168,460.486,0,0.708869,0,0,0.936274,0.227405,1.028160,1,0,20.9904,0,0,0,20.9904,0
37.5931,2.68404,0,0,0.981279,0.0560844,0.36288,3.6288,56.7039,1.04782,0,0,0.471919,0.312391,0,0.66528,12.849,1,0.84672,0.36288,0,22.254,6.22352,15.5466,0.84672,12.849,0.84672,3695.15,0,0.0036966,0.0018483,0.227405,1.83686,1.79043,1.54738,2.30547,0.42336,0.0018483,0.21168,0.0018483,0.21168,460.486,0,0.645624,0,0,0.873029,0.227405,1.028160,1,0,17.8521,0,0,0,17.8521,0
35.6003,2.68456,0,0,1.11315,0.0584445,0.36288,3.6288,55.8817,1.00738,0,0,0.499782,0.314564,0,0.66528,12.849,1,0.84672,0.36288,0,22.4173,6.32363,15.6098,0.84672,12.849,0.84672,3695.15,0,0.0036966,0.0018483,0.227405,1.98332,1.57019,1.58272,2.19635,0.42336,0.0018483,0.21168,0.0018483,0.21168,460.486,0,0.686059,0,0,0.913464,0.227405,1.028160,1,0,17.8061,0,0,0,17.8061,0
33.412,2.68507,0,0,0.916669,0.0570748,0.36288,3.6288,54.9131,1.09072,0,0,0.435002,0.31288,0,0.66528,12.849,1,0.84672,0.36288,0,27.8297,6.32363,21.0222,0.84672,12.849,0.84672,3695.15,0,0.0036966,0.0018483,0.204422,1.98361,1.40084,1.58272,2.00431,0.42336,0.0018483,0.21168,0.0018483,0.21168,460.486,0,0.602718,0,0,0.80714,0.204422,1.028160,1,0,23.0265,0,0,0,23.0265,0
31.322,2.68558,0,0,1.01409,0.0555706,0.36288,3.6288,54.3585,0.841242,0,0,0.597549,0.310896,0,0.66528,12.849,1,0.84672,0.36288,0,23.8601,6.32363,17.0527,0.84672,12.849,0.84672,3695.15,0,0.0036966,0.0018483,0.204422,1.98391,1.67404,1.58272,2.27781,0.42336,0.0018483,0.21168,0.0018483,0.21168,460.486,0,0.852198,0,0,1.05662,0.204422,1.028160,1,0,19.3305,0,0,0,19.3305,0
29.1672,2.6861,0,0,0.948136,0.0540433,0.36288,3.6288,53.6782,0.878723,0,0,0.48282,0.284461,0,0.66528,12.849,1,0.84672,0.36288,0,26.3346,6.10657,19.7442,0.84672,12.849,0.84672,3695.15,0,0.0036966,0.0018483,0.204422,1.9842,1.75297,1.53724,2.4025,0.42336,0.0018483,0.21168,0.0018483,0.21168,460.486,0,0.814717,0,0,1.01914,0.204422,1.028160,1,0,22.1467,0,0,0,22.1467,0
26.7301,2.5788,0,0,0.556869,0.0522959,0.36288,3.6288,52.7832,1.09419,0,0,0.419424,0.220175,0,0.66528,12.849,1,0.84672,0.36288,0,19.988,5.56395,13.9402,0.84672,12.849,0.84672,3695.15,0,0.0036966,3.76763e-05,0.204422,1.98449,1.08181,1.42355,1.84713,0.42336,0.0018483,0.21168,0.0018483,0.21168,460.486,0,0.5353,0,0,0.739722,0.204422,1.028160,1,0,15.7874,0,0,0,15.7874,0
24.31,2.57929,0,0,0.572722,0.0505693,0.36288,3.6288,51.8044,1.21589,0,0,0.45563,0.218607,0,0.66528,12.849,1,0.84672,0.36288,0,13.0353,5.56395,6.98755,0.84672,12.849,0.84672,3695.15,0,0.0036966,4.25765e-05,0.216518,1.90095,0.877478,1.42355,1.57135,0.42336,0.0018483,0.21168,0.0018483,0.21168,460.486,0,0.413837,0,0,0.630355,0.216518,1.028160,1,0,8.5589,0,0,0,8.5589,0
22.8524,2.57978,0,0,1.60036,0.115312,0.36288,3.6288,51.8228,0.601828,0,0,0.847994,0.227763,0,0.66528,12.849,1,0.84672,0.36288,0,21.2272,4.91226,15.8311,0.84672,12.849,0.84672,3695.15,0,0.0036966,2.14723e-05,0.616084,1.90123,2.70632,1.27572,3.94788,0.42336,0.0018483,0.21168,0.0018483,0.21168,460.486,0,1.02816,0,0,1.64424,0.616084,1.028160,1,0,19.779,0,0,0,19.779,0
20.77,2.58027,0,0,0.978057,0.11729,0.36288,3.6288,51.0793,1.05674,0,0,0.548878,0.235559,0,0.66528,12.849,1,0.84672,0.36288,0,30.9314,4.90423,25.5433,0.84672,12.849,0.84672,3695.15,0,0.0036966,3.76895e-05,0.216518,1.90151,1.31654,1.25461,2.17992,0.42336,0.0018483,0.21168,0.0018483,0.21168,460.486,0,0.573471,0,0,0.78999,0.216518,1.028160,1,0,27.7232,0,0,0,27.7232,0
19.3532,2.49222,0,0,1.53908,0.100847,0.36288,3.6288,50.7053,0.717962,0,0,0.53848,0.194562,0,0.66528,12.849,1,0.84672,0.36288,0,19.0403,4.25035,14.3061,0.84672,12.849,0.84672,3695.15,0,0.0036966,2.59794e-05,0.216518,1.90179,1.87374,1.03646,2.95556,0.42336,0.0018483,0.21168,0.0018483,0.21168,460.486,0,0.837484,0,0,1.054,0.216518,1.028160,1,0,17.2617,0,0,0,17.2617,0
17.5885,2.4927,0,0,1.2002,0.109267,0.36288,3.6288,49.901,0.999672,0,0,0.380561,0.18518,0,0.66528,12.849,1,0.84672,0.36288,0,14.4769,4.16409,9.82899,0.84672,12.849,0.84672,3695.15,0,0.0036966,3.64399e-05,0.216518,1.82752,1.59241,1.02904,2.60737,0.42336,0.0018483,0.21168,0.0018483,0.21168,460.486,0,0.555993,0,0,0.772511,0.216518,1.028160,1,0,12.4364,0,0,0,12.4364,0
16.4325,2.49317,0,0,1.8066,0.106565,0.36288,3.6288,50.1109,0.527751,0,0,0.92158,0.183966,0,0.66528,12.849,1,0.84672,0.36288,0,22.575,4.16409,17.9271,0.84672,12.849,0.84672,3695.15,0,0.0036966,1.95476e-05,1.2046,1.82779,3.22894,1.02904,5.23226,0.42336,0.0018483,0.21168,0.0018483,0.21168,460.486,0,1.02816,0,0,2.23276,1.2046,1.028160,1,0,23.1594,0,0,0,23.1594,0
17.8449,2.49364,0,0,4.37373,0.104794,0.36288,3.6288,51.4632,0.527981,0,0,2.06462,0.184283,0,0.66528,12.849,1,0.84672,0.36288,0,59.1617,4.16409,54.5138,0.84672,12.849,0.84672,3695.15,0,0.0036966,1.94742e-05,2.48511,1.82806,4.88464,1.02904,8.16874,0.42336,0.0018483,0.21168,0.0018483,0.21168,460.486,0,1.02816,0,0,3.51327,2.48511,1.028160,1,0,62.6825,0,0,0,62.6825,0
18.3667,2.24256,0,0,3.28522,0.158043,0.36288,3.6288,51.9115,0.371883,0,0,0.993894,0.173774,0,0.66528,12.849,1,0.84672,0.36288,0,43.5789,4.16641,38.9286,0.84672,12.849,0.84672,3695.15,0,0.0036966,1.33562e-05,0.615047,1.82833,3.17657,0.957523,4.66241,0.42336,0.0018483,0.21168,0.0018483,0.21168,460.486,0,1.02816,0,0,1.64321,0.615047,1.028160,1,0,43.591,0,0,0,43.591,0
20.9507,2.10874,0,0,5.22059,0.164897,0.36288,3.6288,52.8861,0.506381,0,0,1.68454,0.203532,0,0.66528,12.849,1,0.84672,0.36288,0,61.7282,4.73949,56.5049,0.84672,12.849,0.84672,3695.15,0,0.0036966,1.80296e-05,2.21899,1.66066,5.37423,1.06572,8.18814,0.42336,0.0018483,0.21168,0.0018483,0.21168,460.486,0,1.02816,0,0,3.24715,2.21899,1.028160,1,0,64.693,0,0,0,64.693,0
22.067,2.10943,0,0,3.75955,0.170953,0.36288,3.6288,53.1499,0.506381,0,0,0.975335,0.205133,0,0.66528,12.849,1,0.84672,0.36288,0,55.6238,4.73949,50.4005,0.84672,12.849,0.84672,3695.15,0,0.0036966,1.76974e-05,1.09071,1.73949,3.35345,1.06572,5.11791,0.42336,0.0018483,0.21168,0.0018483,0.21168,460.486,0,1.02816,0,0,2.11887,1.09071,1.028160,1,0,55.5184,0,0,0,55.5184,0
24.4951,2.1101,0,0,5.07298,0.17194,0.36288,3.6288,54.1043,0.506381,0,0,1.66045,0.199715,0,0.66528,12.849,1,0.84672,0.36288,0,63.2527,4.52211,58.2467,0.84672,12.849,0.84672,3695.15,0,0.0036966,1.76095e-05,1.61834,1.73962,5.71031,1.01681,8.05145,0.42336,0.0018483,0.21168,0.0018483,0.21168,460.486,0,1.02816,0,0,2.6465,1.61834,1.028160,1,0,66.2982,0,0,0,66.2982,0
26.1508,2.11078,0,0,4.29867,0.169289,0.36288,3.6288,55.1482,0.506382,0,0,1.73823,0.187925,0,0.66528,12.849,1,0.84672,0.36288,0,115.671,4.1159,111.071,0.84672,12.849,0.84672,3695.15,0,0.0036966,1.72989e-05,1.07384,1.73974,4.63196,0.91839,6.52713,0.42336,0.0018483,0.21168,0.0018483,0.21168,460.486,0,1.02816,0,0,2.102,1.07384,1.028160,1,0,117.598,0,0,0,117.598,0
28.5568,2.20829,0,0,5.13086,0.153754,0.36288,3.6288,56.2012,0.551676,0,0,1.77043,0.165762,0,0.66528,12.849,1,0.84672,0.36288,0,103.423,3.77969,99.1599,0.84672,12.849,0.84672,3695.15,0,0.0036966,1.84895e-05,1.89045,1.73987,5.98027,0.793124,8.81744,0.42336,0.0018483,0.21168,0.0018483,0.21168,460.486,0,1.02816,0,0,2.91861,1.89045,1.028160,1,0,107.977,0,0,0,107.977,0
30.2422,2.25424,0,0,4.46158,0.158979,0.36288,3.6288,57.1011,0.506376,0,0,1.57326,0.166911,0,0.66528,12.849,1,0.84672,0.36288,0,89.1899,3.77969,84.9263,0.84672,12.849,0.84672,3695.15,0,0.0036966,1.66533e-05,1.57343,1.79313,5.43919,0.793124,8.01261,0.42336,0.0018483,0.21168,0.0018483,0.21168,460.486,0,1.02816,0,0,2.60159,1.57343,1.028160,1,0,92.9389,0,0,0,92.9389,0
31.8102,2.25489,0,0,4.34834,0.16264,0.36288,3.6288,58.0424,0.506376,0,0,1.61554,0.167892,0,0.66528,12.849,1,0.84672,0.36288,0,86.2859,3.77969,82.0224,0.84672,12.849,0.84672,3695.15,0,0.0036966,1.63908e-05,1.65338,1.76674,5.63382,0.793124,8.2608,0.42336,0.0018483,0.21168,0.0018483,0.21168,460.486,0,1.02816,0,0,2.68154,1.65338,1.028160,1,0,90.2832,0,0,0,90.2832,0
33.4854,2.25554,0,0,4.51665,0.222988,0.36288,3.6288,58.8556,0.506376,0,0,1.50256,0.182969,0,0.66528,12.849,1,0.84672,0.36288,0,89.2097,4.41491,84.311,0.84672,12.849,0.84672,3695.15,0,0.0036966,1.6125e-05,1.51453,1.76686,5.64999,1.15938,7.77199,0.42336,0.0018483,0.21168,0.0018483,0.21168,460.486,0,1.02816,0,0,2.54269,1.51453,1.028160,1,0,92.083,0,0,0,92.083,0
34.3509,2.56735,0,0,3.99921,0.203494,0.36288,3.6288,59.5081,0.66528,0,0,1.48841,0.170668,0,0.66528,12.849,1,0.84672,0.36288,0,85.352,4.41183,80.4563,0.84672,12.849,0.84672,3695.15,0,0.0036966,0.0018483,1.3884,1.76698,5.05022,1.11232,7.09143,0.42336,0.0018483,0.21168,0.0018483,0.21168,460.486,0,1.02816,0,0,2.41656,1.3884,1.028160,1,0,87.5477,0,0,0,87.5477,0
36.9291,2.6552,0,0,5.78999,0.193661,0.36288,3.6288,60.2836,0.589391,0,0,1.52486,0.16,0,0.66528,12.849,1,0.84672,0.36288,0,92.1966,4.24704,87.4657,0.84672,12.849,0.84672,3695.15,0,0.0036966,1.83063e-05,1.42898,1.95688,5.12827,0.99114,7.52298,0.42336,0.0018483,0.21168,0.0018483,0.21168,460.486,0,1.02816,0,0,2.45714,1.42898,1.028160,1,0,94.9887,0,0,0,94.9887,0
39.8086,2.6557,0,0,6.08106,0.183,0.36288,3.6288,61.308,0.589615,0,0,1.92145,0.202102,0.105294,0.66528,12.849,1,0.84672,0.36288,0,152.524,3.98571,148.054,0.84672,12.849,0.84672,3695.15,0,0.0036966,1.80777e-05,1.91046,1.90602,6.54464,1.05644,9.30466,0.42336,0.0018483,0.21168,0.0018483,0.21168,460.486,0,1.02816,0,0,2.93862,1.91046,1.028160,1,0,157.464,0,0,0,157.464,0
41.1219,2.65619,0,0,4.54355,0.21123,0.36288,3.6288,61.308,0.589839,0,0,1.60626,0.214044,0.80238,0.66528,12.849,1,0.84672,0.36288,0,101.261,3.82912,96.9478,0.84672,12.849,0.84672,3695.15,0,0.0036966,1.77823e-05,1.41929,1.90629,5.1785,1.14927,7.35479,0.42336,0.0018483,0.21168,0.0018483,0.21168,460.486,0,1.02816,0,0,2.44745,1.41929,1.028160,1,0,105.105,0,0,0,105.105,0
43.4915,2.33098,0,0,5.29495,0.231466,0.36288,3.6288,61.308,0.361589,0,0,1.94929,0.210102,1.3776,0.66528,12.849,1,0.728342,0.36288,0,119.224,3.86031,114.998,0.84672,12.849,0.84672,3695.15,0,0.0036966,1.09011e-05,2.10752,1.90655,6.86995,1.02599,9.85802,0.42336,0.0018483,0.21168,0.0018483,0.21168,460.486,0,1.02816,0,0,3.13568,2.10752,1.028160,1,0,126.234,0,0,0,126.234,0
45.3291,2.25033,0,0,4.68956,0.23876,0.36288,3.6288,61.308,0.506369,0,0,1.66124,0.212531,0.942339,0.66528,12.849,1,0.664832,0.36288,0,120.216,3.87408,116.04,0.84672,12.849,0.84672,3695.15,0,0.0036966,1.52659e-05,1.88461,1.64707,6.29517,0.972311,8.85452,0.42336,0.0018483,0.21168,0.0018483,0.21168,460.486,0,1.02816,0,0,2.91277,1.88461,1.028160,1,0,125.837,0,0,0,125.837,0
47.0004,2.27181,0,0,4.54979,0.243795,0.36288,3.6288,61.308,0.506369,0,0,1.72397,0.212531,1.00507,0.66528,12.849,1,0.643969,0.36288,0,87.122,3.87408,82.9668,0.84672,12.849,0.84672,3695.15,0,0.0036966,1.52659e-05,2.07947,1.73191,6.31256,0.972311,9.15161,0.42336,0.0018483,0.21168,0.0018483,0.21168,460.486,0,1.02816,0,0,3.10763,2.07947,1.028160,1,0,93.1235,0,0,0,93.1235,0
48.8502,2.29028,0,0,4.75137,0.248375,0.36288,3.6288,61.308,0.506369,0,0,1.54976,0.212531,0.830857,0.66528,12.849,1,0.626119,0.36288,0,122.427,3.87408,118.289,0.84672,12.849,0.84672,3695.15,0,0.0036966,1.52659e-05,1.8624,1.73202,6.59089,0.972311,9.213,0.42336,0.0018483,0.21168,0.0018483,0.21168,460.486,0,1.02816,0,0,2.89056,1.8624,1.028160,1,0,128.333,0,0,0,128.333,0
49.7622,2.30954,0,0,3.85137,0.266961,0.36288,3.6288,61.308,0.506369,0,0,1.37048,0.168707,0.6954,0.66528,12.849,1,0.607476,0.36288,0,93.5438,3.17314,90.1261,0.84672,12.849,0.84672,3695.15,0,0.0036966,1.52659e-05,1.71864,1.73214,5.55968,0.697225,8.31322,0.42336,0.0018483,0.21168,0.0018483,0.21168,460.486,0,1.02816,0,0,2.7468,1.71864,1.028160,1,0,99.1347,0,0,0,99.1347,0
50.9135,2.40779,0,0,4.2197,0.297739,0.36288,3.6288,61.308,0.562301,0,0,1.36801,0.192794,0.61291,0.66528,12.849,1,0.62171,0.36288,0,71.6014,3.79984,67.5427,0.84672,12.849,0.84672,3695.15,0,0.0036966,1.69521e-05,1.40816,1.73226,5.29467,0.908896,7.52618,0.42336,0.0018483,0.21168,0.0018483,0.21168,460.486,0,1.02816,0,0,2.43632,1.40816,1.028160,1,0,75.6818,0,0,0,75.6818,0
51.2286,2.46418,0,0,3.44357,0.301373,0.36288,3.6288,61.308,0.506377,0,0,1.06445,0.192794,0.365277,0.66528,12.849,1,0.621883,0.36288,0,63.7299,3.79984,59.6711,0.84672,12.849,0.84672,3695.15,0,0.0036966,1.52661e-05,0.866661,1.79655,4.67663,0.908896,6.43093,0.42336,0.0018483,0.21168,0.0018483,0.21168,460.486,0,1.02816,0,0,1.89482,0.866661,1.028160,1,0,66.4673,0,0,0,66.4673,0
50.7035,2.46775,0,0,2.58447,0.278913,0.36288,3.6288,61.308,0.506377,0,0,0.863041,0.202155,0.154509,0.66528,12.849,1,0.618953,0.36288,0,53.7122,3.88323,49.5729,0.84672,12.849,0.84672,3695.15,0,0.0036966,1.52661e-05,0.567648,1.76394,3.31464,0.914719,4.7315,0.42336,0.0018483,0.21168,0.0018483,0.21168,460.486,0,1.02816,0,0,1.59581,0.567648,1.028160,1,0,54.4589,0,0,0,54.4589,0
49.854,2.46315,0,0,2.22276,0.246284,0.36288,3.6288,61.0964,0.701272,0,0,0.704291,0.214636,0,0.66528,12.849,1,0.624196,0.36288,0,36.6924,3.99441,32.4366,0.84672,12.849,0.84672,3695.15,0,0.0036966,2.11418e-05,0.528595,1.76406,2.70797,0.922481,4.07813,0.42336,0.0018483,0.21168,0.0018483,0.21168,460.486,0,0.833259,0,0,1.36185,0.528595,1.028160,1,0,36.5148,0,0,0,36.5148,0
49.3427,2.4204,0,0,2.52361,0.251639,0.36288,3.6288,61.2641,0.529464,0,0,0.907667,0.210492,0,0.66528,12.849,1,0.623817,0.36288,0,48.6311,3.72582,44.6443,0.84672,12.849,0.84672,3695.15,0,0.0036966,1.60175e-05,0.528595,1.76418,3.0531,1.04225,4.30361,0.42336,0.0018483,0.21168,0.0018483,0.21168,460.486,0,0.983336,0,0,1.51193,0.528595,1.028160,1,0,48.948,0,0,0,48.948,0
48.6075,2.39853,0,0,2.27649,0.250273,0.36288,3.6288,61.308,0.61863,0,0,0.906189,0.210716,0.0329363,0.66528,12.849,1,0.624585,0.36288,0,44.843,3.72582,40.8555,0.84672,12.849,0.84672,3695.15,0,0.0036966,1.86637e-05,0.528595,1.73931,2.99547,1.04225,4.22111,0.42336,0.0018483,0.21168,0.0018483,0.21168,460.486,0,0.9159,0,0,1.4445,0.528595,1.028160,1,0,45.1095,0,0,0,45.1095,0
48.1838,2.39156,0,0,2.57412,0.243382,0.36288,3.6288,61.2626,0.630683,0,0,0.799044,0.213741,0,0.66528,12.849,1,0.632189,0.36288,0,47.4995,3.95975,43.2705,0.84672,12.849,0.84672,3695.15,0,0.0036966,1.90137e-05,0.402797,1.75214,3.81311,1.05147,4.91656,0.42336,0.0018483,0.21168,0.0018483,0.21168,460.486,0,0.903848,0,0,1.30664,0.402797,1.028160,1,0,48.187,0,0,0,48.187,0
47.4033,2.38767,0,0,2.18296,0.212929,0.36288,3.6288,61.2281,0.587182,0,0,0.784123,0.231478,0,0.66528,12.849,1,0.63671,0.36288,0,39.687,5.3633,34.0499,0.84672,12.849,0.84672,3695.15,0,0.0036966,1.77153e-05,0.402797,1.75226,3.04749,1.1068,4.09573,0.42336,0.0018483,0.21168,0.0018483,0.21168,460.486,0,0.94735,0,0,1.35015,0.402797,1.028160,1,0,38.1456,0,0,0,38.1456,0
46.4083,2.58184,0,0,2.10766,0.157892,0.36288,3.6288,61.308,0.515506,0,0,0.860397,0.236541,0.0284339,0.66528,12.849,1,0.699826,0.36288,0,34.2843,4.9441,29.0032,0.84672,12.849,0.84672,3695.15,0,0.0036966,1.55616e-05,0.402797,1.75238,2.90879,1.08678,3.97717,0.42336,0.0018483,0.21168,0.0018483,0.21168,460.486,0,0.988114,0,0,1.39091,0.402797,1.028160,1,0,33.0089,0,0,0,33.0089,0
45.296,2.54639,0,0,1.9609,0.163936,0.36288,3.6288,61.308,0.506385,0,0,0.856336,0.222075,0.127876,0.66528,12.849,1,0.705014,0.36288,0,36.2536,4.31644,31.595,0.84672,12.849,0.84672,3695.15,0,0.0036966,1.52664e-05,0.434091,1.77671,2.82393,0.938648,4.09607,0.42336,0.0018483,0.21168,0.0018483,0.21168,460.486,0,1.02816,0,0,1.46225,0.434091,1.028160,1,0,35.819,0,0,0,35.819,0
43.9981,2.53341,0,0,1.7603,0.161911,0.36288,3.6288,61.308,0.506385,0,0,0.743783,0.222075,0.0153229,0.66528,12.849,1,0.718647,0.36288,0,34.2738,4.31644,29.6016,0.84672,12.849,0.84672,3695.15,0,0.0036966,1.52664e-05,0.337867,1.79493,2.78953,0.938648,3.98366,0.42336,0.0018483,0.21168,0.0018483,0.21168,460.486,0,1.02816,0,0,1.36603,0.337867,1.028160,1,0,33.6006,0,0,0,33.6006,0
42.574,2.51752,0,0,1.60487,0.148615,0.36288,3.6288,61.2824,0.506385,0,0,0.717716,0.236892,0,0.66528,12.849,1,0.735204,0.36288,0,31.7048,4.60989,26.7226,0.84672,12.849,0.84672,3695.15,0,0.0036966,1.52664e-05,0.322203,1.79506,2.70616,1.01873,3.80468,0.42336,0.0018483,0.21168,0.0018483,0.21168,460.486,0,1.02816,0,0,1.35036,0.322203,1.028160,1,0,30.5273,0,0,0,30.5273,0
41.2761,2.49913,0,0,1.68684,0.122727,0.36288,3.6288,61.0458,0.619401,0,0,0.642807,0.260031,0,0.66528,12.849,1,0.754248,0.36288,0,31.6971,5.18574,26.12,0.84672,12.849,0.84672,3695.15,0,0.0036966,1.86814e-05,0.30119,1.79518,2.66939,1.16741,3.59833,0.42336,0.0018483,0.21168,0.0018483,0.21168,460.486,0,0.91514,0,0,1.21633,0.30119,1.028160,1,0,29.7184,0,0,0,29.7184,0
40.3216,2.45912,0,0,1.96595,0.0983933,0.36288,3.6288,60.8993,0.548802,0,0,0.670481,0.26819,0,0.66528,12.849,1,0.765509,0.36288,0,31.3277,5.64722,25.2778,0.84672,12.849,0.84672,3695.15,0,0.0036966,1.66162e-05,0.353134,1.79531,3.18377,1.27219,4.06,0.42336,0.0018483,0.21168,0.0018483,0.21168,460.486,0,1.02816,0,0,1.38129,0.353134,1.028160,1,0,29.3379,0,0,0,29.3379,0
39.234,2.46838,0,0,1.84094,0.0972874,0.36288,3.6288,60.7496,0.519133,0,0,0.63739,0.267941,0,0.66528,12.849,1,0.78658,0.36288,0,31.2866,5.64722,25.2157,0.84672,12.849,0.84672,3695.15,0,0.0036966,1.57557e-05,0.269749,1.82269,3.27186,1.27219,4.09209,0.42336,0.0018483,0.21168,0.0018483,0.21168,460.486,0,1.02816,0,0,1.29791,0.269749,1.028160,1,0,29.3078,0,0,0,29.3078,0
37.9971,2.45229,0,0,1.67424,0.0960562,0.36288,3.6288,60.5758,0.527684,0,0,0.621558,0.267687,0,0.66528,12.849,1,0.803116,0.36288,0,30.6742,5.64722,24.5868,0.84672,12.849,0.84672,3695.15,0,0.0036966,1.60547e-05,0.261274,1.80545,3.13502,1.27219,3.92954,0.42336,0.0018483,0.21168,0.0018483,0.21168,460.486,0,1.01982,0,0,1.2811,0.261274,1.028160,1,0,28.5163,0,0,0,28.5163,0
36.626,2.43309,0,0,1.51962,0.0946852,0.36288,3.6288,60.2192,0.672363,0,0,0.583112,0.267391,0,0.66528,12.849,1,0.822768,0.36288,0,27.3332,5.64722,21.2261,0.84672,12.849,0.84672,3695.15,0,0.0036966,2.05153e-05,0.261274,1.8057,3.03273,1.27219,3.82749,0.42336,0.0018483,0.21168,0.0018483,0.21168,460.486,0,0.875353,0,0,1.13663,0.261274,1.028160,1,0,25.0535,0,0,0,25.0535,0
35.342,2.48558,0,0,1.63047,0.0660415,0.36288,3.6288,59.7375,0.753824,0,0,0.584518,0.312398,0,0.66528,12.849,1,0.84672,0.36288,0,25.2285,5.82698,18.9176,0.84672,12.849,0.84672,3695.15,0,0.0036966,2.3137e-05,0.261274,1.80595,2.88587,1.49272,3.46036,0.42336,0.0018483,0.21168,0.0018483,0.21168,460.486,0,0.831928,0,0,1.0932,0.261274,1.028160,1,0,22.378,0,0,0,22.378,0
34.0859,2.48603,0,0,1.6572,0.0644306,0.36288,3.6288,59.3405,0.635964,0,0,0.545399,0.306349,0,0.66528,12.849,1,0.84672,0.36288,0,32.837,5.69226,26.6609,0.84672,12.849,0.84672,3695.15,0,0.0036966,1.9677e-05,0.261274,1.84967,3.18148,1.46936,3.82304,0.42336,0.0018483,0.21168,0.0018483,0.21168,460.486,0,0.950011,0,0,1.21128,0.261274,1.028160,1,0,30.4839,0,0,0,30.4839,0
32.7248,2.48649,0,0,1.55174,0.0634528,0.36288,3.6288,58.9174,0.62477,0,0,0.507199,0.305572,0,0.66528,12.849,1,0.84672,0.36288,0,26.365,5.69226,20.1889,0.84672,12.849,0.84672,3695.15,0,0.0036966,1.94599e-05,0.227405,1.84992,2.86785,1.46936,3.47579,0.42336,0.0018483,0.21168,0.0018483,0.21168,460.486,0,0.961425,0,0,1.18883,0.227405,1.028160,1,0,23.6647,0,0,0,23.6647,0
31.2254,2.48695,0,0,1.4128,0.0623934,0.36288,3.6288,58.2863,0.807919,0,0,0.48152,0.304745,0,0.66528,12.849,1,0.84672,0.36288,0,24.0284,5.69226,17.8523,0.84672,12.849,0.84672,3695.15,0,0.0036966,2.53452e-05,0.227405,1.85018,2.67507,1.46936,3.28326,0.42336,0.0018483,0.21168,0.0018483,0.21168,460.486,0,0.77849,0,0,1.00589,0.227405,1.028160,1,0,21.1355,0,0,0,21.1355,0
29.6788,2.5722,0,0,1.43939,0.0508977,0.36288,3.6288,57.9226,0.628281,0,0,0.56283,0.298187,0,0.66528,12.849,1,0.84672,0.36288,0,26.917,5.61447,20.8187,0.84672,12.849,0.84672,3695.15,0,0.0036966,1.99232e-05,0.376194,1.85043,3.89922,1.48031,4.64552,0.42336,0.0018483,0.21168,0.0018483,0.21168,460.486,0,1.02816,0,0,1.40435,0.376194,1.028160,1,0,25.4642,0,0,0,25.4642,0
27.7577,2.57267,0,0,1.06562,0.0511318,0.36288,3.6288,57.3861,0.717464,0,0,0.459472,0.278578,0,0.66528,12.849,1,0.84672,0.36288,0,25.4921,5.1618,19.8465,0.84672,12.849,0.84672,3695.15,0,0.0036966,2.28942e-05,0.227405,1.92052,3.43833,1.42518,4.16105,0.42336,0.0018483,0.21168,0.0018483,0.21168,460.486,0,0.939203,0,0,1.16661,0.227405,1.028160,1,0,24.0076,0,0,0,24.0076,0
26.0473,2.57313,0,0,1.27544,0.0498103,0.36288,3.6288,56.9733,0.628739,0,0,0.493595,0.277613,0,0.66528,12.849,1,0.84672,0.36288,0,26.3828,5.1618,20.7371,0.84672,12.849,0.84672,3695.15,0,0.0036966,2.02505e-05,0.23881,1.92078,3.77144,1.42518,4.50583,0.42336,0.0018483,0.21168,0.0018483,0.21168,460.486,0,1.02816,0,0,1.26697,0.23881,1.028160,1,0,25.2429,0,0,0,25.2429,0
25.2275,2.57359,0,0,2.18089,0.0642546,0.36288,3.6288,56.7067,0.628968,0,0,0.633983,0.271653,0,0.66528,12.849,1,0.84672,0.36288,0,43.8449,5.01338,38.3477,0.84672,12.849,0.84672,3695.15,0,0.0036966,2.04047e-05,0.44763,1.92105,4.17467,1.40698,5.13634,0.42336,0.0018483,0.21168,0.0018483,0.21168,460.486,0,1.02816,0,0,1.47579,0.44763,1.028160,1,0,43.484,0,0,0,43.484,0
24.309,2.57406,0,0,2.07452,0.0560591,0.36288,3.6288,56.4861,0.629197,0,0,0.670259,0.261576,0,0.66528,12.849,1,0.84672,0.36288,0,47.9513,5.18981,42.2777,0.84672,12.849,0.84672,3695.15,0,0.0036966,2.05081e-05,0.572599,1.92131,3.61613,1.37947,4.73054,0.42336,0.0018483,0.21168,0.0018483,0.21168,460.486,0,1.02816,0,0,1.60076,0.572599,1.028160,1,0,47.0082,0,0,0,47.0082,0
22.3849,2.60389,0,0,1.07921,0.0365379,0.36288,3.6288,56.0863,0.613299,0,0,0.467611,0.254168,0,0.66528,12.849,1,0.84672,0.36288,0,19.7595,5.00063,14.275,0.84672,12.849,0.84672,3695.15,0,0.0036966,2.00679e-05,0.663362,1.92158,2.47861,1.2798,3.78373,0.42336,0.0018483,0.21168,0.0018483,0.21168,460.486,0,1.02816,0,0,1.69152,0.663362,1.028160,1,0,18.0588,0,0,0,18.0588,0
20.2739,2.60435,0,0,0.891804,0.0355647,0.36288,3.6288,55.6312,0.613526,0,0,0.41196,0.253506,0,0.66528,12.849,1,0.84672,0.36288,0,18.244,5.00063,12.7595,0.84672,12.849,0.84672,3695.15,0,0.0036966,2.02185e-05,0.475908,1.91489,2.29539,1.2798,3.40637,0.42336,0.0018483,0.21168,0.0018483,0.21168,460.486,0,1.02816,0,0,1.50407,0.475908,1.028160,1,0,16.1659,0,0,0,16.1659,0
18.8738,2.60481,0,0,1.65773,0.0901185,0.36288,3.6288,55.4787,0.613752,0,0,0.640895,0.179666,0,0.66528,12.849,1,0.84672,0.36288,0,32.2125,3.96247,27.7662,0.84672,12.849,0.84672,3695.15,0,0.0036966,2.03914e-05,0.850988,1.91515,3.9854,0.955307,5.79621,0.42336,0.0018483,0.21168,0.0018483,0.21168,460.486,0,1.02816,0,0,1.87915,0.850988,1.028160,1,0,33.5624,0,0,0,33.5624,0
19.0975,2.60527,0,0,3.30196,0.110167,0.36288,3.6288,55.6905,0.613979,0,0,0.976071,0.150281,0,0.66528,12.849,1,0.84672,0.36288,0,64.5617,3.54722,60.5307,0.84672,12.849,0.84672,3695.15,0,0.0036966,2.0455e-05,1.57614,1.91542,5.69395,0.825511,8.35998,0.42336,0.0018483,0.21168,0.0018483,0.21168,460.486,0,1.02816,0,0,2.6043,1.57614,1.028160,1,0,68.8906,0,0,0,68.8906,0
20.3231,2.51656,0,0,4.2262,0.121178,0.36288,3.6288,56.2002,0.538643,0,0,1.25087,0.202568,0,0.66528,12.849,1,0.84672,0.36288,0,69.9774,3.83551,65.6581,0.84672,12.849,0.84672,3695.15,0,0.0036966,1.78769e-05,2.81342,1.91568,6.22,0.998469,9.95061,0.42336,0.0018483,0.21168,0.0018483,0.21168,460.486,0,1.02816,0,0,3.84158,2.81342,1.028160,1,0,75.6087,0,0,0,75.6087,0
22.0691,2.51704,0,0,4.75353,0.127605,0.36288,3.6288,57.364,0.53886,0,0,1.92683,0.224146,0,0.66528,12.849,1,0.84672,0.36288,0,102.803,3.95083,98.3684,0.84672,12.849,0.84672,3695.15,0,0.0036966,1.77219e-05,4.06336,1.84085,8.15443,1.06765,12.991,0.42336,0.0018483,0.21168,0.0018483,0.21168,460.486,0,1.02816,0,0,5.09152,4.06336,1.028160,1,0,111.359,0,0,0,111.359,0
24.8153,2.51752,0,0,5.75735,0.130686,0.36288,3.6288,58.132,0.539077,0,0,1.53289,0.22585,0,0.66528,12.849,1,0.84672,0.36288,0,91.1157,3.95083,86.681,0.84672,12.849,0.84672,3695.15,0,0.0036966,1.73694e-05,4.48173,1.84111,8.08168,1.06765,13.3369,0.42336,0.0018483,0.21168,0.0018483,0.21168,460.486,0,1.02816,0,0,5.50989,4.48173,1.028160,1,0,100.018,0,0,0,100.018,0
26.9115,2.51801,0,0,5.13327,0.15622,0.36288,3.6288,58.4624,0.539294,0,0,1.07184,0.202097,0,0.66528,12.849,1,0.84672,0.36288,0,106.637,3.65379,102.499,0.84672,12.849,0.84672,3695.15,0,0.0036966,1.71468e-05,2.82893,1.84136,7.21146,0.970188,10.9116,0.42336,0.0018483,0.21168,0.0018483,0.21168,460.486,0,1.02816,0,0,3.85709,2.82893,1.028160,1,0,113.411,0,0,0,113.411,0
31.0826,2.26506,0,0,6.96718,0.168111,0.36288,3.6288,59.5783,0.382047,0,0,1.70059,0.202682,0,0.66528,12.849,1,0.84672,0.36288,0,117.805,3.92436,113.396,0.84672,12.849,0.84672,3695.15,0,0.0036966,1.20785e-05,4.21232,1.84161,8.07365,0.962049,13.1655,0.42336,0.0018483,0.21168,0.0018483,0.21168,460.486,0,1.02816,0,0,5.24048,4.21232,1.028160,1,0,126.562,0,0,0,126.562,0
36.6725,2.14138,0,0,8.27539,0.181269,0.36288,3.6288,60.3896,0.506371,0,0,1.5547,0.236976,0,0.66528,12.849,1,0.84672,0.36288,0,152.243,4.57854,147.18,0.84672,12.849,0.84672,3695.15,0,0.0036966,1.57092e-05,2.73397,1.67271,9.55212,1.19672,12.7621,0.42336,0.0018483,0.21168,0.0018483,0.21168,460.486,0,1.02816,0,0,3.76213,2.73397,1.028160,1,0,159.943,0,0,0,159.943,0
46.3538,2.21328,0,0,12.4546,0.197067,0.36288,3.6288,61.308,0.506372,0,0,3.51504,0.215445,1.87483,0.66528,12.849,1,0.775469,0.36288,0,143.687,4.09899,139.175,0.84672,12.849,0.84672,3695.15,0,0.0036966,1.54981e-05,5.42084,1.74559,14.1201,1.11686,20.1696,0.42336,0.0018483,0.21168,0.0018483,0.21168,460.486,0,1.02816,0,0,6.449,5.42084,1.028160,1,0,161.22,0,0,0,161.22,0
52.9051,2.34059,0,0,9.47523,0.220448,0.36288,3.6288,61.308,0.506372,0,0,3.78118,0.216703,3.05811,0.66528,12.849,1,0.648798,0.36288,0,170.491,4.09899,166.106,0.84672,12.849,0.84672,3695.15,0,0.0036966,1.5266e-05,5.27385,1.7457,13.6265,1.11686,19.5292,0.42336,0.0018483,0.21168,0.0018483,0.21168,460.486,0,1.02816,0,0,6.30201,5.27385,1.028160,1,0,188.694,0,0,0,188.694,0
60.7217,2.50515,0,0,10.921,0.236413,0.36288,3.6288,61.308,0.382827,0,0,3.58546,0.216703,2.98593,0.66528,12.849,1,0.608422,0.36288,0,257.189,4.09899,252.844,0.84672,12.849,0.84672,3695.15,0,0.0036966,1.15414e-05,5.42875,1.74582,17.5839,1.11686,23.6416,0.42336,0.0018483,0.21168,0.0018483,0.21168,460.486,0,1.02816,0,0,6.45691,5.42875,1.028160,1,0,279.472,0,0,0,279.472,0
60.3768,2.65065,0,0,2.89313,0.224514,0.36288,3.6288,61.308,0.428643,0,0,0.981392,0.176849,0.375899,0.66528,12.849,1,0.560891,0.36288,0,91.1269,3.26508,87.6639,0.84672,12.849,0.84672,3695.15,0,0.0036966,1.29226e-05,1.96122,1.67364,7.26123,0.938213,9.95786,0.42336,0.0018483,0.21168,0.0018483,0.21168,460.486,0,1.02816,0,0,2.98938,1.96122,1.028160,1,0,97.9976,0,0,0,97.9976,0
59.4859,2.64835,0,0,2.34424,0.22387,0.36288,3.6288,61.308,0.428832,0,0,0.858937,0.176849,0.253256,0.66528,12.849,1,0.563606,0.36288,0,74.2841,3.26508,70.8183,0.84672,12.849,0.84672,3695.15,0,0.0036966,1.29283e-05,1.54507,1.7274,5.74141,0.938213,8.07564,0.42336,0.0018483,0.21168,0.0018483,0.21168,460.486,0,1.02816,0,0,2.57323,1.54507,1.028160,1,0,79.1472,0,0,0,79.1472,0
58.8827,2.64175,0,0,2.6926,0.291189,0.36288,3.6288,61.308,0.42902,0,0,1.14207,0.177652,0.535398,0.66528,12.849,1,0.57062,0.36288,0,72.6166,3.4581,68.9508,0.84672,12.849,0.84672,3695.15,0,0.0036966,1.2934e-05,1.92462,1.72762,6.37462,0.995002,9.03184,0.42336,0.0018483,0.21168,0.0018483,0.21168,460.486,0,1.02816,0,0,2.95278,1.92462,1.028160,1,0,78.518,0,0,0,78.518,0
58.4898,2.6373,0,0,2.89282,0.285512,0.36288,3.6288,61.308,0.429208,0,0,0.870324,0.172088,0.269029,0.66528,12.849,1,0.575493,0.36288,0,74.1822,3.24912,70.7204,0.84672,12.849,0.84672,3695.15,0,0.0036966,1.29397e-05,1.78846,1.72784,5.27183,0.839667,7.94845,0.42336,0.0018483,0.21168,0.0018483,0.21168,460.486,0,1.02816,0,0,2.81662,1.78846,1.028160,1,0,78.9379,0,0,0,78.9379,0
58.2043,2.89143,0,0,3.25161,0.282889,0.36288,3.6288,61.308,0.60077,0,0,0.965192,0.160693,0.203728,0.66528,12.849,1,0.635186,0.36288,0,93.1971,3.50076,89.424,0.84672,12.849,0.84672,3695.15,0,0.0036966,1.81119e-05,1.77568,1.72806,5.12275,0.87342,7.75306,0.42336,0.0018483,0.21168,0.0018483,0.21168,460.486,0,1.02816,0,0,2.80384,1.77568,1.028160,1,0,97.3808,0,0,0,97.3808,0
57.7071,2.88925,0,0,3.03591,0.280955,0.36288,3.6288,61.308,0.600981,0,0,0.869573,0.152148,0.116444,0.66528,12.849,1,0.637821,0.36288,0,108.501,3.68949,104.537,0.84672,12.849,0.84672,3695.15,0,0.0036966,1.81182e-05,1.50871,1.91943,6.91668,0.898735,9.44607,0.42336,0.0018483,0.21168,0.0018483,0.21168,460.486,0,1.02816,0,0,2.53687,1.50871,1.028160,1,0,114.099,0,0,0,114.099,0
57.4402,2.88512,0,0,3.26074,0.279595,0.36288,3.6288,61.2752,0.601191,0,0,0.720576,0.152148,0,0.66528,12.849,1,0.642398,0.36288,0,84.4206,3.68949,80.4516,0.84672,12.849,0.84672,3695.15,0,0.0036966,1.81246e-05,0.900996,1.91968,6.7303,0.898735,8.65222,0.42336,0.0018483,0.21168,0.0018483,0.21168,460.486,0,1.02816,0,0,1.92916,0.900996,1.028160,1,0,89.1038,0,0,0,89.1038,0
56.5818,2.88306,0,0,2.66634,0.278866,0.36288,3.6288,61.308,0.601402,0,0,0.786655,0.152116,0.000374156,0.66528,12.849,1,0.644921,0.36288,0,94.3402,3.68949,90.3686,0.84672,12.849,0.84672,3695.15,0,0.0036966,1.81406e-05,1.13493,1.91993,6.57323,0.898735,8.72933,0.42336,0.0018483,0.21168,0.0018483,0.21168,460.486,0,1.02816,0,0,2.16309,1.13493,1.028160,1,0,99.0983,0,0,0,99.0983,0
58.9332,2.51097,0,0,5.49291,0.267644,0.36288,3.6288,61.308,0.371508,0,0,1.13181,0.19091,0.569396,0.66528,12.849,1,0.57021,0.36288,0,92.1821,4.57533,87.3994,0.84672,12.849,0.84672,3695.15,0,0.0036966,1.12001e-05,2.48885,1.92017,6.86703,1.02436,10.2517,0.42336,0.0018483,0.21168,0.0018483,0.21168,460.486,0,1.02816,0,0,3.51701,2.48885,1.028160,1,0,98.2205,0,0,0,98.2205,0
60.0842,2.52998,0,0,4.32321,0.279289,0.36288,3.6288,61.308,0.371688,0,0,0.780149,0.190936,0.217525,0.66528,12.849,1,0.551603,0.36288,0,62.2663,4.55175,57.5258,0.84672,12.849,0.84672,3695.15,0,0.0036966,1.12056e-05,1.46566,1.65882,4.85024,0.903354,7.07136,0.42336,0.0018483,0.21168,0.0018483,0.21168,460.486,0,1.02816,0,0,2.49382,1.46566,1.028160,1,0,64.8147,0,0,0,64.8147,0
61.13,2.53901,0,0,4.23003,0.282395,0.36288,3.6288,61.308,0.371869,0,0,0.970177,0.190936,0.407372,0.66528,12.849,1,0.542967,0.36288,0,80.7561,4.55175,76.0243,0.84672,12.849,0.84672,3695.15,0,0.0036966,1.1211e-05,1.79273,1.65903,5.87443,0.903354,8.42283,0.42336,0.0018483,0.21168,0.0018483,0.21168,460.486,0,1.02816,0,0,2.82089,1.79273,1.028160,1,0,84.8545,0,0,0,84.8545,0
63.8498,2.54702,0,0,5.91469,0.284941,0.36288,3.6288,61.308,0.37205,0,0,1.03495,0.190936,0.471966,0.66528,12.849,1,0.535361,0.36288,0,127.159,4.55175,122.435,0.84672,12.849,0.84672,3695.15,0,0.0036966,1.12165e-05,1.95032,1.65925,7.68881,0.903354,10.395,0.42336,0.0018483,0.21168,0.0018483,0.21168,460.486,0,1.02816,0,0,2.97848,1.95032,1.028160,1,0,133.302,0,0,0,133.302,0
67.1997,2.56634,0,0,6.57004,0.290939,0.36288,3.6288,61.308,0.372231,0,0,1.05837,0.203084,0.483059,0.66528,12.849,1,0.516444,0.36288,0,103.476,4.83872,98.4838,0.84672,12.849,0.84672,3695.15,0,0.0036966,1.12219e-05,2.25698,1.65946,6.83473,0.984263,9.7669,0.42336,0.0018483,0.21168,0.0018483,0.21168,460.486,0,1.02816,0,0,3.28514,2.25698,1.028160,1,0,108.734,0,0,0,108.734,0
70.01,2.68286,0,0,6.16259,0.306586,0.36288,3.6288,61.308,0.42874,0,0,1.24062,0.217667,0.59421,0.66528,12.849,1,0.512979,0.36288,0,111.201,5.2647,105.786,0.84672,12.849,0.84672,3695.15,0,0.0036966,1.29256e-05,3.43166,1.65968,5.93504,1.1165,9.90986,0.42336,0.0018483,0.21168,0.0018483,0.21168,460.486,0,1.02816,0,0,4.45982,3.43166,1.028160,1,0,116.29,0,0,0,116.29,0
71.6487,2.70061,0,0,5.0156,0.313386,0.36288,3.6288,61.308,0.428929,0,0,1.0363,0.217667,0.389703,0.66528,12.849,1,0.495645,0.36288,0,91.2635,5.2647,85.866,0.84672,12.849,0.84672,3695.15,0,0.0036966,1.29312e-05,2.12048,1.72452,5.01943,1.1165,7.74792,0.42336,0.0018483,0.21168,0.0018483,0.21168,460.486,0,1.02816,0,0,3.14864,2.12048,1.028160,1,0,94.0036,0,0,0,94.0036,0
72.1668,2.71057,0,0,3.90884,0.317351,0.36288,3.6288,61.308,0.429117,0,0,0.757149,0.217667,0.110365,0.66528,12.849,1,0.486095,0.36288,0,75.6873,5.2647,70.2993,0.84672,12.849,0.84672,3695.15,0,0.0036966,1.29369e-05,1.71089,1.72475,5.00852,1.1165,7.32765,0.42336,0.0018483,0.21168,0.0018483,0.21168,460.486,0,1.02816,0,0,2.73905,1.71089,1.028160,1,0,77.7374,0,0,0,77.7374,0
72.1888,2.71388,0,0,3.41104,0.312191,0.36288,3.6288,61.308,0.429305,0,0,0.680078,0.225453,0.0253195,0.66528,12.849,1,0.483196,0.36288,0,69.0716,5.47176,63.4795,0.84672,12.849,0.84672,3695.15,0,0.0036966,1.29426e-05,1.49801,1.72497,5.41267,1.13159,7.50405,0.42336,0.0018483,0.21168,0.0018483,0.21168,460.486,0,1.02816,0,0,2.52617,1.49801,1.028160,1,0,71.0089,0,0,0,71.0089,0
72.0475,2.67695,0,0,3.1987,0.300269,0.36288,3.6288,61.308,0.407604,0,0,0.714502,0.189081,0.117817,0.66528,12.849,1,0.476474,0.36288,0,55.1928,4.49918,50.5801,0.84672,12.849,0.84672,3695.15,0,0.0036966,1.22884e-05,0.843653,1.72519,3.37741,1.07834,4.8679,0.42336,0.0018483,0.21168,0.0018483,0.21168,460.486,0,1.02816,0,0,1.87181,0.843653,1.028160,1,0,55.5658,0,0,0,55.5658,0
71.6607,2.6765,0,0,2.90523,0.252645,0.36288,3.6288,61.2845,0.40779,0,0,0.59433,0.210003,0,0.66528,12.849,1,0.477329,0.36288,0,47.8672,4.53711,43.2156,0.84672,12.849,0.84672,3695.15,0,0.0036966,1.2294e-05,0.564157,1.70024,2.82577,1.08262,4.00754,0.42336,0.0018483,0.21168,0.0018483,0.21168,460.486,0,1.02816,0,0,1.59232,0.564157,1.028160,1,0,47.2231,0,0,0,47.2231,0
71.2129,2.67466,0,0,2.79971,0.209969,0.36288,3.6288,61.2687,0.407975,0,0,0.621709,0.229588,0,0.66528,12.849,1,0.479576,0.36288,0,45.843,4.71009,41.0162,0.84672,12.849,0.84672,3695.15,0,0.0036966,1.23043e-05,0.630884,1.70046,3.00054,1.09295,4.23893,0.42336,0.0018483,0.21168,0.0018483,0.21168,460.486,0,1.02816,0,0,1.65904,0.630884,1.028160,1,0,45.2551,0,0,0,45.2551,0
70.5618,2.67245,0,0,2.59349,0.209252,0.36288,3.6288,61.208,0.408161,0,0,0.577054,0.229565,0,0.66528,12.849,1,0.482192,0.36288,0,41.8302,4.71009,37.0008,0.84672,12.849,0.84672,3695.15,0,0.0036966,1.2313e-05,0.52863,1.70068,2.94487,1.09295,4.08122,0.42336,0.0018483,0.21168,0.0018483,0.21168,460.486,0,1.02816,0,0,1.55679,0.52863,1.028160,1,0,41.082,0,0,0,41.082,0
69.8694,2.79564,0,0,2.67218,0.20605,0.36288,3.6288,61.1963,0.48601,0,0,0.700883,0.226589,0,0.66528,12.849,1,0.509074,0.36288,0,46.4126,4.78627,41.4801,0.84672,12.849,0.84672,3695.15,0,0.0036966,1.4676e-05,0.483451,1.7009,2.82396,1.09236,3.91593,0.42336,0.0018483,0.21168,0.0018483,0.21168,460.486,0,1.02816,0,0,1.51161,0.483451,1.028160,1,0,45.3961,0,0,0,45.3961,0
68.973,2.79174,0,0,2.46033,0.20209,0.36288,3.6288,61.1413,0.486205,0,0,0.653927,0.222721,0,0.66528,12.849,1,0.513402,0.36288,0,44.978,4.88785,39.9397,0.84672,12.849,0.84672,3695.15,0,0.0036966,1.46848e-05,0.405078,1.78918,2.68784,1.09159,3.79049,0.42336,0.0018483,0.21168,0.0018483,0.21168,460.486,0,1.02816,0,0,1.43324,0.405078,1.028160,1,0,43.7301,0,0,0,43.7301,0
67.7938,2.78647,0,0,2.15678,0.186655,0.36288,3.6288,61.032,0.486401,0,0,0.609201,0.232077,0,0.66528,12.849,1,0.519093,0.36288,0,40.1852,4.99496,35.0341,0.84672,12.849,0.84672,3695.15,0,0.0036966,1.47039e-05,0.308094,1.78941,2.60779,1.11895,3.58632,0.42336,0.0018483,0.21168,0.0018483,0.21168,460.486,0,1.02816,0,0,1.33625,0.308094,1.028160,1,0,38.6204,0,0,0,38.6204,0
66.542,2.77924,0,0,2.04053,0.150179,0.36288,3.6288,60.8181,0.544189,0,0,0.585722,0.255484,0,0.66528,12.849,1,0.526752,0.36288,0,36.7347,5.2627,31.3081,0.84672,12.849,0.84672,3695.15,0,0.0036966,1.64803e-05,0.30119,1.78964,2.50874,1.18736,3.41219,0.42336,0.0018483,0.21168,0.0018483,0.21168,460.486,0,0.970566,0,0,1.27176,0.30119,1.028160,1,0,34.7203,0,0,0,34.7203,0
65.1319,2.77129,0,0,1.87123,0.147148,0.36288,3.6288,60.477,0.65137,0,0,0.559748,0.249478,0,0.66528,12.849,1,0.535126,0.36288,0,34.5029,5.18118,29.1495,0.84672,12.849,0.84672,3695.15,0,0.0036966,1.97956e-05,0.30119,1.78987,2.61767,1.17449,3.53422,0.42336,0.0018483,0.21168,0.0018483,0.21168,460.486,0,0.863577,0,0,1.16477,0.30119,1.028160,1,0,32.6837,0,0,0,32.6837,0
63.3132,2.73723,0,0,1.41773,0.136278,0.36288,3.6288,60.0215,0.826146,0,0,0.585727,0.215053,0,0.66528,12.849,1,0.539992,0.36288,0,21.8246,4.69203,16.9555,0.84672,12.849,0.84672,3695.15,0,0.0036966,2.52487e-05,0.30119,1.7901,2.55639,1.09724,3.55042,0.42336,0.0018483,0.21168,0.0018483,0.21168,460.486,0,0.731704,0,0,1.03289,0.30119,1.028160,1,0,20.5059,0,0,0,20.5059,0
61.3756,2.72469,0,0,1.28427,0.134289,0.36288,3.6288,59.529,0.83776,0,0,0.55971,0.214431,0,0.66528,12.849,1,0.552958,0.36288,0,21.4479,4.69203,16.5658,0.84672,12.849,0.84672,3695.15,0,0.0036966,2.5798e-05,0.261274,1.81778,2.41504,1.09724,3.39683,0.42336,0.0018483,0.21168,0.0018483,0.21168,460.486,0,0.720291,0,0,0.981564,0.261274,1.028160,1,0,19.9627,0,0,0,19.9627,0
59.3437,2.7106,0,0,1.16934,0.127804,0.36288,3.6288,58.902,0.931711,0,0,0.52933,0.224603,0,0.66528,12.849,1,0.567465,0.36288,0,18.8806,4.83318,13.8429,0.84672,12.849,0.84672,3695.15,0,0.0036966,2.89284e-05,0.261274,1.81802,2.34399,1.14876,3.27449,0.42336,0.0018483,0.21168,0.0018483,0.21168,460.486,0,0.626538,0,0,0.887812,0.261274,1.028160,1,0,17.1174,0,0,0,17.1174,0
57.2962,2.69498,0,0,1.11015,0.0997845,0.36288,3.6288,58.1896,0.919739,0,0,0.495844,0.288516,0,0.66528,12.849,1,0.583512,0.36288,0,17.0289,5.68008,11.1282,0.84672,12.849,0.84672,3695.15,0,0.0036966,2.88607e-05,0.261274,1.81825,2.23517,1.4579,2.85677,0.42336,0.0018483,0.21168,0.0018483,0.21168,460.486,0,0.638712,0,0,0.899986,0.261274,1.028160,1,0,13.985,0,0,0,13.985,0
55.1786,2.7408,0,0,1.08054,0.0944311,0.36288,3.6288,57.3476,1.02859,0,0,0.472296,0.285736,0,0.66528,12.849,1,0.614639,0.36288,0,16.3335,5.56754,10.5142,0.84672,12.849,0.84672,3695.15,0,0.0036966,3.26717e-05,0.261274,1.81849,2.35196,1.43555,2.99614,0.42336,0.0018483,0.21168,0.0018483,0.21168,460.486,0,0.56814,0,0,0.829414,0.261274,1.028160,1,0,13.5103,0,0,0,13.5103,0
53.2695,2.72201,0,0,1.24805,0.0722895,0.36288,3.6288,56.7226,0.923197,0,0,0.600045,0.301794,0,0.66528,12.849,1,0.633853,0.36288,0,20.8788,5.68197,14.9259,0.84672,12.849,0.84672,3695.15,0,0.0036966,2.97544e-05,0.261274,1.86249,2.6822,1.52107,3.28487,0.42336,0.0018483,0.21168,0.0018483,0.21168,460.486,0,0.673747,0,0,0.935021,0.261274,1.028160,1,0,18.2107,0,0,0,18.2107,0
51.2938,2.70406,0,0,1.16209,0.0709059,0.36288,3.6288,56.1288,0.813834,0,0,0.520581,0.300571,0,0.66528,12.849,1,0.652239,0.36288,0,17.6786,5.68197,11.7072,0.84672,12.849,0.84672,3695.15,0,0.0036966,2.65187e-05,0.227405,1.86273,2.70694,1.52107,3.27598,0.42336,0.0018483,0.21168,0.0018483,0.21168,460.486,0,0.78332,0,0,1.01072,0.227405,1.028160,1,0,14.9832,0,0,0,14.9832,0
49.2515,2.68431,0,0,1.07442,0.0694739,0.36288,3.6288,55.3751,0.937035,0,0,0.482763,0.299409,0,0.66528,12.849,1,0.672415,0.36288,0,16.9522,5.68197,10.9607,0.84672,12.849,0.84672,3695.15,0,0.0036966,3.08562e-05,0.227405,1.86297,2.35367,1.52107,2.92294,0.42336,0.0018483,0.21168,0.0018483,0.21168,460.486,0,0.660321,0,0,0.887725,0.227405,1.028160,1,0,13.8836,0,0,0,13.8836,0
47.0734,2.73026,0,0,0.981746,0.0666644,0.36288,3.6288,54.56,1.01701,0,0,0.504264,0.30236,0,0.66528,12.849,1,0.712285,0.36288,0,15.8763,5.76882,9.75812,0.84672,12.849,0.84672,3695.15,0,0.0036966,3.39457e-05,0.227405,1.86321,2.53242,1.50467,3.11833,0.42336,0.0018483,0.21168,0.0018483,0.21168,460.486,0,0.650834,0,0,0.878239,0.227405,1.028160,1,0,12.8764,0,0,0,12.8764,0
44.7915,2.70472,0,0,0.847532,0.0618598,0.36288,3.6288,53.7322,1.01971,0,0,0.503583,0.311747,0,0.66528,12.849,1,0.73827,0.36288,0,16.1666,5.98594,9.80531,0.84672,12.849,0.84672,3695.15,0,0.0036966,3.45441e-05,0.227405,1.93376,2.77419,1.46368,3.47164,0.42336,0.0018483,0.21168,0.0018483,0.21168,460.486,0,0.648354,0,0,0.875759,0.227405,1.028160,1,0,13.2769,0,0,0,13.2769,0
42.5221,2.67583,0,0,0.829578,0.0603037,0.36288,3.6288,52.8469,1.04612,0,0,0.47084,0.310003,0,0.66528,12.849,1,0.767595,0.36288,0,14.7525,5.98594,8.36179,0.84672,12.849,0.84672,3695.15,0,0.0036966,3.59848e-05,0.204422,1.93401,2.78444,1.46368,3.45915,0.42336,0.0018483,0.21168,0.0018483,0.21168,460.486,0,0.622158,0,0,0.82658,0.204422,1.028160,1,0,11.8209,0,0,0,11.8209,0
40.661,2.64471,0,0,1.20524,0.0587562,0.36288,3.6288,52.1806,0.899423,0,0,0.541011,0.307821,0,0.66528,12.849,1,0.799158,0.36288,0,16.8022,5.98594,10.38,0.84672,12.849,0.84672,3695.15,0,0.0036966,3.1457e-05,0.204422,1.93426,3.08716,1.46368,3.76212,0.42336,0.0018483,0.21168,0.0018483,0.21168,460.486,0,0.769072,0,0,0.973495,0.204422,1.028160,1,0,14.1421,0,0,0,14.1421,0
39.3378,2.61725,0,0,1.73712,0.0801492,0.36288,3.6288,51.7815,0.817881,0,0,0.716098,0.297361,0,0.66528,12.849,1,0.827059,0.36288,0,27.4135,5.85453,21.0948,0.84672,12.849,0.84672,3695.15,0,0.0036966,2.89703e-05,0.204422,1.93451,3.43693,1.43717,4.13867,0.42336,0.0018483,0.21168,0.0018483,0.21168,460.486,0,0.850833,0,0,1.05526,0.204422,1.028160,1,0,25.2335,0,0,0,25.2335,0
37.4142,2.6276,0,0,1.17058,0.10375,0.36288,3.6288,51.9039,0.624537,0,0,0.999639,0.252698,0,0.66528,12.849,1,0.84672,0.36288,0,23.0922,4.64425,17.9641,0.84672,12.849,0.84672,3695.15,0,0.0036966,2.22924e-05,1.74754,1.93476,4.04749,1.18609,6.54368,0.42336,0.0018483,0.21168,0.0018483,0.21168,460.486,0,1.02816,0,0,2.7757,1.74754,1.028160,1,0,24.5078,0,0,0,24.5078,0
35.3545,2.62804,0,0,1.03266,0.10145,0.36288,3.6288,51.589,0.62475,0,0,0.562796,0.252948,0,0.66528,12.849,1,0.84672,0.36288,0,23.9199,4.64425,18.7918,0.84672,12.849,0.84672,3695.15,0,0.0036966,2.22474e-05,0.652501,1.928,3.03523,1.18609,4.42963,0.42336,0.0018483,0.21168,0.0018483,0.21168,460.486,0,1.02816,0,0,1.68066,0.652501,1.028160,1,0,23.2215,0,0,0,23.2215,0
33.1404,2.62848,0,0,0.876269,0.0989875,0.36288,3.6288,51.2248,0.624964,0,0,0.513018,0.252305,0,0.66528,12.849,1,0.84672,0.36288,0,22.1026,4.64425,16.9745,0.84672,12.849,0.84672,3695.15,0,0.0036966,2.23908e-05,0.499798,1.92825,2.88817,1.18609,4.13011,0.42336,0.0018483,0.21168,0.0018483,0.21168,460.486,0,1.02816,0,0,1.52796,0.499798,1.028160,1,0,21.1046,0,0,0,21.1046,0
31.8411,2.62892,0,0,1.86833,0.175797,0.36288,3.6288,51.3714,0.625177,0,0,0.938478,0.166688,0,0.66528,12.849,1,0.84672,0.36288,0,48.6539,3.39847,44.7716,0.84672,12.849,0.84672,3695.15,0,0.0036966,2.25577e-05,1.023,1.9285,6.39942,0.796699,8.5542,0.42336,0.0018483,0.21168,0.0018483,0.21168,460.486,0,1.02816,0,0,2.05116,1.023,1.028160,1,0,53.3258,0,0,0,53.3258,0
31.6434,2.53957,0,0,2.88537,0.180652,0.36288,3.6288,51.7225,0.549312,0,0,1.0903,0.189807,0,0.66528,12.849,1,0.84672,0.36288,0,57.5792,3.49715,53.5982,0.84672,12.849,0.84672,3695.15,0,0.0036966,1.97638e-05,1.78119,1.92875,6.5655,0.923374,9.35204,0.42336,0.0018483,0.21168,0.0018483,0.21168,460.486,0,1.02816,0,0,2.80935,1.78119,1.028160,1,0,62.9503,0,0,0,62.9503,0
29.9087,2.54,0,0,1.34434,0.176206,0.36288,3.6288,51.5274,0.549516,0,0,0.572641,0.218239,0,0.66528,12.849,1,0.84672,0.36288,0,28.0979,3.72687,23.8872,0.84672,12.849,0.84672,3695.15,0,0.0036966,1.96369e-05,0.221305,1.85339,4.86925,1.06705,5.87687,0.42336,0.0018483,0.21168,0.0018483,0.21168,460.486,0,1.02816,0,0,1.24946,0.221305,1.028160,1,0,29.764,0,0,0,29.764,0
29.7694,2.54043,0,0,2.93626,0.172245,0.36288,3.6288,51.7542,0.549719,0,0,0.99436,0.217895,0,0.66528,12.849,1,0.84672,0.36288,0,39.6497,3.72687,35.4389,0.84672,12.849,0.84672,3695.15,0,0.0036966,1.97186e-05,1.42264,1.85363,6.96635,1.06705,9.17554,0.42336,0.0018483,0.21168,0.0018483,0.21168,460.486,0,1.02816,0,0,2.4508,1.42264,1.028160,1,0,44.6145,0,0,0,44.6145,0
32.9429,2.54087,0,0,6.2492,0.171923,0.36288,3.6288,53.047,0.549923,0,0,2.06105,0.218295,0,0.66528,12.849,1,0.84672,0.36288,0,86.6494,3.72687,82.4386,0.84672,12.849,0.84672,3695.15,0,0.0036966,1.96394e-05,4.82933,1.85387,11.3082,1.06705,16.9243,0.42336,0.0018483,0.21168,0.0018483,0.21168,460.486,0,1.02816,0,0,5.85749,4.82933,1.028160,1,0,99.363,0,0,0,99.363,0
33.6985,2.28616,0,0,3.60127,0.196624,0.36288,3.6288,53.6724,0.391597,0,0,1.2373,0.2203,0,0.66528,12.849,1,0.84672,0.36288,0,45.3605,3.87615,41.0005,0.84672,12.849,0.84672,3695.15,0,0.0036966,1.36443e-05,2.61379,1.85411,6.98855,1.05079,10.4056,0.42336,0.0018483,0.21168,0.0018483,0.21168,460.486,0,1.02816,0,0,3.64195,2.61379,1.028160,1,0,51.4062,0,0,0,51.4062,0
33.8513,2.18543,0,0,2.91065,0.209513,0.36288,3.6288,54.4414,0.506358,0,0,1.48061,0.205303,0,0.66528,12.849,1,0.833288,0.36288,0,65.9382,4.67922,60.7886,0.84672,12.849,0.84672,3695.15,0,0.0036966,1.74373e-05,6.07306,1.68404,12.1634,1.15862,18.7619,0.42336,0.0018483,0.21168,0.0018483,0.21168,460.486,0,1.02816,0,0,7.10122,6.07306,1.028160,1,0,79.5505,0,0,0,79.5505,0
37.1446,2.18858,0,0,6.0546,0.209908,0.36288,3.6288,56.2812,0.506358,0,0,2.55262,0.206395,0,0.66528,12.849,1,0.830723,0.36288,0,145.891,4.67922,140.744,0.84672,12.849,0.84672,3695.15,0,0.0036966,1.7191e-05,4.70922,1.75131,21.566,1.15862,26.8679,0.42336,0.0018483,0.21168,0.0018483,0.21168,460.486,0,1.02816,0,0,5.73738,4.70922,1.028160,1,0,167.612,0,0,0,167.612,0
50.996,2.24375,0,0,16.6678,0.209709,0.36288,3.6288,61.308,0.506359,0,0,10.4112,0.199899,4.67818,0.66528,12.849,1,0.776153,0.36288,0,377.499,4.35765,372.728,0.84672,12.849,0.84672,3695.15,0,0.0036966,1.6629e-05,5.69649,1.75142,31.4446,1.11844,37.774,0.42336,0.0018483,0.21168,0.0018483,0.21168,460.486,0,1.02816,0,0,6.72465,5.69649,1.028160,1,0,415.18,0,0,0,415.18,0
53.8274,2.5037,0,0,5.90407,0.206128,0.36288,3.6288,61.308,0.392332,0,0,2.19677,0.214437,1.59,0.66528,12.849,1,0.630835,0.36288,0,138.288,3.79533,134.225,0.84672,12.849,0.84672,3695.15,0,0.0036966,1.18279e-05,5.79727,1.75153,13.8986,0.900858,20.5465,0.42336,0.0018483,0.21168,0.0018483,0.21168,460.486,0,1.02816,0,0,6.82543,5.79727,1.028160,1,0,156.362,0,0,0,156.362,0
55.2886,2.61009,0,0,4.64277,0.208546,0.36288,3.6288,61.308,0.438443,0,0,1.44517,0.206209,0.800517,0.66528,12.849,1,0.623049,0.36288,0,92.9552,3.46176,89.2332,0.84672,12.849,0.84672,3695.15,0,0.0036966,1.32181e-05,3.53905,1.68491,11.2552,0.982023,15.4972,0.42336,0.0018483,0.21168,0.0018483,0.21168,460.486,0,1.02816,0,0,4.56721,3.53905,1.028160,1,0,105.531,0,0,0,105.531,0
56.056,2.62377,0,0,3.96579,0.211762,0.36288,3.6288,61.308,0.43862,0,0,1.21237,0.204272,0.569482,0.66528,12.849,1,0.609761,0.36288,0,75.4955,3.40987,71.8387,0.84672,12.849,0.84672,3695.15,0,0.0036966,1.32234e-05,2.6496,1.73902,8.76891,1.00011,12.1574,0.42336,0.0018483,0.21168,0.0018483,0.21168,460.486,0,1.02816,0,0,3.67776,2.6496,1.028160,1,0,84.5656,0,0,0,84.5656,0
57.0668,2.63088,0,0,4.27589,0.271304,0.36288,3.6288,61.308,0.438796,0,0,1.53392,0.205755,0.889369,0.66528,12.849,1,0.603043,0.36288,0,69.3723,3.60518,65.527,0.84672,12.849,0.84672,3695.15,0,0.0036966,1.32287e-05,2.87683,1.73922,9.33587,1.07097,12.8809,0.42336,0.0018483,0.21168,0.0018483,0.21168,460.486,0,1.02816,0,0,3.90499,2.87683,1.028160,1,0,79.2973,0,0,0,79.2973,0
58.4427,2.63992,0,0,4.65794,0.279207,0.36288,3.6288,61.308,0.438972,0,0,1.21327,0.199511,0.574789,0.66528,12.849,1,0.594396,0.36288,0,74.3774,3.39392,70.752,0.84672,12.849,0.84672,3695.15,0,0.0036966,1.3234e-05,2.89621,1.73943,8.22741,0.90156,11.9615,0.42336,0.0018483,0.21168,0.0018483,0.21168,460.486,0,1.02816,0,0,3.92437,2.89621,1.028160,1,0,83.2883,0,0,0,83.2883,0
59.2769,2.91035,0,0,4.39484,0.28746,0.36288,3.6288,61.308,0.61167,0,0,1.19871,0.17399,0.413054,0.66528,12.849,1,0.639858,0.36288,0,73.974,3.37843,70.3185,0.84672,12.849,0.84672,3695.15,0,0.0036966,1.84405e-05,2.76301,1.73964,6.87914,0.858154,10.5236,0.42336,0.0018483,0.21168,0.0018483,0.21168,460.486,0,1.02816,0,0,3.79117,2.76301,1.028160,1,0,81.2552,0,0,0,81.2552,0
60.206,2.9181,0,0,4.50717,0.297057,0.36288,3.6288,61.308,0.611867,0,0,1.03526,0.156828,0.266568,0.66528,12.849,1,0.632535,0.36288,0,76.3954,3.40967,72.7161,0.84672,12.849,0.84672,3695.15,0,0.0036966,1.84464e-05,1.9562,1.93227,7.16792,0.917521,10.1389,0.42336,0.0018483,0.21168,0.0018483,0.21168,460.486,0,1.02816,0,0,2.98436,1.9562,1.028160,1,0,83.1215,0,0,0,83.1215,0
61.6898,2.9265,0,0,5.08349,0.310361,0.36288,3.6288,61.308,0.612064,0,0,1.1827,0.174637,0.395994,0.66528,12.849,1,0.624565,0.36288,0,81.826,3.54835,78.0159,0.84672,12.849,0.84672,3695.15,0,0.0036966,1.84524e-05,2.34782,1.93251,7.79829,1.05848,11.0201,0.42336,0.0018483,0.21168,0.0018483,0.21168,460.486,0,1.02816,0,0,3.37598,2.34782,1.028160,1,0,89.4321,0,0,0,89.4321,0
63.1464,2.93929,0,0,5.08264,0.323846,0.36288,3.6288,61.308,0.612261,0,0,0.999683,0.169683,0.217738,0.66528,12.849,1,0.612207,0.36288,0,98.75,3.62197,94.8787,0.84672,12.849,0.84672,3695.15,0,0.0036966,1.84583e-05,2.3235,1.93274,7.14364,1.04222,10.3576,0.42336,0.0018483,0.21168,0.0018483,0.21168,460.486,0,1.02816,0,0,3.35166,2.3235,1.028160,1,0,105.454,0,0,0,105.454,0
63.7419,2.57727,0,0,3.85261,0.316937,0.36288,3.6288,61.308,0.380822,0,0,1.0277,0.164587,0.482293,0.66528,12.849,1,0.524422,0.36288,0,83.1583,4.12553,78.8712,0.84672,12.849,0.84672,3695.15,0,0.0036966,1.14809e-05,1.98786,1.93297,7.16178,1.11449,9.96811,0.42336,0.0018483,0.21168,0.0018483,0.21168,460.486,0,1.02816,0,0,3.01602,1.98786,1.028160,1,0,89.3216,0,0,0,89.3216,0
63.7246,2.58166,0,0,3.23106,0.303856,0.36288,3.6288,61.308,0.380992,0,0,1.25454,0.139507,0.734037,0.66528,12.849,1,0.520407,0.36288,0,79.1173,4.64331,74.3165,0.84672,12.849,0.84672,3695.15,0,0.0036966,1.14861e-05,2.78968,1.66986,8.23617,1.13672,11.559,0.42336,0.0018483,0.21168,0.0018483,0.21168,460.486,0,1.02816,0,0,3.81784,2.78968,1.028160,1,0,86.6095,0,0,0,86.6095,0
64.0135,2.58185,0,0,3.53746,0.303813,0.36288,3.6288,61.308,0.381161,0,0,1.10043,0.139507,0.579756,0.66528,12.849,1,0.520588,0.36288,0,87.5569,4.64331,82.7559,0.84672,12.849,0.84672,3695.15,0,0.0036966,1.14912e-05,2.05771,1.67006,7.6585,1.13672,10.2495,0.42336,0.0018483,0.21168,0.0018483,0.21168,460.486,0,1.02816,0,0,3.08587,2.05771,1.028160,1,0,93.5852,0,0,0,93.5852,0
63.8915,2.58412,0,0,3.12951,0.304526,0.36288,3.6288,61.308,0.381331,0,0,1.05133,0.139507,0.530494,0.66528,12.849,1,0.518693,0.36288,0,76.453,4.64331,71.6539,0.84672,12.849,0.84672,3695.15,0,0.0036966,1.14963e-05,1.77199,1.67026,6.93939,1.13672,9.24491,0.42336,0.0018483,0.21168,0.0018483,0.21168,460.486,0,1.02816,0,0,2.80015,1.77199,1.028160,1,0,81.4293,0,0,0,81.4293,0
63.8136,2.58361,0,0,3.18854,0.319914,0.36288,3.6288,61.308,0.3815,0,0,1.20754,0.161895,0.66414,0.66528,12.849,1,0.51958,0.36288,0,77.7479,3.99578,73.5954,0.84672,12.849,0.84672,3695.15,0,0.0036966,1.15014e-05,1.98799,1.67046,6.97777,1.13566,9.50055,0.42336,0.0018483,0.21168,0.0018483,0.21168,460.486,0,1.02816,0,0,3.01615,1.98799,1.028160,1,0,83.7601,0,0,0,83.7601,0
66.3738,2.67778,0,0,5.87103,0.2702,0.36288,3.6288,61.308,0.43837,0,0,1.97607,0.149129,1.38857,0.66528,12.849,1,0.539176,0.36288,0,144.262,4.59846,139.487,0.84672,12.849,0.84672,3695.15,0,0.0036966,1.32159e-05,4.89333,1.67066,16.7422,1.13461,22.1716,0.42336,0.0018483,0.21168,0.0018483,0.21168,460.486,0,1.02816,0,0,5.92149,4.89333,1.028160,1,0,163.048,0,0,0,163.048,0
68.741,2.69553,0,0,5.70332,0.27768,0.36288,3.6288,61.308,0.438547,0,0,1.15317,0.187792,0.526834,0.66528,12.849,1,0.521816,0.36288,0,169.301,4.56298,164.579,0.84672,12.849,0.84672,3695.15,0,0.0036966,1.32212e-05,3.37713,1.73592,11.4964,1.09387,15.5156,0.42336,0.0018483,0.21168,0.0018483,0.21168,460.486,0,1.02816,0,0,4.40529,3.37713,1.028160,1,0,180.621,0,0,0,180.621,0
68.8772,2.711,0,0,3.49301,0.282902,0.36288,3.6288,61.308,0.438723,0,0,0.770705,0.187792,0.144191,0.66528,12.849,1,0.506737,0.36288,0,97.6216,4.56298,92.9148,0.84672,12.849,0.84672,3695.15,0,0.0036966,1.32265e-05,2.10886,1.73613,7.9736,1.09387,10.7247,0.42336,0.0018483,0.21168,0.0018483,0.21168,460.486,0,1.02816,0,0,3.13702,2.10886,1.028160,1,0,103.784,0,0,0,103.784,0
68.4642,2.71217,0,0,2.94518,0.283202,0.36288,3.6288,61.308,0.438899,0,0,0.674689,0.187792,0.0479979,0.66528,12.849,1,0.505953,0.36288,0,74.4924,4.56298,69.7863,0.84672,12.849,0.84672,3695.15,0,0.0036966,1.32318e-05,1.93892,1.73634,7.26494,1.09387,9.84632,0.42336,0.0018483,0.21168,0.0018483,0.21168,460.486,0,1.02816,0,0,2.96708,1.93892,1.028160,1,0,79.6806,0,0,0,79.6806,0
68.6772,2.67257,0,0,3.48303,0.234498,0.36288,3.6288,61.308,0.417043,0,0,0.752717,0.221778,0.113895,0.66528,12.849,1,0.501575,0.36288,0,78.0356,5.02411,72.8728,0.84672,12.849,0.84672,3695.15,0,0.0036966,1.25729e-05,2.0055,1.73655,6.90284,1.2303,9.41458,0.42336,0.0018483,0.21168,0.0018483,0.21168,460.486,0,1.02816,0,0,3.03366,2.0055,1.028160,1,0,82.4013,0,0,0,82.4013,0
68.8073,2.67421,0,0,3.33793,0.170819,0.36288,3.6288,61.308,0.417217,0,0,0.856855,0.221111,0.218527,0.66528,12.849,1,0.500324,0.36288,0,72.1716,4.44979,67.5844,0.84672,12.849,0.84672,3695.15,0,0.0036966,1.25782e-05,1.67322,1.71142,6.59543,1.19755,8.78251,0.42336,0.0018483,0.21168,0.0018483,0.21168,460.486,0,1.02816,0,0,2.70138,1.67322,1.028160,1,0,76.5854,0,0,0,76.5854,0
68.7333,2.67533,0,0,3.13525,0.170992,0.36288,3.6288,61.308,0.417391,0,0,0.807149,0.221111,0.168647,0.66528,12.849,1,0.499588,0.36288,0,61.5055,4.44979,56.919,0.84672,12.849,0.84672,3695.15,0,0.0036966,1.25834e-05,1.49027,1.71163,6.01633,1.19755,8.02067,0.42336,0.0018483,0.21168,0.0018483,0.21168,460.486,0,1.02816,0,0,2.51843,1.49027,1.028160,1,0,65.1083,0,0,0,65.1083,0
68.5257,2.67519,0,0,3.00133,0.170894,0.36288,3.6288,61.308,0.417564,0,0,0.755758,0.221111,0.117083,0.66528,12.849,1,0.5001,0.36288,0,58.0834,4.44979,53.4964,0.84672,12.849,0.84672,3695.15,0,0.0036966,1.25886e-05,1.30549,1.71183,6.00131,1.19755,7.82107,0.42336,0.0018483,0.21168,0.0018483,0.21168,460.486,0,1.02816,0,0,2.33365,1.30549,1.028160,1,0,61.4346,0,0,0,61.4346,0
67.8233,2.8011,0,0,2.65766,0.19608,0.36288,3.6288,61.308,0.495909,0,0,0.732205,0.17224,0.0640559,0.66528,12.849,1,0.525223,0.36288,0,53.0231,4.15859,48.7021,0.84672,12.849,0.84672,3695.15,0,0.0036966,1.49506e-05,1.17275,1.71204,5.54615,1.04604,7.38489,0.42336,0.0018483,0.21168,0.0018483,0.21168,460.486,0,1.02816,0,0,2.20091,1.17275,1.028160,1,0,56.1511,0,0,0,56.1511,0
67.0591,2.79686,0,0,2.59793,0.202349,0.36288,3.6288,61.308,0.496092,0,0,0.801205,0.192917,0.112195,0.66528,12.849,1,0.52986,0.36288,0,48.0882,4.60299,43.3182,0.84672,12.849,0.84672,3695.15,0,0.0036966,1.49561e-05,1.22308,1.80087,5.36817,1.00549,7.38662,0.42336,0.0018483,0.21168,0.0018483,0.21168,460.486,0,1.02816,0,0,2.25124,1.22308,1.028160,1,0,50.817,0,0,0,50.817,0
66.3786,2.79213,0,0,2.56917,0.0946812,0.36288,3.6288,61.308,0.496276,0,0,0.767707,0.232343,0.0390888,0.66528,12.849,1,0.534991,0.36288,0,49.2769,5.13198,43.9728,0.84672,12.849,0.84672,3695.15,0,0.0036966,1.49616e-05,1.27195,1.80109,5.54113,1.11191,7.50225,0.42336,0.0018483,0.21168,0.0018483,0.21168,460.486,0,1.02816,0,0,2.30011,1.27195,1.028160,1,0,51.5141,0,0,0,51.5141,0
65.4154,2.78787,0,0,2.28174,0.0941721,0.36288,3.6288,61.205,0.496459,0,0,0.625796,0.232343,0,0.66528,12.849,1,0.539651,0.36288,0,44.0693,5.13198,38.7605,0.84672,12.849,0.84672,3695.15,0,0.0036966,1.49671e-05,0.927729,1.80131,4.75229,1.11191,6.3694,0.42336,0.0018483,0.21168,0.0018483,0.21168,460.486,0,1.02816,0,0,1.95589,0.927729,1.028160,1,0,45.1299,0,0,0,45.1299,0
64.375,2.78156,0,0,2.1975,0.0934515,0.36288,3.6288,60.9799,0.496642,0,0,0.503763,0.232191,0,0.66528,12.849,1,0.546358,0.36288,0,40.6109,5.13198,35.2955,0.84672,12.849,0.84672,3695.15,0,0.0036966,1.49979e-05,0.7816,1.80152,4.56877,1.11191,6.03997,0.42336,0.0018483,0.21168,0.0018483,0.21168,460.486,0,1.02816,0,0,1.80976,0.7816,1.028160,1,0,41.3354,0,0,0,41.3354,0
63.7714,2.74968,0,0,2.60509,0.0961506,0.36288,3.6288,60.7352,0.539815,0,0,0.550682,0.255635,0,0.66528,12.849,1,0.548825,0.36288,0,36.5561,5.46357,30.9066,0.84672,12.849,0.84672,3695.15,0,0.0036966,1.63618e-05,0.424915,1.80174,4.88767,1.20622,5.90808,0.42336,0.0018483,0.21168,0.0018483,0.21168,460.486,0,1.02816,0,0,1.45308,0.424915,1.028160,1,0,36.8147,0,0,0,36.8147,0
62.996,2.74569,0,0,2.42882,0.095682,0.36288,3.6288,60.469,0.540004,0,0,0.529123,0.255238,0,0.66528,12.849,1,0.553215,0.36288,0,36.0726,5.46357,30.4187,0.84672,12.849,0.84672,3695.15,0,0.0036966,1.64335e-05,0.366353,1.82959,4.9943,1.20622,5.984,0.42336,0.0018483,0.21168,0.0018483,0.21168,460.486,0,1.02816,0,0,1.39451,0.366353,1.028160,1,0,36.4027,0,0,0,36.4027,0
61.9978,2.74036,0,0,2.20018,0.0950802,0.36288,3.6288,60.1797,0.540192,0,0,0.505616,0.254808,0,0.66528,12.849,1,0.558938,0.36288,0,35.4501,5.46357,29.7905,0.84672,12.849,0.84672,3695.15,0,0.0036966,1.65115e-05,0.297043,1.82981,4.71813,1.20622,5.63874,0.42336,0.0018483,0.21168,0.0018483,0.21168,460.486,0,1.02816,0,0,1.3252,0.297043,1.028160,1,0,35.4292,0,0,0,35.4292,0
60.8151,2.73323,0,0,2.00328,0.0899172,0.36288,3.6288,59.7614,0.631184,0,0,0.478171,0.26523,0,0.66528,12.849,1,0.56646,0.36288,0,31.2065,5.60472,25.3982,0.84672,12.849,0.84672,3695.15,0,0.0036966,1.93856e-05,0.261274,1.83002,4.57932,1.25774,5.41286,0.42336,0.0018483,0.21168,0.0018483,0.21168,460.486,0,0.937354,0,0,1.19863,0.261274,1.028160,1,0,30.811,0,0,0,30.811,0
59.7029,2.78805,0,0,2.1112,0.0725008,0.36288,3.6288,59.2979,0.621503,0,0,0.480933,0.322927,0,0.66528,12.849,1,0.589058,0.36288,0,35.0185,5.96004,28.8323,0.84672,12.849,0.84672,3695.15,0,0.0036966,1.92218e-05,0.261274,1.83024,4.50463,1.47113,5.125,0.42336,0.0018483,0.21168,0.0018483,0.21168,460.486,0,0.985556,0,0,1.24683,0.261274,1.028160,1,0,33.9573,0,0,0,33.9573,0
58.6424,2.77935,0,0,2.16066,0.0788565,0.36288,3.6288,58.8731,0.579094,0,0,0.471207,0.316911,0,0.66528,12.849,1,0.59816,0.36288,0,28.0979,5.59136,22.2712,0.84672,12.849,0.84672,3695.15,0,0.0036966,1.80502e-05,0.296542,1.87451,4.29802,1.39932,5.06974,0.42336,0.0018483,0.21168,0.0018483,0.21168,460.486,0,1.02816,0,0,1.3247,0.296542,1.028160,1,0,27.341,0,0,0,27.341,0
57.4091,2.77081,0,0,1.97842,0.0780546,0.36288,3.6288,58.2572,0.73634,0,0,0.436438,0.316049,0,0.66528,12.849,1,0.607105,0.36288,0,26.7068,5.59136,20.8713,0.84672,12.849,0.84672,3695.15,0,0.0036966,2.31171e-05,0.261274,1.87474,3.77791,1.39932,4.51458,0.42336,0.0018483,0.21168,0.0018483,0.21168,460.486,0,0.871102,0,0,1.13238,0.261274,1.028160,1,0,25.3858,0,0,0,25.3858,0
56.3076,2.76048,0,0,2.09033,0.0684576,0.36288,3.6288,57.8588,0.57948,0,0,0.501022,0.319879,0,0.66528,12.849,1,0.617837,0.36288,0,26.1933,5.74091,20.1974,0.84672,12.849,0.84672,3695.15,0,0.0036966,1.83849e-05,0.330713,1.87496,4.99765,1.4292,5.77412,0.42336,0.0018483,0.21168,0.0018483,0.21168,460.486,0,1.02816,0,0,1.35887,0.330713,1.028160,1,0,25.9715,0,0,0,25.9715,0
55.1175,2.82094,0,0,2.06671,0.0729544,0.36288,3.6288,57.4186,0.65041,0,0,0.488045,0.277815,0,0.66528,12.849,1,0.643719,0.36288,0,25.5162,5.63217,19.6032,0.84672,12.849,0.84672,3695.15,0,0.0036966,2.07774e-05,0.342075,1.87519,4.78338,1.43942,5.5612,0.42336,0.0018483,0.21168,0.0018483,0.21168,460.486,0,1.02816,0,0,1.37023,0.342075,1.028160,1,0,25.1644,0,0,0,25.1644,0
53.4685,2.81001,0,0,1.63966,0.115802,0.36288,3.6288,56.7804,0.804097,0,0,0.423931,0.258133,0,0.66528,12.849,1,0.655069,0.36288,0,23.9224,4.99937,18.6309,0.84672,12.849,0.84672,3695.15,0,0.0036966,2.58838e-05,0.227405,1.94617,3.2771,1.32392,4.12673,0.42336,0.0018483,0.21168,0.0018483,0.21168,460.486,0,0.87467,0,0,1.10208,0.227405,1.028160,1,0,22.7576,0,0,0,22.7576,0
52.1748,2.79405,0,0,1.97715,0.113887,0.36288,3.6288,56.2404,0.717115,0,0,0.434275,0.257065,0,0.66528,12.849,1,0.671438,0.36288,0,23.8018,4.99937,18.4939,0.84672,12.849,0.84672,3695.15,0,0.0036966,2.33433e-05,0.227405,1.94641,4.72894,1.32392,5.57881,0.42336,0.0018483,0.21168,0.0018483,0.21168,460.486,0,0.961857,0,0,1.18926,0.227405,1.028160,1,0,24.0727,0,0,0,24.0727,0
50.6542,2.78103,0,0,1.73564,0.112384,0.36288,3.6288,55.687,0.732591,0,0,0.435337,0.256161,0,0.66528,12.849,1,0.684878,0.36288,0,22.4596,4.99937,17.1382,0.84672,12.849,0.84672,3695.15,0,0.0036966,2.40761e-05,0.204422,1.94664,3.47633,1.32392,4.30345,0.42336,0.0018483,0.21168,0.0018483,0.21168,460.486,0,0.946581,0,0,1.151,0.204422,1.028160,1,0,21.4417,0,0,0,21.4417,0
48.7858,2.76496,0,0,1.38251,0.123045,0.36288,3.6288,54.9747,0.834724,0,0,0.377906,0.25547,0,0.66528,12.849,1,0.701362,0.36288,0,21.4085,5.06597,16.004,0.84672,12.849,0.84672,3695.15,0,0.0036966,2.77052e-05,0.204422,1.94688,3.08902,1.31088,3.92942,0.42336,0.0018483,0.21168,0.0018483,0.21168,460.486,0,0.844646,0,0,1.04907,0.204422,1.028160,1,0,19.9334,0,0,0,19.9334,0
47.2827,2.76758,0,0,1.76848,0.14112,0.36288,3.6288,54.323,0.806134,0,0,0.36965,0.215245,0,0.66528,12.849,1,0.728912,0.36288,0,29.5664,4.09289,25.1075,0.84672,12.849,0.84672,3695.15,0,0.0036966,2.7103e-05,0.204422,1.94711,3.90864,0.991668,5.06848,0.42336,0.0018483,0.21168,0.0018483,0.21168,460.486,0,0.857097,0,0,1.06152,0.204422,1.028160,1,0,30.176,0,0,0,30.176,0
45.9899,2.74968,0,0,1.97103,0.151308,0.36288,3.6288,54.0929,0.635276,0,0,0.610636,0.205445,0,0.66528,12.849,1,0.747222,0.36288,0,36.113,3.85959,31.8691,0.84672,12.849,0.84672,3695.15,0,0.0036966,2.16148e-05,0.691537,1.94029,5.67432,0.930334,7.3758,0.42336,0.0018483,0.21168,0.0018483,0.21168,460.486,0,1.02816,0,0,1.7197,0.691537,1.028160,1,0,39.2449,0,0,0,39.2449,0
44.6535,2.73359,0,0,1.90923,0.149156,0.36288,3.6288,53.8637,0.635476,0,0,0.611426,0.205132,0,0.66528,12.849,1,0.763732,0.36288,0,34.6398,3.85959,30.3794,0.84672,12.849,0.84672,3695.15,0,0.0036966,2.17136e-05,0.696341,1.94053,5.19539,0.930334,6.9019,0.42336,0.0018483,0.21168,0.0018483,0.21168,460.486,0,1.02816,0,0,1.7245,0.696341,1.028160,1,0,37.2813,0,0,0,37.2813,0
43.2605,2.71617,0,0,1.833,0.146933,0.36288,3.6288,53.6482,0.635676,0,0,0.624913,0.204821,0,0.66528,12.849,1,0.781575,0.36288,0,33.0082,3.85959,28.7299,0.84672,12.849,0.84672,3695.15,0,0.0036966,2.18128e-05,0.854029,1.94076,5.13747,0.930334,7.00191,0.42336,0.0018483,0.21168,0.0018483,0.21168,460.486,0,1.02816,0,0,1.88219,0.854029,1.028160,1,0,35.7318,0,0,0,35.7318,0
41.805,2.62741,0,0,1.72464,0.189816,0.36288,3.6288,53.5252,0.559315,0,0,0.644928,0.208578,0,0.66528,12.849,1,0.78038,0.36288,0,42.7455,3.70995,38.6181,0.84672,12.849,0.84672,3695.15,0,0.0036966,1.92697e-05,0.834831,1.94099,6.42731,0.955835,8.24728,0.42336,0.0018483,0.21168,0.0018483,0.21168,460.486,0,1.02816,0,0,1.86299,0.834831,1.028160,1,0,46.8654,0,0,0,46.8654,0
39.4697,2.60694,0,0,0.846799,0.212342,0.36288,3.6288,53.096,0.702816,0,0,0.491977,0.218364,0,0.66528,12.849,1,0.801257,0.36288,0,26.6357,3.465,22.7323,0.84672,12.849,0.84672,3695.15,0,0.0036966,2.42692e-05,0.216518,1.86514,3.90418,0.931964,5.05385,0.42336,0.0018483,0.21168,0.0018483,0.21168,460.486,0,0.884845,0,0,1.10136,0.216518,1.028160,1,0,27.7861,0,0,0,27.7861,0
37.6505,2.57148,0,0,1.3218,0.206575,0.36288,3.6288,52.9003,0.559696,0,0,0.581603,0.217618,0,0.66528,12.849,1,0.837123,0.36288,0,35.6936,3.465,31.7543,0.84672,12.849,0.84672,3695.15,0,0.0036966,1.94833e-05,0.328907,1.86536,5.17376,0.931964,6.43605,0.42336,0.0018483,0.21168,0.0018483,0.21168,460.486,0,1.02816,0,0,1.35707,0.328907,1.028160,1,0,38.1904,0,0,0,38.1904,0
37.7284,2.56229,0,0,3.20523,0.202251,0.36288,3.6288,53.5606,0.559887,0,0,1.43752,0.217277,0,0.66528,12.849,1,0.84672,0.36288,0,81.6638,3.465,77.715,0.84672,12.849,0.84672,3695.15,0,0.0036966,1.95621e-05,2.49856,1.86559,8.57792,0.931964,12.0101,0.42336,0.0018483,0.21168,0.0018483,0.21168,460.486,0,1.02816,0,0,3.52672,2.49856,1.028160,1,0,89.7251,0,0,0,89.7251,0
37.0927,2.35173,0,0,2.29426,0.215284,0.36288,3.6288,53.9378,0.400548,0,0,0.998507,0.220781,0,0.66528,12.849,1,0.80092,0.36288,0,53.0792,3.51681,49.1244,0.84672,12.849,0.84672,3695.15,0,0.0036966,1.38223e-05,1.26412,1.86581,5.13353,0.92686,7.33659,0.42336,0.0018483,0.21168,0.0018483,0.21168,460.486,0,1.02816,0,0,2.29228,1.26412,1.028160,1,0,56.461,0,0,0,56.461,0
36.549,2.26337,0,0,2.30364,0.221065,0.36288,3.6288,53.8694,0.506346,0,0,0.642641,0.204712,0,0.66528,12.849,1,0.784035,0.36288,0,83.4736,4.68741,78.3651,0.84672,12.849,0.84672,3695.15,0,0.0036966,1.73511e-05,1.30428,1.69466,6.5869,1.1932,8.39262,0.42336,0.0018483,0.21168,0.0018483,0.21168,460.486,0,1.02816,0,0,2.33244,1.30428,1.028160,1,0,86.7577,0,0,0,86.7577,0
37.2366,2.25514,0,0,3.52521,0.219643,0.36288,3.6288,54.007,0.506346,0,0,0.848524,0.204619,0,0.66528,12.849,1,0.792807,0.36288,0,87.0817,4.68741,81.9644,0.84672,12.849,0.84672,3695.15,0,0.0036966,1.73731e-05,1.2891,1.75668,6.84019,1.1932,8.69274,0.42336,0.0018483,0.21168,0.0018483,0.21168,460.486,0,1.02816,0,0,2.31726,1.2891,1.028160,1,0,90.6571,0,0,0,90.6571,0
38.9831,2.26644,0,0,4.59732,0.221441,0.36288,3.6288,54.3274,0.506346,0,0,1.03163,0.204806,0,0.66528,12.849,1,0.782065,0.36288,0,121.783,4.68741,116.676,0.84672,12.849,0.84672,3695.15,0,0.0036966,1.73289e-05,1.48442,1.75678,11.4823,1.1932,13.5303,0.42336,0.0018483,0.21168,0.0018483,0.21168,460.486,0,1.02816,0,0,2.51258,1.48442,1.028160,1,0,130.206,0,0,0,130.206,0
40.2531,2.29321,0,0,4.13422,0.208224,0.36288,3.6288,55.7517,0.506346,0,0,2.1181,0.18746,0,0.66528,12.849,1,0.75585,0.36288,0,134.872,4.04427,130.435,0.84672,12.849,0.84672,3695.15,0,0.0036966,1.72267e-05,3.31163,1.75688,11.4785,1.11286,15.4341,0.42336,0.0018483,0.21168,0.0018483,0.21168,460.486,0,1.02816,0,0,4.33979,3.31163,1.028160,1,0,145.869,0,0,0,145.869,0
40.4,2.3866,0,0,3.1299,0.233429,0.36288,3.6288,55.7657,0.552563,0,0,0.767613,0.201118,0,0.66528,12.849,1,0.761817,0.36288,0,55.4929,4.45188,50.6421,0.84672,12.849,0.84672,3695.15,0,0.0036966,1.83187e-05,0.849139,1.75699,5.70983,1.20015,7.11578,0.42336,0.0018483,0.21168,0.0018483,0.21168,460.486,0,1.02816,0,0,1.8773,0.849139,1.028160,1,0,57.7579,0,0,0,57.7579,0
42.0501,2.42417,0,0,4.68101,0.243898,0.36288,3.6288,55.7352,0.50634,0,0,0.683014,0.20709,0,0.66528,12.849,1,0.770995,0.36288,0,79.6247,4.6578,74.5588,0.84672,12.849,0.84672,3695.15,0,0.0036966,1.67822e-05,0.640198,1.81131,5.37824,1.24043,6.58931,0.42336,0.0018483,0.21168,0.0018483,0.21168,460.486,0,1.02816,0,0,1.66836,0.640198,1.028160,1,0,81.1481,0,0,0,81.1481,0
45.3407,2.44775,0,0,6.34987,0.248687,0.36288,3.6288,56.4945,0.50634,0,0,1.47269,0.207049,0,0.66528,12.849,1,0.747946,0.36288,0,82.4541,4.6578,77.4112,0.84672,12.849,0.84672,3695.15,0,0.0036966,1.67913e-05,3.64077,1.78436,14.3496,1.24043,18.5343,0.42336,0.0018483,0.21168,0.0018483,0.21168,460.486,0,1.02816,0,0,4.66893,3.64077,1.028160,1,0,95.9455,0,0,0,95.9455,0
48.3832,2.49047,0,0,6.13673,0.240864,0.36288,3.6288,57.1463,0.50634,0,0,1.3687,0.210568,0,0.66528,12.849,1,0.705768,0.36288,0,107.898,4.42035,103.135,0.84672,12.849,0.84672,3695.15,0,0.0036966,1.65656e-05,1.35086,1.78446,11.852,1.28089,13.7064,0.42336,0.0018483,0.21168,0.0018483,0.21168,460.486,0,1.02816,0,0,2.37902,1.35086,1.028160,1,0,116.841,0,0,0,116.841,0
49.7253,2.82268,0,0,4.77828,0.250615,0.36288,3.6288,58.1734,0.621876,0,0,1.85726,0.20829,0,0.66528,12.849,1,0.749612,0.36288,0,92.8351,4.48602,87.9623,0.84672,12.849,0.84672,3695.15,0,0.0036966,2.01135e-05,1.51338,1.78456,10.0489,1.30181,12.045,0.42336,0.0018483,0.21168,0.0018483,0.21168,460.486,0,1.02816,0,0,2.54154,1.51338,1.028160,1,0,100.007,0,0,0,100.007,0
51.4504,2.83908,0,0,5.20344,0.276334,0.36288,3.6288,58.905,0.622061,0,0,1.55278,0.199179,0,0.66528,12.849,1,0.733617,0.36288,0,103.513,4.88764,98.2549,0.84672,12.849,0.84672,3695.15,0,0.0036966,1.97643e-05,1.95853,1.9443,13.9854,1.31365,16.5746,0.42336,0.0018483,0.21168,0.0018483,0.21168,460.486,0,1.02816,0,0,2.98669,1.95853,1.028160,1,0,114.829,0,0,0,114.829,0
53.0925,2.85908,0,0,5.1454,0.28139,0.36288,3.6288,59.5835,0.622245,0,0,1.50086,0.200119,0,0.66528,12.849,1,0.714014,0.36288,0,91.7922,4.88764,86.5534,0.84672,12.849,0.84672,3695.15,0,0.0036966,1.95246e-05,1.91894,1.94452,11.6567,1.31365,14.2064,0.42336,0.0018483,0.21168,0.0018483,0.21168,460.486,0,1.02816,0,0,2.9471,1.91894,1.028160,1,0,100.76,0,0,0,100.76,0
55.7921,2.87718,0,0,6.1932,0.253545,0.36288,3.6288,60.102,0.622429,0,0,1.35963,0.218722,0,0.66528,12.849,1,0.696312,0.36288,0,114.277,4.23749,109.706,0.84672,12.849,0.84672,3695.15,0,0.0036966,1.9308e-05,1.73527,1.94474,11.5476,0.958591,14.269,0.42336,0.0018483,0.21168,0.0018483,0.21168,460.486,0,1.02816,0,0,2.76343,1.73527,1.028160,1,0,123.975,0,0,0,123.975,0
58.944,2.53668,0,0,6.31677,0.265287,0.36288,3.6288,61.0438,0.389544,0,0,1.5514,0.219966,0,0.66528,12.849,1,0.584202,0.36288,0,132.259,4.2713,127.766,0.84672,12.849,0.84672,3695.15,0,0.0036966,1.19795e-05,1.95185,1.94495,11.2711,0.992041,14.1759,0.42336,0.0018483,0.21168,0.0018483,0.21168,460.486,0,1.02816,0,0,2.98001,1.95185,1.028160,1,0,141.942,0,0,0,141.942,0
62.8104,2.56262,0,0,7.07777,0.285823,0.36288,3.6288,61.308,0.389702,0,0,1.65256,0.222592,0.776113,0.66528,12.849,1,0.558617,0.36288,0,145.015,4.35582,140.463,0.84672,12.849,0.84672,3695.15,0,0.0036966,1.17995e-05,2.36607,1.6802,12.3682,1.07567,15.3388,0.42336,0.0018483,0.21168,0.0018483,0.21168,460.486,0,1.02816,0,0,3.39423,2.36607,1.028160,1,0,156.578,0,0,0,156.578,0
67.5554,2.59146,0,0,7.99494,0.295639,0.36288,3.6288,61.308,0.38986,0,0,3.02608,0.222964,2.41326,0.66528,12.849,1,0.53013,0.36288,0,171.748,4.35582,167.225,0.84672,12.849,0.84672,3695.15,0,0.0036966,1.17534e-05,4.19615,1.68038,18.0013,1.07567,22.8021,0.42336,0.0018483,0.21168,0.0018483,0.21168,460.486,0,1.02816,0,0,5.22431,4.19615,1.028160,1,0,192.44,0,0,0,192.44,0
70.3498,2.62304,0,0,6.08748,0.307108,0.36288,3.6288,61.308,0.390018,0,0,1.6473,0.222964,1.03432,0.66528,12.849,1,0.498901,0.36288,0,121.126,4.35582,116.634,0.84672,12.849,0.84672,3695.15,0,0.0036966,1.17582e-05,2.67888,1.68057,12.2606,1.07567,15.5444,0.42336,0.0018483,0.21168,0.0018483,0.21168,460.486,0,1.02816,0,0,3.70704,2.67888,1.028160,1,0,133.213,0,0,0,133.213,0
72.29,2.64009,0,0,5.8433,0.313862,0.949183,3.6288,61.308,0.390177,0,0,2.87239,0.222964,2.25925,0.66528,12.849,1,0.482198,0.949183,0,143.2,4.35582,139.311,0.84672,12.849,0.84672,3695.15,0,0.0036966,1.1763e-05,5.9058,1.68076,22.3082,1.07567,28.8191,0.42336,0.0018483,0.21168,0.0018483,0.21168,460.486,0,1.02816,0,0,6.93396,5.9058,1.028160,1,0,170.39,0,0,0,170.39,0
72.29,2.74826,0,0,4.30816,0.290645,1.26926,3.6288,61.308,0.447384,0,0,1.53049,0.188354,0.894751,0.66528,12.849,1,0.488482,1.26926,0,79.8342,3.38517,77.2298,0.84672,12.849,0.84672,3695.15,0,0.0036966,1.34876e-05,2.14516,1.68095,9.14088,0.791964,12.175,0.42336,0.0018483,0.21168,0.0018483,0.21168,460.486,0,1.02816,0,0,3.17332,2.14516,1.028160,1,0,90.2996,0,0,0,90.2996,0
72.29,2.74856,0,0,3.85878,0.285994,0.824223,3.6288,61.308,0.447549,0,0,1.27925,0.182586,0.649113,0.66528,12.849,1,0.488536,0.824223,0,76.0208,3.2234,73.1331,0.84672,12.849,0.84672,3695.15,0,0.0036966,1.34926e-05,1.69575,1.74659,6.72087,0.74468,9.41852,0.42336,0.0018483,0.21168,0.0018483,0.21168,460.486,0,1.02816,0,0,2.72391,1.69575,1.028160,1,0,83.2007,0,0,0,83.2007,0
72.29,2.74887,0,0,3.89611,0.285994,0.86125,3.6288,61.308,0.447713,0,0,1.82941,0.182586,1.19911,0.66528,12.849,1,0.488591,0.86125,0,88.1055,3.2234,85.2548,0.84672,12.849,0.84672,3695.15,0,0.0036966,1.34976e-05,2.47238,1.74679,7.9882,0.74468,11.4627,0.42336,0.0018483,0.21168,0.0018483,0.21168,460.486,0,1.02816,0,0,3.50054,2.47238,1.028160,1,0,97.9166,0,0,0,97.9166,0
72.2777,2.74918,0,0,3.38573,0.285994,0.36288,3.6288,61.308,0.447878,0,0,1.487,0.182586,0.856532,0.66528,12.849,1,0.488645,0.36288,0,72.9173,3.2234,69.5681,0.84672,12.849,0.84672,3695.15,0,0.0036966,1.35025e-05,1.72496,1.74698,6.30643,0.74468,9.03368,0.42336,0.0018483,0.21168,0.0018483,0.21168,460.486,0,1.02816,0,0,2.75312,1.72496,1.028160,1,0,79.4583,0,0,0,79.4583,0
71.7641,2.71152,0,0,2.80557,0.244801,0.36288,3.6288,61.308,0.425875,0,0,1.03338,0.190023,0.417481,0.66528,12.849,1,0.482034,0.36288,0,58.1587,3.63049,54.409,0.84672,12.849,0.84672,3695.15,0,0.0036966,1.28392e-05,1.24902,1.74718,5.07171,0.893634,7.17425,0.42336,0.0018483,0.21168,0.0018483,0.21168,460.486,0,1.02816,0,0,2.27718,1.24902,1.028160,1,0,62.0008,0,0,0,62.0008,0
71.0459,2.70889,0,0,2.56668,0.213093,0.36288,3.6288,61.308,0.426038,0,0,1.02855,0.195601,0.406911,0.66528,12.849,1,0.485014,0.36288,0,51.6016,3.93582,47.5437,0.84672,12.849,0.84672,3695.15,0,0.0036966,1.28441e-05,1.56609,1.72188,7.21651,1.00535,9.49912,0.42336,0.0018483,0.21168,0.0018483,0.21168,460.486,0,1.02816,0,0,2.59425,1.56609,1.028160,1,0,57.4497,0,0,0,57.4497,0
70.7578,2.70504,0,0,2.99176,0.211927,0.36288,3.6288,61.308,0.4262,0,0,1.09825,0.195601,0.476447,0.66528,12.849,1,0.48922,0.36288,0,53.2867,3.93582,49.2245,0.84672,12.849,0.84672,3695.15,0,0.0036966,1.2849e-05,1.56134,1.72207,6.18768,1.00535,8.46574,0.42336,0.0018483,0.21168,0.0018483,0.21168,460.486,0,1.02816,0,0,2.5895,1.56134,1.028160,1,0,58.1667,0,0,0,58.1667,0
70.8532,2.70366,0,0,3.3509,0.188891,0.36288,3.6288,61.308,0.426362,0,0,1.12994,0.200956,0.502621,0.66528,12.849,1,0.490961,0.36288,0,63.9977,4.09836,59.7712,0.84672,12.849,0.84672,3695.15,0,0.0036966,1.28539e-05,1.67743,1.72227,5.96522,0.975261,8.38964,0.42336,0.0018483,0.21168,0.0018483,0.21168,460.486,0,1.02816,0,0,2.70559,1.67743,1.028160,1,0,68.6635,0,0,0,68.6635,0
69.8299,2.83281,0,0,2.32634,0.153997,0.36288,3.6288,61.308,0.50517,0,0,1.00072,0.211135,0.284414,0.66528,12.849,1,0.513721,0.36288,0,47.6452,4.33794,43.1564,0.84672,12.849,0.84672,3695.15,0,0.0036966,1.52298e-05,1.37421,1.72246,5.47486,0.938558,7.63295,0.42336,0.0018483,0.21168,0.0018483,0.21168,460.486,0,1.02816,0,0,2.40237,1.37421,1.028160,1,0,51.0738,0,0,0,51.0738,0
68.9261,2.82677,0,0,2.40932,0.123504,0.36288,3.6288,61.308,0.505341,0,0,0.937976,0.229365,0.20327,0.66528,12.849,1,0.520138,0.36288,0,45.4325,4.4751,40.8001,0.84672,12.849,0.84672,3695.15,0,0.0036966,1.52349e-05,1.25018,1.81182,5.10311,0.959052,7.20604,0.42336,0.0018483,0.21168,0.0018483,0.21168,460.486,0,1.02816,0,0,2.27834,1.25018,1.028160,1,0,48.2094,0,0,0,48.2094,0
67.7634,2.82133,0,0,2.14418,0.122641,0.36288,3.6288,61.308,0.505512,0,0,0.860587,0.229365,0.12571,0.66528,12.849,1,0.525945,0.36288,0,40.9705,4.4751,36.3324,0.84672,12.849,0.84672,3695.15,0,0.0036966,1.52401e-05,1.04864,1.81202,4.91768,0.959052,6.81927,0.42336,0.0018483,0.21168,0.0018483,0.21168,460.486,0,1.02816,0,0,2.0768,1.04864,1.028160,1,0,43.2773,0,0,0,43.2773,0
66.5387,2.81406,0,0,2.02513,0.0728715,0.36288,3.6288,61.308,0.505683,0,0,0.826502,0.262417,0.0584025,0.66528,12.849,1,0.53359,0.36288,0,36.5174,4.84995,31.4967,0.84672,12.849,0.84672,3695.15,0,0.0036966,1.52452e-05,0.970307,1.81222,4.68361,1.05483,6.4113,0.42336,0.0018483,0.21168,0.0018483,0.21168,460.486,0,1.02816,0,0,1.99847,0.970307,1.028160,1,0,37.9664,0,0,0,37.9664,0
65.2021,2.80614,0,0,1.90458,0.0721703,0.36288,3.6288,61.308,0.505854,0,0,0.787666,0.262417,0.0193947,0.66528,12.849,1,0.541882,0.36288,0,35.9897,4.84995,30.9608,0.84672,12.849,0.84672,3695.15,0,0.0036966,1.52504e-05,0.825008,1.81242,4.82319,1.05483,6.40578,0.42336,0.0018483,0.21168,0.0018483,0.21168,460.486,0,1.02816,0,0,1.85317,0.825008,1.028160,1,0,37.386,0,0,0,37.386,0
64.4354,2.77212,0,0,2.45727,0.0889537,0.36288,3.6288,61.2333,0.549275,0,0,0.752553,0.277929,0,0.66528,12.849,1,0.546286,0.36288,0,34.9562,5.25837,29.5145,0.84672,12.849,0.84672,3695.15,0,0.0036966,1.65594e-05,0.535758,1.81263,3.55025,1.24177,4.65685,0.42336,0.0018483,0.21168,0.0018483,0.21168,460.486,0,1.02816,0,0,1.56392,0.535758,1.028160,1,0,34.1713,0,0,0,34.1713,0
63.6572,2.76701,0,0,2.44306,0.0913136,0.36288,3.6288,61.1245,0.549451,0,0,0.720982,0.280382,0,0.66528,12.849,1,0.551767,0.36288,0,34.5728,5.32644,29.0575,0.84672,12.849,0.84672,3695.15,0,0.0036966,1.65849e-05,0.393059,1.84062,3.44803,1.27292,4.40878,0.42336,0.0018483,0.21168,0.0018483,0.21168,460.486,0,1.02816,0,0,1.42122,0.393059,1.028160,1,0,33.4662,0,0,0,33.4662,0
62.6755,2.7617,0,0,2.23362,0.0907403,0.36288,3.6288,60.9984,0.549627,0,0,0.703685,0.280189,0,0.66528,12.849,1,0.557441,0.36288,0,34.0846,5.32644,28.5636,0.84672,12.849,0.84672,3695.15,0,0.0036966,1.66198e-05,0.419144,1.84083,3.40564,1.27292,4.39267,0.42336,0.0018483,0.21168,0.0018483,0.21168,460.486,0,1.02816,0,0,1.4473,0.419144,1.028160,1,0,32.9563,0,0,0,32.9563,0
61.5093,2.75476,0,0,2.04137,0.090017,0.36288,3.6288,60.7741,0.602349,0,0,0.658057,0.279965,0,0.66528,12.849,1,0.564749,0.36288,0,32.0597,5.32644,26.5314,0.84672,12.849,0.84672,3695.15,0,0.0036966,1.82517e-05,0.261274,1.84103,3.24073,1.27292,4.0701,0.42336,0.0018483,0.21168,0.0018483,0.21168,460.486,0,0.975611,0,0,1.23689,0.261274,1.028160,1,0,30.6015,0,0,0,30.6015,0
60.128,2.8103,0,0,1.87406,0.082135,0.36288,3.6288,60.2697,0.74695,0,0,0.547117,0.30459,0,0.66528,12.849,1,0.587059,0.36288,0,28.6556,5.76765,22.6638,0.84672,12.849,0.84672,3695.15,0,0.0036966,2.27167e-05,0.261274,1.84124,2.86121,1.40354,3.56016,0.42336,0.0018483,0.21168,0.0018483,0.21168,460.486,0,0.869746,0,0,1.13102,0.261274,1.028160,1,0,26.2239,0,0,0,26.2239,0
58.6245,2.7995,0,0,1.74092,0.0820043,0.36288,3.6288,59.4756,0.90236,0,0,0.419725,0.311444,0,0.66528,12.849,1,0.598237,0.36288,0,27.0807,6.02658,20.8188,0.84672,12.849,0.84672,3695.15,0,0.0036966,2.76728e-05,0.261274,1.88576,2.3635,1.45749,3.05301,0.42336,0.0018483,0.21168,0.0018483,0.21168,460.486,0,0.714511,0,0,0.975784,0.261274,1.028160,1,0,23.8718,0,0,0,23.8718,0
56.9786,2.78723,0,0,1.58503,0.0808267,0.36288,3.6288,58.5115,1.05267,0,0,0.398472,0.30987,0,0.66528,12.849,1,0.610889,0.36288,0,24.6804,6.02658,18.4058,0.84672,12.849,0.84672,3695.15,0,0.0036966,3.27135e-05,0.261274,1.88597,2.20461,1.45749,2.89433,0.42336,0.0018483,0.21168,0.0018483,0.21168,460.486,0,0.564373,0,0,0.825647,0.261274,1.028160,1,0,21.3002,0,0,0,21.3002,0
55.6351,2.77314,0,0,1.86092,0.068449,0.36288,3.6288,58.0637,0.64809,0,0,0.497789,0.297566,0,0.66528,12.849,1,0.625358,0.36288,0,25.7992,6.20143,19.3353,0.84672,12.849,0.84672,3695.15,0,0.0036966,2.04723e-05,0.227405,1.88618,3.34884,1.50534,3.95707,0.42336,0.0018483,0.21168,0.0018483,0.21168,460.486,0,0.969149,0,0,1.19655,0.227405,1.028160,1,0,23.2924,0,0,0,23.2924,0
54.2872,2.8314,0,0,1.90926,0.0628866,0.36288,3.6288,57.6094,0.679375,0,0,0.502029,0.27697,0,0.66528,12.849,1,0.653917,0.36288,0,26.5277,6.2601,19.9766,0.84672,12.849,0.84672,3695.15,0,0.0036966,2.16261e-05,0.227405,1.88639,2.82776,1.53427,3.40726,0.42336,0.0018483,0.21168,0.0018483,0.21168,460.486,0,1.0092,0,0,1.23661,0.227405,1.028160,1,0,23.3839,0,0,0,23.3839,0
52.6176,2.81859,0,0,1.59318,0.081304,0.36288,3.6288,56.6583,1.00132,0,0,0.344837,0.294625,0,0.66528,12.849,1,0.66712,0.36288,0,21.9339,6.0063,15.6234,0.84672,12.849,0.84672,3695.15,0,0.0036966,3.21255e-05,0.227405,1.95778,2.18326,1.44092,2.92749,0.42336,0.0018483,0.21168,0.0018483,0.21168,460.486,0,0.687442,0,0,0.914846,0.227405,1.028160,1,0,18.5509,0,0,0,18.5509,0
51.1572,2.80188,0,0,1.78021,0.0758033,0.36288,3.6288,56.0192,0.767505,0,0,0.42375,0.295325,0,0.66528,12.849,1,0.684209,0.36288,0,27.9106,6.08108,21.5082,0.84672,12.849,0.84672,3695.15,0,0.0036966,2.50375e-05,0.227405,1.958,2.31741,1.45586,3.04693,0.42336,0.0018483,0.21168,0.0018483,0.21168,460.486,0,0.921447,0,0,1.14885,0.227405,1.028160,1,0,24.5551,0,0,0,24.5551,0
49.3395,2.78658,0,0,1.40643,0.0746642,0.36288,3.6288,54.9639,1.07048,0,0,0.309321,0.294095,0,0.66528,12.849,1,0.699897,0.36288,0,28.8029,6.08108,22.3848,0.84672,12.849,0.84672,3695.15,0,0.0036966,3.53195e-05,0.204422,1.95822,1.83624,1.45586,2.54299,0.42336,0.0018483,0.21168,0.0018483,0.21168,460.486,0,0.61865,0,0,0.823072,0.204422,1.028160,1,0,24.9278,0,0,0,24.9278,0
47.8788,2.76643,0,0,1.74188,0.0732452,0.36288,3.6288,54.5253,0.661172,0,0,0.514607,0.292065,0,0.66528,12.849,1,0.720434,0.36288,0,25.526,6.08108,19.0874,0.84672,12.849,0.84672,3695.15,0,0.0036966,2.22336e-05,0.439845,1.95843,2.75933,1.45586,3.70173,0.42336,0.0018483,0.21168,0.0018483,0.21168,460.486,0,1.02816,0,0,1.46801,0.439845,1.028160,1,0,22.7891,0,0,0,22.7891,0
46.3845,2.77301,0,0,1.7199,0.0783204,0.36288,3.6288,54.0098,0.644922,0,0,0.405264,0.275839,0,0.66528,12.849,1,0.744178,0.36288,0,28.6985,5.68365,22.6335,0.84672,12.849,0.84672,3695.15,0,0.0036966,2.18616e-05,0.334135,1.95865,1.95223,1.25955,2.98544,0.42336,0.0018483,0.21168,0.0018483,0.21168,460.486,0,1.02816,0,0,1.36229,0.334135,1.028160,1,0,25.6189,0,0,0,25.6189,0
44.8675,2.75454,0,0,1.67988,0.0794913,0.36288,3.6288,53.7257,0.645108,0,0,0.629784,0.268768,0,0.66528,12.849,1,0.763036,0.36288,0,26.3816,5.52468,20.4568,0.84672,12.849,0.84672,3695.15,0,0.0036966,2.20766e-05,1.54247,1.95178,1.98796,1.18103,4.30116,0.42336,0.0018483,0.21168,0.0018483,0.21168,460.486,0,1.02816,0,0,2.57063,1.54247,1.028160,1,0,24.758,0,0,0,24.758,0
43.1739,2.73479,0,0,1.48224,0.0781518,0.36288,3.6288,53.1777,0.645294,0,0,0.365501,0.268225,0,0.66528,12.849,1,0.783178,0.36288,0,27.0228,5.52468,21.0778,0.84672,12.849,0.84672,3695.15,0,0.0036966,2.21998e-05,0.585775,1.952,1.52696,1.18103,2.88367,0.42336,0.0018483,0.21168,0.0018483,0.21168,460.486,0,1.02816,0,0,1.61393,0.585775,1.028160,1,0,23.9615,0,0,0,23.9615,0
41.2479,2.71141,0,0,1.22488,0.0766564,0.36288,3.6288,52.5871,0.645481,0,0,0.322,0.267056,0,0.66528,12.849,1,0.806943,0.36288,0,24.9501,5.52468,18.9813,0.84672,12.849,0.84672,3695.15,0,0.0036966,2.2435e-05,0.406901,1.95222,1.41408,1.18103,2.59214,0.42336,0.0018483,0.21168,0.0018483,0.21168,460.486,0,1.02816,0,0,1.43506,0.406901,1.028160,1,0,21.5735,0,0,0,21.5735,0
40.0821,2.61367,0,0,1.93285,0.122054,0.36288,3.6288,52.273,0.568656,0,0,0.451106,0.196578,0,0.66528,12.849,1,0.814176,0.36288,0,28.856,4.4088,23.9959,0.84672,12.849,0.84672,3695.15,0,0.0036966,1.99868e-05,0.498243,1.95243,1.66815,0.892338,3.22647,0.42336,0.0018483,0.21168,0.0018483,0.21168,460.486,0,1.02816,0,0,1.5264,0.498243,1.028160,1,0,27.2223,0,0,0,27.2223,0
39.2775,2.59602,0,0,2.26796,0.113636,0.36288,3.6288,52.2118,0.568834,0,0,0.677066,0.169419,0,0.66528,12.849,1,0.832199,0.36288,0,31.457,3.83816,27.1496,0.84672,12.849,0.84672,3695.15,0,0.0036966,2.01132e-05,0.866488,1.87612,2.65053,0.901634,4.49148,0.42336,0.0018483,0.21168,0.0018483,0.21168,460.486,0,1.02816,0,0,1.89465,0.866488,1.028160,1,0,31.641,0,0,0,31.641,0
38.9248,2.58346,0,0,2.77596,0.18237,0.36288,3.6288,51.973,0.569012,0,0,0.489895,0.159729,0,0.66528,12.849,1,0.845138,0.36288,0,40.3843,3.9355,35.9665,0.84672,12.849,0.84672,3695.15,0,0.0036966,2.0143e-05,0.445159,1.87632,2.40375,1.02565,3.69957,0.42336,0.0018483,0.21168,0.0018483,0.21168,460.486,0,1.02816,0,0,1.47332,0.445159,1.028160,1,0,39.6661,0,0,0,39.6661,0
38.6564,2.58226,0,0,2.85838,0.181628,0.36288,3.6288,51.9589,0.56919,0,0,0.714525,0.159422,0,0.66528,12.849,1,0.84672,0.36288,0,40.973,3.9355,36.5537,0.84672,12.849,0.84672,3695.15,0,0.0036966,2.02419e-05,1.88369,1.87653,3.30757,1.02565,6.04213,0.42336,0.0018483,0.21168,0.0018483,0.21168,460.486,0,1.02816,0,0,2.91185,1.88369,1.028160,1,0,42.5958,0,0,0,42.5958,0
43.7437,2.38,0,0,8.01128,0.181064,0.36288,3.6288,53.5299,0.408905,0,0,2.13935,0.159403,0,0.66528,12.849,1,0.79109,0.36288,0,126.909,3.9355,122.545,0.84672,12.849,0.84672,3695.15,0,0.0036966,1.45457e-05,4.88167,1.87674,6.86646,1.02565,12.5992,0.42336,0.0018483,0.21168,0.0018483,0.21168,460.486,0,1.02816,0,0,5.90983,4.88167,1.028160,1,0,135.144,0,0,0,135.144,0
43.6578,2.37621,0,0,2.86772,0.214558,0.36288,3.6288,53.6234,0.506335,0,0,0.771409,0.171569,0,0.66528,12.849,1,0.697974,0.36288,0,43.4368,4.02266,39.0791,0.84672,12.849,0.84672,3695.15,0,0.0036966,1.74829e-05,1.00215,1.70457,3.3035,0.881862,5.12834,0.42336,0.0018483,0.21168,0.0018483,0.21168,460.486,0,1.02816,0,0,2.03031,1.00215,1.028160,1,0,44.2074,0,0,0,44.2074,0
45.4994,2.37555,0,0,4.79542,0.215359,0.36288,3.6288,54.1936,0.506335,0,0,1.26343,0.186982,0,0.66528,12.849,1,0.699152,0.36288,0,73.1929,4.26352,68.5931,0.84672,12.849,0.84672,3695.15,0,0.0036966,1.74524e-05,1.9548,1.76169,4.78867,0.976864,7.52827,0.42336,0.0018483,0.21168,0.0018483,0.21168,460.486,0,1.02816,0,0,2.98296,1.9548,1.028160,1,0,76.1214,0,0,0,76.1214,0
46.9802,2.39802,0,0,4.45697,0.215335,0.36288,3.6288,54.4926,0.506335,0,0,1.03692,0.231534,0,0.66528,12.849,1,0.677199,0.36288,0,67.2598,4.70057,62.2449,0.84672,12.849,0.84672,3695.15,0,0.0036966,1.72688e-05,1.09425,1.76178,4.7199,1.1361,6.43981,0.42336,0.0018483,0.21168,0.0018483,0.21168,460.486,0,1.02816,0,0,2.12241,1.09425,1.028160,1,0,68.6847,0,0,0,68.6847,0
50.2698,2.49119,0,0,6.34303,0.199304,0.36288,3.6288,55.5766,0.409546,0,0,1.69443,0.200914,0,0.66528,12.849,1,0.681336,0.36288,0,94.9104,3.75134,90.8406,0.84672,12.849,0.84672,3695.15,0,0.0036966,1.38911e-05,2.96768,1.76188,7.52668,0.822088,11.4341,0.42336,0.0018483,0.21168,0.0018483,0.21168,460.486,0,1.02816,0,0,3.99584,2.96768,1.028160,1,0,102.275,0,0,0,102.275,0
57.1739,2.5267,0,0,9.99976,0.206146,0.36288,3.6288,56.6347,0.409547,0,0,1.6819,0.214246,0,0.66528,12.849,1,0.645827,0.36288,0,138.203,4.01389,133.906,0.84672,12.849,0.84672,3695.15,0,0.0036966,1.36202e-05,4.54712,1.70533,10.6199,0.993182,15.8791,0.42336,0.0018483,0.21168,0.0018483,0.21168,460.486,0,1.02816,0,0,5.57528,4.54712,1.028160,1,0,149.785,0,0,0,149.785,0
59.4983,2.67182,0,0,5.58002,0.220852,0.36288,3.6288,57.1956,0.456192,0,0,1.24186,0.224714,0,0.66528,12.849,1,0.600454,0.36288,0,141.962,4.21081,137.514,0.84672,12.849,0.84672,3695.15,0,0.0036966,1.4888e-05,3.34879,1.70533,8.75968,1.1215,12.6923,0.42336,0.0018483,0.21168,0.0018483,0.21168,460.486,0,1.02816,0,0,4.37695,3.34879,1.028160,1,0,150.206,0,0,0,150.206,0
61.9747,2.69139,0,0,5.75651,0.225897,0.36288,3.6288,57.8213,0.456345,0,0,1.30752,0.225536,0,0.66528,12.849,1,0.581222,0.36288,0,118.874,4.21081,114.445,0.84672,12.849,0.84672,3695.15,0,0.0036966,1.4747e-05,3.08884,1.76006,9.84217,1.1215,13.5696,0.42336,0.0018483,0.21168,0.0018483,0.21168,460.486,0,1.02816,0,0,4.117,3.08884,1.028160,1,0,128.015,0,0,0,128.015,0
65.6143,2.71091,0,0,6.9659,0.252484,0.36288,3.6288,59.4524,0.456498,0,0,2.30238,0.214733,0,0.66528,12.849,1,0.562044,0.36288,0,213.037,4.19886,208.639,0.84672,12.849,0.84672,3695.15,0,0.0036966,1.45923e-05,3.94562,1.76024,10.4697,1.20344,14.9721,0.42336,0.0018483,0.21168,0.0018483,0.21168,460.486,0,1.02816,0,0,4.97378,3.94562,1.028160,1,0,223.611,0,0,0,223.611,0
66.792,2.73727,0,0,4.53317,0.255275,0.36288,3.6288,60.4806,0.456651,0,0,1.66846,0.18367,0,0.66528,12.849,1,0.536029,0.36288,0,142.117,3.72264,138.221,0.84672,12.849,0.84672,3695.15,0,0.0036966,1.41967e-05,2.69448,1.76043,7.48595,0.998907,10.9419,0.42336,0.0018483,0.21168,0.0018483,0.21168,460.486,0,1.02816,0,0,3.72264,2.69448,1.028160,1,0,149.163,0,0,0,149.163,0
68.5949,3.01327,0,0,5.40342,0.224389,0.36288,3.6288,61.2079,0.631401,0,0,1.54774,0.188983,0,0.66528,12.849,1,0.579672,0.36288,0,131.142,3.68844,127.237,0.84672,12.849,0.84672,3695.15,0,0.0036966,1.92958e-05,3.10703,1.76061,12.6085,0.994319,16.4818,0.42336,0.0018483,0.21168,0.0018483,0.21168,460.486,0,1.02816,0,0,4.13519,3.10703,1.028160,1,0,143.719,0,0,0,143.719,0
68.3365,3.02641,0,0,3.3585,0.227592,0.36288,3.6288,61.308,0.631572,0,0,1.65364,0.189857,0.732132,0.66528,12.849,1,0.566899,0.36288,0,76.9643,3.68844,73.0718,0.84672,12.849,0.84672,3695.15,0,0.0036966,1.90716e-05,2.4496,1.95552,7.55581,0.994319,10.9666,0.42336,0.0018483,0.21168,0.0018483,0.21168,460.486,0,1.02816,0,0,3.47776,2.4496,1.028160,1,0,84.7705,0,0,0,84.7705,0
67.2867,3.02492,0,0,2.56509,0.227133,0.36288,3.6288,61.308,0.631743,0,0,1.07705,0.189977,0.255325,0.66528,12.849,1,0.568761,0.36288,0,53.7051,3.68844,49.8108,0.84672,12.849,0.84672,3695.15,0,0.0036966,1.90457e-05,0.679406,1.95573,4.63487,0.994319,6.27566,0.42336,0.0018483,0.21168,0.0018483,0.21168,460.486,0,1.02816,0,0,1.70757,0.679406,1.028160,1,0,56.3418,0,0,0,56.3418,0
66.1297,3.01778,0,0,2.45785,0.234225,0.36288,3.6288,61.308,0.631914,0,0,1.12033,0.188825,0.299592,0.66528,12.849,1,0.576272,0.36288,0,50.8269,3.57883,47.0346,0.84672,12.849,0.84672,3695.15,0,0.0036966,1.90508e-05,0.734054,1.95593,4.68345,0.967902,6.40551,0.42336,0.0018483,0.21168,0.0018483,0.21168,460.486,0,1.02816,0,0,1.76221,0.734054,1.028160,1,0,53.7397,0,0,0,53.7397,0
68.6222,2.62815,0,0,5.76894,0.285342,0.36288,3.6288,61.308,0.397678,0,0,2.35145,0.181916,1.77186,0.66528,12.849,1,0.51065,0.36288,0,128.195,2.92121,125.126,0.84672,12.849,0.84672,3695.15,0,0.0036966,1.19891e-05,3.65615,1.95613,10.6691,0.809399,15.472,0.42336,0.0018483,0.21168,0.0018483,0.21168,460.486,0,1.02816,0,0,4.68431,3.65615,1.028160,1,0,142.37,0,0,0,142.37,0
70.2673,2.64405,0,0,4.94301,0.291003,0.36288,3.6288,61.308,0.397825,0,0,1.86157,0.181916,1.28182,0.66528,12.849,1,0.495079,0.36288,0,123.151,2.92121,120.098,0.84672,12.849,0.84672,3695.15,0,0.0036966,1.19935e-05,2.7241,1.68984,10.0014,0.809399,13.6059,0.42336,0.0018483,0.21168,0.0018483,0.21168,460.486,0,1.02816,0,0,3.75226,2.7241,1.028160,1,0,134.985,0,0,0,134.985,0
71.8917,2.65412,0,0,4.90725,0.265894,0.36288,3.6288,61.308,0.397972,0,0,2.00454,0.182167,1.4244,0.66528,12.849,1,0.48533,0.36288,0,139.417,3.10934,136.185,0.84672,12.849,0.84672,3695.15,0,0.0036966,1.1998e-05,3.77299,1.69001,8.71664,0.868552,13.3111,0.42336,0.0018483,0.21168,0.0018483,0.21168,460.486,0,1.02816,0,0,4.80115,3.77299,1.028160,1,0,150.92,0,0,0,150.92,0
72.29,2.6637,0,0,5.26736,0.272356,1.93295,3.6288,61.308,0.398119,0,0,2.28812,0.203344,1.68666,0.66528,12.849,1,0.476076,1.93295,0,108.157,4.15882,105.455,0.84672,12.849,0.84672,3695.15,0,0.0036966,1.20024e-05,3.54277,1.69019,9.57105,1.01984,13.7842,0.42336,0.0018483,0.21168,0.0018483,0.21168,460.486,0,1.02816,0,0,4.57093,3.54277,1.028160,1,0,120.926,0,0,0,120.926,0
72.29,2.6662,0,0,5.18988,0.309276,2.21439,3.6288,61.308,0.398266,0,0,2.43494,0.157655,1.87902,0.66528,12.849,1,0.473898,2.21439,0,100.193,3.60848,98.3249,0.84672,12.849,0.84672,3695.15,0,0.0036966,1.20068e-05,3.54675,1.69036,9.6082,0.791343,14.054,0.42336,0.0018483,0.21168,0.0018483,0.21168,460.486,0,1.02816,0,0,4.57491,3.54675,1.028160,1,0,114.258,0,0,0,114.258,0
72.29,2.76391,0,0,5.40091,0.324588,2.31241,3.6288,61.308,0.455787,0,0,3.56827,0.145849,2.96663,0.66528,12.849,1,0.491263,2.31241,0,114.48,3.3977,112.903,0.84672,12.849,0.84672,3695.15,0,0.0036966,1.3741e-05,4.31007,1.69053,10.2222,0.725226,15.4976,0.42336,0.0018483,0.21168,0.0018483,0.21168,460.486,0,1.02816,0,0,5.33823,4.31007,1.028160,1,0,131.368,0,0,0,131.368,0
72.29,2.76419,0,0,3.89172,0.324588,0.802944,3.6288,61.308,0.45594,0,0,1.89295,0.145849,1.29117,0.66528,12.849,1,0.491314,0.802944,0,73.2223,3.3977,70.1362,0.84672,12.849,0.84672,3695.15,0,0.0036966,1.37456e-05,2.51923,1.75654,8.01213,0.725226,11.5627,0.42336,0.0018483,0.21168,0.0018483,0.21168,460.486,0,1.02816,0,0,3.54739,2.51923,1.028160,1,0,82.99,0,0,0,82.99,0
72.29,2.76448,0,0,3.59963,0.324588,0.510567,3.6288,61.308,0.456093,0,0,2.14003,0.145849,1.53809,0.66528,12.849,1,0.491365,0.510567,0,84.0413,3.3977,80.6628,0.84672,12.849,0.84672,3695.15,0,0.0036966,1.37502e-05,2.63073,1.75672,8.30434,0.725226,11.9666,0.42336,0.0018483,0.21168,0.0018483,0.21168,460.486,0,1.02816,0,0,3.65889,2.63073,1.028160,1,0,94.1674,0,0,0,94.1674,0
71.9399,2.76476,0,0,3.04984,0.272351,0.36288,3.6288,61.308,0.456246,0,0,1.55494,0.18594,0.912755,0.66528,12.849,1,0.491415,0.36288,0,69.9348,3.96022,65.8461,0.84672,12.849,0.84672,3695.15,0,0.0036966,1.37548e-05,1.56634,1.7569,6.30175,0.858849,8.76612,0.42336,0.0018483,0.21168,0.0018483,0.21168,460.486,0,1.02816,0,0,2.5945,1.56634,1.028160,1,0,75.525,0,0,0,75.525,0
70.9179,2.72493,0,0,2.35111,0.285269,0.36288,3.6288,61.308,0.434106,0,0,1.14443,0.19499,0.515333,0.66528,12.849,1,0.486694,0.36288,0,48.731,4.16735,44.4398,0.84672,12.849,0.84672,3695.15,0,0.0036966,1.30873e-05,0.789005,1.75708,4.54472,0.930143,6.16065,0.42336,0.0018483,0.21168,0.0018483,0.21168,460.486,0,1.02816,0,0,1.81716,0.789005,1.028160,1,0,51.1158,0,0,0,51.1158,0
69.9761,2.71928,0,0,2.42345,0.283051,0.36288,3.6288,61.308,0.434257,0,0,1.20773,0.19499,0.578487,0.66528,12.849,1,0.492682,0.36288,0,46.9371,4.16735,42.6399,0.84672,12.849,0.84672,3695.15,0,0.0036966,1.30919e-05,0.774153,1.73163,3.91897,0.930143,5.4946,0.42336,0.0018483,0.21168,0.0018483,0.21168,460.486,0,1.02816,0,0,1.80231,0.774153,1.028160,1,0,48.713,0,0,0,48.713,0
69.9635,2.71395,0,0,3.33023,0.266052,0.36288,3.6288,61.308,0.434407,0,0,1.32818,0.19856,0.695217,0.66528,12.849,1,0.498336,0.36288,0,61.1976,4.2757,56.7864,0.84672,12.849,0.84672,3695.15,0,0.0036966,1.30964e-05,0.993401,1.73181,3.91451,0.910084,5.72962,0.42336,0.0018483,0.21168,0.0018483,0.21168,460.486,0,1.02816,0,0,2.02156,0.993401,1.028160,1,0,63.2112,0,0,0,63.2112,0
68.7794,2.71416,0,0,2.12163,0.228643,0.36288,3.6288,61.308,0.434558,0,0,1.12063,0.207486,0.478582,0.66528,12.849,1,0.498463,0.36288,0,44.7941,4.5466,40.1119,0.84672,12.849,0.84672,3695.15,0,0.0036966,1.3101e-05,0.643585,1.73199,3.47245,0.859936,4.98807,0.42336,0.0018483,0.21168,0.0018483,0.21168,460.486,0,1.02816,0,0,1.67174,0.643585,1.028160,1,0,45.5785,0,0,0,45.5785,0
67.7358,2.83563,0,0,2.3654,0.210524,0.36288,3.6288,61.308,0.513797,0,0,0.923988,0.225057,0.185133,0.66528,12.849,1,0.529736,0.36288,0,44.1031,4.4349,39.5013,0.84672,12.849,0.84672,3695.15,0,0.0036966,1.54898e-05,0.548225,1.73216,3.2291,1.01661,4.49286,0.42336,0.0018483,0.21168,0.0018483,0.21168,460.486,0,1.02816,0,0,1.57639,0.548225,1.028160,1,0,44.1793,0,0,0,44.1793,0
66.5254,2.82906,0,0,2.16075,0.179193,0.36288,3.6288,61.308,0.513956,0,0,0.916212,0.228706,0.17355,0.66528,12.849,1,0.536652,0.36288,0,39.4179,4.5486,34.6956,0.84672,12.849,0.84672,3695.15,0,0.0036966,1.54946e-05,0.547837,1.82201,3.08447,0.981088,4.47322,0.42336,0.0018483,0.21168,0.0018483,0.21168,460.486,0,1.02816,0,0,1.576,0.547837,1.028160,1,0,39.3423,0,0,0,39.3423,0
65.2818,2.82116,0,0,2.11791,0.177489,0.36288,3.6288,61.308,0.514115,0,0,0.990904,0.228706,0.248084,0.66528,12.849,1,0.544891,0.36288,0,37.7611,4.5486,33.0305,0.84672,12.849,0.84672,3695.15,0,0.0036966,1.54994e-05,0.51808,1.8222,3.32361,0.981088,4.68279,0.42336,0.0018483,0.21168,0.0018483,0.21168,460.486,0,1.02816,0,0,1.54624,0.51808,1.028160,1,0,37.9614,0,0,0,37.9614,0
63.9071,2.81278,0,0,1.97673,0.175737,0.36288,3.6288,61.308,0.514274,0,0,0.905576,0.228706,0.162596,0.66528,12.849,1,0.553621,0.36288,0,35.2995,4.5486,30.5602,0.84672,12.849,0.84672,3695.15,0,0.0036966,1.55042e-05,0.407117,1.82239,2.9431,0.981088,4.1915,0.42336,0.0018483,0.21168,0.0018483,0.21168,460.486,0,1.02816,0,0,1.43528,0.407117,1.028160,1,0,34.9143,0,0,0,34.9143,0
62.7926,2.80315,0,0,2.1855,0.133976,0.36288,3.6288,61.308,0.514433,0,0,1.04062,0.230045,0.296141,0.66528,12.849,1,0.563594,0.36288,0,39.2263,4.90125,34.1243,0.84672,12.849,0.84672,3695.15,0,0.0036966,1.5509e-05,1.00664,1.82257,4.81602,1.11944,6.52578,0.42336,0.0018483,0.21168,0.0018483,0.21168,460.486,0,1.02816,0,0,2.0348,1.00664,1.028160,1,0,40.9462,0,0,0,40.9462,0
61.6776,2.7701,0,0,2.13493,0.116979,0.36288,3.6288,61.308,0.558082,0,0,1.08219,0.230581,0.293523,0.66528,12.849,1,0.566834,0.36288,0,41.4834,5.04231,36.2371,0.84672,12.849,0.84672,3695.15,0,0.0036966,1.68249e-05,1.27268,1.82276,5.61511,1.17478,7.53575,0.42336,0.0018483,0.21168,0.0018483,0.21168,460.486,0,1.02816,0,0,2.30084,1.27268,1.028160,1,0,44.0664,0,0,0,44.0664,0
60.375,2.7619,0,0,1.93815,0.115913,0.36288,3.6288,61.308,0.558246,0,0,1.02232,0.230581,0.233493,0.66528,12.849,1,0.575374,0.36288,0,40.2506,5.04231,34.9958,0.84672,12.849,0.84672,3695.15,0,0.0036966,1.68299e-05,1.04697,1.8509,5.27814,1.17478,7.00121,0.42336,0.0018483,0.21168,0.0018483,0.21168,460.486,0,1.02816,0,0,2.07513,1.04697,1.028160,1,0,42.2305,0,0,0,42.2305,0
58.9289,2.75195,0,0,1.77467,0.106007,0.36288,3.6288,61.308,0.558409,0,0,0.973028,0.252519,0.162101,0.66528,12.849,1,0.585669,0.36288,0,35.4959,5.32461,29.9485,0.84672,12.849,0.84672,3695.15,0,0.0036966,1.68348e-05,0.961822,1.85109,5.12585,1.27783,6.66092,0.42336,0.0018483,0.21168,0.0018483,0.21168,460.486,0,1.02816,0,0,1.98998,0.961822,1.028160,1,0,36.7715,0,0,0,36.7715,0
57.5125,2.74043,0,0,1.77047,0.0835438,0.36288,3.6288,61.308,0.558572,0,0,0.950625,0.304516,0.0875361,0.66528,12.849,1,0.59753,0.36288,0,32.8807,6.01788,26.6282,0.84672,12.849,0.84672,3695.15,0,0.0036966,1.68397e-05,0.969062,1.85128,4.97481,1.51938,6.27576,0.42336,0.0018483,0.21168,0.0018483,0.21168,460.486,0,1.02816,0,0,1.99722,0.969062,1.028160,1,0,32.9915,0,0,0,32.9915,0
56.1847,2.79236,0,0,1.91072,0.0832447,0.36288,3.6288,61.308,0.597512,0,0,1.01958,0.297397,0.124672,0.66528,12.849,1,0.623848,0.36288,0,33.5381,5.98668,27.2904,0.84672,12.849,0.84672,3695.15,0,0.0036966,1.80136e-05,1.12954,1.85147,4.95784,1.47923,6.45961,0.42336,0.0018483,0.21168,0.0018483,0.21168,460.486,0,1.02816,0,0,2.1577,1.12954,1.028160,1,0,33.8747,0,0,0,33.8747,0
54.7479,2.78065,0,0,1.78888,0.0821619,0.36288,3.6288,61.308,0.597679,0,0,0.983197,0.297397,0.0881218,0.66528,12.849,1,0.635912,0.36288,0,31.4602,5.98668,25.2005,0.84672,12.849,0.84672,3695.15,0,0.0036966,1.80187e-05,1.14489,1.89622,5.12806,1.47923,6.68993,0.42336,0.0018483,0.21168,0.0018483,0.21168,460.486,0,1.02816,0,0,2.17305,1.14489,1.028160,1,0,31.9786,0,0,0,31.9786,0
53.1183,2.76742,0,0,1.5817,0.0809902,0.36288,3.6288,61.308,0.597846,0,0,0.925569,0.297397,0.0303256,0.66528,12.849,1,0.649495,0.36288,0,29.7185,5.98668,23.4452,0.84672,12.849,0.84672,3695.15,0,0.0036966,1.80237e-05,0.919754,1.89642,4.8108,1.47923,6.14772,0.42336,0.0018483,0.21168,0.0018483,0.21168,460.486,0,1.02816,0,0,1.94791,0.919754,1.028160,1,0,29.6232,0,0,0,29.6232,0
51.3617,2.75165,0,0,1.42931,0.0713605,0.36288,3.6288,61.308,0.598014,0,0,0.916436,0.302577,0.0158457,0.66528,12.849,1,0.665608,0.36288,0,28.1712,6.13623,21.7322,0.84672,12.849,0.84672,3695.15,0,0.0036966,1.80288e-05,0.861607,1.89661,4.80012,1.5091,6.04922,0.42336,0.0018483,0.21168,0.0018483,0.21168,460.486,0,1.02816,0,0,1.88977,0.861607,1.028160,1,0,27.7973,0,0,0,27.7973,0
49.3467,2.80326,0,0,1.20853,0.057381,0.36288,3.6288,61.2175,0.66528,0,0,0.888183,0.313383,0,0.66528,12.849,1,0.701281,0.36288,0,25.0965,6.1196,18.6385,0.84672,12.849,0.84672,3695.15,0,0.0036966,0.0018483,0.955187,1.89681,4.24675,1.52116,5.57574,0.42336,0.0018483,0.21168,0.0018483,0.21168,460.486,0,1.02816,0,0,1.98335,0.955187,1.028160,1,0,24.2143,0,0,0,24.2143,0
47.306,2.78082,0,0,1.16036,0.0574283,0.36288,3.6288,61.0624,0.66528,0,0,0.82302,0.312846,0,0.66528,12.849,1,0.724075,0.36288,0,22.0546,6.05451,15.6389,0.84672,12.849,0.84672,3695.15,0,0.0036966,0.0018483,0.855947,1.96858,4.14224,1.51072,5.4542,0.42336,0.0018483,0.21168,0.0018483,0.21168,460.486,0,1.02816,0,0,1.88411,0.855947,1.028160,1,0,21.0931,0,0,0,21.0931,0
45.7328,2.75654,0,0,1.6024,0.0561679,0.36288,3.6288,60.9961,0.66528,0,0,0.91146,0.312539,0,0.66528,12.849,1,0.748716,0.36288,0,23.6568,6.05451,17.2164,0.84672,12.849,0.84672,3695.15,0,0.0036966,0.0018483,1.11002,1.96878,4.61766,1.51072,6.1839,0.42336,0.0018483,0.21168,0.0018483,0.21168,460.486,0,1.02816,0,0,2.13818,1.11002,1.028160,1,0,23.4003,0,0,0,23.4003,0
44.889,2.73671,0,0,2.33299,0.0771666,0.36288,3.6288,61.239,0.66528,0,0,1.21324,0.305052,0,0.66528,12.849,1,0.768901,0.36288,0,39.476,5.91459,33.1554,0.84672,12.849,0.84672,3695.15,0,0.0036966,0.0018483,1.37738,1.96898,5.1351,1.48835,6.99126,0.42336,0.0018483,0.21168,0.0018483,0.21168,460.486,0,1.02816,0,0,2.40554,1.37738,1.028160,1,0,40.1466,0,0,0,40.1466,0
44.1721,2.72575,0,0,2.39831,0.0266246,0.36288,3.6288,61.308,0.66528,0,0,1.35677,0.332378,0.290067,0.66528,12.849,1,0.780217,0.36288,0,41.4172,6.1252,34.8747,0.84672,12.849,0.84672,3695.15,0,0.0036966,0.0018483,1.48578,1.96919,6.80091,1.49868,8.75534,0.42336,0.0018483,0.21168,0.0018483,0.21168,460.486,0,1.02816,0,0,2.51394,1.48578,1.028160,1,0,43.9201,0,0,0,43.9201,0
43.2698,2.73954,0,0,2.25166,0.0515158,0.36288,3.6288,61.308,0.65408,0,0,1.44762,0.305727,0.487816,0.66528,12.849,1,0.79689,0.36288,0,34.135,4.86145,28.8395,0.84672,12.849,0.84672,3695.15,0,0.0036966,1.9719e-05,1.54453,1.96939,8.14484,1.18756,10.4712,0.42336,0.0018483,0.21168,0.0018483,0.21168,460.486,0,1.02816,0,0,2.57269,1.54453,1.028160,1,0,39.7985,0,0,0,39.7985,0
42.6099,2.727,0,0,2.53701,0.107063,0.36288,3.6288,61.308,0.654253,0,0,2.02771,0.272797,1.10066,0.66528,12.849,1,0.809785,0.36288,0,32.9152,4.00502,28.4633,0.84672,12.849,0.84672,3695.15,0,0.0036966,1.97243e-05,2.32513,1.96246,10.8769,1.00054,14.1639,0.42336,0.0018483,0.21168,0.0018483,0.21168,460.486,0,1.02816,0,0,3.35329,2.32513,1.028160,1,0,43.7279,0,0,0,43.7279,0
41.8007,2.71764,0,0,2.37994,0.108578,0.36288,3.6288,61.308,0.654426,0,0,2.06004,0.273803,1.13181,0.66528,12.849,1,0.819505,0.36288,0,40.5134,4.02129,36.0355,0.84672,12.849,0.84672,3695.15,0,0.0036966,1.97295e-05,2.22536,1.96266,11.0053,1.00986,14.1834,0.42336,0.0018483,0.21168,0.0018483,0.21168,460.486,0,1.02816,0,0,3.25352,2.22536,1.028160,1,0,51.3507,0,0,0,51.3507,0
41.3885,2.70579,0,0,2.77258,0.11608,0.36288,3.6288,61.308,0.654599,0,0,2.13228,0.268804,1.20888,0.66528,12.849,1,0.831724,0.36288,0,60.032,4.06337,55.4998,0.84672,12.849,0.84672,3695.15,0,0.0036966,1.97347e-05,2.4931,1.96287,12.4888,1.01784,15.9269,0.42336,0.0018483,0.21168,0.0018483,0.21168,460.486,0,1.02816,0,0,3.52126,2.4931,1.028160,1,0,72.6356,0,0,0,72.6356,0
43.5872,2.63,0,0,5.35798,0.166402,0.36288,3.6288,61.308,0.577342,0,0,2.35938,0.238807,1.54323,0.66528,12.849,1,0.81648,0.36288,0,92.4117,4.31581,87.6423,0.84672,12.849,0.84672,3695.15,0,0.0036966,1.74056e-05,3.89576,1.96307,11.6316,1.06572,16.4247,0.42336,0.0018483,0.21168,0.0018483,0.21168,460.486,0,1.02816,0,0,4.92392,3.89576,1.028160,1,0,105.61,0,0,0,105.61,0
44.2365,2.66209,0,0,3.84496,0.170704,0.36288,3.6288,61.308,0.577508,0,0,2.01576,0.238807,1.19945,0.66528,12.849,1,0.784753,0.36288,0,81.097,4.31581,76.3593,0.84672,12.849,0.84672,3695.15,0,0.0036966,1.74106e-05,2.10409,1.88632,9.89401,1.06572,12.8187,0.42336,0.0018483,0.21168,0.0018483,0.21168,460.486,0,1.02816,0,0,3.13225,2.10409,1.028160,1,0,90.3775,0,0,0,90.3775,0
46.2266,2.67129,0,0,5.1962,0.171975,0.36288,3.6288,61.308,0.577673,0,0,2.05202,0.238807,1.23554,0.66528,12.849,1,0.775907,0.36288,0,84.9156,4.31581,80.1868,0.84672,12.849,0.84672,3695.15,0,0.0036966,1.74156e-05,3.03795,1.88651,11.016,1.06572,14.8747,0.42336,0.0018483,0.21168,0.0018483,0.21168,460.486,0,1.02816,0,0,4.06611,3.03795,1.028160,1,0,96.2971,0,0,0,96.2971,0
46.8673,2.69771,0,0,3.87718,0.17587,0.36288,3.6288,61.308,0.577838,0,0,1.19268,0.238807,0.376037,0.66528,12.849,1,0.749847,0.36288,0,80.0194,4.31581,75.3166,0.84672,12.849,0.84672,3695.15,0,0.0036966,1.74205e-05,1.58998,1.88671,9.14674,1.06572,11.5577,0.42336,0.0018483,0.21168,0.0018483,0.21168,460.486,0,1.02816,0,0,2.61814,1.58998,1.028160,1,0,87.2503,0,0,0,87.2503,0
45.9511,2.50224,0,0,2.17922,0.230344,0.36288,3.6288,61.308,0.416673,0,0,1.16191,0.204352,0.540883,0.66528,12.849,1,0.686007,0.36288,0,61.9667,4.25316,57.3904,0.84672,12.849,0.84672,3695.15,0,0.0036966,1.25618e-05,3.71485,1.8869,10.4981,1.07278,15.0271,0.42336,0.0018483,0.21168,0.0018483,0.21168,460.486,0,1.02816,0,0,4.74301,3.71485,1.028160,1,0,72.9584,0,0,0,72.9584,0
45.6437,2.42186,0,0,2.70385,0.226477,0.36288,3.6288,61.308,0.506326,0,0,1.18225,0.208482,0.467447,0.66528,12.849,1,0.677209,0.36288,0,90.6466,4.35824,85.974,0.84672,12.849,0.84672,3695.15,0,0.0036966,1.52646e-05,3.64807,1.71378,11.7658,1.11186,16.0158,0.42336,0.0018483,0.21168,0.0018483,0.21168,460.486,0,1.02816,0,0,4.67623,3.64807,1.028160,1,0,102.457,0,0,0,102.457,0
54.0977,2.41867,0,0,11.4613,0.2257,0.36288,3.6288,61.308,0.506325,0,0,9.08887,0.208482,8.37406,0.66528,12.849,1,0.680872,0.36288,0,372.369,4.35824,367.693,0.84672,12.849,0.84672,3695.15,0,0.0036966,1.52646e-05,4.39975,1.76634,32.9724,1.11186,38.0266,0.42336,0.0018483,0.21168,0.0018483,0.21168,460.486,0,1.02816,0,0,5.42791,4.39975,1.028160,1,0,414.094,0,0,0,414.094,0
56.372,2.57713,0,0,5.42354,0.209231,0.36288,3.6288,61.308,0.417119,0,0,3.56698,0.196969,2.95289,0.66528,12.849,1,0.612107,0.36288,0,179.607,3.54112,175.816,0.84672,12.849,0.84672,3695.15,0,0.0036966,1.25752e-05,4.209,1.76643,16.8957,0.936109,21.935,0.42336,0.0018483,0.21168,0.0018483,0.21168,460.486,0,1.02816,0,0,5.23716,4.209,1.028160,1,0,200.704,0,0,0,200.704,0
58.9086,2.59752,0,0,5.71174,0.214738,0.36288,3.6288,61.308,0.417268,0,0,2.51847,0.211027,1.89017,0.66528,12.849,1,0.592057,0.36288,0,141.833,3.47044,138.133,0.84672,12.849,0.84672,3695.15,0,0.0036966,1.25797e-05,4.3308,1.71431,13.6253,0.879277,18.7911,0.42336,0.0018483,0.21168,0.0018483,0.21168,460.486,0,1.02816,0,0,5.35896,4.3308,1.028160,1,0,158.814,0,0,0,158.814,0
63.3659,2.70074,0,0,7.80056,0.279668,0.36288,3.6288,61.308,0.464151,0,0,3.20276,0.246998,2.49161,0.66528,12.849,1,0.589079,0.36288,0,195.222,4.16587,190.83,0.84672,12.849,0.84672,3695.15,0,0.0036966,1.39931e-05,3.97138,1.71449,18.1369,1.04779,22.775,0.42336,0.0018483,0.21168,0.0018483,0.21168,460.486,0,1.02816,0,0,4.99954,3.97138,1.028160,1,0,216.096,0,0,0,216.096,0
66.6305,2.73546,0,0,6.65945,0.296572,0.36288,3.6288,61.308,0.464292,0,0,2.16383,0.252888,1.44665,0.66528,12.849,1,0.554681,0.36288,0,147.227,4.2777,142.758,0.84672,12.849,0.84672,3695.15,0,0.0036966,1.39974e-05,2.69539,1.7695,12.7016,1.0642,16.1023,0.42336,0.0018483,0.21168,0.0018483,0.21168,460.486,0,1.02816,0,0,3.72355,2.69539,1.028160,1,0,160.307,0,0,0,160.307,0
70.624,2.7585,0,0,7.41935,0.304451,0.36288,3.6288,61.308,0.464433,0,0,2.6293,0.252888,1.91198,0.66528,12.849,1,0.531949,0.36288,0,194.486,4.2777,190.039,0.84672,12.849,0.84672,3695.15,0,0.0036966,1.40016e-05,3.60088,1.76967,14.4298,1.0642,18.7362,0.42336,0.0018483,0.21168,0.0018483,0.21168,460.486,0,1.02816,0,0,4.62904,3.60088,1.028160,1,0,210.687,0,0,0,210.687,0
72.29,2.78422,0,0,5.33362,0.327279,0.556091,3.6288,61.308,0.464574,0,0,1.97205,0.249318,1.25816,0.66528,12.849,1,0.506548,0.556091,0,142.268,4.31568,138.002,0.84672,12.849,0.84672,3695.15,0,0.0036966,1.40059e-05,2.44973,1.76983,11.2447,1.13043,14.3338,0.42336,0.0018483,0.21168,0.0018483,0.21168,460.486,0,1.02816,0,0,3.47789,2.44973,1.028160,1,0,153.594,0,0,0,153.594,0
72.29,3.06696,0,0,5.24608,0.339402,1.83972,3.6288,61.308,0.640242,0,0,2.84646,0.260112,1.9461,0.66528,12.849,1,0.545128,1.83972,0,106.891,4.47229,103.714,0.84672,12.849,0.84672,3695.15,0,0.0036966,1.93019e-05,3.29346,1.77,9.84925,1.03541,13.8773,0.42336,0.0018483,0.21168,0.0018483,0.21168,460.486,0,1.02816,0,0,4.32162,3.29346,1.028160,1,0,119.537,0,0,0,119.537,0
72.29,3.06725,0,0,7.44199,0.289754,4.08499,3.6288,61.308,0.6404,0,0,2.09821,0.272285,1.18552,0.66528,12.849,1,0.54518,4.08499,0,176.685,4.38473,175.84,0.84672,12.849,0.84672,3695.15,0,0.0036966,1.93066e-05,3.01812,1.96594,11.6658,1.15859,15.4913,0.42336,0.0018483,0.21168,0.0018483,0.21168,460.486,0,1.02816,0,0,4.04628,3.01812,1.028160,1,0,192.517,0,0,0,192.517,0
72.29,3.06754,0,0,7.69978,0.294913,4.33733,3.6288,61.308,0.640558,0,0,1.99144,0.255465,1.09542,0.66528,12.849,1,0.545231,4.33733,0,183.397,4.18425,183.005,0.84672,12.849,0.84672,3695.15,0,0.0036966,1.93114e-05,3.49994,1.96613,10.2438,1.08124,14.6286,0.42336,0.0018483,0.21168,0.0018483,0.21168,460.486,0,1.02816,0,0,4.5281,3.49994,1.028160,1,0,198.729,0,0,0,198.729,0
72.29,3.06783,0,0,7.32076,0.294913,3.95802,3.6288,61.308,0.640716,0,0,2.1943,0.255465,1.29812,0.66528,12.849,1,0.545283,3.95802,0,173.856,4.18425,173.084,0.84672,12.849,0.84672,3695.15,0,0.0036966,1.93162e-05,3.31632,1.96631,10.8125,1.08124,15.0139,0.42336,0.0018483,0.21168,0.0018483,0.21168,460.486,0,1.02816,0,0,4.34448,3.31632,1.028160,1,0,189.396,0,0,0,189.396,0
72.29,2.67921,0,0,5.93374,0.374334,2.8802,3.6288,61.308,0.405226,0,0,2.04723,0.198755,1.44325,0.66528,12.849,1,0.47621,2.8802,0,132.151,3.3683,131.187,0.84672,12.849,0.84672,3695.15,0,0.0036966,1.22167e-05,3.7569,1.9665,12.0479,0.920661,16.8506,0.42336,0.0018483,0.21168,0.0018483,0.21168,460.486,0,1.02816,0,0,4.78506,3.7569,1.028160,1,0,149.481,0,0,0,149.481,0
72.29,2.67947,0,0,6.4353,0.374334,3.3815,3.6288,61.308,0.405362,0,0,2.17135,0.198755,1.56724,0.66528,12.849,1,0.476255,3.3815,0,140.056,3.3683,139.593,0.84672,12.849,0.84672,3695.15,0,0.0036966,1.22208e-05,2.94029,1.69878,14.806,0.920661,18.5244,0.42336,0.0018483,0.21168,0.0018483,0.21168,460.486,0,1.02816,0,0,3.96845,2.94029,1.028160,1,0,159.685,0,0,0,159.685,0
72.29,2.67972,0,0,6.95542,0.361823,3.91388,3.6288,61.308,0.405497,0,0,2.44574,0.216419,1.82383,0.66528,12.849,1,0.4763,3.91388,0,118.284,3.8736,117.848,0.84672,12.849,0.84672,3695.15,0,0.0036966,1.22248e-05,3.33998,1.69894,13.5325,0.992891,17.5785,0.42336,0.0018483,0.21168,0.0018483,0.21168,460.486,0,1.02816,0,0,4.36814,3.33998,1.028160,1,0,137.251,0,0,0,137.251,0
72.29,2.67997,0,0,5.97829,0.345142,2.95318,3.6288,61.308,0.405633,0,0,1.61315,0.23997,0.967546,0.66528,12.849,1,0.476345,2.95318,0,84.3843,4.54734,82.3138,0.84672,12.849,0.84672,3695.15,0,0.0036966,1.22289e-05,2.63736,1.6991,9.7613,1.0892,13.0086,0.42336,0.0018483,0.21168,0.0018483,0.21168,460.486,0,1.02816,0,0,3.66552,2.63736,1.028160,1,0,96.2899,0,0,0,96.2899,0
72.29,2.68023,0,0,6.19006,0.320633,3.1892,3.6288,61.308,0.405769,0,0,1.79544,0.215381,1.17429,0.66528,12.849,1,0.47639,3.1892,0,137.655,4.21284,136.155,0.84672,12.849,0.84672,3695.15,0,0.0036966,1.2233e-05,2.67162,1.69927,9.61693,0.989506,12.9983,0.42336,0.0018483,0.21168,0.0018483,0.21168,460.486,0,1.02816,0,0,3.69978,2.67162,1.028160,1,0,150.328,0,0,0,150.328,0
72.29,2.77842,0,0,5.52802,0.302251,2.44735,3.6288,61.308,0.46358,0,0,1.64201,0.19694,0.981487,0.66528,12.849,1,0.493843,2.44735,0,121.211,3.96196,119.203,0.84672,12.849,0.84672,3695.15,0,0.0036966,1.39759e-05,2.35062,1.69943,9.15563,0.914738,12.2909,0.42336,0.0018483,0.21168,0.0018483,0.21168,460.486,0,1.02816,0,0,3.37878,2.35062,1.028160,1,0,132.475,0,0,0,132.475,0
72.29,2.77868,0,0,4.59052,0.308458,1.50338,3.6288,61.308,0.463721,0,0,1.40613,0.165469,0.776936,0.66528,12.849,1,0.49389,1.50338,0,90.2612,3.47886,87.7918,0.84672,12.849,0.84672,3695.15,0,0.0036966,1.39802e-05,2.0219,1.76576,7.94327,0.887874,10.843,0.42336,0.0018483,0.21168,0.0018483,0.21168,460.486,0,1.02816,0,0,3.05006,2.0219,1.028160,1,0,99.4118,0,0,0,99.4118,0
72.29,2.77895,0,0,4.01447,0.27407,0.961456,3.6288,61.308,0.463862,0,0,1.25046,0.169554,0.617042,0.66528,12.849,1,0.493937,0.961456,0,72.6866,3.4293,69.7248,0.84672,12.849,0.84672,3695.15,0,0.0036966,1.39844e-05,1.74798,1.76593,7.01361,1.01839,9.50912,0.42336,0.0018483,0.21168,0.0018483,0.21168,460.486,0,1.02816,0,0,2.77614,1.74798,1.028160,1,0,79.851,0,0,0,79.851,0
72.29,2.77921,0,0,4.02777,0.245237,1.00332,3.6288,61.308,0.464003,0,0,1.19931,0.16829,0.567016,0.66528,12.849,1,0.493984,1.00332,0,70.4687,3.52677,67.4513,0.84672,12.849,0.84672,3695.15,0,0.0036966,1.39887e-05,1.66545,1.7661,6.8999,1.02192,9.30952,0.42336,0.0018483,0.21168,0.0018483,0.21168,460.486,0,1.02816,0,0,2.69361,1.66545,1.028160,1,0,77.3278,0,0,0,77.3278,0
72.29,2.74116,0,0,3.75646,0.200969,0.814322,3.6288,61.308,0.441735,0,0,1.15684,0.179084,0.536025,0.66528,12.849,1,0.487221,0.814322,0,65.2882,3.9613,61.654,0.84672,12.849,0.84672,3695.15,0,0.0036966,1.33173e-05,1.39404,1.76627,6.60174,1.05015,8.71188,0.42336,0.0018483,0.21168,0.0018483,0.21168,460.486,0,1.02816,0,0,2.4222,1.39404,1.028160,1,0,70.9019,0,0,0,70.9019,0
72.29,2.74142,0,0,3.35184,0.179694,0.430726,3.6288,61.308,0.441875,0,0,0.970307,0.209167,0.319265,0.66528,12.849,1,0.487267,0.430726,0,58.0116,4.27743,53.6777,0.84672,12.849,0.84672,3695.15,0,0.0036966,1.33215e-05,1.21424,1.74066,5.99421,1.07505,7.87405,0.42336,0.0018483,0.21168,0.0018483,0.21168,460.486,0,1.02816,0,0,2.2424,1.21424,1.028160,1,0,61.871,0,0,0,61.871,0
72.2164,2.74168,0,0,3.15451,0.123515,0.36288,3.6288,61.308,0.442014,0,0,0.965002,0.235326,0.287662,0.66528,12.849,1,0.487314,0.36288,0,54.0996,4.50807,49.4671,0.84672,12.849,0.84672,3695.15,0,0.0036966,1.33257e-05,1.18009,1.74083,5.96525,1.08882,7.79734,0.42336,0.0018483,0.21168,0.0018483,0.21168,460.486,0,1.02816,0,0,2.20825,1.18009,1.028160,1,0,57.5521,0,0,0,57.5521,0
72.0286,2.74152,0,0,3.04001,0.123446,0.36288,3.6288,61.308,0.442153,0,0,0.964466,0.235326,0.286987,0.66528,12.849,1,0.487781,0.36288,0,51.7247,4.50807,47.0918,0.84672,12.849,0.84672,3695.15,0,0.0036966,1.33299e-05,1.25759,1.74099,6.55477,1.08882,8.46452,0.42336,0.0018483,0.21168,0.0018483,0.21168,460.486,0,1.02816,0,0,2.28575,1.25759,1.028160,1,0,55.8433,0,0,0,55.8433,0
71.494,2.87071,0,0,2.84685,0.147881,0.36288,3.6288,61.308,0.52179,0,0,0.805671,0.236384,0.0474967,0.66528,12.849,1,0.512099,0.36288,0,49.9766,4.63758,45.1898,0.84672,12.849,0.84672,3695.15,0,0.0036966,1.57308e-05,0.753676,1.74116,4.81738,1.18219,6.13,0.42336,0.0018483,0.21168,0.0018483,0.21168,460.486,0,1.02816,0,0,1.78184,0.753676,1.028160,1,0,51.3673,0,0,0,51.3673,0
70.6789,2.86774,0,0,2.51313,0.0975971,0.36288,3.6288,61.2779,0.521937,0,0,0.728663,0.236836,0,0.66528,12.849,1,0.515394,0.36288,0,43.2928,4.67786,38.4624,0.84672,12.849,0.84672,3695.15,0,0.0036966,1.57352e-05,0.719643,1.83146,4.32969,1.14362,5.73716,0.42336,0.0018483,0.21168,0.0018483,0.21168,460.486,0,1.02816,0,0,1.7478,0.719643,1.028160,1,0,44.1996,0,0,0,44.1996,0
69.7954,2.86298,0,0,2.43937,0.0969899,0.36288,3.6288,61.2928,0.522084,0,0,0.773824,0.236791,0,0.66528,12.849,1,0.520472,0.36288,0,41.2646,4.67786,36.4292,0.84672,12.849,0.84672,3695.15,0,0.0036966,1.57474e-05,0.699615,1.83163,4.6059,1.14362,5.99351,0.42336,0.0018483,0.21168,0.0018483,0.21168,460.486,0,1.02816,0,0,1.72778,0.699615,1.028160,1,0,42.4227,0,0,0,42.4227,0
68.7928,2.85768,0,0,2.31423,0.0963316,0.36288,3.6288,61.2858,0.52223,0,0,0.751965,0.236814,0,0.66528,12.849,1,0.526086,0.36288,0,38.7569,4.67786,33.9158,0.84672,12.849,0.84672,3695.15,0,0.0036966,1.5748e-05,0.626072,1.8318,4.2584,1.14362,5.57264,0.42336,0.0018483,0.21168,0.0018483,0.21168,460.486,0,1.02816,0,0,1.65423,0.626072,1.028160,1,0,39.4885,0,0,0,39.4885,0
67.4278,2.85149,0,0,1.9345,0.0850532,0.36288,3.6288,61.1744,0.522377,0,0,0.661828,0.250843,0,0.66528,12.849,1,0.532597,0.36288,0,32.8533,5.00492,27.6786,0.84672,12.849,0.84672,3695.15,0,0.0036966,1.57542e-05,0.391591,1.83198,3.53599,1.167,4.59254,0.42336,0.0018483,0.21168,0.0018483,0.21168,460.486,0,1.02816,0,0,1.41975,0.391591,1.028160,1,0,32.2712,0,0,0,32.2712,0
65.8171,2.81724,0,0,1.64576,0.0763338,0.36288,3.6288,60.8214,0.673941,0,0,0.582182,0.261189,0,0.66528,12.849,1,0.536852,0.36288,0,30.2749,5.25021,24.8507,0.84672,12.849,0.84672,3695.15,0,0.0036966,2.03622e-05,0.30119,1.83215,3.25147,1.18454,4.20025,0.42336,0.0018483,0.21168,0.0018483,0.21168,460.486,0,0.920454,0,0,1.22164,0.30119,1.028160,1,0,29.051,0,0,0,29.051,0
64.0713,2.80652,0,0,1.49888,0.0753651,0.36288,3.6288,60.5185,0.615618,0,0,0.573325,0.260606,0,0.66528,12.849,1,0.547896,0.36288,0,29.571,5.25021,24.1358,0.84672,12.849,0.84672,3695.15,0,0.0036966,1.8708e-05,0.261274,1.86042,3.13637,1.18454,4.07351,0.42336,0.0018483,0.21168,0.0018483,0.21168,460.486,0,0.978929,0,0,1.2402,0.261274,1.028160,1,0,28.2093,0,0,0,28.2093,0
62.1906,2.79434,0,0,1.35088,0.0743152,0.36288,3.6288,60.0186,0.773677,0,0,0.533895,0.260105,0,0.66528,12.849,1,0.560384,0.36288,0,27.4079,5.25021,21.9602,0.84672,12.849,0.84672,3695.15,0,0.0036966,2.36289e-05,0.261274,1.86059,2.98623,1.18454,3.92353,0.42336,0.0018483,0.21168,0.0018483,0.21168,460.486,0,0.821016,0,0,1.08229,0.261274,1.028160,1,0,25.8837,0,0,0,25.8837,0
60.22,2.78056,0,0,1.23289,0.0600876,0.36288,3.6288,59.3888,0.82393,0,0,0.49837,0.304288,0,0.66528,12.849,1,0.574482,0.36288,0,24.2926,5.85704,18.2239,0.84672,12.849,0.84672,3695.15,0,0.0036966,2.53733e-05,0.261274,1.86077,2.79466,1.39645,3.52023,0.42336,0.0018483,0.21168,0.0018483,0.21168,460.486,0,0.770913,0,0,1.03219,0.261274,1.028160,1,0,21.7442,0,0,0,21.7442,0
58.0778,2.82986,0,0,1.1204,0.0698667,0.36288,3.6288,58.6692,0.973332,0,0,0.553061,0.299349,0,0.66528,12.849,1,0.603802,0.36288,0,23.2171,5.81154,17.1646,0.84672,12.849,0.84672,3695.15,0,0.0036966,3.02921e-05,0.261274,1.86095,2.4991,1.38272,3.23857,0.42336,0.0018483,0.21168,0.0018483,0.21168,460.486,0,0.660632,0,0,0.921905,0.261274,1.028160,1,0,20.4032,0,0,0,20.4032,0
55.9274,2.81189,0,0,1.09289,0.0684383,0.36288,3.6288,57.9895,0.891227,0,0,0.509566,0.297971,0,0.66528,12.849,1,0.622097,0.36288,0,23.1873,5.81154,17.1166,0.84672,12.849,0.84672,3695.15,0,0.0036966,2.8077e-05,0.261274,1.90591,2.67798,1.38272,3.46241,0.42336,0.0018483,0.21168,0.0018483,0.21168,460.486,0,0.742893,0,0,1.00417,0.261274,1.028160,1,0,20.579,0,0,0,20.579,0
53.7275,2.7927,0,0,1.02269,0.0670046,0.36288,3.6288,57.2639,0.900617,0,0,0.471676,0.296669,0,0.66528,12.849,1,0.641607,0.36288,0,20.9323,5.81154,14.842,0.84672,12.849,0.84672,3695.15,0,0.0036966,2.87054e-05,0.227405,1.90609,2.39007,1.38272,3.14082,0.42336,0.0018483,0.21168,0.0018483,0.21168,460.486,0,0.733657,0,0,0.961062,0.227405,1.028160,1,0,17.9829,0,0,0,17.9829,0
51.4662,2.77176,0,0,0.938874,0.0655378,0.36288,3.6288,56.4554,0.979695,0,0,0.466493,0.295279,0,0.66528,12.849,1,0.66287,0.36288,0,19.1347,5.81154,13.0232,0.84672,12.849,0.84672,3695.15,0,0.0036966,3.16215e-05,0.227405,1.90627,2.33758,1.38272,3.0885,0.42336,0.0018483,0.21168,0.0018483,0.21168,460.486,0,0.654731,0,0,0.882135,0.227405,1.028160,1,0,16.1117,0,0,0,16.1117,0
49.1694,2.81863,0,0,0.956258,0.0715901,0.36288,3.6288,55.8696,0.832075,0,0,0.530275,0.284051,0,0.66528,12.849,1,0.703695,0.36288,0,19.9389,5.70677,13.8913,0.84672,12.849,0.84672,3695.15,0,0.0036966,0.0018483,0.227405,1.90645,3.04716,1.49782,3.68134,0.42336,0.0018483,0.21168,0.0018483,0.21168,460.486,0,0.861365,0,0,1.08877,0.227405,1.028160,1,0,17.5726,0,0,0,17.5726,0
46.69,2.79283,0,0,0.754669,0.0784018,0.36288,3.6288,55.0397,0.996996,0,0,0.442708,0.275608,0,0.66528,12.849,1,0.729824,0.36288,0,18.033,5.56017,12.1059,0.84672,12.849,0.84672,3695.15,0,0.0036966,0.0018483,0.227405,1.97857,2.59197,1.52294,3.27315,0.42336,0.0018483,0.21168,0.0018483,0.21168,460.486,0,0.696444,0,0,0.923849,0.227405,1.028160,1,0,15.379,0,0,0,15.379,0
44.2916,2.76269,0,0,0.803529,0.0763073,0.36288,3.6288,54.2164,0.988295,0,0,0.439089,0.27411,0,0.66528,12.849,1,0.760288,0.36288,0,16.8453,5.56017,10.8877,0.84672,12.849,0.84672,3695.15,0,0.0036966,0.0018483,0.204422,1.97875,2.7318,1.52294,3.39019,0.42336,0.0018483,0.21168,0.0018483,0.21168,460.486,0,0.705145,0,0,0.909567,0.204422,1.028160,1,0,14.2779,0,0,0,14.2779,0
42.3216,2.73103,0,0,1.20604,0.0821185,0.36288,3.6288,53.6601,0.808566,0,0,0.522825,0.270576,0,0.66528,12.849,1,0.792273,0.36288,0,24.8749,5.5008,18.9447,0.84672,12.849,0.84672,3695.15,0,0.0036966,0.0018483,0.204422,1.97894,2.90311,1.51566,3.56896,0.42336,0.0018483,0.21168,0.0018483,0.21168,460.486,0,0.884874,0,0,1.0893,0.204422,1.028160,1,0,22.5137,0,0,0,22.5137,0
40.7452,2.703,0,0,1.59444,0.104983,0.36288,3.6288,53.3845,0.66528,0,0,0.640489,0.250766,0,0.66528,12.849,1,0.82064,0.36288,0,25.4543,5.1189,19.8776,0.84672,12.849,0.84672,3695.15,0,0.0036966,0.0018483,0.305701,1.97913,3.5006,1.45727,4.32631,0.42336,0.0018483,0.21168,0.0018483,0.21168,460.486,0,1.02816,0,0,1.33386,0.305701,1.028160,1,0,24.204,0,0,0,24.204,0
38.5719,2.70749,0,0,1.01164,0.114566,0.36288,3.6288,53.2436,0.662542,0,0,0.755784,0.234126,0,0.66528,12.849,1,0.84672,0.36288,0,17.5237,4.71849,12.3214,0.84672,12.849,0.84672,3695.15,0,0.0036966,2.29388e-05,1.28987,1.97931,3.87655,1.40489,5.74082,0.42336,0.0018483,0.21168,0.0018483,0.21168,460.486,0,1.02816,0,0,2.31803,1.28987,1.028160,1,0,18.0622,0,0,0,18.0622,0
36.2819,2.70782,0,0,0.892426,0.111688,0.36288,3.6288,52.7726,0.662702,0,0,0.425509,0.233863,0,0.66528,12.849,1,0.84672,0.36288,0,18.1519,4.71849,12.9496,0.84672,12.849,0.84672,3695.15,0,0.0036966,2.3005e-05,0.375399,1.97234,2.90707,1.40489,3.8499,0.42336,0.0018483,0.21168,0.0018483,0.21168,460.486,0,1.02816,0,0,1.40356,0.375399,1.028160,1,0,16.7995,0,0,0,16.7995,0
33.8595,2.70815,0,0,0.757279,0.108715,0.36288,3.6288,52.2646,0.662861,0,0,0.38787,0.232984,0,0.66528,12.849,1,0.84672,0.36288,0,16.7727,4.71849,11.5704,0.84672,12.849,0.84672,3695.15,0,0.0036966,2.3216e-05,0.247856,1.97252,2.76623,1.40489,3.5817,0.42336,0.0018483,0.21168,0.0018483,0.21168,460.486,0,1.02816,0,0,1.27602,0.247856,1.028160,1,0,15.1521,0,0,0,15.1521,0
32.217,2.70848,0,0,1.61463,0.185735,0.36288,3.6288,52.1647,0.663021,0,0,0.709551,0.146446,0,0.66528,12.849,1,0.84672,0.36288,0,36.9218,3.47271,32.9653,0.84672,12.849,0.84672,3695.15,0,0.0036966,2.34473e-05,0.684815,1.97271,6.12918,1.0155,7.77118,0.42336,0.0018483,0.21168,0.0018483,0.21168,460.486,0,1.02816,0,0,1.71298,0.684815,1.028160,1,0,40.7365,0,0,0,40.7365,0
30.5339,2.61696,0,0,1.4565,0.159731,0.36288,3.6288,51.9277,0.585364,0,0,0.623976,0.275635,0,0.66528,12.849,1,0.84672,0.36288,0,19.2213,4.64026,14.0972,0.84672,12.849,0.84672,3695.15,0,0.0036966,2.07406e-05,0.430773,1.9729,2.99664,1.08482,4.31546,0.42336,0.0018483,0.21168,0.0018483,0.21168,460.486,0,1.02816,0,0,1.45893,0.430773,1.028160,1,0,18.4127,0,0,0,18.4127,0
28.9312,2.61728,0,0,1.53377,0.156316,0.36288,3.6288,51.7312,0.585517,0,0,0.664208,0.275109,0,0.66528,12.849,1,0.84672,0.36288,0,20.447,4.64026,15.3229,0.84672,12.849,0.84672,3695.15,0,0.0036966,2.08407e-05,0.532647,1.89575,5.38368,1.08482,6.72723,0.42336,0.0018483,0.21168,0.0018483,0.21168,460.486,0,1.02816,0,0,1.56081,0.532647,1.028160,1,0,22.0501,0,0,0,22.0501,0
27.9504,2.6176,0,0,2.16822,0.168611,0.36288,3.6288,51.7191,0.585669,0,0,0.841355,0.267865,0,0.66528,12.849,1,0.84672,0.36288,0,32.5142,4.4258,27.6046,0.84672,12.849,0.84672,3695.15,0,0.0036966,2.09253e-05,0.905386,1.89593,4.96054,1.05367,6.70815,0.42336,0.0018483,0.21168,0.0018483,0.21168,460.486,0,1.02816,0,0,1.93355,0.905386,1.028160,1,0,34.3127,0,0,0,34.3127,0
29.4945,2.61792,0,0,4.71181,0.186923,0.36288,3.6288,52.5554,0.585822,0,0,1.68089,0.258762,0,0.66528,12.849,1,0.84672,0.36288,0,37.6737,4.13984,33.05,0.84672,12.849,0.84672,3695.15,0,0.0036966,2.09357e-05,1.75432,1.8961,9.04293,1.01214,11.6812,0.42336,0.0018483,0.21168,0.0018483,0.21168,460.486,0,1.02816,0,0,2.78248,1.75432,1.028160,1,0,44.7312,0,0,0,44.7312,0
28.9949,2.35731,0,0,2.39997,0.179365,0.36288,3.6288,52.7126,0.423844,0,0,0.840568,0.259434,0,0.66528,12.849,1,0.84672,0.36288,0,31.138,4.70935,25.9448,0.84672,12.849,0.84672,3695.15,0,0.0036966,1.4906e-05,0.918009,1.89628,4.54016,1.21693,6.13751,0.42336,0.0018483,0.21168,0.0018483,0.21168,460.486,0,1.02816,0,0,1.94617,0.918009,1.028160,1,0,32.0824,0,0,0,32.0824,0
28.3171,2.27528,0,0,2.15588,0.195472,0.36288,3.6288,52.7145,0.506311,0,0,0.757909,0.249723,0,0.66528,12.849,1,0.84672,0.36288,0,32.737,4.63691,27.6163,0.84672,12.849,0.84672,3695.15,0,0.0036966,1.77531e-05,1.05837,1.72229,4.58072,1.25523,6.10613,0.42336,0.0018483,0.21168,0.0018483,0.21168,460.486,0,1.02816,0,0,2.08653,1.05837,1.028160,1,0,33.7224,0,0,0,33.7224,0
28.151,2.27572,0,0,2.66611,0.193673,0.36288,3.6288,53.0319,0.506312,0,0,1.07338,0.249727,0,0.66528,12.849,1,0.84672,0.36288,0,41.3554,4.63691,36.2346,0.84672,12.849,0.84672,3695.15,0,0.0036966,1.77525e-05,1.74337,1.77064,6.01272,1.25523,8.27148,0.42336,0.0018483,0.21168,0.0018483,0.21168,460.486,0,1.02816,0,0,2.77153,1.74337,1.028160,1,0,44.5061,0,0,0,44.5061,0
27.5824,2.27615,0,0,2.26375,0.193232,0.36288,3.6288,53.0308,0.506312,0,0,0.755594,0.250362,0,0.66528,12.849,1,0.84672,0.36288,0,28.2792,4.63691,23.1585,0.84672,12.849,0.84672,3695.15,0,0.0036966,1.76463e-05,0.821984,1.77072,6.64452,1.25523,7.98197,0.42336,0.0018483,0.21168,0.0018483,0.21168,460.486,0,1.02816,0,0,1.85014,0.821984,1.028160,1,0,31.1405,0,0,0,31.1405,0
27.2518,2.27659,0,0,2.4785,0.169649,0.36288,3.6288,53.1518,0.506312,0,0,0.833086,0.205721,0,0.66528,12.849,1,0.84672,0.36288,0,41.697,3.89495,37.3182,0.84672,12.849,0.84672,3695.15,0,0.0036966,1.76467e-05,1.52326,1.7708,6.28954,1.02795,8.55563,0.42336,0.0018483,0.21168,0.0018483,0.21168,460.486,0,1.02816,0,0,2.55142,1.52326,1.028160,1,0,45.8738,0,0,0,45.8738,0
28.3781,2.37744,0,0,4.00525,0.138647,0.36288,3.6288,53.8809,0.553276,0,0,1.44259,0.160237,0,0.66528,12.849,1,0.84672,0.36288,0,70.0315,3.51456,66.0331,0.84672,12.849,0.84672,3695.15,0,0.0036966,1.92396e-05,3.91374,1.77088,7.8618,0.853306,12.6931,0.42336,0.0018483,0.21168,0.0018483,0.21168,460.486,0,1.02816,0,0,4.9419,3.91374,1.028160,1,0,78.7262,0,0,0,78.7262,0
29.4139,2.42483,0,0,3.96433,0.140819,0.36288,3.6288,54.6136,0.506304,0,0,1.40015,0.16116,0,0.66528,12.849,1,0.84672,0.36288,0,95.4452,3.51456,91.4468,0.84672,12.849,0.84672,3695.15,0,0.0036966,1.7368e-05,4.047,1.82607,9.64768,0.853306,14.6674,0.42336,0.0018483,0.21168,0.0018483,0.21168,460.486,0,1.02816,0,0,5.07516,4.047,1.028160,1,0,106.114,0,0,0,106.114,0
29.4394,2.42525,0,0,2.95647,0.142816,0.36288,3.6288,55.0438,0.506304,0,0,1.09842,0.161943,0,0.66528,12.849,1,0.84672,0.36288,0,74.946,3.51456,70.9476,0.84672,12.849,0.84672,3695.15,0,0.0036966,1.7135e-05,2.83502,1.79866,7.27834,0.853306,11.0587,0.42336,0.0018483,0.21168,0.0018483,0.21168,460.486,0,1.02816,0,0,3.86318,2.83502,1.028160,1,0,82.0062,0,0,0,82.0062,0
28.6719,2.42566,0,0,2.19495,0.173925,0.36288,3.6288,55.471,0.506305,0,0,1.10221,0.168672,0,0.66528,12.849,1,0.84672,0.36288,0,65.7518,3.25149,62.0165,0.84672,12.849,0.84672,3695.15,0,0.0036966,1.70011e-05,2.80814,1.79874,7.36871,0.984515,10.9911,0.42336,0.0018483,0.21168,0.0018483,0.21168,460.486,0,1.02816,0,0,3.8363,2.80814,1.028160,1,0,73.0075,0,0,0,73.0075,0
30.2459,2.74864,0,0,4.84663,0.161084,0.36288,3.6288,56.1202,0.66528,0,0,1.46241,0.147897,0,0.66528,12.849,1,0.84672,0.36288,0,188.317,3.36739,184.466,0.84672,12.849,0.84672,3695.15,0,0.0036966,0.0018483,3.86145,1.79881,10.8852,0.863274,15.6804,0.42336,0.0018483,0.21168,0.0018483,0.21168,460.486,0,1.02816,0,0,4.88961,3.86145,1.028160,1,0,200.147,0,0,0,200.147,0
30.3887,2.78325,0,0,3.4507,0.161791,0.36288,3.6288,56.3521,0.648543,0,0,1.0252,0.144796,0,0.66528,12.849,1,0.84672,0.36288,0,91.1019,3.39402,87.224,0.84672,12.849,0.84672,3695.15,0,0.0036966,2.13595e-05,2.35993,1.99562,8.25241,0.839422,11.7685,0.42336,0.0018483,0.21168,0.0018483,0.21168,460.486,0,1.02816,0,0,3.38809,2.35993,1.028160,1,0,98.9925,0,0,0,98.9925,0
31.1067,2.78356,0,0,4.02655,0.162099,0.36288,3.6288,56.8803,0.648688,0,0,1.32193,0.145015,0,0.66528,12.849,1,0.84672,0.36288,0,76.7042,3.39402,72.8263,0.84672,12.849,0.84672,3695.15,0,0.0036966,2.12764e-05,3.297,1.97573,9.86394,0.839422,14.2972,0.42336,0.0018483,0.21168,0.0018483,0.21168,460.486,0,1.02816,0,0,4.32516,3.297,1.028160,1,0,87.1236,0,0,0,87.1236,0
31.0834,2.78388,0,0,3.30615,0.182667,0.36288,3.6288,57.3122,0.648833,0,0,1.21155,0.130864,0,0.66528,12.849,1,0.84672,0.36288,0,71.0783,3.48156,67.1129,0.84672,12.849,0.84672,3695.15,0,0.0036966,2.10835e-05,2.89209,1.9759,8.23807,0.801089,12.3049,0.42336,0.0018483,0.21168,0.0018483,0.21168,460.486,0,1.02816,0,0,3.92025,2.89209,1.028160,1,0,79.4179,0,0,0,79.4179,0
32.6446,2.32396,0,0,4.43313,0.185101,0.36288,3.6288,57.9005,0.412186,0,0,1.1154,0.114842,0,0.66528,12.849,1,0.84672,0.36288,0,108.886,3.02989,105.372,0.84672,12.849,0.84672,3695.15,0,0.0036966,1.32929e-05,2.07958,1.97607,8.78861,0.796653,12.0476,0.42336,0.0018483,0.21168,0.0018483,0.21168,460.486,0,1.02816,0,0,3.10774,2.07958,1.028160,1,0,117.419,0,0,0,117.419,0
33.2039,2.23025,0,0,3.33917,0.186781,0.36288,3.6288,58.3116,0.5063,0,0,1.0317,0.114382,0,0.66528,12.849,1,0.84672,0.36288,0,109.401,2.94368,105.973,0.84672,12.849,0.84672,3695.15,0,0.0036966,1.61621e-05,2.23192,1.70703,6.3709,0.800705,9.50913,0.42336,0.0018483,0.21168,0.0018483,0.21168,460.486,0,1.02816,0,0,3.26008,2.23192,1.028160,1,0,115.482,0,0,0,115.482,0
34.4436,2.23065,0,0,4.0213,0.188085,0.36288,3.6288,58.6833,0.5063,0,0,0.992693,0.114685,0,0.66528,12.849,1,0.84672,0.36288,0,113.895,2.94368,110.468,0.84672,12.849,0.84672,3695.15,0,0.0036966,1.60482e-05,1.72054,1.76218,7.85497,0.800705,10.537,0.42336,0.0018483,0.21168,0.0018483,0.21168,460.486,0,1.02816,0,0,2.7487,1.72054,1.028160,1,0,121.005,0,0,0,121.005,0
35.2719,2.24157,0,0,3.5991,0.16634,0.36288,3.6288,59.0227,0.506301,0,0,0.972968,0.127287,0,0.66528,12.849,1,0.836206,0.36288,0,118.39,3.49433,114.423,0.84672,12.849,0.84672,3695.15,0,0.0036966,1.59465e-05,2.31647,1.76226,6.46721,0.944062,9.60186,0.42336,0.0018483,0.21168,0.0018483,0.21168,460.486,0,1.02816,0,0,3.34463,2.31647,1.028160,1,0,124.025,0,0,0,124.025,0
36.8457,2.25626,0,0,4.37515,0.182212,0.36288,3.6288,59.8211,0.506301,0,0,1.44484,0.140068,0,0.66528,12.849,1,0.821919,0.36288,0,110.415,4.2597,105.696,0.84672,12.849,0.84672,3695.15,0,0.0036966,1.58549e-05,2.4322,1.76233,9.46045,1.05163,12.6034,0.42336,0.0018483,0.21168,0.0018483,0.21168,460.486,0,1.02816,0,0,3.46036,2.4322,1.028160,1,0,118.299,0,0,0,118.299,0
40.7203,2.36852,0,0,6.80405,0.197993,0.36288,3.6288,61.308,0.564254,0,0,2.5727,0.192996,0.328575,0.66528,12.849,1,0.825961,0.36288,0,203.683,4.34177,198.878,0.84672,12.849,0.84672,3695.15,0,0.0036966,1.74338e-05,4.14009,1.76241,13.8399,1.09998,18.6424,0.42336,0.0018483,0.21168,0.0018483,0.21168,460.486,0,1.02816,0,0,5.16825,4.14009,1.028160,1,0,217.849,0,0,0,217.849,0
42.9187,2.47263,0,0,5.24165,0.207771,0.36288,3.6288,61.308,0.506306,0,0,1.24872,0.210292,0.532124,0.66528,12.849,1,0.78022,0.36288,0,141.328,4.32757,136.583,0.84672,12.849,0.84672,3695.15,0,0.0036966,1.5264e-05,2.21404,1.82898,8.67508,1.08368,11.6344,0.42336,0.0018483,0.21168,0.0018483,0.21168,460.486,0,1.02816,0,0,3.2422,2.21404,1.028160,1,0,148.75,0,0,0,148.75,0
43.2806,2.50371,0,0,3.44166,0.213185,0.36288,3.6288,61.308,0.506306,0,0,0.935496,0.210292,0.218898,0.66528,12.849,1,0.749559,0.36288,0,90.8911,4.32757,86.1768,0.84672,12.849,0.84672,3695.15,0,0.0036966,1.5264e-05,1.51965,1.79515,6.59336,1.08368,8.82445,0.42336,0.0018483,0.21168,0.0018483,0.21168,460.486,0,1.02816,0,0,2.54781,1.51965,1.028160,1,0,95.2202,0,0,0,95.2202,0
43.2448,2.50886,0,0,3.04913,0.213246,0.36288,3.6288,61.308,0.506306,0,0,0.920998,0.21116,0.203532,0.66528,12.849,1,0.744822,0.36288,0,81.3396,4.2772,76.6804,0.84672,12.849,0.84672,3695.15,0,0.0036966,1.5264e-05,1.65502,1.79522,6.80247,1.09361,9.15908,0.42336,0.0018483,0.21168,0.0018483,0.21168,460.486,0,1.02816,0,0,2.68318,1.65502,1.028160,1,0,86.043,0,0,0,86.043,0
43.3139,2.47375,0,0,3.11398,0.20818,0.36288,3.6288,61.308,0.48379,0,0,1.13211,0.216366,0.431952,0.66528,12.849,1,0.735008,0.36288,0,84.0793,3.97498,79.7322,0.84672,12.849,0.84672,3695.15,0,0.0036966,1.45852e-05,2.18189,1.7953,7.41295,1.15321,10.2369,0.42336,0.0018483,0.21168,0.0018483,0.21168,460.486,0,1.02816,0,0,3.21005,2.18189,1.028160,1,0,90.401,0,0,0,90.401,0
42.9961,2.45761,0,0,2.71107,0.208346,0.36288,3.6288,61.308,0.506304,0,0,1.08746,0.216366,0.364786,0.66528,12.849,1,0.729046,0.36288,0,74.6807,3.97498,70.3396,0.84672,12.849,0.84672,3695.15,0,0.0036966,1.52639e-05,1.83119,1.76949,6.93438,1.15321,9.38183,0.42336,0.0018483,0.21168,0.0018483,0.21168,460.486,0,1.02816,0,0,2.85935,1.83119,1.028160,1,0,80.0862,0,0,0,80.0862,0
42.4011,2.45378,0,0,2.4292,0.207584,0.36288,3.6288,61.308,0.506304,0,0,0.960889,0.216366,0.238219,0.66528,12.849,1,0.733288,0.36288,0,64.0967,3.97498,59.7513,0.84672,12.849,0.84672,3695.15,0,0.0036966,1.52639e-05,1.47944,1.78274,6.04111,1.15321,8.15006,0.42336,0.0018483,0.21168,0.0018483,0.21168,460.486,0,1.02816,0,0,2.5076,1.47944,1.028160,1,0,68.1396,0,0,0,68.1396,0
41.6483,2.44619,0,0,2.24613,0.189885,0.36288,3.6288,61.308,0.506304,0,0,0.894076,0.187922,0.19985,0.66528,12.849,1,0.74128,0.36288,0,60.8792,3.38519,57.1156,0.84672,12.849,0.84672,3695.15,0,0.0036966,1.52639e-05,1.35238,1.78281,5.44574,1.00362,7.5773,0.42336,0.0018483,0.21168,0.0018483,0.21168,460.486,0,1.02816,0,0,2.38054,1.35238,1.028160,1,0,64.8927,0,0,0,64.8927,0
40.6603,2.5539,0,0,2.08977,0.160939,0.36288,3.6288,61.308,0.586181,0,0,0.862669,0.207769,0.0687194,0.66528,12.849,1,0.787908,0.36288,0,54.7002,4.00352,50.2716,0.84672,12.849,0.84672,3695.15,0,0.0036966,1.7672e-05,1.47579,1.78289,5.10092,1.06106,7.29852,0.42336,0.0018483,0.21168,0.0018483,0.21168,460.486,0,1.02816,0,0,2.50395,1.47579,1.028160,1,0,57.6389,0,0,0,57.6389,0
39.6144,2.58291,0,0,2.05065,0.150839,0.36288,3.6288,61.308,0.529285,0,0,0.801801,0.22026,0.0522558,0.66528,12.849,1,0.816219,0.36288,0,49.7514,4.34521,44.9528,0.84672,12.849,0.84672,3695.15,0,0.0036966,1.59568e-05,1.30904,1.87353,4.8394,1.10797,6.91398,0.42336,0.0018483,0.21168,0.0018483,0.21168,460.486,0,1.02816,0,0,2.3372,1.30904,1.028160,1,0,51.919,0,0,0,51.919,0
38.3817,2.56685,0,0,1.82502,0.127995,0.36288,3.6288,61.3005,0.52942,0,0,0.761054,0.239146,0,0.66528,12.849,1,0.832564,0.36288,0,44.0136,4.55941,38.9845,0.84672,12.849,0.84672,3695.15,0,0.0036966,1.59608e-05,1.21075,1.84031,4.70771,1.1627,6.59606,0.42336,0.0018483,0.21168,0.0018483,0.21168,460.486,0,1.02816,0,0,2.23891,1.21075,1.028160,1,0,45.5806,0,0,0,45.5806,0
37.083,2.55299,0,0,1.72788,0.110665,0.36288,3.6288,61.247,0.529554,0,0,0.729346,0.253299,0,0.66528,12.849,1,0.84672,0.36288,0,41.938,4.72006,36.734,0.84672,12.849,0.84672,3695.15,0,0.0036966,1.59668e-05,1.07854,1.84047,4.65575,1.20375,6.371,0.42336,0.0018483,0.21168,0.0018483,0.21168,460.486,0,1.02816,0,0,2.1067,1.07854,1.028160,1,0,43.105,0,0,0,43.105,0
35.9723,2.55328,0,0,1.90788,0.102446,0.36288,3.6288,61.1178,0.529689,0,0,0.644126,0.2436,0,0.66528,12.849,1,0.84672,0.36288,0,43.08,4.70117,37.895,0.84672,12.849,0.84672,3695.15,0,0.0036966,1.59848e-05,0.690094,1.84063,4.13839,1.14872,5.52038,0.42336,0.0018483,0.21168,0.0018483,0.21168,460.486,0,1.02816,0,0,1.71825,0.690094,1.028160,1,0,43.4154,0,0,0,43.4154,0
35.0423,2.52311,0,0,2.04847,0.0924902,0.36288,3.6288,60.8926,0.573743,0,0,0.57907,0.230592,0,0.66528,12.849,1,0.84672,0.36288,0,44.8989,4.67597,39.7391,0.84672,12.849,0.84672,3695.15,0,0.0036966,1.73509e-05,0.331137,1.84079,3.18596,1.07534,4.28252,0.42336,0.0018483,0.21168,0.0018483,0.21168,460.486,0,1.02816,0,0,1.3593,0.331137,1.028160,1,0,44.0216,0,0,0,44.0216,0
33.9179,2.5234,0,0,1.8534,0.0914589,0.36288,3.6288,60.5271,0.672617,0,0,0.537398,0.230263,0,0.66528,12.849,1,0.84672,0.36288,0,40.3197,4.67597,35.1599,0.84672,12.849,0.84672,3695.15,0,0.0036966,2.04162e-05,0.261274,1.86917,3.05562,1.07534,4.11071,0.42336,0.0018483,0.21168,0.0018483,0.21168,460.486,0,0.929422,0,0,1.1907,0.261274,1.028160,1,0,39.2706,0,0,0,39.2706,0
32.7264,2.52369,0,0,1.76576,0.0707553,0.36288,3.6288,60.0734,0.666923,0,0,0.508474,0.29522,0,0.66528,12.849,1,0.84672,0.36288,0,36.5264,5.52286,30.5197,0.84672,12.849,0.84672,3695.15,0,0.0036966,2.03657e-05,0.261274,1.86934,2.895,1.38448,3.64111,0.42336,0.0018483,0.21168,0.0018483,0.21168,460.486,0,0.935254,0,0,1.19653,0.261274,1.028160,1,0,34.1608,0,0,0,34.1608,0
31.3406,2.52397,0,0,1.56761,0.0665236,0.36288,3.6288,59.5438,0.699771,0,0,0.475438,0.305252,0,0.66528,12.849,1,0.84672,0.36288,0,33.4075,5.66402,27.2597,0.84672,12.849,0.84672,3695.15,0,0.0036966,2.15301e-05,0.261274,1.8695,2.79958,1.436,3.49433,0.42336,0.0018483,0.21168,0.0018483,0.21168,460.486,0,0.902543,0,0,1.16382,0.261274,1.028160,1,0,30.754,0,0,0,30.754,0
30.1645,2.60293,0,0,1.85487,0.0652055,0.36288,3.6288,59.0547,0.674924,0,0,0.510081,0.324263,0,0.66528,12.849,1,0.84672,0.36288,0,36.1131,5.69646,29.9328,0.84672,12.849,0.84672,3695.15,0,0.0036966,2.09503e-05,0.261274,1.86966,2.64802,1.53449,3.24444,0.42336,0.0018483,0.21168,0.0018483,0.21168,460.486,0,0.966686,0,0,1.22796,0.261274,1.028160,1,0,33.1773,0,0,0,33.1773,0
28.7768,2.60322,0,0,1.64261,0.064204,0.36288,3.6288,58.4506,0.759873,0,0,0.478996,0.323249,0,0.66528,12.849,1,0.84672,0.36288,0,34.0252,5.69646,27.8449,0.84672,12.849,0.84672,3695.15,0,0.0036966,2.37826e-05,0.261274,1.91482,2.62227,1.53449,3.26384,0.42336,0.0018483,0.21168,0.0018483,0.21168,460.486,0,0.881876,0,0,1.14315,0.261274,1.028160,1,0,31.1087,0,0,0,31.1087,0
27.2395,2.60351,0,0,1.49213,0.0630131,0.36288,3.6288,57.7946,0.8,0,0,0.466018,0.321997,0,0.66528,12.849,1,0.84672,0.36288,0,32.0293,5.69646,25.849,0.84672,12.849,0.84672,3695.15,0,0.0036966,2.52973e-05,0.227405,1.91498,2.52864,1.53449,3.13652,0.42336,0.0018483,0.21168,0.0018483,0.21168,460.486,0,0.84189,0,0,1.0693,0.227405,1.028160,1,0,28.9855,0,0,0,28.9855,0
25.4857,2.6038,0,0,1.26378,0.0509285,0.36288,3.6288,57.1226,0.809316,0,0,0.463488,0.32617,0,0.66528,12.849,1,0.84672,0.36288,0,30.5245,5.97326,24.0674,0.84672,12.849,0.84672,3695.15,0,0.0036966,2.58823e-05,0.227405,1.91515,2.48136,1.53499,3.0889,0.42336,0.0018483,0.21168,0.0018483,0.21168,460.486,0,0.832715,0,0,1.06012,0.227405,1.028160,1,0,27.1563,0,0,0,27.1563,0
23.7052,2.69185,0,0,1.33649,0.0621913,0.36288,3.6288,56.2211,0.986101,0,0,0.40932,0.324685,0,0.66528,12.849,1,0.84672,0.36288,0,26.8098,5.82477,20.5012,0.84672,12.849,0.84672,3695.15,0,0.0036966,0.0018483,0.227405,1.91531,2.43391,1.492,3.08278,0.42336,0.0018483,0.21168,0.0018483,0.21168,460.486,0,0.707339,0,0,0.934744,0.227405,1.028160,1,0,23.584,0,0,0,23.584,0
22.1758,2.69215,0,0,1.59034,0.0647203,0.36288,3.6288,55.394,0.935392,0,0,0.438669,0.330418,0,0.66528,12.849,1,0.84672,0.36288,0,28.9253,5.82918,22.6122,0.84672,12.849,0.84672,3695.15,0,0.0036966,0.0018483,0.227405,1.98775,2.45749,1.5377,3.1331,0.42336,0.0018483,0.21168,0.0018483,0.21168,460.486,0,0.758048,0,0,0.985452,0.227405,1.028160,1,0,25.7453,0,0,0,25.7453,0
20.3331,2.69244,0,0,1.276,0.0633742,0.36288,3.6288,54.303,1.10735,0,0,0.344939,0.328632,0,0.66528,12.849,1,0.84672,0.36288,0,34.0223,5.82918,27.7093,0.84672,12.849,0.84672,3695.15,0,0.0036966,0.0018483,0.204422,1.98792,2.04142,1.5377,2.69422,0.42336,0.0018483,0.21168,0.0018483,0.21168,460.486,0,0.586094,0,0,0.790517,0.204422,1.028160,1,0,30.4035,0,0,0,30.4035,0
18.7269,2.69272,0,0,1.51119,0.0617999,0.36288,3.6288,53.7945,0.708687,0,0,0.526537,0.326278,0,0.66528,12.849,1,0.84672,0.36288,0,29.2022,5.82918,22.8891,0.84672,12.849,0.84672,3695.15,0,0.0036966,0.0018483,0.204422,1.98809,2.76062,1.5377,3.41359,0.42336,0.0018483,0.21168,0.0018483,0.21168,460.486,0,0.984753,0,0,1.18918,0.204422,1.028160,1,0,26.3027,0,0,0,26.3027,0
17.1198,2.69301,0,0,1.50188,0.0531449,0.36288,3.6288,52.9725,0.925508,0,0,0.422119,0.318686,0,0.66528,12.849,1,0.84672,0.36288,0,29.9614,5.56942,23.9082,0.84672,12.849,0.84672,3695.15,0,0.0036966,0.0018483,0.204422,1.98826,2.72064,1.46595,3.44553,0.42336,0.0018483,0.21168,0.0018483,0.21168,460.486,0,0.767932,0,0,0.972354,0.204422,1.028160,1,0,27.3537,0,0,0,27.3537,0
15.8654,2.72367,0,0,1.90383,0.0715969,0.36288,3.6288,52.2696,0.930286,0,0,0.501652,0.274182,0,0.66528,12.849,1,0.84672,0.36288,0,30.2333,4.29487,25.4545,0.84672,12.849,0.84672,3695.15,0,0.0036966,0.0018483,0.204422,1.98844,2.33295,1.21451,3.30944,0.42336,0.0018483,0.21168,0.0018483,0.21168,460.486,0,0.763154,0,0,0.967576,0.204422,1.028160,1,0,28.764,0,0,0,28.764,0
14.8144,2.72396,0,0,2.1451,0.109258,0.36288,3.6288,52.0654,0.66528,0,0,0.702678,0.241656,0,0.66528,12.849,1,0.84672,0.36288,0,29.153,3.43844,25.2307,0.84672,12.849,0.84672,3695.15,0,0.0036966,0.0018483,0.233012,1.98141,3.11555,1.02749,4.30063,0.42336,0.0018483,0.21168,0.0018483,0.21168,460.486,0,1.02816,0,0,1.26117,0.233012,1.028160,1,0,29.5314,0,0,0,29.5314,0
13.6311,2.72424,0,0,2.0123,0.108482,0.36288,3.6288,51.8507,0.686318,0,0,0.71388,0.242204,0,0.66528,12.849,1,0.84672,0.36288,0,35.8826,3.45471,31.9441,0.84672,12.849,0.84672,3695.15,0,0.0036966,0.0018483,0.216518,1.98158,3.15228,1.03681,4.31171,0.42336,0.0018483,0.21168,0.0018483,0.21168,460.486,0,1.00712,0,0,1.22364,0.216518,1.028160,1,0,36.2558,0,0,0,36.2558,0
12.6971,2.72452,0,0,2.25915,0.105767,0.36288,3.6288,51.8328,0.66528,0,0,0.889073,0.241785,0,0.66528,12.849,1,0.84672,0.36288,0,57.7287,3.45471,53.7901,0.84672,12.849,0.84672,3695.15,0,0.0036966,0.0018483,0.433123,1.98175,4.01311,1.03681,5.38932,0.42336,0.0018483,0.21168,0.0018483,0.21168,460.486,0,1.02816,0,0,1.46128,0.433123,1.028160,1,0,59.1794,0,0,0,59.1794,0
11.3452,2.63254,0,0,1.74939,0.105893,0.36288,3.6288,51.7153,0.592732,0,0,0.700825,0.225582,0,0.66528,12.849,1,0.84672,0.36288,0,49.3556,4.28676,44.585,0.84672,12.849,0.84672,3695.15,0,0.0036966,2.11362e-05,0.472202,1.98192,3.78082,1.08821,5.14671,0.42336,0.0018483,0.21168,0.0018483,0.21168,460.486,0,1.02816,0,0,1.50036,0.472202,1.028160,1,0,49.7317,0,0,0,49.7317,0
9.57709,2.6328,0,0,1.33066,0.10309,0.36288,3.6288,50.8864,1.03437,0,0,0.428182,0.222676,0,0.66528,12.849,1,0.84672,0.36288,0,27.3408,4.42543,22.4315,0.84672,12.849,0.84672,3695.15,0,0.0036966,3.69683e-05,0.216518,1.9044,3.04444,1.09678,4.06855,0.42336,0.0018483,0.21168,0.0018483,0.21168,460.486,0,0.586647,0,0,0.803166,0.216518,1.028160,1,0,26.5,0,0,0,26.5,0
9.3704,2.63302,0,0,2.88796,0.0987574,0.36288,3.6288,50.966,0.593012,0,0,0.893785,0.221184,0,0.66528,12.849,1,0.84672,0.36288,0,40.9098,4.42543,36.0005,0.84672,12.849,0.84672,3695.15,0,0.0036966,2.15394e-05,0.770403,1.90457,4.40286,1.09678,5.98103,0.42336,0.0018483,0.21168,0.0018483,0.21168,460.486,0,1.02816,0,0,1.79856,0.770403,1.028160,1,0,41.9815,0,0,0,41.9815,0
12.1771,2.63331,0,0,5.90107,0.0981677,0.36288,3.6288,51.8812,0.593152,0,0,1.72965,0.221328,0,0.66528,12.849,1,0.84672,0.36288,0,81.9462,4.42543,77.0369,0.84672,12.849,0.84672,3695.15,0,0.0036966,2.15109e-05,2.90016,1.90473,7.06898,1.09678,10.7771,0.42336,0.0018483,0.21168,0.0018483,0.21168,460.486,0,1.02816,0,0,3.92832,2.90016,1.028160,1,0,87.814,0,0,0,87.814,0
13.1411,2.37162,0,0,3.81911,0.120579,0.36288,3.6288,52.1427,0.430426,0,0,0.881582,0.189596,0,0.66528,12.849,1,0.84672,0.36288,0,45.5361,3.98885,41.0634,0.84672,12.849,0.84672,3695.15,0,0.0036966,1.53342e-05,0.792539,1.9049,4.34151,1.00645,6.03249,0.42336,0.0018483,0.21168,0.0018483,0.21168,460.486,0,1.02816,0,0,1.8207,0.792539,1.028160,1,0,47.0959,0,0,0,47.0959,0
15.0602,2.29619,0,0,4.70705,0.128971,0.36288,3.6288,52.8639,0.5063,0,0,1.38859,0.161105,0,0.66528,12.849,1,0.84672,0.36288,0,62.5104,3.76887,58.2577,0.84672,12.849,0.84672,3695.15,0,0.0036966,1.79468e-05,1.14502,1.7301,6.9203,0.975816,8.81958,0.42336,0.0018483,0.21168,0.0018483,0.21168,460.486,0,1.02816,0,0,2.17318,1.14502,1.028160,1,0,67.0773,0,0,0,67.0773,0
17.5299,2.29663,0,0,5.26362,0.134399,0.36288,3.6288,53.5463,0.5063,0,0,1.35078,0.162041,0,0.66528,12.849,1,0.84672,0.36288,0,93.9495,3.76887,89.6968,0.84672,12.849,0.84672,3695.15,0,0.0036966,1.7702e-05,1.80129,1.77458,7.95891,0.975816,10.5589,0.42336,0.0018483,0.21168,0.0018483,0.21168,460.486,0,1.02816,0,0,2.82945,1.80129,1.028160,1,0,100.256,0,0,0,100.256,0
19.7904,2.29707,0,0,5.06077,0.140315,0.36288,3.6288,54.3535,0.506301,0,0,1.47639,0.162926,0,0.66528,12.849,1,0.84672,0.36288,0,67.1863,3.76887,62.9336,0.84672,12.849,0.84672,3695.15,0,0.0036966,1.74764e-05,1.4946,1.77465,7.08368,0.975816,9.3771,0.42336,0.0018483,0.21168,0.0018483,0.21168,460.486,0,1.02816,0,0,2.52276,1.4946,1.028160,1,0,72.3107,0,0,0,72.3107,0
21.9256,2.29751,0,0,4.93918,0.143543,0.36288,3.6288,55.0292,0.506301,0,0,1.33915,0.157146,0,0.66528,12.849,1,0.84672,0.36288,0,83.6972,3.59724,79.6161,0.84672,12.849,0.84672,3695.15,0,0.0036966,1.72168e-05,1.21788,1.77473,6.73894,0.88761,8.84392,0.42336,0.0018483,0.21168,0.0018483,0.21168,460.486,0,1.02816,0,0,2.24604,1.21788,1.028160,1,0,88.46,0,0,0,88.46,0
22.7396,2.39879,0,0,3.70567,0.129985,0.36288,3.6288,55.3598,0.553476,0,0,1.05647,0.172448,0,0.66528,12.849,1,0.84672,0.36288,0,82.0472,3.3914,78.1719,0.84672,12.849,0.84672,3695.15,0,0.0036966,1.859e-05,1.57985,1.77481,6.67035,0.779104,9.24588,0.42336,0.0018483,0.21168,0.0018483,0.21168,460.486,0,1.02816,0,0,2.60801,1.57985,1.028160,1,0,87.4178,0,0,0,87.4178,0
22.8106,2.44635,0,0,3.01855,0.13833,0.36288,3.6288,55.6195,0.506293,0,0,0.939946,0.173953,0,0.66528,12.849,1,0.84672,0.36288,0,66.5237,3.45878,62.5811,0.84672,12.849,0.84672,3695.15,0,0.0036966,1.69036e-05,1.21296,1.83023,5.41738,0.816805,7.64375,0.42336,0.0018483,0.21168,0.0018483,0.21168,460.486,0,1.02816,0,0,2.24112,1.21296,1.028160,1,0,70.2248,0,0,0,70.2248,0
23.4185,2.44673,0,0,3.59314,0.175638,0.36288,3.6288,56.1926,0.506293,0,0,1.25154,0.172104,0,0.66528,12.849,1,0.84672,0.36288,0,68.5572,3.51476,64.5586,0.84672,12.849,0.84672,3695.15,0,0.0036966,1.68247e-05,1.64455,1.80269,6.08392,0.784115,8.74703,0.42336,0.0018483,0.21168,0.0018483,0.21168,460.486,0,1.02816,0,0,2.67271,1.64455,1.028160,1,0,73.3056,0,0,0,73.3056,0
24.2746,2.44712,0,0,3.84142,0.175348,0.36288,3.6288,56.4695,0.506293,0,0,0.952404,0.169161,0,0.66528,12.849,1,0.84672,0.36288,0,67.0274,3.37543,63.1681,0.84672,12.849,0.84672,3695.15,0,0.0036966,1.66531e-05,1.50232,1.80276,4.7292,0.680558,7.35371,0.42336,0.0018483,0.21168,0.0018483,0.21168,460.486,0,1.02816,0,0,2.53048,1.50232,1.028160,1,0,70.5218,0,0,0,70.5218,0
28.4707,2.7715,0,0,7.51254,0.182023,0.36288,3.6288,57.2877,0.66528,0,0,1.64938,0.16597,0,0.66528,12.849,1,0.84672,0.36288,0,125.498,3.77444,121.239,0.84672,12.849,0.84672,3695.15,0,0.0036966,0.0018483,3.99809,1.80283,14.7368,0.843521,19.6924,0.42336,0.0018483,0.21168,0.0018483,0.21168,460.486,0,1.02816,0,0,5.02625,3.99809,1.028160,1,0,140.932,0,0,0,140.932,0
31.2739,2.7994,0,0,6.16042,0.195001,0.36288,3.6288,58.8046,0.656009,0,0,2.33836,0.165449,0,0.66528,12.849,1,0.84672,0.36288,0,122.777,3.93403,118.359,0.84672,12.849,0.84672,3695.15,0,0.0036966,2.11651e-05,3.88579,2.00051,13.0766,0.908706,18.0542,0.42336,0.0018483,0.21168,0.0018483,0.21168,460.486,0,1.02816,0,0,4.91395,3.88579,1.028160,1,0,136.413,0,0,0,136.413,0
32.2414,2.7997,0,0,4.33253,0.202459,0.36288,3.6288,59.5098,0.656141,0,0,1.52842,0.167077,0,0.66528,12.849,1,0.84672,0.36288,0,71.8185,3.93403,67.4007,0.84672,12.849,0.84672,3695.15,0,0.0036966,2.06233e-05,1.30192,1.98452,7.29657,0.908706,9.67428,0.42336,0.0018483,0.21168,0.0018483,0.21168,460.486,0,1.02816,0,0,2.33008,1.30192,1.028160,1,0,77.0749,0,0,0,77.0749,0
32.4749,2.79999,0,0,3.60139,0.204947,0.36288,3.6288,60.0084,0.656273,0,0,1.32271,0.167834,0,0.66528,12.849,1,0.84672,0.36288,0,50.4298,3.93403,46.0119,0.84672,12.849,0.84672,3695.15,0,0.0036966,2.0383e-05,0.898983,1.98468,5.95536,0.908706,7.9303,0.42336,0.0018483,0.21168,0.0018483,0.21168,460.486,0,1.02816,0,0,1.92714,0.898983,1.028160,1,0,53.9422,0,0,0,53.9422,0
33.8334,2.33801,0,0,4.26184,0.202537,0.36288,3.6288,61.308,0.418565,0,0,1.98259,0.198298,0.0661026,0.66528,12.849,1,0.84672,0.36288,0,76.9352,4.30942,72.142,0.84672,12.849,0.84672,3695.15,0,0.0036966,1.28921e-05,1.98262,1.98483,9.83584,1.11393,12.6893,0.42336,0.0018483,0.21168,0.0018483,0.21168,460.486,0,1.02816,0,0,3.01078,1.98262,1.028160,1,0,84.8974,0,0,0,84.8974,0
35.3133,2.25065,0,0,4.30273,0.209216,0.36288,3.6288,61.308,0.50629,0,0,2.35205,0.169629,1.67613,0.66528,12.849,1,0.84672,0.36288,0,82.5267,4.16482,77.878,0.84672,12.849,0.84672,3695.15,0,0.0036966,1.52635e-05,2.95453,1.71459,12.2926,1.04654,15.9152,0.42336,0.0018483,0.21168,0.0018483,0.21168,460.486,0,1.02816,0,0,3.98269,2.95453,1.028160,1,0,95.4694,0,0,0,95.4694,0
37.1769,2.27131,0,0,4.71078,0.213026,0.36288,3.6288,61.308,0.50629,0,0,2.06314,0.169629,1.38722,0.66528,12.849,1,0.826431,0.36288,0,91.3291,4.16482,86.7007,0.84672,12.849,0.84672,3695.15,0,0.0036966,1.52635e-05,2.19095,1.766,11.4306,1.04654,14.341,0.42336,0.0018483,0.21168,0.0018483,0.21168,460.486,0,1.02816,0,0,3.21911,2.19095,1.028160,1,0,102.429,0,0,0,102.429,0
38.4613,2.30237,0,0,4.1675,0.217823,0.36288,3.6288,61.308,0.50629,0,0,1.97107,0.169629,1.29515,0.66528,12.849,1,0.795739,0.36288,0,79.7463,4.16482,75.1487,0.84672,12.849,0.84672,3695.15,0,0.0036966,1.52635e-05,1.8929,1.76607,10.3573,1.04654,12.9697,0.42336,0.0018483,0.21168,0.0018483,0.21168,460.486,0,1.02816,0,0,2.92106,1.8929,1.028160,1,0,89.4135,0,0,0,89.4135,0
39.2345,2.32256,0,0,3.6906,0.231957,0.36288,3.6288,61.308,0.50629,0,0,2.47891,0.188444,1.78418,0.66528,12.849,1,0.775911,0.36288,0,71.6774,3.62805,67.6364,0.84672,12.849,0.84672,3695.15,0,0.0036966,1.52635e-05,1.94882,1.76613,9.97972,1.04756,12.6471,0.42336,0.0018483,0.21168,0.0018483,0.21168,460.486,0,1.02816,0,0,2.97698,1.94882,1.028160,1,0,82.0676,0,0,0,82.0676,0
39.4411,2.42204,0,0,3.22243,0.230952,0.36288,3.6288,61.308,0.564498,0,0,2.6862,0.179511,1.94219,0.66528,12.849,1,0.7932,0.36288,0,67.4636,3.90495,63.1284,0.84672,12.849,0.84672,3695.15,0,0.0036966,1.70183e-05,2.3794,1.7662,8.58368,1.05276,11.6765,0.42336,0.0018483,0.21168,0.0018483,0.21168,460.486,0,1.02816,0,0,3.40756,2.3794,1.028160,1,0,76.747,0,0,0,76.747,0
39.8702,2.46936,0,0,3.49286,0.231502,0.36288,3.6288,61.308,0.506295,0,0,2.03489,0.179511,1.34909,0.66528,12.849,1,0.804462,0.36288,0,69.1651,3.90495,64.8186,0.84672,12.849,0.84672,3695.15,0,0.0036966,1.52637e-05,1.9614,1.83306,7.80252,1.05276,10.5442,0.42336,0.0018483,0.21168,0.0018483,0.21168,460.486,0,1.02816,0,0,2.98956,1.9614,1.028160,1,0,76.7119,0,0,0,76.7119,0
39.5881,2.4762,0,0,2.76287,0.205917,0.36288,3.6288,61.308,0.506295,0,0,1.73252,0.21898,1.00724,0.66528,12.849,1,0.798006,0.36288,0,55.6981,4.41459,50.8484,0.84672,12.849,0.84672,3695.15,0,0.0036966,1.52637e-05,1.49394,1.79907,7.42908,1.19534,9.52674,0.42336,0.0018483,0.21168,0.0018483,0.21168,460.486,0,1.02816,0,0,2.5221,1.49394,1.028160,1,0,61.3824,0,0,0,61.3824,0
38.7578,2.47219,0,0,2.19,0.185258,0.36288,3.6288,61.308,0.506295,0,0,1.3374,0.248582,0.582526,0.66528,12.849,1,0.802391,0.36288,0,39.1987,4.79682,33.9624,0.84672,12.849,0.84672,3695.15,0,0.0036966,1.52637e-05,0.962539,1.79914,4.54921,1.30227,6.00861,0.42336,0.0018483,0.21168,0.0018483,0.21168,460.486,0,1.02816,0,0,1.9907,0.962539,1.028160,1,0,40.5535,0,0,0,40.5535,0
37.9528,2.42536,0,0,2.21371,0.23043,0.36288,3.6288,61.308,0.48368,0,0,0.981115,0.188563,0.308872,0.66528,12.849,1,0.804059,0.36288,0,46.0194,3.93656,41.6417,0.84672,12.849,0.84672,3695.15,0,0.0036966,1.45819e-05,1.03526,1.79921,4.4979,1.13607,6.19629,0.42336,0.0018483,0.21168,0.0018483,0.21168,460.486,0,1.02816,0,0,2.06342,1.03526,1.028160,1,0,48.1468,0,0,0,48.1468,0
37.0422,2.39601,0,0,2.01633,0.168025,0.36288,3.6288,61.308,0.506293,0,0,0.820195,0.227801,0.0861014,0.66528,12.849,1,0.811173,0.36288,0,41.7628,4.28252,37.032,0.84672,12.849,0.84672,3695.15,0,0.0036966,1.52636e-05,0.862635,1.77327,4.1528,1.15672,5.63197,0.42336,0.0018483,0.21168,0.0018483,0.21168,460.486,0,1.02816,0,0,1.89079,0.862635,1.028160,1,0,42.7501,0,0,0,42.7501,0
36.1072,2.38148,0,0,1.96565,0.156298,0.36288,3.6288,61.308,0.506293,0,0,0.895882,0.23434,0.155248,0.66528,12.849,1,0.826074,0.36288,0,40.4685,4.34017,35.6651,0.84672,12.849,0.84672,3695.15,0,0.0036966,1.52636e-05,1.03335,1.78658,4.70682,1.16017,6.36657,0.42336,0.0018483,0.21168,0.0018483,0.21168,460.486,0,1.02816,0,0,2.06151,1.03335,1.028160,1,0,42.1869,0,0,0,42.1869,0
35.0616,2.36597,0,0,1.83786,0.154568,0.36288,3.6288,61.308,0.506293,0,0,0.88109,0.23434,0.140456,0.66528,12.849,1,0.841947,0.36288,0,36.9029,4.34017,32.0837,0.84672,12.849,0.84672,3695.15,0,0.0036966,1.52636e-05,0.811011,1.78665,4.22473,1.16017,5.6622,0.42336,0.0018483,0.21168,0.0018483,0.21168,460.486,0,1.02816,0,0,1.83917,0.811011,1.028160,1,0,37.8863,0,0,0,37.8863,0
33.7517,2.51616,0,0,1.71885,0.149714,0.36288,3.6288,61.1967,0.586515,0,0,0.696433,0.221188,0,0.66528,12.849,1,0.84672,0.36288,0,34.2772,4.14193,29.6514,0.84672,12.849,0.84672,3695.15,0,0.0036966,1.76821e-05,0.596393,1.78672,3.61058,1.13953,4.85414,0.42336,0.0018483,0.21168,0.0018483,0.21168,460.486,0,1.02816,0,0,1.62455,0.596393,1.028160,1,0,34.5056,0,0,0,34.5056,0
32.1155,2.56705,0,0,1.42074,0.127072,0.36288,3.6288,61.0417,0.536006,0,0,0.598439,0.217418,0,0.66528,12.849,1,0.84672,0.36288,0,27.0149,4.18288,22.3481,0.84672,12.849,0.84672,3695.15,0,0.0036966,1.61888e-05,0.515869,1.87774,3.10416,1.08895,4.4088,0.42336,0.0018483,0.21168,0.0018483,0.21168,460.486,0,1.02816,0,0,1.54403,0.515869,1.028160,1,0,26.7569,0,0,0,26.7569,0
30.4637,2.56731,0,0,1.40294,0.124511,0.36288,3.6288,60.9384,0.536128,0,0,0.650005,0.217205,0,0.66528,12.849,1,0.84672,0.36288,0,26.1249,4.18288,21.4581,0.84672,12.849,0.84672,3695.15,0,0.0036966,1.62336e-05,0.483417,1.84825,3.40334,1.08895,4.64604,0.42336,0.0018483,0.21168,0.0018483,0.21168,460.486,0,1.02816,0,0,1.51158,0.483417,1.028160,1,0,26.1042,0,0,0,26.1042,0
28.7235,2.56757,0,0,1.3121,0.121891,0.36288,3.6288,60.7849,0.536251,0,0,0.599776,0.217063,0,0.66528,12.849,1,0.84672,0.36288,0,24.438,4.18288,19.7713,0.84672,12.849,0.84672,3695.15,0,0.0036966,1.62648e-05,0.421062,1.8484,2.98826,1.08895,4.16875,0.42336,0.0018483,0.21168,0.0018483,0.21168,460.486,0,1.02816,0,0,1.44922,0.421062,1.028160,1,0,23.94,0,0,0,23.94,0
26.9819,2.56783,0,0,1.29263,0.103452,0.36288,3.6288,60.6079,0.536373,0,0,0.581246,0.221876,0,0.66528,12.849,1,0.84672,0.36288,0,24.1359,4.56048,19.0916,0.84672,12.849,0.84672,3695.15,0,0.0036966,1.63096e-05,0.528872,1.84854,3.25985,1.10074,4.5365,0.42336,0.0018483,0.21168,0.0018483,0.21168,460.486,0,1.02816,0,0,1.55703,0.528872,1.028160,1,0,23.6281,0,0,0,23.6281,0
25.3438,2.5375,0,0,1.34673,0.0845121,0.36288,3.6288,60.4025,0.580604,0,0,0.580096,0.20484,0,0.66528,12.849,1,0.84672,0.36288,0,26.9843,4.82286,21.6776,0.84672,12.849,0.84672,3695.15,0,0.0036966,1.77061e-05,1.02184,1.84869,3.80517,1.03344,5.64223,0.42336,0.0018483,0.21168,0.0018483,0.21168,460.486,0,1.02816,0,0,2.05,1.02184,1.028160,1,0,27.3198,0,0,0,27.3198,0
23.5864,2.53776,0,0,1.22586,0.0825794,0.36288,3.6288,60.1598,0.58073,0,0,0.542563,0.204572,0,0.66528,12.849,1,0.84672,0.36288,0,25.9051,4.82286,20.5984,0.84672,12.849,0.84672,3695.15,0,0.0036966,1.77702e-05,0.748043,1.87718,3.57462,1.03344,5.16638,0.42336,0.0018483,0.21168,0.0018483,0.21168,460.486,0,1.02816,0,0,1.7762,0.748043,1.028160,1,0,25.7647,0,0,0,25.7647,0
21.7407,2.53801,0,0,1.12721,0.072046,0.36288,3.6288,59.86,0.580856,0,0,0.518009,0.236925,0,0.66528,12.849,1,0.84672,0.36288,0,22.9655,5.24631,17.2353,0.84672,12.849,0.84672,3695.15,0,0.0036966,1.78457e-05,0.739195,1.87733,3.43953,1.18801,4.86803,0.42336,0.0018483,0.21168,0.0018483,0.21168,460.486,0,1.02816,0,0,1.76736,0.739195,1.028160,1,0,22.1033,0,0,0,22.1033,0
19.8397,2.53825,0,0,1.05937,0.0592561,0.36288,3.6288,59.4823,0.580982,0,0,0.48324,0.279947,0,0.66528,12.849,1,0.84672,0.36288,0,20.3871,5.81091,14.0924,0.84672,12.849,0.84672,3695.15,0,0.0036966,1.7939e-05,0.706432,1.87747,3.3112,1.3941,4.50099,0.42336,0.0018483,0.21168,0.0018483,0.21168,460.486,0,1.02816,0,0,1.73459,0.706432,1.028160,1,0,18.5934,0,0,0,18.5934,0
17.8143,2.6175,0,0,1.01789,0.0629085,0.36288,3.6288,58.9921,0.62043,0,0,0.422474,0.292274,0,0.66528,12.849,1,0.84672,0.36288,0,19.5104,5.7048,13.3218,0.84672,12.849,0.84672,3695.15,0,0.0036966,1.92787e-05,0.527619,1.87762,2.98206,1.47503,3.91225,0.42336,0.0018483,0.21168,0.0018483,0.21168,460.486,0,1.02816,0,0,1.55578,0.527619,1.028160,1,0,17.234,0,0,0,17.234,0
15.7137,2.61775,0,0,0.941985,0.0619739,0.36288,3.6288,58.4746,0.620559,0,0,0.396606,0.293517,0,0.66528,12.849,1,0.84672,0.36288,0,18.3252,5.68712,12.1542,0.84672,12.849,0.84672,3695.15,0,0.0036966,1.94429e-05,0.359053,1.92296,2.75117,1.48852,3.54465,0.42336,0.0018483,0.21168,0.0018483,0.21168,460.486,0,1.02816,0,0,1.38721,0.359053,1.028160,1,0,15.6989,0,0,0,15.6989,0
13.4962,2.61798,0,0,0.815098,0.0517061,0.36288,3.6288,57.9494,0.620688,0,0,0.394944,0.299483,0,0.66528,12.849,1,0.84672,0.36288,0,17.4843,5.92893,11.0716,0.84672,12.849,0.84672,3695.15,0,0.0036966,1.96191e-05,0.343846,1.92311,2.7879,1.51856,3.53627,0.42336,0.0018483,0.21168,0.0018483,0.21168,460.486,0,1.02816,0,0,1.37201,0.343846,1.028160,1,0,14.6078,0,0,0,14.6078,0
11.1604,2.6182,0,0,0.699503,0.054176,0.36288,3.6288,57.4206,0.620817,0,0,0.378717,0.286731,0,0.66528,12.849,1,0.84672,0.36288,0,16.3511,5.80955,10.0577,0.84672,12.849,0.84672,3695.15,0,0.0036966,1.9801e-05,0.315636,1.92326,2.669,1.38511,3.52277,0.42336,0.0018483,0.21168,0.0018483,0.21168,460.486,0,1.02816,0,0,1.3438,0.315636,1.028160,1,0,13.5805,0,0,0,13.5805,0
8.62381,2.70653,0,0,0.584537,0.0517541,0.36288,3.6288,56.8058,0.66528,0,0,0.340427,0.289939,0,0.66528,12.849,1,0.84672,0.36288,0,14.2675,5.8113,7.97235,0.84672,12.849,0.84672,3695.15,0,0.0036966,0.0018483,0.357221,1.92341,2.44122,1.43547,3.28453,0.42336,0.0018483,0.21168,0.0018483,0.21168,460.486,0,1.02816,0,0,1.38538,0.357221,1.028160,1,0,11.2569,0,0,0,11.2569,0
5.99731,2.70668,0,0,0.491892,0.0488319,0.36288,3.6288,56.1569,0.66528,0,0,0.310785,0.294344,0,0.66528,12.849,1,0.84672,0.36288,0,13.3728,5.81364,7.07534,0.84672,12.849,0.84672,3695.15,0,0.0036966,0.0018483,0.459613,1.99613,2.22714,1.50262,3.17842,0.42336,0.0018483,0.21168,0.0018483,0.21168,460.486,0,1.02816,0,0,1.48777,0.459613,1.028160,1,0,10.2538,0,0,0,10.2538,0
3.36417,2.7067,0,0,0.481463,0.0450218,0.36288,3.6288,55.4891,0.66528,0,0,0.290577,0.293101,0,0.66528,12.849,1,0.84672,0.36288,0,12.203,5.81364,5.90557,0.84672,12.849,0.84672,3695.15,0,0.0036966,0.0018483,0.376039,1.99629,2.23536,1.50262,3.10322,0.42336,0.0018483,0.21168,0.0018483,0.21168,460.486,0,1.02816,0,0,1.4042,0.376039,1.028160,1,0,9.00879,0,0,0,9.00879,0
0.953384,2.70633,0,0,0.699496,0.0410804,0.36288,3.6288,54.8659,0.66528,0,0,0.333883,0.291822,0,0.66528,12.849,1,0.84672,0.36288,0,13.8985,5.81364,7.601,0.84672,12.849,0.84672,3695.15,0,0.0036966,0.0018483,0.625622,1.99645,2.47838,1.50262,3.59598,0.42336,0.0018483,0.21168,0.0018483,0.21168,460.486,0,1.02816,0,0,1.65378,0.625622,1.028160,1,0,11.197,0,0,0,11.197,0
0.475589,0.953384,0,0,0.885489,0.0470199,0.36288,3.6288,54.424,0.66528,0,0,0.503152,0.279737,0,0.66528,12.849,1,0.84672,0.36288,0,20.2464,5.5763,14.1863,0.84672,12.849,0.84672,3695.15,0,0.0036966,0.0018483,1.30715,1.9966,2.96278,1.44337,4.82131,0.42336,0.0018483,0.21168,0.0018483,0.21168,460.486,0,1.02816,0,0,2.33531,1.30715,1.028160,1,0,19.0076,0,0,0,19.0076,0
0,0.475589,0,0,0.333678,0.0370542,0.296623,3.6288,53.6835,0.66528,0,0,0.187797,0.263112,0,0.66528,12.0098,1,0.84672,0.296623,0,7.00367,5.13166,3.20544,0.84672,12.0098,0.84672,3694.11,0,0.0036966,0.0018483,0.245402,1.99676,1.62412,1.24442,2.62001,0.42336,0.0018483,0.21168,0.0018483,0.21168,460.486,0,1.02816,0,0,1.27356,0.245402,1.028160,1,0,5.82545,0,0,0,5.82545,0
0,0,0,0,0.271439,0.0363057,0.235134,3.6288,52.6607,0.915555,0,0,0.154571,0.261774,0,0.66528,11.1684,1,0.84672,0.235134,0,6.43137,5.13166,3.20544,0.84672,11.1684,0.84672,3692.43,0,0.0036966,0.0018483,0.216518,1.98969,1.46747,1.24442,2.42741,0.42336,0.0018483,0.21168,0.0018483,0.21168,460.486,0,0.777885,0,0,0.994404,0.216518,1.028160,1,0,5.63285,0,0,0,5.63285,0
0.0234595,0,0,0,0.44847,0.0621309,0.36288,3.6288,52.0271,0.66528,0,0,0.234071,0.202403,0,0.66528,10.3398,1,0.84672,0.36288,0,9.15633,4.30114,3.20544,0.84672,10.3398,0.84672,3694.43,0,0.0036966,0.0018483,0.235803,1.98984,1.94408,0.984829,3.18305,0.42336,0.0018483,0.21168,0.0018483,0.21168,460.486,0,1.02816,0,0,1.26396,0.235803,1.028160,1,0,6.38849,0,0,0,6.38849,0
0.555894,0.0234595,0,0,1.00036,0.0815828,0.36288,3.6288,51.5754,0.66528,0,0,0.372306,0.158661,0,0.66528,12.849,1,0.84672,0.36288,0,23.3971,3.67826,16.0001,0.84672,12.849,0.84672,3695.15,0,0.0036966,0.0018483,0.727635,1.99,4.15565,0.790136,6.0813,0.42336,0.0018483,0.21168,0.0018483,0.21168,460.486,0,1.02816,0,0,1.75579,0.727635,1.028160,1,0,22.0814,0,0,0,22.0814,0
0.106648,0.555894,0,0,0.542419,0.0728916,0.36288,3.6288,51.0835,0.599453,0,0,0.301058,0.193543,0,0.66528,12.849,1,0.84672,0.36288,0,10.9346,3.67616,6.77462,0.84672,12.849,0.84672,3695.15,0,0.0036966,2.14825e-05,0.448763,1.99016,1.93808,0.920669,3.45631,0.42336,0.0018483,0.21168,0.0018483,0.21168,460.486,0,1.02816,0,0,1.47692,0.448763,1.028160,1,0,10.2309,0,0,0,10.2309,0
0.753555,0.106648,0,0,1.18379,0.067357,0.36288,3.6288,50.6619,0.59958,0,0,0.384913,0.206899,0,0.66528,12.849,1,0.84672,0.36288,0,19.1548,3.67531,14.9956,0.84672,12.849,0.84672,3695.15,0,0.0036966,2.1694e-05,0.235069,1.9123,2.85785,0.972882,4.03232,0.42336,0.0018483,0.21168,0.0018483,0.21168,460.486,0,1.02816,0,0,1.26323,0.235069,1.028160,1,0,19.028,0,0,0,19.028,0
1.96623,0.753555,0,0,2.39835,0.0692372,0.36288,3.6288,50.6941,0.599707,0,0,0.83804,0.206191,0,0.66528,12.849,1,0.84672,0.36288,0,30.3425,3.67531,26.1833,0.84672,12.849,0.84672,3695.15,0,0.0036966,2.18791e-05,1.75389,1.91245,6.00608,0.972882,8.69951,0.42336,0.0018483,0.21168,0.0018483,0.21168,460.486,0,1.02816,0,0,2.78205,1.75389,1.028160,1,0,34.8828,0,0,0,34.8828,0
1.15721,1.96623,0,0,1.59285,0.0727618,0.36288,3.6288,50.6973,0.599835,0,0,0.809283,0.206245,0,0.66528,12.849,1,0.84672,0.36288,0,18.675,3.67531,14.5159,0.84672,12.849,0.84672,3695.15,0,0.0036966,2.18699e-05,1.83908,1.9126,4.47331,0.972882,7.25209,0.42336,0.0018483,0.21168,0.0018483,0.21168,460.486,0,1.02816,0,0,2.86724,1.83908,1.028160,1,0,21.7679,0,0,0,21.7679,0
0.927875,1.15721,0,0,1.38394,0.0931829,0.36288,3.6288,50.5637,0.436426,0,0,0.521068,0.218269,0,0.66528,12.849,1,0.84672,0.36288,0,19.8354,4.25885,15.0927,0.84672,12.849,0.84672,3695.15,0,0.0036966,1.5911e-05,0.90828,1.91275,5.52039,1.15287,7.18853,0.42336,0.0018483,0.21168,0.0018483,0.21168,460.486,0,1.02816,0,0,1.93644,0.90828,1.028160,1,0,22.2812,0,0,0,22.2812,0
1.23302,0.927875,0,0,1.70125,0.105348,0.36288,3.6288,50.5701,0.506288,0,0,0.731863,0.219102,0,0.66528,12.849,1,0.84672,0.36288,0,28.6149,4.76626,23.3648,0.84672,12.849,0.84672,3695.15,0,0.0036966,1.85068e-05,2.37254,1.73722,6.64629,1.32968,9.42635,0.42336,0.0018483,0.21168,0.0018483,0.21168,460.486,0,1.02816,0,0,3.4007,2.37254,1.028160,1,0,32.7911,0,0,0,32.7911,0
1.10158,1.23302,0,0,1.57115,0.106688,0.36288,3.6288,50.4882,0.506288,0,0,0.643476,0.219114,0,0.66528,12.849,1,0.84672,0.36288,0,27.2549,4.76626,22.0048,0.84672,12.849,0.84672,3695.15,0,0.0036966,1.85044e-05,1.72931,1.77817,5.69466,1.32968,7.87244,0.42336,0.0018483,0.21168,0.0018483,0.21168,460.486,0,1.02816,0,0,2.75747,1.72931,1.028160,1,0,29.8772,0,0,0,29.8772,0
1.12528,1.10158,0,0,1.59427,0.106111,0.36288,3.6288,50.3804,0.506288,0,0,0.617476,0.218968,0,0.66528,12.849,1,0.84672,0.36288,0,22.1913,4.76626,16.9412,0.84672,12.849,0.84672,3695.15,0,0.0036966,1.85345e-05,1.45486,1.77824,8.35708,1.32968,10.2605,0.42336,0.0018483,0.21168,0.0018483,0.21168,460.486,0,1.02816,0,0,2.48302,1.45486,1.028160,1,0,27.2017,0,0,0,27.2017,0
1.7404,1.12528,0,0,2.19584,0.0925603,0.36288,3.6288,50.6583,0.506288,0,0,0.938321,0.154212,0,0.66528,12.849,1,0.84672,0.36288,0,31.7823,3.29175,28.0067,0.84672,12.849,0.84672,3695.15,0,0.0036966,1.85741e-05,2.24916,1.77831,7.23678,0.936121,10.3281,0.42336,0.0018483,0.21168,0.0018483,0.21168,460.486,0,1.02816,0,0,3.27732,2.24916,1.028160,1,0,38.3348,0,0,0,38.3348,0
6.70169,1.7404,0,0,7.1558,0.0912299,0.36288,3.6288,52.081,0.553656,0,0,2.15039,0.173982,0,0.66528,12.849,1,0.84672,0.36288,0,100.772,3.5805,96.7074,0.84672,12.849,0.84672,3695.15,0,0.0036966,2.02005e-05,3.43945,1.77838,13.2246,0.971632,17.4707,0.42336,0.0018483,0.21168,0.0018483,0.21168,460.486,0,1.02816,0,0,4.46761,3.43945,1.028160,1,0,114.178,0,0,0,114.178,0
7.81294,2.46551,0,0,4.04858,0.108945,0.36288,3.6288,52.5581,0.506281,0,0,1.15938,0.176,0,0.66528,12.849,1,0.84672,0.36288,0,76.7733,3.5805,72.709,0.84672,12.849,0.84672,3695.15,0,0.0036966,1.79674e-05,2.30626,1.83402,8.19081,0.971632,11.3594,0.42336,0.0018483,0.21168,0.0018483,0.21168,460.486,0,1.02816,0,0,3.33442,2.30626,1.028160,1,0,84.0684,0,0,0,84.0684,0
8.16406,2.46595,0,0,3.29787,0.117922,0.36288,3.6288,52.9055,0.506281,0,0,1.0315,0.177784,0,0.66528,12.849,1,0.84672,0.36288,0,62.2488,3.64788,58.1171,0.84672,12.849,0.84672,3695.15,0,0.0036966,1.78043e-05,1.83719,1.80636,6.65237,1.00933,9.28657,0.42336,0.0018483,0.21168,0.0018483,0.21168,460.486,0,1.02816,0,0,2.86535,1.83719,1.028160,1,0,67.4036,0,0,0,67.4036,0
9.11327,2.46632,0,0,3.92562,0.147215,0.36288,3.6288,53.5966,0.506281,0,0,1.37347,0.176174,0,0.66528,12.849,1,0.84672,0.36288,0,64.1501,3.70386,59.9624,0.84672,12.849,0.84672,3695.15,0,0.0036966,1.76873e-05,2.38903,1.80643,7.47092,0.976643,10.6897,0.42336,0.0018483,0.21168,0.0018483,0.21168,460.486,0,1.02816,0,0,3.41719,2.38903,1.028160,1,0,70.6521,0,0,0,70.6521,0
9.49115,2.79198,0,0,3.67448,0.141742,0.36288,3.6288,53.7657,0.66528,0,0,0.989772,0.15539,0,0.66528,12.849,1,0.84672,0.36288,0,50.0481,3.42462,46.1396,0.84672,12.849,0.84672,3695.15,0,0.0036966,0.0018483,1.48061,1.80649,5.02905,0.918064,7.39624,0.42336,0.0018483,0.21168,0.0018483,0.21168,460.486,0,1.02816,0,0,2.50877,1.48061,1.028160,1,0,53.5358,0,0,0,53.5358,0
10.8426,2.81374,0,0,4.66503,0.136991,0.36288,3.6288,53.9509,0.662801,0,0,0.989971,0.141907,0,0.66528,12.849,1,0.84672,0.36288,0,58.9782,3.31968,55.1747,0.84672,12.849,0.84672,3695.15,0,0.0036966,2.27851e-05,1.75141,2.00496,4.63529,0.951798,7.43985,0.42336,0.0018483,0.21168,0.0018483,0.21168,460.486,0,1.02816,0,0,2.77957,1.75141,1.028160,1,0,62.6145,0,0,0,62.6145,0
11.3216,2.81407,0,0,3.79775,0.141712,0.36288,3.6288,54.1575,0.66292,0,0,1.01163,0.142094,0,0.66528,12.849,1,0.84672,0.36288,0,40.5523,3.31968,36.7488,0.84672,12.849,0.84672,3695.15,0,0.0036966,2.27109e-05,1.28632,1.99253,4.22156,0.951798,6.54859,0.42336,0.0018483,0.21168,0.0018483,0.21168,460.486,0,1.02816,0,0,2.31448,1.28632,1.028160,1,0,43.2973,0,0,0,43.2973,0
14.467,2.81435,0,0,6.45261,0.130048,0.36288,3.6288,54.9044,0.663039,0,0,1.577,0.167122,0,0.66528,12.849,1,0.84672,0.36288,0,86.2317,4.36896,81.3789,0.84672,12.849,0.84672,3695.15,0,0.0036966,2.26283e-05,2.12067,1.99267,10.0408,1.15926,12.9949,0.42336,0.0018483,0.21168,0.0018483,0.21168,460.486,0,1.02816,0,0,3.14883,2.12067,1.028160,1,0,94.3737,0,0,0,94.3737,0
16.2666,2.35061,0,0,4.65756,0.144486,0.36288,3.6288,55.8044,0.424364,0,0,1.49726,0.172893,0,0.66528,12.849,1,0.84672,0.36288,0,78.4096,4.40917,73.5165,0.84672,12.849,0.84672,3695.15,0,0.0036966,1.42858e-05,1.68679,1.99281,7.64599,1.09224,10.2333,0.42336,0.0018483,0.21168,0.0018483,0.21168,460.486,0,1.02816,0,0,2.71495,1.68679,1.028160,1,0,83.7499,0,0,0,83.7499,0
17.7692,2.26906,0,0,4.28995,0.155379,0.36288,3.6288,56.7422,0.506278,0,0,1.6122,0.168096,0,0.66528,12.849,1,0.84672,0.36288,0,81.1909,4.28453,76.4226,0.84672,12.849,0.84672,3695.15,0,0.0036966,1.67684e-05,1.98799,1.72147,8.63024,1.01024,11.3294,0.42336,0.0018483,0.21168,0.0018483,0.21168,460.486,0,1.02816,0,0,3.01615,1.98799,1.028160,1,0,87.752,0,0,0,87.752,0
19.9898,2.26941,0,0,5.01168,0.1588,0.36288,3.6288,57.566,0.506278,0,0,1.49916,0.169129,0,0.66528,12.849,1,0.84672,0.36288,0,96.476,4.28453,91.7076,0.84672,12.849,0.84672,3695.15,0,0.0036966,1.64913e-05,1.55443,1.76947,8.39082,1.01024,10.7045,0.42336,0.0018483,0.21168,0.0018483,0.21168,460.486,0,1.02816,0,0,2.58259,1.55443,1.028160,1,0,102.412,0,0,0,102.412,0
21.3671,2.20779,0,0,4.11316,0.165204,0.36288,3.6288,58.2886,0.478121,0,0,1.37394,0.173158,0,0.66528,12.849,1,0.84672,0.36288,0,77.5509,4.19202,72.8751,0.84672,12.849,0.84672,3695.15,0,0.0036966,1.53513e-05,1.19748,1.76953,7.25587,1.01009,9.21277,0.42336,0.0018483,0.21168,0.0018483,0.21168,460.486,0,1.02816,0,0,2.22564,1.19748,1.028160,1,0,82.0878,0,0,0,82.0878,0
22.9746,2.27011,0,0,4.41336,0.17285,0.36288,3.6288,59.1827,0.506278,0,0,1.59502,0.194676,0,0.66528,12.849,1,0.84672,0.36288,0,78.998,3.81574,74.6984,0.84672,12.849,0.84672,3695.15,0,0.0036966,1.60538e-05,1.62676,1.73622,7.19019,1.0366,9.51655,0.42336,0.0018483,0.21168,0.0018483,0.21168,460.486,0,1.02816,0,0,2.65492,1.62676,1.028160,1,0,84.215,0,0,0,84.215,0
23.3437,2.38731,0,0,3.27277,0.153517,0.36288,3.6288,59.8309,0.564717,0,0,1.42004,0.207166,0,0.66528,12.849,1,0.84672,0.36288,0,49.5687,4.88827,44.1966,0.84672,12.849,0.84672,3695.15,0,0.0036966,1.76363e-05,1.36948,1.76965,5.39972,1.20108,7.33775,0.42336,0.0018483,0.21168,0.0018483,0.21168,460.486,0,1.02816,0,0,2.39764,1.36948,1.028160,1,0,51.5344,0,0,0,51.5344,0
23.1459,2.44609,0,0,2.76545,0.154287,0.36288,3.6288,60.1145,0.59808,0,0,1.08972,0.208026,0,0.66528,12.849,1,0.84672,0.36288,0,43.7351,4.88827,38.363,0.84672,12.849,0.84672,3695.15,0,0.0036966,1.84759e-05,0.558835,1.83676,5.04534,1.20108,6.23983,0.42336,0.0018483,0.21168,0.0018483,0.21168,460.486,0,0.93636,0,0,1.4952,0.558835,1.028160,1,0,44.6028,0,0,0,44.6028,0
22.6413,2.44643,0,0,2.45859,0.153868,0.36288,3.6288,60.1451,0.738597,0,0,0.977581,0.208402,0,0.66528,12.849,1,0.84672,0.36288,0,35.4789,4.88827,30.1067,0.84672,12.849,0.84672,3695.15,0,0.0036966,2.27091e-05,0.528595,1.80263,3.43675,1.20108,4.56687,0.42336,0.0018483,0.21168,0.0018483,0.21168,460.486,0,0.795839,0,0,1.32443,0.528595,1.028160,1,0,34.6736,0,0,0,34.6736,0
22.05,2.44676,0,0,2.33987,0.121511,0.36288,3.6288,60.0151,0.841021,0,0,0.947799,0.236779,0,0.66528,12.849,1,0.84672,0.36288,0,33.7319,5.2373,28.0107,0.84672,12.849,0.84672,3695.15,0,0.0036966,2.58452e-05,0.528595,1.80269,3.27441,1.26979,4.33589,0.42336,0.0018483,0.21168,0.0018483,0.21168,460.486,0,0.693412,0,0,1.22201,0.528595,1.028160,1,0,32.3466,0,0,0,32.3466,0
21.6975,2.40139,0,0,2.52606,0.114233,0.36288,3.6288,60.5687,0.483579,0,0,1.27212,0.234909,0,0.66528,12.849,1,0.84672,0.36288,0,50.4503,4.82171,45.1447,0.84672,12.849,0.84672,3695.15,0,0.0036966,1.48929e-05,1.43726,1.80276,4.21157,1.29167,6.1599,0.42336,0.0018483,0.21168,0.0018483,0.21168,460.486,0,1.02816,0,0,2.46542,1.43726,1.028160,1,0,51.3046,0,0,0,51.3046,0
21.0876,2.37902,0,0,2.24558,0.113664,0.36288,3.6288,60.9751,0.506281,0,0,1.13487,0.222178,0,0.66528,12.849,1,0.84672,0.36288,0,44.8417,4.39226,39.9656,0.84672,12.849,0.84672,3695.15,0,0.0036966,1.54496e-05,1.34221,1.77672,3.8412,1.25485,5.70525,0.42336,0.0018483,0.21168,0.0018483,0.21168,460.486,0,1.02816,0,0,2.37037,1.34221,1.028160,1,0,45.6708,0,0,0,45.6708,0
20.1197,2.31596,0,0,1.81663,0.105628,0.36288,3.6288,61.2499,0.477416,0,0,0.97416,0.221891,0,0.66528,12.849,1,0.84672,0.36288,0,34.9228,4.41369,30.0253,0.84672,12.849,0.84672,3695.15,0,0.0036966,1.44716e-05,0.91781,1.79006,3.1691,1.24592,4.63104,0.42336,0.0018483,0.21168,0.0018483,0.21168,460.486,0,1.02816,0,0,1.94597,0.91781,1.028160,1,0,34.6563,0,0,0,34.6563,0
18.9827,2.31628,0,0,1.60432,0.0622232,0.36288,3.6288,61.308,0.477414,0,0,0.88706,0.217106,0.13449,0.66528,12.849,1,0.84672,0.36288,0,31.9549,4.5423,26.9287,0.84672,12.849,0.84672,3695.15,0,0.0036966,1.44066e-05,0.712575,1.75594,2.824,1.19228,4.10022,0.42336,0.0018483,0.21168,0.0018483,0.21168,460.486,0,1.02816,0,0,1.74074,0.712575,1.028160,1,0,31.1634,0,0,0,31.1634,0
17.6358,2.46877,0,0,1.55583,0.0710514,0.36288,3.6288,61.308,0.556386,0,0,0.918337,0.233145,0.128806,0.66528,12.849,1,0.84672,0.36288,0,30.7015,4.61385,25.6038,0.84672,12.849,0.84672,3695.15,0,0.0036966,1.67738e-05,0.863914,1.756,2.83331,1.13893,4.31428,0.42336,0.0018483,0.21168,0.0018483,0.21168,460.486,0,1.02816,0,0,1.89207,0.863914,1.028160,1,0,30.0469,0,0,0,30.0469,0
16.3646,2.51381,0,0,1.68808,0.082534,0.36288,3.6288,61.308,0.511671,0,0,0.982532,0.254425,0.216436,0.66528,12.849,1,0.84672,0.36288,0,29.0053,4.70925,23.8122,0.84672,12.849,0.84672,3695.15,0,0.0036966,1.54257e-05,1.08524,1.8456,3.04799,1.06779,4.91104,0.42336,0.0018483,0.21168,0.0018483,0.21168,460.486,0,1.02816,0,0,2.1134,1.08524,1.028160,1,0,28.9396,0,0,0,28.9396,0
14.8942,2.51403,0,0,1.47979,0.0733173,0.36288,3.6288,61.308,0.511779,0,0,0.915313,0.263869,0.139665,0.66528,12.849,1,0.84672,0.36288,0,25.9146,4.81635,20.6144,0.84672,12.849,0.84672,3695.15,0,0.0036966,1.5429e-05,0.942252,1.8195,2.95721,1.09515,4.6238,0.42336,0.0018483,0.21168,0.0018483,0.21168,460.486,0,1.02816,0,0,1.97041,0.942252,1.028160,1,0,25.3778,0,0,0,25.3778,0
13.3647,2.51424,0,0,1.40005,0.0524617,0.36288,3.6288,61.308,0.511887,0,0,0.880027,0.287477,0.0806624,0.66528,12.849,1,0.84672,0.36288,0,23.6893,5.0841,18.1214,0.84672,12.849,0.84672,3695.15,0,0.0036966,1.54323e-05,0.847126,1.81963,2.84488,1.16356,4.34806,0.42336,0.0018483,0.21168,0.0018483,0.21168,460.486,0,1.02816,0,0,1.87529,0.847126,1.028160,1,0,22.5501,0,0,0,22.5501,0
11.931,2.51444,0,0,1.49387,0.0502056,0.36288,3.6288,61.308,0.511996,0,0,0.866514,0.273982,0.0805367,0.66528,12.849,1,0.84672,0.36288,0,25.5968,4.96436,20.1486,0.84672,12.849,0.84672,3695.15,0,0.0036966,1.54355e-05,0.831056,1.81975,3.073,1.1336,4.59019,0.42336,0.0018483,0.21168,0.0018483,0.21168,460.486,0,1.02816,0,0,1.85922,0.831056,1.028160,1,0,24.8193,0,0,0,24.8193,0
11.1891,2.48453,0,0,2.15088,0.0453713,0.36288,3.6288,61.308,0.555525,0,0,1.08925,0.193008,0.34072,0.66528,12.849,1,0.84672,0.36288,0,37.0102,4.24588,32.2805,0.84672,12.849,0.84672,3695.15,0,0.0036966,1.67478e-05,1.53611,1.81988,3.56319,0.953836,5.96533,0.42336,0.0018483,0.21168,0.0018483,0.21168,460.486,0,1.02816,0,0,2.56427,1.53611,1.028160,1,0,38.5865,0,0,0,38.5865,0
10.2354,2.48474,0,0,1.93852,0.044613,0.36288,3.6288,61.308,0.555636,0,0,1.01435,0.193008,0.265709,0.66528,12.849,1,0.84672,0.36288,0,34.3029,4.24588,29.5731,0.84672,12.849,0.84672,3695.15,0,0.0036966,1.67512e-05,1.20962,1.84792,3.3926,0.953836,5.49628,0.42336,0.0018483,0.21168,0.0018483,0.21168,460.486,0,1.02816,0,0,2.23778,1.20962,1.028160,1,0,35.3351,0,0,0,35.3351,0
9.20881,2.48493,0,0,1.85369,0.0324826,0.36288,3.6288,61.308,0.555748,0,0,0.958954,0.247854,0.155352,0.66528,12.849,1,0.84672,0.36288,0,30.9259,4.95164,25.4905,0.84672,12.849,0.84672,3695.15,0,0.0036966,1.67546e-05,1.1813,1.84805,3.22332,1.21145,5.0412,0.42336,0.0018483,0.21168,0.0018483,0.21168,460.486,0,1.02816,0,0,2.20946,1.1813,1.028160,1,0,30.687,0,0,0,30.687,0
7.98584,2.48512,0,0,1.65227,0.0272476,0.36288,3.6288,61.308,0.555859,0,0,0.898897,0.269792,0.0732457,0.66528,12.849,1,0.84672,0.36288,0,28.0967,5.23393,22.3789,0.84672,12.849,0.84672,3695.15,0,0.0036966,1.67579e-05,1.13802,1.84818,3.11806,1.31449,4.78975,0.42336,0.0018483,0.21168,0.0018483,0.21168,460.486,0,1.02816,0,0,2.16618,1.13802,1.028160,1,0,27.2419,0,0,0,27.2419,0
7.03273,2.56303,0,0,1.9992,0.0263932,0.36288,3.6288,61.308,0.594679,0,0,0.972173,0.284498,0.0929958,0.66528,12.849,1,0.84672,0.36288,0,30.6427,5.44386,24.715,0.84672,12.849,0.84672,3695.15,0,0.0036966,1.79283e-05,1.35788,1.84831,3.3799,1.46115,5.12491,0.42336,0.0018483,0.21168,0.0018483,0.21168,460.486,0,1.02816,0,0,2.38604,1.35788,1.028160,1,0,29.9329,0,0,0,29.9329,0
6.22662,2.56319,0,0,2.14564,0.0256776,0.36288,3.6288,61.308,0.594793,0,0,1.01469,0.29038,0.129517,0.66528,12.849,1,0.84672,0.36288,0,30.4342,5.52783,24.4226,0.84672,12.849,0.84672,3695.15,0,0.0036966,1.79317e-05,1.52076,1.89292,3.64577,1.51982,5.53961,0.42336,0.0018483,0.21168,0.0018483,0.21168,460.486,0,1.02816,0,0,2.54892,1.52076,1.028160,1,0,30.0917,0,0,0,30.0917,0
5.07387,2.63074,0,0,1.8659,0.0250322,0.36288,3.6288,61.308,0.626985,0,0,0.953588,0.29038,0.0362225,0.66528,12.849,1,0.84672,0.36288,0,28.7941,5.52783,22.7824,0.84672,12.849,0.84672,3695.15,0,0.0036966,1.89022e-05,1.30556,1.89305,3.54788,1.51982,5.22666,0.42336,0.0018483,0.21168,0.0018483,0.21168,460.486,0,1.02816,0,0,2.33372,1.30556,1.028160,1,0,28.0453,0,0,0,28.0453,0
3.77428,2.63081,0,0,1.7182,0.0241092,0.36288,3.6288,61.308,0.627102,0,0,0.93433,0.29038,0.0168475,0.66528,12.849,1,0.84672,0.36288,0,27.1569,5.52783,21.1452,0.84672,12.849,0.84672,3695.15,0,0.0036966,1.89057e-05,1.18552,1.9306,3.51195,1.51982,5.10824,0.42336,0.0018483,0.21168,0.0018483,0.21168,460.486,0,1.02816,0,0,2.21368,1.18552,1.028160,1,0,26.2703,0,0,0,26.2703,0
2.30609,2.71916,0,0,1.63167,0.0178186,0.36288,3.6288,61.308,0.66528,0,0,0.980303,0.311777,0.00324569,0.66528,12.849,1,0.84672,0.36288,0,28.6277,6.06182,22.082,0.84672,12.849,0.84672,3695.15,0,0.0036966,0.0018483,1.25829,1.93074,3.23832,1.57316,4.85234,0.42336,0.0018483,0.21168,0.0018483,0.21168,460.486,0,1.02816,0,0,2.28645,1.25829,1.028160,1,0,26.9376,0,0,0,26.9376,0
1.31166,2.30609,0,0,1.69985,0.0253108,0.36288,3.6288,61.074,0.66528,0,0,0.774256,0.343003,0,0.66528,12.849,1,0.84672,0.36288,0,35.0254,6.48921,28.0524,0.84672,12.849,0.84672,3695.15,0,0.0036966,0.0018483,0.819487,2.00373,2.20017,1.65306,3.36847,0.42336,0.0018483,0.21168,0.0018483,0.21168,460.486,0,1.02816,0,0,1.84765,0.819487,1.028160,1,0,31.4209,0,0,0,31.4209,0
1.62597,1.31166,0,0,2.01317,0.0243188,0.36288,3.6288,61.2481,0.66528,0,0,1.18188,0.342495,0,0.66528,12.849,1,0.84672,0.36288,0,30.0632,6.48921,23.0902,0.84672,12.849,0.84672,3695.15,0,0.0036966,0.0018483,1.75127,2.00387,2.9753,1.65306,5.07552,0.42336,0.0018483,0.21168,0.0018483,0.21168,460.486,0,1.02816,0,0,2.77943,1.75127,1.028160,1,0,28.1657,0,0,0,28.1657,0
1.29314,1.62597,0,0,1.68199,0.0259724,0.36288,3.6288,61.1279,0.66528,0,0,0.867335,0.322197,0,0.66528,12.849,1,0.84672,0.36288,0,27.4342,5.93468,21.0157,0.84672,12.849,0.84672,3695.15,0,0.0036966,0.0018483,1.16471,2.00401,3.08252,1.4372,4.81219,0.42336,0.0018483,0.21168,0.0018483,0.21168,460.486,0,1.02816,0,0,2.19287,1.16471,1.028160,1,0,25.8279,0,0,0,25.8279,0
1.40937,1.29314,0,0,1.80655,0.0343093,0.36288,3.6288,61.0697,0.66528,0,0,0.887691,0.280619,0,0.66528,12.849,1,0.84672,0.36288,0,18.8806,5.08486,13.3119,0.84672,12.849,0.84672,3695.15,0,0.0036966,0.0018483,1.12489,2.00415,3.4347,1.11145,5.45045,0.42336,0.0018483,0.21168,0.0018483,0.21168,460.486,0,1.02816,0,0,2.15305,1.12489,1.028160,1,0,18.7623,0,0,0,18.7623,0
1.97333,1.40937,0,0,2.36903,0.0328127,0.36288,3.6288,61.308,0.66528,0,0,1.33517,0.260765,0.170852,0.66528,12.849,1,0.84672,0.36288,0,21.7507,5.9388,15.328,0.84672,12.849,0.84672,3695.15,0,0.0036966,0.0018483,1.46437,2.00429,3.66814,1.43874,5.69621,0.42336,0.0018483,0.21168,0.0018483,0.21168,460.486,0,1.02816,0,0,2.49253,1.46437,1.028160,1,0,21.1951,0,0,0,21.1951,0
1.11083,1.97333,0,0,1.50727,0.0335687,0.36288,3.6288,61.308,0.66528,0,0,0.938987,0.261158,0.0125486,0.66528,12.849,1,0.84672,0.36288,0,33.198,5.9388,26.7754,0.84672,12.849,0.84672,3695.15,0,0.0036966,0.0018483,0.97727,1.99717,2.51491,1.43874,4.04876,0.42336,0.0018483,0.21168,0.0018483,0.21168,460.486,0,1.02816,0,0,2.00543,0.97727,1.028160,1,0,30.8367,0,0,0,30.8367,0
0.840634,1.11083,0,0,1.23593,0.0324125,0.36288,3.6288,61.239,0.66528,0,0,0.857451,0.261158,0,0.66528,12.849,1,0.84672,0.36288,0,19.2591,5.9388,12.8364,0.84672,12.849,0.84672,3695.15,0,0.0036966,0.0018483,0.354542,1.99732,1.79716,1.43874,2.70843,0.42336,0.0018483,0.21168,0.0018483,0.21168,460.486,0,1.02816,0,0,1.3827,0.354542,1.028160,1,0,15.5449,0,0,0,15.5449,0
2.61952,0.840634,0,0,3.04076,0.0583613,0.36288,3.6288,61.308,0.66528,0,0,1.36386,0.26696,0.362632,0.66528,12.849,1,0.84672,0.36288,0,25.6414,5.4756,19.682,0.84672,12.849,0.84672,3695.15,0,0.0036966,0.0018483,2.0803,1.99746,4.6745,1.33918,7.41122,0.42336,0.0018483,0.21168,0.0018483,0.21168,460.486,0,1.02816,0,0,3.10846,2.0803,1.028160,1,0,27.4559,0,0,0,27.4559,0
1.7247,2.61952,0,0,2.16375,0.0761693,0.36288,3.6288,61.308,0.605528,0,0,1.29993,0.239536,0.454864,0.66528,12.849,1,0.84672,0.36288,0,31.0851,4.65629,25.945,0.84672,12.849,0.84672,3695.15,0,0.0036966,1.82553e-05,1.25162,1.9976,3.79871,1.16334,5.88457,0.42336,0.0018483,0.21168,0.0018483,0.21168,460.486,0,1.02816,0,0,2.27978,1.25162,1.028160,1,0,32.2844,0,0,0,32.2844,0
1.5569,1.7247,0,0,1.99211,0.072327,0.36288,3.6288,61.308,0.605643,0,0,0.874814,0.208412,0.0607583,0.66528,12.849,1,0.84672,0.36288,0,32.532,4.18918,27.859,0.84672,12.849,0.84672,3695.15,0,0.0036966,1.82588e-05,0.493076,1.91943,4.37197,1.08349,5.70097,0.42336,0.0018483,0.21168,0.0018483,0.21168,460.486,0,1.02816,0,0,1.52124,0.493076,1.028160,1,0,33.6207,0,0,0,33.6207,0
2.58249,1.5569,0,0,3.01721,0.0718375,0.36288,3.6288,61.308,0.605758,0,0,1.66715,0.208412,0.852978,0.66528,12.849,1,0.84672,0.36288,0,35.6217,4.18918,30.9487,0.84672,12.849,0.84672,3695.15,0,0.0036966,1.82623e-05,1.76175,1.91957,6.38079,1.08349,8.97859,0.42336,0.0018483,0.21168,0.0018483,0.21168,460.486,0,1.02816,0,0,2.78991,1.76175,1.028160,1,0,40.7802,0,0,0,40.7802,0
1.42594,2.58249,0,0,1.86755,0.07873,0.36288,3.6288,61.308,0.605873,0,0,1.1164,0.211861,0.298663,0.66528,12.849,1,0.84672,0.36288,0,29.6209,4.24717,24.8899,0.84672,12.849,0.84672,3695.15,0,0.0036966,1.82657e-05,1.23519,1.9197,6.31953,1.09703,8.37738,0.42336,0.0018483,0.21168,0.0018483,0.21168,460.486,0,1.02816,0,0,2.26335,1.23519,1.028160,1,0,33.566,0,0,0,33.566,0
3.08049,1.42594,0,0,3.53902,0.0956478,0.36288,3.6288,61.308,0.441847,0,0,1.32684,0.214034,0.670964,0.66528,12.849,1,0.84672,0.36288,0,65.8562,4.36658,61.0057,0.84672,12.849,0.84672,3695.15,0,0.0036966,1.33207e-05,1.37663,1.91984,8.15862,1.09294,10.3621,0.42336,0.0018483,0.21168,0.0018483,0.21168,460.486,0,1.02816,0,0,2.40479,1.37663,1.028160,1,0,72.0388,0,0,0,72.0388,0
2.45727,2.33168,0,0,2.16842,0.0970885,0.36288,3.6288,61.308,0.50628,0,0,1.07978,0.167728,0.405767,0.66528,12.849,1,0.84672,0.36288,0,62.4978,3.79522,58.2187,0.84672,12.849,0.84672,3695.15,0,0.0036966,1.52632e-05,0.753952,1.74364,5.95953,0.879634,7.57747,0.42336,0.0018483,0.21168,0.0018483,0.21168,460.486,0,1.02816,0,0,1.78211,0.753952,1.028160,1,0,66.202,0,0,0,66.202,0
2.11897,2.33165,0,0,2.45197,0.0957377,0.36288,3.6288,61.308,0.50628,0,0,1.11699,0.199867,0.410841,0.66528,12.849,1,0.84672,0.36288,0,48.1,4.27697,43.3392,0.84672,12.849,0.84672,3695.15,0,0.0036966,1.52632e-05,0.844404,1.78141,5.17808,1.06964,6.73425,0.42336,0.0018483,0.21168,0.0018483,0.21168,460.486,0,1.02816,0,0,1.87256,0.844404,1.028160,1,0,50.4843,0,0,0,50.4843,0
2.25109,2.11897,0,0,2.72173,0.107759,0.36288,3.6288,61.308,0.50628,0,0,1.07127,0.217915,0.347078,0.66528,12.849,1,0.84672,0.36288,0,73.4765,4.64495,68.3478,0.84672,12.849,0.84672,3695.15,0,0.0036966,1.52632e-05,0.890162,1.78148,6.82285,1.12491,8.36957,0.42336,0.0018483,0.21168,0.0018483,0.21168,460.486,0,1.02816,0,0,1.91832,0.890162,1.028160,1,0,77.0644,0,0,0,77.0644,0
6.96377,2.25109,0,0,7.43264,0.105987,0.36288,3.6288,61.308,0.50628,0,0,2.0763,0.199991,1.37003,0.66528,12.849,1,0.84672,0.36288,0,98.4485,4.11166,93.853,0.84672,12.849,0.84672,3695.15,0,0.0036966,1.52632e-05,1.85648,1.78154,13.3696,1.02306,15.9846,0.42336,0.0018483,0.21168,0.0018483,0.21168,460.486,0,1.02816,0,0,2.88464,1.85648,1.028160,1,0,111.208,0,0,0,111.208,0
6.70369,2.4354,0,0,2.66357,0.125369,0.36288,3.6288,61.308,0.553821,0,0,1.15999,0.211607,0.394557,0.66528,12.849,1,0.84672,0.36288,0,61.7045,4.89799,56.3227,0.84672,12.849,0.84672,3695.15,0,0.0036966,1.66965e-05,1.32241,1.7816,6.4876,1.25709,8.33451,0.42336,0.0018483,0.21168,0.0018483,0.21168,460.486,0,1.02816,0,0,2.35057,1.32241,1.028160,1,0,65.0518,0,0,0,65.0518,0
5.13221,2.48322,0,0,1.3996,0.124982,0.36288,3.6288,61.308,0.506272,0,0,1.05505,0.214577,0.334199,0.66528,12.849,1,0.84672,0.36288,0,32.3574,5.06478,26.8088,0.84672,12.849,0.84672,3695.15,0,0.0036966,1.5263e-05,0.73967,1.83744,3.30127,1.30055,4.57782,0.42336,0.0018483,0.21168,0.0018483,0.21168,460.486,0,1.02816,0,0,1.76783,0.73967,1.028160,1,0,31.7208,0,0,0,31.7208,0
5.69782,2.48331,0,0,3.5306,0.118795,0.36288,3.6288,61.308,0.506272,0,0,1.37019,0.214577,0.649343,0.66528,12.849,1,0.84672,0.36288,0,41.1012,5.06478,35.5525,0.84672,12.849,0.84672,3695.15,0,0.0036966,1.5263e-05,1.33856,1.80967,10.1353,1.30055,11.983,0.42336,0.0018483,0.21168,0.0018483,0.21168,460.486,0,1.02816,0,0,2.36672,1.33856,1.028160,1,0,48.1849,0,0,0,48.1849,0
12.3024,2.4837,0,0,9.57216,0.121022,0.36288,3.6288,61.308,0.506272,0,0,2.66945,0.214577,1.9486,0.66528,12.849,1,0.84672,0.36288,0,147.775,5.06478,142.226,0.84672,12.849,0.84672,3695.15,0,0.0036966,1.5263e-05,4.02907,1.80973,8.78389,1.30055,13.3221,0.42336,0.0018483,0.21168,0.0018483,0.21168,460.486,0,1.02816,0,0,5.05723,4.02907,1.028160,1,0,157.497,0,0,0,157.497,0
13.1854,2.8109,0,0,4.20878,0.151924,0.36288,3.6288,61.308,0.66528,0,0,1.61042,0.201582,0.743556,0.66528,12.849,1,0.84672,0.36288,0,77.7013,4.28906,72.9284,0.84672,12.849,0.84672,3695.15,0,0.0036966,0.0018483,2.83909,1.80979,4.89466,1.17023,8.37145,0.42336,0.0018483,0.21168,0.0018483,0.21168,460.486,0,1.02816,0,0,3.86725,2.83909,1.028160,1,0,82.0434,0,0,0,82.0434,0
13.0457,2.82714,0,0,3.20745,0.157149,0.36288,3.6288,61.308,0.66528,0,0,0.933016,0.20063,0.0671064,0.66528,12.849,1,0.84672,0.36288,0,37.1747,4.14992,32.541,0.84672,12.849,0.84672,3695.15,0,0.0036966,0.0018483,0.921819,2.00897,3.7815,1.23744,5.47301,0.42336,0.0018483,0.21168,0.0018483,0.21168,460.486,0,1.02816,0,0,1.94998,0.921819,1.028160,1,0,38.0811,0,0,0,38.0811,0
14.0062,2.82737,0,0,4.30739,0.156668,0.36288,3.6288,61.308,0.66528,0,0,0.897229,0.20063,0.0313195,0.66528,12.849,1,0.84672,0.36288,0,44.8616,4.14992,40.2279,0.84672,12.849,0.84672,3695.15,0,0.0036966,0.0018483,0.864389,1.99974,6.254,1.23744,7.87885,0.42336,0.0018483,0.21168,0.0018483,0.21168,460.486,0,1.02816,0,0,1.89255,0.864389,1.028160,1,0,48.1381,0,0,0,48.1381,0
15.7057,2.82763,0,0,5.04996,0.159905,0.36288,3.6288,61.308,0.66528,0,0,1.40325,0.184957,0.553012,0.66528,12.849,1,0.84672,0.36288,0,108.659,4.01825,104.157,0.84672,12.849,0.84672,3695.15,0,0.0036966,0.0018483,1.6158,1.99986,8.40225,1.1739,10.8422,0.42336,0.0018483,0.21168,0.0018483,0.21168,460.486,0,1.02816,0,0,2.64396,1.6158,1.028160,1,0,115.552,0,0,0,115.552,0
18.7244,2.36213,0,0,5.91647,0.172801,0.36288,3.6288,61.308,0.429588,0,0,2.11832,0.168799,1.51993,0.66528,12.849,1,0.84672,0.36288,0,114.976,3.61513,110.877,0.84672,12.849,0.84672,3695.15,0,0.0036966,1.29511e-05,2.17549,1.99999,7.80096,0.990515,10.9859,0.42336,0.0018483,0.21168,0.0018483,0.21168,460.486,0,1.02816,0,0,3.20365,2.17549,1.028160,1,0,123.383,0,0,0,123.383,0
22.1776,2.28579,0,0,6.29298,0.19114,0.36288,3.6288,61.308,0.506268,0,0,4.11128,0.1995,3.40552,0.66528,12.849,1,0.84672,0.36288,0,172.546,3.51656,168.546,0.84672,12.849,0.84672,3695.15,0,0.0036966,1.52628e-05,4.67063,1.72766,15.8709,0.957803,21.3114,0.42336,0.0018483,0.21168,0.0018483,0.21168,460.486,0,1.02816,0,0,5.69879,4.67063,1.028160,1,0,193.262,0,0,0,193.262,0
25.3163,2.28612,0,0,5.98823,0.200473,0.36288,3.6288,61.308,0.506268,0,0,4.23211,0.1995,3.52634,0.66528,12.849,1,0.84672,0.36288,0,165.667,3.51656,161.666,0.84672,12.849,0.84672,3695.15,0,0.0036966,1.52629e-05,4.94249,1.77259,18.0604,0.957803,23.8176,0.42336,0.0018483,0.21168,0.0018483,0.21168,460.486,0,1.02816,0,0,5.97065,4.94249,1.028160,1,0,189.01,0,0,0,189.01,0
28.5091,2.28643,0,0,6.05165,0.209551,0.36288,3.6288,61.308,0.506268,0,0,3.73823,0.1995,3.03247,0.66528,12.849,1,0.84672,0.36288,0,155.872,3.51656,151.871,0.84672,12.849,0.84672,3695.15,0,0.0036966,1.52628e-05,4.42079,1.77264,14.7799,0.957803,20.0155,0.42336,0.0018483,0.21168,0.0018483,0.21168,460.486,0,1.02816,0,0,5.44895,4.42079,1.028160,1,0,174.919,0,0,0,174.919,0
32.9886,2.28674,0,0,7.34556,0.216465,0.36288,3.6288,61.308,0.506268,0,0,6.19123,0.205388,5.47957,0.66528,12.849,1,0.84672,0.36288,0,201.944,3.68499,197.776,0.84672,12.849,0.84672,3695.15,0,0.0036966,1.52628e-05,5.64436,1.77269,24.3872,0.981879,30.8223,0.42336,0.0018483,0.21168,0.0018483,0.21168,460.486,0,1.02816,0,0,6.67252,5.64436,1.028160,1,0,234.078,0,0,0,234.078,0
33.6854,2.40434,0,0,3.6942,0.230138,0.36288,3.6288,61.308,0.564914,0,0,1.77477,0.15407,1.05578,0.66528,12.849,1,0.84672,0.36288,0,116.89,2.80633,113.6,0.84672,12.849,0.84672,3695.15,0,0.0036966,1.70309e-05,2.13265,1.77275,7.10622,0.746473,10.2651,0.42336,0.0018483,0.21168,0.0018483,0.21168,460.486,0,1.02816,0,0,3.16081,2.13265,1.028160,1,0,124.92,0,0,0,124.92,0
35.651,2.46329,0,0,5.02391,0.232132,0.36288,3.6288,61.308,0.506272,0,0,3.12776,0.15407,2.46742,0.66528,12.849,1,0.84672,0.36288,0,120.754,2.80633,117.464,0.84672,12.849,0.84672,3695.15,0,0.0036966,1.5263e-05,2.8595,1.8401,7.99848,0.746473,11.9516,0.42336,0.0018483,0.21168,0.0018483,0.21168,460.486,0,1.02816,0,0,3.88766,2.8595,1.028160,1,0,131.883,0,0,0,131.883,0
36.1004,2.4636,0,0,3.51363,0.237757,0.36288,3.6288,61.308,0.506272,0,0,1.87415,0.15407,1.21381,0.66528,12.849,1,0.84672,0.36288,0,100.146,2.80633,96.8561,0.84672,12.849,0.84672,3695.15,0,0.0036966,1.5263e-05,1.70113,1.80583,6.4407,0.746473,9.20117,0.42336,0.0018483,0.21168,0.0018483,0.21168,460.486,0,1.02816,0,0,2.72929,1.70113,1.028160,1,0,107.271,0,0,0,107.271,0
36.0919,2.4639,0,0,3.03852,0.220308,0.36288,3.6288,61.308,0.506272,0,0,1.48547,0.168343,0.810852,0.66528,12.849,1,0.84672,0.36288,0,95.1134,2.98085,91.6488,0.84672,12.849,0.84672,3695.15,0,0.0036966,1.5263e-05,1.29926,1.80589,6.26784,0.780824,8.59215,0.42336,0.0018483,0.21168,0.0018483,0.21168,460.486,0,1.02816,0,0,2.32742,1.29926,1.028160,1,0,101.052,0,0,0,101.052,0
36.6452,2.41833,0,0,3.52194,0.187421,0.36288,3.6288,61.308,0.483488,0,0,1.98088,0.175807,1.32158,0.66528,12.849,1,0.84672,0.36288,0,96.2574,3.34979,92.4238,0.84672,12.849,0.84672,3695.15,0,0.0036966,1.45761e-05,3.80665,1.80595,8.03287,0.899336,12.7461,0.42336,0.0018483,0.21168,0.0018483,0.21168,460.486,0,1.02816,0,0,4.83481,3.80665,1.028160,1,0,106.491,0,0,0,106.491,0
36.9768,2.40078,0,0,3.26436,0.169032,0.36288,3.6288,61.308,0.50627,0,0,1.37884,0.186522,0.686048,0.66528,12.849,1,0.841792,0.36288,0,89.024,3.70661,84.8385,0.84672,12.849,0.84672,3695.15,0,0.0036966,1.52629e-05,2.70508,1.7798,6.34425,0.984185,9.84493,0.42336,0.0018483,0.21168,0.0018483,0.21168,460.486,0,1.02816,0,0,3.73324,2.70508,1.028160,1,0,95.3694,0,0,0,95.3694,0
36.8365,2.40661,0,0,2.79888,0.169699,0.36288,3.6288,61.308,0.50627,0,0,0.896633,0.186522,0.203841,0.66528,12.849,1,0.836266,0.36288,0,79.6522,3.70661,75.4722,0.84672,12.849,0.84672,3695.15,0,0.0036966,1.52629e-05,1.46169,1.79319,4.58761,0.984185,6.85829,0.42336,0.0018483,0.21168,0.0018483,0.21168,460.486,0,1.02816,0,0,2.48985,1.46169,1.028160,1,0,82.5343,0,0,0,82.5343,0
36.9451,2.40447,0,0,3.04536,0.169417,0.36288,3.6288,61.308,0.50627,0,0,0.947221,0.186522,0.254428,0.66528,12.849,1,0.838705,0.36288,0,76.3629,3.70661,72.1805,0.84672,12.849,0.84672,3695.15,0,0.0036966,1.52629e-05,1.45471,1.79325,5.01414,0.984185,7.2779,0.42336,0.0018483,0.21168,0.0018483,0.21168,460.486,0,1.02816,0,0,2.48287,1.45471,1.028160,1,0,79.7128,0,0,0,79.7128,0
36.5753,2.55249,0,0,2.70934,0.163784,0.36288,3.6288,61.308,0.587086,0,0,0.913766,0.19522,0.13146,0.66528,12.849,1,0.84672,0.36288,0,78.4274,3.98887,73.9547,0.84672,12.849,0.84672,3695.15,0,0.0036966,1.76993e-05,1.39546,1.79331,4.94363,0.969125,7.16325,0.42336,0.0018483,0.21168,0.0018483,0.21168,460.486,0,1.02816,0,0,2.42362,1.39546,1.028160,1,0,81.2494,0,0,0,81.2494,0
35.8821,2.59231,0,0,2.38788,0.125937,0.36288,3.6288,61.308,0.547574,0,0,0.863585,0.199667,0.116344,0.66528,12.849,1,0.84672,0.36288,0,50.484,4.19013,45.8101,0.84672,12.849,0.84672,3695.15,0,0.0036966,1.65081e-05,1.27049,1.88499,3.92475,0.923498,6.15671,0.42336,0.0018483,0.21168,0.0018483,0.21168,460.486,0,1.02816,0,0,2.29865,1.27049,1.028160,1,0,52.0831,0,0,0,52.0831,0
35.0269,2.59252,0,0,2.20918,0.108968,0.36288,3.6288,61.308,0.547673,0,0,0.87791,0.205022,0.125216,0.66528,12.849,1,0.84672,0.36288,0,45.7354,4.35267,40.8989,0.84672,12.849,0.84672,3695.15,0,0.0036966,1.65111e-05,1.27494,1.86192,3.87259,0.893409,6.11603,0.42336,0.0018483,0.21168,0.0018483,0.21168,460.486,0,1.02816,0,0,2.3031,1.27494,1.028160,1,0,47.1401,0,0,0,47.1401,0
34.1038,2.59273,0,0,2.14036,0.107849,0.36288,3.6288,61.308,0.547771,0,0,0.919927,0.205022,0.167134,0.66528,12.849,1,0.84672,0.36288,0,43.3966,4.35267,38.5601,0.84672,12.849,0.84672,3695.15,0,0.0036966,1.65141e-05,1.19113,1.86204,4.01997,0.893409,6.17971,0.42336,0.0018483,0.21168,0.0018483,0.21168,460.486,0,1.02816,0,0,2.21929,1.19113,1.028160,1,0,44.907,0,0,0,44.907,0
33.0458,2.59294,0,0,2.00445,0.106642,0.36288,3.6288,61.308,0.54787,0,0,0.848655,0.205022,0.0957638,0.66528,12.849,1,0.84672,0.36288,0,40.6751,4.35267,35.8386,0.84672,12.849,0.84672,3695.15,0,0.0036966,1.65171e-05,0.989781,1.86216,3.64236,0.893409,5.60088,0.42336,0.0018483,0.21168,0.0018483,0.21168,460.486,0,1.02816,0,0,2.01794,0.989781,1.028160,1,0,41.5353,0,0,0,41.5353,0
31.7222,2.56235,0,0,1.70954,0.107866,0.36288,3.6288,61.1684,0.5924,0,0,0.696781,0.244013,0,0.66528,12.849,1,0.84672,0.36288,0,38.0239,4.52924,33.0108,0.84672,12.849,0.84672,3695.15,0,0.0036966,1.78595e-05,0.523066,1.86227,2.59881,1.1681,3.81603,0.42336,0.0018483,0.21168,0.0018483,0.21168,460.486,0,1.02816,0,0,1.55123,0.523066,1.028160,1,0,36.8268,0,0,0,36.8268,0
30.3349,2.56255,0,0,1.60746,0.0693165,0.36288,3.6288,61.006,0.592501,0,0,0.694716,0.264534,0,0.66528,12.849,1,0.84672,0.36288,0,35.3764,4.68951,30.203,0.84672,12.849,0.84672,3695.15,0,0.0036966,1.79034e-05,0.458905,1.89094,2.58187,1.2157,3.71599,0.42336,0.0018483,0.21168,0.0018483,0.21168,460.486,0,1.02816,0,0,1.48706,0.458905,1.028160,1,0,33.919,0,0,0,33.919,0
28.8331,2.56276,0,0,1.49183,0.0680344,0.36288,3.6288,60.8398,0.592602,0,0,0.690587,0.264262,0,0.66528,12.849,1,0.84672,0.36288,0,32.5124,4.68951,27.3391,0.84672,12.849,0.84672,3695.15,0,0.0036966,1.79541e-05,0.488074,1.89106,2.36615,1.2157,3.52957,0.42336,0.0018483,0.21168,0.0018483,0.21168,460.486,0,1.02816,0,0,1.51623,0.488074,1.028160,1,0,30.8686,0,0,0,30.8686,0
27.2274,2.56297,0,0,1.38686,0.0666717,0.36288,3.6288,60.6712,0.592703,0,0,0.688107,0.263984,0,0.66528,12.849,1,0.84672,0.36288,0,30.3528,4.68951,25.1795,0.84672,12.849,0.84672,3695.15,0,0.0036966,1.80062e-05,0.503963,1.89118,2.301,1.2157,3.48043,0.42336,0.0018483,0.21168,0.0018483,0.21168,460.486,0,1.02816,0,0,1.53212,0.503963,1.028160,1,0,28.6599,0,0,0,28.6599,0
25.5192,2.64275,0,0,1.35615,0.0587866,0.36288,3.6288,60.3544,0.632413,0,0,0.612523,0.296871,0,0.66528,12.849,1,0.84672,0.36288,0,33.1551,5.45154,27.2198,0.84672,12.849,0.84672,3695.15,0,0.0036966,1.9266e-05,0.32419,1.8913,2.18892,1.3956,3.00879,0.42336,0.0018483,0.21168,0.0018483,0.21168,460.486,0,1.02816,0,0,1.35235,0.32419,1.028160,1,0,30.2285,0,0,0,30.2285,0
23.685,2.64295,0,0,1.22624,0.0545592,0.36288,3.6288,59.9124,0.651999,0,0,0.50723,0.297249,0,0.66528,12.849,1,0.84672,0.36288,0,26.0248,5.72092,19.82,0.84672,12.849,0.84672,3695.15,0,0.0036966,1.99669e-05,0.261274,1.93693,2.07295,1.45803,2.81311,0.42336,0.0018483,0.21168,0.0018483,0.21168,460.486,0,1.00868,0,0,1.26995,0.261274,1.028160,1,0,22.6331,0,0,0,22.6331,0
21.7596,2.64316,0,0,1.13371,0.053133,0.36288,3.6288,59.2797,0.806642,0,0,0.470382,0.296413,0,0.66528,12.849,1,0.84672,0.36288,0,24.9555,5.72092,18.7508,0.84672,12.849,0.84672,3695.15,0,0.0036966,2.48849e-05,0.261274,1.93705,1.80242,1.45803,2.54269,0.42336,0.0018483,0.21168,0.0018483,0.21168,460.486,0,0.854133,0,0,1.11541,0.261274,1.028160,1,0,21.2934,0,0,0,21.2934,0
19.8633,2.64336,0,0,1.15892,0.0489194,0.36288,3.6288,58.8716,0.632724,0,0,0.522382,0.297774,0,0.66528,12.849,1,0.84672,0.36288,0,23.7352,5.7957,17.4557,0.84672,12.849,0.84672,3695.15,0,0.0036966,1.97279e-05,0.237756,1.93718,2.22944,1.47297,2.93138,0.42336,0.0018483,0.21168,0.0018483,0.21168,460.486,0,1.02816,0,0,1.26592,0.237756,1.028160,1,0,20.387,0,0,0,20.387,0
17.9054,2.73233,0,0,1.18379,0.0464811,0.36288,3.6288,58.4746,0.66528,0,0,0.537315,0.269077,0,0.66528,12.849,1,0.84672,0.36288,0,22.9523,5.86138,16.6071,0.84672,12.849,0.84672,3695.15,0,0.0036966,0.0018483,0.310677,1.9373,2.40628,1.48738,3.16503,0.42336,0.0018483,0.21168,0.0018483,0.21168,460.486,0,1.02816,0,0,1.33884,0.310677,1.028160,1,0,19.7721,0,0,0,19.7721,0
15.6055,2.73252,0,0,0.866903,0.0714003,0.36288,3.6288,57.8276,0.864242,0,0,0.48475,0.267479,0,0.66528,12.849,1,0.84672,0.36288,0,17.9341,5.53655,11.9137,0.84672,12.849,0.84672,3695.15,0,0.0036966,0.0018483,0.227405,2.01052,1.75569,1.27955,2.71221,0.42336,0.0018483,0.21168,0.0018483,0.21168,460.486,0,0.829198,0,0,1.0566,0.227405,1.028160,1,0,14.626,0,0,0,14.626,0
13.3161,2.7327,0,0,0.874964,0.0688033,0.36288,3.6288,57.2307,0.809672,0,0,0.479085,0.266365,0,0.66528,12.849,1,0.84672,0.36288,0,17.6338,5.53655,11.6134,0.84672,12.849,0.84672,3695.15,0,0.0036966,0.0018483,0.227405,2.01064,1.88941,1.27955,2.84606,0.42336,0.0018483,0.21168,0.0018483,0.21168,460.486,0,0.883768,0,0,1.11117,0.227405,1.028160,1,0,14.4595,0,0,0,14.4595,0
11.2019,2.73287,0,0,1.0471,0.0655258,0.36288,3.6288,56.6965,0.77309,0,0,0.504294,0.265337,0,0.66528,12.849,1,0.84672,0.36288,0,17.2424,5.53655,11.222,0.84672,12.849,0.84672,3695.15,0,0.0036966,0.0018483,0.204422,2.01077,2.53836,1.27955,3.47215,0.42336,0.0018483,0.21168,0.0018483,0.21168,460.486,0,0.92035,0,0,1.12477,0.204422,1.028160,1,0,14.6942,0,0,0,14.6942,0
8.82261,2.73302,0,0,0.781488,0.0649051,0.36288,3.6288,56.0343,0.836862,0,0,0.439142,0.264496,0,0.66528,12.849,1,0.84672,0.36288,0,16.4305,5.55875,10.3879,0.84672,12.849,0.84672,3695.15,0,0.0036966,0.0018483,0.204422,2.01089,1.70482,1.2752,2.64308,0.42336,0.0018483,0.21168,0.0018483,0.21168,460.486,0,0.856578,0,0,1.061,0.204422,1.028160,1,0,13.031,0,0,0,13.031,0
6.48068,2.62391,0,0,0.748483,0.103623,0.36288,3.6288,55.5576,0.625432,0,0,0.36804,0.219322,0,0.66528,12.849,1,0.84672,0.36288,0,12.4952,5.11077,6.90056,0.84672,12.849,0.84672,3695.15,0,0.0036966,2.063e-05,0.204422,2.01102,1.54268,1.00161,2.75649,0.42336,0.0018483,0.21168,0.0018483,0.21168,460.486,0,1.02571,0,0,1.23014,0.204422,1.028160,1,0,9.65705,0,0,0,9.65705,0
4.24776,2.62392,0,0,0.864778,0.110896,0.36288,3.6288,55.2416,0.623089,0,0,0.518479,0.211365,0,0.66528,12.849,1,0.84672,0.36288,0,14.4837,5.07675,8.92307,0.84672,12.849,0.84672,3695.15,0,0.0036966,2.0729e-05,0.366103,1.92619,1.62859,0.938947,2.98191,0.42336,0.0018483,0.21168,0.0018483,0.21168,460.486,0,1.02816,0,0,1.39426,0.366103,1.028160,1,0,11.905,0,0,0,11.905,0
2.17125,2.62375,0,0,1.01308,0.102966,0.36288,3.6288,54.9937,0.623192,0,0,0.586158,0.210927,0,0.66528,12.849,1,0.84672,0.36288,0,12.8392,5.07675,7.27862,0.84672,12.849,0.84672,3695.15,0,0.0036966,2.08511e-05,0.453038,1.92631,1.58521,0.938947,3.02559,0.42336,0.0018483,0.21168,0.0018483,0.21168,460.486,0,1.02816,0,0,1.4812,0.453038,1.028160,1,0,10.3042,0,0,0,10.3042,0
0.910125,2.17125,0,0,1.36814,0.0951389,0.36288,3.6288,55.0225,0.623295,0,0,0.86275,0.210583,0,0.66528,12.849,1,0.84672,0.36288,0,18.7186,5.07675,13.1581,0.84672,12.849,0.84672,3695.15,0,0.0036966,2.09485e-05,0.727946,1.92643,2.16451,0.938947,3.87992,0.42336,0.0018483,0.21168,0.0018483,0.21168,460.486,0,1.02816,0,0,1.75611,0.727946,1.028160,1,0,17.038,0,0,0,17.038,0
0.983463,0.910125,0,0,1.44233,0.0959844,0.36288,3.6288,55.2767,0.610946,0,0,1.0858,0.22069,0,0.66528,12.849,1,0.84672,0.36288,0,36.0165,4.70992,30.8228,0.84672,12.849,0.84672,3695.15,0,0.0036966,2.05227e-05,0.753754,1.92655,3.00548,0.992895,4.69286,0.42336,0.0018483,0.21168,0.0018483,0.21168,460.486,0,1.02816,0,0,1.78191,0.753754,1.028160,1,0,35.5156,0,0,0,35.5156,0
1.23912,0.983463,0,0,1.72115,0.119151,0.36288,3.6288,55.0032,0.695156,0,0,0.65163,0.229918,0,0.66528,12.849,1,0.84672,0.36288,0,21.1996,4.26626,16.4495,0.84672,12.849,0.84672,3695.15,0,0.0036966,2.32441e-05,0.216518,1.9258,3.27102,1.1227,4.29062,0.42336,0.0018483,0.21168,0.0018483,0.21168,460.486,0,0.94405,0,0,1.16057,0.216518,1.028160,1,0,20.7401,0,0,0,20.7401,0
1.28895,1.23912,0,0,1.77225,0.120418,0.36288,3.6288,55.113,0.61115,0,0,0.950411,0.229505,0,0.66528,12.849,1,0.84672,0.36288,0,21.5088,4.26626,16.7587,0.84672,12.849,0.84672,3695.15,0,0.0036966,2.05368e-05,1.26555,1.92592,4.50091,1.1227,6.56967,0.42336,0.0018483,0.21168,0.0018483,0.21168,460.486,0,1.02816,0,0,2.29371,1.26555,1.028160,1,0,23.3283,0,0,0,23.3283,0
4.48356,1.28895,0,0,4.9671,0.120665,0.36288,3.6288,57.1177,0.611253,0,0,2.84564,0.229671,0,0.66528,12.849,1,0.84672,0.36288,0,66.621,4.26626,61.8709,0.84672,12.849,0.84672,3695.15,0,0.0036966,2.04993e-05,3.62704,1.92604,9.34386,1.1227,13.7742,0.42336,0.0018483,0.21168,0.0018483,0.21168,460.486,0,1.02816,0,0,4.6552,3.62704,1.028160,1,0,75.6451,0,0,0,75.6451,0
4.86355,2.40684,0,0,3.29568,0.145973,0.36288,3.6288,58.1094,0.446675,0,0,1.65112,0.212763,0,0.66528,12.849,1,0.84672,0.36288,0,43.1468,4.0727,38.5902,0.84672,12.849,0.84672,3695.15,0,0.0036966,1.44542e-05,0.581602,1.92616,5.54583,1.04861,7.00497,0.42336,0.0018483,0.21168,0.0018483,0.21168,460.486,0,1.02816,0,0,1.60976,0.581602,1.028160,1,0,45.5952,0,0,0,45.5952,0
4.84261,2.34764,0,0,2.81623,0.126648,0.36288,3.6288,58.1976,0.506268,0,0,0.837484,0.243002,0,0.66528,12.849,1,0.84672,0.36288,0,31.2193,4.83921,25.8963,0.84672,12.849,0.84672,3695.15,0,0.0036966,1.6103e-05,0.326195,1.74937,3.85466,1.19952,4.73069,0.42336,0.0018483,0.21168,0.0018483,0.21168,460.486,0,1.02816,0,0,1.35435,0.326195,1.028160,1,0,30.627,0,0,0,30.627,0
5.70075,2.34794,0,0,3.70201,0.133046,0.36288,3.6288,58.4696,0.506268,0,0,1.01667,0.238391,0,0.66528,12.849,1,0.84672,0.36288,0,48.6168,4.69623,43.4367,0.84672,12.849,0.84672,3695.15,0,0.0036966,1.60786e-05,0.903295,1.7843,5.48952,1.17875,6.99835,0.42336,0.0018483,0.21168,0.0018483,0.21168,460.486,0,1.02816,0,0,1.93145,0.903295,1.028160,1,0,50.435,0,0,0,50.435,0
6.27158,2.34837,0,0,3.41894,0.136867,0.36288,3.6288,58.6184,0.506268,0,0,0.893886,0.238809,0,0.66528,12.849,1,0.84672,0.36288,0,46.3065,4.69623,41.1264,0.84672,12.849,0.84672,3695.15,0,0.0036966,1.60038e-05,0.537978,1.78436,4.7035,1.17875,5.84707,0.42336,0.0018483,0.21168,0.0018483,0.21168,460.486,0,1.02816,0,0,1.56614,0.537978,1.028160,1,0,46.9735,0,0,0,46.9735,0
6.88978,2.34873,0,0,3.46922,0.139408,0.36288,3.6288,58.7005,0.536637,0,0,0.857762,0.239038,0,0.66528,12.849,1,0.84672,0.36288,0,37.7031,4.69623,32.523,0.84672,12.849,0.84672,3695.15,0,0.0036966,1.69207e-05,0.412474,1.78441,6.90259,1.17875,7.92071,0.42336,0.0018483,0.21168,0.0018483,0.21168,460.486,0,0.99779,0,0,1.41026,0.412474,1.028160,1,0,40.4437,0,0,0,40.4437,0
6.88986,2.34888,0,0,2.84921,0.137369,0.36288,3.6288,59.1877,0.506176,0,0,1.17945,0.186056,0,0.66528,12.849,1,0.84672,0.36288,0,58.7636,3.28457,54.9952,0.84672,12.849,0.84672,3695.15,0,0.0036966,1.59379e-05,1.13654,1.78447,6.44974,1.04496,8.32578,0.42336,0.0018483,0.21168,0.0018483,0.21168,460.486,0,1.02816,0,0,2.1647,1.13654,1.028160,1,0,63.321,0,0,0,63.321,0
7.12639,2.45104,0,0,3.19966,0.149212,0.36288,3.6288,59.9644,0.553964,0,0,1.46693,0.136242,0,0.66528,12.849,1,0.84672,0.36288,0,58.6723,2.48577,55.7027,0.84672,12.849,0.84672,3695.15,0,0.0036966,1.7299e-05,1.51472,1.78441,8.83616,0.728133,11.4071,0.42336,0.0018483,0.21168,0.0018483,0.21168,460.486,0,1.02816,0,0,2.54288,1.51472,1.028160,1,0,67.1099,0,0,0,67.1099,0
7.15765,2.49902,0,0,3.04347,0.150317,0.36288,3.6288,60.895,0.50626,0,0,1.57377,0.136921,0,0.66528,12.849,1,0.84672,0.36288,0,59.9604,2.48577,56.9908,0.84672,12.849,0.84672,3695.15,0,0.0036966,1.56046e-05,1.78495,1.84049,8.6292,0.728133,11.5265,0.42336,0.0018483,0.21168,0.0018483,0.21168,460.486,0,1.02816,0,0,2.81311,1.78495,1.028160,1,0,68.5173,0,0,0,68.5173,0
6.90404,2.49929,0,0,2.75902,0.150463,0.36288,3.6288,61.308,0.50626,0,0,1.32031,0.137733,0.263357,0.66528,12.849,1,0.84672,0.36288,0,40.911,2.48577,37.9414,0.84672,12.849,0.84672,3695.15,0,0.0036966,1.53661e-05,1.25471,1.81262,7.21673,0.728133,9.55591,0.42336,0.0018483,0.21168,0.0018483,0.21168,460.486,0,1.02816,0,0,2.28287,1.25471,1.028160,1,0,47.7607,0,0,0,47.7607,0
7.97198,2.49953,0,0,4.08785,0.157501,0.36288,3.6288,61.308,0.50626,0,0,1.56035,0.135816,0.918274,0.66528,12.849,1,0.84672,0.36288,0,72.2597,2.91381,68.862,0.84672,12.849,0.84672,3695.15,0,0.0036966,1.52626e-05,1.50478,1.81267,8.96642,0.833076,11.4508,0.42336,0.0018483,0.21168,0.0018483,0.21168,460.486,0,1.02816,0,0,2.53294,1.50478,1.028160,1,0,81.2311,0,0,0,81.2311,0
8.07201,2.82737,0,0,3.46626,0.175986,0.36288,3.6288,61.308,0.66528,0,0,1.33933,0.13879,0.53526,0.66528,12.849,1,0.84672,0.36288,0,70.853,3.85508,66.5141,0.84672,12.849,0.84672,3695.15,0,0.0036966,0.0018483,1.20749,1.81272,10.3059,1.12389,12.2003,0.42336,0.0018483,0.21168,0.0018483,0.21168,460.486,0,1.02816,0,0,2.23565,1.20749,1.028160,1,0,79.2497,0,0,0,79.2497,0
6.53785,2.83867,0,0,1.8386,0.171205,0.36288,3.6288,61.1235,0.902604,0,0,0.861036,0.142909,0,0.66528,12.849,1,0.84672,0.36288,0,36.0288,3.83008,31.7149,0.84672,12.849,0.84672,3695.15,0,0.0036966,0.0018483,0.503194,2.01253,5.8314,1.10716,7.23812,0.42336,0.0018483,0.21168,0.0018483,0.21168,460.486,0,0.790836,0,0,1.29403,0.503194,1.028160,1,0,38.953,0,0,0,38.953,0
5.52492,2.83872,0,0,2.33927,0.150602,0.36288,3.6288,61.308,0.69158,0,0,1.0513,0.153029,0.0222121,0.66528,12.849,1,0.84672,0.36288,0,44.7493,3.76761,40.4979,0.84672,12.849,0.84672,3695.15,0,0.0036966,0.0018483,0.608429,2.00615,8.47642,1.06531,10.0238,0.42336,0.0018483,0.21168,0.0018483,0.21168,460.486,0,1.00186,0,0,1.61029,0.608429,1.028160,1,0,50.5439,0,0,0,50.5439,0
5.04797,2.83878,0,0,2.86853,0.143826,0.36288,3.6288,61.308,0.66528,0,0,1.54362,0.172288,0.706055,0.66528,12.849,1,0.84672,0.36288,0,51.2991,4.10211,46.7132,0.84672,12.849,0.84672,3695.15,0,0.0036966,0.0018483,0.886654,2.00626,7.03233,1.11739,8.80601,0.42336,0.0018483,0.21168,0.0018483,0.21168,460.486,0,1.02816,0,0,1.91481,0.886654,1.028160,1,0,56.2252,0,0,0,56.2252,0
8.27331,2.30938,0,0,6.0342,0.136603,0.36288,3.6288,61.308,0.405886,0,0,1.93395,0.16513,1.36294,0.66528,12.849,1,0.84672,0.36288,0,85.9473,4.47751,80.9859,0.84672,12.849,0.84672,3695.15,0,0.0036966,1.22366e-05,2.11096,2.00637,11.0139,1.02518,14.1061,0.42336,0.0018483,0.21168,0.0018483,0.21168,460.486,0,1.02816,0,0,3.13912,2.11096,1.028160,1,0,96.4549,0,0,0,96.4549,0
11.0345,2.23795,0,0,5.51324,0.151247,0.36288,3.6288,61.308,0.477913,0,0,1.59609,0.16513,0.95305,0.66528,12.849,1,0.84672,0.36288,0,77.9285,4.47751,72.9671,0.84672,12.849,0.84672,3695.15,0,0.0036966,1.4408e-05,1.42346,1.69957,9.36887,1.02518,11.4667,0.42336,0.0018483,0.21168,0.0018483,0.21168,460.486,0,1.02816,0,0,2.45162,1.42346,1.028160,1,0,85.3869,0,0,0,85.3869,0
14.2439,2.23833,0,0,5.97358,0.162898,0.36288,3.6288,61.308,0.477912,0,0,1.61568,0.16513,0.972638,0.66528,12.849,1,0.84672,0.36288,0,85.1108,4.47751,80.1495,0.84672,12.849,0.84672,3695.15,0,0.0036966,1.4408e-05,1.35631,1.74176,9.36248,1.02518,11.4353,0.42336,0.0018483,0.21168,0.0018483,0.21168,460.486,0,1.02816,0,0,2.38447,1.35631,1.028160,1,0,92.5575,0,0,0,92.5575,0
16.5661,2.23866,0,0,5.1048,0.181057,0.36288,3.6288,61.308,0.47791,0,0,1.56396,0.181122,0.904929,0.66528,12.849,1,0.84672,0.36288,0,71.3941,4.01499,66.8952,0.84672,12.849,0.84672,3695.15,0,0.0036966,1.44079e-05,1.09873,1.74181,8.23297,1.02443,10.0491,0.42336,0.0018483,0.21168,0.0018483,0.21168,460.486,0,1.02816,0,0,2.12689,1.09873,1.028160,1,0,77.8492,0,0,0,77.8492,0
19.8243,2.23896,0,0,6.02624,0.16625,0.36288,3.6288,61.308,0.477909,0,0,1.83794,0.22817,1.13187,0.66528,12.849,1,0.84672,0.36288,0,89.1052,5.06478,83.5566,0.84672,12.849,0.84672,3695.15,0,0.0036966,1.44079e-05,1.50218,1.74186,11.0699,1.23929,13.0746,0.42336,0.0018483,0.21168,0.0018483,0.21168,460.486,0,1.02816,0,0,2.53034,1.50218,1.028160,1,0,97.7631,0,0,0,97.7631,0
20.6499,2.35462,0,0,3.71274,0.169613,0.36288,3.6288,61.308,0.535598,0,0,1.68195,0.234946,0.911405,0.66528,12.849,1,0.84672,0.36288,0,70.1119,5.27058,64.3574,0.84672,12.849,0.84672,3695.15,0,0.0036966,1.61471e-05,1.29189,1.7419,7.74412,1.27515,9.50274,0.42336,0.0018483,0.21168,0.0018483,0.21168,460.486,0,1.02816,0,0,2.32005,1.29189,1.028160,1,0,74.7716,0,0,0,74.7716,0
21.3368,2.41371,0,0,3.63506,0.171563,0.36288,3.6288,61.308,0.476769,0,0,1.33584,0.234946,0.624125,0.66528,12.849,1,0.84672,0.36288,0,63.1425,5.27058,57.3881,0.84672,12.849,0.84672,3695.15,0,0.0036966,1.43735e-05,1.06732,1.80814,7.41891,1.27515,9.0192,0.42336,0.0018483,0.21168,0.0018483,0.21168,460.486,0,1.02816,0,0,2.09548,1.06732,1.028160,1,0,67.0314,0,0,0,67.0314,0
23.8533,2.47867,0,0,5.52607,0.168056,0.36288,3.6288,61.308,0.50626,0,0,2.37911,0.239703,1.63315,0.66528,12.849,1,0.84672,0.36288,0,102.131,5.32875,96.3183,0.84672,12.849,0.84672,3695.15,0,0.0036966,1.52626e-05,2.76495,1.77376,13.4363,1.2866,16.6884,0.42336,0.0018483,0.21168,0.0018483,0.21168,460.486,0,1.02816,0,0,3.79311,2.76495,1.028160,1,0,114.64,0,0,0,114.64,0
24.6393,2.47896,0,0,3.76199,0.134136,0.36288,3.6288,61.308,0.50626,0,0,1.24635,0.252775,0.48732,0.66528,12.849,1,0.84672,0.36288,0,70.5922,4.80045,65.3079,0.84672,12.849,0.84672,3695.15,0,0.0036966,1.52626e-05,1.08937,1.80872,6.88153,1.24789,8.53172,0.42336,0.0018483,0.21168,0.0018483,0.21168,460.486,0,1.02816,0,0,2.11753,1.08937,1.028160,1,0,74.3269,0,0,0,74.3269,0
24.9647,2.43322,0,0,3.25118,0.129629,0.36288,3.6288,61.308,0.483406,0,0,1.06499,0.241169,0.340417,0.66528,12.849,1,0.84672,0.36288,0,54.1368,4.14246,49.5105,0.84672,12.849,0.84672,3695.15,0,0.0036966,1.45736e-05,0.819374,1.80877,5.64033,1.16734,7.10112,0.42336,0.0018483,0.21168,0.0018483,0.21168,460.486,0,1.02816,0,0,1.84753,0.819374,1.028160,1,0,56.952,0,0,0,56.952,0
24.9942,2.41064,0,0,2.93321,0.130238,0.36288,3.6288,61.308,0.506259,0,0,0.963706,0.241169,0.216278,0.66528,12.849,1,0.84672,0.36288,0,50.0106,4.14246,45.3843,0.84672,12.849,0.84672,3695.15,0,0.0036966,1.52626e-05,0.539603,1.78254,5.32391,1.16734,6.4787,0.42336,0.0018483,0.21168,0.0018483,0.21168,460.486,0,1.02816,0,0,1.56776,0.539603,1.028160,1,0,52.0792,0,0,0,52.0792,0
25.536,2.4109,0,0,3.43854,0.122938,0.36288,3.6288,61.308,0.506259,0,0,0.901204,0.247104,0.147841,0.66528,12.849,1,0.84672,0.36288,0,54.2569,4.61031,49.1627,0.84672,12.849,0.84672,3695.15,0,0.0036966,1.52626e-05,0.536259,1.79597,7.0737,1.18578,8.22012,0.42336,0.0018483,0.21168,0.0018483,0.21168,460.486,0,1.02816,0,0,1.56442,0.536259,1.028160,1,0,57.5307,0,0,0,57.5307,0
25.4605,2.41116,0,0,2.79929,0.100751,0.36288,3.6288,61.308,0.506259,0,0,0.872199,0.261541,0.104399,0.66528,12.849,1,0.84672,0.36288,0,41.9837,5.62,35.8798,0.84672,12.849,0.84672,3695.15,0,0.0036966,1.52626e-05,0.541521,1.79601,5.32414,1.21515,6.44651,0.42336,0.0018483,0.21168,0.0018483,0.21168,460.486,0,1.02816,0,0,1.56968,0.541521,1.028160,1,0,42.4307,0,0,0,42.4307,0
25.0379,2.56764,0,0,2.58084,0.0729932,0.36288,3.6288,61.2828,0.587324,0,0,0.821258,0.259149,0,0.66528,12.849,1,0.84672,0.36288,0,36.1343,4.66043,30.99,0.84672,12.849,0.84672,3695.15,0,0.0036966,1.77065e-05,0.440078,1.79606,4.09787,1.11466,5.21933,0.42336,0.0018483,0.21168,0.0018483,0.21168,460.486,0,1.02816,0,0,1.46824,0.440078,1.028160,1,0,36.2094,0,0,0,36.2094,0
24.3025,2.60282,0,0,2.30291,0.0725532,0.36288,3.6288,61.1531,0.636982,0,0,0.766394,0.259108,0,0.66528,12.849,1,0.84672,0.36288,0,33.3169,4.66043,28.1726,0.84672,12.849,0.84672,3695.15,0,0.0036966,1.92115e-05,0.402797,1.88802,3.68837,1.11466,4.86452,0.42336,0.0018483,0.21168,0.0018483,0.21168,460.486,0,0.943592,0,0,1.34639,0.402797,1.028160,1,0,33.0371,0,0,0,33.0371,0
23.5237,2.603,0,0,2.25889,0.0717876,0.36288,3.6288,60.9313,0.672335,0,0,0.709413,0.258896,0,0.66528,12.849,1,0.84672,0.36288,0,31.284,4.66043,26.1397,0.84672,12.849,0.84672,3695.15,0,0.0036966,2.03208e-05,0.30119,1.86764,3.40408,1.11466,4.45824,0.42336,0.0018483,0.21168,0.0018483,0.21168,460.486,0,0.908323,0,0,1.20951,0.30119,1.028160,1,0,30.5979,0,0,0,30.5979,0
22.4622,2.60318,0,0,1.97118,0.0667163,0.36288,3.6288,60.5751,0.752296,0,0,0.659396,0.263243,0,0.66528,12.849,1,0.84672,0.36288,0,27.9615,4.71397,22.7636,0.84672,12.849,0.84672,3695.15,0,0.0036966,2.28203e-05,0.30119,1.86775,3.29243,1.12834,4.333,0.42336,0.0018483,0.21168,0.0018483,0.21168,460.486,0,0.828446,0,0,1.12964,0.30119,1.028160,1,0,27.0966,0,0,0,27.0966,0
20.6563,2.60336,0,0,1.21483,0.0544549,0.36288,3.6288,60.3008,0.645776,0,0,0.651387,0.279958,0,0.66528,12.849,1,0.84672,0.36288,0,26.17,5.22643,20.4598,0.84672,12.849,0.84672,3695.15,0,0.0036966,1.97043e-05,0.30119,1.86785,2.71171,1.25966,3.62106,0.42336,0.0018483,0.21168,0.0018483,0.21168,460.486,0,0.935055,0,0,1.23625,0.30119,1.028160,1,0,24.0808,0,0,0,24.0808,0
18.7298,2.57263,0,0,1.0644,0.0553937,0.36288,3.6288,59.8982,0.750778,0,0,0.625889,0.277659,0,0.66528,12.849,1,0.84672,0.36288,0,26.1048,5.25829,20.3627,0.84672,12.849,0.84672,3695.15,0,0.0036966,2.30124e-05,0.30119,1.86795,2.71795,1.26787,3.6192,0.42336,0.0018483,0.21168,0.0018483,0.21168,460.486,0,0.874705,0,0,1.1759,0.30119,1.028160,1,0,23.9819,0,0,0,23.9819,0
16.7133,2.57279,0,0,0.973158,0.0539249,0.36288,3.6288,59.5428,0.68936,0,0,0.610866,0.276948,0,0.66528,12.849,1,0.84672,0.36288,0,25.7363,5.25829,19.9942,0.84672,12.849,0.84672,3695.15,0,0.0036966,2.12718e-05,0.261274,1.89669,2.68455,1.26787,3.57463,0.42336,0.0018483,0.21168,0.0018483,0.21168,460.486,0,0.936213,0,0,1.19749,0.261274,1.028160,1,0,23.5688,0,0,0,23.5688,0
14.6145,2.57295,0,0,0.889393,0.0523875,0.36288,3.6288,58.9742,0.86354,0,0,0.571245,0.27632,0,0.66528,12.849,1,0.84672,0.36288,0,24.2073,5.25829,18.4652,0.84672,12.849,0.84672,3695.15,0,0.0036966,2.68056e-05,0.261274,1.8968,2.55457,1.26787,3.44475,0.42336,0.0018483,0.21168,0.0018483,0.21168,460.486,0,0.762117,0,0,1.02339,0.261274,1.028160,1,0,21.9099,0,0,0,21.9099,0
12.473,2.57309,0,0,0.837251,0.0428147,0.36288,3.6288,58.3249,0.880959,0,0,0.52829,0.296607,0,0.66528,12.849,1,0.84672,0.36288,0,21.7282,5.62674,15.6176,0.84672,12.849,0.84672,3695.15,0,0.0036966,2.761e-05,0.261274,1.8969,2.22184,1.38093,2.99905,0.42336,0.0018483,0.21168,0.0018483,0.21168,460.486,0,0.744785,0,0,1.00606,0.261274,1.028160,1,0,18.6167,0,0,0,18.6167,0
10.2559,2.65304,0,0,0.835669,0.0368209,0.36288,3.6288,57.6777,0.86104,0,0,0.512412,0.29853,0,0.66528,12.849,1,0.84672,0.36288,0,20.122,5.78865,13.8495,0.84672,12.849,0.84672,3695.15,0,0.0036966,2.72861e-05,0.261274,1.89701,2.00463,1.41146,2.75142,0.42336,0.0018483,0.21168,0.0018483,0.21168,460.486,0,0.804522,0,0,1.0658,0.261274,1.028160,1,0,16.6009,0,0,0,16.6009,0
7.94492,2.65314,0,0,0.740033,0.0350039,0.36288,3.6288,56.9269,0.934733,0,0,0.481185,0.297286,0,0.66528,12.849,1,0.84672,0.36288,0,18.9587,5.78865,12.6862,0.84672,12.849,0.84672,3695.15,0,0.0036966,2.99538e-05,0.261274,1.94276,1.98512,1.41146,2.77766,0.42336,0.0018483,0.21168,0.0018483,0.21168,460.486,0,0.730918,0,0,0.992192,0.261274,1.028160,1,0,15.4638,0,0,0,15.4638,0
5.56833,2.65319,0,0,0.672244,0.0327665,0.36288,3.6288,56.1342,0.965045,0,0,0.468147,0.295841,0,0.66528,12.849,1,0.84672,0.36288,0,17.8464,5.78865,11.5739,0.84672,12.849,0.84672,3695.15,0,0.0036966,3.1333e-05,0.227405,1.94287,1.91425,1.41146,2.67303,0.42336,0.0018483,0.21168,0.0018483,0.21168,460.486,0,0.700695,0,0,0.9281,0.227405,1.028160,1,0,14.2469,0,0,0,14.2469,0
3.09831,2.65312,0,0,0.569368,0.0233785,0.36288,3.6288,55.3269,0.97311,0,0,0.465606,0.29979,0,0.66528,12.849,1,0.84672,0.36288,0,17.008,6.06545,10.4587,0.84672,12.849,0.84672,3695.15,0,0.0036966,3.20411e-05,0.227405,1.94297,1.87845,1.41196,2.63683,0.42336,0.0018483,0.21168,0.0018483,0.21168,460.486,0,0.692721,0,0,0.920125,0.227405,1.028160,1,0,13.0956,0,0,0,13.0956,0
0.463751,2.7416,0,0,0.495125,0.0252036,0.36288,3.6288,54.5568,0.956059,0,0,0.459781,0.273814,0,0.66528,12.849,1,0.84672,0.36288,0,17.3851,5.93093,10.9704,0.84672,12.849,0.84672,3695.15,0,0.0036966,0.0018483,0.227405,1.94308,2.26625,1.45507,2.97982,0.42336,0.0018483,0.21168,0.0018483,0.21168,460.486,0,0.737381,0,0,0.964786,0.227405,1.028160,1,0,13.9502,0,0,0,13.9502,0
0.099082,0.463751,0,0,0.484628,0.022666,0.36288,3.6288,53.704,1.01025,0,0,0.429885,0.272429,0,0.66528,12.849,1,0.84672,0.36288,0,15.8644,5.93093,9.44966,0.84672,12.849,0.84672,3695.15,0,0.0036966,0.0018483,0.227405,2.0165,2.27461,1.45507,3.0616,0.42336,0.0018483,0.21168,0.0018483,0.21168,460.486,0,0.683191,0,0,0.910596,0.227405,1.028160,1,0,12.5113,0,0,0,12.5113,0
0.318899,0.099082,0,0,0.704093,0.0223147,0.36288,3.6288,53.1017,0.825422,0,0,0.493953,0.27085,0,0.66528,12.849,1,0.84672,0.36288,0,18.0687,5.93093,11.6539,0.84672,12.849,0.84672,3695.15,0,0.0036966,0.0018483,0.204422,2.01661,2.52191,1.45507,3.28603,0.42336,0.0018483,0.21168,0.0018483,0.21168,460.486,0,0.868018,0,0,1.07244,0.204422,1.028160,1,0,14.9399,0,0,0,14.9399,0
0.619172,0.318899,0,0,1.01482,0.0327683,0.36288,3.6288,52.7595,0.735333,0,0,0.653813,0.26067,0,0.66528,12.849,1,0.84672,0.36288,0,29.4799,5.79951,23.1965,0.84672,12.849,0.84672,3695.15,0,0.0036966,0.0018483,0.204422,2.01672,2.80765,1.42855,3.59839,0.42336,0.0018483,0.21168,0.0018483,0.21168,460.486,0,0.958107,0,0,1.16253,0.204422,1.028160,1,0,26.7949,0,0,0,26.7949,0
0.242896,0.619172,0,0,0.633676,0.0278995,0.36288,3.6288,52.1944,0.796988,0,0,0.441596,0.209681,0,0.66528,12.849,1,0.84672,0.36288,0,26.8458,5.54106,20.8209,0.84672,12.849,0.84672,3695.15,0,0.0036966,0.0018483,0.204422,2.01683,1.81704,1.45,2.58644,0.42336,0.0018483,0.21168,0.0018483,0.21168,460.486,0,0.896452,0,0,1.10087,0.204422,1.028160,1,0,23.4073,0,0,0,23.4073,0
0,0.242896,0,0,0.345028,0.0270109,0.318017,3.6288,51.1217,1.17647,0,0,0.294242,0.190469,0,0.66528,12.849,1,0.84672,0.318017,0,15.4708,5.3613,9.58078,0.84672,12.849,0.84672,3695.15,0,0.0036966,4.16608e-05,0.204422,2.01694,1.18371,1.45961,1.94542,0.42336,0.0018483,0.21168,0.0018483,0.21168,460.486,0,0.479511,0,0,0.683934,0.204422,1.028160,1,0,11.5262,0,0,0,11.5262,0
0.0338208,0,0,0,0.432122,0.035421,0.36288,3.6288,50.1498,1.15789,0,0,0.372336,0.1864,0,0.66528,12.849,1,0.84672,0.36288,0,14.7601,5.18084,9.09538,0.84672,12.849,0.84672,3695.15,0,0.0036966,4.18632e-05,0.216518,1.93185,1.44815,1.43245,2.16403,0.42336,0.0018483,0.21168,0.0018483,0.21168,460.486,0,0.498182,0,0,0.714701,0.216518,1.028160,1,0,11.2594,0,0,0,11.2594,0
0.777252,0.0338208,0,0,1.20591,0.065779,0.36288,3.6288,49.9759,0.628017,0,0,0.65991,0.205716,0,0.66528,12.849,1,0.84672,0.36288,0,24.1486,4.70158,18.9632,0.84672,12.849,0.84672,3695.15,0,0.0036966,2.31459e-05,0.727929,1.93196,3.1199,1.29066,4.4891,0.42336,0.0018483,0.21168,0.0018483,0.21168,460.486,0,1.02816,0,0,1.75609,0.727929,1.028160,1,0,23.4523,0,0,0,23.4523,0
0.578546,0.777252,0,0,1.01217,0.0707394,0.36288,3.6288,49.464,0.798819,0,0,0.484433,0.197509,0,0.66528,12.849,1,0.84672,0.36288,0,32.4775,4.39661,27.5971,0.84672,12.849,0.84672,3695.15,0,0.0036966,2.95434e-05,0.216518,1.93206,1.748,1.18996,2.7066,0.42336,0.0018483,0.21168,0.0018483,0.21168,460.486,0,0.857442,0,0,1.07396,0.216518,1.028160,1,0,30.3037,0,0,0,30.3037,0
2.79252,0.578546,0,0,3.2326,0.0772,0.36288,3.6288,49.7019,0.615709,0,0,1.03052,0.176977,0,0.66528,12.849,1,0.84672,0.36288,0,66.0224,3.63416,61.9044,0.84672,12.849,0.84672,3695.15,0,0.0036966,2.30069e-05,1.26104,1.93217,5.04037,0.938186,7.29537,0.42336,0.0018483,0.21168,0.0018483,0.21168,460.486,0,1.02816,0,0,2.2892,1.26104,1.028160,1,0,69.1998,0,0,0,69.1998,0
2.79939,2.68067,0,0,3.13486,0.084428,0.36288,3.6288,50.4107,0.615798,0,0,1.50192,0.177324,0,0.66528,12.849,1,0.84672,0.36288,0,62.0531,3.63416,57.9351,0.84672,12.849,0.84672,3695.15,0,0.0036966,2.29001e-05,1.61579,1.9314,5.28393,0.938186,7.89291,0.42336,0.0018483,0.21168,0.0018483,0.21168,460.486,0,1.02816,0,0,2.64395,1.61579,1.028160,1,0,65.828,0,0,0,65.828,0
3.52893,2.68087,0,0,3.85773,0.0844504,0.36288,3.6288,50.9456,0.615889,0,0,1.32913,0.178356,0,0.66528,12.849,1,0.84672,0.36288,0,76.2234,3.63416,72.1054,0.84672,12.849,0.84672,3695.15,0,0.0036966,2.25815e-05,1.9181,1.93151,9.25827,0.938186,12.1697,0.42336,0.0018483,0.21168,0.0018483,0.21168,460.486,0,1.02816,0,0,2.94626,1.9181,1.028160,1,0,84.275,0,0,0,84.275,0
2.7987,2.68143,0,0,2.40091,0.0868322,0.36288,3.6288,51.0454,0.615979,0,0,0.894905,0.179136,0,0.66528,12.849,1,0.84672,0.36288,0,91.7836,3.63416,87.6656,0.84672,12.849,0.84672,3695.15,0,0.0036966,2.23476e-05,1.11523,1.93161,4.42633,0.938186,6.53497,0.42336,0.0018483,0.21168,0.0018483,0.21168,460.486,0,1.02816,0,0,2.14339,1.11523,1.028160,1,0,94.2006,0,0,0,94.2006,0
1.33343,2.4156,0,0,1.41596,0.102748,0.36288,3.6288,51.2679,0.450915,0,0,0.887846,0.214375,0,0.66528,12.849,1,0.84672,0.36288,0,61.5711,4.08776,56.9995,0.84672,12.849,0.84672,3695.15,0,0.0036966,1.63272e-05,0.663811,1.93172,2.65213,0.95207,4.29557,0.42336,0.0018483,0.21168,0.0018483,0.21168,460.486,0,1.02816,0,0,1.69197,0.663811,1.028160,1,0,61.2951,0,0,0,61.2951,0
1.38116,1.33343,0,0,1.84097,0.096928,0.36288,3.6288,51.3107,0.506254,0,0,0.763828,0.214763,0,0.66528,12.849,1,0.84672,0.36288,0,67.9317,4.08776,63.3601,0.84672,12.849,0.84672,3695.15,0,0.0036966,1.82514e-05,0.653737,1.7544,2.6771,0.95207,4.13316,0.42336,0.0018483,0.21168,0.0018483,0.21168,460.486,0,1.02816,0,0,1.6819,0.653737,1.028160,1,0,67.4932,0,0,0,67.4932,0
2.40542,1.38116,0,0,2.86541,0.0971176,0.36288,3.6288,51.8836,0.506255,0,0,1.29396,0.214837,0,0.66528,12.849,1,0.84672,0.36288,0,74.0137,4.08776,69.4421,0.84672,12.849,0.84672,3695.15,0,0.0036966,1.82362e-05,1.68426,1.78684,3.97969,0.95207,6.49869,0.42336,0.0018483,0.21168,0.0018483,0.21168,460.486,0,1.02816,0,0,2.71242,1.68426,1.028160,1,0,75.9408,0,0,0,75.9408,0
4.55233,2.36082,0,0,4.95977,0.0891505,0.36288,3.6288,52.1374,0.506255,0,0,0.923365,0.163296,0,0.66528,12.849,1,0.84672,0.36288,0,95.8582,3.30161,92.0728,0.84672,12.849,0.84672,3695.15,0,0.0036966,1.80348e-05,0.980294,1.78689,3.29724,0.865203,5.1992,0.42336,0.0018483,0.21168,0.0018483,0.21168,460.486,0,1.02816,0,0,2.00845,0.980294,1.028160,1,0,97.272,0,0,0,97.272,0
6.47912,2.36193,0,0,4.75748,0.105879,0.36288,3.6288,52.8027,0.506255,0,0,1.34963,0.178036,0,0.66528,12.849,1,0.84672,0.36288,0,149.828,3.77679,145.567,0.84672,12.849,0.84672,3695.15,0,0.0036966,1.7947e-05,2.01071,1.78693,7.02755,1.03066,9.79452,0.42336,0.0018483,0.21168,0.0018483,0.21168,460.486,0,1.02816,0,0,3.03887,2.01071,1.028160,1,0,155.362,0,0,0,155.362,0
8.55764,2.46471,0,0,5.01685,0.110739,0.36288,3.6288,53.9058,0.554086,0,0,1.88331,0.226187,0,0.66528,12.849,1,0.84672,0.36288,0,138.978,4.77739,133.717,0.84672,12.849,0.84672,3695.15,0,0.0036966,1.93951e-05,3.09156,1.78698,9.89764,1.3875,13.3887,0.42336,0.0018483,0.21168,0.0018483,0.21168,460.486,0,1.02816,0,0,4.11972,3.09156,1.028160,1,0,147.105,0,0,0,147.105,0
15.8451,2.51294,0,0,10.2813,0.118042,0.36288,3.6288,55.9,0.506246,0,0,2.72862,0.228163,0,0.66528,12.849,1,0.84672,0.36288,0,245.792,4.77739,240.531,0.84672,12.849,0.84672,3695.15,0,0.0036966,1.7358e-05,4.10291,1.84315,15.607,1.3875,20.1656,0.42336,0.0018483,0.21168,0.0018483,0.21168,460.486,0,1.02816,0,0,5.13107,4.10291,1.028160,1,0,260.697,0,0,0,260.697,0
21.4151,2.51342,0,0,8.58634,0.140003,0.36288,3.6288,57.8664,0.506247,0,0,2.70383,0.231181,0,0.66528,12.849,1,0.84672,0.36288,0,360.873,4.77739,355.612,0.84672,12.849,0.84672,3695.15,0,0.0036966,1.67388e-05,3.27053,1.8152,15.376,1.3875,19.0742,0.42336,0.0018483,0.21168,0.0018483,0.21168,460.486,0,1.02816,0,0,4.29869,3.27053,1.028160,1,0,374.686,0,0,0,374.686,0
24.013,2.51373,0,0,5.62959,0.155068,0.36288,3.6288,58.8075,0.506248,0,0,1.67048,0.223169,0,0.66528,12.849,1,0.84672,0.36288,0,169.058,4.59638,163.978,0.84672,12.849,0.84672,3695.15,0,0.0036966,1.617e-05,2.36046,1.81524,9.10224,1.32917,11.9487,0.42336,0.0018483,0.21168,0.0018483,0.21168,460.486,0,1.02816,0,0,3.38862,2.36046,1.028160,1,0,175.927,0,0,0,175.927,0
39.8271,2.84243,0,0,19.2002,0.180887,0.36288,3.6288,61.308,0.66528,0,0,5.51315,0.158198,2.18913,0.66528,12.849,1,0.84672,0.36288,0,320.052,3.51026,316.058,0.84672,12.849,0.84672,3695.15,0,0.0036966,0.0018483,7.78579,1.81528,37.2759,0.979213,45.8959,0.42336,0.0018483,0.21168,0.0018483,0.21168,460.486,0,1.02816,0,0,8.81395,7.78579,1.028160,1,0,364.143,0,0,0,364.143,0
43.9973,2.8495,0,0,7.60432,0.221733,0.36288,3.6288,61.308,0.66528,0,0,2.64831,0.160739,1.82229,0.66528,12.849,1,0.84672,0.36288,0,376.656,3.51026,372.662,0.84672,12.849,0.84672,3695.15,0,0.0036966,0.0018483,3.66377,2.01565,16.3008,0.979213,20.9992,0.42336,0.0018483,0.21168,0.0018483,0.21168,460.486,0,1.02816,0,0,4.69193,3.66377,1.028160,1,0,395.484,0,0,0,395.484,0
46.3807,2.86091,0,0,5.84503,0.237804,0.36288,3.6288,61.308,0.66528,0,0,2.22102,0.208958,1.34679,0.66528,12.849,1,0.835502,0.36288,0,197.992,4.08792,193.431,0.84672,12.849,0.84672,3695.15,0,0.0036966,0.0018483,3.10637,2.01176,13.6113,1.07906,17.6485,0.42336,0.0018483,0.21168,0.0018483,0.21168,460.486,0,1.02816,0,0,4.13453,3.10637,1.028160,1,0,212.426,0,0,0,212.426,0
48.8288,2.89467,0,0,5.95985,0.254186,0.36288,3.6288,61.308,0.66528,0,0,4.60551,0.240006,3.70022,0.66528,12.849,1,0.801919,0.36288,0,197.739,4.32801,192.972,0.84672,12.849,0.84672,3695.15,0,0.0036966,0.0018483,4.93104,2.01186,18.683,1.04278,24.5812,0.42336,0.0018483,0.21168,0.0018483,0.21168,460.486,0,1.02816,0,0,5.9592,4.93104,1.028160,1,0,221.254,0,0,0,221.254,0
51.4584,2.55567,0,0,5.78947,0.24137,0.36288,3.6288,61.308,0.438286,0,0,1.55227,0.213425,0.90056,0.66528,12.849,1,0.672508,0.36288,0,95.2266,3.96994,90.9471,0.84672,12.849,0.84672,3695.15,0,0.0036966,1.32133e-05,1.52285,2.01195,11.4909,0.855099,14.1705,0.42336,0.0018483,0.21168,0.0018483,0.21168,460.486,0,1.02816,0,0,2.55101,1.52285,1.028160,1,0,106.018,0,0,0,106.018,0
54.5638,2.52897,0,0,6.24543,0.248184,0.36288,3.6288,61.308,0.506246,0,0,1.84585,0.213425,1.12618,0.66528,12.849,1,0.631475,0.36288,0,107.858,3.96994,103.62,0.84672,12.849,0.84672,3695.15,0,0.0036966,1.52622e-05,1.6264,1.73796,9.34407,0.855099,11.8533,0.42336,0.0018483,0.21168,0.0018483,0.21168,460.486,0,1.02816,0,0,2.65456,1.6264,1.028160,1,0,116.599,0,0,0,116.599,0
61.1188,2.55824,0,0,9.73002,0.253863,0.36288,3.6288,61.308,0.506246,0,0,2.86589,0.190517,2.16913,0.66528,12.849,1,0.602429,0.36288,0,199.413,3.61133,195.562,0.84672,12.849,0.84672,3695.15,0,0.0036966,1.52622e-05,4.06714,1.77778,19.6996,0.793679,24.7509,0.42336,0.0018483,0.21168,0.0018483,0.21168,460.486,0,1.02816,0,0,5.0953,4.06714,1.028160,1,0,222.482,0,0,0,222.482,0
66.5452,2.6678,0,0,8.72554,0.268516,0.36288,3.6288,61.308,0.438492,0,0,2.12066,0.173336,1.50883,0.66528,12.849,1,0.56085,0.36288,0,199.62,3.34236,196.08,0.84672,12.849,0.84672,3695.15,0,0.0036966,1.32196e-05,3.1699,1.77782,12.9487,0.747614,17.1488,0.42336,0.0018483,0.21168,0.0018483,0.21168,460.486,0,1.02816,0,0,4.19806,3.1699,1.028160,1,0,214.738,0,0,0,214.738,0
70.9605,2.70626,0,0,7.75155,0.267065,0.36288,3.6288,61.308,0.438561,0,0,2.90282,0.173917,2.29035,0.66528,12.849,1,0.522543,0.36288,0,179.978,4.04991,175.769,0.84672,12.849,0.84672,3695.15,0,0.0036966,1.32216e-05,2.76298,1.73821,15.9931,0.863941,19.6303,0.42336,0.0018483,0.21168,0.0018483,0.21168,460.486,0,1.02816,0,0,3.79114,2.76298,1.028160,1,0,197.689,0,0,0,197.689,0
72.29,2.83381,0,0,9.3954,0.270818,4.96128,3.6288,61.308,0.497622,0,0,3.37609,0.17415,2.70432,0.66528,12.849,1,0.513126,4.96128,0,155.898,4.33293,156.013,0.84672,12.849,0.84672,3695.15,0,0.0036966,1.50022e-05,4.08593,1.73829,17.7407,0.910472,22.6544,0.42336,0.0018483,0.21168,0.0018483,0.21168,460.486,0,1.02816,0,0,5.11409,4.08593,1.028160,1,0,181.372,0,0,0,181.372,0
72.29,2.84196,0,0,11.1315,0.273577,8.01598,3.6288,61.308,0.497693,0,0,4.95933,0.17415,4.28749,0.66528,12.849,1,0.505137,8.01598,0,176.743,4.33293,179.921,0.84672,12.849,0.84672,3695.15,0,0.0036966,1.50044e-05,6.06792,1.80606,22.8671,0.910472,29.8305,0.42336,0.0018483,0.21168,0.0018483,0.21168,460.486,0,1.02816,0,0,7.09608,6.06792,1.028160,1,0,214.039,0,0,0,214.039,0
72.29,2.84209,0,0,7.62826,0.204028,4.58213,3.6288,61.308,0.497765,0,0,2.91647,0.214158,2.20454,0.66528,12.849,1,0.505161,4.58213,0,197.142,4.72653,196.493,0.84672,12.849,0.84672,3695.15,0,0.0036966,1.50065e-05,3.26293,1.80615,13.6329,1.01006,17.6919,0.42336,0.0018483,0.21168,0.0018483,0.21168,460.486,0,1.02816,0,0,4.29109,3.26293,1.028160,1,0,216.389,0,0,0,216.389,0
72.29,2.84223,0,0,6.49955,0.178652,3.47867,3.6288,61.308,0.497837,0,0,2.15064,0.237566,1.41524,0.66528,12.849,1,0.505184,3.47867,0,132.011,4.81806,130.166,0.84672,12.849,0.84672,3695.15,0,0.0036966,1.50087e-05,2.1983,1.80623,11.4049,1.08737,14.322,0.42336,0.0018483,0.21168,0.0018483,0.21168,460.486,0,1.02816,0,0,3.22646,2.1983,1.028160,1,0,145.903,0,0,0,145.903,0
72.29,2.80319,0,0,5.20434,0.201249,2.1999,3.6288,61.308,0.474992,0,0,1.46572,0.215145,0.775587,0.66528,12.849,1,0.498245,2.1999,0,111.283,5.04882,107.936,0.84672,12.849,0.84672,3695.15,0,0.0036966,1.432e-05,1.47366,1.80632,9.58107,1.03497,11.8261,0.42336,0.0018483,0.21168,0.0018483,0.21168,460.486,0,1.02816,0,0,2.50182,1.47366,1.028160,1,0,120.538,0,0,0,120.538,0
72.29,2.80332,0,0,5.72877,0.201249,2.7242,3.6288,61.308,0.475063,0,0,1.86145,0.215145,1.17125,0.66528,12.849,1,0.498268,2.7242,0,115.433,5.04882,112.61,0.84672,12.849,0.84672,3695.15,0,0.0036966,1.43221e-05,2.9692,1.78005,10.3933,1.03497,14.1076,0.42336,0.0018483,0.21168,0.0018483,0.21168,460.486,0,1.02816,0,0,3.99736,2.9692,1.028160,1,0,127.889,0,0,0,127.889,0
72.29,2.80345,0,0,4.98284,0.121327,2.05807,3.6288,61.308,0.475133,0,0,1.56367,0.239707,0.848827,0.66528,12.849,1,0.498292,2.05807,0,96.1088,5.46651,92.202,0.84672,12.849,0.84672,3695.15,0,0.0036966,1.43242e-05,2.41462,1.78013,8.76424,1.21244,11.7465,0.42336,0.0018483,0.21168,0.0018483,0.21168,460.486,0,1.02816,0,0,3.44278,2.41462,1.028160,1,0,104.797,0,0,0,104.797,0
72.29,2.80358,0,0,4.45332,0.121327,1.52841,3.6288,61.308,0.475204,0,0,1.39634,0.239707,0.681426,0.66528,12.849,1,0.498315,1.52841,0,87.3927,5.46651,82.9563,0.84672,12.849,0.84672,3695.15,0,0.0036966,1.43263e-05,2.11169,1.78021,8.3128,1.21244,10.9923,0.42336,0.0018483,0.21168,0.0018483,0.21168,460.486,0,1.02816,0,0,3.13985,2.11169,1.028160,1,0,94.63,0,0,0,94.63,0
72.29,2.93671,0,0,4.30942,0.147587,1.22512,3.6288,61.308,0.556556,0,0,1.31383,0.242331,0.514946,0.66528,12.849,1,0.521978,1.22512,0,85.2172,4.99125,80.9291,0.84672,12.849,0.84672,3695.15,0,0.0036966,1.67789e-05,1.58291,1.7803,7.68891,1.03906,10.013,0.42336,0.0018483,0.21168,0.0018483,0.21168,460.486,0,1.02816,0,0,2.61107,1.58291,1.028160,1,0,91.4571,0,0,0,91.4571,0
72.29,2.93685,0,0,4.11046,0.136169,1.03744,3.6288,61.308,0.55663,0,0,1.2398,0.24584,0.437327,0.66528,12.849,1,0.522003,1.03744,0,77.7833,5.05092,73.2478,0.84672,12.849,0.84672,3695.15,0,0.0036966,1.67812e-05,1.42488,1.87254,7.43299,1.06442,9.66598,0.42336,0.0018483,0.21168,0.0018483,0.21168,460.486,0,1.02816,0,0,2.45304,1.42488,1.028160,1,0,83.3512,0,0,0,83.3512,0
72.29,2.93699,0,0,3.97148,0.136169,0.898323,3.6288,61.308,0.556705,0,0,1.26467,0.24584,0.462127,0.66528,12.849,1,0.522027,0.898323,0,74.1606,5.05092,69.486,0.84672,12.849,0.84672,3695.15,0,0.0036966,1.67834e-05,1.69209,1.87262,7.1096,1.06442,9.60988,0.42336,0.0018483,0.21168,0.0018483,0.21168,460.486,0,1.02816,0,0,2.72025,1.69209,1.028160,1,0,79.558,0,0,0,79.558,0
72.29,2.93712,0,0,3.64522,0.160755,0.547336,3.6288,61.308,0.556779,0,0,1.18548,0.239256,0.389442,0.66528,12.849,1,0.522052,0.547336,0,69.73,4.62785,65.1274,0.84672,12.849,0.84672,3695.15,0,0.0036966,1.67857e-05,1.57061,1.87271,6.48372,1.08074,8.84628,0.42336,0.0018483,0.21168,0.0018483,0.21168,460.486,0,1.02816,0,0,2.59877,1.57061,1.028160,1,0,74.3631,0,0,0,74.3631,0
71.9511,2.93726,0,0,3.10405,0.142794,0.36288,3.6288,61.308,0.556854,0,0,1.12279,0.247297,0.318644,0.66528,12.849,1,0.522076,0.36288,0,60.7094,5.16423,55.386,0.84672,12.849,0.84672,3695.15,0,0.0036966,1.67879e-05,1.19429,1.8728,5.88263,1.13607,7.81363,0.42336,0.0018483,0.21168,0.0018483,0.21168,460.486,0,1.02816,0,0,2.22245,1.19429,1.028160,1,0,63.5182,0,0,0,63.5182,0
71.3999,2.90902,0,0,2.81455,0.0938774,0.36288,3.6288,61.308,0.601612,0,0,1.11157,0.266326,0.243632,0.66528,12.849,1,0.519492,0.36288,0,54.4395,5.45623,48.8267,0.84672,12.849,0.84672,3695.15,0,0.0036966,1.81373e-05,1.07463,1.87289,5.61298,1.19825,7.36224,0.42336,0.0018483,0.21168,0.0018483,0.21168,460.486,0,1.02816,0,0,2.10279,1.07463,1.028160,1,0,56.4325,0,0,0,56.4325,0
70.6748,2.90576,0,0,2.60397,0.0604449,0.36288,3.6288,61.308,0.601689,0,0,1.1,0.278779,0.219534,0.66528,12.849,1,0.522916,0.36288,0,50.1808,5.5524,44.4683,0.84672,12.849,0.84672,3695.15,0,0.0036966,1.81396e-05,0.950098,1.90169,5.45573,1.22681,7.08069,0.42336,0.0018483,0.21168,0.0018483,0.21168,460.486,0,1.02816,0,0,1.97826,0.950098,1.028160,1,0,51.7686,0,0,0,51.7686,0
69.7834,2.90136,0,0,2.43295,0.0600443,0.36288,3.6288,61.308,0.601765,0,0,1.10333,0.278779,0.222784,0.66528,12.849,1,0.52748,0.36288,0,46.4826,5.5524,40.7656,0.84672,12.849,0.84672,3695.15,0,0.0036966,1.81419e-05,1.04535,1.90178,5.04381,1.22681,6.76411,0.42336,0.0018483,0.21168,0.0018483,0.21168,460.486,0,1.02816,0,0,2.07351,1.04535,1.028160,1,0,47.7525,0,0,0,47.7525,0
68.7607,2.8958,0,0,2.29634,0.0604036,0.36288,3.6288,61.308,0.601842,0,0,1.04909,0.288555,0.15869,0.66528,12.849,1,0.533195,0.36288,0,42.2861,5.59572,36.52,0.84672,12.849,0.84672,3695.15,0,0.0036966,1.81442e-05,0.900547,1.90187,4.88231,1.31886,6.36585,0.42336,0.0018483,0.21168,0.0018483,0.21168,460.486,0,1.02816,0,0,1.92871,0.900547,1.028160,1,0,43.0446,0,0,0,43.0446,0
67.9926,2.95668,0,0,2.61328,0.0618365,0.36288,3.6288,61.308,0.641749,0,0,1.24554,0.312993,0.2908,0.66528,12.849,1,0.552502,0.36288,0,50.3224,5.70402,44.4287,0.84672,12.849,0.84672,3695.15,0,0.0036966,1.93473e-05,0.950564,1.90196,5.42563,1.54897,6.72916,0.42336,0.0018483,0.21168,0.0018483,0.21168,460.486,0,1.02816,0,0,1.97872,0.950564,1.028160,1,0,51.4487,0,0,0,51.4487,0
67.0499,2.95157,0,0,2.43327,0.0614662,0.36288,3.6288,61.308,0.641827,0,0,1.0806,0.312993,0.125784,0.66528,12.849,1,0.557778,0.36288,0,42.6087,5.70402,36.7098,0.84672,12.849,0.84672,3695.15,0,0.0036966,1.93497e-05,1.11077,1.94782,5.47565,1.54897,6.98525,0.42336,0.0018483,0.21168,0.0018483,0.21168,460.486,0,1.02816,0,0,2.13893,1.11077,1.028160,1,0,43.8208,0,0,0,43.8208,0
65.9306,2.94513,0,0,2.24971,0.0610118,0.36288,3.6288,61.308,0.641906,0,0,1.00209,0.312993,0.0471941,0.66528,12.849,1,0.564385,0.36288,0,40.858,5.70402,34.9524,0.84672,12.849,0.84672,3695.15,0,0.0036966,1.9352e-05,0.850478,1.94791,4.76105,1.54897,6.01045,0.42336,0.0018483,0.21168,0.0018483,0.21168,460.486,0,1.02816,0,0,1.87864,0.850478,1.028160,1,0,41.0101,0,0,0,41.0101,0
64.8744,2.93725,0,0,2.29971,0.0558078,0.36288,3.6288,61.308,0.641984,0,0,1.11288,0.315583,0.155308,0.66528,12.849,1,0.57243,0.36288,0,38.86,5.77879,32.8717,0.84672,12.849,0.84672,3695.15,0,0.0036966,1.93544e-05,1.10398,1.94801,5.88902,1.56391,7.37708,0.42336,0.0018483,0.21168,0.0018483,0.21168,460.486,0,1.02816,0,0,2.13214,1.10398,1.028160,1,0,40.4041,0,0,0,40.4041,0
63.0534,3.00412,0,0,1.58808,0.0420355,0.36288,3.6288,61.2151,0.66528,0,0,0.872104,0.299699,0,0.66528,12.849,1,0.594995,0.36288,0,31.7931,5.46172,26.0993,0.84672,12.849,0.84672,3695.15,0,0.0036966,0.0018483,0.93477,1.9481,5.49397,1.44833,6.92666,0.42336,0.0018483,0.21168,0.0018483,0.21168,460.486,0,1.02816,0,0,1.96293,0.93477,1.028160,1,0,33.0259,0,0,0,33.0259,0
61.1502,2.98998,0,0,1.49346,0.0437929,0.36288,3.6288,61.0514,0.66528,0,0,0.795805,0.294289,0,0.66528,12.849,1,0.609298,0.36288,0,28.3349,5.3341,22.7544,0.84672,12.849,0.84672,3695.15,0,0.0036966,0.0018483,0.830485,2.02169,5.35284,1.41413,6.78905,0.42336,0.0018483,0.21168,0.0018483,0.21168,460.486,0,1.02816,0,0,1.85865,0.830485,1.028160,1,0,29.5434,0,0,0,29.5434,0
59.9908,2.97445,0,0,2.22564,0.0477729,0.36288,3.6288,61.0353,0.66528,0,0,0.942166,0.292913,0,0.66528,12.849,1,0.624997,0.36288,0,36.4745,5.30442,30.908,0.84672,12.849,0.84672,3695.15,0,0.0036966,0.0018483,1.21101,2.02179,5.86653,1.41048,7.68699,0.42336,0.0018483,0.21168,0.0018483,0.21168,460.486,0,1.02816,0,0,2.23917,1.21101,1.028160,1,0,38.595,0,0,0,38.595,0
59.7694,2.96464,0,0,3.17441,0.068284,0.36288,3.6288,61.304,0.66528,0,0,1.21757,0.28366,0,0.66528,12.849,1,0.634975,0.36288,0,53.5043,5.24088,47.9913,0.84672,12.849,0.84672,3695.15,0,0.0036966,0.0018483,1.3176,2.02188,6.42336,1.38709,8.3739,0.42336,0.0018483,0.21168,0.0018483,0.21168,460.486,0,1.02816,0,0,2.34576,1.3176,1.028160,1,0,56.3652,0,0,0,56.3652,0
58.7896,2.96284,0,0,2.39935,0.0534231,0.36288,3.6288,61.1514,0.66528,0,0,0.771479,0.258728,0,0.66528,12.849,1,0.636941,0.36288,0,51.4884,5.07466,46.1397,0.84672,12.849,0.84672,3695.15,0,0.0036966,0.0018483,0.63834,2.02198,4.64247,1.26208,6.03886,0.42336,0.0018483,0.21168,0.0018483,0.21168,460.486,0,1.02816,0,0,1.6665,0.63834,1.028160,1,0,52.1786,0,0,0,52.1786,0
57.5832,2.86413,0,0,2.1057,0.0850262,0.36288,3.6288,60.9523,0.632039,0,0,0.663099,0.230197,0,0.66528,12.849,1,0.625982,0.36288,0,31.4316,4.36013,26.8084,0.84672,12.849,0.84672,3695.15,0,0.0036966,1.91033e-05,0.417096,2.02207,4.78547,1.06219,6.16243,0.42336,0.0018483,0.21168,0.0018483,0.21168,460.486,0,1.02816,0,0,1.44526,0.417096,1.028160,1,0,32.9708,0,0,0,32.9708,0
56.8004,2.85354,0,0,2.51763,0.0840338,0.36288,3.6288,61.1254,0.632117,0,0,1.03508,0.229907,0,0.66528,12.849,1,0.636733,0.36288,0,37.8758,4.36013,33.2418,0.84672,12.849,0.84672,3695.15,0,0.0036966,1.91681e-05,0.957338,1.93675,6.55601,1.06219,8.38789,0.42336,0.0018483,0.21168,0.0018483,0.21168,460.486,0,1.02816,0,0,1.9855,0.957338,1.028160,1,0,41.6297,0,0,0,41.6297,0
55.8452,2.84652,0,0,2.3376,0.0833898,0.36288,3.6288,61.1393,0.632194,0,0,0.876347,0.230159,0,0.66528,12.849,1,0.64392,0.36288,0,34.9572,4.36013,30.316,0.84672,12.849,0.84672,3695.15,0,0.0036966,1.91162e-05,0.910224,1.93684,5.26167,1.06219,7.04653,0.42336,0.0018483,0.21168,0.0018483,0.21168,460.486,0,1.02816,0,0,1.93838,0.910224,1.028160,1,0,37.3625,0,0,0,37.3625,0
54.8098,2.8377,0,0,2.24381,0.0786517,0.36288,3.6288,61.308,0.632272,0,0,1.08399,0.232355,0.0507068,0.66528,12.849,1,0.652904,0.36288,0,33.3947,4.24014,28.8646,0.84672,12.849,0.84672,3695.15,0,0.0036966,1.91142e-05,1.3842,1.93693,6.51751,1.03357,8.80505,0.42336,0.0018483,0.21168,0.0018483,0.21168,460.486,0,1.02816,0,0,2.41236,1.3842,1.028160,1,0,37.7203,0,0,0,37.7203,0
53.3679,2.86587,0,0,1.87431,0.0874922,0.36288,3.6288,61.2253,0.61983,0,0,0.77874,0.241583,0,0.66528,12.849,1,0.671843,0.36288,0,30.0415,3.55917,26.1734,0.84672,12.849,0.84672,3695.15,0,0.0036966,1.86865e-05,0.681705,1.93702,4.32289,0.911443,6.03015,0.42336,0.0018483,0.21168,0.0018483,0.21168,460.486,0,1.02816,0,0,1.70986,0.681705,1.028160,1,0,32.2036,0,0,0,32.2036,0
52.28,2.85137,0,0,2.29415,0.167823,0.36288,3.6288,60.9376,0.619907,0,0,0.563456,0.231247,0,0.66528,12.849,1,0.686505,0.36288,0,38.5671,3.65652,34.5869,0.84672,12.849,0.84672,3695.15,0,0.0036966,1.87141e-05,0.30151,1.93624,3.92042,1.03545,5.12269,0.42336,0.0018483,0.21168,0.0018483,0.21168,460.486,0,1.02816,0,0,1.32967,0.30151,1.028160,1,0,39.7096,0,0,0,39.7096,0
51.2733,2.84004,0,0,2.36225,0.165959,0.36288,3.6288,60.9086,0.619984,0,0,0.821812,0.230826,0,0.66528,12.849,1,0.698005,0.36288,0,39.1289,3.65652,35.1373,0.84672,12.849,0.84672,3695.15,0,0.0036966,1.88048e-05,1.59977,1.93633,5.39451,1.03545,7.89514,0.42336,0.0018483,0.21168,0.0018483,0.21168,460.486,0,1.02816,0,0,2.62793,1.59977,1.028160,1,0,43.0324,0,0,0,43.0324,0
54.5378,2.82921,0,0,6.6208,0.164234,0.36288,3.6288,61.308,0.620062,0,0,2.46058,0.230784,1.21036,0.66528,12.849,1,0.708995,0.36288,0,121.199,3.65652,117.196,0.84672,12.849,0.84672,3695.15,0,0.0036966,1.88161e-05,4.30545,1.93642,11.1989,1.03545,16.4053,0.42336,0.0018483,0.21168,0.0018483,0.21168,460.486,0,1.02816,0,0,5.33361,4.30545,1.028160,1,0,134.812,0,0,0,134.812,0
54.5868,2.64803,0,0,3.26894,0.209007,0.36288,3.6288,61.308,0.454576,0,0,1.53587,0.201128,0.880168,0.66528,12.849,1,0.62387,0.36288,0,69.241,3.717,65.2631,0.84672,12.849,0.84672,3695.15,0,0.0036966,1.37045e-05,1.42001,1.93651,8.11115,0.87262,10.595,0.42336,0.0018483,0.21168,0.0018483,0.21168,460.486,0,1.02816,0,0,2.44817,1.42001,1.028160,1,0,76.7383,0,0,0,76.7383,0
54.8936,2.64861,0,0,3.53385,0.215644,0.36288,3.6288,61.308,0.454646,0,0,1.60914,0.196088,0.958406,0.66528,12.849,1,0.623446,0.36288,0,57.5206,3.72708,53.533,0.84672,12.849,0.84672,3695.15,0,0.0036966,1.37066e-05,1.84858,1.75874,8.82049,0.845481,11.5823,0.42336,0.0018483,0.21168,0.0018483,0.21168,460.486,0,1.02816,0,0,2.87674,1.84858,1.028160,1,0,66.0737,0,0,0,66.0737,0
55.3611,2.65155,0,0,3.69833,0.216311,0.36288,3.6288,61.308,0.454715,0,0,2.52494,0.196088,1.87413,0.66528,12.849,1,0.620652,0.36288,0,66.2065,3.72708,62.2217,0.84672,12.849,0.84672,3695.15,0,0.0036966,1.37087e-05,3.31002,1.75883,11.9738,0.845481,16.1972,0.42336,0.0018483,0.21168,0.0018483,0.21168,460.486,0,1.02816,0,0,4.33818,3.31002,1.028160,1,0,80.293,0,0,0,80.293,0
55.7708,2.65593,0,0,3.64576,0.217328,0.36288,3.6288,61.308,0.454785,0,0,2.26549,0.196088,1.61462,0.66528,12.849,1,0.616427,0.36288,0,74.3377,3.72708,70.3571,0.84672,12.849,0.84672,3695.15,0,0.0036966,1.37107e-05,2.59026,1.75891,10.6415,0.845481,14.1451,0.42336,0.0018483,0.21168,0.0018483,0.21168,460.486,0,1.02816,0,0,3.61842,2.59026,1.028160,1,0,86.1168,0,0,0,86.1168,0
59.1149,2.65974,0,0,6.59287,0.226162,0.36288,3.6288,61.308,0.454854,0,0,3.09941,0.203097,2.44146,0.66528,12.849,1,0.612776,0.36288,0,80.2371,4.42309,75.5641,0.84672,12.849,0.84672,3695.15,0,0.0036966,1.37128e-05,3.80087,1.75899,14.2738,1.07002,18.7636,0.42336,0.0018483,0.21168,0.0018483,0.21168,460.486,0,1.02816,0,0,4.82903,3.80087,1.028160,1,0,96.7692,0,0,0,96.7692,0
60.9733,2.77255,0,0,5.20578,0.211931,0.36288,3.6288,61.308,0.502871,0,0,2.12844,0.249268,1.3763,0.66528,12.849,1,0.602632,0.36288,0,108.445,4.85845,103.347,0.84672,12.849,0.84672,3695.15,0,0.0036966,1.51605e-05,3.35298,1.75907,9.46322,1.29216,13.2831,0.42336,0.0018483,0.21168,0.0018483,0.21168,460.486,0,1.02816,0,0,4.38114,3.35298,1.028160,1,0,118.006,0,0,0,118.006,0
61.9299,2.78783,0,0,4.32944,0.222073,0.36288,3.6288,61.308,0.502932,0,0,1.71995,0.240495,0.976521,0.66528,12.849,1,0.587485,0.36288,0,72.0256,4.3789,67.4221,0.84672,12.849,0.84672,3695.15,0,0.0036966,1.51623e-05,2.39131,1.81541,5.90985,1.16306,8.9535,0.42336,0.0018483,0.21168,0.0018483,0.21168,460.486,0,1.02816,0,0,3.41947,2.39131,1.028160,1,0,77.3521,0,0,0,77.3521,0
61.8727,2.79546,0,0,3.3227,0.221637,0.36288,3.6288,61.308,0.502992,0,0,1.75162,0.18075,1.06788,0.66528,12.849,1,0.579992,0.36288,0,63.9548,3.61302,60.1247,0.84672,12.849,0.84672,3695.15,0,0.0036966,1.51641e-05,2.13593,1.81548,4.50692,1.11947,7.33885,0.42336,0.0018483,0.21168,0.0018483,0.21168,460.486,0,1.02816,0,0,3.16409,2.13593,1.028160,1,0,68.5314,0,0,0,68.5314,0
62.672,2.79513,0,0,4.18554,0.228233,0.36288,3.6288,61.308,0.503052,0,0,2.19287,0.181573,1.50824,0.66528,12.849,1,0.580459,0.36288,0,72.6537,3.59174,68.8444,0.84672,12.849,0.84672,3695.15,0,0.0036966,1.51659e-05,2.90271,1.81555,7.54543,1.14677,11.1169,0.42336,0.0018483,0.21168,0.0018483,0.21168,460.486,0,1.02816,0,0,3.93087,2.90271,1.028160,1,0,81.4695,0,0,0,81.4695,0
61.9374,3.07462,0,0,2.96374,0.26074,0.36288,3.6288,61.308,0.66528,0,0,1.55628,0.245261,0.645739,0.66528,12.849,1,0.630358,0.36288,0,44.3091,4.21228,39.8294,0.84672,12.849,0.84672,3695.15,0,0.0036966,0.0018483,2.36304,1.81563,4.25849,1.18951,7.2458,0.42336,0.0018483,0.21168,0.0018483,0.21168,460.486,0,1.02816,0,0,3.3912,2.36304,1.028160,1,0,47.7209,0,0,0,47.7209,0
61.1634,3.06855,0,0,2.91654,0.259173,0.36288,3.6288,61.308,0.66528,0,0,1.40486,0.245261,0.494323,0.66528,12.849,1,0.636574,0.36288,0,42.6476,4.21228,38.1617,0.84672,12.849,0.84672,3695.15,0,0.0036966,0.0018483,1.43888,2.01651,3.65761,1.18951,5.92164,0.42336,0.0018483,0.21168,0.0018483,0.21168,460.486,0,1.02816,0,0,2.46704,1.43888,1.028160,1,0,44.5776,0,0,0,44.5776,0
62.1518,3.06201,0,0,4.67079,0.257521,0.36288,3.6288,61.308,0.66528,0,0,2.21842,0.245261,1.30787,0.66528,12.849,1,0.643257,0.36288,0,110.061,4.21228,105.568,0.84672,12.849,0.84672,3695.15,0,0.0036966,0.0018483,2.40215,2.01659,10.9164,1.18951,14.1438,0.42336,0.0018483,0.21168,0.0018483,0.21168,460.486,0,1.02816,0,0,3.43031,2.40215,1.028160,1,0,121.02,0,0,0,121.02,0
62.8422,3.07061,0,0,4.3831,0.259192,0.36288,3.6288,61.308,0.66528,0,0,1.96459,0.190405,1.1089,0.66528,12.849,1,0.634805,0.36288,0,108.478,3.75144,104.454,0.84672,12.849,0.84672,3695.15,0,0.0036966,0.0018483,2.43705,2.01666,5.84925,0.967122,9.33399,0.42336,0.0018483,0.21168,0.0018483,0.21168,460.486,0,1.02816,0,0,3.46521,2.43705,1.028160,1,0,114.897,0,0,0,114.897,0
65.5998,2.68655,0,0,6.09812,0.291082,0.36288,3.6288,61.308,0.441767,0,0,3.06804,0.227571,2.3987,0.66528,12.849,1,0.549305,0.36288,0,152.097,3.95966,147.951,0.84672,12.849,0.84672,3695.15,0,0.0036966,1.33183e-05,3.06136,2.01674,11.0161,1.05562,15.0386,0.42336,0.0018483,0.21168,0.0018483,0.21168,460.486,0,1.02816,0,0,4.08952,3.06136,1.028160,1,0,165.388,0,0,0,165.388,0
68.2461,2.70597,0,0,6.01284,0.297643,0.36288,3.6288,61.308,0.441824,0,0,3.10598,0.227571,2.43658,0.66528,12.849,1,0.530017,0.36288,0,87.3716,3.95966,83.2448,0.84672,12.849,0.84672,3695.15,0,0.0036966,1.332e-05,3.20455,1.74209,10.5456,1.05562,14.4366,0.42336,0.0018483,0.21168,0.0018483,0.21168,460.486,0,1.02816,0,0,4.23271,3.20455,1.028160,1,0,100.118,0,0,0,100.118,0
70.8362,2.72337,0,0,5.98023,0.303939,0.36288,3.6288,61.308,0.441882,0,0,2.84374,0.227571,2.17429,0.66528,12.849,1,0.512742,0.36288,0,131.303,3.95966,127.193,0.84672,12.849,0.84672,3695.15,0,0.0036966,1.33218e-05,2.92251,1.74216,10.9611,1.05562,14.5701,0.42336,0.0018483,0.21168,0.0018483,0.21168,460.486,0,1.02816,0,0,3.95067,2.92251,1.028160,1,0,143.938,0,0,0,143.938,0
72.29,2.73935,0,0,5.30503,0.312852,0.798987,3.6288,61.308,0.44194,0,0,2.46402,0.176658,1.84542,0.66528,12.849,1,0.496892,0.798987,0,124.634,3.05336,121.882,0.84672,12.849,0.84672,3695.15,0,0.0036966,1.33235e-05,2.72281,1.74223,9.19598,0.712992,12.948,0.42336,0.0018483,0.21168,0.0018483,0.21168,460.486,0,1.02816,0,0,3.75097,2.72281,1.028160,1,0,136.676,0,0,0,136.676,0
72.29,2.74795,0,0,5.59044,0.30953,2.53297,3.6288,61.308,0.441997,0,0,1.96359,0.192649,1.32894,0.66528,12.849,1,0.488427,2.53297,0,151.765,3.79284,150.017,0.84672,12.849,0.84672,3695.15,0,0.0036966,1.33252e-05,2.19406,1.7423,8.75733,0.811099,11.8826,0.42336,0.0018483,0.21168,0.0018483,0.21168,460.486,0,1.02816,0,0,3.22222,2.19406,1.028160,1,0,163.228,0,0,0,163.228,0
72.29,2.84846,0,0,5.83841,0.308253,2.6817,3.6288,61.308,0.501185,0,0,3.80869,0.204127,3.10338,0.66528,12.849,1,0.506293,2.6817,0,176.081,4.20935,174.048,0.84672,12.849,0.84672,3695.15,0,0.0036966,1.51096e-05,3.8213,1.74236,12.3359,0.9008,16.9988,0.42336,0.0018483,0.21168,0.0018483,0.21168,460.486,0,1.02816,0,0,4.84946,3.8213,1.028160,1,0,194.15,0,0,0,194.15,0
72.29,2.84857,0,0,6.91673,0.308253,3.7599,3.6288,61.308,0.501245,0,0,2.55152,0.204127,1.84615,0.66528,12.849,1,0.506313,3.7599,0,161.527,4.20935,160.572,0.84672,12.849,0.84672,3695.15,0,0.0036966,1.51114e-05,2.91571,1.81028,10.1161,0.9008,13.9413,0.42336,0.0018483,0.21168,0.0018483,0.21168,460.486,0,1.02816,0,0,3.94387,2.91571,1.028160,1,0,176.359,0,0,0,176.359,0
72.29,2.84869,0,0,5.37346,0.308253,2.21652,3.6288,61.308,0.501305,0,0,1.95897,0.204127,1.25354,0.66528,12.849,1,0.506332,2.21652,0,135.733,4.20935,133.234,0.84672,12.849,0.84672,3695.15,0,0.0036966,1.51132e-05,2.20406,1.81035,8.61011,0.9008,11.7237,0.42336,0.0018483,0.21168,0.0018483,0.21168,460.486,0,1.02816,0,0,3.23222,2.20406,1.028160,1,0,146.211,0,0,0,146.211,0
72.29,2.8488,0,0,4.62168,0.196832,1.57605,3.6288,61.308,0.501365,0,0,1.66999,0.222151,0.946475,0.66528,12.849,1,0.506352,1.57605,0,123.349,4.3386,120.08,0.84672,12.849,0.84672,3695.15,0,0.0036966,1.5115e-05,1.78215,1.81042,7.51084,0.971524,10.1319,0.42336,0.0018483,0.21168,0.0018483,0.21168,460.486,0,1.02816,0,0,2.81031,1.78215,1.028160,1,0,131.158,0,0,0,131.158,0
72.29,2.80965,0,0,4.1488,0.207848,1.13131,3.6288,61.308,0.478456,0,0,1.16352,0.183282,0.501785,0.66528,12.849,1,0.499393,1.13131,0,99.7523,4.5738,95.8104,0.84672,12.849,0.84672,3695.15,0,0.0036966,1.44244e-05,1.34735,1.81049,6.40094,1.03401,8.52475,0.42336,0.0018483,0.21168,0.0018483,0.21168,460.486,0,1.02816,0,0,2.37551,1.34735,1.028160,1,0,104.837,0,0,0,104.837,0
72.29,2.80976,0,0,3.83905,0.207848,0.821451,3.6288,61.308,0.478515,0,0,1.0919,0.183282,0.4301,0.66528,12.849,1,0.499413,0.821451,0,91.5425,4.5738,87.2908,0.84672,12.849,0.84672,3695.15,0,0.0036966,1.44262e-05,1.175,1.78415,5.62395,1.03401,7.54907,0.42336,0.0018483,0.21168,0.0018483,0.21168,460.486,0,1.02816,0,0,2.20316,1.175,1.028160,1,0,95.2699,0,0,0,95.2699,0
72.29,2.80987,0,0,3.52444,0.177327,0.537245,3.6288,61.308,0.478574,0,0,1.01067,0.207345,0.324754,0.66528,12.849,1,0.499432,0.537245,0,80.9127,4.84762,76.1029,0.84672,12.849,0.84672,3695.15,0,0.0036966,1.4428e-05,1.10289,1.78422,5.2678,1.0445,7.11039,0.42336,0.0018483,0.21168,0.0018483,0.21168,460.486,0,1.02816,0,0,2.13105,1.10289,1.028160,1,0,83.5381,0,0,0,83.5381,0
72.29,2.80998,0,0,3.4418,0.156918,0.474911,3.6288,61.308,0.478633,0,0,0.988235,0.227811,0.28179,0.66528,12.849,1,0.499452,0.474911,0,71.9772,4.84247,67.1102,0.84672,12.849,0.84672,3695.15,0,0.0036966,1.44297e-05,1.03549,1.78429,5.76796,1.03569,7.55204,0.42336,0.0018483,0.21168,0.0018483,0.21168,460.486,0,1.02816,0,0,2.06365,1.03549,1.028160,1,0,74.9441,0,0,0,74.9441,0
71.8253,2.94339,0,0,3.03055,0.188983,0.36288,3.6288,61.308,0.560159,0,0,1.02318,0.197012,0.266013,0.66528,12.849,1,0.523165,0.36288,0,59.079,4.48809,54.4307,0.84672,12.849,0.84672,3695.15,0,0.0036966,1.68876e-05,0.993842,1.78436,4.96352,0.969331,6.77238,0.42336,0.0018483,0.21168,0.0018483,0.21168,460.486,0,1.02816,0,0,2.022,0.993842,1.028160,1,0,61.469,0,0,0,61.469,0
71.4273,2.94063,0,0,3.0154,0.109894,0.36288,3.6288,61.308,0.560222,0,0,1.01347,0.218055,0.235195,0.66528,12.849,1,0.526057,0.36288,0,59.5854,4.76451,54.6577,0.84672,12.849,0.84672,3695.15,0,0.0036966,1.68894e-05,1.11547,1.87679,5.16272,1.02082,7.13414,0.42336,0.0018483,0.21168,0.0018483,0.21168,460.486,0,1.02816,0,0,2.14363,1.11547,1.028160,1,0,62.0271,0,0,0,62.0271,0
70.683,2.93826,0,0,2.65064,0.0938285,0.36288,3.6288,61.308,0.560284,0,0,0.834814,0.223687,0.0508426,0.66528,12.849,1,0.528562,0.36288,0,53.5667,4.84008,48.5609,0.84672,12.849,0.84672,3695.15,0,0.0036966,1.68913e-05,0.812143,1.87687,4.39716,1.03603,6.05012,0.42336,0.0018483,0.21168,0.0018483,0.21168,460.486,0,1.02816,0,0,1.8403,0.812143,1.028160,1,0,54.6619,0,0,0,54.6619,0
69.8197,2.93367,0,0,2.52662,0.0932951,0.36288,3.6288,61.1932,0.560346,0,0,0.669228,0.223687,0,0.66528,12.849,1,0.533293,0.36288,0,49.5695,4.84008,44.559,0.84672,12.849,0.84672,3695.15,0,0.0036966,1.68932e-05,0.63237,1.87694,4.1892,1.03603,5.66247,0.42336,0.0018483,0.21168,0.0018483,0.21168,460.486,0,1.02816,0,0,1.66053,0.63237,1.028160,1,0,50.2215,0,0,0,50.2215,0
68.8557,2.92821,0,0,2.42594,0.0989292,0.36288,3.6288,61.0959,0.560409,0,0,0.73446,0.271362,0,0.66528,12.849,1,0.538882,0.36288,0,44.682,5.35122,39.1548,0.84672,12.849,0.84672,3695.15,0,0.0036966,1.69268e-05,0.692038,1.87702,4.42428,1.21988,5.77344,0.42336,0.0018483,0.21168,0.0018483,0.21168,460.486,0,1.02816,0,0,1.7202,0.692038,1.028160,1,0,44.9282,0,0,0,44.9282,0
67.8269,2.8958,0,0,2.32281,0.092927,0.36288,3.6288,61.0178,0.605255,0,0,0.812298,0.285166,0,0.66528,12.849,1,0.540379,0.36288,0,43.0744,5.35206,37.5448,0.84672,12.849,0.84672,3695.15,0,0.0036966,1.83105e-05,0.677799,1.87709,4.7897,1.28211,6.06246,0.42336,0.0018483,0.21168,0.0018483,0.21168,460.486,0,1.02816,0,0,1.70596,0.677799,1.028160,1,0,43.6073,0,0,0,43.6073,0
66.6301,2.88902,0,0,2.1473,0.0921822,0.36288,3.6288,60.9127,0.605319,0,0,0.785307,0.285025,0,0.66528,12.849,1,0.547291,0.36288,0,42.814,5.35206,37.2775,0.84672,12.849,0.84672,3695.15,0,0.0036966,1.83358e-05,0.648942,1.90594,4.85673,1.28211,6.1295,0.42336,0.0018483,0.21168,0.0018483,0.21168,460.486,0,1.02816,0,0,1.6771,0.648942,1.028160,1,0,43.407,0,0,0,43.407,0
65.2444,2.88089,0,0,1.94937,0.0913158,0.36288,3.6288,60.7644,0.605383,0,0,0.741882,0.284836,0,0.66528,12.849,1,0.555554,0.36288,0,41.5417,5.35206,35.997,0.84672,12.849,0.84672,3695.15,0,0.0036966,1.83694e-05,0.48441,1.90602,4.56526,1.28211,5.67357,0.42336,0.0018483,0.21168,0.0018483,0.21168,460.486,0,1.02816,0,0,1.51257,0.48441,1.028160,1,0,41.6706,0,0,0,41.6706,0
63.7069,2.87115,0,0,1.78058,0.0839997,0.36288,3.6288,60.5506,0.605447,0,0,0.688791,0.2971,0,0.66528,12.849,1,0.565433,0.36288,0,36.0377,5.53868,30.2965,0.84672,12.849,0.84672,3695.15,0,0.0036966,1.84162e-05,0.368133,1.90609,4.31256,1.35551,5.23126,0.42336,0.0018483,0.21168,0.0018483,0.21168,460.486,0,1.02816,0,0,1.39629,0.368133,1.028160,1,0,35.5277,0,0,0,35.5277,0
61.9461,2.92665,0,0,1.60546,0.0767085,0.36288,3.6288,60.1718,0.671376,0,0,0.587866,0.29537,0,0.66528,12.849,1,0.590273,0.36288,0,30.5349,5.67032,24.6372,0.84672,12.849,0.84672,3695.15,0,0.0036966,2.04936e-05,0.261274,1.90617,3.73768,1.43526,4.46984,0.42336,0.0018483,0.21168,0.0018483,0.21168,460.486,0,1.00221,0,0,1.26349,0.261274,1.028160,1,0,29.107,0,0,0,29.107,0
60.0635,2.91286,0,0,1.46867,0.0756123,0.36288,3.6288,59.7344,0.695175,0,0,0.552524,0.294659,0,0.66528,12.849,1,0.604192,0.36288,0,28.7097,5.67032,22.7981,0.84672,12.849,0.84672,3695.15,0,0.0036966,2.13537e-05,0.261274,1.95212,3.80443,1.43526,4.58254,0.42336,0.0018483,0.21168,0.0018483,0.21168,460.486,0,0.97848,0,0,1.23975,0.261274,1.028160,1,0,27.3806,0,0,0,27.3806,0
58.0586,2.89737,0,0,1.32978,0.0744183,0.36288,3.6288,59.1808,0.787754,0,0,0.527908,0.293839,0,0.66528,12.849,1,0.619817,0.36288,0,27.039,5.67032,21.1117,0.84672,12.849,0.84672,3695.15,0,0.0036966,2.43747e-05,0.227405,1.95219,3.5373,1.43526,4.28161,0.42336,0.0018483,0.21168,0.0018483,0.21168,460.486,0,0.885963,0,0,1.11337,0.227405,1.028160,1,0,25.3933,0,0,0,25.3933,0
55.9188,2.87996,0,0,1.16294,0.0599118,0.36288,3.6288,58.5989,0.8056,0,0,0.524164,0.300466,0,0.66528,12.849,1,0.637366,0.36288,0,25.7469,5.89464,19.5778,0.84672,12.849,0.84672,3695.15,0,0.0036966,2.51601e-05,0.227405,1.95227,3.57515,1.48008,4.27471,0.42336,0.0018483,0.21168,0.0018483,0.21168,460.486,0,0.868182,0,0,1.09559,0.227405,1.028160,1,0,23.8525,0,0,0,23.8525,0
53.5909,2.93299,0,0,1.03735,0.0693884,0.36288,3.6288,57.9533,0.835894,0,0,0.491869,0.301564,0,0.66528,12.849,1,0.673941,0.36288,0,24.2393,5.50197,18.4263,0.84672,12.849,0.84672,3695.15,0,0.0036966,0.0018483,0.227405,1.95235,2.86579,1.40737,3.63633,0.42336,0.0018483,0.21168,0.0018483,0.21168,460.486,0,0.857546,0,0,1.08495,0.227405,1.028160,1,0,22.0626,0,0,0,22.0626,0
51.1839,2.90948,0,0,0.934433,0.0689892,0.36288,3.6288,57.19,0.889756,0,0,0.432689,0.306167,0,0.66528,12.849,1,0.697581,0.36288,0,21.9913,5.38566,16.2709,0.84672,12.849,0.84672,3695.15,0,0.0036966,0.0018483,0.227405,2.02609,2.56968,1.43757,3.38375,0.42336,0.0018483,0.21168,0.0018483,0.21168,460.486,0,0.803684,0,0,1.03109,0.227405,1.028160,1,0,19.6547,0,0,0,19.6547,0
48.8653,2.88337,0,0,0.994905,0.0672975,0.36288,3.6288,56.4318,0.882688,0,0,0.429152,0.304657,0,0.66528,12.849,1,0.72383,0.36288,0,20.5429,5.38566,14.7963,0.84672,12.849,0.84672,3695.15,0,0.0036966,0.0018483,0.204422,2.02617,2.70833,1.43757,3.4995,0.42336,0.0018483,0.21168,0.0018483,0.21168,460.486,0,0.810752,0,0,1.01517,0.204422,1.028160,1,0,18.2958,0,0,0,18.2958,0
47.0655,2.85629,0,0,1.49331,0.0739081,0.36288,3.6288,55.9596,0.682102,0,0,0.510993,0.301079,0,0.66528,12.849,1,0.751053,0.36288,0,30.335,5.32629,24.6206,0.84672,12.849,0.84672,3695.15,0,0.0036966,0.0018483,0.204422,2.02625,2.87817,1.43029,3.6767,0.42336,0.0018483,0.21168,0.0018483,0.21168,460.486,0,1.01134,0,0,1.21576,0.204422,1.028160,1,0,28.2973,0,0,0,28.2973,0
45.5203,2.83384,0,0,1.75478,0.103286,0.36288,3.6288,55.5466,0.716593,0,0,0.589066,0.285517,0,0.66528,12.849,1,0.773644,0.36288,0,31.8483,5.04596,26.3916,0.84672,12.849,0.84672,3695.15,0,0.0036966,0.0018483,0.204422,2.02633,3.2949,1.30621,4.21759,0.42336,0.0018483,0.21168,0.0018483,0.21168,460.486,0,0.976847,0,0,1.18127,0.204422,1.028160,1,0,30.6092,0,0,0,30.6092,0
43.6175,2.72762,0,0,1.3076,0.11991,0.36288,3.6288,55.1146,0.681295,0,0,0.523557,0.274277,0,0.66528,12.849,1,0.769925,0.36288,0,23.7092,4.78097,18.5212,0.84672,12.849,0.84672,3695.15,0,0.0036966,2.26699e-05,0.204422,2.02641,3.03934,1.16625,4.10389,0.42336,0.0018483,0.21168,0.0018483,0.21168,460.486,0,0.982446,0,0,1.18687,0.204422,1.028160,1,0,22.6251,0,0,0,22.6251,0
41.5107,2.70178,0,0,1.07521,0.117351,0.36288,3.6288,54.9372,0.635647,0,0,0.731773,0.273499,0,0.66528,12.849,1,0.7959,0.36288,0,23.016,4.78097,17.802,0.84672,12.849,0.84672,3695.15,0,0.0036966,2.13168e-05,0.996719,1.94088,3.43155,1.16625,5.20288,0.42336,0.0018483,0.21168,0.0018483,0.21168,460.486,0,1.02816,0,0,2.02488,0.996719,1.028160,1,0,23.0049,0,0,0,23.0049,0
39.2544,2.67103,0,0,0.892158,0.114518,0.36288,3.6288,54.2255,0.832119,0,0,0.393582,0.27318,0,0.66528,12.849,1,0.826778,0.36288,0,22.0526,4.78097,16.8077,0.84672,12.849,0.84672,3695.15,0,0.0036966,2.79957e-05,0.216518,1.94096,2.55562,1.16625,3.54682,0.42336,0.0018483,0.21168,0.0018483,0.21168,460.486,0,0.831747,0,0,1.04827,0.216518,1.028160,1,0,20.3545,0,0,0,20.3545,0
37.3692,2.65122,0,0,1.28318,0.154259,0.36288,3.6288,53.782,0.699202,0,0,0.48412,0.228452,0,0.66528,12.849,1,0.84672,0.36288,0,25.7376,4.15807,21.0957,0.84672,12.849,0.84672,3695.15,0,0.0036966,2.38326e-05,0.216518,1.94104,2.81217,0.971558,3.99815,0.42336,0.0018483,0.21168,0.0018483,0.21168,460.486,0,0.964734,0,0,1.18125,0.216518,1.028160,1,0,25.0938,0,0,0,25.0938,0
35.5509,2.69841,0,0,1.38478,0.141852,0.36288,3.6288,53.4493,0.665829,0,0,0.549471,0.21629,0,0.66528,12.849,1,0.84672,0.36288,0,27.252,4.231,22.5372,0.84672,12.849,0.84672,3695.15,0,0.0036966,2.28822e-05,0.216518,1.94111,3.43192,0.995014,4.59451,0.42336,0.0018483,0.21168,0.0018483,0.21168,460.486,0,0.985625,0,0,1.20214,0.216518,1.028160,1,0,27.1317,0,0,0,27.1317,0
33.7679,2.69854,0,0,1.47068,0.192247,0.36288,3.6288,52.6705,0.961571,0,0,0.390717,0.207956,0,0.66528,12.849,1,0.84672,0.36288,0,29.5758,4.30888,24.7831,0.84672,12.849,0.84672,3695.15,0,0.0036966,3.32515e-05,0.216518,1.94031,2.99444,1.09422,4.05702,0.42336,0.0018483,0.21168,0.0018483,0.21168,460.486,0,0.689939,0,0,0.906457,0.216518,1.028160,1,0,28.8401,0,0,0,28.8401,0
32.2349,2.69867,0,0,1.71662,0.188116,0.36288,3.6288,52.6066,0.623425,0,0,0.7662,0.206665,0,0.66528,12.849,1,0.84672,0.36288,0,34.4262,4.30888,29.6334,0.84672,12.849,0.84672,3695.15,0,0.0036966,2.18771e-05,1.06826,1.94039,4.75432,1.09422,6.66872,0.42336,0.0018483,0.21168,0.0018483,0.21168,460.486,0,1.02816,0,0,2.09642,1.06826,1.028160,1,0,36.3022,0,0,0,36.3022,0
33.5699,2.6988,0,0,4.58129,0.184565,0.36288,3.6288,53.6529,0.62349,0,0,1.87635,0.206559,0,0.66528,12.849,1,0.84672,0.36288,0,101.174,4.30888,96.3811,0.84672,12.849,0.84672,3695.15,0,0.0036966,2.19059e-05,2.89426,1.94047,8.97594,1.09422,12.7164,0.42336,0.0018483,0.21168,0.0018483,0.21168,460.486,0,1.02816,0,0,3.92242,2.89426,1.028160,1,0,109.097,0,0,0,109.097,0
32.7552,2.43192,0,0,2.1625,0.182404,0.36288,3.6288,54.1554,0.45765,0,0,1.16924,0.209065,0,0.66528,12.849,1,0.84672,0.36288,0,45.298,4.16886,40.6453,0.84672,12.849,0.84672,3695.15,0,0.0036966,1.57657e-05,1.08306,1.94054,5.96501,1.10678,7.88182,0.42336,0.0018483,0.21168,0.0018483,0.21168,460.486,0,1.02816,0,0,2.11122,1.08306,1.028160,1,0,48.5272,0,0,0,48.5272,0
33.8855,2.38352,0,0,4.05519,0.178489,0.36288,3.6288,54.3529,0.506233,0,0,0.913777,0.210121,0,0.66528,12.849,1,0.84672,0.36288,0,116.299,4.11285,111.702,0.84672,12.849,0.84672,3695.15,0,0.0036966,1.72775e-05,1.4793,1.76239,6.84482,1.1118,8.97469,0.42336,0.0018483,0.21168,0.0018483,0.21168,460.486,0,1.02816,0,0,2.50746,1.4793,1.028160,1,0,120.677,0,0,0,120.677,0
35.318,2.38371,0,0,4.36008,0.181005,0.36288,3.6288,54.9276,0.506233,0,0,1.29136,0.210396,0,0.66528,12.849,1,0.84672,0.36288,0,120.237,4.11285,115.641,0.84672,12.849,0.84672,3695.15,0,0.0036966,1.72147e-05,1.47471,1.79086,7.45857,1.1118,9.61231,0.42336,0.0018483,0.21168,0.0018483,0.21168,460.486,0,1.02816,0,0,2.50287,1.47471,1.028160,1,0,125.253,0,0,0,125.253,0
34.9638,2.38391,0,0,2.58479,0.192179,0.36288,3.6288,54.9272,0.506233,0,0,0.673481,0.167637,0,0.66528,12.849,1,0.84672,0.36288,0,84.2765,3.61785,80.1748,0.84672,12.849,0.84672,3695.15,0,0.0036966,1.70346e-05,0.713828,1.79089,5.96485,0.97759,7.49196,0.42336,0.0018483,0.21168,0.0018483,0.21168,460.486,0,1.02816,0,0,1.74199,0.713828,1.028160,1,0,87.6667,0,0,0,87.6667,0
35.0049,2.38409,0,0,2.97753,0.189461,0.36288,3.6288,54.8558,0.506233,0,0,0.606902,0.172046,0,0.66528,12.849,1,0.84672,0.36288,0,56.5691,3.64833,52.4369,0.84672,12.849,0.84672,3695.15,0,0.0036966,1.70347e-05,0.474837,1.79093,5.92674,0.93871,7.25378,0.42336,0.0018483,0.21168,0.0018483,0.21168,460.486,0,1.02816,0,0,1.503,0.474837,1.028160,1,0,59.6907,0,0,0,59.6907,0
36.2211,2.487,0,0,4.24754,0.1815,0.36288,3.6288,55.0153,0.554278,0,0,0.914916,0.201124,0,0.66528,12.849,1,0.84672,0.36288,0,97.1853,3.93078,92.7707,0.84672,12.849,0.84672,3695.15,0,0.0036966,1.86757e-05,0.99811,1.79096,5.45396,0.897431,7.34558,0.42336,0.0018483,0.21168,0.0018483,0.21168,460.486,0,1.02816,0,0,2.02627,0.99811,1.028160,1,0,100.116,0,0,0,100.116,0
36.4684,2.53521,0,0,3.32957,0.184178,0.36288,3.6288,55.3536,0.506223,0,0,1.04584,0.201335,0,0.66528,12.849,1,0.84672,0.36288,0,57.3032,3.93078,52.8886,0.84672,12.849,0.84672,3695.15,0,0.0036966,1.70071e-05,1.38497,1.84737,3.92539,0.897431,6.26029,0.42336,0.0018483,0.21168,0.0018483,0.21168,460.486,0,1.02816,0,0,2.41313,1.38497,1.028160,1,0,59.1489,0,0,0,59.1489,0
35.6804,2.53537,0,0,2.30242,0.192117,0.36288,3.6288,55.1507,0.639333,0,0,0.631772,0.195417,0,0.66528,12.849,1,0.84672,0.36288,0,48.702,3.90875,44.3094,0.84672,12.849,0.84672,3695.15,0,0.0036966,2.13478e-05,0.503194,1.81928,3.49615,0.879999,4.9386,0.42336,0.0018483,0.21168,0.0018483,0.21168,460.486,0,0.895046,0,0,1.39824,0.503194,1.028160,1,0,49.248,0,0,0,49.248,0
35.2808,2.53552,0,0,2.73303,0.234263,0.36288,3.6288,55.2272,0.506223,0,0,0.73982,0.157009,0,0.66528,12.849,1,0.84672,0.36288,0,77.1928,3.77654,72.9324,0.84672,12.849,0.84672,3695.15,0,0.0036966,1.69654e-05,0.622761,1.8193,6.78121,0.775409,8.44785,0.42336,0.0018483,0.21168,0.0018483,0.21168,460.486,0,1.02816,0,0,1.65092,0.622761,1.028160,1,0,81.3803,0,0,0,81.3803,0
34.5399,2.72173,0,0,2.56471,0.221018,0.36288,3.6288,55.2857,0.620117,0,0,0.876684,0.198146,0,0.66528,12.849,1,0.84672,0.36288,0,59.4035,4.96778,53.9518,0.84672,12.849,0.84672,3695.15,0,0.0036966,2.07536e-05,0.617561,1.81933,4.4652,1.35399,5.54808,0.42336,0.0018483,0.21168,0.0018483,0.21168,460.486,0,1.02816,0,0,1.64572,0.617561,1.028160,1,0,59.4999,0,0,0,59.4999,0
34.2586,2.72184,0,0,3.02052,0.217036,0.36288,3.6288,55.1956,0.620168,0,0,0.735143,0.205068,0,0.66528,12.849,1,0.84672,0.36288,0,51.1101,5.16631,45.4599,0.84672,12.849,0.84672,3695.15,0,0.0036966,2.07334e-05,0.558585,1.94223,5.01083,1.45042,6.0612,0.42336,0.0018483,0.21168,0.0018483,0.21168,460.486,0,1.02816,0,0,1.58674,0.558585,1.028160,1,0,51.5211,0,0,0,51.5211,0
34.4357,2.72195,0,0,3.45938,0.197442,0.36288,3.6288,55.2806,0.62022,0,0,0.922562,0.217257,0,0.66528,12.849,1,0.84672,0.36288,0,75.3782,4.70192,70.1925,0.84672,12.849,0.84672,3695.15,0,0.0036966,2.07689e-05,1.30747,1.94229,5.29116,1.19681,7.34409,0.42336,0.0018483,0.21168,0.0018483,0.21168,460.486,0,1.02816,0,0,2.33563,1.30747,1.028160,1,0,77.5366,0,0,0,77.5366,0
35.0015,2.72206,0,0,3.9029,0.252218,0.36288,3.6288,55.6372,0.620272,0,0,1.1113,0.134465,0,0.66528,12.849,1,0.84672,0.36288,0,97.5024,3.69481,93.3237,0.84672,12.849,0.84672,3695.15,0,0.0036966,2.07387e-05,1.59246,1.94235,9.35617,0.874184,12.0168,0.42336,0.0018483,0.21168,0.0018483,0.21168,460.486,0,1.02816,0,0,2.62062,1.59246,1.028160,1,0,105.341,0,0,0,105.341,0
36.5839,2.39548,0,0,4.55633,0.215521,0.36288,3.6288,56.2246,0.444666,0,0,1.23092,0.198867,0,0.66528,12.849,1,0.84672,0.36288,0,100.666,4.38401,95.7985,0.84672,12.849,0.84672,3695.15,0,0.0036966,1.47721e-05,0.674257,1.94241,8.47664,1.1866,9.9067,0.42336,0.0018483,0.21168,0.0018483,0.21168,460.486,0,1.02816,0,0,1.70242,0.674257,1.028160,1,0,105.705,0,0,0,105.705,0
37.6194,2.35402,0,0,3.96512,0.212785,0.36288,3.6288,56.4233,0.520339,0,0,0.927677,0.208646,0,0.66528,12.849,1,0.826778,0.36288,0,77.8697,4.41976,72.9861,0.84672,12.849,0.84672,3695.15,0,0.0036966,1.71054e-05,0.608429,1.74553,6.76631,1.21293,7.90732,0.42336,0.0018483,0.21168,0.0018483,0.21168,460.486,0,1.01404,0,0,1.62247,0.608429,1.028160,1,0,80.8934,0,0,0,80.8934,0
39.2705,2.37109,0,0,4.60689,0.221757,0.36288,3.6288,57.0289,0.506222,0,0,1.30944,0.197656,0,0.66528,12.849,1,0.809854,0.36288,0,76.4726,4.55681,71.4689,0.84672,12.849,0.84672,3695.15,0,0.0036966,1.65827e-05,0.892365,1.78158,4.92219,1.186,6.41012,0.42336,0.0018483,0.21168,0.0018483,0.21168,460.486,0,1.02816,0,0,1.92053,0.892365,1.028160,1,0,77.879,0,0,0,77.879,0
40.6443,2.39686,0,0,4.37581,0.242245,0.36288,3.6288,57.4238,0.506222,0,0,1.07128,0.170174,0,0.66528,12.849,1,0.784235,0.36288,0,74.0923,4.8994,68.7716,0.84672,12.849,0.84672,3695.15,0,0.0036966,1.64066e-05,0.56776,1.78161,3.86744,1.11868,5.09811,0.42336,0.0018483,0.21168,0.0018483,0.21168,460.486,0,1.02816,0,0,1.59592,0.56776,1.028160,1,0,73.8697,0,0,0,73.8697,0
41.9401,2.41712,0,0,4.32008,0.244322,0.36288,3.6288,58.0449,0.506222,0,0,1.30322,0.17585,0,0.66528,12.849,1,0.764131,0.36288,0,72.6957,4.52217,67.7723,0.84672,12.849,0.84672,3695.15,0,0.0036966,1.62938e-05,1.10301,1.78164,3.88597,1.06262,5.70798,0.42336,0.0018483,0.21168,0.0018483,0.21168,460.486,0,1.02816,0,0,2.13117,1.10301,1.028160,1,0,73.4803,0,0,0,73.4803,0
42.6229,2.526,0,0,3.81725,0.24555,0.36288,3.6288,58.4752,0.565466,0,0,1.17938,0.183572,0,0.66528,12.849,1,0.773881,0.36288,0,68.7227,4.01919,64.2925,0.84672,12.849,0.84672,3695.15,0,0.0036966,1.80059e-05,0.862013,1.78166,3.73246,0.98788,5.38824,0.42336,0.0018483,0.21168,0.0018483,0.21168,460.486,0,1.02816,0,0,1.89017,0.862013,1.028160,1,0,69.6808,0,0,0,69.6808,0
42.2556,2.58117,0,0,2.82423,0.247509,0.36288,3.6288,58.4419,0.741795,0,0,0.892521,0.184082,0,0.66528,12.849,1,0.778113,0.36288,0,41.9841,4.01919,37.5497,0.84672,12.849,0.84672,3695.15,0,0.0036966,2.34468e-05,0.558835,1.84967,3.25911,0.98788,4.67971,0.42336,0.0018483,0.21168,0.0018483,0.21168,460.486,0,0.792582,0,0,1.35142,0.558835,1.028160,1,0,42.2294,0,0,0,42.2294,0
41.5543,2.5761,0,0,2.46763,0.229916,0.36288,3.6288,58.2897,0.778989,0,0,0.804151,0.177374,0,0.66528,12.849,1,0.783336,0.36288,0,41.4663,3.65787,37.388,0.84672,12.849,0.84672,3695.15,0,0.0036966,2.46365e-05,0.528595,1.81503,3.1427,0.946302,4.53999,0.42336,0.0018483,0.21168,0.0018483,0.21168,460.486,0,0.755387,0,0,1.28398,0.528595,1.028160,1,0,41.928,0,0,0,41.928,0
41.1512,2.56612,0,0,2.71458,0.18871,0.36288,3.6288,58.1235,0.837929,0,0,0.829993,0.158231,0,0.66528,12.849,1,0.793469,0.36288,0,45.3111,2.85968,42.0208,0.84672,12.849,0.84672,3695.15,0,0.0036966,2.65698e-05,0.528595,1.81506,3.09715,0.85732,4.58346,0.42336,0.0018483,0.21168,0.0018483,0.21168,460.486,0,0.696445,0,0,1.22504,0.528595,1.028160,1,0,46.6043,0,0,0,46.6043,0
40.2622,2.52501,0,0,2.21219,0.213332,0.36288,3.6288,57.7372,0.998753,0,0,0.766921,0.154447,0,0.66528,12.849,1,0.788405,0.36288,0,36.0876,3.63345,32.0287,0.84672,12.849,0.84672,3695.15,0,0.0036966,3.17599e-05,0.528595,1.81509,2.34938,0.961665,3.73136,0.42336,0.0018483,0.21168,0.0018483,0.21168,460.486,0,0.512603,0,0,1.0412,0.528595,1.028160,1,0,35.76,0,0,0,35.76,0
39.1523,2.49448,0,0,1.95839,0.210892,0.36288,3.6288,57.1196,1.10077,0,0,0.663658,0.180485,0,0.66528,12.849,1,0.796071,0.36288,0,31.713,3.93963,27.3402,0.84672,12.849,0.84672,3695.15,0,0.0036966,3.52383e-05,0.528595,1.78865,2.12223,0.987973,3.45147,0.42336,0.0018483,0.21168,0.0018483,0.21168,460.486,0,0.43359,0,0,0.962185,0.528595,1.028160,1,0,30.7917,0,0,0,30.7917,0
37.9685,2.4776,0,0,1.81392,0.157258,0.36288,3.6288,56.3399,1.17287,0,0,0.604757,0.211596,0,0.66528,12.849,1,0.813099,0.36288,0,29.1012,4.22793,24.423,0.84672,12.849,0.84672,3695.15,0,0.0036966,3.79523e-05,0.528595,1.80215,2.00224,1.00519,3.32776,0.42336,0.0018483,0.21168,0.0018483,0.21168,460.486,0,0.361489,0,0,0.890084,0.528595,1.028160,1,0,27.7508,0,0,0,27.7508,0
36.7641,2.45877,0,0,1.77236,0.155108,0.36288,3.6288,55.887,0.921085,0,0,0.67873,0.210525,0,0.66528,12.849,1,0.832078,0.36288,0,28.2531,4.22793,23.556,0.84672,12.849,0.84672,3695.15,0,0.0036966,3.02173e-05,0.402797,1.80218,2.38353,1.00519,3.58329,0.42336,0.0018483,0.21168,0.0018483,0.21168,460.486,0,0.613285,0,0,1.01608,0.402797,1.028160,1,0,27.1393,0,0,0,27.1393,0
35.3586,2.60156,0,0,1.71183,0.152837,0.36288,3.6288,55.2926,1.07553,0,0,0.701186,0.220104,0,0.66528,12.849,1,0.84672,0.36288,0,31.6482,4.4509,26.7135,0.84672,12.849,0.84672,3695.15,0,0.0036966,3.55699e-05,0.402797,1.8022,2.10534,1.00589,3.30442,0.42336,0.0018483,0.21168,0.0018483,0.21168,460.486,0,0.540458,0,0,0.943255,0.402797,1.028160,1,0,30.0179,0,0,0,30.0179,0
33.8578,2.62637,0,0,1.62729,0.13889,0.36288,3.6288,54.6088,1.05748,0,0,0.583606,0.209953,0,0.66528,12.849,1,0.84672,0.36288,0,31.9702,4.13335,27.3531,0.84672,12.849,0.84672,3695.15,0,0.0036966,3.5349e-05,0.402797,1.89477,2.02349,1.00907,3.31196,0.42336,0.0018483,0.21168,0.0018483,0.21168,460.486,0,0.533848,0,0,0.936645,0.402797,1.028160,1,0,30.665,0,0,0,30.665,0
32.2185,2.62648,0,0,1.46021,0.110149,0.36288,3.6288,53.9116,1.05336,0,0,0.567086,0.21087,0,0.66528,12.849,1,0.84672,0.36288,0,27.9661,4.19822,23.2841,0.84672,12.849,0.84672,3695.15,0,0.0036966,3.56524e-05,0.402797,1.88037,1.8913,0.9681,3.20633,0.42336,0.0018483,0.21168,0.0018483,0.21168,460.486,0,0.538013,0,0,0.94081,0.402797,1.028160,1,0,26.4904,0,0,0,26.4904,0
30.563,2.62658,0,0,1.44191,0.107927,0.36288,3.6288,53.3461,0.971578,0,0,0.615956,0.2099,0,0.66528,12.849,1,0.84672,0.36288,0,27.0445,4.19822,22.3624,0.84672,12.849,0.84672,3695.15,0,0.0036966,3.33095e-05,0.30119,1.88043,2.07355,0.9681,3.28703,0.42336,0.0018483,0.21168,0.0018483,0.21168,460.486,0,0.619851,0,0,0.921041,0.30119,1.028160,1,0,25.6495,0,0,0,25.6495,0
28.8681,2.62668,0,0,1.38876,0.0941005,0.36288,3.6288,52.7703,0.940196,0,0,0.588588,0.224209,0,0.66528,12.849,1,0.84672,0.36288,0,24.6775,4.44328,19.7504,0.84672,12.849,0.84672,3695.15,0,0.0036966,3.25753e-05,0.30119,1.88049,1.90764,1.02666,3.06263,0.42336,0.0018483,0.21168,0.0018483,0.21168,460.486,0,0.651283,0,0,0.952474,0.30119,1.028160,1,0,22.813,0,0,0,22.813,0
27.2458,2.59567,0,0,1.4132,0.0769168,0.36288,3.6288,52.3225,0.821312,0,0,0.616968,0.243392,0,0.66528,12.849,1,0.84672,0.36288,0,22.6661,4.77005,17.4122,0.84672,12.849,0.84672,3695.15,0,0.0036966,2.87668e-05,0.30119,1.88055,2.18259,1.10474,3.25956,0.42336,0.0018483,0.21168,0.0018483,0.21168,460.486,0,0.815089,0,0,1.11628,0.30119,1.028160,1,0,20.6718,0,0,0,20.6718,0
25.5802,2.59577,0,0,1.36824,0.0752195,0.36288,3.6288,51.8421,0.823031,0,0,0.585122,0.242519,0,0.66528,12.849,1,0.84672,0.36288,0,21.2791,4.77005,16.0252,0.84672,12.849,0.84672,3695.15,0,0.0036966,2.90737e-05,0.30119,1.90944,2.21557,1.10474,3.32144,0.42336,0.0018483,0.21168,0.0018483,0.21168,460.486,0,0.813421,0,0,1.11461,0.30119,1.028160,1,0,19.3467,0,0,0,19.3467,0
23.7873,2.59587,0,0,1.21896,0.0531199,0.36288,3.6288,51.2249,0.893314,0,0,0.567478,0.291341,0,0.66528,12.849,1,0.84672,0.36288,0,20.1899,5.59794,14.1081,0.84672,12.849,0.84672,3695.15,0,0.0036966,3.18489e-05,0.261274,1.9095,2.15465,1.38713,2.93826,0.42336,0.0018483,0.21168,0.0018483,0.21168,460.486,0,0.743187,0,0,1.00446,0.261274,1.028160,1,0,17.0463,0,0,0,17.0463,0
21.9196,2.59596,0,0,1.14325,0.0521308,0.36288,3.6288,50.6361,0.844067,0,0,0.53763,0.282389,0,0.66528,12.849,1,0.84672,0.36288,0,18.4844,6.00474,11.9958,0.84672,12.849,0.84672,3695.15,0,0.0036966,3.04557e-05,0.261274,1.90956,2.11042,1.53802,2.74321,0.42336,0.0018483,0.21168,0.0018483,0.21168,460.486,0,0.792487,0,0,1.05376,0.261274,1.028160,1,0,14.739,0,0,0,14.739,0
19.8337,2.6764,0,0,0.998706,0.0452941,0.36288,3.6288,49.3677,1.39002,0,0,0.419596,0.298014,0,0.66528,12.849,1,0.84672,0.36288,0,16.9003,6.21778,10.1986,0.84672,12.849,0.84672,3695.15,0,0.0036966,5.0738e-05,0.261274,1.90962,1.70576,1.42187,2.45474,0.42336,0.0018483,0.21168,0.0018483,0.21168,460.486,0,0.286557,0,0,0.54783,0.261274,1.028160,1,0,12.6534,0,0,0,12.6534,0
17.7245,2.67649,0,0,0.974177,0.044016,0.36288,3.6288,48.1181,1.34121,0,0,0.386596,0.294931,0,0.66528,12.849,1,0.84672,0.36288,0,16.8787,6.21778,10.177,0.84672,12.849,0.84672,3695.15,0,0.0036966,5.02141e-05,0.261274,1.95564,1.82784,1.42187,2.62284,0.42336,0.0018483,0.21168,0.0018483,0.21168,460.486,0,0.335425,0,0,0.596698,0.261274,1.028160,1,0,12.7999,0,0,0,12.7999,0
15.5539,2.67657,0,0,0.911598,0.0427236,0.36288,3.6288,46.8172,1.36686,0,0,0.357848,0.291895,0,0.66528,12.849,1,0.84672,0.36288,0,15.2372,6.21778,8.53553,0.84672,12.849,0.84672,3695.15,0,0.0036966,5.25035e-05,0.261274,1.9557,1.63133,1.42187,2.42638,0.42336,0.0018483,0.21168,0.0018483,0.21168,460.486,0,0.30982,0,0,0.571094,0.261274,1.028160,1,0,10.9619,0,0,0,10.9619,0
13.3101,2.67664,0,0,0.836905,0.0412321,0.36288,3.6288,45.5025,1.37996,0,0,0.353919,0.288734,0,0.66528,12.849,1,0.84672,0.36288,0,13.9286,6.21778,7.22701,0.84672,12.849,0.84672,3695.15,0,0.0036966,5.44793e-05,0.227405,1.95576,1.5955,1.42187,2.35674,0.42336,0.0018483,0.21168,0.0018483,0.21168,460.486,0,0.296777,0,0,0.524182,0.227405,1.028160,1,0,9.58375,0,0,0,9.58375,0
11.0863,2.76631,0,0,0.934312,0.0288605,0.36288,3.6288,44.3959,1.2537,0,0,0.42604,0.278873,0,0.66528,12.849,1,0.84672,0.36288,0,16.6534,6.26042,9.90917,0.84672,12.849,0.84672,3695.15,0,0.0036966,0.0018483,0.227405,1.95582,2.12606,1.41865,2.88879,0.42336,0.0018483,0.21168,0.0018483,0.21168,460.486,0,0.439736,0,0,0.667141,0.227405,1.028160,1,0,12.798,0,0,0,12.798,0
8.69523,2.76635,0,0,0.766325,0.0282063,0.36288,3.6288,43.1605,1.34293,0,0,0.370804,0.263286,0,0.66528,12.849,1,0.84672,0.36288,0,16.7868,6.03067,10.2723,0.84672,12.849,0.84672,3695.15,0,0.0036966,0.0018483,0.227405,2.02968,1.72464,1.36394,2.61593,0.42336,0.0018483,0.21168,0.0018483,0.21168,460.486,0,0.350507,0,0,0.577911,0.227405,1.028160,1,0,12.8882,0,0,0,12.8882,0
6.32185,2.76634,0,0,0.782326,0.026489,0.36288,3.6288,41.8889,1.36646,0,0,0.355119,0.260226,0,0.66528,12.849,1,0.84672,0.36288,0,15.4875,6.03067,8.97294,0.84672,12.849,0.84672,3695.15,0,0.0036966,0.0018483,0.227405,2.02974,1.76806,1.36394,2.65941,0.42336,0.0018483,0.21168,0.0018483,0.21168,460.486,0,0.326981,0,0,0.554386,0.227405,1.028160,1,0,11.6324,0,0,0,11.6324,0
4.33186,2.76623,0,0,1.16587,0.0267502,0.36288,3.6288,40.8232,1.22998,0,0,0.420425,0.256155,0,0.66528,12.849,1,0.84672,0.36288,0,19.9365,6.00099,13.4517,0.84672,12.849,0.84672,3695.15,0,0.0036966,0.0018483,0.204422,2.02981,1.93774,1.3603,2.80982,0.42336,0.0018483,0.21168,0.0018483,0.21168,460.486,0,0.463457,0,0,0.667879,0.204422,1.028160,1,0,16.2615,0,0,0,16.2615,0
2.52746,2.76597,0,0,1.35376,0.0293013,0.36288,3.6288,39.8989,1.15953,0,0,0.474572,0.239356,0,0.66528,12.849,1,0.84672,0.36288,0,25.4956,5.71782,19.2939,0.84672,12.849,0.84672,3695.15,0,0.0036966,0.0018483,0.204422,2.02987,1.87235,1.33762,2.76717,0.42336,0.0018483,0.21168,0.0018483,0.21168,460.486,0,0.533909,0,0,0.738331,0.204422,1.028160,1,0,22.0611,0,0,0,22.0611,0
1.10712,2.52746,0,0,1.4826,0.0125979,0.36288,3.6288,39.5954,0.638458,0,0,0.553426,0.218422,0,0.66528,12.849,1,0.84672,0.36288,0,24.7941,5.3215,18.9888,0.84672,12.849,0.84672,3695.15,0,0.0036966,2.95763e-05,0.565946,2.02994,1.87796,1.33734,3.13646,0.42336,0.0018483,0.21168,0.0018483,0.21168,460.486,0,1.02816,0,0,1.59411,0.565946,1.028160,1,0,22.1252,0,0,0,22.1252,0
0.291523,1.10712,0,0,0.666302,0.0118988,0.36288,3.6288,38.6989,1.00263,0,0,0.323863,0.217799,0,0.66528,12.849,1,0.84672,0.36288,0,21.2921,5.3215,15.4867,0.84672,12.849,0.84672,3695.15,0,0.0036966,4.68022e-05,0.204422,1.94425,1.01519,1.33734,1.82647,0.42336,0.0018483,0.21168,0.0018483,0.21168,460.486,0,0.664027,0,0,0.86845,0.204422,1.028160,1,0,17.3132,0,0,0,17.3132,0
0.379629,0.291523,0,0,0.754007,0.0114974,0.36288,3.6288,37.7968,1.06575,0,0,0.379636,0.215956,0,0.66528,12.849,1,0.84672,0.36288,0,17.0923,5.3215,11.2869,0.84672,12.849,0.84672,3695.15,0,0.0036966,5.09012e-05,0.216518,1.94431,1.13047,1.33734,1.95391,0.42336,0.0018483,0.21168,0.0018483,0.21168,460.486,0,0.600955,0,0,0.817474,0.216518,1.028160,1,0,13.2408,0,0,0,13.2408,0
1.74643,0.379629,0,0,2.16362,0.0543138,0.36288,3.6288,37.63,0.638614,0,0,0.697772,0.226024,0,0.66528,12.849,1,0.84672,0.36288,0,28.3627,4.57557,23.3033,0.84672,12.849,0.84672,3695.15,0,0.0036966,3.12288e-05,1.08316,1.94437,2.5235,1.16537,4.38563,0.42336,0.0018483,0.21168,0.0018483,0.21168,460.486,0,1.02816,0,0,2.11132,1.08316,1.028160,1,0,27.6889,0,0,0,27.6889,0
4.13451,1.74643,0,0,4.55212,0.0547293,0.36288,3.6288,38.4037,0.626099,0,0,1.59867,0.198813,0,0.66528,12.849,1,0.84672,0.36288,0,87.1435,3.78798,82.8717,0.84672,12.849,0.84672,3695.15,0,0.0036966,3.07526e-05,2.36199,1.94443,5.59761,1.05289,8.85112,0.42336,0.0018483,0.21168,0.0018483,0.21168,460.486,0,1.02816,0,0,3.39015,2.36199,1.028160,1,0,91.7228,0,0,0,91.7228,0
5.99231,2.70348,0,0,4.98426,0.0601083,0.36288,3.6288,39.4289,0.626151,0,0,1.84636,0.195031,0,0.66528,12.849,1,0.84672,0.36288,0,110.792,3.64234,106.666,0.84672,12.849,0.84672,3695.15,0,0.0036966,3.01355e-05,3.47364,1.94362,6.79652,1.03363,11.1801,0.42336,0.0018483,0.21168,0.0018483,0.21168,460.486,0,1.02816,0,0,4.5018,3.47364,1.028160,1,0,117.846,0,0,0,117.846,0
8.30091,2.70397,0,0,5.43945,0.0639996,0.36288,3.6288,40.0283,0.626204,0,0,1.42253,0.196939,0,0.66528,12.849,1,0.84672,0.36288,0,97.9949,3.64234,93.8687,0.84672,12.849,0.84672,3695.15,0,0.0036966,2.93545e-05,3.139,1.94368,6.25595,1.03363,10.305,0.42336,0.0018483,0.21168,0.0018483,0.21168,460.486,0,1.02816,0,0,4.16716,3.139,1.028160,1,0,104.174,0,0,0,104.174,0
10.4558,2.70431,0,0,5.3109,0.08877,0.36288,3.6288,40.4814,0.626257,0,0,1.24886,0.169502,0,0.66528,12.849,1,0.84672,0.36288,0,114.261,3.24628,110.53,0.84672,12.849,0.84672,3695.15,0,0.0036966,2.89173e-05,2.488,1.94374,6.04949,0.903684,9.57751,0.42336,0.0018483,0.21168,0.0018483,0.21168,460.486,0,1.02816,0,0,3.51616,2.488,1.028160,1,0,120.108,0,0,0,120.108,0
10.8537,2.43711,0,0,3.31379,0.115935,0.36288,3.6288,40.9787,0.460128,0,0,1.12499,0.167511,0,0.66528,12.849,1,0.84672,0.36288,0,66.6003,3.93636,62.1801,0.84672,12.849,0.84672,3695.15,0,0.0036966,2.10086e-05,2.21565,1.9438,4.9411,1.00074,8.09979,0.42336,0.0018483,0.21168,0.0018483,0.21168,460.486,0,1.02816,0,0,3.24381,2.21565,1.028160,1,0,70.2799,0,0,0,70.2799,0
10.4199,2.43723,0,0,2.4877,0.121356,0.36288,3.6288,41.4989,0.460175,0,0,1.16287,0.18247,0,0.66528,12.849,1,0.84672,0.36288,0,49.0005,4.6767,43.8399,0.84672,12.849,0.84672,3695.15,0,0.0036966,2.07557e-05,3.46045,1.76534,6.18466,1.14664,10.2638,0.42336,0.0018483,0.21168,0.0018483,0.21168,460.486,0,1.02816,0,0,4.48861,3.46045,1.028160,1,0,54.1037,0,0,0,54.1037,0
11.2679,2.43731,0,0,3.76828,0.120141,0.36288,3.6288,42.2002,0.460223,0,0,1.34489,0.183393,0,0.66528,12.849,1,0.84672,0.36288,0,79.1087,4.6767,73.9482,0.84672,12.849,0.84672,3695.15,0,0.0036966,2.04976e-05,4.0767,1.76539,7.35852,1.14664,12.0539,0.42336,0.0018483,0.21168,0.0018483,0.21168,460.486,0,1.02816,0,0,5.10486,4.0767,1.028160,1,0,86.0021,0,0,0,86.0021,0
24.2281,2.43745,0,0,15.883,0.122517,0.36288,3.6288,49.7542,0.46027,0,0,8.19892,0.184636,0,0.66528,12.849,1,0.84672,0.36288,0,326.064,4.6767,320.904,0.84672,12.849,0.84672,3695.15,0,0.0036966,2.01591e-05,4.30079,1.76545,19.714,1.14664,24.6336,0.42336,0.0018483,0.21168,0.0018483,0.21168,460.486,0,1.02816,0,0,5.32895,4.30079,1.028160,1,0,345.537,0,0,0,345.537,0
30.5667,2.39187,0,0,9.23322,0.139841,0.36288,3.6288,54.3931,0.50622,0,0,5.33073,0.185695,0,0.66528,12.849,1,0.84672,0.36288,0,188.145,3.93206,183.729,0.84672,12.849,0.84672,3695.15,0,0.0036966,1.88054e-05,3.88875,1.7655,13.0622,1.0566,17.6599,0.42336,0.0018483,0.21168,0.0018483,0.21168,460.486,0,1.02816,0,0,4.91691,3.88875,1.028160,1,0,201.389,0,0,0,201.389,0
33.3581,2.49494,0,0,5.83544,0.186251,0.36288,3.6288,54.786,0.554345,0,0,1.14693,0.199691,0,0.66528,12.849,1,0.84672,0.36288,0,189.494,3.37166,185.639,0.84672,12.849,0.84672,3695.15,0,0.0036966,1.88369e-05,1.49691,1.79242,12.3346,1.17641,14.4474,0.42336,0.0018483,0.21168,0.0018483,0.21168,460.486,0,1.02816,0,0,2.52507,1.49691,1.028160,1,0,200.086,0,0,0,200.086,0
42.0518,2.54089,0,0,11.7905,0.192963,0.36288,3.6288,57.1449,0.508528,0,0,3.06771,0.20021,0,0.66528,12.849,1,0.84672,0.36288,0,221.863,3.37166,218.008,0.84672,12.849,0.84672,3695.15,0,0.0036966,1.71561e-05,4.44013,1.84891,21.2039,1.17641,26.3165,0.42336,0.0018483,0.21168,0.0018483,0.21168,460.486,0,1.02816,0,0,5.46829,4.44013,1.028160,1,0,244.324,0,0,0,244.324,0
46.0735,2.59485,0,0,7.19332,0.213971,0.36288,3.6288,58.411,0.508566,0,0,1.97795,0.203324,0,0.66528,12.849,1,0.792861,0.36288,0,185.423,3.37166,181.621,0.84672,12.849,0.84672,3695.15,0,0.0036966,1.64491e-05,1.92982,1.82212,11.0309,1.17641,13.6064,0.42336,0.0018483,0.21168,0.0018483,0.21168,460.486,0,1.02816,0,0,2.95798,1.92982,1.028160,1,0,195.228,0,0,0,195.228,0
49.9435,2.64904,0,0,7.1115,0.229532,0.36288,3.6288,60.1274,0.508602,0,0,2.39958,0.174547,0,0.66528,12.849,1,0.738765,0.36288,0,225.479,3.04257,222.06,0.84672,12.849,0.84672,3695.15,0,0.0036966,1.60937e-05,2.87892,1.82217,12.9134,1.00309,16.6114,0.42336,0.0018483,0.21168,0.0018483,0.21168,460.486,0,1.02816,0,0,3.90708,2.87892,1.028160,1,0,238.672,0,0,0,238.672,0
51.7009,2.84283,0,0,5.2047,0.241632,0.36288,3.6288,61.308,0.622759,0,0,2.05789,0.190657,0.0638872,0.66528,12.849,1,0.731376,0.36288,0,149.877,3.70329,145.805,0.84672,12.849,0.84672,3695.15,0,0.0036966,1.91434e-05,1.73554,1.82221,10.372,0.988765,12.941,0.42336,0.0018483,0.21168,0.0018483,0.21168,460.486,0,1.02816,0,0,2.7637,1.73554,1.028160,1,0,158.81,0,0,0,158.81,0
53.9841,2.86281,0,0,5.75282,0.243897,0.36288,3.6288,61.308,0.622798,0,0,2.24478,0.214347,1.40764,0.66528,12.849,1,0.711482,0.36288,0,134.791,4.14309,130.299,0.84672,12.849,0.84672,3695.15,0,0.0036966,1.8776e-05,3.24091,1.94534,13.4838,1.07548,17.5945,0.42336,0.0018483,0.21168,0.0018483,0.21168,460.486,0,1.02816,0,0,4.26907,3.24091,1.028160,1,0,149.301,0,0,0,149.301,0
54.6682,2.88719,0,0,4.18381,0.249682,0.36288,3.6288,61.308,0.622838,0,0,1.75128,0.214347,0.914092,0.66528,12.849,1,0.687193,0.36288,0,153.012,4.14309,148.544,0.84672,12.849,0.84672,3695.15,0,0.0036966,1.87772e-05,1.17162,1.94539,9.93773,1.07548,11.9792,0.42336,0.0018483,0.21168,0.0018483,0.21168,460.486,0,1.02816,0,0,2.19978,1.17162,1.028160,1,0,161.438,0,0,0,161.438,0
54.2485,2.89422,0,0,3.09277,0.255316,0.36288,3.6288,61.308,0.962877,0,0,1.27838,0.188082,0.127424,0.66528,12.849,1,0.680247,0.36288,0,98.5634,3.6894,94.5566,0.84672,12.849,0.84672,3695.15,0,0.0036966,2.90286e-05,0.608429,1.94543,5.94243,0.945386,7.55087,0.42336,0.0018483,0.21168,0.0018483,0.21168,460.486,0,0.68815,0,0,1.29658,0.608429,1.028160,1,0,102.235,0,0,0,102.235,0
56.7435,2.62547,0,0,5.73652,0.253133,0.36288,3.6288,61.308,0.446982,0,0,1.93717,0.251584,1.2386,0.66528,12.849,1,0.621855,0.36288,0,144.449,4.32855,139.861,0.84672,12.849,0.84672,3695.15,0,0.0036966,1.34755e-05,1.85002,1.94548,10.7649,0.960737,13.5997,0.42336,0.0018483,0.21168,0.0018483,0.21168,460.486,0,1.02816,0,0,2.87818,1.85002,1.028160,1,0,154.699,0,0,0,154.699,0
59.5278,2.59957,0,0,6.03307,0.286368,0.36288,3.6288,61.308,0.506212,0,0,1.92726,0.243847,1.1772,0.66528,12.849,1,0.588646,0.36288,0,148.921,4.10382,144.591,0.84672,12.849,0.84672,3695.15,0,0.0036966,1.52612e-05,2.00863,1.74827,10.2808,0.912591,13.1251,0.42336,0.0018483,0.21168,0.0018483,0.21168,460.486,0,1.02816,0,0,3.03679,2.00863,1.028160,1,0,158.893,0,0,0,158.893,0
62.2567,2.62231,0,0,6.00835,0.294238,0.36288,3.6288,61.308,0.506212,0,0,2.33454,0.243847,1.58448,0.66528,12.849,1,0.566022,0.36288,0,171.814,4.10382,167.507,0.84672,12.849,0.84672,3695.15,0,0.0036966,1.52612e-05,3.24568,1.78295,12.7999,0.912591,16.9159,0.42336,0.0018483,0.21168,0.0018483,0.21168,460.486,0,1.02816,0,0,4.27384,3.24568,1.028160,1,0,186.008,0,0,0,186.008,0
65.4657,2.64297,0,0,6.51605,0.301266,0.36288,3.6288,61.308,0.506212,0,0,2.47608,0.243847,1.72602,0.66528,12.849,1,0.545475,0.36288,0,182.091,4.10382,177.805,0.84672,12.849,0.84672,3695.15,0,0.0036966,1.52612e-05,2.5163,1.78298,15.7301,0.912591,19.1167,0.42336,0.0018483,0.21168,0.0018483,0.21168,460.486,0,1.02816,0,0,3.54446,2.5163,1.028160,1,0,198.648,0,0,0,198.648,0
68.4622,2.71481,0,0,6.38048,0.306214,0.36288,3.6288,61.308,0.447122,0,0,2.51045,0.227994,1.83533,0.66528,12.849,1,0.532838,0.36288,0,143.59,4.50822,138.912,0.84672,12.849,0.84672,3695.15,0,0.0036966,1.34797e-05,2.60104,1.783,12.309,0.914431,15.7786,0.42336,0.0018483,0.21168,0.0018483,0.21168,460.486,0,1.02816,0,0,3.6292,2.60104,1.028160,1,0,156.526,0,0,0,156.526,0
69.3163,2.83443,0,0,4.37961,0.328207,0.36288,3.6288,61.308,0.506492,0,0,1.7571,0.178949,1.07166,0.66528,12.849,1,0.531966,0.36288,0,97.8013,4.60593,93.0263,0.84672,12.849,0.84672,3695.15,0,0.0036966,1.52696e-05,1.58719,1.74844,7.72597,0.834233,10.2273,0.42336,0.0018483,0.21168,0.0018483,0.21168,460.486,0,1.02816,0,0,2.61535,1.58719,1.028160,1,0,104.325,0,0,0,104.325,0
71.6561,2.84003,0,0,5.87302,0.330397,0.36288,3.6288,61.308,0.506529,0,0,2.45396,0.178949,1.76848,0.66528,12.849,1,0.526449,0.36288,0,134.015,4.60593,129.246,0.84672,12.849,0.84672,3695.15,0,0.0036966,1.52707e-05,3.14074,1.81656,11.1472,0.834233,15.2702,0.42336,0.0018483,0.21168,0.0018483,0.21168,460.486,0,1.02816,0,0,4.1689,3.14074,1.028160,1,0,146.284,0,0,0,146.284,0
72.29,2.85467,0,0,4.27466,0.336398,0.449641,3.6288,61.308,0.506565,0,0,1.94693,0.178949,1.26142,0.66528,12.849,1,0.511885,0.449641,0,94.7843,4.60593,90.1161,0.84672,12.849,0.84672,3695.15,0,0.0036966,1.52718e-05,1.75306,1.8166,8.60535,0.834233,11.3408,0.42336,0.0018483,0.21168,0.0018483,0.21168,460.486,0,1.02816,0,0,2.78122,1.75306,1.028160,1,0,102.718,0,0,0,102.718,0
72.29,2.85855,0,0,3.62437,0.321478,0.444338,3.6288,61.308,0.506602,0,0,1.55918,0.183745,0.868837,0.66528,12.849,1,0.508086,0.444338,0,79.3636,4.61095,74.6889,0.84672,12.849,0.84672,3695.15,0,0.0036966,1.52729e-05,1.36105,1.81665,6.74845,0.840765,9.08536,0.42336,0.0018483,0.21168,0.0018483,0.21168,460.486,0,1.02816,0,0,2.38921,1.36105,1.028160,1,0,84.6431,0,0,0,84.6431,0
71.9324,2.81922,0,0,3.14557,0.321091,0.36288,3.6288,61.308,0.483591,0,0,0.917024,0.21463,0.218802,0.66528,12.849,1,0.501095,0.36288,0,67.9363,5.39154,62.4066,0.84672,12.849,0.84672,3695.15,0,0.0036966,1.45792e-05,0.564961,1.81669,4.62077,1.08743,5.91497,0.42336,0.0018483,0.21168,0.0018483,0.21168,460.486,0,1.02816,0,0,1.59312,0.564961,1.028160,1,0,68.5403,0,0,0,68.5403,0
71.485,2.81717,0,0,2.98708,0.254418,0.36288,3.6288,61.308,0.556806,0,0,0.920151,0.194256,0.16909,0.66528,12.849,1,0.503221,0.36288,0,75.13,4.30758,70.6821,0.84672,12.849,0.84672,3695.15,0,0.0036966,1.67864e-05,0.528595,1.79023,4.39591,0.962697,5.75202,0.42336,0.0018483,0.21168,0.0018483,0.21168,460.486,0,0.954979,0,0,1.48357,0.528595,1.028160,1,0,76.6032,0,0,0,76.6032,0
70.7753,2.81457,0,0,2.71036,0.242622,0.36288,3.6288,61.308,0.698309,0,0,0.994317,0.190861,0.105148,0.66528,12.849,1,0.505902,0.36288,0,62.535,4.12692,58.2651,0.84672,12.849,0.84672,3695.15,0,0.0036966,2.10525e-05,0.528595,1.79027,4.12337,0.941908,5.50031,0.42336,0.0018483,0.21168,0.0018483,0.21168,460.486,0,0.813508,0,0,1.3421,0.528595,1.028160,1,0,63.8705,0,0,0,63.8705,0
69.9809,2.81034,0,0,2.6202,0.241308,0.36288,3.6288,61.3047,0.694137,0,0,0.881703,0.190861,0,0.66528,12.849,1,0.510208,0.36288,0,55.2492,4.12692,50.9749,0.84672,12.849,0.84672,3695.15,0,0.0036966,2.09267e-05,0.402797,1.79032,3.91798,0.941908,5.16916,0.42336,0.0018483,0.21168,0.0018483,0.21168,460.486,0,0.817715,0,0,1.22051,0.402797,1.028160,1,0,56.1441,0,0,0,56.1441,0
69.0271,2.9386,0,0,2.56586,0.218211,0.36288,3.6288,61.1166,0.827535,0,0,0.85987,0.220406,0,0.66528,12.849,1,0.539549,0.36288,0,59.1308,4.37796,54.5762,0.84672,12.849,0.84672,3695.15,0,0.0036966,2.49497e-05,0.402797,1.79036,3.73437,0.99985,4.92765,0.42336,0.0018483,0.21168,0.0018483,0.21168,460.486,0,0.766092,0,0,1.16889,0.402797,1.028160,1,0,59.5038,0,0,0,59.5038,0
68.12,2.93239,0,0,2.54966,0.161533,0.36288,3.6288,60.671,0.985827,0,0,0.794733,0.254546,0,0.66528,12.849,1,0.545847,0.36288,0,55.544,4.77509,50.5859,0.84672,12.849,0.84672,3695.15,0,0.0036966,2.98135e-05,0.402797,1.88308,3.56621,1.13204,4.72001,0.42336,0.0018483,0.21168,0.0018483,0.21168,460.486,0,0.607833,0,0,1.01063,0.402797,1.028160,1,0,55.3059,0,0,0,55.3059,0
67.1189,2.92634,0,0,2.44852,0.160393,0.36288,3.6288,60.2213,0.982305,0,0,0.786396,0.253828,0,0.66528,12.849,1,0.551975,0.36288,0,51.5543,4.77509,46.5901,0.84672,12.849,0.84672,3695.15,0,0.0036966,2.99252e-05,0.402797,1.88312,3.42243,1.13204,4.57627,0.42336,0.0018483,0.21168,0.0018483,0.21168,460.486,0,0.611392,0,0,1.01419,0.402797,1.028160,1,0,51.1664,0,0,0,51.1664,0
65.9964,2.9195,0,0,2.32375,0.163859,0.36288,3.6288,59.9455,0.797936,0,0,0.773954,0.251795,0,0.66528,12.849,1,0.558899,0.36288,0,49.3848,4.69047,44.4983,0.84672,12.849,0.84672,3695.15,0,0.0036966,2.44901e-05,0.30119,1.88316,3.20367,1.13531,4.25269,0.42336,0.0018483,0.21168,0.0018483,0.21168,460.486,0,0.795804,0,0,1.09699,0.30119,1.028160,1,0,48.751,0,0,0,48.751,0
64.7953,2.91161,0,0,2.247,0.173569,0.36288,3.6288,59.8701,0.600625,0,0,0.758022,0.232804,0,0.66528,12.849,1,0.566869,0.36288,0,46.6565,4.26135,42.1912,0.84672,12.849,0.84672,3695.15,0,0.0036966,1.85191e-05,0.30119,1.88321,3.35711,1.10902,4.43247,0.42336,0.0018483,0.21168,0.0018483,0.21168,460.486,0,0.993159,0,0,1.29435,0.30119,1.028160,1,0,46.6237,0,0,0,46.6237,0
63.7728,2.87691,0,0,2.34724,0.129984,0.36288,3.6288,59.8337,0.610594,0,0,0.780088,0.205913,0,0.66528,12.849,1,0.570495,0.36288,0,47.9722,4.45778,43.3068,0.84672,12.849,0.84672,3695.15,0,0.0036966,1.88502e-05,0.866635,1.88325,4.24491,0.994319,6.00046,0.42336,0.0018483,0.21168,0.0018483,0.21168,460.486,0,1.02816,0,0,1.8948,0.866635,1.028160,1,0,49.3073,0,0,0,49.3073,0
62.5421,2.86936,0,0,2.13046,0.128915,0.36288,3.6288,59.749,0.610633,0,0,0.731843,0.205865,0,0.66528,12.849,1,0.578122,0.36288,0,42.7472,4.45778,38.0742,0.84672,12.849,0.84672,3695.15,0,0.0036966,1.88628e-05,0.652951,1.91218,4.10639,0.994319,5.67718,0.42336,0.0018483,0.21168,0.0018483,0.21168,460.486,0,1.02816,0,0,1.68111,0.652951,1.028160,1,0,43.7513,0,0,0,43.7513,0
61.2437,2.85999,0,0,2.02124,0.0967704,0.36288,3.6288,59.543,0.610672,0,0,0.686474,0.28178,0,0.66528,12.849,1,0.587573,0.36288,0,38.4508,5.44583,32.7802,0.84672,12.849,0.84672,3695.15,0,0.0036966,1.88908e-05,0.659508,1.91222,3.89167,1.35498,5.10841,0.42336,0.0018483,0.21168,0.0018483,0.21168,460.486,0,1.02816,0,0,1.68767,0.659508,1.028160,1,0,37.8887,0,0,0,37.8887,0
59.7279,2.84976,0,0,1.79257,0.0957409,0.36288,3.6288,59.2961,0.610711,0,0,0.645183,0.28141,0,0.66528,12.849,1,0.597884,0.36288,0,36.0686,5.44583,30.3878,0.84672,12.849,0.84672,3695.15,0,0.0036966,1.89573e-05,0.637122,1.91227,3.74416,1.35498,4.93855,0.42336,0.0018483,0.21168,0.0018483,0.21168,460.486,0,1.02816,0,0,1.66528,0.637122,1.028160,1,0,35.3264,0,0,0,35.3264,0
58.3029,2.90356,0,0,1.93535,0.09384,0.36288,3.6288,59.0732,0.650797,0,0,0.737191,0.309266,0,0.66528,12.849,1,0.624631,0.36288,0,39.2911,5.99941,33.0299,0.84672,12.849,0.84672,3695.15,0,0.0036966,2.02858e-05,0.716662,1.91231,3.83274,1.43288,5.02882,0.42336,0.0018483,0.21168,0.0018483,0.21168,460.486,0,1.02816,0,0,1.74482,0.716662,1.028160,1,0,38.0587,0,0,0,38.0587,0
56.7774,2.89112,0,0,1.8209,0.0924537,0.36288,3.6288,58.8131,0.650837,0,0,0.704307,0.313535,0,0.66528,12.849,1,0.637155,0.36288,0,38.7444,6.09168,32.3784,0.84672,12.849,0.84672,3695.15,0,0.0036966,2.03636e-05,0.512508,1.95838,3.37855,1.44586,4.40356,0.42336,0.0018483,0.21168,0.0018483,0.21168,460.486,0,1.02816,0,0,1.54067,0.512508,1.028160,1,0,36.782,0,0,0,36.782,0
55.3119,2.87722,0,0,1.86136,0.0867776,0.36288,3.6288,58.6289,0.650876,0,0,0.782162,0.315561,0,0.66528,12.849,1,0.65113,0.36288,0,36.8499,6.16645,30.3952,0.84672,12.849,0.84672,3695.15,0,0.0036966,2.04549e-05,0.720403,1.95842,4.17897,1.4608,5.39698,0.42336,0.0018483,0.21168,0.0018483,0.21168,460.486,0,1.02816,0,0,1.74856,0.720403,1.028160,1,0,35.7921,0,0,0,35.7921,0
53.9487,2.86329,0,0,1.93942,0.0764383,0.36288,3.6288,58.4931,0.650916,0,0,0.801896,0.286745,0,0.66528,12.849,1,0.665146,0.36288,0,36.9058,6.29184,30.3117,0.84672,12.849,0.84672,3695.15,0,0.0036966,2.05204e-05,0.833155,1.95847,4.56174,1.51167,5.84167,0.42336,0.0018483,0.21168,0.0018483,0.21168,460.486,0,1.02816,0,0,1.86132,0.833155,1.028160,1,0,36.1533,0,0,0,36.1533,0
52.7917,2.92227,0,0,2.20042,0.0722625,0.36288,3.6288,58.4415,0.66528,0,0,0.927374,0.313669,0,0.66528,12.849,1,0.695999,0.36288,0,37.9965,6.57708,31.0863,0.84672,12.849,0.84672,3695.15,0,0.0036966,0.0018483,1.21201,1.95852,5.39504,1.54728,7.01644,0.42336,0.0018483,0.21168,0.0018483,0.21168,460.486,0,1.02816,0,0,2.24017,1.21201,1.028160,1,0,38.1027,0,0,0,38.1027,0
51.3182,2.91007,0,0,1.87795,0.0784509,0.36288,3.6288,58.2459,0.66528,0,0,0.780589,0.310947,0,0.66528,12.849,1,0.708283,0.36288,0,32.0745,6.72272,25.0064,0.84672,12.849,0.84672,3695.15,0,0.0036966,0.0018483,0.820325,2.03246,5.1006,1.57226,6.37927,0.42336,0.0018483,0.21168,0.0018483,0.21168,460.486,0,1.02816,0,0,1.84848,0.820325,1.028160,1,0,31.3857,0,0,0,31.3857,0
50.0867,2.89387,0,0,2.0984,0.0731903,0.36288,3.6288,58.2268,0.66528,0,0,0.959256,0.313095,0,0.66528,12.849,1,0.724564,0.36288,0,40.8142,6.79749,33.6551,0.84672,12.849,0.84672,3695.15,0,0.0036966,0.0018483,1.29316,2.03251,5.41401,1.5872,7.15063,0.42336,0.0018483,0.21168,0.0018483,0.21168,460.486,0,1.02816,0,0,2.32132,1.29316,1.028160,1,0,40.8057,0,0,0,40.8057,0
48.4296,2.87976,0,0,1.65782,0.0722502,0.36288,3.6288,57.9487,0.66528,0,0,0.700212,0.313057,0,0.66528,12.849,1,0.73876,0.36288,0,42.119,6.79749,34.9457,0.84672,12.849,0.84672,3695.15,0,0.0036966,0.0018483,0.63485,2.03256,4.28988,1.5872,5.36824,0.42336,0.0018483,0.21168,0.0018483,0.21168,460.486,0,1.02816,0,0,1.66301,0.63485,1.028160,1,0,40.3139,0,0,0,40.3139,0
47.108,2.85985,0,0,1.97024,0.0690845,0.36288,3.6288,58.1135,0.66528,0,0,1.14806,0.31795,0,0.66528,12.849,1,0.758755,0.36288,0,38.5303,6.88263,31.2517,0.84672,12.849,0.84672,3695.15,0,0.0036966,0.0018483,1.81876,2.03261,6.26485,1.65595,8.45842,0.42336,0.0018483,0.21168,0.0018483,0.21168,460.486,0,1.02816,0,0,2.84692,1.81876,1.028160,1,0,39.7102,0,0,0,39.7102,0
45.2387,2.75644,0,0,1.31397,0.0639533,0.36288,3.6288,57.9258,0.640686,0,0,0.756726,0.30376,0,0.66528,12.849,1,0.751836,0.36288,0,35.4542,6.09956,28.9657,0.84672,12.849,0.84672,3695.15,0,0.0036966,2.0377e-05,0.564339,2.03265,6.11232,1.56476,7.14454,0.42336,0.0018483,0.21168,0.0018483,0.21168,460.486,0,1.02816,0,0,1.5925,0.564339,1.028160,1,0,36.1103,0,0,0,36.1103,0
43.5144,2.73231,0,0,1.48,0.109165,0.36288,3.6288,57.7354,0.640726,0,0,0.713206,0.262872,0,0.66528,12.849,1,0.776048,0.36288,0,28.407,5.76827,22.2256,0.84672,12.849,0.84672,3695.15,0,0.0036966,2.04443e-05,0.408223,1.94684,4.88939,1.45097,5.79346,0.42336,0.0018483,0.21168,0.0018483,0.21168,460.486,0,1.02816,0,0,1.43638,0.408223,1.028160,1,0,28.0191,0,0,0,28.0191,0
42.3102,2.70863,0,0,1.98201,0.114651,0.36288,3.6288,57.7159,0.640765,0,0,0.877124,0.255804,0,0.66528,12.849,1,0.799808,0.36288,0,37.6938,5.71305,31.5438,0.84672,12.849,0.84672,3695.15,0,0.0036966,2.0513e-05,0.873392,1.94688,6.00949,1.432,7.39774,0.42336,0.0018483,0.21168,0.0018483,0.21168,460.486,0,1.02816,0,0,1.90155,0.873392,1.028160,1,0,38.9416,0,0,0,38.9416,0
41.6395,2.69123,0,0,2.49647,0.113067,0.36288,3.6288,58.1344,0.640805,0,0,1.31503,0.255772,0,0.66528,12.849,1,0.817287,0.36288,0,76.7194,5.71305,70.5519,0.84672,12.849,0.84672,3695.15,0,0.0036966,2.05212e-05,1.82488,1.94693,8.30078,1.432,10.6406,0.42336,0.0018483,0.21168,0.0018483,0.21168,460.486,0,1.02816,0,0,2.85304,1.82488,1.028160,1,0,81.1925,0,0,0,81.1925,0
39.8754,2.7173,0,0,1.47907,0.163005,0.36288,3.6288,58.2234,0.628261,0,0,0.960906,0.243658,0,0.66528,12.849,1,0.838496,0.36288,0,58.2773,5.0832,52.7185,0.84672,12.849,0.84672,3695.15,0,0.0036966,1.99747e-05,0.945492,1.94698,5.35193,1.28406,6.96031,0.42336,0.0018483,0.21168,0.0018483,0.21168,460.486,0,1.02816,0,0,1.97365,0.945492,1.028160,1,0,59.6788,0,0,0,59.6788,0
38.1216,2.70915,0,0,1.49781,0.179541,0.36288,3.6288,58.4872,0.6283,0,0,1.13086,0.238672,0,0.66528,12.849,1,0.84672,0.36288,0,31.8428,4.83126,26.5277,0.84672,12.849,0.84672,3695.15,0,0.0036966,1.99454e-05,1.24287,1.94614,6.47581,1.22489,8.43992,0.42336,0.0018483,0.21168,0.0018483,0.21168,460.486,0,1.02816,0,0,2.27103,1.24287,1.028160,1,0,34.9676,0,0,0,34.9676,0
41.0748,2.70923,0,0,6.18374,0.158441,0.36288,3.6288,59.6165,0.628339,0,0,1.96994,0.212353,0,0.66528,12.849,1,0.84672,0.36288,0,92.4325,4.21479,87.7339,0.84672,12.849,0.84672,3695.15,0,0.0036966,1.98566e-05,2.64241,1.94619,18.3812,1.22823,21.7415,0.42336,0.0018483,0.21168,0.0018483,0.21168,460.486,0,1.02816,0,0,3.67057,2.64241,1.028160,1,0,109.475,0,0,0,109.475,0
41.5111,2.70933,0,0,3.69584,0.187385,0.36288,3.6288,60.512,0.628379,0,0,1.70485,0.180972,0,0.66528,12.849,1,0.84672,0.36288,0,92.0627,3.51362,88.0652,0.84672,12.849,0.84672,3695.15,0,0.0036966,1.94817e-05,2.04385,1.94624,15.6573,1.04877,18.5986,0.42336,0.0018483,0.21168,0.0018483,0.21168,460.486,0,1.02816,0,0,3.07201,2.04385,1.028160,1,0,106.664,0,0,0,106.664,0
41.6051,2.51106,0,0,3.16798,0.200018,0.36288,3.6288,61.308,0.462024,0,0,1.6724,0.203093,0.211271,0.66528,12.849,1,0.777253,0.36288,0,78.1609,3.58894,74.1576,0.84672,12.849,0.84672,3695.15,0,0.0036966,1.41122e-05,1.93726,1.94628,10.1187,0.99857,13.0037,0.42336,0.0018483,0.21168,0.0018483,0.21168,460.486,0,1.02816,0,0,2.96542,1.93726,1.028160,1,0,87.3725,0,0,0,87.3725,0
42.019,2.47873,0,0,3.47136,0.215813,0.36288,3.6288,61.308,0.506212,0,0,1.9218,0.232375,1.18321,0.66528,12.849,1,0.765512,0.36288,0,94.5423,3.68939,90.4503,0.84672,12.849,0.84672,3695.15,0,0.0036966,1.52612e-05,2.2739,1.76758,12.272,0.931638,15.3818,0.42336,0.0018483,0.21168,0.0018483,0.21168,460.486,0,1.02816,0,0,3.30206,2.2739,1.028160,1,0,107.015,0,0,0,107.015,0
42.7547,2.48459,0,0,3.79996,0.216861,0.36288,3.6288,61.308,0.506212,0,0,2.88685,0.232375,2.14826,0.66528,12.849,1,0.759763,0.36288,0,143.683,3.68939,139.597,0.84672,12.849,0.84672,3695.15,0,0.0036966,1.52612e-05,3.65582,1.79346,13.5204,0.931638,18.038,0.42336,0.0018483,0.21168,0.0018483,0.21168,460.486,0,1.02816,0,0,4.68398,3.65582,1.028160,1,0,159.783,0,0,0,159.783,0
44.028,2.49473,0,0,4.3482,0.217228,0.36288,3.6288,61.308,0.506212,0,0,2.81188,0.225881,2.07979,0.66528,12.849,1,0.749738,0.36288,0,138.536,3.61449,134.535,0.84672,12.849,0.84672,3695.15,0,0.0036966,1.52612e-05,2.91377,1.79348,10.9401,0.924279,14.723,0.42336,0.0018483,0.21168,0.0018483,0.21168,460.486,0,1.02816,0,0,3.94193,2.91377,1.028160,1,0,151.338,0,0,0,151.338,0
45.1542,2.51161,0,0,4.21198,0.211331,0.36288,3.6288,61.308,0.506212,0,0,2.47485,0.186919,1.78172,0.66528,12.849,1,0.732979,0.36288,0,91.9849,3.16512,88.4497,0.84672,12.849,0.84672,3695.15,0,0.0036966,1.52612e-05,1.79876,1.7935,11.8119,0.880123,14.524,0.42336,0.0018483,0.21168,0.0018483,0.21168,460.486,0,1.02816,0,0,2.82692,1.79876,1.028160,1,0,104.755,0,0,0,104.755,0
50.4364,2.60612,0,0,8.45048,0.199284,0.36288,3.6288,61.308,0.554395,0,0,2.52164,0.176876,1.79037,0.66528,12.849,1,0.741594,0.36288,0,112.171,3.67815,108.114,0.84672,12.849,0.84672,3695.15,0,0.0036966,1.67138e-05,4.1245,1.79352,18.7155,0.885231,23.7482,0.42336,0.0018483,0.21168,0.0018483,0.21168,460.486,0,1.02816,0,0,5.15266,4.1245,1.028160,1,0,133.652,0,0,0,133.652,0
51.4206,2.70315,0,0,4.2614,0.211118,0.36288,3.6288,61.308,0.51041,0,0,1.20856,0.176876,0.521278,0.66528,12.849,1,0.688644,0.36288,0,94.011,3.67815,90.0071,0.84672,12.849,0.84672,3695.15,0,0.0036966,1.53877e-05,2.99,1.85008,12.1129,0.885231,16.0678,0.42336,0.0018483,0.21168,0.0018483,0.21168,460.486,0,1.02816,0,0,4.01816,2.99,1.028160,1,0,106.596,0,0,0,106.596,0
51.6564,2.71374,0,0,3.52566,0.213305,0.36288,3.6288,61.308,0.510434,0,0,1.05124,0.176876,0.363927,0.66528,12.849,1,0.678109,0.36288,0,77.0783,3.67815,73.0849,0.84672,12.849,0.84672,3695.15,0,0.0036966,1.53885e-05,2.43571,1.82435,9.47773,0.885231,12.8525,0.42336,0.0018483,0.21168,0.0018483,0.21168,460.486,0,1.02816,0,0,3.46387,2.43571,1.028160,1,0,86.3014,0,0,0,86.3014,0
52.1094,2.71626,0,0,3.80133,0.269212,0.36288,3.6288,61.308,0.510459,0,0,1.33006,0.178359,0.641241,0.66528,12.849,1,0.675642,0.36288,0,70.8273,3.87345,66.6411,0.84672,12.849,0.84672,3695.15,0,0.0036966,1.53892e-05,2.64972,1.82438,10.0907,0.956099,13.6087,0.42336,0.0018483,0.21168,0.0018483,0.21168,460.486,0,1.02816,0,0,3.67788,2.64972,1.028160,1,0,80.891,0,0,0,80.891,0
52.9305,2.87066,0,0,4.32841,0.273738,0.36288,3.6288,61.308,0.62474,0,0,1.18419,0.170131,0.389318,0.66528,12.849,1,0.70784,0.36288,0,85.7157,3.34575,82.025,0.84672,12.849,0.84672,3695.15,0,0.0036966,1.88345e-05,3.03559,1.82441,9.27962,0.759111,13.3805,0.42336,0.0018483,0.21168,0.0018483,0.21168,460.486,0,1.02816,0,0,4.06375,3.03559,1.028160,1,0,95.7948,0,0,0,95.7948,0
54.7554,2.87954,0,0,5.3421,0.274803,0.36288,3.6288,61.308,0.624767,0,0,1.2377,0.168644,0.444286,0.66528,12.849,1,0.699015,0.36288,0,90.8591,3.10842,87.4145,0.84672,12.849,0.84672,3695.15,0,0.0036966,1.88353e-05,3.19755,1.94767,8.58695,0.738431,12.9937,0.42336,0.0018483,0.21168,0.0018483,0.21168,460.486,0,1.02816,0,0,4.22571,3.19755,1.028160,1,0,100.853,0,0,0,100.853,0
55.7572,2.89846,0,0,4.53303,0.269878,0.36288,3.6288,61.308,0.624794,0,0,1.41332,0.188049,0.60048,0.66528,12.849,1,0.680158,0.36288,0,83.573,3.69605,79.5597,0.84672,12.849,0.84672,3695.15,0,0.0036966,1.88361e-05,3.50464,1.94771,9.77089,0.930435,14.2928,0.42336,0.0018483,0.21168,0.0018483,0.21168,460.486,0,1.02816,0,0,4.5328,3.50464,1.028160,1,0,94.4529,0,0,0,94.4529,0
57.6403,2.90844,0,0,5.40383,0.249427,0.36288,3.6288,61.308,0.624821,0,0,1.29972,0.193412,0.481492,0.66528,12.849,1,0.670237,0.36288,0,87.1569,4.2842,82.5653,0.84672,12.849,0.84672,3695.15,0,0.0036966,1.8837e-05,3.68114,1.94774,11.6493,1.1201,16.1581,0.42336,0.0018483,0.21168,0.0018483,0.21168,460.486,0,1.02816,0,0,4.7093,3.68114,1.028160,1,0,99.2049,0,0,0,99.2049,0
64.1784,2.6585,0,0,9.85031,0.290817,0.36288,3.6288,61.308,0.448707,0,0,3.53223,0.173685,2.90984,0.66528,12.849,1,0.592626,0.36288,0,175.097,3.54649,171.321,0.84672,12.849,0.84672,3695.15,0,0.0036966,1.35275e-05,8.3852,1.94777,20.5423,0.860662,30.0146,0.42336,0.0018483,0.21168,0.0018483,0.21168,460.486,0,1.02816,0,0,9.41336,8.3852,1.028160,1,0,204.246,0,0,0,204.246,0
71.6693,2.70886,0,0,10.9193,0.356605,0.36288,3.6288,61.308,0.448731,0,0,3.90571,0.149287,3.30769,0.66528,12.849,1,0.542334,0.36288,0,207.502,3.34152,203.981,0.84672,12.849,0.84672,3695.15,0,0.0036966,1.35282e-05,8.81703,1.75032,25.2055,0.856295,34.9165,0.42336,0.0018483,0.21168,0.0018483,0.21168,460.486,0,1.02816,0,0,9.84519,8.81703,1.028160,1,0,242.205,0,0,0,242.205,0
72.29,2.75697,0,0,9.48516,0.378203,5.72934,3.6288,61.308,0.448755,0,0,2.85091,0.149287,2.25287,0.66528,12.849,1,0.494275,5.72934,0,210.48,3.34152,212.373,0.84672,12.849,0.84672,3695.15,0,0.0036966,1.3529e-05,5.50098,1.75034,18.7151,0.856295,25.1101,0.42336,0.0018483,0.21168,0.0018483,0.21168,460.486,0,1.02816,0,0,6.52914,5.50098,1.028160,1,0,239.736,0,0,0,239.736,0
72.29,2.76062,0,0,7.13301,0.29798,4.07441,3.6288,61.308,0.448779,0,0,1.94747,0.192451,1.30624,0.66528,12.849,1,0.49068,4.07441,0,132.208,3.99402,131.798,0.84672,12.849,0.84672,3695.15,0,0.0036966,1.35297e-05,3.3085,1.75037,12.648,1.06922,16.6376,0.42336,0.0018483,0.21168,0.0018483,0.21168,460.486,0,1.02816,0,0,4.33666,3.3085,1.028160,1,0,149.742,0,0,0,149.742,0
72.29,2.76067,0,0,7.38115,0.272056,4.34843,3.6288,61.308,0.448802,0,0,2.85515,0.20237,2.20398,0.66528,12.849,1,0.490688,4.34843,0,156.056,4.35058,155.563,0.84672,12.849,0.84672,3695.15,0,0.0036966,1.35304e-05,4.35582,1.7504,15.3535,1.16432,20.2954,0.42336,0.0018483,0.21168,0.0018483,0.21168,460.486,0,1.02816,0,0,5.38398,4.35582,1.028160,1,0,178.062,0,0,0,178.062,0
72.29,2.86158,0,0,13.0966,0.323887,9.91113,3.6288,61.308,0.508228,0,0,3.59866,0.20123,2.88921,0.66528,12.849,1,0.508625,9.91113,0,208.158,4.37918,213.182,0.84672,12.849,0.84672,3695.15,0,0.0036966,1.53219e-05,6.38136,1.75043,28.4241,1.20415,35.3517,0.42336,0.0018483,0.21168,0.0018483,0.21168,460.486,0,1.02816,0,0,7.40952,6.38136,1.028160,1,0,251.423,0,0,0,251.423,0
72.29,2.86163,0,0,8.1267,0.324685,4.94038,3.6288,61.308,0.508253,0,0,1.7678,0.167166,1.09238,0.66528,12.849,1,0.508633,4.94038,0,153.23,4.22289,153.439,0.84672,12.849,0.84672,3695.15,0,0.0036966,1.53227e-05,3.77205,1.81862,16.3419,1.14783,20.7847,0.42336,0.0018483,0.21168,0.0018483,0.21168,460.486,0,1.02816,0,0,4.80021,3.77205,1.028160,1,0,175.316,0,0,0,175.316,0
72.29,2.86167,0,0,7.92409,0.324685,4.73773,3.6288,61.308,0.508278,0,0,4.47987,0.167166,3.80443,0.66528,12.849,1,0.508641,4.73773,0,166.459,4.22289,166.465,0.84672,12.849,0.84672,3695.15,0,0.0036966,1.53234e-05,7.91122,1.81865,20.04,1.14783,28.622,0.42336,0.0018483,0.21168,0.0018483,0.21168,460.486,0,1.02816,0,0,8.93938,7.91122,1.028160,1,0,198.892,0,0,0,198.892,0
72.29,2.86172,0,0,6.38942,0.324685,3.20301,3.6288,61.308,0.508303,0,0,1.62191,0.167166,0.946441,0.66528,12.849,1,0.508649,3.20301,0,130.671,4.22289,129.142,0.84672,12.849,0.84672,3695.15,0,0.0036966,1.53242e-05,3.51512,1.81867,14.0006,1.14783,18.1866,0.42336,0.0018483,0.21168,0.0018483,0.21168,460.486,0,1.02816,0,0,4.54328,3.51512,1.028160,1,0,148.275,0,0,0,148.275,0
72.29,2.82232,0,0,5.22692,0.256194,2.14841,3.6288,61.308,0.485255,0,0,1.38517,0.173682,0.726237,0.66528,12.849,1,0.501647,2.14841,0,104.897,3.64773,102.896,0.84672,12.849,0.84672,3695.15,0,0.0036966,1.46294e-05,3.9909,1.8187,11.0973,1.17137,15.7355,0.42336,0.0018483,0.21168,0.0018483,0.21168,460.486,0,1.02816,0,0,5.01906,3.9909,1.028160,1,0,119.357,0,0,0,119.357,0
72.29,2.82237,0,0,4.5675,0.255194,1.48994,3.6288,61.308,0.485279,0,0,1.14161,0.169217,0.487115,0.66528,12.849,1,0.501655,1.48994,0,95.3407,3.48401,92.845,0.84672,12.849,0.84672,3695.15,0,0.0036966,1.46301e-05,3.12748,1.7922,9.92805,1.16193,13.6858,0.42336,0.0018483,0.21168,0.0018483,0.21168,460.486,0,1.02816,0,0,4.15564,3.12748,1.028160,1,0,107.018,0,0,0,107.018,0
72.29,2.82242,0,0,5.35436,0.24303,2.28892,3.6288,61.308,0.485304,0,0,1.06758,0.175151,0.40712,0.66528,12.849,1,0.501663,2.28892,0,103.436,3.95186,101.272,0.84672,12.849,0.84672,3695.15,0,0.0036966,1.46308e-05,3.11863,1.79223,13.1912,1.18038,16.9217,0.42336,0.0018483,0.21168,0.0018483,0.21168,460.486,0,1.02816,0,0,4.14679,3.11863,1.028160,1,0,118.601,0,0,0,118.601,0
72.29,2.82246,0,0,4.28823,0.201202,1.26457,3.6288,61.308,0.485328,0,0,1.03817,0.193497,0.35934,0.66528,12.849,1,0.501671,1.26457,0,78.4486,5.18115,74.0304,0.84672,12.849,0.84672,3695.15,0,0.0036966,1.46316e-05,3.12758,1.79226,10.1362,1.25184,13.8042,0.42336,0.0018483,0.21168,0.0018483,0.21168,460.486,0,1.02816,0,0,4.15574,3.12758,1.028160,1,0,88.1939,0,0,0,88.1939,0
72.29,2.9564,0,0,3.98198,0.148783,0.876796,3.6288,61.308,0.567179,0,0,1.00457,0.180236,0.257157,0.66528,12.849,1,0.525477,0.876796,0,63.4057,4.66748,59.0895,0.84672,12.849,0.84672,3695.15,0,0.0036966,1.70992e-05,2.78243,1.79229,9.38356,1.19413,12.7641,0.42336,0.0018483,0.21168,0.0018483,0.21168,460.486,0,1.02816,0,0,3.81059,2.78243,1.028160,1,0,72.1108,0,0,0,72.1108,0
72.29,2.95645,0,0,3.96768,0.170229,0.841003,3.6288,61.308,0.567205,0,0,0.87188,0.134483,0.170191,0.66528,12.849,1,0.525486,0.841003,0,66.6153,3.50521,63.4256,0.84672,12.849,0.84672,3695.15,0,0.0036966,1.71e-05,2.61507,1.88509,8.75059,0.914358,12.3364,0.42336,0.0018483,0.21168,0.0018483,0.21168,460.486,0,1.02816,0,0,3.64323,2.61507,1.028160,1,0,75.9321,0,0,0,75.9321,0
72.29,2.95649,0,0,3.69003,0.170229,0.563309,3.6288,61.308,0.567231,0,0,0.839333,0.134483,0.137618,0.66528,12.849,1,0.525494,0.563309,0,60.7611,3.50521,57.2937,0.84672,12.849,0.84672,3695.15,0,0.0036966,1.71008e-05,2.13176,1.88512,7.77488,0.914358,10.8774,0.42336,0.0018483,0.21168,0.0018483,0.21168,460.486,0,1.02816,0,0,3.15992,2.13176,1.028160,1,0,68.3087,0,0,0,68.3087,0
72.29,2.95654,0,0,3.48925,0.107081,0.425624,3.6288,61.3052,0.567257,0,0,0.788944,0.224455,0,0.66528,12.849,1,0.525503,0.425624,0,58.0683,4.7276,53.2408,0.84672,12.849,0.84672,3695.15,0,0.0036966,1.71015e-05,1.80845,1.88515,6.86111,1.24168,9.31301,0.42336,0.0018483,0.21168,0.0018483,0.21168,460.486,0,1.02816,0,0,2.83661,1.80845,1.028160,1,0,62.5539,0,0,0,62.5539,0
72.0733,2.95659,0,0,3.20233,0.0995598,0.36288,3.6288,61.2293,0.567283,0,0,0.733095,0.241728,0,0.66528,12.849,1,0.525511,0.36288,0,52.1147,4.97748,46.9746,0.84672,12.849,0.84672,3695.15,0,0.0036966,1.71031e-05,1.52665,1.88518,6.16118,1.27294,8.30006,0.42336,0.0018483,0.21168,0.0018483,0.21168,460.486,0,1.02816,0,0,2.55481,1.52665,1.028160,1,0,55.2746,0,0,0,55.2746,0
71.3447,2.92883,0,0,2.68046,0.117391,0.36288,3.6288,60.9884,0.612285,0,0,0.626702,0.2553,0,0.66528,12.849,1,0.522142,0.36288,0,44.1205,5.25441,38.7068,0.84672,12.849,0.84672,3695.15,0,0.0036966,1.84828e-05,0.64889,1.88521,3.72945,1.13319,5.13034,0.42336,0.0018483,0.21168,0.0018483,0.21168,460.486,0,1.02816,0,0,1.67705,0.64889,1.028160,1,0,43.8372,0,0,0,43.8372,0
70.6241,2.92436,0,0,2.68338,0.116741,0.36288,3.6288,60.7264,0.612312,0,0,0.605196,0.254911,0,0.66528,12.849,1,0.526669,0.36288,0,41.6594,5.25441,36.2412,0.84672,12.849,0.84672,3695.15,0,0.0036966,1.85566e-05,0.694475,1.91415,3.95926,1.13319,5.43468,0.42336,0.0018483,0.21168,0.0018483,0.21168,460.486,0,1.02816,0,0,1.72263,0.694475,1.028160,1,0,41.6759,0,0,0,41.6759,0
69.7944,2.91986,0,0,2.55976,0.10665,0.36288,3.6288,60.4349,0.612338,0,0,0.590829,0.269975,0,0.66528,12.849,1,0.531224,0.36288,0,39.1747,5.47158,33.5348,0.84672,12.849,0.84672,3695.15,0,0.0036966,1.86374e-05,0.705231,1.91418,3.96566,1.20669,5.37836,0.42336,0.0018483,0.21168,0.0018483,0.21168,460.486,0,1.02816,0,0,1.73339,0.705231,1.028160,1,0,38.9131,0,0,0,38.9131,0
68.6743,2.91457,0,0,2.24008,0.0828049,0.36288,3.6288,60.0767,0.612365,0,0,0.558226,0.304126,0,0.66528,12.849,1,0.536566,0.36288,0,36.8111,6.2179,30.4195,0.84672,12.849,0.84672,3695.15,0,0.0036966,1.87281e-05,0.536596,1.91421,3.85906,1.46588,4.84397,0.42336,0.0018483,0.21168,0.0018483,0.21168,460.486,0,1.02816,0,0,1.56476,0.536596,1.028160,1,0,35.2634,0,0,0,35.2634,0
66.9569,2.97509,0,0,1.71007,0.0894219,0.36288,3.6288,59.4137,0.775715,0,0,0.408154,0.295403,0,0.66528,12.849,1,0.556642,0.36288,0,27.5889,5.86776,21.5274,0.84672,12.849,0.84672,3695.15,0,0.0036966,2.38654e-05,0.261274,1.91424,2.98342,1.429,3.72991,0.42336,0.0018483,0.21168,0.0018483,0.21168,460.486,0,0.904919,0,0,1.16619,0.261274,1.028160,1,0,25.2573,0,0,0,25.2573,0
65.2821,2.96316,0,0,1.7212,0.0700379,0.36288,3.6288,58.7736,0.788615,0,0,0.46001,0.31151,0,0.66528,12.849,1,0.568629,0.36288,0,31.1402,5.77867,25.1558,0.84672,12.849,0.84672,3695.15,0,0.0036966,2.4533e-05,0.261274,1.96034,2.96654,1.46847,3.71967,0.42336,0.0018483,0.21168,0.0018483,0.21168,460.486,0,0.892045,0,0,1.15332,0.261274,1.028160,1,0,28.8754,0,0,0,28.8754,0
63.5017,2.95102,0,0,1.60265,0.0691103,0.36288,3.6288,58.1672,0.695273,0,0,0.399094,0.310234,0,0.66528,12.849,1,0.580827,0.36288,0,26.3671,5.77867,20.3705,0.84672,12.849,0.84672,3695.15,0,0.0036966,2.18648e-05,0.261274,1.96037,2.99388,1.46847,3.74704,0.42336,0.0018483,0.21168,0.0018483,0.21168,460.486,0,0.985418,0,0,1.24669,0.261274,1.028160,1,0,24.1175,0,0,0,24.1175,0
61.6149,2.93752,0,0,1.48175,0.0681243,0.36288,3.6288,57.4151,0.813137,0,0,0.370101,0.309025,0,0.66528,12.849,1,0.594381,0.36288,0,25.2838,5.77867,19.2736,0.84672,12.849,0.84672,3695.15,0,0.0036966,2.5838e-05,0.227405,1.9604,2.60316,1.46847,3.32248,0.42336,0.0018483,0.21168,0.0018483,0.21168,460.486,0,0.867577,0,0,1.09498,0.227405,1.028160,1,0,22.5961,0,0,0,22.5961,0
59.4687,2.99684,0,0,1.28411,0.0706049,0.36288,3.6288,56.5765,0.885635,0,0,0.362835,0.315785,0,0.66528,12.849,1,0.624952,0.36288,0,22.6326,5.81006,16.5604,0.84672,12.849,0.84672,3695.15,0,0.0036966,0.0018483,0.227405,1.96043,2.37672,1.48483,3.07788,0.42336,0.0018483,0.21168,0.0018483,0.21168,460.486,0,0.807805,0,0,1.03521,0.227405,1.028160,1,0,19.6383,0,0,0,19.6383,0
57.0045,2.97834,0,0,0.954884,0.077933,0.36288,3.6288,55.5515,1.0025,0,0,0.312071,0.334603,0,0.66528,12.849,1,0.643509,0.36288,0,19.8256,5.8885,13.6565,0.84672,12.849,0.84672,3695.15,0,0.0036966,0.0018483,0.227405,2.03443,1.58751,1.52574,2.32176,0.42336,0.0018483,0.21168,0.0018483,0.21168,460.486,0,0.690941,0,0,0.918346,0.227405,1.028160,1,0,15.9782,0,0,0,15.9782,0
54.5129,2.95568,0,0,0.903139,0.076087,0.36288,3.6288,54.4463,1.05983,0,0,0.287022,0.332368,0,0.66528,12.849,1,0.66622,0.36288,0,17.8173,5.8885,11.6255,0.84672,12.849,0.84672,3695.15,0,0.0036966,0.0018483,0.227405,2.03447,1.56951,1.52574,2.30379,0.42336,0.0018483,0.21168,0.0018483,0.21168,460.486,0,0.633606,0,0,0.861011,0.227405,1.028160,1,0,13.9293,0,0,0,13.9293,0
52.392,2.93108,0,0,1.2472,0.0742206,0.36288,3.6288,53.5135,0.920748,0,0,0.317868,0.329958,0,0.66528,12.849,1,0.690872,0.36288,0,19.1118,5.8885,12.8953,0.84672,12.849,0.84672,3695.15,0,0.0036966,0.0018483,0.204422,2.0345,1.74963,1.52574,2.46097,0.42336,0.0018483,0.21168,0.0018483,0.21168,460.486,0,0.772692,0,0,0.977115,0.204422,1.028160,1,0,15.3562,0,0,0,15.3562,0
50.84,2.90867,0,0,1.81583,0.09623,0.36288,3.6288,52.8173,0.798552,0,0,0.423121,0.320783,0,0.66528,12.849,1,0.713344,0.36288,0,31.8919,5.74859,25.7928,0.84672,12.849,0.84672,3695.15,0,0.0036966,0.0018483,0.204422,2.03453,1.94572,1.50338,2.67945,0.42336,0.0018483,0.21168,0.0018483,0.21168,460.486,0,0.894888,0,0,1.09931,0.204422,1.028160,1,0,28.4723,0,0,0,28.4723,0
48.6966,2.80311,0,0,1.11148,0.0889119,0.36288,3.6288,51.9581,0.795163,0,0,0.289524,0.353558,0,0.66528,12.849,1,0.708442,0.36288,0,21.4847,6.2593,14.8798,0.84672,12.849,0.84672,3695.15,0,0.0036966,2.78261e-05,0.204422,2.03456,1.84011,1.54219,2.53689,0.42336,0.0018483,0.21168,0.0018483,0.21168,460.486,0,0.875232,0,0,1.07965,0.204422,1.028160,1,0,17.4167,0,0,0,17.4167,0
46.5686,2.77848,0,0,1.14159,0.128214,0.36288,3.6288,51.0441,0.880817,0,0,0.279094,0.312269,0,0.66528,12.849,1,0.733125,0.36288,0,16.4353,5.79838,10.2666,0.84672,12.849,0.84672,3695.15,0,0.0036966,3.13332e-05,0.204422,1.94865,1.59389,1.37541,2.37153,0.42336,0.0018483,0.21168,0.0018483,0.21168,460.486,0,0.789601,0,0,0.994023,0.204422,1.028160,1,0,12.6382,0,0,0,12.6382,0
45.0246,2.75227,0,0,1.71216,0.141001,0.36288,3.6288,50.4181,0.650121,0,0,0.321215,0.297109,0,0.66528,12.849,1,0.759393,0.36288,0,20.0159,5.68796,13.9314,0.84672,12.849,0.84672,3695.15,0,0.0036966,2.35408e-05,0.216518,1.94868,1.69532,1.33748,2.52302,0.42336,0.0018483,0.21168,0.0018483,0.21168,460.486,0,1.02033,0,0,1.23685,0.216518,1.028160,1,0,16.4544,0,0,0,16.4544,0
44.1028,2.73205,0,0,2.31169,0.138587,0.36288,3.6288,49.9992,0.64232,0,0,0.519064,0.295597,0,0.66528,12.849,1,0.779664,0.36288,0,39.9421,5.68796,33.8374,0.84672,12.849,0.84672,3695.15,0,0.0036966,2.35471e-05,0.982904,1.94872,2.67051,1.33748,4.26463,0.42336,0.0018483,0.21168,0.0018483,0.21168,460.486,0,1.02816,0,0,2.01106,0.982904,1.028160,1,0,38.102,0,0,0,38.102,0
42.284,2.75605,0,0,1.48587,0.185735,0.36288,3.6288,49.5362,0.629751,0,0,0.430866,0.264098,0,0.66528,12.849,1,0.802954,0.36288,0,30.8176,4.90729,25.4702,0.84672,12.849,0.84672,3695.15,0,0.0036966,2.32797e-05,0.485698,1.94875,1.85605,1.2258,3.06467,0.42336,0.0018483,0.21168,0.0018483,0.21168,460.486,0,1.02816,0,0,1.51386,0.485698,1.028160,1,0,28.5349,0,0,0,28.5349,0
40.3312,2.7296,0,0,1.35725,0.217571,0.36288,3.6288,49.1677,0.629778,0,0,0.501554,0.240317,0,0.66528,12.849,1,0.829455,0.36288,0,27.8487,4.3218,23.0603,0.84672,12.849,0.84672,3695.15,0,0.0036966,2.34983e-05,0.634599,1.9479,3.29963,1.14204,4.74006,0.42336,0.0018483,0.21168,0.0018483,0.21168,460.486,0,1.02816,0,0,1.66276,0.634599,1.028160,1,0,27.8004,0,0,0,27.8004,0
38.944,2.71239,0,0,1.91868,0.230611,0.36288,3.6288,48.9403,0.629804,0,0,0.635331,0.232921,0,0.66528,12.849,1,0.84672,0.36288,0,44.2841,4.10733,39.693,0.84672,12.849,0.84672,3695.15,0,0.0036966,2.36755e-05,1.03169,1.94793,3.0403,1.11089,4.909,0.42336,0.0018483,0.21168,0.0018483,0.21168,460.486,0,1.02816,0,0,2.05985,1.03169,1.028160,1,0,44.602,0,0,0,44.602,0
39.7878,2.71244,0,0,4.16962,0.250498,0.36288,3.6288,49.3561,0.629831,0,0,1.26929,0.223611,0,0.66528,12.849,1,0.84672,0.36288,0,51.3113,3.82137,47.0061,0.84672,12.849,0.84672,3695.15,0,0.0036966,2.37865e-05,1.93605,1.94796,5.54236,1.06936,8.35699,0.42336,0.0018483,0.21168,0.0018483,0.21168,460.486,0,1.02816,0,0,2.96421,1.93605,1.028160,1,0,55.3631,0,0,0,55.3631,0
40.1331,2.48778,0,0,3.41991,0.223988,0.36288,3.6288,49.4343,0.463319,0,0,0.761184,0.219663,0,0.66528,12.849,1,0.803398,0.36288,0,58.7458,3.74724,54.558,0.84672,12.849,0.84672,3695.15,0,0.0036966,1.73505e-05,1.49683,1.94799,3.85048,1.02223,6.27305,0.42336,0.0018483,0.21168,0.0018483,0.21168,460.486,0,1.02816,0,0,2.52499,1.49683,1.028160,1,0,60.8311,0,0,0,60.8311,0
40.1931,2.46059,0,0,3.10378,0.220255,0.36288,3.6288,49.6261,0.506197,0,0,0.875871,0.177865,0,0.66528,12.849,1,0.787783,0.36288,0,46.819,3.90967,42.4845,0.84672,12.849,0.84672,3695.15,0,0.0036966,1.89262e-05,1.81113,1.76912,4.0784,0.93201,6.72662,0.42336,0.0018483,0.21168,0.0018483,0.21168,460.486,0,1.02816,0,0,2.83929,1.81113,1.028160,1,0,49.2111,0,0,0,49.2111,0
41.1751,2.46154,0,0,4.03813,0.23176,0.36288,3.6288,50.1036,0.506197,0,0,1.15679,0.173115,0,0.66528,12.849,1,0.78691,0.36288,0,82.5407,3.96763,78.149,0.84672,12.849,0.84672,3695.15,0,0.0036966,1.88531e-05,1.86767,1.79423,5.2092,0.93661,7.93447,0.42336,0.0018483,0.21168,0.0018483,0.21168,460.486,0,1.02816,0,0,2.89583,1.86767,1.028160,1,0,86.0835,0,0,0,86.0835,0
42.4238,2.47591,0,0,4.32201,0.234475,0.36288,3.6288,50.7467,0.506197,0,0,1.32307,0.173794,0,0.66528,12.849,1,0.772626,0.36288,0,68.6832,3.96763,64.3058,0.84672,12.849,0.84672,3695.15,0,0.0036966,1.86734e-05,2.26703,1.79424,5.48503,0.93661,8.60967,0.42336,0.0018483,0.21168,0.0018483,0.21168,460.486,0,1.02816,0,0,3.29519,2.26703,1.028160,1,0,72.9154,0,0,0,72.9154,0
44.9834,2.49342,0,0,5.63096,0.215072,0.36288,3.6288,52.134,0.506198,0,0,2.10165,0.208114,0,0.66528,12.849,1,0.755189,0.36288,0,158.477,4.59158,153.494,0.84672,12.849,0.84672,3695.15,0,0.0036966,1.84368e-05,3.65442,1.79425,8.95743,1.19019,13.2159,0.42336,0.0018483,0.21168,0.0018483,0.21168,460.486,0,1.02816,0,0,4.68258,3.65442,1.028160,1,0,166.709,0,0,0,166.709,0
47.5889,2.52687,0,0,5.72292,0.227671,0.36288,3.6288,53.736,0.506174,0,0,2.34742,0.239311,0,0.66528,12.849,1,0.721771,0.36288,0,101.981,5.31648,96.3051,0.84672,12.849,0.84672,3695.15,0,0.0036966,1.79453e-05,1.85896,1.79427,12.1052,1.25045,14.5079,0.42336,0.0018483,0.21168,0.0018483,0.21168,460.486,0,1.02816,0,0,2.88712,1.85896,1.028160,1,0,110.813,0,0,0,110.813,0
47.7111,2.63921,0,0,3.36278,0.238457,0.36288,3.6288,54.7097,0.554422,0,0,1.77115,0.242992,0,0.66528,12.849,1,0.712587,0.36288,0,108.103,5.35931,102.394,0.84672,12.849,0.84672,3695.15,0,0.0036966,1.90699e-05,1.35798,1.79426,8.04254,1.2288,9.96596,0.42336,0.0018483,0.21168,0.0018483,0.21168,460.486,0,1.02816,0,0,2.38614,1.35798,1.028160,1,0,112.36,0,0,0,112.36,0
50.6652,2.67436,0,0,6.2301,0.238776,0.36288,3.6288,55.0152,0.511678,0,0,1.06181,0.244593,0,0.66528,12.849,1,0.720227,0.36288,0,75.3002,5.35931,69.5835,0.84672,12.849,0.84672,3695.15,0,0.0036966,1.72864e-05,0.681627,1.85086,6.30387,1.2288,7.60755,0.42336,0.0018483,0.21168,0.0018483,0.21168,460.486,0,1.02816,0,0,1.70979,0.681627,1.028160,1,0,77.1911,0,0,0,77.1911,0
52.924,2.70788,0,0,5.56883,0.239345,0.36288,3.6288,55.7415,0.511691,0,0,1.49431,0.256395,0,0.66528,12.849,1,0.686736,0.36288,0,116.935,5.59439,111.017,0.84672,12.849,0.84672,3695.15,0,0.0036966,1.71909e-05,0.985617,1.82586,9.53346,1.3436,11.0013,0.42336,0.0018483,0.21168,0.0018483,0.21168,460.486,0,1.02816,0,0,2.01378,0.985617,1.028160,1,0,122.019,0,0,0,122.019,0
53.8451,2.73149,0,0,4.25179,0.236294,0.36288,3.6288,56.8326,0.511705,0,0,1.84686,0.243994,0,0.66528,12.849,1,0.663159,0.36288,0,97.7979,4.65168,92.8459,0.84672,12.849,0.84672,3695.15,0,0.0036966,1.69673e-05,1.83972,1.82587,9.58219,1.25173,11.996,0.42336,0.0018483,0.21168,0.0018483,0.21168,460.486,0,1.02816,0,0,2.86788,1.83972,1.028160,1,0,104.842,0,0,0,104.842,0
54.2904,2.8914,0,0,3.95549,0.255867,0.36288,3.6288,58.2764,0.626066,0,0,2.28787,0.218015,0,0.66528,12.849,1,0.689973,0.36288,0,70.8515,3.64119,66.8832,0.84672,12.849,0.84672,3695.15,0,0.0036966,2.03608e-05,2.05742,1.82589,12.1154,1.06124,14.9374,0.42336,0.0018483,0.21168,0.0018483,0.21168,460.486,0,1.02816,0,0,3.08558,2.05742,1.028160,1,0,81.8206,0,0,0,81.8206,0
55.0635,2.896,0,0,4.28901,0.257024,0.36288,3.6288,59.7238,0.626081,0,0,2.2935,0.220062,0,0.66528,12.849,1,0.685402,0.36288,0,108.709,3.64119,104.746,0.84672,12.849,0.84672,3695.15,0,0.0036966,1.98568e-05,2.00781,1.94924,12.0277,1.06124,14.9235,0.42336,0.0018483,0.21168,0.0018483,0.21168,460.486,0,1.02816,0,0,3.03597,2.00781,1.028160,1,0,119.669,0,0,0,119.669,0
55.9587,2.90383,0,0,4.42096,0.259034,0.36288,3.6288,60.9855,0.626096,0,0,2.1099,0.222115,0,0.66528,12.849,1,0.677606,0.36288,0,129.327,3.64119,125.371,0.84672,12.849,0.84672,3695.15,0,0.0036966,1.93761e-05,1.84318,1.94926,11.929,1.06124,14.6602,0.42336,0.0018483,0.21168,0.0018483,0.21168,460.486,0,1.02816,0,0,2.87134,1.84318,1.028160,1,0,140.031,0,0,0,140.031,0
57.6489,2.91267,0,0,5.2503,0.284548,0.36288,3.6288,61.308,0.62611,0,0,2.04936,0.205579,0.895132,0.66528,12.849,1,0.668796,0.36288,0,96.3498,3.34665,92.6973,0.84672,12.849,0.84672,3695.15,0,0.0036966,1.89757e-05,2.94939,1.94927,13.3644,0.91591,17.3471,0.42336,0.0018483,0.21168,0.0018483,0.21168,460.486,0,1.02816,0,0,3.97755,2.94939,1.028160,1,0,110.939,0,0,0,110.939,0
61.2195,2.66063,0,0,6.89227,0.298224,0.36288,3.6288,61.308,0.449848,0,0,2.53691,0.194969,1.89209,0.66528,12.849,1,0.593011,0.36288,0,97.4929,2.99733,94.2654,0.84672,12.849,0.84672,3695.15,0,0.0036966,1.35619e-05,3.07502,1.94929,14.074,0.802851,18.2955,0.42336,0.0018483,0.21168,0.0018483,0.21168,460.486,0,1.02816,0,0,4.10318,3.07502,1.028160,1,0,114.453,0,0,0,114.453,0
63.4696,2.64269,0,0,5.56399,0.30831,0.36288,3.6288,61.308,0.506189,0,0,1.79142,0.194969,1.09026,0.66528,12.849,1,0.554659,0.36288,0,105.374,2.99733,102.185,0.84672,12.849,0.84672,3695.15,0,0.0036966,1.52605e-05,1.67543,1.75167,9.76251,0.802851,12.3867,0.42336,0.0018483,0.21168,0.0018483,0.21168,460.486,0,1.02816,0,0,2.70359,1.67543,1.028160,1,0,115.662,0,0,0,115.662,0
64.0504,2.65908,0,0,3.91689,0.314057,0.36288,3.6288,61.308,0.506189,0,0,1.27075,0.194969,0.569596,0.66528,12.849,1,0.538313,0.36288,0,93.6775,2.99733,90.5047,0.84672,12.849,0.84672,3695.15,0,0.0036966,1.52605e-05,1.30614,1.78465,9.38209,0.802851,11.67,0.42336,0.0018483,0.21168,0.0018483,0.21168,460.486,0,1.02816,0,0,2.3343,1.30614,1.028160,1,0,102.744,0,0,0,102.744,0
65.4959,2.71007,0,0,4.75959,0.241201,0.36288,3.6288,61.308,0.449887,0,0,1.35279,0.152855,0.75005,0.66528,12.849,1,0.543661,0.36288,0,88.6499,2.38696,86.0821,0.84672,12.849,0.84672,3695.15,0,0.0036966,1.35631e-05,1.47106,1.78466,9.40576,0.715173,11.9463,0.42336,0.0018483,0.21168,0.0018483,0.21168,460.486,0,1.02816,0,0,2.49922,1.47106,1.028160,1,0,98.7785,0,0,0,98.7785,0
66.6869,2.72013,0,0,4.58018,0.306113,0.36288,3.6288,61.308,0.449899,0,0,1.1144,0.195588,0.468908,0.66528,12.849,1,0.533635,0.36288,0,87.2096,3.22789,83.8109,0.84672,12.849,0.84672,3695.15,0,0.0036966,1.35635e-05,1.85778,1.75171,8.46979,0.918767,11.1605,0.42336,0.0018483,0.21168,0.0018483,0.21168,460.486,0,1.02816,0,0,2.88594,1.85778,1.028160,1,0,95.4403,0,0,0,95.4403,0
68.902,2.82782,0,0,5.7127,0.306935,0.36288,3.6288,61.308,0.509358,0,0,2.00095,0.179415,1.31218,0.66528,12.849,1,0.544855,0.36288,0,84.6616,3.2045,81.2752,0.84672,12.849,0.84672,3695.15,0,0.0036966,1.5356e-05,2.07064,1.75173,7.85203,0.855561,10.8188,0.42336,0.0018483,0.21168,0.0018483,0.21168,460.486,0,1.02816,0,0,3.0988,2.07064,1.028160,1,0,93.4062,0,0,0,93.4062,0
70.348,2.84261,0,0,4.96378,0.312323,0.36288,3.6288,61.308,0.509371,0,0,2.50346,0.179415,1.81467,0.66528,12.849,1,0.530097,0.36288,0,93.3682,3.2045,89.9964,0.84672,12.849,0.84672,3695.15,0,0.0036966,1.53564e-05,3.1391,1.81995,11.3695,0.855561,15.473,0.42336,0.0018483,0.21168,0.0018483,0.21168,460.486,0,1.02816,0,0,4.16726,3.1391,1.028160,1,0,107.284,0,0,0,107.284,0
70.6886,2.85185,0,0,3.8712,0.31584,0.36288,3.6288,61.308,0.509384,0,0,1.98227,0.179415,1.29347,0.66528,12.849,1,0.520889,0.36288,0,107.018,3.2045,103.656,0.84672,12.849,0.84672,3695.15,0,0.0036966,1.53568e-05,3.18412,1.81997,7.80088,0.855561,11.9494,0.42336,0.0018483,0.21168,0.0018483,0.21168,460.486,0,1.02816,0,0,4.21228,3.18412,1.028160,1,0,116.899,0,0,0,116.899,0
70.6745,2.854,0,0,3.46494,0.262141,0.36288,3.6288,61.308,0.509398,0,0,1.53132,0.188245,0.833677,0.66528,12.849,1,0.518769,0.36288,0,67.8361,2.69527,64.9849,0.84672,12.849,0.84672,3695.15,0,0.0036966,1.53572e-05,2.09447,1.81998,6.42497,0.869853,9.46955,0.42336,0.0018483,0.21168,0.0018483,0.21168,460.486,0,1.02816,0,0,3.12263,2.09447,1.028160,1,0,75.2882,0,0,0,75.2882,0
70.1095,2.8146,0,0,2.86083,0.248299,0.36288,3.6288,61.308,0.486322,0,0,1.24731,0.213897,0.547095,0.66528,12.849,1,0.51171,0.36288,0,55.0416,3.09592,51.7968,0.84672,12.849,0.84672,3695.15,0,0.0036966,1.46615e-05,1.50528,1.82,5.40664,0.960112,7.77179,0.42336,0.0018483,0.21168,0.0018483,0.21168,460.486,0,1.02816,0,0,2.53344,1.50528,1.028160,1,0,60.1157,0,0,0,60.1157,0
69.1965,2.81114,0,0,2.50819,0.247222,0.36288,3.6288,61.308,0.486335,0,0,1.17615,0.213897,0.475923,0.66528,12.849,1,0.515199,0.36288,0,50.2578,3.09592,47.0095,0.84672,12.849,0.84672,3695.15,0,0.0036966,1.46619e-05,1.1987,1.79347,5.03551,0.960112,7.06755,0.42336,0.0018483,0.21168,0.0018483,0.21168,460.486,0,1.02816,0,0,2.22686,1.1987,1.028160,1,0,54.553,0,0,0,54.553,0
68.5031,2.80543,0,0,2.72044,0.24548,0.36288,3.6288,61.308,0.486348,0,0,1.12857,0.213897,0.428329,0.66528,12.849,1,0.520937,0.36288,0,54.1784,3.09592,50.9244,0.84672,12.849,0.84672,3695.15,0,0.0036966,1.46623e-05,0.780754,1.79348,5.51113,0.960112,7.12523,0.42336,0.0018483,0.21168,0.0018483,0.21168,460.486,0,1.02816,0,0,1.80891,0.780754,1.028160,1,0,58.478,0,0,0,58.478,0
67.6631,2.80102,0,0,2.5137,0.189872,0.36288,3.6288,61.308,0.486361,0,0,1.14168,0.242635,0.412684,0.66528,12.849,1,0.525381,0.36288,0,47.4833,3.86831,43.4525,0.84672,12.849,0.84672,3695.15,0,0.0036966,1.46627e-05,0.928351,1.7935,5.0007,1.02751,6.69502,0.42336,0.0018483,0.21168,0.0018483,0.21168,460.486,0,1.02816,0,0,1.95651,0.928351,1.028160,1,0,50.5602,0,0,0,50.5602,0
66.2447,2.92817,0,0,2.0208,0.148177,0.36288,3.6288,61.308,0.568256,0,0,0.88865,0.26315,0.0572432,0.66528,12.849,1,0.55605,0.36288,0,36.1695,5.1806,30.7958,0.84672,12.849,0.84672,3695.15,0,0.0036966,1.71317e-05,0.429736,1.79351,4.10062,1.10509,5.21876,0.42336,0.0018483,0.21168,0.0018483,0.21168,460.486,0,1.02816,0,0,1.4579,0.429736,1.028160,1,0,36.0718,0,0,0,36.0718,0
64.7544,2.91822,0,0,1.93742,0.146524,0.36288,3.6288,61.308,0.56827,0,0,0.866972,0.26315,0.0355516,0.66528,12.849,1,0.566027,0.36288,0,33.4673,5.1806,28.0836,0.84672,12.849,0.84672,3695.15,0,0.0036966,1.71321e-05,0.427602,1.88636,3.96211,1.10509,5.17097,0.42336,0.0018483,0.21168,0.0018483,0.21168,460.486,0,1.02816,0,0,1.45576,0.427602,1.028160,1,0,33.2901,0,0,0,33.2901,0
63.1904,2.90738,0,0,1.85099,0.144788,0.36288,3.6288,61.308,0.568284,0,0,0.87035,0.26315,0.0389161,0.66528,12.849,1,0.576901,0.36288,0,31.9777,5.1806,26.5831,0.84672,12.849,0.84672,3695.15,0,0.0036966,1.71325e-05,0.557099,1.88638,3.77338,1.10509,5.11175,0.42336,0.0018483,0.21168,0.0018483,0.21168,460.486,0,1.02816,0,0,1.58526,0.557099,1.028160,1,0,31.7337,0,0,0,31.7337,0
61.4691,2.89554,0,0,1.71218,0.175009,0.36288,3.6288,61.307,0.568298,0,0,0.821189,0.253933,0,0.66528,12.849,1,0.588772,0.36288,0,29.7512,4.58829,24.9371,0.84672,12.849,0.84672,3695.15,0,0.0036966,1.71329e-05,0.502088,1.8864,3.43199,1.12794,4.69251,0.42336,0.0018483,0.21168,0.0018483,0.21168,460.486,0,1.02816,0,0,1.53025,0.502088,1.028160,1,0,29.6296,0,0,0,29.6296,0
61.2512,2.88192,0,0,3.14265,0.115754,0.36288,3.6288,61.0882,0.568312,0,0,0.636293,0.286736,0,0.66528,12.849,1,0.602413,0.36288,0,41.4697,4.78821,36.4419,0.84672,12.849,0.84672,3695.15,0,0.0036966,1.71336e-05,0.446973,1.88641,4.77273,1.18179,5.9243,0.42336,0.0018483,0.21168,0.0018483,0.21168,460.486,0,1.02816,0,0,1.47513,0.446973,1.028160,1,0,42.3662,0,0,0,42.3662,0
60.8064,2.85438,0,0,2.88802,0.115545,0.36288,3.6288,60.8066,0.613331,0,0,0.618017,0.28634,0,0.66528,12.849,1,0.598779,0.36288,0,40.8147,4.78821,35.7906,0.84672,12.849,0.84672,3695.15,0,0.0036966,1.85571e-05,0.447595,1.88643,4.81269,1.18179,5.9649,0.42336,0.0018483,0.21168,0.0018483,0.21168,460.486,0,1.02816,0,0,1.47576,0.447595,1.028160,1,0,41.7555,0,0,0,41.7555,0
60.1065,2.85079,0,0,2.62881,0.11512,0.36288,3.6288,60.4746,0.624136,0,0,0.57803,0.285829,0,0.66528,12.849,1,0.6024,0.36288,0,39.1821,4.78821,34.1543,0.84672,12.849,0.84672,3695.15,0,0.0036966,1.89715e-05,0.261274,1.91537,4.52108,1.18179,5.51591,0.42336,0.0018483,0.21168,0.0018483,0.21168,460.486,0,1.01737,0,0,1.27864,0.261274,1.028160,1,0,39.6702,0,0,0,39.6702,0
59.2143,2.84503,0,0,2.41724,0.101465,0.36288,3.6288,60.078,0.630518,0,0,0.551871,0.317961,0,0.66528,12.849,1,0.608184,0.36288,0,34.736,5.21166,29.279,0.84672,12.849,0.84672,3695.15,0,0.0036966,1.92707e-05,0.261274,1.91538,4.35026,1.33636,5.19054,0.42336,0.0018483,0.21168,0.0018483,0.21168,460.486,0,1.011,0,0,1.27227,0.261274,1.028160,1,0,34.4696,0,0,0,34.4696,0
58.5112,2.83753,0,0,2.58244,0.0851735,0.36288,3.6288,59.7247,0.613373,0,0,0.60581,0.345705,0,0.66528,12.849,1,0.615719,0.36288,0,41.1381,5.78136,35.104,0.84672,12.849,0.84672,3695.15,0,0.0036966,1.88704e-05,0.317269,1.9154,4.3132,1.50086,5.045,0.42336,0.0018483,0.21168,0.0018483,0.21168,460.486,0,1.02816,0,0,1.34543,0.317269,1.028160,1,0,40.1489,0,0,0,40.1489,0
57.6468,2.89756,0,0,2.48192,0.085865,0.36288,3.6288,59.3188,0.653498,0,0,0.58128,0.333711,0,0.66528,12.849,1,0.636302,0.36288,0,34.5783,5.78519,28.5197,0.84672,12.849,0.84672,3695.15,0,0.0036966,2.02238e-05,0.405734,1.91542,4.2901,1.46966,5.14157,0.42336,0.0018483,0.21168,0.0018483,0.21168,460.486,0,1.02816,0,0,1.43389,0.405734,1.028160,1,0,33.6613,0,0,0,33.6613,0
56.6037,2.88979,0,0,2.29469,0.0851449,0.36288,3.6288,58.8415,0.683553,0,0,0.539053,0.332846,0,0.66528,12.849,1,0.64411,0.36288,0,33.1576,5.78519,27.0911,0.84672,12.849,0.84672,3695.15,0,0.0036966,2.12987e-05,0.261274,1.96153,3.73022,1.46966,4.48334,0.42336,0.0018483,0.21168,0.0018483,0.21168,460.486,0,0.998119,0,0,1.25939,0.261274,1.028160,1,0,31.5745,0,0,0,31.5745,0
55.6263,2.88014,0,0,2.34566,0.0799781,0.36288,3.6288,58.4522,0.653527,0,0,0.598641,0.334378,0,0.66528,12.849,1,0.653789,0.36288,0,31.5363,5.85996,25.3854,0.84672,12.849,0.84672,3695.15,0,0.0036966,2.05283e-05,0.401181,1.96155,4.61395,1.4846,5.49206,0.42336,0.0018483,0.21168,0.0018483,0.21168,460.486,0,1.02816,0,0,1.42934,0.401181,1.028160,1,0,30.8774,0,0,0,30.8774,0
54.8693,2.87083,0,0,2.54674,0.0700619,0.36288,3.6288,58.1,0.653542,0,0,0.606944,0.30562,0,0.66528,12.849,1,0.663126,0.36288,0,32.2843,5.96643,26.0176,0.84672,12.849,0.84672,3695.15,0,0.0036966,2.06654e-05,0.454187,1.96156,5.04032,1.52642,5.92962,0.42336,0.0018483,0.21168,0.0018483,0.21168,460.486,0,1.02816,0,0,1.48235,0.454187,1.028160,1,0,31.9473,0,0,0,31.9473,0
54.3431,2.93627,0,0,2.84009,0.0671451,0.36288,3.6288,57.7521,0.66528,0,0,0.620943,0.303544,0,0.66528,12.849,1,0.6876,0.36288,0,39.5753,5.8863,33.3643,0.84672,12.849,0.84672,3695.15,0,0.0036966,0.0018483,0.379667,1.96158,4.84313,1.48308,5.69944,0.42336,0.0018483,0.21168,0.0018483,0.21168,460.486,0,1.02816,0,0,1.40783,0.379667,1.028160,1,0,39.0638,0,0,0,39.0638,0
53.319,2.93091,0,0,2.33652,0.0667898,0.36288,3.6288,56.9428,0.958677,0,0,0.452224,0.302863,0,0.66528,12.849,1,0.692991,0.36288,0,36.2572,5.8863,30.0407,0.84672,12.849,0.84672,3695.15,0,0.0036966,0.0018483,0.227405,2.03561,3.96674,1.48308,4.74482,0.42336,0.0018483,0.21168,0.0018483,0.21168,460.486,0,0.734763,0,0,0.962168,0.227405,1.028160,1,0,34.7856,0,0,0,34.7856,0
52.8816,2.92021,0,0,2.91171,0.0660983,0.36288,3.6288,56.7596,0.66528,0,0,0.783387,0.301278,0,0.66528,12.849,1,0.703722,0.36288,0,35.342,5.8863,29.1149,0.84672,12.849,0.84672,3695.15,0,0.0036966,0.0018483,0.873245,2.03562,6.18678,1.48308,7.61072,0.42336,0.0018483,0.21168,0.0018483,0.21168,460.486,0,1.02816,0,0,1.9014,0.873245,1.028160,1,0,36.7256,0,0,0,36.7256,0
51.98,2.91555,0,0,2.45017,0.0733036,0.36288,3.6288,56.4057,0.66528,0,0,0.56543,0.254044,0,0.66528,12.849,1,0.708411,0.36288,0,24.5584,4.59238,19.6205,0.84672,12.849,0.84672,3695.15,0,0.0036966,0.0018483,0.297657,2.03564,6.30286,0.979403,7.65491,0.42336,0.0018483,0.21168,0.0018483,0.21168,460.486,0,1.02816,0,0,1.32582,0.297657,1.028160,1,0,27.2754,0,0,0,27.2754,0
50.6156,2.90572,0,0,1.91849,0.0142525,0.36288,3.6288,55.9527,0.66528,0,0,0.472219,0.259985,0,0.66528,12.849,1,0.718269,0.36288,0,22.6467,5.34083,16.9504,0.84672,12.849,0.84672,3695.15,0,0.0036966,0.0018483,0.228951,2.03566,4.27824,1.32752,5.21348,0.42336,0.0018483,0.21168,0.0018483,0.21168,460.486,0,1.02816,0,0,1.25711,0.228951,1.028160,1,0,22.1639,0,0,0,22.1639,0
48.9353,2.80212,0,0,1.4891,0.00445973,0.36288,3.6288,55.2637,0.824292,0,0,0.395616,0.260301,0,0.66528,12.849,1,0.71133,0.36288,0,21.0273,5.46556,15.2133,0.84672,12.849,0.84672,3695.15,0,0.0036966,2.7229e-05,0.204422,2.03568,3.65376,1.38554,4.50829,0.42336,0.0018483,0.21168,0.0018483,0.21168,460.486,0,0.847005,0,0,1.05143,0.204422,1.028160,1,0,19.7216,0,0,0,19.7216,0
48.1819,2.78279,0,0,2.46027,0.0680081,0.36288,3.6288,55.0188,0.643157,0,0,0.599088,0.2008,0,0.66528,12.849,1,0.730682,0.36288,0,29.9361,4.63504,24.9333,0.84672,12.849,0.84672,3695.15,0,0.0036966,2.15104e-05,0.308284,1.9497,4.84044,1.12595,5.97245,0.42336,0.0018483,0.21168,0.0018483,0.21168,460.486,0,1.02816,0,0,1.33644,0.308284,1.028160,1,0,30.9057,0,0,0,30.9057,0
50.4183,2.7738,0,0,5.4879,0.114787,0.36288,3.6288,55.1718,0.643171,0,0,0.952903,0.156801,0,0.66528,12.849,1,0.739708,0.36288,0,76.4955,4.01216,72.1065,0.84672,12.849,0.84672,3695.15,0,0.0036966,2.16067e-05,0.828343,1.94972,10.3469,0.931257,12.1937,0.42336,0.0018483,0.21168,0.0018483,0.21168,460.486,0,1.02816,0,0,1.8565,0.828343,1.028160,1,0,84.3001,0,0,0,84.3001,0
49.1815,2.79997,0,0,2.03488,0.108882,0.36288,3.6288,54.9171,0.643186,0,0,0.568916,0.180438,0,0.66528,12.849,1,0.713567,0.36288,0,39.5101,4.49346,34.666,0.84672,12.849,0.84672,3695.15,0,0.0036966,2.15473e-05,0.311921,1.94974,4.43019,1.03311,5.65872,0.42336,0.0018483,0.21168,0.0018483,0.21168,460.486,0,1.02816,0,0,1.34008,0.311921,1.028160,1,0,40.3247,0,0,0,40.3247,0
47.3746,2.82324,0,0,1.49694,0.11764,0.36288,3.6288,54.577,0.673684,0,0,0.516903,0.183232,0,0.66528,12.849,1,0.737591,0.36288,0,30.359,4.56611,25.4182,0.84672,12.849,0.84672,3695.15,0,0.0036966,2.26737e-05,0.216518,1.94975,4.84586,1.05969,5.95242,0.42336,0.0018483,0.21168,0.0018483,0.21168,460.486,0,0.985072,0,0,1.20159,0.216518,1.028160,1,0,31.3706,0,0,0,31.3706,0
46.17,2.80113,0,0,2.15377,0.194437,0.36288,3.6288,54.594,0.630612,0,0,0.841641,0.194052,0,0.66528,12.849,1,0.759725,0.36288,0,47.5298,4.71334,42.4196,0.84672,12.849,0.84672,3695.15,0,0.0036966,2.13562e-05,0.440623,1.94889,4.85726,1.06768,6.17908,0.42336,0.0018483,0.21168,0.0018483,0.21168,460.486,0,1.02816,0,0,1.46878,0.440623,1.028160,1,0,48.5986,0,0,0,48.5986,0
47.0841,2.78564,0,0,4.25454,0.191864,0.36288,3.6288,54.9056,0.630626,0,0,1.13631,0.194074,0,0.66528,12.849,1,0.775239,0.36288,0,83.1235,4.71334,77.9977,0.84672,12.849,0.84672,3695.15,0,0.0036966,2.13501e-05,1.17544,1.94891,9.93851,1.06768,11.9952,0.42336,0.0018483,0.21168,0.0018483,0.21168,460.486,0,1.02816,0,0,2.2036,1.17544,1.028160,1,0,89.9929,0,0,0,89.9929,0
47.2741,2.79749,0,0,3.54192,0.191556,0.36288,3.6288,55.0096,0.630641,0,0,0.924756,0.190166,0,0.66528,12.849,1,0.763421,0.36288,0,100.157,4.42914,95.3277,0.84672,12.849,0.84672,3695.15,0,0.0036966,2.12294e-05,1.2814,1.94893,8.76209,1.00273,10.9897,0.42336,0.0018483,0.21168,0.0018483,0.21168,460.486,0,1.02816,0,0,2.30956,1.2814,1.028160,1,0,106.317,0,0,0,106.317,0
45.4373,2.58906,0,0,1.34498,0.229884,0.36288,3.6288,55.5689,0.464036,0,0,1.18839,0.165074,0,0.66528,12.849,1,0.703702,0.36288,0,40.6607,3.67521,36.6447,0.84672,12.849,0.84672,3695.15,0,0.0036966,1.55914e-05,1.86259,1.94894,6.02984,0.873998,8.96735,0.42336,0.0018483,0.21168,0.0018483,0.21168,460.486,0,1.02816,0,0,2.89075,1.86259,1.028160,1,0,45.612,0,0,0,45.612,0
44.5964,2.53406,0,0,2.28421,0.228111,0.36288,3.6288,56.2693,0.506188,0,0,1.36449,0.157901,0,0.66528,12.849,1,0.716595,0.36288,0,61.207,3.85413,56.9991,0.84672,12.849,0.84672,3695.15,0,0.0036966,1.68365e-05,1.92747,1.76997,10.2911,1.02345,12.9651,0.42336,0.0018483,0.21168,0.0018483,0.21168,460.486,0,1.02816,0,0,2.95563,1.92747,1.028160,1,0,69.9642,0,0,0,69.9642,0
44.3226,2.5236,0,0,2.83863,0.225958,0.36288,3.6288,57.0682,0.506188,0,0,1.46373,0.158626,0,0.66528,12.849,1,0.727093,0.36288,0,100.124,3.85413,95.9054,0.84672,12.849,0.84672,3695.15,0,0.0036966,1.6627e-05,1.8485,1.79464,12.7456,1.02345,15.3652,0.42336,0.0018483,0.21168,0.0018483,0.21168,460.486,0,1.02816,0,0,2.87666,1.8485,1.028160,1,0,111.271,0,0,0,111.271,0
43.4956,2.52015,0,0,2.28127,0.225257,0.36288,3.6288,57.8097,0.506189,0,0,1.40718,0.159453,0,0.66528,12.849,1,0.730584,0.36288,0,80.8229,3.85413,76.601,0.84672,12.849,0.84672,3695.15,0,0.0036966,1.63942e-05,1.27239,1.79465,9.87612,1.02345,11.9197,0.42336,0.0018483,0.21168,0.0018483,0.21168,460.486,0,1.02816,0,0,2.30055,1.27239,1.028160,1,0,88.5207,0,0,0,88.5207,0
43.246,2.50946,0,0,2.82245,0.199702,0.36288,3.6288,58.1706,0.506189,0,0,1.05898,0.191924,0,0.66528,12.849,1,0.741317,0.36288,0,81.0639,3.88323,76.8023,0.84672,12.849,0.84672,3695.15,0,0.0036966,1.61839e-05,0.861365,1.79466,6.77459,1.05863,8.37196,0.42336,0.0018483,0.21168,0.0018483,0.21168,460.486,0,1.02816,0,0,1.88952,0.861365,1.028160,1,0,85.1742,0,0,0,85.1742,0
42.6858,2.58571,0,0,2.5782,0.189781,0.36288,3.6288,58.2931,0.554433,0,0,0.881997,0.205082,0,0.66528,12.849,1,0.768251,0.36288,0,44.8132,3.89487,40.5129,0.84672,12.849,0.84672,3695.15,0,0.0036966,1.76165e-05,0.587226,1.79467,4.35311,1.07271,5.66228,0.42336,0.0018483,0.21168,0.0018483,0.21168,460.486,0,1.02816,0,0,1.61539,0.587226,1.028160,1,0,46.1752,0,0,0,46.1752,0
41.3757,2.61031,0,0,1.86754,0.204466,0.36288,3.6288,57.4068,1.19323,0,0,0.499273,0.192265,0,0.66528,12.849,1,0.785739,0.36288,0,42.2249,3.8508,37.9512,0.84672,12.849,0.84672,3695.15,0,0.0036966,3.78339e-05,0.503194,1.85128,4.55064,1.03784,5.86723,0.42336,0.0018483,0.21168,0.0018483,0.21168,460.486,0,0.347252,0,0,0.850446,0.503194,1.028160,1,0,43.8185,0,0,0,43.8185,0
40.4172,2.59133,0,0,2.23619,0.24053,0.36288,3.6288,57.2127,0.73579,0,0,0.700606,0.158906,0,0.66528,12.849,1,0.804723,0.36288,0,70.4718,3.74063,66.2893,0.84672,12.849,0.84672,3695.15,0,0.0036966,2.36899e-05,0.503194,1.82665,7.79644,0.950684,9.17558,0.42336,0.0018483,0.21168,0.0018483,0.21168,460.486,0,0.804712,0,0,1.30791,0.503194,1.028160,1,0,75.4649,0,0,0,75.4649,0
41.2798,2.57685,0,0,4.02422,0.221908,0.36288,3.6288,57.6628,0.512351,0,0,1.14965,0.187262,0,0.66528,12.849,1,0.819205,0.36288,0,96.7334,3.90646,92.3706,0.84672,12.849,0.84672,3695.15,0,0.0036966,1.65519e-05,1.36816,1.82665,9.77098,1.01918,11.9466,0.42336,0.0018483,0.21168,0.0018483,0.21168,460.486,0,1.02816,0,0,2.39632,1.36816,1.028160,1,0,104.317,0,0,0,104.317,0
41.9075,2.73611,0,0,3.91076,0.184004,0.36288,3.6288,57.8312,0.626748,0,0,1.05462,0.25941,0,0.66528,12.849,1,0.84672,0.36288,0,92.1836,4.32106,87.3787,0.84672,12.849,0.84672,3695.15,0,0.0036966,2.00895e-05,1.69549,1.82665,8.29863,1.19043,10.6303,0.42336,0.0018483,0.21168,0.0018483,0.21168,460.486,0,1.02816,0,0,2.72365,1.69549,1.028160,1,0,98.009,0,0,0,98.009,0
42.5333,2.7421,0,0,3.91607,0.185364,0.36288,3.6288,57.9626,0.62675,0,0,1.01784,0.259692,0,0.66528,12.849,1,0.840737,0.36288,0,101.073,4.32106,96.2744,0.84672,12.849,0.84672,3695.15,0,0.0036966,2.00311e-05,1.5154,1.95004,8.25224,1.19043,10.5272,0.42336,0.0018483,0.21168,0.0018483,0.21168,460.486,0,1.02816,0,0,2.54356,1.5154,1.028160,1,0,106.802,0,0,0,106.802,0
42.8672,2.7516,0,0,3.64199,0.193596,0.36288,3.6288,57.9058,0.626752,0,0,0.833406,0.263473,0,0.66528,12.849,1,0.831239,0.36288,0,95.9066,4.56307,90.8752,0.84672,12.849,0.84672,3695.15,0,0.0036966,1.99857e-05,0.877841,1.95004,8.17076,1.25513,9.7435,0.42336,0.0018483,0.21168,0.0018483,0.21168,460.486,0,1.02816,0,0,1.906,0.877841,1.028160,1,0,100.619,0,0,0,100.619,0
44.0092,2.75658,0,0,4.51593,0.254389,0.36288,3.6288,58.0437,0.626754,0,0,0.997384,0.23272,0,0.66528,12.849,1,0.826258,0.36288,0,94.5579,4.14919,89.9453,0.84672,12.849,0.84672,3695.15,0,0.0036966,2.00054e-05,1.34997,1.95005,8.51973,1.07049,10.7492,0.42336,0.0018483,0.21168,0.0018483,0.21168,460.486,0,1.02816,0,0,2.37813,1.34997,1.028160,1,0,100.695,0,0,0,100.695,0
44.2652,2.51932,0,0,3.3733,0.235169,0.36288,3.6288,58.4587,0.450412,0,0,1.15786,0.292445,0,0.66528,12.849,1,0.735544,0.36288,0,67.6184,4.07075,63.175,0.84672,12.849,0.84672,3695.15,0,0.0036966,1.43426e-05,1.96941,1.95005,6.95644,1.07338,9.8025,0.42336,0.0018483,0.21168,0.0018483,0.21168,460.486,0,1.02816,0,0,2.99757,1.96941,1.028160,1,0,72.9775,0,0,0,72.9775,0
45.0025,2.4794,0,0,3.81545,0.235856,0.36288,3.6288,59.3793,0.506178,0,0,1.71996,0.293228,0,0.66528,12.849,1,0.719704,0.36288,0,112.16,4.07075,107.733,0.84672,12.849,0.84672,3695.15,0,0.0036966,1.60039e-05,3.40419,1.75234,9.95527,1.07338,14.0384,0.42336,0.0018483,0.21168,0.0018483,0.21168,460.486,0,1.02816,0,0,4.43235,3.40419,1.028160,1,0,121.771,0,0,0,121.771,0
47.562,2.48858,0,0,5.64882,0.237834,0.36288,3.6288,60.426,0.506178,0,0,1.84791,0.294966,0,0.66528,12.849,1,0.710533,0.36288,0,130.521,4.07075,126.103,0.84672,12.849,0.84672,3695.15,0,0.0036966,1.57558e-05,3.27211,1.78497,12.424,1.07338,16.4077,0.42336,0.0018483,0.21168,0.0018483,0.21168,460.486,0,1.02816,0,0,4.30027,3.27211,1.028160,1,0,142.51,0,0,0,142.51,0
49.0902,2.51869,0,0,4.60536,0.195644,0.36288,3.6288,61.308,0.506178,0,0,2.05385,0.268006,0.397704,0.66528,12.849,1,0.680431,0.36288,0,169.97,3.64075,166.012,0.84672,12.849,0.84672,3695.15,0,0.0036966,1.54829e-05,3.20834,1.78497,13.4821,0.976767,17.4986,0.42336,0.0018483,0.21168,0.0018483,0.21168,460.486,0,1.02816,0,0,4.2365,3.20834,1.028160,1,0,183.908,0,0,0,183.908,0
51.8198,2.53549,0,0,5.86846,0.240465,0.36288,3.6288,61.308,0.506178,0,0,2.65992,0.274766,1.87897,0.66528,12.849,1,0.663645,0.36288,0,148.689,4.87005,143.518,0.84672,12.849,0.84672,3695.15,0,0.0036966,1.52602e-05,4.77014,1.78498,14.9863,1.16297,20.3784,0.42336,0.0018483,0.21168,0.0018483,0.21168,460.486,0,1.02816,0,0,5.7983,4.77014,1.028160,1,0,165.776,0,0,0,165.776,0
55.3975,2.6588,0,0,6.87108,0.271731,0.36288,3.6288,61.308,0.565645,0,0,1.90241,0.214384,1.12238,0.66528,12.849,1,0.659264,0.36288,0,173.944,4.38722,169.26,0.84672,12.849,0.84672,3695.15,0,0.0036966,1.70529e-05,3.16395,1.78498,12.3811,0.962204,16.3678,0.42336,0.0018483,0.21168,0.0018483,0.21168,460.486,0,1.02816,0,0,4.19211,3.16395,1.028160,1,0,186.751,0,0,0,186.751,0
57.218,2.73863,0,0,5.20385,0.281817,0.36288,3.6288,61.308,0.509889,0,0,1.48671,0.214384,0.762437,0.66528,12.849,1,0.635203,0.36288,0,130.34,4.38722,125.681,0.84672,12.849,0.84672,3695.15,0,0.0036966,1.5372e-05,2.63272,1.85321,8.82101,0.962204,12.3447,0.42336,0.0018483,0.21168,0.0018483,0.21168,460.486,0,1.02816,0,0,3.66088,2.63272,1.028160,1,0,138.788,0,0,0,138.788,0
58.5827,2.75514,0,0,4.76969,0.286949,0.36288,3.6288,61.308,0.509891,0,0,1.37837,0.214384,0.65409,0.66528,12.849,1,0.6187,0.36288,0,118.945,4.38722,114.302,0.84672,12.849,0.84672,3695.15,0,0.0036966,1.53721e-05,2.6102,1.82058,9.03269,0.962204,12.5013,0.42336,0.0018483,0.21168,0.0018483,0.21168,460.486,0,1.02816,0,0,3.63836,2.6102,1.028160,1,0,127.457,0,0,0,127.457,0
59.5012,2.76696,0,0,4.31852,0.270225,0.36288,3.6288,61.308,0.509893,0,0,1.35219,0.191434,0.650859,0.66528,12.849,1,0.606881,0.36288,0,109.874,4.06091,105.569,0.84672,12.849,0.84672,3695.15,0,0.0036966,1.53721e-05,2.52219,1.82058,8.78455,1.00452,12.1228,0.42336,0.0018483,0.21168,0.0018483,0.21168,460.486,0,1.02816,0,0,3.55035,2.52219,1.028160,1,0,118.343,0,0,0,118.343,0
60.3732,2.73643,0,0,4.21468,0.243372,0.36288,3.6288,61.308,0.486799,0,0,1.27302,0.185152,0.601067,0.66528,12.849,1,0.590919,0.36288,0,109.449,3.9798,105.241,0.84672,12.849,0.84672,3695.15,0,0.0036966,1.46759e-05,2.4042,1.82059,9.03813,1.0319,12.231,0.42336,0.0018483,0.21168,0.0018483,0.21168,460.486,0,1.02816,0,0,3.43236,2.4042,1.028160,1,0,118.073,0,0,0,118.073,0
60.7771,2.74347,0,0,3.73523,0.224945,0.36288,3.6288,61.308,0.4868,0,0,1.08481,0.198147,0.399865,0.66528,12.849,1,0.583883,0.36288,0,96.6617,4.23867,92.2021,0.84672,12.849,0.84672,3695.15,0,0.0036966,1.4676e-05,2.44122,1.79403,8.2887,1.03153,11.4924,0.42336,0.0018483,0.21168,0.0018483,0.21168,460.486,0,1.02816,0,0,3.46938,2.44122,1.028160,1,0,104.094,0,0,0,104.094,0
60.9851,2.74668,0,0,3.5347,0.217111,0.36288,3.6288,61.308,0.486802,0,0,1.01372,0.201267,0.325653,0.66528,12.849,1,0.58068,0.36288,0,90.7114,4.26647,86.2271,0.84672,12.849,0.84672,3695.15,0,0.0036966,1.4676e-05,2.34049,1.79403,7.67958,1.03347,10.7806,0.42336,0.0018483,0.21168,0.0018483,0.21168,460.486,0,1.02816,0,0,3.36865,2.34049,1.028160,1,0,97.3334,0,0,0,97.3334,0
60.8236,2.74832,0,0,3.15929,0.209613,0.36288,3.6288,61.308,0.486804,0,0,0.94659,0.201348,0.258438,0.66528,12.849,1,0.579045,0.36288,0,80.5101,4.2306,76.0633,0.84672,12.849,0.84672,3695.15,0,0.0036966,1.46761e-05,2.37005,1.79403,7.39247,1.0336,10.5229,0.42336,0.0018483,0.21168,0.0018483,0.21168,460.486,0,1.02816,0,0,3.39821,2.37005,1.028160,1,0,86.8447,0,0,0,86.8447,0
60.609,2.87736,0,0,3.18782,0.162158,0.36288,3.6288,61.308,0.568711,0,0,0.864354,0.20183,0.0938136,0.66528,12.849,1,0.607844,0.36288,0,71.6645,4.01541,67.4041,0.84672,12.849,0.84672,3695.15,0,0.0036966,1.71454e-05,2.32588,1.79404,6.83182,1.03437,9.91735,0.42336,0.0018483,0.21168,0.0018483,0.21168,460.486,0,1.02816,0,0,3.35404,2.32588,1.028160,1,0,77.4153,0,0,0,77.4153,0
60.0915,2.87559,0,0,2.88281,0.161869,0.36288,3.6288,61.308,0.568713,0,0,0.831393,0.20183,0.0608502,0.66528,12.849,1,0.60962,0.36288,0,68.9291,4.01541,64.6669,0.84672,12.849,0.84672,3695.15,0,0.0036966,1.71454e-05,1.44875,1.8869,6.52285,1.03437,8.82411,0.42336,0.0018483,0.21168,0.0018483,0.21168,460.486,0,1.02816,0,0,2.47691,1.44875,1.028160,1,0,73.5519,0,0,0,73.5519,0
59.26,2.87127,0,0,2.56382,0.161129,0.36288,3.6288,61.2786,0.568715,0,0,0.741113,0.20183,0,0.66528,12.849,1,0.613946,0.36288,0,60.2472,4.01541,55.9808,0.84672,12.849,0.84672,3695.15,0,0.0036966,1.71455e-05,1.12782,1.8869,6.15328,1.03437,8.13362,0.42336,0.0018483,0.21168,0.0018483,0.21168,460.486,0,1.02816,0,0,2.15598,1.12782,1.028160,1,0,64.1144,0,0,0,64.1144,0
58.2131,2.86419,0,0,2.326,0.145846,0.36288,3.6288,61.2386,0.568717,0,0,0.741369,0.212574,0,0.66528,12.849,1,0.621026,0.36288,0,53.4836,4.18863,49.0368,0.84672,12.849,0.84672,3695.15,0,0.0036966,1.71538e-05,1.37533,1.8869,6.01734,1.07723,8.20232,0.42336,0.0018483,0.21168,0.0018483,0.21168,460.486,0,1.02816,0,0,2.40349,1.37533,1.028160,1,0,57.2391,0,0,0,57.2391,0
56.8484,2.85504,0,0,1.97384,0.12068,0.36288,3.6288,61.0189,0.568718,0,0,0.589615,0.240629,0,0.66528,12.849,1,0.630175,0.36288,0,36.1097,4.48956,31.3528,0.84672,12.849,0.84672,3695.15,0,0.0036966,1.7165e-05,0.495694,1.88691,3.76752,1.22839,4.92171,0.42336,0.0018483,0.21168,0.0018483,0.21168,460.486,0,1.02816,0,0,1.52385,0.495694,1.028160,1,0,36.2745,0,0,0,36.2745,0
55.3685,2.81725,0,0,1.82113,0.12088,0.36288,3.6288,60.5904,0.715807,0,0,0.527809,0.240488,0,0.66528,12.849,1,0.636761,0.36288,0,33.843,4.46754,29.1015,0.84672,12.849,0.84672,3695.15,0,0.0036966,2.16822e-05,0.30119,1.88691,3.62539,1.23573,4.57774,0.42336,0.0018483,0.21168,0.0018483,0.21168,460.486,0,0.926087,0,0,1.22728,0.30119,1.028160,1,0,33.6793,0,0,0,33.6793,0
53.7416,2.80343,0,0,1.65859,0.119116,0.36288,3.6288,60.2131,0.657248,0,0,0.519781,0.239835,0,0.66528,12.849,1,0.650575,0.36288,0,33.056,4.46754,28.3008,0.84672,12.849,0.84672,3695.15,0,0.0036966,2.00492e-05,0.261274,1.91584,3.49705,1.23573,4.43842,0.42336,0.0018483,0.21168,0.0018483,0.21168,460.486,0,0.984649,0,0,1.24592,0.261274,1.028160,1,0,32.7392,0,0,0,32.7392,0
51.9689,2.78754,0,0,1.49482,0.117177,0.36288,3.6288,59.642,0.815902,0,0,0.484033,0.239261,0,0.66528,12.849,1,0.666469,0.36288,0,30.6379,4.46754,25.8667,0.84672,12.849,0.84672,3695.15,0,0.0036966,2.50449e-05,0.261274,1.91584,3.32965,1.23573,4.27102,0.42336,0.0018483,0.21168,0.0018483,0.21168,460.486,0,0.825993,0,0,1.08727,0.261274,1.028160,1,0,30.1378,0,0,0,30.1378,0
50.1624,2.76932,0,0,1.42077,0.0950208,0.36288,3.6288,58.9953,0.82342,0,0,0.466366,0.289672,0,0.66528,12.849,1,0.684697,0.36288,0,33.9136,5.30618,28.2857,0.84672,12.849,0.84672,3695.15,0,0.0036966,2.55177e-05,0.261274,1.91585,3.151,1.45204,3.87606,0.42336,0.0018483,0.21168,0.0018483,0.21168,460.486,0,0.818476,0,0,1.07975,0.261274,1.028160,1,0,32.1617,0,0,0,32.1617,0
48.2424,2.81386,0,0,1.34198,0.0852601,0.36288,3.6288,58.4068,0.73665,0,0,0.454317,0.306127,0,0.66528,12.849,1,0.720764,0.36288,0,27.2023,5.76565,21.0788,0.84672,12.849,0.84672,3695.15,0,0.0036966,2.3079e-05,0.261274,1.91585,3.02737,1.50001,3.70446,0.42336,0.0018483,0.21168,0.0018483,0.21168,460.486,0,0.945372,0,0,1.20665,0.261274,1.028160,1,0,24.7833,0,0,0,24.7833,0
46.2456,2.79121,0,0,1.24076,0.0835209,0.36288,3.6288,57.6397,0.883492,0,0,0.421314,0.304971,0,0.66528,12.849,1,0.743417,0.36288,0,26.0846,5.76565,19.9384,0.84672,12.849,0.84672,3695.15,0,0.0036966,2.79584e-05,0.261274,1.96196,2.63226,1.50001,3.35545,0.42336,0.0018483,0.21168,0.0018483,0.21168,460.486,0,0.798526,0,0,1.0598,0.261274,1.028160,1,0,23.2939,0,0,0,23.2939,0
44.3071,2.76609,0,0,1.26833,0.0778495,0.36288,3.6288,57.0949,0.706613,0,0,0.467885,0.305994,0,0.66528,12.849,1,0.768538,0.36288,0,24.8091,5.84043,18.563,0.84672,12.849,0.84672,3695.15,0,0.0036966,2.26586e-05,0.227405,1.96196,3.2559,1.51495,3.93029,0.42336,0.0018483,0.21168,0.0018483,0.21168,460.486,0,0.975413,0,0,1.20282,0.227405,1.028160,1,0,22.4933,0,0,0,22.4933,0
42.4576,2.74002,0,0,1.32151,0.0680918,0.36288,3.6288,56.644,0.653869,0,0,0.479684,0.276754,0,0.66528,12.849,1,0.794603,0.36288,0,24.8468,5.96582,18.4493,0.84672,12.849,0.84672,3695.15,0,0.0036966,2.11673e-05,0.252236,1.96196,3.5541,1.56582,4.20245,0.42336,0.0018483,0.21168,0.0018483,0.21168,460.486,0,1.02816,0,0,1.2804,0.252236,1.028160,1,0,22.6517,0,0,0,22.6517,0
39.9575,2.78247,0,0,0.72563,0.080349,0.36288,3.6288,55.5465,1.0968,0,0,0.314661,0.315377,0,0.66528,12.849,1,0.842062,0.36288,0,18.4733,6.33874,11.6553,0.84672,12.849,0.84672,3695.15,0,0.0036966,0.0018483,0.227405,1.96196,2.22642,1.42152,2.99242,0.42336,0.0018483,0.21168,0.0018483,0.21168,460.486,0,0.596644,0,0,0.824049,0.227405,1.028160,1,0,14.6478,0,0,0,14.6478,0
37.4491,2.77781,0,0,0.71026,0.0780159,0.36288,3.6288,54.3845,1.14308,0,0,0.294201,0.313123,0,0.66528,12.849,1,0.84672,0.36288,0,16.8576,6.33874,10.035,0.84672,12.849,0.84672,3695.15,0,0.0036966,0.0018483,0.227405,2.03599,2.23464,1.42152,3.07467,0.42336,0.0018483,0.21168,0.0018483,0.21168,460.486,0,0.550359,0,0,0.777764,0.227405,1.028160,1,0,13.1097,0,0,0,13.1097,0
35.2645,2.7778,0,0,1.03189,0.0757708,0.36288,3.6288,53.4299,0.981867,0,0,0.338047,0.310736,0,0.66528,12.849,1,0.84672,0.36288,0,19.1996,6.33874,12.377,0.84672,12.849,0.84672,3695.15,0,0.0036966,0.0018483,0.204422,2.03599,2.47758,1.42152,3.29463,0.42336,0.0018483,0.21168,0.0018483,0.21168,460.486,0,0.711573,0,0,0.915996,0.204422,1.028160,1,0,15.6717,0,0,0,15.6717,0
33.516,2.7778,0,0,1.48726,0.0950871,0.36288,3.6288,52.6728,0.904919,0,0,0.447453,0.299706,0,0.66528,12.849,1,0.84672,0.36288,0,31.3252,6.20733,24.634,0.84672,12.849,0.84672,3695.15,0,0.0036966,0.0018483,0.204422,2.03599,2.75829,1.395,3.60186,0.42336,0.0018483,0.21168,0.0018483,0.21168,460.486,0,0.788521,0,0,0.992943,0.204422,1.028160,1,0,28.2359,0,0,0,28.2359,0
31.7165,2.77779,0,0,1.38078,0.0395925,0.36288,3.6288,51.9051,0.776053,0,0,0.329886,0.321443,0,0.66528,12.849,1,0.84672,0.36288,0,31.0651,6.40975,24.1715,0.84672,12.849,0.84672,3695.15,0,0.0036966,0.0018483,0.204422,2.036,2.28399,1.49592,3.02665,0.42336,0.0018483,0.21168,0.0018483,0.21168,460.486,0,0.917387,0,0,1.12181,0.204422,1.028160,1,0,27.1982,0,0,0,27.1982,0
29.9271,2.6672,0,0,1.33696,0.0962789,0.36288,3.6288,51.3229,0.643392,0,0,0.31958,0.258407,0,0.66528,12.849,1,0.84672,0.36288,0,25.7915,4.52244,20.7852,0.84672,12.849,0.84672,3695.15,0,0.0036966,2.29107e-05,0.209719,2.036,2.22359,1.06076,3.40852,0.42336,0.0018483,0.21168,0.0018483,0.21168,460.486,0,1.02816,0,0,1.23788,0.209719,1.028160,1,0,24.1938,0,0,0,24.1938,0
28.3147,2.6672,0,0,1.53561,0.117942,0.36288,3.6288,50.865,0.643394,0,0,0.436157,0.250701,0,0.66528,12.849,1,0.84672,0.36288,0,26.0639,4.30206,21.278,0.84672,12.849,0.84672,3695.15,0,0.0036966,2.31706e-05,0.502736,1.95,3.08359,1.0357,4.5006,0.42336,0.0018483,0.21168,0.0018483,0.21168,460.486,0,1.02816,0,0,1.5309,0.502736,1.028160,1,0,25.7786,0,0,0,25.7786,0
26.6396,2.66719,0,0,1.47032,0.115392,0.36288,3.6288,50.3996,0.643395,0,0,0.427788,0.249771,0,0.66528,12.849,1,0.84672,0.36288,0,34.7515,4.30206,29.9656,0.84672,12.849,0.84672,3695.15,0,0.0036966,2.33793e-05,0.461039,1.95,3.08279,1.0357,4.4581,0.42336,0.0018483,0.21168,0.0018483,0.21168,460.486,0,1.02816,0,0,1.4892,0.461039,1.028160,1,0,34.4238,0,0,0,34.4238,0
24.9955,2.66719,0,0,1.48887,0.102899,0.36288,3.6288,50.0929,0.643397,0,0,0.57606,0.239327,0,0.66528,12.849,1,0.84672,0.36288,0,45.5475,4.34343,40.7202,0.84672,12.849,0.84672,3695.15,0,0.0036966,2.35952e-05,0.764865,1.95,3.74002,1.00747,5.44739,0.42336,0.0018483,0.21168,0.0018483,0.21168,460.486,0,1.02816,0,0,1.79302,0.764865,1.028160,1,0,46.1676,0,0,0,46.1676,0
23.3028,2.71444,0,0,1.50757,0.122978,0.36288,3.6288,49.7793,0.630795,0,0,0.524647,0.207488,0,0.66528,12.849,1,0.84672,0.36288,0,30.429,4.52474,25.4204,0.84672,12.849,0.84672,3695.15,0,0.0036966,2.32747e-05,0.254362,1.95,3.55762,1.03612,4.72584,0.42336,0.0018483,0.21168,0.0018483,0.21168,460.486,0,1.02816,0,0,1.28252,0.254362,1.028160,1,0,30.1462,0,0,0,30.1462,0
21.4147,2.71443,0,0,1.34329,0.154013,0.36288,3.6288,48.9961,0.940279,0,0,0.358397,0.201304,0,0.66528,12.849,1,0.84672,0.36288,0,26.7806,4.58315,21.7136,0.84672,12.849,0.84672,3695.15,0,0.0036966,3.49124e-05,0.216518,1.94913,2.97288,1.11053,4.02796,0.42336,0.0018483,0.21168,0.0018483,0.21168,460.486,0,0.718667,0,0,0.935185,0.216518,1.028160,1,0,25.7416,0,0,0,25.7416,0
19.9594,2.71442,0,0,1.77208,0.150146,0.36288,3.6288,48.9809,0.630799,0,0,0.815549,0.20001,0,0.66528,12.849,1,0.84672,0.36288,0,35.8308,4.58315,30.7638,0.84672,12.849,0.84672,3695.15,0,0.0036966,2.37959e-05,1.35636,1.94913,5.28422,1.11053,7.47916,0.42336,0.0018483,0.21168,0.0018483,0.21168,460.486,0,1.02816,0,0,2.38452,1.35636,1.028160,1,0,38.2429,0,0,0,38.2429,0
21.5303,2.7144,0,0,4.79543,0.14717,0.36288,3.6288,50.0457,0.630801,0,0,1.89559,0.199985,0,0.66528,12.849,1,0.84672,0.36288,0,107.019,4.58315,101.952,0.84672,12.849,0.84672,3695.15,0,0.0036966,2.38033e-05,3.27998,1.94913,9.21011,1.11053,13.3287,0.42336,0.0018483,0.21168,0.0018483,0.21168,460.486,0,1.02816,0,0,4.30814,3.27998,1.028160,1,0,115.281,0,0,0,115.281,0
22.2613,2.44624,0,0,3.67684,0.136756,0.36288,3.6288,50.7171,0.46417,0,0,1.38075,0.245196,0,0.66528,12.849,1,0.84672,0.36288,0,77.2554,4.53114,72.2404,0.84672,12.849,0.84672,3695.15,0,0.0036966,1.71428e-05,1.49999,1.94913,5.93057,1.0942,8.28547,0.42336,0.0018483,0.21168,0.0018483,0.21168,460.486,0,1.02816,0,0,2.52815,1.49999,1.028160,1,0,80.5259,0,0,0,80.5259,0
23.9306,2.40424,0,0,4.59347,0.157103,0.36288,3.6288,51.451,0.506175,0,0,1.41168,0.171523,0,0.66528,12.849,1,0.84672,0.36288,0,97.5698,4.12995,92.956,0.84672,12.849,0.84672,3695.15,0,0.0036966,1.84467e-05,1.85418,1.77013,8.16903,1.03432,10.759,0.42336,0.0018483,0.21168,0.0018483,0.21168,460.486,0,1.02816,0,0,2.88234,1.85418,1.028160,1,0,103.715,0,0,0,103.715,0
25.5728,2.40426,0,0,4.57354,0.164121,0.36288,3.6288,52.5368,0.506176,0,0,1.74999,0.15807,0,0.66528,12.849,1,0.84672,0.36288,0,112.911,4.06434,108.363,0.84672,12.849,0.84672,3695.15,0,0.0036966,1.81836e-05,2.29504,1.79471,10.6332,1.02119,13.7017,0.42336,0.0018483,0.21168,0.0018483,0.21168,460.486,0,1.02816,0,0,3.3232,2.29504,1.028160,1,0,122.064,0,0,0,122.064,0
31.0989,2.40428,0,0,8.46129,0.168051,0.36288,3.6288,55.9857,0.506176,0,0,4.11456,0.15946,0,0.66528,12.849,1,0.84672,0.36288,0,163.868,4.06434,159.32,0.84672,12.849,0.84672,3695.15,0,0.0036966,1.78078e-05,5.907,1.79471,20.1258,1.02119,26.8063,0.42336,0.0018483,0.21168,0.0018483,0.21168,460.486,0,1.02816,0,0,6.93516,5.907,1.028160,1,0,186.126,0,0,0,186.126,0
34.1117,2.40432,0,0,5.95252,0.17256,0.36288,3.6288,57.4833,0.506177,0,0,2.18483,0.181024,0,0.66528,12.849,1,0.84672,0.36288,0,115.832,3.57726,111.771,0.84672,12.849,0.84672,3695.15,0,0.0036966,1.67108e-05,2.50246,1.79471,9.75542,0.899592,13.153,0.42336,0.0018483,0.21168,0.0018483,0.21168,460.486,0,1.02816,0,0,3.53062,2.50246,1.028160,1,0,124.924,0,0,0,124.924,0
38.1287,2.50749,0,0,7.05977,0.172393,0.36288,3.6288,59.1155,0.554424,0,0,2.3827,0.196129,0,0.66528,12.849,1,0.84672,0.36288,0,111.991,3.21195,108.295,0.84672,12.849,0.84672,3695.15,0,0.0036966,1.78268e-05,3.41779,1.79471,11.4077,0.808394,15.8117,0.42336,0.0018483,0.21168,0.0018483,0.21168,460.486,0,1.02816,0,0,4.44595,3.41779,1.028160,1,0,124.107,0,0,0,124.107,0
39.0296,2.54948,0,0,3.99421,0.180886,0.36288,3.6288,59.6895,0.512418,0,0,1.28463,0.198203,0,0.66528,12.849,1,0.84672,0.36288,0,85.32,3.21195,81.6242,0.84672,12.849,0.84672,3695.15,0,0.0036966,1.60212e-05,2.29011,1.85132,7.06553,0.808394,10.3986,0.42336,0.0018483,0.21168,0.0018483,0.21168,460.486,0,1.02816,0,0,3.31827,2.29011,1.028160,1,0,92.0228,0,0,0,92.0228,0
39.174,2.55503,0,0,3.25357,0.191339,0.36288,3.6288,60.1199,0.512409,0,0,1.14293,0.200095,0,0.66528,12.849,1,0.841145,0.36288,0,69.1787,3.27933,65.4212,0.84672,12.849,0.84672,3695.15,0,0.0036966,1.58669e-05,1.82332,1.82673,5.73841,0.846094,8.54235,0.42336,0.0018483,0.21168,0.0018483,0.21168,460.486,0,1.02816,0,0,2.85148,1.82332,1.028160,1,0,73.9635,0,0,0,73.9635,0
40.2803,2.55735,0,0,4.26355,0.236956,0.36288,3.6288,60.9699,0.512399,0,0,1.55407,0.191676,0,0.66528,12.849,1,0.838806,0.36288,0,79.1441,3.3651,75.3031,0.84672,12.849,0.84672,3695.15,0,0.0036966,1.5753e-05,2.41998,1.82672,7.13779,0.837555,10.5469,0.42336,0.0018483,0.21168,0.0018483,0.21168,460.486,0,1.02816,0,0,3.44814,2.41998,1.028160,1,0,85.85,0,0,0,85.85,0
43.6927,2.73619,0,0,6.74501,0.233563,0.36288,3.6288,61.308,0.626787,0,0,2.05297,0.148236,0.939852,0.66528,12.849,1,0.84672,0.36288,0,111.574,3.40452,107.686,0.84672,12.849,0.84672,3695.15,0,0.0036966,1.9001e-05,2.90349,1.82671,11.525,0.8789,15.3763,0.42336,0.0018483,0.21168,0.0018483,0.21168,460.486,0,1.02816,0,0,3.93165,2.90349,1.028160,1,0,124.002,0,0,0,124.002,0
45.8538,2.76869,0,0,5.52779,0.235117,0.36288,3.6288,61.308,0.626777,0,0,1.74343,0.170685,0.94597,0.66528,12.849,1,0.814206,0.36288,0,144.256,3.92868,139.876,0.84672,12.849,0.84672,3695.15,0,0.0036966,1.88959e-05,2.75037,1.95009,12.1435,1.04288,15.8011,0.42336,0.0018483,0.21168,0.0018483,0.21168,460.486,0,1.02816,0,0,3.77853,2.75037,1.028160,1,0,156.623,0,0,0,156.623,0
47.0573,2.79865,0,0,4.59951,0.234447,0.36288,3.6288,61.308,0.626766,0,0,1.40933,0.17286,0.609705,0.66528,12.849,1,0.784227,0.36288,0,117.455,3.94057,113.093,0.84672,12.849,0.84672,3695.15,0,0.0036966,1.88956e-05,1.95308,1.95007,8.97895,1.01265,11.8694,0.42336,0.0018483,0.21168,0.0018483,0.21168,460.486,0,1.02816,0,0,2.98124,1.95308,1.028160,1,0,125.572,0,0,0,125.572,0
48.7479,2.81439,0,0,5.10869,0.240824,0.36288,3.6288,61.308,0.626756,0,0,1.64729,0.164343,0.856195,0.66528,12.849,1,0.768468,0.36288,0,93.6516,3.79316,89.4528,0.84672,12.849,0.84672,3695.15,0,0.0036966,1.88953e-05,2.12794,1.95006,7.69556,0.955711,10.8178,0.42336,0.0018483,0.21168,0.0018483,0.21168,460.486,0,1.02816,0,0,3.1561,2.12794,1.028160,1,0,101.127,0,0,0,101.127,0
51.8554,2.5759,0,0,6.31224,0.265971,0.36288,3.6288,61.308,0.450403,0,0,3.8822,0.147857,3.28394,0.66528,12.849,1,0.678956,0.36288,0,101.449,3.82357,97.3095,0.84672,12.849,0.84672,3695.15,0,0.0036966,1.35786e-05,3.90253,1.95005,12.9457,0.981794,17.8165,0.42336,0.0018483,0.21168,0.0018483,0.21168,460.486,0,1.02816,0,0,4.93069,3.90253,1.028160,1,0,118.41,0,0,0,118.41,0
54.7079,2.56379,0,0,6.05394,0.27485,0.36288,3.6288,61.308,0.506167,0,0,4.54144,0.147857,3.88742,0.66528,12.849,1,0.635269,0.36288,0,100.572,3.82357,96.4762,0.84672,12.849,0.84672,3695.15,0,0.0036966,1.52598e-05,3.84532,1.75233,10.0282,0.981794,14.644,0.42336,0.0018483,0.21168,0.0018483,0.21168,460.486,0,1.02816,0,0,4.87348,3.84532,1.028160,1,0,115.008,0,0,0,115.008,0
61.8946,2.59059,0,0,10.4214,0.281218,0.36288,3.6288,61.308,0.506167,0,0,7.01816,0.130676,6.38132,0.66528,12.849,1,0.608442,0.36288,0,210.228,3.55461,206.427,0.84672,12.849,0.84672,3695.15,0,0.0036966,1.52598e-05,8.40456,1.78495,23.6526,0.935729,32.9064,0.42336,0.0018483,0.21168,0.0018483,0.21168,460.486,0,1.02816,0,0,9.43272,8.40456,1.028160,1,0,245.715,0,0,0,245.715,0
67.9338,2.64908,0,0,9.34969,0.2985,0.36288,3.6288,61.308,0.506167,0,0,5.60511,0.107768,4.99118,0.66528,12.849,1,0.549935,0.36288,0,200.832,3.19599,197.449,0.84672,12.849,0.84672,3695.15,0,0.0036966,1.52598e-05,7.08938,1.78495,15.3294,0.874309,23.3294,0.42336,0.0018483,0.21168,0.0018483,0.21168,460.486,0,1.02816,0,0,8.11754,7.08938,1.028160,1,0,225.77,0,0,0,225.77,0
71.6469,2.7371,0,0,7.13742,0.324311,0.36288,3.6288,61.308,0.450366,0,0,4.64993,0.103644,4.09592,0.66528,12.849,1,0.517695,0.36288,0,179.917,3.42579,176.336,0.84672,12.849,0.84672,3695.15,0,0.0036966,1.35775e-05,5.16471,1.78494,11.0998,0.982427,17.067,0.42336,0.0018483,0.21168,0.0018483,0.21168,460.486,0,1.02816,0,0,6.19287,5.16471,1.028160,1,0,197.499,0,0,0,197.499,0
72.29,2.86067,0,0,5.0697,0.338272,1.22768,3.6288,61.308,0.50982,0,0,3.87908,0.101994,3.26727,0.66528,12.849,1,0.513026,1.22768,0,94.4991,3.51771,91.6961,0.84672,12.849,0.84672,3695.15,0,0.0036966,1.53699e-05,3.40967,1.75228,8.46487,1.02567,12.6011,0.42336,0.0018483,0.21168,0.0018483,0.21168,460.486,0,1.02816,0,0,4.43783,3.40967,1.028160,1,0,107.564,0,0,0,107.564,0
72.29,2.86453,0,0,4.64035,0.339931,1.43589,3.6288,61.308,0.50981,0,0,3.2021,0.101994,2.59029,0.66528,12.849,1,0.509148,1.43589,0,108.276,3.51771,105.686,0.84672,12.849,0.84672,3695.15,0,0.0036966,1.53696e-05,3.19991,1.8205,8.18631,1.02567,12.181,0.42336,0.0018483,0.21168,0.0018483,0.21168,460.486,0,1.02816,0,0,4.22807,3.19991,1.028160,1,0,120.457,0,0,0,120.457,0
72.29,2.86451,0,0,4.00602,0.295291,0.846221,3.6288,61.308,0.5098,0,0,2.70098,0.125782,2.0654,0.66528,12.849,1,0.509145,0.846221,0,101.076,3.80856,97.6044,0.84672,12.849,0.84672,3695.15,0,0.0036966,1.53693e-05,2.86298,1.82049,8.14778,1.08293,11.7483,0.42336,0.0018483,0.21168,0.0018483,0.21168,460.486,0,1.02816,0,0,3.89114,2.86298,1.028160,1,0,111.418,0,0,0,111.418,0
72.29,2.86449,0,0,3.93375,0.296772,0.772484,3.6288,61.308,0.509791,0,0,2.30007,0.140348,1.64993,0.66528,12.849,1,0.509142,0.772484,0,72.2684,3.48701,69.0448,0.84672,12.849,0.84672,3695.15,0,0.0036966,1.53691e-05,2.55387,1.82048,7.6153,1.01838,10.9712,0.42336,0.0018483,0.21168,0.0018483,0.21168,460.486,0,1.02816,0,0,3.58203,2.55387,1.028160,1,0,81.6659,0,0,0,81.6659,0
72.29,2.82499,0,0,4.02139,0.304031,0.892367,3.6288,61.308,0.486687,0,0,1.34052,0.136306,0.717529,0.66528,12.849,1,0.502121,0.892367,0,77.0083,2.62137,74.7772,0.84672,12.849,0.84672,3695.15,0,0.0036966,1.46725e-05,2.01931,1.82047,5.71672,0.880092,8.67639,0.42336,0.0018483,0.21168,0.0018483,0.21168,460.486,0,1.02816,0,0,3.04747,2.01931,1.028160,1,0,84.1711,0,0,0,84.1711,0
72.29,2.82498,0,0,3.50668,0.249175,0.43253,3.6288,61.308,0.486677,0,0,1.285,0.19551,0.602815,0.66528,12.849,1,0.502118,0.43253,0,65.833,3.38583,62.3776,0.84672,12.849,0.84672,3695.15,0,0.0036966,1.46722e-05,1.60294,1.7939,4.9835,1.09395,7.28637,0.42336,0.0018483,0.21168,0.0018483,0.21168,460.486,0,1.02816,0,0,2.6311,1.60294,1.028160,1,0,70.2668,0,0,0,70.2668,0
72.1313,2.82496,0,0,3.27834,0.249175,0.36288,3.6288,61.308,0.486667,0,0,1.35402,0.19551,0.671841,0.66528,12.849,1,0.502115,0.36288,0,63.6128,3.38583,60.0877,0.84672,12.849,0.84672,3695.15,0,0.0036966,1.46719e-05,2.03781,1.79389,5.07879,1.09395,7.81652,0.42336,0.0018483,0.21168,0.0018483,0.21168,460.486,0,1.02816,0,0,3.06597,2.03781,1.028160,1,0,68.5761,0,0,0,68.5761,0
71.8876,2.824,0,0,3.19198,0.248875,0.36288,3.6288,61.308,0.486658,0,0,1.23023,0.19551,0.548065,0.66528,12.849,1,0.503049,0.36288,0,65.9786,3.38583,62.4526,0.84672,12.849,0.84672,3695.15,0,0.0036966,1.46717e-05,1.66257,1.79387,4.76654,1.09395,7.12902,0.42336,0.0018483,0.21168,0.0018483,0.21168,460.486,0,1.02816,0,0,2.69073,1.66257,1.028160,1,0,70.1297,0,0,0,70.1297,0
71.1928,2.95643,0,0,2.81379,0.18924,0.36288,3.6288,61.308,0.568545,0,0,0.931452,0.165897,0.19701,0.66528,12.849,1,0.528425,0.36288,0,53.8492,3.25689,50.4268,0.84672,12.849,0.84672,3695.15,0,0.0036966,1.71404e-05,1.33235,1.79386,4.06121,1.04422,6.14319,0.42336,0.0018483,0.21168,0.0018483,0.21168,460.486,0,1.02816,0,0,2.36051,1.33235,1.028160,1,0,56.767,0,0,0,56.767,0
70.3155,2.95204,0,0,2.60322,0.165596,0.36288,3.6288,61.308,0.568535,0,0,0.946892,0.171252,0.207105,0.66528,12.849,1,0.53279,0.36288,0,48.7839,3.41943,45.1946,0.84672,12.849,0.84672,3695.15,0,0.0036966,1.71401e-05,1.33694,1.8867,4.00724,1.01413,6.21675,0.42336,0.0018483,0.21168,0.0018483,0.21168,460.486,0,1.02816,0,0,2.3651,1.33694,1.028160,1,0,51.6185,0,0,0,51.6185,0
69.3639,2.9464,0,0,2.52213,0.164485,0.36288,3.6288,61.308,0.568525,0,0,0.992226,0.171252,0.252449,0.66528,12.849,1,0.538407,0.36288,0,46.2891,3.41943,42.6941,0.84672,12.849,0.84672,3695.15,0,0.0036966,1.71398e-05,1.25088,1.88669,4.15974,1.01413,6.28317,0.42336,0.0018483,0.21168,0.0018483,0.21168,460.486,0,1.02816,0,0,2.27904,1.25088,1.028160,1,0,49.2297,0,0,0,49.2297,0
68.2595,2.94015,0,0,2.36196,0.163279,0.36288,3.6288,61.308,0.568515,0,0,0.91533,0.171252,0.175563,0.66528,12.849,1,0.544636,0.36288,0,43.3863,3.41943,39.7851,0.84672,12.849,0.84672,3695.15,0,0.0036966,1.71395e-05,1.04413,1.88668,3.76899,1.01413,5.68566,0.42336,0.0018483,0.21168,0.0018483,0.21168,460.486,0,1.02816,0,0,2.07229,1.04413,1.028160,1,0,45.6463,0,0,0,45.6463,0
67.4787,2.93272,0,0,2.68773,0.172893,0.36288,3.6288,61.308,0.568505,0,0,1.00107,0.225516,0.207053,0.66528,12.849,1,0.552048,0.36288,0,48.134,4.43568,43.5092,0.84672,12.849,0.84672,3695.15,0,0.0036966,1.71392e-05,1.18019,1.88667,5.60068,1.17507,7.49245,0.42336,0.0018483,0.21168,0.0018483,0.21168,460.486,0,1.02816,0,0,2.20835,1.18019,1.028160,1,0,51.2087,0,0,0,51.2087,0
66.8066,2.90111,0,0,2.71452,0.122694,0.36288,3.6288,61.308,0.613505,0,0,1.05626,0.267976,0.174776,0.66528,12.849,1,0.552417,0.36288,0,48.0309,5.00246,42.8389,0.84672,12.849,0.84672,3695.15,0,0.0036966,1.84958e-05,1.26077,1.88666,6.33623,1.28705,8.19658,0.42336,0.0018483,0.21168,0.0018483,0.21168,460.486,0,1.02816,0,0,2.28893,1.26077,1.028160,1,0,51.2102,0,0,0,51.2102,0
65.9502,2.89643,0,0,2.5038,0.100813,0.36288,3.6288,61.308,0.613495,0,0,1.04839,0.276278,0.158614,0.66528,12.849,1,0.557075,0.36288,0,43.9574,5.06656,38.6966,0.84672,12.849,0.84672,3695.15,0,0.0036966,1.84955e-05,1.14622,1.91557,6.06344,1.3061,7.81911,0.42336,0.0018483,0.21168,0.0018483,0.21168,460.486,0,1.02816,0,0,2.17438,1.14622,1.028160,1,0,46.6743,0,0,0,46.6743,0
64.938,2.89036,0,0,2.34109,0.100067,0.36288,3.6288,61.308,0.613485,0,0,1.05157,0.276278,0.161803,0.66528,12.849,1,0.563125,0.36288,0,40.9985,5.06656,35.7317,0.84672,12.849,0.84672,3695.15,0,0.0036966,1.84952e-05,1.25876,1.91556,5.67259,1.3061,7.5408,0.42336,0.0018483,0.21168,0.0018483,0.21168,460.486,0,1.02816,0,0,2.28692,1.25876,1.028160,1,0,43.4343,0,0,0,43.4343,0
63.7537,2.88301,0,0,2.16495,0.103414,0.36288,3.6288,61.308,0.613474,0,0,0.946486,0.285551,0.0474605,0.66528,12.849,1,0.570449,0.36288,0,36.9247,5.31387,31.4032,0.84672,12.849,0.84672,3695.15,0,0.0036966,1.84949e-05,1.0398,1.91555,5.27554,1.32747,6.9034,0.42336,0.0018483,0.21168,0.0018483,0.21168,460.486,0,1.02816,0,0,2.06796,1.0398,1.028160,1,0,38.3541,0,0,0,38.3541,0
62.5992,2.94125,0,0,2.24541,0.0957258,0.36288,3.6288,61.2722,0.653577,0,0,0.942097,0.324284,0,0.66528,12.849,1,0.592784,0.36288,0,40.6227,6.06501,34.3278,0.84672,12.849,0.84672,3695.15,0,0.0036966,1.97039e-05,0.893791,1.91554,4.99662,1.45961,6.34631,0.42336,0.0018483,0.21168,0.0018483,0.21168,460.486,0,1.02816,0,0,1.92195,0.893791,1.028160,1,0,40.6741,0,0,0,40.6741,0
61.3374,2.93216,0,0,2.12808,0.0948292,0.36288,3.6288,61.1373,0.653566,0,0,0.842841,0.32421,0,0.66528,12.849,1,0.60185,0.36288,0,35.8934,6.06501,29.5894,0.84672,12.849,0.84672,3695.15,0,0.0036966,1.97151e-05,1.08112,1.96162,5.21882,1.45961,6.80193,0.42336,0.0018483,0.21168,0.0018483,0.21168,460.486,0,1.02816,0,0,2.10928,1.08112,1.028160,1,0,36.3914,0,0,0,36.3914,0
59.9481,2.92191,0,0,1.98937,0.0938493,0.36288,3.6288,60.9396,0.653556,0,0,0.779812,0.323934,0,0.66528,12.849,1,0.612083,0.36288,0,34.1294,6.06501,27.8152,0.84672,12.849,0.84672,3695.15,0,0.0036966,1.97583e-05,0.899605,1.96161,4.57933,1.45961,5.98091,0.42336,0.0018483,0.21168,0.0018483,0.21168,460.486,0,1.02816,0,0,1.92777,0.899605,1.028160,1,0,33.7961,0,0,0,33.7961,0
58.545,2.91021,0,0,1.96265,0.0927303,0.36288,3.6288,60.8062,0.653545,0,0,0.84367,0.323528,0,0.66528,12.849,1,0.62376,0.36288,0,31.6687,6.06501,25.3428,0.84672,12.849,0.84672,3695.15,0,0.0036966,1.9822e-05,1.02955,1.96159,5.1787,1.45961,6.71021,0.42336,0.0018483,0.21168,0.0018483,0.21168,460.486,0,1.02816,0,0,2.05771,1.02955,1.028160,1,0,32.053,0,0,0,32.053,0
56.6347,2.97164,0,0,1.50188,0.0776726,0.36288,3.6288,60.6013,0.66528,0,0,0.769349,0.309037,0,0.66528,12.849,1,0.652192,0.36288,0,27.6329,6.48538,20.8582,0.84672,12.849,0.84672,3695.15,0,0.0036966,0.0018483,0.884719,1.96158,4.23043,1.51342,5.56147,0.42336,0.0018483,0.21168,0.0018483,0.21168,460.486,0,1.02816,0,0,1.91288,0.884719,1.028160,1,0,26.4196,0,0,0,26.4196,0
54.5033,2.95368,0,0,1.2642,0.0789906,0.36288,3.6288,60.3182,0.66528,0,0,0.685532,0.303261,0,0.66528,12.849,1,0.670118,0.36288,0,23.603,6.46821,16.8276,0.84672,12.849,0.84672,3695.15,0,0.0036966,0.0018483,0.717034,2.03558,3.64937,1.50496,4.89518,0.42336,0.0018483,0.21168,0.0018483,0.21168,460.486,0,1.02816,0,0,1.74519,0.717034,1.028160,1,0,21.7227,0,0,0,21.7227,0
52.6437,2.93246,0,0,1.5131,0.077327,0.36288,3.6288,60.0867,0.66528,0,0,0.736482,0.302716,0,0.66528,12.849,1,0.691319,0.36288,0,24.4275,6.46821,17.6309,0.84672,12.849,0.84672,3695.15,0,0.0036966,0.0018483,0.867171,2.03557,4.00291,1.50496,5.39885,0.42336,0.0018483,0.21168,0.0018483,0.21168,460.486,0,1.02816,0,0,1.89533,0.867171,1.028160,1,0,23.0297,0,0,0,23.0297,0
51.858,2.91281,0,0,2.58724,0.0973226,0.36288,3.6288,60.0704,0.66528,0,0,0.945916,0.296948,0,0.66528,12.849,1,0.710942,0.36288,0,40.5955,6.31979,33.9276,0.84672,12.849,0.84672,3695.15,0,0.0036966,0.0018483,1.17954,2.03555,4.4309,1.48675,6.1574,0.42336,0.0018483,0.21168,0.0018483,0.21168,460.486,0,1.02816,0,0,2.2077,1.17954,1.028160,1,0,40.085,0,0,0,40.085,0
50.9593,2.90416,0,0,2.47061,0.102264,0.36288,3.6288,60.2542,0.66528,0,0,1.14688,0.297865,0,0.66528,12.849,1,0.719571,0.36288,0,55.5905,6.15605,49.0777,0.84672,12.849,0.84672,3695.15,0,0.0036966,0.0018483,1.46935,2.03554,4.43852,1.41687,6.5247,0.42336,0.0018483,0.21168,0.0018483,0.21168,460.486,0,1.02816,0,0,2.49751,1.46935,1.028160,1,0,55.6024,0,0,0,55.6024,0
49.6759,2.8057,0,0,1.99513,0.109946,0.36288,3.6288,60.8735,0.642997,0,0,1.56777,0.305396,0,0.66528,12.849,1,0.707437,0.36288,0,64.8833,5.87727,58.6615,0.84672,12.849,0.84672,3695.15,0,0.0036966,1.9724e-05,2.22381,2.03553,5.19037,1.37264,8.07705,0.42336,0.0018483,0.21168,0.0018483,0.21168,460.486,0,1.02816,0,0,3.25197,2.22381,1.028160,1,0,66.7385,0,0,0,66.7385,0
47.9883,2.79116,0,0,1.57498,0.108468,0.36288,3.6288,61.0094,0.642987,0,0,1.08549,0.3066,0,0.66528,12.849,1,0.721953,0.36288,0,51.0634,5.87727,44.827,0.84672,12.849,0.84672,3695.15,0,0.0036966,1.9523e-05,1.64729,1.94953,4.85244,1.37264,7.0766,0.42336,0.0018483,0.21168,0.0018483,0.21168,460.486,0,1.02816,0,0,2.67545,1.64729,1.028160,1,0,51.9036,0,0,0,51.9036,0
46.5161,2.77112,0,0,1.79815,0.136359,0.36288,3.6288,61.1242,0.642976,0,0,1.0385,0.280798,0,0.66528,12.849,1,0.741973,0.36288,0,42.6936,5.54566,36.7689,0.84672,12.849,0.84672,3695.15,0,0.0036966,1.94792e-05,1.53402,1.94952,5.97285,1.18811,8.26826,0.42336,0.0018483,0.21168,0.0018483,0.21168,460.486,0,1.02816,0,0,2.56218,1.53402,1.028160,1,0,45.0371,0,0,0,45.0371,0
48.892,2.7527,0,0,5.59668,0.105286,0.36288,3.6288,61.308,0.642966,0,0,1.97752,0.293496,0.857231,0.66528,12.849,1,0.760368,0.36288,0,58.4091,5.77515,52.2364,0.84672,12.849,0.84672,3695.15,0,0.0036966,1.94423e-05,3.50686,1.94951,14.4486,1.15148,18.7534,0.42336,0.0018483,0.21168,0.0018483,0.21168,460.486,0,1.02816,0,0,4.53502,3.50686,1.028160,1,0,71.8471,0,0,0,71.8471,0
47.0372,2.81936,0,0,1.48259,0.155061,0.36288,3.6288,61.308,0.630355,0,0,1.17291,0.251276,0.291275,0.66528,12.849,1,0.740939,0.36288,0,37.268,4.02423,32.8657,0.84672,12.849,0.84672,3695.15,0,0.0036966,1.90038e-05,1.06661,1.9495,7.59163,0.974132,9.63358,0.42336,0.0018483,0.21168,0.0018483,0.21168,460.486,0,1.02816,0,0,2.09477,1.06661,1.028160,1,0,42.7906,0,0,0,42.7906,0
45.3229,2.79639,0,0,1.59684,0.151953,0.36288,3.6288,61.2821,0.6439,0,0,0.86927,0.251276,0,0.66528,12.849,1,0.763881,0.36288,0,38.9801,4.02423,34.5549,0.84672,12.849,0.84672,3695.15,0,0.0036966,1.94122e-05,0.216518,1.9486,6.93414,0.974132,8.12511,0.42336,0.0018483,0.21168,0.0018483,0.21168,460.486,0,1.0146,0,0,1.23112,0.216518,1.028160,1,0,42.68,0,0,0,42.68,0
46.002,2.77386,0,0,3.96495,0.14908,0.36288,3.6288,61.308,0.630334,0,0,2.30555,0.251235,1.39808,0.66528,12.849,1,0.786388,0.36288,0,64.3634,4.02423,59.9157,0.84672,12.849,0.84672,3695.15,0,0.0036966,1.90112e-05,2.37518,1.94859,10.6073,0.974132,13.9569,0.42336,0.0018483,0.21168,0.0018483,0.21168,460.486,0,1.02816,0,0,3.40334,2.37518,1.028160,1,0,75.2707,0,0,0,75.2707,0
48.2246,2.78292,0,0,5.51858,0.150218,0.36288,3.6288,61.308,0.630323,0,0,3.19736,0.251276,2.31576,0.66528,12.849,1,0.777308,0.36288,0,97.1459,4.02423,92.7073,0.84672,12.849,0.84672,3695.15,0,0.0036966,1.90028e-05,5.06298,1.94858,14.3664,0.974132,20.4038,0.42336,0.0018483,0.21168,0.0018483,0.21168,460.486,0,1.02816,0,0,6.09114,5.06298,1.028160,1,0,115.427,0,0,0,115.427,0
47.4389,2.59948,0,0,2.38758,0.210853,0.36288,3.6288,61.308,0.463728,0,0,1.58654,0.209173,0.913637,0.66528,12.849,1,0.692607,0.36288,0,54.0636,3.94662,49.7872,0.84672,12.849,0.84672,3695.15,0,0.0036966,1.39804e-05,1.44883,1.94857,10.7198,0.919174,13.198,0.42336,0.0018483,0.21168,0.0018483,0.21168,460.486,0,1.02816,0,0,2.47699,1.44883,1.028160,1,0,63.8989,0,0,0,63.8989,0
48.5673,2.59043,0,0,4.29364,0.211965,0.36288,3.6288,61.2736,0.463718,0,0,0.62876,0.199457,0,0.66528,12.849,1,0.701628,0.36288,0,58.2077,4.00533,53.8636,0.84672,12.849,0.84672,3695.15,0,0.0036966,1.39801e-05,0.924126,1.7696,9.29816,0.934762,11.0571,0.42336,0.0018483,0.21168,0.0018483,0.21168,460.486,0,1.02816,0,0,1.95229,0.924126,1.028160,1,0,64.9207,0,0,0,64.9207,0
48.9651,2.60331,0,0,3.57859,0.214591,0.36288,3.6288,61.308,0.463709,0,0,1.11168,0.199414,0.414144,0.66528,12.849,1,0.688734,0.36288,0,73.9057,4.00533,69.5745,0.84672,12.849,0.84672,3695.15,0,0.0036966,1.39876e-05,1.16256,1.76959,7.52154,0.934762,9.51892,0.42336,0.0018483,0.21168,0.0018483,0.21168,460.486,0,1.02816,0,0,2.19072,1.16256,1.028160,1,0,79.5076,0,0,0,79.5076,0
50.3785,2.60773,0,0,4.59956,0.215517,0.36288,3.6288,61.308,0.4637,0,0,3.66943,0.199457,3.00628,0.66528,12.849,1,0.684297,0.36288,0,101.339,4.00533,97.0127,0.84672,12.849,0.84672,3695.15,0,0.0036966,1.39795e-05,4.35972,1.76958,11.9263,0.934762,17.1208,0.42336,0.0018483,0.21168,0.0018483,0.21168,460.486,0,1.02816,0,0,5.38788,4.35972,1.028160,1,0,117.14,0,0,0,117.14,0
50.3567,2.58916,0,0,3.18292,0.252675,0.36288,3.6288,61.308,0.506167,0,0,1.57223,0.176941,0.889121,0.66528,12.849,1,0.660364,0.36288,0,53.396,4.08615,49.0123,0.84672,12.849,0.84672,3695.15,0,0.0036966,1.52598e-05,2.10856,1.76957,9.23944,1.01849,12.0991,0.42336,0.0018483,0.21168,0.0018483,0.21168,460.486,0,1.02816,0,0,3.13672,2.10856,1.028160,1,0,62.0005,0,0,0,62.0005,0
49.3995,2.67107,0,0,2.32544,0.248749,0.36288,3.6288,61.308,0.554398,0,0,1.3379,0.15234,0.631157,0.66528,12.849,1,0.681548,0.36288,0,49.9402,3.31611,46.3055,0.84672,12.849,0.84672,3695.15,0,0.0036966,1.67139e-05,1.88946,1.79441,11.4119,0.761091,14.3347,0.42336,0.0018483,0.21168,0.0018483,0.21168,460.486,0,1.02816,0,0,2.91762,1.88946,1.028160,1,0,61.2713,0,0,0,61.2713,0
49.5192,2.69427,0,0,3.42312,0.246238,0.36288,3.6288,61.308,0.511891,0,0,1.92478,0.15234,1.26055,0.66528,12.849,1,0.700789,0.36288,0,102.766,3.31611,99.1115,0.84672,12.849,0.84672,3695.15,0,0.0036966,1.54324e-05,1.80112,1.851,12.5285,0.761091,15.4195,0.42336,0.0018483,0.21168,0.0018483,0.21168,460.486,0,1.02816,0,0,2.82928,1.80112,1.028160,1,0,115.792,0,0,0,115.792,0
49.2209,2.69557,0,0,3.00671,0.246554,0.36288,3.6288,61.308,0.51187,0,0,2.41346,0.15234,1.74925,0.66528,12.849,1,0.699434,0.36288,0,81.6575,3.31611,78.0048,0.84672,12.849,0.84672,3695.15,0,0.0036966,1.54317e-05,2.87943,1.82611,13.8679,0.761091,17.8123,0.42336,0.0018483,0.21168,0.0018483,0.21168,460.486,0,1.02816,0,0,3.90759,2.87943,1.028160,1,0,97.5664,0,0,0,97.5664,0
50.6408,2.69218,0,0,4.72923,0.254253,0.36288,3.6288,61.308,0.511848,0,0,3.98447,0.147387,3.32524,0.66528,12.849,1,0.702786,0.36288,0,135.548,3.38973,131.818,0.84672,12.849,0.84672,3695.15,0,0.0036966,1.54311e-05,4.72554,1.82608,17.4558,0.744827,23.2626,0.42336,0.0018483,0.21168,0.0018483,0.21168,460.486,0,1.02816,0,0,5.7537,4.72554,1.028160,1,0,158.406,0,0,0,158.406,0
50.2673,2.85678,0,0,3.08721,0.241067,0.36288,3.6288,61.308,0.626183,0,0,2.18913,0.156047,1.4069,0.66528,12.849,1,0.724844,0.36288,0,98.4381,3.96627,94.1099,0.84672,12.849,0.84672,3695.15,0,0.0036966,1.8878e-05,3.10157,1.82606,12.7046,0.871891,16.7603,0.42336,0.0018483,0.21168,0.0018483,0.21168,460.486,0,1.02816,0,0,4.12973,3.10157,1.028160,1,0,112.277,0,0,0,112.277,0
49.9259,2.85245,0,0,3.11405,0.240121,0.36288,3.6288,61.308,0.626161,0,0,1.9405,0.156047,1.15829,0.66528,12.849,1,0.729123,0.36288,0,68.3294,3.96627,63.9969,0.84672,12.849,0.84672,3695.15,0,0.0036966,1.88774e-05,1.57469,1.94938,11.1859,0.871891,13.838,0.42336,0.0018483,0.21168,0.0018483,0.21168,460.486,0,1.02816,0,0,2.60285,1.57469,1.028160,1,0,78.9932,0,0,0,78.9932,0
51.7408,2.84844,0,0,5.25316,0.226989,0.36288,3.6288,61.308,0.626138,0,0,2.71809,0.169531,1.92242,0.66528,12.849,1,0.733079,0.36288,0,132.242,3.8822,127.99,0.84672,12.849,0.84672,3695.15,0,0.0036966,1.88767e-05,2.84897,1.94935,17.1177,0.875663,21.0403,0.42336,0.0018483,0.21168,0.0018483,0.21168,460.486,0,1.02816,0,0,3.87713,2.84897,1.028160,1,0,150.952,0,0,0,150.952,0
51.9123,2.869,0,0,3.63576,0.232387,0.36288,3.6288,61.308,0.626115,0,0,2.26811,0.218261,1.42374,0.66528,12.849,1,0.712471,0.36288,0,115.654,3.5516,111.753,0.84672,12.849,0.84672,3695.15,0,0.0036966,1.8876e-05,2.13836,1.94932,13.8294,1.0191,16.8979,0.42336,0.0018483,0.21168,0.0018483,0.21168,460.486,0,1.02816,0,0,3.16652,2.13836,1.028160,1,0,130.075,0,0,0,130.075,0
50.746,2.60804,0,0,2.07365,0.268986,0.36288,3.6288,61.308,0.449819,0,0,1.89956,0.258266,1.19148,0.66528,12.849,1,0.645527,0.36288,0,49.0232,4.27623,44.4643,0.84672,12.849,0.84672,3695.15,0,0.0036966,1.35611e-05,1.68149,1.9493,10.6099,1.19008,13.0506,0.42336,0.0018483,0.21168,0.0018483,0.21168,460.486,0,1.02816,0,0,2.70965,1.68149,1.028160,1,0,58.7064,0,0,0,58.7064,0
50.3527,2.5512,0,0,2.78653,0.265734,0.36288,3.6288,61.308,0.506156,0,0,1.82529,0.258266,1.06086,0.66528,12.849,1,0.645969,0.36288,0,63.126,4.27623,58.5667,0.84672,12.849,0.84672,3695.15,0,0.0036966,1.52595e-05,3.13474,1.75163,10.7647,1.19008,14.461,0.42336,0.0018483,0.21168,0.0018483,0.21168,460.486,0,1.02816,0,0,4.1629,3.13474,1.028160,1,0,74.0886,0,0,0,74.0886,0
49.871,2.54713,0,0,2.69286,0.264638,0.36288,3.6288,61.308,0.506156,0,0,1.57542,0.258266,0.810995,0.66528,12.849,1,0.649975,0.36288,0,65.6129,4.27623,61.0495,0.84672,12.849,0.84672,3695.15,0,0.0036966,1.52595e-05,1.37906,1.78459,8.49632,1.19008,10.4699,0.42336,0.0018483,0.21168,0.0018483,0.21168,460.486,0,1.02816,0,0,2.40722,1.37906,1.028160,1,0,72.3304,0,0,0,72.3304,0
50.5458,2.54208,0,0,3.8431,0.263295,0.36288,3.6288,61.308,0.506156,0,0,2.17646,0.258266,1.41204,0.66528,12.849,1,0.654955,0.36288,0,78.8348,4.27623,74.2665,0.84672,12.849,0.84672,3695.15,0,0.0036966,1.52595e-05,2.64248,1.78458,12.8448,1.19008,16.0818,0.42336,0.0018483,0.21168,0.0018483,0.21168,460.486,0,1.02816,0,0,3.67064,2.64248,1.028160,1,0,91.7603,0,0,0,91.7603,0
50.5671,2.549,0,0,3.19957,0.266433,0.36288,3.6288,61.308,0.506156,0,0,2.18722,0.210035,1.47102,0.66528,12.849,1,0.64797,0.36288,0,87.7712,3.93073,83.5553,0.84672,12.849,0.84672,3695.15,0,0.0036966,1.52595e-05,2.56311,1.78457,13.3246,1.05678,16.6155,0.42336,0.0018483,0.21168,0.0018483,0.21168,460.486,0,1.02816,0,0,3.59127,2.56311,1.028160,1,0,101.642,0,0,0,101.642,0
51.1771,2.64395,0,0,3.9116,0.294772,0.36288,3.6288,61.308,0.565594,0,0,2.7268,0.190577,1.97063,0.66528,12.849,1,0.671824,0.36288,0,153.806,3.62365,149.873,0.84672,12.849,0.84672,3695.15,0,0.0036966,1.70514e-05,3.31451,1.78455,14.9485,1.04681,19.0007,0.42336,0.0018483,0.21168,0.0018483,0.21168,460.486,0,1.02816,0,0,4.34267,3.31451,1.028160,1,0,170.845,0,0,0,170.845,0
52.1087,2.69543,0,0,4.28663,0.296662,0.36288,3.6288,61.308,0.509135,0,0,3.25658,0.190577,2.55687,0.66528,12.849,1,0.676741,0.36288,0,101.859,3.62365,97.9212,0.84672,12.849,0.84672,3695.15,0,0.0036966,1.53493e-05,4.65064,1.85274,15.0556,1.04681,20.5122,0.42336,0.0018483,0.21168,0.0018483,0.21168,460.486,0,1.02816,0,0,5.6788,4.65064,1.028160,1,0,120.99,0,0,0,120.99,0
52.1098,2.7051,0,0,3.30978,0.240701,0.36288,3.6288,61.308,0.509114,0,0,1.8481,0.223275,1.11572,0.66528,12.849,1,0.667026,0.36288,0,66.4209,3.91196,62.2048,0.84672,12.849,0.84672,3695.15,0,0.0036966,1.53486e-05,2.42352,1.81969,12.4273,1.06403,15.6065,0.42336,0.0018483,0.21168,0.0018483,0.21168,460.486,0,1.02816,0,0,3.45168,2.42352,1.028160,1,0,78.927,0,0,0,78.927,0
51.6506,2.70508,0,0,2.82645,0.217721,0.36288,3.6288,61.308,0.509093,0,0,1.81542,0.229991,1.07634,0.66528,12.849,1,0.667005,0.36288,0,62.0668,4.17278,57.5899,0.84672,12.849,0.84672,3695.15,0,0.0036966,1.5348e-05,2.34846,1.81966,10.7309,1.09537,13.8036,0.42336,0.0018483,0.21168,0.0018483,0.21168,460.486,0,1.02816,0,0,3.37662,2.34846,1.028160,1,0,72.4699,0,0,0,72.4699,0
51.5344,2.66307,0,0,3.12781,0.218075,0.36288,3.6288,61.308,0.485988,0,0,2.17008,0.214084,1.47001,0.66528,12.849,1,0.662486,0.36288,0,73.7165,4.53652,68.8803,0.84672,12.849,0.84672,3695.15,0,0.0036966,1.46515e-05,2.64064,1.81964,11.9576,1.1565,15.2614,0.42336,0.0018483,0.21168,0.0018483,0.21168,460.486,0,1.02816,0,0,3.6688,2.64064,1.028160,1,0,85.6117,0,0,0,85.6117,0
51.0812,2.64568,0,0,2.77325,0.217811,0.36288,3.6288,61.308,0.506156,0,0,1.97112,0.214084,1.25088,0.66528,12.849,1,0.659644,0.36288,0,63.8736,4.53652,59.0403,0.84672,12.849,0.84672,3695.15,0,0.0036966,1.52595e-05,2.17535,1.79307,10.3405,1.1565,13.1524,0.42336,0.0018483,0.21168,0.0018483,0.21168,460.486,0,1.02816,0,0,3.20351,2.17535,1.028160,1,0,73.4436,0,0,0,73.4436,0
50.377,2.64095,0,0,2.51284,0.213202,0.36288,3.6288,61.308,0.506156,0,0,1.76729,0.208395,1.05274,0.66528,12.849,1,0.664306,0.36288,0,56.2757,4.41856,51.5557,0.84672,12.849,0.84672,3695.15,0,0.0036966,1.52595e-05,1.88442,1.80486,9.45804,1.12658,12.0207,0.42336,0.0018483,0.21168,0.0018483,0.21168,460.486,0,1.02816,0,0,2.91258,1.88442,1.028160,1,0,64.6292,0,0,0,64.6292,0
49.4937,2.6335,0,0,2.30329,0.190296,0.36288,3.6288,61.308,0.506156,0,0,1.67025,0.174262,0.989832,0.66528,12.849,1,0.671691,0.36288,0,54.1828,3.71081,50.1632,0.84672,12.849,0.84672,3695.15,0,0.0036966,1.52595e-05,1.74267,1.80485,8.61183,0.94707,11.2123,0.42336,0.0018483,0.21168,0.0018483,0.21168,460.486,0,1.02816,0,0,2.77083,1.74267,1.028160,1,0,62.3653,0,0,0,62.3653,0
48.432,2.76524,0,0,2.22485,0.158439,0.36288,3.6288,61.308,0.567761,0,0,1.4645,0.212008,0.684728,0.66528,12.849,1,0.71788,0.36288,0,49.845,4.30885,45.1812,0.84672,12.849,0.84672,3695.15,0,0.0036966,1.71167e-05,1.86089,1.80483,8.34892,1.14985,10.8648,0.42336,0.0018483,0.21168,0.0018483,0.21168,460.486,0,1.02816,0,0,2.88905,1.86089,1.028160,1,0,56.7307,0,0,0,56.7307,0
47.2538,2.75276,0,0,2.0892,0.151676,0.36288,3.6288,61.308,0.567739,0,0,1.32148,0.218299,0.535441,0.66528,12.849,1,0.730308,0.36288,0,45.1671,4.40853,40.3911,0.84672,12.849,0.84672,3695.15,0,0.0036966,1.71161e-05,1.45816,1.88578,7.72295,1.18364,9.88323,0.42336,0.0018483,0.21168,0.0018483,0.21168,460.486,0,1.02816,0,0,2.48632,1.45816,1.028160,1,0,50.8098,0,0,0,50.8098,0
45.9253,2.73841,0,0,1.89389,0.121097,0.36288,3.6288,61.308,0.567717,0,0,1.26153,0.241908,0.451901,0.66528,12.849,1,0.744612,0.36288,0,39.8256,4.67628,34.7675,0.84672,12.849,0.84672,3695.15,0,0.0036966,1.71154e-05,1.37695,1.88575,7.52224,1.25205,9.53287,0.42336,0.0018483,0.21168,0.0018483,0.21168,460.486,0,1.02816,0,0,2.40511,1.37695,1.028160,1,0,44.7523,0,0,0,44.7523,0
44.5226,2.72154,0,0,1.78968,0.108038,0.36288,3.6288,61.308,0.567696,0,0,1.20509,0.251351,0.386043,0.66528,12.849,1,0.761432,0.36288,0,38.5454,4.78338,33.3634,0.84672,12.849,0.84672,3695.15,0,0.0036966,1.71148e-05,1.21406,1.88573,7.50142,1.27942,9.32177,0.42336,0.0018483,0.21168,0.0018483,0.21168,460.486,0,1.02816,0,0,2.24222,1.21406,1.028160,1,0,43.0713,0,0,0,43.0713,0
43.0242,2.70288,0,0,1.67047,0.103079,0.36288,3.6288,61.308,0.567674,0,0,1.01467,0.234546,0.212454,0.66528,12.849,1,0.780038,0.36288,0,34.0069,4.63002,28.9597,0.84672,12.849,0.84672,3695.15,0,0.0036966,1.71141e-05,0.905524,1.8857,6.18075,1.15296,7.81899,0.42336,0.0018483,0.21168,0.0018483,0.21168,460.486,0,1.02816,0,0,1.93368,0.905524,1.028160,1,0,36.9911,0,0,0,36.9911,0
41.4689,2.6579,0,0,1.56438,0.0989187,0.36288,3.6288,61.308,0.612638,0,0,0.877124,0.221941,0.0425443,0.66528,12.849,1,0.793771,0.36288,0,29.1586,4.515,24.2127,0.84672,12.849,0.84672,3695.15,0,0.0036966,1.84697e-05,0.753857,1.88567,5.15813,1.05811,6.73953,0.42336,0.0018483,0.21168,0.0018483,0.21168,460.486,0,1.02816,0,0,1.78202,0.753857,1.028160,1,0,30.9948,0,0,0,30.9948,0
39.7923,2.63513,0,0,1.3937,0.0722682,0.36288,3.6288,61.271,0.612616,0,0,0.85066,0.275008,0,0.66528,12.849,1,0.816488,0.36288,0,27.666,5.34289,21.8695,0.84672,12.849,0.84672,3695.15,0,0.0036966,1.8469e-05,0.57774,1.91456,5.01632,1.34051,6.16809,0.42336,0.0018483,0.21168,0.0018483,0.21168,460.486,0,1.02816,0,0,1.6059,0.57774,1.028160,1,0,28.0376,0,0,0,28.0376,0
38.0562,2.60909,0,0,1.30715,0.0712963,0.36288,3.6288,61.1974,0.612593,0,0,0.805905,0.266907,0,0.66528,12.849,1,0.84248,0.36288,0,25.329,5.74969,19.0997,0.84672,12.849,0.84672,3695.15,0,0.0036966,1.84795e-05,0.656562,1.91453,4.91335,1.4914,5.99303,0.42336,0.0018483,0.21168,0.0018483,0.21168,460.486,0,1.02816,0,0,1.68472,0.656562,1.028160,1,0,25.0928,0,0,0,25.0928,0
36.2538,2.6048,0,0,1.23485,0.0695861,0.36288,3.6288,61.073,0.612571,0,0,0.763704,0.275553,0,0.66528,12.849,1,0.84672,0.36288,0,25.8009,5.8107,19.5063,0.84672,12.849,0.84672,3695.15,0,0.0036966,1.8501e-05,0.629122,1.91451,4.82577,1.49008,5.8793,0.42336,0.0018483,0.21168,0.0018483,0.21168,460.486,0,1.02816,0,0,1.65728,0.629122,1.028160,1,0,25.3856,0,0,0,25.3856,0
34.139,2.68529,0,0,0.999778,0.0664088,0.36288,3.6288,60.5806,0.726414,0,0,0.56187,0.32792,0,0.66528,12.849,1,0.84672,0.36288,0,20.6647,6.17673,14.0042,0.84672,12.849,0.84672,3695.15,0,0.0036966,2.1984e-05,0.261274,1.91448,3.59546,1.48219,4.289,0.42336,0.0018483,0.21168,0.0018483,0.21168,460.486,0,0.954383,0,0,1.21566,0.261274,1.028160,1,0,18.2932,0,0,0,18.2932,0
31.9617,2.68524,0,0,0.935556,0.0647306,0.36288,3.6288,59.9952,0.778557,0,0,0.520088,0.326897,0,0.66528,12.849,1,0.84672,0.36288,0,18.6551,6.17673,11.9945,0.84672,12.849,0.84672,3695.15,0,0.0036966,2.37536e-05,0.261274,1.96053,3.20891,1.48219,3.9485,0.42336,0.0018483,0.21168,0.0018483,0.21168,460.486,0,0.902215,0,0,1.16349,0.261274,1.028160,1,0,15.943,0,0,0,15.943,0
29.7095,2.68518,0,0,0.858876,0.0630029,0.36288,3.6288,59.3098,0.874098,0,0,0.514376,0.325682,0,0.66528,12.849,1,0.84672,0.36288,0,17.0529,6.17673,10.3924,0.84672,12.849,0.84672,3695.15,0,0.0036966,2.69287e-05,0.261274,1.9605,3.13843,1.48219,3.87799,0.42336,0.0018483,0.21168,0.0018483,0.21168,460.486,0,0.806648,0,0,1.06792,0.261274,1.028160,1,0,14.2704,0,0,0,14.2704,0
27.642,2.68512,0,0,1.03188,0.0513867,0.36288,3.6288,58.9741,0.652569,0,0,0.626349,0.309477,0,0.66528,12.849,1,0.84672,0.36288,0,17.8583,6.38494,10.9895,0.84672,12.849,0.84672,3695.15,0,0.0036966,2.03363e-05,0.419049,1.96047,4.68619,1.541,5.52469,0.42336,0.0018483,0.21168,0.0018483,0.21168,460.486,0,1.02816,0,0,1.44721,0.419049,1.028160,1,0,16.5142,0,0,0,16.5142,0
25.2046,2.77489,0,0,0.761322,0.0608948,0.36288,3.6288,58.3052,0.791942,0,0,0.441335,0.318318,0,0.66528,12.849,1,0.84672,0.36288,0,14.9264,6.39165,8.05089,0.84672,12.849,0.84672,3695.15,0,0.0036966,0.0018483,0.227405,1.96045,3.2454,1.56648,3.86492,0.42336,0.0018483,0.21168,0.0018483,0.21168,460.486,0,0.901498,0,0,1.1289,0.227405,1.028160,1,0,11.9158,0,0,0,11.9158,0
22.7218,2.77482,0,0,0.718667,0.0637472,0.36288,3.6288,57.4728,0.892642,0,0,0.387202,0.326923,0,0.66528,12.849,1,0.84672,0.36288,0,13.0792,6.38421,6.21118,0.84672,12.849,0.84672,3695.15,0,0.0036966,0.0018483,0.227405,2.03438,3.14966,1.56948,3.84012,0.42336,0.0018483,0.21168,0.0018483,0.21168,460.486,0,0.800798,0,0,1.0282,0.227405,1.028160,1,0,10.0513,0,0,0,10.0513,0
20.5668,2.77475,0,0,1.04411,0.0615312,0.36288,3.6288,56.8826,0.709897,0,0,0.444909,0.32517,0,0.66528,12.849,1,0.84672,0.36288,0,14.8964,6.38421,8.02835,0.84672,12.849,0.84672,3695.15,0,0.0036966,0.0018483,0.227405,2.03436,3.4921,1.56948,4.18253,0.42336,0.0018483,0.21168,0.0018483,0.21168,460.486,0,0.983543,0,0,1.21095,0.227405,1.028160,1,0,12.2109,0,0,0,12.2109,0
18.8569,2.77467,0,0,1.50491,0.0772145,0.36288,3.6288,56.4914,0.66528,0,0,0.588897,0.314811,0,0.66528,12.849,1,0.84672,0.36288,0,24.3042,6.25279,17.5676,0.84672,12.849,0.84672,3695.15,0,0.0036966,0.0018483,0.284515,2.03433,3.88776,1.54297,4.66179,0.42336,0.0018483,0.21168,0.0018483,0.21168,460.486,0,1.02816,0,0,1.31268,0.284515,1.028160,1,0,22.2294,0,0,0,22.2294,0
16.5426,2.7746,0,0,0.893441,0.0703165,0.36288,3.6288,55.926,0.719029,0,0,0.470194,0.316632,0,0.66528,12.849,1,0.84672,0.36288,0,22.0596,6.32724,15.2486,0.84672,12.849,0.84672,3695.15,0,0.0036966,0.0018483,0.204422,2.0343,3.25574,1.56917,3.92345,0.42336,0.0018483,0.21168,0.0018483,0.21168,460.486,0,0.974411,0,0,1.17883,0.204422,1.028160,1,0,19.172,0,0,0,19.172,0
14.0407,2.66403,0,0,0.611388,0.0863363,0.36288,3.6288,55.387,0.673599,0,0,0.439602,0.304966,0,0.66528,12.849,1,0.84672,0.36288,0,10.4671,6.00625,3.97701,0.84672,12.849,0.84672,3695.15,0,0.0036966,2.22618e-05,0.204422,2.03427,3.69204,1.55066,4.38005,0.42336,0.0018483,0.21168,0.0018483,0.21168,460.486,0,0.996512,0,0,1.20093,0.204422,1.028160,1,0,8.35706,0,0,0,8.35706,0
11.7173,2.66393,0,0,0.805795,0.10244,0.36288,3.6288,54.9299,0.641929,0,0,0.462169,0.27732,0,0.66528,12.849,1,0.84672,0.36288,0,10.5856,5.7854,4.31641,0.84672,12.849,0.84672,3695.15,0,0.0036966,2.14216e-05,0.257567,1.94832,2.96949,1.4748,3.70055,0.42336,0.0018483,0.21168,0.0018483,0.21168,460.486,0,1.02816,0,0,1.28573,0.257567,1.028160,1,0,8.01696,0,0,0,8.01696,0
9.74318,2.66381,0,0,1.14993,0.0973211,0.36288,3.6288,54.7722,0.641906,0,0,0.760645,0.276488,0,0.66528,12.849,1,0.84672,0.36288,0,19.5801,5.7854,13.3108,0.84672,12.849,0.84672,3695.15,0,0.0036966,2.1599e-05,1.14265,1.94829,5.56687,1.4748,7.18299,0.42336,0.0018483,0.21168,0.0018483,0.21168,460.486,0,1.02816,0,0,2.17081,1.14265,1.028160,1,0,20.4938,0,0,0,20.4938,0
7.58044,2.66368,0,0,0.965019,0.101202,0.36288,3.6288,54.4404,0.641883,0,0,0.580816,0.270763,0,0.66528,12.849,1,0.84672,0.36288,0,26.2113,5.77239,19.9551,0.84672,12.849,0.84672,3695.15,0,0.0036966,2.16605e-05,0.615902,1.94826,3.66999,1.48063,4.7535,0.42336,0.0018483,0.21168,0.0018483,0.21168,460.486,0,1.02816,0,0,1.64406,0.615902,1.028160,1,0,24.7086,0,0,0,24.7086,0
5.13289,2.7107,0,0,0.748478,0.122452,0.36288,3.6288,53.2377,1.2276,0,0,0.251643,0.226723,0,0.66528,12.849,1,0.84672,0.36288,0,11.8556,3.92332,7.44847,0.84672,12.849,0.84672,3695.15,0,0.0036966,4.16782e-05,0.216518,1.94823,2.51926,0.990624,3.69335,0.42336,0.0018483,0.21168,0.0018483,0.21168,460.486,0,0.429805,0,0,0.646323,0.216518,1.028160,1,0,11.1418,0,0,0,11.1418,0
2.58244,2.71033,0,0,0.636031,0.113264,0.36288,3.6288,52.2138,1.08155,0,0,0.282413,0.224746,0,0.66528,12.849,1,0.84672,0.36288,0,9.69132,3.92332,5.28415,0.84672,12.849,0.84672,3695.15,0,0.0036966,3.75493e-05,0.216518,1.94733,2.80014,0.990624,3.97332,0.42336,0.0018483,0.21168,0.0018483,0.21168,460.486,0,0.575834,0,0,0.792353,0.216518,1.028160,1,0,9.25747,0,0,0,9.25747,0
1.493,2.58244,0,0,1.95904,0.103165,0.36288,3.6288,52.2654,0.629221,0,0,0.903772,0.222908,0,0.66528,12.849,1,0.84672,0.36288,0,33.5771,3.92332,29.1699,0.84672,12.849,0.84672,3695.15,0,0.0036966,2.22736e-05,1.50588,1.9473,6.65838,0.990624,9.12092,0.42336,0.0018483,0.21168,0.0018483,0.21168,460.486,0,1.02816,0,0,2.53404,1.50588,1.028160,1,0,38.2909,0,0,0,38.2909,0
1.13489,1.493,0,0,1.60851,0.110738,0.36288,3.6288,51.9915,0.84382,0,0,0.770742,0.200896,0,0.66528,12.849,1,0.84672,0.36288,0,27.2358,3.59685,23.1551,0.84672,12.849,0.84672,3695.15,0,0.0036966,2.98406e-05,0.292723,1.94728,5.03483,0.898145,6.37665,0.42336,0.0018483,0.21168,0.0018483,0.21168,460.486,0,0.813531,0,0,1.10625,0.292723,1.028160,1,0,29.5318,0,0,0,29.5318,0
2.60094,1.13489,0,0,3.07397,0.110148,0.36288,3.6288,52.1262,0.462705,0,0,0.823207,0.225779,0,0.66528,12.849,1,0.84672,0.36288,0,46.9398,4.50035,41.9556,0.84672,12.849,0.84672,3695.15,0,0.0036966,1.64492e-05,1.03097,1.94725,7.21151,1.12687,9.06283,0.42336,0.0018483,0.21168,0.0018483,0.21168,460.486,0,1.02816,0,0,2.05913,1.03097,1.028160,1,0,51.0185,0,0,0,51.0185,0
3.34663,2.39799,0,0,3.62249,0.115922,0.36288,3.6288,52.5346,0.506154,0,0,1.15308,0.238456,0,0.66528,12.849,1,0.84672,0.36288,0,71.7126,4.93983,66.2889,0.84672,12.849,0.84672,3695.15,0,0.0036966,1.79473e-05,2.11637,1.76839,15.1047,1.28268,17.7068,0.42336,0.0018483,0.21168,0.0018483,0.21168,460.486,0,1.02816,0,0,3.14453,2.11637,1.028160,1,0,83.9957,0,0,0,83.9957,0
2.73145,2.39831,0,0,2.26227,0.116263,0.36288,3.6288,52.3018,0.506154,0,0,0.488302,0.214963,0,0.66528,12.849,1,0.84672,0.36288,0,41.5812,4.47116,36.6262,0.84672,12.849,0.84672,3695.15,0,0.0036966,1.78078e-05,0.523109,1.7938,6.50691,1.14789,7.67592,0.42336,0.0018483,0.21168,0.0018483,0.21168,460.486,0,1.02816,0,0,1.55127,0.523109,1.028160,1,0,44.3021,0,0,0,44.3021,0
1.97793,2.39794,0,0,2.11691,0.109613,0.36288,3.6288,52.0248,0.654307,0,0,0.559509,0.182251,0,0.66528,12.849,1,0.84672,0.36288,0,44.9174,3.84625,40.5873,0.84672,12.849,0.84672,3695.15,0,0.0036966,2.31226e-05,0.412474,1.79379,7.00819,0.968182,8.24625,0.42336,0.0018483,0.21168,0.0018483,0.21168,460.486,0,0.880001,0,0,1.29247,0.412474,1.028160,1,0,48.8335,0,0,0,48.8335,0
0,1.97793,0,0,1.82804e-322,8.19605e-320,0,3.6288,50.1069,1.91784,0,0,1.05236e-321,1.31347e-319,0,0.66528,12.0023,1,0.84672,0,0,4.05628e-321,2.74206e-318,3.20544,0.84672,12.0023,0.84672,3691.95,0,0.0036966,6.81358e-05,0.412474,1.79378,1.44761e-321,1.57443e-317,2.20618,0.42336,0.0018483,0.21168,0.0018483,0.21168,460.486,0,-0.412474,0,0,1.82804e-322,0.412474,1.028160,1,0,5.41162,0,0,0,5.41162,0
