0volume,0demand,0up_spill,0ww_inflow,0catch_inflow,0evap,0ds_spill,0treat_cap,1volume,1demand,1up_spill,1ww_inflow,1catch_inflow,1evap,1ds_spill,1treat_cap,2volume,2s_area,2demand,2up_spill,2ww_inflow,2catch_inflow,2evap,2ds_spill,2treat_cap,2valloc_0,2talloc_0,2valloc_1,2talloc_1,3volume,3demand,3up_spill,3ww_inflow,3catch_inflow,3evap,3ds_spill,3treat_cap,3valloc_0,3talloc_0,3valloc_1,3talloc_1,3valloc_2,3talloc_2,4demand,4up_spill,4ww_inflow,4catch_inflow,4ds_spill,4treat_cap,11volume,11s_area,11demand,11up_spill,11ww_inflow,11catch_inflow,11evap,11ds_spill,11treat_cap
71.3256,2.09699,0,0,1.82607,0.33058,0.36288,3.6288,61.308,0,0,0,0.767716,0.168349,0.599367,0.66528,12.849,1,0.372725,0.36288,0,72.0815,3.23625,68.8354,0.84672,12.849,0.84672,3695.15,0,0.0036966,5.36156e-05,1.15716,0,4.69963,0.887203,4.96954,0.42336,0.0018483,0.21168,0.0018483,0.21168,460.486,0,1.12031,0,0,2.27747,1.15716,1.028160,1,0,74.4043,0,0,0,74.4043,0
71.5594,2.09314,0,0,3.02177,0.331974,0.36288,3.6288,61.308,0.0923673,0,0,1.03359,0.153219,0.788,0.66528,12.849,1,0.37707,0.36288,0,90.6068,3.07125,87.5214,0.84672,12.849,0.84672,3695.15,0,0.0036966,2.78467e-06,1.72944,1.32838,5.6892,0.842465,7.90456,0.42336,0.0018483,0.21168,0.0018483,0.21168,460.486,0,1.02816,0,0,2.7576,1.72944,1.028160,1,0,96.2139,0,0,0,96.2139,0
72.29,2.0946,0,0,6.24268,0.332567,3.0849,3.6288,61.308,0.0925913,0,0,1.87555,0.153219,1.62974,0.66528,12.849,1,0.376101,3.0849,0,103.262,3.07125,102.899,0.84672,12.849,0.84672,3695.15,0,0.0036966,2.79142e-06,2.88565,1.32865,6.02564,0.842465,9.39747,0.42336,0.0018483,0.21168,0.0018483,0.21168,460.486,0,1.02816,0,0,3.91381,2.88565,1.028160,1,0,113.927,0,0,0,113.927,0
72.29,2.09825,0,0,7.51991,0.325549,5.09611,3.6288,61.308,0.0928153,0,0,1.90506,0.149733,1.66251,0.66528,12.849,1,0.372948,5.09611,0,126.371,3.03162,128.063,0.84672,12.849,0.84672,3695.15,0,0.0036966,2.79818e-06,2.7263,1.32892,8.85643,0.839007,12.0726,0.42336,0.0018483,0.21168,0.0018483,0.21168,460.486,0,1.02816,0,0,3.75446,2.7263,1.028160,1,0,141.798,0,0,0,141.798,0
72.29,2.30337,0,0,7.81529,0.290078,5.22185,3.6288,61.308,0.224865,0,0,1.81913,0.158623,1.43565,0.66528,12.849,1,0.409407,5.22185,0,100.441,4.16874,101.085,0.84672,12.849,0.84672,3695.15,0,0.0036966,6.77918e-06,2.72428,1.32918,8.97989,1.21808,11.8153,0.42336,0.0018483,0.21168,0.0018483,0.21168,460.486,0,1.02816,0,0,3.75244,2.72428,1.028160,1,0,114.336,0,0,0,114.336,0
72.29,2.30383,0,0,4.42916,0.297891,1.82744,3.6288,61.308,0.225115,0,0,1.3141,0.183534,0.905451,0.66528,12.849,1,0.409489,1.82744,0,67.4067,5.10704,63.7176,0.84672,12.849,0.84672,3695.15,0,0.0036966,6.78673e-06,2.03292,1.47648,6.48332,1.46722,8.52549,0.42336,0.0018483,0.21168,0.0018483,0.21168,460.486,0,1.02816,0,0,3.06108,2.03292,1.028160,1,0,73.1485,0,0,0,73.1485,0
72.29,2.30429,0,0,4.26216,0.296656,1.66122,3.6288,61.308,0.225366,0,0,1.62144,0.164772,1.23131,0.66528,12.849,1,0.40957,1.66122,0,101.279,4.18862,98.342,0.84672,12.849,0.84672,3695.15,0,0.0036966,6.79428e-06,2.75022,1.47677,7.64867,1.06183,10.8138,0.42336,0.0018483,0.21168,0.0018483,0.21168,460.486,0,1.02816,0,0,3.77838,2.75022,1.028160,1,0,110.387,0,0,0,110.387,0
72.29,2.30475,0,0,4.51204,0.363245,1.84404,3.6288,61.308,0.225617,0,0,1.58035,0.107114,1.24762,0.66528,12.849,1,0.409652,1.84404,0,107.264,3.94096,104.757,0.84672,12.849,0.84672,3695.15,0,0.0036966,6.80184e-06,2.52696,1.47707,8.24231,1.01416,11.2322,0.42336,0.0018483,0.21168,0.0018483,0.21168,460.486,0,1.02816,0,0,3.55512,2.52696,1.028160,1,0,117.237,0,0,0,117.237,0
72.29,2.01301,0,0,4.97786,0.304965,2.65988,3.6288,61.308,0.0488144,0,0,1.04144,0.166861,0.825764,0.66528,12.849,1,0.357798,2.65988,0,107.108,4.65184,104.759,0.84672,12.849,0.84672,3695.15,0,0.0036966,1.47164e-06,1.66755,1.47736,7.92885,1.1042,9.96956,0.42336,0.0018483,0.21168,0.0018483,0.21168,460.486,0,1.02816,0,0,2.69571,1.66755,1.028160,1,0,115.554,0,0,0,115.554,0
72.29,2.01342,0,0,7.84086,0.26515,5.56229,3.6288,61.308,0.0490296,0,0,1.55401,0.203372,1.30161,0.66528,12.849,1,0.357869,5.56229,0,143.298,4.98845,143.514,0.84672,12.849,0.84672,3695.15,0,0.0036966,1.47813e-06,2.38978,1.27637,12.8599,1.11023,15.4158,0.42336,0.0018483,0.21168,0.0018483,0.21168,460.486,0,1.02816,0,0,3.41794,2.38978,1.028160,1,0,160.231,0,0,0,160.231,0
72.29,2.01382,0,0,4.83195,0.26515,2.55298,3.6288,61.308,0.049245,0,0,0.942987,0.203372,0.69037,0.66528,12.849,1,0.357941,2.55298,0,87.0463,4.98845,84.2529,0.84672,12.849,0.84672,3695.15,0,0.0036966,1.48463e-06,1.83132,1.27663,3.59904,1.11023,5.59675,0.42336,0.0018483,0.21168,0.0018483,0.21168,460.486,0,1.02816,0,0,2.85948,1.83132,1.028160,1,0,90.54,0,0,0,90.54,0
72.29,2.01422,0,0,5.09271,0.341029,2.73746,3.6288,61.308,0.0494606,0,0,1.01421,0.188381,0.776365,0.66528,12.849,1,0.358013,2.73746,0,60.5182,4.7544,58.1432,0.84672,12.849,0.84672,3695.15,0,0.0036966,1.49113e-06,1.94117,1.27688,3.43178,1.13362,5.51622,0.42336,0.0018483,0.21168,0.0018483,0.21168,460.486,0,1.02816,0,0,2.96933,1.94117,1.028160,1,0,64.4358,0,0,0,64.4358,0
72.29,2.01462,0,0,4.48304,0.337679,2.13073,3.6288,61.308,0.0496761,0,0,0.999432,0.180346,0.76941,0.66528,12.849,1,0.358084,2.13073,0,61.289,4.60786,58.4537,0.84672,12.849,0.84672,3695.15,0,0.0036966,1.49762e-06,1.44937,1.27714,3.41311,1.11155,5.02806,0.42336,0.0018483,0.21168,0.0018483,0.21168,460.486,0,1.02816,0,0,2.47753,1.44937,1.028160,1,0,64.2512,0,0,0,64.2512,0
72.29,2.08865,0,0,5.20721,0.317576,2.80098,3.6288,61.308,0.0932488,0,0,1.17091,0.132138,0.945524,0.66528,12.849,1,0.371242,2.80098,0,99.5423,3.72866,98.2434,0.84672,12.849,0.84672,3695.15,0,0.0036966,2.81124e-06,2.07271,1.27739,8.97118,0.979158,11.3421,0.42336,0.0018483,0.21168,0.0018483,0.21168,460.486,0,1.02816,0,0,3.10087,2.07271,1.028160,1,0,110.531,0,0,0,110.531,0
72.29,2.08907,0,0,4.62941,0.317576,2.22276,3.6288,61.308,0.093473,0,0,1.05043,0.132138,0.824823,0.66528,12.849,1,0.371316,2.22276,0,80.7494,3.72866,78.8722,0.84672,12.849,0.84672,3695.15,0,0.0036966,2.818e-06,1.71858,1.3274,6.11089,0.979158,8.17771,0.42336,0.0018483,0.21168,0.0018483,0.21168,460.486,0,1.02816,0,0,2.74674,1.71858,1.028160,1,0,87.8748,0,0,0,87.8748,0
72.29,2.08949,0,0,4.40584,0.264008,2.05234,3.6288,61.308,0.0936973,0,0,1.01842,0.160683,0.764042,0.66528,12.849,1,0.37139,2.05234,0,76.775,4.07767,74.3783,0.84672,12.849,0.84672,3695.15,0,0.0036966,2.82477e-06,1.50617,1.32766,5.82231,1.04786,7.60828,0.42336,0.0018483,0.21168,0.0018483,0.21168,460.486,0,1.02816,0,0,2.53433,1.50617,1.028160,1,0,82.7506,0,0,0,82.7506,0
72.29,2.0899,0,0,3.62316,0.253384,1.27987,3.6288,61.308,0.0939218,0,0,0.816558,0.240736,0.4819,0.66528,12.849,1,0.371465,1.27987,0,66.7172,6.23878,61.3868,0.84672,12.849,0.84672,3695.15,0,0.0036966,2.83153e-06,1.14765,1.32793,4.96188,1.29066,6.14679,0.42336,0.0018483,0.21168,0.0018483,0.21168,460.486,0,1.02816,0,0,2.17581,1.14765,1.028160,1,0,68.0155,0,0,0,68.0155,0
72.29,2.06151,0,0,2.91602,0.210888,0.643616,3.6288,61.308,0.0772933,0,0,0.754963,0.217377,0.460293,0.66528,12.849,1,0.366418,0.643616,0,56.4192,4.7078,51.9886,0.84672,12.849,0.84672,3695.15,0,0.0036966,2.33022e-06,0.803926,1.32819,3.68727,1.12636,4.69302,0.42336,0.0018483,0.21168,0.0018483,0.21168,460.486,0,1.02816,0,0,1.83209,0.803926,1.028160,1,0,57.1419,0,0,0,57.1419,0
72.0445,2.06193,0,0,2.38315,0.203806,0.36288,3.6288,61.308,0.0775144,0,0,0.695494,0.213484,0.404495,0.66528,12.849,1,0.366492,0.36288,0,42.7936,4.45263,38.3373,0.84672,12.849,0.84672,3695.15,0,0.0036966,2.33689e-06,0.675847,1.30908,3.99756,1.09898,4.88351,0.42336,0.0018483,0.21168,0.0018483,0.21168,460.486,0,1.02816,0,0,1.70401,0.675847,1.028160,1,0,43.6253,0,0,0,43.6253,0
71.8735,2.06128,0,0,2.4565,0.203426,0.36288,3.6288,61.308,0.0777356,0,0,0.733956,0.213484,0.442736,0.66528,12.849,1,0.367625,0.36288,0,41.2184,4.45263,36.761,0.84672,12.849,0.84672,3695.15,0,0.0036966,2.34355e-06,0.661902,1.30934,3.44713,1.09898,4.31939,0.42336,0.0018483,0.21168,0.0018483,0.21168,460.486,0,1.02816,0,0,1.69006,0.661902,1.028160,1,0,41.5232,0,0,0,41.5232,0
72.29,2.06095,0,0,3.37562,0.187987,0.710144,3.6288,61.308,0.0779569,0,0,0.807149,0.217054,0.512137,0.66528,12.849,1,0.368441,0.710144,0,53.7408,4.56099,49.5215,0.84672,12.849,0.84672,3695.15,0,0.0036966,2.35023e-06,0.867508,1.3096,3.4432,1.07892,4.54138,0.42336,0.0018483,0.21168,0.0018483,0.21168,460.486,0,1.02816,0,0,1.89567,0.867508,1.028160,1,0,54.575,0,0,0,54.575,0
71.8158,2.16103,0,0,2.22343,0.173738,0.36288,3.6288,61.308,0.137991,0,0,0.711746,0.231755,0.342,0.66528,12.849,1,0.384107,0.36288,0,39.3616,4.60824,34.7321,0.84672,12.849,0.84672,3695.15,0,0.0036966,4.16012e-06,0.616481,1.30987,3.08088,1.005,4.00221,0.42336,0.0018483,0.21168,0.0018483,0.21168,460.486,0,1.02816,0,0,1.64464,0.616481,1.028160,1,0,39.0763,0,0,0,39.0763,0
71.3543,2.15931,0,0,2.26397,0.20325,0.36288,3.6288,61.308,0.138224,0,0,0.678159,0.228981,0.310953,0.66528,12.849,1,0.386336,0.36288,0,37.6668,4.00098,33.6423,0.84672,12.849,0.84672,3695.15,0,0.0036966,4.16716e-06,0.527662,1.37794,2.87658,0.987092,3.79509,0.42336,0.0018483,0.21168,0.0018483,0.21168,460.486,0,1.02816,0,0,1.55582,0.527662,1.028160,1,0,37.7484,0,0,0,37.7484,0
70.6769,2.15763,0,0,1.99184,0.148709,0.36288,3.6288,61.308,0.138458,0,0,0.577852,0.227512,0.211882,0.66528,12.849,1,0.388531,0.36288,0,32.5299,3.96816,28.5361,0.84672,12.849,0.84672,3695.15,0,0.0036966,4.17419e-06,0.528008,1.37822,2.64686,0.935251,3.61782,0.42336,0.0018483,0.21168,0.0018483,0.21168,460.486,0,1.02816,0,0,1.55617,0.528008,1.028160,1,0,32.3658,0,0,0,32.3658,0
69.9446,2.15491,0,0,1.93337,0.147939,0.36288,3.6288,61.308,0.138691,0,0,0.613665,0.227512,0.247462,0.66528,12.849,1,0.39176,0.36288,0,31.0059,3.96816,27.0089,0.84672,12.849,0.84672,3695.15,0,0.0036966,4.18123e-06,0.510157,1.37849,2.8157,0.935251,3.76909,0.42336,0.0018483,0.21168,0.0018483,0.21168,460.486,0,1.02816,0,0,1.53832,0.510157,1.028160,1,0,31.0254,0,0,0,31.0254,0
69.1996,2.15187,0,0,1.91096,0.141132,0.36288,3.6288,61.308,0.138925,0,0,0.609907,0.23147,0.239512,0.66528,12.849,1,0.395305,0.36288,0,29.7886,4.18083,25.5753,0.84672,12.849,0.84672,3695.15,0,0.0036966,4.18827e-06,0.462594,1.37877,2.71135,0.962639,3.59007,0.42336,0.0018483,0.21168,0.0018483,0.21168,460.486,0,1.02816,0,0,1.49075,0.462594,1.028160,1,0,29.4049,0,0,0,29.4049,0
68.8844,2.12947,0,0,2.28182,0.104675,0.36288,3.6288,61.308,0.172065,0,0,0.634997,0.255223,0.207708,0.66528,12.849,1,0.3954,0.36288,0,33.3782,5.45685,27.8888,0.84672,12.849,0.84672,3695.15,0,0.0036966,5.18739e-06,0.516923,1.37904,3.16018,1.12696,3.92917,0.42336,0.0018483,0.21168,0.0018483,0.21168,460.486,0,1.02816,0,0,1.54508,0.516923,1.028160,1,0,32.0257,0,0,0,32.0257,0
68.3982,2.12837,0,0,2.1094,0.104419,0.36288,3.6288,61.308,0.172305,0,0,0.613901,0.255223,0.186372,0.66528,12.849,1,0.397004,0.36288,0,33.1765,5.45685,27.6855,0.84672,12.849,0.84672,3695.15,0,0.0036966,5.19463e-06,0.490787,1.40047,3.20442,1.12696,3.96871,0.42336,0.0018483,0.21168,0.0018483,0.21168,460.486,0,1.02816,0,0,1.51895,0.490787,1.028160,1,0,31.8406,0,0,0,31.8406,0
67.7198,2.12642,0,0,1.915,0.104023,0.36288,3.6288,61.308,0.172546,0,0,0.579944,0.255223,0.152174,0.66528,12.849,1,0.39946,0.36288,0,32.1906,5.45685,26.6971,0.84672,12.849,0.84672,3695.15,0,0.0036966,5.20187e-06,0.341773,1.40075,3.01212,1.12696,3.62767,0.42336,0.0018483,0.21168,0.0018483,0.21168,460.486,0,1.02816,0,0,1.36993,0.341773,1.028160,1,0,30.477,0,0,0,30.477,0
66.8927,2.12348,0,0,1.75347,0.0942802,0.36288,3.6288,61.308,0.172786,0,0,0.55196,0.277162,0.102013,0.66528,12.849,1,0.402904,0.36288,0,28.3881,5.73915,22.6089,0.84672,12.849,0.84672,3695.15,0,0.0036966,5.20912e-06,0.285569,1.40103,2.9252,1.23001,3.38179,0.42336,0.0018483,0.21168,0.0018483,0.21168,460.486,0,1.02816,0,0,1.31373,0.285569,1.028160,1,0,26.0927,0,0,0,26.0927,0
66.065,2.16919,0,0,1.77945,0.0750352,0.36288,3.6288,61.308,0.246526,0,0,0.640082,0.317129,0.0764271,0.66528,12.849,1,0.416667,0.36288,0,25.1385,6.01755,19.0672,0.84672,12.849,0.84672,3695.15,0,0.0036966,7.43222e-06,0.261274,1.40131,2.77963,1.40031,3.0419,0.42336,0.0018483,0.21168,0.0018483,0.21168,460.486,0,0.98401,0,0,1.24528,0.261274,1.028160,1,0,22.1855,0,0,0,22.1855,0
65.3556,2.16526,0,0,1.8949,0.0762116,0.36288,3.6288,61.308,0.202624,0,0,0.714087,0.311177,0.200286,0.66528,12.849,1,0.421121,0.36288,0,34.4581,5.84661,28.5533,0.84672,12.849,0.84672,3695.15,0,0.0036966,6.10865e-06,0.417277,1.43532,3.11091,1.36538,3.59812,0.42336,0.0018483,0.21168,0.0018483,0.21168,460.486,0,1.02816,0,0,1.44544,0.417277,1.028160,1,0,32.3517,0,0,0,32.3517,0
64.5223,2.16187,0,0,1.76727,0.075781,0.36288,3.6288,61.308,0.20287,0,0,0.632474,0.311177,0.118426,0.66528,12.849,1,0.425027,0.36288,0,27.2595,5.84661,21.3507,0.84672,12.849,0.84672,3695.15,0,0.0036966,6.11608e-06,0.398658,1.43561,2.83953,1.36538,3.3084,0.42336,0.0018483,0.21168,0.0018483,0.21168,460.486,0,1.02816,0,0,1.42682,0.398658,1.028160,1,0,24.7775,0,0,0,24.7775,0
63.5339,2.15772,0,0,1.60752,0.0752753,0.36288,3.6288,61.308,0.255145,0,0,0.594103,0.311177,0.0277802,0.66528,12.849,1,0.42969,0.36288,0,25.0661,5.84661,19.1527,0.84672,12.849,0.84672,3695.15,0,0.0036966,7.69206e-06,0.227405,1.43589,2.59878,1.36538,2.89669,0.42336,0.0018483,0.21168,0.0018483,0.21168,460.486,0,0.97613,0,0,1.20353,0.227405,1.028160,1,0,22.0772,0,0,0,22.0772,0
62.466,2.29636,0,0,1.66914,0.0778683,0.36288,3.6288,61.308,0.309389,0,0,0.704242,0.302571,0.0922816,0.66528,12.849,1,0.464411,0.36288,0,25.6531,5.83044,19.7211,0.84672,12.849,0.84672,3695.15,0,0.0036966,9.3274e-06,0.568443,1.43618,3.42423,1.35944,4.0694,0.42336,0.0018483,0.21168,0.0018483,0.21168,460.486,0,1.02816,0,0,1.5966,0.568443,1.028160,1,0,23.8828,0,0,0,23.8828,0
61.1658,2.29023,0,0,1.46974,0.116854,0.36288,3.6288,61.308,0.309657,0,0,0.641382,0.262925,0.0687992,0.66528,12.849,1,0.471091,0.36288,0,24.5052,5.26659,19.1304,0.84672,12.849,0.84672,3695.15,0,0.0036966,9.33548e-06,0.405536,1.55078,3.46072,1.24002,4.177,0.42336,0.0018483,0.21168,0.0018483,0.21168,460.486,0,1.02816,0,0,1.4337,0.405536,1.028160,1,0,23.3762,0,0,0,23.3762,0
59.8597,2.28241,0,0,1.45486,0.115608,0.36288,3.6288,61.308,0.309925,0,0,0.652636,0.262925,0.0797858,0.66528,12.849,1,0.479462,0.36288,0,22.6712,5.26659,17.288,0.84672,12.849,0.84672,3695.15,0,0.0036966,9.34355e-06,0.36282,1.55109,2.74787,1.24002,3.42175,0.42336,0.0018483,0.21168,0.0018483,0.21168,460.486,0,1.02816,0,0,1.39098,0.36282,1.028160,1,0,20.7895,0,0,0,20.7895,0
58.2035,2.27425,0,0,1.10659,0.125653,0.36288,3.6288,61.2967,0.310193,0,0,0.562058,0.263128,0,0.66528,12.849,1,0.488172,0.36288,0,21.9797,5.32209,16.5323,0.84672,12.849,0.84672,3695.15,0,0.0036966,9.35163e-06,0.25221,1.5514,2.33111,1.22915,2.90556,0.42336,0.0018483,0.21168,0.0018483,0.21168,460.486,0,1.02816,0,0,1.28037,0.25221,1.028160,1,0,19.4379,0,0,0,19.4379,0
56.6825,2.26332,0,0,1.23334,0.128131,0.36288,3.6288,61.308,0.310461,0,0,0.607046,0.263191,0.0221316,0.66528,12.849,1,0.499651,0.36288,0,19.4981,5.34429,14.0171,0.84672,12.849,0.84672,3695.15,0,0.0036966,9.36143e-06,0.251735,1.55171,2.3832,1.2248,2.96183,0.42336,0.0018483,0.21168,0.0018483,0.21168,460.486,0,1.02816,0,0,1.2799,0.251735,1.028160,1,0,17.001,0,0,0,17.001,0
55.57,2.18411,0,0,1.55337,0.118947,0.36288,3.6288,61.308,0.246311,0,0,0.926329,0.215734,0.464284,0.66528,12.849,1,0.495101,0.36288,0,60.3597,5.66066,54.5669,0.84672,12.849,0.84672,3695.15,0,0.0036966,7.42572e-06,1.45117,1.55202,5.13111,1.44317,6.69112,0.42336,0.0018483,0.21168,0.0018483,0.21168,460.486,0,1.02816,0,0,2.47933,1.45117,1.028160,1,0,61.7223,0,0,0,61.7223,0
54.3541,2.17649,0,0,1.44117,0.11764,0.36288,3.6288,61.308,0.246566,0,0,0.940334,0.215734,0.478035,0.66528,12.849,1,0.503253,0.36288,0,35.8516,5.66066,30.0506,0.84672,12.849,0.84672,3695.15,0,0.0036966,7.43342e-06,0.87766,1.48676,3.87755,1.44317,4.79879,0.42336,0.0018483,0.21168,0.0018483,0.21168,460.486,0,1.02816,0,0,1.90582,0.87766,1.028160,1,0,35.3274,0,0,0,35.3274,0
55.44,2.16782,0,0,3.81348,0.196891,0.36288,3.6288,61.308,0.246821,0,0,1.6882,0.224492,1.21689,0.66528,12.849,1,0.51246,0.36288,0,53.4387,5.10321,48.186,0.84672,12.849,0.84672,3695.15,0,0.0036966,7.44111e-06,3.81843,1.48706,11.3275,1.31947,15.3135,0.42336,0.0018483,0.21168,0.0018483,0.21168,460.486,0,1.02816,0,0,4.84659,3.81843,1.028160,1,0,64.7163,0,0,0,64.7163,0
55.4638,2.1764,0,0,2.78326,0.220143,0.36288,3.6288,61.308,0.247077,0,0,1.28995,0.23561,0.807265,0.66528,12.849,1,0.504412,0.36288,0,85.8178,5.00094,80.6754,0.84672,12.849,0.84672,3695.15,0,0.0036966,7.44882e-06,1.60294,1.48735,6.57044,1.27423,8.38649,0.42336,0.0018483,0.21168,0.0018483,0.21168,460.486,0,1.02816,0,0,2.6311,1.60294,1.028160,1,0,89.8691,0,0,0,89.8691,0
57.0774,2.12078,0,0,4.29556,0.198375,0.36288,3.6288,61.308,0.188648,0,0,1.61806,0.258483,1.17092,0.66528,12.849,1,0.491309,0.36288,0,77.2503,4.12521,72.9967,0.84672,12.849,0.84672,3695.15,0,0.0036966,5.68733e-06,2.62108,1.48765,10.0973,1.14557,13.0605,0.42336,0.0018483,0.21168,0.0018483,0.21168,460.486,0,1.02816,0,0,3.64924,2.62108,1.028160,1,0,87.2281,0,0,0,87.2281,0
57.2857,2.13254,0,0,2.93967,0.235887,0.36288,3.6288,61.308,0.188892,0,0,1.35632,0.288007,0.879416,0.66528,12.849,1,0.480069,0.36288,0,54.8717,4.03105,50.7234,0.84672,12.849,0.84672,3695.15,0,0.0036966,5.69468e-06,1.35362,1.42963,7.39696,1.15715,9.02306,0.42336,0.0018483,0.21168,0.0018483,0.21168,460.486,0,1.02816,0,0,2.38178,1.35362,1.028160,1,0,60.6259,0,0,0,60.6259,0
57.8091,2.1344,0,0,3.25706,0.23637,0.36288,3.6288,61.308,0.189136,0,0,1.29679,0.288007,0.819652,0.66528,12.849,1,0.478738,0.36288,0,27.861,4.03105,23.7141,0.84672,12.849,0.84672,3695.15,0,0.0036966,5.70203e-06,2.07406,1.42992,6.60804,1.15715,8.95486,0.42336,0.0018483,0.21168,0.0018483,0.21168,460.486,0,1.02816,0,0,3.10222,2.07406,1.028160,1,0,33.4886,0,0,0,33.4886,0
58.0922,2.13837,0,0,3.02191,0.237585,0.36288,3.6288,61.308,0.18938,0,0,1.56861,0.288007,1.09122,0.66528,12.849,1,0.475287,0.36288,0,32.6543,4.03105,28.5108,0.84672,12.849,0.84672,3695.15,0,0.0036966,5.70938e-06,2.22934,1.4302,7.38573,1.15715,9.88811,0.42336,0.0018483,0.21168,0.0018483,0.21168,460.486,0,1.02816,0,0,3.2575,2.22934,1.028160,1,0,39.4901,0,0,0,39.4901,0
59.0884,1.97948,0,0,3.58326,0.244735,0.36288,3.6288,61.308,0.0673046,0,0,1.74322,0.25436,1.42155,0.66528,12.849,1,0.437827,0.36288,0,49.8044,3.96188,45.7676,0.84672,12.849,0.84672,3695.15,0,0.0036966,2.02908e-06,1.73297,1.43049,7.92806,1.07609,10.0154,0.42336,0.0018483,0.21168,0.0018483,0.21168,460.486,0,1.02816,0,0,2.76113,1.73297,1.028160,1,0,57.2046,0,0,0,57.2046,0
60.355,1.98594,0,0,3.86428,0.248836,0.36288,3.6288,61.308,0.067524,0,0,2.6461,0.21319,2.36538,0.66528,12.849,1,0.431851,0.36288,0,75.464,3.67658,71.7185,0.84672,12.849,0.84672,3695.15,0,0.0036966,2.0357e-06,3.86713,1.29937,8.28852,1.01277,12.4423,0.42336,0.0018483,0.21168,0.0018483,0.21168,460.486,0,1.02816,0,0,4.89529,3.86713,1.028160,1,0,86.5261,0,0,0,86.5261,0
60.3218,1.99381,0,0,2.57536,0.251864,0.36288,3.6288,61.308,0.0677436,0,0,1.42472,0.21319,1.14379,0.66528,12.849,1,0.424464,0.36288,0,41.1757,3.67658,37.4376,0.84672,12.849,0.84672,3695.15,0,0.0036966,2.04232e-06,1.32816,1.29963,6.94823,1.01277,8.56325,0.42336,0.0018483,0.21168,0.0018483,0.21168,460.486,0,1.02816,0,0,2.35632,1.32816,1.028160,1,0,47.1446,0,0,0,47.1446,0
61.6966,1.99402,0,0,4.01376,0.282062,0.36288,3.6288,61.308,0.0679632,0,0,2.32619,0.245188,2.01304,0.66528,12.849,1,0.424741,0.36288,0,56.9799,4.36229,52.5557,0.84672,12.849,0.84672,3695.15,0,0.0036966,2.04894e-06,2.42518,1.29989,10.4174,1.22667,12.9158,0.42336,0.0018483,0.21168,0.0018483,0.21168,460.486,0,1.02816,0,0,3.45334,2.42518,1.028160,1,0,67.4846,0,0,0,67.4846,0
62.2545,2.00226,0,0,3.21341,0.290401,0.36288,3.6288,61.308,0.0681829,0,0,1.90709,0.250521,1.58839,0.66528,12.849,1,0.416992,0.36288,0,79.4284,4.47657,74.8977,0.84672,12.849,0.84672,3695.15,0,0.0036966,2.05556e-06,1.86748,1.30015,9.82696,1.26233,11.7323,0.42336,0.0018483,0.21168,0.0018483,0.21168,460.486,0,1.02816,0,0,2.89564,1.86748,1.028160,1,0,88.2184,0,0,0,88.2184,0
63.9103,2.06859,0,0,4.31852,0.231234,0.36288,3.6288,61.308,0.103856,0,0,1.58023,0.197047,1.27933,0.66528,12.849,1,0.426946,0.36288,0,97.9033,4.04493,93.7943,0.84672,12.849,0.84672,3695.15,0,0.0036966,3.13101e-06,4.39521,1.30041,9.67792,0.841289,14.5323,0.42336,0.0018483,0.21168,0.0018483,0.21168,460.486,0,1.02816,0,0,5.42337,4.39521,1.028160,1,0,109.606,0,0,0,109.606,0
65.2038,2.0782,0,0,3.9587,0.224157,0.36288,3.6288,61.308,0.104075,0,0,1.35767,0.188134,1.06546,0.66528,12.849,1,0.417817,0.36288,0,86.8838,3.97299,82.8559,0.84672,12.849,0.84672,3695.15,0,0.0036966,3.13764e-06,4.1765,1.34227,8.68882,0.771116,13.4365,0.42336,0.0018483,0.21168,0.0018483,0.21168,460.486,0,1.02816,0,0,5.20466,4.1765,1.028160,1,0,97.3578,0,0,0,97.3578,0
66.3871,2.08553,0,0,3.85824,0.226506,0.36288,3.6288,61.308,0.104295,0,0,1.39417,0.188134,1.10174,0.66528,12.849,1,0.410973,0.36288,0,84.0525,3.97299,80.0314,0.84672,12.849,0.84672,3695.15,0,0.0036966,3.14427e-06,4.33647,1.34253,8.99977,0.771116,13.9076,0.42336,0.0018483,0.21168,0.0018483,0.21168,460.486,0,1.02816,0,0,5.36463,4.33647,1.028160,1,0,95.0408,0,0,0,95.0408,0
67.629,2.09208,0,0,4.00756,0.310706,0.36288,3.6288,61.308,0.104515,0,0,1.29667,0.202482,0.989669,0.66528,12.849,1,0.404914,0.36288,0,86.8994,4.60821,82.2491,0.84672,12.849,0.84672,3695.15,0,0.0036966,3.1509e-06,4.05868,1.34279,9.0256,1.13737,13.2897,0.42336,0.0018483,0.21168,0.0018483,0.21168,460.486,0,1.02816,0,0,5.08684,4.05868,1.028160,1,0,96.5285,0,0,0,96.5285,0
68.1958,2.30344,0,0,3.55907,0.325906,0.36288,3.6288,61.308,0.237936,0,0,1.14175,0.205547,0.698267,0.66528,12.849,1,0.437636,0.36288,0,82.69,4.75337,77.8619,0.84672,12.849,0.84672,3695.15,0,0.0036966,7.17324e-06,3.5866,1.34305,8.74816,1.21452,12.4633,0.42336,0.0018483,0.21168,0.0018483,0.21168,460.486,0,1.02816,0,0,4.61476,3.5866,1.028160,1,0,91.0234,0,0,0,91.0234,0
70.4839,2.30695,0,0,5.29102,0.333134,0.36288,3.6288,61.308,0.238182,0,0,1.33063,0.189216,0.903236,0.66528,12.849,1,0.43466,0.36288,0,92.6078,4.4017,88.1344,0.84672,12.849,0.84672,3695.15,0,0.0036966,7.18066e-06,4.07043,1.49188,9.828,0.976197,14.4141,0.42336,0.0018483,0.21168,0.0018483,0.21168,460.486,0,1.02816,0,0,5.09859,4.07043,1.028160,1,0,103.452,0,0,0,103.452,0
71.288,2.31933,0,0,3.82549,0.339103,0.36288,3.6288,61.308,0.238428,0,0,0.900798,0.189216,0.473153,0.66528,12.849,1,0.422808,0.36288,0,69.8426,4.4017,65.3809,0.84672,12.849,0.84672,3695.15,0,0.0036966,7.18808e-06,2.96524,1.49217,7.06187,0.976197,10.5431,0.42336,0.0018483,0.21168,0.0018483,0.21168,460.486,0,1.02816,0,0,3.9934,2.96524,1.028160,1,0,76.3972,0,0,0,76.3972,0
71.0763,2.32383,0,0,2.80789,0.33293,0.36288,3.6288,61.308,0.238674,0,0,0.502034,0.191607,0.0717533,0.66528,12.849,1,0.418848,0.36288,0,52.1444,4.41716,47.6713,0.84672,12.849,0.84672,3695.15,0,0.0036966,7.1955e-06,1.51953,1.49246,5.89132,0.992662,7.91064,0.42336,0.0018483,0.21168,0.0018483,0.21168,460.486,0,1.02816,0,0,2.54769,1.51953,1.028160,1,0,55.6537,0,0,0,55.6537,0
71.4974,2.02874,0,0,3.10675,0.294029,0.36288,3.6288,61.308,0.0600243,0,0,0.768619,0.209837,0.498758,0.66528,12.849,1,0.36675,0.36288,0,81.3326,4.38143,76.9473,0.84672,12.849,0.84672,3695.15,0,0.0036966,1.8096e-06,2.61704,1.49275,6.81642,1.10803,9.81818,0.42336,0.0018483,0.21168,0.0018483,0.21168,460.486,0,1.02816,0,0,3.6452,2.61704,1.028160,1,0,87.2643,0,0,0,87.2643,0
72.29,2.03096,0,0,3.85092,0.309936,0.717417,3.6288,61.308,0.0602358,0,0,1.67299,0.215021,1.39773,0.66528,12.849,1,0.36499,0.717417,0,84.8167,4.21018,80.959,0.84672,12.849,0.84672,3695.15,0,0.0036966,1.81598e-06,2.82545,1.28966,7.02024,1.13014,10.0052,0.42336,0.0018483,0.21168,0.0018483,0.21168,460.486,0,1.02816,0,0,3.85361,2.82545,1.028160,1,0,92.3619,0,0,0,92.3619,0
72.29,2.03476,0,0,2.93829,0.311811,0.591723,3.6288,61.308,0.0604474,0,0,0.711639,0.215021,0.43617,0.66528,12.849,1,0.361663,0.591723,0,46.3873,4.21018,42.4072,0.84672,12.849,0.84672,3695.15,0,0.0036966,1.82235e-06,1.79374,1.28991,4.75962,1.13014,6.71313,0.42336,0.0018483,0.21168,0.0018483,0.21168,460.486,0,1.02816,0,0,2.8219,1.79374,1.028160,1,0,49.5565,0,0,0,49.5565,0
72.29,2.03515,0,0,4.28132,0.308165,1.938,3.6288,61.308,0.0606589,0,0,1.13394,0.188066,0.88522,0.66528,12.849,1,0.361733,1.938,0,80.5544,4.17119,77.9594,0.84672,12.849,0.84672,3695.15,0,0.0036966,1.82873e-06,3.36021,1.29016,13.2057,1.0248,16.8313,0.42336,0.0018483,0.21168,0.0018483,0.21168,460.486,0,1.02816,0,0,4.38837,3.36021,1.028160,1,0,95.6759,0,0,0,95.6759,0
72.29,2.03555,0,0,4.92707,0.306706,2.58482,3.6288,61.308,0.0608705,0,0,1.17072,0.177283,0.932566,0.66528,12.849,1,0.361803,2.58482,0,84.4396,4.15559,82.507,0.84672,12.849,0.84672,3695.15,0,0.0036966,1.83511e-06,3.6351,1.29041,9.64881,0.982663,13.5916,0.42336,0.0018483,0.21168,0.0018483,0.21168,460.486,0,1.02816,0,0,4.66326,3.6351,1.028160,1,0,97.0312,0,0,0,97.0312,0
72.29,2.11033,0,0,4.84236,0.313024,2.419,3.6288,61.308,0.104889,0,0,1.08596,0.187759,0.793313,0.66528,12.849,1,0.375096,2.419,0,108.105,3.78483,106.364,0.84672,12.849,0.84672,3695.15,0,0.0036966,3.16218e-06,3.00421,1.29066,9.30632,1.06428,12.5369,0.42336,0.0018483,0.21168,0.0018483,0.21168,460.486,0,1.02816,0,0,4.03237,3.00421,1.028160,1,0,119.694,0,0,0,119.694,0
72.29,2.11074,0,0,4.8763,0.313024,2.45253,3.6288,61.308,0.10511,0,0,1.20239,0.187759,0.909525,0.66528,12.849,1,0.375169,2.45253,0,108.689,3.78483,106.981,0.84672,12.849,0.84672,3695.15,0,0.0036966,3.16882e-06,3.75875,1.34118,10.0081,1.06428,14.0437,0.42336,0.0018483,0.21168,0.0018483,0.21168,460.486,0,1.02816,0,0,4.78691,3.75875,1.028160,1,0,121.934,0,0,0,121.934,0
72.29,2.11115,0,0,3.59721,0.313024,1.17303,3.6288,61.308,0.10533,0,0,0.892192,0.187759,0.599103,0.66528,12.849,1,0.375242,1.17303,0,78.0417,3.78483,75.0546,0.84672,12.849,0.84672,3695.15,0,0.0036966,3.17546e-06,2.10846,1.34144,7.09102,1.06428,9.47663,0.42336,0.0018483,0.21168,0.0018483,0.21168,460.486,0,1.02816,0,0,3.13662,2.10846,1.028160,1,0,85.1304,0,0,0,85.1304,0
72.29,2.11156,0,0,3.17816,0.280847,0.785753,3.6288,61.308,0.10555,0,0,0.745762,0.201217,0.438995,0.66528,12.849,1,0.375314,0.785753,0,68.415,3.89703,64.9284,0.84672,12.849,0.84672,3695.15,0,0.0036966,3.1821e-06,1.81251,1.3417,6.12827,1.0784,8.20407,0.42336,0.0018483,0.21168,0.0018483,0.21168,460.486,0,1.02816,0,0,2.84067,1.81251,1.028160,1,0,73.5715,0,0,0,73.5715,0
72.0389,2.08287,0,0,2.5002,0.305592,0.36288,3.6288,61.308,0.088743,0,0,0.570372,0.185075,0.296554,0.66528,12.849,1,0.370214,0.36288,0,53.1044,3.76615,49.3309,0.84672,12.849,0.84672,3695.15,0,0.0036966,2.6754e-06,1.12183,1.34196,4.8222,1.07086,6.21513,0.42336,0.0018483,0.21168,0.0018483,0.21168,460.486,0,1.02816,0,0,2.14999,1.12183,1.028160,1,0,55.8426,0,0,0,55.8426,0
71.4394,2.08218,0,0,2.14638,0.300763,0.36288,3.6288,61.308,0.0889602,0,0,0.522386,0.17859,0.254836,0.66528,12.849,1,0.371381,0.36288,0,46.0496,3.61567,42.4255,0.84672,12.849,0.84672,3695.15,0,0.0036966,2.68195e-06,0.921162,1.32264,5.56597,1.07203,6.73774,0.42336,0.0018483,0.21168,0.0018483,0.21168,460.486,0,1.02816,0,0,1.94932,0.921162,1.028160,1,0,49.418,0,0,0,49.418,0
72.0146,2.07994,0,0,3.31738,0.299392,0.36288,3.6288,61.308,0.0891774,0,0,0.638058,0.17859,0.370291,0.66528,12.849,1,0.374095,0.36288,0,57.9026,3.61567,54.2757,0.84672,12.849,0.84672,3695.15,0,0.0036966,2.6885e-06,1.22716,1.3229,5.02085,1.07203,6.49887,0.42336,0.0018483,0.21168,0.0018483,0.21168,460.486,0,1.02816,0,0,2.25532,1.22716,1.028160,1,0,61.1449,0,0,0,61.1449,0
71.5345,2.08288,0,0,2.22084,0.255136,0.36288,3.6288,61.308,0.0893946,0,0,0.561089,0.1893,0.282394,0.66528,12.849,1,0.371632,0.36288,0,49.6733,3.94075,45.7238,0.84672,12.849,0.84672,3695.15,0,0.0036966,2.69505e-06,0.970834,1.32315,4.46663,1.01185,5.74877,0.42336,0.0018483,0.21168,0.0018483,0.21168,460.486,0,1.02816,0,0,1.99899,0.970834,1.028160,1,0,51.755,0,0,0,51.755,0
70.7981,2.17989,0,0,2.03691,0.230621,0.36288,3.6288,61.308,0.150043,0,0,0.515243,0.192659,0.172541,0.66528,12.849,1,0.391551,0.36288,0,40.2148,4.13384,36.0523,0.84672,12.849,0.84672,3695.15,0,0.0036966,4.52346e-06,0.73084,1.32341,3.99438,1.02656,5.02206,0.42336,0.0018483,0.21168,0.0018483,0.21168,460.486,0,1.02816,0,0,1.759,0.73084,1.028160,1,0,41.2469,0,0,0,41.2469,0
70.1621,2.17687,0,0,2.09331,0.189509,0.36288,3.6288,61.308,0.150272,0,0,0.562711,0.196591,0.215848,0.66528,12.849,1,0.395076,0.36288,0,35.6508,4.48109,31.1375,0.84672,12.849,0.84672,3695.15,0,0.0036966,4.53037e-06,0.887561,1.39218,4.03458,1.08841,5.22591,0.42336,0.0018483,0.21168,0.0018483,0.21168,460.486,0,1.02816,0,0,1.91572,0.887561,1.028160,1,0,36.5793,0,0,0,36.5793,0
69.2947,2.17426,0,0,1.85827,0.188584,0.36288,3.6288,61.308,0.150501,0,0,0.483986,0.196591,0.136893,0.66528,12.849,1,0.39818,0.36288,0,33.7366,4.48109,29.2202,0.84672,12.849,0.84672,3695.15,0,0.0036966,4.53727e-06,0.754514,1.39245,3.9896,1.08841,5.04815,0.42336,0.0018483,0.21168,0.0018483,0.21168,460.486,0,1.02816,0,0,1.78267,0.754514,1.028160,1,0,34.4053,0,0,0,34.4053,0
68.291,2.17048,0,0,1.70777,0.178038,0.36288,3.6288,61.308,0.15073,0,0,0.47108,0.206469,0.11388,0.66528,12.849,1,0.402463,0.36288,0,30.9114,4.67672,26.1951,0.84672,12.849,0.84672,3695.15,0,0.0036966,4.54418e-06,0.738098,1.39272,3.8771,1.1418,4.86613,0.42336,0.0018483,0.21168,0.0018483,0.21168,460.486,0,1.02816,0,0,1.76626,0.738098,1.028160,1,0,31.1751,0,0,0,31.1751,0
67.2306,2.16592,0,0,1.62204,0.153621,0.36288,3.6288,61.308,0.15096,0,0,0.420618,0.231164,0.0384937,0.66528,12.849,1,0.40752,0.36288,0,30.5765,5.16579,25.3661,0.84672,12.849,0.84672,3695.15,0,0.0036966,4.5511e-06,0.542125,1.39299,3.65871,1.27526,4.31857,0.42336,0.0018483,0.21168,0.0018483,0.21168,460.486,0,1.02816,0,0,1.57029,0.542125,1.028160,1,0,29.7232,0,0,0,29.7232,0
66.2573,2.14159,0,0,1.6646,0.133443,0.36288,3.6288,61.308,0.184435,0,0,0.60227,0.238925,0.17891,0.66528,12.849,1,0.409297,0.36288,0,38.7673,4.83619,33.8847,0.84672,12.849,0.84672,3695.15,0,0.0036966,5.56031e-06,0.985185,1.39327,3.29711,1.21002,4.46553,0.42336,0.0018483,0.21168,0.0018483,0.21168,460.486,0,1.02816,0,0,2.01334,0.985185,1.028160,1,0,38.5292,0,0,0,38.5292,0
65.1548,2.13697,0,0,1.52971,0.132418,0.36288,3.6288,61.308,0.184671,0,0,0.584959,0.238925,0.161363,0.66528,12.849,1,0.414414,0.36288,0,38.1552,4.83619,33.2675,0.84672,12.849,0.84672,3695.15,0,0.0036966,5.56742e-06,0.986031,1.4149,3.32472,1.21002,4.51563,0.42336,0.0018483,0.21168,0.0018483,0.21168,460.486,0,1.02816,0,0,2.01419,0.986031,1.028160,1,0,37.9445,0,0,0,37.9445,0
63.9215,2.13153,0,0,1.39241,0.131257,0.36288,3.6288,61.308,0.184907,0,0,0.547112,0.238925,0.12328,0.66528,12.849,1,0.420353,0.36288,0,36.6288,4.83619,31.7351,0.84672,12.849,0.84672,3695.15,0,0.0036966,5.57453e-06,0.717025,1.41518,3.12327,1.21002,4.04545,0.42336,0.0018483,0.21168,0.0018483,0.21168,460.486,0,1.02816,0,0,1.74519,0.717025,1.028160,1,0,35.9038,0,0,0,35.9038,0
62.5972,2.12519,0,0,1.28035,0.116585,0.36288,3.6288,61.308,0.185143,0,0,0.522352,0.271832,0.0653768,0.66528,12.849,1,0.427188,0.36288,0,32.4727,5.25965,27.1487,0.84672,12.849,0.84672,3695.15,0,0.0036966,5.58164e-06,0.708316,1.41545,3.00526,1.36459,3.76443,0.42336,0.0018483,0.21168,0.0018483,0.21168,460.486,0,1.02816,0,0,1.73648,0.708316,1.028160,1,0,30.9785,0,0,0,30.9785,0
61.1063,2.16753,0,0,1.13746,0.097912,0.36288,3.6288,61.2236,0.215031,0,0,0.451436,0.320762,0,0.66528,12.849,1,0.444918,0.36288,0,26.3256,6.00532,20.2383,0.84672,12.849,0.84672,3695.15,0,0.0036966,6.48272e-06,0.472789,1.41573,2.48298,1.52548,2.84601,0.42336,0.0018483,0.21168,0.0018483,0.21168,460.486,0,1.02816,0,0,1.50095,0.472789,1.028160,1,0,23.0843,0,0,0,23.0843,0
59.679,2.15898,0,0,1.19136,0.0968784,0.36288,3.6288,61.2536,0.215273,0,0,0.569589,0.324378,0,0.66528,12.849,1,0.453975,0.36288,0,32.8847,6.14113,26.6525,0.84672,12.849,0.84672,3695.15,0,0.0036966,6.49895e-06,0.648942,1.45008,2.62564,1.49159,3.23306,0.42336,0.0018483,0.21168,0.0018483,0.21168,460.486,0,1.02816,0,0,1.6771,0.648942,1.028160,1,0,29.8855,0,0,0,29.8855,0
58.1544,2.15047,0,0,1.0844,0.0956597,0.36288,3.6288,61.1834,0.215515,0,0,0.469793,0.32444,0,0.66528,12.849,1,0.462999,0.36288,0,26.487,6.14113,20.2457,0.84672,12.849,0.84672,3695.15,0,0.0036966,6.50308e-06,0.685161,1.45036,2.43982,1.49159,3.08374,0.42336,0.0018483,0.21168,0.0018483,0.21168,460.486,0,1.02816,0,0,1.71332,0.685161,1.028160,1,0,23.3294,0,0,0,23.3294,0
56.5425,2.14094,0,0,0.986265,0.0942607,0.36288,3.6288,61.0809,0.215757,0,0,0.437512,0.324296,0,0.66528,12.849,1,0.473033,0.36288,0,24.6917,6.14113,18.4405,0.84672,12.849,0.84672,3695.15,0,0.0036966,6.51784e-06,0.418115,1.45064,2.17435,1.49159,2.55152,0.42336,0.0018483,0.21168,0.0018483,0.21168,460.486,0,1.02816,0,0,1.44628,0.418115,1.028160,1,0,20.992,0,0,0,20.992,0
54.89,2.27264,0,0,1.06665,0.083675,0.36288,3.6288,60.933,0.323113,0,0,0.5084,0.333214,0,0.66528,12.849,1,0.516446,0.36288,0,24.3416,6.36357,17.8245,0.84672,12.849,0.84672,3695.15,0,0.0036966,9.77737e-06,0.773928,1.45093,2.84108,1.53872,3.52721,0.42336,0.0018483,0.21168,0.0018483,0.21168,460.486,0,1.02816,0,0,1.80209,0.773928,1.028160,1,0,21.3517,0,0,0,21.3517,0
53.2515,2.26048,0,0,1.07253,0.0877046,0.36288,3.6288,60.7253,0.323376,0,0,0.467152,0.351449,0,0.66528,12.849,1,0.529148,0.36288,0,21.3472,6.65133,14.5296,0.84672,12.849,0.84672,3695.15,0,0.0036966,9.80908e-06,0.535196,1.56669,1.62704,1.61233,2.11659,0.42336,0.0018483,0.21168,0.0018483,0.21168,460.486,0,1.02816,0,0,1.56336,0.535196,1.028160,1,0,16.6462,0,0,0,16.6462,0
51.4957,2.2478,0,0,0.94119,0.0862596,0.36288,3.6288,60.5013,0.323639,0,0,0.450679,0.350987,0,0.66528,12.849,1,0.54237,0.36288,0,27.136,6.65133,20.3052,0.84672,12.849,0.84672,3695.15,0,0.0036966,9.85063e-06,0.465541,1.567,1.56241,1.61233,1.98261,0.42336,0.0018483,0.21168,0.0018483,0.21168,460.486,0,1.02816,0,0,1.4937,0.465541,1.028160,1,0,22.2878,0,0,0,22.2878,0
49.7759,2.23343,0,0,0.961243,0.0847113,0.36288,3.6288,60.3439,0.323902,0,0,0.516974,0.350488,0,0.66528,12.849,1,0.557277,0.36288,0,23.5066,6.65133,16.6609,0.84672,12.849,0.84672,3695.15,0,0.0036966,9.89513e-06,0.550204,1.5673,1.62254,1.61233,2.1277,0.42336,0.0018483,0.21168,0.0018483,0.21168,460.486,0,1.02816,0,0,1.57836,0.550204,1.028160,1,0,18.7886,0,0,0,18.7886,0
48.0801,2.21856,0,0,0.969875,0.0842316,0.36288,3.6288,60.1974,0.324165,0,0,0.520889,0.343285,0,0.66528,12.849,1,0.572692,0.36288,0,23.8513,6.46649,17.175,0.84672,12.849,0.84672,3695.15,0,0.0036966,9.929e-06,0.935824,1.56761,2.07534,1.54038,3.03838,0.42336,0.0018483,0.21168,0.0018483,0.21168,460.486,0,1.02816,0,0,1.96398,0.935824,1.028160,1,0,20.2134,0,0,0,20.2134,0
46.3741,2.13583,0,0,0.851196,0.0584993,0.36288,3.6288,60.0304,0.259351,0,0,0.426184,0.33382,0,0.66528,12.849,1,0.570782,0.36288,0,15.0832,5.56909,9.3062,0.84672,12.849,0.84672,3695.15,0,0.0036966,7.96312e-06,0.350853,1.56791,2.06229,1.40917,2.57188,0.42336,0.0018483,0.21168,0.0018483,0.21168,460.486,0,1.02816,0,0,1.37901,0.350853,1.028160,1,0,11.8781,0,0,0,11.8781,0
44.9739,2.1198,0,0,1.13492,0.0524528,0.36288,3.6288,59.9543,0.259602,0,0,0.522282,0.338782,0,0.66528,12.849,1,0.587338,0.36288,0,19.8445,5.60437,14.0157,0.84672,12.849,0.84672,3695.15,0,0.0036966,7.99298e-06,0.790171,1.50197,2.63065,1.45926,3.46353,0.42336,0.0018483,0.21168,0.0018483,0.21168,460.486,0,1.02816,0,0,1.81833,0.790171,1.028160,1,0,17.4792,0,0,0,17.4792,0
43.8829,2.10598,0,0,1.42951,0.0516369,0.36288,3.6288,60.1388,0.259852,0,0,0.783028,0.338618,0,0.66528,12.849,1,0.601677,0.36288,0,40.3904,5.60437,34.5472,0.84672,12.849,0.84672,3695.15,0,0.0036966,8.01085e-06,1.70001,1.50226,3.63366,1.45926,5.37668,0.42336,0.0018483,0.21168,0.0018483,0.21168,460.486,0,1.02816,0,0,2.72817,1.70001,1.028160,1,0,39.9239,0,0,0,39.9239,0
42.6553,2.09482,0,0,1.33612,0.10604,0.36288,3.6288,60.0922,0.260103,0,0,0.529953,0.316499,0,0.66528,12.849,1,0.613367,0.36288,0,31.7612,5.55236,25.9584,0.84672,12.849,0.84672,3695.15,0,0.0036966,7.99398e-06,0.79094,1.50256,2.19025,1.48261,3.00113,0.42336,0.0018483,0.21168,0.0018483,0.21168,460.486,0,1.02816,0,0,1.8191,0.79094,1.028160,1,0,28.9595,0,0,0,28.9595,0
40.9948,2.02788,0,0,0.872997,0.14271,0.36288,3.6288,59.9772,0.252431,0,0,0.40082,0.263383,0,0.66528,12.849,1,0.610857,0.36288,0,18.6357,4.79199,13.5957,0.84672,12.849,0.84672,3695.15,0,0.0036966,7.76422e-06,0.216518,1.50285,1.7995,1.26035,2.25851,0.42336,0.0018483,0.21168,0.0018483,0.21168,460.486,0,0.976798,0,0,1.19332,0.216518,1.028160,1,0,15.8542,0,0,0,15.8542,0
39.9464,2.00943,0,0,1.46058,0.136638,0.36288,3.6288,60.211,0.20131,0,0,0.650214,0.215039,0,0.66528,12.849,1,0.629817,0.36288,0,22.7376,3.83019,18.6405,0.84672,12.849,0.84672,3695.15,0,0.0036966,6.20371e-06,0.634119,1.44422,3.98824,0.940658,5.12592,0.42336,0.0018483,0.21168,0.0018483,0.21168,460.486,0,1.02816,0,0,1.66228,0.634119,1.028160,1,0,23.7664,0,0,0,23.7664,0
38.4213,1.99731,0,0,0.970039,0.134946,0.36288,3.6288,60.422,0.201549,0,0,0.627896,0.21536,0,0.66528,12.849,1,0.642448,0.36288,0,13.9946,3.83019,9.8848,0.84672,12.849,0.84672,3695.15,0,0.0036966,6.18697e-06,0.685022,1.44451,2.97044,0.940658,4.1593,0.42336,0.0018483,0.21168,0.0018483,0.21168,460.486,0,1.02816,0,0,1.71318,0.685022,1.028160,1,0,14.0441,0,0,0,14.0441,0
37.3294,1.97859,0,0,1.42042,0.170915,0.36288,3.6288,60.4774,0.207987,0,0,0.49612,0.232799,0,0.66528,12.849,1,0.661686,0.36288,0,27.3039,4.12014,22.8849,0.84672,12.849,0.84672,3695.15,0,0.0036966,6.36229e-06,0.292723,1.44479,5.46077,1.00835,6.18993,0.42336,0.0018483,0.21168,0.0018483,0.21168,460.486,0,1.02196,0,0,1.31468,0.292723,1.028160,1,0,29.0749,0,0,0,29.0749,0
37.9486,1.81661,0,0,2.9821,0.183432,0.36288,3.6288,60.8424,0.0784632,0,0,0.674781,0.231292,0,0.66528,12.849,1,0.62529,0.36288,0,55.722,4.22313,51.2365,0.84672,12.849,0.84672,3695.15,0,0.0036966,2.39798e-06,1.37176,1.44507,4.67373,1.03363,6.45693,0.42336,0.0018483,0.21168,0.0018483,0.21168,460.486,0,1.02816,0,0,2.39992,1.37176,1.028160,1,0,57.6934,0,0,0,57.6934,0
37.5315,1.82459,0,0,1.95247,0.182063,0.36288,3.6288,61.1969,0.0786786,0,0,0.614226,0.181001,0,0.66528,12.849,1,0.617789,0.36288,0,41.887,4.14519,37.4869,0.84672,12.849,0.84672,3695.15,0,0.0036966,2.39014e-06,0.979379,1.31261,5.78558,1.02288,7.05469,0.42336,0.0018483,0.21168,0.0018483,0.21168,460.486,0,1.02816,0,0,2.00754,0.979379,1.028160,1,0,44.5416,0,0,0,44.5416,0
37.3343,1.81983,0,0,2.16667,0.181174,0.36288,3.6288,61.308,0.0788941,0,0,0.634382,0.181408,0.263014,0.66528,12.849,1,0.623024,0.36288,0,52.6128,4.14519,48.2075,0.84672,12.849,0.84672,3695.15,0,0.0036966,2.3828e-06,1.03928,1.31286,5.0381,1.02288,6.36736,0.42336,0.0018483,0.21168,0.0018483,0.21168,460.486,0,1.02816,0,0,2.06744,1.03928,1.028160,1,0,54.8379,0,0,0,54.8379,0
36.8572,1.81774,0,0,1.88427,0.180753,0.36288,3.6288,61.308,0.0791098,0,0,0.569819,0.181536,0.309174,0.66528,12.849,1,0.625594,0.36288,0,42.5218,4.14519,38.1139,0.84672,12.849,0.84672,3695.15,0,0.0036966,2.38498e-06,0.74965,1.31312,4.06191,1.02288,5.10181,0.42336,0.0018483,0.21168,0.0018483,0.21168,460.486,0,1.02816,0,0,1.77781,0.74965,1.028160,1,0,43.5249,0,0,0,43.5249,0
36.785,1.81208,0,0,2.27738,0.174604,0.36288,3.6288,61.308,0.0793254,0,0,0.657831,0.207336,0.37117,0.66528,12.849,1,0.631722,0.36288,0,39.8703,3.56922,36.0323,0.84672,12.849,0.84672,3695.15,0,0.0036966,2.39148e-06,1.18783,1.31338,4.93785,0.844422,6.59463,0.42336,0.0018483,0.21168,0.0018483,0.21168,460.486,0,1.02816,0,0,2.21599,1.18783,1.028160,1,0,42.998,0,0,0,42.998,0
41.6765,1.86826,0,0,7.29986,0.177248,0.36288,3.6288,61.308,0.115354,0,0,4.23566,0.219734,3.90057,0.66528,12.849,1,0.652585,0.36288,0,103.168,3.60282,99.2751,0.84672,12.849,0.84672,3695.15,0,0.0036966,3.47766e-06,5.01591,1.31363,15.1209,1.03741,20.4131,0.42336,0.0018483,0.21168,0.0018483,0.21168,460.486,0,1.02816,0,0,6.04407,5.01591,1.028160,1,0,123.589,0,0,0,123.589,0
45.0001,1.92718,0,0,5.82111,0.207376,0.36288,3.6288,61.308,0.115569,0,0,3.27866,0.248234,2.91486,0.66528,12.849,1,0.594155,0.36288,0,151.243,4.18436,146.828,0.84672,12.849,0.84672,3695.15,0,0.0036966,3.48415e-06,3.37569,1.35591,12.8093,1.28974,16.2512,0.42336,0.0018483,0.21168,0.0018483,0.21168,460.486,0,1.02816,0,0,4.40385,3.37569,1.028160,1,0,165.994,0,0,0,165.994,0
48.005,1.96169,0,0,5.54485,0.215454,0.36288,3.6288,61.308,0.115785,0,0,2.87749,0.248234,2.51347,0.66528,12.849,1,0.560125,0.36288,0,148.967,4.18436,144.586,0.84672,12.849,0.84672,3695.15,0,0.0036966,3.49065e-06,2.59985,1.35616,11.2319,1.28974,13.8982,0.42336,0.0018483,0.21168,0.0018483,0.21168,460.486,0,1.02816,0,0,3.62801,2.59985,1.028160,1,0,160.997,0,0,0,160.997,0
51.2755,1.98972,0,0,5.84587,0.222758,0.36288,3.6288,61.308,0.116,0,0,2.99462,0.248234,2.63038,0.66528,12.849,1,0.532569,0.36288,0,123.96,4.18436,119.606,0.84672,12.849,0.84672,3695.15,0,0.0036966,3.49714e-06,3.94048,1.35642,12.5889,1.28974,16.5961,0.42336,0.0018483,0.21168,0.0018483,0.21168,460.486,0,1.02816,0,0,4.96864,3.94048,1.028160,1,0,138.832,0,0,0,138.832,0
54.3003,2.21403,0,0,5.82756,0.225808,0.36288,3.6288,61.308,0.250766,0,0,3.57507,0.256203,3.0681,0.66528,12.849,1,0.554808,0.36288,0,135.248,4.04364,131.012,0.84672,12.849,0.84672,3695.15,0,0.0036966,7.56004e-06,3.84244,1.35667,13.334,1.23377,17.2994,0.42336,0.0018483,0.21168,0.0018483,0.21168,460.486,0,1.02816,0,0,4.8706,3.84244,1.028160,1,0,151.38,0,0,0,151.38,0
59.9022,2.23944,0,0,8.43463,0.230459,0.36288,3.6288,61.308,0.251007,0,0,4.32419,0.261613,3.81157,0.66528,12.849,1,0.529916,0.36288,0,140.528,3.84447,136.516,0.84672,12.849,0.84672,3695.15,0,0.0036966,7.5673e-06,4.68322,1.507,16.3627,1.10604,21.4469,0.42336,0.0018483,0.21168,0.0018483,0.21168,460.486,0,1.02816,0,0,5.71138,4.68322,1.028160,1,0,161.775,0,0,0,161.775,0
67.4086,2.28068,0,0,10.3935,0.243517,0.36288,3.6288,61.308,0.251248,0,0,6.02707,0.261613,5.51421,0.66528,12.849,1,0.489206,0.36288,0,196.687,3.84447,192.716,0.84672,12.849,0.84672,3695.15,0,0.0036966,7.57457e-06,4.94994,1.50728,22.2823,1.10604,27.6335,0.42336,0.0018483,0.21168,0.0018483,0.21168,460.486,0,1.02816,0,0,5.9781,4.94994,1.028160,1,0,225.864,0,0,0,225.864,0
72.29,2.32688,0,0,9.14872,0.260643,1.67977,3.6288,61.308,0.251489,0,0,4.77684,0.252466,4.27289,0.66528,12.849,1,0.443535,1.67977,0,189.419,3.75202,186.903,0.84672,12.849,0.84672,3695.15,0,0.0036966,7.58184e-06,4.54624,1.50757,29.5295,1.08153,34.5018,0.42336,0.0018483,0.21168,0.0018483,0.21168,460.486,0,1.02816,0,0,5.5744,4.54624,1.028160,1,0,225.678,0,0,0,225.678,0
72.29,2.05453,0,0,6.39344,0.289209,4.0497,3.6288,61.308,0.0710256,0,0,3.71555,0.223672,3.42086,0.66528,12.849,1,0.365177,4.0497,0,181.218,3.43045,181.472,0.84672,12.849,0.84672,3695.15,0,0.0036966,2.14126e-06,3.09279,1.50785,19.3892,0.983176,23.0067,0.42336,0.0018483,0.21168,0.0018483,0.21168,460.486,0,1.02816,0,0,4.12095,3.09279,1.028160,1,0,207.9,0,0,0,207.9,0
72.29,2.05492,0,0,5.89157,0.325151,3.51151,3.6288,61.308,0.0712327,0,0,6.73076,0.231266,6.42826,0.66528,12.849,1,0.365246,3.51151,0,236.997,3.0723,237.071,0.84672,12.849,0.84672,3695.15,0,0.0036966,2.14751e-06,4.48285,1.3027,25.2321,0.82869,30.1889,0.42336,0.0018483,0.21168,0.0018483,0.21168,460.486,0,1.02816,0,0,5.51101,4.48285,1.028160,1,0,273.688,0,0,0,273.688,0
72.29,2.0553,0,0,5.66414,0.325151,3.28369,3.6288,61.308,0.0714398,0,0,3.08165,0.231266,2.77894,0.66528,12.849,1,0.365315,3.28369,0,184.786,3.0723,184.632,0.84672,12.849,0.84672,3695.15,0,0.0036966,2.15375e-06,3.16216,1.30294,19.1277,0.82869,22.7641,0.42336,0.0018483,0.21168,0.0018483,0.21168,460.486,0,1.02816,0,0,4.19032,3.16216,1.028160,1,0,210.175,0,0,0,210.175,0
72.29,2.05569,0,0,8.48413,0.325151,6.10329,3.6288,61.308,0.071647,0,0,8.78265,0.231266,8.47973,0.66528,12.849,1,0.365384,6.10329,0,199.323,3.0723,201.989,0.84672,12.849,0.84672,3695.15,0,0.0036966,2.16e-06,7.40163,1.30319,28.8094,0.82869,36.6855,0.42336,0.0018483,0.21168,0.0018483,0.21168,460.486,0,1.02816,0,0,8.42979,7.40163,1.028160,1,0,247.154,0,0,0,247.154,0
72.29,2.05608,0,0,9.91241,0.326215,7.53012,3.6288,61.308,0.0718543,0,0,7.34878,0.185847,7.09108,0.66528,12.849,1,0.365452,7.53012,0,190.794,2.86392,195.094,0.84672,12.849,0.84672,3695.15,0,0.0036966,2.16625e-06,5.37766,1.30343,30.0387,0.753592,35.9662,0.42336,0.0018483,0.21168,0.0018483,0.21168,460.486,0,1.02816,0,0,6.40582,5.37766,1.028160,1,0,238.152,0,0,0,238.152,0
72.29,2.13161,0,0,6.66688,0.294377,4.2409,3.6288,61.308,0.11631,0,0,4.83162,0.167374,4.54793,0.66528,12.849,1,0.378877,4.2409,0,189.16,3.78557,189.236,0.84672,12.849,0.84672,3695.15,0,0.0036966,3.5065e-06,3.31683,1.30368,17.7594,0.844243,21.5357,0.42336,0.0018483,0.21168,0.0018483,0.21168,460.486,0,1.02816,0,0,4.34499,3.31683,1.028160,1,0,215.32,0,0,0,215.32,0
72.29,2.13201,0,0,6.7818,0.288938,4.36085,3.6288,61.308,0.116526,0,0,4.73528,0.169972,4.44878,0.66528,12.849,1,0.378948,4.36085,0,187.44,3.96522,187.457,0.84672,12.849,0.84672,3695.15,0,0.0036966,3.513e-06,2.96944,1.35469,16.3924,0.868739,19.8478,0.42336,0.0018483,0.21168,0.0018483,0.21168,460.486,0,1.02816,0,0,3.9976,2.96944,1.028160,1,0,211.754,0,0,0,211.754,0
72.29,2.13241,0,0,9.53588,0.288938,7.11454,3.6288,61.308,0.116742,0,0,7.25319,0.169972,6.96648,0.66528,12.849,1,0.37902,7.11454,0,193.088,3.96522,195.859,0.84672,12.849,0.84672,3695.15,0,0.0036966,3.5195e-06,6.03621,1.35495,29.5886,0.868739,36.111,0.42336,0.0018483,0.21168,0.0018483,0.21168,460.486,0,1.02816,0,0,7.06437,6.03621,1.028160,1,0,238.936,0,0,0,238.936,0
72.29,2.13281,0,0,6.98527,0.262154,4.5903,3.6288,61.308,0.116957,0,0,6.00972,0.184245,5.70851,0.66528,12.849,1,0.379091,4.5903,0,237.515,4.13973,237.587,0.84672,12.849,0.84672,3695.15,0,0.0036966,3.52601e-06,3.83076,1.35521,18.7579,0.90309,23.0407,0.42336,0.0018483,0.21168,0.0018483,0.21168,460.486,0,1.02816,0,0,4.85892,3.83076,1.028160,1,0,266.336,0,0,0,266.336,0
72.29,2.10381,0,0,5.6305,0.20011,3.32658,3.6288,61.308,0.0999746,0,0,3.16958,0.190146,2.87946,0.66528,12.849,1,0.373937,3.32658,0,160.009,4.48971,158.472,0.84672,12.849,0.84672,3695.15,0,0.0036966,3.01401e-06,2.80854,1.35546,14.2358,0.998154,17.4016,0.42336,0.0018483,0.21168,0.0018483,0.21168,460.486,0,1.02816,0,0,3.8367,2.80854,1.028160,1,0,178.753,0,0,0,178.753,0
72.29,2.10421,0,0,5.01721,0.180361,2.73264,3.6288,61.308,0.100187,0,0,2.15228,0.180299,1.87179,0.66528,12.849,1,0.374007,2.73264,0,113.267,4.57769,111.048,0.84672,12.849,0.84672,3695.15,0,0.0036966,3.02042e-06,2.12525,1.33594,12.1522,1.0351,14.5782,0.42336,0.0018483,0.21168,0.0018483,0.21168,460.486,0,1.02816,0,0,3.15341,2.12525,1.028160,1,0,127.498,0,0,0,127.498,0
72.29,2.1046,0,0,4.64263,0.180361,2.35766,3.6288,61.308,0.1004,0,0,2.01978,0.180299,1.73908,0.66528,12.849,1,0.374078,2.35766,0,103.944,4.57769,101.35,0.84672,12.849,0.84672,3695.15,0,0.0036966,3.02683e-06,1.89648,1.33619,10.6771,1.0351,12.8747,0.42336,0.0018483,0.21168,0.0018483,0.21168,460.486,0,1.02816,0,0,2.92464,1.89648,1.028160,1,0,115.964,0,0,0,115.964,0
72.29,2.105,0,0,4.26217,0.14984,2.00733,3.6288,61.308,0.100613,0,0,1.86957,0.204362,1.56459,0.66528,12.849,1,0.374148,2.00733,0,91.8734,4.85151,88.6551,0.84672,12.849,0.84672,3695.15,0,0.0036966,3.03325e-06,1.80074,1.33644,10.001,1.04559,12.0926,0.42336,0.0018483,0.21168,0.0018483,0.21168,460.486,0,1.02816,0,0,2.8289,1.80074,1.028160,1,0,102.312,0,0,0,102.312,0
72.29,2.20527,0,0,4.11025,0.138727,1.76625,3.6288,61.308,0.161863,0,0,1.76886,0.210082,1.39691,0.66528,12.849,1,0.39197,1.76625,0,82.8688,4.59042,79.6527,0.84672,12.849,0.84672,3695.15,0,0.0036966,4.8798e-06,1.76914,1.33669,10.5358,0.991098,12.6505,0.42336,0.0018483,0.21168,0.0018483,0.21168,460.486,0,1.02816,0,0,2.7973,1.76914,1.028160,1,0,93.7001,0,0,0,93.7001,0
72.29,2.20569,0,0,3.8577,0.128674,1.52334,3.6288,61.308,0.162087,0,0,1.6614,0.16731,1.33201,0.66528,12.849,1,0.392044,1.52334,0,81.0657,3.76247,78.4345,0.84672,12.849,0.84672,3695.15,0,0.0036966,4.88656e-06,1.92559,1.40615,9.61278,0.889062,12.0554,0.42336,0.0018483,0.21168,0.0018483,0.21168,460.486,0,1.02816,0,0,2.95375,1.92559,1.028160,1,0,91.8219,0,0,0,91.8219,0
72.29,2.2061,0,0,3.65804,0.128674,1.32326,3.6288,61.308,0.162312,0,0,1.38081,0.16731,1.05119,0.66528,12.849,1,0.392118,1.32326,0,74.2643,3.76247,71.4329,0.84672,12.849,0.84672,3695.15,0,0.0036966,4.89333e-06,1.47626,1.40641,8.88641,0.889062,10.88,0.42336,0.0018483,0.21168,0.0018483,0.21168,460.486,0,1.02816,0,0,2.50442,1.47626,1.028160,1,0,83.3641,0,0,0,83.3641,0
72.29,2.20652,0,0,3.43618,0.118149,1.11151,3.6288,61.308,0.162536,0,0,1.32047,0.182306,0.975627,0.66528,12.849,1,0.392192,1.11151,0,67.3315,3.9662,64.0846,0.84672,12.849,0.84672,3695.15,0,0.0036966,4.9001e-06,1.13436,1.40668,7.53866,0.943616,9.13608,0.42336,0.0018483,0.21168,0.0018483,0.21168,460.486,0,1.02816,0,0,2.16252,1.13436,1.028160,1,0,74.1964,0,0,0,74.1964,0
72.29,2.20694,0,0,3.20648,0.0550037,0.944537,3.6288,61.308,0.16276,0,0,1.24861,0.272277,0.813572,0.66528,12.849,1,0.392266,0.944537,0,64.7991,5.18857,60.1628,0.84672,12.849,0.84672,3695.15,0,0.0036966,4.90687e-06,0.973547,1.40694,6.93645,1.27094,8.046,0.42336,0.0018483,0.21168,0.0018483,0.21168,460.486,0,1.02816,0,0,2.00171,0.973547,1.028160,1,0,69.0224,0,0,0,69.0224,0
72.29,2.18758,0,0,3.58432,0.0777422,1.319,3.6288,61.308,0.196564,0,0,1.45175,0.292486,0.962704,0.66528,12.849,1,0.388826,1.319,0,62.6193,5.13602,58.4134,0.84672,12.849,0.84672,3695.15,0,0.0036966,5.92596e-06,1.38313,1.40721,7.11245,1.23398,8.66881,0.42336,0.0018483,0.21168,0.0018483,0.21168,460.486,0,1.02816,0,0,2.41129,1.38313,1.028160,1,0,68.0449,0,0,0,68.0449,0
72.29,2.188,0,0,3.49202,0.0815319,1.22249,3.6288,61.308,0.196795,0,0,1.44509,0.295854,0.952443,0.66528,12.849,1,0.3889,1.22249,0,61.7686,5.12726,57.4749,0.84672,12.849,0.84672,3695.15,0,0.0036966,5.93292e-06,1.27488,1.42906,6.66429,1.22782,8.1404,0.42336,0.0018483,0.21168,0.0018483,0.21168,460.486,0,1.02816,0,0,2.30304,1.27488,1.028160,1,0,66.5677,0,0,0,66.5677,0
72.29,2.18841,0,0,3.32317,0.0671778,1.06758,3.6288,61.308,0.197026,0,0,1.39042,0.319171,0.874221,0.66528,12.849,1,0.388973,1.06758,0,59.2496,5.45301,54.4752,0.84672,12.849,0.84672,3695.15,0,0.0036966,5.93989e-06,1.25009,1.42933,6.40362,1.33807,7.74496,0.42336,0.0018483,0.21168,0.0018483,0.21168,460.486,0,1.02816,0,0,2.27825,1.25009,1.028160,1,0,63.0944,0,0,0,63.0944,0
72.29,2.18882,0,0,3.12096,0.0598649,0.872273,3.6288,61.308,0.197257,0,0,1.34577,0.32754,0.82097,0.66528,12.849,1,0.389046,0.872273,0,56.5863,5.90931,51.1602,0.84672,12.849,0.84672,3695.15,0,0.0036966,5.94685e-06,1.32397,1.42959,6.36327,1.43059,7.68624,0.42336,0.0018483,0.21168,0.0018483,0.21168,460.486,0,1.02816,0,0,2.35213,1.32397,1.028160,1,0,59.6674,0,0,0,59.6674,0
72.29,2.24033,0,0,2.66992,0.059133,0.370457,3.6288,61.308,0.227436,0,0,1.17861,0.327637,0.623535,0.66528,12.849,1,0.398201,0.370457,0,49.2621,5.98097,43.2534,0.84672,12.849,0.84672,3695.15,0,0.0036966,6.8567e-06,0.963058,1.42986,5.41476,1.4733,6.33437,0.42336,0.0018483,0.21168,0.0018483,0.21168,460.486,0,1.02816,0,0,1.99122,0.963058,1.028160,1,0,50.2113,0,0,0,50.2113,0
72.29,2.24075,0,0,2.72408,0.0555292,0.427802,3.6288,61.308,0.227673,0,0,1.33201,0.332816,0.771522,0.66528,12.849,1,0.398276,0.427802,0,50.9815,6.07162,44.9394,0.84672,12.849,0.84672,3695.15,0,0.0036966,6.86384e-06,1.00182,1.46455,5.46127,1.54234,6.38528,0.42336,0.0018483,0.21168,0.0018483,0.21168,460.486,0,1.02816,0,0,2.02998,1.00182,1.028160,1,0,52.0962,0,0,0,52.0962,0
72.1381,2.24117,0,0,2.50764,0.0555292,0.36288,3.6288,61.308,0.22791,0,0,1.12923,0.332816,0.568505,0.66528,12.849,1,0.398351,0.36288,0,41.8754,6.07162,35.7683,0.84672,12.849,0.84672,3695.15,0,0.0036966,6.87099e-06,1.12491,1.46483,5.28053,1.54234,6.32792,0.42336,0.0018483,0.21168,0.0018483,0.21168,460.486,0,1.02816,0,0,2.15307,1.12491,1.028160,1,0,42.6647,0,0,0,42.6647,0
71.775,2.24088,0,0,2.29613,0.0554652,0.36288,3.6288,61.308,0.228147,0,0,1.04591,0.332816,0.484944,0.66528,12.849,1,0.399139,0.36288,0,39.8022,6.07162,33.6944,0.84672,12.849,0.84672,3695.15,0,0.0036966,6.87813e-06,0.812341,1.4651,4.64154,1.54234,5.37663,0.42336,0.0018483,0.21168,0.0018483,0.21168,460.486,0,1.02816,0,0,1.8405,0.812341,1.028160,1,0,39.5559,0,0,0,39.5559,0
71.4034,2.38916,0,0,2.42602,0.0455488,0.36288,3.6288,61.308,0.336565,0,0,1.20069,0.337996,0.526132,0.66528,12.849,1,0.427703,0.36288,0,39.0366,6.22118,32.7506,0.84672,12.849,0.84672,3695.15,0,0.0036966,1.01467e-05,1.18046,1.46538,6.14016,1.57222,7.21377,0.42336,0.0018483,0.21168,0.0018483,0.21168,460.486,0,1.02816,0,0,2.20862,1.18046,1.028160,1,0,40.4905,0,0,0,40.4905,0
70.3682,2.38773,0,0,1.78242,0.0669695,0.36288,3.6288,61.308,0.336822,0,0,0.912349,0.329058,0.246469,0.66528,12.849,1,0.42967,0.36288,0,25.2142,5.67849,19.4689,0.84672,12.849,0.84672,3695.15,0,0.0036966,1.01544e-05,0.440078,1.58229,4.35347,1.45238,4.92344,0.42336,0.0018483,0.21168,0.0018483,0.21168,460.486,0,1.02816,0,0,1.46824,0.440078,1.028160,1,0,24.6388,0,0,0,24.6388,0
69.5526,2.38283,0,0,1.99167,0.0616105,0.36288,3.6288,61.308,0.33708,0,0,1.12113,0.331648,0.452399,0.66528,12.849,1,0.435097,0.36288,0,32.0846,5.75326,26.2592,0.84672,12.849,0.84672,3695.15,0,0.0036966,1.01622e-05,0.815633,1.58258,4.62097,1.46732,5.55185,0.42336,0.0018483,0.21168,0.0018483,0.21168,460.486,0,1.02816,0,0,1.84379,0.815633,1.028160,1,0,32.2634,0,0,0,32.2634,0
68.323,2.37897,0,0,1.57348,0.0612236,0.36288,3.6288,61.308,0.337337,0,0,0.818389,0.331648,0.149404,0.66528,12.849,1,0.439487,0.36288,0,33.1105,5.75326,27.2806,0.84672,12.849,0.84672,3695.15,0,0.0036966,1.017e-05,0.292775,1.58288,3.66151,1.46732,4.06983,0.42336,0.0018483,0.21168,0.0018483,0.21168,460.486,0,1.02816,0,0,1.32094,0.292775,1.028160,1,0,31.4998,0,0,0,31.4998,0
67.4755,2.37276,0,0,1.9488,0.0606403,0.36288,3.6288,61.308,0.337595,0,0,1.36151,0.331648,0.692266,0.66528,12.849,1,0.446228,0.36288,0,29.3433,5.75326,23.5066,0.84672,12.849,0.84672,3695.15,0,0.0036966,1.01777e-05,1.32784,1.58318,5.50214,1.46732,6.94583,0.42336,0.0018483,0.21168,0.0018483,0.21168,460.486,0,1.02816,0,0,2.356,1.32784,1.028160,1,0,31.1447,0,0,0,31.1447,0
66.6512,2.29623,0,0,1.89877,0.0639314,0.36288,3.6288,61.308,0.272129,0,0,0.943929,0.30791,0.36389,0.66528,12.849,1,0.43726,0.36288,0,29.4768,5.35569,24.0468,0.84672,12.849,0.84672,3695.15,0,0.0036966,8.20409e-06,0.507462,1.58348,4.41005,1.35604,5.14495,0.42336,0.0018483,0.21168,0.0018483,0.21168,460.486,0,1.02816,0,0,1.53562,0.507462,1.028160,1,0,29.5556,0,0,0,29.5556,0
65.7064,2.29213,0,0,1.77517,0.0649841,0.36288,3.6288,61.308,0.272375,0,0,1.37623,0.298414,0.805442,0.66528,12.849,1,0.441877,0.36288,0,28.1576,5.19666,22.8819,0.84672,12.849,0.84672,3695.15,0,0.0036966,8.21149e-06,1.66163,1.51688,4.85933,1.31153,6.72629,0.42336,0.0018483,0.21168,0.0018483,0.21168,460.486,0,1.02816,0,0,2.68979,1.66163,1.028160,1,0,30.4137,0,0,0,30.4137,0
64.497,2.28725,0,0,1.5052,0.0644974,0.36288,3.6288,61.308,0.27262,0,0,0.74717,0.298414,0.176136,0.66528,12.849,1,0.447276,0.36288,0,28.118,5.19666,22.837,0.84672,12.849,0.84672,3695.15,0,0.0036966,8.21888e-06,0.393474,1.51716,3.59426,1.31153,4.19336,0.42336,0.0018483,0.21168,0.0018483,0.21168,460.486,0,1.02816,0,0,1.42163,0.393474,1.028160,1,0,27.2065,0,0,0,27.2065,0
63.522,2.28069,0,0,1.7694,0.100808,0.36288,3.6288,61.308,0.272865,0,0,0.759119,0.268092,0.218162,0.66528,12.849,1,0.454355,0.36288,0,28.3234,4.7814,23.4505,0.84672,12.849,0.84672,3695.15,0,0.0036966,8.22629e-06,0.429399,1.51745,3.75354,1.18174,4.51864,0.42336,0.0018483,0.21168,0.0018483,0.21168,460.486,0,1.02816,0,0,1.45756,0.429399,1.028160,1,0,28.1873,0,0,0,28.1873,0
63.6028,2.21654,0,0,2.83127,0.171069,0.36288,3.6288,61.308,0.213241,0,0,1.5165,0.194301,1.10896,0.66528,12.849,1,0.448353,0.36288,0,66.6228,3.86442,62.6729,0.84672,12.849,0.84672,3695.15,0,0.0036966,6.42874e-06,0.904409,1.51774,9.14469,0.86674,10.7001,0.42336,0.0018483,0.21168,0.0018483,0.21168,460.486,0,1.02816,0,0,1.93257,0.904409,1.028160,1,0,74.4819,0,0,0,74.4819,0
62.6194,2.21743,0,0,1.75262,0.155671,0.36288,3.6288,61.308,0.213475,0,0,1.09755,0.195253,0.688819,0.66528,12.849,1,0.447964,0.36288,0,34.8216,4.20628,30.5303,0.84672,12.849,0.84672,3695.15,0,0.0036966,6.43581e-06,0.945691,1.45852,7.23997,0.94008,8.7041,0.42336,0.0018483,0.21168,0.0018483,0.21168,460.486,0,1.02816,0,0,1.97385,0.945691,1.028160,1,0,39.9232,0,0,0,39.9232,0
61.9462,2.21201,0,0,2.14519,0.243496,0.36288,3.6288,61.308,0.21371,0,0,0.794128,0.185039,0.39538,0.66528,12.849,1,0.453886,0.36288,0,44.7034,4.30363,40.3088,0.84672,12.849,0.84672,3695.15,0,0.0036966,6.44287e-06,0.506779,1.4588,6.5658,1.06409,7.46727,0.42336,0.0018483,0.21168,0.0018483,0.21168,460.486,0,1.02816,0,0,1.53494,0.506779,1.028160,1,0,48.1715,0,0,0,48.1715,0
61.3417,2.20834,0,0,2.20887,0.242154,0.36288,3.6288,61.308,0.213944,0,0,1.15825,0.185039,0.75927,0.66528,12.849,1,0.458058,0.36288,0,45.3557,4.30363,40.9569,0.84672,12.849,0.84672,3695.15,0,0.0036966,6.44994e-06,2.00545,1.45907,9.03465,1.06409,11.4351,0.42336,0.0018483,0.21168,0.0018483,0.21168,460.486,0,1.02816,0,0,3.03361,2.00545,1.028160,1,0,53.1512,0,0,0,53.1512,0
64.8898,2.03896,0,0,6.19088,0.240949,0.36288,3.6288,61.308,0.0893929,0,0,3.46792,0.185039,3.19349,0.66528,12.849,1,0.427092,0.36288,0,140.484,4.30363,136.116,0.84672,12.849,0.84672,3695.15,0,0.0036966,2.695e-06,5.12885,1.45935,18.7557,1.06409,24.2798,0.42336,0.0018483,0.21168,0.0018483,0.21168,460.486,0,1.02816,0,0,6.15701,5.12885,1.028160,1,0,163.589,0,0,0,163.589,0
65.5654,2.05884,0,0,3.33203,0.234719,0.36288,3.6288,61.308,0.0896038,0,0,1.32829,0.190946,1.04774,0.66528,12.849,1,0.407677,0.36288,0,54.9232,3.79039,51.088,0.84672,12.849,0.84672,3695.15,0,0.0036966,2.70136e-06,2.11885,1.32557,11.7447,0.997389,14.1917,0.42336,0.0018483,0.21168,0.0018483,0.21168,460.486,0,1.02816,0,0,3.14701,2.11885,1.028160,1,0,66.3275,0,0,0,66.3275,0
66.0416,2.06275,0,0,3.18418,0.282334,0.36288,3.6288,61.308,0.0898148,0,0,1.47291,0.207137,1.17596,0.66528,12.849,1,0.404241,0.36288,0,73.1165,3.36053,69.7146,0.84672,12.849,0.84672,3695.15,0,0.0036966,2.70772e-06,2.09597,1.32582,11.6309,0.848905,14.2038,0.42336,0.0018483,0.21168,0.0018483,0.21168,460.486,0,1.02816,0,0,3.12413,2.09597,1.028160,1,0,85.0944,0,0,0,85.0944,0
67.0166,2.06558,0,0,3.68688,0.283409,0.36288,3.6288,61.308,0.0900259,0,0,1.19179,0.207137,0.89463,0.66528,12.849,1,0.401877,0.36288,0,82.3841,3.36053,78.9846,0.84672,12.849,0.84672,3695.15,0,0.0036966,2.71408e-06,1.94672,1.32607,11.465,0.848905,13.8889,0.42336,0.0018483,0.21168,0.0018483,0.21168,460.486,0,1.02816,0,0,2.97488,1.94672,1.028160,1,0,93.7681,0,0,0,93.7681,0
69.3326,2.07087,0,0,5.03528,0.28561,0.36288,3.6288,61.308,0.090237,0,0,2.09403,0.207137,1.79666,0.66528,12.849,1,0.397046,0.36288,0,88.7915,3.36053,85.3969,0.84672,12.849,0.84672,3695.15,0,0.0036966,2.72045e-06,3.87465,1.32632,17.17,0.848905,21.5221,0.42336,0.0018483,0.21168,0.0018483,0.21168,460.486,0,1.02816,0,0,4.90281,3.87465,1.028160,1,0,108.716,0,0,0,108.716,0
72.29,2.14769,0,0,10.126,0.279736,4.74113,3.6288,61.308,0.126613,0,0,2.06369,0.191393,1.74568,0.66528,12.849,1,0.398019,4.74113,0,186.151,3.60282,186.892,0.84672,12.849,0.84672,3695.15,0,0.0036966,3.81711e-06,3.32769,1.32657,13.1561,0.966287,16.8441,0.42336,0.0018483,0.21168,0.0018483,0.21168,460.486,0,1.02816,0,0,4.35585,3.32769,1.028160,1,0,205.481,0,0,0,205.481,0
72.29,2.16191,0,0,6.9857,0.287303,4.53648,3.6288,61.308,0.126824,0,0,1.67899,0.195922,1.35624,0.66528,12.849,1,0.384263,4.53648,0,125.321,4.01383,125.46,0.84672,12.849,0.84672,3695.15,0,0.0036966,3.82346e-06,1.96991,1.36926,9.31133,1.07966,11.5708,0.42336,0.0018483,0.21168,0.0018483,0.21168,460.486,0,1.02816,0,0,2.99807,1.96991,1.028160,1,0,138.387,0,0,0,138.387,0
72.29,2.16231,0,0,6.77186,0.287303,4.32225,3.6288,61.308,0.127035,0,0,3.27358,0.195922,2.95063,0.66528,12.849,1,0.384333,4.32225,0,116.965,4.01383,116.889,0.84672,12.849,0.84672,3695.15,0,0.0036966,3.82981e-06,4.82099,1.36951,13.4961,1.07966,18.6069,0.42336,0.0018483,0.21168,0.0018483,0.21168,460.486,0,1.02816,0,0,5.84915,4.82099,1.028160,1,0,138.447,0,0,0,138.447,0
72.29,2.1627,0,0,6.85087,0.282573,4.4056,3.6288,61.308,0.127245,0,0,2.31679,0.203779,1.98577,0.66528,12.849,1,0.384403,4.4056,0,96.895,4.44876,96.4674,0.84672,12.849,0.84672,3695.15,0,0.0036966,3.83616e-06,3.22492,1.36976,12.008,0.981161,15.6215,0.42336,0.0018483,0.21168,0.0018483,0.21168,460.486,0,1.02816,0,0,4.25308,3.22492,1.028160,1,0,114.075,0,0,0,114.075,0
72.29,2.37408,0,0,7.88883,0.300022,5.21473,3.6288,61.308,0.263328,0,0,2.51446,0.20083,2.0503,0.66528,12.849,1,0.421974,5.21473,0,140.102,4.16751,140.727,0.84672,12.849,0.84672,3695.15,0,0.0036966,7.93875e-06,3.11824,1.37001,12.7,0.971415,16.2168,0.42336,0.0018483,0.21168,0.0018483,0.21168,460.486,0,1.02816,0,0,4.1464,3.11824,1.028160,1,0,158.994,0,0,0,158.994,0
72.29,2.37451,0,0,13.2039,0.281479,10.5479,3.6288,61.308,0.263563,0,0,3.23052,0.179785,2.78717,0.66528,12.849,1,0.422051,10.5479,0,255.836,3.5637,262.399,0.84672,12.849,0.84672,3695.15,0,0.0036966,7.94585e-06,5.91567,1.5218,19.2566,0.940418,25.7536,0.42336,0.0018483,0.21168,0.0018483,0.21168,460.486,0,1.02816,0,0,6.94383,5.91567,1.028160,1,0,290.939,0,0,0,290.939,0
72.29,2.37494,0,0,7.88607,0.288657,5.22247,3.6288,61.308,0.263799,0,0,2.23195,0.181193,1.78695,0.66528,12.849,1,0.422128,5.22247,0,161.826,3.73873,162.888,0.84672,12.849,0.84672,3695.15,0,0.0036966,7.95295e-06,2.83994,1.52208,11.165,0.981794,14.5453,0.42336,0.0018483,0.21168,0.0018483,0.21168,460.486,0,1.02816,0,0,3.8681,2.83994,1.028160,1,0,179.22,0,0,0,179.22,0
72.29,2.37538,0,0,5.699,0.288657,3.03496,3.6288,61.308,0.264035,0,0,1.68991,0.181193,1.24469,0.66528,12.849,1,0.422205,3.03496,0,103.922,3.73873,102.796,0.84672,12.849,0.84672,3695.15,0,0.0036966,7.96005e-06,1.96204,1.52236,8.09041,0.981794,10.593,0.42336,0.0018483,0.21168,0.0018483,0.21168,460.486,0,1.02816,0,0,2.9902,1.96204,1.028160,1,0,114.634,0,0,0,114.634,0
72.29,2.07466,0,0,5.27801,0.293274,2.91008,3.6288,61.308,0.0817951,0,0,1.82076,0.172484,1.56648,0.66528,12.849,1,0.368755,2.91008,0,98.5314,3.52965,97.5431,0.84672,12.849,0.84672,3695.15,0,0.0036966,2.46594e-06,2.50999,1.52263,8.33466,0.924294,11.443,0.42336,0.0018483,0.21168,0.0018483,0.21168,460.486,0,1.02816,0,0,3.53815,2.50999,1.028160,1,0,110.553,0,0,0,110.553,0
72.29,2.07504,0,0,6.80849,0.304421,4.42903,3.6288,61.308,0.0819975,0,0,2.33135,0.191964,2.05739,0.66528,12.849,1,0.368822,4.42903,0,112.549,3.32934,113.28,0.84672,12.849,0.84672,3695.15,0,0.0036966,2.47204e-06,3.3218,1.31546,9.99786,0.820104,13.815,0.42336,0.0018483,0.21168,0.0018483,0.21168,460.486,0,1.02816,0,0,4.34996,3.3218,1.028160,1,0,129.152,0,0,0,129.152,0
72.29,2.07542,0,0,7.53062,0.304421,5.15079,3.6288,61.308,0.0821999,0,0,1.98475,0.191964,1.71058,0.66528,12.849,1,0.36889,5.15079,0,94.0792,3.32934,95.5318,0.84672,12.849,0.84672,3695.15,0,0.0036966,2.47815e-06,2.88199,1.3157,9.03044,0.820104,12.408,0.42336,0.0018483,0.21168,0.0018483,0.21168,460.486,0,1.02816,0,0,3.91015,2.88199,1.028160,1,0,109.65,0,0,0,109.65,0
72.29,2.0758,0,0,6.93446,0.304421,4.55425,3.6288,61.308,0.0824025,0,0,1.95694,0.191964,1.68258,0.66528,12.849,1,0.368957,4.55425,0,96.0327,3.32934,96.8887,0.84672,12.849,0.84672,3695.15,0,0.0036966,2.48425e-06,2.82166,1.31594,8.18104,0.820104,11.4985,0.42336,0.0018483,0.21168,0.0018483,0.21168,460.486,0,1.02816,0,0,3.84982,2.82166,1.028160,1,0,110.07,0,0,0,110.07,0
72.29,2.07617,0,0,12.5032,0.304421,10.1226,3.6288,61.308,0.082605,0,0,3.27464,0.191964,3.00007,0.66528,12.849,1,0.369024,10.1226,0,181.72,3.32934,188.144,0.84672,12.849,0.84672,3695.15,0,0.0036966,2.49036e-06,5.65226,1.31618,16.2437,0.820104,22.3921,0.42336,0.0018483,0.21168,0.0018483,0.21168,460.486,0,1.02816,0,0,6.68042,5.65226,1.028160,1,0,213.536,0,0,0,213.536,0
72.29,2.15243,0,0,8.31876,0.275707,5.89063,3.6288,61.308,0.127489,0,0,2.22467,0.187248,1.90993,0.66528,12.849,1,0.382577,5.89063,0,125.294,3.61587,127.186,0.84672,12.849,0.84672,3695.15,0,0.0036966,3.8435e-06,3.04001,1.31642,11.4921,0.899045,14.9494,0.42336,0.0018483,0.21168,0.0018483,0.21168,460.486,0,1.02816,0,0,4.06817,3.04001,1.028160,1,0,144.045,0,0,0,144.045,0
72.29,2.15282,0,0,6.04768,0.28008,3.61478,3.6288,61.308,0.127699,0,0,1.5127,0.193785,1.19122,0.66528,12.849,1,0.382647,3.61478,0,102.235,3.85255,101.614,0.84672,12.849,0.84672,3695.15,0,0.0036966,3.84985e-06,1.69185,1.36793,7.49019,0.948157,9.6018,0.42336,0.0018483,0.21168,0.0018483,0.21168,460.486,0,1.02816,0,0,2.72001,1.69185,1.028160,1,0,112.407,0,0,0,112.407,0
72.29,2.15321,0,0,5.64646,0.28008,3.21316,3.6288,61.308,0.12791,0,0,1.66371,0.193785,1.34201,0.66528,12.849,1,0.382717,3.21316,0,76.8467,3.85255,75.8246,0.84672,12.849,0.84672,3695.15,0,0.0036966,3.85621e-06,1.65997,1.36818,6.65593,0.948157,8.73591,0.42336,0.0018483,0.21168,0.0018483,0.21168,460.486,0,1.02816,0,0,2.68813,1.65997,1.028160,1,0,85.9026,0,0,0,85.9026,0
72.29,2.1536,0,0,5.2549,0.277906,2.82339,3.6288,61.308,0.128121,0,0,2.13961,0.188167,1.82332,0.66528,12.849,1,0.382787,2.82339,0,71.3932,3.63579,70.198,0.84672,12.849,0.84672,3695.15,0,0.0036966,3.86257e-06,2.28443,1.36843,10.0098,0.905104,12.7575,0.42336,0.0018483,0.21168,0.0018483,0.21168,460.486,0,1.02816,0,0,3.31259,2.28443,1.028160,1,0,84.7789,0,0,0,84.7789,0
72.29,2.12431,0,0,4.69817,0.22365,2.35021,3.6288,61.308,0.110966,0,0,1.56268,0.186895,1.26482,0.66528,12.849,1,0.37758,2.35021,0,66.3751,3.84366,64.504,0.84672,12.849,0.84672,3695.15,0,0.0036966,3.34537e-06,1.50516,1.36868,6.68829,0.950098,8.61202,0.42336,0.0018483,0.21168,0.0018483,0.21168,460.486,0,1.02816,0,0,2.53332,1.50516,1.028160,1,0,74.3809,0,0,0,74.3809,0
72.29,2.1247,0,0,4.37163,0.232303,2.01463,3.6288,61.308,0.111174,0,0,1.17056,0.192157,0.867234,0.66528,12.849,1,0.377649,2.01463,0,61.5305,4.16735,59.0001,0.84672,12.849,0.84672,3695.15,0,0.0036966,3.35164e-06,1.04312,1.34896,6.04155,0.992689,7.44094,0.42336,0.0018483,0.21168,0.0018483,0.21168,460.486,0,1.02816,0,0,2.07128,1.04312,1.028160,1,0,67.3083,0,0,0,67.3083,0
72.29,2.12508,0,0,3.98182,0.148035,1.7087,3.6288,61.308,0.111381,0,0,0.978558,0.231395,0.635782,0.66528,12.849,1,0.377718,1.7087,0,55.8395,4.51331,52.6571,0.84672,12.849,0.84672,3695.15,0,0.0036966,3.3579e-06,0.869823,1.3492,5.57806,1.01335,6.78374,0.42336,0.0018483,0.21168,0.0018483,0.21168,460.486,0,1.02816,0,0,1.89798,0.869823,1.028160,1,0,60.0767,0,0,0,60.0767,0
72.29,2.12547,0,0,3.88176,0.13399,1.6223,3.6288,61.308,0.111589,0,0,1.06886,0.237934,0.719339,0.66528,12.849,1,0.377787,1.6223,0,54.109,4.57096,50.7826,0.84672,12.849,0.84672,3695.15,0,0.0036966,3.36417e-06,1.0412,1.34945,6.32223,1.01679,7.69609,0.42336,0.0018483,0.21168,0.0018483,0.21168,460.486,0,1.02816,0,0,2.06936,1.0412,1.028160,1,0,59.198,0,0,0,59.198,0
72.29,2.2267,0,0,3.62939,0.13399,1.26869,3.6288,61.308,0.173428,0,0,1.0512,0.237934,0.639841,0.66528,12.849,1,0.39578,1.26869,0,49.3417,4.57096,45.6436,0.84672,12.849,0.84672,3695.15,0,0.0036966,5.22846e-06,0.818001,1.34969,5.67469,1.01679,6.82559,0.42336,0.0018483,0.21168,0.0018483,0.21168,460.486,0,1.02816,0,0,1.84616,0.818001,1.028160,1,0,53.109,0,0,0,53.109,0
72.29,2.22711,0,0,3.61115,0.110659,1.27338,3.6288,61.308,0.173647,0,0,0.957917,0.262984,0.521285,0.66528,12.849,1,0.395852,1.27338,0,46.6557,4.86875,42.6645,0.84672,12.849,0.84672,3695.15,0,0.0036966,5.23507e-06,0.810933,1.41982,5.14619,1.15283,6.2241,0.42336,0.0018483,0.21168,0.0018483,0.21168,460.486,0,1.02816,0,0,1.83909,0.810933,1.028160,1,0,49.4099,0,0,0,49.4099,0
72.29,2.22752,0,0,3.19061,0.110659,0.852428,3.6288,61.308,0.173866,0,0,0.894853,0.262984,0.458003,0.66528,12.849,1,0.395924,0.852428,0,42.9292,4.86875,38.517,0.84672,12.849,0.84672,3695.15,0,0.0036966,5.24168e-06,0.657383,1.42007,4.58798,1.15283,5.5126,0.42336,0.0018483,0.21168,0.0018483,0.21168,460.486,0,1.02816,0,0,1.68554,0.657383,1.028160,1,0,44.4876,0,0,0,44.4876,0
72.29,2.22792,0,0,3.05422,0.110659,0.715639,3.6288,61.308,0.174086,0,0,0.836101,0.262984,0.399031,0.66528,12.849,1,0.395997,0.715639,0,40.3552,4.86875,35.8061,0.84672,12.849,0.84672,3695.15,0,0.0036966,5.2483e-06,0.509017,1.42033,4.24398,1.15283,5.02049,0.42336,0.0018483,0.21168,0.0018483,0.21168,460.486,0,1.02816,0,0,1.53718,0.509017,1.028160,1,0,41.2256,0,0,0,41.2256,0
72.29,2.22833,0,0,2.71813,0.110659,0.379137,3.6288,61.308,0.174305,0,0,0.767102,0.262984,0.329813,0.66528,12.849,1,0.396069,0.379137,0,36.3918,4.86875,31.5061,0.84672,12.849,0.84672,3695.15,0,0.0036966,5.25491e-06,0.373041,1.42059,4.08979,1.15283,4.73058,0.42336,0.0018483,0.21168,0.0018483,0.21168,460.486,0,1.02816,0,0,1.4012,0.373041,1.028160,1,0,36.5665,0,0,0,36.5665,0
72.1001,2.20878,0,0,2.45441,0.0726931,0.36288,3.6288,61.308,0.208429,0,0,0.834875,0.315299,0.311147,0.66528,12.849,1,0.392593,0.36288,0,37.8147,5.52093,32.264,0.84672,12.849,0.84672,3695.15,0,0.0036966,6.28366e-06,0.87874,1.42085,4.31193,1.37501,5.23651,0.42336,0.0018483,0.21168,0.0018483,0.21168,460.486,0,1.02816,0,0,1.9069,0.87874,1.028160,1,0,37.8117,0,0,0,37.8117,0
71.5704,2.2083,0,0,2.11988,0.0783222,0.36288,3.6288,61.308,0.208654,0,0,0.80257,0.322934,0.270981,0.66528,12.849,1,0.393543,0.36288,0,36.566,5.5734,30.962,0.84672,12.849,0.84672,3695.15,0,0.0036966,6.29046e-06,0.761789,1.4429,3.66896,1.41796,4.45569,0.42336,0.0018483,0.21168,0.0018483,0.21168,460.486,0,1.02816,0,0,1.78995,0.761789,1.028160,1,0,35.6886,0,0,0,35.6886,0
70.843,2.20623,0,0,1.91966,0.078007,0.36288,3.6288,61.308,0.20888,0,0,0.776114,0.322934,0.2443,0.66528,12.849,1,0.396084,0.36288,0,33.056,5.5734,27.4494,0.84672,12.849,0.84672,3695.15,0,0.0036966,6.29727e-06,0.683709,1.44316,3.6016,1.41796,4.31051,0.42336,0.0018483,0.21168,0.0018483,0.21168,460.486,0,1.02816,0,0,1.71187,0.683709,1.028160,1,0,32.0042,0,0,0,32.0042,0
70.0518,2.20319,0,0,1.8525,0.0775741,0.36288,3.6288,61.308,0.209106,0,0,0.72271,0.322934,0.19067,0.66528,12.849,1,0.3996,0.36288,0,30.2413,5.5734,24.6312,0.84672,12.849,0.84672,3695.15,0,0.0036966,6.30408e-06,0.481671,1.44343,3.48807,1.41796,3.99521,0.42336,0.0018483,0.21168,0.0018483,0.21168,460.486,0,1.02816,0,0,1.50983,0.481671,1.028160,1,0,28.8171,0,0,0,28.8171,0
69.1029,2.25112,0,0,1.73794,0.0728414,0.36288,3.6288,61.308,0.23957,0,0,0.681489,0.327601,0.114318,0.66528,12.849,1,0.412903,0.36288,0,27.0306,5.65257,21.328,0.84672,12.849,0.84672,3695.15,0,0.0036966,7.22249e-06,0.356858,1.44369,3.27969,1.44064,3.63959,0.42336,0.0018483,0.21168,0.0018483,0.21168,460.486,0,1.02816,0,0,1.38502,0.356858,1.028160,1,0,25.0819,0,0,0,25.0819,0
68.25,2.24675,0,0,1.81844,0.0617314,0.36288,3.6288,61.308,0.239801,0,0,0.847308,0.33927,0.268237,0.66528,12.849,1,0.41776,0.36288,0,34.1045,5.8505,28.1991,0.84672,12.849,0.84672,3695.15,0,0.0036966,7.22947e-06,0.437089,1.4787,3.22764,1.49735,3.64608,0.42336,0.0018483,0.21168,0.0018483,0.21168,460.486,0,1.02816,0,0,1.46525,0.437089,1.028160,1,0,32.1134,0,0,0,32.1134,0
67.2762,2.24276,0,0,1.69318,0.061322,0.36288,3.6288,61.308,0.240033,0,0,0.735091,0.33927,0.155789,0.66528,12.849,1,0.422231,0.36288,0,28.877,5.8505,22.9672,0.84672,12.849,0.84672,3695.15,0,0.0036966,7.23645e-06,0.555733,1.47897,3.25739,1.49735,3.79474,0.42336,0.0018483,0.21168,0.0018483,0.21168,460.486,0,1.02816,0,0,1.58389,0.555733,1.028160,1,0,26.9177,0,0,0,26.9177,0
66.1799,2.23804,0,0,1.56546,0.0608546,0.36288,3.6288,61.308,0.240264,0,0,0.681679,0.33927,0.102145,0.66528,12.849,1,0.42744,0.36288,0,27.6905,5.8505,21.7755,0.84672,12.849,0.84672,3695.15,0,0.0036966,7.24343e-06,0.362975,1.47924,2.83229,1.49735,3.17715,0.42336,0.0018483,0.21168,0.0018483,0.21168,460.486,0,1.02816,0,0,1.39114,0.362975,1.028160,1,0,25.0547,0,0,0,25.0547,0
64.98,2.38162,0,0,1.60024,0.0556547,0.36288,3.6288,61.308,0.349719,0,0,0.757037,0.34186,0.0654583,0.66528,12.849,1,0.462397,0.36288,0,26.3364,5.92527,20.3117,0.84672,12.849,0.84672,3695.15,0,0.0036966,1.05432e-05,0.550705,1.47951,3.5033,1.51229,4.02122,0.42336,0.0018483,0.21168,0.0018483,0.21168,460.486,0,1.02816,0,0,1.57886,0.550705,1.028160,1,0,24.3983,0,0,0,24.3983,0
63.9406,2.37492,0,0,1.74382,0.0454524,0.36288,3.6288,61.308,0.34997,0,0,0.813879,0.343502,0.120406,0.66528,12.849,1,0.469611,0.36288,0,29.4573,6.12733,23.2232,0.84672,12.849,0.84672,3695.15,0,0.0036966,1.05508e-05,0.615194,1.59754,4.27827,1.5721,4.91889,0.42336,0.0018483,0.21168,0.0018483,0.21168,460.486,0,1.02816,0,0,1.64335,0.615194,1.028160,1,0,28.2625,0,0,0,28.2625,0
63.1144,2.369,0,0,1.94837,0.0427098,0.36288,3.6288,61.308,0.350222,0,0,0.979724,0.344208,0.285294,0.66528,12.849,1,0.476055,0.36288,0,35.9711,6.17348,29.6844,0.84672,12.849,0.84672,3695.15,0,0.0036966,1.05584e-05,0.992105,1.59783,4.36719,1.58456,5.37255,0.42336,0.0018483,0.21168,0.0018483,0.21168,460.486,0,1.02816,0,0,2.02027,0.992105,1.028160,1,0,35.3423,0,0,0,35.3423,0
61.8897,2.36425,0,0,1.54486,0.042424,0.36288,3.6288,61.308,0.350474,0,0,0.735359,0.344208,0.0406774,0.66528,12.849,1,0.48132,0.36288,0,39.4978,6.17348,33.2058,0.84672,12.849,0.84672,3695.15,0,0.0036966,1.0566e-05,0.489154,1.59812,3.50653,1.58456,4.00923,0.42336,0.0018483,0.21168,0.0018483,0.21168,460.486,0,1.02816,0,0,1.51731,0.489154,1.028160,1,0,37.2557,0,0,0,37.2557,0
61.0057,2.35679,0,0,1.87771,0.0420002,0.36288,3.6288,61.308,0.350726,0,0,1.18227,0.344208,0.487338,0.66528,12.849,1,0.489297,0.36288,0,34.4301,6.17348,28.1302,0.84672,12.849,0.84672,3695.15,0,0.0036966,1.05736e-05,1.48747,1.59841,5.05251,1.58456,6.55382,0.42336,0.0018483,0.21168,0.0018483,0.21168,460.486,0,1.02816,0,0,2.51563,1.48747,1.028160,1,0,35.1713,0,0,0,35.1713,0
59.8394,2.27962,0,0,1.51502,0.0388335,0.36288,3.6288,61.308,0.284623,0,0,0.821517,0.307402,0.229493,0.66528,12.849,1,0.480133,0.36288,0,38.0227,5.82668,32.0787,0.84672,12.849,0.84672,3695.15,0,0.0036966,8.58074e-06,0.652329,1.59871,3.97049,1.51071,4.7108,0.42336,0.0018483,0.21168,0.0018483,0.21168,460.486,0,1.02816,0,0,1.68049,0.652329,1.028160,1,0,37.019,0,0,0,37.019,0
59.5554,2.27233,0,0,2.38749,0.0363123,0.36288,3.6288,61.308,0.284862,0,0,1.20913,0.279797,0.644474,0.66528,12.849,1,0.487926,0.36288,0,28.5467,5.56658,22.8551,0.84672,12.849,0.84672,3695.15,0,0.0036966,8.58796e-06,1.55592,1.53145,4.82751,1.45532,6.45956,0.42336,0.0018483,0.21168,0.0018483,0.21168,460.486,0,1.02816,0,0,2.58408,1.55592,1.028160,1,0,29.9591,0,0,0,29.9591,0
58.4045,2.27083,0,0,1.51905,0.0362135,0.36288,3.6288,61.308,0.285102,0,0,0.850357,0.279797,0.285459,0.66528,12.849,1,0.489929,0.36288,0,43.5709,5.56658,37.8773,0.84672,12.849,0.84672,3695.15,0,0.0036966,8.59519e-06,1.05095,1.53173,3.30975,1.45532,4.43711,0.42336,0.0018483,0.21168,0.0018483,0.21168,460.486,0,1.02816,0,0,2.07911,1.05095,1.028160,1,0,42.5999,0,0,0,42.5999,0
56.988,2.26333,0,0,1.24557,0.0358133,0.36288,3.6288,61.308,0.285342,0,0,0.77652,0.279797,0.211381,0.66528,12.849,1,0.497933,0.36288,0,25.2768,5.56658,19.5751,0.84672,12.849,0.84672,3695.15,0,0.0036966,8.60243e-06,0.405328,1.53201,2.36517,1.45532,2.84718,0.42336,0.0018483,0.21168,0.0018483,0.21168,460.486,0,1.02816,0,0,1.43349,0.405328,1.028160,1,0,22.6337,0,0,0,22.6337,0
56.3957,2.19542,0,0,2.07249,0.106497,0.36288,3.6288,61.308,0.225138,0,0,0.917765,0.267595,0.425032,0.66528,12.849,1,0.494999,0.36288,0,32.95,5.01621,27.8017,0.84672,12.849,0.84672,3695.15,0,0.0036966,6.78742e-06,0.978794,1.53229,3.71171,1.30664,4.91615,0.42336,0.0018483,0.21168,0.0018483,0.21168,460.486,0,1.02816,0,0,2.00695,0.978794,1.028160,1,0,33.1429,0,0,0,33.1429,0
55.3687,2.19159,0,0,1.68876,0.1613,0.36288,3.6288,61.308,0.291643,0,0,0.536313,0.172832,0.0718384,0.66528,12.849,1,0.499324,0.36288,0,37.2506,4.29671,32.8174,0.84672,12.849,0.84672,3695.15,0,0.0036966,8.79238e-06,0.216518,1.4725,3.09059,0.942587,3.83701,0.42336,0.0018483,0.21168,0.0018483,0.21168,460.486,0,0.961883,0,0,1.1784,0.216518,1.028160,1,0,36.7263,0,0,0,36.7263,0
56.0584,2.18447,0,0,3.39673,0.159659,0.36288,3.6288,61.308,0.225596,0,0,1.36287,0.172832,0.964445,0.66528,12.849,1,0.506934,0.36288,0,61.2531,4.29671,56.8124,0.84672,12.849,0.84672,3695.15,0,0.0036966,6.80122e-06,1.73243,1.47277,5.34159,0.942587,7.60419,0.42336,0.0018483,0.21168,0.0018483,0.21168,460.486,0,1.02816,0,0,2.76059,1.73243,1.028160,1,0,65.381,0,0,0,65.381,0
55.4271,2.18995,0,0,2.08229,0.160761,0.36288,3.6288,61.308,0.225825,0,0,1.13212,0.172832,0.733459,0.66528,12.849,1,0.501951,0.36288,0,36.5551,4.29671,32.1193,0.84672,12.849,0.84672,3695.15,0,0.0036966,6.80813e-06,1.49825,1.47304,5.36661,0.942587,7.39531,0.42336,0.0018483,0.21168,0.0018483,0.21168,460.486,0,1.02816,0,0,2.52641,1.49825,1.028160,1,0,40.248,0,0,0,40.248,0
56.3767,2.02109,0,0,3.54879,0.215212,0.36288,3.6288,61.308,0.100076,0,0,1.06622,0.193528,0.772612,0.66528,12.849,1,0.468526,0.36288,0,86.7586,4.64464,82.0083,0.84672,12.849,0.84672,3695.15,0,0.0036966,3.01706e-06,1.31428,1.47331,6.63633,1.02382,8.4001,0.42336,0.0018483,0.21168,0.0018483,0.21168,460.486,0,1.02816,0,0,2.34244,1.31428,1.028160,1,0,91.181,0,0,0,91.181,0
58.9753,2.02789,0,0,5.21706,0.227676,0.36288,3.6288,61.308,0.100282,0,0,3.38967,0.194357,3.09503,0.66528,12.849,1,0.462183,0.36288,0,121.033,4.13457,116.799,0.84672,12.849,0.84672,3695.15,0,0.0036966,3.02328e-06,2.30011,1.33824,11.5472,1.03535,14.1502,0.42336,0.0018483,0.21168,0.0018483,0.21168,460.486,0,1.02816,0,0,3.32827,2.30011,1.028160,1,0,134.044,0,0,0,134.044,0
61.1073,2.04499,0,0,4.79408,0.254236,0.36288,3.6288,61.308,0.100488,0,0,3.15432,0.179436,2.87439,0.66528,12.849,1,0.445543,0.36288,0,125.611,4.30616,121.222,0.84672,12.849,0.84672,3695.15,0,0.0036966,3.02949e-06,2.26111,1.33849,9.47419,1.03119,12.0426,0.42336,0.0018483,0.21168,0.0018483,0.21168,460.486,0,1.02816,0,0,3.28927,2.26111,1.028160,1,0,136.139,0,0,0,136.139,0
63.136,2.05821,0,0,4.70902,0.259227,0.36288,3.6288,61.308,0.100694,0,0,2.78423,0.179436,2.5041,0.66528,12.849,1,0.432779,0.36288,0,107.502,4.30616,103.126,0.84672,12.849,0.84672,3695.15,0,0.0036966,3.03571e-06,1.95201,1.33873,8.37924,1.03119,10.6388,0.42336,0.0018483,0.21168,0.0018483,0.21168,460.486,0,1.02816,0,0,2.98017,1.95201,1.028160,1,0,116.269,0,0,0,116.269,0
65.397,2.07015,0,0,4.95761,0.263587,0.36288,3.6288,61.308,0.1009,0,0,3.8954,0.179436,3.61507,0.66528,12.849,1,0.421302,0.36288,0,125.431,4.30616,121.067,0.84672,12.849,0.84672,3695.15,0,0.0036966,3.04192e-06,2.86343,1.33898,10.6079,1.03119,13.7791,0.42336,0.0018483,0.21168,0.0018483,0.21168,460.486,0,1.02816,0,0,3.89159,2.86343,1.028160,1,0,138.461,0,0,0,138.461,0
66.8146,2.14794,0,0,4.19713,0.26876,0.36288,3.6288,61.308,0.137617,0,0,2.74324,0.20298,2.40265,0.66528,12.849,1,0.422021,0.36288,0,132.894,4.40092,128.434,0.84672,12.849,0.84672,3695.15,0,0.0036966,4.14884e-06,2.10653,1.33922,8.66687,1.07998,11.0326,0.42336,0.0018483,0.21168,0.0018483,0.21168,460.486,0,1.02816,0,0,3.13469,2.10653,1.028160,1,0,141.87,0,0,0,141.87,0
71.9909,2.15583,0,0,7.96726,0.272234,0.36288,3.6288,61.308,0.137822,0,0,4.52843,0.234373,4.15624,0.66528,12.849,1,0.414585,0.36288,0,194.67,4.52729,190.091,0.84672,12.849,0.84672,3695.15,0,0.0036966,4.15503e-06,4.80272,1.3823,14.3494,1.14503,19.3894,0.42336,0.0018483,0.21168,0.0018483,0.21168,460.486,0,1.02816,0,0,5.83088,4.80272,1.028160,1,0,213.636,0,0,0,213.636,0
72.29,2.18151,0,0,6.98667,0.28339,4.22263,3.6288,61.308,0.138028,0,0,3.66045,0.234373,3.28805,0.66528,12.849,1,0.389359,4.22263,0,164.555,4.52729,163.861,0.84672,12.849,0.84672,3695.15,0,0.0036966,4.16122e-06,3.80049,1.38255,13.6598,1.14503,17.6978,0.42336,0.0018483,0.21168,0.0018483,0.21168,460.486,0,1.02816,0,0,4.82865,3.80049,1.028160,1,0,184.847,0,0,0,184.847,0
72.29,2.18327,0,0,9.00487,0.284034,6.53757,3.6288,61.308,0.138233,0,0,3.78168,0.234373,3.40908,0.66528,12.849,1,0.388059,6.53757,0,226.079,4.52729,227.701,0.84672,12.849,0.84672,3695.15,0,0.0036966,4.16742e-06,5.02384,1.38279,14.2699,1.14503,19.5315,0.42336,0.0018483,0.21168,0.0018483,0.21168,460.486,0,1.02816,0,0,6.052,5.02384,1.028160,1,0,250.641,0,0,0,250.641,0
72.29,2.39664,0,0,6.37217,0.274645,3.70089,3.6288,61.308,0.275602,0,0,4.76518,0.220983,4.26859,0.66528,12.849,1,0.425985,3.70089,0,180.318,4.19122,179.401,0.84672,12.849,0.84672,3695.15,0,0.0036966,8.30879e-06,4.50282,1.38304,13.5957,1.04963,18.4319,0.42336,0.0018483,0.21168,0.0018483,0.21168,460.486,0,1.02816,0,0,5.53098,4.50282,1.028160,1,0,202.102,0,0,0,202.102,0
72.29,2.39706,0,0,10.9243,0.281165,8.2461,3.6288,61.308,0.275832,0,0,4.33973,0.273196,3.7907,0.66528,12.849,1,0.42606,8.2461,0,201.54,4.09193,205.268,0.84672,12.849,0.84672,3695.15,0,0.0036966,8.31572e-06,4.16146,1.53626,16.0285,1.17456,20.5517,0.42336,0.0018483,0.21168,0.0018483,0.21168,460.486,0,1.02816,0,0,5.18962,4.16146,1.028160,1,0,229.611,0,0,0,229.611,0
72.29,2.39749,0,0,8.6,0.264263,5.93825,3.6288,61.308,0.276062,0,0,4.09323,0.24983,3.56734,0.66528,12.849,1,0.426135,5.93825,0,185.446,3.65988,187.298,0.84672,12.849,0.84672,3695.15,0,0.0036966,8.32265e-06,3.85039,1.53654,15.0793,1.00168,19.4645,0.42336,0.0018483,0.21168,0.0018483,0.21168,460.486,0,1.02816,0,0,4.87855,3.85039,1.028160,1,0,210.33,0,0,0,210.33,0
72.29,2.39791,0,0,7.41545,0.264263,4.75328,3.6288,61.308,0.276291,0,0,3.95769,0.24983,3.43157,0.66528,12.849,1,0.42621,4.75328,0,174.925,3.65988,175.592,0.84672,12.849,0.84672,3695.15,0,0.0036966,8.32957e-06,3.4886,1.53681,13.9154,1.00168,17.9391,0.42336,0.0018483,0.21168,0.0018483,0.21168,460.486,0,1.02816,0,0,4.51676,3.4886,1.028160,1,0,196.962,0,0,0,196.962,0
72.29,2.09433,0,0,8.45398,0.264263,6.09539,3.6288,61.308,0.0923166,0,0,4.17361,0.24983,3.83147,0.66528,12.849,1,0.372251,6.09539,0,225.666,3.65988,227.729,0.84672,12.849,0.84672,3695.15,0,0.0036966,2.78314e-06,3.86884,1.53708,14.1738,1.00168,18.5781,0.42336,0.0018483,0.21168,0.0018483,0.21168,460.486,0,1.02816,0,0,4.897,3.86884,1.028160,1,0,250.138,0,0,0,250.138,0
72.29,2.0947,0,0,4.40834,0.286583,2.02706,3.6288,61.308,0.0925141,0,0,2.71721,0.29143,2.33327,0.66528,12.849,1,0.372316,2.02706,0,130.674,3.57714,128.752,0.84672,12.849,0.84672,3695.15,0,0.0036966,2.78909e-06,2.88738,1.32793,10.234,1.1233,13.326,0.42336,0.0018483,0.21168,0.0018483,0.21168,460.486,0,1.02816,0,0,3.91554,2.88738,1.028160,1,0,144.411,0,0,0,144.411,0
72.29,2.09507,0,0,3.97156,0.286583,1.58991,3.6288,61.308,0.0927116,0,0,1.55796,0.29143,1.17382,0.66528,12.849,1,0.372382,1.58991,0,134.228,3.57714,131.868,0.84672,12.849,0.84672,3695.15,0,0.0036966,2.79505e-06,1.45829,1.32816,6.48453,1.1233,8.14768,0.42336,0.0018483,0.21168,0.0018483,0.21168,460.486,0,1.02816,0,0,2.48645,1.45829,1.028160,1,0,141.189,0,0,0,141.189,0
72.29,2.09543,0,0,7.97139,0.300147,5.57581,3.6288,61.308,0.0929091,0,0,3.76437,0.250418,3.42104,0.66528,12.849,1,0.372448,5.57581,0,218.875,3.23049,220.848,0.84672,12.849,0.84672,3695.15,0,0.0036966,2.801e-06,3.00116,1.3284,12.5694,0.962216,15.9367,0.42336,0.0018483,0.21168,0.0018483,0.21168,460.486,0,1.02816,0,0,4.02932,3.00116,1.028160,1,0,240.206,0,0,0,240.206,0
72.29,2.0958,0,0,4.81446,0.305572,2.41308,3.6288,61.308,0.0931068,0,0,2.72855,0.234014,2.40143,0.66528,12.849,1,0.372513,2.41308,0,144.31,3.09183,143.259,0.84672,12.849,0.84672,3695.15,0,0.0036966,2.80696e-06,1.99443,1.32863,8.62197,0.897784,11.0472,0.42336,0.0018483,0.21168,0.0018483,0.21168,460.486,0,1.02816,0,0,3.02259,1.99443,1.028160,1,0,156.708,0,0,0,156.708,0
72.29,2.17276,0,0,4.78179,0.329775,2.27925,3.6288,61.308,0.138408,0,0,2.32727,0.208342,1.98052,0.66528,12.849,1,0.386192,2.27925,0,96.825,3.06093,95.6572,0.84672,12.849,0.84672,3695.15,0,0.0036966,4.17268e-06,1.39762,1.32887,6.80695,0.878035,8.65539,0.42336,0.0018483,0.21168,0.0018483,0.21168,460.486,0,1.02816,0,0,2.42578,1.39762,1.028160,1,0,106.293,0,0,0,106.293,0
72.29,2.17315,0,0,3.66873,0.347928,1.14766,3.6288,61.308,0.138613,0,0,1.83018,0.189088,1.50248,0.66528,12.849,1,0.38626,1.14766,0,89.1648,3.03775,86.8884,0.84672,12.849,0.84672,3695.15,0,0.0036966,4.17888e-06,1.39344,1.38085,6.9725,0.863223,8.88356,0.42336,0.0018483,0.21168,0.0018483,0.21168,460.486,0,1.02816,0,0,2.4216,1.39344,1.028160,1,0,97.2745,0,0,0,97.2745,0
72.29,2.17353,0,0,3.57644,0.347928,1.05498,3.6288,61.308,0.138819,0,0,1.62778,0.189088,1.29987,0.66528,12.849,1,0.386328,1.05498,0,83.8685,3.03775,81.4994,0.84672,12.849,0.84672,3695.15,0,0.0036966,4.18508e-06,0.953614,1.3811,6.86032,0.863223,8.3318,0.42336,0.0018483,0.21168,0.0018483,0.21168,460.486,0,1.02816,0,0,1.98177,0.953614,1.028160,1,0,91.131,0,0,0,91.131,0
72.1108,2.17391,0,0,2.63964,0.282022,0.36288,3.6288,61.308,0.139025,0,0,1.28618,0.210929,0.936222,0.66528,12.849,1,0.386397,0.36288,0,55.0739,3.23232,51.818,0.84672,12.849,0.84672,3695.15,0,0.0036966,4.19129e-06,0.663967,1.38134,4.67387,0.876808,5.84236,0.42336,0.0018483,0.21168,0.0018483,0.21168,460.486,0,1.02816,0,0,1.69213,0.663967,1.028160,1,0,58.5966,0,0,0,58.5966,0
71.6447,2.14352,0,0,2.3184,0.278134,0.36288,3.6288,61.308,0.121701,0,0,1.12294,0.205267,0.795973,0.66528,12.849,1,0.381942,0.36288,0,49.4578,3.2877,46.151,0.84672,12.849,0.84672,3695.15,0,0.0036966,3.669e-06,0.535144,1.38158,4.05107,0.929092,5.0387,0.42336,0.0018483,0.21168,0.0018483,0.21168,460.486,0,1.02816,0,0,1.5633,0.535144,1.028160,1,0,51.9857,0,0,0,51.9857,0
71.5203,2.1418,0,0,2.64871,0.268417,0.36288,3.6288,61.308,0.121903,0,0,1.62638,0.191112,1.31336,0.66528,12.849,1,0.384117,0.36288,0,56.2473,3.42615,52.7999,0.84672,12.849,0.84672,3695.15,0,0.0036966,3.67511e-06,1.25258,1.36167,6.26514,1.0598,7.81958,0.42336,0.0018483,0.21168,0.0018483,0.21168,460.486,0,1.02816,0,0,2.28074,1.25258,1.028160,1,0,61.9328,0,0,0,61.9328,0
72.2382,2.14161,0,0,3.49053,0.268162,0.36288,3.6288,61.308,0.122106,0,0,1.816,0.191112,1.50278,0.66528,12.849,1,0.384751,0.36288,0,62.0912,3.42615,58.6432,0.84672,12.849,0.84672,3695.15,0,0.0036966,3.68123e-06,1.38126,1.36191,5.45168,1.0598,7.13505,0.42336,0.0018483,0.21168,0.0018483,0.21168,460.486,0,1.02816,0,0,2.40942,1.38126,1.028160,1,0,67.281,0,0,0,67.281,0
72.29,2.14523,0,0,3.14748,0.239199,0.711236,3.6288,61.308,0.122309,0,0,1.77039,0.198253,1.44983,0.66528,12.849,1,0.381572,0.711236,0,67.4773,3.64287,64.1641,0.84672,12.849,0.84672,3695.15,0,0.0036966,3.68734e-06,1.30945,1.36215,5.13816,1.01968,6.79008,0.42336,0.0018483,0.21168,0.0018483,0.21168,460.486,0,1.02816,0,0,2.33761,1.30945,1.028160,1,0,72.404,0,0,0,72.404,0
71.8221,2.24763,0,0,2.3591,0.21646,0.36288,3.6288,61.308,0.184722,0,0,1.53089,0.203608,1.14256,0.66528,12.849,1,0.3995,0.36288,0,50.7867,3.80541,46.9447,0.84672,12.849,0.84672,3695.15,0,0.0036966,5.56895e-06,0.999994,1.36239,4.58151,0.989592,5.95429,0.42336,0.0018483,0.21168,0.0018483,0.21168,460.486,0,1.02816,0,0,2.02815,0.999994,1.028160,1,0,54.0415,0,0,0,54.0415,0
71.7195,2.24582,0,0,2.69996,0.193873,0.36288,3.6288,61.308,0.184935,0,0,1.92259,0.177445,1.56021,0.66528,12.849,1,0.401778,0.36288,0,63.1683,3.66546,59.464,0.84672,12.849,0.84672,3695.15,0,0.0036966,5.57539e-06,1.56826,1.43316,6.26622,0.8789,8.38873,0.42336,0.0018483,0.21168,0.0018483,0.21168,460.486,0,1.02816,0,0,2.59642,1.56826,1.028160,1,0,69.4129,0,0,0,69.4129,0
71.5778,2.24573,0,0,2.65697,0.190088,0.36288,3.6288,61.308,0.185149,0,0,1.62218,0.173084,1.26394,0.66528,12.849,1,0.402337,0.36288,0,60.8771,3.64213,57.1955,0.84672,12.849,0.84672,3695.15,0,0.0036966,5.58184e-06,1.24315,1.43341,6.11823,0.860452,7.93433,0.42336,0.0018483,0.21168,0.0018483,0.21168,460.486,0,1.02816,0,0,2.27131,1.24315,1.028160,1,0,66.3938,0,0,0,66.3938,0
71.2859,2.24545,0,0,2.49585,0.179415,0.36288,3.6288,61.308,0.185363,0,0,1.55127,0.188079,1.17783,0.66528,12.849,1,0.403083,0.36288,0,55.1933,3.84587,51.3072,0.84672,12.849,0.84672,3695.15,0,0.0036966,5.58829e-06,0.933085,1.43367,5.19034,0.915006,6.64208,0.42336,0.0018483,0.21168,0.0018483,0.21168,460.486,0,1.02816,0,0,1.96125,0.933085,1.028160,1,0,59.1271,0,0,0,59.1271,0
70.8912,2.24445,0,0,2.32902,0.116348,0.36288,3.6288,61.308,0.185577,0,0,1.46688,0.278051,1.00325,0.66528,12.849,1,0.404553,0.36288,0,53.1166,5.06824,48.0067,0.84672,12.849,0.84672,3695.15,0,0.0036966,5.59475e-06,0.787234,1.43392,4.77563,1.24233,5.75445,0.42336,0.0018483,0.21168,0.0018483,0.21168,460.486,0,1.02816,0,0,1.81539,0.787234,1.028160,1,0,54.7644,0,0,0,54.7644,0
70.5254,2.22285,0,0,2.3438,0.123921,0.36288,3.6288,61.308,0.220013,0,0,1.19431,0.282296,0.691998,0.66528,12.849,1,0.40289,0.36288,0,38.5839,5.15375,33.3902,0.84672,12.849,0.84672,3695.15,0,0.0036966,6.63291e-06,0.825958,1.43417,4.08362,1.28189,5.06185,0.42336,0.0018483,0.21168,0.0018483,0.21168,460.486,0,1.02816,0,0,1.85412,0.825958,1.028160,1,0,39.144,0,0,0,39.144,0
70.1929,2.22147,0,0,2.38133,0.1295,0.36288,3.6288,61.308,0.220233,0,0,1.00123,0.285479,0.495516,0.66528,12.849,1,0.404729,0.36288,0,30.2734,5.21787,25.0137,0.84672,12.849,0.84672,3695.15,0,0.0036966,6.63955e-06,0.813845,1.45642,3.86491,1.31156,4.82361,0.42336,0.0018483,0.21168,0.0018483,0.21168,460.486,0,1.02816,0,0,1.842,0.813845,1.028160,1,0,30.3328,0,0,0,30.3328,0
69.682,2.22024,0,0,2.20139,0.129168,0.36288,3.6288,61.308,0.220454,0,0,0.967965,0.285479,0.462032,0.66528,12.849,1,0.406422,0.36288,0,30.0905,5.21787,24.8291,0.84672,12.849,0.84672,3695.15,0,0.0036966,6.64619e-06,0.78268,1.45668,3.91901,1.31156,4.8468,0.42336,0.0018483,0.21168,0.0018483,0.21168,460.486,0,1.02816,0,0,1.81084,0.78268,1.028160,1,0,30.1379,0,0,0,30.1379,0
68.9708,2.21812,0,0,1.9985,0.12866,0.36288,3.6288,61.308,0.220674,0,0,0.914414,0.285479,0.408261,0.66528,12.849,1,0.40901,0.36288,0,29.1962,5.21787,23.9322,0.84672,12.849,0.84672,3695.15,0,0.0036966,6.65283e-06,0.605033,1.45693,3.68383,1.31156,4.43423,0.42336,0.0018483,0.21168,0.0018483,0.21168,460.486,0,1.02816,0,0,1.63319,0.605033,1.028160,1,0,28.7747,0,0,0,28.7747,0
68.0774,2.26665,0,0,1.8548,0.118696,0.36288,3.6288,61.308,0.251415,0,0,0.849511,0.301542,0.296554,0.66528,12.849,1,0.422268,0.36288,0,25.3031,5.4585,19.7852,0.84672,12.849,0.84672,3695.15,0,0.0036966,7.5796e-06,0.48422,1.45719,3.5607,1.38121,4.12089,0.42336,0.0018483,0.21168,0.0018483,0.21168,460.486,0,1.02816,0,0,1.51238,0.48422,1.028160,1,0,24.2027,0,0,0,24.2027,0
67.5927,2.26238,0,0,2.23553,0.0949836,0.36288,3.6288,61.308,0.251641,0,0,0.976864,0.321134,0.404089,0.66528,12.849,1,0.427005,0.36288,0,31.3402,5.91423,25.3619,0.84672,12.849,0.84672,3695.15,0,0.0036966,7.5864e-06,0.68777,1.49252,4.1242,1.4385,4.86598,0.42336,0.0018483,0.21168,0.0018483,0.21168,460.486,0,1.02816,0,0,1.71593,0.68777,1.028160,1,0,30.6319,0,0,0,30.6319,0
66.9098,2.26021,0,0,2.03483,0.0946227,0.36288,3.6288,61.308,0.251866,0,0,0.805715,0.321134,0.232714,0.66528,12.849,1,0.429653,0.36288,0,25.2431,5.91423,19.2621,0.84672,12.849,0.84672,3695.15,0,0.0036966,7.59321e-06,0.724835,1.49278,3.83232,1.4385,4.61144,0.42336,0.0018483,0.21168,0.0018483,0.21168,460.486,0,1.02816,0,0,1.753,0.724835,1.028160,1,0,24.1062,0,0,0,24.1062,0
66.0465,2.25693,0,0,1.85068,0.0941143,0.36288,3.6288,61.308,0.252092,0,0,0.750367,0.321134,0.17714,0.66528,12.849,1,0.433408,0.36288,0,23.5321,5.91423,17.5473,0.84672,12.849,0.84672,3695.15,0,0.0036966,7.60002e-06,0.451604,1.49305,3.41537,1.4385,3.92151,0.42336,0.0018483,0.21168,0.0018483,0.21168,460.486,0,1.02816,0,0,1.47976,0.451604,1.028160,1,0,21.646,0,0,0,21.646,0
65.2096,2.40302,0,0,2.01537,0.0863565,0.36288,3.6288,61.308,0.362559,0,0,0.885704,0.319334,0.203811,0.66528,12.849,1,0.467495,0.36288,0,23.6434,6.02237,17.5165,0.84672,12.849,0.84672,3695.15,0,0.0036966,1.09304e-05,0.836637,1.49331,4.82907,1.46441,5.6946,0.42336,0.0018483,0.21168,0.0018483,0.21168,460.486,0,1.02816,0,0,1.8648,0.836637,1.028160,1,0,23.4149,0,0,0,23.4149,0
64.4949,2.39843,0,0,2.1333,0.0867266,0.36288,3.6288,61.308,0.362805,0,0,0.820307,0.304691,0.152812,0.66528,12.849,1,0.472591,0.36288,0,27.9665,6.00825,21.8485,0.84672,12.849,0.84672,3695.15,0,0.0036966,1.09378e-05,0.83217,1.61243,4.74478,1.49139,5.69797,0.42336,0.0018483,0.21168,0.0018483,0.21168,460.486,0,1.02816,0,0,1.86033,0.83217,1.028160,1,0,27.6993,0,0,0,27.6993,0
64.0826,2.39449,0,0,2.43565,0.0905555,0.36288,3.6288,61.308,0.36305,0,0,0.98407,0.310406,0.310614,0.66528,12.849,1,0.477042,0.36288,0,37.8408,5.95245,31.7742,0.84672,12.849,0.84672,3695.15,0,0.0036966,1.09452e-05,1.21802,1.61271,5.32062,1.48183,6.66951,0.42336,0.0018483,0.21168,0.0018483,0.21168,460.486,0,1.02816,0,0,2.24618,1.21802,1.028160,1,0,38.7543,0,0,0,38.7543,0
63.1614,2.39235,0,0,1.92425,0.0902544,0.36288,3.6288,61.308,0.363296,0,0,0.71833,0.310406,0.0446278,0.66528,12.849,1,0.479683,0.36288,0,39.0506,5.95245,32.9814,0.84672,12.849,0.84672,3695.15,0,0.0036966,1.09526e-05,0.58104,1.61299,4.21591,1.48183,4.9281,0.42336,0.0018483,0.21168,0.0018483,0.21168,460.486,0,1.02816,0,0,1.6092,0.58104,1.028160,1,0,37.9541,0,0,0,37.9541,0
62.7052,2.38696,0,0,2.38323,0.0895816,0.36288,3.6288,61.308,0.363541,0,0,1.19507,0.310406,0.52112,0.66528,12.849,1,0.485582,0.36288,0,34.6077,5.95245,28.5325,0.84672,12.849,0.84672,3695.15,0,0.0036966,1.096e-05,1.842,1.61328,6.33521,1.48183,8.30865,0.42336,0.0018483,0.21168,0.0018483,0.21168,460.486,0,1.02816,0,0,2.87016,1.842,1.028160,1,0,37.3623,0,0,0,37.3623,0
61.8985,2.3117,0,0,1.98474,0.116907,0.36288,3.6288,61.308,0.296816,0,0,0.828058,0.280854,0.250388,0.66528,12.849,1,0.473692,0.36288,0,31.9537,5.40109,26.4418,0.84672,12.849,0.84672,3695.15,0,0.0036966,8.94833e-06,0.64946,1.61356,5.29408,1.27401,6.28309,0.42336,0.0018483,0.21168,0.0018483,0.21168,460.486,0,1.02816,0,0,1.67762,0.64946,1.028160,1,0,32.9753,0,0,0,32.9753,0
61.6248,2.30699,0,0,2.54354,0.14732,0.36288,3.6288,61.308,0.298613,0,0,0.867093,0.273627,0.294853,0.66528,12.849,1,0.478889,0.36288,0,30.7681,5.52856,25.1235,0.84672,12.849,0.84672,3695.15,0,0.0036966,9.00253e-06,0.216518,1.54568,4.69866,1.3327,5.12815,0.42336,0.0018483,0.21168,0.0018483,0.21168,460.486,0,1.0266,0,0,1.24311,0.216518,1.028160,1,0,30.5465,0,0,0,30.5465,0
60.9491,2.30564,0,0,2.13979,0.146988,0.36288,3.6288,61.308,0.297283,0,0,1.23002,0.273627,0.659106,0.66528,12.849,1,0.480734,0.36288,0,27.9024,5.52856,22.2559,0.84672,12.849,0.84672,3695.15,0,0.0036966,8.96243e-06,1.12757,1.54595,5.3038,1.3327,6.64462,0.42336,0.0018483,0.21168,0.0018483,0.21168,460.486,0,1.02816,0,0,2.15573,1.12757,1.028160,1,0,29.5597,0,0,0,29.5597,0
59.9694,2.30164,0,0,1.83095,0.146168,0.36288,3.6288,61.308,0.34069,0,0,0.679372,0.273627,0.0650551,0.66528,12.849,1,0.485221,0.36288,0,27.875,5.52856,22.2241,0.84672,12.849,0.84672,3695.15,0,0.0036966,1.0271e-05,0.216518,1.54622,3.9473,1.3327,4.37734,0.42336,0.0018483,0.21168,0.0018483,0.21168,460.486,0,0.984986,0,0,1.2015,0.216518,1.028160,1,0,26.6665,0,0,0,26.6665,0
59.1178,2.23622,0,0,1.91027,0.162706,0.36288,3.6288,61.308,0.316717,0,0,0.654028,0.258465,0.0788456,0.66528,12.849,1,0.479131,0.36288,0,26.7932,5.32094,21.3561,0.84672,12.849,0.84672,3695.15,0,0.0036966,9.54832e-06,0.216518,1.5465,3.9723,1.2678,4.46751,0.42336,0.0018483,0.21168,0.0018483,0.21168,460.486,0,0.948188,0,0,1.16471,0.216518,1.028160,1,0,25.9024,0,0,0,25.9024,0
59.4297,2.23094,0,0,3.15256,0.246877,0.36288,3.6288,61.308,0.236971,0,0,0.853145,0.214802,0.401372,0.66528,12.849,1,0.484885,0.36288,0,50.8219,4.24032,46.4596,0.84672,12.849,0.84672,3695.15,0,0.0036966,7.14415e-06,0.640734,1.48614,5.99587,0.954107,7.16863,0.42336,0.0018483,0.21168,0.0018483,0.21168,460.486,0,1.02816,0,0,1.66889,0.640734,1.028160,1,0,54.0296,0,0,0,54.0296,0
59.1108,2.23343,0,0,2.52501,0.24762,0.36288,3.6288,61.0139,0.66163,0,0,0.582308,0.214802,0,0.66528,12.849,1,0.482879,0.36288,0,42.8032,4.24032,38.4428,0.84672,12.849,0.84672,3695.15,0,0.0036966,1.99467e-05,0.292723,1.4864,5.10115,0.954107,5.92615,0.42336,0.0018483,0.21168,0.0018483,0.21168,460.486,0,0.603711,0,0,0.896435,0.292723,1.028160,1,0,44.369,0,0,0,44.369,0
61.7494,2.23168,0,0,5.48007,0.246861,0.36288,3.6288,61.308,0.237418,0,0,1.2155,0.214402,0.469559,0.66528,12.849,1,0.485104,0.36288,0,64.0456,4.24032,59.683,0.84672,12.849,0.84672,3695.15,0,0.0036966,7.19212e-06,0.97924,1.48667,7.37727,0.954107,8.88907,0.42336,0.0018483,0.21168,0.0018483,0.21168,460.486,0,1.02816,0,0,2.0074,0.97924,1.028160,1,0,69.0416,0,0,0,69.0416,0
70.2516,2.07985,0,0,11.1977,0.252716,0.36288,3.6288,61.308,0.110499,0,0,2.35223,0.214802,2.02693,0.66528,12.849,1,0.432781,0.36288,0,128.29,4.24032,123.98,0.84672,12.849,0.84672,3695.15,0,0.0036966,3.3313e-06,3.35633,1.48693,11.8445,0.954107,15.7336,0.42336,0.0018483,0.21168,0.0018483,0.21168,460.486,0,1.02816,0,0,4.38449,3.35633,1.028160,1,0,141.74,0,0,0,141.74,0
72.29,2.12451,0,0,11.0086,0.284013,6.56168,3.6288,61.308,0.1107,0,0,2.94138,0.220567,2.61012,0.66528,12.849,1,0.388571,6.56168,0,76.1573,4.1204,78.21,0.84672,12.849,0.84672,3695.15,0,0.0036966,3.33736e-06,2.08903,1.35061,14.5009,1.02374,16.9168,0.42336,0.0018483,0.21168,0.0018483,0.21168,460.486,0,1.02816,0,0,3.11719,2.08903,1.028160,1,0,97.7369,0,0,0,97.7369,0
72.29,2.13419,0,0,13.6671,0.293991,11.2389,3.6288,61.308,0.110901,0,0,5.00197,0.222873,4.6682,0.66528,12.849,1,0.379336,11.2389,0,90.93,4.07242,97.7171,0.84672,12.849,0.84672,3695.15,0,0.0036966,3.34342e-06,3.89788,1.35085,26.3691,1.05159,30.5662,0.42336,0.0018483,0.21168,0.0018483,0.21168,460.486,0,1.02816,0,0,4.92604,3.89788,1.028160,1,0,132.952,0,0,0,132.952,0
72.29,2.13456,0,0,13.8251,0.293991,11.3966,3.6288,61.308,0.111102,0,0,4.22758,0.222873,3.8936,0.66528,12.849,1,0.379403,11.3966,0,158.424,4.07242,165.369,0.84672,12.849,0.84672,3695.15,0,0.0036966,3.34948e-06,3.04526,1.35109,19.3819,1.05159,22.7266,0.42336,0.0018483,0.21168,0.0018483,0.21168,460.486,0,1.02816,0,0,4.07342,3.04526,1.028160,1,0,191.989,0,0,0,191.989,0
72.29,2.13494,0,0,11.9947,0.3012,9.55851,3.6288,61.308,0.111303,0,0,3.48278,0.188541,3.18293,0.66528,12.849,1,0.37947,9.55851,0,176.09,3.67658,181.593,0.84672,12.849,0.84672,3695.15,0,0.0036966,3.35555e-06,2.1455,1.35132,14.0907,0.962154,16.6254,0.42336,0.0018483,0.21168,0.0018483,0.21168,460.486,0,1.02816,0,0,3.17366,2.1455,1.028160,1,0,201.401,0,0,0,201.401,0
72.29,2.20221,0,0,13.8168,0.275143,11.3395,3.6288,61.308,0.148351,0,0,3.9642,0.19751,3.61834,0.66528,12.849,1,0.391425,11.3395,0,112.722,3.85334,119.816,0.84672,12.849,0.84672,3695.15,0,0.0036966,4.47244e-06,4.14787,1.35156,15.5682,1.07888,19.9888,0.42336,0.0018483,0.21168,0.0018483,0.21168,460.486,0,1.02816,0,0,5.17603,4.14787,1.028160,1,0,143.424,0,0,0,143.424,0
72.29,2.20258,0,0,9.5217,0.264796,7.05433,3.6288,61.308,0.148551,0,0,2.00651,0.216247,1.64171,0.66528,12.849,1,0.391492,7.05433,0,152.344,3.96256,155.044,0.84672,12.849,0.84672,3695.15,0,0.0036966,4.47848e-06,6.23833,1.39503,10.5888,1.14953,17.0726,0.42336,0.0018483,0.21168,0.0018483,0.21168,460.486,0,1.02816,0,0,7.26649,6.23833,1.028160,1,0,173.758,0,0,0,173.758,0
72.29,2.20296,0,0,7.01963,0.281442,4.53523,3.6288,61.308,0.148751,0,0,1.26746,0.232246,0.886465,0.66528,12.849,1,0.391559,4.53523,0,185.546,4.30542,185.384,0.84672,12.849,0.84672,3695.15,0,0.0036966,4.48451e-06,3.1728,1.39527,8.21681,1.25648,11.5284,0.42336,0.0018483,0.21168,0.0018483,0.21168,460.486,0,1.02816,0,0,4.20096,3.1728,1.028160,1,0,197.799,0,0,0,197.799,0
72.29,2.20333,0,0,6.60398,0.281442,4.11921,3.6288,61.308,0.148951,0,0,1.04154,0.232246,0.660346,0.66528,12.849,1,0.391625,4.11921,0,158.732,4.30542,158.155,0.84672,12.849,0.84672,3695.15,0,0.0036966,4.49055e-06,2.66357,1.39551,6.26127,1.25648,9.06386,0.42336,0.0018483,0.21168,0.0018483,0.21168,460.486,0,1.02816,0,0,3.69173,2.66357,1.028160,1,0,167.879,0,0,0,167.879,0
72.29,2.41865,0,0,7.20606,0.281442,4.50597,3.6288,61.308,0.287575,0,0,1.39068,0.232246,0.870856,0.66528,12.849,1,0.429897,4.50597,0,151.746,4.30542,151.517,0.84672,12.849,0.84672,3695.15,0,0.0036966,8.66974e-06,4.90642,1.39574,9.51679,1.25648,14.5625,0.42336,0.0018483,0.21168,0.0018483,0.21168,460.486,0,1.02816,0,0,5.93458,4.90642,1.028160,1,0,166.95,0,0,0,166.95,0
72.29,2.41906,0,0,7.01631,0.295452,4.3018,3.6288,61.308,0.287799,0,0,1.47474,0.218855,0.968091,0.66528,12.849,1,0.42997,4.3018,0,162.193,4.14963,161.915,0.84672,12.849,0.84672,3695.15,0,0.0036966,8.67649e-06,3.86753,1.55037,10.2527,1.09672,14.5739,0.42336,0.0018483,0.21168,0.0018483,0.21168,460.486,0,1.02816,0,0,4.89569,3.86753,1.028160,1,0,177.457,0,0,0,177.457,0
72.29,2.41947,0,0,7.87982,0.297787,5.16256,3.6288,61.308,0.288022,0,0,1.29398,0.216623,0.789333,0.66528,12.849,1,0.430043,5.16256,0,125.512,4.12366,126.121,0.84672,12.849,0.84672,3695.15,0,0.0036966,8.68324e-06,3.18014,1.55064,7.73919,1.0701,11.3999,0.42336,0.0018483,0.21168,0.0018483,0.21168,460.486,0,1.02816,0,0,4.2083,3.18014,1.028160,1,0,138.31,0,0,0,138.31,0
72.29,2.41988,0,0,5.58594,0.306151,2.85991,3.6288,61.308,0.288246,0,0,1.19038,0.196887,0.705243,0.66528,12.849,1,0.430116,2.85991,0,139.564,3.86145,138.132,0.84672,12.849,0.84672,3695.15,0,0.0036966,8.68999e-06,2.74683,1.5509,6.55832,1.01427,9.84177,0.42336,0.0018483,0.21168,0.0018483,0.21168,460.486,0,1.02816,0,0,3.77499,2.74683,1.028160,1,0,148.679,0,0,0,148.679,0
72.29,2.11351,0,0,8.34734,0.317304,5.91653,3.6288,61.308,0.102579,0,0,1.35113,0.170572,1.07798,0.66528,12.849,1,0.37566,5.91653,0,179.495,3.51183,181.524,0.84672,12.849,0.84672,3695.15,0,0.0036966,3.09251e-06,3.34572,1.55116,7.81552,0.939843,11.7726,0.42336,0.0018483,0.21168,0.0018483,0.21168,460.486,0,1.02816,0,0,4.37388,3.34572,1.028160,1,0,194.375,0,0,0,194.375,0
72.29,2.11387,0,0,7.5098,0.303008,5.09293,3.6288,61.308,0.102771,0,0,1.68481,0.190795,1.39124,0.66528,12.849,1,0.375724,5.09293,0,114.377,3.75429,115.34,0.84672,12.849,0.84672,3695.15,0,0.0036966,3.09831e-06,2.66986,1.34009,9.56612,0.954981,12.6211,0.42336,0.0018483,0.21168,0.0018483,0.21168,460.486,0,1.02816,0,0,3.69802,2.66986,1.028160,1,0,129.352,0,0,0,129.352,0
72.29,2.11423,0,0,6.16638,0.300625,3.75152,3.6288,61.308,0.102963,0,0,1.18841,0.194165,0.891277,0.66528,12.849,1,0.375788,3.75152,0,91.6929,3.7947,91.2739,0.84672,12.849,0.84672,3695.15,0,0.0036966,3.10412e-06,1.64074,1.34032,7.71674,0.957504,9.7403,0.42336,0.0018483,0.21168,0.0018483,0.21168,460.486,0,1.02816,0,0,2.6689,1.64074,1.028160,1,0,101.905,0,0,0,101.905,0
72.29,2.11459,0,0,5.91398,0.300625,3.49877,3.6288,61.308,0.103156,0,0,1.3902,0.194165,1.09288,0.66528,12.849,1,0.375852,3.49877,0,90.8997,3.7947,90.2279,0.84672,12.849,0.84672,3695.15,0,0.0036966,3.10992e-06,1.60978,1.34055,5.9776,0.957504,7.97042,0.42336,0.0018483,0.21168,0.0018483,0.21168,460.486,0,1.02816,0,0,2.63794,1.60978,1.028160,1,0,99.2912,0,0,0,99.2912,0
72.29,2.11495,0,0,10.1806,0.298576,7.76707,3.6288,61.308,0.103348,0,0,2.14838,0.176984,1.86805,0.66528,12.849,1,0.375916,7.76707,0,190.011,3.52573,193.876,0.84672,12.849,0.84672,3695.15,0,0.0036966,3.11573e-06,4.0776,1.34078,14.0988,0.911439,18.6057,0.42336,0.0018483,0.21168,0.0018483,0.21168,460.486,0,1.02816,0,0,5.10576,4.0776,1.028160,1,0,214.35,0,0,0,214.35,0
72.29,2.1926,0,0,8.85609,0.304974,6.35852,3.6288,61.308,0.149056,0,0,1.54261,0.1673,1.22626,0.66528,12.849,1,0.389717,6.35852,0,154.665,3.35521,157.279,0.84672,12.849,0.84672,3695.15,0,0.0036966,4.4937e-06,2.82874,1.341,9.92019,0.849844,13.2401,0.42336,0.0018483,0.21168,0.0018483,0.21168,460.486,0,1.02816,0,0,3.8569,2.82874,1.028160,1,0,171.745,0,0,0,171.745,0
72.29,2.19297,0,0,7.27453,0.317145,4.76442,3.6288,61.308,0.149256,0,0,1.52217,0.184932,1.18798,0.66528,12.849,1,0.389784,4.76442,0,146.553,3.60602,147.322,0.84672,12.849,0.84672,3695.15,0,0.0036966,4.49974e-06,2.43162,1.39346,14.8803,0.849611,17.8558,0.42336,0.0018483,0.21168,0.0018483,0.21168,460.486,0,1.02816,0,0,3.45978,2.43162,1.028160,1,0,166.366,0,0,0,166.366,0
72.29,2.19334,0,0,8.22338,0.317145,5.71289,3.6288,61.308,0.149457,0,0,1.50351,0.184932,1.16912,0.66528,12.849,1,0.38985,5.71289,0,151.451,3.60602,153.168,0.84672,12.849,0.84672,3695.15,0,0.0036966,4.50578e-06,1.9899,1.39369,14.3306,0.849611,16.8646,0.42336,0.0018483,0.21168,0.0018483,0.21168,460.486,0,1.02816,0,0,3.01806,1.9899,1.028160,1,0,171.202,0,0,0,171.202,0
72.29,2.19372,0,0,6.65474,0.309601,4.15142,3.6288,61.308,0.149657,0,0,1.31789,0.184099,0.984138,0.66528,12.849,1,0.389916,4.15142,0,111.328,3.65544,111.434,0.84672,12.849,0.84672,3695.15,0,0.0036966,4.51183e-06,2.14073,1.39393,10.4417,0.852825,13.1235,0.42336,0.0018483,0.21168,0.0018483,0.21168,460.486,0,1.02816,0,0,3.16889,2.14073,1.028160,1,0,125.542,0,0,0,125.542,0
72.29,2.16385,0,0,5.26776,0.27129,2.83262,3.6288,61.308,0.132168,0,0,0.942106,0.192532,0.617405,0.66528,12.849,1,0.384608,2.83262,0,99.5414,4.23629,97.7532,0.84672,12.849,0.84672,3695.15,0,0.0036966,3.98457e-06,1.18443,1.39417,7.71872,0.926017,9.3713,0.42336,0.0018483,0.21168,0.0018483,0.21168,460.486,0,1.02816,0,0,2.21259,1.18443,1.028160,1,0,107.742,0,0,0,107.742,0
72.29,2.16422,0,0,4.88312,0.258049,2.46085,3.6288,61.308,0.132366,0,0,1.00887,0.256123,0.620378,0.66528,12.849,1,0.384673,2.46085,0,90.5844,5.03875,87.6218,0.84672,12.849,0.84672,3695.15,0,0.0036966,3.99053e-06,2.08093,1.37406,8.22105,1.14553,10.5305,0.42336,0.0018483,0.21168,0.0018483,0.21168,460.486,0,1.02816,0,0,3.10909,2.08093,1.028160,1,0,98.7727,0,0,0,98.7727,0
72.29,2.16459,0,0,4.40252,0.236055,2.00188,3.6288,61.308,0.132563,0,0,1.13128,0.249332,0.749383,0.66528,12.849,1,0.384739,2.00188,0,76.7647,4.67744,73.7044,0.84672,12.849,0.84672,3695.15,0,0.0036966,3.99648e-06,1.74914,1.3743,7.84521,1.10395,9.86469,0.42336,0.0018483,0.21168,0.0018483,0.21168,460.486,0,1.02816,0,0,2.7773,1.74914,1.028160,1,0,84.3185,0,0,0,84.3185,0
72.29,2.16496,0,0,4.2091,0.236055,1.80809,3.6288,61.308,0.132761,0,0,0.989133,0.249332,0.60704,0.66528,12.849,1,0.384804,1.80809,0,66.6274,4.67744,63.3732,0.84672,12.849,0.84672,3695.15,0,0.0036966,4.00244e-06,1.50172,1.37453,7.32871,1.10395,9.101,0.42336,0.0018483,0.21168,0.0018483,0.21168,460.486,0,1.02816,0,0,2.52988,1.50172,1.028160,1,0,73.0812,0,0,0,73.0812,0
72.29,2.26804,0,0,3.79362,0.248468,1.27711,3.6288,61.308,0.195733,0,0,0.954262,0.21872,0.539809,0.66528,12.849,1,0.403127,1.27711,0,64.2038,4.4262,60.6516,0.84672,12.849,0.84672,3695.15,0,0.0036966,5.90091e-06,1.42431,1.37477,7.08376,1.03148,8.85136,0.42336,0.0018483,0.21168,0.0018483,0.21168,460.486,0,1.02816,0,0,2.45247,1.42431,1.028160,1,0,70.0428,0,0,0,70.0428,0
72.29,2.26843,0,0,3.74801,0.216569,1.26302,3.6288,61.308,0.195941,0,0,0.916661,0.225925,0.494795,0.66528,12.849,1,0.403196,1.26302,0,59.0862,4.67719,55.2688,0.84672,12.849,0.84672,3695.15,0,0.0036966,5.9072e-06,1.35213,1.44617,6.50916,1.09907,8.20839,0.42336,0.0018483,0.21168,0.0018483,0.21168,460.486,0,1.02816,0,0,2.38029,1.35213,1.028160,1,0,63.972,0,0,0,63.972,0
72.29,2.26881,0,0,3.78733,0.197189,1.32133,3.6288,61.308,0.19615,0,0,0.849096,0.245133,0.407813,0.66528,12.849,1,0.403264,1.32133,0,54.7216,4.91158,50.7281,0.84672,12.849,0.84672,3695.15,0,0.0036966,5.91348e-06,1.10677,1.44642,6.02047,1.16476,7.40889,0.42336,0.0018483,0.21168,0.0018483,0.21168,460.486,0,1.02816,0,0,2.13493,1.10677,1.028160,1,0,58.5448,0,0,0,58.5448,0
72.29,2.2692,0,0,3.37062,0.168396,0.933024,3.6288,61.308,0.196358,0,0,0.805922,0.26402,0.345544,0.66528,12.849,1,0.403333,0.933024,0,48.4104,5.12578,43.8143,0.84672,12.849,0.84672,3695.15,0,0.0036966,5.91977e-06,1.01698,1.44666,5.85674,1.21949,7.10089,0.42336,0.0018483,0.21168,0.0018483,0.21168,460.486,0,1.02816,0,0,2.04514,1.01698,1.028160,1,0,51.2608,0,0,0,51.2608,0
72.29,2.26959,0,0,3.1912,0.146802,0.774814,3.6288,61.308,0.196567,0,0,0.772347,0.278185,0.297595,0.66528,12.849,1,0.403402,0.774814,0,46.1277,5.28643,41.2126,0.84672,12.849,0.84672,3695.15,0,0.0036966,5.92605e-06,0.896193,1.44691,5.79209,1.26053,6.87466,0.42336,0.0018483,0.21168,0.0018483,0.21168,460.486,0,1.02816,0,0,1.92435,0.896193,1.028160,1,0,48.3849,0,0,0,48.3849,0
72.29,2.24964,0,0,2.92177,0.133655,0.538475,3.6288,61.308,0.231307,0,0,0.765098,0.279895,0.253897,0.66528,12.849,1,0.399857,0.538475,0,43.4764,5.15967,38.4553,0.84672,12.849,0.84672,3695.15,0,0.0036966,6.97338e-06,1.18325,1.44716,5.42986,1.23977,6.82049,0.42336,0.0018483,0.21168,0.0018483,0.21168,460.486,0,1.02816,0,0,2.21141,1.18325,1.028160,1,0,45.5297,0,0,0,45.5297,0
72.2369,2.25002,0,0,2.67595,0.116125,0.36288,3.6288,61.308,0.231521,0,0,0.781497,0.282175,0.267801,0.66528,12.849,1,0.399925,0.36288,0,40.6367,4.99065,35.609,0.84672,12.849,0.84672,3695.15,0,0.0036966,6.97985e-06,1.59257,1.4696,4.82102,1.21209,6.67109,0.42336,0.0018483,0.21168,0.0018483,0.21168,460.486,0,1.02816,0,0,2.62073,1.59257,1.028160,1,0,42.5479,0,0,0,42.5479,0
72.0027,2.25016,0,0,2.49491,0.116078,0.36288,3.6288,61.308,0.231736,0,0,0.750902,0.282175,0.236992,0.66528,12.849,1,0.400242,0.36288,0,40.0991,4.99065,35.0711,0.84672,12.849,0.84672,3695.15,0,0.0036966,6.98632e-06,1.48695,1.46985,4.92622,1.21209,6.67092,0.42336,0.0018483,0.21168,0.0018483,0.21168,460.486,0,1.02816,0,0,2.51511,1.48695,1.028160,1,0,41.979,0,0,0,41.979,0
71.5345,2.24944,0,0,2.26002,0.115872,0.36288,3.6288,61.308,0.23195,0,0,0.717552,0.282175,0.203427,0.66528,12.849,1,0.401416,0.36288,0,39.4072,4.99065,34.378,0.84672,12.849,0.84672,3695.15,0,0.0036966,6.99279e-06,1.36196,1.4701,4.65382,1.21209,6.27378,0.42336,0.0018483,0.21168,0.0018483,0.21168,460.486,0,1.02816,0,0,2.39012,1.36196,1.028160,1,0,40.8552,0,0,0,40.8552,0
70.8187,2.30005,0,0,2.05776,0.110727,0.36288,3.6288,61.308,0.262961,0,0,0.678586,0.293144,0.122481,0.66528,12.849,1,0.413133,0.36288,0,34.6899,5.1318,29.5079,0.84672,12.849,0.84672,3695.15,0,0.0036966,7.92769e-06,1.13365,1.47035,4.51689,1.26361,5.85726,0.42336,0.0018483,0.21168,0.0018483,0.21168,460.486,0,1.02816,0,0,2.16181,1.13365,1.028160,1,0,35.4876,0,0,0,35.4876,0
70.0282,2.2969,0,0,1.97245,0.103133,0.36288,3.6288,61.308,0.263181,0,0,0.684317,0.328633,0.092503,0.66528,12.849,1,0.416739,0.36288,0,32.636,5.88924,26.6929,0.84672,12.849,0.84672,3695.15,0,0.0036966,7.93432e-06,1.04134,1.50599,4.06718,1.44007,5.17443,0.42336,0.0018483,0.21168,0.0018483,0.21168,460.486,0,1.02816,0,0,2.0695,1.04134,1.028160,1,0,31.9599,0,0,0,31.9599,0
69.1935,2.29332,0,0,1.924,0.102507,0.36288,3.6288,61.308,0.263401,0,0,0.630495,0.328633,0.0384619,0.66528,12.849,1,0.420785,0.36288,0,32.5942,5.88924,26.6471,0.84672,12.849,0.84672,3695.15,0,0.0036966,7.94095e-06,1.22596,1.50624,4.35828,1.44007,5.6504,0.42336,0.0018483,0.21168,0.0018483,0.21168,460.486,0,1.02816,0,0,2.25412,1.22596,1.028160,1,0,32.3359,0,0,0,32.3359,0
68.2398,2.28943,0,0,1.80042,0.101847,0.36288,3.6288,61.2994,0.263621,0,0,0.583616,0.328633,0,0.66528,12.849,1,0.425139,0.36288,0,29.4246,5.88924,23.4731,0.84672,12.849,0.84672,3695.15,0,0.0036966,7.94758e-06,1.12924,1.5065,3.88971,1.44007,5.08537,0.42336,0.0018483,0.21168,0.0018483,0.21168,460.486,0,1.02816,0,0,2.1574,1.12924,1.028160,1,0,28.5584,0,0,0,28.5584,0
66.9913,2.43741,0,0,1.65288,0.101092,0.36288,3.6288,61.1729,0.375074,0,0,0.577209,0.328615,0,0.66528,12.849,1,0.458944,0.36288,0,26.8974,5.88924,20.9121,0.84672,12.849,0.84672,3695.15,0,0.0036966,1.13092e-05,0.952042,1.50676,3.8043,1.44007,4.82301,0.42336,0.0018483,0.21168,0.0018483,0.21168,460.486,0,1.02816,0,0,1.9802,0.952042,1.028160,1,0,25.7351,0,0,0,25.7351,0
65.8115,2.43064,0,0,1.70235,0.0886244,0.36288,3.6288,61.1792,0.375313,0,0,0.692539,0.310951,0,0.66528,12.849,1,0.4662,0.36288,0,29.6602,6.00435,23.5525,0.84672,12.849,0.84672,3695.15,0,0.0036966,1.13398e-05,1.81339,1.62694,5.28581,1.53255,7.19357,0.42336,0.0018483,0.21168,0.0018483,0.21168,460.486,0,1.02816,0,0,2.84155,1.81339,1.028160,1,0,30.7461,0,0,0,30.7461,0
64.1935,2.42406,0,0,1.26457,0.0955777,0.36288,3.6288,61.1062,0.375552,0,0,0.591447,0.288854,0,0.66528,12.849,1,0.473273,0.36288,0,27.9901,5.82897,22.0508,0.84672,12.849,0.84672,3695.15,0,0.0036966,1.13459e-05,1.66082,1.62721,4.45187,1.54962,6.19027,0.42336,0.0018483,0.21168,0.0018483,0.21168,460.486,0,1.02816,0,0,2.68898,1.66082,1.028160,1,0,28.2411,0,0,0,28.2411,0
62.6682,2.41453,0,0,1.34644,0.0943436,0.36288,3.6288,61.0283,0.375791,0,0,0.586608,0.288721,0,0.66528,12.849,1,0.483294,0.36288,0,26.1466,5.82897,20.1972,0.84672,12.849,0.84672,3695.15,0,0.0036966,1.13667e-05,1.61931,1.62749,4.69206,1.54962,6.38923,0.42336,0.0018483,0.21168,0.0018483,0.21168,460.486,0,1.02816,0,0,2.64747,1.61931,1.028160,1,0,26.5865,0,0,0,26.5865,0
61.8184,2.40518,0,0,2.02091,0.102618,0.36288,3.6288,61.0643,0.376031,0,0,0.698484,0.286437,0,0.66528,12.849,1,0.49314,0.36288,0,38.61,5.7696,32.7101,0.84672,12.849,0.84672,3695.15,0,0.0036966,1.13884e-05,2.14243,1.62777,4.98631,1.54234,7.21416,0.42336,0.0018483,0.21168,0.0018483,0.21168,460.486,0,1.02816,0,0,3.17059,2.14243,1.028160,1,0,39.9243,0,0,0,39.9243,0
61.5909,2.32675,0,0,2.57229,0.110198,0.36288,3.6288,61.308,0.308698,0,0,1.07504,0.268485,0.254172,0.66528,12.849,1,0.483617,0.36288,0,38.6616,5.60446,32.9364,0.84672,12.849,0.84672,3695.15,0,0.0036966,9.3437e-06,3.4425,1.62805,6.26537,1.4791,9.85681,0.42336,0.0018483,0.21168,0.0018483,0.21168,460.486,0,1.02816,0,0,4.47066,3.4425,1.028160,1,0,43.0474,0,0,0,43.0474,0
60.0731,2.32567,0,0,1.25885,0.0880552,0.36288,3.6288,61.2032,0.308926,0,0,0.447854,0.243735,0,0.66528,12.849,1,0.485178,0.36288,0,20.6689,5.29536,15.2512,0.84672,12.849,0.84672,3695.15,0,0.0036966,9.31343e-06,1.20831,1.55954,3.90996,1.37011,5.3077,0.42336,0.0018483,0.21168,0.0018483,0.21168,460.486,0,1.02816,0,0,2.23647,1.20831,1.028160,1,0,20.5589,0,0,0,20.5589,0
58.3476,2.31596,0,0,1.04026,0.086927,0.36288,3.6288,61.045,0.309154,0,0,0.394552,0.243573,0,0.66528,12.849,1,0.49536,0.36288,0,19.0833,5.29536,13.6555,0.84672,12.849,0.84672,3695.15,0,0.0036966,9.33626e-06,0.960457,1.55981,3.62092,1.37011,4.77106,0.42336,0.0018483,0.21168,0.0018483,0.21168,460.486,0,1.02816,0,0,1.98862,0.960457,1.028160,1,0,18.4266,0,0,0,18.4266,0
57.441,2.30435,0,0,1.93369,0.17304,0.36288,3.6288,61.1818,0.309382,0,0,0.613816,0.167649,0,0.66528,12.849,1,0.507452,0.36288,0,33.695,4.25721,29.2932,0.84672,12.849,0.84672,3695.15,0,0.0036966,9.36735e-06,1.45639,1.56007,6.28677,1.04562,8.2576,0.42336,0.0018483,0.21168,0.0018483,0.21168,460.486,0,1.02816,0,0,2.48455,1.45639,1.028160,1,0,37.5508,0,0,0,37.5508,0
58.4847,2.23883,0,0,3.85157,0.206226,0.36288,3.6288,61.308,0.24806,0,0,0.934839,0.137496,0.423086,0.66528,12.849,1,0.500804,0.36288,0,67.5325,3.84195,63.5526,0.84672,12.849,0.84672,3695.15,0,0.0036966,7.49389e-06,2.41519,1.56034,8.98226,0.915825,12.042,0.42336,0.0018483,0.21168,0.0018483,0.21168,460.486,0,1.02816,0,0,3.44335,2.41519,1.028160,1,0,76.0176,0,0,0,76.0176,0
58.2754,2.24654,0,0,2.62727,0.227121,0.36288,3.6288,61.308,0.248278,0,0,0.898461,0.213438,0.436745,0.66528,12.849,1,0.493561,0.36288,0,58.0083,4.40994,53.4676,0.84672,12.849,0.84672,3695.15,0,0.0036966,7.48503e-06,1.67511,1.49943,9.56339,1.11385,11.6241,0.42336,0.0018483,0.21168,0.0018483,0.21168,460.486,0,1.02816,0,0,2.70327,1.67511,1.028160,1,0,65.5285,0,0,0,65.5285,0
60.201,2.24547,0,0,4.76372,0.229784,0.36288,3.6288,61.308,0.248495,0,0,1.34046,0.226076,0.86589,0.66528,12.849,1,0.495098,0.36288,0,84.5766,4.50461,79.9398,0.84672,12.849,0.84672,3695.15,0,0.0036966,7.49159e-06,3.19738,1.49969,12.1814,1.14685,15.7317,0.42336,0.0018483,0.21168,0.0018483,0.21168,460.486,0,1.02816,0,0,4.22554,3.19738,1.028160,1,0,96.5373,0,0,0,96.5373,0
61.4939,2.25891,0,0,4.14875,0.234086,0.36288,3.6288,61.308,0.248713,0,0,2.76829,0.226076,2.2935,0.66528,12.849,1,0.48213,0.36288,0,91.8726,4.50461,87.2487,0.84672,12.849,0.84672,3695.15,0,0.0036966,7.49814e-06,8.10228,1.49995,15.7371,1.14685,24.1924,0.42336,0.0018483,0.21168,0.0018483,0.21168,460.486,0,1.02816,0,0,9.13044,8.10228,1.028160,1,0,113.735,0,0,0,113.735,0
63.5984,2.0969,0,0,4.80098,0.236645,0.36288,3.6288,61.308,0.120654,0,0,1.58851,0.226076,1.24178,0.66528,12.849,1,0.438142,0.36288,0,93.0682,4.50461,88.4883,0.84672,12.849,0.84672,3695.15,0,0.0036966,3.63746e-06,2.96863,1.5002,10.5679,1.14685,13.8899,0.42336,0.0018483,0.21168,0.0018483,0.21168,460.486,0,1.02816,0,0,3.99679,2.96863,1.028160,1,0,103.62,0,0,0,103.62,0
66.189,2.10932,0,0,5.32444,0.261695,0.36288,3.6288,61.308,0.12085,0,0,2.9497,0.224125,2.60473,0.66528,12.849,1,0.426153,0.36288,0,118.968,4.2974,114.608,0.84672,12.849,0.84672,3695.15,0,0.0036966,3.64336e-06,5.86279,1.36265,18.2771,1.18717,24.3153,0.42336,0.0018483,0.21168,0.0018483,0.21168,460.486,0,1.02816,0,0,6.89095,5.86279,1.028160,1,0,141.528,0,0,0,141.528,0
68.5023,2.12365,0,0,5.08412,0.284253,0.36288,3.6288,61.308,0.121046,0,0,3.02727,0.210608,2.69561,0.66528,12.849,1,0.412256,0.36288,0,108.485,3.90085,104.534,0.84672,12.849,0.84672,3695.15,0,0.0036966,3.64927e-06,4.91261,1.36289,17.9778,1.12865,23.1246,0.42336,0.0018483,0.21168,0.0018483,0.21168,460.486,0,1.02816,0,0,5.94077,4.91261,1.028160,1,0,130.355,0,0,0,130.355,0
70.3343,2.13574,0,0,4.62005,0.289485,0.36288,3.6288,61.308,0.121242,0,0,2.54268,0.210608,2.21083,0.66528,12.849,1,0.400601,0.36288,0,112.213,3.90085,108.274,0.84672,12.849,0.84672,3695.15,0,0.0036966,3.65518e-06,3.53582,1.36312,15.0879,1.12865,18.8582,0.42336,0.0018483,0.21168,0.0018483,0.21168,460.486,0,1.02816,0,0,4.56398,3.53582,1.028160,1,0,129.343,0,0,0,129.343,0
72.29,2.14493,0,0,6.01506,0.293627,1.62077,3.6288,61.308,0.121438,0,0,3.62505,0.210608,3.293,0.66528,12.849,1,0.391846,1.62077,0,139.644,3.90085,136.972,0.84672,12.849,0.84672,3695.15,0,0.0036966,3.66108e-06,5.27469,1.36335,23.8204,1.12865,29.3298,0.42336,0.0018483,0.21168,0.0018483,0.21168,460.486,0,1.02816,0,0,6.30285,5.27469,1.028160,1,0,169.595,0,0,0,169.595,0
72.29,2.15393,0,0,4.69324,0.290415,2.24889,3.6288,61.308,0.121438,0,0,3.11003,0.205886,2.78271,0.66528,12.849,1,0.382845,2.24889,0,151.138,3.85572,149.148,0.84672,12.849,0.84672,3695.15,0,0.0036966,3.66108e-06,4.16967,1.36358,14.9864,1.07185,19.4478,0.42336,0.0018483,0.21168,0.0018483,0.21168,460.486,0,1.02816,0,0,5.19783,4.16967,1.028160,1,0,171.378,0,0,0,171.378,0
71.5396,2.22178,0,0,2.07884,0.244606,0.36288,3.6288,61.308,0.158807,0,0,0.629644,0.177556,0.293281,0.66528,12.849,1,0.394905,0.36288,0,47.6432,3.58491,44.0263,0.84672,12.849,0.84672,3695.15,0,0.0036966,4.78769e-06,2.05171,1.36358,6.41404,0.731068,9.09827,0.42336,0.0018483,0.21168,0.0018483,0.21168,460.486,0,1.02816,0,0,3.07987,2.05171,1.028160,1,0,53.4178,0,0,0,53.4178,0
72.29,2.21863,0,0,4.79722,0.243213,1.58495,3.6288,61.308,0.159002,0,0,1.781,0.177556,1.44444,0.66528,12.849,1,0.398482,1.58495,0,135.424,3.58491,133.026,0.84672,12.849,0.84672,3695.15,0,0.0036966,4.79356e-06,5.40568,1.40743,13.6607,0.731068,19.7427,0.42336,0.0018483,0.21168,0.0018483,0.21168,460.486,0,1.02816,0,0,6.43384,5.40568,1.028160,1,0,154.213,0,0,0,154.213,0
72.29,2.22251,0,0,4.59026,0.264575,2.10317,3.6288,61.308,0.159197,0,0,1.68401,0.18718,1.33763,0.66528,12.849,1,0.395034,2.10317,0,138.023,3.76782,135.963,0.84672,12.849,0.84672,3695.15,0,0.0036966,4.79943e-06,7.10752,1.40766,12.3793,0.778002,20.1165,0.42336,0.0018483,0.21168,0.0018483,0.21168,460.486,0,1.02816,0,0,8.13568,7.10752,1.028160,1,0,157.418,0,0,0,157.418,0
72.29,2.22287,0,0,6.20879,0.3145,3.67142,3.6288,61.308,0.159392,0,0,1.70709,0.21124,1.33646,0.66528,12.849,1,0.395099,3.67142,0,261.65,4.2251,260.702,0.84672,12.849,0.84672,3695.15,0,0.0036966,4.80531e-06,9.40287,1.40789,15.976,0.895338,25.8914,0.42336,0.0018483,0.21168,0.0018483,0.21168,460.486,0,1.02816,0,0,10.431,9.40287,1.028160,1,0,287.929,0,0,0,287.929,0
72.29,2.44009,0,0,4.69003,0.32902,1.92092,3.6288,61.308,0.299237,0,0,1.48008,0.179104,1.00173,0.66528,12.849,1,0.433707,1.92092,0,152.702,3.78172,150.407,0.84672,12.849,0.84672,3695.15,0,0.0036966,9.02132e-06,6.25107,1.40812,12.2756,1.00222,18.9326,0.42336,0.0018483,0.21168,0.0018483,0.21168,460.486,0,1.02816,0,0,7.27923,6.25107,1.028160,1,0,170.341,0,0,0,170.341,0
72.29,2.44049,0,0,4.3321,0.32565,1.56597,3.6288,61.308,0.299454,0,0,1.19797,0.192101,0.706415,0.66528,12.849,1,0.433778,1.56597,0,180.559,4.2291,177.462,0.84672,12.849,0.84672,3695.15,0,0.0036966,9.02788e-06,4.38474,1.56411,10.1152,1.08579,14.9783,0.42336,0.0018483,0.21168,0.0018483,0.21168,460.486,0,1.02816,0,0,5.4129,4.38474,1.028160,1,0,193.146,0,0,0,193.146,0
72.29,2.44089,0,0,8.73426,0.324325,5.96905,3.6288,61.308,0.299672,0,0,1.74095,0.161076,1.2802,0.66528,12.849,1,0.433849,5.96905,0,148.627,3.82851,150.334,0.84672,12.849,0.84672,3695.15,0,0.0036966,9.03445e-06,6.89946,1.56437,17.3119,1.00125,24.7745,0.42336,0.0018483,0.21168,0.0018483,0.21168,460.486,0,1.02816,0,0,7.92762,6.89946,1.028160,1,0,176.388,0,0,0,176.388,0
72.29,2.44129,0,0,4.07737,0.324325,1.31176,3.6288,61.308,0.29989,0,0,1.0097,0.161076,0.548739,0.66528,12.849,1,0.433921,1.31176,0,272.138,3.82851,269.187,0.84672,12.849,0.84672,3695.15,0,0.0036966,9.04101e-06,3.76381,1.56463,10.2431,1.00125,14.5702,0.42336,0.0018483,0.21168,0.0018483,0.21168,460.486,0,1.02816,0,0,4.79197,3.76381,1.028160,1,0,284.306,0,0,0,284.306,0
72.29,2.13219,0,0,7.32731,0.365977,4.82914,3.6288,61.308,0.112573,0,0,2.47908,0.125853,2.24066,0.66528,12.849,1,0.378981,4.82914,0,220.996,3.12779,222.318,0.84672,12.849,0.84672,3695.15,0,0.0036966,3.39382e-06,8.27257,1.56488,18.6348,0.897458,27.5748,0.42336,0.0018483,0.21168,0.0018483,0.21168,460.486,0,1.02816,0,0,9.30073,8.27257,1.028160,1,0,252.134,0,0,0,252.134,0
72.29,2.13254,0,0,7.58011,0.382638,5.06493,3.6288,61.308,0.11276,0,0,2.473,0.111763,2.24848,0.66528,12.849,1,0.379043,5.06493,0,255.089,2.84749,256.927,0.84672,12.849,0.84672,3695.15,0,0.0036966,3.39946e-06,8.93549,1.35194,22.5504,0.855942,31.9819,0.42336,0.0018483,0.21168,0.0018483,0.21168,460.486,0,1.02816,0,0,9.96365,8.93549,1.028160,1,0,291.158,0,0,0,291.158,0
72.29,2.13289,0,0,6.20667,0.382638,3.69114,3.6288,61.308,0.112947,0,0,1.77173,0.111763,1.54702,0.66528,12.849,1,0.379105,3.69114,0,210.14,2.84749,210.605,0.84672,12.849,0.84672,3695.15,0,0.0036966,3.40511e-06,5.18459,1.35216,16.2681,0.855942,21.9489,0.42336,0.0018483,0.21168,0.0018483,0.21168,460.486,0,1.02816,0,0,6.21275,5.18459,1.028160,1,0,234.101,0,0,0,234.101,0
72.29,2.13324,0,0,4.98787,0.283997,2.57064,3.6288,61.308,0.113134,0,0,1.29728,0.161455,1.02269,0.66528,12.849,1,0.379167,2.57064,0,145.894,3.6385,144.447,0.84672,12.849,0.84672,3695.15,0,0.0036966,3.41075e-06,3.24622,1.35238,11.2155,1.11014,14.704,0.42336,0.0018483,0.21168,0.0018483,0.21168,460.486,0,1.02816,0,0,4.27438,3.24622,1.028160,1,0,160.174,0,0,0,160.174,0
72.29,2.13359,0,0,4.36069,0.294694,1.93241,3.6288,61.308,0.113322,0,0,1.81875,0.17695,1.52847,0.66528,12.849,1,0.379229,1.93241,0,144.914,3.90038,142.567,0.84672,12.849,0.84672,3695.15,0,0.0036966,3.4164e-06,3.96505,1.3526,12.1529,1.1716,16.2989,0.42336,0.0018483,0.21168,0.0018483,0.21168,460.486,0,1.02816,0,0,4.99321,3.96505,1.028160,1,0,160.395,0,0,0,160.395,0
72.29,2.21191,0,0,5.47132,0.28653,2.97288,3.6288,61.308,0.159425,0,0,2.44062,0.183544,2.09765,0.66528,12.849,1,0.39315,2.97288,0,145.664,3.49829,144.746,0.84672,12.849,0.84672,3695.15,0,0.0036966,4.8063e-06,5.75866,1.35282,18.995,1.15087,24.9556,0.42336,0.0018483,0.21168,0.0018483,0.21168,460.486,0,1.02816,0,0,6.78682,5.75866,1.028160,1,0,171.799,0,0,0,171.799,0
72.29,2.21227,0,0,4.33463,0.28653,1.83583,3.6288,61.308,0.15962,0,0,1.65307,0.183544,1.3099,0.66528,12.849,1,0.393215,1.83583,0,168.343,3.49829,166.287,0.84672,12.849,0.84672,3695.15,0,0.0036966,4.81218e-06,3.57396,1.40573,12.9113,1.15087,16.7401,0.42336,0.0018483,0.21168,0.0018483,0.21168,460.486,0,1.02816,0,0,4.60212,3.57396,1.028160,1,0,184.337,0,0,0,184.337,0
72.29,2.21264,0,0,3.47641,0.28653,0.977243,3.6288,61.308,0.159815,0,0,1.53554,0.183544,1.19218,0.66528,12.849,1,0.393279,0.977243,0,99.4931,3.49829,96.5787,0.84672,12.849,0.84672,3695.15,0,0.0036966,4.81805e-06,3.20894,1.40596,11.0126,1.15087,14.4767,0.42336,0.0018483,0.21168,0.0018483,0.21168,460.486,0,1.02816,0,0,4.2371,3.20894,1.028160,1,0,112.248,0,0,0,112.248,0
72.29,2.213,0,0,3.53526,0.291283,1.03098,3.6288,61.308,0.16001,0,0,1.69188,0.207736,1.32414,0.66528,12.849,1,0.393344,1.03098,0,103.467,4.01007,100.094,0.84672,12.849,0.84672,3695.15,0,0.0036966,4.82393e-06,3.60972,1.40619,13.747,1.19478,17.5681,0.42336,0.0018483,0.21168,0.0018483,0.21168,460.486,0,1.02816,0,0,4.63788,3.60972,1.028160,1,0,118.986,0,0,0,118.986,0
72.29,2.18286,0,0,3.53609,0.252347,1.10089,3.6288,61.308,0.14236,0,0,1.21785,0.239455,0.836036,0.66528,12.849,1,0.387986,1.10089,0,98.8373,4.77897,94.7712,0.84672,12.849,0.84672,3695.15,0,0.0036966,4.29183e-06,2.6296,1.40642,10.5196,1.25654,13.2991,0.42336,0.0018483,0.21168,0.0018483,0.21168,460.486,0,1.02816,0,0,3.65776,2.6296,1.028160,1,0,108.906,0,0,0,108.906,0
72.29,2.18321,0,0,3.15447,0.252347,0.718911,3.6288,61.308,0.142552,0,0,1.08138,0.239455,0.699375,0.66528,12.849,1,0.38805,0.718911,0,84.8897,4.77897,80.4416,0.84672,12.849,0.84672,3695.15,0,0.0036966,4.29762e-06,2.16053,1.38613,9.13499,1.25654,11.4251,0.42336,0.0018483,0.21168,0.0018483,0.21168,460.486,0,1.02816,0,0,3.18869,2.16053,1.028160,1,0,92.5661,0,0,0,92.5661,0
72.29,2.18357,0,0,2.90665,0.235064,0.488015,3.6288,61.308,0.142744,0,0,0.990991,0.2167,0.631547,0.66528,12.849,1,0.388114,0.488015,0,79.1804,4.30713,74.9732,0.84672,12.849,0.84672,3695.15,0,0.0036966,4.30341e-06,1.96668,1.38636,8.22675,1.13687,10.4429,0.42336,0.0018483,0.21168,0.0018483,0.21168,460.486,0,1.02816,0,0,2.99484,1.96668,1.028160,1,0,86.0476,0,0,0,86.0476,0
72.2848,2.18393,0,0,2.76367,0.222101,0.36288,3.6288,61.308,0.142936,0,0,0.94729,0.199634,0.60472,0.66528,12.849,1,0.388177,0.36288,0,73.1402,3.95325,69.1616,0.84672,12.849,0.84672,3695.15,0,0.0036966,4.3092e-06,2.23824,1.38659,8.22234,1.04711,10.8001,0.42336,0.0018483,0.21168,0.0018483,0.21168,460.486,0,1.02816,0,0,3.2664,2.23824,1.028160,1,0,80.5664,0,0,0,80.5664,0
72.1105,2.28788,0,0,2.66458,0.188074,0.36288,3.6288,61.308,0.206453,0,0,1.12044,0.183997,0.729985,0.66528,12.849,1,0.406683,0.36288,0,80.4721,3.88929,76.539,0.84672,12.849,0.84672,3695.15,0,0.0036966,6.22409e-06,2.37987,1.38682,8.41916,1.00483,11.181,0.42336,0.0018483,0.21168,0.0018483,0.21168,460.486,0,1.02816,0,0,3.40803,2.37987,1.028160,1,0,88.45,0,0,0,88.45,0
71.9617,2.28742,0,0,2.66382,0.162345,0.36288,3.6288,61.308,0.206655,0,0,1.18713,0.17227,0.808202,0.66528,12.849,1,0.407584,0.36288,0,83.808,3.84132,79.922,0.84672,12.849,0.84672,3695.15,0,0.0036966,6.2302e-06,2.6691,1.45884,8.85263,0.973127,12.0074,0.42336,0.0018483,0.21168,0.0018483,0.21168,460.486,0,1.02816,0,0,3.69726,2.6691,1.028160,1,0,92.7376,0,0,0,92.7376,0
71.6751,2.28708,0,0,2.52559,0.162162,0.36288,3.6288,61.308,0.206858,0,0,0.994257,0.17227,0.615129,0.66528,12.849,1,0.408366,0.36288,0,76.8796,3.84132,72.9928,0.84672,12.849,0.84672,3695.15,0,0.0036966,6.23631e-06,2.11771,1.45908,8.21422,0.973127,10.8179,0.42336,0.0018483,0.21168,0.0018483,0.21168,460.486,0,1.02816,0,0,3.14587,2.11771,1.028160,1,0,84.4258,0,0,0,84.4258,0
71.2212,2.28607,0,0,2.35681,0.161808,0.36288,3.6288,61.308,0.207061,0,0,0.955541,0.17227,0.57621,0.66528,12.849,1,0.409818,0.36288,0,69.1373,3.84132,65.249,0.84672,12.849,0.84672,3695.15,0,0.0036966,6.24242e-06,1.68942,1.45932,7.14018,0.973127,9.31579,0.42336,0.0018483,0.21168,0.0018483,0.21168,460.486,0,1.02816,0,0,2.71758,1.68942,1.028160,1,0,75.141,0,0,0,75.141,0
70.6479,2.28423,0,0,2.16406,0.0902417,0.36288,3.6288,61.308,0.207264,0,0,0.839402,0.272516,0.359623,0.66528,12.849,1,0.412098,0.36288,0,59.5638,5.22216,54.2924,0.84672,12.849,0.84672,3695.15,0,0.0036966,6.24854e-06,1.42737,1.45956,5.7004,1.31872,7.2686,0.42336,0.0018483,0.21168,0.0018483,0.21168,460.486,0,1.02816,0,0,2.45553,1.42737,1.028160,1,0,61.9207,0,0,0,61.9207,0
69.8756,2.26134,0,0,1.94689,0.0949969,0.36288,3.6288,61.308,0.242299,0,0,0.655983,0.260713,0.152971,0.66528,12.849,1,0.411279,0.36288,0,39.6527,5.10899,34.4953,0.84672,12.849,0.84672,3695.15,0,0.0036966,7.30478e-06,1.24214,1.4598,4.02096,1.22801,5.49488,0.42336,0.0018483,0.21168,0.0018483,0.21168,460.486,0,1.02816,0,0,2.2703,1.24214,1.028160,1,0,40.1431,0,0,0,40.1431,0
68.9755,2.25787,0,0,1.81514,0.0944332,0.36288,3.6288,61.308,0.242508,0,0,0.630293,0.260713,0.127072,0.66528,12.849,1,0.415187,0.36288,0,39.1282,5.10899,33.9669,0.84672,12.849,0.84672,3695.15,0,0.0036966,7.31107e-06,1.15064,1.48242,4.10868,1.22801,5.51373,0.42336,0.0018483,0.21168,0.0018483,0.21168,460.486,0,1.02816,0,0,2.1788,1.15064,1.028160,1,0,39.6077,0,0,0,39.6077,0
67.9095,2.25368,0,0,1.64427,0.0937762,0.36288,3.6288,61.308,0.242716,0,0,0.6023,0.260713,0.0988698,0.66528,12.849,1,0.419823,0.36288,0,38.4532,5.10899,33.2873,0.84672,12.849,0.84672,3695.15,0,0.0036966,7.31736e-06,1.04236,1.48267,3.8815,1.22801,5.17852,0.42336,0.0018483,0.21168,0.0018483,0.21168,460.486,0,1.02816,0,0,2.07052,1.04236,1.028160,1,0,38.5646,0,0,0,38.5646,0
66.7068,2.2485,0,0,1.49713,0.0883963,0.36288,3.6288,61.308,0.242925,0,0,0.5696,0.271682,0.0549922,0.66528,12.849,1,0.425434,0.36288,0,33.8499,5.25014,28.5372,0.84672,12.849,0.84672,3695.15,0,0.0036966,7.32365e-06,0.844586,1.48291,3.7673,1.27953,4.81526,0.42336,0.0018483,0.21168,0.0018483,0.21168,460.486,0,1.02816,0,0,1.87275,0.844586,1.028160,1,0,33.4074,0,0,0,33.4074,0
65.6287,2.29477,0,0,1.64481,0.0652278,0.36288,3.6288,61.2593,0.274198,0,0,0.547334,0.321842,0,0.66528,12.849,1,0.442017,0.36288,0,37.8596,6.09532,31.6852,0.84672,12.849,0.84672,3695.15,0,0.0036966,8.26645e-06,0.97105,1.48315,3.87194,1.50189,4.82424,0.42336,0.0018483,0.21168,0.0018483,0.21168,460.486,0,1.02816,0,0,1.99921,0.97105,1.028160,1,0,36.5094,0,0,0,36.5094,0
64.4749,2.28908,0,0,1.56364,0.0654994,0.36288,3.6288,61.1348,0.274412,0,0,0.469069,0.319135,0,0.66528,12.849,1,0.448162,0.36288,0,32.9454,6.09504,26.7651,0.84672,12.849,0.84672,3695.15,0,0.0036966,8.27948e-06,1.08844,1.51909,3.99112,1.48743,5.11121,0.42336,0.0018483,0.21168,0.0018483,0.21168,460.486,0,1.02816,0,0,2.1166,1.08844,1.028160,1,0,31.8763,0,0,0,31.8763,0
63.2261,2.28276,0,0,1.46172,0.0648955,0.36288,3.6288,60.9753,0.274626,0,0,0.433994,0.318883,0,0.66528,12.849,1,0.454924,0.36288,0,31.3264,6.09504,25.1393,0.84672,12.849,0.84672,3695.15,0,0.0036966,8.3028e-06,0.906301,1.51934,3.50206,1.48743,4.44027,0.42336,0.0018483,0.21168,0.0018483,0.21168,460.486,0,1.02816,0,0,1.93446,0.906301,1.028160,1,0,29.5796,0,0,0,29.5796,0
61.9654,2.27567,0,0,1.44209,0.0642418,0.36288,3.6288,60.8514,0.27484,0,0,0.469542,0.318561,0,0.66528,12.849,1,0.462468,0.36288,0,29.0677,6.09504,22.8731,0.84672,12.849,0.84672,3695.15,0,0.0036966,8.33101e-06,1.0367,1.51959,3.96046,1.48743,5.02931,0.42336,0.0018483,0.21168,0.0018483,0.21168,460.486,0,1.02816,0,0,2.06486,1.0367,1.028160,1,0,27.9024,0,0,0,27.9024,0
60.5427,2.41973,0,0,1.42126,0.0613329,0.36288,3.6288,60.5886,0.387252,0,0,0.441437,0.31704,0,0.66528,12.849,1,0.50175,0.36288,0,27.0054,6.20547,20.661,0.84672,12.849,0.84672,3695.15,0,0.0036966,1.17624e-05,0.858833,1.51984,4.56034,1.53272,5.40629,0.42336,0.0018483,0.21168,0.0018483,0.21168,460.486,0,1.02816,0,0,1.88699,0.858833,1.028160,1,0,26.0673,0,0,0,26.0673,0
58.8579,2.4104,0,0,1.16199,0.0735227,0.36288,3.6288,60.2276,0.387484,0,0,0.345522,0.319002,0,0.66528,12.849,1,0.51156,0.36288,0,23.4322,6.10039,17.1831,0.84672,12.849,0.84672,3695.15,0,0.0036966,1.18205e-05,0.501068,1.64106,2.96744,1.53264,3.57691,0.42336,0.0018483,0.21168,0.0018483,0.21168,460.486,0,1.02816,0,0,1.52923,0.501068,1.028160,1,0,20.76,0,0,0,20.76,0
57.2613,2.39877,0,0,1.23736,0.0723642,0.36288,3.6288,59.9466,0.387717,0,0,0.425007,0.318271,0,0.66528,12.849,1,0.523665,0.36288,0,29.8183,6.10039,23.5571,0.84672,12.849,0.84672,3695.15,0,0.0036966,1.18985e-05,0.85663,1.64133,3.31451,1.53264,4.27981,0.42336,0.0018483,0.21168,0.0018483,0.21168,460.486,0,1.02816,0,0,1.88479,0.85663,1.028160,1,0,27.8369,0,0,0,27.8369,0
55.4579,2.38724,0,0,1.01797,0.071247,0.36288,3.6288,59.5505,0.387949,0,0,0.309528,0.317702,0,0.66528,12.849,1,0.535679,0.36288,0,27.3182,6.10039,21.045,0.84672,12.849,0.84672,3695.15,0,0.0036966,1.19614e-05,0.259995,1.64159,2.71471,1.53264,3.08365,0.42336,0.0018483,0.21168,0.0018483,0.21168,460.486,0,1.02816,0,0,1.28815,0.259995,1.028160,1,0,24.1287,0,0,0,24.1287,0
54.0467,2.37348,0,0,1.38944,0.0642512,0.36288,3.6288,59.4038,0.388182,0,0,0.559895,0.31839,0,0.66528,12.849,1,0.549911,0.36288,0,27.9235,6.03807,21.6984,0.84672,12.849,0.84672,3695.15,0,0.0036966,1.20482e-05,1.52345,1.64186,4.21197,1.53407,5.8432,0.42336,0.0018483,0.21168,0.0018483,0.21168,460.486,0,1.02816,0,0,2.55161,1.52345,1.028160,1,0,27.5416,0,0,0,27.5416,0
53.1092,2.29019,0,0,1.76073,0.045156,0.36288,3.6288,59.2732,0.320258,0,0,0.503804,0.314199,0,0.66528,12.849,1,0.544468,0.36288,0,31.6901,5.34609,26.1624,0.84672,12.849,0.84672,3695.15,0,0.0036966,9.96457e-06,0.542048,1.64213,3.29124,1.46163,4.01378,0.42336,0.0018483,0.21168,0.0018483,0.21168,460.486,0,1.02816,0,0,1.57021,0.542048,1.028160,1,0,30.1762,0,0,0,30.1762,0
52.0596,2.28283,0,0,1.74218,0.146039,0.36288,3.6288,59.3215,0.32048,0,0,0.608795,0.239984,0,0.66528,12.849,1,0.552298,0.36288,0,29.0133,3.48674,25.3371,0.84672,12.849,0.84672,3695.15,0,0.0036966,9.99344e-06,0.808402,1.57303,3.75515,1.00372,5.13285,0.42336,0.0018483,0.21168,0.0018483,0.21168,460.486,0,1.02816,0,0,1.83656,0.808402,1.028160,1,0,30.47,0,0,0,30.47,0
51.1548,2.27427,0,0,1.8871,0.154799,0.36288,3.6288,59.4834,0.320701,0,0,0.726641,0.244032,0,0.66528,12.849,1,0.56132,0.36288,0,31.8358,3.55183,28.0855,0.84672,12.849,0.84672,3695.15,0,0.0036966,9.9922e-06,0.885012,1.57328,4.30439,1.041,5.72168,0.42336,0.0018483,0.21168,0.0018483,0.21168,460.486,0,1.02816,0,0,1.91317,0.885012,1.028160,1,0,33.8072,0,0,0,33.8072,0
50.2929,2.26671,0,0,1.92106,0.153349,0.36288,3.6288,59.6611,0.320923,0,0,0.742928,0.244285,0,0.66528,12.849,1,0.569349,0.36288,0,45.2612,3.55183,41.5029,0.84672,12.849,0.84672,3695.15,0,0.0036966,9.97189e-06,1.01507,1.57354,4.63632,1.041,6.18393,0.42336,0.0018483,0.21168,0.0018483,0.21168,460.486,0,1.02816,0,0,2.04323,1.01507,1.028160,1,0,47.6869,0,0,0,47.6869,0
49.8307,2.20094,0,0,2.28056,0.178972,0.36288,3.6288,60.1108,0.259065,0,0,0.916796,0.208063,0,0.66528,12.849,1,0.562304,0.36288,0,45.138,4.02343,40.9152,0.84672,12.849,0.84672,3695.15,0,0.0036966,8.02582e-06,1.24946,1.5738,5.88736,0.995255,7.71536,0.42336,0.0018483,0.21168,0.0018483,0.21168,460.486,0,1.02816,0,0,2.27762,1.24946,1.028160,1,0,48.6305,0,0,0,48.6305,0
50.6372,2.19716,0,0,3.55539,0.188848,0.36288,3.6288,61.2666,0.259277,0,0,1.60913,0.194019,0,0.66528,12.849,1,0.566544,0.36288,0,42.1799,4.21207,37.7641,0.84672,12.849,0.84672,3695.15,0,0.0036966,7.97229e-06,2.76392,1.51236,7.82481,0.976958,11.1241,0.42336,0.0018483,0.21168,0.0018483,0.21168,460.486,0,1.02816,0,0,3.79208,2.76392,1.028160,1,0,48.8883,0,0,0,48.8883,0
50.071,2.20472,0,0,2.20069,0.199262,0.36288,3.6288,61.308,0.259488,0,0,1.07755,0.198896,0.577815,0.66528,12.849,1,0.559439,0.36288,0,35.0741,4.27006,30.6075,0.84672,12.849,0.84672,3695.15,0,0.0036966,7.82827e-06,2.04822,1.51261,7.74963,0.990496,10.32,0.42336,0.0018483,0.21168,0.0018483,0.21168,460.486,0,1.02816,0,0,3.07638,2.04822,1.028160,1,0,41.5052,0,0,0,41.5052,0
53.7495,2.20004,0,0,6.492,0.250567,0.36288,3.6288,61.308,0.2597,0,0,1.46359,0.219644,0.984247,0.66528,12.849,1,0.564566,0.36288,0,101.297,4.61801,96.4777,0.84672,12.849,0.84672,3695.15,0,0.0036966,7.82937e-06,2.49525,1.51286,11.2244,1.07173,14.1607,0.42336,0.0018483,0.21168,0.0018483,0.21168,460.486,0,1.02816,0,0,3.52341,2.49525,1.028160,1,0,111.623,0,0,0,111.623,0
56.3565,2.06353,0,0,5.24619,0.212744,0.36288,3.6288,61.308,0.130532,0,0,1.01377,0.213469,0.669773,0.66528,12.849,1,0.493294,0.36288,0,82.0083,4.28163,77.5962,0.84672,12.849,0.84672,3695.15,0,0.0036966,3.93525e-06,2.93617,1.51311,9.7182,1.06111,13.1064,0.42336,0.0018483,0.21168,0.0018483,0.21168,460.486,0,1.02816,0,0,3.96433,2.93617,1.028160,1,0,91.3724,0,0,0,91.3724,0
56.9677,2.08246,0,0,3.26634,0.209802,0.36288,3.6288,61.308,0.130722,0,0,0.754272,0.190747,0.432802,0.66528,12.849,1,0.47479,0.36288,0,50.1937,3.81555,46.2663,0.84672,12.849,0.84672,3695.15,0,0.0036966,3.94099e-06,1.06379,1.37437,9.65563,1.02692,11.0669,0.42336,0.0018483,0.21168,0.0018483,0.21168,460.486,0,1.02816,0,0,2.09195,1.06379,1.028160,1,0,57.7659,0,0,0,57.7659,0
59.67,2.08696,0,0,5.40578,0.253715,0.36288,3.6288,61.308,0.130913,0,0,1.52991,0.179881,1.21912,0.66528,12.849,1,0.470711,0.36288,0,97.9941,3.80236,94.0839,0.84672,12.849,0.84672,3695.15,0,0.0036966,3.94673e-06,2.69357,1.3746,12.8624,1.0119,15.9186,0.42336,0.0018483,0.21168,0.0018483,0.21168,460.486,0,1.02816,0,0,3.72173,2.69357,1.028160,1,0,111.222,0,0,0,111.222,0
71.1476,2.10485,0,0,14.2058,0.260467,0.36288,3.6288,61.308,0.131103,0,0,1.87508,0.179881,1.56409,0.66528,12.849,1,0.453246,0.36288,0,102.342,3.80236,98.4489,0.84672,12.849,0.84672,3695.15,0,0.0036966,3.95247e-06,3.32023,1.37482,15.8917,1.0119,19.5749,0.42336,0.0018483,0.21168,0.0018483,0.21168,460.486,0,1.02816,0,0,4.34839,3.32023,1.028160,1,0,119.588,0,0,0,119.588,0
72.29,2.16714,0,0,7.34037,0.289415,3.74139,3.6288,61.308,0.131294,0,0,1.31337,0.175187,1.00689,0.66528,12.849,1,0.391379,3.74139,0,162.193,3.84763,161.695,0.84672,12.849,0.84672,3695.15,0,0.0036966,3.95822e-06,2.28363,1.37505,13.3985,0.973379,16.0838,0.42336,0.0018483,0.21168,0.0018483,0.21168,460.486,0,1.02816,0,0,3.31179,2.28363,1.028160,1,0,178.786,0,0,0,178.786,0
72.29,2.24081,0,0,19.5738,0.318318,17.0147,3.6288,61.308,0.168977,0,0,7.72897,0.174271,7.38573,0.66528,12.849,1,0.398288,17.0147,0,310.89,4.11154,323.395,0.84672,12.849,0.84672,3695.15,0,0.0036966,5.09427e-06,4.05248,1.37527,27.9666,1.12054,32.2739,0.42336,0.0018483,0.21168,0.0018483,0.21168,460.486,0,1.02816,0,0,5.08064,4.05248,1.028160,1,0,363.054,0,0,0,363.054,0
72.29,2.24117,0,0,6.92439,0.27001,4.41321,3.6288,61.308,0.169165,0,0,1.71534,0.188745,1.35743,0.66528,12.849,1,0.398351,4.41321,0,117.366,3.63416,117.746,0.84672,12.849,0.84672,3695.15,0,0.0036966,5.09996e-06,4.3684,1.41949,13.2976,0.889008,18.1964,0.42336,0.0018483,0.21168,0.0018483,0.21168,460.486,0,1.02816,0,0,5.39656,4.3684,1.028160,1,0,137.3,0,0,0,137.3,0
72.29,2.24152,0,0,5.78103,0.30885,3.23066,3.6288,61.308,0.169355,0,0,1.42292,0.226076,1.02749,0.66528,12.849,1,0.398414,3.23066,0,99.538,4.43415,97.9361,0.84672,12.849,0.84672,3695.15,0,0.0036966,5.10566e-06,3.72654,1.41971,11.5296,1.13857,15.5372,0.42336,0.0018483,0.21168,0.0018483,0.21168,460.486,0,1.02816,0,0,4.7547,3.72654,1.028160,1,0,114.501,0,0,0,114.501,0
72.29,2.24188,0,0,6.19363,0.30885,3.6429,3.6288,61.308,0.169544,0,0,1.63128,0.226076,1.23566,0.66528,12.849,1,0.398477,3.6429,0,105.425,4.43415,104.236,0.84672,12.849,0.84672,3695.15,0,0.0036966,5.11136e-06,4.31949,1.41994,12.5002,1.13857,17.101,0.42336,0.0018483,0.21168,0.0018483,0.21168,460.486,0,1.02816,0,0,5.34765,4.31949,1.028160,1,0,122.572,0,0,0,122.572,0
72.29,2.46093,0,0,8.83261,0.334087,6.03759,3.6288,61.308,0.310576,0,0,3.63101,0.174833,3.1456,0.66528,12.849,1,0.437412,6.03759,0,173.619,3.94629,175.273,0.84672,12.849,0.84672,3695.15,0,0.0036966,9.36317e-06,7.0222,1.42016,16.807,0.917742,24.3316,0.42336,0.0018483,0.21168,0.0018483,0.21168,460.486,0,1.02816,0,0,8.05036,7.0222,1.028160,1,0,202.75,0,0,0,202.75,0
72.29,2.46132,0,0,9.17551,0.353015,6.36117,3.6288,61.308,0.310787,0,0,3.72006,0.136401,3.27287,0.66528,12.849,1,0.437481,6.36117,0,181.356,3.58039,183.699,0.84672,12.849,0.84672,3695.15,0,0.0036966,9.36954e-06,4.43337,1.57748,13.1198,0.752124,18.3785,0.42336,0.0018483,0.21168,0.0018483,0.21168,460.486,0,1.02816,0,0,5.46153,4.43337,1.028160,1,0,205.351,0,0,0,205.351,0
72.29,2.46171,0,0,7.69306,0.353015,4.87833,3.6288,61.308,0.310998,0,0,3.25221,0.136401,2.80481,0.66528,12.849,1,0.43755,4.87833,0,129.77,3.58039,130.631,0.84672,12.849,0.84672,3695.15,0,0.0036966,9.37591e-06,3.35242,1.57773,10.8821,0.752124,15.0601,0.42336,0.0018483,0.21168,0.0018483,0.21168,460.486,0,1.02816,0,0,4.38058,3.35242,1.028160,1,0,148.495,0,0,0,148.495,0
72.29,2.4621,0,0,9.07744,0.318815,6.29653,3.6288,61.308,0.31121,0,0,4.20804,0.183742,3.71309,0.66528,12.849,1,0.437619,6.29653,0,143.095,3.67164,145.282,0.84672,12.849,0.84672,3695.15,0,0.0036966,9.38229e-06,5.03511,1.57797,20.7491,0.832385,26.5298,0.42336,0.0018483,0.21168,0.0018483,0.21168,460.486,0,1.02816,0,0,6.06327,5.03511,1.028160,1,0,175.525,0,0,0,175.525,0
72.29,2.15035,0,0,9.23901,0.32009,6.76857,3.6288,61.308,0.122289,0,0,3.34493,0.162355,3.06029,0.66528,12.849,1,0.382209,6.76857,0,143.535,3.31728,146.605,0.84672,12.849,0.84672,3695.15,0,0.0036966,3.68674e-06,4.86697,1.57822,17.6312,0.808801,23.2676,0.42336,0.0018483,0.21168,0.0018483,0.21168,460.486,0,1.02816,0,0,5.89513,4.86697,1.028160,1,0,172.932,0,0,0,172.932,0
72.29,2.15069,0,0,8.78645,0.321047,6.31471,3.6288,61.308,0.122471,0,0,2.97955,0.146315,2.71076,0.66528,12.849,1,0.382269,6.31471,0,136.409,3.05151,139.29,0.84672,12.849,0.84672,3695.15,0,0.0036966,3.69222e-06,5.64056,1.36345,17.629,0.791114,23.8419,0.42336,0.0018483,0.21168,0.0018483,0.21168,460.486,0,1.02816,0,0,6.66872,5.64056,1.028160,1,0,165.843,0,0,0,165.843,0
72.29,2.15103,0,0,12.1928,0.321047,9.72069,3.6288,61.308,0.122652,0,0,3.45426,0.146315,3.1853,0.66528,12.849,1,0.382329,9.72069,0,173.093,3.05151,179.38,0.84672,12.849,0.84672,3695.15,0,0.0036966,3.6977e-06,6.41909,1.36367,24.0265,0.791114,31.0182,0.42336,0.0018483,0.21168,0.0018483,0.21168,460.486,0,1.02816,0,0,7.44725,6.41909,1.028160,1,0,213.583,0,0,0,213.583,0
72.29,2.15137,0,0,10.5444,0.319888,8.07317,3.6288,61.308,0.122834,0,0,3.07744,0.137357,2.81725,0.66528,12.849,1,0.38239,8.07317,0,168.382,2.95736,173.116,0.84672,12.849,0.84672,3695.15,0,0.0036966,3.70317e-06,6.04264,1.36388,20.6742,0.783172,27.2976,0.42336,0.0018483,0.21168,0.0018483,0.21168,460.486,0,1.02816,0,0,7.0708,6.04264,1.028160,1,0,203.231,0,0,0,203.231,0
72.29,2.15171,0,0,17.7978,0.322715,15.3234,3.6288,61.308,0.123016,0,0,4.50897,0.166534,4.21942,0.66528,12.849,1,0.38245,15.3234,0,305.059,3.64641,316.353,0.84672,12.849,0.84672,3695.15,0,0.0036966,3.70865e-06,7.59201,1.3641,35.8965,0.945855,43.9068,0.42336,0.0018483,0.21168,0.0018483,0.21168,460.486,0,1.02816,0,0,8.62017,7.59201,1.028160,1,0,364.479,0,0,0,364.479,0
72.29,2.23068,0,0,9.43367,0.324026,6.87896,3.6288,61.308,0.169503,0,0,3.89856,0.183019,3.54604,0.66528,12.849,1,0.396487,6.87896,0,118.973,3.6393,121.816,0.84672,12.849,0.84672,3695.15,0,0.0036966,5.11014e-06,4.5492,1.36431,19.0192,0.918026,24.0147,0.42336,0.0018483,0.21168,0.0018483,0.21168,460.486,0,1.02816,0,0,5.57736,4.5492,1.028160,1,0,149.377,0,0,0,149.377,0
72.29,2.23103,0,0,8.19703,0.324026,5.64197,3.6288,61.308,0.169692,0,0,4.87761,0.183019,4.5249,0.66528,12.849,1,0.396549,5.64197,0,131.204,3.6393,132.811,0.84672,12.849,0.84672,3695.15,0,0.0036966,5.11584e-06,6.47209,1.41766,27.5392,0.918026,34.5109,0.42336,0.0018483,0.21168,0.0018483,0.21168,460.486,0,1.02816,0,0,7.50025,6.47209,1.028160,1,0,171.846,0,0,0,171.846,0
72.29,2.23139,0,0,6.39275,0.324026,3.83734,3.6288,61.308,0.169881,0,0,3.86213,0.183019,3.50923,0.66528,12.849,1,0.396612,3.83734,0,150.384,3.6393,150.186,0.84672,12.849,0.84672,3695.15,0,0.0036966,5.12155e-06,6.55316,1.41788,18.895,0.918026,25.948,0.42336,0.0018483,0.21168,0.0018483,0.21168,460.486,0,1.02816,0,0,7.58132,6.55316,1.028160,1,0,179.643,0,0,0,179.643,0
72.29,2.23174,0,0,5.07721,0.285503,2.55997,3.6288,61.308,0.170071,0,0,2.78968,0.147453,2.47216,0.66528,12.849,1,0.396675,2.55997,0,105.563,2.38327,105.343,0.84672,12.849,0.84672,3695.15,0,0.0036966,5.12725e-06,4.64531,1.41811,15.0195,0.777956,20.305,0.42336,0.0018483,0.21168,0.0018483,0.21168,460.486,0,1.02816,0,0,5.67347,4.64531,1.028160,1,0,128.12,0,0,0,128.12,0
72.29,2.20133,0,0,5.23301,0.272961,2.75873,3.6288,61.308,0.152264,0,0,2.11568,0.203299,1.76011,0.66528,12.849,1,0.391269,2.75873,0,93.5919,4.28095,91.6784,0.84672,12.849,0.84672,3695.15,0,0.0036966,4.59042e-06,2.80556,1.41833,11.513,1.03759,14.6993,0.42336,0.0018483,0.21168,0.0018483,0.21168,460.486,0,1.02816,0,0,3.83372,2.80556,1.028160,1,0,108.138,0,0,0,108.138,0
72.29,2.20167,0,0,4.97855,0.27849,2.49839,3.6288,61.308,0.15245,0,0,1.78959,0.204384,1.43275,0.66528,12.849,1,0.391331,2.49839,0,83.5583,4.49106,81.1743,0.84672,12.849,0.84672,3695.15,0,0.0036966,4.59604e-06,2.14952,1.39786,11.2205,1.05116,13.7167,0.42336,0.0018483,0.21168,0.0018483,0.21168,460.486,0,1.02816,0,0,3.17768,2.14952,1.028160,1,0,96.3238,0,0,0,96.3238,0
72.29,2.20202,0,0,4.37261,0.243545,1.92704,3.6288,61.308,0.152637,0,0,1.50974,0.221616,1.13548,0.66528,12.849,1,0.391393,1.92704,0,77.3755,4.43548,74.4757,0.84672,12.849,0.84672,3695.15,0,0.0036966,4.60166e-06,2.32492,1.39808,9.54953,1.02045,12.2521,0.42336,0.0018483,0.21168,0.0018483,0.21168,460.486,0,1.02816,0,0,3.35308,2.32492,1.028160,1,0,87.8632,0,0,0,87.8632,0
72.29,2.20237,0,0,3.8173,0.196952,1.41798,3.6288,61.308,0.152823,0,0,1.49413,0.244592,1.09672,0.66528,12.849,1,0.391455,1.41798,0,62.784,4.36138,59.4492,0.84672,12.849,0.84672,3695.15,0,0.0036966,4.60729e-06,2.62923,1.3983,8.93929,0.979512,11.9873,0.42336,0.0018483,0.21168,0.0018483,0.21168,460.486,0,1.02816,0,0,3.65739,2.62923,1.028160,1,0,72.5332,0,0,0,72.5332,0
72.29,2.30721,0,0,3.7261,0.189755,1.22914,3.6288,61.308,0.216869,0,0,1.49278,0.244532,1.03138,0.66528,12.849,1,0.410089,1.22914,0,48.8776,4.42096,45.2757,0.84672,12.849,0.84672,3695.15,0,0.0036966,6.53811e-06,2.54783,1.39852,8.28101,1.05838,11.169,0.42336,0.0018483,0.21168,0.0018483,0.21168,460.486,0,1.02816,0,0,3.57599,2.54783,1.028160,1,0,57.4761,0,0,0,57.4761,0
72.29,2.30757,0,0,4.17402,0.180159,1.68629,3.6288,61.308,0.217065,0,0,1.28778,0.244453,0.826265,0.66528,12.849,1,0.410154,1.68629,0,56.9887,4.5004,53.7644,0.84672,12.849,0.84672,3695.15,0,0.0036966,6.54404e-06,1.84311,1.47115,7.21129,1.16354,9.36201,0.42336,0.0018483,0.21168,0.0018483,0.21168,460.486,0,1.02816,0,0,2.87127,1.84311,1.028160,1,0,63.9527,0,0,0,63.9527,0
72.29,2.30794,0,0,3.65903,0.165763,1.18533,3.6288,61.308,0.217262,0,0,1.19966,0.253896,0.728506,0.66528,12.849,1,0.410218,1.18533,0,50.9159,4.60751,47.0835,0.84672,12.849,0.84672,3695.15,0,0.0036966,6.54997e-06,1.64884,1.47138,6.99659,1.1909,8.9259,0.42336,0.0018483,0.21168,0.0018483,0.21168,460.486,0,1.02816,0,0,2.677,1.64884,1.028160,1,0,56.7379,0,0,0,56.7379,0
72.29,2.3083,0,0,3.4618,0.129772,1.02372,3.6288,61.308,0.217459,0,0,1.15343,0.277504,0.658468,0.66528,12.849,1,0.410283,1.02372,0,46.5439,4.87525,42.2821,0.84672,12.849,0.84672,3695.15,0,0.0036966,6.5559e-06,1.51959,1.47161,6.73091,1.25931,8.4628,0.42336,0.0018483,0.21168,0.0018483,0.21168,460.486,0,1.02816,0,0,2.54775,1.51959,1.028160,1,0,51.4034,0,0,0,51.4034,0
72.29,2.30867,0,0,3.36033,0.12702,0.924642,3.6288,61.308,0.217656,0,0,1.23909,0.276745,0.744688,0.66528,12.849,1,0.410348,0.924642,0,46.2878,4.92238,41.8798,0.84672,12.849,0.84672,3695.15,0,0.0036966,6.56183e-06,1.44732,1.47184,7.27574,1.26104,8.93387,0.42336,0.0018483,0.21168,0.0018483,0.21168,460.486,0,1.02816,0,0,2.47548,1.44732,1.028160,1,0,51.5583,0,0,0,51.5583,0
72.29,2.28835,0,0,3.6134,0.11051,1.21454,3.6288,61.308,0.252978,0,0,2.03587,0.272186,1.51071,0.66528,12.849,1,0.406737,1.21454,0,45.4785,5.20516,41.0812,0.84672,12.849,0.84672,3695.15,0,0.0036966,7.62672e-06,2.42623,1.47208,8.35765,1.2714,10.9845,0.42336,0.0018483,0.21168,0.0018483,0.21168,460.486,0,1.02816,0,0,3.45439,2.42623,1.028160,1,0,53.5764,0,0,0,53.5764,0
72.29,2.28871,0,0,3.17438,0.11051,0.775156,3.6288,61.308,0.25318,0,0,1.76573,0.272186,1.24036,0.66528,12.849,1,0.406801,0.775156,0,66.1055,5.20516,61.2687,0.84672,12.849,0.84672,3695.15,0,0.0036966,7.63283e-06,2.21758,1.49488,9.92123,1.2714,12.3623,0.42336,0.0018483,0.21168,0.0018483,0.21168,460.486,0,1.02816,0,0,3.24574,2.21758,1.028160,1,0,74.8713,0,0,0,74.8713,0
72.29,2.28907,0,0,2.86795,0.11051,0.468368,3.6288,61.308,0.253383,0,0,1.64137,0.272186,1.1158,0.66528,12.849,1,0.406866,0.468368,0,59.8338,5.20516,54.6902,0.84672,12.849,0.84672,3695.15,0,0.0036966,7.63893e-06,2.03847,1.49512,9.31496,1.2714,11.5771,0.42336,0.0018483,0.21168,0.0018483,0.21168,460.486,0,1.02816,0,0,3.06663,2.03847,1.028160,1,0,67.3831,0,0,0,67.3831,0
72.2128,2.28944,0,0,2.68559,0.11051,0.36288,3.6288,61.308,0.253585,0,0,1.55293,0.272186,1.02716,0.66528,12.849,1,0.40693,0.36288,0,56.3597,5.20516,51.1105,0.84672,12.849,0.84672,3695.15,0,0.0036966,7.64504e-06,1.93495,1.49536,8.84459,1.2714,11.0035,0.42336,0.0018483,0.21168,0.0018483,0.21168,460.486,0,1.02816,0,0,2.96311,1.93495,1.028160,1,0,63.1411,0,0,0,63.1411,0
72.29,2.34286,0,0,3.13873,0.0739184,0.644715,3.6288,61.308,0.285112,0,0,1.71566,0.308877,1.12167,0.66528,12.849,1,0.416871,0.644715,0,55.2637,5.54587,49.9457,0.84672,12.849,0.84672,3695.15,0,0.0036966,8.5955e-06,1.9955,1.49559,7.85367,1.45601,9.88875,0.42336,0.0018483,0.21168,0.0018483,0.21168,460.486,0,1.02816,0,0,3.02366,1.9955,1.028160,1,0,60.9561,0,0,0,60.9561,0
72.29,2.34361,0,0,3.30202,0.0660398,0.89237,3.6288,61.308,0.28532,0,0,1.78839,0.312672,1.1904,0.66528,12.849,1,0.416559,0.89237,0,52.474,5.53014,47.4197,0.84672,12.849,0.84672,3695.15,0,0.0036966,8.60176e-06,2.11789,1.53183,7.77997,1.47841,9.95127,0.42336,0.0018483,0.21168,0.0018483,0.21168,460.486,0,1.02816,0,0,3.14605,2.11789,1.028160,1,0,58.5613,0,0,0,58.5613,0
72.29,2.34398,0,0,2.87151,0.0660398,0.461495,3.6288,61.308,0.285527,0,0,1.68068,0.312672,1.08248,0.66528,12.849,1,0.416624,0.461495,0,49.6458,5.53014,44.1605,0.84672,12.849,0.84672,3695.15,0,0.0036966,8.60802e-06,1.85229,1.53207,7.57097,1.47841,9.47691,0.42336,0.0018483,0.21168,0.0018483,0.21168,460.486,0,1.02816,0,0,2.88045,1.85229,1.028160,1,0,54.7199,0,0,0,54.7199,0
72.1609,2.34435,0,0,2.64421,0.0660398,0.36288,3.6288,61.308,0.285735,0,0,1.64672,0.312672,1.04832,0.66528,12.849,1,0.41669,0.36288,0,46.8233,5.53014,41.2393,0.84672,12.849,0.84672,3695.15,0,0.0036966,8.61428e-06,1.70415,1.53231,7.49425,1.47841,9.25229,0.42336,0.0018483,0.21168,0.0018483,0.21168,460.486,0,1.02816,0,0,2.73231,1.70415,1.028160,1,0,51.5399,0,0,0,51.5399,0
71.6527,2.50064,0,0,2.39433,0.0390612,0.36288,3.6288,61.308,0.399079,0,0,1.67502,0.321638,0.954302,0.66528,12.849,1,0.445264,0.36288,0,44.5131,5.66524,38.7655,0.84672,12.849,0.84672,3695.15,0,0.0036966,1.20313e-05,1.79184,1.53255,6.93939,1.5129,8.75086,0.42336,0.0018483,0.21168,0.0018483,0.21168,460.486,0,1.02816,0,0,2.82,1.79184,1.028160,1,0,48.4706,0,0,0,48.4706,0
71.7197,2.49835,0,0,2.9572,0.029012,0.36288,3.6288,61.308,0.399304,0,0,1.86675,0.321788,1.14566,0.66528,12.849,1,0.448013,0.36288,0,44.8232,5.09544,39.6426,0.84672,12.849,0.84672,3695.15,0,0.0036966,1.20381e-05,2.1745,1.65477,6.15614,1.54568,8.43971,0.42336,0.0018483,0.21168,0.0018483,0.21168,460.486,0,1.02816,0,0,3.20266,2.1745,1.028160,1,0,49.228,0,0,0,49.228,0
71.2639,2.4991,0,0,2.43522,0.0290269,0.36288,3.6288,61.308,0.39953,0,0,1.62477,0.321788,0.903452,0.66528,12.849,1,0.447729,0.36288,0,55.6451,5.09544,50.4649,0.84672,12.849,0.84672,3695.15,0,0.0036966,1.20449e-05,1.80173,1.65503,5.49222,1.54568,7.40328,0.42336,0.0018483,0.21168,0.0018483,0.21168,460.486,0,1.02816,0,0,2.82989,1.80173,1.028160,1,0,58.7716,0,0,0,58.7716,0
71.069,2.49707,0,0,2.69398,0.028926,0.36288,3.6288,61.308,0.399756,0,0,2.23193,0.321788,1.51038,0.66528,12.849,1,0.450227,0.36288,0,47.7082,5.09544,42.5254,0.84672,12.849,0.84672,3695.15,0,0.0036966,1.20517e-05,2.67642,1.65529,6.56332,1.54568,9.34933,0.42336,0.0018483,0.21168,0.0018483,0.21168,460.486,0,1.02816,0,0,3.70458,2.67642,1.028160,1,0,53.3851,0,0,0,53.3851,0
70.6803,2.49642,0,0,2.50204,0.0313965,0.36288,3.6288,61.308,0.399981,0,0,1.79391,0.307998,1.08593,0.66528,12.849,1,0.451343,0.36288,0,45.7711,4.72575,40.9569,0.84672,12.849,0.84672,3695.15,0,0.0036966,1.20585e-05,2.3829,1.65555,7.45684,1.40177,10.0935,0.42336,0.0018483,0.21168,0.0018483,0.21168,460.486,0,1.02816,0,0,3.41106,2.3829,1.028160,1,0,52.1363,0,0,0,52.1363,0
69.8867,2.4186,0,0,2.04399,0.0561087,0.36288,3.6288,61.308,0.331484,0,0,1.2133,0.272245,0.60957,0.66528,12.849,1,0.439678,0.36288,0,41.5365,4.96472,36.495,0.84672,12.849,0.84672,3695.15,0,0.0036966,9.99349e-06,1.00789,1.65581,6.06666,1.41643,7.31392,0.42336,0.0018483,0.21168,0.0018483,0.21168,460.486,0,1.02816,0,0,2.03605,1.00789,1.028160,1,0,44.4185,0,0,0,44.4185,0
68.9767,2.41476,0,0,1.92339,0.0557667,0.36288,3.6288,61.308,0.331699,0,0,1.23885,0.272245,0.634903,0.66528,12.849,1,0.443965,0.36288,0,55.1625,4.96472,50.1167,0.84672,12.849,0.84672,3695.15,0,0.0036966,9.99998e-06,1.33484,1.58612,5.6417,1.41643,7.14622,0.42336,0.0018483,0.21168,0.0018483,0.21168,460.486,0,1.02816,0,0,2.363,1.33484,1.028160,1,0,57.8978,0,0,0,57.8978,0
67.2906,2.41021,0,0,1.14232,0.0553745,0.36288,3.6288,61.308,0.331914,0,0,0.846504,0.272245,0.242346,0.66528,12.849,1,0.448974,0.36288,0,38.3493,4.96472,33.2985,0.84672,12.849,0.84672,3695.15,0,0.0036966,1.00065e-05,0.357869,1.58637,3.6673,1.41643,4.1951,0.42336,0.0018483,0.21168,0.0018483,0.21168,460.486,0,1.02816,0,0,1.38603,0.357869,1.028160,1,0,37.736,0,0,0,37.736,0
66.0076,2.40114,0,0,1.57745,0.0963429,0.36288,3.6288,61.308,0.332129,0,0,1.16143,0.272484,0.556819,0.66528,12.849,1,0.458492,0.36288,0,40.3631,4.69,35.5774,0.84672,12.849,0.84672,3695.15,0,0.0036966,1.00129e-05,0.571208,1.58662,4.92242,1.36514,5.71509,0.42336,0.0018483,0.21168,0.0018483,0.21168,460.486,0,1.02816,0,0,1.59937,0.571208,1.028160,1,0,41.8494,0,0,0,41.8494,0
66.3008,2.33221,0,0,3.16666,0.178436,0.36288,3.6288,61.308,0.269749,0,0,1.48504,0.252704,0.962585,0.66528,12.849,1,0.453987,0.36288,0,40.0786,4.28922,35.6983,0.84672,12.849,0.84672,3695.15,0,0.0036966,8.13232e-06,2.00979,1.58687,9.31189,1.11686,11.7917,0.42336,0.0018483,0.21168,0.0018483,0.21168,460.486,0,1.02816,0,0,3.03795,2.00979,1.028160,1,0,48.4526,0,0,0,48.4526,0
65.4612,2.33426,0,0,2.04507,0.187548,0.36288,3.6288,61.308,0.304487,0,0,0.764886,0.223141,0.237258,0.66528,12.849,1,0.452377,0.36288,0,47.1021,4.27739,42.7352,0.84672,12.849,0.84672,3695.15,0,0.0036966,9.1796e-06,0.216518,1.52492,6.15634,1.01888,6.87888,0.42336,0.0018483,0.21168,0.0018483,0.21168,460.486,0,0.993626,0,0,1.21014,0.216518,1.028160,1,0,49.8513,0,0,0,49.8513,0
67.9426,2.32978,0,0,5.36039,0.186297,0.36288,3.6288,61.308,0.270159,0,0,2.28779,0.223141,1.79449,0.66528,12.849,1,0.457299,0.36288,0,104.671,4.27739,100.299,0.84672,12.849,0.84672,3695.15,0,0.0036966,8.1447e-06,3.12935,1.52516,12.4522,1.01888,16.0878,0.42336,0.0018483,0.21168,0.0018483,0.21168,460.486,0,1.02816,0,0,4.15751,3.12935,1.028160,1,0,118.181,0,0,0,118.181,0
68.7396,2.3442,0,0,3.70758,0.203488,0.36288,3.6288,61.308,0.270364,0,0,1.55416,0.227767,1.05603,0.66528,12.849,1,0.443324,0.36288,0,78.8191,4.15456,74.5841,0.84672,12.849,0.84672,3695.15,0,0.0036966,8.15088e-06,1.80329,1.5254,7.24637,0.976457,9.59859,0.42336,0.0018483,0.21168,0.0018483,0.21168,460.486,0,1.02816,0,0,2.83145,1.80329,1.028160,1,0,85.2387,0,0,0,85.2387,0
70.0049,2.172,0,0,4.05067,0.250468,0.36288,3.6288,61.308,0.14012,0,0,1.68184,0.232816,1.3089,0.66528,12.849,1,0.405997,0.36288,0,63.0545,4.08847,58.9229,0.84672,12.849,0.84672,3695.15,0,0.0036966,4.2243e-06,2.0047,1.52564,9.14328,0.946589,11.727,0.42336,0.0018483,0.21168,0.0018483,0.21168,460.486,0,1.02816,0,0,3.03286,2.0047,1.028160,1,0,71.9588,0,0,0,71.9588,0
70.3938,2.17855,0,0,3.21299,0.28265,0.36288,3.6288,61.308,0.140304,0,0,1.21929,0.216526,0.862463,0.66528,12.849,1,0.39986,0.36288,0,77.544,4.69087,72.8161,0.84672,12.849,0.84672,3695.15,0,0.0036966,4.22987e-06,1.11243,1.38574,7.40941,1.13707,8.77051,0.42336,0.0018483,0.21168,0.0018483,0.21168,460.486,0,1.02816,0,0,2.14059,1.11243,1.028160,1,0,82.4491,0,0,0,82.4491,0
71.7569,2.18076,0,0,4.19019,0.283499,0.36288,3.6288,61.308,0.140489,0,0,1.48244,0.216526,1.12543,0.66528,12.849,1,0.398054,0.36288,0,108.442,4.69087,103.716,0.84672,12.849,0.84672,3695.15,0,0.0036966,4.23544e-06,1.29286,1.38596,12.4378,1.13707,13.9796,0.42336,0.0018483,0.21168,0.0018483,0.21168,460.486,0,1.02816,0,0,2.32102,1.29286,1.028160,1,0,118.821,0,0,0,118.821,0
72.29,2.18752,0,0,3.76808,0.261996,0.78545,3.6288,61.308,0.140674,0,0,3.04366,0.197924,2.70506,0.66528,12.849,1,0.391704,0.78545,0,120.099,4.04773,116.445,0.84672,12.849,0.84672,3695.15,0,0.0036966,4.24101e-06,2.98075,1.38618,12.4336,1.05673,15.7438,0.42336,0.0018483,0.21168,0.0018483,0.21168,460.486,0,1.02816,0,0,4.00891,2.98075,1.028160,1,0,134.894,0,0,0,134.894,0
72.29,2.19032,0,0,3.18148,0.258964,0.732199,3.6288,61.308,0.140859,0,0,1.20364,0.194824,0.867956,0.66528,12.849,1,0.389313,0.732199,0,66.8478,3.94054,63.2501,0.84672,12.849,0.84672,3695.15,0,0.0036966,4.24658e-06,1.31557,1.3864,7.3739,1.04333,9.03254,0.42336,0.0018483,0.21168,0.0018483,0.21168,460.486,0,1.02816,0,0,2.34373,1.31557,1.028160,1,0,73.1506,0,0,0,73.1506,0
72.29,2.25929,0,0,9.33555,0.315055,6.76121,3.6288,61.308,0.178845,0,0,3.43405,0.214142,3.04107,0.66528,12.849,1,0.401571,6.76121,0,178.07,4.10704,180.323,0.84672,12.849,0.84672,3695.15,0,0.0036966,5.39178e-06,2.9606,1.38662,11.8483,1.10829,15.0872,0.42336,0.0018483,0.21168,0.0018483,0.21168,460.486,0,1.02816,0,0,3.98876,2.9606,1.028160,1,0,198.451,0,0,0,198.451,0
72.29,2.25963,0,0,6.76659,0.324404,4.18255,3.6288,61.308,0.179028,0,0,2.07065,0.217362,1.67426,0.66528,12.849,1,0.401632,4.18255,0,143.092,4.1348,142.738,0.84672,12.849,0.84672,3695.15,0,0.0036966,5.3973e-06,3.2917,1.43119,10.6196,1.11911,14.2234,0.42336,0.0018483,0.21168,0.0018483,0.21168,460.486,0,1.02816,0,0,4.31986,3.2917,1.028160,1,0,158.636,0,0,0,158.636,0
72.29,2.25997,0,0,6.3779,0.324404,3.79352,3.6288,61.308,0.179211,0,0,2.04039,0.217362,1.64381,0.66528,12.849,1,0.401693,3.79352,0,118.176,4.1348,117.433,0.84672,12.849,0.84672,3695.15,0,0.0036966,5.40282e-06,2.94002,1.43141,10.1712,1.11911,13.4235,0.42336,0.0018483,0.21168,0.0018483,0.21168,460.486,0,1.02816,0,0,3.96818,2.94002,1.028160,1,0,132.501,0,0,0,132.501,0
72.29,2.26032,0,0,5.83546,0.337761,3.23738,3.6288,61.308,0.179395,0,0,1.32192,0.213792,0.928734,0.66528,12.849,1,0.401754,3.23738,0,104.366,4.17278,103.029,0.84672,12.849,0.84672,3695.15,0,0.0036966,5.40835e-06,2.09614,1.43163,9.51515,1.18534,11.8576,0.42336,0.0018483,0.21168,0.0018483,0.21168,460.486,0,1.02816,0,0,3.1243,2.09614,1.028160,1,0,115.815,0,0,0,115.815,0
72.29,2.48116,0,0,6.67388,0.373616,3.81911,3.6288,61.308,0.321578,0,0,1.5971,0.190513,1.08501,0.66528,12.849,1,0.441007,3.81911,0,138.912,4.01784,138.272,0.84672,12.849,0.84672,3695.15,0,0.0036966,9.69488e-06,2.10766,1.43184,11.103,1.16534,13.4772,0.42336,0.0018483,0.21168,0.0018483,0.21168,460.486,0,1.02816,0,0,3.13582,2.10766,1.028160,1,0,152.835,0,0,0,152.835,0
72.29,2.48154,0,0,8.34434,0.3769,5.4859,3.6288,61.308,0.321783,0,0,1.83302,0.171376,1.33986,0.66528,12.849,1,0.441074,5.4859,0,172.922,3.68466,174.282,0.84672,12.849,0.84672,3695.15,0,0.0036966,9.70105e-06,2.41259,1.59044,13.1929,0.917917,16.278,0.42336,0.0018483,0.21168,0.0018483,0.21168,460.486,0,1.02816,0,0,3.44075,2.41259,1.028160,1,0,191.9,0,0,0,191.9,0
72.29,2.48191,0,0,10.6313,0.361316,7.78812,3.6288,61.308,0.321988,0,0,3.06703,0.204572,2.54047,0.66528,12.849,1,0.441141,7.78812,0,190.024,4.4709,192.9,0.84672,12.849,0.84672,3695.15,0,0.0036966,9.70723e-06,4.19473,1.59068,22.8022,1.16389,27.4237,0.42336,0.0018483,0.21168,0.0018483,0.21168,460.486,0,1.02816,0,0,5.22289,4.19473,1.028160,1,0,222.864,0,0,0,222.864,0
72.29,2.48229,0,0,8.58851,0.366926,5.73929,3.6288,61.308,0.322193,0,0,2.12998,0.157868,1.64992,0.66528,12.849,1,0.441208,5.73929,0,193.761,3.85046,195.208,0.84672,12.849,0.84672,3695.15,0,0.0036966,9.7134e-06,3.15276,1.59092,16.4245,0.87526,20.2929,0.42336,0.0018483,0.21168,0.0018483,0.21168,460.486,0,1.02816,0,0,4.18092,3.15276,1.028160,1,0,217.151,0,0,0,217.151,0
72.29,2.16797,0,0,7.06528,0.346085,4.55123,3.6288,61.308,0.131716,0,0,1.67152,0.151537,1.38827,0.66528,12.849,1,0.385341,4.55123,0,119.794,3.93019,120.029,0.84672,12.849,0.84672,3695.15,0,0.0036966,3.97094e-06,1.71974,1.59117,10.5138,0.907841,12.9168,0.42336,0.0018483,0.21168,0.0018483,0.21168,460.486,0,1.02816,0,0,2.7479,1.71974,1.028160,1,0,134.334,0,0,0,134.334,0
72.29,2.1683,0,0,7.38373,0.318296,4.89713,3.6288,61.308,0.131892,0,0,2.22115,0.143096,1.94616,0.66528,12.849,1,0.385399,4.89713,0,118.764,4.03652,119.239,0.84672,12.849,0.84672,3695.15,0,0.0036966,3.97624e-06,2.02262,1.37462,17.4487,0.951282,19.8946,0.42336,0.0018483,0.21168,0.0018483,0.21168,460.486,0,1.02816,0,0,3.05078,2.02262,1.028160,1,0,141.08,0,0,0,141.08,0
72.29,2.16863,0,0,5.40328,0.318296,2.91636,3.6288,61.308,0.132068,0,0,1.96405,0.143096,1.68889,0.66528,12.849,1,0.385458,2.91636,0,105.158,4.03652,103.653,0.84672,12.849,0.84672,3695.15,0,0.0036966,3.98155e-06,2.0305,1.37483,10.3787,0.951282,12.8328,0.42336,0.0018483,0.21168,0.0018483,0.21168,460.486,0,1.02816,0,0,3.05866,2.0305,1.028160,1,0,118.174,0,0,0,118.174,0
72.29,2.16896,0,0,11.185,0.284312,8.73173,3.6288,61.308,0.132244,0,0,3.24664,0.125047,2.98935,0.66528,12.849,1,0.385516,8.73173,0,157.414,3.77493,161.985,0.84672,12.849,0.84672,3695.15,0,0.0036966,3.98686e-06,4.09512,1.37504,27.0798,0.913705,31.6363,0.42336,0.0018483,0.21168,0.0018483,0.21168,460.486,0,1.02816,0,0,5.12328,4.09512,1.028160,1,0,196.611,0,0,0,196.611,0
72.29,2.16929,0,0,8.64225,0.355535,6.11742,3.6288,61.308,0.13242,0,0,3.48213,0.192116,3.15759,0.66528,12.849,1,0.385575,6.11742,0,137.028,4.42241,138.337,0.84672,12.849,0.84672,3695.15,0,0.0036966,3.99217e-06,3.24388,1.37525,18.3025,1.05684,21.8648,0.42336,0.0018483,0.21168,0.0018483,0.21168,460.486,0,1.02816,0,0,4.27204,3.24388,1.028160,1,0,163.36,0,0,0,163.36,0
72.29,2.24889,0,0,8.24109,0.351645,5.64056,3.6288,61.308,0.17928,0,0,2.69646,0.142469,2.37471,0.66528,12.849,1,0.399723,5.64056,0,130.461,3.48096,132.22,0.84672,12.849,0.84672,3695.15,0,0.0036966,5.40489e-06,2.51951,1.37546,15.3814,0.778072,18.4983,0.42336,0.0018483,0.21168,0.0018483,0.21168,460.486,0,1.02816,0,0,3.54767,2.51951,1.028160,1,0,153.093,0,0,0,153.093,0
72.29,2.24923,0,0,7.24058,0.351645,4.6397,3.6288,61.308,0.179463,0,0,1.89079,0.142469,1.56886,0.66528,12.849,1,0.399784,4.6397,0,145.462,3.48096,146.221,0.84672,12.849,0.84672,3695.15,0,0.0036966,5.41041e-06,1.86754,1.42923,13.604,0.778072,16.1227,0.42336,0.0018483,0.21168,0.0018483,0.21168,460.486,0,1.02816,0,0,2.8957,1.86754,1.028160,1,0,163.913,0,0,0,163.913,0
72.29,2.24957,0,0,6.14284,0.315933,3.57734,3.6288,61.308,0.179646,0,0,1.48427,0.1615,1.14312,0.66528,12.849,1,0.399845,3.57734,0,135.335,3.71364,134.799,0.84672,12.849,0.84672,3695.15,0,0.0036966,5.41594e-06,1.42176,1.42945,13.2522,0.823873,15.2795,0.42336,0.0018483,0.21168,0.0018483,0.21168,460.486,0,1.02816,0,0,2.44992,1.42176,1.028160,1,0,151.222,0,0,0,151.222,0
72.29,2.24991,0,0,5.67391,0.289149,3.13484,3.6288,61.308,0.17983,0,0,1.66091,0.175773,1.30531,0.66528,12.849,1,0.399905,3.13484,0,94.0913,3.88815,92.9381,0.84672,12.849,0.84672,3695.15,0,0.0036966,5.42146e-06,1.69206,1.42967,12.026,0.858224,14.2895,0.42336,0.0018483,0.21168,0.0018483,0.21168,460.486,0,1.02816,0,0,2.72022,1.69206,1.028160,1,0,108.533,0,0,0,108.533,0
72.29,2.21924,0,0,5.08149,0.23166,2.63059,3.6288,61.308,0.161871,0,0,1.19825,0.19766,0.838717,0.66528,12.849,1,0.394454,2.63059,0,77.4386,4.0086,75.6661,0.84672,12.849,0.84672,3695.15,0,0.0036966,4.88004e-06,1.05155,1.42988,8.37821,1.01059,9.84905,0.42336,0.0018483,0.21168,0.0018483,0.21168,460.486,0,1.02816,0,0,2.07971,1.05155,1.028160,1,0,86.3539,0,0,0,86.3539,0
72.29,2.21958,0,0,4.18138,0.208665,1.75314,3.6288,61.308,0.162051,0,0,0.949605,0.206414,0.581139,0.66528,12.849,1,0.394513,1.75314,0,65.3314,4.05678,62.6332,0.84672,12.849,0.84672,3695.15,0,0.0036966,4.88549e-06,0.637995,1.40924,6.68244,1.07154,7.65814,0.42336,0.0018483,0.21168,0.0018483,0.21168,460.486,0,1.02816,0,0,1.66615,0.637995,1.028160,1,0,70.8725,0,0,0,70.8725,0
72.29,2.21992,0,0,3.67322,0.208665,1.24464,3.6288,61.308,0.162232,0,0,0.914976,0.206414,0.546329,0.66528,12.849,1,0.394573,1.24464,0,60.714,4.05678,57.5073,0.84672,12.849,0.84672,3695.15,0,0.0036966,4.89094e-06,0.514408,1.40945,6.55792,1.07154,7.41024,0.42336,0.0018483,0.21168,0.0018483,0.21168,460.486,0,1.02816,0,0,1.54257,0.514408,1.028160,1,0,65.4638,0,0,0,65.4638,0
72.29,2.22025,0,0,4.16544,0.208665,1.73652,3.6288,61.308,0.162517,0,0,0.955109,0.206414,0.586178,0.66528,12.849,1,0.394633,1.73652,0,68.0806,4.05678,65.3657,0.84672,12.849,0.84672,3695.15,0,0.0036966,4.89951e-06,0.402797,1.40967,7.58618,1.07154,8.3271,0.42336,0.0018483,0.21168,0.0018483,0.21168,460.486,0,1.02806,0,0,1.43085,0.402797,1.028160,1,0,74.279,0,0,0,74.279,0
72.29,2.32593,0,0,3.88754,0.151811,1.4098,3.6288,61.308,0.24444,0,0,0.835545,0.239885,0.35122,0.66528,12.849,1,0.413416,1.4098,0,65.1036,4.59555,61.5044,0.84672,12.849,0.84672,3695.15,0,0.0036966,7.36932e-06,0.402797,1.40988,6.44967,1.13046,7.13189,0.42336,0.0018483,0.21168,0.0018483,0.21168,460.486,0,1.01069,0,0,1.41349,0.402797,1.028160,1,0,68.9876,0,0,0,68.9876,0
72.29,2.32628,0,0,3.69847,0.181949,1.19024,3.6288,61.308,0.227161,0,0,0.818225,0.242252,0.348812,0.66528,12.849,1,0.413479,1.19024,0,62.0586,4.89881,57.9366,0.84672,12.849,0.84672,3695.15,0,0.0036966,6.8484e-06,0.421269,1.48308,5.73597,1.06358,6.57673,0.42336,0.0018483,0.21168,0.0018483,0.21168,460.486,0,1.02816,0,0,1.44943,0.421269,1.028160,1,0,64.8621,0,0,0,64.8621,0
72.29,2.32664,0,0,3.35825,0.113445,0.918167,3.6288,61.308,0.323598,0,0,0.753918,0.263306,0.167014,0.66528,12.849,1,0.413542,0.918167,0,45.1695,5.25682,40.4173,0.84672,12.849,0.84672,3695.15,0,0.0036966,9.75577e-06,0.30119,1.48331,5.36699,1.2157,5.93577,0.42336,0.0018483,0.21168,0.0018483,0.21168,460.486,0,0.93191,0,0,1.2331,0.30119,1.028160,1,0,46.5201,0,0,0,46.5201,0
72.29,2.32699,0,0,3.21966,0.113445,0.779228,3.6288,61.308,0.325595,0,0,0.735515,0.263306,0.146614,0.66528,12.849,1,0.413605,0.779228,0,41.7949,5.25682,36.9037,0.84672,12.849,0.84672,3695.15,0,0.0036966,9.81596e-06,0.30119,1.48353,5.18569,1.2157,5.75471,0.42336,0.0018483,0.21168,0.0018483,0.21168,460.486,0,0.930105,0,0,1.23129,0.30119,1.028160,1,0,42.805,0,0,0,42.805,0
72.29,2.32734,0,0,3.07604,0.113445,0.635252,3.6288,61.308,0.227733,0,0,0.7384,0.263306,0.247362,0.66528,12.849,1,0.413667,0.635252,0,39.9345,5.25682,34.8993,0.84672,12.849,0.84672,3695.15,0,0.0036966,6.86564e-06,0.312673,1.48376,4.93868,1.2157,5.5194,0.42336,0.0018483,0.21168,0.0018483,0.21168,460.486,0,1.02816,0,0,1.34083,0.312673,1.028160,1,0,40.666,0,0,0,40.666,0
71.5812,2.30685,0,0,2.06487,0.103928,0.36288,3.6288,61.308,0.263333,0,0,0.840715,0.271586,0.305796,0.66528,12.849,1,0.410025,0.36288,0,39.9677,5.06257,34.858,0.84672,12.849,0.84672,3695.15,0,0.0036966,7.9389e-06,0.564814,1.48398,4.25536,1.27156,5.03259,0.42336,0.0018483,0.21168,0.0018483,0.21168,460.486,0,1.02816,0,0,1.59297,0.564814,1.028160,1,0,40.1964,0,0,0,40.1964,0
70.7364,2.30376,0,0,1.92516,0.103369,0.36288,3.6288,61.308,0.263529,0,0,0.807805,0.271586,0.27269,0.66528,12.849,1,0.41353,0.36288,0,39.4391,5.06257,34.3259,0.84672,12.849,0.84672,3695.15,0,0.0036966,7.94482e-06,0.50061,1.50697,4.34821,1.27156,5.08421,0.42336,0.0018483,0.21168,0.0018483,0.21168,460.486,0,1.02816,0,0,1.52877,0.50061,1.028160,1,0,39.6828,0,0,0,39.6828,0
69.7148,2.29992,0,0,1.74391,0.102703,0.36288,3.6288,61.308,0.263725,0,0,0.771915,0.271586,0.236603,0.66528,12.849,1,0.417773,0.36288,0,38.7586,5.06257,33.6411,0.84672,12.849,0.84672,3695.15,0,0.0036966,7.95074e-06,0.42463,1.5072,4.10778,1.27156,4.76804,0.42336,0.0018483,0.21168,0.0018483,0.21168,460.486,0,1.02816,0,0,1.45279,0.42463,1.028160,1,0,38.6458,0,0,0,38.6458,0
68.5474,2.2951,0,0,1.58785,0.0972299,0.36288,3.6288,61.308,0.263922,0,0,0.73002,0.282555,0.183543,0.66528,12.849,1,0.423006,0.36288,0,34.1188,5.20373,28.855,0.84672,12.849,0.84672,3695.15,0,0.0036966,7.95665e-06,0.28588,1.50742,3.98693,1.32309,4.45714,0.42336,0.0018483,0.21168,0.0018483,0.21168,460.486,0,1.02816,0,0,1.31404,0.28588,1.028160,1,0,33.4957,0,0,0,33.4957,0
67.1158,2.34281,0,0,1.34708,0.0729651,0.36288,3.6288,61.1855,0.431356,0,0,0.646172,0.337345,0,0.66528,12.849,1,0.439153,0.36288,0,27.996,6.01619,21.9036,0.84672,12.849,0.84672,3695.15,0,0.0036966,1.30044e-05,0.261274,1.50765,3.45373,1.53702,3.68563,0.42336,0.0018483,0.21168,0.0018483,0.21168,460.486,0,0.892495,0,0,1.15377,0.261274,1.028160,1,0,25.5892,0,0,0,25.5892,0
65.7643,2.3353,0,0,1.42201,0.075388,0.36288,3.6288,61.2864,0.380246,0,0,0.810035,0.328822,0,0.66528,12.849,1,0.447083,0.36288,0,34.1858,5.99035,28.1112,0.84672,12.849,0.84672,3695.15,0,0.0036966,1.14865e-05,0.261274,1.54417,3.7078,1.46561,4.04762,0.42336,0.0018483,0.21168,0.0018483,0.21168,460.486,0,0.943808,0,0,1.20508,0.261274,1.028160,1,0,32.1589,0,0,0,32.1589,0
64.2932,2.32797,0,0,1.29436,0.0745833,0.36288,3.6288,61.305,0.320547,0,0,0.668131,0.329032,0,0.66528,12.849,1,0.454838,0.36288,0,27.5348,5.99035,21.4525,0.84672,12.849,0.84672,3695.15,0,0.0036966,9.66719e-06,0.227405,1.5444,3.44539,1.46561,3.75158,0.42336,0.0018483,0.21168,0.0018483,0.21168,460.486,0,1.00371,0,0,1.23111,0.227405,1.028160,1,0,25.2041,0,0,0,25.2041,0
62.7142,2.31965,0,0,1.17721,0.0737075,0.36288,3.6288,61.0855,0.512628,0,0,0.62221,0.329071,0,0.66528,12.849,1,0.463582,0.36288,0,25.6687,5.99035,19.5777,0.84672,12.849,0.84672,3695.15,0,0.0036966,1.54554e-05,0.227405,1.54464,3.07053,1.46561,3.37694,0.42336,0.0018483,0.21168,0.0018483,0.21168,460.486,0,0.811823,0,0,1.03923,0.227405,1.028160,1,0,22.9546,0,0,0,22.9546,0
61.0675,2.46461,0,0,1.24733,0.06655,0.36288,3.6288,61.0643,0.410544,0,0,0.719168,0.329847,0,0.66528,12.849,1,0.504953,0.36288,0,25.1828,6.15165,18.8891,0.84672,12.849,0.84672,3695.15,0,0.0036966,1.24221e-05,0.257368,1.54487,4.11834,1.49995,4.42062,0.42336,0.0018483,0.21168,0.0018483,0.21168,460.486,0,1.02816,0,0,1.28553,0.257368,1.028160,1,0,23.3097,0,0,0,23.3097,0
59.142,2.45373,0,0,0.982731,0.0916218,0.36288,3.6288,60.7243,0.626497,0,0,0.587536,0.300992,0,0.66528,12.849,1,0.516281,0.36288,0,21.4025,6.07257,15.1765,0.84672,12.849,0.84672,3695.15,0,0.0036966,1.89629e-05,0.227405,1.66806,2.747,1.49683,3.14562,0.42336,0.0018483,0.21168,0.0018483,0.21168,460.486,0,0.812419,0,0,1.03982,0.227405,1.028160,1,0,18.3221,0,0,0,18.3221,0
57.2952,2.44029,0,0,1.04645,0.0900322,0.36288,3.6288,60.7357,0.410981,0,0,0.722711,0.300344,0,0.66528,12.849,1,0.53017,0.36288,0,27.2354,6.07257,20.9956,0.84672,12.849,0.84672,3695.15,0,0.0036966,1.25093e-05,0.253446,1.66831,3.06829,1.49683,3.49321,0.42336,0.0018483,0.21168,0.0018483,0.21168,460.486,0,1.02816,0,0,1.28161,0.253446,1.028160,1,0,24.4888,0,0,0,24.4888,0
55.2781,2.4267,0,0,0.860916,0.088429,0.36288,3.6288,60.1938,0.767865,0,0,0.526333,0.300366,0,0.66528,12.849,1,0.54421,0.36288,0,24.952,6.07257,18.6981,0.84672,12.849,0.84672,3695.15,0,0.0036966,2.33676e-05,0.204422,1.66857,2.51306,1.49683,2.8892,0.42336,0.0018483,0.21168,0.0018483,0.21168,460.486,0,0.671484,0,0,0.875906,0.204422,1.028160,1,0,21.5873,0,0,0,21.5873,0
53.4905,2.41095,0,0,1.07285,0.0866779,0.36288,3.6288,60.3948,0.411418,0,0,0.91176,0.299333,0,0.66528,12.849,1,0.560408,0.36288,0,24.3222,6.07257,18.0521,0.84672,12.849,0.84672,3695.15,0,0.0036966,1.26329e-05,0.702778,1.66882,3.91954,1.49683,4.79429,0.42336,0.0018483,0.21168,0.0018483,0.21168,460.486,0,1.02816,0,0,1.73094,0.702778,1.028160,1,0,22.8464,0,0,0,22.8464,0
51.5856,2.3231,0,0,0.926683,0.145628,0.36288,3.6288,60.4953,0.342364,0,0,0.692234,0.2494,0,0.66528,12.849,1,0.558034,0.36288,0,25.9406,5.67001,20.0754,0.84672,12.849,0.84672,3695.15,0,0.0036966,1.04776e-05,0.390623,1.66908,4.49493,1.17268,5.38194,0.42336,0.0018483,0.21168,0.0018483,0.21168,460.486,0,1.02816,0,0,1.41878,0.390623,1.028160,1,0,25.4573,0,0,0,25.4573,0
50.2351,2.30695,0,0,1.47084,0.151454,0.36288,3.6288,60.6128,0.354382,0,0,0.721062,0.24917,0,0.66528,12.849,1,0.574618,0.36288,0,28.5026,5.81857,22.4723,0.84672,12.849,0.84672,3695.15,0,0.0036966,1.08274e-05,0.216518,1.59881,3.33861,1.20261,3.95132,0.42336,0.0018483,0.21168,0.0018483,0.21168,460.486,0,1.01635,0,0,1.23287,0.216518,1.028160,1,0,26.4236,0,0,0,26.4236,0
48.5775,2.295,0,0,1.14958,0.149327,0.36288,3.6288,60.7394,0.34278,0,0,0.71875,0.249356,0,0.66528,12.849,1,0.587008,0.36288,0,32.1529,5.81857,26.1102,0.84672,12.849,0.84672,3695.15,0,0.0036966,1.04526e-05,0.280869,1.59906,2.95305,1.20261,3.63036,0.42336,0.0018483,0.21168,0.0018483,0.21168,460.486,0,1.02816,0,0,1.30903,0.280869,1.028160,1,0,29.7406,0,0,0,29.7406,0
46.5945,2.2795,0,0,0.806077,0.146702,0.36288,3.6288,60.481,0.519352,0,0,0.510541,0.249556,0,0.66528,12.849,1,0.60294,0.36288,0,29.4134,5.81857,23.3548,0.84672,12.849,0.84672,3695.15,0,0.0036966,1.58039e-05,0.216518,1.5993,2.17322,1.20261,2.78642,0.42336,0.0018483,0.21168,0.0018483,0.21168,460.486,0,0.851792,0,0,1.06831,0.216518,1.028160,1,0,26.1412,0,0,0,26.1412,0
45.2101,2.20135,0,0,1.36903,0.189148,0.36288,3.6288,60.6436,0.280102,0,0,0.678992,0.236339,0,0.66528,12.849,1,0.60705,0.36288,0,26.9991,4.6274,22.1276,0.84672,12.849,0.84672,3695.15,0,0.0036966,8.55992e-06,0.263494,1.59954,4.84309,0.993524,5.7126,0.42336,0.0018483,0.21168,0.0018483,0.21168,460.486,0,1.02816,0,0,1.29165,0.263494,1.028160,1,0,27.8402,0,0,0,27.8402,0
44.2869,2.18721,0,0,1.83689,0.210017,0.36288,3.6288,60.5666,0.433631,0,0,0.580035,0.223432,0,0.66528,12.849,1,0.621619,0.36288,0,29.9235,3.95921,25.7056,0.84672,12.849,0.84672,3695.15,0,0.0036966,1.32162e-05,0.216518,1.53708,5.22623,0.940697,6.03912,0.42336,0.0018483,0.21168,0.0018483,0.21168,460.486,0,0.874826,0,0,1.09134,0.216518,1.028160,1,0,31.7447,0,0,0,31.7447,0
43.131,2.1775,0,0,1.63672,0.252229,0.36288,3.6288,59.94,0.80558,0,0,0.396237,0.217223,0,0.66528,12.849,1,0.631759,0.36288,0,26.3358,4.01762,22.0493,0.84672,12.849,0.84672,3695.15,0,0.0036966,2.45838e-05,0.292723,1.53731,4.36726,1.0151,5.18217,0.42336,0.0018483,0.21168,0.0018483,0.21168,460.486,0,0.503064,0,0,0.795787,0.292723,1.028160,1,0,27.2314,0,0,0,27.2314,0
42.5137,2.16478,0,0,2.1592,0.248913,0.36288,3.6288,60.3446,0.280699,0,0,0.901656,0.216358,0,0.66528,12.849,1,0.644901,0.36288,0,35.2356,4.01762,30.936,0.84672,12.849,0.84672,3695.15,0,0.0036966,8.65558e-06,1.00094,1.53755,7.76269,1.0151,9.28607,0.42336,0.0018483,0.21168,0.0018483,0.21168,460.486,0,1.02816,0,0,2.0291,1.00094,1.028160,1,0,40.2221,0,0,0,40.2221,0
45.7005,1.9954,0,0,5.79063,0.24555,0.36288,3.6288,61.308,0.149411,0,0,2.11256,0.216907,0.782843,0.66528,12.849,1,0.603074,0.36288,0,105.794,4.09727,101.457,0.84672,12.849,0.84672,3695.15,0,0.0036966,4.57631e-06,2.85955,1.53778,13.8618,1.03145,17.2276,0.42336,0.0018483,0.21168,0.0018483,0.21168,460.486,0,1.02816,0,0,3.88771,2.85955,1.028160,1,0,119.467,0,0,0,119.467,0
47.2895,2.02854,0,0,4.22522,0.244724,0.36288,3.6288,61.308,0.14959,0,0,1.69705,0.218181,1.32928,0.66528,12.849,1,0.570337,0.36288,0,82.6286,4.57516,77.846,0.84672,12.849,0.84672,3695.15,0,0.0036966,4.50979e-06,2.97511,1.39676,13.39,1.12949,16.6324,0.42336,0.0018483,0.21168,0.0018483,0.21168,460.486,0,1.02816,0,0,4.00327,2.97511,1.028160,1,0,95.8077,0,0,0,95.8077,0
50.2,2.04392,0,0,5.56637,0.249076,0.36288,3.6288,61.308,0.149769,0,0,1.70955,0.218181,1.3416,0.66528,12.849,1,0.555351,0.36288,0,77.6667,4.57516,72.8991,0.84672,12.849,0.84672,3695.15,0,0.0036966,4.51519e-06,2.91612,1.39698,10.2569,1.12949,13.4405,0.42336,0.0018483,0.21168,0.0018483,0.21168,460.486,0,1.02816,0,0,3.94428,2.91612,1.028160,1,0,87.6811,0,0,0,87.6811,0
55.5464,2.06987,0,0,8.03278,0.253665,0.36288,3.6288,61.308,0.149948,0,0,3.61919,0.215081,3.25416,0.66528,12.849,1,0.529796,0.36288,0,141.261,4.46797,136.627,0.84672,12.849,0.84672,3695.15,0,0.0036966,4.52059e-06,4.82744,1.39719,25.135,1.1161,30.2435,0.42336,0.0018483,0.21168,0.0018483,0.21168,460.486,0,1.02816,0,0,5.8556,4.82744,1.028160,1,0,170.124,0,0,0,170.124,0
59.4654,2.11161,0,0,6.64016,0.246647,0.36288,3.6288,61.308,0.150127,0,0,4.20775,0.196479,3.86114,0.66528,12.849,1,0.488458,0.36288,0,98.8321,3.82483,94.8817,0.84672,12.849,0.84672,3695.15,0,0.0036966,4.52599e-06,4.96116,1.3974,19.2187,1.03575,24.5415,0.42336,0.0018483,0.21168,0.0018483,0.21168,460.486,0,1.02816,0,0,5.98932,4.96116,1.028160,1,0,123.284,0,0,0,123.284,0
64.286,2.2054,0,0,7.66517,0.276321,0.36288,3.6288,61.308,0.188407,0,0,3.73842,0.214666,3.33535,0.66528,12.849,1,0.476531,0.36288,0,110.433,4.5048,105.815,0.84672,12.849,0.84672,3695.15,0,0.0036966,5.68004e-06,4.09929,1.39761,17.951,1.13536,22.3125,0.42336,0.0018483,0.21168,0.0018483,0.21168,460.486,0,1.02816,0,0,5.12745,4.09929,1.028160,1,0,131.462,0,0,0,131.462,0
72.29,2.23551,0,0,10.9338,0.297018,0.397229,3.6288,61.308,0.188584,0,0,9.7491,0.233189,9.32733,0.66528,12.849,1,0.446816,0.397229,0,345.928,4.94539,340.933,0.84672,12.849,0.84672,3695.15,0,0.0036966,5.68538e-06,8.72065,1.44253,32.1193,1.2417,41.0408,0.42336,0.0018483,0.21168,0.0018483,0.21168,460.486,0,1.02816,0,0,9.74881,8.72065,1.028160,1,0,391.301,0,0,0,391.301,0
72.29,2.27785,0,0,10.4935,0.316223,7.89938,3.6288,61.308,0.188761,0,0,10.6201,0.233189,10.1981,0.66528,12.849,1,0.40487,7.89938,0,384.268,4.94539,386.817,0.84672,12.849,0.84672,3695.15,0,0.0036966,5.69072e-06,7.39022,1.44274,30.3144,1.2417,37.9056,0.42336,0.0018483,0.21168,0.0018483,0.21168,460.486,0,1.02816,0,0,8.41838,7.39022,1.028160,1,0,434.921,0,0,0,434.921,0
72.29,2.27818,0,0,6.67676,0.32915,4.06943,3.6288,61.308,0.188938,0,0,5.41792,0.211382,5.0176,0.66528,12.849,1,0.404929,4.06943,0,189.942,4.75094,188.855,0.84672,12.849,0.84672,3695.15,0,0.0036966,5.69607e-06,4.38702,1.44295,21.5122,1.18401,26.1582,0.42336,0.0018483,0.21168,0.0018483,0.21168,460.486,0,1.02816,0,0,5.41518,4.38702,1.028160,1,0,220.031,0,0,0,220.031,0
72.29,2.50075,0,0,9.85409,0.353199,7.00014,3.6288,61.308,0.332238,0,0,7.77711,0.165964,7.2789,0.66528,12.849,1,0.44449,7.00014,0,274.79,4.03823,277.307,0.84672,12.849,0.84672,3695.15,0,0.0036966,1.00162e-05,6.33038,1.44316,29.5205,1.02562,36.2684,0.42336,0.0018483,0.21168,0.0018483,0.21168,460.486,0,1.02816,0,0,7.35854,6.33038,1.028160,1,0,320.855,0,0,0,320.855,0
72.29,2.50112,0,0,10.3064,0.332523,7.47276,3.6288,61.308,0.332436,0,0,8.25077,0.188707,7.72962,0.66528,12.849,1,0.444555,7.47276,0,480,3.47182,483.557,0.84672,12.849,0.84672,3695.15,0,0.0036966,1.00222e-05,7.04972,1.603,31.7492,0.990244,39.4117,0.42336,0.0018483,0.21168,0.0018483,0.21168,460.486,0,1.02816,0,0,8.07788,7.04972,1.028160,1,0,530.698,0,0,0,530.698,0
72.29,2.50148,0,0,9.28973,0.332523,6.45572,3.6288,61.308,0.332634,0,0,5.87968,0.188707,5.35833,0.66528,12.849,1,0.444619,6.45572,0,356.219,3.47182,358.759,0.84672,12.849,0.84672,3695.15,0,0.0036966,1.00282e-05,5.34798,1.60324,26.0925,0.990244,32.0534,0.42336,0.0018483,0.21168,0.0018483,0.21168,460.486,0,1.02816,0,0,6.37614,5.34798,1.028160,1,0,396.17,0,0,0,396.17,0
72.29,2.50185,0,0,10.2664,0.340412,7.42414,3.6288,61.308,0.332832,0,0,7.04506,0.167623,6.5446,0.66528,12.849,1,0.444684,7.42414,0,390.489,3.44471,394.024,0.84672,12.849,0.84672,3695.15,0,0.0036966,1.00342e-05,6.37554,1.60347,29.1271,0.872061,36.234,0.42336,0.0018483,0.21168,0.0018483,0.21168,460.486,0,1.02816,0,0,7.4037,6.37554,1.028160,1,0,436.802,0,0,0,436.802,0
72.29,2.18504,0,0,15.1744,0.338497,12.6509,3.6288,61.308,0.140847,0,0,13.1648,0.16032,12.8636,0.66528,12.849,1,0.388374,12.6509,0,499.682,3.30305,508.642,0.84672,12.849,0.84672,3695.15,0,0.0036966,4.24623e-06,11.528,1.6037,47.8147,0.8095,60.1369,0.42336,0.0018483,0.21168,0.0018483,0.21168,460.486,0,1.02816,0,0,12.5562,11.528,1.028160,1,0,581.642,0,0,0,581.642,0
72.29,2.18536,0,0,10.0338,0.31892,7.52953,3.6288,61.308,0.141018,0,0,4.40421,0.181595,4.08159,0.66528,12.849,1,0.388431,7.52953,0,356.646,2.99974,360.788,0.84672,12.849,0.84672,3695.15,0,0.0036966,4.25137e-06,6.16744,1.38545,32.0708,0.874689,38.749,0.42336,0.0018483,0.21168,0.0018483,0.21168,460.486,0,1.02816,0,0,7.1956,6.16744,1.028160,1,0,403.618,0,0,0,403.618,0
72.29,2.18568,0,0,15.0332,0.31892,12.5286,3.6288,61.308,0.141188,0,0,7.90353,0.181595,7.58075,0.66528,12.849,1,0.388487,12.5286,0,339.217,2.99974,348.357,0.84672,12.849,0.84672,3695.15,0,0.0036966,4.2565e-06,11.5068,1.38565,46.451,0.874689,58.4687,0.42336,0.0018483,0.21168,0.0018483,0.21168,460.486,0,1.02816,0,0,12.5349,11.5068,1.028160,1,0,414.407,0,0,0,414.407,0
72.29,2.186,0,0,18.4148,0.319453,15.9093,3.6288,61.308,0.141358,0,0,10.912,0.158885,10.6117,0.66528,12.849,1,0.388544,15.9093,0,360.401,2.89556,373.026,0.84672,12.849,0.84672,3695.15,0,0.0036966,4.26164e-06,11.8355,1.38585,56.6963,0.83714,69.0805,0.42336,0.0018483,0.21168,0.0018483,0.21168,460.486,0,1.02816,0,0,12.8637,11.8355,1.028160,1,0,452.719,0,0,0,452.719,0
72.29,2.18631,0,0,11.5824,0.320783,9.07534,3.6288,61.308,0.141529,0,0,3.42146,0.102112,3.17782,0.66528,12.849,1,0.388601,9.07534,0,275.117,2.63508,281.169,0.84672,12.849,0.84672,3695.15,0,0.0036966,4.26678e-06,5.32088,1.38605,30.6609,0.743267,36.6246,0.42336,0.0018483,0.21168,0.0018483,0.21168,460.486,0,1.02816,0,0,6.34904,5.32088,1.028160,1,0,320.972,0,0,0,320.972,0
72.29,2.26653,0,0,10.9138,0.330326,8.31694,3.6288,61.308,0.188749,0,0,10.0061,0.203446,9.61395,0.66528,12.849,1,0.402858,8.31694,0,298.737,3.45201,303.199,0.84672,12.849,0.84672,3695.15,0,0.0036966,5.69035e-06,12.186,1.38625,44.4954,0.993248,57.0744,0.42336,0.0018483,0.21168,0.0018483,0.21168,460.486,0,1.02816,0,0,13.2142,12.186,1.028160,1,0,369.887,0,0,0,369.887,0
72.29,2.26686,0,0,8.66592,0.331917,6.06715,3.6288,61.308,0.188926,0,0,5.59258,0.220335,5.18332,0.66528,12.849,1,0.402917,6.06715,0,283.961,3.58817,286.037,0.84672,12.849,0.84672,3695.15,0,0.0036966,5.6957e-06,8.06099,1.44044,34.6267,1.03491,43.0932,0.42336,0.0018483,0.21168,0.0018483,0.21168,460.486,0,1.02816,0,0,9.08915,8.06099,1.028160,1,0,334.314,0,0,0,334.314,0
72.29,2.26719,0,0,9.51048,0.287277,6.95601,3.6288,61.308,0.189103,0,0,4.41795,0.244123,3.98473,0.66528,12.849,1,0.402976,6.95601,0,243.895,3.87902,246.569,0.84672,12.849,0.84672,3695.15,0,0.0036966,5.70105e-06,6.78336,1.44065,35.3017,1.09216,42.4335,0.42336,0.0018483,0.21168,0.0018483,0.21168,460.486,0,1.02816,0,0,7.81152,6.78336,1.028160,1,0,292.987,0,0,0,292.987,0
72.29,2.26752,0,0,8.05205,0.290704,5.49383,3.6288,61.308,0.189281,0,0,3.24733,0.218219,2.83983,0.66528,12.849,1,0.403034,5.49383,0,234.764,3.25374,236.601,0.84672,12.849,0.84672,3695.15,0,0.0036966,5.7064e-06,5.67259,1.44086,30.9979,1.13052,36.9808,0.42336,0.0018483,0.21168,0.0018483,0.21168,460.486,0,1.02816,0,0,6.70075,5.67259,1.028160,1,0,276.422,0,0,0,276.422,0
72.29,2.23659,0,0,6.2883,0.243395,3.80831,3.6288,61.308,0.171174,0,0,2.57289,0.222088,2.17963,0.66528,12.849,1,0.397537,3.80831,0,160.54,3.88099,160.07,0.84672,12.849,0.84672,3695.15,0,0.0036966,5.16052e-06,3.78351,1.44107,19.9887,1.11939,24.0939,0.42336,0.0018483,0.21168,0.0018483,0.21168,460.486,0,1.02816,0,0,4.81167,3.78351,1.028160,1,0,186.343,0,0,0,186.343,0
72.29,2.23692,0,0,5.3593,0.247523,2.87486,3.6288,61.308,0.171349,0,0,2.38748,0.229359,1.98677,0.66528,12.849,1,0.397595,2.87486,0,118.993,4.09196,117.378,0.84672,12.849,0.84672,3695.15,0,0.0036966,5.16579e-06,3.00136,1.42026,14.1076,1.09417,17.435,0.42336,0.0018483,0.21168,0.0018483,0.21168,460.486,0,1.02816,0,0,4.02952,3.00136,1.028160,1,0,136.8,0,0,0,136.8,0
72.29,2.23724,0,0,5.08417,0.247523,2.59941,3.6288,61.308,0.171524,0,0,2.2102,0.229359,1.80932,0.66528,12.849,1,0.397653,2.59941,0,107.284,4.09196,105.394,0.84672,12.849,0.84672,3695.15,0,0.0036966,5.17106e-06,2.77724,1.42046,13.3708,1.09417,16.4744,0.42336,0.0018483,0.21168,0.0018483,0.21168,460.486,0,1.02816,0,0,3.8054,2.77724,1.028160,1,0,123.677,0,0,0,123.677,0
72.29,2.23757,0,0,4.72447,0.255532,2.23137,3.6288,61.308,0.171698,0,0,2.19767,0.221478,1.80449,0.66528,12.849,1,0.397711,2.23137,0,101.04,3.57403,99.3001,0.84672,12.849,0.84672,3695.15,0,0.0036966,5.17633e-06,2.72454,1.42067,12.4668,0.947932,15.6641,0.42336,0.0018483,0.21168,0.0018483,0.21168,460.486,0,1.02816,0,0,3.7527,2.72454,1.028160,1,0,116.769,0,0,0,116.769,0
72.29,2.34406,0,0,4.65552,0.211515,2.09995,3.6288,61.308,0.236752,0,0,2.14474,0.240545,1.66744,0.66528,12.849,1,0.416638,2.09995,0,97.6614,3.63957,95.7051,0.84672,12.849,0.84672,3695.15,0,0.0036966,7.13754e-06,2.54842,1.42088,11.7518,0.933951,14.7871,0.42336,0.0018483,0.21168,0.0018483,0.21168,460.486,0,1.02816,0,0,3.57658,2.54842,1.028160,1,0,112.16,0,0,0,112.16,0
72.29,2.3444,0,0,4.98406,0.188517,2.45115,3.6288,61.308,0.236936,0,0,1.78714,0.267046,1.28316,0.66528,12.849,1,0.416699,2.45115,0,106.063,4.70924,103.388,0.84672,12.849,0.84672,3695.15,0,0.0036966,7.1431e-06,1.68077,1.49464,10.9493,1.16093,12.9638,0.42336,0.0018483,0.21168,0.0018483,0.21168,460.486,0,1.02816,0,0,2.70893,1.68077,1.028160,1,0,117.635,0,0,0,117.635,0
72.29,2.34474,0,0,4.67378,0.171205,2.15784,3.6288,61.308,0.237121,0,0,1.74449,0.282974,1.22439,0.66528,12.849,1,0.41676,2.15784,0,102.266,4.77489,99.2318,0.84672,12.849,0.84672,3695.15,0,0.0036966,7.14866e-06,1.51444,1.49486,10.7234,1.21191,12.5207,0.42336,0.0018483,0.21168,0.0018483,0.21168,460.486,0,1.02816,0,0,2.5426,1.51444,1.028160,1,0,112.977,0,0,0,112.977,0
72.29,2.34508,0,0,4.33429,0.135247,1.85396,3.6288,61.308,0.237305,0,0,1.60336,0.273305,1.09275,0.66528,12.849,1,0.41682,1.85396,0,98.5072,4.85583,95.0885,0.84672,12.849,0.84672,3695.15,0,0.0036966,7.15422e-06,1.21054,1.49508,9.98749,1.1831,11.51,0.42336,0.0018483,0.21168,0.0018483,0.21168,460.486,0,1.02816,0,0,2.2387,1.21054,1.028160,1,0,107.691,0,0,0,107.691,0
72.29,2.34542,0,0,4.09311,0.135247,1.61244,3.6288,61.308,0.23749,0,0,1.61032,0.273305,1.09953,0.66528,12.849,1,0.416881,1.61244,0,84.7316,4.85583,81.0713,0.84672,12.849,0.84672,3695.15,0,0.0036966,7.15979e-06,1.44958,1.4953,9.08747,1.1831,10.8492,0.42336,0.0018483,0.21168,0.0018483,0.21168,460.486,0,1.02816,0,0,2.47774,1.44958,1.028160,1,0,93.0201,0,0,0,93.0201,0
72.29,2.32476,0,0,3.68914,0.126075,1.23831,3.6288,61.308,0.273358,0,0,1.43234,0.275087,0.883894,0.66528,12.849,1,0.413208,1.23831,0,72.671,4.99728,68.4989,0.84672,12.849,0.84672,3695.15,0,0.0036966,8.24115e-06,1.49689,1.49551,7.07201,1.27541,8.78899,0.42336,0.0018483,0.21168,0.0018483,0.21168,460.486,0,1.02816,0,0,2.52505,1.49689,1.028160,1,0,78.1718,0,0,0,78.1718,0
72.29,2.32509,0,0,3.45428,0.104798,1.02439,3.6288,61.308,0.273548,0,0,1.35376,0.302892,0.777318,0.66528,12.849,1,0.413268,1.02439,0,68.053,5.05039,63.6137,0.84672,12.849,0.84672,3695.15,0,0.0036966,8.24687e-06,1.43293,1.51866,6.82646,1.38193,8.39612,0.42336,0.0018483,0.21168,0.0018483,0.21168,460.486,0,1.02816,0,0,2.46109,1.43293,1.028160,1,0,72.7871,0,0,0,72.7871,0
72.29,2.32543,0,0,3.28037,0.104798,0.850134,3.6288,61.308,0.273738,0,0,1.23161,0.302892,0.654976,0.66528,12.849,1,0.413328,0.850134,0,61.5873,5.05039,56.9737,0.84672,12.849,0.84672,3695.15,0,0.0036966,8.25259e-06,1.34362,1.51889,6.68053,1.38193,8.1611,0.42336,0.0018483,0.21168,0.0018483,0.21168,460.486,0,1.02816,0,0,2.37178,1.34362,1.028160,1,0,65.7898,0,0,0,65.7898,0
72.29,2.32577,0,0,3.03937,0.104798,0.6088,3.6288,61.308,0.273928,0,0,1.1151,0.302892,0.538285,0.66528,12.849,1,0.413388,0.6088,0,58.6258,5.05039,53.7708,0.84672,12.849,0.84672,3695.15,0,0.0036966,8.25832e-06,1.22081,1.51911,6.16317,1.38193,7.52115,0.42336,0.0018483,0.21168,0.0018483,0.21168,460.486,0,1.02816,0,0,2.24897,1.22081,1.028160,1,0,61.8302,0,0,0,61.8302,0
72.29,2.3804,0,0,3.05989,0.0959557,0.583536,3.6288,61.308,0.305939,0,0,1.16591,0.299233,0.560736,0.66528,12.849,1,0.423098,0.583536,0,56.684,5.1125,51.732,0.84672,12.849,0.84672,3695.15,0,0.0036966,9.22337e-06,1.1428,1.51933,5.81822,1.42271,7.05764,0.42336,0.0018483,0.21168,0.0018483,0.21168,460.486,0,1.02816,0,0,2.17096,1.1428,1.028160,1,0,59.3503,0,0,0,59.3503,0
72.29,2.38075,0,0,3.2038,0.0841655,0.738887,3.6288,61.308,0.306133,0,0,1.27058,0.294354,0.670093,0.66528,12.849,1,0.423159,0.738887,0,54.7982,5.19529,49.9187,0.84672,12.849,0.84672,3695.15,0,0.0036966,9.22924e-06,1.24152,1.55612,5.64926,1.47708,6.96981,0.42336,0.0018483,0.21168,0.0018483,0.21168,460.486,0,1.02816,0,0,2.26968,1.24152,1.028160,1,0,57.5586,0,0,0,57.5586,0
72.29,2.38109,0,0,2.83719,0.0841655,0.371928,3.6288,61.308,0.306328,0,0,1.19315,0.294354,0.592467,0.66528,12.849,1,0.423221,0.371928,0,51.63,5.19529,46.3835,0.84672,12.849,0.84672,3695.15,0,0.0036966,9.2351e-06,1.08476,1.55635,5.59427,1.47708,6.75829,0.42336,0.0018483,0.21168,0.0018483,0.21168,460.486,0,1.02816,0,0,2.11292,1.08476,1.028160,1,0,53.7342,0,0,0,53.7342,0
72.0388,2.38144,0,0,2.57726,0.0841655,0.36288,3.6288,61.308,0.306523,0,0,1.16083,0.294354,0.55995,0.66528,12.849,1,0.423283,0.36288,0,48.6012,5.19529,43.3455,0.84672,12.849,0.84672,3695.15,0,0.0036966,9.24097e-06,0.948292,1.55657,5.39457,1.47708,6.42234,0.42336,0.0018483,0.21168,0.0018483,0.21168,460.486,0,1.02816,0,0,1.97645,0.948292,1.028160,1,0,50.3278,0,0,0,50.3278,0
71.2524,2.53952,0,0,2.18285,0.0667881,0.36288,3.6288,61.308,0.421642,0,0,1.15452,0.300013,0.432866,0.66528,12.849,1,0.452955,0.36288,0,46.3179,5.47209,40.7558,0.84672,12.849,0.84672,3695.15,0,0.0036966,1.27116e-05,0.931314,1.5568,5.29368,1.47758,6.30421,0.42336,0.0018483,0.21168,0.0018483,0.21168,460.486,0,1.02816,0,0,1.95947,0.931314,1.028160,1,0,47.4928,0,0,0,47.4928,0
70.6767,2.53565,0,0,2.38462,0.0618391,0.36288,3.6288,61.308,0.421853,0,0,1.02507,0.320492,0.282722,0.66528,12.849,1,0.457256,0.36288,0,43.2393,4.94235,38.2026,0.84672,12.849,0.84672,3695.15,0,0.0036966,1.27179e-05,0.916911,1.68093,4.00216,1.45162,5.14837,0.42336,0.0018483,0.21168,0.0018483,0.21168,460.486,0,1.02816,0,0,1.94507,0.916911,1.028160,1,0,43.6337,0,0,0,43.6337,0
70.2586,2.53287,0,0,2.53928,0.0615668,0.36288,3.6288,61.308,0.422065,0,0,1.26089,0.320492,0.518331,0.66528,12.849,1,0.460475,0.36288,0,55.0233,4.94235,49.9834,0.84672,12.849,0.84672,3695.15,0,0.0036966,1.27243e-05,1.36915,1.68117,4.47028,1.45162,6.06897,0.42336,0.0018483,0.21168,0.0018483,0.21168,460.486,0,1.02816,0,0,2.39731,1.36915,1.028160,1,0,56.5707,0,0,0,56.5707,0
69.3926,2.53092,0,0,2.08907,0.0613691,0.36288,3.6288,61.308,0.422276,0,0,0.918276,0.320492,0.175509,0.66528,12.849,1,0.462859,0.36288,0,50.4101,4.94235,45.3678,0.84672,12.849,0.84672,3695.15,0,0.0036966,1.27307e-05,0.610278,1.68142,3.66133,1.45162,4.50139,0.42336,0.0018483,0.21168,0.0018483,0.21168,460.486,0,1.02816,0,0,1.63844,0.610278,1.028160,1,0,50.0447,0,0,0,50.0447,0
69.0456,2.52642,0,0,2.60332,0.0609595,0.36288,3.6288,61.308,0.422488,0,0,1.59074,0.320492,0.847757,0.66528,12.849,1,0.467801,0.36288,0,49.1378,4.94235,44.0905,0.84672,12.849,0.84672,3695.15,0,0.0036966,1.27371e-05,2.20966,1.68166,5.71044,1.45162,8.15014,0.42336,0.0018483,0.21168,0.0018483,0.21168,460.486,0,1.02816,0,0,3.23782,2.20966,1.028160,1,0,53.0884,0,0,0,53.0884,0
68.2437,2.44777,0,0,2.09904,0.0903417,0.36288,3.6288,61.308,0.352894,0,0,0.932645,0.270534,0.309217,0.66528,12.849,1,0.455516,0.36288,0,48.12,4.31564,43.7118,0.84672,12.849,0.84672,3695.15,0,0.0036966,1.0639e-05,1.18064,1.68191,6.37591,1.08022,8.15823,0.42336,0.0018483,0.21168,0.0018483,0.21168,460.486,0,1.02816,0,0,2.2088,1.18064,1.028160,1,0,52.1792,0,0,0,52.1792,0
68.1324,2.44362,0,0,2.79329,0.09808,0.36288,3.6288,61.308,0.353095,0,0,1.30358,0.269856,0.680626,0.66528,12.849,1,0.460088,0.36288,0,53.5044,4.58251,48.8247,0.84672,12.849,0.84672,3695.15,0,0.0036966,1.0645e-05,1.66558,1.6111,8.30399,1.13313,10.4475,0.42336,0.0018483,0.21168,0.0018483,0.21168,460.486,0,1.02816,0,0,2.69374,1.66558,1.028160,1,0,59.9528,0,0,0,59.9528,0
69.3357,2.44334,0,0,4.10756,0.0979946,0.36288,3.6288,61.308,0.353296,0,0,1.91755,0.269856,1.2944,0.66528,12.849,1,0.460787,0.36288,0,110.595,4.58251,105.914,0.84672,12.849,0.84672,3695.15,0,0.0036966,1.06511e-05,2.48313,1.61133,14.3374,1.13313,17.2987,0.42336,0.0018483,0.21168,0.0018483,0.21168,460.486,0,1.02816,0,0,3.51129,2.48313,1.028160,1,0,124.507,0,0,0,124.507,0
70.8537,2.45045,0,0,4.43022,0.0989185,0.36288,3.6288,61.308,0.353498,0,0,2.13045,0.269856,1.5071,0.66528,12.849,1,0.454107,0.36288,0,113.688,4.58251,109.014,0.84672,12.849,0.84672,3695.15,0,0.0036966,1.06572e-05,4.13955,1.61157,11.4443,1.13313,16.0623,0.42336,0.0018483,0.21168,0.0018483,0.21168,460.486,0,1.02816,0,0,5.16771,4.13955,1.028160,1,0,126.583,0,0,0,126.583,0
72.29,2.39552,0,0,5.75486,0.138783,1.78425,3.6288,61.308,0.290122,0,0,2.3262,0.234857,1.80122,0.66528,12.849,1,0.434417,1.78425,0,135.414,4.07314,132.691,0.84672,12.849,0.84672,3695.15,0,0.0036966,8.74653e-06,2.48861,1.6118,12.9651,1.04263,16.0229,0.42336,0.0018483,0.21168,0.0018483,0.21168,460.486,0,1.02816,0,0,3.51677,2.48861,1.028160,1,0,150.515,0,0,0,150.515,0
72.29,2.4032,0,0,5.42709,0.199337,2.82456,3.6288,61.308,0.290314,0,0,1.47175,0.197451,0.983981,0.66528,12.849,1,0.427151,2.82456,0,122.836,4.64418,120.589,0.84672,12.849,0.84672,3695.15,0,0.0036966,8.75233e-06,2.21562,1.54885,9.443,0.977365,12.2301,0.42336,0.0018483,0.21168,0.0018483,0.21168,460.486,0,1.02816,0,0,3.24378,2.21562,1.028160,1,0,133.803,0,0,0,133.803,0
72.29,2.40355,0,0,8.3646,0.232365,5.72868,3.6288,61.308,0.290507,0,0,2.0951,0.178151,1.62644,0.66528,12.849,1,0.427213,5.72868,0,135.216,4.20735,136.31,0.84672,12.849,0.84672,3695.15,0,0.0036966,8.75813e-06,3.08749,1.54908,11.8517,0.878629,15.6096,0.42336,0.0018483,0.21168,0.0018483,0.21168,460.486,0,1.02816,0,0,4.11565,3.08749,1.028160,1,0,153.546,0,0,0,153.546,0
72.29,2.4039,0,0,6.83744,0.232365,4.20117,3.6288,61.308,0.290699,0,0,1.82568,0.178151,1.35683,0.66528,12.849,1,0.427275,4.20117,0,144.659,4.20735,144.225,0.84672,12.849,0.84672,3695.15,0,0.0036966,8.76392e-06,2.72028,1.54931,9.30623,0.878629,12.6972,0.42336,0.0018483,0.21168,0.0018483,0.21168,460.486,0,1.02816,0,0,3.74844,2.72028,1.028160,1,0,158.279,0,0,0,158.279,0
72.29,2.22319,0,0,6.01131,0.248036,3.54008,3.6288,61.308,0.1584,0,0,1.33819,0.168219,1.01157,0.66528,12.849,1,0.395154,3.54008,0,136.445,4.38993,135.2,0.84672,12.849,0.84672,3695.15,0,0.0036966,4.77541e-06,1.97181,1.54953,10.304,0.876005,12.9493,0.42336,0.0018483,0.21168,0.0018483,0.21168,460.486,0,1.02816,0,0,2.99997,1.97181,1.028160,1,0,149.161,0,0,0,149.161,0
72.29,2.22351,0,0,5.03283,0.262708,2.54661,3.6288,61.308,0.158573,0,0,0.973055,0.219017,0.595465,0.66528,12.849,1,0.395212,2.54661,0,114.607,4.49127,112.267,0.84672,12.849,0.84672,3695.15,0,0.0036966,4.78063e-06,6.59685,1.40743,12.7292,1.02798,19.7055,0.42336,0.0018483,0.21168,0.0018483,0.21168,460.486,0,1.02816,0,0,7.62501,6.59685,1.028160,1,0,132.568,0,0,0,132.568,0
72.29,2.22383,0,0,8.47453,0.262708,5.98799,3.6288,61.308,0.158746,0,0,1.34433,0.219017,0.966565,0.66528,12.849,1,0.39527,5.98799,0,181.341,4.49127,182.442,0.84672,12.849,0.84672,3695.15,0,0.0036966,4.78585e-06,7.2976,1.40763,13.4011,1.02798,21.0783,0.42336,0.0018483,0.21168,0.0018483,0.21168,460.486,0,1.02816,0,0,8.32576,7.2976,1.028160,1,0,204.487,0,0,0,204.487,0
72.29,2.22416,0,0,15.403,0.255602,12.9232,3.6288,61.308,0.15892,0,0,8.49563,0.247085,8.08962,0.66528,12.849,1,0.395327,12.9232,0,494.719,4.59483,502.653,0.84672,12.849,0.84672,3695.15,0,0.0036966,4.79107e-06,11.9473,1.40784,35.6473,1.10789,47.8946,0.42336,0.0018483,0.21168,0.0018483,0.21168,460.486,0,1.02816,0,0,12.9755,11.9473,1.028160,1,0,558.637,0,0,0,558.637,0
72.29,2.22448,0,0,9.57139,0.24185,7.10506,3.6288,61.308,0.159093,0,0,5.54221,0.221693,5.16142,0.66528,12.849,1,0.395385,7.10506,0,252.69,4.08593,255.314,0.84672,12.849,0.84672,3695.15,0,0.0036966,4.79629e-06,5.20169,1.40804,22.9945,0.9507,28.6535,0.42336,0.0018483,0.21168,0.0018483,0.21168,460.486,0,1.02816,0,0,6.22985,5.20169,1.028160,1,0,289.128,0,0,0,289.128,0
72.29,2.2945,0,0,5.48179,0.236397,2.9509,3.6288,61.308,0.197657,0,0,2.17137,0.217426,1.75629,0.66528,12.849,1,0.40783,2.9509,0,144.599,3.5387,143.603,0.84672,12.849,0.84672,3695.15,0,0.0036966,5.95892e-06,5.94578,1.40825,13.3898,0.757667,19.9862,0.42336,0.0018483,0.21168,0.0018483,0.21168,460.486,0,1.02816,0,0,6.97394,5.94578,1.028160,1,0,165.346,0,0,0,165.346,0
72.29,2.29482,0,0,5.95192,0.234834,3.42227,3.6288,61.308,0.197829,0,0,3.38546,0.22816,2.95947,0.66528,12.849,1,0.407887,3.42227,0,102.999,3.30424,102.709,0.84672,12.849,0.84672,3695.15,0,0.0036966,5.96409e-06,4.97902,1.4535,13.426,0.678031,19.1805,0.42336,0.0018483,0.21168,0.0018483,0.21168,460.486,0,1.02816,0,0,6.00718,4.97902,1.028160,1,0,124.849,0,0,0,124.849,0
72.29,2.29514,0,0,6.47608,0.234834,3.9461,3.6288,61.308,0.198,0,0,2.77136,0.22816,2.3452,0.66528,12.849,1,0.407944,3.9461,0,137.252,3.30424,137.485,0.84672,12.849,0.84672,3695.15,0,0.0036966,5.96926e-06,4.75165,1.4537,12.721,0.678031,18.2483,0.42336,0.0018483,0.21168,0.0018483,0.21168,460.486,0,1.02816,0,0,5.77981,4.75165,1.028160,1,0,158.079,0,0,0,158.079,0
72.29,2.29546,0,0,4.95901,0.246682,2.41687,3.6288,61.308,0.198172,0,0,2.08367,0.247922,1.63758,0.66528,12.849,1,0.408001,2.41687,0,125.79,3.63128,124.167,0.84672,12.849,0.84672,3695.15,0,0.0036966,5.97444e-06,2.84296,1.45391,10.2117,0.824867,13.6837,0.42336,0.0018483,0.21168,0.0018483,0.21168,460.486,0,1.02816,0,0,3.87112,2.84296,1.028160,1,0,139.489,0,0,0,139.489,0
72.29,2.51971,0,0,5.36273,0.282267,2.56075,3.6288,61.308,0.342551,0,0,2.58132,0.276015,1.96276,0.66528,12.849,1,0.44786,2.56075,0,110.362,4.24991,108.225,0.84672,12.849,0.84672,3695.15,0,0.0036966,1.03271e-05,4.08759,1.45411,12.8494,1.13266,17.2584,0.42336,0.0018483,0.21168,0.0018483,0.21168,460.486,0,1.02816,0,0,5.11575,4.08759,1.028160,1,0,127.446,0,0,0,127.446,0
72.29,2.52006,0,0,4.17707,0.293982,1.36302,3.6288,61.308,0.342742,0,0,2.27044,0.226639,1.70106,0.66528,12.849,1,0.447922,1.36302,0,73.0987,3.99178,70.022,0.84672,12.849,0.84672,3695.15,0,0.0036966,1.03329e-05,3.31314,1.61515,9.1565,1.13789,12.9469,0.42336,0.0018483,0.21168,0.0018483,0.21168,460.486,0,1.02816,0,0,4.3413,3.31314,1.028160,1,0,84.67,0,0,0,84.67,0
72.29,2.52042,0,0,4.99427,0.293982,2.17987,3.6288,61.308,0.342934,0,0,2.38219,0.226639,1.81262,0.66528,12.849,1,0.447985,2.17987,0,85.6561,3.99178,83.3962,0.84672,12.849,0.84672,3695.15,0,0.0036966,1.03387e-05,3.08127,1.61538,9.1965,1.13789,12.7553,0.42336,0.0018483,0.21168,0.0018483,0.21168,460.486,0,1.02816,0,0,4.10943,3.08127,1.028160,1,0,97.9641,0,0,0,97.9641,0
72.29,2.52077,0,0,5.15864,0.293982,2.34389,3.6288,61.308,0.343126,0,0,2.47448,0.226639,1.90471,0.66528,12.849,1,0.448048,2.34389,0,134.836,3.99178,132.74,0.84672,12.849,0.84672,3695.15,0,0.0036966,1.03445e-05,3.32795,1.61561,9.52292,1.13789,13.3286,0.42336,0.0018483,0.21168,0.0018483,0.21168,460.486,0,1.02816,0,0,4.35611,3.32795,1.028160,1,0,147.973,0,0,0,147.973,0
72.29,2.20155,0,0,3.70419,0.303202,1.19944,3.6288,61.308,0.149682,0,0,1.21389,0.2225,0.841712,0.66528,12.849,1,0.39131,1.19944,0,70.8317,4.12225,67.5175,0.84672,12.849,0.84672,3695.15,0,0.0036966,4.51259e-06,2.22621,1.61583,7.67059,1.121,10.3916,0.42336,0.0018483,0.21168,0.0018483,0.21168,460.486,0,1.02816,0,0,3.25437,2.22621,1.028160,1,0,78.7509,0,0,0,78.7509,0
72.29,2.20186,0,0,6.48137,0.281723,3.99778,3.6288,61.308,0.149847,0,0,1.80128,0.183175,1.46826,0.66528,12.849,1,0.391364,3.99778,0,99.3781,4.57443,98.4101,0.84672,12.849,0.84672,3695.15,0,0.0036966,4.51756e-06,4.10121,1.39592,8.94707,1.03942,13.4048,0.42336,0.0018483,0.21168,0.0018483,0.21168,460.486,0,1.02816,0,0,5.12937,4.10121,1.028160,1,0,113.283,0,0,0,113.283,0
72.29,2.20217,0,0,5.92186,0.281723,3.43796,3.6288,61.308,0.150012,0,0,1.48662,0.183175,1.15344,0.66528,12.849,1,0.391419,3.43796,0,90.1083,4.57443,88.5804,0.84672,12.849,0.84672,3695.15,0,0.0036966,4.52254e-06,2.97778,1.39611,7.6108,1.03942,10.9453,0.42336,0.0018483,0.21168,0.0018483,0.21168,460.486,0,1.02816,0,0,4.00594,2.97778,1.028160,1,0,100.679,0,0,0,100.679,0
72.29,2.20248,0,0,6.41631,0.281723,3.93211,3.6288,61.308,0.150177,0,0,1.50485,0.183175,1.1715,0.66528,12.849,1,0.391474,3.93211,0,98.4139,4.57443,97.3801,0.84672,12.849,0.84672,3695.15,0,0.0036966,4.52751e-06,2.86807,1.39631,7.60536,1.03942,10.8303,0.42336,0.0018483,0.21168,0.0018483,0.21168,460.486,0,1.02816,0,0,3.89623,2.86807,1.028160,1,0,109.382,0,0,0,109.382,0
72.29,2.20279,0,0,5.4831,0.293693,2.98662,3.6288,61.308,0.150342,0,0,1.4567,0.199166,1.10719,0.66528,12.849,1,0.391529,2.98662,0,82.5509,4.11191,81.0341,0.84672,12.849,0.84672,3695.15,0,0.0036966,4.53248e-06,2.44717,1.3965,6.68796,1.03866,9.49297,0.42336,0.0018483,0.21168,0.0018483,0.21168,460.486,0,1.02816,0,0,3.47533,2.44717,1.028160,1,0,91.6342,0,0,0,91.6342,0
72.29,2.28359,0,0,6.18176,0.300741,3.59742,3.6288,61.308,0.197911,0,0,1.75179,0.176277,1.3776,0.66528,12.849,1,0.405891,3.59742,0,107.614,4.28119,106.524,0.84672,12.849,0.84672,3695.15,0,0.0036966,5.96658e-06,4.17023,1.3967,8.15409,0.986525,12.7345,0.42336,0.0018483,0.21168,0.0018483,0.21168,460.486,0,1.02816,0,0,5.19839,4.17023,1.028160,1,0,120.636,0,0,0,120.636,0
72.29,2.28391,0,0,6.97579,0.301644,4.39023,3.6288,61.308,0.198083,0,0,2.09252,0.164563,1.72988,0.66528,12.849,1,0.405948,4.39023,0,130.733,4.42292,130.294,0.84672,12.849,0.84672,3695.15,0,0.0036966,5.97175e-06,6.80038,1.45129,10.5608,0.965791,17.8466,0.42336,0.0018483,0.21168,0.0018483,0.21168,460.486,0,1.02816,0,0,7.82854,6.80038,1.028160,1,0,149.871,0,0,0,149.871,0
72.29,2.28423,0,0,5.07728,0.301644,2.4914,3.6288,61.308,0.198254,0,0,1.66018,0.164563,1.29737,0.66528,12.849,1,0.406005,2.4914,0,92.461,4.42292,90.1234,0.84672,12.849,0.84672,3695.15,0,0.0036966,5.97693e-06,4.19451,1.45149,8.15288,0.965791,12.8331,0.42336,0.0018483,0.21168,0.0018483,0.21168,460.486,0,1.02816,0,0,5.22267,4.19451,1.028160,1,0,104.254,0,0,0,104.254,0
72.29,2.28455,0,0,4.30488,0.285098,1.73523,3.6288,61.308,0.198426,0,0,1.32953,0.169359,0.961747,0.66528,12.849,1,0.406062,1.73523,0,77.4196,4.42794,74.3208,0.84672,12.849,0.84672,3695.15,0,0.0036966,5.98211e-06,3.45838,1.45169,6.39334,0.972323,10.3311,0.42336,0.0018483,0.21168,0.0018483,0.21168,460.486,0,1.02816,0,0,4.48654,3.45838,1.028160,1,0,85.6136,0,0,0,85.6136,0
72.29,2.25338,0,0,4.13688,0.25948,1.62402,3.6288,61.308,0.180176,0,0,1.26627,0.171067,0.915026,0.66528,12.849,1,0.400521,1.62402,0,72.0343,4.26982,68.9879,0.84672,12.849,0.84672,3695.15,0,0.0036966,5.43192e-06,2.85514,1.4519,5.80838,1.01305,9.10236,0.42336,0.0018483,0.21168,0.0018483,0.21168,460.486,0,1.02816,0,0,3.8833,2.85514,1.028160,1,0,79.0053,0,0,0,79.0053,0
72.29,2.2537,0,0,3.20611,0.23869,0.713727,3.6288,61.308,0.180346,0,0,1.14511,0.176586,0.788179,0.66528,12.849,1,0.400577,0.713727,0,51.4,3.97533,47.7378,0.84672,12.849,0.84672,3695.15,0,0.0036966,5.43702e-06,1.36095,1.43092,4.60625,1.09844,6.29967,0.42336,0.0018483,0.21168,0.0018483,0.21168,460.486,0,1.02816,0,0,2.38911,1.36095,1.028160,1,0,54.8256,0,0,0,54.8256,0
72.273,2.25401,0,0,2.83827,0.238414,0.36288,3.6288,61.308,0.180515,0,0,0.99093,0.203619,0.606797,0.66528,12.849,1,0.400634,0.36288,0,45.1695,4.28151,40.8502,0.84672,12.849,0.84672,3695.15,0,0.0036966,5.44212e-06,1.17962,1.43112,4.1609,1.12475,5.64689,0.42336,0.0018483,0.21168,0.0018483,0.21168,460.486,0,1.02816,0,0,2.20778,1.17962,1.028160,1,0,47.1039,0,0,0,47.1039,0
72.1165,2.25425,0,0,2.62887,0.168169,0.36288,3.6288,61.308,0.180684,0,0,0.902966,0.236317,0.485965,0.66528,12.849,1,0.40077,0.36288,0,41.4491,4.56981,36.8414,0.84672,12.849,0.84672,3695.15,0,0.0036966,5.44723e-06,1.01421,1.43132,3.92562,1.14196,5.22918,0.42336,0.0018483,0.21168,0.0018483,0.21168,460.486,0,1.02816,0,0,2.04237,1.01421,1.028160,1,0,42.5565,0,0,0,42.5565,0
71.7936,2.36074,0,0,2.56866,0.167969,0.36288,3.6288,61.308,0.246218,0,0,1.01342,0.236317,0.530886,0.66528,12.849,1,0.420613,0.36288,0,40.2412,4.56981,35.6137,0.84672,12.849,0.84672,3695.15,0,0.0036966,7.42291e-06,1.30333,1.43152,4.67324,1.14196,6.26611,0.42336,0.0018483,0.21168,0.0018483,0.21168,460.486,0,1.02816,0,0,2.33149,1.30333,1.028160,1,0,42.4107,0,0,0,42.4107,0
71.1908,2.35947,0,0,2.30774,0.188252,0.36288,3.6288,61.308,0.246396,0,0,0.840897,0.240511,0.35399,0.66528,12.849,1,0.422277,0.36288,0,34.4287,4.73886,29.6304,0.84672,12.849,0.84672,3695.15,0,0.0036966,7.42829e-06,0.683061,1.50583,3.45194,0.976903,4.66392,0.42336,0.0018483,0.21168,0.0018483,0.21168,460.486,0,1.02816,0,0,1.71122,0.683061,1.028160,1,0,34.6483,0,0,0,34.6483,0
70.4928,2.35677,0,0,2.20909,0.187388,0.36288,3.6288,61.308,0.246575,0,0,0.785687,0.240511,0.298602,0.66528,12.849,1,0.425366,0.36288,0,32.3645,4.73886,27.5631,0.84672,12.849,0.84672,3695.15,0,0.0036966,7.43368e-06,0.532449,1.50604,3.1931,0.976903,4.25468,0.42336,0.0018483,0.21168,0.0018483,0.21168,460.486,0,1.02816,0,0,1.56061,0.532449,1.028160,1,0,32.1164,0,0,0,32.1164,0
69.556,2.35353,0,0,1.96599,0.186387,0.36288,3.6288,61.308,0.246753,0,0,0.720861,0.240511,0.233597,0.66528,12.849,1,0.428988,0.36288,0,29.1857,4.73886,24.3808,0.84672,12.849,0.84672,3695.15,0,0.0036966,7.43906e-06,0.394381,1.50625,3.07709,0.976903,4.00081,0.42336,0.0018483,0.21168,0.0018483,0.21168,460.486,0,1.02816,0,0,1.42254,0.394381,1.028160,1,0,28.6152,0,0,0,28.6152,0
68.5653,2.34898,0,0,1.85685,0.135702,0.36288,3.6288,61.308,0.246932,0,0,0.692315,0.273562,0.17182,0.66528,12.849,1,0.433925,0.36288,0,26.0134,5.11371,20.8286,0.84672,12.849,0.84672,3695.15,0,0.0036966,7.44444e-06,0.340736,1.50646,2.93064,1.07268,3.70515,0.42336,0.0018483,0.21168,0.0018483,0.21168,460.486,0,1.02816,0,0,1.3689,0.340736,1.028160,1,0,24.7056,0,0,0,24.7056,0
67.3503,2.32304,0,0,1.59669,0.125786,0.36288,3.6288,61.308,0.283061,0,0,0.712575,0.238259,0.191256,0.66528,12.849,1,0.435333,0.36288,0,25.6156,4.74321,20.7999,0.84672,12.849,0.84672,3695.15,0,0.0036966,8.53365e-06,0.367425,1.50667,2.89418,1.02769,3.74058,0.42336,0.0018483,0.21168,0.0018483,0.21168,460.486,0,1.02816,0,0,1.39558,0.367425,1.028160,1,0,24.7318,0,0,0,24.7318,0
65.9194,2.31677,0,0,1.36982,0.121077,0.36288,3.6288,61.308,0.283244,0,0,0.708143,0.224137,0.200761,0.66528,12.849,1,0.44199,0.36288,0,25.1363,4.59501,20.4621,0.84672,12.849,0.84672,3695.15,0,0.0036966,8.53919e-06,0.346697,1.52999,2.79152,1.0097,3.6585,0.42336,0.0018483,0.21168,0.0018483,0.21168,460.486,0,1.02816,0,0,1.37486,0.346697,1.028160,1,0,24.3214,0,0,0,24.3214,0
64.3795,2.30906,0,0,1.24723,0.115181,0.36288,3.6288,61.308,0.329331,0,0,0.66973,0.235106,0.105292,0.66528,12.849,1,0.450082,0.36288,0,22.1273,4.73616,17.3039,0.84672,12.849,0.84672,3695.15,0,0.0036966,9.9286e-06,0.261274,1.5302,2.70939,1.06122,3.43964,0.42336,0.0018483,0.21168,0.0018483,0.21168,460.486,0,0.982256,0,0,1.24353,0.261274,1.028160,1,0,20.8489,0,0,0,20.8489,0
62.8134,2.30041,0,0,1.18409,0.0869194,0.36288,3.6288,61.308,0.312469,0,0,0.627347,0.300921,0.0139577,0.66528,12.849,1,0.45912,0.36288,0,19.9573,5.58306,14.278,0.84672,12.849,0.84672,3695.15,0,0.0036966,9.42023e-06,0.261274,1.53041,2.5836,1.37035,3.00493,0.42336,0.0018483,0.21168,0.0018483,0.21168,460.486,0,0.999302,0,0,1.26058,0.261274,1.028160,1,0,17.2969,0,0,0,17.2969,0
61.0459,2.3447,0,0,1.02917,0.0890758,0.36288,3.6288,61.2376,0.394242,0,0,0.622028,0.298148,0,0.66528,12.849,1,0.479627,0.36288,0,18.7866,5.64618,13.0236,0.84672,12.849,0.84672,3695.15,0,0.0036966,1.18855e-05,0.261274,1.53063,2.43912,1.38742,2.84359,0.42336,0.0018483,0.21168,0.0018483,0.21168,460.486,0,0.949769,0,0,1.21104,0.261274,1.028160,1,0,15.8672,0,0,0,15.8672,0
59.2067,2.33355,0,0,0.953018,0.0958091,0.36288,3.6288,61.1348,0.473561,0,0,0.661833,0.291086,0,0.66528,12.849,1,0.491168,0.36288,0,17.5901,5.80398,11.6578,0.84672,12.849,0.84672,3695.15,0,0.0036966,1.42932e-05,0.261274,1.56768,2.2015,1.43007,2.60037,0.42336,0.0018483,0.21168,0.0018483,0.21168,460.486,0,0.870636,0,0,1.13191,0.261274,1.028160,1,0,14.2582,0,0,0,14.2582,0
57.3205,2.32134,0,0,0.892261,0.0942224,0.36288,3.6288,61.0503,0.431812,0,0,0.638211,0.290897,0,0.66528,12.849,1,0.503775,0.36288,0,16.5002,5.80398,10.5554,0.84672,12.849,0.84672,3695.15,0,0.0036966,1.30551e-05,0.227405,1.5679,2.27709,1.43007,2.64231,0.42336,0.0018483,0.21168,0.0018483,0.21168,460.486,0,0.912574,0,0,1.13998,0.227405,1.028160,1,0,13.1977,0,0,0,13.1977,0
55.3459,2.30812,0,0,0.788901,0.0925098,0.36288,3.6288,60.8103,0.550097,0,0,0.60081,0.290741,0,0.66528,12.849,1,0.517389,0.36288,0,15.5867,5.80398,9.62824,0.84672,12.849,0.84672,3695.15,0,0.0036966,1.66542e-05,0.227405,1.56812,2.13621,1.43007,2.50164,0.42336,0.0018483,0.21168,0.0018483,0.21168,460.486,0,0.794474,0,0,1.02188,0.227405,1.028160,1,0,12.1299,0,0,0,12.1299,0
53.167,2.44662,0,0,0.712904,0.082228,0.36288,3.6288,60.4131,0.696586,0,0,0.594879,0.295463,0,0.66528,12.849,1,0.568004,0.36288,0,14.7752,5.95353,8.61652,0.84672,12.849,0.84672,3695.15,0,0.0036966,2.11724e-05,0.227405,1.56834,2.13147,1.45995,2.46724,0.42336,0.0018483,0.21168,0.0018483,0.21168,460.486,0,0.763949,0,0,0.991354,0.227405,1.028160,1,0,11.0838,0,0,0,11.0838,0
50.943,2.42822,0,0,0.68016,0.113123,0.36288,3.6288,60.024,0.674146,0,0,0.588092,0.303086,0,0.66528,12.849,1,0.586833,0.36288,0,13.7843,6.57157,6.98873,0.84672,12.849,0.84672,3695.15,0,0.0036966,2.0625e-05,0.227405,1.69338,2.04695,1.50559,2.46213,0.42336,0.0018483,0.21168,0.0018483,0.21168,460.486,0,0.786594,0,0,1.014,0.227405,1.028160,1,0,9.45086,0,0,0,9.45086,0
48.5952,2.40809,0,0,0.54245,0.119254,0.36288,3.6288,59.2919,0.876641,0,0,0.446091,0.301586,0,0.66528,12.849,1,0.607376,0.36288,0,15.6641,6.61227,8.80738,0.84672,12.849,0.84672,3695.15,0,0.0036966,2.69941e-05,0.204422,1.69362,1.65272,1.50074,2.04999,0.42336,0.0018483,0.21168,0.0018483,0.21168,460.486,0,0.584297,0,0,0.78872,0.204422,1.028160,1,0,10.8574,0,0,0,10.8574,0
46.3732,2.38522,0,0,0.642434,0.116311,0.36288,3.6288,59.1935,0.479115,0,0,0.680945,0.300179,0,0.66528,12.849,1,0.630672,0.36288,0,13.4448,6.61227,6.56473,0.84672,12.849,0.84672,3695.15,0,0.0036966,1.49354e-05,0.204422,1.69386,2.23498,1.50074,2.6325,0.42336,0.0018483,0.21168,0.0018483,0.21168,460.486,0,0.98204,0,0,1.18646,0.204422,1.028160,1,0,9.19723,0,0,0,9.19723,0
44.0687,2.36188,0,0,0.536757,0.116509,0.36288,3.6288,58.684,0.729691,0,0,0.499725,0.279582,0,0.66528,12.849,1,0.654425,0.36288,0,12.2691,6.05774,5.91987,0.84672,12.849,0.84672,3695.15,0,0.0036966,2.27844e-05,0.204422,1.69409,2.31551,1.28488,2.92912,0.42336,0.0018483,0.21168,0.0018483,0.21168,460.486,0,0.731661,0,0,0.936083,0.204422,1.028160,1,0,8.84899,0,0,0,8.84899,0
42.0881,2.26444,0,0,0.8003,0.153606,0.36288,3.6288,58.6919,0.421809,0,0,0.690114,0.260376,0,0.66528,12.849,1,0.660238,0.36288,0,15.9063,5.31811,10.2909,0.84672,12.849,0.84672,3695.15,0,0.0036966,1.32852e-05,0.204422,1.69433,3.96401,1.1522,4.71055,0.42336,0.0018483,0.21168,0.0018483,0.21168,460.486,0,0.969434,0,0,1.17386,0.204422,1.028160,1,0,15.0014,0,0,0,15.0014,0
40.417,2.24095,0,0,1.10939,0.176661,0.36288,3.6288,58.958,0.36328,0,0,0.896452,0.26701,0,0.66528,12.849,1,0.684136,0.36288,0,19.258,5.31794,13.6188,0.84672,12.849,0.84672,3695.15,0,0.0036966,1.14403e-05,0.358707,1.62299,4.94971,1.26855,5.66284,0.42336,0.0018483,0.21168,0.0018483,0.21168,460.486,0,1.02816,0,0,1.38687,0.358707,1.028160,1,0,19.2816,0,0,0,19.2816,0
38.5834,2.2198,0,0,0.922311,0.173217,0.36288,3.6288,59.5933,0.363475,0,0,1.26615,0.267467,0,0.66528,12.849,1,0.705698,0.36288,0,17.7895,5.31794,12.1287,0.84672,12.849,0.84672,3695.15,0,0.0036966,1.13947e-05,1.41613,1.62322,5.61205,1.26855,7.38284,0.42336,0.0018483,0.21168,0.0018483,0.21168,460.486,0,1.02816,0,0,2.44429,1.41613,1.028160,1,0,19.5116,0,0,0,19.5116,0
36.6381,2.19494,0,0,0.782041,0.169549,0.36288,3.6288,59.6484,0.36367,0,0,0.687407,0.268557,0,0.66528,12.849,1,0.730958,0.36288,0,17.7644,5.31794,12.0784,0.84672,12.849,0.84672,3695.15,0,0.0036966,1.12793e-05,0.263736,1.62344,4.15101,1.26855,4.76963,0.42336,0.0018483,0.21168,0.0018483,0.21168,460.486,0,1.02816,0,0,1.2919,0.263736,1.028160,1,0,16.8481,0,0,0,16.8481,0
34.8889,2.11054,0,0,0.90498,0.180685,0.36288,3.6288,59.8217,0.29982,0,0,0.713413,0.240332,0,0.66528,12.849,1,0.74017,0.36288,0,20.4237,4.83663,15.2098,0.84672,12.849,0.84672,3695.15,0,0.0036966,9.29039e-06,0.379823,1.62367,4.37558,1.1522,5.22687,0.42336,0.0018483,0.21168,0.0018483,0.21168,460.486,0,1.02816,0,0,1.40798,0.379823,1.028160,1,0,20.4367,0,0,0,20.4367,0
35.2808,2.08371,0,0,3.00861,0.170172,0.36288,3.6288,60.6222,0.300006,0,0,1.27617,0.175623,0,0.66528,12.849,1,0.767396,0.36288,0,52.4065,3.40221,48.5998,0.84672,12.849,0.84672,3695.15,0,0.0036966,9.26923e-06,1.65707,1.56025,8.26469,0.90838,10.5736,0.42336,0.0018483,0.21168,0.0018483,0.21168,460.486,0,1.02816,0,0,2.68523,1.65707,1.028160,1,0,59.1734,0,0,0,59.1734,0
36.007,2.09026,0,0,3.35033,0.170982,0.36288,3.6288,61.308,0.300192,0,0,1.47335,0.17652,0.310877,0.66528,12.849,1,0.761255,0.36288,0,73.5212,3.40221,69.7206,0.84672,12.849,0.84672,3695.15,0,0.0036966,9.15251e-06,1.88053,1.56047,12.6598,0.90838,15.1924,0.42336,0.0018483,0.21168,0.0018483,0.21168,460.486,0,1.02816,0,0,2.90869,1.88053,1.028160,1,0,85.2239,0,0,0,85.2239,0
36.9358,2.10187,0,0,3.56605,0.172483,0.36288,3.6288,61.308,0.300379,0,0,1.52563,0.177289,1.04797,0.66528,12.849,1,0.750045,0.36288,0,86.9806,3.40221,83.1912,0.84672,12.849,0.84672,3695.15,0,0.0036966,9.05575e-06,2.0236,1.56069,11.5968,0.90838,14.2727,0.42336,0.0018483,0.21168,0.0018483,0.21168,460.486,0,1.02816,0,0,3.05176,2.0236,1.028160,1,0,98.5119,0,0,0,98.5119,0
39.6557,1.95679,0,0,5.25436,0.214837,0.36288,3.6288,61.308,0.167102,0,0,3.15619,0.197236,2.79185,0.66528,12.849,1,0.680715,0.36288,0,121.779,3.89181,117.569,0.84672,12.849,0.84672,3695.15,0,0.0036966,5.03776e-06,2.51034,1.5609,13.7932,1.09589,16.7685,0.42336,0.0018483,0.21168,0.0018483,0.21168,460.486,0,1.02816,0,0,3.5385,2.51034,1.028160,1,0,137.13,0,0,0,137.13,0
39.1395,1.99233,0,0,2.07652,0.237507,0.36288,3.6288,61.308,0.16727,0,0,1.73169,0.225727,1.33869,0.66528,12.849,1,0.645544,0.36288,0,46.1431,4.52442,41.336,0.84672,12.849,0.84672,3695.15,0,0.0036966,5.04281e-06,1.15093,1.41775,5.92856,1.17537,7.32186,0.42336,0.0018483,0.21168,0.0018483,0.21168,460.486,0,1.02816,0,0,2.17909,1.15093,1.028160,1,0,49.9966,0,0,0,49.9966,0
39.5613,1.9862,0,0,3.00684,0.235942,0.36288,3.6288,61.308,0.167437,0,0,2.65035,0.229145,2.25377,0.66528,12.849,1,0.652045,0.36288,0,69.5093,4.59722,64.6229,0.84672,12.849,0.84672,3695.15,0,0.0036966,5.04786e-06,1.84755,1.41795,9.67015,1.17611,11.7595,0.42336,0.0018483,0.21168,0.0018483,0.21168,460.486,0,1.02816,0,0,2.87571,1.84755,1.028160,1,0,78.6362,0,0,0,78.6362,0
40.1135,1.99173,0,0,3.14393,0.237091,0.36288,3.6288,61.308,0.167605,0,0,2.40375,0.229145,2.007,0.66528,12.849,1,0.646888,0.36288,0,92.4779,4.59722,87.5967,0.84672,12.849,0.84672,3695.15,0,0.0036966,5.05291e-06,1.63769,1.41815,9.3744,1.17611,11.2541,0.42336,0.0018483,0.21168,0.0018483,0.21168,460.486,0,1.02816,0,0,2.66585,1.63769,1.028160,1,0,100.858,0,0,0,100.858,0
47.9114,1.99875,0,0,10.393,0.233492,0.36288,3.6288,61.308,0.167773,0,0,6.5947,0.253559,6.17336,0.66528,12.849,1,0.640233,0.36288,0,200.792,4.55731,195.957,0.84672,12.849,0.84672,3695.15,0,0.0036966,5.05797e-06,9.66825,1.41835,31.7709,1.26023,41.5973,0.42336,0.0018483,0.21168,0.0018483,0.21168,460.486,0,1.02816,0,0,10.6964,9.66825,1.028160,1,0,243.728,0,0,0,243.728,0
51.5683,2.14642,0,0,6.41867,0.252506,0.36288,3.6288,61.308,0.206612,0,0,3.21347,0.225479,2.78138,0.66528,12.849,1,0.575632,0.36288,0,156.319,4.25719,151.849,0.84672,12.849,0.84672,3695.15,0,0.0036966,6.22889e-06,4.67267,1.41854,13.8774,1.32245,18.6461,0.42336,0.0018483,0.21168,0.0018483,0.21168,460.486,0,1.02816,0,0,5.70083,4.67267,1.028160,1,0,173.277,0,0,0,173.277,0
57.4188,2.17939,0,0,8.64346,0.250606,0.36288,3.6288,61.308,0.206778,0,0,3.18933,0.237645,2.7449,0.66528,12.849,1,0.543028,0.36288,0,242.207,4.47332,237.553,0.84672,12.849,0.84672,3695.15,0,0.0036966,6.2339e-06,4.15576,1.46412,20.2128,1.49797,24.3347,0.42336,0.0018483,0.21168,0.0018483,0.21168,460.486,0,1.02816,0,0,5.18392,4.15576,1.028160,1,0,264.633,0,0,0,264.633,0
64.7987,2.22491,0,0,10.2335,0.265857,0.36288,3.6288,61.308,0.206944,0,0,3.77931,0.237645,3.33472,0.66528,12.849,1,0.497883,0.36288,0,237.067,4.47332,232.459,0.84672,12.849,0.84672,3695.15,0,0.0036966,6.23891e-06,5.09218,1.46431,20.5385,1.49797,25.597,0.42336,0.0018483,0.21168,0.0018483,0.21168,460.486,0,1.02816,0,0,6.12034,5.09218,1.028160,1,0,261.39,0,0,0,261.39,0
72.29,2.27254,0,0,14.9344,0.272521,4.89801,3.6288,61.308,0.207111,0,0,5.21893,0.23278,4.77904,0.66528,12.849,1,0.450625,4.89801,0,360.615,4.44152,360.62,0.84672,12.849,0.84672,3695.15,0,0.0036966,6.24393e-06,5.83068,1.46451,28.6517,1.44314,34.5038,0.42336,0.0018483,0.21168,0.0018483,0.21168,460.486,0,1.02816,0,0,6.85884,5.83068,1.028160,1,0,399.903,0,0,0,399.903,0
72.29,2.53806,0,0,8.19029,0.306765,5.34546,3.6288,61.308,0.352534,0,0,4.70197,0.250076,4.09936,0.66528,12.849,1,0.451122,5.34546,0,433.059,3.79979,434.154,0.84672,12.849,0.84672,3695.15,0,0.0036966,1.06281e-05,6.20862,1.46471,24.6948,1.21774,31.1503,0.42336,0.0018483,0.21168,0.0018483,0.21168,460.486,0,1.02816,0,0,7.23678,6.20862,1.028160,1,0,469.404,0,0,0,469.404,0
72.29,2.53841,0,0,18.0042,0.313771,15.152,3.6288,61.308,0.35272,0,0,5.76959,0.129181,5.28769,0.66528,12.849,1,0.451183,15.152,0,299.873,3.13246,311.441,0.84672,12.849,0.84672,3695.15,0,0.0036966,1.06337e-05,7.66236,1.62692,44.308,0.934789,52.6625,0.42336,0.0018483,0.21168,0.0018483,0.21168,460.486,0,1.02816,0,0,8.69052,7.66236,1.028160,1,0,369.391,0,0,0,369.391,0
72.29,2.53875,0,0,7.621,0.313771,4.76848,3.6288,61.308,0.352906,0,0,2.99074,0.129181,2.50866,0.66528,12.849,1,0.451243,4.76848,0,476.193,3.13246,477.378,0.84672,12.849,0.84672,3695.15,0,0.0036966,1.06393e-05,3.85297,1.62714,22.5113,0.934789,27.0567,0.42336,0.0018483,0.21168,0.0018483,0.21168,460.486,0,1.02816,0,0,4.88113,3.85297,1.028160,1,0,506.943,0,0,0,506.943,0
72.29,2.53909,0,0,5.67636,0.318109,2.81916,3.6288,61.308,0.353092,0,0,2.36943,0.161328,1.85501,0.66528,12.849,1,0.451304,2.81916,0,222.75,3.51758,221.601,0.84672,12.849,0.84672,3695.15,0,0.0036966,1.06449e-05,3.12595,1.62736,16.8357,1.00136,20.5877,0.42336,0.0018483,0.21168,0.0018483,0.21168,460.486,0,1.02816,0,0,4.15411,3.12595,1.028160,1,0,244.043,0,0,0,244.043,0
72.29,2.21754,0,0,5.46304,0.335783,2.90971,3.6288,61.308,0.158236,0,0,4.96759,0.216996,4.59235,0.66528,12.849,1,0.394151,2.90971,0,233.354,4.0771,231.793,0.84672,12.849,0.84672,3695.15,0,0.0036966,4.77046e-06,5.10726,1.62758,24.1912,1.04937,29.8767,0.42336,0.0018483,0.21168,0.0018483,0.21168,460.486,0,1.02816,0,0,6.13542,5.10726,1.028160,1,0,266.262,0,0,0,266.262,0
72.29,2.21784,0,0,7.63914,0.314017,5.10728,3.6288,61.308,0.158395,0,0,6.84815,0.196195,6.49356,0.66528,12.849,1,0.394204,5.10728,0,443.662,3.96763,444.408,0.84672,12.849,0.84672,3695.15,0,0.0036966,4.77527e-06,6.87557,1.40606,25.1009,0.903571,32.479,0.42336,0.0018483,0.21168,0.0018483,0.21168,460.486,0,1.02816,0,0,7.90373,6.87557,1.028160,1,0,483.38,0,0,0,483.38,0
72.29,2.21814,0,0,8.48042,0.314017,5.94826,3.6288,61.308,0.158555,0,0,5.03393,0.196195,4.67918,0.66528,12.849,1,0.394257,5.94826,0,337.624,3.96763,339.211,0.84672,12.849,0.84672,3695.15,0,0.0036966,4.78009e-06,8.54069,1.40624,26.2601,0.903571,35.3034,0.42336,0.0018483,0.21168,0.0018483,0.21168,460.486,0,1.02816,0,0,9.56885,8.54069,1.028160,1,0,379.193,0,0,0,379.193,0
72.29,2.21844,0,0,15.5155,0.314017,12.983,3.6288,61.308,0.158715,0,0,10.9003,0.196195,10.5454,0.66528,12.849,1,0.394311,12.983,0,368.577,3.96763,377.198,0.84672,12.849,0.84672,3695.15,0,0.0036966,4.7849e-06,11.796,1.40643,38.5145,0.903571,50.8134,0.42336,0.0018483,0.21168,0.0018483,0.21168,460.486,0,1.02816,0,0,12.8242,11.796,1.028160,1,0,438.557,0,0,0,438.557,0
72.29,2.21874,0,0,9.48508,0.315614,6.95073,3.6288,61.308,0.158875,0,0,5.38777,0.128067,5.10083,0.66528,12.849,1,0.394364,6.95073,0,332.05,3.65507,334.951,0.84672,12.849,0.84672,3695.15,0,0.0036966,4.78972e-06,6.60893,1.40662,25.5598,0.790923,32.7844,0.42336,0.0018483,0.21168,0.0018483,0.21168,460.486,0,1.02816,0,0,7.63709,6.60893,1.028160,1,0,372.836,0,0,0,372.836,0
72.29,2.30011,0,0,9.20894,0.315885,6.59295,3.6288,61.308,0.206781,0,0,5.27382,0.139054,4.92799,0.66528,12.849,1,0.408828,6.59295,0,266.28,3.42609,269.039,0.84672,12.849,0.84672,3695.15,0,0.0036966,6.234e-06,5.81158,1.40681,22.4971,0.781604,28.9339,0.42336,0.0018483,0.21168,0.0018483,0.21168,460.486,0,1.02816,0,0,6.83974,5.81158,1.028160,1,0,302.9,0,0,0,302.9,0
72.29,2.30042,0,0,8.32395,0.315889,5.70764,3.6288,61.308,0.206948,0,0,5.90419,0.155811,5.54143,0.66528,12.849,1,0.408883,5.70764,0,249.398,3.29343,251.403,0.84672,12.849,0.84672,3695.15,0,0.0036966,6.23901e-06,6.08507,1.46179,21.4999,0.788696,28.258,0.42336,0.0018483,0.21168,0.0018483,0.21168,460.486,0,1.02816,0,0,7.11323,6.08507,1.028160,1,0,285.203,0,0,0,285.203,0
72.29,2.30073,0,0,7.36042,0.315889,4.74379,3.6288,61.308,0.207114,0,0,6.32559,0.155811,5.96266,0.66528,12.849,1,0.408938,4.74379,0,215.679,3.29343,216.72,0.84672,12.849,0.84672,3695.15,0,0.0036966,6.24402e-06,5.64667,1.46198,21.0502,0.788696,27.3702,0.42336,0.0018483,0.21168,0.0018483,0.21168,460.486,0,1.02816,0,0,6.67483,5.64667,1.028160,1,0,250.053,0,0,0,250.053,0
72.29,2.30104,0,0,6.68572,0.308775,4.0759,3.6288,61.308,0.20728,0,0,6.43307,0.165048,6.06074,0.66528,12.849,1,0.408993,4.0759,0,206.822,3.20633,207.282,0.84672,12.849,0.84672,3695.15,0,0.0036966,6.24904e-06,5.51215,1.46218,25.5804,0.77782,31.7769,0.42336,0.0018483,0.21168,0.0018483,0.21168,460.486,0,1.02816,0,0,6.54031,5.51215,1.028160,1,0,245.12,0,0,0,245.12,0
72.29,2.26964,0,0,6.57262,0.266111,4.03688,3.6288,61.308,0.188892,0,0,4.58639,0.210776,4.18672,0.66528,12.849,1,0.40341,4.03688,0,176.514,3.89092,176.257,0.84672,12.849,0.84672,3695.15,0,0.0036966,5.69468e-06,4.79814,1.46238,17.8652,0.905341,23.2204,0.42336,0.0018483,0.21168,0.0018483,0.21168,460.486,0,1.02816,0,0,5.8263,4.79814,1.028160,1,0,203.664,0,0,0,203.664,0
72.29,2.26994,0,0,5.13029,0.263506,2.59684,3.6288,61.308,0.189056,0,0,1.58293,0.21643,1.17744,0.66528,12.849,1,0.403465,2.59684,0,148.718,4.16873,146.742,0.84672,12.849,0.84672,3695.15,0,0.0036966,5.69962e-06,1.62964,1.44124,8.73323,1.04125,10.7629,0.42336,0.0018483,0.21168,0.0018483,0.21168,460.486,0,1.02816,0,0,2.6578,1.62964,1.028160,1,0,158.683,0,0,0,158.683,0
72.29,2.27025,0,0,3.7793,0.241512,1.26754,3.6288,61.308,0.18922,0,0,2.01655,0.209639,1.61769,0.66528,12.849,1,0.403519,1.26754,0,117.959,3.8074,115.016,0.84672,12.849,0.84672,3695.15,0,0.0036966,5.70456e-06,1.71933,1.44143,7.78144,0.999672,9.94253,0.42336,0.0018483,0.21168,0.0018483,0.21168,460.486,0,1.02816,0,0,2.74749,1.71933,1.028160,1,0,126.576,0,0,0,126.576,0
72.29,2.27055,0,0,4.98595,0.241512,2.47388,3.6288,61.308,0.189384,0,0,2.28901,0.209639,1.88999,0.66528,12.849,1,0.403573,2.47388,0,122.606,3.8074,120.869,0.84672,12.849,0.84672,3695.15,0,0.0036966,5.70951e-06,2.26709,1.44163,12.1106,0.999672,14.8196,0.42336,0.0018483,0.21168,0.0018483,0.21168,460.486,0,1.02816,0,0,3.29525,2.26709,1.028160,1,0,137.578,0,0,0,137.578,0
72.29,2.37858,0,0,3.85814,0.22618,1.25338,3.6288,61.308,0.255382,0,0,2.2049,0.199692,1.74983,0.66528,12.849,1,0.422775,1.25338,0,120.808,3.80342,117.835,0.84672,12.849,0.84672,3695.15,0,0.0036966,7.6992e-06,2.06768,1.44182,8.94456,1.03828,11.4158,0.42336,0.0018483,0.21168,0.0018483,0.21168,460.486,0,1.02816,0,0,3.09584,2.06768,1.028160,1,0,131.001,0,0,0,131.001,0
72.29,2.3789,0,0,3.81959,0.20658,1.23411,3.6288,61.308,0.255555,0,0,1.65732,0.225448,1.17631,0.66528,12.849,1,0.422832,1.23411,0,120.838,4.34361,117.306,0.84672,12.849,0.84672,3695.15,0,0.0036966,7.70441e-06,1.56654,1.51666,7.30547,1.10701,9.28164,0.42336,0.0018483,0.21168,0.0018483,0.21168,460.486,0,1.02816,0,0,2.5947,1.56654,1.028160,1,0,127.764,0,0,0,127.764,0
72.29,2.37922,0,0,3.50965,0.129781,1.00064,3.6288,61.308,0.255728,0,0,1.48297,0.258448,0.968794,0.66528,12.849,1,0.422889,1.00064,0,88.007,4.85299,83.7318,0.84672,12.849,0.84672,3695.15,0,0.0036966,7.70962e-06,1.15786,1.51686,6.65876,1.27985,8.05362,0.42336,0.0018483,0.21168,0.0018483,0.21168,460.486,0,1.02816,0,0,2.18602,1.15786,1.028160,1,0,92.7542,0,0,0,92.7542,0
72.29,2.37954,0,0,3.35768,0.129781,0.848354,3.6288,61.308,0.255901,0,0,1.41678,0.258448,0.90243,0.66528,12.849,1,0.422946,0.848354,0,81.0683,4.85299,76.6407,0.84672,12.849,0.84672,3695.15,0,0.0036966,7.71484e-06,1.07723,1.51706,6.43991,1.27985,7.75434,0.42336,0.0018483,0.21168,0.0018483,0.21168,460.486,0,1.02816,0,0,2.10539,1.07723,1.028160,1,0,85.2974,0,0,0,85.2974,0
72.29,2.37986,0,0,3.21506,0.129781,0.705413,3.6288,61.308,0.256074,0,0,1.44031,0.258448,0.925793,0.66528,12.849,1,0.423002,0.705413,0,77.3461,4.85299,72.7756,0.84672,12.849,0.84672,3695.15,0,0.0036966,7.72005e-06,1.33231,1.51727,6.13142,1.27985,7.70114,0.42336,0.0018483,0.21168,0.0018483,0.21168,460.486,0,1.02816,0,0,2.36047,1.33231,1.028160,1,0,81.4025,0,0,0,81.4025,0
72.29,2.35887,0,0,2.95515,0.126153,0.47013,3.6288,61.308,0.292454,0,0,1.37487,0.272944,0.809476,0.66528,12.849,1,0.41927,0.47013,0,85.4816,5.10718,80.4252,0.84672,12.849,0.84672,3695.15,0,0.0036966,8.81685e-06,1.47749,1.51747,6.58587,1.32238,8.25844,0.42336,0.0018483,0.21168,0.0018483,0.21168,460.486,0,1.02816,0,0,2.50565,1.47749,1.028160,1,0,89.4932,0,0,0,89.4932,0
72.1645,2.35918,0,0,2.70278,0.106222,0.36288,3.6288,61.308,0.292632,0,0,1.3583,0.288425,0.777245,0.66528,12.849,1,0.419327,0.36288,0,85.9542,5.59398,80.3038,0.84672,12.849,0.84672,3695.15,0,0.0036966,8.82221e-06,1.53634,1.54095,6.72875,1.34286,8.46316,0.42336,0.0018483,0.21168,0.0018483,0.21168,460.486,0,1.02816,0,0,2.5645,1.53634,1.028160,1,0,89.5442,0,0,0,89.5442,0
71.8419,2.35888,0,0,2.50527,0.106121,0.36288,3.6288,61.308,0.29281,0,0,1.28198,0.288425,0.700742,0.66528,12.849,1,0.420002,0.36288,0,78.0486,5.59398,72.3975,0.84672,12.849,0.84672,3695.15,0,0.0036966,8.82758e-06,1.34636,1.54115,6.64476,1.34286,8.18942,0.42336,0.0018483,0.21168,0.0018483,0.21168,460.486,0,1.02816,0,0,2.37452,1.34636,1.028160,1,0,81.2876,0,0,0,81.2876,0
71.4507,2.3576,0,0,2.43514,0.105861,0.36288,3.6288,61.308,0.292988,0,0,1.21169,0.288425,0.630277,0.66528,12.849,1,0.421659,0.36288,0,70.1551,5.59398,64.5023,0.84672,12.849,0.84672,3695.15,0,0.0036966,8.83294e-06,1.13023,1.54136,6.54886,1.34286,7.87759,0.42336,0.0018483,0.21168,0.0018483,0.21168,460.486,0,1.02816,0,0,2.15839,1.13023,1.028160,1,0,73.0102,0,0,0,73.0102,0
70.9014,2.41094,0,0,2.31004,0.0855291,0.36288,3.6288,61.308,0.325453,0,0,1.16243,0.306096,0.530885,0.66528,12.849,1,0.433561,0.36288,0,64.1002,5.76094,58.2685,0.84672,12.849,0.84672,3695.15,0,0.0036966,9.81167e-06,0.975249,1.54157,6.25917,1.43333,7.34264,0.42336,0.0018483,0.21168,0.0018483,0.21168,460.486,0,1.02816,0,0,2.00341,0.975249,1.028160,1,0,66.1421,0,0,0,66.1421,0
70.5166,2.40842,0,0,2.45995,0.073451,0.36288,3.6288,61.308,0.325635,0,0,1.50213,0.318831,0.857667,0.66528,12.849,1,0.436463,0.36288,0,73.6685,5.96547,67.6295,0.84672,12.849,0.84672,3695.15,0,0.0036966,9.81717e-06,1.23422,1.57888,5.94719,1.50392,7.25636,0.42336,0.0018483,0.21168,0.0018483,0.21168,460.486,0,1.02816,0,0,2.26238,1.23422,1.028160,1,0,75.7435,0,0,0,75.7435,0
70.0051,2.40673,0,0,2.33142,0.0732343,0.36288,3.6288,61.308,0.325817,0,0,1.34387,0.318831,0.699217,0.66528,12.849,1,0.438537,0.36288,0,65.092,5.96547,59.0509,0.84672,12.849,0.84672,3695.15,0,0.0036966,9.82267e-06,1.45473,1.57909,6.21164,1.50392,7.74153,0.42336,0.0018483,0.21168,0.0018483,0.21168,460.486,0,1.02816,0,0,2.48289,1.45473,1.028160,1,0,67.4917,0,0,0,67.4917,0
69.3444,2.40435,0,0,2.17947,0.0729462,0.36288,3.6288,61.308,0.326,0,0,1.24338,0.318831,0.598551,0.66528,12.849,1,0.441303,0.36288,0,61.8929,5.96547,55.849,0.84672,12.849,0.84672,3695.15,0,0.0036966,9.82817e-06,1.24107,1.57931,5.45054,1.50392,6.76698,0.42336,0.0018483,0.21168,0.0018483,0.21168,460.486,0,1.02816,0,0,2.26923,1.24107,1.028160,1,0,63.2145,0,0,0,63.2145,0
68.4977,2.56149,0,0,2.15016,0.0725741,0.36288,3.6288,61.308,0.442783,0,0,1.34524,0.318831,0.583626,0.66528,12.849,1,0.474624,0.36288,0,57.4311,5.96547,51.3539,0.84672,12.849,0.84672,3695.15,0,0.0036966,1.33489e-05,1.39403,1.57952,6.16392,1.50392,7.63353,0.42336,0.0018483,0.21168,0.0018483,0.21168,460.486,0,1.02816,0,0,2.42219,1.39403,1.028160,1,0,59.5711,0,0,0,59.5711,0
67.3803,2.55689,0,0,1.8502,0.0477633,0.36288,3.6288,61.308,0.442981,0,0,1.4755,0.332516,0.700008,0.66528,12.849,1,0.479629,0.36288,0,59.3958,6.24304,53.036,0.84672,12.849,0.84672,3695.15,0,0.0036966,1.33549e-05,1.65084,1.70544,7.08713,1.54244,8.90096,0.42336,0.0018483,0.21168,0.0018483,0.21168,460.486,0,1.02816,0,0,2.679,1.65084,1.028160,1,0,62.6369,0,0,0,62.6369,0
65.9224,2.55055,0,0,1.50643,0.0509091,0.36288,3.6288,61.308,0.443179,0,0,1.37587,0.330738,0.601952,0.66528,12.849,1,0.486374,0.36288,0,51.6582,6.14471,45.39,0.84672,12.849,0.84672,3695.15,0,0.0036966,1.33609e-05,1.51916,1.70567,6.42185,1.51601,8.13066,0.42336,0.0018483,0.21168,0.0018483,0.21168,460.486,0,1.02816,0,0,2.54732,1.51916,1.028160,1,0,54.1226,0,0,0,54.1226,0
64.7704,2.54189,0,0,1.80305,0.0503241,0.36288,3.6288,61.308,0.443377,0,0,1.47806,0.330738,0.703947,0.66528,12.849,1,0.495442,0.36288,0,53.4628,6.14471,47.1855,0.84672,12.849,0.84672,3695.15,0,0.0036966,1.33668e-05,1.73831,1.7059,7.04393,1.51601,8.97211,0.42336,0.0018483,0.21168,0.0018483,0.21168,460.486,0,1.02816,0,0,2.76647,1.73831,1.028160,1,0,56.8616,0,0,0,56.8616,0
64.8818,2.53488,0,0,3.08301,0.0738641,0.36288,3.6288,61.308,0.443576,0,0,1.89842,0.325374,1.12947,0.66528,12.849,1,0.502864,0.36288,0,88.8483,5.99628,82.7121,0.84672,12.849,0.84672,3695.15,0,0.0036966,1.33728e-05,2.19425,1.70613,7.79725,1.49781,10.1998,0.42336,0.0018483,0.21168,0.0018483,0.21168,460.486,0,1.02816,0,0,3.22241,2.19425,1.028160,1,0,94.0413,0,0,0,94.0413,0
64.8554,2.45857,0,0,2.88189,0.0867948,0.36288,3.6288,61.308,0.372954,0,0,1.68037,0.300765,1.00665,0.66528,12.849,1,0.486888,0.36288,0,77.7732,5.93208,71.7171,0.84672,12.849,0.84672,3695.15,0,0.0036966,1.12437e-05,1.70294,1.70636,7.50133,1.35629,9.55433,0.42336,0.0018483,0.21168,0.0018483,0.21168,460.486,0,1.02816,0,0,2.7311,1.70294,1.028160,1,0,82.2781,0,0,0,82.2781,0
64.2079,2.45873,0,0,2.28692,0.1128,0.36288,3.6288,61.308,0.373143,0,0,1.46531,0.279534,0.812632,0.66528,12.849,1,0.487118,0.36288,0,43.4843,5.5692,37.7908,0.84672,12.849,0.84672,3695.15,0,0.0036966,1.12494e-05,1.94298,1.6345,8.47636,1.18212,10.8717,0.42336,0.0018483,0.21168,0.0018483,0.21168,460.486,0,1.02816,0,0,2.97114,1.94298,1.028160,1,0,49.4752,0,0,0,49.4752,0
63.7848,2.45497,0,0,2.50695,0.112213,0.36288,3.6288,61.308,0.373332,0,0,1.6651,0.279534,1.01223,0.66528,12.849,1,0.491278,0.36288,0,51.4752,5.5692,45.7776,0.84672,12.849,0.84672,3695.15,0,0.0036966,1.12551e-05,2.03202,1.63472,8.81427,1.18212,11.2989,0.42336,0.0018483,0.21168,0.0018483,0.21168,460.486,0,1.02816,0,0,3.06018,2.03202,1.028160,1,0,58.0887,0,0,0,58.0887,0
63.399,2.45259,0,0,2.54151,0.111829,0.36288,3.6288,61.308,0.373521,0,0,1.3769,0.279534,0.723841,0.66528,12.849,1,0.494057,0.36288,0,50.6714,5.5692,44.971,0.84672,12.849,0.84672,3695.15,0,0.0036966,1.12608e-05,1.81458,1.63494,7.95537,1.18212,10.2228,0.42336,0.0018483,0.21168,0.0018483,0.21168,460.486,0,1.02816,0,0,2.84274,1.81458,1.028160,1,0,55.9176,0,0,0,55.9176,0
62.6815,2.38712,0,0,2.19545,0.162982,0.36288,3.6288,61.308,0.309211,0,0,1.38872,0.244647,0.834858,0.66528,12.849,1,0.483794,0.36288,0,59.6664,5.24958,54.2959,0.84672,12.849,0.84672,3695.15,0,0.0036966,9.32203e-06,1.77778,1.63516,9.05135,1.06244,11.4018,0.42336,0.0018483,0.21168,0.0018483,0.21168,460.486,0,1.02816,0,0,2.80594,1.77778,1.028160,1,0,66.5326,0,0,0,66.5326,0
61.6261,2.38284,0,0,1.92969,0.239335,0.36288,3.6288,61.308,0.329401,0,0,0.712742,0.192339,0.191002,0.66528,12.849,1,0.488456,0.36288,0,48.157,4.33629,43.6952,0.84672,12.849,0.84672,3695.15,0,0.0036966,9.93071e-06,0.216518,1.57128,9.23184,1.11289,9.90674,0.42336,0.0018483,0.21168,0.0018483,0.21168,460.486,0,1.00815,0,0,1.22467,0.216518,1.028160,1,0,53.7929,0,0,0,53.7929,0
64.366,2.37624,0,0,5.71631,0.237267,0.36288,3.6288,61.308,0.309572,0,0,2.34535,0.192339,1.84343,0.66528,12.849,1,0.495444,0.36288,0,90.5231,4.33629,86.0542,0.84672,12.849,0.84672,3695.15,0,0.0036966,9.3329e-06,3.30213,1.57149,16.2604,1.11289,20.0211,0.42336,0.0018483,0.21168,0.0018483,0.21168,460.486,0,1.02816,0,0,4.33029,3.30213,1.028160,1,0,107.919,0,0,0,107.919,0
65.8533,2.39414,0,0,4.49347,0.249191,0.36288,3.6288,61.308,0.309752,0,0,1.8131,0.194652,1.3087,0.66528,12.849,1,0.477929,0.36288,0,102.254,4.27488,97.8645,0.84672,12.849,0.84672,3695.15,0,0.0036966,9.33833e-06,2.89087,1.57171,15.5383,1.09168,18.9092,0.42336,0.0018483,0.21168,0.0018483,0.21168,460.486,0,1.02816,0,0,3.91903,2.89087,1.028160,1,0,118.082,0,0,0,118.082,0
68.2514,2.22249,0,0,5.27543,0.291994,0.36288,3.6288,61.308,0.175528,0,0,2.14793,0.20853,1.76387,0.66528,12.849,1,0.433642,0.36288,0,54.0658,3.90642,50.0887,0.84672,12.849,0.84672,3695.15,0,0.0036966,5.29179e-06,2.91984,1.57192,15.0718,0.964405,18.5991,0.42336,0.0018483,0.21168,0.0018483,0.21168,460.486,0,1.02816,0,0,3.948,2.91984,1.028160,1,0,70.4517,0,0,0,70.4517,0
67.7724,2.23562,0,0,2.37874,0.259206,0.36288,3.6288,61.308,0.175691,0,0,1.9897,0.182362,1.63164,0.66528,12.849,1,0.420877,0.36288,0,45.3895,4.2623,41.0692,0.84672,12.849,0.84672,3695.15,0,0.0036966,5.29668e-06,2.58638,1.42774,10.262,1.00592,13.2702,0.42336,0.0018483,0.21168,0.0018483,0.21168,460.486,0,1.02816,0,0,3.61454,2.58638,1.028160,1,0,55.971,0,0,0,55.971,0
68.6439,2.23342,0,0,3.71077,0.242942,0.36288,3.6288,61.308,0.175853,0,0,3.37312,0.171895,3.02537,0.66528,12.849,1,0.423434,0.36288,0,104.954,4.40465,100.489,0.84672,12.849,0.84672,3695.15,0,0.0036966,5.30158e-06,3.52846,1.42794,11.4726,1.02252,15.4065,0.42336,0.0018483,0.21168,0.0018483,0.21168,460.486,0,1.02816,0,0,4.55662,3.52846,1.028160,1,0,118.921,0,0,0,118.921,0
69.1679,2.23825,0,0,3.36966,0.244606,0.36288,3.6288,61.308,0.176015,0,0,2.52437,0.171895,2.17646,0.66528,12.849,1,0.418962,0.36288,0,64.4142,4.40465,59.9535,0.84672,12.849,0.84672,3695.15,0,0.0036966,5.30647e-06,3.28388,1.42813,10.7259,1.02252,14.4154,0.42336,0.0018483,0.21168,0.0018483,0.21168,460.486,0,1.02816,0,0,4.31204,3.28388,1.028160,1,0,76.5453,0,0,0,76.5453,0
68.7323,2.24123,0,0,2.46114,0.29262,0.36288,3.6288,61.308,0.176178,0,0,1.171,0.176654,0.818165,0.66528,12.849,1,0.416342,0.36288,0,74.0235,3.90777,70.0623,0.84672,12.849,0.84672,3695.15,0,0.0036966,5.31136e-06,1.79193,1.42832,7.89376,0.918266,10.1957,0.42336,0.0018483,0.21168,0.0018483,0.21168,460.486,0,1.02816,0,0,2.82009,1.79193,1.028160,1,0,81.0762,0,0,0,81.0762,0
69.318,2.239,0,0,3.49314,0.305563,0.36288,3.6288,61.308,0.176178,0,0,1.47441,0.198126,1.1001,0.66528,12.849,1,0.418565,0.36288,0,115.207,3.87945,111.272,0.84672,12.849,0.84672,3695.15,0,0.0036966,5.31136e-06,2.70334,1.42851,11.6841,0.906552,14.9094,0.42336,0.0018483,0.21168,0.0018483,0.21168,460.486,0,1.02816,0,0,3.7315,2.70334,1.028160,1,0,127.282,0,0,0,127.282,0
72.29,2.31253,0,0,8.60293,0.26371,3.05466,3.6288,61.308,0.215283,0,0,3.27072,0.236959,2.81847,0.66528,12.849,1,0.428658,3.05466,0,184.992,4.26792,183.35,0.84672,12.849,0.84672,3695.15,0,0.0036966,6.49032e-06,5.07454,1.42851,19.6633,0.937025,25.2293,0.42336,0.0018483,0.21168,0.0018483,0.21168,460.486,0,1.02816,0,0,6.1027,5.07454,1.028160,1,0,211.398,0,0,0,211.398,0
72.29,2.3278,0,0,6.73642,0.251047,4.15758,3.6288,61.308,0.215444,0,0,2.05584,0.235026,1.60537,0.66528,12.849,1,0.413748,4.15758,0,184.735,3.95535,184.524,0.84672,12.849,0.84672,3695.15,0,0.0036966,6.49516e-06,3.6214,1.4744,14.0414,0.88246,18.2547,0.42336,0.0018483,0.21168,0.0018483,0.21168,460.486,0,1.02816,0,0,4.64956,3.6214,1.028160,1,0,204.384,0,0,0,204.384,0
72.29,2.3281,0,0,4.83421,0.251047,2.25507,3.6288,61.308,0.215605,0,0,1.56012,0.235026,1.10949,0.66528,12.849,1,0.413802,2.25507,0,142.403,3.95535,140.289,0.84672,12.849,0.84672,3695.15,0,0.0036966,6.50001e-06,2.83696,1.47459,11.7658,0.88246,15.1949,0.42336,0.0018483,0.21168,0.0018483,0.21168,460.486,0,1.02816,0,0,3.86512,2.83696,1.028160,1,0,156.593,0,0,0,156.593,0
72.29,2.3284,0,0,4.59088,0.251047,2.01144,3.6288,61.308,0.215766,0,0,1.40621,0.235026,0.95542,0.66528,12.849,1,0.413855,2.01144,0,115.92,3.96186,113.556,0.84672,12.849,0.84672,3695.15,0,0.0036966,6.50485e-06,2.60728,1.47478,11.2588,0.88246,14.4584,0.42336,0.0018483,0.21168,0.0018483,0.21168,460.486,0,1.02816,0,0,3.63544,2.60728,1.028160,1,0,128.97,0,0,0,128.97,0
72.29,2.55583,0,0,4.6626,0.29639,1.81038,3.6288,61.308,0.362201,0,0,1.12665,0.2379,0.526547,0.66528,12.849,1,0.45428,1.81038,0,106.51,4.15695,103.709,0.84672,12.849,0.84672,3695.15,0,0.0036966,1.09195e-05,2.02106,1.47497,6.77821,1.0598,9.21443,0.42336,0.0018483,0.21168,0.0018483,0.21168,460.486,0,1.02816,0,0,3.04922,2.02106,1.028160,1,0,113.45,0,0,0,113.45,0
72.29,2.55616,0,0,5.98653,0.303947,3.12642,3.6288,61.308,0.36238,0,0,1.33769,0.238379,0.736929,0.66528,12.849,1,0.454339,3.12642,0,101.696,4.19055,100.178,0.84672,12.849,0.84672,3695.15,0,0.0036966,1.0925e-05,2.25069,1.63831,7.49339,1.08936,10.293,0.42336,0.0018483,0.21168,0.0018483,0.21168,460.486,0,1.02816,0,0,3.27885,2.25069,1.028160,1,0,111.208,0,0,0,111.208,0
72.29,2.55649,0,0,6.91196,0.285858,4.0696,3.6288,61.308,0.36256,0,0,1.55095,0.244558,0.943831,0.66528,12.849,1,0.454398,4.0696,0,103.353,4.15306,102.816,0.84672,12.849,0.84672,3695.15,0,0.0036966,1.09304e-05,3.0333,1.63852,8.70277,1.06426,12.3103,0.42336,0.0018483,0.21168,0.0018483,0.21168,460.486,0,1.02816,0,0,4.06146,3.0333,1.028160,1,0,116.07,0,0,0,116.07,0
72.29,2.55683,0,0,4.8225,0.34508,1.9206,3.6288,61.308,0.36274,0,0,1.2106,0.215241,0.632621,0.66528,12.849,1,0.454456,1.9206,0,105.716,3.71941,103.462,0.84672,12.849,0.84672,3695.15,0,0.0036966,1.09358e-05,2.12276,1.63873,6.63644,1.0667,9.33122,0.42336,0.0018483,0.21168,0.0018483,0.21168,460.486,0,1.02816,0,0,3.15092,2.12276,1.028160,1,0,113.426,0,0,0,113.426,0
72.29,2.23302,0,0,3.80164,0.331945,1.23668,3.6288,61.308,0.166516,0,0,0.854436,0.189652,0.498268,0.66528,12.849,1,0.396902,1.23668,0,61.2618,3.18112,58.9205,0.84672,12.849,0.84672,3695.15,0,0.0036966,5.02009e-06,1.015,1.63894,9.25731,0.911016,11.0002,0.42336,0.0018483,0.21168,0.0018483,0.21168,460.486,0,1.02816,0,0,2.04316,1.015,1.028160,1,0,70.419,0,0,0,70.419,0
72.0032,2.23331,0,0,2.6391,0.329755,0.36288,3.6288,61.308,0.16667,0,0,0.950063,0.185387,0.598006,0.66528,12.849,1,0.396954,0.36288,0,61.946,3.09141,58.8205,0.84672,12.849,0.84672,3695.15,0,0.0036966,5.02474e-06,1.06225,1.41587,7.35653,0.885068,8.94958,0.42336,0.0018483,0.21168,0.0018483,0.21168,460.486,0,1.02816,0,0,2.09041,1.06225,1.028160,1,0,68.3681,0,0,0,68.3681,0
72.29,2.23225,0,0,4.03708,0.329038,1.18894,3.6288,61.308,0.166825,0,0,1.13307,0.185387,0.780855,0.66528,12.849,1,0.398347,1.18894,0,108.918,3.09141,106.618,0.84672,12.849,0.84672,3695.15,0,0.0036966,5.0294e-06,1.27932,1.41605,9.18881,0.885068,10.9991,0.42336,0.0018483,0.21168,0.0018483,0.21168,460.486,0,1.02816,0,0,2.30748,1.27932,1.028160,1,0,118.398,0,0,0,118.398,0
72.29,2.23389,0,0,4.85746,0.329755,2.29382,3.6288,61.308,0.166979,0,0,1.01946,0.185387,0.667093,0.66528,12.849,1,0.397056,2.29382,0,112.85,3.09141,111.656,0.84672,12.849,0.84672,3695.15,0,0.0036966,5.03406e-06,1.39711,1.41623,10.2113,0.885068,12.1395,0.42336,0.0018483,0.21168,0.0018483,0.21168,460.486,0,1.02816,0,0,2.42527,1.39711,1.028160,1,0,124.462,0,0,0,124.462,0
72.29,2.23417,0,0,4.77528,0.311154,2.22996,3.6288,61.308,0.167134,0,0,1.06199,0.218509,0.676343,0.66528,12.849,1,0.397108,2.22996,0,120.849,4.09327,118.589,0.84672,12.849,0.84672,3695.15,0,0.0036966,5.03871e-06,1.41176,1.41642,13.4612,1.15096,15.1384,0.42336,0.0018483,0.21168,0.0018483,0.21168,460.486,0,1.02816,0,0,2.43992,1.41176,1.028160,1,0,134.404,0,0,0,134.404,0
72.29,2.31611,0,0,6.88309,0.300739,4.26625,3.6288,61.308,0.215367,0,0,1.59137,0.184932,1.19107,0.66528,12.849,1,0.41167,4.26625,0,191.497,3.70136,191.65,0.84672,12.849,0.84672,3695.15,0,0.0036966,6.49284e-06,2.78836,1.4166,16.776,1.03453,19.9465,0.42336,0.0018483,0.21168,0.0018483,0.21168,460.486,0,1.02816,0,0,3.81652,2.78836,1.028160,1,0,212.788,0,0,0,212.788,0
72.29,2.31641,0,0,5.87593,0.300739,3.25879,3.6288,61.308,0.215528,0,0,1.27018,0.184932,0.869716,0.66528,12.849,1,0.411724,3.25879,0,148.833,3.70136,147.978,0.84672,12.849,0.84672,3695.15,0,0.0036966,6.49768e-06,2.11973,1.47195,12.1424,1.03453,14.6995,0.42336,0.0018483,0.21168,0.0018483,0.21168,460.486,0,1.02816,0,0,3.14789,2.11973,1.028160,1,0,163.548,0,0,0,163.548,0
72.29,2.3167,0,0,4.70289,0.263016,2.12317,3.6288,61.308,0.215688,0,0,0.893402,0.180769,0.496944,0.66528,12.849,1,0.411777,2.12317,0,124.997,3.94848,122.76,0.84672,12.849,0.84672,3695.15,0,0.0036966,6.50253e-06,1.24251,1.47214,8.47826,1.0506,10.1423,0.42336,0.0018483,0.21168,0.0018483,0.21168,460.486,0,1.02816,0,0,2.27067,1.24251,1.028160,1,0,133.4,0,0,0,133.4,0
72.29,2.317,0,0,4.22282,0.246629,1.65918,3.6288,61.308,0.215849,0,0,0.87162,0.180969,0.474802,0.66528,12.849,1,0.41183,1.65918,0,119.445,4.02568,116.667,0.84672,12.849,0.84672,3695.15,0,0.0036966,6.50738e-06,0.98191,1.47233,7.8732,1.05163,9.2758,0.42336,0.0018483,0.21168,0.0018483,0.21168,460.486,0,1.02816,0,0,2.01007,0.98191,1.028160,1,0,126.418,0,0,0,126.418,0
72.29,2.28537,0,0,4.70964,0.238841,2.18543,3.6288,61.308,0.197327,0,0,1.34559,0.192157,0.95611,0.66528,12.849,1,0.406206,2.18543,0,112.965,3.89582,110.848,0.84672,12.849,0.84672,3695.15,0,0.0036966,5.94898e-06,1.75128,1.47252,10.5234,1.01926,12.728,0.42336,0.0018483,0.21168,0.0018483,0.21168,460.486,0,1.02816,0,0,2.77944,1.75128,1.028160,1,0,124.532,0,0,0,124.532,0
72.29,2.28566,0,0,4.41344,0.238841,1.88894,3.6288,61.308,0.197486,0,0,1.25119,0.192157,0.861551,0.66528,12.849,1,0.406259,1.88894,0,102.062,3.89582,99.6486,0.84672,12.849,0.84672,3695.15,0,0.0036966,5.95375e-06,1.37198,1.45123,9.56629,1.01926,11.3702,0.42336,0.0018483,0.21168,0.0018483,0.21168,460.486,0,1.02816,0,0,2.40014,1.37198,1.028160,1,0,111.88,0,0,0,111.88,0
72.29,2.28596,0,0,4.01752,0.215347,1.51622,3.6288,61.308,0.197644,0,0,1.15183,0.20872,0.745469,0.66528,12.849,1,0.406311,1.51622,0,93.1634,4.17375,90.0995,0.84672,12.849,0.84672,3695.15,0,0.0036966,5.95853e-06,1.2696,1.45142,8.29146,1.04893,9.96355,0.42336,0.0018483,0.21168,0.0018483,0.21168,460.486,0,1.02816,0,0,2.29776,1.2696,1.028160,1,0,100.809,0,0,0,100.809,0
72.29,2.28625,0,0,3.82559,0.214245,1.3251,3.6288,61.308,0.197803,0,0,1.12493,0.218406,0.708719,0.66528,12.849,1,0.406364,1.3251,0,81.0458,3.88143,78.0831,0.84672,12.849,0.84672,3695.15,0,0.0036966,5.96331e-06,1.36877,1.4516,8.92158,0.952124,10.7898,0.42336,0.0018483,0.21168,0.0018483,0.21168,460.486,0,1.02816,0,0,2.39693,1.36877,1.028160,1,0,89.5816,0,0,0,89.5816,0
72.29,2.39501,0,0,3.89724,0.143465,1.35876,3.6288,61.308,0.26425,0,0,1.10923,0.223475,0.621504,0.66528,12.849,1,0.425696,1.35876,0,78.6732,4.07103,75.5353,0.84672,12.849,0.84672,3695.15,0,0.0036966,7.96655e-06,1.77124,1.45179,8.85894,1.02654,11.0554,0.42336,0.0018483,0.21168,0.0018483,0.21168,460.486,0,1.02816,0,0,2.7994,1.77124,1.028160,1,0,87.2122,0,0,0,87.2122,0
72.29,2.39532,0,0,3.46277,0.152022,0.915419,3.6288,61.308,0.264417,0,0,1.06783,0.199912,0.603505,0.66528,12.849,1,0.425751,0.915419,0,76.3681,3.7506,73.1072,0.84672,12.849,0.84672,3695.15,0,0.0036966,7.97159e-06,1.24239,1.52713,7.84261,0.959976,9.65215,0.42336,0.0018483,0.21168,0.0018483,0.21168,460.486,0,1.02816,0,0,2.27055,1.24239,1.028160,1,0,83.3628,0,0,0,83.3628,0
72.29,2.39563,0,0,3.12027,0.152022,0.572611,3.6288,61.308,0.264584,0,0,0.951739,0.199912,0.487243,0.66528,12.849,1,0.425806,0.572611,0,68.4582,3.7506,64.8544,0.84672,12.849,0.84672,3695.15,0,0.0036966,7.97663e-06,0.930658,1.52733,7.377,0.959976,8.87501,0.42336,0.0018483,0.21168,0.0018483,0.21168,460.486,0,1.02816,0,0,1.95882,0.930658,1.028160,1,0,74.2166,0,0,0,74.2166,0
72.1836,2.39594,0,0,2.79662,0.144242,0.36288,3.6288,61.308,0.264751,0,0,0.940905,0.205304,0.470849,0.66528,12.849,1,0.425861,0.36288,0,59.4085,3.83721,55.5083,0.84672,12.849,0.84672,3695.15,0,0.0036966,7.98167e-06,1.09778,1.52753,7.20516,0.98141,8.84905,0.42336,0.0018483,0.21168,0.0018483,0.21168,460.486,0,1.02816,0,0,2.12594,1.09778,1.028160,1,0,64.8282,0,0,0,64.8282,0
71.9975,2.39572,0,0,2.67559,0.103023,0.36288,3.6288,61.308,0.264919,0,0,0.913464,0.232039,0.416507,0.66528,12.849,1,0.426449,0.36288,0,51.5491,4.53304,46.9525,0.84672,12.849,0.84672,3695.15,0,0.0036966,7.98671e-06,1.08326,1.52773,6.02596,1.11521,7.52172,0.42336,0.0018483,0.21168,0.0018483,0.21168,460.486,0,1.02816,0,0,2.11142,1.08326,1.028160,1,0,54.8907,0,0,0,54.8907,0
71.7464,2.37364,0,0,2.59561,0.110247,0.36288,3.6288,61.308,0.301543,0,0,0.896244,0.22455,0.370152,0.66528,12.849,1,0.423611,0.36288,0,44.0889,4.76795,39.2602,0.84672,12.849,0.84672,3695.15,0,0.0036966,9.09085e-06,1.01683,1.52792,4.8581,1.12215,6.28069,0.42336,0.0018483,0.21168,0.0018483,0.21168,460.486,0,1.02816,0,0,2.04499,1.01683,1.028160,1,0,45.9111,0,0,0,45.9111,0
71.252,2.37269,0,0,2.35125,0.110037,0.36288,3.6288,61.308,0.301715,0,0,0.85644,0.22455,0.330176,0.66528,12.849,1,0.424924,0.36288,0,43.328,4.76795,38.498,0.84672,12.849,0.84672,3695.15,0,0.0036966,9.09603e-06,0.915201,1.55155,4.58948,1.12215,5.93407,0.42336,0.0018483,0.21168,0.0018483,0.21168,460.486,0,1.02816,0,0,1.94336,0.915201,1.028160,1,0,44.7622,0,0,0,44.7622,0
70.5546,2.3705,0,0,2.14085,0.104899,0.36288,3.6288,61.308,0.301887,0,0,0.809957,0.235519,0.272551,0.66528,12.849,1,0.427477,0.36288,0,38.1415,4.9091,33.1678,0.84672,12.849,0.84672,3695.15,0,0.0036966,9.10121e-06,0.72957,1.55175,4.45445,1.17368,5.56208,0.42336,0.0018483,0.21168,0.0018483,0.21168,460.486,0,1.02816,0,0,1.75773,0.72957,1.028160,1,0,39.0024,0,0,0,39.0024,0
69.7808,2.36723,0,0,2.03249,0.0761503,0.36288,3.6288,61.308,0.302059,0,0,0.758713,0.301333,0.155321,0.66528,12.849,1,0.431107,0.36288,0,34.4009,5.75599,28.5766,0.84672,12.849,0.84672,3695.15,0,0.0036966,9.1064e-06,0.75365,1.55195,4.24765,1.48281,5.07043,0.42336,0.0018483,0.21168,0.0018483,0.21168,460.486,0,1.02816,0,0,1.78181,0.75365,1.028160,1,0,33.8024,0,0,0,33.8024,0
69,2.41866,0,0,2.07948,0.0787048,0.36288,3.6288,61.308,0.334739,0,0,0.736102,0.297482,0.103881,0.66528,12.849,1,0.445357,0.36288,0,32.9942,5.64858,27.2631,0.84672,12.849,0.84672,3695.15,0,0.0036966,1.00916e-05,0.762281,1.55215,3.54737,1.46781,4.39398,0.42336,0.0018483,0.21168,0.0018483,0.21168,460.486,0,1.02816,0,0,1.79044,0.762281,1.028160,1,0,31.761,0,0,0,31.761,0
68.1352,2.41472,0,0,1.991,0.0782295,0.36288,3.6288,61.308,0.334915,0,0,0.719565,0.297482,0.0871678,0.66528,12.849,1,0.449663,0.36288,0,30.8749,5.64858,25.1395,0.84672,12.849,0.84672,3695.15,0,0.0036966,1.00969e-05,0.798431,1.58971,3.64588,1.46781,4.5662,0.42336,0.0018483,0.21168,0.0018483,0.21168,460.486,0,1.02816,0,0,1.82659,0.798431,1.028160,1,0,29.7929,0,0,0,29.7929,0
67.0205,2.41023,0,0,1.73613,0.077703,0.36288,3.6288,61.308,0.335091,0,0,0.678542,0.297482,0.0459688,0.66528,12.849,1,0.454524,0.36288,0,29.2517,5.64858,23.5114,0.84672,12.849,0.84672,3695.15,0,0.0036966,1.01023e-05,0.628776,1.58992,3.48372,1.46781,4.23459,0.42336,0.0018483,0.21168,0.0018483,0.21168,460.486,0,1.02816,0,0,1.65694,0.628776,1.028160,1,0,27.792,0,0,0,27.792,0
65.7822,2.4042,0,0,1.60111,0.072319,0.36288,3.6288,61.308,0.335268,0,0,0.666887,0.300072,0.0315471,0.66528,12.849,1,0.460927,0.36288,0,27.5963,5.72336,21.7749,0.84672,12.849,0.84672,3695.15,0,0.0036966,1.01076e-05,0.555569,1.59012,3.452,1.48275,4.11493,0.42336,0.0018483,0.21168,0.0018483,0.21168,460.486,0,1.02816,0,0,1.58373,0.555569,1.028160,1,0,25.9214,0,0,0,25.9214,0
64.2796,2.55735,0,0,1.49156,0.0739239,0.36288,3.6288,61.1834,0.452842,0,0,0.619523,0.29124,0,0.66528,12.849,1,0.499518,0.36288,0,24.9268,5.75502,19.0352,0.84672,12.849,0.84672,3695.15,0,0.0036966,1.36522e-05,0.561851,1.59033,2.94392,1.42293,3.67315,0.42336,0.0018483,0.21168,0.0018483,0.21168,460.486,0,1.02816,0,0,1.59001,0.561851,1.028160,1,0,22.7083,0,0,0,22.7083,0
62.7428,2.54795,0,0,1.46278,0.0888054,0.36288,3.6288,61.0084,0.453033,0,0,0.556544,0.278506,0,0.66528,12.849,1,0.509315,0.36288,0,23.7225,5.54253,18.0335,0.84672,12.849,0.84672,3695.15,0,0.0036966,1.36858e-05,0.446887,1.7171,2.58782,1.36283,3.38897,0.42336,0.0018483,0.21168,0.0018483,0.21168,460.486,0,1.02816,0,0,1.47505,0.446887,1.028160,1,0,21.4225,0,0,0,21.4225,0
61.2811,2.53792,0,0,1.52679,0.0877028,0.36288,3.6288,60.8344,0.453225,0,0,0.557423,0.278198,0,0.66528,12.849,1,0.519737,0.36288,0,23.6746,5.54253,17.9752,0.84672,12.849,0.84672,3695.15,0,0.0036966,1.37308e-05,0.573843,1.71733,2.90301,1.36283,3.83134,0.42336,0.0018483,0.21168,0.0018483,0.21168,460.486,0,1.02816,0,0,1.602,0.573843,1.028160,1,0,21.8065,0,0,0,21.8065,0
60.0737,2.528,0,0,1.7702,0.0866541,0.36288,3.6288,60.6859,0.453417,0,0,0.582737,0.277891,0,0.66528,12.849,1,0.530053,0.36288,0,22.589,5.54253,16.8793,0.84672,12.849,0.84672,3695.15,0,0.0036966,1.37759e-05,0.519765,1.71755,3.62206,1.36283,4.49653,0.42336,0.0018483,0.21168,0.0018483,0.21168,460.486,0,1.02816,0,0,1.54793,0.519765,1.028160,1,0,21.3758,0,0,0,21.3758,0
58.5407,2.51955,0,0,1.44154,0.0921209,0.36288,3.6288,60.6539,0.453608,0,0,0.698233,0.276629,0,0.66528,12.849,1,0.538899,0.36288,0,35.1821,5.44383,29.5622,0.84672,12.849,0.84672,3695.15,0,0.0036966,1.38155e-05,0.689282,1.71777,2.74387,1.33617,3.81474,0.42336,0.0018483,0.21168,0.0018483,0.21168,460.486,0,1.02816,0,0,1.71744,0.689282,1.028160,1,0,33.377,0,0,0,33.377,0
57.4128,2.43177,0,0,1.76527,0.0985814,0.36288,3.6288,61.308,0.382498,0,0,1.64445,0.27393,0.333895,0.66528,12.849,1,0.533744,0.36288,0,70.8301,5.15823,65.501,0.84672,12.849,0.84672,3695.15,0,0.0036966,1.16558e-05,1.8872,1.71799,4.41758,1.27713,6.74563,0.42336,0.0018483,0.21168,0.0018483,0.21168,460.486,0,1.02816,0,0,2.91536,1.8872,1.028160,1,0,72.5805,0,0,0,72.5805,0
55.9224,2.42351,0,0,1.39352,0.097503,0.36288,3.6288,61.308,0.38268,0,0,1.1386,0.275067,0.480849,0.66528,12.849,1,0.542383,0.36288,0,55.7425,5.15823,50.4048,0.84672,12.849,0.84672,3695.15,0,0.0036966,1.1537e-05,1.37032,1.64563,4.12993,1.27713,5.86874,0.42336,0.0018483,0.21168,0.0018483,0.21168,460.486,0,1.02816,0,0,2.39848,1.37032,1.028160,1,0,56.7544,0,0,0,56.7544,0
54.6099,2.41207,0,0,1.59097,0.128494,0.36288,3.6288,61.308,0.382863,0,0,1.08931,0.248952,0.457499,0.66528,12.849,1,0.554208,0.36288,0,46.6061,4.82663,41.5882,0.84672,12.849,0.84672,3695.15,0,0.0036966,1.15425e-05,1.26879,1.64585,5.08348,1.09261,6.90551,0.42336,0.0018483,0.21168,0.0018483,0.21168,460.486,0,1.02816,0,0,2.29695,1.26879,1.028160,1,0,48.9512,0,0,0,48.9512,0
57.642,2.40159,0,0,5.89442,0.0978902,0.36288,3.6288,61.308,0.383045,0,0,2.26824,0.254601,1.6306,0.66528,12.849,1,0.565064,0.36288,0,79.5053,5.19603,74.1071,0.84672,12.849,0.84672,3695.15,0,0.0036966,1.1548e-05,3.47006,1.64606,12.9071,1.03827,16.985,0.42336,0.0018483,0.21168,0.0018483,0.21168,460.486,0,1.02816,0,0,4.49822,3.47006,1.028160,1,0,92.7226,0,0,0,92.7226,0
57.3053,2.36354,0,0,2.55997,0.170208,0.36288,3.6288,61.308,0.318292,0,0,1.19805,0.261244,0.618512,0.66528,12.849,1,0.526858,0.36288,0,87.2052,4.5504,82.4909,0.84672,12.849,0.84672,3695.15,0,0.0036966,9.59579e-06,1.16779,1.64627,6.79571,1.16146,8.4483,0.42336,0.0018483,0.21168,0.0018483,0.21168,460.486,0,1.02816,0,0,2.19595,1.16779,1.028160,1,0,91.5577,0,0,0,91.5577,0
56.8646,2.36132,0,0,2.45352,0.170024,0.36288,3.6288,61.308,0.318466,0,0,1.25895,0.276305,0.664181,0.66528,12.849,1,0.529455,0.36288,0,66.491,4.5947,61.7298,0.84672,12.849,0.84672,3695.15,0,0.0036966,9.60104e-06,1.85435,1.58195,6.966,1.22926,9.17303,0.42336,0.0018483,0.21168,0.0018483,0.21168,460.486,0,1.02816,0,0,2.88251,1.85435,1.028160,1,0,71.567,0,0,0,71.567,0
56.1868,2.35828,0,0,2.21261,0.169288,0.36288,3.6288,61.308,0.31864,0,0,1.26971,0.276305,0.674764,0.66528,12.849,1,0.532871,0.36288,0,81.1089,4.5947,76.3442,0.84672,12.849,0.84672,3695.15,0,0.0036966,9.60629e-06,1.45025,1.58216,7.67595,1.22926,9.47908,0.42336,0.0018483,0.21168,0.0018483,0.21168,460.486,0,1.02816,0,0,2.47841,1.45025,1.028160,1,0,86.498,0,0,0,86.498,0
55.6841,2.35335,0,0,2.38111,0.167576,0.36288,3.6288,61.308,0.318814,0,0,1.05383,0.231135,0.50388,0.66528,12.849,1,0.538172,0.36288,0,82.4956,4.3507,77.9696,0.84672,12.849,0.84672,3695.15,0,0.0036966,9.61155e-06,0.905291,1.58236,6.73376,1.08041,8.14098,0.42336,0.0018483,0.21168,0.0018483,0.21168,460.486,0,1.02816,0,0,1.93345,0.905291,1.028160,1,0,86.6144,0,0,0,86.6144,0
56.8588,2.17274,0,0,3.88717,0.176869,0.36288,3.6288,61.308,0.183675,0,0,1.31395,0.20214,0.928138,0.66528,12.849,1,0.501357,0.36288,0,96.4967,3.68655,92.6717,0.84672,12.849,0.84672,3695.15,0,0.0036966,5.5374e-06,1.18339,1.58257,6.43965,0.976818,8.22878,0.42336,0.0018483,0.21168,0.0018483,0.21168,460.486,0,1.02816,0,0,2.21155,1.18339,1.028160,1,0,101.829,0,0,0,101.829,0
57.439,2.18148,0,0,3.33382,0.209243,0.36288,3.6288,61.308,0.183832,0,0,1.12318,0.200662,0.738689,0.66528,12.849,1,0.492972,0.36288,0,80.5149,3.81444,76.5703,0.84672,12.849,0.84672,3695.15,0,0.0036966,5.54213e-06,2.17818,1.43741,5.69551,0.969214,8.34187,0.42336,0.0018483,0.21168,0.0018483,0.21168,460.486,0,1.02816,0,0,3.20634,2.17818,1.028160,1,0,85.6509,0,0,0,85.6509,0
56.9017,2.18583,0,0,2.22181,0.210441,0.36288,3.6288,61.308,0.183989,0,0,0.604755,0.200662,0.220104,0.66528,12.849,1,0.488966,0.36288,0,43.9318,3.81444,39.9913,0.84672,12.849,0.84672,3695.15,0,0.0036966,5.54685e-06,0.515177,1.43759,4.77456,0.969214,5.75811,0.42336,0.0018483,0.21168,0.0018483,0.21168,460.486,0,1.02816,0,0,1.54334,0.515177,1.028160,1,0,45.9695,0,0,0,45.9695,0
57.5806,2.18234,0,0,3.46277,0.238614,0.36288,3.6288,61.308,0.184146,0,0,0.987405,0.23266,0.570599,0.66528,12.849,1,0.492797,0.36288,0,60.7942,4.50015,56.1642,0.84672,12.849,0.84672,3695.15,0,0.0036966,5.55158e-06,1.23366,1.43778,7.15843,1.18312,8.64675,0.42336,0.0018483,0.21168,0.0018483,0.21168,460.486,0,1.02816,0,0,2.26182,1.23366,1.028160,1,0,65.3815,0,0,0,65.3815,0
57.3209,2.18738,0,0,2.53066,0.240103,0.36288,3.6288,61.308,0.184303,0,0,0.887622,0.232302,0.471017,0.66528,12.849,1,0.488109,0.36288,0,76.0319,4.522,71.3847,0.84672,12.849,0.84672,3695.15,0,0.0036966,5.55631e-06,0.93242,1.43797,6.75052,1.16527,7.95563,0.42336,0.0018483,0.21168,0.0018483,0.21168,460.486,0,1.02816,0,0,1.96058,0.93242,1.028160,1,0,79.8113,0,0,0,79.8113,0
55.5943,2.25433,0,0,1.10006,0.209444,0.36288,3.6288,61.308,0.223666,0,0,1.19924,0.198155,0.77742,0.66528,12.849,1,0.505328,0.36288,0,32.5783,3.96743,28.4685,0.84672,12.849,0.84672,3695.15,0,0.0036966,6.74302e-06,1.16142,1.43815,4.52479,0.844259,6.2801,0.42336,0.0018483,0.21168,0.0018483,0.21168,460.486,0,1.02816,0,0,2.18958,1.16142,1.028160,1,0,35.526,0,0,0,35.526,0
55.2532,2.24186,0,0,2.46956,0.205895,0.36288,3.6288,61.308,0.223821,0,0,1.51906,0.198155,1.09708,0.66528,12.849,1,0.51814,0.36288,0,44.0326,3.96743,39.91,0.84672,12.849,0.84672,3695.15,0,0.0036966,6.74769e-06,1.75522,1.48434,8.2756,0.844259,10.6709,0.42336,0.0018483,0.21168,0.0018483,0.21168,460.486,0,1.02816,0,0,2.78338,1.75522,1.028160,1,0,51.6779,0,0,0,51.6779,0
55.8075,2.23954,0,0,3.40279,0.246061,0.36288,3.6288,61.308,0.223976,0,0,1.41522,0.202853,0.988394,0.66528,12.849,1,0.520799,0.36288,0,70.0332,4.23695,65.6384,0.84672,12.849,0.84672,3695.15,0,0.0036966,6.75237e-06,1.5261,1.48452,8.00703,0.995061,10.0226,0.42336,0.0018483,0.21168,0.0018483,0.21168,460.486,0,1.02816,0,0,2.55426,1.5261,1.028160,1,0,76.6494,0,0,0,76.6494,0
55.4404,2.24402,0,0,2.51804,0.278248,0.36288,3.6288,61.308,0.224131,0,0,1.32526,0.206377,0.894747,0.66528,12.849,1,0.516659,0.36288,0,62.8366,4.43909,58.2437,0.84672,12.849,0.84672,3695.15,0,0.0036966,6.75705e-06,1.4165,1.48471,6.4711,1.10816,8.26414,0.42336,0.0018483,0.21168,0.0018483,0.21168,460.486,0,1.02816,0,0,2.44466,1.4165,1.028160,1,0,67.4026,0,0,0,67.4026,0
56.5791,2.46015,0,0,4.23707,0.27538,0.36288,3.6288,61.308,0.371543,0,0,1.99862,0.196346,1.43073,0.66528,12.849,1,0.570171,0.36288,0,84.8256,4.19879,80.4195,0.84672,12.849,0.84672,3695.15,0,0.0036966,1.12012e-05,2.81693,1.48489,11.3848,1.15402,14.5326,0.42336,0.0018483,0.21168,0.0018483,0.21168,460.486,0,1.02816,0,0,3.84509,2.81693,1.028160,1,0,96.3829,0,0,0,96.3829,0
56.356,2.46981,0,0,2.88739,0.277767,0.36288,3.6288,61.308,0.371717,0,0,1.29518,0.192333,0.731129,0.66528,12.849,1,0.56089,0.36288,0,64.0182,4.10266,59.7175,0.84672,12.849,0.84672,3695.15,0,0.0036966,1.12064e-05,1.94125,1.64932,8.55395,1.17237,10.9721,0.42336,0.0018483,0.21168,0.0018483,0.21168,460.486,0,1.02816,0,0,2.96941,1.94125,1.028160,1,0,71.4208,0,0,0,71.4208,0
55.0546,2.46831,0,0,1.78584,0.256056,0.36288,3.6288,61.308,0.37189,0,0,0.925733,0.200573,0.35327,0.66528,12.849,1,0.562767,0.36288,0,38.8543,4.05269,34.6017,0.84672,12.849,0.84672,3695.15,0,0.0036966,1.12117e-05,0.944827,1.64952,6.18039,1.13889,7.63584,0.42336,0.0018483,0.21168,0.0018483,0.21168,460.486,0,1.02816,0,0,1.97299,0.944827,1.028160,1,0,42.5908,0,0,0,42.5908,0
54.5482,2.45783,0,0,2.5515,0.237134,0.36288,3.6288,61.308,0.372064,0,0,1.44722,0.206752,0.868402,0.66528,12.849,1,0.573624,0.36288,0,55.4985,4.0152,51.2726,0.84672,12.849,0.84672,3695.15,0,0.0036966,1.12169e-05,1.84077,1.64973,9.96114,1.11379,12.3378,0.42336,0.0018483,0.21168,0.0018483,0.21168,460.486,0,1.02816,0,0,2.86893,1.84077,1.028160,1,0,64.4788,0,0,0,64.4788,0
56.3081,2.14278,0,0,4.51623,0.250724,0.36288,3.6288,61.308,0.174518,0,0,2.05101,0.179175,1.69731,0.66528,12.849,1,0.504739,0.36288,0,99.7556,3.54648,96.0673,0.84672,12.849,0.84672,3695.15,0,0.0036966,5.26134e-06,2.23589,1.64993,12.5181,0.992615,15.4113,0.42336,0.0018483,0.21168,0.0018483,0.21168,460.486,0,1.02816,0,0,3.26405,2.23589,1.028160,1,0,113.176,0,0,0,113.176,0
58.4604,2.1559,0,0,4.93765,0.26655,0.36288,3.6288,61.308,0.174667,0,0,2.21827,0.184342,1.85926,0.66528,12.849,1,0.491956,0.36288,0,136.621,3.86358,132.628,0.84672,12.849,0.84672,3695.15,0,0.0036966,5.26583e-06,3.05812,1.42535,12.9339,1.02749,16.3899,0.42336,0.0018483,0.21168,0.0018483,0.21168,460.486,0,1.02816,0,0,4.08628,3.05812,1.028160,1,0,150.877,0,0,0,150.877,0
59.8638,2.17102,0,0,4.20948,0.272238,0.36288,3.6288,61.308,0.174816,0,0,1.83537,0.184342,1.47621,0.66528,12.849,1,0.477167,0.36288,0,81.7758,3.86358,77.7979,0.84672,12.849,0.84672,3695.15,0,0.0036966,5.27032e-06,2.39279,1.42553,10.5209,1.02749,13.3117,0.42336,0.0018483,0.21168,0.0018483,0.21168,460.486,0,1.02816,0,0,3.42095,2.39279,1.028160,1,0,92.5859,0,0,0,92.5859,0
61.5942,2.1805,0,0,4.54979,0.275946,0.36288,3.6288,61.308,0.174965,0,0,1.97821,0.184342,1.61891,0.66528,12.849,1,0.468016,0.36288,0,95.7587,3.86358,91.79,0.84672,12.849,0.84672,3695.15,0,0.0036966,5.27482e-06,2.87801,1.42571,12.8682,1.02749,16.1444,0.42336,0.0018483,0.21168,0.0018483,0.21168,460.486,0,1.02816,0,0,3.90617,2.87801,1.028160,1,0,109.553,0,0,0,109.553,0
62.3382,2.19165,0,0,3.5791,0.280605,0.36288,3.6288,61.308,0.175115,0,0,1.55261,0.177901,1.19959,0.66528,12.849,1,0.457194,0.36288,0,111.154,4.08873,106.971,0.84672,12.849,0.84672,3695.15,0,0.0036966,5.27932e-06,2.20207,1.42588,9.12816,1.06247,11.6936,0.42336,0.0018483,0.21168,0.0018483,0.21168,460.486,0,1.02816,0,0,3.23023,2.20207,1.028160,1,0,119.864,0,0,0,119.864,0
62.4411,2.2767,0,0,3.02613,0.283611,0.36288,3.6288,61.308,0.223663,0,0,1.29989,0.161799,0.914426,0.66528,12.849,1,0.469268,0.36288,0,63.5927,4.6516,58.8347,0.84672,12.849,0.84672,3695.15,0,0.0036966,6.74295e-06,1.61784,1.42606,9.74013,1.14992,11.6341,0.42336,0.0018483,0.21168,0.0018483,0.21168,460.486,0,1.02816,0,0,2.646,1.61784,1.028160,1,0,71.3833,0,0,0,71.3833,0
62.9243,2.27762,0,0,3.38277,0.259069,0.36288,3.6288,61.308,0.223818,0,0,2.10673,0.176072,1.70684,0.66528,12.849,1,0.468684,0.36288,0,86.0734,4.82612,81.1415,0.84672,12.849,0.84672,3695.15,0,0.0036966,6.74763e-06,3.65484,1.48177,12.1343,1.18427,16.0866,0.42336,0.0018483,0.21168,0.0018483,0.21168,460.486,0,1.02816,0,0,4.683,3.65484,1.028160,1,0,98.9349,0,0,0,98.9349,0
62.3304,2.28089,0,0,2.29269,0.242797,0.36288,3.6288,61.308,0.223973,0,0,1.10079,0.188588,0.688226,0.66528,12.849,1,0.465753,0.36288,0,67.2935,4.3253,62.8653,0.84672,12.849,0.84672,3695.15,0,0.0036966,6.7523e-06,1.46078,1.48195,7.12256,1.226,8.83929,0.42336,0.0018483,0.21168,0.0018483,0.21168,460.486,0,1.02816,0,0,2.48894,1.46078,1.028160,1,0,72.3928,0,0,0,72.3928,0
61.6054,2.2775,0,0,2.13074,0.215366,0.36288,3.6288,61.308,0.224129,0,0,1.04589,0.204154,0.617606,0.66528,12.849,1,0.469491,0.36288,0,61.3401,4.40664,56.8269,0.84672,12.849,0.84672,3695.15,0,0.0036966,6.75698e-06,1.30561,1.48214,6.55292,1.2654,8.07526,0.42336,0.0018483,0.21168,0.0018483,0.21168,460.486,0,1.02816,0,0,2.33377,1.30561,1.028160,1,0,65.5197,0,0,0,65.5197,0
61.1702,2.24188,0,0,2.39334,0.223859,0.36288,3.6288,61.308,0.205477,0,0,0.88306,0.21028,0.467303,0.66528,12.849,1,0.467586,0.36288,0,53.2157,5.15832,47.9526,0.84672,12.849,0.84672,3695.15,0,0.0036966,6.19467e-06,1.54565,1.48232,6.58091,1.21477,8.39412,0.42336,0.0018483,0.21168,0.0018483,0.21168,460.486,0,1.02816,0,0,2.57381,1.54565,1.028160,1,0,56.8141,0,0,0,56.8141,0
60.7097,2.2394,0,0,2.31429,0.172488,0.36288,3.6288,61.308,0.20563,0,0,0.857866,0.204058,0.448178,0.66528,12.849,1,0.470394,0.36288,0,59.8951,4.55544,55.2321,0.84672,12.849,0.84672,3695.15,0,0.0036966,6.19927e-06,1.40651,1.46088,6.24916,1.14387,7.97266,0.42336,0.0018483,0.21168,0.0018483,0.21168,460.486,0,1.02816,0,0,2.43467,1.40651,1.028160,1,0,63.653,0,0,0,63.653,0
60.0448,2.23674,0,0,2.08653,0.151769,0.36288,3.6288,61.308,0.205783,0,0,0.961978,0.197266,0.558929,0.66528,12.849,1,0.473398,0.36288,0,50.758,4.19412,46.4534,0.84672,12.849,0.84672,3695.15,0,0.0036966,6.20389e-06,1.14668,1.46106,5.96334,1.10229,7.46878,0.42336,0.0018483,0.21168,0.0018483,0.21168,460.486,0,1.02816,0,0,2.17484,1.14668,1.028160,1,0,54.4811,0,0,0,54.4811,0
59.2932,2.23269,0,0,1.99486,0.150882,0.36288,3.6288,61.308,0.205936,0,0,0.841095,0.197266,0.437893,0.66528,12.849,1,0.477775,0.36288,0,44.0554,4.19412,39.7464,0.84672,12.849,0.84672,3695.15,0,0.0036966,6.2085e-06,0.952957,1.46124,5.57073,1.10229,6.88262,0.42336,0.0018483,0.21168,0.0018483,0.21168,460.486,0,1.02816,0,0,1.98112,0.952957,1.028160,1,0,47.067,0,0,0,47.067,0
58.1848,2.33368,0,0,1.75635,0.168247,0.36288,3.6288,61.308,0.272817,0,0,0.774204,0.199292,0.302095,0.66528,12.849,1,0.505715,0.36288,0,38.3338,4.41048,33.7805,0.84672,12.849,0.84672,3695.15,0,0.0036966,8.22482e-06,0.802051,1.46142,4.90803,1.05826,6.11323,0.42336,0.0018483,0.21168,0.0018483,0.21168,460.486,0,1.02816,0,0,1.83021,0.802051,1.028160,1,0,40.1958,0,0,0,40.1958,0
57.0342,2.32608,0,0,1.67625,0.137825,0.36288,3.6288,61.308,0.272978,0,0,0.841147,0.217709,0.35046,0.66528,12.849,1,0.51367,0.36288,0,36.3814,4.79946,31.4311,0.84672,12.849,0.84672,3695.15,0,0.0036966,8.22968e-06,1.18424,1.53726,5.14507,1.07085,6.79571,0.42336,0.0018483,0.21168,0.0018483,0.21168,460.486,0,1.02816,0,0,2.2124,1.18424,1.028160,1,0,38.5773,0,0,0,38.5773,0
55.7968,2.31791,0,0,1.52386,0.0804943,0.36288,3.6288,61.308,0.273139,0,0,0.71375,0.240237,0.200374,0.66528,12.849,1,0.522191,0.36288,0,34.4472,5.10174,29.1861,0.84672,12.849,0.84672,3695.15,0,0.0036966,8.23455e-06,0.940127,1.53745,4.60295,1.13166,5.94885,0.42336,0.0018483,0.21168,0.0018483,0.21168,460.486,0,1.02816,0,0,1.96829,0.940127,1.028160,1,0,35.3353,0,0,0,35.3353,0
54.4464,2.30878,0,0,1.40077,0.0795139,0.36288,3.6288,61.308,0.273301,0,0,0.575414,0.240237,0.0618763,0.66528,12.849,1,0.53167,0.36288,0,31.5835,5.10174,26.313,0.84672,12.849,0.84672,3695.15,0,0.0036966,8.23941e-06,0.650877,1.53764,4.17082,1.13166,5.22766,0.42336,0.0018483,0.21168,0.0018483,0.21168,460.486,0,1.02816,0,0,1.67904,0.650877,1.028160,1,0,31.6025,0,0,0,31.6025,0
53.0782,2.29839,0,0,1.37455,0.0814457,0.36288,3.6288,61.2998,0.273462,0,0,0.519647,0.254342,0,0.66528,12.849,1,0.542406,0.36288,0,29.1836,5.27628,23.7278,0.84672,12.849,0.84672,3695.15,0,0.0036966,8.24428e-06,0.544804,1.53783,3.92781,1.17551,4.83493,0.42336,0.0018483,0.21168,0.0018483,0.21168,460.486,0,1.02816,0,0,1.57296,0.544804,1.028160,1,0,28.5627,0,0,0,28.5627,0
51.7007,2.26693,0,0,1.33998,0.0877209,0.36288,3.6288,61.2991,0.310321,0,0,0.599187,0.289589,0,0.66528,12.849,1,0.548771,0.36288,0,28.5589,5.71263,22.6604,0.84672,12.849,0.84672,3695.15,0,0.0036966,9.35674e-06,0.37813,1.53802,3.65488,1.28512,4.2859,0.42336,0.0018483,0.21168,0.0018483,0.21168,460.486,0,1.02816,0,0,1.40629,0.37813,1.028160,1,0,26.9463,0,0,0,26.9463,0
50.2506,2.2555,0,0,1.25477,0.0864833,0.36288,3.6288,61.2687,0.310487,0,0,0.569627,0.289587,0,0.66528,12.849,1,0.560552,0.36288,0,28.5215,5.71263,22.6112,0.84672,12.849,0.84672,3695.15,0,0.0036966,9.36185e-06,0.293259,1.5618,3.75601,1.28512,4.32593,0.42336,0.0018483,0.21168,0.0018483,0.21168,460.486,0,1.02816,0,0,1.32142,0.293259,1.028160,1,0,26.9371,0,0,0,26.9371,0
48.7008,2.24289,0,0,1.14116,0.0851806,0.36288,3.6288,61.2239,0.310653,0,0,0.555456,0.289532,0,0.66528,12.849,1,0.573505,0.36288,0,27.9634,5.71263,22.0401,0.84672,12.849,0.84672,3695.15,0,0.0036966,9.37151e-06,0.276152,1.56199,3.59894,1.28512,4.15195,0.42336,0.0018483,0.21168,0.0018483,0.21168,460.486,0,1.02816,0,0,1.30431,0.276152,1.028160,1,0,26.1921,0,0,0,26.1921,0
47.0612,2.22873,0,0,1.03576,0.0837813,0.36288,3.6288,61.0126,0.443042,0,0,0.521105,0.28945,0,0.66528,12.849,1,0.588018,0.36288,0,24.9176,5.71263,18.9798,0.84672,12.849,0.84672,3695.15,0,0.0036966,1.33751e-05,0.261274,1.56218,3.48148,1.28512,4.0198,0.42336,0.0018483,0.21168,0.0018483,0.21168,460.486,0,0.895933,0,0,1.15721,0.261274,1.028160,1,0,22.9996,0,0,0,22.9996,0
45.5141,2.26455,0,0,1.14616,0.0657482,0.36288,3.6288,60.9801,0.343707,0,0,0.644352,0.333072,0,0.66528,12.849,1,0.618286,0.36288,0,30.3801,6.05691,24.0678,0.84672,12.849,0.84672,3695.15,0,0.0036966,1.04122e-05,0.265861,1.56238,3.59156,1.46285,3.95694,0.42336,0.0018483,0.21168,0.0018483,0.21168,460.486,0,1.02816,0,0,1.29402,0.265861,1.028160,1,0,28.0248,0,0,0,28.0248,0
43.9067,2.24844,0,0,1.07012,0.0662504,0.36288,3.6288,60.8677,0.343877,0,0,0.559051,0.327567,0,0.66528,12.849,1,0.634753,0.36288,0,25.6106,5.94962,19.3891,0.84672,12.849,0.84672,3695.15,0,0.0036966,1.04229e-05,0.371814,1.60017,3.5984,1.43236,4.13802,0.42336,0.0018483,0.21168,0.0018483,0.21168,460.486,0,1.02816,0,0,1.39997,0.371814,1.028160,1,0,23.5271,0,0,0,23.5271,0
42.2374,2.23074,0,0,0.989384,0.065056,0.36288,3.6288,60.6888,0.370018,0,0,0.518437,0.327333,0,0.66528,12.849,1,0.652811,0.36288,0,24.5583,5.94962,18.3187,0.84672,12.849,0.84672,3695.15,0,0.0036966,1.12359e-05,0.227405,1.60037,3.12879,1.43236,3.5242,0.42336,0.0018483,0.21168,0.0018483,0.21168,460.486,0,1.00219,0,0,1.22959,0.227405,1.028160,1,0,21.8429,0,0,0,21.8429,0
40.6145,2.21123,0,0,1.01137,0.060131,0.36288,3.6288,60.5908,0.344217,0,0,0.575742,0.329542,0,0.66528,12.849,1,0.672676,0.36288,0,23.3573,6.02439,17.0231,0.84672,12.849,0.84672,3695.15,0,0.0036966,1.04833e-05,0.367338,1.60057,3.87005,1.4473,4.39066,0.42336,0.0018483,0.21168,0.0018483,0.21168,460.486,0,1.02816,0,0,1.3955,0.367338,1.028160,1,0,21.4138,0,0,0,21.4138,0
38.9204,2.33741,0,0,1.06809,0.0619357,0.36288,3.6288,60.394,0.462555,0,0,0.581877,0.31609,0,0.66528,12.849,1,0.739474,0.36288,0,22.2559,6.02117,15.8582,0.84672,12.849,0.84672,3695.15,0,0.0036966,1.41101e-05,0.311092,1.60077,4.03324,1.49178,4.45331,0.42336,0.0018483,0.21168,0.0018483,0.21168,460.486,0,1.02816,0,0,1.33925,0.311092,1.028160,1,0,20.3115,0,0,0,20.3115,0
37.2627,2.3135,0,0,1.0915,0.0728267,0.36288,3.6288,60.1702,0.484538,0,0,0.592741,0.332043,0,0.66528,12.849,1,0.763767,0.36288,0,22.3315,5.88304,16.0476,0.84672,12.849,0.84672,3695.15,0,0.0036966,1.48288e-05,0.227405,1.72837,3.16787,1.49422,3.62941,0.42336,0.0018483,0.21168,0.0018483,0.21168,460.486,0,1.00636,0,0,1.23377,0.227405,1.028160,1,0,19.677,0,0,0,19.677,0
35.4387,2.28851,0,0,0.898828,0.0714287,0.36288,3.6288,59.7492,0.605325,0,0,0.515908,0.33157,0,0.66528,12.849,1,0.789129,0.36288,0,27.7231,5.88304,21.4138,0.84672,12.849,0.84672,3695.15,0,0.0036966,1.85943e-05,0.204422,1.72858,2.82623,1.49422,3.26499,0.42336,0.0018483,0.21168,0.0018483,0.21168,460.486,0,0.885755,0,0,1.09018,0.204422,1.028160,1,0,24.6788,0,0,0,24.6788,0
33.7413,2.25898,0,0,0.994326,0.0698905,0.36288,3.6288,59.6641,0.46311,0,0,0.70869,0.330682,0,0.66528,12.849,1,0.819038,0.36288,0,23.7688,5.88304,17.4296,0.84672,12.849,0.84672,3695.15,0,0.0036966,1.4326e-05,0.398961,1.72879,3.37739,1.49422,4.01091,0.42336,0.0018483,0.21168,0.0018483,0.21168,460.486,0,1.02816,0,0,1.42712,0.398961,1.028160,1,0,21.4405,0,0,0,21.4405,0
32.1874,2.23168,0,0,1.1034,0.0627163,0.36288,3.6288,59.5148,0.463295,0,0,0.643651,0.329647,0,0.66528,12.849,1,0.84672,0.36288,0,28.2411,5.72112,22.0362,0.84672,12.849,0.84672,3695.15,0,0.0036966,1.43521e-05,0.427144,1.72901,4.5233,1.45416,5.22528,0.42336,0.0018483,0.21168,0.0018483,0.21168,460.486,0,1.02816,0,0,1.4553,0.427144,1.028160,1,0,27.2615,0,0,0,27.2615,0
31.647,2.13812,0,0,1.9947,0.0340645,0.36288,3.6288,59.7969,0.391712,0,0,1.03284,0.359082,0,0.66528,12.849,1,0.84672,0.36288,0,51.328,5.72545,45.1187,0.84672,12.849,0.84672,3695.15,0,0.0036966,1.21651e-05,1.02521,1.72922,8.6406,1.63647,9.75856,0.42336,0.0018483,0.21168,0.0018483,0.21168,460.486,0,1.02816,0,0,2.05337,1.02521,1.028160,1,0,54.8773,0,0,0,54.8773,0
31.0063,2.13848,0,0,1.97368,0.113069,0.36288,3.6288,60.3675,0.391888,0,0,1.24809,0.28553,0,0.66528,12.849,1,0.84672,0.36288,0,46.9926,3.8661,42.6427,0.84672,12.849,0.84672,3695.15,0,0.0036966,1.21131e-05,1.37354,1.65638,9.8585,1.17856,11.7098,0.42336,0.0018483,0.21168,0.0018483,0.21168,460.486,0,1.02816,0,0,2.4017,1.37354,1.028160,1,0,54.3525,0,0,0,54.3525,0
30.5222,2.13885,0,0,2.13786,0.120249,0.36288,3.6288,61.1746,0.392064,0,0,1.48967,0.29057,0,0.66528,12.849,1,0.84672,0.36288,0,51.564,3.9312,47.1489,0.84672,12.849,0.84672,3695.15,0,0.0036966,1.2004e-05,1.47372,1.65659,11.3004,1.21584,13.2149,0.42336,0.0018483,0.21168,0.0018483,0.21168,460.486,0,1.02816,0,0,2.50188,1.47372,1.028160,1,0,60.3638,0,0,0,60.3638,0
30.0769,2.13922,0,0,2.17633,0.119479,0.36288,3.6288,61.308,0.392241,0,0,1.52309,0.292062,0.705371,0.66528,12.849,1,0.84672,0.36288,0,73.3095,3.9312,68.8945,0.84672,12.849,0.84672,3695.15,0,0.0036966,1.1851e-05,1.64379,1.65679,12.1719,1.21584,14.2566,0.42336,0.0018483,0.21168,0.0018483,0.21168,460.486,0,1.02816,0,0,2.67195,1.64379,1.028160,1,0,83.8565,0,0,0,83.8565,0
32.8142,2.06245,0,0,5.30239,0.139743,0.36288,3.6288,61.308,0.327058,0,0,2.62837,0.235489,2.06583,0.66528,12.849,1,0.84672,0.36288,0,110.429,3.68085,106.264,0.84672,12.849,0.84672,3695.15,0,0.0036966,9.86006e-06,2.59487,1.657,12.8856,1.02926,16.1082,0.42336,0.0018483,0.21168,0.0018483,0.21168,460.486,0,1.02816,0,0,3.62303,2.59487,1.028160,1,0,124.438,0,0,0,124.438,0
35.344,2.09083,0,0,5.13688,0.153435,0.36288,3.6288,61.308,0.327226,0,0,1.51572,0.212761,0.975728,0.66528,12.849,1,0.818703,0.36288,0,79.3169,3.58071,75.2804,0.84672,12.849,0.84672,3695.15,0,0.0036966,9.86513e-06,1.5557,1.59225,9.95354,0.954624,12.1469,0.42336,0.0018483,0.21168,0.0018483,0.21168,460.486,0,1.02816,0,0,2.58386,1.5557,1.028160,1,0,88.403,0,0,0,88.403,0
38.2135,2.13408,0,0,5.52473,0.158272,0.36288,3.6288,61.308,0.327394,0,0,1.76488,0.212761,1.22473,0.66528,12.849,1,0.775826,0.36288,0,171.618,3.58071,167.624,0.84672,12.849,0.84672,3695.15,0,0.0036966,9.8702e-06,1.75829,1.59245,11.5857,0.954624,13.9818,0.42336,0.0018483,0.21168,0.0018483,0.21168,460.486,0,1.02816,0,0,2.78645,1.75829,1.028160,1,0,182.831,0,0,0,182.831,0
39.3246,2.17795,0,0,3.81578,0.163759,0.36288,3.6288,61.308,0.327562,0,0,1.07446,0.212761,0.534138,0.66528,12.849,1,0.73232,0.36288,0,64.0184,3.58071,60.0683,0.84672,12.849,0.84672,3695.15,0,0.0036966,9.87527e-06,0.647413,1.59265,8.23859,0.954624,9.52401,0.42336,0.0018483,0.21168,0.0018483,0.21168,460.486,0,1.02816,0,0,1.67557,0.647413,1.028160,1,0,70.1264,0,0,0,70.1264,0
43.9467,2.0286,0,0,7.20422,0.190682,0.36288,3.6288,61.308,0.191539,0,0,2.0583,0.200051,1.66671,0.66528,12.849,1,0.662829,0.36288,0,96.0498,3.60444,92.1455,0.84672,12.849,0.84672,3695.15,0,0.0036966,5.77447e-06,0.701482,1.59284,10.6901,0.98488,11.9995,0.42336,0.0018483,0.21168,0.0018483,0.21168,460.486,0,1.02816,0,0,1.72964,0.701482,1.028160,1,0,105.812,0,0,0,105.812,0
51.2647,2.08281,0,0,9.99199,0.228317,0.36288,3.6288,61.308,0.19169,0,0,2.8525,0.230516,2.4303,0.66528,12.849,1,0.608965,0.36288,0,133.794,4.24389,129.304,0.84672,12.849,0.84672,3695.15,0,0.0036966,5.77903e-06,0.857442,1.44674,9.79292,1.06002,11.0371,0.42336,0.0018483,0.21168,0.0018483,0.21168,460.486,0,1.02816,0,0,1.8856,0.857442,1.028160,1,0,142.771,0,0,0,142.771,0
56.3295,2.15259,0,0,7.82767,0.247347,0.36288,3.6288,61.308,0.191842,0,0,2.67621,0.230516,2.25386,0.66528,12.849,1,0.539526,0.36288,0,117.498,4.24389,113.077,0.84672,12.849,0.84672,3695.15,0,0.0036966,5.7836e-06,1.81397,1.44692,10.6017,1.06002,12.8026,0.42336,0.0018483,0.21168,0.0018483,0.21168,460.486,0,1.02816,0,0,2.84213,1.81397,1.028160,1,0,128.134,0,0,0,128.134,0
61.5503,2.19237,0,0,8.03641,0.26042,0.36288,3.6288,61.308,0.191993,0,0,3.1453,0.230516,2.72279,0.66528,12.849,1,0.500088,0.36288,0,110.022,4.24389,105.641,0.84672,12.849,0.84672,3695.15,0,0.0036966,5.78816e-06,3.9338,1.44709,16.989,1.06002,21.3099,0.42336,0.0018483,0.21168,0.0018483,0.21168,460.486,0,1.02816,0,0,4.96196,3.9338,1.028160,1,0,129.673,0,0,0,129.673,0
67.3912,2.22774,0,0,8.70506,0.273496,0.36288,3.6288,61.308,0.192144,0,0,2.77335,0.230516,2.35069,0.66528,12.849,1,0.465055,0.36288,0,108.488,4.24389,104.142,0.84672,12.849,0.84672,3695.15,0,0.0036966,5.79272e-06,2.66161,1.44727,12.681,1.06002,15.7299,0.42336,0.0018483,0.21168,0.0018483,0.21168,460.486,0,1.02816,0,0,3.68977,2.66161,1.028160,1,0,122.223,0,0,0,122.223,0
67.905,2.33273,0,0,3.47369,0.264322,0.36288,3.6288,61.308,0.231755,0,0,1.70415,0.208225,1.26417,0.66528,12.849,1,0.444766,0.36288,0,68.8667,3.47907,65.3057,0.84672,12.849,0.84672,3695.15,0,0.0036966,6.9869e-06,1.21628,1.44745,10.8295,0.87007,12.6232,0.42336,0.0018483,0.21168,0.0018483,0.21168,460.486,0,1.02816,0,0,2.24444,1.21628,1.028160,1,0,79.1931,0,0,0,79.1931,0
69.4759,2.33584,0,0,4.53509,0.265392,0.36288,3.6288,61.308,0.231905,0,0,2.17289,0.208225,1.73276,0.66528,12.849,1,0.441988,0.36288,0,117.145,3.47907,113.587,0.84672,12.849,0.84672,3695.15,0,0.0036966,6.99141e-06,1.95705,1.49393,13.1528,0.87007,15.7338,0.42336,0.0018483,0.21168,0.0018483,0.21168,460.486,0,1.02816,0,0,2.98521,1.95705,1.028160,1,0,131.054,0,0,0,131.054,0
69.6274,2.34455,0,0,3.12757,0.268665,0.36288,3.6288,61.308,0.232054,0,0,1.33783,0.208225,0.897556,0.66528,12.849,1,0.433606,0.36288,0,91.6635,3.47907,88.1137,0.84672,12.849,0.84672,3695.15,0,0.0036966,6.99591e-06,0.805334,1.49411,9.36291,0.87007,10.7923,0.42336,0.0018483,0.21168,0.0018483,0.21168,460.486,0,1.02816,0,0,1.83349,0.805334,1.028160,1,0,99.8035,0,0,0,99.8035,0
70.1054,2.34563,0,0,3.49027,0.303806,0.36288,3.6288,61.308,0.232203,0,0,1.49464,0.267511,0.994928,0.66528,12.849,1,0.432861,0.36288,0,102.009,4.46016,97.4789,0.84672,12.849,0.84672,3695.15,0,0.0036966,7.00042e-06,1.0158,1.49429,11.4326,1.31058,12.6321,0.42336,0.0018483,0.21168,0.0018483,0.21168,460.486,0,1.02816,0,0,2.04396,1.0158,1.028160,1,0,111.106,0,0,0,111.106,0
69.6117,2.57746,0,0,2.73467,0.288038,0.36288,3.6288,61.308,0.43359,0,0,1.05236,0.231474,0.3873,0.66528,12.849,1,0.4724,0.36288,0,67.2885,4.07898,63.1,0.84672,12.849,0.84672,3695.15,0,0.0036966,1.30718e-05,0.503194,1.49446,7.96397,1.09802,8.86359,0.42336,0.0018483,0.21168,0.0018483,0.21168,460.486,0,0.975127,0,0,1.47832,0.503194,1.028160,1,0,72.3509,0,0,0,72.3509,0
68.939,2.57494,0,0,2.5263,0.261122,0.36288,3.6288,61.308,0.380726,0,0,1.00075,0.226473,0.39355,0.66528,12.849,1,0.475284,0.36288,0,87.3202,4.02129,83.1865,0.84672,12.849,0.84672,3695.15,0,0.0036966,1.1478e-05,0.503323,1.65994,8.06875,1.01891,9.21309,0.42336,0.0018483,0.21168,0.0018483,0.21168,460.486,0,1.02816,0,0,1.53148,0.503323,1.028160,1,0,92.7931,0,0,0,92.7931,0
69.2584,2.57133,0,0,3.51333,0.259762,0.36288,3.6288,61.308,0.380893,0,0,1.50733,0.226473,0.89996,0.66528,12.849,1,0.47925,0.36288,0,94.9026,4.02129,90.765,0.84672,12.849,0.84672,3695.15,0,0.0036966,1.14831e-05,1.84611,1.66014,8.02443,1.01891,10.5118,0.42336,0.0018483,0.21168,0.0018483,0.21168,460.486,0,1.02816,0,0,2.87427,1.84611,1.028160,1,0,102.177,0,0,0,102.177,0
68.3109,2.5735,0,0,2.24928,0.260408,0.36288,3.6288,61.308,0.38106,0,0,0.758196,0.226473,0.150664,0.66528,12.849,1,0.477443,0.36288,0,64.8375,4.02129,60.7016,0.84672,12.849,0.84672,3695.15,0,0.0036966,1.14881e-05,0.67303,1.66033,6.12385,1.01891,7.4383,0.42336,0.0018483,0.21168,0.0018483,0.21168,460.486,0,1.02816,0,0,1.70119,0.67303,1.028160,1,0,68.2906,0,0,0,68.2906,0
70.1268,2.24269,0,0,4.69129,0.269755,0.36288,3.6288,61.308,0.182239,0,0,2.47226,0.243667,2.04636,0.66528,12.849,1,0.421841,0.36288,0,140.686,4.09677,136.531,0.84672,12.849,0.84672,3695.15,0,0.0036966,5.49409e-06,2.44301,1.66053,11.617,1.0138,14.7067,0.42336,0.0018483,0.21168,0.0018483,0.21168,460.486,0,1.02816,0,0,3.47117,2.44301,1.028160,1,0,153.284,0,0,0,153.284,0
72.29,2.25219,0,0,5.5593,0.328656,0.815297,3.6288,61.308,0.182382,0,0,3.64622,0.249305,3.21453,0.66528,12.849,1,0.412658,0.815297,0,171.419,4.33661,167.485,0.84672,12.849,0.84672,3695.15,0,0.0036966,5.49842e-06,3.86842,1.4345,15.248,0.993912,19.557,0.42336,0.0018483,0.21168,0.0018483,0.21168,460.486,0,1.02816,0,0,4.89658,3.86842,1.028160,1,0,190.257,0,0,0,190.257,0
72.29,2.26295,0,0,7.11474,0.33414,4.51765,3.6288,61.308,0.182526,0,0,5.54441,0.249305,5.11258,0.66528,12.849,1,0.402221,4.51765,0,179.964,4.33661,179.743,0.84672,12.849,0.84672,3695.15,0,0.0036966,5.50275e-06,5.76354,1.43467,22.5392,0.993912,28.7435,0.42336,0.0018483,0.21168,0.0018483,0.21168,460.486,0,1.02816,0,0,6.7917,5.76354,1.028160,1,0,213.599,0,0,0,213.599,0
72.29,2.26321,0,0,5.30561,0.33414,2.70825,3.6288,61.308,0.182669,0,0,3.72284,0.249305,3.29086,0.66528,12.849,1,0.402269,2.70825,0,155.799,4.33661,153.768,0.84672,12.849,0.84672,3695.15,0,0.0036966,5.50708e-06,3.94505,1.43484,15.3569,0.993912,19.7429,0.42336,0.0018483,0.21168,0.0018483,0.21168,460.486,0,1.02816,0,0,4.97321,3.94505,1.028160,1,0,176.802,0,0,0,176.802,0
72.29,2.26348,0,0,5.426,0.341452,2.82106,3.6288,61.308,0.182813,0,0,3.29762,0.221705,2.8931,0.66528,12.849,1,0.402317,2.82106,0,153.525,4.22692,151.717,0.84672,12.849,0.84672,3695.15,0,0.0036966,5.51141e-06,3.595,1.43501,14.3003,0.937472,18.3929,0.42336,0.0018483,0.21168,0.0018483,0.21168,460.486,0,1.02816,0,0,4.62316,3.595,1.028160,1,0,173.003,0,0,0,173.003,0
72.29,2.34646,0,0,5.3461,0.342778,2.65686,3.6288,61.308,0.231666,0,0,3.18141,0.167101,2.78265,0.66528,12.849,1,0.417066,2.65686,0,178.882,3.78116,177.34,0.84672,12.849,0.84672,3695.15,0,0.0036966,6.9842e-06,3.27165,1.43518,13.1689,0.85423,17.0215,0.42336,0.0018483,0.21168,0.0018483,0.21168,460.486,0,1.02816,0,0,4.29981,3.27165,1.028160,1,0,197.144,0,0,0,197.144,0
72.29,2.34674,0,0,7.51735,0.342778,4.82783,3.6288,61.308,0.231815,0,0,4.87314,0.167101,4.47422,0.66528,12.849,1,0.417116,4.82783,0,184.27,3.78116,184.899,0.84672,12.849,0.84672,3695.15,0,0.0036966,6.9887e-06,6.57006,1.49124,23.7699,0.85423,30.977,0.42336,0.0018483,0.21168,0.0018483,0.21168,460.486,0,1.02816,0,0,7.59822,6.57006,1.028160,1,0,220.35,0,0,0,220.35,0
72.29,2.34702,0,0,5.50655,0.315994,2.84353,3.6288,61.308,0.231964,0,0,4.03765,0.181374,3.62431,0.66528,12.849,1,0.417165,2.84353,0,226.67,3.95567,225.14,0.84672,12.849,0.84672,3695.15,0,0.0036966,6.99321e-06,4.198,1.49142,15.0692,0.888581,19.87,0.42336,0.0018483,0.21168,0.0018483,0.21168,460.486,0,1.02816,0,0,5.22616,4.198,1.028160,1,0,248.635,0,0,0,248.635,0
72.29,2.3473,0,0,4.76224,0.252067,2.16287,3.6288,61.308,0.232114,0,0,2.81471,0.227222,2.35538,0.66528,12.849,1,0.417214,2.16287,0,176.495,4.13399,174.107,0.84672,12.849,0.84672,3695.15,0,0.0036966,6.99772e-06,3.23902,1.4916,12.3758,1.01212,16.0943,0.42336,0.0018483,0.21168,0.0018483,0.21168,460.486,0,1.02816,0,0,4.26718,3.23902,1.028160,1,0,192.557,0,0,0,192.557,0
72.29,2.31522,0,0,4.85,0.237188,2.29759,3.6288,61.308,0.213336,0,0,2.08908,0.21563,1.66012,0.66528,12.849,1,0.411513,2.29759,0,144.531,4.47734,141.94,0.84672,12.849,0.84672,3695.15,0,0.0036966,6.43162e-06,2.86941,1.49177,13.647,1.07527,16.9329,0.42336,0.0018483,0.21168,0.0018483,0.21168,460.486,0,1.02816,0,0,3.89757,2.86941,1.028160,1,0,160.533,0,0,0,160.533,0
72.29,2.3155,0,0,4.58383,0.238235,2.0301,3.6288,61.308,0.213484,0,0,1.88103,0.210346,1.4572,0.66528,12.849,1,0.411562,2.0301,0,125.575,4.54135,122.653,0.84672,12.849,0.84672,3695.15,0,0.0036966,6.43605e-06,2.68225,1.47019,13.3088,1.07607,16.3852,0.42336,0.0018483,0.21168,0.0018483,0.21168,460.486,0,1.02816,0,0,3.71041,2.68225,1.028160,1,0,140.495,0,0,0,140.495,0
72.29,2.31577,0,0,4.35233,0.238235,1.79833,3.6288,61.308,0.213631,0,0,1.73273,0.210346,1.30876,0.66528,12.849,1,0.411611,1.79833,0,114.471,4.54135,111.317,0.84672,12.849,0.84672,3695.15,0,0.0036966,6.4405e-06,2.46662,1.47036,12.4923,1.07607,15.3532,0.42336,0.0018483,0.21168,0.0018483,0.21168,460.486,0,1.02816,0,0,3.49478,2.46662,1.028160,1,0,127.979,0,0,0,127.979,0
72.29,2.31605,0,0,4.0481,0.250248,1.48181,3.6288,61.308,0.213778,0,0,1.76931,0.198524,1.35701,0.66528,12.849,1,0.41166,1.48181,0,108.96,3.76448,106.266,0.84672,12.849,0.84672,3695.15,0,0.0036966,6.44494e-06,2.46817,1.47053,11.6659,0.856718,14.7479,0.42336,0.0018483,0.21168,0.0018483,0.21168,460.486,0,1.02816,0,0,3.49633,2.46817,1.028160,1,0,122.37,0,0,0,122.37,0
72.29,2.4262,0,0,3.70043,0.187419,1.08682,3.6288,61.308,0.281078,0,0,1.60092,0.236453,1.08339,0.66528,12.849,1,0.431239,1.08682,0,89.0914,4.057,85.6899,0.84672,12.849,0.84672,3695.15,0,0.0036966,8.47386e-06,2.57386,1.47071,10.8168,0.933866,13.9275,0.42336,0.0018483,0.21168,0.0018483,0.21168,460.486,0,1.02816,0,0,3.60202,2.57386,1.028160,1,0,100.701,0,0,0,100.701,0
72.29,2.42649,0,0,3.52934,0.192821,0.910028,3.6288,61.308,0.281233,0,0,1.44454,0.247243,0.916063,0.66528,12.849,1,0.43129,0.910028,0,71.928,4.06801,68.3387,0.84672,12.849,0.84672,3695.15,0,0.0036966,8.47855e-06,1.93535,1.54702,9.70341,0.965709,12.2201,0.42336,0.0018483,0.21168,0.0018483,0.21168,460.486,0,1.02816,0,0,2.96351,1.93535,1.028160,1,0,81.4749,0,0,0,81.4749,0
72.29,2.42677,0,0,2.99022,0.192821,0.370621,3.6288,61.308,0.281388,0,0,1.11231,0.247243,0.583682,0.66528,12.849,1,0.431341,0.370621,0,73.2491,4.06801,69.1203,0.84672,12.849,0.84672,3695.15,0,0.0036966,8.48323e-06,1.62214,1.5472,9.0536,0.965709,11.2572,0.42336,0.0018483,0.21168,0.0018483,0.21168,460.486,0,1.02816,0,0,2.6503,1.62214,1.028160,1,0,80.9612,0,0,0,80.9612,0
72.1044,2.42706,0,0,2.74439,0.140053,0.36288,3.6288,61.308,0.281544,0,0,0.992002,0.250451,0.460007,0.66528,12.849,1,0.431392,0.36288,0,71.4269,4.57926,66.7791,0.84672,12.849,0.84672,3695.15,0,0.0036966,8.48792e-06,1.24748,1.54739,8.43074,1.15821,10.0674,0.42336,0.0018483,0.21168,0.0018483,0.21168,460.486,0,1.02816,0,0,2.27564,1.24748,1.028160,1,0,77.3065,0,0,0,77.3065,0
71.6311,2.42641,0,0,2.45299,0.136967,0.36288,3.6288,61.308,0.281699,0,0,0.915317,0.251891,0.381728,0.66528,12.849,1,0.432386,0.36288,0,60.0385,4.64024,55.3288,0.84672,12.849,0.84672,3695.15,0,0.0036966,8.4926e-06,0.957632,1.54757,7.80833,1.14938,9.16414,0.42336,0.0018483,0.21168,0.0018483,0.21168,460.486,0,1.02816,0,0,1.98579,0.957632,1.028160,1,0,64.8746,0,0,0,64.8746,0
70.3207,2.40256,0,0,1.57416,0.119199,0.36288,3.6288,61.118,0.542363,0,0,0.612854,0.260526,0,0.66528,12.849,1,0.430965,0.36288,0,35.6148,5.00609,30.5406,0.84672,12.849,0.84672,3695.15,0,0.0036966,1.6351e-05,0.30119,1.54775,3.79575,1.09642,4.54825,0.42336,0.0018483,0.21168,0.0018483,0.21168,460.486,0,0.804574,0,0,1.10576,0.30119,1.028160,1,0,35.0889,0,0,0,35.0889,0
68.9745,2.39605,0,0,1.53078,0.118008,0.36288,3.6288,60.9342,0.503385,0,0,0.579879,0.260213,0,0.66528,12.849,1,0.437807,0.36288,0,33.4491,5.00609,28.3681,0.84672,12.849,0.84672,3695.15,0,0.0036966,1.52231e-05,0.261274,1.57167,3.91097,1.09642,4.64748,0.42336,0.0018483,0.21168,0.0018483,0.21168,460.486,0,0.843713,0,0,1.10499,0.261274,1.028160,1,0,33.0155,0,0,0,33.0155,0
67.5297,2.38913,0,0,1.39603,0.0888036,0.36288,3.6288,60.5985,0.593917,0,0,0.564595,0.306434,0,0.66528,12.849,1,0.445063,0.36288,0,31.809,5.6576,26.0692,0.84672,12.849,0.84672,3695.15,0,0.0036966,1.80151e-05,0.261274,1.57186,3.7694,1.31692,4.28559,0.42336,0.0018483,0.21168,0.0018483,0.21168,460.486,0,0.753339,0,0,1.01461,0.261274,1.028160,1,0,30.3548,0,0,0,30.3548,0
65.9628,2.38142,0,0,1.26126,0.0838884,0.36288,3.6288,60.2614,0.566542,0,0,0.533623,0.304183,0,0.66528,12.849,1,0.453116,0.36288,0,29.1374,6.24078,22.8064,0.84672,12.849,0.84672,3695.15,0,0.0036966,1.72799e-05,0.261274,1.57204,3.72822,1.52971,4.03181,0.42336,0.0018483,0.21168,0.0018483,0.21168,460.486,0,0.780875,0,0,1.04215,0.261274,1.028160,1,0,26.8382,0,0,0,26.8382,0
64.2489,2.42806,0,0,1.16305,0.0859896,0.36288,3.6288,60.0051,0.470068,0,0,0.521322,0.307591,0,0.66528,12.849,1,0.472966,0.36288,0,28.1206,5.95225,22.0583,0.84672,12.849,0.84672,3695.15,0,0.0036966,1.44176e-05,0.261274,1.57223,3.49078,1.47203,3.85224,0.42336,0.0018483,0.21168,0.0018483,0.21168,460.486,0,0.91044,0,0,1.17171,0.261274,1.028160,1,0,25.9105,0,0,0,25.9105,0
62.4456,2.41783,0,0,1.0635,0.0860522,0.36288,3.6288,59.7683,0.409313,0,0,0.481229,0.30871,0,0.66528,12.849,1,0.483537,0.36288,0,24.66,5.83684,18.7025,0.84672,12.849,0.84672,3695.15,0,0.0036966,1.26078e-05,0.261274,1.61026,3.08497,1.44896,3.50753,0.42336,0.0018483,0.21168,0.0018483,0.21168,460.486,0,0.971361,0,0,1.23263,0.261274,1.028160,1,0,22.2101,0,0,0,22.2101,0
60.5588,2.40654,0,0,0.967369,0.0847982,0.36288,3.6288,59.3435,0.568508,0,0,0.452022,0.308244,0,0.66528,12.849,1,0.495176,0.36288,0,22.6758,5.83684,16.7066,0.84672,12.849,0.84672,3695.15,0,0.0036966,1.75808e-05,0.227405,1.61045,2.8234,1.44896,3.21227,0.42336,0.0018483,0.21168,0.0018483,0.21168,460.486,0,0.812324,0,0,1.03973,0.227405,1.028160,1,0,19.9189,0,0,0,19.9189,0
58.8219,2.39409,0,0,1.09445,0.0743445,0.36288,3.6288,59.239,0.352843,0,0,0.54956,0.301294,0,0.66528,12.849,1,0.507964,0.36288,0,23.3193,5.97834,17.1958,0.84672,12.849,0.84672,3695.15,0,0.0036966,1.09896e-05,0.378156,1.61064,4.13929,1.48584,4.64223,0.42336,0.0018483,0.21168,0.0018483,0.21168,460.486,0,1.02816,0,0,1.40632,0.378156,1.028160,1,0,21.8381,0,0,0,21.8381,0
56.8021,2.54115,0,0,0.958815,0.0746485,0.36288,3.6288,58.7797,0.627145,0,0,0.450138,0.282231,0,0.66528,12.849,1,0.555086,0.36288,0,19.7736,5.93724,13.6441,0.84672,12.849,0.84672,3695.15,0,0.0036966,1.95674e-05,0.227405,1.61083,3.28314,1.50288,3.61847,0.42336,0.0018483,0.21168,0.0018483,0.21168,460.486,0,0.872927,0,0,1.10033,0.227405,1.028160,1,0,17.2626,0,0,0,17.2626,0
54.5675,2.52535,0,0,0.732948,0.079237,0.36288,3.6288,57.5198,1.24923,0,0,0.292994,0.303679,0,0.66528,12.849,1,0.571251,0.36288,0,13.3271,5.86614,7.2526,0.84672,12.849,0.84672,3695.15,0,0.0036966,3.92813e-05,0.227405,1.73922,2.32966,1.49803,2.79822,0.42336,0.0018483,0.21168,0.0018483,0.21168,460.486,0,0.251003,0,0,0.478408,0.227405,1.028160,1,0,10.0508,0,0,0,10.0508,0
52.401,2.50671,0,0,0.780494,0.0774904,0.36288,3.6288,56.4638,1.1152,0,0,0.360396,0.301221,0,0.66528,12.849,1,0.590254,0.36288,0,16.9592,5.86614,10.8657,0.84672,12.849,0.84672,3695.15,0,0.0036966,3.5835e-05,0.204422,1.73943,2.60215,1.49803,3.04794,0.42336,0.0018483,0.21168,0.0018483,0.21168,460.486,0,0.385213,0,0,0.589635,0.204422,1.028160,1,0,13.9136,0,0,0,13.9136,0
50.117,2.48741,0,0,0.642099,0.0757968,0.36288,3.6288,55.1251,1.30202,0,0,0.262472,0.299161,0,0.66528,12.849,1,0.609925,0.36288,0,15.5374,5.86614,9.42421,0.84672,12.849,0.84672,3695.15,0,0.0036966,4.26205e-05,0.204422,1.73963,2.13127,1.49803,2.57726,0.42336,0.0018483,0.21168,0.0018483,0.21168,460.486,0,0.198567,0,0,0.402989,0.204422,1.028160,1,0,12.0015,0,0,0,12.0015,0
48.0147,2.46557,0,0,0.800168,0.0740115,0.36288,3.6288,54.3744,0.908815,0,0,0.454676,0.296549,0,0.66528,12.849,1,0.632124,0.36288,0,15.1451,5.86614,9.00976,0.84672,12.849,0.84672,3695.15,0,0.0036966,3.04718e-05,0.204422,1.73984,3.32407,1.49803,3.77027,0.42336,0.0018483,0.21168,0.0018483,0.21168,460.486,0,0.591958,0,0,0.796381,0.204422,1.028160,1,0,12.78,0,0,0,12.78,0
46.0699,2.36945,0,0,0.902284,0.114775,0.36288,3.6288,53.6247,1.07545,0,0,0.592797,0.266995,0,0.66528,12.849,1,0.634079,0.36288,0,23.6614,5.5986,17.7916,0.84672,12.849,0.84672,3695.15,0,0.0036966,3.65568e-05,0.204422,1.74005,3.84814,1.36022,4.43236,0.42336,0.0018483,0.21168,0.0018483,0.21168,460.486,0,0.353276,0,0,0.557698,0.204422,1.028160,1,0,22.224,0,0,0,22.224,0
44.0481,2.3488,0,0,0.802302,0.11234,0.36288,3.6288,53.5001,0.726007,0,0,0.86697,0.2656,0,0.66528,12.849,1,0.655087,0.36288,0,20.0727,5.5986,14.1819,0.84672,12.849,0.84672,3695.15,0,0.0036966,2.50235e-05,0.216518,1.66674,4.42272,1.36022,4.94574,0.42336,0.0018483,0.21168,0.0018483,0.21168,460.486,0,0.7029,0,0,0.919419,0.216518,1.028160,1,0,19.1276,0,0,0,19.1276,0
41.9574,2.3258,0,0,0.707763,0.109808,0.36288,3.6288,52.634,1.08889,0,0,0.488106,0.265337,0,0.66528,12.849,1,0.678444,0.36288,0,20.7921,5.5986,14.8779,0.84672,12.849,0.84672,3695.15,0,0.0036966,3.76184e-05,0.216518,1.66694,3.31669,1.36022,3.83989,0.42336,0.0018483,0.21168,0.0018483,0.21168,460.486,0,0.340179,0,0,0.556698,0.216518,1.028160,1,0,18.7178,0,0,0,18.7178,0
39.7877,2.30019,0,0,0.600571,0.10719,0.36288,3.6288,51.6758,1.13963,0,0,0.444933,0.263505,0,0.66528,12.849,1,0.704407,0.36288,0,19.2125,5.5986,13.2724,0.84672,12.849,0.84672,3695.15,0,0.0036966,4.00194e-05,0.216518,1.66714,3.15597,1.36022,3.67936,0.42336,0.0018483,0.21168,0.0018483,0.21168,460.486,0,0.2896,0,0,0.506118,0.216518,1.028160,1,0,16.9517,0,0,0,16.9517,0
37.631,2.21274,0,0,0.60853,0.189665,0.36288,3.6288,50.7407,1.14627,0,0,0.400892,0.189743,0,0.66528,12.849,1,0.71458,0.36288,0,15.8534,4.10166,11.4,0.84672,12.849,0.84672,3695.15,0,0.0036966,4.09988e-05,0.216518,1.66734,2.74306,1.01626,3.61061,0.42336,0.0018483,0.21168,0.0018483,0.21168,460.486,0,0.217366,0,0,0.433884,0.216518,1.028160,1,0,15.0106,0,0,0,15.0106,0
35.5046,2.18247,0,0,0.617369,0.198355,0.36288,3.6288,49.6683,1.21774,0,0,0.329568,0.184228,0,0.66528,12.849,1,0.745198,0.36288,0,17.8616,3.70566,13.7737,0.84672,12.849,0.84672,3695.15,0,0.0036966,4.43578e-05,0.216518,1.60217,2.70086,0.985435,3.53407,0.42336,0.0018483,0.21168,0.0018483,0.21168,460.486,0,0.146052,0,0,0.362571,0.216518,1.028160,1,0,17.3077,0,0,0,17.3077,0
34.0111,2.14995,0,0,1.21264,0.193397,0.36288,3.6288,48.8467,1.21302,0,0,0.574112,0.182618,0,0.66528,12.849,1,0.778059,0.36288,0,26.1492,3.70566,22.0284,0.84672,12.849,0.84672,3695.15,0,0.0036966,4.51399e-05,0.292723,1.60236,4.62886,0.985435,5.53847,0.42336,0.0018483,0.21168,0.0018483,0.21168,460.486,0,0.150934,0,0,0.443657,0.292723,1.028160,1,0,27.5669,0,0,0,27.5669,0
32.7579,2.1254,0,0,1.42508,0.189914,0.36288,3.6288,48.785,0.828007,0,0,0.947704,0.181385,0,0.66528,12.849,1,0.802952,0.36288,0,28.3082,3.70566,24.1624,0.84672,12.849,0.84672,3695.15,0,0.0036966,3.13308e-05,0.292723,1.60255,5.62558,0.985435,6.53539,0.42336,0.0018483,0.21168,0.0018483,0.21168,460.486,0,0.536121,0,0,0.828844,0.292723,1.028160,1,0,30.6978,0,0,0,30.6978,0
31.4745,1.94516,0,0,1.21834,0.193797,0.36288,3.6288,48.3166,0.863865,0,0,0.579854,0.184401,0,0.66528,12.849,1,0.762971,0.36288,0,25.3327,3.75849,21.1741,0.84672,12.849,0.84672,3695.15,0,0.0036966,3.27289e-05,0.292723,1.60274,5.61349,0.98802,6.5209,0.42336,0.0018483,0.21168,0.0018483,0.21168,460.486,0,0.363381,0,0,0.656104,0.292723,1.028160,1,0,27.695,0,0,0,27.695,0
30.827,1.92329,0,0,1.84616,0.207434,0.36288,3.6288,47.4982,0.942537,0,0,0.315492,0.191426,0,0.66528,12.849,1,0.785157,0.36288,0,28.7117,3.89057,24.3988,0.84672,12.849,0.84672,3695.15,0,0.0036966,3.60557e-05,0.292723,1.45572,3.12854,0.994482,3.88247,0.42336,0.0018483,0.21168,0.0018483,0.21168,460.486,0,0.284852,0,0,0.577575,0.292723,1.028160,1,0,28.2813,0,0,0,28.2813,0
29.8243,1.91188,0,0,1.47773,0.205707,0.36288,3.6288,46.4357,1.15007,0,0,0.277747,0.190124,0,0.66528,12.849,1,0.79689,0.36288,0,20.803,3.89057,16.4785,0.84672,12.849,0.84672,3695.15,0,0.0036966,4.47528e-05,0.412474,1.45589,2.79263,0.994482,3.66647,0.42336,0.0018483,0.21168,0.0018483,0.21168,460.486,0,0.0774559,0,0,0.489929,0.412474,1.028160,1,0,20.1449,0,0,0,20.1449,0
28.6508,1.89338,0,0,1.28466,0.201874,0.36288,3.6288,45.4325,1.09881,0,0,0.288346,0.192717,0,0.66528,12.849,1,0.815711,0.36288,0,20.7706,4.05623,16.2615,0.84672,12.849,0.84672,3695.15,0,0.0036966,4.37365e-05,0.412474,1.45607,6.3371,1.03284,7.17276,0.42336,0.0018483,0.21168,0.0018483,0.21168,460.486,0,0.128859,0,0,0.541332,0.412474,1.028160,1,0,23.4343,0,0,0,23.4343,0
28.0187,1.65884,0,0,1.58185,0.192193,0.36288,3.6288,44.1158,1.39989,0,0,0.299843,0.216663,0,0.66528,12.849,1,0.743941,0.36288,0,32.1416,5.05018,26.7103,0.84672,12.849,0.84672,3695.15,0,0.0036966,5.69508e-05,0.412474,1.45624,5.23072,1.26295,5.83642,0.42336,0.0018483,0.21168,0.0018483,0.21168,460.486,0,0.134549,0,0,0.547023,0.412474,1.028160,1,0,32.5468,0,0,0,32.5468,0
31.3711,1.70585,0,0,5.60583,0.184691,0.36288,3.6288,44.8289,0.546019,0,0,1.48135,0.222209,0,0.66528,12.849,1,0.782281,0.36288,0,85.6513,5.04163,80.1902,0.84672,12.849,0.84672,3695.15,0,0.0036966,2.28763e-05,1.5539,1.63585,10.8878,1.23156,12.846,0.42336,0.0018483,0.21168,0.0018483,0.21168,460.486,0,1.02816,0,0,2.58206,1.5539,1.028160,1,0,93.0362,0,0,0,93.0362,0
33.5406,1.98281,0,0,4.70829,0.193107,0.36288,3.6288,45.7057,0.239686,0,0,1.33999,0.223531,0,0.66528,12.849,1,0.812122,0.36288,0,79.774,4.9443,74.3804,0.84672,12.849,0.84672,3695.15,0,0.0036966,9.88227e-06,1.34951,1.68253,8.57883,1.20051,10.4103,0.42336,0.0018483,0.21168,0.0018483,0.21168,460.486,0,1.02816,0,0,2.37767,1.34951,1.028160,1,0,84.7908,0,0,0,84.7908,0
35.5502,2.02103,0,0,4.59334,0.199879,0.36288,3.6288,46.4425,0.23983,0,0,1.1707,0.194112,0,0.66528,12.849,1,0.774231,0.36288,0,64.787,4.13497,60.2407,0.84672,12.849,0.84672,3695.15,0,0.0036966,9.69851e-06,1.01277,1.50334,6.37822,1.03343,7.86089,0.42336,0.0018483,0.21168,0.0018483,0.21168,460.486,0,1.02816,0,0,2.04093,1.01277,1.028160,1,0,68.1016,0,0,0,68.1016,0
36.4484,2.05341,0,0,3.52519,0.210704,0.36288,3.6288,47.4366,0.239973,0,0,1.40187,0.16779,0,0.66528,12.849,1,0.74217,0.36288,0,54.9761,3.77349,50.8233,0.84672,12.849,0.84672,3695.15,0,0.0036966,9.55037e-06,1.14407,1.50351,6.37876,1.08094,7.94538,0.42336,0.0018483,0.21168,0.0018483,0.21168,460.486,0,1.02816,0,0,2.17223,1.14407,1.028160,1,0,58.7687,0,0,0,58.7687,0
39.3512,2.07198,0,0,5.55502,0.217342,0.36288,3.6288,48.5423,0.655433,0,0,1.93215,0.171,0,0.66528,12.849,1,0.730426,0.36288,0,83.7596,3.60793,79.7841,0.84672,12.849,0.84672,3695.15,0,0.0036966,2.5538e-05,4.06248,1.50368,9.88062,1.01116,14.4356,0.42336,0.0018483,0.21168,0.0018483,0.21168,460.486,0,1.02816,0,0,5.09064,4.06248,1.028160,1,0,94.2197,0,0,0,94.2197,0
41.6544,2.31354,0,0,5.21055,0.230873,0.36288,3.6288,49.7404,0.389396,0,0,1.76242,0.174955,0,0.66528,12.849,1,0.755419,0.36288,0,81.5409,3.38719,77.7611,0.84672,12.849,0.84672,3695.15,0,0.0036966,1.48267e-05,2.44435,1.82595,9.31297,0.918134,12.6651,0.42336,0.0018483,0.21168,0.0018483,0.21168,460.486,0,1.02816,0,0,3.47251,2.44435,1.028160,1,0,90.4263,0,0,0,90.4263,0
43.9116,2.34573,0,0,5.20303,0.237224,0.36288,3.6288,50.7844,0.389556,0,0,1.61031,0.176693,0,0.66528,12.849,1,0.723579,0.36288,0,96.6099,3.38719,92.862,0.84672,12.849,0.84672,3695.15,0,0.0036966,1.44755e-05,2.7183,1.67036,9.99069,0.918134,13.4612,0.42336,0.0018483,0.21168,0.0018483,0.21168,460.486,0,1.02816,0,0,3.74646,2.7183,1.028160,1,0,106.323,0,0,0,106.323,0
45.1233,2.37478,0,0,4.19282,0.243501,0.36288,3.6288,51.4879,0.389717,0,0,1.2714,0.178209,0,0.66528,12.849,1,0.694884,0.36288,0,66.3606,3.38719,62.6414,0.84672,12.849,0.84672,3695.15,0,0.0036966,1.41838e-05,1.53626,1.67055,9.04185,0.918134,11.3305,0.42336,0.0018483,0.21168,0.0018483,0.21168,460.486,0,1.02816,0,0,2.56442,1.53626,1.028160,1,0,73.9719,0,0,0,73.9719,0
48.7866,2.08668,0,0,6.34796,0.235052,0.36288,3.6288,53.2136,0.189669,0,0,2.09625,0.180911,0,0.66528,12.849,1,0.594188,0.36288,0,87.8098,3.76582,83.8127,0.84672,12.849,0.84672,3695.15,0,0.0036966,6.80868e-06,3.83139,1.67074,10.6012,1.01783,15.0855,0.42336,0.0018483,0.21168,0.0018483,0.21168,460.486,0,1.02816,0,0,4.85955,3.83139,1.028160,1,0,98.8981,0,0,0,98.8981,0
50.5859,2.12224,0,0,4.51764,0.233247,0.36288,3.6288,55.3976,0.189807,0,0,2.54734,0.173473,0,0.66528,12.849,1,0.558936,0.36288,0,79.7118,3.96491,75.5508,0.84672,12.849,0.84672,3695.15,0,0.0036966,6.59268e-06,3.11864,1.44331,14.672,1.0551,18.1789,0.42336,0.0018483,0.21168,0.0018483,0.21168,460.486,0,1.02816,0,0,4.1468,3.11864,1.028160,1,0,93.7297,0,0,0,93.7297,0
52.5153,2.13834,0,0,4.6684,0.23776,0.36288,3.6288,57.3119,0.189945,0,0,2.28031,0.17614,0,0.66528,12.849,1,0.543145,0.36288,0,123.169,3.96491,119.024,0.84672,12.849,0.84672,3695.15,0,0.0036966,6.33736e-06,4.43842,1.44347,14.8921,1.0551,19.7189,0.42336,0.0018483,0.21168,0.0018483,0.21168,460.486,0,1.02816,0,0,5.46658,4.43842,1.028160,1,0,138.743,0,0,0,138.743,0
53.7445,2.15461,0,0,4.00982,0.263163,0.36288,3.6288,58.7434,0.190083,0,0,1.76834,0.146692,0,0.66528,12.849,1,0.527172,0.36288,0,80.3796,3.59244,76.6229,0.84672,12.849,0.84672,3695.15,0,0.0036966,6.13015e-06,2.74013,1.44364,10.9264,0.951581,14.1586,0.42336,0.0018483,0.21168,0.0018483,0.21168,460.486,0,1.02816,0,0,3.76829,2.74013,1.028160,1,0,90.7815,0,0,0,90.7815,0
55.3232,2.16459,0,0,4.39786,0.291656,0.36288,3.6288,60.1715,0.190221,0,0,1.74017,0.121835,0,0.66528,12.849,1,0.517501,0.36288,0,80.5455,3.46605,76.9249,0.84672,12.849,0.84672,3695.15,0,0.0036966,5.9851e-06,2.92263,1.4438,10.5177,0.914474,13.9697,0.42336,0.0018483,0.21168,0.0018483,0.21168,460.486,0,1.02816,0,0,3.95079,2.92263,1.028160,1,0,90.8945,0,0,0,90.8945,0
58.0032,2.25636,0,0,5.57702,0.277857,0.36288,3.6288,61.308,0.239365,0,0,1.9018,0.184789,0.341191,0.66528,12.849,1,0.524047,0.36288,0,109.272,4.07862,105.032,0.84672,12.849,0.84672,3695.15,0,0.0036966,7.35263e-06,2.28989,1.44396,11.6794,0.993015,14.4202,0.42336,0.0018483,0.21168,0.0018483,0.21168,460.486,0,1.02816,0,0,3.31805,2.28989,1.028160,1,0,119.793,0,0,0,119.793,0
60.6948,2.27644,0,0,5.61628,0.285311,0.36288,3.6288,61.308,0.239509,0,0,2.1057,0.186126,1.68006,0.66528,12.849,1,0.504283,0.36288,0,109.862,4.07862,105.642,0.84672,12.849,0.84672,3695.15,0,0.0036966,7.22067e-06,2.91074,1.50036,12.5602,0.993015,15.9783,0.42336,0.0018483,0.21168,0.0018483,0.21168,460.486,0,1.02816,0,0,3.9389,2.91074,1.028160,1,0,123.3,0,0,0,123.3,0
61.8871,2.29516,0,0,4.14303,0.292665,0.36288,3.6288,61.308,0.239653,0,0,1.56246,0.186126,1.13668,0.66528,12.849,1,0.485882,0.36288,0,78.8832,4.07862,74.6816,0.84672,12.849,0.84672,3695.15,0,0.0036966,7.22499e-06,1.55282,1.50053,8.8992,0.993015,10.9595,0.42336,0.0018483,0.21168,0.0018483,0.21168,460.486,0,1.02816,0,0,2.58098,1.55282,1.028160,1,0,86.7778,0,0,0,86.7778,0
62.6155,2.30317,0,0,3.6604,0.265931,0.36288,3.6288,61.308,0.239796,0,0,1.30603,0.199583,0.866652,0.66528,12.849,1,0.478184,0.36288,0,69.1537,4.19082,64.8476,0.84672,12.849,0.84672,3695.15,0,0.0036966,7.22932e-06,1.30929,1.5007,7.69107,1.00713,9.49392,0.42336,0.0018483,0.21168,0.0018483,0.21168,460.486,0,1.02816,0,0,2.33745,1.30929,1.028160,1,0,75.2081,0,0,0,75.2081,0
62.6921,2.27624,0,0,3.00485,0.289208,0.36288,3.6288,61.308,0.220897,0,0,0.959472,0.173986,0.564589,0.66528,12.849,1,0.467095,0.36288,0,60.7942,3.96542,56.7245,0.84672,12.849,0.84672,3695.15,0,0.0036966,6.65956e-06,1.03769,1.50087,6.16946,1.0051,7.70291,0.42336,0.0018483,0.21168,0.0018483,0.21168,460.486,0,1.02816,0,0,2.06585,1.03769,1.028160,1,0,64.992,0,0,0,64.992,0
62.3902,2.27697,0,0,2.61491,0.276951,0.36288,3.6288,61.308,0.221039,0,0,0.735618,0.186565,0.328014,0.66528,12.849,1,0.466674,0.36288,0,54.5606,4.02605,50.4307,0.84672,12.849,0.84672,3695.15,0,0.0036966,6.66383e-06,0.857434,1.47914,5.22997,1.02895,6.53759,0.42336,0.0018483,0.21168,0.0018483,0.21168,460.486,0,1.02816,0,0,1.88559,0.857434,1.028160,1,0,57.2963,0,0,0,57.2963,0
61.9626,2.27535,0,0,2.42201,0.211318,0.36288,3.6288,61.308,0.22118,0,0,0.670317,0.219263,0.229874,0.66528,12.849,1,0.4686,0.36288,0,50.0669,4.31434,45.6468,0.84672,12.849,0.84672,3695.15,0,0.0036966,6.66809e-06,0.716161,1.47931,4.93424,1.04616,6.08355,0.42336,0.0018483,0.21168,0.0018483,0.21168,460.486,0,1.02816,0,0,1.74432,0.716161,1.028160,1,0,51.9603,0,0,0,51.9603,0
61.4828,2.27293,0,0,2.36652,0.210577,0.36288,3.6288,61.308,0.221321,0,0,0.752319,0.219263,0.311734,0.66528,12.849,1,0.471331,0.36288,0,48.6081,4.31434,44.1853,0.84672,12.849,0.84672,3695.15,0,0.0036966,6.67235e-06,0.963083,1.47947,5.87388,1.04616,7.27027,0.42336,0.0018483,0.21168,0.0018483,0.21168,460.486,0,1.02816,0,0,1.99124,0.963083,1.028160,1,0,51.7673,0,0,0,51.7673,0
60.8163,2.37784,0,0,2.27643,0.202215,0.36288,3.6288,61.308,0.289023,0,0,0.731754,0.2292,0.213532,0.66528,12.849,1,0.496933,0.36288,0,44.23,4.72889,39.367,0.84672,12.849,0.84672,3695.15,0,0.0036966,8.71339e-06,0.684176,1.47964,4.77579,1.09255,5.84705,0.42336,0.0018483,0.21168,0.0018483,0.21168,460.486,0,1.02816,0,0,1.71234,0.684176,1.028160,1,0,45.4276,0,0,0,45.4276,0
59.8929,2.37361,0,0,1.99555,0.18238,0.36288,3.6288,61.308,0.289172,0,0,0.579165,0.25404,0.0359538,0.66528,12.849,1,0.501486,0.36288,0,33.5031,5.76523,27.5992,0.84672,12.849,0.84672,3695.15,0,0.0036966,8.71788e-06,0.595858,1.55641,4.02479,1.20853,4.96852,0.42336,0.0018483,0.21168,0.0018483,0.21168,460.486,0,1.02816,0,0,1.62402,0.595858,1.028160,1,0,32.6037,0,0,0,32.6037,0
58.8617,2.36751,0,0,1.87999,0.180891,0.36288,3.6288,61.308,0.289321,0,0,0.559031,0.25404,0.0156708,0.66528,12.849,1,0.507908,0.36288,0,30.9403,5.76523,25.03,0.84672,12.849,0.84672,3695.15,0,0.0036966,8.72238e-06,0.473299,1.55658,3.84019,1.20853,4.66154,0.42336,0.0018483,0.21168,0.0018483,0.21168,460.486,0,1.02816,0,0,1.50146,0.473299,1.028160,1,0,29.7072,0,0,0,29.7072,0
57.7259,2.36047,0,0,1.72965,0.142093,0.36288,3.6288,61.2458,0.28947,0,0,0.514418,0.287134,0,0.66528,12.849,1,0.515271,0.36288,0,28.9043,5.19824,23.5536,0.84672,12.849,0.84672,3695.15,0,0.0036966,8.72687e-06,0.426021,1.55676,3.73941,1.27444,4.44774,0.42336,0.0018483,0.21168,0.0018483,0.21168,460.486,0,1.02816,0,0,1.45418,0.426021,1.028160,1,0,28.0014,0,0,0,28.0014,0
56.4944,2.35244,0,0,1.62444,0.140532,0.36288,3.6288,61.1927,0.289619,0,0,0.523482,0.287022,0,0.66528,12.849,1,0.523623,0.36288,0,27.1442,5.19824,21.7852,0.84672,12.849,0.84672,3695.15,0,0.0036966,8.74024e-06,0.485827,1.55694,3.90023,1.27444,4.66854,0.42336,0.0018483,0.21168,0.0018483,0.21168,460.486,0,1.02816,0,0,1.51399,0.485827,1.028160,1,0,26.4538,0,0,0,26.4538,0
55.5164,2.32242,0,0,1.81858,0.111305,0.36288,3.6288,61.2563,0.326921,0,0,0.693446,0.302928,0,0.66528,12.849,1,0.528208,0.36288,0,43.0397,5.46546,37.4089,0.84672,12.849,0.84672,3695.15,0,0.0036966,9.87452e-06,0.760389,1.55711,3.35972,1.36299,4.31422,0.42336,0.0018483,0.21168,0.0018483,0.21168,460.486,0,1.02816,0,0,1.78855,0.760389,1.028160,1,0,41.7232,0,0,0,41.7232,0
54.3895,2.31513,0,0,1.66135,0.110228,0.36288,3.6288,61.3008,0.327074,0,0,0.674646,0.30305,0,0.66528,12.849,1,0.535825,0.36288,0,38.9258,5.46546,33.2874,0.84672,12.849,0.84672,3695.15,0,0.0036966,9.8689e-06,0.685636,1.58117,3.22557,1.36299,4.12937,0.42336,0.0018483,0.21168,0.0018483,0.21168,460.486,0,1.02816,0,0,1.7138,0.685636,1.028160,1,0,37.4168,0,0,0,37.4168,0
53.1901,2.30641,0,0,1.57885,0.108987,0.36288,3.6288,61.2933,0.327228,0,0,0.622909,0.303135,0,0.66528,12.849,1,0.544866,0.36288,0,35.5742,5.46546,29.9267,0.84672,12.849,0.84672,3695.15,0,0.0036966,9.86635e-06,0.480073,1.58134,3.1419,1.36299,3.84032,0.42336,0.0018483,0.21168,0.0018483,0.21168,460.486,0,1.02816,0,0,1.50823,0.480073,1.028160,1,0,33.767,0,0,0,33.767,0
51.9515,2.29677,0,0,1.52872,0.107666,0.36288,3.6288,61.2615,0.327381,0,0,0.598715,0.303121,0,0.66528,12.849,1,0.554825,0.36288,0,31.7665,5.46546,26.1091,0.84672,12.849,0.84672,3695.15,0,0.0036966,9.87218e-06,0.402883,1.58152,3.12926,1.36299,3.75067,0.42336,0.0018483,0.21168,0.0018483,0.21168,460.486,0,1.02816,0,0,1.43104,0.402883,1.028160,1,0,29.8598,0,0,0,29.8598,0
50.4627,2.33978,0,0,1.29362,0.0797212,0.36288,3.6288,60.9989,0.444769,0,0,0.521388,0.339282,0,0.66528,12.849,1,0.578691,0.36288,0,27.1782,5.83316,21.1293,0.84672,12.849,0.84672,3695.15,0,0.0036966,1.3419e-05,0.261274,1.5817,2.55937,1.48426,2.91807,0.42336,0.0018483,0.21168,0.0018483,0.21168,460.486,0,0.94405,0,0,1.20532,0.261274,1.028160,1,0,24.0474,0,0,0,24.0474,0
49.0369,2.32644,0,0,1.34481,0.0813176,0.36288,3.6288,60.95,0.360818,0,0,0.654525,0.342562,0,0.66528,12.849,1,0.592365,0.36288,0,33.8831,5.90961,27.744,0.84672,12.849,0.84672,3695.15,0,0.0036966,1.0933e-05,0.351795,1.61995,2.64,1.45714,3.1546,0.42336,0.0018483,0.21168,0.0018483,0.21168,460.486,0,1.02816,0,0,1.37995,0.351795,1.028160,1,0,30.8986,0,0,0,30.8986,0
47.505,2.31305,0,0,1.22407,0.0800937,0.36288,3.6288,60.7864,0.360976,0,0,0.539851,0.342456,0,0.66528,12.849,1,0.606081,0.36288,0,27.2911,5.90961,21.1383,0.84672,12.849,0.84672,3695.15,0,0.0036966,1.09465e-05,0.381603,1.62013,2.45316,1.45714,2.99775,0.42336,0.0018483,0.21168,0.0018483,0.21168,460.486,0,1.02816,0,0,1.40976,0.381603,1.028160,1,0,24.136,0,0,0,24.136,0
45.8787,2.29792,0,0,1.11329,0.0787697,0.36288,3.6288,60.5204,0.426674,0,0,0.502757,0.342101,0,0.66528,12.849,1,0.621535,0.36288,0,25.4413,5.90961,19.2731,0.84672,12.849,0.84672,3695.15,0,0.0036966,1.29736e-05,0.227405,1.62032,2.18624,1.45714,2.57681,0.42336,0.0018483,0.21168,0.0018483,0.21168,460.486,0,0.962617,0,0,1.19002,0.227405,1.028160,1,0,21.8499,0,0,0,21.8499,0
44.1553,2.4333,0,0,1.13934,0.0665154,0.36288,3.6288,60.266,0.480913,0,0,0.572012,0.345476,0,0.66528,12.849,1,0.681483,0.36288,0,24.4489,6.06362,18.0667,0.84672,12.849,0.84672,3695.15,0,0.0036966,1.46871e-05,0.457315,1.6205,2.89099,1.5001,3.46869,0.42336,0.0018483,0.21168,0.0018483,0.21168,460.486,0,1.02816,0,0,1.48548,0.457315,1.028160,1,0,21.5353,0,0,0,21.5353,0
42.0127,2.41297,0,0,0.687312,0.0541276,0.36288,3.6288,59.8544,0.500161,0,0,0.421077,0.332571,0,0.66528,12.849,1,0.702164,0.36288,0,15.5716,5.94079,9.29153,0.84672,12.849,0.84672,3695.15,0,0.0036966,1.53394e-05,0.227405,1.74965,2.0075,1.5487,2.43584,0.42336,0.0018483,0.21168,0.0018483,0.21168,460.486,0,1.00908,0,0,1.23649,0.227405,1.028160,1,0,11.7274,0,0,0,11.7274,0
40.0338,2.38582,0,0,0.82264,0.0528066,0.36288,3.6288,59.4938,0.481255,0,0,0.452349,0.3317,0,0.66528,12.849,1,0.729669,0.36288,0,16.1155,5.94079,9.80792,0.84672,12.849,0.84672,3695.15,0,0.0036966,1.48611e-05,0.314703,1.74985,2.20197,1.5487,2.71781,0.42336,0.0018483,0.21168,0.0018483,0.21168,460.486,0,1.02816,0,0,1.34286,0.314703,1.028160,1,0,12.5257,0,0,0,12.5257,0
38.6486,2.35878,0,0,1.40664,0.0702305,0.36288,3.6288,59.2677,0.481426,0,0,0.581003,0.325634,0,0.66528,12.849,1,0.757058,0.36288,0,26.7821,5.79237,20.5956,0.84672,12.849,0.84672,3695.15,0,0.0036966,1.49565e-05,0.536017,1.75005,2.43742,1.5305,3.19298,0.42336,0.0018483,0.21168,0.0018483,0.21168,460.486,0,1.02816,0,0,1.56418,0.536017,1.028160,1,0,23.7885,0,0,0,23.7885,0
37.2419,2.33867,0,0,1.35893,0.0640272,0.36288,3.6288,59.0704,0.481597,0,0,0.600876,0.31659,0,0.66528,12.849,1,0.77751,0.36288,0,31.6321,6.00033,25.2171,0.84672,12.849,0.84672,3695.15,0,0.0036966,1.50189e-05,0.453263,1.75025,2.11195,1.5196,2.79585,0.42336,0.0018483,0.21168,0.0018483,0.21168,460.486,0,1.02816,0,0,1.48142,0.453263,1.028160,1,0,28.013,0,0,0,28.013,0
36.6463,2.2464,0,0,2.04867,0.0350075,0.36288,3.6288,59.2821,0.40912,0,0,0.886067,0.265224,0,0.66528,12.849,1,0.775042,0.36288,0,34.5364,5.40939,28.7149,0.84672,12.849,0.84672,3695.15,0,0.0036966,1.28013e-05,1.1839,1.75044,4.63858,1.47482,6.09809,0.42336,0.0018483,0.21168,0.0018483,0.21168,460.486,0,1.02816,0,0,2.21206,1.1839,1.028160,1,0,34.813,0,0,0,34.813,0
35.5897,2.23733,0,0,1.57372,0.0301318,0.36288,3.6288,59.3274,0.409283,0,0,0.711616,0.257078,0,0.66528,12.849,1,0.784457,0.36288,0,56.1585,5.3109,50.4261,0.84672,12.849,0.84672,3695.15,0,0.0036966,1.27606e-05,1.08959,1.67669,3.7682,1.46735,5.06712,0.42336,0.0018483,0.21168,0.0018483,0.21168,460.486,0,1.02816,0,0,2.11775,1.08959,1.028160,1,0,55.4932,0,0,0,55.4932,0
34.026,2.22047,0,0,1.04942,0.0297531,0.36288,3.6288,59.2023,0.409445,0,0,0.541526,0.257153,0,0.66528,12.849,1,0.801659,0.36288,0,35.2284,5.3109,29.4787,0.84672,12.849,0.84672,3695.15,0,0.0036966,1.2756e-05,0.299117,1.67688,2.5431,1.46735,3.05173,0.42336,0.0018483,0.21168,0.0018483,0.21168,460.486,0,1.02816,0,0,1.32728,0.299117,1.028160,1,0,32.5304,0,0,0,32.5304,0
33.4584,2.19397,0,0,2.05953,0.070295,0.36288,3.6288,59.34,0.409608,0,0,0.807322,0.259985,0,0.66528,12.849,1,0.828494,0.36288,0,41.2254,4.94194,35.8179,0.84672,12.849,0.84672,3695.15,0,0.0036966,1.2788e-05,0.959247,1.67707,3.98193,1.39192,5.22631,0.42336,0.0018483,0.21168,0.0018483,0.21168,460.486,0,1.02816,0,0,1.98741,0.959247,1.028160,1,0,41.0442,0,0,0,41.0442,0
33.795,2.12764,0,0,2.94227,0.115098,0.36288,3.6288,59.9315,0.343614,0,0,1.1779,0.242879,0,0.66528,12.849,1,0.817077,0.36288,0,48.8445,4.35945,44.0309,0.84672,12.849,0.84672,3695.15,0,0.0036966,1.07027e-05,2.19993,1.67726,6.60159,1.14157,9.33721,0.42336,0.0018483,0.21168,0.0018483,0.21168,460.486,0,1.02816,0,0,3.22809,2.19993,1.028160,1,0,53.3681,0,0,0,53.3681,0
33.2913,2.13378,0,0,2.11636,0.12347,0.36288,3.6288,60.0002,0.343769,0,0,0.610912,0.198396,0,0.66528,12.849,1,0.811272,0.36288,0,39.9305,3.97047,35.5117,0.84672,12.849,0.84672,3695.15,0,0.0036966,1.06019e-05,0.587831,1.6117,3.61166,0.932453,4.87873,0.42336,0.0018483,0.21168,0.0018483,0.21168,460.486,0,1.02816,0,0,1.61599,0.587831,1.028160,1,0,40.3904,0,0,0,40.3904,0
34.0374,2.12516,0,0,3.35686,0.122705,0.36288,3.6288,60.7368,0.343924,0,0,1.27896,0.198483,0,0.66528,12.849,1,0.820222,0.36288,0,54.3288,3.97047,49.901,0.84672,12.849,0.84672,3695.15,0,0.0036966,1.05946e-05,1.74087,1.61189,5.81516,0.932453,8.23546,0.42336,0.0018483,0.21168,0.0018483,0.21168,460.486,0,1.02816,0,0,2.76903,1.74087,1.028160,1,0,58.1365,0,0,0,58.1365,0
33.5689,2.13846,0,0,2.15673,0.123839,0.36288,3.6288,61.1469,0.34408,0,0,0.953597,0.199414,0,0.66528,12.849,1,0.807262,0.36288,0,37.3666,3.97047,32.9518,0.84672,12.849,0.84672,3695.15,0,0.0036966,1.04708e-05,1.37362,1.61207,5.73752,0.932453,7.79075,0.42336,0.0018483,0.21168,0.0018483,0.21168,460.486,0,1.02816,0,0,2.40178,1.37362,1.028160,1,0,40.7425,0,0,0,40.7425,0
35.0787,1.9701,0,0,4.01503,0.172236,0.36288,3.6288,61.308,0.206386,0,0,1.11247,0.213403,0.531535,0.66528,12.849,1,0.754084,0.36288,0,84.8958,4.26345,80.2411,0.84672,12.849,0.84672,3695.15,0,0.0036966,6.23848e-06,1.71552,1.61225,7.42796,1.00948,9.74624,0.42336,0.0018483,0.21168,0.0018483,0.21168,460.486,0,1.02816,0,0,2.74368,1.71552,1.028160,1,0,90.5189,0,0,0,90.5189,0
36.0474,1.99408,0,0,3.49172,0.166126,0.36288,3.6288,61.308,0.206526,0,0,1.44906,0.149652,1.09288,0.66528,12.849,1,0.730413,0.36288,0,63.0884,3.58575,59.1351,0.84672,12.849,0.84672,3695.15,0,0.0036966,6.2263e-06,2.41618,1.46435,6.70234,0.903055,9.67981,0.42336,0.0018483,0.21168,0.0018483,0.21168,460.486,0,1.02816,0,0,3.44434,2.41618,1.028160,1,0,69.9078,0,0,0,69.9078,0
36.7987,2.00878,0,0,3.29112,0.168076,0.36288,3.6288,61.308,0.206666,0,0,1.4891,0.149652,1.13278,0.66528,12.849,1,0.716025,0.36288,0,77.9163,3.58575,73.9774,0.84672,12.849,0.84672,3695.15,0,0.0036966,6.23052e-06,2.32256,1.46451,7.25409,0.903055,10.1381,0.42336,0.0018483,0.21168,0.0018483,0.21168,460.486,0,1.02816,0,0,3.35072,2.32256,1.028160,1,0,85.2483,0,0,0,85.2483,0
38.8908,2.01985,0,0,4.65257,0.177795,0.36288,3.6288,61.308,0.206806,0,0,1.8664,0.204684,1.45491,0.66528,12.849,1,0.705269,0.36288,0,60.9035,4.43013,56.131,0.84672,12.849,0.84672,3695.15,0,0.0036966,6.23473e-06,3.35672,1.46468,7.84464,1.21812,11.4479,0.42336,0.0018483,0.21168,0.0018483,0.21168,460.486,0,1.02816,0,0,4.38488,3.35672,1.028160,1,0,69.0338,0,0,0,69.0338,0
40.6968,2.0486,0,0,4.42711,0.209626,0.36288,3.6288,61.308,0.206946,0,0,1.92387,0.194316,1.52261,0.66528,12.849,1,0.676829,0.36288,0,105.974,4.33095,101.329,0.84672,12.849,0.84672,3695.15,0,0.0036966,6.23895e-06,3.81125,1.46484,11.9106,1.10004,16.0866,0.42336,0.0018483,0.21168,0.0018483,0.21168,460.486,0,1.02816,0,0,4.83941,3.81125,1.028160,1,0,118.938,0,0,0,118.938,0
45.5589,2.13656,0,0,7.56813,0.20658,0.36288,3.6288,61.308,0.247023,0,0,2.32635,0.19651,1.88281,0.66528,12.849,1,0.674565,0.36288,0,150.575,4.03634,146.227,0.84672,12.849,0.84672,3695.15,0,0.0036966,7.44719e-06,4.2669,1.46501,11.4328,1.14965,16.015,0.42336,0.0018483,0.21168,0.0018483,0.21168,460.486,0,1.02816,0,0,5.29506,4.2669,1.028160,1,0,164.125,0,0,0,164.125,0
49.3445,2.19296,0,0,6.56443,0.222981,0.36288,3.6288,61.308,0.24716,0,0,1.91976,0.204829,1.46777,0.66528,12.849,1,0.61848,0.36288,0,175.101,4.17574,170.669,0.84672,12.849,0.84672,3695.15,0,0.0036966,7.45133e-06,2.54263,1.51204,14.0104,1.20163,16.8634,0.42336,0.0018483,0.21168,0.0018483,0.21168,460.486,0,1.02816,0,0,3.57079,2.54263,1.028160,1,0,189.001,0,0,0,189.001,0
59.7819,2.23085,0,0,13.2635,0.232445,0.36288,3.6288,61.308,0.247297,0,0,5.13476,0.204829,4.68263,0.66528,12.849,1,0.580898,0.36288,0,205.014,4.17574,200.62,0.84672,12.849,0.84672,3695.15,0,0.0036966,7.45546e-06,6.70476,1.5122,24.0846,1.20163,31.0999,0.42336,0.0018483,0.21168,0.0018483,0.21168,460.486,0,1.02816,0,0,7.73292,6.70476,1.028160,1,0,236.403,0,0,0,236.403,0
64.9383,2.31458,0,0,8.09214,0.258283,0.36288,3.6288,61.308,0.247435,0,0,3.31069,0.204829,2.85843,0.66528,12.849,1,0.497476,0.36288,0,171.342,4.17574,167.031,0.84672,12.849,0.84672,3695.15,0,0.0036966,7.4596e-06,3.15484,1.51236,12.5296,1.20163,15.9951,0.42336,0.0018483,0.21168,0.0018483,0.21168,460.486,0,1.02816,0,0,4.183,3.15484,1.028160,1,0,185.885,0,0,0,185.885,0
70.0019,2.57682,0,0,8.28023,0.276905,0.36288,3.6288,61.308,0.397567,0,0,4.6443,0.19042,4.05632,0.66528,12.849,1,0.509861,0.36288,0,175.259,4.01172,171.1,0.84672,12.849,0.84672,3695.15,0,0.0036966,1.19858e-05,4.96681,1.51252,16.2661,1.10808,21.6373,0.42336,0.0018483,0.21168,0.0018483,0.21168,460.486,0,1.02816,0,0,5.99497,4.96681,1.028160,1,0,196.794,0,0,0,196.794,0
72.29,2.60826,0,0,8.2887,0.299076,3.09326,3.6288,61.308,0.397721,0,0,5.73029,0.190582,5.14199,0.66528,12.849,1,0.478752,3.09326,0,174.784,3.98559,173.413,0.84672,12.849,0.84672,3695.15,0,0.0036966,1.19904e-05,5.10375,1.67998,18.6334,1.07643,24.3407,0.42336,0.0018483,0.21168,0.0018483,0.21168,460.486,0,1.02816,0,0,6.13191,5.10375,1.028160,1,0,202.895,0,0,0,202.895,0
72.29,2.62141,0,0,9.03018,0.30436,6.10441,3.6288,61.308,0.397874,0,0,6.64949,0.190582,6.06103,0.66528,12.849,1,0.465936,6.10441,0,230.628,3.98559,232.28,0.84672,12.849,0.84672,3695.15,0,0.0036966,1.1995e-05,7.34836,1.68016,24.6085,1.07643,32.5606,0.42336,0.0018483,0.21168,0.0018483,0.21168,460.486,0,1.02816,0,0,8.37652,7.34836,1.028160,1,0,270.902,0,0,0,270.902,0
72.29,2.62169,0,0,8.03676,0.308894,5.10617,3.6288,61.308,0.398028,0,0,5.6802,0.164318,5.11786,0.66528,12.849,1,0.465986,5.10617,0,179.713,3.5319,180.821,0.84672,12.849,0.84672,3695.15,0,0.0036966,1.19996e-05,5.49854,1.68034,21.0573,0.946337,27.2899,0.42336,0.0018483,0.21168,0.0018483,0.21168,460.486,0,1.02816,0,0,6.5267,5.49854,1.028160,1,0,213.229,0,0,0,213.229,0
72.29,2.28962,0,0,6.7764,0.32498,4.16179,3.6288,61.308,0.196799,0,0,3.67994,0.16778,3.31536,0.66528,12.849,1,0.406963,4.16179,0,121.429,3.45395,121.73,0.84672,12.849,0.84672,3695.15,0,0.0036966,5.93305e-06,4.76033,1.68053,15.5737,0.892726,21.1218,0.42336,0.0018483,0.21168,0.0018483,0.21168,460.486,0,1.02816,0,0,5.78849,4.76033,1.028160,1,0,146.167,0,0,0,146.167,0
72.29,2.28987,0,0,6.4558,0.363305,3.80262,3.6288,61.308,0.196931,0,0,4.05603,0.187379,3.67172,0.66528,12.849,1,0.407007,3.80262,0,126.471,3.44809,126.419,0.84672,12.849,0.84672,3695.15,0,0.0036966,5.93702e-06,4.89414,1.45176,16.3986,0.812904,21.9316,0.42336,0.0018483,0.21168,0.0018483,0.21168,460.486,0,1.02816,0,0,5.9223,4.89414,1.028160,1,0,152.022,0,0,0,152.022,0
72.29,2.29012,0,0,4.52947,0.363305,1.87605,3.6288,61.308,0.197063,0,0,3.07327,0.187379,2.68882,0.66528,12.849,1,0.407051,1.87605,0,123.147,3.44809,121.168,0.84672,12.849,0.84672,3695.15,0,0.0036966,5.941e-06,4.09688,1.45192,14.8098,0.812904,19.5457,0.42336,0.0018483,0.21168,0.0018483,0.21168,460.486,0,1.02816,0,0,5.12504,4.09688,1.028160,1,0,143.402,0,0,0,143.402,0
72.29,2.29036,0,0,4.62319,0.306665,2.02617,3.6288,61.308,0.197194,0,0,2.33598,0.157298,1.98149,0.66528,12.849,1,0.407095,2.02617,0,107.147,3.01212,105.754,0.84672,12.849,0.84672,3695.15,0,0.0036966,5.94497e-06,3.19334,1.45207,13.4933,0.750277,17.3884,0.42336,0.0018483,0.21168,0.0018483,0.21168,460.486,0,1.02816,0,0,4.2215,3.19334,1.028160,1,0,125.124,0,0,0,125.124,0
72.29,2.29061,0,0,4.29746,0.284008,1.72284,3.6288,61.308,0.197326,0,0,2.79009,0.145265,2.4475,0.66528,12.849,1,0.407139,1.72284,0,111.944,2.83773,110.422,0.84672,12.849,0.84672,3695.15,0,0.0036966,5.94895e-06,3.99988,1.45223,13.3914,0.725226,18.1183,0.42336,0.0018483,0.21168,0.0018483,0.21168,460.486,0,1.02816,0,0,5.02804,3.99988,1.028160,1,0,130.988,0,0,0,130.988,0
72.29,2.37456,0,0,5.6186,0.320953,2.92309,3.6288,61.308,0.24675,0,0,2.6958,0.161333,2.28772,0.66528,12.849,1,0.42206,2.92309,0,114.012,3.7119,112.801,0.84672,12.849,0.84672,3695.15,0,0.0036966,7.43898e-06,4.22208,1.45238,10.819,0.788199,15.7053,0.42336,0.0018483,0.21168,0.0018483,0.21168,460.486,0,1.02816,0,0,5.25024,4.22208,1.028160,1,0,130.794,0,0,0,130.794,0
72.29,2.37482,0,0,4.66851,0.32711,1.96659,3.6288,61.308,0.246888,0,0,2.44412,0.164011,2.03322,0.66528,12.849,1,0.422105,1.96659,0,102.882,3.8576,100.569,0.84672,12.849,0.84672,3695.15,0,0.0036966,7.44311e-06,4.02107,1.5091,9.27202,0.798694,14.0035,0.42336,0.0018483,0.21168,0.0018483,0.21168,460.486,0,1.02816,0,0,5.04923,4.02107,1.028160,1,0,116.605,0,0,0,116.605,0
72.29,2.37507,0,0,3.73047,0.32711,1.02829,3.6288,61.308,0.247025,0,0,2.40927,0.164011,1.99824,0.66528,12.849,1,0.422151,1.02829,0,64.1507,3.8576,60.8992,0.84672,12.849,0.84672,3695.15,0,0.0036966,7.44725e-06,2.90256,1.50926,7.99658,0.798694,11.6097,0.42336,0.0018483,0.21168,0.0018483,0.21168,460.486,0,1.02816,0,0,3.93072,2.90256,1.028160,1,0,74.5072,0,0,0,74.5072,0
72.29,2.37533,0,0,3.41455,0.32711,0.712108,3.6288,61.308,0.247162,0,0,1.98881,0.164011,1.57763,0.66528,12.849,1,0.422196,0.712108,0,73.5048,3.8576,69.9371,0.84672,12.849,0.84672,3695.15,0,0.0036966,7.45139e-06,2.7168,1.50942,7.73315,0.798694,11.1607,0.42336,0.0018483,0.21168,0.0018483,0.21168,460.486,0,1.02816,0,0,3.74496,2.7168,1.028160,1,0,82.6754,0,0,0,82.6754,0
72.2581,2.34284,0,0,2.96012,0.28627,0.36288,3.6288,61.308,0.228147,0,0,1.3237,0.160214,0.93534,0.66528,12.849,1,0.416422,0.36288,0,63.1133,3.60204,59.4577,0.84672,12.849,0.84672,3695.15,0,0.0036966,6.87811e-06,1.80964,1.50959,6.01011,0.8801,8.44923,0.42336,0.0018483,0.21168,0.0018483,0.21168,460.486,0,1.02816,0,0,2.8378,1.80964,1.028160,1,0,68.8423,0,0,0,68.8423,0
72.0591,2.34294,0,0,2.81445,0.307695,0.36288,3.6288,61.308,0.228282,0,0,1.17735,0.167353,0.781712,0.66528,12.849,1,0.416623,0.36288,0,51.8216,3.55908,48.2088,0.84672,12.849,0.84672,3695.15,0,0.0036966,6.88219e-06,1.51895,1.48772,4.53226,0.946609,6.59232,0.42336,0.0018483,0.21168,0.0018483,0.21168,460.486,0,1.02816,0,0,2.54711,1.51895,1.028160,1,0,55.5828,0,0,0,55.5828,0
71.7262,2.34221,0,0,2.58136,0.209089,0.36288,3.6288,61.308,0.228417,0,0,1.00824,0.213131,0.566688,0.66528,12.849,1,0.417645,0.36288,0,47.3099,3.9627,43.2924,0.84672,12.849,0.84672,3695.15,0,0.0036966,6.88627e-06,1.31436,1.48789,4.22397,0.970708,6.0555,0.42336,0.0018483,0.21168,0.0018483,0.21168,460.486,0,1.02816,0,0,2.34252,1.31436,1.028160,1,0,49.9146,0,0,0,49.9146,0
71.3252,2.34082,0,0,2.51121,0.20856,0.36288,3.6288,61.308,0.228552,0,0,1.11211,0.213131,0.670432,0.66528,12.849,1,0.419333,0.36288,0,45.723,3.9627,41.7038,0.84672,12.849,0.84672,3695.15,0,0.0036966,6.89035e-06,1.57151,1.48805,4.89746,0.970708,6.98631,0.42336,0.0018483,0.21168,0.0018483,0.21168,460.486,0,1.02816,0,0,2.59967,1.57151,1.028160,1,0,49.3605,0,0,0,49.3605,0
70.6974,2.45003,0,0,2.38815,0.203078,0.36288,3.6288,61.308,0.296638,0,0,1.08865,0.215632,0.576379,0.66528,12.849,1,0.441365,0.36288,0,42.4525,4.04256,38.3314,0.84672,12.849,0.84672,3695.15,0,0.0036966,8.94297e-06,1.25125,1.48821,4.30069,0.990042,6.0501,0.42336,0.0018483,0.21168,0.0018483,0.21168,460.486,0,1.02816,0,0,2.27941,1.25125,1.028160,1,0,44.9579,0,0,0,44.9579,0
69.9849,2.44698,0,0,2.27061,0.173172,0.36288,3.6288,61.308,0.29678,0,0,0.927876,0.23064,0.400456,0.66528,12.849,1,0.44473,0.36288,0,41.2544,4.52172,36.6508,0.84672,12.849,0.84672,3695.15,0,0.0036966,8.94727e-06,1.05672,1.56541,4.1025,1.10604,5.61857,0.42336,0.0018483,0.21168,0.0018483,0.21168,460.486,0,1.02816,0,0,2.08488,1.05672,1.028160,1,0,42.6698,0,0,0,42.6698,0
69.2336,2.44342,0,0,2.22718,0.172225,0.36288,3.6288,61.308,0.296923,0,0,0.85892,0.23064,0.331357,0.66528,12.849,1,0.448603,0.36288,0,38.7372,4.52172,34.1297,0.84672,12.849,0.84672,3695.15,0,0.0036966,8.95157e-06,0.844741,1.56557,3.78628,1.10604,5.09054,0.42336,0.0018483,0.21168,0.0018483,0.21168,460.486,0,1.02816,0,0,1.8729,0.844741,1.028160,1,0,39.5516,0,0,0,39.5516,0
68.2105,2.43957,0,0,1.94352,0.164194,0.36288,3.6288,61.308,0.297066,0,0,0.798319,0.235361,0.265892,0.66528,12.849,1,0.452758,0.36288,0,34.6232,4.57527,29.9581,0.84672,12.849,0.84672,3695.15,0,0.0036966,8.95587e-06,0.72106,1.56574,3.66211,1.11973,4.82918,0.42336,0.0018483,0.21168,0.0018483,0.21168,460.486,0,1.02816,0,0,1.74922,0.72106,1.028160,1,0,35.0532,0,0,0,35.0532,0
67.1228,2.43412,0,0,1.83033,0.121038,0.36288,3.6288,61.308,0.297209,0,0,0.765072,0.263691,0.204172,0.66528,12.849,1,0.458522,0.36288,0,31.0472,4.89657,26.055,0.84672,12.849,0.84672,3695.15,0,0.0036966,8.96018e-06,0.641753,1.56591,3.46346,1.20182,4.4693,0.42336,0.0018483,0.21168,0.0018483,0.21168,460.486,0,1.02816,0,0,1.66991,0.641753,1.028160,1,0,30.7285,0,0,0,30.7285,0
66.3177,2.4064,0,0,2.07091,0.10672,0.36288,3.6288,61.308,0.334718,0,0,0.799183,0.26359,0.200875,0.66528,12.849,1,0.460645,0.36288,0,39.0653,4.73925,34.2283,0.84672,12.849,0.84672,3695.15,0,0.0036966,1.0091e-05,0.963732,1.56608,3.48866,1.31763,4.70083,0.42336,0.0018483,0.21168,0.0018483,0.21168,460.486,0,1.02816,0,0,1.99189,0.963732,1.028160,1,0,39.13,0,0,0,39.13,0
65.4603,2.40197,0,0,2.01134,0.103841,0.36288,3.6288,61.308,0.334865,0,0,0.767206,0.263573,0.168768,0.66528,12.849,1,0.46538,0.36288,0,40.4787,4.71303,35.6631,0.84672,12.849,0.84672,3695.15,0,0.0036966,1.00954e-05,0.8842,1.59026,3.67292,1.33694,4.81043,0.42336,0.0018483,0.21168,0.0018483,0.21168,460.486,0,1.02816,0,0,1.91236,0.8842,1.028160,1,0,40.6423,0,0,0,40.6423,0
64.429,2.39713,0,0,1.83185,0.103134,0.36288,3.6288,61.308,0.335011,0,0,0.755533,0.263573,0.156949,0.66528,12.849,1,0.470526,0.36288,0,39.5375,4.71303,34.7168,0.84672,12.849,0.84672,3695.15,0,0.0036966,1.00998e-05,0.913239,1.59043,3.54292,1.33694,4.70965,0.42336,0.0018483,0.21168,0.0018483,0.21168,460.486,0,1.02816,0,0,1.9414,0.913239,1.028160,1,0,39.5834,0,0,0,39.5834,0
63.2237,2.39111,0,0,1.65096,0.102282,0.36288,3.6288,61.308,0.335158,0,0,0.703564,0.263573,0.104832,0.66528,12.849,1,0.476856,0.36288,0,36.6453,4.71303,31.8183,0.84672,12.849,0.84672,3695.15,0,0.0036966,1.01043e-05,0.666058,1.59061,3.37328,1.33694,4.293,0.42336,0.0018483,0.21168,0.0018483,0.21168,460.486,0,1.02816,0,0,1.69422,0.666058,1.028160,1,0,36.2161,0,0,0,36.2161,0
62.0629,2.43944,0,0,1.72313,0.0816074,0.36288,3.6288,61.308,0.368621,0,0,0.692358,0.308709,0.0150276,0.66528,12.849,1,0.49577,0.36288,0,35.5331,5.38035,30.0199,0.84672,12.849,0.84672,3695.15,0,0.0036966,1.11131e-05,0.61509,1.59078,3.22046,1.53633,3.89,0.42336,0.0018483,0.21168,0.0018483,0.21168,460.486,0,1.02816,0,0,1.64325,0.61509,1.028160,1,0,33.9249,0,0,0,33.9249,0
60.9197,2.43202,0,0,1.72701,0.0753324,0.36288,3.6288,61.308,0.368771,0,0,0.690638,0.317701,0.00416585,0.66528,12.849,1,0.503506,0.36288,0,34.9174,5.61141,29.1654,0.84672,12.849,0.84672,3695.15,0,0.0036966,1.11176e-05,0.515488,1.62923,3.18834,1.56174,3.77131,0.42336,0.0018483,0.21168,0.0018483,0.21168,460.486,0,1.02816,0,0,1.54365,0.515488,1.028160,1,0,32.9409,0,0,0,32.9409,0
59.6367,2.42448,0,0,1.57899,0.0746239,0.36288,3.6288,61.2885,0.368922,0,0,0.667146,0.317701,0,0.66528,12.849,1,0.511364,0.36288,0,32.7913,5.61141,27.0314,0.84672,12.849,0.84672,3695.15,0,0.0036966,1.11222e-05,0.394114,1.62941,3.03781,1.56174,3.49958,0.42336,0.0018483,0.21168,0.0018483,0.21168,460.486,0,1.02816,0,0,1.42227,0.394114,1.028160,1,0,30.531,0,0,0,30.531,0
58.1541,2.41569,0,0,1.35498,0.0589548,0.36288,3.6288,61.2598,0.369072,0,0,0.664407,0.324023,0,0.66528,12.849,1,0.520471,0.36288,0,31.2784,5.87072,25.2501,0.84672,12.849,0.84672,3695.15,0,0.0036966,1.11302e-05,0.380203,1.62958,3.01851,1.57701,3.45128,0.42336,0.0018483,0.21168,0.0018483,0.21168,460.486,0,1.02816,0,0,1.40836,0.380203,1.028160,1,0,28.7014,0,0,0,28.7014,0
56.3317,2.5657,0,0,1.17355,0.0674306,0.36288,3.6288,61.0846,0.489529,0,0,0.627012,0.312678,0,0.66528,12.849,1,0.566885,0.36288,0,29.0197,5.73384,23.0818,0.84672,12.849,0.84672,3695.15,0,0.0036966,1.47698e-05,0.342049,1.62976,2.90199,1.45833,3.41545,0.42336,0.0018483,0.21168,0.0018483,0.21168,460.486,0,1.02816,0,0,1.37021,0.342049,1.028160,1,0,26.4973,0,0,0,26.4973,0
54.7609,2.55104,0,0,1.40267,0.0594874,0.36288,3.6288,60.7991,0.489692,0,0,0.51321,0.309034,0,0.66528,12.849,1,0.581881,0.36288,0,27.0721,5.94393,20.9092,0.84672,12.849,0.84672,3695.15,0,0.0036966,1.48171e-05,0.45366,1.75964,3.11793,1.47312,3.8581,0.42336,0.0018483,0.21168,0.0018483,0.21168,460.486,0,1.02816,0,0,1.48182,0.45366,1.028160,1,0,24.7673,0,0,0,24.7673,0
53.3733,2.53779,0,0,1.56734,0.0543423,0.36288,3.6288,60.6289,0.489856,0,0,0.630649,0.311057,0,0.66528,12.849,1,0.595463,0.36288,0,34.449,6.01871,28.1977,0.84672,12.849,0.84672,3695.15,0,0.0036966,1.48917e-05,0.832697,1.75983,3.30949,1.48806,4.41395,0.42336,0.0018483,0.21168,0.0018483,0.21168,460.486,0,1.02816,0,0,1.86086,0.832697,1.028160,1,0,32.6116,0,0,0,32.6116,0
51.6695,2.52559,0,0,1.23824,0.0535831,0.36288,3.6288,60.2885,0.490019,0,0,0.460351,0.310721,0,0.66528,12.849,1,0.608006,0.36288,0,35.5502,6.01871,29.2864,0.84672,12.849,0.84672,3695.15,0,0.0036966,1.49385e-05,0.304975,1.76002,2.62233,1.48806,3.19926,0.42336,0.0018483,0.21168,0.0018483,0.21168,460.486,0,1.02816,0,0,1.33313,0.304975,1.028160,1,0,32.4857,0,0,0,32.4857,0
50.2777,2.5098,0,0,1.5336,0.0526509,0.36288,3.6288,60.2541,0.490183,0,0,0.765869,0.31005,0,0.66528,12.849,1,0.624129,0.36288,0,31.5055,6.01871,25.2255,0.84672,12.849,0.84672,3695.15,0,0.0036966,1.50278e-05,1.34963,1.76021,3.94061,1.48806,5.56238,0.42336,0.0018483,0.21168,0.0018483,0.21168,460.486,0,1.02816,0,0,2.37779,1.34963,1.028160,1,0,30.7879,0,0,0,30.7879,0
49.0676,2.42014,0,0,1.63327,0.0603343,0.36288,3.6288,60.3528,0.417286,0,0,0.79266,0.276715,0,0.66528,12.849,1,0.618493,0.36288,0,35.6628,5.04003,30.3672,0.84672,12.849,0.84672,3695.15,0,0.0036966,1.28003e-05,2.13754,1.7604,4.68225,1.25466,7.32552,0.42336,0.0018483,0.21168,0.0018483,0.21168,460.486,0,1.02816,0,0,3.1657,2.13754,1.028160,1,0,37.6927,0,0,0,37.6927,0
47.8873,2.40831,0,0,1.65378,0.0628966,0.36288,3.6288,60.3934,0.417441,0,0,0.721691,0.263574,0,0.66528,12.849,1,0.630648,0.36288,0,42.3681,4.64856,37.4518,0.84672,12.849,0.84672,3695.15,0,0.0036966,1.27841e-05,2.31112,1.68622,4.47378,1.16131,7.3098,0.42336,0.0018483,0.21168,0.0018483,0.21168,460.486,0,1.02816,0,0,3.33928,2.31112,1.028160,1,0,44.7616,0,0,0,44.7616,0
46.5326,2.39631,0,0,1.46661,0.0620958,0.36288,3.6288,60.4187,0.417597,0,0,0.70651,0.263642,0,0.66528,12.849,1,0.642972,0.36288,0,43.5568,4.64856,38.6282,0.84672,12.849,0.84672,3695.15,0,0.0036966,1.27803e-05,2.26786,1.6864,4.45871,1.16131,7.25166,0.42336,0.0018483,0.21168,0.0018483,0.21168,460.486,0,1.02816,0,0,3.29602,2.26786,1.028160,1,0,45.8798,0,0,0,45.8798,0
45.0867,2.3819,0,0,1.47556,0.176733,0.36288,3.6288,60.5001,0.417753,0,0,0.67341,0.174273,0,0.66528,12.849,1,0.657711,0.36288,0,50.9066,4.39458,46.2172,0.84672,12.849,0.84672,3695.15,0,0.0036966,1.27797e-05,2.28152,1.68658,4.75322,0.911664,7.80964,0.42336,0.0018483,0.21168,0.0018483,0.21168,460.486,0,1.02816,0,0,3.30968,2.28152,1.028160,1,0,54.0269,0,0,0,54.0269,0
44.8192,2.30462,0,0,2.57018,0.170151,0.36288,3.6288,60.9582,0.351377,0,0,1.02754,0.218057,0,0.66528,12.849,1,0.656782,0.36288,0,76.4384,4.9197,71.2248,0.84672,12.849,0.84672,3695.15,0,0.0036966,1.07347e-05,2.84407,1.68676,8.82997,1.08253,12.2783,0.42336,0.0018483,0.21168,0.0018483,0.21168,460.486,0,1.02816,0,0,3.87223,2.84407,1.028160,1,0,83.5031,0,0,0,83.5031,0
45.4302,2.30183,0,0,3.49258,0.216934,0.36288,3.6288,61.308,0.351525,0,0,1.99117,0.227222,1.06263,0.66528,12.849,1,0.659899,0.36288,0,98.3189,4.03442,93.9874,0.84672,12.849,0.84672,3695.15,0,0.0036966,1.06585e-05,4.47234,1.62082,10.1126,1.05714,15.1486,0.42336,0.0018483,0.21168,0.0018483,0.21168,460.486,0,1.02816,0,0,5.5005,4.47234,1.028160,1,0,110.199,0,0,0,110.199,0
45.9967,2.30899,0,0,3.45683,0.218432,0.36288,3.6288,61.308,0.351674,0,0,1.50326,0.227726,0.923857,0.66528,12.849,1,0.653052,0.36288,0,81.7206,4.03442,77.396,0.84672,12.849,0.84672,3695.15,0,0.0036966,1.06022e-05,7.55548,1.621,11.8939,1.05714,20.0132,0.42336,0.0018483,0.21168,0.0018483,0.21168,460.486,0,1.02816,0,0,8.58364,7.55548,1.028160,1,0,98.3331,0,0,0,98.3331,0
47.4193,2.31553,0,0,4.3209,0.219821,0.36288,3.6288,61.308,0.351823,0,0,1.74172,0.227726,1.16217,0.66528,12.849,1,0.646835,0.36288,0,125.148,4.03442,120.829,0.84672,12.849,0.84672,3695.15,0,0.0036966,1.06067e-05,5.03737,1.62117,17.0271,1.05714,22.6285,0.42336,0.0018483,0.21168,0.0018483,0.21168,460.486,0,1.02816,0,0,6.06553,5.03737,1.028160,1,0,144.62,0,0,0,144.62,0
50.0034,2.1555,0,0,5.31876,0.216329,0.36288,3.6288,61.308,0.213345,0,0,1.9749,0.268364,1.49319,0.66528,12.849,1,0.584065,0.36288,0,138.879,4.55539,134.103,0.84672,12.849,0.84672,3695.15,0,0.0036966,6.43187e-06,2.86484,1.62135,14.8211,1.08696,18.2204,0.42336,0.0018483,0.21168,0.0018483,0.21168,460.486,0,1.02816,0,0,3.893,2.86484,1.028160,1,0,153.816,0,0,0,153.816,0
51.2254,2.17975,0,0,3.98377,0.219124,0.36288,3.6288,61.308,0.213479,0,0,2.611,0.226025,2.1715,0.66528,12.849,1,0.560114,0.36288,0,109.299,4.0428,105.059,0.84672,12.849,0.84672,3695.15,0,0.0036966,6.4359e-06,6.85722,1.4726,13.792,0.987554,21.1343,0.42336,0.0018483,0.21168,0.0018483,0.21168,460.486,0,1.02816,0,0,7.88538,6.85722,1.028160,1,0,128.364,0,0,0,128.364,0
56.044,2.19067,0,0,7.61065,0.238493,0.36288,3.6288,61.308,0.213612,0,0,3.6118,0.253496,3.14469,0.66528,12.849,1,0.549491,0.36288,0,221.089,4.25855,216.644,0.84672,12.849,0.84672,3695.15,0,0.0036966,6.43994e-06,9.2886,1.47276,19.2665,1.02897,28.9989,0.42336,0.0018483,0.21168,0.0018483,0.21168,460.486,0,1.02816,0,0,10.3168,9.2886,1.028160,1,0,248.787,0,0,0,248.787,0
58.0203,2.22935,0,0,4.83724,0.268742,0.36288,3.6288,61.308,0.213746,0,0,3.15857,0.260435,2.68439,0.66528,12.849,1,0.511114,0.36288,0,188.844,4.07431,184.622,0.84672,12.849,0.84672,3695.15,0,0.0036966,6.44397e-06,8.29639,1.47292,17.101,0.965329,25.9049,0.42336,0.0018483,0.21168,0.0018483,0.21168,460.486,0,1.02816,0,0,9.32455,8.29639,1.028160,1,0,213.211,0,0,0,213.211,0
62.7242,2.24384,0,0,7.58468,0.274021,0.36288,3.6288,61.308,0.21388,0,0,3.44973,0.260435,2.97541,0.66528,12.849,1,0.496914,0.36288,0,214.022,4.07431,209.814,0.84672,12.849,0.84672,3695.15,0,0.0036966,6.448e-06,8.9754,1.47308,17.0704,0.965329,26.5535,0.42336,0.0018483,0.21168,0.0018483,0.21168,460.486,0,1.02816,0,0,10.0036,8.9754,1.028160,1,0,239.343,0,0,0,239.343,0
67.275,2.34629,0,0,7.53681,0.276863,0.36288,3.6288,61.308,0.254175,0,0,2.62981,0.208558,2.16708,0.66528,12.849,1,0.480635,0.36288,0,185.259,3.52556,181.616,0.84672,12.849,0.84672,3695.15,0,0.0036966,7.66282e-06,6.61599,1.47324,13.9058,0.906036,21.089,0.42336,0.0018483,0.21168,0.0018483,0.21168,460.486,0,1.02816,0,0,7.64415,6.61599,1.028160,1,0,204.872,0,0,0,204.872,0
70.5916,2.37383,0,0,6.33358,0.280234,0.36288,3.6288,61.308,0.254306,0,0,2.04606,0.169651,1.6221,0.66528,12.849,1,0.453383,0.36288,0,166.106,3.11399,162.901,0.84672,12.849,0.84672,3695.15,0,0.0036966,7.66676e-06,4.80668,1.52052,11.915,0.861566,17.3806,0.42336,0.0018483,0.21168,0.0018483,0.21168,460.486,0,1.02816,0,0,5.83484,4.80668,1.028160,1,0,181.904,0,0,0,181.904,0
72.29,2.3921,0,0,6.20537,0.287565,1.82735,3.6288,61.308,0.254437,0,0,1.93118,0.169651,1.50709,0.66528,12.849,1,0.435407,1.82735,0,185.636,3.11399,183.914,0.84672,12.849,0.84672,3695.15,0,0.0036966,7.67071e-06,4.8446,1.52067,11.1723,0.861566,16.676,0.42336,0.0018483,0.21168,0.0018483,0.21168,460.486,0,1.02816,0,0,5.87276,4.8446,1.028160,1,0,202.097,0,0,0,202.097,0
72.29,2.40103,0,0,8.96267,0.291319,6.27032,3.6288,61.308,0.254568,0,0,1.83381,0.169651,1.40959,0.66528,12.849,1,0.426765,6.27032,0,207.383,3.11399,210.113,0.84672,12.849,0.84672,3695.15,0,0.0036966,7.67466e-06,4.97748,1.52083,12.646,0.861566,18.2828,0.42336,0.0018483,0.21168,0.0018483,0.21168,460.486,0,1.02816,0,0,6.00564,4.97748,1.028160,1,0,229.805,0,0,0,229.805,0
72.29,2.63549,0,0,8.19221,0.284793,5.27192,3.6288,61.308,0.405532,0,0,2.52041,0.188808,1.92607,0.66528,12.849,1,0.468438,5.27192,0,305.294,3.7586,306.338,0.84672,12.849,0.84672,3695.15,0,0.0036966,1.22259e-05,5.3757,1.52098,13.8427,0.91374,19.8257,0.42336,0.0018483,0.21168,0.0018483,0.21168,460.486,0,1.02816,0,0,6.40386,5.3757,1.028160,1,0,328.09,0,0,0,328.09,0
72.29,2.63576,0,0,4.54998,0.301609,1.61261,3.6288,61.308,0.405679,0,0,2.45485,0.109862,1.93931,0.66528,12.849,1,0.468486,1.61261,0,134.588,3.30446,132.428,0.84672,12.849,0.84672,3695.15,0,0.0036966,1.22303e-05,5.33438,1.68937,12.8263,0.883628,18.9664,0.42336,0.0018483,0.21168,0.0018483,0.21168,460.486,0,1.02816,0,0,6.36254,5.33438,1.028160,1,0,153.333,0,0,0,153.333,0
72.29,2.63603,0,0,4.23274,0.330527,1.26618,3.6288,61.308,0.405825,0,0,1.68708,0.0947887,1.18647,0.66528,12.849,1,0.468534,1.26618,0,146.118,3.39199,143.524,0.84672,12.849,0.84672,3695.15,0,0.0036966,1.22347e-05,3.62477,1.68954,9.4322,0.845295,13.9012,0.42336,0.0018483,0.21168,0.0018483,0.21168,460.486,0,1.02816,0,0,4.65293,3.62477,1.028160,1,0,158.611,0,0,0,158.611,0
72.29,2.6363,0,0,7.43215,0.382683,4.41316,3.6288,61.308,0.405971,0,0,1.91208,0.124632,1.38148,0.66528,12.849,1,0.468582,4.41316,0,177.657,3.34443,178.258,0.84672,12.849,0.84672,3695.15,0,0.0036966,1.22391e-05,5.78659,1.68971,11.6157,0.878213,18.2138,0.42336,0.0018483,0.21168,0.0018483,0.21168,460.486,0,1.02816,0,0,6.81475,5.78659,1.028160,1,0,197.853,0,0,0,197.853,0
72.29,2.30237,0,0,3.75553,0.378641,1.07453,3.6288,61.308,0.203615,0,0,1.61513,0.128375,1.28314,0.66528,12.849,1,0.409228,1.07453,0,144.476,3.31308,141.829,0.84672,12.849,0.84672,3695.15,0,0.0036966,6.13854e-06,2.91403,1.68989,10.1301,0.893491,13.8406,0.42336,0.0018483,0.21168,0.0018483,0.21168,460.486,0,1.02816,0,0,3.94219,2.91403,1.028160,1,0,156.952,0,0,0,156.952,0
72.29,2.3026,0,0,7.7406,0.32392,5.11408,3.6288,61.308,0.203741,0,0,2.41563,0.109691,2.1022,0.66528,12.849,1,0.40927,5.11408,0,138.146,3.2382,139.612,0.84672,12.849,0.84672,3695.15,0,0.0036966,6.14233e-06,4.46975,1.45984,12.5226,0.923487,17.5287,0.42336,0.0018483,0.21168,0.0018483,0.21168,460.486,0,1.02816,0,0,5.49791,4.46975,1.028160,1,0,159.243,0,0,0,159.243,0
72.29,2.30284,0,0,6.63232,0.32392,4.00557,3.6288,61.308,0.203867,0,0,1.91239,0.109691,1.59883,0.66528,12.849,1,0.409312,4.00557,0,132.711,3.2382,133.069,0.84672,12.849,0.84672,3695.15,0,0.0036966,6.14613e-06,3.37585,1.45999,11.7387,0.923487,15.6511,0.42336,0.0018483,0.21168,0.0018483,0.21168,460.486,0,1.02816,0,0,4.40401,3.37585,1.028160,1,0,150.319,0,0,0,150.319,0
72.29,2.30307,0,0,6.58437,0.294626,3.98667,3.6288,61.308,0.203993,0,0,2.05924,0.109942,1.74531,0.66528,12.849,1,0.409353,3.98667,0,150.238,3.42633,150.389,0.84672,12.849,0.84672,3695.15,0,0.0036966,6.14992e-06,4.60694,1.46014,10.231,0.98264,15.3154,0.42336,0.0018483,0.21168,0.0018483,0.21168,460.486,0,1.02816,0,0,5.6351,4.60694,1.028160,1,0,167.45,0,0,0,167.45,0
72.29,2.30331,0,0,7.06755,0.297769,4.46647,3.6288,61.308,0.204118,0,0,2.35058,0.131118,2.01534,0.66528,12.849,1,0.409395,4.46647,0,116.554,4.47582,116.135,0.84672,12.849,0.84672,3695.15,0,0.0036966,6.15371e-06,4.33686,1.46029,11.2337,1.13393,15.8969,0.42336,0.0018483,0.21168,0.0018483,0.21168,460.486,0,1.02816,0,0,5.36502,4.33686,1.028160,1,0,134.047,0,0,0,134.047,0
72.29,2.38771,0,0,6.5972,0.305787,3.90371,3.6288,61.308,0.253809,0,0,1.8509,0.145803,1.45128,0.66528,12.849,1,0.424397,3.90371,0,126.839,3.86232,126.456,0.84672,12.849,0.84672,3695.15,0,0.0036966,7.65178e-06,3.09541,1.46043,9.7181,1.00967,13.2643,0.42336,0.0018483,0.21168,0.0018483,0.21168,460.486,0,1.02816,0,0,4.12357,3.09541,1.028160,1,0,141.171,0,0,0,141.171,0
72.29,2.38795,0,0,5.17263,0.309869,2.47481,3.6288,61.308,0.25394,0,0,1.76804,0.158146,1.35595,0.66528,12.849,1,0.42444,2.47481,0,91.7421,3.62628,90.1662,0.84672,12.849,0.84672,3695.15,0,0.0036966,7.65573e-06,3.49914,1.51746,6.62621,0.985245,10.6575,0.42336,0.0018483,0.21168,0.0018483,0.21168,460.486,0,1.02816,0,0,4.5273,3.49914,1.028160,1,0,102.18,0,0,0,102.18,0
72.29,2.3882,0,0,4.81754,0.314443,2.11491,3.6288,61.308,0.254071,0,0,2.01105,0.153735,1.60325,0.66528,12.849,1,0.424484,2.11491,0,80.8635,3.51814,79.0358,0.84672,12.849,0.84672,3695.15,0,0.0036966,7.65968e-06,3.63859,1.51761,9.04125,0.964684,13.2328,0.42336,0.0018483,0.21168,0.0018483,0.21168,460.486,0,1.02816,0,0,4.66675,3.63859,1.028160,1,0,93.8718,0,0,0,93.8718,0
72.29,2.38844,0,0,4.35764,0.291801,1.6774,3.6288,61.308,0.254202,0,0,2.36695,0.160144,1.95261,0.66528,12.849,1,0.424527,1.6774,0,77.315,3.51716,75.0508,0.84672,12.849,0.84672,3695.15,0,0.0036966,7.66362e-06,4.43426,1.51777,7.57097,0.960819,12.5622,0.42336,0.0018483,0.21168,0.0018483,0.21168,460.486,0,1.02816,0,0,5.46242,4.43426,1.028160,1,0,89.5655,0,0,0,89.5655,0
72.29,2.35576,0,0,4.02893,0.266466,1.4067,3.6288,61.308,0.235075,0,0,1.18394,0.183456,0.765408,0.66528,12.849,1,0.418719,1.4067,0,76.6904,3.96739,73.711,0.84672,12.849,0.84672,3695.15,0,0.0036966,7.08698e-06,1.98015,1.51792,6.11166,1.03317,8.57655,0.42336,0.0018483,0.21168,0.0018483,0.21168,460.486,0,1.02816,0,0,3.00831,1.98015,1.028160,1,0,83.0529,0,0,0,83.0529,0
72.29,2.356,0,0,3.97002,0.243815,1.3702,3.6288,61.308,0.235204,0,0,1.12706,0.207234,0.684625,0.66528,12.849,1,0.418761,1.3702,0,74.5001,4.42376,71.0278,0.84672,12.849,0.84672,3695.15,0,0.0036966,7.09086e-06,2.15479,1.49593,5.79207,1.10308,8.3397,0.42336,0.0018483,0.21168,0.0018483,0.21168,460.486,0,1.02816,0,0,3.18295,2.15479,1.028160,1,0,80.0521,0,0,0,80.0521,0
72.29,2.35624,0,0,3.45636,0.243815,0.856306,3.6288,61.308,0.235333,0,0,1.0826,0.207234,0.640034,0.66528,12.849,1,0.418804,0.856306,0,66.1738,4.42376,62.1875,0.84672,12.849,0.84672,3695.15,0,0.0036966,7.09476e-06,1.80706,1.49608,5.41816,1.10308,7.61822,0.42336,0.0018483,0.21168,0.0018483,0.21168,460.486,0,1.02816,0,0,2.83522,1.80706,1.028160,1,0,70.4458,0,0,0,70.4458,0
72.29,2.35648,0,0,3.097,0.243815,0.496702,3.6288,61.308,0.235462,0,0,0.956612,0.207234,0.513917,0.66528,12.849,1,0.418847,0.496702,0,56.7943,4.42376,52.4484,0.84672,12.849,0.84672,3695.15,0,0.0036966,7.09864e-06,1.45829,1.49623,4.72015,1.10308,6.57158,0.42336,0.0018483,0.21168,0.0018483,0.21168,460.486,0,1.02816,0,0,2.48645,1.45829,1.028160,1,0,59.534,0,0,0,59.534,0
72.1,2.46852,0,0,2.86359,0.22221,0.36288,3.6288,61.308,0.303914,0,0,0.890076,0.17879,0.407372,0.66528,12.849,1,0.438761,0.36288,0,53.9436,3.83395,50.0337,0.84672,12.849,0.84672,3695.15,0,0.0036966,9.16233e-06,1.33229,1.49639,4.25503,0.95349,6.1302,0.42336,0.0018483,0.21168,0.0018483,0.21168,460.486,0,1.02816,0,0,2.36045,1.33229,1.028160,1,0,56.5713,0,0,0,56.5713,0
71.9489,2.46779,0,0,2.83209,0.152469,0.36288,3.6288,61.308,0.30405,0,0,0.850781,0.223543,0.323188,0.66528,12.849,1,0.439787,0.36288,0,56.4291,4.83651,51.5157,0.84672,12.849,0.84672,3695.15,0,0.0036966,9.16644e-06,1.19172,1.574,4.16793,1.18361,5.75003,0.42336,0.0018483,0.21168,0.0018483,0.21168,460.486,0,1.02816,0,0,2.21988,1.19172,1.028160,1,0,57.5889,0,0,0,57.5889,0
71.6862,2.46726,0,0,2.71973,0.152294,0.36288,3.6288,61.308,0.304186,0,0,0.841856,0.223543,0.314127,0.66528,12.849,1,0.440615,0.36288,0,52.3759,4.83651,47.4616,0.84672,12.849,0.84672,3695.15,0,0.0036966,9.17054e-06,1.19954,1.57416,3.99985,1.18361,5.58994,0.42336,0.0018483,0.21168,0.0018483,0.21168,460.486,0,1.02816,0,0,2.2277,1.19954,1.028160,1,0,53.3657,0,0,0,53.3657,0
71.2814,2.46614,0,0,2.58112,0.156885,0.36288,3.6288,61.308,0.304322,0,0,0.828541,0.222226,0.301993,0.66528,12.849,1,0.44203,0.36288,0,50.1716,4.7519,45.3406,0.84672,12.849,0.84672,3695.15,0,0.0036966,9.17464e-06,1.38141,1.57433,3.74418,1.18688,5.51303,0.42336,0.0018483,0.21168,0.0018483,0.21168,460.486,0,1.02816,0,0,2.40957,1.38141,1.028160,1,0,51.1556,0,0,0,51.1556,0
70.6756,2.46427,0,0,2.39592,0.174653,0.36288,3.6288,61.308,0.304458,0,0,0.796349,0.218476,0.273414,0.66528,12.849,1,0.444202,0.36288,0,46.4388,4.27626,42.0812,0.84672,12.849,0.84672,3695.15,0,0.0036966,9.17875e-06,1.30087,1.57449,3.48273,1.21599,5.1421,0.42336,0.0018483,0.21168,0.0018483,0.21168,460.486,0,1.02816,0,0,2.32903,1.30087,1.028160,1,0,47.4967,0,0,0,47.4967,0
69.5892,2.43925,0,0,1.82462,0.108851,0.36288,3.6288,61.308,0.342165,0,0,0.674905,0.23524,0.0974993,0.66528,12.849,1,0.443462,0.36288,0,31.8802,4.60839,27.1912,0.84672,12.849,0.84672,3695.15,0,0.0036966,1.03155e-05,0.568823,1.57465,2.93704,1.21052,3.86997,0.42336,0.0018483,0.21168,0.0018483,0.21168,460.486,0,1.02816,0,0,1.59698,0.568823,1.028160,1,0,31.1587,0,0,0,31.1587,0
68.3237,2.43365,0,0,1.6393,0.10828,0.36288,3.6288,61.3038,0.370462,0,0,0.598251,0.231984,0,0.66528,12.849,1,0.449352,0.36288,0,25.5434,4.66431,20.7926,0.84672,12.849,0.84672,3695.15,0,0.0036966,1.11686e-05,0.30119,1.59895,2.84709,1.18549,3.56173,0.42336,0.0018483,0.21168,0.0018483,0.21168,460.486,0,1,0,0,1.30119,0.30119,1.028160,1,0,24.3543,0,0,0,24.3543,0
66.9997,2.4269,0,0,1.56376,0.0979377,0.36288,3.6288,61.2979,0.342445,0,0,0.584036,0.247522,0,0.66528,12.849,1,0.456404,0.36288,0,24.02,4.88148,19.045,0.84672,12.849,0.84672,3695.15,0,0.0036966,1.03247e-05,0.281146,1.59912,2.85165,1.25899,3.47291,0.42336,0.0018483,0.21168,0.0018483,0.21168,460.486,0,1.02816,0,0,1.30931,0.281146,1.028160,1,0,22.5179,0,0,0,22.5179,0
65.5115,2.41957,0,0,1.36848,0.0742582,0.36288,3.6288,61.1172,0.45009,0,0,0.551809,0.282353,0,0.66528,12.849,1,0.464018,0.36288,0,22.5705,5.6278,16.8416,0.84672,12.849,0.84672,3695.15,0,0.0036966,1.35714e-05,0.261274,1.59928,2.77502,1.51818,3.11738,0.42336,0.0018483,0.21168,0.0018483,0.21168,460.486,0,0.920653,0,0,1.18193,0.261274,1.028160,1,0,19.959,0,0,0,19.959,0
63.835,2.46728,0,0,1.22428,0.0706618,0.36288,3.6288,60.6887,0.616993,0,0,0.478275,0.289845,0,0.66528,12.849,1,0.483915,0.36288,0,19.4002,5.94562,13.3335,0.84672,12.849,0.84672,3695.15,0,0.0036966,1.8659e-05,0.261274,1.59944,2.46746,1.57351,2.75466,0.42336,0.0018483,0.21168,0.0018483,0.21168,460.486,0,0.787382,0,0,1.04866,0.261274,1.028160,1,0,16.0882,0,0,0,16.0882,0
62.1244,2.45694,0,0,1.17133,0.062035,0.36288,3.6288,59.8726,0.958866,0,0,0.464714,0.321888,0,0.66528,12.849,1,0.494545,0.36288,0,21.9237,6.06217,15.7299,0.84672,12.849,0.84672,3695.15,0,0.0036966,2.92027e-05,0.261274,1.6381,2.16846,1.46034,2.60746,0.42336,0.0018483,0.21168,0.0018483,0.21168,460.486,0,0.445643,0,0,0.706916,0.261274,1.028160,1,0,18.3374,0,0,0,18.3374,0
60.3207,2.44591,0,0,1.06618,0.0611747,0.36288,3.6288,58.992,0.943751,0,0,0.383296,0.320221,0,0.66528,12.849,1,0.50588,0.36288,0,17.6584,6.06217,11.4533,0.84672,12.849,0.84672,3695.15,0,0.0036966,2.91341e-05,0.261274,1.63827,2.01499,1.46034,2.45416,0.42336,0.0018483,0.21168,0.0018483,0.21168,460.486,0,0.460901,0,0,0.722174,0.261274,1.028160,1,0,13.9074,0,0,0,13.9074,0
58.4335,2.43369,0,0,0.969676,0.0602674,0.36288,3.6288,58.0079,1.02257,0,0,0.35696,0.318422,0,0.66528,12.849,1,0.518403,0.36288,0,16.4615,6.06217,10.2438,0.84672,12.849,0.84672,3695.15,0,0.0036966,3.20387e-05,0.227405,1.63844,1.79575,1.46034,2.20122,0.42336,0.0018483,0.21168,0.0018483,0.21168,460.486,0,0.382219,0,0,0.609624,0.227405,1.028160,1,0,12.4451,0,0,0,12.4451,0
56.4922,2.58184,0,0,1.05598,0.052517,0.36288,3.6288,57.1296,0.985062,0,0,0.421343,0.314649,0,0.66528,12.849,1,0.567724,0.36288,0,16.5395,6.17031,10.1643,0.84672,12.849,0.84672,3695.15,0,0.0036966,3.13869e-05,0.227405,1.6386,2.53908,1.48625,2.91881,0.42336,0.0018483,0.21168,0.0018483,0.21168,460.486,0,0.540837,0,0,0.768242,0.227405,1.028160,1,0,13.0831,0,0,0,13.0831,0
54.2574,2.56621,0,0,0.739904,0.0456319,0.36288,3.6288,56.0309,1.12303,0,0,0.332307,0.307912,0,0.66528,12.849,1,0.583677,0.36288,0,14.3815,6.12829,8.03245,0.84672,12.849,0.84672,3695.15,0,0.0036966,3.63332e-05,0.227405,1.76918,1.94028,1.55205,2.38478,0.42336,0.0018483,0.21168,0.0018483,0.21168,460.486,0,0.403017,0,0,0.630422,0.227405,1.028160,1,0,10.4172,0,0,0,10.4172,0
51.9467,2.54703,0,0,0.644345,0.0451602,0.36288,3.6288,54.8329,1.18371,0,0,0.295205,0.309557,0,0.66528,12.849,1,0.603176,0.36288,0,12.6324,6.10039,6.29168,0.84672,12.849,0.84672,3695.15,0,0.0036966,3.90472e-05,0.227405,1.76936,1.81687,1.55454,2.25905,0.42336,0.0018483,0.21168,0.0018483,0.21168,460.486,0,0.342493,0,0,0.569898,0.227405,1.028160,1,0,8.55073,0,0,0,8.55073,0
49.9038,2.52577,0,0,0.889816,0.0441042,0.36288,3.6288,53.7686,1.08404,0,0,0.326931,0.307131,0,0.66528,12.849,1,0.62475,0.36288,0,13.55,6.10039,7.18776,0.84672,12.849,0.84672,3695.15,0,0.0036966,3.65407e-05,0.204422,1.76954,2.02539,1.55454,2.44477,0.42336,0.0018483,0.21168,0.0018483,0.21168,460.486,0,0.442322,0,0,0.646745,0.204422,1.028160,1,0,9.63253,0,0,0,9.63253,0
48.2645,2.50569,0,0,1.29552,0.0661643,0.36288,3.6288,52.9026,1.00332,0,0,0.435183,0.297933,0,0.66528,12.849,1,0.645154,0.36288,0,22.6111,5.96047,16.3683,0.84672,12.849,0.84672,3695.15,0,0.0036966,3.4489e-05,0.204422,1.76972,2.25236,1.53218,2.69429,0.42336,0.0018483,0.21168,0.0018483,0.21168,460.486,0,0.523204,0,0,0.727626,0.204422,1.028160,1,0,19.0626,0,0,0,19.0626,0
46.6382,2.41271,0,0,1.22262,0.0733356,0.36288,3.6288,52.077,0.928228,0,0,0.378521,0.275821,0,0.66528,12.849,1,0.642311,0.36288,0,22.1065,5.56611,16.2609,0.84672,12.849,0.84672,3695.15,0,0.0036966,3.24303e-05,0.204422,1.7699,1.59508,1.4564,2.11297,0.42336,0.0018483,0.21168,0.0018483,0.21168,460.486,0,0.524992,0,0,0.729415,0.204422,1.028160,1,0,18.3739,0,0,0,18.3739,0
45.1268,2.39539,0,0,1.33078,0.0839101,0.36288,3.6288,51.3441,0.834506,0,0,0.365359,0.263757,0,0.66528,12.849,1,0.659938,0.36288,0,16.357,5.12075,10.9392,0.84672,12.849,0.84672,3695.15,0,0.0036966,2.9618e-05,0.204422,1.69531,1.3587,1.40462,1.85379,0.42336,0.0018483,0.21168,0.0018483,0.21168,460.486,0,0.618866,0,0,0.823288,0.204422,1.028160,1,0,12.793,0,0,0,12.793,0
43.3973,2.37843,0,0,1.09426,0.0825053,0.36288,3.6288,51.1672,0.425375,0,0,0.510659,0.262199,0,0.66528,12.849,1,0.677211,0.36288,0,15.8788,5.12075,10.4437,0.84672,12.849,0.84672,3695.15,0,0.0036966,1.53128e-05,0.376428,1.69548,1.53405,1.40462,2.20133,0.42336,0.0018483,0.21168,0.0018483,0.21168,460.486,0,1.02816,0,0,1.40459,0.376428,1.028160,1,0,12.645,0,0,0,12.645,0
41.5036,2.35784,0,0,0.907978,0.0808978,0.36288,3.6288,50.237,0.943032,0,0,0.274656,0.261823,0,0.66528,12.849,1,0.698106,0.36288,0,15.2142,5.12075,9.75821,0.84672,12.849,0.84672,3695.15,0,0.0036966,3.40649e-05,0.216518,1.69566,1.14246,1.40462,1.64998,0.42336,0.0018483,0.21168,0.0018483,0.21168,460.486,0,0.510633,0,0,0.727151,0.216518,1.028160,1,0,11.4082,0,0,0,11.4082,0
39.922,2.27347,0,0,1.16929,0.114557,0.36288,3.6288,49.5511,0.770731,0,0,0.316295,0.231493,0,0.66528,12.849,1,0.703837,0.36288,0,15.7425,4.68291,10.7186,0.84672,12.849,0.84672,3695.15,0,0.0036966,2.83564e-05,0.216518,1.69583,1.22475,1.22588,1.9112,0.42336,0.0018483,0.21168,0.0018483,0.21168,460.486,0,0.616196,0,0,0.832715,0.216518,1.028160,1,0,12.6298,0,0,0,12.6298,0
38.3926,2.2526,0,0,1.206,0.119979,0.36288,3.6288,49.076,0.601319,0,0,0.382615,0.256377,0,0.66528,12.849,1,0.725005,0.36288,0,11.7514,4.96272,6.42659,0.84672,12.849,0.84672,3695.15,0,0.0036966,2.24297e-05,0.216518,1.62953,1.45448,1.062,2.23851,0.42336,0.0018483,0.21168,0.0018483,0.21168,460.486,0,0.785756,0,0,1.00227,0.216518,1.028160,1,0,8.6651,0,0,0,8.6651,0
37.4173,2.23119,0,0,1.73663,0.117872,0.36288,3.6288,49.0823,0.359066,0,0,0.620775,0.255375,0,0.66528,12.849,1,0.74672,0.36288,0,21.1595,4.96272,15.813,0.84672,12.849,0.84672,3695.15,0,0.0036966,1.35231e-05,0.567708,1.62969,2.295,1.062,3.43039,0.42336,0.0018483,0.21168,0.0018483,0.21168,460.486,0,1.02816,0,0,1.59587,0.567708,1.028160,1,0,19.2434,0,0,0,19.2434,0
38.188,2.21692,0,0,3.50766,0.157092,0.36288,3.6288,49.5351,0.359208,0,0,1.05185,0.239842,0,0.66528,12.849,1,0.761286,0.36288,0,27.5183,4.46229,22.6576,0.84672,12.849,0.84672,3695.15,0,0.0036966,1.35267e-05,0.846556,1.62986,3.72096,0.98932,5.20805,0.42336,0.0018483,0.21168,0.0018483,0.21168,460.486,0,1.02816,0,0,1.87472,0.846556,1.028160,1,0,27.8657,0,0,0,27.8657,0
39.2404,2.06081,0,0,3.63455,0.158519,0.36288,3.6288,49.9008,0.219983,0,0,0.826416,0.240739,0,0.66528,12.849,1,0.693393,0.36288,0,27.6133,4.46229,22.8205,0.84672,12.849,0.84672,3695.15,0,0.0036966,8.2082e-06,0.971188,1.63003,2.3638,0.98932,3.97569,0.42336,0.0018483,0.21168,0.0018483,0.21168,460.486,0,1.02816,0,0,1.99935,0.971188,1.028160,1,0,26.7962,0,0,0,26.7962,0
39.9235,2.07503,0,0,3.31397,0.192912,0.36288,3.6288,50.0004,0.22011,0,0,0.501358,0.181722,0,0.66528,12.849,1,0.679454,0.36288,0,27.3331,3.90411,23.1124,0.84672,12.849,0.84672,3695.15,0,0.0036966,8.15277e-06,0.304707,1.48048,2.34744,0.959161,3.17345,0.42336,0.0018483,0.21168,0.0018483,0.21168,460.486,0,1.02816,0,0,1.33287,0.304707,1.028160,1,0,26.2858,0,0,0,26.2858,0
39.758,2.08404,0,0,2.48129,0.199894,0.36288,3.6288,49.8298,0.431271,0,0,0.432649,0.171906,0,0.66528,12.849,1,0.670727,0.36288,0,19.3062,3.81108,15.1872,0.84672,12.849,0.84672,3695.15,0,0.0036966,1.59422e-05,0.292723,1.48063,2.10527,0.954135,2.92448,0.42336,0.0018483,0.21168,0.0018483,0.21168,460.486,0,0.817119,0,0,1.10984,0.292723,1.028160,1,0,18.1117,0,0,0,18.1117,0
39.2718,2.08214,0,0,2.15707,0.198261,0.36288,3.6288,49.6682,0.434699,0,0,0.449159,0.176119,0,0.66528,12.849,1,0.672907,0.36288,0,19.2759,3.97674,14.9892,0.84672,12.849,0.84672,3695.15,0,0.0036966,1.6124e-05,0.412474,1.48078,4.77726,0.992487,5.67801,0.42336,0.0018483,0.21168,0.0018483,0.21168,460.486,0,0.813819,0,0,1.22629,0.412474,1.028160,1,0,20.6672,0,0,0,20.6672,0
39.2992,2.07607,0,0,2.6561,0.18974,0.36288,3.6288,49.5107,0.421953,0,0,0.467063,0.202571,0,0.66528,12.849,1,0.679253,0.36288,0,29.8288,4.9707,24.5418,0.84672,12.849,0.84672,3695.15,0,0.0036966,1.57021e-05,0.412474,1.48093,3.94324,1.2226,4.61403,0.42336,0.0018483,0.21168,0.0018483,0.21168,460.486,0,0.826692,0,0,1.23917,0.412474,1.028160,1,0,29.1558,0,0,0,29.1558,0
39.3315,2.07643,0,0,2.67571,0.204135,0.36288,3.6288,49.2423,0.640014,0,0,0.576284,0.204681,0,0.66528,12.849,1,0.678896,0.36288,0,38.4612,4.76766,33.3775,0.84672,12.849,0.84672,3695.15,0,0.0036966,2.38926e-05,0.412474,1.48108,2.35961,1.31556,2.93758,0.42336,0.0018483,0.21168,0.0018483,0.21168,460.486,0,0.608623,0,0,1.0211,0.412474,1.028160,1,0,36.3151,0,0,0,36.3151,0
39.5069,2.14213,0,0,2.9038,0.223332,0.36288,3.6288,48.9203,0.750779,0,0,0.636121,0.207384,0,0.66528,12.849,1,0.699802,0.36288,0,39.1422,4.49694,34.3084,0.84672,12.849,0.84672,3695.15,0,0.0036966,2.81803e-05,0.412474,1.48108,3.72035,1.4395,4.17437,0.42336,0.0018483,0.21168,0.0018483,0.21168,460.486,0,0.538358,0,0,0.950832,0.412474,1.028160,1,0,38.4827,0,0,0,38.4827,0
38.9744,2.14468,0,0,2.19887,0.223783,0.36288,3.6288,48.1773,1.03116,0,0,0.495063,0.206833,0,0.66528,12.849,1,0.697524,0.36288,0,46.7484,4.49694,41.9168,0.84672,12.849,0.84672,3695.15,0,0.0036966,3.89591e-05,0.503194,1.52861,3.30131,1.4395,3.89357,0.42336,0.0018483,0.21168,0.0018483,0.21168,460.486,0,0.258094,0,0,0.761288,0.503194,1.028160,1,0,45.8103,0,0,0,45.8103,0
38.3217,2.13772,0,0,2.06598,0.218149,0.36288,3.6288,47.3292,1.09811,0,0,0.453355,0.203349,0,0.66528,12.849,1,0.704759,0.36288,0,35.4117,4.48104,30.5888,0.84672,12.849,0.84672,3695.15,0,0.0036966,4.21283e-05,0.503194,1.52875,3.54802,1.41208,4.16784,0.42336,0.0018483,0.21168,0.0018483,0.21168,460.486,0,0.191267,0,0,0.694461,0.503194,1.028160,1,0,34.7567,0,0,0,34.7567,0
37.4741,2.12894,0,0,1.84063,0.196366,0.36288,3.6288,46.437,1.11569,0,0,0.435073,0.211562,0,0.66528,12.849,1,0.713818,0.36288,0,51.4434,4.07529,47.0172,0.84672,12.849,0.84672,3695.15,0,0.0036966,4.357e-05,0.503194,1.5289,3.07425,1.12347,3.98283,0.42336,0.0018483,0.21168,0.0018483,0.21168,460.486,0,0.173802,0,0,0.676996,0.503194,1.028160,1,0,51,0,0,0,51,0
36.4061,2.14132,0,0,1.66906,0.232921,0.36288,3.6288,45.3601,1.37542,0,0,0.536293,0.23784,0,0.66528,12.849,1,0.734207,0.36288,0,51.9488,4.60593,46.9715,0.84672,12.849,0.84672,3695.15,0,0.0036966,5.47447e-05,0.503194,1.52905,4.023,1.32101,4.73417,0.42336,0.0018483,0.21168,0.0018483,0.21168,460.486,0,0.310643,0,0,0.813837,0.503194,1.028160,1,0,51.7057,0,0,0,51.7057,0
35.5317,2.23778,0,0,1.95632,0.229991,0.36288,3.6288,44.2134,1.33842,0,0,0.427201,0.235476,0,0.66528,12.849,1,0.789794,0.36288,0,37.0196,4.60593,31.9868,0.84672,12.849,0.84672,3695.15,0,0.0036966,5.45372e-05,0.503194,1.84158,3.09798,1.32101,4.12169,0.42336,0.0018483,0.21168,0.0018483,0.21168,460.486,0,0.196012,0,0,0.699206,0.503194,1.028160,1,0,36.1085,0,0,0,36.1085,0
35.776,2.22383,0,0,3.06336,0.232336,0.36288,3.6288,43.0672,1.43239,0,0,0.497505,0.21127,0,0.66528,12.849,1,0.804184,0.36288,0,42.1604,4.20268,37.5164,0.84672,12.849,0.84672,3695.15,0,0.0036966,5.98797e-05,0.608429,1.75294,3.50832,1.20261,4.66702,0.42336,0.0018483,0.21168,0.0018483,0.21168,460.486,0,0.102042,0,0,0.710471,0.608429,1.028160,1,0,42.1835,0,0,0,42.1835,0
35.7724,2.2282,0,0,2.82677,0.239364,0.36288,3.6288,42.2401,1.22945,0,0,0.58268,0.180382,0,0.66528,12.849,1,0.80026,0.36288,0,43.1669,3.66503,39.0645,0.84672,12.849,0.84672,3695.15,0,0.0036966,5.27637e-05,0.608429,1.75302,4.1177,1.04475,5.43435,0.42336,0.0018483,0.21168,0.0018483,0.21168,460.486,0,0.304991,0,0,0.91342,0.608429,1.028160,1,0,44.4989,0,0,0,44.4989,0
35.2187,1.93735,0,0,1.97751,0.230965,0.36288,3.6288,41.2779,1.08639,0,0,0.333425,0.20918,0,0.66528,12.849,1,0.695874,0.36288,0,54.2981,4.08198,49.8831,0.84672,12.849,0.84672,3695.15,0,0.0036966,4.75371e-05,0.608429,1.7531,4.67445,0.955004,6.08093,0.42336,0.0018483,0.21168,0.0018483,0.21168,460.486,0,0.244477,0,0,0.852906,0.608429,1.028160,1,0,55.964,0,0,0,55.964,0
35.4473,1.78048,0,0,2.60144,0.229428,0.36288,3.6288,40.4923,1.26853,0,0,0.690122,0.207248,0,0.66528,12.849,1,0.649581,0.36288,0,52.1462,4.08198,47.7775,0.84672,12.849,0.84672,3695.15,0,0.0036966,5.68011e-05,0.608429,1.52175,4.93708,0.955004,6.11219,0.42336,0.0018483,0.21168,0.0018483,0.21168,460.486,0,0.265881,0,0,0.87431,0.608429,1.028160,1,0,53.8897,0,0,0,53.8897,0
36.8147,1.78384,0,0,3.74412,0.230063,0.36288,3.6288,40.2069,0.960844,0,0,0.881116,0.20567,0,0.66528,12.849,1,0.646607,0.36288,0,66.0396,4.08198,61.6739,0.84672,12.849,0.84672,3695.15,0,0.0036966,4.38584e-05,0.558835,1.64094,5.02411,0.955004,6.26884,0.42336,0.0018483,0.21168,0.0018483,0.21168,460.486,0,0.573584,0,0,1.13242,0.558835,1.028160,1,0,67.9427,0,0,0,67.9427,0
37.7274,1.80192,0,0,3.31142,0.233858,0.36288,3.6288,39.5892,1.14192,0,0,0.729363,0.205096,0,0.66528,12.849,1,0.628905,0.36288,0,49.3201,4.08198,44.9721,0.84672,12.849,0.84672,3695.15,0,0.0036966,5.24938e-05,0.558835,1.64102,4.78268,0.955004,6.02747,0.42336,0.0018483,0.21168,0.0018483,0.21168,460.486,0,0.392498,0,0,0.951333,0.558835,1.028160,1,0,50.9995,0,0,0,50.9995,0
38.0766,1.81356,0,0,2.7595,0.233891,0.36288,3.6288,39.1806,0.955193,0,0,0.735841,0.189243,0,0.66528,12.849,1,0.617653,0.36288,0,48.2187,4.19151,43.7724,0.84672,12.849,0.84672,3695.15,0,0.0036966,4.4595e-05,0.558835,1.64109,4.56422,0.877957,5.88614,0.42336,0.0018483,0.21168,0.0018483,0.21168,460.486,0,0.579234,0,0,1.13807,0.558835,1.028160,1,0,49.6586,0,0,0,49.6586,0
39.3005,1.89259,0,0,3.70424,0.224903,0.36288,3.6288,39.3836,0.556112,0,0,0.947877,0.1888,0,0.66528,12.849,1,0.638656,0.36288,0,62.2019,4.25513,57.671,0.84672,12.849,0.84672,3695.15,0,0.0036966,2.62339e-05,0.762584,1.64116,4.65779,0.853388,6.20812,0.42336,0.0018483,0.21168,0.0018483,0.21168,460.486,0,1.02816,0,0,1.79074,0.762584,1.028160,1,0,63.8791,0,0,0,63.8791,0
38.9211,2.13054,0,0,2.34221,0.228122,0.36288,3.6288,39.1402,0.673778,0,0,0.619544,0.189163,0,0.66528,12.849,1,0.696563,0.36288,0,43.4379,4.25513,38.8491,0.84672,12.849,0.84672,3695.15,0,0.0036966,3.16209e-05,0.528595,1.6984,2.72757,0.853388,4.10115,0.42336,0.0018483,0.21168,0.0018483,0.21168,460.486,0,0.615021,0,0,1.14362,0.528595,1.028160,1,0,42.9502,0,0,0,42.9502,0
38.0035,2.12564,0,0,1.79804,0.227124,0.36288,3.6288,38.5358,0.907586,0,0,0.491944,0.188727,0,0.66528,12.849,1,0.701735,0.36288,0,29.4303,4.25513,24.8363,0.84672,12.849,0.84672,3695.15,0,0.0036966,4.28585e-05,0.528595,1.52557,2.52614,0.853388,3.72687,0.42336,0.0018483,0.21168,0.0018483,0.21168,460.486,0,0.381326,0,0,0.909922,0.528595,1.028160,1,0,28.5631,0,0,0,28.5631,0
37.0873,1.92979,0,0,1.58452,0.20805,0.36288,3.6288,37.5716,1.22206,0,0,0.434358,0.176539,0,0.66528,12.849,1,0.652463,0.36288,0,31.1687,3.91547,26.9637,0.84672,12.849,0.84672,3695.15,0,0.0036966,5.86141e-05,0.528595,1.52572,2.28807,0.85003,3.49229,0.42336,0.0018483,0.21168,0.0018483,0.21168,460.486,0,0.312353,0,0,0.840948,0.528595,1.028160,1,0,30.456,0,0,0,30.456,0
36.1118,1.88917,0,0,1.4608,0.184306,0.36288,3.6288,36.4501,1.3325,0,0,0.396859,0.185851,0,0.66528,12.849,1,0.654507,0.36288,0,27.6438,4.53275,22.8194,0.84672,12.849,0.84672,3695.15,0,0.0036966,6.5551e-05,0.528595,1.66947,1.85427,0.99921,3.05306,0.42336,0.0018483,0.21168,0.0018483,0.21168,460.486,0,0.182555,0,0,0.71115,0.528595,1.028160,1,0,25.8725,0,0,0,25.8725,0
34.9342,2.05722,0,0,1.42466,0.182179,0.36288,3.6288,35.7133,0.996513,0,0,0.443611,0.183846,0,0.66528,12.849,1,0.731984,0.36288,0,26.7767,4.53275,21.8748,0.84672,12.849,0.84672,3695.15,0,0.0036966,5.05309e-05,0.528595,1.64728,2.19482,0.99921,3.37144,0.42336,0.0018483,0.21168,0.0018483,0.21168,460.486,0,0.273404,0,0,0.801999,0.528595,1.028160,1,0,25.2462,0,0,0,25.2462,0
33.7529,2.03938,0,0,1.40064,0.179611,0.36288,3.6288,34.9958,0.977558,0,0,0.442497,0.182528,0,0.66528,12.849,1,0.750096,0.36288,0,25.9058,4.53275,20.9859,0.84672,12.849,0.84672,3695.15,0,0.0036966,5.05923e-05,0.402797,1.50389,1.88256,0.99921,2.78999,0.42336,0.0018483,0.21168,0.0018483,0.21168,460.486,0,0.292481,0,0,0.695278,0.402797,1.028160,1,0,23.7759,0,0,0,23.7759,0
32.5069,2.02056,0,0,1.29798,0.16056,0.36288,3.6288,34.189,0.99337,0,0,0.355324,0.168714,0,0.66528,12.849,1,0.769182,0.36288,0,23.9713,4.07717,19.4879,0.84672,12.849,0.84672,3695.15,0,0.0036966,5.24648e-05,0.402797,1.50404,1.76515,0.996671,2.67526,0.42336,0.0018483,0.21168,0.0018483,0.21168,460.486,0,0.276791,0,0,0.679588,0.402797,1.028160,1,0,22.1631,0,0,0,22.1631,0
31.0605,2.09447,0,0,1.13865,0.127717,0.36288,3.6288,33.2802,1.08485,0,0,0.36519,0.189089,0,0.66528,12.849,1,0.827883,0.36288,0,21.6441,4.39814,16.7809,0.84672,12.849,0.84672,3695.15,0,0.0036966,5.86483e-05,0.402797,1.50418,1.69562,1.02146,2.58108,0.42336,0.0018483,0.21168,0.0018483,0.21168,460.486,0,0.254109,0,0,0.656906,0.402797,1.028160,1,0,19.362,0,0,0,19.362,0
29.6032,2.07592,0,0,1.10533,0.123795,0.36288,3.6288,32.2789,1.15133,0,0,0.340378,0.190414,0,0.66528,12.849,1,0.84672,0.36288,0,20.2032,4.43268,15.2867,0.84672,12.849,0.84672,3695.15,0,0.0036966,6.3942e-05,0.402797,1.5822,1.56755,1.03152,2.52096,0.42336,0.0018483,0.21168,0.0018483,0.21168,460.486,0,0.187751,0,0,0.590547,0.402797,1.028160,1,0,17.8076,0,0,0,17.8076,0
28.021,2.07619,0,0,0.968967,0.112131,0.36288,3.6288,31.3104,1.08981,0,0,0.317091,0.195739,0,0.66528,12.849,1,0.84672,0.36288,0,18.0505,4.53978,13.0269,0.84672,12.849,0.84672,3695.15,0,0.0036966,6.24031e-05,0.30119,1.58235,1.52086,1.05888,2.34546,0.42336,0.0018483,0.21168,0.0018483,0.21168,460.486,0,0.249401,0,0,0.550591,0.30119,1.028160,1,0,15.3724,0,0,0,15.3724,0
26.4113,2.07647,0,0,0.916739,0.0870353,0.36288,3.6288,30.2868,1.11652,0,0,0.304868,0.211925,0,0.66528,12.849,1,0.84672,0.36288,0,16.5005,4.80753,11.2091,0.84672,12.849,0.84672,3695.15,0,0.0036966,6.59099e-05,0.30119,1.5825,1.46309,1.12729,2.21943,0.42336,0.0018483,0.21168,0.0018483,0.21168,460.486,0,0.222818,0,0,0.524008,0.30119,1.028160,1,0,13.4286,0,0,0,13.4286,0
25.1876,2.07674,0,0,1.29635,0.0804731,0.36288,3.6288,29.5685,0.864477,0,0,0.370666,0.224531,0,0.66528,12.849,1,0.84672,0.36288,0,21.9607,5.06817,16.4087,0.84672,12.849,0.84672,3695.15,0,0.0036966,5.2756e-05,0.30119,1.58266,1.8968,1.17359,2.607,0.42336,0.0018483,0.21168,0.0018483,0.21168,460.486,0,0.475005,0,0,0.776195,0.30119,1.028160,1,0,19.0157,0,0,0,19.0157,0
24.2461,2.05083,0,0,1.54791,0.0756713,0.36288,3.6288,29.0425,0.714223,0,0,0.422077,0.233891,0,0.66528,12.849,1,0.84672,0.36288,0,25.7652,5.26365,20.0177,0.84672,12.849,0.84672,3695.15,0,0.0036966,4.46454e-05,0.30119,1.58281,2.09657,1.20831,2.77222,0.42336,0.0018483,0.21168,0.0018483,0.21168,460.486,0,0.663163,0,0,0.964354,0.30119,1.028160,1,0,22.7899,0,0,0,22.7899,0
23.2387,2.05111,0,0,1.46807,0.0615187,0.36288,3.6288,28.501,0.683149,0,0,0.400607,0.258947,0,0.66528,12.849,1,0.84672,0.36288,0,24.5222,5.81023,18.2281,0.84672,12.849,0.84672,3695.15,0,0.0036966,4.34765e-05,0.261274,1.60723,2.0117,1.38298,2.49718,0.42336,0.0018483,0.21168,0.0018483,0.21168,460.486,0,0.694371,0,0,0.955644,0.261274,1.028160,1,0,20.7253,0,0,0,20.7253,0
22.1339,2.05138,0,0,1.37146,0.0619516,0.36288,3.6288,27.9795,0.66424,0,0,0.394764,0.251991,0,0.66528,12.849,1,0.84672,0.36288,0,23.9649,6.04936,17.4317,0.84672,12.849,0.84672,3695.15,0,0.0036966,4.30763e-05,0.261274,1.60739,1.98783,1.40201,2.45444,0.42336,0.0018483,0.21168,0.0018483,0.21168,460.486,0,0.713413,0,0,0.974687,0.261274,1.028160,1,0,19.8862,0,0,0,19.8862,0
20.9227,2.05165,0,0,1.26321,0.0599549,0.36288,3.6288,27.3502,0.754517,0,0,0.374463,0.249217,0,0.66528,12.849,1,0.84672,0.36288,0,21.8358,6.00333,15.3486,0.84672,12.849,0.84672,3695.15,0,0.0036966,4.98427e-05,0.261274,1.60754,1.78459,1.40444,2.24892,0.42336,0.0018483,0.21168,0.0018483,0.21168,460.486,0,0.623264,0,0,0.884537,0.261274,1.028160,1,0,17.5975,0,0,0,17.5975,0
19.7114,2.11957,0,0,1.32371,0.0525597,0.36288,3.6288,26.6909,0.860284,0,0,0.440737,0.239821,0,0.66528,12.849,1,0.84672,0.36288,0,24.4637,5.72712,18.2528,0.84672,12.849,0.84672,3695.15,0,0.0036966,5.81371e-05,0.261274,1.6077,1.80284,1.41904,2.25271,0.42336,0.0018483,0.21168,0.0018483,0.21168,460.486,0,0.551293,0,0,0.812566,0.261274,1.028160,1,0,20.5055,0,0,0,20.5055,0
18.4315,2.11984,0,0,1.25455,0.0516866,0.36288,3.6288,26.0659,0.78123,0,0,0.394298,0.238047,0,0.66528,12.849,1,0.84672,0.36288,0,21.6158,5.72712,15.4049,0.84672,12.849,0.84672,3695.15,0,0.0036966,5.4099e-05,0.261274,1.64655,1.88301,1.41904,2.37173,0.42336,0.0018483,0.21168,0.0018483,0.21168,460.486,0,0.630487,0,0,0.89176,0.261274,1.028160,1,0,17.7766,0,0,0,17.7766,0
17.0705,2.12012,0,0,1.17277,0.0507641,0.36288,3.6288,25.3701,0.824226,0,0,0.364815,0.236366,0,0.66528,12.849,1,0.84672,0.36288,0,20.5534,5.72712,14.3424,0.84672,12.849,0.84672,3695.15,0,0.0036966,5.84448e-05,0.227405,1.64671,1.65228,1.41904,2.10729,0.42336,0.0018483,0.21168,0.0018483,0.21168,460.486,0,0.587624,0,0,0.815028,0.227405,1.028160,1,0,16.4497,0,0,0,16.4497,0
15.6945,2.12039,0,0,1.15702,0.0497832,0.36288,3.6288,24.7609,0.769423,0,0,0.394695,0.234494,0,0.66528,12.849,1,0.84672,0.36288,0,19.0717,5.72712,12.8607,0.84672,12.849,0.84672,3695.15,0,0.0036966,5.60551e-05,0.227405,1.64686,1.86853,1.41904,2.3237,0.42336,0.0018483,0.21168,0.0018483,0.21168,460.486,0,0.642565,0,0,0.86997,0.227405,1.028160,1,0,15.1844,0,0,0,15.1844,0
14.0188,2.31882,0,0,1.04957,0.0435126,0.36288,3.6288,23.9523,0.975348,0,0,0.391147,0.22436,0,0.66528,12.849,1,0.84672,0.36288,0,18.6284,5.52732,12.6173,0.84672,12.849,0.84672,3695.15,0,0.0036966,7.28058e-05,0.227405,1.64702,1.82981,1.40269,2.30147,0.42336,0.0018483,0.21168,0.0018483,0.21168,460.486,0,0.558343,0,0,0.785748,0.227405,1.028160,1,0,14.9188,0,0,0,14.9188,0
12.2078,2.3191,0,0,0.918,0.0470211,0.36288,3.6288,23.0382,1.06284,0,0,0.362437,0.21374,0,0.66528,12.849,1,0.84672,0.36288,0,16.8979,5.23803,11.176,0.84672,12.849,0.84672,3695.15,0,0.0036966,8.20147e-05,0.227405,1.77826,1.54099,1.35432,2.19225,0.42336,0.0018483,0.21168,0.0018483,0.21168,460.486,0,0.470992,0,0,0.698397,0.227405,1.028160,1,0,13.3682,0,0,0,13.3682,0
10.6215,2.31936,0,0,1.14113,0.0451888,0.36288,3.6288,22.2514,0.960529,0,0,0.385199,0.211461,0,0.66528,12.849,1,0.84672,0.36288,0,17.2894,5.23803,11.5675,0.84672,12.849,0.84672,3695.15,0,0.0036966,7.7061e-05,0.204422,1.77843,2.27782,1.35432,2.90628,0.42336,0.0018483,0.21168,0.0018483,0.21168,460.486,0,0.573454,0,0,0.777876,0.204422,1.028160,1,0,14.4738,0,0,0,14.4738,0
8.81526,2.31961,0,0,0.919814,0.0435839,0.36288,3.6288,21.3685,1.02866,0,0,0.355258,0.209457,0,0.66528,12.849,1,0.84672,0.36288,0,15.9516,5.23803,10.2297,0.84672,12.849,0.84672,3695.15,0,0.0036966,8.54448e-05,0.204422,1.7786,1.5489,1.35432,2.17752,0.42336,0.0018483,0.21168,0.0018483,0.21168,460.486,0,0.505466,0,0,0.709888,0.204422,1.028160,1,0,12.4072,0,0,0,12.4072,0
6.87475,2.31984,0,0,0.78916,0.0469568,0.36288,3.6288,20.5057,1.00106,0,0,0.341033,0.202793,0,0.66528,12.849,1,0.84672,0.36288,0,15.4843,5.30164,9.69878,0.84672,12.849,0.84672,3695.15,0,0.0036966,8.65881e-05,0.204422,1.77878,1.39728,1.31318,2.06721,0.42336,0.0018483,0.21168,0.0018483,0.21168,460.486,0,0.533209,0,0,0.737631,0.204422,1.028160,1,0,11.766,0,0,0,11.766,0
4.95463,2.22339,0,0,0.707296,0.0411512,0.36288,3.6288,19.6488,0.979907,0,0,0.317623,0.194635,0,0.66528,12.849,1,0.84672,0.36288,0,15.0836,5.28287,9.31692,0.84672,12.849,0.84672,3695.15,0,0.0036966,8.83247e-05,0.204422,1.77895,1.22215,1.2786,1.92683,0.42336,0.0018483,0.21168,0.0018483,0.21168,460.486,0,0.480679,0,0,0.685101,0.204422,1.028160,1,0,11.2437,0,0,0,11.2437,0
3.05972,2.22346,0,0,0.737942,0.0465106,0.36288,3.6288,18.7593,1.01311,0,0,0.305774,0.182171,0,0.66528,12.849,1,0.84672,0.36288,0,14.4982,5.07523,8.9391,0.84672,12.849,0.84672,3695.15,0,0.0036966,9.52997e-05,0.216518,1.70397,1.22988,1.2137,1.93657,0.42336,0.0018483,0.21168,0.0018483,0.21168,460.486,0,0.447612,0,0,0.664131,0.216518,1.028160,1,0,10.8757,0,0,0,10.8757,0
2.52707,2.22324,0,0,2.14075,0.0872844,0.36288,3.6288,18.7064,0.653959,0,0,0.720536,0.119477,0,0.66528,12.849,1,0.84672,0.36288,0,43.6978,3.82945,39.3845,0.84672,12.849,0.84672,3695.15,0,0.0036966,6.44327e-05,0.216518,1.70413,3.23026,0.824316,4.32653,0.42336,0.0018483,0.21168,0.0018483,0.21168,460.486,0,0.806933,0,0,1.02345,0.216518,1.028160,1,0,43.711,0,0,0,43.711,0
1.42765,2.22325,0,0,1.57222,0.0855049,0.36288,3.6288,18.4439,0.654886,0,0,0.511741,0.119389,0,0.66528,12.849,1,0.84672,0.36288,0,37.9301,3.82945,33.6168,0.84672,12.849,0.84672,3695.15,0,0.0036966,6.47065e-05,0.216518,1.7043,1.82109,0.824316,2.91752,0.42336,0.0018483,0.21168,0.0018483,0.21168,460.486,0,0.806147,0,0,1.02266,0.216518,1.028160,1,0,36.5343,0,0,0,36.5343,0
3.02273,1.42765,0,0,3.46914,0.0835357,0.36288,3.6288,19.1127,0.365811,0,0,1.15941,0.124721,0,0.66528,12.849,1,0.84672,0.36288,0,75.5343,3.5953,71.4552,0.84672,12.849,0.84672,3695.15,0,0.0036966,3.66587e-05,1.15944,1.70446,4.36638,1.01842,6.21182,0.42336,0.0018483,0.21168,0.0018483,0.21168,460.486,0,1.02816,0,0,2.1876,1.15944,1.028160,1,0,77.667,0,0,0,77.667,0
3.69376,2.1448,0,0,3.26769,0.0889753,0.36288,3.6288,19.5297,0.365947,0,0,0.908738,0.125884,0,0.66528,12.849,1,0.84672,0.36288,0,73.5428,3.5953,69.4637,0.84672,12.849,0.84672,3695.15,0,0.0036966,3.53889e-05,1.02273,1.63781,5.80174,1.01842,7.44383,0.42336,0.0018483,0.21168,0.0018483,0.21168,460.486,0,1.02816,0,0,2.05089,1.02273,1.028160,1,0,76.9075,0,0,0,76.9075,0
4.53485,2.14533,0,0,3.44056,0.0912636,0.36288,3.6288,20.4257,0.366082,0,0,1.38876,0.126609,0,0.66528,12.849,1,0.84672,0.36288,0,86.4985,3.5953,82.4194,0.84672,12.849,0.84672,3695.15,0,0.0036966,3.46463e-05,1.33251,1.63797,6.85163,1.01842,8.80366,0.42336,0.0018483,0.21168,0.0018483,0.21168,460.486,0,1.02816,0,0,2.36067,1.33251,1.028160,1,0,91.223,0,0,0,91.223,0
5.32973,2.14582,0,0,3.39771,0.0941319,0.36288,3.6288,21.3726,0.366219,0,0,1.44122,0.128167,0,0.66528,12.849,1,0.84672,0.36288,0,68.1618,3.5953,64.0827,0.84672,12.849,0.84672,3695.15,0,0.0036966,3.31387e-05,1.80556,1.63813,8.14854,1.01842,10.5738,0.42336,0.0018483,0.21168,0.0018483,0.21168,460.486,0,1.02816,0,0,2.83372,1.80556,1.028160,1,0,74.6565,0,0,0,74.6565,0
7.90415,1.92085,0,0,4.94402,0.0858687,0.36288,3.6288,22.644,0.22629,0,0,1.66819,0.17048,0,0.66528,12.849,1,0.84672,0.36288,0,90.0547,3.72046,85.8504,0.84672,12.849,0.84672,3695.15,0,0.0036966,1.95695e-05,1.99523,1.63829,7.44765,1.02501,10.0561,0.42336,0.0018483,0.21168,0.0018483,0.21168,460.486,0,1.02816,0,0,3.02339,1.99523,1.028160,1,0,95.9065,0,0,0,95.9065,0
11.1831,1.92134,0,0,5.66947,0.106319,0.36288,3.6288,24.0797,0.226412,0,0,1.83981,0.177627,0,0.66528,12.849,1,0.84672,0.36288,0,125.667,4.06492,121.118,0.84672,12.849,0.84672,3695.15,0,0.0036966,1.84807e-05,2.50852,1.48797,8.94447,1.07289,11.8681,0.42336,0.0018483,0.21168,0.0018483,0.21168,460.486,0,1.02816,0,0,3.53668,2.50852,1.028160,1,0,132.986,0,0,0,132.986,0
15.2368,1.92174,0,0,6.47774,0.139404,0.36288,3.6288,25.7161,0.226534,0,0,2.03584,0.172908,0,0.66528,12.849,1,0.84672,0.36288,0,191.687,4.05174,187.151,0.84672,12.849,0.84672,3695.15,0,0.0036966,1.73882e-05,2.64722,1.48812,9.16281,1.05787,12.2403,0.42336,0.0018483,0.21168,0.0018483,0.21168,460.486,0,1.02816,0,0,3.67538,2.64722,1.028160,1,0,199.392,0,0,0,199.392,0
18.7814,1.92209,0,0,5.98196,0.152353,0.36288,3.6288,27.2465,0.226657,0,0,1.93325,0.176202,0,0.66528,12.849,1,0.84672,0.36288,0,145.892,4.05174,141.357,0.84672,12.849,0.84672,3695.15,0,0.0036966,1.62905e-05,2.42336,1.48826,8.78774,1.05787,11.6415,0.42336,0.0018483,0.21168,0.0018483,0.21168,460.486,0,1.02816,0,0,3.45152,2.42336,1.028160,1,0,152.998,0,0,0,152.998,0
21.5294,1.9224,0,0,5.19668,0.163471,0.36288,3.6288,28.3185,0.226779,0,0,1.48222,0.183479,0,0.66528,12.849,1,0.84672,0.36288,0,156.628,4.30596,151.838,0.84672,12.849,0.84672,3695.15,0,0.0036966,1.53838e-05,1.74944,1.4884,7.68646,1.1566,9.76769,0.42336,0.0018483,0.21168,0.0018483,0.21168,460.486,0,1.02816,0,0,2.7776,1.74944,1.028160,1,0,161.606,0,0,0,161.606,0
21.6996,2.00945,0,0,2.71794,0.175396,0.36288,3.6288,28.2939,0.554714,0,0,0.726465,0.196324,0,0.66528,12.849,1,0.84672,0.36288,0,74.4509,4.94151,69.0255,0.84672,12.849,0.84672,3695.15,0,0.0036966,3.62052e-05,0.412474,1.48855,3.87819,1.40342,4.37575,0.42336,0.0018483,0.21168,0.0018483,0.21168,460.486,0,0.740906,0,0,1.15338,0.412474,1.028160,1,0,73.4013,0,0,0,73.4013,0
21.6231,2.00971,0,0,2.47192,0.175802,0.36288,3.6288,28.7257,0.324332,0,0,0.952335,0.196269,0,0.66528,12.849,1,0.84672,0.36288,0,69.1191,4.94151,63.6938,0.84672,12.849,0.84672,3695.15,0,0.0036966,2.1187e-05,0.503194,1.5363,3.5249,1.40342,4.16095,0.42336,0.0018483,0.21168,0.0018483,0.21168,460.486,0,0.971421,0,0,1.47461,0.503194,1.028160,1,0,67.8547,0,0,0,67.8547,0
27.8703,2.00997,0,0,8.77942,0.159391,0.36288,3.6288,30.8069,0.267715,0,0,2.53356,0.184571,0,0.66528,12.849,1,0.84672,0.36288,0,204.385,3.94495,199.956,0.84672,12.849,0.84672,3695.15,0,0.0036966,1.72256e-05,3.08252,1.53644,13.9421,1.19926,17.3618,0.42336,0.0018483,0.21168,0.0018483,0.21168,460.486,0,1.02816,0,0,4.11068,3.08252,1.028160,1,0,217.318,0,0,0,217.318,0
29.3493,2.01027,0,0,4.02612,0.173992,0.36288,3.6288,31.8959,0.267834,0,0,1.54573,0.188918,0,0.66528,12.849,1,0.84672,0.36288,0,104.38,3.94495,99.951,0.84672,12.849,0.84672,3695.15,0,0.0036966,1.6069e-05,1.51094,1.53658,6.60412,1.19926,8.45236,0.42336,0.0018483,0.21168,0.0018483,0.21168,460.486,0,1.02816,0,0,2.5391,1.51094,1.028160,1,0,108.403,0,0,0,108.403,0
32.977,2.28922,0,0,6.4928,0.212954,0.36288,3.6288,33.1075,0.420341,0,0,1.80821,0.176228,0,0.66528,12.849,1,0.84672,0.36288,0,137.863,3.91903,133.46,0.84672,12.849,0.84672,3695.15,0,0.0036966,2.43579e-05,3.3575,1.53672,13.5289,1.15059,17.2725,0.42336,0.0018483,0.21168,0.0018483,0.21168,460.486,0,1.02816,0,0,4.38566,3.3575,1.028160,1,0,150.733,0,0,0,150.733,0
36.1583,2.28952,0,0,6.05662,0.222956,0.36288,3.6288,34.5013,0.420474,0,0,2.01165,0.197429,0,0.66528,12.849,1,0.84672,0.36288,0,179.738,4.56825,174.686,0.84672,12.849,0.84672,3695.15,0,0.0036966,2.34739e-05,3.2567,1.70683,11.7655,1.18558,15.5434,0.42336,0.0018483,0.21168,0.0018483,0.21168,460.486,0,1.02816,0,0,4.28486,3.2567,1.028160,1,0,190.229,0,0,0,190.229,0
45.4614,2.31418,0,0,12.2111,0.230849,0.36288,3.6288,36.8286,0.420607,0,0,2.92344,0.175487,0,0.66528,12.849,1,0.822355,0.36288,0,147.952,4.16766,143.325,0.84672,12.849,0.84672,3695.15,0,0.0036966,2.25327e-05,5.24735,1.70699,20.1365,1.10104,25.9897,0.42336,0.0018483,0.21168,0.0018483,0.21168,460.486,0,1.02816,0,0,6.27551,5.24735,1.028160,1,0,169.315,0,0,0,169.315,0
48.0962,2.44562,0,0,5.70051,0.25725,0.36288,3.6288,37.9239,0.420741,0,0,1.69552,0.179536,0,0.66528,12.849,1,0.691219,0.36288,0,270.9,4.16766,266.404,0.84672,12.849,0.84672,3695.15,0,0.0036966,2.11155e-05,2.76519,1.70714,11.9142,1.10104,15.2855,0.42336,0.0018483,0.21168,0.0018483,0.21168,460.486,0,1.02816,0,0,3.79335,2.76519,1.028160,1,0,281.69,0,0,0,281.69,0
51.6509,2.16192,0,0,6.35612,0.276568,0.36288,3.6288,39.1293,0.21629,0,0,1.5683,0.146568,0,0.66528,12.849,1,0.577562,0.36288,0,109.936,3.92133,105.8,0.84672,12.849,0.84672,3695.15,0,0.0036966,1.05413e-05,2.17177,1.7073,13.5958,0.920649,16.5542,0.42336,0.0018483,0.21168,0.0018483,0.21168,460.486,0,1.02816,0,0,3.19993,2.17177,1.028160,1,0,122.354,0,0,0,122.354,0
53.4916,2.19395,0,0,4.68672,0.289248,0.36288,3.6288,40.144,0.216404,0,0,1.37349,0.142383,0,0.66528,12.849,1,0.545781,0.36288,0,102.324,3.88028,98.2612,0.84672,12.849,0.84672,3695.15,0,0.0036966,1.0222e-05,2.05326,1.47486,8.28801,0.890584,10.9255,0.42336,0.0018483,0.21168,0.0018483,0.21168,460.486,0,1.02816,0,0,3.08142,2.05326,1.028160,1,0,109.187,0,0,0,109.187,0
59.7092,2.2093,0,0,9.0653,0.275523,0.36288,3.6288,41.9032,0.216518,0,0,2.1093,0.133596,0,0.66528,12.849,1,0.530687,0.36288,0,133.018,3.70589,129.144,0.84672,12.849,0.84672,3695.15,0,0.0036966,9.96884e-06,3.61476,1.475,19.6411,0.865533,23.8653,0.42336,0.0018483,0.21168,0.0018483,0.21168,460.486,0,1.02816,0,0,4.64292,3.61476,1.028160,1,0,153.01,0,0,0,153.01,0
63.4307,2.25499,0,0,6.67881,0.339398,0.36288,3.6288,43.9369,0.216631,0,0,2.43122,0.180852,0,0.66528,12.849,1,0.485257,0.36288,0,135.188,4.18613,130.88,0.84672,12.849,0.84672,3695.15,0,0.0036966,9.55535e-06,3.53174,1.47513,13.3981,0.977482,17.4275,0.42336,0.0018483,0.21168,0.0018483,0.21168,460.486,0,1.02816,0,0,4.5599,3.53174,1.028160,1,0,148.307,0,0,0,148.307,0
70.123,2.27887,0,0,9.63222,0.298184,0.36288,3.6288,46.0597,0.216746,0,0,2.50282,0.163299,0,0.66528,12.849,1,0.461625,0.36288,0,165.528,3.79428,161.635,0.84672,12.849,0.84672,3695.15,0,0.0036966,9.11786e-06,4.85609,1.47527,21.1448,0.876944,26.5992,0.42336,0.0018483,0.21168,0.0018483,0.21168,460.486,0,1.02816,0,0,5.88425,4.85609,1.028160,1,0,188.234,0,0,0,188.234,0
72.29,2.40095,0,0,9.39669,0.304282,4.52447,3.6288,48.2101,0.266931,0,0,2.5806,0.163326,0,0.66528,12.849,1,0.439939,4.52447,0,203.459,3.7464,203.797,0.84672,12.849,0.84672,3695.15,0,0.0036966,1.07115e-05,4.6415,1.4754,17.0737,0.80152,22.3891,0.42336,0.0018483,0.21168,0.0018483,0.21168,460.486,0,1.02816,0,0,5.66966,4.6415,1.028160,1,0,226.186,0,0,0,226.186,0
72.29,2.41237,0,0,7.82862,0.309369,5.10688,3.6288,49.9934,0.26705,0,0,2.21679,0.16639,0,0.66528,12.849,1,0.428781,5.10688,0,152.016,3.7464,152.948,0.84672,12.849,0.84672,3695.15,0,0.0036966,1.02383e-05,4.64819,1.53299,12.8117,0.80152,18.1914,0.42336,0.0018483,0.21168,0.0018483,0.21168,460.486,0,1.02816,0,0,5.67635,4.64819,1.028160,1,0,171.14,0,0,0,171.14,0
72.29,2.41259,0,0,6.26422,0.264101,3.58753,3.6288,51.1052,0.267169,0,0,1.54322,0.164245,0,0.66528,12.849,1,0.42882,3.58753,0,132.319,4.04295,131.435,0.84672,12.849,0.84672,3695.15,0,0.0036966,9.87745e-06,2.87359,1.53313,8.89782,0.820803,12.4837,0.42336,0.0018483,0.21168,0.0018483,0.21168,460.486,0,1.02816,0,0,3.90175,2.87359,1.028160,1,0,143.918,0,0,0,143.918,0
72.29,2.41281,0,0,5.72635,0.253274,3.06026,3.6288,52.0639,0.267287,0,0,1.39459,0.168619,0,0.66528,12.849,1,0.428859,3.06026,0,121.029,4.10206,119.558,0.84672,12.849,0.84672,3695.15,0,0.0036966,9.66685e-06,2.27182,1.53327,8.31686,0.840509,11.2814,0.42336,0.0018483,0.21168,0.0018483,0.21168,460.486,0,1.02816,0,0,3.29998,2.27182,1.028160,1,0,130.84,0,0,0,130.84,0
72.29,2.37978,0,0,6.56251,0.233577,3.94916,3.6288,53.1599,0.247951,0,0,1.536,0.192025,0,0.66528,12.849,1,0.422987,3.94916,0,114.591,4.1602,113.957,0.84672,12.849,0.84672,3695.15,0,0.0036966,8.80239e-06,3.24858,1.53341,10.0521,0.939463,13.8946,0.42336,0.0018483,0.21168,0.0018483,0.21168,460.486,0,1.02816,0,0,4.27674,3.24858,1.028160,1,0,127.851,0,0,0,127.851,0
72.29,2.37999,0,0,5.93063,0.233577,3.31706,3.6288,54.1188,0.248067,0,0,1.40067,0.193721,0,0.66528,12.849,1,0.423026,3.31706,0,114.259,4.1602,112.993,0.84672,12.849,0.84672,3695.15,0,0.0036966,8.62496e-06,2.52516,1.51118,8.08695,0.939463,11.1838,0.42336,0.0018483,0.21168,0.0018483,0.21168,460.486,0,1.02816,0,0,3.55332,2.52516,1.028160,1,0,124.176,0,0,0,124.176,0
72.29,2.38021,0,0,5.56891,0.233577,2.95512,3.6288,54.9645,0.248184,0,0,1.28896,0.195131,0,0.66528,12.849,1,0.423064,2.95512,0,102.286,4.1602,100.657,0.84672,12.849,0.84672,3695.15,0,0.0036966,8.47613e-06,1.94182,1.51132,7.46539,0.939463,9.97906,0.42336,0.0018483,0.21168,0.0018483,0.21168,460.486,0,1.02816,0,0,2.96998,1.94182,1.028160,1,0,110.636,0,0,0,110.636,0
72.29,2.38043,0,0,5.09027,0.213597,2.49625,3.6288,55.7043,0.2483,0,0,1.19667,0.208523,0,0.66528,12.849,1,0.423103,2.49625,0,93.382,4.44019,91.0149,0.84672,12.849,0.84672,3695.15,0,0.0036966,8.34964e-06,1.84539,1.51145,6.37623,0.97872,8.75435,0.42336,0.0018483,0.21168,0.0018483,0.21168,460.486,0,1.02816,0,0,2.87355,1.84539,1.028160,1,0,99.7693,0,0,0,99.7693,0
72.29,2.49358,0,0,4.7019,0.157287,2.05104,3.6288,56.248,0.317433,0,0,1.11079,0.249612,0,0.66528,12.849,1,0.443214,2.05104,0,85.9887,4.97232,82.6242,0.84672,12.849,0.84672,3695.15,0,0.0036966,1.05326e-05,1.56715,1.51159,6.75752,1.1024,8.73385,0.42336,0.0018483,0.21168,0.0018483,0.21168,460.486,0,1.02816,0,0,2.59531,1.56715,1.028160,1,0,91.3581,0,0,0,91.3581,0
72.29,2.4938,0,0,4.44151,0.136609,1.8111,3.6288,56.7341,0.317556,0,0,1.06496,0.261385,0,0.66528,12.849,1,0.443255,1.8111,0,81.8821,5.30292,77.9471,0.84672,12.849,0.84672,3695.15,0,0.0036966,1.04348e-05,1.36483,1.58998,6.6191,1.19443,8.37948,0.42336,0.0018483,0.21168,0.0018483,0.21168,460.486,0,1.02816,0,0,2.39299,1.36483,1.028160,1,0,86.3265,0,0,0,86.3265,0
72.29,2.49403,0,0,4.29024,0.136609,1.6596,3.6288,57.1835,0.317679,0,0,1.02933,0.262214,0,0.66528,12.849,1,0.443295,1.6596,0,77.6848,5.30292,73.5982,0.84672,12.849,0.84672,3695.15,0,0.0036966,1.03494e-05,1.40189,1.59012,5.26317,1.19443,7.06075,0.42336,0.0018483,0.21168,0.0018483,0.21168,460.486,0,1.02816,0,0,2.43005,1.40189,1.028160,1,0,80.659,0,0,0,80.659,0
72.29,2.49426,0,0,4.13674,0.124994,1.51749,3.6288,57.5698,0.317802,0,0,0.984053,0.279927,0,0.66528,12.849,1,0.443335,1.51749,0,73.3691,5.38563,69.0577,0.84672,12.849,0.84672,3695.15,0,0.0036966,1.02721e-05,1.49126,1.59027,4.78881,1.23552,6.63481,0.42336,0.0018483,0.21168,0.0018483,0.21168,460.486,0,1.02816,0,0,2.51942,1.49126,1.028160,1,0,75.6925,0,0,0,75.6925,0
72.29,2.49449,0,0,3.42915,0.108119,0.826543,3.6288,57.7287,0.317925,0,0,0.781085,0.304248,0,0.66528,12.849,1,0.443376,0.826543,0,59.0072,5.54456,53.8458,0.84672,12.849,0.84672,3695.15,0,0.0036966,1.02071e-05,0.957709,1.59041,4.05707,1.32541,5.27977,0.42336,0.0018483,0.21168,0.0018483,0.21168,460.486,0,1.02816,0,0,1.98587,0.957709,1.028160,1,0,59.1256,0,0,0,59.1256,0
71.7533,2.47237,0,0,2.40484,0.106266,0.36288,3.6288,57.5867,0.355998,0,0,0.519795,0.305853,0,0.66528,12.849,1,0.439445,0.36288,0,42.903,5.60941,37.2171,0.84672,12.849,0.84672,3695.15,0,0.0036966,1.1398e-05,0.323205,1.59056,3.14847,1.3722,3.69002,0.42336,0.0018483,0.21168,0.0018483,0.21168,460.486,0,1.02816,0,0,1.35137,0.323205,1.028160,1,0,40.9071,0,0,0,40.9071,0
71.1002,2.46981,0,0,2.2854,0.105833,0.36288,3.6288,57.3048,0.456284,0,0,0.479938,0.305572,0,0.66528,12.849,1,0.442273,0.36288,0,39.2089,5.60941,33.5201,0.84672,12.849,0.84672,3695.15,0,0.0036966,1.46449e-05,0.261274,1.61509,3.06677,1.3722,3.57092,0.42336,0.0018483,0.21168,0.0018483,0.21168,460.486,0,0.927997,0,0,1.18927,0.261274,1.028160,1,0,37.091,0,0,0,37.091,0
70.3783,2.46659,0,0,2.21284,0.105306,0.36288,3.6288,56.9438,0.517251,0,0,0.461282,0.305015,0,0.66528,12.849,1,0.445754,0.36288,0,35.0123,5.60941,29.32,0.84672,12.849,0.84672,3695.15,0,0.0036966,1.66834e-05,0.261274,1.61524,3.05444,1.3722,3.55874,0.42336,0.0018483,0.21168,0.0018483,0.21168,460.486,0,0.867154,0,0,1.12843,0.261274,1.028160,1,0,32.8787,0,0,0,32.8787,0
69.8494,2.46295,0,0,2.36587,0.0689104,0.36288,3.6288,56.7504,0.417848,0,0,0.558979,0.33454,0,0.66528,12.849,1,0.449662,0.36288,0,39.7448,5.87517,33.7828,0.84672,12.849,0.84672,3695.15,0,0.0036966,1.35626e-05,0.261274,1.61539,3.23069,1.52963,3.57772,0.42336,0.0018483,0.21168,0.0018483,0.21168,460.486,0,0.966686,0,0,1.22796,0.261274,1.028160,1,0,37.3605,0,0,0,37.3605,0
68.984,2.51771,0,0,2.08913,0.0739021,0.36288,3.6288,56.3398,0.577931,0,0,0.495806,0.328387,0,0.66528,12.849,1,0.463141,0.36288,0,38.5588,6.09693,32.3617,0.84672,12.849,0.84672,3695.15,0,0.0036966,1.88226e-05,0.261274,1.61554,2.75143,1.48577,3.14245,0.42336,0.0018483,0.21168,0.0018483,0.21168,460.486,0,0.84056,0,0,1.10183,0.261274,1.028160,1,0,35.5041,0,0,0,35.5041,0
68.0147,2.51305,0,0,1.97997,0.0734077,0.36288,3.6288,55.9852,0.470686,0,0,0.443566,0.327509,0,0.66528,12.849,1,0.468081,0.36288,0,34.0698,6.09693,27.8676,0.84672,12.849,0.84672,3695.15,0,0.0036966,1.54414e-05,0.261274,1.65457,2.87379,1.48577,3.30384,0.42336,0.0018483,0.21168,0.0018483,0.21168,460.486,0,0.947938,0,0,1.20921,0.261274,1.028160,1,0,31.1715,0,0,0,31.1715,0
66.9222,2.50766,0,0,1.8509,0.0728538,0.36288,3.6288,55.5279,0.540996,0,0,0.410397,0.326751,0,0.66528,12.849,1,0.473735,0.36288,0,32.3953,6.09693,26.1876,0.84672,12.849,0.84672,3695.15,0,0.0036966,1.78605e-05,0.227405,1.65472,2.52165,1.48577,2.91798,0.42336,0.0018483,0.21168,0.0018483,0.21168,460.486,0,0.877755,0,0,1.10516,0.227405,1.028160,1,0,29.1055,0,0,0,29.1055,0
65.8117,2.5014,0,0,1.82604,0.0722297,0.36288,3.6288,55.1795,0.466633,0,0,0.444015,0.325774,0,0.66528,12.849,1,0.480267,0.36288,0,30.0598,6.09693,23.8455,0.84672,12.849,0.84672,3695.15,0,0.0036966,1.55323e-05,0.227405,1.65487,2.8517,1.48577,3.24818,0.42336,0.0018483,0.21168,0.0018483,0.21168,460.486,0,0.952249,0,0,1.17965,0.227405,1.028160,1,0,27.0936,0,0,0,27.0936,0
64.541,2.66147,0,0,1.81873,0.0651321,0.36288,3.6288,54.6824,0.637866,0,0,0.469859,0.329062,0,0.66528,12.849,1,0.519622,0.36288,0,28.2042,6.23987,21.8076,0.84672,12.849,0.84672,3695.15,0,0.0036966,2.13661e-05,0.227405,1.65502,3.75361,1.46616,4.16985,0.42336,0.0018483,0.21168,0.0018483,0.21168,460.486,0,0.903312,0,0,1.13072,0.227405,1.028160,1,0,25.9775,0,0,0,25.9775,0
63.4689,2.65318,0,0,2.01601,0.0719734,0.36288,3.6288,54.2654,0.56577,0,0,0.482743,0.334019,0,0.66528,12.849,1,0.528202,0.36288,0,37.5527,6.15783,31.2296,0.84672,12.849,0.84672,3695.15,0,0.0036966,1.91234e-05,0.227405,1.78688,3.60231,1.40611,4.21047,0.42336,0.0018483,0.21168,0.0018483,0.21168,460.486,0,0.975551,0,0,1.20296,0.227405,1.028160,1,0,35.44,0,0,0,35.44,0
62.3502,2.646,0,0,1.96147,0.0713514,0.36288,3.6288,53.5861,0.713416,0,0,0.367242,0.3331,0,0.66528,12.849,1,0.53567,0.36288,0,33.8443,6.15783,27.5136,0.84672,12.849,0.84672,3695.15,0,0.0036966,2.42992e-05,0.204422,1.78704,2.5459,1.40611,3.13123,0.42336,0.0018483,0.21168,0.0018483,0.21168,460.486,0,0.82804,0,0,1.03246,0.204422,1.028160,1,0,30.6449,0,0,0,30.6449,0
60.5686,2.63827,0,0,1.3392,0.119602,0.36288,3.6288,52.7325,0.841217,0,0,0.30407,0.316447,0,0.66528,12.849,1,0.543689,0.36288,0,23.7019,5.97329,17.5478,0.84672,12.849,0.84672,3695.15,0,0.0036966,2.90154e-05,0.204422,1.78721,1.90807,1.36021,2.53946,0.42336,0.0018483,0.21168,0.0018483,0.21168,460.486,0,0.700376,0,0,0.904798,0.204422,1.028160,1,0,20.0872,0,0,0,20.0872,0
58.679,2.62531,0,0,1.24306,0.144463,0.36288,3.6288,52.0551,0.697411,0,0,0.314397,0.294397,0,0.66528,12.849,1,0.556933,0.36288,0,22.0438,5.88933,15.9605,0.84672,12.849,0.84672,3695.15,0,0.0036966,2.44446e-05,0.204422,1.78737,1.75952,1.31716,2.43413,0.42336,0.0018483,0.21168,0.0018483,0.21168,460.486,0,0.844327,0,0,1.04875,0.204422,1.028160,1,0,18.3946,0,0,0,18.3946,0
56.6996,2.53118,0,0,1.04382,0.129204,0.36288,3.6288,51.3414,0.697927,0,0,0.259476,0.275241,0,0.66528,12.849,1,0.554254,0.36288,0,21.0045,5.77511,15.0381,0.84672,12.849,0.84672,3695.15,0,0.0036966,2.4781e-05,0.204422,1.78753,1.35757,1.29882,2.05068,0.42336,0.0018483,0.21168,0.0018483,0.21168,460.486,0,0.769764,0,0,0.974186,0.204422,1.028160,1,0,17.0887,0,0,0,17.0887,0
54.5801,2.51563,0,0,0.885747,0.126727,0.36288,3.6288,50.5056,0.798661,0,0,0.236525,0.273658,0,0.66528,12.849,1,0.570081,0.36288,0,19.4086,5.77511,13.4263,0.84672,12.849,0.84672,3695.15,0,0.0036966,2.87519e-05,0.216518,1.71218,1.29181,1.29882,1.92167,0.42336,0.0018483,0.21168,0.0018483,0.21168,460.486,0,0.669159,0,0,0.885678,0.216518,1.028160,1,0,15.348,0,0,0,15.348,0
53.3825,2.49794,0,0,1.88852,0.225284,0.36288,3.6288,50.2553,0.495533,0,0,0.432688,0.187426,0,0.66528,12.849,1,0.588053,0.36288,0,42.7241,4.52933,37.9696,0.84672,12.849,0.84672,3695.15,0,0.0036966,1.81345e-05,0.216518,1.71234,2.86228,0.909428,3.88169,0.42336,0.0018483,0.21168,0.0018483,0.21168,460.486,0,0.972432,0,0,1.18895,0.216518,1.028160,1,0,41.8513,0,0,0,41.8513,0
53.4646,2.48753,0,0,3.17167,0.239227,0.36288,3.6288,50.1541,0.439941,0,0,0.511678,0.173009,0,0.66528,12.849,1,0.59874,0.36288,0,64.8604,4.32169,60.3028,0.84672,12.849,0.84672,3695.15,0,0.0036966,1.61802e-05,0.48816,1.71249,2.59265,0.84453,3.94876,0.42336,0.0018483,0.21168,0.0018483,0.21168,460.486,0,1.02816,0,0,1.51632,0.48816,1.028160,1,0,64.2516,0,0,0,64.2516,0
51.7907,2.42421,0,0,1.32982,0.216533,0.36288,3.6288,49.5453,0.736945,0,0,0.337962,0.209797,0,0.66528,12.849,1,0.582605,0.36288,0,23.0209,4.47901,18.3222,0.84672,12.849,0.84672,3695.15,0,0.0036966,2.71582e-05,0.216518,1.71265,1.73687,1.08389,2.58212,0.42336,0.0018483,0.21168,0.0018483,0.21168,460.486,0,0.663725,0,0,0.880243,0.216518,1.028160,1,0,20.9043,0,0,0,20.9043,0
49.8542,2.40935,0,0,1.04476,0.209086,0.36288,3.6288,48.7654,0.836257,0,0,0.271287,0.214877,0,0.66528,12.849,1,0.597746,0.36288,0,16.077,4.50523,11.3369,0.84672,12.849,0.84672,3695.15,0,0.0036966,3.11968e-05,0.216518,1.64567,1.57135,1.12379,2.30972,0.42336,0.0018483,0.21168,0.0018483,0.21168,460.486,0,0.564537,0,0,0.781055,0.216518,1.028160,1,0,13.6466,0,0,0,13.6466,0
48.8475,2.3911,0,0,1.95212,0.204883,0.36288,3.6288,48.9193,0.372778,0,0,0.740175,0.213498,0,0.66528,12.849,1,0.616262,0.36288,0,32.0303,4.50523,27.2717,0.84672,12.849,0.84672,3695.15,0,0.0036966,1.4129e-05,1.36433,1.64582,3.46661,1.12379,5.35296,0.42336,0.0018483,0.21168,0.0018483,0.21168,460.486,0,1.02816,0,0,2.39249,1.36433,1.028160,1,0,32.6246,0,0,0,32.6246,0
49.4747,2.38126,0,0,3.58327,0.211897,0.36288,3.6288,49.6801,0.372906,0,0,1.34025,0.2066,0,0.66528,12.849,1,0.626375,0.36288,0,61.583,4.39641,56.9231,0.84672,12.849,0.84672,3695.15,0,0.0036966,1.40894e-05,1.32818,1.64597,4.53693,1.09296,6.41812,0.42336,0.0018483,0.21168,0.0018483,0.21168,460.486,0,1.02816,0,0,2.35634,1.32818,1.028160,1,0,63.3412,0,0,0,63.3412,0
49.6021,2.20796,0,0,2.94504,0.246823,0.36288,3.6288,50.1106,0.232293,0,0,0.831172,0.168355,0,0.66528,12.849,1,0.573425,0.36288,0,45.0903,3.7386,41.1411,0.84672,12.849,0.84672,3695.15,0,0.0036966,8.64223e-06,0.729933,1.64612,3.91196,0.884179,5.40383,0.42336,0.0018483,0.21168,0.0018483,0.21168,460.486,0,1.02816,0,0,1.75809,0.729933,1.028160,1,0,46.5449,0,0,0,46.5449,0
51.0881,2.20933,0,0,4.31086,0.252603,0.36288,3.6288,50.8323,0.232408,0,0,1.11699,0.16293,0,0.66528,12.849,1,0.572308,0.36288,0,76.7257,3.83638,72.6799,0.84672,12.849,0.84672,3695.15,0,0.0036966,8.57222e-06,1.32406,1.49508,6.00757,0.874363,7.95233,0.42336,0.0018483,0.21168,0.0018483,0.21168,460.486,0,1.02816,0,0,2.35222,1.32406,1.028160,1,0,80.6322,0,0,0,80.6322,0
52.6222,2.22283,0,0,4.37638,0.256589,0.36288,3.6288,51.6049,0.232523,0,0,1.16902,0.163892,0,0.66528,12.849,1,0.559058,0.36288,0,75.8298,3.83638,71.7973,0.84672,12.849,0.84672,3695.15,0,0.0036966,8.45472e-06,1.38208,1.49522,5.89868,0.874363,7.90161,0.42336,0.0018483,0.21168,0.0018483,0.21168,460.486,0,1.02816,0,0,2.41024,1.38208,1.028160,1,0,79.6989,0,0,0,79.6989,0
56.0533,2.23614,0,0,6.28442,0.254316,0.36288,3.6288,53.2412,0.232638,0,0,2.04231,0.173333,0,0.66528,12.849,1,0.546008,0.36288,0,139.507,3.99237,135.331,0.84672,12.849,0.84672,3695.15,0,0.0036966,8.33226e-06,2.45129,1.49535,9.82584,0.937759,12.8347,0.42336,0.0018483,0.21168,0.0018483,0.21168,460.486,0,1.02816,0,0,3.47945,2.45129,1.028160,1,0,148.166,0,0,0,148.166,0
59.7544,2.26354,0,0,6.55629,0.228744,0.36288,3.6288,55.0521,0.232754,0,0,2.27011,0.226417,0,0.66528,12.849,1,0.518867,0.36288,0,143.073,4.8669,138.05,0.84672,12.849,0.84672,3695.15,0,0.0036966,8.08018e-06,2.93179,1.49549,10.503,1.28117,13.6491,0.42336,0.0018483,0.21168,0.0018483,0.21168,460.486,0,1.02816,0,0,3.95995,2.93179,1.028160,1,0,151.699,0,0,0,151.699,0
63.7967,2.36194,0,0,7.03624,0.269109,0.36288,3.6288,56.0663,0.27364,0,0,1.51513,0.22728,0,0.66528,12.849,1,0.507889,0.36288,0,132.401,4.49862,127.757,0.84672,12.849,0.84672,3695.15,0,0.0036966,9.18708e-06,1.90117,1.49562,8.15469,1.05936,10.4921,0.42336,0.0018483,0.21168,0.0018483,0.21168,460.486,0,1.02816,0,0,2.92933,1.90117,1.028160,1,0,138.25,0,0,0,138.25,0
67.287,2.38894,0,0,6.52057,0.278415,0.36288,3.6288,57.0702,0.273752,0,0,1.50637,0.228797,0,0.66528,12.849,1,0.481145,0.36288,0,105.825,4.49862,101.208,0.84672,12.849,0.84672,3695.15,0,0.0036966,9.02457e-06,1.62729,1.5436,7.73834,1.05936,9.84985,0.42336,0.0018483,0.21168,0.0018483,0.21168,460.486,0,1.02816,0,0,2.65545,1.62729,1.028160,1,0,111.058,0,0,0,111.058,0
70.8413,2.4101,0,0,6.63277,0.305571,0.36288,3.6288,57.5673,0.273863,0,0,0.996097,0.225087,0,0.66528,12.849,1,0.460228,0.36288,0,103.843,4.55559,99.1904,0.84672,12.849,0.84672,3695.15,0,0.0036966,8.86946e-06,1.10347,1.54373,7.81307,1.1587,9.30155,0.42336,0.0018483,0.21168,0.0018483,0.21168,460.486,0,1.02816,0,0,2.13163,1.10347,1.028160,1,0,108.492,0,0,0,108.492,0
72.29,2.42986,0,0,5.83363,0.340557,1.61448,3.6288,58.2257,0.273975,0,0,1.15125,0.218842,0,0.66528,12.849,1,0.440721,1.61448,0,106.736,4.63155,103.278,0.84672,12.849,0.84672,3695.15,0,0.0036966,8.79644e-06,1.15189,1.54386,7.67105,1.29115,9.07564,0.42336,0.0018483,0.21168,0.0018483,0.21168,460.486,0,1.02816,0,0,2.18005,1.15189,1.028160,1,0,112.354,0,0,0,112.354,0
72.29,2.67532,0,0,7.9465,0.313413,4.95777,3.6288,59.4688,0.427199,0,0,1.87446,0.204248,0,0.66528,12.849,1,0.475518,4.95777,0,156.241,4.29259,156.431,0.84672,12.849,0.84672,3695.15,0,0.0036966,1.35609e-05,2.03226,1.54399,12.1616,1.15582,14.5821,0.42336,0.0018483,0.21168,0.0018483,0.21168,460.486,0,1.02816,0,0,3.06042,2.03226,1.028160,1,0,171.013,0,0,0,171.013,0
72.29,2.67555,0,0,10.5111,0.286082,7.54945,3.6288,61.0375,0.427324,0,0,2.1517,0.155662,0,0.66528,12.849,1,0.475559,7.54945,0,156.96,4.2694,159.765,0.84672,12.849,0.84672,3695.15,0,0.0036966,1.32813e-05,2.80428,1.7149,13.6737,1.02157,17.1713,0.42336,0.0018483,0.21168,0.0018483,0.21168,460.486,0,1.02816,0,0,3.83244,2.80428,1.028160,1,0,176.936,0,0,0,176.936,0
72.29,2.67578,0,0,8.55731,0.334975,5.54656,3.6288,61.308,0.427449,0,0,2.11078,0.218295,1.1945,0.66528,12.849,1,0.4756,5.54656,0,120.092,4.71576,120.447,0.84672,12.849,0.84672,3695.15,0,0.0036966,1.29438e-05,2.72886,1.71505,12.5049,1.17736,15.7715,0.42336,0.0018483,0.21168,0.0018483,0.21168,460.486,0,1.02816,0,0,3.75702,2.72886,1.028160,1,0,137.413,0,0,0,137.413,0
72.29,2.67601,0,0,8.67819,0.334975,5.6672,3.6288,61.308,0.427574,0,0,2.0894,0.218669,1.44316,0.66528,12.849,1,0.47564,5.6672,0,131.207,4.71576,131.683,0.84672,12.849,0.84672,3695.15,0,0.0036966,1.28904e-05,2.27578,1.71519,12.1503,1.17736,14.9639,0.42336,0.0018483,0.21168,0.0018483,0.21168,460.486,0,1.02816,0,0,3.30394,2.27578,1.028160,1,0,148.09,0,0,0,148.09,0
72.29,2.33701,0,0,5.62475,0.336174,2.95157,3.6288,61.308,0.222149,0,0,1.44289,0.222881,0.997859,0.66528,12.849,1,0.415385,2.95157,0,97.5897,4.49054,95.6353,0.84672,12.849,0.84672,3695.15,0,0.0036966,6.69729e-06,1.95367,1.71534,8.46495,1.16248,10.9715,0.42336,0.0018483,0.21168,0.0018483,0.21168,460.486,0,1.02816,0,0,2.98183,1.95367,1.028160,1,0,107.605,0,0,0,107.605,0
72.29,2.33721,0,0,5.18315,0.336179,2.50977,3.6288,61.308,0.222256,0,0,1.416,0.16971,1.02404,0.66528,12.849,1,0.415421,2.50977,0,99.3341,3.9396,97.4888,0.84672,12.849,0.84672,3695.15,0,0.0036966,6.70052e-06,2.02548,1.4818,8.47627,0.934137,11.0494,0.42336,0.0018483,0.21168,0.0018483,0.21168,460.486,0,1.02816,0,0,3.05364,2.02548,1.028160,1,0,109.562,0,0,0,109.562,0
72.29,2.33741,0,0,4.7357,0.336179,2.06212,3.6288,61.308,0.222363,0,0,1.16863,0.16971,0.776556,0.66528,12.849,1,0.415457,2.06212,0,90.0685,3.9396,87.7756,0.84672,12.849,0.84672,3695.15,0,0.0036966,6.70375e-06,1.35669,1.48193,7.21051,0.934137,9.11499,0.42336,0.0018483,0.21168,0.0018483,0.21168,460.486,0,1.02816,0,0,2.38485,1.35669,1.028160,1,0,97.6671,0,0,0,97.6671,0
72.29,2.33761,0,0,5.13117,0.336179,2.45738,3.6288,61.308,0.22247,0,0,1.18298,0.16971,0.7908,0.66528,12.849,1,0.415492,2.45738,0,98.3673,3.9396,96.4696,0.84672,12.849,0.84672,3695.15,0,0.0036966,6.70698e-06,1.29137,1.48206,7.20533,0.934137,9.04461,0.42336,0.0018483,0.21168,0.0018483,0.21168,460.486,0,1.02816,0,0,2.31953,1.29137,1.028160,1,0,106.305,0,0,0,106.305,0
72.29,2.33781,0,0,5.56318,0.332921,2.89245,3.6288,61.308,0.222577,0,0,1.26526,0.183513,0.859169,0.66528,12.849,1,0.415528,2.89245,0,120.142,3.57197,119.047,0.84672,12.849,0.84672,3695.15,0,0.0036966,6.71021e-06,1.41392,1.48218,7.47891,0.947688,9.42732,0.42336,0.0018483,0.21168,0.0018483,0.21168,460.486,0,1.02816,0,0,2.44208,1.41392,1.028160,1,0,129.333,0,0,0,129.333,0
72.29,2.42344,0,0,5.45457,0.299641,2.73149,3.6288,61.308,0.272991,0,0,1.48148,0.184439,1.02405,0.66528,12.849,1,0.430747,2.73149,0,154.382,3.62418,153.059,0.84672,12.849,0.84672,3695.15,0,0.0036966,8.23007e-06,1.88989,1.48231,7.29518,0.983152,9.68422,0.42336,0.0018483,0.21168,0.0018483,0.21168,460.486,0,1.02816,0,0,2.91805,1.88989,1.028160,1,0,163.767,0,0,0,163.767,0
72.29,2.42364,0,0,6.01874,0.299641,3.29545,3.6288,61.308,0.273102,0,0,1.53847,0.184439,1.08093,0.66528,12.849,1,0.430784,3.29545,0,116.696,3.62418,115.937,0.84672,12.849,0.84672,3695.15,0,0.0036966,8.23343e-06,2.08158,1.54016,8.59421,0.983152,11.2328,0.42336,0.0018483,0.21168,0.0018483,0.21168,460.486,0,1.02816,0,0,3.10974,2.08158,1.028160,1,0,128.25,0,0,0,128.25,0
72.29,2.42385,0,0,5.30409,0.309146,2.57109,3.6288,61.308,0.273214,0,0,1.58523,0.232822,1.0792,0.66528,12.849,1,0.430821,2.57109,0,111.516,4.64775,109.008,0.84672,12.849,0.84672,3695.15,0,0.0036966,8.23679e-06,2.19216,1.54029,8.72735,1.07097,11.3888,0.42336,0.0018483,0.21168,0.0018483,0.21168,460.486,0,1.02816,0,0,3.22032,2.19216,1.028160,1,0,121.476,0,0,0,121.476,0
72.29,2.42406,0,0,5.05611,0.24475,2.3873,3.6288,61.308,0.273325,0,0,1.56144,0.220511,1.0676,0.66528,12.849,1,0.430858,2.3873,0,102.578,3.73438,100.8,0.84672,12.849,0.84672,3695.15,0,0.0036966,8.24015e-06,1.76644,1.54042,7.04549,0.960877,9.39147,0.42336,0.0018483,0.21168,0.0018483,0.21168,460.486,0,1.02816,0,0,2.7946,1.76644,1.028160,1,0,111.26,0,0,0,111.26,0
72.29,2.39085,0,0,3.64693,0.215959,1.04011,3.6288,61.308,0.253892,0,0,1.06586,0.218203,0.59377,0.66528,12.849,1,0.424956,1.04011,0,75.4298,3.64959,72.3954,0.84672,12.849,0.84672,3695.15,0,0.0036966,7.65427e-06,1.69455,1.54056,4.85363,1.03486,7.05388,0.42336,0.0018483,0.21168,0.0018483,0.21168,460.486,0,1.02816,0,0,2.72271,1.69455,1.028160,1,0,80.043,0,0,0,80.043,0
72.29,2.39106,0,0,3.29027,0.215959,0.683251,3.6288,61.308,0.254001,0,0,0.964466,0.218203,0.492262,0.66528,12.849,1,0.424992,0.683251,0,69.6799,3.64959,66.2885,0.84672,12.849,0.84672,3695.15,0,0.0036966,7.65758e-06,1.28224,1.51821,4.58137,1.03486,6.34695,0.42336,0.0018483,0.21168,0.0018483,0.21168,460.486,0,1.02816,0,0,2.3104,1.28224,1.028160,1,0,73.1278,0,0,0,73.1278,0
72.29,2.39126,0,0,3.8571,0.203794,1.26205,3.6288,61.308,0.254111,0,0,0.901921,0.224137,0.423672,0.66528,12.849,1,0.425029,1.26205,0,75.5965,4.11744,72.3161,0.84672,12.849,0.84672,3695.15,0,0.0036966,7.66089e-06,1.27733,1.51834,6.08717,1.0533,7.82954,0.42336,0.0018483,0.21168,0.0018483,0.21168,460.486,0,1.02816,0,0,2.30549,1.27733,1.028160,1,0,80.5693,0,0,0,80.5693,0
72.29,2.39147,0,0,3.08909,0.161966,0.535659,3.6288,61.308,0.254221,0,0,0.877064,0.242482,0.38036,0.66528,12.849,1,0.425065,0.535659,0,57.3343,5.34673,52.0981,0.84672,12.849,0.84672,3695.15,0,0.0036966,7.66421e-06,1.28231,1.51847,4.67739,1.12477,6.3534,0.42336,0.0018483,0.21168,0.0018483,0.21168,460.486,0,1.02816,0,0,2.31047,1.28231,1.028160,1,0,58.8319,0,0,0,58.8319,0
72.29,2.50513,0,0,2.9828,0.108722,0.368956,3.6288,61.308,0.323668,0,0,0.771237,0.240199,0.207371,0.66528,12.849,1,0.445267,0.368956,0,49.925,5.09107,44.7576,0.84672,12.849,0.84672,3695.15,0,0.0036966,9.75786e-06,1.28589,1.5186,4.27947,1.17696,5.90699,0.42336,0.0018483,0.21168,0.0018483,0.21168,460.486,0,1.02816,0,0,2.31405,1.28589,1.028160,1,0,50.872,0,0,0,50.872,0
72.2593,2.50534,0,0,2.9577,0.120167,0.36288,3.6288,61.308,0.323784,0,0,0.744578,0.222697,0.198098,0.66528,12.849,1,0.445305,0.36288,0,52.9039,4.63082,48.1907,0.84672,12.849,0.84672,3695.15,0,0.0036966,9.76135e-06,0.891994,1.59735,4.00448,1.10202,5.39178,0.42336,0.0018483,0.21168,0.0018483,0.21168,460.486,0,1.02816,0,0,1.92015,0.891994,1.028160,1,0,53.7806,0,0,0,53.7806,0
71.9587,2.5054,0,0,2.68784,0.120139,0.36288,3.6288,61.308,0.323899,0,0,0.713428,0.222697,0.166832,0.66528,12.849,1,0.445504,0.36288,0,50.2981,4.63082,45.5847,0.84672,12.849,0.84672,3695.15,0,0.0036966,9.76484e-06,0.625035,1.59748,3.90175,1.10202,5.02223,0.42336,0.0018483,0.21168,0.0018483,0.21168,460.486,0,1.02816,0,0,1.65319,0.625035,1.028160,1,0,50.7737,0,0,0,50.7737,0
71.3349,2.50403,0,0,2.36297,0.119865,0.36288,3.6288,61.308,0.324015,0,0,0.645017,0.222697,0.0983049,0.66528,12.849,1,0.447121,0.36288,0,43.0561,4.63082,38.3411,0.84672,12.849,0.84672,3695.15,0,0.0036966,9.76834e-06,0.490285,1.59762,3.68667,1.10202,4.67254,0.42336,0.0018483,0.21168,0.0018483,0.21168,460.486,0,1.02816,0,0,1.51845,0.490285,1.028160,1,0,43.1119,0,0,0,43.1119,0
70.807,2.50093,0,0,2.43327,0.0973936,0.36288,3.6288,61.308,0.324131,0,0,0.655122,0.245561,0.0854304,0.66528,12.849,1,0.450473,0.36288,0,41.7168,5.01239,36.6168,0.84672,12.849,0.84672,3695.15,0,0.0036966,9.77183e-06,0.411316,1.59776,4.11773,1.17964,4.94716,0.42336,0.0018483,0.21168,0.0018483,0.21168,460.486,0,1.02816,0,0,1.43948,0.411316,1.028160,1,0,41.6494,0,0,0,41.6494,0
70.7165,2.47593,0,0,2.84463,0.0963033,0.36288,3.6288,61.2058,0.548912,0,0,0.711668,0.264977,0,0.66528,12.849,1,0.449294,0.36288,0,44.5475,5.36004,39.101,0.84672,12.849,0.84672,3695.15,0,0.0036966,1.65485e-05,0.30119,1.59789,5.57828,1.22364,6.25371,0.42336,0.0018483,0.21168,0.0018483,0.21168,460.486,0,0.841614,0,0,1.1428,0.30119,1.028160,1,0,45.3547,0,0,0,45.3547,0
70.6295,2.47565,0,0,2.84774,0.0962365,0.36288,3.6288,61.1502,0.478056,0,0,0.687234,0.264806,0,0.66528,12.849,1,0.449819,0.36288,0,42.0625,5.36004,36.6155,0.84672,12.849,0.84672,3695.15,0,0.0036966,1.44364e-05,0.261274,1.62253,5.92213,1.22364,6.58229,0.42336,0.0018483,0.21168,0.0018483,0.21168,460.486,0,0.912591,0,0,1.17386,0.261274,1.028160,1,0,43.1978,0,0,0,43.1978,0
70.421,2.4754,0,0,2.71654,0.086724,0.36288,3.6288,61.07,0.470857,0,0,0.670905,0.280241,0,0.66528,12.849,1,0.450327,0.36288,0,39.5539,5.57721,33.8893,0.84672,12.849,0.84672,3695.15,0,0.0036966,1.42319e-05,0.261274,1.62267,5.93171,1.29713,6.51851,0.42336,0.0018483,0.21168,0.0018483,0.21168,460.486,0,0.919909,0,0,1.18118,0.261274,1.028160,1,0,40.4078,0,0,0,40.4078,0
69.8977,2.47448,0,0,2.3773,0.063307,0.36288,3.6288,60.8031,0.585885,0,0,0.633908,0.314889,0,0.66528,12.849,1,0.451493,0.36288,0,37.1671,6.32354,30.755,0.84672,12.849,0.84672,3695.15,0,0.0036966,1.7732e-05,0.261274,1.62281,5.77221,1.55633,6.09995,0.42336,0.0018483,0.21168,0.0018483,0.21168,460.486,0,0.804997,0,0,1.06627,0.261274,1.028160,1,0,36.8549,0,0,0,36.8549,0
69.1868,2.52952,0,0,2.25469,0.0731449,0.36288,3.6288,60.2199,0.785107,0,0,0.50436,0.30243,0,0.66528,12.849,1,0.464992,0.36288,0,32.429,5.79851,26.5284,0.84672,12.849,0.84672,3695.15,0,0.0036966,2.38658e-05,0.261274,1.62295,4.70008,1.48807,5.09621,0.42336,0.0018483,0.21168,0.0018483,0.21168,460.486,0,0.639878,0,0,0.901152,0.261274,1.028160,1,0,31.6246,0,0,0,31.6246,0
68.28,2.52571,0,0,2.05611,0.0743489,0.36288,3.6288,59.5346,0.840947,0,0,0.455829,0.300218,0,0.66528,12.849,1,0.469061,0.36288,0,30.1925,5.6658,24.4205,0.84672,12.849,0.84672,3695.15,0,0.0036966,2.58108e-05,0.261274,1.66215,4.6014,1.45993,5.06487,0.42336,0.0018483,0.21168,0.0018483,0.21168,460.486,0,0.584159,0,0,0.845433,0.261274,1.028160,1,0,29.4854,0,0,0,29.4854,0
67.1843,2.52068,0,0,1.8617,0.073825,0.36288,3.6288,58.7778,0.893374,0,0,0.435523,0.298908,0,0.66528,12.849,1,0.474345,0.36288,0,28.4354,5.6658,22.6582,0.84672,12.849,0.84672,3695.15,0,0.0036966,2.77355e-05,0.227405,1.66229,4.27831,1.45993,4.70804,0.42336,0.0018483,0.21168,0.0018483,0.21168,460.486,0,0.531852,0,0,0.759257,0.227405,1.028160,1,0,27.3662,0,0,0,27.3662,0
65.8761,2.5144,0,0,1.62811,0.0590576,0.36288,3.6288,57.9995,0.905634,0,0,0.432433,0.305108,0,0.66528,12.849,1,0.48088,0.36288,0,27.0765,5.89012,21.0684,0.84672,12.849,0.84672,3695.15,0,0.0036966,2.84782e-05,0.227405,1.66243,4.32408,1.50475,4.70913,0.42336,0.0018483,0.21168,0.0018483,0.21168,460.486,0,0.519713,0,0,0.747118,0.227405,1.028160,1,0,25.7776,0,0,0,25.7776,0
64.0557,2.67403,0,0,1.29622,0.0796474,0.36288,3.6288,57.0182,1.08386,0,0,0.387028,0.284464,0,0.66528,12.849,1,0.521565,0.36288,0,23.888,5.59891,18.1304,0.84672,12.849,0.84672,3695.15,0,0.0036966,3.454e-05,0.227405,1.66257,3.81419,1.38354,4.32059,0.42336,0.0018483,0.21168,0.0018483,0.21168,460.486,0,0.464331,0,0,0.691736,0.227405,1.028160,1,0,22.451,0,0,0,22.451,0
61.9913,2.66191,0,0,1.05578,0.0953919,0.36288,3.6288,55.8734,1.17685,0,0,0.305855,0.273804,0,0.66528,12.849,1,0.533956,0.36288,0,19.5397,5.3465,14.0221,0.84672,12.849,0.84672,3695.15,0,0.0036966,3.81487e-05,0.227405,1.79503,3.31455,1.41956,3.91738,0.42336,0.0018483,0.21168,0.0018483,0.21168,460.486,0,0.371472,0,0,0.598876,0.227405,1.028160,1,0,17.9395,0,0,0,17.9395,0
60.034,2.64741,0,0,1.14679,0.0937981,0.36288,3.6288,54.7616,1.14954,0,0,0.309481,0.271767,0,0.66528,12.849,1,0.548731,0.36288,0,18.6748,5.3465,13.1424,0.84672,12.849,0.84672,3695.15,0,0.0036966,3.80271e-05,0.204422,1.79518,3.52058,1.41956,4.10058,0.42336,0.0018483,0.21168,0.0018483,0.21168,460.486,0,0.398911,0,0,0.603333,0.204422,1.028160,1,0,17.243,0,0,0,17.243,0
58.7034,2.6329,0,0,1.77128,0.106103,0.36288,3.6288,53.8373,1.0298,0,0,0.372254,0.266704,0,0.66528,12.849,1,0.563516,0.36288,0,30.1629,5.25744,24.7049,0.84672,12.849,0.84672,3695.15,0,0.0036966,3.47576e-05,0.204422,1.79534,3.7206,1.40864,4.31169,0.42336,0.0018483,0.21168,0.0018483,0.21168,460.486,0,0.518789,0,0,0.723211,0.204422,1.028160,1,0,29.0165,0,0,0,29.0165,0
57.9118,2.62264,0,0,2.31204,0.118108,0.36288,3.6288,53.0009,1.02162,0,0,0.437924,0.252735,0,0.66528,12.849,1,0.574044,0.36288,0,33.347,5.25462,27.8812,0.84672,12.849,0.84672,3695.15,0,0.0036966,3.50735e-05,0.204422,1.79549,3.9107,1.35721,4.55337,0.42336,0.0018483,0.21168,0.0018483,0.21168,460.486,0,0.5271,0,0,0.731523,0.204422,1.028160,1,0,32.4346,0,0,0,32.4346,0
56.0173,2.53661,0,0,1.15445,0.149421,0.36288,3.6288,51.9992,1.00333,0,0,0.228232,0.226617,0,0.66528,12.849,1,0.562803,0.36288,0,22.2236,4.88082,17.1429,0.84672,12.849,0.84672,3695.15,0,0.0036966,3.49892e-05,0.204422,1.79565,2.41716,1.15047,3.26673,0.42336,0.0018483,0.21168,0.0018483,0.21168,460.486,0,0.471001,0,0,0.675423,0.204422,1.028160,1,0,20.4096,0,0,0,20.4096,0
54.3277,2.52134,0,0,1.34127,0.146659,0.36288,3.6288,51.0596,0.977667,0,0,0.262894,0.224801,0,0.66528,12.849,1,0.578334,0.36288,0,21.021,4.88082,15.9248,0.84672,12.849,0.84672,3695.15,0,0.0036966,3.4751e-05,0.216518,1.71994,2.28097,1.15047,3.06693,0.42336,0.0018483,0.21168,0.0018483,0.21168,460.486,0,0.496791,0,0,0.71331,0.216518,1.028160,1,0,18.9917,0,0,0,18.9917,0
53.0746,2.50701,0,0,1.76092,0.144195,0.36288,3.6288,50.3459,0.864631,0,0,0.374015,0.223098,0,0.66528,12.849,1,0.592931,0.36288,0,26.8567,4.88082,21.7458,0.84672,12.849,0.84672,3695.15,0,0.0036966,3.12986e-05,0.216518,1.72009,3.11044,1.15047,3.89655,0.42336,0.0018483,0.21168,0.0018483,0.21168,460.486,0,0.609958,0,0,0.826476,0.216518,1.028160,1,0,25.6423,0,0,0,25.6423,0
51.708,2.49595,0,0,1.63833,0.146016,0.36288,3.6288,49.9369,0.714236,0,0,0.514598,0.209379,0,0.66528,12.849,1,0.604254,0.36288,0,58.865,4.6264,53.9972,0.84672,12.849,0.84672,3695.15,0,0.0036966,2.6221e-05,0.216518,1.72024,3.44592,1.10309,4.27956,0.42336,0.0018483,0.21168,0.0018483,0.21168,460.486,0,0.760484,0,0,0.977003,0.216518,1.028160,1,0,58.2768,0,0,0,58.2768,0
50.7253,2.41922,0,0,1.96678,0.167451,0.36288,3.6288,49.8785,0.37884,0,0,0.491872,0.171442,0,0.66528,12.849,1,0.601156,0.36288,0,46.2464,4.10886,41.8992,0.84672,12.849,0.84672,3695.15,0,0.0036966,1.40219e-05,0.665902,1.72038,4.19767,1.05608,5.52786,0.42336,0.0018483,0.21168,0.0018483,0.21168,460.486,0,1.02816,0,0,1.69406,0.665902,1.028160,1,0,47.4271,0,0,0,47.4271,0
50.4131,2.41013,0,0,2.69126,0.230407,0.36288,3.6288,50.1036,0.37896,0,0,0.742074,0.138021,0,0.66528,12.849,1,0.610501,0.36288,0,39.6481,3.66639,35.7341,0.84672,12.849,0.84672,3695.15,0,0.0036966,1.40428e-05,1.03536,1.65309,5.48129,0.858686,7.31104,0.42336,0.0018483,0.21168,0.0018483,0.21168,460.486,0,1.02816,0,0,2.06352,1.03536,1.028160,1,0,43.0451,0,0,0,43.0451,0
50.9777,2.40733,0,0,3.56446,0.229652,0.36288,3.6288,50.3071,0.379081,0,0,0.720936,0.138276,0,0.66528,12.849,1,0.613566,0.36288,0,54.0169,3.66639,50.0999,0.84672,12.849,0.84672,3695.15,0,0.0036966,1.39842e-05,1.33913,1.65324,6.33969,0.858686,8.47336,0.42336,0.0018483,0.21168,0.0018483,0.21168,460.486,0,1.02816,0,0,2.36729,1.33913,1.028160,1,0,58.5732,0,0,0,58.5732,0
51.2864,2.41296,0,0,3.31556,0.231018,0.36288,3.6288,51.1269,0.379202,0,0,1.33752,0.138506,0,0.66528,12.849,1,0.608191,0.36288,0,87.2268,3.66639,83.3151,0.84672,12.849,0.84672,3695.15,0,0.0036966,1.3932e-05,1.39914,1.65338,8.8007,0.858686,10.9945,0.42336,0.0018483,0.21168,0.0018483,0.21168,460.486,0,1.02816,0,0,2.4273,1.39914,1.028160,1,0,94.3097,0,0,0,94.3097,0
54.0224,2.23414,0,0,5.53704,0.20399,0.36288,3.6288,52.362,0.237949,0,0,1.63976,0.166761,0,0.66528,12.849,1,0.559728,0.36288,0,104.799,3.53549,101.067,0.84672,12.849,0.84672,3695.15,0,0.0036966,8.60216e-06,2.2939,1.65352,11.1812,0.877608,14.251,0.42336,0.0018483,0.21168,0.0018483,0.21168,460.486,0,1.02816,0,0,3.32206,2.2939,1.028160,1,0,115.318,0,0,0,115.318,0
56.7341,2.25724,0,0,5.5564,0.224575,0.36288,3.6288,53.6032,0.238058,0,0,1.66387,0.184659,0,0.66528,12.849,1,0.536874,0.36288,0,56.7424,3.59278,52.9756,0.84672,12.849,0.84672,3695.15,0,0.0036966,8.4031e-06,2.55039,1.50179,10.8727,0.921235,14.0037,0.42336,0.0018483,0.21168,0.0018483,0.21168,460.486,0,1.02816,0,0,3.57855,2.55039,1.028160,1,0,66.9793,0,0,0,66.9793,0
60.4424,2.27836,0,0,6.62094,0.27148,0.36288,3.6288,55.1665,0.238167,0,0,1.97248,0.170915,0,0.66528,12.849,1,0.515996,0.36288,0,78.1929,3.76666,74.2732,0.84672,12.849,0.84672,3695.15,0,0.0036966,8.21228e-06,2.41722,1.50192,12.6674,0.935034,15.6515,0.42336,0.0018483,0.21168,0.0018483,0.21168,460.486,0,1.02816,0,0,3.44538,2.41722,1.028160,1,0,89.9246,0,0,0,89.9246,0
64.2932,2.30466,0,0,6.79977,0.281374,0.36288,3.6288,56.6858,0.238276,0,0,1.93024,0.172743,0,0.66528,12.849,1,0.489931,0.36288,0,69.7317,3.76666,65.838,0.84672,12.849,0.84672,3695.15,0,0.0036966,7.98319e-06,2.48257,1.50205,11.9878,0.935034,15.0374,0.42336,0.0018483,0.21168,0.0018483,0.21168,460.486,0,1.02816,0,0,3.51073,2.48257,1.028160,1,0,80.8754,0,0,0,80.8754,0
70.9533,2.32932,0,0,9.62842,0.276161,0.36288,3.6288,59.9427,0.238385,0,0,3.68719,0.191915,0,0.66528,12.849,1,0.465515,0.36288,0,151.223,4.07863,147.042,0.84672,12.849,0.84672,3695.15,0,0.0036966,7.77278e-06,4.29402,1.50217,21.4602,1.06183,26.1946,0.42336,0.0018483,0.21168,0.0018483,0.21168,460.486,0,1.02816,0,0,5.32218,4.29402,1.028160,1,0,173.237,0,0,0,173.237,0
72.29,2.44066,0,0,9.67637,0.333413,5.56557,3.6288,61.308,0.279447,0,0,3.90144,0.20535,2.0513,0.66528,12.849,1,0.441982,5.56557,0,194.068,4.15254,195.039,0.84672,12.849,0.84672,3695.15,0,0.0036966,8.61659e-06,3.65165,1.5023,22.8717,1.11808,26.9076,0.42336,0.0018483,0.21168,0.0018483,0.21168,460.486,0,1.02816,0,0,4.67981,3.65165,1.028160,1,0,223.998,0,0,0,223.998,0
72.29,2.4478,0,0,8.39868,0.336829,5.61406,3.6288,61.308,0.279552,0,0,3.1247,0.207137,2.63801,0.66528,12.849,1,0.435077,5.61406,0,200.693,4.15254,201.719,0.84672,12.849,0.84672,3695.15,0,0.0036966,8.42786e-06,3.15863,1.55048,15.9687,1.11808,19.5597,0.42336,0.0018483,0.21168,0.0018483,0.21168,460.486,0,1.02816,0,0,4.18679,3.15863,1.028160,1,0,223.917,0,0,0,223.917,0
72.29,2.44799,0,0,6.58342,0.336829,3.7986,3.6288,61.308,0.279656,0,0,1.57567,0.207137,1.08887,0.66528,12.849,1,0.435112,3.7986,0,132.151,4.15254,131.362,0.84672,12.849,0.84672,3695.15,0,0.0036966,8.43102e-06,1.46607,1.55061,9.56776,1.11808,11.4664,0.42336,0.0018483,0.21168,0.0018483,0.21168,460.486,0,1.02816,0,0,2.49423,1.46607,1.028160,1,0,143.918,0,0,0,143.918,0
72.29,2.44819,0,0,5.8448,0.336829,3.05979,3.6288,61.308,0.279761,0,0,1.29932,0.207137,0.812419,0.66528,12.849,1,0.435147,3.05979,0,112.97,4.15254,111.442,0.84672,12.849,0.84672,3695.15,0,0.0036966,8.43417e-06,1.18783,1.55073,8.70653,1.11808,10.327,0.42336,0.0018483,0.21168,0.0018483,0.21168,460.486,0,1.02816,0,0,2.21599,1.18783,1.028160,1,0,122.581,0,0,0,122.581,0
72.29,2.68719,0,0,4.21464,0.294892,1.23255,3.6288,61.308,0.433658,0,0,1.83794,0.196891,1.20739,0.66528,12.849,1,0.477628,1.23255,0,88.9358,4.04074,85.65,0.84672,12.849,0.84672,3695.15,0,0.0036966,1.30738e-05,1.32297,1.55086,12.4767,1.05452,14.296,0.42336,0.0018483,0.21168,0.0018483,0.21168,460.486,0,1.02816,0,0,2.35113,1.32297,1.028160,1,0,101.153,0,0,0,101.153,0
72.29,2.68741,0,0,3.98012,0.29537,0.99734,3.6288,61.308,0.433775,0,0,2.08071,0.180256,1.46668,0.66528,12.849,1,0.477667,0.99734,0,85.7408,3.62229,82.6382,0.84672,12.849,0.84672,3695.15,0,0.0036966,1.30774e-05,1.51173,1.72251,12.22,0.920797,14.5334,0.42336,0.0018483,0.21168,0.0018483,0.21168,460.486,0,1.02816,0,0,2.53989,1.51173,1.028160,1,0,98.6382,0,0,0,98.6382,0
72.29,2.68762,0,0,4.07102,0.29537,1.08803,3.6288,61.308,0.433892,0,0,1.97694,0.180256,1.3628,0.66528,12.849,1,0.477705,1.08803,0,80.9689,3.62229,77.9569,0.84672,12.849,0.84672,3695.15,0,0.0036966,1.30809e-05,1.30113,1.72265,9.0542,0.920797,11.1572,0.42336,0.0018483,0.21168,0.0018483,0.21168,460.486,0,1.02816,0,0,2.32929,1.30113,1.028160,1,0,90.4769,0,0,0,90.4769,0
72.29,2.68784,0,0,3.5367,0.290176,0.558682,3.6288,61.308,0.43401,0,0,2.11778,0.191321,1.49245,0.66528,12.849,1,0.477743,0.558682,0,74.2081,3.88437,70.4047,0.84672,12.849,0.84672,3695.15,0,0.0036966,1.30844e-05,1.3561,1.72279,9.73356,1.00279,11.8097,0.42336,0.0018483,0.21168,0.0018483,0.21168,460.486,0,1.02816,0,0,2.38426,1.3561,1.028160,1,0,83.7068,0,0,0,83.7068,0
72.29,2.34733,0,0,4.12474,0.299886,1.47753,3.6288,61.308,0.22767,0,0,1.80063,0.184962,1.388,0.66528,12.849,1,0.41722,1.47753,0,63.2882,3.9477,60.4008,0.84672,12.849,0.84672,3695.15,0,0.0036966,6.86373e-06,1.10201,1.72293,7.94778,1.04444,9.72826,0.42336,0.0018483,0.21168,0.0018483,0.21168,460.486,0,1.02816,0,0,2.13017,1.10201,1.028160,1,0,71.517,0,0,0,71.517,0
72.29,2.34752,0,0,4.10895,0.321478,1.43996,3.6288,61.308,0.22777,0,0,1.70084,0.168987,1.30408,0.66528,12.849,1,0.417253,1.43996,0,68.0532,3.28167,65.7943,0.84672,12.849,0.84672,3695.15,0,0.0036966,6.86676e-06,0.869987,1.48835,7.18321,0.823881,8.71766,0.42336,0.0018483,0.21168,0.0018483,0.21168,460.486,0,1.02816,0,0,1.89815,0.869987,1.028160,1,0,75.816,0,0,0,75.816,0
72.29,2.3477,0,0,5.65109,0.321478,2.98191,3.6288,61.308,0.227871,0,0,1.87016,0.168987,1.47331,0.66528,12.849,1,0.417287,2.98191,0,103.575,3.28167,102.858,0.84672,12.849,0.84672,3695.15,0,0.0036966,6.8698e-06,0.885781,1.48847,8.61365,0.823881,10.164,0.42336,0.0018483,0.21168,0.0018483,0.21168,460.486,0,1.02816,0,0,1.91394,0.885781,1.028160,1,0,114.495,0,0,0,114.495,0
72.29,2.34789,0,0,6.1874,0.319936,3.51957,3.6288,61.308,0.227971,0,0,1.67441,0.177316,1.26913,0.66528,12.849,1,0.41732,3.51957,0,97.2052,3.46679,96.8407,0.84672,12.849,0.84672,3695.15,0,0.0036966,6.87283e-06,1.05054,1.48859,9.09619,0.87434,10.761,0.42336,0.0018483,0.21168,0.0018483,0.21168,460.486,0,1.02816,0,0,2.0787,1.05054,1.028160,1,0,108.871,0,0,0,108.871,0
72.29,2.34808,0,0,5.56436,0.313521,2.90276,3.6288,61.308,0.228072,0,0,1.9031,0.213272,1.46175,0.66528,12.849,1,0.417353,2.90276,0,83.6319,4.39699,81.7203,0.84672,12.849,0.84672,3695.15,0,0.0036966,6.87587e-06,1.12786,1.4887,9.16701,1.10936,10.6742,0.42336,0.0018483,0.21168,0.0018483,0.21168,460.486,0,1.02816,0,0,2.15602,1.12786,1.028160,1,0,93.8563,0,0,0,93.8563,0
72.29,2.43407,0,0,4.85489,0.327478,2.09334,3.6288,61.308,0.2787,0,0,1.83857,0.14329,1.41658,0.66528,12.849,1,0.432637,2.09334,0,53.0283,3.55284,51.1361,0.84672,12.849,0.84672,3695.15,0,0.0036966,8.40219e-06,1.10393,1.48882,7.55682,0.84519,9.30438,0.42336,0.0018483,0.21168,0.0018483,0.21168,460.486,0,1.02816,0,0,2.13209,1.10393,1.028160,1,0,61.8571,0,0,0,61.8571,0
72.29,2.43426,0,0,4.45236,0.326258,1.69184,3.6288,61.308,0.554413,0,0,1.53231,0.148945,0.828955,0.66528,12.849,1,0.432672,1.69184,0,61.3776,3.64833,58.9885,0.84672,12.849,0.84672,3695.15,0,0.0036966,1.67143e-05,0.528595,1.54692,7.13724,0.902077,8.31067,0.42336,0.0018483,0.21168,0.0018483,0.21168,460.486,0,0.752544,0,0,1.28114,0.528595,1.028160,1,0,68.1281,0,0,0,68.1281,0
72.29,2.43446,0,0,4.41746,0.326258,1.65674,3.6288,61.308,0.27891,0,0,2.53429,0.148945,2.10644,0.66528,12.849,1,0.432707,1.65674,0,62.7271,3.64833,60.3028,0.84672,12.849,0.84672,3695.15,0,0.0036966,8.40851e-06,1.67429,1.54704,10.3552,0.902077,12.6745,0.42336,0.0018483,0.21168,0.0018483,0.21168,460.486,0,1.02816,0,0,2.70245,1.67429,1.028160,1,0,75.0837,0,0,0,75.0837,0
72.29,2.43465,0,0,3.94502,0.313595,1.19677,3.6288,61.308,0.279014,0,0,2.2821,0.155617,1.84747,0.66528,12.849,1,0.432741,1.19677,0,63.6817,3.77127,60.6745,0.84672,12.849,0.84672,3695.15,0,0.0036966,8.41167e-06,0.921292,1.54717,8.80459,0.924845,10.3482,0.42336,0.0018483,0.21168,0.0018483,0.21168,460.486,0,1.02816,0,0,1.94945,0.921292,1.028160,1,0,72.8702,0,0,0,72.8702,0
72.29,2.40129,0,0,3.6149,0.257386,0.956221,3.6288,61.308,0.259489,0,0,1.67001,0.163443,1.24708,0.66528,12.849,1,0.426811,0.956221,0,54.1081,3.75603,50.8815,0.84672,12.849,0.84672,3695.15,0,0.0036966,7.823e-06,0.651594,1.54729,7.01896,0.963303,8.25454,0.42336,0.0018483,0.21168,0.0018483,0.21168,460.486,0,1.02816,0,0,1.67975,0.651594,1.028160,1,0,60.3831,0,0,0,60.3831,0
72.1132,2.40148,0,0,2.87951,0.291985,0.36288,3.6288,61.308,0.467507,0,0,1.51342,0.184555,0.861355,0.66528,12.849,1,0.426846,0.36288,0,42.8461,3.9847,38.7974,0.84672,12.849,0.84672,3695.15,0,0.0036966,1.40943e-05,0.528595,1.52484,5.95769,0.989436,7.02167,0.42336,0.0018483,0.21168,0.0018483,0.21168,460.486,0,0.820238,0,0,1.34883,0.528595,1.028160,1,0,46.6805,0,0,0,46.6805,0
71.7307,2.40079,0,0,2.60959,0.228407,0.36288,3.6288,61.308,0.448396,0,0,1.25254,0.220742,0.583404,0.66528,12.849,1,0.427768,0.36288,0,38.7418,4.32072,34.3562,0.84672,12.849,0.84672,3695.15,0,0.0036966,1.35181e-05,0.402797,1.52496,5.47222,1.01151,6.38846,0.42336,0.0018483,0.21168,0.0018483,0.21168,460.486,0,0.839454,0,0,1.24225,0.402797,1.028160,1,0,41.3281,0,0,0,41.3281,0
71.303,2.39904,0,0,2.53404,0.199773,0.36288,3.6288,61.308,0.358957,0,0,1.35416,0.233821,0.761378,0.66528,12.849,1,0.429737,0.36288,0,37.3665,4.43604,32.8636,0.84672,12.849,0.84672,3695.15,0,0.0036966,1.08217e-05,0.402797,1.52509,6.05586,1.01839,6.96534,0.42336,0.0018483,0.21168,0.0018483,0.21168,460.486,0,0.928999,0,0,1.3318,0.402797,1.028160,1,0,40.5904,0,0,0,40.5904,0
70.6862,2.51076,0,0,2.45792,0.201073,0.36288,3.6288,61.308,0.545334,0,0,1.38057,0.239876,0.595358,0.66528,12.849,1,0.452446,0.36288,0,35.8354,4.71463,31.0311,0.84672,12.849,0.84672,3695.15,0,0.0036966,1.64406e-05,0.402797,1.52521,5.62757,1.06075,6.4948,0.42336,0.0018483,0.21168,0.0018483,0.21168,460.486,0,0.812359,0,0,1.21516,0.402797,1.028160,1,0,38.1213,0,0,0,38.1213,0
69.9554,2.50762,0,0,2.32622,0.186524,0.36288,3.6288,61.308,0.599424,0,0,1.10697,0.234064,0.273487,0.66528,12.849,1,0.455823,0.36288,0,34.3526,4.67936,29.5803,0.84672,12.849,0.84672,3695.15,0,0.0036966,1.80713e-05,0.402797,1.60428,5.10659,1.12014,5.99351,0.42336,0.0018483,0.21168,0.0018483,0.21168,460.486,0,0.758376,0,0,1.16117,0.402797,1.028160,1,0,35.8473,0,0,0,35.8473,0
69.0285,2.5038,0,0,2.08738,0.147637,0.36288,3.6288,61.308,0.49278,0,0,1.07564,0.236006,0.34685,0.66528,12.849,1,0.459883,0.36288,0,30.05,4.74421,25.2088,0.84672,12.849,0.84672,3695.15,0,0.0036966,1.48562e-05,0.30119,1.60441,4.77293,1.07917,5.59935,0.42336,0.0018483,0.21168,0.0018483,0.21168,460.486,0,0.865132,0,0,1.16632,0.30119,1.028160,1,0,31.155,0,0,0,31.155,0
68.0814,2.49879,0,0,2.06121,0.14658,0.36288,3.6288,61.308,0.5174,0,0,1.16834,0.236006,0.414929,0.66528,12.849,1,0.465127,0.36288,0,29.0597,4.74421,24.2132,0.84672,12.849,0.84672,3695.15,0,0.0036966,1.55985e-05,0.30119,1.60454,5.23292,1.07917,6.05946,0.42336,0.0018483,0.21168,0.0018483,0.21168,460.486,0,0.84062,0,0,1.14181,0.30119,1.028160,1,0,30.6876,0,0,0,30.6876,0
67.0612,2.49355,0,0,1.97808,0.141895,0.36288,3.6288,61.308,0.432891,0,0,1.08947,0.241889,0.414689,0.66528,12.849,1,0.470607,0.36288,0,28.1215,4.79274,23.221,0.84672,12.849,0.84672,3695.15,0,0.0036966,1.30507e-05,0.30119,1.60467,4.7126,1.09963,5.51882,0.42336,0.0018483,0.21168,0.0018483,0.21168,460.486,0,0.92524,0,0,1.22643,0.30119,1.028160,1,0,29.1545,0,0,0,29.1545,0
66.2759,2.46546,0,0,2.16237,0.119307,0.36288,3.6288,61.308,0.368373,0,0,1.08396,0.277188,0.438396,0.66528,12.849,1,0.472384,0.36288,0,33.0086,5.08389,27.8152,0.84672,12.849,0.84672,3695.15,0,0.0036966,1.11056e-05,0.80015,1.6048,5.31084,1.22239,6.49339,0.42336,0.0018483,0.21168,0.0018483,0.21168,460.486,0,1.02816,0,0,1.82831,0.80015,1.028160,1,0,34.747,0,0,0,34.747,0
65.3207,2.46097,0,0,1.98716,0.118567,0.36288,3.6288,61.308,0.368485,0,0,1.0528,0.277188,0.407128,0.66528,12.849,1,0.477111,0.36288,0,32.4873,5.08389,27.2891,0.84672,12.849,0.84672,3695.15,0,0.0036966,1.1109e-05,0.800919,1.62953,5.35531,1.22239,6.56336,0.42336,0.0018483,0.21168,0.0018483,0.21168,460.486,0,1.02816,0,0,1.82908,0.800919,1.028160,1,0,34.2596,0,0,0,34.2596,0
64.1936,2.45533,0,0,1.80878,0.117666,0.36288,3.6288,61.308,0.368597,0,0,0.984666,0.277188,0.338881,0.66528,12.849,1,0.48298,0.36288,0,31.1878,5.08389,25.9838,0.84672,12.849,0.84672,3695.15,0,0.0036966,1.11124e-05,0.556615,1.62966,5.03083,1.22239,5.99471,0.42336,0.0018483,0.21168,0.0018483,0.21168,460.486,0,1.02816,0,0,1.58477,0.556615,1.028160,1,0,32.3174,0,0,0,32.3174,0
62.9423,2.44846,0,0,1.66323,0.1032,0.36288,3.6288,61.308,0.368709,0,0,0.940118,0.310096,0.261314,0.66528,12.849,1,0.490085,0.36288,0,27.6488,5.50734,22.0142,0.84672,12.849,0.84672,3695.15,0,0.0036966,1.11158e-05,0.548718,1.6298,4.84073,1.37695,5.64228,0.42336,0.0018483,0.21168,0.0018483,0.21168,460.486,0,1.02816,0,0,1.57688,0.548718,1.028160,1,0,27.9178,0,0,0,27.9178,0
61.8355,2.49752,0,0,1.8285,0.0748679,0.36288,3.6288,61.308,0.402956,0,0,0.984165,0.340065,0.241144,0.66528,12.849,1,0.509843,0.36288,0,24.7184,5.87664,18.6948,0.84672,12.849,0.84672,3695.15,0,0.0036966,1.21482e-05,0.431024,1.62993,4.40326,1.50208,4.96213,0.42336,0.0018483,0.21168,0.0018483,0.21168,460.486,0,1.02816,0,0,1.45918,0.431024,1.028160,1,0,23.8981,0,0,0,23.8981,0
60.8564,2.49017,0,0,1.94434,0.0703866,0.36288,3.6288,61.308,0.403071,0,0,1.06776,0.334503,0.330184,0.66528,12.849,1,0.51744,0.36288,0,34.3034,5.79852,28.3503,0.84672,12.849,0.84672,3695.15,0,0.0036966,1.21517e-05,0.653521,1.66928,4.89278,1.46969,5.74588,0.42336,0.0018483,0.21168,0.0018483,0.21168,460.486,0,1.02816,0,0,1.68168,0.653521,1.028160,1,0,34.4264,0,0,0,34.4264,0
59.7536,2.48349,0,0,1.81338,0.0698187,0.36288,3.6288,61.308,0.403185,0,0,0.945743,0.334503,0.208055,0.66528,12.849,1,0.524355,0.36288,0,27.1371,5.79852,21.1771,0.84672,12.849,0.84672,3695.15,0,0.0036966,1.21551e-05,0.631852,1.66942,4.46598,1.46969,5.29755,0.42336,0.0018483,0.21168,0.0018483,0.21168,460.486,0,1.02816,0,0,1.66001,0.631852,1.028160,1,0,26.6827,0,0,0,26.6827,0
58.4953,2.47572,0,0,1.64945,0.069133,0.36288,3.6288,61.308,0.4033,0,0,0.888348,0.334503,0.150545,0.66528,12.849,1,0.532363,0.36288,0,24.9536,5.79852,18.9856,0.84672,12.849,0.84672,3695.15,0,0.0036966,1.21586e-05,0.372082,1.66955,4.08733,1.46969,4.65927,0.42336,0.0018483,0.21168,0.0018483,0.21168,460.486,0,1.02816,0,0,1.40024,0.372082,1.028160,1,0,23.7954,0,0,0,23.7954,0
57.1178,2.63126,0,0,1.67102,0.0544216,0.36288,3.6288,61.308,0.526665,0,0,1.03505,0.334021,0.174361,0.66528,12.849,1,0.577979,0.36288,0,23.8504,5.97855,17.6567,0.84672,12.849,0.84672,3695.15,0,0.0036966,1.58778e-05,0.772442,1.66969,5.6058,1.52303,6.52489,0.42336,0.0018483,0.21168,0.0018483,0.21168,460.486,0,1.02816,0,0,1.8006,0.772442,1.028160,1,0,24.356,0,0,0,24.356,0
55.1713,2.62009,0,0,1.08624,0.0497026,0.36288,3.6288,61.2857,0.526789,0,0,0.819167,0.314686,0,0.66528,12.849,1,0.589406,0.36288,0,17.651,5.9052,11.5193,0.84672,12.849,0.84672,3695.15,0,0.0036966,1.58815e-05,0.348736,1.8027,4.66729,1.5518,5.26691,0.42336,0.0018483,0.21168,0.0018483,0.21168,460.486,0,1.02816,0,0,1.3769,0.348736,1.028160,1,0,16.7862,0,0,0,16.7862,0
53.2652,2.60343,0,0,1.10894,0.0487511,0.36288,3.6288,61.2286,0.526914,0,0,0.784512,0.314641,0,0.66528,12.849,1,0.60632,0.36288,0,16.2847,5.9052,10.136,0.84672,12.849,0.84672,3695.15,0,0.0036966,1.58911e-05,0.292689,1.80284,4.78481,1.5518,5.32853,0.42336,0.0018483,0.21168,0.0018483,0.21168,460.486,0,1.02816,0,0,1.32085,0.292689,1.028160,1,0,15.4646,0,0,0,15.4646,0
51.9166,2.58615,0,0,1.65259,0.0521363,0.36288,3.6288,61.308,0.527039,0,0,0.928783,0.313456,0.008937,0.66528,12.849,1,0.62385,0.36288,0,20.9626,5.87552,14.8261,0.84672,12.849,0.84672,3695.15,0,0.0036966,1.59096e-05,0.563103,1.80299,5.244,1.54816,6.06191,0.42336,0.0018483,0.21168,0.0018483,0.21168,460.486,0,1.02816,0,0,1.59126,0.563103,1.028160,1,0,20.897,0,0,0,20.897,0
51.2667,2.57337,0,0,2.35708,0.070785,0.36288,3.6288,61.308,0.527163,0,0,1.20029,0.304374,0.368749,0.66528,12.849,1,0.636891,0.36288,0,30.7501,5.81197,24.6641,0.84672,12.849,0.84672,3695.15,0,0.0036966,1.58928e-05,0.638859,1.80313,5.74163,1.52476,6.65884,0.42336,0.0018483,0.21168,0.0018483,0.21168,460.486,0,1.02816,0,0,1.66702,0.638859,1.028160,1,0,31.6917,0,0,0,31.6917,0
50.3115,2.48879,0,0,1.95037,0.0538168,0.36288,3.6288,61.308,0.45245,0,0,1.69186,0.267676,0.971733,0.66528,12.849,1,0.623768,0.36288,0,18.5934,5.11801,13.2145,0.84672,12.849,0.84672,3695.15,0,0.0036966,1.36404e-05,1.24827,1.80328,5.33398,1.34155,7.04396,0.42336,0.0018483,0.21168,0.0018483,0.21168,460.486,0,1.02816,0,0,2.27643,1.24827,1.028160,1,0,21.2302,0,0,0,21.2302,0
49.0696,2.47956,0,0,1.65376,0.0532804,0.36288,3.6288,61.308,0.494117,0,0,0.918527,0.267676,0.156734,0.66528,12.849,1,0.633251,0.36288,0,18.5673,5.11801,13.1789,0.84672,12.849,0.84672,3695.15,0,0.0036966,1.48965e-05,0.216518,1.72724,3.9453,1.34155,4.54749,0.42336,0.0018483,0.21168,0.0018483,0.21168,460.486,0,0.98661,0,0,1.20313,0.216518,1.028160,1,0,17.8831,0,0,0,17.8831,0
48.0992,2.46705,0,0,1.94403,0.0844398,0.36288,3.6288,61.308,0.463816,0,0,0.933215,0.237354,0.232046,0.66528,12.849,1,0.646004,0.36288,0,18.7027,4.70275,13.7169,0.84672,12.849,0.84672,3695.15,0,0.0036966,1.3983e-05,0.216518,1.72738,4.12013,1.21176,4.85226,0.42336,0.0018483,0.21168,0.0018483,0.21168,460.486,0,1.01703,0,0,1.23355,0.216518,1.028160,1,0,18.8012,0,0,0,18.8012,0
50.5941,2.45696,0,0,5.47706,0.162371,0.36288,3.6288,61.308,0.452806,0,0,2.26549,0.161547,1.65113,0.66528,12.849,1,0.656342,0.36288,0,59.7585,3.66461,55.8004,0.84672,12.849,0.84672,3695.15,0,0.0036966,1.36511e-05,0.995907,1.72752,10.9664,0.887269,12.8025,0.42336,0.0018483,0.21168,0.0018483,0.21168,460.486,0,1.02816,0,0,2.02407,0.995907,1.028160,1,0,70.2541,0,0,0,70.2541,0
50.4272,2.41883,0,0,2.81058,0.19572,0.36288,3.6288,61.308,0.384782,0,0,1.1455,0.188012,0.572702,0.66528,12.849,1,0.614293,0.36288,0,37.6797,3.83675,33.5916,0.84672,12.849,0.84672,3695.15,0,0.0036966,1.16003e-05,0.51046,1.72766,4.81997,0.927403,6.13067,0.42336,0.0018483,0.21168,0.0018483,0.21168,460.486,0,1.02816,0,0,1.53862,0.51046,1.028160,1,0,40.2949,0,0,0,40.2949,0
50.9426,2.41741,0,0,3.51267,0.217053,0.36288,3.6288,61.308,0.384895,0,0,1.5635,0.207861,0.970745,0.66528,12.849,1,0.615962,0.36288,0,40.7815,3.96585,36.5626,0.84672,12.849,0.84672,3695.15,0,0.0036966,1.16037e-05,1.39804,1.66007,7.51829,0.957504,9.61888,0.42336,0.0018483,0.21168,0.0018483,0.21168,460.486,0,1.02816,0,0,2.4262,1.39804,1.028160,1,0,47.1522,0,0,0,47.1522,0
50.2718,2.42258,0,0,2.33291,0.21823,0.36288,3.6288,61.308,0.385009,0,0,1.50983,0.207861,0.916962,0.66528,12.849,1,0.611036,0.36288,0,25.1003,3.96585,20.8863,0.84672,12.849,0.84672,3695.15,0,0.0036966,1.16072e-05,1.47236,1.66021,5.59969,0.957504,7.77474,0.42336,0.0018483,0.21168,0.0018483,0.21168,460.486,0,1.02816,0,0,2.50052,1.47236,1.028160,1,0,29.578,0,0,0,29.578,0
50.6482,2.41628,0,0,3.41613,0.260532,0.36288,3.6288,61.308,0.385122,0,0,1.19297,0.225107,0.582746,0.66528,12.849,1,0.617578,0.36288,0,48.9713,4.2558,44.4608,0.84672,12.849,0.84672,3695.15,0,0.0036966,1.16106e-05,0.890726,1.66034,10.2943,1.0252,11.8202,0.42336,0.0018483,0.21168,0.0018483,0.21168,460.486,0,1.02816,0,0,1.91889,0.890726,1.028160,1,0,56.8637,0,0,0,56.8637,0
54.4031,2.23787,0,0,6.61279,0.257123,0.36288,3.6288,61.308,0.243268,0,0,1.53409,0.239609,1.05122,0.66528,12.849,1,0.567728,0.36288,0,99.6365,4.32579,95.1058,0.84672,12.849,0.84672,3695.15,0,0.0036966,7.33398e-06,2.36329,1.66047,12.2736,1.01666,15.2806,0.42336,0.0018483,0.21168,0.0018483,0.21168,460.486,0,1.02816,0,0,3.39145,2.36329,1.028160,1,0,111.438,0,0,0,111.438,0
58.0395,2.26975,0,0,6.47894,0.209975,0.36288,3.6288,61.308,0.243369,0,0,1.12801,0.258619,0.626024,0.66528,12.849,1,0.536073,0.36288,0,91.673,4.21081,87.289,0.84672,12.849,0.84672,3695.15,0,0.0036966,7.33705e-06,1.40438,1.50809,15.6383,0.927644,17.6231,0.42336,0.0018483,0.21168,0.0018483,0.21168,460.486,0,1.02816,0,0,2.43254,1.40438,1.028160,1,0,105.538,0,0,0,105.538,0
60.8204,2.29744,0,0,5.65891,0.21769,0.36288,3.6288,61.308,0.243472,0,0,5.60304,0.258619,5.10095,0.66528,12.849,1,0.508616,0.36288,0,115.47,4.21081,111.114,0.84672,12.849,0.84672,3695.15,0,0.0036966,7.34013e-06,5.65829,1.50822,21.4,0.927644,27.6388,0.42336,0.0018483,0.21168,0.0018483,0.21168,460.486,0,1.02816,0,0,6.68645,5.65829,1.028160,1,0,143.853,0,0,0,143.853,0
63.3464,2.31683,0,0,5.44479,0.239002,0.36288,3.6288,61.308,0.243573,0,0,3.03458,0.257071,2.53393,0.66528,12.849,1,0.489457,0.36288,0,105.847,4.46162,101.259,0.84672,12.849,0.84672,3695.15,0,0.0036966,7.3432e-06,2.92501,1.50834,14.3339,1.03308,17.7342,0.42336,0.0018483,0.21168,0.0018483,0.21168,460.486,0,1.02816,0,0,3.95317,2.92501,1.028160,1,0,121.527,0,0,0,121.527,0
63.9103,2.33324,0,0,3.54372,0.283706,0.36288,3.6288,61.308,0.243675,0,0,1.67556,0.253199,1.17868,0.66528,12.849,1,0.473268,0.36288,0,48.6122,5.08861,43.4132,0.84672,12.849,0.84672,3695.15,0,0.0036966,7.34627e-06,2.06951,1.50846,9.61243,1.29667,11.8937,0.42336,0.0018483,0.21168,0.0018483,0.21168,460.486,0,1.02816,0,0,3.09767,2.06951,1.028160,1,0,56.4856,0,0,0,56.4856,0
63.8421,2.41011,0,0,2.98604,0.281305,0.36288,3.6288,61.308,0.284902,0,0,0.839238,0.198696,0.35564,0.66528,12.849,1,0.484547,0.36288,0,46.5673,3.54989,42.8957,0.84672,12.849,0.84672,3695.15,0,0.0036966,8.58915e-06,0.780183,1.50858,10.2025,0.925936,11.5654,0.42336,0.0018483,0.21168,0.0018483,0.21168,460.486,0,1.02816,0,0,1.80834,0.780183,1.028160,1,0,54.8167,0,0,0,54.8167,0
65.9488,2.40986,0,0,5.15999,0.280533,0.36288,3.6288,61.308,0.285,0,0,1.15152,0.189613,0.67691,0.66528,12.849,1,0.485015,0.36288,0,100.251,3.29343,96.8352,0.84672,12.849,0.84672,3695.15,0,0.0036966,8.59211e-06,1.08487,1.55695,11.2002,0.864147,12.9779,0.42336,0.0018483,0.21168,0.0018483,0.21168,460.486,0,1.02816,0,0,2.11303,1.08487,1.028160,1,0,110.49,0,0,0,110.49,0
67.1223,2.42301,0,0,4.24471,0.285324,0.36288,3.6288,61.308,0.285098,0,0,1.35791,0.189613,0.883195,0.66528,12.849,1,0.472083,0.36288,0,76.4467,3.29343,73.0441,0.84672,12.849,0.84672,3695.15,0,0.0036966,8.59507e-06,1.73648,1.55707,12.4351,0.864147,14.8645,0.42336,0.0018483,0.21168,0.0018483,0.21168,460.486,0,1.02816,0,0,2.76464,1.73648,1.028160,1,0,88.7918,0,0,0,88.7918,0
71.7401,2.43012,0,0,7.71891,0.308053,0.36288,3.6288,61.308,0.285196,0,0,2.4091,0.179706,1.9442,0.66528,12.849,1,0.465191,0.36288,0,144.277,3.44067,140.734,0.84672,12.849,0.84672,3695.15,0,0.0036966,8.59803e-06,3.32675,1.55718,15.1275,0.83162,19.1798,0.42336,0.0018483,0.21168,0.0018483,0.21168,460.486,0,1.02816,0,0,4.35491,3.32675,1.028160,1,0,161.858,0,0,0,161.858,0
72.29,2.69523,0,0,6.14782,0.332327,2.57038,3.6288,61.308,0.439725,0,0,1.88505,0.171038,1.27429,0.66528,12.849,1,0.482728,2.57038,0,131.161,3.34554,129.903,0.84672,12.849,0.84672,3695.15,0,0.0036966,1.32567e-05,1.99961,1.5573,11.8663,0.766715,14.6565,0.42336,0.0018483,0.21168,0.0018483,0.21168,460.486,0,1.02816,0,0,3.02777,1.99961,1.028160,1,0,145.834,0,0,0,145.834,0
72.29,2.69855,0,0,4.56557,0.3303,1.53673,3.6288,61.308,0.439835,0,0,1.08995,0.169388,0.48073,0.66528,12.849,1,0.479647,1.53673,0,102.201,3.07146,100.186,0.84672,12.849,0.84672,3695.15,0,0.0036966,1.326e-05,1.43891,1.72966,7.20533,0.712701,9.66118,0.42336,0.0018483,0.21168,0.0018483,0.21168,460.486,0,1.02816,0,0,2.46707,1.43891,1.028160,1,0,110.328,0,0,0,110.328,0
72.29,2.69875,0,0,3.96634,0.325105,0.942483,3.6288,61.308,0.439944,0,0,1.1676,0.180454,0.547203,0.66528,12.849,1,0.479682,0.942483,0,93.6671,3.33354,90.7964,0.84672,12.849,0.84672,3695.15,0,0.0036966,1.32633e-05,1.49714,1.72979,7.74583,0.794692,10.1781,0.42336,0.0018483,0.21168,0.0018483,0.21168,460.486,0,1.02816,0,0,2.5253,1.49714,1.028160,1,0,101.522,0,0,0,101.522,0
72.29,2.69895,0,0,4.68444,0.304286,1.6812,3.6288,61.308,0.440054,0,0,1.20462,0.19176,0.572809,0.66528,12.849,1,0.479718,1.6812,0,95.0555,4.36953,91.8875,0.84672,12.849,0.84672,3695.15,0,0.0036966,1.32667e-05,1.77249,1.72992,8.89574,1.16779,11.2303,0.42336,0.0018483,0.21168,0.0018483,0.21168,460.486,0,1.02816,0,0,2.80065,1.77249,1.028160,1,0,103.691,0,0,0,103.691,0
72.29,2.35702,0,0,5.21914,0.305641,2.55648,3.6288,61.308,0.232854,0,0,1.53799,0.198082,1.10705,0.66528,12.849,1,0.418942,2.55648,0,113.018,3.7202,111.435,0.84672,12.849,0.84672,3695.15,0,0.0036966,7.02004e-06,2.12998,1.73005,10.5163,0.914614,13.4618,0.42336,0.0018483,0.21168,0.0018483,0.21168,460.486,0,1.02816,0,0,3.15814,2.12998,1.028160,1,0,126.004,0,0,0,126.004,0
72.29,2.3572,0,0,6.66502,0.360625,3.9472,3.6288,61.308,0.232949,0,0,2.33019,0.186244,1.911,0.66528,12.849,1,0.418974,3.9472,0,154.929,3.63668,154.821,0.84672,12.849,0.84672,3695.15,0,0.0036966,7.02288e-06,4.16121,1.49449,13.2595,1.01309,17.9022,0.42336,0.0018483,0.21168,0.0018483,0.21168,460.486,0,1.02816,0,0,5.18937,4.16121,1.028160,1,0,174.634,0,0,0,174.634,0
72.29,2.35737,0,0,7.22814,0.360625,4.51014,3.6288,61.308,0.233043,0,0,2.47146,0.186244,2.05218,0.66528,12.849,1,0.419005,4.51014,0,164.197,3.63668,164.652,0.84672,12.849,0.84672,3695.15,0,0.0036966,7.02573e-06,3.27561,1.4946,16.2949,1.01309,20.052,0.42336,0.0018483,0.21168,0.0018483,0.21168,460.486,0,1.02816,0,0,4.30377,3.27561,1.028160,1,0,186.756,0,0,0,186.756,0
72.29,2.35755,0,0,7.81255,0.348115,5.10688,3.6288,61.308,0.233137,0,0,2.78376,0.203907,2.34671,0.66528,12.849,1,0.419036,5.10688,0,138.67,4.14198,139.216,0.84672,12.849,0.84672,3695.15,0,0.0036966,7.02857e-06,3.70907,1.49472,14.8934,1.08532,19.0118,0.42336,0.0018483,0.21168,0.0018483,0.21168,460.486,0,1.02816,0,0,4.73723,3.70907,1.028160,1,0,160.575,0,0,0,160.575,0
72.29,2.35772,0,0,6.71511,0.331434,4.02595,3.6288,61.308,0.233232,0,0,1.8361,0.227458,1.37541,0.66528,12.849,1,0.419068,4.02595,0,98.928,4.81572,97.7192,0.84672,12.849,0.84672,3695.15,0,0.0036966,7.03142e-06,2.9471,1.49483,10.7429,1.18163,14.0032,0.42336,0.0018483,0.21168,0.0018483,0.21168,460.486,0,1.02816,0,0,3.97526,2.9471,1.028160,1,0,113.098,0,0,0,113.098,0
72.29,2.44405,0,0,4.75654,0.327813,1.98468,3.6288,61.308,0.284061,0,0,1.09133,0.187085,0.620182,0.66528,12.849,1,0.434412,1.98468,0,102.657,3.7065,100.501,0.84672,12.849,0.84672,3695.15,0,0.0036966,8.5638e-06,1.25681,1.49494,7.77055,1.00437,9.51791,0.42336,0.0018483,0.21168,0.0018483,0.21168,460.486,0,1.02816,0,0,2.28497,1.25681,1.028160,1,0,110.639,0,0,0,110.639,0
72.29,2.44424,0,0,4.14711,0.327813,1.37506,3.6288,61.308,0.284159,0,0,1.22143,0.187085,0.750185,0.66528,12.849,1,0.434444,1.37506,0,71.2981,3.7065,68.5323,0.84672,12.849,0.84672,3695.15,0,0.0036966,8.56675e-06,1.48585,1.55326,5.70157,1.00437,7.7363,0.42336,0.0018483,0.21168,0.0018483,0.21168,460.486,0,1.02816,0,0,2.51401,1.48585,1.028160,1,0,77.0187,0,0,0,77.0187,0
72.29,2.44442,0,0,3.86081,0.33696,1.07943,3.6288,61.308,0.284257,0,0,1.39098,0.178263,0.92846,0.66528,12.849,1,0.434477,1.07943,0,64.5797,3.49023,61.7344,0.84672,12.849,0.84672,3695.15,0,0.0036966,8.56971e-06,1.62258,1.55338,7.81758,0.963252,10.0303,0.42336,0.0018483,0.21168,0.0018483,0.21168,460.486,0,1.02816,0,0,2.65074,1.62258,1.028160,1,0,72.6932,0,0,0,72.6932,0
72.29,2.4446,0,0,3.40216,0.301398,0.656164,3.6288,61.308,0.284355,0,0,1.44095,0.194562,0.962037,0.66528,12.849,1,0.434509,0.656164,0,60.5413,3.70535,57.0576,0.84672,12.849,0.84672,3695.15,0,0.0036966,8.57267e-06,1.7181,1.5535,6.05922,0.999862,8.33095,0.42336,0.0018483,0.21168,0.0018483,0.21168,460.486,0,1.02816,0,0,2.74626,1.7181,1.028160,1,0,66.3506,0,0,0,66.3506,0
72.29,2.41109,0,0,3.71318,0.214636,1.08745,3.6288,61.308,0.264742,0,0,1.07552,0.199187,0.611595,0.66528,12.849,1,0.428553,1.08745,0,66.7386,3.323,64.0745,0.84672,12.849,0.84672,3695.15,0,0.0036966,7.9814e-06,1.11839,1.55361,4.9038,1.08442,6.49138,0.42336,0.0018483,0.21168,0.0018483,0.21168,460.486,0,1.02816,0,0,2.14655,1.11839,1.028160,1,0,71.1775,0,0,0,71.1775,0
72.29,2.41127,0,0,3.70145,0.17993,1.11025,3.6288,61.308,0.264839,0,0,1.19977,0.201037,0.733892,0.66528,12.849,1,0.428585,1.11025,0,67.2468,3.17005,64.7585,0.84672,12.849,0.84672,3695.15,0,0.0036966,7.98431e-06,1.26837,1.53106,5.22789,1.11824,6.90907,0.42336,0.0018483,0.21168,0.0018483,0.21168,460.486,0,1.02816,0,0,2.29653,1.26837,1.028160,1,0,72.4014,0,0,0,72.4014,0
72.29,2.41145,0,0,4.18539,0.173848,1.60009,3.6288,61.308,0.264936,0,0,1.0579,0.204004,0.588959,0.66528,12.849,1,0.428617,1.60009,0,71.2316,3.40398,68.9991,0.84672,12.849,0.84672,3695.15,0,0.0036966,7.98723e-06,1.04921,1.53118,6.6548,1.12746,8.10772,0.42336,0.0018483,0.21168,0.0018483,0.21168,460.486,0,1.02816,0,0,2.07737,1.04921,1.028160,1,0,77.6958,0,0,0,77.6958,0
72.29,2.41163,0,0,3.54937,0.137356,1.00039,3.6288,61.308,0.265033,0,0,1.03816,0.221807,0.551316,0.66528,12.849,1,0.428649,1.00039,0,59.5157,4.80753,55.2799,0.84672,12.849,0.84672,3695.15,0,0.0036966,7.99014e-06,1.11838,1.53129,5.31868,1.1828,6.78554,0.42336,0.0018483,0.21168,0.0018483,0.21168,460.486,0,1.02816,0,0,2.14654,1.11838,1.028160,1,0,62.6168,0,0,0,62.6168,0
72.29,2.52622,0,0,3.17728,0.0705614,0.580501,3.6288,61.308,0.33505,0,0,0.976977,0.247296,0.394631,0.66528,12.849,1,0.449016,0.580501,0,42.67,5.00187,37.7996,0.84672,12.849,0.84672,3695.15,0,0.0036966,1.0101e-05,0.89335,1.53141,4.93551,1.29422,6.06604,0.42336,0.0018483,0.21168,0.0018483,0.21168,460.486,0,1.02816,0,0,1.92151,0.89335,1.028160,1,0,44.2603,0,0,0,44.2603,0
72.29,2.52641,0,0,3.02058,0.103384,0.390787,3.6288,61.308,0.335152,0,0,0.942477,0.24961,0.357715,0.66528,12.849,1,0.44905,0.390787,0,44.2593,4.44349,39.7575,0.84672,12.849,0.84672,3695.15,0,0.0036966,1.01041e-05,0.92867,1.61079,4.79848,1.12908,6.20886,0.42336,0.0018483,0.21168,0.0018483,0.21168,460.486,0,1.02816,0,0,1.95683,0.92867,1.028160,1,0,46.3241,0,0,0,46.3241,0
72.236,2.5266,0,0,2.93884,0.103384,0.36288,3.6288,61.308,0.335254,0,0,0.873029,0.24961,0.288165,0.66528,12.849,1,0.449084,0.36288,0,41.1488,4.44349,36.6191,0.84672,12.849,0.84672,3695.15,0,0.0036966,1.01072e-05,0.74101,1.61092,4.41945,1.12908,5.64228,0.42336,0.0018483,0.21168,0.0018483,0.21168,460.486,0,1.02816,0,0,1.76917,0.74101,1.028160,1,0,42.5495,0,0,0,42.5495,0
71.8339,2.5265,0,0,2.57625,0.0889513,0.36288,3.6288,61.308,0.335356,0,0,0.813283,0.259054,0.218874,0.66528,12.849,1,0.449402,0.36288,0,36.7641,4.5506,32.1269,0.84672,12.849,0.84672,3695.15,0,0.0036966,1.01102e-05,0.621311,1.61104,4.28781,1.15645,5.3637,0.42336,0.0018483,0.21168,0.0018483,0.21168,460.486,0,1.02816,0,0,1.64947,0.621311,1.028160,1,0,37.7095,0,0,0,37.7095,0
71.331,2.52456,0,0,2.43738,0.052815,0.36288,3.6288,61.308,0.335458,0,0,0.781955,0.282662,0.163835,0.66528,12.849,1,0.45157,0.36288,0,33.6073,4.81834,28.7002,0.84672,12.849,0.84672,3695.15,0,0.0036966,1.01133e-05,0.541676,1.61116,4.12494,1.22486,5.05291,0.42336,0.0018483,0.21168,0.0018483,0.21168,460.486,0,1.02816,0,0,1.56984,0.541676,1.028160,1,0,33.917,0,0,0,33.917,0
70.4294,2.49946,0,0,2.04487,0.0841742,0.36288,3.6288,61.308,0.374003,0,0,0.663682,0.254854,0.0348244,0.66528,12.849,1,0.450232,0.36288,0,36.005,4.83998,31.0777,0.84672,12.849,0.84672,3695.15,0,0.0036966,1.12754e-05,0.550161,1.61128,3.675,1.31259,4.52383,0.42336,0.0018483,0.21168,0.0018483,0.21168,460.486,0,1.02816,0,0,1.57832,0.550161,1.028160,1,0,35.6364,0,0,0,35.6364,0
69.4118,2.49477,0,0,1.92369,0.0835941,0.36288,3.6288,61.3051,0.374108,0,0,0.626065,0.254854,0,0.66528,12.849,1,0.455141,0.36288,0,35.7385,4.83998,30.8063,0.84672,12.849,0.84672,3695.15,0,0.0036966,1.12785e-05,0.44553,1.6361,3.84095,1.31259,4.60998,0.42336,0.0018483,0.21168,0.0018483,0.21168,460.486,0,1.02816,0,0,1.47369,0.44553,1.028160,1,0,35.4162,0,0,0,35.4162,0
68.2283,2.48933,0,0,1.75166,0.0829395,0.36288,3.6288,61.2958,0.374213,0,0,0.619732,0.254849,0,0.66528,12.849,1,0.460805,0.36288,0,35.462,4.83998,30.5241,0.84672,12.849,0.84672,3695.15,0,0.0036966,1.12822e-05,0.44763,1.63623,3.69672,1.31259,4.46797,0.42336,0.0018483,0.21168,0.0018483,0.21168,460.486,0,1.02816,0,0,1.47579,0.44763,1.028160,1,0,34.9921,0,0,0,34.9921,0
66.8853,2.48278,0,0,1.58484,0.0821781,0.36288,3.6288,61.2418,0.374318,0,0,0.575138,0.254834,0,0.66528,12.849,1,0.467567,0.36288,0,31.8452,4.83998,26.9006,0.84672,12.849,0.84672,3695.15,0,0.0036966,1.12871e-05,0.264565,1.63635,3.54548,1.31259,4.1338,0.42336,0.0018483,0.21168,0.0018483,0.21168,460.486,0,1.02816,0,0,1.29273,0.264565,1.028160,1,0,31.0344,0,0,0,31.0344,0
65.556,2.53286,0,0,1.63019,0.0637454,0.36288,3.6288,61.0556,0.408695,0,0,0.533094,0.310573,0,0.66528,12.849,1,0.486574,0.36288,0,29.7074,5.77478,23.809,0.84672,12.849,0.84672,3695.15,0,0.0036966,1.23346e-05,0.311299,1.63647,3.50342,1.53053,3.92066,0.42336,0.0018483,0.21168,0.0018483,0.21168,460.486,0,1.02816,0,0,1.33946,0.311299,1.028160,1,0,27.7296,0,0,0,27.7296,0
64.1656,2.52479,0,0,1.56304,0.0658466,0.36288,3.6288,60.8194,0.431395,0,0,0.508955,0.313697,0,0.66528,12.849,1,0.49486,0.36288,0,28.4938,5.98185,22.3799,0.84672,12.849,0.84672,3695.15,0,0.0036966,1.30594e-05,0.261274,1.67598,3.42068,1.51365,3.84427,0.42336,0.0018483,0.21168,0.0018483,0.21168,460.486,0,1.00557,0,0,1.26684,0.261274,1.028160,1,0,26.2242,0,0,0,26.2242,0
62.6676,2.51605,0,0,1.44147,0.0605153,0.36288,3.6288,60.5164,0.487488,0,0,0.500208,0.31581,0,0.66528,12.849,1,0.503832,0.36288,0,26.8814,6.05662,20.6838,0.84672,12.849,0.84672,3695.15,0,0.0036966,1.48147e-05,0.261274,1.6761,3.38956,1.52859,3.79833,0.42336,0.0018483,0.21168,0.0018483,0.21168,460.486,0,0.949579,0,0,1.21085,0.261274,1.028160,1,0,24.4821,0,0,0,24.4821,0
60.9234,2.50624,0,0,1.1762,0.0513055,0.36288,3.6288,60.2469,0.453253,0,0,0.49806,0.314278,0,0.66528,12.849,1,0.513865,0.36288,0,25.4174,6.21885,19.0476,0.84672,12.849,0.84672,3695.15,0,0.0036966,1.38433e-05,0.227405,1.67623,3.26003,1.46967,3.69398,0.42336,0.0018483,0.21168,0.0018483,0.21168,460.486,0,0.983923,0,0,1.21133,0.227405,1.028160,1,0,22.7416,0,0,0,22.7416,0
58.9085,2.66086,0,0,1.06632,0.0574259,0.36288,3.6288,59.7366,0.649684,0,0,0.446835,0.30745,0,0.66528,12.849,1,0.561186,0.36288,0,23.2812,6.08886,16.994,0.84672,12.849,0.84672,3695.15,0,0.0036966,1.99315e-05,0.227405,1.67635,3.13041,1.42634,3.60781,0.42336,0.0018483,0.21168,0.0018483,0.21168,460.486,0,0.911339,0,0,1.13874,0.227405,1.028160,1,0,20.6018,0,0,0,20.6018,0
56.911,2.6453,0,0,1.06372,0.0531095,0.36288,3.6288,59.0471,0.773772,0,0,0.392272,0.30797,0,0.66528,12.849,1,0.576986,0.36288,0,22.308,5.99634,16.0975,0.84672,12.849,0.84672,3695.15,0,0.0036966,2.39412e-05,0.227405,1.80989,2.82582,1.52294,3.34015,0.42336,0.0018483,0.21168,0.0018483,0.21168,460.486,0,0.787363,0,0,1.01477,0.227405,1.028160,1,0,19.4377,0,0,0,19.4377,0
54.8731,2.62897,0,0,1.00609,0.0520843,0.36288,3.6288,58.264,0.837253,0,0,0.360785,0.306614,0,0.66528,12.849,1,0.593552,0.36288,0,20.0483,5.99634,13.8213,0.84672,12.849,0.84672,3695.15,0,0.0036966,2.62078e-05,0.227405,1.81002,2.79375,1.52294,3.30821,0.42336,0.0018483,0.21168,0.0018483,0.21168,460.486,0,0.723997,0,0,0.951402,0.227405,1.028160,1,0,17.1295,0,0,0,17.1295,0
53.2373,2.6113,0,0,1.38938,0.0510383,0.36288,3.6288,57.6724,0.686087,0,0,0.399561,0.305074,0,0.66528,12.849,1,0.611458,0.36288,0,21.5048,5.99634,15.2599,0.84672,12.849,0.84672,3695.15,0,0.0036966,2.17646e-05,0.204422,1.81016,3.11442,1.52294,3.60603,0.42336,0.0018483,0.21168,0.0018483,0.21168,460.486,0,0.875284,0,0,1.07971,0.204422,1.028160,1,0,18.8659,0,0,0,18.8659,0
52.2269,2.59636,0,0,2.02282,0.0740042,0.36288,3.6288,57.3564,0.551217,0,0,0.531863,0.296709,0,0.66528,12.849,1,0.62664,0.36288,0,35.8851,5.85642,29.7649,0.84672,12.849,0.84672,3695.15,0,0.0036966,1.76655e-05,0.204422,1.81029,3.46343,1.50058,3.97755,0.42336,0.0018483,0.21168,0.0018483,0.21168,460.486,0,1.01028,0,0,1.2147,0.204422,1.028160,1,0,33.7425,0,0,0,33.7425,0
51.1901,2.50789,0,0,1.92097,0.086971,0.36288,3.6288,57.0603,0.531865,0,0,0.493959,0.258204,0,0.66528,12.849,1,0.616999,0.36288,0,25.4644,5.52902,19.6813,0.84672,12.849,0.84672,3695.15,0,0.0036966,1.71393e-05,0.204422,1.81043,2.92384,1.39184,3.54683,0.42336,0.0018483,0.21168,0.0018483,0.21168,460.486,0,0.954608,0,0,1.15903,0.204422,1.028160,1,0,23.2281,0,0,0,23.2281,0
49.9102,2.49809,0,0,1.67071,0.0896424,0.36288,3.6288,57.0572,0.458426,0,0,0.707862,0.252488,0,0.66528,12.849,1,0.627035,0.36288,0,20.3596,5.4412,14.6542,0.84672,12.849,0.84672,3695.15,0,0.0036966,1.48494e-05,0.887155,1.73408,3.27843,1.37484,4.52482,0.42336,0.0018483,0.21168,0.0018483,0.21168,460.486,0,1.02816,0,0,1.91532,0.887155,1.028160,1,0,19.179,0,0,0,19.179,0
48.4475,2.48549,0,0,1.47417,0.0884442,0.36288,3.6288,56.7148,0.500725,0,0,0.410814,0.252483,0,0.66528,12.849,1,0.63987,0.36288,0,20.8544,5.4412,15.1362,0.84672,12.849,0.84672,3695.15,0,0.0036966,1.62204e-05,0.216518,1.73421,2.51816,1.37484,3.09404,0.42336,0.0018483,0.21168,0.0018483,0.21168,460.486,0,0.985971,0,0,1.20249,0.216518,1.028160,1,0,18.2302,0,0,0,18.2302,0
46.7454,2.4704,0,0,1.21818,0.0870652,0.36288,3.6288,56.1907,0.634104,0,0,0.36192,0.251921,0,0.66528,12.849,1,0.655187,0.36288,0,19.2547,5.4412,13.5212,0.84672,12.849,0.84672,3695.15,0,0.0036966,2.0665e-05,0.216518,1.73434,2.33201,1.37484,2.90802,0.42336,0.0018483,0.21168,0.0018483,0.21168,460.486,0,0.852699,0,0,1.06922,0.216518,1.028160,1,0,16.4292,0,0,0,16.4292,0
45.6327,2.38853,0,0,1.80997,0.171167,0.36288,3.6288,55.8103,0.584781,0,0,0.402568,0.198224,0,0.66528,12.849,1,0.656541,0.36288,0,26.2584,4.38443,21.5803,0.84672,12.849,0.84672,3695.15,0,0.0036966,1.92354e-05,0.216518,1.73447,2.93145,1.03961,3.84281,0.42336,0.0018483,0.21168,0.0018483,0.21168,460.486,0,0.833721,0,0,1.05024,0.216518,1.028160,1,0,25.4232,0,0,0,25.4232,0
45.1632,2.37622,0,0,2.47994,0.210351,0.36288,3.6288,55.8886,0.390454,0,0,0.664486,0.195751,0,0.66528,12.849,1,0.669081,0.36288,0,42.6619,3.94432,38.4114,0.84672,12.849,0.84672,3695.15,0,0.0036966,1.29309e-05,0.44915,1.66661,4.2814,0.895501,5.50165,0.42336,0.0018483,0.21168,0.0018483,0.21168,460.486,0,1.02816,0,0,1.47731,0.44915,1.028160,1,0,43.913,0,0,0,43.913,0
45.9763,2.37098,0,0,3.75616,0.209245,0.36288,3.6288,56.5685,0.39056,0,0,1.26632,0.195851,0,0.66528,12.849,1,0.674547,0.36288,0,46.7139,3.94432,42.4579,0.84672,12.849,0.84672,3695.15,0,0.0036966,1.29163e-05,1.68119,1.66674,6.24864,0.895501,8.70105,0.42336,0.0018483,0.21168,0.0018483,0.21168,460.486,0,1.02816,0,0,2.70935,1.68119,1.028160,1,0,51.1589,0,0,0,51.1589,0
45.3383,2.38048,0,0,2.3249,0.219527,0.36288,3.6288,56.8257,0.390667,0,0,0.847992,0.200069,0,0.66528,12.849,1,0.665273,0.36288,0,38.8446,4.00232,34.5399,0.84672,12.849,0.84672,3695.15,0,0.0036966,1.27645e-05,1.16984,1.66686,6.18855,0.90904,8.1162,0.42336,0.0018483,0.21168,0.0018483,0.21168,460.486,0,1.02816,0,0,2.198,1.16984,1.028160,1,0,42.6561,0,0,0,42.6561,0
47.3337,2.19462,0,0,4.81706,0.264162,0.36288,3.6288,57.4137,0.248249,0,0,1.05799,0.221747,0,0.66528,12.849,1,0.621962,0.36288,0,91.5219,4.33425,86.9285,0.84672,12.849,0.84672,3695.15,0,0.0036966,8.0745e-06,1.22971,1.66699,8.36605,0.999901,10.2628,0.42336,0.0018483,0.21168,0.0018483,0.21168,460.486,0,1.02816,0,0,2.25787,1.22971,1.028160,1,0,97.1914,0,0,0,97.1914,0
47.7528,2.21541,0,0,3.2451,0.247735,0.36288,3.6288,57.7277,0.248345,0,0,0.792305,0.230029,0,0.66528,12.849,1,0.601386,0.36288,0,91.1648,4.23822,86.6881,0.84672,12.849,0.84672,3695.15,0,0.0036966,7.99488e-06,0.95739,1.514,9.67041,1.05768,11.0841,0.42336,0.0018483,0.21168,0.0018483,0.21168,460.486,0,1.02816,0,0,1.98555,0.95739,1.028160,1,0,97.7722,0,0,0,97.7722,0
50.0318,2.21974,0,0,5.11055,0.248876,0.36288,3.6288,58.9492,0.248441,0,0,1.70052,0.230497,0,0.66528,12.849,1,0.597272,0.36288,0,122.551,4.23822,118.078,0.84672,12.849,0.84672,3695.15,0,0.0036966,7.95447e-06,2.54653,1.51412,10.6564,1.05768,13.6594,0.42336,0.0018483,0.21168,0.0018483,0.21168,460.486,0,1.02816,0,0,3.57469,2.54653,1.028160,1,0,131.737,0,0,0,131.737,0
52.106,2.24156,0,0,4.91848,0.239863,0.36288,3.6288,59.1068,0.248536,0,0,0.631129,0.225018,0,0.66528,12.849,1,0.575668,0.36288,0,79.7887,3.85872,75.7172,0.84672,12.849,0.84672,3695.15,0,0.0036966,7.79263e-06,0.733579,1.51423,7.22814,0.994781,8.48116,0.42336,0.0018483,0.21168,0.0018483,0.21168,460.486,0,1.02816,0,0,1.76174,0.733579,1.028160,1,0,84.1983,0,0,0,84.1983,0
54.2496,2.26011,0,0,5.00544,0.238908,0.36288,3.6288,59.9495,0.248632,0,0,1.31369,0.222323,0,0.66528,12.849,1,0.557328,0.36288,0,67.5319,3.70692,63.6305,0.84672,12.849,0.84672,3695.15,0,0.0036966,7.77484e-06,1.05011,1.51434,8.48137,0.969622,10.0762,0.42336,0.0018483,0.21168,0.0018483,0.21168,460.486,0,1.02816,0,0,2.07827,1.05011,1.028160,1,0,73.7067,0,0,0,73.7067,0
60.1404,2.34945,0,0,8.83983,0.236662,0.36288,3.6288,61.308,0.290012,0,0,2.07518,0.19892,0.227787,0.66528,12.849,1,0.556467,0.36288,0,179.277,3.76999,175.313,0.84672,12.849,0.84672,3695.15,0,0.0036966,8.94133e-06,3.5313,1.51446,13.6286,1.07444,17.5999,0.42336,0.0018483,0.21168,0.0018483,0.21168,460.486,0,1.02816,0,0,4.55946,3.5313,1.028160,1,0,193.141,0,0,0,193.141,0
63.5989,2.39453,0,0,6.46349,0.247573,0.36288,3.6288,61.308,0.290103,0,0,1.55353,0.190716,1.07271,0.66528,12.849,1,0.511592,0.36288,0,172.383,3.79522,168.439,0.84672,12.849,0.84672,3695.15,0,0.0036966,8.74598e-06,2.15984,1.56301,9.49787,1.11637,12.1043,0.42336,0.0018483,0.21168,0.0018483,0.21168,460.486,0,1.02816,0,0,3.188,2.15984,1.028160,1,0,181.616,0,0,0,181.616,0
65.7824,2.41785,0,0,5.21906,0.254781,0.36288,3.6288,61.308,0.290195,0,0,1.10955,0.190716,0.628638,0.66528,12.849,1,0.488482,0.36288,0,124.455,3.79522,120.534,0.84672,12.849,0.84672,3695.15,0,0.0036966,8.74874e-06,0.947791,1.56312,5.80683,1.11637,7.20136,0.42336,0.0018483,0.21168,0.0018483,0.21168,460.486,0,1.02816,0,0,1.97595,0.947791,1.028160,1,0,128.364,0,0,0,128.364,0
68.0835,2.43158,0,0,5.3825,0.286975,0.36288,3.6288,61.308,0.290287,0,0,1.23282,0.152069,0.790469,0.66528,12.849,1,0.474951,0.36288,0,125.27,3.15127,122.007,0.84672,12.849,0.84672,3695.15,0,0.0036966,8.7515e-06,1.21349,1.56323,6.38495,0.965845,8.19581,0.42336,0.0018483,0.21168,0.0018483,0.21168,460.486,0,1.02816,0,0,2.24165,1.21349,1.028160,1,0,130.993,0,0,0,130.993,0
70.0959,2.68376,0,0,5.35163,0.29259,0.36288,3.6288,61.308,0.445407,0,0,1.39694,0.149432,0.802102,0.66528,12.849,1,0.506491,0.36288,0,115.198,2.78507,112.269,0.84672,12.849,0.84672,3695.15,0,0.0036966,1.3428e-05,1.64786,1.56334,6.39014,0.872496,8.72883,0.42336,0.0018483,0.21168,0.0018483,0.21168,460.486,0,1.02816,0,0,2.67602,1.64786,1.028160,1,0,121.8,0,0,0,121.8,0
72.29,2.69624,0,0,8.21154,0.297689,3.02352,3.6288,61.308,0.445509,0,0,1.76297,0.187119,1.13034,0.66528,12.849,1,0.494237,3.02352,0,211.558,3.21363,210.874,0.84672,12.849,0.84672,3695.15,0,0.0036966,1.34311e-05,3.65239,1.73636,13.1426,0.955152,17.5761,0.42336,0.0018483,0.21168,0.0018483,0.21168,460.486,0,1.02816,0,0,4.68055,3.65239,1.028160,1,0,229.58,0,0,0,229.58,0
72.29,2.70917,0,0,5.83807,0.324263,2.80463,3.6288,61.308,0.445612,0,0,1.44804,0.191343,0.811084,0.66528,12.849,1,0.481534,2.80463,0,193.107,3.73873,191.691,0.84672,12.849,0.84672,3695.15,0,0.0036966,1.34342e-05,2.47593,1.73648,9.54158,1.07928,12.6747,0.42336,0.0018483,0.21168,0.0018483,0.21168,460.486,0,1.02816,0,0,3.50409,2.47593,1.028160,1,0,205.177,0,0,0,205.177,0
72.29,2.70936,0,0,3.75296,0.324263,0.719337,3.6288,61.308,0.445714,0,0,0.959524,0.191343,0.322467,0.66528,12.849,1,0.481568,0.719337,0,106.144,3.73873,102.643,0.84672,12.849,0.84672,3695.15,0,0.0036966,1.34373e-05,1.14689,1.7366,5.9546,1.07928,7.7588,0.42336,0.0018483,0.21168,0.0018483,0.21168,460.486,0,1.02816,0,0,2.17505,1.14689,1.028160,1,0,110.724,0,0,0,110.724,0
72.29,2.36609,0,0,3.63152,0.316784,0.948645,3.6288,61.308,0.237709,0,0,1.19663,0.184331,0.774591,0.66528,12.849,1,0.420555,0.948645,0,93.4235,3.81347,90.1381,0.84672,12.849,0.84672,3695.15,0,0.0036966,7.1664e-06,1.72623,1.73672,7.96255,1.01766,10.4078,0.42336,0.0018483,0.21168,0.0018483,0.21168,460.486,0,1.02816,0,0,2.75439,1.72623,1.028160,1,0,101.32,0,0,0,101.32,0
72.29,2.36626,0,0,3.99849,0.298086,1.33415,3.6288,61.308,0.237797,0,0,1.21536,0.166802,0.810764,0.66528,12.849,1,0.420584,1.33415,0,98.0476,4.00029,94.9609,0.84672,12.849,0.84672,3695.15,0,0.0036966,7.16905e-06,1.79595,1.50025,8.09305,0.863604,10.5256,0.42336,0.0018483,0.21168,0.0018483,0.21168,460.486,0,1.02816,0,0,2.82411,1.79595,1.028160,1,0,106.297,0,0,0,106.297,0
72.29,2.36642,0,0,3.28113,0.298086,0.616619,3.6288,61.308,0.237885,0,0,0.765634,0.166802,0.360947,0.66528,12.849,1,0.420614,0.616619,0,82.4826,4.00029,78.6783,0.84672,12.849,0.84672,3695.15,0,0.0036966,7.17171e-06,1.00024,1.50035,5.87733,0.863604,7.51431,0.42336,0.0018483,0.21168,0.0018483,0.21168,460.486,0,1.02816,0,0,2.0284,1.00024,1.028160,1,0,86.5536,0,0,0,86.5536,0
72.29,2.36659,0,0,3.14683,0.298086,0.482154,3.6288,61.308,0.237973,0,0,0.895657,0.166802,0.490882,0.66528,12.849,1,0.420643,0.482154,0,81.7707,4.00029,77.8319,0.84672,12.849,0.84672,3695.15,0,0.0036966,7.17436e-06,0.976709,1.50045,4.55274,0.863604,6.16629,0.42336,0.0018483,0.21168,0.0018483,0.21168,460.486,0,1.02816,0,0,2.00487,0.976709,1.028160,1,0,84.4891,0,0,0,84.4891,0
72.29,2.36675,0,0,5.41712,0.296037,2.75434,3.6288,61.308,0.238061,0,0,1.38412,0.14962,0.996438,0.66528,12.849,1,0.420672,2.75434,0,170.926,3.73133,169.528,0.84672,12.849,0.84672,3695.15,0,0.0036966,7.17701e-06,2.85226,1.50056,10.7381,0.817539,14.2734,0.42336,0.0018483,0.21168,0.0018483,0.21168,460.486,0,1.02816,0,0,3.88042,2.85226,1.028160,1,0,184.798,0,0,0,184.798,0
72.29,2.4534,0,0,5.88603,0.315736,3.1169,3.6288,61.308,0.289078,0,0,2.2584,0.167176,1.80215,0.66528,12.849,1,0.436073,3.1169,0,143.769,4.12907,142.321,0.84672,12.849,0.84672,3695.15,0,0.0036966,8.71505e-06,3.67757,1.50066,12.163,0.856307,16.485,0.42336,0.0018483,0.21168,0.0018483,0.21168,460.486,0,1.02816,0,0,4.70573,3.67757,1.028160,1,0,160.608,0,0,0,160.608,0
72.29,2.45357,0,0,4.89967,0.319474,2.12662,3.6288,61.308,0.28917,0,0,1.65122,0.17392,1.18813,0.66528,12.849,1,0.436103,2.12662,0,191.89,4.25513,189.325,0.84672,12.849,0.84672,3695.15,0,0.0036966,8.71782e-06,2.47133,1.5592,8.92737,0.873005,12.0849,0.42336,0.0018483,0.21168,0.0018483,0.21168,460.486,0,1.02816,0,0,3.49949,2.47133,1.028160,1,0,202.598,0,0,0,202.598,0
72.29,2.45374,0,0,3.71044,0.319474,0.937226,3.6288,61.308,0.289261,0,0,1.45811,0.17392,0.994932,0.66528,12.849,1,0.436134,0.937226,0,109.933,4.25513,106.179,0.84672,12.849,0.84672,3695.15,0,0.0036966,8.72058e-06,1.93472,1.55931,7.10493,0.873005,9.72595,0.42336,0.0018483,0.21168,0.0018483,0.21168,460.486,0,1.02816,0,0,2.96288,1.93472,1.028160,1,0,116.9,0,0,0,116.9,0
72.29,2.45391,0,0,3.86019,0.322642,1.08364,3.6288,61.308,0.289353,0,0,1.61553,0.190047,1.13613,0.66528,12.849,1,0.436164,1.08364,0,111.738,4.59631,107.789,0.84672,12.849,0.84672,3695.15,0,0.0036966,8.72334e-06,2.29048,1.55942,8.70195,0.902278,11.6496,0.42336,0.0018483,0.21168,0.0018483,0.21168,460.486,0,1.02816,0,0,3.31864,2.29048,1.028160,1,0,120.575,0,0,0,120.575,0
72.29,2.42026,0,0,3.36172,0.315218,0.626245,3.6288,61.308,0.269659,0,0,1.31559,0.230972,0.814956,0.66528,12.849,1,0.430182,0.626245,0,88.1677,5.69991,82.6639,0.84672,12.849,0.84672,3695.15,0,0.0036966,8.12961e-06,1.97802,1.55953,7.69522,1.05935,10.1734,0.42336,0.0018483,0.21168,0.0018483,0.21168,460.486,0,1.02816,0,0,3.00618,1.97802,1.028160,1,0,93.6523,0,0,0,93.6523,0
72.29,2.42043,0,0,3.13743,0.270719,0.446281,3.6288,61.308,0.269749,0,0,1.04559,0.22124,0.554598,0.66528,12.849,1,0.430212,0.446281,0,92.2691,5.34589,86.9393,0.84672,12.849,0.84672,3695.15,0,0.0036966,8.13233e-06,1.64099,1.53688,6.46583,1.0599,8.5838,0.42336,0.0018483,0.21168,0.0018483,0.21168,460.486,0,1.02816,0,0,2.66915,1.64099,1.028160,1,0,96.0777,0,0,0,96.0777,0
72.0975,2.42059,0,0,2.81767,0.226732,0.36288,3.6288,61.308,0.269839,0,0,1.15748,0.207657,0.679987,0.66528,12.849,1,0.430242,0.36288,0,81.5461,4.62325,76.8554,0.84672,12.849,0.84672,3695.15,0,0.0036966,8.13505e-06,1.30078,1.53699,6.08184,0.97674,7.94286,0.42336,0.0018483,0.21168,0.0018483,0.21168,460.486,0,1.02816,0,0,2.32894,1.30078,1.028160,1,0,85.4783,0,0,0,85.4783,0
71.7589,2.41979,0,0,2.67047,0.226401,0.36288,3.6288,61.308,0.269929,0,0,1.0558,0.207657,0.578213,0.66528,12.849,1,0.431247,0.36288,0,69.5373,4.62325,64.8457,0.84672,12.849,0.84672,3695.15,0,0.0036966,8.13777e-06,1.13217,1.5371,5.58097,0.97674,7.27349,0.42336,0.0018483,0.21168,0.0018483,0.21168,460.486,0,1.02816,0,0,2.16033,1.13217,1.028160,1,0,72.6974,0,0,0,72.6974,0
71.1818,2.53294,0,0,2.5447,0.225981,0.36288,3.6288,61.308,0.340205,0,0,1.00727,0.201943,0.465121,0.66528,12.849,1,0.453544,0.36288,0,66.541,4.58422,61.8661,0.84672,12.849,0.84672,3695.15,0,0.0036966,1.02564e-05,0.997721,1.53721,5.4504,0.971256,7.01406,0.42336,0.0018483,0.21168,0.0018483,0.21168,460.486,0,1.02816,0,0,2.02588,0.997721,1.028160,1,0,69.3453,0,0,0,69.3453,0
70.7161,2.53,0,0,2.62172,0.194552,0.36288,3.6288,61.308,0.3403,0,0,1.15456,0.178923,0.635341,0.66528,12.849,1,0.45669,0.36288,0,67.9804,4.50119,63.3854,0.84672,12.849,0.84672,3695.15,0,0.0036966,1.02593e-05,1.27759,1.61689,5.55558,0.968756,7.48129,0.42336,0.0018483,0.21168,0.0018483,0.21168,460.486,0,1.02816,0,0,2.30575,1.27759,1.028160,1,0,71.502,0,0,0,71.502,0
70.1508,2.52763,0,0,2.44084,0.115624,0.36288,3.6288,61.308,0.340395,0,0,1.02185,0.207084,0.474374,0.66528,12.849,1,0.459267,0.36288,0,66.2515,4.87904,61.2761,0.84672,12.849,0.84672,3695.15,0,0.0036966,1.02622e-05,1.12482,1.617,5.18396,1.04477,6.88099,0.42336,0.0018483,0.21168,0.0018483,0.21168,460.486,0,1.02816,0,0,2.15298,1.12482,1.028160,1,0,68.6315,0,0,0,68.6315,0
69.3679,2.52468,0,0,2.21987,0.115122,0.36288,3.6288,61.308,0.34049,0,0,0.825198,0.207084,0.277624,0.66528,12.849,1,0.462427,0.36288,0,60.3088,4.87904,55.3303,0.84672,12.849,0.84672,3695.15,0,0.0036966,1.0265e-05,0.794068,1.61711,4.63466,1.04477,6.00105,0.42336,0.0018483,0.21168,0.0018483,0.21168,460.486,0,1.02816,0,0,1.82223,0.794068,1.028160,1,0,61.6089,0,0,0,61.6089,0
68.5286,2.52045,0,0,2.1641,0.120118,0.36288,3.6288,61.308,0.340585,0,0,0.674741,0.219606,0.114549,0.66528,12.849,1,0.466863,0.36288,0,54.6683,5.09762,49.4667,0.84672,12.849,0.84672,3695.15,0,0.0036966,1.02679e-05,0.701827,1.61722,4.44501,1.08801,5.67604,0.42336,0.0018483,0.21168,0.0018483,0.21168,460.486,0,1.02816,0,0,1.72999,0.701827,1.028160,1,0,55.2573,0,0,0,55.2573,0
67.9142,2.49328,0,0,2.35372,0.112,0.36288,3.6288,61.308,0.379269,0,0,0.772511,0.247466,0.145777,0.66528,12.849,1,0.467486,0.36288,0,42.3057,5.39058,36.8105,0.84672,12.849,0.84672,3695.15,0,0.0036966,1.14341e-05,0.622408,1.61734,4.24469,1.18054,5.30388,0.42336,0.0018483,0.21168,0.0018483,0.21168,460.486,0,1.02816,0,0,1.65057,0.622408,1.028160,1,0,42.2601,0,0,0,42.2601,0
67.1581,2.4899,0,0,2.20958,0.112847,0.36288,3.6288,61.308,0.379367,0,0,0.773444,0.237795,0.156283,0.66528,12.849,1,0.471075,0.36288,0,40.5215,5.19834,35.215,0.84672,12.849,0.84672,3695.15,0,0.0036966,1.14371e-05,0.631169,1.64225,4.22478,1.14574,5.35245,0.42336,0.0018483,0.21168,0.0018483,0.21168,460.486,0,1.02816,0,0,1.65933,0.631169,1.028160,1,0,40.7237,0,0,0,40.7237,0
66.2087,2.48562,0,0,2.01125,0.112178,0.36288,3.6288,61.308,0.379464,0,0,0.723401,0.237795,0.106142,0.66528,12.849,1,0.47556,0.36288,0,38.9005,5.19834,33.5895,0.84672,12.849,0.84672,3695.15,0,0.0036966,1.144e-05,0.409545,1.64236,3.96879,1.14574,4.87495,0.42336,0.0018483,0.21168,0.0018483,0.21168,460.486,0,1.02816,0,0,1.4377,0.409545,1.028160,1,0,38.5706,0,0,0,38.5706,0
65.1174,2.48008,0,0,1.84941,0.0977147,0.36288,3.6288,61.308,0.379562,0,0,0.690664,0.270702,0.0403996,0.66528,12.849,1,0.481304,0.36288,0,34.4866,5.62179,28.7463,0.84672,12.849,0.84672,3695.15,0,0.0036966,1.1443e-05,0.402391,1.64248,3.81884,1.30031,4.56339,0.42336,0.0018483,0.21168,0.0018483,0.21168,460.486,0,1.02816,0,0,1.43055,0.402391,1.028160,1,0,33.3501,0,0,0,33.3501,0
63.9441,2.53124,0,0,1.80588,0.0850828,0.36288,3.6288,61.24,0.41406,0,0,0.67079,0.324681,0,0.66528,12.849,1,0.499465,0.36288,0,28.5158,6.12186,22.2574,0.84672,12.849,0.84672,3695.15,0,0.0036966,1.2483e-05,0.317244,1.64259,3.58061,1.51322,4.02721,0.42336,0.0018483,0.21168,0.0018483,0.21168,460.486,0,1.02816,0,0,1.3454,0.317244,1.028160,1,0,26.2846,0,0,0,26.2846,0
62.7511,2.52378,0,0,1.7862,0.092499,0.36288,3.6288,61.1535,0.414161,0,0,0.66566,0.338005,0,0.66528,12.849,1,0.507132,0.36288,0,35.9759,6.03582,29.7959,0.84672,12.849,0.84672,3695.15,0,0.0036966,1.24999e-05,0.447829,1.68224,3.85467,1.52232,4.4624,0.42336,0.0018483,0.21168,0.0018483,0.21168,460.486,0,1.02816,0,0,1.47599,0.447829,1.028160,1,0,34.2583,0,0,0,34.2583,0
61.4466,2.51595,0,0,1.66589,0.0916051,0.36288,3.6288,60.9911,0.414261,0,0,0.589592,0.33782,0,0.66528,12.849,1,0.51517,0.36288,0,28.4602,6.03582,22.2721,0.84672,12.849,0.84672,3695.15,0,0.0036966,1.25206e-05,0.428829,1.68235,3.51842,1.52232,4.10727,0.42336,0.0018483,0.21168,0.0018483,0.21168,460.486,0,1.02816,0,0,1.45699,0.428829,1.028160,1,0,26.3794,0,0,0,26.3794,0
60.0013,2.50708,0,0,1.51528,0.0906276,0.36288,3.6288,60.7664,0.440963,0,0,0.553812,0.337473,0,0.66528,12.849,1,0.524252,0.36288,0,26.1701,6.03582,19.9729,0.84672,12.849,0.84672,3695.15,0,0.0036966,1.33631e-05,0.227405,1.68247,3.22011,1.52232,3.60766,0.42336,0.0018483,0.21168,0.0018483,0.21168,460.486,0,1.00156,0,0,1.22896,0.227405,1.028160,1,0,23.5806,0,0,0,23.5806,0
58.6088,2.66361,0,0,1.71438,0.0804187,0.36288,3.6288,60.5703,0.538662,0,0,0.673328,0.330823,0,0.66528,12.849,1,0.570399,0.36288,0,26.9127,6.17732,20.5279,0.84672,12.849,0.84672,3695.15,0,0.0036966,1.63842e-05,0.634116,1.68259,4.72086,1.55919,5.47835,0.42336,0.0018483,0.21168,0.0018483,0.21168,460.486,0,1.02816,0,0,1.66228,0.634116,1.028160,1,0,26.0063,0,0,0,26.0063,0
57.311,2.65267,0,0,1.80201,0.0842473,0.36288,3.6288,60.1114,0.629566,0,0,0.530477,0.359831,0,0.66528,12.849,1,0.581555,0.36288,0,23.7409,6.31893,17.2033,0.84672,12.849,0.84672,3695.15,0,0.0036966,1.92112e-05,0.227405,1.81661,4.28324,1.52977,4.79746,0.42336,0.0018483,0.21168,0.0018483,0.21168,460.486,0,0.937362,0,0,1.16477,0.227405,1.028160,1,0,22.0008,0,0,0,22.0008,0
56.2233,2.6421,0,0,1.99825,0.080923,0.36288,3.6288,59.8515,0.53888,0,0,0.633446,0.354425,0,0.66528,12.849,1,0.592353,0.36288,0,28.4628,6.35229,21.881,0.84672,12.849,0.84672,3695.15,0,0.0036966,1.65695e-05,0.409009,1.81673,4.28484,1.54074,4.96982,0.42336,0.0018483,0.21168,0.0018483,0.21168,460.486,0,1.02816,0,0,1.43717,0.409009,1.028160,1,0,26.8508,0,0,0,26.8508,0
54.7318,2.63295,0,0,1.58439,0.0800591,0.36288,3.6288,59.2809,0.692172,0,0,0.475451,0.353838,0,0.66528,12.849,1,0.601722,0.36288,0,31.2533,6.35229,24.6622,0.84672,12.849,0.84672,3695.15,0,0.0036966,2.13753e-05,0.204422,1.81686,3.4404,1.54074,3.92092,0.42336,0.0018483,0.21168,0.0018483,0.21168,460.486,0,0.874973,0,0,1.0794,0.204422,1.028160,1,0,28.5831,0,0,0,28.5831,0
53.596,2.61985,0,0,1.92576,0.0788744,0.36288,3.6288,59.1537,0.539098,0,0,0.764405,0.35255,0,0.66528,12.849,1,0.615045,0.36288,0,27.2435,6.35229,20.639,0.84672,12.849,0.84672,3695.15,0,0.0036966,1.68084e-05,0.761409,1.81699,4.95714,1.54074,5.99478,0.42336,0.0018483,0.21168,0.0018483,0.21168,460.486,0,1.02816,0,0,1.78957,0.761409,1.028160,1,0,26.6338,0,0,0,26.6338,0
53.1961,2.5299,0,0,2.55567,0.0627208,0.36288,3.6288,59.1986,0.463796,0,0,0.847721,0.339017,0,0.66528,12.849,1,0.606514,0.36288,0,32.6338,5.34587,27.0443,0.84672,12.849,0.84672,3695.15,0,0.0036966,1.44916e-05,0.871214,1.81711,5.36777,1.37988,6.67621,0.42336,0.0018483,0.21168,0.0018483,0.21168,460.486,0,1.02816,0,0,1.89937,0.871214,1.028160,1,0,33.7205,0,0,0,33.7205,0
53.6065,2.52641,0,0,3.37068,0.071021,0.36288,3.6288,59.6919,0.4639,0,0,1.29657,0.339375,0,0.66528,12.849,1,0.610228,0.36288,0,35.4375,5.03444,30.1557,0.84672,12.849,0.84672,3695.15,0,0.0036966,1.44839e-05,1.54395,1.74048,7.61183,1.36772,9.52853,0.42336,0.0018483,0.21168,0.0018483,0.21168,460.486,0,1.02816,0,0,2.57211,1.54395,1.028160,1,0,39.6842,0,0,0,39.6842,0
53.8693,2.53035,0,0,3.22738,0.0713191,0.36288,3.6288,60.1591,0.464003,0,0,1.2717,0.340447,0,0.66528,12.849,1,0.606502,0.36288,0,47.2497,5.03444,41.9716,0.84672,12.849,0.84672,3695.15,0,0.0036966,1.43674e-05,1.4739,1.7406,7.60977,1.36772,9.45653,0.42336,0.0018483,0.21168,0.0018483,0.21168,460.486,0,1.02816,0,0,2.50206,1.4739,1.028160,1,0,51.4281,0,0,0,51.4281,0
54.6017,2.53292,0,0,3.69964,0.07151,0.36288,3.6288,61.1061,0.464107,0,0,1.75258,0.341463,0,0.66528,12.849,1,0.604155,0.36288,0,106.218,5.03444,100.943,0.84672,12.849,0.84672,3695.15,0,0.0036966,1.4259e-05,2.101,1.74072,10.2822,1.36772,12.7562,0.42336,0.0018483,0.21168,0.0018483,0.21168,460.486,0,1.02816,0,0,3.12916,2.101,1.028160,1,0,113.699,0,0,0,113.699,0
55.1583,2.47405,0,0,3.51169,0.118138,0.36288,3.6288,61.308,0.395549,0,0,1.45447,0.327059,0.530007,0.66528,12.849,1,0.582199,0.36288,0,118.867,4.99341,113.655,0.84672,12.849,0.84672,3695.15,0,0.0036966,1.19643e-05,1.49876,1.74084,9.67913,1.37223,11.5465,0.42336,0.0018483,0.21168,0.0018483,0.21168,460.486,0,1.02816,0,0,2.52692,1.49876,1.028160,1,0,125.731,0,0,0,125.731,0
55.8365,2.47899,0,0,3.70475,0.184709,0.36288,3.6288,61.308,0.395648,0,0,1.32586,0.273894,0.656317,0.66528,12.849,1,0.577474,0.36288,0,70.3832,4.3282,65.8404,0.84672,12.849,0.84672,3695.15,0,0.0036966,1.19279e-05,1.91064,1.67272,8.13352,1.27542,10.4415,0.42336,0.0018483,0.21168,0.0018483,0.21168,460.486,0,1.02816,0,0,2.9388,1.91064,1.028160,1,0,76.9381,0,0,0,76.9381,0
56.24,2.48486,0,0,3.43726,0.185965,0.36288,3.6288,61.308,0.395747,0,0,1.60377,0.273894,0.934124,0.66528,12.849,1,0.571812,0.36288,0,82.4921,4.3282,77.955,0.84672,12.849,0.84672,3695.15,0,0.0036966,1.19309e-05,2.05772,1.67284,9.09058,1.27542,11.5457,0.42336,0.0018483,0.21168,0.0018483,0.21168,460.486,0,1.02816,0,0,3.08588,2.05772,1.028160,1,0,90.4348,0,0,0,90.4348,0
56.7135,2.48837,0,0,3.51962,0.194861,0.36288,3.6288,61.308,0.395846,0,0,1.27594,0.249352,0.63074,0.66528,12.849,1,0.568512,0.36288,0,91.4483,4.3924,86.8503,0.84672,12.849,0.84672,3695.15,0,0.0036966,1.19339e-05,1.22226,1.67296,8.88218,1.19581,10.5816,0.42336,0.0018483,0.21168,0.0018483,0.21168,460.486,0,1.02816,0,0,2.25042,1.22226,1.028160,1,0,98.0626,0,0,0,98.0626,0
57.5556,2.30471,0,0,3.66656,0.156893,0.36288,3.6288,61.308,0.252902,0,0,1.2115,0.201701,0.756898,0.66528,12.849,1,0.522155,0.36288,0,89.7126,3.24954,86.3038,0.84672,12.849,0.84672,3695.15,0,0.0036966,7.62443e-06,1.01386,1.67307,8.30321,1.03312,9.95702,0.42336,0.0018483,0.21168,0.0018483,0.21168,460.486,0,1.02816,0,0,2.04202,1.01386,1.028160,1,0,97.0177,0,0,0,97.0177,0
57.779,2.31112,0,0,3.16577,0.268361,0.36288,3.6288,61.308,0.252991,0,0,1.2297,0.228235,0.748477,0.66528,12.849,1,0.515945,0.36288,0,72.6987,4.56435,67.9813,0.84672,12.849,0.84672,3695.15,0,0.0036966,7.62711e-06,1.03863,1.51952,9.52917,1.17421,10.9131,0.42336,0.0018483,0.21168,0.0018483,0.21168,460.486,0,1.02816,0,0,2.06679,1.03863,1.028160,1,0,79.6428,0,0,0,79.6428,0
59.0682,2.31291,0,0,4.23395,0.268948,0.36288,3.6288,61.308,0.25308,0,0,1.23825,0.228235,0.756935,0.66528,12.849,1,0.514349,0.36288,0,79.7437,4.56435,75.0279,0.84672,12.849,0.84672,3695.15,0,0.0036966,7.6298e-06,1.11553,1.51963,9.19598,1.17421,10.6569,0.42336,0.0018483,0.21168,0.0018483,0.21168,460.486,0,1.02816,0,0,2.14369,1.11553,1.028160,1,0,86.4418,0,0,0,86.4418,0
61.9502,2.32229,0,0,5.8395,0.272336,0.36288,3.6288,61.308,0.253169,0,0,1.27789,0.228235,0.796487,0.66528,12.849,1,0.505164,0.36288,0,95.3882,4.56435,90.6816,0.84672,12.849,0.84672,3695.15,0,0.0036966,7.63249e-06,1.07679,1.51973,14.6728,1.17421,16.0951,0.42336,0.0018483,0.21168,0.0018483,0.21168,460.486,0,1.02816,0,0,2.10495,1.07679,1.028160,1,0,107.573,0,0,0,107.573,0
64.4008,2.34192,0,0,5.4159,0.260498,0.36288,3.6288,61.308,0.253258,0,0,3.54555,0.212733,3.07956,0.66528,12.849,1,0.485735,0.36288,0,132.92,4.0284,128.769,0.84672,12.849,0.84672,3695.15,0,0.0036966,7.63518e-06,2.94462,1.51984,17.2703,1.10726,20.6275,0.42336,0.0018483,0.21168,0.0018483,0.21168,460.486,0,1.02816,0,0,3.97278,2.94462,1.028160,1,0,152.476,0,0,0,152.476,0
67.7209,2.35733,0,0,6.31229,0.271945,0.36288,3.6288,61.308,0.253258,0,0,2.93735,0.221964,2.46213,0.66528,12.849,1,0.470326,0.36288,0,114.144,4.20018,109.836,0.84672,12.849,0.84672,3695.15,0,0.0036966,7.63518e-06,2.59296,1.51995,14.1359,1.08704,17.1618,0.42336,0.0018483,0.21168,0.0018483,0.21168,460.486,0,1.02816,0,0,3.62112,2.59296,1.028160,1,0,129.46,0,0,0,129.46,0
72.1158,2.45134,0,0,7.49896,0.289931,0.36288,3.6288,61.308,0.294781,0,0,2.32334,0.233537,1.79502,0.66528,12.849,1,0.465104,0.36288,0,173.41,4.4898,168.818,0.84672,12.849,0.84672,3695.15,0,0.0036966,8.887e-06,2.1987,1.51995,12.9569,1.09197,15.5836,0.42336,0.0018483,0.21168,0.0018483,0.21168,460.486,0,1.02816,0,0,3.22686,2.1987,1.028160,1,0,186.197,0,0,0,186.197,0
72.29,2.47556,0,0,5.07691,0.299947,2.12715,3.6288,61.308,0.294866,0,0,1.31838,0.233537,0.789974,0.66528,12.849,1,0.441075,2.12715,0,133.39,4.4898,130.587,0.84672,12.849,0.84672,3695.15,0,0.0036966,8.88957e-06,2.22187,1.56867,11.0479,1.09197,13.7464,0.42336,0.0018483,0.21168,0.0018483,0.21168,460.486,0,1.02816,0,0,3.25003,2.22187,1.028160,1,0,145.123,0,0,0,145.123,0
72.29,2.47662,0,0,4.70484,0.300344,1.92788,3.6288,61.308,0.294952,0,0,1.31077,0.233537,0.782286,0.66528,12.849,1,0.440201,1.92788,0,106.614,4.4898,103.612,0.84672,12.849,0.84672,3695.15,0,0.0036966,8.89214e-06,1.918,1.56877,10.4839,1.09197,12.8787,0.42336,0.0018483,0.21168,0.0018483,0.21168,460.486,0,1.02816,0,0,2.94616,1.918,1.028160,1,0,117.273,0,0,0,117.273,0
72.29,2.47678,0,0,4.38422,0.312224,1.59521,3.6288,61.308,0.295037,0,0,0.931219,0.232001,0.404181,0.66528,12.849,1,0.440229,1.59521,0,102.4,4.45504,99.0995,0.84672,12.849,0.84672,3695.15,0,0.0036966,8.8947e-06,1.41616,1.56887,10.2664,1.16993,12.0815,0.42336,0.0018483,0.21168,0.0018483,0.21168,460.486,0,1.02816,0,0,2.44432,1.41616,1.028160,1,0,111.585,0,0,0,111.585,0
72.29,2.71854,0,0,5.03747,0.29001,2.02892,3.6288,61.308,0.450708,0,0,1.75799,0.247779,1.0595,0.66528,12.849,1,0.483199,2.02892,0,118.408,3.98065,115.973,0.84672,12.849,0.84672,3695.15,0,0.0036966,1.35878e-05,2.39278,1.56897,11.3492,1.17413,14.1368,0.42336,0.0018483,0.21168,0.0018483,0.21168,460.486,0,1.02816,0,0,3.42094,2.39278,1.028160,1,0,131.169,0,0,0,131.169,0
72.29,2.71871,0,0,4.75096,0.29001,1.74224,3.6288,61.308,0.450803,0,0,1.50768,0.247779,0.809098,0.66528,12.849,1,0.48323,1.74224,0,124.442,3.98065,121.72,0.84672,12.849,0.84672,3695.15,0,0.0036966,1.35907e-05,2.13157,1.7426,9.90645,1.17413,12.6065,0.42336,0.0018483,0.21168,0.0018483,0.21168,460.486,0,1.02816,0,0,3.15973,2.13157,1.028160,1,0,135.136,0,0,0,135.136,0
72.29,2.71889,0,0,5.35561,0.301358,2.33536,3.6288,61.308,0.450899,0,0,1.48955,0.208203,0.830452,0.66528,12.849,1,0.483262,2.33536,0,119.553,3.61429,117.791,0.84672,12.849,0.84672,3695.15,0,0.0036966,1.35936e-05,2.03377,1.74271,9.74074,1.01206,12.5051,0.42336,0.0018483,0.21168,0.0018483,0.21168,460.486,0,1.02816,0,0,3.06193,2.03377,1.028160,1,0,131.127,0,0,0,131.127,0
72.29,2.71906,0,0,3.89529,0.32979,0.84644,3.6288,61.308,0.450994,0,0,1.27268,0.214285,0.607402,0.66528,12.849,1,0.483293,0.84644,0,117.139,3.53428,113.968,0.84672,12.849,0.84672,3695.15,0,0.0036966,1.35965e-05,1.62805,1.74283,8.16733,1.01987,10.5183,0.42336,0.0018483,0.21168,0.0018483,0.21168,460.486,0,1.02816,0,0,2.65621,1.62805,1.028160,1,0,125.094,0,0,0,125.094,0
72.1218,2.37456,0,0,2.89367,0.324465,0.36288,3.6288,61.308,0.242237,0,0,1.21195,0.186153,0.783561,0.66528,12.849,1,0.422059,0.36288,0,66.6211,3.01949,63.5425,0.84672,12.849,0.84672,3695.15,0,0.0036966,7.3029e-06,1.36738,1.74294,5.61154,0.829206,7.89265,0.42336,0.0018483,0.21168,0.0018483,0.21168,460.486,0,1.02816,0,0,2.39554,1.36738,1.028160,1,0,72.2187,0,0,0,72.2187,0
72.29,2.37387,0,0,3.97968,0.324051,1.11353,3.6288,61.308,0.242318,0,0,1.3326,0.186153,0.904128,0.66528,12.849,1,0.422922,1.11353,0,101.396,3.01949,99.0676,0.84672,12.849,0.84672,3695.15,0,0.0036966,7.30536e-06,1.38732,1.50561,6.72903,0.829206,8.79274,0.42336,0.0018483,0.21168,0.0018483,0.21168,460.486,0,1.02816,0,0,2.41548,1.38732,1.028160,1,0,108.764,0,0,0,108.764,0
72.29,2.37486,0,0,4.35737,0.322924,1.65958,3.6288,61.308,0.2424,0,0,1.19312,0.194482,0.756241,0.66528,12.849,1,0.422114,1.65958,0,95.1601,3.2046,93.193,0.84672,12.849,0.84672,3695.15,0,0.0036966,7.30783e-06,1.59523,1.50571,7.10595,0.879665,9.32722,0.42336,0.0018483,0.21168,0.0018483,0.21168,460.486,0,1.02816,0,0,2.62339,1.59523,1.028160,1,0,103.276,0,0,0,103.276,0
72.29,2.37501,0,0,4.18938,0.313674,1.50069,3.6288,61.308,0.242482,0,0,1.44289,0.244458,0.955949,0.66528,12.849,1,0.422141,1.50069,0,88.2066,4.31529,84.9699,0.84672,12.849,0.84672,3695.15,0,0.0036966,7.31029e-06,1.72089,1.50581,7.6591,1.18242,9.70337,0.42336,0.0018483,0.21168,0.0018483,0.21168,460.486,0,1.02816,0,0,2.74905,1.72089,1.028160,1,0,95.6292,0,0,0,95.6292,0
72.0483,2.37517,0,0,2.79794,0.301598,0.36288,3.6288,61.308,0.242564,0,0,0.981366,0.213053,0.525749,0.66528,12.849,1,0.422168,0.36288,0,65.3742,3.71604,61.5989,0.84672,12.849,0.84672,3695.15,0,0.0036966,7.31276e-06,1.29564,1.5059,5.2226,1.06984,6.9543,0.42336,0.0018483,0.21168,0.0018483,0.21168,460.486,0,1.02816,0,0,2.3238,1.29564,1.028160,1,0,69.0789,0,0,0,69.0789,0
72.29,2.46086,0,0,3.49217,0.296223,0.493377,3.6288,61.308,0.293755,0,0,1.18339,0.200491,0.68914,0.66528,12.849,1,0.438867,0.493377,0,77.5405,3.47634,74.1187,0.84672,12.849,0.84672,3695.15,0,0.0036966,8.85606e-06,1.7671,1.506,7.01133,1.0248,9.25962,0.42336,0.0018483,0.21168,0.0018483,0.21168,460.486,0,1.02816,0,0,2.79526,1.7671,1.028160,1,0,84.0675,0,0,0,84.0675,0
72.2074,2.46227,0,0,3.03935,0.296767,0.36288,3.6288,61.308,0.29384,0,0,1.04604,0.200491,0.551714,0.66528,12.849,1,0.43765,0.36288,0,81.3128,3.47634,77.7617,0.84672,12.849,0.84672,3695.15,0,0.0036966,8.85863e-06,1.75868,1.56474,5.96933,1.0248,8.26794,0.42336,0.0018483,0.21168,0.0018483,0.21168,460.486,0,1.02816,0,0,2.78684,1.75868,1.028160,1,0,86.5813,0,0,0,86.5813,0
72.0489,2.462,0,0,2.96289,0.296581,0.36288,3.6288,61.308,0.293925,0,0,0.930364,0.200491,0.435948,0.66528,12.849,1,0.438103,0.36288,0,76.483,3.47634,72.9314,0.84672,12.849,0.84672,3695.15,0,0.0036966,8.8612e-06,1.25253,1.56484,5.87328,1.0248,7.66584,0.42336,0.0018483,0.21168,0.0018483,0.21168,460.486,0,1.02816,0,0,2.28069,1.25253,1.028160,1,0,81.0332,0,0,0,81.0332,0
71.4761,2.46134,0,0,2.48806,0.236623,0.36288,3.6288,61.308,0.29401,0,0,0.984096,0.212992,0.477093,0.66528,12.849,1,0.438949,0.36288,0,58.8269,3.74565,55.0052,0.84672,12.849,0.84672,3695.15,0,0.0036966,8.86376e-06,1.43811,1.56494,5.36236,1.02204,7.34336,0.42336,0.0018483,0.21168,0.0018483,0.21168,460.486,0,1.02816,0,0,2.46627,1.43811,1.028160,1,0,62.8256,0,0,0,62.8256,0
70.8222,2.42463,0,0,2.37749,0.243802,0.36288,3.6288,61.308,0.27424,0,0,1.03823,0.200539,0.563447,0.66528,12.849,1,0.435868,0.36288,0,57.0296,3.84531,53.1113,0.84672,12.849,0.84672,3695.15,0,0.0036966,8.26773e-06,1.48254,1.56504,5.7187,1.00024,7.76602,0.42336,0.0018483,0.21168,0.0018483,0.21168,460.486,0,1.02816,0,0,2.5107,1.48254,1.028160,1,0,61.4408,0,0,0,61.4408,0
69.884,2.42138,0,0,2.08856,0.242585,0.36288,3.6288,61.308,0.274324,0,0,1.00038,0.200539,0.52552,0.66528,12.849,1,0.439302,0.36288,0,52.9999,3.84531,49.0782,0.84672,12.849,0.84672,3695.15,0,0.0036966,8.27026e-06,1.29629,1.54231,5.61206,1.00024,7.4504,0.42336,0.0018483,0.21168,0.0018483,0.21168,460.486,0,1.02816,0,0,2.32445,1.29629,1.028160,1,0,57.0541,0,0,0,57.0541,0
69.2321,2.41656,0,0,2.36843,0.240839,0.36288,3.6288,61.308,0.274408,0,0,1.04426,0.200539,0.569318,0.66528,12.849,1,0.444313,0.36288,0,59.4308,3.84531,55.5041,0.84672,12.849,0.84672,3695.15,0,0.0036966,8.27278e-06,1.12796,1.54241,6.49217,1.00024,8.16228,0.42336,0.0018483,0.21168,0.0018483,0.21168,460.486,0,1.02816,0,0,2.15612,1.12796,1.028160,1,0,64.2357,0,0,0,64.2357,0
68.3647,2.41318,0,0,2.07139,0.162727,0.36288,3.6288,61.308,0.274492,0,0,0.887751,0.236889,0.376371,0.66528,12.849,1,0.44787,0.36288,0,49.9036,4.31817,45.5004,0.84672,12.849,0.84672,3695.15,0,0.0036966,8.27531e-06,1.10899,1.54251,5.28735,1.1029,6.83594,0.42336,0.0018483,0.21168,0.0018483,0.21168,460.486,0,1.02816,0,0,2.13715,1.10899,1.028160,1,0,52.7128,0,0,0,52.7128,0
67.1735,2.52281,0,0,1.87731,0.182835,0.36288,3.6288,61.308,0.345007,0,0,0.800582,0.223192,0.232384,0.66528,12.849,1,0.474156,0.36288,0,42.2283,4.1117,38.0053,0.84672,12.849,0.84672,3695.15,0,0.0036966,1.04012e-05,1.18234,1.54261,4.96503,1.04005,6.64991,0.42336,0.0018483,0.21168,0.0018483,0.21168,460.486,0,1.02816,0,0,2.2105,1.18234,1.028160,1,0,44.8876,0,0,0,44.8876,0
65.8927,2.51591,0,0,1.76452,0.166501,0.36288,3.6288,61.308,0.345095,0,0,0.833734,0.226762,0.261877,0.66528,12.849,1,0.481245,0.36288,0,38.8967,4.22006,34.5583,0.84672,12.849,0.84672,3695.15,0,0.0036966,1.04038e-05,1.18784,1.62256,5.04611,1.02,6.83651,0.42336,0.0018483,0.21168,0.0018483,0.21168,460.486,0,1.02816,0,0,2.216,1.18784,1.028160,1,0,41.6566,0,0,0,41.6566,0
64.5524,2.50824,0,0,1.69557,0.164817,0.36288,3.6288,61.308,0.345183,0,0,0.849355,0.226762,0.27741,0.66528,12.849,1,0.489104,0.36288,0,36.6685,4.22006,32.3222,0.84672,12.849,0.84672,3695.15,0,0.0036966,1.04065e-05,1.07752,1.62266,5.03168,1.02,6.71186,0.42336,0.0018483,0.21168,0.0018483,0.21168,460.486,0,1.02816,0,0,2.10568,1.07752,1.028160,1,0,39.3115,0,0,0,39.3115,0
63.1153,2.49993,0,0,1.58877,0.163055,0.36288,3.6288,61.308,0.345272,0,0,0.790448,0.226762,0.218414,0.66528,12.849,1,0.497606,0.36288,0,34.3514,4.22006,29.9966,0.84672,12.849,0.84672,3695.15,0,0.0036966,1.04092e-05,0.934114,1.62277,4.66521,1.02,6.20209,0.42336,0.0018483,0.21168,0.0018483,0.21168,460.486,0,1.02816,0,0,1.96227,0.934114,1.028160,1,0,36.4172,0,0,0,36.4172,0
62.0283,2.49068,0,0,1.87733,0.110723,0.36288,3.6288,61.308,0.34536,0,0,0.78535,0.25864,0.18135,0.66528,12.849,1,0.507052,0.36288,0,36.4212,5.00333,31.2737,0.84672,12.849,0.84672,3695.15,0,0.0036966,1.04118e-05,0.763949,1.62287,4.59213,1.12533,5.85361,0.42336,0.0018483,0.21168,0.0018483,0.21168,460.486,0,1.02816,0,0,1.79211,0.763949,1.028160,1,0,37.3087,0,0,0,37.3087,0
60.9879,2.46123,0,0,1.88632,0.10257,0.36288,3.6288,61.308,0.384171,0,0,0.779198,0.259605,0.135423,0.66528,12.849,1,0.509838,0.36288,0,37.0621,5.04399,31.8711,0.84672,12.849,0.84672,3695.15,0,0.0036966,1.15819e-05,0.618201,1.62298,4.75639,1.12876,5.8688,0.42336,0.0018483,0.21168,0.0018483,0.21168,460.486,0,1.02816,0,0,1.64636,0.618201,1.028160,1,0,37.8753,0,0,0,37.8753,0
59.7779,2.45421,0,0,1.70874,0.101692,0.36288,3.6288,61.308,0.384262,0,0,0.744587,0.259605,0.10072,0.66528,12.849,1,0.517055,0.36288,0,36.4224,5.04399,31.2242,0.84672,12.849,0.84672,3695.15,0,0.0036966,1.15846e-05,0.53638,1.64797,4.4934,1.12876,5.54898,0.42336,0.0018483,0.21168,0.0018483,0.21168,460.486,0,1.02816,0,0,1.56454,0.53638,1.028160,1,0,36.8739,0,0,0,36.8739,0
58.4288,2.44575,0,0,1.5558,0.0963011,0.36288,3.6288,61.308,0.384353,0,0,0.704177,0.270574,0.0492506,0.66528,12.849,1,0.525703,0.36288,0,32.0626,5.18514,26.7146,0.84672,12.849,0.84672,3695.15,0,0.0036966,1.15874e-05,0.386942,1.64807,4.36119,1.18028,5.21591,0.42336,0.0018483,0.21168,0.0018483,0.21168,460.486,0,1.02816,0,0,1.4151,0.386942,1.028160,1,0,31.9798,0,0,0,31.9798,0
57.0382,2.43596,0,0,1.47933,0.0710869,0.36288,3.6288,61.2231,0.384444,0,0,0.630648,0.33111,0,0.66528,12.849,1,0.535688,0.36288,0,28.4327,6.01296,22.2469,0.84672,12.849,0.84672,3695.15,0,0.0036966,1.15901e-05,0.373957,1.64818,3.99385,1.4822,4.53377,0.42336,0.0018483,0.21168,0.0018483,0.21168,460.486,0,1.02816,0,0,1.40212,0.373957,1.028160,1,0,26.7807,0,0,0,26.7807,0
55.7098,2.48206,0,0,1.59048,0.0739034,0.36288,3.6288,61.1772,0.419054,0,0,0.690937,0.317745,0,0.66528,12.849,1,0.559133,0.36288,0,33.7979,5.96526,27.6364,0.84672,12.849,0.84672,3695.15,0,0.0036966,1.26511e-05,0.441141,1.64829,3.991,1.46417,4.61624,0.42336,0.0018483,0.21168,0.0018483,0.21168,460.486,0,1.02816,0,0,1.4693,0.441141,1.028160,1,0,32.2526,0,0,0,32.2526,0
54.2836,2.47138,0,0,1.48094,0.0729372,0.36288,3.6288,61.0399,0.419147,0,0,0.599422,0.317653,0,0.66528,12.849,1,0.570003,0.36288,0,28.6173,5.96526,22.4449,0.84672,12.849,0.84672,3695.15,0,0.0036966,1.26634e-05,0.560097,1.68806,4.0278,1.46417,4.81178,0.42336,0.0018483,0.21168,0.0018483,0.21168,460.486,0,1.02816,0,0,1.58826,0.560097,1.028160,1,0,27.2567,0,0,0,27.2567,0
52.7586,2.45943,0,0,1.36922,0.0718998,0.36288,3.6288,60.8591,0.41924,0,0,0.555879,0.317376,0,0.66528,12.849,1,0.58215,0.36288,0,27.4416,5.96526,21.2571,0.84672,12.849,0.84672,3695.15,0,0.0036966,1.26947e-05,0.366803,1.68817,3.50214,1.46417,4.09292,0.42336,0.0018483,0.21168,0.0018483,0.21168,460.486,0,1.02816,0,0,1.39496,0.366803,1.028160,1,0,25.35,0,0,0,25.35,0
51.2826,2.44605,0,0,1.39964,0.066656,0.36288,3.6288,60.7375,0.419333,0,0,0.617328,0.319596,0,0.66528,12.849,1,0.59572,0.36288,0,26.0996,6.04003,19.8268,0.84672,12.849,0.84672,3695.15,0,0.0036966,1.27352e-05,0.555042,1.68828,4.33191,1.47911,5.09611,0.42336,0.0018483,0.21168,0.0018483,0.21168,460.486,0,1.02816,0,0,1.5832,0.555042,1.028160,1,0,24.9229,0,0,0,24.9229,0
49.4648,2.59495,0,0,1.2496,0.109589,0.36288,3.6288,60.4763,0.544055,0,0,0.573349,0.290536,0,0.66528,12.849,1,0.650172,0.36288,0,25.1618,5.56276,19.3117,0.84672,12.849,0.84672,3695.15,0,0.0036966,1.65561e-05,0.422712,1.68839,3.51294,1.36926,4.25476,0.42336,0.0018483,0.21168,0.0018483,0.21168,460.486,0,1.02816,0,0,1.45087,0.422712,1.028160,1,0,23.5665,0,0,0,23.5665,0
47.5081,2.57615,0,0,1.10105,0.11869,0.36288,3.6288,60.176,0.544156,0,0,0.526606,0.282684,0,0.66528,12.849,1,0.669182,0.36288,0,24.7286,5.40844,19.0139,0.84672,12.849,0.84672,3695.15,0,0.0036966,1.66307e-05,0.296844,1.82286,3.11792,1.33601,3.90159,0.42336,0.0018483,0.21168,0.0018483,0.21168,460.486,0,1.02816,0,0,1.325,0.296844,1.028160,1,0,22.9155,0,0,0,22.9155,0
45.7296,2.55462,0,0,1.25515,0.116195,0.36288,3.6288,59.8901,0.544257,0,0,0.540431,0.282144,0,0.66528,12.849,1,0.690919,0.36288,0,25.0512,5.40844,19.3148,0.84672,12.849,0.84672,3695.15,0,0.0036966,1.67168e-05,0.407523,1.82298,4.40231,1.33601,5.29679,0.42336,0.0018483,0.21168,0.0018483,0.21168,460.486,0,1.02816,0,0,1.43568,0.407523,1.028160,1,0,24.6116,0,0,0,24.6116,0
43.9614,2.5338,0,0,1.24244,0.113928,0.36288,3.6288,59.614,0.544358,0,0,0.549918,0.281631,0,0.66528,12.849,1,0.711942,0.36288,0,23.1765,5.40844,17.419,0.84672,12.849,0.84672,3695.15,0,0.0036966,1.67997e-05,0.364772,1.82309,3.49555,1.33601,4.34738,0.42336,0.0018483,0.21168,0.0018483,0.21168,460.486,0,1.02816,0,0,1.39293,0.364772,1.028160,1,0,21.7664,0,0,0,21.7664,0
42.1453,2.5118,0,0,1.17066,0.112139,0.36288,3.6288,59.4367,0.54446,0,0,0.630418,0.263256,0,0.66528,12.849,1,0.734147,0.36288,0,24.2265,5.1535,18.7017,0.84672,12.849,0.84672,3695.15,0,0.0036966,1.68807e-05,0.771768,1.82321,3.9217,1.32769,5.18897,0.42336,0.0018483,0.21168,0.0018483,0.21168,460.486,0,1.02816,0,0,1.79993,0.771768,1.028160,1,0,23.8907,0,0,0,23.8907,0
40.3943,2.41181,0,0,1.13056,0.106858,0.36288,3.6288,59.3606,0.468892,0,0,0.642237,0.249494,0,0.66528,12.849,1,0.735299,0.36288,0,24.0144,4.94288,18.6992,0.84672,12.849,0.84672,3695.15,0,0.0036966,1.45811e-05,0.746418,1.82333,4.17136,1.32525,5.41584,0.42336,0.0018483,0.21168,0.0018483,0.21168,460.486,0,1.02816,0,0,1.77458,0.746418,1.028160,1,0,24.115,0,0,0,24.115,0
38.839,2.38778,0,0,1.329,0.133555,0.36288,3.6288,59.3247,0.468988,0,0,0.652516,0.219424,0,0.66528,12.849,1,0.759529,0.36288,0,24.1897,4.52762,19.2654,0.84672,12.849,0.84672,3695.15,0,0.0036966,1.46028e-05,0.791268,1.74642,4.35621,1.19546,5.69843,0.42336,0.0018483,0.21168,0.0018483,0.21168,460.486,0,1.02816,0,0,1.81943,0.791268,1.028160,1,0,24.9638,0,0,0,24.9638,0
39.6534,2.36508,0,0,3.74431,0.202048,0.36288,3.6288,60.2951,0.469085,0,0,1.58405,0.144517,0,0.66528,12.849,1,0.782431,0.36288,0,77.2906,3.48947,73.3816,0.84672,12.849,0.84672,3695.15,0,0.0036966,1.46147e-05,1.95724,1.74653,11.5949,0.870967,14.4277,0.42336,0.0018483,0.21168,0.0018483,0.21168,460.486,0,1.02816,0,0,2.9854,1.95724,1.028160,1,0,87.8093,0,0,0,87.8093,0
39.5848,2.37737,0,0,2.87805,0.206323,0.36288,3.6288,60.6948,0.469181,0,0,1.02209,0.153253,0,0.66528,12.849,1,0.770346,0.36288,0,57.4093,3.6208,53.3811,0.84672,12.849,0.84672,3695.15,0,0.0036966,1.43824e-05,1.66969,1.74665,6.13534,0.906583,8.64508,0.42336,0.0018483,0.21168,0.0018483,0.21168,460.486,0,1.02816,0,0,2.69785,1.66969,1.028160,1,0,62.0262,0,0,0,62.0262,0
39.9311,2.31512,0,0,3.2446,0.220353,0.36288,3.6288,61.1813,0.400382,0,0,1.08769,0.200786,0,0.66528,12.849,1,0.751475,0.36288,0,67.2546,4.40884,62.4572,0.84672,12.849,0.84672,3695.15,0,0.0036966,1.21926e-05,2.31471,1.74676,10.1517,1.12028,13.0929,0.42336,0.0018483,0.21168,0.0018483,0.21168,460.486,0,1.02816,0,0,3.34287,2.31471,1.028160,1,0,75.5501,0,0,0,75.5501,0
40.9999,2.3202,0,0,3.97318,0.221244,0.36288,3.6288,61.308,0.400474,0,0,1.43513,0.201406,0.706535,0.66528,12.849,1,0.746594,0.36288,0,75.7287,4.40884,70.9362,0.84672,12.849,0.84672,3695.15,0,0.0036966,1.20984e-05,2.37761,1.6784,10.5865,1.12028,13.5222,0.42336,0.0018483,0.21168,0.0018483,0.21168,460.486,0,1.02816,0,0,3.40577,2.37761,1.028160,1,0,85.1649,0,0,0,85.1649,0
41.7403,2.33517,0,0,3.6625,0.224074,0.36288,3.6288,61.308,0.400567,0,0,1.82064,0.201567,1.2185,0.66528,12.849,1,0.731822,0.36288,0,64.7301,4.40884,59.9523,0.84672,12.849,0.84672,3695.15,0,0.0036966,1.20762e-05,3.49371,1.67851,14.6064,1.12028,18.6584,0.42336,0.0018483,0.21168,0.0018483,0.21168,460.486,0,1.02816,0,0,4.52187,3.49371,1.028160,1,0,79.8292,0,0,0,79.8292,0
42.6241,2.34525,0,0,3.84127,0.249387,0.36288,3.6288,61.308,0.400659,0,0,2.37444,0.21079,1.763,0.66528,12.849,1,0.721943,0.36288,0,93.2182,3.69802,89.1611,0.84672,12.849,0.84672,3695.15,0,0.0036966,1.2079e-05,3.46573,1.67862,13.5211,0.96909,17.6963,0.42336,0.0018483,0.21168,0.0018483,0.21168,460.486,0,1.02816,0,0,4.49389,3.46573,1.028160,1,0,108.62,0,0,0,108.62,0
48.1152,2.1794,0,0,8.27525,0.241839,0.36288,3.6288,61.308,0.257224,0,0,3.29419,0.2146,2.82237,0.66528,12.849,1,0.65698,0.36288,0,171.793,3.886,167.612,0.84672,12.849,0.84672,3695.15,0,0.0036966,7.75474e-06,4.3612,1.67873,21.0107,1.02943,26.0212,0.42336,0.0018483,0.21168,0.0018483,0.21168,460.486,0,1.02816,0,0,5.38936,4.3612,1.028160,1,0,196.456,0,0,0,196.456,0
52.2385,2.23873,0,0,6.97962,0.25474,0.36288,3.6288,61.308,0.257307,0,0,2.78146,0.214979,2.30917,0.66528,12.849,1,0.597845,0.36288,0,135.953,3.93708,131.781,0.84672,12.849,0.84672,3695.15,0,0.0036966,7.75724e-06,2.83688,1.52465,17.6391,1.04369,20.9569,0.42336,0.0018483,0.21168,0.0018483,0.21168,460.486,0,1.02816,0,0,3.86504,2.83688,1.028160,1,0,155.047,0,0,0,155.047,0
55.7889,2.27675,0,0,6.45624,0.266113,0.36288,3.6288,61.308,0.25739,0,0,3.35384,0.214979,2.88147,0.66528,12.849,1,0.560009,0.36288,0,135.712,3.93708,131.578,0.84672,12.849,0.84672,3695.15,0,0.0036966,7.75973e-06,3.95948,1.52475,24.5695,1.04369,29.01,0.42336,0.0018483,0.21168,0.0018483,0.21168,460.486,0,1.02816,0,0,4.98764,3.95948,1.028160,1,0,163.469,0,0,0,163.469,0
57.5766,2.30587,0,0,4.73056,0.274146,0.36288,3.6288,61.308,0.257473,0,0,1.41426,0.207629,0.949154,0.66528,12.849,1,0.531076,0.36288,0,93.1366,3.78791,89.1805,0.84672,12.849,0.84672,3695.15,0,0.0036966,7.76223e-06,2.41906,1.52485,12.6826,0.995701,15.6308,0.42336,0.0018483,0.21168,0.0018483,0.21168,460.486,0,1.02816,0,0,3.44722,2.41906,1.028160,1,0,105.76,0,0,0,105.76,0
60.2377,2.31951,0,0,5.61496,0.271498,0.36288,3.6288,61.308,0.257555,0,0,2.32896,0.202068,1.86933,0.66528,12.849,1,0.517629,0.36288,0,104.834,3.76743,100.912,0.84672,12.849,0.84672,3695.15,0,0.0036966,7.76472e-06,2.74234,1.52494,15.6191,0.992177,18.8942,0.42336,0.0018483,0.21168,0.0018483,0.21168,460.486,0,1.02816,0,0,3.7705,2.74234,1.028160,1,0,121.676,0,0,0,121.676,0
62.7456,2.41176,0,0,5.554,0.271473,0.36288,3.6288,61.308,0.299211,0,0,1.6795,0.207721,1.17256,0.66528,12.849,1,0.514441,0.36288,0,102.956,4.00533,98.7991,0.84672,12.849,0.84672,3695.15,0,0.0036966,9.02054e-06,2.55544,1.52504,12.9589,1.07279,15.9666,0.42336,0.0018483,0.21168,0.0018483,0.21168,460.486,0,1.02816,0,0,3.5836,2.55544,1.028160,1,0,115.938,0,0,0,115.938,0
66.5881,2.42897,0,0,6.91154,0.277183,0.36288,3.6288,61.308,0.299289,0,0,2.78314,0.207721,2.27613,0.66528,12.849,1,0.497404,0.36288,0,187.134,4.00533,182.994,0.84672,12.849,0.84672,3695.15,0,0.0036966,9.02291e-06,6.00415,1.57392,23.6409,1.07279,30.1462,0.42336,0.0018483,0.21168,0.0018483,0.21168,460.486,0,1.02816,0,0,7.03231,6.00415,1.028160,1,0,215.416,0,0,0,215.416,0
69.107,2.45318,0,0,5.62092,0.285895,0.36288,3.6288,61.308,0.299368,0,0,3.20998,0.207721,2.7029,0.66528,12.849,1,0.473372,0.36288,0,165.246,4.00533,161.13,0.84672,12.849,0.84672,3695.15,0,0.0036966,9.02528e-06,3.07049,1.57401,14.4533,1.07279,18.025,0.42336,0.0018483,0.21168,0.0018483,0.21168,460.486,0,1.02816,0,0,4.09865,3.07049,1.028160,1,0,181.858,0,0,0,181.858,0
71.9981,2.46788,0,0,6.01258,0.290744,0.36288,3.6288,61.308,0.299447,0,0,1.68711,0.187038,1.20062,0.66528,12.849,1,0.458851,0.36288,0,154.154,3.73827,150.32,0.84672,12.849,0.84672,3695.15,0,0.0036966,9.02765e-06,2.36047,1.5741,10.981,1.01643,13.8991,0.42336,0.0018483,0.21168,0.0018483,0.21168,460.486,0,1.02816,0,0,3.38863,2.36047,1.028160,1,0,165.42,0,0,0,165.42,0
72.29,2.72592,0,0,6.26727,0.303931,2.94552,3.6288,61.308,0.455629,0,0,2.70991,0.238133,2.01615,0.66528,12.849,1,0.486475,2.94552,0,165.72,4.4709,163.708,0.84672,12.849,0.84672,3695.15,0,0.0036966,1.37362e-05,4.69214,1.5742,17.4817,1.27423,22.4738,0.42336,0.0018483,0.21168,0.0018483,0.21168,460.486,0,1.02816,0,0,5.7203,4.69214,1.028160,1,0,188.198,0,0,0,188.198,0
72.29,2.72775,0,0,6.7668,0.304606,3.73445,3.6288,61.308,0.455717,0,0,3.16014,0.238133,2.46629,0.66528,12.849,1,0.484836,3.73445,0,205.881,4.4709,204.66,0.84672,12.849,0.84672,3695.15,0,0.0036966,1.37389e-05,4.8342,1.7484,20.1127,1.27423,25.4211,0.42336,0.0018483,0.21168,0.0018483,0.21168,460.486,0,1.02816,0,0,5.86236,4.8342,1.028160,1,0,232.547,0,0,0,232.547,0
72.29,2.72791,0,0,5.62599,0.304606,2.59348,3.6288,61.308,0.455805,0,0,3.25852,0.238133,2.56458,0.66528,12.849,1,0.484865,2.59348,0,186.879,4.4709,184.517,0.84672,12.849,0.84672,3695.15,0,0.0036966,1.37415e-05,5.43433,1.7485,19.1841,1.27423,25.0927,0.42336,0.0018483,0.21168,0.0018483,0.21168,460.486,0,1.02816,0,0,6.46249,5.43433,1.028160,1,0,212.174,0,0,0,212.174,0
72.29,2.72807,0,0,6.81407,0.304606,3.78139,3.6288,61.308,0.455893,0,0,4.09266,0.238133,3.39863,0.66528,12.849,1,0.484893,3.78139,0,170.714,4.4709,169.54,0.84672,12.849,0.84672,3695.15,0,0.0036966,1.37442e-05,6.19129,1.74861,22.5283,1.27423,29.1939,0.42336,0.0018483,0.21168,0.0018483,0.21168,460.486,0,1.02816,0,0,7.21945,6.19129,1.028160,1,0,202.132,0,0,0,202.132,0
72.29,2.38241,0,0,8.09499,0.319667,5.39291,3.6288,61.308,0.246438,0,0,4.32793,0.240425,3.84107,0.66528,12.849,1,0.423455,5.39291,0,185.86,4.06413,186.766,0.84672,12.849,0.84672,3695.15,0,0.0036966,7.42956e-06,7.85333,1.74871,20.8748,1.0416,29.4352,0.42336,0.0018483,0.21168,0.0018483,0.21168,460.486,0,1.02816,0,0,8.88149,7.85333,1.028160,1,0,220.042,0,0,0,220.042,0
72.29,2.38255,0,0,6.90673,0.319667,4.20451,3.6288,61.308,0.246513,0,0,3.66196,0.240425,3.17502,0.66528,12.849,1,0.42348,4.20451,0,182.433,4.06413,182.15,0.84672,12.849,0.84672,3695.15,0,0.0036966,7.43183e-06,5.52924,1.51059,16.3712,1.0416,22.3695,0.42336,0.0018483,0.21168,0.0018483,0.21168,460.486,0,1.02816,0,0,6.5574,5.52924,1.028160,1,0,207.694,0,0,0,207.694,0
72.29,2.38269,0,0,7.68252,0.308339,4.99148,3.6288,61.308,0.246589,0,0,3.5656,0.234409,3.0846,0.66528,12.849,1,0.423505,4.99148,0,191.86,3.97693,192.451,0.84672,12.849,0.84672,3695.15,0,0.0036966,7.43411e-06,6.69151,1.51068,22.0535,1.02907,29.2266,0.42336,0.0018483,0.21168,0.0018483,0.21168,460.486,0,1.02816,0,0,7.71967,6.69151,1.028160,1,0,224.762,0,0,0,224.762,0
72.29,2.38283,0,0,6.73531,0.262067,4.09041,3.6288,61.308,0.246664,0,0,3.0189,0.202045,2.57019,0.66528,12.849,1,0.42353,4.09041,0,176.809,3.63914,176.837,0.84672,12.849,0.84672,3695.15,0,0.0036966,7.43639e-06,5.62827,1.51077,18.8123,0.978844,24.9725,0.42336,0.0018483,0.21168,0.0018483,0.21168,460.486,0,1.02816,0,0,6.65643,5.62827,1.028160,1,0,204.379,0,0,0,204.379,0
72.29,2.38297,0,0,6.77266,0.278173,4.11152,3.6288,61.308,0.24674,0,0,3.71609,0.213589,3.25576,0.66528,12.849,1,0.423556,4.11152,0,176.132,4.6689,175.152,0.84672,12.849,0.84672,3695.15,0,0.0036966,7.43866e-06,6.22091,1.51086,14.8748,1.09794,21.5086,0.42336,0.0018483,0.21168,0.0018483,0.21168,460.486,0,1.02816,0,0,7.24907,6.22091,1.028160,1,0,199.916,0,0,0,199.916,0
72.29,2.47019,0,0,6.27442,0.24957,3.55466,3.6288,61.308,0.298093,0,0,4.12352,0.215246,3.61018,0.66528,12.849,1,0.439057,3.55466,0,133.198,5.09366,131.22,0.84672,12.849,0.84672,3695.15,0,0.0036966,8.98683e-06,6.96444,1.51095,17.6191,1.14052,24.954,0.42336,0.0018483,0.21168,0.0018483,0.21168,460.486,0,1.02816,0,0,7.9926,6.96444,1.028160,1,0,159.784,0,0,0,159.784,0
72.29,2.47034,0,0,6.26549,0.24957,3.54559,3.6288,61.308,0.298171,0,0,4.01308,0.215246,3.49966,0.66528,12.849,1,0.439083,3.54559,0,133.842,5.09366,131.855,0.84672,12.849,0.84672,3695.15,0,0.0036966,8.9892e-06,6.95045,1.56987,17.6965,1.14052,25.0763,0.42336,0.0018483,0.21168,0.0018483,0.21168,460.486,0,1.02816,0,0,7.97861,6.95045,1.028160,1,0,160.431,0,0,0,160.431,0
72.29,2.47048,0,0,6.24159,0.24957,3.52154,3.6288,61.308,0.29825,0,0,3.89515,0.215246,3.38166,0.66528,12.849,1,0.439109,3.52154,0,205.175,5.09366,203.164,0.84672,12.849,0.84672,3695.15,0,0.0036966,8.99157e-06,6.75562,1.56997,18.2756,1.14052,25.4606,0.42336,0.0018483,0.21168,0.0018483,0.21168,460.486,0,1.02816,0,0,7.78378,6.75562,1.028160,1,0,232.006,0,0,0,232.006,0
72.29,2.47063,0,0,6.72052,0.227456,4.02244,3.6288,61.308,0.298328,0,0,3.59263,0.217981,3.07632,0.66528,12.849,1,0.439135,4.02244,0,161.755,5.03045,160.307,0.84672,12.849,0.84672,3695.15,0,0.0036966,8.99394e-06,5.98742,1.57006,16.7382,1.10467,23.191,0.42336,0.0018483,0.21168,0.0018483,0.21168,460.486,0,1.02816,0,0,7.01558,5.98742,1.028160,1,0,186.575,0,0,0,186.575,0
72.29,2.43672,0,0,4.6503,0.203419,2.01016,3.6288,61.308,0.278487,0,0,2.17495,0.208166,1.68829,0.66528,12.849,1,0.433109,2.01016,0,111.361,4.66882,108.269,0.84672,12.849,0.84672,3695.15,0,0.0036966,8.39576e-06,3.06959,1.57015,11.6196,0.974947,15.2844,0.42336,0.0018483,0.21168,0.0018483,0.21168,460.486,0,1.02816,0,0,4.09775,3.06959,1.028160,1,0,125.242,0,0,0,125.242,0
72.29,2.43687,0,0,5.11891,0.203419,2.47862,3.6288,61.308,0.278564,0,0,2.76216,0.208166,2.27543,0.66528,12.849,1,0.433134,2.47862,0,115.515,4.66882,112.892,0.84672,12.849,0.84672,3695.15,0,0.0036966,8.39809e-06,5.51919,1.54734,12.6047,0.974947,18.6963,0.42336,0.0018483,0.21168,0.0018483,0.21168,460.486,0,1.02816,0,0,6.54735,5.51919,1.028160,1,0,133.863,0,0,0,133.863,0
72.29,2.43701,0,0,4.4524,0.123498,1.89189,3.6288,61.308,0.278642,0,0,2.32027,0.232728,1.8089,0.66528,12.849,1,0.43316,1.89189,0,96.1762,5.08652,92.5484,0.84672,12.849,0.84672,3695.15,0,0.0036966,8.40042e-06,4.61081,1.54743,10.6292,1.15242,15.635,0.42336,0.0018483,0.21168,0.0018483,0.21168,460.486,0,1.02816,0,0,5.63897,4.61081,1.028160,1,0,109.992,0,0,0,109.992,0
72.29,2.43715,0,0,3.97925,0.123498,1.4186,3.6288,61.308,0.278719,0,0,2.07198,0.232728,1.56053,0.66528,12.849,1,0.433186,1.4186,0,87.4541,5.08652,83.353,0.84672,12.849,0.84672,3695.15,0,0.0036966,8.40276e-06,4.11468,1.54752,10.0815,1.15242,14.5913,0.42336,0.0018483,0.21168,0.0018483,0.21168,460.486,0,1.02816,0,0,5.14284,4.11468,1.028160,1,0,99.5048,0,0,0,99.5048,0
72.29,2.55292,0,0,3.2533,0.137809,0.562572,3.6288,61.308,0.349456,0,0,1.6138,0.221522,1.04282,0.66528,12.849,1,0.453762,0.562572,0,78.7941,4.68025,74.2227,0.84672,12.849,0.84672,3695.15,0,0.0036966,1.05353e-05,2.57513,1.54761,7.89247,1.02052,10.9947,0.42336,0.0018483,0.21168,0.0018483,0.21168,460.486,0,1.02816,0,0,3.60329,2.57513,1.028160,1,0,86.2602,0,0,0,86.2602,0
72.2224,2.55307,0,0,2.90866,0.0602709,0.36288,3.6288,61.308,0.349537,0,0,1.49011,0.244217,0.896352,0.66528,12.849,1,0.453788,0.36288,0,55.0793,5.03024,49.9582,0.84672,12.849,0.84672,3695.15,0,0.0036966,1.05378e-05,1.93035,1.62782,7.08454,1.17601,9.46669,0.42336,0.0018483,0.21168,0.0018483,0.21168,460.486,0,1.02816,0,0,2.95851,1.93035,1.028160,1,0,60.3212,0,0,0,60.3212,0
72.0292,2.55286,0,0,2.78272,0.06024,0.36288,3.6288,61.308,0.349619,0,0,1.42361,0.244217,0.829777,0.66528,12.849,1,0.454176,0.36288,0,50.7366,5.03024,45.6151,0.84672,12.849,0.84672,3695.15,0,0.0036966,1.05402e-05,1.82123,1.62791,6.85152,1.17601,9.12464,0.42336,0.0018483,0.21168,0.0018483,0.21168,460.486,0,1.02816,0,0,2.84939,1.82123,1.028160,1,0,55.5695,0,0,0,55.5695,0
71.7187,2.55198,0,0,2.66452,0.0601516,0.36288,3.6288,61.308,0.349701,0,0,1.44724,0.244217,0.853326,0.66528,12.849,1,0.455237,0.36288,0,48.4078,5.03024,43.2852,0.84672,12.849,0.84672,3695.15,0,0.0036966,1.05427e-05,2.16645,1.62801,6.52329,1.17601,9.14173,0.42336,0.0018483,0.21168,0.0018483,0.21168,460.486,0,1.02816,0,0,3.19461,2.16645,1.028160,1,0,53.2802,0,0,0,53.2802,0
71.2887,2.55045,0,0,2.56931,0.0860065,0.36288,3.6288,61.308,0.349782,0,0,1.32028,0.269618,0.700878,0.66528,12.849,1,0.456935,0.36288,0,43.4377,5.04341,38.3002,0.84672,12.849,0.84672,3695.15,0,0.0036966,1.05452e-05,1.61858,1.62811,6.0097,1.26532,7.99106,0.42336,0.0018483,0.21168,0.0018483,0.21168,460.486,0,1.02816,0,0,2.64674,1.61858,1.028160,1,0,46.9922,0,0,0,46.9922,0
70.7155,2.52545,0,0,2.40327,0.0880782,0.36288,3.6288,61.308,0.388711,0,0,1.22175,0.293278,0.539759,0.66528,12.849,1,0.455184,0.36288,0,48.1988,5.34943,42.757,0.84672,12.849,0.84672,3695.15,0,0.0036966,1.17188e-05,1.42133,1.6282,6.52758,1.32088,8.25623,0.42336,0.0018483,0.21168,0.0018483,0.21168,460.486,0,1.02816,0,0,2.44949,1.42133,1.028160,1,0,51.553,0,0,0,51.553,0
69.8759,2.52247,0,0,2.13344,0.0876923,0.36288,3.6288,61.308,0.388795,0,0,1.07465,0.293278,0.392579,0.66528,12.849,1,0.458333,0.36288,0,56.3102,5.34943,50.8654,0.84672,12.849,0.84672,3695.15,0,0.0036966,1.17213e-05,1.2321,1.65327,6.86845,1.32088,8.43293,0.42336,0.0018483,0.21168,0.0018483,0.21168,460.486,0,1.02816,0,0,2.26026,1.2321,1.028160,1,0,59.6909,0,0,0,59.6909,0
68.8901,2.51797,0,0,1.9822,0.0871269,0.36288,3.6288,61.308,0.388879,0,0,1.02624,0.293278,0.344085,0.66528,12.849,1,0.463012,0.36288,0,51.9793,5.34943,46.5297,0.84672,12.849,0.84672,3695.15,0,0.0036966,1.17238e-05,1.17535,1.65336,6.43404,1.32088,7.94186,0.42336,0.0018483,0.21168,0.0018483,0.21168,460.486,0,1.02816,0,0,2.20351,1.17535,1.028160,1,0,54.8157,0,0,0,54.8157,0
67.7529,2.51254,0,0,1.81533,0.0772066,0.36288,3.6288,61.308,0.388963,0,0,0.92022,0.303286,0.227972,0.66528,12.849,1,0.468624,0.36288,0,47.0807,5.52994,41.4451,0.84672,12.849,0.84672,3695.15,0,0.0036966,1.17264e-05,0.959282,1.65346,5.98534,1.38083,7.21724,0.42336,0.0018483,0.21168,0.0018483,0.21168,460.486,0,1.02816,0,0,1.98744,0.959282,1.028160,1,0,48.8903,0,0,0,48.8903,0
66.5462,2.56456,0,0,1.77455,0.0538144,0.36288,3.6288,61.308,0.423676,0,0,0.881963,0.308928,0.149358,0.66528,12.849,1,0.486356,0.36288,0,44.056,5.85291,38.0796,0.84672,12.849,0.84672,3695.15,0,0.0036966,1.27729e-05,0.634383,1.65356,4.83798,1.4833,5.64261,0.42336,0.0018483,0.21168,0.0018483,0.21168,460.486,0,1.02816,0,0,1.66254,0.634383,1.028160,1,0,43.8715,0,0,0,43.8715,0
65.2545,2.55732,0,0,1.68182,0.0533041,0.36288,3.6288,61.308,0.423762,0,0,0.789031,0.308928,0.0563406,0.66528,12.849,1,0.493777,0.36288,0,38.9276,5.85291,32.9438,0.84672,12.849,0.84672,3695.15,0,0.0036966,1.27755e-05,0.796435,1.69345,5.0531,1.4833,6.05967,0.42336,0.0018483,0.21168,0.0018483,0.21168,460.486,0,1.02816,0,0,1.8246,0.796435,1.028160,1,0,39.0598,0,0,0,39.0598,0
63.8617,2.5493,0,0,1.57219,0.0527579,0.36288,3.6288,61.3053,0.423848,0,0,0.730037,0.308928,0,0.66528,12.849,1,0.501973,0.36288,0,37.0144,5.85291,31.0224,0.84672,12.849,0.84672,3695.15,0,0.0036966,1.27781e-05,0.639429,1.69355,4.43394,1.4833,5.2836,0.42336,0.0018483,0.21168,0.0018483,0.21168,460.486,0,1.02816,0,0,1.66759,0.639429,1.028160,1,0,36.306,0,0,0,36.306,0
62.4574,2.54034,0,0,1.55108,0.0521689,0.36288,3.6288,61.308,0.423934,0,0,0.789843,0.308923,0.0542468,0.66528,12.849,1,0.511116,0.36288,0,34.3458,5.85291,28.3447,0.84672,12.849,0.84672,3695.15,0,0.0036966,1.27812e-05,0.751818,1.69365,5.01424,1.4833,5.9764,0.42336,0.0018483,0.21168,0.0018483,0.21168,460.486,0,1.02816,0,0,1.77998,0.751818,1.028160,1,0,34.3753,0,0,0,34.3753,0
60.7494,2.69998,0,0,1.38999,0.035203,0.36288,3.6288,61.1326,0.549044,0,0,0.702233,0.328594,0,0.66528,12.849,1,0.555452,0.36288,0,29.2823,6.19725,22.8924,0.84672,12.849,0.84672,3695.15,0,0.0036966,1.65525e-05,0.575908,1.69375,5.16885,1.55034,5.88815,0.42336,0.0018483,0.21168,0.0018483,0.21168,460.486,0,1.02816,0,0,1.60407,0.575908,1.028160,1,0,28.7806,0,0,0,28.7806,0
59.011,2.68725,0,0,1.34931,0.0374965,0.36288,3.6288,60.9668,0.549138,0,0,0.70605,0.322704,0,0.66528,12.849,1,0.568376,0.36288,0,28.2093,6.17232,21.8314,0.84672,12.849,0.84672,3695.15,0,0.0036966,1.66028e-05,0.665479,1.82864,4.11483,1.55068,5.05826,0.42336,0.0018483,0.21168,0.0018483,0.21168,460.486,0,1.02816,0,0,1.69364,0.665479,1.028160,1,0,26.8897,0,0,0,26.8897,0
57.0488,2.67366,0,0,1.11115,0.0368968,0.36288,3.6288,60.7097,0.549231,0,0,0.614529,0.322366,0,0.66528,12.849,1,0.58216,0.36288,0,35.0202,6.17232,28.6286,0.84672,12.849,0.84672,3695.15,0,0.0036966,1.66508e-05,0.468366,1.82875,3.67108,1.55068,4.41749,0.42336,0.0018483,0.21168,0.0018483,0.21168,460.486,0,1.02816,0,0,1.49653,0.468366,1.028160,1,0,33.0461,0,0,0,33.0461,0
55.2214,2.65747,0,0,1.22922,0.0361978,0.36288,3.6288,60.6827,0.549324,0,0,0.84417,0.321841,0,0.66528,12.849,1,0.598538,0.36288,0,30.025,6.17232,23.6171,0.84672,12.849,0.84672,3695.15,0,0.0036966,1.67241e-05,0.930899,1.82886,4.387,1.55068,5.59606,0.42336,0.0018483,0.21168,0.0018483,0.21168,460.486,0,1.02816,0,0,1.95906,0.930899,1.028160,1,0,29.2131,0,0,0,29.2131,0
53.5714,2.64156,0,0,1.41007,0.0556572,0.36288,3.6288,60.5367,0.549418,0,0,0.717794,0.314401,0,0.66528,12.849,1,0.614642,0.36288,0,35.0755,5.83478,28.9889,0.84672,12.849,0.84672,3695.15,0,0.0036966,1.67344e-05,0.81203,1.82897,5.44835,1.54839,6.54094,0.42336,0.0018483,0.21168,0.0018483,0.21168,460.486,0,1.02816,0,0,1.84019,0.81203,1.028160,1,0,35.5299,0,0,0,35.5299,0
52.3096,2.54631,0,0,1.72851,0.0811072,0.36288,3.6288,60.5873,0.473604,0,0,0.82846,0.304272,0,0.66528,12.849,1,0.610727,0.36288,0,32.803,5.38471,27.1704,0.84672,12.849,0.84672,3695.15,0,0.0036966,1.446e-05,1.19283,1.82908,6.59978,1.54533,8.07635,0.42336,0.0018483,0.21168,0.0018483,0.21168,460.486,0,1.02816,0,0,2.22099,1.19283,1.028160,1,0,35.2468,0,0,0,35.2468,0
50.9586,2.53463,0,0,1.62654,0.0800644,0.36288,3.6288,60.6551,0.473693,0,0,0.845908,0.30437,0,0.66528,12.849,1,0.62259,0.36288,0,43.5637,5.38471,37.9192,0.84672,12.849,0.84672,3695.15,0,0.0036966,1.44507e-05,1.54945,1.75192,6.13755,1.54533,7.89357,0.42336,0.0018483,0.21168,0.0018483,0.21168,460.486,0,1.02816,0,0,2.57761,1.54945,1.028160,1,0,45.8128,0,0,0,45.8128,0
48.9612,2.5216,0,0,0.96603,0.0789478,0.36288,3.6288,60.4549,0.473782,0,0,0.578003,0.304501,0,0.66528,12.849,1,0.63581,0.36288,0,30.2859,5.38471,24.6282,0.84672,12.849,0.84672,3695.15,0,0.0036966,1.44372e-05,0.483771,1.75202,3.98959,1.54533,4.68004,0.42336,0.0018483,0.21168,0.0018483,0.21168,460.486,0,1.02816,0,0,1.51193,0.483771,1.028160,1,0,29.3083,0,0,0,29.3083,0
47.3187,2.50119,0,0,1.33398,0.112427,0.36288,3.6288,60.4697,0.473871,0,0,0.79304,0.304352,0,0.66528,12.849,1,0.656394,0.36288,0,31.8756,5.11001,26.4721,0.84672,12.849,0.84672,3695.15,0,0.0036966,1.44878e-05,0.716481,1.75213,5.35504,1.49404,6.32959,0.42336,0.0018483,0.21168,0.0018483,0.21168,460.486,0,1.02816,0,0,1.74464,0.716481,1.028160,1,0,32.8017,0,0,0,32.8017,0
45.3149,2.41927,0,0,0.934278,0.155882,0.36288,3.6288,60.548,0.404849,0,0,0.693507,0.210391,0,0.66528,12.849,1,0.656933,0.36288,0,25.4825,4.46547,20.7229,0.84672,12.849,0.84672,3695.15,0,0.0036966,1.23745e-05,0.242179,1.75223,4.9949,1.09027,5.89902,0.42336,0.0018483,0.21168,0.0018483,0.21168,460.486,0,1.02816,0,0,1.27034,0.242179,1.028160,1,0,26.622,0,0,0,26.622,0
43.3352,2.39678,0,0,0.992244,0.212332,0.36288,3.6288,60.147,0.691713,0,0,0.493132,0.202363,0,0.66528,12.849,1,0.679604,0.36288,0,27.6552,4.54335,22.7951,0.84672,12.849,0.84672,3695.15,0,0.0036966,2.11154e-05,0.216518,1.68365,4.35821,1.18948,5.06887,0.42336,0.0018483,0.21168,0.0018483,0.21168,460.486,0,0.741372,0,0,0.957891,0.216518,1.028160,1,0,27.864,0,0,0,27.864,0
41.5499,2.37297,0,0,1.15817,0.207607,0.36288,3.6288,60.5072,0.405019,0,0,0.967027,0.201848,0,0.66528,12.849,1,0.703592,0.36288,0,32.1905,4.54335,27.3064,0.84672,12.849,0.84672,3695.15,0,0.0036966,1.24461e-05,1.1872,1.68375,6.91949,1.18948,8.60094,0.42336,0.0018483,0.21168,0.0018483,0.21168,460.486,0,1.02816,0,0,2.21536,1.1872,1.028160,1,0,35.9074,0,0,0,35.9074,0
41.7245,2.35001,0,0,3.09089,0.203346,0.36288,3.6288,61.308,0.405104,0,0,2.3682,0.202311,0.959951,0.66528,12.849,1,0.726725,0.36288,0,94.6035,4.54335,89.6963,0.84672,12.849,0.84672,3695.15,0,0.0036966,1.23746e-05,3.11679,1.68385,13.0639,1.18948,16.675,0.42336,0.0018483,0.21168,0.0018483,0.21168,460.486,0,1.02816,0,0,4.14495,3.11679,1.028160,1,0,107.331,0,0,0,107.331,0
42.2803,2.17531,0,0,3.29269,0.198766,0.36288,3.6288,61.308,0.261217,0,0,1.43661,0.2356,0.93979,0.66528,12.849,1,0.669883,0.36288,0,101.137,3.90078,96.929,0.84672,12.849,0.84672,3695.15,0,0.0036966,7.87511e-06,0.766256,1.68395,9.17577,1.06419,10.5618,0.42336,0.0018483,0.21168,0.0018483,0.21168,460.486,0,1.02816,0,0,1.79442,0.766256,1.028160,1,0,108.431,0,0,0,108.431,0
42.5333,2.18219,0,0,2.99387,0.195743,0.36288,3.6288,61.308,0.261293,0,0,1.27299,0.262727,0.748971,0.66528,12.849,1,0.66317,0.36288,0,106.782,3.8261,102.655,0.84672,12.849,0.84672,3695.15,0,0.0036966,7.87741e-06,1.62192,1.52939,8.43817,1.02451,10.565,0.42336,0.0018483,0.21168,0.0018483,0.21168,460.486,0,1.02816,0,0,2.65008,1.62192,1.028160,1,0,113.969,0,0,0,113.969,0
42.4641,2.18535,0,0,2.67536,0.196319,0.36288,3.6288,61.308,0.26137,0,0,1.33163,0.262727,0.807534,0.66528,12.849,1,0.660179,0.36288,0,84.7083,3.8261,80.5849,0.84672,12.849,0.84672,3695.15,0,0.0036966,7.87972e-06,3.44388,1.52948,11.1994,1.02451,15.1483,0.42336,0.0018483,0.21168,0.0018483,0.21168,460.486,0,1.02816,0,0,4.47204,3.44388,1.028160,1,0,96.5407,0,0,0,96.5407,0
42.4366,2.18466,0,0,2.71615,0.196162,0.36288,3.6288,61.308,0.261446,0,0,1.36178,0.262727,0.837603,0.66528,12.849,1,0.661044,0.36288,0,95.4219,3.8261,91.2976,0.84672,12.849,0.84672,3695.15,0,0.0036966,7.88202e-06,3.95422,1.52957,12.4274,1.02451,16.8867,0.42336,0.0018483,0.21168,0.0018483,0.21168,460.486,0,1.02816,0,0,4.98238,3.95422,1.028160,1,0,109.022,0,0,0,109.022,0
43.617,2.18446,0,0,3.92721,0.199451,0.36288,3.6288,61.308,0.261523,0,0,1.24238,0.242861,0.737996,0.66528,12.849,1,0.661412,0.36288,0,91.616,3.92489,87.3925,0.84672,12.849,0.84672,3695.15,0,0.0036966,7.88433e-06,2.2702,1.52966,9.39237,0.97105,12.2212,0.42336,0.0018483,0.21168,0.0018483,0.21168,460.486,0,1.02816,0,0,3.29836,2.2702,1.028160,1,0,100.352,0,0,0,100.352,0
47.3158,2.26728,0,0,6.5432,0.21422,0.36288,3.6288,61.308,0.3033,0,0,1.43468,0.249439,0.881942,0.66528,12.849,1,0.667912,0.36288,0,150.525,5.0149,145.205,0.84672,12.849,0.84672,3695.15,0,0.0036966,9.14381e-06,2.01669,1.52975,8.66422,1.16992,11.0407,0.42336,0.0018483,0.21168,0.0018483,0.21168,460.486,0,1.02816,0,0,3.04485,2.01669,1.028160,1,0,157.128,0,0,0,157.128,0
52.2181,2.30848,0,0,7.79691,0.223301,0.36288,3.6288,61.308,0.303372,0,0,2.62131,0.249439,2.0685,0.66528,12.849,1,0.626885,0.36288,0,170.853,5.0149,165.574,0.84672,12.849,0.84672,3695.15,0,0.0036966,9.14599e-06,3.53598,1.57877,12.3235,1.16992,16.2683,0.42336,0.0018483,0.21168,0.0018483,0.21168,460.486,0,1.02816,0,0,4.56414,3.53598,1.028160,1,0,183.91,0,0,0,183.91,0
56.9517,2.35584,0,0,7.68758,0.23527,0.36288,3.6288,61.308,0.303444,0,0,3.59307,0.249439,3.04018,0.66528,12.849,1,0.579688,0.36288,0,326.281,5.0149,321.049,0.84672,12.849,0.84672,3695.15,0,0.0036966,9.14816e-06,4.26298,1.57885,13.4292,1.16992,18.1011,0.42336,0.0018483,0.21168,0.0018483,0.21168,460.486,0,1.02816,0,0,5.29114,4.26298,1.028160,1,0,342.19,0,0,0,342.19,0
59.6584,2.39529,0,0,5.71169,0.246777,0.36288,3.6288,61.308,0.303516,0,0,2.4665,0.249439,1.91354,0.66528,12.849,1,0.540406,0.36288,0,199.325,5.0149,194.132,0.84672,12.849,0.84672,3695.15,0,0.0036966,9.15034e-06,3.18057,1.57894,10.9198,1.16992,14.5094,0.42336,0.0018483,0.21168,0.0018483,0.21168,460.486,0,1.02816,0,0,4.20873,3.18057,1.028160,1,0,210.555,0,0,0,210.555,0
61.995,2.6512,0,0,5.63781,0.287165,0.36288,3.6288,61.308,0.46017,0,0,2.80213,0.197238,2.14473,0.66528,12.849,1,0.571006,0.36288,0,178.92,4.13007,174.582,0.84672,12.849,0.84672,3695.15,0,0.0036966,1.38731e-05,3.30802,1.57902,12.3584,1.13046,16.115,0.42336,0.0018483,0.21168,0.0018483,0.21168,460.486,0,1.02816,0,0,4.33618,3.30802,1.028160,1,0,192.841,0,0,0,192.841,0
62.3309,2.66918,0,0,3.66258,0.294616,0.36288,3.6288,61.308,0.460251,0,0,1.80681,0.193265,1.15329,0.66528,12.849,1,0.55321,0.36288,0,115.758,4.074,111.494,0.84672,12.849,0.84672,3695.15,0,0.0036966,1.38755e-05,1.75776,1.75375,7.94059,1.1471,10.305,0.42336,0.0018483,0.21168,0.0018483,0.21168,460.486,0,1.02816,0,0,2.78592,1.75776,1.028160,1,0,122.952,0,0,0,122.952,0
63.235,2.67179,0,0,4.23421,0.29543,0.36288,3.6288,61.308,0.460331,0,0,1.57172,0.193265,0.918123,0.66528,12.849,1,0.550768,0.36288,0,93.0165,4.074,88.7546,0.84672,12.849,0.84672,3695.15,0,0.0036966,1.3878e-05,1.3674,1.75385,5.90102,1.1471,7.87515,0.42336,0.0018483,0.21168,0.0018483,0.21168,460.486,0,1.02816,0,0,2.39556,1.3674,1.028160,1,0,97.5479,0,0,0,97.5479,0
62.6611,2.67848,0,0,2.77546,0.308009,0.36288,3.6288,61.308,0.460412,0,0,1.41177,0.166951,0.784405,0.66528,12.849,1,0.544253,0.36288,0,104.786,3.72438,100.88,0.84672,12.849,0.84672,3695.15,0,0.0036966,1.38804e-05,1.10294,1.75394,4.95251,1.07267,6.73671,0.42336,0.0018483,0.21168,0.0018483,0.21168,460.486,0,1.02816,0,0,2.1311,1.10294,1.028160,1,0,108.401,0,0,0,108.401,0
70.9608,2.33548,0,0,11.3254,0.32735,0.36288,3.6288,61.308,0.250313,0,0,3.8999,0.116364,3.53322,0.66528,12.849,1,0.478904,0.36288,0,217.311,2.55019,214.644,0.84672,12.849,0.84672,3695.15,0,0.0036966,7.54637e-06,6.14638,1.75404,23.4158,0.773965,30.5422,0.42336,0.0018483,0.21168,0.0018483,0.21168,460.486,0,1.02816,0,0,7.17454,6.14638,1.028160,1,0,248.72,0,0,0,248.72,0
72.29,2.38304,0,0,11.0646,0.351908,7.00036,3.6288,61.308,0.250382,0,0,3.34291,0.111222,2.98131,0.66528,12.849,1,0.431502,7.00036,0,241.561,2.3982,245.732,0.84672,12.849,0.84672,3695.15,0,0.0036966,7.54846e-06,6.15635,1.51518,24.86,0.733486,31.7981,0.42336,0.0018483,0.21168,0.0018483,0.21168,460.486,0,1.02816,0,0,7.18451,6.15635,1.028160,1,0,280.512,0,0,0,280.512,0
72.29,2.38991,0,0,8.46141,0.344784,5.72672,3.6288,61.308,0.250451,0,0,2.32701,0.119081,1.95748,0.66528,12.849,1,0.424789,5.72672,0,181.621,2.47719,184.446,0.84672,12.849,0.84672,3695.15,0,0.0036966,7.55055e-06,3.27869,1.51526,17.6659,0.763194,21.6966,0.42336,0.0018483,0.21168,0.0018483,0.21168,460.486,0,1.02816,0,0,4.30685,3.27869,1.028160,1,0,208.1,0,0,0,208.1,0
72.29,2.39004,0,0,7.11832,0.250934,4.47735,3.6288,61.308,0.25052,0,0,1.86035,0.159585,1.45024,0.66528,12.849,1,0.424812,4.47735,0,139.079,3.24873,139.883,0.84672,12.849,0.84672,3695.15,0,0.0036966,7.55263e-06,2.06448,1.51535,12.5666,0.999241,15.1472,0.42336,0.0018483,0.21168,0.0018483,0.21168,460.486,0,1.02816,0,0,3.09264,2.06448,1.028160,1,0,156.48,0,0,0,156.48,0
72.29,2.39017,0,0,8.30071,0.288382,5.62216,3.6288,61.308,0.25059,0,0,3.08648,0.135986,2.6999,0.66528,12.849,1,0.424835,5.62216,0,220.419,2.65285,222.964,0.84672,12.849,0.84672,3695.15,0,0.0036966,7.55472e-06,4.05931,1.51543,18.4585,0.882638,23.1506,0.42336,0.0018483,0.21168,0.0018483,0.21168,460.486,0,1.02816,0,0,5.08747,4.05931,1.028160,1,0,248.814,0,0,0,248.814,0
72.29,2.47764,0,0,7.68606,0.312664,4.89576,3.6288,61.308,0.302091,0,0,3.14753,0.098759,2.74668,0.66528,12.849,1,0.440381,4.89576,0,197.394,2.11627,199.733,0.84672,12.849,0.84672,3695.15,0,0.0036966,9.10736e-06,4.81933,1.51551,18.5055,0.777257,24.0631,0.42336,0.0018483,0.21168,0.0018483,0.21168,460.486,0,1.02816,0,0,5.84749,4.81933,1.028160,1,0,226.543,0,0,0,226.543,0
72.29,2.47777,0,0,5.81137,0.312664,3.02093,3.6288,61.308,0.302163,0,0,2.49603,0.098759,2.09511,0.66528,12.849,1,0.440405,3.02093,0,166.145,2.11627,166.609,0.84672,12.849,0.84672,3695.15,0,0.0036966,9.10954e-06,4.14628,1.57461,14.9898,0.777257,19.9334,0.42336,0.0018483,0.21168,0.0018483,0.21168,460.486,0,1.02816,0,0,5.17444,4.14628,1.028160,1,0,188.637,0,0,0,188.637,0
72.29,2.4779,0,0,5.42409,0.312664,2.63352,3.6288,61.308,0.302235,0,0,3.03248,0.098759,2.63148,0.66528,12.849,1,0.440429,2.63352,0,162.301,2.11627,162.377,0.84672,12.849,0.84672,3695.15,0,0.0036966,9.11171e-06,4.09984,1.57469,18.7796,0.777257,23.6769,0.42336,0.0018483,0.21168,0.0018483,0.21168,460.486,0,1.02816,0,0,5.128,4.09984,1.028160,1,0,188.686,0,0,0,188.686,0
72.29,2.47804,0,0,4.95325,0.284828,2.19039,3.6288,61.308,0.302307,0,0,2.60665,0.121758,2.18259,0.66528,12.849,1,0.440453,2.19039,0,132.172,2.21685,131.705,0.84672,12.849,0.84672,3695.15,0,0.0036966,9.11388e-06,3.96778,1.57478,14.8334,0.795624,19.5803,0.42336,0.0018483,0.21168,0.0018483,0.21168,460.486,0,1.02816,0,0,4.99594,3.96778,1.028160,1,0,153.468,0,0,0,153.468,0
72.29,2.44402,0,0,4.73623,0.23834,2.05387,3.6288,61.308,0.282399,0,0,2.07575,0.149186,1.64417,0.66528,12.849,1,0.434406,2.05387,0,124.244,3.30498,122.559,0.84672,12.849,0.84672,3695.15,0,0.0036966,8.51371e-06,3.70329,1.57486,11.364,0.961253,15.6809,0.42336,0.0018483,0.21168,0.0018483,0.21168,460.486,0,1.02816,0,0,4.73145,3.70329,1.028160,1,0,139.884,0,0,0,139.884,0
72.29,2.44415,0,0,5.07203,0.23834,2.38954,3.6288,61.308,0.28247,0,0,2.20428,0.149186,1.77262,0.66528,12.849,1,0.434429,2.38954,0,152.791,3.30498,151.441,0.84672,12.849,0.84672,3695.15,0,0.0036966,8.51585e-06,3.80104,1.55197,10.255,0.961253,14.6467,0.42336,0.0018483,0.21168,0.0018483,0.21168,460.486,0,1.02816,0,0,4.8292,3.80104,1.028160,1,0,167.86,0,0,0,167.86,0
72.29,2.44428,0,0,4.12635,0.23834,1.44373,3.6288,61.308,0.282541,0,0,1.89796,0.149186,1.46623,0.66528,12.849,1,0.434453,1.44373,0,112.346,3.30498,110.05,0.84672,12.849,0.84672,3695.15,0,0.0036966,8.51799e-06,3.07239,1.55206,8.74169,0.961253,12.4049,0.42336,0.0018483,0.21168,0.0018483,0.21168,460.486,0,1.02816,0,0,4.10055,3.07239,1.028160,1,0,123.921,0,0,0,123.921,0
72.29,2.44441,0,0,3.78972,0.201684,1.14362,3.6288,61.308,0.282612,0,0,1.76403,0.186804,1.29461,0.66528,12.849,1,0.434476,1.14362,0,98.9479,3.07863,96.5784,0.84672,12.849,0.84672,3695.15,0,0.0036966,8.52013e-06,2.5855,1.55214,8.18804,0.871553,11.4541,0.42336,0.0018483,0.21168,0.0018483,0.21168,460.486,0,1.02816,0,0,3.61366,2.5855,1.028160,1,0,109.327,0,0,0,109.327,0
72.29,2.56051,0,0,4.03244,0.185898,1.28604,3.6288,61.308,0.353553,0,0,1.76786,0.189437,1.22488,0.66528,12.849,1,0.455111,1.28604,0,97.3719,3.40921,94.7936,0.84672,12.849,0.84672,3695.15,0,0.0036966,1.06588e-05,2.65652,1.55222,8.89548,0.916349,12.1879,0.42336,0.0018483,0.21168,0.0018483,0.21168,460.486,0,1.02816,0,0,3.68468,2.65652,1.028160,1,0,108.206,0,0,0,108.206,0
72.29,2.56065,0,0,3.99653,0.139782,1.2961,3.6288,61.308,0.353627,0,0,1.77816,0.195181,1.22935,0.66528,12.849,1,0.455136,1.2961,0,93.8641,3.90275,90.8023,0.84672,12.849,0.84672,3695.15,0,0.0036966,1.06611e-05,2.66491,1.63266,8.37147,0.888441,11.7806,0.42336,0.0018483,0.21168,0.0018483,0.21168,460.486,0,1.02816,0,0,3.69307,2.66491,1.028160,1,0,103.812,0,0,0,103.812,0
72.29,2.56079,0,0,3.5499,0.132171,0.856942,3.6288,61.308,0.353702,0,0,1.65739,0.196966,1.10673,0.66528,12.849,1,0.45516,0.856942,0,81.6903,3.95692,78.1352,0.84672,12.849,0.84672,3695.15,0,0.0036966,1.06633e-05,2.31566,1.63275,7.65841,0.878411,10.7284,0.42336,0.0018483,0.21168,0.0018483,0.21168,460.486,0,1.02816,0,0,3.34382,2.31566,1.028160,1,0,89.9703,0,0,0,89.9703,0
72.29,2.56093,0,0,3.16732,0.132171,0.474224,3.6288,61.308,0.353777,0,0,1.50952,0.196966,0.958777,0.66528,12.849,1,0.455185,0.474224,0,75.5162,3.95692,71.5783,0.84672,12.849,0.84672,3695.15,0,0.0036966,1.06656e-05,2.07423,1.63284,7.41139,0.878411,10.24,0.42336,0.0018483,0.21168,0.0018483,0.21168,460.486,0,1.02816,0,0,3.10239,2.07423,1.028160,1,0,82.7771,0,0,0,82.7771,0
72.29,2.56106,0,0,3.38193,0.128922,0.691944,3.6288,61.308,0.353852,0,0,1.51484,0.211228,0.949763,0.66528,12.849,1,0.45521,0.691944,0,76.6705,4.13067,72.7766,0.84672,12.849,0.84672,3695.15,0,0.0036966,1.06679e-05,2.4762,1.63292,6.96254,1.02477,10.0469,0.42336,0.0018483,0.21168,0.0018483,0.21168,460.486,0,1.02816,0,0,3.50436,2.4762,1.028160,1,0,83.7732,0,0,0,83.7732,0
72.29,2.53826,0,0,3.67326,0.119658,1.01534,3.6288,61.308,0.392888,0,0,1.31819,0.247361,0.677938,0.66528,12.849,1,0.451157,1.01534,0,75.0842,4.74873,70.8996,0.84672,12.849,0.84672,3695.15,0,0.0036966,1.18447e-05,2.13448,1.63301,6.32609,1.2179,8.87566,0.42336,0.0018483,0.21168,0.0018483,0.21168,460.486,0,1.02816,0,0,3.16264,2.13448,1.028160,1,0,80.4532,0,0,0,80.4532,0
72.29,2.5384,0,0,3.52171,0.119658,0.863649,3.6288,61.308,0.392965,0,0,1.3412,0.247361,0.700878,0.66528,12.849,1,0.451182,0.863649,0,70.6294,4.74873,66.2931,0.84672,12.849,0.84672,3695.15,0,0.0036966,1.1847e-05,2.40498,1.65814,6.56968,1.2179,9.41489,0.42336,0.0018483,0.21168,0.0018483,0.21168,460.486,0,1.02816,0,0,3.43314,2.40498,1.028160,1,0,76.4089,0,0,0,76.4089,0
72.29,2.53854,0,0,3.07634,0.119658,0.418145,3.6288,61.308,0.393042,0,0,1.20003,0.247361,0.559623,0.66528,12.849,1,0.451206,0.418145,0,69.5537,4.74873,64.7719,0.84672,12.849,0.84672,3695.15,0,0.0036966,1.18494e-05,1.83641,1.65823,6.22942,1.2179,8.50615,0.42336,0.0018483,0.21168,0.0018483,0.21168,460.486,0,1.02816,0,0,2.86457,1.83641,1.028160,1,0,73.8377,0,0,0,73.8377,0
72.2557,2.53868,0,0,2.98051,0.11323,0.36288,3.6288,61.308,0.393119,0,0,1.15542,0.254777,0.507522,0.66528,12.849,1,0.45123,0.36288,0,68.1523,4.81977,63.2442,0.84672,12.849,0.84672,3695.15,0,0.0036966,1.18517e-05,1.21942,1.65832,5.93241,1.22978,7.58035,0.42336,0.0018483,0.21168,0.0018483,0.21168,460.486,0,1.02816,0,0,2.24758,1.21942,1.028160,1,0,71.3321,0,0,0,71.3321,0
72.1446,2.59788,0,0,2.9395,0.0898243,0.36288,3.6288,61.308,0.427927,0,0,1.20062,0.310747,0.461948,0.66528,12.849,1,0.461972,0.36288,0,52.2485,5.90345,46.246,0.84672,12.849,0.84672,3695.15,0,0.0036966,1.29011e-05,1.80933,1.65841,5.04685,1.47979,7.03478,0.42336,0.0018483,0.21168,0.0018483,0.21168,460.486,0,1.02816,0,0,2.83749,1.80933,1.028160,1,0,53.7427,0,0,0,53.7427,0
72.29,2.59742,0,0,3.37343,0.0741899,0.556468,3.6288,61.308,0.428006,0,0,1.60961,0.324075,0.857525,0.66528,12.849,1,0.462601,0.556468,0,69.8935,6.01734,63.9701,0.84672,12.849,0.84672,3695.15,0,0.0036966,1.29034e-05,2.51271,1.69841,5.96357,1.54726,8.62742,0.42336,0.0018483,0.21168,0.0018483,0.21168,460.486,0,1.02816,0,0,3.54087,2.51271,1.028160,1,0,73.455,0,0,0,73.455,0
72.29,2.59835,0,0,3.07059,0.0742718,0.397969,3.6288,61.308,0.428085,0,0,1.3276,0.324075,0.575437,0.66528,12.849,1,0.461836,0.397969,0,56.2962,6.01734,50.215,0.84672,12.849,0.84672,3695.15,0,0.0036966,1.29058e-05,2.58917,1.6985,5.54149,1.54726,8.28189,0.42336,0.0018483,0.21168,0.0018483,0.21168,460.486,0,1.02816,0,0,3.61733,2.58917,1.028160,1,0,59.0723,0,0,0,59.0723,0
72.0471,2.59849,0,0,2.79271,0.0742718,0.36288,3.6288,61.308,0.428164,0,0,1.23638,0.324075,0.484145,0.66528,12.849,1,0.461861,0.36288,0,52.4807,6.01734,46.3644,0.84672,12.849,0.84672,3695.15,0,0.0036966,1.29082e-05,2.02536,1.6986,4.93855,1.54726,7.11524,0.42336,0.0018483,0.21168,0.0018483,0.21168,460.486,0,1.02816,0,0,3.05352,2.02536,1.028160,1,0,53.9638,0,0,0,53.9638,0
71.494,2.77077,0,0,2.63403,0.0534936,0.36288,3.6288,61.308,0.55363,0,0,1.30978,0.326884,0.429266,0.66528,12.849,1,0.494144,0.36288,0,50.2219,5.95308,44.1376,0.84672,12.849,0.84672,3695.15,0,0.0036966,1.66907e-05,2.07888,1.69869,4.81059,1.5529,7.03524,0.42336,0.0018483,0.21168,0.0018483,0.21168,460.486,0,1.02816,0,0,3.10704,2.07888,1.028160,1,0,51.6021,0,0,0,51.6021,0
70.6704,2.76768,0,0,2.34483,0.0378527,0.36288,3.6288,61.308,0.553716,0,0,1.20825,0.328992,0.325545,0.66528,12.849,1,0.497411,0.36288,0,44.0437,5.90488,38.0043,0.84672,12.849,0.84672,3695.15,0,0.0036966,1.66933e-05,1.75662,1.83396,4.27397,1.55712,6.30741,0.42336,0.0018483,0.21168,0.0018483,0.21168,460.486,0,1.02816,0,0,2.78478,1.75662,1.028160,1,0,44.6372,0,0,0,44.6372,0
70.1335,2.76292,0,0,2.62659,0.0376147,0.36288,3.6288,61.308,0.553802,0,0,1.23943,0.328992,0.356641,0.66528,12.849,1,0.502343,0.36288,0,43.7797,5.90488,37.7353,0.84672,12.849,0.84672,3695.15,0,0.0036966,1.66959e-05,1.83419,1.83406,4.58083,1.55712,6.69194,0.42336,0.0018483,0.21168,0.0018483,0.21168,460.486,0,1.02816,0,0,2.86235,1.83419,1.028160,1,0,44.7839,0,0,0,44.7839,0
71.1569,2.75982,0,0,4.20359,0.0574881,0.36288,3.6288,61.308,0.553888,0,0,1.52328,0.324701,0.644687,0.66528,12.849,1,0.50562,0.36288,0,72.732,5.78615,66.8032,0.84672,12.849,0.84672,3695.15,0,0.0036966,1.66985e-05,2.44931,1.83416,4.99351,1.54256,7.7344,0.42336,0.0018483,0.21168,0.0018483,0.21168,460.486,0,1.02816,0,0,3.47747,2.44931,1.028160,1,0,75.1822,0,0,0,75.1822,0
72.29,2.76613,0,0,5.34578,0.0506857,1.39591,3.6288,61.308,0.553973,0,0,2.12603,0.325613,1.24644,0.66528,12.849,1,0.499488,1.39591,0,76.974,5.95293,71.9175,0.84672,12.849,0.84672,3695.15,0,0.0036966,1.67011e-05,2.57248,1.83426,6.38663,1.51686,9.27649,0.42336,0.0018483,0.21168,0.0018483,0.21168,460.486,0,1.02816,0,0,3.60064,2.57248,1.028160,1,0,82.4404,0,0,0,82.4404,0
72.29,2.68832,0,0,4.35446,0.0390795,1.62705,3.6288,61.308,0.477933,0,0,2.29633,0.342117,1.47628,0.66528,12.849,1,0.477829,1.62705,0,50.0231,6.00265,45.1697,0.84672,12.849,0.84672,3695.15,0,0.0036966,1.44086e-05,2.62977,1.83436,9.92511,1.46819,12.921,0.42336,0.0018483,0.21168,0.0018483,0.21168,460.486,0,1.02816,0,0,3.65793,2.62977,1.028160,1,0,59.567,0,0,0,59.567,0
72.29,2.68847,0,0,4.9974,0.0988756,2.21006,3.6288,61.308,0.478015,0,0,2.22848,0.300712,1.44975,0.66528,12.849,1,0.477855,2.21006,0,42.8766,5.67137,38.9374,0.84672,12.849,0.84672,3695.15,0,0.0036966,1.44111e-05,2.487,1.75697,7.23436,1.35441,10.1239,0.42336,0.0018483,0.21168,0.0018483,0.21168,460.486,0,1.02816,0,0,3.51516,2.487,1.028160,1,0,50.5111,0,0,0,50.5111,0
72.29,2.68862,0,0,7.77757,0.0988756,4.99008,3.6288,61.308,0.478096,0,0,3.69482,0.300712,2.91601,0.66528,12.849,1,0.477881,4.99008,0,69.7002,5.67137,68.541,0.84672,12.849,0.84672,3695.15,0,0.0036966,1.44135e-05,5.02753,1.75706,12.9045,1.35441,18.3347,0.42336,0.0018483,0.21168,0.0018483,0.21168,460.486,0,1.02816,0,0,6.05569,5.02753,1.028160,1,0,89.7917,0,0,0,89.7917,0
72.29,2.68876,0,0,7.1542,0.0988756,4.36656,3.6288,61.308,0.478178,0,0,3.39823,0.300712,2.61934,0.66528,12.849,1,0.477907,4.36656,0,126.286,5.67137,124.503,0.84672,12.849,0.84672,3695.15,0,0.0036966,1.4416e-05,4.47314,1.75716,10.9074,1.35441,15.7833,0.42336,0.0018483,0.21168,0.0018483,0.21168,460.486,0,1.02816,0,0,5.5013,4.47314,1.028160,1,0,142.906,0,0,0,142.906,0
72.29,2.61945,0,0,4.04174,0.204445,1.21785,3.6288,61.308,0.408951,0,0,2.2268,0.261038,1.55682,0.66528,12.849,1,0.465587,1.21785,0,73.0184,5.13965,68.631,0.84672,12.849,0.84672,3695.15,0,0.0036966,1.2329e-05,2.50347,1.75725,9.78342,1.27273,12.7714,0.42336,0.0018483,0.21168,0.0018483,0.21168,460.486,0,1.02816,0,0,3.53163,2.50347,1.028160,1,0,82.9592,0,0,0,82.9592,0
72.29,2.61959,0,0,4.82699,0.22204,1.98536,3.6288,61.308,0.409029,0,0,2.53301,0.254425,1.86956,0.66528,12.849,1,0.465612,1.98536,0,90.8988,5.05102,87.3676,0.84672,12.849,0.84672,3695.15,0,0.0036966,1.23313e-05,2.72913,1.68847,12.7632,1.25912,15.9216,0.42336,0.0018483,0.21168,0.0018483,0.21168,460.486,0,1.02816,0,0,3.75729,2.72913,1.028160,1,0,105.159,0,0,0,105.159,0
72.29,2.61973,0,0,3.2706,0.22204,0.428833,3.6288,61.308,0.409107,0,0,2.1788,0.254425,1.51527,0.66528,12.849,1,0.465637,0.428833,0,96.133,5.05102,91.0451,0.84672,12.849,0.84672,3695.15,0,0.0036966,1.23337e-05,2.21071,1.68856,8.11754,1.25912,10.7577,0.42336,0.0018483,0.21168,0.0018483,0.21168,460.486,0,1.02816,0,0,3.23887,2.21071,1.028160,1,0,103.318,0,0,0,103.318,0
72.29,2.61987,0,0,6.65928,0.211465,3.82794,3.6288,61.308,0.409184,0,0,2.90683,0.250454,2.24719,0.66528,12.849,1,0.465663,3.82794,0,77.1679,4.95502,75.5752,0.84672,12.849,0.84672,3695.15,0,0.0036966,1.2336e-05,3.2262,1.68865,14.3276,1.28058,17.9619,0.42336,0.0018483,0.21168,0.0018483,0.21168,460.486,0,1.02816,0,0,4.25436,3.2262,1.028160,1,0,95.7842,0,0,0,95.7842,0
72.29,2.4227,0,0,8.90391,0.16578,6.31543,3.6288,61.308,0.264881,0,0,2.8286,0.232658,2.33106,0.66528,12.849,1,0.430616,6.31543,0,108.68,4.41599,110.149,0.84672,12.849,0.84672,3695.15,0,0.0036966,7.98558e-06,2.36026,1.68874,13.9679,1.15983,16.857,0.42336,0.0018483,0.21168,0.0018483,0.21168,460.486,0,1.02816,0,0,3.38842,2.36026,1.028160,1,0,129.337,0,0,0,129.337,0
71.1756,2.42283,0,0,1.91956,0.248245,0.36288,3.6288,61.308,0.264951,0,0,1.96461,0.205023,1.49464,0.66528,12.849,1,0.430639,0.36288,0,48.7117,4.16533,44.4786,0.84672,12.849,0.84672,3695.15,0,0.0036966,7.98769e-06,0.864475,1.53373,6.83286,0.998973,8.23208,0.42336,0.0018483,0.21168,0.0018483,0.21168,460.486,0,1.02816,0,0,1.89264,0.864475,1.028160,1,0,54.2053,0,0,0,54.2053,0
72.29,2.41725,0,0,4.22133,0.262159,0.427528,3.6288,61.308,0.265021,0,0,4.22258,0.201401,3.75616,0.66528,12.849,1,0.436374,0.427528,0,107.366,4.16094,103.196,0.84672,12.849,0.84672,3695.15,0,0.0036966,7.9898e-06,2.50305,1.53382,9.81314,0.993966,12.856,0.42336,0.0018483,0.21168,0.0018483,0.21168,460.486,0,1.02816,0,0,3.53121,2.50305,1.028160,1,0,119.808,0,0,0,119.808,0
72.29,2.42309,0,0,7.28398,0.264395,4.59649,3.6288,61.308,0.265091,0,0,3.81069,0.201401,3.3442,0.66528,12.849,1,0.430686,4.59649,0,152.356,4.16094,152.361,0.84672,12.849,0.84672,3695.15,0,0.0036966,7.99192e-06,2.07979,1.5339,10.5081,0.993966,13.1279,0.42336,0.0018483,0.21168,0.0018483,0.21168,460.486,0,1.02816,0,0,3.10795,2.07979,1.028160,1,0,168.833,0,0,0,168.833,0
72.29,2.42322,0,0,4.28185,0.274786,1.58385,3.6288,61.308,0.265161,0,0,3.44693,0.198694,2.98307,0.66528,12.849,1,0.43071,1.58385,0,109.348,4.25045,106.251,0.84672,12.849,0.84672,3695.15,0,0.0036966,7.99403e-06,1.97859,1.53398,9.54305,0.951146,12.1045,0.42336,0.0018483,0.21168,0.0018483,0.21168,460.486,0,1.02816,0,0,3.00675,1.97859,1.028160,1,0,121.338,0,0,0,121.338,0
72.29,2.49927,0,0,5.69569,0.282041,2.91438,3.6288,61.308,0.30705,0,0,1.861,0.202703,1.35124,0.66528,12.849,1,0.444226,2.91438,0,107.4,4.00599,105.865,0.84672,12.849,0.84672,3695.15,0,0.0036966,9.25688e-06,2.87041,1.53406,10.0441,0.878039,13.5705,0.42336,0.0018483,0.21168,0.0018483,0.21168,460.486,0,1.02816,0,0,3.89857,2.87041,1.028160,1,0,120.786,0,0,0,120.786,0
72.29,2.49939,0,0,5.19585,0.27544,2.42102,3.6288,61.308,0.307116,0,0,1.45515,0.191091,0.956942,0.66528,12.849,1,0.444248,2.42102,0,99.2555,3.88353,97.3487,0.84672,12.849,0.84672,3695.15,0,0.0036966,9.25886e-06,2.46546,1.58321,8.60432,0.789782,11.8632,0.42336,0.0018483,0.21168,0.0018483,0.21168,460.486,0,1.02816,0,0,3.49362,2.46546,1.028160,1,0,110.169,0,0,0,110.169,0
72.29,2.49952,0,0,4.51811,0.27544,1.74315,3.6288,61.308,0.307181,0,0,1.29309,0.191091,0.794816,0.66528,12.849,1,0.44427,1.74315,0,85.5973,3.88353,83.0127,0.84672,12.849,0.84672,3695.15,0,0.0036966,9.26084e-06,2.08597,1.58329,7.82585,0.789782,10.7053,0.42336,0.0018483,0.21168,0.0018483,0.21168,460.486,0,1.02816,0,0,3.11413,2.08597,1.028160,1,0,94.5128,0,0,0,94.5128,0
72.29,2.49964,0,0,4.40342,0.27544,1.62834,3.6288,61.308,0.307247,0,0,1.32782,0.191091,0.829483,0.66528,12.849,1,0.444292,1.62834,0,82.8083,3.88353,80.1089,0.84672,12.849,0.84672,3695.15,0,0.0036966,9.26282e-06,2.1817,1.58337,8.10596,0.789782,11.0812,0.42336,0.0018483,0.21168,0.0018483,0.21168,460.486,0,1.02816,0,0,3.20986,2.1817,1.028160,1,0,92.0196,0,0,0,92.0196,0
72.29,2.74358,0,0,4.12841,0.30473,1.0801,3.6288,61.308,0.464332,0,0,1.06957,0.21724,0.388,0.66528,12.849,1,0.487651,1.0801,0,102.58,4.44227,98.7303,0.84672,12.849,0.84672,3695.15,0,0.0036966,1.39986e-05,1.74219,1.58345,6.42211,1.09128,8.65645,0.42336,0.0018483,0.21168,0.0018483,0.21168,460.486,0,1.02816,0,0,2.77035,1.74219,1.028160,1,0,107.775,0,0,0,107.775,0
72.29,2.74372,0,0,4.92081,0.283384,1.89371,3.6288,61.308,0.464406,0,0,1.17151,0.224411,0.482699,0.66528,12.849,1,0.487675,1.89371,0,98.6887,4.47709,95.6176,0.84672,12.849,0.84672,3695.15,0,0.0036966,1.40008e-05,1.86527,1.75866,6.89856,1.10631,9.41617,0.42336,0.0018483,0.21168,0.0018483,0.21168,460.486,0,1.02816,0,0,2.89343,1.86527,1.028160,1,0,105.516,0,0,0,105.516,0
72.29,2.74385,0,0,5.6814,0.265296,2.67225,3.6288,61.308,0.464479,0,0,1.35828,0.23059,0.663208,0.66528,12.849,1,0.487699,2.67225,0,100.296,4.43961,98.0407,0.84672,12.849,0.84672,3695.15,0,0.0036966,1.4003e-05,2.5559,1.75874,8.0119,1.08121,11.2453,0.42336,0.0018483,0.21168,0.0018483,0.21168,460.486,0,1.02816,0,0,3.58406,2.5559,1.028160,1,0,109.949,0,0,0,109.949,0
72.29,2.74399,0,0,3.964,0.324518,0.895492,3.6288,61.308,0.464553,0,0,1.06022,0.201273,0.394398,0.66528,12.849,1,0.487723,0.895492,0,102.589,4.00596,98.9906,0.84672,12.849,0.84672,3695.15,0,0.0036966,1.40052e-05,1.7524,1.75883,6.10966,1.08365,8.53722,0.42336,0.0018483,0.21168,0.0018483,0.21168,460.486,0,1.02816,0,0,2.78056,1.7524,1.028160,1,0,107.922,0,0,0,107.922,0
72.29,2.39629,0,0,4.56619,0.326765,1.84314,3.6288,61.308,0.253863,0,0,1.20455,0.225635,0.725057,0.66528,12.849,1,0.425922,1.84314,0,129.915,4.04376,127.289,0.84672,12.849,0.84672,3695.15,0,0.0036966,7.6534e-06,2.34868,1.75892,11.0327,1.04919,14.0911,0.42336,0.0018483,0.21168,0.0018483,0.21168,460.486,0,1.02816,0,0,3.37684,2.34868,1.028160,1,0,142.105,0,0,0,142.105,0
72.29,2.39641,0,0,4.67497,0.327664,1.95091,3.6288,61.308,0.253926,0,0,1.6849,0.23538,1.19559,0.66528,12.849,1,0.425943,1.95091,0,111.976,4.05888,109.442,0.84672,12.849,0.84672,3695.15,0,0.0036966,7.6553e-06,3.43026,1.51939,9.82161,1.0354,13.7358,0.42336,0.0018483,0.21168,0.0018483,0.21168,460.486,0,1.02816,0,0,4.45842,3.43026,1.028160,1,0,124.374,0,0,0,124.374,0
72.29,2.39652,0,0,4.50674,0.327664,1.78256,3.6288,61.308,0.253989,0,0,2.00345,0.23538,1.51408,0.66528,12.849,1,0.425964,1.78256,0,124.294,4.05888,121.592,0.84672,12.849,0.84672,3695.15,0,0.0036966,7.6572e-06,3.89724,1.51946,10.7924,1.0354,15.1737,0.42336,0.0018483,0.21168,0.0018483,0.21168,460.486,0,1.02816,0,0,4.9254,3.89724,1.028160,1,0,138.28,0,0,0,138.28,0
72.29,2.39664,0,0,4.45325,0.282351,1.77425,3.6288,61.308,0.254052,0,0,1.92224,0.211314,1.45688,0.66528,12.849,1,0.425985,1.77425,0,133.075,3.7101,130.713,0.84672,12.849,0.84672,3695.15,0,0.0036966,7.6591e-06,3.99557,1.51954,10.3219,0.985299,14.8518,0.42336,0.0018483,0.21168,0.0018483,0.21168,460.486,0,1.02816,0,0,5.02373,3.99557,1.028160,1,0,147.022,0,0,0,147.022,0
72.29,2.39676,0,0,5.22918,0.294239,2.53818,3.6288,61.308,0.254115,0,0,3.11297,0.217336,2.64152,0.66528,12.849,1,0.426006,2.53818,0,127.417,4.08444,125.444,0.84672,12.849,0.84672,3695.15,0,0.0036966,7.661e-06,5.41934,1.51961,12.5495,1.05508,18.4334,0.42336,0.0018483,0.21168,0.0018483,0.21168,460.486,0,1.02816,0,0,6.4475,5.41934,1.028160,1,0,146.519,0,0,0,146.519,0
72.29,2.48445,0,0,3.98145,0.377031,1.11996,3.6288,61.308,0.305751,0,0,1.65771,0.19709,1.15487,0.66528,12.849,1,0.441593,1.11996,0,90.3882,4.11316,86.9534,0.84672,12.849,0.84672,3695.15,0,0.0036966,9.21773e-06,2.9422,1.51969,9.68656,1.07279,13.0757,0.42336,0.0018483,0.21168,0.0018483,0.21168,460.486,0,1.02816,0,0,3.97036,2.9422,1.028160,1,0,101.184,0,0,0,101.184,0
72.29,2.48458,0,0,3.47044,0.377031,0.60883,3.6288,61.308,0.305817,0,0,1.33586,0.19709,0.832958,0.66528,12.849,1,0.441615,0.60883,0,84.1761,4.11316,80.2301,0.84672,12.849,0.84672,3695.15,0,0.0036966,9.21971e-06,2.24372,1.57894,8.58191,1.07279,11.3318,0.42336,0.0018483,0.21168,0.0018483,0.21168,460.486,0,1.02816,0,0,3.27188,2.24372,1.028160,1,0,92.3949,0,0,0,92.3949,0
71.6735,2.4847,0,0,2.55163,0.320541,0.36288,3.6288,61.308,0.305883,0,0,1.06144,0.215811,0.539747,0.66528,12.849,1,0.441636,0.36288,0,56.9855,4.27994,52.6268,0.84672,12.849,0.84672,3695.15,0,0.0036966,9.22169e-06,1.77053,1.57902,5.82108,1.08443,8.08618,0.42336,0.0018483,0.21168,0.0018483,0.21168,460.486,0,1.02816,0,0,2.79869,1.77053,1.028160,1,0,61.2527,0,0,0,61.2527,0
70.5707,2.4816,0,0,2.05137,0.309671,0.36288,3.6288,61.308,0.305949,0,0,0.800487,0.218931,0.275607,0.66528,12.849,1,0.444879,0.36288,0,44.6129,4.30773,40.2232,0.84672,12.849,0.84672,3695.15,0,0.0036966,9.22367e-06,1.18854,1.5791,4.70626,1.08637,6.38752,0.42336,0.0018483,0.21168,0.0018483,0.21168,460.486,0,1.02816,0,0,2.2167,1.18854,1.028160,1,0,46.8863,0,0,0,46.8863,0
70.3204,2.44172,0,0,2.82665,0.272368,0.36288,3.6288,61.308,0.28598,0,0,0.831116,0.204342,0.340795,0.66528,12.849,1,0.44457,0.36288,0,65.6424,4.25197,61.3087,0.84672,12.849,0.84672,3695.15,0,0.0036966,8.62165e-06,1.8858,1.57917,6.04143,1.05437,8.45203,0.42336,0.0018483,0.21168,0.0018483,0.21168,460.486,0,1.02816,0,0,2.91396,1.8858,1.028160,1,0,70.1016,0,0,0,70.1016,0
69.4898,2.4405,0,0,2.24459,0.271843,0.36288,3.6288,61.308,0.286044,0,0,0.676504,0.204342,0.186118,0.66528,12.849,1,0.44593,0.36288,0,55.2669,4.25197,50.9319,0.84672,12.849,0.84672,3695.15,0,0.0036966,8.6236e-06,1.42583,1.55621,4.9985,1.05437,6.92617,0.42336,0.0018483,0.21168,0.0018483,0.21168,460.486,0,1.02816,0,0,2.45399,1.42583,1.028160,1,0,58.0441,0,0,0,58.0441,0
68.4071,2.43612,0,0,1.98641,0.270104,0.36288,3.6288,61.308,0.286109,0,0,0.598879,0.204342,0.108428,0.66528,12.849,1,0.45045,0.36288,0,52.0768,4.25197,47.7373,0.84672,12.849,0.84672,3695.15,0,0.0036966,8.62555e-06,0.92804,1.55629,4.76054,1.05437,6.1905,0.42336,0.0018483,0.21168,0.0018483,0.21168,460.486,0,1.02816,0,0,1.9562,0.92804,1.028160,1,0,54.0362,0,0,0,54.0362,0
67.6883,2.43024,0,0,2.34212,0.267837,0.36288,3.6288,61.308,0.286174,0,0,0.678249,0.204342,0.187733,0.66528,12.849,1,0.456475,0.36288,0,58.859,4.25197,54.5134,0.84672,12.849,0.84672,3695.15,0,0.0036966,8.6275e-06,1.00077,1.55637,5.5881,1.05437,7.09086,0.42336,0.0018483,0.21168,0.0018483,0.21168,460.486,0,1.02816,0,0,2.02893,1.00077,1.028160,1,0,61.792,0,0,0,61.792,0
66.6273,2.54138,0,0,2.03803,0.194722,0.36288,3.6288,61.308,0.3573,0,0,0.634926,0.206991,0.0706353,0.66528,12.849,1,0.48242,0.36288,0,48.0492,4.31735,43.6123,0.84672,12.849,0.84672,3695.15,0,0.0036966,1.07718e-05,1.18809,1.55644,4.58352,0.985245,6.34279,0.42336,0.0018483,0.21168,0.0018483,0.21168,460.486,0,1.02816,0,0,2.21625,1.18809,1.028160,1,0,50.0257,0,0,0,50.0257,0
65.5455,2.53506,0,0,2.0219,0.205763,0.36288,3.6288,61.308,0.357368,0,0,0.664278,0.177171,0.129739,0.66528,12.849,1,0.488883,0.36288,0,46.757,3.95262,42.6784,0.84672,12.849,0.84672,3695.15,0,0.0036966,1.07739e-05,1.18297,1.63709,4.82634,0.843579,6.80281,0.42336,0.0018483,0.21168,0.0018483,0.21168,460.486,0,1.02816,0,0,2.21113,1.18297,1.028160,1,0,49.6109,0,0,0,49.6109,0
64.3684,2.52844,0,0,1.91817,0.203998,0.36288,3.6288,61.308,0.357436,0,0,0.645512,0.177171,0.110905,0.66528,12.849,1,0.495654,0.36288,0,43.9158,3.95262,39.8304,0.84672,12.849,0.84672,3695.15,0,0.0036966,1.07759e-05,1.08886,1.63717,4.46221,0.843579,6.34465,0.42336,0.0018483,0.21168,0.0018483,0.21168,460.486,0,1.02816,0,0,2.11702,1.08886,1.028160,1,0,46.286,0,0,0,46.286,0
63.0833,2.521,0,0,1.79155,0.192739,0.36288,3.6288,61.308,0.357505,0,0,0.606855,0.18559,0.0637603,0.66528,12.849,1,0.503235,0.36288,0,40.8313,4.14736,36.5435,0.84672,12.849,0.84672,3695.15,0,0.0036966,1.0778e-05,0.970419,1.63725,4.32749,0.871227,6.06392,0.42336,0.0018483,0.21168,0.0018483,0.21168,460.486,0,1.02816,0,0,1.99858,0.970419,1.028160,1,0,42.6712,0,0,0,42.6712,0
61.6897,2.51261,0,0,1.62157,0.139706,0.36288,3.6288,61.2843,0.357573,0,0,0.561519,0.227603,0,0.66528,12.849,1,0.511776,0.36288,0,35.5245,5.12159,30.254,0.84672,12.849,0.84672,3695.15,0,0.0036966,1.078e-05,0.779034,1.63733,3.75758,1.02916,5.14477,0.42336,0.0018483,0.21168,0.0018483,0.21168,460.486,0,1.02816,0,0,1.80719,0.779034,1.028160,1,0,35.3988,0,0,0,35.3988,0
60.0259,2.48074,0,0,1.32894,0.149039,0.36288,3.6288,61.0855,0.476513,0,0,0.483953,0.206325,0,0.66528,12.849,1,0.516701,0.36288,0,26.9242,4.63596,22.1344,0.84672,12.849,0.84672,3695.15,0,0.0036966,1.43713e-05,0.30119,1.63741,2.77365,1.00929,3.70294,0.42336,0.0018483,0.21168,0.0018483,0.21168,460.486,0,0.948352,0,0,1.24954,0.30119,1.028160,1,0,25.8374,0,0,0,25.8374,0
58.2567,2.46907,0,0,1.20964,0.146943,0.36288,3.6288,60.7285,0.603552,0,0,0.452642,0.206065,0,0.66528,12.849,1,0.528523,0.36288,0,25.8473,4.63596,21.0456,0.84672,12.849,0.84672,3695.15,0,0.0036966,1.82621e-05,0.261274,1.6626,2.60557,1.00929,3.52014,0.42336,0.0018483,0.21168,0.0018483,0.21168,460.486,0,0.821379,0,0,1.08265,0.261274,1.028160,1,0,24.5658,0,0,0,24.5658,0
56.4183,2.45604,0,0,1.1123,0.131729,0.36288,3.6288,60.3132,0.609031,0,0,0.432156,0.238386,0,0.66528,12.849,1,0.5417,0.36288,0,22.9142,5.05941,17.676,0.84672,12.849,0.84672,3695.15,0,0.0036966,1.85361e-05,0.261274,1.66268,2.50714,1.16386,3.26721,0.42336,0.0018483,0.21168,0.0018483,0.21168,460.486,0,0.81597,0,0,1.07724,0.261274,1.028160,1,0,20.9432,0,0,0,20.9432,0
54.5464,2.44178,0,0,1.04538,0.112706,0.36288,3.6288,59.806,0.629059,0,0,0.40315,0.281358,0,0.66528,12.849,1,0.556103,0.36288,0,20.3417,5.62401,14.5244,0.84672,12.849,0.84672,3695.15,0,0.0036966,1.92775e-05,0.261274,1.66276,2.41358,1.36995,2.96765,0.42336,0.0018483,0.21168,0.0018483,0.21168,460.486,0,0.796012,0,0,1.05729,0.261274,1.028160,1,0,17.4921,0,0,0,17.4921,0
52.8392,2.48308,0,0,1.23775,0.098988,0.36288,3.6288,59.5566,0.47882,0,0,0.529387,0.299967,0,0.66528,12.849,1,0.584917,0.36288,0,22.6814,5.87907,16.5803,0.84672,12.849,0.84672,3695.15,0,0.0036966,1.47979e-05,0.261274,1.66284,2.54639,1.52389,2.94661,0.42336,0.0018483,0.21168,0.0018483,0.21168,460.486,0,0.98115,0,0,1.24242,0.261274,1.028160,1,0,19.5269,0,0,0,19.5269,0
51.0646,2.468,0,0,1.15166,0.0953782,0.36288,3.6288,59.2776,0.492542,0,0,0.516348,0.302737,0,0.66528,12.849,1,0.600148,0.36288,0,21.9201,5.92158,15.7613,0.84672,12.849,0.84672,3695.15,0,0.0036966,1.52857e-05,0.261274,1.70294,2.63865,1.54954,3.05331,0.42336,0.0018483,0.21168,0.0018483,0.21168,460.486,0,0.967499,0,0,1.22877,0.261274,1.028160,1,0,18.8146,0,0,0,18.8146,0
49.2047,2.45145,0,0,1.04808,0.0936406,0.36288,3.6288,58.896,0.574821,0,0,0.495356,0.302198,0,0.66528,12.849,1,0.616841,0.36288,0,20.5886,5.92158,14.4131,0.84672,12.849,0.84672,3695.15,0,0.0036966,1.79232e-05,0.227405,1.70303,2.45307,1.54954,2.83394,0.42336,0.0018483,0.21168,0.0018483,0.21168,460.486,0,0.885289,0,0,1.11269,0.227405,1.028160,1,0,17.247,0,0,0,17.247,0
47.2364,2.43308,0,0,0.906898,0.0791752,0.36288,3.6288,58.4937,0.587084,0,0,0.49328,0.308417,0,0.66528,12.849,1,0.63536,0.36288,0,19.6438,6.1634,13.2079,0.84672,12.849,0.84672,3695.15,0,0.0036966,1.84241e-05,0.227405,1.70311,2.48581,1.57959,2.83671,0.42336,0.0018483,0.21168,0.0018483,0.21168,460.486,0,0.873098,0,0,1.1005,0.227405,1.028160,1,0,16.0447,0,0,0,16.0447,0
44.9801,2.5735,0,0,0.761098,0.0810634,0.36288,3.6288,57.9175,0.747408,0,0,0.476294,0.305103,0,0.66528,12.849,1,0.700029,0.36288,0,17.2441,6.07632,10.8307,0.84672,12.849,0.84672,3695.15,0,0.0036966,2.36168e-05,0.227405,1.70319,2.56287,1.45374,3.03971,0.42336,0.0018483,0.21168,0.0018483,0.21168,460.486,0,0.838564,0,0,1.06597,0.227405,1.028160,1,0,13.8704,0,0,0,13.8704,0
42.7278,2.54631,0,0,0.730659,0.0737448,0.36288,3.6288,57.2468,0.808024,0,0,0.453555,0.316274,0,0.66528,12.849,1,0.727377,0.36288,0,15.5445,6.1194,9.06059,0.84672,12.849,0.84672,3695.15,0,0.0036966,2.57862e-05,0.227405,1.83882,2.8756,1.46387,3.47792,0.42336,0.0018483,0.21168,0.0018483,0.21168,460.486,0,0.778023,0,0,1.00543,0.227405,1.028160,1,0,12.5385,0,0,0,12.5385,0
40.8377,2.51695,0,0,1.06153,0.0718707,0.36288,3.6288,56.8466,0.606425,0,0,0.521151,0.314904,0,0.66528,12.849,1,0.756891,0.36288,0,17.7043,6.1194,11.1909,0.84672,12.849,0.84672,3695.15,0,0.0036966,1.95794e-05,0.204422,1.83891,3.18824,1.46387,3.76767,0.42336,0.0018483,0.21168,0.0018483,0.21168,460.486,0,0.979707,0,0,1.18413,0.204422,1.028160,1,0,14.9586,0,0,0,14.9586,0
39.4213,2.49042,0,0,1.53001,0.0930093,0.36288,3.6288,56.6734,0.558051,0,0,0.689818,0.304973,0,0.66528,12.849,1,0.783577,0.36288,0,28.8852,5.98798,22.4765,0.84672,12.849,0.84672,3695.15,0,0.0036966,1.81444e-05,0.255433,1.839,3.54946,1.43736,4.20652,0.42336,0.0018483,0.21168,0.0018483,0.21168,460.486,0,1.02816,0,0,1.28359,0.255433,1.028160,1,0,26.683,0,0,0,26.683,0
37.5646,2.46931,0,0,1.06096,0.085471,0.36288,3.6288,56.2809,0.651482,0,0,0.557516,0.298486,0,0.66528,12.849,1,0.804847,0.36288,0,29.7488,6.02057,23.2863,0.84672,12.849,0.84672,3695.15,0,0.0036966,2.12469e-05,0.204422,1.83909,2.62235,1.38925,3.2766,0.42336,0.0018483,0.21168,0.0018483,0.21168,460.486,0,0.934805,0,0,1.13923,0.204422,1.028160,1,0,26.5629,0,0,0,26.5629,0
35.7007,2.36534,0,0,0.965313,0.100992,0.36288,3.6288,56.2331,0.481882,0,0,0.722093,0.288091,0,0.66528,12.849,1,0.809067,0.36288,0,14.741,5.07035,9.22443,0.84672,12.849,0.84672,3695.15,0,0.0036966,1.58253e-05,0.723876,1.83918,3.72446,1.11607,5.17143,0.42336,0.0018483,0.21168,0.0018483,0.21168,460.486,0,1.02816,0,0,1.75204,0.723876,1.028160,1,0,14.3959,0,0,0,14.3959,0
33.7057,2.33439,0,0,0.800988,0.0987775,0.36288,3.6288,55.5138,0.819596,0,0,0.388376,0.288001,0,0.66528,12.849,1,0.840168,0.36288,0,14.124,5.07035,8.57635,0.84672,12.849,0.84672,3695.15,0,0.0036966,2.6939e-05,0.216518,1.76158,2.7737,1.11607,3.6357,0.42336,0.0018483,0.21168,0.0018483,0.21168,460.486,0,0.690509,0,0,0.907027,0.216518,1.028160,1,0,12.212,0,0,0,12.212,0
32.0304,2.32799,0,0,1.15205,0.136414,0.36288,3.6288,55.0441,0.704632,0,0,0.477712,0.24283,0,0.66528,12.849,1,0.84672,0.36288,0,16.4841,4.44745,11.5528,0.84672,12.849,0.84672,3695.15,0,0.0036966,2.34603e-05,0.216518,1.76166,3.05217,0.921375,4.10895,0.42336,0.0018483,0.21168,0.0018483,0.21168,460.486,0,0.80555,0,0,1.02207,0.216518,1.028160,1,0,15.6617,0,0,0,15.6617,0
31.9681,2.32814,0,0,2.81451,0.185839,0.36288,3.6288,55.3598,0.482105,0,0,0.98163,0.183838,0,0.66528,12.849,1,0.84672,0.36288,0,49.713,3.61694,45.6122,0.84672,12.849,0.84672,3695.15,0,0.0036966,1.61884e-05,0.599797,1.76175,8.12952,0.661784,9.82927,0.42336,0.0018483,0.21168,0.0018483,0.21168,460.486,0,1.02816,0,0,1.62796,0.599797,1.028160,1,0,55.4415,0,0,0,55.4415,0
31.182,2.24628,0,0,2.00993,0.186867,0.36288,3.6288,55.1039,0.503087,0,0,0.453437,0.20623,0,0.66528,12.849,1,0.84672,0.36288,0,27.4276,4.07596,22.8678,0.84672,12.849,0.84672,3695.15,0,0.0036966,1.67966e-05,0.216518,1.76184,3.6063,0.971097,4.61354,0.42336,0.0018483,0.21168,0.0018483,0.21168,460.486,0,0.93776,0,0,1.15428,0.216518,1.028160,1,0,27.4813,0,0,0,27.4813,0
29.9863,2.24643,0,0,1.6168,0.2032,0.36288,3.6288,54.263,0.908836,0,0,0.279878,0.211925,0,0.66528,12.849,1,0.84672,0.36288,0,17.9105,4.28683,13.1398,0.84672,12.849,0.84672,3695.15,0,0.0036966,3.04843e-05,0.216518,1.69286,2.91319,1.12955,3.693,0.42336,0.0018483,0.21168,0.0018483,0.21168,460.486,0,0.532068,0,0,0.748587,0.216518,1.028160,1,0,16.8328,0,0,0,16.8328,0
29.3097,2.24658,0,0,2.13292,0.200005,0.36288,3.6288,54.2763,0.412832,0,0,0.636873,0.210752,0,0.66528,12.849,1,0.84672,0.36288,0,23.963,4.28683,19.1924,0.84672,12.849,0.84672,3695.15,0,0.0036966,1.40618e-05,0.880546,1.69295,5.17821,1.12955,6.62214,0.42336,0.0018483,0.21168,0.0018483,0.21168,460.486,0,1.02816,0,0,1.90871,0.880546,1.028160,1,0,25.8145,0,0,0,25.8145,0
32.3672,2.15339,0,0,5.77193,0.198192,0.36288,3.6288,55.0396,0.506246,0,0,1.4803,0.210771,0,0.66528,12.849,1,0.84672,0.36288,0,71.5725,4.28683,66.8018,0.84672,12.849,0.84672,3695.15,0,0.0036966,1.72395e-05,2.42029,1.69303,9.02517,1.12955,12.0089,0.42336,0.0018483,0.21168,0.0018483,0.21168,460.486,0,1.02816,0,0,3.44845,2.42029,1.028160,1,0,78.8107,0,0,0,78.8107,0
33.5627,2.04773,0,0,3.83945,0.233372,0.36288,3.6288,55.4402,0.26822,0,0,0.858108,0.189285,0,0.66528,12.849,1,0.812899,0.36288,0,57.7435,4.11471,53.1787,0.84672,12.849,0.84672,3695.15,0,0.0036966,9.00718e-06,0.543084,1.74774,6.43776,1.06269,7.66588,0.42336,0.0018483,0.21168,0.0018483,0.21168,460.486,0,1.02816,0,0,1.57124,0.543084,1.028160,1,0,60.8446,0,0,0,60.8446,0
37.0871,2.06877,0,0,6.17561,0.219539,0.36288,3.6288,56.0331,0.268284,0,0,1.07362,0.212424,0,0.66528,12.849,1,0.792001,0.36288,0,88.0563,4.64699,82.9802,0.84672,12.849,0.84672,3695.15,0,0.0036966,8.94422e-06,1.06358,1.53769,7.05862,1.18935,8.47053,0.42336,0.0018483,0.21168,0.0018483,0.21168,460.486,0,1.02816,0,0,2.09174,1.06358,1.028160,1,0,91.4507,0,0,0,91.4507,0
42.8878,2.12478,0,0,8.51742,0.229092,0.36288,3.6288,56.6595,0.268348,0,0,1.108,0.213251,0,0.66528,12.849,1,0.736141,0.36288,0,105.329,4.64699,100.309,0.84672,12.849,0.84672,3695.15,0,0.0036966,8.85169e-06,1.02578,1.53777,11.2623,1.18935,12.6365,0.42336,0.0018483,0.21168,0.0018483,0.21168,460.486,0,1.02816,0,0,2.05394,1.02578,1.028160,1,0,112.946,0,0,0,112.946,0
47.9932,2.20151,0,0,7.89947,0.229679,0.36288,3.6288,59.2662,0.268412,0,0,3.07416,0.199079,0,0.66528,12.849,1,0.659563,0.36288,0,146.775,4.11103,142.368,0.84672,12.849,0.84672,3695.15,0,0.0036966,8.75591e-06,2.84837,1.53785,13.2562,1.12239,16.52,0.42336,0.0018483,0.21168,0.0018483,0.21168,460.486,0,1.02816,0,0,3.87653,2.84837,1.028160,1,0,158.888,0,0,0,158.888,0
51.991,2.25697,0,0,6.85433,0.236658,0.36288,3.6288,60.1289,0.268476,0,0,1.32754,0.196338,0,0.66528,12.849,1,0.60425,0.36288,0,76.7085,3.89666,72.5705,0.84672,12.849,0.84672,3695.15,0,0.0036966,8.37281e-06,1.32436,1.53792,7.73483,1.09561,9.50149,0.42336,0.0018483,0.21168,0.0018483,0.21168,460.486,0,1.02816,0,0,2.35252,1.32436,1.028160,1,0,82.072,0,0,0,82.072,0
58.8607,2.36622,0,0,9.86146,0.262681,0.36288,3.6288,61.308,0.310465,0,0,3.09089,0.188933,1.41238,0.66528,12.849,1,0.584785,0.36288,0,202.253,3.97561,198.055,0.84672,12.849,0.84672,3695.15,0,0.0036966,9.54339e-06,3.65365,1.538,20.0686,1.0163,24.2439,0.42336,0.0018483,0.21168,0.0018483,0.21168,460.486,0,1.02816,0,0,4.68181,3.65365,1.028160,1,0,223.712,0,0,0,223.712,0
61.4751,2.42236,0,0,5.68108,0.28137,0.36288,3.6288,61.308,0.310525,0,0,3.27857,0.190352,2.77769,0.66528,12.849,1,0.528789,0.36288,0,114.877,3.97561,110.736,0.84672,12.849,0.84672,3695.15,0,0.0036966,9.36164e-06,3.91158,1.58726,17.9812,1.0163,22.4638,0.42336,0.0018483,0.21168,0.0018483,0.21168,460.486,0,1.02816,0,0,4.93974,3.91158,1.028160,1,0,135.977,0,0,0,135.977,0
63.5693,2.44107,0,0,5.18173,0.283626,0.36288,3.6288,61.308,0.310584,0,0,2.98126,0.191591,2.47908,0.66528,12.849,1,0.510211,0.36288,0,117.452,4.05925,113.246,0.84672,12.849,0.84672,3695.15,0,0.0036966,9.36342e-06,3.49969,1.58733,14.5693,0.992282,18.664,0.42336,0.0018483,0.21168,0.0018483,0.21168,460.486,0,1.02816,0,0,4.52785,3.49969,1.028160,1,0,134.389,0,0,0,134.389,0
66.456,2.45516,0,0,6.00411,0.29933,0.36288,3.6288,61.308,0.310643,0,0,3.01238,0.199777,2.50196,0.66528,12.849,1,0.496251,0.36288,0,116.955,4.44957,112.372,0.84672,12.849,0.84672,3695.15,0,0.0036966,9.36521e-06,3.7984,1.5874,17.54,0.924189,22.0016,0.42336,0.0018483,0.21168,0.0018483,0.21168,460.486,0,1.02816,0,0,4.82656,3.7984,1.028160,1,0,136.876,0,0,0,136.876,0
68.4551,2.71458,0,0,5.40975,0.333245,0.36288,3.6288,61.308,0.468121,0,0,2.47509,0.154487,1.85248,0.66528,12.849,1,0.524853,0.36288,0,121.991,3.69816,118.131,0.84672,12.849,0.84672,3695.15,0,0.0036966,1.41128e-05,2.06423,1.58747,14.4872,0.807878,17.331,0.42336,0.0018483,0.21168,0.0018483,0.21168,460.486,0,1.02816,0,0,3.09239,2.06423,1.028160,1,0,137.314,0,0,0,137.314,0
68.5668,2.72761,0,0,3.54942,0.347163,0.36288,3.6288,61.308,0.468187,0,0,1.85045,0.12022,1.26205,0.66528,12.849,1,0.511971,0.36288,0,110.549,3.16806,107.232,0.84672,12.849,0.84672,3695.15,0,0.0036966,1.41148e-05,1.01046,1.76312,11.3734,0.697838,13.4492,0.42336,0.0018483,0.21168,0.0018483,0.21168,460.486,0,1.02816,0,0,2.03862,1.01046,1.028160,1,0,121.943,0,0,0,121.943,0
72.2382,2.72843,0,0,7.09748,0.334846,0.36288,3.6288,61.308,0.468254,0,0,3.63693,0.147884,3.02079,0.66528,12.849,1,0.511291,0.36288,0,160.775,3.82326,156.803,0.84672,12.849,0.84672,3695.15,0,0.0036966,1.41168e-05,3.33877,1.7632,15.7734,0.902818,19.9726,0.42336,0.0018483,0.21168,0.0018483,0.21168,460.486,0,1.02816,0,0,4.36693,3.33877,1.028160,1,0,179.797,0,0,0,179.797,0
72.29,2.75061,0,0,9.06026,0.339253,5.91856,3.6288,61.308,0.46832,0,0,4.90725,0.15895,4.27998,0.66528,12.849,1,0.489252,5.91856,0,185.601,4.08534,186.945,0.84672,12.849,0.84672,3695.15,0,0.0036966,1.41188e-05,6.21341,1.76328,19.0382,0.98481,26.0301,0.42336,0.0018483,0.21168,0.0018483,0.21168,460.486,0,1.02816,0,0,7.24157,6.21341,1.028160,1,0,217.255,0,0,0,217.255,0
72.29,2.40232,0,0,7.04572,0.361144,4.28225,3.6288,61.308,0.257092,0,0,3.57091,0.142312,3.17151,0.66528,12.849,1,0.426995,4.28225,0,130.834,3.69924,130.99,0.84672,12.849,0.84672,3695.15,0,0.0036966,7.75074e-06,4.92704,1.76336,16.084,0.918033,21.8563,0.42336,0.0018483,0.21168,0.0018483,0.21168,460.486,0,1.02816,0,0,5.9552,4.92704,1.028160,1,0,156.018,0,0,0,156.018,0
72.29,2.40243,0,0,4.82129,0.377462,2.0414,3.6288,61.308,0.257149,0,0,2.33118,0.129834,1.9442,0.66528,12.849,1,0.427014,2.0414,0,101.513,3.40967,99.7178,0.84672,12.849,0.84672,3695.15,0,0.0036966,7.75246e-06,3.2672,1.52322,12.6003,0.867951,16.5228,0.42336,0.0018483,0.21168,0.0018483,0.21168,460.486,0,1.02816,0,0,4.29536,3.2672,1.028160,1,0,118.185,0,0,0,118.185,0
72.29,2.40254,0,0,3.74251,0.377462,0.962513,3.6288,61.308,0.257206,0,0,1.8147,0.129834,1.42766,0.66528,12.849,1,0.427033,0.962513,0,106.969,3.40967,104.095,0.84672,12.849,0.84672,3695.15,0,0.0036966,7.75418e-06,2.29804,1.52328,10.1955,0.867951,13.1488,0.42336,0.0018483,0.21168,0.0018483,0.21168,460.486,0,1.02816,0,0,3.3262,2.29804,1.028160,1,0,118.672,0,0,0,118.672,0
72.2054,2.40264,0,0,3.02439,0.343477,0.36288,3.6288,61.308,0.257262,0,0,1.21499,0.111786,0.845943,0.66528,12.849,1,0.427051,0.36288,0,87.3055,3.14808,84.0932,0.84672,12.849,0.84672,3695.15,0,0.0036966,7.75589e-06,1.58916,1.52335,9.00383,0.830375,11.286,0.42336,0.0018483,0.21168,0.0018483,0.21168,460.486,0,1.02816,0,0,2.61732,1.58916,1.028160,1,0,96.2251,0,0,0,96.2251,0
72.29,2.40232,0,0,3.42535,0.305594,0.632816,3.6288,61.308,0.257319,0,0,1.63494,0.101292,1.27633,0.66528,12.849,1,0.427495,0.632816,0,88.1887,2.92696,85.4671,0.84672,12.849,0.84672,3695.15,0,0.0036966,7.75761e-06,2.31061,1.52342,10.0189,0.806822,13.0461,0.42336,0.0018483,0.21168,0.0018483,0.21168,460.486,0,1.02816,0,0,3.33877,2.31061,1.028160,1,0,99.7896,0,0,0,99.7896,0
72.2092,2.49065,0,0,3.12433,0.351548,0.36288,3.6288,61.308,0.309078,0,0,1.52261,0.182725,1.03081,0.66528,12.849,1,0.442694,0.36288,0,62.1051,3.69296,58.3323,0.84672,12.849,0.84672,3695.15,0,0.0036966,9.31802e-06,1.53689,1.52349,11.2505,0.966117,13.3447,0.42336,0.0018483,0.21168,0.0018483,0.21168,460.486,0,1.02816,0,0,2.56505,1.53689,1.028160,1,0,72.7079,0,0,0,72.7079,0
71.6403,2.49034,0,0,2.63558,0.351333,0.36288,3.6288,61.308,0.309138,0,0,1.29323,0.182725,0.801364,0.66528,12.849,1,0.443134,0.36288,0,57.7788,3.69296,54.0056,0.84672,12.849,0.84672,3695.15,0,0.0036966,9.31981e-06,1.2927,1.58288,9.44922,0.966117,11.3587,0.42336,0.0018483,0.21168,0.0018483,0.21168,460.486,0,1.02816,0,0,2.32086,1.2927,1.028160,1,0,66.1656,0,0,0,66.1656,0
70.945,2.48747,0,0,2.50488,0.349815,0.36288,3.6288,61.308,0.309197,0,0,1.05247,0.182725,0.560551,0.66528,12.849,1,0.446138,0.36288,0,47.732,3.69296,43.9558,0.84672,12.849,0.84672,3695.15,0,0.0036966,9.3216e-06,1.77407,1.58295,8.01533,0.966117,10.4062,0.42336,0.0018483,0.21168,0.0018483,0.21168,460.486,0,1.02816,0,0,2.80223,1.77407,1.028160,1,0,54.9226,0,0,0,54.9226,0
70.3297,2.48387,0,0,2.5516,0.320102,0.36288,3.6288,61.308,0.309256,0,0,0.94411,0.120799,0.514055,0.66528,12.849,1,0.44986,0.36288,0,46.717,2.4654,44.1646,0.84672,12.849,0.84672,3695.15,0,0.0036966,9.32338e-06,1.544,1.58302,6.14339,0.794102,8.47629,0.42336,0.0018483,0.21168,0.0018483,0.21168,460.486,0,1.02816,0,0,2.57216,1.544,1.028160,1,0,53.155,0,0,0,53.155,0
69.0782,2.44647,0,0,1.84214,0.284326,0.36288,3.6288,61.308,0.289231,0,0,0.929802,0.203774,0.436797,0.66528,12.849,1,0.446961,0.36288,0,37.3193,3.91008,33.3251,0.84672,12.849,0.84672,3695.15,0,0.0036966,8.71968e-06,1.20056,1.58309,5.31901,0.991358,7.11129,0.42336,0.0018483,0.21168,0.0018483,0.21168,460.486,0,1.02816,0,0,2.22872,1.20056,1.028160,1,0,40.8732,0,0,0,40.8732,0
67.5484,2.43975,0,0,1.54879,0.27593,0.36288,3.6288,61.308,0.28929,0,0,0.929949,0.217603,0.423057,0.66528,12.849,1,0.453809,0.36288,0,30.6625,4.15086,26.4207,0.84672,12.849,0.84672,3695.15,0,0.0036966,8.72144e-06,1.15277,1.56006,6.48817,1.02423,8.17676,0.42336,0.0018483,0.21168,0.0018483,0.21168,460.486,0,1.02816,0,0,2.18093,1.15277,1.028160,1,0,35.0205,0,0,0,35.0205,0
66.5227,2.43122,0,0,2.04101,0.272647,0.36288,3.6288,61.308,0.289348,0,0,1.03836,0.217603,0.531413,0.66528,12.849,1,0.462464,0.36288,0,33.8483,4.15086,29.5979,0.84672,12.849,0.84672,3695.15,0,0.0036966,8.72319e-06,1.27582,1.56013,5.64586,1.02423,7.45757,0.42336,0.0018483,0.21168,0.0018483,0.21168,460.486,0,1.02816,0,0,2.30398,1.27582,1.028160,1,0,37.5869,0,0,0,37.5869,0
65.3336,2.42535,0,0,1.84044,0.241333,0.36288,3.6288,61.308,0.289406,0,0,1.0123,0.224743,0.498147,0.66528,12.849,1,0.468461,0.36288,0,36.7845,4.36758,32.3113,0.84672,12.849,0.84672,3695.15,0,0.0036966,8.72496e-06,1.20715,1.5602,5.3212,0.984115,7.10443,0.42336,0.0018483,0.21168,0.0018483,0.21168,460.486,0,1.02816,0,0,2.23531,1.20715,1.028160,1,0,39.9139,0,0,0,39.9139,0
63.6365,2.53305,0,0,1.41261,0.213814,0.36288,3.6288,61.308,0.360701,0,0,0.870203,0.226772,0.28273,0.66528,12.849,1,0.498168,0.36288,0,28.9697,4.36359,24.4709,0.84672,12.849,0.84672,3695.15,0,0.0036966,1.08743e-05,0.905973,1.56027,4.88616,0.984623,6.36777,0.42336,0.0018483,0.21168,0.0018483,0.21168,460.486,0,1.02816,0,0,1.93413,0.905973,1.028160,1,0,31.1214,0,0,0,31.1214,0
61.8883,2.5221,0,0,1.29984,0.162978,0.36288,3.6288,61.308,0.360762,0,0,0.759516,0.224902,0.173853,0.66528,12.849,1,0.509244,0.36288,0,26.9943,4.22625,22.6217,0.84672,12.849,0.84672,3695.15,0,0.0036966,1.08762e-05,0.704575,1.64111,4.49123,0.975956,5.86094,0.42336,0.0018483,0.21168,0.0018483,0.21168,460.486,0,1.02816,0,0,1.73273,0.704575,1.028160,1,0,28.6565,0,0,0,28.6565,0
60.1054,2.5103,0,0,1.24392,0.153654,0.36288,3.6288,61.308,0.360824,0,0,0.798578,0.226687,0.211067,0.66528,12.849,1,0.521179,0.36288,0,25.363,4.28043,20.9243,0.84672,12.849,0.84672,3695.15,0,0.0036966,1.0878e-05,0.694863,1.64118,4.67894,0.965926,6.04904,0.42336,0.0018483,0.21168,0.0018483,0.21168,460.486,0,1.02816,0,0,1.72302,0.694863,1.028160,1,0,27.1844,0,0,0,27.1844,0
58.2818,2.49767,0,0,1.18832,0.15136,0.36288,3.6288,61.308,0.360885,0,0,0.801965,0.226687,0.214393,0.66528,12.849,1,0.533939,0.36288,0,23.8297,4.28043,19.3782,0.84672,12.849,0.84672,3695.15,0,0.0036966,1.08799e-05,0.61897,1.64125,4.49914,0.965926,5.79342,0.42336,0.0018483,0.21168,0.0018483,0.21168,460.486,0,1.02816,0,0,1.64713,0.61897,1.028160,1,0,25.3861,0,0,0,25.3861,0
56.4812,2.48409,0,0,1.18792,0.141584,0.36288,3.6288,61.308,0.360947,0,0,0.80854,0.235132,0.212461,0.66528,12.849,1,0.547651,0.36288,0,23.6225,4.41158,19.0262,0.84672,12.849,0.84672,3695.15,0,0.0036966,1.08817e-05,0.57659,1.64132,4.38112,1.00582,5.59321,0.42336,0.0018483,0.21168,0.0018483,0.21168,460.486,0,1.02816,0,0,1.60475,0.57659,1.028160,1,0,24.8319,0,0,0,24.8319,0
55.1809,2.44786,0,0,1.60752,0.0970202,0.36288,3.6288,61.308,0.40017,0,0,1.14529,0.285806,0.459317,0.66528,12.849,1,0.556867,0.36288,0,31.1241,5.19844,25.7317,0.84672,12.849,0.84672,3695.15,0,0.0036966,1.20642e-05,0.825068,1.6414,5.05278,1.24515,6.27408,0.42336,0.0018483,0.21168,0.0018483,0.21168,460.486,0,1.02816,0,0,1.85323,0.825068,1.028160,1,0,32.4651,0,0,0,32.4651,0
53.7972,2.43732,0,0,1.51224,0.0957718,0.36288,3.6288,61.308,0.400233,0,0,1.08038,0.285806,0.394341,0.66528,12.849,1,0.567535,0.36288,0,30.8937,5.19844,25.4906,0.84672,12.849,0.84672,3695.15,0,0.0036966,1.20661e-05,0.702233,1.66664,5.28094,1.24515,6.40464,0.42336,0.0018483,0.21168,0.0018483,0.21168,460.486,0,1.02816,0,0,1.73039,0.702233,1.028160,1,0,32.2896,0,0,0,32.2896,0
52.2912,2.42564,0,0,1.377,0.0944432,0.36288,3.6288,61.308,0.400296,0,0,1.06945,0.285806,0.383348,0.66528,12.849,1,0.579344,0.36288,0,30.6547,5.19844,25.2398,0.84672,12.849,0.84672,3695.15,0,0.0036966,1.2068e-05,0.704704,1.66671,5.08264,1.24515,6.20889,0.42336,0.0018483,0.21168,0.0018483,0.21168,460.486,0,1.02816,0,0,1.73286,0.704704,1.028160,1,0,31.8321,0,0,0,31.8321,0
50.6689,2.41235,0,0,1.24586,0.0929973,0.36288,3.6288,61.308,0.400359,0,0,0.992494,0.285806,0.306329,0.66528,12.849,1,0.592763,0.36288,0,27.5282,5.19844,22.0999,0.84672,12.849,0.84672,3695.15,0,0.0036966,1.20699e-05,0.48975,1.66678,4.87471,1.24515,5.78608,0.42336,0.0018483,0.21168,0.0018483,0.21168,460.486,0,1.02816,0,0,1.51791,0.48975,1.028160,1,0,28.1923,0,0,0,28.1923,0
48.9417,2.45327,0,0,1.16402,0.0750425,0.36288,3.6288,61.308,0.439287,0,0,0.942088,0.326015,0.176786,0.66528,12.849,1,0.622118,0.36288,0,23.6169,5.74377,17.6139,0.84672,12.849,0.84672,3695.15,0,0.0036966,1.32435e-05,0.261274,1.66686,3.68194,1.47418,4.13589,0.42336,0.0018483,0.21168,0.0018483,0.21168,460.486,0,1.0242,0,0,1.28548,0.261274,1.028160,1,0,21.9266,0,0,0,21.9266,0
47.2,2.43598,0,0,1.12984,0.0726398,0.36288,3.6288,61.308,0.435395,0,0,0.834062,0.326742,0.0719254,0.66528,12.849,1,0.639535,0.36288,0,29.4208,5.76429,23.3798,0.84672,12.849,0.84672,3695.15,0,0.0036966,1.31262e-05,0.288792,1.70705,3.60583,1.49365,4.10801,0.42336,0.0018483,0.21168,0.0018483,0.21168,460.486,0,1.02816,0,0,1.31695,0.288792,1.028160,1,0,27.5597,0,0,0,27.5597,0
45.4063,2.41754,0,0,1.05795,0.0712734,0.36288,3.6288,61.308,0.43546,0,0,0.775639,0.326742,0.0134369,0.66528,12.849,1,0.658113,0.36288,0,23.6221,5.76429,17.5626,0.84672,12.849,0.84672,3695.15,0,0.0036966,1.31281e-05,0.264375,1.70712,3.25036,1.49365,3.72819,0.42336,0.0018483,0.21168,0.0018483,0.21168,460.486,0,1.02816,0,0,1.29254,0.264375,1.028160,1,0,21.3042,0,0,0,21.3042,0
43.5394,2.39738,0,0,0.96323,0.069866,0.36288,3.6288,61.1202,0.597433,0,0,0.73637,0.326742,0,0.66528,12.849,1,0.678406,0.36288,0,21.5284,5.76429,15.4486,0.84672,12.849,0.84672,3695.15,0,0.0036966,1.80113e-05,0.227405,1.7072,3.03186,1.49365,3.47279,0.42336,0.0018483,0.21168,0.0018483,0.21168,460.486,0,0.866246,0,0,1.09365,0.227405,1.028160,1,0,18.9214,0,0,0,18.9214,0
41.6248,2.53364,0,0,1.04882,0.0668971,0.36288,3.6288,61.1358,0.561609,0,0,0.89437,0.317202,0,0.66528,12.849,1,0.747707,0.36288,0,22.3118,5.60036,16.3266,0.84672,12.849,0.84672,3695.15,0,0.0036966,1.69833e-05,0.391116,1.70727,4.24874,1.44372,4.90339,0.42336,0.0018483,0.21168,0.0018483,0.21168,460.486,0,1.02816,0,0,1.41928,0.391116,1.028160,1,0,21.23,0,0,0,21.23,0
39.4702,2.50747,0,0,0.80676,0.0910517,0.36288,3.6288,60.7368,0.892677,0,0,0.776598,0.282899,0,0.66528,12.849,1,0.77402,0.36288,0,19.5051,4.77663,14.3173,0.84672,12.849,0.84672,3695.15,0,0.0036966,2.6988e-05,0.227405,1.84321,3.16512,1.23973,3.99598,0.42336,0.0018483,0.21168,0.0018483,0.21168,460.486,0,0.697153,0,0,0.924558,0.227405,1.028160,1,0,18.3133,0,0,0,18.3133,0
37.2993,2.4757,0,0,0.757426,0.0896866,0.36288,3.6288,60.6684,0.56175,0,0,0.766817,0.273423,0,0.66528,12.849,1,0.805931,0.36288,0,18.8185,4.88092,13.4945,0.84672,12.849,0.84672,3695.15,0,0.0036966,1.70948e-05,0.465022,1.84329,3.33089,1.27453,4.36467,0.42336,0.0018483,0.21168,0.0018483,0.21168,460.486,0,1.02816,0,0,1.49318,0.465022,1.028160,1,0,17.8592,0,0,0,17.8592,0
35.1256,2.44091,0,0,0.717552,0.0874462,0.36288,3.6288,60.5727,0.561821,0,0,0.739377,0.273304,0,0.66528,12.849,1,0.840854,0.36288,0,18.6521,4.88092,13.2932,0.84672,12.849,0.84672,3695.15,0,0.0036966,1.71162e-05,0.463467,1.84338,3.16056,1.27453,4.19286,0.42336,0.0018483,0.21168,0.0018483,0.21168,460.486,0,1.02816,0,0,1.49163,0.463467,1.028160,1,0,17.4861,0,0,0,17.4861,0
32.9501,2.43519,0,0,0.707746,0.0852029,0.36288,3.6288,60.471,0.561891,0,0,0.733372,0.273138,0,0.66528,12.849,1,0.84672,0.36288,0,17.8201,4.88092,12.4553,0.84672,12.849,0.84672,3695.15,0,0.0036966,1.71454e-05,0.45049,1.84346,3.18519,1.27453,4.20459,0.42336,0.0018483,0.21168,0.0018483,0.21168,460.486,0,1.02816,0,0,1.47865,0.45049,1.028160,1,0,16.6599,0,0,0,16.6599,0
30.9857,2.33519,0,0,0.823859,0.090245,0.36288,3.6288,60.1993,0.485455,0,0,0.463505,0.24976,0,0.66528,12.849,1,0.84672,0.36288,0,19.4875,4.71765,14.286,0.84672,12.849,0.84672,3695.15,0,0.0036966,1.4838e-05,0.321097,1.84354,2.17292,1.26434,3.0732,0.42336,0.0018483,0.21168,0.0018483,0.21168,460.486,0,1.02816,0,0,1.34926,0.321097,1.028160,1,0,17.3592,0,0,0,17.3592,0
28.9863,2.33532,0,0,0.813378,0.114591,0.36288,3.6288,60.0132,0.489358,0,0,0.530303,0.227028,0,0.66528,12.849,1,0.84672,0.36288,0,19.0377,3.52886,15.025,0.84672,12.849,0.84672,3695.15,0,0.0036966,1.50248e-05,0.204422,1.76574,2.70763,0.921014,3.75677,0.42336,0.0018483,0.21168,0.0018483,0.21168,460.486,0,1.02432,0,0,1.22875,0.204422,1.028160,1,0,18.7818,0,0,0,18.7818,0
27.0729,2.3148,0,0,0.885686,0.121324,0.36288,3.6288,60.1852,0.506244,0,0,0.901828,0.223567,0,0.66528,12.849,1,0.84672,0.36288,0,20.3913,3.4398,16.4676,0.84672,12.849,0.84672,3695.15,0,0.0036966,1.55914e-05,0.956353,1.76582,3.79015,0.910092,5.60222,0.42336,0.0018483,0.21168,0.0018483,0.21168,460.486,0,1.02816,0,0,1.98451,0.956353,1.028160,1,0,22.0698,0,0,0,22.0698,0
25.1348,2.31499,0,0,0.8579,0.118172,0.36288,3.6288,60.3582,0.506243,0,0,0.902992,0.223812,0,0.66528,12.849,1,0.84672,0.36288,0,19.5593,3.4398,15.6357,0.84672,12.849,0.84672,3695.15,0,0.0036966,1.55468e-05,0.9619,1.77799,3.47026,0.910092,5.30005,0.42336,0.0018483,0.21168,0.0018483,0.21168,460.486,0,1.02816,0,0,1.99006,0.9619,1.028160,1,0,20.9357,0,0,0,20.9357,0
23.1817,2.23298,0,0,0.777755,0.134996,0.36288,3.6288,60.1905,0.520051,0,0,0.584726,0.232333,0,0.66528,12.849,1,0.84672,0.36288,0,15.3204,4.21266,10.6239,0.84672,12.849,0.84672,3695.15,0,0.0036966,1.59251e-05,0.216518,1.77803,2.63258,1.04528,3.58184,0.42336,0.0018483,0.21168,0.0018483,0.21168,460.486,0,0.944698,0,0,1.16122,0.216518,1.028160,1,0,14.2057,0,0,0,14.2057,0
21.3311,2.16352,0,0,0.821667,0.145831,0.36288,3.6288,59.585,0.853601,0,0,0.486395,0.238285,0,0.66528,12.849,1,0.84672,0.36288,0,14.4353,4.79231,9.15913,0.84672,12.849,0.84672,3695.15,0,0.0036966,2.62119e-05,0.216518,1.70884,4.2048,1.14666,4.98348,0.42336,0.0018483,0.21168,0.0018483,0.21168,460.486,0,0.680789,0,0,0.897307,0.216518,1.028160,1,0,14.1426,0,0,0,14.1426,0
19.788,2.16371,0,0,1.13505,0.151611,0.36288,3.6288,59.4191,0.578555,0,0,0.645231,0.232574,0,0.66528,12.849,1,0.84672,0.36288,0,24.6635,4.64933,19.5303,0.84672,12.849,0.84672,3695.15,0,0.0036966,1.79465e-05,0.216518,1.74964,4.02614,1.1259,4.86638,0.42336,0.0018483,0.21168,0.0018483,0.21168,460.486,0,0.955843,0,0,1.17236,0.216518,1.028160,1,0,24.3967,0,0,0,24.3967,0
19.6168,2.1639,0,0,2.52694,0.171351,0.36288,3.6288,60.0082,0.50624,0,0,1.31571,0.22036,0,0.66528,12.849,1,0.84672,0.36288,0,29.9157,4.29187,25.1399,0.84672,12.849,0.84672,3695.15,0,0.0036966,1.57472e-05,0.654117,1.74968,7.39924,1.07398,8.72904,0.42336,0.0018483,0.21168,0.0018483,0.21168,460.486,0,1.02816,0,0,1.68228,0.654117,1.028160,1,0,33.869,0,0,0,33.869,0
19.3073,1.93058,0,0,2.15703,0.173023,0.36288,3.6288,60.174,0.36115,0,0,0.739022,0.212144,0,0.66528,12.849,1,0.84672,0.36288,0,30.0337,4.25972,25.2901,0.84672,12.849,0.84672,3695.15,0,0.0036966,1.11237e-05,0.338463,1.74972,4.99401,1.05867,6.0235,0.42336,0.0018483,0.21168,0.0018483,0.21168,460.486,0,1.02816,0,0,1.36662,0.338463,1.028160,1,0,31.3136,0,0,0,31.3136,0
19.4618,1.78569,0,0,2.48053,0.177454,0.36288,3.6288,60.6615,0.506234,0,0,1.18347,0.189726,0,0.66528,12.849,1,0.84672,0.36288,0,35.3564,4.17932,30.6933,0.84672,12.849,0.84672,3695.15,0,0.0036966,1.55495e-05,0.738461,1.59389,7.74093,1.0204,9.05286,0.42336,0.0018483,0.21168,0.0018483,0.21168,460.486,0,1.02816,0,0,1.76662,0.738461,1.028160,1,0,39.7461,0,0,0,39.7461,0
20.0421,1.78588,0,0,2.90688,0.177839,0.36288,3.6288,61.308,0.506234,0,0,1.50383,0.190315,0.160751,0.66528,12.849,1,0.84672,0.36288,0,61.0261,4.17932,56.363,0.84672,12.849,0.84672,3695.15,0,0.0036966,1.54245e-05,1.8583,1.67883,9.98464,1.0204,12.5014,0.42336,0.0018483,0.21168,0.0018483,0.21168,460.486,0,1.02816,0,0,2.88646,1.8583,1.028160,1,0,69.0251,0,0,0,69.0251,0
20.546,1.78607,0,0,2.8321,0.179283,0.36288,3.6288,61.308,0.506234,0,0,1.52061,0.191096,0.823275,0.66528,12.849,1,0.84672,0.36288,0,54.1353,4.17932,49.4721,0.84672,12.849,0.84672,3695.15,0,0.0036966,1.52618e-05,1.35976,1.67887,8.6438,1.0204,10.662,0.42336,0.0018483,0.21168,0.0018483,0.21168,460.486,0,1.02816,0,0,2.38792,1.35976,1.028160,1,0,60.9574,0,0,0,60.9574,0
21.1415,1.78625,0,0,2.92523,0.180537,0.36288,3.6288,61.308,0.506234,0,0,1.43978,0.191096,0.742448,0.66528,12.849,1,0.84672,0.36288,0,66.1366,4.17932,61.4734,0.84672,12.849,0.84672,3695.15,0,0.0036966,1.52618e-05,1.15399,1.6789,8.88287,1.0204,10.6953,0.42336,0.0018483,0.21168,0.0018483,0.21168,460.486,0,1.02816,0,0,2.18215,1.15399,1.028160,1,0,72.9112,0,0,0,72.9112,0
28.0436,1.87628,0,0,9.34964,0.208409,0.36288,3.6288,61.308,0.548256,0,0,3.92194,0.190051,3.18363,0.66528,12.849,1,0.84672,0.36288,0,188.691,3.45078,184.757,0.84672,12.849,0.84672,3695.15,0,0.0036966,1.65287e-05,5.70008,1.67893,20.5629,1.04474,26.8972,0.42336,0.0018483,0.21168,0.0018483,0.21168,460.486,0,1.02816,0,0,6.72824,5.70008,1.028160,1,0,214.838,0,0,0,214.838,0
33.3184,1.91852,0,0,7.78887,0.232649,0.36288,3.6288,61.308,0.50623,0,0,2.1297,0.199436,1.42403,0.66528,12.849,1,0.84672,0.36288,0,155.164,3.46668,151.214,0.84672,12.849,0.84672,3695.15,0,0.0036966,1.52617e-05,3.35197,1.72827,13.479,1.11892,17.4403,0.42336,0.0018483,0.21168,0.0018483,0.21168,460.486,0,1.02816,0,0,4.38013,3.35197,1.028160,1,0,170.078,0,0,0,170.078,0
37.9471,1.99577,0,0,7.2366,0.249277,0.36288,3.6288,61.308,0.50623,0,0,1.76212,0.199436,1.05645,0.66528,12.849,1,0.769652,0.36288,0,126.37,3.46668,122.496,0.84672,12.849,0.84672,3695.15,0,0.0036966,1.52617e-05,2.85354,1.70371,12.0095,1.11892,15.4478,0.42336,0.0018483,0.21168,0.0018483,0.21168,460.486,0,1.02816,0,0,3.8817,2.85354,1.028160,1,0,139,0,0,0,139,0
41.1138,2.06603,0,0,5.83303,0.237474,0.36288,3.6288,61.308,0.50623,0,0,1.40675,0.209664,0.690854,0.66528,12.849,1,0.699565,0.36288,0,88.865,3.84909,84.6792,0.84672,12.849,0.84672,3695.15,0,0.0036966,1.52617e-05,2.29695,1.70374,9.90749,1.21727,12.6909,0.42336,0.0018483,0.21168,0.0018483,0.21168,460.486,0,1.02816,0,0,3.32511,2.29695,1.028160,1,0,98.061,0,0,0,98.061,0
44.2834,2.4737,0,0,6.25145,0.245225,0.36288,3.6288,61.308,0.471535,0,0,1.9084,0.216001,1.22087,0.66528,12.849,1,0.773088,0.36288,0,112.503,4.15038,107.943,0.84672,12.849,0.84672,3695.15,0,0.0036966,1.42157e-05,2.03631,1.70377,10.7044,1.2204,13.2241,0.42336,0.0018483,0.21168,0.0018483,0.21168,460.486,0,1.02816,0,0,3.06447,2.03631,1.028160,1,0,122.388,0,0,0,122.388,0
44.9838,2.51669,0,0,3.83889,0.258949,0.36288,3.6288,61.308,0.471594,0,0,1.99502,0.222177,1.30125,0.66528,12.849,1,0.730228,0.36288,0,84.24,4.46712,79.4055,0.84672,12.849,0.84672,3695.15,0,0.0036966,1.42175e-05,1.95372,1.76714,11.4363,1.20271,13.9545,0.42336,0.0018483,0.21168,0.0018483,0.21168,460.486,0,1.02816,0,0,2.98188,1.95372,1.028160,1,0,94.6612,0,0,0,94.6612,0
46.0356,2.52564,0,0,4.19062,0.250283,0.36288,3.6288,61.308,0.471653,0,0,1.79761,0.191108,1.13485,0.66528,12.849,1,0.721413,0.36288,0,73.6148,4.19689,69.0594,0.84672,12.849,0.84672,3695.15,0,0.0036966,1.42193e-05,1.9522,1.76721,10.3054,1.09361,12.9312,0.42336,0.0018483,0.21168,0.0018483,0.21168,460.486,0,1.02816,0,0,2.98036,1.9522,1.028160,1,0,83.1254,0,0,0,83.1254,0
47.246,2.53862,0,0,4.3507,0.238778,0.36288,3.6288,61.308,0.471712,0,0,1.92263,0.149684,1.30124,0.66528,12.849,1,0.708555,0.36288,0,70.7236,3.83659,66.5413,0.84672,12.849,0.84672,3695.15,0,0.0036966,1.42211e-05,1.95896,1.76728,11.0224,0.94813,13.8005,0.42336,0.0018483,0.21168,0.0018483,0.21168,460.486,0,1.02816,0,0,2.98712,1.95896,1.028160,1,0,81.6431,0,0,0,81.6431,0
49.3314,2.22939,0,0,4.9348,0.257118,0.36288,3.6288,61.308,0.259999,0,0,2.35655,0.165063,1.93149,0.66528,12.849,1,0.606303,0.36288,0,79.0569,3.59297,75.2205,0.84672,12.849,0.84672,3695.15,0,0.0036966,7.83838e-06,2.52188,1.76735,14.1017,0.892726,17.4982,0.42336,0.0018483,0.21168,0.0018483,0.21168,460.486,0,1.02816,0,0,3.55004,2.52188,1.028160,1,0,94.6501,0,0,0,94.6501,0
55.4747,2.24981,0,0,9.03957,0.283636,0.36288,3.6288,61.308,0.260049,0,0,4.55491,0.185569,4.10929,0.66528,12.849,1,0.585993,0.36288,0,122.246,3.26813,118.754,0.84672,12.849,0.84672,3695.15,0,0.0036966,7.83991e-06,5.67518,1.52666,21.8221,0.818854,28.2051,0.42336,0.0018483,0.21168,0.0018483,0.21168,460.486,0,1.02816,0,0,6.70334,5.67518,1.028160,1,0,151.069,0,0,0,151.069,0
57.1228,2.3026,0,0,4.606,0.292374,0.36288,3.6288,61.308,0.2601,0,0,1.8562,0.179553,1.41655,0.66528,12.849,1,0.533326,0.36288,0,122.968,3.18093,119.617,0.84672,12.849,0.84672,3695.15,0,0.0036966,7.84144e-06,1.72768,1.52672,10.8531,0.806329,13.3012,0.42336,0.0018483,0.21168,0.0018483,0.21168,460.486,0,1.02816,0,0,2.75584,1.72768,1.028160,1,0,134.334,0,0,0,134.334,0
58.1791,2.31525,0,0,3.98855,0.254129,0.36288,3.6288,61.308,0.260151,0,0,1.52601,0.198597,1.06727,0.66528,12.849,1,0.520785,0.36288,0,93.8226,4.05072,89.614,0.84672,12.849,0.84672,3695.15,0,0.0036966,7.84297e-06,1.41736,1.52678,7.92063,1.00957,9.8552,0.42336,0.0018483,0.21168,0.0018483,0.21168,460.486,0,1.02816,0,0,2.44552,1.41736,1.028160,1,0,100.536,0,0,0,100.536,0
60.3223,2.32309,0,0,5.09867,0.269538,0.36288,3.6288,61.308,0.260201,0,0,4.53071,0.239954,4.03056,0.66528,12.849,1,0.51306,0.36288,0,77.5379,5.09544,72.2923,0.84672,12.849,0.84672,3695.15,0,0.0036966,7.8445e-06,3.53195,1.52684,16.3362,1.21836,20.1766,0.42336,0.0018483,0.21168,0.0018483,0.21168,460.486,0,1.02816,0,0,4.56011,3.53195,1.028160,1,0,96.4995,0,0,0,96.4995,0
62.9318,2.42365,0,0,5.72609,0.330075,0.36288,3.6288,61.308,0.31207,0,0,2.67154,0.177283,2.18219,0.66528,12.849,1,0.516251,0.36288,0,95.3744,3.79355,91.4275,0.84672,12.849,0.84672,3695.15,0,0.0036966,9.40821e-06,3.02142,1.5269,13.6023,0.836732,17.3139,0.42336,0.0018483,0.21168,0.0018483,0.21168,460.486,0,1.02816,0,0,4.04958,3.02142,1.028160,1,0,110.924,0,0,0,110.924,0
64.5809,2.44152,0,0,4.79078,0.337263,0.36288,3.6288,61.308,0.312123,0,0,2.51387,0.177283,2.02446,0.66528,12.849,1,0.498494,0.36288,0,87.15,3.79355,83.2208,0.84672,12.849,0.84672,3695.15,0,0.0036966,9.4098e-06,2.10641,1.58642,13.0684,0.836732,15.9245,0.42336,0.0018483,0.21168,0.0018483,0.21168,460.486,0,1.02816,0,0,3.13457,2.10641,1.028160,1,0,101.17,0,0,0,101.17,0
65.3523,2.45224,0,0,3.86144,0.274941,0.36288,3.6288,61.308,0.312175,0,0,2.1839,0.228774,1.64295,0.66528,12.849,1,0.487896,0.36288,0,69.9702,4.55449,65.2907,0.84672,12.849,0.84672,3695.15,0,0.0036966,9.41139e-06,1.61901,1.58648,10.7256,1.09908,12.832,0.42336,0.0018483,0.21168,0.0018483,0.21168,460.486,0,1.02816,0,0,2.64717,1.61901,1.028160,1,0,79.7656,0,0,0,79.7656,0
65.5399,2.45715,0,0,3.27314,0.265436,0.36288,3.6288,61.308,0.312228,0,0,1.59475,0.237356,1.04517,0.66528,12.849,1,0.483103,0.36288,0,62.9405,4.68132,58.139,0.84672,12.849,0.84672,3695.15,0,0.0036966,9.41298e-06,0.905178,1.58654,8.45787,1.1428,9.80678,0.42336,0.0018483,0.21168,0.0018483,0.21168,460.486,0,1.02816,0,0,1.93334,0.905178,1.028160,1,0,68.9909,0,0,0,68.9909,0
65.3736,2.42452,0,0,2.91626,0.29523,0.36288,3.6288,61.308,0.292152,0,0,1.44073,0.199107,0.94947,0.66528,12.849,1,0.475323,0.36288,0,50.9154,3.86832,46.9347,0.84672,12.849,0.84672,3695.15,0,0.0036966,8.80774e-06,0.822355,1.58661,6.29785,1.03424,7.67256,0.42336,0.0018483,0.21168,0.0018483,0.21168,460.486,0,1.02816,0,0,1.85052,0.822355,1.028160,1,0,55.5567,0,0,0,55.5567,0
65.121,2.4236,0,0,2.74731,0.213426,0.36288,3.6288,61.308,0.292204,0,0,1.22278,0.229584,0.700987,0.66528,12.849,1,0.476352,0.36288,0,44.4877,3.94674,40.4275,0.84672,12.849,0.84672,3695.15,0,0.0036966,8.80931e-06,0.602173,1.56352,5.31602,1.01491,6.46679,0.42336,0.0018483,0.21168,0.0018483,0.21168,460.486,0,1.02816,0,0,1.63033,0.602173,1.028160,1,0,47.5953,0,0,0,47.5953,0
64.7956,2.42215,0,0,2.67265,0.212994,0.36288,3.6288,61.308,0.292256,0,0,1.34877,0.229584,0.826933,0.66528,12.849,1,0.477914,0.36288,0,42.9956,3.94674,38.9338,0.84672,12.849,0.84672,3695.15,0,0.0036966,8.81088e-06,0.781142,1.56358,6.16365,1.01491,7.49346,0.42336,0.0018483,0.21168,0.0018483,0.21168,460.486,0,1.02816,0,0,1.8093,0.781142,1.028160,1,0,47.2542,0,0,0,47.2542,0
64.3859,2.42024,0,0,2.58586,0.212438,0.36288,3.6288,61.308,0.292308,0,0,1.35411,0.229584,0.83222,0.66528,12.849,1,0.479936,0.36288,0,40.7625,3.94674,36.6987,0.84672,12.849,0.84672,3695.15,0,0.0036966,8.81244e-06,0.561989,1.56365,5.40858,1.01491,6.51929,0.42336,0.0018483,0.21168,0.0018483,0.21168,460.486,0,1.02816,0,0,1.59015,0.561989,1.028160,1,0,44.0502,0,0,0,44.0502,0
63.7469,2.53249,0,0,2.46733,0.210962,0.36288,3.6288,61.308,0.363753,0,0,1.04797,0.216657,0.467561,0.66528,12.849,1,0.505389,0.36288,0,38.7691,3.63159,34.995,0.84672,12.849,0.84672,3695.15,0,0.0036966,1.09663e-05,0.442653,1.56371,4.90443,1.06309,5.84768,0.42336,0.0018483,0.21168,0.0018483,0.21168,460.486,0,1.02816,0,0,1.47081,0.442653,1.028160,1,0,41.3102,0,0,0,41.3102,0
62.9067,2.52837,0,0,2.21146,0.160411,0.36288,3.6288,61.308,0.452486,0,0,0.891052,0.233494,0.205072,0.66528,12.849,1,0.509625,0.36288,0,32.9571,4.30468,28.5057,0.84672,12.849,0.84672,3695.15,0,0.0036966,1.36414e-05,0.402797,1.64471,4.17631,1.06512,5.15868,0.42336,0.0018483,0.21168,0.0018483,0.21168,460.486,0,0.939479,0,0,1.34228,0.402797,1.028160,1,0,33.8694,0,0,0,33.8694,0
62.0082,2.52282,0,0,2.14656,0.159317,0.36288,3.6288,61.308,0.467919,0,0,0.946261,0.233494,0.244848,0.66528,12.849,1,0.515297,0.36288,0,31.4131,4.30468,26.956,0.84672,12.849,0.84672,3695.15,0,0.0036966,1.41067e-05,0.402797,1.64478,4.44274,1.06512,5.42517,0.42336,0.0018483,0.21168,0.0018483,0.21168,460.486,0,0.9241,0,0,1.3269,0.402797,1.028160,1,0,32.6261,0,0,0,32.6261,0
61.0069,2.51673,0,0,2.03644,0.158148,0.36288,3.6288,61.308,0.422858,0,0,0.919547,0.233494,0.263195,0.66528,12.849,1,0.521503,0.36288,0,29.5044,4.30468,25.0411,0.84672,12.849,0.84672,3695.15,0,0.0036966,1.27482e-05,0.30119,1.64484,4.10756,1.06512,4.98845,0.42336,0.0018483,0.21168,0.0018483,0.21168,460.486,0,0.969218,0,0,1.27041,0.30119,1.028160,1,0,30.2927,0,0,0,30.2927,0
59.8885,2.50976,0,0,1.902,0.147759,0.36288,3.6288,61.308,0.493983,0,0,0.864458,0.241913,0.128562,0.66528,12.849,1,0.528594,0.36288,0,27.4318,4.49943,22.7667,0.84672,12.849,0.84672,3695.15,0,0.0036966,1.48925e-05,0.30119,1.64491,3.98355,1.09277,4.83686,0.42336,0.0018483,0.21168,0.0018483,0.21168,460.486,0,0.898145,0,0,1.19934,0.30119,1.028160,1,0,27.7321,0,0,0,27.7321,0
58.4913,2.47932,0,0,1.57072,0.125792,0.36288,3.6288,61.308,0.403273,0,0,0.951955,0.215134,0.333548,0.66528,12.849,1,0.531935,0.36288,0,31.4094,4.14446,27.0959,0.84672,12.849,0.84672,3695.15,0,0.0036966,1.21578e-05,0.98674,1.64497,5.28561,1.09433,6.82297,0.42336,0.0018483,0.21168,0.0018483,0.21168,460.486,0,1.02816,0,0,2.0149,0.98674,1.028160,1,0,34.2524,0,0,0,34.2524,0
56.9714,2.469,0,0,1.43608,0.12411,0.36288,3.6288,61.308,0.403329,0,0,0.929102,0.215134,0.310639,0.66528,12.849,1,0.542374,0.36288,0,30.9661,4.14446,26.6422,0.84672,12.849,0.84672,3695.15,0,0.0036966,1.21595e-05,1.02373,1.67026,5.22062,1.09433,6.82026,0.42336,0.0018483,0.21168,0.0018483,0.21168,460.486,0,1.02816,0,0,2.05189,1.02373,1.028160,1,0,33.7731,0,0,0,33.7731,0
55.3414,2.45729,0,0,1.31246,0.122279,0.36288,3.6288,61.308,0.403386,0,0,0.868856,0.215134,0.250336,0.66528,12.849,1,0.554203,0.36288,0,29.1262,4.14446,24.7904,0.84672,12.849,0.84672,3695.15,0,0.0036966,1.21612e-05,0.725406,1.67032,4.96785,1.09433,6.26924,0.42336,0.0018483,0.21168,0.0018483,0.21168,460.486,0,1.02816,0,0,1.75357,0.725406,1.028160,1,0,31.31,0,0,0,31.31,0
53.6374,2.44413,0,0,1.20684,0.103826,0.36288,3.6288,61.308,0.403442,0,0,0.823366,0.25901,0.160914,0.66528,12.849,1,0.567472,0.36288,0,26.0779,4.70905,21.1643,0.84672,12.849,0.84672,3695.15,0,0.0036966,1.21629e-05,0.726572,1.67039,4.73011,1.30042,5.82663,0.42336,0.0018483,0.21168,0.0018483,0.21168,460.486,0,1.02816,0,0,1.75473,0.726572,1.028160,1,0,27.1518,0,0,0,27.1518,0
51.7614,2.48639,0,0,1.07568,0.102329,0.36288,3.6288,61.3056,0.438481,0,0,0.736983,0.300896,0,0.66528,12.849,1,0.595622,0.36288,0,21.7442,5.47884,16.0326,0.84672,12.849,0.84672,3695.15,0,0.0036966,1.32192e-05,0.495634,1.67046,4.17996,1.44102,4.90501,0.42336,0.0018483,0.21168,0.0018483,0.21168,460.486,0,1.02816,0,0,1.52379,0.495634,1.028160,1,0,20.9376,0,0,0,20.9376,0
49.948,2.46919,0,0,1.12052,0.101932,0.36288,3.6288,61.308,0.438539,0,0,0.944352,0.315399,0.188021,0.66528,12.849,1,0.612939,0.36288,0,26.8403,5.80503,20.7852,0.84672,12.849,0.84672,3695.15,0,0.0036966,1.32215e-05,0.696686,1.71072,4.51769,1.46991,5.45518,0.42336,0.0018483,0.21168,0.0018483,0.21168,460.486,0,1.02816,0,0,1.72485,0.696686,1.028160,1,0,26.4284,0,0,0,26.4284,0
48.065,2.45158,0,0,1.03149,0.100013,0.36288,3.6288,61.308,0.438596,0,0,0.800591,0.315403,0.0465912,0.66528,12.849,1,0.630664,0.36288,0,22.0464,5.80503,15.9736,0.84672,12.849,0.84672,3695.15,0,0.0036966,1.32227e-05,0.801291,1.71079,4.36819,1.46991,5.41036,0.42336,0.0018483,0.21168,0.0018483,0.21168,460.486,0,1.02816,0,0,1.82945,0.801291,1.028160,1,0,21.4306,0,0,0,21.4306,0
46.1164,2.43218,0,0,0.944482,0.0980054,0.36288,3.6288,61.2955,0.438654,0,0,0.741511,0.315403,0,0.66528,12.849,1,0.650185,0.36288,0,20.9548,5.80503,14.8624,0.84672,12.849,0.84672,3695.15,0,0.0036966,1.32244e-05,0.535697,1.71086,3.8396,1.46991,4.61623,0.42336,0.0018483,0.21168,0.0018483,0.21168,460.486,0,1.02816,0,0,1.56386,0.535697,1.028160,1,0,19.4787,0,0,0,19.4787,0
44.0552,2.57179,0,0,0.968285,0.0947846,0.36288,3.6288,61.2398,0.565001,0,0,0.829302,0.319918,0,0.66528,12.849,1,0.716556,0.36288,0,19.4745,5.97657,13.1442,0.84672,12.849,0.84672,3695.15,0,0.0036966,1.7037e-05,0.812938,1.71092,4.91092,1.50017,5.93459,0.42336,0.0018483,0.21168,0.0018483,0.21168,460.486,0,1.02816,0,0,1.8411,0.812938,1.028160,1,0,19.0788,0,0,0,19.0788,0
41.9104,2.54594,0,0,0.876226,0.112273,0.36288,3.6288,61.0991,0.565063,0,0,0.753261,0.328909,0,0.66528,12.849,1,0.74254,0.36288,0,14.4868,6.48238,7.62473,0.84672,12.849,0.84672,3695.15,0,0.0036966,1.70544e-05,0.623307,1.84715,4.35898,1.57717,5.25224,0.42336,0.0018483,0.21168,0.0018483,0.21168,460.486,0,1.02816,0,0,1.65147,0.623307,1.028160,1,0,12.877,0,0,0,12.877,0
39.6899,2.51695,0,0,0.768934,0.109527,0.36288,3.6288,60.9321,0.565126,0,0,0.726693,0.328616,0,0.66528,12.849,1,0.771653,0.36288,0,18.4153,6.48238,11.5241,0.84672,12.849,0.84672,3695.15,0,0.0036966,1.70955e-05,0.549746,1.84722,4.18585,1.57717,5.00562,0.42336,0.0018483,0.21168,0.0018483,0.21168,460.486,0,1.02816,0,0,1.57791,0.549746,1.028160,1,0,16.5298,0,0,0,16.5298,0
37.5212,2.48443,0,0,0.785307,0.106691,0.36288,3.6288,60.8722,0.565189,0,0,0.833579,0.328268,0,0.66528,12.849,1,0.804296,0.36288,0,15.9519,6.48238,9.02814,0.84672,12.849,0.84672,3695.15,0,0.0036966,1.71443e-05,0.639196,1.84729,4.3469,1.57717,5.2562,0.42336,0.0018483,0.21168,0.0018483,0.21168,460.486,0,1.02816,0,0,1.66736,0.639196,1.028160,1,0,14.2843,0,0,0,14.2843,0
35.3959,2.44989,0,0,0.792374,0.104938,0.36288,3.6288,60.8256,0.565251,0,0,0.839894,0.321268,0,0.66528,12.849,1,0.838957,0.36288,0,16.186,6.29754,9.41239,0.84672,12.849,0.84672,3695.15,0,0.0036966,1.71631e-05,1.04655,1.84736,5.56,1.50522,6.94868,0.42336,0.0018483,0.21168,0.0018483,0.21168,460.486,0,1.02816,0,0,2.07471,1.04655,1.028160,1,0,16.3611,0,0,0,16.3611,0
33.5507,2.3419,0,0,0.959118,0.0995804,0.36288,3.6288,61.0659,0.488647,0,0,1.05494,0.325924,0,0.66528,12.849,1,0.84672,0.36288,0,18.9943,6.117,12.3935,0.84672,12.849,0.84672,3695.15,0,0.0036966,1.48485e-05,0.799044,1.84744,8.42947,1.42478,9.65115,0.42336,0.0018483,0.21168,0.0018483,0.21168,460.486,0,1.02816,0,0,1.8272,0.799044,1.028160,1,0,22.0447,0,0,0,22.0447,0
31.8263,2.34202,0,0,1.11717,0.136607,0.36288,3.6288,61.308,0.488706,0,0,1.0667,0.292756,0.0431866,0.66528,12.849,1,0.84672,0.36288,0,17.0554,5.94047,10.6311,0.84672,12.849,0.84672,3695.15,0,0.0036966,1.47918e-05,0.682698,1.76947,7.02982,1.36954,8.11244,0.42336,0.0018483,0.21168,0.0018483,0.21168,460.486,0,1.02816,0,0,1.71086,0.682698,1.028160,1,0,18.7867,0,0,0,18.7867,0
30.4771,2.34214,0,0,1.49613,0.140313,0.36288,3.6288,61.308,0.488766,0,0,1.31185,0.286304,0.536784,0.66528,12.849,1,0.84672,0.36288,0,22.6309,5.88525,16.2618,0.84672,12.849,0.84672,3695.15,0,0.0036966,1.47352e-05,1.23677,1.76954,8.64043,1.35057,10.2962,0.42336,0.0018483,0.21168,0.0018483,0.21168,460.486,0,1.02816,0,0,2.26493,1.23677,1.028160,1,0,27.0948,0,0,0,27.0948,0
29.5185,2.34226,0,0,1.88446,0.137886,0.36288,3.6288,61.308,0.488826,0,0,1.96679,0.286304,1.19166,0.66528,12.849,1,0.84672,0.36288,0,46.0617,5.88525,39.6926,0.84672,12.849,0.84672,3695.15,0,0.0036966,1.4737e-05,2.37012,1.76961,11.9348,1.35057,14.7239,0.42336,0.0018483,0.21168,0.0018483,0.21168,460.486,0,1.02816,0,0,3.39828,2.37012,1.028160,1,0,55.6081,0,0,0,55.6081,0
28.2254,2.24265,0,0,1.4743,0.161934,0.36288,3.6288,61.308,0.436439,0,0,1.09799,0.251047,0.410502,0.66528,12.849,1,0.84672,0.36288,0,29.6019,5.19857,23.9195,0.84672,12.849,0.84672,3695.15,0,0.0036966,1.31577e-05,0.831462,1.76968,7.00621,1.20175,8.40558,0.42336,0.0018483,0.21168,0.0018483,0.21168,460.486,0,1.02816,0,0,1.85962,0.831462,1.028160,1,0,32.7356,0,0,0,32.7356,0
26.6945,2.17303,0,0,1.19978,0.194792,0.36288,3.6288,60.73,0.852039,0,0,0.48654,0.212504,0,0.66528,12.849,1,0.84672,0.36288,0,16.1821,4.35876,11.3395,0.84672,12.849,0.84672,3695.15,0,0.0036966,2.56871e-05,0.216518,1.71053,5.37561,1.04757,6.25506,0.42336,0.0018483,0.21168,0.0018483,0.21168,460.486,0,0.682344,0,0,0.898862,0.216518,1.028160,1,0,17.5946,0,0,0,17.5946,0
25.2031,2.1732,0,0,1.23538,0.190699,0.36288,3.6288,60.7217,0.506234,0,0,0.70962,0.211728,0,0.66528,12.849,1,0.84672,0.36288,0,16.4181,4.35876,11.5755,0.84672,12.849,0.84672,3695.15,0,0.0036966,1.54071e-05,0.748328,1.75141,7.3968,1.04757,8.84895,0.42336,0.0018483,0.21168,0.0018483,0.21168,460.486,0,1.02816,0,0,1.77649,0.748328,1.028160,1,0,20.4244,0,0,0,20.4244,0
25.9426,2.17337,0,0,3.4625,0.186713,0.36288,3.6288,61.308,0.506234,0,0,2.1247,0.211716,0.820403,0.66528,12.849,1,0.84672,0.36288,0,50.8534,4.35876,46.0108,0.84672,12.849,0.84672,3695.15,0,0.0036966,1.54092e-05,2.57737,1.75145,15.3557,1.04757,18.6369,0.42336,0.0018483,0.21168,0.0018483,0.21168,460.486,0,1.02816,0,0,3.60553,2.57737,1.028160,1,0,65.4681,0,0,0,65.4681,0
25.6181,1.93955,0,0,2.18685,0.208899,0.36288,3.6288,61.308,0.360843,0,0,1.27946,0.189188,0.729432,0.66528,12.849,1,0.84672,0.36288,0,31.9389,4.04632,27.4087,0.84672,12.849,0.84672,3695.15,0,0.0036966,1.08786e-05,0.333945,1.75148,9.01247,0.97346,10.1244,0.42336,0.0018483,0.21168,0.0018483,0.21168,460.486,0,1.02816,0,0,1.3621,0.333945,1.028160,1,0,38.2626,0,0,0,38.2626,0
24.2873,2.02658,0,0,1.27052,0.211837,0.36288,3.6288,61.308,0.273976,0,0,0.890689,0.181176,0.435537,0.66528,12.849,1,0.84672,0.36288,0,22.3259,3.94128,17.9008,0.84672,12.849,0.84672,3695.15,0,0.0036966,8.25977e-06,1.18476,1.59533,6.62651,0.969773,8.43681,0.42336,0.0018483,0.21168,0.0018483,0.21168,460.486,0,1.02816,0,0,2.21292,1.18476,1.028160,1,0,26.7732,0,0,0,26.7732,0
23.1035,2.02669,0,0,1.3966,0.190848,0.36288,3.6288,61.308,0.274027,0,0,0.895908,0.182534,0.439346,0.66528,12.849,1,0.84672,0.36288,0,24.8315,4.1881,20.1596,0.84672,12.849,0.84672,3695.15,0,0.0036966,8.26132e-06,1.51505,1.54452,7.86581,0.96437,9.96101,0.42336,0.0018483,0.21168,0.0018483,0.21168,460.486,0,1.02816,0,0,2.54321,1.51505,1.028160,1,0,30.5599,0,0,0,30.5599,0
22.278,2.02679,0,0,1.75466,0.190505,0.36288,3.6288,61.308,0.274079,0,0,0.797092,0.171793,0.35122,0.66528,12.849,1,0.84672,0.36288,0,31.8822,4.19317,27.2052,0.84672,12.849,0.84672,3695.15,0,0.0036966,8.26286e-06,0.905308,1.54458,6.91433,0.99595,8.36826,0.42336,0.0018483,0.21168,0.0018483,0.21168,460.486,0,1.02816,0,0,1.93347,0.905308,1.028160,1,0,35.9247,0,0,0,35.9247,0
22.1089,1.79481,0,0,2.17695,0.188411,0.36288,3.6288,61.308,0.506228,0,0,1.43919,0.171793,0.761169,0.66528,12.849,1,0.84672,0.36288,0,39.5953,4.19317,34.9183,0.84672,12.849,0.84672,3695.15,0,0.0036966,1.52617e-05,0.587892,1.54464,6.58418,0.99595,7.72075,0.42336,0.0018483,0.21168,0.0018483,0.21168,460.486,0,1.02816,0,0,1.61605,0.587892,1.028160,1,0,43.4002,0,0,0,43.4002,0
26.1722,1.79486,0,0,6.38772,0.166684,0.36288,3.6288,61.308,0.506177,0,0,2.44866,0.183462,1.75902,0.66528,12.849,1,0.84672,0.36288,0,71.6381,3.7536,67.4007,0.84672,12.849,0.84672,3695.15,0,0.0036966,1.52601e-05,2.4701,1.68053,14.2728,0.833464,17.59,0.42336,0.0018483,0.21168,0.0018483,0.21168,460.486,0,1.02816,0,0,3.49826,2.4701,1.028160,1,0,86.7497,0,0,0,86.7497,0
35.7271,1.88502,0,0,11.9769,0.174109,0.36288,3.6288,61.308,0.548336,0,0,3.43653,0.213623,2.67457,0.66528,12.849,1,0.84672,0.36288,0,143.465,4.55679,138.424,0.84672,12.849,0.84672,3695.15,0,0.0036966,1.65311e-05,3.57921,1.6805,25.0235,1.06129,29.2219,0.42336,0.0018483,0.21168,0.0018483,0.21168,460.486,0,1.02816,0,0,4.60737,3.57921,1.028160,1,0,170.32,0,0,0,170.32,0
46.0125,2.04026,0,0,12.8862,0.197654,0.36288,3.6288,61.308,0.506223,0,0,5.09677,0.221658,4.36889,0.66528,12.849,1,0.733767,0.36288,0,149.401,4.67723,144.353,0.84672,12.849,0.84672,3695.15,0,0.0036966,1.52615e-05,4.92454,1.72997,29.664,1.10879,35.2097,0.42336,0.0018483,0.21168,0.0018483,0.21168,460.486,0,1.02816,0,0,5.9527,4.92454,1.028160,1,0,183.932,0,0,0,183.932,0
56.6803,2.31701,0,0,13.5704,0.22277,0.36288,3.6288,61.308,0.316382,0,0,8.63914,0.221658,8.1011,0.66528,12.849,1,0.647026,0.36288,0,312.156,4.67723,307.195,0.84672,12.849,0.84672,3695.15,0,0.0036966,9.5382e-06,6.99745,1.70535,37.5271,1.10879,45.1212,0.42336,0.0018483,0.21168,0.0018483,0.21168,460.486,0,1.02816,0,0,8.02561,6.99745,1.028160,1,0,360.417,0,0,0,360.417,0
64.8323,2.41638,0,0,11.179,0.247605,0.36288,3.6288,61.308,0.316428,0,0,5.94837,0.20887,5.42307,0.66528,12.849,1,0.547776,0.36288,0,216.442,4.36372,211.894,0.84672,12.849,0.84672,3695.15,0,0.0036966,9.5396e-06,4.72052,1.59428,29.4304,1.0345,34.7107,0.42336,0.0018483,0.21168,0.0018483,0.21168,460.486,0,1.02816,0,0,5.74868,4.72052,1.028160,1,0,252.028,0,0,0,252.028,0
72.29,2.71526,0,0,12.7877,0.262142,2.35265,3.6288,61.308,0.474571,0,0,8.48854,0.176903,7.83707,0.66528,12.849,1,0.538133,2.35265,0,211.111,3.57998,209.345,0.84672,12.849,0.84672,3695.15,0,0.0036966,1.43073e-05,5.78451,1.59433,34.3939,0.848796,40.924,0.42336,0.0018483,0.21168,0.0018483,0.21168,460.486,0,1.02816,0,0,6.81267,5.78451,1.028160,1,0,258.106,0,0,0,258.106,0
72.29,2.7625,0,0,11.4261,0.277866,8.38578,3.6288,61.308,0.474623,0,0,7.00039,0.176903,6.34886,0.66528,12.849,1,0.491013,8.38578,0,177.498,3.57998,181.812,0.84672,12.849,0.84672,3695.15,0,0.0036966,1.43088e-05,4.78791,1.77072,28.5785,0.848796,34.2883,0.42336,0.0018483,0.21168,0.0018483,0.21168,460.486,0,1.02816,0,0,5.81607,4.78791,1.028160,1,0,222.45,0,0,0,222.45,0
72.29,2.76259,0,0,17.027,0.275268,13.9892,3.6288,61.308,0.474675,0,0,10.7108,0.182436,10.0537,0.66528,12.849,1,0.49103,13.9892,0,246.785,3.71102,256.572,0.84672,12.849,0.84672,3695.15,0,0.0036966,1.43104e-05,7.79933,1.77078,47.7686,0.889792,56.4489,0.42336,0.0018483,0.21168,0.0018483,0.21168,460.486,0,1.02816,0,0,8.82749,7.79933,1.028160,1,0,323.075,0,0,0,323.075,0
72.29,2.76269,0,0,15.7923,0.272205,12.7574,3.6288,61.308,0.474726,0,0,11.4582,0.200651,10.7828,0.66528,12.849,1,0.491047,12.7574,0,224.734,4.19717,232.803,0.84672,12.849,0.84672,3695.15,0,0.0036966,1.43119e-05,8.75226,1.77084,54.9373,1.05799,64.4024,0.42336,0.0018483,0.21168,0.0018483,0.21168,460.486,0,1.02816,0,0,9.78042,8.75226,1.028160,1,0,307.989,0,0,0,307.989,0
72.29,2.41258,0,0,8.33302,0.303507,5.61693,3.6288,61.308,0.262581,0,0,5.38657,0.163197,4.9608,0.66528,12.849,1,0.428819,5.61693,0,154.532,3.44694,156.273,0.84672,12.849,0.84672,3695.15,0,0.0036966,7.91624e-06,4.08294,1.7709,19.0526,0.863549,24.0429,0.42336,0.0018483,0.21168,0.0018483,0.21168,460.486,0,1.02816,0,0,5.1111,4.08294,1.028160,1,0,185.276,0,0,0,185.276,0
72.29,2.41267,0,0,7.23652,0.303507,4.52034,3.6288,61.308,0.262626,0,0,4.79054,0.163197,4.36472,0.66528,12.849,1,0.428833,4.52034,0,128.425,3.44694,129.07,0.84672,12.849,0.84672,3695.15,0,0.0036966,7.91758e-06,3.79233,1.52972,16.8699,0.863549,21.3284,0.42336,0.0018483,0.21168,0.0018483,0.21168,460.486,0,1.02816,0,0,4.82049,3.79233,1.028160,1,0,154.763,0,0,0,154.763,0
72.29,2.41275,0,0,8.42504,0.303507,5.70878,3.6288,61.308,0.26267,0,0,4.88938,0.163197,4.46351,0.66528,12.849,1,0.428848,5.70878,0,144.253,3.44694,146.086,0.84672,12.849,0.84672,3695.15,0,0.0036966,7.91892e-06,4.43083,1.52978,20.4831,0.863549,25.5802,0.42336,0.0018483,0.21168,0.0018483,0.21168,460.486,0,1.02816,0,0,5.45899,4.43083,1.028160,1,0,176.13,0,0,0,176.13,0
72.29,2.41283,0,0,9.56992,0.302824,6.85427,3.6288,61.308,0.262715,0,0,5.19885,0.15747,4.77867,0.66528,12.849,1,0.428863,6.85427,0,171.386,3.35729,174.454,0.84672,12.849,0.84672,3695.15,0,0.0036966,7.92026e-06,4.56244,1.52983,20.5178,0.848194,25.7619,0.42336,0.0018483,0.21168,0.0018483,0.21168,460.486,0,1.02816,0,0,5.5906,4.56244,1.028160,1,0,204.994,0,0,0,204.994,0
72.29,2.41292,0,0,7.54523,0.295194,4.83711,3.6288,61.308,0.262759,0,0,6.60438,0.150083,6.19154,0.66528,12.849,1,0.428878,4.83711,0,126.3,3.25639,127.452,0.84672,12.849,0.84672,3695.15,0,0.0036966,7.9216e-06,3.70606,1.52988,19.6909,0.96692,23.9599,0.42336,0.0018483,0.21168,0.0018483,0.21168,460.486,0,1.02816,0,0,4.73422,3.70606,1.028160,1,0,157.604,0,0,0,157.604,0
72.29,2.50117,0,0,6.87614,0.294606,4.08037,3.6288,61.308,0.314724,0,0,5.53427,0.154579,5.06497,0.66528,12.849,1,0.444563,4.08037,0,117.691,3.32923,117.997,0.84672,12.849,0.84672,3695.15,0,0.0036966,9.48823e-06,3.37845,1.52993,16.6133,1.00206,20.5196,0.42336,0.0018483,0.21168,0.0018483,0.21168,460.486,0,1.02816,0,0,4.40661,3.37845,1.028160,1,0,143.582,0,0,0,143.582,0
72.29,2.50125,0,0,9.66427,0.296347,6.86667,3.6288,61.308,0.31477,0,0,5.91254,0.146847,5.45093,0.66528,12.849,1,0.444579,6.86667,0,146.304,3.11121,149.615,0.84672,12.849,0.84672,3695.15,0,0.0036966,9.48962e-06,4.62776,1.58956,40.5221,0.958086,45.7813,0.42336,0.0018483,0.21168,0.0018483,0.21168,460.486,0,1.02816,0,0,5.65592,4.62776,1.028160,1,0,200.847,0,0,0,200.847,0
72.29,2.50134,0,0,7.05776,0.261081,4.29534,3.6288,61.308,0.314816,0,0,5.48113,0.149788,5.01653,0.66528,12.849,1,0.444594,4.29534,0,127.232,2.44011,128.642,0.84672,12.849,0.84672,3695.15,0,0.0036966,9.49101e-06,4.0037,1.58962,23.4692,0.872442,28.19,0.42336,0.0018483,0.21168,0.0018483,0.21168,460.486,0,1.02816,0,0,5.03186,4.0037,1.028160,1,0,161.849,0,0,0,161.849,0
72.29,2.50142,0,0,6.35973,0.237448,3.62086,3.6288,61.308,0.314863,0,0,4.26213,0.185147,3.76212,0.66528,12.849,1,0.444609,3.62086,0,100.538,3.38307,100.331,0.84672,12.849,0.84672,3695.15,0,0.0036966,9.49241e-06,3.35291,1.58967,20.1577,0.991206,24.1091,0.42336,0.0018483,0.21168,0.0018483,0.21168,460.486,0,1.02816,0,0,4.38107,3.35291,1.028160,1,0,128.202,0,0,0,128.202,0
72.29,2.46703,0,0,5.81634,0.264709,3.0846,3.6288,61.308,0.294741,0,0,3.41364,0.196204,2.92269,0.66528,12.849,1,0.438496,3.0846,0,97.2527,4.14373,95.7551,0.84672,12.849,0.84672,3695.15,0,0.0036966,8.88578e-06,3.06946,1.58973,19.7442,1.01161,23.3918,0.42336,0.0018483,0.21168,0.0018483,0.21168,460.486,0,1.02816,0,0,4.09762,3.06946,1.028160,1,0,122.07,0,0,0,122.07,0
72.29,2.46712,0,0,5.32166,0.227048,2.62749,3.6288,61.308,0.294786,0,0,2.93321,0.208685,2.42974,0.66528,12.849,1,0.438512,2.62749,0,88.5764,4.25492,86.5105,0.84672,12.849,0.84672,3695.15,0,0.0036966,8.88716e-06,3.11833,1.56659,17.875,1.01937,21.5406,0.42336,0.0018483,0.21168,0.0018483,0.21168,460.486,0,1.02816,0,0,4.14649,3.11833,1.028160,1,0,110.481,0,0,0,110.481,0
72.29,2.4672,0,0,4.98265,0.227048,2.28839,3.6288,61.308,0.294832,0,0,2.94242,0.208685,2.4389,0.66528,12.849,1,0.438527,2.28839,0,81.5098,4.25492,79.1047,0.84672,12.849,0.84672,3695.15,0,0.0036966,8.88853e-06,2.99831,1.56664,16.9248,1.01937,20.4704,0.42336,0.0018483,0.21168,0.0018483,0.21168,460.486,0,1.02816,0,0,4.02647,2.99831,1.028160,1,0,102.014,0,0,0,102.014,0
72.29,2.46729,0,0,4.79501,0.217357,2.11036,3.6288,61.308,0.294878,0,0,3.48766,0.207317,2.98546,0.66528,12.849,1,0.438542,2.11036,0,76.0268,4.24672,73.4519,0.84672,12.849,0.84672,3695.15,0,0.0036966,8.8899e-06,3.7405,1.5667,19.9248,1.03159,24.2004,0.42336,0.0018483,0.21168,0.0018483,0.21168,460.486,0,1.02816,0,0,4.76866,3.7405,1.028160,1,0,100.638,0,0,0,100.638,0
72.29,2.58442,0,0,4.43396,0.15921,1.69033,3.6288,61.308,0.366454,0,0,2.08899,0.199109,1.52342,0.66528,12.849,1,0.459361,1.69033,0,57.6758,4.19759,54.7092,0.84672,12.849,0.84672,3695.15,0,0.0036966,1.10478e-05,2.56936,1.56675,14.6574,1.10487,17.6886,0.42336,0.0018483,0.21168,0.0018483,0.21168,460.486,0,1.02816,0,0,3.59752,2.56936,1.028160,1,0,73.9213,0,0,0,73.9213,0
72.29,2.58451,0,0,4.38021,0.15921,1.6365,3.6288,61.308,0.366502,0,0,2.25268,0.199109,1.68707,0.66528,12.849,1,0.459377,1.6365,0,55.9568,4.19759,52.9363,0.84672,12.849,0.84672,3695.15,0,0.0036966,1.10492e-05,2.50349,1.6479,15.8815,1.10487,18.928,0.42336,0.0018483,0.21168,0.0018483,0.21168,460.486,0,1.02816,0,0,3.53165,2.50349,1.028160,1,0,73.5514,0,0,0,73.5514,0
72.29,2.5846,0,0,4.10391,0.15921,1.36011,3.6288,61.308,0.36655,0,0,2.11378,0.199109,1.54813,0.66528,12.849,1,0.459392,1.36011,0,52.2097,4.19759,48.9128,0.84672,12.849,0.84672,3695.15,0,0.0036966,1.10507e-05,2.38973,1.64796,14.2007,1.10487,17.1335,0.42336,0.0018483,0.21168,0.0018483,0.21168,460.486,0,1.02816,0,0,3.41789,2.38973,1.028160,1,0,67.5945,0,0,0,67.5945,0
72.29,2.58469,0,0,3.85021,0.139338,1.12619,3.6288,61.308,0.366598,0,0,2.00302,0.215947,1.42047,0.66528,12.849,1,0.459408,1.12619,0,48.6796,4.58708,44.7593,0.84672,12.849,0.84672,3695.15,0,0.0036966,1.10521e-05,2.18185,1.64802,13.9335,1.16017,16.6032,0.42336,0.0018483,0.21168,0.0018483,0.21168,460.486,0,1.02816,0,0,3.21001,2.18185,1.028160,1,0,62.7829,0,0,0,62.7829,0
72.29,2.58477,0,0,4.391,0.120298,1.68593,3.6288,61.308,0.366647,0,0,2.05237,0.2645,1.42122,0.66528,12.849,1,0.459424,1.68593,0,57.0326,5.06112,53.198,0.84672,12.849,0.84672,3695.15,0,0.0036966,1.10536e-05,2.41345,1.64807,13.1685,1.25891,15.9711,0.42336,0.0018483,0.21168,0.0018483,0.21168,460.486,0,1.02816,0,0,3.44161,2.41345,1.028160,1,0,70.5903,0,0,0,70.5903,0
72.29,2.56171,0,0,4.3415,0.125405,1.65438,3.6288,61.308,0.406016,0,0,1.97877,0.265577,1.30717,0.66528,12.849,1,0.455325,1.65438,0,58.3987,4.97784,54.6199,0.84672,12.849,0.84672,3695.15,0,0.0036966,1.22405e-05,2.15441,1.64813,13.4425,1.25233,15.9927,0.42336,0.0018483,0.21168,0.0018483,0.21168,460.486,0,1.02816,0,0,3.18257,2.15441,1.028160,1,0,71.9198,0,0,0,71.9198,0
72.29,2.5618,0,0,3.96934,0.125405,1.28213,3.6288,61.308,0.406065,0,0,1.93127,0.265577,1.25963,0.66528,12.849,1,0.455341,1.28213,0,57.5743,4.97784,53.4232,0.84672,12.849,0.84672,3695.15,0,0.0036966,1.2242e-05,2.21285,1.67346,13.2773,1.25233,15.9113,0.42336,0.0018483,0.21168,0.0018483,0.21168,460.486,0,1.02816,0,0,3.24101,2.21285,1.028160,1,0,70.5942,0,0,0,70.5942,0
72.29,2.56189,0,0,3.62769,0.125405,0.9404,3.6288,61.308,0.406115,0,0,1.80601,0.265577,1.13432,0.66528,12.849,1,0.455356,0.9404,0,54.1537,4.97784,49.6609,0.84672,12.849,0.84672,3695.15,0,0.0036966,1.22435e-05,1.74163,1.67352,12.6344,1.25233,14.7973,0.42336,0.0018483,0.21168,0.0018483,0.21168,460.486,0,1.02816,0,0,2.76979,1.74163,1.028160,1,0,65.5925,0,0,0,65.5925,0
72.29,2.56198,0,0,3.77278,0.106424,1.10438,3.6288,61.308,0.406164,0,0,1.86231,0.304437,1.15171,0.66528,12.849,1,0.455372,1.10438,0,51.0109,5.50869,46.1512,0.84672,12.849,0.84672,3695.15,0,0.0036966,1.2245e-05,1.8037,1.67357,11.2507,1.4237,13.3043,0.42336,0.0018483,0.21168,0.0018483,0.21168,460.486,0,1.02816,0,0,2.83186,1.8037,1.028160,1,0,60.6072,0,0,0,60.6072,0
72.29,2.62186,0,0,4.23644,0.0922236,1.52236,3.6288,61.308,0.441263,0,0,2.06846,0.330657,1.29654,0.66528,12.849,1,0.466016,1.52236,0,50.3749,5.88714,45.5441,0.84672,12.849,0.84672,3695.15,0,0.0036966,1.33031e-05,2.11722,1.67363,10.5361,1.53199,12.795,0.42336,0.0018483,0.21168,0.0018483,0.21168,460.486,0,1.02816,0,0,3.14538,2.11722,1.028160,1,0,59.6356,0,0,0,59.6356,0
72.29,2.62195,0,0,3.75165,0.0922236,1.03748,3.6288,61.308,0.441313,0,0,1.9424,0.330657,1.17043,0.66528,12.849,1,0.466032,1.03748,0,47.4623,5.88714,42.1466,0.84672,12.849,0.84672,3695.15,0,0.0036966,1.33046e-05,1.9,1.71397,10.4337,1.53199,12.5156,0.42336,0.0018483,0.21168,0.0018483,0.21168,460.486,0,1.02816,0,0,2.92816,1.9,1.028160,1,0,55.8326,0,0,0,55.8326,0
72.29,2.62204,0,0,3.40796,0.0922236,0.693698,3.6288,61.308,0.441364,0,0,1.88978,0.330657,1.11776,0.66528,12.849,1,0.466048,0.693698,0,44.678,5.88714,39.0186,0.84672,12.849,0.84672,3695.15,0,0.0036966,1.33061e-05,1.71088,1.71403,10.0613,1.53199,11.9542,0.42336,0.0018483,0.21168,0.0018483,0.21168,460.486,0,1.02816,0,0,2.73904,1.71088,1.028160,1,0,52.0905,0,0,0,52.0905,0
72.1165,2.62213,0,0,2.88645,0.0749729,0.36288,3.6288,61.308,0.441415,0,0,1.87951,0.336315,1.10178,0.66528,12.849,1,0.466064,0.36288,0,42.579,6.16394,36.3119,0.84672,12.849,0.84672,3695.15,0,0.0036966,1.33077e-05,1.68734,1.71408,9.87301,1.53249,11.7419,0.42336,0.0018483,0.21168,0.0018483,0.21168,460.486,0,1.02816,0,0,2.7155,1.68734,1.028160,1,0,49.1556,0,0,0,49.1556,0
72.2607,2.79633,0,0,3.38925,0.0858367,0.36288,3.6288,61.308,0.567991,0,0,1.46784,0.316589,0.583261,0.66528,12.849,1,0.498223,0.36288,0,36.577,5.85226,30.5894,0.84672,12.849,0.84672,3695.15,0,0.0036966,1.71237e-05,1.83886,1.71414,9.74411,1.47657,11.8205,0.42336,0.0018483,0.21168,0.0018483,0.21168,460.486,0,1.02816,0,0,2.86702,1.83886,1.028160,1,0,42.9932,0,0,0,42.9932,0
72.29,2.79727,0,0,3.78714,0.0810315,0.8795,3.6288,61.308,0.568046,0,0,1.80376,0.319179,0.91653,0.66528,12.849,1,0.497396,0.8795,0,46.5436,5.92704,40.9987,0.84672,12.849,0.84672,3695.15,0,0.0036966,1.71253e-05,2.57224,1.85061,10.3427,1.49151,13.274,0.42336,0.0018483,0.21168,0.0018483,0.21168,460.486,0,1.02816,0,0,3.6004,2.57224,1.028160,1,0,55.1892,0,0,0,55.1892,0
72.0405,2.79754,0,0,2.99196,0.0810495,0.36288,3.6288,61.308,0.568101,0,0,1.31667,0.319179,0.429386,0.66528,12.849,1,0.497242,0.36288,0,48.0317,5.92704,41.9703,0.84672,12.849,0.84672,3695.15,0,0.0036966,1.7127e-05,1.55121,1.85068,8.1953,1.49151,10.1057,0.42336,0.0018483,0.21168,0.0018483,0.21168,460.486,0,1.02816,0,0,2.57937,1.55121,1.028160,1,0,52.5053,0,0,0,52.5053,0
72.29,2.79617,0,0,3.70561,0.0808961,0.579032,3.6288,61.308,0.568156,0,0,2.19047,0.319179,1.30314,0.66528,12.849,1,0.49872,0.579032,0,42.5669,5.92704,36.7201,0.84672,12.849,0.84672,3695.15,0,0.0036966,1.71286e-05,3.57242,1.85074,12.3149,1.49151,16.2466,0.42336,0.0018483,0.21168,0.0018483,0.21168,460.486,0,1.02816,0,0,4.60058,3.57242,1.028160,1,0,54.2698,0,0,0,54.2698,0
71.9504,2.79773,0,0,2.91651,0.0954709,0.36288,3.6288,61.308,0.568211,0,0,2.56993,0.292461,1.70926,0.66528,12.849,1,0.497276,0.36288,0,35.2263,5.45154,29.6404,0.84672,12.849,0.84672,3695.15,0,0.0036966,1.71303e-05,3.77227,1.8508,11.2959,1.35463,15.5644,0.42336,0.0018483,0.21168,0.0018483,0.21168,460.486,0,1.02816,0,0,4.80043,3.77227,1.028160,1,0,46.914,0,0,0,46.914,0
71.458,2.71053,0,0,2.68201,0.100979,0.36288,3.6288,61.308,0.491457,0,0,1.54975,0.281773,0.776519,0.66528,12.849,1,0.484051,0.36288,0,35.0025,5.26134,29.6199,0.84672,12.849,0.84672,3695.15,0,0.0036966,1.48163e-05,1.95453,1.85087,8.29008,1.29987,10.7956,0.42336,0.0018483,0.21168,0.0018483,0.21168,460.486,0,1.02816,0,0,2.98269,1.95453,1.028160,1,0,41.1921,0,0,0,41.1921,0
70.5031,2.7078,0,0,2.2163,0.1006,0.36288,3.6288,61.308,0.491509,0,0,1.36528,0.281773,0.591993,0.66528,12.849,1,0.486894,0.36288,0,32.3177,5.26134,26.9323,0.84672,12.849,0.84672,3695.15,0,0.0036966,1.48179e-05,1.62397,1.77275,7.67733,1.29987,9.77416,0.42336,0.0018483,0.21168,0.0018483,0.21168,460.486,0,1.02816,0,0,2.65213,1.62397,1.028160,1,0,37.2985,0,0,0,37.2985,0
71.3609,2.70231,0,0,4.11975,0.196672,0.36288,3.6288,61.308,0.491561,0,0,2.12402,0.205967,1.42649,0.66528,12.849,1,0.49249,0.36288,0,57.0623,4.22319,52.7095,0.84672,12.849,0.84672,3695.15,0,0.0036966,1.48195e-05,2.28536,1.77281,13.3296,0.975386,16.4124,0.42336,0.0018483,0.21168,0.0018483,0.21168,460.486,0,1.02816,0,0,3.31352,2.28536,1.028160,1,0,70.5484,0,0,0,70.5484,0
72.29,2.70742,0,0,7.29206,0.2363,3.41928,3.6288,61.308,0.491614,0,0,3.06882,0.20155,2.37566,0.66528,12.849,1,0.487489,3.41928,0,100.525,4.0458,99.4112,0.84672,12.849,0.84672,3695.15,0,0.0036966,1.48211e-05,3.30411,1.77287,19.2543,0.937378,23.3939,0.42336,0.0018483,0.21168,0.0018483,0.21168,460.486,0,1.02816,0,0,4.33227,3.30411,1.028160,1,0,125.181,0,0,0,125.181,0
71.0163,2.64276,0,0,1.96827,0.236345,0.36288,3.6288,61.308,0.42174,0,0,1.45841,0.266316,0.77035,0.66528,12.849,1,0.46973,0.36288,0,43.2354,4.64047,38.4881,0.84672,12.849,0.84672,3695.15,0,0.0036966,1.27145e-05,1.74387,1.77293,7.03156,1.16685,9.3815,0.42336,0.0018483,0.21168,0.0018483,0.21168,460.486,0,1.02816,0,0,2.77203,1.74387,1.028160,1,0,48.6399,0,0,0,48.6399,0
69.3255,2.63572,0,0,1.54184,0.234061,0.36288,3.6288,61.308,0.42179,0,0,1.22872,0.266316,0.540614,0.66528,12.849,1,0.476881,0.36288,0,35.3905,4.64047,30.636,0.84672,12.849,0.84672,3695.15,0,0.0036966,1.2716e-05,1.38732,1.7035,5.14081,1.16685,7.06477,0.42336,0.0018483,0.21168,0.0018483,0.21168,460.486,0,1.02816,0,0,2.41548,1.38732,1.028160,1,0,38.2414,0,0,0,38.2414,0
70.6935,2.62599,0,0,4.56727,0.210355,0.36288,3.6288,61.308,0.42184,0,0,2.01443,0.258374,1.33422,0.66528,12.849,1,0.48671,0.36288,0,46.2788,4.44848,41.7065,0.84672,12.849,0.84672,3695.15,0,0.0036966,1.27175e-05,2.7315,1.70355,11.9642,1.20978,15.1894,0.42336,0.0018483,0.21168,0.0018483,0.21168,460.486,0,1.02816,0,0,3.75966,2.7315,1.028160,1,0,58.2301,0,0,0,58.2301,0
72.29,2.63405,0,0,7.3153,0.234271,2.85049,3.6288,61.308,0.42189,0,0,2.9334,0.212481,2.29903,0.66528,12.849,1,0.478756,2.85049,0,101.274,3.46306,100.182,0.84672,12.849,0.84672,3695.15,0,0.0036966,1.27191e-05,4.13967,1.70361,23.2513,1.02662,28.0679,0.42336,0.0018483,0.21168,0.0018483,0.21168,460.486,0,1.02816,0,0,5.16783,4.13967,1.028160,1,0,130.549,0,0,0,130.549,0
72.29,2.44407,0,0,5.4052,0.228841,2.73229,3.6288,61.308,0.276286,0,0,3.89306,0.203276,3.4135,0.66528,12.849,1,0.434414,2.73229,0,86.4846,4.52172,84.2607,0.84672,12.849,0.84672,3695.15,0,0.0036966,8.3294e-06,4.09895,1.70367,21.8924,1.09064,26.6043,0.42336,0.0018483,0.21168,0.0018483,0.21168,460.486,0,1.02816,0,0,5.12711,4.09895,1.028160,1,0,114.279,0,0,0,114.279,0
72.29,2.44415,0,0,9.84321,0.228841,7.17022,3.6288,61.308,0.276331,0,0,6.4188,0.203276,5.9392,0.66528,12.849,1,0.434429,7.17022,0,98.0019,4.52172,100.216,0.84672,12.849,0.84672,3695.15,0,0.0036966,8.33075e-06,6.122,1.54726,28.892,1.09064,35.4706,0.42336,0.0018483,0.21168,0.0018483,0.21168,460.486,0,1.02816,0,0,7.15016,6.122,1.028160,1,0,141.626,0,0,0,141.626,0
72.29,2.44423,0,0,6.29124,0.238472,3.60854,3.6288,61.308,0.276376,0,0,2.49971,0.204228,2.0191,0.66528,12.849,1,0.434444,3.60854,0,76.6194,4.42234,75.3712,0.84672,12.849,0.84672,3695.15,0,0.0036966,8.33211e-06,3.12782,1.54731,18.2961,1.06979,21.9014,0.42336,0.0018483,0.21168,0.0018483,0.21168,460.486,0,1.02816,0,0,4.15598,3.12782,1.028160,1,0,99.2917,0,0,0,99.2917,0
72.29,2.44432,0,0,5.95354,0.296258,3.21296,3.6288,61.308,0.27642,0,0,1.93119,0.209939,1.44483,0.66528,12.849,1,0.434459,3.21296,0,106.886,3.8261,105.839,0.84672,12.849,0.84672,3695.15,0,0.0036966,8.33346e-06,2.94666,1.54737,18.3735,0.944679,21.9228,0.42336,0.0018483,0.21168,0.0018483,0.21168,460.486,0,1.02816,0,0,3.97482,2.94666,1.028160,1,0,129.206,0,0,0,129.206,0
72.29,2.4444,0,0,6.40149,0.281374,3.67571,3.6288,61.308,0.276466,0,0,1.92153,0.20083,1.44423,0.66528,12.849,1,0.434474,3.67571,0,92.3884,3.51566,92.114,0.84672,12.849,0.84672,3695.15,0,0.0036966,8.33482e-06,2.38104,1.54742,12.0287,0.875341,15.0818,0.42336,0.0018483,0.21168,0.0018483,0.21168,460.486,0,1.02816,0,0,3.4092,2.38104,1.028160,1,0,108.64,0,0,0,108.64,0
72.29,2.52106,0,0,5.14727,0.270212,2.35599,3.6288,61.308,0.318694,0,0,1.95732,0.193999,1.44463,0.66528,12.849,1,0.4481,2.35599,0,98.9863,3.28282,97.6114,0.84672,12.849,0.84672,3695.15,0,0.0036966,9.60791e-06,1.89477,1.54747,8.77677,0.823337,11.3957,0.42336,0.0018483,0.21168,0.0018483,0.21168,460.486,0,1.02816,0,0,2.92293,1.89477,1.028160,1,0,110.452,0,0,0,110.452,0
72.29,2.52114,0,0,4.41623,0.270212,1.62488,3.6288,61.308,0.318733,0,0,1.7262,0.193999,1.21347,0.66528,12.849,1,0.448113,1.62488,0,56.3441,3.28282,54.2381,0.84672,12.849,0.84672,3695.15,0,0.0036966,9.60911e-06,1.52606,1.59702,7.38755,0.823337,9.68728,0.42336,0.0018483,0.21168,0.0018483,0.21168,460.486,0,1.02816,0,0,2.55422,1.52606,1.028160,1,0,65.1388,0,0,0,65.1388,0
72.29,2.52121,0,0,4.02831,0.280651,1.22645,3.6288,61.308,0.318773,0,0,1.57495,0.189046,1.06713,0.66528,12.849,1,0.448127,1.22645,0,50.8518,3.35644,48.2736,0.84672,12.849,0.84672,3695.15,0,0.0036966,9.61031e-06,1.28167,1.59707,6.6191,0.807074,8.69075,0.42336,0.0018483,0.21168,0.0018483,0.21168,460.486,0,1.02816,0,0,2.30983,1.28167,1.028160,1,0,58.0315,0,0,0,58.0315,0
72.29,2.52129,0,0,4.29568,0.317848,1.45654,3.6288,61.308,0.318813,0,0,1.37468,0.184593,0.871278,0.66528,12.849,1,0.44814,1.45654,0,53.3037,3.9542,50.3579,0.84672,12.849,0.84672,3695.15,0,0.0036966,9.61151e-06,1.56082,1.59711,6.98691,0.949881,9.19496,0.42336,0.0018483,0.21168,0.0018483,0.21168,460.486,0,1.02816,0,0,2.58898,1.56082,1.028160,1,0,60.4241,0,0,0,60.4241,0
72.29,2.76729,0,0,4.60115,0.275915,1.55795,3.6288,61.308,0.47723,0,0,1.10866,0.219194,0.412235,0.66528,12.849,1,0.491865,1.55795,0,69.6674,4.11904,66.6145,0.84672,12.849,0.84672,3695.15,0,0.0036966,1.43874e-05,1.9785,1.59716,5.79737,1.12036,8.25266,0.42336,0.0018483,0.21168,0.0018483,0.21168,460.486,0,1.02816,0,0,3.00666,1.9785,1.028160,1,0,75.2794,0,0,0,75.2794,0
72.29,2.76737,0,0,3.52822,0.275915,0.484934,3.6288,61.308,0.477274,0,0,1.11314,0.219194,0.416675,0.66528,12.849,1,0.49188,0.484934,0,49.0179,4.11904,44.8919,0.84672,12.849,0.84672,3695.15,0,0.0036966,1.43888e-05,0.826943,1.77385,4.08315,1.12036,5.56357,0.42336,0.0018483,0.21168,0.0018483,0.21168,460.486,0,1.02816,0,0,1.8551,0.826943,1.028160,1,0,50.8722,0,0,0,50.8722,0
72.29,2.76746,0,0,4.94204,0.275915,1.89867,3.6288,61.308,0.477319,0,0,1.09339,0.219194,0.396879,0.66528,12.849,1,0.491894,1.89867,0,70.4107,4.11904,67.6985,0.84672,12.849,0.84672,3695.15,0,0.0036966,1.43901e-05,0.809706,1.77391,8.57002,1.12036,10.0333,0.42336,0.0018483,0.21168,0.0018483,0.21168,460.486,0,1.02816,0,0,1.83787,0.809706,1.028160,1,0,78.1286,0,0,0,78.1286,0
72.29,2.76754,0,0,5.23032,0.283329,2.17945,3.6288,61.308,0.477363,0,0,1.74511,0.203065,1.06468,0.66528,12.849,1,0.491909,2.17945,0,142.405,4.10803,139.985,0.84672,12.849,0.84672,3695.15,0,0.0036966,1.43914e-05,1.4875,1.77396,8.01665,1.07326,10.2048,0.42336,0.0018483,0.21168,0.0018483,0.21168,460.486,0,1.02816,0,0,2.51566,1.4875,1.028160,1,0,151.254,0,0,0,151.254,0
71.8061,2.41681,0,0,2.62451,0.328762,0.36288,3.6288,61.308,0.524533,0,0,1.10504,0.216007,0.364499,0.66528,12.849,1,0.429569,0.36288,0,83.751,4.96366,78.7206,0.84672,12.849,0.84672,3695.15,0,0.0036966,1.58135e-05,0.608429,1.77401,5.63068,1.23543,6.77768,0.42336,0.0018483,0.21168,0.0018483,0.21168,460.486,0,0.768459,0,0,1.37689,0.608429,1.028160,1,0,85.8628,0,0,0,85.8628,0
72.29,2.41442,0,0,3.67063,0.327555,0.444723,3.6288,61.308,0.264878,0,0,1.69171,0.216007,1.21083,0.66528,12.849,1,0.432037,0.444723,0,67.2805,4.96366,62.3296,0.84672,12.849,0.84672,3695.15,0,0.0036966,7.98549e-06,1.3898,1.5324,11.2793,1.23543,12.966,0.42336,0.0018483,0.21168,0.0018483,0.21168,460.486,0,1.02816,0,0,2.41796,1.3898,1.028160,1,0,76.5064,0,0,0,76.5064,0
72.29,2.41695,0,0,5.05653,0.328762,2.31081,3.6288,61.308,0.264916,0,0,2.13808,0.216007,1.65716,0.66528,12.849,1,0.429594,2.31081,0,99.0377,4.96366,95.9553,0.84672,12.849,0.84672,3695.15,0,0.0036966,7.98664e-06,3.29656,1.53245,14.0606,1.23543,17.6542,0.42336,0.0018483,0.21168,0.0018483,0.21168,460.486,0,1.02816,0,0,4.32472,3.29656,1.028160,1,0,115.267,0,0,0,115.267,0
72.29,2.41702,0,0,3.70305,0.321215,0.964816,3.6288,61.308,0.264955,0,0,1.93935,0.194058,1.48034,0.66528,12.849,1,0.429607,0.964816,0,87.4048,4.04927,83.8908,0.84672,12.849,0.84672,3695.15,0,0.0036966,7.9878e-06,2.95891,1.53249,9.40611,1.20282,12.6947,0.42336,0.0018483,0.21168,0.0018483,0.21168,460.486,0,1.02816,0,0,3.98707,2.95891,1.028160,1,0,98.0658,0,0,0,98.0658,0
72.29,2.41709,0,0,5.47495,0.333979,2.72388,3.6288,61.308,0.264993,0,0,2.4106,0.187764,1.95785,0.66528,12.849,1,0.42962,2.72388,0,156.009,4.17444,154.129,0.84672,12.849,0.84672,3695.15,0,0.0036966,7.98895e-06,3.68723,1.53254,20.3864,1.1381,24.4681,0.42336,0.0018483,0.21168,0.0018483,0.21168,460.486,0,1.02816,0,0,4.71539,3.68723,1.028160,1,0,180.555,0,0,0,180.555,0
72.29,2.50548,0,0,4.72815,0.339588,1.88308,3.6288,61.308,0.317041,0,0,1.25391,0.18671,0.750164,0.66528,12.849,1,0.44533,1.88308,0,120.149,4.28547,117.301,0.84672,12.849,0.84672,3695.15,0,0.0036966,9.55809e-06,2.33299,1.53258,10.693,1.11438,13.4441,0.42336,0.0018483,0.21168,0.0018483,0.21168,460.486,0,1.02816,0,0,3.36115,2.33299,1.028160,1,0,131.495,0,0,0,131.495,0
72.29,2.50556,0,0,4.33782,0.331242,1.50102,3.6288,61.308,0.317081,0,0,1.05592,0.192189,0.54665,0.66528,12.849,1,0.445344,1.50102,0,107.321,4.39344,103.983,0.84672,12.849,0.84672,3695.15,0,0.0036966,9.55929e-06,1.85718,1.5923,9.25871,1.1343,11.5739,0.42336,0.0018483,0.21168,0.0018483,0.21168,460.486,0,1.02816,0,0,2.88534,1.85718,1.028160,1,0,116.104,0,0,0,116.104,0
72.29,2.50563,0,0,3.89342,0.281161,1.10663,3.6288,61.308,0.317121,0,0,0.921482,0.225064,0.379297,0.66528,12.849,1,0.445357,1.10663,0,106.173,5.04126,101.793,0.84672,12.849,0.84672,3695.15,0,0.0036966,9.56049e-06,1.35132,1.59235,8.18312,1.25379,9.87299,0.42336,0.0018483,0.21168,0.0018483,0.21168,460.486,0,1.02816,0,0,2.37948,1.35132,1.028160,1,0,112.045,0,0,0,112.045,0
72.29,2.5057,0,0,3.32454,0.279847,0.538991,3.6288,61.308,0.317161,0,0,1.01547,0.210022,0.488285,0.66528,12.849,1,0.44537,0.538991,0,67.79,4.5981,63.2856,0.84672,12.849,0.84672,3695.15,0,0.0036966,9.56169e-06,1.42944,1.5924,8.59939,1.20174,10.4195,0.42336,0.0018483,0.21168,0.0018483,0.21168,460.486,0,1.02816,0,0,2.4576,1.42944,1.028160,1,0,74.1933,0,0,0,74.1933,0
72.29,2.47124,0,0,3.29667,0.262011,0.563416,3.6288,61.308,0.296998,0,0,1.03543,0.15458,0.583857,0.66528,12.849,1,0.439245,0.563416,0,66.7306,3.30576,63.549,0.84672,12.849,0.84672,3695.15,0,0.0036966,8.95383e-06,1.34639,1.59245,8.41908,1.03405,10.3239,0.42336,0.0018483,0.21168,0.0018483,0.21168,460.486,0,1.02816,0,0,2.37455,1.34639,1.028160,1,0,74.4567,0,0,0,74.4567,0
72.29,2.47132,0,0,3.29174,0.22252,0.597909,3.6288,61.308,0.297037,0,0,0.978178,0.157642,0.523498,0.66528,12.849,1,0.439258,0.597909,0,65.91,3.1619,62.9067,0.84672,12.849,0.84672,3695.15,0,0.0036966,8.95502e-06,1.38536,1.56926,6.77843,1.06726,8.66578,0.42336,0.0018483,0.21168,0.0018483,0.21168,460.486,0,1.02816,0,0,2.41352,1.38536,1.028160,1,0,72.096,0,0,0,72.096,0
72.1106,2.47139,0,0,2.84084,0.18595,0.36288,3.6288,61.308,0.297077,0,0,0.974082,0.197111,0.479895,0.66528,12.849,1,0.439271,0.36288,0,53.2266,3.67154,49.4787,0.84672,12.849,0.84672,3695.15,0,0.0036966,8.9562e-06,1.18494,1.56931,6.07023,1.20983,7.61464,0.42336,0.0018483,0.21168,0.0018483,0.21168,460.486,0,1.02816,0,0,2.2131,1.18494,1.028160,1,0,57.5732,0,0,0,57.5732,0
71.8171,2.47053,0,0,2.72561,0.185697,0.36288,3.6288,61.308,0.297116,0,0,0.962876,0.197111,0.468649,0.66528,12.849,1,0.440211,0.36288,0,59.7649,3.67154,56.016,0.84672,12.849,0.84672,3695.15,0,0.0036966,8.95738e-06,1.34488,1.56935,6.10419,1.20983,7.80857,0.42336,0.0018483,0.21168,0.0018483,0.21168,460.486,0,1.02816,0,0,2.37304,1.34488,1.028160,1,0,64.2932,0,0,0,64.2932,0
70.8698,2.58621,0,0,2.21065,0.208846,0.36288,3.6288,61.308,0.368807,0,0,0.691934,0.190672,0.132456,0.66528,12.849,1,0.462706,0.36288,0,37.8226,4.05154,33.6713,0.84672,12.849,0.84672,3695.15,0,0.0036966,1.11187e-05,0.655214,1.5694,4.81499,1.02213,6.01746,0.42336,0.0018483,0.21168,0.0018483,0.21168,460.486,0,1.02816,0,0,1.68337,0.655214,1.028160,1,0,39.8212,0,0,0,39.8212,0
69.7683,2.58105,0,0,2.01939,0.176992,0.36288,3.6288,61.308,0.368848,0,0,0.686094,0.194321,0.122925,0.66528,12.849,1,0.467955,0.36288,0,33.8044,4.16524,29.5341,0.84672,12.849,0.84672,3695.15,0,0.0036966,1.112e-05,0.6548,1.65068,4.59936,0.986603,5.91823,0.42336,0.0018483,0.21168,0.0018483,0.21168,460.486,0,1.02816,0,0,1.68296,0.6548,1.028160,1,0,35.5753,0,0,0,35.5753,0
68.6344,2.57488,0,0,1.97935,0.175496,0.36288,3.6288,61.308,0.36889,0,0,0.742046,0.194321,0.178836,0.66528,12.849,1,0.474208,0.36288,0,32.3836,4.16524,28.107,0.84672,12.849,0.84672,3695.15,0,0.0036966,1.11212e-05,0.62303,1.65073,4.95594,0.986603,6.24309,0.42336,0.0018483,0.21168,0.0018483,0.21168,460.486,0,1.02816,0,0,1.65119,0.62303,1.028160,1,0,34.5289,0,0,0,34.5289,0
67.3766,2.56836,0,0,1.84742,0.173957,0.36288,3.6288,61.308,0.368931,0,0,0.678128,0.194321,0.114876,0.66528,12.849,1,0.480821,0.36288,0,30.2726,4.16524,25.9894,0.84672,12.849,0.84672,3695.15,0,0.0036966,1.11225e-05,0.504541,1.65078,4.38856,0.986603,5.55727,0.42336,0.0018483,0.21168,0.0018483,0.21168,460.486,0,1.02816,0,0,1.5327,0.504541,1.028160,1,0,31.6615,0,0,0,31.6615,0
66.0842,2.5609,0,0,1.76644,0.135051,0.36288,3.6288,61.308,0.370156,0,0,0.657884,0.211957,0.0757709,0.66528,12.849,1,0.488374,0.36288,0,30.4123,4.45024,25.8365,0.84672,12.849,0.84672,3695.15,0,0.0036966,1.11594e-05,0.30119,1.65083,3.84558,1.0196,4.77799,0.42336,0.0018483,0.21168,0.0018483,0.21168,460.486,0,1.02698,0,0,1.32817,0.30119,1.028160,1,0,30.6903,0,0,0,30.6903,0
64.6859,2.53011,0,0,1.61356,0.118947,0.36288,3.6288,61.2676,0.468741,0,0,0.647335,0.219012,0,0.66528,12.849,1,0.491939,0.36288,0,30.121,4.56424,25.4277,0.84672,12.849,0.84672,3695.15,0,0.0036966,1.41315e-05,0.30119,1.65088,3.48932,1.03279,4.40858,0.42336,0.0018483,0.21168,0.0018483,0.21168,460.486,0,0.967818,0,0,1.26901,0.30119,1.028160,1,0,29.8363,0,0,0,29.8363,0
63.1486,2.52131,0,0,1.46455,0.117623,0.36288,3.6288,61.084,0.571968,0,0,0.607302,0.218956,0,0.66528,12.849,1,0.500826,0.36288,0,26.8404,4.56424,22.1382,0.84672,12.849,0.84672,3695.15,0,0.0036966,1.72549e-05,0.261274,1.67624,3.37544,1.03279,4.28015,0.42336,0.0018483,0.21168,0.0018483,0.21168,460.486,0,0.864631,0,0,1.1259,0.261274,1.028160,1,0,26.4184,0,0,0,26.4184,0
61.5788,2.51125,0,0,1.38948,0.0851562,0.36288,3.6288,60.7906,0.567604,0,0,0.569659,0.295376,0,0.66528,12.849,1,0.510971,0.36288,0,24.1428,5.55229,18.4424,0.84672,12.849,0.84672,3695.15,0,0.0036966,1.71748e-05,0.261274,1.67629,3.19895,1.39345,3.74305,0.42336,0.0018483,0.21168,0.0018483,0.21168,460.486,0,0.869037,0,0,1.13031,0.261274,1.028160,1,0,22.1854,0,0,0,22.1854,0
59.9192,2.50055,0,0,1.28851,0.0846084,0.36288,3.6288,60.4928,0.563897,0,0,0.559836,0.293797,0,0.66528,12.849,1,0.521764,0.36288,0,23.4704,5.59931,17.7122,0.84672,12.849,0.84672,3695.15,0,0.0036966,1.71449e-05,0.261274,1.67634,3.09287,1.3996,3.63086,0.42336,0.0018483,0.21168,0.0018483,0.21168,460.486,0,0.872787,0,0,1.13406,0.261274,1.028160,1,0,21.3431,0,0,0,21.3431,0
58.2572,2.5468,0,0,1.33237,0.0847458,0.36288,3.6288,60.2425,0.555346,0,0,0.595763,0.290669,0,0.66528,12.849,1,0.546133,0.36288,0,23.4457,5.71683,17.5456,0.84672,12.849,0.84672,3695.15,0,0.0036966,1.69681e-05,0.261274,1.67639,3.05611,1.415,3.57876,0.42336,0.0018483,0.21168,0.0018483,0.21168,460.486,0,0.916488,0,0,1.17776,0.261274,1.028160,1,0,21.1244,0,0,0,21.1244,0
56.4957,2.53411,0,0,1.21886,0.0833977,0.36288,3.6288,59.9347,0.577524,0,0,0.559948,0.290206,0,0.66528,12.849,1,0.558915,0.36288,0,22.0441,5.71683,16.1312,0.84672,12.849,0.84672,3695.15,0,0.0036966,1.7719e-05,0.261274,1.71678,3.1107,1.415,3.67375,0.42336,0.0018483,0.21168,0.0018483,0.21168,460.486,0,0.894352,0,0,1.15563,0.261274,1.028160,1,0,19.805,0,0,0,19.805,0
54.6344,2.51999,0,0,1.10361,0.081969,0.36288,3.6288,59.5186,0.661494,0,0,0.535004,0.289638,0,0.66528,12.849,1,0.573129,0.36288,0,20.7615,5.71683,14.8344,0.84672,12.849,0.84672,3695.15,0,0.0036966,2.03995e-05,0.227405,1.71683,2.89229,1.415,3.42152,0.42336,0.0018483,0.21168,0.0018483,0.21168,460.486,0,0.810423,0,0,1.03783,0.227405,1.028160,1,0,18.2559,0,0,0,18.2559,0
52.6646,2.50425,0,0,0.96514,0.067815,0.36288,3.6288,59.0752,0.6781,0,0,0.531211,0.296552,0,0.66528,12.849,1,0.588954,0.36288,0,19.7693,5.94115,13.602,0.84672,12.849,0.84672,3695.15,0,0.0036966,2.10578e-05,0.227405,1.71689,2.92321,1.45981,3.40767,0.42336,0.0018483,0.21168,0.0018483,0.21168,460.486,0,0.79386,0,0,1.02127,0.227405,1.028160,1,0,17.0097,0,0,0,17.0097,0
50.3554,2.65269,0,0,0.78942,0.0831043,0.36288,3.6288,58.195,1.0361,0,0,0.471761,0.315879,0,0.66528,12.849,1,0.647197,0.36288,0,12.8486,6.45063,6.11368,0.84672,12.849,0.84672,3695.15,0,0.0036966,3.24167e-05,0.227405,1.71694,2.52857,1.49878,2.97409,0.42336,0.0018483,0.21168,0.0018483,0.21168,460.486,0,0.562628,0,0,0.790033,0.227405,1.028160,1,0,9.08778,0,0,0,9.08778,0
47.8905,2.62912,0,0,0.609787,0.0826356,0.36288,3.6288,56.9833,1.24323,0,0,0.351044,0.319514,0,0.66528,12.849,1,0.670862,0.36288,0,13.4966,6.55252,6.63612,0.84672,12.849,0.84672,3695.15,0,0.0036966,3.94856e-05,0.227405,1.85362,2.0043,1.52998,2.5553,0.42336,0.0018483,0.21168,0.0018483,0.21168,460.486,0,0.355539,0,0,0.582943,0.227405,1.028160,1,0,9.19143,0,0,0,9.19143,0
45.5674,2.60197,0,0,0.722187,0.080476,0.36288,3.6288,56.2758,0.926329,0,0,0.53586,0.317017,0,0.66528,12.849,1,0.698106,0.36288,0,11.5844,6.55252,4.69668,0.84672,12.849,0.84672,3695.15,0,0.0036966,3.00463e-05,0.204422,1.85367,2.71041,1.52998,3.2385,0.42336,0.0018483,0.21168,0.0018483,0.21168,460.486,0,0.672496,0,0,0.876919,0.204422,1.028160,1,0,7.93517,0,0,0,7.93517,0
43.1522,2.57428,0,0,0.603385,0.081407,0.36288,3.6288,55.2621,1.11143,0,0,0.39325,0.295533,0,0.66528,12.849,1,0.725889,0.36288,0,10.5714,5.99799,4.21039,0.84672,12.849,0.84672,3695.15,0,0.0036966,3.65034e-05,0.204422,1.85373,2.80811,1.31412,3.55211,0.42336,0.0018483,0.21168,0.0018483,0.21168,460.486,0,0.487434,0,0,0.691857,0.204422,1.028160,1,0,7.7625,0,0,0,7.7625,0
40.7837,2.54304,0,0,0.616562,0.0791839,0.36288,3.6288,54.3888,1.04786,0,0,0.491813,0.317159,0,0.66528,12.4406,1,0.757216,0.36288,0,9.12444,5.93311,3.20544,0.84672,12.4406,0.84672,3695.15,0,0.0036966,3.5047e-05,0.204422,1.85378,3.54905,1.221,4.38622,0.42336,0.0018483,0.21168,0.0018483,0.21168,460.486,0,0.551051,0,0,0.755473,0.204422,1.028160,1,0,7.59166,0,0,0,7.59166,0
38.5133,2.45177,0,0,0.657094,0.112864,0.36288,3.6288,53.5805,0.998525,0,0,0.508221,0.318058,0,0.66528,11.8428,1,0.747882,0.36288,0,9.14181,6.14912,3.20544,0.84672,11.8428,0.84672,3695.15,0,0.0036966,3.39329e-05,0.204422,1.85384,2.62742,1.26746,3.41819,0.42336,0.0018483,0.21168,0.0018483,0.21168,460.486,0,0.523504,0,0,0.727926,0.204422,1.028160,1,0,6.62363,0,0,0,6.62363,0
36.6159,2.44722,0,0,1.02265,0.109905,0.36288,3.6288,53.6129,0.493931,0,0,0.842642,0.316255,0,0.66528,12.849,1,0.75252,0.36288,0,14.861,6.14912,7.31603,0.84672,12.849,0.84672,3695.15,0,0.0036966,1.70385e-05,0.225858,1.77558,4.68672,1.26746,5.42068,0.42336,0.0018483,0.21168,0.0018483,0.21168,460.486,0,1.02816,0,0,1.25402,0.225858,1.028160,1,0,12.7367,0,0,0,12.7367,0
34.7175,2.36865,0,0,0.940654,0.107478,0.36288,3.6288,53.4722,0.599441,0,0,0.774999,0.316337,0,0.66528,12.849,1,0.831189,0.36288,0,26.9258,6.14912,20.3084,0.84672,12.849,0.84672,3695.15,0,0.0036966,2.06656e-05,0.216518,1.77563,3.96143,1.26746,4.6861,0.42336,0.0018483,0.21168,0.0018483,0.21168,460.486,0,0.922691,0,0,1.13921,0.216518,1.028160,1,0,24.9945,0,0,0,24.9945,0
32.7446,2.3532,0,0,0.921076,0.177977,0.36288,3.6288,52.8463,0.903206,0,0,0.55611,0.278793,0,0.66528,12.849,1,0.84672,0.36288,0,18.6191,5.7831,12.3522,0.84672,12.849,0.84672,3695.15,0,0.0036966,3.12199e-05,0.216518,1.77569,2.80162,1.26097,3.53283,0.42336,0.0018483,0.21168,0.0018483,0.21168,460.486,0,0.618961,0,0,0.835479,0.216518,1.028160,1,0,15.885,0,0,0,15.885,0
30.52,2.27063,0,0,0.587745,0.178766,0.36288,3.6288,51.7902,1.15321,0,0,0.340162,0.243014,0,0.66528,12.849,1,0.84672,0.36288,0,17.3264,4.04219,12.8004,0.84672,12.849,0.84672,3695.15,0,0.0036966,4.03335e-05,0.216518,1.77574,2.91512,1.01771,3.88962,0.42336,0.0018483,0.21168,0.0018483,0.21168,460.486,0,0.298956,0,0,0.515474,0.216518,1.028160,1,0,16.69,0,0,0,16.69,0
28.3987,2.27071,0,0,0.686035,0.17376,0.36288,3.6288,51.7397,0.47661,0,0,0.667056,0.240959,0,0.66528,12.849,1,0.84672,0.36288,0,20.1679,4.04219,15.6419,0.84672,12.849,0.84672,3695.15,0,0.0036966,1.70093e-05,0.216518,1.70619,4.62834,1.01771,5.53332,0.42336,0.0018483,0.21168,0.0018483,0.21168,460.486,0,0.975621,0,0,1.19214,0.216518,1.028160,1,0,21.1752,0,0,0,21.1752,0
27.5091,2.18869,0,0,1.83086,0.168856,0.36288,3.6288,52.6262,0.506217,0,0,1.63356,0.24086,0,0.66528,12.849,1,0.84672,0.36288,0,59.2703,4.04219,54.7443,0.84672,12.849,0.84672,3695.15,0,0.0036966,1.80836e-05,1.20237,1.70624,8.73811,1.01771,10.629,0.42336,0.0018483,0.21168,0.0018483,0.21168,460.486,0,1.02816,0,0,2.23053,1.20237,1.028160,1,0,65.3733,0,0,0,65.3733,0
25.8266,2.18883,0,0,1.06504,0.195921,0.36288,3.6288,52.6058,0.80293,0,0,0.994931,0.212439,0,0.66528,12.849,1,0.84672,0.36288,0,33.0448,3.56665,28.9943,0.84672,12.849,0.84672,3695.15,0,0.0036966,2.82e-05,0.292723,1.75434,5.26764,0.852875,6.4618,0.42336,0.0018483,0.21168,0.0018483,0.21168,460.486,0,0.731436,0,0,1.02416,0.292723,1.028160,1,0,35.4561,0,0,0,35.4561,0
24.724,1.95416,0,0,1.39407,0.17957,0.36288,3.6288,52.6683,0.360336,0,0,0.634318,0.211399,0,0.66528,12.849,1,0.84672,0.36288,0,50.0913,4.28833,45.3191,0.84672,12.849,0.84672,3695.15,0,0.0036966,1.26604e-05,0.348278,1.75436,6.48098,1.03728,7.54633,0.42336,0.0018483,0.21168,0.0018483,0.21168,460.486,0,1.02816,0,0,1.37644,0.348278,1.028160,1,0,52.8654,0,0,0,52.8654,0
23.1549,1.80841,0,0,0.795692,0.193514,0.36288,3.6288,52.4306,0.533946,0,0,0.510806,0.214639,0,0.66528,12.849,1,0.84672,0.36288,0,39.7029,4.16136,35.0577,0.84672,12.849,0.84672,3695.15,0,0.0036966,1.87379e-05,0.292723,1.59767,5.66315,1.01475,6.53877,0.42336,0.0018483,0.21168,0.0018483,0.21168,460.486,0,1.00043,0,0,1.29315,0.292723,1.028160,1,0,41.5964,0,0,0,41.5964,0
21.7854,1.80852,0,0,0.99106,0.189171,0.36288,3.6288,52.2719,0.518766,0,0,0.574356,0.21423,0,0.66528,12.849,1,0.84672,0.36288,0,45.8031,4.16136,41.1579,0.84672,12.849,0.84672,3695.15,0,0.0036966,1.82877e-05,0.412474,1.68307,6.0371,1.01475,7.11787,0.42336,0.0018483,0.21168,0.0018483,0.21168,460.486,0,1.01561,0,0,1.42808,0.412474,1.028160,1,0,48.2758,0,0,0,48.2758,0
21.8502,1.80864,0,0,2.42202,0.185724,0.36288,3.6288,52.3235,0.506213,0,0,0.771709,0.213957,0,0.66528,12.849,1,0.84672,0.36288,0,41.3749,4.16136,36.7297,0.84672,12.849,0.84672,3695.15,0,0.0036966,1.78993e-05,0.698224,1.68309,7.86356,1.01475,9.2301,0.42336,0.0018483,0.21168,0.0018483,0.21168,460.486,0,1.02816,0,0,1.72638,0.698224,1.028160,1,0,45.9598,0,0,0,45.9598,0
26.39,1.80876,0,0,6.87872,0.167241,0.36288,3.6288,54.3082,0.506213,0,0,2.7056,0.214651,0,0.66528,12.849,1,0.84672,0.36288,0,89.2453,4.46217,84.2993,0.84672,12.849,0.84672,3695.15,0,0.0036966,1.78817e-05,3.40006,1.68311,17.8592,1.26022,21.6822,0.42336,0.0018483,0.21168,0.0018483,0.21168,460.486,0,1.02816,0,0,4.42822,3.40006,1.028160,1,0,105.981,0,0,0,105.981,0
32.117,1.89923,0,0,8.16687,0.177762,0.36288,3.6288,57.0151,0.548461,0,0,3.47653,0.221181,0,0.66528,12.849,1,0.84672,0.36288,0,197.23,4.52162,192.224,0.84672,12.849,0.84672,3695.15,0,0.0036966,1.86661e-05,4.66487,1.68314,24.6593,1.11259,29.8947,0.42336,0.0018483,0.21168,0.0018483,0.21168,460.486,0,1.02816,0,0,5.69303,4.66487,1.028160,1,0,222.119,0,0,0,222.119,0
38.5516,1.99157,0,0,8.98102,0.192001,0.36288,3.6288,59.4296,0.506209,0,0,3.14583,0.225141,0,0.66528,12.849,1,0.796764,0.36288,0,176.639,4.52162,171.683,0.84672,12.849,0.84672,3695.15,0,0.0036966,1.64102e-05,4.27448,1.73273,20.1451,1.11259,25.0397,0.42336,0.0018483,0.21168,0.0018483,0.21168,460.486,0,1.02816,0,0,5.30264,4.27448,1.028160,1,0,196.723,0,0,0,196.723,0
44.5066,2.23044,0,0,8.75586,0.207531,0.36288,3.6288,61.308,0.32083,0,0,3.94925,0.228673,1.5213,0.66528,12.849,1,0.743392,0.36288,0,207.67,4.52162,202.768,0.84672,12.849,0.84672,3695.15,0,0.0036966,9.97804e-06,5.78514,1.70802,24.7027,1.11259,31.0833,0.42336,0.0018483,0.21168,0.0018483,0.21168,460.486,0,1.02816,0,0,6.8133,5.78514,1.028160,1,0,235.373,0,0,0,235.373,0
47.0423,2.30769,0,0,5.45443,0.248187,0.36288,3.6288,61.308,0.320864,0,0,2.24581,0.222496,1.70245,0.66528,12.849,1,0.666228,0.36288,0,116.2,4.61656,111.28,0.84672,12.849,0.84672,3695.15,0,0.0036966,9.67334e-06,3.09568,1.59955,14.7732,1.27815,18.1903,0.42336,0.0018483,0.21168,0.0018483,0.21168,460.486,0,1.02816,0,0,4.12384,3.09568,1.028160,1,0,131.173,0,0,0,131.173,0
52.493,2.5638,0,0,8.6502,0.272809,0.36288,3.6288,61.308,0.479514,0,0,3.08793,0.175778,2.43263,0.66528,12.849,1,0.70027,0.36288,0,211.188,3.93361,206.917,0.84672,12.849,0.84672,3695.15,0,0.0036966,1.44563e-05,4.52901,1.59959,22.116,0.881862,27.3627,0.42336,0.0018483,0.21168,0.0018483,0.21168,460.486,0,1.02816,0,0,5.55717,4.52901,1.028160,1,0,236.713,0,0,0,236.713,0
56.948,2.62229,0,0,7.72934,0.289117,0.36288,3.6288,61.308,0.479552,0,0,2.54658,0.175778,1.89125,0.66528,12.849,1,0.641873,0.36288,0,177.563,3.93361,173.351,0.84672,12.849,0.84672,3695.15,0,0.0036966,1.44574e-05,3.71608,1.77655,18.3765,0.881862,22.9873,0.42336,0.0018483,0.21168,0.0018483,0.21168,460.486,0,1.02816,0,0,4.74424,3.71608,1.028160,1,0,198.229,0,0,0,198.229,0
65.14,2.66333,0,0,11.5182,0.300103,0.36288,3.6288,61.308,0.479589,0,0,3.89636,0.181311,3.23546,0.66528,12.849,1,0.600919,0.36288,0,246.875,4.06466,242.572,0.84672,12.849,0.84672,3695.15,0,0.0036966,1.44585e-05,6.1725,1.77659,30.7163,0.922858,37.7425,0.42336,0.0018483,0.21168,0.0018483,0.21168,460.486,0,1.02816,0,0,7.20066,6.1725,1.028160,1,0,283.55,0,0,0,283.55,0
72.29,2.72653,0,0,11.743,0.310019,1.55639,3.6288,61.308,0.479627,0,0,4.72452,0.199582,4.04532,0.66528,12.849,1,0.537813,1.55639,0,234.615,4.63619,230.997,0.84672,12.849,0.84672,3695.15,0,0.0036966,1.44597e-05,7.79354,1.77663,40.5937,1.07465,49.0892,0.42336,0.0018483,0.21168,0.0018483,0.21168,460.486,0,1.02816,0,0,8.8217,7.79354,1.028160,1,0,284.132,0,0,0,284.132,0
72.29,2.42043,0,0,6.59364,0.324105,3.84911,3.6288,61.308,0.266777,0,0,2.77905,0.156379,2.35589,0.66528,12.849,1,0.430213,3.84911,0,98.8675,3.64949,98.6369,0.84672,12.849,0.84672,3695.15,0,0.0036966,8.04274e-06,5.47709,1.77668,20.039,0.908434,26.3843,0.42336,0.0018483,0.21168,0.0018483,0.21168,460.486,0,1.02816,0,0,6.50525,5.47709,1.028160,1,0,127.377,0,0,0,127.377,0
72.29,2.42049,0,0,5.36477,0.324105,2.62017,3.6288,61.308,0.266809,0,0,2.49793,0.156379,2.07474,0.66528,12.849,1,0.430223,2.62017,0,85.7451,3.64949,84.2856,0.84672,12.849,0.84672,3695.15,0,0.0036966,8.04371e-06,4.25843,1.5347,15.4777,0.908434,20.3624,0.42336,0.0018483,0.21168,0.0018483,0.21168,460.486,0,1.02816,0,0,5.28659,4.25843,1.028160,1,0,106.723,0,0,0,106.723,0
72.29,2.42055,0,0,7.25997,0.324105,4.51532,3.6288,61.308,0.266841,0,0,3.4806,0.156379,3.05738,0.66528,12.849,1,0.430234,4.51532,0,134.654,3.64949,135.089,0.84672,12.849,0.84672,3695.15,0,0.0036966,8.04468e-06,6.77551,1.53473,19.4511,0.908434,26.8529,0.42336,0.0018483,0.21168,0.0018483,0.21168,460.486,0,1.02816,0,0,7.80367,6.77551,1.028160,1,0,164.999,0,0,0,164.999,0
72.29,2.42061,0,0,9.0625,0.320007,6.32188,3.6288,61.308,0.266874,0,0,3.81694,0.122016,3.42805,0.66528,12.849,1,0.430245,6.32188,0,176.415,3.11155,179.195,0.84672,12.849,0.84672,3695.15,0,0.0036966,8.04565e-06,8.154,1.53477,25.8516,0.816304,34.724,0.42336,0.0018483,0.21168,0.0018483,0.21168,460.486,0,1.02816,0,0,9.18216,8.154,1.028160,1,0,217.347,0,0,0,217.347,0
72.29,2.42067,0,0,9.25698,0.292214,6.5441,3.6288,61.308,0.266906,0,0,2.71835,0.168597,2.28285,0.66528,12.849,1,0.430255,6.5441,0,148.805,3.51114,151.408,0.84672,12.849,0.84672,3695.15,0,0.0036966,8.04661e-06,5.34861,1.53481,17.2439,0.87701,23.2503,0.42336,0.0018483,0.21168,0.0018483,0.21168,460.486,0,1.02816,0,0,6.37677,5.34861,1.028160,1,0,176.941,0,0,0,176.941,0
72.29,2.50918,0,0,7.26002,0.271882,4.47896,3.6288,61.308,0.319024,0,0,2.17756,0.207828,1.6507,0.66528,12.849,1,0.445987,4.47896,0,142.797,3.87807,142.952,0.84672,12.849,0.84672,3695.15,0,0.0036966,9.61787e-06,2.86722,1.53485,13.3232,0.934056,16.7912,0.42336,0.0018483,0.21168,0.0018483,0.21168,460.486,0,1.02816,0,0,3.89538,2.86722,1.028160,1,0,161.394,0,0,0,161.394,0
72.29,2.50924,0,0,5.77095,0.271882,2.98983,3.6288,61.308,0.319058,0,0,1.86081,0.207828,1.33393,0.66528,12.849,1,0.445998,2.98983,0,99.0887,3.87807,97.7545,0.84672,12.849,0.84672,3695.15,0,0.0036966,9.61888e-06,2.49499,1.59465,11.3375,0.934056,14.4931,0.42336,0.0018483,0.21168,0.0018483,0.21168,460.486,0,1.02816,0,0,3.52315,2.49499,1.028160,1,0,113.581,0,0,0,113.581,0
72.29,2.5093,0,0,4.84524,0.270037,2.06591,3.6288,61.308,0.319091,0,0,1.59684,0.168533,1.10921,0.66528,12.849,1,0.446009,2.06591,0,77.9829,3.24277,76.36,0.84672,12.849,0.84672,3695.15,0,0.0036966,9.61989e-06,2.14841,1.59469,9.86394,0.936808,12.6702,0.42336,0.0018483,0.21168,0.0018483,0.21168,460.486,0,1.02816,0,0,3.17657,2.14841,1.028160,1,0,90.1395,0,0,0,90.1395,0
72.29,2.50936,0,0,4.66738,0.238518,1.9195,3.6288,61.308,0.319125,0,0,1.48094,0.196127,0.965687,0.66528,12.849,1,0.44602,1.9195,0,74.876,3.59209,72.7574,0.84672,12.849,0.84672,3695.15,0,0.0036966,9.6209e-06,2.05605,1.59473,9.45112,1.0572,12.0447,0.42336,0.0018483,0.21168,0.0018483,0.21168,460.486,0,1.02816,0,0,3.08421,2.05605,1.028160,1,0,85.7677,0,0,0,85.7677,0
72.29,2.47484,0,0,5.07742,0.225563,2.37702,3.6288,61.308,0.298926,0,0,1.44928,0.235337,0.915019,0.66528,12.849,1,0.439884,2.37702,0,86.972,4.20882,84.7003,0.84672,12.849,0.84672,3695.15,0,0.0036966,9.01196e-06,2.07376,1.59477,10.9882,1.10593,13.5508,0.42336,0.0018483,0.21168,0.0018483,0.21168,460.486,0,1.02816,0,0,3.10192,2.07376,1.028160,1,0,99.1661,0,0,0,99.1661,0
72.29,2.4749,0,0,4.52947,0.225563,1.829,3.6288,61.308,0.298959,0,0,1.28688,0.235337,0.752589,0.66528,12.849,1,0.439895,1.829,0,74.7006,4.20882,71.8809,0.84672,12.849,0.84672,3695.15,0,0.0036966,9.01295e-06,1.67599,1.57154,9.54202,1.10593,11.6836,0.42336,0.0018483,0.21168,0.0018483,0.21168,460.486,0,1.02816,0,0,2.70415,1.67599,1.028160,1,0,84.3171,0,0,0,84.3171,0
72.29,2.47496,0,0,4.1736,0.20828,1.49036,3.6288,61.308,0.298992,0,0,1.17933,0.212581,0.667752,0.66528,12.849,1,0.439906,1.49036,0,69.6747,3.73698,66.9882,0.84672,12.849,0.84672,3695.15,0,0.0036966,9.01395e-06,1.5116,1.57158,8.59317,0.986261,10.6901,0.42336,0.0018483,0.21168,0.0018483,0.21168,460.486,0,1.02816,0,0,2.53976,1.5116,1.028160,1,0,78.346,0,0,0,78.346,0
72.29,2.47502,0,0,3.96831,0.195317,1.29797,3.6288,61.308,0.299025,0,0,1.1273,0.195515,0.632764,0.66528,12.849,1,0.439917,1.29797,0,64.3611,3.3831,61.836,0.84672,12.849,0.84672,3695.15,0,0.0036966,9.01494e-06,1.74188,1.57162,8.58868,0.896507,11.0057,0.42336,0.0018483,0.21168,0.0018483,0.21168,460.486,0,1.02816,0,0,2.77004,1.74188,1.028160,1,0,73.4745,0,0,0,73.4745,0
72.29,2.59249,0,0,4.0679,0.164315,1.31109,3.6288,61.308,0.370813,0,0,1.24867,0.237301,0.640557,0.66528,12.849,1,0.460796,1.31109,0,61.4292,4.09662,58.1829,0.84672,12.849,0.84672,3695.15,0,0.0036966,1.11792e-05,1.79431,1.57166,8.16359,1.02338,10.5062,0.42336,0.0018483,0.21168,0.0018483,0.21168,460.486,0,1.02816,0,0,2.82247,1.79431,1.028160,1,0,69.3296,0,0,0,69.3296,0
72.29,2.59256,0,0,3.87662,0.159148,1.12491,3.6288,61.308,0.370847,0,0,1.07877,0.244265,0.463661,0.66528,12.849,1,0.460808,1.12491,0,55.863,4.21554,52.3115,0.84672,12.849,0.84672,3695.15,0,0.0036966,1.11802e-05,1.41315,1.65305,7.33199,1.04453,9.35365,0.42336,0.0018483,0.21168,0.0018483,0.21168,460.486,0,1.02816,0,0,2.44131,1.41315,1.028160,1,0,62.1288,0,0,0,62.1288,0
72.29,2.59262,0,0,3.51425,0.123158,0.79847,3.6288,61.308,0.370882,0,0,1.02984,0.267874,0.391081,0.66528,12.849,1,0.460819,0.79847,0,49.2566,4.48329,45.1109,0.84672,12.849,0.84672,3695.15,0,0.0036966,1.11813e-05,1.33339,1.6531,7.14156,1.11294,9.0151,0.42336,0.0018483,0.21168,0.0018483,0.21168,460.486,0,1.02816,0,0,2.36155,1.33339,1.028160,1,0,54.5171,0,0,0,54.5171,0
72.29,2.59269,0,0,3.32086,0.108761,0.619413,3.6288,61.308,0.370917,0,0,0.983768,0.277317,0.335534,0.66528,12.849,1,0.460831,0.619413,0,47.6729,4.59039,43.2411,0.84672,12.849,0.84672,3695.15,0,0.0036966,1.11823e-05,1.17345,1.65314,7.12169,1.1403,8.80796,0.42336,0.0018483,0.21168,0.0018483,0.21168,460.486,0,1.02816,0,0,2.20161,1.17345,1.028160,1,0,52.3846,0,0,0,52.3846,0
72.0633,2.59275,0,0,2.83519,0.106246,0.36288,3.6288,61.308,0.370951,0,0,0.885825,0.274048,0.240825,0.66528,12.849,1,0.460842,0.36288,0,45.9728,4.85919,41.0157,0.84672,12.849,0.84672,3695.15,0,0.0036966,1.11834e-05,1.13956,1.65318,6.00268,1.19565,7.59976,0.42336,0.0018483,0.21168,0.0018483,0.21168,460.486,0,1.02816,0,0,2.16772,1.13956,1.028160,1,0,48.8563,0,0,0,48.8563,0
71.4867,2.56837,0,0,2.45884,0.104179,0.36288,3.6288,61.308,0.410429,0,0,0.804574,0.271597,0.122549,0.66528,12.849,1,0.457945,0.36288,0,44.4557,5.06079,39.2999,0.84672,12.849,0.84672,3695.15,0,0.0036966,1.23735e-05,1.04801,1.65322,5.19192,1.23717,6.65597,0.42336,0.0018483,0.21168,0.0018483,0.21168,460.486,0,1.02816,0,0,2.07617,1.04801,1.028160,1,0,46.0784,0,0,0,46.0784,0
70.7029,2.56531,0,0,2.24807,0.103723,0.36288,3.6288,61.308,0.410464,0,0,0.785272,0.271597,0.103211,0.66528,12.849,1,0.461087,0.36288,0,43.8282,5.06079,38.6692,0.84672,12.849,0.84672,3695.15,0,0.0036966,1.23746e-05,1.08613,1.67861,5.1281,1.23717,6.65565,0.42336,0.0018483,0.21168,0.0018483,0.21168,460.486,0,1.02816,0,0,2.11429,1.08613,1.028160,1,0,45.4281,0,0,0,45.4281,0
69.7304,2.56104,0,0,2.05457,0.103102,0.36288,3.6288,61.308,0.4105,0,0,0.734348,0.271597,0.0522514,0.66528,12.849,1,0.465425,0.36288,0,41.2243,5.06079,36.061,0.84672,12.849,0.84672,3695.15,0,0.0036966,1.23757e-05,0.778732,1.67865,4.87979,1.23717,6.1,0.42336,0.0018483,0.21168,0.0018483,0.21168,460.486,0,1.02816,0,0,1.80689,0.778732,1.028160,1,0,42.2132,0,0,0,42.2132,0
68.6663,2.55563,0,0,1.93858,0.0842341,0.36288,3.6288,61.2881,0.410536,0,0,0.700808,0.310171,0,0.66528,12.849,1,0.470917,0.36288,0,38.048,5.5763,32.3636,0.84672,12.849,0.84672,3695.15,0,0.0036966,1.23767e-05,0.75638,1.67869,4.63956,1.43161,5.64301,0.42336,0.0018483,0.21168,0.0018483,0.21168,460.486,0,1.02816,0,0,1.78454,0.75638,1.028160,1,0,38.0066,0,0,0,38.0066,0
67.767,2.60904,0,0,2.14575,0.0730526,0.36288,3.6288,61.2307,0.445727,0,0,0.699503,0.311224,0,0.66528,12.849,1,0.48821,0.36288,0,38.8557,5.70518,33.0252,0.84672,12.849,0.84672,3695.15,0,0.0036966,1.3442e-05,0.722572,1.67873,4.36365,1.51629,5.24866,0.42336,0.0018483,0.21168,0.0018483,0.21168,460.486,0,1.02816,0,0,1.75073,0.722572,1.028160,1,0,38.2739,0,0,0,38.2739,0
66.7369,2.60366,0,0,2.00894,0.0725401,0.36288,3.6288,61.1483,0.445763,0,0,0.674542,0.311111,0,0.66528,12.849,1,0.493668,0.36288,0,36.4484,5.70518,30.6124,0.84672,12.849,0.84672,3695.15,0,0.0036966,1.34557e-05,0.734996,1.71917,4.51348,1.51629,5.45135,0.42336,0.0018483,0.21168,0.0018483,0.21168,460.486,0,1.02816,0,0,1.76316,0.734996,1.028160,1,0,36.0637,0,0,0,36.0637,0
65.481,2.59733,0,0,1.77627,0.071953,0.36288,3.6288,61.0266,0.4458,0,0,0.634997,0.310949,0,0.66528,12.849,1,0.50007,0.36288,0,34.4303,5.70518,28.5879,0.84672,12.849,0.84672,3695.15,0,0.0036966,1.3475e-05,0.552338,1.71922,4.23421,1.51629,4.98947,0.42336,0.0018483,0.21168,0.0018483,0.21168,460.486,0,1.02816,0,0,1.5805,0.552338,1.028160,1,0,33.5774,0,0,0,33.5774,0
64.0719,2.58938,0,0,1.60513,0.0619409,0.36288,3.6288,60.8936,0.445836,0,0,0.628716,0.31588,0,0.66528,12.849,1,0.508101,0.36288,0,32.6377,5.85472,26.6377,0.84672,12.849,0.84672,3695.15,0,0.0036966,1.3503e-05,0.505164,1.71926,4.22482,1.54616,4.90307,0.42336,0.0018483,0.21168,0.0018483,0.21168,460.486,0,1.02816,0,0,1.53332,0.505164,1.028160,1,0,31.5408,0,0,0,31.5408,0
62.1862,2.75245,0,0,1.28668,0.0570751,0.36288,3.6288,60.583,0.572778,0,0,0.580002,0.317831,0,0.66528,12.849,1,0.551977,0.36288,0,29.8019,5.82684,23.7859,0.84672,12.849,0.84672,3695.15,0,0.0036966,1.73855e-05,0.63129,1.7193,4.16161,1.47294,5.03924,0.42336,0.0018483,0.21168,0.0018483,0.21168,460.486,0,1.02816,0,0,1.65945,0.63129,1.028160,1,0,28.8252,0,0,0,28.8252,0
60.1665,2.73865,0,0,1.1402,0.0583749,0.36288,3.6288,60.2021,0.572818,0,0,0.50949,0.317524,0,0.66528,12.849,1,0.565863,0.36288,0,26.2474,5.74634,20.2981,0.84672,12.849,0.84672,3695.15,0,0.0036966,1.74759e-05,0.599028,1.85616,4.11974,1.45537,5.11955,0.42336,0.0018483,0.21168,0.0018483,0.21168,460.486,0,1.02816,0,0,1.62719,0.599028,1.028160,1,0,25.4176,0,0,0,25.4176,0
58.2616,2.72306,0,0,1.23847,0.0573962,0.36288,3.6288,59.828,0.572858,0,0,0.515532,0.316756,0,0.66528,12.849,1,0.581529,0.36288,0,25.0855,5.74634,19.1206,0.84672,12.849,0.84672,3695.15,0,0.0036966,1.75876e-05,0.611142,1.85621,4.37581,1.45537,5.38778,0.42336,0.0018483,0.21168,0.0018483,0.21168,460.486,0,1.02816,0,0,1.6393,0.611142,1.028160,1,0,24.5083,0,0,0,24.5083,0
57.0341,2.70755,0,0,1.9129,0.0699655,0.36288,3.6288,59.5624,0.572897,0,0,0.620098,0.312814,0,0.66528,12.849,1,0.597121,0.36288,0,40.5174,5.65728,34.6258,0.84672,12.849,0.84672,3695.15,0,0.0036966,1.76988e-05,0.936904,1.85626,4.62441,1.44445,5.97311,0.42336,0.0018483,0.21168,0.0018483,0.21168,460.486,0,1.02816,0,0,1.96506,0.936904,1.028160,1,0,40.599,0,0,0,40.599,0
56.6242,2.69712,0,0,2.74208,0.0919914,0.36288,3.6288,59.4725,0.572937,0,0,0.773392,0.290338,0,0.66528,12.849,1,0.607625,0.36288,0,45.8429,5.46404,40.1341,0.84672,12.849,0.84672,3695.15,0,0.0036966,1.7779e-05,1.06915,1.8563,5.85984,1.28515,7.50012,0.42336,0.0018483,0.21168,0.0018483,0.21168,460.486,0,1.02816,0,0,2.09731,1.06915,1.028160,1,0,47.6342,0,0,0,47.6342,0
55.8037,2.61142,0,0,2.262,0.108241,0.36288,3.6288,59.6115,0.49594,0,0,0.905826,0.270891,0,0.66528,12.849,1,0.592576,0.36288,0,50.4317,5.18648,45.0155,0.84672,12.849,0.84672,3695.15,0,0.0036966,1.54129e-05,1.82066,1.85635,6.38437,1.09458,8.96678,0.42336,0.0018483,0.21168,0.0018483,0.21168,460.486,0,1.02816,0,0,2.84882,1.82066,1.028160,1,0,53.9823,0,0,0,53.9823,0
55.4624,2.6044,0,0,2.73335,0.107364,0.36288,3.6288,59.9833,0.495978,0,0,1.1389,0.271132,0,0.66528,12.849,1,0.599673,0.36288,0,54.3191,5.18648,48.8958,0.84672,12.849,0.84672,3695.15,0,0.0036966,1.53782e-05,2.14409,1.77798,7.14908,1.09458,9.97655,0.42336,0.0018483,0.21168,0.0018483,0.21168,460.486,0,1.02816,0,0,3.17225,2.14409,1.028160,1,0,58.8724,0,0,0,58.8724,0
55.043,2.60147,0,0,2.65192,0.106999,0.36288,3.6288,60.1385,0.496016,0,0,0.922968,0.271776,0,0.66528,12.849,1,0.602684,0.36288,0,58.3924,5.18648,52.9661,0.84672,12.849,0.84672,3695.15,0,0.0036966,1.5284e-05,1.87388,1.77802,6.26445,1.09458,8.82176,0.42336,0.0018483,0.21168,0.0018483,0.21168,460.486,0,1.02816,0,0,2.90204,1.87388,1.028160,1,0,61.7879,0,0,0,61.7879,0
54.2305,2.59781,0,0,2.2828,0.134561,0.36288,3.6288,60.3191,0.496054,0,0,0.927737,0.251071,0,0.66528,12.849,1,0.606422,0.36288,0,64.8797,4.85044,59.7858,0.84672,12.849,0.84672,3695.15,0,0.0036966,1.52458e-05,1.79712,1.77806,6.46631,1.00739,9.03408,0.42336,0.0018483,0.21168,0.0018483,0.21168,460.486,0,1.02816,0,0,2.82528,1.79712,1.028160,1,0,68.8198,0,0,0,68.8198,0
54.8823,2.52361,0,0,3.697,0.158721,0.36288,3.6288,60.9904,0.425963,0,0,1.32014,0.222875,0,0.66528,12.849,1,0.597926,0.36288,0,91.9327,4.19569,87.502,0.84672,12.849,0.84672,3695.15,0,0.0036966,1.30524e-05,3.14307,1.77811,8.40171,1.03165,12.2912,0.42336,0.0018483,0.21168,0.0018483,0.21168,460.486,0,1.02816,0,0,4.17123,3.14307,1.028160,1,0,99.7932,0,0,0,99.7932,0
54.5602,2.52943,0,0,2.72999,0.159768,0.36288,3.6288,61.308,0.425999,0,0,1.21763,0.223826,0.250207,0.66528,12.849,1,0.592187,0.36288,0,83.9799,4.19569,79.5549,0.84672,12.849,0.84672,3695.15,0,0.0036966,1.29098e-05,1.70144,1.70846,7.51447,1.03165,9.8927,0.42336,0.0018483,0.21168,0.0018483,0.21168,460.486,0,1.02816,0,0,2.7296,1.70144,1.028160,1,0,89.6978,0,0,0,89.6978,0
55.287,2.52666,0,0,3.77555,0.15925,0.36288,3.6288,61.308,0.426035,0,0,1.19906,0.224277,0.548748,0.66528,12.849,1,0.595032,0.36288,0,83.0477,4.19569,78.6198,0.84672,12.849,0.84672,3695.15,0,0.0036966,1.2844e-05,2.59582,1.7085,8.36568,1.03165,11.6383,0.42336,0.0018483,0.21168,0.0018483,0.21168,460.486,0,1.02816,0,0,3.62398,2.59582,1.028160,1,0,90.8069,0,0,0,90.8069,0
55.0822,2.53307,0,0,2.86137,0.170175,0.36288,3.6288,61.308,0.426071,0,0,0.690754,0.215814,0.048869,0.66528,12.849,1,0.5887,0.36288,0,84.4335,4.09668,80.111,0.84672,12.849,0.84672,3695.15,0,0.0036966,1.28451e-05,1.23055,1.70854,6.89826,0.999163,8.83818,0.42336,0.0018483,0.21168,0.0018483,0.21168,460.486,0,1.02816,0,0,2.25871,1.23055,1.028160,1,0,88.9981,0,0,0,88.9981,0
54.466,2.34072,0,0,2.33438,0.247032,0.36288,3.6288,61.308,0.280034,0,0,0.508889,0.193154,0.0357007,0.66528,12.849,1,0.546018,0.36288,0,56.6752,4.28739,52.2047,0.84672,12.849,0.84672,3695.15,0,0.0036966,8.4424e-06,2.10737,1.70858,7.55412,1.03972,10.3303,0.42336,0.0018483,0.21168,0.0018483,0.21168,460.486,0,1.02816,0,0,3.13553,2.10737,1.028160,1,0,62.5707,0,0,0,62.5707,0
54.606,2.33578,0,0,3.09163,0.25297,0.36288,3.6288,61.308,0.280066,0,0,0.605318,0.204401,0.120851,0.66528,12.849,1,0.55103,0.36288,0,80.8583,4.60131,76.0688,0.84672,12.849,0.84672,3695.15,0,0.0036966,8.44338e-06,3.52674,1.55171,9.50659,1.13392,13.4511,0.42336,0.0018483,0.21168,0.0018483,0.21168,460.486,0,1.02816,0,0,4.5549,3.52674,1.028160,1,0,89.6408,0,0,0,89.6408,0
62.4249,2.33698,0,0,10.7721,0.253328,0.36288,3.6288,61.308,0.280099,0,0,2.53055,0.204401,2.04605,0.66528,12.849,1,0.5499,0.36288,0,277.866,4.60131,273.078,0.84672,12.849,0.84672,3695.15,0,0.0036966,8.44436e-06,3.06928,1.55174,22.2264,1.13392,25.7135,0.42336,0.0018483,0.21168,0.0018483,0.21168,460.486,0,1.02816,0,0,4.09744,3.06928,1.028160,1,0,300.837,0,0,0,300.837,0
69.0494,2.39416,0,0,9.6304,0.248919,0.36288,3.6288,61.308,0.280131,0,0,3.16035,0.192295,2.68792,0.66528,12.849,1,0.492794,0.36288,0,246.769,4.0431,242.596,0.84672,12.849,0.84672,3695.15,0,0.0036966,8.44534e-06,3.16937,1.55178,18.6728,1.03963,22.3543,0.42336,0.0018483,0.21168,0.0018483,0.21168,460.486,0,1.02816,0,0,4.19753,3.16937,1.028160,1,0,267.638,0,0,0,267.638,0
70.9761,2.43409,0,0,4.96424,0.240522,0.36288,3.6288,61.308,0.280164,0,0,1.18341,0.198571,0.704678,0.66528,12.849,1,0.452946,0.36288,0,124.568,3.50454,120.973,0.84672,12.849,0.84672,3695.15,0,0.0036966,8.44631e-06,3.34302,1.55182,11.0189,0.830728,15.083,0.42336,0.0018483,0.21168,0.0018483,0.21168,460.486,0,1.02816,0,0,4.37118,3.34302,1.028160,1,0,136.761,0,0,0,136.761,0
72.29,2.52114,0,0,6.45005,0.285196,2.32982,3.6288,61.308,0.322499,0,0,1.75719,0.178815,1.25588,0.66528,12.849,1,0.456409,2.32982,0,186.67,3.02799,185.515,0.84672,12.849,0.84672,3695.15,0,0.0036966,9.72262e-06,2.16069,1.55186,13.3233,0.785489,16.2504,0.42336,0.0018483,0.21168,0.0018483,0.21168,460.486,0,1.02816,0,0,3.18885,2.16069,1.028160,1,0,203.021,0,0,0,203.021,0
72.29,2.52824,0,0,4.74567,0.288068,1.92936,3.6288,61.308,0.322526,0,0,1.76913,0.178815,1.26779,0.66528,12.849,1,0.449375,1.92936,0,123.849,3.02799,122.301,0.84672,12.849,0.84672,3695.15,0,0.0036966,9.72343e-06,2.37925,1.60153,10.2269,0.785489,13.4222,0.42336,0.0018483,0.21168,0.0018483,0.21168,460.486,0,1.02816,0,0,3.40741,2.37925,1.028160,1,0,136.991,0,0,0,136.991,0
72.29,2.52829,0,0,6.64051,0.288068,3.82415,3.6288,61.308,0.322552,0,0,1.9167,0.178815,1.41533,0.66528,12.849,1,0.449384,3.82415,0,136.811,3.02799,137.158,0.84672,12.849,0.84672,3695.15,0,0.0036966,9.72424e-06,2.44236,1.60156,12.7379,0.785489,15.9963,0.42336,0.0018483,0.21168,0.0018483,0.21168,460.486,0,1.02816,0,0,3.47052,2.44236,1.028160,1,0,154.569,0,0,0,154.569,0
72.29,2.52834,0,0,10.401,0.288068,7.5846,3.6288,61.308,0.322579,0,0,2.51934,0.178815,2.01794,0.66528,12.849,1,0.449393,7.5846,0,233.298,3.02799,237.405,0.84672,12.849,0.84672,3695.15,0,0.0036966,9.72505e-06,3.58146,1.6016,18.5135,0.785489,22.9111,0.42336,0.0018483,0.21168,0.0018483,0.21168,460.486,0,1.02816,0,0,4.60962,3.58146,1.028160,1,0,262.334,0,0,0,262.334,0
72.29,2.775,0,0,8.31783,0.289921,5.25291,3.6288,61.308,0.481424,0,0,2.63218,0.218198,1.93255,0.66528,12.849,1,0.493236,5.25291,0,201.481,4.2284,202.013,0.84672,12.849,0.84672,3695.15,0,0.0036966,1.45139e-05,3.50718,1.60163,16.3989,1.14646,20.3612,0.42336,0.0018483,0.21168,0.0018483,0.21168,460.486,0,1.02816,0,0,4.53534,3.50718,1.028160,1,0,224.306,0,0,0,224.306,0
72.29,2.77506,0,0,6.86774,0.281855,3.81082,3.6288,61.308,0.481454,0,0,1.84774,0.22312,1.14317,0.66528,12.849,1,0.493245,3.81082,0,127.49,4.22425,126.583,0.84672,12.849,0.84672,3695.15,0,0.0036966,1.45148e-05,2.36479,1.7788,9.85841,1.15835,12.8436,0.42336,0.0018483,0.21168,0.0018483,0.21168,460.486,0,1.02816,0,0,3.39295,2.36479,1.028160,1,0,140.57,0,0,0,140.57,0
72.29,2.77511,0,0,5.57767,0.284643,2.51792,3.6288,61.308,0.481484,0,0,1.75504,0.216541,1.05702,0.66528,12.849,1,0.493255,2.51792,0,135.143,4.13685,133.03,0.84672,12.849,0.84672,3695.15,0,0.0036966,1.45157e-05,2.03418,1.77883,8.20904,1.13974,10.8823,0.42336,0.0018483,0.21168,0.0018483,0.21168,460.486,0,1.02816,0,0,3.06234,2.03418,1.028160,1,0,144.97,0,0,0,144.97,0
72.29,2.77517,0,0,6.43651,0.301372,3.35997,3.6288,61.308,0.481514,0,0,1.78908,0.177069,1.1305,0.66528,12.849,1,0.493265,3.35997,0,167.764,3.61242,167.018,0.84672,12.849,0.84672,3695.15,0,0.0036966,1.45166e-05,2.13214,1.77887,8.63844,1.02809,11.5213,0.42336,0.0018483,0.21168,0.0018483,0.21168,460.486,0,1.02816,0,0,3.1603,2.13214,1.028160,1,0,179.67,0,0,0,179.67,0
72.29,2.42345,0,0,6.20922,0.299158,3.48662,3.6288,61.308,0.268392,0,0,2.90066,0.252928,2.37934,0.66528,12.849,1,0.430749,3.48662,0,132.711,4.84578,130.921,0.84672,12.849,0.84672,3695.15,0,0.0036966,8.09143e-06,4.8054,1.7789,15.8878,1.21748,21.2547,0.42336,0.0018483,0.21168,0.0018483,0.21168,460.486,0,1.02816,0,0,5.83356,4.8054,1.028160,1,0,154.555,0,0,0,154.555,0
72.29,2.42349,0,0,4.85385,0.298789,2.13157,3.6288,61.308,0.268418,0,0,2.61844,0.265571,2.08445,0.66528,12.849,1,0.430758,2.13157,0,113.953,5.05134,110.602,0.84672,12.849,0.84672,3695.15,0,0.0036966,8.09221e-06,2.75402,1.53661,10.8108,1.24904,13.8524,0.42336,0.0018483,0.21168,0.0018483,0.21168,460.486,0,1.02816,0,0,3.78218,2.75402,1.028160,1,0,126.539,0,0,0,126.539,0
72.29,2.42354,0,0,4.37296,0.298789,1.65063,3.6288,61.308,0.268444,0,0,1.50134,0.265571,0.967323,0.66528,12.849,1,0.430766,1.65063,0,117.051,5.05134,113.22,0.84672,12.849,0.84672,3695.15,0,0.0036966,8.09298e-06,1.3736,1.53664,6.85005,1.24904,8.51125,0.42336,0.0018483,0.21168,0.0018483,0.21168,460.486,0,1.02816,0,0,2.40176,1.3736,1.028160,1,0,122.698,0,0,0,122.698,0
72.29,2.42359,0,0,8.77703,0.312352,6.04109,3.6288,61.308,0.26847,0,0,3.62751,0.22456,3.13448,0.66528,12.849,1,0.430775,6.04109,0,190.869,4.70469,191.774,0.84672,12.849,0.84672,3695.15,0,0.0036966,8.09376e-06,2.86386,1.53667,13.2778,1.08796,16.5903,0.42336,0.0018483,0.21168,0.0018483,0.21168,460.486,0,1.02816,0,0,3.89202,2.86386,1.028160,1,0,211.499,0,0,0,211.499,0
72.29,2.42364,0,0,5.51362,0.315643,2.77434,3.6288,61.308,0.268496,0,0,2.51888,0.214144,2.03624,0.66528,12.849,1,0.430783,2.77434,0,126.485,4.48683,124.342,0.84672,12.849,0.84672,3695.15,0,0.0036966,8.09454e-06,2.72683,1.5367,10.7214,1.05426,13.9306,0.42336,0.0018483,0.21168,0.0018483,0.21168,460.486,0,1.02816,0,0,3.75499,2.72683,1.028160,1,0,140.309,0,0,0,140.309,0
72.29,2.51224,0,0,5.01362,0.312796,2.18858,3.6288,61.308,0.320672,0,0,2.10722,0.222129,1.56442,0.66528,12.849,1,0.446532,2.18858,0,123.395,4.38123,120.756,0.84672,12.849,0.84672,3695.15,0,0.0036966,9.66754e-06,3.3622,1.53673,10.9527,1.09523,14.7564,0.42336,0.0018483,0.21168,0.0018483,0.21168,460.486,0,1.02816,0,0,4.39036,3.3622,1.028160,1,0,137.076,0,0,0,137.076,0
72.29,2.51229,0,0,4.95074,0.312796,2.12565,3.6288,61.308,0.320698,0,0,2.01044,0.222129,1.46761,0.66528,12.849,1,0.446541,2.12565,0,152.614,4.38123,149.911,0.84672,12.849,0.84672,3695.15,0,0.0036966,9.66835e-06,3.18101,1.5966,11.0457,1.09523,14.7281,0.42336,0.0018483,0.21168,0.0018483,0.21168,460.486,0,1.02816,0,0,4.20917,3.18101,1.028160,1,0,166.107,0,0,0,166.107,0
72.29,2.51234,0,0,5.5463,0.295225,2.73873,3.6288,61.308,0.320725,0,0,2.05631,0.247304,1.48828,0.66528,12.849,1,0.44655,2.73873,0,154.385,5.08619,151.591,0.84672,12.849,0.84672,3695.15,0,0.0036966,9.66916e-06,3.35074,1.59663,10.8759,1.20788,14.6153,0.42336,0.0018483,0.21168,0.0018483,0.21168,460.486,0,1.02816,0,0,4.3789,3.35074,1.028160,1,0,167.694,0,0,0,167.694,0
72.29,2.51239,0,0,4.44947,0.249899,1.68718,3.6288,61.308,0.320752,0,0,1.82834,0.2505,1.25708,0.66528,12.849,1,0.446559,1.68718,0,145.342,5.09064,141.492,0.84672,12.849,0.84672,3695.15,0,0.0036966,9.66997e-06,2.93834,1.59667,10.1332,1.23501,13.4332,0.42336,0.0018483,0.21168,0.0018483,0.21168,460.486,0,1.02816,0,0,3.9665,2.93834,1.028160,1,0,156.182,0,0,0,156.182,0
72.29,2.47782,0,0,3.69763,0.224456,0.995363,3.6288,61.308,0.300523,0,0,1.12434,0.206184,0.617634,0.66528,12.849,1,0.440413,0.995363,0,84.6012,4.08597,81.0701,0.84672,12.849,0.84672,3695.15,0,0.0036966,9.0601e-06,1.41843,1.5967,6.70821,1.09344,8.62989,0.42336,0.0018483,0.21168,0.0018483,0.21168,460.486,0,1.02816,0,0,2.44659,1.41843,1.028160,1,0,90.3177,0,0,0,90.3177,0
72.2459,2.47787,0,0,3.0211,0.224456,0.36288,3.6288,61.308,0.300549,0,0,0.964215,0.206184,0.457482,0.66528,12.849,1,0.440422,0.36288,0,63.8971,4.08597,59.7336,0.84672,12.849,0.84672,3695.15,0,0.0036966,9.0609e-06,1.06506,1.57344,4.50922,1.09344,6.05427,0.42336,0.0018483,0.21168,0.0018483,0.21168,460.486,0,1.02816,0,0,2.09322,1.06506,1.028160,1,0,66.2454,0,0,0,66.2454,0
71.8472,2.47769,0,0,2.66626,0.224381,0.36288,3.6288,61.308,0.300576,0,0,0.902249,0.206184,0.395489,0.66528,12.849,1,0.440659,0.36288,0,55.6949,4.08597,51.5312,0.84672,12.849,0.84672,3695.15,0,0.0036966,9.0617e-06,0.803304,1.57347,3.98461,1.09344,5.26794,0.42336,0.0018483,0.21168,0.0018483,0.21168,460.486,0,1.02816,0,0,1.83146,0.803304,1.028160,1,0,57.1946,0,0,0,57.1946,0
71.1875,2.47566,0,0,2.40251,0.223702,0.36288,3.6288,61.308,0.300602,0,0,0.799597,0.206184,0.292811,0.66528,12.849,1,0.442742,0.36288,0,48.6172,4.08597,44.4514,0.84672,12.849,0.84672,3695.15,0,0.0036966,9.06249e-06,0.617691,1.5735,3.5983,1.09344,4.69604,0.42336,0.0018483,0.21168,0.0018483,0.21168,460.486,0,1.02816,0,0,1.64585,0.617691,1.028160,1,0,49.4402,0,0,0,49.4402,0
70.663,2.58951,0,0,2.59025,0.162367,0.36288,3.6288,61.308,0.372469,0,0,0.84138,0.228442,0.24047,0.66528,12.849,1,0.467394,0.36288,0,59.529,4.26682,55.1577,0.84672,12.849,0.84672,3695.15,0,0.0036966,1.12291e-05,0.632906,1.57353,4.52104,1.02421,5.70326,0.42336,0.0018483,0.21168,0.0018483,0.21168,460.486,0,1.02816,0,0,1.66107,0.632906,1.028160,1,0,61.1014,0,0,0,61.1014,0
70.202,2.58663,0,0,2.63822,0.149676,0.36288,3.6288,61.308,0.372497,0,0,0.870013,0.253274,0.244243,0.66528,12.849,1,0.470339,0.36288,0,60.5463,4.66945,55.7694,0.84672,12.849,0.84672,3695.15,0,0.0036966,1.12299e-05,0.66401,1.65501,4.78172,1.08029,6.02045,0.42336,0.0018483,0.21168,0.0018483,0.21168,460.486,0,1.02816,0,0,1.69217,0.66401,1.028160,1,0,62.034,0,0,0,62.034,0
69.6048,2.58407,0,0,2.50377,0.153985,0.36288,3.6288,61.308,0.372524,0,0,0.856241,0.251957,0.23176,0.66528,12.849,1,0.472959,0.36288,0,57.9998,4.58484,53.3049,0.84672,12.849,0.84672,3695.15,0,0.0036966,1.12308e-05,0.802155,1.65504,4.47606,1.08355,5.8497,0.42336,0.0018483,0.21168,0.0018483,0.21168,460.486,0,1.02816,0,0,1.83031,0.802155,1.028160,1,0,59.3863,0,0,0,59.3863,0
68.8141,2.58069,0,0,2.32412,0.171295,0.36288,3.6288,61.308,0.372552,0,0,0.82296,0.248207,0.202201,0.66528,12.849,1,0.476394,0.36288,0,53.6847,4.1092,49.462,0.84672,12.849,0.84672,3695.15,0,0.0036966,1.12316e-05,0.740984,1.65508,4.1635,1.11266,5.44689,0.42336,0.0018483,0.21168,0.0018483,0.21168,460.486,0,1.02816,0,0,1.76914,0.740984,1.028160,1,0,55.1111,0,0,0,55.1111,0
67.9953,2.57613,0,0,2.23361,0.113353,0.36288,3.6288,61.308,0.37258,0,0,0.801749,0.259999,0.16917,0.66528,12.849,1,0.481016,0.36288,0,50.1741,4.48554,45.5704,0.84672,12.849,0.84672,3695.15,0,0.0036966,1.12325e-05,0.480168,1.65511,4.10975,1.15448,5.09054,0.42336,0.0018483,0.21168,0.0018483,0.21168,460.486,0,1.02816,0,0,1.50833,0.480168,1.028160,1,0,50.8302,0,0,0,50.8302,0
67.2047,2.54828,0,0,2.24378,0.123239,0.36288,3.6288,61.308,0.499833,0,0,0.769772,0.242514,0.0274256,0.66528,12.849,1,0.481545,0.36288,0,48.1691,4.73088,43.3196,0.84672,12.849,0.84672,3695.15,0,0.0036966,1.50688e-05,0.30119,1.65514,4.31784,1.13408,5.14008,0.42336,0.0018483,0.21168,0.0018483,0.21168,460.486,0,0.940421,0,0,1.24161,0.30119,1.028160,1,0,48.4871,0,0,0,48.4871,0
66.3482,2.54357,0,0,2.17238,0.122475,0.36288,3.6288,61.2938,0.501702,0,0,0.730045,0.242514,0,0.66528,12.849,1,0.486311,0.36288,0,45.2214,4.73088,40.3671,0.84672,12.849,0.84672,3695.15,0,0.0036966,1.51252e-05,0.30119,1.68055,4.38311,1.13408,5.23075,0.42336,0.0018483,0.21168,0.0018483,0.21168,460.486,0,0.93858,0,0,1.23977,0.30119,1.028160,1,0,45.5979,0,0,0,45.5979,0
65.2926,2.53836,0,0,1.93539,0.0897667,0.36288,3.6288,61.1219,0.584352,0,0,0.708022,0.295554,0,0.66528,12.849,1,0.49158,0.36288,0,42.9066,5.55878,37.2191,0.84672,12.849,0.84672,3695.15,0,0.0036966,1.7621e-05,0.261274,1.68059,4.2626,1.41648,4.78796,0.42336,0.0018483,0.21168,0.0018483,0.21168,460.486,0,0.855956,0,0,1.11723,0.261274,1.028160,1,0,42.0071,0,0,0,42.0071,0
64.1235,2.53177,0,0,1.81517,0.0895986,0.36288,3.6288,60.976,0.529536,0,0,0.670784,0.287203,0,0.66528,12.849,1,0.498231,0.36288,0,39.2823,5.96558,33.1814,0.84672,12.849,0.84672,3695.15,0,0.0036966,1.60129e-05,0.261274,1.68062,4.1751,1.56737,4.54961,0.42336,0.0018483,0.21168,0.0018483,0.21168,460.486,0,0.910803,0,0,1.17208,0.261274,1.028160,1,0,37.731,0,0,0,37.731,0
63.1074,2.58317,0,0,2.0109,0.0809434,0.36288,3.6288,60.9668,0.483201,0,0,0.788737,0.314683,0,0.66528,12.849,1,0.517612,0.36288,0,40.2631,6.1026,34.0058,0.84672,12.849,0.84672,3695.15,0,0.0036966,1.46468e-05,0.261274,1.68065,3.80418,1.5133,4.2328,0.42336,0.0018483,0.21168,0.0018483,0.21168,460.486,0,0.992364,0,0,1.25364,0.261274,1.028160,1,0,38.2386,0,0,0,38.2386,0
61.8967,2.57629,0,0,1.80878,0.0802781,0.36288,3.6288,60.8687,0.523284,0,0,0.739817,0.314664,0,0.66528,12.849,1,0.524547,0.36288,0,37.9458,6.1026,31.6816,0.84672,12.849,0.84672,3695.15,0,0.0036966,1.58641e-05,0.261274,1.72113,3.88357,1.5133,4.35266,0.42336,0.0018483,0.21168,0.0018483,0.21168,460.486,0,0.952309,0,0,1.21358,0.261274,1.028160,1,0,36.0342,0,0,0,36.0342,0
60.5326,2.56785,0,0,1.64608,0.0794854,0.36288,3.6288,60.626,0.637963,0,0,0.709733,0.314469,0,0.66528,12.849,1,0.533054,0.36288,0,35.6409,6.1026,29.3681,0.84672,12.849,0.84672,3695.15,0,0.0036966,1.9372e-05,0.261274,1.72117,3.61043,1.5133,4.07956,0.42336,0.0018483,0.21168,0.0018483,0.21168,460.486,0,0.837657,0,0,1.09893,0.261274,1.028160,1,0,33.4476,0,0,0,33.4476,0
58.9716,2.55799,0,0,1.42435,0.0644271,0.36288,3.6288,60.3956,0.616177,0,0,0.706752,0.321021,0,0.66528,12.849,1,0.542973,0.36288,0,34.0053,6.34441,27.4808,0.84672,12.849,0.84672,3695.15,0,0.0036966,1.87853e-05,0.227405,1.7212,3.65862,1.54334,4.06386,0.42336,0.0018483,0.21168,0.0018483,0.21168,460.486,0,0.859473,0,0,1.08688,0.227405,1.028160,1,0,31.5447,0,0,0,31.5447,0
57.3985,2.71629,0,0,1.57266,0.0666096,0.36288,3.6288,60.0027,0.797952,0,0,0.738279,0.333195,0,0.66528,12.849,1,0.591837,0.36288,0,35.5466,6.66063,28.657,0.84672,12.849,0.84672,3695.15,0,0.0036966,2.44199e-05,0.227405,1.72124,3.78911,1.46653,4.2712,0.42336,0.0018483,0.21168,0.0018483,0.21168,460.486,0,0.804773,0,0,1.03218,0.227405,1.028160,1,0,32.9282,0,0,0,32.9282,0
56.2455,2.70309,0,0,1.97452,0.061532,0.36288,3.6288,59.8816,0.66583,0,0,0.89551,0.350743,0,0.66528,12.849,1,0.605102,0.36288,0,43.8067,6.98733,36.5771,0.84672,12.849,0.84672,3695.15,0,0.0036966,2.051e-05,0.227405,1.85824,4.02713,1.509,4.60375,0.42336,0.0018483,0.21168,0.0018483,0.21168,460.486,0,0.93693,0,0,1.16434,0.227405,1.028160,1,0,41.1809,0,0,0,41.1809,0
54.713,2.69304,0,0,1.58424,0.0608362,0.36288,3.6288,59.3391,0.896189,0,0,0.704169,0.350472,0,0.66528,12.849,1,0.615212,0.36288,0,51.5261,6.98733,44.2864,0.84672,12.849,0.84672,3695.15,0,0.0036966,2.76617e-05,0.227405,1.85828,3.34532,1.509,3.92197,0.42336,0.0018483,0.21168,0.0018483,0.21168,460.486,0,0.706596,0,0,0.934001,0.227405,1.028160,1,0,48.2084,0,0,0,48.2084,0
53.4873,2.67914,0,0,1.87625,0.0599114,0.36288,3.6288,59.4901,0.574667,0,0,1.07489,0.349259,0,0.66528,12.849,1,0.629179,0.36288,0,44.2261,6.98733,36.9725,0.84672,12.849,0.84672,3695.15,0,0.0036966,1.78998e-05,0.37686,1.85832,4.52383,1.509,5.24999,0.42336,0.0018483,0.21168,0.0018483,0.21168,460.486,0,1.02816,0,0,1.40502,0.37686,1.028160,1,0,42.2224,0,0,0,42.2224,0
52.0156,2.66757,0,0,1.62013,0.0614526,0.36288,3.6288,59.3255,0.595175,0,0,0.759413,0.328831,0,0.66528,12.849,1,0.640816,0.36288,0,50.9547,6.50918,44.1676,0.84672,12.849,0.84672,3695.15,0,0.0036966,1.84915e-05,0.204422,1.85835,4.28109,1.40515,4.93869,0.42336,0.0018483,0.21168,0.0018483,0.21168,460.486,0,1.00768,0,0,1.21211,0.204422,1.028160,1,0,49.1063,0,0,0,49.1063,0
50.811,2.57213,0,0,1.79285,0.0624299,0.36288,3.6288,59.4389,0.49761,0,0,0.911468,0.300455,0,0.66528,12.849,1,0.635373,0.36288,0,68.3973,5.96075,62.164,0.84672,12.849,0.84672,3695.15,0,0.0036966,1.55032e-05,0.668347,1.85839,4.14424,1.39736,5.2736,0.42336,0.0018483,0.21168,0.0018483,0.21168,460.486,0,1.02816,0,0,1.69651,0.668347,1.028160,1,0,67.4376,0,0,0,67.4376,0
49.3132,2.56016,0,0,1.48694,0.0616512,0.36288,3.6288,59.2808,0.497641,0,0,0.640245,0.300673,0,0.66528,12.849,1,0.647408,0.36288,0,56.9931,5.96075,50.7478,0.84672,12.849,0.84672,3695.15,0,0.0036966,1.54745e-05,0.405259,1.77993,3.75941,1.39736,4.54722,0.42336,0.0018483,0.21168,0.0018483,0.21168,460.486,0,1.02816,0,0,1.43342,0.405259,1.028160,1,0,55.295,0,0,0,55.295,0
47.859,2.54461,0,0,1.54729,0.0940692,0.36288,3.6288,59.1282,0.497671,0,0,0.617749,0.272752,0,0.66528,12.849,1,0.66302,0.36288,0,45.5908,5.57166,39.719,0.84672,12.849,0.84672,3695.15,0,0.0036966,1.55167e-05,0.326497,1.77996,4.94115,1.23075,5.81684,0.42336,0.0018483,0.21168,0.0018483,0.21168,460.486,0,1.02816,0,0,1.35466,0.326497,1.028160,1,0,45.5358,0,0,0,45.5358,0
50.0053,2.52877,0,0,5.08848,0.0504613,0.36288,3.6288,59.5038,0.497702,0,0,1.16976,0.296404,0,0.66528,12.849,1,0.678915,0.36288,0,60.5834,6.18083,54.0866,0.84672,12.849,0.84672,3695.15,0,0.0036966,1.55578e-05,1.4669,1.78,11.5698,1.21522,13.6015,0.42336,0.0018483,0.21168,0.0018483,0.21168,460.486,0,1.02816,0,0,2.49506,1.4669,1.028160,1,0,67.688,0,0,0,67.688,0
51.8784,2.48608,0,0,4.886,0.163976,0.36288,3.6288,59.6123,0.427528,0,0,0.728761,0.192759,0,0.66528,12.849,1,0.638806,0.36288,0,77.9457,4.21352,73.4562,0.84672,12.849,0.84672,3695.15,0,0.0036966,1.32798e-05,1.14432,1.78003,6.98182,1.03385,8.87231,0.42336,0.0018483,0.21168,0.0018483,0.21168,460.486,0,1.02816,0,0,2.17248,1.14432,1.028160,1,0,82.3285,0,0,0,82.3285,0
53.6071,2.50462,0,0,4.76984,0.173661,0.36288,3.6288,59.7355,0.427557,0,0,0.742814,0.192052,0,0.66528,12.849,1,0.620333,0.36288,0,68.6524,4.06791,64.327,0.84672,12.849,0.84672,3695.15,0,0.0036966,1.32565e-05,1.10002,1.7103,6.88104,1.06034,8.631,0.42336,0.0018483,0.21168,0.0018483,0.21168,460.486,0,1.02816,0,0,2.12818,1.10002,1.028160,1,0,72.958,0,0,0,72.958,0
55.7568,2.52081,0,0,5.21015,0.176773,0.36288,3.6288,60.2511,0.427586,0,0,1.13538,0.192203,0,0.66528,12.849,1,0.604209,0.36288,0,64.5728,4.06791,60.2635,0.84672,12.849,0.84672,3695.15,0,0.0036966,1.32301e-05,1.79505,1.71033,8.15964,1.06034,10.6047,0.42336,0.0018483,0.21168,0.0018483,0.21168,460.486,0,1.02816,0,0,2.82321,1.79505,1.028160,1,0,70.8682,0,0,0,70.8682,0
57.4438,2.5398,0,0,4.79299,0.203286,0.36288,3.6288,60.9006,0.427615,0,0,1.27764,0.20047,0,0.66528,12.849,1,0.585289,0.36288,0,77.8283,3.47556,74.1303,0.84672,12.849,0.84672,3695.15,0,0.0036966,1.31178e-05,1.61824,1.71036,8.76554,0.934351,11.1598,0.42336,0.0018483,0.21168,0.0018483,0.21168,460.486,0,1.02816,0,0,2.6464,1.61824,1.028160,1,0,85.2901,0,0,0,85.2901,0
58.7588,2.36156,0,0,4.27253,0.23311,0.36288,3.6288,61.208,0.281416,0,0,0.794101,0.205346,0,0.66528,12.849,1,0.528232,0.36288,0,80.2221,4.03656,76.0202,0.84672,12.849,0.84672,3695.15,0,0.0036966,8.54083e-06,1.48959,1.7104,6.63421,1.04092,8.79326,0.42336,0.0018483,0.21168,0.0018483,0.21168,460.486,0,1.02816,0,0,2.51775,1.48959,1.028160,1,0,84.8135,0,0,0,84.8135,0
58.7934,2.37131,0,0,3.01801,0.249178,0.36288,3.6288,61.308,0.281443,0,0,0.828835,0.206482,0.240895,0.66528,12.849,1,0.518542,0.36288,0,56.724,4.63502,51.9333,0.84672,12.849,0.84672,3695.15,0,0.0036966,8.49873e-06,3.40621,1.55335,7.88656,1.15864,11.6875,0.42336,0.0018483,0.21168,0.0018483,0.21168,460.486,0,1.02816,0,0,4.43437,3.40621,1.028160,1,0,63.8617,0,0,0,63.8617,0
60.5247,2.3716,0,0,4.71502,0.249262,0.36288,3.6288,61.308,0.281469,0,0,0.785791,0.206613,0.297709,0.66528,12.849,1,0.518302,0.36288,0,94.2883,4.63502,89.4979,0.84672,12.849,0.84672,3695.15,0,0.0036966,8.48566e-06,2.86597,1.55338,9.58945,1.15864,12.8501,0.42336,0.0018483,0.21168,0.0018483,0.21168,460.486,0,1.02816,0,0,3.89413,2.86597,1.028160,1,0,102.646,0,0,0,102.646,0
72.29,2.38388,0,0,19.8582,0.249642,5.45934,3.6288,61.308,0.281495,0,0,6.86762,0.203512,6.38261,0.66528,12.849,1,0.506083,5.45934,0,382.998,4.52783,383.424,0.84672,12.849,0.84672,3695.15,0,0.0036966,8.48644e-06,3.79739,1.55341,25.1507,1.14525,29.3562,0.42336,0.0018483,0.21168,0.0018483,0.21168,460.486,0,1.02816,0,0,4.82555,3.79739,1.028160,1,0,419.163,0,0,0,419.163,0
72.29,2.45388,0,0,7.78058,0.234868,5.09184,3.6288,61.308,0.281521,0,0,1.68992,0.193311,1.21508,0.66528,12.849,1,0.436158,5.09184,0,149.911,3.78617,150.78,0.84672,12.849,0.84672,3695.15,0,0.0036966,8.48723e-06,3.12025,1.55344,10.6305,0.947012,14.3571,0.42336,0.0018483,0.21168,0.0018483,0.21168,460.486,0,1.02816,0,0,4.14841,3.12025,1.028160,1,0,166.353,0,0,0,166.353,0
71.8079,2.5308,0,0,2.66646,0.254922,0.36288,3.6288,61.308,0.323893,0,0,0.562062,0.172388,0.0657814,0.66528,12.849,1,0.44983,0.36288,0,34.8365,3.6625,31.087,0.84672,12.849,0.84672,3695.15,0,0.0036966,9.76466e-06,0.507548,1.55347,5.78801,0.813719,7.03529,0.42336,0.0018483,0.21168,0.0018483,0.21168,460.486,0,1.02816,0,0,1.53571,0.507548,1.028160,1,0,38.1881,0,0,0,38.1881,0
72.29,2.52827,0,0,5.89706,0.253989,2.63266,3.6288,61.308,0.323913,0,0,1.21713,0.172388,0.720833,0.66528,12.849,1,0.452399,2.63266,0,91.5512,3.6625,90.0689,0.84672,12.849,0.84672,3695.15,0,0.0036966,9.76527e-06,1.75687,1.60319,13.2773,0.813719,15.8236,0.42336,0.0018483,0.21168,0.0018483,0.21168,460.486,0,1.02816,0,0,2.78503,1.75687,1.028160,1,0,106.613,0,0,0,106.613,0
72.29,2.53087,0,0,7.66849,0.254922,4.8827,3.6288,61.308,0.323934,0,0,2.20311,0.172388,1.70679,0.66528,12.849,1,0.449844,4.8827,0,136.689,3.6625,137.459,0.84672,12.849,0.84672,3695.15,0,0.0036966,9.76588e-06,4.25466,1.60321,19.5735,0.813719,24.6176,0.42336,0.0018483,0.21168,0.0018483,0.21168,460.486,0,1.02816,0,0,5.28282,4.25466,1.028160,1,0,163.784,0,0,0,163.784,0
72.29,2.53091,0,0,10.7299,0.324817,7.8742,3.6288,61.308,0.323954,0,0,2.31627,0.206072,1.78625,0.66528,12.849,1,0.44985,7.8742,0,240.291,4.30269,243.413,0.84672,12.849,0.84672,3695.15,0,0.0036966,9.7665e-06,6.6264,1.60323,24.4951,0.97799,31.7467,0.42336,0.0018483,0.21168,0.0018483,0.21168,460.486,0,1.02816,0,0,7.65456,6.6264,1.028160,1,0,276.946,0,0,0,276.946,0
72.29,2.77781,0,0,6.26155,0.29376,3.18998,3.6288,61.308,0.482953,0,0,1.35067,0.190918,0.676803,0.66528,12.849,1,0.493735,3.18998,0,156.323,3.81106,155.208,0.84672,12.849,0.84672,3695.15,0,0.0036966,1.456e-05,1.71972,1.60326,10.8698,1.01143,13.1813,0.42336,0.0018483,0.21168,0.0018483,0.21168,460.486,0,1.02816,0,0,2.74788,1.71972,1.028160,1,0,169.066,0,0,0,169.066,0
72.29,2.77785,0,0,3.75149,0.281337,0.692297,3.6288,61.308,0.482976,0,0,1.68739,0.184857,1.01956,0.66528,12.849,1,0.493743,0.692297,0,87.9613,3.61442,84.5454,0.84672,12.849,0.84672,3695.15,0,0.0036966,1.45606e-05,1.50402,1.7806,11.841,1.0248,14.1008,0.42336,0.0018483,0.21168,0.0018483,0.21168,460.486,0,1.02816,0,0,2.53218,1.50402,1.028160,1,0,99.6658,0,0,0,99.6658,0
72.29,2.7779,0,0,5.03139,0.281337,1.97216,3.6288,61.308,0.482999,0,0,1.2241,0.184857,0.556243,0.66528,12.849,1,0.49375,1.97216,0,139.951,3.61442,137.815,0.84672,12.849,0.84672,3695.15,0,0.0036966,1.45613e-05,2.23409,1.78063,12.3399,1.0248,15.3298,0.42336,0.0018483,0.21168,0.0018483,0.21168,460.486,0,1.02816,0,0,3.26225,2.23409,1.028160,1,0,153.701,0,0,0,153.701,0
72.29,2.77794,0,0,4.57429,0.342099,1.45426,3.6288,61.308,0.483021,0,0,1.27888,0.172194,0.62366,0.66528,12.849,1,0.493757,1.45426,0,119.255,3.72987,116.486,0.84672,12.849,0.84672,3695.15,0,0.0036966,1.4562e-05,3.14849,1.78065,11.7699,0.978277,15.7208,0.42336,0.0018483,0.21168,0.0018483,0.21168,460.486,0,1.02816,0,0,4.17665,3.14849,1.028160,1,0,132.83,0,0,0,132.83,0
72.29,2.42585,0,0,5.51039,0.318235,2.7663,3.6288,61.308,0.26968,0,0,0.761829,0.216924,0.275224,0.66528,12.849,1,0.431177,2.7663,0,91.7065,3.779,90.2626,0.84672,12.849,0.84672,3695.15,0,0.0036966,8.13026e-06,1.28927,1.78068,7.91424,1.14828,9.8359,0.42336,0.0018483,0.21168,0.0018483,0.21168,460.486,0,1.02816,0,0,2.31743,1.28927,1.028160,1,0,100.374,0,0,0,100.374,0
72.29,2.42589,0,0,3.37951,0.298534,0.655087,3.6288,61.308,0.2697,0,0,1.55237,0.221101,1.06157,0.66528,12.849,1,0.431184,0.655087,0,85.4055,3.83638,81.7931,0.84672,12.849,0.84672,3695.15,0,0.0036966,8.13084e-06,0.891311,1.53814,6.94134,1.19573,8.17505,0.42336,0.0018483,0.21168,0.0018483,0.21168,460.486,0,1.02816,0,0,1.91947,0.891311,1.028160,1,0,91.0297,0,0,0,91.0297,0
71.664,2.42593,0,0,2.46136,0.298534,0.36288,3.6288,61.2337,0.502206,0,0,0.649032,0.221101,0,0.66528,12.849,1,0.43119,0.36288,0,43.4088,3.83638,39.5041,0.84672,12.849,0.84672,3695.15,0,0.0036966,1.51404e-05,0.608429,1.53816,3.83892,1.19573,4.78977,0.42336,0.0018483,0.21168,0.0018483,0.21168,460.486,0,0.795666,0,0,1.4041,0.608429,1.028160,1,0,44.2939,0,0,0,44.2939,0
71.9996,2.42277,0,0,3.41544,0.294212,0.36288,3.6288,61.308,0.269739,0,0,0.992903,0.199442,0.449448,0.66528,12.849,1,0.43439,0.36288,0,68.799,3.80518,64.9223,0.84672,12.849,0.84672,3695.15,0,0.0036966,8.14189e-06,0.983794,1.53818,11.7016,1.11146,13.1121,0.42336,0.0018483,0.21168,0.0018483,0.21168,460.486,0,1.02816,0,0,2.01195,0.983794,1.028160,1,0,78.4839,0,0,0,78.4839,0
72.29,2.42452,0,0,3.61736,0.297384,0.60506,3.6288,61.308,0.269758,0,0,1.00339,0.177745,0.555886,0.66528,12.849,1,0.432679,0.60506,0,70.5852,3.75391,67.0036,0.84672,12.849,0.84672,3695.15,0,0.0036966,8.13261e-06,1.16657,1.53821,8.38071,1.04172,10.0438,0.42336,0.0018483,0.21168,0.0018483,0.21168,460.486,0,1.02816,0,0,2.19473,1.16657,1.028160,1,0,77.6033,0,0,0,77.6033,0
72.29,2.51468,0,0,5.17881,0.309571,2.35456,3.6288,61.308,0.321979,0,0,1.54077,0.1637,1.05509,0.66528,12.849,1,0.446965,2.35456,0,92.6303,3.68424,90.8537,0.84672,12.849,0.84672,3695.15,0,0.0036966,9.70694e-06,2.38836,1.53823,12.0388,1.0254,14.94,0.42336,0.0018483,0.21168,0.0018483,0.21168,460.486,0,1.02816,0,0,3.41652,2.38836,1.028160,1,0,106.849,0,0,0,106.849,0
72.29,2.51472,0,0,4.33285,0.309571,1.50856,3.6288,61.308,0.321999,0,0,1.44984,0.1637,0.964145,0.66528,12.849,1,0.446972,1.50856,0,84.6409,3.68424,82.0182,0.84672,12.849,0.84672,3695.15,0,0.0036966,9.70755e-06,1.61641,1.59815,11.5663,1.0254,13.7554,0.42336,0.0018483,0.21168,0.0018483,0.21168,460.486,0,1.02816,0,0,2.64457,1.61641,1.028160,1,0,96.7378,0,0,0,96.7378,0
72.29,2.51475,0,0,3.49233,0.238551,0.739026,3.6288,61.308,0.322019,0,0,1.25954,0.215191,0.722329,0.66528,12.849,1,0.446978,0.739026,0,67.9579,4.44519,63.8048,0.84672,12.849,0.84672,3695.15,0,0.0036966,9.70817e-06,1.2052,1.59817,9.49277,1.28775,11.0084,0.42336,0.0018483,0.21168,0.0018483,0.21168,460.486,0,1.02816,0,0,2.23336,1.2052,1.028160,1,0,75.5355,0,0,0,75.5355,0
72.1459,2.51479,0,0,2.96028,0.226714,0.36288,3.6288,61.308,0.32204,0,0,0.919763,0.223773,0.37395,0.66528,12.849,1,0.446985,0.36288,0,61.1282,4.57202,56.4721,0.84672,12.849,0.84672,3695.15,0,0.0036966,9.70878e-06,0.602951,1.5982,7.48576,1.33147,8.35542,0.42336,0.0018483,0.21168,0.0018483,0.21168,460.486,0,1.02816,0,0,1.63111,0.602951,1.028160,1,0,65.2014,0,0,0,65.2014,0
72.29,2.47942,0,0,3.29956,0.280134,0.395894,3.6288,61.308,0.301784,0,0,1.38802,0.175093,0.911148,0.66528,12.849,1,0.441579,0.395894,0,58.6977,3.85875,54.7933,0.84672,12.849,0.84672,3695.15,0,0.0036966,9.09813e-06,1.27619,1.59822,7.4431,1.11775,9.19975,0.42336,0.0018483,0.21168,0.0018483,0.21168,460.486,0,1.02816,0,0,2.30435,1.27619,1.028160,1,0,64.9042,0,0,0,64.9042,0
72.2561,2.48021,0,0,3.00534,0.196172,0.36288,3.6288,61.308,0.301804,0,0,1.16035,0.214331,0.644217,0.66528,12.849,1,0.440838,0.36288,0,53.2681,4.20471,48.9854,0.84672,12.849,0.84672,3695.15,0,0.0036966,9.09873e-06,1.0834,1.57493,6.87208,1.13841,8.392,0.42336,0.0018483,0.21168,0.0018483,0.21168,460.486,0,1.02816,0,0,2.11156,1.0834,1.028160,1,0,58.0217,0,0,0,58.0217,0
72.1609,2.48007,0,0,2.92981,0.18208,0.36288,3.6288,61.308,0.301825,0,0,1.26742,0.22087,0.744724,0.66528,12.849,1,0.44102,0.36288,0,51.6173,4.26237,47.2767,0.84672,12.849,0.84672,3695.15,0,0.0036966,9.09934e-06,1.27405,1.57495,7.7887,1.14185,9.49584,0.42336,0.0018483,0.21168,0.0018483,0.21168,460.486,0,1.02816,0,0,2.30221,1.27405,1.028160,1,0,57.5173,0,0,0,57.5173,0
71.8758,2.47961,0,0,2.73936,0.181949,0.36288,3.6288,61.308,0.301845,0,0,1.2465,0.22087,0.723787,0.66528,12.849,1,0.441521,0.36288,0,47.0694,4.26237,42.7284,0.84672,12.849,0.84672,3695.15,0,0.0036966,9.09994e-06,1.02576,1.57498,6.99097,1.14185,8.44984,0.42336,0.0018483,0.21168,0.0018483,0.21168,460.486,0,1.02816,0,0,2.05392,1.02576,1.028160,1,0,51.902,0,0,0,51.902,0
71.329,2.59572,0,0,2.59265,0.180806,0.36288,3.6288,61.308,0.373771,0,0,1.02907,0.2203,0.434996,0.66528,12.849,1,0.464028,0.36288,0,46.8202,4.24851,42.4705,0.84672,12.849,0.84672,3695.15,0,0.0036966,1.12684e-05,0.78027,1.575,5.77744,1.15802,6.97468,0.42336,0.0018483,0.21168,0.0018483,0.21168,460.486,0,1.02816,0,0,1.80843,0.78027,1.028160,1,0,49.8802,0,0,0,49.8802,0
70.4233,2.59274,0,0,2.17612,0.1262,0.36288,3.6288,61.308,0.373792,0,0,0.897722,0.226258,0.297672,0.66528,12.849,1,0.467049,0.36288,0,39.553,4.43709,35.0117,0.84672,12.849,0.84672,3695.15,0,0.0036966,1.1269e-05,0.699278,1.65655,4.76671,1.10797,6.01456,0.42336,0.0018483,0.21168,0.0018483,0.21168,460.486,0,1.02816,0,0,1.72744,0.699278,1.028160,1,0,41.3239,0,0,0,41.3239,0
69.4597,2.5877,0,0,2.11225,0.125326,0.36288,3.6288,61.308,0.373813,0,0,0.953364,0.226258,0.353292,0.66528,12.849,1,0.472136,0.36288,0,37.7,4.43709,33.1537,0.84672,12.849,0.84672,3695.15,0,0.0036966,1.12696e-05,0.679467,1.65657,5.07081,1.10797,6.29887,0.42336,0.0018483,0.21168,0.0018483,0.21168,460.486,0,1.02816,0,0,1.70763,0.679467,1.028160,1,0,39.8058,0,0,0,39.8058,0
68.3941,2.58221,0,0,2.0039,0.124397,0.36288,3.6288,61.308,0.373834,0,0,0.926433,0.226258,0.32634,0.66528,12.849,1,0.477671,0.36288,0,35.4091,4.43709,30.8572,0.84672,12.849,0.84672,3695.15,0,0.0036966,1.12703e-05,0.606779,1.6566,4.68825,1.10797,5.84365,0.42336,0.0018483,0.21168,0.0018483,0.21168,460.486,0,1.02816,0,0,1.63494,0.606779,1.028160,1,0,37.0272,0,0,0,37.0272,0
67.2677,2.57599,0,0,1.93507,0.122531,0.36288,3.6288,61.308,0.373856,0,0,0.88242,0.235818,0.272747,0.66528,12.849,1,0.483943,0.36288,0,32.7662,4.68138,27.9637,0.84672,12.849,0.84672,3695.15,0,0.0036966,1.12709e-05,0.523117,1.65662,4.29079,1.13978,5.33073,0.42336,0.0018483,0.21168,0.0018483,0.21168,460.486,0,1.02816,0,0,1.55128,0.523117,1.028160,1,0,33.5672,0,0,0,33.5672,0
66.1929,2.54621,0,0,1.95367,0.119375,0.36288,3.6288,61.308,0.413401,0,0,0.892642,0.259717,0.219524,0.66528,12.849,1,0.486359,0.36288,0,30.2177,5.2921,24.8021,0.84672,12.849,0.84672,3695.15,0,0.0036966,1.24631e-05,0.638271,1.65665,3.6402,1.21932,4.7158,0.42336,0.0018483,0.21168,0.0018483,0.21168,460.486,0,1.02816,0,0,1.66643,0.638271,1.028160,1,0,29.7374,0,0,0,29.7374,0
65.1176,2.53963,0,0,1.94549,0.118363,0.36288,3.6288,61.308,0.413422,0,0,0.891985,0.259717,0.218846,0.66528,12.849,1,0.492979,0.36288,0,28.5454,5.2921,23.1232,0.84672,12.849,0.84672,3695.15,0,0.0036966,1.24638e-05,0.746824,1.68208,3.9216,1.21932,5.13117,0.42336,0.0018483,0.21168,0.0018483,0.21168,460.486,0,1.02816,0,0,1.77498,0.746824,1.028160,1,0,28.4733,0,0,0,28.4733,0
63.977,2.53287,0,0,1.86797,0.112826,0.36288,3.6288,61.308,0.413444,0,0,0.857529,0.267489,0.176595,0.66528,12.849,1,0.499786,0.36288,0,26.7944,5.40069,21.2568,0.84672,12.849,0.84672,3695.15,0,0.0036966,1.24644e-05,0.764597,1.6821,3.975,1.25607,5.16562,0.42336,0.0018483,0.21168,0.0018483,0.21168,460.486,0,1.02816,0,0,1.79276,0.764597,1.028160,1,0,26.599,0,0,0,26.599,0
62.6467,2.52549,0,0,1.64325,0.0850927,0.36288,3.6288,61.308,0.413466,0,0,0.811477,0.311444,0.086568,0.66528,12.849,1,0.507214,0.36288,0,25.3505,6.1878,19.0183,0.84672,12.849,0.84672,3695.15,0,0.0036966,1.24651e-05,0.539378,1.68213,3.81505,1.52686,4.50969,0.42336,0.0018483,0.21168,0.0018483,0.21168,460.486,0,1.02816,0,0,1.56754,0.539378,1.028160,1,0,23.6146,0,0,0,23.6146,0
61.2683,2.57532,0,0,1.65211,0.0923196,0.36288,3.6288,61.308,0.448714,0,0,0.827703,0.266938,0.112052,0.66528,12.849,1,0.528204,0.36288,0,25.141,4.97607,19.9996,0.84672,12.849,0.84672,3695.15,0,0.0036966,1.35277e-05,0.68504,1.68215,3.70776,1.2096,4.86534,0.42336,0.0018483,0.21168,0.0018483,0.21168,460.486,0,1.02816,0,0,1.7132,0.68504,1.028160,1,0,24.977,0,0,0,24.977,0
59.8493,2.56553,0,0,1.58064,0.0712325,0.36288,3.6288,61.308,0.448736,0,0,0.82074,0.336002,0.0360008,0.66528,12.849,1,0.538036,0.36288,0,23.7105,6.06921,17.4661,0.84672,12.849,0.84672,3695.15,0,0.0036966,1.35284e-05,0.488065,1.72266,3.16068,1.53693,3.83446,0.42336,0.0018483,0.21168,0.0018483,0.21168,460.486,0,1.02816,0,0,1.51622,0.488065,1.028160,1,0,21.3366,0,0,0,21.3366,0
58.4141,2.55507,0,0,1.55302,0.0703568,0.36288,3.6288,61.254,0.448759,0,0,0.73078,0.336002,0,0.66528,12.849,1,0.548546,0.36288,0,22.6082,6.06921,16.3533,0.84672,12.849,0.84672,3695.15,0,0.0036966,1.35291e-05,0.764631,1.72268,2.88368,1.53693,3.83404,0.42336,0.0018483,0.21168,0.0018483,0.21168,460.486,0,1.02816,0,0,1.79279,0.764631,1.028160,1,0,20.1874,0,0,0,20.1874,0
57.1927,2.54406,0,0,1.75497,0.0693897,0.36288,3.6288,61.308,0.448781,0,0,0.902232,0.335888,0.0635823,0.66528,12.849,1,0.559602,0.36288,0,28.1457,6.06921,21.8797,0.84672,12.849,0.84672,3695.15,0,0.0036966,1.35417e-05,0.561177,1.72271,3.49459,1.53693,4.24153,0.42336,0.0018483,0.21168,0.0018483,0.21168,460.486,0,1.02816,0,0,1.58934,0.561177,1.028160,1,0,26.1848,0,0,0,26.1848,0
55.5203,2.7036,0,0,1.46216,0.0680927,0.36288,3.6288,61.0744,0.575961,0,0,0.675269,0.332888,0,0.66528,12.849,1,0.607394,0.36288,0,21.9612,5.97088,15.7458,0.84672,12.849,0.84672,3695.15,0,0.0036966,1.73639e-05,0.510754,1.72274,3.33311,1.53271,4.03388,0.42336,0.0018483,0.21168,0.0018483,0.21168,460.486,0,1.02816,0,0,1.53891,0.510754,1.028160,1,0,19.7797,0,0,0,19.7797,0
53.9737,2.68878,0,0,1.57137,0.0663519,0.36288,3.6288,60.8878,0.575985,0,0,0.717564,0.328249,0,0.66528,12.849,1,0.622261,0.36288,0,21.2247,5.83979,15.1255,0.84672,12.849,0.84672,3695.15,0,0.0036966,1.74311e-05,0.693248,1.85985,3.82773,1.52707,4.85374,0.42336,0.0018483,0.21168,0.0018483,0.21168,460.486,0,1.02816,0,0,1.72141,0.693248,1.028160,1,0,19.9793,0,0,0,19.9793,0
52.1318,2.67441,0,0,1.26077,0.0653266,0.36288,3.6288,60.5481,0.576009,0,0,0.564237,0.327861,0,0.66528,12.849,1,0.636672,0.36288,0,24.9648,5.83979,18.8513,0.84672,12.849,0.84672,3695.15,0,0.0036966,1.74852e-05,0.352728,1.85988,3.17966,1.52707,3.86518,0.42336,0.0018483,0.21168,0.0018483,0.21168,460.486,0,1.02816,0,0,1.38089,0.352728,1.028160,1,0,22.7164,0,0,0,22.7164,0
50.5416,2.6564,0,0,1.49316,0.0641056,0.36288,3.6288,60.5062,0.576033,0,0,0.861294,0.327155,0,0.66528,12.849,1,0.654728,0.36288,0,21.4279,5.83979,15.2963,0.84672,12.849,0.84672,3695.15,0,0.0036966,1.75841e-05,1.0491,1.85991,4.29989,1.52707,5.68182,0.42336,0.0018483,0.21168,0.0018483,0.21168,460.486,0,1.02816,0,0,2.07726,1.0491,1.028160,1,0,20.9781,0,0,0,20.9781,0
48.7077,2.64002,0,0,1.23773,0.0686779,0.36288,3.6288,60.2615,0.576057,0,0,0.639484,0.308161,0,0.66528,12.849,1,0.671162,0.36288,0,19.6218,5.38377,13.9297,0.84672,12.849,0.84672,3695.15,0,0.0036966,1.7597e-05,0.567147,1.85994,4.30186,1.34688,5.38205,0.42336,0.0018483,0.21168,0.0018483,0.21168,460.486,0,1.02816,0,0,1.59531,0.567147,1.028160,1,0,19.3118,0,0,0,19.3118,0
46.8099,2.54012,0,0,1.09129,0.0860964,0.36288,3.6288,60.4213,0.498895,0,0,0.948957,0.2903,0,0.66528,12.849,1,0.670078,0.36288,0,17.3633,5.23551,11.8206,0.84672,12.849,0.84672,3695.15,0,0.0036966,1.53018e-05,1.17464,1.85996,4.14187,1.27311,5.90335,0.42336,0.0018483,0.21168,0.0018483,0.21168,460.486,0,1.02816,0,0,2.2028,1.17464,1.028160,1,0,17.7239,0,0,0,17.7239,0
44.7777,2.51884,0,0,0.933785,0.0843271,0.36288,3.6288,60.151,0.5038,0,0,0.524134,0.290595,0,0.66528,12.849,1,0.691404,0.36288,0,17.3461,5.23551,11.7821,0.84672,12.849,0.84672,3695.15,0,0.0036966,1.54114e-05,0.204422,1.78142,3.08257,1.27311,3.79529,0.42336,0.0018483,0.21168,0.0018483,0.21168,460.486,0,1.02328,0,0,1.2277,0.204422,1.028160,1,0,15.5774,0,0,0,15.5774,0
42.7969,2.49449,0,0,0.974255,0.0976251,0.36288,3.6288,59.827,0.553501,0,0,0.504579,0.275046,0,0.66528,12.849,1,0.715797,0.36288,0,16.6731,5.02788,11.2923,0.84672,12.849,0.84672,3695.15,0,0.0036966,1.70078e-05,0.216518,1.78145,3.10207,1.20821,3.89181,0.42336,0.0018483,0.21168,0.0018483,0.21168,460.486,0,0.973598,0,0,1.19012,0.216518,1.028160,1,0,15.1841,0,0,0,15.1841,0
42.6067,2.46905,0,0,2.82626,0.184552,0.36288,3.6288,60.3327,0.498964,0,0,1.18902,0.184362,0,0.66528,12.849,1,0.741286,0.36288,0,50.2538,3.7821,46.0933,0.84672,12.849,0.84672,3695.15,0,0.0036966,1.5415e-05,0.80587,1.78148,8.14753,0.818827,9.91603,0.42336,0.0018483,0.21168,0.0018483,0.21168,460.486,0,1.02816,0,0,1.83403,0.80587,1.028160,1,0,56.0093,0,0,0,56.0093,0
41.1909,2.40282,0,0,1.46559,0.115692,0.36288,3.6288,60.5673,0.428725,0,0,0.850369,0.187063,0,0.66528,12.849,1,0.724625,0.36288,0,28.7788,3.87412,24.5429,0.84672,12.849,0.84672,3695.15,0,0.0036966,1.3134e-05,0.488402,1.7815,5.04629,0.80334,6.51284,0.42336,0.0018483,0.21168,0.0018483,0.21168,460.486,0,1.02816,0,0,1.51656,0.488402,1.028160,1,0,31.0558,0,0,0,31.0558,0
39.7831,2.38387,0,0,1.49722,0.158246,0.36288,3.6288,60.5878,0.510539,0,0,0.709015,0.17802,0,0.66528,12.849,1,0.74362,0.36288,0,29.8087,4.00829,25.4197,0.84672,12.849,0.84672,3695.15,0,0.0036966,1.55799e-05,0.216518,1.7117,5.43656,0.921158,6.4436,0.42336,0.0018483,0.21168,0.0018483,0.21168,460.486,0,0.946365,0,0,1.16288,0.216518,1.028160,1,0,31.8633,0,0,0,31.8633,0
38.1184,2.36402,0,0,1.24592,0.183703,0.36288,3.6288,60.0876,0.822413,0,0,0.496255,0.173975,0,0.66528,12.849,1,0.763521,0.36288,0,24.218,4.04723,19.7701,0.84672,12.849,0.84672,3695.15,0,0.0036966,2.50887e-05,0.216518,1.71173,4.53901,0.970763,5.49647,0.42336,0.0018483,0.21168,0.0018483,0.21168,460.486,0,0.634504,0,0,0.851023,0.216518,1.028160,1,0,25.2666,0,0,0,25.2666,0
37.1117,2.33911,0,0,1.87544,0.180197,0.36288,3.6288,60.6872,0.428791,0,0,1.20175,0.173423,0,0.66528,12.849,1,0.78847,0.36288,0,37.7651,4.04723,33.2923,0.84672,12.849,0.84672,3695.15,0,0.0036966,1.31896e-05,1.43154,1.71175,9.20375,0.970763,11.3763,0.42336,0.0018483,0.21168,0.0018483,0.21168,460.486,0,1.02816,0,0,2.4597,1.43154,1.028160,1,0,44.6685,0,0,0,44.6685,0
39.0634,2.14829,0,0,4.64566,0.182758,0.36288,3.6288,61.308,0.282468,0,0,2.58355,0.179314,1.50093,0.66528,12.849,1,0.743791,0.36288,0,101.446,3.98328,97.0815,0.84672,12.849,0.84672,3695.15,0,0.0036966,8.6029e-06,3.26914,1.71178,13.0933,0.974571,17.0997,0.42336,0.0018483,0.21168,0.0018483,0.21168,460.486,0,1.02816,0,0,4.2973,3.26914,1.028160,1,0,115.682,0,0,0,115.682,0
40.1526,2.17629,0,0,3.82169,0.193364,0.36288,3.6288,61.308,0.282488,0,0,1.50864,0.18702,1.03913,0.66528,12.849,1,0.715839,0.36288,0,67.582,3.89802,63.331,0.84672,12.849,0.84672,3695.15,0,0.0036966,8.51638e-06,1.43681,1.55459,7.2157,0.979647,9.22744,0.42336,0.0018483,0.21168,0.0018483,0.21168,460.486,0,1.02816,0,0,2.46497,1.43681,1.028160,1,0,73.5976,0,0,0,73.5976,0
40.7219,2.19103,0,0,3.31908,0.195833,0.36288,3.6288,61.308,0.282507,0,0,1.4715,0.18702,1.00198,0.66528,12.849,1,0.70114,0.36288,0,56.8265,3.89802,52.5902,0.84672,12.849,0.84672,3695.15,0,0.0036966,8.51697e-06,1.32948,1.55462,7.04575,0.979647,8.95019,0.42336,0.0018483,0.21168,0.0018483,0.21168,460.486,0,1.02816,0,0,2.35764,1.32948,1.028160,1,0,62.5424,0,0,0,62.5424,0
42.5372,2.19852,0,0,4.57315,0.19647,0.36288,3.6288,61.308,0.282527,0,0,1.39959,0.197794,0.919273,0.66528,12.849,1,0.693699,0.36288,0,58.2617,4.22877,53.7021,0.84672,12.849,0.84672,3695.15,0,0.0036966,8.51757e-06,1.42522,1.55464,6.94647,1.08233,8.844,0.42336,0.0018483,0.21168,0.0018483,0.21168,460.486,0,1.02816,0,0,2.45338,1.42522,1.028160,1,0,63.4654,0,0,0,63.4654,0
45.1216,2.22129,0,0,5.36749,0.198927,0.36288,3.6288,61.308,0.282547,0,0,1.71545,0.224726,1.20817,0.66528,12.849,1,0.670974,0.36288,0,73.1593,5.05564,67.7955,0.84672,12.849,0.84672,3695.15,0,0.0036966,8.51816e-06,2.19877,1.55466,8.96452,1.33903,11.3789,0.42336,0.0018483,0.21168,0.0018483,0.21168,460.486,0,1.02816,0,0,3.22693,2.19877,1.028160,1,0,80.3826,0,0,0,80.3826,0
44.0218,2.32176,0,0,1.80154,0.216678,0.36288,3.6288,61.308,0.324946,0,0,0.921024,0.214348,0.38173,0.66528,12.849,1,0.661154,0.36288,0,37.1095,4.21139,32.5998,0.84672,12.849,0.84672,3695.15,0,0.0036966,9.79639e-06,0.673453,1.55469,4.94075,0.951538,6.21734,0.42336,0.0018483,0.21168,0.0018483,0.21168,460.486,0,1.02816,0,0,1.70161,0.673453,1.028160,1,0,39.1989,0,0,0,39.1989,0
43.2377,2.309,0,0,2.10915,0.221385,0.36288,3.6288,61.308,0.32496,0,0,0.817793,0.2153,0.277534,0.66528,12.849,1,0.673946,0.36288,0,45.1621,4.11201,40.739,0.84672,12.849,0.84672,3695.15,0,0.0036966,9.79681e-06,0.461229,1.60443,5.91613,0.930687,7.05109,0.42336,0.0018483,0.21168,0.0018483,0.21168,460.486,0,1.02816,0,0,1.48939,0.461229,1.028160,1,0,48.0676,0,0,0,48.0676,0
43.0562,2.2996,0,0,2.7004,0.219404,0.36288,3.6288,61.308,0.324973,0,0,0.923305,0.2153,0.383032,0.66528,12.849,1,0.683375,0.36288,0,60.2865,4.11201,55.854,0.84672,12.849,0.84672,3695.15,0,0.0036966,9.79723e-06,0.692185,1.60445,7.01767,0.930687,8.38361,0.42336,0.0018483,0.21168,0.0018483,0.21168,460.486,0,1.02816,0,0,1.72034,0.692185,1.028160,1,0,64.6206,0,0,0,64.6206,0
42.1242,2.29741,0,0,1.94721,0.218946,0.36288,3.6288,61.308,0.383297,0,0,0.819685,0.2153,0.221089,0.66528,12.849,1,0.6856,0.36288,0,40.8962,4.11201,36.4615,0.84672,12.849,0.84672,3695.15,0,0.0036966,1.15555e-05,0.503194,1.60447,5.63388,0.930687,6.81085,0.42336,0.0018483,0.21168,0.0018483,0.21168,460.486,0,0.969849,0,0,1.47304,0.503194,1.028160,1,0,43.4934,0,0,0,43.4934,0
41.3283,2.50876,0,0,2.30954,0.233754,0.36288,3.6288,61.308,0.4841,0,0,1.05748,0.198866,0.374509,0.66528,12.849,1,0.765237,0.36288,0,50.5917,4.36383,45.8255,0.84672,12.849,0.84672,3695.15,0,0.0036966,1.45946e-05,0.927659,1.60448,6.05778,1.06395,7.52596,0.42336,0.0018483,0.21168,0.0018483,0.21168,460.486,0,1.02816,0,0,1.95582,0.927659,1.028160,1,0,53.726,0,0,0,53.726,0
42.5788,2.49754,0,0,4.35708,0.24618,0.36288,3.6288,61.308,0.484116,0,0,0.811175,0.201139,0.12592,0.66528,12.849,1,0.776486,0.36288,0,85.7779,4.43394,80.9304,0.84672,12.849,0.84672,3695.15,0,0.0036966,1.4595e-05,0.921413,1.78195,6.8914,1.13742,8.45733,0.42336,0.0018483,0.21168,0.0018483,0.21168,460.486,0,1.02816,0,0,1.94957,0.921413,1.028160,1,0,89.5136,0,0,0,89.5136,0
41.4487,2.49814,0,0,1.97615,0.245252,0.36288,3.6288,60.7195,0.894618,0,0,0.509305,0.203199,0,0.66528,12.849,1,0.753862,0.36288,0,42.2775,4.42145,37.4651,0.84672,12.849,0.84672,3695.15,0,0.0036966,2.69707e-05,0.503194,1.78197,4.10519,1.12906,5.26127,0.42336,0.0018483,0.21168,0.0018483,0.21168,460.486,0,0.639723,0,0,1.14292,0.503194,1.028160,1,0,42.7264,0,0,0,42.7264,0
40.6912,2.48248,0,0,2.30293,0.215089,0.36288,3.6288,60.1471,0.876094,0,0,0.518505,0.214755,0,0.66528,12.849,1,0.769564,0.36288,0,45.4143,4.34648,40.6612,0.84672,12.849,0.84672,3695.15,0,0.0036966,2.66683e-05,0.608429,1.7949,5.12795,1.07885,6.45241,0.42336,0.0018483,0.21168,0.0018483,0.21168,460.486,0,0.658247,0,0,1.26668,0.608429,1.028160,1,0,47.1136,0,0,0,47.1136,0
40.4626,2.15621,0,0,2.53221,0.241661,0.36288,3.6288,60.6769,0.29267,0,0,1.00516,0.182722,0,0.66528,12.849,1,0.680865,0.36288,0,48.4561,3.72175,44.4164,0.84672,12.849,0.84672,3695.15,0,0.0036966,8.99365e-06,1.04863,1.79491,6.21726,0.916601,8.14418,0.42336,0.0018483,0.21168,0.0018483,0.21168,460.486,0,1.02816,0,0,2.07679,1.04863,1.028160,1,0,52.5606,0,0,0,52.5606,0
42.5225,1.99127,0,0,4.6763,0.262312,0.36288,3.6288,61.308,0.50619,0,0,1.41608,0.15982,0.118982,0.66528,12.849,1,0.632332,0.36288,0,87.2774,3.25322,83.7547,0.84672,12.849,0.84672,3695.15,0,0.0036966,1.54192e-05,1.85555,1.55217,8.15771,0.794917,10.7705,0.42336,0.0018483,0.21168,0.0018483,0.21168,460.486,0,1.02816,0,0,2.88371,1.85555,1.028160,1,0,94.6442,0,0,0,94.6442,0
45.8618,2.01483,0,0,5.98575,0.268737,0.36288,3.6288,61.308,0.50619,0,0,1.26329,0.16046,0.596639,0.66528,12.849,1,0.608819,0.36288,0,93.738,3.25322,90.2388,0.84672,12.849,0.84672,3695.15,0,0.0036966,1.52605e-05,1.98379,1.67713,9.38399,0.794917,12.25,0.42336,0.0018483,0.21168,0.0018483,0.21168,460.486,0,1.02816,0,0,3.01195,1.98379,1.028160,1,0,103.085,0,0,0,103.085,0
47.7488,2.04949,0,0,4.57129,0.271904,0.36288,3.6288,61.308,0.50619,0,0,1.34333,0.210436,0.626704,0.66528,12.849,1,0.574202,0.36288,0,77.5181,4.36391,72.9429,0.84672,12.849,0.84672,3695.15,0,0.0036966,1.52605e-05,1.90693,1.67714,9.04254,1.09767,11.5289,0.42336,0.0018483,0.21168,0.0018483,0.21168,460.486,0,1.02816,0,0,2.93509,1.90693,1.028160,1,0,85.0985,0,0,0,85.0985,0
49.942,2.25297,0,0,5.08455,0.275485,0.36288,3.6288,61.308,0.270694,0,0,1.3459,0.212636,0.862567,0.66528,12.849,1,0.606265,0.36288,0,72.7548,4.46934,68.0421,0.84672,12.849,0.84672,3695.15,0,0.0036966,8.16081e-06,1.83339,1.67715,8.28734,1.12757,10.6703,0.42336,0.0018483,0.21168,0.0018483,0.21168,460.486,0,1.02816,0,0,2.86155,1.83339,1.028160,1,0,79.575,0,0,0,79.575,0
52.072,2.35727,0,0,5.12655,0.276443,0.36288,3.6288,61.308,0.322945,0,0,1.65664,0.175858,1.15784,0.66528,12.849,1,0.606474,0.36288,0,105.614,3.99126,101.379,0.84672,12.849,0.84672,3695.15,0,0.0036966,9.73607e-06,2.12077,1.53934,8.57866,1.00424,11.2345,0.42336,0.0018483,0.21168,0.0018483,0.21168,460.486,0,1.02816,0,0,3.14893,2.12077,1.028160,1,0,113.771,0,0,0,113.771,0
54.2118,2.37719,0,0,5.16254,0.282674,0.36288,3.6288,61.308,0.322959,0,0,1.83428,0.175858,1.33546,0.66528,12.849,1,0.586583,0.36288,0,106.186,3.99126,101.971,0.84672,12.849,0.84672,3695.15,0,0.0036966,9.73649e-06,2.70997,1.59929,9.22562,1.00424,12.5306,0.42336,0.0018483,0.21168,0.0018483,0.21168,460.486,0,1.02816,0,0,3.73813,2.70997,1.028160,1,0,115.837,0,0,0,115.837,0
54.9724,2.39593,0,0,3.80839,0.288933,0.36288,3.6288,61.308,0.322973,0,0,1.36104,0.175858,0.862211,0.66528,12.849,1,0.567872,0.36288,0,76.242,3.99126,72.0457,0.84672,12.849,0.84672,3695.15,0,0.0036966,9.7369e-06,1.42125,1.59931,6.53645,1.00424,8.55276,0.42336,0.0018483,0.21168,0.0018483,0.21168,460.486,0,1.02816,0,0,2.44941,1.42125,1.028160,1,0,81.4607,0,0,0,81.4607,0
55.3085,2.40233,0,0,3.36473,0.263395,0.36288,3.6288,61.308,0.322986,0,0,1.13767,0.189316,0.62537,0.66528,12.849,1,0.561509,0.36288,0,66.839,4.10346,62.537,0.84672,12.849,0.84672,3695.15,0,0.0036966,9.73732e-06,1.19013,1.59933,5.64916,1.01835,7.42026,0.42336,0.0018483,0.21168,0.0018483,0.21168,460.486,0,1.02816,0,0,2.21829,1.19013,1.028160,1,0,70.5826,0,0,0,70.5826,0
55.6341,2.37197,0,0,3.29072,0.230342,0.36288,3.6288,61.308,0.302711,0,0,0.927072,0.216657,0.407704,0.66528,12.849,1,0.551045,0.36288,0,56.1997,4.04854,51.963,0.84672,12.849,0.84672,3695.15,0,0.0036966,9.12605e-06,1.29411,1.59934,5.16482,1.00707,7.05119,0.42336,0.0018483,0.21168,0.0018483,0.21168,460.486,0,1.02816,0,0,2.32227,1.29411,1.028160,1,0,59.4219,0,0,0,59.4219,0
55.3052,2.37462,0,0,2.62889,0.220295,0.36288,3.6288,61.308,0.302724,0,0,0.69514,0.221202,0.171213,0.66528,12.849,1,0.548431,0.36288,0,46.7966,3.9985,42.6125,0.84672,12.849,0.84672,3695.15,0,0.0036966,9.12646e-06,0.841787,1.57603,4.08331,1.00693,5.49418,0.42336,0.0018483,0.21168,0.0018483,0.21168,460.486,0,1.02816,0,0,1.86995,0.841787,1.028160,1,0,48.2779,0,0,0,48.2779,0
54.6601,2.37199,0,0,2.30939,0.219572,0.36288,3.6288,61.308,0.302738,0,0,0.669795,0.221202,0.145855,0.66528,12.849,1,0.551084,0.36288,0,43.4895,3.9985,39.3028,0.84672,12.849,0.84672,3695.15,0,0.0036966,9.12687e-06,0.703097,1.57604,4.00718,1.00693,5.27938,0.42336,0.0018483,0.21168,0.0018483,0.21168,460.486,0,1.02816,0,0,1.73126,0.703097,1.028160,1,0,44.7281,0,0,0,44.7281,0
54.3312,2.36675,0,0,2.61887,0.218154,0.36288,3.6288,61.308,0.302751,0,0,0.699182,0.221202,0.175228,0.66528,12.849,1,0.556355,0.36288,0,48.7664,3.9985,44.5744,0.84672,12.849,0.84672,3695.15,0,0.0036966,9.12728e-06,0.577714,1.57606,4.63562,1.00693,5.78246,0.42336,0.0018483,0.21168,0.0018483,0.21168,460.486,0,1.02816,0,0,1.60587,0.577714,1.028160,1,0,50.5321,0,0,0,50.5321,0
53.497,2.4762,0,0,2.15881,0.153922,0.36288,3.6288,61.308,0.37472,0,0,0.626793,0.243808,0.00826535,0.66528,12.849,1,0.585606,0.36288,0,36.9611,4.40013,32.3383,0.84672,12.849,0.84672,3695.15,0,0.0036966,1.1297e-05,0.440346,1.57607,3.56819,1.08788,4.49672,0.42336,0.0018483,0.21168,0.0018483,0.21168,460.486,0,1.02816,0,0,1.46851,0.440346,1.028160,1,0,36.8433,0,0,0,36.8433,0
52.2407,2.46886,0,0,1.72218,0.146734,0.36288,3.6288,61.1223,0.515312,0,0,0.561105,0.231539,0,0.66528,12.849,1,0.592975,0.36288,0,29.8867,4.38396,25.2727,0.84672,12.849,0.84672,3695.15,0,0.0036966,1.55355e-05,0.402797,1.65767,3.00722,1.07605,3.99163,0.42336,0.0018483,0.21168,0.0018483,0.21168,460.486,0,0.887579,0,0,1.29038,0.402797,1.028160,1,0,29.2643,0,0,0,29.2643,0
50.9103,2.45744,0,0,1.63475,0.144854,0.36288,3.6288,60.7484,0.654702,0,0,0.512099,0.231267,0,0.66528,12.849,1,0.604425,0.36288,0,27.0836,4.38396,22.4581,0.84672,12.849,0.84672,3695.15,0,0.0036966,1.97978e-05,0.402797,1.65769,2.82258,1.07605,3.807,0.42336,0.0018483,0.21168,0.0018483,0.21168,460.486,0,0.748198,0,0,1.15099,0.402797,1.028160,1,0,26.2651,0,0,0,26.2651,0
49.4714,2.44485,0,0,1.48193,0.113077,0.36288,3.6288,60.3923,0.590722,0,0,0.488866,0.254245,0,0.66528,12.849,1,0.617043,0.36288,0,23.8806,4.65171,18.9747,0.84672,12.849,0.84672,3695.15,0,0.0036966,1.7973e-05,0.30119,1.65771,2.74927,1.14446,3.56369,0.42336,0.0018483,0.21168,0.0018483,0.21168,460.486,0,0.812195,0,0,1.11338,0.30119,1.028160,1,0,22.5384,0,0,0,22.5384,0
47.956,2.43062,0,0,1.37636,0.098259,0.36288,3.6288,59.9062,0.683363,0,0,0.460616,0.263367,0,0.66528,12.849,1,0.631296,0.36288,0,23.4786,4.78027,18.4299,0.84672,12.849,0.84672,3695.15,0,0.0036966,2.09143e-05,0.30119,1.65772,2.60987,1.19621,3.37255,0.42336,0.0018483,0.21168,0.0018483,0.21168,460.486,0,0.719565,0,0,1.02076,0.30119,1.028160,1,0,21.8025,0,0,0,21.8025,0
46.2877,2.39329,0,0,1.17641,0.0885242,0.36288,3.6288,59.1935,0.863806,0,0,0.415543,0.264391,0,0.66528,12.849,1,0.64124,0.36288,0,23.853,4.90907,18.6655,0.84672,12.849,0.84672,3695.15,0,0.0036966,2.66512e-05,0.30119,1.65774,1.97878,1.3425,2.59517,0.42336,0.0018483,0.21168,0.0018483,0.21168,460.486,0,0.578681,0,0,0.879872,0.30119,1.028160,1,0,21.2607,0,0,0,21.2607,0
44.5643,2.37522,0,0,1.10161,0.0869119,0.36288,3.6288,58.4084,0.91692,0,0,0.39504,0.263189,0,0.66528,12.849,1,0.659336,0.36288,0,23.8219,4.90907,18.6163,0.84672,12.849,0.84672,3695.15,0,0.0036966,2.86306e-05,0.30119,1.68317,2.03353,1.3425,2.67536,0.42336,0.0018483,0.21168,0.0018483,0.21168,460.486,0,0.52558,0,0,0.82677,0.30119,1.028160,1,0,21.2917,0,0,0,21.2917,0
42.7626,2.35545,0,0,1.00186,0.0852463,0.36288,3.6288,57.6441,0.887724,0,0,0.385214,0.261865,0,0.66528,12.849,1,0.679134,0.36288,0,23.3554,4.90907,18.1301,0.84672,12.849,0.84672,3695.15,0,0.0036966,2.80915e-05,0.261274,1.68319,1.94848,1.3425,2.55041,0.42336,0.0018483,0.21168,0.0018483,0.21168,460.486,0,0.554792,0,0,0.816065,0.261274,1.028160,1,0,20.6805,0,0,0,20.6805,0
40.8921,2.33347,0,0,0.909343,0.0835051,0.36288,3.6288,56.7651,0.979769,0,0,0.36139,0.260576,0,0.66528,12.849,1,0.701143,0.36288,0,20.8116,4.90907,15.5643,0.84672,12.849,0.84672,3695.15,0,0.0036966,3.14153e-05,0.261274,1.68321,1.88488,1.3425,2.48682,0.42336,0.0018483,0.21168,0.0018483,0.21168,460.486,0,0.462758,0,0,0.724032,0.261274,1.028160,1,0,18.0511,0,0,0,18.0511,0
38.937,2.36297,0,0,0.831617,0.0608204,0.36288,3.6288,55.7153,1.0911,0,0,0.362724,0.321414,0,0.66528,12.849,1,0.742487,0.36288,0,17.9291,5.89344,11.6561,0.84672,12.849,0.84672,3695.15,0,0.0036966,3.55269e-05,0.261274,1.68323,1.6199,1.55532,2.00905,0.42336,0.0018483,0.21168,0.0018483,0.21168,460.486,0,0.386683,0,0,0.647957,0.261274,1.028160,1,0,13.6651,0,0,0,13.6651,0
37.0329,2.33496,0,0,0.854677,0.060921,0.36288,3.6288,54.7789,1.0085,0,0,0.386466,0.314348,0,0.66528,12.849,1,0.770525,0.36288,0,23.7204,5.89197,17.4208,0.84672,12.849,0.84672,3695.15,0,0.0036966,3.34559e-05,0.261274,1.72375,1.75054,1.49618,2.23935,0.42336,0.0018483,0.21168,0.0018483,0.21168,460.486,0,0.469308,0,0,0.730581,0.261274,1.028160,1,0,19.6602,0,0,0,19.6602,0
35.144,2.26362,0,0,0.797109,0.0595779,0.36288,3.6288,53.7344,1.07444,0,0,0.342306,0.312419,0,0.66528,12.849,1,0.785387,0.36288,0,18.7651,5.89197,12.4507,0.84672,12.849,0.84672,3695.15,0,0.0036966,3.62528e-05,0.261274,1.72377,1.59784,1.49618,2.08666,0.42336,0.0018483,0.21168,0.0018483,0.21168,460.486,0,0.45989,0,0,0.721164,0.261274,1.028160,1,0,14.5373,0,0,0,14.5373,0
33.2152,2.23274,0,0,0.725052,0.0582456,0.36288,3.6288,52.5923,1.15343,0,0,0.321532,0.310228,0,0.66528,12.849,1,0.816311,0.36288,0,17.2552,5.89197,10.9098,0.84672,12.849,0.84672,3695.15,0,0.0036966,3.96746e-05,0.227405,1.75686,1.46238,1.49618,1.95042,0.42336,0.0018483,0.21168,0.0018483,0.21168,460.486,0,0.380894,0,0,0.608299,0.227405,1.028160,1,0,12.8602,0,0,0,12.8602,0
31.0836,2.40977,0,0,0.689963,0.0488993,0.36288,3.6288,51.5233,1.12004,0,0,0.358627,0.307544,0,0.66528,12.849,1,0.84672,0.36288,0,16.7117,6.09474,10.1331,0.84672,12.849,0.84672,3695.15,0,0.0036966,3.93625e-05,0.227405,1.75687,2.03094,1.52055,2.49463,0.42336,0.0018483,0.21168,0.0018483,0.21168,460.486,0,0.541531,0,0,0.768936,0.227405,1.028160,1,0,12.6277,0,0,0,12.6277,0
28.6179,2.46628,0,0,0.414185,0.050726,0.36288,3.6288,50.2585,1.25038,0,0,0.2739,0.288282,0,0.66528,12.849,1,0.84672,0.36288,0,12.9265,6.07824,6.3644,0.84672,12.849,0.84672,3695.15,0,0.0036966,4.48548e-05,0.227405,1.89405,1.9122,1.47689,2.55672,0.42336,0.0018483,0.21168,0.0018483,0.21168,460.486,0,0.354719,0,0,0.582124,0.227405,1.028160,1,0,8.92111,0,0,0,8.92111,0
26.3548,2.4663,0,0,0.62167,0.0555509,0.36288,3.6288,49.166,1.13536,0,0,0.326135,0.283345,0,0.66528,12.849,1,0.84672,0.36288,0,19.0884,6.01887,12.5856,0.84672,12.849,0.84672,3695.15,0,0.0036966,4.17537e-05,0.227405,1.86101,2.0321,1.46961,2.65087,0.42336,0.0018483,0.21168,0.0018483,0.21168,460.486,0,0.469757,0,0,0.697162,0.227405,1.028160,1,0,15.2365,0,0,0,15.2365,0
24.3375,2.46632,0,0,0.875375,0.0634558,0.36288,3.6288,48.2328,1.07931,0,0,0.418605,0.272464,0,0.66528,12.849,1,0.84672,0.36288,0,24.9153,6.02321,18.4083,0.84672,12.849,0.84672,3695.15,0,0.0036966,4.05746e-05,0.204422,1.86103,2.2374,1.44934,2.85347,0.42336,0.0018483,0.21168,0.0018483,0.21168,460.486,0,0.525822,0,0,0.730244,0.204422,1.028160,1,0,21.2618,0,0,0,21.2618,0
22.308,2.46634,0,0,0.856924,0.0572298,0.36288,3.6288,47.5067,0.895157,0,0,0.436876,0.267814,0,0.66528,12.849,1,0.84672,0.36288,0,22.9241,6.13778,16.3025,0.84672,12.849,0.84672,3695.15,0,0.0036966,3.43028e-05,0.204422,1.86105,2.16103,1.44779,2.77868,0.42336,0.0018483,0.21168,0.0018483,0.21168,460.486,0,0.709997,0,0,0.91442,0.204422,1.028160,1,0,19.0811,0,0,0,19.0811,0
20.3006,2.36527,0,0,0.764623,0.0438579,0.36288,3.6288,47.3076,0.499792,0,0,0.520104,0.219454,0,0.66528,12.849,1,0.84672,0.36288,0,17.5393,5.45338,11.6021,0.84672,12.849,0.84672,3695.15,0,0.0036966,1.9445e-05,0.570387,1.86107,2.62009,1.43407,3.61746,0.42336,0.0018483,0.21168,0.0018483,0.21168,460.486,0,1.02816,0,0,1.59855,0.570387,1.028160,1,0,15.2195,0,0,0,15.2195,0
18.1781,2.36529,0,0,0.648335,0.0426731,0.36288,3.6288,46.4834,0.887487,0,0,0.282368,0.219088,0,0.66528,12.849,1,0.84672,0.36288,0,17.5146,5.45338,11.5774,0.84672,12.849,0.84672,3695.15,0,0.0036966,3.4674e-05,0.204422,1.78247,1.93796,1.43407,2.49075,0.42336,0.0018483,0.21168,0.0018483,0.21168,460.486,0,0.640466,0,0,0.844888,0.204422,1.028160,1,0,14.0681,0,0,0,14.0681,0
16.1491,2.36529,0,0,0.762141,0.0630019,0.36288,3.6288,45.7017,0.878232,0,0,0.286882,0.190333,0,0.66528,12.849,1,0.84672,0.36288,0,17.6424,5.03812,12.1205,0.84672,12.849,0.84672,3695.15,0,0.0036966,3.49208e-05,0.216518,1.78249,2.02384,1.30427,2.71855,0.42336,0.0018483,0.21168,0.0018483,0.21168,460.486,0,0.649737,0,0,0.866255,0.216518,1.028160,1,0,14.839,0,0,0,14.839,0
15.4546,2.3653,0,0,2.14723,0.113534,0.36288,3.6288,45.7768,0.499838,0,0,0.69644,0.121459,0,0.66528,12.849,1,0.84672,0.36288,0,56.3704,3.99998,51.8866,0.84672,12.849,0.84672,3695.15,0,0.0036966,2.02148e-05,0.393215,1.78251,5.3869,0.979783,6.58282,0.42336,0.0018483,0.21168,0.0018483,0.21168,460.486,0,1.02816,0,0,1.42138,0.393215,1.028160,1,0,58.4694,0,0,0,58.4694,0
14.0398,2.28234,0,0,1.33211,0.101724,0.36288,3.6288,45.343,0.694031,0,0,0.418671,0.158498,0,0.66528,12.849,1,0.84672,0.36288,0,33.8747,4.00354,29.3873,0.84672,12.849,0.84672,3695.15,0,0.0036966,2.80224e-05,0.216518,1.78253,3.45194,0.927314,4.52365,0.42336,0.0018483,0.21168,0.0018483,0.21168,460.486,0,0.763671,0,0,0.980189,0.216518,1.028160,1,0,33.9109,0,0,0,33.9109,0
12.5585,2.28235,0,0,1.30678,0.142832,0.36288,3.6288,44.3828,1.07364,0,0,0.289393,0.175945,0,0.66528,12.849,1,0.84672,0.36288,0,28.1771,4.10844,23.5848,0.84672,12.849,0.84672,3695.15,0,0.0036966,4.37642e-05,0.216518,1.71268,3.16915,1.01817,4.08013,0.42336,0.0018483,0.21168,0.0018483,0.21168,460.486,0,0.384065,0,0,0.600584,0.216518,1.028160,1,0,27.665,0,0,0,27.665,0
10.8855,2.28235,0,0,1.11049,0.138281,0.36288,3.6288,43.5952,0.937958,0,0,0.32478,0.17437,0,0.66528,12.849,1,0.84672,0.36288,0,23.0335,4.10844,18.4412,0.84672,12.849,0.84672,3695.15,0,0.0036966,3.90608e-05,0.216518,1.7127,3.52248,1.01817,4.43348,0.42336,0.0018483,0.21168,0.0018483,0.21168,460.486,0,0.519763,0,0,0.736281,0.216518,1.028160,1,0,22.8747,0,0,0,22.8747,0
11.5275,2.28233,0,0,3.42037,0.133142,0.36288,3.6288,44.0319,0.429596,0,0,1.03935,0.173078,0,0.66528,12.849,1,0.84672,0.36288,0,79.8019,4.10844,75.2096,0.84672,12.849,0.84672,3695.15,0,0.0036966,1.82135e-05,1.32658,1.71271,8.37601,1.01817,10.3971,0.42336,0.0018483,0.21168,0.0018483,0.21168,460.486,0,1.02816,0,0,2.35474,1.32658,1.028160,1,0,85.6067,0,0,0,85.6067,0
11.7795,2.04673,0,0,2.80561,0.144012,0.36288,3.6288,44.4149,0.337937,0,0,0.894852,0.173973,0,0.66528,12.849,1,0.84672,0.36288,0,60.8838,3.9471,56.4529,0.84672,12.849,0.84672,3695.15,0,0.0036966,1.41854e-05,0.292723,1.71273,6.23657,1.00269,7.23932,0.42336,0.0018483,0.21168,0.0018483,0.21168,460.486,0,0.973408,0,0,1.26613,0.292723,1.028160,1,0,63.6922,0,0,0,63.6922,0
11.3613,2.04677,0,0,2.13847,0.146999,0.36288,3.6288,44.6372,0.283201,0,0,0.705942,0.200417,0,0.66528,12.849,1,0.84672,0.36288,0,35.2008,3.81813,30.8989,0.84672,12.849,0.84672,3695.15,0,0.0036966,1.17853e-05,0.738789,1.55545,4.32144,0.92115,5.69452,0.42336,0.0018483,0.21168,0.0018483,0.21168,460.486,0,1.02816,0,0,1.76695,0.738789,1.028160,1,0,36.5934,0,0,0,36.5934,0
11.6005,2.04679,0,0,2.78774,0.138857,0.36288,3.6288,44.923,0.283214,0,0,0.755791,0.186758,0,0.66528,12.849,1,0.84672,0.36288,0,47.2554,4.04166,42.7299,0.84672,12.849,0.84672,3695.15,0,0.0036966,1.17271e-05,1.23199,1.55547,5.59976,0.999563,7.38764,0.42336,0.0018483,0.21168,0.0018483,0.21168,460.486,0,1.02816,0,0,2.26015,1.23199,1.028160,1,0,50.1176,0,0,0,50.1176,0
12.1463,2.04682,0,0,3.0951,0.139615,0.36288,3.6288,45.0123,0.343818,0,0,0.620412,0.187259,0,0.66528,12.849,1,0.84672,0.36288,0,52.91,4.04166,48.3845,0.84672,12.849,0.84672,3695.15,0,0.0036966,1.41459e-05,0.412474,1.55548,4.28305,0.999563,5.25143,0.42336,0.0018483,0.21168,0.0018483,0.21168,460.486,0,0.967568,0,0,1.38004,0.412474,1.028160,1,0,53.6359,0,0,0,53.6359,0
13.8121,2.04687,0,0,4.21689,0.141344,0.36288,3.6288,46.0842,0.283241,0,0,1.54253,0.187416,0,0.66528,12.849,1,0.84672,0.36288,0,72.4207,4.04166,67.8952,0.84672,12.849,0.84672,3695.15,0,0.0036966,1.16305e-05,0.588712,1.5555,4.93387,0.999563,6.07851,0.42336,0.0018483,0.21168,0.0018483,0.21168,460.486,0,1.02816,0,0,1.61687,0.588712,1.028160,1,0,73.9737,0,0,0,73.9737,0
16.3752,2.04691,0,0,5.13084,0.15798,0.36288,3.6288,46.9255,0.283241,0,0,1.30619,0.18168,0,0.66528,12.849,1,0.84672,0.36288,0,82.6044,4.53639,77.5842,0.84672,12.849,0.84672,3695.15,0,0.0036966,1.136e-05,1.5908,1.55551,5.56534,1.36876,7.34288,0.42336,0.0018483,0.21168,0.0018483,0.21168,460.486,0,1.02816,0,0,2.61896,1.5908,1.028160,1,0,84.9271,0,0,0,84.9271,0
19.2514,1.91471,0,0,5.32235,0.168566,0.36288,3.6288,47.8752,0.548587,0,0,1.68011,0.181791,0,0.66528,12.849,1,0.84672,0.36288,0,92.7383,4.61885,87.6356,0.84672,12.849,0.84672,3695.15,0,0.0036966,2.16077e-05,2.09028,1.55551,6.02057,1.43029,8.23604,0.42336,0.0018483,0.21168,0.0018483,0.21168,460.486,0,1.02816,0,0,3.11844,2.09028,1.028160,1,0,95.8717,0,0,0,95.8717,0
20.6798,1.95717,0,0,3.92409,0.175657,0.36288,3.6288,48.5132,0.50618,0,0,1.32739,0.183242,0,0.66528,12.849,1,0.84672,0.36288,0,83.0287,4.61885,77.926,0.84672,12.849,0.84672,3695.15,0,0.0036966,1.95419e-05,1.57835,1.73574,6.22216,1.43029,8.10594,0.42336,0.0018483,0.21168,0.0018483,0.21168,460.486,0,1.02816,0,0,2.60651,1.57835,1.028160,1,0,86.0319,0,0,0,86.0319,0
22.0623,1.95721,0,0,3.86181,0.159157,0.36288,3.6288,48.954,0.50618,0,0,1.13805,0.191075,0,0.66528,12.849,1,0.84672,0.36288,0,87.823,4.48117,82.858,0.84672,12.849,0.84672,3695.15,0,0.0036966,1.92849e-05,1.21049,1.71093,5.65514,1.30249,7.27405,0.42336,0.0018483,0.21168,0.0018483,0.21168,460.486,0,1.02816,0,0,2.23865,1.21049,1.028160,1,0,90.132,0,0,0,90.132,0
23.0259,1.95724,0,0,3.4682,0.184467,0.36288,3.6288,49.5173,0.50618,0,0,1.25029,0.180783,0,0.66528,12.849,1,0.84672,0.36288,0,95.5558,4.17969,90.8923,0.84672,12.849,0.84672,3695.15,0,0.0036966,1.91113e-05,1.35131,1.71093,5.08895,1.09241,7.05877,0.42336,0.0018483,0.21168,0.0018483,0.21168,460.486,0,1.02816,0,0,2.37947,1.35131,1.028160,1,0,97.9511,0,0,0,97.9511,0
24.061,2.24837,0,0,3.84214,0.195798,0.36288,3.6288,49.9635,0.66528,0,0,1.29132,0.179775,0,0.66528,12.849,1,0.84672,0.36288,0,82.8809,4.29387,78.1032,0.84672,12.849,0.84672,3695.15,0,0.0036966,0.000104443,1.79132,1.71094,5.31211,1.14509,7.66918,0.42336,0.0018483,0.21168,0.0018483,0.21168,460.486,0,1.02816,0,0,2.81948,1.79132,1.028160,1,0,85.7724,0,0,0,85.7724,0
25.611,2.40757,0,0,4.51918,0.19872,0.36288,3.6288,50.6353,0.506182,0,0,1.35835,0.180435,0,0.66528,12.849,1,0.84672,0.36288,0,99.3885,4.29387,94.6108,0.84672,12.849,0.84672,3695.15,0,0.0036966,1.87252e-05,1.73928,1.88849,5.52787,1.14509,8.01054,0.42336,0.0018483,0.21168,0.0018483,0.21168,460.486,0,1.02816,0,0,2.76744,1.73928,1.028160,1,0,102.621,0,0,0,102.621,0
27.4193,2.40761,0,0,4.7756,0.196793,0.36288,3.6288,51.3266,0.506182,0,0,1.37247,0.174941,0,0.66528,12.849,1,0.84672,0.36288,0,105.706,4.05456,101.168,0.84672,12.849,0.84672,3695.15,0,0.0036966,1.84768e-05,2.01356,1.79534,6.04689,1.06806,8.7877,0.42336,0.0018483,0.21168,0.0018483,0.21168,460.486,0,1.02816,0,0,3.04172,2.01356,1.028160,1,0,109.955,0,0,0,109.955,0
29.0415,2.40765,0,0,4.5847,0.192034,0.36288,3.6288,52.0995,0.506182,0,0,1.46474,0.18573,0,0.66528,12.849,1,0.84672,0.36288,0,101.595,3.89116,97.2202,0.84672,12.849,0.84672,3695.15,0,0.0036966,1.82279e-05,1.98564,1.79534,8.24437,0.947897,11.0774,0.42336,0.0018483,0.21168,0.0018483,0.21168,460.486,0,1.02816,0,0,3.0138,1.98564,1.028160,1,0,108.298,0,0,0,108.298,0
30.4959,1.99247,0,0,4.0131,0.203382,0.36288,3.6288,52.8892,0.292557,0,0,1.2628,0.18053,0,0.66528,12.849,1,0.84672,0.36288,0,97.5827,3.8536,93.2453,0.84672,12.849,0.84672,3695.15,0,0.0036966,1.03789e-05,1.30772,1.79535,7.15593,0.892486,9.3665,0.42336,0.0018483,0.21168,0.0018483,0.21168,460.486,0,1.02816,0,0,2.33588,1.30772,1.028160,1,0,102.612,0,0,0,102.612,0
31.5922,1.84728,0,0,3.51395,0.207396,0.36288,3.6288,53.6076,0.506181,0,0,1.40633,0.181679,0,0.66528,12.849,1,0.778324,0.36288,0,89.7445,3.8536,85.4755,0.84672,12.849,0.84672,3695.15,0,0.0036966,1.76894e-05,1.20931,1.55248,6.34159,0.892486,8.21088,0.42336,0.0018483,0.21168,0.0018483,0.21168,460.486,0,1.02816,0,0,2.23747,1.20931,1.028160,1,0,93.6864,0,0,0,93.6864,0
35.5429,1.8665,0,0,6.38949,0.209468,0.36288,3.6288,55.044,0.506182,0,0,2.1144,0.17183,0,0.66528,12.849,1,0.75913,0.36288,0,191.475,3.6743,187.404,0.84672,12.849,0.84672,3695.15,0,0.0036966,1.74523e-05,3.083,1.6775,11.9106,0.861775,15.8093,0.42336,0.0018483,0.21168,0.0018483,0.21168,460.486,0,1.02816,0,0,4.11116,3.083,1.028160,1,0,203.213,0,0,0,203.213,0
39.0149,1.92849,0,0,5.98094,0.217567,0.36288,3.6288,56.3254,0.506182,0,0,1.93355,0.14602,0,0.66528,12.849,1,0.697164,0.36288,0,183.35,3.22602,179.79,0.84672,12.849,0.84672,3695.15,0,0.0036966,1.69969e-05,2.79745,1.67751,10.3423,0.785,14.0322,0.42336,0.0018483,0.21168,0.0018483,0.21168,460.486,0,1.02816,0,0,3.82561,2.79745,1.028160,1,0,193.822,0,0,0,193.822,0
43.2881,1.97519,0,0,6.84152,0.230231,0.36288,3.6288,57.1258,0.506182,0,0,1.49933,0.192701,0,0.66528,12.849,1,0.6505,0.36288,0,212.862,2.89812,209.676,0.84672,12.849,0.84672,3695.15,0,0.0036966,1.66102e-05,2.45921,1.67751,11.2761,0.657596,14.7552,0.42336,0.0018483,0.21168,0.0018483,0.21168,460.486,0,1.02816,0,0,3.48737,2.45921,1.028160,1,0,224.431,0,0,0,224.431,0
46.7087,2.10532,0,0,6.10447,0.215684,0.36288,3.6288,57.8578,0.558445,0,0,1.48437,0.193945,0,0.66528,12.849,1,0.624913,0.36288,0,160.023,3.43005,156.331,0.84672,12.849,0.84672,3695.15,0,0.0036966,1.80684e-05,2.37081,1.67752,8.41268,0.765073,11.6959,0.42336,0.0018483,0.21168,0.0018483,0.21168,460.486,0,1.02816,0,0,3.39897,2.37081,1.028160,1,0,168.027,0,0,0,168.027,0
48.4514,2.18222,0,0,4.5073,0.219489,0.36288,3.6288,58.2621,0.506183,0,0,1.10403,0.193566,0,0.66528,12.849,1,0.600304,0.36288,0,134.143,3.48957,130.416,0.84672,12.849,0.84672,3695.15,0,0.0036966,1.61703e-05,1.90846,1.73749,6.63647,0.776632,9.50577,0.42336,0.0018483,0.21168,0.0018483,0.21168,460.486,0,1.02816,0,0,2.93662,1.90846,1.028160,1,0,139.922,0,0,0,139.922,0
49.6589,2.34363,0,0,4.1377,0.223722,0.36288,3.6288,58.9929,0.323588,0,0,1.24845,0.194072,0,0.66528,12.849,1,0.621517,0.36288,0,123.12,3.48957,119.372,0.84672,12.849,0.84672,3695.15,0,0.0036966,1.02655e-05,1.78539,1.70691,8.086,0.776632,10.8017,0.42336,0.0018483,0.21168,0.0018483,0.21168,460.486,0,1.02816,0,0,2.81355,1.78539,1.028160,1,0,130.173,0,0,0,130.173,0
50.251,2.35565,0,0,3.50508,0.194373,0.36288,3.6288,59.5732,0.323595,0,0,1.11248,0.208579,0,0.66528,12.849,1,0.609514,0.36288,0,113.734,3.71578,109.772,0.84672,12.849,0.84672,3695.15,0,0.0036966,1.01385e-05,1.34109,1.60005,6.20901,0.869744,8.2804,0.42336,0.0018483,0.21168,0.0018483,0.21168,460.486,0,1.02816,0,0,2.36925,1.34109,1.028160,1,0,118.052,0,0,0,118.052,0
50.4689,2.32884,0,0,3.08479,0.175215,0.36288,3.6288,59.9664,0.303304,0,0,0.922095,0.225594,0,0.66528,12.849,1,0.595476,0.36288,0,83.5013,4.09615,79.1725,0.84672,12.849,0.84672,3695.15,0,0.0036966,9.41023e-06,1.00235,1.60006,5.08025,0.928106,6.75455,0.42336,0.0018483,0.21168,0.0018483,0.21168,460.486,0,1.02816,0,0,2.03051,1.00235,1.028160,1,0,85.9271,0,0,0,85.9271,0
50.5674,2.3309,0,0,2.96796,0.175618,0.36288,3.6288,60.3102,0.303312,0,0,0.873253,0.226161,0,0.66528,12.849,1,0.593431,0.36288,0,74.6798,4.09615,70.3531,0.84672,12.849,0.84672,3695.15,0,0.0036966,9.34876e-06,0.924143,1.57673,4.97499,0.928106,6.54775,0.42336,0.0018483,0.21168,0.0018483,0.21168,460.486,0,1.02816,0,0,1.9523,0.924143,1.028160,1,0,76.9009,0,0,0,76.9009,0
50.5501,2.33184,0,0,2.84709,0.169742,0.36288,3.6288,60.5865,0.303319,0,0,0.805144,0.2255,0,0.66528,12.849,1,0.592511,0.36288,0,58.4776,3.90392,54.344,0.84672,12.849,0.84672,3695.15,0,0.0036966,9.29569e-06,0.777306,1.57674,4.56033,0.89136,6.02301,0.42336,0.0018483,0.21168,0.0018483,0.21168,460.486,0,1.02816,0,0,1.80547,0.777306,1.028160,1,0,60.3671,0,0,0,60.3671,0
50.4143,2.33169,0,0,2.68932,0.130473,0.36288,3.6288,60.8257,0.303326,0,0,0.760432,0.217893,0,0.66528,12.849,1,0.592677,0.36288,0,52.3538,3.15031,48.9737,0.84672,12.849,0.84672,3695.15,0,0.0036966,9.25352e-06,0.604619,1.57675,4.06982,0.741047,5.51013,0.42336,0.0018483,0.21168,0.0018483,0.21168,460.486,0,1.02816,0,0,1.63278,0.604619,1.028160,1,0,54.4838,0,0,0,54.4838,0
50.1131,2.44098,0,0,2.62564,0.123057,0.36288,3.6288,61.0364,0.37532,0,0,0.801628,0.215589,0,0.66528,12.849,1,0.622127,0.36288,0,58.2403,4.14992,53.8312,0.84672,12.849,0.84672,3695.15,0,0.0036966,1.14048e-05,0.681307,1.57676,3.95545,0.91645,5.29705,0.42336,0.0018483,0.21168,0.0018483,0.21168,460.486,0,1.02816,0,0,1.70947,0.681307,1.028160,1,0,59.1282,0,0,0,59.1282,0
49.5037,2.43801,0,0,2.31419,0.122667,0.36288,3.6288,61.152,0.375327,0,0,0.706844,0.215877,0,0.66528,12.849,1,0.625107,0.36288,0,55.0579,4.14992,50.6457,0.84672,12.849,0.84672,3695.15,0,0.0036966,1.13656e-05,0.620594,1.65838,3.95791,0.91645,5.32042,0.42336,0.0018483,0.21168,0.0018483,0.21168,460.486,0,1.02816,0,0,1.64875,0.620594,1.028160,1,0,55.9662,0,0,0,55.9662,0
48.7023,2.43192,0,0,2.11145,0.118004,0.36288,3.6288,61.2177,0.375335,0,0,0.661992,0.220969,0,0.66528,12.849,1,0.63122,0.36288,0,50.3531,4.24773,45.837,0.84672,12.849,0.84672,3695.15,0,0.0036966,1.13444e-05,0.542644,1.65839,3.80843,0.943142,5.0663,0.42336,0.0018483,0.21168,0.0018483,0.21168,460.486,0,1.02816,0,0,1.5708,0.542644,1.028160,1,0,50.9033,0,0,0,50.9033,0
47.8322,2.42371,0,0,2.01037,0.0939483,0.36288,3.6288,61.179,0.375343,0,0,0.587236,0.250678,0,0.66528,12.849,1,0.639441,0.36288,0,49.4096,4.83462,44.2984,0.84672,12.849,0.84672,3695.15,0,0.0036966,1.13324e-05,0.336286,1.6584,3.5545,1.1033,4.44588,0.42336,0.0018483,0.21168,0.0018483,0.21168,460.486,0,1.02816,0,0,1.36445,0.336286,1.028160,1,0,48.7443,0,0,0,48.7443,0
46.613,2.41455,0,0,1.6438,0.0855335,0.36288,3.6288,61.0807,0.431638,0,0,0.628992,0.295564,0,0.66528,12.849,1,0.648614,0.36288,0,34.0126,5.19991,28.5269,0.84672,12.849,0.84672,3695.15,0,0.0036966,1.30404e-05,0.30119,1.65841,2.60224,1.2417,3.32012,0.42336,0.0018483,0.21168,0.0018483,0.21168,460.486,0,0.97187,0,0,1.27306,0.30119,1.028160,1,0,31.847,0,0,0,31.847,0
45.3501,2.37976,0,0,1.56414,0.0843935,0.36288,3.6288,60.8531,0.517348,0,0,0.58511,0.295381,0,0.66528,12.849,1,0.655987,0.36288,0,30.8322,5.19991,25.3392,0.84672,12.849,0.84672,3695.15,0,0.0036966,1.56549e-05,0.30119,1.65842,2.4778,1.2417,3.19568,0.42336,0.0018483,0.21168,0.0018483,0.21168,460.486,0,0.925733,0,0,1.22692,0.30119,1.028160,1,0,28.5348,0,0,0,28.5348,0
43.9822,2.36554,0,0,1.44374,0.0832126,0.36288,3.6288,60.5429,0.538506,0,0,0.523248,0.294955,0,0.66528,12.849,1,0.670225,0.36288,0,29.1762,5.19991,23.6689,0.84672,12.849,0.84672,3695.15,0,0.0036966,1.63561e-05,0.261274,1.68385,2.31766,1.2417,3.02107,0.42336,0.0018483,0.21168,0.0018483,0.21168,460.486,0,0.904582,0,0,1.16586,0.261274,1.028160,1,0,26.69,0,0,0,26.69,0
42.5679,2.34942,0,0,1.37991,0.0819336,0.36288,3.6288,60.1305,0.630129,0,0,0.512117,0.294375,0,0.66528,12.849,1,0.68636,0.36288,0,27.3561,5.19991,21.8327,0.84672,12.849,0.84672,3695.15,0,0.0036966,1.92371e-05,0.261274,1.68386,2.20831,1.2417,2.91173,0.42336,0.0018483,0.21168,0.0018483,0.21168,460.486,0,0.812964,0,0,1.07424,0.261274,1.028160,1,0,24.7444,0,0,0,24.7444,0
41.2043,2.33191,0,0,1.39533,0.0641295,0.36288,3.6288,59.7647,0.698927,0,0,0.655248,0.322099,0,0.66528,12.849,1,0.70388,0.36288,0,30.3858,5.75982,24.285,0.84672,12.849,0.84672,3695.15,0,0.0036966,2.14837e-05,0.261274,1.68387,2.29829,1.39169,2.85172,0.42336,0.0018483,0.21168,0.0018483,0.21168,460.486,0,0.744172,0,0,1.00545,0.261274,1.028160,1,0,27.1367,0,0,0,27.1367,0
39.6615,2.36817,0,0,1.24838,0.0601414,0.36288,3.6288,59.3879,0.62874,0,0,0.568407,0.316516,0,0.66528,12.849,1,0.738482,0.36288,0,25.9672,5.76933,19.8222,0.84672,12.849,0.84672,3695.15,0,0.0036966,1.94446e-05,0.261274,1.68388,2.30294,1.39176,2.85631,0.42336,0.0018483,0.21168,0.0018483,0.21168,460.486,0,0.849632,0,0,1.11091,0.261274,1.028160,1,0,22.6786,0,0,0,22.6786,0
38.0601,2.34649,0,0,1.16702,0.0590524,0.36288,3.6288,58.8737,0.724338,0,0,0.525902,0.315755,0,0.66528,12.849,1,0.760183,0.36288,0,24.6911,5.76933,18.5245,0.84672,12.849,0.84672,3695.15,0,0.0036966,2.25432e-05,0.261274,1.72441,2.02075,1.39176,2.61465,0.42336,0.0018483,0.21168,0.0018483,0.21168,460.486,0,0.754039,0,0,1.01531,0.261274,1.028160,1,0,21.1391,0,0,0,21.1391,0
36.5098,2.28075,0,0,1.15132,0.0579666,0.36288,3.6288,58.45,0.677985,0,0,0.568976,0.314716,0,0.66528,12.849,1,0.769977,0.36288,0,22.9109,5.76933,16.7345,0.84672,12.849,0.84672,3695.15,0,0.0036966,2.12849e-05,0.227405,1.72442,2.28524,1.39176,2.84528,0.42336,0.0018483,0.21168,0.0018483,0.21168,460.486,0,0.856354,0,0,1.08376,0.227405,1.028160,1,0,19.5798,0,0,0,19.5798,0
35.038,2.29797,0,0,1.23468,0.0456223,0.36288,3.6288,58.2503,0.514573,0,0,0.612477,0.297576,0,0.66528,12.849,1,0.808729,0.36288,0,23.86,5.92945,17.4847,0.84672,12.849,0.84672,3695.15,0,0.0036966,1.62718e-05,0.227405,1.75717,2.75815,1.45048,3.29223,0.42336,0.0018483,0.21168,0.0018483,0.21168,460.486,0,0.963827,0,0,1.19123,0.227405,1.028160,1,0,20.7769,0,0,0,20.7769,0
33.1762,2.46747,0,0,1.02009,0.0515597,0.36288,3.6288,57.7167,0.813802,0,0,0.582542,0.302394,0,0.66528,12.849,1,0.84672,0.36288,0,23.346,5.4327,17.4294,0.84672,12.849,0.84672,3695.15,0,0.0036966,2.58222e-05,0.227405,1.72444,1.87974,1.39109,2.44048,0.42336,0.0018483,0.21168,0.0018483,0.21168,460.486,0,0.791882,0,0,1.01929,0.227405,1.028160,1,0,19.8699,0,0,0,19.8699,0
31.3848,2.46748,0,0,1.08933,0.0503957,0.36288,3.6288,57.2766,0.729262,0,0,0.590609,0.301354,0,0.66528,12.849,1,0.84672,0.36288,0,23.3413,5.4327,17.4248,0.84672,12.849,0.84672,3695.15,0,0.0036966,2.33537e-05,0.227405,1.86167,2.27026,1.39109,2.96823,0.42336,0.0018483,0.21168,0.0018483,0.21168,460.486,0,0.876433,0,0,1.10384,0.227405,1.028160,1,0,20.393,0,0,0,20.393,0
29.7337,2.46749,0,0,1.22853,0.0492757,0.36288,3.6288,56.848,0.73855,0,0,0.610368,0.300496,0,0.66528,12.849,1,0.84672,0.36288,0,22.327,5.4327,16.4104,0.84672,12.849,0.84672,3695.15,0,0.0036966,2.38328e-05,0.204422,1.86169,2.5235,1.39109,3.1985,0.42336,0.0018483,0.21168,0.0018483,0.21168,460.486,0,0.867154,0,0,1.07158,0.204422,1.028160,1,0,19.6089,0,0,0,19.6089,0
27.7395,2.4675,0,0,0.890931,0.0546943,0.36288,3.6288,56.2724,0.802129,0,0,0.526391,0.299818,0,0.66528,12.849,1,0.84672,0.36288,0,21.41,5.4771,15.4491,0.84672,12.849,0.84672,3695.15,0,0.0036966,2.60797e-05,0.204422,1.8617,1.796,1.38239,2.4797,0.42336,0.0018483,0.21168,0.0018483,0.21168,460.486,0,0.80358,0,0,1.008,0.204422,1.028160,1,0,17.9288,0,0,0,17.9288,0
26.0658,2.46751,0,0,1.19992,0.0432545,0.36288,3.6288,55.5166,0.896622,0,0,0.443157,0.302362,0,0.66528,12.849,1,0.84672,0.36288,0,18.0828,5.83383,11.7652,0.84672,12.849,0.84672,3695.15,0,0.0036966,2.94501e-05,0.204422,1.86171,1.7413,1.43229,2.3751,0.42336,0.0018483,0.21168,0.0018483,0.21168,460.486,0,0.709093,0,0,0.913516,0.204422,1.028160,1,0,14.1403,0,0,0,14.1403,0
24.564,2.3664,0,0,1.32761,0.100152,0.36288,3.6288,55.1988,0.623727,0,0,0.55293,0.246939,0,0.66528,12.849,1,0.84672,0.36288,0,16.6091,4.4687,11.6566,0.84672,12.849,0.84672,3695.15,0,0.0036966,2.07656e-05,0.204422,1.86172,2.08024,1.10107,3.04529,0.42336,0.0018483,0.21168,0.0018483,0.21168,460.486,0,0.904746,0,0,1.10917,0.204422,1.028160,1,0,14.7019,0,0,0,14.7019,0
23.0678,2.36055,0,0,1.33085,0.103583,0.36288,3.6288,54.9462,0.621886,0,0,0.618538,0.249326,0,0.66528,12.849,1,0.84672,0.36288,0,18.9411,4.51752,13.9398,0.84672,12.849,0.84672,3695.15,0,0.0036966,2.08235e-05,0.216518,1.78308,2.27754,1.12903,3.14809,0.42336,0.0018483,0.21168,0.0018483,0.21168,460.486,0,0.912453,0,0,1.12897,0.216518,1.028160,1,0,17.0879,0,0,0,17.0879,0
21.6721,2.36056,0,0,1.42906,0.101375,0.36288,3.6288,54.8082,0.539541,0,0,0.650488,0.248912,0,0.66528,12.849,1,0.84672,0.36288,0,27.825,4.51752,22.8237,0.84672,12.849,0.84672,3695.15,0,0.0036966,1.81493e-05,0.216518,1.78652,2.49466,1.12903,3.36865,0.42336,0.0018483,0.21168,0.0018483,0.21168,460.486,0,0.994801,0,0,1.21132,0.216518,1.028160,1,0,26.1923,0,0,0,26.1923,0
20.2038,2.36057,0,0,1.3452,0.0900393,0.36288,3.6288,54.8872,0.506183,0,0,0.811924,0.226697,0,0.66528,12.849,1,0.84672,0.36288,0,45.4194,4.48777,40.4478,0.84672,12.849,0.84672,3695.15,0,0.0036966,1.707e-05,0.345289,1.78653,3.24937,1.03181,4.34935,0.42336,0.0018483,0.21168,0.0018483,0.21168,460.486,0,1.02816,0,0,1.37345,0.345289,1.028160,1,0,44.7972,0,0,0,44.7972,0
18.9968,2.27758,0,0,1.5746,0.14114,0.36288,3.6288,54.5136,0.657786,0,0,0.46983,0.185721,0,0.66528,12.849,1,0.84672,0.36288,0,32.896,4.56494,27.8472,0.84672,12.849,0.84672,3695.15,0,0.0036966,2.21506e-05,0.216518,1.78653,2.64692,1.051,3.59895,0.42336,0.0018483,0.21168,0.0018483,0.21168,460.486,0,0.806224,0,0,1.02274,0.216518,1.028160,1,0,31.4462,0,0,0,31.4462,0
17.5434,2.20728,0,0,1.2663,0.149473,0.36288,3.6288,53.845,0.8413,0,0,0.356004,0.183309,0,0.66528,12.849,1,0.84672,0.36288,0,25.6316,4.58441,20.5634,0.84672,12.849,0.84672,3695.15,0,0.0036966,2.85245e-05,0.216518,1.71665,2.27473,1.0758,3.13206,0.42336,0.0018483,0.21168,0.0018483,0.21168,460.486,0,0.693032,0,0,0.90955,0.216518,1.028160,1,0,23.6954,0,0,0,23.6954,0
17.1929,2.20728,0,0,2.36605,0.146413,0.36288,3.6288,54.1276,0.506183,0,0,0.971306,0.182499,0,0.66528,12.849,1,0.84672,0.36288,0,51.0653,4.58441,45.997,0.84672,12.849,0.84672,3695.15,0,0.0036966,1.73754e-05,1.75791,1.75781,5.01837,1.0758,7.45827,0.42336,0.0018483,0.21168,0.0018483,0.21168,460.486,0,1.02816,0,0,2.78607,1.75791,1.028160,1,0,53.4553,0,0,0,53.4553,0
19.0076,2.2073,0,0,4.53466,0.149747,0.36288,3.6288,55.3529,0.506183,0,0,1.91139,0.179932,0,0.66528,12.849,1,0.84672,0.36288,0,107.115,4.51695,102.114,0.84672,12.849,0.84672,3695.15,0,0.0036966,1.72847e-05,2.01391,1.75781,7.12064,1.04797,9.84438,0.42336,0.0018483,0.21168,0.0018483,0.21168,460.486,0,1.02816,0,0,3.04207,2.01391,1.028160,1,0,111.958,0,0,0,111.958,0
20.1828,1.97162,0,0,3.68844,0.178747,0.36288,3.6288,56.7244,0.359713,0,0,1.89499,0.163795,0,0.66528,12.849,1,0.84672,0.36288,0,110.171,4.11222,105.575,0.84672,12.849,0.84672,3695.15,0,0.0036966,1.20113e-05,2.25145,1.75782,7.5892,0.880965,10.7175,0.42336,0.0018483,0.21168,0.0018483,0.21168,460.486,0,1.02816,0,0,3.27961,2.25145,1.028160,1,0,116.293,0,0,0,116.293,0
21.5456,1.82519,0,0,3.7325,0.181705,0.36288,3.6288,58.2583,0.506183,0,0,2.20541,0.165271,0,0.66528,12.849,1,0.84672,0.36288,0,132.256,4.11222,127.66,0.84672,12.849,0.84672,3695.15,0,0.0036966,1.64934e-05,2.57835,1.60047,7.82784,0.880965,11.1257,0.42336,0.0018483,0.21168,0.0018483,0.21168,460.486,0,1.02816,0,0,3.60651,2.57835,1.028160,1,0,138.786,0,0,0,138.786,0
22.35,1.82523,0,0,3.17809,0.185517,0.36288,3.6288,59.8492,0.506183,0,0,2.27189,0.174801,0,0.66528,12.849,1,0.84672,0.36288,0,132.633,4.23266,127.917,0.84672,12.849,0.84672,3695.15,0,0.0036966,1.60591e-05,2.80263,1.68619,8.6775,0.928467,12.2378,0.42336,0.0018483,0.21168,0.0018483,0.21168,460.486,0,1.02816,0,0,3.83079,2.80263,1.028160,1,0,140.155,0,0,0,140.155,0
23.4764,1.82525,0,0,3.49667,0.182117,0.36288,3.6288,61.1538,0.506184,0,0,2.04358,0.232836,0,0.66528,12.849,1,0.84672,0.36288,0,103.842,4.92943,98.4292,0.84672,12.849,0.84672,3695.15,0,0.0036966,1.56323e-05,2.37093,1.6862,7.53122,1.31102,10.2773,0.42336,0.0018483,0.21168,0.0018483,0.21168,460.486,0,1.02816,0,0,3.39909,2.37093,1.028160,1,0,108.706,0,0,0,108.706,0
28.8405,1.82528,0,0,7.73438,0.182196,0.36288,3.6288,61.308,0.506184,0,0,3.9387,0.241023,3.03728,0.66528,12.849,1,0.84672,0.36288,0,193.418,4.30754,188.626,0.84672,12.849,0.84672,3695.15,0,0.0036966,1.52988e-05,7.30105,1.6862,18.1534,1.26939,25.8713,0.42336,0.0018483,0.21168,0.0018483,0.21168,460.486,0,1.02816,0,0,8.32921,7.30105,1.028160,1,0,217.535,0,0,0,217.535,0
31.5582,1.91601,0,0,5.19973,0.203141,0.36288,3.6288,61.308,0.548597,0,0,2.49744,0.214432,1.73441,0.66528,12.849,1,0.84672,0.36288,0,137.595,3.79922,133.312,0.84672,12.849,0.84672,3695.15,0,0.0036966,1.6539e-05,4.44227,1.68621,12.0949,1.15066,17.0727,0.42336,0.0018483,0.21168,0.0018483,0.21168,460.486,0,1.02816,0,0,5.47043,4.44227,1.028160,1,0,152.119,0,0,0,152.119,0
38.6449,1.9935,0,0,9.65375,0.210607,0.36288,3.6288,61.308,0.506178,0,0,5.11447,0.214432,4.39386,0.66528,12.849,1,0.81166,0.36288,0,196.6,3.79922,192.352,0.84672,12.849,0.84672,3695.15,0,0.0036966,1.52601e-05,7.02948,1.73597,20.7145,1.15066,28.3293,0.42336,0.0018483,0.21168,0.0018483,0.21168,460.486,0,1.02816,0,0,8.05764,7.02948,1.028160,1,0,225.075,0,0,0,225.075,0
42.2912,2.24041,0,0,6.47908,0.229501,0.36288,3.6288,61.308,0.32604,0,0,4.23642,0.214432,3.69594,0.66528,12.849,1,0.74491,0.36288,0,162.594,3.79922,158.413,0.84672,12.849,0.84672,3695.15,0,0.0036966,9.82938e-06,4.69748,1.71115,13.1532,1.15066,18.4112,0.42336,0.0018483,0.21168,0.0018483,0.21168,460.486,0,1.02816,0,0,5.72564,4.69748,1.028160,1,0,180.52,0,0,0,180.52,0
45.2861,2.28967,0,0,5.89181,0.24437,0.36288,3.6288,61.308,0.326041,0,0,4.06678,0.208068,3.53267,0.66528,12.849,1,0.695653,0.36288,0,142.579,3.92986,138.316,0.84672,12.849,0.84672,3695.15,0,0.0036966,9.82941e-06,4.93482,1.60573,12.6735,1.11971,18.0943,0.42336,0.0018483,0.21168,0.0018483,0.21168,460.486,0,1.02816,0,0,5.96298,4.93482,1.028160,1,0,159.943,0,0,0,159.943,0
46.2235,2.55234,0,0,4.11801,0.265425,0.36288,3.6288,61.308,0.485264,0,0,2.98351,0.192157,2.30609,0.66528,12.849,1,0.724175,0.36288,0,96.0327,4.25649,91.415,0.84672,12.849,0.84672,3695.15,0,0.0036966,1.46296e-05,3.53734,1.60573,11.5913,1.04236,15.6919,0.42336,0.0018483,0.21168,0.0018483,0.21168,460.486,0,1.02816,0,0,4.5655,3.53734,1.028160,1,0,109.413,0,0,0,109.413,0
47.4221,2.56384,0,0,4.39354,0.268223,0.36288,3.6288,61.308,0.485265,0,0,3.21509,0.192157,2.53767,0.66528,12.849,1,0.712684,0.36288,0,103.36,4.25649,98.754,0.84672,12.849,0.84672,3695.15,0,0.0036966,1.46297e-05,4.47955,1.78332,12.9713,1.04236,18.1918,0.42336,0.0018483,0.21168,0.0018483,0.21168,460.486,0,1.02816,0,0,5.50771,4.47955,1.028160,1,0,119.484,0,0,0,119.484,0
48.7266,2.57801,0,0,4.51727,0.2718,0.36288,3.6288,61.308,0.485266,0,0,3.00724,0.192157,2.32982,0.66528,12.849,1,0.698512,0.36288,0,106.561,4.25649,101.969,0.84672,12.849,0.84672,3695.15,0,0.0036966,1.46297e-05,3.62436,1.78332,12.6174,1.04236,16.9827,0.42336,0.0018483,0.21168,0.0018483,0.21168,460.486,0,1.02816,0,0,4.65252,3.62436,1.028160,1,0,121.282,0,0,0,121.282,0
50.6137,2.59282,0,0,5.10039,0.257606,0.36288,3.6288,61.308,0.485267,0,0,2.92559,0.185693,2.25463,0.66528,12.849,1,0.683714,0.36288,0,115.604,3.98602,111.297,0.84672,12.849,0.84672,3695.15,0,0.0036966,1.46297e-05,4.58803,1.78332,13.5071,0.93425,18.9442,0.42336,0.0018483,0.21168,0.0018483,0.21168,460.486,0,1.02816,0,0,5.61619,4.58803,1.028160,1,0,132.496,0,0,0,132.496,0
52.6141,2.28192,0,0,4.90641,0.261255,0.36288,3.6288,61.308,0.27159,0,0,1.94264,0.189693,1.48136,0.66528,12.849,1,0.579297,0.36288,0,99.8058,4.33472,95.2547,0.84672,12.849,0.84672,3695.15,0,0.0036966,8.18784e-06,2.85792,1.78333,10.8245,1.01138,14.4544,0.42336,0.0018483,0.21168,0.0018483,0.21168,460.486,0,1.02816,0,0,3.88608,2.85792,1.028160,1,0,111.19,0,0,0,111.19,0
56.3245,2.29962,0,0,6.63969,0.266745,0.36288,3.6288,61.308,0.271591,0,0,2.70685,0.189693,2.24557,0.66528,12.849,1,0.561596,0.36288,0,156.734,4.33472,152.2,0.84672,12.849,0.84672,3695.15,0,0.0036966,8.18786e-06,4.70813,1.5404,13.6034,1.01138,18.8406,0.42336,0.0018483,0.21168,0.0018483,0.21168,460.486,0,1.02816,0,0,5.73629,4.70813,1.028160,1,0,173.287,0,0,0,173.287,0
61.6468,2.32975,0,0,8.28827,0.273347,0.36288,3.6288,61.308,0.271592,0,0,2.96843,0.155331,2.5415,0.66528,12.849,1,0.531473,0.36288,0,205.345,3.79679,201.38,0.84672,12.849,0.84672,3695.15,0,0.0036966,8.18789e-06,5.72161,1.5404,18.0798,0.919252,24.4226,0.42336,0.0018483,0.21168,0.0018483,0.21168,460.486,0,1.02816,0,0,6.74977,5.72161,1.028160,1,0,228.344,0,0,0,228.344,0
66.2103,2.36773,0,0,7.58074,0.286687,0.36288,3.6288,61.308,0.271593,0,0,2.53724,0.149603,2.11604,0.66528,12.849,1,0.493504,0.36288,0,229.695,3.70713,225.858,0.84672,12.849,0.84672,3695.15,0,0.0036966,8.18792e-06,5.19775,1.5404,16.3003,0.903897,22.1346,0.42336,0.0018483,0.21168,0.0018483,0.21168,460.486,0,1.02816,0,0,6.22591,5.19775,1.028160,1,0,250.108,0,0,0,250.108,0
70.6266,2.39622,0,0,7.48104,0.305626,0.36288,3.6288,61.308,0.271594,0,0,2.12998,0.161778,1.69661,0.66528,12.849,1,0.465019,0.36288,0,221.317,4.11348,217.101,0.84672,12.849,0.84672,3695.15,0,0.0036966,8.18795e-06,3.44529,1.5404,15.3071,0.974299,19.3185,0.42336,0.0018483,0.21168,0.0018483,0.21168,460.486,0,1.02816,0,0,4.47345,3.44529,1.028160,1,0,238.117,0,0,0,238.117,0
72.29,2.50928,0,0,6.42405,0.317767,1.93357,3.6288,61.308,0.323869,0,0,1.94781,0.163808,1.46013,0.66528,12.849,1,0.45651,1.93357,0,131.416,4.18121,128.712,0.84672,12.849,0.84672,3695.15,0,0.0036966,9.76392e-06,3.02341,1.5404,13.0144,0.986032,16.5922,0.42336,0.0018483,0.21168,0.0018483,0.21168,460.486,0,1.02816,0,0,4.05157,3.02341,1.028160,1,0,146.764,0,0,0,146.764,0
72.29,2.5182,0,0,6.53279,0.326582,3.68801,3.6288,61.308,0.32387,0,0,2.14612,0.187999,1.63425,0.66528,12.849,1,0.447591,3.68801,0,136.666,4.69299,135.213,0.84672,12.849,0.84672,3695.15,0,0.0036966,9.76395e-06,3.40664,1.60039,16.2457,1.02994,20.2228,0.42336,0.0018483,0.21168,0.0018483,0.21168,460.486,0,1.02816,0,0,4.4348,3.40664,1.028160,1,0,157.07,0,0,0,157.07,0
72.29,2.5182,0,0,6.00349,0.299928,3.18536,3.6288,61.308,0.323871,0,0,1.90267,0.210067,1.36873,0.66528,12.849,1,0.447591,3.18536,0,120.776,4.83339,118.68,0.84672,12.849,0.84672,3695.15,0,0.0036966,9.76398e-06,2.98088,1.60039,13.1581,1.02612,16.7132,0.42336,0.0018483,0.21168,0.0018483,0.21168,460.486,0,1.02816,0,0,4.00904,2.98088,1.028160,1,0,136.762,0,0,0,136.762,0
72.29,2.5182,0,0,4.43163,0.243925,1.6695,3.6288,61.308,0.323872,0,0,1.7631,0.209804,1.22943,0.66528,12.849,1,0.447592,1.6695,0,93.0649,3.61125,90.6756,0.84672,12.849,0.84672,3695.15,0,0.0036966,9.76401e-06,1.96279,1.60039,9.09887,1.0299,11.6321,0.42336,0.0018483,0.21168,0.0018483,0.21168,460.486,0,1.02816,0,0,2.99095,1.96279,1.028160,1,0,103.537,0,0,0,103.537,0
72.29,2.4835,0,0,3.57394,0.234913,0.855533,3.6288,61.308,0.30357,0,0,1.37633,0.219794,0.852963,0.66528,12.849,1,0.441423,0.855533,0,75.7521,3.23662,72.9296,0.84672,12.849,0.84672,3695.15,0,0.0036966,9.15196e-06,1.28721,1.60039,6.64753,1.09509,8.44003,0.42336,0.0018483,0.21168,0.0018483,0.21168,460.486,0,1.02816,0,0,2.31537,1.28721,1.028160,1,0,82.2225,0,0,0,82.2225,0
72.29,2.4835,0,0,3.88613,0.234913,1.16771,3.6288,61.308,0.303571,0,0,1.18635,0.219794,0.662985,0.66528,12.849,1,0.441423,1.16771,0,78.1574,3.23662,75.6471,0.84672,12.849,0.84672,3695.15,0,0.0036966,9.15199e-06,0.951005,1.57704,8.14571,1.09509,9.57865,0.42336,0.0018483,0.21168,0.0018483,0.21168,460.486,0,1.02816,0,0,1.97916,0.951005,1.028160,1,0,85.8887,0,0,0,85.8887,0
72.29,2.4835,0,0,3.50646,0.192338,0.830617,3.6288,61.308,0.303572,0,0,1.16132,0.240564,0.617184,0.66528,12.849,1,0.441424,0.830617,0,70.8798,4.8741,66.3949,0.84672,12.849,0.84672,3695.15,0,0.0036966,9.15202e-06,1.0362,1.57704,6.85584,1.15965,8.30943,0.42336,0.0018483,0.21168,0.0018483,0.21168,460.486,0,1.02816,0,0,2.06436,1.0362,1.028160,1,0,75.3215,0,0,0,75.3215,0
72.29,2.4835,0,0,3.06462,0.131148,0.449965,3.6288,61.308,0.303573,0,0,1.10173,0.2618,0.536357,0.66528,12.849,1,0.441424,0.449965,0,48.2503,5.19435,43.0645,0.84672,12.849,0.84672,3695.15,0,0.0036966,9.15205e-06,0.835445,1.57705,6.14631,1.30702,7.25177,0.42336,0.0018483,0.21168,0.0018483,0.21168,460.486,0,1.02816,0,0,1.8636,0.835445,1.028160,1,0,50.8527,0,0,0,50.8527,0
72.29,2.60132,0,0,3.19612,0.163612,0.431189,3.6288,61.308,0.375573,0,0,1.001,0.266401,0.35903,0.66528,12.849,1,0.462364,0.431189,0,58.9207,5.0274,53.8621,0.84672,12.849,0.84672,3695.15,0,0.0036966,1.13227e-05,0.746349,1.57705,5.25632,1.30387,6.27583,0.42336,0.0018483,0.21168,0.0018483,0.21168,460.486,0,1.02816,0,0,1.77451,0.746349,1.028160,1,0,60.4969,0,0,0,60.4969,0
71.9861,2.60132,0,0,2.82391,0.163612,0.36288,3.6288,61.308,0.375574,0,0,0.935099,0.266401,0.293123,0.66528,12.849,1,0.462365,0.36288,0,54.2144,5.0274,49.0875,0.84672,12.849,0.84672,3695.15,0,0.0036966,1.13227e-05,0.598216,1.65868,4.68615,1.30387,5.63917,0.42336,0.0018483,0.21168,0.0018483,0.21168,460.486,0,1.02816,0,0,1.62638,0.598216,1.028160,1,0,55.0198,0,0,0,55.0198,0
71.5635,2.59966,0,0,2.70321,0.163235,0.36288,3.6288,61.308,0.375575,0,0,0.873711,0.266401,0.231735,0.66528,12.849,1,0.464021,0.36288,0,50.964,5.0274,45.8354,0.84672,12.849,0.84672,3695.15,0,0.0036966,1.13227e-05,0.455069,1.65868,4.33481,1.30387,5.14468,0.42336,0.0018483,0.21168,0.0018483,0.21168,460.486,0,1.02816,0,0,1.48323,0.455069,1.028160,1,0,51.2119,0,0,0,51.2119,0
70.8463,2.59734,0,0,2.40572,0.16271,0.36288,3.6288,61.308,0.375576,0,0,0.801628,0.266401,0.159651,0.66528,12.849,1,0.466344,0.36288,0,45.9588,5.0274,40.8279,0.84672,12.849,0.84672,3695.15,0,0.0036966,1.13228e-05,0.323862,1.65868,4.1773,1.30387,4.85596,0.42336,0.0018483,0.21168,0.0018483,0.21168,460.486,0,1.02816,0,0,1.35202,0.323862,1.028160,1,0,45.8435,0,0,0,45.8435,0
70.1069,2.59335,0,0,2.31344,0.0966018,0.36288,3.6288,61.308,0.375577,0,0,1.30268,0.31458,0.612522,0.66528,12.849,1,0.470341,0.36288,0,51.1101,5.65389,45.3487,0.84672,12.849,0.84672,3695.15,0,0.0036966,1.13228e-05,1.17004,1.65868,5.30251,1.42382,6.7074,0.42336,0.0018483,0.21168,0.0018483,0.21168,460.486,0,1.02816,0,0,2.1982,1.17004,1.028160,1,0,52.6687,0,0,0,52.6687,0
69.1463,2.56597,0,0,2.06177,0.0935045,0.36288,3.6288,61.308,0.41515,0,0,1.32316,0.317101,0.590913,0.66528,12.849,1,0.470283,0.36288,0,47.6048,5.69583,41.8015,0.84672,12.849,0.84672,3695.15,0,0.0036966,1.25158e-05,1.12903,1.65868,4.95117,1.42785,6.31103,0.42336,0.0018483,0.21168,0.0018483,0.21168,460.486,0,1.02816,0,0,2.15719,1.12903,1.028160,1,0,48.7035,0,0,0,48.7035,0
68.0413,2.56046,0,0,1.91111,0.0928115,0.36288,3.6288,61.308,0.415151,0,0,1.24882,0.317101,0.516565,0.66528,12.849,1,0.475793,0.36288,0,43.226,5.69583,37.4173,0.84672,12.849,0.84672,3695.15,0,0.0036966,1.25159e-05,0.969227,1.68412,4.88945,1.42785,6.11493,0.42336,0.0018483,0.21168,0.0018483,0.21168,460.486,0,1.02816,0,0,1.99739,0.969227,1.028160,1,0,44.0488,0,0,0,44.0488,0
66.8901,2.55396,0,0,1.8576,0.0920143,0.36288,3.6288,61.308,0.415152,0,0,1.18032,0.317101,0.448066,0.66528,12.849,1,0.482293,0.36288,0,38.8549,5.69583,33.0397,0.84672,12.849,0.84672,3695.15,0,0.0036966,1.25159e-05,0.787432,1.68412,4.81879,1.42785,5.86248,0.42336,0.0018483,0.21168,0.0018483,0.21168,460.486,0,1.02816,0,0,1.81559,0.787432,1.028160,1,0,39.3502,0,0,0,39.3502,0
65.5669,2.547,0,0,1.66869,0.0819474,0.36288,3.6288,61.308,0.415153,0,0,1.09895,0.331676,0.352119,0.66528,12.849,1,0.489256,0.36288,0,41.4158,5.81084,35.4786,0.84672,12.849,0.84672,3695.15,0,0.0036966,1.25159e-05,0.528716,1.68412,4.09356,1.47226,4.83412,0.42336,0.0018483,0.21168,0.0018483,0.21168,460.486,0,1.02816,0,0,1.55688,0.528716,1.028160,1,0,40.6649,0,0,0,40.6649,0
63.9418,2.59799,0,0,1.41621,0.0803991,0.36288,3.6288,61.308,0.450421,0,0,0.997566,0.340743,0.206402,0.66528,12.849,1,0.509123,0.36288,0,32.1222,5.87559,26.1004,0.84672,12.849,0.84672,3695.15,0,0.0036966,1.35792e-05,0.451924,1.68412,3.10697,1.47901,3.76399,0.42336,0.0018483,0.21168,0.0018483,0.21168,460.486,0,1.02816,0,0,1.48008,0.451924,1.028160,1,0,30.0708,0,0,0,30.0708,0
62.2218,2.58722,0,0,1.30937,0.0793544,0.36288,3.6288,61.308,0.450423,0,0,0.925119,0.340743,0.133954,0.66528,12.849,1,0.519897,0.36288,0,30.8022,5.87559,24.7696,0.84672,12.849,0.84672,3695.15,0,0.0036966,1.35792e-05,0.271806,1.72465,2.70149,1.47901,3.21892,0.42336,0.0018483,0.21168,0.0018483,0.21168,460.486,0,1.02816,0,0,1.29997,0.271806,1.028160,1,0,28.1225,0,0,0,28.1225,0
60.5483,2.57531,0,0,1.33847,0.0737223,0.36288,3.6288,61.308,0.450424,0,0,1.02737,0.343333,0.233618,0.66528,12.849,1,0.531809,0.36288,0,29.2961,5.95037,23.1768,0.84672,12.849,0.84672,3695.15,0,0.0036966,1.35793e-05,0.447224,1.72465,3.34152,1.49395,4.01943,0.42336,0.0018483,0.21168,0.0018483,0.21168,460.486,0,1.02816,0,0,1.47538,0.447224,1.028160,1,0,27.4298,0,0,0,27.4298,0
58.9537,2.56318,0,0,1.39459,0.0631494,0.36288,3.6288,61.308,0.450425,0,0,1.05326,0.3144,0.288434,0.66528,12.849,1,0.543935,0.36288,0,29.3406,6.07575,23.0838,0.84672,12.849,0.84672,3695.15,0,0.0036966,1.35793e-05,0.542376,1.72465,3.64755,1.54482,4.36974,0.42336,0.0018483,0.21168,0.0018483,0.21168,460.486,0,1.02816,0,0,1.57054,0.542376,1.028160,1,0,27.7419,0,0,0,27.7419,0
56.7817,2.72148,0,0,0.976389,0.0640176,0.36288,3.6288,61.308,0.577723,0,0,1.03333,0.330491,0.125113,0.66528,12.849,1,0.593149,0.36288,0,26.7293,6.14975,20.3493,0.84672,12.849,0.84672,3695.15,0,0.0036966,1.74171e-05,0.558783,1.72465,2.70848,1.59839,3.3935,0.42336,0.0018483,0.21168,0.0018483,0.21168,460.486,0,1.02816,0,0,1.58694,0.558783,1.028160,1,0,23.8679,0,0,0,23.8679,0
54.5206,2.70298,0,0,0.867387,0.0626744,0.36288,3.6288,61.308,0.577724,0,0,0.925327,0.330491,0.0171113,0.66528,12.849,1,0.611651,0.36288,0,23.8904,6.14975,17.4919,0.84672,12.849,0.84672,3695.15,0,0.0036966,1.74171e-05,0.470102,1.8619,2.64506,1.59839,3.37865,0.42336,0.0018483,0.21168,0.0018483,0.21168,460.486,0,1.02816,0,0,1.49826,0.470102,1.028160,1,0,20.8876,0,0,0,20.8876,0
52.3561,2.68245,0,0,0.94214,0.0612761,0.36288,3.6288,61.308,0.577725,0,0,0.9363,0.330491,0.0280829,0.66528,12.849,1,0.632179,0.36288,0,22.8328,6.14975,16.4137,0.84672,12.849,0.84672,3695.15,0,0.0036966,1.74171e-05,0.481257,1.8619,2.80947,1.59839,3.55421,0.42336,0.0018483,0.21168,0.0018483,0.21168,460.486,0,1.02816,0,0,1.50942,0.481257,1.028160,1,0,19.996,0,0,0,19.996,0
50.7142,2.66146,0,0,1.45522,0.072769,0.36288,3.6288,61.308,0.577727,0,0,1.12622,0.327273,0.221216,0.66528,12.849,1,0.653164,0.36288,0,36.8788,6.06069,30.5278,0.84672,12.849,0.84672,3695.15,0,0.0036966,1.74172e-05,0.781203,1.8619,2.96908,1.58747,4.0247,0.42336,0.0018483,0.21168,0.0018483,0.21168,460.486,0,1.02816,0,0,1.80936,0.781203,1.028160,1,0,34.7737,0,0,0,34.7737,0
48.7906,2.64459,0,0,1.15155,0.0676473,0.36288,3.6288,61.308,0.577728,0,0,0.985988,0.287154,0.121106,0.66528,12.849,1,0.670036,0.36288,0,38.9719,5.79308,32.8717,0.84672,12.849,0.84672,3695.15,0,0.0036966,1.74172e-05,0.273499,1.8619,2.7128,1.46141,3.38676,0.42336,0.0018483,0.21168,0.0018483,0.21168,460.486,0,1.02816,0,0,1.30166,0.273499,1.028160,1,0,36.3796,0,0,0,36.3796,0
47.3464,2.54363,0,0,1.5204,0.0581614,0.36288,3.6288,61.308,0.500464,0,0,1.30462,0.272823,0.531336,0.66528,12.849,1,0.669864,0.36288,0,37.5656,5.73353,31.5251,0.84672,12.849,0.84672,3695.15,0,0.0036966,1.50879e-05,1.0201,1.8619,3.77351,1.41682,5.23868,0.42336,0.0018483,0.21168,0.0018483,0.21168,460.486,0,1.02816,0,0,2.04826,1.0201,1.028160,1,0,37.2951,0,0,0,37.2951,0
45.1451,2.52756,0,0,0.746375,0.0572526,0.36288,3.6288,61.308,0.508215,0,0,0.799865,0.272823,0.018827,0.66528,12.849,1,0.685936,0.36288,0,37.8478,5.73353,31.7912,0.84672,12.849,0.84672,3695.15,0,0.0036966,1.53216e-05,0.216518,1.78325,2.16371,1.41682,2.74665,0.42336,0.0018483,0.21168,0.0018483,0.21168,460.486,0,1.02041,0,0,1.23693,0.216518,1.028160,1,0,34.5567,0,0,0,34.5567,0
42.9924,2.50152,0,0,0.767627,0.0558675,0.36288,3.6288,61.213,0.691102,0,0,0.868916,0.272823,0,0.66528,12.849,1,0.711972,0.36288,0,24.6825,5.73353,18.5999,0.84672,12.849,0.84672,3695.15,0,0.0036966,2.08352e-05,0.216518,1.78325,1.75504,1.41682,2.33798,0.42336,0.0018483,0.21168,0.0018483,0.21168,460.486,0,0.837518,0,0,1.05404,0.216518,1.028160,1,0,20.9379,0,0,0,20.9379,0
42.1327,2.47407,0,0,2.12148,0.144248,0.36288,3.6288,61.308,0.500467,0,0,1.2584,0.249272,0.413651,0.66528,12.849,1,0.739418,0.36288,0,51.7727,4.75265,46.6435,0.84672,12.849,0.84672,3695.15,0,0.0036966,1.51114e-05,1.39014,1.78326,5.1536,1.17225,7.15473,0.42336,0.0018483,0.21168,0.0018483,0.21168,460.486,0,1.02816,0,0,2.4183,1.39014,1.028160,1,0,54.2119,0,0,0,54.2119,0
41.2793,2.3989,0,0,2.07046,0.162111,0.36288,3.6288,61.308,0.430138,0,0,1.17532,0.170203,0.574976,0.66528,12.849,1,0.73158,0.36288,0,78.7614,3.92164,74.471,0.84672,12.849,0.84672,3695.15,0,0.0036966,1.29677e-05,0.773885,1.78326,4.4249,0.909304,6.07272,0.42336,0.0018483,0.21168,0.0018483,0.21168,460.486,0,1.02816,0,0,1.80204,0.773885,1.028160,1,0,81.1187,0,0,0,81.1187,0
41.255,2.38736,0,0,2.88652,0.160498,0.36288,3.6288,61.308,0.430139,0,0,1.2571,0.170203,0.656761,0.66528,12.849,1,0.743115,0.36288,0,79.0309,3.92164,74.7291,0.84672,12.849,0.84672,3695.15,0,0.0036966,1.29677e-05,1.09931,1.71336,5.10106,0.909304,7.00442,0.42336,0.0018483,0.21168,0.0018483,0.21168,460.486,0,1.02816,0,0,2.12747,1.09931,1.028160,1,0,82.3902,0,0,0,82.3902,0
41.4175,2.38703,0,0,3.07283,0.160452,0.36288,3.6288,61.308,0.43014,0,0,1.3193,0.170203,0.71896,0.66528,12.849,1,0.743449,0.36288,0,79.2979,3.92164,74.9957,0.84672,12.849,0.84672,3695.15,0,0.0036966,1.29678e-05,1.17177,1.71336,5.3614,0.909304,7.33722,0.42336,0.0018483,0.21168,0.0018483,0.21168,460.486,0,1.02816,0,0,2.19993,1.17177,1.028160,1,0,83.0519,0,0,0,83.0519,0
44.8634,2.38926,0,0,6.38385,0.185802,0.36288,3.6288,61.308,0.430141,0,0,1.8719,0.0772563,1.3645,0.66528,12.849,1,0.741223,0.36288,0,57.2307,3.52798,53.3243,0.84672,12.849,0.84672,3695.15,0,0.0036966,1.29678e-05,1.62844,1.71337,6.72369,0.830518,9.23497,0.42336,0.0018483,0.21168,0.0018483,0.21168,460.486,0,1.02816,0,0,2.6566,1.62844,1.028160,1,0,63.9238,0,0,0,63.9238,0
44.2123,2.25025,0,0,2.17097,0.208947,0.36288,3.6288,61.308,0.283664,0,0,1.26221,0.173984,0.804561,0.66528,12.849,1,0.644478,0.36288,0,59.6442,3.92322,55.4393,0.84672,12.849,0.84672,3695.15,0,0.0036966,8.55183e-06,1.55117,1.71337,4.50355,1.04719,6.72088,0.42336,0.0018483,0.21168,0.0018483,0.21168,460.486,0,1.02816,0,0,2.57933,1.55117,1.028160,1,0,62.9648,0,0,0,62.9648,0
43.4362,2.2429,0,0,2.07463,0.244966,0.36288,3.6288,61.308,0.283665,0,0,1.39962,0.190175,0.92578,0.66528,12.849,1,0.651833,0.36288,0,79.3995,3.49335,75.6172,0.84672,12.849,0.84672,3695.15,0,0.0036966,8.55186e-06,1.53243,1.55601,4.4599,0.898708,6.64962,0.42336,0.0018483,0.21168,0.0018483,0.21168,460.486,0,1.02816,0,0,2.56059,1.53243,1.028160,1,0,83.1926,0,0,0,83.1926,0
42.9987,2.23391,0,0,2.40215,0.242802,0.36288,3.6288,61.308,0.283666,0,0,1.13251,0.190175,0.658665,0.66528,12.849,1,0.660821,0.36288,0,89.4663,3.49335,85.675,0.84672,12.849,0.84672,3695.15,0,0.0036966,8.55189e-06,1.41008,1.55601,4.39626,0.898708,6.46364,0.42336,0.0018483,0.21168,0.0018483,0.21168,460.486,0,1.02816,0,0,2.43824,1.41008,1.028160,1,0,92.7973,0,0,0,92.7973,0
43.4462,2.22874,0,0,3.28069,0.241582,0.36288,3.6288,61.308,0.283667,0,0,1.98984,0.190175,1.516,0.66528,12.849,1,0.665997,0.36288,0,96.4241,3.49335,92.6277,0.84672,12.849,0.84672,3695.15,0,0.0036966,8.55192e-06,2.99024,1.55601,6.58381,0.898708,10.2314,0.42336,0.0018483,0.21168,0.0018483,0.21168,460.486,0,1.02816,0,0,4.0184,2.99024,1.028160,1,0,104.375,0,0,0,104.375,0
47.447,2.23403,0,0,6.82412,0.226461,0.36288,3.6288,61.308,0.283668,0,0,3.11404,0.222145,2.60823,0.66528,12.849,1,0.660704,0.36288,0,176.478,4.1029,172.077,0.84672,12.849,0.84672,3695.15,0,0.0036966,8.55195e-06,2.68746,1.55602,9.72306,1.09908,12.8675,0.42336,0.0018483,0.21168,0.0018483,0.21168,460.486,0,1.02816,0,0,3.71562,2.68746,1.028160,1,0,187.553,0,0,0,187.553,0
51.2985,2.34924,0,0,6.79536,0.23173,0.36288,3.6288,61.308,0.326083,0,0,3.40206,0.262459,2.81352,0.66528,12.849,1,0.636191,0.36288,0,174.211,4.78936,169.148,0.84672,12.849,0.84672,3695.15,0,0.0036966,9.83069e-06,2.7129,1.55602,9.23815,1.27469,12.2324,0.42336,0.0018483,0.21168,0.0018483,0.21168,460.486,0,1.02816,0,0,3.74106,2.7129,1.028160,1,0,184.194,0,0,0,184.194,0
55.7216,2.38743,0,0,7.41493,0.241483,0.36288,3.6288,61.308,0.326078,0,0,4.54243,0.262459,3.95389,0.66528,12.849,1,0.597992,0.36288,0,166.542,4.78936,161.518,0.84672,12.849,0.84672,3695.15,0,0.0036966,9.83053e-06,4.9857,1.60578,14.0416,1.27469,19.3583,0.42336,0.0018483,0.21168,0.0018483,0.21168,460.486,0,1.02816,0,0,6.01386,4.9857,1.028160,1,0,184.83,0,0,0,184.83,0
58.8168,2.426,0,0,6.12206,0.238062,0.36288,3.6288,61.308,0.326072,0,0,3.6146,0.283191,3.00534,0.66528,12.849,1,0.559417,0.36288,0,156.817,4.57134,152.049,0.84672,12.849,0.84672,3695.15,0,0.0036966,9.83036e-06,3.22494,1.60578,9.63956,1.25728,13.213,0.42336,0.0018483,0.21168,0.0018483,0.21168,460.486,0,1.02816,0,0,4.2531,3.22494,1.028160,1,0,168.267,0,0,0,168.267,0
62.7862,2.45015,0,0,7.01401,0.231522,0.36288,3.6288,61.308,0.326067,0,0,3.47148,0.289921,2.85549,0.66528,12.849,1,0.535256,0.36288,0,150.447,4.38815,145.887,0.84672,12.849,0.84672,3695.15,0,0.0036966,9.8302e-06,2.28188,1.60577,9.47048,1.20445,12.1537,0.42336,0.0018483,0.21168,0.0018483,0.21168,460.486,0,1.02816,0,0,3.31004,2.28188,1.028160,1,0,160.896,0,0,0,160.896,0
65.0014,2.71996,0,0,5.52863,0.230616,0.36288,3.6288,61.308,0.485286,0,0,3.54955,0.267279,2.79698,0.66528,12.849,1,0.556631,0.36288,0,169.928,3.90501,165.829,0.84672,12.849,0.84672,3695.15,0,0.0036966,1.46303e-05,2.69133,1.60576,9.87345,1.01371,13.1568,0.42336,0.0018483,0.21168,0.0018483,0.21168,460.486,0,1.02816,0,0,3.71949,2.69133,1.028160,1,0,181.783,0,0,0,181.783,0
66.5942,2.73579,0,0,4.94253,0.251026,0.36288,3.6288,61.308,0.48528,0,0,3.65528,0.261972,2.90803,0.66528,12.849,1,0.54079,0.36288,0,140.799,3.94212,136.679,0.84672,12.849,0.84672,3695.15,0,0.0036966,1.46301e-05,2.68181,1.78335,9.81124,1.04749,13.2289,0.42336,0.0018483,0.21168,0.0018483,0.21168,460.486,0,1.02816,0,0,3.70997,2.68181,1.028160,1,0,152.816,0,0,0,152.816,0
68.8419,2.74662,0,0,5.61142,0.254238,0.36288,3.6288,61.308,0.485274,0,0,3.71612,0.261972,2.96887,0.66528,12.849,1,0.529946,0.36288,0,142.063,3.94212,137.954,0.84672,12.849,0.84672,3695.15,0,0.0036966,1.46299e-05,2.78981,1.78334,9.95674,1.04749,13.4824,0.42336,0.0018483,0.21168,0.0018483,0.21168,460.486,0,1.02816,0,0,3.81797,2.78981,1.028160,1,0,154.405,0,0,0,154.405,0
71.8289,2.76119,0,0,6.37701,0.265986,0.36288,3.6288,61.308,0.485268,0,0,3.97345,0.249184,3.239,0.66528,12.849,1,0.515363,0.36288,0,159.033,3.80356,155.077,0.84672,12.849,0.84672,3695.15,0,0.0036966,1.46297e-05,3.0972,1.78333,11.4096,0.996551,15.2935,0.42336,0.0018483,0.21168,0.0018483,0.21168,460.486,0,1.02816,0,0,4.12536,3.0972,1.028160,1,0,173.609,0,0,0,173.609,0
72.29,2.42706,0,0,9.94568,0.316955,6.74053,3.6288,61.308,0.271585,0,0,5.71766,0.227313,5.21876,0.66528,12.849,1,0.434161,6.74053,0,240.098,3.43308,242.971,0.84672,12.849,0.84672,3695.15,0,0.0036966,8.18767e-06,5.19533,1.78333,22.1019,0.913298,28.1672,0.42336,0.0018483,0.21168,0.0018483,0.21168,460.486,0,1.02816,0,0,6.22349,5.19533,1.028160,1,0,276.357,0,0,0,276.357,0
72.29,2.4294,0,0,8.66843,0.318068,5.92095,3.6288,61.308,0.271579,0,0,4.65154,0.227313,4.15265,0.66528,12.849,1,0.431808,5.92095,0,163.842,3.43308,165.898,0.84672,12.849,0.84672,3695.15,0,0.0036966,8.18751e-06,3.41371,1.54039,17.021,0.913298,21.0618,0.42336,0.0018483,0.21168,0.0018483,0.21168,460.486,0,1.02816,0,0,4.44187,3.41371,1.028160,1,0,191.113,0,0,0,191.113,0
72.29,2.42939,0,0,8.47117,0.318068,5.72371,3.6288,61.308,0.271574,0,0,4.15528,0.227313,3.65639,0.66528,12.849,1,0.431806,5.72371,0,170.811,3.43308,172.67,0.84672,12.849,0.84672,3695.15,0,0.0036966,8.18735e-06,3.08559,1.54039,17.1971,0.913298,20.9097,0.42336,0.0018483,0.21168,0.0018483,0.21168,460.486,0,1.02816,0,0,4.11375,3.08559,1.028160,1,0,197.236,0,0,0,197.236,0
72.29,2.42938,0,0,8.41381,0.272755,5.71167,3.6288,61.308,0.271569,0,0,3.78497,0.203248,3.31015,0.66528,12.849,1,0.431805,5.71167,0,184.21,3.0843,186.406,0.84672,12.849,0.84672,3695.15,0,0.0036966,8.1872e-06,3.1904,1.54038,17.6775,0.863196,21.5451,0.42336,0.0018483,0.21168,0.0018483,0.21168,460.486,0,1.02816,0,0,4.21856,3.1904,1.028160,1,0,211.261,0,0,0,211.261,0
72.29,2.42937,0,0,7.61512,0.281477,4.90427,3.6288,61.308,0.271564,0,0,4.04456,0.154383,3.61861,0.66528,12.849,1,0.431803,4.90427,0,179.599,3.57534,180.496,0.84672,12.849,0.84672,3695.15,0,0.0036966,8.18704e-06,2.45957,1.54038,13.9609,0.843727,17.1171,0.42336,0.0018483,0.21168,0.0018483,0.21168,460.486,0,1.02816,0,0,3.48773,2.45957,1.028160,1,0,201.232,0,0,0,201.232,0
72.29,2.51813,0,0,9.21214,0.29856,6.39545,3.6288,61.308,0.323831,0,0,4.27677,0.142057,3.81088,0.66528,12.849,1,0.447578,6.39545,0,171.697,3.87639,173.768,0.84672,12.849,0.84672,3695.15,0,0.0036966,9.76278e-06,2.71854,1.54037,16.2127,0.85097,19.6206,0.42336,0.0018483,0.21168,0.0018483,0.21168,460.486,0,1.02816,0,0,3.7467,2.71854,1.028160,1,0,197.2,0,0,0,197.2,0
72.29,2.51812,0,0,11.159,0.29856,8.34231,3.6288,61.308,0.323825,0,0,7.01278,0.142057,6.54689,0.66528,12.849,1,0.447576,8.34231,0,192.871,3.87639,196.889,0.84672,12.849,0.84672,3695.15,0,0.0036966,9.76262e-06,5.15907,1.60034,23.858,0.85097,29.7664,0.42336,0.0018483,0.21168,0.0018483,0.21168,460.486,0,1.02816,0,0,6.18723,5.15907,1.028160,1,0,233.202,0,0,0,233.202,0
72.29,2.51811,0,0,7.73582,0.244992,4.97272,3.6288,61.308,0.32382,0,0,4.14763,0.170603,3.65321,0.66528,12.849,1,0.447575,4.97272,0,226.755,4.22541,227.055,0.84672,12.849,0.84672,3695.15,0,0.0036966,9.76246e-06,2.52094,1.60033,13.6431,0.919671,16.8447,0.42336,0.0018483,0.21168,0.0018483,0.21168,460.486,0,1.02816,0,0,3.5491,2.52094,1.028160,1,0,247.553,0,0,0,247.553,0
72.29,2.5181,0,0,6.8154,0.207036,4.09027,3.6288,61.308,0.323815,0,0,3.32123,0.207307,2.79011,0.66528,12.849,1,0.447573,4.09027,0,162.56,3.85568,162.347,0.84672,12.849,0.84672,3695.15,0,0.0036966,9.76229e-06,2.24666,1.60033,11.7214,1.01899,14.5494,0.42336,0.0018483,0.21168,0.0018483,0.21168,460.486,0,1.02816,0,0,3.27482,2.24666,1.028160,1,0,179.686,0,0,0,179.686,0
72.29,2.48338,0,0,6.07094,0.234166,3.35339,3.6288,61.308,0.303508,0,0,2.90645,0.187331,2.41561,0.66528,12.849,1,0.441402,3.35339,0,139.835,3.41198,139.335,0.84672,12.849,0.84672,3695.15,0,0.0036966,9.15008e-06,2.24922,1.60032,10.2355,0.95476,13.1302,0.42336,0.0018483,0.21168,0.0018483,0.21168,460.486,0,1.02816,0,0,3.27738,2.24922,1.028160,1,0,154.881,0,0,0,154.881,0
72.29,2.48337,0,0,5.52167,0.223142,2.81515,3.6288,61.308,0.303502,0,0,2.79662,0.189828,2.30329,0.66528,12.849,1,0.441401,2.81515,0,127.796,3.46209,126.708,0.84672,12.849,0.84672,3695.15,0,0.0036966,9.14992e-06,1.77768,1.57697,9.94213,0.97254,12.3242,0.42336,0.0018483,0.21168,0.0018483,0.21168,460.486,0,1.02816,0,0,2.80584,1.77768,1.028160,1,0,141.335,0,0,0,141.335,0
72.29,2.48336,0,0,5.33996,0.172218,2.68438,3.6288,61.308,0.303497,0,0,2.75255,0.201217,2.24783,0.66528,12.849,1,0.441399,2.68438,0,119.096,4.12797,117.211,0.84672,12.849,0.84672,3695.15,0,0.0036966,9.14976e-06,1.9243,1.57696,9.73106,1.056,12.1763,0.42336,0.0018483,0.21168,0.0018483,0.21168,460.486,0,1.02816,0,0,2.95246,1.9243,1.028160,1,0,131.636,0,0,0,131.636,0
72.29,2.48335,0,0,5.09085,0.183305,2.42419,3.6288,61.308,0.303492,0,0,2.64355,0.184975,2.15508,0.66528,12.849,1,0.441397,2.42419,0,113.211,5.10165,110.092,0.84672,12.849,0.84672,3695.15,0,0.0036966,9.1496e-06,1.78888,1.57696,8.81773,0.976321,11.2072,0.42336,0.0018483,0.21168,0.0018483,0.21168,460.486,0,1.02816,0,0,2.81704,1.78888,1.028160,1,0,123.454,0,0,0,123.454,0
72.29,2.60114,0,0,4.31317,0.152813,1.55921,3.6288,61.308,0.37548,0,0,2.04795,0.243006,1.42946,0.66528,12.849,1,0.462334,1.55921,0,83.4296,4.94623,79.5802,0.84672,12.849,0.84672,3695.15,0,0.0036966,1.13199e-05,1.22927,1.57695,7.43049,1.06398,9.17272,0.42336,0.0018483,0.21168,0.0018483,0.21168,460.486,0,1.02816,0,0,2.25743,1.22927,1.028160,1,0,90.1824,0,0,0,90.1824,0
72.29,2.60113,0,0,4.13518,0.152813,1.38123,3.6288,61.308,0.375475,0,0,1.99796,0.243006,1.37948,0.66528,12.849,1,0.462332,1.38123,0,77.1949,4.94623,73.1676,0.84672,12.849,0.84672,3695.15,0,0.0036966,1.13197e-05,1.22596,1.65857,7.17932,1.06398,8.99985,0.42336,0.0018483,0.21168,0.0018483,0.21168,460.486,0,1.02816,0,0,2.25412,1.22596,1.028160,1,0,83.5469,0,0,0,83.5469,0
72.29,2.60112,0,0,3.95073,0.152813,1.19679,3.6288,61.308,0.375469,0,0,2.00578,0.243006,1.38731,0.66528,12.849,1,0.46233,1.19679,0,73.7588,4.94623,69.547,0.84672,12.849,0.84672,3695.15,0,0.0036966,1.13196e-05,1.42649,1.65856,6.83735,1.06398,8.85841,0.42336,0.0018483,0.21168,0.0018483,0.21168,460.486,0,1.02816,0,0,2.45465,1.42649,1.028160,1,0,79.7928,0,0,0,79.7928,0
72.29,2.60111,0,0,3.65444,0.187233,0.866097,3.6288,61.308,0.375464,0,0,1.8925,0.233789,1.28324,0.66528,12.849,1,0.462328,0.866097,0,68.6241,4.35393,64.6739,0.84672,12.849,0.84672,3695.15,0,0.0036966,1.13194e-05,1.34129,1.65856,6.21881,1.08683,8.13182,0.42336,0.0018483,0.21168,0.0018483,0.21168,460.486,0,1.02816,0,0,2.36945,1.34129,1.028160,1,0,74.089,0,0,0,74.089,0
72.2345,2.6011,0,0,3.02756,0.119099,0.36288,3.6288,61.308,0.375458,0,0,1.62143,0.25439,0.991586,0.66528,12.849,1,0.462326,0.36288,0,63.6466,5.00454,58.5426,0.84672,12.849,0.84672,3695.15,0,0.0036966,1.13192e-05,1.42845,1.65855,6.09072,1.17718,8.00053,0.42336,0.0018483,0.21168,0.0018483,0.21168,460.486,0,1.02816,0,0,2.45661,1.42845,1.028160,1,0,67.5347,0,0,0,67.5347,0
71.8798,2.5775,0,0,2.68741,0.101751,0.36288,3.6288,61.308,0.415021,0,0,1.38956,0.280482,0.69406,0.66528,12.849,1,0.458483,0.36288,0,60.0197,5.20668,54.7175,0.84672,12.849,0.84672,3695.15,0,0.0036966,1.2512e-05,1.34743,1.65854,5.83311,1.28429,7.55478,0.42336,0.0018483,0.21168,0.0018483,0.21168,460.486,0,1.02816,0,0,2.37559,1.34743,1.028160,1,0,62.9663,0,0,0,62.9663,0
71.399,2.57557,0,0,2.55077,0.0930402,0.36288,3.6288,61.308,0.415015,0,0,1.35079,0.292271,0.6435,0.66528,12.849,1,0.4604,0.36288,0,55.6235,5.21934,50.3066,0.84672,12.849,0.84672,3695.15,0,0.0036966,1.25118e-05,1.26465,1.68397,5.78293,1.32335,7.40819,0.42336,0.0018483,0.21168,0.0018483,0.21168,460.486,0,1.02816,0,0,2.29281,1.26465,1.028160,1,0,58.3583,0,0,0,58.3583,0
70.7529,2.57293,0,0,2.38232,0.0926998,0.36288,3.6288,61.308,0.415009,0,0,1.18282,0.292271,0.475545,0.66528,12.849,1,0.463026,0.36288,0,51.2191,5.21934,45.8996,0.84672,12.849,0.84672,3695.15,0,0.0036966,1.25116e-05,1.17541,1.68396,5.48143,1.32335,7.01744,0.42336,0.0018483,0.21168,0.0018483,0.21168,460.486,0,1.02816,0,0,2.20357,1.17541,1.028160,1,0,53.3926,0,0,0,53.3926,0
70.1071,2.56934,0,0,2.3779,0.091468,0.36288,3.6288,61.308,0.415003,0,0,1.30679,0.295195,0.596593,0.66528,12.849,1,0.466602,0.36288,0,48.1981,5.27649,42.8179,0.84672,12.849,0.84672,3695.15,0,0.0036966,1.25114e-05,1.15958,1.68395,5.20196,1.34446,6.70103,0.42336,0.0018483,0.21168,0.0018483,0.21168,460.486,0,1.02816,0,0,2.18774,1.15958,1.028160,1,0,50.1155,0,0,0,50.1155,0
69.2812,2.62558,0,0,2.25166,0.0890886,0.36288,3.6288,61.308,0.450261,0,0,1.17724,0.302506,0.424476,0.66528,12.849,1,0.481207,0.36288,0,55.3457,5.41936,49.808,0.84672,12.849,0.84672,3695.15,0,0.0036966,1.35744e-05,1.12698,1.68395,5.00196,1.39723,6.41565,0.42336,0.0018483,0.21168,0.0018483,0.21168,460.486,0,1.02816,0,0,2.15514,1.12698,1.028160,1,0,56.6481,0,0,0,56.6481,0
68.3174,2.62073,0,0,2.10836,0.088521,0.36288,3.6288,61.308,0.450255,0,0,1.09478,0.302506,0.342022,0.66528,12.849,1,0.486044,0.36288,0,44.4367,5.41936,38.8942,0.84672,12.849,0.84672,3695.15,0,0.0036966,1.35742e-05,1.08702,1.72446,4.50889,1.39723,5.92313,0.42336,0.0018483,0.21168,0.0018483,0.21168,460.486,0,1.02816,0,0,2.11518,1.08702,1.028160,1,0,45.1593,0,0,0,45.1593,0
67.1713,2.61494,0,0,1.91959,0.0878585,0.36288,3.6288,61.308,0.450249,0,0,1.03934,0.302506,0.286585,0.66528,12.849,1,0.491813,0.36288,0,40.4982,5.41936,34.9499,0.84672,12.849,0.84672,3695.15,0,0.0036966,1.3574e-05,0.761538,1.72446,4.20576,1.39723,5.29452,0.42336,0.0018483,0.21168,0.0018483,0.21168,460.486,0,1.02816,0,0,1.7897,0.761538,1.028160,1,0,40.531,0,0,0,40.531,0
66.3793,2.60789,0,0,2.2537,0.0749632,0.36288,3.6288,61.308,0.450243,0,0,1.29838,0.291925,0.556216,0.66528,12.849,1,0.498855,0.36288,0,42.3338,5.59422,36.6036,0.84672,12.849,0.84672,3695.15,0,0.0036966,1.35738e-05,1.56557,1.72445,6.38866,1.44507,8.23359,0.42336,0.0018483,0.21168,0.0018483,0.21168,460.486,0,1.02816,0,0,2.59373,1.56557,1.028160,1,0,45.3934,0,0,0,45.3934,0
65.2805,2.77673,0,0,2.13664,0.095829,0.36288,3.6288,61.308,0.577519,0,0,1.11345,0.3187,0.217235,0.66528,12.849,1,0.537489,0.36288,0,34.5664,5.71806,28.6737,0.84672,12.849,0.84672,3695.15,0,0.0036966,1.74109e-05,1.15585,1.72444,5.6572,1.46352,7.07395,0.42336,0.0018483,0.21168,0.0018483,0.21168,460.486,0,1.02816,0,0,2.18401,1.15585,1.028160,1,0,35.9649,0,0,0,35.9649,0
64.4251,2.76915,0,0,2.37056,0.0939497,0.36288,3.6288,61.308,0.577512,0,0,1.3099,0.329543,0.402846,0.66528,12.849,1,0.545046,0.36288,0,40.3878,5.81616,34.3894,0.84672,12.849,0.84672,3695.15,0,0.0036966,1.74107e-05,1.57555,1.86166,5.80809,1.4792,7.76608,0.42336,0.0018483,0.21168,0.0018483,0.21168,460.486,0,1.02816,0,0,2.60371,1.57555,1.028160,1,0,42.5584,0,0,0,42.5584,0
63.0854,2.76311,0,0,1.87959,0.0933056,0.36288,3.6288,61.308,0.577506,0,0,0.983189,0.329543,0.0761398,0.66528,12.849,1,0.551077,0.36288,0,44.3475,5.81616,38.3431,0.84672,12.849,0.84672,3695.15,0,0.0036966,1.74105e-05,0.927348,1.86165,4.6635,1.4792,5.97329,0.42336,0.0018483,0.21168,0.0018483,0.21168,460.486,0,1.02816,0,0,1.95551,0.927348,1.028160,1,0,44.3925,0,0,0,44.3925,0
62.1614,2.75337,0,0,2.28457,0.092297,0.36288,3.6288,61.308,0.577499,0,0,1.58071,0.329543,0.673663,0.66528,12.849,1,0.560797,0.36288,0,38.6574,5.81616,32.6434,0.84672,12.849,0.84672,3695.15,0,0.0036966,1.74103e-05,2.21402,1.86164,6.71954,1.4792,9.31598,0.42336,0.0018483,0.21168,0.0018483,0.21168,460.486,0,1.02816,0,0,3.24218,2.21402,1.028160,1,0,42.633,0,0,0,42.633,0
61.2413,2.74646,0,0,2.25851,0.0692524,0.36288,3.6288,61.308,0.577493,0,0,1.06512,0.361756,0.125873,0.66528,12.849,1,0.567703,0.36288,0,38.1205,6.3177,31.5979,0.84672,12.849,0.84672,3695.15,0,0.0036966,1.74101e-05,1.22727,1.86164,5.75333,1.58699,7.25523,0.42336,0.0018483,0.21168,0.0018483,0.21168,460.486,0,1.02816,0,0,2.25543,1.22727,1.028160,1,0,38.979,0,0,0,38.979,0
60.4807,2.65581,0,0,2.37765,0.119528,0.36288,3.6288,61.308,0.500233,0,0,1.04864,0.333959,0.214445,0.66528,12.849,1,0.557214,0.36288,0,34.8009,5.42173,29.1848,0.84672,12.849,0.84672,3695.15,0,0.0036966,1.50809e-05,1.09894,1.86163,5.02681,1.34393,6.64344,0.42336,0.0018483,0.21168,0.0018483,0.21168,460.486,0,1.02816,0,0,2.1271,1.09894,1.028160,1,0,36.0427,0,0,0,36.0427,0
59.9609,2.65002,0,0,2.67897,0.185873,0.36288,3.6288,61.308,0.500227,0,0,1.46884,0.301029,0.667587,0.66528,12.849,1,0.562991,0.36288,0,33.5573,4.56529,28.7919,0.84672,12.849,0.84672,3695.15,0,0.0036966,1.50807e-05,1.74435,1.78298,6.71306,1.15691,9.08347,0.42336,0.0018483,0.21168,0.0018483,0.21168,460.486,0,1.02816,0,0,2.77251,1.74435,1.028160,1,0,38.543,0,0,0,38.543,0
59.2774,2.64599,0,0,2.51313,0.187784,0.36288,3.6288,61.308,0.500221,0,0,1.49226,0.302035,0.690002,0.66528,12.849,1,0.567008,0.36288,0,41.3038,4.58157,36.5181,0.84672,12.849,0.84672,3695.15,0,0.0036966,1.50806e-05,1.66188,1.78298,6.79225,1.16622,9.07086,0.42336,0.0018483,0.21168,0.0018483,0.21168,460.486,0,1.02816,0,0,2.69004,1.66188,1.028160,1,0,46.2789,0,0,0,46.2789,0
58.7611,2.64061,0,0,2.67617,0.189039,0.36288,3.6288,61.308,0.500215,0,0,1.57576,0.298929,0.776619,0.66528,12.849,1,0.572379,0.36288,0,58.279,4.6308,53.4387,0.84672,12.849,0.84672,3695.15,0,0.0036966,1.50804e-05,1.87713,1.78297,7.25786,1.16117,9.75677,0.42336,0.0018483,0.21168,0.0018483,0.21168,460.486,0,1.02816,0,0,2.90529,1.87713,1.028160,1,0,63.9721,0,0,0,63.9721,0
57.4664,2.56836,0,0,1.83955,0.20292,0.36288,3.6288,61.308,0.42989,0,0,0.749624,0.280295,0.0394385,0.66528,12.849,1,0.561611,0.36288,0,27.9423,4.92618,22.8174,0.84672,12.849,0.84672,3695.15,0,0.0036966,1.29602e-05,0.527472,1.78296,3.78047,1.13085,4.96004,0.42336,0.0018483,0.21168,0.0018483,0.21168,460.486,0,1.02816,0,0,1.55563,0.527472,1.028160,1,0,27.8168,0,0,0,27.8168,0
56.9941,2.55801,0,0,2.64895,0.200378,0.36288,3.6288,61.308,0.429884,0,0,1.21623,0.280295,0.506048,0.66528,12.849,1,0.571949,0.36288,0,50.313,4.92618,45.1777,0.84672,12.849,0.84672,3695.15,0,0.0036966,1.29601e-05,1.44882,1.71307,5.96515,1.13085,7.99618,0.42336,0.0018483,0.21168,0.0018483,0.21168,460.486,0,1.02816,0,0,2.47698,1.44882,1.028160,1,0,53.6799,0,0,0,53.6799,0
59.1778,2.55413,0,0,5.35042,0.249704,0.36288,3.6288,61.308,0.429879,0,0,2.06079,0.263338,1.36757,0.66528,12.849,1,0.575814,0.36288,0,65.4318,4.42575,60.7932,0.84672,12.849,0.84672,3695.15,0,0.0036966,1.29599e-05,1.88158,1.71306,9.67145,1.05817,12.2079,0.42336,0.0018483,0.21168,0.0018483,0.21168,460.486,0,1.02816,0,0,2.90974,1.88158,1.028160,1,0,74.3687,0,0,0,74.3687,0
61.5322,2.57158,0,0,5.5439,0.255073,0.36288,3.6288,61.308,0.429873,0,0,1.61914,0.263338,0.925925,0.66528,12.849,1,0.558355,0.36288,0,65.6571,4.42575,61.0359,0.84672,12.849,0.84672,3695.15,0,0.0036966,1.29597e-05,2.07506,1.71306,6.14394,1.05817,8.87387,0.42336,0.0018483,0.21168,0.0018483,0.21168,460.486,0,1.02816,0,0,3.10322,2.07506,1.028160,1,0,70.8357,0,0,0,70.8357,0
61.8195,2.39425,0,0,3.31553,0.271098,0.36288,3.6288,61.308,0.283416,0,0,1.04178,0.226721,0.531639,0.66528,12.849,1,0.49996,0.36288,0,60.9357,4.59684,56.2018,0.84672,12.849,0.84672,3695.15,0,0.0036966,8.54437e-06,1.84287,1.71305,6.51622,1.13884,8.93329,0.42336,0.0018483,0.21168,0.0018483,0.21168,460.486,0,1.02816,0,0,2.87103,1.84287,1.028160,1,0,65.6667,0,0,0,65.6667,0
61.9419,2.39616,0,0,3.15499,0.273514,0.36288,3.6288,61.308,0.283411,0,0,1.17614,0.220618,0.672108,0.66528,12.849,1,0.498035,0.36288,0,51.1856,4.62536,46.4251,0.84672,12.849,0.84672,3695.15,0,0.0036966,8.54421e-06,1.2556,1.55572,6.63405,1.15229,8.29307,0.42336,0.0018483,0.21168,0.0018483,0.21168,460.486,0,1.02816,0,0,2.28376,1.2556,1.028160,1,0,55.3903,0,0,0,55.3903,0
63.6277,2.39697,0,0,4.71936,0.27379,0.36288,3.6288,61.308,0.283406,0,0,2.19852,0.220618,1.69449,0.66528,12.849,1,0.497217,0.36288,0,117.64,4.62536,112.88,0.84672,12.849,0.84672,3695.15,0,0.0036966,8.54405e-06,1.94964,1.55571,7.99753,1.15229,10.3506,0.42336,0.0018483,0.21168,0.0018483,0.21168,460.486,0,1.02816,0,0,2.9778,1.94964,1.028160,1,0,124.925,0,0,0,124.925,0
64.6412,2.40792,0,0,4.05188,0.267598,0.36288,3.6288,61.308,0.2834,0,0,2.26562,0.224295,1.75792,0.66528,12.849,1,0.486256,0.36288,0,115.254,4.09406,111.037,0.84672,12.849,0.84672,3695.15,0,0.0036966,8.54389e-06,3.24702,1.55571,8.5955,1.08663,12.3116,0.42336,0.0018483,0.21168,0.0018483,0.21168,460.486,0,1.02816,0,0,4.27518,3.24702,1.028160,1,0,125.106,0,0,0,125.106,0
66.6164,2.41427,0,0,5.02716,0.274728,0.36288,3.6288,61.308,0.283395,0,0,1.57823,0.229284,1.06555,0.66528,12.849,1,0.479894,0.36288,0,80.5974,4.07692,76.4034,0.84672,12.849,0.84672,3695.15,0,0.0036966,8.54374e-06,2.71841,1.5557,7.68943,1.05773,10.9058,0.42336,0.0018483,0.21168,0.0018483,0.21168,460.486,0,1.02816,0,0,3.74657,2.71841,1.028160,1,0,88.3748,0,0,0,88.3748,0
69.2265,2.50219,0,0,5.76633,0.291232,0.36288,3.6288,61.308,0.325796,0,0,1.77595,0.233976,1.21618,0.66528,12.849,1,0.482624,0.36288,0,137.101,4.33744,132.644,0.84672,12.849,0.84672,3695.15,0,0.0036966,9.82202e-06,2.29169,1.55569,9.78575,1.0542,12.5789,0.42336,0.0018483,0.21168,0.0018483,0.21168,460.486,0,1.02816,0,0,3.31985,2.29169,1.028160,1,0,146.439,0,0,0,146.439,0
70.6741,2.51752,0,0,4.62527,0.297259,0.36288,3.6288,61.308,0.325784,0,0,1.23012,0.233976,0.67036,0.66528,12.849,1,0.467273,0.36288,0,92.2251,4.33744,87.7833,0.84672,12.849,0.84672,3695.15,0,0.0036966,9.82166e-06,1.91309,1.60544,6.42793,1.0542,8.89224,0.42336,0.0018483,0.21168,0.0018483,0.21168,460.486,0,1.02816,0,0,2.94125,1.91309,1.028160,1,0,97.3459,0,0,0,97.3459,0
71.5746,2.5256,0,0,4.09186,0.302845,0.36288,3.6288,61.308,0.325772,0,0,1.08945,0.217353,0.546327,0.66528,12.849,1,0.45917,0.36288,0,80.587,4.07942,76.4113,0.84672,12.849,0.84672,3695.15,0,0.0036966,9.82131e-06,1.5089,1.60543,5.81082,0.985256,7.93988,0.42336,0.0018483,0.21168,0.0018483,0.21168,460.486,0,1.02816,0,0,2.53706,1.5089,1.028160,1,0,84.8975,0,0,0,84.8975,0
72.29,2.53048,0,0,4.9825,0.307951,1.42867,3.6288,61.308,0.325761,0,0,1.17481,0.195188,0.653858,0.66528,12.849,1,0.454268,1.42867,0,85.1429,3.73538,82.3819,0.84672,12.849,0.84672,3695.15,0,0.0036966,9.82096e-06,2.12059,1.60541,6.53646,0.893328,9.36913,0.42336,0.0018483,0.21168,0.0018483,0.21168,460.486,0,1.02816,0,0,3.14875,2.12059,1.028160,1,0,92.4049,0,0,0,92.4049,0
72.29,2.78146,0,0,5.29242,0.321987,2.18898,3.6288,61.308,0.484936,0,0,1.34312,0.214111,0.644076,0.66528,12.849,1,0.494383,2.18898,0,134.349,4.22153,131.822,0.84672,12.849,0.84672,3695.15,0,0.0036966,1.46197e-05,2.03774,1.6054,10.7143,1.0151,13.3423,0.42336,0.0018483,0.21168,0.0018483,0.21168,460.486,0,1.02816,0,0,3.0659,2.03774,1.028160,1,0,145.809,0,0,0,145.809,0
72.29,2.78143,0,0,5.89557,0.321987,2.79215,3.6288,61.308,0.484923,0,0,1.22533,0.214111,0.5263,0.66528,12.849,1,0.494379,2.79215,0,114.142,4.22153,112.218,0.84672,12.849,0.84672,3695.15,0,0.0036966,1.46193e-05,1.68767,1.78294,8.3427,1.0151,10.7982,0.42336,0.0018483,0.21168,0.0018483,0.21168,460.486,0,1.02816,0,0,2.71583,1.68767,1.028160,1,0,123.543,0,0,0,123.543,0
72.29,2.78141,0,0,4.43154,0.335928,1.31421,3.6288,61.308,0.48491,0,0,1.10635,0.181218,0.440225,0.66528,12.849,1,0.494374,1.31421,0,124.882,3.7845,121.917,0.84672,12.849,0.84672,3695.15,0,0.0036966,1.46189e-05,1.42035,1.78292,7.53589,0.922066,9.81708,0.42336,0.0018483,0.21168,0.0018483,0.21168,460.486,0,1.02816,0,0,2.44851,1.42035,1.028160,1,0,132.174,0,0,0,132.174,0
72.29,2.78139,0,0,6.9971,0.341504,3.87422,3.6288,61.308,0.484897,0,0,1.32414,0.16806,0.671184,0.66528,12.849,1,0.49437,3.87422,0,168.574,3.60969,168.344,0.84672,12.849,0.84672,3695.15,0,0.0036966,1.46186e-05,1.99163,1.7829,9.01282,0.884851,11.9025,0.42336,0.0018483,0.21168,0.0018483,0.21168,460.486,0,1.02816,0,0,3.01979,1.99163,1.028160,1,0,180.918,0,0,0,180.918,0
72.29,2.42881,0,0,4.49524,0.316926,1.74951,3.6288,61.308,0.27126,0,0,1.18848,0.201776,0.715448,0.66528,12.849,1,0.431702,1.74951,0,102.107,3.86211,99.5624,0.84672,12.849,0.84672,3695.15,0,0.0036966,8.17788e-06,1.2847,1.78289,6.80874,0.968834,8.90749,0.42336,0.0018483,0.21168,0.0018483,0.21168,460.486,0,1.02816,0,0,2.31286,1.2847,1.028160,1,0,109.185,0,0,0,109.185,0
72.29,2.42878,0,0,3.93612,0.316926,1.19041,3.6288,61.308,0.271248,0,0,1.32355,0.201776,0.850529,0.66528,12.849,1,0.431698,1.19041,0,93.9073,3.86211,90.8039,0.84672,12.849,0.84672,3695.15,0,0.0036966,8.17754e-06,1.18727,1.54001,6.0339,0.968834,7.79233,0.42336,0.0018483,0.21168,0.0018483,0.21168,460.486,0,1.02816,0,0,2.21543,1.18727,1.028160,1,0,99.4468,0,0,0,99.4468,0
72.29,2.42876,0,0,7.15703,0.31556,4.41271,3.6288,61.308,0.271237,0,0,1.98994,0.190322,1.52838,0.66528,12.849,1,0.431694,4.41271,0,200.354,3.6828,200.652,0.84672,12.849,0.84672,3695.15,0,0.0036966,8.1772e-06,3.04251,1.54,11.3328,0.938124,14.9771,0.42336,0.0018483,0.21168,0.0018483,0.21168,460.486,0,1.02816,0,0,4.07067,3.04251,1.028160,1,0,217.158,0,0,0,217.158,0
72.29,2.42874,0,0,6.69952,0.312145,3.95863,3.6288,61.308,0.271226,0,0,1.81974,0.161687,1.38683,0.66528,12.849,1,0.431691,3.95863,0,191.85,3.23452,192.143,0.84672,12.849,0.84672,3695.15,0,0.0036966,8.17686e-06,2.75976,1.53998,9.84061,0.861349,13.279,0.42336,0.0018483,0.21168,0.0018483,0.21168,460.486,0,1.02816,0,0,3.78792,2.75976,1.028160,1,0,206.809,0,0,0,206.809,0
72.29,2.42872,0,0,7.1316,0.316996,4.38589,3.6288,61.308,0.271215,0,0,2.02719,0.158482,1.59749,0.66528,12.849,1,0.431687,4.38589,0,233.84,2.98313,234.811,0.84672,12.849,0.84672,3695.15,0,0.0036966,8.17651e-06,3.15905,1.53997,10.7774,0.868397,14.608,0.42336,0.0018483,0.21168,0.0018483,0.21168,460.486,0,1.02816,0,0,4.18721,3.15905,1.028160,1,0,251.016,0,0,0,251.016,0
72.29,2.51744,0,0,6.73272,0.320634,3.89465,3.6288,61.308,0.323461,0,0,2.08085,0.156079,1.60131,0.66528,12.849,1,0.447456,3.89465,0,224.524,2.79457,225.177,0.84672,12.849,0.84672,3695.15,0,0.0036966,9.75164e-06,3.47582,1.53996,11.1409,0.873684,15.283,0.42336,0.0018483,0.21168,0.0018483,0.21168,460.486,0,1.02816,0,0,4.50398,3.47582,1.028160,1,0,242.061,0,0,0,242.061,0
72.29,2.51742,0,0,5.95337,0.320634,3.11532,3.6288,61.308,0.32345,0,0,2.22934,0.156079,1.74982,0.66528,12.849,1,0.447452,3.11532,0,194.168,2.79457,194.042,0.84672,12.849,0.84672,3695.15,0,0.0036966,9.75129e-06,3.19819,1.5999,10.908,0.873684,14.8324,0.42336,0.0018483,0.21168,0.0018483,0.21168,460.486,0,1.02816,0,0,4.22635,3.19819,1.028160,1,0,210.624,0,0,0,210.624,0
72.29,2.5174,0,0,5.40762,0.31352,2.5767,3.6288,61.308,0.323438,0,0,2.26723,0.165316,1.77848,0.66528,12.849,1,0.447448,2.5767,0,186.193,2.70747,185.615,0.84672,12.849,0.84672,3695.15,0,0.0036966,9.75093e-06,3.11302,1.59989,13.2552,0.862808,17.1053,0.42336,0.0018483,0.21168,0.0018483,0.21168,460.486,0,1.02816,0,0,4.14118,3.11302,1.028160,1,0,204.498,0,0,0,204.498,0
72.29,2.51737,0,0,6.06316,0.249477,3.29631,3.6288,61.308,0.323426,0,0,2.06213,0.201573,1.53714,0.66528,12.849,1,0.447444,3.29631,0,159.85,3.08757,159.612,0.84672,12.849,0.84672,3695.15,0,0.0036966,9.75058e-06,3.30165,1.59988,10.3535,0.918452,14.3365,0.42336,0.0018483,0.21168,0.0018483,0.21168,460.486,0,1.02816,0,0,4.32981,3.30165,1.028160,1,0,175.485,0,0,0,175.485,0
72.29,2.48266,0,0,4.36698,0.24841,1.63592,3.6288,61.308,0.303119,0,0,1.29496,0.200528,0.791316,0.66528,12.849,1,0.441273,1.63592,0,131.514,3.50742,129.201,0.84672,12.849,0.84672,3695.15,0,0.0036966,9.13835e-06,2.10642,1.59986,7.67405,0.978615,10.4017,0.42336,0.0018483,0.21168,0.0018483,0.21168,460.486,0,1.02816,0,0,3.13458,2.10642,1.028160,1,0,140.394,0,0,0,140.394,0
72.29,2.48264,0,0,3.88563,0.24841,1.15459,3.6288,61.308,0.303107,0,0,1.05531,0.200528,0.551672,0.66528,12.849,1,0.44127,1.15459,0,89.5882,3.50742,86.7941,0.84672,12.849,0.84672,3695.15,0,0.0036966,9.138e-06,2.01789,1.57651,7.30572,0.978615,9.9215,0.42336,0.0018483,0.21168,0.0018483,0.21168,460.486,0,1.02816,0,0,3.04605,2.01789,1.028160,1,0,97.2672,0,0,0,97.2672,0
72.29,2.48261,0,0,3.60513,0.24841,0.874102,3.6288,61.308,0.303095,0,0,0.9429,0.200528,0.439277,0.66528,12.849,1,0.441266,0.874102,0,72.678,3.50742,69.6034,0.84672,12.849,0.84672,3695.15,0,0.0036966,9.13766e-06,1.48243,1.5765,6.45918,0.978615,8.53947,0.42336,0.0018483,0.21168,0.0018483,0.21168,460.486,0,1.02816,0,0,2.51059,1.48243,1.028160,1,0,78.5821,0,0,0,78.5821,0
72.29,2.48259,0,0,3.11076,0.17124,0.456931,3.6288,61.308,0.303084,0,0,0.853632,0.21801,0.332538,0.66528,12.849,1,0.441262,0.456931,0,68.7381,3.85822,64.8956,0.84672,12.849,0.84672,3695.15,0,0.0036966,9.13731e-06,1.27875,1.57648,6.23903,1.10308,7.99117,0.42336,0.0018483,0.21168,0.0018483,0.21168,460.486,0,1.02816,0,0,2.30691,1.27875,1.028160,1,0,73.2193,0,0,0,73.2193,0
72.29,2.60034,0,0,3.32283,0.184127,0.538368,3.6288,61.308,0.375044,0,0,0.883457,0.167828,0.340586,0.66528,12.849,1,0.46219,0.538368,0,71.2575,3.36007,67.9736,0.84672,12.849,0.84672,3695.15,0,0.0036966,1.13067e-05,1.58285,1.57647,6.33545,0.897256,8.5975,0.42336,0.0018483,0.21168,0.0018483,0.21168,460.486,0,1.02816,0,0,2.61101,1.58285,1.028160,1,0,76.9117,0,0,0,76.9117,0
72.2724,2.60031,0,0,3.13185,0.186275,0.36288,3.6288,61.308,0.375032,0,0,0.838806,0.159464,0.30431,0.66528,12.849,1,0.462186,0.36288,0,65.6891,3.27705,62.3127,0.84672,12.849,0.84672,3695.15,0,0.0036966,1.13064e-05,1.31776,1.65805,5.88717,0.862952,8.00002,0.42336,0.0018483,0.21168,0.0018483,0.21168,460.486,0,1.02816,0,0,2.34592,1.31776,1.028160,1,0,70.617,0,0,0,70.617,0
72.1312,2.6002,0,0,2.966,0.144157,0.36288,3.6288,61.308,0.37502,0,0,0.790171,0.219445,0.195707,0.66528,12.849,1,0.462278,0.36288,0,60.7961,4.09197,56.6047,0.84672,12.849,0.84672,3695.15,0,0.0036966,1.1306e-05,1.00046,1.65804,4.9774,1.08117,6.55472,0.42336,0.0018483,0.21168,0.0018483,0.21168,460.486,0,1.02816,0,0,2.02862,1.00046,1.028160,1,0,63.3551,0,0,0,63.3551,0
71.8108,2.5994,0,0,2.75442,0.112466,0.36288,3.6288,61.308,0.375008,0,0,0.74533,0.26443,0.105892,0.66528,12.849,1,0.463042,0.36288,0,57.0041,4.70316,52.2008,0.84672,12.849,0.84672,3695.15,0,0.0036966,1.13056e-05,0.896702,1.65803,4.74031,1.24483,6.0502,0.42336,0.0018483,0.21168,0.0018483,0.21168,460.486,0,1.02816,0,0,1.92486,0.896702,1.028160,1,0,58.3569,0,0,0,58.3569,0
71.1914,2.59763,0,0,2.44185,0.100805,0.36288,3.6288,61.308,0.374995,0,0,0.691511,0.267751,0.0487645,0.66528,12.849,1,0.46479,0.36288,0,49.1769,4.86738,44.2076,0.84672,12.849,0.84672,3695.15,0,0.0036966,1.13053e-05,0.681463,1.65801,4.49515,1.23567,5.59894,0.42336,0.0018483,0.21168,0.0018483,0.21168,460.486,0,1.02816,0,0,1.70962,0.681463,1.028160,1,0,49.8553,0,0,0,49.8553,0
70.4296,2.57095,0,0,2.26391,0.0918295,0.36288,3.6288,61.2636,0.414538,0,0,0.640354,0.270242,0,0.66528,12.849,1,0.464018,0.36288,0,45.9248,4.99054,40.8331,0.84672,12.849,0.84672,3695.15,0,0.0036966,1.24974e-05,0.462923,1.658,4.55509,1.2288,5.4472,0.42336,0.0018483,0.21168,0.0018483,0.21168,460.486,0,1.02816,0,0,1.49108,0.462923,1.028160,1,0,46.2803,0,0,0,46.2803,0
69.4786,2.56668,0,0,2.06985,0.0912943,0.36288,3.6288,61.2039,0.414526,0,0,0.624985,0.270166,0,0.66528,12.849,1,0.468258,0.36288,0,45.2765,4.99054,40.1805,0.84672,12.849,0.84672,3695.15,0,0.0036966,1.25061e-05,0.490294,1.6834,4.4991,1.2288,5.44399,0.42336,0.0018483,0.21168,0.0018483,0.21168,460.486,0,1.02816,0,0,1.51845,0.490294,1.028160,1,0,45.6245,0,0,0,45.6245,0
68.3555,2.56125,0,0,1.89168,0.0906261,0.36288,3.6288,61.1037,0.414513,0,0,0.584459,0.270064,0,0.66528,12.849,1,0.473663,0.36288,0,42.5865,4.99054,37.4851,0.84672,12.849,0.84672,3695.15,0,0.0036966,1.25179e-05,0.269542,1.68339,4.28127,1.2288,5.00539,0.42336,0.0018483,0.21168,0.0018483,0.21168,460.486,0,1.02816,0,0,1.2977,0.269542,1.028160,1,0,42.4905,0,0,0,42.4905,0
67.0765,2.55467,0,0,1.71163,0.0731618,0.36288,3.6288,60.924,0.417136,0,0,0.547416,0.309995,0,0.66528,12.849,1,0.48021,0.36288,0,37.5313,5.5545,31.8595,0.84672,12.849,0.84672,3695.15,0,0.0036966,1.26178e-05,0.261274,1.68337,4.01197,1.41931,4.53729,0.42336,0.0018483,0.21168,0.0018483,0.21168,460.486,0,1.02552,0,0,1.2868,0.261274,1.028160,1,0,36.3968,0,0,0,36.3968,0
65.7129,2.60641,0,0,1.67517,0.0693833,0.36288,3.6288,60.7853,0.449739,0,0,0.631154,0.320194,0,0.66528,12.849,1,0.499277,0.36288,0,37.7905,5.97408,31.68,0.84672,12.849,0.84672,3695.15,0,0.0036966,1.36441e-05,0.470267,1.68336,3.8763,1.48039,4.54952,0.42336,0.0018483,0.21168,0.0018483,0.21168,460.486,0,1.02816,0,0,1.49843,0.470267,1.028160,1,0,36.2295,0,0,0,36.2295,0
64.2714,2.59772,0,0,1.58763,0.0686359,0.36288,3.6288,60.5803,0.449726,0,0,0.564655,0.319913,0,0.66528,12.849,1,0.507938,0.36288,0,33.3909,5.97408,27.2718,0.84672,12.849,0.84672,3695.15,0,0.0036966,1.36748e-05,0.6163,1.72385,4.04868,1.48039,4.90842,0.42336,0.0018483,0.21168,0.0018483,0.21168,460.486,0,1.02816,0,0,1.64446,0.6163,1.028160,1,0,32.1802,0,0,0,32.1802,0
62.7366,2.5882,0,0,1.48416,0.0678457,0.36288,3.6288,60.3335,0.449713,0,0,0.522433,0.319497,0,0.66528,12.849,1,0.517428,0.36288,0,31.7498,5.97408,25.6211,0.84672,12.849,0.84672,3695.15,0,0.0036966,1.37207e-05,0.474811,1.72384,3.55257,1.48039,4.27081,0.42336,0.0018483,0.21168,0.0018483,0.21168,460.486,0,1.02816,0,0,1.50297,0.474811,1.028160,1,0,29.8919,0,0,0,29.8919,0
61.1932,2.57767,0,0,1.46421,0.0670045,0.36288,3.6288,60.13,0.449701,0,0,0.565229,0.318996,0,0.66528,12.849,1,0.527929,0.36288,0,29.4608,5.97408,23.3216,0.84672,12.849,0.84672,3695.15,0,0.0036966,1.37765e-05,0.576098,1.72382,4.01754,1.48039,4.83705,0.42336,0.0018483,0.21168,0.0018483,0.21168,460.486,0,1.02816,0,0,1.60426,0.576098,1.028160,1,0,28.1587,0,0,0,28.1587,0
59.6812,2.73806,0,0,1.63672,0.0478734,0.36288,3.6288,59.8022,0.576921,0,0,0.551718,0.302601,0,0.66528,12.849,1,0.574921,0.36288,0,28.19,6.21378,21.7642,0.84672,12.849,0.84672,3695.15,0,0.0036966,1.77336e-05,0.533598,1.72381,3.92858,1.60442,4.58155,0.42336,0.0018483,0.21168,0.0018483,0.21168,460.486,0,1.02816,0,0,1.56176,0.533598,1.028160,1,0,26.3457,0,0,0,26.3457,0
57.7855,2.72605,0,0,1.24573,0.0524214,0.36288,3.6288,59.1685,0.729027,0,0,0.383675,0.288406,0,0.66528,12.849,1,0.586901,0.36288,0,29.6148,6.10029,23.2905,0.84672,12.849,0.84672,3695.15,0,0.0036966,2.25319e-05,0.227405,1.86097,2.57303,1.6122,3.04918,0.42336,0.0018483,0.21168,0.0018483,0.21168,460.486,0,0.876035,0,0,1.10344,0.227405,1.028160,1,0,26.3397,0,0,0,26.3397,0
56.1363,2.71027,0,0,1.47534,0.0514682,0.36288,3.6288,58.89,0.576893,0,0,0.585664,0.28724,0,0.66528,12.849,1,0.602646,0.36288,0,25.4191,6.10029,19.0791,0.84672,12.849,0.84672,3695.15,0,0.0036966,1.80209e-05,0.631722,1.86095,3.47953,1.6122,4.35999,0.42336,0.0018483,0.21168,0.0018483,0.21168,460.486,0,1.02816,0,0,1.65988,0.631722,1.028160,1,0,23.4391,0,0,0,23.4391,0
54.2562,2.69584,0,0,1.23265,0.0539608,0.36288,3.6288,58.4766,0.576879,0,0,0.429804,0.266359,0,0.66528,12.849,1,0.617049,0.36288,0,23.1963,5.54575,17.3964,0.84672,12.849,0.84672,3695.15,0,0.0036966,1.81057e-05,0.281431,1.86093,3.60492,1.39633,4.35093,0.42336,0.0018483,0.21168,0.0018483,0.21168,460.486,0,1.02816,0,0,1.30959,0.281431,1.028160,1,0,21.7473,0,0,0,21.7473,0
52.5705,2.67852,0,0,1.42487,0.0692038,0.36288,3.6288,58.1527,0.576865,0,0,0.494593,0.241624,0,0.66528,12.849,1,0.63433,0.36288,0,23.1333,5.05046,17.8114,0.84672,12.849,0.84672,3695.15,0,0.0036966,1.82333e-05,0.299462,1.86092,4.06791,1.24106,4.98721,0.42336,0.0018483,0.21168,0.0018483,0.21168,460.486,0,1.02816,0,0,1.32762,0.299462,1.028160,1,0,22.7986,0,0,0,22.7986,0
51.2804,2.58093,0,0,1.73729,0.0836244,0.36288,3.6288,58.0083,0.499628,0,0,0.600427,0.245188,0,0.66528,12.849,1,0.630817,0.36288,0,29.6236,5.3759,23.9798,0.84672,12.849,0.84672,3695.15,0,0.0036966,1.588e-05,0.328596,1.8609,3.77975,1.41779,4.55144,0.42336,0.0018483,0.21168,0.0018483,0.21168,460.486,0,1.02816,0,0,1.35676,0.328596,1.028160,1,0,28.5312,0,0,0,28.5312,0
49.7111,2.56821,0,0,1.44432,0.0825137,0.36288,3.6288,58.1117,0.499615,0,0,0.848051,0.244959,0,0.66528,12.849,1,0.643501,0.36288,0,27.3651,5.3759,21.7086,0.84672,12.849,0.84672,3695.15,0,0.0036966,1.59191e-05,1.36309,1.78228,4.2855,1.41779,6.01306,0.42336,0.0018483,0.21168,0.0018483,0.21168,460.486,0,1.02816,0,0,2.39125,1.36309,1.028160,1,0,27.7217,0,0,0,27.7217,0
47.9396,2.55205,0,0,1.22467,0.0811627,0.36288,3.6288,57.8274,0.499602,0,0,0.460414,0.245123,0,0.66528,12.849,1,0.659637,0.36288,0,27.3267,5.3759,21.654,0.84672,12.849,0.84672,3695.15,0,0.0036966,1.58903e-05,0.235665,1.78226,3.16983,1.41779,3.76995,0.42336,0.0018483,0.21168,0.0018483,0.21168,460.486,0,1.02816,0,0,1.26382,0.235665,1.028160,1,0,25.424,0,0,0,25.424,0
46.3725,2.5328,0,0,1.43964,0.111096,0.36288,3.6288,57.5806,0.499588,0,0,0.467774,0.215018,0,0.66528,12.849,1,0.678853,0.36288,0,27.5261,4.96064,22.2495,0.84672,12.849,0.84672,3695.15,0,0.0036966,1.5968e-05,0.267615,1.78225,3.3103,1.288,4.07215,0.42336,0.0018483,0.21168,0.0018483,0.21168,460.486,0,1.02816,0,0,1.29578,0.267615,1.028160,1,0,26.3216,0,0,0,26.3216,0
45.1622,2.44985,0,0,1.7718,0.169362,0.36288,3.6288,57.4188,0.429286,0,0,0.495869,0.228405,0,0.66528,12.849,1,0.67881,0.36288,0,36.2454,4.04145,31.888,0.84672,12.849,0.84672,3695.15,0,0.0036966,1.37798e-05,0.249186,1.78223,3.08704,1.04632,4.07212,0.42336,0.0018483,0.21168,0.0018483,0.21168,460.486,0,1.02816,0,0,1.27735,0.249186,1.028160,1,0,35.9601,0,0,0,35.9601,0
43.6157,2.43566,0,0,1.41911,0.167085,0.36288,3.6288,56.5412,0.987834,0,0,0.338446,0.228166,0,0.66528,12.849,1,0.692966,0.36288,0,30.5267,4.04145,26.1551,0.84672,12.849,0.84672,3695.15,0,0.0036966,3.17982e-05,0.216518,1.71236,2.62646,1.04632,3.50899,0.42336,0.0018483,0.21168,0.0018483,0.21168,460.486,0,0.469581,0,0,0.6861,0.216518,1.028160,1,0,29.6641,0,0,0,29.6641,0
43.7519,2.41666,0,0,3.07993,0.164175,0.36288,3.6288,56.5916,0.42926,0,0,0.706472,0.226868,0,0.66528,12.849,1,0.711938,0.36288,0,45.6766,4.04145,41.2861,0.84672,12.849,0.84672,3695.15,0,0.0036966,1.40323e-05,0.50827,1.71235,3.79834,1.04632,4.97262,0.42336,0.0018483,0.21168,0.0018483,0.21168,460.486,0,1.02816,0,0,1.53643,0.50827,1.028160,1,0,46.2587,0,0,0,46.2587,0
47.0996,2.41835,0,0,6.29333,0.164431,0.36288,3.6288,57.3025,0.429248,0,0,1.36716,0.226943,0,0.66528,12.849,1,0.710219,0.36288,0,91.4957,4.04145,87.1069,0.84672,12.849,0.84672,3695.15,0,0.0036966,1.40194e-05,2.32764,1.71233,6.09843,1.04632,9.09207,0.42336,0.0018483,0.21168,0.0018483,0.21168,460.486,0,1.02816,0,0,3.3558,2.32764,1.028160,1,0,96.199,0,0,0,96.199,0
46.9974,2.27288,0,0,2.7457,0.212075,0.36288,3.6288,57.8549,0.282848,0,0,1.05627,0.221062,0,0.66528,12.849,1,0.620054,0.36288,0,60.8135,4.215,56.3413,0.84672,12.849,0.84672,3695.15,0,0.0036966,9.12329e-06,1.65787,1.71232,5.33596,1.04504,7.6611,0.42336,0.0018483,0.21168,0.0018483,0.21168,460.486,0,1.02816,0,0,2.68603,1.65787,1.028160,1,0,64.0024,0,0,0,64.0024,0
49.3077,2.2718,0,0,5.17329,0.228355,0.36288,3.6288,58.3605,0.282837,0,0,1.0075,0.219072,0,0.66528,12.849,1,0.621107,0.36288,0,89.5929,4.28442,85.0503,0.84672,12.849,0.84672,3695.15,0,0.0036966,9.03583e-06,2.07617,1.55504,7.13691,1.04453,9.72359,0.42336,0.0018483,0.21168,0.0018483,0.21168,460.486,0,1.02816,0,0,3.10433,2.07617,1.028160,1,0,94.7739,0,0,0,94.7739,0
51.5245,2.29487,0,0,5.1087,0.234176,0.36288,3.6288,59.2869,0.282825,0,0,1.42904,0.219787,0,0.66528,12.849,1,0.598017,0.36288,0,131.334,4.28442,126.814,0.84672,12.849,0.84672,3695.15,0,0.0036966,8.95719e-06,2.06167,1.55503,7.58039,1.04453,10.1526,0.42336,0.0018483,0.21168,0.0018483,0.21168,460.486,0,1.02816,0,0,3.08983,2.06167,1.028160,1,0,136.967,0,0,0,136.967,0
51.499,2.31545,0,0,2.90377,0.250909,0.36288,3.6288,59.5044,0.282814,0,0,0.669063,0.168821,0,0.66528,12.849,1,0.577419,0.36288,0,57.9049,3.70692,53.9835,0.84672,12.849,0.84672,3695.15,0,0.0036966,8.81687e-06,0.978661,1.55502,5.96447,0.887948,7.61019,0.42336,0.0018483,0.21168,0.0018483,0.21168,460.486,0,1.02816,0,0,2.00682,0.978661,1.028160,1,0,61.5937,0,0,0,61.5937,0
48.8209,2.3152,0,0,1.62058e-319,1.69408e-316,0.36288,3.6288,57.781,1.72339,0,0,1.62058e-319,1.23329e-319,0,0.66528,12.2726,1,0.577642,0.36288,0,1.62058e-319,2.43088e-315,3.20544,0.84672,12.2726,0.84672,3692.31,0,0.0036966,5.35313e-05,0.412474,1.555,1.8522e-319,7.18924e-316,1.96742,0.42336,0.0018483,0.21168,0.0018483,0.21168,460.486,0,-0.412474,0,0,1.8522e-319,0.412474,1.028160,1,0,5.17286,0,0,0,5.17286,0
