0st_vol,0capacity,0net_inf,0st_rof,0lt_rof,0rest_demand,0unrest_demand,0unfulf_demand,0wastewater,0treat_capacity,0agg_price,0res_price,0gross_rev,0drought_cost,0cont_contrib,0debt_serv,0infra_npv,1st_vol,1capacity,1net_inf,1st_rof,1lt_rof,1rest_demand,1unrest_demand,1unfulf_demand,1wastewater,1treat_capacity,1agg_price,1res_price,1gross_rev,1drought_cost,1cont_contrib,1debt_serv,1infra_npv
83.2918,85.1408,0.990517,0,0,2.46977,2.46977,0,0,4.6872,4.06315e+06,2.78055e+06,1.00351e+07,0,298836,0,0,62.0662,61.3098,1.44313,0,0,1.12031,1.12031,0,0,1.90512,8.44406e+06,3.71658e+06,9.45993e+06,0,279945,0,0
82.3868,85.1408,1.94805,0,0,2.4703,2.4703,0,0.462835,4.6872,4.06315e+06,2.78055e+06,1.00372e+07,0,298900,0,0,61.91,61.3098,1.99242,0,0,1.12055,1.12055,0,0.865549,1.90512,8.44406e+06,3.71658e+06,9.46195e+06,0,280005,0,0
82.1796,85.1408,2.76127,0,0,2.47083,2.47083,0,0.462934,4.6872,4.06315e+06,2.78055e+06,1.00393e+07,0,298963,0,0,61.8475,61.3098,1.76432,0,0,1.12078,1.12078,0,0.865733,1.90512,8.44406e+06,3.71658e+06,9.46397e+06,0,280064,0,0
81.5718,85.1408,2.4005,0,0,2.47136,2.47136,0,0.463033,4.6872,4.06315e+06,2.78055e+06,1.00415e+07,0,299027,0,0,61.7477,61.3098,1.72682,0,0,1.12102,1.12102,0,0.865918,1.90512,8.44406e+06,3.71658e+06,9.46599e+06,0,280124,0,0
80.5817,85.1408,2.15109,0,0,2.71298,2.71298,0,0.463132,4.6872,4.06315e+06,2.78055e+06,1.10233e+07,0,328264,0,0,61.5585,61.3098,1.81762,0,0,1.2531,1.2531,0,0.866103,1.90512,8.44406e+06,3.71658e+06,1.05812e+07,0,313128,0,0
79.7228,85.1408,2.26876,0,0,2.71356,2.71356,0,0.508413,4.6872,4.06315e+06,2.78055e+06,1.10256e+07,0,328334,0,0,61.526,61.3098,1.69037,0,0,1.25337,1.25337,0,0.968145,1.90512,8.44406e+06,3.71658e+06,1.05835e+07,0,313195,0,0
79.202,85.1408,2.64393,0,0,2.71414,2.71414,0,0.508522,4.6872,4.06315e+06,2.78055e+06,1.1028e+07,0,328404,0,0,61.6744,61.3098,2.10542,0,0,1.25364,1.25364,0,0.968352,1.90512,8.44406e+06,3.71658e+06,1.05858e+07,0,313262,0,0
79.3986,85.1408,3.44954,0,0,2.71472,2.71472,0,0.508631,4.6872,4.06315e+06,2.78055e+06,1.10303e+07,0,328474,0,0,61.7534,61.3098,2.19753,0,0,1.2539,1.2539,0,0.968559,1.90512,8.44406e+06,3.71658e+06,1.0588e+07,0,313328,0,0
79.953,85.1408,3.43847,0,0,2.37112,2.37112,0,0.508739,4.6872,4.06315e+06,2.78055e+06,9.63422e+06,0,286899,0,0,62.338,61.3098,2.33237,0,0,1.07709,1.07709,0,0.968766,1.90512,8.44406e+06,3.71658e+06,9.09504e+06,0,269147,0,0
80.8182,85.1408,3.7842,0,0,2.37163,2.37163,0,0.444348,4.6872,4.06315e+06,2.78055e+06,9.63628e+06,0,286961,0,0,62.338,61.3098,2.92834,0,0,1.07732,1.07732,0,0.832162,1.90512,8.44406e+06,3.71658e+06,9.09698e+06,0,269204,0,0
83.0885,85.1408,5.33356,0,0,2.37213,2.37213,0,0.444443,4.6872,4.06315e+06,2.78055e+06,9.63834e+06,0,287022,0,0,62.338,61.3098,3.10534,0,0,1.07755,1.07755,0,0.83234,1.90512,8.44406e+06,3.71658e+06,9.09892e+06,0,269262,0,0
85.1408,85.1408,5.2678,0,0,2.37264,2.37264,0,0.444538,4.6872,4.06315e+06,2.78055e+06,9.6404e+06,0,287083,0,0,62.338,61.3098,3.00139,0,0,1.07778,1.07778,0,0.832518,1.90512,8.44406e+06,3.71658e+06,9.10087e+06,0,269319,0,0
85.1408,85.1408,6.00514,0,0,2.37315,2.37315,0,0.444633,4.6872,4.06315e+06,2.78055e+06,9.64246e+06,0,287145,0,0,62.338,61.3098,3.52873,0,0,1.07801,1.07801,0,0.832696,1.90512,8.44406e+06,3.71658e+06,9.10281e+06,0,269377,0,0
85.1408,85.1408,6.27319,0,0,2.46038,2.46038,0,0.444728,4.6872,4.06315e+06,2.78055e+06,9.99691e+06,0,297700,0,0,62.338,61.3098,3.1601,0,0,1.12161,1.12161,0,0.832874,1.90512,8.44406e+06,3.71658e+06,9.47094e+06,0,280271,0,0
85.1408,85.1408,6.67062,0,0,2.46091,2.46091,0,0.461076,4.6872,4.06315e+06,2.78055e+06,9.99904e+06,0,297763,0,0,62.338,61.3098,4.20222,0,0,1.12185,1.12185,0,0.866556,1.90512,8.44406e+06,3.71658e+06,9.47297e+06,0,280331,0,0
85.1408,85.1408,5.65291,0,0,2.46143,2.46143,0,0.461174,4.6872,4.06315e+06,2.78055e+06,1.00012e+07,0,297827,0,0,62.3207,61.3098,3.42298,0,0,1.12209,1.12209,0,0.866741,1.90512,8.44406e+06,3.71658e+06,9.47499e+06,0,280391,0,0
85.1408,85.1408,4.54109,0,0,2.46196,2.46196,0,0.461273,4.6872,4.06315e+06,2.78055e+06,1.00033e+07,0,297891,0,0,62.338,61.3098,2.44594,0,0,1.12233,1.12233,0,0.866927,1.90512,8.44406e+06,3.71658e+06,9.47701e+06,0,280451,0,0
85.1408,85.1408,4.36747,0,0,2.42855,2.42855,0,0.461371,4.6872,4.06315e+06,2.78055e+06,9.86756e+06,0,293848,0,0,62.338,61.3098,2.60319,0,0,1.10571,1.10571,0,0.867112,1.90512,8.44406e+06,3.71658e+06,9.33669e+06,0,276298,0,0
85.1408,85.1408,4.05673,0,0,2.42907,2.42907,0,0.45511,4.6872,4.06315e+06,2.78055e+06,9.86966e+06,0,293911,0,0,62.338,61.3098,2.56542,0,0,1.10595,1.10595,0,0.854273,1.90512,8.44406e+06,3.71658e+06,9.33869e+06,0,276357,0,0
85.1408,85.1408,3.79313,0,0,2.42959,2.42959,0,0.455207,4.6872,4.06315e+06,2.78055e+06,9.87177e+06,0,293973,0,0,62.338,61.3098,2.51786,0,0,1.10618,1.10618,0,0.854456,1.90512,8.44406e+06,3.71658e+06,9.34068e+06,0,276416,0,0
85.1408,85.1408,3.62959,0,0,2.4301,2.4301,0,0.455304,4.6872,4.06315e+06,2.78055e+06,9.87388e+06,0,294036,0,0,62.338,61.3098,3.07925,0,0,1.10642,1.10642,0,0.854638,1.90512,8.44406e+06,3.71658e+06,9.34268e+06,0,276475,0,0
85.1408,85.1408,3.21126,0,0,2.54593,2.54593,0,0.455402,4.6872,4.06315e+06,2.78055e+06,1.03445e+07,0,308050,0,0,62.2598,61.3098,2.46254,0,0,1.16649,1.16649,0,0.854821,1.90512,8.44406e+06,3.71658e+06,9.8499e+06,0,291485,0,0
85.1408,85.1408,2.83921,0,0,2.54647,2.54647,0,0.477107,4.6872,4.06315e+06,2.78055e+06,1.03467e+07,0,308116,0,0,62.3116,61.3098,2.02394,0,0,1.16674,1.16674,0,0.90123,1.90512,8.44406e+06,3.71658e+06,9.85201e+06,0,291548,0,0
85.0359,85.1408,2.70879,0,0,2.54701,2.54701,0,0.477208,4.6872,4.06315e+06,2.78055e+06,1.03489e+07,0,308182,0,0,62.338,61.3098,1.9441,0,0,1.16699,1.16699,0,0.901422,1.90512,8.44406e+06,3.71658e+06,9.85411e+06,0,291610,0,0
84.8242,85.1408,2.59307,0,0,2.54756,2.54756,0,0.47731,4.6872,4.06315e+06,2.78055e+06,1.03511e+07,0,308248,0,0,62.338,61.3098,2.11262,0,0,1.16724,1.16724,0,0.901615,1.90512,8.44406e+06,3.71658e+06,9.85622e+06,0,291672,0,0
84.3743,85.1408,2.36919,0,0,2.5481,2.5481,0,0.477412,4.6872,4.06315e+06,2.78055e+06,1.03533e+07,0,308314,0,0,62.3006,61.3098,1.99789,0,0,1.16749,1.16749,0,0.901808,1.90512,8.44406e+06,3.71658e+06,9.85832e+06,0,291735,0,0
83.6925,85.1408,2.08257,0,0,2.52582,2.52582,0,0.477515,4.6872,4.06315e+06,2.78055e+06,1.02628e+07,0,305618,0,0,62.298,61.3098,1.91914,0,0,1.20066,1.20066,0,0.902,1.90512,8.44406e+06,3.71658e+06,1.01384e+07,0,300023,0,0
82.9263,85.1408,1.96986,0,0,2.52636,2.52636,0,0.473339,4.6872,4.06315e+06,2.78055e+06,1.0265e+07,0,305683,0,0,62.2527,61.3098,1.85263,0,0,1.20091,1.20091,0,0.927627,1.90512,8.44406e+06,3.71658e+06,1.01406e+07,0,300087,0,0
82.0629,85.1408,1.85623,0,0,2.5269,2.5269,0,0.47344,4.6872,4.06315e+06,2.78055e+06,1.02672e+07,0,305748,0,0,62.1336,61.3098,1.74198,0,0,1.20117,1.20117,0,0.927825,1.90512,8.44406e+06,3.71658e+06,1.01427e+07,0,300151,0,0
81.0853,85.1408,1.73212,0,0,2.52744,2.52744,0,0.473541,4.6872,4.06315e+06,2.78055e+06,1.02694e+07,0,305814,0,0,61.8383,61.3098,1.6337,0,0,1.20143,1.20143,0,0.928024,1.90512,8.44406e+06,3.71658e+06,1.01449e+07,0,300215,0,0
79.9398,85.1408,1.57482,0,0,2.58698,2.58698,0,0.473643,4.6872,4.06315e+06,2.78055e+06,1.05113e+07,0,313018,0,0,61.6418,61.3098,1.47461,0,0,1.23105,1.23105,0,0.928222,1.90512,8.44406e+06,3.71658e+06,1.0395e+07,0,307617,0,0
78.825,85.1408,1.62399,0,0,2.58753,2.58753,0,0.4848,4.6872,4.06315e+06,2.78055e+06,1.05135e+07,0,313085,0,0,61.4782,61.3098,1.64793,0,0,1.23131,1.23131,0,0.951107,1.90512,8.44406e+06,3.71658e+06,1.03973e+07,0,307683,0,0
77.6157,85.1408,1.49601,0,0,2.58809,2.58809,0,0.484904,4.6872,4.06315e+06,2.78055e+06,1.05158e+07,0,313151,0,0,61.0797,61.3098,1.57775,0,0,1.23157,1.23157,0,0.95131,1.90512,8.44406e+06,3.71658e+06,1.03995e+07,0,307749,0,0
76.2873,85.1408,1.3618,0,0,2.58864,2.58864,0,0.485007,4.6872,4.06315e+06,2.78055e+06,1.0518e+07,0,313218,0,0,60.9409,61.3098,1.37183,0,0,1.23184,1.23184,0,0.951514,1.90512,8.44406e+06,3.71658e+06,1.04017e+07,0,307814,0,0
75.0066,85.1408,1.53838,0,0,2.76211,2.76211,0,0.485111,4.6872,4.06315e+06,2.78055e+06,1.12229e+07,0,334208,0,0,60.6974,61.3098,1.75317,0,0,1.33818,1.33818,0,0.951717,1.90512,8.44406e+06,3.71658e+06,1.12997e+07,0,334387,0,0
73.7976,85.1408,1.61046,0,0,2.7627,2.7627,0,0.51762,4.6872,4.06315e+06,2.78055e+06,1.12253e+07,0,334280,0,0,60.3833,61.3098,1.61392,0,0,1.33846,1.33846,0,1.03388,1.90512,8.44406e+06,3.71658e+06,1.13021e+07,0,334459,0,0
72.4111,85.1408,1.45112,0,0,2.7633,2.7633,0,0.517731,4.6872,4.06315e+06,2.78055e+06,1.12277e+07,0,334351,0,0,60.1193,61.3098,1.54592,0,0,1.33875,1.33875,0,1.0341,1.90512,8.44406e+06,3.71658e+06,1.13045e+07,0,334530,0,0
71.0626,85.1408,1.46306,0,0,2.76389,2.76389,0,0.517842,4.6872,4.06315e+06,2.78055e+06,1.12301e+07,0,334423,0,0,59.9424,61.3098,1.67015,0,0,1.33904,1.33904,0,1.03432,1.90512,8.44406e+06,3.71658e+06,1.13069e+07,0,334602,0,0
69.7348,85.1408,1.47683,0,0,2.76448,2.76448,0,0.517952,4.6872,4.06315e+06,2.78055e+06,1.12325e+07,0,334494,0,0,59.7759,61.3098,1.96821,0,0,1.33932,1.33932,0,1.03454,1.90512,8.44406e+06,3.71658e+06,1.13093e+07,0,334674,0,0
68.3435,85.1408,1.39274,0,0,2.6807,2.6807,0,0.518063,4.6872,4.06315e+06,2.78055e+06,1.08921e+07,0,324358,0,0,59.71,61.3098,1.73827,0,0,1.27516,1.27516,0,1.03476,1.90512,8.44406e+06,3.71658e+06,1.07675e+07,0,318639,0,0
68.1936,85.1408,2.63484,0,0,2.68128,2.68128,0,0.502364,4.6872,4.06315e+06,2.78055e+06,1.08944e+07,0,324427,0,0,59.9455,61.3098,3.24087,0,0,1.27543,1.27543,0,0.985185,1.90512,8.44406e+06,3.71658e+06,1.07698e+07,0,318707,0,0
66.6845,85.1408,1.25154,0,0,2.68185,2.68185,0,0.502471,4.6872,4.06315e+06,2.78055e+06,1.08968e+07,0,324497,0,0,59.865,61.3098,1.79628,0,0,1.2757,1.2757,0,0.985396,1.90512,8.44406e+06,3.71658e+06,1.07721e+07,0,318775,0,0
65.3337,85.1408,1.36978,0.01,0,2.68242,2.68242,0,0.502579,4.6872,4.06315e+06,2.78055e+06,1.08991e+07,0,324566,0,0,59.861,61.3098,1.79359,0,0,1.27597,1.27597,0,0.985607,1.90512,8.44406e+06,3.71658e+06,1.07744e+07,0,318844,0,0
64.9082,85.1408,2.56514,0.01,0,2.61369,2.61369,0,0.502686,4.6872,4.06315e+06,2.78055e+06,1.06198e+07,0,316249,0,0,60.2133,61.3098,3.07498,0,0,1.21753,1.21753,0,0.985818,1.90512,8.44406e+06,3.71658e+06,1.02809e+07,0,304239,0,0
64.8337,85.1408,3.04884,0.01,0,2.61425,2.61425,0,0.489805,4.6872,4.06315e+06,2.78055e+06,1.06221e+07,0,316317,0,0,60.9537,61.3098,4.05543,0,0,1.21779,1.21779,0,0.940661,1.90512,8.44406e+06,3.71658e+06,1.02831e+07,0,304304,0,0
64.7034,85.1408,2.98649,0,0,2.61481,2.61481,0,0.48991,4.6872,4.06315e+06,2.78055e+06,1.06244e+07,0,316385,0,0,61.7039,61.3098,3.97464,0,0,1.21805,1.21805,0,0.940863,1.90512,8.44406e+06,3.71658e+06,1.02853e+07,0,304369,0,0
67.5038,85.1408,5.79671,0,0,2.61537,2.61537,0,0.490015,4.6872,4.06315e+06,2.78055e+06,1.06266e+07,0,316452,0,0,62.338,61.3098,5.52194,0,0,1.21831,1.21831,0,0.941064,1.90512,8.44406e+06,3.71658e+06,1.02875e+07,0,304434,0,0
70.3872,85.1408,5.96483,0,0,2.41892,2.41892,0,0.49012,4.6872,4.06315e+06,2.78055e+06,9.82843e+06,0,292682,0,0,62.338,61.3098,7.32497,0,0,1.09617,1.09617,0,0.941265,1.90512,8.44406e+06,3.71658e+06,9.2561e+06,0,273913,0,0
74.7447,85.1408,7.78408,0,0,2.41943,2.41943,0,0.453305,4.6872,4.06315e+06,2.78055e+06,9.83053e+06,0,292745,0,0,62.338,61.3098,9.64127,0,0,1.0964,1.0964,0,0.846899,1.90512,8.44406e+06,3.71658e+06,9.25808e+06,0,273972,0,0
77.2086,85.1408,5.7563,0,0,2.41995,2.41995,0,0.453402,4.6872,4.06315e+06,2.78055e+06,9.83263e+06,0,292808,0,0,62.338,61.3098,6.38705,0,0,1.09664,1.09664,0,0.847081,1.90512,8.44406e+06,3.71658e+06,9.26006e+06,0,274030,0,0
80.3126,85.1408,6.62409,0,0,2.42047,2.42047,0,0.453499,4.6872,4.06315e+06,2.78055e+06,9.83474e+06,0,292870,0,0,62.338,61.3098,6.82365,0,0,1.09687,1.09687,0,0.847262,1.90512,8.44406e+06,3.71658e+06,9.26205e+06,0,274089,0,0
82.7099,85.1408,5.77599,0,0,2.42099,2.42099,0,0.453596,4.6872,4.06315e+06,2.78055e+06,9.83684e+06,0,292933,0,0,62.338,61.3098,5.93811,0,0,1.09711,1.09711,0,0.847443,1.90512,8.44406e+06,3.71658e+06,9.26403e+06,0,274148,0,0
85.1408,85.1408,6.60638,0,0,2.49736,2.49736,0,0.453693,4.6872,4.06315e+06,2.78055e+06,1.01471e+07,0,302174,0,0,62.338,61.3098,8.07465,0,0,1.13282,1.13282,0,0.847624,1.90512,8.44406e+06,3.71658e+06,9.56559e+06,0,283072,0,0
85.1408,85.1408,5.2839,0,0,2.49788,2.49788,0,0.468005,4.6872,4.06315e+06,2.78055e+06,1.01493e+07,0,302236,0,0,62.338,61.3098,5.75586,0,0,1.13305,1.13305,0,0.875217,1.90512,8.44406e+06,3.71658e+06,9.56758e+06,0,283131,0,0
85.1408,85.1408,6.3614,0,0,2.4984,2.4984,0,0.468102,4.6872,4.06315e+06,2.78055e+06,1.01514e+07,0,302299,0,0,62.338,61.3098,6.71026,0,0,1.13329,1.13329,0,0.875398,1.90512,8.44406e+06,3.71658e+06,9.56956e+06,0,283189,0,0
85.1408,85.1408,4.9576,0,0,2.49891,2.49891,0,0.468199,4.6872,4.06315e+06,2.78055e+06,1.01535e+07,0,302362,0,0,62.338,61.3098,6.3907,0,0,1.13352,1.13352,0,0.87558,1.90512,8.44406e+06,3.71658e+06,9.57154e+06,0,283248,0,0
85.1408,85.1408,4.67907,0,0,2.74322,2.74322,0,0.468296,4.6872,4.06315e+06,2.78055e+06,1.11461e+07,0,331922,0,0,62.338,61.3098,5.5964,0,0,1.26707,1.26707,0,0.875761,1.90512,8.44406e+06,3.71658e+06,1.06992e+07,0,316618,0,0
85.1408,85.1408,4.23001,0,0,2.74379,2.74379,0,0.51408,4.6872,4.06315e+06,2.78055e+06,1.11484e+07,0,331991,0,0,62.338,61.3098,4.97242,0,0,1.26733,1.26733,0,0.978935,1.90512,8.44406e+06,3.71658e+06,1.07014e+07,0,316683,0,0
85.1408,85.1408,4.58399,0,0,2.74436,2.74436,0,0.514186,4.6872,4.06315e+06,2.78055e+06,1.11507e+07,0,332060,0,0,62.338,61.3098,4.44494,0,0,1.26759,1.26759,0,0.979138,1.90512,8.44406e+06,3.71658e+06,1.07036e+07,0,316749,0,0
85.1408,85.1408,3.58659,0,0,2.74493,2.74493,0,0.514293,4.6872,4.06315e+06,2.78055e+06,1.11531e+07,0,332129,0,0,62.338,61.3098,4.00926,0,0,1.26785,1.26785,0,0.979341,1.90512,8.44406e+06,3.71658e+06,1.07058e+07,0,316815,0,0
85.1408,85.1408,7.56278,0,0,2.39749,2.39749,0,0.514399,4.6872,4.06315e+06,2.78055e+06,9.74135e+06,0,290090,0,0,62.338,61.3098,5.81075,0,0,1.08907,1.08907,0,0.979544,1.90512,8.44406e+06,3.71658e+06,9.19617e+06,0,272140,0,0
85.1408,85.1408,8.74997,0,0,2.39799,2.39799,0,0.449289,4.6872,4.06315e+06,2.78055e+06,9.74338e+06,0,290150,0,0,62.338,61.3098,5.46347,0,0,1.0893,1.0893,0,0.841416,1.90512,8.44406e+06,3.71658e+06,9.19808e+06,0,272196,0,0
85.1408,85.1408,8.59011,0,0,2.39848,2.39848,0,0.449382,4.6872,4.06315e+06,2.78055e+06,9.7454e+06,0,290210,0,0,62.338,61.3098,4.99786,0,0,1.08952,1.08952,0,0.841591,1.90512,8.44406e+06,3.71658e+06,9.19999e+06,0,272253,0,0
85.1408,85.1408,8.58499,0,0,2.39898,2.39898,0,0.449476,4.6872,4.06315e+06,2.78055e+06,9.74742e+06,0,290270,0,0,62.338,61.3098,4.93168,0,0,1.08975,1.08975,0,0.841765,1.90512,8.44406e+06,3.71658e+06,9.2019e+06,0,272309,0,0
85.1408,85.1408,7.43882,0,0,2.39948,2.39948,0,0.449569,4.6872,4.06315e+06,2.78055e+06,9.74944e+06,0,290330,0,0,62.338,61.3098,4.10754,0,0,1.08997,1.08997,0,0.84194,1.90512,8.44406e+06,3.71658e+06,9.20381e+06,0,272366,0,0
85.1408,85.1408,11.4161,0,0,2.48767,2.48767,0,0.449662,4.6872,4.06315e+06,2.78055e+06,1.01078e+07,0,301001,0,0,62.338,61.3098,7.88564,0,0,1.13405,1.13405,0,0.842114,1.90512,8.44406e+06,3.71658e+06,9.57596e+06,0,283379,0,0
85.1408,85.1408,9.10296,0,0,2.48818,2.48818,0,0.466189,4.6872,4.06315e+06,2.78055e+06,1.01099e+07,0,301063,0,0,62.338,61.3098,6.23387,0,0,1.13428,1.13428,0,0.876165,1.90512,8.44406e+06,3.71658e+06,9.57795e+06,0,283437,0,0
85.1408,85.1408,8.6078,0,0,2.4887,2.4887,0,0.466285,4.6872,4.06315e+06,2.78055e+06,1.0112e+07,0,301126,0,0,62.338,61.3098,6.34538,0,0,1.13452,1.13452,0,0.876347,1.90512,8.44406e+06,3.71658e+06,9.57994e+06,0,283496,0,0
85.1408,85.1408,7.89287,0,0,2.48921,2.48921,0,0.466382,4.6872,4.06315e+06,2.78055e+06,1.01141e+07,0,301188,0,0,62.338,61.3098,5.96338,0,0,1.13475,1.13475,0,0.876529,1.90512,8.44406e+06,3.71658e+06,9.58192e+06,0,283555,0,0
85.1408,85.1408,7.53585,0,0,2.45542,2.45542,0,0.466479,4.6872,4.06315e+06,2.78055e+06,9.97673e+06,0,297099,0,0,62.338,61.3098,4.83348,0,0,1.11795,1.11795,0,0.876711,1.90512,8.44406e+06,3.71658e+06,9.43999e+06,0,279355,0,0
85.1408,85.1408,6.07862,0,0,2.45593,2.45593,0,0.460145,4.6872,4.06315e+06,2.78055e+06,9.9788e+06,0,297160,0,0,62.338,61.3098,4.37093,0,0,1.11818,1.11818,0,0.863725,1.90512,8.44406e+06,3.71658e+06,9.44195e+06,0,279413,0,0
85.1408,85.1408,5.7433,0,0,2.45644,2.45644,0,0.460241,4.6872,4.06315e+06,2.78055e+06,9.98087e+06,0,297222,0,0,62.338,61.3098,4.05425,0,0,1.11841,1.11841,0,0.863904,1.90512,8.44406e+06,3.71658e+06,9.44391e+06,0,279471,0,0
85.1408,85.1408,5.1773,0,0,2.45695,2.45695,0,0.460336,4.6872,4.06315e+06,2.78055e+06,9.98294e+06,0,297284,0,0,62.338,61.3098,3.94756,0,0,1.11864,1.11864,0,0.864083,1.90512,8.44406e+06,3.71658e+06,9.44587e+06,0,279529,0,0
85.1408,85.1408,5.03811,0,0,2.57403,2.57403,0,0.460432,4.6872,4.06315e+06,2.78055e+06,1.04587e+07,0,311451,0,0,62.338,61.3098,3.91851,0,0,1.17937,1.17937,0,0.864263,1.90512,8.44406e+06,3.71658e+06,9.95863e+06,0,294703,0,0
85.1408,85.1408,4.88106,0,0,2.57456,2.57456,0,0.482373,4.6872,4.06315e+06,2.78055e+06,1.04608e+07,0,311515,0,0,62.338,61.3098,3.75537,0,0,1.17961,1.17961,0,0.911178,1.90512,8.44406e+06,3.71658e+06,9.9607e+06,0,294764,0,0
85.1408,85.1408,4.66584,0,0,2.5751,2.5751,0,0.482473,4.6872,4.06315e+06,2.78055e+06,1.0463e+07,0,311580,0,0,62.338,61.3098,3.66454,0,0,1.17986,1.17986,0,0.911367,1.90512,8.44406e+06,3.71658e+06,9.96277e+06,0,294825,0,0
85.1408,85.1408,4.47717,0,0,2.57563,2.57563,0,0.482573,4.6872,4.06315e+06,2.78055e+06,1.04652e+07,0,311645,0,0,62.338,61.3098,3.69852,0,0,1.1801,1.1801,0,0.911556,1.90512,8.44406e+06,3.71658e+06,9.96483e+06,0,294886,0,0
85.1408,85.1408,4.3622,0,0,2.57617,2.57617,0,0.482674,4.6872,4.06315e+06,2.78055e+06,1.04674e+07,0,311709,0,0,62.338,61.3098,3.6918,0,0,1.18035,1.18035,0,0.911746,1.90512,8.44406e+06,3.71658e+06,9.9669e+06,0,294948,0,0
85.1408,85.1408,3.31508,0,0,2.55362,2.55362,0,0.482774,4.6872,4.06315e+06,2.78055e+06,1.03758e+07,0,308982,0,0,62.338,61.3098,3.12633,0,0,1.21387,1.21387,0,0.911935,1.90512,8.44406e+06,3.71658e+06,1.025e+07,0,303325,0,0
85.1408,85.1408,2.97753,0,0,2.55415,2.55415,0,0.478549,4.6872,4.06315e+06,2.78055e+06,1.03779e+07,0,309046,0,0,62.338,61.3098,2.85386,0,0,1.21412,1.21412,0,0.937838,1.90512,8.44406e+06,3.71658e+06,1.02521e+07,0,303388,0,0
85.0586,85.1408,2.73231,0,0,2.55468,2.55468,0,0.478649,4.6872,4.06315e+06,2.78055e+06,1.03801e+07,0,309110,0,0,62.338,61.3098,2.84013,0,0,1.21438,1.21438,0,0.938033,1.90512,8.44406e+06,3.71658e+06,1.02543e+07,0,303451,0,0
84.904,85.1408,2.63644,0,0,2.55521,2.55521,0,0.478748,4.6872,4.06315e+06,2.78055e+06,1.03822e+07,0,309174,0,0,62.338,61.3098,2.72803,0,0,1.21463,1.21463,0,0.938227,1.90512,8.44406e+06,3.71658e+06,1.02564e+07,0,303514,0,0
84.5496,85.1408,2.43352,0,0,2.61539,2.61539,0,0.478847,4.6872,4.06315e+06,2.78055e+06,1.06267e+07,0,316455,0,0,62.338,61.3098,2.65122,0,0,1.24457,1.24457,0,0.938422,1.90512,8.44406e+06,3.71658e+06,1.05092e+07,0,310996,0,0
84.0251,85.1408,2.28227,0,0,2.61593,2.61593,0,0.490124,4.6872,4.06315e+06,2.78055e+06,1.06289e+07,0,316521,0,0,62.338,61.3098,2.65434,0,0,1.24483,1.24483,0,0.961552,1.90512,8.44406e+06,3.71658e+06,1.05114e+07,0,311060,0,0
83.368,85.1408,2.11528,0,0,2.61648,2.61648,0,0.490226,4.6872,4.06315e+06,2.78055e+06,1.06311e+07,0,316587,0,0,62.338,61.3098,2.5704,0,0,1.24508,1.24508,0,0.961752,1.90512,8.44406e+06,3.71658e+06,1.05136e+07,0,311125,0,0
82.5362,85.1408,1.92601,0,0,2.61702,2.61702,0,0.490328,4.6872,4.06315e+06,2.78055e+06,1.06334e+07,0,316652,0,0,62.338,61.3098,2.23962,0,0,1.24534,1.24534,0,0.961952,1.90512,8.44406e+06,3.71658e+06,1.05157e+07,0,311189,0,0
81.7707,85.1408,2.12322,0,0,2.79238,2.79238,0,0.49043,4.6872,4.06315e+06,2.78055e+06,1.13459e+07,0,337870,0,0,62.338,61.3098,3.01376,0,0,1.35284,1.35284,0,0.962152,1.90512,8.44406e+06,3.71658e+06,1.14235e+07,0,338051,0,0
80.2155,85.1408,1.27946,0,0,2.79296,2.79296,0,0.523292,4.6872,4.06315e+06,2.78055e+06,1.13482e+07,0,337941,0,0,62.2265,61.3098,2.27913,0,0,1.35312,1.35312,0,1.04521,1.90512,8.44406e+06,3.71658e+06,1.14258e+07,0,338122,0,0
78.8125,85.1408,1.42261,0,0,2.79354,2.79354,0,0.523401,4.6872,4.06315e+06,2.78055e+06,1.13506e+07,0,338011,0,0,62.1281,61.3098,2.34158,0,0,1.3534,1.3534,0,1.04542,1.90512,8.44406e+06,3.71658e+06,1.14282e+07,0,338192,0,0
78.2019,85.1408,2.28185,0,0,2.79412,2.79412,0,0.523509,4.6872,4.06315e+06,2.78055e+06,1.13529e+07,0,338081,0,0,62.1539,61.3098,2.85216,0,0,1.35368,1.35368,0,1.04564,1.90512,8.44406e+06,3.71658e+06,1.14306e+07,0,338262,0,0
78.1373,85.1408,2.85159,0,0,2.7947,2.7947,0,0.523618,4.6872,4.06315e+06,2.78055e+06,1.13553e+07,0,338151,0,0,62.3295,61.3098,2.95306,0,0,1.35397,1.35397,0,1.04586,1.90512,8.44406e+06,3.71658e+06,1.1433e+07,0,338332,0,0
77.3089,85.1408,2.02136,0,0,2.70999,2.70999,0,0.523727,4.6872,4.06315e+06,2.78055e+06,1.10111e+07,0,327902,0,0,62.338,61.3098,1.99083,0,0,1.28909,1.28909,0,1.04607,1.90512,8.44406e+06,3.71658e+06,1.08851e+07,0,322121,0,0
76.2323,85.1408,1.7538,0,0,2.71056,2.71056,0,0.507853,4.6872,4.06315e+06,2.78055e+06,1.10134e+07,0,327970,0,0,62.338,61.3098,3.09342,0,0,1.28936,1.28936,0,0.99595,1.90512,8.44406e+06,3.71658e+06,1.08874e+07,0,322188,0,0
74.9458,85.1408,1.54026,0,0,2.71112,2.71112,0,0.507958,4.6872,4.06315e+06,2.78055e+06,1.10157e+07,0,328038,0,0,62.2327,61.3098,1.77527,0,0,1.28962,1.28962,0,0.996157,1.90512,8.44406e+06,3.71658e+06,1.08897e+07,0,322254,0,0
73.6289,85.1408,1.49128,0,0,2.71168,2.71168,0,0.508064,4.6872,4.06315e+06,2.78055e+06,1.1018e+07,0,328106,0,0,62.1748,61.3098,1.62879,0,0,1.28989,1.28989,0,0.996363,1.90512,8.44406e+06,3.71658e+06,1.08919e+07,0,322321,0,0
73.7818,85.1408,3.11217,0,0,2.64218,2.64218,0,0.508169,4.6872,4.06315e+06,2.78055e+06,1.07356e+07,0,319697,0,0,62.338,61.3098,3.29734,0,0,1.2308,1.2308,0,0.99657,1.90512,8.44406e+06,3.71658e+06,1.03929e+07,0,307555,0,0
74.3084,85.1408,3.58022,0,0,2.64273,2.64273,0,0.495145,4.6872,4.06315e+06,2.78055e+06,1.07378e+07,0,319763,0,0,62.338,61.3098,4.99848,0,0,1.23106,1.23106,0,0.950916,1.90512,8.44406e+06,3.71658e+06,1.03951e+07,0,307619,0,0
75.9272,85.1408,4.65268,0,0,2.64328,2.64328,0,0.495248,4.6872,4.06315e+06,2.78055e+06,1.074e+07,0,319830,0,0,62.338,61.3098,5.48093,0,0,1.23131,1.23131,0,0.951113,1.90512,8.44406e+06,3.71658e+06,1.03973e+07,0,307683,0,0
76.7371,85.1408,3.91013,0,0,2.64383,2.64383,0,0.495351,4.6872,4.06315e+06,2.78055e+06,1.07423e+07,0,319896,0,0,62.338,61.3098,3.55604,0,0,1.23157,1.23157,0,0.951311,1.90512,8.44406e+06,3.71658e+06,1.03994e+07,0,307747,0,0
77.8496,85.1408,4.05647,0,0,2.44523,2.44523,0,0.495454,4.6872,4.06315e+06,2.78055e+06,9.93532e+06,0,295866,0,0,62.338,61.3098,4.78056,0,0,1.10809,1.10809,0,0.951508,1.90512,8.44406e+06,3.71658e+06,9.35677e+06,0,276892,0,0
78.8362,85.1408,3.94555,0,0,2.44573,2.44573,0,0.458235,4.6872,4.06315e+06,2.78055e+06,9.93739e+06,0,295927,0,0,62.338,61.3098,3.5472,0,0,1.10832,1.10832,0,0.85611,1.90512,8.44406e+06,3.71658e+06,9.35872e+06,0,276950,0,0
80.081,85.1408,4.32961,0,0,2.44624,2.44624,0,0.458331,4.6872,4.06315e+06,2.78055e+06,9.93945e+06,0,295989,0,0,62.338,61.3098,4.57741,0,0,1.10855,1.10855,0,0.856288,1.90512,8.44406e+06,3.71658e+06,9.36066e+06,0,277007,0,0
82.0561,85.1408,5.20366,0,0,2.44675,2.44675,0,0.458426,4.6872,4.06315e+06,2.78055e+06,9.94152e+06,0,296050,0,0,62.338,61.3098,4.45516,0,0,1.10878,1.10878,0,0.856466,1.90512,8.44406e+06,3.71658e+06,9.36261e+06,0,277065,0,0
83.1831,85.1408,4.14491,0,0,2.44726,2.44726,0,0.458521,4.6872,4.06315e+06,2.78055e+06,9.94358e+06,0,296112,0,0,62.338,61.3098,2.94157,0,0,1.10901,1.10901,0,0.856644,1.90512,8.44406e+06,3.71658e+06,9.36455e+06,0,277123,0,0
85.1408,85.1408,6.51978,0,0,2.52444,2.52444,0,0.458616,4.6872,4.06315e+06,2.78055e+06,1.02572e+07,0,305451,0,0,62.338,61.3098,5.9342,0,0,1.1451,1.1451,0,0.856822,1.90512,8.44406e+06,3.71658e+06,9.66933e+06,0,286142,0,0
85.1408,85.1408,5.60353,0,0,2.52495,2.52495,0,0.473081,4.6872,4.06315e+06,2.78055e+06,1.02593e+07,0,305512,0,0,62.338,61.3098,4.43003,0,0,1.14533,1.14533,0,0.884708,1.90512,8.44406e+06,3.71658e+06,9.67127e+06,0,286199,0,0
85.1408,85.1408,5.55674,0,0,2.52546,2.52546,0,0.473176,4.6872,4.06315e+06,2.78055e+06,1.02613e+07,0,305574,0,0,62.338,61.3098,5.32746,0,0,1.14557,1.14557,0,0.884886,1.90512,8.44406e+06,3.71658e+06,9.67322e+06,0,286257,0,0
85.1408,85.1408,4.04522,0,0,2.52596,2.52596,0,0.473271,4.6872,4.06315e+06,2.78055e+06,1.02634e+07,0,305635,0,0,62.338,61.3098,3.64898,0,0,1.1458,1.1458,0,0.885064,1.90512,8.44406e+06,3.71658e+06,9.67516e+06,0,286314,0,0
85.1408,85.1408,3.85154,0,0,2.7729,2.7729,0,0.473366,4.6872,4.06315e+06,2.78055e+06,1.12667e+07,0,335513,0,0,62.338,61.3098,2.93881,0,0,1.28077,1.28077,0,0.885241,1.90512,8.44406e+06,3.71658e+06,1.08149e+07,0,320043,0,0
85.1194,85.1408,3.26024,0,0,2.77346,2.77346,0,0.519641,4.6872,4.06315e+06,2.78055e+06,1.1269e+07,0,335581,0,0,62.338,61.3098,3.14028,0,0,1.28103,1.28103,0,0.989526,1.90512,8.44406e+06,3.71658e+06,1.08171e+07,0,320107,0,0
85.1408,85.1408,5.24055,0,0,2.77401,2.77401,0,0.519746,4.6872,4.06315e+06,2.78055e+06,1.12712e+07,0,335648,0,0,62.338,61.3098,5.3198,0,0,1.28129,1.28129,0,0.989725,1.90512,8.44406e+06,3.71658e+06,1.08193e+07,0,320172,0,0
85.1408,85.1408,3.63,0,0,2.77457,2.77457,0,0.51985,4.6872,4.06315e+06,2.78055e+06,1.12735e+07,0,335716,0,0,62.338,61.3098,3.62981,0,0,1.28155,1.28155,0,0.989924,1.90512,8.44406e+06,3.71658e+06,1.08214e+07,0,320236,0,0
85.1408,85.1408,3.47737,0,0,2.42336,2.42336,0,0.519955,4.6872,4.06315e+06,2.78055e+06,9.84649e+06,0,293220,0,0,62.338,61.3098,3.13978,0,0,1.10082,1.10082,0,0.990123,1.90512,8.44406e+06,3.71658e+06,9.29542e+06,0,275077,0,0
85.1408,85.1408,7.71046,0,0,2.42385,2.42385,0,0.454138,4.6872,4.06315e+06,2.78055e+06,9.84847e+06,0,293279,0,0,62.338,61.3098,6.21124,0,0,1.10105,1.10105,0,0.850497,1.90512,8.44406e+06,3.71658e+06,9.29729e+06,0,275132,0,0
85.1408,85.1408,6.65455,0,0,2.42434,2.42434,0,0.45423,4.6872,4.06315e+06,2.78055e+06,9.85045e+06,0,293338,0,0,62.338,61.3098,4.95209,0,0,1.10127,1.10127,0,0.850668,1.90512,8.44406e+06,3.71658e+06,9.29916e+06,0,275187,0,0
85.1408,85.1408,6.66817,0,0,2.42482,2.42482,0,0.454321,4.6872,4.06315e+06,2.78055e+06,9.85243e+06,0,293397,0,0,62.338,61.3098,5.93684,0,0,1.10149,1.10149,0,0.850839,1.90512,8.44406e+06,3.71658e+06,9.30103e+06,0,275243,0,0
85.1408,85.1408,7.00815,0,0,2.42531,2.42531,0,0.454412,4.6872,4.06315e+06,2.78055e+06,9.85441e+06,0,293456,0,0,62.338,61.3098,6.05413,0,0,1.10171,1.10171,0,0.85101,1.90512,8.44406e+06,3.71658e+06,9.3029e+06,0,275298,0,0
85.1408,85.1408,10.3208,0,0,2.51443,2.51443,0,0.454504,4.6872,4.06315e+06,2.78055e+06,1.02165e+07,0,304240,0,0,62.338,61.3098,6.89025,0,0,1.14625,1.14625,0,0.851181,1.90512,8.44406e+06,3.71658e+06,9.679e+06,0,286428,0,0
85.1408,85.1408,9.06101,0,0,2.51494,2.51494,0,0.471205,4.6872,4.06315e+06,2.78055e+06,1.02186e+07,0,304301,0,0,62.338,61.3098,7.63306,0,0,1.14648,1.14648,0,0.885593,1.90512,8.44406e+06,3.71658e+06,9.68095e+06,0,286485,0,0
85.1408,85.1408,6.76067,0,0,2.51544,2.51544,0,0.4713,4.6872,4.06315e+06,2.78055e+06,1.02206e+07,0,304362,0,0,62.338,61.3098,5.46118,0,0,1.14671,1.14671,0,0.885771,1.90512,8.44406e+06,3.71658e+06,9.68289e+06,0,286543,0,0
85.1408,85.1408,6.30367,0,0,2.51595,2.51595,0,0.471394,4.6872,4.06315e+06,2.78055e+06,1.02227e+07,0,304423,0,0,62.338,61.3098,4.96598,0,0,1.14694,1.14694,0,0.885949,1.90512,8.44406e+06,3.71658e+06,9.68484e+06,0,286601,0,0
85.1408,85.1408,5.40866,0,0,2.48177,2.48177,0,0.471489,4.6872,4.06315e+06,2.78055e+06,1.00838e+07,0,300288,0,0,62.338,61.3098,5.40486,0,0,1.12995,1.12995,0,0.886127,1.90512,8.44406e+06,3.71658e+06,9.54132e+06,0,282354,0,0
85.1408,85.1408,5.05711,0,0,2.48227,2.48227,0,0.465084,4.6872,4.06315e+06,2.78055e+06,1.00858e+07,0,300348,0,0,62.338,61.3098,4.2293,0,0,1.13017,1.13017,0,0.872996,1.90512,8.44406e+06,3.71658e+06,9.54324e+06,0,282410,0,0
85.1408,85.1408,4.60168,0,0,2.48277,2.48277,0,0.465178,4.6872,4.06315e+06,2.78055e+06,1.00879e+07,0,300409,0,0,62.338,61.3098,3.57328,0,0,1.1304,1.1304,0,0.873172,1.90512,8.44406e+06,3.71658e+06,9.54516e+06,0,282467,0,0
85.1408,85.1408,4.50327,0,0,2.48327,2.48327,0,0.465271,4.6872,4.06315e+06,2.78055e+06,1.00899e+07,0,300469,0,0,62.338,61.3098,3.48846,0,0,1.13063,1.13063,0,0.873347,1.90512,8.44406e+06,3.71658e+06,9.54708e+06,0,282524,0,0
85.1408,85.1408,4.31625,0,0,2.60159,2.60159,0,0.465365,4.6872,4.06315e+06,2.78055e+06,1.05707e+07,0,314786,0,0,62.338,61.3098,3.52344,0,0,1.19199,1.19199,0,0.873523,1.90512,8.44406e+06,3.71658e+06,1.00653e+07,0,297859,0,0
85.1408,85.1408,3.9494,0,0,2.60212,2.60212,0,0.487538,4.6872,4.06315e+06,2.78055e+06,1.05728e+07,0,314849,0,0,62.338,61.3098,3.5118,0,0,1.19223,1.19223,0,0.920935,1.90512,8.44406e+06,3.71658e+06,1.00673e+07,0,297918,0,0
85.1408,85.1408,3.5566,0,0,2.60264,2.60264,0,0.487636,4.6872,4.06315e+06,2.78055e+06,1.05749e+07,0,314912,0,0,62.338,61.3098,3.20386,0,0,1.19247,1.19247,0,0.92112,1.90512,8.44406e+06,3.71658e+06,1.00693e+07,0,297978,0,0
85.1408,85.1408,3.24549,0,0,2.60316,2.60316,0,0.487735,4.6872,4.06315e+06,2.78055e+06,1.0577e+07,0,314976,0,0,62.338,61.3098,3.14313,0,0,1.19271,1.19271,0,0.921306,1.90512,8.44406e+06,3.71658e+06,1.00713e+07,0,298038,0,0
85.1408,85.1408,3.11578,0,0,2.60369,2.60369,0,0.487833,4.6872,4.06315e+06,2.78055e+06,1.05792e+07,0,315039,0,0,62.338,61.3098,2.75909,0,0,1.19295,1.19295,0,0.921491,1.90512,8.44406e+06,3.71658e+06,1.00734e+07,0,298098,0,0
85.1408,85.1408,2.87184,0,0,2.58089,2.58089,0,0.487931,4.6872,4.06315e+06,2.78055e+06,1.04865e+07,0,312280,0,0,62.338,61.3098,2.938,0,0,1.22683,1.22683,0,0.921676,1.90512,8.44406e+06,3.71658e+06,1.03594e+07,0,306564,0,0
85.0671,85.1408,2.7525,0,0,2.5814,2.5814,0,0.483658,4.6872,4.06315e+06,2.78055e+06,1.04886e+07,0,312343,0,0,62.338,61.3098,2.95588,0,0,1.22708,1.22708,0,0.94785,1.90512,8.44406e+06,3.71658e+06,1.03615e+07,0,306625,0,0
84.8868,85.1408,2.60773,0,0,2.58192,2.58192,0,0.483755,4.6872,4.06315e+06,2.78055e+06,1.04907e+07,0,312406,0,0,62.338,61.3098,2.92808,0,0,1.22732,1.22732,0,0.94804,1.90512,8.44406e+06,3.71658e+06,1.03636e+07,0,306687,0,0
84.4982,85.1408,2.40692,0,0,2.58244,2.58244,0,0.483853,4.6872,4.06315e+06,2.78055e+06,1.04929e+07,0,312469,0,0,62.338,61.3098,2.88834,0,0,1.22757,1.22757,0,0.948231,1.90512,8.44406e+06,3.71658e+06,1.03657e+07,0,306749,0,0
84.009,85.1408,2.35713,0,0,2.64324,2.64324,0,0.48395,4.6872,4.06315e+06,2.78055e+06,1.07399e+07,0,319825,0,0,62.338,61.3098,2.80434,0,0,1.25782,1.25782,0,0.948422,1.90512,8.44406e+06,3.71658e+06,1.06211e+07,0,314307,0,0
83.3685,85.1408,2.16238,0,0,2.64378,2.64378,0,0.495344,4.6872,4.06315e+06,2.78055e+06,1.07421e+07,0,319890,0,0,62.338,61.3098,2.73549,0,0,1.25807,1.25807,0,0.971792,1.90512,8.44406e+06,3.71658e+06,1.06232e+07,0,314371,0,0
82.5987,85.1408,2.02358,0,0,2.64431,2.64431,0,0.495444,4.6872,4.06315e+06,2.78055e+06,1.07442e+07,0,319954,0,0,62.338,61.3098,2.50849,0,0,1.25833,1.25833,0,0.971988,1.90512,8.44406e+06,3.71658e+06,1.06254e+07,0,314434,0,0
81.8072,85.1408,1.98895,0,0,2.64484,2.64484,0,0.495543,4.6872,4.06315e+06,2.78055e+06,1.07464e+07,0,320018,0,0,62.338,61.3098,2.68757,0,0,1.25858,1.25858,0,0.972183,1.90512,8.44406e+06,3.71658e+06,1.06275e+07,0,314497,0,0
81.0359,85.1408,2.14048,0,0,2.82204,2.82204,0,0.495643,4.6872,4.06315e+06,2.78055e+06,1.14664e+07,0,341460,0,0,62.338,61.3098,2.93237,0,0,1.36721,1.36721,0,0.972379,1.90512,8.44406e+06,3.71658e+06,1.15448e+07,0,341643,0,0
80.3566,85.1408,2.23053,0,0,2.82261,2.82261,0,0.528851,4.6872,4.06315e+06,2.78055e+06,1.14687e+07,0,341528,0,0,62.338,61.3098,2.1065,0,0,1.36749,1.36749,0,1.05631,1.90512,8.44406e+06,3.71658e+06,1.15471e+07,0,341711,0,0
79.5339,85.1408,2.09091,0,0,2.82318,2.82318,0,0.528958,4.6872,4.06315e+06,2.78055e+06,1.1471e+07,0,341597,0,0,62.338,61.3098,2.3843,0,0,1.36776,1.36776,0,1.05652,1.90512,8.44406e+06,3.71658e+06,1.15495e+07,0,341780,0,0
78.5942,85.1408,1.96553,0,0,2.82375,2.82375,0,0.529064,4.6872,4.06315e+06,2.78055e+06,1.14733e+07,0,341666,0,0,62.338,61.3098,2.92071,0,0,1.36804,1.36804,0,1.05673,1.90512,8.44406e+06,3.71658e+06,1.15518e+07,0,341849,0,0
77.5861,85.1408,1.88523,0,0,2.82432,2.82432,0,0.52917,4.6872,4.06315e+06,2.78055e+06,1.14756e+07,0,341735,0,0,62.338,61.3098,2.87055,0,0,1.36831,1.36831,0,1.05695,1.90512,8.44406e+06,3.71658e+06,1.15541e+07,0,341918,0,0
76.6832,85.1408,1.89393,0,0,2.73869,2.73869,0,0.529277,4.6872,4.06315e+06,2.78055e+06,1.11277e+07,0,331375,0,0,62.338,61.3098,2.53171,0,0,1.30274,1.30274,0,1.05716,1.90512,8.44406e+06,3.71658e+06,1.10004e+07,0,325532,0,0
75.582,85.1408,1.75652,0,0,2.73925,2.73925,0,0.513231,4.6872,4.06315e+06,2.78055e+06,1.113e+07,0,331441,0,0,62.338,61.3098,2.35487,0,0,1.303,1.303,0,1.0065,1.90512,8.44406e+06,3.71658e+06,1.10026e+07,0,325598,0,0
74.6576,85.1408,1.97859,0,0,2.7398,2.7398,0,0.513335,4.6872,4.06315e+06,2.78055e+06,1.11322e+07,0,331508,0,0,62.338,61.3098,3.26114,0,0,1.30327,1.30327,0,1.0067,1.90512,8.44406e+06,3.71658e+06,1.10048e+07,0,325663,0,0
73.6507,85.1408,1.92633,0,0,2.74035,2.74035,0,0.513438,4.6872,4.06315e+06,2.78055e+06,1.11344e+07,0,331575,0,0,62.338,61.3098,3.09597,0,0,1.30353,1.30353,0,1.0069,1.90512,8.44406e+06,3.71658e+06,1.10071e+07,0,325729,0,0
72.9813,85.1408,2.37236,0,0,2.6701,2.6701,0,0.513541,4.6872,4.06315e+06,2.78055e+06,1.0849e+07,0,323074,0,0,62.338,61.3098,3.44883,0,0,1.2438,1.2438,0,1.00711,1.90512,8.44406e+06,3.71658e+06,1.05027e+07,0,310804,0,0
73.8355,85.1408,4.03204,0,0,2.67063,2.67063,0,0.500376,4.6872,4.06315e+06,2.78055e+06,1.08512e+07,0,323139,0,0,62.338,61.3098,4.96659,0,0,1.24405,1.24405,0,0.960962,1.90512,8.44406e+06,3.71658e+06,1.05049e+07,0,310867,0,0
73.8696,85.1408,3.12573,0,0,2.67117,2.67117,0,0.500477,4.6872,4.06315e+06,2.78055e+06,1.08534e+07,0,323204,0,0,62.338,61.3098,3.07259,0,0,1.2443,1.2443,0,0.961155,1.90512,8.44406e+06,3.71658e+06,1.0507e+07,0,310930,0,0
73.0472,85.1408,2.12237,0,0,2.67171,2.67171,0,0.500577,4.6872,4.06315e+06,2.78055e+06,1.08556e+07,0,323269,0,0,62.338,61.3098,2.64895,0,0,1.24455,1.24455,0,0.961349,1.90512,8.44406e+06,3.71658e+06,1.05091e+07,0,310992,0,0
73.3907,85.1408,3.20983,0,0,2.471,2.471,0,0.500678,4.6872,4.06315e+06,2.78055e+06,1.004e+07,0,298984,0,0,62.338,61.3098,3.87159,0,0,1.11977,1.11977,0,0.961542,1.90512,8.44406e+06,3.71658e+06,9.45538e+06,0,279810,0,0
72.6312,85.1408,2.19328,0,0,2.47149,2.47149,0,0.463064,4.6872,4.06315e+06,2.78055e+06,1.0042e+07,0,299044,0,0,62.338,61.3098,2.52477,0,0,1.11999,1.11999,0,0.865133,1.90512,8.44406e+06,3.71658e+06,9.45728e+06,0,279867,0,0
71.5052,85.1408,1.64026,0,0,2.47199,2.47199,0,0.463158,4.6872,4.06315e+06,2.78055e+06,1.00441e+07,0,299104,0,0,62.338,61.3098,2.12574,0,0,1.12022,1.12022,0,0.865307,1.90512,8.44406e+06,3.71658e+06,9.45919e+06,0,279923,0,0
71.1936,85.1408,2.43333,0,0,2.47249,2.47249,0,0.463251,4.6872,4.06315e+06,2.78055e+06,1.00461e+07,0,299164,0,0,62.338,61.3098,2.38666,0,0,1.12044,1.12044,0,0.865481,1.90512,8.44406e+06,3.71658e+06,9.46109e+06,0,279979,0,0
74.2614,85.1408,6.12401,0,0,2.47299,2.47299,0,0.463344,4.6872,4.06315e+06,2.78055e+06,1.00481e+07,0,299225,0,0,62.338,61.3098,6.06249,0,0,1.12067,1.12067,0,0.865655,1.90512,8.44406e+06,3.71658e+06,9.463e+06,0,280036,0,0
76.5334,85.1408,5.60838,0,0,2.55096,2.55096,0,0.463437,4.6872,4.06315e+06,2.78055e+06,1.03649e+07,0,308660,0,0,62.338,61.3098,6.32154,0,0,1.15714,1.15714,0,0.865829,1.90512,8.44406e+06,3.71658e+06,9.77091e+06,0,289148,0,0
78.8513,85.1408,5.48346,0,0,2.55146,2.55146,0,0.478051,4.6872,4.06315e+06,2.78055e+06,1.0367e+07,0,308720,0,0,62.338,61.3098,7.3015,0,0,1.15736,1.15736,0,0.894003,1.90512,8.44406e+06,3.71658e+06,9.77281e+06,0,289204,0,0
85.1408,85.1408,12.5339,0,0,2.55196,2.55196,0,0.478144,4.6872,4.06315e+06,2.78055e+06,1.0369e+07,0,308780,0,0,62.338,61.3098,9.51493,0,0,1.15758,1.15758,0,0.894176,1.90512,8.44406e+06,3.71658e+06,9.77471e+06,0,289260,0,0
85.1408,85.1408,7.71911,0,0,2.55245,2.55245,0,0.478236,4.6872,4.06315e+06,2.78055e+06,1.0371e+07,0,308840,0,0,62.338,61.3098,6.92264,0,0,1.15781,1.15781,0,0.89435,1.90512,8.44406e+06,3.71658e+06,9.77661e+06,0,289316,0,0
85.1408,85.1408,5.57754,0,0,2.80196,2.80196,0,0.478329,4.6872,4.06315e+06,2.78055e+06,1.13848e+07,0,339029,0,0,62.338,61.3098,5.32267,0,0,1.2942,1.2942,0,0.894524,1.90512,8.44406e+06,3.71658e+06,1.09283e+07,0,323397,0,0
85.1408,85.1408,14.4711,0,0,2.8025,2.8025,0,0.525087,4.6872,4.06315e+06,2.78055e+06,1.1387e+07,0,339095,0,0,62.338,61.3098,9.52485,0,0,1.29445,1.29445,0,0.999895,1.90512,8.44406e+06,3.71658e+06,1.09304e+07,0,323460,0,0
85.1408,85.1408,9.31448,0,0,2.80305,2.80305,0,0.525189,4.6872,4.06315e+06,2.78055e+06,1.13892e+07,0,339161,0,0,62.338,61.3098,6.77,0,0,1.2947,1.2947,0,1.00009,1.90512,8.44406e+06,3.71658e+06,1.09325e+07,0,323522,0,0
85.1408,85.1408,5.63051,0,0,2.80359,2.80359,0,0.525291,4.6872,4.06315e+06,2.78055e+06,1.13914e+07,0,339227,0,0,62.338,61.3098,4.77623,0,0,1.29495,1.29495,0,1.00028,1.90512,8.44406e+06,3.71658e+06,1.09346e+07,0,323585,0,0
85.1408,85.1408,4.87786,0,0,2.44869,2.44869,0,0.525393,4.6872,4.06315e+06,2.78055e+06,9.94941e+06,0,296285,0,0,62.338,61.3098,5.41291,0,0,1.11233,1.11233,0,1.00048,1.90512,8.44406e+06,3.71658e+06,9.39259e+06,0,277952,0,0
85.1408,85.1408,5.85334,0,0,2.44917,2.44917,0,0.458885,4.6872,4.06315e+06,2.78055e+06,9.95135e+06,0,296343,0,0,62.338,61.3098,5.10054,0,0,1.11255,1.11255,0,0.859387,1.90512,8.44406e+06,3.71658e+06,9.39441e+06,0,278006,0,0
85.1408,85.1408,5.06398,0,0,2.44965,2.44965,0,0.458974,4.6872,4.06315e+06,2.78055e+06,9.95328e+06,0,296401,0,0,62.338,61.3098,4.06931,0,0,1.11276,1.11276,0,0.859554,1.90512,8.44406e+06,3.71658e+06,9.39624e+06,0,278060,0,0
85.1408,85.1408,5.09003,0,0,2.45012,2.45012,0,0.459064,4.6872,4.06315e+06,2.78055e+06,9.95522e+06,0,296458,0,0,62.338,61.3098,4.92579,0,0,1.11298,1.11298,0,0.859721,1.90512,8.44406e+06,3.71658e+06,9.39807e+06,0,278114,0,0
85.1408,85.1408,5.31195,0,0,2.4506,2.4506,0,0.459153,4.6872,4.06315e+06,2.78055e+06,9.95715e+06,0,296516,0,0,62.338,61.3098,4.97234,0,0,1.1132,1.1132,0,0.859888,1.90512,8.44406e+06,3.71658e+06,9.39989e+06,0,278168,0,0
85.1408,85.1408,9.02383,0,0,2.54063,2.54063,0,0.459242,4.6872,4.06315e+06,2.78055e+06,1.0323e+07,0,307410,0,0,62.338,61.3098,6.6632,0,0,1.15819,1.15819,0,0.860056,1.90512,8.44406e+06,3.71658e+06,9.77985e+06,0,289412,0,0
85.1408,85.1408,7.64977,0,0,2.54113,2.54113,0,0.476114,4.6872,4.06315e+06,2.78055e+06,1.0325e+07,0,307469,0,0,62.338,61.3098,6.89327,0,0,1.15842,1.15842,0,0.89482,1.90512,8.44406e+06,3.71658e+06,9.78175e+06,0,289469,0,0
85.1408,85.1408,5.70564,0,0,2.54162,2.54162,0,0.476207,4.6872,4.06315e+06,2.78055e+06,1.0327e+07,0,307529,0,0,62.338,61.3098,5.64063,0,0,1.15864,1.15864,0,0.894994,1.90512,8.44406e+06,3.71658e+06,9.78365e+06,0,289525,0,0
85.1408,85.1408,5.23771,0,0,2.54211,2.54211,0,0.4763,4.6872,4.06315e+06,2.78055e+06,1.0329e+07,0,307589,0,0,62.338,61.3098,5.74085,0,0,1.15887,1.15887,0,0.895168,1.90512,8.44406e+06,3.71658e+06,9.78556e+06,0,289581,0,0
85.1408,85.1408,5.30133,0,0,2.50757,2.50757,0,0.476392,4.6872,4.06315e+06,2.78055e+06,1.01886e+07,0,303409,0,0,62.338,61.3098,6.04106,0,0,1.14169,1.14169,0,0.895342,1.90512,8.44406e+06,3.71658e+06,9.64048e+06,0,285288,0,0
85.1408,85.1408,5.42033,0,0,2.50805,2.50805,0,0.469918,4.6872,4.06315e+06,2.78055e+06,1.01906e+07,0,303468,0,0,62.338,61.3098,5.96695,0,0,1.14191,1.14191,0,0.882069,1.90512,8.44406e+06,3.71658e+06,9.64236e+06,0,285344,0,0
85.1408,85.1408,4.96088,0,0,2.50854,2.50854,0,0.470009,4.6872,4.06315e+06,2.78055e+06,1.01926e+07,0,303527,0,0,62.338,61.3098,5.08481,0,0,1.14213,1.14213,0,0.88224,1.90512,8.44406e+06,3.71658e+06,9.64423e+06,0,285399,0,0
85.1408,85.1408,4.63498,0,0,2.50903,2.50903,0,0.470101,4.6872,4.06315e+06,2.78055e+06,1.01946e+07,0,303586,0,0,62.338,61.3098,4.51884,0,0,1.14236,1.14236,0,0.882412,1.90512,8.44406e+06,3.71658e+06,9.64611e+06,0,285455,0,0
85.1408,85.1408,4.22013,0,0,2.62856,2.62856,0,0.470192,4.6872,4.06315e+06,2.78055e+06,1.06802e+07,0,318049,0,0,62.338,61.3098,4.26015,0,0,1.20435,1.20435,0,0.882584,1.90512,8.44406e+06,3.71658e+06,1.01696e+07,0,300946,0,0
85.1408,85.1408,3.96102,0,0,2.62907,2.62907,0,0.492592,4.6872,4.06315e+06,2.78055e+06,1.06823e+07,0,318111,0,0,62.338,61.3098,3.99128,0,0,1.20459,1.20459,0,0.930482,1.90512,8.44406e+06,3.71658e+06,1.01716e+07,0,301005,0,0
85.1408,85.1408,3.81102,0,0,2.62958,2.62958,0,0.492688,4.6872,4.06315e+06,2.78055e+06,1.06844e+07,0,318173,0,0,62.338,61.3098,3.9129,0,0,1.20482,1.20482,0,0.930663,1.90512,8.44406e+06,3.71658e+06,1.01736e+07,0,301063,0,0
85.1408,85.1408,3.65585,0,0,2.6301,2.6301,0,0.492784,4.6872,4.06315e+06,2.78055e+06,1.06865e+07,0,318234,0,0,62.338,61.3098,4.00215,0,0,1.20505,1.20505,0,0.930844,1.90512,8.44406e+06,3.71658e+06,1.01755e+07,0,301122,0,0
85.1408,85.1408,3.57565,0,0,2.63061,2.63061,0,0.49288,4.6872,4.06315e+06,2.78055e+06,1.06886e+07,0,318296,0,0,62.338,61.3098,3.85589,0,0,1.20529,1.20529,0,0.931025,1.90512,8.44406e+06,3.71658e+06,1.01775e+07,0,301180,0,0
85.1408,85.1408,3.58951,0,0,2.60755,2.60755,0,0.492976,4.6872,4.06315e+06,2.78055e+06,1.05949e+07,0,315507,0,0,62.338,61.3098,3.44997,0,0,1.23951,1.23951,0,0.931206,1.90512,8.44406e+06,3.71658e+06,1.04665e+07,0,309731,0,0
85.1408,85.1408,3.45831,0,0,2.60806,2.60806,0,0.488656,4.6872,4.06315e+06,2.78055e+06,1.05969e+07,0,315568,0,0,62.338,61.3098,3.23974,0,0,1.23975,1.23975,0,0.957644,1.90512,8.44406e+06,3.71658e+06,1.04685e+07,0,309792,0,0
85.1408,85.1408,3.27327,0,0,2.60857,2.60857,0,0.488751,4.6872,4.06315e+06,2.78055e+06,1.0599e+07,0,315630,0,0,62.338,61.3098,3.05096,0,0,1.23999,1.23999,0,0.95783,1.90512,8.44406e+06,3.71658e+06,1.04705e+07,0,309852,0,0
85.1408,85.1408,3.03843,0,0,2.60908,2.60908,0,0.488846,4.6872,4.06315e+06,2.78055e+06,1.06011e+07,0,315691,0,0,62.338,61.3098,2.84158,0,0,1.24023,1.24023,0,0.958016,1.90512,8.44406e+06,3.71658e+06,1.04726e+07,0,309912,0,0
85.1408,85.1408,3.05475,0,0,2.67049,2.67049,0,0.488941,4.6872,4.06315e+06,2.78055e+06,1.08506e+07,0,323122,0,0,62.338,61.3098,2.83223,0,0,1.27078,1.27078,0,0.958203,1.90512,8.44406e+06,3.71658e+06,1.07306e+07,0,317547,0,0
85.1408,85.1408,3.13685,0,0,2.67101,2.67101,0,0.500449,4.6872,4.06315e+06,2.78055e+06,1.08527e+07,0,323184,0,0,62.338,61.3098,3.13717,0,0,1.27103,1.27103,0,0.981808,1.90512,8.44406e+06,3.71658e+06,1.07327e+07,0,317609,0,0
85.1408,85.1408,2.96955,0,0,2.67153,2.67153,0,0.500546,4.6872,4.06315e+06,2.78055e+06,1.08548e+07,0,323247,0,0,62.338,61.3098,3.06948,0,0,1.27128,1.27128,0,0.981999,1.90512,8.44406e+06,3.71658e+06,1.07347e+07,0,317670,0,0
85.1408,85.1408,2.9457,0,0,2.67204,2.67204,0,0.500644,4.6872,4.06315e+06,2.78055e+06,1.08569e+07,0,323310,0,0,62.338,61.3098,2.94405,0,0,1.27153,1.27153,0,0.98219,1.90512,8.44406e+06,3.71658e+06,1.07368e+07,0,317732,0,0
84.7251,85.1408,2.58316,0,0,2.85105,2.85105,0,0.500741,4.6872,4.06315e+06,2.78055e+06,1.15843e+07,0,344970,0,0,62.338,61.3098,2.69282,0,0,1.38127,1.38127,0,0.982381,1.90512,8.44406e+06,3.71658e+06,1.16635e+07,0,345155,0,0
84.9063,85.1408,3.14933,0,0,2.85161,2.85161,0,0.534288,4.6872,4.06315e+06,2.78055e+06,1.15865e+07,0,345037,0,0,62.338,61.3098,2.42761,0,0,1.38154,1.38154,0,1.06717,1.90512,8.44406e+06,3.71658e+06,1.16658e+07,0,345222,0,0
85.1408,85.1408,3.53114,0,0,2.85216,2.85216,0,0.534392,4.6872,4.06315e+06,2.78055e+06,1.15888e+07,0,345104,0,0,62.338,61.3098,2.9301,0,0,1.38181,1.38181,0,1.06738,1.90512,8.44406e+06,3.71658e+06,1.1668e+07,0,345289,0,0
85.0655,85.1408,2.92409,0,0,2.85272,2.85272,0,0.534496,4.6872,4.06315e+06,2.78055e+06,1.1591e+07,0,345171,0,0,62.338,61.3098,2.05064,0,0,1.38207,1.38207,0,1.06758,1.90512,8.44406e+06,3.71658e+06,1.16703e+07,0,345356,0,0
85.1408,85.1408,3.59328,0,0,2.85327,2.85327,0,0.5346,4.6872,4.06315e+06,2.78055e+06,1.15933e+07,0,345238,0,0,62.338,61.3098,3.86195,0,0,1.38234,1.38234,0,1.06779,1.90512,8.44406e+06,3.71658e+06,1.16726e+07,0,345423,0,0
84.7979,85.1408,2.57574,0,0,2.76676,2.76676,0,0.534704,4.6872,4.06315e+06,2.78055e+06,1.12417e+07,0,334770,0,0,62.338,61.3098,2.87051,0,0,1.31609,1.31609,0,1.068,1.90512,8.44406e+06,3.71658e+06,1.11131e+07,0,328868,0,0
84.4296,85.1408,2.57776,0,0,2.76729,2.76729,0,0.51849,4.6872,4.06315e+06,2.78055e+06,1.12439e+07,0,334835,0,0,62.338,61.3098,3.33209,0,0,1.31635,1.31635,0,1.01681,1.90512,8.44406e+06,3.71658e+06,1.11153e+07,0,328932,0,0
84.9351,85.1408,3.46597,0,0,2.76783,2.76783,0,0.518591,4.6872,4.06315e+06,2.78055e+06,1.12461e+07,0,334900,0,0,62.338,61.3098,4.10146,0,0,1.3166,1.3166,0,1.01701,1.90512,8.44406e+06,3.71658e+06,1.11175e+07,0,328996,0,0
85.1408,85.1408,3.84013,0,0,2.76837,2.76837,0,0.518692,4.6872,4.06315e+06,2.78055e+06,1.12483e+07,0,334966,0,0,62.338,61.3098,5.33287,0,0,1.31686,1.31686,0,1.01721,1.90512,8.44406e+06,3.71658e+06,1.11196e+07,0,329060,0,0
85.1408,85.1408,3.53437,0,0,2.69738,2.69738,0,0.518793,4.6872,4.06315e+06,2.78055e+06,1.09599e+07,0,326376,0,0,62.338,61.3098,4.6725,0,0,1.25651,1.25651,0,1.0174,1.90512,8.44406e+06,3.71658e+06,1.06101e+07,0,313981,0,0
85.1408,85.1408,3.35176,0,0,2.69791,2.69791,0,0.50549,4.6872,4.06315e+06,2.78055e+06,1.0962e+07,0,326440,0,0,62.338,61.3098,4.54731,0,0,1.25676,1.25676,0,0.970783,1.90512,8.44406e+06,3.71658e+06,1.06121e+07,0,314042,0,0
85.1408,85.1408,4.49761,0,0,2.69843,2.69843,0,0.505588,4.6872,4.06315e+06,2.78055e+06,1.09641e+07,0,326503,0,0,62.338,61.3098,5.74229,0,0,1.257,1.257,0,0.970972,1.90512,8.44406e+06,3.71658e+06,1.06142e+07,0,314103,0,0
85.1408,85.1408,4.61156,0,0,2.69896,2.69896,0,0.505686,4.6872,4.06315e+06,2.78055e+06,1.09663e+07,0,326567,0,0,62.338,61.3098,6.86034,0,0,1.25725,1.25725,0,0.971161,1.90512,8.44406e+06,3.71658e+06,1.06163e+07,0,314164,0,0
85.1408,85.1408,4.13028,0,0,2.49618,2.49618,0,0.505785,4.6872,4.06315e+06,2.78055e+06,1.01424e+07,0,302031,0,0,62.338,61.3098,5.69182,0,0,1.13118,1.13118,0,0.97135,1.90512,8.44406e+06,3.71658e+06,9.55176e+06,0,282662,0,0
85.1408,85.1408,5.06268,0,0,2.49667,2.49667,0,0.467785,4.6872,4.06315e+06,2.78055e+06,1.01443e+07,0,302090,0,0,62.338,61.3098,4.35492,0,0,1.1314,1.1314,0,0.873951,1.90512,8.44406e+06,3.71658e+06,9.55362e+06,0,282718,0,0
85.1408,85.1408,5.04306,0,0,2.49715,2.49715,0,0.467876,4.6872,4.06315e+06,2.78055e+06,1.01463e+07,0,302149,0,0,62.338,61.3098,4.43235,0,0,1.13162,1.13162,0,0.874121,1.90512,8.44406e+06,3.71658e+06,9.55548e+06,0,282773,0,0
85.1408,85.1408,8.85591,0,0,2.49764,2.49764,0,0.467967,4.6872,4.06315e+06,2.78055e+06,1.01483e+07,0,302208,0,0,62.338,61.3098,10.3837,0,0,1.13184,1.13184,0,0.874291,1.90512,8.44406e+06,3.71658e+06,9.55734e+06,0,282828,0,0
85.1408,85.1408,6.36994,0,0,2.49813,2.49813,0,0.468058,4.6872,4.06315e+06,2.78055e+06,1.01503e+07,0,302267,0,0,62.338,61.3098,5.82564,0,0,1.13206,1.13206,0,0.874462,1.90512,8.44406e+06,3.71658e+06,9.5592e+06,0,282883,0,0
85.1408,85.1408,6.85246,0,0,2.57688,2.57688,0,0.468149,4.6872,4.06315e+06,2.78055e+06,1.04703e+07,0,311796,0,0,62.338,61.3098,4.90456,0,1,1.16889,1.16889,0,0.874632,1.90512,8.44406e+06,3.71658e+06,9.87018e+06,0,292085,0,0
85.1408,85.1408,9.53516,0,0,2.57736,2.57736,0,0.482907,4.6872,4.06315e+06,2.78055e+06,1.04722e+07,0,311854,0,0,62.338,61.3098,6.82849,0,1,1.16911,1.16911,0,0.903085,1.90512,8.44406e+06,3.71658e+06,9.87203e+06,0,292140,0,0
85.1408,85.1408,10.2762,0,0,2.57785,2.57785,0,0.482998,4.6872,4.06315e+06,2.78055e+06,1.04742e+07,0,311913,0,0,62.338,61.3098,6.54978,0,1,1.16933,1.16933,0,0.903255,1.90512,8.44406e+06,3.71658e+06,9.87389e+06,0,292195,0,0
85.1408,85.1408,8.06341,0,0,2.57833,2.57833,0,0.483089,4.6872,4.06315e+06,2.78055e+06,1.04762e+07,0,311971,0,0,62.338,61.3098,6.05783,0,1,1.16955,1.16955,0,0.903424,1.90512,8.44406e+06,3.71658e+06,9.87574e+06,0,292250,0,0
85.1408,85.1408,9.15771,0,0,2.83035,2.83035,0,0.483179,4.6872,4.06315e+06,2.78055e+06,1.15001e+07,0,342465,0,0,62.338,61.3098,6.7036,0,1,1.30731,1.30731,0,0.903594,1.90512,8.44406e+06,3.71658e+06,1.1039e+07,0,326674,0,0
85.1408,85.1408,6.3814,0,0,2.83088,2.83088,0,0.530407,4.6872,4.06315e+06,2.78055e+06,1.15023e+07,0,342529,0,0,62.338,61.3098,4.66025,0,1,1.30755,1.30755,0,1.01003,1.90512,8.44406e+06,3.71658e+06,1.10411e+07,0,326735,0,0
85.1408,85.1408,9.4384,0,0,2.83141,2.83141,0,0.530507,4.6872,4.06315e+06,2.78055e+06,1.15045e+07,0,342593,0,0,62.338,61.3098,6.82989,0,1,1.3078,1.3078,0,1.01022,1.90512,8.44406e+06,3.71658e+06,1.10431e+07,0,326796,0,0
85.1408,85.1408,8.25968,0,0,2.83194,2.83194,0,0.530607,4.6872,4.06315e+06,2.78055e+06,1.15066e+07,0,342657,0,0,62.338,61.3098,7.38217,0,1,1.30805,1.30805,0,1.01041,1.90512,8.44406e+06,3.71658e+06,1.10452e+07,0,326858,0,0
85.1408,85.1408,7.38373,0,0,2.47344,2.47344,0,0.530706,4.6872,4.06315e+06,2.78055e+06,1.005e+07,0,299280,0,0,62.338,61.3098,5.30068,0,1,1.12357,1.12357,0,1.0106,1.90512,8.44406e+06,3.71658e+06,9.48751e+06,0,280761,0,0
85.1408,85.1408,10.0732,0,0,2.47391,2.47391,0,0.463523,4.6872,4.06315e+06,2.78055e+06,1.00519e+07,0,299336,0,0,62.338,61.3098,9.75838,0,1,1.12378,1.12378,0,0.868072,1.90512,8.44406e+06,3.71658e+06,9.48929e+06,0,280814,0,0
85.1408,85.1408,9.48012,0,0,2.47437,2.47437,0,0.46361,4.6872,4.06315e+06,2.78055e+06,1.00537e+07,0,299392,0,0,62.338,61.3098,6.38899,0,1,1.12399,1.12399,0,0.868235,1.90512,8.44406e+06,3.71658e+06,9.49107e+06,0,280867,0,0
85.1408,85.1408,13.8322,0,0,2.47483,2.47483,0,0.463697,4.6872,4.06315e+06,2.78055e+06,1.00556e+07,0,299448,0,0,62.338,61.3098,14.1607,0,1,1.12421,1.12421,0,0.868398,1.90512,8.44406e+06,3.71658e+06,9.49286e+06,0,280919,0,0
85.1408,85.1408,15.961,0,0,2.4753,2.4753,0,0.463784,4.6872,4.06315e+06,2.78055e+06,1.00575e+07,0,299505,0,0,62.338,61.3098,11.1023,0,1,1.12442,1.12442,0,0.868561,1.90512,8.44406e+06,3.71658e+06,9.49464e+06,0,280972,0,0
85.1408,85.1408,10.8423,0,0,2.56622,2.56622,0,0.463871,4.6872,4.06315e+06,2.78055e+06,1.0427e+07,0,310506,0,0,62.338,61.3098,8.08375,0,1,1.16986,1.16986,0,0.868725,1.90512,8.44406e+06,3.71658e+06,9.87836e+06,0,292327,0,0
85.1408,85.1408,11.1607,0,0,2.56671,2.56671,0,0.48091,4.6872,4.06315e+06,2.78055e+06,1.04289e+07,0,310564,0,0,62.338,61.3098,9.20655,0,1,1.17008,1.17008,0,0.903834,1.90512,8.44406e+06,3.71658e+06,9.88022e+06,0,292382,0,0
85.1408,85.1408,8.22213,0,0,2.56719,2.56719,0,0.481001,4.6872,4.06315e+06,2.78055e+06,1.04309e+07,0,310623,0,0,62.338,61.3098,8.68327,0,1,1.1703,1.1703,0,0.904003,1.90512,8.44406e+06,3.71658e+06,9.88207e+06,0,292437,0,0
85.1408,85.1408,6.97128,0,0,2.56767,2.56767,0,0.481091,4.6872,4.06315e+06,2.78055e+06,1.04328e+07,0,310681,0,0,62.338,61.3098,6.63517,0,1,1.17052,1.17052,0,0.904173,1.90512,8.44406e+06,3.71658e+06,9.88393e+06,0,292492,0,0
85.1408,85.1408,6.17797,0,0,2.53276,2.53276,0,0.481181,4.6872,4.06315e+06,2.78055e+06,1.0291e+07,0,306457,0,0,62.338,61.3098,6.14203,0,1,1.15316,1.15316,0,0.904343,1.90512,8.44406e+06,3.71658e+06,9.73733e+06,0,288154,0,0
85.1408,85.1408,6.19443,0,0,2.53323,2.53323,0,0.474639,4.6872,4.06315e+06,2.78055e+06,1.02929e+07,0,306514,0,0,62.338,61.3098,4.32907,0,1,1.15337,1.15337,0,0.89093,1.90512,8.44406e+06,3.71658e+06,9.73916e+06,0,288208,0,0
85.1408,85.1408,5.75864,0,0,2.53371,2.53371,0,0.474728,4.6872,4.06315e+06,2.78055e+06,1.02948e+07,0,306572,0,0,62.338,61.3098,3.93672,0,1,1.15359,1.15359,0,0.891097,1.90512,8.44406e+06,3.71658e+06,9.74099e+06,0,288262,0,0
85.1408,85.1408,5.2618,0,0,2.53418,2.53418,0,0.474817,4.6872,4.06315e+06,2.78055e+06,1.02968e+07,0,306629,0,0,62.338,61.3098,3.72088,0,1,1.15381,1.15381,0,0.891265,1.90512,8.44406e+06,3.71658e+06,9.74282e+06,0,288317,0,0
85.1408,85.1408,5.03831,0,0,2.6549,2.6549,0,0.474906,4.6872,4.06315e+06,2.78055e+06,1.07872e+07,0,321235,0,0,62.338,61.3098,3.72471,0,1,1.21642,1.21642,0,0.891432,1.90512,8.44406e+06,3.71658e+06,1.02715e+07,0,303962,0,0
85.1408,85.1408,5.32633,0,0,2.6554,2.6554,0,0.497528,4.6872,4.06315e+06,2.78055e+06,1.07893e+07,0,321296,0,0,62.338,61.3098,4.19913,0,1,1.21665,1.21665,0,0.939804,1.90512,8.44406e+06,3.71658e+06,1.02734e+07,0,304019,0,0
85.1408,85.1408,5.04325,0,0,2.65589,2.65589,0,0.497621,4.6872,4.06315e+06,2.78055e+06,1.07913e+07,0,321356,0,0,62.338,61.3098,3.68482,0,1,1.21687,1.21687,0,0.939981,1.90512,8.44406e+06,3.71658e+06,1.02754e+07,0,304076,0,0
85.1408,85.1408,4.70762,0,0,2.65639,2.65639,0,0.497715,4.6872,4.06315e+06,2.78055e+06,1.07933e+07,0,321417,0,0,62.338,61.3098,3.29704,0,1,1.2171,1.2171,0,0.940158,1.90512,8.44406e+06,3.71658e+06,1.02773e+07,0,304133,0,0
85.1408,85.1408,4.45502,0,0,2.65689,2.65689,0,0.497808,4.6872,4.06315e+06,2.78055e+06,1.07954e+07,0,321477,0,0,62.338,61.3098,2.96571,0,1,1.21733,1.21733,0,0.940334,1.90512,8.44406e+06,3.71658e+06,1.02792e+07,0,304190,0,0
85.1408,85.1408,3.81806,0,0,2.63359,2.63359,0,0.497902,4.6872,4.06315e+06,2.78055e+06,1.07007e+07,0,318658,0,0,62.338,61.3098,2.81319,0,1,1.25189,1.25189,0,0.940511,1.90512,8.44406e+06,3.71658e+06,1.0571e+07,0,312824,0,0
85.1408,85.1408,3.39972,0,0,2.63409,2.63409,0,0.493535,4.6872,4.06315e+06,2.78055e+06,1.07027e+07,0,318717,0,0,62.338,61.3098,2.62119,0,1,1.25212,1.25212,0,0.967207,1.90512,8.44406e+06,3.71658e+06,1.0573e+07,0,312883,0,0
85.1408,85.1408,3.12116,0,0,2.63458,2.63458,0,0.493628,4.6872,4.06315e+06,2.78055e+06,1.07047e+07,0,318777,0,0,62.338,61.3098,2.6316,0,1,1.25236,1.25236,0,0.967388,1.90512,8.44406e+06,3.71658e+06,1.0575e+07,0,312942,0,0
85.1182,85.1408,2.85724,0,0,2.63508,2.63508,0,0.493721,4.6872,4.06315e+06,2.78055e+06,1.07067e+07,0,318837,0,0,62.338,61.3098,2.31898,0,1,1.25259,1.25259,0,0.96757,1.90512,8.44406e+06,3.71658e+06,1.05769e+07,0,313001,0,0
84.8787,85.1408,2.66433,0,0,2.69708,2.69708,0,0.493813,4.6872,4.06315e+06,2.78055e+06,1.09586e+07,0,326340,0,0,62.338,61.3098,2.32649,0,1,1.28344,1.28344,0,0.967752,1.90512,8.44406e+06,3.71658e+06,1.08374e+07,0,320709,0,0
84.7512,85.1408,2.76861,0,0,2.69759,2.69759,0,0.505433,4.6872,4.06315e+06,2.78055e+06,1.09607e+07,0,326401,0,0,62.338,61.3098,2.35348,0,1,1.28368,1.28368,0,0.991586,1.90512,8.44406e+06,3.71658e+06,1.08395e+07,0,320769,0,0
84.5112,85.1408,2.63721,0,0,2.69809,2.69809,0,0.505528,4.6872,4.06315e+06,2.78055e+06,1.09628e+07,0,326462,0,0,62.338,61.3098,2.44379,0,1,1.28392,1.28392,0,0.991772,1.90512,8.44406e+06,3.71658e+06,1.08415e+07,0,320830,0,0
84.5547,85.1408,2.92695,0,0,2.6986,2.6986,0,0.505623,4.6872,4.06315e+06,2.78055e+06,1.09648e+07,0,326524,0,0,62.338,61.3098,2.60007,0,1,1.28416,1.28416,0,0.991959,1.90512,8.44406e+06,3.71658e+06,1.08436e+07,0,320890,0,0
84.1869,85.1408,2.68405,0,0,2.87937,2.87937,0,0.505718,4.6872,4.06315e+06,2.78055e+06,1.16993e+07,0,348396,0,0,62.338,61.3098,2.23217,0,1,1.39499,1.39499,0,0.992145,1.90512,8.44406e+06,3.71658e+06,1.17793e+07,0,348583,0,0
83.3609,85.1408,2.20521,0,0,2.87991,2.87991,0,0.539594,4.6872,4.06315e+06,2.78055e+06,1.17015e+07,0,348462,0,0,62.338,61.3098,2.17854,0,1,1.39525,1.39525,0,1.07777,1.90512,8.44406e+06,3.71658e+06,1.17816e+07,0,348648,0,0
82.2187,85.1408,1.8745,0,0,2.88045,2.88045,0,0.539696,4.6872,4.06315e+06,2.78055e+06,1.17037e+07,0,348527,0,0,62.309,61.3098,1.98005,0,1,1.39551,1.39551,0,1.07797,1.90512,8.44406e+06,3.71658e+06,1.17838e+07,0,348714,0,0
81.234,85.1408,2.02009,0,0,2.881,2.881,0,0.539797,4.6872,4.06315e+06,2.78055e+06,1.17059e+07,0,348593,0,0,62.2872,61.3098,1.99758,0,1,1.39577,1.39577,0,1.07817,1.90512,8.44406e+06,3.71658e+06,1.1786e+07,0,348779,0,0
81.2766,85.1408,3.1284,0,0,2.88154,2.88154,0,0.539899,4.6872,4.06315e+06,2.78055e+06,1.17081e+07,0,348658,0,0,62.338,61.3098,2.39718,0,1,1.39604,1.39604,0,1.07837,1.90512,8.44406e+06,3.71658e+06,1.17882e+07,0,348845,0,0
82.046,85.1408,3.80308,0,0,2.79414,2.79414,0,0.54,4.6872,4.06315e+06,2.78055e+06,1.1353e+07,0,338084,0,0,61.7329,61.3098,2.0738,0,1,1.32912,1.32912,0,1.07858,1.90512,8.44406e+06,3.71658e+06,1.12231e+07,0,332123,0,0
81.7148,85.1408,2.69734,0,0,2.79467,2.79467,0,0.523622,4.6872,4.06315e+06,2.78055e+06,1.13552e+07,0,338147,0,0,61.5119,61.3098,1.143,0,1,1.32937,1.32937,0,1.02688,1.90512,8.44406e+06,3.71658e+06,1.12252e+07,0,332185,0,0
80.9767,85.1408,2.2772,0,0,2.79519,2.79519,0,0.523721,4.6872,4.06315e+06,2.78055e+06,1.13573e+07,0,338211,0,0,61.0116,61.3098,1.82326,0,1,1.32962,1.32962,0,1.02707,1.90512,8.44406e+06,3.71658e+06,1.12274e+07,0,332248,0,0
79.9306,85.1408,1.96443,0,0,2.79572,2.79572,0,0.523819,4.6872,4.06315e+06,2.78055e+06,1.13594e+07,0,338275,0,0,60.1725,61.3098,1.0126,0,1,1.32987,1.32987,0,1.02726,1.90512,8.44406e+06,3.71658e+06,1.12295e+07,0,332310,0,0
79.0135,85.1408,2.04042,0,0,2.72401,2.72401,0,0.523918,4.6872,4.06315e+06,2.78055e+06,1.10681e+07,0,329598,0,0,59.6657,61.3098,0.978954,0,1,1.26892,1.26892,0,1.02745,1.90512,8.44406e+06,3.71658e+06,1.07148e+07,0,317080,0,0
78.5434,85.1408,2.54878,0,0,2.72452,2.72452,0,0.51048,4.6872,4.06315e+06,2.78055e+06,1.10701e+07,0,329660,0,0,59.677,61.3098,1.28905,0,1,1.26916,1.26916,0,0.980366,1.90512,8.44406e+06,3.71658e+06,1.07168e+07,0,317140,0,0
80.5588,85.1408,5.10666,0,0,2.72504,2.72504,0,0.510576,4.6872,4.06315e+06,2.78055e+06,1.10722e+07,0,329722,0,0,60.1832,61.3098,2.82836,0,1,1.2694,1.2694,0,0.98055,1.90512,8.44406e+06,3.71658e+06,1.07188e+07,0,317200,0,0
80.9124,85.1408,3.38164,0,0,2.72555,2.72555,0,0.510672,4.6872,4.06315e+06,2.78055e+06,1.10743e+07,0,329784,0,0,60.6572,61.3098,2.85555,0,1,1.26963,1.26963,0,0.980735,1.90512,8.44406e+06,3.71658e+06,1.07209e+07,0,317259,0,0
82.8957,85.1408,5.01297,0,0,2.52076,2.52076,0,0.510768,4.6872,4.06315e+06,2.78055e+06,1.02422e+07,0,305005,0,0,61.0555,61.3098,2.21144,0,1,1.14232,1.14232,0,0.980919,1.90512,8.44406e+06,3.71658e+06,9.6458e+06,0,285445,0,0
85.1408,85.1408,5.83641,0,0,2.52123,2.52123,0,0.47239,4.6872,4.06315e+06,2.78055e+06,1.02441e+07,0,305062,0,0,61.7111,61.3098,3.09048,0,1,1.14253,1.14253,0,0.882555,1.90512,8.44406e+06,3.71658e+06,9.64761e+06,0,285499,0,0
85.1408,85.1408,6.00351,0,0,2.52171,2.52171,0,0.472479,4.6872,4.06315e+06,2.78055e+06,1.02461e+07,0,305120,0,0,62.338,61.3098,3.86415,0,1,1.14275,1.14275,0,0.882721,1.90512,8.44406e+06,3.71658e+06,9.64943e+06,0,285553,0,0
85.1408,85.1408,6.63063,0,0,2.52218,2.52218,0,0.472568,4.6872,4.06315e+06,2.78055e+06,1.0248e+07,0,305177,0,0,62.338,61.3098,3.75,0,1,1.14296,1.14296,0,0.882887,1.90512,8.44406e+06,3.71658e+06,9.65124e+06,0,285606,0,0
85.1408,85.1408,7.65642,0,0,2.52265,2.52265,0,0.472656,4.6872,4.06315e+06,2.78055e+06,1.02499e+07,0,305234,0,0,62.338,61.3098,4.41163,0,1,1.14318,1.14318,0,0.883053,1.90512,8.44406e+06,3.71658e+06,9.65305e+06,0,285660,0,0
85.1408,85.1408,7.11712,0,0,2.60216,2.60216,0,0.472745,4.6872,4.06315e+06,2.78055e+06,1.0573e+07,0,314855,0,0,62.338,61.3098,3.17019,0,1,1.18036,1.18036,0,0.883219,1.90512,8.44406e+06,3.71658e+06,9.96702e+06,0,294951,0,0
85.1408,85.1408,6.6969,0,0,2.60264,2.60264,0,0.487645,4.6872,4.06315e+06,2.78055e+06,1.05749e+07,0,314912,0,0,62.338,61.3098,4.01124,0,1,1.18057,1.18057,0,0.911946,1.90512,8.44406e+06,3.71658e+06,9.96883e+06,0,295005,0,0
85.1408,85.1408,3.49597,0,0,2.60311,2.60311,0,0.487734,4.6872,4.06315e+06,2.78055e+06,1.05768e+07,0,314969,0,0,62.338,61.3098,2.68946,0,1,1.18079,1.18079,0,0.912111,1.90512,8.44406e+06,3.71658e+06,9.97063e+06,0,295058,0,0
84.9662,85.1408,2.89014,0,0,2.60358,2.60358,0,0.487822,4.6872,4.06315e+06,2.78055e+06,1.05787e+07,0,315026,0,0,62.338,61.3098,2.32389,0,1,1.181,1.181,0,0.912276,1.90512,8.44406e+06,3.71658e+06,9.97244e+06,0,295112,0,0
84.7173,85.1408,3.07717,0,0,2.85804,2.85804,0,0.487911,4.6872,4.06315e+06,2.78055e+06,1.16127e+07,0,345815,0,0,62.338,61.3098,2.59125,0,1,1.3201,1.3201,0,0.912442,1.90512,8.44406e+06,3.71658e+06,1.1147e+07,0,329870,0,0
85.1408,85.1408,7.84392,0,0,2.85856,2.85856,0,0.535597,4.6872,4.06315e+06,2.78055e+06,1.16148e+07,0,345878,0,0,62.338,61.3098,4.86984,0,1,1.32034,1.32034,0,1.01991,1.90512,8.44406e+06,3.71658e+06,1.1149e+07,0,329930,0,0
85.1408,85.1408,7.07662,0,0,2.85908,2.85908,0,0.535694,4.6872,4.06315e+06,2.78055e+06,1.16169e+07,0,345941,0,0,62.338,61.3098,3.71873,0,1,1.32058,1.32058,0,1.02009,1.90512,8.44406e+06,3.71658e+06,1.1151e+07,0,329990,0,0
85.1408,85.1408,6.05029,0,0,2.8596,2.8596,0,0.535791,4.6872,4.06315e+06,2.78055e+06,1.1619e+07,0,346004,0,0,62.338,61.3098,3.09511,0,1,1.32082,1.32082,0,1.02028,1.90512,8.44406e+06,3.71658e+06,1.11531e+07,0,330050,0,0
85.1408,85.1408,8.2192,0,0,2.49758,2.49758,0,0.535888,4.6872,4.06315e+06,2.78055e+06,1.0148e+07,0,302200,0,0,62.338,61.3098,5.0376,0,1,1.13454,1.13454,0,1.02046,1.90512,8.44406e+06,3.71658e+06,9.58009e+06,0,283501,0,0
85.1408,85.1408,5.92798,0,0,2.49803,2.49803,0,0.468046,4.6872,4.06315e+06,2.78055e+06,1.01499e+07,0,302255,0,0,62.338,61.3098,3.89091,0,1,1.13474,1.13474,0,0.876543,1.90512,8.44406e+06,3.71658e+06,9.58183e+06,0,283552,0,0
85.1408,85.1408,4.50377,0,0,2.49848,2.49848,0,0.468131,4.6872,4.06315e+06,2.78055e+06,1.01517e+07,0,302310,0,0,62.338,61.3098,3.05599,0,1,1.13495,1.13495,0,0.876702,1.90512,8.44406e+06,3.71658e+06,9.58356e+06,0,283604,0,0
85.1408,85.1408,4.87564,0,0,2.49894,2.49894,0,0.468216,4.6872,4.06315e+06,2.78055e+06,1.01536e+07,0,302364,0,0,62.338,61.3098,3.30801,0,1,1.13515,1.13515,0,0.876861,1.90512,8.44406e+06,3.71658e+06,9.5853e+06,0,283655,0,0
85.1408,85.1408,7.7015,0,0,2.49939,2.49939,0,0.468301,4.6872,4.06315e+06,2.78055e+06,1.01554e+07,0,302419,0,0,62.338,61.3098,5.97375,0,1,1.13536,1.13536,0,0.87702,1.90512,8.44406e+06,3.71658e+06,9.58704e+06,0,283706,0,0
85.1408,85.1408,7.20103,0,0,2.59118,2.59118,0,0.468385,4.6872,4.06315e+06,2.78055e+06,1.05284e+07,0,313526,0,0,62.338,61.3098,4.4535,0,1,1.18124,1.18124,0,0.877179,1.90512,8.44406e+06,3.71658e+06,9.97443e+06,0,295170,0,0
85.1408,85.1408,8.14371,0,0,2.59165,2.59165,0,0.485587,4.6872,4.06315e+06,2.78055e+06,1.05303e+07,0,313583,0,0,62.338,61.3098,4.8703,0,1,1.18145,1.18145,0,0.912623,1.90512,8.44406e+06,3.71658e+06,9.97624e+06,0,295224,0,0
85.1408,85.1408,9.61752,0,0,2.59212,2.59212,0,0.485675,4.6872,4.06315e+06,2.78055e+06,1.05322e+07,0,313639,0,0,62.338,61.3098,6.86778,0,1,1.18166,1.18166,0,0.912789,1.90512,8.44406e+06,3.71658e+06,9.97804e+06,0,295277,0,0
85.1408,85.1408,6.88469,0,0,2.59259,2.59259,0,0.485763,4.6872,4.06315e+06,2.78055e+06,1.05341e+07,0,313696,0,0,62.338,61.3098,4.11999,0,1,1.18188,1.18188,0,0.912954,1.90512,8.44406e+06,3.71658e+06,9.97985e+06,0,295331,0,0
85.1408,85.1408,5.9897,0,0,2.55732,2.55732,0,0.485851,4.6872,4.06315e+06,2.78055e+06,1.03908e+07,0,309429,0,0,62.338,61.3098,3.58527,0,1,1.16434,1.16434,0,0.91312,1.90512,8.44406e+06,3.71658e+06,9.83177e+06,0,290949,0,0
85.1408,85.1408,4.7329,0,0,2.55778,2.55778,0,0.479242,4.6872,4.06315e+06,2.78055e+06,1.03927e+07,0,309485,0,0,62.338,61.3098,3.17875,0,1,1.16455,1.16455,0,0.899571,1.90512,8.44406e+06,3.71658e+06,9.83355e+06,0,291001,0,0
85.1408,85.1408,4.19342,0,0,2.55825,2.55825,0,0.479329,4.6872,4.06315e+06,2.78055e+06,1.03945e+07,0,309541,0,0,62.338,61.3098,3.50979,0,1,1.16476,1.16476,0,0.899734,1.90512,8.44406e+06,3.71658e+06,9.83533e+06,0,291054,0,0
85.1408,85.1408,3.79734,0,0,2.55871,2.55871,0,0.479416,4.6872,4.06315e+06,2.78055e+06,1.03964e+07,0,309597,0,0,62.338,61.3098,2.91967,0,1,1.16498,1.16498,0,0.899897,1.90512,8.44406e+06,3.71658e+06,9.83712e+06,0,291107,0,0
85.1408,85.1408,4.5239,0,0,2.68057,2.68057,0,0.479502,4.6872,4.06315e+06,2.78055e+06,1.08916e+07,0,324342,0,0,62.338,61.3098,2.97828,0,1,1.22818,1.22818,0,0.90006,1.90512,8.44406e+06,3.71658e+06,1.03708e+07,0,306901,0,0
85.1408,85.1408,3.6446,0,0,2.68106,2.68106,0,0.50234,4.6872,4.06315e+06,2.78055e+06,1.08936e+07,0,324401,0,0,62.338,61.3098,2.93481,0,1,1.22841,1.22841,0,0.948894,1.90512,8.44406e+06,3.71658e+06,1.03727e+07,0,306957,0,0
85.1408,85.1408,3.42291,0,0,2.68155,2.68155,0,0.502431,4.6872,4.06315e+06,2.78055e+06,1.08955e+07,0,324460,0,0,62.338,61.3098,2.46966,0,1,1.22863,1.22863,0,0.949066,1.90512,8.44406e+06,3.71658e+06,1.03746e+07,0,307013,0,0
85.1408,85.1408,3.12051,0,0,2.68203,2.68203,0,0.502522,4.6872,4.06315e+06,2.78055e+06,1.08975e+07,0,324519,0,0,62.338,61.3098,1.94947,0,1,1.22885,1.22885,0,0.949238,1.90512,8.44406e+06,3.71658e+06,1.03765e+07,0,307068,0,0
84.8996,85.1408,2.74211,0,0,2.68252,2.68252,0,0.502613,4.6872,4.06315e+06,2.78055e+06,1.08995e+07,0,324578,0,0,62.338,61.3098,2.00494,0,1,1.22907,1.22907,0,0.94941,1.90512,8.44406e+06,3.71658e+06,1.03784e+07,0,307124,0,0
84.7426,85.1408,2.75616,0,0,2.65898,2.65898,0,0.502704,4.6872,4.06315e+06,2.78055e+06,1.08038e+07,0,321729,0,0,62.338,61.3098,2.25834,0,1,1.26395,1.26395,0,0.949582,1.90512,8.44406e+06,3.71658e+06,1.06729e+07,0,315839,0,0
84.6632,85.1408,2.80781,0,0,2.65946,2.65946,0,0.498292,4.6872,4.06315e+06,2.78055e+06,1.08058e+07,0,321787,0,0,62.338,61.3098,2.38631,0,1,1.26418,1.26418,0,0.976529,1.90512,8.44406e+06,3.71658e+06,1.06748e+07,0,315897,0,0
84.4534,85.1408,2.66172,0,0,2.65994,2.65994,0,0.498382,4.6872,4.06315e+06,2.78055e+06,1.08077e+07,0,321846,0,0,62.338,61.3098,2.1303,0,1,1.26441,1.26441,0,0.976706,1.90512,8.44406e+06,3.71658e+06,1.06767e+07,0,315954,0,0
84.165,85.1408,2.56471,0,0,2.66042,2.66042,0,0.498473,4.6872,4.06315e+06,2.78055e+06,1.08097e+07,0,321904,0,0,62.338,61.3098,2.02923,0,1,1.26464,1.26464,0,0.976883,1.90512,8.44406e+06,3.71658e+06,1.06787e+07,0,316011,0,0
84.0284,85.1408,2.75185,0,0,2.72301,2.72301,0,0.498563,4.6872,4.06315e+06,2.78055e+06,1.1064e+07,0,329476,0,0,62.338,61.3098,2.28484,0,1,1.29578,1.29578,0,0.97706,1.90512,8.44406e+06,3.71658e+06,1.09416e+07,0,323792,0,0
83.6225,85.1408,2.47656,0,0,2.7235,2.7235,0,0.510291,4.6872,4.06315e+06,2.78055e+06,1.1066e+07,0,329536,0,0,62.338,61.3098,1.95852,0,1,1.29601,1.29601,0,1.00112,1.90512,8.44406e+06,3.71658e+06,1.09436e+07,0,323851,0,0
83.059,85.1408,2.29213,0,0,2.72399,2.72399,0,0.510384,4.6872,4.06315e+06,2.78055e+06,1.1068e+07,0,329596,0,0,62.3061,61.3098,1.97957,0,1,1.29625,1.29625,0,1.0013,1.90512,8.44406e+06,3.71658e+06,1.09456e+07,0,323909,0,0
82.3358,85.1408,2.12398,0,0,2.72449,2.72449,0,0.510476,4.6872,4.06315e+06,2.78055e+06,1.107e+07,0,329656,0,0,62.2414,61.3098,1.76607,0,1,1.29648,1.29648,0,1.00148,1.90512,8.44406e+06,3.71658e+06,1.09476e+07,0,323968,0,0
81.5115,85.1408,2.16169,0,0,2.90697,2.90697,0,0.510569,4.6872,4.06315e+06,2.78055e+06,1.18115e+07,0,351736,0,0,62.1197,61.3098,1.99172,0,1,1.40836,1.40836,0,1.00166,1.90512,8.44406e+06,3.71658e+06,1.18923e+07,0,351924,0,0
81.0226,85.1408,2.4786,0,0,2.9075,2.9075,0,0.544766,4.6872,4.06315e+06,2.78055e+06,1.18136e+07,0,351799,0,0,61.8661,61.3098,2.01273,0,1,1.40861,1.40861,0,1.0881,1.90512,8.44406e+06,3.71658e+06,1.18944e+07,0,351988,0,0
80.0139,85.1408,1.97094,0,0,2.90803,2.90803,0,0.544865,4.6872,4.06315e+06,2.78055e+06,1.18157e+07,0,351863,0,0,61.5855,61.3098,1.52127,0,1,1.40887,1.40887,0,1.08829,1.90512,8.44406e+06,3.71658e+06,1.18966e+07,0,352052,0,0
79.2041,85.1408,2.14256,0,0,2.90855,2.90855,0,0.544964,4.6872,4.06315e+06,2.78055e+06,1.18179e+07,0,351927,0,0,61.4551,61.3098,2.01735,0,1,1.40912,1.40912,0,1.08849,1.90512,8.44406e+06,3.71658e+06,1.18987e+07,0,352116,0,0
78.2529,85.1408,1.9939,0,0,2.90908,2.90908,0,0.545063,4.6872,4.06315e+06,2.78055e+06,1.182e+07,0,351991,0,0,61.2304,61.3098,1.79318,0,1,1.40938,1.40938,0,1.08869,1.90512,8.44406e+06,3.71658e+06,1.19009e+07,0,352179,0,0
77.4981,85.1408,2.11654,0,0,2.82083,2.82083,0,0.545162,4.6872,4.06315e+06,2.78055e+06,1.14615e+07,0,341313,0,0,61.1077,61.3098,1.73082,0,1,1.34181,1.34181,0,1.08889,1.90512,8.44406e+06,3.71658e+06,1.13303e+07,0,335295,0,0
77.2361,85.1408,2.68836,0,0,2.82134,2.82134,0,0.528624,4.6872,4.06315e+06,2.78055e+06,1.14635e+07,0,341375,0,0,61.0325,61.3098,1.75724,0,1,1.34206,1.34206,0,1.03668,1.90512,8.44406e+06,3.71658e+06,1.13324e+07,0,335356,0,0
76.6289,85.1408,2.32136,0,0,2.82186,2.82186,0,0.52872,4.6872,4.06315e+06,2.78055e+06,1.14656e+07,0,341437,0,0,61.1847,61.3098,2.88732,0,1,1.3423,1.3423,0,1.03687,1.90512,8.44406e+06,3.71658e+06,1.13344e+07,0,335417,0,0
75.7361,85.1408,2.03549,0,0,2.82237,2.82237,0,0.528816,4.6872,4.06315e+06,2.78055e+06,1.14677e+07,0,341499,0,0,60.9094,61.3098,1.66051,0,1,1.34254,1.34254,0,1.03706,1.90512,8.44406e+06,3.71658e+06,1.13365e+07,0,335478,0,0
74.8577,85.1408,1.97199,0.01,0,2.74996,2.74996,0,0.528912,4.6872,4.06315e+06,2.78055e+06,1.11735e+07,0,332738,0,0,60.7043,61.3098,1.52277,0,1,1.281,1.281,0,1.03725,1.90512,8.44406e+06,3.71658e+06,1.08169e+07,0,320101,0,0
73.1825,85.1408,1.31054,0,0,2.75046,2.75046,0,0.515342,4.6872,4.06315e+06,2.78055e+06,1.11755e+07,0,332798,0,0,59.9943,61.3098,1.59564,0,1,1.28124,1.28124,0,0.989704,1.90512,8.44406e+06,3.71658e+06,1.08188e+07,0,320159,0,0
71.0874,85.1408,0.845938,0,0,2.75096,2.75096,0,0.515436,4.6872,4.06315e+06,2.78055e+06,1.11775e+07,0,332858,0,0,59.6706,61.3098,0.905936,0,1,1.28147,1.28147,0,0.989884,1.90512,8.44406e+06,3.71658e+06,1.08208e+07,0,320217,0,0
69.8868,85.1408,1.76596,0,0,2.75145,2.75145,0,0.515529,4.6872,4.06315e+06,2.78055e+06,1.11796e+07,0,332919,0,0,59.7168,61.3098,1.70816,0,1,1.2817,1.2817,0,0.990063,1.90512,8.44406e+06,3.71658e+06,1.08228e+07,0,320275,0,0
70.69,85.1408,3.76691,0,0,2.5447,2.5447,0,0.515623,4.6872,4.06315e+06,2.78055e+06,1.03395e+07,0,307902,0,0,60.4614,61.3098,3.9141,0,1,1.15317,1.15317,0,0.990243,1.90512,8.44406e+06,3.71658e+06,9.73742e+06,0,288157,0,0
70.7814,85.1408,3.05943,0,0,2.54516,2.54516,0,0.476877,4.6872,4.06315e+06,2.78055e+06,1.03414e+07,0,307958,0,0,60.8377,61.3098,2.81158,0,1,1.15338,1.15338,0,0.890938,1.90512,8.44406e+06,3.71658e+06,9.73918e+06,0,288209,0,0
70.8854,85.1408,3.17502,0,0,2.54562,2.54562,0,0.476963,4.6872,4.06315e+06,2.78055e+06,1.03433e+07,0,308014,0,0,61.2997,61.3098,3.2362,0,1,1.15359,1.15359,0,0.8911,1.90512,8.44406e+06,3.71658e+06,9.74095e+06,0,288261,0,0
71.0769,85.1408,3.19639,0,0,2.54609,2.54609,0,0.47705,4.6872,4.06315e+06,2.78055e+06,1.03451e+07,0,308070,0,0,61.6989,61.3098,3.137,0,1,1.1538,1.1538,0,0.891261,1.90512,8.44406e+06,3.71658e+06,9.74272e+06,0,288313,0,0
73.04,85.1408,5.1808,0,0,2.54655,2.54655,0,0.477136,4.6872,4.06315e+06,2.78055e+06,1.0347e+07,0,308125,0,0,62.2106,61.3098,3.25024,0,1,1.15401,1.15401,0,0.891423,1.90512,8.44406e+06,3.71658e+06,9.74449e+06,0,288366,0,0
73.6226,85.1408,3.66858,0,0,2.54655,2.54655,0,0.477223,4.6872,4.06315e+06,2.78055e+06,1.0347e+07,0,308125,0,0,62.1391,61.3098,2.85324,0,1,1.15401,1.15401,0,0.891585,1.90512,8.44406e+06,3.71658e+06,9.74449e+06,0,288366,0,0
72.7278,85.1408,1.98978,0,0,2.62679,2.62679,0,0.477223,4.6872,4.06315e+06,2.78055e+06,1.06731e+07,0,317835,0,0,62.1967,61.3098,1.89403,0,1,1.19153,1.19153,0,0.891585,1.90512,8.44406e+06,3.71658e+06,1.00614e+07,0,297743,0,0
71.6577,85.1408,1.85672,0,0,2.62725,2.62725,0,0.492261,4.6872,4.06315e+06,2.78055e+06,1.06749e+07,0,317890,0,0,62.338,61.3098,2.35211,0,1,1.19174,1.19174,0,0.920578,1.90512,8.44406e+06,3.71658e+06,1.00631e+07,0,297795,0,0
72.0152,85.1408,3.3893,0,0,2.62771,2.62771,0,0.492347,4.6872,4.06315e+06,2.78055e+06,1.06768e+07,0,317946,0,0,62.338,61.3098,3.88111,0,1,1.19195,1.19195,0,0.920738,1.90512,8.44406e+06,3.71658e+06,1.00649e+07,0,297847,0,0
71.2772,85.1408,2.18215,0,0,2.62817,2.62817,0,0.492433,4.6872,4.06315e+06,2.78055e+06,1.06787e+07,0,318001,0,0,61.964,61.3098,2.76552,0,1,1.19216,1.19216,0,0.920899,1.90512,8.44406e+06,3.71658e+06,1.00666e+07,0,297899,0,0
69.8331,85.1408,1.66448,0,0,2.88502,2.88502,0,0.492519,4.6872,4.06315e+06,2.78055e+06,1.17223e+07,0,349080,0,0,62.0855,61.3098,1.97682,0,1,1.33256,1.33256,0,0.92106,1.90512,8.44406e+06,3.71658e+06,1.12522e+07,0,332984,0,0
68.3182,85.1408,1.57729,0,0,2.88552,2.88552,0,0.540653,4.6872,4.06315e+06,2.78055e+06,1.17243e+07,0,349140,0,0,62.2004,61.3098,2.08586,0,1,1.33279,1.33279,0,1.02954,1.90512,8.44406e+06,3.71658e+06,1.12542e+07,0,333042,0,0
67.261,85.1408,2.05656,0,0,2.88603,2.88603,0,0.540747,4.6872,4.06315e+06,2.78055e+06,1.17264e+07,0,349201,0,0,62.0796,61.3098,2.3619,0,1,1.33303,1.33303,0,1.02972,1.90512,8.44406e+06,3.71658e+06,1.12561e+07,0,333100,0,0
66.365,85.1408,2.21321,0.01,0,2.88653,2.88653,0,0.540841,4.6872,4.06315e+06,2.78055e+06,1.17284e+07,0,349262,0,0,62.338,61.3098,2.27909,0,1,1.33326,1.33326,0,1.0299,1.90512,8.44406e+06,3.71658e+06,1.12581e+07,0,333158,0,0
66.7001,85.1408,3.25102,0.01,0,2.52108,2.52108,0,0.540936,4.6872,4.06315e+06,2.78055e+06,1.02435e+07,0,305044,0,0,62.338,61.3098,3.16918,0,1,1.14521,1.14521,0,1.03008,1.90512,8.44406e+06,3.71658e+06,9.67026e+06,0,286169,0,0
67.8685,85.1408,4.11744,0.01,0,2.52152,2.52152,0,0.472451,4.6872,4.06315e+06,2.78055e+06,1.02453e+07,0,305098,0,0,62.338,61.3098,3.69808,0,1,1.14541,1.14541,0,0.884793,1.90512,8.44406e+06,3.71658e+06,9.67195e+06,0,286219,0,0
68.5754,85.1408,3.64287,0.01,0,2.52196,2.52196,0,0.472534,4.6872,4.06315e+06,2.78055e+06,1.02471e+07,0,305151,0,0,62.338,61.3098,3.40483,0,1,1.14561,1.14561,0,0.884948,1.90512,8.44406e+06,3.71658e+06,9.67364e+06,0,286269,0,0
68.4863,85.1408,2.83025,0,0,2.52241,2.52241,0,0.472616,4.6872,4.06315e+06,2.78055e+06,1.02489e+07,0,305204,0,0,62.338,61.3098,3.52703,0,1,1.14582,1.14582,0,0.885102,1.90512,8.44406e+06,3.71658e+06,9.67533e+06,0,286319,0,0
68.9183,85.1408,3.38027,0,0,2.52285,2.52285,0,0.472699,4.6872,4.06315e+06,2.78055e+06,1.02507e+07,0,305258,0,0,62.338,61.3098,4.2896,0,1,1.14602,1.14602,0,0.885257,1.90512,8.44406e+06,3.71658e+06,9.67701e+06,0,286369,0,0
68.6597,85.1408,2.74123,0,0,2.61548,2.61548,0,0.472781,4.6872,4.06315e+06,2.78055e+06,1.06271e+07,0,316466,0,0,62.1626,61.3098,3.79493,0,1,1.19232,1.19232,0,0.885411,1.90512,8.44406e+06,3.71658e+06,1.0068e+07,0,297939,0,0
67.8372,85.1408,2.14433,0,0,2.61594,2.61594,0,0.490141,4.6872,4.06315e+06,2.78055e+06,1.0629e+07,0,316522,0,0,62.0292,61.3098,2.39679,0,1,1.19252,1.19252,0,0.921183,1.90512,8.44406e+06,3.71658e+06,1.00697e+07,0,297991,0,0
66.867,85.1408,1.95304,0.01,0,2.6164,2.6164,0,0.490227,4.6872,4.06315e+06,2.78055e+06,1.06308e+07,0,316577,0,0,61.9353,61.3098,2.12184,0,1,1.19273,1.19273,0,0.921343,1.90512,8.44406e+06,3.71658e+06,1.00715e+07,0,298043,0,0
65.8596,85.1408,1.85573,0.01,0,2.61685,2.61685,0,0.490313,4.6872,4.06315e+06,2.78055e+06,1.06327e+07,0,316632,0,0,61.9372,61.3098,2.00022,0,1,1.19294,1.19294,0,0.921504,1.90512,8.44406e+06,3.71658e+06,1.00733e+07,0,298095,0,0
64.8889,85.1408,1.82156,0.01,0,2.58124,2.58124,0,0.490398,4.6872,4.06315e+06,2.78055e+06,1.0488e+07,0,312323,0,0,61.6887,61.3098,1.72628,0,1,1.17523,1.17523,0,0.921665,1.90512,8.44406e+06,3.71658e+06,9.92372e+06,0,293670,0,0
63.8626,85.1408,1.68591,0.01,0,2.58169,2.58169,0,0.483724,4.6872,4.06315e+06,2.78055e+06,1.04898e+07,0,312377,0,0,61.634,61.3098,1.58906,0,1,1.17544,1.17544,0,0.907983,1.90512,8.44406e+06,3.71658e+06,9.92545e+06,0,293721,0,0
62.8102,85.1408,1.64648,0.01,0,2.58214,2.58214,0,0.483808,4.6872,4.06315e+06,2.78055e+06,1.04916e+07,0,312432,0,0,61.4664,61.3098,1.80401,0,1,1.17564,1.17564,0,0.908142,1.90512,8.44406e+06,3.71658e+06,9.92718e+06,0,293772,0,0
61.7573,85.1408,1.63348,0.01,0,2.58259,2.58259,0,0.483893,4.6872,4.06315e+06,2.78055e+06,1.04934e+07,0,312486,0,0,61.3641,61.3098,1.62437,0,1,1.17585,1.17585,0,0.908301,1.90512,8.44406e+06,3.71658e+06,9.92892e+06,0,293824,0,0
60.5139,85.1408,1.52808,0.01,0,2.70557,2.70557,0,0.483977,4.6872,4.06315e+06,2.78055e+06,1.09931e+07,0,327367,0,0,61.0923,61.3098,1.61809,0,1,1.23964,1.23964,0,0.908459,1.90512,8.44406e+06,3.71658e+06,1.04676e+07,0,309763,0,0
59.2495,85.1408,1.49098,0.01,0,2.70604,2.70604,0,0.507024,4.6872,4.06315e+06,2.78055e+06,1.09951e+07,0,327424,0,0,60.8507,61.3098,1.57278,0,1,1.23985,1.23985,0,0.957743,1.90512,8.44406e+06,3.71658e+06,1.04694e+07,0,309817,0,0
57.8581,85.1408,1.31908,0.01,0,2.70652,2.70652,0,0.507113,4.6872,4.06315e+06,2.78055e+06,1.0997e+07,0,327481,0,0,60.5109,61.3098,1.48146,0,1,1.24007,1.24007,0,0.95791,1.90512,8.44406e+06,3.71658e+06,1.04712e+07,0,309872,0,0
56.4401,85.1408,1.24616,0.01,0,2.70699,2.70699,0,0.507201,4.6872,4.06315e+06,2.78055e+06,1.09989e+07,0,327539,0,0,60.1389,61.3098,1.40887,0,1,1.24029,1.24029,0,0.958077,1.90512,8.44406e+06,3.71658e+06,1.0473e+07,0,309926,0,0
54.9419,85.1408,1.14106,0.01,0,2.70746,2.70746,0,0.50729,4.6872,4.06315e+06,2.78055e+06,1.10008e+07,0,327596,0,0,59.8814,61.3098,1.42666,0,1,1.2405,1.2405,0,0.958245,1.90512,8.44406e+06,3.71658e+06,1.04749e+07,0,309980,0,0
53.3494,85.1408,0.990708,0.01,0,2.68368,2.68368,0,0.507379,4.6872,4.06315e+06,2.78055e+06,1.09042e+07,0,324718,0,0,59.6729,61.3098,1.5934,0,1,1.2757,1.2757,0,0.958412,1.90512,8.44406e+06,3.71658e+06,1.0772e+07,0,318774,0,0
51.7076,85.1408,0.920875,0.01,0,2.68415,2.68415,0,0.502922,4.6872,4.06315e+06,2.78055e+06,1.09061e+07,0,324775,0,0,59.3443,61.3098,1.5578,0,1,1.27592,1.27592,0,0.985603,1.90512,8.44406e+06,3.71658e+06,1.07739e+07,0,318830,0,0
50.0094,85.1408,0.840496,0,0,2.68462,2.68462,0,0.50301,4.6872,4.06315e+06,2.78055e+06,1.0908e+07,0,324832,0,0,58.9489,61.3098,1.4269,0,1,1.27614,1.27614,0,0.985775,1.90512,8.44406e+06,3.71658e+06,1.07758e+07,0,318886,0,0
48.277,85.1408,0.767257,0.03,0,2.68509,2.68509,0,0.503098,4.6872,4.06315e+06,2.78055e+06,1.09099e+07,0,324889,0,0,58.4872,61.3098,1.36486,0,1,1.27636,1.27636,0,0.985947,1.90512,8.44406e+06,3.71658e+06,1.07777e+07,0,318941,0,0
46.5173,85.1408,0.752315,0.04,0,2.74823,2.74823,0,0.503186,4.6872,4.06315e+06,2.78055e+06,1.11665e+07,0,332529,0,0,58.0151,61.3098,1.37247,0,1,1.30778,1.30778,0,0.98612,1.90512,8.44406e+06,3.71658e+06,1.1043e+07,0,326792,0,0
44.726,85.1408,0.681824,0.04,0,2.74871,2.74871,0,0.515019,4.6872,4.06315e+06,2.78055e+06,1.11684e+07,0,332587,0,0,57.3883,61.3098,1.33824,0,1,1.30801,1.30801,0,1.01039,1.90512,8.44406e+06,3.71658e+06,1.10449e+07,0,326849,0,0
42.9188,85.1408,0.632202,0.04,0,2.7492,2.7492,0,0.515109,4.6872,4.06315e+06,2.78055e+06,1.11704e+07,0,332645,0,0,56.8422,61.3098,1.19564,0,1,1.30824,1.30824,0,1.01057,1.90512,8.44406e+06,3.71658e+06,1.10468e+07,0,326906,0,0
41.1623,85.1408,0.642651,0.04,0,2.74968,2.74968,0,0.515199,4.6872,4.06315e+06,2.78055e+06,1.11723e+07,0,332703,0,0,56.2918,61.3098,1.34763,0,1,1.30847,1.30847,0,1.01075,1.90512,8.44406e+06,3.71658e+06,1.10488e+07,0,326963,0,0
39.2908,85.1408,0.689275,0.05,0,2.93383,2.93383,0,0.515289,4.6872,4.06315e+06,2.78055e+06,1.19206e+07,0,354985,0,0,55.5701,61.3098,1.31408,0,1,1.42137,1.42137,0,1.01092,1.90512,8.44406e+06,3.71658e+06,1.20021e+07,0,355175,0,0
37.4435,85.1408,0.725976,0.05,0,2.93434,2.93434,0,0.549799,4.6872,4.06315e+06,2.78055e+06,1.19227e+07,0,355047,0,0,54.7806,61.3098,1.25102,0,1,1.42162,1.42162,0,1.09815,1.90512,8.44406e+06,3.71658e+06,1.20042e+07,0,355237,0,0
35.5914,85.1408,0.619792,0.06,0,2.82212,2.93485,0,0.549895,4.6872,4.06315e+06,2.78055e+06,1.14667e+07,0,355109,0,0,54.0377,61.3098,1.09936,0,1,1.5346,1.42187,0,1.09834,1.90512,8.44406e+06,3.71658e+06,1.29583e+07,0,355300,0,0
33.7992,85.1408,0.669418,0.06,0,2.82288,2.93537,0,0.528865,4.6872,4.06315e+06,2.78055e+06,1.14698e+07,0,355171,0,0,53.4692,61.3098,1.46478,0,1,1.5346,1.42211,0,1.18563,1.90512,8.44406e+06,3.71658e+06,1.29583e+07,0,355362,0,0
31.9529,85.1408,0.616767,0.1,0,2.82364,2.93588,0,0.529008,4.6872,4.06315e+06,2.78055e+06,1.14729e+07,0,355233,0,0,52.7941,61.3098,1.39847,0,1,1.5346,1.42236,0,1.18563,1.90512,8.44406e+06,3.71658e+06,1.29583e+07,0,355424,0,0
30.0308,85.1408,0.458528,0.08,0,2.73481,2.8468,0,0.52915,4.6872,4.06315e+06,2.78055e+06,1.11119e+07,0,344455,0,0,52.0552,61.3098,1.31414,0,1,1.46615,1.35416,0,1.18563,1.90512,8.44406e+06,3.71658e+06,1.23803e+07,0,338382,0,0
28.1055,85.1408,0.382366,0.08,0,2.66711,2.8473,0,0.512503,4.6872,4.06315e+06,2.78055e+06,1.08369e+07,0,344515,0,0,51.4039,61.3098,1.16523,0,1,1.53459,1.3544,0,1.13275,1.90512,8.44406e+06,3.71658e+06,1.29582e+07,0,338441,0,0
26.4313,85.1408,0.707688,0.07,0,2.66784,2.84779,0,0.499816,4.6872,4.06315e+06,2.78055e+06,1.08398e+07,0,344575,0,0,51.2518,61.3098,1.56411,0,1,1.53459,1.35464,0,1.18562,1.90512,8.44406e+06,3.71658e+06,1.29582e+07,0,338500,0,0
25.3856,85.1408,1.41031,0.07,0,2.66858,2.84829,0,0.499954,4.6872,4.06315e+06,2.78055e+06,1.08428e+07,0,344636,0,0,51.0768,61.3098,2.24311,0,1,1.53459,1.35487,0,1.18562,1.90512,8.44406e+06,3.71658e+06,1.29582e+07,0,338559,0,0
24.0483,85.1408,0.959329,0.1,0,2.59572,2.7752,0,0.500091,4.6872,4.06315e+06,2.78055e+06,1.05468e+07,0,335792,0,0,50.3494,61.3098,1.33325,0,1,1.47224,1.29276,0,1.18562,1.90512,8.44406e+06,3.71658e+06,1.24317e+07,0,323039,0,0
22.9972,85.1408,1.21694,0.1,0,2.53409,2.77568,0,0.486438,4.6872,4.06315e+06,2.78055e+06,1.02964e+07,0,335850,0,0,49.9625,61.3098,1.03425,0,1,1.53458,1.29299,0,1.13745,1.90512,8.44406e+06,3.71658e+06,1.29581e+07,0,323095,0,0
21.9829,85.1408,1.25199,0.12,0,2.53481,2.77617,0,0.474889,4.6872,4.06315e+06,2.78055e+06,1.02993e+07,0,335909,0,0,49.7193,61.3098,1.88341,0,1,1.53458,1.29321,0,1.18561,1.90512,8.44406e+06,3.71658e+06,1.29581e+07,0,323152,0,0
23.0983,85.1408,3.53037,0.11,0,2.53552,2.77665,0,0.475023,4.6872,4.06315e+06,2.78055e+06,1.03022e+07,0,335968,0,0,50.3789,61.3098,4.259,0,1,1.53458,1.29344,0,1.18561,1.90512,8.44406e+06,3.71658e+06,1.29581e+07,0,323208,0,0
23.2878,85.1408,2.30778,0.1,0,2.32708,2.56799,0,0.475156,4.6872,4.06315e+06,2.78055e+06,9.45527e+06,0,310720,0,0,50.6432,61.3098,2.17186,0,1,1.40463,1.16372,0,1.18561,1.90512,8.44406e+06,3.71658e+06,1.18608e+07,0,290794,0,0
23.1422,85.1408,1.81039,0.1,0,2.19781,2.56844,0,0.436094,4.6872,4.06315e+06,2.78055e+06,8.93003e+06,0,310774,0,0,50.4928,61.3098,2.13603,0,1,1.53456,1.16393,0,1.08522,1.90512,8.44406e+06,3.71658e+06,1.29579e+07,0,290845,0,0
23.3738,85.1408,2.19584,0.12,0,2.19846,2.56889,0,0.411869,4.6872,4.06315e+06,2.78055e+06,8.93268e+06,0,310828,0,0,50.277,61.3098,2.50404,0,1,1.53456,1.16413,0,1.1856,1.90512,8.44406e+06,3.71658e+06,1.29579e+07,0,290895,0,0
23.9097,85.1408,2.52031,0.11,0,2.19911,2.56934,0,0.411992,4.6872,4.06315e+06,2.78055e+06,8.93533e+06,0,310883,0,0,49.9279,61.3098,1.83748,0,1,1.53456,1.16433,0,1.1856,1.90512,8.44406e+06,3.71658e+06,1.29579e+07,0,290946,0,0
25.0412,85.1408,3.14977,0.11,0,2.19977,2.56979,0,0.412114,4.6872,4.06315e+06,2.78055e+06,8.93798e+06,0,310937,0,0,50.2957,61.3098,2.34383,0,1,1.53456,1.16454,0,1.1856,1.90512,8.44406e+06,3.71658e+06,1.29579e+07,0,290997,0,0
28.2892,85.1408,5.52709,0.11,0.02,2.28093,2.65075,0,0.412236,4.6872,4.06315e+06,2.78055e+06,9.26776e+06,0,320733,0,0,51.1652,61.3098,3.83435,0,1,1.57221,1.2024,0,1.1856,1.90512,8.44406e+06,3.71658e+06,1.32759e+07,0,300458,0,0
30.3339,85.1408,4.24742,0.08,0.02,2.31924,2.65119,0,0.427446,4.6872,4.06315e+06,2.78055e+06,9.42341e+06,0,320787,0,0,51.8413,61.3098,3.25165,0,1,1.53455,1.2026,0,1.21469,1.90512,8.44406e+06,3.71658e+06,1.29579e+07,0,300508,0,0
31.5184,85.1408,3.32044,0.1,0.02,2.31988,2.65164,0,0.434625,4.6872,4.06315e+06,2.78055e+06,9.42604e+06,0,320841,0,0,52.3615,61.3098,2.86018,0,1,1.53455,1.2028,0,1.1856,1.90512,8.44406e+06,3.71658e+06,1.29579e+07,0,300559,0,0
32.7245,85.1408,3.37771,0.11,0.02,2.32053,2.65208,0,0.434746,4.6872,4.06315e+06,2.78055e+06,9.42867e+06,0,320895,0,0,52.8418,61.3098,2.78504,0,1,1.53455,1.203,0,1.1856,1.90512,8.44406e+06,3.71658e+06,1.29579e+07,0,300609,0,0
35.2565,85.1408,5.05691,0.11,0.02,2.5799,2.91125,0,0.434867,4.6872,4.06315e+06,2.78055e+06,1.04825e+07,0,352253,0,0,53.2322,61.3098,3.02205,0,1,1.67603,1.34468,0,1.1856,1.90512,8.44406e+06,3.71658e+06,1.41525e+07,0,336011,0,0
37.6465,85.1408,5.12157,0.07,0.02,2.72206,2.91174,0,0.483473,4.6872,4.06315e+06,2.78055e+06,1.10601e+07,0,352312,0,0,53.96,61.3098,3.38493,0,1,1.53458,1.3449,0,1.2949,1.90512,8.44406e+06,3.71658e+06,1.29581e+07,0,336067,0,0
40.3024,85.1408,5.3838,0.07,0.02,2.72278,2.91223,0,0.510114,4.6872,4.06315e+06,2.78055e+06,1.10631e+07,0,352372,0,0,54.716,61.3098,3.53103,0,1,1.53458,1.34513,0,1.18561,1.90512,8.44406e+06,3.71658e+06,1.29581e+07,0,336124,0,0
43.2795,85.1408,5.71255,0.08,0.02,2.72349,2.91272,0,0.510248,4.6872,4.06315e+06,2.78055e+06,1.1066e+07,0,352431,0,0,55.5094,61.3098,3.85948,0,1,1.53458,1.34535,0,1.18561,1.90512,8.44406e+06,3.71658e+06,1.29581e+07,0,336180,0,0
47.6052,85.1408,7.09039,0.05,0.02,2.54394,2.54394,0,0.510382,4.6872,4.06315e+06,2.78055e+06,1.03364e+07,0,307810,0,0,58.0346,61.3098,6.69733,0,1,1.1556,1.1556,0,1.18561,1.90512,8.44406e+06,3.71658e+06,9.75792e+06,0,288763,0,0
53.0684,85.1408,8.31398,0.05,0.02,2.54436,2.54436,0,0.476734,4.6872,4.06315e+06,2.78055e+06,1.03381e+07,0,307861,0,0,60.5185,61.3098,6.73258,0,1,1.15579,1.15579,0,0.892813,1.90512,8.44406e+06,3.71658e+06,9.75956e+06,0,288812,0,0
56.0718,85.1408,5.94636,0.04,0.02,2.54479,2.54479,0,0.476814,4.6872,4.06315e+06,2.78055e+06,1.03399e+07,0,307913,0,0,62.338,61.3098,5.33373,0,1,1.15598,1.15598,0,0.892963,1.90512,8.44406e+06,3.71658e+06,9.7612e+06,0,288860,0,0
58.4937,85.1408,5.3126,0.05,0.02,2.54522,2.54522,0,0.476894,4.6872,4.06315e+06,2.78055e+06,1.03416e+07,0,307965,0,0,62.338,61.3098,3.87418,0,1,1.15618,1.15618,0,0.893113,1.90512,8.44406e+06,3.71658e+06,9.76283e+06,0,288909,0,0
61.225,85.1408,5.64756,0.05,0.02,2.54565,2.54565,0,0.476974,4.6872,4.06315e+06,2.78055e+06,1.03433e+07,0,308016,0,0,62.338,61.3098,5.71266,0,1,1.15637,1.15637,0,0.893263,1.90512,8.44406e+06,3.71658e+06,9.76447e+06,0,288957,0,0
64.253,85.1408,6.03236,0.02,0.02,2.6391,2.6391,0,0.477054,4.6872,4.06315e+06,2.78055e+06,1.07231e+07,0,319324,0,0,62.338,61.3098,5.94806,0,1,1.20308,1.20308,0,0.893414,1.90512,8.44406e+06,3.71658e+06,1.01589e+07,0,300629,0,0
67.9432,85.1408,6.73677,0.02,0.02,2.63955,2.63955,0,0.494568,4.6872,4.06315e+06,2.78055e+06,1.07249e+07,0,319378,0,0,62.338,61.3098,10.1459,0,1,1.20329,1.20329,0,0.929502,1.90512,8.44406e+06,3.71658e+06,1.01606e+07,0,300680,0,0
70.5994,85.1408,5.80995,0.02,0.02,2.63999,2.63999,0,0.494651,4.6872,4.06315e+06,2.78055e+06,1.07267e+07,0,319432,0,0,62.338,61.3098,11.7917,0,1,1.20349,1.20349,0,0.929658,1.90512,8.44406e+06,3.71658e+06,1.01623e+07,0,300730,0,0
71.7663,85.1408,4.30145,0,0.02,2.64043,2.64043,0,0.494734,4.6872,4.06315e+06,2.78055e+06,1.07285e+07,0,319485,0,0,62.338,61.3098,8.48407,0,1,1.20369,1.20369,0,0.929814,1.90512,8.44406e+06,3.71658e+06,1.0164e+07,0,300781,0,0
73.5828,85.1408,4.86186,0,0.02,2.60448,2.60448,0,0.494817,4.6872,4.06315e+06,2.78055e+06,1.05824e+07,0,315135,0,0,62.338,61.3098,6.63923,0,1,1.18581,1.18581,0,0.92997,1.90512,8.44406e+06,3.71658e+06,1.00131e+07,0,296314,0,0
74.8256,85.1408,4.23639,0,0.02,2.60492,2.60492,0,0.488079,4.6872,4.06315e+06,2.78055e+06,1.05842e+07,0,315188,0,0,62.338,61.3098,5.81379,0,1,1.18601,1.18601,0,0.916159,1.90512,8.44406e+06,3.71658e+06,1.00148e+07,0,296364,0,0
75.5932,85.1408,3.73581,0,0.02,2.60535,2.60535,0,0.488161,4.6872,4.06315e+06,2.78055e+06,1.05859e+07,0,315241,0,0,62.338,61.3098,5.22354,0,1,1.18621,1.18621,0,0.916313,1.90512,8.44406e+06,3.71658e+06,1.00164e+07,0,296414,0,0
76.0087,85.1408,3.35948,0,0.02,2.60579,2.60579,0,0.488243,4.6872,4.06315e+06,2.78055e+06,1.05877e+07,0,315294,0,0,62.338,61.3098,4.66798,0,1,1.18641,1.18641,0,0.916467,1.90512,8.44406e+06,3.71658e+06,1.00181e+07,0,296463,0,0
76.0753,85.1408,3.07212,0,0.02,2.72986,2.72986,0,0.488325,4.6872,4.06315e+06,2.78055e+06,1.10918e+07,0,330306,0,0,62.338,61.3098,4.0324,0,1,1.25076,1.25076,0,0.916621,1.90512,8.44406e+06,3.71658e+06,1.05615e+07,0,312544,0,0
75.7779,85.1408,2.64261,0,0.02,2.73032,2.73032,0,0.511576,4.6872,4.06315e+06,2.78055e+06,1.10937e+07,0,330361,0,0,62.338,61.3098,3.3308,0,1,1.25097,1.25097,0,0.966341,1.90512,8.44406e+06,3.71658e+06,1.05633e+07,0,312597,0,0
75.3155,85.1408,2.44233,0,0.02,2.73078,2.73078,0,0.511662,4.6872,4.06315e+06,2.78055e+06,1.10956e+07,0,330417,0,0,62.338,61.3098,3.35359,0,1,1.25119,1.25119,0,0.966503,1.90512,8.44406e+06,3.71658e+06,1.05651e+07,0,312649,0,0
74.7839,85.1408,2.36388,0,0.02,2.73124,2.73124,0,0.511748,4.6872,4.06315e+06,2.78055e+06,1.10974e+07,0,330472,0,0,62.338,61.3098,3.32703,0,1,1.2514,1.2514,0,0.966666,1.90512,8.44406e+06,3.71658e+06,1.05669e+07,0,312702,0,0
74.1488,85.1408,2.24508,0,0.02,2.7317,2.7317,0,0.511834,4.6872,4.06315e+06,2.78055e+06,1.10993e+07,0,330528,0,0,62.338,61.3098,3.00136,0,1,1.25161,1.25161,0,0.966828,1.90512,8.44406e+06,3.71658e+06,1.05686e+07,0,312754,0,0
73.645,85.1408,2.31925,0,0.02,2.70769,2.70769,0,0.51192,4.6872,4.06315e+06,2.78055e+06,1.10017e+07,0,327623,0,0,62.338,61.3098,2.5664,0,1,1.28711,1.28711,0,0.96699,1.90512,8.44406e+06,3.71658e+06,1.08684e+07,0,321625,0,0
72.9451,85.1408,2.11753,0,0.02,2.70814,2.70814,0,0.50742,4.6872,4.06315e+06,2.78055e+06,1.10036e+07,0,327678,0,0,62.338,61.3098,2.52163,0,1,1.28732,1.28732,0,0.994418,1.90512,8.44406e+06,3.71658e+06,1.08702e+07,0,321679,0,0
72.065,85.1408,1.92007,0,0.02,2.7086,2.7086,0,0.507506,4.6872,4.06315e+06,2.78055e+06,1.10054e+07,0,327733,0,0,62.338,61.3098,2.28518,0,1,1.28754,1.28754,0,0.994585,1.90512,8.44406e+06,3.71658e+06,1.0872e+07,0,321733,0,0
71.1279,85.1408,1.81662,0,0.02,2.70905,2.70905,0,0.507591,4.6872,4.06315e+06,2.78055e+06,1.10073e+07,0,327788,0,0,62.338,61.3098,2.23595,0,1,1.28775,1.28775,0,0.994752,1.90512,8.44406e+06,3.71658e+06,1.08739e+07,0,321787,0,0
70.0155,85.1408,1.69389,0,0.02,2.77274,2.77274,0,0.507676,4.6872,4.06315e+06,2.78055e+06,1.12661e+07,0,335494,0,0,62.338,61.3098,2.10413,0,1,1.31944,1.31944,0,0.994919,1.90512,8.44406e+06,3.71658e+06,1.11415e+07,0,329706,0,0
68.8252,85.1408,1.60659,0,0.02,2.77321,2.77321,0,0.519612,4.6872,4.06315e+06,2.78055e+06,1.1268e+07,0,335551,0,0,62.3335,61.3098,1.99404,0,1,1.31967,1.31967,0,1.0194,1.90512,8.44406e+06,3.71658e+06,1.11433e+07,0,329761,0,0
67.5468,85.1408,1.50042,0,0.02,2.77367,2.77367,0,0.519699,4.6872,4.06315e+06,2.78055e+06,1.12698e+07,0,335607,0,0,62.2308,61.3098,1.88687,0,1,1.31989,1.31989,0,1.01957,1.90512,8.44406e+06,3.71658e+06,1.11452e+07,0,329817,0,0
66.1625,85.1408,1.37714,0,0.02,2.77414,2.77414,0,0.519786,4.6872,4.06315e+06,2.78055e+06,1.12717e+07,0,335663,0,0,62.2603,61.3098,1.77714,0,1,1.32011,1.32011,0,1.01974,1.90512,8.44406e+06,3.71658e+06,1.11471e+07,0,329872,0,0
64.8391,85.1408,1.56402,0,0.02,2.95991,2.95991,0,0.519874,4.6872,4.06315e+06,2.78055e+06,1.20266e+07,0,358141,0,0,61.9201,61.3098,2.06918,0,1,1.43401,1.43401,0,1.01992,1.90512,8.44406e+06,3.71658e+06,1.21088e+07,0,358333,0,0
63.2244,85.1408,1.26472,0.01,0.02,2.96041,2.96041,0,0.554687,4.6872,4.06315e+06,2.78055e+06,1.20286e+07,0,358201,0,0,61.6638,61.3098,1.43825,0,1,1.43425,1.43425,0,1.10791,1.90512,8.44406e+06,3.71658e+06,1.21109e+07,0,358393,0,0
61.7723,85.1408,1.42112,0.01,0.02,2.9609,2.9609,0,0.55478,4.6872,4.06315e+06,2.78055e+06,1.20306e+07,0,358261,0,0,61.1909,61.3098,1.79242,0,1,1.43449,1.43449,0,1.1081,1.90512,8.44406e+06,3.71658e+06,1.21129e+07,0,358453,0,0
60.0506,85.1408,1.13852,0.01,0.02,2.9614,2.9614,0,0.554873,4.6872,4.06315e+06,2.78055e+06,1.20326e+07,0,358322,0,0,60.9456,61.3098,1.29258,0,1,1.43473,1.43473,0,1.10829,1.90512,8.44406e+06,3.71658e+06,1.21149e+07,0,358514,0,0
58.6032,85.1408,1.38637,0.02,0.02,2.9619,2.9619,0,0.554967,4.6872,4.06315e+06,2.78055e+06,1.20346e+07,0,358382,0,0,61.0039,61.3098,2.25075,0,1,1.43497,1.43497,0,1.10847,1.90512,8.44406e+06,3.71658e+06,1.2117e+07,0,358574,0,0
57.2257,85.1408,1.39439,0.04,0.02,2.87201,2.87201,0,0.55506,4.6872,4.06315e+06,2.78055e+06,1.16694e+07,0,347506,0,0,61.0972,61.3098,2.17759,0,1,1.36616,1.36616,0,1.10866,1.90512,8.44406e+06,3.71658e+06,1.15359e+07,0,341379,0,0
56.0067,85.1408,1.58056,0.04,0.02,2.87249,2.87249,0,0.538215,4.6872,4.06315e+06,2.78055e+06,1.16714e+07,0,347564,0,0,61.5271,61.3098,3.0179,0,1,1.36639,1.36639,0,1.05549,1.90512,8.44406e+06,3.71658e+06,1.15378e+07,0,341436,0,0
54.7297,85.1408,1.5182,0.04,0.02,2.87298,2.87298,0,0.538305,4.6872,4.06315e+06,2.78055e+06,1.16733e+07,0,347622,0,0,61.9283,61.3098,2.86641,0,1,1.36662,1.36662,0,1.05567,1.90512,8.44406e+06,3.71658e+06,1.15398e+07,0,341493,0,0
53.6518,85.1408,1.75298,0.04,0.02,2.87346,2.87346,0,0.538396,4.6872,4.06315e+06,2.78055e+06,1.16753e+07,0,347681,0,0,62.338,61.3098,3.60067,0,1,1.36685,1.36685,0,1.05585,1.90512,8.44406e+06,3.71658e+06,1.15417e+07,0,341551,0,0
52.3394,85.1408,1.52619,0.04,0.02,2.7997,2.7997,0,0.538486,4.6872,4.06315e+06,2.78055e+06,1.13756e+07,0,338756,0,0,62.2527,61.3098,2.55718,0,1,1.30418,1.30418,0,1.05603,1.90512,8.44406e+06,3.71658e+06,1.10125e+07,0,325891,0,0
50.7823,85.1408,1.22054,0.04,0.02,2.80017,2.80017,0,0.524664,4.6872,4.06315e+06,2.78055e+06,1.13775e+07,0,338813,0,0,62.054,61.3098,1.85195,0,1,1.3044,1.3044,0,1.00761,1.90512,8.44406e+06,3.71658e+06,1.10144e+07,0,325946,0,0
49.7305,85.1408,1.72603,0.04,0.02,2.80064,2.80064,0,0.524752,4.6872,4.06315e+06,2.78055e+06,1.13794e+07,0,338870,0,0,62.1665,61.3098,1.68711,0,1,1.30462,1.30462,0,1.00778,1.90512,8.44406e+06,3.71658e+06,1.10162e+07,0,326001,0,0
51.2892,85.1408,4.47374,0.04,0.02,2.80111,2.80111,0,0.524841,4.6872,4.06315e+06,2.78055e+06,1.13814e+07,0,338927,0,0,62.338,61.3098,5.50705,0,1,1.30483,1.30483,0,1.00795,1.90512,8.44406e+06,3.71658e+06,1.10181e+07,0,326055,0,0
51.4074,85.1408,2.8233,0.04,0.02,2.59059,2.59059,0,0.524929,4.6872,4.06315e+06,2.78055e+06,1.0526e+07,0,313455,0,0,62.338,61.3098,3.88177,0,1,1.17397,1.17397,0,1.00812,1.90512,8.44406e+06,3.71658e+06,9.91303e+06,0,293354,0,0
50.6744,85.1408,1.90243,0.04,0.02,2.59103,2.59103,0,0.485477,4.6872,4.06315e+06,2.78055e+06,1.05277e+07,0,313508,0,0,62.338,61.3098,3.37163,0,1,1.17416,1.17416,0,0.907006,1.90512,8.44406e+06,3.71658e+06,9.9147e+06,0,293403,0,0
50.1512,85.1408,2.09255,0.04,0.02,2.59147,2.59147,0,0.485559,4.6872,4.06315e+06,2.78055e+06,1.05295e+07,0,313560,0,0,62.338,61.3098,3.74329,0,1,1.17436,1.17436,0,0.907158,1.90512,8.44406e+06,3.71658e+06,9.91637e+06,0,293452,0,0
50.1393,85.1408,2.63218,0.04,0.02,2.5919,2.5919,0,0.485641,4.6872,4.06315e+06,2.78055e+06,1.05313e+07,0,313613,0,0,62.338,61.3098,2.96529,0,1,1.17456,1.17456,0,0.907311,1.90512,8.44406e+06,3.71658e+06,9.91803e+06,0,293502,0,0
50.7253,85.1408,3.26584,0.04,0.02,2.59234,2.59234,0,0.485722,4.6872,4.06315e+06,2.78055e+06,1.05331e+07,0,313666,0,0,62.338,61.3098,3.27486,0,1,1.17476,1.17476,0,0.907464,1.90512,8.44406e+06,3.71658e+06,9.9197e+06,0,293551,0,0
51.8396,85.1408,3.98393,0.04,0.02,2.67399,2.67399,0,0.485804,4.6872,4.06315e+06,2.78055e+06,1.08648e+07,0,323546,0,0,62.338,61.3098,4.10449,0,1,1.21294,1.21294,0,0.907616,1.90512,8.44406e+06,3.71658e+06,1.02421e+07,0,303093,0,0
54.0545,85.1408,5.08895,0.03,0.02,2.67442,2.67442,0,0.501106,4.6872,4.06315e+06,2.78055e+06,1.08666e+07,0,323598,0,0,62.338,61.3098,7.0186,0,1,1.21314,1.21314,0,0.937118,1.90512,8.44406e+06,3.71658e+06,1.02438e+07,0,303142,0,0
58.1225,85.1408,7.09522,0.03,0.02,2.67485,2.67485,0,0.501187,4.6872,4.06315e+06,2.78055e+06,1.08683e+07,0,323650,0,0,62.338,61.3098,7.89065,0,1,1.21333,1.21333,0,0.937269,1.90512,8.44406e+06,3.71658e+06,1.02454e+07,0,303190,0,0
60.4109,85.1408,5.3292,0.03,0.02,2.67528,2.67528,0,0.501268,4.6872,4.06315e+06,2.78055e+06,1.08701e+07,0,323702,0,0,62.338,61.3098,7.0716,0,1,1.21353,1.21353,0,0.937421,1.90512,8.44406e+06,3.71658e+06,1.02471e+07,0,303239,0,0
61.2828,85.1408,4.11281,0.01,0.02,2.9367,2.9367,0,0.501348,4.6872,4.06315e+06,2.78055e+06,1.19323e+07,0,355333,0,0,62.338,61.3098,5.48471,0,1,1.35643,1.35643,0,0.937572,1.90512,8.44406e+06,3.71658e+06,1.14538e+07,0,338949,0,0
62.2686,85.1408,4.13724,0.02,0.02,2.93717,2.93717,0,0.550338,4.6872,4.06315e+06,2.78055e+06,1.19342e+07,0,355390,0,0,62.338,61.3098,4.87256,0,1,1.35665,1.35665,0,1.04798,1.90512,8.44406e+06,3.71658e+06,1.14556e+07,0,339003,0,0
64.9627,85.1408,6.09901,0.02,0.02,2.93765,2.93765,0,0.550426,4.6872,4.06315e+06,2.78055e+06,1.19361e+07,0,355447,0,0,62.338,61.3098,6.82195,0,1,1.35687,1.35687,0,1.04815,1.90512,8.44406e+06,3.71658e+06,1.14575e+07,0,339058,0,0
65.9461,85.1408,4.30702,0.02,0.02,2.93812,2.93812,0,0.550515,4.6872,4.06315e+06,2.78055e+06,1.1938e+07,0,355505,0,0,62.338,61.3098,5.36949,0,1,1.35709,1.35709,0,1.04832,1.90512,8.44406e+06,3.71658e+06,1.14593e+07,0,339113,0,0
67.6396,85.1408,4.7431,0.02,0.02,2.56611,2.56611,0,0.550604,4.6872,4.06315e+06,2.78055e+06,1.04265e+07,0,310492,0,0,62.338,61.3098,6.27588,0,1,1.16567,1.16567,0,1.04849,1.90512,8.44406e+06,3.71658e+06,9.84296e+06,0,291280,0,0
70.9548,85.1408,6.57773,0.02,0.02,2.56652,2.56652,0,0.480889,4.6872,4.06315e+06,2.78055e+06,1.04282e+07,0,310542,0,0,62.338,61.3098,8.32982,0,1,1.16586,1.16586,0,0.900595,1.90512,8.44406e+06,3.71658e+06,9.84455e+06,0,291327,0,0
76.7567,85.1408,9.2836,0,0.02,2.56694,2.56694,0,0.480967,4.6872,4.06315e+06,2.78055e+06,1.04299e+07,0,310593,0,0,62.338,61.3098,14.5901,0,1,1.16604,1.16604,0,0.90074,1.90512,8.44406e+06,3.71658e+06,9.84614e+06,0,291374,0,0
79.6454,85.1408,6.28872,0,0.02,2.56735,2.56735,0,0.481044,4.6872,4.06315e+06,2.78055e+06,1.04315e+07,0,310643,0,0,62.338,61.3098,8.36732,0,1,1.16623,1.16623,0,0.900886,1.90512,8.44406e+06,3.71658e+06,9.84773e+06,0,291421,0,0
82.5769,85.1408,6.32561,0,0.02,2.56777,2.56777,0,0.481122,4.6872,4.06315e+06,2.78055e+06,1.04332e+07,0,310693,0,0,62.338,61.3098,11.627,0,1,1.16642,1.16642,0,0.901031,1.90512,8.44406e+06,3.71658e+06,9.84932e+06,0,291468,0,0
84.1136,85.1408,4.90698,0,0.02,2.66202,2.66202,0,0.481199,4.6872,4.06315e+06,2.78055e+06,1.08162e+07,0,322097,0,0,62.338,61.3098,7.12682,0,1,1.21353,1.21353,0,0.901176,1.90512,8.44406e+06,3.71658e+06,1.02471e+07,0,303240,0,0
85.1408,85.1408,4.51681,0,0.02,2.66245,2.66245,0,0.498862,4.6872,4.06315e+06,2.78055e+06,1.08179e+07,0,322149,0,0,62.338,61.3098,5.91733,0,1,1.21372,1.21372,0,0.937572,1.90512,8.44406e+06,3.71658e+06,1.02488e+07,0,303289,0,0
85.1408,85.1408,5.82129,0,0.02,2.66288,2.66288,0,0.498942,4.6872,4.06315e+06,2.78055e+06,1.08197e+07,0,322201,0,0,62.338,61.3098,6.74604,0,1,1.21392,1.21392,0,0.937724,1.90512,8.44406e+06,3.71658e+06,1.02504e+07,0,303337,0,0
85.1408,85.1408,4.86267,0,0.02,2.66331,2.66331,0,0.499023,4.6872,4.06315e+06,2.78055e+06,1.08214e+07,0,322253,0,0,62.338,61.3098,6.55209,0,1,1.21412,1.21412,0,0.937875,1.90512,8.44406e+06,3.71658e+06,1.02521e+07,0,303386,0,0
85.1408,85.1408,4.45908,0,0.02,2.62702,2.62702,0,0.499103,4.6872,4.06315e+06,2.78055e+06,1.0674e+07,0,317863,0,0,62.338,61.3098,5.97187,0,1,1.19608,1.19608,0,0.938026,1.90512,8.44406e+06,3.71658e+06,1.00997e+07,0,298879,0,0
85.1408,85.1408,4.12502,0,0.02,2.62745,2.62745,0,0.492304,4.6872,4.06315e+06,2.78055e+06,1.06757e+07,0,317914,0,0,62.338,61.3098,5.55689,0,1,1.19627,1.19627,0,0.924089,1.90512,8.44406e+06,3.71658e+06,1.01014e+07,0,298927,0,0
85.1408,85.1408,3.79112,0,0.02,2.62787,2.62787,0,0.492383,4.6872,4.06315e+06,2.78055e+06,1.06774e+07,0,317965,0,0,62.338,61.3098,4.70093,0,1,1.19646,1.19646,0,0.924238,1.90512,8.44406e+06,3.71658e+06,1.0103e+07,0,298975,0,0
85.1408,85.1408,3.29209,0,0.02,2.62829,2.62829,0,0.492463,4.6872,4.06315e+06,2.78055e+06,1.06792e+07,0,318017,0,0,62.338,61.3098,4.29843,0,1,1.19666,1.19666,0,0.924388,1.90512,8.44406e+06,3.71658e+06,1.01046e+07,0,299023,0,0
85.1408,85.1408,3.46456,0,0.02,2.75342,2.75342,0,0.492542,4.6872,4.06315e+06,2.78055e+06,1.11875e+07,0,333156,0,0,62.338,61.3098,4.58711,0,1,1.26156,1.26156,0,0.924537,1.90512,8.44406e+06,3.71658e+06,1.06527e+07,0,315241,0,0
84.9782,85.1408,2.87267,0,0.02,2.75386,2.75386,0,0.51599,4.6872,4.06315e+06,2.78055e+06,1.11894e+07,0,333210,0,0,62.338,61.3098,3.47729,0,1,1.26176,1.26176,0,0.974679,1.90512,8.44406e+06,3.71658e+06,1.06544e+07,0,315292,0,0
84.7794,85.1408,2.82615,0,0.02,2.75431,2.75431,0,0.516074,4.6872,4.06315e+06,2.78055e+06,1.11912e+07,0,333264,0,0,62.338,61.3098,3.57825,0,1,1.26196,1.26196,0,0.974837,1.90512,8.44406e+06,3.71658e+06,1.06561e+07,0,315343,0,0
84.2933,85.1408,2.54321,0,0.02,2.75475,2.75475,0,0.516157,4.6872,4.06315e+06,2.78055e+06,1.1193e+07,0,333317,0,0,62.338,61.3098,3.5368,0,1,1.26217,1.26217,0,0.974994,1.90512,8.44406e+06,3.71658e+06,1.06578e+07,0,315394,0,0
83.7151,85.1408,2.42343,0,0.02,2.7552,2.7552,0,0.51624,4.6872,4.06315e+06,2.78055e+06,1.11948e+07,0,333371,0,0,62.338,61.3098,3.56652,0,1,1.26237,1.26237,0,0.975151,1.90512,8.44406e+06,3.71658e+06,1.06595e+07,0,315445,0,0
82.5565,85.1408,1.75045,0,0.02,2.73096,2.73096,0,0.516324,4.6872,4.06315e+06,2.78055e+06,1.10963e+07,0,330439,0,0,62.338,61.3098,2.25416,0,1,1.29817,1.29817,0,0.975309,1.90512,8.44406e+06,3.71658e+06,1.09618e+07,0,324390,0,0
81.3529,85.1408,1.69086,0,0.02,2.7314,2.7314,0,0.511782,4.6872,4.06315e+06,2.78055e+06,1.10981e+07,0,330492,0,0,62.338,61.3098,2.21719,0,1,1.29838,1.29838,0,1.00297,1.90512,8.44406e+06,3.71658e+06,1.09636e+07,0,324442,0,0
80.0176,85.1408,1.51361,0,0.02,2.73184,2.73184,0,0.511864,4.6872,4.06315e+06,2.78055e+06,1.10999e+07,0,330545,0,0,62.338,61.3098,2.04172,0,1,1.29859,1.29859,0,1.00313,1.90512,8.44406e+06,3.71658e+06,1.09654e+07,0,324495,0,0
78.6026,85.1408,1.41695,0,0.02,2.73228,2.73228,0,0.511947,4.6872,4.06315e+06,2.78055e+06,1.11017e+07,0,330599,0,0,62.338,61.3098,2.07927,0,1,1.2988,1.2988,0,1.00329,1.90512,8.44406e+06,3.71658e+06,1.09671e+07,0,324547,0,0
77.1227,85.1408,1.37733,0,0.02,2.7965,2.7965,0,0.51203,4.6872,4.06315e+06,2.78055e+06,1.13626e+07,0,338369,0,0,62.2814,61.3098,1.91785,0,1,1.33075,1.33075,0,1.00345,1.90512,8.44406e+06,3.71658e+06,1.12369e+07,0,332531,0,0
75.8314,85.1408,1.57835,0,0.02,2.79695,2.79695,0,0.524064,4.6872,4.06315e+06,2.78055e+06,1.13644e+07,0,338424,0,0,62.338,61.3098,2.22761,0,1,1.33096,1.33096,0,1.02814,1.90512,8.44406e+06,3.71658e+06,1.12387e+07,0,332585,0,0
74.418,85.1408,1.42322,0,0.02,2.7974,2.7974,0,0.524149,4.6872,4.06315e+06,2.78055e+06,1.13663e+07,0,338478,0,0,62.2906,61.3098,2.13621,0,1,1.33118,1.33118,0,1.0283,1.90512,8.44406e+06,3.71658e+06,1.12406e+07,0,332638,0,0
72.8944,85.1408,1.29676,0,0.02,2.79785,2.79785,0,0.524233,4.6872,4.06315e+06,2.78055e+06,1.13681e+07,0,338533,0,0,62.203,61.3098,1.8542,0,1,1.33139,1.33139,0,1.02847,1.90512,8.44406e+06,3.71658e+06,1.12424e+07,0,332692,0,0
71.2642,85.1408,1.31794,0,0.02,2.98519,2.98519,0,0.524318,4.6872,4.06315e+06,2.78055e+06,1.21293e+07,0,361200,0,0,61.5556,61.3098,2.15234,0,1,1.44626,1.44626,0,1.02864,1.90512,8.44406e+06,3.71658e+06,1.22123e+07,0,361394,0,0
69.1403,85.1408,0.771093,0,0.02,2.98568,2.98568,0,0.559425,4.6872,4.06315e+06,2.78055e+06,1.21313e+07,0,361259,0,0,60.6811,61.3098,1.15204,0,1,1.44649,1.44649,0,1.11738,1.90512,8.44406e+06,3.71658e+06,1.22142e+07,0,361452,0,0
66.9946,85.1408,0.726498,0,0.02,2.98616,2.98616,0,0.559516,4.6872,4.06315e+06,2.78055e+06,1.21332e+07,0,361317,0,0,59.8703,61.3098,1.07289,0,1,1.44672,1.44672,0,1.11756,1.90512,8.44406e+06,3.71658e+06,1.22162e+07,0,361511,0,0
65.123,85.1408,0.986607,0.02,0.02,2.98664,2.98664,0,0.559606,4.6872,4.06315e+06,2.78055e+06,1.21352e+07,0,361375,0,0,59.2006,61.3098,1.2074,0,1,1.44696,1.44696,0,1.11774,1.90512,8.44406e+06,3.71658e+06,1.22182e+07,0,361569,0,0
63.6678,85.1408,1.44875,0.02,0.02,2.98712,2.98712,0,0.559696,4.6872,4.06315e+06,2.78055e+06,1.21371e+07,0,361434,0,0,58.5481,61.3098,1.44324,0,1,1.44719,1.44719,0,1.11792,1.90512,8.44406e+06,3.71658e+06,1.22202e+07,0,361627,0,0
62.0136,85.1408,1.23499,0.02,0.02,2.89645,2.89645,0,0.559787,4.6872,4.06315e+06,2.78055e+06,1.17687e+07,0,350463,0,0,58.4755,61.3098,1.34189,0,1,1.37778,1.37778,0,1.1181,1.90512,8.44406e+06,3.71658e+06,1.16341e+07,0,344284,0,0
60.1847,85.1408,1.04427,0.03,0.02,2.89692,2.89692,0,0.542795,4.6872,4.06315e+06,2.78055e+06,1.17706e+07,0,350519,0,0,58.2118,61.3098,2.08511,0,1,1.378,1.378,0,1.06447,1.90512,8.44406e+06,3.71658e+06,1.16359e+07,0,344339,0,0
58.262,85.1408,0.93148,0.03,0.02,2.89739,2.89739,0,0.542882,4.6872,4.06315e+06,2.78055e+06,1.17725e+07,0,350576,0,0,57.5075,61.3098,1.2691,0,1,1.37823,1.37823,0,1.06465,1.90512,8.44406e+06,3.71658e+06,1.16378e+07,0,344395,0,0
56.2131,85.1408,0.776745,0.04,0.02,2.89785,2.89785,0,0.54297,4.6872,4.06315e+06,2.78055e+06,1.17744e+07,0,350632,0,0,56.8281,61.3098,1.12445,0,1,1.37845,1.37845,0,1.06482,1.90512,8.44406e+06,3.71658e+06,1.16397e+07,0,344450,0,0
54.4703,85.1408,1.03787,0.04,0.02,2.82345,2.82345,0,0.543058,4.6872,4.06315e+06,2.78055e+06,1.14721e+07,0,341630,0,0,56.3788,61.3098,1.27731,0,1,1.31524,1.31524,0,1.06499,1.90512,8.44406e+06,3.71658e+06,1.1106e+07,0,328655,0,0
53.0423,85.1408,1.39015,0.04,0.02,2.82391,2.82391,0,0.529115,4.6872,4.06315e+06,2.78055e+06,1.1474e+07,0,341685,0,0,55.6955,61.3098,1.33135,0,1,1.31545,1.31545,0,1.01615,1.90512,8.44406e+06,3.71658e+06,1.11077e+07,0,328708,0,0
51.4516,85.1408,1.23767,0.04,0.02,2.82436,2.82436,0,0.5292,4.6872,4.06315e+06,2.78055e+06,1.14758e+07,0,341740,0,0,55.5867,61.3098,0.946407,0,1,1.31566,1.31566,0,1.01632,1.90512,8.44406e+06,3.71658e+06,1.11095e+07,0,328761,0,0
50.2557,85.1408,1.63426,0.04,0.02,2.82482,2.82482,0,0.529286,4.6872,4.06315e+06,2.78055e+06,1.14777e+07,0,341795,0,0,55.9401,61.3098,2.31393,0,1,1.31588,1.31588,0,1.01648,1.90512,8.44406e+06,3.71658e+06,1.11113e+07,0,328815,0,0
51.8216,85.1408,4.41636,0.04,0.02,2.6125,2.6125,0,0.529371,4.6872,4.06315e+06,2.78055e+06,1.0615e+07,0,316105,0,0,57.1018,61.3098,4.51831,0,1,1.18389,1.18389,0,1.01665,1.90512,8.44406e+06,3.71658e+06,9.99685e+06,0,295834,0,0
52.2062,85.1408,3.06448,0.04,0.02,2.61292,2.61292,0,0.489582,4.6872,4.06315e+06,2.78055e+06,1.06167e+07,0,316156,0,0,56.6603,61.3098,1.52341,0,1,1.18408,1.18408,0,0.914675,1.90512,8.44406e+06,3.71658e+06,9.99847e+06,0,295882,0,0
52.0252,85.1408,2.46157,0.04,0.02,2.61334,2.61334,0,0.489661,4.6872,4.06315e+06,2.78055e+06,1.06184e+07,0,316208,0,0,56.343,61.3098,1.26175,0,1,1.18428,1.18428,0,0.914823,1.90512,8.44406e+06,3.71658e+06,1.00001e+07,0,295930,0,0
51.3084,85.1408,1.94247,0.04,0.02,2.61377,2.61377,0,0.489741,4.6872,4.06315e+06,2.78055e+06,1.06201e+07,0,316259,0,0,56.0175,61.3098,1.56154,0,1,1.18447,1.18447,0,0.914971,1.90512,8.44406e+06,3.71658e+06,1.00017e+07,0,295977,0,0
51.605,85.1408,2.999,0.04,0.02,2.61419,2.61419,0,0.48982,4.6872,4.06315e+06,2.78055e+06,1.06218e+07,0,316310,0,0,56.1646,61.3098,1.54941,0,1,1.18466,1.18466,0,0.915119,1.90512,8.44406e+06,3.71658e+06,1.00033e+07,0,296025,0,0
52.2869,85.1408,3.46432,0.04,0.02,2.69651,2.69651,0,0.489899,4.6872,4.06315e+06,2.78055e+06,1.09563e+07,0,326271,0,0,56.4755,61.3098,3.01967,0,1,1.22316,1.22316,0,0.915267,1.90512,8.44406e+06,3.71658e+06,1.03284e+07,0,305645,0,0
52.5353,85.1408,3.0103,0.03,0.02,2.69693,2.69693,0,0.505326,4.6872,4.06315e+06,2.78055e+06,1.0958e+07,0,326321,0,0,56.6537,61.3098,2.71042,0,1,1.22335,1.22335,0,0.945011,1.90512,8.44406e+06,3.71658e+06,1.033e+07,0,305693,0,0
54.4432,85.1408,4.85774,0.03,0.02,2.69735,2.69735,0,0.505405,4.6872,4.06315e+06,2.78055e+06,1.09597e+07,0,326372,0,0,57.1484,61.3098,3.30054,0,1,1.22354,1.22354,0,0.945157,1.90512,8.44406e+06,3.71658e+06,1.03316e+07,0,305740,0,0
55.6821,85.1408,4.12961,0.03,0.02,2.69776,2.69776,0,0.505483,4.6872,4.06315e+06,2.78055e+06,1.09614e+07,0,326422,0,0,57.8442,61.3098,4.35451,0,1,1.22372,1.22372,0,0.945303,1.90512,8.44406e+06,3.71658e+06,1.03332e+07,0,305787,0,0
58.0239,85.1408,5.54168,0.03,0.02,2.96136,2.96136,0,0.505561,4.6872,4.06315e+06,2.78055e+06,1.20324e+07,0,358316,0,0,58.593,61.3098,4.25635,0,1,1.36782,1.36782,0,0.94545,1.90512,8.44406e+06,3.71658e+06,1.155e+07,0,341794,0,0
57.8101,85.1408,2.87671,0.04,0.02,2.96181,2.96181,0,0.554958,4.6872,4.06315e+06,2.78055e+06,1.20343e+07,0,358372,0,0,58.6626,61.3098,3.28106,0,1,1.36803,1.36803,0,1.05678,1.90512,8.44406e+06,3.71658e+06,1.15517e+07,0,341847,0,0
57.6092,85.1408,2.87543,0.04,0.02,2.96227,2.96227,0,0.555044,4.6872,4.06315e+06,2.78055e+06,1.20362e+07,0,358427,0,0,58.7927,61.3098,3.42385,0,1,1.36824,1.36824,0,1.05694,1.90512,8.44406e+06,3.71658e+06,1.15535e+07,0,341900,0,0
57.639,85.1408,3.10973,0.04,0.02,2.96273,2.96273,0,0.55513,4.6872,4.06315e+06,2.78055e+06,1.2038e+07,0,358483,0,0,59.0298,61.3098,3.56683,0,1,1.36846,1.36846,0,1.05711,1.90512,8.44406e+06,3.71658e+06,1.15553e+07,0,341953,0,0
59.836,85.1408,5.07328,0.04,0.02,2.58759,2.58759,0,0.555216,4.6872,4.06315e+06,2.78055e+06,1.05138e+07,0,313091,0,0,59.6901,61.3098,4.19,0,1,1.17542,1.17542,0,1.05727,1.90512,8.44406e+06,3.71658e+06,9.92535e+06,0,293718,0,0
63.5593,85.1408,6.66569,0.02,0.02,2.58799,2.58799,0,0.484914,4.6872,4.06315e+06,2.78055e+06,1.05154e+07,0,313140,0,0,60.3638,61.3098,5.07527,0,1,1.17561,1.17561,0,0.908133,1.90512,8.44406e+06,3.71658e+06,9.92688e+06,0,293763,0,0
68.1994,85.1408,7.55647,0.02,0.02,2.58839,2.58839,0,0.484989,4.6872,4.06315e+06,2.78055e+06,1.0517e+07,0,313188,0,0,61.0836,61.3098,4.61413,0,1,1.17579,1.17579,0,0.908273,1.90512,8.44406e+06,3.71658e+06,9.92842e+06,0,293809,0,0
71.7356,85.1408,6.51751,0,0.02,2.58879,2.58879,0,0.485064,4.6872,4.06315e+06,2.78055e+06,1.05186e+07,0,313237,0,0,61.763,61.3098,4.66775,0,1,1.17597,1.17597,0,0.908414,1.90512,8.44406e+06,3.71658e+06,9.92996e+06,0,293854,0,0
73.8501,85.1408,5.0817,0,0.02,2.58919,2.58919,0,0.485139,4.6872,4.06315e+06,2.78055e+06,1.05203e+07,0,313285,0,0,62.338,61.3098,5.47292,0,1,1.17615,1.17615,0,0.908555,1.90512,8.44406e+06,3.71658e+06,9.9315e+06,0,293900,0,0
78.5156,85.1408,7.79451,0,0.02,2.68421,2.68421,0,0.485214,4.6872,4.06315e+06,2.78055e+06,1.09063e+07,0,324782,0,0,62.338,61.3098,3.53461,0,1,1.22365,1.22365,0,0.908695,1.90512,8.44406e+06,3.71658e+06,1.03325e+07,0,305768,0,0
85.1408,85.1408,11.8331,0,0.02,2.68462,2.68462,0,0.503021,4.6872,4.06315e+06,2.78055e+06,1.0908e+07,0,324832,0,0,62.338,61.3098,5.02027,0,1,1.22384,1.22384,0,0.945389,1.90512,8.44406e+06,3.71658e+06,1.03341e+07,0,305815,0,0
85.1408,85.1408,9.02801,0,0.02,2.68504,2.68504,0,0.503099,4.6872,4.06315e+06,2.78055e+06,1.09097e+07,0,324883,0,0,62.338,61.3098,3.80415,0,1,1.22402,1.22402,0,0.945535,1.90512,8.44406e+06,3.71658e+06,1.03357e+07,0,305862,0,0
85.1408,85.1408,7.33153,0,0.02,2.68546,2.68546,0,0.503177,4.6872,4.06315e+06,2.78055e+06,1.09114e+07,0,324933,0,0,62.338,61.3098,3.07882,0,1,1.22421,1.22421,0,0.945681,1.90512,8.44406e+06,3.71658e+06,1.03373e+07,0,305910,0,0
85.1408,85.1408,6.46483,0,0.02,2.64885,2.64885,0,0.503255,4.6872,4.06315e+06,2.78055e+06,1.07627e+07,0,320504,0,0,62.338,61.3098,2.50078,0,1,1.20602,1.20602,0,0.945828,1.90512,8.44406e+06,3.71658e+06,1.01837e+07,0,301363,0,0
85.1408,85.1408,5.51565,0,0.02,2.64926,2.64926,0,0.496395,4.6872,4.06315e+06,2.78055e+06,1.07644e+07,0,320554,0,0,62.3353,61.3098,2.17711,0,1,1.2062,1.2062,0,0.931769,1.90512,8.44406e+06,3.71658e+06,1.01853e+07,0,301409,0,0
85.1408,85.1408,5.02313,0,0.02,2.64967,2.64967,0,0.496472,4.6872,4.06315e+06,2.78055e+06,1.0766e+07,0,320603,0,0,62.338,61.3098,1.94527,0,1,1.20639,1.20639,0,0.931913,1.90512,8.44406e+06,3.71658e+06,1.01868e+07,0,301456,0,0
85.1408,85.1408,4.89578,0,0.02,2.65009,2.65009,0,0.496549,4.6872,4.06315e+06,2.78055e+06,1.07677e+07,0,320653,0,0,62.338,61.3098,2.12193,0,1,1.20658,1.20658,0,0.932058,1.90512,8.44406e+06,3.71658e+06,1.01884e+07,0,301503,0,0
85.1408,85.1408,4.53395,0,0.02,2.77623,2.77623,0,0.496626,4.6872,4.06315e+06,2.78055e+06,1.12802e+07,0,335916,0,0,62.338,61.3098,1.97346,0,1,1.27201,1.27201,0,0.932202,1.90512,8.44406e+06,3.71658e+06,1.07409e+07,0,317853,0,0
85.1408,85.1408,4.52433,0,0.02,2.77666,2.77666,0,0.520265,4.6872,4.06315e+06,2.78055e+06,1.1282e+07,0,335968,0,0,62.338,61.3098,2.19941,0,1,1.27221,1.27221,0,0.982754,1.90512,8.44406e+06,3.71658e+06,1.07426e+07,0,317902,0,0
85.1408,85.1408,4.0282,0,0.02,2.77709,2.77709,0,0.520346,4.6872,4.06315e+06,2.78055e+06,1.12837e+07,0,336020,0,0,62.338,61.3098,2.00839,0,1,1.2724,1.2724,0,0.982906,1.90512,8.44406e+06,3.71658e+06,1.07442e+07,0,317951,0,0
85.1408,85.1408,3.79737,0,0.02,2.77752,2.77752,0,0.520426,4.6872,4.06315e+06,2.78055e+06,1.12855e+07,0,336072,0,0,62.3132,61.3098,1.9316,0,1,1.2726,1.2726,0,0.983058,1.90512,8.44406e+06,3.71658e+06,1.07459e+07,0,318000,0,0
85.1408,85.1408,3.57675,0,0.02,2.77795,2.77795,0,0.520507,4.6872,4.06315e+06,2.78055e+06,1.12872e+07,0,336124,0,0,62.3041,61.3098,1.80468,0,1,1.2728,1.2728,0,0.983211,1.90512,8.44406e+06,3.71658e+06,1.07476e+07,0,318050,0,0
85.0255,85.1408,2.82677,0,0.02,2.75349,2.75349,0,0.520587,4.6872,4.06315e+06,2.78055e+06,1.11879e+07,0,333165,0,0,62.338,61.3098,2.88714,0,1,1.30888,1.30888,0,0.983363,1.90512,8.44406e+06,3.71658e+06,1.10523e+07,0,327066,0,0
84.6303,85.1408,2.5453,0,0.02,2.75392,2.75392,0,0.516005,4.6872,4.06315e+06,2.78055e+06,1.11896e+07,0,333217,0,0,62.338,61.3098,2.86508,0,1,1.30908,1.30908,0,1.01124,1.90512,8.44406e+06,3.71658e+06,1.1054e+07,0,327117,0,0
84.0203,85.1408,2.32587,0,0.02,2.75435,2.75435,0,0.516085,4.6872,4.06315e+06,2.78055e+06,1.11913e+07,0,333269,0,0,62.338,61.3098,2.88678,0,1,1.30929,1.30929,0,1.0114,1.90512,8.44406e+06,3.71658e+06,1.10557e+07,0,327168,0,0
83.1952,85.1408,2.09911,0,0.02,2.75477,2.75477,0,0.516165,4.6872,4.06315e+06,2.78055e+06,1.11931e+07,0,333320,0,0,62.338,61.3098,2.5606,0,1,1.30949,1.30949,0,1.01155,1.90512,8.44406e+06,3.71658e+06,1.10574e+07,0,327218,0,0
82.2984,85.1408,2.04332,0,0.02,2.8195,2.8195,0,0.516245,4.6872,4.06315e+06,2.78055e+06,1.14561e+07,0,341152,0,0,62.3251,61.3098,2.45127,0,1,1.3417,1.3417,0,1.01171,1.90512,8.44406e+06,3.71658e+06,1.13293e+07,0,335266,0,0
81.4464,85.1408,2.06206,0,0.02,2.81994,2.81994,0,0.528374,4.6872,4.06315e+06,2.78055e+06,1.14578e+07,0,341205,0,0,62.2749,61.3098,2.45803,0,1,1.3419,1.3419,0,1.03659,1.90512,8.44406e+06,3.71658e+06,1.13311e+07,0,335318,0,0
80.3725,85.1408,1.83049,0,0.02,2.82037,2.82037,0,0.528456,4.6872,4.06315e+06,2.78055e+06,1.14596e+07,0,341258,0,0,62.1889,61.3098,2.32648,0,1,1.34211,1.34211,0,1.03675,1.90512,8.44406e+06,3.71658e+06,1.13329e+07,0,335370,0,0
79.1554,85.1408,1.67573,0,0.02,2.82081,2.82081,0,0.528538,4.6872,4.06315e+06,2.78055e+06,1.14614e+07,0,341311,0,0,62.0843,61.3098,2.16785,0,1,1.34232,1.34232,0,1.03691,1.90512,8.44406e+06,3.71658e+06,1.13346e+07,0,335422,0,0
77.5771,85.1408,1.44566,0,0.02,3.00967,3.00967,0,0.52862,4.6872,4.06315e+06,2.78055e+06,1.22287e+07,0,364162,0,0,61.8556,61.3098,2.14964,0,1,1.45811,1.45811,0,1.03708,1.90512,8.44406e+06,3.71658e+06,1.23124e+07,0,364357,0,0
76.4701,85.1408,1.89776,0,0.02,3.01013,3.01013,0,0.564012,4.6872,4.06315e+06,2.78055e+06,1.22306e+07,0,364218,0,0,61.6306,61.3098,2.20857,0,1,1.45834,1.45834,0,1.12654,1.90512,8.44406e+06,3.71658e+06,1.23143e+07,0,364413,0,0
75.5719,85.1408,2.11071,0,0.02,3.0106,3.0106,0,0.564099,4.6872,4.06315e+06,2.78055e+06,1.22325e+07,0,364275,0,0,61.517,61.3098,2.70319,0,1,1.45856,1.45856,0,1.12671,1.90512,8.44406e+06,3.71658e+06,1.23162e+07,0,364470,0,0
74.26,85.1408,1.69916,0.01,0.02,3.01107,3.01107,0,0.564187,4.6872,4.06315e+06,2.78055e+06,1.22344e+07,0,364331,0,0,61.2395,61.3098,2.02994,0,1,1.45879,1.45879,0,1.12689,1.90512,8.44406e+06,3.71658e+06,1.23181e+07,0,364526,0,0
73.3037,85.1408,2.03358,0.01,0.02,3.01153,3.01153,0,0.564274,4.6872,4.06315e+06,2.78055e+06,1.22363e+07,0,364387,0,0,61.2623,61.3098,3.34071,0,1,1.45902,1.45902,0,1.12706,1.90512,8.44406e+06,3.71658e+06,1.232e+07,0,364583,0,0
72.6691,85.1408,2.30451,0,0.02,2.9201,2.9201,0,0.564361,4.6872,4.06315e+06,2.78055e+06,1.18648e+07,0,353324,0,0,61.2773,61.3098,2.7989,0,1,1.38903,1.38903,0,1.12724,1.90512,8.44406e+06,3.71658e+06,1.17291e+07,0,347095,0,0
72.4068,85.1408,2.69579,0.01,0.02,2.92055,2.92055,0,0.547227,4.6872,4.06315e+06,2.78055e+06,1.18666e+07,0,353379,0,0,61.4123,61.3098,2.97526,0,1,1.38925,1.38925,0,1.07317,1.90512,8.44406e+06,3.71658e+06,1.17309e+07,0,347149,0,0
73.1782,85.1408,3.76637,0.02,0.02,2.92101,2.92101,0,0.547312,4.6872,4.06315e+06,2.78055e+06,1.18685e+07,0,353434,0,0,61.6354,61.3098,3.32906,0,1,1.38946,1.38946,0,1.07333,1.90512,8.44406e+06,3.71658e+06,1.17327e+07,0,347202,0,0
75.3064,85.1408,5.23179,0.02,0.02,2.92146,2.92146,0,0.547396,4.6872,4.06315e+06,2.78055e+06,1.18703e+07,0,353489,0,0,62.338,61.3098,5.46614,0,1,1.38968,1.38968,0,1.0735,1.90512,8.44406e+06,3.71658e+06,1.17345e+07,0,347256,0,0
75.9038,85.1408,3.67427,0.02,0.02,2.84643,2.84643,0,0.547481,4.6872,4.06315e+06,2.78055e+06,1.15655e+07,0,344410,0,0,62.338,61.3098,3.78278,0,1,1.32594,1.32594,0,1.07367,1.90512,8.44406e+06,3.71658e+06,1.11963e+07,0,331330,0,0
75.6003,85.1408,2.73925,0.02,0.02,2.84687,2.84687,0,0.533421,4.6872,4.06315e+06,2.78055e+06,1.15673e+07,0,344464,0,0,62.338,61.3098,3.93145,0,1,1.32615,1.32615,0,1.02442,1.90512,8.44406e+06,3.71658e+06,1.11981e+07,0,331382,0,0
74.3713,85.1408,1.76651,0.02,0.02,2.84731,2.84731,0,0.533504,4.6872,4.06315e+06,2.78055e+06,1.15691e+07,0,344517,0,0,62.338,61.3098,3.25229,0,1,1.32636,1.32636,0,1.02458,1.90512,8.44406e+06,3.71658e+06,1.11998e+07,0,331433,0,0
74.6787,85.1408,3.51417,0.01,0.02,2.84775,2.84775,0,0.533586,4.6872,4.06315e+06,2.78055e+06,1.15709e+07,0,344571,0,0,62.338,61.3098,3.52593,0,1,1.32656,1.32656,0,1.02474,1.90512,8.44406e+06,3.71658e+06,1.12016e+07,0,331484,0,0
77.2217,85.1408,5.63748,0.01,0.02,2.63369,2.63369,0,0.533669,4.6872,4.06315e+06,2.78055e+06,1.07011e+07,0,318670,0,0,62.338,61.3098,3.72311,0,1,1.1935,1.1935,0,1.0249,1.90512,8.44406e+06,3.71658e+06,1.0078e+07,0,298234,0,0
76.8135,85.1408,2.54863,0,0.02,2.6341,2.6341,0,0.493554,4.6872,4.06315e+06,2.78055e+06,1.07028e+07,0,318719,0,0,62.338,61.3098,3.2504,0,1,1.19368,1.19368,0,0.922096,1.90512,8.44406e+06,3.71658e+06,1.00795e+07,0,298280,0,0
76.7176,85.1408,2.93119,0,0.02,2.63451,2.63451,0,0.493631,4.6872,4.06315e+06,2.78055e+06,1.07044e+07,0,318769,0,0,62.338,61.3098,4.62739,0,1,1.19387,1.19387,0,0.922239,1.90512,8.44406e+06,3.71658e+06,1.00811e+07,0,298327,0,0
77.1753,85.1408,3.51827,0,0.02,2.63492,2.63492,0,0.493707,4.6872,4.06315e+06,2.78055e+06,1.07061e+07,0,318818,0,0,62.338,61.3098,4.57176,0,1,1.19405,1.19405,0,0.922382,1.90512,8.44406e+06,3.71658e+06,1.00826e+07,0,298373,0,0
76.2603,85.1408,2.08631,0,0.02,2.63533,2.63533,0,0.493784,4.6872,4.06315e+06,2.78055e+06,1.07077e+07,0,318867,0,0,62.338,61.3098,3.72184,0,1,1.19424,1.19424,0,0.922525,1.90512,8.44406e+06,3.71658e+06,1.00842e+07,0,298419,0,0
77.2018,85.1408,4.11362,0.01,0.02,2.7183,2.7183,0,0.49386,4.6872,4.06315e+06,2.78055e+06,1.10449e+07,0,328907,0,0,62.338,61.3098,4.9563,0,1,1.23304,1.23304,0,0.922668,1.90512,8.44406e+06,3.71658e+06,1.04119e+07,0,308115,0,0
80.0321,85.1408,6.2231,0,0.02,2.7187,2.7187,0,0.509409,4.6872,4.06315e+06,2.78055e+06,1.10465e+07,0,328956,0,0,62.338,61.3098,6.53273,0,1,1.23322,1.23322,0,0.952647,1.90512,8.44406e+06,3.71658e+06,1.04134e+07,0,308161,0,0
81.5778,85.1408,4.85505,0,0.02,2.71911,2.71911,0,0.509485,4.6872,4.06315e+06,2.78055e+06,1.10481e+07,0,329005,0,0,62.338,61.3098,4.96506,0,1,1.23341,1.23341,0,0.952788,1.90512,8.44406e+06,3.71658e+06,1.0415e+07,0,308207,0,0
82.906,85.1408,4.59492,0,0.02,2.71951,2.71951,0,0.509561,4.6872,4.06315e+06,2.78055e+06,1.10498e+07,0,329054,0,0,62.338,61.3098,4.8258,0,1,1.23359,1.23359,0,0.95293,1.90512,8.44406e+06,3.71658e+06,1.04165e+07,0,308253,0,0
83.677,85.1408,4.25339,0,0.02,2.98521,2.98521,0,0.509637,4.6872,4.06315e+06,2.78055e+06,1.21294e+07,0,361203,0,0,62.338,61.3098,4.61012,0,1,1.37884,1.37884,0,0.953072,1.90512,8.44406e+06,3.71658e+06,1.1643e+07,0,344548,0,0
83.9649,85.1408,3.69676,0,0.02,2.98566,2.98566,0,0.559429,4.6872,4.06315e+06,2.78055e+06,1.21312e+07,0,361256,0,0,62.338,61.3098,4.50707,0,1,1.37904,1.37904,0,1.06529,1.90512,8.44406e+06,3.71658e+06,1.16447e+07,0,344599,0,0
84.4833,85.1408,4.12,0,0.02,2.9861,2.9861,0,0.559512,4.6872,4.06315e+06,2.78055e+06,1.2133e+07,0,361310,0,0,62.338,61.3098,4.45434,0,1,1.37925,1.37925,0,1.06545,1.90512,8.44406e+06,3.71658e+06,1.16465e+07,0,344650,0,0
84.7371,85.1408,3.79654,0,0.02,2.98654,2.98654,0,0.559595,4.6872,4.06315e+06,2.78055e+06,1.21348e+07,0,361364,0,0,62.338,61.3098,3.35031,0,1,1.37945,1.37945,0,1.06561,1.90512,8.44406e+06,3.71658e+06,1.16482e+07,0,344701,0,0
84.914,85.1408,3.31699,0,0.02,2.60837,2.60837,0,0.559678,4.6872,4.06315e+06,2.78055e+06,1.05982e+07,0,315605,0,0,62.338,61.3098,3.3972,0,1,1.18486,1.18486,0,1.06577,1.90512,8.44406e+06,3.71658e+06,1.00051e+07,0,296077,0,0
85.1408,85.1408,3.70923,0,0.02,2.60876,2.60876,0,0.488808,4.6872,4.06315e+06,2.78055e+06,1.05998e+07,0,315652,0,0,62.338,61.3098,3.28908,0,1,1.18504,1.18504,0,0.915426,1.90512,8.44406e+06,3.71658e+06,1.00065e+07,0,296121,0,0
85.1408,85.1408,3.59421,0,0.02,2.60914,2.60914,0,0.488881,4.6872,4.06315e+06,2.78055e+06,1.06013e+07,0,315699,0,0,62.338,61.3098,2.99519,0,1,1.18522,1.18522,0,0.915562,1.90512,8.44406e+06,3.71658e+06,1.0008e+07,0,296165,0,0
85.1408,85.1408,4.01019,0,0.02,2.60953,2.60953,0,0.488954,4.6872,4.06315e+06,2.78055e+06,1.06029e+07,0,315746,0,0,62.338,61.3098,4.58972,0,1,1.18539,1.18539,0,0.915698,1.90512,8.44406e+06,3.71658e+06,1.00095e+07,0,296209,0,0
85.1408,85.1408,6.24725,0,0.02,2.60992,2.60992,0,0.489026,4.6872,4.06315e+06,2.78055e+06,1.06045e+07,0,315793,0,0,62.338,61.3098,6.52547,0,1,1.18557,1.18557,0,0.915834,1.90512,8.44406e+06,3.71658e+06,1.0011e+07,0,296253,0,0
85.1408,85.1408,4.59886,0,0.02,2.70568,2.70568,0,0.489099,4.6872,4.06315e+06,2.78055e+06,1.09936e+07,0,327380,0,0,62.338,61.3098,4.72551,0,1,1.23343,1.23343,0,0.915971,1.90512,8.44406e+06,3.71658e+06,1.04152e+07,0,308214,0,0
84.8871,85.1408,2.9403,0,0.02,2.70609,2.70609,0,0.507045,4.6872,4.06315e+06,2.78055e+06,1.09952e+07,0,327429,0,0,61.9578,61.3098,2.89279,0,1,1.23362,1.23362,0,0.952952,1.90512,8.44406e+06,3.71658e+06,1.04167e+07,0,308260,0,0
83.8223,85.1408,2.04164,0,0.02,2.70649,2.70649,0,0.50712,4.6872,4.06315e+06,2.78055e+06,1.09969e+07,0,327478,0,0,61.834,61.3098,2.04049,0,1,1.2338,1.2338,0,0.953094,1.90512,8.44406e+06,3.71658e+06,1.04183e+07,0,308305,0,0
82.4512,85.1408,1.71221,0,0.02,2.70689,2.70689,0,0.507196,4.6872,4.06315e+06,2.78055e+06,1.09985e+07,0,327526,0,0,61.7863,61.3098,1.77914,0,1,1.23399,1.23399,0,0.953235,1.90512,8.44406e+06,3.71658e+06,1.04198e+07,0,308351,0,0
81.4725,85.1408,2.02633,0,0.02,2.66998,2.66998,0,0.507271,4.6872,4.06315e+06,2.78055e+06,1.08485e+07,0,323060,0,0,62.1035,61.3098,2.01264,0,1,1.21564,1.21564,0,0.953377,1.90512,8.44406e+06,3.71658e+06,1.02649e+07,0,303766,0,0
80.7109,85.1408,2.26993,0,0.02,2.67038,2.67038,0,0.500354,4.6872,4.06315e+06,2.78055e+06,1.08501e+07,0,323108,0,0,62.1794,61.3098,2.2775,0,1,1.21582,1.21582,0,0.9392,1.90512,8.44406e+06,3.71658e+06,1.02664e+07,0,303811,0,0
79.867,85.1408,2.08923,0,0.02,2.67077,2.67077,0,0.500429,4.6872,4.06315e+06,2.78055e+06,1.08518e+07,0,323156,0,0,62.338,61.3098,2.06111,0,1,1.216,1.216,0,0.93934,1.90512,8.44406e+06,3.71658e+06,1.02679e+07,0,303856,0,0
78.9799,85.1408,2.03671,0,0.02,2.67117,2.67117,0,0.500503,4.6872,4.06315e+06,2.78055e+06,1.08534e+07,0,323205,0,0,62.151,61.3098,2.31657,0,1,1.21618,1.21618,0,0.93948,1.90512,8.44406e+06,3.71658e+06,1.02695e+07,0,303902,0,0
77.9603,85.1408,2.00049,0,0.02,2.7983,2.7983,0,0.500578,4.6872,4.06315e+06,2.78055e+06,1.13699e+07,0,338587,0,0,62.338,61.3098,2.12343,0,1,1.28212,1.28212,0,0.939619,1.90512,8.44406e+06,3.71658e+06,1.08263e+07,0,320380,0,0
76.8972,85.1408,1.931,0,0.02,2.79872,2.79872,0,0.524401,4.6872,4.06315e+06,2.78055e+06,1.13716e+07,0,338637,0,0,62.338,61.3098,2.40033,0,1,1.28231,1.28231,0,0.990567,1.90512,8.44406e+06,3.71658e+06,1.08279e+07,0,320427,0,0
75.7885,85.1408,1.87223,0,0.02,2.79913,2.79913,0,0.524479,4.6872,4.06315e+06,2.78055e+06,1.13733e+07,0,338687,0,0,62.338,61.3098,2.43724,0,1,1.2825,1.2825,0,0.990715,1.90512,8.44406e+06,3.71658e+06,1.08295e+07,0,320475,0,0
74.5976,85.1408,1.77512,0,0.02,2.79955,2.79955,0,0.524557,4.6872,4.06315e+06,2.78055e+06,1.1375e+07,0,338738,0,0,62.338,61.3098,2.34682,0,1,1.28269,1.28269,0,0.990862,1.90512,8.44406e+06,3.71658e+06,1.08311e+07,0,320523,0,0
73.3147,85.1408,1.65747,0,0.02,2.79997,2.79997,0,0.524635,4.6872,4.06315e+06,2.78055e+06,1.13767e+07,0,338788,0,0,62.3108,61.3098,2.21195,0,1,1.28288,1.28288,0,0.99101,1.90512,8.44406e+06,3.71658e+06,1.08328e+07,0,320570,0,0
71.96,85.1408,1.49689,0,0.02,2.7753,2.7753,0,0.524714,4.6872,4.06315e+06,2.78055e+06,1.12765e+07,0,335804,0,0,62.1944,61.3098,1.926,0,1,1.31925,1.31925,0,0.991157,1.90512,8.44406e+06,3.71658e+06,1.11398e+07,0,329657,0,0
70.4951,85.1408,1.37538,0,0.02,2.77571,2.77571,0,0.520091,4.6872,4.06315e+06,2.78055e+06,1.12781e+07,0,335854,0,0,61.9922,61.3098,1.65876,0,1,1.31944,1.31944,0,1.01925,1.90512,8.44406e+06,3.71658e+06,1.11415e+07,0,329706,0,0
68.9263,85.1408,1.25929,0,0.02,2.77613,2.77613,0,0.520169,4.6872,4.06315e+06,2.78055e+06,1.12798e+07,0,335904,0,0,61.6426,61.3098,1.65521,0,1,1.31964,1.31964,0,1.0194,1.90512,8.44406e+06,3.71658e+06,1.11431e+07,0,329755,0,0
67.2585,85.1408,1.1388,0,0.02,2.77654,2.77654,0,0.520246,4.6872,4.06315e+06,2.78055e+06,1.12815e+07,0,335954,0,0,61.2068,61.3098,1.47635,0,1,1.31984,1.31984,0,1.01955,1.90512,8.44406e+06,3.71658e+06,1.11448e+07,0,329804,0,0
65.4985,85.1408,1.05128,0.01,0.02,2.84176,2.84176,0,0.520324,4.6872,4.06315e+06,2.78055e+06,1.15465e+07,0,343845,0,0,60.6486,61.3098,1.37665,0,1,1.35229,1.35229,0,1.01971,1.90512,8.44406e+06,3.71658e+06,1.14188e+07,0,337913,0,0
63.8699,85.1408,1.17624,0.01,0.02,2.84218,2.84218,0,0.532546,4.6872,4.06315e+06,2.78055e+06,1.15482e+07,0,343897,0,0,60.2479,61.3098,1.43059,0,1,1.35249,1.35249,0,1.04478,1.90512,8.44406e+06,3.71658e+06,1.14205e+07,0,337963,0,0
62.1697,85.1408,1.0744,0.01,0.02,2.84261,2.84261,0,0.532625,4.6872,4.06315e+06,2.78055e+06,1.15499e+07,0,343948,0,0,59.6284,61.3098,1.41863,0,1,1.35269,1.35269,0,1.04493,1.90512,8.44406e+06,3.71658e+06,1.14222e+07,0,338014,0,0
60.4013,85.1408,0.986196,0.02,0.02,2.84303,2.84303,0,0.532705,4.6872,4.06315e+06,2.78055e+06,1.15517e+07,0,343999,0,0,59.156,61.3098,1.24073,0,1,1.35289,1.35289,0,1.04509,1.90512,8.44406e+06,3.71658e+06,1.14239e+07,0,338064,0,0
58.5615,85.1408,1.03698,0.02,0.02,3.03336,3.03336,0,0.532784,4.6872,4.06315e+06,2.78055e+06,1.2325e+07,0,367028,0,0,58.2621,61.3098,1.46993,0,1,1.46959,1.46959,0,1.04524,1.90512,8.44406e+06,3.71658e+06,1.24093e+07,0,367224,0,0
56.5053,85.1408,0.79678,0.04,0.02,3.03381,3.03381,0,0.568451,4.6872,4.06315e+06,2.78055e+06,1.23268e+07,0,367082,0,0,57.2379,61.3098,1.00983,0,1,1.46981,1.46981,0,1.1354,1.90512,8.44406e+06,3.71658e+06,1.24111e+07,0,367279,0,0
54.3564,85.1408,0.669966,0.04,0.02,3.03426,3.03426,0,0.568535,4.6872,4.06315e+06,2.78055e+06,1.23286e+07,0,367137,0,0,56.1687,61.3098,0.874725,0,1,1.47003,1.47003,0,1.13557,1.90512,8.44406e+06,3.71658e+06,1.2413e+07,0,367334,0,0
52.2896,85.1408,0.721464,0.04,0.02,3.03471,3.03471,0,0.56862,4.6872,4.06315e+06,2.78055e+06,1.23305e+07,0,367192,0,0,55.2266,61.3098,0.882389,0,1,1.47024,1.47024,0,1.13574,1.90512,8.44406e+06,3.71658e+06,1.24148e+07,0,367388,0,0
50.6092,85.1408,1.11759,0.04,0.02,3.03516,3.03516,0,0.568705,4.6872,4.06315e+06,2.78055e+06,1.23323e+07,0,367246,0,0,54.5428,61.3098,1.05883,0,1,1.47046,1.47046,0,1.13591,1.90512,8.44406e+06,3.71658e+06,1.24167e+07,0,367443,0,0
49.7034,85.1408,1.79891,0.05,0.02,2.94299,2.94299,0,0.568789,4.6872,4.06315e+06,2.78055e+06,1.19578e+07,0,356094,0,0,54.0942,61.3098,1.5658,0,1,1.39992,1.39992,0,1.13608,1.90512,8.44406e+06,3.71658e+06,1.1821e+07,0,349816,0,0
48.0688,85.1408,1.08904,0.05,0.02,2.94343,2.94343,0,0.551517,4.6872,4.06315e+06,2.78055e+06,1.19596e+07,0,356147,0,0,53.2174,61.3098,1.24473,0,1,1.40013,1.40013,0,1.08158,1.90512,8.44406e+06,3.71658e+06,1.18228e+07,0,349868,0,0
46.1325,85.1408,0.722185,0.05,0.02,2.94387,2.94387,0,0.551599,4.6872,4.06315e+06,2.78055e+06,1.19614e+07,0,356200,0,0,52.4699,61.3098,0.843373,0,1,1.40034,1.40034,0,1.08174,1.90512,8.44406e+06,3.71658e+06,1.18245e+07,0,349920,0,0
44.8233,85.1408,1.36644,0.04,0.02,2.94431,2.94431,0,0.551681,4.6872,4.06315e+06,2.78055e+06,1.19632e+07,0,356253,0,0,52.4158,61.3098,1.26048,0,1,1.40055,1.40055,0,1.0819,1.90512,8.44406e+06,3.71658e+06,1.18263e+07,0,349972,0,0
44.5127,85.1408,2.39238,0.04,0.02,2.86868,2.86868,0,0.551763,4.6872,4.06315e+06,2.78055e+06,1.16559e+07,0,347102,0,0,52.747,61.3098,2.16852,0,1,1.33631,1.33631,0,1.08206,1.90512,8.44406e+06,3.71658e+06,1.12838e+07,0,333920,0,0
43.7963,85.1408,2.01465,0.04,0.02,2.8691,2.8691,0,0.53759,4.6872,4.06315e+06,2.78055e+06,1.16576e+07,0,347154,0,0,52.2179,61.3098,1.91122,0,1,1.33651,1.33651,0,1.03243,1.90512,8.44406e+06,3.71658e+06,1.12855e+07,0,333969,0,0
43.0005,85.1408,1.90698,0.04,0.02,2.86953,2.86953,0,0.53767,4.6872,4.06315e+06,2.78055e+06,1.16593e+07,0,347205,0,0,52.1056,61.3098,1.12336,0,1,1.3367,1.3367,0,1.03258,1.90512,8.44406e+06,3.71658e+06,1.12872e+07,0,334019,0,0
44.064,85.1408,3.83779,0.04,0.02,2.86996,2.86996,0,0.53775,4.6872,4.06315e+06,2.78055e+06,1.16611e+07,0,347257,0,0,52.4781,61.3098,2.67165,0,1,1.3369,1.3369,0,1.03274,1.90512,8.44406e+06,3.71658e+06,1.12889e+07,0,334069,0,0
48.8745,85.1408,7.63013,0.04,0.02,2.65421,2.65421,0,0.53783,4.6872,4.06315e+06,2.78055e+06,1.07845e+07,0,321152,0,0,53.5409,61.3098,5.57734,0,1,1.20279,1.20279,0,1.03289,1.90512,8.44406e+06,3.71658e+06,1.01565e+07,0,300557,0,0
50.8351,85.1408,4.70429,0.04,0.02,2.65461,2.65461,0,0.497399,4.6872,4.06315e+06,2.78055e+06,1.07861e+07,0,321200,0,0,53.4915,61.3098,1.42234,0,1,1.20297,1.20297,0,0.929279,1.90512,8.44406e+06,3.71658e+06,1.0158e+07,0,300602,0,0
52.1237,85.1408,4.11988,0.04,0.02,2.655,2.655,0,0.497473,4.6872,4.06315e+06,2.78055e+06,1.07877e+07,0,321248,0,0,54.3703,61.3098,3.71665,0,1,1.20315,1.20315,0,0.929417,1.90512,8.44406e+06,3.71658e+06,1.01595e+07,0,300647,0,0
53.2363,85.1408,3.94976,0.04,0.02,2.6554,2.6554,0,0.497547,4.6872,4.06315e+06,2.78055e+06,1.07893e+07,0,321296,0,0,54.338,61.3098,2.132,0,1,1.20333,1.20333,0,0.929556,1.90512,8.44406e+06,3.71658e+06,1.0161e+07,0,300692,0,0
53.0222,85.1408,2.51579,0.04,0.02,2.65579,2.65579,0,0.497621,4.6872,4.06315e+06,2.78055e+06,1.07909e+07,0,321344,0,0,54.3181,61.3098,1.50557,0,1,1.20351,1.20351,0,0.929694,1.90512,8.44406e+06,3.71658e+06,1.01625e+07,0,300736,0,0
53.918,85.1408,3.78437,0.04,0.02,2.73939,2.73939,0,0.497695,4.6872,4.06315e+06,2.78055e+06,1.11306e+07,0,331459,0,0,54.562,61.3098,2.45554,0,1,1.24261,1.24261,0,0.929833,1.90512,8.44406e+06,3.71658e+06,1.04927e+07,0,310506,0,0
60.2985,85.1408,9.54252,0.04,0.02,2.73978,2.73978,0,0.513362,4.6872,4.06315e+06,2.78055e+06,1.11322e+07,0,331507,0,0,55.8378,61.3098,5.51254,0,1,1.24279,1.24279,0,0.960039,1.90512,8.44406e+06,3.71658e+06,1.04941e+07,0,310550,0,0
66.531,85.1408,9.54717,0.03,0.02,2.74018,2.74018,0,0.513436,4.6872,4.06315e+06,2.78055e+06,1.11337e+07,0,331554,0,0,57.3767,61.3098,6.0992,0,1,1.24296,1.24296,0,0.960176,1.90512,8.44406e+06,3.71658e+06,1.04956e+07,0,310595,0,0
71.9865,85.1408,8.93515,0.03,0.02,2.74057,2.74057,0,0.513509,4.6872,4.06315e+06,2.78055e+06,1.11353e+07,0,331601,0,0,58.8391,61.3098,6.16582,0,1,1.24314,1.24314,0,0.960313,1.90512,8.44406e+06,3.71658e+06,1.04971e+07,0,310639,0,0
80.3727,85.1408,12.1735,0.01,0.02,3.00831,3.00831,0,0.513582,4.6872,4.06315e+06,2.78055e+06,1.22232e+07,0,363997,0,0,59.9997,61.3098,5.86308,0,1,1.38951,1.38951,0,0.96045,1.90512,8.44406e+06,3.71658e+06,1.17331e+07,0,347213,0,0
83.3773,85.1408,6.47796,0,0.02,3.00874,3.00874,0,0.563757,4.6872,4.06315e+06,2.78055e+06,1.22249e+07,0,364049,0,0,60.6179,61.3098,3.42451,0,1,1.3897,1.3897,0,1.07353,1.90512,8.44406e+06,3.71658e+06,1.17347e+07,0,347263,0,0
83.9358,85.1408,4.04281,0,0.02,3.00917,3.00917,0,0.563837,4.6872,4.06315e+06,2.78055e+06,1.22267e+07,0,364101,0,0,61.8393,61.3098,4.33926,0,1,1.3899,1.3899,0,1.07369,1.90512,8.44406e+06,3.71658e+06,1.17364e+07,0,347312,0,0
85.1408,85.1408,5.48693,0,0.02,3.0096,3.0096,0,0.563918,4.6872,4.06315e+06,2.78055e+06,1.22284e+07,0,364153,0,0,62.338,61.3098,4.59585,0,1,1.3901,1.3901,0,1.07384,1.90512,8.44406e+06,3.71658e+06,1.17381e+07,0,347362,0,0
85.1408,85.1408,4.96493,0,0.02,2.62849,2.62849,0,0.563998,4.6872,4.06315e+06,2.78055e+06,1.06799e+07,0,318040,0,0,62.338,61.3098,5.58211,0,1,1.194,1.194,0,1.07399,1.90512,8.44406e+06,3.71658e+06,1.00822e+07,0,298360,0,0
85.1408,85.1408,5.8683,0,0.02,2.62886,2.62886,0,0.492578,4.6872,4.06315e+06,2.78055e+06,1.06815e+07,0,318085,0,0,62.338,61.3098,5.50301,0,1,1.19417,1.19417,0,0.922486,1.90512,8.44406e+06,3.71658e+06,1.00837e+07,0,298403,0,0
85.1408,85.1408,7.96181,0,0.02,2.62924,2.62924,0,0.492649,4.6872,4.06315e+06,2.78055e+06,1.0683e+07,0,318131,0,0,62.338,61.3098,6.04722,0,1,1.19434,1.19434,0,0.922618,1.90512,8.44406e+06,3.71658e+06,1.00851e+07,0,298446,0,0
85.1408,85.1408,6.504,0,0.02,2.62961,2.62961,0,0.492719,4.6872,4.06315e+06,2.78055e+06,1.06845e+07,0,318176,0,0,62.338,61.3098,4.03448,0,1,1.19451,1.19451,0,0.92275,1.90512,8.44406e+06,3.71658e+06,1.00865e+07,0,298488,0,0
85.1408,85.1408,4.5946,0,0.02,2.62999,2.62999,0,0.49279,4.6872,4.06315e+06,2.78055e+06,1.0686e+07,0,318222,0,0,62.338,61.3098,3.27785,0,1,1.19469,1.19469,0,0.922882,1.90512,8.44406e+06,3.71658e+06,1.0088e+07,0,298531,0,0
85.1408,85.1408,4.63689,0,0.02,2.72647,2.72647,0,0.49286,4.6872,4.06315e+06,2.78055e+06,1.10781e+07,0,329896,0,0,62.338,61.3098,3.31969,0,1,1.24291,1.24291,0,0.923014,1.90512,8.44406e+06,3.71658e+06,1.04952e+07,0,310582,0,0
85.1408,85.1408,3.94986,0,0.02,2.72686,2.72686,0,0.510941,4.6872,4.06315e+06,2.78055e+06,1.10797e+07,0,329943,0,0,62.3222,61.3098,3.15089,0,1,1.24309,1.24309,0,0.960274,1.90512,8.44406e+06,3.71658e+06,1.04967e+07,0,310626,0,0
85.1408,85.1408,3.21739,0,0.02,2.72725,2.72725,0,0.511014,4.6872,4.06315e+06,2.78055e+06,1.10812e+07,0,329990,0,0,62.2457,61.3098,2.62967,0,1,1.24327,1.24327,0,0.960411,1.90512,8.44406e+06,3.71658e+06,1.04982e+07,0,310671,0,0
85.1408,85.1408,3.31515,0,0.02,2.72764,2.72764,0,0.511087,4.6872,4.06315e+06,2.78055e+06,1.10828e+07,0,330037,0,0,62.1787,61.3098,2.54076,0,1,1.24345,1.24345,0,0.960548,1.90512,8.44406e+06,3.71658e+06,1.04997e+07,0,310715,0,0
85.1408,85.1408,3.11502,0,0.02,2.69043,2.69043,0,0.51116,4.6872,4.06315e+06,2.78055e+06,1.09316e+07,0,325535,0,0,62.3202,61.3098,2.36212,0,1,1.22495,1.22495,0,0.960686,1.90512,8.44406e+06,3.71658e+06,1.03435e+07,0,306093,0,0
85.1408,85.1408,3.33105,0,0.02,2.69082,2.69082,0,0.504187,4.6872,4.06315e+06,2.78055e+06,1.09332e+07,0,325582,0,0,62.0871,61.3098,2.56753,0,1,1.22512,1.22512,0,0.946395,1.90512,8.44406e+06,3.71658e+06,1.0345e+07,0,306137,0,0
85.1278,85.1408,3.00935,0,0.02,2.6912,2.6912,0,0.504259,4.6872,4.06315e+06,2.78055e+06,1.09348e+07,0,325628,0,0,62.2102,61.3098,2.23665,0,1,1.2253,1.2253,0,0.94653,1.90512,8.44406e+06,3.71658e+06,1.03465e+07,0,306181,0,0
85.1408,85.1408,3.51259,0,0.02,2.69159,2.69159,0,0.504331,4.6872,4.06315e+06,2.78055e+06,1.09363e+07,0,325675,0,0,62.213,61.3098,2.17352,0,1,1.22547,1.22547,0,0.946665,1.90512,8.44406e+06,3.71658e+06,1.0348e+07,0,306224,0,0
84.8993,85.1408,2.80517,0,0.02,2.81967,2.81967,0,0.504403,4.6872,4.06315e+06,2.78055e+06,1.14567e+07,0,341173,0,0,62.2437,61.3098,2.15234,0,1,1.29191,1.29191,0,0.946801,1.90512,8.44406e+06,3.71658e+06,1.0909e+07,0,322827,0,0
84.7055,85.1408,2.84441,0,0.02,2.82007,2.82007,0,0.528406,4.6872,4.06315e+06,2.78055e+06,1.14584e+07,0,341221,0,0,62.2805,61.3098,2.09793,0,1,1.2921,1.2921,0,0.998132,1.90512,8.44406e+06,3.71658e+06,1.09105e+07,0,322873,0,0
84.3708,85.1408,2.68801,0,0.02,2.82048,2.82048,0,0.528482,4.6872,4.06315e+06,2.78055e+06,1.146e+07,0,341270,0,0,62.3321,61.3098,2.14321,0,1,1.29228,1.29228,0,0.998275,1.90512,8.44406e+06,3.71658e+06,1.09121e+07,0,322919,0,0
83.9582,85.1408,2.60164,0,0.02,2.82088,2.82088,0,0.528557,4.6872,4.06315e+06,2.78055e+06,1.14617e+07,0,341319,0,0,62.212,61.3098,2.13007,0,1,1.29247,1.29247,0,0.998418,1.90512,8.44406e+06,3.71658e+06,1.09137e+07,0,322965,0,0
83.3905,85.1408,2.43653,0,0.02,2.82128,2.82128,0,0.528633,4.6872,4.06315e+06,2.78055e+06,1.14633e+07,0,341368,0,0,62.338,61.3098,1.94752,0,1,1.29265,1.29265,0,0.99856,1.90512,8.44406e+06,3.71658e+06,1.09152e+07,0,323011,0,0
82.5285,85.1408,2.08491,0,0.02,2.79641,2.79641,0,0.528708,4.6872,4.06315e+06,2.78055e+06,1.13623e+07,0,338359,0,0,62.338,61.3098,2.50048,0,1,1.32928,1.32928,0,0.998703,1.90512,8.44406e+06,3.71658e+06,1.12245e+07,0,332165,0,0
81.4772,85.1408,1.88283,0,0.02,2.79681,2.79681,0,0.524048,4.6872,4.06315e+06,2.78055e+06,1.13639e+07,0,338407,0,0,62.338,61.3098,3.04417,0,1,1.32947,1.32947,0,1.027,1.90512,8.44406e+06,3.71658e+06,1.12261e+07,0,332212,0,0
80.3831,85.1408,1.82716,0,0.02,2.79721,2.79721,0,0.524123,4.6872,4.06315e+06,2.78055e+06,1.13655e+07,0,338455,0,0,62.338,61.3098,2.99507,0,1,1.32966,1.32966,0,1.02715,1.90512,8.44406e+06,3.71658e+06,1.12278e+07,0,332260,0,0
79.1718,85.1408,1.67051,0,0.02,2.79761,2.79761,0,0.524198,4.6872,4.06315e+06,2.78055e+06,1.13671e+07,0,338504,0,0,62.338,61.3098,2.79647,0,1,1.32985,1.32985,0,1.0273,1.90512,8.44406e+06,3.71658e+06,1.12294e+07,0,332307,0,0
77.7959,85.1408,1.54395,0,0.02,2.86331,2.86331,0,0.524273,4.6872,4.06315e+06,2.78055e+06,1.16341e+07,0,346453,0,0,62.338,61.3098,2.74749,0,1,1.36254,1.36254,0,1.02745,1.90512,8.44406e+06,3.71658e+06,1.15054e+07,0,340476,0,0
76.7044,85.1408,1.80126,0,0.02,2.86372,2.86372,0,0.536585,4.6872,4.06315e+06,2.78055e+06,1.16357e+07,0,346503,0,0,62.338,61.3098,2.7091,0,1,1.36274,1.36274,0,1.0527,1.90512,8.44406e+06,3.71658e+06,1.1507e+07,0,340525,0,0
75.6364,85.1408,1.84129,0,0.02,2.86413,2.86413,0,0.536662,4.6872,4.06315e+06,2.78055e+06,1.16374e+07,0,346552,0,0,62.338,61.3098,2.88216,0,1,1.36293,1.36293,0,1.05285,1.90512,8.44406e+06,3.71658e+06,1.15087e+07,0,340573,0,0
74.4656,85.1408,1.70815,0,0.02,2.86454,2.86454,0,0.536739,4.6872,4.06315e+06,2.78055e+06,1.16391e+07,0,346602,0,0,62.338,61.3098,2.78517,0,1,1.36313,1.36313,0,1.053,1.90512,8.44406e+06,3.71658e+06,1.15103e+07,0,340622,0,0
72.9998,85.1408,1.55529,0,0.02,3.05629,3.05629,0,0.536815,4.6872,4.06315e+06,2.78055e+06,1.24182e+07,0,369803,0,0,62.3082,61.3098,2.43778,0,1,1.4807,1.4807,0,1.05315,1.90512,8.44406e+06,3.71658e+06,1.25031e+07,0,370001,0,0
71.3781,85.1408,1.37692,0,0.02,3.05673,3.05673,0,0.572749,4.6872,4.06315e+06,2.78055e+06,1.24199e+07,0,369856,0,0,62.3368,61.3098,2.71169,0,1,1.48091,1.48091,0,1.14399,1.90512,8.44406e+06,3.71658e+06,1.25049e+07,0,370054,0,0
69.5492,85.1408,1.14979,0,0.02,3.05716,3.05716,0,0.572831,4.6872,4.06315e+06,2.78055e+06,1.24217e+07,0,369909,0,0,62.2463,61.3098,2.14207,0,1,1.48112,1.48112,0,1.14415,1.90512,8.44406e+06,3.71658e+06,1.25067e+07,0,370107,0,0
67.9938,85.1408,1.40703,0.01,0.02,3.0576,3.0576,0,0.572913,4.6872,4.06315e+06,2.78055e+06,1.24235e+07,0,369962,0,0,62.2023,61.3098,2.35799,0,1,1.48134,1.48134,0,1.14432,1.90512,8.44406e+06,3.71658e+06,1.25085e+07,0,370160,0,0
66.1241,85.1408,1.07812,0.03,0.02,3.05804,3.05804,0,0.572995,4.6872,4.06315e+06,2.78055e+06,1.24253e+07,0,370014,0,0,61.8957,61.3098,2.11669,0,1,1.48155,1.48155,0,1.14448,1.90512,8.44406e+06,3.71658e+06,1.25103e+07,0,370213,0,0
64.2931,85.1408,1.05991,0.04,0.02,2.96516,2.96516,0,0.573077,4.6872,4.06315e+06,2.78055e+06,1.20479e+07,0,358776,0,0,61.0183,61.3098,1.53788,0,1,1.41047,1.41047,0,1.14464,1.90512,8.44406e+06,3.71658e+06,1.191e+07,0,352451,0,0
62.501,85.1408,1.13724,0.04,0.02,2.96558,2.96558,0,0.555671,4.6872,4.06315e+06,2.78055e+06,1.20496e+07,0,358828,0,0,60.3366,61.3098,0.956695,0,1,1.41067,1.41067,0,1.08973,1.90512,8.44406e+06,3.71658e+06,1.19118e+07,0,352501,0,0
60.7545,85.1408,1.18432,0.04,0.02,2.96601,2.96601,0,0.55575,4.6872,4.06315e+06,2.78055e+06,1.20513e+07,0,358879,0,0,60.027,61.3098,1.44482,0,1,1.41087,1.41087,0,1.08988,1.90512,8.44406e+06,3.71658e+06,1.19135e+07,0,352551,0,0
59.0179,85.1408,1.17279,0.04,0.02,2.96643,2.96643,0,0.55583,4.6872,4.06315e+06,2.78055e+06,1.20531e+07,0,358930,0,0,59.7624,61.3098,1.68147,0,1,1.41107,1.41107,0,1.09004,1.90512,8.44406e+06,3.71658e+06,1.19152e+07,0,352602,0,0
57.2308,85.1408,1.03174,0.04,0.02,2.89021,2.89021,0,0.555909,4.6872,4.06315e+06,2.78055e+06,1.17434e+07,0,349708,0,0,59.2376,61.3098,1.52969,0,1,1.34634,1.34634,0,1.09019,1.90512,8.44406e+06,3.71658e+06,1.13686e+07,0,336427,0,0
55.6525,85.1408,1.38529,0.04,0.02,2.89063,2.89063,0,0.541626,4.6872,4.06315e+06,2.78055e+06,1.17451e+07,0,349758,0,0,59.1698,61.3098,1.06769,0,1,1.34653,1.34653,0,1.04018,1.90512,8.44406e+06,3.71658e+06,1.13702e+07,0,336475,0,0
55.9233,85.1408,3.31227,0.04,0.02,2.89104,2.89104,0,0.541704,4.6872,4.06315e+06,2.78055e+06,1.17467e+07,0,349808,0,0,59.8512,61.3098,2.90073,0,1,1.34673,1.34673,0,1.04033,1.90512,8.44406e+06,3.71658e+06,1.13718e+07,0,336523,0,0
57.3887,85.1408,4.6399,0.04,0.02,2.89145,2.89145,0,0.541781,4.6872,4.06315e+06,2.78055e+06,1.17484e+07,0,349858,0,0,60.9962,61.3098,4.70747,0,1,1.34692,1.34692,0,1.04048,1.90512,8.44406e+06,3.71658e+06,1.13734e+07,0,336571,0,0
58.5137,85.1408,4.00113,0.04,0.02,2.67408,2.67408,0,0.541859,4.6872,4.06315e+06,2.78055e+06,1.08652e+07,0,323556,0,0,62.0169,61.3098,3.66756,0,1,1.2118,1.2118,0,1.04063,1.90512,8.44406e+06,3.71658e+06,1.02325e+07,0,302807,0,0
61.1574,85.1408,5.72731,0.04,0.02,2.67446,2.67446,0,0.501122,4.6872,4.06315e+06,2.78055e+06,1.08667e+07,0,323602,0,0,62.3317,61.3098,3.42695,0,1,1.21197,1.21197,0,0.936235,1.90512,8.44406e+06,3.71658e+06,1.0234e+07,0,302850,0,0
65.6193,85.1408,7.67545,0.03,0.02,2.67484,2.67484,0,0.501194,4.6872,4.06315e+06,2.78055e+06,1.08683e+07,0,323649,0,0,62.338,61.3098,3.87898,0,1,1.21214,1.21214,0,0.936369,1.90512,8.44406e+06,3.71658e+06,1.02354e+07,0,302894,0,0
68.2662,85.1408,5.86753,0.03,0.02,2.67523,2.67523,0,0.501266,4.6872,4.06315e+06,2.78055e+06,1.08698e+07,0,323695,0,0,62.338,61.3098,4.26602,0,1,1.21232,1.21232,0,0.936503,1.90512,8.44406e+06,3.71658e+06,1.02369e+07,0,302937,0,0
70.9099,85.1408,5.82396,0.01,0.02,2.67561,2.67561,0,0.501337,4.6872,4.06315e+06,2.78055e+06,1.08714e+07,0,323741,0,0,62.338,61.3098,6.39062,0,1,1.21249,1.21249,0,0.936637,1.90512,8.44406e+06,3.71658e+06,1.02383e+07,0,302980,0,0
73.9186,85.1408,6.26295,0.01,0.02,2.67561,2.67561,0,0.501409,4.6872,4.06315e+06,2.78055e+06,1.08714e+07,0,323741,0,0,62.338,61.3098,5.62537,0,1,1.21249,1.21249,0,0.936771,1.90512,8.44406e+06,3.71658e+06,1.02383e+07,0,302980,0,0
75.9578,85.1408,5.34933,0.01,0.02,2.75982,2.75982,0,0.501409,4.6872,4.06315e+06,2.78055e+06,1.12136e+07,0,333930,0,0,62.338,61.3098,5.38545,0,1,1.25187,1.25187,0,0.936771,1.90512,8.44406e+06,3.71658e+06,1.05709e+07,0,312821,0,0
77.2795,85.1408,4.56894,0.01,0.02,2.7602,2.7602,0,0.51719,4.6872,4.06315e+06,2.78055e+06,1.12151e+07,0,333976,0,0,62.338,61.3098,4.54426,0,1,1.25204,1.25204,0,0.967197,1.90512,8.44406e+06,3.71658e+06,1.05723e+07,0,312864,0,0
79.775,85.1408,5.73208,0,0.02,2.76057,2.76057,0,0.517261,4.6872,4.06315e+06,2.78055e+06,1.12166e+07,0,334022,0,0,62.338,61.3098,5.57382,0,1,1.25222,1.25222,0,0.967329,1.90512,8.44406e+06,3.71658e+06,1.05738e+07,0,312907,0,0
80.7136,85.1408,4.30248,0,0.02,2.76095,2.76095,0,0.517332,4.6872,4.06315e+06,2.78055e+06,1.12182e+07,0,334068,0,0,62.338,61.3098,4.15737,0,1,1.25239,1.25239,0,0.967462,1.90512,8.44406e+06,3.71658e+06,1.05752e+07,0,312950,0,0
85.0493,85.1408,8.27766,0,0.02,3.03067,3.03067,0,0.517403,4.6872,4.06315e+06,2.78055e+06,1.23141e+07,0,366702,0,0,62.338,61.3098,8.42363,0,1,1.39983,1.39983,0,0.967595,1.90512,8.44406e+06,3.71658e+06,1.18203e+07,0,349794,0,0
85.1408,85.1408,5.82764,0,0.02,3.03108,3.03108,0,0.567947,4.6872,4.06315e+06,2.78055e+06,1.23157e+07,0,366753,0,0,62.338,61.3098,6.24725,0,1,1.40003,1.40003,0,1.08151,1.90512,8.44406e+06,3.71658e+06,1.18219e+07,0,349842,0,0
85.1408,85.1408,4.67255,0,0.02,3.0315,3.0315,0,0.568025,4.6872,4.06315e+06,2.78055e+06,1.23174e+07,0,366803,0,0,62.338,61.3098,3.90801,0,1,1.40022,1.40022,0,1.08166,1.90512,8.44406e+06,3.71658e+06,1.18235e+07,0,349890,0,0
85.1408,85.1408,3.99952,0,0.02,3.03191,3.03191,0,0.568103,4.6872,4.06315e+06,2.78055e+06,1.23191e+07,0,366853,0,0,62.338,61.3098,3.23965,0,1,1.40041,1.40041,0,1.08181,1.90512,8.44406e+06,3.71658e+06,1.18251e+07,0,349938,0,0
85.1408,85.1408,7.61281,0,0.02,2.64796,2.64796,0,0.56818,4.6872,4.06315e+06,2.78055e+06,1.07591e+07,0,320396,0,0,62.338,61.3098,6.28606,0,1,1.20285,1.20285,0,1.08196,1.90512,8.44406e+06,3.71658e+06,1.01569e+07,0,300571,0,0
85.1408,85.1408,7.73251,0,0.02,2.64832,2.64832,0,0.496228,4.6872,4.06315e+06,2.78055e+06,1.07605e+07,0,320440,0,0,62.338,61.3098,6.90053,0,1,1.20301,1.20301,0,0.929322,1.90512,8.44406e+06,3.71658e+06,1.01583e+07,0,300612,0,0
85.1408,85.1408,7.77908,0,0.02,2.64869,2.64869,0,0.496296,4.6872,4.06315e+06,2.78055e+06,1.0762e+07,0,320484,0,0,62.338,61.3098,6.25701,0,1,1.20318,1.20318,0,0.929449,1.90512,8.44406e+06,3.71658e+06,1.01597e+07,0,300654,0,0
85.1408,85.1408,9.48137,0,0.02,2.64905,2.64905,0,0.496364,4.6872,4.06315e+06,2.78055e+06,1.07635e+07,0,320528,0,0,62.338,61.3098,8.18962,0,1,1.20334,1.20334,0,0.929577,1.90512,8.44406e+06,3.71658e+06,1.01611e+07,0,300695,0,0
85.1408,85.1408,9.25834,0,0.02,2.64941,2.64941,0,0.496432,4.6872,4.06315e+06,2.78055e+06,1.0765e+07,0,320572,0,0,62.338,61.3098,6.17754,0,1,1.20351,1.20351,0,0.929704,1.90512,8.44406e+06,3.71658e+06,1.01625e+07,0,300736,0,0
85.1408,85.1408,12.0266,0,0.02,2.7466,2.7466,0,0.4965,4.6872,4.06315e+06,2.78055e+06,1.11598e+07,0,332331,0,0,62.338,61.3098,5.81053,0,1,1.25209,1.25209,0,0.929832,1.90512,8.44406e+06,3.71658e+06,1.05727e+07,0,312874,0,0
85.1408,85.1408,9.95844,0,0.02,2.74697,2.74697,0,0.514712,4.6872,4.06315e+06,2.78055e+06,1.11614e+07,0,332376,0,0,62.338,61.3098,5.55805,0,1,1.25226,1.25226,0,0.967361,1.90512,8.44406e+06,3.71658e+06,1.05741e+07,0,312917,0,0
85.1408,85.1408,8.00565,0,0.02,2.74735,2.74735,0,0.514783,4.6872,4.06315e+06,2.78055e+06,1.11629e+07,0,332422,0,0,62.338,61.3098,3.83416,0,1,1.25243,1.25243,0,0.967494,1.90512,8.44406e+06,3.71658e+06,1.05756e+07,0,312960,0,0
85.1408,85.1408,6.99678,0,0.02,2.74773,2.74773,0,0.514853,4.6872,4.06315e+06,2.78055e+06,1.11644e+07,0,332467,0,0,62.338,61.3098,3.08158,0,1,1.2526,1.2526,0,0.967627,1.90512,8.44406e+06,3.71658e+06,1.0577e+07,0,313003,0,0
85.1408,85.1408,6.59312,0,0.02,2.71023,2.71023,0,0.514924,4.6872,4.06315e+06,2.78055e+06,1.10121e+07,0,327930,0,0,62.338,61.3098,2.81288,0,1,1.23396,1.23396,0,0.967759,1.90512,8.44406e+06,3.71658e+06,1.04196e+07,0,308345,0,0
85.1408,85.1408,6.1713,0,0.02,2.7106,2.7106,0,0.507897,4.6872,4.06315e+06,2.78055e+06,1.10136e+07,0,327975,0,0,62.338,61.3098,2.65011,0,1,1.23413,1.23413,0,0.953358,1.90512,8.44406e+06,3.71658e+06,1.04211e+07,0,308387,0,0
85.1408,85.1408,5.58737,0,0.02,2.71097,2.71097,0,0.507966,4.6872,4.06315e+06,2.78055e+06,1.10151e+07,0,328020,0,0,62.338,61.3098,2.43218,0,1,1.2343,1.2343,0,0.953488,1.90512,8.44406e+06,3.71658e+06,1.04225e+07,0,308430,0,0
85.1408,85.1408,5.19225,0,0.02,2.71134,2.71134,0,0.508036,4.6872,4.06315e+06,2.78055e+06,1.10166e+07,0,328065,0,0,62.2989,61.3098,2.09404,0,1,1.23447,1.23447,0,0.953619,1.90512,8.44406e+06,3.71658e+06,1.04239e+07,0,308472,0,0
85.1408,85.1408,5.08013,0,0.02,2.84035,2.84035,0,0.508106,4.6872,4.06315e+06,2.78055e+06,1.15408e+07,0,343675,0,0,62.2223,61.3098,2.03704,0,1,1.30139,1.30139,0,0.95375,1.90512,8.44406e+06,3.71658e+06,1.0989e+07,0,325194,0,0
85.1408,85.1408,4.84651,0,0.02,2.84074,2.84074,0,0.532282,4.6872,4.06315e+06,2.78055e+06,1.15424e+07,0,343722,0,0,62.338,61.3098,1.95821,0,1,1.30157,1.30157,0,1.00545,1.90512,8.44406e+06,3.71658e+06,1.09905e+07,0,325239,0,0
85.1408,85.1408,4.60154,0,0.02,2.84113,2.84113,0,0.532355,4.6872,4.06315e+06,2.78055e+06,1.15439e+07,0,343769,0,0,62.338,61.3098,2.05543,0,1,1.30175,1.30175,0,1.00559,1.90512,8.44406e+06,3.71658e+06,1.0992e+07,0,325283,0,0
85.1408,85.1408,4.2708,0,0.02,2.84152,2.84152,0,0.532428,4.6872,4.06315e+06,2.78055e+06,1.15455e+07,0,343816,0,0,62.338,61.3098,1.98328,0,1,1.30192,1.30192,0,1.00573,1.90512,8.44406e+06,3.71658e+06,1.09935e+07,0,325328,0,0
85.1408,85.1408,3.28714,0,0.02,2.84191,2.84191,0,0.532501,4.6872,4.06315e+06,2.78055e+06,1.15471e+07,0,343863,0,0,62.338,61.3098,2.11667,0,1,1.3021,1.3021,0,1.00587,1.90512,8.44406e+06,3.71658e+06,1.0995e+07,0,325373,0,0
84.2124,85.1408,2.08733,0,0.02,2.81684,2.81684,0,0.532574,4.6872,4.06315e+06,2.78055e+06,1.14453e+07,0,340830,0,0,62.338,61.3098,2.20475,0,1,1.33899,1.33899,0,1.006,1.90512,8.44406e+06,3.71658e+06,1.13065e+07,0,334591,0,0
83.1158,85.1408,1.91289,0,0.02,2.81723,2.81723,0,0.527876,4.6872,4.06315e+06,2.78055e+06,1.14468e+07,0,340877,0,0,62.3374,61.3098,2.20155,0,1,1.33918,1.33918,0,1.03451,1.90512,8.44406e+06,3.71658e+06,1.13081e+07,0,334637,0,0
81.8575,85.1408,1.72971,0,0.02,2.81762,2.81762,0,0.527949,4.6872,4.06315e+06,2.78055e+06,1.14484e+07,0,340924,0,0,62.2975,61.3098,1.95678,0,1,1.33936,1.33936,0,1.03465,1.90512,8.44406e+06,3.71658e+06,1.13096e+07,0,334683,0,0
80.5589,85.1408,1.64169,0,0.02,2.818,2.818,0,0.528021,4.6872,4.06315e+06,2.78055e+06,1.145e+07,0,340971,0,0,62.1645,61.3098,1.93674,0,1,1.33955,1.33955,0,1.03479,1.90512,8.44406e+06,3.71658e+06,1.13112e+07,0,334729,0,0
79.1427,85.1408,1.5649,0,0.02,2.88416,2.88416,0,0.528094,4.6872,4.06315e+06,2.78055e+06,1.17188e+07,0,348976,0,0,61.8527,61.3098,1.82776,0,1,1.37247,1.37247,0,1.03493,1.90512,8.44406e+06,3.71658e+06,1.15892e+07,0,342955,0,0
77.6131,85.1408,1.43699,0,0.02,2.88456,2.88456,0,0.540492,4.6872,4.06315e+06,2.78055e+06,1.17204e+07,0,349024,0,0,61.5976,61.3098,1.59252,0,1,1.37265,1.37265,0,1.06037,1.90512,8.44406e+06,3.71658e+06,1.15908e+07,0,343002,0,0
76.1776,85.1408,1.50986,0,0.02,2.88496,2.88496,0,0.540567,4.6872,4.06315e+06,2.78055e+06,1.1722e+07,0,349072,0,0,61.3956,61.3098,1.8907,0,1,1.37284,1.37284,0,1.06051,1.90512,8.44406e+06,3.71658e+06,1.15924e+07,0,343049,0,0
74.7667,85.1408,1.51932,0,0.02,2.88535,2.88535,0,0.540641,4.6872,4.06315e+06,2.78055e+06,1.17236e+07,0,349120,0,0,61.2231,61.3098,1.91712,0,1,1.37303,1.37303,0,1.06066,1.90512,8.44406e+06,3.71658e+06,1.15939e+07,0,343096,0,0
73.458,85.1408,1.7712,0,0.02,3.07847,3.07847,0,0.540715,4.6872,4.06315e+06,2.78055e+06,1.25083e+07,0,372487,0,0,60.9467,61.3098,2.12094,0,1,1.49145,1.49145,0,1.0608,1.90512,8.44406e+06,3.71658e+06,1.25939e+07,0,372687,0,0
72.1758,85.1408,1.77933,0.01,0.02,3.0789,3.0789,0,0.576906,4.6872,4.06315e+06,2.78055e+06,1.251e+07,0,372538,0,0,60.6187,61.3098,2.00558,0,1,1.49165,1.49165,0,1.15229,1.90512,8.44406e+06,3.71658e+06,1.25956e+07,0,372738,0,0
70.6077,85.1408,1.5085,0.01,0.02,3.07932,3.07932,0,0.576985,4.6872,4.06315e+06,2.78055e+06,1.25117e+07,0,372589,0,0,60.2345,61.3098,1.76638,0,1,1.49186,1.49186,0,1.15245,1.90512,8.44406e+06,3.71658e+06,1.25973e+07,0,372789,0,0
69.1989,85.1408,1.63682,0.02,0.02,3.07974,3.07974,0,0.577064,4.6872,4.06315e+06,2.78055e+06,1.25135e+07,0,372640,0,0,59.9926,61.3098,2.33682,0,1,1.49206,1.49206,0,1.15261,1.90512,8.44406e+06,3.71658e+06,1.25991e+07,0,372840,0,0
67.6372,85.1408,1.46846,0.02,0.02,3.08016,3.08016,0,0.577144,4.6872,4.06315e+06,2.78055e+06,1.25152e+07,0,372692,0,0,59.4069,61.3098,1.90537,0,1,1.49227,1.49227,0,1.15277,1.90512,8.44406e+06,3.71658e+06,1.26008e+07,0,372891,0,0
66.0056,85.1408,1.28397,0.04,0.02,2.9866,2.9866,0,0.577223,4.6872,4.06315e+06,2.78055e+06,1.2135e+07,0,361370,0,0,58.724,61.3098,1.31456,0,1,1.42066,1.42066,0,1.15293,1.90512,8.44406e+06,3.71658e+06,1.19961e+07,0,354999,0,0
64.5168,85.1408,1.45231,0.04,0.02,2.98701,2.98701,0,0.559688,4.6872,4.06315e+06,2.78055e+06,1.21367e+07,0,361420,0,0,58.3208,61.3098,1.26586,0,1,1.42086,1.42086,0,1.0976,1.90512,8.44406e+06,3.71658e+06,1.19978e+07,0,355047,0,0
63.8159,85.1408,2.26463,0.04,0.02,2.98742,2.98742,0,0.559765,4.6872,4.06315e+06,2.78055e+06,1.21383e+07,0,361469,0,0,58.0946,61.3098,2.16346,0,1,1.42105,1.42105,0,1.09775,1.90512,8.44406e+06,3.71658e+06,1.19994e+07,0,355096,0,0
62.9486,85.1408,2.17392,0.04,0.02,2.98783,2.98783,0,0.559842,4.6872,4.06315e+06,2.78055e+06,1.214e+07,0,361519,0,0,57.833,61.3098,1.9704,0,1,1.42125,1.42125,0,1.0979,1.90512,8.44406e+06,3.71658e+06,1.20011e+07,0,355145,0,0
62.4865,85.1408,2.56982,0.04,0.02,2.91104,2.91104,0,0.559918,4.6872,4.06315e+06,2.78055e+06,1.1828e+07,0,352228,0,0,57.8705,61.3098,2.23567,0,1,1.35604,1.35604,0,1.09806,1.90512,8.44406e+06,3.71658e+06,1.14505e+07,0,338851,0,0
62.1772,85.1408,2.58656,0.04,0.02,2.91144,2.91144,0,0.545529,4.6872,4.06315e+06,2.78055e+06,1.18296e+07,0,352277,0,0,57.7928,61.3098,1.9493,0,1,1.35623,1.35623,0,1.04768,1.90512,8.44406e+06,3.71658e+06,1.14521e+07,0,338898,0,0
61.8741,85.1408,2.59578,0.04,0.02,2.91184,2.91184,0,0.545604,4.6872,4.06315e+06,2.78055e+06,1.18312e+07,0,352325,0,0,57.9047,61.3098,3.00446,0,1,1.35641,1.35641,0,1.04782,1.90512,8.44406e+06,3.71658e+06,1.14536e+07,0,338944,0,0
61.554,85.1408,2.59551,0.04,0.02,2.91224,2.91224,0,0.545679,4.6872,4.06315e+06,2.78055e+06,1.18329e+07,0,352373,0,0,57.8958,61.3098,2.12931,0,1,1.3566,1.3566,0,1.04797,1.90512,8.44406e+06,3.71658e+06,1.14552e+07,0,338991,0,0
61.1693,85.1408,2.40334,0.04,0.02,2.69329,2.69329,0,0.545754,4.6872,4.06315e+06,2.78055e+06,1.09432e+07,0,325880,0,0,58.0407,61.3098,2.39612,0,1,1.2205,1.2205,0,1.04811,1.90512,8.44406e+06,3.71658e+06,1.0306e+07,0,304982,0,0
60.7226,85.1408,2.40799,0.04,0.02,2.69366,2.69366,0,0.504722,4.6872,4.06315e+06,2.78055e+06,1.09447e+07,0,325925,0,0,58.199,61.3098,2.73528,0,1,1.22067,1.22067,0,0.94296,1.90512,8.44406e+06,3.71658e+06,1.03074e+07,0,305024,0,0
60.0109,85.1408,2.11049,0.03,0.02,2.69402,2.69402,0,0.504791,4.6872,4.06315e+06,2.78055e+06,1.09462e+07,0,325970,0,0,58.3054,61.3098,2.36458,0,1,1.22084,1.22084,0,0.943089,1.90512,8.44406e+06,3.71658e+06,1.03088e+07,0,305066,0,0
59.6108,85.1408,2.3964,0.03,0.02,2.69439,2.69439,0,0.50486,4.6872,4.06315e+06,2.78055e+06,1.09477e+07,0,326014,0,0,58.4337,61.3098,2.68552,0,1,1.221,1.221,0,0.943219,1.90512,8.44406e+06,3.71658e+06,1.03102e+07,0,305108,0,0
60.3862,85.1408,3.64997,0.03,0.02,2.69476,2.69476,0,0.50493,4.6872,4.06315e+06,2.78055e+06,1.09492e+07,0,326059,0,0,58.758,61.3098,3.49918,0,1,1.22117,1.22117,0,0.943348,1.90512,8.44406e+06,3.71658e+06,1.03116e+07,0,305150,0,0
62.7295,85.1408,5.47178,0.03,0.02,2.77956,2.77956,0,0.504999,4.6872,4.06315e+06,2.78055e+06,1.12938e+07,0,336319,0,0,59.5438,61.3098,3.85914,0,1,1.26083,1.26083,0,0.943478,1.90512,8.44406e+06,3.71658e+06,1.06465e+07,0,315059,0,0
69.4136,85.1408,9.7352,0.03,0.02,2.77993,2.77993,0,0.52089,4.6872,4.06315e+06,2.78055e+06,1.12953e+07,0,336364,0,0,59.8199,61.3098,2.61675,0,1,1.26099,1.26099,0,0.974116,1.90512,8.44406e+06,3.71658e+06,1.06479e+07,0,315100,0,0
75.026,85.1408,8.86174,0.01,0.02,2.78029,2.78029,0,0.520958,4.6872,4.06315e+06,2.78055e+06,1.12967e+07,0,336408,0,0,60.3937,61.3098,3.2566,0,1,1.26116,1.26116,0,0.974244,1.90512,8.44406e+06,3.71658e+06,1.06493e+07,0,315142,0,0
78.6906,85.1408,6.89106,0.01,0.02,2.78066,2.78066,0,0.521027,4.6872,4.06315e+06,2.78055e+06,1.12982e+07,0,336452,0,0,60.8684,61.3098,3.53976,0,1,1.26133,1.26133,0,0.974372,1.90512,8.44406e+06,3.71658e+06,1.06507e+07,0,315183,0,0
81.6023,85.1408,6.47327,0,0.02,3.05228,3.05228,0,0.521095,4.6872,4.06315e+06,2.78055e+06,1.24019e+07,0,369317,0,0,61.2776,61.3098,3.35708,0,1,1.40982,1.40982,0,0.9745,1.90512,8.44406e+06,3.71658e+06,1.19046e+07,0,352288,0,0
85.1408,85.1408,9.73534,0,0.02,3.05268,3.05268,0,0.571997,4.6872,4.06315e+06,2.78055e+06,1.24035e+07,0,369366,0,0,61.8911,61.3098,3.98384,0,1,1.41,1.41,0,1.08922,1.90512,8.44406e+06,3.71658e+06,1.19061e+07,0,352335,0,0
85.1408,85.1408,7.49374,0,0.02,3.05308,3.05308,0,0.572072,4.6872,4.06315e+06,2.78055e+06,1.24051e+07,0,369414,0,0,62.338,61.3098,3.36924,0,1,1.41019,1.41019,0,1.08937,1.90512,8.44406e+06,3.71658e+06,1.19077e+07,0,352381,0,0
85.1408,85.1408,7.23987,0,0.02,3.05348,3.05348,0,0.572147,4.6872,4.06315e+06,2.78055e+06,1.24068e+07,0,369463,0,0,62.338,61.3098,3.23976,0,1,1.41037,1.41037,0,1.08951,1.90512,8.44406e+06,3.71658e+06,1.19093e+07,0,352427,0,0
85.1408,85.1408,5.12219,0,0.02,2.66678,2.66678,0,0.572222,4.6872,4.06315e+06,2.78055e+06,1.08355e+07,0,322674,0,0,62.338,61.3098,3.22732,0,1,1.2114,1.2114,0,1.08965,1.90512,8.44406e+06,3.71658e+06,1.02291e+07,0,302708,0,0
85.1408,85.1408,3.77553,0,0.02,2.66713,2.66713,0,0.499755,4.6872,4.06315e+06,2.78055e+06,1.0837e+07,0,322716,0,0,62.338,61.3098,3.54452,0,1,1.21156,1.21156,0,0.935927,1.90512,8.44406e+06,3.71658e+06,1.02305e+07,0,302747,0,0
85.1408,85.1408,6.98003,0,0.02,2.66748,2.66748,0,0.499821,4.6872,4.06315e+06,2.78055e+06,1.08384e+07,0,322758,0,0,62.338,61.3098,5.96753,0,1,1.21172,1.21172,0,0.93605,1.90512,8.44406e+06,3.71658e+06,1.02318e+07,0,302787,0,0
85.1408,85.1408,6.77182,0,0.02,2.66783,2.66783,0,0.499887,4.6872,4.06315e+06,2.78055e+06,1.08398e+07,0,322801,0,0,62.338,61.3098,6.75612,0,1,1.21188,1.21188,0,0.936173,1.90512,8.44406e+06,3.71658e+06,1.02332e+07,0,302827,0,0
85.1408,85.1408,5.10002,0,0.02,2.66819,2.66819,0,0.499952,4.6872,4.06315e+06,2.78055e+06,1.08412e+07,0,322843,0,0,62.338,61.3098,4.73986,0,1,1.21204,1.21204,0,0.936296,1.90512,8.44406e+06,3.71658e+06,1.02345e+07,0,302867,0,0
85.1408,85.1408,5.09184,0,0.02,2.76604,2.76604,0,0.500018,4.6872,4.06315e+06,2.78055e+06,1.12388e+07,0,334683,0,0,62.2643,61.3098,3.91635,0,1,1.26095,1.26095,0,0.936419,1.90512,8.44406e+06,3.71658e+06,1.06475e+07,0,315089,0,0
85.1408,85.1408,3.8729,0,0.02,2.7664,2.7664,0,0.518356,4.6872,4.06315e+06,2.78055e+06,1.12403e+07,0,334727,0,0,62.338,61.3098,2.54486,0,1,1.26112,1.26112,0,0.974209,1.90512,8.44406e+06,3.71658e+06,1.06489e+07,0,315131,0,0
85.1408,85.1408,4.56371,0,0.02,2.76677,2.76677,0,0.518424,4.6872,4.06315e+06,2.78055e+06,1.12418e+07,0,334771,0,0,62.338,61.3098,5.35015,0,1,1.26128,1.26128,0,0.974338,1.90512,8.44406e+06,3.71658e+06,1.06503e+07,0,315172,0,0
85.1408,85.1408,3.77753,0,0.02,2.76713,2.76713,0,0.518492,4.6872,4.06315e+06,2.78055e+06,1.12433e+07,0,334815,0,0,62.338,61.3098,3.77642,0,1,1.26145,1.26145,0,0.974466,1.90512,8.44406e+06,3.71658e+06,1.06517e+07,0,315213,0,0
84.9733,85.1408,2.9835,0,0.02,2.72935,2.72935,0,0.51856,4.6872,4.06315e+06,2.78055e+06,1.10898e+07,0,330244,0,0,62.338,61.3098,2.2874,0,1,1.24267,1.24267,0,0.974594,1.90512,8.44406e+06,3.71658e+06,1.04932e+07,0,310521,0,0
84.4384,85.1408,2.58307,0,0.02,2.72971,2.72971,0,0.51148,4.6872,4.06315e+06,2.78055e+06,1.10912e+07,0,330288,0,0,62.338,61.3098,2.2789,0,1,1.24283,1.24283,0,0.960085,1.90512,8.44406e+06,3.71658e+06,1.04945e+07,0,310562,0,0
84.3073,85.1408,2.98884,0,0.02,2.73007,2.73007,0,0.511548,4.6872,4.06315e+06,2.78055e+06,1.10927e+07,0,330331,0,0,62.338,61.3098,2.32,0,1,1.24299,1.24299,0,0.960211,1.90512,8.44406e+06,3.71658e+06,1.04959e+07,0,310602,0,0
84.5378,85.1408,3.3615,0,0.02,2.73043,2.73043,0,0.511615,4.6872,4.06315e+06,2.78055e+06,1.10941e+07,0,330374,0,0,62.2962,61.3098,2.4129,0,1,1.24316,1.24316,0,0.960337,1.90512,8.44406e+06,3.71658e+06,1.04973e+07,0,310643,0,0
83.7563,85.1408,2.36756,0,0.02,2.86033,2.86033,0,0.511682,4.6872,4.06315e+06,2.78055e+06,1.16219e+07,0,346092,0,0,62.0832,61.3098,1.98101,0,1,1.31054,1.31054,0,0.960463,1.90512,8.44406e+06,3.71658e+06,1.10663e+07,0,327481,0,0
82.8245,85.1408,2.13999,0,0.02,2.8607,2.8607,0,0.536025,4.6872,4.06315e+06,2.78055e+06,1.16235e+07,0,346137,0,0,61.9077,61.3098,1.65817,0,1,1.31071,1.31071,0,1.01252,1.90512,8.44406e+06,3.71658e+06,1.10677e+07,0,327524,0,0
81.8191,85.1408,2.04583,0,0.02,2.86108,2.86108,0,0.536096,4.6872,4.06315e+06,2.78055e+06,1.1625e+07,0,346183,0,0,61.704,61.3098,1.67638,0,1,1.31089,1.31089,0,1.01266,1.90512,8.44406e+06,3.71658e+06,1.10692e+07,0,327567,0,0
80.7337,85.1408,1.95265,0,0.02,2.86146,2.86146,0,0.536166,4.6872,4.06315e+06,2.78055e+06,1.16265e+07,0,346228,0,0,61.4831,61.3098,1.62699,0,1,1.31106,1.31106,0,1.01279,1.90512,8.44406e+06,3.71658e+06,1.10706e+07,0,327611,0,0
79.5372,85.1408,1.81989,0,0.02,2.86183,2.86183,0,0.536237,4.6872,4.06315e+06,2.78055e+06,1.16281e+07,0,346274,0,0,61.2806,61.3098,1.60876,0,1,1.31123,1.31123,0,1.01292,1.90512,8.44406e+06,3.71658e+06,1.10721e+07,0,327654,0,0
78.2354,85.1408,1.66507,0,0.02,2.83657,2.83657,0,0.536307,4.6872,4.06315e+06,2.78055e+06,1.15254e+07,0,343218,0,0,61.1268,61.3098,1.69057,0,1,1.34837,1.34837,0,1.01306,1.90512,8.44406e+06,3.71658e+06,1.13857e+07,0,336935,0,0
76.8017,85.1408,1.52239,0,0.02,2.83695,2.83695,0,0.531574,4.6872,4.06315e+06,2.78055e+06,1.15269e+07,0,343263,0,0,60.819,61.3098,1.69909,0,1,1.34855,1.34855,0,1.04175,1.90512,8.44406e+06,3.71658e+06,1.13872e+07,0,336979,0,0
75.2363,85.1408,1.37431,0,0.02,2.83732,2.83732,0,0.531644,4.6872,4.06315e+06,2.78055e+06,1.15285e+07,0,343308,0,0,60.4604,61.3098,1.51528,0,1,1.34873,1.34873,0,1.04189,1.90512,8.44406e+06,3.71658e+06,1.13887e+07,0,337023,0,0
73.6476,85.1408,1.30974,0,0.02,2.83769,2.83769,0,0.531714,4.6872,4.06315e+06,2.78055e+06,1.153e+07,0,343353,0,0,59.8084,61.3098,1.4744,0,1,1.34891,1.34891,0,1.04203,1.90512,8.44406e+06,3.71658e+06,1.13902e+07,0,337068,0,0
71.8626,85.1408,1.14874,0,0.02,2.9043,2.9043,0,0.531784,4.6872,4.06315e+06,2.78055e+06,1.18006e+07,0,351413,0,0,59.0509,61.3098,1.23212,0,1,1.38205,1.38205,0,1.04216,1.90512,8.44406e+06,3.71658e+06,1.16701e+07,0,345350,0,0
70.0261,85.1408,1.06651,0,0.02,2.90468,2.90468,0,0.544266,4.6872,4.06315e+06,2.78055e+06,1.18022e+07,0,351459,0,0,58.18,61.3098,1.18967,0,1,1.38223,1.38223,0,1.06777,1.90512,8.44406e+06,3.71658e+06,1.16716e+07,0,345395,0,0
68.1138,85.1408,0.970703,0,0.02,2.90506,2.90506,0,0.544337,4.6872,4.06315e+06,2.78055e+06,1.18037e+07,0,351505,0,0,57.5105,61.3098,1.04467,0,1,1.38241,1.38241,0,1.06791,1.90512,8.44406e+06,3.71658e+06,1.16732e+07,0,345440,0,0
66.3465,85.1408,1.09229,0,0.02,2.90545,2.90545,0,0.544409,4.6872,4.06315e+06,2.78055e+06,1.18053e+07,0,351551,0,0,56.7359,61.3098,1.35777,0,1,1.38259,1.38259,0,1.06805,1.90512,8.44406e+06,3.71658e+06,1.16747e+07,0,345486,0,0
64.269,85.1408,0.907819,0.02,0.02,3.0999,3.0999,0,0.544481,4.6872,4.06315e+06,2.78055e+06,1.25953e+07,0,375079,0,0,55.5588,61.3098,1.07172,0,1,1.50183,1.50183,0,1.06819,1.90512,8.44406e+06,3.71658e+06,1.26815e+07,0,375280,0,0
62.0805,85.1408,0.769861,0.03,0.02,3.1003,3.1003,0,0.580921,4.6872,4.06315e+06,2.78055e+06,1.2597e+07,0,375128,0,0,54.2911,61.3098,0.816022,0,1,1.50202,1.50202,0,1.16031,1.90512,8.44406e+06,3.71658e+06,1.26832e+07,0,375329,0,0
59.7865,85.1408,0.650804,0.03,0.02,3.10071,3.10071,0,0.580997,4.6872,4.06315e+06,2.78055e+06,1.25987e+07,0,375178,0,0,53.1041,61.3098,0.71629,0,1,1.50222,1.50222,0,1.16046,1.90512,8.44406e+06,3.71658e+06,1.26848e+07,0,375379,0,0
57.5824,85.1408,0.70752,0.04,0.02,3.10112,3.10112,0,0.581073,4.6872,4.06315e+06,2.78055e+06,1.26003e+07,0,375227,0,0,52.0239,61.3098,0.957866,0,1,1.50242,1.50242,0,1.16062,1.90512,8.44406e+06,3.71658e+06,1.26865e+07,0,375428,0,0
55.3917,85.1408,0.693583,0.04,0.02,3.10153,3.10153,0,0.58115,4.6872,4.06315e+06,2.78055e+06,1.2602e+07,0,375276,0,0,51.0541,61.3098,0.889214,0,1,1.50262,1.50262,0,1.16077,1.90512,8.44406e+06,3.71658e+06,1.26882e+07,0,375478,0,0
53.466,85.1408,0.856167,0.04,0.02,3.00729,3.00729,0,0.581226,4.6872,4.06315e+06,2.78055e+06,1.22191e+07,0,363874,0,0,50.347,61.3098,1.2534,0,1,1.43051,1.43051,0,1.16092,1.90512,8.44406e+06,3.71658e+06,1.20793e+07,0,357459,0,0
51.7014,85.1408,1.02317,0.04,0.02,3.00769,3.00769,0,0.563567,4.6872,4.06315e+06,2.78055e+06,1.22207e+07,0,363922,0,0,50.1922,61.3098,1.27262,0,1,1.4307,1.4307,0,1.10521,1.90512,8.44406e+06,3.71658e+06,1.20809e+07,0,357506,0,0
50.4867,85.1408,1.58828,0.04,0.02,3.00808,3.00808,0,0.563641,4.6872,4.06315e+06,2.78055e+06,1.22223e+07,0,363970,0,0,50.1901,61.3098,2.18668,0,1,1.43088,1.43088,0,1.10536,1.90512,8.44406e+06,3.71658e+06,1.20825e+07,0,357553,0,0
49.0403,85.1408,1.3813,0.05,0.02,3.00848,3.00848,0,0.563715,4.6872,4.06315e+06,2.78055e+06,1.22239e+07,0,364018,0,0,49.5803,61.3098,1.73172,0,1,1.43107,1.43107,0,1.1055,1.90512,8.44406e+06,3.71658e+06,1.2084e+07,0,357600,0,0
47.5218,85.1408,1.25639,0.04,0.02,2.93115,2.93115,0,0.563789,4.6872,4.06315e+06,2.78055e+06,1.19097e+07,0,354661,0,0,49.4211,61.3098,0.952348,0,1,1.36541,1.36541,0,1.10565,1.90512,8.44406e+06,3.71658e+06,1.15296e+07,0,341192,0,0
46.4254,85.1408,1.672,0.04,0.02,2.93153,2.93153,0,0.549297,4.6872,4.06315e+06,2.78055e+06,1.19113e+07,0,354708,0,0,49.648,61.3098,2.15465,0,1,1.36559,1.36559,0,1.05491,1.90512,8.44406e+06,3.71658e+06,1.15311e+07,0,341236,0,0
47.6117,85.1408,4.0638,0.04,0.02,2.93192,2.93192,0,0.549369,4.6872,4.06315e+06,2.78055e+06,1.19128e+07,0,354754,0,0,50.5131,61.3098,3.91422,0,1,1.36577,1.36577,0,1.05505,1.90512,8.44406e+06,3.71658e+06,1.15326e+07,0,341281,0,0
47.1414,85.1408,2.37216,0.04,0.02,2.93231,2.93231,0,0.549442,4.6872,4.06315e+06,2.78055e+06,1.19144e+07,0,354801,0,0,50.8644,61.3098,1.95124,0,1,1.36595,1.36595,0,1.05519,1.90512,8.44406e+06,3.71658e+06,1.15341e+07,0,341326,0,0
47.6942,85.1408,3.2448,0.04,0.02,2.71183,2.71183,0,0.549514,4.6872,4.06315e+06,2.78055e+06,1.10186e+07,0,328124,0,0,51.4845,61.3098,2.2397,0,1,1.2289,1.2289,0,1.05533,1.90512,8.44406e+06,3.71658e+06,1.03769e+07,0,307082,0,0
48.764,85.1408,3.81331,0.04,0.02,2.71218,2.71218,0,0.508196,4.6872,4.06315e+06,2.78055e+06,1.102e+07,0,328167,0,0,52.5032,61.3098,3.17904,0,1,1.22907,1.22907,0,0.949451,1.90512,8.44406e+06,3.71658e+06,1.03783e+07,0,307122,0,0
49.5305,85.1408,3.56949,0.04,0.02,2.71254,2.71254,0,0.508263,4.6872,4.06315e+06,2.78055e+06,1.10215e+07,0,328210,0,0,53.3585,61.3098,2.7481,0,1,1.22923,1.22923,0,0.949576,1.90512,8.44406e+06,3.71658e+06,1.03797e+07,0,307162,0,0
51.9773,85.1408,5.24644,0.05,0.02,2.7129,2.7129,0,0.50833,4.6872,4.06315e+06,2.78055e+06,1.10229e+07,0,328253,0,0,54.7835,61.3098,4.22713,0,1,1.22939,1.22939,0,0.949701,1.90512,8.44406e+06,3.71658e+06,1.0381e+07,0,307203,0,0
54.9078,85.1408,5.91424,0.04,0.02,2.71325,2.71325,0,0.508397,4.6872,4.06315e+06,2.78055e+06,1.10244e+07,0,328296,0,0,56.0862,61.3098,4.06309,0,1,1.22955,1.22955,0,0.949826,1.90512,8.44406e+06,3.71658e+06,1.03824e+07,0,307243,0,0
60.3162,85.1408,8.80864,0.04,0.04,2.79862,2.79862,0,0.508464,4.6872,4.06315e+06,2.78055e+06,1.13712e+07,0,338625,0,0,58.1176,61.3098,6.35949,0,1,1.26947,1.26947,0,0.949951,1.90512,8.44406e+06,3.71658e+06,1.07195e+07,0,317219,0,0
63.4023,85.1408,6.28276,0.03,0.04,2.79897,2.79897,0,0.52446,4.6872,4.06315e+06,2.78055e+06,1.13726e+07,0,338667,0,0,61.0856,61.3098,8.31133,0,1,1.26963,1.26963,0,0.980794,1.90512,8.44406e+06,3.71658e+06,1.07208e+07,0,317259,0,0
65.7926,85.1408,5.60114,0.03,0.04,2.79932,2.79932,0,0.524526,4.6872,4.06315e+06,2.78055e+06,1.13741e+07,0,338710,0,0,62.338,61.3098,6.38854,0,1,1.26979,1.26979,0,0.980917,1.90512,8.44406e+06,3.71658e+06,1.07222e+07,0,317298,0,0
69.1786,85.1408,6.68954,0.03,0.04,2.79967,2.79967,0,0.524592,4.6872,4.06315e+06,2.78055e+06,1.13755e+07,0,338753,0,0,62.338,61.3098,7.18842,0,1,1.26995,1.26995,0,0.98104,1.90512,8.44406e+06,3.71658e+06,1.07235e+07,0,317338,0,0
73.996,85.1408,8.64482,0.01,0.04,3.07313,3.07313,0,0.524658,4.6872,4.06315e+06,2.78055e+06,1.24866e+07,0,371841,0,0,62.338,61.3098,10.6582,0,1,1.41945,1.41945,0,0.981164,1.90512,8.44406e+06,3.71658e+06,1.19859e+07,0,354695,0,0
77.2791,85.1408,6.94645,0.02,0.04,3.07352,3.07352,0,0.575905,4.6872,4.06315e+06,2.78055e+06,1.24882e+07,0,371887,0,0,62.338,61.3098,10.1434,0,1,1.41963,1.41963,0,1.09667,1.90512,8.44406e+06,3.71658e+06,1.19874e+07,0,354740,0,0
79.2977,85.1408,5.56759,0,0.04,3.0739,3.0739,0,0.575977,4.6872,4.06315e+06,2.78055e+06,1.24897e+07,0,371934,0,0,62.338,61.3098,6.51845,0,1,1.41981,1.41981,0,1.0968,1.90512,8.44406e+06,3.71658e+06,1.19889e+07,0,354784,0,0
80.5783,85.1408,4.76488,0,0.04,3.07429,3.07429,0,0.57605,4.6872,4.06315e+06,2.78055e+06,1.24913e+07,0,371981,0,0,62.338,61.3098,5.43114,0,1,1.41998,1.41998,0,1.09694,1.90512,8.44406e+06,3.71658e+06,1.19904e+07,0,354829,0,0
85.0719,85.1408,7.85293,0,0.04,2.68494,2.68494,0,0.576122,4.6872,4.06315e+06,2.78055e+06,1.09093e+07,0,324871,0,0,62.338,61.3098,15.7345,0,1,1.21965,1.21965,0,1.09708,1.90512,8.44406e+06,3.71658e+06,1.02988e+07,0,304769,0,0
85.1408,85.1408,7.21599,0,0.04,2.68528,2.68528,0,0.503158,4.6872,4.06315e+06,2.78055e+06,1.09107e+07,0,324912,0,0,62.338,61.3098,14.278,0,1,1.2198,1.2198,0,0.9423,1.90512,8.44406e+06,3.71658e+06,1.03001e+07,0,304807,0,0
85.1408,85.1408,5.71038,0,0.04,2.68562,2.68562,0,0.503221,4.6872,4.06315e+06,2.78055e+06,1.09121e+07,0,324952,0,0,62.338,61.3098,11.0763,0,1,1.21995,1.21995,0,0.942419,1.90512,8.44406e+06,3.71658e+06,1.03014e+07,0,304845,0,0
85.1408,85.1408,4.61797,0,0.04,2.68596,2.68596,0,0.503285,4.6872,4.06315e+06,2.78055e+06,1.09134e+07,0,324993,0,0,62.338,61.3098,8.27188,0,1,1.22011,1.22011,0,0.942537,1.90512,8.44406e+06,3.71658e+06,1.03027e+07,0,304884,0,0
85.1408,85.1408,5.49633,0,0.04,2.68629,2.68629,0,0.503348,4.6872,4.06315e+06,2.78055e+06,1.09148e+07,0,325034,0,0,62.338,61.3098,10.6328,0,1,1.22026,1.22026,0,0.942656,1.90512,8.44406e+06,3.71658e+06,1.0304e+07,0,304922,0,0
85.1408,85.1408,7.21409,0,0.04,2.78479,2.78479,0,0.503411,4.6872,4.06315e+06,2.78055e+06,1.1315e+07,0,336953,0,0,62.338,61.3098,10.1331,0,1,1.2695,1.2695,0,0.942774,1.90512,8.44406e+06,3.71658e+06,1.07197e+07,0,317226,0,0
85.1408,85.1408,6.36015,0,0.04,2.78514,2.78514,0,0.52187,4.6872,4.06315e+06,2.78055e+06,1.13165e+07,0,336995,0,0,62.338,61.3098,13.2323,0,1,1.26966,1.26966,0,0.980815,1.90512,8.44406e+06,3.71658e+06,1.07211e+07,0,317266,0,0
85.1408,85.1408,5.11865,0,0.04,2.7855,2.7855,0,0.521936,4.6872,4.06315e+06,2.78055e+06,1.13179e+07,0,337037,0,0,62.338,61.3098,12.2212,0,1,1.26982,1.26982,0,0.980938,1.90512,8.44406e+06,3.71658e+06,1.07224e+07,0,317305,0,0
85.1408,85.1408,4.01956,0,0.04,2.78585,2.78585,0,0.522002,4.6872,4.06315e+06,2.78055e+06,1.13193e+07,0,337080,0,0,62.338,61.3098,9.03708,0,1,1.26998,1.26998,0,0.981062,1.90512,8.44406e+06,3.71658e+06,1.07238e+07,0,317345,0,0
85.1408,85.1408,3.23379,0,0.04,2.74779,2.74779,0,0.522067,4.6872,4.06315e+06,2.78055e+06,1.11647e+07,0,332476,0,0,62.338,61.3098,5.65865,0,1,1.25106,1.25106,0,0.981185,1.90512,8.44406e+06,3.71658e+06,1.05641e+07,0,312619,0,0
85.1408,85.1408,3.13424,0,0.04,2.74814,2.74814,0,0.514937,4.6872,4.06315e+06,2.78055e+06,1.11661e+07,0,332518,0,0,62.338,61.3098,5.33162,0,1,1.25122,1.25122,0,0.966573,1.90512,8.44406e+06,3.71658e+06,1.05654e+07,0,312658,0,0
85.1408,85.1408,4.29291,0,0.04,2.74849,2.74849,0,0.515002,4.6872,4.06315e+06,2.78055e+06,1.11675e+07,0,332559,0,0,62.338,61.3098,5.94248,0,1,1.25138,1.25138,0,0.966694,1.90512,8.44406e+06,3.71658e+06,1.05667e+07,0,312698,0,0
84.8295,85.1408,2.75957,0,0.04,2.74883,2.74883,0,0.515066,4.6872,4.06315e+06,2.78055e+06,1.11689e+07,0,332601,0,0,62.338,61.3098,4.94592,0,1,1.25154,1.25154,0,0.966816,1.90512,8.44406e+06,3.71658e+06,1.0568e+07,0,312737,0,0
84.2598,85.1408,2.58547,0,0.04,2.87959,2.87959,0,0.515131,4.6872,4.06315e+06,2.78055e+06,1.17002e+07,0,348423,0,0,62.338,61.3098,4.42063,0,1,1.31937,1.31937,0,0.966937,1.90512,8.44406e+06,3.71658e+06,1.11408e+07,0,329687,0,0
83.8589,85.1408,2.74445,0,0.04,2.87995,2.87995,0,0.539635,4.6872,4.06315e+06,2.78055e+06,1.17017e+07,0,348467,0,0,62.338,61.3098,3.95239,0,1,1.31953,1.31953,0,1.01934,1.90512,8.44406e+06,3.71658e+06,1.11422e+07,0,329728,0,0
83.2052,85.1408,2.41172,0,0.04,2.88031,2.88031,0,0.539703,4.6872,4.06315e+06,2.78055e+06,1.17032e+07,0,348510,0,0,62.338,61.3098,3.76556,0,1,1.3197,1.3197,0,1.01947,1.90512,8.44406e+06,3.71658e+06,1.11436e+07,0,329770,0,0
82.4888,85.1408,2.3383,0,0.04,2.88068,2.88068,0,0.539771,4.6872,4.06315e+06,2.78055e+06,1.17046e+07,0,348554,0,0,62.338,61.3098,3.80166,0,1,1.31987,1.31987,0,1.0196,1.90512,8.44406e+06,3.71658e+06,1.1145e+07,0,329811,0,0
81.6796,85.1408,2.23599,0,0.04,2.88104,2.88104,0,0.539839,4.6872,4.06315e+06,2.78055e+06,1.17061e+07,0,348598,0,0,62.338,61.3098,3.47347,0,1,1.32003,1.32003,0,1.01973,1.90512,8.44406e+06,3.71658e+06,1.11464e+07,0,329853,0,0
80.8621,85.1408,2.21932,0,0.04,2.8556,2.8556,0,0.539907,4.6872,4.06315e+06,2.78055e+06,1.16027e+07,0,345519,0,0,62.338,61.3098,2.50126,0,1,1.35742,1.35742,0,1.01986,1.90512,8.44406e+06,3.71658e+06,1.14621e+07,0,339194,0,0
79.8524,85.1408,2.00699,0,0.04,2.85595,2.85595,0,0.535139,4.6872,4.06315e+06,2.78055e+06,1.16042e+07,0,345563,0,0,62.338,61.3098,2.23035,0,1,1.35759,1.35759,0,1.04874,1.90512,8.44406e+06,3.71658e+06,1.14635e+07,0,339237,0,0
78.7879,85.1408,1.90588,0,0.04,2.85631,2.85631,0,0.535206,4.6872,4.06315e+06,2.78055e+06,1.16056e+07,0,345606,0,0,62.338,61.3098,2.2001,0,1,1.35776,1.35776,0,1.04887,1.90512,8.44406e+06,3.71658e+06,1.1465e+07,0,339280,0,0
77.5342,85.1408,1.69523,0,0.04,2.85667,2.85667,0,0.535273,4.6872,4.06315e+06,2.78055e+06,1.16071e+07,0,345650,0,0,62.338,61.3098,2.11497,0,1,1.35793,1.35793,0,1.049,1.90512,8.44406e+06,3.71658e+06,1.14664e+07,0,339322,0,0
76.1575,85.1408,1.62125,0,0.04,2.92371,2.92371,0,0.535341,4.6872,4.06315e+06,2.78055e+06,1.18795e+07,0,353761,0,0,62.225,61.3098,1.87529,0,1,1.39128,1.39128,0,1.04913,1.90512,8.44406e+06,3.71658e+06,1.17481e+07,0,347658,0,0
74.7695,85.1408,1.59378,0,0.04,2.92408,2.92408,0,0.547903,4.6872,4.06315e+06,2.78055e+06,1.1881e+07,0,353805,0,0,62.0722,61.3098,1.84073,0,1,1.39146,1.39146,0,1.07491,1.90512,8.44406e+06,3.71658e+06,1.17496e+07,0,347701,0,0
73.2196,85.1408,1.41647,0,0.04,2.92445,2.92445,0,0.547972,4.6872,4.06315e+06,2.78055e+06,1.18825e+07,0,353850,0,0,61.7892,61.3098,1.74124,0,1,1.39163,1.39163,0,1.07504,1.90512,8.44406e+06,3.71658e+06,1.1751e+07,0,347745,0,0
71.5677,85.1408,1.29736,0.01,0.04,2.92481,2.92481,0,0.548041,4.6872,4.06315e+06,2.78055e+06,1.1884e+07,0,353895,0,0,61.4189,61.3098,1.62649,0,1,1.39181,1.39181,0,1.07518,1.90512,8.44406e+06,3.71658e+06,1.17525e+07,0,347789,0,0
69.5904,85.1408,1.11009,0.01,0.04,3.12054,3.12054,0,0.54811,4.6872,4.06315e+06,2.78055e+06,1.26792e+07,0,377577,0,0,60.7097,61.3098,1.53497,0,1,1.51183,1.51183,0,1.07531,1.90512,8.44406e+06,3.71658e+06,1.2766e+07,0,377779,0,0
67.4317,85.1408,0.93754,0.02,0.04,3.12093,3.12093,0,0.58479,4.6872,4.06315e+06,2.78055e+06,1.26808e+07,0,377625,0,0,59.8644,61.3098,1.28799,0,1,1.51202,1.51202,0,1.16804,1.90512,8.44406e+06,3.71658e+06,1.27676e+07,0,377827,0,0
65.2047,85.1408,0.840284,0.03,0.04,3.12133,3.12133,0,0.584863,4.6872,4.06315e+06,2.78055e+06,1.26824e+07,0,377672,0,0,59.0569,61.3098,1.1933,0,1,1.51221,1.51221,0,1.16819,1.90512,8.44406e+06,3.71658e+06,1.27692e+07,0,377875,0,0
63.1515,85.1408,0.994111,0.04,0.04,3.12172,3.12172,0,0.584937,4.6872,4.06315e+06,2.78055e+06,1.2684e+07,0,377720,0,0,58.428,61.3098,1.2918,0,1,1.5124,1.5124,0,1.16833,1.90512,8.44406e+06,3.71658e+06,1.27708e+07,0,377922,0,0
61.7522,85.1408,1.69624,0.04,0.04,3.12211,3.12211,0,0.58501,4.6872,4.06315e+06,2.78055e+06,1.26856e+07,0,377767,0,0,57.8773,61.3098,1.54985,0,1,1.51259,1.51259,0,1.16848,1.90512,8.44406e+06,3.71658e+06,1.27724e+07,0,377970,0,0
59.8049,85.1408,1.06383,0.04,0.04,3.02723,3.02723,0,0.585084,4.6872,4.06315e+06,2.78055e+06,1.23001e+07,0,366287,0,0,57.4521,61.3098,1.41707,0,1,1.43999,1.43999,0,1.16863,1.90512,8.44406e+06,3.71658e+06,1.21594e+07,0,359829,0,0
57.9831,85.1408,1.16581,0.04,0.04,3.02762,3.02762,0,0.567304,4.6872,4.06315e+06,2.78055e+06,1.23017e+07,0,366333,0,0,56.9442,61.3098,1.75357,0,1,1.44017,1.44017,0,1.11254,1.90512,8.44406e+06,3.71658e+06,1.21609e+07,0,359874,0,0
55.9394,85.1408,0.892693,0.04,0.04,3.028,3.028,0,0.567375,4.6872,4.06315e+06,2.78055e+06,1.23032e+07,0,366379,0,0,56.2558,61.3098,1.36762,0,1,1.44036,1.44036,0,1.11268,1.90512,8.44406e+06,3.71658e+06,1.21624e+07,0,359920,0,0
54.0835,85.1408,1.06766,0.04,0.04,3.02838,3.02838,0,0.567447,4.6872,4.06315e+06,2.78055e+06,1.23048e+07,0,366425,0,0,55.8362,61.3098,1.33477,0,1,1.44054,1.44054,0,1.11282,1.90512,8.44406e+06,3.71658e+06,1.2164e+07,0,359965,0,0
52.8967,85.1408,1.65063,0.04,0.04,2.95052,2.95052,0,0.567518,4.6872,4.06315e+06,2.78055e+06,1.19884e+07,0,357005,0,0,55.4456,61.3098,1.83143,0,1,1.37443,1.37443,0,1.11296,1.90512,8.44406e+06,3.71658e+06,1.16058e+07,0,343446,0,0
50.9666,85.1408,0.911345,0.04,0.04,2.95089,2.95089,0,0.552927,4.6872,4.06315e+06,2.78055e+06,1.19899e+07,0,357050,0,0,55.2072,61.3098,1.36116,0,1,1.3746,1.3746,0,1.06189,1.90512,8.44406e+06,3.71658e+06,1.16072e+07,0,343489,0,0
49.3795,85.1408,1.27933,0.04,0.04,2.95126,2.95126,0,0.552997,4.6872,4.06315e+06,2.78055e+06,1.19914e+07,0,357095,0,0,55.0932,61.3098,1.78547,0,1,1.37478,1.37478,0,1.06202,1.90512,8.44406e+06,3.71658e+06,1.16087e+07,0,343533,0,0
49.2291,85.1408,2.7402,0.04,0.04,2.95163,2.95163,0,0.553066,4.6872,4.06315e+06,2.78055e+06,1.19929e+07,0,357140,0,0,55.4777,61.3098,2.84513,0,1,1.37495,1.37495,0,1.06215,1.90512,8.44406e+06,3.71658e+06,1.16102e+07,0,343576,0,0
48.6266,85.1408,2.12752,0.04,0.04,2.72968,2.72968,0,0.553136,4.6872,4.06315e+06,2.78055e+06,1.10911e+07,0,330284,0,0,55.4923,61.3098,1.96711,0,1,1.237,1.237,0,1.06229,1.90512,8.44406e+06,3.71658e+06,1.04453e+07,0,309104,0,0
48.7241,85.1408,2.86017,0.04,0.04,2.73003,2.73003,0,0.511543,4.6872,4.06315e+06,2.78055e+06,1.10925e+07,0,330326,0,0,55.5842,61.3098,2.59998,0,1,1.23715,1.23715,0,0.955703,1.90512,8.44406e+06,3.71658e+06,1.04466e+07,0,309143,0,0
48.0952,85.1408,2.11181,0.05,0.04,2.73037,2.73037,0,0.511607,4.6872,4.06315e+06,2.78055e+06,1.10939e+07,0,330368,0,0,55.2527,61.3098,2.18186,0,1,1.23731,1.23731,0,0.955824,1.90512,8.44406e+06,3.71658e+06,1.04479e+07,0,309182,0,0
47.02,85.1408,1.59731,0.05,0.04,2.73071,2.73071,0,0.511672,4.6872,4.06315e+06,2.78055e+06,1.10953e+07,0,330409,0,0,54.5838,61.3098,1.40131,0,1,1.23746,1.23746,0,0.955944,1.90512,8.44406e+06,3.71658e+06,1.04492e+07,0,309220,0,0
45.6121,85.1408,1.24309,0.05,0.04,2.73106,2.73106,0,0.511736,4.6872,4.06315e+06,2.78055e+06,1.10967e+07,0,330451,0,0,54.3848,61.3098,1.23995,0,1,1.23762,1.23762,0,0.956064,1.90512,8.44406e+06,3.71658e+06,1.04505e+07,0,309259,0,0
45.7424,85.1408,2.94078,0.05,0.04,2.81696,2.81696,0,0.5118,4.6872,4.06315e+06,2.78055e+06,1.14458e+07,0,340845,0,0,54.3772,61.3098,2.06361,0,1,1.27779,1.27779,0,0.956185,1.90512,8.44406e+06,3.71658e+06,1.07898e+07,0,319299,0,0
46.6392,85.1408,3.6686,0.05,0.04,2.8173,2.8173,0,0.527899,4.6872,4.06315e+06,2.78055e+06,1.14471e+07,0,340886,0,0,54.4347,61.3098,2.0595,0,1,1.27795,1.27795,0,0.987224,1.90512,8.44406e+06,3.71658e+06,1.07911e+07,0,319337,0,0
48.7248,85.1408,4.70407,0.07,0.04,2.56124,2.81764,0,0.527962,4.6872,4.06315e+06,2.78055e+06,1.04067e+07,0,340927,0,0,54.3792,61.3098,2.12119,0,1,1.53451,1.2781,0,0.987343,1.90512,8.44406e+06,3.71658e+06,1.29574e+07,0,319375,0,0
48.6565,85.1408,2.55141,0.07,0.04,2.56173,2.81798,0,0.479976,4.6872,4.06315e+06,2.78055e+06,1.04087e+07,0,340968,0,0,54.4808,61.3098,2.32073,0,1,1.53451,1.27825,0,1.18556,1.90512,8.44406e+06,3.71658e+06,1.29574e+07,0,319413,0,0
49.1775,85.1408,3.38758,0.08,0.04,2.83711,3.09321,0,0.480068,4.6872,4.06315e+06,2.78055e+06,1.15276e+07,0,374270,0,0,54.469,61.3098,2.51258,0,1,1.68482,1.42872,0,1.18556,1.90512,8.44406e+06,3.71658e+06,1.42267e+07,0,357013,0,0
51.3741,85.1408,5.17971,0.08,0.04,2.98795,3.09358,0,0.531675,4.6872,4.06315e+06,2.78055e+06,1.21405e+07,0,374315,0,0,54.9452,61.3098,3.07648,0,1,1.53452,1.42889,0,1.30169,1.90512,8.44406e+06,3.71658e+06,1.29576e+07,0,357055,0,0
53.7862,85.1408,5.69792,0.04,0.04,3.09395,3.09395,0,0.559942,4.6872,4.06315e+06,2.78055e+06,1.25712e+07,0,374360,0,0,55.3534,61.3098,3.0401,0,1,1.42906,1.42906,0,1.18557,1.90512,8.44406e+06,3.71658e+06,1.20671e+07,0,357098,0,0
55.7856,85.1408,5.26443,0.04,0.04,3.09432,3.09432,0,0.579806,4.6872,4.06315e+06,2.78055e+06,1.25727e+07,0,374405,0,0,55.5257,61.3098,2.28513,0,1,1.42924,1.42924,0,1.1041,1.90512,8.44406e+06,3.71658e+06,1.20685e+07,0,357141,0,0
58.5426,85.1408,5.79855,0.05,0.04,2.70242,2.70242,0,0.579876,4.6872,4.06315e+06,2.78055e+06,1.09803e+07,0,326986,0,0,56.6413,61.3098,3.72275,0,1,1.22759,1.22759,0,1.10423,1.90512,8.44406e+06,3.71658e+06,1.03658e+07,0,306753,0,0
62.4256,85.1408,7.10782,0.05,0.04,2.70274,2.70274,0,0.506434,4.6872,4.06315e+06,2.78055e+06,1.09817e+07,0,327025,0,0,58.756,61.3098,5.60427,0,1,1.22774,1.22774,0,0.948434,1.90512,8.44406e+06,3.71658e+06,1.03671e+07,0,306789,0,0
67.3479,85.1408,8.25546,0.03,0.04,2.70307,2.70307,0,0.506494,4.6872,4.06315e+06,2.78055e+06,1.0983e+07,0,327064,0,0,60.9191,61.3098,6.07377,0,1,1.22788,1.22788,0,0.948548,1.90512,8.44406e+06,3.71658e+06,1.03683e+07,0,306826,0,0
73.2634,85.1408,9.40566,0.03,0.04,2.70339,2.70339,0,0.506555,4.6872,4.06315e+06,2.78055e+06,1.09843e+07,0,327103,0,0,62.338,61.3098,6.31778,0,1,1.22803,1.22803,0,0.948662,1.90512,8.44406e+06,3.71658e+06,1.03695e+07,0,306863,0,0
82.8786,85.1408,13.5434,0.01,0.04,2.70372,2.70372,0,0.506616,4.6872,4.06315e+06,2.78055e+06,1.09856e+07,0,327142,0,0,62.338,61.3098,7.55541,0,1,1.22818,1.22818,0,0.948776,1.90512,8.44406e+06,3.71658e+06,1.03708e+07,0,306900,0,0
85.1408,85.1408,7.36172,0,0.04,2.80284,2.80284,0,0.506677,4.6872,4.06315e+06,2.78055e+06,1.13884e+07,0,339136,0,0,62.338,61.3098,3.56734,0,1,1.27773,1.27773,0,0.948889,1.90512,8.44406e+06,3.71658e+06,1.07892e+07,0,319281,0,0
85.1408,85.1408,6.54641,0,0.04,2.80318,2.80318,0,0.525252,4.6872,4.06315e+06,2.78055e+06,1.13897e+07,0,339177,0,0,62.338,61.3098,5.15585,0,1,1.27788,1.27788,0,0.987171,1.90512,8.44406e+06,3.71658e+06,1.07905e+07,0,319320,0,0
85.1408,85.1408,5.448,0,0.04,2.80351,2.80351,0,0.525316,4.6872,4.06315e+06,2.78055e+06,1.13911e+07,0,339218,0,0,62.338,61.3098,5.21963,0,1,1.27803,1.27803,0,0.98729,1.90512,8.44406e+06,3.71658e+06,1.07918e+07,0,319358,0,0
85.1408,85.1408,4.12172,0,0.04,2.80385,2.80385,0,0.525379,4.6872,4.06315e+06,2.78055e+06,1.13925e+07,0,339258,0,0,62.338,61.3098,3.66127,0,1,1.27819,1.27819,0,0.987408,1.90512,8.44406e+06,3.71658e+06,1.07931e+07,0,319396,0,0
85.1408,85.1408,4.20124,0,0.04,2.76554,2.76554,0,0.525442,4.6872,4.06315e+06,2.78055e+06,1.12368e+07,0,334623,0,0,62.2912,61.3098,3.15816,0,1,1.25914,1.25914,0,0.987527,1.90512,8.44406e+06,3.71658e+06,1.06323e+07,0,314638,0,0
85.1408,85.1408,3.93893,0,0.04,2.76587,2.76587,0,0.518262,4.6872,4.06315e+06,2.78055e+06,1.12381e+07,0,334663,0,0,62.338,61.3098,2.65511,0,1,1.25929,1.25929,0,0.972814,1.90512,8.44406e+06,3.71658e+06,1.06335e+07,0,314676,0,0
85.1408,85.1408,3.56117,0,0.04,2.7662,2.7662,0,0.518324,4.6872,4.06315e+06,2.78055e+06,1.12395e+07,0,334703,0,0,62.338,61.3098,2.55338,0,1,1.25945,1.25945,0,0.972931,1.90512,8.44406e+06,3.71658e+06,1.06348e+07,0,314713,0,0
85.1408,85.1408,3.12597,0,0.04,2.76653,2.76653,0,0.518386,4.6872,4.06315e+06,2.78055e+06,1.12408e+07,0,334743,0,0,62.338,61.3098,2.7397,0,1,1.2596,1.2596,0,0.973047,1.90512,8.44406e+06,3.71658e+06,1.06361e+07,0,314751,0,0
84.721,85.1408,2.69869,0,0.04,2.89812,2.89812,0,0.518448,4.6872,4.06315e+06,2.78055e+06,1.17755e+07,0,350664,0,0,62.338,61.3098,2.60114,0,1,1.32786,1.32786,0,0.973164,1.90512,8.44406e+06,3.71658e+06,1.12125e+07,0,331808,0,0
84.1851,85.1408,2.56785,0,0.04,2.89846,2.89846,0,0.543107,4.6872,4.06315e+06,2.78055e+06,1.17769e+07,0,350706,0,0,62.338,61.3098,2.27964,0,1,1.32802,1.32802,0,1.0259,1.90512,8.44406e+06,3.71658e+06,1.12138e+07,0,331848,0,0
83.3714,85.1408,2.22844,0,0.04,2.89881,2.89881,0,0.543172,4.6872,4.06315e+06,2.78055e+06,1.17783e+07,0,350748,0,0,62.0935,61.3098,2.3253,0,1,1.32817,1.32817,0,1.02602,1.90512,8.44406e+06,3.71658e+06,1.12152e+07,0,331888,0,0
82.5659,85.1408,2.23302,0,0.04,2.89916,2.89916,0,0.543237,4.6872,4.06315e+06,2.78055e+06,1.17797e+07,0,350791,0,0,62.0199,61.3098,1.83086,0,1,1.32833,1.32833,0,1.02615,1.90512,8.44406e+06,3.71658e+06,1.12165e+07,0,331927,0,0
81.4838,85.1408,1.93825,0,0.04,2.89951,2.89951,0,0.543303,4.6872,4.06315e+06,2.78055e+06,1.17811e+07,0,350833,0,0,62.0902,61.3098,1.70365,0,1,1.32849,1.32849,0,1.02627,1.90512,8.44406e+06,3.71658e+06,1.12179e+07,0,331967,0,0
81.9377,85.1408,3.519,0,0.04,2.87388,2.87388,0,0.543368,4.6872,4.06315e+06,2.78055e+06,1.1677e+07,0,347732,0,0,62.338,61.3098,2.91489,0,1,1.36611,1.36611,0,1.02639,1.90512,8.44406e+06,3.71658e+06,1.15355e+07,0,341367,0,0
82.2077,85.1408,3.33099,0,0.04,2.87423,2.87423,0,0.538566,4.6872,4.06315e+06,2.78055e+06,1.16784e+07,0,347774,0,0,62.338,61.3098,2.78425,0,1,1.36627,1.36627,0,1.05546,1.90512,8.44406e+06,3.71658e+06,1.15369e+07,0,341408,0,0
82.3347,85.1408,3.17787,0,0.04,2.87457,2.87457,0,0.53863,4.6872,4.06315e+06,2.78055e+06,1.16798e+07,0,347816,0,0,62.338,61.3098,2.73278,0,1,1.36644,1.36644,0,1.05558,1.90512,8.44406e+06,3.71658e+06,1.15383e+07,0,341449,0,0
82.3169,85.1408,3.0027,0,0.04,2.87492,2.87492,0,0.538695,4.6872,4.06315e+06,2.78055e+06,1.16812e+07,0,347857,0,0,62.338,61.3098,2.7366,0,1,1.3666,1.3666,0,1.05571,1.90512,8.44406e+06,3.71658e+06,1.15397e+07,0,341490,0,0
81.7878,85.1408,2.54337,0,0.04,2.94237,2.94237,0,0.53876,4.6872,4.06315e+06,2.78055e+06,1.19553e+07,0,356018,0,0,62.2572,61.3098,2.19545,0,1,1.40016,1.40016,0,1.05584,1.90512,8.44406e+06,3.71658e+06,1.1823e+07,0,349876,0,0
81.3179,85.1408,2.59249,0,0.04,2.94272,2.94272,0,0.551399,4.6872,4.06315e+06,2.78055e+06,1.19567e+07,0,356061,0,0,62.1308,61.3098,2.15373,0,1,1.40033,1.40033,0,1.08177,1.90512,8.44406e+06,3.71658e+06,1.18245e+07,0,349918,0,0
80.7237,85.1408,2.44651,0,0.04,2.94307,2.94307,0,0.551466,4.6872,4.06315e+06,2.78055e+06,1.19581e+07,0,356104,0,0,61.9462,61.3098,2.25131,0,1,1.4005,1.4005,0,1.0819,1.90512,8.44406e+06,3.71658e+06,1.18259e+07,0,349960,0,0
79.9829,85.1408,2.28937,0,0.04,2.94343,2.94343,0,0.551532,4.6872,4.06315e+06,2.78055e+06,1.19596e+07,0,356147,0,0,61.7247,61.3098,2.06317,0,1,1.40067,1.40067,0,1.08202,1.90512,8.44406e+06,3.71658e+06,1.18273e+07,0,350002,0,0
78.8452,85.1408,2.04097,0,0.04,3.14038,3.14038,0,0.551598,4.6872,4.06315e+06,2.78055e+06,1.27598e+07,0,379978,0,0,61.3829,61.3098,1.96711,0,1,1.52144,1.52144,0,1.08215,1.90512,8.44406e+06,3.71658e+06,1.28471e+07,0,380181,0,0
77.225,85.1408,1.54086,0,0.04,3.14076,3.14076,0,0.588508,4.6872,4.06315e+06,2.78055e+06,1.27614e+07,0,380023,0,0,61.023,61.3098,1.89842,0,1,1.52162,1.52162,0,1.17546,1.90512,8.44406e+06,3.71658e+06,1.28487e+07,0,380227,0,0
75.4519,85.1408,1.36652,0,0.04,3.14114,3.14114,0,0.588578,4.6872,4.06315e+06,2.78055e+06,1.27629e+07,0,380069,0,0,60.6208,61.3098,1.76599,0,1,1.52181,1.52181,0,1.17561,1.90512,8.44406e+06,3.71658e+06,1.28502e+07,0,380273,0,0
73.8464,85.1408,1.52058,0.02,0.04,3.14151,3.14151,0,0.588649,4.6872,4.06315e+06,2.78055e+06,1.27644e+07,0,380114,0,0,60.2292,61.3098,1.81439,0,1,1.52199,1.52199,0,1.17575,1.90512,8.44406e+06,3.71658e+06,1.28518e+07,0,380318,0,0
73.0997,85.1408,2.43844,0.02,0.04,3.14189,3.14189,0,0.588719,4.6872,4.06315e+06,2.78055e+06,1.2766e+07,0,380160,0,0,59.933,61.3098,2.2099,0,1,1.52217,1.52217,0,1.17589,1.90512,8.44406e+06,3.71658e+06,1.28533e+07,0,380364,0,0
72.0321,85.1408,2.00306,0.03,0.04,3.04639,3.04639,0,0.58879,4.6872,4.06315e+06,2.78055e+06,1.2378e+07,0,368605,0,0,59.8777,61.3098,2.41471,0,1,1.44911,1.44911,0,1.17603,1.90512,8.44406e+06,3.71658e+06,1.22363e+07,0,362106,0,0
69.9544,85.1408,1.0152,0.03,0.04,3.04676,3.04676,0,0.570894,4.6872,4.06315e+06,2.78055e+06,1.23794e+07,0,368649,0,0,59.2641,61.3098,1.73072,0,1,1.44928,1.44928,0,1.11958,1.90512,8.44406e+06,3.71658e+06,1.22378e+07,0,362150,0,0
67.7306,85.1408,0.808008,0.04,0.04,3.04712,3.04712,0,0.570962,4.6872,4.06315e+06,2.78055e+06,1.23809e+07,0,368694,0,0,58.9452,61.3098,1.28348,0,1,1.44945,1.44945,0,1.11971,1.90512,8.44406e+06,3.71658e+06,1.22393e+07,0,362193,0,0
66.5547,85.1408,1.9213,0.04,0.04,3.04749,3.04749,0,0.571031,4.6872,4.06315e+06,2.78055e+06,1.23824e+07,0,368738,0,0,58.8389,61.3098,2.64331,0,1,1.44963,1.44963,0,1.11985,1.90512,8.44406e+06,3.71658e+06,1.22407e+07,0,362237,0,0
65.012,85.1408,1.51242,0.04,0.04,2.96912,2.96912,0,0.571099,4.6872,4.06315e+06,2.78055e+06,1.2064e+07,0,359256,0,0,58.8881,61.3098,2.27733,0,1,1.3831,1.3831,0,1.11998,1.90512,8.44406e+06,3.71658e+06,1.16789e+07,0,345612,0,0
63.2843,85.1408,1.31018,0.04,0.04,2.96948,2.96948,0,0.556413,4.6872,4.06315e+06,2.78055e+06,1.20654e+07,0,359299,0,0,58.5942,61.3098,1.84675,0,1,1.38326,1.38326,0,1.06858,1.90512,8.44406e+06,3.71658e+06,1.16803e+07,0,345653,0,0
61.5892,85.1408,1.39333,0.04,0.04,2.96983,2.96983,0,0.55648,4.6872,4.06315e+06,2.78055e+06,1.20669e+07,0,359342,0,0,58.555,61.3098,1.36309,0,1,1.38343,1.38343,0,1.06871,1.90512,8.44406e+06,3.71658e+06,1.16818e+07,0,345695,0,0
60.1337,85.1408,1.62605,0.04,0.04,2.97019,2.97019,0,0.556547,4.6872,4.06315e+06,2.78055e+06,1.20683e+07,0,359385,0,0,58.9842,61.3098,2.98113,0,1,1.38359,1.38359,0,1.06884,1.90512,8.44406e+06,3.71658e+06,1.16832e+07,0,345736,0,0
61.533,85.1408,4.46979,0.04,0.04,2.74683,2.74683,0,0.556614,4.6872,4.06315e+06,2.78055e+06,1.11608e+07,0,332359,0,0,60.9073,61.3098,6.48913,0,1,1.24477,1.24477,0,1.06897,1.90512,8.44406e+06,3.71658e+06,1.05109e+07,0,311045,0,0
65.1722,85.1408,6.81094,0.04,0.04,2.74716,2.74716,0,0.514756,4.6872,4.06315e+06,2.78055e+06,1.11621e+07,0,332399,0,0,62.338,61.3098,8.30351,0,1,1.24492,1.24492,0,0.961707,1.90512,8.44406e+06,3.71658e+06,1.05121e+07,0,311083,0,0
68.1853,85.1408,6.05653,0.04,0.04,2.74749,2.74749,0,0.514818,4.6872,4.06315e+06,2.78055e+06,1.11635e+07,0,332439,0,0,62.338,61.3098,7.23679,0,1,1.24507,1.24507,0,0.961822,1.90512,8.44406e+06,3.71658e+06,1.05134e+07,0,311120,0,0
69.5652,85.1408,4.5356,0.02,0.04,2.74782,2.74782,0,0.51488,4.6872,4.06315e+06,2.78055e+06,1.11648e+07,0,332479,0,0,62.338,61.3098,4.28654,0,1,1.24522,1.24522,0,0.961938,1.90512,8.44406e+06,3.71658e+06,1.05147e+07,0,311157,0,0
70.9625,85.1408,4.64422,0.01,0.04,2.74815,2.74815,0,0.514942,4.6872,4.06315e+06,2.78055e+06,1.11661e+07,0,332519,0,0,62.338,61.3098,4.26085,0,1,1.24536,1.24536,0,0.962053,1.90512,8.44406e+06,3.71658e+06,1.05159e+07,0,311195,0,0
73.492,85.1408,5.88947,0.01,0.04,2.83458,2.83458,0,0.515003,4.6872,4.06315e+06,2.78055e+06,1.15173e+07,0,342976,0,0,62.338,61.3098,8.40465,0,1,1.28578,1.28578,0,0.962169,1.90512,8.44406e+06,3.71658e+06,1.08572e+07,0,321295,0,0
80.6999,85.1408,10.8741,0.01,0.04,2.8349,2.8349,0,0.5312,4.6872,4.06315e+06,2.78055e+06,1.15186e+07,0,343015,0,0,62.338,61.3098,11.6211,0,1,1.28593,1.28593,0,0.993397,1.90512,8.44406e+06,3.71658e+06,1.08585e+07,0,321332,0,0
85.1408,85.1408,9.52574,0,0.04,2.83522,2.83522,0,0.53126,4.6872,4.06315e+06,2.78055e+06,1.15199e+07,0,343054,0,0,62.338,61.3098,10.4393,0,1,1.28608,1.28608,0,0.99351,1.90512,8.44406e+06,3.71658e+06,1.08597e+07,0,321368,0,0
85.1408,85.1408,5.51538,0,0.04,2.83555,2.83555,0,0.531321,4.6872,4.06315e+06,2.78055e+06,1.15213e+07,0,343094,0,0,62.338,61.3098,6.52618,0,1,1.28622,1.28622,0,0.993623,1.90512,8.44406e+06,3.71658e+06,1.08609e+07,0,321405,0,0
85.1408,85.1408,5.54224,0,0.04,3.11247,3.11247,0,0.531381,4.6872,4.06315e+06,2.78055e+06,1.26465e+07,0,376601,0,0,62.338,61.3098,7.02748,0,1,1.43762,1.43762,0,0.993737,1.90512,8.44406e+06,3.71658e+06,1.21393e+07,0,359236,0,0
85.1408,85.1408,7.24024,0,0.04,3.11283,3.11283,0,0.583278,4.6872,4.06315e+06,2.78055e+06,1.26479e+07,0,376644,0,0,62.338,61.3098,7.61798,0,1,1.43778,1.43778,0,1.11071,1.90512,8.44406e+06,3.71658e+06,1.21407e+07,0,359277,0,0
85.1408,85.1408,7.35542,0,0.04,3.11318,3.11318,0,0.583344,4.6872,4.06315e+06,2.78055e+06,1.26493e+07,0,376687,0,0,62.338,61.3098,8.09104,0,1,1.43795,1.43795,0,1.11083,1.90512,8.44406e+06,3.71658e+06,1.21421e+07,0,359318,0,0
85.1408,85.1408,10.8638,0,0.04,3.11354,3.11354,0,0.583411,4.6872,4.06315e+06,2.78055e+06,1.26508e+07,0,376730,0,0,62.338,61.3098,12.0141,0,1,1.43811,1.43811,0,1.11096,1.90512,8.44406e+06,3.71658e+06,1.21435e+07,0,359359,0,0
85.1408,85.1408,9.7807,0,0.04,2.71919,2.71919,0,0.583477,4.6872,4.06315e+06,2.78055e+06,1.10485e+07,0,329014,0,0,62.338,61.3098,13.2376,0,1,1.2352,1.2352,0,1.11109,1.90512,8.44406e+06,3.71658e+06,1.04301e+07,0,308656,0,0
85.1408,85.1408,9.04015,0,0.04,2.7195,2.7195,0,0.509576,4.6872,4.06315e+06,2.78055e+06,1.10497e+07,0,329052,0,0,62.338,61.3098,13.0564,0,1,1.23535,1.23535,0,0.954319,1.90512,8.44406e+06,3.71658e+06,1.04313e+07,0,308691,0,0
85.1408,85.1408,10.9157,0,0.04,2.71981,2.71981,0,0.509634,4.6872,4.06315e+06,2.78055e+06,1.1051e+07,0,329090,0,0,62.338,61.3098,15.9717,0,1,1.23549,1.23549,0,0.954428,1.90512,8.44406e+06,3.71658e+06,1.04325e+07,0,308726,0,0
85.1408,85.1408,12.9866,0,0.04,2.72012,2.72012,0,0.509692,4.6872,4.06315e+06,2.78055e+06,1.10523e+07,0,329127,0,0,62.338,61.3098,20.7853,0,1,1.23563,1.23563,0,0.954537,1.90512,8.44406e+06,3.71658e+06,1.04337e+07,0,308762,0,0
85.1408,85.1408,9.53553,0,0.04,2.72043,2.72043,0,0.50975,4.6872,4.06315e+06,2.78055e+06,1.10535e+07,0,329165,0,0,62.338,61.3098,13.5611,0,1,1.23577,1.23577,0,0.954646,1.90512,8.44406e+06,3.71658e+06,1.04349e+07,0,308797,0,0
85.1408,85.1408,6.83593,0,0.04,2.82015,2.82015,0,0.509808,4.6872,4.06315e+06,2.78055e+06,1.14587e+07,0,341230,0,0,62.338,61.3098,6.08222,0,1,1.28562,1.28562,0,0.954755,1.90512,8.44406e+06,3.71658e+06,1.08558e+07,0,321253,0,0
85.1408,85.1408,6.8077,0,0.04,2.82047,2.82047,0,0.528496,4.6872,4.06315e+06,2.78055e+06,1.146e+07,0,341269,0,0,62.338,61.3098,9.88584,0,1,1.28576,1.28576,0,0.993267,1.90512,8.44406e+06,3.71658e+06,1.08571e+07,0,321290,0,0
85.1408,85.1408,5.83057,0,0.04,2.82079,2.82079,0,0.528556,4.6872,4.06315e+06,2.78055e+06,1.14613e+07,0,341308,0,0,62.338,61.3098,10.7726,0,1,1.28591,1.28591,0,0.993381,1.90512,8.44406e+06,3.71658e+06,1.08583e+07,0,321326,0,0
85.1408,85.1408,4.2078,0,0.04,2.82111,2.82111,0,0.528617,4.6872,4.06315e+06,2.78055e+06,1.14626e+07,0,341347,0,0,62.338,61.3098,7.50789,0,1,1.28606,1.28606,0,0.993494,1.90512,8.44406e+06,3.71658e+06,1.08595e+07,0,321363,0,0
85.1408,85.1408,4.41601,0,0.04,2.78255,2.78255,0,0.528677,4.6872,4.06315e+06,2.78055e+06,1.13059e+07,0,336681,0,0,62.338,61.3098,6.50276,0,1,1.26689,1.26689,0,0.993607,1.90512,8.44406e+06,3.71658e+06,1.06977e+07,0,316573,0,0
85.1408,85.1408,4.47649,0,0.04,2.78287,2.78287,0,0.52145,4.6872,4.06315e+06,2.78055e+06,1.13072e+07,0,336719,0,0,62.338,61.3098,5.9176,0,1,1.26703,1.26703,0,0.978798,1.90512,8.44406e+06,3.71658e+06,1.06989e+07,0,316609,0,0
85.1408,85.1408,4.16545,0,0.04,2.78318,2.78318,0,0.521509,4.6872,4.06315e+06,2.78055e+06,1.13085e+07,0,336758,0,0,62.338,61.3098,5.56901,0,1,1.26718,1.26718,0,0.97891,1.90512,8.44406e+06,3.71658e+06,1.07001e+07,0,316645,0,0
85.1408,85.1408,3.80988,0,0.04,2.7835,2.7835,0,0.521569,4.6872,4.06315e+06,2.78055e+06,1.13098e+07,0,336796,0,0,62.338,61.3098,5.22142,0,1,1.26732,1.26732,0,0.979021,1.90512,8.44406e+06,3.71658e+06,1.07013e+07,0,316682,0,0
85.1408,85.1408,3.53759,0,0.04,2.91588,2.91588,0,0.521628,4.6872,4.06315e+06,2.78055e+06,1.18476e+07,0,352813,0,0,62.338,61.3098,4.37649,0,1,1.33599,1.33599,0,0.979133,1.90512,8.44406e+06,3.71658e+06,1.12812e+07,0,333841,0,0
85.1408,85.1408,3.75725,0,0.04,2.91621,2.91621,0,0.546435,4.6872,4.06315e+06,2.78055e+06,1.1849e+07,0,352853,0,0,62.338,61.3098,4.22786,0,1,1.33614,1.33614,0,1.03219,1.90512,8.44406e+06,3.71658e+06,1.12825e+07,0,333879,0,0
85.1408,85.1408,3.689,0,0.04,2.91654,2.91654,0,0.546497,4.6872,4.06315e+06,2.78055e+06,1.18503e+07,0,352894,0,0,62.338,61.3098,4.27869,0,1,1.3363,1.3363,0,1.03231,1.90512,8.44406e+06,3.71658e+06,1.12838e+07,0,333917,0,0
85.1408,85.1408,3.31038,0,0.04,2.91687,2.91687,0,0.54656,4.6872,4.06315e+06,2.78055e+06,1.18517e+07,0,352934,0,0,62.338,61.3098,4.3174,0,1,1.33645,1.33645,0,1.03242,1.90512,8.44406e+06,3.71658e+06,1.12851e+07,0,333955,0,0
85.0885,85.1408,3.16111,0,0.04,2.91721,2.91721,0,0.546622,4.6872,4.06315e+06,2.78055e+06,1.1853e+07,0,352974,0,0,62.338,61.3098,4.25849,0,1,1.3366,1.3366,0,1.03254,1.90512,8.44406e+06,3.71658e+06,1.12863e+07,0,333993,0,0
85.1408,85.1408,3.38117,0,0.04,2.89141,2.89141,0,0.546684,4.6872,4.06315e+06,2.78055e+06,1.17482e+07,0,349853,0,0,62.338,61.3098,4.03158,0,1,1.37444,1.37444,0,1.03266,1.90512,8.44406e+06,3.71658e+06,1.16058e+07,0,343448,0,0
85.1408,85.1408,3.24704,0,0.04,2.89174,2.89174,0,0.54185,4.6872,4.06315e+06,2.78055e+06,1.17496e+07,0,349893,0,0,62.338,61.3098,3.97955,0,1,1.3746,1.3746,0,1.06189,1.90512,8.44406e+06,3.71658e+06,1.16072e+07,0,343487,0,0
85.0205,85.1408,2.99555,0,0.04,2.89207,2.89207,0,0.541912,4.6872,4.06315e+06,2.78055e+06,1.17509e+07,0,349932,0,0,62.338,61.3098,3.90914,0,1,1.37475,1.37475,0,1.06201,1.90512,8.44406e+06,3.71658e+06,1.16085e+07,0,343527,0,0
84.7175,85.1408,2.7989,0,0.04,2.8924,2.8924,0,0.541974,4.6872,4.06315e+06,2.78055e+06,1.17522e+07,0,349972,0,0,62.338,61.3098,4.03659,0,1,1.37491,1.37491,0,1.06213,1.90512,8.44406e+06,3.71658e+06,1.16098e+07,0,343566,0,0
84.5074,85.1408,2.94349,0,0.04,2.96024,2.96024,0,0.542035,4.6872,4.06315e+06,2.78055e+06,1.20279e+07,0,358181,0,0,62.338,61.3098,3.85431,0,1,1.40867,1.40867,0,1.06226,1.90512,8.44406e+06,3.71658e+06,1.18949e+07,0,352001,0,0
84.5299,85.1408,3.16998,0,0.04,2.96058,2.96058,0,0.554749,4.6872,4.06315e+06,2.78055e+06,1.20293e+07,0,358222,0,0,62.338,61.3098,3.86643,0,1,1.40883,1.40883,0,1.08834,1.90512,8.44406e+06,3.71658e+06,1.18962e+07,0,352041,0,0
84.2079,85.1408,2.81617,0,0.04,2.96091,2.96091,0,0.554812,4.6872,4.06315e+06,2.78055e+06,1.20306e+07,0,358263,0,0,62.338,61.3098,3.65736,0,1,1.40899,1.40899,0,1.08846,1.90512,8.44406e+06,3.71658e+06,1.18976e+07,0,352081,0,0
83.6605,85.1408,2.5789,0,0.04,2.96125,2.96125,0,0.554875,4.6872,4.06315e+06,2.78055e+06,1.2032e+07,0,358303,0,0,62.338,61.3098,3.41679,0,1,1.40915,1.40915,0,1.08858,1.90512,8.44406e+06,3.71658e+06,1.18989e+07,0,352122,0,0
82.6211,85.1408,2.22796,0,0.04,3.15938,3.15938,0,0.554939,4.6872,4.06315e+06,2.78055e+06,1.2837e+07,0,382277,0,0,62.338,61.3098,3.38914,0,1,1.53065,1.53065,0,1.08871,1.90512,8.44406e+06,3.71658e+06,1.29249e+07,0,382481,0,0
81.8967,85.1408,2.55716,0,0.04,3.15974,3.15974,0,0.592068,4.6872,4.06315e+06,2.78055e+06,1.28385e+07,0,382320,0,0,62.338,61.3098,3.5183,0,1,1.53082,1.53082,0,1.18258,1.90512,8.44406e+06,3.71658e+06,1.29263e+07,0,382525,0,0
81.3863,85.1408,2.7819,0,0.04,3.1601,3.1601,0,0.592136,4.6872,4.06315e+06,2.78055e+06,1.284e+07,0,382364,0,0,62.338,61.3098,4.18917,0,1,1.53099,1.53099,0,1.18271,1.90512,8.44406e+06,3.71658e+06,1.29278e+07,0,382569,0,0
80.3577,85.1408,2.28569,0,0.04,3.16046,3.16046,0,0.592203,4.6872,4.06315e+06,2.78055e+06,1.28414e+07,0,382408,0,0,62.338,61.3098,3.34167,0,1,1.53117,1.53117,0,1.18285,1.90512,8.44406e+06,3.71658e+06,1.29293e+07,0,382612,0,0
79.7263,85.1408,2.65195,0,0.04,3.16082,3.16082,0,0.592271,4.6872,4.06315e+06,2.78055e+06,1.28429e+07,0,382451,0,0,62.338,61.3098,5.04756,0,1,1.53134,1.53134,0,1.18298,1.90512,8.44406e+06,3.71658e+06,1.29308e+07,0,382656,0,0
79.5256,85.1408,3.08852,0.01,0.04,3.06473,3.06473,0,0.592338,4.6872,4.06315e+06,2.78055e+06,1.24525e+07,0,370824,0,0,62.338,61.3098,9.14554,0,1,1.45783,1.45783,0,1.18312,1.90512,8.44406e+06,3.71658e+06,1.231e+07,0,364286,0,0
79.2976,85.1408,3.12135,0.02,0.04,3.06508,3.06508,0,0.574331,4.6872,4.06315e+06,2.78055e+06,1.24539e+07,0,370867,0,0,62.338,61.3098,9.79474,0,1,1.458,1.458,0,1.12632,1.90512,8.44406e+06,3.71658e+06,1.23114e+07,0,364328,0,0
78.5881,85.1408,2.59594,0.02,0.04,3.06543,3.06543,0,0.574396,4.6872,4.06315e+06,2.78055e+06,1.24553e+07,0,370909,0,0,62.338,61.3098,8.51336,0,1,1.45816,1.45816,0,1.12645,1.90512,8.44406e+06,3.71658e+06,1.23128e+07,0,364369,0,0
79.003,85.1408,3.6791,0.02,0.04,3.06578,3.06578,0,0.574462,4.6872,4.06315e+06,2.78055e+06,1.24567e+07,0,370951,0,0,62.338,61.3098,10.4709,0,1,1.45833,1.45833,0,1.12658,1.90512,8.44406e+06,3.71658e+06,1.23142e+07,0,364411,0,0
85.1408,85.1408,11.5729,0.01,0.04,2.98693,2.98693,0,0.574528,4.6872,4.06315e+06,2.78055e+06,1.21363e+07,0,361410,0,0,62.338,61.3098,14.7419,0,1,1.39139,1.39139,0,1.12671,1.90512,8.44406e+06,3.71658e+06,1.1749e+07,0,347684,0,0
85.097,85.1408,3.26816,0,0.04,2.98727,2.98727,0,0.55975,4.6872,4.06315e+06,2.78055e+06,1.21377e+07,0,361451,0,0,62.338,61.3098,8.09875,0,1,1.39155,1.39155,0,1.07499,1.90512,8.44406e+06,3.71658e+06,1.17503e+07,0,347724,0,0
85.1408,85.1408,6.70236,0.01,0.04,2.98761,2.98761,0,0.559814,4.6872,4.06315e+06,2.78055e+06,1.21391e+07,0,361493,0,0,62.338,61.3098,10.8919,0,1,1.39171,1.39171,0,1.07511,1.90512,8.44406e+06,3.71658e+06,1.17517e+07,0,347764,0,0
85.1408,85.1408,9.68502,0,0.04,2.98795,2.98795,0,0.559878,4.6872,4.06315e+06,2.78055e+06,1.21405e+07,0,361534,0,0,62.338,61.3098,12.2189,0,1,1.39187,1.39187,0,1.07523,1.90512,8.44406e+06,3.71658e+06,1.1753e+07,0,347803,0,0
85.1408,85.1408,8.61894,0,0.04,2.76324,2.76324,0,0.559942,4.6872,4.06315e+06,2.78055e+06,1.12275e+07,0,334344,0,0,62.338,61.3098,15.4931,0,1,1.2522,1.2522,0,1.07536,1.90512,8.44406e+06,3.71658e+06,1.05737e+07,0,312903,0,0
85.1408,85.1408,4.76075,0,0.04,2.76355,2.76355,0,0.517831,4.6872,4.06315e+06,2.78055e+06,1.12287e+07,0,334382,0,0,62.338,61.3098,7.59233,0,1,1.25234,1.25234,0,0.967451,1.90512,8.44406e+06,3.71658e+06,1.05749e+07,0,312939,0,0
85.1408,85.1408,6.38045,0,0.04,2.76387,2.76387,0,0.51789,4.6872,4.06315e+06,2.78055e+06,1.123e+07,0,334421,0,0,62.338,61.3098,9.76789,0,1,1.25249,1.25249,0,0.967561,1.90512,8.44406e+06,3.71658e+06,1.05761e+07,0,312975,0,0
85.1408,85.1408,8.92425,0,0.04,2.76418,2.76418,0,0.517949,4.6872,4.06315e+06,2.78055e+06,1.12313e+07,0,334459,0,0,62.338,61.3098,9.70716,0,1,1.25263,1.25263,0,0.967672,1.90512,8.44406e+06,3.71658e+06,1.05773e+07,0,313010,0,0
85.1408,85.1408,9.3923,0,0.04,2.7645,2.7645,0,0.518008,4.6872,4.06315e+06,2.78055e+06,1.12326e+07,0,334497,0,0,62.338,61.3098,10.3604,0,1,1.25277,1.25277,0,0.967782,1.90512,8.44406e+06,3.71658e+06,1.05785e+07,0,313046,0,0
85.1408,85.1408,11.4269,0,0.04,2.85142,2.85142,0,0.518067,4.6872,4.06315e+06,2.78055e+06,1.15858e+07,0,345015,0,0,62.338,61.3098,10.8247,0,1,1.29343,1.29343,0,0.967893,1.90512,8.44406e+06,3.71658e+06,1.09218e+07,0,323204,0,0
85.1408,85.1408,6.99734,0,0.04,2.85173,2.85173,0,0.534357,4.6872,4.06315e+06,2.78055e+06,1.1587e+07,0,345052,0,0,62.338,61.3098,8.71055,0,1,1.29357,1.29357,0,0.999301,1.90512,8.44406e+06,3.71658e+06,1.09229e+07,0,323239,0,0
85.1408,85.1408,12.3104,0,0.04,2.85204,2.85204,0,0.534415,4.6872,4.06315e+06,2.78055e+06,1.15883e+07,0,345089,0,0,62.338,61.3098,14.9832,0,1,1.29371,1.29371,0,0.999409,1.90512,8.44406e+06,3.71658e+06,1.09241e+07,0,323274,0,0
85.1408,85.1408,13.3234,0,0.04,2.85235,2.85235,0,0.534472,4.6872,4.06315e+06,2.78055e+06,1.15895e+07,0,345127,0,0,62.338,61.3098,10.8718,0,1,1.29385,1.29385,0,0.999517,1.90512,8.44406e+06,3.71658e+06,1.09253e+07,0,323309,0,0
85.1408,85.1408,10.8479,0,0.04,3.1309,3.1309,0,0.53453,4.6872,4.06315e+06,2.78055e+06,1.27213e+07,0,378830,0,0,62.338,61.3098,8.6567,0,1,1.44613,1.44613,0,0.999625,1.90512,8.44406e+06,3.71658e+06,1.22112e+07,0,361363,0,0
85.1408,85.1408,3.77935,0,0.04,3.13124,3.13124,0,0.58673,4.6872,4.06315e+06,2.78055e+06,1.27227e+07,0,378871,0,0,62.338,61.3098,4.33943,0,1,1.44629,1.44629,0,1.11728,1.90512,8.44406e+06,3.71658e+06,1.22125e+07,0,361402,0,0
85.1408,85.1408,6.09312,0,0.04,3.13158,3.13158,0,0.586794,4.6872,4.06315e+06,2.78055e+06,1.27241e+07,0,378912,0,0,62.338,61.3098,8.11892,0,1,1.44644,1.44644,0,1.1174,1.90512,8.44406e+06,3.71658e+06,1.22138e+07,0,361441,0,0
85.1408,85.1408,6.48466,0,0.04,3.13191,3.13191,0,0.586857,4.6872,4.06315e+06,2.78055e+06,1.27254e+07,0,378953,0,0,62.338,61.3098,11.4258,0,1,1.4466,1.4466,0,1.11752,1.90512,8.44406e+06,3.71658e+06,1.22152e+07,0,361480,0,0
85.1408,85.1408,8.64286,0,0.04,2.73522,2.73522,0,0.586921,4.6872,4.06315e+06,2.78055e+06,1.11136e+07,0,330954,0,0,62.338,61.3098,11.7076,0,1,1.24249,1.24249,0,1.11764,1.90512,8.44406e+06,3.71658e+06,1.04916e+07,0,310476,0,0
85.1408,85.1408,10.0379,0,0.04,2.73552,2.73552,0,0.51258,4.6872,4.06315e+06,2.78055e+06,1.11148e+07,0,330990,0,0,62.338,61.3098,17.4738,0,1,1.24262,1.24262,0,0.959946,1.90512,8.44406e+06,3.71658e+06,1.04928e+07,0,310509,0,0
85.1408,85.1408,8.18449,0,0.04,2.73581,2.73581,0,0.512636,4.6872,4.06315e+06,2.78055e+06,1.1116e+07,0,331026,0,0,62.338,61.3098,13.1483,0,1,1.24276,1.24276,0,0.96005,1.90512,8.44406e+06,3.71658e+06,1.04939e+07,0,310543,0,0
85.1408,85.1408,7.21303,0,0.04,2.73611,2.73611,0,0.512691,4.6872,4.06315e+06,2.78055e+06,1.11172e+07,0,331062,0,0,62.338,61.3098,9.04715,0,1,1.24289,1.24289,0,0.960153,1.90512,8.44406e+06,3.71658e+06,1.0495e+07,0,310577,0,0
85.1408,85.1408,5.33504,0,0.04,2.7364,2.7364,0,0.512747,4.6872,4.06315e+06,2.78055e+06,1.11184e+07,0,331098,0,0,62.338,61.3098,6.07682,0,1,1.24303,1.24303,0,0.960257,1.90512,8.44406e+06,3.71658e+06,1.04962e+07,0,310610,0,0
85.1408,85.1408,7.29252,0,0.04,2.83669,2.83669,0,0.512802,4.6872,4.06315e+06,2.78055e+06,1.15259e+07,0,343232,0,0,62.338,61.3098,10.2557,0,1,1.29316,1.29316,0,0.960361,1.90512,8.44406e+06,3.71658e+06,1.09195e+07,0,323138,0,0
85.1408,85.1408,6.9045,0,0.04,2.837,2.837,0,0.531596,4.6872,4.06315e+06,2.78055e+06,1.15272e+07,0,343269,0,0,62.338,61.3098,12.1363,0,1,1.2933,1.2933,0,0.999094,1.90512,8.44406e+06,3.71658e+06,1.09207e+07,0,323173,0,0
85.1408,85.1408,5.15083,0,0.04,2.83731,2.83731,0,0.531654,4.6872,4.06315e+06,2.78055e+06,1.15284e+07,0,343306,0,0,62.338,61.3098,8.8135,0,1,1.29344,1.29344,0,0.999202,1.90512,8.44406e+06,3.71658e+06,1.09219e+07,0,323208,0,0
85.1408,85.1408,4.7898,0,0.04,2.83761,2.83761,0,0.531711,4.6872,4.06315e+06,2.78055e+06,1.15297e+07,0,343344,0,0,62.338,61.3098,8.05915,0,1,1.29358,1.29358,0,0.99931,1.90512,8.44406e+06,3.71658e+06,1.0923e+07,0,323242,0,0
85.1408,85.1408,4.5653,0,0.04,2.79881,2.79881,0,0.531769,4.6872,4.06315e+06,2.78055e+06,1.1372e+07,0,338648,0,0,62.338,61.3098,9.5947,0,1,1.27429,1.27429,0,0.999418,1.90512,8.44406e+06,3.71658e+06,1.07602e+07,0,318423,0,0
85.1408,85.1408,4.96653,0,0.04,2.79911,2.79911,0,0.524496,4.6872,4.06315e+06,2.78055e+06,1.13732e+07,0,338685,0,0,62.338,61.3098,7.88897,0,1,1.27443,1.27443,0,0.984517,1.90512,8.44406e+06,3.71658e+06,1.07613e+07,0,318457,0,0
85.1408,85.1408,4.54073,0,0.04,2.79941,2.79941,0,0.524553,4.6872,4.06315e+06,2.78055e+06,1.13744e+07,0,338721,0,0,62.338,61.3098,7.43042,0,1,1.27457,1.27457,0,0.984623,1.90512,8.44406e+06,3.71658e+06,1.07625e+07,0,318492,0,0
85.1408,85.1408,4.13097,0,0.04,2.79972,2.79972,0,0.52461,4.6872,4.06315e+06,2.78055e+06,1.13757e+07,0,338758,0,0,62.338,61.3098,6.20441,0,1,1.2747,1.2747,0,0.98473,1.90512,8.44406e+06,3.71658e+06,1.07637e+07,0,318526,0,0
85.1408,85.1408,4.14685,0,0.04,2.93284,2.93284,0,0.524667,4.6872,4.06315e+06,2.78055e+06,1.19166e+07,0,354866,0,0,62.338,61.3098,6.5066,0,1,1.34377,1.34377,0,0.984836,1.90512,8.44406e+06,3.71658e+06,1.13468e+07,0,335784,0,0
85.1408,85.1408,3.7213,0,0.04,2.93316,2.93316,0,0.549615,4.6872,4.06315e+06,2.78055e+06,1.19179e+07,0,354904,0,0,62.338,61.3098,5.44352,0,1,1.34391,1.34391,0,1.03819,1.90512,8.44406e+06,3.71658e+06,1.13481e+07,0,335820,0,0
85.1408,85.1408,3.56478,0,0.04,2.93348,2.93348,0,0.549674,4.6872,4.06315e+06,2.78055e+06,1.19192e+07,0,354943,0,0,62.338,61.3098,5.43875,0,1,1.34406,1.34406,0,1.03831,1.90512,8.44406e+06,3.71658e+06,1.13493e+07,0,335856,0,0
85.1408,85.1408,3.38539,0,0.04,2.93379,2.93379,0,0.549734,4.6872,4.06315e+06,2.78055e+06,1.19205e+07,0,354981,0,0,62.338,61.3098,5.71785,0,1,1.3442,1.3442,0,1.03842,1.90512,8.44406e+06,3.71658e+06,1.13505e+07,0,335893,0,0
85.0273,85.1408,3.14182,0,0.04,2.93411,2.93411,0,0.549793,4.6872,4.06315e+06,2.78055e+06,1.19217e+07,0,355020,0,0,62.338,61.3098,5.51768,0,1,1.34435,1.34435,0,1.03853,1.90512,8.44406e+06,3.71658e+06,1.13518e+07,0,335929,0,0
84.7716,85.1408,2.89235,0,0.04,2.90815,2.90815,0,0.549853,4.6872,4.06315e+06,2.78055e+06,1.18162e+07,0,351878,0,0,62.338,61.3098,4.20083,0,1,1.3824,1.3824,0,1.03864,1.90512,8.44406e+06,3.71658e+06,1.1673e+07,0,345437,0,0
84.3089,85.1408,2.67776,0,0.04,2.90846,2.90846,0,0.544987,4.6872,4.06315e+06,2.78055e+06,1.18175e+07,0,351916,0,0,62.338,61.3098,3.41419,0,1,1.38255,1.38255,0,1.06804,1.90512,8.44406e+06,3.71658e+06,1.16743e+07,0,345474,0,0
83.6274,85.1408,2.45488,0,0.04,2.90878,2.90878,0,0.545046,4.6872,4.06315e+06,2.78055e+06,1.18188e+07,0,351954,0,0,62.338,61.3098,3.40707,0,1,1.3827,1.3827,0,1.06815,1.90512,8.44406e+06,3.71658e+06,1.16756e+07,0,345511,0,0
82.7351,85.1408,2.21975,0,0.04,2.90909,2.90909,0,0.545105,4.6872,4.06315e+06,2.78055e+06,1.18201e+07,0,351992,0,0,62.338,61.3098,3.03806,0,1,1.38285,1.38285,0,1.06827,1.90512,8.44406e+06,3.71658e+06,1.16768e+07,0,345549,0,0
81.6324,85.1408,2.01882,0,0.04,2.97731,2.97731,0,0.545164,4.6872,4.06315e+06,2.78055e+06,1.20972e+07,0,360246,0,0,62.338,61.3098,2.98369,0,1,1.41679,1.41679,0,1.06839,1.90512,8.44406e+06,3.71658e+06,1.19634e+07,0,354031,0,0
80.6001,85.1408,2.091,0,0.04,2.97763,2.97763,0,0.557947,4.6872,4.06315e+06,2.78055e+06,1.20986e+07,0,360285,0,0,62.338,61.3098,3.40648,0,1,1.41694,1.41694,0,1.09461,1.90512,8.44406e+06,3.71658e+06,1.19647e+07,0,354069,0,0
79.4737,85.1408,1.97089,0,0.04,2.97795,2.97795,0,0.558008,4.6872,4.06315e+06,2.78055e+06,1.20999e+07,0,360324,0,0,62.338,61.3098,3.53708,0,1,1.4171,1.4171,0,1.09473,1.90512,8.44406e+06,3.71658e+06,1.1966e+07,0,354107,0,0
78.2358,85.1408,1.84483,0,0.04,2.97827,2.97827,0,0.558068,4.6872,4.06315e+06,2.78055e+06,1.21012e+07,0,360363,0,0,62.338,61.3098,3.24275,0,1,1.41725,1.41725,0,1.09485,1.90512,8.44406e+06,3.71658e+06,1.19673e+07,0,354146,0,0
76.8168,85.1408,1.81171,0,0.04,3.17752,3.17752,0,0.558128,4.6872,4.06315e+06,2.78055e+06,1.29108e+07,0,384472,0,0,62.338,61.3098,3.4732,0,1,1.53943,1.53943,0,1.09497,1.90512,8.44406e+06,3.71658e+06,1.29991e+07,0,384678,0,0
75.1541,85.1408,1.53259,0,0.04,3.17787,3.17787,0,0.595468,4.6872,4.06315e+06,2.78055e+06,1.29122e+07,0,384513,0,0,62.1679,61.3098,2.5615,0,1,1.5396,1.5396,0,1.18937,1.90512,8.44406e+06,3.71658e+06,1.30005e+07,0,384719,0,0
73.5886,85.1408,1.64146,0.02,0.04,3.17821,3.17821,0,0.595532,4.6872,4.06315e+06,2.78055e+06,1.29135e+07,0,384555,0,0,62.1028,61.3098,2.95395,0,1,1.53977,1.53977,0,1.1895,1.90512,8.44406e+06,3.71658e+06,1.30019e+07,0,384761,0,0
71.7354,85.1408,1.33861,0.02,0.04,3.17855,3.17855,0,0.595597,4.6872,4.06315e+06,2.78055e+06,1.29149e+07,0,384597,0,0,61.8265,61.3098,2.07296,0,1,1.53993,1.53993,0,1.18962,1.90512,8.44406e+06,3.71658e+06,1.30033e+07,0,384803,0,0
70.1989,85.1408,1.62988,0.02,0.04,3.1789,3.1789,0,0.595661,4.6872,4.06315e+06,2.78055e+06,1.29163e+07,0,384638,0,0,61.9421,61.3098,3.82054,0,1,1.5401,1.5401,0,1.18975,1.90512,8.44406e+06,3.71658e+06,1.30047e+07,0,384844,0,0
68.2101,85.1408,1.06231,0.03,0.04,3.08224,3.08224,0,0.595726,4.6872,4.06315e+06,2.78055e+06,1.25236e+07,0,372943,0,0,61.5598,61.3098,2.06865,0,1,1.46616,1.46616,0,1.18988,1.90512,8.44406e+06,3.71658e+06,1.23803e+07,0,366367,0,0
66.0541,85.1408,0.899553,0.04,0.04,3.08257,3.08257,0,0.577612,4.6872,4.06315e+06,2.78055e+06,1.2525e+07,0,372983,0,0,61.3568,61.3098,1.52294,0,1,1.46632,1.46632,0,1.13275,1.90512,8.44406e+06,3.71658e+06,1.23817e+07,0,366407,0,0
64.3202,85.1408,1.33102,0.04,0.04,3.08291,3.08291,0,0.577674,4.6872,4.06315e+06,2.78055e+06,1.25263e+07,0,373023,0,0,61.2685,61.3098,1.84474,0,1,1.46648,1.46648,0,1.13288,1.90512,8.44406e+06,3.71658e+06,1.2383e+07,0,366447,0,0
63.0434,85.1408,1.84752,0.04,0.04,3.08324,3.08324,0,0.577737,4.6872,4.06315e+06,2.78055e+06,1.25277e+07,0,373064,0,0,61.5616,61.3098,2.99328,0,1,1.46663,1.46663,0,1.133,1.90512,8.44406e+06,3.71658e+06,1.23843e+07,0,366486,0,0
61.4912,85.1408,1.51962,0.04,0.04,3.00392,3.00392,0,0.577799,4.6872,4.06315e+06,2.78055e+06,1.22054e+07,0,363466,0,0,61.6754,61.3098,2.15525,0,1,1.39931,1.39931,0,1.13312,1.90512,8.44406e+06,3.71658e+06,1.18158e+07,0,349662,0,0
59.6197,85.1408,1.18126,0.04,0.04,3.00424,3.00424,0,0.562934,4.6872,4.06315e+06,2.78055e+06,1.22067e+07,0,363505,0,0,61.9319,61.3098,2.4544,0,1,1.39946,1.39946,0,1.0811,1.90512,8.44406e+06,3.71658e+06,1.18171e+07,0,349700,0,0
57.7036,85.1408,1.14483,0.04,0.04,3.00457,3.00457,0,0.562995,4.6872,4.06315e+06,2.78055e+06,1.2208e+07,0,363545,0,0,62.2106,61.3098,2.40252,0,1,1.39961,1.39961,0,1.08122,1.90512,8.44406e+06,3.71658e+06,1.18184e+07,0,349738,0,0
55.9292,85.1408,1.20232,0.04,0.04,3.00489,3.00489,0,0.563056,4.6872,4.06315e+06,2.78055e+06,1.22093e+07,0,363584,0,0,62.338,61.3098,2.73642,0,1,1.39976,1.39976,0,1.08134,1.90512,8.44406e+06,3.71658e+06,1.18197e+07,0,349776,0,0
57.8417,85.1408,4.84929,0.04,0.04,2.77889,2.77889,0,0.563117,4.6872,4.06315e+06,2.78055e+06,1.12911e+07,0,336238,0,0,62.338,61.3098,4.5434,0,1,1.2593,1.2593,0,1.08146,1.90512,8.44406e+06,3.71658e+06,1.06336e+07,0,314676,0,0
58.3297,85.1408,3.46269,0.04,0.04,2.77919,2.77919,0,0.520764,4.6872,4.06315e+06,2.78055e+06,1.12923e+07,0,336275,0,0,62.338,61.3098,3.64567,0,1,1.25943,1.25943,0,0.972932,1.90512,8.44406e+06,3.71658e+06,1.06347e+07,0,314710,0,0
59.7716,85.1408,4.43628,0.04,0.04,2.77949,2.77949,0,0.520821,4.6872,4.06315e+06,2.78055e+06,1.12935e+07,0,336311,0,0,62.338,61.3098,4.95292,0,1,1.25957,1.25957,0,0.973037,1.90512,8.44406e+06,3.71658e+06,1.06359e+07,0,314744,0,0
60.4739,85.1408,3.75958,0.04,0.04,2.77979,2.77979,0,0.520877,4.6872,4.06315e+06,2.78055e+06,1.12947e+07,0,336348,0,0,62.338,61.3098,4.49755,0,1,1.2597,1.2597,0,0.973142,1.90512,8.44406e+06,3.71658e+06,1.0637e+07,0,314778,0,0
60.0811,85.1408,2.61357,0.03,0.04,2.7801,2.7801,0,0.520933,4.6872,4.06315e+06,2.78055e+06,1.12959e+07,0,336384,0,0,62.338,61.3098,3.64897,0,1,1.25984,1.25984,0,0.973248,1.90512,8.44406e+06,3.71658e+06,1.06382e+07,0,314812,0,0
59.9725,85.1408,2.86296,0.03,0.04,2.7801,2.7801,0,0.52099,4.6872,4.06315e+06,2.78055e+06,1.12959e+07,0,336384,0,0,61.9723,61.3098,2.81565,0,1,1.25984,1.25984,0,0.973353,1.90512,8.44406e+06,3.71658e+06,1.06382e+07,0,314812,0,0
59.7845,85.1408,2.82713,0.03,0.04,2.86749,2.86749,0,0.52099,4.6872,4.06315e+06,2.78055e+06,1.16511e+07,0,346959,0,0,62.0693,61.3098,1.6738,0,1,1.30072,1.30072,0,0.973353,1.90512,8.44406e+06,3.71658e+06,1.09833e+07,0,325026,0,0
60.2828,85.1408,3.64362,0.03,0.04,2.86779,2.86779,0,0.537368,4.6872,4.06315e+06,2.78055e+06,1.16522e+07,0,346994,0,0,62.338,61.3098,2.71852,0,1,1.30085,1.30085,0,1.00493,1.90512,8.44406e+06,3.71658e+06,1.09844e+07,0,325059,0,0
61.5159,85.1408,4.41185,0.03,0.04,2.86808,2.86808,0,0.537423,4.6872,4.06315e+06,2.78055e+06,1.16534e+07,0,347030,0,0,62.2137,61.3098,3.26313,0,1,1.30098,1.30098,0,1.00504,1.90512,8.44406e+06,3.71658e+06,1.09856e+07,0,325092,0,0
61.3978,85.1408,2.93969,0.04,0.04,2.86837,2.86837,0,0.537478,4.6872,4.06315e+06,2.78055e+06,1.16546e+07,0,347065,0,0,62.338,61.3098,2.29684,0,1,1.30111,1.30111,0,1.00514,1.90512,8.44406e+06,3.71658e+06,1.09867e+07,0,325126,0,0
64.5158,85.1408,6.71737,0.04,0.04,3.14847,3.14847,0,0.537533,4.6872,4.06315e+06,2.78055e+06,1.27927e+07,0,380956,0,0,62.338,61.3098,4.1013,0,1,1.45425,1.45425,0,1.00524,1.90512,8.44406e+06,3.71658e+06,1.22797e+07,0,363391,0,0
67.2193,85.1408,6.22486,0.04,0.04,3.14879,3.14879,0,0.590023,4.6872,4.06315e+06,2.78055e+06,1.2794e+07,0,380995,0,0,62.338,61.3098,4.89251,0,1,1.4544,1.4544,0,1.12355,1.90512,8.44406e+06,3.71658e+06,1.2281e+07,0,363428,0,0
68.7836,85.1408,5.20216,0.03,0.04,3.14911,3.14911,0,0.590084,4.6872,4.06315e+06,2.78055e+06,1.27953e+07,0,381034,0,0,62.338,61.3098,4.26182,0,1,1.45454,1.45454,0,1.12367,1.90512,8.44406e+06,3.71658e+06,1.22823e+07,0,363465,0,0
69.5176,85.1408,4.26018,0.01,0.04,3.14944,3.14944,0,0.590144,4.6872,4.06315e+06,2.78055e+06,1.27966e+07,0,381073,0,0,62.338,61.3098,3.45284,0,1,1.45469,1.45469,0,1.12378,1.90512,8.44406e+06,3.71658e+06,1.22835e+07,0,363502,0,0
73.4539,85.1408,7.25729,0.02,0.04,2.75051,2.75051,0,0.590204,4.6872,4.06315e+06,2.78055e+06,1.11757e+07,0,332804,0,0,62.338,61.3098,5.63303,0,1,1.24943,1.24943,0,1.1239,1.90512,8.44406e+06,3.71658e+06,1.05503e+07,0,312211,0,0
75.9235,85.1408,5.85604,0.02,0.04,2.75079,2.75079,0,0.515445,4.6872,4.06315e+06,2.78055e+06,1.11769e+07,0,332838,0,0,62.338,61.3098,4.00009,0,1,1.24956,1.24956,0,0.965311,1.90512,8.44406e+06,3.71658e+06,1.05513e+07,0,312243,0,0
76.7136,85.1408,4.08861,0.02,0.04,2.75107,2.75107,0,0.515498,4.6872,4.06315e+06,2.78055e+06,1.1178e+07,0,332872,0,0,62.338,61.3098,3.1239,0,1,1.24969,1.24969,0,0.965409,1.90512,8.44406e+06,3.71658e+06,1.05524e+07,0,312275,0,0
79.076,85.1408,5.64018,0,0.04,2.75135,2.75135,0,0.515551,4.6872,4.06315e+06,2.78055e+06,1.11792e+07,0,332906,0,0,62.338,61.3098,3.90768,0,1,1.24982,1.24982,0,0.965508,1.90512,8.44406e+06,3.71658e+06,1.05535e+07,0,312307,0,0
81.4751,85.1408,5.6833,0,0.04,2.75163,2.75163,0,0.515603,4.6872,4.06315e+06,2.78055e+06,1.11803e+07,0,332940,0,0,62.338,61.3098,2.87559,0,1,1.24994,1.24994,0,0.965607,1.90512,8.44406e+06,3.71658e+06,1.05546e+07,0,312339,0,0
84.5044,85.1408,6.51589,0,0.04,2.85246,2.85246,0,0.515656,4.6872,4.06315e+06,2.78055e+06,1.159e+07,0,345140,0,0,62.338,61.3098,3.11641,0,1,1.30035,1.30035,0,0.965706,1.90512,8.44406e+06,3.71658e+06,1.09802e+07,0,324934,0,0
85.1408,85.1408,4.54121,0,0.04,2.85276,2.85276,0,0.534552,4.6872,4.06315e+06,2.78055e+06,1.15912e+07,0,345176,0,0,62.338,61.3098,3.06761,0,1,1.30048,1.30048,0,1.00465,1.90512,8.44406e+06,3.71658e+06,1.09813e+07,0,324967,0,0
85.1408,85.1408,4.17288,0,0.04,2.85305,2.85305,0,0.534606,4.6872,4.06315e+06,2.78055e+06,1.15924e+07,0,345211,0,0,62.338,61.3098,3.13347,0,1,1.30061,1.30061,0,1.00475,1.90512,8.44406e+06,3.71658e+06,1.09825e+07,0,325001,0,0
85.1408,85.1408,4.08368,0,0.04,2.85334,2.85334,0,0.534661,4.6872,4.06315e+06,2.78055e+06,1.15936e+07,0,345246,0,0,62.338,61.3098,3.80597,0,1,1.30075,1.30075,0,1.00485,1.90512,8.44406e+06,3.71658e+06,1.09836e+07,0,325034,0,0
85.1408,85.1408,4.03837,0,0.04,2.8143,2.8143,0,0.534716,4.6872,4.06315e+06,2.78055e+06,1.14349e+07,0,340523,0,0,62.338,61.3098,3.32179,0,1,1.28135,1.28135,0,1.00496,1.90512,8.44406e+06,3.71658e+06,1.08197e+07,0,320186,0,0
85.1408,85.1408,3.62071,0,0.04,2.81459,2.81459,0,0.5274,4.6872,4.06315e+06,2.78055e+06,1.14361e+07,0,340558,0,0,62.338,61.3098,2.94659,0,1,1.28148,1.28148,0,0.989967,1.90512,8.44406e+06,3.71658e+06,1.08209e+07,0,320218,0,0
85.1408,85.1408,3.35063,0,0.04,2.81488,2.81488,0,0.527454,4.6872,4.06315e+06,2.78055e+06,1.14373e+07,0,340593,0,0,62.338,61.3098,2.79429,0,1,1.28161,1.28161,0,0.990069,1.90512,8.44406e+06,3.71658e+06,1.0822e+07,0,320251,0,0
85.1408,85.1408,3.25559,0,0.04,2.81517,2.81517,0,0.527508,4.6872,4.06315e+06,2.78055e+06,1.14384e+07,0,340627,0,0,62.338,61.3098,3.2474,0,1,1.28174,1.28174,0,0.99017,1.90512,8.44406e+06,3.71658e+06,1.08231e+07,0,320284,0,0
84.6003,85.1408,2.64296,0,0.04,2.94901,2.94901,0,0.527562,4.6872,4.06315e+06,2.78055e+06,1.19823e+07,0,356822,0,0,62.338,61.3098,2.69468,0,1,1.35117,1.35117,0,0.990271,1.90512,8.44406e+06,3.71658e+06,1.14094e+07,0,337635,0,0
83.9366,85.1408,2.49601,0,0.04,2.94931,2.94931,0,0.552645,4.6872,4.06315e+06,2.78055e+06,1.19835e+07,0,356859,0,0,62.338,61.3098,2.3705,0,1,1.35131,1.35131,0,1.04392,1.90512,8.44406e+06,3.71658e+06,1.14106e+07,0,337669,0,0
83.0016,85.1408,2.19054,0,0.04,2.94961,2.94961,0,0.552701,4.6872,4.06315e+06,2.78055e+06,1.19847e+07,0,356895,0,0,62.338,61.3098,2.20958,0,1,1.35145,1.35145,0,1.04402,1.90512,8.44406e+06,3.71658e+06,1.14117e+07,0,337704,0,0
81.9968,85.1408,2.06822,0,0.04,2.94992,2.94992,0,0.552758,4.6872,4.06315e+06,2.78055e+06,1.1986e+07,0,356932,0,0,62.1344,61.3098,2.10936,0,1,1.35159,1.35159,0,1.04413,1.90512,8.44406e+06,3.71658e+06,1.14129e+07,0,337739,0,0
80.7763,85.1408,1.8538,0,0.04,2.95022,2.95022,0,0.552814,4.6872,4.06315e+06,2.78055e+06,1.19872e+07,0,356968,0,0,61.7116,61.3098,1.66818,0,1,1.35173,1.35173,0,1.04424,1.90512,8.44406e+06,3.71658e+06,1.14141e+07,0,337773,0,0
79.3516,85.1408,1.62462,0,0.04,2.92409,2.92409,0,0.552871,4.6872,4.06315e+06,2.78055e+06,1.1881e+07,0,353808,0,0,61.1326,61.3098,1.4223,0,1,1.38998,1.38998,0,1.04434,1.90512,8.44406e+06,3.71658e+06,1.1737e+07,0,347331,0,0
77.7877,85.1408,1.4673,0,0.04,2.92439,2.92439,0,0.547975,4.6872,4.06315e+06,2.78055e+06,1.18823e+07,0,353844,0,0,60.5106,61.3098,1.26951,0,1,1.39012,1.39012,0,1.0739,1.90512,8.44406e+06,3.71658e+06,1.17382e+07,0,347366,0,0
76.1975,85.1408,1.39698,0,0.04,2.92469,2.92469,0,0.548031,4.6872,4.06315e+06,2.78055e+06,1.18835e+07,0,353880,0,0,59.7707,61.3098,1.23457,0,1,1.39026,1.39026,0,1.07401,1.90512,8.44406e+06,3.71658e+06,1.17394e+07,0,347402,0,0
74.4696,85.1408,1.2285,0,0.04,2.92499,2.92499,0,0.548088,4.6872,4.06315e+06,2.78055e+06,1.18847e+07,0,353916,0,0,58.9908,61.3098,1.16285,0,1,1.3904,1.3904,0,1.07412,1.90512,8.44406e+06,3.71658e+06,1.17406e+07,0,347437,0,0
72.7335,85.1408,1.28631,0.01,0.04,2.99356,2.99356,0,0.548144,4.6872,4.06315e+06,2.78055e+06,1.21633e+07,0,362213,0,0,58.2706,61.3098,1.2525,0,1,1.42452,1.42452,0,1.07423,1.90512,8.44406e+06,3.71658e+06,1.20288e+07,0,355964,0,0
70.9053,85.1408,1.15892,0.01,0.04,2.99387,2.99387,0,0.560994,4.6872,4.06315e+06,2.78055e+06,1.21645e+07,0,362250,0,0,57.3785,61.3098,1.18697,0,1,1.42467,1.42467,0,1.10059,1.90512,8.44406e+06,3.71658e+06,1.203e+07,0,356000,0,0
68.995,85.1408,1.0561,0.02,0.04,2.99418,2.99418,0,0.561051,4.6872,4.06315e+06,2.78055e+06,1.21658e+07,0,362287,0,0,56.6367,61.3098,1.03577,0,1,1.42482,1.42482,0,1.1007,1.90512,8.44406e+06,3.71658e+06,1.20312e+07,0,356037,0,0
67.1937,85.1408,1.14288,0.02,0.04,2.99448,2.99448,0,0.561109,4.6872,4.06315e+06,2.78055e+06,1.2167e+07,0,362324,0,0,55.7477,61.3098,1.27644,0,1,1.42496,1.42496,0,1.10081,1.90512,8.44406e+06,3.71658e+06,1.20325e+07,0,356073,0,0
65.0333,85.1408,0.926837,0.04,0.04,3.1948,3.1948,0,0.561166,4.6872,4.06315e+06,2.78055e+06,1.29809e+07,0,386562,0,0,54.6396,61.3098,0.962493,0,1,1.5478,1.5478,0,1.10093,1.90512,8.44406e+06,3.71658e+06,1.30697e+07,0,386769,0,0
62.857,85.1408,0.89439,0.04,0.04,3.19512,3.19512,0,0.598705,4.6872,4.06315e+06,2.78055e+06,1.29823e+07,0,386601,0,0,53.4277,61.3098,0.957301,0,1,1.54796,1.54796,0,1.19583,1.90512,8.44406e+06,3.71658e+06,1.30711e+07,0,386809,0,0
60.5402,85.1408,0.742089,0.04,0.04,3.19545,3.19545,0,0.598766,4.6872,4.06315e+06,2.78055e+06,1.29836e+07,0,386641,0,0,52.3993,61.3098,0.762646,0,1,1.54812,1.54812,0,1.19596,1.90512,8.44406e+06,3.71658e+06,1.30724e+07,0,386848,0,0
58.3726,85.1408,0.853762,0.04,0.04,3.19578,3.19578,0,0.598828,4.6872,4.06315e+06,2.78055e+06,1.29849e+07,0,386681,0,0,51.35,61.3098,1.15306,0,1,1.54828,1.54828,0,1.19608,1.90512,8.44406e+06,3.71658e+06,1.30738e+07,0,386888,0,0
56.1894,85.1408,0.83696,0.05,0.04,3.19611,3.19611,0,0.598889,4.6872,4.06315e+06,2.78055e+06,1.29863e+07,0,386720,0,0,50.3002,61.3098,0.851916,0,1,1.54844,1.54844,0,1.1962,1.90512,8.44406e+06,3.71658e+06,1.30751e+07,0,386927,0,0
54.0101,85.1408,0.773718,0.04,0.04,3.09891,3.09891,0,0.59895,4.6872,4.06315e+06,2.78055e+06,1.25913e+07,0,374959,0,0,49.634,61.3098,0.966579,0,1,1.47409,1.47409,0,1.19632,1.90512,8.44406e+06,3.71658e+06,1.24473e+07,0,368348,0,0
51.9988,85.1408,0.925797,0.04,0.04,3.09922,3.09922,0,0.580735,4.6872,4.06315e+06,2.78055e+06,1.25926e+07,0,374998,0,0,49.098,61.3098,1.37847,0,1,1.47424,1.47424,0,1.13888,1.90512,8.44406e+06,3.71658e+06,1.24485e+07,0,368386,0,0
49.9589,85.1408,0.859085,0.04,0.04,3.09954,3.09954,0,0.580795,4.6872,4.06315e+06,2.78055e+06,1.25939e+07,0,375036,0,0,48.8087,61.3098,1.29108,0,1,1.47439,1.47439,0,1.139,1.90512,8.44406e+06,3.71658e+06,1.24498e+07,0,368424,0,0
48.0778,85.1408,1.00031,0.05,0.04,3.09986,3.09986,0,0.580854,4.6872,4.06315e+06,2.78055e+06,1.25952e+07,0,375075,0,0,48.1379,61.3098,1.78165,0,1,1.47454,1.47454,0,1.13911,1.90512,8.44406e+06,3.71658e+06,1.24511e+07,0,368462,0,0
46.2594,85.1408,0.981899,0.05,0.04,3.02009,3.02009,0,0.580914,4.6872,4.06315e+06,2.78055e+06,1.22711e+07,0,365423,0,0,47.2378,61.3098,1.00361,0,1,1.40684,1.40684,0,1.13923,1.90512,8.44406e+06,3.71658e+06,1.18794e+07,0,351545,0,0
44.2865,85.1408,0.787584,0.05,0.04,3.0204,3.0204,0,0.565965,4.6872,4.06315e+06,2.78055e+06,1.22723e+07,0,365460,0,0,46.8705,61.3098,0.856413,0,1,1.40698,1.40698,0,1.08692,1.90512,8.44406e+06,3.71658e+06,1.18807e+07,0,351581,0,0
42.9528,85.1408,1.47958,0.05,0.04,3.02071,3.02071,0,0.566023,4.6872,4.06315e+06,2.78055e+06,1.22736e+07,0,365498,0,0,46.8643,61.3098,2.55369,0,1,1.40713,1.40713,0,1.08704,1.90512,8.44406e+06,3.71658e+06,1.18819e+07,0,351617,0,0
42.7426,85.1408,2.7271,0.05,0.04,3.02102,3.02102,0,0.566081,4.6872,4.06315e+06,2.78055e+06,1.22749e+07,0,365535,0,0,47.3251,61.3098,2.98375,0,1,1.40727,1.40727,0,1.08715,1.90512,8.44406e+06,3.71658e+06,1.18831e+07,0,351653,0,0
42.2172,85.1408,2.13937,0.06,0.04,2.66671,2.79379,0,0.566139,4.6872,4.06315e+06,2.78055e+06,1.08352e+07,0,338041,0,0,47.2964,61.3098,1.9294,0,1,1.39313,1.26605,0,1.08726,1.90512,8.44406e+06,3.71658e+06,1.17636e+07,0,316363,0,0
42.9208,85.1408,3.32889,0.1,0.04,2.52577,2.79407,0,0.499741,4.6872,4.06315e+06,2.78055e+06,1.02626e+07,0,338075,0,0,47.2151,61.3098,2.34589,0,1,1.53448,1.26618,0,1.07633,1.90512,8.44406e+06,3.71658e+06,1.29572e+07,0,316395,0,0
44.7495,85.1408,4.53207,0.06,0.04,2.52618,2.79436,0,0.473329,4.6872,4.06315e+06,2.78055e+06,1.02643e+07,0,338110,0,0,47.1537,61.3098,2.33421,0,1,1.53448,1.26631,0,1.18554,1.90512,8.44406e+06,3.71658e+06,1.29572e+07,0,316428,0,0
46.0645,85.1408,4.38355,0.05,0.04,2.79465,2.79465,0,0.473407,4.6872,4.06315e+06,2.78055e+06,1.13551e+07,0,338145,0,0,48.4964,61.3098,4.9665,0,1,1.26644,1.26644,0,1.18554,1.90512,8.44406e+06,3.71658e+06,1.06938e+07,0,316460,0,0
46.9053,85.1408,3.65354,0.05,0.04,2.79493,2.79493,0,0.523717,4.6872,4.06315e+06,2.78055e+06,1.13562e+07,0,338179,0,0,48.8825,61.3098,2.8585,0,1,1.26656,1.26656,0,0.978448,1.90512,8.44406e+06,3.71658e+06,1.06949e+07,0,316492,0,0
49.1787,85.1408,5.08072,0.06,0.04,2.61499,2.88278,0,0.52377,4.6872,4.06315e+06,2.78055e+06,1.06251e+07,0,348809,0,0,49.1982,61.3098,3.40308,0,1,1.57544,1.30765,0,0.978548,1.90512,8.44406e+06,3.71658e+06,1.33031e+07,0,326759,0,0
50.7112,85.1408,4.32037,0.08,0.04,2.65636,2.88306,0,0.49005,4.6872,4.06315e+06,2.78055e+06,1.07932e+07,0,348842,0,0,49.7894,61.3098,4.47565,0,1,1.53448,1.30778,0,1.21718,1.90512,8.44406e+06,3.71658e+06,1.29572e+07,0,326790,0,0
54.8462,85.1408,7.18035,0.08,0.04,2.65676,2.88334,0,0.497801,4.6872,4.06315e+06,2.78055e+06,1.07948e+07,0,348876,0,0,51.1346,61.3098,6.99194,0,1,1.53448,1.3079,0,1.18554,1.90512,8.44406e+06,3.71658e+06,1.29572e+07,0,326822,0,0
59.2075,85.1408,7.68211,0.04,0.04,2.88362,2.88362,0,0.497877,4.6872,4.06315e+06,2.78055e+06,1.17166e+07,0,348910,0,0,52.8519,61.3098,5.64929,0,1,1.30803,1.30803,0,1.18554,1.90512,8.44406e+06,3.71658e+06,1.10451e+07,0,326853,0,0
65.7302,85.1408,10.4081,0.05,0.04,3.16518,3.16518,0,0.540389,4.6872,4.06315e+06,2.78055e+06,1.28606e+07,0,382978,0,0,54.8647,61.3098,7.49342,0,1,1.46197,1.46197,0,1.01058,1.90512,8.44406e+06,3.71658e+06,1.23449e+07,0,365320,0,0
73.2412,85.1408,11.5519,0.04,0.04,3.16549,3.16549,0,0.593155,4.6872,4.06315e+06,2.78055e+06,1.28619e+07,0,383015,0,0,57.6903,61.3098,9.50029,0,1,1.46211,1.46211,0,1.12951,1.90512,8.44406e+06,3.71658e+06,1.23461e+07,0,365355,0,0
80.1466,85.1408,10.9369,0.02,0.04,3.16579,3.16579,0,0.593212,4.6872,4.06315e+06,2.78055e+06,1.28631e+07,0,383052,0,0,60.6908,61.3098,10.4746,0,1,1.46225,1.46225,0,1.12962,1.90512,8.44406e+06,3.71658e+06,1.23473e+07,0,365390,0,0
85.1408,85.1408,10.3598,0,0.04,3.1661,3.1661,0,0.59327,4.6872,4.06315e+06,2.78055e+06,1.28643e+07,0,383089,0,0,62.338,61.3098,8.60911,0,1,1.46239,1.46239,0,1.12973,1.90512,8.44406e+06,3.71658e+06,1.23485e+07,0,365425,0,0
85.1408,85.1408,7.42992,0,0.04,2.76504,2.76504,0,0.593327,4.6872,4.06315e+06,2.78055e+06,1.12348e+07,0,334563,0,0,62.338,61.3098,4.63844,0,1,1.25603,1.25603,0,1.12984,1.90512,8.44406e+06,3.71658e+06,1.0606e+07,0,313861,0,0
85.1408,85.1408,7.63629,0,0.04,2.76531,2.76531,0,0.518169,4.6872,4.06315e+06,2.78055e+06,1.12359e+07,0,334595,0,0,62.338,61.3098,6.75126,0,1,1.25616,1.25616,0,0.970412,1.90512,8.44406e+06,3.71658e+06,1.0607e+07,0,313891,0,0
85.1408,85.1408,5.29421,0,0.04,2.76558,2.76558,0,0.518219,4.6872,4.06315e+06,2.78055e+06,1.1237e+07,0,334627,0,0,62.338,61.3098,4.23056,0,1,1.25628,1.25628,0,0.970505,1.90512,8.44406e+06,3.71658e+06,1.06081e+07,0,313921,0,0
85.1408,85.1408,5.60428,0,0.04,2.76584,2.76584,0,0.518269,4.6872,4.06315e+06,2.78055e+06,1.1238e+07,0,334660,0,0,62.338,61.3098,8.16217,0,1,1.2564,1.2564,0,0.970599,1.90512,8.44406e+06,3.71658e+06,1.06091e+07,0,313952,0,0
85.1408,85.1408,4.4052,0,0.04,2.76611,2.76611,0,0.518319,4.6872,4.06315e+06,2.78055e+06,1.12391e+07,0,334692,0,0,62.338,61.3098,4.47437,0,1,1.25652,1.25652,0,0.970693,1.90512,8.44406e+06,3.71658e+06,1.06101e+07,0,313982,0,0
85.1408,85.1408,4.47236,0,0.04,2.86745,2.86745,0,0.518369,4.6872,4.06315e+06,2.78055e+06,1.16509e+07,0,346954,0,0,62.338,61.3098,4.33909,0,1,1.30718,1.30718,0,0.970787,1.90512,8.44406e+06,3.71658e+06,1.10379e+07,0,326642,0,0
85.1408,85.1408,3.93434,0,0.04,2.86773,2.86773,0,0.537361,4.6872,4.06315e+06,2.78055e+06,1.1652e+07,0,346988,0,0,62.338,61.3098,4.1282,0,1,1.30731,1.30731,0,1.00993,1.90512,8.44406e+06,3.71658e+06,1.1039e+07,0,326673,0,0
85.1408,85.1408,3.82693,0,0.04,2.86801,2.86801,0,0.537413,4.6872,4.06315e+06,2.78055e+06,1.16531e+07,0,347021,0,0,62.338,61.3098,3.4883,0,1,1.30743,1.30743,0,1.01003,1.90512,8.44406e+06,3.71658e+06,1.104e+07,0,326705,0,0
84.7424,85.1408,2.81502,0,0.04,2.86828,2.86828,0,0.537465,4.6872,4.06315e+06,2.78055e+06,1.16543e+07,0,347055,0,0,62.338,61.3098,2.93445,0,1,1.30756,1.30756,0,1.01012,1.90512,8.44406e+06,3.71658e+06,1.10411e+07,0,326736,0,0
84.0986,85.1408,2.52149,0,0.04,2.82903,2.82903,0,0.537517,4.6872,4.06315e+06,2.78055e+06,1.14948e+07,0,342305,0,0,62.338,61.3098,2.72223,0,1,1.28805,1.28805,0,1.01022,1.90512,8.44406e+06,3.71658e+06,1.08764e+07,0,321861,0,0
84.5485,85.1408,3.63813,0,0.04,2.8293,2.8293,0,0.530159,4.6872,4.06315e+06,2.78055e+06,1.14959e+07,0,342338,0,0,62.338,61.3098,3.08569,0,1,1.28817,1.28817,0,0.995147,1.90512,8.44406e+06,3.71658e+06,1.08774e+07,0,321892,0,0
84.1548,85.1408,2.75473,0,0.04,2.82957,2.82957,0,0.530211,4.6872,4.06315e+06,2.78055e+06,1.1497e+07,0,342371,0,0,62.338,61.3098,2.79092,0,1,1.2883,1.2883,0,0.995243,1.90512,8.44406e+06,3.71658e+06,1.08785e+07,0,321923,0,0
83.3004,85.1408,2.23865,0,0.04,2.82985,2.82985,0,0.530262,4.6872,4.06315e+06,2.78055e+06,1.14981e+07,0,342404,0,0,62.338,61.3098,2.44393,0,1,1.28842,1.28842,0,0.995339,1.90512,8.44406e+06,3.71658e+06,1.08795e+07,0,321954,0,0
82.4541,85.1408,2.33107,0,0.04,2.96437,2.96437,0,0.530313,4.6872,4.06315e+06,2.78055e+06,1.20447e+07,0,358681,0,0,62.338,61.3098,2.48931,0,1,1.35821,1.35821,0,0.995435,1.90512,8.44406e+06,3.71658e+06,1.14688e+07,0,339393,0,0
81.4588,85.1408,2.16223,0,0.04,2.96466,2.96466,0,0.555523,4.6872,4.06315e+06,2.78055e+06,1.20458e+07,0,358716,0,0,62.338,61.3098,2.38952,0,1,1.35834,1.35834,0,1.04935,1.90512,8.44406e+06,3.71658e+06,1.14699e+07,0,339426,0,0
80.2679,85.1408,1.95183,0,0.04,2.96494,2.96494,0,0.555577,4.6872,4.06315e+06,2.78055e+06,1.2047e+07,0,358750,0,0,62.338,61.3098,2.11399,0,1,1.35847,1.35847,0,1.04946,1.90512,8.44406e+06,3.71658e+06,1.1471e+07,0,339459,0,0
78.9574,85.1408,1.79807,0,0.04,2.96523,2.96523,0,0.55563,4.6872,4.06315e+06,2.78055e+06,1.20482e+07,0,358785,0,0,62.338,61.3098,2.15099,0,1,1.35861,1.35861,0,1.04956,1.90512,8.44406e+06,3.71658e+06,1.14721e+07,0,339492,0,0
77.8712,85.1408,1.98663,0,0.04,2.96552,2.96552,0,0.555684,4.6872,4.06315e+06,2.78055e+06,1.20493e+07,0,358819,0,0,62.338,61.3098,2.06724,0,1,1.35874,1.35874,0,1.04966,1.90512,8.44406e+06,3.71658e+06,1.14732e+07,0,339525,0,0
77.036,85.1408,2.19158,0,0.04,2.93924,2.93924,0,0.555738,4.6872,4.06315e+06,2.78055e+06,1.19426e+07,0,355640,0,0,62.338,61.3098,2.37535,0,1,1.39718,1.39718,0,1.04976,1.90512,8.44406e+06,3.71658e+06,1.17978e+07,0,349130,0,0
76.0147,85.1408,1.99649,0,0.04,2.93952,2.93952,0,0.550814,4.6872,4.06315e+06,2.78055e+06,1.19437e+07,0,355674,0,0,62.338,61.3098,2.17676,0,1,1.39731,1.39731,0,1.07946,1.90512,8.44406e+06,3.71658e+06,1.1799e+07,0,349163,0,0
74.8501,85.1408,1.82449,0,0.04,2.93981,2.93981,0,0.550867,4.6872,4.06315e+06,2.78055e+06,1.19449e+07,0,355709,0,0,62.338,61.3098,2.08195,0,1,1.39745,1.39745,0,1.07956,1.90512,8.44406e+06,3.71658e+06,1.18001e+07,0,349197,0,0
73.619,85.1408,1.71728,0.01,0.04,2.94009,2.94009,0,0.55092,4.6872,4.06315e+06,2.78055e+06,1.1946e+07,0,355743,0,0,62.107,61.3098,2.0099,0,1,1.39758,1.39758,0,1.07967,1.90512,8.44406e+06,3.71658e+06,1.18012e+07,0,349231,0,0
72.469,85.1408,1.85168,0.01,0.04,3.009,3.009,0,0.550973,4.6872,4.06315e+06,2.78055e+06,1.2226e+07,0,364081,0,0,61.9269,61.3098,1.72755,0,1,1.43187,1.43187,0,1.07977,1.90512,8.44406e+06,3.71658e+06,1.20908e+07,0,357799,0,0
71.2846,85.1408,1.80848,0.01,0.04,3.00929,3.00929,0,0.563886,4.6872,4.06315e+06,2.78055e+06,1.22272e+07,0,364116,0,0,61.6791,61.3098,1.76935,0,1,1.43201,1.43201,0,1.10626,1.90512,8.44406e+06,3.71658e+06,1.2092e+07,0,357834,0,0
69.9996,85.1408,1.6891,0.02,0.04,3.00958,3.00958,0,0.563941,4.6872,4.06315e+06,2.78055e+06,1.22284e+07,0,364151,0,0,61.295,61.3098,1.67403,0,1,1.43215,1.43215,0,1.10637,1.90512,8.44406e+06,3.71658e+06,1.20931e+07,0,357868,0,0
68.5939,85.1408,1.55032,0.02,0.04,3.00987,3.00987,0,0.563995,4.6872,4.06315e+06,2.78055e+06,1.22296e+07,0,364186,0,0,61.118,61.3098,1.57714,0,1,1.43228,1.43228,0,1.10648,1.90512,8.44406e+06,3.71658e+06,1.20943e+07,0,357903,0,0
67.1539,85.1408,1.64747,0.02,0.04,3.2112,3.2112,0,0.56405,4.6872,4.06315e+06,2.78055e+06,1.30476e+07,0,388546,0,0,60.8586,61.3098,1.81603,0,1,1.55575,1.55575,0,1.10658,1.90512,8.44406e+06,3.71658e+06,1.31368e+07,0,388754,0,0
65.6221,85.1408,1.55593,0.04,0.04,3.21151,3.21151,0,0.601778,4.6872,4.06315e+06,2.78055e+06,1.30488e+07,0,388584,0,0,60.311,61.3098,1.9613,0,1,1.5559,1.5559,0,1.20197,1.90512,8.44406e+06,3.71658e+06,1.31381e+07,0,388792,0,0
63.8459,85.1408,1.28899,0.04,0.04,3.21182,3.21182,0,0.601836,4.6872,4.06315e+06,2.78055e+06,1.30501e+07,0,388621,0,0,59.9118,61.3098,1.36831,0,1,1.55605,1.55605,0,1.20209,1.90512,8.44406e+06,3.71658e+06,1.31394e+07,0,388829,0,0
62.3834,85.1408,1.58257,0.04,0.04,3.21213,3.21213,0,0.601894,4.6872,4.06315e+06,2.78055e+06,1.30514e+07,0,388659,0,0,59.8453,61.3098,2.59365,0,1,1.5562,1.5562,0,1.2022,1.90512,8.44406e+06,3.71658e+06,1.31406e+07,0,388867,0,0
60.4787,85.1408,1.09719,0.04,0.04,3.21244,3.21244,0,0.601952,4.6872,4.06315e+06,2.78055e+06,1.30526e+07,0,388696,0,0,59.3195,61.3098,2.29025,0,1,1.55635,1.55635,0,1.20232,1.90512,8.44406e+06,3.71658e+06,1.31419e+07,0,388904,0,0
58.2591,85.1408,0.657707,0.04,0.04,3.11472,3.11472,0,0.602011,4.6872,4.06315e+06,2.78055e+06,1.26556e+07,0,376873,0,0,58.3987,61.3098,1.14743,0,1,1.48161,1.48161,0,1.20244,1.90512,8.44406e+06,3.71658e+06,1.25108e+07,0,370228,0,0
55.9568,85.1408,0.54675,0.04,0.04,3.11502,3.11502,0,0.583699,4.6872,4.06315e+06,2.78055e+06,1.26568e+07,0,376909,0,0,57.6406,61.3098,1.01804,0,1,1.48175,1.48175,0,1.14469,1.90512,8.44406e+06,3.71658e+06,1.2512e+07,0,370264,0,0
54.0517,85.1408,1.01344,0.04,0.04,3.11532,3.11532,0,0.583755,4.6872,4.06315e+06,2.78055e+06,1.2658e+07,0,376946,0,0,57.3652,61.3098,1.3457,0,1,1.4819,1.4819,0,1.1448,1.90512,8.44406e+06,3.71658e+06,1.25132e+07,0,370300,0,0
53.0955,85.1408,2.01926,0.04,0.04,3.11562,3.11562,0,0.583812,4.6872,4.06315e+06,2.78055e+06,1.26593e+07,0,376982,0,0,57.3157,61.3098,1.91639,0,1,1.48204,1.48204,0,1.14491,1.90512,8.44406e+06,3.71658e+06,1.25144e+07,0,370336,0,0
51.2324,85.1408,1.02914,0.04,0.04,3.03543,3.03543,0,0.583868,4.6872,4.06315e+06,2.78055e+06,1.23334e+07,0,367279,0,0,57.119,61.3098,1.72122,0,1,1.41399,1.41399,0,1.14502,1.90512,8.44406e+06,3.71658e+06,1.19398e+07,0,353331,0,0
49.4639,85.1408,1.10829,0.04,0.04,3.03573,3.03573,0,0.56884,4.6872,4.06315e+06,2.78055e+06,1.23346e+07,0,367315,0,0,56.9616,61.3098,1.93922,0,1,1.41412,1.41412,0,1.09245,1.90512,8.44406e+06,3.71658e+06,1.19409e+07,0,353365,0,0
48.1357,85.1408,1.58011,0.05,0.04,3.03602,3.03602,0,0.568895,4.6872,4.06315e+06,2.78055e+06,1.23358e+07,0,367350,0,0,56.9456,61.3098,2.41635,0,1,1.41426,1.41426,0,1.09255,1.90512,8.44406e+06,3.71658e+06,1.19421e+07,0,353399,0,0
48.5218,85.1408,3.31171,0.05,0.04,3.03631,3.03631,0,0.56895,4.6872,4.06315e+06,2.78055e+06,1.2337e+07,0,367386,0,0,57.5748,61.3098,3.83338,0,1,1.4144,1.4144,0,1.09266,1.90512,8.44406e+06,3.71658e+06,1.19432e+07,0,353433,0,0
48.9965,85.1408,3.16442,0.06,0.04,2.68796,2.80792,0,0.569005,4.6872,4.06315e+06,2.78055e+06,1.09216e+07,0,339750,0,0,57.7372,61.3098,2.53985,0,1,1.3924,1.27245,0,1.09276,1.90512,8.44406e+06,3.71658e+06,1.17575e+07,0,317962,0,0
52.5085,85.1408,6.17996,0.06,0.04,2.54628,2.80819,0,0.503724,4.6872,4.06315e+06,2.78055e+06,1.03459e+07,0,339783,0,0,58.2843,61.3098,3.71254,0,1,1.53447,1.27257,0,1.07577,1.90512,8.44406e+06,3.71658e+06,1.29572e+07,0,317993,0,0
53.372,85.1408,3.8148,0.04,0.04,2.80846,2.80846,0,0.477173,4.6872,4.06315e+06,2.78055e+06,1.14112e+07,0,339816,0,0,59.1942,61.3098,4.14063,0,1,1.27269,1.27269,0,1.18554,1.90512,8.44406e+06,3.71658e+06,1.07467e+07,0,318024,0,0
55.4301,85.1408,5.01898,0.04,0.04,2.80873,2.80873,0,0.526305,4.6872,4.06315e+06,2.78055e+06,1.14123e+07,0,339849,0,0,60.4697,61.3098,5.11496,0,1,1.27282,1.27282,0,0.983283,1.90512,8.44406e+06,3.71658e+06,1.07477e+07,0,318055,0,0
56.284,85.1408,3.81855,0.04,0.04,2.809,2.809,0,0.526356,4.6872,4.06315e+06,2.78055e+06,1.14134e+07,0,339881,0,0,61.182,61.3098,3.49907,0,1,1.27294,1.27294,0,0.983378,1.90512,8.44406e+06,3.71658e+06,1.07488e+07,0,318085,0,0
54.9587,85.1408,1.64222,0.04,0.04,2.89727,2.89727,0,0.526407,4.6872,4.06315e+06,2.78055e+06,1.17721e+07,0,350562,0,0,62.029,61.3098,3.25359,0,1,1.31422,1.31422,0,0.983473,1.90512,8.44406e+06,3.71658e+06,1.10974e+07,0,328401,0,0
54.5252,85.1408,2.52115,0.04,0.04,2.89754,2.89754,0,0.542949,4.6872,4.06315e+06,2.78055e+06,1.17731e+07,0,350594,0,0,62.338,61.3098,3.65778,0,1,1.31434,1.31434,0,1.01537,1.90512,8.44406e+06,3.71658e+06,1.10984e+07,0,328431,0,0
55.2967,85.1408,3.82701,0.04,0.04,2.8978,2.8978,0,0.542998,4.6872,4.06315e+06,2.78055e+06,1.17742e+07,0,350626,0,0,62.338,61.3098,4.00061,0,1,1.31446,1.31446,0,1.01546,1.90512,8.44406e+06,3.71658e+06,1.10994e+07,0,328461,0,0
56.9274,85.1408,4.83097,0.04,0.04,2.89806,2.89806,0,0.543047,4.6872,4.06315e+06,2.78055e+06,1.17753e+07,0,350658,0,0,62.1366,61.3098,4.09961,0,1,1.31458,1.31458,0,1.01555,1.90512,8.44406e+06,3.71658e+06,1.11004e+07,0,328491,0,0
56.7535,85.1408,3.14323,0.05,0.04,3.18102,3.18102,0,0.543097,4.6872,4.06315e+06,2.78055e+06,1.2925e+07,0,384895,0,0,62.338,61.3098,2.2959,0,1,1.46928,1.46928,0,1.01565,1.90512,8.44406e+06,3.71658e+06,1.24067e+07,0,367148,0,0
57.3393,85.1408,3.92971,0.05,0.04,3.18131,3.18131,0,0.596123,4.6872,4.06315e+06,2.78055e+06,1.29261e+07,0,384930,0,0,62.338,61.3098,3.19784,0,1,1.46941,1.46941,0,1.13517,1.90512,8.44406e+06,3.71658e+06,1.24078e+07,0,367181,0,0
58.0861,85.1408,4.13972,0.05,0.04,3.1816,3.1816,0,0.596177,4.6872,4.06315e+06,2.78055e+06,1.29273e+07,0,384965,0,0,62.338,61.3098,2.93978,0,1,1.46955,1.46955,0,1.13527,1.90512,8.44406e+06,3.71658e+06,1.24089e+07,0,367214,0,0
58.9046,85.1408,4.20236,0.05,0.04,3.18189,3.18189,0,0.596231,4.6872,4.06315e+06,2.78055e+06,1.29285e+07,0,385000,0,0,62.338,61.3098,4.21055,0,1,1.46968,1.46968,0,1.13537,1.90512,8.44406e+06,3.71658e+06,1.24101e+07,0,367247,0,0
59.9852,85.1408,4.10766,0.06,0.04,2.71414,2.77881,0,0.596285,4.6872,4.06315e+06,2.78055e+06,1.1028e+07,0,336229,0,0,61.8357,61.3098,3.55637,0,1,1.32696,1.26229,0,1.13548,1.90512,8.44406e+06,3.71658e+06,1.12049e+07,0,315424,0,0
60.225,85.1408,3.31739,0.04,0.04,2.77906,2.77906,0,0.50863,4.6872,4.06315e+06,2.78055e+06,1.12918e+07,0,336259,0,0,62.338,61.3098,2.1942,0,1,1.2624,1.2624,0,1.02521,1.90512,8.44406e+06,3.71658e+06,1.06598e+07,0,315453,0,0
61.7706,85.1408,4.67735,0.04,0.04,2.77932,2.77932,0,0.520797,4.6872,4.06315e+06,2.78055e+06,1.12928e+07,0,336290,0,0,62.338,61.3098,3.19392,0,1,1.26252,1.26252,0,0.975333,1.90512,8.44406e+06,3.71658e+06,1.06608e+07,0,315481,0,0
63.8123,85.1408,5.20788,0.04,0.04,2.77957,2.77957,0,0.520844,4.6872,4.06315e+06,2.78055e+06,1.12938e+07,0,336320,0,0,62.338,61.3098,6.5308,0,1,1.26263,1.26263,0,0.975422,1.90512,8.44406e+06,3.71658e+06,1.06617e+07,0,315510,0,0
64.9341,85.1408,4.27531,0.04,0.04,2.77982,2.77982,0,0.520891,4.6872,4.06315e+06,2.78055e+06,1.12948e+07,0,336351,0,0,62.338,61.3098,3.21924,0,1,1.26275,1.26275,0,0.97551,1.90512,8.44406e+06,3.71658e+06,1.06627e+07,0,315538,0,0
67.1213,85.1408,5.54391,0.03,0.04,2.88165,2.88165,0,0.520938,4.6872,4.06315e+06,2.78055e+06,1.17086e+07,0,348672,0,0,62.338,61.3098,4.19292,0,1,1.31365,1.31365,0,0.975598,1.90512,8.44406e+06,3.71658e+06,1.10926e+07,0,328259,0,0
67.825,85.1408,3.95071,0.03,0.04,2.88191,2.88191,0,0.540021,4.6872,4.06315e+06,2.78055e+06,1.17096e+07,0,348704,0,0,62.2971,61.3098,2.85654,0,1,1.31377,1.31377,0,1.01493,1.90512,8.44406e+06,3.71658e+06,1.10936e+07,0,328289,0,0
68.0293,85.1408,3.3843,0.03,0.04,2.88217,2.88217,0,0.54007,4.6872,4.06315e+06,2.78055e+06,1.17107e+07,0,348735,0,0,62.1871,61.3098,2.43778,0,1,1.31389,1.31389,0,1.01502,1.90512,8.44406e+06,3.71658e+06,1.10946e+07,0,328318,0,0
67.9097,85.1408,3.06104,0.03,0.04,2.88243,2.88243,0,0.540119,4.6872,4.06315e+06,2.78055e+06,1.17118e+07,0,348767,0,0,62.338,61.3098,2.22126,0,1,1.31401,1.31401,0,1.01511,1.90512,8.44406e+06,3.71658e+06,1.10956e+07,0,328348,0,0
68.078,85.1408,3.27245,0.03,0.04,2.84296,2.84296,0,0.540168,4.6872,4.06315e+06,2.78055e+06,1.15514e+07,0,343991,0,0,62.2972,61.3098,2.41446,0,1,1.2944,1.2944,0,1.0152,1.90512,8.44406e+06,3.71658e+06,1.09299e+07,0,323447,0,0
67.797,85.1408,2.78051,0.02,0.04,2.84322,2.84322,0,0.532772,4.6872,4.06315e+06,2.78055e+06,1.15524e+07,0,344022,0,0,62.338,61.3098,2.31667,0,1,1.29451,1.29451,0,1.00005,1.90512,8.44406e+06,3.71658e+06,1.09309e+07,0,323476,0,0
67.591,85.1408,2.82573,0.02,0.04,2.84348,2.84348,0,0.53282,4.6872,4.06315e+06,2.78055e+06,1.15535e+07,0,344053,0,0,62.338,61.3098,2.2924,0,1,1.29463,1.29463,0,1.00014,1.90512,8.44406e+06,3.71658e+06,1.09319e+07,0,323505,0,0
67.1912,85.1408,2.55861,0.01,0.04,2.84374,2.84374,0,0.532868,4.6872,4.06315e+06,2.78055e+06,1.15545e+07,0,344085,0,0,62.1526,61.3098,2.33852,0,1,1.29475,1.29475,0,1.00023,1.90512,8.44406e+06,3.71658e+06,1.09329e+07,0,323535,0,0
66.5703,85.1408,2.4465,0.01,0.04,2.97891,2.97891,0,0.532917,4.6872,4.06315e+06,2.78055e+06,1.21037e+07,0,360440,0,0,62.2693,61.3098,2.07909,0,1,1.36487,1.36487,0,1.00032,1.90512,8.44406e+06,3.71658e+06,1.15251e+07,0,341058,0,0
65.7307,85.1408,2.18921,0.01,0.04,2.97918,2.97918,0,0.558247,4.6872,4.06315e+06,2.78055e+06,1.21048e+07,0,360472,0,0,62.338,61.3098,2.05806,0,1,1.365,1.365,0,1.0545,1.90512,8.44406e+06,3.71658e+06,1.15261e+07,0,341089,0,0
64.7666,85.1408,2.02231,0,0.04,2.97945,2.97945,0,0.558298,4.6872,4.06315e+06,2.78055e+06,1.21059e+07,0,360505,0,0,62.3239,61.3098,2.07227,0,1,1.36512,1.36512,0,1.0546,1.90512,8.44406e+06,3.71658e+06,1.15271e+07,0,341119,0,0
63.7533,85.1408,1.95641,0.01,0.04,2.97972,2.97972,0,0.558348,4.6872,4.06315e+06,2.78055e+06,1.2107e+07,0,360538,0,0,62.2572,61.3098,2.05643,0,1,1.36524,1.36524,0,1.05469,1.90512,8.44406e+06,3.71658e+06,1.15282e+07,0,341150,0,0
62.676,85.1408,1.86787,0.01,0.04,2.97999,2.97999,0,0.558399,4.6872,4.06315e+06,2.78055e+06,1.21081e+07,0,360570,0,0,62.2207,61.3098,1.93278,0,1,1.36537,1.36537,0,1.05479,1.90512,8.44406e+06,3.71658e+06,1.15292e+07,0,341181,0,0
61.6422,85.1408,1.86139,0.01,0.04,2.95356,2.95356,0,0.55845,4.6872,4.06315e+06,2.78055e+06,1.20008e+07,0,357373,0,0,62.1615,61.3098,1.85157,0,1,1.40399,1.40399,0,1.05488,1.90512,8.44406e+06,3.71658e+06,1.18553e+07,0,350831,0,0
60.4774,85.1408,1.71786,0.01,0.04,2.95383,2.95383,0,0.553498,4.6872,4.06315e+06,2.78055e+06,1.20019e+07,0,357406,0,0,61.922,61.3098,1.8337,0,1,1.40411,1.40411,0,1.08472,1.90512,8.44406e+06,3.71658e+06,1.18564e+07,0,350863,0,0
59.1809,85.1408,1.56914,0.01,0.04,2.9541,2.9541,0,0.553548,4.6872,4.06315e+06,2.78055e+06,1.2003e+07,0,357438,0,0,61.6371,61.3098,1.63158,0,1,1.40424,1.40424,0,1.08482,1.90512,8.44406e+06,3.71658e+06,1.18575e+07,0,350895,0,0
57.7923,85.1408,1.43939,0.03,0.04,2.95437,2.95437,0,0.553598,4.6872,4.06315e+06,2.78055e+06,1.2004e+07,0,357471,0,0,61.3477,61.3098,1.60004,0,1,1.40437,1.40437,0,1.08492,1.90512,8.44406e+06,3.71658e+06,1.18586e+07,0,350927,0,0
56.5297,85.1408,1.59548,0.04,0.04,3.02359,3.02359,0,0.553649,4.6872,4.06315e+06,2.78055e+06,1.22853e+07,0,365846,0,0,60.9628,61.3098,1.63666,0,1,1.43881,1.43881,0,1.08501,1.90512,8.44406e+06,3.71658e+06,1.21494e+07,0,359534,0,0
55.1884,85.1408,1.49944,0.04,0.04,3.02387,3.02387,0,0.566621,4.6872,4.06315e+06,2.78055e+06,1.22864e+07,0,365880,0,0,60.4736,61.3098,1.57879,0,1,1.43894,1.43894,0,1.11163,1.90512,8.44406e+06,3.71658e+06,1.21505e+07,0,359567,0,0
53.7308,85.1408,1.36081,0.04,0.04,3.02414,3.02414,0,0.566672,4.6872,4.06315e+06,2.78055e+06,1.22875e+07,0,365913,0,0,59.9472,61.3098,1.44677,0,1,1.43908,1.43908,0,1.11173,1.90512,8.44406e+06,3.71658e+06,1.21516e+07,0,359600,0,0
52.1435,85.1408,1.19643,0.04,0.04,3.02441,3.02441,0,0.566724,4.6872,4.06315e+06,2.78055e+06,1.22887e+07,0,365946,0,0,59.3411,61.3098,1.42794,0,1,1.43921,1.43921,0,1.11183,1.90512,8.44406e+06,3.71658e+06,1.21527e+07,0,359632,0,0
50.1871,85.1408,0.951092,0.04,0.04,3.22669,3.22669,0,0.566775,4.6872,4.06315e+06,2.78055e+06,1.31105e+07,0,390421,0,0,58.4679,61.3098,1.31212,0,1,1.56326,1.56326,0,1.11193,1.90512,8.44406e+06,3.71658e+06,1.32002e+07,0,390631,0,0
48.1266,85.1408,0.799252,0.06,0.04,3.22699,3.22699,0,0.604683,4.6872,4.06315e+06,2.78055e+06,1.31117e+07,0,390457,0,0,57.6169,61.3098,1.12703,0,1,1.5634,1.5634,0,1.20777,1.90512,8.44406e+06,3.71658e+06,1.32014e+07,0,390666,0,0
46.2347,85.1408,0.948258,0.07,0.04,3.22728,3.22728,0,0.604737,4.6872,4.06315e+06,2.78055e+06,1.31129e+07,0,390492,0,0,56.9315,61.3098,1.21975,0,1,1.56354,1.56354,0,1.20788,1.90512,8.44406e+06,3.71658e+06,1.32026e+07,0,390701,0,0
44.9616,85.1408,1.61887,0.06,0.04,3.22757,3.22757,0,0.604792,4.6872,4.06315e+06,2.78055e+06,1.31141e+07,0,390528,0,0,56.34,61.3098,1.46699,0,1,1.56368,1.56368,0,1.20799,1.90512,8.44406e+06,3.71658e+06,1.32038e+07,0,390737,0,0
43.6749,85.1408,1.61088,0.07,0.04,3.22787,3.22787,0,0.604847,4.6872,4.06315e+06,2.78055e+06,1.31153e+07,0,390563,0,0,55.5631,61.3098,1.49229,0,1,1.56382,1.56382,0,1.2081,1.90512,8.44406e+06,3.71658e+06,1.3205e+07,0,390772,0,0
41.678,85.1408,0.792748,0.06,0.04,3.12966,3.12966,0,0.604902,4.6872,4.06315e+06,2.78055e+06,1.27163e+07,0,378681,0,0,54.3733,61.3098,1.03118,0,1,1.48872,1.48872,0,1.20821,1.90512,8.44406e+06,3.71658e+06,1.25708e+07,0,372004,0,0
39.4918,85.1408,0.525325,0.1,0.04,3.08431,3.12995,0,0.586499,4.6872,4.06315e+06,2.78055e+06,1.2532e+07,0,378715,0,0,53.281,61.3098,0.690054,0,1,1.53449,1.48885,0,1.15018,1.90512,8.44406e+06,3.71658e+06,1.29573e+07,0,372038,0,0
37.7247,85.1408,0.989244,0.1,0.04,3.08473,3.13023,0,0.578,4.6872,4.06315e+06,2.78055e+06,1.25337e+07,0,378749,0,0,52.7323,61.3098,1.03163,0,1,1.53449,1.48899,0,1.18554,1.90512,8.44406e+06,3.71658e+06,1.29573e+07,0,372072,0,0
36.5235,85.1408,1.63448,0.1,0.04,3.08515,3.13051,0,0.578079,4.6872,4.06315e+06,2.78055e+06,1.25354e+07,0,378784,0,0,51.9728,61.3098,1.67613,0,1,1.53449,1.48912,0,1.18554,1.90512,8.44406e+06,3.71658e+06,1.29573e+07,0,372105,0,0
34.7924,85.1408,0.972696,0.09,0.04,3.00469,3.04992,0,0.578157,4.6872,4.06315e+06,2.78055e+06,1.22085e+07,0,369032,0,0,50.9934,61.3098,0.946051,0,1,1.46597,1.42074,0,1.18554,1.90512,8.44406e+06,3.71658e+06,1.23787e+07,0,355017,0,0
32.9909,85.1408,0.810907,0.09,0.04,2.93658,3.0502,0,0.563079,4.6872,4.06315e+06,2.78055e+06,1.19318e+07,0,369066,0,0,50.4908,61.3098,0.873012,0,1,1.53448,1.42087,0,1.13261,1.90512,8.44406e+06,3.71658e+06,1.29572e+07,0,355049,0,0
31.8557,85.1408,1.52092,0.16,0.04,2.93699,3.05048,0,0.550316,4.6872,4.06315e+06,2.78055e+06,1.19334e+07,0,369099,0,0,50.3704,61.3098,2.6005,0,1,1.53448,1.42099,0,1.18554,1.90512,8.44406e+06,3.71658e+06,1.29572e+07,0,355081,0,0
31.909,85.1408,2.79981,0.16,0.04,2.93739,3.05075,0,0.550392,4.6872,4.06315e+06,2.78055e+06,1.19351e+07,0,369133,0,0,50.7442,61.3098,3.057,0,1,1.53448,1.42112,0,1.18554,1.90512,8.44406e+06,3.71658e+06,1.29572e+07,0,355114,0,0
31.5976,85.1408,2.20623,0.15,0.04,2.70802,2.82125,0,0.550468,4.6872,4.06315e+06,2.78055e+06,1.10031e+07,0,341364,0,0,50.966,61.3098,2.24753,0,1,1.39172,1.27849,0,1.18554,1.90512,8.44406e+06,3.71658e+06,1.17518e+07,0,319473,0,0
32.8075,85.1408,3.65113,0.15,0.04,2.56565,2.82151,0,0.507483,4.6872,4.06315e+06,2.78055e+06,1.04246e+07,0,341395,0,0,51.366,61.3098,2.61067,0,1,1.53447,1.27861,0,1.07524,1.90512,8.44406e+06,3.71658e+06,1.29571e+07,0,319502,0,0
35.4534,85.1408,5.29888,0.15,0.04,2.56602,2.82176,0,0.480802,4.6872,4.06315e+06,2.78055e+06,1.04261e+07,0,341426,0,0,52.7826,61.3098,3.95335,0,1,1.53447,1.27872,0,1.18553,1.90512,8.44406e+06,3.71658e+06,1.29571e+07,0,319531,0,0
37.7681,85.1408,5.00227,0.1,0.04,2.56639,2.82202,0,0.480872,4.6872,4.06315e+06,2.78055e+06,1.04276e+07,0,341457,0,0,54.5353,61.3098,5.27159,0,1,1.53447,1.27884,0,1.18553,1.90512,8.44406e+06,3.71658e+06,1.29571e+07,0,319560,0,0
40.2078,85.1408,5.01099,0.1,0.04,2.56676,2.82228,0,0.480942,4.6872,4.06315e+06,2.78055e+06,1.04291e+07,0,341488,0,0,55.3014,61.3098,3.71074,0,1,1.53447,1.27896,0,1.18553,1.90512,8.44406e+06,3.71658e+06,1.29571e+07,0,319589,0,0
40.962,85.1408,3.26913,0.12,0.04,2.65555,2.91095,0,0.481011,4.6872,4.06315e+06,2.78055e+06,1.07899e+07,0,352217,0,0,55.474,61.3098,3.35319,0,1,1.57582,1.32043,0,1.18553,1.90512,8.44406e+06,3.71658e+06,1.33063e+07,0,329952,0,0
42.0228,85.1408,3.82571,0.13,0.04,2.69727,2.9112,0,0.49765,4.6872,4.06315e+06,2.78055e+06,1.09594e+07,0,352247,0,0,55.9228,61.3098,4.10333,0,1,1.53446,1.32054,0,1.21748,1.90512,8.44406e+06,3.71658e+06,1.29571e+07,0,329979,0,0
44.4631,85.1408,5.12997,0.14,0.04,2.69763,2.91144,0,0.505468,4.6872,4.06315e+06,2.78055e+06,1.09609e+07,0,352277,0,0,56.8811,61.3098,5.33713,0,1,1.53446,1.32065,0,1.18553,1.90512,8.44406e+06,3.71658e+06,1.29571e+07,0,330007,0,0
50.3197,85.1408,9.04588,0.08,0.04,2.69799,2.91169,0,0.505536,4.6872,4.06315e+06,2.78055e+06,1.09623e+07,0,352307,0,0,59.2582,61.3098,9.10972,0,1,1.53446,1.32076,0,1.18553,1.90512,8.44406e+06,3.71658e+06,1.29571e+07,0,330035,0,0
54.9078,85.1408,8.0375,0.08,0.04,2.98237,3.19596,0,0.505603,4.6872,4.06315e+06,2.78055e+06,1.21178e+07,0,386702,0,0,61.8179,61.3098,9.08159,0,1,1.68977,1.47618,0,1.18553,1.90512,8.44406e+06,3.71658e+06,1.42685e+07,0,368872,0,0
58.4298,85.1408,7.07302,0.05,0.04,3.19623,3.19623,0,0.558896,4.6872,4.06315e+06,2.78055e+06,1.29868e+07,0,386735,0,0,62.338,61.3098,7.9336,0,1,1.47631,1.47631,0,1.30552,1.90512,8.44406e+06,3.71658e+06,1.2466e+07,0,368903,0,0
67.1315,85.1408,12.3883,0.05,0.04,3.1965,3.1965,0,0.598974,4.6872,4.06315e+06,2.78055e+06,1.29879e+07,0,386768,0,0,62.338,61.3098,11.3187,0,1,1.47643,1.47643,0,1.14059,1.90512,8.44406e+06,3.71658e+06,1.24671e+07,0,368934,0,0
69.3645,85.1408,6.0045,0.04,0.04,3.19677,3.19677,0,0.599024,4.6872,4.06315e+06,2.78055e+06,1.2989e+07,0,386801,0,0,62.338,61.3098,6.96745,0,1,1.47656,1.47656,0,1.14069,1.90512,8.44406e+06,3.71658e+06,1.24681e+07,0,368966,0,0
74.6344,85.1408,8.5722,0.02,0.04,2.7918,2.7918,0,0.599075,4.6872,4.06315e+06,2.78055e+06,1.13435e+07,0,337800,0,0,62.338,61.3098,8.5521,0,1,1.26819,1.26819,0,1.14079,1.90512,8.44406e+06,3.71658e+06,1.07086e+07,0,316898,0,0
77.1576,85.1408,5.94312,0.02,0.04,2.79203,2.79203,0,0.523183,4.6872,4.06315e+06,2.78055e+06,1.13445e+07,0,337829,0,0,62.338,61.3098,6.62052,0,1,1.2683,1.2683,0,0.979802,1.90512,8.44406e+06,3.71658e+06,1.07096e+07,0,316925,0,0
78.0242,85.1408,4.26217,0,0.04,2.79227,2.79227,0,0.523227,4.6872,4.06315e+06,2.78055e+06,1.13454e+07,0,337857,0,0,62.338,61.3098,5.35771,0,1,1.2684,1.2684,0,0.979885,1.90512,8.44406e+06,3.71658e+06,1.07105e+07,0,316952,0,0
79.7941,85.1408,5.07783,0,0.04,2.79251,2.79251,0,0.523272,4.6872,4.06315e+06,2.78055e+06,1.13464e+07,0,337886,0,0,62.338,61.3098,5.7261,0,1,1.26851,1.26851,0,0.979968,1.90512,8.44406e+06,3.71658e+06,1.07114e+07,0,316979,0,0
82.0892,85.1408,5.69896,0,0.04,2.79274,2.79274,0,0.523316,4.6872,4.06315e+06,2.78055e+06,1.13473e+07,0,337915,0,0,62.338,61.3098,6.14565,0,1,1.26862,1.26862,0,0.980051,1.90512,8.44406e+06,3.71658e+06,1.07123e+07,0,317005,0,0
84.8563,85.1408,6.22961,0,0.04,2.89503,2.89503,0,0.52336,4.6872,4.06315e+06,2.78055e+06,1.17629e+07,0,350291,0,0,62.338,61.3098,6.03181,0,1,1.31975,1.31975,0,0.980134,1.90512,8.44406e+06,3.71658e+06,1.11441e+07,0,329783,0,0
85.1408,85.1408,4.31409,0,0.04,2.89528,2.89528,0,0.542529,4.6872,4.06315e+06,2.78055e+06,1.17639e+07,0,350321,0,0,62.338,61.3098,5.34057,0,1,1.31986,1.31986,0,1.01964,1.90512,8.44406e+06,3.71658e+06,1.1145e+07,0,329811,0,0
85.1408,85.1408,3.43893,0,0.04,2.89552,2.89552,0,0.542575,4.6872,4.06315e+06,2.78055e+06,1.17649e+07,0,350350,0,0,62.338,61.3098,4.41926,0,1,1.31998,1.31998,0,1.01973,1.90512,8.44406e+06,3.71658e+06,1.1146e+07,0,329839,0,0
85.1313,85.1408,3.29915,0,0.04,2.89577,2.89577,0,0.542621,4.6872,4.06315e+06,2.78055e+06,1.17659e+07,0,350380,0,0,62.338,61.3098,4.54126,0,1,1.32009,1.32009,0,1.01981,1.90512,8.44406e+06,3.71658e+06,1.11469e+07,0,329867,0,0
84.9906,85.1408,3.0528,0,0.04,2.8561,2.8561,0,0.542667,4.6872,4.06315e+06,2.78055e+06,1.16048e+07,0,345580,0,0,62.338,61.3098,3.56488,0,1,1.30038,1.30038,0,1.0199,1.90512,8.44406e+06,3.71658e+06,1.09804e+07,0,324941,0,0
84.2013,85.1408,2.34205,0,0.04,2.85634,2.85634,0,0.535233,4.6872,4.06315e+06,2.78055e+06,1.16057e+07,0,345610,0,0,62.338,61.3098,2.82536,0,1,1.30049,1.30049,0,1.00467,1.90512,8.44406e+06,3.71658e+06,1.09814e+07,0,324969,0,0
83.2423,85.1408,2.15769,0,0.04,2.85658,2.85658,0,0.535278,4.6872,4.06315e+06,2.78055e+06,1.16067e+07,0,345639,0,0,62.338,61.3098,2.88263,0,1,1.3006,1.3006,0,1.00476,1.90512,8.44406e+06,3.71658e+06,1.09823e+07,0,324996,0,0
83.467,85.1408,3.37594,0,0.04,2.85683,2.85683,0,0.535324,4.6872,4.06315e+06,2.78055e+06,1.16077e+07,0,345668,0,0,62.338,61.3098,3.43684,0,1,1.30071,1.30071,0,1.00484,1.90512,8.44406e+06,3.71658e+06,1.09832e+07,0,325024,0,0
82.497,85.1408,2.21881,0,0.04,2.9926,2.9926,0,0.535369,4.6872,4.06315e+06,2.78055e+06,1.21594e+07,0,362096,0,0,62.338,61.3098,2.79604,0,1,1.37115,1.37115,0,1.00493,1.90512,8.44406e+06,3.71658e+06,1.1578e+07,0,342625,0,0
81.5264,85.1408,2.20787,0,0.04,2.99285,2.99285,0,0.560813,4.6872,4.06315e+06,2.78055e+06,1.21604e+07,0,362127,0,0,62.338,61.3098,2.51139,0,1,1.37126,1.37126,0,1.05935,1.90512,8.44406e+06,3.71658e+06,1.1579e+07,0,342654,0,0
80.3198,85.1408,1.93762,0,0.04,2.99311,2.99311,0,0.56086,4.6872,4.06315e+06,2.78055e+06,1.21614e+07,0,362158,0,0,62.338,61.3098,2.34089,0,1,1.37138,1.37138,0,1.05944,1.90512,8.44406e+06,3.71658e+06,1.158e+07,0,342683,0,0
79.0578,85.1408,1.82952,0,0.04,2.99336,2.99336,0,0.560908,4.6872,4.06315e+06,2.78055e+06,1.21625e+07,0,362188,0,0,62.338,61.3098,2.23494,0,1,1.37149,1.37149,0,1.05953,1.90512,8.44406e+06,3.71658e+06,1.1581e+07,0,342712,0,0
77.8102,85.1408,1.83754,0,0.04,2.99361,2.99361,0,0.560956,4.6872,4.06315e+06,2.78055e+06,1.21635e+07,0,362219,0,0,62.338,61.3098,2.16686,0,1,1.37161,1.37161,0,1.05962,1.90512,8.44406e+06,3.71658e+06,1.1582e+07,0,342741,0,0
77.0978,85.1408,2.35094,0,0.04,2.96705,2.96705,0,0.561003,4.6872,4.06315e+06,2.78055e+06,1.20556e+07,0,359005,0,0,62.338,61.3098,2.64077,0,1,1.4104,1.4104,0,1.05971,1.90512,8.44406e+06,3.71658e+06,1.19095e+07,0,352434,0,0
76.3804,85.1408,2.33295,0,0.04,2.96731,2.96731,0,0.556026,4.6872,4.06315e+06,2.78055e+06,1.20566e+07,0,359036,0,0,62.338,61.3098,2.65306,0,1,1.41052,1.41052,0,1.08967,1.90512,8.44406e+06,3.71658e+06,1.19105e+07,0,352463,0,0
75.5747,85.1408,2.21848,0,0.04,2.96756,2.96756,0,0.556073,4.6872,4.06315e+06,2.78055e+06,1.20576e+07,0,359066,0,0,62.338,61.3098,2.60902,0,1,1.41064,1.41064,0,1.08977,1.90512,8.44406e+06,3.71658e+06,1.19115e+07,0,352493,0,0
74.5104,85.1408,1.9284,0,0.04,2.96781,2.96781,0,0.55612,4.6872,4.06315e+06,2.78055e+06,1.20587e+07,0,359097,0,0,62.338,61.3098,2.43628,0,1,1.41076,1.41076,0,1.08986,1.90512,8.44406e+06,3.71658e+06,1.19125e+07,0,352523,0,0
73.5223,85.1408,2.05507,0.01,0.04,3.03733,3.03733,0,0.556167,4.6872,4.06315e+06,2.78055e+06,1.23411e+07,0,367509,0,0,62.3082,61.3098,2.4341,0,1,1.44535,1.44535,0,1.08995,1.90512,8.44406e+06,3.71658e+06,1.22046e+07,0,361168,0,0
72.3667,85.1408,1.87653,0.01,0.04,3.03759,3.03759,0,0.569195,4.6872,4.06315e+06,2.78055e+06,1.23422e+07,0,367540,0,0,62.2349,61.3098,2.26337,0,1,1.44547,1.44547,0,1.11668,1.90512,8.44406e+06,3.71658e+06,1.22057e+07,0,361199,0,0
71.0685,85.1408,1.71841,0.02,0.04,3.03784,3.03784,0,0.569244,4.6872,4.06315e+06,2.78055e+06,1.23432e+07,0,367571,0,0,62.1391,61.3098,2.11502,0,1,1.4456,1.4456,0,1.11677,1.90512,8.44406e+06,3.71658e+06,1.22067e+07,0,361229,0,0
69.5659,85.1408,1.48441,0.02,0.04,3.0381,3.0381,0,0.569292,4.6872,4.06315e+06,2.78055e+06,1.23443e+07,0,367602,0,0,62.0344,61.3098,2.09796,0,1,1.44572,1.44572,0,1.11687,1.90512,8.44406e+06,3.71658e+06,1.22077e+07,0,361260,0,0
67.777,85.1408,1.35336,0.02,0.04,3.24128,3.24128,0,0.56934,4.6872,4.06315e+06,2.78055e+06,1.31698e+07,0,392186,0,0,61.7562,61.3098,1.99936,0,1,1.57032,1.57032,0,1.11696,1.90512,8.44406e+06,3.71658e+06,1.32599e+07,0,392396,0,0
66.0287,85.1408,1.38716,0.04,0.04,3.24155,3.24155,0,0.607416,4.6872,4.06315e+06,2.78055e+06,1.31709e+07,0,392219,0,0,61.4165,61.3098,1.89087,0,1,1.57046,1.57046,0,1.21323,1.90512,8.44406e+06,3.71658e+06,1.3261e+07,0,392429,0,0
64.4557,85.1408,1.56176,0.04,0.04,3.24183,3.24183,0,0.607467,4.6872,4.06315e+06,2.78055e+06,1.3172e+07,0,392252,0,0,61.1938,61.3098,2.36052,0,1,1.57059,1.57059,0,1.21333,1.90512,8.44406e+06,3.71658e+06,1.32621e+07,0,392463,0,0
62.5912,85.1408,1.2572,0.04,0.04,3.2421,3.2421,0,0.607519,4.6872,4.06315e+06,2.78055e+06,1.31732e+07,0,392286,0,0,60.7989,61.3098,1.69977,0,1,1.57072,1.57072,0,1.21344,1.90512,8.44406e+06,3.71658e+06,1.32633e+07,0,392496,0,0
61.0232,85.1408,1.52199,0.04,0.04,3.24238,3.24238,0,0.60757,4.6872,4.06315e+06,2.78055e+06,1.31743e+07,0,392319,0,0,60.6807,61.3098,2.97576,0,1,1.57086,1.57086,0,1.21354,1.90512,8.44406e+06,3.71658e+06,1.32644e+07,0,392529,0,0
59.1366,85.1408,1.11026,0.04,0.04,3.14372,3.14372,0,0.607622,4.6872,4.06315e+06,2.78055e+06,1.27734e+07,0,380381,0,0,60.1211,61.3098,1.56583,0,1,1.4954,1.4954,0,1.21364,1.90512,8.44406e+06,3.71658e+06,1.26273e+07,0,373675,0,0
57.2596,85.1408,1.11643,0.04,0.04,3.14398,3.14398,0,0.589132,4.6872,4.06315e+06,2.78055e+06,1.27745e+07,0,380413,0,0,59.7307,61.3098,1.45751,0,1,1.49553,1.49553,0,1.15535,1.90512,8.44406e+06,3.71658e+06,1.26283e+07,0,373706,0,0
55.9146,85.1408,1.6547,0.04,0.04,3.14425,3.14425,0,0.589182,4.6872,4.06315e+06,2.78055e+06,1.27756e+07,0,380446,0,0,59.408,61.3098,1.78056,0,1,1.49566,1.49566,0,1.15545,1.90512,8.44406e+06,3.71658e+06,1.26294e+07,0,373738,0,0
55.1377,85.1408,2.28898,0.04,0.04,3.14452,3.14452,0,0.589232,4.6872,4.06315e+06,2.78055e+06,1.27766e+07,0,380478,0,0,59.3363,61.3098,2.89105,0,1,1.49578,1.49578,0,1.15554,1.90512,8.44406e+06,3.71658e+06,1.26305e+07,0,373770,0,0
53.786,85.1408,1.63263,0.04,0.04,3.06355,3.06355,0,0.589282,4.6872,4.06315e+06,2.78055e+06,1.24476e+07,0,370681,0,0,59.1218,61.3098,1.69253,0,1,1.42708,1.42708,0,1.15564,1.90512,8.44406e+06,3.71658e+06,1.20504e+07,0,356603,0,0
52.9743,85.1408,2.14905,0.04,0.04,3.06381,3.06381,0,0.574108,4.6872,4.06315e+06,2.78055e+06,1.24487e+07,0,370712,0,0,59.1472,61.3098,1.83206,0,1,1.4272,1.4272,0,1.10256,1.90512,8.44406e+06,3.71658e+06,1.20514e+07,0,356633,0,0
51.7922,85.1408,1.75587,0.04,0.04,3.06407,3.06407,0,0.574157,4.6872,4.06315e+06,2.78055e+06,1.24498e+07,0,370744,0,0,59.3036,61.3098,2.68907,0,1,1.42732,1.42732,0,1.10266,1.90512,8.44406e+06,3.71658e+06,1.20524e+07,0,356663,0,0
50.452,85.1408,1.60008,0.04,0.04,3.06433,3.06433,0,0.574206,4.6872,4.06315e+06,2.78055e+06,1.24508e+07,0,370775,0,0,59.2614,61.3098,1.86275,0,1,1.42745,1.42745,0,1.10275,1.90512,8.44406e+06,3.71658e+06,1.20534e+07,0,356694,0,0
52.14,85.1408,4.60703,0.06,0.04,2.72688,2.83379,0,0.574255,4.6872,4.06315e+06,2.78055e+06,1.10797e+07,0,342881,0,0,59.5505,61.3098,2.97526,0,1,1.39108,1.28417,0,1.10284,1.90512,8.44406e+06,3.71658e+06,1.17463e+07,0,320892,0,0
50.8574,85.1408,1.58877,0.04,0.04,2.83403,2.83403,0,0.511017,4.6872,4.06315e+06,2.78055e+06,1.15151e+07,0,342910,0,0,59.2009,61.3098,1.94328,0,1,1.28428,1.28428,0,1.07475,1.90512,8.44406e+06,3.71658e+06,1.08445e+07,0,320919,0,0
49.1716,85.1408,0.907073,0.06,0.04,2.5842,2.83427,0,0.531097,4.6872,4.06315e+06,2.78055e+06,1.05e+07,0,342939,0,0,58.9514,61.3098,1.38706,0,1,1.53446,1.28439,0,0.992236,1.90512,8.44406e+06,3.71658e+06,1.29571e+07,0,320947,0,0
48.5025,85.1408,2.10861,0.05,0.04,2.83451,2.83451,0,0.484278,4.6872,4.06315e+06,2.78055e+06,1.1517e+07,0,342968,0,0,59.0985,61.3098,2.50673,0,1,1.2845,1.2845,0,1.18552,1.90512,8.44406e+06,3.71658e+06,1.08464e+07,0,320974,0,0
48.2198,85.1408,2.58606,0.05,0.04,2.83475,2.83475,0,0.531187,4.6872,4.06315e+06,2.78055e+06,1.1518e+07,0,342997,0,0,58.893,61.3098,2.98728,0,1,1.28461,1.28461,0,0.992404,1.90512,8.44406e+06,3.71658e+06,1.08473e+07,0,321001,0,0
47.8099,85.1408,2.30479,0.06,0.04,2.67405,2.9238,0,0.531232,4.6872,4.06315e+06,2.78055e+06,1.08651e+07,0,353772,0,0,57.881,61.3098,1.36873,0,1,1.576,1.32625,0,0.992488,1.90512,8.44406e+06,3.71658e+06,1.33078e+07,0,331408,0,0
48.2257,85.1408,3.22534,0.08,0.04,2.71593,2.92403,0,0.501118,4.6872,4.06315e+06,2.78055e+06,1.10352e+07,0,353800,0,0,57.5621,61.3098,1.1795,0,1,1.53446,1.32636,0,1.21762,1.90512,8.44406e+06,3.71658e+06,1.2957e+07,0,331434,0,0
49.6557,85.1408,4.25063,0.08,0.04,2.71627,2.92426,0,0.508965,4.6872,4.06315e+06,2.78055e+06,1.10366e+07,0,353828,0,0,57.2864,61.3098,2.82235,0,1,1.53446,1.32646,0,1.18552,1.90512,8.44406e+06,3.71658e+06,1.2957e+07,0,331460,0,0
51.1878,85.1408,4.47163,0.08,0.04,2.7166,2.92449,0,0.509028,4.6872,4.06315e+06,2.78055e+06,1.1038e+07,0,353855,0,0,56.8164,61.3098,2.07601,0,1,1.53446,1.32657,0,1.18552,1.90512,8.44406e+06,3.71658e+06,1.2957e+07,0,331487,0,0
51.4763,85.1408,3.54808,0.05,0.04,3.20999,3.20999,0,0.509091,4.6872,4.06315e+06,2.78055e+06,1.30427e+07,0,388400,0,0,56.4743,61.3098,1.9039,0,1,1.48266,1.48266,0,1.18552,1.90512,8.44406e+06,3.71658e+06,1.25197e+07,0,370492,0,0
51.9145,85.1408,3.72454,0.05,0.04,3.21025,3.21025,0,0.601553,4.6872,4.06315e+06,2.78055e+06,1.30437e+07,0,388431,0,0,56.4019,61.3098,1.46197,0,1,1.48278,1.48278,0,1.14551,1.90512,8.44406e+06,3.71658e+06,1.25207e+07,0,370521,0,0
53.6958,85.1408,5.09891,0.05,0.04,3.2105,3.2105,0,0.6016,4.6872,4.06315e+06,2.78055e+06,1.30447e+07,0,388462,0,0,55.9577,61.3098,2.52307,0,1,1.4829,1.4829,0,1.1456,1.90512,8.44406e+06,3.71658e+06,1.25217e+07,0,370550,0,0
53.7146,85.1408,3.27681,0.05,0.04,3.21075,3.21075,0,0.601648,4.6872,4.06315e+06,2.78055e+06,1.30458e+07,0,388493,0,0,55.2206,61.3098,1.41364,0,1,1.48302,1.48302,0,1.14569,1.90512,8.44406e+06,3.71658e+06,1.25227e+07,0,370579,0,0
54.8577,85.1408,4.1092,0.06,0.04,2.75266,2.80399,0,0.601695,4.6872,4.06315e+06,2.78055e+06,1.11845e+07,0,339276,0,0,55.1257,61.3098,1.72483,0,1,1.32506,1.27373,0,1.14578,1.90512,8.44406e+06,3.71658e+06,1.11889e+07,0,318282,0,0
56.9579,85.1408,5.01461,0.06,0.04,2.54359,2.80421,0,0.515848,4.6872,4.06315e+06,2.78055e+06,1.0335e+07,0,339302,0,0,55.3056,61.3098,2.3054,0,1,1.53445,1.27383,0,1.02374,1.90512,8.44406e+06,3.71658e+06,1.2957e+07,0,318307,0,0
60.1916,85.1408,6.29247,0.06,0.04,2.54391,2.80444,0,0.476669,4.6872,4.06315e+06,2.78055e+06,1.03363e+07,0,339329,0,0,55.7592,61.3098,2.98644,0,1,1.53445,1.27393,0,1.18552,1.90512,8.44406e+06,3.71658e+06,1.2957e+07,0,318333,0,0
65.1873,85.1408,8.5617,0.04,0.04,2.80466,2.80466,0,0.476729,4.6872,4.06315e+06,2.78055e+06,1.13957e+07,0,339356,0,0,56.7884,61.3098,4.07784,0,1,1.27403,1.27403,0,1.18552,1.90512,8.44406e+06,3.71658e+06,1.0758e+07,0,318358,0,0
69.3105,85.1408,7.79528,0.04,0.04,2.80488,2.80488,0,0.525593,4.6872,4.06315e+06,2.78055e+06,1.13967e+07,0,339383,0,0,57.4233,61.3098,3.48698,0,1,1.27413,1.27413,0,0.984315,1.90512,8.44406e+06,3.71658e+06,1.07588e+07,0,318383,0,0
70.0418,85.1408,3.98607,0.01,0.04,2.90759,2.90759,0,0.525634,4.6872,4.06315e+06,2.78055e+06,1.1814e+07,0,351811,0,0,57.9232,61.3098,2.41693,0,1,1.32548,1.32548,0,0.984393,1.90512,8.44406e+06,3.71658e+06,1.11924e+07,0,331214,0,0
70.7686,85.1408,4.01851,0.01,0.04,2.90782,2.90782,0,0.544883,4.6872,4.06315e+06,2.78055e+06,1.18149e+07,0,351839,0,0,57.9057,61.3098,2.52456,0,1,1.32558,1.32558,0,1.02407,1.90512,8.44406e+06,3.71658e+06,1.11933e+07,0,331240,0,0
71.1216,85.1408,3.56524,0.01,0.04,2.90805,2.90805,0,0.544926,4.6872,4.06315e+06,2.78055e+06,1.18159e+07,0,351867,0,0,57.5059,61.3098,1.67246,0,1,1.32569,1.32569,0,1.02415,1.90512,8.44406e+06,3.71658e+06,1.11942e+07,0,331267,0,0
70.826,85.1408,2.83324,0.01,0.04,2.90828,2.90828,0,0.544969,4.6872,4.06315e+06,2.78055e+06,1.18168e+07,0,351895,0,0,57.2041,61.3098,1.63616,0,1,1.32579,1.32579,0,1.02423,1.90512,8.44406e+06,3.71658e+06,1.11951e+07,0,331293,0,0
70.3081,85.1408,2.54112,0.01,0.04,2.86843,2.86843,0,0.545012,4.6872,4.06315e+06,2.78055e+06,1.16549e+07,0,347072,0,0,56.8969,61.3098,1.69343,0,1,1.30599,1.30599,0,1.02431,1.90512,8.44406e+06,3.71658e+06,1.10278e+07,0,326344,0,0
69.8134,85.1408,2.52808,0,0.04,2.86865,2.86865,0,0.537543,4.6872,4.06315e+06,2.78055e+06,1.16558e+07,0,347099,0,0,56.5259,61.3098,1.78955,0,1,1.30609,1.30609,0,1.00901,1.90512,8.44406e+06,3.71658e+06,1.10287e+07,0,326369,0,0
69.1168,85.1408,2.27888,0,0.04,2.86888,2.86888,0,0.537586,4.6872,4.06315e+06,2.78055e+06,1.16567e+07,0,347127,0,0,56.2213,61.3098,1.70951,0,1,1.3062,1.3062,0,1.00909,1.90512,8.44406e+06,3.71658e+06,1.10296e+07,0,326395,0,0
68.3558,85.1408,2.18924,0,0.04,2.86911,2.86911,0,0.537628,4.6872,4.06315e+06,2.78055e+06,1.16576e+07,0,347154,0,0,56.0021,61.3098,1.54204,0,1,1.3063,1.3063,0,1.00917,1.90512,8.44406e+06,3.71658e+06,1.10305e+07,0,326421,0,0
67.3038,85.1408,2.007,0,0.04,3.00545,3.00545,0,0.537671,4.6872,4.06315e+06,2.78055e+06,1.22116e+07,0,363651,0,0,55.9452,61.3098,1.67742,0,1,1.37703,1.37703,0,1.00925,1.90512,8.44406e+06,3.71658e+06,1.16277e+07,0,344096,0,0
66.3156,85.1408,2.04695,0.01,0.04,3.00569,3.00569,0,0.563221,4.6872,4.06315e+06,2.78055e+06,1.22126e+07,0,363680,0,0,55.7665,61.3098,1.96345,0,1,1.37714,1.37714,0,1.0639,1.90512,8.44406e+06,3.71658e+06,1.16287e+07,0,344124,0,0
65.1276,85.1408,1.82342,0,0.04,3.00592,3.00592,0,0.563266,4.6872,4.06315e+06,2.78055e+06,1.22135e+07,0,363709,0,0,55.5998,61.3098,1.79249,0,1,1.37725,1.37725,0,1.06398,1.90512,8.44406e+06,3.71658e+06,1.16296e+07,0,344151,0,0
63.8996,85.1408,1.71508,0.01,0.04,3.00616,3.00616,0,0.56331,4.6872,4.06315e+06,2.78055e+06,1.22145e+07,0,363737,0,0,55.2891,61.3098,1.72408,0,1,1.37736,1.37736,0,1.06406,1.90512,8.44406e+06,3.71658e+06,1.16305e+07,0,344178,0,0
62.5885,85.1408,1.61836,0.01,0.04,3.0064,3.0064,0,0.563355,4.6872,4.06315e+06,2.78055e+06,1.22155e+07,0,363766,0,0,55.0651,61.3098,1.60912,0,1,1.37747,1.37747,0,1.06415,1.90512,8.44406e+06,3.71658e+06,1.16314e+07,0,344205,0,0
61.3423,85.1408,1.6542,0.01,0.04,2.97971,2.97971,0,0.563399,4.6872,4.06315e+06,2.78055e+06,1.2107e+07,0,360537,0,0,54.9328,61.3098,1.97039,0,1,1.41641,1.41641,0,1.06423,1.90512,8.44406e+06,3.71658e+06,1.19603e+07,0,353937,0,0
60.0179,85.1408,1.56222,0.01,0.04,2.97994,2.97994,0,0.558397,4.6872,4.06315e+06,2.78055e+06,1.2108e+07,0,360565,0,0,54.7717,61.3098,1.84472,0,1,1.41653,1.41653,0,1.09432,1.90512,8.44406e+06,3.71658e+06,1.19612e+07,0,353965,0,0
58.5785,85.1408,1.432,0.01,0.04,2.98018,2.98018,0,0.558442,4.6872,4.06315e+06,2.78055e+06,1.21089e+07,0,360594,0,0,54.5119,61.3098,1.84177,0,1,1.41664,1.41664,0,1.09441,1.90512,8.44406e+06,3.71658e+06,1.19622e+07,0,353993,0,0
57.0301,85.1408,1.29485,0.03,0.04,2.98042,2.98042,0,0.558486,4.6872,4.06315e+06,2.78055e+06,1.21099e+07,0,360622,0,0,54.312,61.3098,1.63815,0,1,1.41675,1.41675,0,1.09449,1.90512,8.44406e+06,3.71658e+06,1.19631e+07,0,354021,0,0
55.5956,85.1408,1.43428,0.04,0.04,3.05021,3.05021,0,0.55853,4.6872,4.06315e+06,2.78055e+06,1.23935e+07,0,369068,0,0,54.0578,61.3098,1.85225,0,1,1.45148,1.45148,0,1.09458,1.90512,8.44406e+06,3.71658e+06,1.22564e+07,0,362700,0,0
54.1805,85.1408,1.44076,0.04,0.04,3.05046,3.05046,0,0.57161,4.6872,4.06315e+06,2.78055e+06,1.23945e+07,0,369097,0,0,53.8297,61.3098,1.9098,0,1,1.4516,1.4516,0,1.12142,1.90512,8.44406e+06,3.71658e+06,1.22574e+07,0,362729,0,0
52.6783,85.1408,1.32899,0.04,0.04,3.0507,3.0507,0,0.571655,4.6872,4.06315e+06,2.78055e+06,1.23954e+07,0,369126,0,0,53.5925,61.3098,1.82635,0,1,1.45171,1.45171,0,1.1215,1.90512,8.44406e+06,3.71658e+06,1.22583e+07,0,362758,0,0
51.0013,85.1408,1.11469,0.04,0.04,3.05094,3.05094,0,0.571701,4.6872,4.06315e+06,2.78055e+06,1.23964e+07,0,369155,0,0,53.3359,61.3098,1.81554,0,1,1.45183,1.45183,0,1.12159,1.90512,8.44406e+06,3.71658e+06,1.22593e+07,0,362786,0,0
49.1652,85.1408,1.02588,0.06,0.04,3.17243,3.25496,0,0.571746,4.6872,4.06315e+06,2.78055e+06,1.28901e+07,0,393841,0,0,52.4299,61.3098,1.67509,0,1,1.65947,1.57695,0,1.12168,1.90512,8.44406e+06,3.71658e+06,1.40127e+07,0,394052,0,0
47.3737,85.1408,1.11609,0.06,0.04,3.25521,3.25521,0,0.594514,4.6872,4.06315e+06,2.78055e+06,1.32264e+07,0,393872,0,0,52.0182,61.3098,1.29294,0,1,1.57707,1.57707,0,1.28211,1.90512,8.44406e+06,3.71658e+06,1.33169e+07,0,394083,0,0
45.5196,85.1408,1.0502,0.06,0.04,3.25547,3.25547,0,0.610027,4.6872,4.06315e+06,2.78055e+06,1.32275e+07,0,393903,0,0,51.6149,61.3098,1.71341,0,1,1.5772,1.5772,0,1.21845,1.90512,8.44406e+06,3.71658e+06,1.33179e+07,0,394114,0,0
43.6108,85.1408,0.995525,0.06,0.04,3.25573,3.25573,0,0.610075,4.6872,4.06315e+06,2.78055e+06,1.32285e+07,0,393934,0,0,51.1934,61.3098,1.7685,0,1,1.57732,1.57732,0,1.21854,1.90512,8.44406e+06,3.71658e+06,1.3319e+07,0,394145,0,0
41.6837,85.1408,0.972099,0.06,0.04,3.25599,3.25599,0,0.610123,4.6872,4.06315e+06,2.78055e+06,1.32296e+07,0,393965,0,0,50.6851,61.3098,1.75729,0,1,1.57745,1.57745,0,1.21864,1.90512,8.44406e+06,3.71658e+06,1.33201e+07,0,394177,0,0
40.1426,85.1408,1.2322,0.1,0.04,3.15689,3.15689,0,0.610172,4.6872,4.06315e+06,2.78055e+06,1.28269e+07,0,381975,0,0,50.2814,61.3098,1.65168,0,1,1.50167,1.50167,0,1.21874,1.90512,8.44406e+06,3.71658e+06,1.26802e+07,0,375241,0,0
38.5311,85.1408,1.18768,0.09,0.04,3.12446,3.15714,0,0.591601,4.6872,4.06315e+06,2.78055e+06,1.26951e+07,0,382006,0,0,50.0413,61.3098,1.71807,0,1,1.53447,1.50179,0,1.16019,1.90512,8.44406e+06,3.71658e+06,1.29572e+07,0,375270,0,0
37.0614,85.1408,1.35181,0.1,0.04,3.12483,3.15739,0,0.585523,4.6872,4.06315e+06,2.78055e+06,1.26966e+07,0,382036,0,0,50.0136,61.3098,2.19688,0,1,1.53447,1.50191,0,1.18553,1.90512,8.44406e+06,3.71658e+06,1.29572e+07,0,375300,0,0
35.5397,85.1408,1.32831,0.09,0.04,3.1252,3.15764,0,0.585592,4.6872,4.06315e+06,2.78055e+06,1.26981e+07,0,382066,0,0,49.9713,61.3098,2.14323,0,1,1.53447,1.50203,0,1.18553,1.90512,8.44406e+06,3.71658e+06,1.29572e+07,0,375330,0,0
33.9654,85.1408,1.22517,0.09,0.04,3.04399,3.07631,0,0.585662,4.6872,4.06315e+06,2.78055e+06,1.23682e+07,0,372226,0,0,49.9505,61.3098,1.99271,0,1,1.46536,1.43303,0,1.18553,1.90512,8.44406e+06,3.71658e+06,1.23736e+07,0,358089,0,0
33.091,85.1408,1.90097,0.15,0.04,2.97524,3.07656,0,0.570443,4.6872,4.06315e+06,2.78055e+06,1.20888e+07,0,372255,0,0,49.9525,61.3098,2.18006,0,1,1.53447,1.43314,0,1.13214,1.90512,8.44406e+06,3.71658e+06,1.29571e+07,0,358118,0,0
33.946,85.1408,3.70178,0.16,0.04,2.97559,3.0768,0,0.557559,4.6872,4.06315e+06,2.78055e+06,1.20903e+07,0,372285,0,0,50.5326,61.3098,3.62907,0,1,1.53447,1.43326,0,1.18553,1.90512,8.44406e+06,3.71658e+06,1.29571e+07,0,358146,0,0
33.9209,85.1408,2.7565,0.15,0.04,2.97595,3.07705,0,0.557626,4.6872,4.06315e+06,2.78055e+06,1.20917e+07,0,372314,0,0,51.1766,61.3098,3.9316,0,1,1.53447,1.43337,0,1.18553,1.90512,8.44406e+06,3.71658e+06,1.29571e+07,0,358174,0,0
34.1396,85.1408,2.81678,0.15,0.04,2.74455,2.84553,0,0.557693,4.6872,4.06315e+06,2.78055e+06,1.11515e+07,0,344302,0,0,51.6215,61.3098,2.95925,0,1,1.39048,1.2895,0,1.18553,1.90512,8.44406e+06,3.71658e+06,1.17413e+07,0,322222,0,0
35.3514,85.1408,3.69771,0.1,0.04,2.6009,2.84576,0,0.514329,4.6872,4.06315e+06,2.78055e+06,1.05679e+07,0,344329,0,0,51.5099,61.3098,2.54599,0,1,1.53445,1.2896,0,1.07428,1.90512,8.44406e+06,3.71658e+06,1.2957e+07,0,322248,0,0
36.0327,85.1408,3.12809,0.1,0.04,2.60123,2.84598,0,0.487409,4.6872,4.06315e+06,2.78055e+06,1.05692e+07,0,344356,0,0,51.6651,61.3098,2.52506,0,1,1.53445,1.2897,0,1.18552,1.90512,8.44406e+06,3.71658e+06,1.2957e+07,0,322273,0,0
39.3374,85.1408,6.03282,0.1,0.04,2.60156,2.84621,0,0.48747,4.6872,4.06315e+06,2.78055e+06,1.05705e+07,0,344384,0,0,52.4324,61.3098,3.90595,0,1,1.53445,1.2898,0,1.18552,1.90512,8.44406e+06,3.71658e+06,1.2957e+07,0,322299,0,0
42.1983,85.1408,5.5302,0.1,0.04,2.60188,2.84643,0,0.487532,4.6872,4.06315e+06,2.78055e+06,1.05718e+07,0,344411,0,0,52.912,61.3098,4.47374,0,1,1.53445,1.2899,0,1.18552,1.90512,8.44406e+06,3.71658e+06,1.2957e+07,0,322324,0,0
43.2261,85.1408,3.6576,0.12,0.04,2.69139,2.93583,0,0.487593,4.6872,4.06315e+06,2.78055e+06,1.09355e+07,0,355228,0,0,53.2814,61.3098,3.01203,0,1,1.57616,1.33171,0,1.18552,1.90512,8.44406e+06,3.71658e+06,1.33092e+07,0,332772,0,0
44.5848,85.1408,4.0803,0.07,0.04,2.73341,2.93605,0,0.504366,4.6872,4.06315e+06,2.78055e+06,1.11063e+07,0,355254,0,0,54.0493,61.3098,3.5493,0,1,1.53445,1.33181,0,1.21774,1.90512,8.44406e+06,3.71658e+06,1.2957e+07,0,332797,0,0
44.9183,85.1408,2.99085,0.08,0.04,2.73373,2.93627,0,0.512241,4.6872,4.06315e+06,2.78055e+06,1.11075e+07,0,355280,0,0,55.014,61.3098,4.05796,0,1,1.53445,1.33191,0,1.18552,1.90512,8.44406e+06,3.71658e+06,1.2957e+07,0,332821,0,0
44.393,85.1408,2.09734,0.08,0.04,2.73404,2.93648,0,0.5123,4.6872,4.06315e+06,2.78055e+06,1.11088e+07,0,355306,0,0,55.438,61.3098,2.74226,0,1,1.53445,1.33201,0,1.18552,1.90512,8.44406e+06,3.71658e+06,1.2957e+07,0,332846,0,0
44.585,85.1408,3.16409,0.08,0.04,3.02079,3.22314,0,0.512359,4.6872,4.06315e+06,2.78055e+06,1.22739e+07,0,389991,0,0,55.8872,61.3098,3.3832,0,1,1.69108,1.48873,0,1.18552,1.90512,8.44406e+06,3.71658e+06,1.42796e+07,0,372009,0,0
47.294,85.1408,5.86441,0.08,0.04,3.17776,3.22337,0,0.566097,4.6872,4.06315e+06,2.78055e+06,1.29117e+07,0,390019,0,0,57.5822,61.3098,6.26841,0,1,1.53446,1.48884,0,1.30653,1.90512,8.44406e+06,3.71658e+06,1.29571e+07,0,372036,0,0
50.4649,85.1408,6.51766,0.09,0.04,3.1781,3.22361,0,0.595511,4.6872,4.06315e+06,2.78055e+06,1.29131e+07,0,390048,0,0,59.2533,61.3098,6.27513,0,1,1.53446,1.48895,0,1.18552,1.90512,8.44406e+06,3.71658e+06,1.29571e+07,0,372063,0,0
53.3778,85.1408,6.31286,0.09,0.04,3.17845,3.22385,0,0.595576,4.6872,4.06315e+06,2.78055e+06,1.29145e+07,0,390077,0,0,60.3635,61.3098,5.0395,0,1,1.53446,1.48906,0,1.18552,1.90512,8.44406e+06,3.71658e+06,1.29571e+07,0,372091,0,0
56.2763,85.1408,6.04471,0.05,0.04,2.81541,2.81541,0,0.595641,4.6872,4.06315e+06,2.78055e+06,1.14394e+07,0,340657,0,0,62.338,61.3098,8.21429,0,1,1.27891,1.27891,0,1.18552,1.90512,8.44406e+06,3.71658e+06,1.07992e+07,0,319578,0,0
61.7993,85.1408,8.99716,0.06,0.04,2.56018,2.81562,0,0.527608,4.6872,4.06315e+06,2.78055e+06,1.04024e+07,0,340682,0,0,62.338,61.3098,15.644,0,1,1.53445,1.27901,0,0.988089,1.90512,8.44406e+06,3.71658e+06,1.29569e+07,0,319602,0,0
66.0332,85.1408,7.68327,0.03,0.04,2.81583,2.81583,0,0.479778,4.6872,4.06315e+06,2.78055e+06,1.14411e+07,0,340707,0,0,62.338,61.3098,11.9692,0,1,1.2791,1.2791,0,1.18551,1.90512,8.44406e+06,3.71658e+06,1.08008e+07,0,319625,0,0
69.8265,85.1408,7.31513,0.04,0.04,2.81603,2.81603,0,0.527686,4.6872,4.06315e+06,2.78055e+06,1.1442e+07,0,340732,0,0,62.338,61.3098,10.3495,0,1,1.2792,1.2792,0,0.988235,1.90512,8.44406e+06,3.71658e+06,1.08016e+07,0,319649,0,0
73.8102,85.1408,7.57473,0.01,0.04,2.81624,2.81624,0,0.527724,4.6872,4.06315e+06,2.78055e+06,1.14428e+07,0,340757,0,0,62.338,61.3098,10.0759,0,1,1.27929,1.27929,0,0.988307,1.90512,8.44406e+06,3.71658e+06,1.08024e+07,0,319672,0,0
75.8775,85.1408,5.68694,0.01,0.04,2.91935,2.91935,0,0.527763,4.6872,4.06315e+06,2.78055e+06,1.18618e+07,0,353234,0,0,62.338,61.3098,9.10273,0,1,1.33084,1.33084,0,0.98838,1.90512,8.44406e+06,3.71658e+06,1.12377e+07,0,332554,0,0
78.8879,85.1408,6.66135,0.01,0.04,2.91957,2.91957,0,0.547087,4.6872,4.06315e+06,2.78055e+06,1.18626e+07,0,353260,0,0,62.338,61.3098,11.6141,0,1,1.33094,1.33094,0,1.02821,1.90512,8.44406e+06,3.71658e+06,1.12385e+07,0,332578,0,0
82.8744,85.1408,7.77356,0,0.04,2.91978,2.91978,0,0.547127,4.6872,4.06315e+06,2.78055e+06,1.18635e+07,0,353286,0,0,62.338,61.3098,15.2779,0,1,1.33104,1.33104,0,1.02828,1.90512,8.44406e+06,3.71658e+06,1.12393e+07,0,332603,0,0
85.1408,85.1408,7.38689,0,0.04,2.92,2.92,0,0.547167,4.6872,4.06315e+06,2.78055e+06,1.18644e+07,0,353312,0,0,62.338,61.3098,16.1653,0,1,1.33113,1.33113,0,1.02836,1.90512,8.44406e+06,3.71658e+06,1.12402e+07,0,332627,0,0
85.1408,85.1408,5.67853,0,0.04,2.87996,2.87996,0,0.547208,4.6872,4.06315e+06,2.78055e+06,1.17017e+07,0,348468,0,0,62.338,61.3098,9.57734,0,1,1.31124,1.31124,0,1.02843,1.90512,8.44406e+06,3.71658e+06,1.10722e+07,0,327656,0,0
85.1408,85.1408,5.19606,0,0.04,2.88018,2.88018,0,0.539705,4.6872,4.06315e+06,2.78055e+06,1.17026e+07,0,348494,0,0,62.338,61.3098,7.76399,0,1,1.31134,1.31134,0,1.01306,1.90512,8.44406e+06,3.71658e+06,1.1073e+07,0,327680,0,0
85.1408,85.1408,4.93447,0,0.04,2.88039,2.88039,0,0.539745,4.6872,4.06315e+06,2.78055e+06,1.17035e+07,0,348519,0,0,62.338,61.3098,7.34635,0,1,1.31143,1.31143,0,1.01314,1.90512,8.44406e+06,3.71658e+06,1.10738e+07,0,327704,0,0
85.1408,85.1408,4.60212,0,0.04,2.8806,2.8806,0,0.539785,4.6872,4.06315e+06,2.78055e+06,1.17043e+07,0,348545,0,0,62.338,61.3098,7.16375,0,1,1.31153,1.31153,0,1.01321,1.90512,8.44406e+06,3.71658e+06,1.10746e+07,0,327729,0,0
85.1408,85.1408,4.27082,0,0.04,3.01747,3.01747,0,0.539824,4.6872,4.06315e+06,2.78055e+06,1.22604e+07,0,365106,0,0,62.338,61.3098,6.811,0,1,1.38254,1.38254,0,1.01329,1.90512,8.44406e+06,3.71658e+06,1.16742e+07,0,345473,0,0
85.1408,85.1408,3.35421,0,0.04,3.01769,3.01769,0,0.565474,4.6872,4.06315e+06,2.78055e+06,1.22613e+07,0,365132,0,0,62.338,61.3098,4.5023,0,1,1.38264,1.38264,0,1.06815,1.90512,8.44406e+06,3.71658e+06,1.16751e+07,0,345498,0,0
85.0396,85.1408,3.13363,0,0.04,3.01791,3.01791,0,0.565515,4.6872,4.06315e+06,2.78055e+06,1.22622e+07,0,365159,0,0,62.338,61.3098,4.07129,0,1,1.38274,1.38274,0,1.06823,1.90512,8.44406e+06,3.71658e+06,1.1676e+07,0,345523,0,0
84.7439,85.1408,2.92213,0,0.04,3.01813,3.01813,0,0.565557,4.6872,4.06315e+06,2.78055e+06,1.22631e+07,0,365186,0,0,62.338,61.3098,3.97804,0,1,1.38285,1.38285,0,1.06831,1.90512,8.44406e+06,3.71658e+06,1.16768e+07,0,345549,0,0
84.3339,85.1408,2.78123,0,0.04,3.01836,3.01836,0,0.565598,4.6872,4.06315e+06,2.78055e+06,1.2264e+07,0,365213,0,0,62.338,61.3098,4.1704,0,1,1.38295,1.38295,0,1.06839,1.90512,8.44406e+06,3.71658e+06,1.16777e+07,0,345574,0,0
82.9542,85.1408,1.77957,0,0.04,2.99154,2.99154,0,0.56564,4.6872,4.06315e+06,2.78055e+06,1.21551e+07,0,361969,0,0,62.338,61.3098,2.74812,0,1,1.42204,1.42204,0,1.06847,1.90512,8.44406e+06,3.71658e+06,1.20078e+07,0,355343,0,0
81.3655,85.1408,1.54864,0,0.04,2.99176,2.99176,0,0.560615,4.6872,4.06315e+06,2.78055e+06,1.2156e+07,0,361995,0,0,62.338,61.3098,2.41986,0,1,1.42214,1.42214,0,1.09867,1.90512,8.44406e+06,3.71658e+06,1.20087e+07,0,355369,0,0
79.6781,85.1408,1.43252,0,0.04,2.99198,2.99198,0,0.560656,4.6872,4.06315e+06,2.78055e+06,1.21569e+07,0,362022,0,0,62.2793,61.3098,2.25994,0,1,1.42225,1.42225,0,1.09875,1.90512,8.44406e+06,3.71658e+06,1.20095e+07,0,355395,0,0
77.9441,85.1408,1.3669,0,0.04,2.9922,2.9922,0,0.560698,4.6872,4.06315e+06,2.78055e+06,1.21578e+07,0,362049,0,0,62.2072,61.3098,2.11849,0,1,1.42235,1.42235,0,1.09883,1.90512,8.44406e+06,3.71658e+06,1.20104e+07,0,355421,0,0
76.1424,85.1408,1.31395,0,0.04,3.06226,3.06226,0,0.560739,4.6872,4.06315e+06,2.78055e+06,1.24424e+07,0,370525,0,0,62.0747,61.3098,1.91839,0,1,1.45722,1.45722,0,1.09891,1.90512,8.44406e+06,3.71658e+06,1.23048e+07,0,364133,0,0
74.3267,85.1408,1.27749,0.01,0.04,3.06249,3.06249,0,0.573868,4.6872,4.06315e+06,2.78055e+06,1.24433e+07,0,370553,0,0,61.8204,61.3098,1.9944,0,1,1.45732,1.45732,0,1.12584,1.90512,8.44406e+06,3.71658e+06,1.23057e+07,0,364159,0,0
72.4192,85.1408,1.16311,0.02,0.04,3.06271,3.06271,0,0.57391,4.6872,4.06315e+06,2.78055e+06,1.24443e+07,0,370580,0,0,61.6099,61.3098,1.73572,0,1,1.45743,1.45743,0,1.12593,1.90512,8.44406e+06,3.71658e+06,1.23066e+07,0,364186,0,0
70.675,85.1408,1.30535,0.02,0.04,3.06294,3.06294,0,0.573952,4.6872,4.06315e+06,2.78055e+06,1.24452e+07,0,370607,0,0,61.5191,61.3098,2.27604,0,1,1.45754,1.45754,0,1.12601,1.90512,8.44406e+06,3.71658e+06,1.23075e+07,0,364213,0,0
68.7443,85.1408,1.26629,0.02,0.04,3.26774,3.26774,0,0.573994,4.6872,4.06315e+06,2.78055e+06,1.32773e+07,0,395387,0,0,61.1651,61.3098,2.16569,0,1,1.58314,1.58314,0,1.12609,1.90512,8.44406e+06,3.71658e+06,1.33681e+07,0,395599,0,0
66.5684,85.1408,0.998529,0.02,0.04,3.26798,3.26798,0,0.612374,4.6872,4.06315e+06,2.78055e+06,1.32783e+07,0,395417,0,0,60.7768,61.3098,1.60993,0,1,1.58326,1.58326,0,1.22313,1.90512,8.44406e+06,3.71658e+06,1.33691e+07,0,395628,0,0
64.5045,85.1408,1.10908,0.04,0.04,3.26822,3.26822,0,0.612419,4.6872,4.06315e+06,2.78055e+06,1.32793e+07,0,395446,0,0,60.2525,61.3098,1.99665,0,1,1.58337,1.58337,0,1.22322,1.90512,8.44406e+06,3.71658e+06,1.33701e+07,0,395657,0,0
62.2621,85.1408,0.906687,0.04,0.04,3.26846,3.26846,0,0.612464,4.6872,4.06315e+06,2.78055e+06,1.32802e+07,0,395475,0,0,59.8155,61.3098,1.40291,0,1,1.58349,1.58349,0,1.22331,1.90512,8.44406e+06,3.71658e+06,1.33711e+07,0,395687,0,0
60.2456,85.1408,1.09987,0.04,0.04,3.2687,3.2687,0,0.612509,4.6872,4.06315e+06,2.78055e+06,1.32812e+07,0,395504,0,0,59.6753,61.3098,2.57775,0,1,1.58361,1.58361,0,1.2234,1.90512,8.44406e+06,3.71658e+06,1.33721e+07,0,395716,0,0
58.0065,85.1408,0.818984,0.04,0.04,3.1692,3.1692,0,0.612554,4.6872,4.06315e+06,2.78055e+06,1.28769e+07,0,383465,0,0,59.2708,61.3098,2.03041,0,1,1.50752,1.50752,0,1.22349,1.90512,8.44406e+06,3.71658e+06,1.27296e+07,0,376704,0,0
55.5514,85.1408,0.555112,0.04,0.04,3.16943,3.16943,0,0.593908,4.6872,4.06315e+06,2.78055e+06,1.28779e+07,0,383493,0,0,58.9158,61.3098,1.42551,0,1,1.50763,1.50763,0,1.16471,1.90512,8.44406e+06,3.71658e+06,1.27306e+07,0,376731,0,0
53.2855,85.1408,0.746162,0.04,0.04,3.16967,3.16967,0,0.593952,4.6872,4.06315e+06,2.78055e+06,1.28788e+07,0,383521,0,0,58.6856,61.3098,1.71792,0,1,1.50775,1.50775,0,1.1648,1.90512,8.44406e+06,3.71658e+06,1.27315e+07,0,376759,0,0
52.1149,85.1408,1.90869,0.04,0.04,3.1699,3.1699,0,0.593996,4.6872,4.06315e+06,2.78055e+06,1.28798e+07,0,383549,0,0,58.7664,61.3098,3.71055,0,1,1.50786,1.50786,0,1.16488,1.90512,8.44406e+06,3.71658e+06,1.27324e+07,0,376787,0,0
50.3582,85.1408,1.22992,0.04,0.04,3.08824,3.08824,0,0.594039,4.6872,4.06315e+06,2.78055e+06,1.2548e+07,0,373669,0,0,58.6453,61.3098,1.9098,0,1,1.43859,1.43859,0,1.16497,1.90512,8.44406e+06,3.71658e+06,1.21475e+07,0,359477,0,0
50.2743,85.1408,2.89616,0.05,0.04,3.08847,3.08847,0,0.578736,4.6872,4.06315e+06,2.78055e+06,1.25489e+07,0,373696,0,0,58.9594,61.3098,2.33643,0,1,1.43869,1.43869,0,1.11145,1.90512,8.44406e+06,3.71658e+06,1.21484e+07,0,359504,0,0
50.4234,85.1408,3.19583,0.05,0.04,3.0887,3.0887,0,0.578779,4.6872,4.06315e+06,2.78055e+06,1.25498e+07,0,373724,0,0,59.2,61.3098,2.34974,0,1,1.4388,1.4388,0,1.11153,1.90512,8.44406e+06,3.71658e+06,1.21493e+07,0,359530,0,0
51.0048,85.1408,3.68127,0.05,0.04,3.08892,3.08892,0,0.578822,4.6872,4.06315e+06,2.78055e+06,1.25508e+07,0,373751,0,0,60.0517,61.3098,3.07078,0,1,1.4389,1.4389,0,1.11162,1.90512,8.44406e+06,3.71658e+06,1.21502e+07,0,359557,0,0
51.5669,85.1408,3.48047,0.06,0.04,2.76105,2.8565,0,0.578864,4.6872,4.06315e+06,2.78055e+06,1.12186e+07,0,345629,0,0,61.2576,61.3098,3.62727,0,1,1.38991,1.29447,0,1.1117,1.90512,8.44406e+06,3.71658e+06,1.17365e+07,0,323464,0,0
52.4877,85.1408,3.84735,0.04,0.04,2.85671,2.85671,0,0.517421,4.6872,4.06315e+06,2.78055e+06,1.16073e+07,0,345654,0,0,61.9583,61.3098,4.09183,0,1,1.29456,1.29456,0,1.07385,1.90512,8.44406e+06,3.71658e+06,1.09313e+07,0,323488,0,0
53.7571,85.1408,4.32507,0.04,0.04,2.85692,2.85692,0,0.535348,4.6872,4.06315e+06,2.78055e+06,1.16081e+07,0,345680,0,0,62.338,61.3098,4.01072,0,1,1.29466,1.29466,0,1.00018,1.90512,8.44406e+06,3.71658e+06,1.09321e+07,0,323512,0,0
55.991,85.1408,5.3528,0.04,0.04,2.85713,2.85713,0,0.535387,4.6872,4.06315e+06,2.78055e+06,1.1609e+07,0,345705,0,0,62.338,61.3098,7.6021,0,1,1.29475,1.29475,0,1.00025,1.90512,8.44406e+06,3.71658e+06,1.0933e+07,0,323536,0,0
59.9671,85.1408,7.2904,0.04,0.04,2.85734,2.85734,0,0.535427,4.6872,4.06315e+06,2.78055e+06,1.16098e+07,0,345731,0,0,62.338,61.3098,9.51204,0,1,1.29485,1.29485,0,1.00032,1.90512,8.44406e+06,3.71658e+06,1.09338e+07,0,323560,0,0
64.9728,85.1408,8.4833,0.03,0.04,2.85734,2.85734,0,0.535466,4.6872,4.06315e+06,2.78055e+06,1.16098e+07,0,345731,0,0,62.338,61.3098,8.57487,0,1,1.29485,1.29485,0,1.0004,1.90512,8.44406e+06,3.71658e+06,1.09338e+07,0,323560,0,0
68.2726,85.1408,6.69129,0.03,0.06,2.94707,2.94707,0,0.535466,4.6872,4.06315e+06,2.78055e+06,1.19744e+07,0,356587,0,0,62.338,61.3098,6.88774,0,1,1.33681,1.33681,0,1.0004,1.90512,8.44406e+06,3.71658e+06,1.12881e+07,0,334046,0,0
69.875,85.1408,4.95477,0.01,0.06,2.94727,2.94727,0,0.552281,4.6872,4.06315e+06,2.78055e+06,1.19752e+07,0,356612,0,0,62.338,61.3098,6.02885,0,1,1.3369,1.3369,0,1.03282,1.90512,8.44406e+06,3.71658e+06,1.12889e+07,0,334068,0,0
71.8126,85.1408,5.32536,0.02,0.06,2.94747,2.94747,0,0.552318,4.6872,4.06315e+06,2.78055e+06,1.1976e+07,0,356636,0,0,62.338,61.3098,6.37917,0,1,1.33699,1.33699,0,1.03289,1.90512,8.44406e+06,3.71658e+06,1.12896e+07,0,334091,0,0
73.9568,85.1408,5.55952,0.02,0.06,2.94767,2.94767,0,0.552356,4.6872,4.06315e+06,2.78055e+06,1.19768e+07,0,356660,0,0,62.338,61.3098,6.38888,0,1,1.33708,1.33708,0,1.03296,1.90512,8.44406e+06,3.71658e+06,1.12904e+07,0,334114,0,0
75.9623,85.1408,5.67379,0.02,0.06,3.2354,3.2354,0,0.552393,4.6872,4.06315e+06,2.78055e+06,1.31459e+07,0,391475,0,0,62.338,61.3098,5.01422,0,1,1.4944,1.4944,0,1.03303,1.90512,8.44406e+06,3.71658e+06,1.26188e+07,0,373424,0,0
78.2904,85.1408,5.97564,0.02,0.06,3.23562,3.23562,0,0.606314,4.6872,4.06315e+06,2.78055e+06,1.31468e+07,0,391501,0,0,62.338,61.3098,5.01068,0,1,1.4945,1.4945,0,1.15457,1.90512,8.44406e+06,3.71658e+06,1.26196e+07,0,373449,0,0
80.1317,85.1408,5.50692,0,0.06,3.23584,3.23584,0,0.606355,4.6872,4.06315e+06,2.78055e+06,1.31477e+07,0,391528,0,0,62.338,61.3098,4.77994,0,1,1.4946,1.4946,0,1.15465,1.90512,8.44406e+06,3.71658e+06,1.26205e+07,0,373475,0,0
81.5495,85.1408,5.08693,0,0.06,3.23606,3.23606,0,0.606396,4.6872,4.06315e+06,2.78055e+06,1.31486e+07,0,391554,0,0,62.338,61.3098,5.02106,0,1,1.4947,1.4947,0,1.15473,1.90512,8.44406e+06,3.71658e+06,1.26214e+07,0,373500,0,0
85.1408,85.1408,7.11976,0,0.06,2.82606,2.82606,0,0.606437,4.6872,4.06315e+06,2.78055e+06,1.14827e+07,0,341946,0,0,62.338,61.3098,7.8606,0,1,1.28375,1.28375,0,1.15481,1.90512,8.44406e+06,3.71658e+06,1.08401e+07,0,320787,0,0
85.1408,85.1408,6.62218,0,0.06,2.82625,2.82625,0,0.529604,4.6872,4.06315e+06,2.78055e+06,1.14835e+07,0,341969,0,0,62.338,61.3098,5.92903,0,1,1.28384,1.28384,0,0.991827,1.90512,8.44406e+06,3.71658e+06,1.08408e+07,0,320809,0,0
85.1408,85.1408,5.31764,0,0.06,2.82645,2.82645,0,0.52964,4.6872,4.06315e+06,2.78055e+06,1.14843e+07,0,341992,0,0,62.338,61.3098,4.20309,0,1,1.28393,1.28393,0,0.991894,1.90512,8.44406e+06,3.71658e+06,1.08415e+07,0,320831,0,0
85.1408,85.1408,3.70123,0,0.06,2.82664,2.82664,0,0.529676,4.6872,4.06315e+06,2.78055e+06,1.14851e+07,0,342016,0,0,62.338,61.3098,3.30427,0,1,1.28401,1.28401,0,0.991962,1.90512,8.44406e+06,3.71658e+06,1.08423e+07,0,320853,0,0
85.1408,85.1408,6.26958,0,0.06,2.82683,2.82683,0,0.529712,4.6872,4.06315e+06,2.78055e+06,1.14858e+07,0,342039,0,0,62.338,61.3098,4.42046,0,1,1.2841,1.2841,0,0.992029,1.90512,8.44406e+06,3.71658e+06,1.0843e+07,0,320874,0,0
85.1408,85.1408,6.94105,0,0.06,2.93032,2.93032,0,0.529748,4.6872,4.06315e+06,2.78055e+06,1.19063e+07,0,354560,0,0,62.338,61.3098,5.44988,0,1,1.33584,1.33584,0,0.992097,1.90512,8.44406e+06,3.71658e+06,1.12799e+07,0,333802,0,0
85.1408,85.1408,5.16665,0,0.06,2.93052,2.93052,0,0.549141,4.6872,4.06315e+06,2.78055e+06,1.19071e+07,0,354584,0,0,62.338,61.3098,3.75852,0,1,1.33593,1.33593,0,1.03207,1.90512,8.44406e+06,3.71658e+06,1.12807e+07,0,333825,0,0
85.1408,85.1408,4.92686,0,0.06,2.93071,2.93071,0,0.549179,4.6872,4.06315e+06,2.78055e+06,1.19079e+07,0,354609,0,0,62.338,61.3098,3.86632,0,1,1.33602,1.33602,0,1.03214,1.90512,8.44406e+06,3.71658e+06,1.12814e+07,0,333848,0,0
85.1408,85.1408,4.11411,0,0.06,2.93091,2.93091,0,0.549216,4.6872,4.06315e+06,2.78055e+06,1.19087e+07,0,354633,0,0,62.338,61.3098,3.11531,0,1,1.33611,1.33611,0,1.03221,1.90512,8.44406e+06,3.71658e+06,1.12822e+07,0,333871,0,0
85.1408,85.1408,3.35005,0,0.06,2.89072,2.89072,0,0.549253,4.6872,4.06315e+06,2.78055e+06,1.17454e+07,0,349769,0,0,62.338,61.3098,2.73131,0,1,1.31614,1.31614,0,1.03228,1.90512,8.44406e+06,3.71658e+06,1.11135e+07,0,328879,0,0
85.1408,85.1408,5.24914,0,0.06,2.89091,2.89091,0,0.54172,4.6872,4.06315e+06,2.78055e+06,1.17462e+07,0,349793,0,0,62.338,61.3098,3.24827,0,1,1.31623,1.31623,0,1.01685,1.90512,8.44406e+06,3.71658e+06,1.11143e+07,0,328902,0,0
85.1408,85.1408,3.33819,0,0.06,2.89111,2.89111,0,0.541757,4.6872,4.06315e+06,2.78055e+06,1.1747e+07,0,349816,0,0,62.338,61.3098,2.77205,0,1,1.31632,1.31632,0,1.01692,1.90512,8.44406e+06,3.71658e+06,1.1115e+07,0,328924,0,0
84.8462,85.1408,2.91196,0,0.06,2.89131,2.89131,0,0.541794,4.6872,4.06315e+06,2.78055e+06,1.17478e+07,0,349840,0,0,62.338,61.3098,2.33273,0,1,1.3164,1.3164,0,1.01699,1.90512,8.44406e+06,3.71658e+06,1.11158e+07,0,328947,0,0
85.0217,85.1408,3.43459,0,0.06,3.02867,3.02867,0,0.541831,4.6872,4.06315e+06,2.78055e+06,1.23059e+07,0,366460,0,0,62.338,61.3098,2.60198,0,1,1.38767,1.38767,0,1.01705,1.90512,8.44406e+06,3.71658e+06,1.17176e+07,0,346755,0,0
84.8454,85.1408,3.07009,0,0.06,3.02887,3.02887,0,0.567572,4.6872,4.06315e+06,2.78055e+06,1.23068e+07,0,366485,0,0,62.338,61.3098,2.39834,0,1,1.38777,1.38777,0,1.07211,1.90512,8.44406e+06,3.71658e+06,1.17184e+07,0,346778,0,0
84.6146,85.1408,3.00443,0,0.06,3.02908,3.02908,0,0.567611,4.6872,4.06315e+06,2.78055e+06,1.23076e+07,0,366510,0,0,62.338,61.3098,2.17387,0,1,1.38786,1.38786,0,1.07219,1.90512,8.44406e+06,3.71658e+06,1.17192e+07,0,346802,0,0
84.0295,85.1408,2.62505,0,0.06,3.02929,3.02929,0,0.567649,4.6872,4.06315e+06,2.78055e+06,1.23084e+07,0,366535,0,0,62.3049,61.3098,2.02737,0,1,1.38795,1.38795,0,1.07226,1.90512,8.44406e+06,3.71658e+06,1.172e+07,0,346825,0,0
83.1987,85.1408,2.33503,0,0.06,3.02949,3.02949,0,0.567688,4.6872,4.06315e+06,2.78055e+06,1.23093e+07,0,366560,0,0,62.2473,61.3098,2.28989,0,1,1.38805,1.38805,0,1.07233,1.90512,8.44406e+06,3.71658e+06,1.17208e+07,0,346849,0,0
82.188,85.1408,2.12145,0,0.06,3.00256,3.00256,0,0.567727,4.6872,4.06315e+06,2.78055e+06,1.21999e+07,0,363302,0,0,62.1459,61.3098,2.33773,0,1,1.42728,1.42728,0,1.07241,1.90512,8.44406e+06,3.71658e+06,1.2052e+07,0,356651,0,0
81.0452,85.1408,1.97151,0,0.06,3.00277,3.00277,0,0.56268,4.6872,4.06315e+06,2.78055e+06,1.22007e+07,0,363327,0,0,62.0016,61.3098,2.13489,0,1,1.42737,1.42737,0,1.10271,1.90512,8.44406e+06,3.71658e+06,1.20528e+07,0,356676,0,0
79.8605,85.1408,1.91033,0,0.06,3.00297,3.00297,0,0.562719,4.6872,4.06315e+06,2.78055e+06,1.22015e+07,0,363351,0,0,61.8126,61.3098,1.99056,0,1,1.42747,1.42747,0,1.10279,1.90512,8.44406e+06,3.71658e+06,1.20536e+07,0,356700,0,0
78.5549,85.1408,1.74797,0,0.06,3.00318,3.00318,0,0.562757,4.6872,4.06315e+06,2.78055e+06,1.22024e+07,0,363376,0,0,61.5864,61.3098,1.79053,0,1,1.42757,1.42757,0,1.10286,1.90512,8.44406e+06,3.71658e+06,1.20545e+07,0,356724,0,0
77.2446,85.1408,1.80735,0,0.06,3.07347,3.07347,0,0.562795,4.6872,4.06315e+06,2.78055e+06,1.2488e+07,0,371882,0,0,61.4541,61.3098,2.00457,0,1,1.46255,1.46255,0,1.10294,1.90512,8.44406e+06,3.71658e+06,1.23499e+07,0,365466,0,0
75.809,85.1408,1.65239,0,0.06,3.07368,3.07368,0,0.575969,4.6872,4.06315e+06,2.78055e+06,1.24888e+07,0,371907,0,0,61.2066,61.3098,1.98998,0,1,1.46265,1.46265,0,1.12997,1.90512,8.44406e+06,3.71658e+06,1.23507e+07,0,365491,0,0
74.2523,85.1408,1.5163,0.02,0.06,3.07389,3.07389,0,0.576008,4.6872,4.06315e+06,2.78055e+06,1.24897e+07,0,371933,0,0,60.9374,61.3098,1.73978,0,1,1.46275,1.46275,0,1.13004,1.90512,8.44406e+06,3.71658e+06,1.23515e+07,0,365516,0,0
72.7969,85.1408,1.59529,0.02,0.06,3.0741,3.0741,0,0.576047,4.6872,4.06315e+06,2.78055e+06,1.24905e+07,0,371958,0,0,60.738,61.3098,2.06163,0,1,1.46285,1.46285,0,1.13012,1.90512,8.44406e+06,3.71658e+06,1.23524e+07,0,365541,0,0
71.3586,85.1408,1.79234,0.03,0.06,3.27963,3.27963,0,0.576086,4.6872,4.06315e+06,2.78055e+06,1.33256e+07,0,396826,0,0,60.5234,61.3098,2.29455,0,1,1.5889,1.5889,0,1.1302,1.90512,8.44406e+06,3.71658e+06,1.34168e+07,0,397039,0,0
70.3656,85.1408,2.22707,0.03,0.06,3.27985,3.27985,0,0.614603,4.6872,4.06315e+06,2.78055e+06,1.33265e+07,0,396853,0,0,60.3563,61.3098,2.54652,0,1,1.58901,1.58901,0,1.22759,1.90512,8.44406e+06,3.71658e+06,1.34177e+07,0,397066,0,0
68.9721,85.1408,1.80888,0.02,0.06,3.28008,3.28008,0,0.614644,4.6872,4.06315e+06,2.78055e+06,1.33274e+07,0,396880,0,0,60.1353,61.3098,2.33074,0,1,1.58912,1.58912,0,1.22767,1.90512,8.44406e+06,3.71658e+06,1.34186e+07,0,397093,0,0
67.406,85.1408,1.63285,0.03,0.06,3.2803,3.2803,0,0.614686,4.6872,4.06315e+06,2.78055e+06,1.33284e+07,0,396907,0,0,59.8799,61.3098,2.20944,0,1,1.58923,1.58923,0,1.22775,1.90512,8.44406e+06,3.71658e+06,1.34195e+07,0,397120,0,0
65.6476,85.1408,1.38182,0.04,0.06,3.28052,3.28052,0,0.614728,4.6872,4.06315e+06,2.78055e+06,1.33293e+07,0,396934,0,0,59.8969,61.3098,3.3977,0,1,1.58934,1.58934,0,1.22784,1.90512,8.44406e+06,3.71658e+06,1.34204e+07,0,397147,0,0
63.6243,85.1408,0.990524,0.04,0.06,3.18065,3.18065,0,0.61477,4.6872,4.06315e+06,2.78055e+06,1.29234e+07,0,384850,0,0,59.5977,61.3098,1.84076,0,1,1.51297,1.51297,0,1.22792,1.90512,8.44406e+06,3.71658e+06,1.27756e+07,0,378064,0,0
61.5959,85.1408,0.960179,0.04,0.06,3.18086,3.18086,0,0.596053,4.6872,4.06315e+06,2.78055e+06,1.29243e+07,0,384876,0,0,59.266,61.3098,1.68793,0,1,1.51307,1.51307,0,1.16892,1.90512,8.44406e+06,3.71658e+06,1.27765e+07,0,378090,0,0
60.3959,85.1408,1.96691,0.04,0.06,3.18108,3.18108,0,0.596094,4.6872,4.06315e+06,2.78055e+06,1.29252e+07,0,384902,0,0,59.5042,61.3098,2.7137,0,1,1.51317,1.51317,0,1.169,1.90512,8.44406e+06,3.71658e+06,1.27773e+07,0,378116,0,0
60.206,85.1408,2.98227,0.04,0.06,3.1813,3.1813,0,0.596134,4.6872,4.06315e+06,2.78055e+06,1.29261e+07,0,384928,0,0,59.2156,61.3098,2.8488,0,1,1.51328,1.51328,0,1.16908,1.90512,8.44406e+06,3.71658e+06,1.27782e+07,0,378142,0,0
58.2908,85.1408,1.16005,0.04,0.06,3.09933,3.09933,0,0.596175,4.6872,4.06315e+06,2.78055e+06,1.2593e+07,0,375010,0,0,58.9024,61.3098,1.13076,0,1,1.44375,1.44375,0,1.16916,1.90512,8.44406e+06,3.71658e+06,1.21911e+07,0,360768,0,0
57.615,85.1408,2.43534,0.04,0.06,3.09954,3.09954,0,0.580814,4.6872,4.06315e+06,2.78055e+06,1.25939e+07,0,375036,0,0,58.9258,61.3098,2.48526,0,1,1.44385,1.44385,0,1.11544,1.90512,8.44406e+06,3.71658e+06,1.21919e+07,0,360792,0,0
59.2983,85.1408,4.9688,0.04,0.06,3.09975,3.09975,0,0.580853,4.6872,4.06315e+06,2.78055e+06,1.25947e+07,0,375061,0,0,59.552,61.3098,5.26765,0,1,1.44395,1.44395,0,1.11552,1.90512,8.44406e+06,3.71658e+06,1.21928e+07,0,360817,0,0
60.1531,85.1408,4.01983,0.04,0.06,3.09996,3.09996,0,0.580893,4.6872,4.06315e+06,2.78055e+06,1.25956e+07,0,375087,0,0,59.9243,61.3098,3.91595,0,1,1.44405,1.44405,0,1.11559,1.90512,8.44406e+06,3.71658e+06,1.21936e+07,0,360842,0,0
59.2712,85.1408,2.08355,0.04,0.06,2.86669,2.86669,0,0.580933,4.6872,4.06315e+06,2.78055e+06,1.16478e+07,0,346862,0,0,60.0073,61.3098,1.88727,0,1,1.29908,1.29908,0,1.11567,1.90512,8.44406e+06,3.71658e+06,1.09695e+07,0,324618,0,0
60.7997,85.1408,4.56969,0.04,0.06,2.86689,2.86689,0,0.537218,4.6872,4.06315e+06,2.78055e+06,1.16486e+07,0,346886,0,0,60.5289,61.3098,3.29592,0,1,1.29917,1.29917,0,1.00367,1.90512,8.44406e+06,3.71658e+06,1.09703e+07,0,324640,0,0
60.7971,85.1408,3.12413,0.04,0.06,2.86708,2.86708,0,0.537255,4.6872,4.06315e+06,2.78055e+06,1.16494e+07,0,346909,0,0,61.1547,61.3098,3.82007,0,1,1.29926,1.29926,0,1.00374,1.90512,8.44406e+06,3.71658e+06,1.0971e+07,0,324663,0,0
61.0836,85.1408,3.36407,0.03,0.06,2.86728,2.86728,0,0.537291,4.6872,4.06315e+06,2.78055e+06,1.16502e+07,0,346933,0,0,61.9633,61.3098,4.26958,0,1,1.29935,1.29935,0,1.00381,1.90512,8.44406e+06,3.71658e+06,1.09718e+07,0,324685,0,0
62.8819,85.1408,5.00975,0.03,0.06,2.86747,2.86747,0,0.537328,4.6872,4.06315e+06,2.78055e+06,1.1651e+07,0,346957,0,0,62.338,61.3098,4.70828,0,1,1.29944,1.29944,0,1.00388,1.90512,8.44406e+06,3.71658e+06,1.09725e+07,0,324707,0,0
66.5715,85.1408,7.23965,0.04,0.06,2.9575,2.9575,0,0.537365,4.6872,4.06315e+06,2.78055e+06,1.20168e+07,0,357850,0,0,62.338,61.3098,6.77295,0,1,1.34154,1.34154,0,1.00395,1.90512,8.44406e+06,3.71658e+06,1.13281e+07,0,335228,0,0
70.78,85.1408,8.02871,0.03,0.06,2.95769,2.95769,0,0.554236,4.6872,4.06315e+06,2.78055e+06,1.20175e+07,0,357872,0,0,62.338,61.3098,7.62254,0,1,1.34163,1.34163,0,1.03648,1.90512,8.44406e+06,3.71658e+06,1.13288e+07,0,335249,0,0
75.0704,85.1408,8.1132,0.02,0.06,2.95787,2.95787,0,0.55427,4.6872,4.06315e+06,2.78055e+06,1.20183e+07,0,357894,0,0,62.338,61.3098,8.5832,0,1,1.34171,1.34171,0,1.03654,1.90512,8.44406e+06,3.71658e+06,1.13295e+07,0,335270,0,0
85.1408,85.1408,15.5517,0.02,0.06,2.95806,2.95806,0,0.554305,4.6872,4.06315e+06,2.78055e+06,1.2019e+07,0,357917,0,0,62.338,61.3098,12.2656,0,1,1.3418,1.3418,0,1.03661,1.90512,8.44406e+06,3.71658e+06,1.13302e+07,0,335291,0,0
85.1408,85.1408,5.92915,0,0.06,3.24678,3.24678,0,0.55434,4.6872,4.06315e+06,2.78055e+06,1.31922e+07,0,392852,0,0,62.338,61.3098,5.25116,0,1,1.49966,1.49966,0,1.03667,1.90512,8.44406e+06,3.71658e+06,1.26632e+07,0,374738,0,0
85.1408,85.1408,6.04049,0,0.06,3.24699,3.24699,0,0.608447,4.6872,4.06315e+06,2.78055e+06,1.3193e+07,0,392876,0,0,62.338,61.3098,5.27677,0,1,1.49975,1.49975,0,1.15863,1.90512,8.44406e+06,3.71658e+06,1.2664e+07,0,374761,0,0
85.1408,85.1408,5.63114,0,0.06,3.24719,3.24719,0,0.608485,4.6872,4.06315e+06,2.78055e+06,1.31938e+07,0,392901,0,0,62.338,61.3098,4.8952,0,1,1.49984,1.49984,0,1.15871,1.90512,8.44406e+06,3.71658e+06,1.26648e+07,0,374785,0,0
85.1408,85.1408,5.82968,0,0.06,3.24739,3.24739,0,0.608523,4.6872,4.06315e+06,2.78055e+06,1.31946e+07,0,392926,0,0,62.338,61.3098,4.78358,0,1,1.49994,1.49994,0,1.15878,1.90512,8.44406e+06,3.71658e+06,1.26656e+07,0,374808,0,0
85.1408,85.1408,7.62563,0,0.06,2.83594,2.83594,0,0.608561,4.6872,4.06315e+06,2.78055e+06,1.15229e+07,0,343141,0,0,62.338,61.3098,6.35706,0,1,1.28824,1.28824,0,1.15885,1.90512,8.44406e+06,3.71658e+06,1.0878e+07,0,321909,0,0
85.1408,85.1408,6.14462,0,0.06,2.83612,2.83612,0,0.531456,4.6872,4.06315e+06,2.78055e+06,1.15236e+07,0,343163,0,0,62.338,61.3098,4.53173,0,1,1.28832,1.28832,0,0.995295,1.90512,8.44406e+06,3.71658e+06,1.08787e+07,0,321929,0,0
85.1408,85.1408,4.28636,0,0.06,2.8363,2.8363,0,0.531489,4.6872,4.06315e+06,2.78055e+06,1.15243e+07,0,343184,0,0,62.338,61.3098,3.48619,0,1,1.2884,1.2884,0,0.995357,1.90512,8.44406e+06,3.71658e+06,1.08793e+07,0,321949,0,0
85.1408,85.1408,5.92183,0,0.06,2.83647,2.83647,0,0.531522,4.6872,4.06315e+06,2.78055e+06,1.1525e+07,0,343206,0,0,62.338,61.3098,4.37016,0,1,1.28848,1.28848,0,0.995419,1.90512,8.44406e+06,3.71658e+06,1.088e+07,0,321969,0,0
85.1408,85.1408,3.62159,0,0.06,2.83665,2.83665,0,0.531555,4.6872,4.06315e+06,2.78055e+06,1.15257e+07,0,343227,0,0,62.338,61.3098,2.51088,0,1,1.28856,1.28856,0,0.995482,1.90512,8.44406e+06,3.71658e+06,1.08807e+07,0,321989,0,0
85.1408,85.1408,4.40052,0,0.06,2.94048,2.94048,0,0.531589,4.6872,4.06315e+06,2.78055e+06,1.19476e+07,0,355790,0,0,61.8437,61.3098,2.9152,0,1,1.34047,1.34047,0,0.995544,1.90512,8.44406e+06,3.71658e+06,1.1319e+07,0,334961,0,0
84.8508,85.1408,3.06542,0,0.06,2.94067,2.94067,0,0.551046,4.6872,4.06315e+06,2.78055e+06,1.19484e+07,0,355813,0,0,62.1279,61.3098,1.84483,0,1,1.34056,1.34056,0,1.03565,1.90512,8.44406e+06,3.71658e+06,1.13197e+07,0,334982,0,0
85.1408,85.1408,3.87738,0,0.06,2.94085,2.94085,0,0.551081,4.6872,4.06315e+06,2.78055e+06,1.19491e+07,0,355835,0,0,62.338,61.3098,4.07035,0,1,1.34064,1.34064,0,1.03571,1.90512,8.44406e+06,3.71658e+06,1.13204e+07,0,335002,0,0
84.9311,85.1408,3.17143,0,0.06,2.94103,2.94103,0,0.551115,4.6872,4.06315e+06,2.78055e+06,1.19499e+07,0,355857,0,0,62.2905,61.3098,2.7263,0,1,1.34072,1.34072,0,1.03578,1.90512,8.44406e+06,3.71658e+06,1.13211e+07,0,335023,0,0
84.4007,85.1408,2.74826,0,0.06,2.90068,2.90068,0,0.55115,4.6872,4.06315e+06,2.78055e+06,1.17859e+07,0,350975,0,0,62.338,61.3098,2.38002,0,1,1.32067,1.32067,0,1.03584,1.90512,8.44406e+06,3.71658e+06,1.11518e+07,0,330013,0,0
83.8229,85.1408,2.64732,0,0.06,2.90086,2.90086,0,0.543588,4.6872,4.06315e+06,2.78055e+06,1.17866e+07,0,350997,0,0,62.338,61.3098,2.48339,0,1,1.32076,1.32076,0,1.02035,1.90512,8.44406e+06,3.71658e+06,1.11525e+07,0,330034,0,0
83.067,85.1408,2.44984,0,0.06,2.90104,2.90104,0,0.543622,4.6872,4.06315e+06,2.78055e+06,1.17874e+07,0,351019,0,0,62.3075,61.3098,2.32107,0,1,1.32084,1.32084,0,1.02042,1.90512,8.44406e+06,3.71658e+06,1.11532e+07,0,330054,0,0
82.4178,85.1408,2.55692,0,0.06,2.90123,2.90123,0,0.543656,4.6872,4.06315e+06,2.78055e+06,1.17881e+07,0,351041,0,0,62.3333,61.3098,2.32448,0,1,1.32092,1.32092,0,1.02048,1.90512,8.44406e+06,3.71658e+06,1.11539e+07,0,330075,0,0
81.4019,85.1408,2.29123,0,0.06,3.03904,3.03904,0,0.54369,4.6872,4.06315e+06,2.78055e+06,1.23481e+07,0,367716,0,0,62.1367,61.3098,2.1879,0,1,1.39242,1.39242,0,1.02054,1.90512,8.44406e+06,3.71658e+06,1.17577e+07,0,347943,0,0
80.2927,85.1408,2.08601,0,0.06,3.03923,3.03923,0,0.569516,4.6872,4.06315e+06,2.78055e+06,1.23489e+07,0,367739,0,0,62.1478,61.3098,1.94209,0,1,1.39251,1.39251,0,1.07579,1.90512,8.44406e+06,3.71658e+06,1.17584e+07,0,347964,0,0
79.1103,85.1408,1.99588,0,0.06,3.03942,3.03942,0,0.569552,4.6872,4.06315e+06,2.78055e+06,1.23496e+07,0,367762,0,0,62.2431,61.3098,1.9229,0,1,1.3926,1.3926,0,1.07585,1.90512,8.44406e+06,3.71658e+06,1.17592e+07,0,347986,0,0
77.8523,85.1408,1.90686,0,0.06,3.03961,3.03961,0,0.569588,4.6872,4.06315e+06,2.78055e+06,1.23504e+07,0,367785,0,0,62.338,61.3098,2.03485,0,1,1.39269,1.39269,0,1.07592,1.90512,8.44406e+06,3.71658e+06,1.17599e+07,0,348008,0,0
76.4543,85.1408,1.73372,0,0.06,3.0398,3.0398,0,0.569623,4.6872,4.06315e+06,2.78055e+06,1.23512e+07,0,367808,0,0,62.338,61.3098,2.13494,0,1,1.39277,1.39277,0,1.07599,1.90512,8.44406e+06,3.71658e+06,1.17607e+07,0,348030,0,0
75.0329,85.1408,1.63919,0.01,0.06,3.01277,3.01277,0,0.569659,4.6872,4.06315e+06,2.78055e+06,1.22413e+07,0,364537,0,0,62.338,61.3098,2.16722,0,1,1.43213,1.43213,0,1.07606,1.90512,8.44406e+06,3.71658e+06,1.2093e+07,0,357863,0,0
73.4966,85.1408,1.51228,0.01,0.06,3.01295,3.01295,0,0.564592,4.6872,4.06315e+06,2.78055e+06,1.22421e+07,0,364559,0,0,62.2475,61.3098,2.14528,0,1,1.43222,1.43222,0,1.10646,1.90512,8.44406e+06,3.71658e+06,1.20937e+07,0,357886,0,0
71.8445,85.1408,1.38097,0.01,0.06,3.01314,3.01314,0,0.564628,4.6872,4.06315e+06,2.78055e+06,1.22429e+07,0,364582,0,0,62.1094,61.3098,1.91118,0,1,1.43231,1.43231,0,1.10653,1.90512,8.44406e+06,3.71658e+06,1.20945e+07,0,357908,0,0
70.0874,85.1408,1.24099,0.02,0.06,3.01333,3.01333,0,0.564663,4.6872,4.06315e+06,2.78055e+06,1.22436e+07,0,364605,0,0,61.7122,61.3098,1.79044,0,1,1.4324,1.4324,0,1.1066,1.90512,8.44406e+06,3.71658e+06,1.20952e+07,0,357931,0,0
68.2599,85.1408,1.22076,0.02,0.06,3.08385,3.08385,0,0.564698,4.6872,4.06315e+06,2.78055e+06,1.25302e+07,0,373138,0,0,61.3575,61.3098,1.63752,0,1,1.46749,1.46749,0,1.10667,1.90512,8.44406e+06,3.71658e+06,1.23916e+07,0,366700,0,0
66.3586,85.1408,1.11559,0.02,0.06,3.08404,3.08404,0,0.577914,4.6872,4.06315e+06,2.78055e+06,1.25309e+07,0,373161,0,0,60.7864,61.3098,1.59272,0,1,1.46758,1.46758,0,1.13378,1.90512,8.44406e+06,3.71658e+06,1.23923e+07,0,366723,0,0
64.3869,85.1408,1.02386,0.04,0.06,3.08424,3.08424,0,0.57795,4.6872,4.06315e+06,2.78055e+06,1.25317e+07,0,373184,0,0,60.3481,61.3098,1.40247,0,1,1.46767,1.46767,0,1.13385,1.90512,8.44406e+06,3.71658e+06,1.23931e+07,0,366746,0,0
62.4974,85.1408,1.07689,0.04,0.06,3.08443,3.08443,0,0.577986,4.6872,4.06315e+06,2.78055e+06,1.25325e+07,0,373208,0,0,59.9817,61.3098,1.65532,0,1,1.46776,1.46776,0,1.13392,1.90512,8.44406e+06,3.71658e+06,1.23939e+07,0,366769,0,0
60.4295,85.1408,1.07527,0.04,0.06,3.29063,3.29063,0,0.578022,4.6872,4.06315e+06,2.78055e+06,1.33703e+07,0,398158,0,0,59.4539,61.3098,1.64647,0,1,1.59423,1.59423,0,1.134,1.90512,8.44406e+06,3.71658e+06,1.34618e+07,0,398371,0,0
58.2787,85.1408,0.978166,0.04,0.06,3.29084,3.29084,0,0.616664,4.6872,4.06315e+06,2.78055e+06,1.33712e+07,0,398183,0,0,58.9913,61.3098,1.53463,0,1,1.59433,1.59433,0,1.2317,1.90512,8.44406e+06,3.71658e+06,1.34626e+07,0,398396,0,0
56.2827,85.1408,1.10582,0.05,0.06,3.29104,3.29104,0,0.616703,4.6872,4.06315e+06,2.78055e+06,1.3372e+07,0,398208,0,0,58.5132,61.3098,1.63047,0,1,1.59443,1.59443,0,1.23178,1.90512,8.44406e+06,3.71658e+06,1.34635e+07,0,398421,0,0
54.3041,85.1408,1.08984,0.05,0.06,3.29125,3.29125,0,0.616742,4.6872,4.06315e+06,2.78055e+06,1.33728e+07,0,398232,0,0,58.0274,61.3098,1.60937,0,1,1.59453,1.59453,0,1.23186,1.90512,8.44406e+06,3.71658e+06,1.34643e+07,0,398446,0,0
52.4033,85.1408,1.15414,0.05,0.06,3.29146,3.29146,0,0.61678,4.6872,4.06315e+06,2.78055e+06,1.33737e+07,0,398257,0,0,57.7532,61.3098,1.56135,0,1,1.59463,1.59463,0,1.23194,1.90512,8.44406e+06,3.71658e+06,1.34652e+07,0,398471,0,0
50.8386,85.1408,1.38743,0.05,0.06,3.19123,3.19123,0,0.616819,4.6872,4.06315e+06,2.78055e+06,1.29665e+07,0,386130,0,0,57.9099,61.3098,2.62164,0,1,1.518,1.518,0,1.23201,1.90512,8.44406e+06,3.71658e+06,1.28181e+07,0,379322,0,0
49.1479,85.1408,1.22417,0.07,0.06,3.17508,3.19143,0,0.598037,4.6872,4.06315e+06,2.78055e+06,1.29008e+07,0,386154,0,0,57.432,61.3098,1.80161,0,1,1.53445,1.5181,0,1.17281,1.90512,8.44406e+06,3.71658e+06,1.2957e+07,0,379346,0,0
47.2701,85.1408,1.00231,0.07,0.06,3.17538,3.19163,0,0.59501,4.6872,4.06315e+06,2.78055e+06,1.2902e+07,0,386179,0,0,57.1184,61.3098,1.43036,0,1,1.53445,1.51819,0,1.18551,1.90512,8.44406e+06,3.71658e+06,1.2957e+07,0,379370,0,0
45.9579,85.1408,1.64304,0.05,0.06,3.19183,3.19183,0,0.595065,4.6872,4.06315e+06,2.78055e+06,1.29689e+07,0,386203,0,0,57.0756,61.3098,1.93008,0,1,1.51829,1.51829,0,1.18551,1.90512,8.44406e+06,3.71658e+06,1.28205e+07,0,379394,0,0
45.5872,85.1408,2.5156,0.05,0.06,3.10957,3.10957,0,0.598149,4.6872,4.06315e+06,2.78055e+06,1.26347e+07,0,376250,0,0,56.8492,61.3098,1.79944,0,1,1.44852,1.44852,0,1.17303,1.90512,8.44406e+06,3.71658e+06,1.22314e+07,0,361960,0,0
44.7315,85.1408,2.02052,0.05,0.06,3.10977,3.10977,0,0.582734,4.6872,4.06315e+06,2.78055e+06,1.26355e+07,0,376273,0,0,56.6628,61.3098,1.52023,0,1,1.44861,1.44861,0,1.11913,1.90512,8.44406e+06,3.71658e+06,1.22322e+07,0,361983,0,0
45.6491,85.1408,3.78512,0.06,0.06,3.02422,3.10996,0,0.58277,4.6872,4.06315e+06,2.78055e+06,1.22879e+07,0,376297,0,0,57.1878,61.3098,4.50245,0,1,1.53444,1.4487,0,1.1192,1.90512,8.44406e+06,3.71658e+06,1.29569e+07,0,362006,0,0
49.502,85.1408,6.96162,0.05,0.06,3.11016,3.11016,0,0.566739,4.6872,4.06315e+06,2.78055e+06,1.2637e+07,0,376321,0,0,58.8248,61.3098,5.47299,0,1,1.44879,1.44879,0,1.18551,1.90512,8.44406e+06,3.71658e+06,1.22337e+07,0,362028,0,0
52.1748,85.1408,5.57988,0.05,0.06,2.87611,2.87611,0,0.582843,4.6872,4.06315e+06,2.78055e+06,1.16861e+07,0,348001,0,0,59.4664,61.3098,2.68587,0,1,1.30335,1.30335,0,1.11934,1.90512,8.44406e+06,3.71658e+06,1.10056e+07,0,325684,0,0
54.8517,85.1408,5.65619,0.04,0.06,2.87629,2.87629,0,0.538982,4.6872,4.06315e+06,2.78055e+06,1.16868e+07,0,348023,0,0,60.0523,61.3098,2.5951,0,1,1.30343,1.30343,0,1.00697,1.90512,8.44406e+06,3.71658e+06,1.10062e+07,0,325705,0,0
56.5172,85.1408,4.73437,0.04,0.06,2.87647,2.87647,0,0.539016,4.6872,4.06315e+06,2.78055e+06,1.16875e+07,0,348045,0,0,60.1561,61.3098,3.05936,0,1,1.30351,1.30351,0,1.00703,1.90512,8.44406e+06,3.71658e+06,1.10069e+07,0,325725,0,0
56.6087,85.1408,3.06765,0.04,0.06,2.87665,2.87665,0,0.53905,4.6872,4.06315e+06,2.78055e+06,1.16882e+07,0,348066,0,0,60.2134,61.3098,1.66091,0,1,1.30359,1.30359,0,1.00709,1.90512,8.44406e+06,3.71658e+06,1.10076e+07,0,325746,0,0
57.8964,85.1408,4.36632,0.04,0.06,2.87683,2.87683,0,0.539084,4.6872,4.06315e+06,2.78055e+06,1.1689e+07,0,348088,0,0,60.5065,61.3098,2.32889,0,1,1.30368,1.30368,0,1.00716,1.90512,8.44406e+06,3.71658e+06,1.10083e+07,0,325766,0,0
60.1844,85.1408,5.70025,0.04,0.06,2.96713,2.96713,0,0.539117,4.6872,4.06315e+06,2.78055e+06,1.20559e+07,0,359015,0,0,61.2808,61.3098,3.6344,0,1,1.34591,1.34591,0,1.00722,1.90512,8.44406e+06,3.71658e+06,1.1365e+07,0,336320,0,0
62.7239,85.1408,5.90298,0.04,0.06,2.9673,2.9673,0,0.556041,4.6872,4.06315e+06,2.78055e+06,1.20566e+07,0,359036,0,0,62.1076,61.3098,4.54355,0,1,1.34599,1.34599,0,1.03985,1.90512,8.44406e+06,3.71658e+06,1.13656e+07,0,336339,0,0
64.8583,85.1408,5.54987,0.04,0.06,2.96747,2.96747,0,0.556072,4.6872,4.06315e+06,2.78055e+06,1.20573e+07,0,359056,0,0,62.338,61.3098,4.46764,0,1,1.34607,1.34607,0,1.03991,1.90512,8.44406e+06,3.71658e+06,1.13663e+07,0,336358,0,0
66.8537,85.1408,5.3333,0.04,0.06,2.96764,2.96764,0,0.556104,4.6872,4.06315e+06,2.78055e+06,1.2058e+07,0,359077,0,0,62.338,61.3098,2.95306,0,1,1.34614,1.34614,0,1.03997,1.90512,8.44406e+06,3.71658e+06,1.13669e+07,0,336378,0,0
67.9795,85.1408,4.72212,0.04,0.06,3.25729,3.25729,0,0.556136,4.6872,4.06315e+06,2.78055e+06,1.32348e+07,0,394123,0,0,62.338,61.3098,3.55562,0,1,1.50451,1.50451,0,1.04003,1.90512,8.44406e+06,3.71658e+06,1.27041e+07,0,375950,0,0
68.8471,85.1408,4.48854,0.04,0.06,3.25747,3.25747,0,0.610415,4.6872,4.06315e+06,2.78055e+06,1.32356e+07,0,394145,0,0,62.338,61.3098,5.94587,0,1,1.50459,1.50459,0,1.16238,1.90512,8.44406e+06,3.71658e+06,1.27049e+07,0,375972,0,0
69.7799,85.1408,4.67842,0.02,0.06,3.25766,3.25766,0,0.61045,4.6872,4.06315e+06,2.78055e+06,1.32364e+07,0,394168,0,0,62.338,61.3098,4.33009,0,1,1.50468,1.50468,0,1.16245,1.90512,8.44406e+06,3.71658e+06,1.27056e+07,0,375993,0,0
74.0653,85.1408,8.12296,0.02,0.06,3.25785,3.25785,0,0.610485,4.6872,4.06315e+06,2.78055e+06,1.32371e+07,0,394190,0,0,62.338,61.3098,6.36166,0,1,1.50477,1.50477,0,1.16252,1.90512,8.44406e+06,3.71658e+06,1.27063e+07,0,376015,0,0
75.7671,85.1408,5.10267,0.02,0.06,2.84506,2.84506,0,0.61052,4.6872,4.06315e+06,2.78055e+06,1.15599e+07,0,344244,0,0,62.338,61.3098,5.11768,0,1,1.29238,1.29238,0,1.16258,1.90512,8.44406e+06,3.71658e+06,1.09129e+07,0,322943,0,0
76.8651,85.1408,4.40756,0.02,0.06,2.84522,2.84522,0,0.533163,4.6872,4.06315e+06,2.78055e+06,1.15606e+07,0,344264,0,0,62.338,61.3098,3.53477,0,1,1.29245,1.29245,0,0.998493,1.90512,8.44406e+06,3.71658e+06,1.09136e+07,0,322962,0,0
77.2238,85.1408,3.64035,0,0.06,2.84538,2.84538,0,0.533194,4.6872,4.06315e+06,2.78055e+06,1.15612e+07,0,344283,0,0,62.338,61.3098,3.19192,0,1,1.29253,1.29253,0,0.99855,1.90512,8.44406e+06,3.71658e+06,1.09142e+07,0,322980,0,0
79.4079,85.1408,5.68299,0,0.06,2.84554,2.84554,0,0.533224,4.6872,4.06315e+06,2.78055e+06,1.15619e+07,0,344303,0,0,62.338,61.3098,4.95382,0,1,1.2926,1.2926,0,0.998607,1.90512,8.44406e+06,3.71658e+06,1.09148e+07,0,322999,0,0
82.7627,85.1408,7.00479,0,0.06,2.84571,2.84571,0,0.533255,4.6872,4.06315e+06,2.78055e+06,1.15625e+07,0,344323,0,0,62.338,61.3098,6.08696,0,1,1.29268,1.29268,0,0.998665,1.90512,8.44406e+06,3.71658e+06,1.09154e+07,0,323017,0,0
85.1408,85.1408,6.44461,0,0.06,2.94985,2.94985,0,0.533285,4.6872,4.06315e+06,2.78055e+06,1.19857e+07,0,356924,0,0,62.338,61.3098,6.09869,0,1,1.34474,1.34474,0,0.998722,1.90512,8.44406e+06,3.71658e+06,1.13551e+07,0,336028,0,0
85.1408,85.1408,5.4266,0,0.06,2.95002,2.95002,0,0.552802,4.6872,4.06315e+06,2.78055e+06,1.19864e+07,0,356945,0,0,62.338,61.3098,5.68261,0,1,1.34482,1.34482,0,1.03895,1.90512,8.44406e+06,3.71658e+06,1.13557e+07,0,336047,0,0
85.1408,85.1408,4.88809,0,0.06,2.95019,2.95019,0,0.552834,4.6872,4.06315e+06,2.78055e+06,1.19871e+07,0,356965,0,0,62.338,61.3098,5.23216,0,1,1.3449,1.3449,0,1.03901,1.90512,8.44406e+06,3.71658e+06,1.13564e+07,0,336066,0,0
85.1408,85.1408,5.5569,0,0.06,2.95036,2.95036,0,0.552866,4.6872,4.06315e+06,2.78055e+06,1.19878e+07,0,356985,0,0,62.338,61.3098,5.22904,0,1,1.34497,1.34497,0,1.03907,1.90512,8.44406e+06,3.71658e+06,1.1357e+07,0,336086,0,0
85.1408,85.1408,3.6568,0,0.06,2.90986,2.90986,0,0.552897,4.6872,4.06315e+06,2.78055e+06,1.18232e+07,0,352085,0,0,62.338,61.3098,4.03122,0,1,1.32485,1.32485,0,1.03913,1.90512,8.44406e+06,3.71658e+06,1.11871e+07,0,331058,0,0
85.1408,85.1408,3.32081,0,0.06,2.91003,2.91003,0,0.545308,4.6872,4.06315e+06,2.78055e+06,1.18239e+07,0,352106,0,0,62.338,61.3098,3.93754,0,1,1.32493,1.32493,0,1.02358,1.90512,8.44406e+06,3.71658e+06,1.11878e+07,0,331077,0,0
84.8101,85.1408,2.94076,0,0.06,2.9102,2.9102,0,0.545339,4.6872,4.06315e+06,2.78055e+06,1.18246e+07,0,352126,0,0,62.338,61.3098,4.25814,0,1,1.32501,1.32501,0,1.02364,1.90512,8.44406e+06,3.71658e+06,1.11884e+07,0,331096,0,0
84.5373,85.1408,2.98886,0,0.06,2.91036,2.91036,0,0.545371,4.6872,4.06315e+06,2.78055e+06,1.18252e+07,0,352146,0,0,62.338,61.3098,3.56225,0,1,1.32508,1.32508,0,1.0237,1.90512,8.44406e+06,3.71658e+06,1.11891e+07,0,331115,0,0
84.1727,85.1408,3.02511,0,0.06,3.0486,3.0486,0,0.545402,4.6872,4.06315e+06,2.78055e+06,1.23869e+07,0,368872,0,0,62.338,61.3098,3.51524,0,1,1.3968,1.3968,0,1.02376,1.90512,8.44406e+06,3.71658e+06,1.17947e+07,0,349036,0,0
83.5896,85.1408,2.65532,0,0.06,3.04877,3.04877,0,0.571307,4.6872,4.06315e+06,2.78055e+06,1.23876e+07,0,368893,0,0,62.338,61.3098,3.07469,0,1,1.39688,1.39688,0,1.07917,1.90512,8.44406e+06,3.71658e+06,1.17953e+07,0,349056,0,0
82.9029,85.1408,2.53403,0,0.06,3.04894,3.04894,0,0.571339,4.6872,4.06315e+06,2.78055e+06,1.23883e+07,0,368914,0,0,62.338,61.3098,2.9527,0,1,1.39696,1.39696,0,1.07923,1.90512,8.44406e+06,3.71658e+06,1.1796e+07,0,349076,0,0
82.1199,85.1408,2.42584,0,0.06,3.04912,3.04912,0,0.571372,4.6872,4.06315e+06,2.78055e+06,1.2389e+07,0,368935,0,0,62.338,61.3098,3.20002,0,1,1.39704,1.39704,0,1.07929,1.90512,8.44406e+06,3.71658e+06,1.17967e+07,0,349096,0,0
81.3718,85.1408,2.4677,0,0.06,3.04929,3.04929,0,0.571405,4.6872,4.06315e+06,2.78055e+06,1.23897e+07,0,368956,0,0,62.338,61.3098,3.38796,0,1,1.39712,1.39712,0,1.07935,1.90512,8.44406e+06,3.71658e+06,1.17974e+07,0,349116,0,0
80.8199,85.1408,2.62501,0,0.06,3.02216,3.02216,0,0.571438,4.6872,4.06315e+06,2.78055e+06,1.22795e+07,0,365673,0,0,62.338,61.3098,3.7654,0,1,1.43659,1.43659,0,1.07942,1.90512,8.44406e+06,3.71658e+06,1.21306e+07,0,358979,0,0
80.1705,85.1408,2.49801,0,0.06,3.02233,3.02233,0,0.566352,4.6872,4.06315e+06,2.78055e+06,1.22802e+07,0,365694,0,0,62.338,61.3098,3.68259,0,1,1.43667,1.43667,0,1.10991,1.90512,8.44406e+06,3.71658e+06,1.21313e+07,0,358999,0,0
79.3824,85.1408,2.34876,0,0.06,3.0225,3.0225,0,0.566385,4.6872,4.06315e+06,2.78055e+06,1.22809e+07,0,365715,0,0,62.338,61.3098,3.71569,0,1,1.43675,1.43675,0,1.10997,1.90512,8.44406e+06,3.71658e+06,1.2132e+07,0,359020,0,0
78.4277,85.1408,2.16805,0,0.06,3.02268,3.02268,0,0.566417,4.6872,4.06315e+06,2.78055e+06,1.22816e+07,0,365736,0,0,62.338,61.3098,3.52403,0,1,1.43684,1.43684,0,1.11004,1.90512,8.44406e+06,3.71658e+06,1.21327e+07,0,359040,0,0
77.26,85.1408,1.98743,0,0.06,3.0934,3.0934,0,0.566449,4.6872,4.06315e+06,2.78055e+06,1.25689e+07,0,374293,0,0,62.338,61.3098,3.16276,0,1,1.47203,1.47203,0,1.1101,1.90512,8.44406e+06,3.71658e+06,1.24299e+07,0,367835,0,0
75.9349,85.1408,1.79402,0,0.06,3.09357,3.09357,0,0.579702,4.6872,4.06315e+06,2.78055e+06,1.25697e+07,0,374314,0,0,62.338,61.3098,3.00915,0,1,1.47212,1.47212,0,1.13729,1.90512,8.44406e+06,3.71658e+06,1.24306e+07,0,367856,0,0
74.4673,85.1408,1.63428,0.02,0.06,3.09375,3.09375,0,0.579736,4.6872,4.06315e+06,2.78055e+06,1.25704e+07,0,374335,0,0,62.338,61.3098,2.62118,0,1,1.4722,1.4722,0,1.13736,1.90512,8.44406e+06,3.71658e+06,1.24313e+07,0,367877,0,0
73.1534,85.1408,1.77067,0.03,0.06,3.09393,3.09393,0,0.579769,4.6872,4.06315e+06,2.78055e+06,1.25711e+07,0,374357,0,0,62.338,61.3098,3.23409,0,1,1.47228,1.47228,0,1.13742,1.90512,8.44406e+06,3.71658e+06,1.2432e+07,0,367898,0,0
71.4668,85.1408,1.55628,0.03,0.06,3.30075,3.30075,0,0.579802,4.6872,4.06315e+06,2.78055e+06,1.34114e+07,0,399381,0,0,62.338,61.3098,3.1672,0,1,1.59913,1.59913,0,1.13749,1.90512,8.44406e+06,3.71658e+06,1.35032e+07,0,399595,0,0
69.4513,85.1408,1.21411,0.04,0.06,3.30094,3.30094,0,0.61856,4.6872,4.06315e+06,2.78055e+06,1.34122e+07,0,399404,0,0,62.338,61.3098,2.83338,0,1,1.59922,1.59922,0,1.23549,1.90512,8.44406e+06,3.71658e+06,1.35039e+07,0,399618,0,0
67.4777,85.1408,1.23059,0.04,0.06,3.30112,3.30112,0,0.618595,4.6872,4.06315e+06,2.78055e+06,1.3413e+07,0,399427,0,0,62.3244,61.3098,2.71665,0,1,1.59932,1.59932,0,1.23556,1.90512,8.44406e+06,3.71658e+06,1.35047e+07,0,399641,0,0
66.0812,85.1408,1.81698,0.04,0.06,3.30131,3.30131,0,0.618631,4.6872,4.06315e+06,2.78055e+06,1.34137e+07,0,399450,0,0,62.338,61.3098,3.25504,0,1,1.59941,1.59941,0,1.23563,1.90512,8.44406e+06,3.71658e+06,1.35055e+07,0,399664,0,0
65.4447,85.1408,2.65655,0.04,0.06,3.3015,3.3015,0,0.618666,4.6872,4.06315e+06,2.78055e+06,1.34145e+07,0,399473,0,0,62.338,61.3098,3.48638,0,1,1.5995,1.5995,0,1.2357,1.90512,8.44406e+06,3.71658e+06,1.35063e+07,0,399687,0,0
64.3684,85.1408,2.18209,0.04,0.06,3.20095,3.20095,0,0.618702,4.6872,4.06315e+06,2.78055e+06,1.3006e+07,0,387307,0,0,62.338,61.3098,2.878,0,1,1.52263,1.52263,0,1.23577,1.90512,8.44406e+06,3.71658e+06,1.28572e+07,0,380478,0,0
62.9304,85.1408,1.69236,0.04,0.06,3.20114,3.20114,0,0.599859,4.6872,4.06315e+06,2.78055e+06,1.30067e+07,0,387329,0,0,62.338,61.3098,2.79999,0,1,1.52272,1.52272,0,1.17638,1.90512,8.44406e+06,3.71658e+06,1.28579e+07,0,380500,0,0
61.5047,85.1408,1.67748,0.04,0.06,3.20132,3.20132,0,0.599893,4.6872,4.06315e+06,2.78055e+06,1.30074e+07,0,387351,0,0,62.338,61.3098,2.81301,0,1,1.5228,1.5228,0,1.17645,1.90512,8.44406e+06,3.71658e+06,1.28586e+07,0,380522,0,0
60.2186,85.1408,1.88315,0.04,0.06,3.2015,3.2015,0,0.599927,4.6872,4.06315e+06,2.78055e+06,1.30082e+07,0,387373,0,0,62.338,61.3098,2.77535,0,1,1.52289,1.52289,0,1.17652,1.90512,8.44406e+06,3.71658e+06,1.28594e+07,0,380543,0,0
60.5527,85.1408,3.61618,0.04,0.06,3.11898,3.11898,0,0.599962,4.6872,4.06315e+06,2.78055e+06,1.26729e+07,0,377388,0,0,62.338,61.3098,4.88435,0,1,1.4529,1.4529,0,1.17658,1.90512,8.44406e+06,3.71658e+06,1.22684e+07,0,363055,0,0
60.5393,85.1408,3.3403,0.04,0.06,3.11916,3.11916,0,0.584497,4.6872,4.06315e+06,2.78055e+06,1.26736e+07,0,377410,0,0,62.338,61.3098,5.71962,0,1,1.45299,1.45299,0,1.12251,1.90512,8.44406e+06,3.71658e+06,1.22691e+07,0,363076,0,0
61.1572,85.1408,3.93151,0.04,0.06,3.11934,3.11934,0,0.58453,4.6872,4.06315e+06,2.78055e+06,1.26743e+07,0,377431,0,0,62.338,61.3098,5.43128,0,1,1.45307,1.45307,0,1.12258,1.90512,8.44406e+06,3.71658e+06,1.22698e+07,0,363097,0,0
61.3474,85.1408,3.59218,0.04,0.06,3.11952,3.11952,0,0.584564,4.6872,4.06315e+06,2.78055e+06,1.26751e+07,0,377453,0,0,62.338,61.3098,3.80039,0,1,1.45315,1.45315,0,1.12264,1.90512,8.44406e+06,3.71658e+06,1.22705e+07,0,363118,0,0
62.2933,85.1408,4.15008,0.04,0.06,2.88475,2.88475,0,0.584597,4.6872,4.06315e+06,2.78055e+06,1.17212e+07,0,349046,0,0,62.338,61.3098,6.96025,0,1,1.30726,1.30726,0,1.12271,1.90512,8.44406e+06,3.71658e+06,1.10386e+07,0,326663,0,0
62.9599,85.1408,3.92796,0.04,0.06,2.88491,2.88491,0,0.540601,4.6872,4.06315e+06,2.78055e+06,1.17218e+07,0,349066,0,0,62.338,61.3098,7.30209,0,1,1.30734,1.30734,0,1.00999,1.90512,8.44406e+06,3.71658e+06,1.10392e+07,0,326681,0,0
64.7438,85.1408,5.03048,0.04,0.06,2.88508,2.88508,0,0.540632,4.6872,4.06315e+06,2.78055e+06,1.17225e+07,0,349086,0,0,62.338,61.3098,7.26674,0,1,1.30741,1.30741,0,1.01005,1.90512,8.44406e+06,3.71658e+06,1.10399e+07,0,326700,0,0
68.5805,85.1408,7.39443,0.04,0.06,2.88524,2.88524,0,0.540663,4.6872,4.06315e+06,2.78055e+06,1.17232e+07,0,349106,0,0,62.338,61.3098,12.8727,0,1,1.30749,1.30749,0,1.01011,1.90512,8.44406e+06,3.71658e+06,1.10405e+07,0,326719,0,0
70.8082,85.1408,5.58533,0.03,0.06,2.88541,2.88541,0,0.540694,4.6872,4.06315e+06,2.78055e+06,1.17238e+07,0,349126,0,0,62.338,61.3098,13.2496,0,1,1.30756,1.30756,0,1.01017,1.90512,8.44406e+06,3.71658e+06,1.10411e+07,0,326737,0,0
69.9163,85.1408,2.30939,0.03,0.06,2.97597,2.97597,0,0.540725,4.6872,4.06315e+06,2.78055e+06,1.20918e+07,0,360084,0,0,62.338,61.3098,3.58249,0,1,1.34992,1.34992,0,1.01022,1.90512,8.44406e+06,3.71658e+06,1.13988e+07,0,337321,0,0
68.8202,85.1408,2.1459,0.03,0.06,2.97612,2.97612,0,0.557696,4.6872,4.06315e+06,2.78055e+06,1.20924e+07,0,360103,0,0,62.338,61.3098,4.54719,0,1,1.34999,1.34999,0,1.04295,1.90512,8.44406e+06,3.71658e+06,1.13994e+07,0,337339,0,0
69.4027,85.1408,3.92724,0.02,0.06,2.97628,2.97628,0,0.557725,4.6872,4.06315e+06,2.78055e+06,1.20931e+07,0,360121,0,0,62.338,61.3098,7.43807,0,1,1.35006,1.35006,0,1.043,1.90512,8.44406e+06,3.71658e+06,1.14e+07,0,337356,0,0
68.7028,85.1408,2.53398,0.02,0.06,2.97643,2.97643,0,0.557754,4.6872,4.06315e+06,2.78055e+06,1.20937e+07,0,360140,0,0,62.338,61.3098,5.21309,0,1,1.35013,1.35013,0,1.04306,1.90512,8.44406e+06,3.71658e+06,1.14006e+07,0,337374,0,0
68.2089,85.1408,2.97487,0.02,0.06,3.26691,3.26691,0,0.557783,4.6872,4.06315e+06,2.78055e+06,1.3274e+07,0,395288,0,0,62.338,61.3098,4.23283,0,1,1.50895,1.50895,0,1.04311,1.90512,8.44406e+06,3.71658e+06,1.27417e+07,0,377061,0,0
68.0795,85.1408,3.35023,0.02,0.06,3.26708,3.26708,0,0.61222,4.6872,4.06315e+06,2.78055e+06,1.32747e+07,0,395308,0,0,62.338,61.3098,4.22064,0,1,1.50903,1.50903,0,1.16582,1.90512,8.44406e+06,3.71658e+06,1.27424e+07,0,377081,0,0
68.7062,85.1408,4.19281,0.04,0.06,3.26725,3.26725,0,0.612252,4.6872,4.06315e+06,2.78055e+06,1.32753e+07,0,395329,0,0,62.338,61.3098,4.98644,0,1,1.50911,1.50911,0,1.16588,1.90512,8.44406e+06,3.71658e+06,1.2743e+07,0,377101,0,0
69.807,85.1408,4.72529,0.02,0.06,3.26742,3.26742,0,0.612283,4.6872,4.06315e+06,2.78055e+06,1.3276e+07,0,395349,0,0,62.338,61.3098,5.20313,0,1,1.50919,1.50919,0,1.16594,1.90512,8.44406e+06,3.71658e+06,1.27437e+07,0,377120,0,0
71.4616,85.1408,4.95046,0.02,0.06,2.85341,2.85341,0,0.612315,4.6872,4.06315e+06,2.78055e+06,1.15938e+07,0,345254,0,0,62.338,61.3098,7.47386,0,1,1.29617,1.29617,0,1.166,1.90512,8.44406e+06,3.71658e+06,1.0945e+07,0,323891,0,0
74.7278,85.1408,6.58191,0.02,0.06,2.85355,2.85355,0,0.534728,4.6872,4.06315e+06,2.78055e+06,1.15944e+07,0,345272,0,0,62.338,61.3098,8.34693,0,1,1.29624,1.29624,0,1.00142,1.90512,8.44406e+06,3.71658e+06,1.09455e+07,0,323908,0,0
76.7643,85.1408,5.38495,0.02,0.06,2.8537,2.8537,0,0.534756,4.6872,4.06315e+06,2.78055e+06,1.1595e+07,0,345290,0,0,62.338,61.3098,5.53825,0,1,1.29631,1.29631,0,1.00148,1.90512,8.44406e+06,3.71658e+06,1.09461e+07,0,323925,0,0
77.2326,85.1408,3.81387,0,0.06,2.85385,2.85385,0,0.534784,4.6872,4.06315e+06,2.78055e+06,1.15956e+07,0,345308,0,0,62.338,61.3098,4.553,0,1,1.29638,1.29638,0,1.00153,1.90512,8.44406e+06,3.71658e+06,1.09467e+07,0,323942,0,0
78.63,85.1408,4.7144,0,0.06,2.854,2.854,0,0.534812,4.6872,4.06315e+06,2.78055e+06,1.15962e+07,0,345326,0,0,62.338,61.3098,4.2795,0,1,1.29644,1.29644,0,1.00158,1.90512,8.44406e+06,3.71658e+06,1.09472e+07,0,323958,0,0
83.0268,85.1408,8.04791,0,0.06,2.95843,2.95843,0,0.534839,4.6872,4.06315e+06,2.78055e+06,1.20206e+07,0,357962,0,0,62.338,61.3098,7.86218,0,1,1.34866,1.34866,0,1.00163,1.90512,8.44406e+06,3.71658e+06,1.13881e+07,0,337005,0,0
85.1408,85.1408,5.7609,0,0.06,2.95859,2.95859,0,0.55441,4.6872,4.06315e+06,2.78055e+06,1.20212e+07,0,357981,0,0,62.338,61.3098,4.83958,0,1,1.34873,1.34873,0,1.04197,1.90512,8.44406e+06,3.71658e+06,1.13887e+07,0,337023,0,0
85.1408,85.1408,5.39564,0,0.06,2.95874,2.95874,0,0.554439,4.6872,4.06315e+06,2.78055e+06,1.20218e+07,0,358000,0,0,62.338,61.3098,5.14271,0,1,1.3488,1.3488,0,1.04203,1.90512,8.44406e+06,3.71658e+06,1.13893e+07,0,337040,0,0
85.1408,85.1408,5.02275,0,0.06,2.95889,2.95889,0,0.554468,4.6872,4.06315e+06,2.78055e+06,1.20224e+07,0,358018,0,0,62.338,61.3098,5.31183,0,1,1.34887,1.34887,0,1.04208,1.90512,8.44406e+06,3.71658e+06,1.13899e+07,0,337058,0,0
85.1408,85.1408,4.53363,0,0.06,2.91826,2.91826,0,0.554497,4.6872,4.06315e+06,2.78055e+06,1.18573e+07,0,353102,0,0,62.338,61.3098,4.14754,0,1,1.32868,1.32868,0,1.04213,1.90512,8.44406e+06,3.71658e+06,1.12194e+07,0,332014,0,0
85.1408,85.1408,3.8898,0,0.06,2.91842,2.91842,0,0.546883,4.6872,4.06315e+06,2.78055e+06,1.1858e+07,0,353120,0,0,62.338,61.3098,4.07571,0,1,1.32875,1.32875,0,1.02654,1.90512,8.44406e+06,3.71658e+06,1.122e+07,0,332031,0,0
85.1408,85.1408,3.76814,0,0.06,2.91857,2.91857,0,0.546911,4.6872,4.06315e+06,2.78055e+06,1.18586e+07,0,353139,0,0,62.338,61.3098,4.03628,0,1,1.32882,1.32882,0,1.02659,1.90512,8.44406e+06,3.71658e+06,1.12206e+07,0,332048,0,0
85.1408,85.1408,3.46868,0,0.06,2.91872,2.91872,0,0.54694,4.6872,4.06315e+06,2.78055e+06,1.18592e+07,0,353157,0,0,62.338,61.3098,3.48951,0,1,1.32889,1.32889,0,1.02664,1.90512,8.44406e+06,3.71658e+06,1.12212e+07,0,332065,0,0
85.1408,85.1408,3.3469,0,0.06,3.05733,3.05733,0,0.546968,4.6872,4.06315e+06,2.78055e+06,1.24224e+07,0,369929,0,0,62.338,61.3098,3.82145,0,1,1.40081,1.40081,0,1.0267,1.90512,8.44406e+06,3.71658e+06,1.18285e+07,0,350037,0,0
84.8541,85.1408,3.02545,0,0.06,3.05749,3.05749,0,0.572944,4.6872,4.06315e+06,2.78055e+06,1.24231e+07,0,369948,0,0,62.338,61.3098,3.16572,0,1,1.40088,1.40088,0,1.08226,1.90512,8.44406e+06,3.71658e+06,1.18291e+07,0,350055,0,0
84.1895,85.1408,2.63428,0,0.06,3.05765,3.05765,0,0.572974,4.6872,4.06315e+06,2.78055e+06,1.24237e+07,0,369968,0,0,62.338,61.3098,3.08503,0,1,1.40095,1.40095,0,1.08232,1.90512,8.44406e+06,3.71658e+06,1.18297e+07,0,350073,0,0
83.2787,85.1408,2.37322,0,0.06,3.05781,3.05781,0,0.573004,4.6872,4.06315e+06,2.78055e+06,1.24243e+07,0,369987,0,0,62.338,61.3098,2.62662,0,1,1.40102,1.40102,0,1.08238,1.90512,8.44406e+06,3.71658e+06,1.18303e+07,0,350092,0,0
82.1072,85.1408,2.05741,0,0.06,3.05797,3.05797,0,0.573034,4.6872,4.06315e+06,2.78055e+06,1.2425e+07,0,370006,0,0,62.338,61.3098,2.60239,0,1,1.4011,1.4011,0,1.08243,1.90512,8.44406e+06,3.71658e+06,1.18309e+07,0,350110,0,0
80.5612,85.1408,1.60025,0,0.06,3.03074,3.03074,0,0.573064,4.6872,4.06315e+06,2.78055e+06,1.23144e+07,0,366711,0,0,62.301,61.3098,2.30493,0,1,1.44067,1.44067,0,1.08249,1.90512,8.44406e+06,3.71658e+06,1.21651e+07,0,359998,0,0
78.8869,85.1408,1.4586,0,0.06,3.0309,3.0309,0,0.567961,4.6872,4.06315e+06,2.78055e+06,1.2315e+07,0,366730,0,0,62.2305,61.3098,2.10473,0,1,1.44075,1.44075,0,1.11306,1.90512,8.44406e+06,3.71658e+06,1.21657e+07,0,360017,0,0
77.1181,85.1408,1.3325,0,0.06,3.03106,3.03106,0,0.56799,4.6872,4.06315e+06,2.78055e+06,1.23156e+07,0,366750,0,0,62.1105,61.3098,2.01423,0,1,1.44082,1.44082,0,1.11312,1.90512,8.44406e+06,3.71658e+06,1.21664e+07,0,360036,0,0
75.3146,85.1408,1.25361,0,0.06,3.03121,3.03121,0,0.56802,4.6872,4.06315e+06,2.78055e+06,1.23163e+07,0,366769,0,0,61.8995,61.3098,1.95218,0,1,1.4409,1.4409,0,1.11318,1.90512,8.44406e+06,3.71658e+06,1.2167e+07,0,360055,0,0
73.4964,85.1408,1.28608,0.02,0.06,3.10212,3.10212,0,0.568049,4.6872,4.06315e+06,2.78055e+06,1.26044e+07,0,375348,0,0,61.6452,61.3098,2.00412,0,1,1.47618,1.47618,0,1.11324,1.90512,8.44406e+06,3.71658e+06,1.2465e+07,0,368872,0,0
71.5869,85.1408,1.17719,0.02,0.06,3.10228,3.10228,0,0.581337,4.6872,4.06315e+06,2.78055e+06,1.2605e+07,0,375367,0,0,61.3573,61.3098,1.91981,0,1,1.47626,1.47626,0,1.1405,1.90512,8.44406e+06,3.71658e+06,1.24656e+07,0,368891,0,0
69.5936,85.1408,1.07329,0.02,0.06,3.10244,3.10244,0,0.581367,4.6872,4.06315e+06,2.78055e+06,1.26057e+07,0,375387,0,0,61.0509,61.3098,1.7636,0,1,1.47633,1.47633,0,1.14056,1.90512,8.44406e+06,3.71658e+06,1.24663e+07,0,368910,0,0
67.4957,85.1408,0.934419,0.03,0.06,3.1026,3.1026,0,0.581397,4.6872,4.06315e+06,2.78055e+06,1.26063e+07,0,375406,0,0,60.7034,61.3098,1.74731,0,1,1.47641,1.47641,0,1.14062,1.90512,8.44406e+06,3.71658e+06,1.24669e+07,0,368929,0,0
65.0692,85.1408,0.759227,0.04,0.06,3.30998,3.30998,0,0.581427,4.6872,4.06315e+06,2.78055e+06,1.3449e+07,0,400499,0,0,60.0756,61.3098,1.63947,0,1,1.60361,1.60361,0,1.14068,1.90512,8.44406e+06,3.71658e+06,1.3541e+07,0,400714,0,0
62.5167,85.1408,0.603996,0.04,0.06,3.31015,3.31015,0,0.620291,4.6872,4.06315e+06,2.78055e+06,1.34497e+07,0,400520,0,0,59.4216,61.3098,1.43818,0,1,1.60369,1.60369,0,1.23895,1.90512,8.44406e+06,3.71658e+06,1.35417e+07,0,400734,0,0
60.0417,85.1408,0.650576,0.04,0.06,3.31033,3.31033,0,0.620323,4.6872,4.06315e+06,2.78055e+06,1.34504e+07,0,400541,0,0,58.9133,61.3098,1.45045,0,1,1.60377,1.60377,0,1.23901,1.90512,8.44406e+06,3.71658e+06,1.35424e+07,0,400755,0,0
57.9175,85.1408,1.00769,0.04,0.06,3.3105,3.3105,0,0.620355,4.6872,4.06315e+06,2.78055e+06,1.34511e+07,0,400561,0,0,58.4819,61.3098,1.74013,0,1,1.60386,1.60386,0,1.23908,1.90512,8.44406e+06,3.71658e+06,1.35431e+07,0,400776,0,0
56.1446,85.1408,1.35537,0.04,0.06,3.31067,3.31067,0,0.620387,4.6872,4.06315e+06,2.78055e+06,1.34518e+07,0,400582,0,0,58.1792,61.3098,1.87409,0,1,1.60394,1.60394,0,1.23914,1.90512,8.44406e+06,3.71658e+06,1.35438e+07,0,400797,0,0
54.3035,85.1408,1.18647,0.04,0.06,3.20983,3.20983,0,0.62042,4.6872,4.06315e+06,2.78055e+06,1.3042e+07,0,388380,0,0,57.9756,61.3098,2.03483,0,1,1.52685,1.52685,0,1.23921,1.90512,8.44406e+06,3.71658e+06,1.28928e+07,0,381533,0,0
52.4244,85.1408,1.14931,0.04,0.06,3.20999,3.20999,0,0.601521,4.6872,4.06315e+06,2.78055e+06,1.30427e+07,0,388400,0,0,57.5396,61.3098,2.28266,0,1,1.52693,1.52693,0,1.17964,1.90512,8.44406e+06,3.71658e+06,1.28935e+07,0,381553,0,0
50.1536,85.1408,0.693995,0.04,0.06,3.21016,3.21016,0,0.601553,4.6872,4.06315e+06,2.78055e+06,1.30434e+07,0,388421,0,0,57.0749,61.3098,1.39478,0,1,1.52701,1.52701,0,1.1797,1.90512,8.44406e+06,3.71658e+06,1.28941e+07,0,381572,0,0
48.1248,85.1408,0.932642,0.05,0.06,3.21033,3.21033,0,0.601584,4.6872,4.06315e+06,2.78055e+06,1.3044e+07,0,388441,0,0,56.8483,61.3098,1.69554,0,1,1.52709,1.52709,0,1.17977,1.90512,8.44406e+06,3.71658e+06,1.28948e+07,0,381592,0,0
47.6863,85.1408,2.55916,0.04,0.06,3.12756,3.12756,0,0.601615,4.6872,4.06315e+06,2.78055e+06,1.27077e+07,0,378426,0,0,56.9043,61.3098,3.15915,0,1,1.4569,1.4569,0,1.17983,1.90512,8.44406e+06,3.71658e+06,1.23022e+07,0,364054,0,0
47.3491,85.1408,2.81622,0.04,0.06,3.12772,3.12772,0,0.586105,4.6872,4.06315e+06,2.78055e+06,1.27084e+07,0,378446,0,0,57.8535,61.3098,5.36998,0,1,1.45698,1.45698,0,1.1256,1.90512,8.44406e+06,3.71658e+06,1.23028e+07,0,364073,0,0
46.1815,85.1408,1.86506,0.05,0.06,3.12788,3.12788,0,0.586135,4.6872,4.06315e+06,2.78055e+06,1.27091e+07,0,378466,0,0,57.9392,61.3098,2.39604,0,1,1.45705,1.45705,0,1.12566,1.90512,8.44406e+06,3.71658e+06,1.23034e+07,0,364092,0,0
46.458,85.1408,3.49105,0.05,0.06,3.12805,3.12805,0,0.586166,4.6872,4.06315e+06,2.78055e+06,1.27097e+07,0,378485,0,0,58.6101,61.3098,3.86227,0,1,1.45713,1.45713,0,1.12572,1.90512,8.44406e+06,3.71658e+06,1.23041e+07,0,364111,0,0
46.3158,85.1408,2.80603,0.04,0.06,2.89262,2.89262,0,0.586196,4.6872,4.06315e+06,2.78055e+06,1.17532e+07,0,349999,0,0,59.5729,61.3098,4.78144,0,1,1.31083,1.31083,0,1.12578,1.90512,8.44406e+06,3.71658e+06,1.10687e+07,0,327554,0,0
45.8808,85.1408,2.3616,0.05,0.06,2.89277,2.89277,0,0.542077,4.6872,4.06315e+06,2.78055e+06,1.17538e+07,0,350017,0,0,60.1612,61.3098,3.50548,0,1,1.3109,1.3109,0,1.01275,1.90512,8.44406e+06,3.71658e+06,1.10693e+07,0,327571,0,0
46.6363,85.1408,3.53,0.05,0.06,2.89292,2.89292,0,0.542105,4.6872,4.06315e+06,2.78055e+06,1.17544e+07,0,350036,0,0,60.9021,61.3098,3.94182,0,1,1.31097,1.31097,0,1.0128,1.90512,8.44406e+06,3.71658e+06,1.10699e+07,0,327588,0,0
52.3388,85.1408,8.84225,0.05,0.06,2.89307,2.89307,0,0.542133,4.6872,4.06315e+06,2.78055e+06,1.1755e+07,0,350054,0,0,62.338,61.3098,10.2388,0,1,1.31104,1.31104,0,1.01286,1.90512,8.44406e+06,3.71658e+06,1.10705e+07,0,327605,0,0
56.5631,85.1408,7.65556,0.04,0.06,2.89322,2.89322,0,0.542162,4.6872,4.06315e+06,2.78055e+06,1.17556e+07,0,350072,0,0,62.338,61.3098,8.53431,0,1,1.31111,1.31111,0,1.01291,1.90512,8.44406e+06,3.71658e+06,1.10711e+07,0,327622,0,0
55.0229,85.1408,1.52494,0.04,0.06,2.98401,2.98401,0,0.54219,4.6872,4.06315e+06,2.78055e+06,1.21245e+07,0,361057,0,0,62.338,61.3098,2.78356,0,1,1.35357,1.35357,0,1.01296,1.90512,8.44406e+06,3.71658e+06,1.14296e+07,0,338233,0,0
54.2073,85.1408,2.19379,0.05,0.06,2.98415,2.98415,0,0.559204,4.6872,4.06315e+06,2.78055e+06,1.21251e+07,0,361074,0,0,62.338,61.3098,3.2046,0,1,1.35363,1.35363,0,1.04577,1.90512,8.44406e+06,3.71658e+06,1.14301e+07,0,338249,0,0
58.3233,85.1408,7.28175,0.05,0.06,2.98429,2.98429,0,0.55923,4.6872,4.06315e+06,2.78055e+06,1.21256e+07,0,361091,0,0,62.338,61.3098,5.23646,0,1,1.3537,1.3537,0,1.04582,1.90512,8.44406e+06,3.71658e+06,1.14307e+07,0,338265,0,0
62.1647,85.1408,7.52315,0.05,0.06,2.98443,2.98443,0,0.559256,4.6872,4.06315e+06,2.78055e+06,1.21262e+07,0,361108,0,0,62.338,61.3098,7.71852,0,1,1.35376,1.35376,0,1.04586,1.90512,8.44406e+06,3.71658e+06,1.14312e+07,0,338281,0,0
62.3624,85.1408,3.72296,0.04,0.06,3.27568,3.27568,0,0.559282,4.6872,4.06315e+06,2.78055e+06,1.33096e+07,0,396348,0,0,62.338,61.3098,4.79772,0,1,1.513,1.513,0,1.04591,1.90512,8.44406e+06,3.71658e+06,1.27759e+07,0,378073,0,0
62.9322,85.1408,4.05013,0.04,0.06,3.27583,3.27583,0,0.613862,4.6872,4.06315e+06,2.78055e+06,1.33102e+07,0,396367,0,0,62.338,61.3098,5.81552,0,1,1.51307,1.51307,0,1.16895,1.90512,8.44406e+06,3.71658e+06,1.27765e+07,0,378090,0,0
64.6119,85.1408,5.23864,0.04,0.06,3.27598,3.27598,0,0.613891,4.6872,4.06315e+06,2.78055e+06,1.33108e+07,0,396385,0,0,62.338,61.3098,5.08301,0,1,1.51314,1.51314,0,1.169,1.90512,8.44406e+06,3.71658e+06,1.27771e+07,0,378108,0,0
65.0484,85.1408,4.03089,0.05,0.06,3.27614,3.27614,0,0.613919,4.6872,4.06315e+06,2.78055e+06,1.33114e+07,0,396404,0,0,62.338,61.3098,4.13092,0,1,1.51321,1.51321,0,1.16906,1.90512,8.44406e+06,3.71658e+06,1.27777e+07,0,378126,0,0
68.633,85.1408,6.89051,0.05,0.06,2.861,2.861,0,0.613948,4.6872,4.06315e+06,2.78055e+06,1.16247e+07,0,346173,0,0,62.338,61.3098,5.26757,0,1,1.29962,1.29962,0,1.16911,1.90512,8.44406e+06,3.71658e+06,1.09741e+07,0,324753,0,0
74.445,85.1408,9.20496,0.02,0.06,2.86113,2.86113,0,0.536151,4.6872,4.06315e+06,2.78055e+06,1.16252e+07,0,346190,0,0,62.338,61.3098,6.68096,0,1,1.29968,1.29968,0,1.00409,1.90512,8.44406e+06,3.71658e+06,1.09746e+07,0,324768,0,0
83.908,85.1408,13.1391,0.02,0.06,2.86127,2.86127,0,0.536177,4.6872,4.06315e+06,2.78055e+06,1.16258e+07,0,346206,0,0,62.338,61.3098,10.8446,0,1,1.29974,1.29974,0,1.00414,1.90512,8.44406e+06,3.71658e+06,1.09751e+07,0,324784,0,0
85.1408,85.1408,11.7079,0,0.06,2.8614,2.8614,0,0.536202,4.6872,4.06315e+06,2.78055e+06,1.16263e+07,0,346222,0,0,62.338,61.3098,11.4787,0,1,1.29981,1.29981,0,1.00418,1.90512,8.44406e+06,3.71658e+06,1.09756e+07,0,324799,0,0
85.1408,85.1408,9.85554,0,0.06,2.86154,2.86154,0,0.536227,4.6872,4.06315e+06,2.78055e+06,1.16269e+07,0,346238,0,0,62.338,61.3098,8.12081,0,1,1.29987,1.29987,0,1.00423,1.90512,8.44406e+06,3.71658e+06,1.09761e+07,0,324814,0,0
85.1408,85.1408,11.8487,0,0.06,2.96623,2.96623,0,0.536252,4.6872,4.06315e+06,2.78055e+06,1.20522e+07,0,358906,0,0,62.338,61.3098,12.9582,0,1,1.35221,1.35221,0,1.00428,1.90512,8.44406e+06,3.71658e+06,1.14181e+07,0,337893,0,0
85.1408,85.1408,8.51094,0,0.06,2.96637,2.96637,0,0.555871,4.6872,4.06315e+06,2.78055e+06,1.20528e+07,0,358922,0,0,62.338,61.3098,10.1309,0,1,1.35227,1.35227,0,1.04472,1.90512,8.44406e+06,3.71658e+06,1.14187e+07,0,337909,0,0
85.1408,85.1408,7.30749,0,0.06,2.96651,2.96651,0,0.555897,4.6872,4.06315e+06,2.78055e+06,1.20534e+07,0,358939,0,0,62.338,61.3098,9.65925,0,1,1.35234,1.35234,0,1.04477,1.90512,8.44406e+06,3.71658e+06,1.14192e+07,0,337925,0,0
85.1408,85.1408,6.70339,0,0.06,2.96665,2.96665,0,0.555923,4.6872,4.06315e+06,2.78055e+06,1.20539e+07,0,358956,0,0,62.338,61.3098,9.78281,0,1,1.3524,1.3524,0,1.04481,1.90512,8.44406e+06,3.71658e+06,1.14197e+07,0,337941,0,0
85.1408,85.1408,6.28669,0,0.06,2.92589,2.92589,0,0.555949,4.6872,4.06315e+06,2.78055e+06,1.18884e+07,0,354025,0,0,62.338,61.3098,5.72682,0,1,1.33215,1.33215,0,1.04486,1.90512,8.44406e+06,3.71658e+06,1.12488e+07,0,332882,0,0
85.1408,85.1408,5.66301,0,0.06,2.92603,2.92603,0,0.548313,4.6872,4.06315e+06,2.78055e+06,1.18889e+07,0,354042,0,0,62.338,61.3098,4.8818,0,1,1.33222,1.33222,0,1.02922,1.90512,8.44406e+06,3.71658e+06,1.12493e+07,0,332897,0,0
85.1408,85.1408,5.36539,0,0.06,2.92617,2.92617,0,0.548338,4.6872,4.06315e+06,2.78055e+06,1.18895e+07,0,354058,0,0,62.338,61.3098,4.70437,0,1,1.33228,1.33228,0,1.02927,1.90512,8.44406e+06,3.71658e+06,1.12498e+07,0,332913,0,0
85.1408,85.1408,4.96913,0,0.06,2.92631,2.92631,0,0.548364,4.6872,4.06315e+06,2.78055e+06,1.189e+07,0,354075,0,0,62.338,61.3098,5.38061,0,1,1.33234,1.33234,0,1.02932,1.90512,8.44406e+06,3.71658e+06,1.12504e+07,0,332928,0,0
85.1408,85.1408,4.78413,0,0.06,3.06526,3.06526,0,0.54839,4.6872,4.06315e+06,2.78055e+06,1.24546e+07,0,370889,0,0,62.338,61.3098,5.29987,0,1,1.40444,1.40444,0,1.02937,1.90512,8.44406e+06,3.71658e+06,1.18592e+07,0,350945,0,0
85.1408,85.1408,4.86714,0,0.06,3.06541,3.06541,0,0.57443,4.6872,4.06315e+06,2.78055e+06,1.24552e+07,0,370906,0,0,62.338,61.3098,4.36543,0,1,1.4045,1.4045,0,1.08507,1.90512,8.44406e+06,3.71658e+06,1.18597e+07,0,350961,0,0
85.1408,85.1408,4.41585,0,0.06,3.06555,3.06555,0,0.574457,4.6872,4.06315e+06,2.78055e+06,1.24558e+07,0,370923,0,0,62.338,61.3098,3.51285,0,1,1.40457,1.40457,0,1.08512,1.90512,8.44406e+06,3.71658e+06,1.18603e+07,0,350978,0,0
85.1408,85.1408,3.92352,0,0.06,3.06569,3.06569,0,0.574484,4.6872,4.06315e+06,2.78055e+06,1.24564e+07,0,370941,0,0,62.338,61.3098,3.08379,0,1,1.40464,1.40464,0,1.08517,1.90512,8.44406e+06,3.71658e+06,1.18608e+07,0,350994,0,0
85.1408,85.1408,3.41677,0,0.06,3.06584,3.06584,0,0.574511,4.6872,4.06315e+06,2.78055e+06,1.2457e+07,0,370958,0,0,62.338,61.3098,3.09952,0,1,1.4047,1.4047,0,1.08522,1.90512,8.44406e+06,3.71658e+06,1.18614e+07,0,351010,0,0
84.3049,85.1408,2.38656,0,0.06,3.03852,3.03852,0,0.574538,4.6872,4.06315e+06,2.78055e+06,1.2346e+07,0,367653,0,0,62.338,61.3098,2.3351,0,1,1.44437,1.44437,0,1.08527,1.90512,8.44406e+06,3.71658e+06,1.21963e+07,0,360923,0,0
83.2731,85.1408,2.17953,0,0.06,3.03866,3.03866,0,0.569419,4.6872,4.06315e+06,2.78055e+06,1.23465e+07,0,367670,0,0,62.3212,61.3098,2.06771,0,1,1.44444,1.44444,0,1.11592,1.90512,8.44406e+06,3.71658e+06,1.21969e+07,0,360940,0,0
82.0977,85.1408,1.99956,0,0.06,3.03881,3.03881,0,0.569446,4.6872,4.06315e+06,2.78055e+06,1.23471e+07,0,367687,0,0,62.244,61.3098,2.03308,0,1,1.4445,1.4445,0,1.11597,1.90512,8.44406e+06,3.71658e+06,1.21975e+07,0,360956,0,0
80.8357,85.1408,1.87285,0,0.06,3.03895,3.03895,0,0.569472,4.6872,4.06315e+06,2.78055e+06,1.23477e+07,0,367705,0,0,62.0427,61.3098,1.96736,0,1,1.44457,1.44457,0,1.11602,1.90512,8.44406e+06,3.71658e+06,1.21981e+07,0,360973,0,0
79.3338,85.1408,1.67202,0,0.06,3.11002,3.11002,0,0.569499,4.6872,4.06315e+06,2.78055e+06,1.26365e+07,0,376304,0,0,61.732,61.3098,1.76566,0,1,1.47994,1.47994,0,1.11608,1.90512,8.44406e+06,3.71658e+06,1.24967e+07,0,369811,0,0
77.7222,85.1408,1.54102,0,0.06,3.11016,3.11016,0,0.582817,4.6872,4.06315e+06,2.78055e+06,1.26371e+07,0,376321,0,0,61.2808,61.3098,1.65623,0,1,1.48001,1.48001,0,1.1434,1.90512,8.44406e+06,3.71658e+06,1.24973e+07,0,369829,0,0
76.0293,85.1408,1.4388,0.01,0.06,3.11031,3.11031,0,0.582844,4.6872,4.06315e+06,2.78055e+06,1.26377e+07,0,376339,0,0,60.7359,61.3098,1.57137,0,1,1.48008,1.48008,0,1.14346,1.90512,8.44406e+06,3.71658e+06,1.24979e+07,0,369846,0,0
74.2382,85.1408,1.32057,0.03,0.06,3.11045,3.11045,0,0.582872,4.6872,4.06315e+06,2.78055e+06,1.26382e+07,0,376356,0,0,60.3734,61.3098,1.47118,0,1,1.48015,1.48015,0,1.14351,1.90512,8.44406e+06,3.71658e+06,1.24985e+07,0,369863,0,0
72.3199,85.1408,1.33355,0.03,0.06,3.31834,3.31834,0,0.582899,4.6872,4.06315e+06,2.78055e+06,1.34829e+07,0,401511,0,0,59.4974,61.3098,1.71144,0,1,1.60766,1.60766,0,1.14356,1.90512,8.44406e+06,3.71658e+06,1.35752e+07,0,401726,0,0
69.7551,85.1408,0.643637,0.04,0.06,3.3185,3.3185,0,0.621857,4.6872,4.06315e+06,2.78055e+06,1.34836e+07,0,401529,0,0,58.5371,61.3098,1.09774,0,1,1.60773,1.60773,0,1.24208,1.90512,8.44406e+06,3.71658e+06,1.35758e+07,0,401744,0,0
67.3319,85.1408,0.763284,0.04,0.06,3.31865,3.31865,0,0.621887,4.6872,4.06315e+06,2.78055e+06,1.34842e+07,0,401548,0,0,57.7697,61.3098,1.18897,0,1,1.60781,1.60781,0,1.24213,1.90512,8.44406e+06,3.71658e+06,1.35764e+07,0,401763,0,0
65.4201,85.1408,1.30298,0.04,0.06,3.31881,3.31881,0,0.621916,4.6872,4.06315e+06,2.78055e+06,1.34848e+07,0,401567,0,0,57.0371,61.3098,1.41995,0,1,1.60788,1.60788,0,1.24219,1.90512,8.44406e+06,3.71658e+06,1.35771e+07,0,401782,0,0
63.4928,85.1408,1.27493,0.04,0.06,3.31896,3.31896,0,0.621945,4.6872,4.06315e+06,2.78055e+06,1.34855e+07,0,401586,0,0,56.5544,61.3098,1.37759,0,1,1.60796,1.60796,0,1.24225,1.90512,8.44406e+06,3.71658e+06,1.35777e+07,0,401801,0,0
61.5708,85.1408,1.1244,0.04,0.06,3.21785,3.21785,0,0.621974,4.6872,4.06315e+06,2.78055e+06,1.30746e+07,0,389351,0,0,56.1168,61.3098,1.68776,0,1,1.53067,1.53067,0,1.24231,1.90512,8.44406e+06,3.71658e+06,1.2925e+07,0,382486,0,0
59.4863,85.1408,0.935613,0.04,0.06,3.218,3.218,0,0.603025,4.6872,4.06315e+06,2.78055e+06,1.30752e+07,0,389369,0,0,55.7748,61.3098,1.49685,0,1,1.53074,1.53074,0,1.18259,1.90512,8.44406e+06,3.71658e+06,1.29256e+07,0,382504,0,0
58.0995,85.1408,1.73346,0.04,0.06,3.21815,3.21815,0,0.603053,4.6872,4.06315e+06,2.78055e+06,1.30758e+07,0,389388,0,0,55.7373,61.3098,1.99747,0,1,1.53081,1.53081,0,1.18265,1.90512,8.44406e+06,3.71658e+06,1.29262e+07,0,382522,0,0
58.3121,85.1408,3.45411,0.04,0.06,3.2183,3.2183,0,0.603081,4.6872,4.06315e+06,2.78055e+06,1.30764e+07,0,389406,0,0,56.0669,61.3098,2.85694,0,1,1.53088,1.53088,0,1.1827,1.90512,8.44406e+06,3.71658e+06,1.29268e+07,0,382540,0,0
58.1393,85.1408,2.97354,0.04,0.06,3.13531,3.13531,0,0.60311,4.6872,4.06315e+06,2.78055e+06,1.27392e+07,0,379364,0,0,56.1166,61.3098,2.11389,0,1,1.46051,1.46051,0,1.18276,1.90512,8.44406e+06,3.71658e+06,1.23327e+07,0,364957,0,0
59.2666,85.1408,4.31192,0.04,0.06,3.13546,3.13546,0,0.587557,4.6872,4.06315e+06,2.78055e+06,1.27398e+07,0,379382,0,0,56.1859,61.3098,2.18413,0,1,1.46058,1.46058,0,1.12839,1.90512,8.44406e+06,3.71658e+06,1.23332e+07,0,364974,0,0
60.6104,85.1408,4.56697,0.04,0.06,3.13561,3.13561,0,0.587585,4.6872,4.06315e+06,2.78055e+06,1.27404e+07,0,379400,0,0,56.8947,61.3098,3.38177,0,1,1.46065,1.46065,0,1.12844,1.90512,8.44406e+06,3.71658e+06,1.23338e+07,0,364991,0,0
61.2029,85.1408,3.82142,0.04,0.06,3.13575,3.13575,0,0.587612,4.6872,4.06315e+06,2.78055e+06,1.2741e+07,0,379418,0,0,57.3083,61.3098,2.76294,0,1,1.46072,1.46072,0,1.1285,1.90512,8.44406e+06,3.71658e+06,1.23344e+07,0,365008,0,0
62.8183,85.1408,4.78371,0.04,0.06,2.89973,2.89973,0,0.58764,4.6872,4.06315e+06,2.78055e+06,1.1782e+07,0,350859,0,0,58.3008,61.3098,3.43715,0,1,1.31406,1.31406,0,1.12855,1.90512,8.44406e+06,3.71658e+06,1.1096e+07,0,328359,0,0
63.9304,85.1408,4.22534,0.04,0.06,2.89987,2.89987,0,0.543409,4.6872,4.06315e+06,2.78055e+06,1.17826e+07,0,350876,0,0,59.388,61.3098,3.20334,0,1,1.31412,1.31412,0,1.01524,1.90512,8.44406e+06,3.71658e+06,1.10965e+07,0,328375,0,0
64.8453,85.1408,4.14565,0.04,0.06,2.9,2.9,0,0.543435,4.6872,4.06315e+06,2.78055e+06,1.17831e+07,0,350892,0,0,60.2765,61.3098,2.83319,0,1,1.31418,1.31418,0,1.01529,1.90512,8.44406e+06,3.71658e+06,1.1097e+07,0,328390,0,0
75.1523,85.1408,13.8697,0.04,0.06,2.90014,2.90014,0,0.54346,4.6872,4.06315e+06,2.78055e+06,1.17837e+07,0,350909,0,0,62.338,61.3098,9.0831,0,1,1.31424,1.31424,0,1.01533,1.90512,8.44406e+06,3.71658e+06,1.10975e+07,0,328405,0,0
82.0511,85.1408,10.5014,0.03,0.06,2.90027,2.90027,0,0.543486,4.6872,4.06315e+06,2.78055e+06,1.17842e+07,0,350925,0,0,62.338,61.3098,7.48867,0,1,1.3143,1.3143,0,1.01538,1.90512,8.44406e+06,3.71658e+06,1.1098e+07,0,328421,0,0
85.1408,85.1408,7.2583,0.01,0.06,2.99127,2.99127,0,0.543511,4.6872,4.06315e+06,2.78055e+06,1.2154e+07,0,361935,0,0,62.338,61.3098,5.42263,0,1,1.35686,1.35686,0,1.01543,1.90512,8.44406e+06,3.71658e+06,1.14574e+07,0,339056,0,0
85.1408,85.1408,5.36555,0,0.06,2.99139,2.99139,0,0.560563,4.6872,4.06315e+06,2.78055e+06,1.21545e+07,0,361950,0,0,62.338,61.3098,5.22417,0,1,1.35692,1.35692,0,1.04831,1.90512,8.44406e+06,3.71658e+06,1.14579e+07,0,339070,0,0
85.1408,85.1408,6.2377,0,0.06,2.99152,2.99152,0,0.560587,4.6872,4.06315e+06,2.78055e+06,1.2155e+07,0,361965,0,0,62.338,61.3098,6.21869,0,1,1.35697,1.35697,0,1.04835,1.90512,8.44406e+06,3.71658e+06,1.14584e+07,0,339084,0,0
85.1408,85.1408,8.74137,0,0.06,2.99164,2.99164,0,0.56061,4.6872,4.06315e+06,2.78055e+06,1.21555e+07,0,361980,0,0,62.338,61.3098,6.85808,0,1,1.35703,1.35703,0,1.0484,1.90512,8.44406e+06,3.71658e+06,1.14588e+07,0,339098,0,0
85.1408,85.1408,9.04755,0,0.06,3.28357,3.28357,0,0.560633,4.6872,4.06315e+06,2.78055e+06,1.33417e+07,0,397304,0,0,62.338,61.3098,8.70122,0,1,1.51665,1.51665,0,1.04844,1.90512,8.44406e+06,3.71658e+06,1.28067e+07,0,378984,0,0
85.1408,85.1408,9.09898,0,0.06,3.28371,3.28371,0,0.615342,4.6872,4.06315e+06,2.78055e+06,1.33422e+07,0,397320,0,0,62.338,61.3098,9.64013,0,1,1.51671,1.51671,0,1.17176,1.90512,8.44406e+06,3.71658e+06,1.28072e+07,0,379000,0,0
85.1408,85.1408,7.58532,0,0.06,3.28385,3.28385,0,0.615367,4.6872,4.06315e+06,2.78055e+06,1.33428e+07,0,397337,0,0,62.338,61.3098,8.10413,0,1,1.51678,1.51678,0,1.17181,1.90512,8.44406e+06,3.71658e+06,1.28077e+07,0,379016,0,0
85.1408,85.1408,9.48909,0,0.06,3.28398,3.28398,0,0.615393,4.6872,4.06315e+06,2.78055e+06,1.33433e+07,0,397353,0,0,62.338,61.3098,11.8935,0,1,1.51684,1.51684,0,1.17186,1.90512,8.44406e+06,3.71658e+06,1.28083e+07,0,379032,0,0
85.1408,85.1408,8.56187,0,0.06,2.86784,2.86784,0,0.615419,4.6872,4.06315e+06,2.78055e+06,1.16525e+07,0,347001,0,0,62.338,61.3098,7.42571,0,1,1.30273,1.30273,0,1.17191,1.90512,8.44406e+06,3.71658e+06,1.10003e+07,0,325529,0,0
85.1408,85.1408,9.14494,0,0.06,2.86796,2.86796,0,0.537433,4.6872,4.06315e+06,2.78055e+06,1.16529e+07,0,347015,0,0,62.338,61.3098,8.0261,0,1,1.30278,1.30278,0,1.00649,1.90512,8.44406e+06,3.71658e+06,1.10008e+07,0,325543,0,0
85.1408,85.1408,6.201,0,0.06,2.86808,2.86808,0,0.537455,4.6872,4.06315e+06,2.78055e+06,1.16534e+07,0,347029,0,0,62.338,61.3098,4.93367,0,1,1.30284,1.30284,0,1.00653,1.90512,8.44406e+06,3.71658e+06,1.10012e+07,0,325556,0,0
85.1408,85.1408,7.10741,0,0.06,2.8682,2.8682,0,0.537477,4.6872,4.06315e+06,2.78055e+06,1.16539e+07,0,347044,0,0,62.338,61.3098,10.0373,0,1,1.30289,1.30289,0,1.00657,1.90512,8.44406e+06,3.71658e+06,1.10017e+07,0,325570,0,0
85.1408,85.1408,6.48257,0,0.06,2.86831,2.86831,0,0.5375,4.6872,4.06315e+06,2.78055e+06,1.16544e+07,0,347058,0,0,62.338,61.3098,6.60539,0,1,1.30295,1.30295,0,1.00661,1.90512,8.44406e+06,3.71658e+06,1.10021e+07,0,325583,0,0
85.1408,85.1408,10.2938,0,0.06,2.97324,2.97324,0,0.537522,4.6872,4.06315e+06,2.78055e+06,1.20807e+07,0,359754,0,0,62.338,61.3098,13.3366,0,1,1.35541,1.35541,0,1.00666,1.90512,8.44406e+06,3.71658e+06,1.14451e+07,0,338692,0,0
85.1408,85.1408,7.24069,0,0.06,2.97336,2.97336,0,0.557185,4.6872,4.06315e+06,2.78055e+06,1.20812e+07,0,359769,0,0,62.338,61.3098,8.84932,0,1,1.35546,1.35546,0,1.04719,1.90512,8.44406e+06,3.71658e+06,1.14456e+07,0,338706,0,0
85.1408,85.1408,6.35147,0,0.06,2.97349,2.97349,0,0.557208,4.6872,4.06315e+06,2.78055e+06,1.20817e+07,0,359784,0,0,62.338,61.3098,8.58105,0,1,1.35552,1.35552,0,1.04723,1.90512,8.44406e+06,3.71658e+06,1.14461e+07,0,338720,0,0
85.1408,85.1408,6.33341,0,0.06,2.97361,2.97361,0,0.557232,4.6872,4.06315e+06,2.78055e+06,1.20822e+07,0,359799,0,0,62.338,61.3098,9.36837,0,1,1.35557,1.35557,0,1.04727,1.90512,8.44406e+06,3.71658e+06,1.14465e+07,0,338734,0,0
85.1408,85.1408,5.17466,0,0.06,2.93275,2.93275,0,0.557255,4.6872,4.06315e+06,2.78055e+06,1.19162e+07,0,354855,0,0,62.338,61.3098,7.30236,0,1,1.33527,1.33527,0,1.04732,1.90512,8.44406e+06,3.71658e+06,1.12751e+07,0,333662,0,0
85.1408,85.1408,4.33582,0,0.06,2.93287,2.93287,0,0.549597,4.6872,4.06315e+06,2.78055e+06,1.19167e+07,0,354870,0,0,62.338,61.3098,5.85186,0,1,1.33533,1.33533,0,1.03163,1.90512,8.44406e+06,3.71658e+06,1.12756e+07,0,333675,0,0
85.1408,85.1408,3.79796,0,0.06,2.93299,2.93299,0,0.54962,4.6872,4.06315e+06,2.78055e+06,1.19172e+07,0,354884,0,0,62.338,61.3098,5.26342,0,1,1.33539,1.33539,0,1.03168,1.90512,8.44406e+06,3.71658e+06,1.12761e+07,0,333689,0,0
85.1408,85.1408,3.40637,0,0.06,2.93312,2.93312,0,0.549643,4.6872,4.06315e+06,2.78055e+06,1.19177e+07,0,354899,0,0,62.338,61.3098,4.66902,0,1,1.33544,1.33544,0,1.03172,1.90512,8.44406e+06,3.71658e+06,1.12765e+07,0,333703,0,0
84.9735,85.1408,3.22396,0,0.06,3.07238,3.07238,0,0.549666,4.6872,4.06315e+06,2.78055e+06,1.24835e+07,0,371750,0,0,62.338,61.3098,4.35848,0,1,1.4077,1.4077,0,1.03176,1.90512,8.44406e+06,3.71658e+06,1.18867e+07,0,351760,0,0
84.7246,85.1408,3.11086,0,0.06,3.07251,3.07251,0,0.575764,4.6872,4.06315e+06,2.78055e+06,1.24841e+07,0,371765,0,0,62.338,61.3098,3.55905,0,1,1.40776,1.40776,0,1.08759,1.90512,8.44406e+06,3.71658e+06,1.18872e+07,0,351774,0,0
84.1615,85.1408,2.72388,0,0.06,3.07264,3.07264,0,0.575788,4.6872,4.06315e+06,2.78055e+06,1.24846e+07,0,371781,0,0,62.338,61.3098,3.50797,0,1,1.40782,1.40782,0,1.08763,1.90512,8.44406e+06,3.71658e+06,1.18877e+07,0,351789,0,0
83.5708,85.1408,2.68832,0,0.06,3.07276,3.07276,0,0.575812,4.6872,4.06315e+06,2.78055e+06,1.24851e+07,0,371796,0,0,62.338,61.3098,3.53315,0,1,1.40788,1.40788,0,1.08768,1.90512,8.44406e+06,3.71658e+06,1.18882e+07,0,351804,0,0
82.8232,85.1408,2.51821,0,0.06,3.07289,3.07289,0,0.575836,4.6872,4.06315e+06,2.78055e+06,1.24856e+07,0,371812,0,0,62.338,61.3098,3.38997,0,1,1.40793,1.40793,0,1.08772,1.90512,8.44406e+06,3.71658e+06,1.18887e+07,0,351818,0,0
81.9849,85.1408,2.40404,0,0.06,3.0455,3.0455,0,0.57586,4.6872,4.06315e+06,2.78055e+06,1.23743e+07,0,368497,0,0,62.338,61.3098,3.95377,0,1,1.44769,1.44769,0,1.08777,1.90512,8.44406e+06,3.71658e+06,1.22243e+07,0,361751,0,0
81.0907,85.1408,2.33207,0,0.06,3.04562,3.04562,0,0.570726,4.6872,4.06315e+06,2.78055e+06,1.23748e+07,0,368512,0,0,62.338,61.3098,3.90449,0,1,1.44775,1.44775,0,1.11848,1.90512,8.44406e+06,3.71658e+06,1.22248e+07,0,361766,0,0
80.0394,85.1408,2.13311,0,0.06,3.04575,3.04575,0,0.57075,4.6872,4.06315e+06,2.78055e+06,1.23753e+07,0,368528,0,0,62.338,61.3098,3.63106,0,1,1.44781,1.44781,0,1.11853,1.90512,8.44406e+06,3.71658e+06,1.22254e+07,0,361781,0,0
78.808,85.1408,1.9291,0,0.06,3.04588,3.04588,0,0.570774,4.6872,4.06315e+06,2.78055e+06,1.23759e+07,0,368543,0,0,62.338,61.3098,3.66344,0,1,1.44787,1.44787,0,1.11857,1.90512,8.44406e+06,3.71658e+06,1.22259e+07,0,361796,0,0
77.7516,85.1408,2.1455,0,0.06,3.11709,3.11709,0,0.570797,4.6872,4.06315e+06,2.78055e+06,1.26652e+07,0,377160,0,0,62.338,61.3098,3.7135,0,1,1.48331,1.48331,0,1.11862,1.90512,8.44406e+06,3.71658e+06,1.25251e+07,0,370653,0,0
76.7786,85.1408,2.20759,0.01,0.06,3.11722,3.11722,0,0.584143,4.6872,4.06315e+06,2.78055e+06,1.26657e+07,0,377175,0,0,62.338,61.3098,3.65785,0,1,1.48337,1.48337,0,1.146,1.90512,8.44406e+06,3.71658e+06,1.25256e+07,0,370668,0,0
75.5754,85.1408,1.9624,0.02,0.06,3.11735,3.11735,0,0.584167,4.6872,4.06315e+06,2.78055e+06,1.26663e+07,0,377191,0,0,62.3354,61.3098,3.4626,0,1,1.48343,1.48343,0,1.14605,1.90512,8.44406e+06,3.71658e+06,1.25262e+07,0,370683,0,0
74.2245,85.1408,1.79755,0.04,0.06,3.11748,3.11748,0,0.584191,4.6872,4.06315e+06,2.78055e+06,1.26668e+07,0,377207,0,0,62.3067,61.3098,3.22442,0,1,1.48349,1.48349,0,1.1461,1.90512,8.44406e+06,3.71658e+06,1.25267e+07,0,370699,0,0
72.5546,85.1408,1.61404,0.03,0.06,3.32582,3.32582,0,0.584216,4.6872,4.06315e+06,2.78055e+06,1.35133e+07,0,402415,0,0,62.1314,61.3098,3.26013,0,1,1.61128,1.61128,0,1.14615,1.90512,8.44406e+06,3.71658e+06,1.36058e+07,0,402631,0,0
71.1979,85.1408,1.89341,0.04,0.06,3.32596,3.32596,0,0.623259,4.6872,4.06315e+06,2.78055e+06,1.35139e+07,0,402432,0,0,61.9249,61.3098,3.67542,0,1,1.61135,1.61135,0,1.24488,1.90512,8.44406e+06,3.71658e+06,1.36063e+07,0,402648,0,0
69.6336,85.1408,1.70217,0.04,0.06,3.3261,3.3261,0,0.623285,4.6872,4.06315e+06,2.78055e+06,1.35144e+07,0,402449,0,0,61.6939,61.3098,3.5183,0,1,1.61142,1.61142,0,1.24493,1.90512,8.44406e+06,3.71658e+06,1.36069e+07,0,402665,0,0
68.1169,85.1408,1.71811,0.04,0.06,3.32624,3.32624,0,0.623311,4.6872,4.06315e+06,2.78055e+06,1.3515e+07,0,402466,0,0,61.564,61.3098,3.77958,0,1,1.61148,1.61148,0,1.24498,1.90512,8.44406e+06,3.71658e+06,1.36074e+07,0,402681,0,0
66.6278,85.1408,1.7342,0.04,0.06,3.32638,3.32638,0,0.623337,4.6872,4.06315e+06,2.78055e+06,1.35156e+07,0,402482,0,0,61.447,61.3098,4.51711,0,1,1.61155,1.61155,0,1.24503,1.90512,8.44406e+06,3.71658e+06,1.3608e+07,0,402698,0,0
65.4752,85.1408,2.01274,0.04,0.06,3.22502,3.22502,0,0.623363,4.6872,4.06315e+06,2.78055e+06,1.31037e+07,0,390218,0,0,61.2956,61.3098,5.49882,0,1,1.53407,1.53407,0,1.24508,1.90512,8.44406e+06,3.71658e+06,1.29538e+07,0,383338,0,0
64.198,85.1408,1.96679,0.04,0.06,3.22515,3.22515,0,0.604368,4.6872,4.06315e+06,2.78055e+06,1.31043e+07,0,390235,0,0,61.2707,61.3098,6.05643,0,1,1.53414,1.53414,0,1.18523,1.90512,8.44406e+06,3.71658e+06,1.29544e+07,0,383354,0,0
63.1711,85.1408,2.23558,0.04,0.06,3.22529,3.22529,0,0.604393,4.6872,4.06315e+06,2.78055e+06,1.31048e+07,0,390251,0,0,61.528,61.3098,7.58661,0,1,1.5342,1.5342,0,1.18528,1.90512,8.44406e+06,3.71658e+06,1.29549e+07,0,383370,0,0
62.0685,85.1408,2.20509,0.04,0.06,3.22542,3.22542,0,0.604419,4.6872,4.06315e+06,2.78055e+06,1.31054e+07,0,390267,0,0,61.765,61.3098,7.38825,0,1,1.53427,1.53427,0,1.18532,1.90512,8.44406e+06,3.71658e+06,1.29554e+07,0,383386,0,0
60.9826,85.1408,2.19057,0.04,0.06,3.14223,3.14223,0,0.604444,4.6872,4.06315e+06,2.78055e+06,1.27674e+07,0,380201,0,0,62.1027,61.3098,7.25169,0,1,1.46374,1.46374,0,1.18537,1.90512,8.44406e+06,3.71658e+06,1.23599e+07,0,365762,0,0
59.0445,85.1408,1.22199,0.04,0.06,3.14236,3.14236,0,0.588854,4.6872,4.06315e+06,2.78055e+06,1.27679e+07,0,380217,0,0,61.9639,61.3098,2.29213,0,1,1.4638,1.4638,0,1.13088,1.90512,8.44406e+06,3.71658e+06,1.23604e+07,0,365777,0,0
58.4305,85.1408,2.57201,0.04,0.06,3.14249,3.14249,0,0.588878,4.6872,4.06315e+06,2.78055e+06,1.27684e+07,0,380233,0,0,62.2281,61.3098,4.37285,0,1,1.46386,1.46386,0,1.13093,1.90512,8.44406e+06,3.71658e+06,1.23609e+07,0,365792,0,0
60.527,85.1408,5.48403,0.04,0.06,3.14262,3.14262,0,0.588903,4.6872,4.06315e+06,2.78055e+06,1.27689e+07,0,380249,0,0,62.338,61.3098,10.1499,0,1,1.46392,1.46392,0,1.13098,1.90512,8.44406e+06,3.71658e+06,1.23614e+07,0,365808,0,0
61.9647,85.1408,4.50797,0.04,0.06,2.90607,2.90607,0,0.588927,4.6872,4.06315e+06,2.78055e+06,1.18078e+07,0,351626,0,0,62.338,61.3098,7.50636,0,1,1.31693,1.31693,0,1.13102,1.90512,8.44406e+06,3.71658e+06,1.11202e+07,0,329077,0,0
62.595,85.1408,3.75307,0.04,0.06,2.90619,2.90619,0,0.544597,4.6872,4.06315e+06,2.78055e+06,1.18083e+07,0,351641,0,0,62.338,61.3098,7.68504,0,1,1.31698,1.31698,0,1.01746,1.90512,8.44406e+06,3.71658e+06,1.11207e+07,0,329091,0,0
63.1825,85.1408,3.72401,0.04,0.06,2.90631,2.90631,0,0.54462,4.6872,4.06315e+06,2.78055e+06,1.18088e+07,0,351656,0,0,62.338,61.3098,7.13749,0,1,1.31704,1.31704,0,1.0175,1.90512,8.44406e+06,3.71658e+06,1.11211e+07,0,329104,0,0
65.3026,85.1408,5.37094,0.04,0.06,2.90643,2.90643,0,0.544642,4.6872,4.06315e+06,2.78055e+06,1.18093e+07,0,351670,0,0,62.338,61.3098,8.79751,0,1,1.31709,1.31709,0,1.01754,1.90512,8.44406e+06,3.71658e+06,1.11216e+07,0,329118,0,0
68.4572,85.1408,6.43599,0.04,0.06,2.90655,2.90655,0,0.544665,4.6872,4.06315e+06,2.78055e+06,1.18098e+07,0,351685,0,0,62.338,61.3098,9.38633,0,1,1.31715,1.31715,0,1.01759,1.90512,8.44406e+06,3.71658e+06,1.11221e+07,0,329132,0,0
82.4028,85.1408,18.0501,0.03,0.06,2.90655,2.90655,0,0.544688,4.6872,4.06315e+06,2.78055e+06,1.18098e+07,0,351685,0,0,62.338,61.3098,11.5599,0,1,1.31715,1.31715,0,1.01763,1.90512,8.44406e+06,3.71658e+06,1.11221e+07,0,329132,0,0
85.1408,85.1408,8.41808,0.01,0.06,2.99773,2.99773,0,0.544688,4.6872,4.06315e+06,2.78055e+06,1.21802e+07,0,362717,0,0,62.338,61.3098,5.95615,0,1,1.35979,1.35979,0,1.01763,1.90512,8.44406e+06,3.71658e+06,1.14821e+07,0,339788,0,0
85.1408,85.1408,5.58672,0,0.06,2.99784,2.99784,0,0.561774,4.6872,4.06315e+06,2.78055e+06,1.21807e+07,0,362730,0,0,62.338,61.3098,5.33613,0,1,1.35984,1.35984,0,1.05057,1.90512,8.44406e+06,3.71658e+06,1.14826e+07,0,339800,0,0
85.1408,85.1408,6.05403,0,0.06,2.99795,2.99795,0,0.561795,4.6872,4.06315e+06,2.78055e+06,1.21811e+07,0,362743,0,0,62.338,61.3098,5.4118,0,1,1.35989,1.35989,0,1.05061,1.90512,8.44406e+06,3.71658e+06,1.1483e+07,0,339812,0,0
85.1408,85.1408,5.57807,0,0.06,2.99805,2.99805,0,0.561815,4.6872,4.06315e+06,2.78055e+06,1.21815e+07,0,362757,0,0,62.338,61.3098,6.07929,0,1,1.35994,1.35994,0,1.05065,1.90512,8.44406e+06,3.71658e+06,1.14834e+07,0,339825,0,0
85.1408,85.1408,6.63789,0,0.06,3.2906,3.2906,0,0.561835,4.6872,4.06315e+06,2.78055e+06,1.33702e+07,0,398153,0,0,62.338,61.3098,4.83973,0,1,1.51989,1.51989,0,1.05069,1.90512,8.44406e+06,3.71658e+06,1.28341e+07,0,379795,0,0
85.1408,85.1408,5.79899,0,0.06,3.29072,3.29072,0,0.616658,4.6872,4.06315e+06,2.78055e+06,1.33707e+07,0,398168,0,0,62.338,61.3098,5.05209,0,1,1.51995,1.51995,0,1.17427,1.90512,8.44406e+06,3.71658e+06,1.28345e+07,0,379809,0,0
85.1408,85.1408,8.20692,0,0.06,3.29084,3.29084,0,0.61668,4.6872,4.06315e+06,2.78055e+06,1.33712e+07,0,398182,0,0,62.338,61.3098,5.17813,0,1,1.52,1.52,0,1.17431,1.90512,8.44406e+06,3.71658e+06,1.2835e+07,0,379823,0,0
85.1408,85.1408,6.03006,0,0.06,3.29096,3.29096,0,0.616703,4.6872,4.06315e+06,2.78055e+06,1.33717e+07,0,398197,0,0,62.338,61.3098,6.23419,0,1,1.52006,1.52006,0,1.17436,1.90512,8.44406e+06,3.71658e+06,1.28355e+07,0,379836,0,0
85.1408,85.1408,5.16785,0,0.06,2.87391,2.87391,0,0.616725,4.6872,4.06315e+06,2.78055e+06,1.16771e+07,0,347736,0,0,62.338,61.3098,6.45269,0,1,1.30549,1.30549,0,1.1744,1.90512,8.44406e+06,3.71658e+06,1.10236e+07,0,326219,0,0
85.1408,85.1408,7.38925,0,0.06,2.87402,2.87402,0,0.538571,4.6872,4.06315e+06,2.78055e+06,1.16776e+07,0,347748,0,0,62.338,61.3098,10.5168,0,1,1.30554,1.30554,0,1.00862,1.90512,8.44406e+06,3.71658e+06,1.1024e+07,0,326231,0,0
85.1408,85.1408,6.59462,0,0.06,2.87412,2.87412,0,0.538591,4.6872,4.06315e+06,2.78055e+06,1.1678e+07,0,347761,0,0,62.338,61.3098,11.1569,0,1,1.30558,1.30558,0,1.00866,1.90512,8.44406e+06,3.71658e+06,1.10244e+07,0,326242,0,0
85.1408,85.1408,5.14216,0,0.06,2.87423,2.87423,0,0.53861,4.6872,4.06315e+06,2.78055e+06,1.16784e+07,0,347774,0,0,62.338,61.3098,6.93674,0,1,1.30563,1.30563,0,1.00869,1.90512,8.44406e+06,3.71658e+06,1.10248e+07,0,326254,0,0
85.1408,85.1408,7.3117,0,0.06,2.87433,2.87433,0,0.53863,4.6872,4.06315e+06,2.78055e+06,1.16788e+07,0,347786,0,0,62.338,61.3098,10.9384,0,1,1.30568,1.30568,0,1.00873,1.90512,8.44406e+06,3.71658e+06,1.10252e+07,0,326266,0,0
85.1408,85.1408,6.83156,0,0.06,2.97946,2.97946,0,0.538649,4.6872,4.06315e+06,2.78055e+06,1.2106e+07,0,360507,0,0,62.338,61.3098,9.55473,0,1,1.35824,1.35824,0,1.00877,1.90512,8.44406e+06,3.71658e+06,1.14691e+07,0,339401,0,0
85.1408,85.1408,5.08939,0,0.06,2.97957,2.97957,0,0.558351,4.6872,4.06315e+06,2.78055e+06,1.21064e+07,0,360520,0,0,62.338,61.3098,9.32699,0,1,1.35829,1.35829,0,1.04938,1.90512,8.44406e+06,3.71658e+06,1.14695e+07,0,339413,0,0
85.1408,85.1408,4.29198,0,0.06,2.97968,2.97968,0,0.558371,4.6872,4.06315e+06,2.78055e+06,1.21069e+07,0,360533,0,0,62.338,61.3098,7.1291,0,1,1.35834,1.35834,0,1.04942,1.90512,8.44406e+06,3.71658e+06,1.14699e+07,0,339425,0,0
85.1408,85.1408,4.39074,0,0.06,2.97979,2.97979,0,0.558392,4.6872,4.06315e+06,2.78055e+06,1.21073e+07,0,360546,0,0,62.338,61.3098,5.89343,0,1,1.35839,1.35839,0,1.04945,1.90512,8.44406e+06,3.71658e+06,1.14703e+07,0,339438,0,0
85.1408,85.1408,4.43172,0,0.06,2.93882,2.93882,0,0.558412,4.6872,4.06315e+06,2.78055e+06,1.19409e+07,0,355590,0,0,62.338,61.3098,4.93938,0,1,1.33804,1.33804,0,1.04949,1.90512,8.44406e+06,3.71658e+06,1.12985e+07,0,334353,0,0
85.1408,85.1408,4.1814,0,0.06,2.93893,2.93893,0,0.550736,4.6872,4.06315e+06,2.78055e+06,1.19413e+07,0,355603,0,0,62.338,61.3098,4.7848,0,1,1.33809,1.33809,0,1.03377,1.90512,8.44406e+06,3.71658e+06,1.12989e+07,0,334365,0,0
85.1408,85.1408,3.96085,0,0.06,2.93904,2.93904,0,0.550756,4.6872,4.06315e+06,2.78055e+06,1.19418e+07,0,355616,0,0,62.338,61.3098,5.77055,0,1,1.33814,1.33814,0,1.03381,1.90512,8.44406e+06,3.71658e+06,1.12993e+07,0,334377,0,0
85.1408,85.1408,3.72246,0,0.06,2.93914,2.93914,0,0.550776,4.6872,4.06315e+06,2.78055e+06,1.19422e+07,0,355629,0,0,62.338,61.3098,5.01586,0,1,1.33819,1.33819,0,1.03384,1.90512,8.44406e+06,3.71658e+06,1.12997e+07,0,334389,0,0
85.1408,85.1408,4.19116,0,0.06,3.07868,3.07868,0,0.550796,4.6872,4.06315e+06,2.78055e+06,1.25091e+07,0,372512,0,0,62.338,61.3098,4.88954,0,1,1.41059,1.41059,0,1.03388,1.90512,8.44406e+06,3.71658e+06,1.19111e+07,0,352481,0,0
85.1408,85.1408,3.64176,0,0.06,3.07879,3.07879,0,0.576945,4.6872,4.06315e+06,2.78055e+06,1.25096e+07,0,372526,0,0,62.338,61.3098,3.55484,0,1,1.41064,1.41064,0,1.08982,1.90512,8.44406e+06,3.71658e+06,1.19115e+07,0,352494,0,0
85.1408,85.1408,3.40004,0,0.06,3.07891,3.07891,0,0.576966,4.6872,4.06315e+06,2.78055e+06,1.25101e+07,0,372539,0,0,62.338,61.3098,3.42412,0,1,1.41069,1.41069,0,1.08986,1.90512,8.44406e+06,3.71658e+06,1.19119e+07,0,352507,0,0
84.9502,85.1408,3.1062,0,0.06,3.07902,3.07902,0,0.576987,4.6872,4.06315e+06,2.78055e+06,1.25105e+07,0,372553,0,0,62.338,61.3098,2.93684,0,1,1.41074,1.41074,0,1.0899,1.90512,8.44406e+06,3.71658e+06,1.19124e+07,0,352519,0,0
84.7657,85.1408,3.07965,0,0.06,3.07913,3.07913,0,0.577008,4.6872,4.06315e+06,2.78055e+06,1.2511e+07,0,372566,0,0,62.338,61.3098,2.38872,0,1,1.41079,1.41079,0,1.08994,1.90512,8.44406e+06,3.71658e+06,1.19128e+07,0,352532,0,0
84.4822,85.1408,2.93869,0,0.06,3.05166,3.05166,0,0.577029,4.6872,4.06315e+06,2.78055e+06,1.23994e+07,0,369243,0,0,62.338,61.3098,2.26637,0,1,1.45062,1.45062,0,1.08998,1.90512,8.44406e+06,3.71658e+06,1.22491e+07,0,362484,0,0
84.0098,85.1408,2.73634,0,0.06,3.05177,3.05177,0,0.571882,4.6872,4.06315e+06,2.78055e+06,1.23998e+07,0,369256,0,0,62.2691,61.3098,2.10456,0,1,1.45067,1.45067,0,1.12075,1.90512,8.44406e+06,3.71658e+06,1.22495e+07,0,362497,0,0
83.3999,85.1408,2.5888,0,0.06,3.05188,3.05188,0,0.571902,4.6872,4.06315e+06,2.78055e+06,1.24003e+07,0,369270,0,0,62.0709,61.3098,1.98224,0,1,1.45072,1.45072,0,1.12079,1.90512,8.44406e+06,3.71658e+06,1.225e+07,0,362510,0,0
82.6707,85.1408,2.43597,0,0.06,3.052,3.052,0,0.571923,4.6872,4.06315e+06,2.78055e+06,1.24007e+07,0,369283,0,0,61.8822,61.3098,1.81965,0,1,1.45077,1.45077,0,1.12083,1.90512,8.44406e+06,3.71658e+06,1.22504e+07,0,362523,0,0
81.7005,85.1408,2.2253,0.01,0.06,3.12334,3.12334,0,0.571944,4.6872,4.06315e+06,2.78055e+06,1.26906e+07,0,377915,0,0,61.6163,61.3098,1.74941,0,1,1.48628,1.48628,0,1.12087,1.90512,8.44406e+06,3.71658e+06,1.25502e+07,0,371395,0,0
80.5193,85.1408,2.00002,0.02,0.06,3.12345,3.12345,0,0.585313,4.6872,4.06315e+06,2.78055e+06,1.26911e+07,0,377929,0,0,61.3362,61.3098,1.7799,0,1,1.48633,1.48633,0,1.1483,1.90512,8.44406e+06,3.71658e+06,1.25507e+07,0,371409,0,0
79.4241,85.1408,2.06862,0.02,0.06,3.12356,3.12356,0,0.585335,4.6872,4.06315e+06,2.78055e+06,1.26915e+07,0,377943,0,0,61.0896,61.3098,2.0415,0,1,1.48639,1.48639,0,1.14834,1.90512,8.44406e+06,3.71658e+06,1.25511e+07,0,371422,0,0
79.2702,85.1408,3.04804,0.01,0.06,3.12368,3.12368,0,0.585356,4.6872,4.06315e+06,2.78055e+06,1.2692e+07,0,377957,0,0,60.9241,61.3098,2.42577,0,1,1.48644,1.48644,0,1.14838,1.90512,8.44406e+06,3.71658e+06,1.25516e+07,0,371436,0,0
77.6405,85.1408,1.65202,0.02,0.06,3.33242,3.33242,0,0.585377,4.6872,4.06315e+06,2.78055e+06,1.35401e+07,0,403213,0,0,60.2959,61.3098,1.52858,0,1,1.61448,1.61448,0,1.14842,1.90512,8.44406e+06,3.71658e+06,1.36327e+07,0,403429,0,0
76.1569,85.1408,1.78246,0.02,0.06,3.33254,3.33254,0,0.624495,4.6872,4.06315e+06,2.78055e+06,1.35406e+07,0,403228,0,0,59.8327,61.3098,1.54189,0,1,1.61454,1.61454,0,1.24734,1.90512,8.44406e+06,3.71658e+06,1.36332e+07,0,403444,0,0
75.5932,85.1408,2.7593,0.04,0.06,3.33266,3.33266,0,0.624518,4.6872,4.06315e+06,2.78055e+06,1.35411e+07,0,403243,0,0,59.464,61.3098,1.85013,0,1,1.61459,1.61459,0,1.24739,1.90512,8.44406e+06,3.71658e+06,1.36337e+07,0,403459,0,0
75.9615,85.1408,3.7257,0.04,0.06,3.33278,3.33278,0,0.62454,4.6872,4.06315e+06,2.78055e+06,1.35416e+07,0,403257,0,0,59.2462,61.3098,2.02766,0,1,1.61465,1.61465,0,1.24744,1.90512,8.44406e+06,3.71658e+06,1.36342e+07,0,403474,0,0
74.6362,85.1408,1.97342,0.04,0.06,3.3329,3.3329,0,0.624563,4.6872,4.06315e+06,2.78055e+06,1.35421e+07,0,403272,0,0,58.7141,61.3098,2.37269,0,1,1.61471,1.61471,0,1.24748,1.90512,8.44406e+06,3.71658e+06,1.36347e+07,0,403488,0,0
73.0863,85.1408,1.63033,0.04,0.06,3.23133,3.23133,0,0.624586,4.6872,4.06315e+06,2.78055e+06,1.31294e+07,0,390982,0,0,57.9026,61.3098,1.27807,0,1,1.53708,1.53708,0,1.24753,1.90512,8.44406e+06,3.71658e+06,1.29792e+07,0,384089,0,0
71.5974,85.1408,1.69323,0.04,0.06,3.23145,3.23145,0,0.605551,4.6872,4.06315e+06,2.78055e+06,1.31299e+07,0,390996,0,0,57.45,61.3098,1.23651,0,1,1.53713,1.53713,0,1.18755,1.90512,8.44406e+06,3.71658e+06,1.29796e+07,0,384103,0,0
73.0623,85.1408,4.92218,0.04,0.06,3.23156,3.23156,0,0.605573,4.6872,4.06315e+06,2.78055e+06,1.31303e+07,0,391011,0,0,57.5591,61.3098,2.1893,0,1,1.53719,1.53719,0,1.18759,1.90512,8.44406e+06,3.71658e+06,1.29801e+07,0,384117,0,0
73.0014,85.1408,3.36342,0.04,0.06,3.23168,3.23168,0,0.605595,4.6872,4.06315e+06,2.78055e+06,1.31308e+07,0,391025,0,0,57.4316,61.3098,1.99578,0,1,1.53724,1.53724,0,1.18763,1.90512,8.44406e+06,3.71658e+06,1.29806e+07,0,384131,0,0
71.8332,85.1408,2.21097,0.04,0.06,3.14831,3.14831,0,0.605617,4.6872,4.06315e+06,2.78055e+06,1.27921e+07,0,380938,0,0,57.8324,61.3098,2.53863,0,1,1.46657,1.46657,0,1.18768,1.90512,8.44406e+06,3.71658e+06,1.23838e+07,0,366470,0,0
71.4477,85.1408,3.00811,0.04,0.06,3.14843,3.14843,0,0.589994,4.6872,4.06315e+06,2.78055e+06,1.27925e+07,0,380951,0,0,57.7997,61.3098,1.96563,0,1,1.46662,1.46662,0,1.13307,1.90512,8.44406e+06,3.71658e+06,1.23842e+07,0,366483,0,0
71.4553,85.1408,3.4096,0.04,0.06,3.14854,3.14854,0,0.590016,4.6872,4.06315e+06,2.78055e+06,1.2793e+07,0,380965,0,0,57.775,61.3098,2.05042,0,1,1.46668,1.46668,0,1.13311,1.90512,8.44406e+06,3.71658e+06,1.23847e+07,0,366497,0,0
71.3927,85.1408,3.38198,0.03,0.06,3.14866,3.14866,0,0.590037,4.6872,4.06315e+06,2.78055e+06,1.27935e+07,0,380979,0,0,57.8601,61.3098,2.40073,0,1,1.46673,1.46673,0,1.13315,1.90512,8.44406e+06,3.71658e+06,1.23851e+07,0,366510,0,0
73.1259,85.1408,5.21653,0.03,0.06,2.91163,2.91163,0,0.590058,4.6872,4.06315e+06,2.78055e+06,1.18304e+07,0,352300,0,0,58.3337,61.3098,4.40298,0,1,1.31945,1.31945,0,1.1332,1.90512,8.44406e+06,3.71658e+06,1.11415e+07,0,329707,0,0
75.8405,85.1408,6.31808,0.03,0.06,2.91174,2.91174,0,0.54564,4.6872,4.06315e+06,2.78055e+06,1.18308e+07,0,352313,0,0,58.8864,61.3098,3.15811,0,1,1.3195,1.3195,0,1.01941,1.90512,8.44406e+06,3.71658e+06,1.11419e+07,0,329719,0,0
78.5998,85.1408,6.39231,0.03,0.06,2.91185,2.91185,0,0.54566,4.6872,4.06315e+06,2.78055e+06,1.18313e+07,0,352326,0,0,61.1736,61.3098,6.5135,0,1,1.31955,1.31955,0,1.01944,1.90512,8.44406e+06,3.71658e+06,1.11423e+07,0,329731,0,0
79.1655,85.1408,3.97923,0.01,0.06,2.91195,2.91195,0,0.54568,4.6872,4.06315e+06,2.78055e+06,1.18317e+07,0,352338,0,0,61.6278,61.3098,3.11791,0,1,1.31959,1.31959,0,1.01948,1.90512,8.44406e+06,3.71658e+06,1.11427e+07,0,329743,0,0
82.3637,85.1408,6.81011,0.01,0.06,2.91206,2.91206,0,0.5457,4.6872,4.06315e+06,2.78055e+06,1.18321e+07,0,352351,0,0,62.338,61.3098,5.57414,0,1,1.31964,1.31964,0,1.01952,1.90512,8.44406e+06,3.71658e+06,1.11431e+07,0,329755,0,0
85.1408,85.1408,6.75859,0.01,0.06,3.00339,3.00339,0,0.54572,4.6872,4.06315e+06,2.78055e+06,1.22032e+07,0,363402,0,0,62.338,61.3098,5.31644,0,1,1.36236,1.36236,0,1.01956,1.90512,8.44406e+06,3.71658e+06,1.15038e+07,0,340430,0,0
85.1408,85.1408,6.02575,0,0.06,3.00349,3.00349,0,0.562835,4.6872,4.06315e+06,2.78055e+06,1.22036e+07,0,363414,0,0,62.338,61.3098,5.03867,0,1,1.3624,1.3624,0,1.05256,1.90512,8.44406e+06,3.71658e+06,1.15042e+07,0,340440,0,0
85.1408,85.1408,4.48952,0,0.06,3.00358,3.00358,0,0.562853,4.6872,4.06315e+06,2.78055e+06,1.2204e+07,0,363425,0,0,62.338,61.3098,3.8131,0,1,1.36244,1.36244,0,1.05259,1.90512,8.44406e+06,3.71658e+06,1.15046e+07,0,340451,0,0
85.1408,85.1408,5.52607,0,0.06,3.00367,3.00367,0,0.562871,4.6872,4.06315e+06,2.78055e+06,1.22044e+07,0,363436,0,0,62.338,61.3098,4.63423,0,1,1.36249,1.36249,0,1.05262,1.90512,8.44406e+06,3.71658e+06,1.15049e+07,0,340462,0,0
85.1408,85.1408,6.91781,0,0.06,3.29675,3.29675,0,0.562888,4.6872,4.06315e+06,2.78055e+06,1.33952e+07,0,398898,0,0,62.338,61.3098,4.10658,0,1,1.52273,1.52273,0,1.05266,1.90512,8.44406e+06,3.71658e+06,1.28581e+07,0,380505,0,0
85.1408,85.1408,8.24943,0,0.06,3.29685,3.29685,0,0.61781,4.6872,4.06315e+06,2.78055e+06,1.33956e+07,0,398910,0,0,62.338,61.3098,5.50167,0,1,1.52278,1.52278,0,1.17646,1.90512,8.44406e+06,3.71658e+06,1.28585e+07,0,380517,0,0
85.1408,85.1408,6.9051,0,0.06,3.29695,3.29695,0,0.61783,4.6872,4.06315e+06,2.78055e+06,1.3396e+07,0,398923,0,0,62.338,61.3098,4.08686,0,1,1.52283,1.52283,0,1.1765,1.90512,8.44406e+06,3.71658e+06,1.28589e+07,0,380528,0,0
85.1408,85.1408,7.83356,0,0.06,3.29706,3.29706,0,0.617849,4.6872,4.06315e+06,2.78055e+06,1.33964e+07,0,398935,0,0,62.338,61.3098,5.13928,0,1,1.52288,1.52288,0,1.17654,1.90512,8.44406e+06,3.71658e+06,1.28593e+07,0,380540,0,0
85.1408,85.1408,10.6071,0,0.06,2.87922,2.87922,0,0.617869,4.6872,4.06315e+06,2.78055e+06,1.16987e+07,0,348378,0,0,62.338,61.3098,7.18448,0,1,1.3079,1.3079,0,1.17658,1.90512,8.44406e+06,3.71658e+06,1.1044e+07,0,326822,0,0
85.1408,85.1408,10.0874,0,0.06,2.87931,2.87931,0,0.539567,4.6872,4.06315e+06,2.78055e+06,1.16991e+07,0,348389,0,0,62.338,61.3098,6.05447,0,1,1.30794,1.30794,0,1.01048,1.90512,8.44406e+06,3.71658e+06,1.10443e+07,0,326832,0,0
85.1408,85.1408,7.40057,0,0.06,2.8794,2.8794,0,0.539583,4.6872,4.06315e+06,2.78055e+06,1.16995e+07,0,348400,0,0,62.338,61.3098,3.9553,0,1,1.30798,1.30798,0,1.01052,1.90512,8.44406e+06,3.71658e+06,1.10447e+07,0,326842,0,0
85.1408,85.1408,6.64913,0,0.06,2.87949,2.87949,0,0.5396,4.6872,4.06315e+06,2.78055e+06,1.16998e+07,0,348411,0,0,62.338,61.3098,3.40946,0,1,1.30802,1.30802,0,1.01055,1.90512,8.44406e+06,3.71658e+06,1.1045e+07,0,326852,0,0
85.1408,85.1408,6.76501,0,0.06,2.87958,2.87958,0,0.539617,4.6872,4.06315e+06,2.78055e+06,1.17002e+07,0,348422,0,0,62.338,61.3098,4.58655,0,1,1.30807,1.30807,0,1.01058,1.90512,8.44406e+06,3.71658e+06,1.10454e+07,0,326863,0,0
85.1408,85.1408,5.15097,0,0.06,2.98489,2.98489,0,0.539634,4.6872,4.06315e+06,2.78055e+06,1.21281e+07,0,361164,0,0,62.338,61.3098,4.14219,0,1,1.36072,1.36072,0,1.01061,1.90512,8.44406e+06,3.71658e+06,1.149e+07,0,340019,0,0
85.1408,85.1408,4.52866,0,0.06,2.98499,2.98499,0,0.559369,4.6872,4.06315e+06,2.78055e+06,1.21284e+07,0,361175,0,0,62.338,61.3098,3.28455,0,1,1.36076,1.36076,0,1.05129,1.90512,8.44406e+06,3.71658e+06,1.14903e+07,0,340030,0,0
85.1408,85.1408,3.96481,0,0.06,2.98508,2.98508,0,0.559386,4.6872,4.06315e+06,2.78055e+06,1.21288e+07,0,361186,0,0,62.338,61.3098,3.41178,0,1,1.3608,1.3608,0,1.05132,1.90512,8.44406e+06,3.71658e+06,1.14907e+07,0,340041,0,0
85.1408,85.1408,4.65439,0,0.06,2.98517,2.98517,0,0.559404,4.6872,4.06315e+06,2.78055e+06,1.21292e+07,0,361198,0,0,62.338,61.3098,3.42993,0,1,1.36084,1.36084,0,1.05136,1.90512,8.44406e+06,3.71658e+06,1.1491e+07,0,340051,0,0
85.1408,85.1408,3.6699,0,0.06,2.94412,2.94412,0,0.559421,4.6872,4.06315e+06,2.78055e+06,1.19624e+07,0,356231,0,0,62.338,61.3098,2.55773,0,1,1.34045,1.34045,0,1.05139,1.90512,8.44406e+06,3.71658e+06,1.13188e+07,0,334955,0,0
85.0059,85.1408,3.20003,0,0.06,2.94421,2.94421,0,0.551728,4.6872,4.06315e+06,2.78055e+06,1.19628e+07,0,356242,0,0,62.288,61.3098,2.33343,0,1,1.34049,1.34049,0,1.03563,1.90512,8.44406e+06,3.71658e+06,1.13192e+07,0,334966,0,0
84.5651,85.1408,2.85787,0,0.06,2.94431,2.94431,0,0.551746,4.6872,4.06315e+06,2.78055e+06,1.19632e+07,0,356253,0,0,62.218,61.3098,2.05142,0,1,1.34054,1.34054,0,1.03567,1.90512,8.44406e+06,3.71658e+06,1.13196e+07,0,334976,0,0
83.9497,85.1408,2.64788,0,0.06,2.9444,2.9444,0,0.551763,4.6872,4.06315e+06,2.78055e+06,1.19635e+07,0,356264,0,0,62.1055,61.3098,1.93482,0,1,1.34058,1.34058,0,1.0357,1.90512,8.44406e+06,3.71658e+06,1.13199e+07,0,334987,0,0
83.3731,85.1408,2.77637,0,0.06,3.08417,3.08417,0,0.55178,4.6872,4.06315e+06,2.78055e+06,1.25314e+07,0,373176,0,0,61.7544,61.3098,1.7846,0,1,1.4131,1.4131,0,1.03573,1.90512,8.44406e+06,3.71658e+06,1.19323e+07,0,353109,0,0
82.7062,85.1408,2.63637,0,0.06,3.08426,3.08426,0,0.577973,4.6872,4.06315e+06,2.78055e+06,1.25318e+07,0,373188,0,0,61.5485,61.3098,1.64796,0,1,1.41314,1.41314,0,1.09176,1.90512,8.44406e+06,3.71658e+06,1.19327e+07,0,353120,0,0
81.9776,85.1408,2.56054,0,0.06,3.08436,3.08436,0,0.577991,4.6872,4.06315e+06,2.78055e+06,1.25322e+07,0,373199,0,0,61.3147,61.3098,1.74505,0,1,1.41319,1.41319,0,1.0918,1.90512,8.44406e+06,3.71658e+06,1.1933e+07,0,353131,0,0
81.0161,85.1408,2.33129,0,0.06,3.08446,3.08446,0,0.578009,4.6872,4.06315e+06,2.78055e+06,1.25326e+07,0,373211,0,0,61.1983,61.3098,1.67605,0,1,1.41323,1.41323,0,1.09183,1.90512,8.44406e+06,3.71658e+06,1.19334e+07,0,353142,0,0
79.735,85.1408,1.96425,0,0.06,3.08455,3.08455,0,0.578027,4.6872,4.06315e+06,2.78055e+06,1.2533e+07,0,373223,0,0,61.1879,61.3098,1.93906,0,1,1.41328,1.41328,0,1.09186,1.90512,8.44406e+06,3.71658e+06,1.19338e+07,0,353153,0,0
78.3686,85.1408,1.82314,0,0.06,3.05702,3.05702,0,0.578045,4.6872,4.06315e+06,2.78055e+06,1.24211e+07,0,369891,0,0,61.1718,61.3098,2.13189,0,1,1.45316,1.45316,0,1.0919,1.90512,8.44406e+06,3.71658e+06,1.22706e+07,0,363120,0,0
76.9658,85.1408,1.76798,0,0.06,3.05712,3.05712,0,0.572886,4.6872,4.06315e+06,2.78055e+06,1.24215e+07,0,369903,0,0,61.1184,61.3098,2.09352,0,1,1.45321,1.45321,0,1.12271,1.90512,8.44406e+06,3.71658e+06,1.2271e+07,0,363132,0,0
75.4569,85.1408,1.61778,0,0.06,3.05721,3.05721,0,0.572904,4.6872,4.06315e+06,2.78055e+06,1.24219e+07,0,369915,0,0,60.98,61.3098,1.9587,0,1,1.45326,1.45326,0,1.12275,1.90512,8.44406e+06,3.71658e+06,1.22714e+07,0,363143,0,0
73.7853,85.1408,1.42485,0.02,0.06,3.05731,3.05731,0,0.572922,4.6872,4.06315e+06,2.78055e+06,1.24223e+07,0,369926,0,0,60.7824,61.3098,1.85571,0,1,1.4533,1.4533,0,1.12278,1.90512,8.44406e+06,3.71658e+06,1.22718e+07,0,363154,0,0
72.1035,85.1408,1.47308,0.03,0.06,3.12876,3.12876,0,0.57294,4.6872,4.06315e+06,2.78055e+06,1.27126e+07,0,378571,0,0,60.6884,61.3098,1.97194,0,1,1.48886,1.48886,0,1.12282,1.90512,8.44406e+06,3.71658e+06,1.2572e+07,0,372040,0,0
70.3433,85.1408,1.36027,0.04,0.06,3.12886,3.12886,0,0.586329,4.6872,4.06315e+06,2.78055e+06,1.2713e+07,0,378583,0,0,60.444,61.3098,1.98025,0,1,1.48891,1.48891,0,1.15029,1.90512,8.44406e+06,3.71658e+06,1.25724e+07,0,372052,0,0
68.5041,85.1408,1.26155,0.04,0.06,3.12895,3.12895,0,0.586348,4.6872,4.06315e+06,2.78055e+06,1.27134e+07,0,378595,0,0,60.212,61.3098,1.76943,0,1,1.48895,1.48895,0,1.15033,1.90512,8.44406e+06,3.71658e+06,1.25728e+07,0,372063,0,0
66.7114,85.1408,1.28182,0.03,0.06,3.12905,3.12905,0,0.586366,4.6872,4.06315e+06,2.78055e+06,1.27138e+07,0,378607,0,0,60.0385,61.3098,1.99429,0,1,1.489,1.489,0,1.15036,1.90512,8.44406e+06,3.71658e+06,1.25732e+07,0,372075,0,0
64.7403,85.1408,1.24239,0.04,0.06,3.33813,3.33813,0,0.586384,4.6872,4.06315e+06,2.78055e+06,1.35633e+07,0,403905,0,0,59.712,61.3098,1.88083,0,1,1.61725,1.61725,0,1.1504,1.90512,8.44406e+06,3.71658e+06,1.36561e+07,0,404122,0,0
62.9014,85.1408,1.36862,0.04,0.06,3.33824,3.33824,0,0.625566,4.6872,4.06315e+06,2.78055e+06,1.35638e+07,0,403918,0,0,59.3989,61.3098,2.25233,0,1,1.6173,1.6173,0,1.24948,1.90512,8.44406e+06,3.71658e+06,1.36565e+07,0,404134,0,0
60.8217,85.1408,1.11796,0.04,0.06,3.33834,3.33834,0,0.625586,4.6872,4.06315e+06,2.78055e+06,1.35642e+07,0,403930,0,0,59.0009,61.3098,1.69126,0,1,1.61735,1.61735,0,1.24952,1.90512,8.44406e+06,3.71658e+06,1.3657e+07,0,404147,0,0
58.9821,85.1408,1.31827,0.04,0.06,3.33845,3.33845,0,0.625605,4.6872,4.06315e+06,2.78055e+06,1.35646e+07,0,403943,0,0,58.8665,61.3098,2.77594,0,1,1.6174,1.6174,0,1.24956,1.90512,8.44406e+06,3.71658e+06,1.36574e+07,0,404159,0,0
56.7409,85.1408,0.876278,0.04,0.06,3.33855,3.33855,0,0.625625,4.6872,4.06315e+06,2.78055e+06,1.3565e+07,0,403956,0,0,58.2804,61.3098,1.70744,0,1,1.61745,1.61745,0,1.2496,1.90512,8.44406e+06,3.71658e+06,1.36578e+07,0,404172,0,0
54.462,85.1408,0.735363,0.04,0.06,3.23679,3.23679,0,0.625644,4.6872,4.06315e+06,2.78055e+06,1.31516e+07,0,391643,0,0,57.9192,61.3098,1.58949,0,1,1.53967,1.53967,0,1.24964,1.90512,8.44406e+06,3.71658e+06,1.30011e+07,0,384738,0,0
52.4654,85.1408,1.01536,0.04,0.06,3.23689,3.23689,0,0.606574,4.6872,4.06315e+06,2.78055e+06,1.3152e+07,0,391655,0,0,57.6867,61.3098,1.77313,0,1,1.53972,1.53972,0,1.18955,1.90512,8.44406e+06,3.71658e+06,1.30015e+07,0,384750,0,0
50.8504,85.1408,1.43588,0.04,0.06,3.23699,3.23699,0,0.606593,4.6872,4.06315e+06,2.78055e+06,1.31524e+07,0,391667,0,0,57.8187,61.3098,2.90709,0,1,1.53977,1.53977,0,1.18959,1.90512,8.44406e+06,3.71658e+06,1.30019e+07,0,384762,0,0
49.0888,85.1408,1.31599,0.05,0.06,3.23709,3.23709,0,0.606612,4.6872,4.06315e+06,2.78055e+06,1.31528e+07,0,391680,0,0,57.7657,61.3098,2.26144,0,1,1.53982,1.53982,0,1.18963,1.90512,8.44406e+06,3.71658e+06,1.30023e+07,0,384774,0,0
48.3416,85.1408,2.22392,0.06,0.06,3.15357,3.15357,0,0.606631,4.6872,4.06315e+06,2.78055e+06,1.28134e+07,0,381573,0,0,58.0583,61.3098,2.87904,0,1,1.46902,1.46902,0,1.18966,1.90512,8.44406e+06,3.71658e+06,1.24045e+07,0,367082,0,0
48.2818,85.1408,2.96924,0.05,0.06,3.15367,3.15367,0,0.590979,4.6872,4.06315e+06,2.78055e+06,1.28138e+07,0,381585,0,0,58.5182,61.3098,3.04348,0,1,1.46906,1.46906,0,1.13496,1.90512,8.44406e+06,3.71658e+06,1.24049e+07,0,367093,0,0
49.1386,85.1408,3.89854,0.05,0.06,3.15377,3.15377,0,0.590997,4.6872,4.06315e+06,2.78055e+06,1.28142e+07,0,381597,0,0,59.3404,61.3098,3.76035,0,1,1.46911,1.46911,0,1.135,1.90512,8.44406e+06,3.71658e+06,1.24052e+07,0,367105,0,0
49.4598,85.1408,3.51679,0.05,0.06,3.15387,3.15387,0,0.591016,4.6872,4.06315e+06,2.78055e+06,1.28146e+07,0,381609,0,0,60.8544,61.3098,4.5213,0,1,1.46916,1.46916,0,1.13503,1.90512,8.44406e+06,3.71658e+06,1.24056e+07,0,367116,0,0
48.6708,85.1408,2.05803,0.06,0.06,2.85124,2.91644,0,0.591034,4.6872,4.06315e+06,2.78055e+06,1.1585e+07,0,352881,0,0,62.1797,61.3098,4.1776,0,1,1.38682,1.32163,0,1.13507,1.90512,8.44406e+06,3.71658e+06,1.17104e+07,0,330251,0,0
49.744,85.1408,3.97102,0.05,0.06,2.91653,2.91653,0,0.534322,4.6872,4.06315e+06,2.78055e+06,1.18503e+07,0,352892,0,0,62.338,61.3098,3.8243,0,1,1.32167,1.32167,0,1.07146,1.90512,8.44406e+06,3.71658e+06,1.11602e+07,0,330261,0,0
51.6801,85.1408,4.77098,0.06,0.06,2.70393,2.91662,0,0.546557,4.6872,4.06315e+06,2.78055e+06,1.09865e+07,0,352903,0,0,62.338,61.3098,3.62762,0,1,1.53439,1.32171,0,1.02112,1.90512,8.44406e+06,3.71658e+06,1.29565e+07,0,330272,0,0
53.6667,85.1408,5.12081,0.04,0.06,2.91671,2.91671,0,0.506717,4.6872,4.06315e+06,2.78055e+06,1.1851e+07,0,352914,0,0,62.338,61.3098,10.4213,0,1,1.32175,1.32175,0,1.18547,1.90512,8.44406e+06,3.71658e+06,1.11609e+07,0,330282,0,0
54.8228,85.1408,4.25714,0.04,0.06,2.9168,2.9168,0,0.546591,4.6872,4.06315e+06,2.78055e+06,1.18514e+07,0,352925,0,0,62.338,61.3098,4.75627,0,1,1.32179,1.32179,0,1.02118,1.90512,8.44406e+06,3.71658e+06,1.11613e+07,0,330292,0,0
55.3858,85.1408,3.80128,0.05,0.06,3.00827,3.00827,0,0.546608,4.6872,4.06315e+06,2.78055e+06,1.2223e+07,0,363992,0,0,62.338,61.3098,3.32092,0,1,1.36457,1.36457,0,1.02122,1.90512,8.44406e+06,3.71658e+06,1.15225e+07,0,340982,0,0
56.1874,85.1408,4.06847,0.05,0.06,3.00835,3.00835,0,0.563749,4.6872,4.06315e+06,2.78055e+06,1.22234e+07,0,364002,0,0,62.338,61.3098,3.76506,0,1,1.36461,1.36461,0,1.05427,1.90512,8.44406e+06,3.71658e+06,1.15228e+07,0,340991,0,0
56.6629,85.1408,3.7256,0.05,0.06,3.00842,3.00842,0,0.563764,4.6872,4.06315e+06,2.78055e+06,1.22237e+07,0,364011,0,0,62.338,61.3098,3.71942,0,1,1.36464,1.36464,0,1.0543,1.90512,8.44406e+06,3.71658e+06,1.15231e+07,0,341000,0,0
58.1357,85.1408,4.75679,0.05,0.06,3.0085,3.0085,0,0.563779,4.6872,4.06315e+06,2.78055e+06,1.2224e+07,0,364021,0,0,62.338,61.3098,3.32925,0,1,1.36468,1.36468,0,1.05432,1.90512,8.44406e+06,3.71658e+06,1.15234e+07,0,341009,0,0
58.8764,85.1408,4.26811,0.05,0.06,3.30203,3.30203,0,0.563794,4.6872,4.06315e+06,2.78055e+06,1.34167e+07,0,399537,0,0,62.338,61.3098,2.96894,0,1,1.52518,1.52518,0,1.05435,1.90512,8.44406e+06,3.71658e+06,1.28787e+07,0,381115,0,0
58.9291,85.1408,3.6184,0.05,0.06,3.30212,3.30212,0,0.618801,4.6872,4.06315e+06,2.78055e+06,1.3417e+07,0,399547,0,0,62.338,61.3098,3.04285,0,1,1.52522,1.52522,0,1.17835,1.90512,8.44406e+06,3.71658e+06,1.2879e+07,0,381125,0,0
60.088,85.1408,4.71307,0.06,0.06,3.29307,3.30221,0,0.618817,4.6872,4.06315e+06,2.78055e+06,1.33802e+07,0,399558,0,0,62.338,61.3098,3.29114,0,1,1.53439,1.52526,0,1.17838,1.90512,8.44406e+06,3.71658e+06,1.29565e+07,0,381135,0,0
61.3528,85.1408,4.93862,0.05,0.06,3.30229,3.30229,0,0.617121,4.6872,4.06315e+06,2.78055e+06,1.34177e+07,0,399568,0,0,62.338,61.3098,3.77077,0,1,1.5253,1.5253,0,1.18547,1.90512,8.44406e+06,3.71658e+06,1.28797e+07,0,381145,0,0
64.5026,85.1408,6.55574,0.05,0.06,2.88378,2.88378,0,0.618849,4.6872,4.06315e+06,2.78055e+06,1.17172e+07,0,348930,0,0,62.338,61.3098,4.60699,0,1,1.30997,1.30997,0,1.17844,1.90512,8.44406e+06,3.71658e+06,1.10615e+07,0,327339,0,0
66.942,85.1408,5.73338,0.05,0.06,2.88386,2.88386,0,0.540421,4.6872,4.06315e+06,2.78055e+06,1.17175e+07,0,348939,0,0,62.338,61.3098,4.47789,0,1,1.31001,1.31001,0,1.01208,1.90512,8.44406e+06,3.71658e+06,1.10618e+07,0,327348,0,0
67.8898,85.1408,4.24969,0.05,0.06,2.88393,2.88393,0,0.540435,4.6872,4.06315e+06,2.78055e+06,1.17179e+07,0,348948,0,0,62.338,61.3098,3.41869,0,1,1.31004,1.31004,0,1.01211,1.90512,8.44406e+06,3.71658e+06,1.10621e+07,0,327356,0,0
70.0371,85.1408,5.48799,0.05,0.06,2.88401,2.88401,0,0.540449,4.6872,4.06315e+06,2.78055e+06,1.17182e+07,0,348957,0,0,62.338,61.3098,3.8284,0,1,1.31007,1.31007,0,1.01214,1.90512,8.44406e+06,3.71658e+06,1.10623e+07,0,327365,0,0
73.4789,85.1408,6.83716,0.02,0.06,2.88408,2.88408,0,0.540463,4.6872,4.06315e+06,2.78055e+06,1.17185e+07,0,348966,0,0,62.338,61.3098,4.12988,0,1,1.31011,1.31011,0,1.01216,1.90512,8.44406e+06,3.71658e+06,1.10626e+07,0,327373,0,0
77.5911,85.1408,7.71366,0.01,0.06,2.98954,2.98954,0,0.540477,4.6872,4.06315e+06,2.78055e+06,1.2147e+07,0,361726,0,0,62.338,61.3098,5.23275,0,1,1.36284,1.36284,0,1.01219,1.90512,8.44406e+06,3.71658e+06,1.15079e+07,0,340549,0,0
80.2602,85.1408,6.40777,0,0.06,2.98962,2.98962,0,0.56024,4.6872,4.06315e+06,2.78055e+06,1.21473e+07,0,361736,0,0,62.338,61.3098,5.43031,0,1,1.36287,1.36287,0,1.05293,1.90512,8.44406e+06,3.71658e+06,1.15082e+07,0,340558,0,0
81.5267,85.1408,4.84929,0,0.06,2.9897,2.9897,0,0.560254,4.6872,4.06315e+06,2.78055e+06,1.21476e+07,0,361745,0,0,62.338,61.3098,3.81755,0,1,1.36291,1.36291,0,1.05295,1.90512,8.44406e+06,3.71658e+06,1.15085e+07,0,340567,0,0
82.6596,85.1408,4.59436,0,0.06,2.98977,2.98977,0,0.560269,4.6872,4.06315e+06,2.78055e+06,1.21479e+07,0,361755,0,0,62.338,61.3098,3.26154,0,1,1.36294,1.36294,0,1.05298,1.90512,8.44406e+06,3.71658e+06,1.15088e+07,0,340576,0,0
83.1978,85.1408,3.95865,0,0.06,2.94865,2.94865,0,0.560284,4.6872,4.06315e+06,2.78055e+06,1.19808e+07,0,356778,0,0,62.338,61.3098,2.818,0,1,1.34251,1.34251,0,1.05301,1.90512,8.44406e+06,3.71658e+06,1.13362e+07,0,335470,0,0
83.4468,85.1408,3.57768,0,0.06,2.94872,2.94872,0,0.552576,4.6872,4.06315e+06,2.78055e+06,1.19811e+07,0,356788,0,0,62.338,61.3098,2.4366,0,1,1.34255,1.34255,0,1.03722,1.90512,8.44406e+06,3.71658e+06,1.13365e+07,0,335479,0,0
83.4754,85.1408,3.3372,0,0.06,2.9488,2.9488,0,0.552591,4.6872,4.06315e+06,2.78055e+06,1.19814e+07,0,356797,0,0,62.338,61.3098,2.21105,0,1,1.34258,1.34258,0,1.03725,1.90512,8.44406e+06,3.71658e+06,1.13368e+07,0,335488,0,0
83.4221,85.1408,3.1992,0,0.06,2.94888,2.94888,0,0.552605,4.6872,4.06315e+06,2.78055e+06,1.19817e+07,0,356806,0,0,62.338,61.3098,2.18877,0,1,1.34262,1.34262,0,1.03728,1.90512,8.44406e+06,3.71658e+06,1.13371e+07,0,335496,0,0
83.4638,85.1408,3.39564,0,0.06,3.08884,3.08884,0,0.55262,4.6872,4.06315e+06,2.78055e+06,1.25504e+07,0,373742,0,0,62.2685,61.3098,2.56207,0,1,1.41524,1.41524,0,1.03731,1.90512,8.44406e+06,3.71658e+06,1.19504e+07,0,353644,0,0
83.2673,85.1408,3.1488,0,0.06,3.08893,3.08893,0,0.578849,4.6872,4.06315e+06,2.78055e+06,1.25508e+07,0,373752,0,0,62.1937,61.3098,2.11858,0,1,1.41528,1.41528,0,1.09342,1.90512,8.44406e+06,3.71658e+06,1.19507e+07,0,353654,0,0
82.7483,85.1408,2.79696,0,0.06,3.08901,3.08901,0,0.578865,4.6872,4.06315e+06,2.78055e+06,1.25511e+07,0,373761,0,0,62.2676,61.3098,1.85996,0,1,1.41532,1.41532,0,1.09345,1.90512,8.44406e+06,3.71658e+06,1.1951e+07,0,353663,0,0
82.0068,85.1408,2.53372,0,0.06,3.08909,3.08909,0,0.57888,4.6872,4.06315e+06,2.78055e+06,1.25514e+07,0,373771,0,0,62.1276,61.3098,1.99626,0,1,1.41535,1.41535,0,1.09347,1.90512,8.44406e+06,3.71658e+06,1.19513e+07,0,353672,0,0
80.9664,85.1408,2.17096,0,0.06,3.08917,3.08917,0,0.578895,4.6872,4.06315e+06,2.78055e+06,1.25518e+07,0,373781,0,0,61.6646,61.3098,1.65634,0,1,1.41539,1.41539,0,1.0935,1.90512,8.44406e+06,3.71658e+06,1.19516e+07,0,353682,0,0
79.7227,85.1408,1.92816,0,0.06,3.06158,3.06158,0,0.57891,4.6872,4.06315e+06,2.78055e+06,1.24397e+07,0,370443,0,0,61.1245,61.3098,1.40015,0,1,1.45533,1.45533,0,1.09353,1.90512,8.44406e+06,3.71658e+06,1.22889e+07,0,363662,0,0
78.3337,85.1408,1.77249,0,0.06,3.06166,3.06166,0,0.57374,4.6872,4.06315e+06,2.78055e+06,1.244e+07,0,370453,0,0,60.4328,61.3098,1.40715,0,1,1.45537,1.45537,0,1.12439,1.90512,8.44406e+06,3.71658e+06,1.22892e+07,0,363671,0,0
76.8132,85.1408,1.62347,0,0.06,3.06174,3.06174,0,0.573755,4.6872,4.06315e+06,2.78055e+06,1.24403e+07,0,370462,0,0,59.7164,61.3098,1.23729,0,1,1.45541,1.45541,0,1.12442,1.90512,8.44406e+06,3.71658e+06,1.22895e+07,0,363681,0,0
75.2323,85.1408,1.52695,0,0.06,3.06182,3.06182,0,0.57377,4.6872,4.06315e+06,2.78055e+06,1.24406e+07,0,370472,0,0,59.0249,61.3098,1.22595,0,1,1.45545,1.45545,0,1.12445,1.90512,8.44406e+06,3.71658e+06,1.22899e+07,0,363690,0,0
73.7355,85.1408,1.66218,0.02,0.06,3.13336,3.13336,0,0.573785,4.6872,4.06315e+06,2.78055e+06,1.27313e+07,0,379128,0,0,58.2893,61.3098,1.34392,0,1,1.49105,1.49105,0,1.12448,1.90512,8.44406e+06,3.71658e+06,1.25905e+07,0,372587,0,0
72.0951,85.1408,1.50008,0.03,0.06,3.13344,3.13344,0,0.587192,4.6872,4.06315e+06,2.78055e+06,1.27316e+07,0,379138,0,0,57.4785,61.3098,1.2881,0,1,1.49109,1.49109,0,1.15198,1.90512,8.44406e+06,3.71658e+06,1.25908e+07,0,372597,0,0
70.343,85.1408,1.36831,0.03,0.06,3.13352,3.13352,0,0.587207,4.6872,4.06315e+06,2.78055e+06,1.2732e+07,0,379148,0,0,56.644,61.3098,1.18805,0,1,1.49113,1.49113,0,1.15201,1.90512,8.44406e+06,3.71658e+06,1.25912e+07,0,372607,0,0
68.4495,85.1408,1.19312,0.03,0.06,3.13361,3.13361,0,0.587222,4.6872,4.06315e+06,2.78055e+06,1.27323e+07,0,379158,0,0,55.7042,61.3098,1.17761,0,1,1.49117,1.49117,0,1.15204,1.90512,8.44406e+06,3.71658e+06,1.25915e+07,0,372616,0,0
66.4607,85.1408,1.26895,0.04,0.06,3.34297,3.34297,0,0.587238,4.6872,4.06315e+06,2.78055e+06,1.3583e+07,0,404491,0,0,54.7014,61.3098,1.07911,0,1,1.61959,1.61959,0,1.15207,1.90512,8.44406e+06,3.71658e+06,1.36759e+07,0,404708,0,0
64.6899,85.1408,1.47957,0.04,0.06,3.34306,3.34306,0,0.626473,4.6872,4.06315e+06,2.78055e+06,1.35834e+07,0,404501,0,0,53.6158,61.3098,1.2334,0,1,1.61963,1.61963,0,1.2513,1.90512,8.44406e+06,3.71658e+06,1.36763e+07,0,404718,0,0
62.6664,85.1408,1.22614,0.04,0.06,3.34315,3.34315,0,0.62649,4.6872,4.06315e+06,2.78055e+06,1.35837e+07,0,404512,0,0,52.754,61.3098,0.98229,0,1,1.61968,1.61968,0,1.25133,1.90512,8.44406e+06,3.71658e+06,1.36766e+07,0,404729,0,0
60.8695,85.1408,1.41212,0.04,0.06,3.34324,3.34324,0,0.626506,4.6872,4.06315e+06,2.78055e+06,1.35841e+07,0,404523,0,0,51.8262,61.3098,1.48548,0,1,1.61972,1.61972,0,1.25136,1.90512,8.44406e+06,3.71658e+06,1.3677e+07,0,404739,0,0
58.9421,85.1408,1.24695,0.04,0.06,3.34332,3.34332,0,0.626523,4.6872,4.06315e+06,2.78055e+06,1.35844e+07,0,404533,0,0,50.5732,61.3098,1.03215,0,1,1.61976,1.61976,0,1.25139,1.90512,8.44406e+06,3.71658e+06,1.36774e+07,0,404750,0,0
57.0331,85.1408,1.17838,0.04,0.06,3.2414,3.2414,0,0.626539,4.6872,4.06315e+06,2.78055e+06,1.31703e+07,0,392201,0,0,49.4713,61.3098,0.858023,0,1,1.54187,1.54187,0,1.25143,1.90512,8.44406e+06,3.71658e+06,1.30196e+07,0,385286,0,0
55.1939,85.1408,1.28584,0.04,0.06,3.24149,3.24149,0,0.607439,4.6872,4.06315e+06,2.78055e+06,1.31706e+07,0,392211,0,0,48.5175,61.3098,1.09216,0,1,1.54191,1.54191,0,1.19125,1.90512,8.44406e+06,3.71658e+06,1.302e+07,0,385296,0,0
53.3035,85.1408,1.22922,0.04,0.06,3.24157,3.24157,0,0.607454,4.6872,4.06315e+06,2.78055e+06,1.3171e+07,0,392221,0,0,47.6901,61.3098,1.12968,0,1,1.54195,1.54195,0,1.19128,1.90512,8.44406e+06,3.71658e+06,1.30203e+07,0,385306,0,0
51.5693,85.1408,1.41141,0.04,0.06,3.24166,3.24166,0,0.60747,4.6872,4.06315e+06,2.78055e+06,1.31713e+07,0,392232,0,0,47.3218,61.3098,1.27646,0,1,1.54199,1.54199,0,1.19131,1.90512,8.44406e+06,3.71658e+06,1.30206e+07,0,385316,0,0
51.0304,85.1408,2.63961,0.04,0.06,3.158,3.158,0,0.607486,4.6872,4.06315e+06,2.78055e+06,1.28314e+07,0,382109,0,0,47.7221,61.3098,3.82726,0,1,1.47108,1.47108,0,1.19134,1.90512,8.44406e+06,3.71658e+06,1.24219e+07,0,367597,0,0
50.3074,85.1408,2.38229,0.05,0.06,3.15808,3.15808,0,0.591809,4.6872,4.06315e+06,2.78055e+06,1.28318e+07,0,382119,0,0,47.631,61.3098,1.76214,0,1,1.47112,1.47112,0,1.13656,1.90512,8.44406e+06,3.71658e+06,1.24222e+07,0,367607,0,0
50.436,85.1408,3.33637,0.05,0.06,3.15816,3.15816,0,0.591824,4.6872,4.06315e+06,2.78055e+06,1.28321e+07,0,382129,0,0,47.9456,61.3098,3.15525,0,1,1.47116,1.47116,0,1.13659,1.90512,8.44406e+06,3.71658e+06,1.24225e+07,0,367617,0,0
51.1322,85.1408,4.01019,0.05,0.06,3.15825,3.15825,0,0.59184,4.6872,4.06315e+06,2.78055e+06,1.28324e+07,0,382139,0,0,48.257,61.3098,3.49633,0,1,1.4712,1.4712,0,1.13662,1.90512,8.44406e+06,3.71658e+06,1.24229e+07,0,367626,0,0
51.5952,85.1408,3.56205,0.04,0.06,2.92047,2.92047,0,0.591855,4.6872,4.06315e+06,2.78055e+06,1.18663e+07,0,353369,0,0,49.3331,61.3098,4.10627,0,1,1.32345,1.32345,0,1.13665,1.90512,8.44406e+06,3.71658e+06,1.11753e+07,0,330708,0,0
50.1254,85.1408,1.49262,0.04,0.06,2.92055,2.92055,0,0.547296,4.6872,4.06315e+06,2.78055e+06,1.18666e+07,0,353378,0,0,49.715,61.3098,2.24177,0,1,1.32349,1.32349,0,1.0225,1.90512,8.44406e+06,3.71658e+06,1.11756e+07,0,330717,0,0
48.9498,85.1408,1.55957,0.06,0.06,2.70976,2.92062,0,0.547311,4.6872,4.06315e+06,2.78055e+06,1.10102e+07,0,353388,0,0,49.7827,61.3098,2.14653,0,1,1.53439,1.32352,0,1.02253,1.90512,8.44406e+06,3.71658e+06,1.29564e+07,0,330725,0,0
49.2471,85.1408,3.11087,0.07,0.06,2.70987,2.9207,0,0.507809,4.6872,4.06315e+06,2.78055e+06,1.10106e+07,0,353397,0,0,50.3323,61.3098,3.89955,0,1,1.53439,1.32356,0,1.18547,1.90512,8.44406e+06,3.71658e+06,1.29564e+07,0,330734,0,0
52.2451,85.1408,5.93468,0.07,0.06,2.70998,2.92078,0,0.50783,4.6872,4.06315e+06,2.78055e+06,1.10111e+07,0,353406,0,0,51.3093,61.3098,5.57476,0,1,1.53439,1.32359,0,1.18547,1.90512,8.44406e+06,3.71658e+06,1.29564e+07,0,330743,0,0
55.7137,85.1408,6.87658,0.05,0.06,3.01235,3.01235,0,0.507851,4.6872,4.06315e+06,2.78055e+06,1.22396e+07,0,364487,0,0,52.5075,61.3098,5.85158,0,1,1.36642,1.36642,0,1.18547,1.90512,8.44406e+06,3.71658e+06,1.15382e+07,0,341446,0,0
58.8278,85.1408,6.56851,0.05,0.06,3.01242,3.01242,0,0.564515,4.6872,4.06315e+06,2.78055e+06,1.22399e+07,0,364494,0,0,53.487,61.3098,4.91587,0,1,1.36645,1.36645,0,1.0557,1.90512,8.44406e+06,3.71658e+06,1.15384e+07,0,341453,0,0
62.2238,85.1408,6.80172,0.05,0.06,3.01248,3.01248,0,0.564527,4.6872,4.06315e+06,2.78055e+06,1.22402e+07,0,364502,0,0,54.5278,61.3098,6.22204,0,1,1.36648,1.36648,0,1.05572,1.90512,8.44406e+06,3.71658e+06,1.15387e+07,0,341460,0,0
65.1455,85.1408,6.39513,0.04,0.06,3.01254,3.01254,0,0.564539,4.6872,4.06315e+06,2.78055e+06,1.22404e+07,0,364510,0,0,55.7048,61.3098,6.07646,0,1,1.36651,1.36651,0,1.05574,1.90512,8.44406e+06,3.71658e+06,1.15389e+07,0,341467,0,0
67.6766,85.1408,6.20341,0.04,0.06,3.30645,3.30645,0,0.564551,4.6872,4.06315e+06,2.78055e+06,1.34346e+07,0,400072,0,0,56.5579,61.3098,5.74258,0,1,1.52722,1.52722,0,1.05577,1.90512,8.44406e+06,3.71658e+06,1.28959e+07,0,381624,0,0
72.3454,85.1408,8.36715,0.04,0.06,3.30652,3.30652,0,0.619629,4.6872,4.06315e+06,2.78055e+06,1.34349e+07,0,400080,0,0,57.6265,61.3098,6.31058,0,1,1.52725,1.52725,0,1.17993,1.90512,8.44406e+06,3.71658e+06,1.28962e+07,0,381633,0,0
78.8166,85.1408,10.4174,0.02,0.06,3.30659,3.30659,0,0.619642,4.6872,4.06315e+06,2.78055e+06,1.34352e+07,0,400088,0,0,59.3023,61.3098,6.95047,0,1,1.52728,1.52728,0,1.17995,1.90512,8.44406e+06,3.71658e+06,1.28964e+07,0,381641,0,0
84.9623,85.1408,10.1554,0,0.06,3.30666,3.30666,0,0.619655,4.6872,4.06315e+06,2.78055e+06,1.34355e+07,0,400097,0,0,60.5764,61.3098,6.98872,0,1,1.52731,1.52731,0,1.17998,1.90512,8.44406e+06,3.71658e+06,1.28967e+07,0,381649,0,0
85.1408,85.1408,6.37295,0,0.06,2.88758,2.88758,0,0.619668,4.6872,4.06315e+06,2.78055e+06,1.17327e+07,0,349389,0,0,61.3872,61.3098,3.80782,0,1,1.3117,1.3117,0,1.18,1.90512,8.44406e+06,3.71658e+06,1.1076e+07,0,327770,0,0
85.1408,85.1408,7.46717,0,0.06,2.88764,2.88764,0,0.541132,4.6872,4.06315e+06,2.78055e+06,1.17329e+07,0,349397,0,0,62.338,61.3098,4.6882,0,1,1.31172,1.31172,0,1.01342,1.90512,8.44406e+06,3.71658e+06,1.10763e+07,0,327777,0,0
85.1408,85.1408,9.24525,0,0.06,2.8877,2.8877,0,0.541144,4.6872,4.06315e+06,2.78055e+06,1.17332e+07,0,349404,0,0,62.338,61.3098,7.31372,0,1,1.31175,1.31175,0,1.01344,1.90512,8.44406e+06,3.71658e+06,1.10765e+07,0,327784,0,0
85.1408,85.1408,6.26355,0,0.06,2.88776,2.88776,0,0.541155,4.6872,4.06315e+06,2.78055e+06,1.17334e+07,0,349411,0,0,62.338,61.3098,3.98886,0,1,1.31178,1.31178,0,1.01346,1.90512,8.44406e+06,3.71658e+06,1.10767e+07,0,327791,0,0
85.1408,85.1408,8.35601,0,0.06,2.88782,2.88782,0,0.541167,4.6872,4.06315e+06,2.78055e+06,1.17337e+07,0,349419,0,0,62.338,61.3098,5.81856,0,1,1.31181,1.31181,0,1.01348,1.90512,8.44406e+06,3.71658e+06,1.1077e+07,0,327798,0,0
85.1408,85.1408,10.9625,0,0.06,2.9934,2.9934,0,0.541178,4.6872,4.06315e+06,2.78055e+06,1.21626e+07,0,362193,0,0,62.338,61.3098,10.4424,0,1,1.3646,1.3646,0,1.0135,1.90512,8.44406e+06,3.71658e+06,1.15227e+07,0,340989,0,0
85.1408,85.1408,8.88923,0,0.06,2.99346,2.99346,0,0.560963,4.6872,4.06315e+06,2.78055e+06,1.21629e+07,0,362201,0,0,62.338,61.3098,6.5547,0,1,1.36462,1.36462,0,1.05429,1.90512,8.44406e+06,3.71658e+06,1.1523e+07,0,340996,0,0
85.1408,85.1408,9.56201,0,0.06,2.99353,2.99353,0,0.560975,4.6872,4.06315e+06,2.78055e+06,1.21631e+07,0,362209,0,0,62.338,61.3098,5.45258,0,1,1.36465,1.36465,0,1.05431,1.90512,8.44406e+06,3.71658e+06,1.15232e+07,0,341003,0,0
85.1408,85.1408,7.88289,0,0.06,2.99359,2.99359,0,0.560987,4.6872,4.06315e+06,2.78055e+06,1.21634e+07,0,362216,0,0,62.338,61.3098,4.36696,0,1,1.36468,1.36468,0,1.05433,1.90512,8.44406e+06,3.71658e+06,1.15235e+07,0,341010,0,0
85.1408,85.1408,5.63857,0,0.06,2.95239,2.95239,0,0.560999,4.6872,4.06315e+06,2.78055e+06,1.1996e+07,0,357232,0,0,62.338,61.3098,3.73618,0,1,1.34422,1.34422,0,1.05435,1.90512,8.44406e+06,3.71658e+06,1.13506e+07,0,335896,0,0
85.1408,85.1408,5.645,0,0.06,2.95245,2.95245,0,0.553278,4.6872,4.06315e+06,2.78055e+06,1.19963e+07,0,357239,0,0,62.338,61.3098,4.15044,0,1,1.34425,1.34425,0,1.03854,1.90512,8.44406e+06,3.71658e+06,1.13509e+07,0,335903,0,0
85.1408,85.1408,4.73601,0,0.06,2.95252,2.95252,0,0.55329,4.6872,4.06315e+06,2.78055e+06,1.19965e+07,0,357247,0,0,62.338,61.3098,4.06842,0,1,1.34427,1.34427,0,1.03856,1.90512,8.44406e+06,3.71658e+06,1.13511e+07,0,335911,0,0
85.1408,85.1408,4.27696,0,0.06,2.95258,2.95258,0,0.553302,4.6872,4.06315e+06,2.78055e+06,1.19968e+07,0,357254,0,0,62.338,61.3098,3.65565,0,1,1.3443,1.3443,0,1.03859,1.90512,8.44406e+06,3.71658e+06,1.13514e+07,0,335918,0,0
85.1408,85.1408,4.70268,0,0.06,3.09271,3.09271,0,0.553313,4.6872,4.06315e+06,2.78055e+06,1.25661e+07,0,374209,0,0,62.338,61.3098,3.47489,0,1,1.41701,1.41701,0,1.03861,1.90512,8.44406e+06,3.71658e+06,1.19653e+07,0,354087,0,0
85.1408,85.1408,4.66895,0,0.06,3.09277,3.09277,0,0.579573,4.6872,4.06315e+06,2.78055e+06,1.25664e+07,0,374217,0,0,62.338,61.3098,3.45497,0,1,1.41704,1.41704,0,1.09478,1.90512,8.44406e+06,3.71658e+06,1.19656e+07,0,354094,0,0
85.1408,85.1408,4.23789,0,0.06,3.09284,3.09284,0,0.579585,4.6872,4.06315e+06,2.78055e+06,1.25667e+07,0,374225,0,0,62.338,61.3098,3.48674,0,1,1.41707,1.41707,0,1.09481,1.90512,8.44406e+06,3.71658e+06,1.19658e+07,0,354101,0,0
85.1408,85.1408,3.97008,0,0.06,3.0929,3.0929,0,0.579597,4.6872,4.06315e+06,2.78055e+06,1.25669e+07,0,374233,0,0,62.338,61.3098,3.51268,0,1,1.4171,1.4171,0,1.09483,1.90512,8.44406e+06,3.71658e+06,1.19661e+07,0,354109,0,0
85.1408,85.1408,3.64953,0,0.06,3.09297,3.09297,0,0.57961,4.6872,4.06315e+06,2.78055e+06,1.25672e+07,0,374241,0,0,62.338,61.3098,3.38201,0,1,1.41713,1.41713,0,1.09485,1.90512,8.44406e+06,3.71658e+06,1.19663e+07,0,354116,0,0
85.1408,85.1408,3.53743,0,0.06,3.06533,3.06533,0,0.579622,4.6872,4.06315e+06,2.78055e+06,1.24549e+07,0,370897,0,0,62.338,61.3098,3.47968,0,1,1.45711,1.45711,0,1.09488,1.90512,8.44406e+06,3.71658e+06,1.23039e+07,0,364107,0,0
85.1408,85.1408,3.30378,0,0.06,3.06539,3.06539,0,0.574443,4.6872,4.06315e+06,2.78055e+06,1.24552e+07,0,370904,0,0,62.338,61.3098,3.12262,0,1,1.45714,1.45714,0,1.12577,1.90512,8.44406e+06,3.71658e+06,1.23042e+07,0,364115,0,0
85.1186,85.1408,3.18624,0,0.06,3.06546,3.06546,0,0.574455,4.6872,4.06315e+06,2.78055e+06,1.24554e+07,0,370912,0,0,62.338,61.3098,2.96705,0,1,1.45717,1.45717,0,1.12579,1.90512,8.44406e+06,3.71658e+06,1.23045e+07,0,364122,0,0
85.1408,85.1408,3.31276,0.01,0.06,3.06552,3.06552,0,0.574467,4.6872,4.06315e+06,2.78055e+06,1.24557e+07,0,370920,0,0,62.338,61.3098,3.2365,0,1,1.4572,1.4572,0,1.12581,1.90512,8.44406e+06,3.71658e+06,1.23047e+07,0,364130,0,0
85.1408,85.1408,3.51596,0,0.06,3.13713,3.13713,0,0.574479,4.6872,4.06315e+06,2.78055e+06,1.27466e+07,0,379585,0,0,62.338,61.3098,3.01426,0,1,1.49284,1.49284,0,1.12584,1.90512,8.44406e+06,3.71658e+06,1.26057e+07,0,373036,0,0
85.0376,85.1408,3.11937,0,0.06,3.1372,3.1372,0,0.587899,4.6872,4.06315e+06,2.78055e+06,1.27469e+07,0,379592,0,0,62.338,61.3098,2.74789,0,1,1.49288,1.49288,0,1.15337,1.90512,8.44406e+06,3.71658e+06,1.26059e+07,0,373043,0,0
84.6602,85.1408,2.82617,0.02,0.06,3.13726,3.13726,0,0.587911,4.6872,4.06315e+06,2.78055e+06,1.27472e+07,0,379600,0,0,62.338,61.3098,2.6851,0,1,1.49291,1.49291,0,1.1534,1.90512,8.44406e+06,3.71658e+06,1.26062e+07,0,373051,0,0
83.8078,85.1408,2.33967,0.02,0.06,3.13733,3.13733,0,0.587923,4.6872,4.06315e+06,2.78055e+06,1.27474e+07,0,379608,0,0,62.338,61.3098,2.64025,0,1,1.49294,1.49294,0,1.15342,1.90512,8.44406e+06,3.71658e+06,1.26065e+07,0,373059,0,0
83.1041,85.1408,2.64549,0.02,0.06,3.34693,3.34693,0,0.587936,4.6872,4.06315e+06,2.78055e+06,1.35991e+07,0,404969,0,0,62.289,61.3098,2.34974,0,1,1.62151,1.62151,0,1.15344,1.90512,8.44406e+06,3.71658e+06,1.36921e+07,0,405186,0,0
82.6237,85.1408,2.85194,0.02,0.06,3.347,3.347,0,0.627215,4.6872,4.06315e+06,2.78055e+06,1.35994e+07,0,404978,0,0,62.2321,61.3098,2.16187,0,1,1.62154,1.62154,0,1.25278,1.90512,8.44406e+06,3.71658e+06,1.36924e+07,0,405195,0,0
81.9795,85.1408,2.68129,0.03,0.06,3.34707,3.34707,0,0.627228,4.6872,4.06315e+06,2.78055e+06,1.35997e+07,0,404986,0,0,62.1728,61.3098,2.92807,0,1,1.62158,1.62158,0,1.2528,1.90512,8.44406e+06,3.71658e+06,1.36927e+07,0,405203,0,0
81.2053,85.1408,2.5462,0.04,0.06,3.34714,3.34714,0,0.627241,4.6872,4.06315e+06,2.78055e+06,1.35999e+07,0,404995,0,0,62.0819,61.3098,2.89424,0,1,1.62161,1.62161,0,1.25283,1.90512,8.44406e+06,3.71658e+06,1.3693e+07,0,405212,0,0
80.1751,85.1408,2.29814,0.04,0.06,3.34721,3.34721,0,0.627254,4.6872,4.06315e+06,2.78055e+06,1.36002e+07,0,405004,0,0,61.8923,61.3098,2.55547,0,1,1.62164,1.62164,0,1.25286,1.90512,8.44406e+06,3.71658e+06,1.36933e+07,0,405221,0,0
78.7816,85.1408,1.887,0.03,0.06,3.24515,3.24515,0,0.627267,4.6872,4.06315e+06,2.78055e+06,1.31855e+07,0,392655,0,0,61.7364,61.3098,2.21532,0,1,1.54365,1.54365,0,1.25288,1.90512,8.44406e+06,3.71658e+06,1.30347e+07,0,385732,0,0
77.1033,85.1408,1.56566,0.03,0.06,3.24522,3.24522,0,0.608142,4.6872,4.06315e+06,2.78055e+06,1.31858e+07,0,392663,0,0,61.289,61.3098,1.76569,0,1,1.54368,1.54368,0,1.19263,1.90512,8.44406e+06,3.71658e+06,1.3035e+07,0,385740,0,0
75.4564,85.1408,1.59663,0.02,0.06,3.24529,3.24529,0,0.608154,4.6872,4.06315e+06,2.78055e+06,1.31861e+07,0,392671,0,0,60.9222,61.3098,1.67904,0,1,1.54372,1.54372,0,1.19265,1.90512,8.44406e+06,3.71658e+06,1.30352e+07,0,385748,0,0
77.2771,85.1408,5.03852,0.04,0.06,3.24536,3.24536,0,0.608167,4.6872,4.06315e+06,2.78055e+06,1.31864e+07,0,392679,0,0,60.8287,61.3098,3.11864,0,1,1.54375,1.54375,0,1.19268,1.90512,8.44406e+06,3.71658e+06,1.30355e+07,0,385756,0,0
76.1134,85.1408,2.01904,0.02,0.06,3.16159,3.16159,0,0.60818,4.6872,4.06315e+06,2.78055e+06,1.2846e+07,0,382544,0,0,60.3349,61.3098,1.58887,0,1,1.47275,1.47275,0,1.1927,1.90512,8.44406e+06,3.71658e+06,1.2436e+07,0,368015,0,0
74.4372,85.1408,1.61644,0.04,0.06,3.16165,3.16165,0,0.592482,4.6872,4.06315e+06,2.78055e+06,1.28463e+07,0,382552,0,0,59.655,61.3098,1.31521,0,1,1.47278,1.47278,0,1.13785,1.90512,8.44406e+06,3.71658e+06,1.24363e+07,0,368023,0,0
72.4672,85.1408,1.2966,0.04,0.06,3.16172,3.16172,0,0.592494,4.6872,4.06315e+06,2.78055e+06,1.28466e+07,0,382560,0,0,59.3071,61.3098,1.11794,0,1,1.47282,1.47282,0,1.13787,1.90512,8.44406e+06,3.71658e+06,1.24365e+07,0,368031,0,0
71.551,85.1408,2.43556,0.04,0.06,3.16179,3.16179,0,0.592507,4.6872,4.06315e+06,2.78055e+06,1.28468e+07,0,382568,0,0,59.4749,61.3098,3.32468,0,1,1.47285,1.47285,0,1.1379,1.90512,8.44406e+06,3.71658e+06,1.24368e+07,0,368038,0,0
73.3168,85.1408,5.16042,0.03,0.06,2.92373,2.92373,0,0.592519,4.6872,4.06315e+06,2.78055e+06,1.18796e+07,0,353764,0,0,61.0387,61.3098,5.25125,0,1,1.32493,1.32493,0,1.13792,1.90512,8.44406e+06,3.71658e+06,1.11878e+07,0,331077,0,0
74.627,85.1408,4.77304,0.03,0.06,2.92379,2.92379,0,0.547907,4.6872,4.06315e+06,2.78055e+06,1.18798e+07,0,353771,0,0,61.8262,61.3098,3.52564,0,1,1.32496,1.32496,0,1.02364,1.90512,8.44406e+06,3.71658e+06,1.1188e+07,0,331084,0,0
74.6455,85.1408,3.36971,0.03,0.06,2.92385,2.92385,0,0.547919,4.6872,4.06315e+06,2.78055e+06,1.18801e+07,0,353778,0,0,62.1859,61.3098,2.86138,0,1,1.32499,1.32499,0,1.02366,1.90512,8.44406e+06,3.71658e+06,1.11883e+07,0,331091,0,0
74.5185,85.1408,3.32573,0.03,0.06,2.92392,2.92392,0,0.54793,4.6872,4.06315e+06,2.78055e+06,1.18803e+07,0,353786,0,0,62.338,61.3098,4.24203,0,1,1.32502,1.32502,0,1.02369,1.90512,8.44406e+06,3.71658e+06,1.11885e+07,0,331098,0,0
76.9514,85.1408,6.04901,0.03,0.06,2.92398,2.92398,0,0.547942,4.6872,4.06315e+06,2.78055e+06,1.18806e+07,0,353793,0,0,62.338,61.3098,5.33269,0,1,1.32504,1.32504,0,1.02371,1.90512,8.44406e+06,3.71658e+06,1.11887e+07,0,331105,0,0
78.8565,85.1408,5.40496,0.01,0.06,3.01564,3.01564,0,0.547953,4.6872,4.06315e+06,2.78055e+06,1.2253e+07,0,364884,0,0,62.338,61.3098,4.77835,0,1,1.36791,1.36791,0,1.02373,1.90512,8.44406e+06,3.71658e+06,1.15507e+07,0,341818,0,0
84.232,85.1408,9.09412,0.01,0.06,3.01569,3.01569,0,0.565131,4.6872,4.06315e+06,2.78055e+06,1.22532e+07,0,364890,0,0,62.338,61.3098,6.05678,0,1,1.36794,1.36794,0,1.05685,1.90512,8.44406e+06,3.71658e+06,1.15509e+07,0,341823,0,0
85.1408,85.1408,8.18576,0,0.06,3.01573,3.01573,0,0.56514,4.6872,4.06315e+06,2.78055e+06,1.22534e+07,0,364896,0,0,62.338,61.3098,6.88636,0,1,1.36796,1.36796,0,1.05687,1.90512,8.44406e+06,3.71658e+06,1.15511e+07,0,341829,0,0
85.1408,85.1408,7.23544,0,0.06,3.01578,3.01578,0,0.565148,4.6872,4.06315e+06,2.78055e+06,1.22536e+07,0,364901,0,0,62.338,61.3098,6.20975,0,1,1.36798,1.36798,0,1.05688,1.90512,8.44406e+06,3.71658e+06,1.15513e+07,0,341834,0,0
85.1408,85.1408,8.07803,0,0.06,3.30999,3.30999,0,0.565157,4.6872,4.06315e+06,2.78055e+06,1.3449e+07,0,400499,0,0,62.338,61.3098,5.35339,0,1,1.52885,1.52885,0,1.0569,1.90512,8.44406e+06,3.71658e+06,1.29097e+07,0,382033,0,0
85.1408,85.1408,4.07925,0,0.06,3.31004,3.31004,0,0.620292,4.6872,4.06315e+06,2.78055e+06,1.34492e+07,0,400506,0,0,62.338,61.3098,4.64889,0,1,1.52887,1.52887,0,1.18119,1.90512,8.44406e+06,3.71658e+06,1.29099e+07,0,382039,0,0
85.1408,85.1408,4.54621,0,0.06,3.31009,3.31009,0,0.620301,4.6872,4.06315e+06,2.78055e+06,1.34494e+07,0,400512,0,0,62.338,61.3098,4.86545,0,1,1.5289,1.5289,0,1.18121,1.90512,8.44406e+06,3.71658e+06,1.29101e+07,0,382045,0,0
85.1408,85.1408,4.61787,0,0.06,3.31014,3.31014,0,0.620311,4.6872,4.06315e+06,2.78055e+06,1.34496e+07,0,400519,0,0,62.338,61.3098,4.99401,0,1,1.52892,1.52892,0,1.18123,1.90512,8.44406e+06,3.71658e+06,1.29103e+07,0,382051,0,0
85.1408,85.1408,5.04471,0,0.06,2.89061,2.89061,0,0.620321,4.6872,4.06315e+06,2.78055e+06,1.1745e+07,0,349756,0,0,62.338,61.3098,5.46438,0,1,1.31307,1.31307,0,1.18125,1.90512,8.44406e+06,3.71658e+06,1.10877e+07,0,328114,0,0
85.1408,85.1408,5.588,0,0.06,2.89065,2.89065,0,0.5417,4.6872,4.06315e+06,2.78055e+06,1.17452e+07,0,349761,0,0,62.338,61.3098,4.23293,0,1,1.31309,1.31309,0,1.01448,1.90512,8.44406e+06,3.71658e+06,1.10878e+07,0,328119,0,0
85.1408,85.1408,5.62118,0,0.06,2.8907,2.8907,0,0.541709,4.6872,4.06315e+06,2.78055e+06,1.17454e+07,0,349767,0,0,62.338,61.3098,5.0677,0,1,1.31312,1.31312,0,1.0145,1.90512,8.44406e+06,3.71658e+06,1.1088e+07,0,328124,0,0
85.1408,85.1408,5.85569,0,0.06,2.89075,2.89075,0,0.541717,4.6872,4.06315e+06,2.78055e+06,1.17455e+07,0,349773,0,0,62.338,61.3098,5.17529,0,1,1.31314,1.31314,0,1.01451,1.90512,8.44406e+06,3.71658e+06,1.10882e+07,0,328130,0,0
85.1408,85.1408,7.25966,0,0.06,2.89079,2.89079,0,0.541726,4.6872,4.06315e+06,2.78055e+06,1.17457e+07,0,349778,0,0,62.338,61.3098,6.74854,0,1,1.31316,1.31316,0,1.01453,1.90512,8.44406e+06,3.71658e+06,1.10884e+07,0,328135,0,0
85.1408,85.1408,5.76845,0,0.06,2.99646,2.99646,0,0.541735,4.6872,4.06315e+06,2.78055e+06,1.21751e+07,0,362564,0,0,62.338,61.3098,4.70143,0,1,1.36599,1.36599,0,1.01454,1.90512,8.44406e+06,3.71658e+06,1.15345e+07,0,341338,0,0
85.1408,85.1408,5.30189,0,0.06,2.99651,2.99651,0,0.561537,4.6872,4.06315e+06,2.78055e+06,1.21753e+07,0,362570,0,0,62.338,61.3098,4.97746,0,1,1.36601,1.36601,0,1.05537,1.90512,8.44406e+06,3.71658e+06,1.15347e+07,0,341343,0,0
85.1408,85.1408,5.03944,0,0.06,2.99656,2.99656,0,0.561546,4.6872,4.06315e+06,2.78055e+06,1.21755e+07,0,362576,0,0,62.338,61.3098,5.23324,0,1,1.36604,1.36604,0,1.05538,1.90512,8.44406e+06,3.71658e+06,1.15349e+07,0,341348,0,0
85.1408,85.1408,3.99978,0,0.06,2.99661,2.99661,0,0.561555,4.6872,4.06315e+06,2.78055e+06,1.21757e+07,0,362581,0,0,62.338,61.3098,3.70666,0,1,1.36606,1.36606,0,1.0554,1.90512,8.44406e+06,3.71658e+06,1.15351e+07,0,341354,0,0
85.1408,85.1408,4.04338,0,0.06,2.95535,2.95535,0,0.561564,4.6872,4.06315e+06,2.78055e+06,1.2008e+07,0,357590,0,0,62.338,61.3098,3.30585,0,1,1.34557,1.34557,0,1.05542,1.90512,8.44406e+06,3.71658e+06,1.1362e+07,0,336233,0,0
85.1408,85.1408,3.36563,0,0.06,2.9554,2.9554,0,0.553833,4.6872,4.06315e+06,2.78055e+06,1.20082e+07,0,357595,0,0,62.3262,61.3098,2.90365,0,1,1.34559,1.34559,0,1.03958,1.90512,8.44406e+06,3.71658e+06,1.13622e+07,0,336239,0,0
84.8115,85.1408,2.97899,0,0.06,2.95545,2.95545,0,0.553842,4.6872,4.06315e+06,2.78055e+06,1.20084e+07,0,357601,0,0,62.3117,61.3098,2.57527,0,1,1.34561,1.34561,0,1.0396,1.90512,8.44406e+06,3.71658e+06,1.13624e+07,0,336244,0,0
84.2296,85.1408,2.69376,0,0.06,2.95549,2.95549,0,0.553851,4.6872,4.06315e+06,2.78055e+06,1.20086e+07,0,357607,0,0,62.338,61.3098,2.32842,0,1,1.34563,1.34563,0,1.03962,1.90512,8.44406e+06,3.71658e+06,1.13626e+07,0,336249,0,0
83.6441,85.1408,2.77572,0,0.06,3.09574,3.09574,0,0.55386,4.6872,4.06315e+06,2.78055e+06,1.25785e+07,0,374577,0,0,62.319,61.3098,2.35521,0,1,1.4184,1.4184,0,1.03963,1.90512,8.44406e+06,3.71658e+06,1.19771e+07,0,354434,0,0
83.1911,85.1408,2.88762,0,0.06,3.09579,3.09579,0,0.580142,4.6872,4.06315e+06,2.78055e+06,1.25787e+07,0,374582,0,0,62.2393,61.3098,2.25455,0,1,1.41843,1.41843,0,1.09586,1.90512,8.44406e+06,3.71658e+06,1.19773e+07,0,354440,0,0
82.4526,85.1408,2.5545,0,0.06,3.09584,3.09584,0,0.580151,4.6872,4.06315e+06,2.78055e+06,1.25789e+07,0,374588,0,0,62.2703,61.3098,2.12308,0,1,1.41845,1.41845,0,1.09588,1.90512,8.44406e+06,3.71658e+06,1.19775e+07,0,354446,0,0
81.6209,85.1408,2.41397,0,0.06,3.09589,3.09589,0,0.580161,4.6872,4.06315e+06,2.78055e+06,1.25791e+07,0,374594,0,0,62.338,61.3098,2.02043,0,1,1.41847,1.41847,0,1.09589,1.90512,8.44406e+06,3.71658e+06,1.19777e+07,0,354451,0,0
80.7859,85.1408,2.41327,0,0.06,3.09594,3.09594,0,0.58017,4.6872,4.06315e+06,2.78055e+06,1.25793e+07,0,374600,0,0,62.338,61.3098,2.18299,0,1,1.41849,1.41849,0,1.09591,1.90512,8.44406e+06,3.71658e+06,1.19778e+07,0,354457,0,0
80.1023,85.1408,2.54297,0,0.06,3.06826,3.06826,0,0.580179,4.6872,4.06315e+06,2.78055e+06,1.24668e+07,0,371251,0,0,62.338,61.3098,2.75902,0,1,1.45851,1.45851,0,1.09593,1.90512,8.44406e+06,3.71658e+06,1.23157e+07,0,364455,0,0
79.3136,85.1408,2.40322,0,0.06,3.06831,3.06831,0,0.574992,4.6872,4.06315e+06,2.78055e+06,1.2467e+07,0,371257,0,0,62.338,61.3098,2.65646,0,1,1.45853,1.45853,0,1.12684,1.90512,8.44406e+06,3.71658e+06,1.23159e+07,0,364461,0,0
78.4182,85.1408,2.27435,0,0.06,3.06836,3.06836,0,0.575001,4.6872,4.06315e+06,2.78055e+06,1.24672e+07,0,371263,0,0,62.338,61.3098,2.51155,0,1,1.45855,1.45855,0,1.12686,1.90512,8.44406e+06,3.71658e+06,1.23161e+07,0,364467,0,0
77.3735,85.1408,2.11133,0.01,0.06,3.06841,3.06841,0,0.57501,4.6872,4.06315e+06,2.78055e+06,1.24674e+07,0,371269,0,0,62.2881,61.3098,2.34648,0,1,1.45858,1.45858,0,1.12688,1.90512,8.44406e+06,3.71658e+06,1.23163e+07,0,364473,0,0
76.0665,85.1408,1.86277,0.01,0.06,3.14007,3.14007,0,0.575019,4.6872,4.06315e+06,2.78055e+06,1.27586e+07,0,379940,0,0,62.1899,61.3098,1.93237,0,1,1.49424,1.49424,0,1.1269,1.90512,8.44406e+06,3.71658e+06,1.26174e+07,0,373385,0,0
74.8333,85.1408,1.95803,0.04,0.06,3.14012,3.14012,0,0.588449,4.6872,4.06315e+06,2.78055e+06,1.27588e+07,0,379946,0,0,62.1347,61.3098,2.17808,0,1,1.49426,1.49426,0,1.15445,1.90512,8.44406e+06,3.71658e+06,1.26176e+07,0,373390,0,0
73.488,85.1408,1.80435,0.04,0.06,3.14017,3.14017,0,0.588458,4.6872,4.06315e+06,2.78055e+06,1.2759e+07,0,379952,0,0,61.9342,61.3098,2.07471,0,1,1.49429,1.49429,0,1.15447,1.90512,8.44406e+06,3.71658e+06,1.26179e+07,0,373396,0,0
72.0012,85.1408,1.64245,0.04,0.06,3.14022,3.14022,0,0.588467,4.6872,4.06315e+06,2.78055e+06,1.27592e+07,0,379958,0,0,61.7546,61.3098,1.81307,0,1,1.49431,1.49431,0,1.15449,1.90512,8.44406e+06,3.71658e+06,1.26181e+07,0,373402,0,0
70.4742,85.1408,1.75425,0.04,0.06,3.34999,3.34999,0,0.588477,4.6872,4.06315e+06,2.78055e+06,1.36115e+07,0,405340,0,0,61.5163,61.3098,2.19444,0,1,1.62299,1.62299,0,1.15451,1.90512,8.44406e+06,3.71658e+06,1.37046e+07,0,405557,0,0
68.7982,85.1408,1.58226,0.04,0.06,3.35005,3.35005,0,0.627788,4.6872,4.06315e+06,2.78055e+06,1.36117e+07,0,405346,0,0,61.1578,61.3098,1.84172,0,1,1.62302,1.62302,0,1.25392,1.90512,8.44406e+06,3.71658e+06,1.37048e+07,0,405564,0,0
67.2344,85.1408,1.70504,0.04,0.06,3.3501,3.3501,0,0.627798,4.6872,4.06315e+06,2.78055e+06,1.3612e+07,0,405353,0,0,60.7693,61.3098,2.26854,0,1,1.62304,1.62304,0,1.25394,1.90512,8.44406e+06,3.71658e+06,1.37051e+07,0,405570,0,0
65.4056,85.1408,1.4143,0.04,0.06,3.35015,3.35015,0,0.627808,4.6872,4.06315e+06,2.78055e+06,1.36122e+07,0,405359,0,0,60.3525,61.3098,1.58191,0,1,1.62307,1.62307,0,1.25396,1.90512,8.44406e+06,3.71658e+06,1.37053e+07,0,405577,0,0
64.0311,85.1408,1.84342,0.04,0.06,3.3502,3.3502,0,0.627818,4.6872,4.06315e+06,2.78055e+06,1.36124e+07,0,405366,0,0,60.3472,61.3098,3.08272,0,1,1.62309,1.62309,0,1.25398,1.90512,8.44406e+06,3.71658e+06,1.37055e+07,0,405583,0,0
62.9929,85.1408,2.05333,0.04,0.06,3.24804,3.24804,0,0.627828,4.6872,4.06315e+06,2.78055e+06,1.31973e+07,0,393004,0,0,60.7624,61.3098,4.52338,0,1,1.54503,1.54503,0,1.254,1.90512,8.44406e+06,3.71658e+06,1.30463e+07,0,386075,0,0
61.6681,85.1408,1.75551,0.04,0.06,3.24809,3.24809,0,0.608682,4.6872,4.06315e+06,2.78055e+06,1.31975e+07,0,393010,0,0,60.6223,61.3098,2.40814,0,1,1.54505,1.54505,0,1.19369,1.90512,8.44406e+06,3.71658e+06,1.30465e+07,0,386081,0,0
60.6176,85.1408,2.04754,0.04,0.06,3.24814,3.24814,0,0.608692,4.6872,4.06315e+06,2.78055e+06,1.31977e+07,0,393016,0,0,60.5231,61.3098,2.46291,0,1,1.54507,1.54507,0,1.19371,1.90512,8.44406e+06,3.71658e+06,1.30467e+07,0,386087,0,0
63.047,85.1408,5.80515,0.04,0.06,3.24819,3.24819,0,0.608702,4.6872,4.06315e+06,2.78055e+06,1.31979e+07,0,393023,0,0,61.454,61.3098,4.56759,0,1,1.5451,1.5451,0,1.19372,1.90512,8.44406e+06,3.71658e+06,1.30469e+07,0,386093,0,0
62.2511,85.1408,2.43369,0.04,0.06,3.16433,3.16433,0,0.608711,4.6872,4.06315e+06,2.78055e+06,1.28572e+07,0,382876,0,0,61.6413,61.3098,2.85691,0,1,1.47403,1.47403,0,1.19374,1.90512,8.44406e+06,3.71658e+06,1.24468e+07,0,368335,0,0
60.7437,85.1408,1.64261,0.04,0.06,3.16438,3.16438,0,0.592996,4.6872,4.06315e+06,2.78055e+06,1.28574e+07,0,382882,0,0,61.7298,61.3098,2.21986,0,1,1.47406,1.47406,0,1.13884,1.90512,8.44406e+06,3.71658e+06,1.2447e+07,0,368341,0,0
60.1196,85.1408,2.54158,0.04,0.06,3.16444,3.16444,0,0.593006,4.6872,4.06315e+06,2.78055e+06,1.28576e+07,0,382888,0,0,61.9575,61.3098,2.697,0,1,1.47408,1.47408,0,1.13886,1.90512,8.44406e+06,3.71658e+06,1.24472e+07,0,368347,0,0
62.9309,85.1408,6.14438,0.04,0.06,3.16449,3.16449,0,0.593015,4.6872,4.06315e+06,2.78055e+06,1.28578e+07,0,382894,0,0,62.338,61.3098,6.89384,0,1,1.4741,1.4741,0,1.13887,1.90512,8.44406e+06,3.71658e+06,1.24474e+07,0,368352,0,0
62.794,85.1408,2.92922,0.04,0.06,2.92621,2.92621,0,0.593025,4.6872,4.06315e+06,2.78055e+06,1.18896e+07,0,354064,0,0,62.338,61.3098,4.09718,0,1,1.32606,1.32606,0,1.13889,1.90512,8.44406e+06,3.71658e+06,1.11973e+07,0,331358,0,0
62.3483,85.1408,2.67687,0.04,0.06,2.92626,2.92626,0,0.548372,4.6872,4.06315e+06,2.78055e+06,1.18898e+07,0,354069,0,0,62.338,61.3098,3.33577,0,1,1.32608,1.32608,0,1.02451,1.90512,8.44406e+06,3.71658e+06,1.11975e+07,0,331363,0,0
64.0598,85.1408,4.87774,0.04,0.06,2.9263,2.9263,0,0.54838,4.6872,4.06315e+06,2.78055e+06,1.189e+07,0,354075,0,0,62.3224,61.3098,2.28133,0,1,1.3261,1.3261,0,1.02453,1.90512,8.44406e+06,3.71658e+06,1.11976e+07,0,331369,0,0
65.2232,85.1408,4.41288,0.04,0.06,2.92635,2.92635,0,0.548389,4.6872,4.06315e+06,2.78055e+06,1.18902e+07,0,354080,0,0,62.338,61.3098,6.58144,0,1,1.32612,1.32612,0,1.02454,1.90512,8.44406e+06,3.71658e+06,1.11978e+07,0,331374,0,0
66.5437,85.1408,4.62509,0.04,0.06,2.9264,2.9264,0,0.548398,4.6872,4.06315e+06,2.78055e+06,1.18904e+07,0,354086,0,0,62.338,61.3098,5.20238,0,1,1.32614,1.32614,0,1.02456,1.90512,8.44406e+06,3.71658e+06,1.1198e+07,0,331379,0,0
71.0519,85.1408,7.9287,0.04,0.06,3.01812,3.01812,0,0.548407,4.6872,4.06315e+06,2.78055e+06,1.22631e+07,0,365184,0,0,62.338,61.3098,4.32523,0,1,1.36904,1.36904,0,1.02458,1.90512,8.44406e+06,3.71658e+06,1.15602e+07,0,342099,0,0
74.538,85.1408,7.24471,0.02,0.06,3.01815,3.01815,0,0.565595,4.6872,4.06315e+06,2.78055e+06,1.22632e+07,0,365188,0,0,62.338,61.3098,4.55782,0,1,1.36905,1.36905,0,1.05772,1.90512,8.44406e+06,3.71658e+06,1.15604e+07,0,342103,0,0
76.1718,85.1408,5.15151,0.02,0.06,3.01818,3.01818,0,0.565601,4.6872,4.06315e+06,2.78055e+06,1.22633e+07,0,365192,0,0,62.338,61.3098,5.93401,0,1,1.36907,1.36907,0,1.05773,1.90512,8.44406e+06,3.71658e+06,1.15605e+07,0,342106,0,0
77.2612,85.1408,4.59762,0.02,0.06,3.01822,3.01822,0,0.565607,4.6872,4.06315e+06,2.78055e+06,1.22635e+07,0,365196,0,0,62.338,61.3098,4.56438,0,1,1.36908,1.36908,0,1.05774,1.90512,8.44406e+06,3.71658e+06,1.15606e+07,0,342110,0,0
78.6453,85.1408,5.13631,0,0.06,3.31264,3.31264,0,0.565614,4.6872,4.06315e+06,2.78055e+06,1.34598e+07,0,400821,0,0,62.338,61.3098,4.84164,0,1,1.53008,1.53008,0,1.05775,1.90512,8.44406e+06,3.71658e+06,1.292e+07,0,382339,0,0
80.3459,85.1408,5.53087,0,0.06,3.31268,3.31268,0,0.620789,4.6872,4.06315e+06,2.78055e+06,1.34599e+07,0,400825,0,0,62.338,61.3098,5.37442,0,1,1.53009,1.53009,0,1.18214,1.90512,8.44406e+06,3.71658e+06,1.29202e+07,0,382343,0,0
82.8898,85.1408,6.49807,0,0.06,3.31271,3.31271,0,0.620796,4.6872,4.06315e+06,2.78055e+06,1.346e+07,0,400829,0,0,62.338,61.3098,5.38137,0,1,1.53011,1.53011,0,1.18215,1.90512,8.44406e+06,3.71658e+06,1.29203e+07,0,382347,0,0
84.7164,85.1408,5.86753,0,0.06,3.31275,3.31275,0,0.620802,4.6872,4.06315e+06,2.78055e+06,1.34602e+07,0,400834,0,0,62.338,61.3098,6.8751,0,1,1.53012,1.53012,0,1.18216,1.90512,8.44406e+06,3.71658e+06,1.29205e+07,0,382351,0,0
85.1408,85.1408,4.93305,0,0.06,2.89287,2.89287,0,0.620809,4.6872,4.06315e+06,2.78055e+06,1.17542e+07,0,350029,0,0,62.338,61.3098,5.55234,0,1,1.3141,1.3141,0,1.18217,1.90512,8.44406e+06,3.71658e+06,1.10963e+07,0,328370,0,0
85.1408,85.1408,4.13041,0,0.06,2.8929,2.8929,0,0.542123,4.6872,4.06315e+06,2.78055e+06,1.17543e+07,0,350033,0,0,62.338,61.3098,3.81476,0,1,1.31411,1.31411,0,1.01527,1.90512,8.44406e+06,3.71658e+06,1.10964e+07,0,328374,0,0
85.1408,85.1408,3.41225,0,0.06,2.89293,2.89293,0,0.542129,4.6872,4.06315e+06,2.78055e+06,1.17544e+07,0,350037,0,0,62.338,61.3098,2.81633,0,1,1.31413,1.31413,0,1.01528,1.90512,8.44406e+06,3.71658e+06,1.10966e+07,0,328377,0,0
85.1408,85.1408,3.6947,0,0.06,2.89296,2.89296,0,0.542135,4.6872,4.06315e+06,2.78055e+06,1.17545e+07,0,350040,0,0,62.338,61.3098,3.0736,0,1,1.31414,1.31414,0,1.01529,1.90512,8.44406e+06,3.71658e+06,1.10967e+07,0,328381,0,0
85.1408,85.1408,5.66388,0,0.06,2.89299,2.89299,0,0.542141,4.6872,4.06315e+06,2.78055e+06,1.17547e+07,0,350044,0,0,62.338,61.3098,5.41581,0,1,1.31416,1.31416,0,1.01531,1.90512,8.44406e+06,3.71658e+06,1.10968e+07,0,328385,0,0
85.1408,85.1408,5.32345,0,0.06,2.99873,2.99873,0,0.542147,4.6872,4.06315e+06,2.78055e+06,1.21843e+07,0,362838,0,0,62.338,61.3098,4.9053,0,1,1.36703,1.36703,0,1.01532,1.90512,8.44406e+06,3.71658e+06,1.15432e+07,0,341596,0,0
85.1408,85.1408,4.18086,0,0.06,2.99876,2.99876,0,0.561962,4.6872,4.06315e+06,2.78055e+06,1.21844e+07,0,362842,0,0,62.338,61.3098,4.04078,0,1,1.36704,1.36704,0,1.05616,1.90512,8.44406e+06,3.71658e+06,1.15434e+07,0,341599,0,0
85.0019,85.1408,3.31317,0,0.06,2.99879,2.99879,0,0.561968,4.6872,4.06315e+06,2.78055e+06,1.21845e+07,0,362846,0,0,62.338,61.3098,3.15787,0,1,1.36705,1.36705,0,1.05617,1.90512,8.44406e+06,3.71658e+06,1.15435e+07,0,341603,0,0
84.597,85.1408,2.98807,0,0.06,2.99883,2.99883,0,0.561974,4.6872,4.06315e+06,2.78055e+06,1.21847e+07,0,362850,0,0,62.338,61.3098,2.825,0,1,1.36707,1.36707,0,1.05619,1.90512,8.44406e+06,3.71658e+06,1.15436e+07,0,341607,0,0
84.413,85.1408,3.1782,0,0.06,2.95753,2.95753,0,0.56198,4.6872,4.06315e+06,2.78055e+06,1.20169e+07,0,357853,0,0,62.338,61.3098,3.12736,0,1,1.34655,1.34655,0,1.0562,1.90512,8.44406e+06,3.71658e+06,1.13704e+07,0,336480,0,0
84.2607,85.1408,3.18568,0,0.06,2.95756,2.95756,0,0.55424,4.6872,4.06315e+06,2.78055e+06,1.2017e+07,0,357857,0,0,62.338,61.3098,2.93351,0,1,1.34657,1.34657,0,1.04035,1.90512,8.44406e+06,3.71658e+06,1.13705e+07,0,336484,0,0
83.744,85.1408,2.75818,0,0.06,2.95759,2.95759,0,0.554246,4.6872,4.06315e+06,2.78055e+06,1.20171e+07,0,357860,0,0,62.338,61.3098,2.95448,0,1,1.34658,1.34658,0,1.04036,1.90512,8.44406e+06,3.71658e+06,1.13706e+07,0,336488,0,0
82.9199,85.1408,2.36211,0,0.06,2.95762,2.95762,0,0.554252,4.6872,4.06315e+06,2.78055e+06,1.20173e+07,0,357864,0,0,62.338,61.3098,2.96709,0,1,1.3466,1.3466,0,1.04037,1.90512,8.44406e+06,3.71658e+06,1.13708e+07,0,336491,0,0
81.8704,85.1408,2.22489,0,0.06,3.09796,3.09796,0,0.554258,4.6872,4.06315e+06,2.78055e+06,1.25875e+07,0,374844,0,0,62.338,61.3098,2.97536,0,1,1.41942,1.41942,0,1.04038,1.90512,8.44406e+06,3.71658e+06,1.19856e+07,0,354688,0,0
80.9263,85.1408,2.34742,0,0.06,3.09799,3.09799,0,0.580557,4.6872,4.06315e+06,2.78055e+06,1.25876e+07,0,374848,0,0,62.338,61.3098,2.37315,0,1,1.41943,1.41943,0,1.09664,1.90512,8.44406e+06,3.71658e+06,1.19858e+07,0,354692,0,0
79.7649,85.1408,2.05456,0,0.06,3.09802,3.09802,0,0.580563,4.6872,4.06315e+06,2.78055e+06,1.25877e+07,0,374852,0,0,62.338,61.3098,2.33051,0,1,1.41945,1.41945,0,1.09665,1.90512,8.44406e+06,3.71658e+06,1.19859e+07,0,354695,0,0
78.5884,85.1408,2.02723,0,0.06,3.09806,3.09806,0,0.58057,4.6872,4.06315e+06,2.78055e+06,1.25879e+07,0,374856,0,0,62.338,61.3098,2.35802,0,1,1.41946,1.41946,0,1.09667,1.90512,8.44406e+06,3.71658e+06,1.1986e+07,0,354699,0,0
77.3381,85.1408,1.93748,0,0.06,3.09809,3.09809,0,0.580576,4.6872,4.06315e+06,2.78055e+06,1.2588e+07,0,374861,0,0,62.338,61.3098,2.25612,0,1,1.41948,1.41948,0,1.09668,1.90512,8.44406e+06,3.71658e+06,1.19862e+07,0,354703,0,0
76.2403,85.1408,2.05387,0,0.06,3.07038,3.07038,0,0.580582,4.6872,4.06315e+06,2.78055e+06,1.24754e+07,0,371507,0,0,62.338,61.3098,2.3587,0,1,1.45951,1.45951,0,1.09669,1.90512,8.44406e+06,3.71658e+06,1.23242e+07,0,364706,0,0
75.142,85.1408,2.03749,0.01,0.06,3.07041,3.07041,0,0.575388,4.6872,4.06315e+06,2.78055e+06,1.24755e+07,0,371511,0,0,62.338,61.3098,2.36296,0,1,1.45953,1.45953,0,1.12762,1.90512,8.44406e+06,3.71658e+06,1.23243e+07,0,364710,0,0
73.9728,85.1408,1.93742,0.02,0.06,3.07044,3.07044,0,0.575395,4.6872,4.06315e+06,2.78055e+06,1.24757e+07,0,371515,0,0,62.338,61.3098,2.32265,0,1,1.45954,1.45954,0,1.12763,1.90512,8.44406e+06,3.71658e+06,1.23245e+07,0,364714,0,0
72.5854,85.1408,1.68485,0.03,0.06,3.07048,3.07048,0,0.575401,4.6872,4.06315e+06,2.78055e+06,1.24758e+07,0,371519,0,0,62.3243,61.3098,2.1699,0,1,1.45956,1.45956,0,1.12764,1.90512,8.44406e+06,3.71658e+06,1.23246e+07,0,364718,0,0
71.2661,85.1408,1.80166,0.03,0.06,3.14217,3.14217,0,0.575407,4.6872,4.06315e+06,2.78055e+06,1.27671e+07,0,380194,0,0,62.2858,61.3098,2.2013,0,1,1.49524,1.49524,0,1.12766,1.90512,8.44406e+06,3.71658e+06,1.26259e+07,0,373634,0,0
69.9957,85.1408,1.83678,0.04,0.06,3.1422,3.1422,0,0.588842,4.6872,4.06315e+06,2.78055e+06,1.27672e+07,0,380198,0,0,62.2503,61.3098,2.22802,0,1,1.49526,1.49526,0,1.15522,1.90512,8.44406e+06,3.71658e+06,1.2626e+07,0,373638,0,0
68.5113,85.1408,1.60583,0.04,0.06,3.14224,3.14224,0,0.588849,4.6872,4.06315e+06,2.78055e+06,1.27674e+07,0,380202,0,0,62.1691,61.3098,2.05826,0,1,1.49527,1.49527,0,1.15524,1.90512,8.44406e+06,3.71658e+06,1.26262e+07,0,373642,0,0
66.9215,85.1408,1.48107,0.03,0.06,3.14227,3.14227,0,0.588855,4.6872,4.06315e+06,2.78055e+06,1.27675e+07,0,380206,0,0,62.0737,61.3098,1.97467,0,1,1.49529,1.49529,0,1.15525,1.90512,8.44406e+06,3.71658e+06,1.26263e+07,0,373646,0,0
64.9699,85.1408,1.24867,0.04,0.06,3.35216,3.35216,0,0.588861,4.6872,4.06315e+06,2.78055e+06,1.36204e+07,0,405603,0,0,61.8587,61.3098,1.99722,0,1,1.62404,1.62404,0,1.15526,1.90512,8.44406e+06,3.71658e+06,1.37135e+07,0,405820,0,0
62.9243,85.1408,1.12561,0.04,0.06,3.3522,3.3522,0,0.628196,4.6872,4.06315e+06,2.78055e+06,1.36205e+07,0,405607,0,0,61.5978,61.3098,1.97045,0,1,1.62406,1.62406,0,1.25474,1.90512,8.44406e+06,3.71658e+06,1.37137e+07,0,405825,0,0
60.8789,85.1408,1.09598,0.04,0.06,3.35224,3.35224,0,0.628202,4.6872,4.06315e+06,2.78055e+06,1.36206e+07,0,405612,0,0,61.3317,61.3098,1.85374,0,1,1.62408,1.62408,0,1.25475,1.90512,8.44406e+06,3.71658e+06,1.37138e+07,0,405829,0,0
59.3175,85.1408,1.56731,0.04,0.06,3.35227,3.35227,0,0.628209,4.6872,4.06315e+06,2.78055e+06,1.36208e+07,0,405616,0,0,61.1611,61.3098,2.16493,0,1,1.6241,1.6241,0,1.25476,1.90512,8.44406e+06,3.71658e+06,1.3714e+07,0,405833,0,0
58.4026,85.1408,2.27621,0.04,0.06,3.35231,3.35231,0,0.628216,4.6872,4.06315e+06,2.78055e+06,1.36209e+07,0,405620,0,0,61.1389,61.3098,2.52215,0,1,1.62411,1.62411,0,1.25478,1.90512,8.44406e+06,3.71658e+06,1.37141e+07,0,405838,0,0
56.6807,85.1408,1.27058,0.04,0.06,3.25006,3.25006,0,0.628223,4.6872,4.06315e+06,2.78055e+06,1.32055e+07,0,393249,0,0,60.9715,61.3098,1.82562,0,1,1.54599,1.54599,0,1.25479,1.90512,8.44406e+06,3.71658e+06,1.30544e+07,0,386315,0,0
55.4453,85.1408,1.76676,0.04,0.06,3.2501,3.2501,0,0.609062,4.6872,4.06315e+06,2.78055e+06,1.32056e+07,0,393253,0,0,60.8841,61.3098,2.03342,0,1,1.546,1.546,0,1.19443,1.90512,8.44406e+06,3.71658e+06,1.30545e+07,0,386319,0,0
54.8544,85.1408,2.47195,0.04,0.06,3.25013,3.25013,0,0.609068,4.6872,4.06315e+06,2.78055e+06,1.32058e+07,0,393257,0,0,61.2598,61.3098,3.33144,0,1,1.54602,1.54602,0,1.19444,1.90512,8.44406e+06,3.71658e+06,1.30547e+07,0,386324,0,0
53.9257,85.1408,2.17324,0.04,0.06,3.25017,3.25017,0,0.609075,4.6872,4.06315e+06,2.78055e+06,1.32059e+07,0,393261,0,0,60.9091,61.3098,2.42652,0,1,1.54604,1.54604,0,1.19446,1.90512,8.44406e+06,3.71658e+06,1.30548e+07,0,386328,0,0
52.3568,85.1408,1.43484,0.04,0.06,3.16624,3.16624,0,0.609081,4.6872,4.06315e+06,2.78055e+06,1.28649e+07,0,383107,0,0,60.6977,61.3098,1.30209,0,1,1.47492,1.47492,0,1.19447,1.90512,8.44406e+06,3.71658e+06,1.24543e+07,0,368557,0,0
50.7307,85.1408,1.35482,0.04,0.06,3.16628,3.16628,0,0.593354,4.6872,4.06315e+06,2.78055e+06,1.28651e+07,0,383111,0,0,60.7327,61.3098,1.98928,0,1,1.47494,1.47494,0,1.13952,1.90512,8.44406e+06,3.71658e+06,1.24544e+07,0,368561,0,0
51.3325,85.1408,3.6918,0.06,0.06,3.10689,3.16631,0,0.59336,4.6872,4.06315e+06,2.78055e+06,1.26238e+07,0,383115,0,0,61.3535,61.3098,3.95088,0,1,1.53437,1.47495,0,1.13954,1.90512,8.44406e+06,3.71658e+06,1.29563e+07,0,368565,0,0
50.4486,85.1408,2.17804,0.04,0.06,3.16634,3.16634,0,0.582232,4.6872,4.06315e+06,2.78055e+06,1.28653e+07,0,383119,0,0,61.634,61.3098,1.95687,0,1,1.47497,1.47497,0,1.18545,1.90512,8.44406e+06,3.71658e+06,1.24547e+07,0,368569,0,0
49.7789,85.1408,2.1355,0.06,0.06,2.86853,2.92791,0,0.593373,4.6872,4.06315e+06,2.78055e+06,1.16553e+07,0,354270,0,0,62.2442,61.3098,2.80066,0,1,1.38621,1.32683,0,1.13956,1.90512,8.44406e+06,3.71658e+06,1.17052e+07,0,331551,0,0
51.7559,85.1408,4.91246,0.06,0.06,2.72042,2.92795,0,0.537563,4.6872,4.06315e+06,2.78055e+06,1.10535e+07,0,354273,0,0,62.338,61.3098,3.64168,0,1,1.53437,1.32684,0,1.07099,1.90512,8.44406e+06,3.71658e+06,1.29563e+07,0,331554,0,0
53.8877,85.1408,5.26682,0.04,0.06,2.92798,2.92798,0,0.509807,4.6872,4.06315e+06,2.78055e+06,1.18968e+07,0,354277,0,0,62.338,61.3098,4.14985,0,1,1.32686,1.32686,0,1.18545,1.90512,8.44406e+06,3.71658e+06,1.1204e+07,0,331558,0,0
53.9849,85.1408,3.16278,0.04,0.06,2.92801,2.92801,0,0.548703,4.6872,4.06315e+06,2.78055e+06,1.18969e+07,0,354281,0,0,62.1032,61.3098,2.58244,0,1,1.32687,1.32687,0,1.02513,1.90512,8.44406e+06,3.71658e+06,1.12042e+07,0,331562,0,0
53.2276,85.1408,2.19785,0.04,0.06,2.92804,2.92804,0,0.548709,4.6872,4.06315e+06,2.78055e+06,1.18971e+07,0,354285,0,0,62.2811,61.3098,1.86094,0,1,1.32688,1.32688,0,1.02514,1.90512,8.44406e+06,3.71658e+06,1.12043e+07,0,331565,0,0
53.5012,85.1408,3.21788,0.05,0.06,2.92804,2.92804,0,0.548715,4.6872,4.06315e+06,2.78055e+06,1.18971e+07,0,354285,0,0,62.338,61.3098,5.22861,0,1,1.32688,1.32688,0,1.02515,1.90512,8.44406e+06,3.71658e+06,1.12043e+07,0,331565,0,0
53.0462,85.1408,2.59915,0.05,0.06,3.0198,3.0198,0,0.548715,4.6872,4.06315e+06,2.78055e+06,1.22699e+07,0,365387,0,0,62.338,61.3098,4.42689,0,1,1.3698,1.3698,0,1.02515,1.90512,8.44406e+06,3.71658e+06,1.15667e+07,0,342289,0,0
53.016,85.1408,3.10444,0.05,0.06,3.01982,3.01982,0,0.56591,4.6872,4.06315e+06,2.78055e+06,1.227e+07,0,365389,0,0,62.338,61.3098,4.28675,0,1,1.36981,1.36981,0,1.05831,1.90512,8.44406e+06,3.71658e+06,1.15667e+07,0,342291,0,0
52.2368,85.1408,2.25706,0.05,0.06,3.01983,3.01983,0,0.565913,4.6872,4.06315e+06,2.78055e+06,1.227e+07,0,365392,0,0,62.338,61.3098,3.65323,0,1,1.36982,1.36982,0,1.05831,1.90512,8.44406e+06,3.71658e+06,1.15668e+07,0,342293,0,0
52.6269,85.1408,3.48723,0.05,0.06,3.01985,3.01985,0,0.565917,4.6872,4.06315e+06,2.78055e+06,1.22701e+07,0,365394,0,0,62.338,61.3098,4.52729,0,1,1.36983,1.36983,0,1.05832,1.90512,8.44406e+06,3.71658e+06,1.15669e+07,0,342295,0,0
54.6958,85.1408,5.4903,0.05,0.06,3.31442,3.31442,0,0.56592,4.6872,4.06315e+06,2.78055e+06,1.3467e+07,0,401036,0,0,62.338,61.3098,7.03288,0,1,1.5309,1.5309,0,1.05833,1.90512,8.44406e+06,3.71658e+06,1.2927e+07,0,382544,0,0
56.3081,85.1408,5.06305,0.06,0.06,3.31098,3.31444,0,0.621122,4.6872,4.06315e+06,2.78055e+06,1.3453e+07,0,401038,0,0,62.338,61.3098,6.72826,0,1,1.53436,1.53091,0,1.18277,1.90512,8.44406e+06,3.71658e+06,1.29562e+07,0,382546,0,0
57.9212,85.1408,5.06688,0.06,0.06,3.31101,3.31446,0,0.620478,4.6872,4.06315e+06,2.78055e+06,1.34531e+07,0,401040,0,0,62.338,61.3098,7.28546,0,1,1.53436,1.53091,0,1.18545,1.90512,8.44406e+06,3.71658e+06,1.29562e+07,0,382549,0,0
61.3953,85.1408,7.03804,0.06,0.06,3.31104,3.31448,0,0.620483,4.6872,4.06315e+06,2.78055e+06,1.34532e+07,0,401043,0,0,62.338,61.3098,10.7902,0,1,1.53436,1.53092,0,1.18545,1.90512,8.44406e+06,3.71658e+06,1.29562e+07,0,382551,0,0
64.9489,85.1408,7.07271,0.05,0.06,2.89436,2.89436,0,0.620489,4.6872,4.06315e+06,2.78055e+06,1.17602e+07,0,350210,0,0,62.338,61.3098,10.8118,0,1,1.31478,1.31478,0,1.18545,1.90512,8.44406e+06,3.71658e+06,1.11021e+07,0,328540,0,0
66.525,85.1408,5.08006,0.05,0.06,2.89438,2.89438,0,0.542403,4.6872,4.06315e+06,2.78055e+06,1.17603e+07,0,350212,0,0,62.338,61.3098,8.59116,0,1,1.31479,1.31479,0,1.0158,1.90512,8.44406e+06,3.71658e+06,1.11021e+07,0,328542,0,0
69.138,85.1408,6.04233,0.05,0.06,2.8944,2.8944,0,0.542407,4.6872,4.06315e+06,2.78055e+06,1.17604e+07,0,350214,0,0,62.338,61.3098,9.17719,0,1,1.31479,1.31479,0,1.0158,1.90512,8.44406e+06,3.71658e+06,1.11022e+07,0,328544,0,0
72.1866,85.1408,6.60335,0.02,0.06,2.89441,2.89441,0,0.54241,4.6872,4.06315e+06,2.78055e+06,1.17604e+07,0,350216,0,0,62.338,61.3098,11.1939,0,1,1.3148,1.3148,0,1.01581,1.90512,8.44406e+06,3.71658e+06,1.11023e+07,0,328546,0,0
76.8701,85.1408,8.34584,0.01,0.06,2.89443,2.89443,0,0.542413,4.6872,4.06315e+06,2.78055e+06,1.17605e+07,0,350218,0,0,62.338,61.3098,11.0146,0,1,1.31481,1.31481,0,1.01582,1.90512,8.44406e+06,3.71658e+06,1.11023e+07,0,328548,0,0
80.8486,85.1408,7.74625,0,0.06,3.0002,3.0002,0,0.542416,4.6872,4.06315e+06,2.78055e+06,1.21903e+07,0,363016,0,0,62.338,61.3098,10.6015,0,1,1.3677,1.3677,0,1.01582,1.90512,8.44406e+06,3.71658e+06,1.15489e+07,0,341763,0,0
83.9607,85.1408,6.7293,0,0.06,3.00022,3.00022,0,0.562238,4.6872,4.06315e+06,2.78055e+06,1.21903e+07,0,363018,0,0,62.338,61.3098,8.45149,0,1,1.3677,1.3677,0,1.05668,1.90512,8.44406e+06,3.71658e+06,1.1549e+07,0,341765,0,0
85.1408,85.1408,5.44239,0,0.06,3.00024,3.00024,0,0.562241,4.6872,4.06315e+06,2.78055e+06,1.21904e+07,0,363021,0,0,62.338,61.3098,6.18021,0,1,1.36771,1.36771,0,1.05669,1.90512,8.44406e+06,3.71658e+06,1.1549e+07,0,341767,0,0
85.1408,85.1408,5.03478,0,0.06,3.00025,3.00025,0,0.562244,4.6872,4.06315e+06,2.78055e+06,1.21905e+07,0,363023,0,0,62.338,61.3098,5.16827,0,1,1.36772,1.36772,0,1.05669,1.90512,8.44406e+06,3.71658e+06,1.15491e+07,0,341769,0,0
85.1408,85.1408,4.49964,0,0.06,2.95892,2.95892,0,0.562248,4.6872,4.06315e+06,2.78055e+06,1.20225e+07,0,358021,0,0,62.338,61.3098,4.70187,0,1,1.34719,1.34719,0,1.0567,1.90512,8.44406e+06,3.71658e+06,1.13757e+07,0,336639,0,0
85.1408,85.1408,3.99325,0,0.06,2.95894,2.95894,0,0.554502,4.6872,4.06315e+06,2.78055e+06,1.20226e+07,0,358023,0,0,62.338,61.3098,4.14099,0,1,1.3472,1.3472,0,1.04084,1.90512,8.44406e+06,3.71658e+06,1.13758e+07,0,336641,0,0
85.1408,85.1408,3.66129,0,0.06,2.95895,2.95895,0,0.554505,4.6872,4.06315e+06,2.78055e+06,1.20227e+07,0,358025,0,0,62.338,61.3098,3.8128,0,1,1.34721,1.34721,0,1.04084,1.90512,8.44406e+06,3.71658e+06,1.13759e+07,0,336643,0,0
85.1408,85.1408,3.46615,0,0.06,2.95897,2.95897,0,0.554508,4.6872,4.06315e+06,2.78055e+06,1.20227e+07,0,358028,0,0,62.338,61.3098,3.94025,0,1,1.34721,1.34721,0,1.04085,1.90512,8.44406e+06,3.71658e+06,1.13759e+07,0,336645,0,0
85.1408,85.1408,3.44636,0,0.06,3.09935,3.09935,0,0.554511,4.6872,4.06315e+06,2.78055e+06,1.25931e+07,0,375013,0,0,62.338,61.3098,4.03619,0,1,1.42006,1.42006,0,1.04086,1.90512,8.44406e+06,3.71658e+06,1.19911e+07,0,354848,0,0
85.0612,85.1408,3.25551,0,0.06,3.09937,3.09937,0,0.580819,4.6872,4.06315e+06,2.78055e+06,1.25932e+07,0,375016,0,0,62.338,61.3098,3.54407,0,1,1.42007,1.42007,0,1.09714,1.90512,8.44406e+06,3.71658e+06,1.19911e+07,0,354850,0,0
84.8502,85.1408,3.07319,0,0.06,3.09939,3.09939,0,0.580822,4.6872,4.06315e+06,2.78055e+06,1.25933e+07,0,375018,0,0,62.338,61.3098,3.1095,0,1,1.42007,1.42007,0,1.09714,1.90512,8.44406e+06,3.71658e+06,1.19912e+07,0,354852,0,0
84.4746,85.1408,2.85438,0,0.06,3.09941,3.09941,0,0.580826,4.6872,4.06315e+06,2.78055e+06,1.25934e+07,0,375020,0,0,62.338,61.3098,2.95242,0,1,1.42008,1.42008,0,1.09715,1.90512,8.44406e+06,3.71658e+06,1.19913e+07,0,354854,0,0
83.474,85.1408,2.18551,0,0.06,3.09943,3.09943,0,0.580829,4.6872,4.06315e+06,2.78055e+06,1.25934e+07,0,375022,0,0,62.3356,61.3098,2.15379,0,1,1.42009,1.42009,0,1.09716,1.90512,8.44406e+06,3.71658e+06,1.19913e+07,0,354856,0,0
82.363,85.1408,2.04396,0,0.06,3.07168,3.07168,0,0.580832,4.6872,4.06315e+06,2.78055e+06,1.24807e+07,0,371665,0,0,62.2683,61.3098,2.06772,0,1,1.46013,1.46013,0,1.09716,1.90512,8.44406e+06,3.71658e+06,1.23294e+07,0,364862,0,0
81.0775,85.1408,1.86034,0,0.06,3.0717,3.0717,0,0.575634,4.6872,4.06315e+06,2.78055e+06,1.24808e+07,0,371668,0,0,62.1354,61.3098,1.96819,0,1,1.46014,1.46014,0,1.1281,1.90512,8.44406e+06,3.71658e+06,1.23295e+07,0,364864,0,0
79.6485,85.1408,1.69045,0.01,0.06,3.07172,3.07172,0,0.575637,4.6872,4.06315e+06,2.78055e+06,1.24809e+07,0,371670,0,0,61.8628,61.3098,1.80432,0,1,1.46015,1.46015,0,1.12811,1.90512,8.44406e+06,3.71658e+06,1.23296e+07,0,364866,0,0
77.9861,85.1408,1.41953,0.01,0.06,3.07174,3.07174,0,0.57564,4.6872,4.06315e+06,2.78055e+06,1.24809e+07,0,371672,0,0,61.5537,61.3098,1.61925,0,1,1.46016,1.46016,0,1.12811,1.90512,8.44406e+06,3.71658e+06,1.23297e+07,0,364868,0,0
76.3258,85.1408,1.49983,0.02,0.06,3.14344,3.14344,0,0.575644,4.6872,4.06315e+06,2.78055e+06,1.27723e+07,0,380348,0,0,61.3215,61.3098,1.82544,0,1,1.49585,1.49585,0,1.12812,1.90512,8.44406e+06,3.71658e+06,1.2631e+07,0,373786,0,0
74.5517,85.1408,1.35519,0.04,0.06,3.14346,3.14346,0,0.589081,4.6872,4.06315e+06,2.78055e+06,1.27724e+07,0,380350,0,0,60.8315,61.3098,1.75544,0,1,1.49586,1.49586,0,1.15569,1.90512,8.44406e+06,3.71658e+06,1.26311e+07,0,373788,0,0
72.6755,85.1408,1.23428,0.03,0.06,3.14348,3.14348,0,0.589085,4.6872,4.06315e+06,2.78055e+06,1.27724e+07,0,380353,0,0,60.4715,61.3098,1.52179,0,1,1.49586,1.49586,0,1.1557,1.90512,8.44406e+06,3.71658e+06,1.26312e+07,0,373790,0,0
70.8879,85.1408,1.30591,0.04,0.06,3.1435,3.1435,0,0.589088,4.6872,4.06315e+06,2.78055e+06,1.27725e+07,0,380355,0,0,60.0913,61.3098,1.87333,0,1,1.49587,1.49587,0,1.1557,1.90512,8.44406e+06,3.71658e+06,1.26312e+07,0,373792,0,0
68.6765,85.1408,1.07948,0.04,0.06,3.35346,3.35346,0,0.589092,4.6872,4.06315e+06,2.78055e+06,1.36256e+07,0,405759,0,0,59.5218,61.3098,1.65197,0,1,1.62467,1.62467,0,1.15571,1.90512,8.44406e+06,3.71658e+06,1.37188e+07,0,405977,0,0
66.3833,85.1408,0.967542,0.04,0.06,3.35348,3.35348,0,0.628438,4.6872,4.06315e+06,2.78055e+06,1.36257e+07,0,405762,0,0,59.0228,61.3098,1.5305,0,1,1.62468,1.62468,0,1.25522,1.90512,8.44406e+06,3.71658e+06,1.37189e+07,0,405979,0,0
64.291,85.1408,1.1469,0.04,0.06,3.3535,3.3535,0,0.628442,4.6872,4.06315e+06,2.78055e+06,1.36258e+07,0,405764,0,0,58.6175,61.3098,1.65688,0,1,1.62469,1.62469,0,1.25523,1.90512,8.44406e+06,3.71658e+06,1.3719e+07,0,405981,0,0
62.9645,85.1408,1.95766,0.04,0.06,3.35352,3.35352,0,0.628445,4.6872,4.06315e+06,2.78055e+06,1.36258e+07,0,405766,0,0,58.3307,61.3098,1.98777,0,1,1.6247,1.6247,0,1.25524,1.90512,8.44406e+06,3.71658e+06,1.3719e+07,0,405984,0,0
61.2751,85.1408,1.60733,0.04,0.06,3.35354,3.35354,0,0.628449,4.6872,4.06315e+06,2.78055e+06,1.36259e+07,0,405769,0,0,57.9119,61.3098,1.66163,0,1,1.62471,1.62471,0,1.25524,1.90512,8.44406e+06,3.71658e+06,1.37191e+07,0,405986,0,0
59.3493,85.1408,1.26135,0.04,0.06,3.25123,3.25123,0,0.628453,4.6872,4.06315e+06,2.78055e+06,1.32103e+07,0,393391,0,0,57.6597,61.3098,2.50589,0,1,1.54655,1.54655,0,1.25525,1.90512,8.44406e+06,3.71658e+06,1.30591e+07,0,386455,0,0
57.3118,85.1408,1.12659,0.04,0.06,3.25125,3.25125,0,0.609281,4.6872,4.06315e+06,2.78055e+06,1.32103e+07,0,393393,0,0,57.0333,61.3098,1.54609,0,1,1.54655,1.54655,0,1.19486,1.90512,8.44406e+06,3.71658e+06,1.30592e+07,0,386457,0,0
55.1243,85.1408,0.940518,0.04,0.06,3.25127,3.25127,0,0.609285,4.6872,4.06315e+06,2.78055e+06,1.32104e+07,0,393395,0,0,56.5335,61.3098,1.37204,0,1,1.54656,1.54656,0,1.19487,1.90512,8.44406e+06,3.71658e+06,1.30593e+07,0,386459,0,0
54.1399,85.1408,2.2351,0.04,0.06,3.25129,3.25129,0,0.609288,4.6872,4.06315e+06,2.78055e+06,1.32105e+07,0,393397,0,0,56.3778,61.3098,2.64329,0,1,1.54657,1.54657,0,1.19487,1.90512,8.44406e+06,3.71658e+06,1.30593e+07,0,386461,0,0
54.1937,85.1408,3.27341,0.04,0.06,3.16732,3.16732,0,0.609292,4.6872,4.06315e+06,2.78055e+06,1.28693e+07,0,383237,0,0,56.5033,61.3098,2.76068,0,1,1.47542,1.47542,0,1.19488,1.90512,8.44406e+06,3.71658e+06,1.24586e+07,0,368682,0,0
54.4404,85.1408,3.30643,0.04,0.06,3.16734,3.16734,0,0.593556,4.6872,4.06315e+06,2.78055e+06,1.28694e+07,0,383239,0,0,56.4405,61.3098,2.49091,0,1,1.47543,1.47543,0,1.13991,1.90512,8.44406e+06,3.71658e+06,1.24586e+07,0,368685,0,0
54.5284,85.1408,3.16465,0.04,0.06,3.16736,3.16736,0,0.593559,4.6872,4.06315e+06,2.78055e+06,1.28694e+07,0,383242,0,0,56.6509,61.3098,3.59827,0,1,1.47544,1.47544,0,1.13992,1.90512,8.44406e+06,3.71658e+06,1.24587e+07,0,368687,0,0
54.5777,85.1408,3.14329,0.04,0.06,3.16737,3.16737,0,0.593563,4.6872,4.06315e+06,2.78055e+06,1.28695e+07,0,383244,0,0,56.6892,61.3098,2.56744,0,1,1.47545,1.47545,0,1.13993,1.90512,8.44406e+06,3.71658e+06,1.24588e+07,0,368689,0,0
54.4432,85.1408,2.84231,0.04,0.06,2.92885,2.92885,0,0.593566,4.6872,4.06315e+06,2.78055e+06,1.19004e+07,0,354383,0,0,57.2962,61.3098,3.55053,0,1,1.32725,1.32725,0,1.13993,1.90512,8.44406e+06,3.71658e+06,1.12074e+07,0,331657,0,0
54.7194,85.1408,3.33148,0.04,0.06,2.92887,2.92887,0,0.548867,4.6872,4.06315e+06,2.78055e+06,1.19004e+07,0,354385,0,0,57.9598,61.3098,3.56818,0,1,1.32726,1.32726,0,1.02544,1.90512,8.44406e+06,3.71658e+06,1.12075e+07,0,331659,0,0
54.5842,85.1408,2.88683,0.04,0.06,2.92889,2.92889,0,0.54887,4.6872,4.06315e+06,2.78055e+06,1.19005e+07,0,354387,0,0,58.594,61.3098,3.4348,0,1,1.32727,1.32727,0,1.02544,1.90512,8.44406e+06,3.71658e+06,1.12075e+07,0,331661,0,0
55.4675,85.1408,3.90757,0.04,0.06,2.9289,2.9289,0,0.548873,4.6872,4.06315e+06,2.78055e+06,1.19006e+07,0,354389,0,0,59.1615,61.3098,3.47286,0,1,1.32728,1.32728,0,1.02545,1.90512,8.44406e+06,3.71658e+06,1.12076e+07,0,331663,0,0
54.9545,85.1408,2.45245,0.05,0.06,2.92892,2.92892,0,0.548876,4.6872,4.06315e+06,2.78055e+06,1.19006e+07,0,354391,0,0,59.6181,61.3098,3.14242,0,1,1.32728,1.32728,0,1.02545,1.90512,8.44406e+06,3.71658e+06,1.12077e+07,0,331665,0,0
55.0306,85.1408,3.08961,0.05,0.06,3.02069,3.02069,0,0.54888,4.6872,4.06315e+06,2.78055e+06,1.22735e+07,0,365495,0,0,60.1373,61.3098,3.47671,0,1,1.37021,1.37021,0,1.02546,1.90512,8.44406e+06,3.71658e+06,1.15701e+07,0,342391,0,0
56.7638,85.1408,4.87118,0.05,0.06,3.02069,3.02069,0,0.566077,4.6872,4.06315e+06,2.78055e+06,1.22735e+07,0,365496,0,0,60.6032,61.3098,3.16596,0,1,1.37021,1.37021,0,1.05862,1.90512,8.44406e+06,3.71658e+06,1.15701e+07,0,342391,0,0
58.3349,85.1408,4.81747,0.05,0.06,3.02069,3.02069,0,0.566078,4.6872,4.06315e+06,2.78055e+06,1.22735e+07,0,365496,0,0,61.1238,61.3098,3.44119,0,1,1.37021,1.37021,0,1.05862,1.90512,8.44406e+06,3.71658e+06,1.15701e+07,0,342391,0,0
58.456,85.1408,3.31717,0.05,0.06,3.0207,3.0207,0,0.566078,4.6872,4.06315e+06,2.78055e+06,1.22735e+07,0,365496,0,0,62.338,61.3098,5.7955,0,1,1.37021,1.37021,0,1.05862,1.90512,8.44406e+06,3.71658e+06,1.15701e+07,0,342391,0,0
61.2118,85.1408,6.31771,0.05,0.06,3.31533,3.31533,0,0.566079,4.6872,4.06315e+06,2.78055e+06,1.34707e+07,0,401146,0,0,62.338,61.3098,3.76354,0,1,1.53132,1.53132,0,1.05862,1.90512,8.44406e+06,3.71658e+06,1.29305e+07,0,382650,0,0
60.6697,85.1408,2.8864,0.05,0.06,3.31533,3.31533,0,0.621293,4.6872,4.06315e+06,2.78055e+06,1.34707e+07,0,401146,0,0,62.2818,61.3098,2.42072,0,1,1.53132,1.53132,0,1.1831,1.90512,8.44406e+06,3.71658e+06,1.29305e+07,0,382650,0,0
60.1997,85.1408,2.89868,0.05,0.06,3.31534,3.31534,0,0.621294,4.6872,4.06315e+06,2.78055e+06,1.34707e+07,0,401147,0,0,62.2303,61.3098,2.23602,0,1,1.53132,1.53132,0,1.1831,1.90512,8.44406e+06,3.71658e+06,1.29306e+07,0,382650,0,0
61.018,85.1408,4.30564,0.05,0.06,3.31534,3.31534,0,0.621294,4.6872,4.06315e+06,2.78055e+06,1.34707e+07,0,401147,0,0,62.338,61.3098,4.48738,0,1,1.53132,1.53132,0,1.1831,1.90512,8.44406e+06,3.71658e+06,1.29306e+07,0,382650,0,0
64.7162,85.1408,7.15916,0.05,0.06,2.8951,2.8951,0,0.621295,4.6872,4.06315e+06,2.78055e+06,1.17632e+07,0,350299,0,0,62.338,61.3098,7.47559,0,1,1.31511,1.31511,0,1.1831,1.90512,8.44406e+06,3.71658e+06,1.11049e+07,0,328624,0,0
68.9328,85.1408,7.75292,0.05,0.06,2.8951,2.8951,0,0.542542,4.6872,4.06315e+06,2.78055e+06,1.17632e+07,0,350300,0,0,62.338,61.3098,7.70299,0,1,1.31511,1.31511,0,1.01606,1.90512,8.44406e+06,3.71658e+06,1.11049e+07,0,328624,0,0
72.4125,85.1408,6.97594,0.02,0.06,2.89511,2.89511,0,0.542542,4.6872,4.06315e+06,2.78055e+06,1.17632e+07,0,350300,0,0,62.338,61.3098,6.77243,0,1,1.31512,1.31512,0,1.01606,1.90512,8.44406e+06,3.71658e+06,1.11049e+07,0,328624,0,0
74.845,85.1408,5.93882,0.02,0.06,2.89511,2.89511,0,0.542543,4.6872,4.06315e+06,2.78055e+06,1.17633e+07,0,350300,0,0,62.338,61.3098,5.47837,0,1,1.31512,1.31512,0,1.01606,1.90512,8.44406e+06,3.71658e+06,1.11049e+07,0,328625,0,0
76.2592,85.1408,4.8608,0.01,0.06,2.89511,2.89511,0,0.542543,4.6872,4.06315e+06,2.78055e+06,1.17633e+07,0,350300,0,0,62.338,61.3098,6.08474,0,1,1.31512,1.31512,0,1.01606,1.90512,8.44406e+06,3.71658e+06,1.11049e+07,0,328625,0,0
77.1565,85.1408,4.34276,0.01,0.06,3.00089,3.00089,0,0.542544,4.6872,4.06315e+06,2.78055e+06,1.21931e+07,0,363100,0,0,62.338,61.3098,5.73378,0,1,1.36801,1.36801,0,1.01606,1.90512,8.44406e+06,3.71658e+06,1.15516e+07,0,341842,0,0
77.7604,85.1408,3.9934,0,0.06,3.0009,3.0009,0,0.562367,4.6872,4.06315e+06,2.78055e+06,1.21931e+07,0,363100,0,0,62.338,61.3098,5.62867,0,1,1.36801,1.36801,0,1.05693,1.90512,8.44406e+06,3.71658e+06,1.15516e+07,0,341842,0,0
77.8604,85.1408,3.47405,0,0.06,3.0009,3.0009,0,0.562368,4.6872,4.06315e+06,2.78055e+06,1.21931e+07,0,363101,0,0,62.338,61.3098,4.7692,0,1,1.36801,1.36801,0,1.05693,1.90512,8.44406e+06,3.71658e+06,1.15516e+07,0,341843,0,0
77.5331,85.1408,2.96094,0,0.06,3.0009,3.0009,0,0.562368,4.6872,4.06315e+06,2.78055e+06,1.21931e+07,0,363101,0,0,62.338,61.3098,3.52399,0,1,1.36802,1.36802,0,1.05693,1.90512,8.44406e+06,3.71658e+06,1.15516e+07,0,341843,0,0
76.7921,85.1408,2.47314,0,0.06,2.95954,2.95954,0,0.562369,4.6872,4.06315e+06,2.78055e+06,1.20251e+07,0,358097,0,0,62.1997,61.3098,2.52338,0,1,1.34747,1.34747,0,1.05693,1.90512,8.44406e+06,3.71658e+06,1.13781e+07,0,336710,0,0
75.8302,85.1408,2.22338,0,0.06,2.95955,2.95955,0,0.554618,4.6872,4.06315e+06,2.78055e+06,1.20251e+07,0,358097,0,0,62.2608,61.3098,2.25588,0,1,1.34747,1.34747,0,1.04106,1.90512,8.44406e+06,3.71658e+06,1.13781e+07,0,336710,0,0
74.737,85.1408,2.04959,0,0.06,2.95955,2.95955,0,0.554619,4.6872,4.06315e+06,2.78055e+06,1.20251e+07,0,358097,0,0,62.338,61.3098,2.14309,0,1,1.34748,1.34748,0,1.04106,1.90512,8.44406e+06,3.71658e+06,1.13782e+07,0,336710,0,0
73.6248,85.1408,2.00833,0,0.06,2.95955,2.95955,0,0.554619,4.6872,4.06315e+06,2.78055e+06,1.20251e+07,0,358098,0,0,62.0454,61.3098,2.43663,0,1,1.34748,1.34748,0,1.04106,1.90512,8.44406e+06,3.71658e+06,1.13782e+07,0,336711,0,0
72.1594,85.1408,1.75665,0,0.06,3.09994,3.09994,0,0.55462,4.6872,4.06315e+06,2.78055e+06,1.25955e+07,0,375085,0,0,61.9309,61.3098,1.89592,0,1,1.42033,1.42033,0,1.04106,1.90512,8.44406e+06,3.71658e+06,1.19933e+07,0,354915,0,0
70.789,85.1408,1.74098,0,0.06,3.09995,3.09995,0,0.58093,4.6872,4.06315e+06,2.78055e+06,1.25956e+07,0,375085,0,0,61.673,61.3098,1.88898,0,1,1.42033,1.42033,0,1.09735,1.90512,8.44406e+06,3.71658e+06,1.19933e+07,0,354916,0,0
69.2479,85.1408,1.54689,0.01,0.06,3.09995,3.09995,0,0.58093,4.6872,4.06315e+06,2.78055e+06,1.25956e+07,0,375085,0,0,61.2073,61.3098,1.58074,0,1,1.42033,1.42033,0,1.09735,1.90512,8.44406e+06,3.71658e+06,1.19934e+07,0,354916,0,0
67.6672,85.1408,1.48575,0.01,0.06,3.09995,3.09995,0,0.58093,4.6872,4.06315e+06,2.78055e+06,1.25956e+07,0,375086,0,0,60.8032,61.3098,1.39146,0,1,1.42033,1.42033,0,1.09735,1.90512,8.44406e+06,3.71658e+06,1.19934e+07,0,354916,0,0
65.9583,85.1408,1.34735,0.03,0.06,3.09995,3.09995,0,0.580931,4.6872,4.06315e+06,2.78055e+06,1.25956e+07,0,375086,0,0,60.5796,61.3098,1.73344,0,1,1.42033,1.42033,0,1.09735,1.90512,8.44406e+06,3.71658e+06,1.19934e+07,0,354916,0,0
64.1862,85.1408,1.24472,0.03,0.06,3.07219,3.07219,0,0.580931,4.6872,4.06315e+06,2.78055e+06,1.24828e+07,0,371727,0,0,60.3181,61.3098,1.74508,0,1,1.46038,1.46038,0,1.09735,1.90512,8.44406e+06,3.71658e+06,1.23315e+07,0,364922,0,0
62.3244,85.1408,1.13533,0.04,0.06,3.07219,3.07219,0,0.575729,4.6872,4.06315e+06,2.78055e+06,1.24828e+07,0,371727,0,0,59.9289,61.3098,1.66181,0,1,1.46038,1.46038,0,1.12829,1.90512,8.44406e+06,3.71658e+06,1.23315e+07,0,364922,0,0
60.3937,85.1408,1.03071,0.04,0.06,3.0722,3.0722,0,0.575729,4.6872,4.06315e+06,2.78055e+06,1.24828e+07,0,371728,0,0,59.5494,61.3098,1.5289,0,1,1.46038,1.46038,0,1.12829,1.90512,8.44406e+06,3.71658e+06,1.23315e+07,0,364923,0,0
58.5564,85.1408,1.08219,0.04,0.06,3.0722,3.0722,0,0.57573,4.6872,4.06315e+06,2.78055e+06,1.24828e+07,0,371728,0,0,59.1758,61.3098,1.6349,0,1,1.46038,1.46038,0,1.12829,1.90512,8.44406e+06,3.71658e+06,1.23315e+07,0,364923,0,0
56.7393,85.1408,1.1437,0.04,0.06,3.1439,3.1439,0,0.57573,4.6872,4.06315e+06,2.78055e+06,1.27741e+07,0,380403,0,0,58.8114,61.3098,1.7506,0,1,1.49606,1.49606,0,1.12829,1.90512,8.44406e+06,3.71658e+06,1.26329e+07,0,373840,0,0
54.8244,85.1408,1.01755,0.05,0.06,3.1439,3.1439,0,0.589167,4.6872,4.06315e+06,2.78055e+06,1.27742e+07,0,380404,0,0,58.3606,61.3098,1.65354,0,1,1.49607,1.49607,0,1.15586,1.90512,8.44406e+06,3.71658e+06,1.26329e+07,0,373841,0,0
52.8554,85.1408,0.932416,0.05,0.06,3.14391,3.14391,0,0.589167,4.6872,4.06315e+06,2.78055e+06,1.27742e+07,0,380404,0,0,57.8783,61.3098,1.55457,0,1,1.49607,1.49607,0,1.15586,1.90512,8.44406e+06,3.71658e+06,1.26329e+07,0,373841,0,0
50.806,85.1408,0.807678,0.05,0.06,3.14391,3.14391,0,0.589168,4.6872,4.06315e+06,2.78055e+06,1.27742e+07,0,380404,0,0,57.3314,61.3098,1.54318,0,1,1.49607,1.49607,0,1.15586,1.90512,8.44406e+06,3.71658e+06,1.26329e+07,0,373841,0,0
48.6899,85.1408,0.83847,0.06,0.06,3.31559,3.35388,0,0.589168,4.6872,4.06315e+06,2.78055e+06,1.34718e+07,0,405810,0,0,56.7816,61.3098,1.45283,0,1,1.66316,1.62487,0,1.15586,1.90512,8.44406e+06,3.71658e+06,1.40438e+07,0,406028,0,0
46.6403,85.1408,0.94568,0.05,0.06,3.35388,3.35388,0,0.621342,4.6872,4.06315e+06,2.78055e+06,1.36273e+07,0,405811,0,0,56.1464,61.3098,1.80735,0,1,1.62488,1.62488,0,1.28496,1.90512,8.44406e+06,3.71658e+06,1.37205e+07,0,406028,0,0
44.4086,85.1408,0.764574,0.05,0.06,3.35388,3.35388,0,0.628517,4.6872,4.06315e+06,2.78055e+06,1.36273e+07,0,405811,0,0,55.7982,61.3098,1.30538,0,1,1.62488,1.62488,0,1.25538,1.90512,8.44406e+06,3.71658e+06,1.37206e+07,0,406028,0,0
42.3429,85.1408,0.920716,0.05,0.06,3.35389,3.35389,0,0.628518,4.6872,4.06315e+06,2.78055e+06,1.36273e+07,0,405811,0,0,55.6785,61.3098,2.25993,0,1,1.62488,1.62488,0,1.25538,1.90512,8.44406e+06,3.71658e+06,1.37206e+07,0,406029,0,0
40.6945,85.1408,1.37442,0.11,0.06,3.35389,3.35389,0,0.628518,4.6872,4.06315e+06,2.78055e+06,1.36274e+07,0,405812,0,0,55.6923,61.3098,1.97924,0,1,1.62488,1.62488,0,1.25538,1.90512,8.44406e+06,3.71658e+06,1.37206e+07,0,406029,0,0
39.116,85.1408,1.34318,0.09,0.06,3.25156,3.25156,0,0.628519,4.6872,4.06315e+06,2.78055e+06,1.32116e+07,0,393430,0,0,56.1809,61.3098,3.33002,0,1,1.5467,1.5467,0,1.25538,1.90512,8.44406e+06,3.71658e+06,1.30604e+07,0,386493,0,0
37.3727,85.1408,1.17921,0.08,0.06,3.25156,3.25156,0,0.609342,4.6872,4.06315e+06,2.78055e+06,1.32116e+07,0,393430,0,0,55.9449,61.3098,1.89888,0,1,1.5467,1.5467,0,1.19498,1.90512,8.44406e+06,3.71658e+06,1.30604e+07,0,386494,0,0
35.6013,85.1408,1.14188,0.07,0.06,3.25157,3.25157,0,0.609343,4.6872,4.06315e+06,2.78055e+06,1.32116e+07,0,393431,0,0,55.8702,61.3098,1.7447,0,1,1.5467,1.5467,0,1.19498,1.90512,8.44406e+06,3.71658e+06,1.30604e+07,0,386494,0,0
35.2352,85.1408,2.69675,0.07,0.06,3.25157,3.25157,0,0.609343,4.6872,4.06315e+06,2.78055e+06,1.32116e+07,0,393431,0,0,56.4155,61.3098,2.66802,0,1,1.5467,1.5467,0,1.19498,1.90512,8.44406e+06,3.71658e+06,1.30605e+07,0,386494,0,0
37.2135,85.1408,4.93994,0.08,0.06,3.16757,3.16757,0,0.609344,4.6872,4.06315e+06,2.78055e+06,1.28703e+07,0,383268,0,0,57.8765,61.3098,3.90972,0,1,1.47554,1.47554,0,1.19498,1.90512,8.44406e+06,3.71658e+06,1.24596e+07,0,368712,0,0
37.5394,85.1408,3.18121,0.07,0.06,3.10877,3.16758,0,0.593603,4.6872,4.06315e+06,2.78055e+06,1.26314e+07,0,383268,0,0,58.7484,61.3098,3.13812,0,1,1.53435,1.47554,0,1.14,1.90512,8.44406e+06,3.71658e+06,1.29562e+07,0,368712,0,0
40.7584,85.1408,6.29015,0.07,0.06,3.10877,3.16758,0,0.582583,4.6872,4.06315e+06,2.78055e+06,1.26314e+07,0,383269,0,0,59.8231,61.3098,3.45711,0,1,1.53435,1.47554,0,1.18544,1.90512,8.44406e+06,3.71658e+06,1.29562e+07,0,368713,0,0
47.7652,85.1408,10.1554,0.08,0.06,3.10877,3.16758,0,0.582584,4.6872,4.06315e+06,2.78055e+06,1.26314e+07,0,383269,0,0,60.4274,61.3098,3.32838,0,1,1.53435,1.47555,0,1.18544,1.90512,8.44406e+06,3.71658e+06,1.29562e+07,0,368713,0,0
47.242,85.1408,2.31365,0.05,0.06,2.92903,2.92903,0,0.582584,4.6872,4.06315e+06,2.78055e+06,1.19011e+07,0,354405,0,0,61.5503,61.3098,3.51807,0,1,1.32733,1.32733,0,1.18544,1.90512,8.44406e+06,3.71658e+06,1.12081e+07,0,331677,0,0
48.4515,85.1408,4.2795,0.05,0.06,2.92903,2.92903,0,0.5489,4.6872,4.06315e+06,2.78055e+06,1.19011e+07,0,354405,0,0,62.338,61.3098,4.9871,0,1,1.32733,1.32733,0,1.0255,1.90512,8.44406e+06,3.71658e+06,1.12081e+07,0,331677,0,0
49.4333,85.1408,3.77036,0.07,0.06,2.72202,2.92903,0,0.5489,4.6872,4.06315e+06,2.78055e+06,1.106e+07,0,354405,0,0,62.338,61.3098,4.21467,0,1,1.53435,1.32733,0,1.0255,1.90512,8.44406e+06,3.71658e+06,1.29562e+07,0,331678,0,0
49.4132,85.1408,2.85487,0.07,0.06,2.72202,2.92904,0,0.510106,4.6872,4.06315e+06,2.78055e+06,1.106e+07,0,354405,0,0,62.338,61.3098,2.39359,0,1,1.53435,1.32734,0,1.18544,1.90512,8.44406e+06,3.71658e+06,1.29562e+07,0,331678,0,0
52.3385,85.1408,6.00487,0.07,0.06,2.72202,2.92904,0,0.510106,4.6872,4.06315e+06,2.78055e+06,1.106e+07,0,354406,0,0,62.338,61.3098,3.02444,0,1,1.53435,1.32734,0,1.18544,1.90512,8.44406e+06,3.71658e+06,1.29562e+07,0,331678,0,0
54.023,85.1408,4.82991,0.05,0.06,3.0208,3.0208,0,0.510107,4.6872,4.06315e+06,2.78055e+06,1.2274e+07,0,365508,0,0,62.1581,61.3098,2.47259,0,1,1.37025,1.37025,0,1.18544,1.90512,8.44406e+06,3.71658e+06,1.15705e+07,0,342403,0,0
54.3896,85.1408,3.45054,0.05,0.06,3.02078,3.02078,0,0.566097,4.6872,4.06315e+06,2.78055e+06,1.22739e+07,0,365507,0,0,62.3356,61.3098,2.10953,0,1,1.37025,1.37025,0,1.05866,1.90512,8.44406e+06,3.71658e+06,1.15705e+07,0,342401,0,0
55.0549,85.1408,3.84394,0.05,0.06,3.02077,3.02077,0,0.566095,4.6872,4.06315e+06,2.78055e+06,1.22739e+07,0,365505,0,0,62.338,61.3098,2.35918,0,1,1.37024,1.37024,0,1.05865,1.90512,8.44406e+06,3.71658e+06,1.15704e+07,0,342400,0,0
57.5893,85.1408,6.07511,0.05,0.06,3.02076,3.02076,0,0.566093,4.6872,4.06315e+06,2.78055e+06,1.22738e+07,0,365504,0,0,62.0069,61.3098,2.87993,0,1,1.37024,1.37024,0,1.05865,1.90512,8.44406e+06,3.71658e+06,1.15704e+07,0,342398,0,0
59.1553,85.1408,5.13336,0.05,0.06,3.31538,3.31538,0,0.56609,4.6872,4.06315e+06,2.78055e+06,1.34709e+07,0,401152,0,0,61.8052,61.3098,1.68236,0,1,1.53134,1.53134,0,1.05865,1.90512,8.44406e+06,3.71658e+06,1.29307e+07,0,382655,0,0
61.4876,85.1408,5.85513,0.06,0.06,3.31236,3.31537,0,0.621303,4.6872,4.06315e+06,2.78055e+06,1.34586e+07,0,401151,0,0,61.4929,61.3098,2.15387,0,1,1.53435,1.53134,0,1.18311,1.90512,8.44406e+06,3.71658e+06,1.29561e+07,0,382654,0,0
62.7762,85.1408,4.84448,0.05,0.06,3.31535,3.31535,0,0.620736,4.6872,4.06315e+06,2.78055e+06,1.34708e+07,0,401149,0,0,61.3946,61.3098,1.95853,0,1,1.53133,1.53133,0,1.18544,1.90512,8.44406e+06,3.71658e+06,1.29306e+07,0,382652,0,0
66.6988,85.1408,7.58036,0.05,0.06,3.31534,3.31534,0,0.621297,4.6872,4.06315e+06,2.78055e+06,1.34707e+07,0,401147,0,0,62.1239,61.3098,5.77583,0,1,1.53132,1.53132,0,1.1831,1.90512,8.44406e+06,3.71658e+06,1.29306e+07,0,382651,0,0
74.1293,85.1408,11.369,0.05,0.06,2.89509,2.89509,0,0.621295,4.6872,4.06315e+06,2.78055e+06,1.17632e+07,0,350298,0,0,62.338,61.3098,8.44622,0,1,1.31511,1.31511,0,1.1831,1.90512,8.44406e+06,3.71658e+06,1.11048e+07,0,328622,0,0
80.1382,85.1408,9.73472,0.02,0.06,2.89508,2.89508,0,0.542539,4.6872,4.06315e+06,2.78055e+06,1.17631e+07,0,350296,0,0,62.338,61.3098,6.2954,0,1,1.3151,1.3151,0,1.01605,1.90512,8.44406e+06,3.71658e+06,1.11048e+07,0,328621,0,0
85.1408,85.1408,9.55423,0,0.06,2.89506,2.89506,0,0.542537,4.6872,4.06315e+06,2.78055e+06,1.17631e+07,0,350295,0,0,62.338,61.3098,5.75892,0,1,1.3151,1.3151,0,1.01605,1.90512,8.44406e+06,3.71658e+06,1.11047e+07,0,328620,0,0
85.1408,85.1408,9.5452,0,0.06,2.89505,2.89505,0,0.542535,4.6872,4.06315e+06,2.78055e+06,1.1763e+07,0,350293,0,0,62.338,61.3098,5.68282,0,1,1.31509,1.31509,0,1.01604,1.90512,8.44406e+06,3.71658e+06,1.11047e+07,0,328618,0,0
85.1408,85.1408,10.1711,0,0.06,2.89504,2.89504,0,0.542533,4.6872,4.06315e+06,2.78055e+06,1.1763e+07,0,350292,0,0,62.338,61.3098,7.79535,0,1,1.31509,1.31509,0,1.01604,1.90512,8.44406e+06,3.71658e+06,1.11047e+07,0,328617,0,0
85.1408,85.1408,10.6863,0,0.06,3.0008,3.0008,0,0.54253,4.6872,4.06315e+06,2.78055e+06,1.21927e+07,0,363089,0,0,62.338,61.3098,8.11543,0,1,1.36797,1.36797,0,1.01604,1.90512,8.44406e+06,3.71658e+06,1.15512e+07,0,341832,0,0
85.1408,85.1408,8.54388,0,0.06,3.00079,3.00079,0,0.562351,4.6872,4.06315e+06,2.78055e+06,1.21927e+07,0,363088,0,0,62.338,61.3098,6.5532,0,1,1.36797,1.36797,0,1.05689,1.90512,8.44406e+06,3.71658e+06,1.15512e+07,0,341831,0,0
85.1408,85.1408,7.4738,0,0.06,3.00078,3.00078,0,0.562348,4.6872,4.06315e+06,2.78055e+06,1.21926e+07,0,363086,0,0,62.338,61.3098,6.22333,0,1,1.36796,1.36796,0,1.05689,1.90512,8.44406e+06,3.71658e+06,1.15511e+07,0,341829,0,0
85.1408,85.1408,6.57705,0,0.06,3.00077,3.00077,0,0.562346,4.6872,4.06315e+06,2.78055e+06,1.21926e+07,0,363085,0,0,62.338,61.3098,4.46325,0,1,1.36795,1.36795,0,1.05689,1.90512,8.44406e+06,3.71658e+06,1.15511e+07,0,341828,0,0
85.1408,85.1408,5.47378,0,0.06,2.9594,2.9594,0,0.562344,4.6872,4.06315e+06,2.78055e+06,1.20245e+07,0,358079,0,0,62.338,61.3098,2.94607,0,1,1.34741,1.34741,0,1.05688,1.90512,8.44406e+06,3.71658e+06,1.13776e+07,0,336693,0,0
85.1408,85.1408,5.18579,0,0.06,2.95938,2.95938,0,0.554591,4.6872,4.06315e+06,2.78055e+06,1.20244e+07,0,358077,0,0,62.338,61.3098,2.83917,0,1,1.3474,1.3474,0,1.04101,1.90512,8.44406e+06,3.71658e+06,1.13775e+07,0,336692,0,0
85.1408,85.1408,4.80234,0,0.06,2.95937,2.95937,0,0.554589,4.6872,4.06315e+06,2.78055e+06,1.20244e+07,0,358076,0,0,62.338,61.3098,3.2466,0,1,1.34739,1.34739,0,1.041,1.90512,8.44406e+06,3.71658e+06,1.13775e+07,0,336690,0,0
85.1408,85.1408,4.52292,0,0.06,2.95936,2.95936,0,0.554586,4.6872,4.06315e+06,2.78055e+06,1.20243e+07,0,358074,0,0,62.338,61.3098,3.08775,0,1,1.34739,1.34739,0,1.041,1.90512,8.44406e+06,3.71658e+06,1.13774e+07,0,336689,0,0
85.1408,85.1408,4.47365,0,0.06,3.09973,3.09973,0,0.554584,4.6872,4.06315e+06,2.78055e+06,1.25947e+07,0,375059,0,0,62.338,61.3098,3.2448,0,1,1.42023,1.42023,0,1.04099,1.90512,8.44406e+06,3.71658e+06,1.19925e+07,0,354891,0,0
85.1408,85.1408,4.23275,0,0.06,3.09972,3.09972,0,0.580889,4.6872,4.06315e+06,2.78055e+06,1.25946e+07,0,375057,0,0,62.338,61.3098,2.76352,0,1,1.42022,1.42022,0,1.09727,1.90512,8.44406e+06,3.71658e+06,1.19925e+07,0,354889,0,0
85.1408,85.1408,3.93212,0,0.06,3.0997,3.0997,0,0.580887,4.6872,4.06315e+06,2.78055e+06,1.25946e+07,0,375056,0,0,62.338,61.3098,2.47149,0,1,1.42022,1.42022,0,1.09727,1.90512,8.44406e+06,3.71658e+06,1.19924e+07,0,354888,0,0
85.1408,85.1408,3.72044,0,0.06,3.09969,3.09969,0,0.580884,4.6872,4.06315e+06,2.78055e+06,1.25945e+07,0,375054,0,0,62.1388,61.3098,2.25042,0,1,1.42021,1.42021,0,1.09726,1.90512,8.44406e+06,3.71658e+06,1.19924e+07,0,354886,0,0
84.8293,85.1408,2.98047,0,0.06,3.09968,3.09968,0,0.580882,4.6872,4.06315e+06,2.78055e+06,1.25945e+07,0,375053,0,0,61.8299,61.3098,1.7431,0,1,1.42021,1.42021,0,1.09726,1.90512,8.44406e+06,3.71658e+06,1.19923e+07,0,354885,0,0
84.3016,85.1408,2.73196,0,0.06,3.0719,3.0719,0,0.580879,4.6872,4.06315e+06,2.78055e+06,1.24816e+07,0,371692,0,0,61.4987,61.3098,1.63746,0,1,1.46024,1.46024,0,1.09725,1.90512,8.44406e+06,3.71658e+06,1.23303e+07,0,364888,0,0
83.6957,85.1408,2.64015,0.01,0.06,3.07189,3.07189,0,0.575674,4.6872,4.06315e+06,2.78055e+06,1.24815e+07,0,371690,0,0,61.0342,61.3098,1.60556,0,1,1.46023,1.46023,0,1.12818,1.90512,8.44406e+06,3.71658e+06,1.23303e+07,0,364886,0,0
82.8557,85.1408,2.36116,0.01,0.06,3.07188,3.07188,0,0.575672,4.6872,4.06315e+06,2.78055e+06,1.24815e+07,0,371689,0,0,60.4885,61.3098,1.48515,0,1,1.46022,1.46022,0,1.12817,1.90512,8.44406e+06,3.71658e+06,1.23302e+07,0,364885,0,0
81.7735,85.1408,2.09506,0.01,0.06,3.07186,3.07186,0,0.57567,4.6872,4.06315e+06,2.78055e+06,1.24814e+07,0,371687,0,0,59.8907,61.3098,1.4072,0,1,1.46022,1.46022,0,1.12817,1.90512,8.44406e+06,3.71658e+06,1.23302e+07,0,364883,0,0
80.5788,85.1408,2.0439,0.02,0.06,3.14354,3.14354,0,0.575667,4.6872,4.06315e+06,2.78055e+06,1.27727e+07,0,380360,0,0,59.3461,61.3098,1.44265,0,1,1.49589,1.49589,0,1.12816,1.90512,8.44406e+06,3.71658e+06,1.26314e+07,0,373798,0,0
79.2608,85.1408,1.89184,0.02,0.06,3.14353,3.14353,0,0.5891,4.6872,4.06315e+06,2.78055e+06,1.27726e+07,0,380358,0,0,58.6463,61.3098,1.45278,0,1,1.49589,1.49589,0,1.15573,1.90512,8.44406e+06,3.71658e+06,1.26314e+07,0,373796,0,0
77.8178,85.1408,1.753,0.02,0.06,3.14351,3.14351,0,0.589097,4.6872,4.06315e+06,2.78055e+06,1.27726e+07,0,380357,0,0,58.037,61.3098,1.29725,0,1,1.49588,1.49588,0,1.15572,1.90512,8.44406e+06,3.71658e+06,1.26313e+07,0,373794,0,0
76.4266,85.1408,1.78424,0.02,0.06,3.1435,3.1435,0,0.589095,4.6872,4.06315e+06,2.78055e+06,1.27725e+07,0,380355,0,0,57.3814,61.3098,1.46249,0,1,1.49587,1.49587,0,1.15572,1.90512,8.44406e+06,3.71658e+06,1.26312e+07,0,373793,0,0
74.9749,85.1408,1.92003,0.04,0.06,3.35343,3.35343,0,0.589092,4.6872,4.06315e+06,2.78055e+06,1.36255e+07,0,405756,0,0,56.5314,61.3098,1.39169,0,1,1.62466,1.62466,0,1.15571,1.90512,8.44406e+06,3.71658e+06,1.37187e+07,0,405973,0,0
73.3911,85.1408,1.77217,0.04,0.06,3.35341,3.35341,0,0.628432,4.6872,4.06315e+06,2.78055e+06,1.36254e+07,0,405754,0,0,55.6195,61.3098,1.30895,0,1,1.62465,1.62465,0,1.25521,1.90512,8.44406e+06,3.71658e+06,1.37186e+07,0,405971,0,0
71.6297,85.1408,1.5703,0.04,0.06,3.3534,3.3534,0,0.62843,4.6872,4.06315e+06,2.78055e+06,1.36254e+07,0,405752,0,0,54.5864,61.3098,1.18389,0,1,1.62464,1.62464,0,1.2552,1.90512,8.44406e+06,3.71658e+06,1.37186e+07,0,405970,0,0
69.7185,85.1408,1.3909,0.04,0.06,3.35339,3.35339,0,0.628427,4.6872,4.06315e+06,2.78055e+06,1.36253e+07,0,405751,0,0,53.6691,61.3098,1.07577,0,1,1.62464,1.62464,0,1.2552,1.90512,8.44406e+06,3.71658e+06,1.37185e+07,0,405968,0,0
68.3399,85.1408,1.93296,0.04,0.06,3.35337,3.35337,0,0.628424,4.6872,4.06315e+06,2.78055e+06,1.36253e+07,0,405749,0,0,52.7477,61.3098,1.3466,0,1,1.62463,1.62463,0,1.25519,1.90512,8.44406e+06,3.71658e+06,1.37185e+07,0,405966,0,0
66.8586,85.1408,1.76078,0.04,0.06,3.25104,3.25104,0,0.628422,4.6872,4.06315e+06,2.78055e+06,1.32095e+07,0,393367,0,0,52.1454,61.3098,1.25758,0,1,1.54645,1.54645,0,1.25519,1.90512,8.44406e+06,3.71658e+06,1.30583e+07,0,386432,0,0
65.5373,85.1408,1.96426,0.04,0.06,3.25103,3.25103,0,0.609245,4.6872,4.06315e+06,2.78055e+06,1.32094e+07,0,393366,0,0,51.7328,61.3098,1.68462,0,1,1.54645,1.54645,0,1.19479,1.90512,8.44406e+06,3.71658e+06,1.30583e+07,0,386430,0,0
64.1141,85.1408,1.87681,0.04,0.06,3.25102,3.25102,0,0.609243,4.6872,4.06315e+06,2.78055e+06,1.32094e+07,0,393364,0,0,51.4424,61.3098,1.66442,0,1,1.54644,1.54644,0,1.19479,1.90512,8.44406e+06,3.71658e+06,1.30582e+07,0,386429,0,0
62.924,85.1408,2.17439,0.04,0.06,3.251,3.251,0,0.60924,4.6872,4.06315e+06,2.78055e+06,1.32093e+07,0,393362,0,0,51.3458,61.3098,1.82502,0,1,1.54643,1.54643,0,1.19478,1.90512,8.44406e+06,3.71658e+06,1.30582e+07,0,386427,0,0
61.614,85.1408,1.95459,0.04,0.06,3.16701,3.16701,0,0.609238,4.6872,4.06315e+06,2.78055e+06,1.2868e+07,0,383199,0,0,50.9525,61.3098,2.11487,0,1,1.47528,1.47528,0,1.19478,1.90512,8.44406e+06,3.71658e+06,1.24573e+07,0,368646,0,0
60.4595,85.1408,2.10037,0.04,0.06,3.16699,3.16699,0,0.593497,4.6872,4.06315e+06,2.78055e+06,1.2868e+07,0,383198,0,0,50.7889,61.3098,1.34924,0,1,1.47527,1.47527,0,1.1398,1.90512,8.44406e+06,3.71658e+06,1.24573e+07,0,368644,0,0
62.1939,85.1408,5.07983,0.04,0.06,3.16698,3.16698,0,0.593495,4.6872,4.06315e+06,2.78055e+06,1.28679e+07,0,383196,0,0,51.4748,61.3098,3.6723,0,1,1.47526,1.47526,0,1.13979,1.90512,8.44406e+06,3.71658e+06,1.24572e+07,0,368643,0,0
65.7905,85.1408,7.10186,0.04,0.06,3.16697,3.16697,0,0.593492,4.6872,4.06315e+06,2.78055e+06,1.28679e+07,0,383194,0,0,52.6864,61.3098,6.02361,0,1,1.47526,1.47526,0,1.13979,1.90512,8.44406e+06,3.71658e+06,1.24572e+07,0,368641,0,0
67.191,85.1408,4.68417,0.04,0.06,2.92845,2.92845,0,0.59349,4.6872,4.06315e+06,2.78055e+06,1.18987e+07,0,354334,0,0,53.4511,61.3098,3.66529,0,1,1.32707,1.32707,0,1.13978,1.90512,8.44406e+06,3.71658e+06,1.12058e+07,0,331611,0,0
69.1823,85.1408,5.48598,0.04,0.06,2.92843,2.92843,0,0.548791,4.6872,4.06315e+06,2.78055e+06,1.18987e+07,0,354333,0,0,54.7367,61.3098,5.06434,0,1,1.32706,1.32706,0,1.02529,1.90512,8.44406e+06,3.71658e+06,1.12058e+07,0,331610,0,0
71.5553,85.1408,5.78335,0.03,0.06,2.92842,2.92842,0,0.548788,4.6872,4.06315e+06,2.78055e+06,1.18986e+07,0,354331,0,0,55.9813,61.3098,4.33604,0,1,1.32706,1.32706,0,1.02529,1.90512,8.44406e+06,3.71658e+06,1.12057e+07,0,331608,0,0
75.7458,85.1408,7.50151,0.03,0.06,2.92841,2.92841,0,0.548786,4.6872,4.06315e+06,2.78055e+06,1.18986e+07,0,354330,0,0,57.3493,61.3098,4.30957,0,1,1.32705,1.32705,0,1.02528,1.90512,8.44406e+06,3.71658e+06,1.12057e+07,0,331607,0,0
77.0624,85.1408,4.69342,0.03,0.06,2.9284,2.9284,0,0.548784,4.6872,4.06315e+06,2.78055e+06,1.18985e+07,0,354328,0,0,58.2162,61.3098,4.24538,0,1,1.32705,1.32705,0,1.02528,1.90512,8.44406e+06,3.71658e+06,1.12056e+07,0,331606,0,0
76.8357,85.1408,3.15538,0.01,0.06,3.02012,3.02012,0,0.548781,4.6872,4.06315e+06,2.78055e+06,1.22712e+07,0,365426,0,0,58.6691,61.3098,2.99908,0,1,1.36995,1.36995,0,1.02528,1.90512,8.44406e+06,3.71658e+06,1.15679e+07,0,342326,0,0
76.1413,85.1408,2.68856,0,0.06,3.02009,3.02009,0,0.56597,4.6872,4.06315e+06,2.78055e+06,1.22711e+07,0,365423,0,0,59.3241,61.3098,3.74566,0,1,1.36993,1.36993,0,1.05842,1.90512,8.44406e+06,3.71658e+06,1.15678e+07,0,342323,0,0
74.9738,85.1408,2.1055,0.02,0.06,3.02006,3.02006,0,0.565965,4.6872,4.06315e+06,2.78055e+06,1.2271e+07,0,365420,0,0,59.742,61.3098,3.32412,0,1,1.36992,1.36992,0,1.05841,1.90512,8.44406e+06,3.71658e+06,1.15677e+07,0,342320,0,0
73.4528,85.1408,1.79934,0.02,0.06,3.02004,3.02004,0,0.56596,4.6872,4.06315e+06,2.78055e+06,1.22709e+07,0,365416,0,0,59.9274,61.3098,2.1724,0,1,1.36991,1.36991,0,1.0584,1.90512,8.44406e+06,3.71658e+06,1.15676e+07,0,342316,0,0
73.5351,85.1408,3.75497,0.02,0.06,3.31457,3.31457,0,0.565955,4.6872,4.06315e+06,2.78055e+06,1.34676e+07,0,401054,0,0,60.1108,61.3098,3.29103,0,1,1.53097,1.53097,0,1.05839,1.90512,8.44406e+06,3.71658e+06,1.29276e+07,0,382562,0,0
73.7464,85.1408,3.86325,0.02,0.06,3.31454,3.31454,0,0.621151,4.6872,4.06315e+06,2.78055e+06,1.34675e+07,0,401051,0,0,60.2577,61.3098,3.10022,0,1,1.53095,1.53095,0,1.18283,1.90512,8.44406e+06,3.71658e+06,1.29275e+07,0,382559,0,0
73.4897,85.1408,3.36994,0.02,0.06,3.31451,3.31451,0,0.621145,4.6872,4.06315e+06,2.78055e+06,1.34674e+07,0,401047,0,0,60.4452,61.3098,3.18269,0,1,1.53094,1.53094,0,1.18282,1.90512,8.44406e+06,3.71658e+06,1.29273e+07,0,382555,0,0
73.6742,85.1408,3.7936,0.02,0.06,3.31448,3.31448,0,0.62114,4.6872,4.06315e+06,2.78055e+06,1.34672e+07,0,401043,0,0,60.6382,61.3098,3.38773,0,1,1.53093,1.53093,0,1.1828,1.90512,8.44406e+06,3.71658e+06,1.29272e+07,0,382552,0,0
76.2396,85.1408,6.02861,0.02,0.06,2.89432,2.89432,0,0.621134,4.6872,4.06315e+06,2.78055e+06,1.17601e+07,0,350205,0,0,62.338,61.3098,7.64675,0,1,1.31476,1.31476,0,1.18279,1.90512,8.44406e+06,3.71658e+06,1.11019e+07,0,328536,0,0
78.1215,85.1408,5.27748,0.02,0.06,2.8943,2.8943,0,0.542396,4.6872,4.06315e+06,2.78055e+06,1.176e+07,0,350202,0,0,62.338,61.3098,5.10883,0,1,1.31475,1.31475,0,1.01578,1.90512,8.44406e+06,3.71658e+06,1.11018e+07,0,328533,0,0
78.8767,85.1408,4.18407,0,0.06,2.89427,2.89427,0,0.542391,4.6872,4.06315e+06,2.78055e+06,1.17599e+07,0,350199,0,0,62.338,61.3098,3.96361,0,1,1.31474,1.31474,0,1.01577,1.90512,8.44406e+06,3.71658e+06,1.11017e+07,0,328530,0,0
78.9185,85.1408,3.38388,0,0.06,2.89424,2.89424,0,0.542386,4.6872,4.06315e+06,2.78055e+06,1.17598e+07,0,350196,0,0,62.338,61.3098,2.95054,0,1,1.31472,1.31472,0,1.01577,1.90512,8.44406e+06,3.71658e+06,1.11016e+07,0,328527,0,0
79.2918,85.1408,3.68657,0,0.06,2.89422,2.89422,0,0.542381,4.6872,4.06315e+06,2.78055e+06,1.17596e+07,0,350193,0,0,62.338,61.3098,3.22697,0,1,1.31471,1.31471,0,1.01576,1.90512,8.44406e+06,3.71658e+06,1.11015e+07,0,328524,0,0
81.1633,85.1408,5.41482,0,0.06,2.99994,2.99994,0,0.542376,4.6872,4.06315e+06,2.78055e+06,1.21892e+07,0,362984,0,0,62.338,61.3098,4.73104,0,1,1.36758,1.36758,0,1.01575,1.90512,8.44406e+06,3.71658e+06,1.15479e+07,0,341733,0,0
82.4222,85.1408,4.76877,0,0.06,2.99991,2.99991,0,0.562189,4.6872,4.06315e+06,2.78055e+06,1.21891e+07,0,362981,0,0,62.338,61.3098,4.39539,0,1,1.36756,1.36756,0,1.05659,1.90512,8.44406e+06,3.71658e+06,1.15478e+07,0,341730,0,0
82.6248,85.1408,3.63928,0,0.06,2.99988,2.99988,0,0.562183,4.6872,4.06315e+06,2.78055e+06,1.2189e+07,0,362978,0,0,62.338,61.3098,3.24832,0,1,1.36755,1.36755,0,1.05658,1.90512,8.44406e+06,3.71658e+06,1.15477e+07,0,341727,0,0
82.5429,85.1408,3.27281,0,0.06,2.99986,2.99986,0,0.562178,4.6872,4.06315e+06,2.78055e+06,1.21889e+07,0,362975,0,0,62.338,61.3098,2.94103,0,1,1.36754,1.36754,0,1.05657,1.90512,8.44406e+06,3.71658e+06,1.15476e+07,0,341724,0,0
82.3666,85.1408,3.09443,0,0.06,2.95848,2.95848,0,0.562173,4.6872,4.06315e+06,2.78055e+06,1.20208e+07,0,357969,0,0,62.338,61.3098,2.81934,0,1,1.34699,1.34699,0,1.05656,1.90512,8.44406e+06,3.71658e+06,1.13741e+07,0,336589,0,0
81.8601,85.1408,2.74664,0,0.06,2.95846,2.95846,0,0.55442,4.6872,4.06315e+06,2.78055e+06,1.20207e+07,0,357965,0,0,62.338,61.3098,3.10686,0,1,1.34698,1.34698,0,1.04069,1.90512,8.44406e+06,3.71658e+06,1.1374e+07,0,336586,0,0
81.1096,85.1408,2.48269,0,0.06,2.95843,2.95843,0,0.554415,4.6872,4.06315e+06,2.78055e+06,1.20205e+07,0,357962,0,0,62.338,61.3098,2.69297,0,1,1.34697,1.34697,0,1.04068,1.90512,8.44406e+06,3.71658e+06,1.13739e+07,0,336583,0,0
80.7696,85.1408,2.89297,0,0.06,2.9584,2.9584,0,0.55441,4.6872,4.06315e+06,2.78055e+06,1.20204e+07,0,357959,0,0,62.338,61.3098,2.63019,0,1,1.34695,1.34695,0,1.04067,1.90512,8.44406e+06,3.71658e+06,1.13738e+07,0,336580,0,0
79.8196,85.1408,2.34714,0,0.06,3.09871,3.09871,0,0.554405,4.6872,4.06315e+06,2.78055e+06,1.25905e+07,0,374936,0,0,62.338,61.3098,2.73858,0,1,1.41976,1.41976,0,1.04066,1.90512,8.44406e+06,3.71658e+06,1.19886e+07,0,354774,0,0
78.7323,85.1408,2.18567,0,0.06,3.09868,3.09868,0,0.580699,4.6872,4.06315e+06,2.78055e+06,1.25904e+07,0,374932,0,0,62.338,61.3098,2.4963,0,1,1.41975,1.41975,0,1.09691,1.90512,8.44406e+06,3.71658e+06,1.19885e+07,0,354771,0,0
77.4987,85.1408,1.97722,0,0.06,3.09865,3.09865,0,0.580693,4.6872,4.06315e+06,2.78055e+06,1.25903e+07,0,374929,0,0,62.338,61.3098,2.40483,0,1,1.41974,1.41974,0,1.0969,1.90512,8.44406e+06,3.71658e+06,1.19883e+07,0,354768,0,0
76.1871,85.1408,1.8718,0,0.06,3.09863,3.09863,0,0.580688,4.6872,4.06315e+06,2.78055e+06,1.25902e+07,0,374925,0,0,62.338,61.3098,2.25912,0,1,1.41973,1.41973,0,1.09689,1.90512,8.44406e+06,3.71658e+06,1.19882e+07,0,354764,0,0
74.9445,85.1408,1.91998,0.01,0.06,3.0986,3.0986,0,0.580683,4.6872,4.06315e+06,2.78055e+06,1.25901e+07,0,374922,0,0,62.3205,61.3098,2.03783,0,1,1.41971,1.41971,0,1.09688,1.90512,8.44406e+06,3.71658e+06,1.19881e+07,0,354761,0,0
73.7609,85.1408,1.92975,0.01,0.06,3.07082,3.07082,0,0.580677,4.6872,4.06315e+06,2.78055e+06,1.24772e+07,0,371561,0,0,62.338,61.3098,2.02004,0,1,1.45972,1.45972,0,1.09687,1.90512,8.44406e+06,3.71658e+06,1.2326e+07,0,364759,0,0
72.5588,85.1408,1.89428,0.02,0.06,3.07079,3.07079,0,0.575471,4.6872,4.06315e+06,2.78055e+06,1.24771e+07,0,371557,0,0,62.3251,61.3098,2.0125,0,1,1.45971,1.45971,0,1.12778,1.90512,8.44406e+06,3.71658e+06,1.23259e+07,0,364756,0,0
71.2979,85.1408,1.80216,0.02,0.06,3.07076,3.07076,0,0.575466,4.6872,4.06315e+06,2.78055e+06,1.2477e+07,0,371554,0,0,62.1861,61.3098,1.947,0,1,1.45969,1.45969,0,1.12777,1.90512,8.44406e+06,3.71658e+06,1.23257e+07,0,364752,0,0
69.8211,85.1408,1.55432,0.03,0.06,3.07073,3.07073,0,0.575461,4.6872,4.06315e+06,2.78055e+06,1.24769e+07,0,371550,0,0,61.9667,61.3098,1.81375,0,1,1.45968,1.45968,0,1.12776,1.90512,8.44406e+06,3.71658e+06,1.23256e+07,0,364749,0,0
68.389,85.1408,1.66475,0.04,0.06,3.14237,3.14237,0,0.575455,4.6872,4.06315e+06,2.78055e+06,1.27679e+07,0,380218,0,0,61.8268,61.3098,1.84611,0,1,1.49534,1.49534,0,1.12775,1.90512,8.44406e+06,3.71658e+06,1.26267e+07,0,373658,0,0
66.8891,85.1408,1.57006,0.04,0.06,3.14234,3.14234,0,0.58888,4.6872,4.06315e+06,2.78055e+06,1.27678e+07,0,380215,0,0,61.5329,61.3098,1.89491,0,1,1.49532,1.49532,0,1.1553,1.90512,8.44406e+06,3.71658e+06,1.26266e+07,0,373655,0,0
65.3077,85.1408,1.46942,0.04,0.06,3.14231,3.14231,0,0.588875,4.6872,4.06315e+06,2.78055e+06,1.27677e+07,0,380211,0,0,61.2826,61.3098,1.73837,0,1,1.49531,1.49531,0,1.15529,1.90512,8.44406e+06,3.71658e+06,1.26265e+07,0,373651,0,0
63.7234,85.1408,1.44376,0.04,0.06,3.14228,3.14228,0,0.588869,4.6872,4.06315e+06,2.78055e+06,1.27676e+07,0,380208,0,0,60.8623,61.3098,1.8633,0,1,1.49529,1.49529,0,1.15528,1.90512,8.44406e+06,3.71658e+06,1.26264e+07,0,373648,0,0
61.9883,85.1408,1.43905,0.04,0.06,3.35211,3.35211,0,0.588864,4.6872,4.06315e+06,2.78055e+06,1.36201e+07,0,405596,0,0,60.2808,61.3098,1.53302,0,1,1.62402,1.62402,0,1.15526,1.90512,8.44406e+06,3.71658e+06,1.37133e+07,0,405814,0,0
60.3698,85.1408,1.55932,0.04,0.06,3.35208,3.35208,0,0.628186,4.6872,4.06315e+06,2.78055e+06,1.362e+07,0,405593,0,0,59.4756,61.3098,1.63312,0,1,1.624,1.624,0,1.25472,1.90512,8.44406e+06,3.71658e+06,1.37132e+07,0,405810,0,0
58.4693,85.1408,1.26803,0.04,0.06,3.35205,3.35205,0,0.62818,4.6872,4.06315e+06,2.78055e+06,1.36199e+07,0,405589,0,0,58.9687,61.3098,1.22632,0,1,1.62399,1.62399,0,1.25471,1.90512,8.44406e+06,3.71658e+06,1.3713e+07,0,405806,0,0
56.8419,85.1408,1.50209,0.04,0.06,3.35202,3.35202,0,0.628174,4.6872,4.06315e+06,2.78055e+06,1.36198e+07,0,405585,0,0,58.4387,61.3098,2.01301,0,1,1.62397,1.62397,0,1.25469,1.90512,8.44406e+06,3.71658e+06,1.37129e+07,0,405803,0,0
55.0873,85.1408,1.36047,0.04,0.06,3.35199,3.35199,0,0.628168,4.6872,4.06315e+06,2.78055e+06,1.36196e+07,0,405582,0,0,57.6225,61.3098,1.43383,0,1,1.62396,1.62396,0,1.25468,1.90512,8.44406e+06,3.71658e+06,1.37128e+07,0,405799,0,0
53.4823,85.1408,1.45087,0.04,0.06,3.24969,3.24969,0,0.628163,4.6872,4.06315e+06,2.78055e+06,1.3204e+07,0,393203,0,0,57.1053,61.3098,1.32601,0,1,1.54581,1.54581,0,1.25467,1.90512,8.44406e+06,3.71658e+06,1.30529e+07,0,386271,0,0
51.9757,85.1408,1.58427,0.04,0.06,3.24966,3.24966,0,0.608991,4.6872,4.06315e+06,2.78055e+06,1.32038e+07,0,393200,0,0,56.7945,61.3098,1.69208,0,1,1.54579,1.54579,0,1.19429,1.90512,8.44406e+06,3.71658e+06,1.30528e+07,0,386267,0,0
50.3981,85.1408,1.51287,0.04,0.06,3.24963,3.24963,0,0.608985,4.6872,4.06315e+06,2.78055e+06,1.32037e+07,0,393196,0,0,56.6739,61.3098,1.75386,0,1,1.54578,1.54578,0,1.19428,1.90512,8.44406e+06,3.71658e+06,1.30527e+07,0,386263,0,0
49.0043,85.1408,1.73408,0.06,0.06,3.2496,3.2496,0,0.60898,4.6872,4.06315e+06,2.78055e+06,1.32036e+07,0,393192,0,0,56.6538,61.3098,1.98111,0,1,1.54577,1.54577,0,1.19427,1.90512,8.44406e+06,3.71658e+06,1.30525e+07,0,386260,0,0
49.6222,85.1408,3.83045,0.05,0.06,3.16562,3.16562,0,0.608974,4.6872,4.06315e+06,2.78055e+06,1.28624e+07,0,383032,0,0,57.449,61.3098,4.14159,0,1,1.47463,1.47463,0,1.19426,1.90512,8.44406e+06,3.71658e+06,1.24519e+07,0,368485,0,0
50.6444,85.1408,4.21533,0.05,0.06,3.16559,3.16559,0,0.593238,4.6872,4.06315e+06,2.78055e+06,1.28623e+07,0,383028,0,0,58.7802,61.3098,5.14897,0,1,1.47462,1.47462,0,1.1393,1.90512,8.44406e+06,3.71658e+06,1.24518e+07,0,368481,0,0
50.9873,85.1408,3.71946,0.05,0.06,3.16556,3.16556,0,0.593232,4.6872,4.06315e+06,2.78055e+06,1.28622e+07,0,383025,0,0,59.483,61.3098,3.88652,0,1,1.47461,1.47461,0,1.13929,1.90512,8.44406e+06,3.71658e+06,1.24516e+07,0,368478,0,0
51.608,85.1408,4.01043,0.06,0.06,3.10579,3.16553,0,0.593227,4.6872,4.06315e+06,2.78055e+06,1.26193e+07,0,383021,0,0,59.9987,61.3098,3.67912,0,1,1.53434,1.47459,0,1.13928,1.90512,8.44406e+06,3.71658e+06,1.2956e+07,0,368475,0,0
53.4247,85.1408,5.10823,0.04,0.06,2.92711,2.92711,0,0.582025,4.6872,4.06315e+06,2.78055e+06,1.18933e+07,0,354172,0,0,60.9705,61.3098,5.74722,0,1,1.32646,1.32646,0,1.18543,1.90512,8.44406e+06,3.71658e+06,1.12007e+07,0,331460,0,0
59.4289,85.1408,9.50946,0.04,0.06,2.92708,2.92708,0,0.54854,4.6872,4.06315e+06,2.78055e+06,1.18932e+07,0,354169,0,0,62.338,61.3098,6.33549,0,1,1.32645,1.32645,0,1.02482,1.90512,8.44406e+06,3.71658e+06,1.12006e+07,0,331456,0,0
68.3693,85.1408,13.4658,0.04,0.06,2.92705,2.92705,0,0.548535,4.6872,4.06315e+06,2.78055e+06,1.18931e+07,0,354166,0,0,62.338,61.3098,12.8991,0,1,1.32644,1.32644,0,1.02481,1.90512,8.44406e+06,3.71658e+06,1.12005e+07,0,331453,0,0
72.907,85.1408,8.35588,0.03,0.06,2.92703,2.92703,0,0.54853,4.6872,4.06315e+06,2.78055e+06,1.1893e+07,0,354162,0,0,61.3098,61.3098,7.50215,0,1,1.32643,1.32643,0,1.02481,1.90512,8.44406e+06,3.71658e+06,1.12004e+07,0,331450,0,0
69.6185,85.1408,1.82804e-322,0.03,0.06,2.927,2.927,0,0.548525,4.6872,4.06315e+06,2.78055e+06,1.18928e+07,0,354159,0,0,59.571,61.3098,3.65609e-322,0,1,1.32641,1.32641,0,1.0248,1.90512,8.44406e+06,3.71658e+06,1.12003e+07,0,331447,0,0
