0cont_fund,0ins_pout,0ins_price,0infra_npv,0debt_serv,0gross_rev,0cont_contrib,0drought_cost,0water_price
0,0,0,0,3.31186e-33,2.01374e+07,0,0,1.29193e+07
0,0,0,0,0,2.01468e+07,0,0,1.29193e+07
0,0,0,0,0,2.01563e+07,0,0,1.29193e+07
0,0,0,0,0,2.01657e+07,0,0,1.29193e+07
0,0,0,0,0,2.23392e+07,0,0,1.29193e+07
0,0,0,0,0,2.23497e+07,0,0,1.29193e+07
0,0,0,0,0,2.23602e+07,0,0,1.29193e+07
0,0,0,0,0,2.23707e+07,0,0,1.29193e+07
0,0,0,0,0,1.9386e+07,0,0,1.29193e+07
0,0,0,0,0,1.93951e+07,0,0,1.29193e+07
0,0,0,0,0,1.94041e+07,0,0,1.29193e+07
0,0,0,0,0,1.94132e+07,0,0,1.29193e+07
0,0,0,0,0,1.94223e+07,0,0,1.29193e+07
0,0,0,0,0,2.01761e+07,0,0,1.29193e+07
0,0,0,0,0,2.01856e+07,0,0,1.29193e+07
0,0,0,0,0,2.0195e+07,0,0,1.29193e+07
0,0,0,0,0,2.02045e+07,0,0,1.29193e+07
0,0,0,0,0,1.99232e+07,0,0,1.29193e+07
0,0,0,0,0,1.99325e+07,0,0,1.29193e+07
0,0,0,0,0,1.99418e+07,0,0,1.29193e+07
0,0,0,0,0,1.99511e+07,0,0,1.29193e+07
0,0,0,0,0,2.09716e+07,0,0,1.29193e+07
0,0,0,0,0,2.09814e+07,0,0,1.29193e+07
0,0,0,0,0,2.09912e+07,0,0,1.29193e+07
0,0,0,0,0,2.10011e+07,0,0,1.29193e+07
0,0,0,0,0,2.10109e+07,0,0,1.29193e+07
0,0,0,0,0,2.12133e+07,0,0,1.29193e+07
0,0,0,0,0,2.12232e+07,0,0,1.29193e+07
0,0,0,0,0,2.12331e+07,0,0,1.29193e+07
0,0,0,0,0,2.1243e+07,0,0,1.29193e+07
0,0,0,0,0,2.17605e+07,0,0,1.29193e+07
0,0,0,0,0,2.17706e+07,0,0,1.29193e+07
0,0,0,0,0,2.17808e+07,0,0,1.29193e+07
0,0,0,0,0,2.17909e+07,0,0,1.29193e+07
0,0,0,0,0,2.34664e+07,0,0,1.29193e+07
0,0,0,0,0,2.34773e+07,0,0,1.29193e+07
0,0,0,0,0,2.34883e+07,0,0,1.29193e+07
0,0,0,0,0,2.34992e+07,0,0,1.29193e+07
0,0,0,0,0,2.35102e+07,0,0,1.29193e+07
0,0,0,0,0,2.25957e+07,0,0,1.29193e+07
0,0,0,0,0,2.26062e+07,0,0,1.29193e+07
0,0,0,0,0,2.26168e+07,0,0,1.29193e+07
0,0,0,0,0,2.26273e+07,0,0,1.29193e+07
0,0,0,0,0,2.18259e+07,0,0,1.29193e+07
0,0,0,0,0,2.18361e+07,0,0,1.29193e+07
0,0,0,0,0,2.18462e+07,0,0,1.29193e+07
0,0,0,0,0,2.18564e+07,0,0,1.29193e+07
0,0,0,0,0,1.99494e+07,0,0,1.29193e+07
0,0,0,0,0,1.99587e+07,0,0,1.29193e+07
0,0,0,0,0,1.99679e+07,0,0,1.29193e+07
0,0,0,0,0,1.99772e+07,0,0,1.29193e+07
0,0,0,0,0,1.99865e+07,0,0,1.29193e+07
0,0,0,0,3.31186e-33,2.06317e+07,0,0,1.29193e+07
0,0,0,0,0,2.0641e+07,0,0,1.29193e+07
0,0,0,0,0,2.06503e+07,0,0,1.29193e+07
0,0,0,0,0,2.06596e+07,0,0,1.29193e+07
0,0,0,0,0,2.28859e+07,0,0,1.29193e+07
0,0,0,0,0,2.28962e+07,0,0,1.29193e+07
0,0,0,0,0,2.29064e+07,0,0,1.29193e+07
0,0,0,0,0,2.29167e+07,0,0,1.29193e+07
0,0,0,0,0,1.98588e+07,0,0,1.29193e+07
0,0,0,0,0,1.98677e+07,0,0,1.29193e+07
0,0,0,0,0,1.98766e+07,0,0,1.29193e+07
0,0,0,0,0,1.98856e+07,0,0,1.29193e+07
0,0,0,0,0,1.98945e+07,0,0,1.29193e+07
0,0,0,0,0,2.06662e+07,0,0,1.29193e+07
0,0,0,0,0,2.06755e+07,0,0,1.29193e+07
0,0,0,0,0,2.06848e+07,0,0,1.29193e+07
0,0,0,0,0,2.0694e+07,0,0,1.29193e+07
0,0,0,0,0,2.04055e+07,0,0,1.29193e+07
0,0,0,0,0,2.04147e+07,0,0,1.29193e+07
0,0,0,0,0,2.04238e+07,0,0,1.29193e+07
0,0,0,0,0,2.0433e+07,0,0,1.29193e+07
0,0,0,0,0,2.14777e+07,0,0,1.29193e+07
0,0,0,0,0,2.14874e+07,0,0,1.29193e+07
0,0,0,0,0,2.1497e+07,0,0,1.29193e+07
0,0,0,0,0,2.15066e+07,0,0,1.29193e+07
0,0,0,0,0,2.15162e+07,0,0,1.29193e+07
0,0,0,0,0,2.17231e+07,0,0,1.29193e+07
0,0,0,0,0,2.17328e+07,0,0,1.29193e+07
0,0,0,0,0,2.17425e+07,0,0,1.29193e+07
0,0,0,0,0,2.17523e+07,0,0,1.29193e+07
0,0,0,0,0,2.22817e+07,0,0,1.29193e+07
0,0,0,0,0,2.22917e+07,0,0,1.29193e+07
0,0,0,0,0,2.23017e+07,0,0,1.29193e+07
0,0,0,0,0,2.23116e+07,0,0,1.29193e+07
0,0,0,0,0,2.40267e+07,0,0,1.29193e+07
0,0,0,0,0,2.40374e+07,0,0,1.29193e+07
0,0,0,0,0,2.40482e+07,0,0,1.29193e+07
0,0,0,0,0,2.40589e+07,0,0,1.29193e+07
0,0,0,0,0,2.40696e+07,0,0,1.29193e+07
0,0,0,0,0,2.3133e+07,0,0,1.29193e+07
0,0,0,0,0,2.31433e+07,0,0,1.29193e+07
0,0,0,0,0,2.31537e+07,0,0,1.29193e+07
0,0,0,0,0,2.3164e+07,0,0,1.29193e+07
0,0,0,0,0,2.23432e+07,0,0,1.29193e+07
0,0,0,0,0,2.23532e+07,0,0,1.29193e+07
0,0,0,0,0,2.23631e+07,0,0,1.29193e+07
0,0,0,0,0,2.23731e+07,0,0,1.29193e+07
0,0,0,0,0,2.04206e+07,0,0,1.29193e+07
0,0,0,0,0,2.04297e+07,0,0,1.29193e+07
0,0,0,0,0,2.04388e+07,0,0,1.29193e+07
0,0,0,0,0,2.04479e+07,0,0,1.29193e+07
0,0,0,0,0,2.0457e+07,0,0,1.29193e+07
0,0,0,0,3.31186e-33,2.11171e+07,0,0,1.29193e+07
0,0,0,0,0,2.11262e+07,0,0,1.29193e+07
0,0,0,0,0,2.11353e+07,0,0,1.29193e+07
0,0,0,0,0,2.11444e+07,0,0,1.29193e+07
0,0,0,0,0,2.34224e+07,0,0,1.29193e+07
0,0,0,0,0,2.34325e+07,0,0,1.29193e+07
0,0,0,0,0,2.34426e+07,0,0,1.29193e+07
0,0,0,0,0,2.34527e+07,0,0,1.29193e+07
0,0,0,0,0,2.03228e+07,0,0,1.29193e+07
0,0,0,0,0,2.03316e+07,0,0,1.29193e+07
0,0,0,0,0,2.03403e+07,0,0,1.29193e+07
0,0,0,0,0,2.0349e+07,0,0,1.29193e+07
0,0,0,0,0,2.03578e+07,0,0,1.29193e+07
0,0,0,0,0,2.11471e+07,0,0,1.29193e+07
0,0,0,0,0,2.11562e+07,0,0,1.29193e+07
0,0,0,0,0,2.11652e+07,0,0,1.29193e+07
0,0,0,0,0,2.11743e+07,0,0,1.29193e+07
0,0,0,0,0,2.08787e+07,0,0,1.29193e+07
0,0,0,0,0,2.08877e+07,0,0,1.29193e+07
0,0,0,0,0,2.08966e+07,0,0,1.29193e+07
0,0,0,0,0,2.09056e+07,0,0,1.29193e+07
0,0,0,0,0,2.19741e+07,0,0,1.29193e+07
0,0,0,0,0,2.19835e+07,0,0,1.29193e+07
0,0,0,0,0,2.19929e+07,0,0,1.29193e+07
0,0,0,0,0,2.20024e+07,0,0,1.29193e+07
0,0,0,0,0,2.20118e+07,0,0,1.29193e+07
0,0,0,0,0,2.2223e+07,0,0,1.29193e+07
0,0,0,0,0,2.22325e+07,0,0,1.29193e+07
0,0,0,0,0,2.2242e+07,0,0,1.29193e+07
0,0,0,0,0,2.22516e+07,0,0,1.29193e+07
0,0,0,0,0,2.27928e+07,0,0,1.29193e+07
0,0,0,0,0,2.28025e+07,0,0,1.29193e+07
0,0,0,0,0,2.28123e+07,0,0,1.29193e+07
0,0,0,0,0,2.2822e+07,0,0,1.29193e+07
0,0,0,0,0,2.45758e+07,0,0,1.29193e+07
0,0,0,0,0,2.45864e+07,0,0,1.29193e+07
0,0,0,0,0,2.45969e+07,0,0,1.29193e+07
0,0,0,0,0,2.46074e+07,0,0,1.29193e+07
0,0,0,0,0,2.46179e+07,0,0,1.29193e+07
0,0,0,0,0,2.36595e+07,0,0,1.29193e+07
0,0,0,0,0,2.36696e+07,0,0,1.29193e+07
0,0,0,0,0,2.36797e+07,0,0,1.29193e+07
0,0,0,0,0,2.36898e+07,0,0,1.29193e+07
0,0,0,0,0,2.285e+07,0,0,1.29193e+07
0,0,0,0,0,2.28597e+07,0,0,1.29193e+07
0,0,0,0,0,2.28695e+07,0,0,1.29193e+07
0,0,0,0,0,2.28792e+07,0,0,1.29193e+07
0,0,0,0,0,2.08822e+07,0,0,1.29193e+07
0,0,0,0,0,2.08911e+07,0,0,1.29193e+07
0,0,0,0,0,2.09e+07,0,0,1.29193e+07
0,0,0,0,0,2.09089e+07,0,0,1.29193e+07
0,0,0,0,0,2.09179e+07,0,0,1.29193e+07
0,0,0,0,3.31186e-33,2.15923e+07,0,0,1.29193e+07
0,0,0,0,0,2.16012e+07,0,0,1.29193e+07
0,0,0,0,0,2.16101e+07,0,0,1.29193e+07
0,0,0,0,0,2.1619e+07,0,0,1.29193e+07
0,0,0,0,0,2.39478e+07,0,0,1.29193e+07
0,0,0,0,0,2.39576e+07,0,0,1.29193e+07
0,0,0,0,0,2.39675e+07,0,0,1.29193e+07
0,0,0,0,0,2.39773e+07,0,0,1.29193e+07
0,0,0,0,0,2.07771e+07,0,0,1.29193e+07
0,0,0,0,0,2.07856e+07,0,0,1.29193e+07
0,0,0,0,0,2.07941e+07,0,0,1.29193e+07
0,0,0,0,0,2.08027e+07,0,0,1.29193e+07
0,0,0,0,0,2.08112e+07,0,0,1.29193e+07
0,0,0,0,0,2.16177e+07,0,0,1.29193e+07
0,0,0,0,0,2.16266e+07,0,0,1.29193e+07
0,0,0,0,0,2.16355e+07,0,0,1.29193e+07
0,0,0,0,0,2.16443e+07,0,0,1.29193e+07
0,0,0,0,0,2.13418e+07,0,0,1.29193e+07
0,0,0,0,0,2.13505e+07,0,0,1.29193e+07
0,0,0,0,0,2.13593e+07,0,0,1.29193e+07
0,0,0,0,0,2.1368e+07,0,0,1.29193e+07
0,0,0,0,0,2.24597e+07,0,0,1.29193e+07
0,0,0,0,0,2.2469e+07,0,0,1.29193e+07
0,0,0,0,0,2.24782e+07,0,0,1.29193e+07
0,0,0,0,0,2.24874e+07,0,0,1.29193e+07
0,0,0,0,0,2.24966e+07,0,0,1.29193e+07
0,0,0,0,0,2.2712e+07,0,0,1.29193e+07
0,0,0,0,0,2.27213e+07,0,0,1.29193e+07
0,0,0,0,0,2.27306e+07,0,0,1.29193e+07
0,0,0,0,0,2.27399e+07,0,0,1.29193e+07
0,0,0,0,0,2.32926e+07,0,0,1.29193e+07
0,0,0,0,0,2.33021e+07,0,0,1.29193e+07
0,0,0,0,0,2.33116e+07,0,0,1.29193e+07
0,0,0,0,0,2.33212e+07,0,0,1.29193e+07
0,0,0,0,0,2.51129e+07,0,0,1.29193e+07
0,0,0,0,0,2.51231e+07,0,0,1.29193e+07
0,0,0,0,0,2.51334e+07,0,0,1.29193e+07
0,0,0,0,0,2.51437e+07,0,0,1.29193e+07
0,0,0,0,0,2.5154e+07,0,0,1.29193e+07
0,0,0,0,0,2.41742e+07,0,0,1.29193e+07
0,0,0,0,0,2.41841e+07,0,0,1.29193e+07
0,0,0,0,0,2.4194e+07,0,0,1.29193e+07
0,0,0,0,0,2.42039e+07,0,0,1.29193e+07
0,0,0,0,0,2.33454e+07,0,0,1.29193e+07
0,0,0,0,0,2.33549e+07,0,0,1.29193e+07
0,0,0,0,0,2.33644e+07,0,0,1.29193e+07
0,0,0,0,0,2.3374e+07,0,0,1.29193e+07
0,0,0,0,0,2.13334e+07,0,0,1.29193e+07
0,0,0,0,0,2.13421e+07,0,0,1.29193e+07
0,0,0,0,0,2.13508e+07,0,0,1.29193e+07
0,0,0,0,0,2.13595e+07,0,0,1.29193e+07
0,0,0,0,0,2.13682e+07,0,0,1.29193e+07
0,0,0,0,3.31186e-33,2.20568e+07,0,0,1.29193e+07
0,0,0,0,0,2.20655e+07,0,0,1.29193e+07
0,0,0,0,0,2.20741e+07,0,0,1.29193e+07
0,0,0,0,0,2.20828e+07,0,0,1.29193e+07
0,0,0,0,0,2.44611e+07,0,0,1.29193e+07
0,0,0,0,0,2.44707e+07,0,0,1.29193e+07
0,0,0,0,0,2.44803e+07,0,0,1.29193e+07
0,0,0,0,0,2.44899e+07,0,0,1.29193e+07
0,0,0,0,0,2.12208e+07,0,0,1.29193e+07
0,0,0,0,0,2.12292e+07,0,0,1.29193e+07
0,0,0,0,0,2.12375e+07,0,0,1.29193e+07
0,0,0,0,0,2.12458e+07,0,0,1.29193e+07
0,0,0,0,0,2.12542e+07,0,0,1.29193e+07
0,0,0,0,0,2.20774e+07,0,0,1.29193e+07
0,0,0,0,0,2.20861e+07,0,0,1.29193e+07
0,0,0,0,0,2.20947e+07,0,0,1.29193e+07
0,0,0,0,0,2.21034e+07,0,0,1.29193e+07
0,0,0,0,0,2.1794e+07,0,0,1.29193e+07
0,0,0,0,0,2.18026e+07,0,0,1.29193e+07
0,0,0,0,0,2.18111e+07,0,0,1.29193e+07
0,0,0,0,0,2.18197e+07,0,0,1.29193e+07
0,0,0,0,0,2.2934e+07,0,0,1.29193e+07
0,0,0,0,0,2.2943e+07,0,0,1.29193e+07
0,0,0,0,0,2.2952e+07,0,0,1.29193e+07
0,0,0,0,0,2.2961e+07,0,0,1.29193e+07
0,0,0,0,0,2.297e+07,0,0,1.29193e+07
0,0,0,0,0,2.31895e+07,0,0,1.29193e+07
0,0,0,0,0,2.31986e+07,0,0,1.29193e+07
0,0,0,0,0,2.32076e+07,0,0,1.29193e+07
0,0,0,0,0,2.32167e+07,0,0,1.29193e+07
0,0,0,0,0,2.37805e+07,0,0,1.29193e+07
0,0,0,0,0,2.37898e+07,0,0,1.29193e+07
0,0,0,0,0,2.37991e+07,0,0,1.29193e+07
0,0,0,0,0,2.38084e+07,0,0,1.29193e+07
0,0,0,0,0,2.56371e+07,0,0,1.29193e+07
0,0,0,0,0,2.56471e+07,0,0,1.29193e+07
0,0,0,0,0,2.56571e+07,0,0,1.29193e+07
0,0,0,0,0,2.56672e+07,0,0,1.29193e+07
0,0,0,0,0,2.56772e+07,0,0,1.29193e+07
0,0,0,0,0,2.46766e+07,0,0,1.29193e+07
0,0,0,0,0,2.46862e+07,0,0,1.29193e+07
0,0,0,0,0,2.46959e+07,0,0,1.29193e+07
0,0,0,0,0,2.47055e+07,0,0,1.29193e+07
0,0,0,0,0,2.38288e+07,0,0,1.29193e+07
0,0,0,0,0,2.38381e+07,0,0,1.29193e+07
0,0,0,0,0,2.38474e+07,0,0,1.29193e+07
0,0,0,0,0,2.38567e+07,0,0,1.29193e+07
0,0,0,0,0,2.17735e+07,0,0,1.29193e+07
0,0,0,0,0,2.1782e+07,0,0,1.29193e+07
0,0,0,0,0,2.17905e+07,0,0,1.29193e+07
0,0,0,0,0,2.1799e+07,0,0,1.29193e+07
0,0,0,0,0,2.18075e+07,0,0,1.29193e+07
0,0,0,0,0,2.25099e+07,0,0,1.29193e+07
0,0,0,0,3.31186e-33,2.25183e+07,0,0,1.29193e+07
0,0,0,0,0,2.25268e+07,0,0,1.29193e+07
0,0,0,0,0,2.25352e+07,0,0,1.29193e+07
0,0,0,0,0,2.49618e+07,0,0,1.29193e+07
0,0,0,0,0,2.49711e+07,0,0,1.29193e+07
0,0,0,0,0,2.49805e+07,0,0,1.29193e+07
0,0,0,0,0,2.49899e+07,0,0,1.29193e+07
0,0,0,0,0,2.16537e+07,0,0,1.29193e+07
0,0,0,0,0,2.16618e+07,0,0,1.29193e+07
0,0,0,0,0,2.16699e+07,0,0,1.29193e+07
0,0,0,0,0,2.1678e+07,0,0,1.29193e+07
0,0,0,0,0,2.16862e+07,0,0,1.29193e+07
0,0,0,0,0,2.25257e+07,0,0,1.29193e+07
0,0,0,0,0,2.25342e+07,0,0,1.29193e+07
0,0,0,0,0,2.25426e+07,0,0,1.29193e+07
0,0,0,0,0,2.2551e+07,0,0,1.29193e+07
0,0,0,0,0,2.2235e+07,0,0,1.29193e+07
0,0,0,0,0,2.22433e+07,0,0,1.29193e+07
0,0,0,0,0,2.22517e+07,0,0,1.29193e+07
0,0,0,0,0,2.226e+07,0,0,1.29193e+07
0,0,0,0,0,2.33964e+07,0,0,1.29193e+07
0,0,0,0,0,2.34052e+07,0,0,1.29193e+07
0,0,0,0,0,2.34139e+07,0,0,1.29193e+07
0,0,0,0,0,2.34227e+07,0,0,1.29193e+07
0,0,0,0,0,2.34314e+07,0,0,1.29193e+07
0,0,0,0,0,2.3655e+07,0,0,1.29193e+07
0,0,0,0,0,2.36638e+07,0,0,1.29193e+07
0,0,0,0,0,2.36726e+07,0,0,1.29193e+07
0,0,0,0,0,2.36815e+07,0,0,1.29193e+07
0,0,0,0,0,2.42561e+07,0,0,1.29193e+07
0,0,0,0,0,2.42652e+07,0,0,1.29193e+07
0,0,0,0,0,2.42743e+07,0,0,1.29193e+07
0,0,0,0,0,2.42833e+07,0,0,1.29193e+07
0,0,0,0,0,2.6148e+07,0,0,1.29193e+07
0,0,0,0,0,2.61578e+07,0,0,1.29193e+07
0,0,0,0,0,2.61675e+07,0,0,1.29193e+07
0,0,0,0,0,2.61773e+07,0,0,1.29193e+07
0,0,0,0,0,2.61871e+07,0,0,1.29193e+07
0,0,0,0,0,2.52932e+07,-81670.1,81670.1,1.29193e+07
0,0,0,0,0,2.56282e+07,-290910,290910,1.29193e+07
0,0,0,0,0,2.56351e+07,-289354,289354,1.29193e+07
0,0,0,0,0,2.56421e+07,-287798,287798,1.29193e+07
0,0,0,0,0,2.47452e+07,-286241,286241,1.29193e+07
0,0,0,0,0,2.50509e+07,-476920,476920,1.29193e+07
0,0,0,0,0,2.50577e+07,-475434,475434,1.29193e+07
0,0,0,0,0,2.50644e+07,-473948,473948,1.29193e+07
0,0,0,0,0,2.29375e+07,-472462,472462,1.29193e+07
0,0,0,0,0,2.22107e+07,0,0,1.29193e+07
0,0,0,0,0,2.35735e+07,-870604,870604,1.29193e+07
0,0,0,0,0,2.35797e+07,-869266,869266,1.29193e+07
0,0,0,0,0,2.35859e+07,-867928,867928,1.29193e+07
0,0,0,0,0,2.35838e+07,-866590,866590,1.29193e+07
0,0,0,0,3.31186e-33,2.42995e+07,-866590,866590,1.29193e+07
0,0,0,0,0,2.41247e+07,-748965,748965,1.29193e+07
0,0,0,0,0,2.41309e+07,-747635,747635,1.29193e+07
0,0,0,0,0,2.29759e+07,0,0,1.29193e+07
0,0,0,0,0,2.54495e+07,0,0,1.29193e+07
0,0,0,0,0,2.54586e+07,0,0,1.29193e+07
0,0,0,0,0,2.54677e+07,0,0,1.29193e+07
0,0,0,0,0,2.54768e+07,0,0,1.29193e+07
0,0,0,0,0,2.20752e+07,0,0,1.29193e+07
0,0,0,0,0,2.20831e+07,0,0,1.29193e+07
0,0,0,0,0,2.2091e+07,0,0,1.29193e+07
0,0,0,0,0,2.20989e+07,0,0,1.29193e+07
0,0,0,0,0,2.21068e+07,0,0,1.29193e+07
0,0,0,0,0,2.29623e+07,0,0,1.29193e+07
0,0,0,0,0,2.29705e+07,0,0,1.29193e+07
0,0,0,0,0,2.29787e+07,0,0,1.29193e+07
0,0,0,0,0,2.29869e+07,0,0,1.29193e+07
0,0,0,0,0,2.26644e+07,0,0,1.29193e+07
0,0,0,0,0,2.26725e+07,0,0,1.29193e+07
0,0,0,0,0,2.26806e+07,0,0,1.29193e+07
0,0,0,0,0,2.26887e+07,0,0,1.29193e+07
0,0,0,0,0,2.38466e+07,0,0,1.29193e+07
0,0,0,0,0,2.38551e+07,0,0,1.29193e+07
0,0,0,0,0,2.38636e+07,0,0,1.29193e+07
0,0,0,0,0,2.38721e+07,0,0,1.29193e+07
0,0,0,0,0,2.38806e+07,0,0,1.29193e+07
0,0,0,0,0,2.4108e+07,0,0,1.29193e+07
0,0,0,0,0,2.41166e+07,0,0,1.29193e+07
0,0,0,0,0,2.41252e+07,0,0,1.29193e+07
0,0,0,0,0,2.41338e+07,0,0,1.29193e+07
0,0,0,0,0,2.4719e+07,0,0,1.29193e+07
0,0,0,0,0,2.47278e+07,0,0,1.29193e+07
0,0,0,0,0,2.47366e+07,0,0,1.29193e+07
0,0,0,0,0,2.47455e+07,0,0,1.29193e+07
0,0,0,0,0,2.66452e+07,0,0,1.29193e+07
0,0,0,0,0,2.66547e+07,0,0,1.29193e+07
0,0,0,0,0,2.66642e+07,0,0,1.29193e+07
0,0,0,0,0,2.66737e+07,0,0,1.29193e+07
0,0,0,0,0,2.66832e+07,0,0,1.29193e+07
0,0,0,0,0,2.56425e+07,0,0,1.29193e+07
0,0,0,0,0,2.56516e+07,0,0,1.29193e+07
0,0,0,0,0,2.56608e+07,0,0,1.29193e+07
0,0,0,0,0,2.56699e+07,0,0,1.29193e+07
0,0,0,0,0,2.47581e+07,0,0,1.29193e+07
0,0,0,0,0,2.47669e+07,0,0,1.29193e+07
0,0,0,0,0,2.47757e+07,0,0,1.29193e+07
0,0,0,0,0,2.47845e+07,0,0,1.29193e+07
0,0,0,0,0,2.26196e+07,0,0,1.29193e+07
0,0,0,0,0,2.26276e+07,0,0,1.29193e+07
0,0,0,0,0,2.26356e+07,0,0,1.29193e+07
0,0,0,0,0,2.26437e+07,0,0,1.29193e+07
0,0,0,0,0,2.26517e+07,0,0,1.29193e+07
0,0,0,0,3.31186e-33,2.33805e+07,0,0,1.29193e+07
0,0,0,0,0,2.33885e+07,0,0,1.29193e+07
0,0,0,0,0,2.33964e+07,0,0,1.29193e+07
0,0,0,0,0,2.34044e+07,0,0,1.29193e+07
0,0,0,0,0,2.59237e+07,0,0,1.29193e+07
0,0,0,0,0,2.59325e+07,0,0,1.29193e+07
0,0,0,0,0,2.59414e+07,0,0,1.29193e+07
0,0,0,0,0,2.59502e+07,0,0,1.29193e+07
0,0,0,0,0,2.24851e+07,0,0,1.29193e+07
0,0,0,0,0,2.24927e+07,0,0,1.29193e+07
0,0,0,0,0,2.25004e+07,0,0,1.29193e+07
0,0,0,0,0,2.2508e+07,0,0,1.29193e+07
0,0,0,0,0,2.25157e+07,0,0,1.29193e+07
0,0,0,0,0,2.33866e+07,0,0,1.29193e+07
0,0,0,0,0,2.33946e+07,0,0,1.29193e+07
0,0,0,0,0,2.34025e+07,0,0,1.29193e+07
0,0,0,0,0,2.34105e+07,0,0,1.29193e+07
0,0,0,0,0,2.30816e+07,0,0,1.29193e+07
0,0,0,0,0,2.30895e+07,0,0,1.29193e+07
0,0,0,0,0,2.30973e+07,0,0,1.29193e+07
0,0,0,0,0,2.31052e+07,0,0,1.29193e+07
0,0,0,0,0,2.4284e+07,0,0,1.29193e+07
0,0,0,0,0,2.42922e+07,0,0,1.29193e+07
0,0,0,0,0,2.43005e+07,0,0,1.29193e+07
0,0,0,0,0,2.43087e+07,0,0,1.29193e+07
0,0,0,0,0,2.4317e+07,0,0,1.29193e+07
0,0,0,0,0,2.45482e+07,0,0,1.29193e+07
0,0,0,0,0,2.45565e+07,0,0,1.29193e+07
0,0,0,0,0,2.45648e+07,0,0,1.29193e+07
0,0,0,0,0,2.45732e+07,0,0,1.29193e+07
0,0,0,0,0,2.51686e+07,0,0,1.29193e+07
0,0,0,0,0,2.51772e+07,0,0,1.29193e+07
0,0,0,0,0,2.51857e+07,0,0,1.29193e+07
0,0,0,0,0,2.51943e+07,0,0,1.29193e+07
0,0,0,0,0,2.7128e+07,0,0,1.29193e+07
0,0,0,0,0,2.71372e+07,0,0,1.29193e+07
0,0,0,0,0,2.71464e+07,0,0,1.29193e+07
0,0,0,0,0,2.71557e+07,0,0,1.29193e+07
0,0,0,0,0,2.71649e+07,0,0,1.29193e+07
0,0,0,0,0,2.6105e+07,0,0,1.29193e+07
0,0,0,0,0,2.61138e+07,0,0,1.29193e+07
0,0,0,0,0,2.61227e+07,0,0,1.29193e+07
0,0,0,0,0,2.61316e+07,0,0,1.29193e+07
0,0,0,0,0,2.52029e+07,0,0,1.29193e+07
0,0,0,0,0,2.52115e+07,0,0,1.29193e+07
0,0,0,0,0,2.522e+07,0,0,1.29193e+07
0,0,0,0,0,2.52286e+07,0,0,1.29193e+07
0,0,0,0,0,2.30245e+07,0,0,1.29193e+07
0,0,0,0,0,2.30323e+07,0,0,1.29193e+07
0,0,0,0,0,2.30401e+07,0,0,1.29193e+07
0,0,0,0,0,2.30479e+07,0,0,1.29193e+07
0,0,0,0,0,2.30557e+07,0,0,1.29193e+07
0,0,0,0,3.31186e-33,2.3797e+07,0,0,1.29193e+07
0,0,0,0,0,2.38048e+07,0,0,1.29193e+07
0,0,0,0,0,2.38125e+07,0,0,1.29193e+07
0,0,0,0,0,2.38202e+07,0,0,1.29193e+07
0,0,0,0,0,2.63838e+07,0,0,1.29193e+07
0,0,0,0,0,2.63924e+07,0,0,1.29193e+07
0,0,0,0,0,2.6401e+07,0,0,1.29193e+07
0,0,0,0,0,2.64095e+07,0,0,1.29193e+07
0,0,0,0,0,2.28827e+07,0,0,1.29193e+07
0,0,0,0,0,2.28901e+07,0,0,1.29193e+07
0,0,0,0,0,2.28975e+07,0,0,1.29193e+07
0,0,0,0,0,2.29049e+07,0,0,1.29193e+07
0,0,0,0,0,2.29124e+07,0,0,1.29193e+07
0,0,0,0,0,2.37982e+07,0,0,1.29193e+07
0,0,0,0,0,2.38059e+07,0,0,1.29193e+07
0,0,0,0,0,2.38137e+07,0,0,1.29193e+07
0,0,0,0,0,2.38214e+07,0,0,1.29193e+07
0,0,0,0,0,2.34864e+07,0,0,1.29193e+07
0,0,0,0,0,2.3494e+07,0,0,1.29193e+07
0,0,0,0,0,2.35016e+07,0,0,1.29193e+07
0,0,0,0,0,2.35092e+07,0,0,1.29193e+07
0,0,0,0,0,2.47082e+07,0,0,1.29193e+07
0,0,0,0,0,2.47162e+07,0,0,1.29193e+07
0,0,0,0,0,2.47242e+07,0,0,1.29193e+07
0,0,0,0,0,2.47322e+07,0,0,1.29193e+07
0,0,0,0,0,2.47402e+07,0,0,1.29193e+07
0,0,0,0,0,2.4975e+07,0,0,1.29193e+07
0,0,0,0,0,2.4983e+07,0,0,1.29193e+07
0,0,0,0,0,2.49911e+07,0,0,1.29193e+07
0,0,0,0,0,2.49992e+07,0,0,1.29193e+07
0,0,0,0,0,2.56046e+07,0,0,1.29193e+07
0,0,0,0,0,2.56128e+07,0,0,1.29193e+07
0,0,0,0,0,2.56211e+07,0,0,1.29193e+07
0,0,0,0,0,2.56294e+07,0,0,1.29193e+07
0,0,0,0,0,2.75961e+07,0,0,1.29193e+07
0,0,0,0,0,2.7605e+07,0,0,1.29193e+07
0,0,0,0,0,2.76139e+07,0,0,1.29193e+07
0,0,0,0,0,2.76229e+07,0,0,1.29193e+07
0,0,0,0,0,2.76318e+07,0,0,1.29193e+07
0,0,0,0,0,2.65533e+07,0,0,1.29193e+07
0,0,0,0,0,2.65618e+07,0,0,1.29193e+07
0,0,0,0,0,2.65704e+07,0,0,1.29193e+07
0,0,0,0,0,2.6579e+07,0,0,1.29193e+07
0,0,0,0,0,2.56341e+07,0,0,1.29193e+07
0,0,0,0,0,2.56424e+07,0,0,1.29193e+07
0,0,0,0,0,2.56506e+07,0,0,1.29193e+07
0,0,0,0,0,2.56589e+07,0,0,1.29193e+07
0,0,0,0,0,2.34168e+07,0,0,1.29193e+07
0,0,0,0,0,2.34244e+07,0,0,1.29193e+07
0,0,0,0,0,2.34319e+07,0,0,1.29193e+07
0,0,0,0,0,2.34395e+07,0,0,1.29193e+07
0,0,0,0,0,2.34471e+07,0,0,1.29193e+07
0,0,0,0,3.31186e-33,2.42006e+07,0,0,1.29193e+07
0,0,0,0,0,2.42081e+07,0,0,1.29193e+07
0,0,0,0,0,2.42156e+07,0,0,1.29193e+07
0,0,0,0,0,2.42231e+07,0,0,1.29193e+07
0,0,0,0,0,2.68296e+07,0,0,1.29193e+07
0,0,0,0,0,2.68379e+07,0,0,1.29193e+07
0,0,0,0,0,2.68462e+07,0,0,1.29193e+07
0,0,0,0,0,2.68545e+07,0,0,1.29193e+07
0,0,0,0,0,2.32678e+07,0,0,1.29193e+07
0,0,0,0,0,2.3275e+07,0,0,1.29193e+07
0,0,0,0,0,2.32822e+07,0,0,1.29193e+07
0,0,0,0,0,2.32894e+07,0,0,1.29193e+07
0,0,0,0,0,2.32966e+07,0,0,1.29193e+07
0,0,0,0,0,2.41969e+07,0,0,1.29193e+07
0,0,0,0,0,2.42043e+07,0,0,1.29193e+07
0,0,0,0,0,2.42118e+07,0,0,1.29193e+07
0,0,0,0,0,2.42193e+07,0,0,1.29193e+07
0,0,0,0,0,2.38783e+07,0,0,1.29193e+07
0,0,0,0,0,2.38857e+07,0,0,1.29193e+07
0,0,0,0,0,2.3893e+07,0,0,1.29193e+07
0,0,0,0,0,2.39004e+07,0,0,1.29193e+07
0,0,0,0,0,2.51189e+07,0,0,1.29193e+07
0,0,0,0,0,2.51267e+07,0,0,1.29193e+07
0,0,0,0,0,2.51344e+07,0,0,1.29193e+07
0,0,0,0,0,2.51422e+07,0,0,1.29193e+07
0,0,0,0,0,2.51499e+07,0,0,1.29193e+07
0,0,0,0,0,2.53882e+07,0,0,1.29193e+07
0,0,0,0,0,2.5396e+07,0,0,1.29193e+07
0,0,0,0,0,2.54038e+07,0,0,1.29193e+07
0,0,0,0,0,2.54116e+07,0,0,1.29193e+07
0,0,0,0,0,2.60266e+07,0,0,1.29193e+07
0,0,0,0,0,2.60346e+07,0,0,1.29193e+07
0,0,0,0,0,2.60426e+07,0,0,1.29193e+07
0,0,0,0,0,2.60506e+07,0,0,1.29193e+07
0,0,0,0,0,2.80492e+07,0,0,1.29193e+07
0,0,0,0,0,2.80578e+07,0,0,1.29193e+07
0,0,0,0,0,2.80664e+07,0,0,1.29193e+07
0,0,0,0,0,2.80751e+07,0,0,1.29193e+07
0,0,0,0,0,2.80837e+07,0,0,1.29193e+07
0,0,0,0,0,2.69871e+07,0,0,1.29193e+07
0,0,0,0,0,2.69954e+07,0,0,1.29193e+07
0,0,0,0,0,2.70037e+07,0,0,1.29193e+07
0,0,0,0,0,2.7012e+07,0,0,1.29193e+07
0,0,0,0,0,2.60513e+07,0,0,1.29193e+07
0,0,0,0,0,2.60593e+07,0,0,1.29193e+07
0,0,0,0,0,2.60673e+07,0,0,1.29193e+07
0,0,0,0,0,2.60753e+07,0,0,1.29193e+07
0,0,0,0,0,2.37965e+07,0,0,1.29193e+07
0,0,0,0,0,2.38038e+07,0,0,1.29193e+07
0,0,0,0,0,2.38111e+07,0,0,1.29193e+07
0,0,0,0,0,2.38184e+07,0,0,1.29193e+07
0,0,0,0,0,2.38257e+07,0,0,1.29193e+07
0,0,0,0,3.31186e-33,2.45911e+07,0,0,1.29193e+07
0,0,0,0,0,2.45983e+07,0,0,1.29193e+07
0,0,0,0,0,2.46056e+07,0,0,1.29193e+07
0,0,0,0,0,2.46128e+07,0,0,1.29193e+07
0,0,0,0,0,2.72609e+07,0,0,1.29193e+07
0,0,0,0,0,2.72689e+07,0,0,1.29193e+07
0,0,0,0,0,2.72769e+07,0,0,1.29193e+07
0,0,0,0,0,2.7285e+07,0,0,1.29193e+07
0,0,0,0,0,2.36405e+07,0,0,1.29193e+07
0,0,0,0,0,2.36474e+07,0,0,1.29193e+07
0,0,0,0,0,2.36544e+07,0,0,1.29193e+07
0,0,0,0,0,2.36613e+07,0,0,1.29193e+07
0,0,0,0,0,2.36683e+07,0,0,1.29193e+07
0,0,0,0,0,2.45826e+07,0,0,1.29193e+07
0,0,0,0,0,2.45899e+07,0,0,1.29193e+07
0,0,0,0,0,2.45971e+07,0,0,1.29193e+07
0,0,0,0,0,2.46043e+07,0,0,1.29193e+07
0,0,0,0,0,2.42576e+07,0,0,1.29193e+07
0,0,0,0,0,2.42647e+07,0,0,1.29193e+07
0,0,0,0,0,2.42718e+07,0,0,1.29193e+07
0,0,0,0,0,2.4279e+07,0,0,1.29193e+07
0,0,0,0,0,2.55164e+07,0,0,1.29193e+07
0,0,0,0,0,2.55239e+07,0,0,1.29193e+07
0,0,0,0,0,2.55314e+07,0,0,1.29193e+07
0,0,0,0,0,2.55389e+07,0,0,1.29193e+07
0,0,0,0,0,2.55464e+07,0,0,1.29193e+07
0,0,0,0,0,2.5788e+07,0,0,1.29193e+07
0,0,0,0,0,2.57956e+07,0,0,1.29193e+07
0,0,0,0,0,2.58032e+07,0,0,1.29193e+07
0,0,0,0,0,2.58108e+07,0,0,1.29193e+07
0,0,0,0,0,2.6435e+07,0,0,1.29193e+07
0,0,0,0,0,2.64427e+07,0,0,1.29193e+07
0,0,0,0,0,2.64505e+07,0,0,1.29193e+07
0,0,0,0,0,2.64582e+07,0,0,1.29193e+07
0,0,0,0,0,2.84877e+07,0,0,1.29193e+07
0,0,0,0,0,2.8496e+07,0,0,1.29193e+07
0,0,0,0,0,2.85044e+07,0,0,1.29193e+07
0,0,0,0,0,2.85127e+07,0,0,1.29193e+07
0,0,0,0,0,2.85211e+07,0,0,1.29193e+07
0,0,0,0,0,2.7407e+07,0,0,1.29193e+07
0,0,0,0,0,2.74151e+07,0,0,1.29193e+07
0,0,0,0,0,2.74231e+07,0,0,1.29193e+07
0,0,0,0,0,2.74311e+07,0,0,1.29193e+07
0,0,0,0,0,2.64551e+07,0,0,1.29193e+07
0,0,0,0,0,2.66548e+07,-123391,123391,1.29193e+07
0,0,0,0,0,2.66606e+07,-122120,122120,1.29193e+07
0,0,0,0,0,2.66664e+07,-120848,120848,1.29193e+07
0,0,0,0,0,2.435e+07,-119576,119576,1.29193e+07
0,0,0,0,0,2.5034e+07,-554695,554695,1.29193e+07
0,0,0,0,0,2.50393e+07,-553551,553551,1.29193e+07
0,0,0,0,0,2.50446e+07,-552406,552406,1.29193e+07
0,0,0,0,0,2.41923e+07,0,0,1.29193e+07
0,0,0,0,0,2.5825e+07,-550116,550116,1.29193e+07
0,0,0,0,3.31186e-33,2.56334e+07,-422452,422452,1.29193e+07
0,0,0,0,0,2.56386e+07,-421316,421316,1.29193e+07
0,0,0,0,0,2.49901e+07,0,0,1.29193e+07
0,0,0,0,0,2.76784e+07,0,0,1.29193e+07
0,0,0,0,0,2.76862e+07,0,0,1.29193e+07
0,0,0,0,0,2.76939e+07,0,0,1.29193e+07
0,0,0,0,0,2.77017e+07,0,0,1.29193e+07
0,0,0,0,0,2.40012e+07,0,0,1.29193e+07
0,0,0,0,0,2.4008e+07,0,0,1.29193e+07
0,0,0,0,0,2.40147e+07,0,0,1.29193e+07
0,0,0,0,0,2.40215e+07,0,0,1.29193e+07
0,0,0,0,0,2.40282e+07,0,0,1.29193e+07
0,0,0,0,0,2.49561e+07,0,0,1.29193e+07
0,0,0,0,0,2.49631e+07,0,0,1.29193e+07
0,0,0,0,0,2.49701e+07,0,0,1.29193e+07
0,0,0,0,0,2.49771e+07,0,0,1.29193e+07
0,0,0,0,0,2.46248e+07,0,0,1.29193e+07
0,0,0,0,0,2.46317e+07,0,0,1.29193e+07
0,0,0,0,0,2.46386e+07,0,0,1.29193e+07
0,0,0,0,0,2.46455e+07,0,0,1.29193e+07
0,0,0,0,0,2.59013e+07,0,0,1.29193e+07
0,0,0,0,0,2.59085e+07,0,0,1.29193e+07
0,0,0,0,0,2.59158e+07,0,0,1.29193e+07
0,0,0,0,0,2.5923e+07,0,0,1.29193e+07
0,0,0,0,0,2.59303e+07,0,0,1.29193e+07
0,0,0,0,0,2.61752e+07,0,0,1.29193e+07
0,0,0,0,0,2.61825e+07,0,0,1.29193e+07
0,0,0,0,0,2.61899e+07,0,0,1.29193e+07
0,0,0,0,0,2.61972e+07,0,0,1.29193e+07
0,0,0,0,0,2.68304e+07,0,0,1.29193e+07
0,0,0,0,0,2.68379e+07,0,0,1.29193e+07
0,0,0,0,0,2.68454e+07,0,0,1.29193e+07
0,0,0,0,0,2.68529e+07,0,0,1.29193e+07
0,0,0,0,0,2.89123e+07,0,0,1.29193e+07
0,0,0,0,0,2.89203e+07,0,0,1.29193e+07
0,0,0,0,0,2.89284e+07,0,0,1.29193e+07
0,0,0,0,0,2.89365e+07,0,0,1.29193e+07
0,0,0,0,0,2.89446e+07,0,0,1.29193e+07
0,0,0,0,0,2.78136e+07,0,0,1.29193e+07
0,0,0,0,0,2.78214e+07,0,0,1.29193e+07
0,0,0,0,0,2.78292e+07,0,0,1.29193e+07
0,0,0,0,0,2.7837e+07,0,0,1.29193e+07
0,0,0,0,0,2.68462e+07,0,0,1.29193e+07
0,0,0,0,0,2.68537e+07,0,0,1.29193e+07
0,0,0,0,0,2.68612e+07,0,0,1.29193e+07
0,0,0,0,0,2.68687e+07,0,0,1.29193e+07
0,0,0,0,0,2.45198e+07,0,0,1.29193e+07
0,0,0,0,0,2.45267e+07,0,0,1.29193e+07
0,0,0,0,0,2.45335e+07,0,0,1.29193e+07
0,0,0,0,0,2.45404e+07,0,0,1.29193e+07
0,0,0,0,0,2.45472e+07,0,0,1.29193e+07
0,0,0,0,0,2.45472e+07,0,0,1.29193e+07
0,0,0,0,3.31186e-33,2.53351e+07,0,0,1.29193e+07
0,0,0,0,0,2.53419e+07,0,0,1.29193e+07
0,0,0,0,0,2.53487e+07,0,0,1.29193e+07
0,0,0,0,0,2.53554e+07,0,0,1.29193e+07
0,0,0,0,0,2.80826e+07,0,0,1.29193e+07
0,0,0,0,0,2.80902e+07,0,0,1.29193e+07
0,0,0,0,0,2.80977e+07,0,0,1.29193e+07
0,0,0,0,0,2.81052e+07,0,0,1.29193e+07
0,0,0,0,0,2.43505e+07,0,0,1.29193e+07
0,0,0,0,0,2.4357e+07,0,0,1.29193e+07
0,0,0,0,0,2.43635e+07,0,0,1.29193e+07
0,0,0,0,0,2.437e+07,0,0,1.29193e+07
0,0,0,0,0,2.43766e+07,0,0,1.29193e+07
0,0,0,0,0,2.53176e+07,0,0,1.29193e+07
0,0,0,0,0,2.53243e+07,0,0,1.29193e+07
0,0,0,0,0,2.53311e+07,0,0,1.29193e+07
0,0,0,0,0,2.53379e+07,0,0,1.29193e+07
0,0,0,0,0,2.49801e+07,0,0,1.29193e+07
0,0,0,0,0,2.49868e+07,0,0,1.29193e+07
0,0,0,0,0,2.49935e+07,0,0,1.29193e+07
0,0,0,0,0,2.50001e+07,0,0,1.29193e+07
0,0,0,0,0,2.62737e+07,0,0,1.29193e+07
0,0,0,0,0,2.62807e+07,0,0,1.29193e+07
0,0,0,0,0,2.62877e+07,0,0,1.29193e+07
0,0,0,0,0,2.62947e+07,0,0,1.29193e+07
0,0,0,0,0,2.63017e+07,0,0,1.29193e+07
0,0,0,0,0,2.65498e+07,0,0,1.29193e+07
0,0,0,0,0,2.65569e+07,0,0,1.29193e+07
0,0,0,0,0,2.6564e+07,0,0,1.29193e+07
0,0,0,0,0,2.65711e+07,0,0,1.29193e+07
0,0,0,0,0,2.72129e+07,0,0,1.29193e+07
0,0,0,0,0,2.72202e+07,0,0,1.29193e+07
0,0,0,0,0,2.72275e+07,0,0,1.29193e+07
0,0,0,0,0,2.72347e+07,0,0,1.29193e+07
0,0,0,0,0,2.93229e+07,0,0,1.29193e+07
0,0,0,0,0,2.93307e+07,0,0,1.29193e+07
0,0,0,0,0,2.93386e+07,0,0,1.29193e+07
0,0,0,0,0,2.93464e+07,0,0,1.29193e+07
0,0,0,0,0,2.93542e+07,0,0,1.29193e+07
0,0,0,0,0,2.82069e+07,0,0,1.29193e+07
0,0,0,0,0,2.82144e+07,0,0,1.29193e+07
0,0,0,0,0,2.82219e+07,0,0,1.29193e+07
0,0,0,0,0,2.82294e+07,0,0,1.29193e+07
0,0,0,0,0,2.72243e+07,0,0,1.29193e+07
0,0,0,0,0,2.72315e+07,0,0,1.29193e+07
0,0,0,0,0,2.72388e+07,0,0,1.29193e+07
0,0,0,0,0,2.7246e+07,0,0,1.29193e+07
0,0,0,0,0,2.48639e+07,0,0,1.29193e+07
0,0,0,0,0,2.55574e+07,-441498,441498,1.29193e+07
0,0,0,0,0,2.48771e+07,0,0,1.29193e+07
0,0,0,0,0,2.48837e+07,0,0,1.29193e+07
0,0,0,0,0,2.48904e+07,0,0,1.29193e+07
0,0,0,0,3.31186e-33,2.56889e+07,0,0,1.29193e+07
0,0,0,0,3.31186e-33,2.56955e+07,0,0,1.29193e+07
0,0,0,0,0,2.5702e+07,0,0,1.29193e+07
0,0,0,0,0,2.57085e+07,0,0,1.29193e+07
0,0,0,0,0,2.84734e+07,0,0,1.29193e+07
0,0,0,0,0,2.84806e+07,0,0,1.29193e+07
0,0,0,0,0,2.84879e+07,0,0,1.29193e+07
0,0,0,0,0,2.84951e+07,0,0,1.29193e+07
0,0,0,0,0,2.4688e+07,0,0,1.29193e+07
0,0,0,0,0,2.46943e+07,0,0,1.29193e+07
0,0,0,0,0,2.47006e+07,0,0,1.29193e+07
0,0,0,0,0,2.47069e+07,0,0,1.29193e+07
0,0,0,0,0,2.47132e+07,0,0,1.29193e+07
0,0,0,0,0,2.56669e+07,0,0,1.29193e+07
0,0,0,0,0,2.56734e+07,0,0,1.29193e+07
0,0,0,0,0,2.56799e+07,0,0,1.29193e+07
0,0,0,0,0,2.56865e+07,0,0,1.29193e+07
0,0,0,0,0,2.53234e+07,0,0,1.29193e+07
0,0,0,0,0,2.53299e+07,0,0,1.29193e+07
0,0,0,0,0,2.53363e+07,0,0,1.29193e+07
0,0,0,0,0,2.53428e+07,0,0,1.29193e+07
0,0,0,0,0,2.66334e+07,0,0,1.29193e+07
0,0,0,0,0,2.66402e+07,0,0,1.29193e+07
0,0,0,0,0,2.66469e+07,0,0,1.29193e+07
0,0,0,0,0,2.66537e+07,0,0,1.29193e+07
0,0,0,0,0,2.66605e+07,0,0,1.29193e+07
0,0,0,0,0,2.69116e+07,0,0,1.29193e+07
0,0,0,0,0,2.69185e+07,0,0,1.29193e+07
0,0,0,0,0,2.69253e+07,0,0,1.29193e+07
0,0,0,0,0,2.69321e+07,0,0,1.29193e+07
0,0,0,0,0,2.75824e+07,0,0,1.29193e+07
0,0,0,0,0,2.75894e+07,0,0,1.29193e+07
0,0,0,0,0,2.75964e+07,0,0,1.29193e+07
0,0,0,0,0,2.76034e+07,0,0,1.29193e+07
0,0,0,0,0,2.97195e+07,0,0,1.29193e+07
0,0,0,0,0,2.9727e+07,0,0,1.29193e+07
0,0,0,0,0,2.97346e+07,0,0,1.29193e+07
0,0,0,0,0,2.97421e+07,0,0,1.29193e+07
0,0,0,0,0,2.97497e+07,0,0,1.29193e+07
0,0,0,0,0,2.85865e+07,0,0,1.29193e+07
0,0,0,0,0,2.85938e+07,0,0,1.29193e+07
0,0,0,0,0,2.8601e+07,0,0,1.29193e+07
0,0,0,0,0,2.86083e+07,0,0,1.29193e+07
0,0,0,0,0,2.75893e+07,0,0,1.29193e+07
0,0,0,0,0,2.75963e+07,0,0,1.29193e+07
0,0,0,0,0,2.76033e+07,0,0,1.29193e+07
0,0,0,0,0,2.76103e+07,0,0,1.29193e+07
0,0,0,0,0,2.5196e+07,0,0,1.29193e+07
0,0,0,0,0,2.58057e+07,-387788,387788,1.29193e+07
0,0,0,0,0,2.58105e+07,-386754,386754,1.29193e+07
0,0,0,0,0,2.58152e+07,-385721,385721,1.29193e+07
0,0,0,0,0,2.582e+07,-384687,384687,1.29193e+07
0,0,0,0,0,2.60304e+07,0,0,1.29193e+07
0,0,0,0,0,2.64267e+07,-250720,250720,1.29193e+07
0,0,0,0,0,2.64315e+07,-249699,249699,1.29193e+07
0,0,0,0,0,2.64362e+07,-248679,248679,1.29193e+07
0,0,0,0,0,2.88504e+07,0,0,1.29193e+07
0,0,0,0,0,2.88574e+07,0,0,1.29193e+07
0,0,0,0,0,2.88644e+07,0,0,1.29193e+07
0,0,0,0,0,2.88713e+07,0,0,1.29193e+07
0,0,0,0,0,2.50137e+07,0,0,1.29193e+07
0,0,0,0,0,2.50197e+07,0,0,1.29193e+07
0,0,0,0,0,2.50258e+07,0,0,1.29193e+07
0,0,0,0,0,2.50318e+07,0,0,1.29193e+07
0,0,0,0,0,2.50379e+07,0,0,1.29193e+07
0,0,0,0,0,2.60038e+07,0,0,1.29193e+07
0,0,0,0,0,2.60101e+07,0,0,1.29193e+07
0,0,0,0,0,2.60164e+07,0,0,1.29193e+07
0,0,0,0,0,2.60226e+07,0,0,1.29193e+07
0,0,0,0,0,2.56546e+07,0,0,1.29193e+07
0,0,0,0,0,2.56608e+07,0,0,1.29193e+07
0,0,0,0,0,2.5667e+07,0,0,1.29193e+07
0,0,0,0,0,2.56732e+07,0,0,1.29193e+07
0,0,0,0,0,2.69803e+07,0,0,1.29193e+07
0,0,0,0,0,2.69868e+07,0,0,1.29193e+07
0,0,0,0,0,2.69933e+07,0,0,1.29193e+07
0,0,0,0,0,2.69999e+07,0,0,1.29193e+07
0,0,0,0,0,2.70064e+07,0,0,1.29193e+07
0,0,0,0,0,2.72604e+07,0,0,1.29193e+07
0,0,0,0,0,2.7267e+07,0,0,1.29193e+07
0,0,0,0,0,2.72736e+07,0,0,1.29193e+07
0,0,0,0,0,2.72802e+07,0,0,1.29193e+07
0,0,0,0,0,2.79385e+07,0,0,1.29193e+07
0,0,0,0,0,2.79452e+07,0,0,1.29193e+07
0,0,0,0,0,2.7952e+07,0,0,1.29193e+07
0,0,0,0,0,2.79587e+07,0,0,1.29193e+07
0,0,0,0,0,2.88691e+07,-1.23262e+06,1.23262e+06,1.29193e+07
0,0,0,0,0,2.8876e+07,-1.23291e+06,1.23291e+06,1.29193e+07
0,0,0,0,0,2.8883e+07,-1.23321e+06,1.23321e+06,1.29193e+07
0,0,0,0,0,2.889e+07,-1.23351e+06,1.23351e+06,1.29193e+07
0,0,0,0,0,2.8897e+07,-1.23381e+06,1.23381e+06,1.29193e+07
0,0,0,0,0,2.89523e+07,0,0,1.29193e+07
0,0,0,0,0,2.89593e+07,0,0,1.29193e+07
0,0,0,0,0,2.89663e+07,0,0,1.29193e+07
0,0,0,0,0,2.89733e+07,0,0,1.29193e+07
0,0,0,0,0,2.7941e+07,0,0,1.29193e+07
0,0,0,0,0,2.79477e+07,0,0,1.29193e+07
0,0,0,0,0,2.79544e+07,0,0,1.29193e+07
0,0,0,0,0,2.79612e+07,0,0,1.29193e+07
0,0,0,0,0,2.55158e+07,0,0,1.29193e+07
0,0,0,0,0,2.60448e+07,-336053,336053,1.29193e+07
0,0,0,0,0,2.60494e+07,-335057,335057,1.29193e+07
0,0,0,0,0,2.6054e+07,-334062,334062,1.29193e+07
0,0,0,0,0,2.60586e+07,-333067,333067,1.29193e+07
0,0,0,0,0,2.68758e+07,-332071,332071,1.29193e+07
0,0,0,0,0,2.66725e+07,-197511,197511,1.29193e+07
0,0,0,0,0,2.66771e+07,-196531,196531,1.29193e+07
0,0,0,0,0,2.66816e+07,-195551,195551,1.29193e+07
0,0,0,0,0,2.92134e+07,0,0,1.29193e+07
0,0,0,0,0,2.92201e+07,0,0,1.29193e+07
0,0,0,0,0,2.92268e+07,0,0,1.29193e+07
0,0,0,0,0,2.92335e+07,0,0,1.29193e+07
0,0,0,0,0,2.53271e+07,0,0,1.29193e+07
0,0,0,0,0,2.53329e+07,0,0,1.29193e+07
0,0,0,0,0,2.53387e+07,0,0,1.29193e+07
0,0,0,0,0,2.53445e+07,0,0,1.29193e+07
0,0,0,0,0,2.53504e+07,0,0,1.29193e+07
0,0,0,0,0,2.6328e+07,0,0,1.29193e+07
0,0,0,0,0,2.6334e+07,0,0,1.29193e+07
0,0,0,0,0,2.634e+07,0,0,1.29193e+07
0,0,0,0,0,2.63461e+07,0,0,1.29193e+07
0,0,0,0,0,2.59731e+07,0,0,1.29193e+07
0,0,0,0,0,2.59791e+07,0,0,1.29193e+07
0,0,0,0,0,2.5985e+07,0,0,1.29193e+07
0,0,0,0,0,2.5991e+07,0,0,1.29193e+07
0,0,0,0,0,2.73139e+07,0,0,1.29193e+07
0,0,0,0,0,2.73202e+07,0,0,1.29193e+07
0,0,0,0,0,2.73265e+07,0,0,1.29193e+07
0,0,0,0,0,2.73327e+07,0,0,1.29193e+07
0,0,0,0,0,2.7339e+07,0,0,1.29193e+07
0,0,0,0,0,2.75958e+07,0,0,1.29193e+07
0,0,0,0,0,2.76021e+07,0,0,1.29193e+07
0,0,0,0,0,2.76084e+07,0,0,1.29193e+07
0,0,0,0,0,2.76148e+07,0,0,1.29193e+07
0,0,0,0,0,2.82808e+07,0,0,1.29193e+07
0,0,0,0,0,2.82873e+07,0,0,1.29193e+07
0,0,0,0,0,2.82937e+07,0,0,1.29193e+07
0,0,0,0,0,2.83002e+07,0,0,1.29193e+07
0,0,0,0,0,2.92213e+07,-1.24766e+06,1.24766e+06,1.29193e+07
0,0,0,0,0,2.9228e+07,-1.24794e+06,1.24794e+06,1.29193e+07
0,0,0,0,0,2.92347e+07,-1.24823e+06,1.24823e+06,1.29193e+07
0,0,0,0,0,2.92414e+07,-1.24851e+06,1.24851e+06,1.29193e+07
0,0,0,0,0,2.92481e+07,-1.2488e+06,1.2488e+06,1.29193e+07
0,0,0,0,0,2.93037e+07,0,0,1.29193e+07
0,0,0,0,0,2.93105e+07,0,0,1.29193e+07
0,0,0,0,0,2.93172e+07,0,0,1.29193e+07
0,0,0,0,0,2.93239e+07,0,0,1.29193e+07
0,0,0,0,0,2.82787e+07,0,0,1.29193e+07
0,0,0,0,0,2.82852e+07,0,0,1.29193e+07
0,0,0,0,0,2.82916e+07,0,0,1.29193e+07
0,0,0,0,0,2.82981e+07,0,0,1.29193e+07
0,0,0,0,0,2.5823e+07,0,0,1.29193e+07
0,0,0,0,0,2.58289e+07,0,0,1.29193e+07
0,0,0,0,0,2.58348e+07,0,0,1.29193e+07
0,0,0,0,0,2.58407e+07,0,0,1.29193e+07
0,0,0,0,0,2.58466e+07,0,0,1.29193e+07
0,0,0,0,0,2.66748e+07,0,0,1.29193e+07
0,0,0,0,0,2.66806e+07,0,0,1.29193e+07
0,0,0,0,0,2.66864e+07,0,0,1.29193e+07
0,0,0,0,0,2.66922e+07,0,0,1.29193e+07
0,0,0,0,0,2.95617e+07,0,0,1.29193e+07
0,0,0,0,0,2.95681e+07,0,0,1.29193e+07
0,0,0,0,0,2.95745e+07,0,0,1.29193e+07
0,0,0,0,0,2.95809e+07,0,0,1.29193e+07
0,0,0,0,0,2.56278e+07,0,0,1.29193e+07
0,0,0,0,0,2.56334e+07,0,0,1.29193e+07
0,0,0,0,0,2.56389e+07,0,0,1.29193e+07
0,0,0,0,0,2.56445e+07,0,0,1.29193e+07
0,0,0,0,0,2.565e+07,0,0,1.29193e+07
0,0,0,0,0,2.66389e+07,0,0,1.29193e+07
0,0,0,0,0,2.66447e+07,0,0,1.29193e+07
0,0,0,0,0,2.66504e+07,0,0,1.29193e+07
0,0,0,0,0,2.66562e+07,0,0,1.29193e+07
0,0,0,0,0,2.62785e+07,0,0,1.29193e+07
0,0,0,0,0,2.62842e+07,0,0,1.29193e+07
0,0,0,0,0,2.62899e+07,0,0,1.29193e+07
0,0,0,0,0,2.62956e+07,0,0,1.29193e+07
0,0,0,0,0,2.76337e+07,0,0,1.29193e+07
0,0,0,0,0,2.76397e+07,0,0,1.29193e+07
0,0,0,0,0,2.76457e+07,0,0,1.29193e+07
0,0,0,0,0,2.76517e+07,0,0,1.29193e+07
0,0,0,0,0,2.76577e+07,0,0,1.29193e+07
0,0,0,0,0,2.79171e+07,0,0,1.29193e+07
0,0,0,0,0,2.79232e+07,0,0,1.29193e+07
0,0,0,0,0,2.79292e+07,0,0,1.29193e+07
0,0,0,0,0,2.79353e+07,0,0,1.29193e+07
0,0,0,0,0,2.86087e+07,0,0,1.29193e+07
0,0,0,0,0,2.86149e+07,0,0,1.29193e+07
0,0,0,0,0,2.86211e+07,0,0,1.29193e+07
0,0,0,0,0,2.86273e+07,0,0,1.29193e+07
0,0,0,0,0,2.95586e+07,-1.26206e+06,1.26206e+06,1.29193e+07
0,0,0,0,0,2.9565e+07,-1.26233e+06,1.26233e+06,1.29193e+07
0,0,0,0,0,2.95714e+07,-1.2626e+06,1.2626e+06,1.29193e+07
0,0,0,0,0,2.95778e+07,-1.26288e+06,1.26288e+06,1.29193e+07
0,0,0,0,0,2.95842e+07,-1.26315e+06,1.26315e+06,1.29193e+07
0,0,0,0,0,2.96402e+07,0,0,1.29193e+07
0,0,0,0,0,2.96466e+07,0,0,1.29193e+07
0,0,0,0,0,2.9653e+07,0,0,1.29193e+07
0,0,0,0,0,2.96594e+07,0,0,1.29193e+07
0,0,0,0,0,2.86019e+07,0,0,1.29193e+07
0,0,0,0,0,2.86081e+07,0,0,1.29193e+07
0,0,0,0,0,2.86143e+07,0,0,1.29193e+07
0,0,0,0,0,2.86205e+07,0,0,1.29193e+07
0,0,0,0,0,2.61168e+07,0,0,1.29193e+07
0,0,0,0,0,2.61225e+07,0,0,1.29193e+07
0,0,0,0,0,2.61281e+07,0,0,1.29193e+07
0,0,0,0,0,2.61338e+07,0,0,1.29193e+07
0,0,0,0,0,2.61394e+07,0,0,1.29193e+07
0,0,0,0,0,2.69767e+07,0,0,1.29193e+07
0,0,0,0,0,2.69822e+07,0,0,1.29193e+07
0,0,0,0,0,2.69878e+07,0,0,1.29193e+07
0,0,0,0,0,2.69933e+07,0,0,1.29193e+07
0,0,0,0,0,2.98948e+07,0,0,1.29193e+07
0,0,0,0,0,2.99009e+07,0,0,1.29193e+07
0,0,0,0,0,2.9907e+07,0,0,1.29193e+07
0,0,0,0,0,2.99132e+07,0,0,1.29193e+07
0,0,0,0,0,2.59153e+07,0,0,1.29193e+07
0,0,0,0,0,2.59206e+07,0,0,1.29193e+07
0,0,0,0,0,2.59259e+07,0,0,1.29193e+07
0,0,0,0,0,2.59312e+07,0,0,1.29193e+07
0,0,0,0,0,2.59365e+07,0,0,1.29193e+07
0,0,0,0,0,2.69361e+07,0,0,1.29193e+07
0,0,0,0,0,2.69416e+07,0,0,1.29193e+07
0,0,0,0,0,2.69471e+07,0,0,1.29193e+07
0,0,0,0,0,2.69526e+07,0,0,1.29193e+07
0,0,0,0,0,2.65704e+07,0,0,1.29193e+07
0,0,0,0,0,2.65758e+07,0,0,1.29193e+07
0,0,0,0,0,2.65813e+07,0,0,1.29193e+07
0,0,0,0,0,2.65867e+07,0,0,1.29193e+07
0,0,0,0,0,2.79393e+07,0,0,1.29193e+07
0,0,0,0,0,2.7945e+07,0,0,1.29193e+07
0,0,0,0,0,2.79507e+07,0,0,1.29193e+07
0,0,0,0,0,2.79564e+07,0,0,1.29193e+07
0,0,0,0,0,2.79621e+07,0,0,1.29193e+07
0,0,0,0,0,2.82241e+07,0,0,1.29193e+07
0,0,0,0,0,2.82299e+07,0,0,1.29193e+07
0,0,0,0,0,2.82356e+07,0,0,1.29193e+07
0,0,0,0,0,2.82414e+07,0,0,1.29193e+07
0,0,0,0,0,2.89218e+07,0,0,1.29193e+07
0,0,0,0,0,2.89277e+07,0,0,1.29193e+07
0,0,0,0,0,2.89336e+07,0,0,1.29193e+07
0,0,0,0,0,2.89396e+07,0,0,1.29193e+07
0,0,0,0,0,2.98807e+07,-1.27581e+06,1.27581e+06,1.29193e+07
0,0,0,0,0,2.98868e+07,-1.27607e+06,1.27607e+06,1.29193e+07
0,0,0,0,0,2.98929e+07,-1.27633e+06,1.27633e+06,1.29193e+07
0,0,0,0,0,2.9899e+07,-1.27659e+06,1.27659e+06,1.29193e+07
0,0,0,0,0,2.99051e+07,-1.27685e+06,1.27685e+06,1.29193e+07
0,0,0,0,0,2.99613e+07,0,0,1.29193e+07
0,0,0,0,0,2.99674e+07,0,0,1.29193e+07
0,0,0,0,0,2.99736e+07,0,0,1.29193e+07
0,0,0,0,0,2.99797e+07,0,0,1.29193e+07
0,0,0,0,0,2.89104e+07,0,0,1.29193e+07
0,0,0,0,0,2.89163e+07,0,0,1.29193e+07
0,0,0,0,0,2.89222e+07,0,0,1.29193e+07
0,0,0,0,0,2.89281e+07,0,0,1.29193e+07
0,0,0,0,0,2.63972e+07,0,0,1.29193e+07
0,0,0,0,0,2.67037e+07,-193500,193500,1.29193e+07
0,0,0,0,0,2.67077e+07,-192628,192628,1.29193e+07
0,0,0,0,0,2.67117e+07,-191757,191757,1.29193e+07
0,0,0,0,0,2.67158e+07,-190886,190886,1.29193e+07
0,0,0,0,0,2.67144e+07,-190014,190014,1.29193e+07
0,0,0,0,0,2.72647e+07,0,0,1.29193e+07
0,0,0,0,0,2.72699e+07,0,0,1.29193e+07
0,0,0,0,0,2.72752e+07,0,0,1.29193e+07
0,0,0,0,0,2.72805e+07,0,0,1.29193e+07
0,0,0,0,0,3.02125e+07,0,0,1.29193e+07
0,0,0,0,0,3.02183e+07,0,0,1.29193e+07
0,0,0,0,0,3.02241e+07,0,0,1.29193e+07
0,0,0,0,0,3.02299e+07,0,0,1.29193e+07
0,0,0,0,0,2.61894e+07,0,0,1.29193e+07
0,0,0,0,0,2.61945e+07,0,0,1.29193e+07
0,0,0,0,0,2.61995e+07,0,0,1.29193e+07
0,0,0,0,0,2.62046e+07,0,0,1.29193e+07
0,0,0,0,0,2.62096e+07,0,0,1.29193e+07
0,0,0,0,0,2.72194e+07,0,0,1.29193e+07
0,0,0,0,0,2.72246e+07,0,0,1.29193e+07
0,0,0,0,0,2.72299e+07,0,0,1.29193e+07
0,0,0,0,0,2.72351e+07,0,0,1.29193e+07
0,0,0,0,0,2.68486e+07,0,0,1.29193e+07
0,0,0,0,0,2.68537e+07,0,0,1.29193e+07
0,0,0,0,0,2.68589e+07,0,0,1.29193e+07
0,0,0,0,0,2.68641e+07,0,0,1.29193e+07
0,0,0,0,0,2.82304e+07,0,0,1.29193e+07
0,0,0,0,0,2.82359e+07,0,0,1.29193e+07
0,0,0,0,0,2.82413e+07,0,0,1.29193e+07
0,0,0,0,0,2.82467e+07,0,0,1.29193e+07
0,0,0,0,0,2.82522e+07,0,0,1.29193e+07
0,0,0,0,0,2.85165e+07,0,0,1.29193e+07
0,0,0,0,0,2.8522e+07,0,0,1.29193e+07
0,0,0,0,0,2.85275e+07,0,0,1.29193e+07
0,0,0,0,0,2.8533e+07,0,0,1.29193e+07
0,0,0,0,0,2.92201e+07,0,0,1.29193e+07
0,0,0,0,0,2.92257e+07,0,0,1.29193e+07
0,0,0,0,0,2.92313e+07,0,0,1.29193e+07
0,0,0,0,0,2.92369e+07,0,0,1.29193e+07
0,0,0,0,0,3.01874e+07,-1.28891e+06,1.28891e+06,1.29193e+07
0,0,0,0,0,3.01932e+07,-1.28915e+06,1.28915e+06,1.29193e+07
0,0,0,0,0,3.0199e+07,-1.2894e+06,1.2894e+06,1.29193e+07
0,0,0,0,0,3.02048e+07,-1.28965e+06,1.28965e+06,1.29193e+07
0,0,0,0,0,3.02107e+07,-1.2899e+06,1.2899e+06,1.29193e+07
0,0,0,0,0,2.90277e+07,-1.23939e+06,1.23939e+06,1.29193e+07
0,0,0,0,0,2.90332e+07,-1.23963e+06,1.23963e+06,1.29193e+07
0,0,0,0,0,2.90388e+07,-1.23986e+06,1.23986e+06,1.29193e+07
0,0,0,0,0,2.90444e+07,-1.2401e+06,1.2401e+06,1.29193e+07
0,0,0,0,0,2.9204e+07,0,0,1.29193e+07
0,0,0,0,0,2.92096e+07,0,0,1.29193e+07
0,0,0,0,0,2.92153e+07,0,0,1.29193e+07
0,0,0,0,0,2.92209e+07,0,0,1.29193e+07
0,0,0,0,0,2.66641e+07,0,0,1.29193e+07
0,0,0,0,0,2.66692e+07,0,0,1.29193e+07
0,0,0,0,0,2.66743e+07,0,0,1.29193e+07
0,0,0,0,0,2.66794e+07,0,0,1.29193e+07
0,0,0,0,0,2.66846e+07,0,0,1.29193e+07
0,0,0,0,0,2.75386e+07,0,0,1.29193e+07
0,0,0,0,0,2.75436e+07,0,0,1.29193e+07
0,0,0,0,0,2.75486e+07,0,0,1.29193e+07
0,0,0,0,0,2.75536e+07,0,0,1.29193e+07
0,0,0,0,0,3.05146e+07,0,0,1.29193e+07
0,0,0,0,0,3.05201e+07,0,0,1.29193e+07
0,0,0,0,0,3.05256e+07,0,0,1.29193e+07
0,0,0,0,0,3.05312e+07,0,0,1.29193e+07
0,0,0,0,0,2.64501e+07,0,0,1.29193e+07
0,0,0,0,0,2.64549e+07,0,0,1.29193e+07
0,0,0,0,0,2.64597e+07,0,0,1.29193e+07
0,0,0,0,0,2.64644e+07,0,0,1.29193e+07
0,0,0,0,0,2.64692e+07,0,0,1.29193e+07
0,0,0,0,0,2.74887e+07,0,0,1.29193e+07
0,0,0,0,0,2.74936e+07,0,0,1.29193e+07
0,0,0,0,0,2.74986e+07,0,0,1.29193e+07
0,0,0,0,0,2.75036e+07,0,0,1.29193e+07
0,0,0,0,0,2.71129e+07,0,0,1.29193e+07
0,0,0,0,0,2.71178e+07,0,0,1.29193e+07
0,0,0,0,0,2.71227e+07,0,0,1.29193e+07
0,0,0,0,0,2.71276e+07,0,0,1.29193e+07
0,0,0,0,0,2.8507e+07,0,0,1.29193e+07
0,0,0,0,0,2.85122e+07,0,0,1.29193e+07
0,0,0,0,0,2.85173e+07,0,0,1.29193e+07
0,0,0,0,0,2.85225e+07,0,0,1.29193e+07
0,0,0,0,0,2.85277e+07,0,0,1.29193e+07
0,0,0,0,0,2.87942e+07,0,0,1.29193e+07
0,0,0,0,0,2.87994e+07,0,0,1.29193e+07
0,0,0,0,0,2.88046e+07,0,0,1.29193e+07
0,0,0,0,0,2.88099e+07,0,0,1.29193e+07
0,0,0,0,0,2.95033e+07,0,0,1.29193e+07
0,0,0,0,0,2.95086e+07,0,0,1.29193e+07
0,0,0,0,0,2.95139e+07,0,0,1.29193e+07
0,0,0,0,0,2.95193e+07,0,0,1.29193e+07
0,0,0,0,0,3.04785e+07,-1.30134e+06,1.30134e+06,1.29193e+07
0,0,0,0,0,3.04841e+07,-1.30157e+06,1.30157e+06,1.29193e+07
0,0,0,0,0,3.04896e+07,-1.30181e+06,1.30181e+06,1.29193e+07
0,0,0,0,0,3.04951e+07,-1.30204e+06,1.30204e+06,1.29193e+07
0,0,0,0,0,3.05006e+07,-1.30228e+06,1.30228e+06,1.29193e+07
0,0,0,0,0,2.93059e+07,-1.25127e+06,1.25127e+06,1.29193e+07
0,0,0,0,0,2.93112e+07,-1.25149e+06,1.25149e+06,1.29193e+07
0,0,0,0,0,2.93165e+07,-1.25172e+06,1.25172e+06,1.29193e+07
0,0,0,0,0,2.93218e+07,-1.25194e+06,1.25194e+06,1.29193e+07
0,0,0,0,0,2.94826e+07,0,0,1.29193e+07
0,0,0,0,0,2.94879e+07,0,0,1.29193e+07
0,0,0,0,0,2.94932e+07,0,0,1.29193e+07
0,0,0,0,0,2.94985e+07,0,0,1.29193e+07
0,0,0,0,0,2.69171e+07,0,0,1.29193e+07
0,0,0,0,0,2.70922e+07,-109420,109420,1.29193e+07
0,0,0,0,0,2.70958e+07,-108634,108634,1.29193e+07
0,0,0,0,0,2.70995e+07,-107849,107849,1.29193e+07
0,0,0,0,0,2.71031e+07,-107063,107063,1.29193e+07
0,0,0,0,0,2.79637e+07,-106277,106277,1.29193e+07
0,0,0,0,0,2.78031e+07,0,0,1.29193e+07
0,0,0,0,0,2.78078e+07,0,0,1.29193e+07
0,0,0,0,0,2.78125e+07,0,0,1.29193e+07
0,0,0,0,0,2.95397e+07,-1.26125e+06,1.26125e+06,1.29193e+07
0,0,0,0,0,2.95447e+07,-1.26146e+06,1.26146e+06,1.29193e+07
0,0,0,0,0,2.95497e+07,-1.26168e+06,1.26168e+06,1.29193e+07
0,0,0,0,0,2.95547e+07,-1.26189e+06,1.26189e+06,1.29193e+07
0,0,0,0,0,2.6697e+07,0,0,1.29193e+07
0,0,0,0,0,2.69188e+07,-139670,139670,1.29193e+07
0,0,0,0,0,2.69222e+07,-138939,138939,1.29193e+07
0,0,0,0,0,2.69256e+07,-138207,138207,1.29193e+07
0,0,0,0,0,2.6929e+07,-137475,137475,1.29193e+07
0,0,0,0,0,2.79564e+07,-136744,136744,1.29193e+07
0,0,0,0,0,2.77484e+07,0,0,1.29193e+07
0,0,0,0,0,2.7753e+07,0,0,1.29193e+07
0,0,0,0,0,2.77577e+07,0,0,1.29193e+07
0,0,0,0,0,2.73631e+07,0,0,1.29193e+07
0,0,0,0,0,2.74091e+07,-26579.2,26579.2,1.29193e+07
0,0,0,0,0,2.74126e+07,-25828.9,25828.9,1.29193e+07
0,0,0,0,0,2.7416e+07,-25078.6,25078.6,1.29193e+07
0,0,0,0,0,2.88066e+07,-24328.2,24328.2,1.29193e+07
0,0,0,0,0,2.87737e+07,0,0,1.29193e+07
0,0,0,0,0,2.87785e+07,0,0,1.29193e+07
0,0,0,0,0,2.87834e+07,0,0,1.29193e+07
0,0,0,0,0,2.87882e+07,0,0,1.29193e+07
0,0,0,0,0,2.90569e+07,0,0,1.29193e+07
0,0,0,0,0,2.90618e+07,0,0,1.29193e+07
0,0,0,0,0,2.90667e+07,0,0,1.29193e+07
0,0,0,0,0,2.90717e+07,0,0,1.29193e+07
0,0,0,0,0,2.9771e+07,0,0,1.29193e+07
0,0,0,0,0,2.97761e+07,0,0,1.29193e+07
0,0,0,0,0,2.97811e+07,0,0,1.29193e+07
0,0,0,0,0,2.97861e+07,0,0,1.29193e+07
0,0,0,0,0,3.07537e+07,-1.31308e+06,1.31308e+06,1.29193e+07
0,0,0,0,0,3.07589e+07,-1.31331e+06,1.31331e+06,1.29193e+07
0,0,0,0,0,3.07641e+07,-1.31353e+06,1.31353e+06,1.29193e+07
0,0,0,0,0,3.07693e+07,-1.31375e+06,1.31375e+06,1.29193e+07
0,0,0,0,0,3.07745e+07,-1.31397e+06,1.31397e+06,1.29193e+07
0,0,0,0,0,2.95687e+07,-1.26249e+06,1.26249e+06,1.29193e+07
0,0,0,0,0,2.95737e+07,-1.2627e+06,1.2627e+06,1.29193e+07
0,0,0,0,0,2.95787e+07,-1.26292e+06,1.26292e+06,1.29193e+07
0,0,0,0,0,2.95837e+07,-1.26313e+06,1.26313e+06,1.29193e+07
0,0,0,0,0,2.97456e+07,0,0,1.29193e+07
0,0,0,0,0,2.97506e+07,0,0,1.29193e+07
0,0,0,0,0,2.97557e+07,0,0,1.29193e+07
0,0,0,0,0,2.97607e+07,0,0,1.29193e+07
0,0,0,0,0,2.7156e+07,0,0,1.29193e+07
0,0,0,0,0,2.72707e+07,-70785.1,70785.1,1.29193e+07
0,0,0,0,0,2.72741e+07,-70043.8,70043.8,1.29193e+07
0,0,0,0,0,2.72776e+07,-69302.5,69302.5,1.29193e+07
0,0,0,0,0,2.7281e+07,-68560.8,68560.8,1.29193e+07
0,0,0,0,0,2.81489e+07,-67819.5,67819.5,1.29193e+07
0,0,0,0,0,2.80478e+07,0,0,1.29193e+07
0,0,0,0,0,2.80523e+07,0,0,1.29193e+07
0,0,0,0,0,2.80567e+07,0,0,1.29193e+07
0,0,0,0,0,2.97987e+07,-1.27231e+06,1.27231e+06,1.29193e+07
0,0,0,0,0,2.98034e+07,-1.27251e+06,1.27251e+06,1.29193e+07
0,0,0,0,0,2.98081e+07,-1.27271e+06,1.27271e+06,1.29193e+07
0,0,0,0,0,2.98128e+07,-1.27291e+06,1.27291e+06,1.29193e+07
0,0,0,0,0,2.69299e+07,0,0,1.29193e+07
0,0,0,0,0,2.70928e+07,-101962,101962,1.29193e+07
0,0,0,0,0,2.65444e+07,-652816,652816,1.29193e+07
0,0,0,0,0,2.70991e+07,-100587,100587,1.29193e+07
0,0,0,0,0,2.71023e+07,-99899.8,99899.8,1.29193e+07
0,0,0,0,0,2.81384e+07,-99212.3,99212.3,1.29193e+07
0,0,0,0,0,2.79884e+07,0,0,1.29193e+07
0,0,0,0,0,2.79929e+07,0,0,1.29193e+07
0,0,0,0,0,2.79973e+07,0,0,1.29193e+07
0,0,0,0,0,2.75989e+07,0,0,1.29193e+07
0,0,0,0,0,2.76033e+07,0,0,1.29193e+07
0,0,0,0,0,2.76076e+07,0,0,1.29193e+07
0,0,0,0,0,2.7612e+07,0,0,1.29193e+07
0,0,0,0,0,2.90154e+07,0,0,1.29193e+07
0,0,0,0,0,2.90199e+07,0,0,1.29193e+07
0,0,0,0,0,2.90245e+07,0,0,1.29193e+07
0,0,0,0,0,2.90291e+07,0,0,1.29193e+07
0,0,0,0,0,2.90336e+07,0,0,1.29193e+07
0,0,0,0,0,2.93043e+07,0,0,1.29193e+07
0,0,0,0,0,2.93089e+07,0,0,1.29193e+07
0,0,0,0,0,2.93135e+07,0,0,1.29193e+07
0,0,0,0,0,2.93181e+07,0,0,1.29193e+07
0,0,0,0,0,3.00231e+07,0,0,1.29193e+07
0,0,0,0,0,3.00278e+07,0,0,1.29193e+07
0,0,0,0,0,3.00325e+07,0,0,1.29193e+07
0,0,0,0,0,3.00372e+07,0,0,1.29193e+07
0,0,0,0,0,3.10126e+07,-1.32414e+06,1.32414e+06,1.29193e+07
0,0,0,0,0,3.10175e+07,-1.32435e+06,1.32435e+06,1.29193e+07
0,0,0,0,0,3.10224e+07,-1.32456e+06,1.32456e+06,1.29193e+07
0,0,0,0,0,3.10273e+07,-1.32476e+06,1.32476e+06,1.29193e+07
0,0,0,0,0,3.10322e+07,-1.32497e+06,1.32497e+06,1.29193e+07
0,0,0,0,0,2.9816e+07,-1.27305e+06,1.27305e+06,1.29193e+07
0,0,0,0,0,2.98207e+07,-1.27325e+06,1.27325e+06,1.29193e+07
0,0,0,0,0,2.98254e+07,-1.27345e+06,1.27345e+06,1.29193e+07
0,0,0,0,0,2.983e+07,-1.27365e+06,1.27365e+06,1.29193e+07
0,0,0,0,0,2.99929e+07,0,0,1.29193e+07
0,0,0,0,0,2.99976e+07,0,0,1.29193e+07
0,0,0,0,0,3.00024e+07,0,0,1.29193e+07
0,0,0,0,0,3.00071e+07,0,0,1.29193e+07
0,0,0,0,0,2.73805e+07,0,0,1.29193e+07
0,0,0,0,0,2.74385e+07,-34471.5,34471.5,1.29193e+07
0,0,0,0,0,2.74417e+07,-33775,33775,1.29193e+07
0,0,0,0,0,2.74449e+07,-33078.4,33078.4,1.29193e+07
0,0,0,0,0,2.74481e+07,-32381.8,32381.8,1.29193e+07
0,0,0,0,0,2.8323e+07,-31685.2,31685.2,1.29193e+07
0,0,0,0,0,2.82778e+07,0,0,1.29193e+07
0,0,0,0,0,2.8282e+07,0,0,1.29193e+07
0,0,0,0,0,2.82861e+07,0,0,1.29193e+07
0,0,0,0,0,3.0042e+07,-1.2827e+06,1.2827e+06,1.29193e+07
0,0,0,0,0,3.00464e+07,-1.28289e+06,1.28289e+06,1.29193e+07
0,0,0,0,0,3.00508e+07,-1.28307e+06,1.28307e+06,1.29193e+07
0,0,0,0,0,3.00552e+07,-1.28326e+06,1.28326e+06,1.29193e+07
0,0,0,0,0,2.71486e+07,0,0,1.29193e+07
0,0,0,0,0,2.72561e+07,-66549.1,66549.1,1.29193e+07
0,0,0,0,0,2.72591e+07,-65904.9,65904.9,1.29193e+07
0,0,0,0,0,2.6706e+07,-621350,621350,1.29193e+07
0,0,0,0,0,2.67089e+07,-620788,620788,1.29193e+07
0,0,0,0,0,2.83092e+07,-63972.2,63972.2,1.29193e+07
0,0,0,0,0,2.82138e+07,0,0,1.29193e+07
0,0,0,0,0,2.8218e+07,0,0,1.29193e+07
0,0,0,0,0,2.82221e+07,0,0,1.29193e+07
0,0,0,0,0,2.78203e+07,0,0,1.29193e+07
0,0,0,0,0,2.78243e+07,0,0,1.29193e+07
0,0,0,0,0,2.78284e+07,0,0,1.29193e+07
0,0,0,0,0,2.78325e+07,0,0,1.29193e+07
0,0,0,0,0,2.92468e+07,0,0,1.29193e+07
0,0,0,0,0,2.9251e+07,0,0,1.29193e+07
0,0,0,0,0,2.92553e+07,0,0,1.29193e+07
0,0,0,0,0,2.92596e+07,0,0,1.29193e+07
0,0,0,0,0,2.92639e+07,0,0,1.29193e+07
0,0,0,0,0,2.95363e+07,0,0,1.29193e+07
0,0,0,0,0,2.95407e+07,0,0,1.29193e+07
0,0,0,0,0,2.9545e+07,0,0,1.29193e+07
0,0,0,0,0,2.95493e+07,0,0,1.29193e+07
0,0,0,0,0,2.90204e+07,-1.23908e+06,1.23908e+06,1.29193e+07
0,0,0,0,0,2.90246e+07,-1.23926e+06,1.23926e+06,1.29193e+07
0,0,0,0,0,2.90289e+07,-1.23944e+06,1.23944e+06,1.29193e+07
0,0,0,0,0,2.90331e+07,-1.23962e+06,1.23962e+06,1.29193e+07
0,0,0,0,0,3.12555e+07,-1.33451e+06,1.33451e+06,1.29193e+07
0,0,0,0,0,3.126e+07,-1.3347e+06,1.3347e+06,1.29193e+07
0,0,0,0,0,3.12646e+07,-1.3349e+06,1.3349e+06,1.29193e+07
0,0,0,0,0,3.12692e+07,-1.33509e+06,1.33509e+06,1.29193e+07
0,0,0,0,0,3.12738e+07,-1.33529e+06,1.33529e+06,1.29193e+07
0,0,0,0,0,3.00478e+07,-1.28294e+06,1.28294e+06,1.29193e+07
0,0,0,0,0,3.00521e+07,-1.28313e+06,1.28313e+06,1.29193e+07
0,0,0,0,0,3.00565e+07,-1.28332e+06,1.28332e+06,1.29193e+07
0,0,0,0,0,3.00609e+07,-1.2835e+06,1.2835e+06,1.29193e+07
0,0,0,0,0,3.02248e+07,0,0,1.29193e+07
0,0,0,0,0,3.02292e+07,0,0,1.29193e+07
0,0,0,0,0,3.02336e+07,0,0,1.29193e+07
0,0,0,0,0,3.0238e+07,0,0,1.29193e+07
0,0,0,0,0,2.75909e+07,0,0,1.29193e+07
0,0,0,0,0,2.75956e+07,-441.203,441.203,1.29193e+07
0,0,0,0,0,2.7599e+07,0,0,1.29193e+07
0,0,0,0,0,2.7603e+07,0,0,1.29193e+07
0,0,0,0,0,2.76071e+07,0,0,1.29193e+07
0,0,0,0,0,2.84894e+07,0,0,1.29193e+07
0,0,0,0,0,2.84932e+07,0,0,1.29193e+07
0,0,0,0,0,2.84971e+07,0,0,1.29193e+07
0,0,0,0,0,2.8501e+07,0,0,1.29193e+07
0,0,0,0,0,3.02699e+07,-1.29243e+06,1.29243e+06,1.29193e+07
0,0,0,0,0,3.0274e+07,-1.2926e+06,1.2926e+06,1.29193e+07
0,0,0,0,0,3.02782e+07,-1.29278e+06,1.29278e+06,1.29193e+07
0,0,0,0,0,3.02823e+07,-1.29295e+06,1.29295e+06,1.29193e+07
0,0,0,0,0,2.73533e+07,0,0,1.29193e+07
0,0,0,0,0,2.7409e+07,-33390.8,33390.8,1.29193e+07
0,0,0,0,0,2.74118e+07,-32789.5,32789.5,1.29193e+07
0,0,0,0,0,2.68543e+07,-592454,592454,1.29193e+07
0,0,0,0,0,2.74173e+07,-31587.1,31587.1,1.29193e+07
0,0,0,0,0,2.84692e+07,-30985.5,30985.5,1.29193e+07
0,0,0,0,0,2.84248e+07,0,0,1.29193e+07
0,0,0,0,0,2.84287e+07,0,0,1.29193e+07
0,0,0,0,0,2.84325e+07,0,0,1.29193e+07
0,0,0,0,0,2.80274e+07,0,0,1.29193e+07
0,0,0,0,0,2.80312e+07,0,0,1.29193e+07
0,0,0,0,0,2.8035e+07,0,0,1.29193e+07
0,0,0,0,0,2.80388e+07,0,0,1.29193e+07
0,0,0,0,0,2.94632e+07,0,0,1.29193e+07
0,0,0,0,0,2.94672e+07,0,0,1.29193e+07
0,0,0,0,0,2.94712e+07,0,0,1.29193e+07
0,0,0,0,0,2.94752e+07,0,0,1.29193e+07
0,0,0,0,0,2.88756e+07,-603563,603563,1.29193e+07
0,0,0,0,0,2.91442e+07,-609176,609176,1.29193e+07
0,0,0,0,0,2.97574e+07,0,0,1.29193e+07
0,0,0,0,0,2.97614e+07,0,0,1.29193e+07
0,0,0,0,0,2.97655e+07,0,0,1.29193e+07
0,0,0,0,0,2.92324e+07,-1.24813e+06,1.24813e+06,1.29193e+07
0,0,0,0,0,2.92363e+07,-1.2483e+06,1.2483e+06,1.29193e+07
0,0,0,0,0,2.92403e+07,-1.24847e+06,1.24847e+06,1.29193e+07
0,0,0,0,0,2.92443e+07,-1.24864e+06,1.24864e+06,1.29193e+07
0,0,0,0,0,3.14824e+07,-1.3442e+06,1.3442e+06,1.29193e+07
0,0,0,0,0,3.14867e+07,-1.34438e+06,1.34438e+06,1.29193e+07
0,0,0,0,0,3.14909e+07,-1.34456e+06,1.34456e+06,1.29193e+07
0,0,0,0,0,3.14952e+07,-1.34474e+06,1.34474e+06,1.29193e+07
0,0,0,0,0,3.14995e+07,-1.34493e+06,1.34493e+06,1.29193e+07
0,0,0,0,0,3.02643e+07,-1.29219e+06,1.29219e+06,1.29193e+07
0,0,0,0,0,3.02684e+07,-1.29236e+06,1.29236e+06,1.29193e+07
0,0,0,0,0,3.02725e+07,-1.29254e+06,1.29254e+06,1.29193e+07
0,0,0,0,0,3.02766e+07,-1.29271e+06,1.29271e+06,1.29193e+07
0,0,0,0,0,2.91947e+07,-1.24652e+06,1.24652e+06,1.29193e+07
0,0,0,0,0,2.91987e+07,-1.24669e+06,1.24669e+06,1.29193e+07
0,0,0,0,0,2.92027e+07,-1.24686e+06,1.24686e+06,1.29193e+07
0,0,0,0,0,2.92066e+07,-1.24703e+06,1.24703e+06,1.29193e+07
0,0,0,0,0,2.77874e+07,0,0,1.29193e+07
0,0,0,0,0,2.77911e+07,0,0,1.29193e+07
0,0,0,0,0,2.77949e+07,0,0,1.29193e+07
0,0,0,0,0,2.77987e+07,0,0,1.29193e+07
0,0,0,0,0,2.78024e+07,0,0,1.29193e+07
0,0,0,0,0,2.78024e+07,0,0,1.29193e+07
0,0,0,0,0,2.86907e+07,0,0,1.29193e+07
0,0,0,0,0,2.86943e+07,0,0,1.29193e+07
0,0,0,0,0,2.86979e+07,0,0,1.29193e+07
0,0,0,0,0,2.87015e+07,0,0,1.29193e+07
0,0,0,0,0,3.04826e+07,-1.30151e+06,1.30151e+06,1.29193e+07
0,0,0,0,0,3.04864e+07,-1.30167e+06,1.30167e+06,1.29193e+07
0,0,0,0,0,3.04902e+07,-1.30183e+06,1.30183e+06,1.29193e+07
0,0,0,0,0,3.0494e+07,-1.302e+06,1.302e+06,1.29193e+07
0,0,0,0,0,2.75443e+07,0,0,1.29193e+07
0,0,0,0,0,2.75478e+07,0,0,1.29193e+07
0,0,0,0,0,2.75512e+07,0,0,1.29193e+07
0,0,0,0,0,2.75547e+07,0,0,1.29193e+07
0,0,0,0,0,2.75581e+07,0,0,1.29193e+07
0,0,0,0,0,2.86179e+07,0,0,1.29193e+07
0,0,0,0,0,2.86215e+07,0,0,1.29193e+07
0,0,0,0,0,2.8625e+07,0,0,1.29193e+07
0,0,0,0,0,2.86286e+07,0,0,1.29193e+07
0,0,0,0,0,2.82204e+07,0,0,1.29193e+07
0,0,0,0,0,2.82239e+07,0,0,1.29193e+07
0,0,0,0,0,2.82275e+07,0,0,1.29193e+07
0,0,0,0,0,2.8231e+07,0,0,1.29193e+07
0,0,0,0,0,2.96649e+07,0,0,1.29193e+07
0,0,0,0,0,2.96686e+07,0,0,1.29193e+07
0,0,0,0,0,2.96723e+07,0,0,1.29193e+07
0,0,0,0,0,2.9676e+07,0,0,1.29193e+07
0,0,0,0,0,2.96797e+07,0,0,1.29193e+07
0,0,0,0,0,2.99554e+07,0,0,1.29193e+07
0,0,0,0,0,2.99592e+07,0,0,1.29193e+07
0,0,0,0,0,2.99629e+07,0,0,1.29193e+07
0,0,0,0,0,2.99667e+07,0,0,1.29193e+07
0,0,0,0,0,2.94296e+07,-1.25655e+06,1.25655e+06,1.29193e+07
0,0,0,0,0,2.94333e+07,-1.25671e+06,1.25671e+06,1.29193e+07
0,0,0,0,0,2.9437e+07,-1.25687e+06,1.25687e+06,1.29193e+07
0,0,0,0,0,2.94407e+07,-1.25702e+06,1.25702e+06,1.29193e+07
0,0,0,0,0,3.16935e+07,-1.35321e+06,1.35321e+06,1.29193e+07
0,0,0,0,0,3.16975e+07,-1.35338e+06,1.35338e+06,1.29193e+07
0,0,0,0,0,3.17015e+07,-1.35355e+06,1.35355e+06,1.29193e+07
0,0,0,0,0,3.17054e+07,-1.35372e+06,1.35372e+06,1.29193e+07
0,0,0,0,0,3.17094e+07,-1.35389e+06,1.35389e+06,1.29193e+07
0,0,0,0,0,3.04657e+07,-1.30079e+06,1.30079e+06,1.29193e+07
0,0,0,0,0,3.04695e+07,-1.30095e+06,1.30095e+06,1.29193e+07
0,0,0,0,0,3.04733e+07,-1.30111e+06,1.30111e+06,1.29193e+07
0,0,0,0,0,3.04771e+07,-1.30127e+06,1.30127e+06,1.29193e+07
0,0,0,0,0,2.93878e+07,-1.25476e+06,1.25476e+06,1.29193e+07
0,0,0,0,0,2.93914e+07,-1.25492e+06,1.25492e+06,1.29193e+07
0,0,0,0,0,2.93951e+07,-1.25508e+06,1.25508e+06,1.29193e+07
0,0,0,0,0,2.93988e+07,-1.25523e+06,1.25523e+06,1.29193e+07
0,0,0,0,0,2.79699e+07,0,0,1.29193e+07
0,0,0,0,0,2.79734e+07,0,0,1.29193e+07
0,0,0,0,0,2.79769e+07,0,0,1.29193e+07
0,0,0,0,0,2.79804e+07,0,0,1.29193e+07
0,0,0,0,0,2.79839e+07,0,0,1.29193e+07
0,0,0,0,0,2.88777e+07,0,0,1.29193e+07
0,0,0,0,0,2.8881e+07,0,0,1.29193e+07
0,0,0,0,0,2.88843e+07,0,0,1.29193e+07
0,0,0,0,0,2.88876e+07,0,0,1.29193e+07
0,0,0,0,0,3.06799e+07,-1.30993e+06,1.30993e+06,1.29193e+07
0,0,0,0,0,3.06835e+07,-1.31008e+06,1.31008e+06,1.29193e+07
0,0,0,0,0,3.0687e+07,-1.31023e+06,1.31023e+06,1.29193e+07
0,0,0,0,0,3.06905e+07,-1.31039e+06,1.31039e+06,1.29193e+07
0,0,0,0,0,2.77215e+07,0,0,1.29193e+07
0,0,0,0,0,2.77247e+07,0,0,1.29193e+07
0,0,0,0,0,2.77279e+07,0,0,1.29193e+07
0,0,0,0,0,2.77311e+07,0,0,1.29193e+07
0,0,0,0,0,2.77343e+07,0,0,1.29193e+07
0,0,0,0,0,2.88005e+07,0,0,1.29193e+07
0,0,0,0,0,2.88038e+07,0,0,1.29193e+07
0,0,0,0,0,2.88071e+07,0,0,1.29193e+07
0,0,0,0,0,2.88104e+07,0,0,1.29193e+07
0,0,0,0,0,2.83993e+07,0,0,1.29193e+07
0,0,0,0,0,2.84026e+07,0,0,1.29193e+07
0,0,0,0,0,2.84058e+07,0,0,1.29193e+07
0,0,0,0,0,2.84091e+07,0,0,1.29193e+07
0,0,0,0,0,2.98517e+07,0,0,1.29193e+07
0,0,0,0,0,2.98551e+07,0,0,1.29193e+07
0,0,0,0,0,2.98586e+07,0,0,1.29193e+07
0,0,0,0,0,2.9862e+07,0,0,1.29193e+07
0,0,0,0,0,2.98654e+07,0,0,1.29193e+07
0,0,0,0,0,2.89082e+07,-1.23429e+06,1.23429e+06,1.29193e+07
0,0,0,0,0,2.89115e+07,-1.23443e+06,1.23443e+06,1.29193e+07
0,0,0,0,0,2.89149e+07,-1.23457e+06,1.23457e+06,1.29193e+07
0,0,0,0,0,2.89182e+07,-1.23471e+06,1.23471e+06,1.29193e+07
0,0,0,0,0,2.96122e+07,-1.26435e+06,1.26435e+06,1.29193e+07
0,0,0,0,0,2.96156e+07,-1.26449e+06,1.26449e+06,1.29193e+07
0,0,0,0,0,2.9619e+07,-1.26464e+06,1.26464e+06,1.29193e+07
0,0,0,0,0,2.96224e+07,-1.26478e+06,1.26478e+06,1.29193e+07
0,0,0,0,0,3.18889e+07,-1.36155e+06,1.36155e+06,1.29193e+07
0,0,0,0,0,3.18925e+07,-1.36171e+06,1.36171e+06,1.29193e+07
0,0,0,0,0,3.18962e+07,-1.36186e+06,1.36186e+06,1.29193e+07
0,0,0,0,0,3.18999e+07,-1.36202e+06,1.36202e+06,1.29193e+07
0,0,0,0,0,3.19035e+07,-1.36218e+06,1.36218e+06,1.29193e+07
0,0,0,0,0,3.06519e+07,-1.30874e+06,1.30874e+06,1.29193e+07
0,0,0,0,0,3.06554e+07,-1.30889e+06,1.30889e+06,1.29193e+07
0,0,0,0,0,3.06589e+07,-1.30904e+06,1.30904e+06,1.29193e+07
0,0,0,0,0,3.06624e+07,-1.30919e+06,1.30919e+06,1.29193e+07
0,0,0,0,0,2.95662e+07,-1.26238e+06,1.26238e+06,1.29193e+07
0,0,0,0,0,2.95695e+07,-1.26252e+06,1.26252e+06,1.29193e+07
0,0,0,0,0,2.95729e+07,-1.26267e+06,1.26267e+06,1.29193e+07
0,0,0,0,0,2.95763e+07,-1.26281e+06,1.26281e+06,1.29193e+07
0,0,0,0,0,2.81385e+07,0,0,1.29193e+07
0,0,0,0,0,2.81418e+07,0,0,1.29193e+07
0,0,0,0,0,2.8145e+07,0,0,1.29193e+07
0,0,0,0,0,2.81482e+07,0,0,1.29193e+07
0,0,0,0,0,2.81514e+07,0,0,1.29193e+07
0,0,0,0,0,2.90503e+07,0,0,1.29193e+07
0,0,0,0,0,2.90533e+07,0,0,1.29193e+07
0,0,0,0,0,2.90564e+07,0,0,1.29193e+07
0,0,0,0,0,2.90594e+07,0,0,1.29193e+07
0,0,0,0,0,3.0862e+07,-1.31771e+06,1.31771e+06,1.29193e+07
0,0,0,0,0,3.08653e+07,-1.31785e+06,1.31785e+06,1.29193e+07
0,0,0,0,0,3.08685e+07,-1.31799e+06,1.31799e+06,1.29193e+07
0,0,0,0,0,3.08717e+07,-1.31812e+06,1.31812e+06,1.29193e+07
0,0,0,0,0,2.78849e+07,0,0,1.29193e+07
0,0,0,0,0,2.78879e+07,0,0,1.29193e+07
0,0,0,0,0,2.78908e+07,0,0,1.29193e+07
0,0,0,0,0,2.78937e+07,0,0,1.29193e+07
0,0,0,0,0,2.78966e+07,0,0,1.29193e+07
0,0,0,0,0,2.89688e+07,0,0,1.29193e+07
0,0,0,0,0,2.89719e+07,0,0,1.29193e+07
0,0,0,0,0,2.89749e+07,0,0,1.29193e+07
0,0,0,0,0,2.89779e+07,0,0,1.29193e+07
0,0,0,0,0,2.85641e+07,0,0,1.29193e+07
0,0,0,0,0,2.85671e+07,0,0,1.29193e+07
0,0,0,0,0,2.85701e+07,0,0,1.29193e+07
0,0,0,0,0,2.85731e+07,0,0,1.29193e+07
0,0,0,0,0,3.00237e+07,0,0,1.29193e+07
0,0,0,0,0,3.00269e+07,0,0,1.29193e+07
0,0,0,0,0,3.003e+07,0,0,1.29193e+07
0,0,0,0,0,3.00332e+07,0,0,1.29193e+07
0,0,0,0,0,3.00363e+07,0,0,1.29193e+07
0,0,0,0,0,2.90734e+07,-1.24134e+06,1.24134e+06,1.29193e+07
0,0,0,0,0,2.90764e+07,-1.24147e+06,1.24147e+06,1.29193e+07
0,0,0,0,0,2.90795e+07,-1.2416e+06,1.2416e+06,1.29193e+07
0,0,0,0,0,2.90825e+07,-1.24173e+06,1.24173e+06,1.29193e+07
0,0,0,0,0,2.97802e+07,-1.27152e+06,1.27152e+06,1.29193e+07
0,0,0,0,0,2.97833e+07,-1.27165e+06,1.27165e+06,1.29193e+07
0,0,0,0,0,2.97864e+07,-1.27178e+06,1.27178e+06,1.29193e+07
0,0,0,0,0,2.97896e+07,-1.27192e+06,1.27192e+06,1.29193e+07
0,0,0,0,0,3.20684e+07,-1.36922e+06,1.36922e+06,1.29193e+07
0,0,0,0,0,3.20718e+07,-1.36936e+06,1.36936e+06,1.29193e+07
0,0,0,0,0,3.20752e+07,-1.36951e+06,1.36951e+06,1.29193e+07
0,0,0,0,0,3.20785e+07,-1.36965e+06,1.36965e+06,1.29193e+07
0,0,0,0,0,3.20819e+07,-1.36979e+06,1.36979e+06,1.29193e+07
0,0,0,0,0,3.08229e+07,-1.31604e+06,1.31604e+06,1.29193e+07
0,0,0,0,0,3.08261e+07,-1.31618e+06,1.31618e+06,1.29193e+07
0,0,0,0,0,3.08294e+07,-1.31631e+06,1.31631e+06,1.29193e+07
0,0,0,0,0,3.08326e+07,-1.31645e+06,1.31645e+06,1.29193e+07
0,0,0,0,0,2.97299e+07,-1.26937e+06,1.26937e+06,1.29193e+07
0,0,0,0,0,2.97331e+07,-1.26951e+06,1.26951e+06,1.29193e+07
0,0,0,0,0,2.97362e+07,-1.26964e+06,1.26964e+06,1.29193e+07
0,0,0,0,0,2.97393e+07,-1.26977e+06,1.26977e+06,1.29193e+07
0,0,0,0,0,2.82933e+07,0,0,1.29193e+07
0,0,0,0,0,2.82962e+07,0,0,1.29193e+07
0,0,0,0,0,2.82992e+07,0,0,1.29193e+07
0,0,0,0,0,2.83022e+07,0,0,1.29193e+07
0,0,0,0,0,2.83051e+07,0,0,1.29193e+07
0,0,0,0,0,2.92086e+07,0,0,1.29193e+07
0,0,0,0,0,2.92113e+07,0,0,1.29193e+07
0,0,0,0,0,2.92141e+07,0,0,1.29193e+07
0,0,0,0,0,2.92169e+07,0,0,1.29193e+07
0,0,0,0,0,3.1029e+07,-1.32484e+06,1.32484e+06,1.29193e+07
0,0,0,0,0,3.10319e+07,-1.32496e+06,1.32496e+06,1.29193e+07
0,0,0,0,0,3.10349e+07,-1.32509e+06,1.32509e+06,1.29193e+07
0,0,0,0,0,3.10378e+07,-1.32522e+06,1.32522e+06,1.29193e+07
0,0,0,0,0,2.80347e+07,0,0,1.29193e+07
0,0,0,0,0,2.80374e+07,0,0,1.29193e+07
0,0,0,0,0,2.804e+07,0,0,1.29193e+07
0,0,0,0,0,2.80427e+07,0,0,1.29193e+07
0,0,0,0,0,2.80453e+07,0,0,1.29193e+07
0,0,0,0,0,2.9123e+07,0,0,1.29193e+07
0,0,0,0,0,2.91257e+07,0,0,1.29193e+07
0,0,0,0,0,2.91285e+07,0,0,1.29193e+07
0,0,0,0,0,2.91312e+07,0,0,1.29193e+07
0,0,0,0,0,2.8715e+07,0,0,1.29193e+07
0,0,0,0,0,2.87177e+07,0,0,1.29193e+07
0,0,0,0,0,2.87204e+07,0,0,1.29193e+07
0,0,0,0,0,2.87232e+07,0,0,1.29193e+07
0,0,0,0,0,3.01811e+07,0,0,1.29193e+07
0,0,0,0,0,3.0184e+07,0,0,1.29193e+07
0,0,0,0,0,3.01868e+07,0,0,1.29193e+07
0,0,0,0,0,3.01897e+07,0,0,1.29193e+07
0,0,0,0,0,3.01926e+07,0,0,1.29193e+07
0,0,0,0,0,2.92243e+07,-1.24778e+06,1.24778e+06,1.29193e+07
0,0,0,0,0,2.92271e+07,-1.2479e+06,1.2479e+06,1.29193e+07
0,0,0,0,0,2.92299e+07,-1.24802e+06,1.24802e+06,1.29193e+07
0,0,0,0,0,2.92326e+07,-1.24814e+06,1.24814e+06,1.29193e+07
0,0,0,0,0,2.99337e+07,-1.27807e+06,1.27807e+06,1.29193e+07
0,0,0,0,0,2.99365e+07,-1.27819e+06,1.27819e+06,1.29193e+07
0,0,0,0,0,2.99393e+07,-1.27831e+06,1.27831e+06,1.29193e+07
0,0,0,0,0,2.99422e+07,-1.27843e+06,1.27843e+06,1.29193e+07
0,0,0,0,0,3.22324e+07,-1.37622e+06,1.37622e+06,1.29193e+07
0,0,0,0,0,3.22355e+07,-1.37635e+06,1.37635e+06,1.29193e+07
0,0,0,0,0,3.22385e+07,-1.37648e+06,1.37648e+06,1.29193e+07
0,0,0,0,0,3.22416e+07,-1.37661e+06,1.37661e+06,1.29193e+07
0,0,0,0,0,3.22447e+07,-1.37674e+06,1.37674e+06,1.29193e+07
0,0,0,0,0,3.0979e+07,-1.3227e+06,1.3227e+06,1.29193e+07
0,0,0,0,0,3.09819e+07,-1.32283e+06,1.32283e+06,1.29193e+07
0,0,0,0,0,3.09849e+07,-1.32295e+06,1.32295e+06,1.29193e+07
0,0,0,0,0,3.09878e+07,-1.32308e+06,1.32308e+06,1.29193e+07
0,0,0,0,0,2.98793e+07,-1.27575e+06,1.27575e+06,1.29193e+07
0,0,0,0,0,2.98822e+07,-1.27587e+06,1.27587e+06,1.29193e+07
0,0,0,0,0,2.9885e+07,-1.27599e+06,1.27599e+06,1.29193e+07
0,0,0,0,0,2.98878e+07,-1.27611e+06,1.27611e+06,1.29193e+07
0,0,0,0,0,2.84343e+07,0,0,1.29193e+07
0,0,0,0,0,2.8437e+07,0,0,1.29193e+07
0,0,0,0,0,2.84397e+07,0,0,1.29193e+07
0,0,0,0,0,2.84424e+07,0,0,1.29193e+07
0,0,0,0,0,2.84451e+07,0,0,1.29193e+07
0,0,0,0,0,2.93527e+07,0,0,1.29193e+07
0,0,0,0,0,2.93552e+07,0,0,1.29193e+07
0,0,0,0,0,2.93577e+07,0,0,1.29193e+07
0,0,0,0,0,2.93602e+07,0,0,1.29193e+07
0,0,0,0,0,3.11809e+07,-1.33133e+06,1.33133e+06,1.29193e+07
0,0,0,0,0,3.11836e+07,-1.33144e+06,1.33144e+06,1.29193e+07
0,0,0,0,0,3.11863e+07,-1.33155e+06,1.33155e+06,1.29193e+07
0,0,0,0,0,3.11889e+07,-1.33167e+06,1.33167e+06,1.29193e+07
0,0,0,0,0,2.81709e+07,0,0,1.29193e+07
0,0,0,0,0,2.81733e+07,0,0,1.29193e+07
0,0,0,0,0,2.81757e+07,0,0,1.29193e+07
0,0,0,0,0,2.81781e+07,0,0,1.29193e+07
0,0,0,0,0,2.81805e+07,0,0,1.29193e+07
0,0,0,0,0,2.9263e+07,0,0,1.29193e+07
0,0,0,0,0,2.92655e+07,0,0,1.29193e+07
0,0,0,0,0,2.9268e+07,0,0,1.29193e+07
0,0,0,0,0,2.92705e+07,0,0,1.29193e+07
0,0,0,0,0,2.8852e+07,0,0,1.29193e+07
0,0,0,0,0,2.88544e+07,0,0,1.29193e+07
0,0,0,0,0,2.88569e+07,0,0,1.29193e+07
0,0,0,0,0,2.88593e+07,0,0,1.29193e+07
0,0,0,0,0,3.03239e+07,0,0,1.29193e+07
0,0,0,0,0,3.03265e+07,0,0,1.29193e+07
0,0,0,0,0,3.03291e+07,0,0,1.29193e+07
0,0,0,0,0,3.03317e+07,0,0,1.29193e+07
0,0,0,0,0,3.03343e+07,0,0,1.29193e+07
0,0,0,0,0,2.93612e+07,-1.25363e+06,1.25363e+06,1.29193e+07
0,0,0,0,0,2.93637e+07,-1.25373e+06,1.25373e+06,1.29193e+07
0,0,0,0,0,2.93662e+07,-1.25384e+06,1.25384e+06,1.29193e+07
0,0,0,0,0,2.93687e+07,-1.25395e+06,1.25395e+06,1.29193e+07
0,0,0,0,0,3.00727e+07,-1.28401e+06,1.28401e+06,1.29193e+07
0,0,0,0,0,3.00752e+07,-1.28411e+06,1.28411e+06,1.29193e+07
0,0,0,0,0,3.00778e+07,-1.28422e+06,1.28422e+06,1.29193e+07
0,0,0,0,0,3.00803e+07,-1.28433e+06,1.28433e+06,1.29193e+07
0,0,0,0,0,3.23809e+07,-1.38256e+06,1.38256e+06,1.29193e+07
0,0,0,0,0,3.23836e+07,-1.38268e+06,1.38268e+06,1.29193e+07
0,0,0,0,0,3.23864e+07,-1.38279e+06,1.38279e+06,1.29193e+07
0,0,0,0,0,3.23891e+07,-1.38291e+06,1.38291e+06,1.29193e+07
0,0,0,0,0,3.23919e+07,-1.38303e+06,1.38303e+06,1.29193e+07
0,0,0,0,0,3.11201e+07,-1.32873e+06,1.32873e+06,1.29193e+07
0,0,0,0,0,3.11228e+07,-1.32884e+06,1.32884e+06,1.29193e+07
0,0,0,0,0,3.11255e+07,-1.32896e+06,1.32896e+06,1.29193e+07
0,0,0,0,0,3.11281e+07,-1.32907e+06,1.32907e+06,1.29193e+07
0,0,0,0,0,3.00143e+07,-1.28151e+06,1.28151e+06,1.29193e+07
0,0,0,0,0,3.00169e+07,-1.28162e+06,1.28162e+06,1.29193e+07
0,0,0,0,0,3.00194e+07,-1.28173e+06,1.28173e+06,1.29193e+07
0,0,0,0,0,3.0022e+07,-1.28184e+06,1.28184e+06,1.29193e+07
0,0,0,0,0,2.85617e+07,0,0,1.29193e+07
0,0,0,0,0,2.85641e+07,0,0,1.29193e+07
0,0,0,0,0,2.85665e+07,0,0,1.29193e+07
0,0,0,0,0,2.8569e+07,0,0,1.29193e+07
0,0,0,0,0,2.85714e+07,0,0,1.29193e+07
0,0,0,0,0,2.94828e+07,0,0,1.29193e+07
0,0,0,0,0,2.9485e+07,0,0,1.29193e+07
0,0,0,0,0,2.94872e+07,0,0,1.29193e+07
0,0,0,0,0,2.94895e+07,0,0,1.29193e+07
0,0,0,0,0,3.13179e+07,-1.33717e+06,1.33717e+06,1.29193e+07
0,0,0,0,0,3.13202e+07,-1.33727e+06,1.33727e+06,1.29193e+07
0,0,0,0,0,3.13226e+07,-1.33737e+06,1.33737e+06,1.29193e+07
0,0,0,0,0,3.1325e+07,-1.33748e+06,1.33748e+06,1.29193e+07
0,0,0,0,0,2.82935e+07,0,0,1.29193e+07
0,0,0,0,0,2.82956e+07,0,0,1.29193e+07
0,0,0,0,0,2.82978e+07,0,0,1.29193e+07
0,0,0,0,0,2.82999e+07,0,0,1.29193e+07
0,0,0,0,0,2.83021e+07,0,0,1.29193e+07
0,0,0,0,0,2.9389e+07,0,0,1.29193e+07
0,0,0,0,0,2.93912e+07,0,0,1.29193e+07
0,0,0,0,0,2.93934e+07,0,0,1.29193e+07
0,0,0,0,0,2.93956e+07,0,0,1.29193e+07
0,0,0,0,0,2.8975e+07,0,0,1.29193e+07
0,0,0,0,0,2.89772e+07,0,0,1.29193e+07
0,0,0,0,0,2.89794e+07,0,0,1.29193e+07
0,0,0,0,0,2.89816e+07,0,0,1.29193e+07
0,0,0,0,0,3.04521e+07,0,0,1.29193e+07
0,0,0,0,0,3.04544e+07,0,0,1.29193e+07
0,0,0,0,0,3.04567e+07,0,0,1.29193e+07
0,0,0,0,0,3.0459e+07,0,0,1.29193e+07
0,0,0,0,0,3.04613e+07,0,0,1.29193e+07
0,0,0,0,0,2.94838e+07,-1.25887e+06,1.25887e+06,1.29193e+07
0,0,0,0,0,2.94861e+07,-1.25896e+06,1.25896e+06,1.29193e+07
0,0,0,0,0,2.94883e+07,-1.25906e+06,1.25906e+06,1.29193e+07
0,0,0,0,0,2.94905e+07,-1.25915e+06,1.25915e+06,1.29193e+07
0,0,0,0,0,3.01971e+07,-1.28932e+06,1.28932e+06,1.29193e+07
0,0,0,0,0,3.01994e+07,-1.28942e+06,1.28942e+06,1.29193e+07
0,0,0,0,0,3.02017e+07,-1.28952e+06,1.28952e+06,1.29193e+07
0,0,0,0,0,3.0204e+07,-1.28961e+06,1.28961e+06,1.29193e+07
0,0,0,0,0,3.25136e+07,-1.38823e+06,1.38823e+06,1.29193e+07
0,0,0,0,0,3.25161e+07,-1.38833e+06,1.38833e+06,1.29193e+07
0,0,0,0,0,3.25185e+07,-1.38844e+06,1.38844e+06,1.29193e+07
0,0,0,0,0,3.2521e+07,-1.38854e+06,1.38854e+06,1.29193e+07
0,0,0,0,0,3.25235e+07,-1.38865e+06,1.38865e+06,1.29193e+07
0,0,0,0,0,3.12463e+07,-1.33411e+06,1.33411e+06,1.29193e+07
0,0,0,0,0,3.12486e+07,-1.33422e+06,1.33422e+06,1.29193e+07
0,0,0,0,0,3.1251e+07,-1.33432e+06,1.33432e+06,1.29193e+07
0,0,0,0,0,3.12533e+07,-1.33442e+06,1.33442e+06,1.29193e+07
0,0,0,0,0,3.01348e+07,-1.28666e+06,1.28666e+06,1.29193e+07
0,0,0,0,0,3.0137e+07,-1.28675e+06,1.28675e+06,1.29193e+07
0,0,0,0,0,3.01393e+07,-1.28685e+06,1.28685e+06,1.29193e+07
0,0,0,0,0,3.01416e+07,-1.28695e+06,1.28695e+06,1.29193e+07
0,0,0,0,0,2.86752e+07,0,0,1.29193e+07
0,0,0,0,0,2.86774e+07,0,0,1.29193e+07
0,0,0,0,0,2.86795e+07,0,0,1.29193e+07
0,0,0,0,0,2.86817e+07,0,0,1.29193e+07
0,0,0,0,0,2.86839e+07,0,0,1.29193e+07
0,0,0,0,0,2.86839e+07,0,0,1.29193e+07
0,0,0,0,0,2.95985e+07,0,0,1.29193e+07
0,0,0,0,0,2.96005e+07,0,0,1.29193e+07
0,0,0,0,0,2.96024e+07,0,0,1.29193e+07
0,0,0,0,0,2.96044e+07,0,0,1.29193e+07
0,0,0,0,0,3.14396e+07,-1.34237e+06,1.34237e+06,1.29193e+07
0,0,0,0,0,3.14417e+07,-1.34246e+06,1.34246e+06,1.29193e+07
0,0,0,0,0,3.14438e+07,-1.34255e+06,1.34255e+06,1.29193e+07
0,0,0,0,0,3.14459e+07,-1.34264e+06,1.34264e+06,1.29193e+07
0,0,0,0,0,2.84024e+07,0,0,1.29193e+07
0,0,0,0,0,2.84043e+07,0,0,1.29193e+07
0,0,0,0,0,2.84062e+07,0,0,1.29193e+07
0,0,0,0,0,2.84081e+07,0,0,1.29193e+07
0,0,0,0,0,2.84099e+07,0,0,1.29193e+07
0,0,0,0,0,2.95007e+07,0,0,1.29193e+07
0,0,0,0,0,2.95027e+07,0,0,1.29193e+07
0,0,0,0,0,2.95046e+07,0,0,1.29193e+07
0,0,0,0,0,2.95065e+07,0,0,1.29193e+07
0,0,0,0,0,2.90841e+07,0,0,1.29193e+07
0,0,0,0,0,2.9086e+07,0,0,1.29193e+07
0,0,0,0,0,2.90879e+07,0,0,1.29193e+07
0,0,0,0,0,2.90898e+07,0,0,1.29193e+07
0,0,0,0,0,3.05655e+07,0,0,1.29193e+07
0,0,0,0,0,3.05676e+07,0,0,1.29193e+07
0,0,0,0,0,3.05696e+07,0,0,1.29193e+07
0,0,0,0,0,3.05716e+07,0,0,1.29193e+07
0,0,0,0,0,3.05736e+07,0,0,1.29193e+07
0,0,0,0,0,2.95923e+07,-1.26349e+06,1.26349e+06,1.29193e+07
0,0,0,0,0,2.95942e+07,-1.26358e+06,1.26358e+06,1.29193e+07
0,0,0,0,0,2.95962e+07,-1.26366e+06,1.26366e+06,1.29193e+07
0,0,0,0,0,2.95981e+07,-1.26374e+06,1.26374e+06,1.29193e+07
0,0,0,0,0,3.0307e+07,-1.29401e+06,1.29401e+06,1.29193e+07
0,0,0,0,0,3.0309e+07,-1.2941e+06,1.2941e+06,1.29193e+07
0,0,0,0,0,3.0311e+07,-1.29418e+06,1.29418e+06,1.29193e+07
0,0,0,0,0,3.0313e+07,-1.29427e+06,1.29427e+06,1.29193e+07
0,0,0,0,0,3.26307e+07,-1.39323e+06,1.39323e+06,1.29193e+07
0,0,0,0,0,3.26329e+07,-1.39332e+06,1.39332e+06,1.29193e+07
0,0,0,0,0,3.2635e+07,-1.39341e+06,1.39341e+06,1.29193e+07
0,0,0,0,0,3.26372e+07,-1.3935e+06,1.3935e+06,1.29193e+07
0,0,0,0,0,3.26393e+07,-1.39359e+06,1.39359e+06,1.29193e+07
0,0,0,0,0,3.13573e+07,-1.33885e+06,1.33885e+06,1.29193e+07
0,0,0,0,0,3.13594e+07,-1.33894e+06,1.33894e+06,1.29193e+07
0,0,0,0,0,3.13614e+07,-1.33903e+06,1.33903e+06,1.29193e+07
0,0,0,0,0,3.13635e+07,-1.33912e+06,1.33912e+06,1.29193e+07
0,0,0,0,0,3.02407e+07,-1.29118e+06,1.29118e+06,1.29193e+07
0,0,0,0,0,3.02427e+07,-1.29127e+06,1.29127e+06,1.29193e+07
0,0,0,0,0,3.02447e+07,-1.29135e+06,1.29135e+06,1.29193e+07
0,0,0,0,0,3.02467e+07,-1.29144e+06,1.29144e+06,1.29193e+07
0,0,0,0,0,2.87749e+07,0,0,1.29193e+07
0,0,0,0,0,2.87768e+07,0,0,1.29193e+07
0,0,0,0,0,2.87787e+07,0,0,1.29193e+07
0,0,0,0,0,2.87806e+07,0,0,1.29193e+07
0,0,0,0,0,2.87825e+07,0,0,1.29193e+07
0,0,0,0,0,2.97e+07,0,0,1.29193e+07
0,0,0,0,0,2.97017e+07,0,0,1.29193e+07
0,0,0,0,0,2.97034e+07,0,0,1.29193e+07
0,0,0,0,0,2.97051e+07,0,0,1.29193e+07
0,0,0,0,0,3.15463e+07,-1.34692e+06,1.34692e+06,1.29193e+07
0,0,0,0,0,3.15481e+07,-1.347e+06,1.347e+06,1.29193e+07
0,0,0,0,0,3.15498e+07,-1.34708e+06,1.34708e+06,1.29193e+07
0,0,0,0,0,3.15516e+07,-1.34715e+06,1.34715e+06,1.29193e+07
0,0,0,0,0,2.84977e+07,0,0,1.29193e+07
0,0,0,0,0,2.84993e+07,0,0,1.29193e+07
0,0,0,0,0,2.85009e+07,0,0,1.29193e+07
0,0,0,0,0,2.85025e+07,0,0,1.29193e+07
0,0,0,0,0,2.85042e+07,0,0,1.29193e+07
0,0,0,0,0,2.95983e+07,0,0,1.29193e+07
0,0,0,0,0,2.95999e+07,0,0,1.29193e+07
0,0,0,0,0,2.96016e+07,0,0,1.29193e+07
0,0,0,0,0,2.96033e+07,0,0,1.29193e+07
0,0,0,0,0,2.91792e+07,0,0,1.29193e+07
0,0,0,0,0,2.91808e+07,0,0,1.29193e+07
0,0,0,0,0,2.91825e+07,0,0,1.29193e+07
0,0,0,0,0,2.91841e+07,0,0,1.29193e+07
0,0,0,0,0,2.94087e+07,-1.25566e+06,1.25566e+06,1.29193e+07
0,0,0,0,0,2.94103e+07,-1.25573e+06,1.25573e+06,1.29193e+07
0,0,0,0,0,2.9412e+07,-1.2558e+06,1.2558e+06,1.29193e+07
0,0,0,0,0,2.94137e+07,-1.25587e+06,1.25587e+06,1.29193e+07
0,0,0,0,0,2.94153e+07,-1.25594e+06,1.25594e+06,1.29193e+07
0,0,0,0,0,2.96865e+07,-1.26752e+06,1.26752e+06,1.29193e+07
0,0,0,0,0,2.96882e+07,-1.26759e+06,1.26759e+06,1.29193e+07
0,0,0,0,0,2.96899e+07,-1.26766e+06,1.26766e+06,1.29193e+07
0,0,0,0,0,2.96916e+07,-1.26773e+06,1.26773e+06,1.29193e+07
0,0,0,0,0,3.04024e+07,-1.29809e+06,1.29809e+06,1.29193e+07
0,0,0,0,0,3.04042e+07,-1.29816e+06,1.29816e+06,1.29193e+07
0,0,0,0,0,3.04059e+07,-1.29823e+06,1.29823e+06,1.29193e+07
0,0,0,0,0,3.04076e+07,-1.29831e+06,1.29831e+06,1.29193e+07
0,0,0,0,0,3.27322e+07,-1.39756e+06,1.39756e+06,1.29193e+07
0,0,0,0,0,3.27341e+07,-1.39764e+06,1.39764e+06,1.29193e+07
0,0,0,0,0,3.27359e+07,-1.39772e+06,1.39772e+06,1.29193e+07
0,0,0,0,0,3.27378e+07,-1.3978e+06,1.3978e+06,1.29193e+07
0,0,0,0,0,3.27396e+07,-1.39788e+06,1.39788e+06,1.29193e+07
0,0,0,0,0,3.14533e+07,-1.34296e+06,1.34296e+06,1.29193e+07
0,0,0,0,0,3.14551e+07,-1.34303e+06,1.34303e+06,1.29193e+07
0,0,0,0,0,3.14569e+07,-1.34311e+06,1.34311e+06,1.29193e+07
0,0,0,0,0,3.14587e+07,-1.34318e+06,1.34318e+06,1.29193e+07
0,0,0,0,0,3.03322e+07,-1.29509e+06,1.29509e+06,1.29193e+07
0,0,0,0,0,3.03339e+07,-1.29516e+06,1.29516e+06,1.29193e+07
0,0,0,0,0,3.03356e+07,-1.29523e+06,1.29523e+06,1.29193e+07
0,0,0,0,0,3.03374e+07,-1.29531e+06,1.29531e+06,1.29193e+07
0,0,0,0,0,2.88609e+07,0,0,1.29193e+07
0,0,0,0,0,2.88625e+07,0,0,1.29193e+07
0,0,0,0,0,2.88642e+07,0,0,1.29193e+07
0,0,0,0,0,2.88658e+07,0,0,1.29193e+07
0,0,0,0,0,2.88674e+07,0,0,1.29193e+07
0,0,0,0,0,2.97874e+07,0,0,1.29193e+07
0,0,0,0,0,2.97888e+07,0,0,1.29193e+07
0,0,0,0,0,2.97902e+07,0,0,1.29193e+07
0,0,0,0,0,2.97916e+07,0,0,1.29193e+07
0,0,0,0,0,3.16379e+07,-1.35084e+06,1.35084e+06,1.29193e+07
0,0,0,0,0,3.16394e+07,-1.3509e+06,1.3509e+06,1.29193e+07
0,0,0,0,0,3.16409e+07,-1.35096e+06,1.35096e+06,1.29193e+07
0,0,0,0,0,3.16424e+07,-1.35103e+06,1.35103e+06,1.29193e+07
0,0,0,0,0,2.85794e+07,0,0,1.29193e+07
0,0,0,0,0,2.85808e+07,0,0,1.29193e+07
0,0,0,0,0,2.85821e+07,0,0,1.29193e+07
0,0,0,0,0,2.85835e+07,0,0,1.29193e+07
0,0,0,0,0,2.85848e+07,0,0,1.29193e+07
0,0,0,0,0,2.96818e+07,0,0,1.29193e+07
0,0,0,0,0,2.96832e+07,0,0,1.29193e+07
0,0,0,0,0,2.96846e+07,0,0,1.29193e+07
0,0,0,0,0,2.9686e+07,0,0,1.29193e+07
0,0,0,0,0,2.92604e+07,0,0,1.29193e+07
0,0,0,0,0,2.92618e+07,0,0,1.29193e+07
0,0,0,0,0,2.92632e+07,0,0,1.29193e+07
0,0,0,0,0,2.92646e+07,0,0,1.29193e+07
0,0,0,0,0,2.94894e+07,-1.2591e+06,1.2591e+06,1.29193e+07
0,0,0,0,0,2.94908e+07,-1.25916e+06,1.25916e+06,1.29193e+07
0,0,0,0,0,2.94922e+07,-1.25922e+06,1.25922e+06,1.29193e+07
0,0,0,0,0,2.94936e+07,-1.25928e+06,1.25928e+06,1.29193e+07
0,0,0,0,0,2.9495e+07,-1.25934e+06,1.25934e+06,1.29193e+07
0,0,0,0,0,2.97667e+07,-1.27094e+06,1.27094e+06,1.29193e+07
0,0,0,0,0,2.97681e+07,-1.271e+06,1.271e+06,1.29193e+07
0,0,0,0,0,2.97695e+07,-1.27106e+06,1.27106e+06,1.29193e+07
0,0,0,0,0,2.97709e+07,-1.27112e+06,1.27112e+06,1.29193e+07
0,0,0,0,0,3.04834e+07,-1.30154e+06,1.30154e+06,1.29193e+07
0,0,0,0,0,3.04848e+07,-1.3016e+06,1.3016e+06,1.29193e+07
0,0,0,0,0,3.04863e+07,-1.30167e+06,1.30167e+06,1.29193e+07
0,0,0,0,0,3.04877e+07,-1.30173e+06,1.30173e+06,1.29193e+07
0,0,0,0,0,3.28182e+07,-1.40123e+06,1.40123e+06,1.29193e+07
0,0,0,0,0,3.28197e+07,-1.4013e+06,1.4013e+06,1.29193e+07
0,0,0,0,0,3.28213e+07,-1.40136e+06,1.40136e+06,1.29193e+07
0,0,0,0,0,3.28228e+07,-1.40143e+06,1.40143e+06,1.29193e+07
0,0,0,0,0,3.28244e+07,-1.4015e+06,1.4015e+06,1.29193e+07
0,0,0,0,0,3.15345e+07,-1.34642e+06,1.34642e+06,1.29193e+07
0,0,0,0,0,3.1536e+07,-1.34648e+06,1.34648e+06,1.29193e+07
0,0,0,0,0,3.15375e+07,-1.34655e+06,1.34655e+06,1.29193e+07
0,0,0,0,0,3.1539e+07,-1.34661e+06,1.34661e+06,1.29193e+07
0,0,0,0,0,3.04093e+07,-1.29838e+06,1.29838e+06,1.29193e+07
0,0,0,0,0,3.04108e+07,-1.29844e+06,1.29844e+06,1.29193e+07
0,0,0,0,0,3.04122e+07,-1.2985e+06,1.2985e+06,1.29193e+07
0,0,0,0,0,3.04136e+07,-1.29856e+06,1.29856e+06,1.29193e+07
0,0,0,0,0,2.89332e+07,0,0,1.29193e+07
0,0,0,0,0,2.89346e+07,0,0,1.29193e+07
0,0,0,0,0,2.89359e+07,0,0,1.29193e+07
0,0,0,0,0,2.89373e+07,0,0,1.29193e+07
0,0,0,0,0,2.89387e+07,0,0,1.29193e+07
0,0,0,0,0,2.98606e+07,0,0,1.29193e+07
0,0,0,0,0,2.98618e+07,0,0,1.29193e+07
0,0,0,0,0,2.98629e+07,0,0,1.29193e+07
0,0,0,0,0,2.98641e+07,0,0,1.29193e+07
0,0,0,0,0,3.17145e+07,-1.35411e+06,1.35411e+06,1.29193e+07
0,0,0,0,0,3.17157e+07,-1.35416e+06,1.35416e+06,1.29193e+07
0,0,0,0,0,3.17169e+07,-1.35421e+06,1.35421e+06,1.29193e+07
0,0,0,0,0,3.17181e+07,-1.35426e+06,1.35426e+06,1.29193e+07
0,0,0,0,0,2.86475e+07,0,0,1.29193e+07
0,0,0,0,0,2.86486e+07,0,0,1.29193e+07
0,0,0,0,0,2.86497e+07,0,0,1.29193e+07
0,0,0,0,0,2.86508e+07,0,0,1.29193e+07
0,0,0,0,0,2.86519e+07,0,0,1.29193e+07
0,0,0,0,0,2.97511e+07,0,0,1.29193e+07
0,0,0,0,0,2.97523e+07,0,0,1.29193e+07
0,0,0,0,0,2.97534e+07,0,0,1.29193e+07
0,0,0,0,0,2.97545e+07,0,0,1.29193e+07
0,0,0,0,0,2.93277e+07,0,0,1.29193e+07
0,0,0,0,0,2.93288e+07,0,0,1.29193e+07
0,0,0,0,0,2.93299e+07,0,0,1.29193e+07
0,0,0,0,0,2.9331e+07,0,0,1.29193e+07
0,0,0,0,0,2.95561e+07,-1.26195e+06,1.26195e+06,1.29193e+07
0,0,0,0,0,2.95573e+07,-1.262e+06,1.262e+06,1.29193e+07
0,0,0,0,0,2.95584e+07,-1.26205e+06,1.26205e+06,1.29193e+07
0,0,0,0,0,2.95595e+07,-1.2621e+06,1.2621e+06,1.29193e+07
0,0,0,0,0,2.95606e+07,-1.26214e+06,1.26214e+06,1.29193e+07
0,0,0,0,0,2.98326e+07,-1.27376e+06,1.27376e+06,1.29193e+07
0,0,0,0,0,2.98338e+07,-1.2738e+06,1.2738e+06,1.29193e+07
0,0,0,0,0,2.98349e+07,-1.27385e+06,1.27385e+06,1.29193e+07
0,0,0,0,0,2.9836e+07,-1.2739e+06,1.2739e+06,1.29193e+07
0,0,0,0,0,3.05498e+07,-1.30438e+06,1.30438e+06,1.29193e+07
0,0,0,0,0,3.05509e+07,-1.30443e+06,1.30443e+06,1.29193e+07
0,0,0,0,0,3.05521e+07,-1.30448e+06,1.30448e+06,1.29193e+07
0,0,0,0,0,3.05533e+07,-1.30453e+06,1.30453e+06,1.29193e+07
0,0,0,0,0,3.28884e+07,-1.40423e+06,1.40423e+06,1.29193e+07
0,0,0,0,0,3.28896e+07,-1.40428e+06,1.40428e+06,1.29193e+07
0,0,0,0,0,3.28909e+07,-1.40433e+06,1.40433e+06,1.29193e+07
0,0,0,0,0,3.28921e+07,-1.40439e+06,1.40439e+06,1.29193e+07
0,0,0,0,0,3.28934e+07,-1.40444e+06,1.40444e+06,1.29193e+07
0,0,0,0,0,3.16005e+07,-1.34924e+06,1.34924e+06,1.29193e+07
0,0,0,0,0,3.16017e+07,-1.34929e+06,1.34929e+06,1.29193e+07
0,0,0,0,0,3.16029e+07,-1.34934e+06,1.34934e+06,1.29193e+07
0,0,0,0,0,3.16041e+07,-1.34939e+06,1.34939e+06,1.29193e+07
0,0,0,0,0,3.04718e+07,-1.30105e+06,1.30105e+06,1.29193e+07
0,0,0,0,0,3.0473e+07,-1.3011e+06,1.3011e+06,1.29193e+07
0,0,0,0,0,3.04741e+07,-1.30115e+06,1.30115e+06,1.29193e+07
0,0,0,0,0,3.04753e+07,-1.3012e+06,1.3012e+06,1.29193e+07
0,0,0,0,0,2.89916e+07,0,0,1.29193e+07
0,0,0,0,0,2.89927e+07,0,0,1.29193e+07
0,0,0,0,0,2.89938e+07,0,0,1.29193e+07
0,0,0,0,0,2.89949e+07,0,0,1.29193e+07
0,0,0,0,0,2.8996e+07,0,0,1.29193e+07
0,0,0,0,0,2.99195e+07,0,0,1.29193e+07
0,0,0,0,0,2.99204e+07,0,0,1.29193e+07
0,0,0,0,0,2.99212e+07,0,0,1.29193e+07
0,0,0,0,0,2.99221e+07,0,0,1.29193e+07
0,0,0,0,0,3.17758e+07,-1.35673e+06,1.35673e+06,1.29193e+07
0,0,0,0,0,3.17767e+07,-1.35676e+06,1.35676e+06,1.29193e+07
0,0,0,0,0,3.17777e+07,-1.3568e+06,1.3568e+06,1.29193e+07
0,0,0,0,0,3.17786e+07,-1.35684e+06,1.35684e+06,1.29193e+07
0,0,0,0,0,2.87019e+07,0,0,1.29193e+07
0,0,0,0,0,2.87027e+07,0,0,1.29193e+07
0,0,0,0,0,2.87035e+07,0,0,1.29193e+07
0,0,0,0,0,2.87043e+07,0,0,1.29193e+07
0,0,0,0,0,2.87051e+07,0,0,1.29193e+07
0,0,0,0,0,2.98061e+07,0,0,1.29193e+07
0,0,0,0,0,2.9807e+07,0,0,1.29193e+07
0,0,0,0,0,2.98079e+07,0,0,1.29193e+07
0,0,0,0,0,2.98087e+07,0,0,1.29193e+07
0,0,0,0,0,2.93808e+07,0,0,1.29193e+07
0,0,0,0,0,2.93817e+07,0,0,1.29193e+07
0,0,0,0,0,2.93825e+07,0,0,1.29193e+07
0,0,0,0,0,2.93834e+07,0,0,1.29193e+07
0,0,0,0,0,2.96086e+07,-1.26419e+06,1.26419e+06,1.29193e+07
0,0,0,0,0,2.96094e+07,-1.26423e+06,1.26423e+06,1.29193e+07
0,0,0,0,0,2.96103e+07,-1.26426e+06,1.26426e+06,1.29193e+07
0,0,0,0,0,2.96111e+07,-1.2643e+06,1.2643e+06,1.29193e+07
0,0,0,0,0,2.9612e+07,-1.26434e+06,1.26434e+06,1.29193e+07
0,0,0,0,0,2.98842e+07,-1.27596e+06,1.27596e+06,1.29193e+07
0,0,0,0,0,2.9885e+07,-1.27599e+06,1.27599e+06,1.29193e+07
0,0,0,0,0,2.98859e+07,-1.27603e+06,1.27603e+06,1.29193e+07
0,0,0,0,0,2.98867e+07,-1.27607e+06,1.27607e+06,1.29193e+07
0,0,0,0,0,3.06014e+07,-1.30658e+06,1.30658e+06,1.29193e+07
0,0,0,0,0,3.06023e+07,-1.30662e+06,1.30662e+06,1.29193e+07
0,0,0,0,0,3.06032e+07,-1.30666e+06,1.30666e+06,1.29193e+07
0,0,0,0,0,3.06041e+07,-1.30669e+06,1.30669e+06,1.29193e+07
0,0,0,0,0,3.29428e+07,-1.40655e+06,1.40655e+06,1.29193e+07
0,0,0,0,0,3.29437e+07,-1.40659e+06,1.40659e+06,1.29193e+07
0,0,0,0,0,3.29446e+07,-1.40663e+06,1.40663e+06,1.29193e+07
0,0,0,0,0,3.29456e+07,-1.40667e+06,1.40667e+06,1.29193e+07
0,0,0,0,0,3.29465e+07,-1.40671e+06,1.40671e+06,1.29193e+07
0,0,0,0,0,3.16512e+07,-1.35141e+06,1.35141e+06,1.29193e+07
0,0,0,0,0,3.16521e+07,-1.35144e+06,1.35144e+06,1.29193e+07
0,0,0,0,0,3.16531e+07,-1.35148e+06,1.35148e+06,1.29193e+07
0,0,0,0,0,3.1654e+07,-1.35152e+06,1.35152e+06,1.29193e+07
0,0,0,0,0,3.05196e+07,-1.30309e+06,1.30309e+06,1.29193e+07
0,0,0,0,0,3.05205e+07,-1.30313e+06,1.30313e+06,1.29193e+07
0,0,0,0,0,3.05214e+07,-1.30316e+06,1.30316e+06,1.29193e+07
0,0,0,0,0,3.05223e+07,-1.3032e+06,1.3032e+06,1.29193e+07
0,0,0,0,0,2.9036e+07,0,0,1.29193e+07
0,0,0,0,0,2.90368e+07,0,0,1.29193e+07
0,0,0,0,0,2.90377e+07,0,0,1.29193e+07
0,0,0,0,0,2.90385e+07,0,0,1.29193e+07
0,0,0,0,0,2.90393e+07,0,0,1.29193e+07
0,0,0,0,0,2.99639e+07,0,0,1.29193e+07
0,0,0,0,0,2.99645e+07,0,0,1.29193e+07
0,0,0,0,0,2.99651e+07,0,0,1.29193e+07
0,0,0,0,0,2.99657e+07,0,0,1.29193e+07
0,0,0,0,0,3.18218e+07,-1.35869e+06,1.35869e+06,1.29193e+07
0,0,0,0,0,3.18225e+07,-1.35872e+06,1.35872e+06,1.29193e+07
0,0,0,0,0,3.18231e+07,-1.35874e+06,1.35874e+06,1.29193e+07
0,0,0,0,0,3.18237e+07,-1.35877e+06,1.35877e+06,1.29193e+07
0,0,0,0,0,2.87424e+07,0,0,1.29193e+07
0,0,0,0,0,2.87429e+07,0,0,1.29193e+07
0,0,0,0,0,2.87435e+07,0,0,1.29193e+07
0,0,0,0,0,2.8744e+07,0,0,1.29193e+07
0,0,0,0,0,2.87446e+07,0,0,1.29193e+07
0,0,0,0,0,2.98468e+07,0,0,1.29193e+07
0,0,0,0,0,2.98474e+07,0,0,1.29193e+07
0,0,0,0,0,2.9848e+07,0,0,1.29193e+07
0,0,0,0,0,2.98486e+07,0,0,1.29193e+07
0,0,0,0,0,2.94198e+07,0,0,1.29193e+07
0,0,0,0,0,2.94204e+07,0,0,1.29193e+07
0,0,0,0,0,2.9421e+07,0,0,1.29193e+07
0,0,0,0,0,2.94216e+07,0,0,1.29193e+07
0,0,0,0,0,2.96468e+07,-1.26582e+06,1.26582e+06,1.29193e+07
0,0,0,0,0,2.96474e+07,-1.26585e+06,1.26585e+06,1.29193e+07
0,0,0,0,0,2.9648e+07,-1.26587e+06,1.26587e+06,1.29193e+07
0,0,0,0,0,2.96486e+07,-1.2659e+06,1.2659e+06,1.29193e+07
0,0,0,0,0,2.96491e+07,-1.26592e+06,1.26592e+06,1.29193e+07
0,0,0,0,0,2.99214e+07,-1.27755e+06,1.27755e+06,1.29193e+07
0,0,0,0,0,2.9922e+07,-1.27757e+06,1.27757e+06,1.29193e+07
0,0,0,0,0,2.99225e+07,-1.2776e+06,1.2776e+06,1.29193e+07
0,0,0,0,0,2.99231e+07,-1.27762e+06,1.27762e+06,1.29193e+07
0,0,0,0,0,3.06384e+07,-1.30816e+06,1.30816e+06,1.29193e+07
0,0,0,0,0,3.0639e+07,-1.30819e+06,1.30819e+06,1.29193e+07
0,0,0,0,0,3.06396e+07,-1.30821e+06,1.30821e+06,1.29193e+07
0,0,0,0,0,3.06402e+07,-1.30824e+06,1.30824e+06,1.29193e+07
0,0,0,0,0,3.29813e+07,-1.4082e+06,1.4082e+06,1.29193e+07
0,0,0,0,0,3.2982e+07,-1.40822e+06,1.40822e+06,1.29193e+07
0,0,0,0,0,3.29826e+07,-1.40825e+06,1.40825e+06,1.29193e+07
0,0,0,0,0,3.29833e+07,-1.40828e+06,1.40828e+06,1.29193e+07
0,0,0,0,0,3.29839e+07,-1.40831e+06,1.40831e+06,1.29193e+07
0,0,0,0,0,3.16868e+07,-1.35293e+06,1.35293e+06,1.29193e+07
0,0,0,0,0,3.16875e+07,-1.35295e+06,1.35295e+06,1.29193e+07
0,0,0,0,0,3.16881e+07,-1.35298e+06,1.35298e+06,1.29193e+07
0,0,0,0,0,3.16887e+07,-1.353e+06,1.353e+06,1.29193e+07
0,0,0,0,0,3.05528e+07,-1.30451e+06,1.30451e+06,1.29193e+07
0,0,0,0,0,3.05534e+07,-1.30453e+06,1.30453e+06,1.29193e+07
0,0,0,0,0,3.0554e+07,-1.30456e+06,1.30456e+06,1.29193e+07
0,0,0,0,0,3.05546e+07,-1.30458e+06,1.30458e+06,1.29193e+07
0,0,0,0,0,2.90665e+07,0,0,1.29193e+07
0,0,0,0,0,2.90671e+07,0,0,1.29193e+07
0,0,0,0,0,2.90676e+07,0,0,1.29193e+07
0,0,0,0,0,2.90682e+07,0,0,1.29193e+07
0,0,0,0,0,2.90688e+07,0,0,1.29193e+07
0,0,0,0,0,2.90688e+07,0,0,1.29193e+07
0,0,0,0,0,2.9994e+07,0,0,1.29193e+07
0,0,0,0,0,2.99944e+07,0,0,1.29193e+07
0,0,0,0,0,2.99947e+07,0,0,1.29193e+07
0,0,0,0,0,2.9995e+07,0,0,1.29193e+07
0,0,0,0,0,3.18527e+07,-1.36001e+06,1.36001e+06,1.29193e+07
0,0,0,0,0,3.1853e+07,-1.36002e+06,1.36002e+06,1.29193e+07
0,0,0,0,0,3.18533e+07,-1.36003e+06,1.36003e+06,1.29193e+07
0,0,0,0,0,3.18537e+07,-1.36005e+06,1.36005e+06,1.29193e+07
0,0,0,0,0,2.87692e+07,0,0,1.29193e+07
0,0,0,0,0,2.81804e+07,-589032,589032,1.29193e+07
0,0,0,0,0,2.87698e+07,0,0,1.29193e+07
0,0,0,0,0,2.87701e+07,0,0,1.29193e+07
0,0,0,0,0,2.87704e+07,0,0,1.29193e+07
0,0,0,0,0,2.98733e+07,0,0,1.29193e+07
0,0,0,0,0,2.98736e+07,0,0,1.29193e+07
0,0,0,0,0,2.98739e+07,0,0,1.29193e+07
0,0,0,0,0,2.98742e+07,0,0,1.29193e+07
0,0,0,0,0,2.94449e+07,0,0,1.29193e+07
0,0,0,0,0,2.94452e+07,0,0,1.29193e+07
0,0,0,0,0,2.94455e+07,0,0,1.29193e+07
0,0,0,0,0,2.94458e+07,0,0,1.29193e+07
0,0,0,0,0,2.9671e+07,-1.26685e+06,1.26685e+06,1.29193e+07
0,0,0,0,0,2.96713e+07,-1.26687e+06,1.26687e+06,1.29193e+07
0,0,0,0,0,2.96716e+07,-1.26688e+06,1.26688e+06,1.29193e+07
0,0,0,0,0,2.96719e+07,-1.26689e+06,1.26689e+06,1.29193e+07
0,0,0,0,0,2.96722e+07,-1.26691e+06,1.26691e+06,1.29193e+07
0,0,0,0,0,2.99444e+07,-1.27853e+06,1.27853e+06,1.29193e+07
0,0,0,0,0,2.99447e+07,-1.27854e+06,1.27854e+06,1.29193e+07
0,0,0,0,0,2.9945e+07,-1.27855e+06,1.27855e+06,1.29193e+07
0,0,0,0,0,2.99453e+07,-1.27857e+06,1.27857e+06,1.29193e+07
0,0,0,0,0,3.06608e+07,-1.30912e+06,1.30912e+06,1.29193e+07
0,0,0,0,0,3.06611e+07,-1.30913e+06,1.30913e+06,1.29193e+07
0,0,0,0,0,3.06615e+07,-1.30915e+06,1.30915e+06,1.29193e+07
0,0,0,0,0,3.06618e+07,-1.30916e+06,1.30916e+06,1.29193e+07
0,0,0,0,0,3.30043e+07,-1.40918e+06,1.40918e+06,1.29193e+07
0,0,0,0,0,3.30046e+07,-1.40919e+06,1.40919e+06,1.29193e+07
0,0,0,0,0,3.3005e+07,-1.40921e+06,1.40921e+06,1.29193e+07
0,0,0,0,0,3.30053e+07,-1.40922e+06,1.40922e+06,1.29193e+07
0,0,0,0,0,3.30057e+07,-1.40924e+06,1.40924e+06,1.29193e+07
0,0,0,0,0,3.17075e+07,-1.35381e+06,1.35381e+06,1.29193e+07
0,0,0,0,0,3.17078e+07,-1.35382e+06,1.35382e+06,1.29193e+07
0,0,0,0,0,3.17081e+07,-1.35383e+06,1.35383e+06,1.29193e+07
0,0,0,0,0,3.17085e+07,-1.35385e+06,1.35385e+06,1.29193e+07
0,0,0,0,0,3.05716e+07,-1.30531e+06,1.30531e+06,1.29193e+07
0,0,0,0,0,3.05719e+07,-1.30532e+06,1.30532e+06,1.29193e+07
0,0,0,0,0,3.05722e+07,-1.30534e+06,1.30534e+06,1.29193e+07
0,0,0,0,0,3.05726e+07,-1.30535e+06,1.30535e+06,1.29193e+07
0,0,0,0,0,2.90833e+07,0,0,1.29193e+07
0,0,0,0,0,2.90836e+07,0,0,1.29193e+07
0,0,0,0,0,2.90839e+07,0,0,1.29193e+07
0,0,0,0,0,2.90842e+07,0,0,1.29193e+07
0,0,0,0,0,2.90845e+07,0,0,1.29193e+07
0,0,0,0,0,3.001e+07,0,0,1.29193e+07
0,0,0,0,0,3.00101e+07,0,0,1.29193e+07
0,0,0,0,0,3.00101e+07,0,0,1.29193e+07
0,0,0,0,0,3.00102e+07,0,0,1.29193e+07
0,0,0,0,0,3.18685e+07,-1.36068e+06,1.36068e+06,1.29193e+07
0,0,0,0,0,3.18685e+07,-1.36068e+06,1.36068e+06,1.29193e+07
0,0,0,0,0,3.18686e+07,-1.36069e+06,1.36069e+06,1.29193e+07
0,0,0,0,0,3.18686e+07,-1.36069e+06,1.36069e+06,1.29193e+07
0,0,0,0,0,2.87824e+07,0,0,1.29193e+07
0,0,0,0,0,2.81932e+07,-589298,589298,1.29193e+07
0,0,0,0,0,2.81932e+07,-589299,589299,1.29193e+07
0,0,0,0,0,2.81932e+07,-589299,589299,1.29193e+07
0,0,0,0,0,2.81933e+07,-589300,589300,1.29193e+07
0,0,0,0,0,2.92738e+07,-611886,611886,1.29193e+07
0,0,0,0,0,2.92739e+07,-611887,611887,1.29193e+07
0,0,0,0,0,2.92739e+07,-611888,611888,1.29193e+07
0,0,0,0,0,2.98858e+07,0,0,1.29193e+07
0,0,0,0,0,2.9456e+07,0,0,1.29193e+07
0,0,0,0,0,2.94561e+07,0,0,1.29193e+07
0,0,0,0,0,2.94561e+07,0,0,1.29193e+07
0,0,0,0,0,2.94562e+07,0,0,1.29193e+07
0,0,0,0,0,2.96812e+07,-1.26729e+06,1.26729e+06,1.29193e+07
0,0,0,0,0,2.96812e+07,-1.26729e+06,1.26729e+06,1.29193e+07
0,0,0,0,0,2.96812e+07,-1.26729e+06,1.26729e+06,1.29193e+07
0,0,0,0,0,2.96813e+07,-1.26729e+06,1.26729e+06,1.29193e+07
0,0,0,0,0,2.96813e+07,-1.2673e+06,1.2673e+06,1.29193e+07
0,0,0,0,0,2.99533e+07,-1.27891e+06,1.27891e+06,1.29193e+07
0,0,0,0,0,2.99534e+07,-1.27891e+06,1.27891e+06,1.29193e+07
0,0,0,0,0,2.99534e+07,-1.27891e+06,1.27891e+06,1.29193e+07
0,0,0,0,0,2.99534e+07,-1.27892e+06,1.27892e+06,1.29193e+07
0,0,0,0,0,3.06689e+07,-1.30946e+06,1.30946e+06,1.29193e+07
0,0,0,0,0,3.06689e+07,-1.30946e+06,1.30946e+06,1.29193e+07
0,0,0,0,0,3.0669e+07,-1.30947e+06,1.30947e+06,1.29193e+07
0,0,0,0,0,3.0669e+07,-1.30947e+06,1.30947e+06,1.29193e+07
0,0,0,0,0,3.30118e+07,-1.4095e+06,1.4095e+06,1.29193e+07
0,0,0,0,0,3.30118e+07,-1.4095e+06,1.4095e+06,1.29193e+07
0,0,0,0,0,3.30119e+07,-1.4095e+06,1.4095e+06,1.29193e+07
0,0,0,0,0,3.30119e+07,-1.4095e+06,1.4095e+06,1.29193e+07
0,0,0,0,0,3.30119e+07,-1.4095e+06,1.4095e+06,1.29193e+07
0,0,0,0,0,3.17132e+07,-1.35405e+06,1.35405e+06,1.29193e+07
0,0,0,0,0,3.17133e+07,-1.35405e+06,1.35405e+06,1.29193e+07
0,0,0,0,0,3.17133e+07,-1.35406e+06,1.35406e+06,1.29193e+07
0,0,0,0,0,3.17133e+07,-1.35406e+06,1.35406e+06,1.29193e+07
0,0,0,0,0,3.0576e+07,-1.3055e+06,1.3055e+06,1.29193e+07
0,0,0,0,0,3.05761e+07,-1.3055e+06,1.3055e+06,1.29193e+07
0,0,0,0,0,3.05761e+07,-1.3055e+06,1.3055e+06,1.29193e+07
0,0,0,0,0,3.05762e+07,-1.3055e+06,1.3055e+06,1.29193e+07
0,0,0,0,0,2.90865e+07,0,0,1.29193e+07
0,0,0,0,0,2.90865e+07,0,0,1.29193e+07
0,0,0,0,0,2.90866e+07,0,0,1.29193e+07
0,0,0,0,0,2.90866e+07,0,0,1.29193e+07
0,0,0,0,0,2.90867e+07,0,0,1.29193e+07
0,0,0,0,0,3.0012e+07,0,0,1.29193e+07
0,0,0,0,0,3.00117e+07,0,0,1.29193e+07
0,0,0,0,0,3.00115e+07,0,0,1.29193e+07
0,0,0,0,0,3.00113e+07,0,0,1.29193e+07
0,0,0,0,0,3.18694e+07,-1.36072e+06,1.36072e+06,1.29193e+07
0,0,0,0,0,3.18691e+07,-1.36071e+06,1.36071e+06,1.29193e+07
0,0,0,0,0,3.18689e+07,-1.3607e+06,1.3607e+06,1.29193e+07
0,0,0,0,0,3.18687e+07,-1.36069e+06,1.36069e+06,1.29193e+07
0,0,0,0,0,2.87822e+07,0,0,1.29193e+07
0,0,0,0,0,2.8782e+07,0,0,1.29193e+07
0,0,0,0,0,2.87817e+07,0,0,1.29193e+07
0,0,0,0,0,2.87815e+07,0,0,1.29193e+07
0,0,0,0,0,2.87813e+07,0,0,1.29193e+07
0,0,0,0,0,2.98841e+07,0,0,1.29193e+07
0,0,0,0,0,2.98839e+07,0,0,1.29193e+07
0,0,0,0,0,2.98837e+07,0,0,1.29193e+07
0,0,0,0,0,2.98834e+07,0,0,1.29193e+07
0,0,0,0,0,2.94534e+07,0,0,1.29193e+07
0,0,0,0,0,2.94532e+07,0,0,1.29193e+07
0,0,0,0,0,2.9453e+07,0,0,1.29193e+07
0,0,0,0,0,2.94527e+07,0,0,1.29193e+07
0,0,0,0,0,2.96774e+07,-1.26713e+06,1.26713e+06,1.29193e+07
0,0,0,0,0,2.96772e+07,-1.26712e+06,1.26712e+06,1.29193e+07
0,0,0,0,0,2.9677e+07,-1.26711e+06,1.26711e+06,1.29193e+07
0,0,0,0,0,2.96768e+07,-1.2671e+06,1.2671e+06,1.29193e+07
0,0,0,0,0,2.96765e+07,-1.26709e+06,1.26709e+06,1.29193e+07
0,0,0,0,0,2.99482e+07,-1.27869e+06,1.27869e+06,1.29193e+07
0,0,0,0,0,2.9948e+07,-1.27868e+06,1.27868e+06,1.29193e+07
0,0,0,0,0,2.99478e+07,-1.27867e+06,1.27867e+06,1.29193e+07
0,0,0,0,0,2.99475e+07,-1.27866e+06,1.27866e+06,1.29193e+07
0,0,0,0,0,3.06625e+07,-1.30919e+06,1.30919e+06,1.29193e+07
0,0,0,0,0,3.06623e+07,-1.30918e+06,1.30918e+06,1.29193e+07
0,0,0,0,0,3.06621e+07,-1.30917e+06,1.30917e+06,1.29193e+07
0,0,0,0,0,3.06618e+07,-1.30916e+06,1.30916e+06,1.29193e+07
0,0,0,0,0,3.30038e+07,-1.40915e+06,1.40915e+06,1.29193e+07
0,0,0,0,0,3.30035e+07,-1.40914e+06,1.40914e+06,1.29193e+07
0,0,0,0,0,3.30033e+07,-1.40913e+06,1.40913e+06,1.29193e+07
0,0,0,0,0,3.3003e+07,-1.40912e+06,1.40912e+06,1.29193e+07
0,0,0,0,0,3.30028e+07,-1.40911e+06,1.40911e+06,1.29193e+07
0,0,0,0,0,3.17041e+07,-1.35366e+06,1.35366e+06,1.29193e+07
0,0,0,0,0,3.17039e+07,-1.35365e+06,1.35365e+06,1.29193e+07
0,0,0,0,0,3.17036e+07,-1.35364e+06,1.35364e+06,1.29193e+07
0,0,0,0,0,3.17034e+07,-1.35363e+06,1.35363e+06,1.29193e+07
0,0,0,0,0,3.05662e+07,-1.30508e+06,1.30508e+06,1.29193e+07
0,0,0,0,0,3.05659e+07,-1.30507e+06,1.30507e+06,1.29193e+07
0,0,0,0,0,3.05657e+07,-1.30506e+06,1.30506e+06,1.29193e+07
0,0,0,0,0,3.05655e+07,-1.30505e+06,1.30505e+06,1.29193e+07
0,0,0,0,0,2.9076e+07,0,0,1.29193e+07
0,0,0,0,0,2.90758e+07,0,0,1.29193e+07
0,0,0,0,0,2.90756e+07,0,0,1.29193e+07
0,0,0,0,0,2.90754e+07,0,0,1.29193e+07
0,0,0,0,0,2.90751e+07,0,0,1.29193e+07
0,0,0,0,0,2.99998e+07,0,0,1.29193e+07
0,0,0,0,0,2.99993e+07,0,0,1.29193e+07
0,0,0,0,0,2.99988e+07,0,0,1.29193e+07
0,0,0,0,0,2.99983e+07,0,0,1.29193e+07
0,0,0,0,0,3.18554e+07,-1.36012e+06,1.36012e+06,1.29193e+07
0,0,0,0,0,3.18548e+07,-1.3601e+06,1.3601e+06,1.29193e+07
0,0,0,0,0,3.18543e+07,-1.36008e+06,1.36008e+06,1.29193e+07
0,0,0,0,0,3.18538e+07,-1.36005e+06,1.36005e+06,1.29193e+07
0,0,0,0,0,2.87685e+07,0,0,1.29193e+07
0,0,0,0,0,2.8768e+07,0,0,1.29193e+07
0,0,0,0,0,2.87675e+07,0,0,1.29193e+07
0,0,0,0,0,2.8767e+07,0,0,1.29193e+07
0,0,0,0,0,2.87666e+07,0,0,1.29193e+07
0,0,0,0,0,2.98686e+07,0,0,1.29193e+07
0,0,0,0,0,2.98681e+07,0,0,1.29193e+07
0,0,0,0,0,2.98676e+07,0,0,1.29193e+07
0,0,0,0,0,2.98671e+07,0,0,1.29193e+07
0,0,0,0,0,2.9437e+07,0,0,1.29193e+07
0,0,0,0,0,2.94365e+07,0,0,1.29193e+07
0,0,0,0,0,2.9436e+07,0,0,1.29193e+07
0,0,0,0,0,2.94356e+07,0,0,1.29193e+07
0,0,0,0,0,2.96599e+07,-1.26638e+06,1.26638e+06,1.29193e+07
0,0,0,0,0,2.96594e+07,-1.26636e+06,1.26636e+06,1.29193e+07
0,0,0,0,0,2.96589e+07,-1.26634e+06,1.26634e+06,1.29193e+07
0,0,0,0,0,2.96584e+07,-1.26632e+06,1.26632e+06,1.29193e+07
0,0,0,0,0,2.96579e+07,-1.2663e+06,1.2663e+06,1.29193e+07
0,0,0,0,0,2.99291e+07,-1.27788e+06,1.27788e+06,1.29193e+07
0,0,0,0,0,2.99286e+07,-1.27786e+06,1.27786e+06,1.29193e+07
0,0,0,0,0,2.99281e+07,-1.27784e+06,1.27784e+06,1.29193e+07
0,0,0,0,0,2.99277e+07,-1.27781e+06,1.27781e+06,1.29193e+07
0,0,0,0,0,3.06419e+07,-1.30831e+06,1.30831e+06,1.29193e+07
0,0,0,0,0,3.06414e+07,-1.30829e+06,1.30829e+06,1.29193e+07
0,0,0,0,0,3.06409e+07,-1.30827e+06,1.30827e+06,1.29193e+07
0,0,0,0,0,3.06404e+07,-1.30825e+06,1.30825e+06,1.29193e+07
0,0,0,0,0,3.29804e+07,-1.40816e+06,1.40816e+06,1.29193e+07
0,0,0,0,0,3.29798e+07,-1.40813e+06,1.40813e+06,1.29193e+07
0,0,0,0,0,3.29793e+07,-1.40811e+06,1.40811e+06,1.29193e+07
0,0,0,0,0,3.29787e+07,-1.40809e+06,1.40809e+06,1.29193e+07
0,0,0,0,0,3.29782e+07,-1.40806e+06,1.40806e+06,1.29193e+07
0,0,0,0,0,3.16802e+07,-1.35264e+06,1.35264e+06,1.29193e+07
0,0,0,0,0,3.16797e+07,-1.35262e+06,1.35262e+06,1.29193e+07
0,0,0,0,0,3.16792e+07,-1.3526e+06,1.3526e+06,1.29193e+07
0,0,0,0,0,3.16786e+07,-1.35258e+06,1.35258e+06,1.29193e+07
0,0,0,0,0,3.0542e+07,-1.30405e+06,1.30405e+06,1.29193e+07
0,0,0,0,0,3.05415e+07,-1.30403e+06,1.30403e+06,1.29193e+07
0,0,0,0,0,3.0541e+07,-1.304e+06,1.304e+06,1.29193e+07
0,0,0,0,0,3.05405e+07,-1.30398e+06,1.30398e+06,1.29193e+07
0,0,0,0,0,2.90521e+07,0,0,1.29193e+07
0,0,0,0,0,2.90516e+07,0,0,1.29193e+07
0,0,0,0,0,2.90511e+07,0,0,1.29193e+07
0,0,0,0,0,2.90506e+07,0,0,1.29193e+07
0,0,0,0,0,2.90501e+07,0,0,1.29193e+07
