0cont_fund,0ins_pout,0ins_price,0infra_npv,0debt_serv,0gross_rev,0cont_contrib,0drought_cost,0water_price
0,0,0,0,3.31186e-33,2.1732e+07,0,0,1.39424e+07
0,0,0,0,0,2.17421e+07,0,0,1.39424e+07
0,0,0,0,0,2.17522e+07,0,0,1.39424e+07
0,0,0,0,0,2.17623e+07,0,0,1.39424e+07
0,0,0,0,0,2.41077e+07,0,0,1.39424e+07
0,0,0,0,0,2.41189e+07,0,0,1.39424e+07
0,0,0,0,0,2.41301e+07,0,0,1.39424e+07
0,0,0,0,0,2.41412e+07,0,0,1.39424e+07
0,0,0,0,0,2.09202e+07,0,0,1.39424e+07
0,0,0,0,0,2.09299e+07,0,0,1.39424e+07
0,0,0,0,0,2.09396e+07,0,0,1.39424e+07
0,0,0,0,0,2.09493e+07,0,0,1.39424e+07
0,0,0,0,0,2.0959e+07,0,0,1.39424e+07
0,0,0,0,0,2.17723e+07,0,0,1.39424e+07
0,0,0,0,0,2.17824e+07,0,0,1.39424e+07
0,0,0,0,0,2.17925e+07,0,0,1.39424e+07
0,0,0,0,0,2.18025e+07,0,0,1.39424e+07
0,0,0,0,0,2.14989e+07,0,0,1.39424e+07
0,0,0,0,0,2.15088e+07,0,0,1.39424e+07
0,0,0,0,0,2.15188e+07,0,0,1.39424e+07
0,0,0,0,0,2.15287e+07,0,0,1.39424e+07
0,0,0,0,0,2.26298e+07,0,0,1.39424e+07
0,0,0,0,0,2.26402e+07,0,0,1.39424e+07
0,0,0,0,0,2.26507e+07,0,0,1.39424e+07
0,0,0,0,0,2.26611e+07,0,0,1.39424e+07
0,0,0,0,0,2.26716e+07,0,0,1.39424e+07
0,0,0,0,0,2.28899e+07,0,0,1.39424e+07
0,0,0,0,0,2.29005e+07,0,0,1.39424e+07
0,0,0,0,0,2.2911e+07,0,0,1.39424e+07
0,0,0,0,0,2.29216e+07,0,0,1.39424e+07
0,0,0,0,0,2.34799e+07,0,0,1.39424e+07
0,0,0,0,0,2.34907e+07,0,0,1.39424e+07
0,0,0,0,0,2.35015e+07,0,0,1.39424e+07
0,0,0,0,0,2.35123e+07,0,0,1.39424e+07
0,0,0,0,0,2.532e+07,0,0,1.39424e+07
0,0,0,0,0,2.53317e+07,0,0,1.39424e+07
0,0,0,0,0,2.53434e+07,0,0,1.39424e+07
0,0,0,0,0,2.5355e+07,0,0,1.39424e+07
0,0,0,0,0,2.53667e+07,0,0,1.39424e+07
0,0,0,0,0,2.43799e+07,0,0,1.39424e+07
0,0,0,0,0,2.43911e+07,0,0,1.39424e+07
0,0,0,0,0,2.44024e+07,0,0,1.39424e+07
0,0,0,0,0,2.44136e+07,0,0,1.39424e+07
0,0,0,0,0,2.35489e+07,0,0,1.39424e+07
0,0,0,0,0,2.35597e+07,0,0,1.39424e+07
0,0,0,0,0,2.35705e+07,0,0,1.39424e+07
0,0,0,0,0,2.35814e+07,0,0,1.39424e+07
0,0,0,0,0,2.15237e+07,0,0,1.39424e+07
0,0,0,0,0,2.15336e+07,0,0,1.39424e+07
0,0,0,0,0,2.15435e+07,0,0,1.39424e+07
0,0,0,0,0,2.15534e+07,0,0,1.39424e+07
0,0,0,0,0,2.15633e+07,0,0,1.39424e+07
0,0,0,0,3.31186e-33,2.22593e+07,0,0,1.39424e+07
0,0,0,0,0,2.22692e+07,0,0,1.39424e+07
0,0,0,0,0,2.22791e+07,0,0,1.39424e+07
0,0,0,0,0,2.2289e+07,0,0,1.39424e+07
0,0,0,0,0,2.46908e+07,0,0,1.39424e+07
0,0,0,0,0,2.47018e+07,0,0,1.39424e+07
0,0,0,0,0,2.47127e+07,0,0,1.39424e+07
0,0,0,0,0,2.47237e+07,0,0,1.39424e+07
0,0,0,0,0,2.14246e+07,0,0,1.39424e+07
0,0,0,0,0,2.14341e+07,0,0,1.39424e+07
0,0,0,0,0,2.14436e+07,0,0,1.39424e+07
0,0,0,0,0,2.14531e+07,0,0,1.39424e+07
0,0,0,0,0,2.14626e+07,0,0,1.39424e+07
0,0,0,0,0,2.22951e+07,0,0,1.39424e+07
0,0,0,0,0,2.2305e+07,0,0,1.39424e+07
0,0,0,0,0,2.23149e+07,0,0,1.39424e+07
0,0,0,0,0,2.23248e+07,0,0,1.39424e+07
0,0,0,0,0,2.20134e+07,0,0,1.39424e+07
0,0,0,0,0,2.20232e+07,0,0,1.39424e+07
0,0,0,0,0,2.20329e+07,0,0,1.39424e+07
0,0,0,0,0,2.20427e+07,0,0,1.39424e+07
0,0,0,0,0,2.31696e+07,0,0,1.39424e+07
0,0,0,0,0,2.31799e+07,0,0,1.39424e+07
0,0,0,0,0,2.31902e+07,0,0,1.39424e+07
0,0,0,0,0,2.32004e+07,0,0,1.39424e+07
0,0,0,0,0,2.32107e+07,0,0,1.39424e+07
0,0,0,0,0,2.34337e+07,0,0,1.39424e+07
0,0,0,0,0,2.34441e+07,0,0,1.39424e+07
0,0,0,0,0,2.34545e+07,0,0,1.39424e+07
0,0,0,0,0,2.34648e+07,0,0,1.39424e+07
0,0,0,0,0,2.40359e+07,0,0,1.39424e+07
0,0,0,0,0,2.40465e+07,0,0,1.39424e+07
0,0,0,0,0,2.40571e+07,0,0,1.39424e+07
0,0,0,0,0,2.40678e+07,0,0,1.39424e+07
0,0,0,0,0,2.59177e+07,0,0,1.39424e+07
0,0,0,0,0,2.59291e+07,0,0,1.39424e+07
0,0,0,0,0,2.59406e+07,0,0,1.39424e+07
0,0,0,0,0,2.5952e+07,0,0,1.39424e+07
0,0,0,0,0,2.59635e+07,0,0,1.39424e+07
0,0,0,0,0,2.4953e+07,0,0,1.39424e+07
0,0,0,0,0,2.4964e+07,0,0,1.39424e+07
0,0,0,0,0,2.49751e+07,0,0,1.39424e+07
0,0,0,0,0,2.49861e+07,0,0,1.39424e+07
0,0,0,0,0,2.41006e+07,0,0,1.39424e+07
0,0,0,0,0,2.41113e+07,0,0,1.39424e+07
0,0,0,0,0,2.41219e+07,0,0,1.39424e+07
0,0,0,0,0,2.41325e+07,0,0,1.39424e+07
0,0,0,0,0,2.20264e+07,0,0,1.39424e+07
0,0,0,0,0,2.20361e+07,0,0,1.39424e+07
0,0,0,0,0,2.20458e+07,0,0,1.39424e+07
0,0,0,0,0,2.20555e+07,0,0,1.39424e+07
0,0,0,0,0,2.20652e+07,0,0,1.39424e+07
0,0,0,0,3.31186e-33,2.2777e+07,0,0,1.39424e+07
0,0,0,0,0,2.27867e+07,0,0,1.39424e+07
0,0,0,0,0,2.27964e+07,0,0,1.39424e+07
0,0,0,0,0,2.28061e+07,0,0,1.39424e+07
0,0,0,0,0,2.52631e+07,0,0,1.39424e+07
0,0,0,0,0,2.52739e+07,0,0,1.39424e+07
0,0,0,0,0,2.52846e+07,0,0,1.39424e+07
0,0,0,0,0,2.52954e+07,0,0,1.39424e+07
0,0,0,0,0,2.19195e+07,0,0,1.39424e+07
0,0,0,0,0,2.19288e+07,0,0,1.39424e+07
0,0,0,0,0,2.19382e+07,0,0,1.39424e+07
0,0,0,0,0,2.19475e+07,0,0,1.39424e+07
0,0,0,0,0,2.19568e+07,0,0,1.39424e+07
0,0,0,0,0,2.2808e+07,0,0,1.39424e+07
0,0,0,0,0,2.28177e+07,0,0,1.39424e+07
0,0,0,0,0,2.28274e+07,0,0,1.39424e+07
0,0,0,0,0,2.28371e+07,0,0,1.39424e+07
0,0,0,0,0,2.25181e+07,0,0,1.39424e+07
0,0,0,0,0,2.25277e+07,0,0,1.39424e+07
0,0,0,0,0,2.25373e+07,0,0,1.39424e+07
0,0,0,0,0,2.25468e+07,0,0,1.39424e+07
0,0,0,0,0,2.36991e+07,0,0,1.39424e+07
0,0,0,0,0,2.37091e+07,0,0,1.39424e+07
0,0,0,0,0,2.37192e+07,0,0,1.39424e+07
0,0,0,0,0,2.37292e+07,0,0,1.39424e+07
0,0,0,0,0,2.37393e+07,0,0,1.39424e+07
0,0,0,0,0,2.3967e+07,0,0,1.39424e+07
0,0,0,0,0,2.39771e+07,0,0,1.39424e+07
0,0,0,0,0,2.39873e+07,0,0,1.39424e+07
0,0,0,0,0,2.39974e+07,0,0,1.39424e+07
0,0,0,0,0,2.4581e+07,0,0,1.39424e+07
0,0,0,0,0,2.45914e+07,0,0,1.39424e+07
0,0,0,0,0,2.46018e+07,0,0,1.39424e+07
0,0,0,0,0,2.46122e+07,0,0,1.39424e+07
0,0,0,0,0,2.65035e+07,0,0,1.39424e+07
0,0,0,0,0,2.65147e+07,0,0,1.39424e+07
0,0,0,0,0,2.65259e+07,0,0,1.39424e+07
0,0,0,0,0,2.65371e+07,0,0,1.39424e+07
0,0,0,0,0,2.65483e+07,0,0,1.39424e+07
0,0,0,0,0,2.55146e+07,0,0,1.39424e+07
0,0,0,0,0,2.55254e+07,0,0,1.39424e+07
0,0,0,0,0,2.55362e+07,0,0,1.39424e+07
0,0,0,0,0,2.5547e+07,0,0,1.39424e+07
0,0,0,0,0,2.46412e+07,0,0,1.39424e+07
0,0,0,0,0,2.46516e+07,0,0,1.39424e+07
0,0,0,0,0,2.4662e+07,0,0,1.39424e+07
0,0,0,0,0,2.46724e+07,0,0,1.39424e+07
0,0,0,0,0,2.25188e+07,0,0,1.39424e+07
0,0,0,0,0,2.25283e+07,0,0,1.39424e+07
0,0,0,0,0,2.25378e+07,0,0,1.39424e+07
0,0,0,0,0,2.25473e+07,0,0,1.39424e+07
0,0,0,0,0,2.25568e+07,0,0,1.39424e+07
0,0,0,0,3.31186e-33,2.3284e+07,0,0,1.39424e+07
0,0,0,0,0,2.32935e+07,0,0,1.39424e+07
0,0,0,0,0,2.3303e+07,0,0,1.39424e+07
0,0,0,0,0,2.33125e+07,0,0,1.39424e+07
0,0,0,0,0,2.58235e+07,0,0,1.39424e+07
0,0,0,0,0,2.5834e+07,0,0,1.39424e+07
0,0,0,0,0,2.58445e+07,0,0,1.39424e+07
0,0,0,0,0,2.5855e+07,0,0,1.39424e+07
0,0,0,0,0,2.24041e+07,0,0,1.39424e+07
0,0,0,0,0,2.24132e+07,0,0,1.39424e+07
0,0,0,0,0,2.24223e+07,0,0,1.39424e+07
0,0,0,0,0,2.24314e+07,0,0,1.39424e+07
0,0,0,0,0,2.24405e+07,0,0,1.39424e+07
0,0,0,0,0,2.331e+07,0,0,1.39424e+07
0,0,0,0,0,2.33195e+07,0,0,1.39424e+07
0,0,0,0,0,2.33289e+07,0,0,1.39424e+07
0,0,0,0,0,2.33384e+07,0,0,1.39424e+07
0,0,0,0,0,2.30121e+07,0,0,1.39424e+07
0,0,0,0,0,2.30214e+07,0,0,1.39424e+07
0,0,0,0,0,2.30308e+07,0,0,1.39424e+07
0,0,0,0,0,2.30401e+07,0,0,1.39424e+07
0,0,0,0,0,2.42171e+07,0,0,1.39424e+07
0,0,0,0,0,2.42269e+07,0,0,1.39424e+07
0,0,0,0,0,2.42368e+07,0,0,1.39424e+07
0,0,0,0,0,2.42466e+07,0,0,1.39424e+07
0,0,0,0,0,2.42564e+07,0,0,1.39424e+07
0,0,0,0,0,2.44886e+07,0,0,1.39424e+07
0,0,0,0,0,2.44985e+07,0,0,1.39424e+07
0,0,0,0,0,2.45084e+07,0,0,1.39424e+07
0,0,0,0,0,2.45184e+07,0,0,1.39424e+07
0,0,0,0,0,2.51141e+07,0,0,1.39424e+07
0,0,0,0,0,2.51243e+07,0,0,1.39424e+07
0,0,0,0,0,2.51345e+07,0,0,1.39424e+07
0,0,0,0,0,2.51446e+07,0,0,1.39424e+07
0,0,0,0,0,2.70763e+07,0,0,1.39424e+07
0,0,0,0,0,2.70873e+07,0,0,1.39424e+07
0,0,0,0,0,2.70982e+07,0,0,1.39424e+07
0,0,0,0,0,2.71092e+07,0,0,1.39424e+07
0,0,0,0,0,2.71201e+07,0,0,1.39424e+07
0,0,0,0,0,2.60637e+07,0,0,1.39424e+07
0,0,0,0,0,2.60742e+07,0,0,1.39424e+07
0,0,0,0,0,2.60848e+07,0,0,1.39424e+07
0,0,0,0,0,2.60953e+07,0,0,1.39424e+07
0,0,0,0,0,2.51696e+07,0,0,1.39424e+07
0,0,0,0,0,2.51798e+07,0,0,1.39424e+07
0,0,0,0,0,2.519e+07,0,0,1.39424e+07
0,0,0,0,0,2.52001e+07,0,0,1.39424e+07
0,0,0,0,0,2.3e+07,0,0,1.39424e+07
0,0,0,0,0,2.30093e+07,0,0,1.39424e+07
0,0,0,0,0,2.30186e+07,0,0,1.39424e+07
0,0,0,0,0,2.30278e+07,0,0,1.39424e+07
0,0,0,0,0,2.30371e+07,0,0,1.39424e+07
0,0,0,0,3.31186e-33,2.37794e+07,0,0,1.39424e+07
0,0,0,0,0,2.37887e+07,0,0,1.39424e+07
0,0,0,0,0,2.37979e+07,0,0,1.39424e+07
0,0,0,0,0,2.38072e+07,0,0,1.39424e+07
0,0,0,0,0,2.6371e+07,0,0,1.39424e+07
0,0,0,0,0,2.63813e+07,0,0,1.39424e+07
0,0,0,0,0,2.63915e+07,0,0,1.39424e+07
0,0,0,0,0,2.64018e+07,0,0,1.39424e+07
0,0,0,0,0,2.28774e+07,0,0,1.39424e+07
0,0,0,0,0,2.28863e+07,0,0,1.39424e+07
0,0,0,0,0,2.28952e+07,0,0,1.39424e+07
0,0,0,0,0,2.29041e+07,0,0,1.39424e+07
0,0,0,0,0,2.2913e+07,0,0,1.39424e+07
0,0,0,0,0,2.38004e+07,0,0,1.39424e+07
0,0,0,0,0,2.38096e+07,0,0,1.39424e+07
0,0,0,0,0,2.38188e+07,0,0,1.39424e+07
0,0,0,0,0,2.38281e+07,0,0,1.39424e+07
0,0,0,0,0,2.34945e+07,0,0,1.39424e+07
0,0,0,0,0,2.35036e+07,0,0,1.39424e+07
0,0,0,0,0,2.35127e+07,0,0,1.39424e+07
0,0,0,0,0,2.35218e+07,0,0,1.39424e+07
0,0,0,0,0,2.4723e+07,0,0,1.39424e+07
0,0,0,0,0,2.47326e+07,0,0,1.39424e+07
0,0,0,0,0,2.47422e+07,0,0,1.39424e+07
0,0,0,0,0,2.47518e+07,0,0,1.39424e+07
0,0,0,0,0,2.47613e+07,0,0,1.39424e+07
0,0,0,0,0,2.49979e+07,0,0,1.39424e+07
0,0,0,0,0,2.50076e+07,0,0,1.39424e+07
0,0,0,0,0,2.50173e+07,0,0,1.39424e+07
0,0,0,0,0,2.50269e+07,0,0,1.39424e+07
0,0,0,0,0,2.56346e+07,0,0,1.39424e+07
0,0,0,0,0,2.56445e+07,0,0,1.39424e+07
0,0,0,0,0,2.56544e+07,0,0,1.39424e+07
0,0,0,0,0,2.56644e+07,0,0,1.39424e+07
0,0,0,0,0,2.76355e+07,0,0,1.39424e+07
0,0,0,0,0,2.76462e+07,0,0,1.39424e+07
0,0,0,0,0,2.76568e+07,0,0,1.39424e+07
0,0,0,0,0,2.76675e+07,0,0,1.39424e+07
0,0,0,0,0,2.76782e+07,0,0,1.39424e+07
0,0,0,0,0,2.65996e+07,0,0,1.39424e+07
0,0,0,0,0,2.66098e+07,0,0,1.39424e+07
0,0,0,0,0,2.66201e+07,0,0,1.39424e+07
0,0,0,0,0,2.66304e+07,0,0,1.39424e+07
0,0,0,0,0,2.56853e+07,0,0,1.39424e+07
0,0,0,0,0,2.56952e+07,0,0,1.39424e+07
0,0,0,0,0,2.57051e+07,0,0,1.39424e+07
0,0,0,0,0,2.5715e+07,0,0,1.39424e+07
0,0,0,0,0,2.34695e+07,0,0,1.39424e+07
0,0,0,0,0,2.34786e+07,0,0,1.39424e+07
0,0,0,0,0,2.34876e+07,0,0,1.39424e+07
0,0,0,0,0,2.34967e+07,0,0,1.39424e+07
0,0,0,0,0,2.35058e+07,0,0,1.39424e+07
0,0,0,0,0,2.42627e+07,0,0,1.39424e+07
0,0,0,0,3.31186e-33,2.42717e+07,0,0,1.39424e+07
0,0,0,0,0,2.42807e+07,0,0,1.39424e+07
0,0,0,0,0,2.42898e+07,0,0,1.39424e+07
0,0,0,0,0,2.69051e+07,0,0,1.39424e+07
0,0,0,0,0,2.69151e+07,0,0,1.39424e+07
0,0,0,0,0,2.69251e+07,0,0,1.39424e+07
0,0,0,0,0,2.69351e+07,0,0,1.39424e+07
0,0,0,0,0,2.33391e+07,0,0,1.39424e+07
0,0,0,0,0,2.33478e+07,0,0,1.39424e+07
0,0,0,0,0,2.33565e+07,0,0,1.39424e+07
0,0,0,0,0,2.33651e+07,0,0,1.39424e+07
0,0,0,0,0,2.33738e+07,0,0,1.39424e+07
0,0,0,0,0,2.42786e+07,0,0,1.39424e+07
0,0,0,0,0,2.42876e+07,0,0,1.39424e+07
0,0,0,0,0,2.42966e+07,0,0,1.39424e+07
0,0,0,0,0,2.43056e+07,0,0,1.39424e+07
0,0,0,0,0,2.39649e+07,0,0,1.39424e+07
0,0,0,0,0,2.39738e+07,0,0,1.39424e+07
0,0,0,0,0,2.39826e+07,0,0,1.39424e+07
0,0,0,0,0,2.39915e+07,0,0,1.39424e+07
0,0,0,0,0,2.52162e+07,0,0,1.39424e+07
0,0,0,0,0,2.52256e+07,0,0,1.39424e+07
0,0,0,0,0,2.52349e+07,0,0,1.39424e+07
0,0,0,0,0,2.52443e+07,0,0,1.39424e+07
0,0,0,0,0,2.52536e+07,0,0,1.39424e+07
0,0,0,0,0,2.54944e+07,0,0,1.39424e+07
0,0,0,0,0,2.55038e+07,0,0,1.39424e+07
0,0,0,0,0,2.55133e+07,0,0,1.39424e+07
0,0,0,0,0,2.55227e+07,0,0,1.39424e+07
0,0,0,0,0,2.61419e+07,0,0,1.39424e+07
0,0,0,0,0,2.61516e+07,0,0,1.39424e+07
0,0,0,0,0,2.61613e+07,0,0,1.39424e+07
0,0,0,0,0,2.61709e+07,0,0,1.39424e+07
0,0,0,0,0,2.81805e+07,0,0,1.39424e+07
0,0,0,0,0,2.81909e+07,0,0,1.39424e+07
0,0,0,0,0,2.82013e+07,0,0,1.39424e+07
0,0,0,0,0,2.82117e+07,0,0,1.39424e+07
0,0,0,0,0,2.82221e+07,0,0,1.39424e+07
0,0,0,0,0,2.71218e+07,0,0,1.39424e+07
0,0,0,0,0,2.71318e+07,0,0,1.39424e+07
0,0,0,0,0,2.71418e+07,0,0,1.39424e+07
0,0,0,0,0,2.71518e+07,0,0,1.39424e+07
0,0,0,0,0,2.61877e+07,0,0,1.39424e+07
0,0,0,0,0,2.61974e+07,0,0,1.39424e+07
0,0,0,0,0,2.62071e+07,0,0,1.39424e+07
0,0,0,0,0,2.62167e+07,0,0,1.39424e+07
0,0,0,0,0,2.3927e+07,0,0,1.39424e+07
0,0,0,0,0,2.39358e+07,0,0,1.39424e+07
0,0,0,0,0,2.39446e+07,0,0,1.39424e+07
0,0,0,0,0,2.39535e+07,0,0,1.39424e+07
0,0,0,0,0,2.39623e+07,0,0,1.39424e+07
0,0,0,0,0,2.39623e+07,0,0,1.39424e+07
0,0,0,0,3.31186e-33,2.47335e+07,0,0,1.39424e+07
0,0,0,0,0,2.47423e+07,0,0,1.39424e+07
0,0,0,0,0,2.47511e+07,0,0,1.39424e+07
0,0,0,0,0,2.47598e+07,0,0,1.39424e+07
0,0,0,0,0,2.74254e+07,0,0,1.39424e+07
0,0,0,0,0,2.74351e+07,0,0,1.39424e+07
0,0,0,0,0,2.74448e+07,0,0,1.39424e+07
0,0,0,0,0,2.74545e+07,0,0,1.39424e+07
0,0,0,0,0,2.37888e+07,0,0,1.39424e+07
0,0,0,0,0,2.37972e+07,0,0,1.39424e+07
0,0,0,0,0,2.38056e+07,0,0,1.39424e+07
0,0,0,0,0,2.38141e+07,0,0,1.39424e+07
0,0,0,0,0,2.38225e+07,0,0,1.39424e+07
0,0,0,0,0,2.47442e+07,0,0,1.39424e+07
0,0,0,0,0,2.4753e+07,0,0,1.39424e+07
0,0,0,0,0,2.47618e+07,0,0,1.39424e+07
0,0,0,0,0,2.47705e+07,0,0,1.39424e+07
0,0,0,0,0,2.44229e+07,0,0,1.39424e+07
0,0,0,0,0,2.44315e+07,0,0,1.39424e+07
0,0,0,0,0,2.44401e+07,0,0,1.39424e+07
0,0,0,0,0,2.44488e+07,0,0,1.39424e+07
0,0,0,0,0,2.56964e+07,0,0,1.39424e+07
0,0,0,0,0,2.57055e+07,0,0,1.39424e+07
0,0,0,0,0,2.57146e+07,0,0,1.39424e+07
0,0,0,0,0,2.57237e+07,0,0,1.39424e+07
0,0,0,0,0,2.57327e+07,0,0,1.39424e+07
0,0,0,0,0,2.59777e+07,0,0,1.39424e+07
0,0,0,0,0,2.59869e+07,0,0,1.39424e+07
0,0,0,0,0,2.5996e+07,0,0,1.39424e+07
0,0,0,0,0,2.60052e+07,0,0,1.39424e+07
0,0,0,0,0,2.66357e+07,0,0,1.39424e+07
0,0,0,0,0,2.66451e+07,0,0,1.39424e+07
0,0,0,0,0,2.66545e+07,0,0,1.39424e+07
0,0,0,0,0,2.66639e+07,0,0,1.39424e+07
0,0,0,0,0,2.87108e+07,0,0,1.39424e+07
0,0,0,0,0,2.87209e+07,0,0,1.39424e+07
0,0,0,0,0,2.8731e+07,0,0,1.39424e+07
0,0,0,0,0,2.87412e+07,0,0,1.39424e+07
0,0,0,0,0,2.87513e+07,0,0,1.39424e+07
0,0,0,0,0,2.76299e+07,0,0,1.39424e+07
0,0,0,0,0,2.76396e+07,0,0,1.39424e+07
0,0,0,0,0,2.76493e+07,0,0,1.39424e+07
0,0,0,0,0,2.76591e+07,0,0,1.39424e+07
0,0,0,0,0,2.66765e+07,0,0,1.39424e+07
0,0,0,0,0,2.66859e+07,0,0,1.39424e+07
0,0,0,0,0,2.66953e+07,0,0,1.39424e+07
0,0,0,0,0,2.67047e+07,0,0,1.39424e+07
0,0,0,0,0,2.4372e+07,0,0,1.39424e+07
0,0,0,0,0,2.43805e+07,0,0,1.39424e+07
0,0,0,0,0,2.43891e+07,0,0,1.39424e+07
0,0,0,0,0,2.43977e+07,0,0,1.39424e+07
0,0,0,0,0,2.44063e+07,0,0,1.39424e+07
0,0,0,0,3.31186e-33,2.51914e+07,0,0,1.39424e+07
0,0,0,0,0,2.51999e+07,0,0,1.39424e+07
0,0,0,0,0,2.52084e+07,0,0,1.39424e+07
0,0,0,0,0,2.52169e+07,0,0,1.39424e+07
0,0,0,0,0,2.79312e+07,0,0,1.39424e+07
0,0,0,0,0,2.79406e+07,0,0,1.39424e+07
0,0,0,0,0,2.795e+07,0,0,1.39424e+07
0,0,0,0,0,2.79595e+07,0,0,1.39424e+07
0,0,0,0,0,2.42259e+07,0,0,1.39424e+07
0,0,0,0,0,2.42341e+07,0,0,1.39424e+07
0,0,0,0,0,2.42423e+07,0,0,1.39424e+07
0,0,0,0,0,2.42505e+07,0,0,1.39424e+07
0,0,0,0,0,2.42586e+07,0,0,1.39424e+07
0,0,0,0,0,2.51969e+07,0,0,1.39424e+07
0,0,0,0,0,2.52054e+07,0,0,1.39424e+07
0,0,0,0,0,2.52139e+07,0,0,1.39424e+07
0,0,0,0,0,2.52224e+07,0,0,1.39424e+07
0,0,0,0,0,2.4868e+07,0,0,1.39424e+07
0,0,0,0,0,2.48763e+07,0,0,1.39424e+07
0,0,0,0,0,2.48847e+07,0,0,1.39424e+07
0,0,0,0,0,2.48931e+07,0,0,1.39424e+07
0,0,0,0,0,2.6163e+07,0,0,1.39424e+07
0,0,0,0,0,2.61718e+07,0,0,1.39424e+07
0,0,0,0,0,2.61806e+07,0,0,1.39424e+07
0,0,0,0,0,2.61894e+07,0,0,1.39424e+07
0,0,0,0,0,2.61982e+07,0,0,1.39424e+07
0,0,0,0,0,2.64472e+07,0,0,1.39424e+07
0,0,0,0,0,2.64561e+07,0,0,1.39424e+07
0,0,0,0,0,2.6465e+07,0,0,1.39424e+07
0,0,0,0,0,2.64739e+07,0,0,1.39424e+07
0,0,0,0,0,2.71153e+07,0,0,1.39424e+07
0,0,0,0,0,2.71244e+07,0,0,1.39424e+07
0,0,0,0,0,2.71335e+07,0,0,1.39424e+07
0,0,0,0,0,2.71426e+07,0,0,1.39424e+07
0,0,0,0,0,2.92258e+07,0,0,1.39424e+07
0,0,0,0,0,2.92356e+07,0,0,1.39424e+07
0,0,0,0,0,2.92455e+07,0,0,1.39424e+07
0,0,0,0,0,2.92553e+07,0,0,1.39424e+07
0,0,0,0,0,2.92651e+07,0,0,1.39424e+07
0,0,0,0,0,2.81232e+07,0,0,1.39424e+07
0,0,0,0,0,2.81326e+07,0,0,1.39424e+07
0,0,0,0,0,2.81421e+07,0,0,1.39424e+07
0,0,0,0,0,2.81516e+07,0,0,1.39424e+07
0,0,0,0,0,2.71511e+07,0,0,1.39424e+07
0,0,0,0,0,2.71602e+07,0,0,1.39424e+07
0,0,0,0,0,2.71693e+07,0,0,1.39424e+07
0,0,0,0,0,2.71784e+07,0,0,1.39424e+07
0,0,0,0,0,2.48039e+07,0,0,1.39424e+07
0,0,0,0,0,2.48122e+07,0,0,1.39424e+07
0,0,0,0,0,2.48205e+07,0,0,1.39424e+07
0,0,0,0,0,2.48288e+07,0,0,1.39424e+07
0,0,0,0,0,2.48372e+07,0,0,1.39424e+07
0,0,0,0,3.31186e-33,2.56357e+07,0,0,1.39424e+07
0,0,0,0,0,2.5644e+07,0,0,1.39424e+07
0,0,0,0,0,2.56522e+07,0,0,1.39424e+07
0,0,0,0,0,2.56605e+07,0,0,1.39424e+07
0,0,0,0,0,2.8422e+07,0,0,1.39424e+07
0,0,0,0,0,2.84311e+07,0,0,1.39424e+07
0,0,0,0,0,2.84403e+07,0,0,1.39424e+07
0,0,0,0,0,2.84494e+07,0,0,1.39424e+07
0,0,0,0,0,2.46501e+07,0,0,1.39424e+07
0,0,0,0,0,2.4658e+07,0,0,1.39424e+07
0,0,0,0,0,2.46659e+07,0,0,1.39424e+07
0,0,0,0,0,2.46738e+07,0,0,1.39424e+07
0,0,0,0,0,2.46818e+07,0,0,1.39424e+07
0,0,0,0,0,2.56359e+07,0,0,1.39424e+07
0,0,0,0,0,2.56442e+07,0,0,1.39424e+07
0,0,0,0,0,2.56524e+07,0,0,1.39424e+07
0,0,0,0,0,2.56606e+07,0,0,1.39424e+07
0,0,0,0,0,2.52997e+07,0,0,1.39424e+07
0,0,0,0,0,2.53078e+07,0,0,1.39424e+07
0,0,0,0,0,2.53159e+07,0,0,1.39424e+07
0,0,0,0,0,2.5324e+07,0,0,1.39424e+07
0,0,0,0,0,2.66155e+07,0,0,1.39424e+07
0,0,0,0,0,2.6624e+07,0,0,1.39424e+07
0,0,0,0,0,2.66325e+07,0,0,1.39424e+07
0,0,0,0,0,2.66411e+07,0,0,1.39424e+07
0,0,0,0,0,2.66496e+07,0,0,1.39424e+07
0,0,0,0,0,2.69024e+07,0,0,1.39424e+07
0,0,0,0,0,2.69111e+07,0,0,1.39424e+07
0,0,0,0,0,2.69197e+07,0,0,1.39424e+07
0,0,0,0,0,2.69283e+07,0,0,1.39424e+07
0,0,0,0,0,2.75803e+07,0,0,1.39424e+07
0,0,0,0,0,2.75891e+07,0,0,1.39424e+07
0,0,0,0,0,2.7598e+07,0,0,1.39424e+07
0,0,0,0,0,2.76068e+07,0,0,1.39424e+07
0,0,0,0,0,2.97251e+07,0,0,1.39424e+07
0,0,0,0,0,2.97346e+07,0,0,1.39424e+07
0,0,0,0,0,2.97441e+07,0,0,1.39424e+07
0,0,0,0,0,2.97537e+07,0,0,1.39424e+07
0,0,0,0,0,2.97632e+07,0,0,1.39424e+07
0,0,0,0,0,2.86014e+07,0,0,1.39424e+07
0,0,0,0,0,2.86105e+07,0,0,1.39424e+07
0,0,0,0,0,2.86197e+07,0,0,1.39424e+07
0,0,0,0,0,2.86288e+07,0,0,1.39424e+07
0,0,0,0,0,2.76109e+07,0,0,1.39424e+07
0,0,0,0,0,2.76198e+07,0,0,1.39424e+07
0,0,0,0,0,2.76286e+07,0,0,1.39424e+07
0,0,0,0,0,2.76374e+07,0,0,1.39424e+07
0,0,0,0,0,2.52224e+07,0,0,1.39424e+07
0,0,0,0,0,2.52305e+07,0,0,1.39424e+07
0,0,0,0,0,2.52385e+07,0,0,1.39424e+07
0,0,0,0,0,2.52466e+07,0,0,1.39424e+07
0,0,0,0,0,2.52546e+07,0,0,1.39424e+07
0,0,0,0,3.31186e-33,2.60662e+07,0,0,1.39424e+07
0,0,0,0,0,2.60742e+07,0,0,1.39424e+07
0,0,0,0,0,2.60822e+07,0,0,1.39424e+07
0,0,0,0,0,2.60902e+07,0,0,1.39424e+07
0,0,0,0,0,2.88975e+07,0,0,1.39424e+07
0,0,0,0,0,2.89063e+07,0,0,1.39424e+07
0,0,0,0,0,2.89152e+07,0,0,1.39424e+07
0,0,0,0,0,2.8924e+07,0,0,1.39424e+07
0,0,0,0,0,2.50609e+07,0,0,1.39424e+07
0,0,0,0,0,2.50686e+07,0,0,1.39424e+07
0,0,0,0,0,2.50762e+07,0,0,1.39424e+07
0,0,0,0,0,2.50839e+07,0,0,1.39424e+07
0,0,0,0,0,2.50916e+07,0,0,1.39424e+07
0,0,0,0,0,2.60612e+07,0,0,1.39424e+07
0,0,0,0,0,2.60691e+07,0,0,1.39424e+07
0,0,0,0,0,2.60771e+07,0,0,1.39424e+07
0,0,0,0,0,2.60851e+07,0,0,1.39424e+07
0,0,0,0,0,2.57177e+07,0,0,1.39424e+07
0,0,0,0,0,2.57256e+07,0,0,1.39424e+07
0,0,0,0,0,2.57335e+07,0,0,1.39424e+07
0,0,0,0,0,2.57413e+07,0,0,1.39424e+07
0,0,0,0,0,2.70536e+07,0,0,1.39424e+07
0,0,0,0,0,2.70619e+07,0,0,1.39424e+07
0,0,0,0,0,2.70701e+07,0,0,1.39424e+07
0,0,0,0,0,2.70784e+07,0,0,1.39424e+07
0,0,0,0,0,2.70867e+07,0,0,1.39424e+07
0,0,0,0,0,2.73432e+07,0,0,1.39424e+07
0,0,0,0,0,2.73515e+07,0,0,1.39424e+07
0,0,0,0,0,2.73599e+07,0,0,1.39424e+07
0,0,0,0,0,2.73682e+07,0,0,1.39424e+07
0,0,0,0,0,2.80304e+07,0,0,1.39424e+07
0,0,0,0,0,2.8039e+07,0,0,1.39424e+07
0,0,0,0,0,2.80475e+07,0,0,1.39424e+07
0,0,0,0,0,2.80561e+07,0,0,1.39424e+07
0,0,0,0,0,3.02084e+07,0,0,1.39424e+07
0,0,0,0,0,3.02176e+07,0,0,1.39424e+07
0,0,0,0,0,3.02268e+07,0,0,1.39424e+07
0,0,0,0,0,3.0236e+07,0,0,1.39424e+07
0,0,0,0,0,3.02452e+07,0,0,1.39424e+07
0,0,0,0,0,2.90642e+07,0,0,1.39424e+07
0,0,0,0,0,2.9073e+07,0,0,1.39424e+07
0,0,0,0,0,2.90819e+07,0,0,1.39424e+07
0,0,0,0,0,2.90907e+07,0,0,1.39424e+07
0,0,0,0,0,2.8056e+07,0,0,1.39424e+07
0,0,0,0,0,2.80645e+07,0,0,1.39424e+07
0,0,0,0,0,2.80731e+07,0,0,1.39424e+07
0,0,0,0,0,2.80816e+07,0,0,1.39424e+07
0,0,0,0,0,2.56273e+07,0,0,1.39424e+07
0,0,0,0,0,2.56351e+07,0,0,1.39424e+07
0,0,0,0,0,2.56429e+07,0,0,1.39424e+07
0,0,0,0,0,2.56507e+07,0,0,1.39424e+07
0,0,0,0,0,2.56585e+07,0,0,1.39424e+07
0,0,0,0,3.31186e-33,2.64827e+07,0,0,1.39424e+07
0,0,0,0,0,2.64904e+07,0,0,1.39424e+07
0,0,0,0,0,2.64982e+07,0,0,1.39424e+07
0,0,0,0,0,2.65059e+07,0,0,1.39424e+07
0,0,0,0,0,2.93576e+07,0,0,1.39424e+07
0,0,0,0,0,2.93661e+07,0,0,1.39424e+07
0,0,0,0,0,2.93747e+07,0,0,1.39424e+07
0,0,0,0,0,2.93832e+07,0,0,1.39424e+07
0,0,0,0,0,2.54584e+07,0,0,1.39424e+07
0,0,0,0,0,2.54658e+07,0,0,1.39424e+07
0,0,0,0,0,2.54733e+07,0,0,1.39424e+07
0,0,0,0,0,2.54807e+07,0,0,1.39424e+07
0,0,0,0,0,2.54881e+07,0,0,1.39424e+07
0,0,0,0,0,2.64727e+07,0,0,1.39424e+07
0,0,0,0,0,2.64804e+07,0,0,1.39424e+07
0,0,0,0,0,2.64881e+07,0,0,1.39424e+07
0,0,0,0,0,2.64958e+07,0,0,1.39424e+07
0,0,0,0,0,2.61223e+07,0,0,1.39424e+07
0,0,0,0,0,2.61299e+07,0,0,1.39424e+07
0,0,0,0,0,2.61375e+07,0,0,1.39424e+07
0,0,0,0,0,2.61451e+07,0,0,1.39424e+07
0,0,0,0,0,2.74776e+07,0,0,1.39424e+07
0,0,0,0,0,2.74856e+07,0,0,1.39424e+07
0,0,0,0,0,2.74936e+07,0,0,1.39424e+07
0,0,0,0,0,2.75016e+07,0,0,1.39424e+07
0,0,0,0,0,2.75096e+07,0,0,1.39424e+07
0,0,0,0,0,2.77697e+07,0,0,1.39424e+07
0,0,0,0,0,2.77778e+07,0,0,1.39424e+07
0,0,0,0,0,2.77859e+07,0,0,1.39424e+07
0,0,0,0,0,2.7794e+07,0,0,1.39424e+07
0,0,0,0,0,2.84661e+07,0,0,1.39424e+07
0,0,0,0,0,2.84743e+07,0,0,1.39424e+07
0,0,0,0,0,2.84826e+07,0,0,1.39424e+07
0,0,0,0,0,2.84909e+07,0,0,1.39424e+07
0,0,0,0,0,3.06761e+07,0,0,1.39424e+07
0,0,0,0,0,3.06851e+07,0,0,1.39424e+07
0,0,0,0,0,3.0694e+07,0,0,1.39424e+07
0,0,0,0,0,3.07029e+07,0,0,1.39424e+07
0,0,0,0,0,3.07118e+07,0,0,1.39424e+07
0,0,0,0,0,2.95121e+07,0,0,1.39424e+07
0,0,0,0,0,2.95206e+07,0,0,1.39424e+07
0,0,0,0,0,2.95292e+07,0,0,1.39424e+07
0,0,0,0,0,2.95378e+07,0,0,1.39424e+07
0,0,0,0,0,2.84867e+07,0,0,1.39424e+07
0,0,0,0,0,2.8495e+07,0,0,1.39424e+07
0,0,0,0,0,2.85033e+07,0,0,1.39424e+07
0,0,0,0,0,2.85116e+07,0,0,1.39424e+07
0,0,0,0,0,2.60193e+07,0,0,1.39424e+07
0,0,0,0,0,2.60269e+07,0,0,1.39424e+07
0,0,0,0,0,2.60344e+07,0,0,1.39424e+07
0,0,0,0,0,2.6042e+07,0,0,1.39424e+07
0,0,0,0,0,2.60495e+07,0,0,1.39424e+07
0,0,0,0,0,2.68859e+07,0,0,1.39424e+07
0,0,0,0,3.31186e-33,2.68934e+07,0,0,1.39424e+07
0,0,0,0,0,2.69009e+07,0,0,1.39424e+07
0,0,0,0,0,2.69084e+07,0,0,1.39424e+07
0,0,0,0,0,2.98029e+07,0,0,1.39424e+07
0,0,0,0,0,2.98112e+07,0,0,1.39424e+07
0,0,0,0,0,2.98195e+07,0,0,1.39424e+07
0,0,0,0,0,2.98278e+07,0,0,1.39424e+07
0,0,0,0,0,2.58432e+07,0,0,1.39424e+07
0,0,0,0,0,2.58504e+07,0,0,1.39424e+07
0,0,0,0,0,2.58576e+07,0,0,1.39424e+07
0,0,0,0,0,2.58648e+07,0,0,1.39424e+07
0,0,0,0,0,2.5872e+07,0,0,1.39424e+07
0,0,0,0,0,2.6871e+07,0,0,1.39424e+07
0,0,0,0,0,2.68785e+07,0,0,1.39424e+07
0,0,0,0,0,2.6886e+07,0,0,1.39424e+07
0,0,0,0,0,2.68934e+07,0,0,1.39424e+07
0,0,0,0,0,2.6514e+07,0,0,1.39424e+07
0,0,0,0,0,2.65213e+07,0,0,1.39424e+07
0,0,0,0,0,2.65287e+07,0,0,1.39424e+07
0,0,0,0,0,2.65361e+07,0,0,1.39424e+07
0,0,0,0,0,2.78881e+07,0,0,1.39424e+07
0,0,0,0,0,2.78959e+07,0,0,1.39424e+07
0,0,0,0,0,2.79036e+07,0,0,1.39424e+07
0,0,0,0,0,2.79114e+07,0,0,1.39424e+07
0,0,0,0,0,2.79191e+07,0,0,1.39424e+07
0,0,0,0,0,2.81827e+07,0,0,1.39424e+07
0,0,0,0,0,2.81906e+07,0,0,1.39424e+07
0,0,0,0,0,2.81984e+07,0,0,1.39424e+07
0,0,0,0,0,2.82062e+07,0,0,1.39424e+07
0,0,0,0,0,2.88879e+07,0,0,1.39424e+07
0,0,0,0,0,2.88959e+07,0,0,1.39424e+07
0,0,0,0,0,2.89039e+07,0,0,1.39424e+07
0,0,0,0,0,2.89119e+07,0,0,1.39424e+07
0,0,0,0,0,3.1129e+07,0,0,1.39424e+07
0,0,0,0,0,3.11377e+07,0,0,1.39424e+07
0,0,0,0,0,3.11463e+07,0,0,1.39424e+07
0,0,0,0,0,3.11549e+07,0,0,1.39424e+07
0,0,0,0,0,3.11636e+07,0,0,1.39424e+07
0,0,0,0,0,2.99458e+07,0,0,1.39424e+07
0,0,0,0,0,2.99541e+07,0,0,1.39424e+07
0,0,0,0,0,2.99624e+07,0,0,1.39424e+07
0,0,0,0,0,2.99707e+07,0,0,1.39424e+07
0,0,0,0,0,2.89039e+07,0,0,1.39424e+07
0,0,0,0,0,2.89119e+07,0,0,1.39424e+07
0,0,0,0,0,2.89199e+07,0,0,1.39424e+07
0,0,0,0,0,2.89279e+07,0,0,1.39424e+07
0,0,0,0,0,2.63989e+07,0,0,1.39424e+07
0,0,0,0,0,2.64062e+07,0,0,1.39424e+07
0,0,0,0,0,2.64135e+07,0,0,1.39424e+07
0,0,0,0,0,2.64209e+07,0,0,1.39424e+07
0,0,0,0,0,2.64282e+07,0,0,1.39424e+07
0,0,0,0,0,2.64282e+07,0,0,1.39424e+07
0,0,0,0,3.31186e-33,2.72763e+07,0,0,1.39424e+07
0,0,0,0,0,2.72836e+07,0,0,1.39424e+07
0,0,0,0,0,2.72908e+07,0,0,1.39424e+07
0,0,0,0,0,2.7298e+07,0,0,1.39424e+07
0,0,0,0,0,3.02341e+07,0,0,1.39424e+07
0,0,0,0,0,3.02421e+07,0,0,1.39424e+07
0,0,0,0,0,3.02502e+07,0,0,1.39424e+07
0,0,0,0,0,3.02582e+07,0,0,1.39424e+07
0,0,0,0,0,2.62158e+07,0,0,1.39424e+07
0,0,0,0,0,2.62227e+07,0,0,1.39424e+07
0,0,0,0,0,2.62297e+07,0,0,1.39424e+07
0,0,0,0,0,2.62366e+07,0,0,1.39424e+07
0,0,0,0,0,2.62436e+07,0,0,1.39424e+07
0,0,0,0,0,2.72566e+07,0,0,1.39424e+07
0,0,0,0,0,2.72638e+07,0,0,1.39424e+07
0,0,0,0,0,2.7271e+07,0,0,1.39424e+07
0,0,0,0,0,2.72783e+07,0,0,1.39424e+07
0,0,0,0,0,2.6893e+07,0,0,1.39424e+07
0,0,0,0,0,2.69002e+07,0,0,1.39424e+07
0,0,0,0,0,2.69073e+07,0,0,1.39424e+07
0,0,0,0,0,2.69144e+07,0,0,1.39424e+07
0,0,0,0,0,2.82854e+07,0,0,1.39424e+07
0,0,0,0,0,2.82928e+07,0,0,1.39424e+07
0,0,0,0,0,2.83003e+07,0,0,1.39424e+07
0,0,0,0,0,2.83078e+07,0,0,1.39424e+07
0,0,0,0,0,2.83153e+07,0,0,1.39424e+07
0,0,0,0,0,2.85823e+07,0,0,1.39424e+07
0,0,0,0,0,2.85899e+07,0,0,1.39424e+07
0,0,0,0,0,2.85974e+07,0,0,1.39424e+07
0,0,0,0,0,2.8605e+07,0,0,1.39424e+07
0,0,0,0,0,2.92959e+07,0,0,1.39424e+07
0,0,0,0,0,2.93037e+07,0,0,1.39424e+07
0,0,0,0,0,2.93114e+07,0,0,1.39424e+07
0,0,0,0,0,2.93192e+07,0,0,1.39424e+07
0,0,0,0,0,3.15671e+07,0,0,1.39424e+07
0,0,0,0,0,3.15754e+07,0,0,1.39424e+07
0,0,0,0,0,3.15838e+07,0,0,1.39424e+07
0,0,0,0,0,3.15921e+07,0,0,1.39424e+07
0,0,0,0,0,3.16005e+07,0,0,1.39424e+07
0,0,0,0,0,3.03652e+07,0,0,1.39424e+07
0,0,0,0,0,3.03733e+07,0,0,1.39424e+07
0,0,0,0,0,3.03813e+07,0,0,1.39424e+07
0,0,0,0,0,3.03893e+07,0,0,1.39424e+07
0,0,0,0,0,2.93072e+07,0,0,1.39424e+07
0,0,0,0,0,2.93149e+07,0,0,1.39424e+07
0,0,0,0,0,2.93227e+07,0,0,1.39424e+07
0,0,0,0,0,2.93304e+07,0,0,1.39424e+07
0,0,0,0,0,2.67659e+07,0,0,1.39424e+07
0,0,0,0,0,2.6773e+07,0,0,1.39424e+07
0,0,0,0,0,2.678e+07,0,0,1.39424e+07
0,0,0,0,0,2.67871e+07,0,0,1.39424e+07
0,0,0,0,0,2.67942e+07,0,0,1.39424e+07
0,0,0,0,3.31186e-33,2.76537e+07,0,0,1.39424e+07
0,0,0,0,3.31186e-33,2.76607e+07,0,0,1.39424e+07
0,0,0,0,0,2.76677e+07,0,0,1.39424e+07
0,0,0,0,0,2.76747e+07,0,0,1.39424e+07
0,0,0,0,0,3.06509e+07,0,0,1.39424e+07
0,0,0,0,0,3.06586e+07,0,0,1.39424e+07
0,0,0,0,0,3.06664e+07,0,0,1.39424e+07
0,0,0,0,0,3.06741e+07,0,0,1.39424e+07
0,0,0,0,0,2.65758e+07,0,0,1.39424e+07
0,0,0,0,0,2.65825e+07,0,0,1.39424e+07
0,0,0,0,0,2.65892e+07,0,0,1.39424e+07
0,0,0,0,0,2.65959e+07,0,0,1.39424e+07
0,0,0,0,0,2.66026e+07,0,0,1.39424e+07
0,0,0,0,0,2.76292e+07,0,0,1.39424e+07
0,0,0,0,0,2.76361e+07,0,0,1.39424e+07
0,0,0,0,0,2.76431e+07,0,0,1.39424e+07
0,0,0,0,0,2.76501e+07,0,0,1.39424e+07
0,0,0,0,0,2.72593e+07,0,0,1.39424e+07
0,0,0,0,0,2.72661e+07,0,0,1.39424e+07
0,0,0,0,0,2.7273e+07,0,0,1.39424e+07
0,0,0,0,0,2.72799e+07,0,0,1.39424e+07
0,0,0,0,0,2.86691e+07,0,0,1.39424e+07
0,0,0,0,0,2.86763e+07,0,0,1.39424e+07
0,0,0,0,0,2.86835e+07,0,0,1.39424e+07
0,0,0,0,0,2.86908e+07,0,0,1.39424e+07
0,0,0,0,0,2.8698e+07,0,0,1.39424e+07
0,0,0,0,0,2.89682e+07,0,0,1.39424e+07
0,0,0,0,0,2.89755e+07,0,0,1.39424e+07
0,0,0,0,0,2.89828e+07,0,0,1.39424e+07
0,0,0,0,0,2.89901e+07,0,0,1.39424e+07
0,0,0,0,0,2.969e+07,0,0,1.39424e+07
0,0,0,0,0,2.96975e+07,0,0,1.39424e+07
0,0,0,0,0,2.97049e+07,0,0,1.39424e+07
0,0,0,0,0,2.97124e+07,0,0,1.39424e+07
0,0,0,0,0,3.19901e+07,0,0,1.39424e+07
0,0,0,0,0,3.19982e+07,0,0,1.39424e+07
0,0,0,0,0,3.20062e+07,0,0,1.39424e+07
0,0,0,0,0,3.20143e+07,0,0,1.39424e+07
0,0,0,0,0,3.20223e+07,0,0,1.39424e+07
0,0,0,0,0,3.07702e+07,0,0,1.39424e+07
0,0,0,0,0,3.07779e+07,0,0,1.39424e+07
0,0,0,0,0,3.07857e+07,0,0,1.39424e+07
0,0,0,0,0,3.07934e+07,0,0,1.39424e+07
0,0,0,0,0,2.96965e+07,0,0,1.39424e+07
0,0,0,0,0,2.9704e+07,0,0,1.39424e+07
0,0,0,0,0,2.97115e+07,0,0,1.39424e+07
0,0,0,0,0,2.9719e+07,0,0,1.39424e+07
0,0,0,0,0,2.71202e+07,0,0,1.39424e+07
0,0,0,0,0,2.77959e+07,-429981,429981,1.39424e+07
0,0,0,0,0,2.7801e+07,-428879,428879,1.39424e+07
0,0,0,0,0,2.78061e+07,-427776,427776,1.39424e+07
0,0,0,0,0,2.78113e+07,-426673,426673,1.39424e+07
0,0,0,0,0,2.86801e+07,-425571,425571,1.39424e+07
0,0,0,0,0,2.84642e+07,-282497,282497,1.39424e+07
0,0,0,0,0,2.84693e+07,-281408,281408,1.39424e+07
0,0,0,0,0,2.84743e+07,-280320,280320,1.39424e+07
0,0,0,0,0,3.14875e+07,-279231,279231,1.39424e+07
0,0,0,0,0,3.10605e+07,0,0,1.39424e+07
0,0,0,0,0,3.1068e+07,0,0,1.39424e+07
0,0,0,0,0,3.10754e+07,0,0,1.39424e+07
0,0,0,0,0,2.69232e+07,0,0,1.39424e+07
0,0,0,0,0,2.76398e+07,-456451,456451,1.39424e+07
0,0,0,0,0,2.76446e+07,-455405,455405,1.39424e+07
0,0,0,0,0,2.76495e+07,-454359,454359,1.39424e+07
0,0,0,0,0,2.6949e+07,0,0,1.39424e+07
0,0,0,0,0,2.79886e+07,0,0,1.39424e+07
0,0,0,0,0,2.79953e+07,0,0,1.39424e+07
0,0,0,0,0,2.8002e+07,0,0,1.39424e+07
0,0,0,0,0,2.80087e+07,0,0,1.39424e+07
0,0,0,0,0,2.76125e+07,0,0,1.39424e+07
0,0,0,0,0,2.76191e+07,0,0,1.39424e+07
0,0,0,0,0,2.76257e+07,0,0,1.39424e+07
0,0,0,0,0,2.76323e+07,0,0,1.39424e+07
0,0,0,0,0,2.90391e+07,0,0,1.39424e+07
0,0,0,0,0,2.90461e+07,0,0,1.39424e+07
0,0,0,0,0,2.9053e+07,0,0,1.39424e+07
0,0,0,0,0,2.906e+07,0,0,1.39424e+07
0,0,0,0,0,2.9067e+07,0,0,1.39424e+07
0,0,0,0,0,2.93403e+07,0,0,1.39424e+07
0,0,0,0,0,2.93473e+07,0,0,1.39424e+07
0,0,0,0,0,2.93544e+07,0,0,1.39424e+07
0,0,0,0,0,2.93614e+07,0,0,1.39424e+07
0,0,0,0,0,3.00698e+07,0,0,1.39424e+07
0,0,0,0,0,3.0077e+07,0,0,1.39424e+07
0,0,0,0,0,3.00842e+07,0,0,1.39424e+07
0,0,0,0,0,3.00914e+07,0,0,1.39424e+07
0,0,0,0,0,3.09196e+07,-1.47818e+06,1.47818e+06,1.39424e+07
0,0,0,0,0,3.0927e+07,-1.47853e+06,1.47853e+06,1.39424e+07
0,0,0,0,0,3.09344e+07,-1.47888e+06,1.47888e+06,1.39424e+07
0,0,0,0,0,3.09418e+07,-1.47924e+06,1.47924e+06,1.39424e+07
0,0,0,0,0,3.09492e+07,-1.47959e+06,1.47959e+06,1.39424e+07
0,0,0,0,0,3.11604e+07,0,0,1.39424e+07
0,0,0,0,0,3.11679e+07,0,0,1.39424e+07
0,0,0,0,0,3.11753e+07,0,0,1.39424e+07
0,0,0,0,0,3.11828e+07,0,0,1.39424e+07
0,0,0,0,0,3.00717e+07,0,0,1.39424e+07
0,0,0,0,0,3.00788e+07,0,0,1.39424e+07
0,0,0,0,0,3.0086e+07,0,0,1.39424e+07
0,0,0,0,0,3.00932e+07,0,0,1.39424e+07
0,0,0,0,0,2.74614e+07,0,0,1.39424e+07
0,0,0,0,0,2.8051e+07,-374796,374796,1.39424e+07
0,0,0,0,0,2.8056e+07,-373735,373735,1.39424e+07
0,0,0,0,0,2.80609e+07,-372673,372673,1.39424e+07
0,0,0,0,0,2.80658e+07,-371611,371611,1.39424e+07
0,0,0,0,0,2.89452e+07,-370549,370549,1.39424e+07
0,0,0,0,0,2.87264e+07,-225740,225740,1.39424e+07
0,0,0,0,0,2.87312e+07,-224695,224695,1.39424e+07
0,0,0,0,0,2.87361e+07,-223649,223649,1.39424e+07
0,0,0,0,0,3.14402e+07,0,0,1.39424e+07
0,0,0,0,0,3.14474e+07,0,0,1.39424e+07
0,0,0,0,0,3.14546e+07,0,0,1.39424e+07
0,0,0,0,0,3.14617e+07,0,0,1.39424e+07
0,0,0,0,0,2.72575e+07,0,0,1.39424e+07
0,0,0,0,0,2.78896e+07,-402310,402310,1.39424e+07
0,0,0,0,0,2.72699e+07,0,0,1.39424e+07
0,0,0,0,0,2.72761e+07,0,0,1.39424e+07
0,0,0,0,0,2.72823e+07,0,0,1.39424e+07
0,0,0,0,0,2.83344e+07,0,0,1.39424e+07
0,0,0,0,0,2.83408e+07,0,0,1.39424e+07
0,0,0,0,0,2.83473e+07,0,0,1.39424e+07
0,0,0,0,0,2.83537e+07,0,0,1.39424e+07
0,0,0,0,0,2.79522e+07,0,0,1.39424e+07
0,0,0,0,0,2.79586e+07,0,0,1.39424e+07
0,0,0,0,0,2.7965e+07,0,0,1.39424e+07
0,0,0,0,0,2.79713e+07,0,0,1.39424e+07
0,0,0,0,0,2.9395e+07,0,0,1.39424e+07
0,0,0,0,0,2.94017e+07,0,0,1.39424e+07
0,0,0,0,0,2.94084e+07,0,0,1.39424e+07
0,0,0,0,0,2.9415e+07,0,0,1.39424e+07
0,0,0,0,0,2.94217e+07,0,0,1.39424e+07
0,0,0,0,0,2.9698e+07,0,0,1.39424e+07
0,0,0,0,0,2.97048e+07,0,0,1.39424e+07
0,0,0,0,0,2.97115e+07,0,0,1.39424e+07
0,0,0,0,0,2.97183e+07,0,0,1.39424e+07
0,0,0,0,0,3.0435e+07,0,0,1.39424e+07
0,0,0,0,0,3.04419e+07,0,0,1.39424e+07
0,0,0,0,0,3.04488e+07,0,0,1.39424e+07
0,0,0,0,0,3.04557e+07,0,0,1.39424e+07
0,0,0,0,0,3.12935e+07,-1.49605e+06,1.49605e+06,1.39424e+07
0,0,0,0,0,3.13006e+07,-1.49639e+06,1.49639e+06,1.39424e+07
0,0,0,0,0,3.13077e+07,-1.49673e+06,1.49673e+06,1.39424e+07
0,0,0,0,0,3.13148e+07,-1.49707e+06,1.49707e+06,1.39424e+07
0,0,0,0,0,3.13219e+07,-1.49741e+06,1.49741e+06,1.39424e+07
0,0,0,0,0,3.15353e+07,0,0,1.39424e+07
0,0,0,0,0,3.15424e+07,0,0,1.39424e+07
0,0,0,0,0,3.15496e+07,0,0,1.39424e+07
0,0,0,0,0,3.15567e+07,0,0,1.39424e+07
0,0,0,0,0,3.04319e+07,0,0,1.39424e+07
0,0,0,0,0,3.04388e+07,0,0,1.39424e+07
0,0,0,0,0,3.04457e+07,0,0,1.39424e+07
0,0,0,0,0,3.04526e+07,0,0,1.39424e+07
0,0,0,0,0,2.7789e+07,0,0,1.39424e+07
0,0,0,0,0,2.77953e+07,0,0,1.39424e+07
0,0,0,0,0,2.78016e+07,0,0,1.39424e+07
0,0,0,0,0,2.78079e+07,0,0,1.39424e+07
0,0,0,0,0,2.78142e+07,0,0,1.39424e+07
0,0,0,0,0,2.87054e+07,0,0,1.39424e+07
0,0,0,0,0,2.87116e+07,0,0,1.39424e+07
0,0,0,0,0,2.87178e+07,0,0,1.39424e+07
0,0,0,0,0,2.87239e+07,0,0,1.39424e+07
0,0,0,0,0,3.18118e+07,0,0,1.39424e+07
0,0,0,0,0,3.18186e+07,0,0,1.39424e+07
0,0,0,0,0,3.18255e+07,0,0,1.39424e+07
0,0,0,0,0,3.18323e+07,0,0,1.39424e+07
0,0,0,0,0,2.75783e+07,0,0,1.39424e+07
0,0,0,0,0,2.75842e+07,0,0,1.39424e+07
0,0,0,0,0,2.75901e+07,0,0,1.39424e+07
0,0,0,0,0,2.75961e+07,0,0,1.39424e+07
0,0,0,0,0,2.7602e+07,0,0,1.39424e+07
0,0,0,0,0,2.8666e+07,0,0,1.39424e+07
0,0,0,0,0,2.86722e+07,0,0,1.39424e+07
0,0,0,0,0,2.86783e+07,0,0,1.39424e+07
0,0,0,0,0,2.86845e+07,0,0,1.39424e+07
0,0,0,0,0,2.8278e+07,0,0,1.39424e+07
0,0,0,0,0,2.82841e+07,0,0,1.39424e+07
0,0,0,0,0,2.82902e+07,0,0,1.39424e+07
0,0,0,0,0,2.82963e+07,0,0,1.39424e+07
0,0,0,0,0,2.97361e+07,0,0,1.39424e+07
0,0,0,0,0,2.97425e+07,0,0,1.39424e+07
0,0,0,0,0,2.97489e+07,0,0,1.39424e+07
0,0,0,0,0,2.97553e+07,0,0,1.39424e+07
0,0,0,0,0,2.97617e+07,0,0,1.39424e+07
0,0,0,0,0,3.00408e+07,0,0,1.39424e+07
0,0,0,0,0,3.00473e+07,0,0,1.39424e+07
0,0,0,0,0,3.00537e+07,0,0,1.39424e+07
0,0,0,0,0,3.00602e+07,0,0,1.39424e+07
0,0,0,0,0,3.07847e+07,0,0,1.39424e+07
0,0,0,0,0,3.07913e+07,0,0,1.39424e+07
0,0,0,0,0,3.07979e+07,0,0,1.39424e+07
0,0,0,0,0,3.08046e+07,0,0,1.39424e+07
0,0,0,0,0,3.16516e+07,-1.51317e+06,1.51317e+06,1.39424e+07
0,0,0,0,0,3.16584e+07,-1.51349e+06,1.51349e+06,1.39424e+07
0,0,0,0,0,3.16652e+07,-1.51382e+06,1.51382e+06,1.39424e+07
0,0,0,0,0,3.1672e+07,-1.51414e+06,1.51414e+06,1.39424e+07
0,0,0,0,0,3.16787e+07,-1.51447e+06,1.51447e+06,1.39424e+07
0,0,0,0,0,3.18941e+07,0,0,1.39424e+07
0,0,0,0,0,3.1901e+07,0,0,1.39424e+07
0,0,0,0,0,3.19078e+07,0,0,1.39424e+07
0,0,0,0,0,3.19147e+07,0,0,1.39424e+07
0,0,0,0,0,3.07767e+07,0,0,1.39424e+07
0,0,0,0,0,3.07833e+07,0,0,1.39424e+07
0,0,0,0,0,3.07899e+07,0,0,1.39424e+07
0,0,0,0,0,3.07965e+07,0,0,1.39424e+07
0,0,0,0,0,2.81025e+07,0,0,1.39424e+07
0,0,0,0,0,2.85303e+07,-271111,271111,1.39424e+07
0,0,0,0,0,2.85348e+07,-270137,270137,1.39424e+07
0,0,0,0,0,2.85393e+07,-269162,269162,1.39424e+07
0,0,0,0,0,2.85438e+07,-268188,268188,1.39424e+07
0,0,0,0,0,2.94432e+07,-267213,267213,1.39424e+07
0,0,0,0,0,2.92187e+07,-119152,119152,1.39424e+07
0,0,0,0,0,2.92231e+07,-118199,118199,1.39424e+07
0,0,0,0,0,2.92275e+07,-117245,117245,1.39424e+07
0,0,0,0,0,3.2348e+07,-116291,116291,1.39424e+07
0,0,0,0,0,3.21736e+07,0,0,1.39424e+07
0,0,0,0,0,3.21802e+07,0,0,1.39424e+07
0,0,0,0,0,3.21867e+07,0,0,1.39424e+07
0,0,0,0,0,2.78849e+07,0,0,1.39424e+07
0,0,0,0,0,2.83584e+07,-300709,300709,1.39424e+07
0,0,0,0,0,2.83627e+07,-299793,299793,1.39424e+07
0,0,0,0,0,2.83669e+07,-298877,298877,1.39424e+07
0,0,0,0,0,2.83711e+07,-297960,297960,1.39424e+07
0,0,0,0,0,2.94452e+07,-297044,297044,1.39424e+07
0,0,0,0,0,2.91668e+07,-114332,114332,1.39424e+07
0,0,0,0,0,2.91712e+07,-113379,113379,1.39424e+07
0,0,0,0,0,2.91756e+07,-112425,112425,1.39424e+07
0,0,0,0,0,2.87628e+07,-111471,111471,1.39424e+07
0,0,0,0,0,2.8877e+07,-181181,181181,1.39424e+07
0,0,0,0,0,2.88814e+07,-180241,180241,1.39424e+07
0,0,0,0,0,2.88857e+07,-179301,179301,1.39424e+07
0,0,0,0,0,3.03395e+07,-178360,178360,1.39424e+07
0,0,0,0,0,3.00681e+07,0,0,1.39424e+07
0,0,0,0,0,3.00742e+07,0,0,1.39424e+07
0,0,0,0,0,3.00803e+07,0,0,1.39424e+07
0,0,0,0,0,3.00864e+07,0,0,1.39424e+07
0,0,0,0,0,3.03682e+07,0,0,1.39424e+07
0,0,0,0,0,3.03744e+07,0,0,1.39424e+07
0,0,0,0,0,3.03806e+07,0,0,1.39424e+07
0,0,0,0,0,3.03867e+07,0,0,1.39424e+07
0,0,0,0,0,3.11188e+07,0,0,1.39424e+07
0,0,0,0,0,3.11251e+07,0,0,1.39424e+07
0,0,0,0,0,3.11314e+07,0,0,1.39424e+07
0,0,0,0,0,3.11377e+07,0,0,1.39424e+07
0,0,0,0,0,3.19935e+07,-1.52951e+06,1.52951e+06,1.39424e+07
0,0,0,0,0,3.19999e+07,-1.52982e+06,1.52982e+06,1.39424e+07
0,0,0,0,0,3.20064e+07,-1.53013e+06,1.53013e+06,1.39424e+07
0,0,0,0,0,3.20129e+07,-1.53044e+06,1.53044e+06,1.39424e+07
0,0,0,0,0,3.20194e+07,-1.53075e+06,1.53075e+06,1.39424e+07
0,0,0,0,0,3.22367e+07,0,0,1.39424e+07
0,0,0,0,0,3.22432e+07,0,0,1.39424e+07
0,0,0,0,0,3.22498e+07,0,0,1.39424e+07
0,0,0,0,0,3.22563e+07,0,0,1.39424e+07
0,0,0,0,0,3.11058e+07,0,0,1.39424e+07
0,0,0,0,0,3.11121e+07,0,0,1.39424e+07
0,0,0,0,0,3.11184e+07,0,0,1.39424e+07
0,0,0,0,0,3.11247e+07,0,0,1.39424e+07
0,0,0,0,0,2.84015e+07,0,0,1.39424e+07
0,0,0,0,0,2.87538e+07,-222738,222738,1.39424e+07
0,0,0,0,0,2.87581e+07,-221808,221808,1.39424e+07
0,0,0,0,0,2.87624e+07,-220879,220879,1.39424e+07
0,0,0,0,0,2.87667e+07,-219949,219949,1.39424e+07
0,0,0,0,0,2.87653e+07,-219019,219019,1.39424e+07
0,0,0,0,0,2.96754e+07,-219019,219019,1.39424e+07
0,0,0,0,0,2.94483e+07,-69446.6,69446.6,1.39424e+07
0,0,0,0,0,2.94525e+07,-68538.8,68538.8,1.39424e+07
0,0,0,0,0,2.94567e+07,-67631.1,67631.1,1.39424e+07
0,0,0,0,0,3.26098e+07,-66723.3,66723.3,1.39424e+07
0,0,0,0,0,3.25122e+07,0,0,1.39424e+07
0,0,0,0,0,3.25184e+07,0,0,1.39424e+07
0,0,0,0,0,3.25246e+07,0,0,1.39424e+07
0,0,0,0,0,2.81773e+07,0,0,1.39424e+07
0,0,0,0,0,2.85769e+07,-253358,253358,1.39424e+07
0,0,0,0,0,2.85809e+07,-252486,252486,1.39424e+07
0,0,0,0,0,2.8585e+07,-251614,251614,1.39424e+07
0,0,0,0,0,2.8589e+07,-250742,250742,1.39424e+07
0,0,0,0,0,2.9674e+07,-249870,249870,1.39424e+07
0,0,0,0,0,2.93924e+07,-65308.1,65308.1,1.39424e+07
0,0,0,0,0,2.93966e+07,-64400.3,64400.3,1.39424e+07
0,0,0,0,0,2.94008e+07,-63492.9,63492.9,1.39424e+07
0,0,0,0,0,2.88861e+07,0,0,1.39424e+07
0,0,0,0,0,2.88916e+07,0,0,1.39424e+07
0,0,0,0,0,2.88971e+07,0,0,1.39424e+07
0,0,0,0,0,2.89026e+07,0,0,1.39424e+07
0,0,0,0,0,3.03726e+07,0,0,1.39424e+07
0,0,0,0,0,3.03784e+07,0,0,1.39424e+07
0,0,0,0,0,3.03842e+07,0,0,1.39424e+07
0,0,0,0,0,3.039e+07,0,0,1.39424e+07
0,0,0,0,0,3.03958e+07,0,0,1.39424e+07
0,0,0,0,0,3.06802e+07,0,0,1.39424e+07
0,0,0,0,0,3.0686e+07,0,0,1.39424e+07
0,0,0,0,0,3.06919e+07,0,0,1.39424e+07
0,0,0,0,0,3.06977e+07,0,0,1.39424e+07
0,0,0,0,0,3.14369e+07,0,0,1.39424e+07
0,0,0,0,0,3.14429e+07,0,0,1.39424e+07
0,0,0,0,0,3.14489e+07,0,0,1.39424e+07
0,0,0,0,0,3.14549e+07,0,0,1.39424e+07
0,0,0,0,0,3.2319e+07,-1.54508e+06,1.54508e+06,1.39424e+07
0,0,0,0,0,3.23252e+07,-1.54537e+06,1.54537e+06,1.39424e+07
0,0,0,0,0,3.23313e+07,-1.54567e+06,1.54567e+06,1.39424e+07
0,0,0,0,0,3.23375e+07,-1.54596e+06,1.54596e+06,1.39424e+07
0,0,0,0,0,3.23437e+07,-1.54626e+06,1.54626e+06,1.39424e+07
0,0,0,0,0,3.10771e+07,-1.48571e+06,1.48571e+06,1.39424e+07
0,0,0,0,0,3.1083e+07,-1.48599e+06,1.48599e+06,1.39424e+07
0,0,0,0,0,3.1089e+07,-1.48627e+06,1.48627e+06,1.39424e+07
0,0,0,0,0,3.10949e+07,-1.48656e+06,1.48656e+06,1.39424e+07
0,0,0,0,0,3.1419e+07,0,0,1.39424e+07
0,0,0,0,0,3.14249e+07,0,0,1.39424e+07
0,0,0,0,0,3.14309e+07,0,0,1.39424e+07
0,0,0,0,0,3.14369e+07,0,0,1.39424e+07
0,0,0,0,0,2.86862e+07,0,0,1.39424e+07
0,0,0,0,0,2.89665e+07,-176707,176707,1.39424e+07
0,0,0,0,0,2.89706e+07,-175823,175823,1.39424e+07
0,0,0,0,0,2.89747e+07,-174939,174939,1.39424e+07
0,0,0,0,0,2.89788e+07,-174054,174054,1.39424e+07
0,0,0,0,0,2.98962e+07,-173170,173170,1.39424e+07
0,0,0,0,0,2.96666e+07,-22161.9,22161.9,1.39424e+07
0,0,0,0,0,2.96706e+07,-21301.2,21301.2,1.39424e+07
0,0,0,0,0,2.96746e+07,-20440.2,20440.2,1.39424e+07
0,0,0,0,0,3.28587e+07,-19579.6,19579.6,1.39424e+07
0,0,0,0,0,3.28341e+07,0,0,1.39424e+07
0,0,0,0,0,3.284e+07,0,0,1.39424e+07
0,0,0,0,0,3.28459e+07,0,0,1.39424e+07
0,0,0,0,0,2.84554e+07,0,0,1.39424e+07
0,0,0,0,0,2.87846e+07,-208335,208335,1.39424e+07
0,0,0,0,0,2.87884e+07,-207508,207508,1.39424e+07
0,0,0,0,0,2.84707e+07,0,0,1.39424e+07
0,0,0,0,0,2.84758e+07,0,0,1.39424e+07
0,0,0,0,0,2.95725e+07,0,0,1.39424e+07
0,0,0,0,0,2.95778e+07,0,0,1.39424e+07
0,0,0,0,0,2.95831e+07,0,0,1.39424e+07
0,0,0,0,0,2.95884e+07,0,0,1.39424e+07
0,0,0,0,0,2.9168e+07,0,0,1.39424e+07
0,0,0,0,0,2.91733e+07,0,0,1.39424e+07
0,0,0,0,0,2.91785e+07,0,0,1.39424e+07
0,0,0,0,0,2.91837e+07,0,0,1.39424e+07
0,0,0,0,0,3.06677e+07,0,0,1.39424e+07
0,0,0,0,0,3.06732e+07,0,0,1.39424e+07
0,0,0,0,0,3.06787e+07,0,0,1.39424e+07
0,0,0,0,0,3.06842e+07,0,0,1.39424e+07
0,0,0,0,0,3.06897e+07,0,0,1.39424e+07
0,0,0,0,0,3.09764e+07,0,0,1.39424e+07
0,0,0,0,0,3.0982e+07,0,0,1.39424e+07
0,0,0,0,0,3.09875e+07,0,0,1.39424e+07
0,0,0,0,0,3.09931e+07,0,0,1.39424e+07
0,0,0,0,0,3.1739e+07,0,0,1.39424e+07
0,0,0,0,0,3.17446e+07,0,0,1.39424e+07
0,0,0,0,0,3.17503e+07,0,0,1.39424e+07
0,0,0,0,0,3.1756e+07,0,0,1.39424e+07
0,0,0,0,0,3.2628e+07,-1.55985e+06,1.55985e+06,1.39424e+07
0,0,0,0,0,3.26339e+07,-1.56013e+06,1.56013e+06,1.39424e+07
0,0,0,0,0,3.26397e+07,-1.56041e+06,1.56041e+06,1.39424e+07
0,0,0,0,0,3.26456e+07,-1.56069e+06,1.56069e+06,1.39424e+07
0,0,0,0,0,3.26514e+07,-1.56097e+06,1.56097e+06,1.39424e+07
0,0,0,0,0,3.13724e+07,-1.49983e+06,1.49983e+06,1.39424e+07
0,0,0,0,0,3.13781e+07,-1.50009e+06,1.50009e+06,1.39424e+07
0,0,0,0,0,3.13837e+07,-1.50036e+06,1.50036e+06,1.39424e+07
0,0,0,0,0,3.13893e+07,-1.50063e+06,1.50063e+06,1.39424e+07
0,0,0,0,0,3.17161e+07,0,0,1.39424e+07
0,0,0,0,0,3.17217e+07,0,0,1.39424e+07
0,0,0,0,0,3.17274e+07,0,0,1.39424e+07
0,0,0,0,0,3.17331e+07,0,0,1.39424e+07
0,0,0,0,0,2.89561e+07,0,0,1.39424e+07
0,0,0,0,0,2.91683e+07,-133051,133051,1.39424e+07
0,0,0,0,0,2.91721e+07,-132213,132213,1.39424e+07
0,0,0,0,0,2.9176e+07,-131374,131374,1.39424e+07
0,0,0,0,0,2.91799e+07,-130536,130536,1.39424e+07
0,0,0,0,0,3.01057e+07,-129698,129698,1.39424e+07
0,0,0,0,0,2.99089e+07,0,0,1.39424e+07
0,0,0,0,0,2.99139e+07,0,0,1.39424e+07
0,0,0,0,0,2.99189e+07,0,0,1.39424e+07
0,0,0,0,0,3.16219e+07,-1.51175e+06,1.51175e+06,1.39424e+07
0,0,0,0,0,3.16272e+07,-1.51201e+06,1.51201e+06,1.39424e+07
0,0,0,0,0,3.16325e+07,-1.51226e+06,1.51226e+06,1.39424e+07
0,0,0,0,0,3.16378e+07,-1.51251e+06,1.51251e+06,1.39424e+07
0,0,0,0,0,2.87188e+07,0,0,1.39424e+07
0,0,0,0,0,2.89814e+07,-165680,165680,1.39424e+07
0,0,0,0,0,2.8985e+07,-164900,164900,1.39424e+07
0,0,0,0,0,2.89886e+07,-164119,164119,1.39424e+07
0,0,0,0,0,2.89922e+07,-163339,163339,1.39424e+07
0,0,0,0,0,3.00974e+07,-162559,162559,1.39424e+07
0,0,0,0,0,2.98495e+07,0,0,1.39424e+07
0,0,0,0,0,2.98545e+07,0,0,1.39424e+07
0,0,0,0,0,2.98595e+07,0,0,1.39424e+07
0,0,0,0,0,2.9435e+07,0,0,1.39424e+07
0,0,0,0,0,2.95085e+07,-44086,44086,1.39424e+07
0,0,0,0,0,2.95122e+07,-43285.6,43285.6,1.39424e+07
0,0,0,0,0,2.95159e+07,-42485.2,42485.2,1.39424e+07
0,0,0,0,0,3.10117e+07,-41684.8,41684.8,1.39424e+07
0,0,0,0,0,3.09521e+07,0,0,1.39424e+07
0,0,0,0,0,3.09572e+07,0,0,1.39424e+07
0,0,0,0,0,3.09624e+07,0,0,1.39424e+07
0,0,0,0,0,3.09676e+07,0,0,1.39424e+07
0,0,0,0,0,3.12566e+07,0,0,1.39424e+07
0,0,0,0,0,3.12618e+07,0,0,1.39424e+07
0,0,0,0,0,3.12671e+07,0,0,1.39424e+07
0,0,0,0,0,3.12723e+07,0,0,1.39424e+07
0,0,0,0,0,3.1294e+07,-730574,730574,1.39424e+07
0,0,0,0,0,3.12992e+07,-730697,730697,1.39424e+07
0,0,0,0,0,3.20353e+07,0,0,1.39424e+07
0,0,0,0,0,3.20407e+07,0,0,1.39424e+07
0,0,0,0,0,3.29201e+07,-1.57382e+06,1.57382e+06,1.39424e+07
0,0,0,0,0,3.29256e+07,-1.57408e+06,1.57408e+06,1.39424e+07
0,0,0,0,0,3.29312e+07,-1.57434e+06,1.57434e+06,1.39424e+07
0,0,0,0,0,3.29367e+07,-1.57461e+06,1.57461e+06,1.39424e+07
0,0,0,0,0,3.29422e+07,-1.57487e+06,1.57487e+06,1.39424e+07
0,0,0,0,0,3.16515e+07,-1.51316e+06,1.51316e+06,1.39424e+07
0,0,0,0,0,3.16568e+07,-1.51342e+06,1.51342e+06,1.39424e+07
0,0,0,0,0,3.16621e+07,-1.51367e+06,1.51367e+06,1.39424e+07
0,0,0,0,0,3.16674e+07,-1.51392e+06,1.51392e+06,1.39424e+07
0,0,0,0,0,3.19967e+07,0,0,1.39424e+07
0,0,0,0,0,3.2002e+07,0,0,1.39424e+07
0,0,0,0,0,3.20074e+07,0,0,1.39424e+07
0,0,0,0,0,3.20127e+07,0,0,1.39424e+07
0,0,0,0,0,2.92109e+07,0,0,1.39424e+07
0,0,0,0,0,2.93587e+07,-91839.6,91839.6,1.39424e+07
0,0,0,0,0,2.93623e+07,-91048.9,91048.9,1.39424e+07
0,0,0,0,0,2.9366e+07,-90257.9,90257.9,1.39424e+07
0,0,0,0,0,2.93696e+07,-89466.8,89466.8,1.39424e+07
0,0,0,0,0,3.03032e+07,-88676.2,88676.2,1.39424e+07
0,0,0,0,0,3.017e+07,0,0,1.39424e+07
0,0,0,0,0,3.01747e+07,0,0,1.39424e+07
0,0,0,0,0,3.01794e+07,0,0,1.39424e+07
0,0,0,0,0,3.18969e+07,-1.5249e+06,1.5249e+06,1.39424e+07
0,0,0,0,0,3.19019e+07,-1.52514e+06,1.52514e+06,1.39424e+07
0,0,0,0,0,3.19069e+07,-1.52537e+06,1.52537e+06,1.39424e+07
0,0,0,0,0,3.19118e+07,-1.52561e+06,1.52561e+06,1.39424e+07
0,0,0,0,0,2.89672e+07,0,0,1.39424e+07
0,0,0,0,0,2.91669e+07,-125458,125458,1.39424e+07
0,0,0,0,0,2.91703e+07,-124724,124724,1.39424e+07
0,0,0,0,0,2.91737e+07,-123991,123991,1.39424e+07
0,0,0,0,0,2.91771e+07,-123258,123258,1.39424e+07
0,0,0,0,0,3.02915e+07,-122524,122524,1.39424e+07
0,0,0,0,0,3.01056e+07,0,0,1.39424e+07
0,0,0,0,0,3.01103e+07,0,0,1.39424e+07
0,0,0,0,0,3.0115e+07,0,0,1.39424e+07
0,0,0,0,0,2.96865e+07,0,0,1.39424e+07
0,0,0,0,0,2.96963e+07,-3308.38,3308.38,1.39424e+07
0,0,0,0,0,2.96997e+07,-2556.26,2556.26,1.39424e+07
0,0,0,0,0,2.97032e+07,-1804.51,1804.51,1.39424e+07
0,0,0,0,0,3.12115e+07,-1052.39,1052.39,1.39424e+07
0,0,0,0,0,3.12148e+07,0,0,1.39424e+07
0,0,0,0,0,3.12196e+07,0,0,1.39424e+07
0,0,0,0,0,3.12245e+07,0,0,1.39424e+07
0,0,0,0,0,3.12294e+07,0,0,1.39424e+07
0,0,0,0,0,3.15204e+07,0,0,1.39424e+07
0,0,0,0,0,3.15254e+07,0,0,1.39424e+07
0,0,0,0,0,3.15303e+07,0,0,1.39424e+07
0,0,0,0,0,3.15352e+07,0,0,1.39424e+07
0,0,0,0,0,3.22934e+07,0,0,1.39424e+07
0,0,0,0,0,3.22985e+07,0,0,1.39424e+07
0,0,0,0,0,3.23035e+07,0,0,1.39424e+07
0,0,0,0,0,3.23085e+07,0,0,1.39424e+07
0,0,0,0,0,3.3195e+07,-1.58696e+06,1.58696e+06,1.39424e+07
0,0,0,0,0,3.32002e+07,-1.5872e+06,1.5872e+06,1.39424e+07
0,0,0,0,0,3.32053e+07,-1.58745e+06,1.58745e+06,1.39424e+07
0,0,0,0,0,3.32105e+07,-1.5877e+06,1.5877e+06,1.39424e+07
0,0,0,0,0,3.32157e+07,-1.58795e+06,1.58795e+06,1.39424e+07
0,0,0,0,0,3.19139e+07,-1.52571e+06,1.52571e+06,1.39424e+07
0,0,0,0,0,3.19189e+07,-1.52595e+06,1.52595e+06,1.39424e+07
0,0,0,0,0,3.19238e+07,-1.52619e+06,1.52619e+06,1.39424e+07
0,0,0,0,0,3.19288e+07,-1.52642e+06,1.52642e+06,1.39424e+07
0,0,0,0,0,3.22605e+07,0,0,1.39424e+07
0,0,0,0,0,3.22655e+07,0,0,1.39424e+07
0,0,0,0,0,3.22705e+07,0,0,1.39424e+07
0,0,0,0,0,3.22756e+07,0,0,1.39424e+07
0,0,0,0,0,2.94504e+07,0,0,1.39424e+07
0,0,0,0,0,2.95376e+07,-53104.3,53104.3,1.39424e+07
0,0,0,0,0,2.9541e+07,-52361.5,52361.5,1.39424e+07
0,0,0,0,0,2.95445e+07,-51618.4,51618.4,1.39424e+07
0,0,0,0,0,2.95479e+07,-50875.3,50875.3,1.39424e+07
0,0,0,0,0,3.04889e+07,-50132.5,50132.5,1.39424e+07
0,0,0,0,0,3.04153e+07,0,0,1.39424e+07
0,0,0,0,0,3.04197e+07,0,0,1.39424e+07
0,0,0,0,0,3.04241e+07,0,0,1.39424e+07
0,0,0,0,0,3.21552e+07,-1.53724e+06,1.53724e+06,1.39424e+07
0,0,0,0,0,3.21598e+07,-1.53747e+06,1.53747e+06,1.39424e+07
0,0,0,0,0,3.21645e+07,-1.53769e+06,1.53769e+06,1.39424e+07
0,0,0,0,0,3.21692e+07,-1.53792e+06,1.53792e+06,1.39424e+07
0,0,0,0,0,2.92005e+07,0,0,1.39424e+07
0,0,0,0,0,2.92047e+07,0,0,1.39424e+07
0,0,0,0,0,2.92089e+07,0,0,1.39424e+07
0,0,0,0,0,2.92132e+07,0,0,1.39424e+07
0,0,0,0,0,2.92174e+07,0,0,1.39424e+07
0,0,0,0,0,3.03416e+07,0,0,1.39424e+07
0,0,0,0,0,3.0346e+07,0,0,1.39424e+07
0,0,0,0,0,3.03504e+07,0,0,1.39424e+07
0,0,0,0,0,3.03548e+07,0,0,1.39424e+07
0,0,0,0,0,2.99226e+07,0,0,1.39424e+07
0,0,0,0,0,2.99269e+07,0,0,1.39424e+07
0,0,0,0,0,2.99313e+07,0,0,1.39424e+07
0,0,0,0,0,2.99356e+07,0,0,1.39424e+07
0,0,0,0,0,3.14567e+07,0,0,1.39424e+07
0,0,0,0,0,3.14613e+07,0,0,1.39424e+07
0,0,0,0,0,3.14658e+07,0,0,1.39424e+07
0,0,0,0,0,3.14704e+07,0,0,1.39424e+07
0,0,0,0,0,3.1475e+07,0,0,1.39424e+07
0,0,0,0,0,3.1768e+07,0,0,1.39424e+07
0,0,0,0,0,3.17726e+07,0,0,1.39424e+07
0,0,0,0,0,3.17772e+07,0,0,1.39424e+07
0,0,0,0,0,3.17818e+07,0,0,1.39424e+07
0,0,0,0,0,3.10607e+07,-1.48492e+06,1.48492e+06,1.39424e+07
0,0,0,0,0,3.10652e+07,-1.48514e+06,1.48514e+06,1.39424e+07
0,0,0,0,0,3.10697e+07,-1.48535e+06,1.48535e+06,1.39424e+07
0,0,0,0,0,3.10742e+07,-1.48557e+06,1.48557e+06,1.39424e+07
0,0,0,0,0,3.34527e+07,-1.59928e+06,1.59928e+06,1.39424e+07
0,0,0,0,0,3.34576e+07,-1.59951e+06,1.59951e+06,1.39424e+07
0,0,0,0,0,3.34624e+07,-1.59974e+06,1.59974e+06,1.39424e+07
0,0,0,0,0,3.34673e+07,-1.59997e+06,1.59997e+06,1.39424e+07
0,0,0,0,0,3.34721e+07,-1.60021e+06,1.60021e+06,1.39424e+07
0,0,0,0,0,3.21599e+07,-1.53747e+06,1.53747e+06,1.39424e+07
0,0,0,0,0,3.21646e+07,-1.5377e+06,1.5377e+06,1.39424e+07
0,0,0,0,0,3.21692e+07,-1.53792e+06,1.53792e+06,1.39424e+07
0,0,0,0,0,3.21739e+07,-1.53814e+06,1.53814e+06,1.39424e+07
0,0,0,0,0,3.25077e+07,0,0,1.39424e+07
0,0,0,0,0,3.25125e+07,0,0,1.39424e+07
0,0,0,0,0,3.25172e+07,0,0,1.39424e+07
0,0,0,0,0,3.25219e+07,0,0,1.39424e+07
0,0,0,0,0,2.96748e+07,0,0,1.39424e+07
0,0,0,0,0,2.97053e+07,-16805,16805,1.39424e+07
0,0,0,0,0,2.97085e+07,-16109,16109,1.39424e+07
0,0,0,0,0,2.97117e+07,-15413,15413,1.39424e+07
0,0,0,0,0,2.97149e+07,-14717,14717,1.39424e+07
0,0,0,0,0,3.06628e+07,-14021,14021,1.39424e+07
0,0,0,0,0,3.06451e+07,0,0,1.39424e+07
0,0,0,0,0,3.06492e+07,0,0,1.39424e+07
0,0,0,0,0,3.06533e+07,0,0,1.39424e+07
0,0,0,0,0,3.23971e+07,-1.54881e+06,1.54881e+06,1.39424e+07
0,0,0,0,0,3.24014e+07,-1.54902e+06,1.54902e+06,1.39424e+07
0,0,0,0,0,3.24058e+07,-1.54923e+06,1.54923e+06,1.39424e+07
0,0,0,0,0,3.24102e+07,-1.54944e+06,1.54944e+06,1.39424e+07
0,0,0,0,0,2.94189e+07,0,0,1.39424e+07
0,0,0,0,0,2.95042e+07,-52313.6,52313.6,1.39424e+07
0,0,0,0,0,2.95072e+07,-51672.3,51672.3,1.39424e+07
0,0,0,0,0,2.95102e+07,-51030.9,51030.9,1.39424e+07
0,0,0,0,0,2.95131e+07,-50389.6,50389.6,1.39424e+07
0,0,0,0,0,3.06443e+07,-49747.8,49747.8,1.39424e+07
0,0,0,0,0,3.0571e+07,0,0,1.39424e+07
0,0,0,0,0,3.05752e+07,0,0,1.39424e+07
0,0,0,0,0,3.05793e+07,0,0,1.39424e+07
0,0,0,0,0,3.01435e+07,0,0,1.39424e+07
0,0,0,0,0,3.01476e+07,0,0,1.39424e+07
0,0,0,0,0,3.01516e+07,0,0,1.39424e+07
0,0,0,0,0,3.01557e+07,0,0,1.39424e+07
0,0,0,0,0,3.16876e+07,0,0,1.39424e+07
0,0,0,0,0,3.16919e+07,0,0,1.39424e+07
0,0,0,0,0,3.16961e+07,0,0,1.39424e+07
0,0,0,0,0,3.17004e+07,0,0,1.39424e+07
0,0,0,0,0,3.17047e+07,0,0,1.39424e+07
0,0,0,0,0,3.19995e+07,0,0,1.39424e+07
0,0,0,0,0,3.20038e+07,0,0,1.39424e+07
0,0,0,0,0,3.20081e+07,0,0,1.39424e+07
0,0,0,0,0,3.20124e+07,0,0,1.39424e+07
0,0,0,0,0,3.12857e+07,-1.49568e+06,1.49568e+06,1.39424e+07
0,0,0,0,0,3.12899e+07,-1.49588e+06,1.49588e+06,1.39424e+07
0,0,0,0,0,3.12941e+07,-1.49608e+06,1.49608e+06,1.39424e+07
0,0,0,0,0,3.12983e+07,-1.49628e+06,1.49628e+06,1.39424e+07
0,0,0,0,0,3.36936e+07,-1.61079e+06,1.61079e+06,1.39424e+07
0,0,0,0,0,3.36981e+07,-1.61101e+06,1.61101e+06,1.39424e+07
0,0,0,0,0,3.37027e+07,-1.61123e+06,1.61123e+06,1.39424e+07
0,0,0,0,0,3.37072e+07,-1.61144e+06,1.61144e+06,1.39424e+07
0,0,0,0,0,3.37117e+07,-1.61166e+06,1.61166e+06,1.39424e+07
0,0,0,0,0,3.23898e+07,-1.54846e+06,1.54846e+06,1.39424e+07
0,0,0,0,0,3.23941e+07,-1.54867e+06,1.54867e+06,1.39424e+07
0,0,0,0,0,3.23985e+07,-1.54888e+06,1.54888e+06,1.39424e+07
0,0,0,0,0,3.24028e+07,-1.54909e+06,1.54909e+06,1.39424e+07
0,0,0,0,0,3.27387e+07,0,0,1.39424e+07
0,0,0,0,0,3.27431e+07,0,0,1.39424e+07
0,0,0,0,0,3.27475e+07,0,0,1.39424e+07
0,0,0,0,0,3.27519e+07,0,0,1.39424e+07
0,0,0,0,0,2.98844e+07,0,0,1.39424e+07
0,0,0,0,0,2.98884e+07,0,0,1.39424e+07
0,0,0,0,0,2.98924e+07,0,0,1.39424e+07
0,0,0,0,0,2.98964e+07,0,0,1.39424e+07
0,0,0,0,0,2.99005e+07,0,0,1.39424e+07
0,0,0,0,0,2.99005e+07,0,0,1.39424e+07
0,0,0,0,0,3.08557e+07,0,0,1.39424e+07
0,0,0,0,0,3.08595e+07,0,0,1.39424e+07
0,0,0,0,0,3.08634e+07,0,0,1.39424e+07
0,0,0,0,0,3.08672e+07,0,0,1.39424e+07
0,0,0,0,0,3.26228e+07,-1.5596e+06,1.5596e+06,1.39424e+07
0,0,0,0,0,3.26268e+07,-1.55979e+06,1.55979e+06,1.39424e+07
0,0,0,0,0,3.26309e+07,-1.55999e+06,1.55999e+06,1.39424e+07
0,0,0,0,0,3.26349e+07,-1.56018e+06,1.56018e+06,1.39424e+07
0,0,0,0,0,2.96226e+07,0,0,1.39424e+07
0,0,0,0,0,2.96563e+07,-19326.6,19326.6,1.39424e+07
0,0,0,0,0,2.96591e+07,-18730.6,18730.6,1.39424e+07
0,0,0,0,0,2.96618e+07,-18134.9,18134.9,1.39424e+07
0,0,0,0,0,2.96646e+07,-17539.1,17539.1,1.39424e+07
0,0,0,0,0,3.08033e+07,-16943.1,16943.1,1.39424e+07
0,0,0,0,0,3.07808e+07,0,0,1.39424e+07
0,0,0,0,0,3.07846e+07,0,0,1.39424e+07
0,0,0,0,0,3.07885e+07,0,0,1.39424e+07
0,0,0,0,0,3.03494e+07,0,0,1.39424e+07
0,0,0,0,0,3.03532e+07,0,0,1.39424e+07
0,0,0,0,0,3.03569e+07,0,0,1.39424e+07
0,0,0,0,0,3.03607e+07,0,0,1.39424e+07
0,0,0,0,0,3.19027e+07,0,0,1.39424e+07
0,0,0,0,0,3.19067e+07,0,0,1.39424e+07
0,0,0,0,0,3.19106e+07,0,0,1.39424e+07
0,0,0,0,0,3.19146e+07,0,0,1.39424e+07
0,0,0,0,0,3.19186e+07,0,0,1.39424e+07
0,0,0,0,0,3.2215e+07,0,0,1.39424e+07
0,0,0,0,0,3.2219e+07,0,0,1.39424e+07
0,0,0,0,0,3.2223e+07,0,0,1.39424e+07
0,0,0,0,0,3.2227e+07,0,0,1.39424e+07
0,0,0,0,0,3.14951e+07,-1.50569e+06,1.50569e+06,1.39424e+07
0,0,0,0,0,3.1499e+07,-1.50588e+06,1.50588e+06,1.39424e+07
0,0,0,0,0,3.15029e+07,-1.50606e+06,1.50606e+06,1.39424e+07
0,0,0,0,0,3.15068e+07,-1.50625e+06,1.50625e+06,1.39424e+07
0,0,0,0,0,3.39177e+07,-1.62151e+06,1.62151e+06,1.39424e+07
0,0,0,0,0,3.39219e+07,-1.62171e+06,1.62171e+06,1.39424e+07
0,0,0,0,0,3.39262e+07,-1.62191e+06,1.62191e+06,1.39424e+07
0,0,0,0,0,3.39304e+07,-1.62211e+06,1.62211e+06,1.39424e+07
0,0,0,0,0,3.39346e+07,-1.62231e+06,1.62231e+06,1.39424e+07
0,0,0,0,0,3.26035e+07,-1.55868e+06,1.55868e+06,1.39424e+07
0,0,0,0,0,3.26076e+07,-1.55887e+06,1.55887e+06,1.39424e+07
0,0,0,0,0,3.26116e+07,-1.55907e+06,1.55907e+06,1.39424e+07
0,0,0,0,0,3.26157e+07,-1.55926e+06,1.55926e+06,1.39424e+07
0,0,0,0,0,3.14499e+07,-1.50353e+06,1.50353e+06,1.39424e+07
0,0,0,0,0,3.14538e+07,-1.50371e+06,1.50371e+06,1.39424e+07
0,0,0,0,0,3.14577e+07,-1.5039e+06,1.5039e+06,1.39424e+07
0,0,0,0,0,3.14616e+07,-1.50409e+06,1.50409e+06,1.39424e+07
0,0,0,0,0,3.00791e+07,0,0,1.39424e+07
0,0,0,0,0,3.00828e+07,0,0,1.39424e+07
0,0,0,0,0,3.00866e+07,0,0,1.39424e+07
0,0,0,0,0,3.00903e+07,0,0,1.39424e+07
0,0,0,0,0,3.0094e+07,0,0,1.39424e+07
0,0,0,0,0,3.10551e+07,0,0,1.39424e+07
0,0,0,0,0,3.10587e+07,0,0,1.39424e+07
0,0,0,0,0,3.10622e+07,0,0,1.39424e+07
0,0,0,0,0,3.10658e+07,0,0,1.39424e+07
0,0,0,0,0,3.28323e+07,-1.56962e+06,1.56962e+06,1.39424e+07
0,0,0,0,0,3.2836e+07,-1.56979e+06,1.56979e+06,1.39424e+07
0,0,0,0,0,3.28398e+07,-1.56997e+06,1.56997e+06,1.39424e+07
0,0,0,0,0,3.28435e+07,-1.57015e+06,1.57015e+06,1.39424e+07
0,0,0,0,0,2.98116e+07,0,0,1.39424e+07
0,0,0,0,0,2.9815e+07,0,0,1.39424e+07
0,0,0,0,0,2.98184e+07,0,0,1.39424e+07
0,0,0,0,0,2.98218e+07,0,0,1.39424e+07
0,0,0,0,0,2.98252e+07,0,0,1.39424e+07
0,0,0,0,0,3.09718e+07,0,0,1.39424e+07
0,0,0,0,0,3.09753e+07,0,0,1.39424e+07
0,0,0,0,0,3.09788e+07,0,0,1.39424e+07
0,0,0,0,0,3.09824e+07,0,0,1.39424e+07
0,0,0,0,0,3.05402e+07,0,0,1.39424e+07
0,0,0,0,0,3.05437e+07,0,0,1.39424e+07
0,0,0,0,0,3.05472e+07,0,0,1.39424e+07
0,0,0,0,0,3.05507e+07,0,0,1.39424e+07
0,0,0,0,0,3.2102e+07,0,0,1.39424e+07
0,0,0,0,0,3.21057e+07,0,0,1.39424e+07
0,0,0,0,0,3.21093e+07,0,0,1.39424e+07
0,0,0,0,0,3.2113e+07,0,0,1.39424e+07
0,0,0,0,0,3.21166e+07,0,0,1.39424e+07
0,0,0,0,0,3.24146e+07,0,0,1.39424e+07
0,0,0,0,0,3.24183e+07,0,0,1.39424e+07
0,0,0,0,0,3.2422e+07,0,0,1.39424e+07
0,0,0,0,0,3.24257e+07,0,0,1.39424e+07
0,0,0,0,0,3.16889e+07,-1.51496e+06,1.51496e+06,1.39424e+07
0,0,0,0,0,3.16925e+07,-1.51513e+06,1.51513e+06,1.39424e+07
0,0,0,0,0,3.16961e+07,-1.5153e+06,1.5153e+06,1.39424e+07
0,0,0,0,0,3.16997e+07,-1.51547e+06,1.51547e+06,1.39424e+07
0,0,0,0,0,3.41251e+07,-1.63142e+06,1.63142e+06,1.39424e+07
0,0,0,0,0,3.4129e+07,-1.63161e+06,1.63161e+06,1.39424e+07
0,0,0,0,0,3.41328e+07,-1.63179e+06,1.63179e+06,1.39424e+07
0,0,0,0,0,3.41367e+07,-1.63198e+06,1.63198e+06,1.39424e+07
0,0,0,0,0,3.41406e+07,-1.63216e+06,1.63216e+06,1.39424e+07
0,0,0,0,0,3.28012e+07,-1.56813e+06,1.56813e+06,1.39424e+07
0,0,0,0,0,3.28049e+07,-1.56831e+06,1.56831e+06,1.39424e+07
0,0,0,0,0,3.28086e+07,-1.56849e+06,1.56849e+06,1.39424e+07
0,0,0,0,0,3.28124e+07,-1.56866e+06,1.56866e+06,1.39424e+07
0,0,0,0,0,3.16392e+07,-1.51258e+06,1.51258e+06,1.39424e+07
0,0,0,0,0,3.16428e+07,-1.51275e+06,1.51275e+06,1.39424e+07
0,0,0,0,0,3.16464e+07,-1.51292e+06,1.51292e+06,1.39424e+07
0,0,0,0,0,3.165e+07,-1.5131e+06,1.5131e+06,1.39424e+07
0,0,0,0,0,3.0259e+07,0,0,1.39424e+07
0,0,0,0,0,3.02624e+07,0,0,1.39424e+07
0,0,0,0,0,3.02658e+07,0,0,1.39424e+07
0,0,0,0,0,3.02693e+07,0,0,1.39424e+07
0,0,0,0,0,3.02727e+07,0,0,1.39424e+07
0,0,0,0,0,3.12393e+07,0,0,1.39424e+07
0,0,0,0,0,3.12425e+07,0,0,1.39424e+07
0,0,0,0,0,3.12457e+07,0,0,1.39424e+07
0,0,0,0,0,3.1249e+07,0,0,1.39424e+07
0,0,0,0,0,3.30256e+07,-1.57886e+06,1.57886e+06,1.39424e+07
0,0,0,0,0,3.3029e+07,-1.57902e+06,1.57902e+06,1.39424e+07
0,0,0,0,0,3.30324e+07,-1.57919e+06,1.57919e+06,1.39424e+07
0,0,0,0,0,3.30359e+07,-1.57935e+06,1.57935e+06,1.39424e+07
0,0,0,0,0,2.99859e+07,0,0,1.39424e+07
0,0,0,0,0,2.9989e+07,0,0,1.39424e+07
0,0,0,0,0,2.99922e+07,0,0,1.39424e+07
0,0,0,0,0,2.99953e+07,0,0,1.39424e+07
0,0,0,0,0,2.99984e+07,0,0,1.39424e+07
0,0,0,0,0,3.11513e+07,0,0,1.39424e+07
0,0,0,0,0,3.11546e+07,0,0,1.39424e+07
0,0,0,0,0,3.11578e+07,0,0,1.39424e+07
0,0,0,0,0,3.1161e+07,0,0,1.39424e+07
0,0,0,0,0,3.0716e+07,0,0,1.39424e+07
0,0,0,0,0,3.07192e+07,0,0,1.39424e+07
0,0,0,0,0,3.07224e+07,0,0,1.39424e+07
0,0,0,0,0,3.07256e+07,0,0,1.39424e+07
0,0,0,0,0,3.22855e+07,0,0,1.39424e+07
0,0,0,0,0,3.22889e+07,0,0,1.39424e+07
0,0,0,0,0,3.22922e+07,0,0,1.39424e+07
0,0,0,0,0,3.22956e+07,0,0,1.39424e+07
0,0,0,0,0,3.22989e+07,0,0,1.39424e+07
0,0,0,0,0,3.11109e+07,-1.48732e+06,1.48732e+06,1.39424e+07
0,0,0,0,0,3.11142e+07,-1.48748e+06,1.48748e+06,1.39424e+07
0,0,0,0,0,3.11174e+07,-1.48763e+06,1.48763e+06,1.39424e+07
0,0,0,0,0,3.11206e+07,-1.48779e+06,1.48779e+06,1.39424e+07
0,0,0,0,0,3.18672e+07,-1.52348e+06,1.52348e+06,1.39424e+07
0,0,0,0,0,3.18705e+07,-1.52364e+06,1.52364e+06,1.39424e+07
0,0,0,0,0,3.18738e+07,-1.52379e+06,1.52379e+06,1.39424e+07
0,0,0,0,0,3.18771e+07,-1.52395e+06,1.52395e+06,1.39424e+07
0,0,0,0,0,3.43157e+07,-1.64053e+06,1.64053e+06,1.39424e+07
0,0,0,0,0,3.43193e+07,-1.6407e+06,1.6407e+06,1.39424e+07
0,0,0,0,0,3.43228e+07,-1.64087e+06,1.64087e+06,1.39424e+07
0,0,0,0,0,3.43264e+07,-1.64104e+06,1.64104e+06,1.39424e+07
0,0,0,0,0,3.43299e+07,-1.64121e+06,1.64121e+06,1.39424e+07
0,0,0,0,0,3.29827e+07,-1.57681e+06,1.57681e+06,1.39424e+07
0,0,0,0,0,3.29862e+07,-1.57697e+06,1.57697e+06,1.39424e+07
0,0,0,0,0,3.29896e+07,-1.57714e+06,1.57714e+06,1.39424e+07
0,0,0,0,0,3.2993e+07,-1.5773e+06,1.5773e+06,1.39424e+07
0,0,0,0,0,3.18131e+07,-1.52089e+06,1.52089e+06,1.39424e+07
0,0,0,0,0,3.18164e+07,-1.52105e+06,1.52105e+06,1.39424e+07
0,0,0,0,0,3.18197e+07,-1.52121e+06,1.52121e+06,1.39424e+07
0,0,0,0,0,3.1823e+07,-1.52136e+06,1.52136e+06,1.39424e+07
0,0,0,0,0,3.0424e+07,0,0,1.39424e+07
0,0,0,0,0,3.04272e+07,0,0,1.39424e+07
0,0,0,0,0,3.04303e+07,0,0,1.39424e+07
0,0,0,0,0,3.04335e+07,0,0,1.39424e+07
0,0,0,0,0,3.04367e+07,0,0,1.39424e+07
0,0,0,0,0,3.14081e+07,0,0,1.39424e+07
0,0,0,0,0,3.14111e+07,0,0,1.39424e+07
0,0,0,0,0,3.1414e+07,0,0,1.39424e+07
0,0,0,0,0,3.1417e+07,0,0,1.39424e+07
0,0,0,0,0,3.32028e+07,-1.58733e+06,1.58733e+06,1.39424e+07
0,0,0,0,0,3.32059e+07,-1.58748e+06,1.58748e+06,1.39424e+07
0,0,0,0,0,3.3209e+07,-1.58763e+06,1.58763e+06,1.39424e+07
0,0,0,0,0,3.32122e+07,-1.58778e+06,1.58778e+06,1.39424e+07
0,0,0,0,0,3.01457e+07,0,0,1.39424e+07
0,0,0,0,0,3.01485e+07,0,0,1.39424e+07
0,0,0,0,0,3.01513e+07,0,0,1.39424e+07
0,0,0,0,0,3.01542e+07,0,0,1.39424e+07
0,0,0,0,0,3.0157e+07,0,0,1.39424e+07
0,0,0,0,0,3.13157e+07,0,0,1.39424e+07
0,0,0,0,0,3.13187e+07,0,0,1.39424e+07
0,0,0,0,0,3.13216e+07,0,0,1.39424e+07
0,0,0,0,0,3.13246e+07,0,0,1.39424e+07
0,0,0,0,0,3.0877e+07,0,0,1.39424e+07
0,0,0,0,0,3.08799e+07,0,0,1.39424e+07
0,0,0,0,0,3.08828e+07,0,0,1.39424e+07
0,0,0,0,0,3.08857e+07,0,0,1.39424e+07
0,0,0,0,0,3.24534e+07,0,0,1.39424e+07
0,0,0,0,0,3.24564e+07,0,0,1.39424e+07
0,0,0,0,0,3.24595e+07,0,0,1.39424e+07
0,0,0,0,0,3.24626e+07,0,0,1.39424e+07
0,0,0,0,0,3.24656e+07,0,0,1.39424e+07
0,0,0,0,0,3.12712e+07,-1.49498e+06,1.49498e+06,1.39424e+07
0,0,0,0,0,3.12741e+07,-1.49512e+06,1.49512e+06,1.39424e+07
0,0,0,0,0,3.12771e+07,-1.49527e+06,1.49527e+06,1.39424e+07
0,0,0,0,0,3.128e+07,-1.49541e+06,1.49541e+06,1.39424e+07
0,0,0,0,0,3.20301e+07,-1.53127e+06,1.53127e+06,1.39424e+07
0,0,0,0,0,3.20331e+07,-1.53141e+06,1.53141e+06,1.39424e+07
0,0,0,0,0,3.20361e+07,-1.53155e+06,1.53155e+06,1.39424e+07
0,0,0,0,0,3.20391e+07,-1.5317e+06,1.5317e+06,1.39424e+07
0,0,0,0,0,3.44897e+07,-1.64885e+06,1.64885e+06,1.39424e+07
0,0,0,0,0,3.4493e+07,-1.64901e+06,1.64901e+06,1.39424e+07
0,0,0,0,0,3.44962e+07,-1.64916e+06,1.64916e+06,1.39424e+07
0,0,0,0,0,3.44995e+07,-1.64932e+06,1.64932e+06,1.39424e+07
0,0,0,0,0,3.45027e+07,-1.64948e+06,1.64948e+06,1.39424e+07
0,0,0,0,0,3.31484e+07,-1.58473e+06,1.58473e+06,1.39424e+07
0,0,0,0,0,3.31515e+07,-1.58488e+06,1.58488e+06,1.39424e+07
0,0,0,0,0,3.31547e+07,-1.58503e+06,1.58503e+06,1.39424e+07
0,0,0,0,0,3.31578e+07,-1.58518e+06,1.58518e+06,1.39424e+07
0,0,0,0,0,3.19716e+07,-1.52847e+06,1.52847e+06,1.39424e+07
0,0,0,0,0,3.19746e+07,-1.52861e+06,1.52861e+06,1.39424e+07
0,0,0,0,0,3.19777e+07,-1.52876e+06,1.52876e+06,1.39424e+07
0,0,0,0,0,3.19807e+07,-1.5289e+06,1.5289e+06,1.39424e+07
0,0,0,0,0,3.05745e+07,0,0,1.39424e+07
0,0,0,0,0,3.05774e+07,0,0,1.39424e+07
0,0,0,0,0,3.05802e+07,0,0,1.39424e+07
0,0,0,0,0,3.05831e+07,0,0,1.39424e+07
0,0,0,0,0,3.0586e+07,0,0,1.39424e+07
0,0,0,0,0,3.15619e+07,0,0,1.39424e+07
0,0,0,0,0,3.15646e+07,0,0,1.39424e+07
0,0,0,0,0,3.15672e+07,0,0,1.39424e+07
0,0,0,0,0,3.15699e+07,0,0,1.39424e+07
0,0,0,0,0,3.33641e+07,-1.59504e+06,1.59504e+06,1.39424e+07
0,0,0,0,0,3.33669e+07,-1.59517e+06,1.59517e+06,1.39424e+07
0,0,0,0,0,3.33697e+07,-1.59531e+06,1.59531e+06,1.39424e+07
0,0,0,0,0,3.33726e+07,-1.59544e+06,1.59544e+06,1.39424e+07
0,0,0,0,0,3.02909e+07,0,0,1.39424e+07
0,0,0,0,0,3.02935e+07,0,0,1.39424e+07
0,0,0,0,0,3.02961e+07,0,0,1.39424e+07
0,0,0,0,0,3.02986e+07,0,0,1.39424e+07
0,0,0,0,0,3.03012e+07,0,0,1.39424e+07
0,0,0,0,0,3.14651e+07,0,0,1.39424e+07
0,0,0,0,0,3.14678e+07,0,0,1.39424e+07
0,0,0,0,0,3.14705e+07,0,0,1.39424e+07
0,0,0,0,0,3.14731e+07,0,0,1.39424e+07
0,0,0,0,0,3.10231e+07,0,0,1.39424e+07
0,0,0,0,0,3.10257e+07,0,0,1.39424e+07
0,0,0,0,0,3.10283e+07,0,0,1.39424e+07
0,0,0,0,0,3.10309e+07,0,0,1.39424e+07
0,0,0,0,0,3.26057e+07,0,0,1.39424e+07
0,0,0,0,0,3.26085e+07,0,0,1.39424e+07
0,0,0,0,0,3.26112e+07,0,0,1.39424e+07
0,0,0,0,0,3.2614e+07,0,0,1.39424e+07
0,0,0,0,0,3.26167e+07,0,0,1.39424e+07
0,0,0,0,0,3.14164e+07,-1.50193e+06,1.50193e+06,1.39424e+07
0,0,0,0,0,3.14191e+07,-1.50206e+06,1.50206e+06,1.39424e+07
0,0,0,0,0,3.14217e+07,-1.50218e+06,1.50218e+06,1.39424e+07
0,0,0,0,0,3.14244e+07,-1.50231e+06,1.50231e+06,1.39424e+07
0,0,0,0,0,3.21776e+07,-1.53832e+06,1.53832e+06,1.39424e+07
0,0,0,0,0,3.21804e+07,-1.53845e+06,1.53845e+06,1.39424e+07
0,0,0,0,0,3.21831e+07,-1.53858e+06,1.53858e+06,1.39424e+07
0,0,0,0,0,3.21858e+07,-1.53871e+06,1.53871e+06,1.39424e+07
0,0,0,0,0,3.46473e+07,-1.65639e+06,1.65639e+06,1.39424e+07
0,0,0,0,0,3.46502e+07,-1.65653e+06,1.65653e+06,1.39424e+07
0,0,0,0,0,3.46532e+07,-1.65667e+06,1.65667e+06,1.39424e+07
0,0,0,0,0,3.46561e+07,-1.65681e+06,1.65681e+06,1.39424e+07
0,0,0,0,0,3.4659e+07,-1.65695e+06,1.65695e+06,1.39424e+07
0,0,0,0,0,3.32982e+07,-1.59189e+06,1.59189e+06,1.39424e+07
0,0,0,0,0,3.33011e+07,-1.59203e+06,1.59203e+06,1.39424e+07
0,0,0,0,0,3.33039e+07,-1.59216e+06,1.59216e+06,1.39424e+07
0,0,0,0,0,3.33067e+07,-1.5923e+06,1.5923e+06,1.39424e+07
0,0,0,0,0,3.21149e+07,-1.53532e+06,1.53532e+06,1.39424e+07
0,0,0,0,0,3.21176e+07,-1.53545e+06,1.53545e+06,1.39424e+07
0,0,0,0,0,3.21203e+07,-1.53558e+06,1.53558e+06,1.39424e+07
0,0,0,0,0,3.21231e+07,-1.53571e+06,1.53571e+06,1.39424e+07
0,0,0,0,0,3.07103e+07,0,0,1.39424e+07
0,0,0,0,0,3.07129e+07,0,0,1.39424e+07
0,0,0,0,0,3.07155e+07,0,0,1.39424e+07
0,0,0,0,0,3.07181e+07,0,0,1.39424e+07
0,0,0,0,0,3.07207e+07,0,0,1.39424e+07
0,0,0,0,0,3.17006e+07,0,0,1.39424e+07
0,0,0,0,0,3.1703e+07,0,0,1.39424e+07
0,0,0,0,0,3.17054e+07,0,0,1.39424e+07
0,0,0,0,0,3.17077e+07,0,0,1.39424e+07
0,0,0,0,0,3.35094e+07,-1.60199e+06,1.60199e+06,1.39424e+07
0,0,0,0,0,3.35119e+07,-1.60211e+06,1.60211e+06,1.39424e+07
0,0,0,0,0,3.35145e+07,-1.60223e+06,1.60223e+06,1.39424e+07
0,0,0,0,0,3.3517e+07,-1.60235e+06,1.60235e+06,1.39424e+07
0,0,0,0,0,3.04217e+07,0,0,1.39424e+07
0,0,0,0,0,3.0424e+07,0,0,1.39424e+07
0,0,0,0,0,3.04263e+07,0,0,1.39424e+07
0,0,0,0,0,3.04286e+07,0,0,1.39424e+07
0,0,0,0,0,3.04308e+07,0,0,1.39424e+07
0,0,0,0,0,3.15995e+07,0,0,1.39424e+07
0,0,0,0,0,3.16019e+07,0,0,1.39424e+07
0,0,0,0,0,3.16042e+07,0,0,1.39424e+07
0,0,0,0,0,3.16066e+07,0,0,1.39424e+07
0,0,0,0,0,3.11543e+07,0,0,1.39424e+07
0,0,0,0,0,3.11567e+07,0,0,1.39424e+07
0,0,0,0,0,3.1159e+07,0,0,1.39424e+07
0,0,0,0,0,3.11613e+07,0,0,1.39424e+07
0,0,0,0,0,3.27424e+07,0,0,1.39424e+07
0,0,0,0,0,3.27449e+07,0,0,1.39424e+07
0,0,0,0,0,3.27473e+07,0,0,1.39424e+07
0,0,0,0,0,3.27498e+07,0,0,1.39424e+07
0,0,0,0,0,3.27522e+07,0,0,1.39424e+07
0,0,0,0,0,3.15467e+07,-1.50815e+06,1.50815e+06,1.39424e+07
0,0,0,0,0,3.1549e+07,-1.50827e+06,1.50827e+06,1.39424e+07
0,0,0,0,0,3.15514e+07,-1.50838e+06,1.50838e+06,1.39424e+07
0,0,0,0,0,3.15537e+07,-1.50849e+06,1.50849e+06,1.39424e+07
0,0,0,0,0,3.23098e+07,-1.54464e+06,1.54464e+06,1.39424e+07
0,0,0,0,0,3.23122e+07,-1.54475e+06,1.54475e+06,1.39424e+07
0,0,0,0,0,3.23146e+07,-1.54487e+06,1.54487e+06,1.39424e+07
0,0,0,0,0,3.2317e+07,-1.54498e+06,1.54498e+06,1.39424e+07
0,0,0,0,0,3.47883e+07,-1.66313e+06,1.66313e+06,1.39424e+07
0,0,0,0,0,3.47909e+07,-1.66325e+06,1.66325e+06,1.39424e+07
0,0,0,0,0,3.47935e+07,-1.66337e+06,1.66337e+06,1.39424e+07
0,0,0,0,0,3.47961e+07,-1.6635e+06,1.6635e+06,1.39424e+07
0,0,0,0,0,3.47987e+07,-1.66362e+06,1.66362e+06,1.39424e+07
0,0,0,0,0,3.34321e+07,-1.59829e+06,1.59829e+06,1.39424e+07
0,0,0,0,0,3.34346e+07,-1.59841e+06,1.59841e+06,1.39424e+07
0,0,0,0,0,3.34371e+07,-1.59853e+06,1.59853e+06,1.39424e+07
0,0,0,0,0,3.34396e+07,-1.59865e+06,1.59865e+06,1.39424e+07
0,0,0,0,0,3.22428e+07,-1.54143e+06,1.54143e+06,1.39424e+07
0,0,0,0,0,3.22452e+07,-1.54155e+06,1.54155e+06,1.39424e+07
0,0,0,0,0,3.22476e+07,-1.54167e+06,1.54167e+06,1.39424e+07
0,0,0,0,0,3.225e+07,-1.54178e+06,1.54178e+06,1.39424e+07
0,0,0,0,0,3.08314e+07,0,0,1.39424e+07
0,0,0,0,0,3.08337e+07,0,0,1.39424e+07
0,0,0,0,0,3.0836e+07,0,0,1.39424e+07
0,0,0,0,0,3.08384e+07,0,0,1.39424e+07
0,0,0,0,0,3.08407e+07,0,0,1.39424e+07
0,0,0,0,0,3.08407e+07,0,0,1.39424e+07
0,0,0,0,0,3.18241e+07,0,0,1.39424e+07
0,0,0,0,0,3.18262e+07,0,0,1.39424e+07
0,0,0,0,0,3.18283e+07,0,0,1.39424e+07
0,0,0,0,0,3.18303e+07,0,0,1.39424e+07
0,0,0,0,0,3.36387e+07,-1.60817e+06,1.60817e+06,1.39424e+07
0,0,0,0,0,3.36409e+07,-1.60827e+06,1.60827e+06,1.39424e+07
0,0,0,0,0,3.36431e+07,-1.60838e+06,1.60838e+06,1.39424e+07
0,0,0,0,0,3.36453e+07,-1.60848e+06,1.60848e+06,1.39424e+07
0,0,0,0,0,3.05379e+07,0,0,1.39424e+07
0,0,0,0,0,3.05399e+07,0,0,1.39424e+07
0,0,0,0,0,3.05419e+07,0,0,1.39424e+07
0,0,0,0,0,3.05439e+07,0,0,1.39424e+07
0,0,0,0,0,3.05459e+07,0,0,1.39424e+07
0,0,0,0,0,3.17187e+07,0,0,1.39424e+07
0,0,0,0,0,3.17208e+07,0,0,1.39424e+07
0,0,0,0,0,3.17228e+07,0,0,1.39424e+07
0,0,0,0,0,3.17249e+07,0,0,1.39424e+07
0,0,0,0,0,3.12707e+07,0,0,1.39424e+07
0,0,0,0,0,3.12727e+07,0,0,1.39424e+07
0,0,0,0,0,3.12748e+07,0,0,1.39424e+07
0,0,0,0,0,3.12768e+07,0,0,1.39424e+07
0,0,0,0,0,3.28634e+07,0,0,1.39424e+07
0,0,0,0,0,3.28656e+07,0,0,1.39424e+07
0,0,0,0,0,3.28677e+07,0,0,1.39424e+07
0,0,0,0,0,3.28699e+07,0,0,1.39424e+07
0,0,0,0,0,3.2872e+07,0,0,1.39424e+07
0,0,0,0,0,3.16617e+07,-1.51366e+06,1.51366e+06,1.39424e+07
0,0,0,0,0,3.16638e+07,-1.51376e+06,1.51376e+06,1.39424e+07
0,0,0,0,0,3.16659e+07,-1.51385e+06,1.51385e+06,1.39424e+07
0,0,0,0,0,3.1668e+07,-1.51395e+06,1.51395e+06,1.39424e+07
0,0,0,0,0,3.24264e+07,-1.55021e+06,1.55021e+06,1.39424e+07
0,0,0,0,0,3.24286e+07,-1.55032e+06,1.55032e+06,1.39424e+07
0,0,0,0,0,3.24307e+07,-1.55042e+06,1.55042e+06,1.39424e+07
0,0,0,0,0,3.24328e+07,-1.55052e+06,1.55052e+06,1.39424e+07
0,0,0,0,0,3.49125e+07,-1.66907e+06,1.66907e+06,1.39424e+07
0,0,0,0,0,3.49148e+07,-1.66918e+06,1.66918e+06,1.39424e+07
0,0,0,0,0,3.49171e+07,-1.66929e+06,1.66929e+06,1.39424e+07
0,0,0,0,0,3.49194e+07,-1.66939e+06,1.66939e+06,1.39424e+07
0,0,0,0,0,3.49217e+07,-1.6695e+06,1.6695e+06,1.39424e+07
0,0,0,0,0,3.355e+07,-1.60393e+06,1.60393e+06,1.39424e+07
0,0,0,0,0,3.35522e+07,-1.60403e+06,1.60403e+06,1.39424e+07
0,0,0,0,0,3.35544e+07,-1.60414e+06,1.60414e+06,1.39424e+07
0,0,0,0,0,3.35566e+07,-1.60424e+06,1.60424e+06,1.39424e+07
0,0,0,0,0,3.23552e+07,-1.54681e+06,1.54681e+06,1.39424e+07
0,0,0,0,0,3.23573e+07,-1.54691e+06,1.54691e+06,1.39424e+07
0,0,0,0,0,3.23595e+07,-1.54701e+06,1.54701e+06,1.39424e+07
0,0,0,0,0,3.23616e+07,-1.54711e+06,1.54711e+06,1.39424e+07
0,0,0,0,0,3.09378e+07,0,0,1.39424e+07
0,0,0,0,0,3.09398e+07,0,0,1.39424e+07
0,0,0,0,0,3.09418e+07,0,0,1.39424e+07
0,0,0,0,0,3.09438e+07,0,0,1.39424e+07
0,0,0,0,0,3.09459e+07,0,0,1.39424e+07
0,0,0,0,0,3.19324e+07,0,0,1.39424e+07
0,0,0,0,0,3.19342e+07,0,0,1.39424e+07
0,0,0,0,0,3.19359e+07,0,0,1.39424e+07
0,0,0,0,0,3.19377e+07,0,0,1.39424e+07
0,0,0,0,0,3.37519e+07,-1.61358e+06,1.61358e+06,1.39424e+07
0,0,0,0,0,3.37538e+07,-1.61367e+06,1.61367e+06,1.39424e+07
0,0,0,0,0,3.37557e+07,-1.61376e+06,1.61376e+06,1.39424e+07
0,0,0,0,0,3.37576e+07,-1.61385e+06,1.61385e+06,1.39424e+07
0,0,0,0,0,3.06395e+07,0,0,1.39424e+07
0,0,0,0,0,3.06413e+07,0,0,1.39424e+07
0,0,0,0,0,3.0643e+07,0,0,1.39424e+07
0,0,0,0,0,3.06447e+07,0,0,1.39424e+07
0,0,0,0,0,3.06464e+07,0,0,1.39424e+07
0,0,0,0,0,3.18228e+07,0,0,1.39424e+07
0,0,0,0,0,3.18245e+07,0,0,1.39424e+07
0,0,0,0,0,3.18263e+07,0,0,1.39424e+07
0,0,0,0,0,3.18281e+07,0,0,1.39424e+07
0,0,0,0,0,3.13721e+07,0,0,1.39424e+07
0,0,0,0,0,3.13739e+07,0,0,1.39424e+07
0,0,0,0,0,3.13756e+07,0,0,1.39424e+07
0,0,0,0,0,3.13774e+07,0,0,1.39424e+07
0,0,0,0,0,3.29688e+07,0,0,1.39424e+07
0,0,0,0,0,3.29707e+07,0,0,1.39424e+07
0,0,0,0,0,3.29725e+07,0,0,1.39424e+07
0,0,0,0,0,3.29744e+07,0,0,1.39424e+07
0,0,0,0,0,3.29762e+07,0,0,1.39424e+07
0,0,0,0,0,3.17618e+07,-1.51844e+06,1.51844e+06,1.39424e+07
0,0,0,0,0,3.17636e+07,-1.51853e+06,1.51853e+06,1.39424e+07
0,0,0,0,0,3.17654e+07,-1.51861e+06,1.51861e+06,1.39424e+07
0,0,0,0,0,3.17672e+07,-1.5187e+06,1.5187e+06,1.39424e+07
0,0,0,0,0,3.25277e+07,-1.55505e+06,1.55505e+06,1.39424e+07
0,0,0,0,0,3.25295e+07,-1.55514e+06,1.55514e+06,1.39424e+07
0,0,0,0,0,3.25314e+07,-1.55523e+06,1.55523e+06,1.39424e+07
0,0,0,0,0,3.25332e+07,-1.55532e+06,1.55532e+06,1.39424e+07
0,0,0,0,0,3.50203e+07,-1.67422e+06,1.67422e+06,1.39424e+07
0,0,0,0,0,3.50222e+07,-1.67431e+06,1.67431e+06,1.39424e+07
0,0,0,0,0,3.50242e+07,-1.67441e+06,1.67441e+06,1.39424e+07
0,0,0,0,0,3.50262e+07,-1.6745e+06,1.6745e+06,1.39424e+07
0,0,0,0,0,3.50281e+07,-1.67459e+06,1.67459e+06,1.39424e+07
0,0,0,0,0,3.36519e+07,-1.6088e+06,1.6088e+06,1.39424e+07
0,0,0,0,0,3.36538e+07,-1.60889e+06,1.60889e+06,1.39424e+07
0,0,0,0,0,3.36557e+07,-1.60898e+06,1.60898e+06,1.39424e+07
0,0,0,0,0,3.36576e+07,-1.60907e+06,1.60907e+06,1.39424e+07
0,0,0,0,0,3.24524e+07,-1.55145e+06,1.55145e+06,1.39424e+07
0,0,0,0,0,3.24542e+07,-1.55154e+06,1.55154e+06,1.39424e+07
0,0,0,0,0,3.2456e+07,-1.55163e+06,1.55163e+06,1.39424e+07
0,0,0,0,0,3.24578e+07,-1.55171e+06,1.55171e+06,1.39424e+07
0,0,0,0,0,3.10295e+07,0,0,1.39424e+07
0,0,0,0,0,3.10312e+07,0,0,1.39424e+07
0,0,0,0,0,3.1033e+07,0,0,1.39424e+07
0,0,0,0,0,3.10347e+07,0,0,1.39424e+07
0,0,0,0,0,3.10365e+07,0,0,1.39424e+07
0,0,0,0,0,3.20256e+07,0,0,1.39424e+07
0,0,0,0,0,3.20271e+07,0,0,1.39424e+07
0,0,0,0,0,3.20286e+07,0,0,1.39424e+07
0,0,0,0,0,3.20301e+07,0,0,1.39424e+07
0,0,0,0,0,3.38491e+07,-1.61823e+06,1.61823e+06,1.39424e+07
0,0,0,0,0,3.38507e+07,-1.61831e+06,1.61831e+06,1.39424e+07
0,0,0,0,0,3.38523e+07,-1.61838e+06,1.61838e+06,1.39424e+07
0,0,0,0,0,3.38539e+07,-1.61846e+06,1.61846e+06,1.39424e+07
0,0,0,0,0,3.07267e+07,0,0,1.39424e+07
0,0,0,0,0,3.07281e+07,0,0,1.39424e+07
0,0,0,0,0,3.07296e+07,0,0,1.39424e+07
0,0,0,0,0,3.0731e+07,0,0,1.39424e+07
0,0,0,0,0,3.07325e+07,0,0,1.39424e+07
0,0,0,0,0,3.19118e+07,0,0,1.39424e+07
0,0,0,0,0,3.19133e+07,0,0,1.39424e+07
0,0,0,0,0,3.19148e+07,0,0,1.39424e+07
0,0,0,0,0,3.19163e+07,0,0,1.39424e+07
0,0,0,0,0,3.14588e+07,0,0,1.39424e+07
0,0,0,0,0,3.14602e+07,0,0,1.39424e+07
0,0,0,0,0,3.14617e+07,0,0,1.39424e+07
0,0,0,0,0,3.14632e+07,0,0,1.39424e+07
0,0,0,0,0,3.30587e+07,0,0,1.39424e+07
0,0,0,0,0,3.30602e+07,0,0,1.39424e+07
0,0,0,0,0,3.30618e+07,0,0,1.39424e+07
0,0,0,0,0,3.30633e+07,0,0,1.39424e+07
0,0,0,0,0,3.30649e+07,0,0,1.39424e+07
0,0,0,0,0,3.18469e+07,-1.52251e+06,1.52251e+06,1.39424e+07
0,0,0,0,0,3.18484e+07,-1.52258e+06,1.52258e+06,1.39424e+07
0,0,0,0,0,3.18499e+07,-1.52265e+06,1.52265e+06,1.39424e+07
0,0,0,0,0,3.18514e+07,-1.52272e+06,1.52272e+06,1.39424e+07
0,0,0,0,0,3.26136e+07,-1.55916e+06,1.55916e+06,1.39424e+07
0,0,0,0,0,3.26152e+07,-1.55924e+06,1.55924e+06,1.39424e+07
0,0,0,0,0,3.26167e+07,-1.55931e+06,1.55931e+06,1.39424e+07
0,0,0,0,0,3.26182e+07,-1.55938e+06,1.55938e+06,1.39424e+07
0,0,0,0,0,3.51115e+07,-1.67858e+06,1.67858e+06,1.39424e+07
0,0,0,0,0,3.51132e+07,-1.67866e+06,1.67866e+06,1.39424e+07
0,0,0,0,0,3.51148e+07,-1.67874e+06,1.67874e+06,1.39424e+07
0,0,0,0,0,3.51165e+07,-1.67882e+06,1.67882e+06,1.39424e+07
0,0,0,0,0,3.51181e+07,-1.67889e+06,1.67889e+06,1.39424e+07
0,0,0,0,0,3.3738e+07,-1.61292e+06,1.61292e+06,1.39424e+07
0,0,0,0,0,3.37396e+07,-1.61299e+06,1.61299e+06,1.39424e+07
0,0,0,0,0,3.37412e+07,-1.61307e+06,1.61307e+06,1.39424e+07
0,0,0,0,0,3.37428e+07,-1.61315e+06,1.61315e+06,1.39424e+07
0,0,0,0,0,3.25342e+07,-1.55537e+06,1.55537e+06,1.39424e+07
0,0,0,0,0,3.25357e+07,-1.55544e+06,1.55544e+06,1.39424e+07
0,0,0,0,0,3.25373e+07,-1.55551e+06,1.55551e+06,1.39424e+07
0,0,0,0,0,3.25388e+07,-1.55559e+06,1.55559e+06,1.39424e+07
0,0,0,0,0,3.11066e+07,0,0,1.39424e+07
0,0,0,0,0,3.11081e+07,0,0,1.39424e+07
0,0,0,0,0,3.11095e+07,0,0,1.39424e+07
0,0,0,0,0,3.1111e+07,0,0,1.39424e+07
0,0,0,0,0,3.11125e+07,0,0,1.39424e+07
0,0,0,0,0,3.21037e+07,0,0,1.39424e+07
0,0,0,0,0,3.21049e+07,0,0,1.39424e+07
0,0,0,0,0,3.21061e+07,0,0,1.39424e+07
0,0,0,0,0,3.21073e+07,0,0,1.39424e+07
0,0,0,0,0,3.39304e+07,-1.62212e+06,1.62212e+06,1.39424e+07
0,0,0,0,0,3.39317e+07,-1.62218e+06,1.62218e+06,1.39424e+07
0,0,0,0,0,3.3933e+07,-1.62224e+06,1.62224e+06,1.39424e+07
0,0,0,0,0,3.39343e+07,-1.6223e+06,1.6223e+06,1.39424e+07
0,0,0,0,0,3.07994e+07,0,0,1.39424e+07
0,0,0,0,0,3.08005e+07,0,0,1.39424e+07
0,0,0,0,0,3.08017e+07,0,0,1.39424e+07
0,0,0,0,0,3.08028e+07,0,0,1.39424e+07
0,0,0,0,0,3.0804e+07,0,0,1.39424e+07
0,0,0,0,0,3.19858e+07,0,0,1.39424e+07
0,0,0,0,0,3.1987e+07,0,0,1.39424e+07
0,0,0,0,0,3.19882e+07,0,0,1.39424e+07
0,0,0,0,0,3.19894e+07,0,0,1.39424e+07
0,0,0,0,0,3.15305e+07,0,0,1.39424e+07
0,0,0,0,0,3.15317e+07,0,0,1.39424e+07
0,0,0,0,0,3.15329e+07,0,0,1.39424e+07
0,0,0,0,0,3.15341e+07,0,0,1.39424e+07
0,0,0,0,0,3.16211e+07,-1.51171e+06,1.51171e+06,1.39424e+07
0,0,0,0,0,3.16223e+07,-1.51177e+06,1.51177e+06,1.39424e+07
0,0,0,0,0,3.16235e+07,-1.51183e+06,1.51183e+06,1.39424e+07
0,0,0,0,0,3.16247e+07,-1.51188e+06,1.51188e+06,1.39424e+07
0,0,0,0,0,3.16259e+07,-1.51194e+06,1.51194e+06,1.39424e+07
0,0,0,0,0,3.19169e+07,-1.52585e+06,1.52585e+06,1.39424e+07
0,0,0,0,0,3.19181e+07,-1.52591e+06,1.52591e+06,1.39424e+07
0,0,0,0,0,3.19193e+07,-1.52597e+06,1.52597e+06,1.39424e+07
0,0,0,0,0,3.19205e+07,-1.52603e+06,1.52603e+06,1.39424e+07
0,0,0,0,0,3.26841e+07,-1.56253e+06,1.56253e+06,1.39424e+07
0,0,0,0,0,3.26853e+07,-1.56259e+06,1.56259e+06,1.39424e+07
0,0,0,0,0,3.26866e+07,-1.56265e+06,1.56265e+06,1.39424e+07
0,0,0,0,0,3.26878e+07,-1.56271e+06,1.56271e+06,1.39424e+07
0,0,0,0,0,3.5186e+07,-1.68214e+06,1.68214e+06,1.39424e+07
0,0,0,0,0,3.51874e+07,-1.68221e+06,1.68221e+06,1.39424e+07
0,0,0,0,0,3.51887e+07,-1.68227e+06,1.68227e+06,1.39424e+07
0,0,0,0,0,3.519e+07,-1.68233e+06,1.68233e+06,1.39424e+07
0,0,0,0,0,3.51914e+07,-1.6824e+06,1.6824e+06,1.39424e+07
0,0,0,0,0,3.38081e+07,-1.61627e+06,1.61627e+06,1.39424e+07
0,0,0,0,0,3.38094e+07,-1.61633e+06,1.61633e+06,1.39424e+07
0,0,0,0,0,3.38107e+07,-1.61639e+06,1.61639e+06,1.39424e+07
0,0,0,0,0,3.38119e+07,-1.61645e+06,1.61645e+06,1.39424e+07
0,0,0,0,0,3.26006e+07,-1.55854e+06,1.55854e+06,1.39424e+07
0,0,0,0,0,3.26018e+07,-1.5586e+06,1.5586e+06,1.39424e+07
0,0,0,0,0,3.2603e+07,-1.55866e+06,1.55866e+06,1.39424e+07
0,0,0,0,0,3.26043e+07,-1.55871e+06,1.55871e+06,1.39424e+07
0,0,0,0,0,3.11689e+07,0,0,1.39424e+07
0,0,0,0,0,3.11701e+07,0,0,1.39424e+07
0,0,0,0,0,3.11712e+07,0,0,1.39424e+07
0,0,0,0,0,3.11724e+07,0,0,1.39424e+07
0,0,0,0,0,3.11736e+07,0,0,1.39424e+07
0,0,0,0,0,3.21665e+07,0,0,1.39424e+07
0,0,0,0,0,3.21674e+07,0,0,1.39424e+07
0,0,0,0,0,3.21683e+07,0,0,1.39424e+07
0,0,0,0,0,3.21692e+07,0,0,1.39424e+07
0,0,0,0,0,3.39955e+07,-1.62523e+06,1.62523e+06,1.39424e+07
0,0,0,0,0,3.39965e+07,-1.62527e+06,1.62527e+06,1.39424e+07
0,0,0,0,0,3.39975e+07,-1.62532e+06,1.62532e+06,1.39424e+07
0,0,0,0,0,3.39985e+07,-1.62537e+06,1.62537e+06,1.39424e+07
0,0,0,0,0,3.08573e+07,0,0,1.39424e+07
0,0,0,0,0,3.08582e+07,0,0,1.39424e+07
0,0,0,0,0,3.08591e+07,0,0,1.39424e+07
0,0,0,0,0,3.08599e+07,0,0,1.39424e+07
0,0,0,0,0,3.08608e+07,0,0,1.39424e+07
0,0,0,0,0,3.20445e+07,0,0,1.39424e+07
0,0,0,0,0,3.20454e+07,0,0,1.39424e+07
0,0,0,0,0,3.20463e+07,0,0,1.39424e+07
0,0,0,0,0,3.20472e+07,0,0,1.39424e+07
0,0,0,0,0,3.15872e+07,0,0,1.39424e+07
0,0,0,0,0,3.15881e+07,0,0,1.39424e+07
0,0,0,0,0,3.1589e+07,0,0,1.39424e+07
0,0,0,0,0,3.15899e+07,0,0,1.39424e+07
0,0,0,0,0,3.16768e+07,-1.51438e+06,1.51438e+06,1.39424e+07
0,0,0,0,0,3.16777e+07,-1.51442e+06,1.51442e+06,1.39424e+07
0,0,0,0,0,3.16786e+07,-1.51446e+06,1.51446e+06,1.39424e+07
0,0,0,0,0,3.16795e+07,-1.51451e+06,1.51451e+06,1.39424e+07
0,0,0,0,0,3.16804e+07,-1.51455e+06,1.51455e+06,1.39424e+07
0,0,0,0,0,3.19716e+07,-1.52847e+06,1.52847e+06,1.39424e+07
0,0,0,0,0,3.19725e+07,-1.52851e+06,1.52851e+06,1.39424e+07
0,0,0,0,0,3.19734e+07,-1.52856e+06,1.52856e+06,1.39424e+07
0,0,0,0,0,3.19743e+07,-1.5286e+06,1.5286e+06,1.39424e+07
0,0,0,0,0,3.27389e+07,-1.56515e+06,1.56515e+06,1.39424e+07
0,0,0,0,0,3.27398e+07,-1.5652e+06,1.5652e+06,1.39424e+07
0,0,0,0,0,3.27408e+07,-1.56524e+06,1.56524e+06,1.39424e+07
0,0,0,0,0,3.27417e+07,-1.56529e+06,1.56529e+06,1.39424e+07
0,0,0,0,0,3.52438e+07,-1.6849e+06,1.6849e+06,1.39424e+07
0,0,0,0,0,3.52448e+07,-1.68495e+06,1.68495e+06,1.39424e+07
0,0,0,0,0,3.52458e+07,-1.685e+06,1.685e+06,1.39424e+07
0,0,0,0,0,3.52468e+07,-1.68505e+06,1.68505e+06,1.39424e+07
0,0,0,0,0,3.52478e+07,-1.68509e+06,1.68509e+06,1.39424e+07
0,0,0,0,0,3.3862e+07,-1.61884e+06,1.61884e+06,1.39424e+07
0,0,0,0,0,3.3863e+07,-1.61889e+06,1.61889e+06,1.39424e+07
0,0,0,0,0,3.38639e+07,-1.61894e+06,1.61894e+06,1.39424e+07
0,0,0,0,0,3.38649e+07,-1.61898e+06,1.61898e+06,1.39424e+07
0,0,0,0,0,3.26513e+07,-1.56096e+06,1.56096e+06,1.39424e+07
0,0,0,0,0,3.26522e+07,-1.56101e+06,1.56101e+06,1.39424e+07
0,0,0,0,0,3.26532e+07,-1.56105e+06,1.56105e+06,1.39424e+07
0,0,0,0,0,3.26541e+07,-1.5611e+06,1.5611e+06,1.39424e+07
0,0,0,0,0,3.12163e+07,0,0,1.39424e+07
0,0,0,0,0,3.12172e+07,0,0,1.39424e+07
0,0,0,0,0,3.1218e+07,0,0,1.39424e+07
0,0,0,0,0,3.12189e+07,0,0,1.39424e+07
0,0,0,0,0,3.12198e+07,0,0,1.39424e+07
0,0,0,0,0,3.22139e+07,0,0,1.39424e+07
0,0,0,0,0,3.22145e+07,0,0,1.39424e+07
0,0,0,0,0,3.22151e+07,0,0,1.39424e+07
0,0,0,0,0,3.22157e+07,0,0,1.39424e+07
0,0,0,0,0,3.40444e+07,-1.62756e+06,1.62756e+06,1.39424e+07
0,0,0,0,0,3.4045e+07,-1.62759e+06,1.62759e+06,1.39424e+07
0,0,0,0,0,3.40457e+07,-1.62763e+06,1.62763e+06,1.39424e+07
0,0,0,0,0,3.40464e+07,-1.62766e+06,1.62766e+06,1.39424e+07
0,0,0,0,0,3.09005e+07,0,0,1.39424e+07
0,0,0,0,0,3.09011e+07,0,0,1.39424e+07
0,0,0,0,0,3.09017e+07,0,0,1.39424e+07
0,0,0,0,0,3.09023e+07,0,0,1.39424e+07
0,0,0,0,0,3.09029e+07,0,0,1.39424e+07
0,0,0,0,0,3.20879e+07,0,0,1.39424e+07
0,0,0,0,0,3.20885e+07,0,0,1.39424e+07
0,0,0,0,0,3.20891e+07,0,0,1.39424e+07
0,0,0,0,0,3.20898e+07,0,0,1.39424e+07
0,0,0,0,0,3.16288e+07,0,0,1.39424e+07
0,0,0,0,0,3.16294e+07,0,0,1.39424e+07
0,0,0,0,0,3.163e+07,0,0,1.39424e+07
0,0,0,0,0,3.16307e+07,0,0,1.39424e+07
0,0,0,0,0,3.17174e+07,-1.51632e+06,1.51632e+06,1.39424e+07
0,0,0,0,0,3.1718e+07,-1.51634e+06,1.51634e+06,1.39424e+07
0,0,0,0,0,3.17186e+07,-1.51637e+06,1.51637e+06,1.39424e+07
0,0,0,0,0,3.17192e+07,-1.5164e+06,1.5164e+06,1.39424e+07
0,0,0,0,0,3.17198e+07,-1.51643e+06,1.51643e+06,1.39424e+07
0,0,0,0,0,3.20111e+07,-1.53036e+06,1.53036e+06,1.39424e+07
0,0,0,0,0,3.20117e+07,-1.53039e+06,1.53039e+06,1.39424e+07
0,0,0,0,0,3.20123e+07,-1.53042e+06,1.53042e+06,1.39424e+07
0,0,0,0,0,3.20129e+07,-1.53045e+06,1.53045e+06,1.39424e+07
0,0,0,0,0,3.27781e+07,-1.56703e+06,1.56703e+06,1.39424e+07
0,0,0,0,0,3.27788e+07,-1.56706e+06,1.56706e+06,1.39424e+07
0,0,0,0,0,3.27794e+07,-1.56709e+06,1.56709e+06,1.39424e+07
0,0,0,0,0,3.27801e+07,-1.56712e+06,1.56712e+06,1.39424e+07
0,0,0,0,0,3.52847e+07,-1.68686e+06,1.68686e+06,1.39424e+07
0,0,0,0,0,3.52854e+07,-1.68689e+06,1.68689e+06,1.39424e+07
0,0,0,0,0,3.52861e+07,-1.68692e+06,1.68692e+06,1.39424e+07
0,0,0,0,0,3.52868e+07,-1.68696e+06,1.68696e+06,1.39424e+07
0,0,0,0,0,3.52874e+07,-1.68699e+06,1.68699e+06,1.39424e+07
0,0,0,0,0,3.38998e+07,-1.62065e+06,1.62065e+06,1.39424e+07
0,0,0,0,0,3.39004e+07,-1.62068e+06,1.62068e+06,1.39424e+07
0,0,0,0,0,3.39011e+07,-1.62071e+06,1.62071e+06,1.39424e+07
0,0,0,0,0,3.39017e+07,-1.62074e+06,1.62074e+06,1.39424e+07
0,0,0,0,0,3.26866e+07,-1.56265e+06,1.56265e+06,1.39424e+07
0,0,0,0,0,3.26872e+07,-1.56268e+06,1.56268e+06,1.39424e+07
0,0,0,0,0,3.26878e+07,-1.56271e+06,1.56271e+06,1.39424e+07
0,0,0,0,0,3.26885e+07,-1.56274e+06,1.56274e+06,1.39424e+07
0,0,0,0,0,3.12488e+07,0,0,1.39424e+07
0,0,0,0,0,3.12494e+07,0,0,1.39424e+07
0,0,0,0,0,3.125e+07,0,0,1.39424e+07
0,0,0,0,0,3.12506e+07,0,0,1.39424e+07
0,0,0,0,0,3.12512e+07,0,0,1.39424e+07
0,0,0,0,0,3.12512e+07,0,0,1.39424e+07
0,0,0,0,0,3.2246e+07,0,0,1.39424e+07
0,0,0,0,0,3.22463e+07,0,0,1.39424e+07
0,0,0,0,0,3.22466e+07,0,0,1.39424e+07
0,0,0,0,0,3.2247e+07,0,0,1.39424e+07
0,0,0,0,0,3.40771e+07,-1.62913e+06,1.62913e+06,1.39424e+07
0,0,0,0,0,3.40775e+07,-1.62914e+06,1.62914e+06,1.39424e+07
0,0,0,0,0,3.40778e+07,-1.62916e+06,1.62916e+06,1.39424e+07
0,0,0,0,0,3.40782e+07,-1.62918e+06,1.62918e+06,1.39424e+07
0,0,0,0,0,3.09291e+07,0,0,1.39424e+07
0,0,0,0,0,3.09294e+07,0,0,1.39424e+07
0,0,0,0,0,3.09297e+07,0,0,1.39424e+07
0,0,0,0,0,3.09301e+07,0,0,1.39424e+07
0,0,0,0,0,3.09304e+07,0,0,1.39424e+07
0,0,0,0,0,3.21161e+07,0,0,1.39424e+07
0,0,0,0,0,3.21165e+07,0,0,1.39424e+07
0,0,0,0,0,3.21168e+07,0,0,1.39424e+07
0,0,0,0,0,3.21171e+07,0,0,1.39424e+07
0,0,0,0,0,3.16555e+07,0,0,1.39424e+07
0,0,0,0,0,3.16558e+07,0,0,1.39424e+07
0,0,0,0,0,3.16562e+07,0,0,1.39424e+07
0,0,0,0,0,3.16565e+07,0,0,1.39424e+07
0,0,0,0,0,3.1743e+07,-1.51754e+06,1.51754e+06,1.39424e+07
0,0,0,0,0,3.17433e+07,-1.51756e+06,1.51756e+06,1.39424e+07
0,0,0,0,0,3.17437e+07,-1.51757e+06,1.51757e+06,1.39424e+07
0,0,0,0,0,3.1744e+07,-1.51759e+06,1.51759e+06,1.39424e+07
0,0,0,0,0,3.17443e+07,-1.5176e+06,1.5176e+06,1.39424e+07
0,0,0,0,0,3.20355e+07,-1.53152e+06,1.53152e+06,1.39424e+07
0,0,0,0,0,3.20358e+07,-1.53154e+06,1.53154e+06,1.39424e+07
0,0,0,0,0,3.20362e+07,-1.53156e+06,1.53156e+06,1.39424e+07
0,0,0,0,0,3.20365e+07,-1.53157e+06,1.53157e+06,1.39424e+07
0,0,0,0,0,3.2802e+07,-1.56817e+06,1.56817e+06,1.39424e+07
0,0,0,0,0,3.28023e+07,-1.56818e+06,1.56818e+06,1.39424e+07
0,0,0,0,0,3.28027e+07,-1.5682e+06,1.5682e+06,1.39424e+07
0,0,0,0,0,3.2803e+07,-1.56822e+06,1.56822e+06,1.39424e+07
0,0,0,0,0,3.53091e+07,-1.68802e+06,1.68802e+06,1.39424e+07
0,0,0,0,0,3.53094e+07,-1.68804e+06,1.68804e+06,1.39424e+07
0,0,0,0,0,3.53098e+07,-1.68806e+06,1.68806e+06,1.39424e+07
0,0,0,0,0,3.53102e+07,-1.68808e+06,1.68808e+06,1.39424e+07
0,0,0,0,0,3.53105e+07,-1.68809e+06,1.68809e+06,1.39424e+07
0,0,0,0,0,3.39217e+07,-1.6217e+06,1.6217e+06,1.39424e+07
0,0,0,0,0,3.3922e+07,-1.62171e+06,1.62171e+06,1.39424e+07
0,0,0,0,0,3.39224e+07,-1.62173e+06,1.62173e+06,1.39424e+07
0,0,0,0,0,3.39227e+07,-1.62175e+06,1.62175e+06,1.39424e+07
0,0,0,0,0,3.27065e+07,-1.5636e+06,1.5636e+06,1.39424e+07
0,0,0,0,0,3.27068e+07,-1.56362e+06,1.56362e+06,1.39424e+07
0,0,0,0,0,3.27072e+07,-1.56363e+06,1.56363e+06,1.39424e+07
0,0,0,0,0,3.27075e+07,-1.56365e+06,1.56365e+06,1.39424e+07
0,0,0,0,0,3.12667e+07,0,0,1.39424e+07
0,0,0,0,0,3.12671e+07,0,0,1.39424e+07
0,0,0,0,0,3.12674e+07,0,0,1.39424e+07
0,0,0,0,0,3.12677e+07,0,0,1.39424e+07
0,0,0,0,0,3.1268e+07,0,0,1.39424e+07
0,0,0,0,0,3.2263e+07,0,0,1.39424e+07
0,0,0,0,0,3.22631e+07,0,0,1.39424e+07
0,0,0,0,0,3.22631e+07,0,0,1.39424e+07
0,0,0,0,0,3.22632e+07,0,0,1.39424e+07
0,0,0,0,0,3.40939e+07,-1.62993e+06,1.62993e+06,1.39424e+07
0,0,0,0,0,3.4094e+07,-1.62993e+06,1.62993e+06,1.39424e+07
0,0,0,0,0,3.4094e+07,-1.62994e+06,1.62994e+06,1.39424e+07
0,0,0,0,0,3.40941e+07,-1.62994e+06,1.62994e+06,1.39424e+07
0,0,0,0,0,3.09432e+07,0,0,1.39424e+07
0,0,0,0,0,3.09433e+07,0,0,1.39424e+07
0,0,0,0,0,3.09433e+07,0,0,1.39424e+07
0,0,0,0,0,3.09434e+07,0,0,1.39424e+07
0,0,0,0,0,3.09434e+07,0,0,1.39424e+07
0,0,0,0,0,3.21294e+07,0,0,1.39424e+07
0,0,0,0,0,3.21294e+07,0,0,1.39424e+07
0,0,0,0,0,3.21295e+07,0,0,1.39424e+07
0,0,0,0,0,3.21295e+07,0,0,1.39424e+07
0,0,0,0,0,3.16674e+07,0,0,1.39424e+07
0,0,0,0,0,3.16675e+07,0,0,1.39424e+07
0,0,0,0,0,3.16675e+07,0,0,1.39424e+07
0,0,0,0,0,3.16676e+07,0,0,1.39424e+07
0,0,0,0,0,3.17538e+07,-1.51806e+06,1.51806e+06,1.39424e+07
0,0,0,0,0,3.17539e+07,-1.51806e+06,1.51806e+06,1.39424e+07
0,0,0,0,0,3.17539e+07,-1.51806e+06,1.51806e+06,1.39424e+07
0,0,0,0,0,3.1754e+07,-1.51806e+06,1.51806e+06,1.39424e+07
0,0,0,0,0,3.1754e+07,-1.51807e+06,1.51807e+06,1.39424e+07
0,0,0,0,0,3.2045e+07,-1.53198e+06,1.53198e+06,1.39424e+07
0,0,0,0,0,3.2045e+07,-1.53198e+06,1.53198e+06,1.39424e+07
0,0,0,0,0,3.20451e+07,-1.53198e+06,1.53198e+06,1.39424e+07
0,0,0,0,0,3.20451e+07,-1.53198e+06,1.53198e+06,1.39424e+07
0,0,0,0,0,3.28105e+07,-1.56858e+06,1.56858e+06,1.39424e+07
0,0,0,0,0,3.28106e+07,-1.56858e+06,1.56858e+06,1.39424e+07
0,0,0,0,0,3.28106e+07,-1.56858e+06,1.56858e+06,1.39424e+07
0,0,0,0,0,3.28106e+07,-1.56858e+06,1.56858e+06,1.39424e+07
0,0,0,0,0,3.5317e+07,-1.6884e+06,1.6884e+06,1.39424e+07
0,0,0,0,0,3.53171e+07,-1.68841e+06,1.68841e+06,1.39424e+07
0,0,0,0,0,3.53171e+07,-1.68841e+06,1.68841e+06,1.39424e+07
0,0,0,0,0,3.53172e+07,-1.68841e+06,1.68841e+06,1.39424e+07
0,0,0,0,0,3.53172e+07,-1.68841e+06,1.68841e+06,1.39424e+07
0,0,0,0,0,3.39278e+07,-1.62199e+06,1.62199e+06,1.39424e+07
0,0,0,0,0,3.39278e+07,-1.62199e+06,1.62199e+06,1.39424e+07
0,0,0,0,0,3.39279e+07,-1.62199e+06,1.62199e+06,1.39424e+07
0,0,0,0,0,3.39279e+07,-1.62199e+06,1.62199e+06,1.39424e+07
0,0,0,0,0,3.27112e+07,-1.56383e+06,1.56383e+06,1.39424e+07
0,0,0,0,0,3.27112e+07,-1.56383e+06,1.56383e+06,1.39424e+07
0,0,0,0,0,3.27113e+07,-1.56383e+06,1.56383e+06,1.39424e+07
0,0,0,0,0,3.27113e+07,-1.56383e+06,1.56383e+06,1.39424e+07
0,0,0,0,0,3.12701e+07,0,0,1.39424e+07
0,0,0,0,0,3.12702e+07,0,0,1.39424e+07
0,0,0,0,0,3.12702e+07,0,0,1.39424e+07
0,0,0,0,0,3.12703e+07,0,0,1.39424e+07
0,0,0,0,0,3.12703e+07,0,0,1.39424e+07
0,0,0,0,0,3.22651e+07,0,0,1.39424e+07
0,0,0,0,0,3.22648e+07,0,0,1.39424e+07
0,0,0,0,0,3.22646e+07,0,0,1.39424e+07
0,0,0,0,0,3.22643e+07,0,0,1.39424e+07
0,0,0,0,0,3.40949e+07,-1.62998e+06,1.62998e+06,1.39424e+07
0,0,0,0,0,3.40946e+07,-1.62996e+06,1.62996e+06,1.39424e+07
0,0,0,0,0,3.40943e+07,-1.62995e+06,1.62995e+06,1.39424e+07
0,0,0,0,0,3.40941e+07,-1.62994e+06,1.62994e+06,1.39424e+07
0,0,0,0,0,3.0943e+07,0,0,1.39424e+07
0,0,0,0,0,3.09428e+07,0,0,1.39424e+07
0,0,0,0,0,3.09425e+07,0,0,1.39424e+07
0,0,0,0,0,3.09423e+07,0,0,1.39424e+07
0,0,0,0,0,3.09421e+07,0,0,1.39424e+07
0,0,0,0,0,3.21277e+07,0,0,1.39424e+07
0,0,0,0,0,3.21274e+07,0,0,1.39424e+07
0,0,0,0,0,3.21272e+07,0,0,1.39424e+07
0,0,0,0,0,3.2127e+07,0,0,1.39424e+07
0,0,0,0,0,3.16646e+07,0,0,1.39424e+07
0,0,0,0,0,3.16644e+07,0,0,1.39424e+07
0,0,0,0,0,3.16642e+07,0,0,1.39424e+07
0,0,0,0,0,3.16639e+07,0,0,1.39424e+07
0,0,0,0,0,3.17499e+07,-1.51787e+06,1.51787e+06,1.39424e+07
0,0,0,0,0,3.17496e+07,-1.51786e+06,1.51786e+06,1.39424e+07
0,0,0,0,0,3.17494e+07,-1.51785e+06,1.51785e+06,1.39424e+07
0,0,0,0,0,3.17492e+07,-1.51783e+06,1.51783e+06,1.39424e+07
0,0,0,0,0,3.17489e+07,-1.51782e+06,1.51782e+06,1.39424e+07
0,0,0,0,0,3.20396e+07,-1.53172e+06,1.53172e+06,1.39424e+07
0,0,0,0,0,3.20393e+07,-1.53171e+06,1.53171e+06,1.39424e+07
0,0,0,0,0,3.20391e+07,-1.5317e+06,1.5317e+06,1.39424e+07
0,0,0,0,0,3.20388e+07,-1.53168e+06,1.53168e+06,1.39424e+07
0,0,0,0,0,3.28038e+07,-1.56825e+06,1.56825e+06,1.39424e+07
0,0,0,0,0,3.28035e+07,-1.56824e+06,1.56824e+06,1.39424e+07
0,0,0,0,0,3.28033e+07,-1.56823e+06,1.56823e+06,1.39424e+07
0,0,0,0,0,3.28031e+07,-1.56822e+06,1.56822e+06,1.39424e+07
0,0,0,0,0,3.53085e+07,-1.688e+06,1.688e+06,1.39424e+07
0,0,0,0,0,3.53082e+07,-1.68798e+06,1.68798e+06,1.39424e+07
0,0,0,0,0,3.5308e+07,-1.68797e+06,1.68797e+06,1.39424e+07
0,0,0,0,0,3.53077e+07,-1.68796e+06,1.68796e+06,1.39424e+07
0,0,0,0,0,3.53074e+07,-1.68795e+06,1.68795e+06,1.39424e+07
0,0,0,0,0,3.39181e+07,-1.62153e+06,1.62153e+06,1.39424e+07
0,0,0,0,0,3.39178e+07,-1.62151e+06,1.62151e+06,1.39424e+07
0,0,0,0,0,3.39176e+07,-1.6215e+06,1.6215e+06,1.39424e+07
0,0,0,0,0,3.39173e+07,-1.62149e+06,1.62149e+06,1.39424e+07
0,0,0,0,0,3.27007e+07,-1.56333e+06,1.56333e+06,1.39424e+07
0,0,0,0,0,3.27005e+07,-1.56331e+06,1.56331e+06,1.39424e+07
0,0,0,0,0,3.27002e+07,-1.5633e+06,1.5633e+06,1.39424e+07
0,0,0,0,0,3.27e+07,-1.56329e+06,1.56329e+06,1.39424e+07
0,0,0,0,0,3.1259e+07,0,0,1.39424e+07
0,0,0,0,0,3.12587e+07,0,0,1.39424e+07
0,0,0,0,0,3.12585e+07,0,0,1.39424e+07
0,0,0,0,0,3.12583e+07,0,0,1.39424e+07
0,0,0,0,0,3.1258e+07,0,0,1.39424e+07
0,0,0,0,0,3.22521e+07,0,0,1.39424e+07
0,0,0,0,0,3.22516e+07,0,0,1.39424e+07
0,0,0,0,0,3.22511e+07,0,0,1.39424e+07
0,0,0,0,0,3.22505e+07,0,0,1.39424e+07
0,0,0,0,0,3.408e+07,-1.62926e+06,1.62926e+06,1.39424e+07
0,0,0,0,0,3.40794e+07,-1.62924e+06,1.62924e+06,1.39424e+07
0,0,0,0,0,3.40788e+07,-1.62921e+06,1.62921e+06,1.39424e+07
0,0,0,0,0,3.40783e+07,-1.62918e+06,1.62918e+06,1.39424e+07
0,0,0,0,0,3.09284e+07,0,0,1.39424e+07
0,0,0,0,0,3.09279e+07,0,0,1.39424e+07
0,0,0,0,0,3.09274e+07,0,0,1.39424e+07
0,0,0,0,0,3.09268e+07,0,0,1.39424e+07
0,0,0,0,0,3.09263e+07,0,0,1.39424e+07
0,0,0,0,0,3.21111e+07,0,0,1.39424e+07
0,0,0,0,0,3.21106e+07,0,0,1.39424e+07
0,0,0,0,0,3.211e+07,0,0,1.39424e+07
0,0,0,0,0,3.21095e+07,0,0,1.39424e+07
0,0,0,0,0,3.16472e+07,0,0,1.39424e+07
0,0,0,0,0,3.16466e+07,0,0,1.39424e+07
0,0,0,0,0,3.16461e+07,0,0,1.39424e+07
0,0,0,0,0,3.16456e+07,0,0,1.39424e+07
0,0,0,0,0,3.17312e+07,-1.51698e+06,1.51698e+06,1.39424e+07
0,0,0,0,0,3.17307e+07,-1.51695e+06,1.51695e+06,1.39424e+07
0,0,0,0,0,3.17302e+07,-1.51693e+06,1.51693e+06,1.39424e+07
0,0,0,0,0,3.17297e+07,-1.5169e+06,1.5169e+06,1.39424e+07
0,0,0,0,0,3.17291e+07,-1.51688e+06,1.51688e+06,1.39424e+07
0,0,0,0,0,3.20193e+07,-1.53075e+06,1.53075e+06,1.39424e+07
0,0,0,0,0,3.20188e+07,-1.53073e+06,1.53073e+06,1.39424e+07
0,0,0,0,0,3.20183e+07,-1.5307e+06,1.5307e+06,1.39424e+07
0,0,0,0,0,3.20177e+07,-1.53068e+06,1.53068e+06,1.39424e+07
0,0,0,0,0,3.27819e+07,-1.56721e+06,1.56721e+06,1.39424e+07
0,0,0,0,0,3.27814e+07,-1.56718e+06,1.56718e+06,1.39424e+07
0,0,0,0,0,3.27808e+07,-1.56716e+06,1.56716e+06,1.39424e+07
0,0,0,0,0,3.27803e+07,-1.56713e+06,1.56713e+06,1.39424e+07
0,0,0,0,0,3.52837e+07,-1.68681e+06,1.68681e+06,1.39424e+07
0,0,0,0,0,3.52831e+07,-1.68678e+06,1.68678e+06,1.39424e+07
0,0,0,0,0,3.52825e+07,-1.68676e+06,1.68676e+06,1.39424e+07
0,0,0,0,0,3.5282e+07,-1.68673e+06,1.68673e+06,1.39424e+07
0,0,0,0,0,3.52814e+07,-1.6867e+06,1.6867e+06,1.39424e+07
0,0,0,0,0,3.38928e+07,-1.62031e+06,1.62031e+06,1.39424e+07
0,0,0,0,0,3.38922e+07,-1.62029e+06,1.62029e+06,1.39424e+07
0,0,0,0,0,3.38916e+07,-1.62026e+06,1.62026e+06,1.39424e+07
0,0,0,0,0,3.38911e+07,-1.62023e+06,1.62023e+06,1.39424e+07
0,0,0,0,0,3.26751e+07,-1.5621e+06,1.5621e+06,1.39424e+07
0,0,0,0,0,3.26746e+07,-1.56208e+06,1.56208e+06,1.39424e+07
0,0,0,0,0,3.2674e+07,-1.56205e+06,1.56205e+06,1.39424e+07
0,0,0,0,0,3.26735e+07,-1.56202e+06,1.56202e+06,1.39424e+07
0,0,0,0,0,3.12334e+07,0,0,1.39424e+07
0,0,0,0,0,3.12329e+07,0,0,1.39424e+07
0,0,0,0,0,3.12324e+07,0,0,1.39424e+07
0,0,0,0,0,3.12319e+07,0,0,1.39424e+07
0,0,0,0,0,3.12314e+07,0,0,1.39424e+07
