0cont_fund,0ins_pout,0ins_price,0infra_npv,0debt_serv,0gross_rev,0cont_contrib,0drought_cost,0water_price
0,0,0,0,0.000499492,2.51962e+07,-914639,914639,1.34346e+07
0,0,0,0,0,2.5106e+07,-851919,851919,1.34346e+07
0,0,0,0,0,2.51112e+07,-850586,850586,1.34346e+07
0,0,0,0,0,2.51164e+07,-849252,849252,1.34346e+07
0,0,0,0,0,2.77041e+07,-847918,847918,1.34346e+07
0,0,0,0,0,2.69165e+07,-336478,336478,1.34346e+07
0,0,0,0,0,2.69223e+07,-334986,334986,1.34346e+07
0,0,0,0,0,2.69281e+07,-333495,333495,1.34346e+07
0,0,0,0,0,2.33752e+07,-332003,332003,1.34346e+07
0,0,0,0,0,2.42887e+07,-914639,914639,1.34346e+07
0,0,0,0,0,2.42957e+07,-914639,914639,1.34346e+07
0,0,0,0,0,2.43027e+07,-914639,914639,1.34346e+07
0,0,0,0,0,2.43098e+07,-914639,914639,1.34346e+07
0,0,0,0,0,2.51994e+07,-914639,914639,1.34346e+07
0,0,0,0,0,2.5093e+07,-841573,841573,1.34346e+07
0,0,0,0,0,2.50983e+07,-840238,840238,1.34346e+07
0,0,0,0,0,2.51035e+07,-838902,838902,1.34346e+07
0,0,0,0,0,2.47645e+07,-837566,837566,1.34346e+07
0,0,0,0,0,2.48713e+07,-901534,901534,1.34346e+07
0,0,0,0,0,2.48764e+07,-900218,900218,1.34346e+07
0,0,0,0,0,2.48816e+07,-898901,898901,1.34346e+07
0,0,0,0,0,2.60863e+07,-897584,897584,1.34346e+07
0,0,0,0,0,2.57311e+07,-664394,664394,1.34346e+07
0,0,0,0,0,2.57365e+07,-663004,663004,1.34346e+07
0,0,0,0,0,2.5742e+07,-661615,661615,1.34346e+07
0,0,0,0,0,2.57474e+07,-660225,660225,1.34346e+07
0,0,0,0,0,2.60357e+07,-658835,658835,1.34346e+07
0,0,0,0,0,2.58427e+07,-529808,529808,1.34346e+07
0,0,0,0,0,2.58481e+07,-528377,528377,1.34346e+07
0,0,0,0,0,2.58536e+07,-526947,526947,1.34346e+07
0,0,0,0,0,2.64588e+07,-525516,525516,1.34346e+07
0,0,0,0,0,2.62872e+07,-410192,410192,1.34346e+07
0,0,0,0,0,2.62928e+07,-408726,408726,1.34346e+07
0,0,0,0,0,2.62984e+07,-407259,407259,1.34346e+07
0,0,0,0,0,2.82954e+07,-405791,405791,1.34346e+07
0,0,0,0,0,2.76726e+07,0,0,1.34346e+07
0,0,0,0,0,2.76811e+07,0,0,1.34346e+07
0,0,0,0,0,2.76896e+07,0,0,1.34346e+07
0,0,0,0,0,2.76981e+07,0,0,1.34346e+07
0,0,0,0,0,2.65867e+07,0,0,1.34346e+07
0,0,0,0,0,2.69604e+07,-234958,234958,1.34346e+07
0,0,0,0,0,2.69662e+07,-233438,233438,1.34346e+07
0,0,0,0,0,2.6972e+07,-231918,231918,1.34346e+07
0,0,0,0,0,2.59903e+07,-230397,230397,1.34346e+07
0,0,0,0,0,2.63506e+07,-456908,456908,1.34346e+07
0,0,0,0,0,2.63562e+07,-455457,455457,1.34346e+07
0,0,0,0,0,2.63618e+07,-454005,454005,1.34346e+07
0,0,0,0,0,2.40779e+07,-452553,452553,1.34346e+07
0,0,0,0,0,2.4804e+07,-914639,914639,1.34346e+07
0,0,0,0,0,2.48111e+07,-914639,914639,1.34346e+07
0,0,0,0,0,2.48183e+07,-914639,914639,1.34346e+07
0,0,0,0,0,2.48255e+07,-914639,914639,1.34346e+07
0,0,0,7.54323e+07,0.000499492,2.55788e+07,-914639,914639,1.34346e+07
0,0,0,7.54323e+07,0,2.53799e+07,-782189,782189,1.34346e+07
0,0,0,7.54323e+07,0,2.5385e+07,-780881,780881,1.34346e+07
0,0,0,7.54323e+07,0,2.53902e+07,-779571,779571,1.34346e+07
0,0,0,7.54323e+07,0,2.80192e+07,-778261,778261,1.34346e+07
0,0,0,7.54323e+07,0,2.72187e+07,-258657,258657,1.34346e+07
0,0,0,7.54323e+07,0,2.72244e+07,-257193,257193,1.34346e+07
0,0,0,7.54323e+07,0,2.72301e+07,-255728,255728,1.34346e+07
0,0,0,7.54323e+07,0,2.36201e+07,-254263,254263,1.34346e+07
0,0,0,7.54323e+07,0,2.46545e+07,-914639,914639,1.34346e+07
0,0,0,7.54323e+07,0,2.46614e+07,-914639,914639,1.34346e+07
0,0,0,7.54323e+07,0,2.46683e+07,-914639,914639,1.34346e+07
0,0,0,7.54323e+07,0,2.46752e+07,-914639,914639,1.34346e+07
0,0,0,7.54323e+07,0,2.55788e+07,-914639,914639,1.34346e+07
0,0,0,7.54323e+07,0,2.53644e+07,-772269,772269,1.34346e+07
0,0,0,7.54323e+07,0,2.53696e+07,-770958,770958,1.34346e+07
0,0,0,7.54323e+07,0,2.53747e+07,-769647,769647,1.34346e+07
0,0,0,7.54323e+07,0,2.50302e+07,-768335,768335,1.34346e+07
0,0,0,7.54323e+07,0,2.51384e+07,-833367,833367,1.34346e+07
0,0,0,7.54323e+07,0,2.51435e+07,-832074,832074,1.34346e+07
0,0,0,7.54323e+07,0,2.51486e+07,-830781,830781,1.34346e+07
0,0,0,7.54323e+07,0,2.63723e+07,-829487,829487,1.34346e+07
0,0,0,7.54323e+07,0,2.60112e+07,-592641,592641,1.34346e+07
0,0,0,7.54323e+07,0,2.60165e+07,-591277,591277,1.34346e+07
0,0,0,7.54323e+07,0,2.60219e+07,-589913,589913,1.34346e+07
0,0,0,7.54323e+07,0,2.60272e+07,-588548,588548,1.34346e+07
0,0,0,7.54323e+07,0,2.63199e+07,-587183,587183,1.34346e+07
0,0,0,7.54323e+07,0,2.61236e+07,-456162,456162,1.34346e+07
0,0,0,7.54323e+07,0,2.6129e+07,-454758,454758,1.34346e+07
0,0,0,7.54323e+07,0,2.61343e+07,-453354,453354,1.34346e+07
0,0,0,7.54323e+07,0,2.67489e+07,-451949,451949,1.34346e+07
0,0,0,7.54323e+07,0,2.65745e+07,-334854,334854,1.34346e+07
0,0,0,7.54323e+07,0,2.658e+07,-333415,333415,1.34346e+07
0,0,0,7.54323e+07,0,2.65855e+07,-331974,331974,1.34346e+07
0,0,0,7.54323e+07,0,2.86137e+07,-330534,330534,1.34346e+07
0,0,0,7.54323e+07,0,2.81078e+07,0,0,1.34346e+07
0,0,0,7.54323e+07,0,2.81161e+07,0,0,1.34346e+07
0,0,0,7.54323e+07,0,2.81245e+07,0,0,1.34346e+07
0,0,0,7.54323e+07,0,2.81328e+07,0,0,1.34346e+07
0,0,0,7.54323e+07,0,2.70037e+07,0,0,1.34346e+07
0,0,0,7.54323e+07,0,2.72565e+07,-157320,157320,1.34346e+07
0,0,0,7.54323e+07,0,2.72622e+07,-155828,155828,1.34346e+07
0,0,0,7.54323e+07,0,2.72679e+07,-154336,154336,1.34346e+07
0,0,0,7.54323e+07,0,2.62706e+07,-152844,152844,1.34346e+07
0,0,0,7.54323e+07,0,2.66363e+07,-382949,382949,1.34346e+07
0,0,0,7.54323e+07,0,2.66418e+07,-381524,381524,1.34346e+07
0,0,0,7.54323e+07,0,2.66473e+07,-380099,380099,1.34346e+07
0,0,0,7.54323e+07,0,2.43276e+07,-378674,378674,1.34346e+07
0,0,0,7.54323e+07,0,2.50837e+07,-860172,860172,1.34346e+07
0,0,0,7.54323e+07,0,2.50888e+07,-858889,858889,1.34346e+07
0,0,0,7.54323e+07,0,2.50938e+07,-857606,857606,1.34346e+07
0,0,0,7.54323e+07,0,2.50989e+07,-856322,856322,1.34346e+07
0,0,0,7.54323e+07,0.000499492,2.58616e+07,-855038,855038,1.34346e+07
0,0,0,7.54323e+07,0,2.56488e+07,-713733,713733,1.34346e+07
0,0,0,7.54323e+07,0,2.56539e+07,-712451,712451,1.34346e+07
0,0,0,7.54323e+07,0,2.56589e+07,-711168,711168,1.34346e+07
0,0,0,7.54323e+07,0,2.83285e+07,-709886,709886,1.34346e+07
0,0,0,7.54323e+07,0,2.75154e+07,-182272,182272,1.34346e+07
0,0,0,7.54323e+07,0,2.7521e+07,-180838,180838,1.34346e+07
0,0,0,7.54323e+07,0,2.75265e+07,-179403,179403,1.34346e+07
0,0,0,7.54323e+07,0,2.38606e+07,-177968,177968,1.34346e+07
0,0,0,7.54323e+07,0,2.49653e+07,-883685,883685,1.34346e+07
0,0,0,7.54323e+07,0,2.49701e+07,-882452,882452,1.34346e+07
0,0,0,7.54323e+07,0,2.4975e+07,-881218,881218,1.34346e+07
0,0,0,7.54323e+07,0,2.49798e+07,-879985,879985,1.34346e+07
0,0,0,7.54323e+07,0,2.58951e+07,-878751,878751,1.34346e+07
0,0,0,7.54323e+07,0,2.56307e+07,-704273,704273,1.34346e+07
0,0,0,7.54323e+07,0,2.56358e+07,-702989,702989,1.34346e+07
0,0,0,7.54323e+07,0,2.56408e+07,-701704,701704,1.34346e+07
0,0,0,7.54323e+07,0,2.52908e+07,-700420,700420,1.34346e+07
0,0,0,7.54323e+07,0,2.54005e+07,-766498,766498,1.34346e+07
0,0,0,7.54323e+07,0,2.54055e+07,-765232,765232,1.34346e+07
0,0,0,7.54323e+07,0,2.54104e+07,-763966,763966,1.34346e+07
0,0,0,7.54323e+07,0,2.66527e+07,-762699,762699,1.34346e+07
0,0,0,7.54323e+07,0,2.62859e+07,-522270,522270,1.34346e+07
0,0,0,7.54323e+07,0,2.62911e+07,-520934,520934,1.34346e+07
0,0,0,7.54323e+07,0,2.62964e+07,-519598,519598,1.34346e+07
0,0,0,7.54323e+07,0,2.63016e+07,-518262,518262,1.34346e+07
0,0,0,7.54323e+07,0,2.65985e+07,-516925,516925,1.34346e+07
0,0,0,7.54323e+07,0,2.63991e+07,-383953,383953,1.34346e+07
0,0,0,7.54323e+07,0,2.64043e+07,-382578,382578,1.34346e+07
0,0,0,7.54323e+07,0,2.64096e+07,-381202,381202,1.34346e+07
0,0,0,7.54323e+07,0,2.70333e+07,-379826,379826,1.34346e+07
0,0,0,7.54323e+07,0,2.6856e+07,-261000,261000,1.34346e+07
0,0,0,7.54323e+07,0,2.68614e+07,-259590,259590,1.34346e+07
0,0,0,7.54323e+07,0,2.68668e+07,-258180,258180,1.34346e+07
0,0,0,7.54323e+07,0,2.89256e+07,-256769,256769,1.34346e+07
0,0,0,7.54323e+07,0,2.85343e+07,0,0,1.34346e+07
0,0,0,7.54323e+07,0,2.85425e+07,0,0,1.34346e+07
0,0,0,7.54323e+07,0,2.85506e+07,0,0,1.34346e+07
0,0,0,7.54323e+07,0,2.85588e+07,0,0,1.34346e+07
0,0,0,7.54323e+07,0,2.74123e+07,0,0,1.34346e+07
0,0,0,7.54323e+07,0,2.75466e+07,-81245,81245,1.34346e+07
0,0,0,7.54323e+07,0,2.75521e+07,-79784.4,79784.4,1.34346e+07
0,0,0,7.54323e+07,0,2.75577e+07,-78323,78323,1.34346e+07
0,0,0,7.54323e+07,0,2.65452e+07,-76861.7,76861.7,1.34346e+07
0,0,0,7.54323e+07,0,2.69162e+07,-310493,310493,1.34346e+07
0,0,0,7.54323e+07,0,2.69216e+07,-309098,309098,1.34346e+07
0,0,0,7.54323e+07,0,2.6927e+07,-307702,307702,1.34346e+07
0,0,0,7.54323e+07,0,2.45722e+07,-306307,306307,1.34346e+07
0,0,0,7.54323e+07,0,2.53395e+07,-795100,795100,1.34346e+07
0,0,0,7.54323e+07,0,2.53445e+07,-793845,793845,1.34346e+07
0,0,0,7.54323e+07,0,2.53494e+07,-792588,792588,1.34346e+07
0,0,0,7.54323e+07,0,2.53544e+07,-791331,791331,1.34346e+07
0,0,0,7.54323e+07,0.000499492,2.61284e+07,-790075,790075,1.34346e+07
0,0,0,7.54323e+07,0,2.59122e+07,-646697,646697,1.34346e+07
0,0,0,7.54323e+07,0,2.59171e+07,-645444,645444,1.34346e+07
0,0,0,7.54323e+07,0,2.5922e+07,-644190,644190,1.34346e+07
0,0,0,7.54323e+07,0,2.86313e+07,-642936,642936,1.34346e+07
0,0,0,7.54323e+07,0,2.78058e+07,-107484,107484,1.34346e+07
0,0,0,7.54323e+07,0,2.78113e+07,-106082,106082,1.34346e+07
0,0,0,7.54323e+07,0,2.78167e+07,-104679,104679,1.34346e+07
0,0,0,7.54323e+07,0,2.40959e+07,-103277,103277,1.34346e+07
0,0,0,7.54323e+07,0,2.52169e+07,-819567,819567,1.34346e+07
0,0,0,7.54323e+07,0,2.52217e+07,-818362,818362,1.34346e+07
0,0,0,7.54323e+07,0,2.52264e+07,-817156,817156,1.34346e+07
0,0,0,7.54323e+07,0,2.52311e+07,-815951,815951,1.34346e+07
0,0,0,7.54323e+07,0,2.61599e+07,-814745,814745,1.34346e+07
0,0,0,7.54323e+07,0,2.58913e+07,-637722,637722,1.34346e+07
0,0,0,7.54323e+07,0,2.58962e+07,-636467,636467,1.34346e+07
0,0,0,7.54323e+07,0,2.59012e+07,-635211,635211,1.34346e+07
0,0,0,7.54323e+07,0,2.55458e+07,-633956,633956,1.34346e+07
0,0,0,7.54323e+07,0,2.5657e+07,-701061,701061,1.34346e+07
0,0,0,7.54323e+07,0,2.56618e+07,-699823,699823,1.34346e+07
0,0,0,7.54323e+07,0,2.56667e+07,-698586,698586,1.34346e+07
0,0,0,7.54323e+07,0,2.69271e+07,-697348,697348,1.34346e+07
0,0,0,7.54323e+07,0,2.65547e+07,-453416,453416,1.34346e+07
0,0,0,7.54323e+07,0,2.65598e+07,-452111,452111,1.34346e+07
0,0,0,7.54323e+07,0,2.65649e+07,-450805,450805,1.34346e+07
0,0,0,7.54323e+07,0,2.657e+07,-449499,449499,1.34346e+07
0,0,0,7.54323e+07,0,2.68711e+07,-448193,448193,1.34346e+07
0,0,0,7.54323e+07,0,2.66685e+07,-313314,313314,1.34346e+07
0,0,0,7.54323e+07,0,2.66736e+07,-311970,311970,1.34346e+07
0,0,0,7.54323e+07,0,2.66788e+07,-310626,310626,1.34346e+07
0,0,0,7.54323e+07,0,2.73115e+07,-309282,309282,1.34346e+07
0,0,0,7.54323e+07,0,2.71314e+07,-188763,188763,1.34346e+07
0,0,0,7.54323e+07,0,2.71366e+07,-187385,187385,1.34346e+07
0,0,0,7.54323e+07,0,2.71419e+07,-186007,186007,1.34346e+07
0,0,0,7.54323e+07,0,2.92306e+07,-184629,184629,1.34346e+07
0,0,0,7.54323e+07,0,2.89514e+07,0,0,1.34346e+07
0,0,0,7.54323e+07,0,2.89593e+07,0,0,1.34346e+07
0,0,0,7.54323e+07,0,2.89673e+07,0,0,1.34346e+07
0,0,0,7.54323e+07,0,2.89753e+07,0,0,1.34346e+07
0,0,0,7.54323e+07,0,2.78118e+07,0,0,1.34346e+07
0,0,0,7.54323e+07,0,2.78302e+07,-6863.96,6863.96,1.34346e+07
0,0,0,7.54323e+07,0,2.78356e+07,-5436.5,5436.5,1.34346e+07
0,0,0,7.54323e+07,0,2.78411e+07,-4008.68,4008.68,1.34346e+07
0,0,0,7.54323e+07,0,2.68136e+07,-2580.5,2580.5,1.34346e+07
0,0,0,7.54323e+07,0,2.71899e+07,-239661,239661,1.34346e+07
0,0,0,7.54323e+07,0,2.71951e+07,-238298,238298,1.34346e+07
0,0,0,7.54323e+07,0,2.72004e+07,-236935,236935,1.34346e+07
0,0,0,7.54323e+07,0,2.48112e+07,-235571,235571,1.34346e+07
0,0,0,7.54323e+07,0,2.55895e+07,-731499,731499,1.34346e+07
0,0,0,7.54323e+07,0,2.55943e+07,-730272,730272,1.34346e+07
0,0,0,7.54323e+07,0,2.55992e+07,-729044,729044,1.34346e+07
0,0,0,7.54323e+07,0,2.5604e+07,-727816,727816,1.34346e+07
0,0,0,7.54323e+07,0.000499492,2.6389e+07,-726588,726588,1.34346e+07
0,0,0,7.54323e+07,0,2.61695e+07,-581188,581188,1.34346e+07
0,0,0,7.54323e+07,0,2.61743e+07,-579965,579965,1.34346e+07
0,0,0,7.54323e+07,0,2.61791e+07,-578742,578742,1.34346e+07
0,0,0,7.54323e+07,0,2.89272e+07,-577519,577519,1.34346e+07
0,0,0,7.54323e+07,0,2.80896e+07,-34408.2,34408.2,1.34346e+07
0,0,0,7.54323e+07,0,2.80949e+07,-33040.3,33040.3,1.34346e+07
0,0,0,7.54323e+07,0,2.81003e+07,-31672,31672,1.34346e+07
0,0,0,7.54323e+07,0,2.43258e+07,-30303.6,30303.6,1.34346e+07
0,0,0,7.54323e+07,0,2.54628e+07,-756926,756926,1.34346e+07
0,0,0,7.54323e+07,0,2.54674e+07,-755750,755750,1.34346e+07
0,0,0,7.54323e+07,0,2.5472e+07,-754574,754574,1.34346e+07
0,0,0,7.54323e+07,0,2.54766e+07,-753398,753398,1.34346e+07
0,0,0,7.54323e+07,0,2.64185e+07,-752221,752221,1.34346e+07
0,0,0,7.54323e+07,0,2.61459e+07,-572714,572714,1.34346e+07
0,0,0,7.54323e+07,0,2.61507e+07,-571490,571490,1.34346e+07
0,0,0,7.54323e+07,0,2.61555e+07,-570265,570265,1.34346e+07
0,0,0,7.54323e+07,0,2.57948e+07,-569040,569040,1.34346e+07
0,0,0,7.54323e+07,0,2.59074e+07,-637150,637150,1.34346e+07
0,0,0,7.54323e+07,0,2.59121e+07,-635943,635943,1.34346e+07
0,0,0,7.54323e+07,0,2.59169e+07,-634735,634735,1.34346e+07
0,0,0,7.54323e+07,0,2.7195e+07,-633528,633528,1.34346e+07
0,0,0,7.54323e+07,0,2.68171e+07,-386177,386177,1.34346e+07
0,0,0,7.54323e+07,0,2.68221e+07,-384904,384904,1.34346e+07
0,0,0,7.54323e+07,0,2.68271e+07,-383630,383630,1.34346e+07
0,0,0,7.54323e+07,0,2.68321e+07,-382356,382356,1.34346e+07
0,0,0,7.54323e+07,0,2.71373e+07,-381081,381081,1.34346e+07
0,0,0,7.54323e+07,0,2.69316e+07,-244343,244343,1.34346e+07
0,0,0,7.54323e+07,0,2.69366e+07,-243032,243032,1.34346e+07
0,0,0,7.54323e+07,0,2.69416e+07,-241721,241721,1.34346e+07
0,0,0,7.54323e+07,0,2.7583e+07,-240410,240410,1.34346e+07
0,0,0,7.54323e+07,0,2.74002e+07,-118242,118242,1.34346e+07
0,0,0,7.54323e+07,0,2.74053e+07,-116898,116898,1.34346e+07
0,0,0,7.54323e+07,0,2.74104e+07,-115554,115554,1.34346e+07
0,0,0,7.54323e+07,0,2.95284e+07,-114209,114209,1.34346e+07
0,0,0,7.54323e+07,0,2.93585e+07,0,0,1.34346e+07
0,0,0,7.54323e+07,0,2.93663e+07,0,0,1.34346e+07
0,0,0,7.54323e+07,0,2.9374e+07,0,0,1.34346e+07
0,0,0,7.54323e+07,0,2.93818e+07,0,0,1.34346e+07
0,0,0,7.54323e+07,0,2.82017e+07,0,0,1.34346e+07
0,0,0,7.54323e+07,0,2.82092e+07,0,0,1.34346e+07
0,0,0,7.54323e+07,0,2.82167e+07,0,0,1.34346e+07
0,0,0,7.54323e+07,0,2.82242e+07,0,0,1.34346e+07
0,0,0,7.54323e+07,0,2.71843e+07,0,0,1.34346e+07
0,0,0,7.54323e+07,0,2.74568e+07,-170542,170542,1.34346e+07
0,0,0,7.54323e+07,0,2.7462e+07,-169212,169212,1.34346e+07
0,0,0,7.54323e+07,0,2.74671e+07,-167883,167883,1.34346e+07
0,0,0,7.54323e+07,0,2.50444e+07,-166553,166553,1.34346e+07
0,0,0,7.54323e+07,0,2.58334e+07,-669443,669443,1.34346e+07
0,0,0,7.54323e+07,0,2.58381e+07,-668246,668246,1.34346e+07
0,0,0,7.54323e+07,0,2.58428e+07,-667049,667049,1.34346e+07
0,0,0,7.54323e+07,0,2.58475e+07,-665851,665851,1.34346e+07
0,0,0,7.54323e+07,0,2.66432e+07,-664654,664654,1.34346e+07
0,0,0,3.37168e+08,9.50281e+06,2.70387e+07,-914639,914639,1.34346e+07
0,0,0,3.37168e+08,0,2.70453e+07,-914639,914639,1.34346e+07
0,0,0,3.37168e+08,0,2.70518e+07,-914639,914639,1.34346e+07
0,0,0,3.37168e+08,0,2.98396e+07,-914639,914639,1.34346e+07
0,0,0,3.37168e+08,0,2.98468e+07,-914639,914639,1.34346e+07
0,0,0,3.37168e+08,0,2.98541e+07,-914639,914639,1.34346e+07
0,0,0,3.37168e+08,0,2.98613e+07,-914639,914639,1.34346e+07
0,0,0,3.37168e+08,0,2.60367e+07,-914639,914639,1.34346e+07
0,0,0,3.37168e+08,0,2.60429e+07,-914639,914639,1.34346e+07
0,0,0,3.37168e+08,0,2.60492e+07,-914639,914639,1.34346e+07
0,0,0,3.37168e+08,0,2.60555e+07,-914639,914639,1.34346e+07
0,0,0,3.37168e+08,0,2.60618e+07,-914639,914639,1.34346e+07
0,0,0,3.37168e+08,0,2.70182e+07,-914639,914639,1.34346e+07
0,0,0,3.37168e+08,0,2.70247e+07,-914639,914639,1.34346e+07
0,0,0,3.37168e+08,0,2.70312e+07,-914639,914639,1.34346e+07
0,0,0,3.37168e+08,0,2.70378e+07,-914639,914639,1.34346e+07
0,0,0,3.37168e+08,0,2.66739e+07,-914639,914639,1.34346e+07
0,0,0,3.37168e+08,0,2.66803e+07,-914639,914639,1.34346e+07
0,0,0,3.37168e+08,0,2.66867e+07,-914639,914639,1.34346e+07
0,0,0,3.37168e+08,0,2.66932e+07,-914639,914639,1.34346e+07
0,0,0,3.37168e+08,0,2.79904e+07,-914639,914639,1.34346e+07
0,0,0,3.37168e+08,0,2.79972e+07,-914639,914639,1.34346e+07
0,0,0,3.37168e+08,0,2.8004e+07,-914639,914639,1.34346e+07
0,0,0,3.37168e+08,0,2.80107e+07,-914639,914639,1.34346e+07
0,0,0,3.37168e+08,0,2.80175e+07,-914639,914639,1.34346e+07
0,0,0,3.37168e+08,0,2.83286e+07,-914639,914639,1.34346e+07
0,0,0,3.37168e+08,0,2.83355e+07,-914639,914639,1.34346e+07
0,0,0,3.37168e+08,0,2.83424e+07,-914639,914639,1.34346e+07
0,0,0,3.37168e+08,0,2.83492e+07,-914639,914639,1.34346e+07
0,0,0,3.37168e+08,0,2.90011e+07,-914639,914639,1.34346e+07
0,0,0,3.37168e+08,0,2.90082e+07,-914639,914639,1.34346e+07
0,0,0,3.37168e+08,0,2.90152e+07,-914639,914639,1.34346e+07
0,0,0,3.37168e+08,0,2.90222e+07,-914639,914639,1.34346e+07
0,0,0,3.37168e+08,0,3.11707e+07,-914639,914639,1.34346e+07
0,0,0,3.37168e+08,0,3.11783e+07,-914639,914639,1.34346e+07
0,0,0,3.37168e+08,0,3.11858e+07,-914639,914639,1.34346e+07
0,0,0,3.37168e+08,0,3.11934e+07,-914639,914639,1.34346e+07
0,0,0,3.37168e+08,0,3.1201e+07,-914639,914639,1.34346e+07
0,0,0,3.37168e+08,0,3.00047e+07,-914639,914639,1.34346e+07
0,0,0,3.37168e+08,0,3.0012e+07,-914639,914639,1.34346e+07
0,0,0,3.37168e+08,0,3.00193e+07,-914639,914639,1.34346e+07
0,0,0,3.37168e+08,0,3.00266e+07,-914639,914639,1.34346e+07
0,0,0,3.37168e+08,0,2.89724e+07,-914639,914639,1.34346e+07
0,0,0,3.37168e+08,0,2.89795e+07,-914639,914639,1.34346e+07
0,0,0,3.37168e+08,0,2.89865e+07,-914639,914639,1.34346e+07
0,0,0,3.37168e+08,0,2.89935e+07,-914639,914639,1.34346e+07
0,0,0,3.37168e+08,0,2.65402e+07,-914639,914639,1.34346e+07
0,0,0,3.37168e+08,0,2.65466e+07,-914639,914639,1.34346e+07
0,0,0,3.37168e+08,0,2.6553e+07,-914639,914639,1.34346e+07
0,0,0,3.37168e+08,0,2.65594e+07,-914639,914639,1.34346e+07
0,0,0,3.37168e+08,0,2.65658e+07,-914639,914639,1.34346e+07
0,0,0,3.37168e+08,0,2.65658e+07,-914639,914639,1.34346e+07
0,0,0,3.37168e+08,9.50281e+06,2.73737e+07,-914639,914639,1.34346e+07
0,0,0,3.37168e+08,0,2.73801e+07,-914639,914639,1.34346e+07
0,0,0,3.37168e+08,0,2.73865e+07,-914639,914639,1.34346e+07
0,0,0,3.37168e+08,0,2.73928e+07,-914639,914639,1.34346e+07
0,0,0,3.37168e+08,0,3.02174e+07,-914639,914639,1.34346e+07
0,0,0,3.37168e+08,0,3.02244e+07,-914639,914639,1.34346e+07
0,0,0,3.37168e+08,0,3.02315e+07,-914639,914639,1.34346e+07
0,0,0,3.37168e+08,0,3.02386e+07,-914639,914639,1.34346e+07
0,0,0,3.37168e+08,0,2.63629e+07,-914639,914639,1.34346e+07
0,0,0,3.37168e+08,0,2.6369e+07,-914639,914639,1.34346e+07
0,0,0,3.37168e+08,0,2.63751e+07,-914639,914639,1.34346e+07
0,0,0,3.37168e+08,0,2.63812e+07,-914639,914639,1.34346e+07
0,0,0,3.37168e+08,0,2.63874e+07,-914639,914639,1.34346e+07
0,0,0,3.37168e+08,0,2.73561e+07,-914639,914639,1.34346e+07
0,0,0,3.37168e+08,0,2.73625e+07,-914639,914639,1.34346e+07
0,0,0,3.37168e+08,0,2.73688e+07,-914639,914639,1.34346e+07
0,0,0,3.37168e+08,0,2.73752e+07,-914639,914639,1.34346e+07
0,0,0,3.37168e+08,0,2.70062e+07,-914639,914639,1.34346e+07
0,0,0,3.37168e+08,0,2.70125e+07,-914639,914639,1.34346e+07
0,0,0,3.37168e+08,0,2.70187e+07,-914639,914639,1.34346e+07
0,0,0,3.37168e+08,0,2.7025e+07,-914639,914639,1.34346e+07
0,0,0,3.37168e+08,0,2.8339e+07,-914639,914639,1.34346e+07
0,0,0,3.37168e+08,0,2.83456e+07,-914639,914639,1.34346e+07
0,0,0,3.37168e+08,0,2.83522e+07,-914639,914639,1.34346e+07
0,0,0,3.37168e+08,0,2.83588e+07,-914639,914639,1.34346e+07
0,0,0,3.37168e+08,0,2.83653e+07,-914639,914639,1.34346e+07
0,0,0,3.37168e+08,0,2.86802e+07,-914639,914639,1.34346e+07
0,0,0,3.37168e+08,0,2.86869e+07,-914639,914639,1.34346e+07
0,0,0,3.37168e+08,0,2.86936e+07,-914639,914639,1.34346e+07
0,0,0,3.37168e+08,0,2.87003e+07,-914639,914639,1.34346e+07
0,0,0,3.37168e+08,0,2.93604e+07,-914639,914639,1.34346e+07
0,0,0,3.37168e+08,0,2.93672e+07,-914639,914639,1.34346e+07
0,0,0,3.37168e+08,0,2.93741e+07,-914639,914639,1.34346e+07
0,0,0,3.37168e+08,0,2.93809e+07,-914639,914639,1.34346e+07
0,0,0,3.37168e+08,0,3.1557e+07,-914639,914639,1.34346e+07
0,0,0,3.37168e+08,0,3.15643e+07,-914639,914639,1.34346e+07
0,0,0,3.37168e+08,0,3.15717e+07,-914639,914639,1.34346e+07
0,0,0,3.37168e+08,0,3.15791e+07,-914639,914639,1.34346e+07
0,0,0,3.37168e+08,0,3.15865e+07,-914639,914639,1.34346e+07
0,0,0,3.37168e+08,0,3.03744e+07,-914639,914639,1.34346e+07
0,0,0,3.37168e+08,0,3.03815e+07,-914639,914639,1.34346e+07
0,0,0,3.37168e+08,0,3.03885e+07,-914639,914639,1.34346e+07
0,0,0,3.37168e+08,0,3.03956e+07,-914639,914639,1.34346e+07
0,0,0,3.37168e+08,0,2.93276e+07,-914639,914639,1.34346e+07
0,0,0,3.37168e+08,0,2.93344e+07,-914639,914639,1.34346e+07
0,0,0,3.37168e+08,0,2.93413e+07,-914639,914639,1.34346e+07
0,0,0,3.37168e+08,0,2.93481e+07,-914639,914639,1.34346e+07
0,0,0,3.37168e+08,0,2.6863e+07,-914639,914639,1.34346e+07
0,0,0,3.37168e+08,0,2.68692e+07,-914639,914639,1.34346e+07
0,0,0,3.37168e+08,0,2.68754e+07,-914639,914639,1.34346e+07
0,0,0,3.37168e+08,0,2.68817e+07,-914639,914639,1.34346e+07
0,0,0,3.37168e+08,0,2.68879e+07,-914639,914639,1.34346e+07
0,0,0,3.37168e+08,9.50281e+06,2.77059e+07,-914639,914639,1.34346e+07
0,0,0,3.37168e+08,0,2.77121e+07,-914639,914639,1.34346e+07
0,0,0,3.37168e+08,0,2.77183e+07,-914639,914639,1.34346e+07
0,0,0,3.37168e+08,0,2.77244e+07,-914639,914639,1.34346e+07
0,0,0,3.37168e+08,0,3.05848e+07,-914639,914639,1.34346e+07
0,0,0,3.37168e+08,0,3.05916e+07,-914639,914639,1.34346e+07
0,0,0,3.37168e+08,0,3.05985e+07,-914639,914639,1.34346e+07
0,0,0,3.37168e+08,0,3.06053e+07,-914639,914639,1.34346e+07
0,0,0,3.37168e+08,0,2.66801e+07,-914639,914639,1.34346e+07
0,0,0,3.37168e+08,0,2.6686e+07,-914639,914639,1.34346e+07
0,0,0,3.37168e+08,0,2.66919e+07,-914639,914639,1.34346e+07
0,0,0,3.37168e+08,0,2.66979e+07,-914639,914639,1.34346e+07
0,0,0,3.37168e+08,0,2.67038e+07,-914639,914639,1.34346e+07
0,0,0,3.37168e+08,0,2.76846e+07,-914639,914639,1.34346e+07
0,0,0,3.37168e+08,0,2.76907e+07,-914639,914639,1.34346e+07
0,0,0,3.37168e+08,0,2.76969e+07,-914639,914639,1.34346e+07
0,0,0,3.37168e+08,0,2.77031e+07,-914639,914639,1.34346e+07
0,0,0,3.37168e+08,0,2.73292e+07,-914639,914639,1.34346e+07
0,0,0,3.37168e+08,0,2.73353e+07,-914639,914639,1.34346e+07
0,0,0,3.37168e+08,0,2.73413e+07,-914639,914639,1.34346e+07
0,0,0,3.37168e+08,0,2.73474e+07,-914639,914639,1.34346e+07
0,0,0,3.37168e+08,0,2.86777e+07,-914639,914639,1.34346e+07
0,0,0,3.37168e+08,0,2.86841e+07,-914639,914639,1.34346e+07
0,0,0,3.37168e+08,0,2.86905e+07,-914639,914639,1.34346e+07
0,0,0,3.37168e+08,0,2.86969e+07,-914639,914639,1.34346e+07
0,0,0,3.37168e+08,0,2.87033e+07,-914639,914639,1.34346e+07
0,0,0,3.37168e+08,0,2.90218e+07,-914639,914639,1.34346e+07
0,0,0,3.37168e+08,0,2.90283e+07,-914639,914639,1.34346e+07
0,0,0,3.37168e+08,0,2.90348e+07,-914639,914639,1.34346e+07
0,0,0,3.37168e+08,0,2.90413e+07,-914639,914639,1.34346e+07
0,0,0,3.37168e+08,0,2.97094e+07,-914639,914639,1.34346e+07
0,0,0,3.37168e+08,0,2.9716e+07,-914639,914639,1.34346e+07
0,0,0,3.37168e+08,0,2.97226e+07,-914639,914639,1.34346e+07
0,0,0,3.37168e+08,0,2.97293e+07,-914639,914639,1.34346e+07
0,0,0,3.37168e+08,0,3.19321e+07,-914639,914639,1.34346e+07
0,0,0,3.37168e+08,0,3.19393e+07,-914639,914639,1.34346e+07
0,0,0,3.37168e+08,0,3.19464e+07,-914639,914639,1.34346e+07
0,0,0,3.37168e+08,0,3.19536e+07,-914639,914639,1.34346e+07
0,0,0,3.37168e+08,0,3.19607e+07,-914639,914639,1.34346e+07
0,0,0,3.37168e+08,0,3.07333e+07,-914639,914639,1.34346e+07
0,0,0,3.37168e+08,0,3.07402e+07,-914639,914639,1.34346e+07
0,0,0,3.37168e+08,0,3.07471e+07,-914639,914639,1.34346e+07
0,0,0,3.37168e+08,0,3.07539e+07,-914639,914639,1.34346e+07
0,0,0,3.37168e+08,0,2.96724e+07,-914639,914639,1.34346e+07
0,0,0,3.37168e+08,0,2.96791e+07,-914639,914639,1.34346e+07
0,0,0,3.37168e+08,0,2.96857e+07,-914639,914639,1.34346e+07
0,0,0,3.37168e+08,0,2.96923e+07,-914639,914639,1.34346e+07
0,0,0,3.37168e+08,0,2.71763e+07,-914639,914639,1.34346e+07
0,0,0,3.37168e+08,0,2.71823e+07,-914639,914639,1.34346e+07
0,0,0,3.37168e+08,0,2.71884e+07,-914639,914639,1.34346e+07
0,0,0,3.37168e+08,0,2.71944e+07,-914639,914639,1.34346e+07
0,0,0,3.37168e+08,0,2.72004e+07,-914639,914639,1.34346e+07
0,0,0,3.37168e+08,9.50281e+06,2.80283e+07,-914639,914639,1.34346e+07
0,0,0,3.37168e+08,0,2.80342e+07,-914639,914639,1.34346e+07
0,0,0,3.37168e+08,0,2.80402e+07,-914639,914639,1.34346e+07
0,0,0,3.37168e+08,0,2.80462e+07,-914639,914639,1.34346e+07
0,0,0,3.37168e+08,0,3.09412e+07,-914639,914639,1.34346e+07
0,0,0,3.37168e+08,0,3.09479e+07,-914639,914639,1.34346e+07
0,0,0,3.37168e+08,0,3.09545e+07,-914639,914639,1.34346e+07
0,0,0,3.37168e+08,0,3.09612e+07,-914639,914639,1.34346e+07
0,0,0,3.37168e+08,0,2.69878e+07,-914639,914639,1.34346e+07
0,0,0,3.37168e+08,0,2.69935e+07,-914639,914639,1.34346e+07
0,0,0,3.37168e+08,0,2.69993e+07,-914639,914639,1.34346e+07
0,0,0,3.37168e+08,0,2.7005e+07,-914639,914639,1.34346e+07
0,0,0,3.37168e+08,0,2.70108e+07,-914639,914639,1.34346e+07
0,0,0,3.37168e+08,0,2.80032e+07,-914639,914639,1.34346e+07
0,0,0,3.37168e+08,0,2.80092e+07,-914639,914639,1.34346e+07
0,0,0,3.37168e+08,0,2.80151e+07,-914639,914639,1.34346e+07
0,0,0,3.37168e+08,0,2.80211e+07,-914639,914639,1.34346e+07
0,0,0,3.37168e+08,0,2.76424e+07,-914639,914639,1.34346e+07
0,0,0,3.37168e+08,0,2.76483e+07,-914639,914639,1.34346e+07
0,0,0,3.37168e+08,0,2.76542e+07,-914639,914639,1.34346e+07
0,0,0,3.37168e+08,0,2.76601e+07,-914639,914639,1.34346e+07
0,0,0,3.37168e+08,0,2.90061e+07,-914639,914639,1.34346e+07
0,0,0,3.37168e+08,0,2.90123e+07,-914639,914639,1.34346e+07
0,0,0,3.37168e+08,0,2.90185e+07,-914639,914639,1.34346e+07
0,0,0,3.37168e+08,0,2.90247e+07,-914639,914639,1.34346e+07
0,0,0,3.37168e+08,0,2.90309e+07,-914639,914639,1.34346e+07
0,0,0,3.37168e+08,0,2.9353e+07,-914639,914639,1.34346e+07
0,0,0,3.37168e+08,0,2.93593e+07,-914639,914639,1.34346e+07
0,0,0,3.37168e+08,0,2.93656e+07,-914639,914639,1.34346e+07
0,0,0,3.37168e+08,0,2.93719e+07,-914639,914639,1.34346e+07
0,0,0,3.37168e+08,0,3.00477e+07,-914639,914639,1.34346e+07
0,0,0,3.37168e+08,0,3.00541e+07,-914639,914639,1.34346e+07
0,0,0,3.37168e+08,0,3.00606e+07,-914639,914639,1.34346e+07
0,0,0,3.37168e+08,0,3.0067e+07,-914639,914639,1.34346e+07
0,0,0,3.37168e+08,0,3.22958e+07,-914639,914639,1.34346e+07
0,0,0,3.37168e+08,0,3.23027e+07,-914639,914639,1.34346e+07
0,0,0,3.37168e+08,0,3.23097e+07,-914639,914639,1.34346e+07
0,0,0,3.37168e+08,0,3.23166e+07,-914639,914639,1.34346e+07
0,0,0,3.37168e+08,0,3.23235e+07,-914639,914639,1.34346e+07
0,0,0,3.37168e+08,0,3.10812e+07,-914639,914639,1.34346e+07
0,0,0,3.37168e+08,0,3.10879e+07,-914639,914639,1.34346e+07
0,0,0,3.37168e+08,0,3.10945e+07,-914639,914639,1.34346e+07
0,0,0,3.37168e+08,0,3.11012e+07,-914639,914639,1.34346e+07
0,0,0,3.37168e+08,0,3.00066e+07,-914639,914639,1.34346e+07
0,0,0,3.37168e+08,0,3.0013e+07,-914639,914639,1.34346e+07
0,0,0,3.37168e+08,0,3.00195e+07,-914639,914639,1.34346e+07
0,0,0,3.37168e+08,0,3.00259e+07,-914639,914639,1.34346e+07
0,0,0,3.37168e+08,0,2.74799e+07,-914639,914639,1.34346e+07
0,0,0,3.37168e+08,0,2.74858e+07,-914639,914639,1.34346e+07
0,0,0,3.37168e+08,0,2.74916e+07,-914639,914639,1.34346e+07
0,0,0,3.37168e+08,0,2.74975e+07,-914639,914639,1.34346e+07
0,0,0,3.37168e+08,0,2.75033e+07,-914639,914639,1.34346e+07
0,0,0,3.37168e+08,9.50281e+06,2.83406e+07,-914639,914639,1.34346e+07
0,0,0,3.37168e+08,0,2.83464e+07,-914639,914639,1.34346e+07
0,0,0,3.37168e+08,0,2.83522e+07,-914639,914639,1.34346e+07
0,0,0,3.37168e+08,0,2.83579e+07,-914639,914639,1.34346e+07
0,0,0,3.37168e+08,0,3.12866e+07,-914639,914639,1.34346e+07
0,0,0,3.37168e+08,0,3.1293e+07,-914639,914639,1.34346e+07
0,0,0,3.37168e+08,0,3.12994e+07,-914639,914639,1.34346e+07
0,0,0,3.37168e+08,0,3.13058e+07,-914639,914639,1.34346e+07
0,0,0,3.37168e+08,0,2.72859e+07,-914639,914639,1.34346e+07
0,0,0,3.37168e+08,0,2.72914e+07,-914639,914639,1.34346e+07
0,0,0,3.37168e+08,0,2.7297e+07,-914639,914639,1.34346e+07
0,0,0,3.37168e+08,0,2.73026e+07,-914639,914639,1.34346e+07
0,0,0,3.37168e+08,0,2.73081e+07,-914639,914639,1.34346e+07
0,0,0,3.37168e+08,0,2.83118e+07,-914639,914639,1.34346e+07
0,0,0,3.37168e+08,0,2.83176e+07,-914639,914639,1.34346e+07
0,0,0,3.37168e+08,0,2.83234e+07,-914639,914639,1.34346e+07
0,0,0,3.37168e+08,0,2.83291e+07,-914639,914639,1.34346e+07
0,0,0,3.37168e+08,0,2.79458e+07,-914639,914639,1.34346e+07
0,0,0,3.37168e+08,0,2.79515e+07,-914639,914639,1.34346e+07
0,0,0,3.37168e+08,0,2.79572e+07,-914639,914639,1.34346e+07
0,0,0,3.37168e+08,0,2.79629e+07,-914639,914639,1.34346e+07
0,0,0,3.37168e+08,0,2.93242e+07,-914639,914639,1.34346e+07
0,0,0,3.37168e+08,0,2.93302e+07,-914639,914639,1.34346e+07
0,0,0,3.37168e+08,0,2.93362e+07,-914639,914639,1.34346e+07
0,0,0,3.37168e+08,0,2.93422e+07,-914639,914639,1.34346e+07
0,0,0,3.37168e+08,0,2.93482e+07,-914639,914639,1.34346e+07
0,0,0,3.37168e+08,0,2.96737e+07,-914639,914639,1.34346e+07
0,0,0,3.37168e+08,0,2.96798e+07,-914639,914639,1.34346e+07
0,0,0,3.37168e+08,0,2.96859e+07,-914639,914639,1.34346e+07
0,0,0,3.37168e+08,0,2.96919e+07,-914639,914639,1.34346e+07
0,0,0,3.37168e+08,0,3.03752e+07,-914639,914639,1.34346e+07
0,0,0,3.37168e+08,0,3.03814e+07,-914639,914639,1.34346e+07
0,0,0,3.37168e+08,0,3.03877e+07,-914639,914639,1.34346e+07
0,0,0,3.37168e+08,0,3.03939e+07,-914639,914639,1.34346e+07
0,0,0,3.37168e+08,0,3.26478e+07,-914639,914639,1.34346e+07
0,0,0,3.37168e+08,0,3.26545e+07,-914639,914639,1.34346e+07
0,0,0,3.37168e+08,0,3.26612e+07,-914639,914639,1.34346e+07
0,0,0,3.37168e+08,0,3.26679e+07,-914639,914639,1.34346e+07
0,0,0,3.37168e+08,0,3.26747e+07,-914639,914639,1.34346e+07
0,0,0,3.37168e+08,0,3.14179e+07,-914639,914639,1.34346e+07
0,0,0,3.37168e+08,0,3.14244e+07,-914639,914639,1.34346e+07
0,0,0,3.37168e+08,0,3.14308e+07,-914639,914639,1.34346e+07
0,0,0,3.37168e+08,0,3.14373e+07,-914639,914639,1.34346e+07
0,0,0,3.37168e+08,0,3.033e+07,-914639,914639,1.34346e+07
0,0,0,3.37168e+08,0,3.03362e+07,-914639,914639,1.34346e+07
0,0,0,3.37168e+08,0,3.03424e+07,-914639,914639,1.34346e+07
0,0,0,3.37168e+08,0,3.03486e+07,-914639,914639,1.34346e+07
0,0,0,3.37168e+08,0,2.77737e+07,-914639,914639,1.34346e+07
0,0,0,3.37168e+08,0,2.77793e+07,-914639,914639,1.34346e+07
0,0,0,3.37168e+08,0,2.7785e+07,-914639,914639,1.34346e+07
0,0,0,3.37168e+08,0,2.77906e+07,-914639,914639,1.34346e+07
0,0,0,3.37168e+08,0,2.77963e+07,-914639,914639,1.34346e+07
0,0,0,3.37168e+08,4.44801e+07,2.86427e+07,-914639,914639,1.34346e+07
0,0,0,3.37168e+08,0,2.86483e+07,-914639,914639,1.34346e+07
0,0,0,3.37168e+08,0,2.86539e+07,-914639,914639,1.34346e+07
0,0,0,3.37168e+08,0,2.86595e+07,-914639,914639,1.34346e+07
0,0,0,3.37168e+08,0,3.16207e+07,-914639,914639,1.34346e+07
0,0,0,3.37168e+08,0,3.16269e+07,-914639,914639,1.34346e+07
0,0,0,3.37168e+08,0,3.16331e+07,-914639,914639,1.34346e+07
0,0,0,3.37168e+08,0,3.16394e+07,-914639,914639,1.34346e+07
0,0,0,3.37168e+08,0,2.75743e+07,-914639,914639,1.34346e+07
0,0,0,3.37168e+08,0,2.75797e+07,-914639,914639,1.34346e+07
0,0,0,3.37168e+08,0,2.7585e+07,-914639,914639,1.34346e+07
0,0,0,3.37168e+08,0,2.75904e+07,-914639,914639,1.34346e+07
0,0,0,3.37168e+08,0,2.75958e+07,-914639,914639,1.34346e+07
0,0,0,3.37168e+08,0,2.86104e+07,-914639,914639,1.34346e+07
0,0,0,3.37168e+08,0,2.8616e+07,-914639,914639,1.34346e+07
0,0,0,3.37168e+08,0,2.86216e+07,-914639,914639,1.34346e+07
0,0,0,3.37168e+08,0,2.86272e+07,-914639,914639,1.34346e+07
0,0,0,3.37168e+08,0,2.82394e+07,-914639,914639,1.34346e+07
0,0,0,3.37168e+08,0,2.82449e+07,-914639,914639,1.34346e+07
0,0,0,3.37168e+08,0,2.82504e+07,-914639,914639,1.34346e+07
0,0,0,3.37168e+08,0,2.82559e+07,-914639,914639,1.34346e+07
0,0,0,3.37168e+08,0,2.9632e+07,-914639,914639,1.34346e+07
0,0,0,3.37168e+08,0,2.96378e+07,-914639,914639,1.34346e+07
0,0,0,3.37168e+08,0,2.96436e+07,-914639,914639,1.34346e+07
0,0,0,3.37168e+08,0,2.96494e+07,-914639,914639,1.34346e+07
0,0,0,3.37168e+08,0,2.96552e+07,-914639,914639,1.34346e+07
0,0,0,3.37168e+08,0,2.99841e+07,-914639,914639,1.34346e+07
0,0,0,3.37168e+08,0,2.99899e+07,-914639,914639,1.34346e+07
0,0,0,3.37168e+08,0,2.99958e+07,-914639,914639,1.34346e+07
0,0,0,3.37168e+08,0,3.00017e+07,-914639,914639,1.34346e+07
0,0,0,3.37168e+08,0,3.06922e+07,-914639,914639,1.34346e+07
0,0,0,3.37168e+08,0,3.06982e+07,-914639,914639,1.34346e+07
0,0,0,3.37168e+08,0,3.07042e+07,-914639,914639,1.34346e+07
0,0,0,3.37168e+08,0,3.07103e+07,-914639,914639,1.34346e+07
0,0,0,3.37168e+08,0,3.29885e+07,-914639,914639,1.34346e+07
0,0,0,3.37168e+08,0,3.2995e+07,-914639,914639,1.34346e+07
0,0,0,3.37168e+08,0,3.30015e+07,-914639,914639,1.34346e+07
0,0,0,3.37168e+08,0,3.3008e+07,-914639,914639,1.34346e+07
0,0,0,3.37168e+08,0,3.30145e+07,-914639,914639,1.34346e+07
0,0,0,3.37168e+08,0,3.17438e+07,-914639,914639,1.34346e+07
0,0,0,3.37168e+08,0,3.17501e+07,-914639,914639,1.34346e+07
0,0,0,3.37168e+08,0,3.17563e+07,-914639,914639,1.34346e+07
0,0,0,3.37168e+08,0,3.17625e+07,-914639,914639,1.34346e+07
0,0,0,3.37168e+08,0,3.0643e+07,-914639,914639,1.34346e+07
0,0,0,3.37168e+08,0,3.0649e+07,-914639,914639,1.34346e+07
0,0,0,3.37168e+08,0,3.0655e+07,-914639,914639,1.34346e+07
0,0,0,3.37168e+08,0,3.0661e+07,-914639,914639,1.34346e+07
0,0,0,3.37168e+08,0,2.8058e+07,-914639,914639,1.34346e+07
0,0,0,3.37168e+08,0,2.80635e+07,-914639,914639,1.34346e+07
0,0,0,3.37168e+08,0,2.8069e+07,-914639,914639,1.34346e+07
0,0,0,3.37168e+08,0,2.80745e+07,-914639,914639,1.34346e+07
0,0,0,3.37168e+08,0,2.80799e+07,-914639,914639,1.34346e+07
0,0,0,3.37168e+08,0,2.89352e+07,-914639,914639,1.34346e+07
0,0,0,3.37168e+08,4.44801e+07,2.89407e+07,-914639,914639,1.34346e+07
0,0,0,3.37168e+08,0,2.89461e+07,-914639,914639,1.34346e+07
0,0,0,3.37168e+08,0,2.89515e+07,-914639,914639,1.34346e+07
0,0,0,3.37168e+08,0,3.19442e+07,-914639,914639,1.34346e+07
0,0,0,3.37168e+08,0,3.19502e+07,-914639,914639,1.34346e+07
0,0,0,3.37168e+08,0,3.19562e+07,-914639,914639,1.34346e+07
0,0,0,3.37168e+08,0,3.19622e+07,-914639,914639,1.34346e+07
0,0,0,3.37168e+08,0,2.78535e+07,-914639,914639,1.34346e+07
0,0,0,3.37168e+08,0,2.78587e+07,-914639,914639,1.34346e+07
0,0,0,3.37168e+08,0,2.78639e+07,-914639,914639,1.34346e+07
0,0,0,3.37168e+08,0,2.78691e+07,-914639,914639,1.34346e+07
0,0,0,3.37168e+08,0,2.78743e+07,-914639,914639,1.34346e+07
0,0,0,3.37168e+08,0,2.88995e+07,-914639,914639,1.34346e+07
0,0,0,3.37168e+08,0,2.89049e+07,-914639,914639,1.34346e+07
0,0,0,3.37168e+08,0,2.89103e+07,-914639,914639,1.34346e+07
0,0,0,3.37168e+08,0,2.89158e+07,-914639,914639,1.34346e+07
0,0,0,3.37168e+08,0,2.85236e+07,-914639,914639,1.34346e+07
0,0,0,3.37168e+08,0,2.85289e+07,-914639,914639,1.34346e+07
0,0,0,3.37168e+08,0,2.85343e+07,-914639,914639,1.34346e+07
0,0,0,3.37168e+08,0,2.85396e+07,-914639,914639,1.34346e+07
0,0,0,3.37168e+08,0,2.993e+07,-914639,914639,1.34346e+07
0,0,0,3.37168e+08,0,2.99356e+07,-914639,914639,1.34346e+07
0,0,0,3.37168e+08,0,2.99412e+07,-914639,914639,1.34346e+07
0,0,0,3.37168e+08,0,2.99468e+07,-914639,914639,1.34346e+07
0,0,0,3.37168e+08,0,2.99525e+07,-914639,914639,1.34346e+07
0,0,0,3.37168e+08,0,3.02845e+07,-914639,914639,1.34346e+07
0,0,0,3.37168e+08,0,3.02902e+07,-914639,914639,1.34346e+07
0,0,0,3.37168e+08,0,3.02959e+07,-914639,914639,1.34346e+07
0,0,0,3.37168e+08,0,3.03016e+07,-914639,914639,1.34346e+07
0,0,0,3.37168e+08,0,3.09991e+07,-914639,914639,1.34346e+07
0,0,0,3.37168e+08,0,3.10049e+07,-914639,914639,1.34346e+07
0,0,0,3.37168e+08,0,3.10108e+07,-914639,914639,1.34346e+07
0,0,0,3.37168e+08,0,3.10166e+07,-914639,914639,1.34346e+07
0,0,0,3.37168e+08,0,3.33184e+07,-914639,914639,1.34346e+07
0,0,0,3.37168e+08,0,3.33247e+07,-914639,914639,1.34346e+07
0,0,0,3.37168e+08,0,3.3331e+07,-914639,914639,1.34346e+07
0,0,0,3.37168e+08,0,3.33373e+07,-914639,914639,1.34346e+07
0,0,0,3.37168e+08,0,3.33436e+07,-914639,914639,1.34346e+07
0,0,0,3.37168e+08,0,3.20594e+07,-914639,914639,1.34346e+07
0,0,0,3.37168e+08,0,3.20654e+07,-914639,914639,1.34346e+07
0,0,0,3.37168e+08,0,3.20715e+07,-914639,914639,1.34346e+07
0,0,0,3.37168e+08,0,3.20775e+07,-914639,914639,1.34346e+07
0,0,0,3.37168e+08,0,3.09461e+07,-914639,914639,1.34346e+07
0,0,0,3.37168e+08,0,3.09519e+07,-914639,914639,1.34346e+07
0,0,0,3.37168e+08,0,3.09578e+07,-914639,914639,1.34346e+07
0,0,0,3.37168e+08,0,3.09636e+07,-914639,914639,1.34346e+07
0,0,0,3.37168e+08,0,2.83334e+07,-914639,914639,1.34346e+07
0,0,0,3.37168e+08,0,2.83387e+07,-914639,914639,1.34346e+07
0,0,0,3.37168e+08,0,2.8344e+07,-914639,914639,1.34346e+07
0,0,0,3.37168e+08,0,2.83493e+07,-914639,914639,1.34346e+07
0,0,0,3.37168e+08,0,2.83546e+07,-914639,914639,1.34346e+07
0,0,0,3.37168e+08,0,2.83546e+07,-914639,914639,1.34346e+07
0,0,0,3.37168e+08,4.44801e+07,2.92185e+07,-914639,914639,1.34346e+07
0,0,0,3.37168e+08,0,2.92237e+07,-914639,914639,1.34346e+07
0,0,0,3.37168e+08,0,2.9229e+07,-914639,914639,1.34346e+07
0,0,0,3.37168e+08,0,2.92342e+07,-914639,914639,1.34346e+07
0,0,0,3.37168e+08,0,3.22573e+07,-914639,914639,1.34346e+07
0,0,0,3.37168e+08,0,3.22632e+07,-914639,914639,1.34346e+07
0,0,0,3.37168e+08,0,3.2269e+07,-914639,914639,1.34346e+07
0,0,0,3.37168e+08,0,3.22748e+07,-914639,914639,1.34346e+07
0,0,0,3.37168e+08,0,2.81238e+07,-914639,914639,1.34346e+07
0,0,0,3.37168e+08,0,2.81288e+07,-914639,914639,1.34346e+07
0,0,0,3.37168e+08,0,2.81339e+07,-914639,914639,1.34346e+07
0,0,0,3.37168e+08,0,2.81389e+07,-914639,914639,1.34346e+07
0,0,0,3.37168e+08,0,2.81439e+07,-914639,914639,1.34346e+07
0,0,0,3.37168e+08,0,2.91793e+07,-914639,914639,1.34346e+07
0,0,0,3.37168e+08,0,2.91845e+07,-914639,914639,1.34346e+07
0,0,0,3.37168e+08,0,2.91898e+07,-914639,914639,1.34346e+07
0,0,0,3.37168e+08,0,2.9195e+07,-914639,914639,1.34346e+07
0,0,0,3.37168e+08,0,2.87986e+07,-914639,914639,1.34346e+07
0,0,0,3.37168e+08,0,2.88038e+07,-914639,914639,1.34346e+07
0,0,0,3.37168e+08,0,2.8809e+07,-914639,914639,1.34346e+07
0,0,0,3.37168e+08,0,2.88141e+07,-914639,914639,1.34346e+07
0,0,0,3.37168e+08,0,3.02183e+07,-914639,914639,1.34346e+07
0,0,0,3.37168e+08,0,3.02238e+07,-914639,914639,1.34346e+07
0,0,0,3.37168e+08,0,3.02292e+07,-914639,914639,1.34346e+07
0,0,0,3.37168e+08,0,3.02346e+07,-914639,914639,1.34346e+07
0,0,0,3.37168e+08,0,3.02401e+07,-914639,914639,1.34346e+07
0,0,0,3.37168e+08,0,3.05752e+07,-914639,914639,1.34346e+07
0,0,0,3.37168e+08,0,3.05807e+07,-914639,914639,1.34346e+07
0,0,0,3.37168e+08,0,3.05862e+07,-914639,914639,1.34346e+07
0,0,0,3.37168e+08,0,3.05917e+07,-914639,914639,1.34346e+07
0,0,0,3.37168e+08,0,3.1296e+07,-914639,914639,1.34346e+07
0,0,0,3.37168e+08,0,3.13016e+07,-914639,914639,1.34346e+07
0,0,0,3.37168e+08,0,3.13073e+07,-914639,914639,1.34346e+07
0,0,0,3.37168e+08,0,3.13129e+07,-914639,914639,1.34346e+07
0,0,0,3.37168e+08,0,3.36375e+07,-914639,914639,1.34346e+07
0,0,0,3.37168e+08,0,3.36436e+07,-914639,914639,1.34346e+07
0,0,0,3.37168e+08,0,3.36497e+07,-914639,914639,1.34346e+07
0,0,0,3.37168e+08,0,3.36557e+07,-914639,914639,1.34346e+07
0,0,0,3.37168e+08,0,3.36618e+07,-914639,914639,1.34346e+07
0,0,0,3.37168e+08,0,3.23646e+07,-914639,914639,1.34346e+07
0,0,0,3.37168e+08,0,3.23704e+07,-914639,914639,1.34346e+07
0,0,0,3.37168e+08,0,3.23763e+07,-914639,914639,1.34346e+07
0,0,0,3.37168e+08,0,3.23821e+07,-914639,914639,1.34346e+07
0,0,0,3.37168e+08,0,3.12392e+07,-914639,914639,1.34346e+07
0,0,0,3.37168e+08,0,3.12448e+07,-914639,914639,1.34346e+07
0,0,0,3.37168e+08,0,3.12504e+07,-914639,914639,1.34346e+07
0,0,0,3.37168e+08,0,3.12561e+07,-914639,914639,1.34346e+07
0,0,0,3.37168e+08,0,2.85996e+07,-914639,914639,1.34346e+07
0,0,0,3.37168e+08,0,2.86047e+07,-914639,914639,1.34346e+07
0,0,0,3.37168e+08,0,2.86099e+07,-914639,914639,1.34346e+07
0,0,0,3.37168e+08,0,2.8615e+07,-914639,914639,1.34346e+07
0,0,0,3.37168e+08,0,2.86201e+07,-914639,914639,1.34346e+07
0,0,0,3.37168e+08,4.44801e+07,2.94923e+07,-914639,914639,1.34346e+07
0,0,0,3.37168e+08,0.000499492,2.94973e+07,-914639,914639,1.34346e+07
0,0,0,3.37168e+08,0,2.95024e+07,-914639,914639,1.34346e+07
0,0,0,3.37168e+08,0,2.95075e+07,-914639,914639,1.34346e+07
0,0,0,3.37168e+08,0,3.256e+07,-914639,914639,1.34346e+07
0,0,0,3.37168e+08,0,3.25657e+07,-914639,914639,1.34346e+07
0,0,0,3.37168e+08,0,3.25713e+07,-914639,914639,1.34346e+07
0,0,0,3.37168e+08,0,3.25769e+07,-914639,914639,1.34346e+07
0,0,0,3.37168e+08,0,2.8385e+07,-914639,914639,1.34346e+07
0,0,0,3.37168e+08,0,2.83899e+07,-914639,914639,1.34346e+07
0,0,0,3.37168e+08,0,2.83947e+07,-914639,914639,1.34346e+07
0,0,0,3.37168e+08,0,2.83996e+07,-914639,914639,1.34346e+07
0,0,0,3.37168e+08,0,2.84045e+07,-914639,914639,1.34346e+07
0,0,0,3.37168e+08,0,2.94497e+07,-914639,914639,1.34346e+07
0,0,0,3.37168e+08,0,2.94547e+07,-914639,914639,1.34346e+07
0,0,0,3.37168e+08,0,2.94598e+07,-914639,914639,1.34346e+07
0,0,0,3.37168e+08,0,2.94649e+07,-914639,914639,1.34346e+07
0,0,0,3.37168e+08,0,2.90644e+07,-914639,914639,1.34346e+07
0,0,0,3.37168e+08,0,2.90694e+07,-914639,914639,1.34346e+07
0,0,0,3.37168e+08,0,2.90744e+07,-914639,914639,1.34346e+07
0,0,0,3.37168e+08,0,2.90794e+07,-914639,914639,1.34346e+07
0,0,0,3.37168e+08,0,3.04969e+07,-914639,914639,1.34346e+07
0,0,0,3.37168e+08,0,3.05021e+07,-914639,914639,1.34346e+07
0,0,0,3.37168e+08,0,3.05074e+07,-914639,914639,1.34346e+07
0,0,0,3.37168e+08,0,3.05126e+07,-914639,914639,1.34346e+07
0,0,0,3.37168e+08,0,3.05179e+07,-914639,914639,1.34346e+07
0,0,0,3.37168e+08,0,3.0856e+07,-914639,914639,1.34346e+07
0,0,0,3.37168e+08,0,3.08613e+07,-914639,914639,1.34346e+07
0,0,0,3.37168e+08,0,3.08667e+07,-914639,914639,1.34346e+07
0,0,0,3.37168e+08,0,3.0872e+07,-914639,914639,1.34346e+07
0,0,0,3.37168e+08,0,3.15827e+07,-914639,914639,1.34346e+07
0,0,0,3.37168e+08,0,3.15882e+07,-914639,914639,1.34346e+07
0,0,0,3.37168e+08,0,3.15936e+07,-914639,914639,1.34346e+07
0,0,0,3.37168e+08,0,3.1599e+07,-914639,914639,1.34346e+07
0,0,0,3.37168e+08,0,3.39456e+07,-914639,914639,1.34346e+07
0,0,0,3.37168e+08,0,3.39515e+07,-914639,914639,1.34346e+07
0,0,0,3.37168e+08,0,3.39574e+07,-914639,914639,1.34346e+07
0,0,0,3.37168e+08,0,3.39632e+07,-914639,914639,1.34346e+07
0,0,0,3.37168e+08,0,3.39691e+07,-914639,914639,1.34346e+07
0,0,0,3.37168e+08,0,3.26592e+07,-914639,914639,1.34346e+07
0,0,0,3.37168e+08,0,3.26649e+07,-914639,914639,1.34346e+07
0,0,0,3.37168e+08,0,3.26705e+07,-914639,914639,1.34346e+07
0,0,0,3.37168e+08,0,3.26761e+07,-914639,914639,1.34346e+07
0,0,0,3.37168e+08,0,3.15221e+07,-914639,914639,1.34346e+07
0,0,0,3.37168e+08,0,3.15276e+07,-914639,914639,1.34346e+07
0,0,0,3.37168e+08,0,3.1533e+07,-914639,914639,1.34346e+07
0,0,0,3.37168e+08,0,3.15384e+07,-914639,914639,1.34346e+07
0,0,0,3.37168e+08,0,2.88566e+07,-914639,914639,1.34346e+07
0,0,0,3.37168e+08,0,2.88615e+07,-914639,914639,1.34346e+07
0,0,0,3.37168e+08,0,2.88665e+07,-914639,914639,1.34346e+07
0,0,0,3.37168e+08,0,2.88714e+07,-914639,914639,1.34346e+07
0,0,0,3.37168e+08,0,2.88764e+07,-914639,914639,1.34346e+07
0,0,0,3.37168e+08,4.44801e+07,2.97565e+07,-914639,914639,1.34346e+07
0,0,0,3.37168e+08,0,2.97614e+07,-914639,914639,1.34346e+07
0,0,0,3.37168e+08,0,2.97663e+07,-914639,914639,1.34346e+07
0,0,0,3.37168e+08,0,2.97712e+07,-914639,914639,1.34346e+07
0,0,0,3.37168e+08,0,3.28521e+07,-914639,914639,1.34346e+07
0,0,0,3.37168e+08,0,3.28575e+07,-914639,914639,1.34346e+07
0,0,0,3.37168e+08,0,3.28629e+07,-914639,914639,1.34346e+07
0,0,0,3.37168e+08,0,3.28684e+07,-914639,914639,1.34346e+07
0,0,0,3.37168e+08,0,2.8637e+07,-914639,914639,1.34346e+07
0,0,0,3.37168e+08,0,2.86417e+07,-914639,914639,1.34346e+07
0,0,0,3.37168e+08,0,2.86464e+07,-914639,914639,1.34346e+07
0,0,0,3.37168e+08,0,2.86511e+07,-914639,914639,1.34346e+07
0,0,0,3.37168e+08,0,2.86558e+07,-914639,914639,1.34346e+07
0,0,0,3.37168e+08,0,2.97105e+07,-914639,914639,1.34346e+07
0,0,0,3.37168e+08,0,2.97154e+07,-914639,914639,1.34346e+07
0,0,0,3.37168e+08,0,2.97202e+07,-914639,914639,1.34346e+07
0,0,0,3.37168e+08,0,2.97251e+07,-914639,914639,1.34346e+07
0,0,0,3.37168e+08,0,2.93207e+07,-914639,914639,1.34346e+07
0,0,0,3.37168e+08,0,2.93255e+07,-914639,914639,1.34346e+07
0,0,0,3.37168e+08,0,2.93303e+07,-914639,914639,1.34346e+07
0,0,0,3.37168e+08,0,2.93351e+07,-914639,914639,1.34346e+07
0,0,0,3.37168e+08,0,3.07655e+07,-914639,914639,1.34346e+07
0,0,0,3.37168e+08,0,3.07706e+07,-914639,914639,1.34346e+07
0,0,0,3.37168e+08,0,3.07756e+07,-914639,914639,1.34346e+07
0,0,0,3.37168e+08,0,3.07807e+07,-914639,914639,1.34346e+07
0,0,0,3.37168e+08,0,3.07857e+07,-914639,914639,1.34346e+07
0,0,0,3.37168e+08,0,3.11267e+07,-914639,914639,1.34346e+07
0,0,0,3.37168e+08,0,3.11319e+07,-914639,914639,1.34346e+07
0,0,0,3.37168e+08,0,3.1137e+07,-914639,914639,1.34346e+07
0,0,0,3.37168e+08,0,3.11421e+07,-914639,914639,1.34346e+07
0,0,0,3.37168e+08,0,3.18591e+07,-914639,914639,1.34346e+07
0,0,0,3.37168e+08,0,3.18643e+07,-914639,914639,1.34346e+07
0,0,0,3.37168e+08,0,3.18696e+07,-914639,914639,1.34346e+07
0,0,0,3.37168e+08,0,3.18748e+07,-914639,914639,1.34346e+07
0,0,0,3.37168e+08,0,3.42426e+07,-914639,914639,1.34346e+07
0,0,0,3.37168e+08,0,3.42482e+07,-914639,914639,1.34346e+07
0,0,0,3.37168e+08,0,3.42539e+07,-914639,914639,1.34346e+07
0,0,0,3.37168e+08,0,3.42595e+07,-914639,914639,1.34346e+07
0,0,0,3.37168e+08,0,3.42652e+07,-914639,914639,1.34346e+07
0,0,0,3.37168e+08,0,3.29431e+07,-914639,914639,1.34346e+07
0,0,0,3.37168e+08,0,3.29486e+07,-914639,914639,1.34346e+07
0,0,0,3.37168e+08,0,3.2954e+07,-914639,914639,1.34346e+07
0,0,0,3.37168e+08,0,3.29594e+07,-914639,914639,1.34346e+07
0,0,0,3.37168e+08,0,3.17947e+07,-914639,914639,1.34346e+07
0,0,0,3.37168e+08,0,3.17999e+07,-914639,914639,1.34346e+07
0,0,0,3.37168e+08,0,3.18052e+07,-914639,914639,1.34346e+07
0,0,0,3.37168e+08,0,3.18104e+07,-914639,914639,1.34346e+07
0,0,0,3.37168e+08,0,2.91041e+07,-914639,914639,1.34346e+07
0,0,0,3.37168e+08,0,2.91089e+07,-914639,914639,1.34346e+07
0,0,0,3.37168e+08,0,2.91136e+07,-914639,914639,1.34346e+07
0,0,0,3.37168e+08,0,2.91184e+07,-914639,914639,1.34346e+07
0,0,0,3.37168e+08,0,2.91232e+07,-914639,914639,1.34346e+07
0,0,0,3.37168e+08,4.44801e+07,3.0011e+07,-914639,914639,1.34346e+07
0,0,0,3.37168e+08,0,2.94018e+07,-1.52853e+06,1.52853e+06,1.34346e+07
0,0,0,3.37168e+08,0,2.69504e+07,-3.9846e+06,3.9846e+06,1.51931e+07
0,0,0,3.37168e+08,0,2.69546e+07,-3.9851e+06,3.9851e+06,1.51931e+07
0,0,0,3.37168e+08,0,2.97292e+07,-4.31878e+06,4.31878e+06,1.51931e+07
0,0,0,3.37168e+08,0,2.97338e+07,-4.31934e+06,4.31934e+06,1.51931e+07
0,0,0,3.37168e+08,0,2.97385e+07,-4.31989e+06,4.31989e+06,1.51931e+07
0,0,0,3.37168e+08,0,2.97431e+07,-4.32045e+06,4.32045e+06,1.51931e+07
0,0,0,3.37168e+08,0,2.59321e+07,-3.86214e+06,3.86214e+06,1.51931e+07
0,0,0,3.37168e+08,0,2.59361e+07,-3.86262e+06,3.86262e+06,1.51931e+07
0,0,0,3.37168e+08,0,2.59401e+07,-3.8631e+06,3.8631e+06,1.51931e+07
0,0,0,3.37168e+08,0,2.59441e+07,-3.86358e+06,3.86358e+06,1.51931e+07
0,0,0,3.37168e+08,0,2.59482e+07,-3.86407e+06,3.86407e+06,1.51931e+07
0,0,0,3.37168e+08,0,2.68978e+07,-3.97827e+06,3.97827e+06,1.51931e+07
0,0,0,3.37168e+08,0,2.6902e+07,-3.97878e+06,3.97878e+06,1.51931e+07
0,0,0,3.37168e+08,0,2.99708e+07,-914639,914639,1.34346e+07
0,0,0,3.37168e+08,0,2.93624e+07,-1.52767e+06,1.52767e+06,1.34346e+07
0,0,0,3.37168e+08,0,2.8963e+07,-1.5189e+06,1.5189e+06,1.34346e+07
0,0,0,3.37168e+08,0,2.95719e+07,-914639,914639,1.34346e+07
0,0,0,3.37168e+08,0,2.95765e+07,-914639,914639,1.34346e+07
0,0,0,3.37168e+08,0,2.95811e+07,-914639,914639,1.34346e+07
0,0,0,3.37168e+08,0,3.10238e+07,-914639,914639,1.34346e+07
0,0,0,3.37168e+08,0,3.10287e+07,-914639,914639,1.34346e+07
0,0,0,3.37168e+08,0,3.10335e+07,-914639,914639,1.34346e+07
0,0,0,3.37168e+08,0,3.10384e+07,-914639,914639,1.34346e+07
0,0,0,3.37168e+08,0,3.10432e+07,-914639,914639,1.34346e+07
0,0,0,3.37168e+08,0,3.1387e+07,-914639,914639,1.34346e+07
0,0,0,3.37168e+08,0,3.13919e+07,-914639,914639,1.34346e+07
0,0,0,3.37168e+08,0,3.13968e+07,-914639,914639,1.34346e+07
0,0,0,3.37168e+08,0,3.14017e+07,-914639,914639,1.34346e+07
0,0,0,3.37168e+08,0,3.21248e+07,-914639,914639,1.34346e+07
0,0,0,3.37168e+08,0,3.21298e+07,-914639,914639,1.34346e+07
0,0,0,3.37168e+08,0,3.21348e+07,-914639,914639,1.34346e+07
0,0,0,3.37168e+08,0,3.21399e+07,-914639,914639,1.34346e+07
0,0,0,3.37168e+08,0,3.45279e+07,-914639,914639,1.34346e+07
0,0,0,3.37168e+08,0,3.45334e+07,-914639,914639,1.34346e+07
0,0,0,3.37168e+08,0,3.45388e+07,-914639,914639,1.34346e+07
0,0,0,3.37168e+08,0,3.45442e+07,-914639,914639,1.34346e+07
0,0,0,3.37168e+08,0,3.45496e+07,-914639,914639,1.34346e+07
0,0,0,3.37168e+08,0,3.32159e+07,-914639,914639,1.34346e+07
0,0,0,3.37168e+08,0,3.32211e+07,-914639,914639,1.34346e+07
0,0,0,3.37168e+08,0,3.32263e+07,-914639,914639,1.34346e+07
0,0,0,3.37168e+08,0,3.32315e+07,-914639,914639,1.34346e+07
0,0,0,3.37168e+08,0,3.20565e+07,-914639,914639,1.34346e+07
0,0,0,3.37168e+08,0,3.20615e+07,-914639,914639,1.34346e+07
0,0,0,3.37168e+08,0,3.20665e+07,-914639,914639,1.34346e+07
0,0,0,3.37168e+08,0,3.20715e+07,-914639,914639,1.34346e+07
0,0,0,3.37168e+08,0,2.93418e+07,-914639,914639,1.34346e+07
0,0,0,3.37168e+08,0,2.93464e+07,-914639,914639,1.34346e+07
0,0,0,3.37168e+08,0,2.93509e+07,-914639,914639,1.34346e+07
0,0,0,3.37168e+08,0,2.93555e+07,-914639,914639,1.34346e+07
0,0,0,3.37168e+08,0,2.93601e+07,-914639,914639,1.34346e+07
0,0,0,3.37168e+08,4.44801e+07,3.02552e+07,-914639,914639,1.34346e+07
0,0,0,3.37168e+08,0,3.02597e+07,-914639,914639,1.34346e+07
0,0,0,3.37168e+08,0,3.02642e+07,-914639,914639,1.34346e+07
0,0,0,3.37168e+08,0,3.02687e+07,-914639,914639,1.34346e+07
0,0,0,3.37168e+08,0,3.34032e+07,-914639,914639,1.34346e+07
0,0,0,3.37168e+08,0,3.34081e+07,-914639,914639,1.34346e+07
0,0,0,3.37168e+08,0,3.34131e+07,-914639,914639,1.34346e+07
0,0,0,3.37168e+08,0,3.34181e+07,-914639,914639,1.34346e+07
0,0,0,3.37168e+08,0,2.91123e+07,-914639,914639,1.34346e+07
0,0,0,3.37168e+08,0,2.91166e+07,-914639,914639,1.34346e+07
0,0,0,3.37168e+08,0,2.91209e+07,-914639,914639,1.34346e+07
0,0,0,3.37168e+08,0,2.91252e+07,-914639,914639,1.34346e+07
0,0,0,3.37168e+08,0,2.91295e+07,-914639,914639,1.34346e+07
0,0,0,3.37168e+08,0,3.02021e+07,-914639,914639,1.34346e+07
0,0,0,3.37168e+08,0,3.02066e+07,-914639,914639,1.34346e+07
0,0,0,3.37168e+08,0,3.02111e+07,-914639,914639,1.34346e+07
0,0,0,3.37168e+08,0,3.02155e+07,-914639,914639,1.34346e+07
0,0,0,3.37168e+08,0,2.98036e+07,-914639,914639,1.34346e+07
0,0,0,3.37168e+08,0,2.98081e+07,-914639,914639,1.34346e+07
0,0,0,3.37168e+08,0,2.98125e+07,-914639,914639,1.34346e+07
0,0,0,3.37168e+08,0,2.98169e+07,-914639,914639,1.34346e+07
0,0,0,3.37168e+08,0,3.12715e+07,-914639,914639,1.34346e+07
0,0,0,3.37168e+08,0,3.12761e+07,-914639,914639,1.34346e+07
0,0,0,3.37168e+08,0,3.12807e+07,-914639,914639,1.34346e+07
0,0,0,3.37168e+08,0,3.12854e+07,-914639,914639,1.34346e+07
0,0,0,3.37168e+08,0,3.129e+07,-914639,914639,1.34346e+07
0,0,0,3.37168e+08,0,3.16364e+07,-914639,914639,1.34346e+07
0,0,0,3.37168e+08,0,3.16411e+07,-914639,914639,1.34346e+07
0,0,0,3.37168e+08,0,3.16458e+07,-914639,914639,1.34346e+07
0,0,0,3.37168e+08,0,3.16505e+07,-914639,914639,1.34346e+07
0,0,0,3.37168e+08,0,3.23793e+07,-914639,914639,1.34346e+07
0,0,0,3.37168e+08,0,3.23841e+07,-914639,914639,1.34346e+07
0,0,0,3.37168e+08,0,3.23889e+07,-914639,914639,1.34346e+07
0,0,0,3.37168e+08,0,3.23937e+07,-914639,914639,1.34346e+07
0,0,0,3.37168e+08,0,3.48012e+07,-914639,914639,1.34346e+07
0,0,0,3.37168e+08,0,3.48064e+07,-914639,914639,1.34346e+07
0,0,0,3.37168e+08,0,3.48116e+07,-914639,914639,1.34346e+07
0,0,0,3.37168e+08,0,3.48168e+07,-914639,914639,1.34346e+07
0,0,0,3.37168e+08,0,3.4822e+07,-914639,914639,1.34346e+07
0,0,0,3.37168e+08,0,3.3477e+07,-914639,914639,1.34346e+07
0,0,0,3.37168e+08,0,3.3482e+07,-914639,914639,1.34346e+07
0,0,0,3.37168e+08,0,3.3487e+07,-914639,914639,1.34346e+07
0,0,0,3.37168e+08,0,3.34919e+07,-914639,914639,1.34346e+07
0,0,0,3.37168e+08,0,3.2307e+07,-914639,914639,1.34346e+07
0,0,0,3.37168e+08,0,3.23118e+07,-914639,914639,1.34346e+07
0,0,0,3.37168e+08,0,3.23166e+07,-914639,914639,1.34346e+07
0,0,0,3.37168e+08,0,3.23214e+07,-914639,914639,1.34346e+07
0,0,0,3.37168e+08,0,2.95692e+07,-914639,914639,1.34346e+07
0,0,0,3.37168e+08,0,2.95736e+07,-914639,914639,1.34346e+07
0,0,0,3.37168e+08,0,2.95779e+07,-914639,914639,1.34346e+07
0,0,0,3.37168e+08,0,2.95823e+07,-914639,914639,1.34346e+07
0,0,0,3.37168e+08,0,2.95867e+07,-914639,914639,1.34346e+07
0,0,0,3.37168e+08,0,3.04888e+07,-914639,914639,1.34346e+07
0,0,0,6.33458e+08,4.44801e+07,3.04931e+07,-914639,914639,1.34346e+07
0,0,0,6.33458e+08,0,3.04974e+07,-914639,914639,1.34346e+07
0,0,0,6.33458e+08,0,3.05017e+07,-914639,914639,1.34346e+07
0,0,0,6.33458e+08,0,3.36612e+07,-914639,914639,1.34346e+07
0,0,0,6.33458e+08,0,3.3666e+07,-914639,914639,1.34346e+07
0,0,0,6.33458e+08,0,3.36707e+07,-914639,914639,1.34346e+07
0,0,0,6.33458e+08,0,3.36754e+07,-914639,914639,1.34346e+07
0,0,0,6.33458e+08,0,2.93348e+07,-914639,914639,1.34346e+07
0,0,0,6.33458e+08,0,2.93389e+07,-914639,914639,1.34346e+07
0,0,0,6.33458e+08,0,2.9343e+07,-914639,914639,1.34346e+07
0,0,0,6.33458e+08,0,2.93471e+07,-914639,914639,1.34346e+07
0,0,0,6.33458e+08,0,2.93512e+07,-914639,914639,1.34346e+07
0,0,0,6.33458e+08,0,3.04322e+07,-914639,914639,1.34346e+07
0,0,0,6.33458e+08,0,3.04364e+07,-914639,914639,1.34346e+07
0,0,0,6.33458e+08,0,3.04407e+07,-914639,914639,1.34346e+07
0,0,0,6.33458e+08,0,3.0445e+07,-914639,914639,1.34346e+07
0,0,0,6.33458e+08,0,3.00296e+07,-914639,914639,1.34346e+07
0,0,0,6.33458e+08,0,3.00338e+07,-914639,914639,1.34346e+07
0,0,0,6.33458e+08,0,3.0038e+07,-914639,914639,1.34346e+07
0,0,0,6.33458e+08,0,3.00422e+07,-914639,914639,1.34346e+07
0,0,0,6.33458e+08,0,3.15081e+07,-914639,914639,1.34346e+07
0,0,0,6.33458e+08,0,3.15125e+07,-914639,914639,1.34346e+07
0,0,0,6.33458e+08,0,3.15169e+07,-914639,914639,1.34346e+07
0,0,0,6.33458e+08,0,3.15213e+07,-914639,914639,1.34346e+07
0,0,0,6.33458e+08,0,3.15258e+07,-914639,914639,1.34346e+07
0,0,0,6.33458e+08,0,3.18746e+07,-914639,914639,1.34346e+07
0,0,0,6.33458e+08,0,3.18791e+07,-914639,914639,1.34346e+07
0,0,0,6.33458e+08,0,3.18836e+07,-914639,914639,1.34346e+07
0,0,0,6.33458e+08,0,3.18881e+07,-914639,914639,1.34346e+07
0,0,0,6.33458e+08,0,3.26223e+07,-914639,914639,1.34346e+07
0,0,0,6.33458e+08,0,3.26269e+07,-914639,914639,1.34346e+07
0,0,0,6.33458e+08,0,3.26315e+07,-914639,914639,1.34346e+07
0,0,0,6.33458e+08,0,3.26361e+07,-914639,914639,1.34346e+07
0,0,0,6.33458e+08,0,3.50622e+07,-914639,914639,1.34346e+07
0,0,0,6.33458e+08,0,3.50671e+07,-914639,914639,1.34346e+07
0,0,0,6.33458e+08,0,3.50721e+07,-914639,914639,1.34346e+07
0,0,0,6.33458e+08,0,3.5077e+07,-914639,914639,1.34346e+07
0,0,0,6.33458e+08,0,3.5082e+07,-914639,914639,1.34346e+07
0,0,0,6.33458e+08,0,3.37262e+07,-914639,914639,1.34346e+07
0,0,0,6.33458e+08,0,3.3731e+07,-914639,914639,1.34346e+07
0,0,0,6.33458e+08,0,3.37357e+07,-914639,914639,1.34346e+07
0,0,0,6.33458e+08,0,3.37405e+07,-914639,914639,1.34346e+07
0,0,0,6.33458e+08,0,3.25461e+07,-914639,914639,1.34346e+07
0,0,0,6.33458e+08,0,3.25507e+07,-914639,914639,1.34346e+07
0,0,0,6.33458e+08,0,3.25553e+07,-914639,914639,1.34346e+07
0,0,0,6.33458e+08,0,3.25599e+07,-914639,914639,1.34346e+07
0,0,0,6.33458e+08,0,2.97862e+07,-914639,914639,1.34346e+07
0,0,0,6.33458e+08,0,2.97903e+07,-914639,914639,1.34346e+07
0,0,0,6.33458e+08,0,2.97945e+07,-914639,914639,1.34346e+07
0,0,0,6.33458e+08,0,2.97987e+07,-914639,914639,1.34346e+07
0,0,0,6.33458e+08,0,2.98028e+07,-914639,914639,1.34346e+07
0,0,0,6.33458e+08,0,2.98028e+07,-914639,914639,1.34346e+07
0,0,0,6.33458e+08,4.44801e+07,3.07117e+07,-914639,914639,1.34346e+07
0,0,0,6.33458e+08,0,3.07158e+07,-914639,914639,1.34346e+07
0,0,0,6.33458e+08,0,3.07198e+07,-914639,914639,1.34346e+07
0,0,0,6.33458e+08,0,3.07239e+07,-914639,914639,1.34346e+07
0,0,0,6.33458e+08,0,3.39073e+07,-914639,914639,1.34346e+07
0,0,0,6.33458e+08,0,3.39118e+07,-914639,914639,1.34346e+07
0,0,0,6.33458e+08,0,3.39164e+07,-914639,914639,1.34346e+07
0,0,0,6.33458e+08,0,3.39209e+07,-914639,914639,1.34346e+07
0,0,0,6.33458e+08,0,2.9547e+07,-914639,914639,1.34346e+07
0,0,0,6.33458e+08,0,2.95509e+07,-914639,914639,1.34346e+07
0,0,0,6.33458e+08,0,2.95548e+07,-914639,914639,1.34346e+07
0,0,0,6.33458e+08,0,2.95587e+07,-914639,914639,1.34346e+07
0,0,0,6.33458e+08,0,2.95626e+07,-914639,914639,1.34346e+07
0,0,0,6.33458e+08,0,3.06515e+07,-914639,914639,1.34346e+07
0,0,0,6.33458e+08,0,3.06555e+07,-914639,914639,1.34346e+07
0,0,0,6.33458e+08,0,3.06596e+07,-914639,914639,1.34346e+07
0,0,0,6.33458e+08,0,3.06636e+07,-914639,914639,1.34346e+07
0,0,0,6.33458e+08,0,3.02449e+07,-914639,914639,1.34346e+07
0,0,0,6.33458e+08,0,3.02489e+07,-914639,914639,1.34346e+07
0,0,0,6.33458e+08,0,3.02529e+07,-914639,914639,1.34346e+07
0,0,0,6.33458e+08,0,3.02569e+07,-914639,914639,1.34346e+07
0,0,0,6.33458e+08,0,3.17335e+07,-914639,914639,1.34346e+07
0,0,0,6.33458e+08,0,3.17377e+07,-914639,914639,1.34346e+07
0,0,0,6.33458e+08,0,3.17419e+07,-914639,914639,1.34346e+07
0,0,0,6.33458e+08,0,3.17461e+07,-914639,914639,1.34346e+07
0,0,0,6.33458e+08,0,3.17504e+07,-914639,914639,1.34346e+07
0,0,0,6.33458e+08,0,3.21016e+07,-914639,914639,1.34346e+07
0,0,0,6.33458e+08,0,3.21058e+07,-914639,914639,1.34346e+07
0,0,0,6.33458e+08,0,3.21101e+07,-914639,914639,1.34346e+07
0,0,0,6.33458e+08,0,3.21143e+07,-914639,914639,1.34346e+07
0,0,0,6.33458e+08,0,3.28538e+07,-914639,914639,1.34346e+07
0,0,0,6.33458e+08,0,3.28581e+07,-914639,914639,1.34346e+07
0,0,0,6.33458e+08,0,3.28625e+07,-914639,914639,1.34346e+07
0,0,0,6.33458e+08,0,3.28669e+07,-914639,914639,1.34346e+07
0,0,0,6.33458e+08,0,3.53106e+07,-914639,914639,1.34346e+07
0,0,0,6.33458e+08,0,3.53154e+07,-914639,914639,1.34346e+07
0,0,0,6.33458e+08,0,3.53201e+07,-914639,914639,1.34346e+07
0,0,0,6.33458e+08,0,3.53248e+07,-914639,914639,1.34346e+07
0,0,0,6.33458e+08,0,3.53295e+07,-914639,914639,1.34346e+07
0,0,0,6.33458e+08,0,3.39635e+07,-914639,914639,1.34346e+07
0,0,0,6.33458e+08,0,3.3968e+07,-914639,914639,1.34346e+07
0,0,0,6.33458e+08,0,3.39726e+07,-914639,914639,1.34346e+07
0,0,0,6.33458e+08,0,3.39771e+07,-914639,914639,1.34346e+07
0,0,0,6.33458e+08,0,3.27737e+07,-914639,914639,1.34346e+07
0,0,0,6.33458e+08,0,3.27781e+07,-914639,914639,1.34346e+07
0,0,0,6.33458e+08,0,3.27824e+07,-914639,914639,1.34346e+07
0,0,0,6.33458e+08,0,3.27868e+07,-914639,914639,1.34346e+07
0,0,0,6.33458e+08,0,2.99926e+07,-914639,914639,1.34346e+07
0,0,0,6.33458e+08,0,2.99966e+07,-914639,914639,1.34346e+07
0,0,0,6.33458e+08,0,3.00006e+07,-914639,914639,1.34346e+07
0,0,0,6.33458e+08,0,3.00045e+07,-914639,914639,1.34346e+07
0,0,0,6.33458e+08,0,3.00085e+07,-914639,914639,1.34346e+07
0,0,0,6.33458e+08,4.44801e+07,3.09237e+07,-914639,914639,1.34346e+07
0,0,0,6.33458e+08,0,3.09275e+07,-914639,914639,1.34346e+07
0,0,0,6.33458e+08,0,3.09314e+07,-914639,914639,1.34346e+07
0,0,0,6.33458e+08,0,3.09353e+07,-914639,914639,1.34346e+07
0,0,0,6.33458e+08,0,3.41414e+07,-914639,914639,1.34346e+07
0,0,0,6.33458e+08,0,3.41457e+07,-914639,914639,1.34346e+07
0,0,0,6.33458e+08,0,3.41499e+07,-914639,914639,1.34346e+07
0,0,0,6.33458e+08,0,3.41542e+07,-914639,914639,1.34346e+07
0,0,0,6.33458e+08,0,2.97487e+07,-914639,914639,1.34346e+07
0,0,0,6.33458e+08,0,2.97524e+07,-914639,914639,1.34346e+07
0,0,0,6.33458e+08,0,2.97561e+07,-914639,914639,1.34346e+07
0,0,0,6.33458e+08,0,2.97598e+07,-914639,914639,1.34346e+07
0,0,0,6.33458e+08,0,2.97635e+07,-914639,914639,1.34346e+07
0,0,0,6.33458e+08,0,3.08599e+07,-914639,914639,1.34346e+07
0,0,0,6.33458e+08,0,3.08638e+07,-914639,914639,1.34346e+07
0,0,0,6.33458e+08,0,3.08676e+07,-914639,914639,1.34346e+07
0,0,0,6.33458e+08,0,3.08715e+07,-914639,914639,1.34346e+07
0,0,0,6.33458e+08,0,3.04495e+07,-914639,914639,1.34346e+07
0,0,0,6.33458e+08,0,3.04533e+07,-914639,914639,1.34346e+07
0,0,0,6.33458e+08,0,3.04571e+07,-914639,914639,1.34346e+07
0,0,0,6.33458e+08,0,3.04609e+07,-914639,914639,1.34346e+07
0,0,0,6.33458e+08,0,3.19477e+07,-914639,914639,1.34346e+07
0,0,0,6.33458e+08,0,3.19517e+07,-914639,914639,1.34346e+07
0,0,0,6.33458e+08,0,3.19557e+07,-914639,914639,1.34346e+07
0,0,0,6.33458e+08,0,3.19597e+07,-914639,914639,1.34346e+07
0,0,0,6.33458e+08,0,3.19637e+07,-914639,914639,1.34346e+07
0,0,0,6.33458e+08,0,3.23171e+07,-914639,914639,1.34346e+07
0,0,0,6.33458e+08,0,3.23211e+07,-914639,914639,1.34346e+07
0,0,0,6.33458e+08,0,3.23252e+07,-914639,914639,1.34346e+07
0,0,0,6.33458e+08,0,3.23292e+07,-914639,914639,1.34346e+07
0,0,0,6.33458e+08,0,3.30736e+07,-914639,914639,1.34346e+07
0,0,0,6.33458e+08,0,3.30777e+07,-914639,914639,1.34346e+07
0,0,0,6.33458e+08,0,3.30818e+07,-914639,914639,1.34346e+07
0,0,0,6.33458e+08,0,3.3086e+07,-914639,914639,1.34346e+07
0,0,0,6.33458e+08,0,3.55465e+07,-914639,914639,1.34346e+07
0,0,0,6.33458e+08,0,3.5551e+07,-914639,914639,1.34346e+07
0,0,0,6.33458e+08,0,3.55554e+07,-914639,914639,1.34346e+07
0,0,0,6.33458e+08,0,3.55599e+07,-914639,914639,1.34346e+07
0,0,0,6.33458e+08,0,3.55644e+07,-914639,914639,1.34346e+07
0,0,0,6.33458e+08,0,3.41887e+07,-914639,914639,1.34346e+07
0,0,0,6.33458e+08,0,3.4193e+07,-914639,914639,1.34346e+07
0,0,0,6.33458e+08,0,3.41972e+07,-914639,914639,1.34346e+07
0,0,0,6.33458e+08,0,3.42015e+07,-914639,914639,1.34346e+07
0,0,0,6.33458e+08,0,3.29896e+07,-914639,914639,1.34346e+07
0,0,0,6.33458e+08,0,3.29938e+07,-914639,914639,1.34346e+07
0,0,0,6.33458e+08,0,3.29979e+07,-914639,914639,1.34346e+07
0,0,0,6.33458e+08,0,3.3002e+07,-914639,914639,1.34346e+07
0,0,0,6.33458e+08,0,3.01884e+07,-914639,914639,1.34346e+07
0,0,0,6.33458e+08,0,3.01922e+07,-914639,914639,1.34346e+07
0,0,0,6.33458e+08,0,3.0196e+07,-914639,914639,1.34346e+07
0,0,0,6.33458e+08,0,3.01997e+07,-914639,914639,1.34346e+07
0,0,0,6.33458e+08,0,3.02035e+07,-914639,914639,1.34346e+07
0,0,0,7.0889e+08,3.49773e+07,3.11247e+07,-914639,914639,1.34346e+07
0,0,0,7.0889e+08,0,3.11283e+07,-914639,914639,1.34346e+07
0,0,0,7.0889e+08,0,3.1132e+07,-914639,914639,1.34346e+07
0,0,0,7.0889e+08,0,3.11356e+07,-914639,914639,1.34346e+07
0,0,0,7.0889e+08,0,3.43632e+07,-914639,914639,1.34346e+07
0,0,0,7.0889e+08,0,3.43673e+07,-914639,914639,1.34346e+07
0,0,0,7.0889e+08,0,3.43713e+07,-914639,914639,1.34346e+07
0,0,0,7.0889e+08,0,3.43753e+07,-914639,914639,1.34346e+07
0,0,0,7.0889e+08,0,2.99398e+07,-914639,914639,1.34346e+07
0,0,0,7.0889e+08,0,2.99433e+07,-914639,914639,1.34346e+07
0,0,0,7.0889e+08,0,2.99468e+07,-914639,914639,1.34346e+07
0,0,0,7.0889e+08,0,2.99503e+07,-914639,914639,1.34346e+07
0,0,0,7.0889e+08,0,2.99538e+07,-914639,914639,1.34346e+07
0,0,0,7.0889e+08,0,3.10573e+07,-914639,914639,1.34346e+07
0,0,0,7.0889e+08,0,3.10609e+07,-914639,914639,1.34346e+07
0,0,0,7.0889e+08,0,3.10646e+07,-914639,914639,1.34346e+07
0,0,0,7.0889e+08,0,3.10682e+07,-914639,914639,1.34346e+07
0,0,0,7.0889e+08,0,3.06432e+07,-914639,914639,1.34346e+07
0,0,0,7.0889e+08,0,3.06467e+07,-914639,914639,1.34346e+07
0,0,0,7.0889e+08,0,3.06503e+07,-914639,914639,1.34346e+07
0,0,0,7.0889e+08,0,3.06539e+07,-914639,914639,1.34346e+07
0,0,0,7.0889e+08,0,3.21504e+07,-914639,914639,1.34346e+07
0,0,0,7.0889e+08,0,3.21541e+07,-914639,914639,1.34346e+07
0,0,0,7.0889e+08,0,3.21579e+07,-914639,914639,1.34346e+07
0,0,0,7.0889e+08,0,3.21617e+07,-914639,914639,1.34346e+07
0,0,0,7.0889e+08,0,3.21654e+07,-914639,914639,1.34346e+07
0,0,0,7.0889e+08,0,3.2521e+07,-914639,914639,1.34346e+07
0,0,0,7.0889e+08,0,3.25248e+07,-914639,914639,1.34346e+07
0,0,0,7.0889e+08,0,3.25286e+07,-914639,914639,1.34346e+07
0,0,0,7.0889e+08,0,3.25324e+07,-914639,914639,1.34346e+07
0,0,0,7.0889e+08,0,3.32814e+07,-914639,914639,1.34346e+07
0,0,0,7.0889e+08,0,3.32853e+07,-914639,914639,1.34346e+07
0,0,0,7.0889e+08,0,3.32892e+07,-914639,914639,1.34346e+07
0,0,0,7.0889e+08,0,3.32931e+07,-914639,914639,1.34346e+07
0,0,0,7.0889e+08,0,3.57694e+07,-914639,914639,1.34346e+07
0,0,0,7.0889e+08,0,3.57736e+07,-914639,914639,1.34346e+07
0,0,0,7.0889e+08,0,3.57778e+07,-914572,914572,1.34346e+07
0,0,0,7.0889e+08,0,3.57807e+07,-913782,913782,1.34346e+07
0,0,0,7.0889e+08,0,3.57837e+07,-912992,912992,1.34346e+07
0,0,0,7.0889e+08,0,3.43976e+07,-912202,912202,1.34346e+07
0,0,0,7.0889e+08,0,3.44054e+07,-914639,914639,1.34346e+07
0,0,0,7.0889e+08,0,3.44095e+07,-914639,914639,1.34346e+07
0,0,0,7.0889e+08,0,3.44135e+07,-914639,914639,1.34346e+07
0,0,0,7.0889e+08,0,3.31935e+07,-914639,914639,1.34346e+07
0,0,0,7.0889e+08,0,3.31974e+07,-914639,914639,1.34346e+07
0,0,0,7.0889e+08,0,3.32013e+07,-914639,914639,1.34346e+07
0,0,0,7.0889e+08,0,3.32052e+07,-914639,914639,1.34346e+07
0,0,0,7.0889e+08,0,3.03733e+07,-914639,914639,1.34346e+07
0,0,0,7.0889e+08,0,3.03768e+07,-914639,914639,1.34346e+07
0,0,0,7.0889e+08,0,3.03804e+07,-914639,914639,1.34346e+07
0,0,0,7.0889e+08,0,3.03839e+07,-914639,914639,1.34346e+07
0,0,0,7.0889e+08,0,3.03875e+07,-914639,914639,1.34346e+07
0,0,0,7.0889e+08,0,3.13143e+07,-914639,914639,1.34346e+07
0,0,0,7.0889e+08,0,3.13177e+07,-914639,914639,1.34346e+07
0,0,0,7.0889e+08,0,3.13212e+07,-914639,914639,1.34346e+07
0,0,0,7.0889e+08,0,3.13246e+07,-914639,914639,1.34346e+07
0,0,0,7.0889e+08,0,3.45725e+07,-914639,914639,1.34346e+07
0,0,0,7.0889e+08,0,3.45763e+07,-914639,914639,1.34346e+07
0,0,0,7.0889e+08,0,3.45801e+07,-914639,914639,1.34346e+07
0,0,0,7.0889e+08,0,3.45838e+07,-914639,914639,1.34346e+07
0,0,0,7.0889e+08,0,3.012e+07,-914639,914639,1.34346e+07
0,0,0,7.0889e+08,0,3.01233e+07,-914639,914639,1.34346e+07
0,0,0,7.0889e+08,0,3.01266e+07,-914639,914639,1.34346e+07
0,0,0,7.0889e+08,0,3.01299e+07,-914639,914639,1.34346e+07
0,0,0,7.0889e+08,0,3.01332e+07,-914639,914639,1.34346e+07
0,0,0,7.0889e+08,0,3.12434e+07,-914639,914639,1.34346e+07
0,0,0,7.0889e+08,0,3.12468e+07,-914639,914639,1.34346e+07
0,0,0,7.0889e+08,0,3.12502e+07,-914639,914639,1.34346e+07
0,0,0,7.0889e+08,0,3.12536e+07,-914639,914639,1.34346e+07
0,0,0,7.0889e+08,0,3.08257e+07,-914639,914639,1.34346e+07
0,0,0,7.0889e+08,0,3.0829e+07,-914639,914639,1.34346e+07
0,0,0,7.0889e+08,0,3.08324e+07,-914639,914639,1.34346e+07
0,0,0,7.0889e+08,0,3.08358e+07,-914639,914639,1.34346e+07
0,0,0,7.0889e+08,0,3.23413e+07,-914639,914639,1.34346e+07
0,0,0,7.0889e+08,0,3.23448e+07,-914639,914639,1.34346e+07
0,0,0,7.0889e+08,0,3.23484e+07,-914639,914639,1.34346e+07
0,0,0,7.0889e+08,0,3.23519e+07,-914639,914639,1.34346e+07
0,0,0,7.0889e+08,0,3.23555e+07,-914639,914639,1.34346e+07
0,0,0,7.0889e+08,0,3.27129e+07,-914639,914639,1.34346e+07
0,0,0,7.0889e+08,0,3.27165e+07,-914639,914639,1.34346e+07
0,0,0,7.0889e+08,0,3.27201e+07,-914639,914639,1.34346e+07
0,0,0,7.0889e+08,0,3.27237e+07,-914639,914639,1.34346e+07
0,0,0,7.0889e+08,0,3.3477e+07,-914639,914639,1.34346e+07
0,0,0,7.0889e+08,0,3.34807e+07,-914639,914639,1.34346e+07
0,0,0,7.0889e+08,0,3.34843e+07,-914639,914639,1.34346e+07
0,0,0,7.0889e+08,0,3.3488e+07,-914639,914639,1.34346e+07
0,0,0,7.0889e+08,0,3.59792e+07,-914639,914639,1.34346e+07
0,0,0,7.0889e+08,0,3.5923e+07,-875991,875991,1.34346e+07
0,0,0,7.0889e+08,0,3.59258e+07,-875249,875249,1.34346e+07
0,0,0,7.0889e+08,0,3.59286e+07,-874507,874507,1.34346e+07
0,0,0,7.0889e+08,0,3.59314e+07,-873764,873764,1.34346e+07
0,0,0,7.0889e+08,0,3.45367e+07,-873022,873022,1.34346e+07
0,0,0,7.0889e+08,0,3.46052e+07,-914639,914639,1.34346e+07
0,0,0,7.0889e+08,0,3.4609e+07,-914639,914639,1.34346e+07
0,0,0,7.0889e+08,0,3.46128e+07,-914639,914639,1.34346e+07
0,0,0,7.0889e+08,0,3.33852e+07,-914639,914639,1.34346e+07
0,0,0,7.0889e+08,0,3.33889e+07,-914639,914639,1.34346e+07
0,0,0,7.0889e+08,0,3.33925e+07,-914639,914639,1.34346e+07
0,0,0,7.0889e+08,0,3.33962e+07,-914639,914639,1.34346e+07
0,0,0,7.0889e+08,0,3.0547e+07,-914639,914639,1.34346e+07
0,0,0,7.0889e+08,0,3.05504e+07,-914639,914639,1.34346e+07
0,0,0,7.0889e+08,0,3.05537e+07,-914639,914639,1.34346e+07
0,0,0,7.0889e+08,0,3.0557e+07,-914639,914639,1.34346e+07
0,0,0,7.0889e+08,0,3.05603e+07,-914639,914639,1.34346e+07
0,0,0,7.0889e+08,0,3.14925e+07,-914639,914639,1.34346e+07
0,0,0,7.0889e+08,3.9595e+07,3.14957e+07,-914639,914639,1.34346e+07
0,0,0,7.0889e+08,0,3.14989e+07,-914639,914639,1.34346e+07
0,0,0,7.0889e+08,0,3.15021e+07,-914639,914639,1.34346e+07
0,0,0,7.0889e+08,0,3.4769e+07,-914639,914639,1.34346e+07
0,0,0,7.0889e+08,0,3.47726e+07,-914639,914639,1.34346e+07
0,0,0,7.0889e+08,0,3.47761e+07,-914639,914639,1.34346e+07
0,0,0,7.0889e+08,0,3.47797e+07,-914639,914639,1.34346e+07
0,0,0,7.0889e+08,0,2.71904e+07,-4.01347e+06,4.01347e+06,1.51931e+07
0,0,0,7.0889e+08,0,3.02923e+07,-914639,914639,1.34346e+07
0,0,0,7.0889e+08,0,2.96755e+07,-1.53454e+06,1.53454e+06,1.34346e+07
0,0,0,7.0889e+08,0,3.02985e+07,-914639,914639,1.34346e+07
0,0,0,7.0889e+08,0,3.03016e+07,-914639,914639,1.34346e+07
0,0,0,7.0889e+08,0,3.14181e+07,-914639,914639,1.34346e+07
0,0,0,7.0889e+08,0,3.14213e+07,-914639,914639,1.34346e+07
0,0,0,7.0889e+08,0,3.14245e+07,-914639,914639,1.34346e+07
0,0,0,7.0889e+08,0,3.14277e+07,-914639,914639,1.34346e+07
0,0,0,7.0889e+08,0,3.0997e+07,-914639,914639,1.34346e+07
0,0,0,7.0889e+08,0,3.10002e+07,-914639,914639,1.34346e+07
0,0,0,7.0889e+08,0,3.10033e+07,-914639,914639,1.34346e+07
0,0,0,7.0889e+08,0,3.10065e+07,-914639,914639,1.34346e+07
0,0,0,7.0889e+08,0,3.25205e+07,-914639,914639,1.34346e+07
0,0,0,7.0889e+08,0,3.25238e+07,-914639,914639,1.34346e+07
0,0,0,7.0889e+08,0,3.25271e+07,-914639,914639,1.34346e+07
0,0,0,7.0889e+08,0,3.25304e+07,-914639,914639,1.34346e+07
0,0,0,7.0889e+08,0,3.25337e+07,-914639,914639,1.34346e+07
0,0,0,7.0889e+08,0,3.2893e+07,-914639,914639,1.34346e+07
0,0,0,7.0889e+08,0,3.28964e+07,-914639,914639,1.34346e+07
0,0,0,7.0889e+08,0,3.28997e+07,-914639,914639,1.34346e+07
0,0,0,7.0889e+08,0,3.29031e+07,-914639,914639,1.34346e+07
0,0,0,7.0889e+08,0,3.36605e+07,-914639,914639,1.34346e+07
0,0,0,7.0889e+08,0,3.36639e+07,-914639,914639,1.34346e+07
0,0,0,7.0889e+08,0,3.36674e+07,-914639,914639,1.34346e+07
0,0,0,7.0889e+08,0,3.36708e+07,-914639,914639,1.34346e+07
0,0,0,7.0889e+08,0,3.61759e+07,-914639,914639,1.34346e+07
0,0,0,7.0889e+08,0,3.60621e+07,-839068,839068,1.34346e+07
0,0,0,7.0889e+08,0,3.60647e+07,-838373,838373,1.34346e+07
0,0,0,7.0889e+08,0,3.60673e+07,-837678,837678,1.34346e+07
0,0,0,7.0889e+08,0,3.60699e+07,-836983,836983,1.34346e+07
0,0,0,7.0889e+08,0,3.46671e+07,-836287,836287,1.34346e+07
0,0,0,7.0889e+08,0,3.47926e+07,-914639,914639,1.34346e+07
0,0,0,7.0889e+08,0,3.47961e+07,-914639,914639,1.34346e+07
0,0,0,7.0889e+08,0,3.47997e+07,-914639,914639,1.34346e+07
0,0,0,7.0889e+08,0,3.35649e+07,-914639,914639,1.34346e+07
0,0,0,7.0889e+08,0,3.35683e+07,-914639,914639,1.34346e+07
0,0,0,7.0889e+08,0,3.35718e+07,-914639,914639,1.34346e+07
0,0,0,7.0889e+08,0,3.35752e+07,-914639,914639,1.34346e+07
0,0,0,7.0889e+08,0,3.07098e+07,-914639,914639,1.34346e+07
0,0,0,7.0889e+08,0,3.0713e+07,-914639,914639,1.34346e+07
0,0,0,7.0889e+08,0,3.07161e+07,-914639,914639,1.34346e+07
0,0,0,7.0889e+08,0,3.07192e+07,-914639,914639,1.34346e+07
0,0,0,7.0889e+08,0,3.07223e+07,-914639,914639,1.34346e+07
0,0,0,7.0889e+08,0,3.16594e+07,-914639,914639,1.34346e+07
0,0,0,7.17779e+08,0,3.16624e+07,-914639,914639,1.34346e+07
0,0,0,7.17779e+08,0,3.16654e+07,-914639,914639,1.34346e+07
0,0,0,7.17779e+08,0,3.16684e+07,-914639,914639,1.34346e+07
0,0,0,7.17779e+08,0,3.49531e+07,-914639,914639,1.34346e+07
0,0,0,7.17779e+08,0,3.49564e+07,-914639,914639,1.34346e+07
0,0,0,7.17779e+08,0,3.49597e+07,-914639,914639,1.34346e+07
0,0,0,7.17779e+08,0,3.49631e+07,-914639,914639,1.34346e+07
0,0,0,7.17779e+08,0,3.04477e+07,-914639,914639,1.34346e+07
0,0,0,7.17779e+08,0,3.04506e+07,-914639,914639,1.34346e+07
0,0,0,7.17779e+08,0,3.04535e+07,-914639,914639,1.34346e+07
0,0,0,7.17779e+08,0,3.04564e+07,-914639,914639,1.34346e+07
0,0,0,7.17779e+08,0,3.04592e+07,-914639,914639,1.34346e+07
0,0,0,7.17779e+08,0,3.15816e+07,-914639,914639,1.34346e+07
0,0,0,7.17779e+08,0,3.15846e+07,-914639,914639,1.34346e+07
0,0,0,7.17779e+08,0,3.15876e+07,-914639,914639,1.34346e+07
0,0,0,7.17779e+08,0,3.15906e+07,-914639,914639,1.34346e+07
0,0,0,7.17779e+08,0,3.11573e+07,-914639,914639,1.34346e+07
0,0,0,7.17779e+08,0,3.11603e+07,-914639,914639,1.34346e+07
0,0,0,7.17779e+08,0,3.11632e+07,-914639,914639,1.34346e+07
0,0,0,7.17779e+08,0,3.11661e+07,-914639,914639,1.34346e+07
0,0,0,7.17779e+08,0,3.26881e+07,-914639,914639,1.34346e+07
0,0,0,7.17779e+08,0,3.26912e+07,-914639,914639,1.34346e+07
0,0,0,7.17779e+08,0,3.26943e+07,-914639,914639,1.34346e+07
0,0,0,7.17779e+08,0,3.26974e+07,-914639,914639,1.34346e+07
0,0,0,7.17779e+08,0,3.27005e+07,-914639,914639,1.34346e+07
0,0,0,7.17779e+08,0,3.30614e+07,-914639,914639,1.34346e+07
0,0,0,7.17779e+08,0,3.30646e+07,-914639,914639,1.34346e+07
0,0,0,7.17779e+08,0,3.30677e+07,-914639,914639,1.34346e+07
0,0,0,7.17779e+08,0,3.30708e+07,-914639,914639,1.34346e+07
0,0,0,7.17779e+08,0,3.3832e+07,-914639,914639,1.34346e+07
0,0,0,7.17779e+08,0,3.38352e+07,-914639,914639,1.34346e+07
0,0,0,7.17779e+08,0,3.38384e+07,-914639,914639,1.34346e+07
0,0,0,7.17779e+08,0,3.38416e+07,-914639,914639,1.34346e+07
0,0,0,7.17779e+08,0,3.63598e+07,-914639,914639,1.34346e+07
0,0,0,7.17779e+08,0,3.6192e+07,-804560,804560,1.34346e+07
0,0,0,7.17779e+08,0,3.61944e+07,-803911,803911,1.34346e+07
0,0,0,7.17779e+08,0,3.61969e+07,-803262,803262,1.34346e+07
0,0,0,7.17779e+08,0,3.61993e+07,-802613,802613,1.34346e+07
0,0,0,7.17779e+08,0,3.4789e+07,-801964,801964,1.34346e+07
0,0,0,7.17779e+08,0,3.49676e+07,-914639,914639,1.34346e+07
0,0,0,7.17779e+08,0,3.49709e+07,-914639,914639,1.34346e+07
0,0,0,7.17779e+08,0,3.49742e+07,-914639,914639,1.34346e+07
0,0,0,7.17779e+08,0,3.37327e+07,-914639,914639,1.34346e+07
0,0,0,7.17779e+08,0,3.37359e+07,-914639,914639,1.34346e+07
0,0,0,7.17779e+08,0,3.37391e+07,-914639,914639,1.34346e+07
0,0,0,7.17779e+08,0,3.37423e+07,-914639,914639,1.34346e+07
0,0,0,7.17779e+08,0,3.08619e+07,-914639,914639,1.34346e+07
0,0,0,7.17779e+08,0,3.08648e+07,-914639,914639,1.34346e+07
0,0,0,7.17779e+08,0,3.08677e+07,-914639,914639,1.34346e+07
0,0,0,7.17779e+08,0,3.08706e+07,-914639,914639,1.34346e+07
0,0,0,7.17779e+08,0,3.08735e+07,-914639,914639,1.34346e+07
0,0,0,7.17779e+08,0,3.08735e+07,-914639,914639,1.34346e+07
0,0,0,7.17779e+08,9.50281e+06,3.18152e+07,-914639,914639,1.34346e+07
0,0,0,7.17779e+08,0,3.1818e+07,-914639,914639,1.34346e+07
0,0,0,7.17779e+08,0,3.18208e+07,-914639,914639,1.34346e+07
0,0,0,7.17779e+08,0,3.18236e+07,-914639,914639,1.34346e+07
0,0,0,7.17779e+08,0,3.51249e+07,-914639,914639,1.34346e+07
0,0,0,7.17779e+08,0,3.51279e+07,-914639,914639,1.34346e+07
0,0,0,7.17779e+08,0,3.5131e+07,-914639,914639,1.34346e+07
0,0,0,7.17779e+08,0,3.51341e+07,-914639,914639,1.34346e+07
0,0,0,7.17779e+08,0,3.05955e+07,-914639,914639,1.34346e+07
0,0,0,7.17779e+08,0,3.05982e+07,-914639,914639,1.34346e+07
0,0,0,7.17779e+08,0,3.06009e+07,-914639,914639,1.34346e+07
0,0,0,7.17779e+08,0,3.06035e+07,-914639,914639,1.34346e+07
0,0,0,7.17779e+08,0,3.06062e+07,-914639,914639,1.34346e+07
0,0,0,7.17779e+08,0,3.1734e+07,-914639,914639,1.34346e+07
0,0,0,7.17779e+08,0,3.17368e+07,-914639,914639,1.34346e+07
0,0,0,7.17779e+08,0,3.17396e+07,-914639,914639,1.34346e+07
0,0,0,7.17779e+08,0,3.17423e+07,-914639,914639,1.34346e+07
0,0,0,7.17779e+08,0,3.13067e+07,-914639,914639,1.34346e+07
0,0,0,7.17779e+08,0,3.13094e+07,-914639,914639,1.34346e+07
0,0,0,7.17779e+08,0,3.13122e+07,-914639,914639,1.34346e+07
0,0,0,7.17779e+08,0,3.13149e+07,-914639,914639,1.34346e+07
0,0,0,7.17779e+08,0,3.28442e+07,-914639,914639,1.34346e+07
0,0,0,7.17779e+08,0,3.28471e+07,-914639,914639,1.34346e+07
0,0,0,7.17779e+08,0,3.285e+07,-914639,914639,1.34346e+07
0,0,0,7.17779e+08,0,3.28529e+07,-914639,914639,1.34346e+07
0,0,0,7.17779e+08,0,3.28557e+07,-914639,914639,1.34346e+07
0,0,0,7.17779e+08,0,3.32182e+07,-914639,914639,1.34346e+07
0,0,0,7.17779e+08,0,3.32212e+07,-914639,914639,1.34346e+07
0,0,0,7.17779e+08,0,3.32241e+07,-914639,914639,1.34346e+07
0,0,0,7.17779e+08,0,3.3227e+07,-914639,914639,1.34346e+07
0,0,0,7.17779e+08,0,3.39917e+07,-914639,914639,1.34346e+07
0,0,0,7.17779e+08,0,3.39947e+07,-914639,914639,1.34346e+07
0,0,0,7.17779e+08,0,3.39976e+07,-914639,914639,1.34346e+07
0,0,0,7.17779e+08,0,3.40006e+07,-914639,914639,1.34346e+07
0,0,0,7.17779e+08,0,3.65308e+07,-914639,914639,1.34346e+07
0,0,0,7.17779e+08,0,3.6534e+07,-914639,914639,1.34346e+07
0,0,0,7.17779e+08,0,3.65373e+07,-914639,914639,1.34346e+07
0,0,0,7.17779e+08,0,3.65405e+07,-914639,914639,1.34346e+07
0,0,0,7.17779e+08,0,3.65437e+07,-914639,914639,1.34346e+07
0,0,0,7.17779e+08,0,3.51272e+07,-914639,914639,1.34346e+07
0,0,0,7.17779e+08,0,3.51303e+07,-914639,914639,1.34346e+07
0,0,0,7.17779e+08,0,3.51334e+07,-914639,914639,1.34346e+07
0,0,0,7.17779e+08,0,3.51365e+07,-914639,914639,1.34346e+07
0,0,0,7.17779e+08,0,3.38887e+07,-914639,914639,1.34346e+07
0,0,0,7.17779e+08,0,3.38917e+07,-914639,914639,1.34346e+07
0,0,0,7.17779e+08,0,3.38947e+07,-914639,914639,1.34346e+07
0,0,0,7.17779e+08,0,3.38976e+07,-914639,914639,1.34346e+07
0,0,0,7.17779e+08,0,2.78276e+07,-4.0901e+06,4.0901e+06,1.51931e+07
0,0,0,7.17779e+08,0,2.78301e+07,-4.09039e+06,4.09039e+06,1.51931e+07
0,0,0,7.17779e+08,0,2.78325e+07,-4.09068e+06,4.09068e+06,1.51931e+07
0,0,0,7.17779e+08,0,2.78349e+07,-4.09097e+06,4.09097e+06,1.51931e+07
0,0,0,7.17779e+08,0,2.78373e+07,-4.09126e+06,4.09126e+06,1.51931e+07
0,0,0,7.17779e+08,0,2.86817e+07,-4.19281e+06,4.19281e+06,1.51931e+07
0,0,0,7.17779e+08,0,2.8684e+07,-4.19309e+06,4.19309e+06,1.51931e+07
0,0,0,7.17779e+08,0,2.86863e+07,-4.19336e+06,4.19336e+06,1.51931e+07
0,0,0,7.17779e+08,0,2.86886e+07,-4.19364e+06,4.19364e+06,1.51931e+07
0,0,0,7.17779e+08,0,3.16492e+07,-4.54969e+06,4.54969e+06,1.51931e+07
0,0,0,7.17779e+08,0,3.16518e+07,-4.54999e+06,4.54999e+06,1.51931e+07
0,0,0,7.17779e+08,0,3.16543e+07,-4.5503e+06,4.5503e+06,1.51931e+07
0,0,0,7.17779e+08,0,3.16569e+07,-4.55061e+06,4.55061e+06,1.51931e+07
0,0,0,7.17779e+08,0,2.75862e+07,-4.06107e+06,4.06107e+06,1.51931e+07
0,0,0,7.17779e+08,0,2.75884e+07,-4.06133e+06,4.06133e+06,1.51931e+07
0,0,0,7.17779e+08,0,2.75906e+07,-4.0616e+06,4.0616e+06,1.51931e+07
0,0,0,7.17779e+08,0,2.75928e+07,-4.06186e+06,4.06186e+06,1.51931e+07
0,0,0,7.17779e+08,0,2.7595e+07,-4.06212e+06,4.06212e+06,1.51931e+07
0,0,0,7.17779e+08,0,2.86063e+07,-4.18374e+06,4.18374e+06,1.51931e+07
0,0,0,7.17779e+08,0,2.86086e+07,-4.18401e+06,4.18401e+06,1.51931e+07
0,0,0,7.17779e+08,0,2.86109e+07,-4.18429e+06,4.18429e+06,1.51931e+07
0,0,0,7.17779e+08,0,2.86132e+07,-4.18456e+06,4.18456e+06,1.51931e+07
0,0,0,7.17779e+08,0,2.82223e+07,-4.13756e+06,4.13756e+06,1.51931e+07
0,0,0,7.17779e+08,0,2.82245e+07,-4.13783e+06,4.13783e+06,1.51931e+07
0,0,0,7.17779e+08,0,2.82268e+07,-4.1381e+06,4.1381e+06,1.51931e+07
0,0,0,7.17779e+08,0,2.8229e+07,-4.13837e+06,4.13837e+06,1.51931e+07
0,0,0,7.17779e+08,0,2.96003e+07,-4.30328e+06,4.30328e+06,1.51931e+07
0,0,0,7.17779e+08,0,2.96026e+07,-4.30356e+06,4.30356e+06,1.51931e+07
0,0,0,7.17779e+08,0,2.9605e+07,-4.30385e+06,4.30385e+06,1.51931e+07
0,0,0,7.17779e+08,0,2.96074e+07,-4.30413e+06,4.30413e+06,1.51931e+07
0,0,0,7.17779e+08,0,2.96098e+07,-4.30442e+06,4.30442e+06,1.51931e+07
0,0,0,7.17779e+08,0,2.99346e+07,-4.34348e+06,4.34348e+06,1.51931e+07
0,0,0,7.17779e+08,0,2.9937e+07,-4.34377e+06,4.34377e+06,1.51931e+07
0,0,0,7.17779e+08,0,2.99394e+07,-4.34406e+06,4.34406e+06,1.51931e+07
0,0,0,7.17779e+08,0,3.26856e+07,-1.60058e+06,1.60058e+06,1.34346e+07
0,0,0,7.17779e+08,0,3.41394e+07,-914639,914639,1.34346e+07
0,0,0,7.17779e+08,0,3.41422e+07,-914639,914639,1.34346e+07
0,0,0,7.17779e+08,0,3.4145e+07,-914639,914639,1.34346e+07
0,0,0,7.17779e+08,0,3.41477e+07,-914639,914639,1.34346e+07
0,0,0,7.17779e+08,0,3.66891e+07,-914639,914639,1.34346e+07
0,0,0,7.17779e+08,0,3.6692e+07,-914639,914639,1.34346e+07
0,0,0,7.17779e+08,0,3.6695e+07,-914639,914639,1.34346e+07
0,0,0,7.17779e+08,0,3.6698e+07,-914639,914639,1.34346e+07
0,0,0,7.17779e+08,0,3.67009e+07,-914639,914639,1.34346e+07
0,0,0,7.17779e+08,0,3.52779e+07,-914639,914639,1.34346e+07
0,0,0,7.17779e+08,0,3.52807e+07,-914639,914639,1.34346e+07
0,0,0,7.17779e+08,0,3.52836e+07,-914639,914639,1.34346e+07
0,0,0,7.17779e+08,0,3.52864e+07,-914639,914639,1.34346e+07
0,0,0,7.17779e+08,0,3.33328e+07,-1.61478e+06,1.61478e+06,1.34346e+07
0,0,0,7.17779e+08,0,3.05346e+07,-4.41564e+06,4.41564e+06,1.51931e+07
0,0,0,7.17779e+08,0,3.05371e+07,-4.41594e+06,4.41594e+06,1.51931e+07
0,0,0,7.17779e+08,0,3.05395e+07,-4.41623e+06,4.41623e+06,1.51931e+07
0,0,0,7.17779e+08,0,2.79441e+07,-4.1041e+06,4.1041e+06,1.51931e+07
0,0,0,7.17779e+08,0,2.79463e+07,-4.10437e+06,4.10437e+06,1.51931e+07
0,0,0,7.17779e+08,0,2.79486e+07,-4.10464e+06,4.10464e+06,1.51931e+07
0,0,0,7.17779e+08,0,2.79508e+07,-4.10491e+06,4.10491e+06,1.51931e+07
0,0,0,7.17779e+08,0,2.7953e+07,-4.10518e+06,4.10518e+06,1.51931e+07
0,0,0,7.17779e+08,0,2.8801e+07,-4.20715e+06,4.20715e+06,1.51931e+07
0,0,0,7.17779e+08,0,2.88031e+07,-4.2074e+06,4.2074e+06,1.51931e+07
0,0,0,7.17779e+08,0,2.88052e+07,-4.20766e+06,4.20766e+06,1.51931e+07
0,0,0,7.17779e+08,0,2.88073e+07,-4.20791e+06,4.20791e+06,1.51931e+07
0,0,0,7.17779e+08,0,3.17806e+07,-4.56548e+06,4.56548e+06,1.51931e+07
0,0,0,7.17779e+08,0,3.17829e+07,-4.56576e+06,4.56576e+06,1.51931e+07
0,0,0,7.17779e+08,0,3.17852e+07,-4.56604e+06,4.56604e+06,1.51931e+07
0,0,0,7.17779e+08,0,3.17876e+07,-4.56632e+06,4.56632e+06,1.51931e+07
0,0,0,7.17779e+08,0,2.76991e+07,-4.07464e+06,4.07464e+06,1.51931e+07
0,0,0,7.17779e+08,0,2.77012e+07,-4.07489e+06,4.07489e+06,1.51931e+07
0,0,0,7.17779e+08,0,2.77032e+07,-4.07513e+06,4.07513e+06,1.51931e+07
0,0,0,7.17779e+08,0,2.77052e+07,-4.07537e+06,4.07537e+06,1.51931e+07
0,0,0,7.17779e+08,0,2.77072e+07,-4.07562e+06,4.07562e+06,1.51931e+07
0,0,0,7.17779e+08,0,2.87226e+07,-4.19773e+06,4.19773e+06,1.51931e+07
0,0,0,7.17779e+08,0,2.87247e+07,-4.19798e+06,4.19798e+06,1.51931e+07
0,0,0,7.17779e+08,0,2.87268e+07,-4.19823e+06,4.19823e+06,1.51931e+07
0,0,0,7.17779e+08,0,2.87289e+07,-4.19848e+06,4.19848e+06,1.51931e+07
0,0,0,7.17779e+08,0,3.15728e+07,-914639,914639,1.34346e+07
0,0,0,7.17779e+08,0,3.15751e+07,-914639,914639,1.34346e+07
0,0,0,7.17779e+08,0,3.15774e+07,-914639,914639,1.34346e+07
0,0,0,7.17779e+08,0,3.15797e+07,-914639,914639,1.34346e+07
0,0,0,7.17779e+08,0,3.31221e+07,-914639,914639,1.34346e+07
0,0,0,7.17779e+08,0,3.31246e+07,-914639,914639,1.34346e+07
0,0,0,7.17779e+08,0,3.3127e+07,-914639,914639,1.34346e+07
0,0,0,7.17779e+08,0,3.31294e+07,-914639,914639,1.34346e+07
0,0,0,7.17779e+08,0,3.31319e+07,-914639,914639,1.34346e+07
0,0,0,7.17779e+08,0,3.34971e+07,-914639,914639,1.34346e+07
0,0,0,7.17779e+08,0,3.34995e+07,-914639,914639,1.34346e+07
0,0,0,7.17779e+08,0,3.3502e+07,-914639,914639,1.34346e+07
0,0,0,7.17779e+08,0,3.35045e+07,-914639,914639,1.34346e+07
0,0,0,7.17779e+08,0,3.42754e+07,-914639,914639,1.34346e+07
0,0,0,7.17779e+08,0,3.42779e+07,-914639,914639,1.34346e+07
0,0,0,7.17779e+08,0,3.42804e+07,-914639,914639,1.34346e+07
0,0,0,7.17779e+08,0,3.42829e+07,-914639,914639,1.34346e+07
0,0,0,7.17779e+08,0,3.68346e+07,-914639,914639,1.34346e+07
0,0,0,7.17779e+08,0,3.68373e+07,-914639,914639,1.34346e+07
0,0,0,7.17779e+08,0,3.684e+07,-914639,914639,1.34346e+07
0,0,0,7.17779e+08,0,3.68427e+07,-914639,914639,1.34346e+07
0,0,0,7.17779e+08,0,3.68454e+07,-914639,914639,1.34346e+07
0,0,0,7.17779e+08,0,3.54163e+07,-914639,914639,1.34346e+07
0,0,0,7.17779e+08,0,3.54189e+07,-914639,914639,1.34346e+07
0,0,0,7.17779e+08,0,3.54215e+07,-914639,914639,1.34346e+07
0,0,0,7.17779e+08,0,3.54241e+07,-914639,914639,1.34346e+07
0,0,0,7.17779e+08,0,3.41653e+07,-914639,914639,1.34346e+07
0,0,0,7.17779e+08,0,3.41678e+07,-914639,914639,1.34346e+07
0,0,0,7.17779e+08,0,3.41703e+07,-914639,914639,1.34346e+07
0,0,0,7.17779e+08,0,3.41728e+07,-914639,914639,1.34346e+07
0,0,0,7.17779e+08,0,3.12533e+07,-914639,914639,1.34346e+07
0,0,0,7.17779e+08,0,3.12556e+07,-914639,914639,1.34346e+07
0,0,0,7.17779e+08,0,3.12579e+07,-914639,914639,1.34346e+07
0,0,0,7.17779e+08,0,3.12602e+07,-914639,914639,1.34346e+07
0,0,0,7.17779e+08,0,3.12625e+07,-914639,914639,1.34346e+07
0,0,0,7.17779e+08,0,3.2216e+07,-914639,914639,1.34346e+07
0,0,0,7.17779e+08,0,2.89122e+07,-4.22053e+06,4.22053e+06,1.51931e+07
0,0,0,7.17779e+08,0,3.22203e+07,-914639,914639,1.34346e+07
0,0,0,7.17779e+08,0,2.8916e+07,-4.22099e+06,4.22099e+06,1.51931e+07
0,0,0,7.17779e+08,0,3.19009e+07,-4.57996e+06,4.57996e+06,1.51931e+07
0,0,0,7.17779e+08,0,3.19031e+07,-4.58021e+06,4.58021e+06,1.51931e+07
0,0,0,7.17779e+08,0,3.19052e+07,-4.58047e+06,4.58047e+06,1.51931e+07
0,0,0,7.17779e+08,0,3.19073e+07,-4.58073e+06,4.58073e+06,1.51931e+07
0,0,0,7.17779e+08,0,2.78026e+07,-4.08708e+06,4.08708e+06,1.51931e+07
0,0,0,7.17779e+08,0,2.78044e+07,-4.08731e+06,4.08731e+06,1.51931e+07
0,0,0,7.17779e+08,0,2.78063e+07,-4.08753e+06,4.08753e+06,1.51931e+07
0,0,0,7.17779e+08,0,2.78081e+07,-4.08775e+06,4.08775e+06,1.51931e+07
0,0,0,7.17779e+08,0,2.78099e+07,-4.08797e+06,4.08797e+06,1.51931e+07
0,0,0,7.17779e+08,0,2.88291e+07,-4.21054e+06,4.21054e+06,1.51931e+07
0,0,0,7.17779e+08,0,2.8831e+07,-4.21076e+06,4.21076e+06,1.51931e+07
0,0,0,7.17779e+08,0,2.88329e+07,-4.21099e+06,4.21099e+06,1.51931e+07
0,0,0,7.17779e+08,0,2.88348e+07,-4.21122e+06,4.21122e+06,1.51931e+07
0,0,0,7.17779e+08,0,2.84404e+07,-4.16379e+06,4.16379e+06,1.51931e+07
0,0,0,7.17779e+08,0,2.84423e+07,-4.16401e+06,4.16401e+06,1.51931e+07
0,0,0,7.17779e+08,0,2.84441e+07,-4.16424e+06,4.16424e+06,1.51931e+07
0,0,0,7.17779e+08,0,2.8446e+07,-4.16447e+06,4.16447e+06,1.51931e+07
0,0,0,7.17779e+08,0,3.25608e+07,-1.59784e+06,1.59784e+06,1.34346e+07
0,0,0,7.17779e+08,0,2.98299e+07,-4.3309e+06,4.3309e+06,1.51931e+07
0,0,0,7.17779e+08,0,2.98319e+07,-4.33114e+06,4.33114e+06,1.51931e+07
0,0,0,7.17779e+08,0,3.32506e+07,-914639,914639,1.34346e+07
0,0,0,7.17779e+08,0,3.32529e+07,-914639,914639,1.34346e+07
0,0,0,7.17779e+08,0,3.36192e+07,-914639,914639,1.34346e+07
0,0,0,7.17779e+08,0,3.36215e+07,-914639,914639,1.34346e+07
0,0,0,7.17779e+08,0,3.36237e+07,-914639,914639,1.34346e+07
0,0,0,7.17779e+08,0,3.3626e+07,-914639,914639,1.34346e+07
0,0,0,7.17779e+08,0,3.43995e+07,-914639,914639,1.34346e+07
0,0,0,7.17779e+08,0,3.44018e+07,-914639,914639,1.34346e+07
0,0,0,7.17779e+08,0,3.44041e+07,-914639,914639,1.34346e+07
0,0,0,7.17779e+08,0,3.44064e+07,-914639,914639,1.34346e+07
0,0,0,7.17779e+08,0,3.69674e+07,-914639,914639,1.34346e+07
0,0,0,7.17779e+08,0,3.69699e+07,-914639,914639,1.34346e+07
0,0,0,7.17779e+08,0,3.69724e+07,-914639,914639,1.34346e+07
0,0,0,7.17779e+08,0,3.69748e+07,-914639,914639,1.34346e+07
0,0,0,7.17779e+08,0,3.69773e+07,-914639,914639,1.34346e+07
0,0,0,7.17779e+08,0,3.55426e+07,-914639,914639,1.34346e+07
0,0,0,7.17779e+08,0,3.5545e+07,-914639,914639,1.34346e+07
0,0,0,7.17779e+08,0,3.55474e+07,-914639,914639,1.34346e+07
0,0,0,7.17779e+08,0,3.18862e+07,-4.57819e+06,4.57819e+06,1.51931e+07
0,0,0,7.17779e+08,0,3.07581e+07,-4.44252e+06,4.44252e+06,1.51931e+07
0,0,0,7.17779e+08,0,3.07602e+07,-4.44277e+06,4.44277e+06,1.51931e+07
0,0,0,7.17779e+08,0,3.07622e+07,-4.44301e+06,4.44301e+06,1.51931e+07
0,0,0,7.17779e+08,0,3.07643e+07,-4.44326e+06,4.44326e+06,1.51931e+07
0,0,0,7.17779e+08,0,2.81484e+07,-4.12868e+06,4.12868e+06,1.51931e+07
0,0,0,7.17779e+08,0,2.81503e+07,-4.1289e+06,4.1289e+06,1.51931e+07
0,0,0,7.17779e+08,0,2.81522e+07,-4.12912e+06,4.12912e+06,1.51931e+07
0,0,0,7.17779e+08,0,2.8154e+07,-4.12935e+06,4.12935e+06,1.51931e+07
0,0,0,7.17779e+08,0,2.81559e+07,-4.12957e+06,4.12957e+06,1.51931e+07
0,0,0,7.17779e+08,0,2.90099e+07,-4.23228e+06,4.23228e+06,1.51931e+07
0,0,0,7.17779e+08,1.18785e+06,2.90116e+07,-4.23248e+06,4.23248e+06,1.51931e+07
0,0,0,7.17779e+08,0,2.90133e+07,-4.23269e+06,4.23269e+06,1.51931e+07
0,0,0,7.17779e+08,0,2.90151e+07,-4.2329e+06,4.2329e+06,1.51931e+07
0,0,0,7.17779e+08,0,3.20105e+07,-4.59314e+06,4.59314e+06,1.51931e+07
0,0,0,7.17779e+08,0,3.20124e+07,-4.59337e+06,4.59337e+06,1.51931e+07
0,0,0,7.17779e+08,0,3.20143e+07,-4.5936e+06,4.5936e+06,1.51931e+07
0,0,0,7.17779e+08,0,3.20163e+07,-4.59383e+06,4.59383e+06,1.51931e+07
0,0,0,7.17779e+08,0,2.78967e+07,-4.0984e+06,4.0984e+06,1.51931e+07
0,0,0,7.17779e+08,0,2.78983e+07,-4.0986e+06,4.0986e+06,1.51931e+07
0,0,0,7.17779e+08,0,3.10842e+07,-914639,914639,1.34346e+07
0,0,0,7.17779e+08,0,3.1086e+07,-914639,914639,1.34346e+07
0,0,0,7.17779e+08,0,3.10879e+07,-914639,914639,1.34346e+07
0,0,0,7.17779e+08,0,3.22334e+07,-914639,914639,1.34346e+07
0,0,0,7.17779e+08,0,3.22354e+07,-914639,914639,1.34346e+07
0,0,0,7.17779e+08,0,3.22373e+07,-914639,914639,1.34346e+07
0,0,0,7.17779e+08,0,3.22392e+07,-914639,914639,1.34346e+07
0,0,0,7.17779e+08,0,3.17956e+07,-914639,914639,1.34346e+07
0,0,0,7.17779e+08,0,3.17975e+07,-914639,914639,1.34346e+07
0,0,0,7.17779e+08,0,3.17994e+07,-914639,914639,1.34346e+07
0,0,0,7.17779e+08,0,3.18013e+07,-914639,914639,1.34346e+07
0,0,0,7.17779e+08,0,3.33546e+07,-914639,914639,1.34346e+07
0,0,0,7.17779e+08,0,3.33566e+07,-914639,914639,1.34346e+07
0,0,0,7.17779e+08,0,3.33586e+07,-914639,914639,1.34346e+07
0,0,0,7.17779e+08,0,3.33606e+07,-914639,914639,1.34346e+07
0,0,0,7.17779e+08,0,3.33626e+07,-914639,914639,1.34346e+07
0,0,0,7.17779e+08,0,3.373e+07,-914639,914639,1.34346e+07
0,0,0,7.17779e+08,0,3.3732e+07,-914639,914639,1.34346e+07
0,0,0,7.17779e+08,0,3.3734e+07,-914639,914639,1.34346e+07
0,0,0,7.17779e+08,0,3.37361e+07,-914639,914639,1.34346e+07
0,0,0,7.17779e+08,0,3.4512e+07,-914639,914639,1.34346e+07
0,0,0,7.17779e+08,0,3.45141e+07,-914639,914639,1.34346e+07
0,0,0,7.17779e+08,0,3.45162e+07,-914639,914639,1.34346e+07
0,0,0,7.17779e+08,0,3.45183e+07,-914639,914639,1.34346e+07
0,0,0,7.17779e+08,0,3.70877e+07,-914639,914639,1.34346e+07
0,0,0,7.17779e+08,0,3.70899e+07,-914639,914639,1.34346e+07
0,0,0,7.17779e+08,0,3.70921e+07,-914639,914639,1.34346e+07
0,0,0,7.17779e+08,0,3.70944e+07,-914639,914639,1.34346e+07
0,0,0,7.17779e+08,0,3.70966e+07,-914639,914639,1.34346e+07
0,0,0,7.17779e+08,0,3.56569e+07,-914639,914639,1.34346e+07
0,0,0,7.17779e+08,0,3.5659e+07,-914639,914639,1.34346e+07
0,0,0,7.17779e+08,0,3.56611e+07,-914639,914639,1.34346e+07
0,0,0,7.17779e+08,0,3.56633e+07,-914639,914639,1.34346e+07
0,0,0,7.17779e+08,0,3.43951e+07,-914639,914639,1.34346e+07
0,0,0,7.17779e+08,0,3.43972e+07,-914639,914639,1.34346e+07
0,0,0,7.17779e+08,0,3.43992e+07,-914639,914639,1.34346e+07
0,0,0,7.17779e+08,0,3.44013e+07,-914639,914639,1.34346e+07
0,0,0,7.17779e+08,0,3.1461e+07,-914639,914639,1.34346e+07
0,0,0,7.17779e+08,0,3.14629e+07,-914639,914639,1.34346e+07
0,0,0,7.17779e+08,0,3.14648e+07,-914639,914639,1.34346e+07
0,0,0,7.17779e+08,0,3.14667e+07,-914639,914639,1.34346e+07
0,0,0,7.17779e+08,0,3.14685e+07,-914639,914639,1.34346e+07
0,0,0,7.17779e+08,0,3.24282e+07,-914639,914639,1.34346e+07
0,0,0,7.17779e+08,0,3.24299e+07,-914639,914639,1.34346e+07
0,0,0,7.17779e+08,0,3.24316e+07,-914639,914639,1.34346e+07
0,0,0,7.17779e+08,0,3.24333e+07,-914639,914639,1.34346e+07
0,0,0,7.17779e+08,0,3.57996e+07,-914639,914639,1.34346e+07
0,0,0,7.17779e+08,0,3.58015e+07,-914639,914639,1.34346e+07
0,0,0,7.17779e+08,0,3.58034e+07,-914639,914639,1.34346e+07
0,0,0,7.17779e+08,0,3.58053e+07,-914639,914639,1.34346e+07
0,0,0,7.17779e+08,0,3.11753e+07,-914639,914639,1.34346e+07
0,0,0,7.17779e+08,0,3.1177e+07,-914639,914639,1.34346e+07
0,0,0,7.17779e+08,0,3.11786e+07,-914639,914639,1.34346e+07
0,0,0,7.17779e+08,0,3.05414e+07,-1.55354e+06,1.55354e+06,1.34346e+07
0,0,0,7.17779e+08,0,2.79873e+07,-4.1093e+06,4.1093e+06,1.51931e+07
0,0,0,7.17779e+08,0,3.23309e+07,-914639,914639,1.34346e+07
0,0,0,7.17779e+08,0,3.23326e+07,-914639,914639,1.34346e+07
0,0,0,7.17779e+08,0,3.23344e+07,-914639,914639,1.34346e+07
0,0,0,7.17779e+08,0,3.23361e+07,-914639,914639,1.34346e+07
0,0,0,7.17779e+08,0,3.18908e+07,-914639,914639,1.34346e+07
0,0,0,7.17779e+08,0,3.18925e+07,-914639,914639,1.34346e+07
0,0,0,7.17779e+08,0,3.18942e+07,-914639,914639,1.34346e+07
0,0,0,7.17779e+08,0,3.18959e+07,-914639,914639,1.34346e+07
0,0,0,7.17779e+08,0,3.34538e+07,-914639,914639,1.34346e+07
0,0,0,7.17779e+08,0,3.34556e+07,-914639,914639,1.34346e+07
0,0,0,7.17779e+08,0,3.34574e+07,-914639,914639,1.34346e+07
0,0,0,7.17779e+08,0,3.34591e+07,-914639,914639,1.34346e+07
0,0,0,7.17779e+08,0,3.34609e+07,-914639,914639,1.34346e+07
0,0,0,7.17779e+08,0,3.38293e+07,-914639,914639,1.34346e+07
0,0,0,7.17779e+08,0,3.38311e+07,-914639,914639,1.34346e+07
0,0,0,7.17779e+08,0,3.38329e+07,-914639,914639,1.34346e+07
0,0,0,7.17779e+08,0,3.38347e+07,-914639,914639,1.34346e+07
0,0,0,7.17779e+08,0,3.46128e+07,-914639,914639,1.34346e+07
0,0,0,7.17779e+08,0,3.46146e+07,-914639,914639,1.34346e+07
0,0,0,7.17779e+08,0,3.46165e+07,-914639,914639,1.34346e+07
0,0,0,7.17779e+08,0,3.46183e+07,-914639,914639,1.34346e+07
0,0,0,7.17779e+08,0,3.71952e+07,-914639,914639,1.34346e+07
0,0,0,7.17779e+08,0,3.71972e+07,-914639,914639,1.34346e+07
0,0,0,7.17779e+08,0,3.71992e+07,-914639,914639,1.34346e+07
0,0,0,7.17779e+08,0,3.72012e+07,-914639,914639,1.34346e+07
0,0,0,7.17779e+08,0,3.72032e+07,-914639,914639,1.34346e+07
0,0,0,7.17779e+08,0,3.20729e+07,-4.60064e+06,4.60064e+06,1.51931e+07
0,0,0,7.17779e+08,0,3.57608e+07,-914639,914639,1.34346e+07
0,0,0,7.17779e+08,0,3.57627e+07,-914639,914639,1.34346e+07
0,0,0,7.17779e+08,0,3.2078e+07,-4.60125e+06,4.60125e+06,1.51931e+07
0,0,0,7.17779e+08,0,3.09424e+07,-4.46468e+06,4.46468e+06,1.51931e+07
0,0,0,7.17779e+08,0,3.09441e+07,-4.46488e+06,4.46488e+06,1.51931e+07
0,0,0,7.17779e+08,0,3.09457e+07,-4.46508e+06,4.46508e+06,1.51931e+07
0,0,0,7.17779e+08,0,3.09473e+07,-4.46528e+06,4.46528e+06,1.51931e+07
0,0,0,7.17779e+08,0,2.83148e+07,-4.14869e+06,4.14869e+06,1.51931e+07
0,0,0,7.17779e+08,0,2.83163e+07,-4.14887e+06,4.14887e+06,1.51931e+07
0,0,0,7.17779e+08,0,2.83178e+07,-4.14905e+06,4.14905e+06,1.51931e+07
0,0,0,7.17779e+08,0,2.83193e+07,-4.14923e+06,4.14923e+06,1.51931e+07
0,0,0,7.17779e+08,0,2.83208e+07,-4.1494e+06,4.1494e+06,1.51931e+07
0,0,0,7.17779e+08,0,2.83208e+07,-4.1494e+06,4.1494e+06,1.51931e+07
0,0,0,7.17779e+08,0,2.91797e+07,-4.2527e+06,4.2527e+06,1.51931e+07
0,0,0,7.17779e+08,0,2.9181e+07,-4.25286e+06,4.25286e+06,1.51931e+07
0,0,0,7.17779e+08,0,2.91824e+07,-4.25302e+06,4.25302e+06,1.51931e+07
0,0,0,7.17779e+08,0,2.91837e+07,-4.25318e+06,4.25318e+06,1.51931e+07
0,0,0,7.17779e+08,0,3.2197e+07,-4.61557e+06,4.61557e+06,1.51931e+07
0,0,0,7.17779e+08,0,3.21985e+07,-4.61575e+06,4.61575e+06,1.51931e+07
0,0,0,7.17779e+08,0,3.22e+07,-4.61593e+06,4.61593e+06,1.51931e+07
0,0,0,7.17779e+08,0,3.22015e+07,-4.61611e+06,4.61611e+06,1.51931e+07
0,0,0,7.17779e+08,0,2.80566e+07,-4.11764e+06,4.11764e+06,1.51931e+07
0,0,0,7.17779e+08,0,2.80579e+07,-4.11779e+06,4.11779e+06,1.51931e+07
0,0,0,7.17779e+08,0,2.80592e+07,-4.11795e+06,4.11795e+06,1.51931e+07
0,0,0,7.17779e+08,0,2.80605e+07,-4.1181e+06,4.1181e+06,1.51931e+07
0,0,0,7.17779e+08,0,3.12654e+07,-914639,914639,1.34346e+07
0,0,0,7.17779e+08,0,3.24174e+07,-914639,914639,1.34346e+07
0,0,0,7.17779e+08,0,3.24189e+07,-914639,914639,1.34346e+07
0,0,0,7.17779e+08,0,3.24204e+07,-914639,914639,1.34346e+07
0,0,0,7.17779e+08,0,3.24219e+07,-914639,914639,1.34346e+07
0,0,0,7.17779e+08,0,3.19752e+07,-914639,914639,1.34346e+07
0,0,0,7.17779e+08,0,3.19767e+07,-914639,914639,1.34346e+07
0,0,0,7.17779e+08,0,3.19782e+07,-914639,914639,1.34346e+07
0,0,0,7.17779e+08,0,3.19797e+07,-914639,914639,1.34346e+07
0,0,0,7.17779e+08,0,3.35417e+07,-914639,914639,1.34346e+07
0,0,0,7.17779e+08,0,3.35432e+07,-914639,914639,1.34346e+07
0,0,0,7.17779e+08,0,3.35448e+07,-914639,914639,1.34346e+07
0,0,0,7.17779e+08,0,3.35463e+07,-914639,914639,1.34346e+07
0,0,0,7.17779e+08,0,3.35479e+07,-914639,914639,1.34346e+07
0,0,0,7.17779e+08,0,3.3917e+07,-914639,914639,1.34346e+07
0,0,0,7.17779e+08,0,3.39186e+07,-914639,914639,1.34346e+07
0,0,0,7.17779e+08,0,3.39202e+07,-914639,914639,1.34346e+07
0,0,0,7.17779e+08,0,3.39217e+07,-914639,914639,1.34346e+07
0,0,0,7.17779e+08,0,3.47017e+07,-914639,914639,1.34346e+07
0,0,0,7.17779e+08,0,3.47033e+07,-914639,914639,1.34346e+07
0,0,0,7.17779e+08,0,3.4705e+07,-914639,914639,1.34346e+07
0,0,0,7.17779e+08,0,3.47066e+07,-914639,914639,1.34346e+07
0,0,0,7.17779e+08,0,3.72901e+07,-914639,914639,1.34346e+07
0,0,0,7.17779e+08,0,3.72918e+07,-914639,914639,1.34346e+07
0,0,0,7.17779e+08,0,3.72936e+07,-914639,914639,1.34346e+07
0,0,0,7.17779e+08,0,3.72953e+07,-914639,914639,1.34346e+07
0,0,0,7.17779e+08,0,3.72971e+07,-914639,914639,1.34346e+07
0,0,0,7.17779e+08,0,3.58487e+07,-914639,914639,1.34346e+07
0,0,0,7.17779e+08,0,3.58504e+07,-914639,914639,1.34346e+07
0,0,0,7.17779e+08,0,3.58521e+07,-914639,914639,1.34346e+07
0,0,0,7.17779e+08,0,3.58538e+07,-914639,914639,1.34346e+07
0,0,0,7.17779e+08,0,3.45781e+07,-914639,914639,1.34346e+07
0,0,0,7.17779e+08,0,3.45797e+07,-914639,914639,1.34346e+07
0,0,0,7.17779e+08,0,3.45813e+07,-914639,914639,1.34346e+07
0,0,0,7.17779e+08,0,3.45829e+07,-914639,914639,1.34346e+07
0,0,0,7.17779e+08,0,3.1626e+07,-914639,914639,1.34346e+07
0,0,0,7.17779e+08,0,3.16275e+07,-914639,914639,1.34346e+07
0,0,0,7.17779e+08,0,3.16289e+07,-914639,914639,1.34346e+07
0,0,0,7.17779e+08,0,3.16304e+07,-914639,914639,1.34346e+07
0,0,0,7.17779e+08,0,3.16319e+07,-914639,914639,1.34346e+07
0,0,0,7.17779e+08,0,3.25963e+07,-914639,914639,1.34346e+07
0,0,0,7.17779e+08,0,3.25976e+07,-914639,914639,1.34346e+07
0,0,0,7.17779e+08,0,3.25989e+07,-914639,914639,1.34346e+07
0,0,0,7.17779e+08,0,3.26002e+07,-914639,914639,1.34346e+07
0,0,0,7.17779e+08,0,3.59841e+07,-914639,914639,1.34346e+07
0,0,0,7.17779e+08,0,3.59856e+07,-914639,914639,1.34346e+07
0,0,0,7.17779e+08,0,3.5987e+07,-914639,914639,1.34346e+07
0,0,0,7.17779e+08,0,3.59884e+07,-914639,914639,1.34346e+07
0,0,0,7.17779e+08,0,3.13334e+07,-914639,914639,1.34346e+07
0,0,0,7.17779e+08,0,3.13346e+07,-914639,914639,1.34346e+07
0,0,0,7.17779e+08,0,3.13359e+07,-914639,914639,1.34346e+07
0,0,0,7.17779e+08,0,3.13371e+07,-914639,914639,1.34346e+07
0,0,0,7.17779e+08,0,3.13384e+07,-914639,914639,1.34346e+07
0,0,0,7.17779e+08,0,3.24929e+07,-914639,914639,1.34346e+07
0,0,0,7.17779e+08,0,3.24942e+07,-914639,914639,1.34346e+07
0,0,0,7.17779e+08,0,3.24955e+07,-914639,914639,1.34346e+07
0,0,0,7.17779e+08,0,3.24968e+07,-914639,914639,1.34346e+07
0,0,0,7.17779e+08,0,3.20488e+07,-914639,914639,1.34346e+07
0,0,0,7.17779e+08,0,3.20501e+07,-914639,914639,1.34346e+07
0,0,0,7.17779e+08,0,3.20514e+07,-914639,914639,1.34346e+07
0,0,0,7.17779e+08,0,3.20527e+07,-914639,914639,1.34346e+07
0,0,0,7.17779e+08,0,3.36181e+07,-914639,914639,1.34346e+07
0,0,0,7.17779e+08,0,3.36195e+07,-914639,914639,1.34346e+07
0,0,0,7.17779e+08,0,3.36208e+07,-914639,914639,1.34346e+07
0,0,0,7.17779e+08,0,3.36222e+07,-914639,914639,1.34346e+07
0,0,0,7.17779e+08,0,3.36235e+07,-914639,914639,1.34346e+07
0,0,0,7.17779e+08,0,3.39933e+07,-914639,914639,1.34346e+07
0,0,0,7.17779e+08,0,3.39946e+07,-914639,914639,1.34346e+07
0,0,0,7.17779e+08,0,3.3996e+07,-914639,914639,1.34346e+07
0,0,0,7.17779e+08,0,3.39974e+07,-914639,914639,1.34346e+07
0,0,0,7.17779e+08,0,3.47789e+07,-914639,914639,1.34346e+07
0,0,0,7.17779e+08,0,3.47803e+07,-914639,914639,1.34346e+07
0,0,0,7.17779e+08,0,3.47817e+07,-914639,914639,1.34346e+07
0,0,0,7.17779e+08,0,3.47831e+07,-914639,914639,1.34346e+07
0,0,0,7.17779e+08,0,3.73723e+07,-914639,914639,1.34346e+07
0,0,0,7.17779e+08,0,3.73738e+07,-914639,914639,1.34346e+07
0,0,0,7.17779e+08,0,3.73753e+07,-914639,914639,1.34346e+07
0,0,0,7.17779e+08,0,3.73768e+07,-914639,914639,1.34346e+07
0,0,0,7.17779e+08,0,3.73783e+07,-914639,914639,1.34346e+07
0,0,0,7.17779e+08,0,3.59265e+07,-914639,914639,1.34346e+07
0,0,0,7.17779e+08,0,3.59279e+07,-914639,914639,1.34346e+07
0,0,0,7.17779e+08,0,3.59294e+07,-914639,914639,1.34346e+07
0,0,0,7.17779e+08,0,3.59308e+07,-914639,914639,1.34346e+07
0,0,0,7.17779e+08,0,3.4652e+07,-914639,914639,1.34346e+07
0,0,0,7.17779e+08,0,3.46534e+07,-914639,914639,1.34346e+07
0,0,0,7.17779e+08,0,3.46548e+07,-914639,914639,1.34346e+07
0,0,0,7.17779e+08,0,3.46562e+07,-914639,914639,1.34346e+07
0,0,0,7.17779e+08,0,3.16926e+07,-914639,914639,1.34346e+07
0,0,0,7.17779e+08,0,3.16938e+07,-914639,914639,1.34346e+07
0,0,0,7.17779e+08,0,3.16951e+07,-914639,914639,1.34346e+07
0,0,0,7.17779e+08,0,3.16963e+07,-914639,914639,1.34346e+07
0,0,0,7.17779e+08,0,3.16976e+07,-914639,914639,1.34346e+07
0,0,0,7.17779e+08,0,3.26639e+07,-914639,914639,1.34346e+07
0,0,0,7.17779e+08,0,3.2665e+07,-914639,914639,1.34346e+07
0,0,0,7.17779e+08,0,3.26661e+07,-914639,914639,1.34346e+07
0,0,0,7.17779e+08,0,3.26672e+07,-914639,914639,1.34346e+07
0,0,0,7.17779e+08,0,3.60581e+07,-914639,914639,1.34346e+07
0,0,0,7.17779e+08,0,3.60593e+07,-914639,914639,1.34346e+07
0,0,0,7.17779e+08,0,3.60606e+07,-914639,914639,1.34346e+07
0,0,0,7.17779e+08,0,3.60618e+07,-914639,914639,1.34346e+07
0,0,0,7.17779e+08,0,3.13966e+07,-914639,914639,1.34346e+07
0,0,0,7.17779e+08,0,3.13977e+07,-914639,914639,1.34346e+07
0,0,0,7.17779e+08,0,3.13987e+07,-914639,914639,1.34346e+07
0,0,0,7.17779e+08,0,3.13998e+07,-914639,914639,1.34346e+07
0,0,0,7.17779e+08,0,3.14008e+07,-914639,914639,1.34346e+07
0,0,0,7.17779e+08,0,3.25576e+07,-914639,914639,1.34346e+07
0,0,0,7.17779e+08,0,3.25587e+07,-914639,914639,1.34346e+07
0,0,0,7.17779e+08,0,3.25598e+07,-914639,914639,1.34346e+07
0,0,0,7.17779e+08,0,3.25608e+07,-914639,914639,1.34346e+07
0,0,0,7.17779e+08,0,3.21117e+07,-914639,914639,1.34346e+07
0,0,0,7.17779e+08,0,3.21128e+07,-914639,914639,1.34346e+07
0,0,0,7.17779e+08,0,3.21139e+07,-914639,914639,1.34346e+07
0,0,0,7.17779e+08,0,3.21149e+07,-914639,914639,1.34346e+07
0,0,0,7.17779e+08,0,3.36834e+07,-914639,914639,1.34346e+07
0,0,0,7.17779e+08,0,3.36845e+07,-914639,914639,1.34346e+07
0,0,0,7.17779e+08,0,3.36856e+07,-914639,914639,1.34346e+07
0,0,0,7.17779e+08,0,3.36868e+07,-914639,914639,1.34346e+07
0,0,0,7.17779e+08,0,3.36879e+07,-914639,914639,1.34346e+07
0,0,0,7.17779e+08,0,3.40581e+07,-914639,914639,1.34346e+07
0,0,0,7.17779e+08,0,3.40593e+07,-914639,914639,1.34346e+07
0,0,0,7.17779e+08,0,3.40604e+07,-914639,914639,1.34346e+07
0,0,0,7.17779e+08,0,3.40616e+07,-914639,914639,1.34346e+07
0,0,0,7.17779e+08,0,3.48444e+07,-914639,914639,1.34346e+07
0,0,0,7.17779e+08,0,3.48456e+07,-914639,914639,1.34346e+07
0,0,0,7.17779e+08,0,3.48468e+07,-914639,914639,1.34346e+07
0,0,0,7.17779e+08,0,3.48479e+07,-914639,914639,1.34346e+07
0,0,0,7.17779e+08,0,3.74419e+07,-914639,914639,1.34346e+07
0,0,0,7.17779e+08,0,3.74432e+07,-914639,914639,1.34346e+07
0,0,0,7.17779e+08,0,3.74445e+07,-914639,914639,1.34346e+07
0,0,0,7.17779e+08,0,3.74457e+07,-914639,914639,1.34346e+07
0,0,0,7.17779e+08,0,3.7447e+07,-914639,914639,1.34346e+07
0,0,0,7.17779e+08,0,3.59921e+07,-914639,914639,1.34346e+07
0,0,0,7.17779e+08,0,3.59934e+07,-914639,914639,1.34346e+07
0,0,0,7.17779e+08,0,3.59946e+07,-914639,914639,1.34346e+07
0,0,0,7.17779e+08,0,3.59958e+07,-914639,914639,1.34346e+07
0,0,0,7.17779e+08,0,3.47144e+07,-914639,914639,1.34346e+07
0,0,0,7.17779e+08,0,3.47155e+07,-914639,914639,1.34346e+07
0,0,0,7.17779e+08,0,3.47167e+07,-914639,914639,1.34346e+07
0,0,0,7.17779e+08,0,3.47178e+07,-914639,914639,1.34346e+07
0,0,0,7.17779e+08,0,3.17485e+07,-914639,914639,1.34346e+07
0,0,0,7.17779e+08,0,3.17496e+07,-914639,914639,1.34346e+07
0,0,0,7.17779e+08,0,3.17506e+07,-914639,914639,1.34346e+07
0,0,0,7.17779e+08,0,3.17517e+07,-914639,914639,1.34346e+07
0,0,0,7.17779e+08,0,3.17527e+07,-914639,914639,1.34346e+07
0,0,0,7.17779e+08,0,3.27206e+07,-914639,914639,1.34346e+07
0,0,0,7.17779e+08,0,3.27215e+07,-914639,914639,1.34346e+07
0,0,0,7.17779e+08,0,3.27223e+07,-914639,914639,1.34346e+07
0,0,0,7.17779e+08,0,3.27232e+07,-914639,914639,1.34346e+07
0,0,0,7.17779e+08,0,3.612e+07,-914639,914639,1.34346e+07
0,0,0,7.17779e+08,0,3.6121e+07,-914639,914639,1.34346e+07
0,0,0,7.17779e+08,0,3.6122e+07,-914639,914639,1.34346e+07
0,0,0,7.17779e+08,0,3.61229e+07,-914639,914639,1.34346e+07
0,0,0,7.17779e+08,0,3.14493e+07,-914639,914639,1.34346e+07
0,0,0,7.17779e+08,0,3.14502e+07,-914639,914639,1.34346e+07
0,0,0,7.17779e+08,0,3.1451e+07,-914639,914639,1.34346e+07
0,0,0,7.17779e+08,0,3.14519e+07,-914639,914639,1.34346e+07
0,0,0,7.17779e+08,0,3.14527e+07,-914639,914639,1.34346e+07
0,0,0,7.17779e+08,0,3.26113e+07,-914639,914639,1.34346e+07
0,0,0,7.17779e+08,0,3.26121e+07,-914639,914639,1.34346e+07
0,0,0,7.17779e+08,0,3.2613e+07,-914639,914639,1.34346e+07
0,0,0,7.17779e+08,0,3.26139e+07,-914639,914639,1.34346e+07
0,0,0,7.17779e+08,0,3.21638e+07,-914639,914639,1.34346e+07
0,0,0,7.17779e+08,0,3.21646e+07,-914639,914639,1.34346e+07
0,0,0,7.17779e+08,0,3.21655e+07,-914639,914639,1.34346e+07
0,0,0,7.17779e+08,0,3.21664e+07,-914639,914639,1.34346e+07
0,0,0,7.17779e+08,0,3.37372e+07,-914639,914639,1.34346e+07
0,0,0,7.17779e+08,0,3.37381e+07,-914639,914639,1.34346e+07
0,0,0,7.17779e+08,0,3.3739e+07,-914639,914639,1.34346e+07
0,0,0,7.17779e+08,0,3.37399e+07,-914639,914639,1.34346e+07
0,0,0,7.17779e+08,0,3.37408e+07,-914639,914639,1.34346e+07
0,0,0,7.17779e+08,0,3.41115e+07,-914639,914639,1.34346e+07
0,0,0,7.17779e+08,0,3.41124e+07,-914639,914639,1.34346e+07
0,0,0,7.17779e+08,0,3.41133e+07,-914639,914639,1.34346e+07
0,0,0,7.17779e+08,0,3.41142e+07,-914639,914639,1.34346e+07
0,0,0,7.17779e+08,0,3.48982e+07,-914639,914639,1.34346e+07
0,0,0,7.17779e+08,0,3.48991e+07,-914639,914639,1.34346e+07
0,0,0,7.17779e+08,0,3.49e+07,-914639,914639,1.34346e+07
0,0,0,7.17779e+08,0,3.4901e+07,-914639,914639,1.34346e+07
0,0,0,7.17779e+08,0,3.74988e+07,-914639,914639,1.34346e+07
0,0,0,7.17779e+08,0,3.74999e+07,-914639,914639,1.34346e+07
0,0,0,7.17779e+08,0,3.75009e+07,-914639,914639,1.34346e+07
0,0,0,7.17779e+08,0,3.75019e+07,-914639,914639,1.34346e+07
0,0,0,7.17779e+08,0,3.75029e+07,-914639,914639,1.34346e+07
0,0,0,7.17779e+08,0,3.60456e+07,-914639,914639,1.34346e+07
0,0,0,7.17779e+08,0,3.46235e+07,0,0,1.34346e+07
0,0,0,7.17779e+08,0,3.60475e+07,-914639,914639,1.34346e+07
0,0,0,7.17779e+08,0,3.46255e+07,0,0,1.34346e+07
0,0,0,7.17779e+08,0,3.33418e+07,0,0,1.34346e+07
0,0,0,7.17779e+08,0,3.33428e+07,0,0,1.34346e+07
0,0,0,7.17779e+08,0,3.33437e+07,0,0,1.34346e+07
0,0,0,7.17779e+08,0,3.33447e+07,0,0,1.34346e+07
0,0,0,7.17779e+08,0,3.03707e+07,0,0,1.34346e+07
0,0,0,7.17779e+08,0,3.03715e+07,0,0,1.34346e+07
0,0,0,7.17779e+08,0,3.03724e+07,0,0,1.34346e+07
0,0,0,7.17779e+08,0,3.03732e+07,0,0,1.34346e+07
0,0,0,7.17779e+08,0,3.03741e+07,0,0,1.34346e+07
0,0,0,7.17779e+08,0,3.13431e+07,0,0,1.34346e+07
0,0,0,7.17779e+08,0,3.13438e+07,0,0,1.34346e+07
0,0,0,7.17779e+08,0,3.13444e+07,0,0,1.34346e+07
0,0,0,7.17779e+08,0,3.13451e+07,0,0,1.34346e+07
0,0,0,7.17779e+08,0,3.47465e+07,0,0,1.34346e+07
0,0,0,7.17779e+08,0,3.61703e+07,-914639,914639,1.34346e+07
0,0,0,7.17779e+08,0,3.6171e+07,-914639,914639,1.34346e+07
0,0,0,7.17779e+08,0,3.61718e+07,-914639,914639,1.34346e+07
0,0,0,7.17779e+08,0,3.14914e+07,-914639,914639,1.34346e+07
0,0,0,7.17779e+08,0,3.1492e+07,-914639,914639,1.34346e+07
0,0,0,7.17779e+08,0,3.14926e+07,-914639,914639,1.34346e+07
0,0,0,7.17779e+08,0,3.14933e+07,-914639,914639,1.34346e+07
0,0,0,7.17779e+08,0,3.14939e+07,-914639,914639,1.34346e+07
0,0,0,7.17779e+08,0,3.26539e+07,-914639,914639,1.34346e+07
0,0,0,7.17779e+08,0,3.26545e+07,-914639,914639,1.34346e+07
0,0,0,7.17779e+08,0,3.26552e+07,-914639,914639,1.34346e+07
0,0,0,7.17779e+08,0,3.26558e+07,-914639,914639,1.34346e+07
0,0,0,7.17779e+08,0,3.22049e+07,-914639,914639,1.34346e+07
0,0,0,7.17779e+08,0,3.22056e+07,-914639,914639,1.34346e+07
0,0,0,7.17779e+08,0,3.22062e+07,-914639,914639,1.34346e+07
0,0,0,7.17779e+08,0,3.22069e+07,-914639,914639,1.34346e+07
0,0,0,7.17779e+08,0,3.37796e+07,-914639,914639,1.34346e+07
0,0,0,7.17779e+08,0,3.37802e+07,-914639,914639,1.34346e+07
0,0,0,7.17779e+08,0,3.37809e+07,-914639,914639,1.34346e+07
0,0,0,7.17779e+08,0,3.37816e+07,-914639,914639,1.34346e+07
0,0,0,7.17779e+08,0,3.37823e+07,-914639,914639,1.34346e+07
0,0,0,7.17779e+08,0,3.41532e+07,-914639,914639,1.34346e+07
0,0,0,7.17779e+08,0,3.41539e+07,-914639,914639,1.34346e+07
0,0,0,7.17779e+08,0,3.41546e+07,-914639,914639,1.34346e+07
0,0,0,7.17779e+08,0,3.41553e+07,-914639,914639,1.34346e+07
0,0,0,7.17779e+08,0,3.49399e+07,-914639,914639,1.34346e+07
0,0,0,7.17779e+08,0,3.49407e+07,-914639,914639,1.34346e+07
0,0,0,7.17779e+08,0,3.49414e+07,-914639,914639,1.34346e+07
0,0,0,7.17779e+08,0,3.49421e+07,-914639,914639,1.34346e+07
0,0,0,7.17779e+08,0,3.75429e+07,-914639,914639,1.34346e+07
0,0,0,7.17779e+08,0,3.75437e+07,-914639,914639,1.34346e+07
0,0,0,7.17779e+08,0,3.75444e+07,-914639,914639,1.34346e+07
0,0,0,7.17779e+08,0,3.75452e+07,-914639,914639,1.34346e+07
0,0,0,7.17779e+08,0,3.7546e+07,-914639,914639,1.34346e+07
0,0,0,7.17779e+08,0,3.60866e+07,-914639,914639,1.34346e+07
0,0,0,7.17779e+08,0,3.60874e+07,-914639,914639,1.34346e+07
0,0,0,7.17779e+08,0,3.60881e+07,-914639,914639,1.34346e+07
0,0,0,7.17779e+08,0,3.60888e+07,-914639,914639,1.34346e+07
0,0,0,7.17779e+08,0,3.48035e+07,-914639,914639,1.34346e+07
0,0,0,7.17779e+08,0,3.48042e+07,-914639,914639,1.34346e+07
0,0,0,7.17779e+08,0,3.48049e+07,-914639,914639,1.34346e+07
0,0,0,7.17779e+08,0,3.48056e+07,-914639,914639,1.34346e+07
0,0,0,7.17779e+08,0,3.1828e+07,-914639,914639,1.34346e+07
0,0,0,7.17779e+08,0,3.18287e+07,-914639,914639,1.34346e+07
0,0,0,7.17779e+08,0,3.18293e+07,-914639,914639,1.34346e+07
0,0,0,7.17779e+08,0,3.183e+07,-914639,914639,1.34346e+07
0,0,0,7.17779e+08,0,3.18306e+07,-914639,914639,1.34346e+07
0,0,0,7.17779e+08,0,3.28005e+07,-914639,914639,1.34346e+07
0,0,0,7.17779e+08,0,3.2801e+07,-914639,914639,1.34346e+07
0,0,0,7.17779e+08,0,3.28014e+07,-914639,914639,1.34346e+07
0,0,0,7.17779e+08,0,3.28019e+07,-914639,914639,1.34346e+07
0,0,0,7.17779e+08,0,3.62067e+07,-914639,914639,1.34346e+07
0,0,0,7.17779e+08,0,3.62072e+07,-914639,914639,1.34346e+07
0,0,0,7.17779e+08,0,3.62077e+07,-914639,914639,1.34346e+07
0,0,0,7.17779e+08,0,3.62082e+07,-914639,914639,1.34346e+07
0,0,0,7.17779e+08,0,3.15227e+07,-914639,914639,1.34346e+07
0,0,0,7.17779e+08,0,3.15231e+07,-914639,914639,1.34346e+07
0,0,0,7.17779e+08,0,3.15236e+07,-914639,914639,1.34346e+07
0,0,0,7.17779e+08,0,3.1524e+07,-914639,914639,1.34346e+07
0,0,0,7.17779e+08,0,3.15244e+07,-914639,914639,1.34346e+07
0,0,0,7.17779e+08,0,3.26853e+07,-914639,914639,1.34346e+07
0,0,0,7.17779e+08,0,3.26858e+07,-914639,914639,1.34346e+07
0,0,0,7.17779e+08,0,3.26862e+07,-914639,914639,1.34346e+07
0,0,0,7.17779e+08,0,3.26867e+07,-914639,914639,1.34346e+07
0,0,0,7.17779e+08,0,3.22351e+07,-914639,914639,1.34346e+07
0,0,0,7.17779e+08,0,3.22356e+07,-914639,914639,1.34346e+07
0,0,0,7.17779e+08,0,3.2236e+07,-914639,914639,1.34346e+07
0,0,0,7.17779e+08,0,3.22364e+07,-914639,914639,1.34346e+07
0,0,0,7.17779e+08,0,3.38104e+07,-914639,914639,1.34346e+07
0,0,0,7.17779e+08,0,3.38109e+07,-914639,914639,1.34346e+07
0,0,0,7.17779e+08,0,3.38114e+07,-914639,914639,1.34346e+07
0,0,0,7.17779e+08,0,3.38118e+07,-914639,914639,1.34346e+07
0,0,0,7.17779e+08,0,3.38123e+07,-914639,914639,1.34346e+07
0,0,0,7.17779e+08,0,3.41833e+07,-914639,914639,1.34346e+07
0,0,0,7.17779e+08,0,3.41838e+07,-914639,914639,1.34346e+07
0,0,0,7.17779e+08,0,3.41842e+07,-914639,914639,1.34346e+07
0,0,0,7.17779e+08,0,3.41847e+07,-914639,914639,1.34346e+07
0,0,0,7.17779e+08,0,3.49699e+07,-914639,914639,1.34346e+07
0,0,0,7.17779e+08,0,3.49703e+07,-914639,914639,1.34346e+07
0,0,0,7.17779e+08,0,3.49708e+07,-914639,914639,1.34346e+07
0,0,0,7.17779e+08,0,3.49713e+07,-914639,914639,1.34346e+07
0,0,0,7.17779e+08,0,3.61511e+07,0,0,1.34346e+07
0,0,0,7.17779e+08,0,3.75747e+07,-914639,914639,1.34346e+07
0,0,0,7.17779e+08,0,3.61522e+07,0,0,1.34346e+07
0,0,0,7.17779e+08,0,3.61527e+07,0,0,1.34346e+07
0,0,0,7.17779e+08,0,3.61532e+07,0,0,1.34346e+07
0,0,0,7.17779e+08,0,3.46924e+07,0,0,1.34346e+07
0,0,0,7.17779e+08,0,3.46929e+07,0,0,1.34346e+07
0,0,0,7.17779e+08,0,3.46934e+07,0,0,1.34346e+07
0,0,0,7.17779e+08,0,3.46939e+07,0,0,1.34346e+07
0,0,0,7.17779e+08,0,3.34073e+07,0,0,1.34346e+07
0,0,0,7.17779e+08,0,3.34078e+07,0,0,1.34346e+07
0,0,0,7.17779e+08,0,3.34083e+07,0,0,1.34346e+07
0,0,0,7.17779e+08,0,3.34088e+07,0,0,1.34346e+07
0,0,0,7.17779e+08,0,3.04286e+07,0,0,1.34346e+07
0,0,0,7.17779e+08,0,3.04291e+07,0,0,1.34346e+07
0,0,0,7.17779e+08,0,3.04295e+07,0,0,1.34346e+07
0,0,0,7.17779e+08,0,3.04299e+07,0,0,1.34346e+07
0,0,0,7.17779e+08,0,3.04304e+07,0,0,1.34346e+07
0,0,0,7.17779e+08,0,3.04304e+07,0,0,1.34346e+07
0,0,0,7.17779e+08,0,3.14008e+07,0,0,1.34346e+07
0,0,0,7.17779e+08,0,3.1401e+07,0,0,1.34346e+07
0,0,0,7.17779e+08,0,3.14013e+07,0,0,1.34346e+07
0,0,0,7.17779e+08,0,3.14015e+07,0,0,1.34346e+07
0,0,0,7.17779e+08,0,3.48086e+07,0,0,1.34346e+07
0,0,0,7.17779e+08,0,3.48089e+07,0,0,1.34346e+07
0,0,0,7.17779e+08,0,3.48091e+07,0,0,1.34346e+07
0,0,0,7.17779e+08,0,3.48094e+07,0,0,1.34346e+07
0,0,0,7.17779e+08,0,3.01204e+07,0,0,1.34346e+07
0,0,0,7.17779e+08,0,3.01207e+07,0,0,1.34346e+07
0,0,0,7.17779e+08,0,3.01209e+07,0,0,1.34346e+07
0,0,0,7.17779e+08,0,3.01211e+07,0,0,1.34346e+07
0,0,0,7.17779e+08,0,3.01214e+07,0,0,1.34346e+07
0,0,0,7.17779e+08,0,3.12828e+07,0,0,1.34346e+07
0,0,0,7.17779e+08,0,3.12831e+07,0,0,1.34346e+07
0,0,0,7.17779e+08,0,3.12833e+07,0,0,1.34346e+07
0,0,0,7.17779e+08,0,3.12835e+07,0,0,1.34346e+07
0,0,0,7.17779e+08,0,3.08315e+07,0,0,1.34346e+07
0,0,0,7.17779e+08,0,3.08317e+07,0,0,1.34346e+07
0,0,0,7.17779e+08,0,3.08319e+07,0,0,1.34346e+07
0,0,0,7.17779e+08,0,3.08322e+07,0,0,1.34346e+07
0,0,0,7.17779e+08,0,3.24069e+07,0,0,1.34346e+07
0,0,0,7.17779e+08,0,3.24072e+07,0,0,1.34346e+07
0,0,0,7.17779e+08,0,3.24074e+07,0,0,1.34346e+07
0,0,0,7.17779e+08,0,3.24077e+07,0,0,1.34346e+07
0,0,0,7.17779e+08,0,3.24079e+07,0,0,1.34346e+07
0,0,0,7.17779e+08,0,3.27789e+07,0,0,1.34346e+07
0,0,0,7.17779e+08,0,3.27792e+07,0,0,1.34346e+07
0,0,0,7.17779e+08,0,3.27794e+07,0,0,1.34346e+07
0,0,0,7.17779e+08,0,3.27797e+07,0,0,1.34346e+07
0,0,0,7.17779e+08,0,3.3565e+07,0,0,1.34346e+07
0,0,0,7.17779e+08,0,3.35653e+07,0,0,1.34346e+07
0,0,0,7.17779e+08,0,3.35655e+07,0,0,1.34346e+07
0,0,0,7.17779e+08,0,3.35658e+07,0,0,1.34346e+07
0,0,0,7.17779e+08,0,3.61697e+07,0,0,1.34346e+07
0,0,0,7.17779e+08,0,3.617e+07,0,0,1.34346e+07
0,0,0,7.17779e+08,0,3.75933e+07,-914639,914639,1.34346e+07
0,0,0,7.17779e+08,0,3.75936e+07,-914639,914639,1.34346e+07
0,0,0,7.17779e+08,0,3.75939e+07,-914639,914639,1.34346e+07
0,0,0,7.17779e+08,0,3.61321e+07,-914639,914639,1.34346e+07
0,0,0,7.17779e+08,0,3.61324e+07,-914639,914639,1.34346e+07
0,0,0,7.17779e+08,0,3.24065e+07,-4.64076e+06,4.64076e+06,1.51931e+07
0,0,0,7.17779e+08,0,3.24068e+07,-4.64079e+06,4.64079e+06,1.51931e+07
0,0,0,7.17779e+08,0,3.48455e+07,-914639,914639,1.34346e+07
0,0,0,7.17779e+08,0,3.48458e+07,-914639,914639,1.34346e+07
0,0,0,7.17779e+08,0,3.4846e+07,-914639,914639,1.34346e+07
0,0,0,7.17779e+08,0,3.48463e+07,-914639,914639,1.34346e+07
0,0,0,7.17779e+08,0,3.18647e+07,-914639,914639,1.34346e+07
0,0,0,7.17779e+08,0,3.18649e+07,-914639,914639,1.34346e+07
0,0,0,7.17779e+08,0,3.18651e+07,-914639,914639,1.34346e+07
0,0,0,7.17779e+08,0,3.04423e+07,0,0,1.34346e+07
0,0,0,7.17779e+08,0,3.04426e+07,0,0,1.34346e+07
0,0,0,7.17779e+08,0,3.14132e+07,0,0,1.34346e+07
0,0,0,7.17779e+08,0,3.14132e+07,0,0,1.34346e+07
0,0,0,7.17779e+08,0,3.14132e+07,0,0,1.34346e+07
0,0,0,7.17779e+08,0,3.14133e+07,0,0,1.34346e+07
0,0,0,7.17779e+08,0,3.48214e+07,0,0,1.34346e+07
0,0,0,7.17779e+08,0,3.48214e+07,0,0,1.34346e+07
0,0,0,7.17779e+08,0,3.48215e+07,0,0,1.34346e+07
0,0,0,7.17779e+08,0,3.48215e+07,0,0,1.34346e+07
0,0,0,7.17779e+08,0,3.01307e+07,0,0,1.34346e+07
0,0,0,7.17779e+08,0,3.01307e+07,0,0,1.34346e+07
0,0,0,7.17779e+08,0,3.01308e+07,0,0,1.34346e+07
0,0,0,7.17779e+08,0,3.01308e+07,0,0,1.34346e+07
0,0,0,7.17779e+08,0,3.01308e+07,0,0,1.34346e+07
0,0,0,7.17779e+08,0,3.12924e+07,0,0,1.34346e+07
0,0,0,7.17779e+08,0,3.12925e+07,0,0,1.34346e+07
0,0,0,7.17779e+08,0,3.12925e+07,0,0,1.34346e+07
0,0,0,7.17779e+08,0,3.12925e+07,0,0,1.34346e+07
0,0,0,7.17779e+08,0,3.08401e+07,0,0,1.34346e+07
0,0,0,7.17779e+08,0,3.08401e+07,0,0,1.34346e+07
0,0,0,7.17779e+08,0,3.08402e+07,0,0,1.34346e+07
0,0,0,7.17779e+08,0,3.08402e+07,0,0,1.34346e+07
0,0,0,7.17779e+08,0,3.24151e+07,0,0,1.34346e+07
0,0,0,7.17779e+08,0,3.24152e+07,0,0,1.34346e+07
0,0,0,7.17779e+08,0,3.24152e+07,0,0,1.34346e+07
0,0,0,7.17779e+08,0,3.24152e+07,0,0,1.34346e+07
0,0,0,7.17779e+08,0,3.24153e+07,0,0,1.34346e+07
0,0,0,7.17779e+08,0,3.27861e+07,0,0,1.34346e+07
0,0,0,7.17779e+08,0,3.27862e+07,0,0,1.34346e+07
0,0,0,7.17779e+08,0,3.27862e+07,0,0,1.34346e+07
0,0,0,7.17779e+08,0,3.27862e+07,0,0,1.34346e+07
0,0,0,7.17779e+08,0,3.35715e+07,0,0,1.34346e+07
0,0,0,7.17779e+08,0,3.35716e+07,0,0,1.34346e+07
0,0,0,7.17779e+08,0,3.35716e+07,0,0,1.34346e+07
0,0,0,7.17779e+08,0,3.35716e+07,0,0,1.34346e+07
0,0,0,7.17779e+08,0,3.61758e+07,0,0,1.34346e+07
0,0,0,7.17779e+08,0,3.61758e+07,0,0,1.34346e+07
0,0,0,7.17779e+08,0,3.75989e+07,-914639,914639,1.34346e+07
0,0,0,7.17779e+08,0,3.75989e+07,-914639,914639,1.34346e+07
0,0,0,7.17779e+08,0,3.75989e+07,-914639,914639,1.34346e+07
0,0,0,7.17779e+08,0,3.61368e+07,-914639,914639,1.34346e+07
0,0,0,7.17779e+08,0,3.61368e+07,-914639,914639,1.34346e+07
0,0,0,7.17779e+08,0,3.61369e+07,-914639,914639,1.34346e+07
0,0,0,7.17779e+08,0,3.61369e+07,-914639,914639,1.34346e+07
0,0,0,7.17779e+08,0,3.48491e+07,-914639,914639,1.34346e+07
0,0,0,7.17779e+08,0,3.12608e+07,-4.50297e+06,4.50297e+06,1.51931e+07
0,0,0,7.17779e+08,0,3.12608e+07,-4.50298e+06,4.50298e+06,1.51931e+07
0,0,0,7.17779e+08,0,3.12609e+07,-4.50298e+06,4.50298e+06,1.51931e+07
0,0,0,7.17779e+08,0,3.04441e+07,0,0,1.34346e+07
0,0,0,7.17779e+08,0,3.18671e+07,-914639,914639,1.34346e+07
0,0,0,7.17779e+08,0,3.04442e+07,0,0,1.34346e+07
0,0,0,7.17779e+08,0,3.04442e+07,0,0,1.34346e+07
0,0,0,7.17779e+08,0,3.04442e+07,0,0,1.34346e+07
0,0,0,7.17779e+08,0,3.14147e+07,0,0,1.34346e+07
0,0,0,7.17779e+08,0,3.14145e+07,0,0,1.34346e+07
0,0,0,7.17779e+08,0,3.14143e+07,0,0,1.34346e+07
0,0,0,7.17779e+08,0,3.14141e+07,0,0,1.34346e+07
0,0,0,7.17779e+08,0,3.48221e+07,0,0,1.34346e+07
0,0,0,7.17779e+08,0,3.48219e+07,0,0,1.34346e+07
0,0,0,7.17779e+08,0,3.48217e+07,0,0,1.34346e+07
0,0,0,7.17779e+08,0,3.48215e+07,0,0,1.34346e+07
0,0,0,7.17779e+08,0,3.01305e+07,0,0,1.34346e+07
0,0,0,7.17779e+08,0,3.01303e+07,0,0,1.34346e+07
0,0,0,7.17779e+08,0,3.01302e+07,0,0,1.34346e+07
0,0,0,7.17779e+08,0,3.013e+07,0,0,1.34346e+07
0,0,0,7.17779e+08,0,3.01298e+07,0,0,1.34346e+07
0,0,0,7.17779e+08,0,3.12912e+07,0,0,1.34346e+07
0,0,0,7.17779e+08,0,3.1291e+07,0,0,1.34346e+07
0,0,0,7.17779e+08,0,3.12909e+07,0,0,1.34346e+07
0,0,0,7.17779e+08,0,3.12907e+07,0,0,1.34346e+07
0,0,0,7.17779e+08,0,3.08381e+07,0,0,1.34346e+07
0,0,0,7.17779e+08,0,3.08379e+07,0,0,1.34346e+07
0,0,0,7.17779e+08,0,3.08377e+07,0,0,1.34346e+07
0,0,0,7.17779e+08,0,3.08376e+07,0,0,1.34346e+07
0,0,0,7.17779e+08,0,3.24121e+07,0,0,1.34346e+07
0,0,0,7.17779e+08,0,3.24119e+07,0,0,1.34346e+07
0,0,0,7.17779e+08,0,3.24118e+07,0,0,1.34346e+07
0,0,0,7.17779e+08,0,3.24116e+07,0,0,1.34346e+07
0,0,0,7.17779e+08,0,3.24114e+07,0,0,1.34346e+07
0,0,0,7.17779e+08,0,3.2782e+07,0,0,1.34346e+07
0,0,0,7.17779e+08,0,3.27818e+07,0,0,1.34346e+07
0,0,0,7.17779e+08,0,3.27816e+07,0,0,1.34346e+07
0,0,0,7.17779e+08,0,3.27815e+07,0,0,1.34346e+07
0,0,0,7.17779e+08,0,3.35664e+07,0,0,1.34346e+07
0,0,0,7.17779e+08,0,3.35662e+07,0,0,1.34346e+07
0,0,0,7.17779e+08,0,3.3566e+07,0,0,1.34346e+07
0,0,0,7.17779e+08,0,3.35658e+07,0,0,1.34346e+07
0,0,0,7.17779e+08,0,3.61693e+07,0,0,1.34346e+07
0,0,0,7.17779e+08,0,3.61691e+07,0,0,1.34346e+07
0,0,0,7.17779e+08,0,3.61689e+07,0,0,1.34346e+07
0,0,0,7.17779e+08,0,3.61687e+07,0,0,1.34346e+07
0,0,0,7.17779e+08,0,3.61685e+07,0,0,1.34346e+07
0,0,0,7.17779e+08,0,3.47064e+07,0,0,1.34346e+07
0,0,0,7.17779e+08,0,3.47062e+07,0,0,1.34346e+07
0,0,0,7.17779e+08,0,3.4706e+07,0,0,1.34346e+07
0,0,0,7.17779e+08,0,3.47058e+07,0,0,1.34346e+07
0,0,0,7.17779e+08,0,3.34181e+07,0,0,1.34346e+07
0,0,0,7.17779e+08,0,3.34179e+07,0,0,1.34346e+07
0,0,0,7.17779e+08,0,3.34177e+07,0,0,1.34346e+07
0,0,0,7.17779e+08,0,3.34175e+07,0,0,1.34346e+07
0,0,0,7.17779e+08,0,3.0436e+07,0,0,1.34346e+07
0,0,0,7.17779e+08,0,3.04358e+07,0,0,1.34346e+07
0,0,0,7.17779e+08,0,3.04357e+07,0,0,1.34346e+07
0,0,0,7.17779e+08,0,3.04355e+07,0,0,1.34346e+07
0,0,0,7.17779e+08,0,3.04353e+07,0,0,1.34346e+07
0,0,0,7.17779e+08,0,3.14053e+07,0,0,1.34346e+07
0,0,0,7.17779e+08,0,3.14049e+07,0,0,1.34346e+07
0,0,0,7.17779e+08,0,3.14045e+07,0,0,1.34346e+07
0,0,0,7.17779e+08,0,3.14041e+07,0,0,1.34346e+07
0,0,0,7.17779e+08,0,3.48108e+07,0,0,1.34346e+07
0,0,0,7.17779e+08,0,3.48103e+07,0,0,1.34346e+07
0,0,0,7.17779e+08,0,3.48099e+07,0,0,1.34346e+07
0,0,0,7.17779e+08,0,3.48095e+07,0,0,1.34346e+07
0,0,0,7.17779e+08,0,3.01199e+07,0,0,1.34346e+07
0,0,0,7.17779e+08,0,3.01195e+07,0,0,1.34346e+07
0,0,0,7.17779e+08,0,3.01192e+07,0,0,1.34346e+07
0,0,0,7.17779e+08,0,3.01188e+07,0,0,1.34346e+07
0,0,0,7.17779e+08,0,3.01184e+07,0,0,1.34346e+07
0,0,0,7.17779e+08,0,3.12792e+07,0,0,1.34346e+07
0,0,0,7.17779e+08,0,3.12788e+07,0,0,1.34346e+07
0,0,0,7.17779e+08,0,3.12784e+07,0,0,1.34346e+07
0,0,0,7.17779e+08,0,3.1278e+07,0,0,1.34346e+07
0,0,0,7.17779e+08,0,3.08254e+07,0,0,1.34346e+07
0,0,0,7.17779e+08,0,3.0825e+07,0,0,1.34346e+07
0,0,0,7.17779e+08,0,3.08246e+07,0,0,1.34346e+07
0,0,0,7.17779e+08,0,3.08243e+07,0,0,1.34346e+07
0,0,0,7.17779e+08,0,3.23979e+07,0,0,1.34346e+07
0,0,0,7.17779e+08,0,3.23975e+07,0,0,1.34346e+07
0,0,0,7.17779e+08,0,3.23971e+07,0,0,1.34346e+07
0,0,0,7.17779e+08,0,3.23968e+07,0,0,1.34346e+07
0,0,0,7.17779e+08,0,3.23964e+07,0,0,1.34346e+07
0,0,0,7.17779e+08,0,3.27666e+07,0,0,1.34346e+07
0,0,0,7.17779e+08,0,3.27662e+07,0,0,1.34346e+07
0,0,0,7.17779e+08,0,3.27658e+07,0,0,1.34346e+07
0,0,0,7.17779e+08,0,3.41884e+07,-914639,914639,1.34346e+07
0,0,0,7.17779e+08,0,3.49727e+07,-914639,914639,1.34346e+07
0,0,0,7.17779e+08,0,3.49723e+07,-914639,914639,1.34346e+07
0,0,0,7.17779e+08,0,3.49719e+07,-914639,914639,1.34346e+07
0,0,0,7.17779e+08,0,3.137e+07,-4.51611e+06,4.51611e+06,1.51931e+07
0,0,0,7.17779e+08,0,3.36926e+07,-4.79542e+06,4.79542e+06,1.51931e+07
0,0,0,7.17779e+08,0,3.36922e+07,-4.79538e+06,4.79538e+06,1.51931e+07
0,0,0,7.17779e+08,0,3.36918e+07,-4.79533e+06,4.79533e+06,1.51931e+07
0,0,0,7.17779e+08,0,3.36914e+07,-4.79528e+06,4.79528e+06,1.51931e+07
0,0,0,7.17779e+08,0,3.3691e+07,-4.79523e+06,4.79523e+06,1.51931e+07
0,0,0,7.17779e+08,0,3.23864e+07,-4.63834e+06,4.63834e+06,1.51931e+07
0,0,0,7.17779e+08,0,3.2386e+07,-4.63829e+06,4.63829e+06,1.51931e+07
0,0,0,7.17779e+08,0,3.23856e+07,-4.63825e+06,4.63825e+06,1.51931e+07
0,0,0,7.17779e+08,0,3.23853e+07,-4.6382e+06,4.6382e+06,1.51931e+07
0,0,0,7.17779e+08,0,3.12362e+07,-4.50002e+06,4.50002e+06,1.51931e+07
0,0,0,7.17779e+08,0,3.12359e+07,-4.49998e+06,4.49998e+06,1.51931e+07
0,0,0,7.17779e+08,0,3.12355e+07,-4.49993e+06,4.49993e+06,1.51931e+07
