0volume,0demand,0up_spill,0ww_inflow,0catch_inflow,0evap,0ds_spill,0treat_cap,1volume,1demand,1up_spill,1ww_inflow,1catch_inflow,1evap,1ds_spill,1treat_cap,2volume,2s_area,2demand,2up_spill,2ww_inflow,2catch_inflow,2evap,2ds_spill,2treat_cap,2valloc_0,2talloc_0,2valloc_1,2talloc_1,3volume,3demand,3up_spill,3ww_inflow,3catch_inflow,3evap,3ds_spill,3treat_cap,3valloc_1,3talloc_1,3valloc_2,3talloc_2,4demand,4up_spill,4ww_inflow,4catch_inflow,4ds_spill,4treat_cap,11volume,11s_area,11demand,11up_spill,11ww_inflow,11catch_inflow,11evap,11ds_spill,11treat_cap
72.29,1.84028,0,0,9.68941,0.29189,7.55725,3.6288,61.308,0,0,0,3.30075,0.213265,3.08748,0.66528,12.849,1,0.327095,7.55725,0,182.325,4.53579,185.019,0.84672,12.849,0.84672,3695.15,0,36.966,0.0415766,2.05858,0,19.1665,1.14465,20.0389,0.42336,36.966,0.42336,423.524,0,1.69344,0,0,3.75202,2.05858,1.028160,1,0,208.145,0,0,0,208.145,0
72.29,1.85835,0,0,9.30977,0.29189,7.15953,3.6288,61.308,0.428235,0,0,2.50535,0.213265,1.86385,0.66528,12.849,1,0.330308,7.15953,0,148.23,4.53579,150.523,0.84672,12.849,0.84672,3695.15,0,36.966,0.258207,1.98323,1.74664,13.6075,1.14465,15.9345,0.42336,36.966,0.42336,423.524,0,1.02816,0,0,3.01139,1.98323,1.028160,1,0,168.321,0,0,0,168.321,0
72.29,1.8591,0,0,9.56897,0.29189,7.41798,3.6288,61.308,0.428235,0,0,3.0965,0.213265,2.455,0.66528,12.849,1,0.330441,7.41798,0,192.203,4.53579,194.755,0.84672,12.849,0.84672,3695.15,0,36.966,0.258207,2.78016,1.73486,16.2489,1.14465,19.3611,0.42336,36.966,0.42336,423.524,0,1.02816,0,0,3.80832,2.78016,1.028160,1,0,216.571,0,0,0,216.571,0
72.29,1.85984,0,0,6.5878,0.311926,4.41603,3.6288,61.308,0.428235,0,0,2.03784,0.207909,1.40169,0.66528,12.849,1,0.330573,4.41603,0,119.216,4.59276,118.709,0.84672,12.849,0.84672,3695.15,0,36.966,0.258207,1.55049,1.73502,11.1824,1.24399,12.9657,0.42336,36.966,0.42336,423.524,0,1.02816,0,0,2.57865,1.55049,1.028160,1,0,133.077,0,0,0,133.077,0
72.29,2.06531,0,0,5.60752,0.32582,3.21639,3.6288,61.308,0.533413,0,0,1.86742,0.210998,1.123,0.66528,12.849,1,0.367093,3.21639,0,82.5185,4.60644,80.7613,0.84672,12.849,0.84672,3695.15,0,36.966,0.321625,2.11365,1.73518,9.40386,1.23551,11.6956,0.42336,36.966,0.42336,423.524,0,1.02816,0,0,3.14181,2.11365,1.028160,1,0,93.5799,0,0,0,93.5799,0
72.29,2.20925,0,0,4.24342,0.316205,1.71797,3.6288,61.308,0.428259,0,0,2.13093,0.218669,1.484,0.66528,12.849,1,0.392678,1.71797,0,50.0557,4.55973,46.8212,0.84672,12.849,0.84672,3695.15,0,36.966,0.258221,1.04225,1.91079,7.54747,1.12982,9.11248,0.42336,36.966,0.42336,423.524,0,1.02816,0,0,2.07041,1.04225,1.028160,1,0,57.4177,0,0,0,57.4177,0
72.29,2.21007,0,0,5.69861,0.316205,3.17233,3.6288,61.308,0.428259,0,0,2.04925,0.218669,1.40232,0.66528,12.849,1,0.392824,3.17233,0,60.406,4.55973,58.6258,0.84672,12.849,0.84672,3695.15,0,36.966,0.258221,0.981288,1.81233,12.4823,1.12982,13.8879,0.42336,36.966,0.42336,423.524,0,1.02816,0,0,2.00945,0.981288,1.028160,1,0,73.916,0,0,0,73.916,0
72.29,2.2109,0,0,6.68111,0.31607,4.15415,3.6288,61.308,0.428259,0,0,3.20496,0.202996,2.5737,0.66528,12.849,1,0.39297,4.15415,0,146.309,4.42806,145.642,0.84672,12.849,0.84672,3695.15,0,36.966,0.258221,1.77911,1.81251,16.7698,1.06628,19.0369,0.42336,36.966,0.42336,423.524,0,1.02816,0,0,2.80727,1.77911,1.028160,1,0,167.253,0,0,0,167.253,0
72.29,1.91946,0,0,5.67902,0.318081,3.44148,3.6288,61.308,0.286981,0,0,2.76615,0.171333,2.30783,0.66528,12.849,1,0.341169,3.44148,0,93.2489,3.86039,92.4889,0.84672,12.849,0.84672,3695.15,0,36.966,0.173037,1.87315,1.8127,10.7863,0.872263,13.4269,0.42336,36.966,0.42336,423.524,0,1.02816,0,0,2.90131,1.87315,1.028160,1,0,108.224,0,0,0,108.224,0
72.29,1.75714,0,0,6.53237,0.319843,4.45538,3.6288,61.308,0.406764,0,0,4.06004,0.176973,3.4763,0.66528,12.849,1,0.312318,4.45538,0,89.3203,3.68151,89.7819,0.84672,12.849,0.84672,3695.15,0,36.966,0.245261,2.05686,1.57341,17.1775,0.845889,19.7166,0.42336,36.966,0.42336,423.524,0,1.02816,0,0,3.08502,2.05686,1.028160,1,0,112.975,0,0,0,112.975,0
72.29,1.75759,0,0,6.75048,0.319843,4.67305,3.6288,61.308,0.406957,0,0,3.63437,0.176973,3.05044,0.66528,12.849,1,0.312399,4.67305,0,138.018,3.68151,138.697,0.84672,12.849,0.84672,3695.15,0,36.966,0.245377,3.0387,1.68593,17.4351,0.845889,21.0684,0.42336,36.966,0.42336,423.524,0,1.02816,0,0,4.06686,3.0387,1.028160,1,0,162.816,0,0,0,162.816,0
72.29,1.75804,0,0,5.79818,0.3443,3.69584,3.6288,61.308,0.40715,0,0,2.81839,0.14449,2.26675,0.66528,12.849,1,0.312479,3.69584,0,90.072,3.30905,90.1463,0.84672,12.849,0.84672,3695.15,0,36.966,0.245494,1.7753,1.68627,12.7923,0.74237,15.266,0.42336,36.966,0.42336,423.524,0,1.02816,0,0,2.80346,1.7753,1.028160,1,0,107.679,0,0,0,107.679,0
72.29,1.7585,0,0,6.42506,0.364847,4.30172,3.6288,61.308,0.407343,0,0,2.81299,0.117442,2.28821,0.66528,12.849,1,0.312559,4.30172,0,86.1088,3.0963,87.0017,0.84672,12.849,0.84672,3695.15,0,36.966,0.24561,1.88762,1.6866,12.799,0.683481,15.4442,0.42336,36.966,0.42336,423.524,0,1.02816,0,0,2.91578,1.88762,1.028160,1,0,104.734,0,0,0,104.734,0
72.29,1.8326,0,0,6.42604,0.30327,4.29018,3.6288,61.308,0.442137,0,0,3.70615,0.156711,3.1073,0.66528,12.849,1,0.32573,4.29018,0,84.2003,3.50375,84.661,0.84672,12.849,0.84672,3695.15,0,36.966,0.266589,2.56739,1.68694,15.4809,0.805079,18.6636,0.42336,36.966,0.42336,423.524,0,1.02816,0,0,3.59555,2.56739,1.028160,1,0,106.432,0,0,0,106.432,0
72.29,1.85226,0,0,8.08934,0.30327,5.93381,3.6288,61.308,0.428235,0,0,6.22316,0.156711,5.63821,0.66528,12.849,1,0.329225,5.93381,0,93.4152,3.50375,95.516,0.84672,12.849,0.84672,3695.15,0,36.966,0.258207,3.16175,1.74639,16.7318,0.805079,20.5766,0.42336,36.966,0.42336,423.524,0,1.02816,0,0,4.18991,3.16175,1.028160,1,0,121.731,0,0,0,121.731,0
72.29,1.853,0,0,5.67912,0.30327,3.52284,3.6288,61.308,0.428235,0,0,3.67198,0.156711,3.08704,0.66528,12.849,1,0.329357,3.52284,0,70.1546,3.50375,69.8443,0.84672,12.849,0.84672,3695.15,0,36.966,0.258207,1.89057,1.73351,13.4285,0.805079,15.9893,0.42336,36.966,0.42336,423.524,0,1.02816,0,0,2.91873,1.89057,1.028160,1,0,88.9207,0,0,0,88.9207,0
72.29,1.85375,0,0,5.03291,0.285414,2.89375,3.6288,61.308,0.428235,0,0,2.93387,0.166226,2.33941,0.66528,12.849,1,0.329489,2.89375,0,71.1577,3.62009,70.1019,0.84672,12.849,0.84672,3695.15,0,36.966,0.258207,1.54905,1.73368,13.1737,0.82798,15.3702,0.42336,36.966,0.42336,423.524,0,1.02816,0,0,2.57721,1.54905,1.028160,1,0,87.8115,0,0,0,87.8115,0
72.29,1.82567,0,0,5.11586,0.198052,3.09215,3.6288,61.308,0.414785,0,0,2.76162,0.203066,2.14377,0.66528,12.849,1,0.324498,3.09215,0,69.2245,3.67613,68.3161,0.84672,12.849,0.84672,3695.15,0,36.966,0.250097,2.14237,1.73384,11.1913,0.877103,13.9403,0.42336,36.966,0.42336,423.524,0,1.02816,0,0,3.17053,2.14237,1.028160,1,0,84.4001,0,0,0,84.4001,0
72.29,1.8081,0,0,4.17617,0.190932,2.17714,3.6288,61.308,0.428232,0,0,2.18868,0.205241,1.55521,0.66528,12.849,1,0.321375,2.17714,0,59.1278,3.63699,57.3466,0.84672,12.849,0.84672,3695.15,0,36.966,0.258205,1.78648,1.71098,8.96625,0.875749,11.3298,0.42336,36.966,0.42336,423.524,0,1.02816,0,0,2.81464,1.78648,1.028160,1,0,70.2316,0,0,0,70.2316,0
72.29,1.80883,0,0,3.69583,0.190932,1.69607,3.6288,61.308,0.428232,0,0,1.93752,0.205241,1.30405,0.66528,12.849,1,0.321506,1.69607,0,55.715,3.63699,53.4525,0.84672,12.849,0.84672,3695.15,0,36.966,0.258205,1.21553,1.72376,8.53934,0.875749,10.3447,0.42336,36.966,0.42336,423.524,0,1.02816,0,0,2.24369,1.21553,1.028160,1,0,65.1013,0,0,0,65.1013,0
72.29,1.80956,0,0,4.35768,0.190932,2.35719,3.6288,61.308,0.428233,0,0,2.19432,0.205241,1.56084,0.66528,12.849,1,0.321636,2.35719,0,62.971,3.63699,61.3696,0.84672,12.849,0.84672,3695.15,0,36.966,0.258205,1.29892,1.72392,10.024,0.875749,11.9128,0.42336,36.966,0.42336,423.524,0,1.02816,0,0,2.32708,1.29892,1.028160,1,0,74.8432,0,0,0,74.8432,0
72.29,1.90822,0,0,3.63893,0.117205,1.61351,3.6288,61.308,0.475975,0,0,1.79654,0.221459,1.09911,0.66528,12.849,1,0.339171,1.61351,0,50.2925,3.9741,47.5927,0.84672,12.849,0.84672,3695.15,0,36.966,0.286992,1.41893,1.72408,8.44318,0.975137,10.3241,0.42336,36.966,0.42336,423.524,0,1.02816,0,0,2.44709,1.41893,1.028160,1,0,59.0159,0,0,0,59.0159,0
72.29,1.97395,0,0,3.47023,0.141363,1.35492,3.6288,61.308,0.428243,0,0,1.66056,0.186538,1.04578,0.66528,12.849,1,0.350855,1.35492,0,44.1219,3.68802,41.4379,0.84672,12.849,0.84672,3695.15,0,36.966,0.258212,1.34252,1.80498,8.08618,0.947967,10.0275,0.42336,36.966,0.42336,423.524,0,1.02816,0,0,2.37068,1.34252,1.028160,1,0,52.5112,0,0,0,52.5112,0
72.29,1.97472,0,0,3.40139,0.141363,1.2853,3.6288,61.308,0.428243,0,0,1.796,0.186538,1.18122,0.66528,12.849,1,0.350992,1.2853,0,42.2674,3.68802,39.5137,0.84672,12.849,0.84672,3695.15,0,36.966,0.258212,1.29776,1.76038,8.71318,0.947967,10.5651,0.42336,36.966,0.42336,423.524,0,1.02816,0,0,2.32592,1.29776,1.028160,1,0,51.2601,0,0,0,51.2601,0
72.29,1.97549,0,0,3.17465,0.141363,1.05779,3.6288,61.308,0.428243,0,0,1.64131,0.186538,1.02652,0.66528,12.849,1,0.351128,1.05779,0,39.5123,3.68802,36.5309,0.84672,12.849,0.84672,3695.15,0,36.966,0.258212,1.13084,1.76055,7.71561,0.947967,9.40082,0.42336,36.966,0.42336,423.524,0,1.02816,0,0,2.159,1.13084,1.028160,1,0,46.9583,0,0,0,46.9583,0
72.29,1.97626,0,0,3.03171,0.107839,0.947607,3.6288,61.308,0.428243,0,0,1.60194,0.217218,0.956481,0.66528,12.849,1,0.351265,0.947607,0,37.0997,4.39193,33.3041,0.84672,12.849,0.84672,3695.15,0,36.966,0.258212,1.22843,1.76072,7.35227,1.05167,9.03154,0.42336,36.966,0.42336,423.524,0,1.02816,0,0,2.25659,1.22843,1.028160,1,0,43.2922,0,0,0,43.2922,0
72.29,1.95764,0,0,2.87429,0.115361,0.80129,3.6288,61.308,0.454513,0,0,1.77322,0.224502,1.09421,0.66528,12.849,1,0.347956,0.80129,0,37.766,4.52571,33.6936,0.84672,12.849,0.84672,3695.15,0,36.966,0.274051,1.38614,1.76089,6.7792,1.09327,8.55891,0.42336,36.966,0.42336,423.524,0,1.02816,0,0,2.4143,1.38614,1.028160,1,0,43.3467,0,0,0,43.3467,0
72.29,1.99416,0,0,2.61779,0.115361,0.508266,3.6288,61.308,0.428249,0,0,1.74626,0.224502,1.09351,0.66528,12.849,1,0.354448,0.508266,0,36.888,4.52571,32.5161,0.84672,12.849,0.84672,3695.15,0,36.966,0.258215,1.42281,1.78931,6.53918,1.09327,8.39982,0.42336,36.966,0.42336,423.524,0,1.02816,0,0,2.45097,1.42281,1.028160,1,0,42.0094,0,0,0,42.0094,0
72.1761,1.99494,0,0,2.3593,0.115361,0.36288,3.6288,61.308,0.428249,0,0,1.62615,0.224502,0.973401,0.66528,12.849,1,0.354585,0.36288,0,34.1895,4.52571,29.6721,0.84672,12.849,0.84672,3695.15,0,36.966,0.258215,1.11074,1.76485,6.2263,1.09327,7.75041,0.42336,36.966,0.42336,423.524,0,1.02816,0,0,2.1389,1.11074,1.028160,1,0,38.3959,0,0,0,38.3959,0
71.9826,1.99524,0,0,2.25607,0.0914772,0.36288,3.6288,61.308,0.42825,0,0,1.53736,0.279347,0.829762,0.66528,12.849,1,0.355198,0.36288,0,30.8238,5.23146,25.6,0.84672,12.849,0.84672,3695.15,0,36.966,0.258215,1.08369,1.76502,5.91556,1.35089,7.15517,0.42336,36.966,0.42336,423.524,0,1.02816,0,0,2.11185,1.08369,1.028160,1,0,33.585,0,0,0,33.585,0
71.7467,2.04528,0,0,2.26285,0.090632,0.36288,3.6288,61.308,0.451682,0,0,1.59857,0.313864,0.833027,0.66528,12.849,1,0.365086,0.36288,0,27.7069,5.61411,22.0906,0.84672,12.849,0.84672,3695.15,0,36.966,0.272344,0.981884,1.76519,5.18197,1.46852,6.18818,0.42336,36.966,0.42336,423.524,0,1.02816,0,0,2.01004,0.981884,1.028160,1,0,29.1118,0,0,0,29.1118,0
71.4992,2.0769,0,0,2.28634,0.0939786,0.36288,3.6288,61.308,0.428255,0,0,1.47354,0.318895,0.726393,0.66528,12.849,1,0.37195,0.36288,0,35.9954,5.65425,30.332,0.84672,12.849,0.84672,3695.15,0,36.966,0.258219,1.14223,1.80544,5.39032,1.47436,6.60542,0.42336,36.966,0.42336,423.524,0,1.02816,0,0,2.17039,1.14223,1.028160,1,0,37.6639,0,0,0,37.6639,0
71.1068,2.07661,0,0,2.14083,0.0938015,0.36288,3.6288,61.308,0.428255,0,0,1.37033,0.318895,0.62318,0.66528,12.849,1,0.373183,0.36288,0,28.9008,5.65425,23.2362,0.84672,12.849,0.84672,3695.15,0,36.966,0.258219,1.102,1.78364,4.85895,1.47436,6.01201,0.42336,36.966,0.42336,423.524,0,1.02816,0,0,2.13016,1.102,1.028160,1,0,29.8714,0,0,0,29.8714,0
70.5239,2.07565,0,0,1.94915,0.0935204,0.36288,3.6288,61.308,0.428255,0,0,1.30096,0.318895,0.553809,0.66528,12.849,1,0.375071,0.36288,0,26.3392,5.65425,20.6728,0.84672,12.849,0.84672,3695.15,0,36.966,0.258219,0.774204,1.78382,4.53232,1.47436,5.35776,0.42336,36.966,0.42336,423.524,0,1.02816,0,0,1.80236,0.774204,1.028160,1,0,26.5843,0,0,0,26.5843,0
69.9971,2.22015,0,0,2.15524,0.098958,0.36288,3.6288,61.308,0.512911,0,0,1.53442,0.30793,0.713579,0.66528,12.849,1,0.404497,0.36288,0,26.3194,5.76155,20.5163,0.84672,12.849,0.84672,3695.15,0,36.966,0.309263,1.36531,1.78399,6.14129,1.46115,7.52018,0.42336,36.966,0.42336,423.524,0,1.02816,0,0,2.39347,1.36531,1.028160,1,0,28.75,0,0,0,28.75,0
68.8186,2.33305,0,0,1.65619,0.138817,0.36288,3.6288,61.308,0.428274,0,0,1.22736,0.286818,0.512263,0.66528,12.849,1,0.428266,0.36288,0,23.9608,5.65131,18.2441,0.84672,12.849,0.84672,3695.15,0,36.966,0.25823,0.704454,1.92143,3.68281,1.33742,4.71303,0.42336,36.966,0.42336,423.524,0,1.02816,0,0,1.73261,0.704454,1.028160,1,0,23.4694,0,0,0,23.4694,0
67.5942,2.32772,0,0,1.60381,0.137554,0.36288,3.6288,61.308,0.428274,0,0,1.18295,0.286818,0.467853,0.66528,12.849,1,0.434604,0.36288,0,23.7491,5.65131,18.0261,0.84672,12.849,0.84672,3695.15,0,36.966,0.25823,0.657711,1.84222,3.72106,1.33742,4.62534,0.42336,36.966,0.42336,423.524,0,1.02816,0,0,1.68587,0.657711,1.028160,1,0,23.1193,0,0,0,23.1193,0
66.7616,2.32195,0,0,1.98846,0.136241,0.36288,3.6288,61.308,0.428274,0,0,1.26632,0.286818,0.551229,0.66528,12.849,1,0.44138,0.36288,0,23.2566,5.65131,17.5268,0.84672,12.849,0.84672,3695.15,0,36.966,0.25823,0.850435,1.84241,5.45795,1.33742,6.55514,0.42336,36.966,0.42336,423.524,0,1.02816,0,0,1.8786,0.850435,1.028160,1,0,24.6332,0,0,0,24.6332,0
65.4477,2.31818,0,0,1.50492,0.137753,0.36288,3.6288,61.308,0.428274,0,0,1.13079,0.286859,0.415661,0.66528,12.849,1,0.446158,0.36288,0,22.0204,5.66241,16.2747,0.84672,12.849,0.84672,3695.15,0,36.966,0.25823,0.661971,1.8426,3.61076,1.33525,4.52185,0.42336,36.966,0.42336,423.524,0,1.02816,0,0,1.69013,0.661971,1.028160,1,0,21.2122,0,0,0,21.2122,0
64.5087,2.24098,0,0,1.8752,0.210337,0.36288,3.6288,61.308,0.376834,0,0,2.55524,0.294033,1.88437,0.66528,12.849,1,0.439959,0.36288,0,44.771,5.85575,38.8382,0.84672,12.849,0.84672,3695.15,0,36.966,0.227214,1.30108,1.84279,4.79144,1.20918,6.49891,0.42336,36.966,0.42336,423.524,0,1.02816,0,0,2.32924,1.30108,1.028160,1,0,47.2215,0,0,0,47.2215,0
63.5638,2.1677,0,0,1.79446,0.208756,0.36288,3.6288,61.308,0.428263,0,0,2.17491,0.294033,1.45262,0.66528,12.849,1,0.431768,0.36288,0,48.2193,5.85575,42.2947,0.84672,12.849,0.84672,3695.15,0,36.966,0.258223,1.20627,1.76345,4.30315,1.20918,5.80547,0.42336,36.966,0.42336,423.524,0,1.02816,0,0,2.23443,1.20627,1.028160,1,0,49.5528,0,0,0,49.5528,0
62.3129,2.16317,0,0,1.51254,0.237458,0.36288,3.6288,61.308,0.428263,0,0,1.85573,0.272903,1.15457,0.66528,12.849,1,0.43727,0.36288,0,33.7263,5.51972,28.1322,0.84672,12.849,0.84672,3695.15,0,36.966,0.258224,0.9288,1.81188,5.61045,1.122,6.97091,0.42336,36.966,0.42336,423.524,0,1.02816,0,0,1.95696,0.9288,1.028160,1,0,36.2577,0,0,0,36.2577,0
61.7817,2.15669,0,0,2.18733,0.198888,0.36288,3.6288,61.308,0.428263,0,0,2.2897,0.294628,1.5668,0.66528,12.849,1,0.444713,0.36288,0,33.9562,6.03261,27.8418,0.84672,12.849,0.84672,3695.15,0,36.966,0.258224,1.37567,1.81206,7.92815,1.05809,9.79957,0.42336,36.966,0.42336,423.524,0,1.02816,0,0,2.40383,1.37567,1.028160,1,0,39.2082,0,0,0,39.2082,0
63.8687,2.09693,0,0,4.81434,0.267617,0.36288,3.6288,61.308,0.381397,0,0,2.621,0.252497,1.98711,0.66528,12.849,1,0.436107,0.36288,0,43.6513,4.90961,38.6684,0.84672,12.849,0.84672,3695.15,0,36.966,0.229965,1.81263,1.81224,11.3632,1.04115,13.7169,0.42336,36.966,0.42336,423.524,0,1.02816,0,0,2.84079,1.81263,1.028160,1,0,54.3725,0,0,0,54.3725,0
62.3927,2.04704,0,0,1.24856,0.314582,0.36288,3.6288,61.308,0.428253,0,0,1.15323,0.24088,0.4841,0.66528,12.849,1,0.411821,0.36288,0,27.682,4.21722,23.4159,0.84672,12.849,0.84672,3695.15,0,36.966,0.258217,0.301821,1.74139,4.21338,1.10846,4.88991,0.42336,36.966,0.42336,423.524,0,1.02816,0,0,1.32998,0.301821,1.028160,1,0,28.7899,0,0,0,28.7899,0
61.4648,2.03974,0,0,1.78548,0.310819,0.36288,3.6288,61.308,0.510246,0,0,1.08272,0.24088,0.331596,0.66528,12.849,1,0.42006,0.36288,0,34.3199,4.21722,30.0455,0.84672,12.849,0.84672,3695.15,0,36.966,0.307656,0.292723,1.78551,4.82409,1.10846,5.48621,0.42336,36.966,0.42336,423.524,0,0.896728,0,0,1.18945,0.292723,1.028160,1,0,35.8633,0,0,0,35.8633,0
63.4382,2.03527,0,0,4.68005,0.308453,0.36288,3.6288,61.308,0.428253,0,0,3.23845,0.24088,2.56932,0.66528,12.849,1,0.425467,0.36288,0,76.2655,4.21722,71.9857,0.84672,12.849,0.84672,3695.15,0,36.966,0.258217,3.05824,1.78569,9.75733,1.10846,13.2346,0.42336,36.966,0.42336,423.524,0,1.02816,0,0,4.0864,3.05824,1.028160,1,0,87.7896,0,0,0,87.7896,0
63.6889,1.88315,0,0,2.80791,0.311155,0.36288,3.6288,61.308,0.330557,0,0,1.81858,0.221418,1.26661,0.66528,12.849,1,0.38142,0.36288,0,53.4469,4.08888,49.3394,0.84672,12.849,0.84672,3695.15,0,36.966,0.199311,1.39726,1.78587,5.41405,1.03342,7.36444,0.42336,36.966,0.42336,423.524,0,1.02816,0,0,2.42542,1.39726,1.028160,1,0,57.9705,0,0,0,57.9705,0
64.9848,1.76267,0,0,3.72734,0.305951,0.36288,3.6288,61.308,0.422353,0,0,1.47813,0.172763,0.883016,0.66528,12.849,1,0.355612,0.36288,0,54.0384,3.76803,50.2777,0.84672,12.849,0.84672,3695.15,0,36.966,0.25466,0.912868,1.62811,6.83919,0.845834,8.27968,0.42336,36.966,0.42336,423.524,0,1.02816,0,0,1.94103,0.912868,1.028160,1,0,59.4404,0,0,0,59.4404,0
66.2585,1.76905,0,0,3.71795,0.312294,0.36288,3.6288,61.308,0.422549,0,0,1.79213,0.212936,1.15665,0.66528,12.849,1,0.349781,0.36288,0,62.6739,4.37021,58.3168,0.84672,12.849,0.84672,3695.15,0,36.966,0.254778,0.802958,1.71438,7.62765,1.08334,8.80687,0.42336,36.966,0.42336,423.524,0,1.02816,0,0,1.83112,0.802958,1.028160,1,0,68.2803,0,0,0,68.2803,0
68.6182,1.77513,0,0,4.79188,0.294157,0.36288,3.6288,61.308,0.422746,0,0,2.19836,0.223203,1.55241,0.66528,12.849,1,0.344238,0.36288,0,76.098,3.96835,72.1483,0.84672,12.849,0.84672,3695.15,0,36.966,0.254897,1.19774,1.71473,8.65911,0.931956,10.3847,0.42336,36.966,0.42336,423.524,0,1.02816,0,0,2.2259,1.19774,1.028160,1,0,84.0854,0,0,0,84.0854,0
71.9416,1.78556,0,0,5.76157,0.289764,0.36288,3.6288,61.308,0.422943,0,0,2.39356,0.20221,1.7684,0.66528,12.849,1,0.334353,0.36288,0,81.3983,3.49671,77.9301,0.84672,12.849,0.84672,3695.15,0,36.966,0.255016,1.69468,1.71507,14.2403,0.78606,16.6089,0.42336,36.966,0.42336,423.524,0,1.02816,0,0,2.72284,1.69468,1.028160,1,0,96.3075,0,0,0,96.3075,0
71.6037,1.86352,0,0,2.19905,0.310509,0.36288,3.6288,61.308,0.451458,0,0,0.84494,0.182726,0.210756,0.66528,12.849,1,0.332831,0.36288,0,73.1736,3.5028,69.7009,0.84672,12.849,0.84672,3695.15,0,36.966,0.272209,0.702631,1.71542,7.01604,0.850651,8.31123,0.42336,36.966,0.42336,423.524,0,1.02816,0,0,1.73079,0.702631,1.028160,1,0,78.2229,0,0,0,78.2229,0
71.666,1.89449,0,0,2.63382,0.314139,0.36288,3.6288,61.308,0.428231,0,0,0.945726,0.170652,0.346842,0.66528,12.849,1,0.339958,0.36288,0,82.8904,3.40756,79.5058,0.84672,12.849,0.84672,3695.15,0,36.966,0.258204,0.960811,1.76506,7.76555,0.83532,9.39789,0.42336,36.966,0.42336,423.524,0,1.02816,0,0,1.98897,0.960811,1.028160,1,0,89.2505,0,0,0,89.2505,0
72.29,1.89547,0,0,5.44129,0.314288,2.60755,3.6288,61.308,0.428231,0,0,1.71609,0.170652,1.11721,0.66528,12.849,1,0.339838,2.60755,0,94.468,3.40756,93.3282,0.84672,12.849,0.84672,3695.15,0,36.966,0.258204,1.79474,1.74343,8.22485,0.83532,10.6695,0.42336,36.966,0.42336,423.524,0,1.02816,0,0,2.8229,1.79474,1.028160,1,0,105.115,0,0,0,105.115,0
72.29,1.89869,0,0,6.55445,0.306911,4.34885,3.6288,61.308,0.428231,0,0,1.74309,0.167167,1.1477,0.66528,12.849,1,0.337477,4.34885,0,115.611,3.36793,116.254,0.84672,12.849,0.84672,3695.15,0,36.966,0.258204,1.6798,1.74359,12.0887,0.831861,14.422,0.42336,36.966,0.42336,423.524,0,1.02816,0,0,2.70796,1.6798,1.028160,1,0,131.824,0,0,0,131.824,0
72.29,2.10654,0,0,8.56737,0.289478,6.17136,3.6288,61.308,0.534641,0,0,1.76687,0.146384,1.08585,0.66528,12.849,1,0.374421,6.17136,0,115.45,3.07953,118.167,0.84672,12.849,0.84672,3695.15,0,36.966,0.322365,2.27055,1.74375,14.1383,0.844449,16.9858,0.42336,36.966,0.42336,423.524,0,1.02816,0,0,3.29871,2.27055,1.028160,1,0,136.239,0,0,0,136.239,0
72.29,2.25214,0,0,3.24416,0.337216,0.654797,3.6288,61.308,0.428255,0,0,0.967766,0.146556,0.392956,0.66528,12.849,1,0.400301,0.654797,0,60.4597,3.01203,57.7022,0.84672,12.849,0.84672,3695.15,0,36.966,0.258218,1.40493,1.92141,7.43014,0.888899,9.60937,0.42336,36.966,0.42336,423.524,0,1.02816,0,0,2.43309,1.40493,1.028160,1,0,67.7045,0,0,0,67.7045,0
71.9841,2.25295,0,0,2.64714,0.337216,0.36288,3.6288,61.308,0.428255,0,0,1.02032,0.146556,0.445513,0.66528,12.849,1,0.400445,0.36288,0,46.7754,3.01203,43.7258,0.84672,12.849,0.84672,3695.15,0,36.966,0.258218,1.01792,1.82179,6.75985,0.888899,8.45245,0.42336,36.966,0.42336,423.524,0,1.02816,0,0,2.04608,1.01792,1.028160,1,0,52.6238,0,0,0,52.6238,0
72.29,2.25231,0,0,4.16517,0.313426,1.29353,3.6288,61.308,0.428255,0,0,1.58212,0.169576,0.984292,0.66528,12.849,1,0.402033,1.29353,0,83.6764,3.90387,80.664,0.84672,12.849,0.84672,3695.15,0,36.966,0.258219,1.66602,1.82197,15.3247,1.07127,17.4832,0.42336,36.966,0.42336,423.524,0,1.02816,0,0,2.69418,1.66602,1.028160,1,0,99.1315,0,0,0,99.1315,0
72.29,1.95889,0,0,3.91718,0.304222,1.65407,3.6288,61.308,0.285327,0,0,1.1418,0.175363,0.681111,0.66528,12.849,1,0.348178,1.65407,0,73.205,4.03423,70.4766,0.84672,12.849,0.84672,3695.15,0,36.966,0.17204,1.37961,1.82215,9.32766,1.05907,11.2983,0.42336,36.966,0.42336,423.524,0,1.02816,0,0,2.40777,1.37961,1.028160,1,0,82.4561,0,0,0,82.4561,0
72.29,1.78065,0,0,4.73214,0.301917,2.64957,3.6288,61.308,0.416799,0,0,2.04422,0.18588,1.44155,0.66528,12.849,1,0.316497,2.64957,0,84.7117,3.92773,83.117,0.84672,12.849,0.84672,3695.15,0,36.966,0.251311,3.38754,1.58006,14.995,1.05176,18.6595,0.42336,36.966,0.42336,423.524,0,1.02816,0,0,4.4157,3.38754,1.028160,1,0,103.218,0,0,0,103.218,0
72.29,1.78109,0,0,4.09756,0.301917,2.01455,3.6288,61.308,0.416988,0,0,1.16101,0.18588,0.558141,0.66528,12.849,1,0.316576,2.01455,0,71.7443,3.92773,69.5146,0.84672,12.849,0.84672,3695.15,0,36.966,0.251425,2.08201,1.70354,9.11537,1.05176,11.5977,0.42336,36.966,0.42336,423.524,0,1.02816,0,0,3.11017,2.08201,1.028160,1,0,81.6704,0,0,0,81.6704,0
72.29,1.78154,0,0,3.83886,0.358982,1.69834,3.6288,61.308,0.417178,0,0,1.05893,0.110087,0.531662,0.66528,12.849,1,0.316655,1.69834,0,52.7933,3.05865,51.1163,0.84672,12.849,0.84672,3695.15,0,36.966,0.25154,1.86081,1.70388,8.02302,0.810214,10.5259,0.42336,36.966,0.42336,423.524,0,1.02816,0,0,2.88897,1.86081,1.028160,1,0,62.1739,0,0,0,62.1739,0
72.29,1.78198,0,0,3.73887,0.349733,1.60716,3.6288,61.308,0.417367,0,0,1.15483,0.160063,0.577401,0.66528,12.849,1,0.316734,1.60716,0,70.7348,4.16934,67.8559,0.84672,12.849,0.84672,3695.15,0,36.966,0.251654,2.20665,1.70421,9.7759,1.11297,12.3221,0.42336,36.966,0.42336,423.524,0,1.02816,0,0,3.23481,2.20665,1.028160,1,0,80.7554,0,0,0,80.7554,0
72.29,1.85693,0,0,3.46428,0.32994,1.2774,3.6288,61.308,0.45256,0,0,1.0038,0.186372,0.364871,0.66528,12.849,1,0.330056,1.2774,0,62.3528,4.98782,58.3123,0.84672,12.849,0.84672,3695.15,0,36.966,0.272874,1.75677,1.70454,5.95535,1.14373,8.00006,0.42336,36.966,0.42336,423.524,0,1.02816,0,0,2.78493,1.75677,1.028160,1,0,66.6773,0,0,0,66.6773,0
72.29,1.89078,0,0,2.75689,0.32994,0.53618,3.6288,61.308,0.428232,0,0,0.813629,0.186372,0.199025,0.66528,12.849,1,0.336071,0.53618,0,45.0919,4.98782,40.3042,0.84672,12.849,0.84672,3695.15,0,36.966,0.258205,1.26851,1.76467,5.61996,1.14373,7.2512,0.42336,36.966,0.42336,423.524,0,1.02816,0,0,2.29667,1.26851,1.028160,1,0,47.7544,0,0,0,47.7544,0
72.29,1.8915,0,0,2.67679,0.274956,0.510333,3.6288,61.308,0.428232,0,0,0.785851,0.169394,0.188226,0.66528,12.849,1,0.336201,0.510333,0,52.1577,4.08451,48.2473,0.84672,12.849,0.84672,3695.15,0,36.966,0.258205,1.14156,1.74201,5.38835,1.03978,6.97393,0.42336,36.966,0.42336,423.524,0,1.02816,0,0,2.16972,1.14156,1.028160,1,0,55.4095,0,0,0,55.4095,0
72.29,1.89223,0,0,2.51185,0.252962,0.366651,3.6288,61.308,0.428232,0,0,0.716467,0.162602,0.125633,0.66528,12.849,1,0.33633,0.366651,0,45.7885,3.7232,42.0956,0.84672,12.849,0.84672,3695.15,0,36.966,0.258205,1.03311,1.74217,5.1715,0.998205,6.69037,0.42336,36.966,0.42336,423.524,0,1.02816,0,0,2.06127,1.03311,1.028160,1,0,48.9116,0,0,0,48.9116,0
72.1513,1.8638,0,0,2.34929,0.261313,0.36288,3.6288,61.308,0.414625,0,0,0.725314,0.150308,0.160381,0.66528,12.849,1,0.331277,0.36288,0,41.2448,3.90097,37.3754,0.84672,12.849,0.84672,3695.15,0,36.966,0.25,0.730763,1.74233,4.21518,1.01125,5.42703,0.42336,36.966,0.42336,423.524,0,1.02816,0,0,1.75892,0.730763,1.028160,1,0,42.9628,0,0,0,42.9628,0
71.5532,1.84547,0,0,1.89685,0.286619,0.36288,3.6288,61.2123,0.603842,0,0,0.677609,0.169493,0,0.66528,12.849,1,0.328649,0.36288,0,31.4357,4.2921,27.1778,0.84672,12.849,0.84672,3695.15,0,36.966,0.36409,0.528595,1.7192,3.37726,1.05677,4.2042,0.42336,36.966,0.42336,423.524,0,0.74666,0,0,1.27526,0.528595,1.028160,1,0,31.382,0,0,0,31.382,0
70.8093,1.84386,0,0,1.70613,0.24328,0.36288,3.6288,60.99,0.581848,0,0,0.562029,0.202505,0,0.66528,12.849,1,0.331107,0.36288,0,28.2004,4.61817,23.614,0.84672,12.849,0.84672,3695.15,0,36.966,0.351377,0.402797,1.73212,3.0934,1.08025,3.79669,0.42336,36.966,0.42336,423.524,0,0.781367,0,0,1.18416,0.402797,1.028160,1,0,27.4106,0,0,0,27.4106,0
70.0487,1.84164,0,0,1.64417,0.200239,0.36288,3.6288,60.8059,0.550161,0,0,0.587926,0.2218,0,0.66528,12.849,1,0.334182,0.36288,0,27.0077,4.79115,22.2452,0.84672,12.849,0.84672,3695.15,0,36.966,0.333453,0.402797,1.73228,3.28473,1.09058,3.99577,0.42336,36.966,0.42336,423.524,0,0.830978,0,0,1.23377,0.402797,1.028160,1,0,26.241,0,0,0,26.241,0
69.124,1.93787,0,0,1.57296,0.196871,0.36288,3.6288,60.4984,0.650962,0,0,0.571697,0.228235,0,0.66528,12.849,1,0.355462,0.36288,0,25.5491,4.89882,20.6577,0.84672,12.849,0.84672,3695.15,0,36.966,0.395742,0.402797,1.73244,3.22518,1.11279,3.85189,0.42336,36.966,0.42336,423.524,0,0.745304,0,0,1.1481,0.402797,1.028160,1,0,24.5096,0,0,0,24.5096,0
68.199,1.99987,0,0,1.627,0.189324,0.36288,3.6288,60.1519,0.668022,0,0,0.555616,0.234071,0,0.66528,12.849,1,0.371743,0.36288,0,26.656,4.85894,21.7882,0.84672,12.849,0.84672,3695.15,0,36.966,0.408178,0.402797,1.81427,2.91908,1.18209,3.54589,0.42336,36.966,0.42336,423.524,0,0.63841,0,0,1.04121,0.402797,1.028160,1,0,25.3341,0,0,0,25.3341,0
67.1357,1.99638,0,0,1.43142,0.135433,0.36288,3.6288,59.7898,0.603505,0,0,0.473437,0.232096,0,0.66528,12.849,1,0.376127,0.36288,0,23.0209,4.82612,18.1816,0.84672,12.849,0.84672,3695.15,0,36.966,0.37088,0.30119,1.76915,2.68593,1.13025,3.25514,0.42336,36.966,0.42336,423.524,0,0.740223,0,0,1.04141,0.30119,1.028160,1,0,21.4367,0,0,0,21.4367,0
66.0358,1.99213,0,0,1.38941,0.134306,0.36288,3.6288,59.4515,0.609496,0,0,0.502778,0.231561,0,0.66528,12.849,1,0.38127,0.36288,0,21.9423,4.82612,17.0978,0.84672,12.849,0.84672,3695.15,0,36.966,0.376831,0.30119,1.76931,2.85729,1.13025,3.42071,0.42336,36.966,0.42336,423.524,0,0.728283,0,0,1.02947,0.30119,1.028160,1,0,20.5185,0,0,0,20.5185,0
64.8703,1.98756,0,0,1.31813,0.133139,0.36288,3.6288,59.0738,0.635184,0,0,0.488577,0.231061,0,0.66528,12.849,1,0.386732,0.36288,0,20.6089,4.82612,15.7589,0.84672,12.849,0.84672,3695.15,0,36.966,0.394947,0.30119,1.76948,2.64172,1.13025,3.1872,0.42336,36.966,0.42336,423.524,0,0.684478,0,0,0.985668,0.30119,1.028160,1,0,18.9461,0,0,0,18.9461,0
64.2445,1.96322,0,0,1.8003,0.100059,0.36288,3.6288,59.061,0.448433,0,0,0.674153,0.238524,0,0.66528,12.849,1,0.38886,0.36288,0,33.6115,4.63764,28.9479,0.84672,12.849,0.84672,3695.15,0,36.966,0.280611,0.435162,1.76965,4.0243,1.15894,4.78955,0.42336,36.966,0.42336,423.524,0,1.02816,0,0,1.46332,0.435162,1.028160,1,0,33.7374,0,0,0,33.7374,0
63.4553,1.9963,0,0,1.66965,0.0996183,0.36288,3.6288,59.0655,0.422203,0,0,0.66515,0.238504,0,0.66528,12.849,1,0.399264,0.36288,0,30.8261,4.63764,26.152,0.84672,12.849,0.84672,3695.15,0,36.966,0.264255,0.426557,1.7984,3.67141,1.15894,4.47317,0.42336,36.966,0.42336,423.524,0,1.02816,0,0,1.45472,0.426557,1.028160,1,0,30.6252,0,0,0,30.6252,0
62.5619,1.99292,0,0,1.5613,0.098921,0.36288,3.6288,59.0759,0.422216,0,0,0.671155,0.238511,0,0.66528,12.849,1,0.403544,0.36288,0,28.753,4.63764,24.0747,0.84672,12.849,0.84672,3695.15,0,36.966,0.264243,0.479477,1.77364,3.59754,1.15894,4.42747,0.42336,36.966,0.42336,423.524,0,1.02816,0,0,1.50764,0.479477,1.028160,1,0,28.5021,0,0,0,28.5021,0
61.6376,1.98888,0,0,1.52155,0.094127,0.36288,3.6288,59.0107,0.422244,0,0,0.629407,0.272325,0,0.66528,12.849,1,0.408477,0.36288,0,26.9518,5.06927,21.8369,0.84672,12.849,0.84672,3695.15,0,36.966,0.264214,0.412534,1.77381,3.47151,1.2625,4.13114,0.42336,36.966,0.42336,423.524,0,1.02816,0,0,1.44069,0.412534,1.028160,1,0,25.9681,0,0,0,25.9681,0
60.7231,2.03395,0,0,1.56045,0.078112,0.36288,3.6288,58.9387,0.445426,0,0,0.67345,0.300015,0,0.66528,12.849,1,0.423999,0.36288,0,30.7431,5.60845,25.0735,0.84672,12.849,0.84672,3695.15,0,36.966,0.279028,0.29573,1.77398,3.50208,1.39084,3.90192,0.42336,36.966,0.42336,423.524,0,1.02816,0,0,1.32389,0.29573,1.028160,1,0,28.9755,0,0,0,28.9755,0
59.678,2.06079,0,0,1.4459,0.0673365,0.36288,3.6288,58.7592,0.421872,0,0,0.552968,0.31059,0,0.66528,12.849,1,0.436063,0.36288,0,25.5344,5.88336,19.5779,0.84672,12.849,0.84672,3695.15,0,36.966,0.264595,0.290002,1.81469,3.45621,1.45602,3.84028,0.42336,36.966,0.42336,423.524,0,1.02816,0,0,1.31816,0.290002,1.028160,1,0,23.4181,0,0,0,23.4181,0
58.5448,2.05526,0,0,1.35166,0.0667007,0.36288,3.6288,58.5081,0.452576,0,0,0.511619,0.310232,0,0.66528,12.849,1,0.442509,0.36288,0,24.2795,5.88336,18.3165,0.84672,12.849,0.84672,3695.15,0,36.966,0.28472,0.227405,1.79263,3.03268,1.45602,3.31198,0.42336,36.966,0.42336,423.524,0,0.977331,0,0,1.20474,0.227405,1.028160,1,0,21.6285,0,0,0,21.6285,0
57.4004,2.04899,0,0,1.33351,0.0659756,0.36288,3.6288,58.3312,0.420678,0,0,0.55353,0.309731,0,0.66528,12.849,1,0.449698,0.36288,0,22.529,5.88336,16.5588,0.84672,12.849,0.84672,3695.15,0,36.966,0.265789,0.257783,1.7928,3.42962,1.45602,3.7584,0.42336,36.966,0.42336,423.524,0,1.02816,0,0,1.28594,0.257783,1.028160,1,0,20.3172,0,0,0,20.3172,0
56.2253,2.18539,0,0,1.42848,0.0553795,0.36288,3.6288,58.1088,0.504203,0,0,0.574187,0.292381,0,0.66528,12.849,1,0.489196,0.36288,0,23.0849,6.11097,16.8476,0.84672,12.849,0.84672,3695.15,0,36.966,0.319526,0.362845,1.79298,4.1101,1.51383,4.43257,0.42336,36.966,0.42336,423.524,0,1.02816,0,0,1.39101,0.362845,1.028160,1,0,21.2802,0,0,0,21.2802,0
54.8518,2.27551,0,0,1.35388,0.0889819,0.36288,3.6288,57.9683,0.430136,0,0,0.582502,0.292804,0,0.66528,12.849,1,0.520017,0.36288,0,25.709,6.01912,19.5327,0.84672,12.849,0.84672,3695.15,0,36.966,0.273632,0.422435,1.93199,3.10508,1.44896,3.73691,0.42336,36.966,0.42336,423.524,0,1.02816,0,0,1.4506,0.422435,1.028160,1,0,23.2697,0,0,0,23.2697,0
53.2233,2.26546,0,0,1.08764,0.0877693,0.36288,3.6288,57.5295,0.567653,0,0,0.421317,0.292539,0,0.66528,12.849,1,0.530682,0.36288,0,25.1218,6.01912,18.9349,0.84672,12.849,0.84672,3695.15,0,36.966,0.361988,0.204422,1.86197,2.49269,1.44896,2.74814,0.42336,36.966,0.42336,423.524,0,0.802665,0,0,1.00709,0.204422,1.028160,1,0,21.683,0,0,0,21.683,0
51.8758,2.25287,0,0,1.35454,0.0863316,0.36288,3.6288,57.5289,0.428918,0,0,0.7201,0.29171,0,0.66528,12.849,1,0.54388,0.36288,0,22.944,6.01912,16.7439,0.84672,12.849,0.84672,3695.15,0,36.966,0.275605,0.876865,1.86238,3.85417,1.44896,4.86885,0.42336,36.966,0.42336,423.524,0,1.02816,0,0,1.90503,0.876865,1.028160,1,0,21.6128,0,0,0,21.6128,0
50.2774,2.24203,0,0,1.09808,0.0915017,0.36288,3.6288,57.3605,0.429147,0,0,0.512047,0.251329,0,0.66528,12.849,1,0.555325,0.36288,0,17.3129,4.91006,12.2104,0.84672,12.849,0.84672,3695.15,0,36.966,0.275754,0.288101,1.86278,3.85671,1.01723,4.71461,0.42336,36.966,0.42336,423.524,0,1.02816,0,0,1.31626,0.288101,1.028160,1,0,16.925,0,0,0,16.925,0
49.0983,2.16047,0,0,1.47583,0.1316,0.36288,3.6288,57.3542,0.378166,0,0,0.624364,0.252488,0,0.66528,12.849,1,0.552133,0.36288,0,22.8432,4.91916,17.7348,0.84672,12.849,0.84672,3695.15,0,36.966,0.243709,0.246387,1.86319,4.68208,1.29472,5.25322,0.42336,36.966,0.42336,423.524,0,1.02816,0,0,1.27455,0.246387,1.028160,1,0,22.988,0,0,0,22.988,0
47.8138,2.09951,0,0,1.31453,0.136636,0.36288,3.6288,57.6001,0.417434,0,0,0.917103,0.253837,0,0.66528,12.849,1,0.549439,0.36288,0,20.6589,4.95148,15.5209,0.84672,12.849,0.84672,3695.15,0,36.966,0.269045,1.03301,1.78316,5.404,1.35297,6.59815,0.42336,36.966,0.42336,423.524,0,1.02816,0,0,2.06117,1.03301,1.028160,1,0,22.119,0,0,0,22.119,0
46.3872,2.08862,0,0,1.15964,0.134744,0.36288,3.6288,57.444,0.418134,0,0,0.516336,0.254241,0,0.66528,12.849,1,0.561275,0.36288,0,21.3996,4.95148,16.2497,0.84672,12.849,0.84672,3695.15,0,36.966,0.268346,0.219836,1.82114,4.05256,1.35297,4.47223,0.42336,36.966,0.42336,423.524,0,1.02816,0,0,1.248,0.219836,1.028160,1,0,20.7219,0,0,0,20.7219,0
44.7999,2.07585,0,0,0.98401,0.132642,0.36288,3.6288,57.176,0.484665,0,0,0.470665,0.253984,0,0.66528,12.849,1,0.574998,0.36288,0,19.7736,4.95148,14.61,0.84672,12.849,0.84672,3695.15,0,36.966,0.311888,0.216518,1.82132,3.8562,1.35297,4.22918,0.42336,36.966,0.42336,423.524,0,0.918086,0,0,1.1346,0.216518,1.028160,1,0,18.8392,0,0,0,18.8392,0
43.8093,2.00625,0,0,1.57872,0.200205,0.36288,3.6288,57.2433,0.370777,0,0,0.653865,0.215777,0,0.66528,12.849,1,0.575411,0.36288,0,25.1421,4.01616,20.9134,0.84672,12.849,0.84672,3695.15,0,36.966,0.239718,0.375227,1.8215,4.69814,1.06278,5.59237,0.42336,36.966,0.42336,423.524,0,1.02816,0,0,1.40339,0.375227,1.028160,1,0,26.5058,0,0,0,26.5058,0
42.5397,1.93817,0,0,1.21643,0.184937,0.36288,3.6288,57.0936,0.417108,0,0,0.536297,0.268897,0,0.66528,12.849,1,0.568453,0.36288,0,20.0265,4.22247,15.5984,0.84672,12.849,0.84672,3695.15,0,36.966,0.269356,0.30348,1.74983,5.79887,1.13014,6.45268,0.42336,36.966,0.42336,423.524,0,1.02816,0,0,1.33164,0.30348,1.028160,1,0,22.0511,0,0,0,22.0511,0
41.684,1.92584,0,0,1.6214,0.188405,0.36288,3.6288,57.1552,0.416679,0,0,0.744543,0.266278,0,0.66528,12.849,1,0.581695,0.36288,0,35.2426,4.15098,30.8728,0.84672,12.849,0.84672,3695.15,0,36.966,0.269784,0.787026,1.79446,8.2668,1.11976,9.45874,0.42336,36.966,0.42336,423.524,0,1.02816,0,0,1.81519,0.787026,1.028160,1,0,40.3316,0,0,0,40.3316,0
42.8875,1.91742,0,0,3.70686,0.223082,0.36288,3.6288,57.9443,0.416856,0,0,1.45812,0.252231,0,0.66528,12.849,1,0.59104,0.36288,0,44.6789,3.72204,40.7287,0.84672,12.849,0.84672,3695.15,0,36.966,0.269608,1.36777,1.79463,13.4543,1.05746,15.2896,0.42336,36.966,0.42336,423.524,0,1.02816,0,0,2.39593,1.36777,1.028160,1,0,56.0183,0,0,0,56.0183,0
43.6219,1.77749,0,0,3.09827,0.223476,0.36288,3.6288,58.2704,0.322397,0,0,0.897543,0.249017,0,0.66528,12.849,1,0.532532,0.36288,0,45.697,3.75522,41.7721,0.84672,12.849,0.84672,3695.15,0,36.966,0.205676,1.21461,1.7948,8.15436,1.03558,9.92252,0.42336,36.966,0.42336,423.524,0,1.02816,0,0,2.24277,1.21461,1.028160,1,0,51.6946,0,0,0,51.6946,0
44.935,1.66274,0,0,3.54742,0.208721,0.36288,3.6288,58.5158,0.419992,0,0,0.887838,0.222444,0,0.66528,12.849,1,0.489767,0.36288,0,46.1895,3.9543,42.1083,0.84672,12.849,0.84672,3695.15,0,36.966,0.266437,1.41943,1.63524,7.6939,0.904305,9.57783,0.42336,36.966,0.42336,423.524,0,1.02816,0,0,2.44759,1.41943,1.028160,1,0,51.6862,0,0,0,51.6862,0
46.1755,1.67452,0,0,3.48976,0.211862,0.36288,3.6288,58.7711,0.420677,0,0,0.898828,0.222796,0,0.66528,12.849,1,0.478825,0.36288,0,60.8227,3.9543,56.7524,0.84672,12.849,0.84672,3695.15,0,36.966,0.265753,1.08108,1.72807,6.69603,0.904305,8.33512,0.42336,36.966,0.42336,423.524,0,1.02816,0,0,2.10924,1.08108,1.028160,1,0,65.0875,0,0,0,65.0875,0
46.5325,1.68525,0,0,2.61996,0.214829,0.36288,3.6288,58.8621,0.421386,0,0,0.735529,0.223162,0,0.66528,12.849,1,0.468945,0.36288,0,64.2292,3.9543,60.1689,0.84672,12.849,0.84672,3695.15,0,36.966,0.265044,1.98336,1.72823,6.16718,0.904305,8.70942,0.42336,36.966,0.42336,423.524,0,1.02816,0,0,3.01152,1.98336,1.028160,1,0,68.8783,0,0,0,68.8783,0
45.9987,1.68873,0,0,1.73353,0.215682,0.36288,3.6288,58.6418,0.421637,0,0,0.424612,0.223292,0,0.66528,12.849,1,0.466308,0.36288,0,35.5597,3.9543,31.502,0.84672,12.849,0.84672,3695.15,0,36.966,0.264792,0.45849,1.72839,5.15659,0.904305,6.17437,0.42336,36.966,0.42336,423.524,0,1.02816,0,0,1.48665,0.45849,1.028160,1,0,37.6764,0,0,0,37.6764,0
46.1925,1.74516,0,0,2.53653,0.234689,0.36288,3.6288,59.4181,0.449187,0,0,1.41512,0.189663,0,0.66528,12.849,1,0.487481,0.36288,0,91.2673,3.09915,88.0435,0.84672,12.849,0.84672,3695.15,0,36.966,0.283153,1.97085,1.72855,11.2528,0.873408,13.7957,0.42336,36.966,0.42336,423.524,0,1.02816,0,0,2.99901,1.97085,1.028160,1,0,101.839,0,0,0,101.839,0
46.3455,1.78333,0,0,2.54255,0.243328,0.36288,3.6288,60.4134,0.423164,0,0,1.59573,0.177218,0,0.66528,12.849,1,0.496056,0.36288,0,55.0196,2.75709,52.1293,0.84672,12.849,0.84672,3695.15,0,36.966,0.263265,2.02101,1.77856,9.27884,0.86105,11.9541,0.42336,36.966,0.42336,423.524,0,1.02816,0,0,3.04917,2.02101,1.028160,1,0,64.0834,0,0,0,64.0834,0
46.0309,1.78528,0,0,2.07728,0.243742,0.36288,3.6288,61.2162,0.425855,0,0,1.40697,0.178347,0,0.66528,12.849,1,0.494957,0.36288,0,39.891,2.75709,37.0018,0.84672,12.849,0.84672,3695.15,0,36.966,0.260574,1.6241,1.75185,7.91044,0.86105,10.1648,0.42336,36.966,0.42336,423.524,0,1.02816,0,0,2.65226,1.6241,1.028160,1,0,47.1666,0,0,0,47.1666,0
45.7324,1.78329,0,0,2.12248,0.274778,0.36288,3.6288,61.308,0.427986,0,0,1.36064,0.165518,0.675332,0.66528,12.849,1,0.497785,0.36288,0,46.6617,3.17658,43.3502,0.84672,12.849,0.84672,3695.15,0,36.966,0.258443,1.66158,1.75201,8.20956,0.892,10.4727,0.42336,36.966,0.42336,423.524,0,1.02816,0,0,2.68974,1.66158,1.028160,1,0,54.4982,0,0,0,54.4982,0
45.0969,1.97401,0,0,1.98503,0.283713,0.36288,3.6288,61.308,0.535846,0,0,1.13147,0.16239,0.433231,0.66528,12.849,1,0.554618,0.36288,0,42.113,3.5637,38.3576,0.84672,12.849,0.84672,3695.15,0,36.966,0.323091,1.6646,1.75217,7.78746,0.992852,9.88828,0.42336,36.966,0.42336,423.524,0,1.02816,0,0,2.69276,1.6646,1.028160,1,0,48.6791,0,0,0,48.6791,0
45.0557,2.10287,0,0,2.69655,0.271919,0.36288,3.6288,61.308,0.42825,0,0,1.90183,0.156813,1.31677,0.66528,12.849,1,0.599151,0.36288,0,54.4611,3.77737,50.4475,0.84672,12.849,0.84672,3695.15,0,36.966,0.258216,2.33426,1.93184,9.60984,0.999509,12.6182,0.42336,36.966,0.42336,423.524,0,1.02816,0,0,3.36242,2.33426,1.028160,1,0,64.3824,0,0,0,64.3824,0
44.7381,2.10317,0,0,2.42022,0.271793,0.36288,3.6288,61.308,0.42825,0,0,1.22546,0.156813,0.6404,0.66528,12.849,1,0.599783,0.36288,0,52.7702,3.77737,48.7559,0.84672,12.849,0.84672,3695.15,0,36.966,0.258216,1.72559,1.83108,8.54556,0.999509,10.8445,0.42336,36.966,0.42336,423.524,0,1.02816,0,0,2.75375,1.72559,1.028160,1,0,60.2408,0,0,0,60.2408,0
43.3939,2.10059,0,0,1.37607,0.256825,0.36288,3.6288,61.308,0.42825,0,0,0.834702,0.162992,0.24346,0.66528,12.849,1,0.603299,0.36288,0,29.4377,3.73989,25.4574,0.84672,12.849,0.84672,3695.15,0,36.966,0.258216,0.669652,1.83125,5.33202,0.974404,6.60031,0.42336,36.966,0.42336,423.524,0,1.02816,0,0,1.69781,0.669652,1.028160,1,0,32.3011,0,0,0,32.3011,0
43.7085,1.81517,0,0,2.7365,0.243882,0.36288,3.6288,61.308,0.283703,0,0,1.53863,0.176492,1.07843,0.66528,12.849,1,0.537474,0.36288,0,57.9182,3.59652,54.147,0.84672,12.849,0.84672,3695.15,0,36.966,0.17106,1.47113,1.83143,9.38707,0.944579,11.574,0.42336,36.966,0.42336,423.524,0,1.02816,0,0,2.49929,1.47113,1.028160,1,0,66.7995,0,0,0,66.7995,0
46.6219,1.64171,0,0,5.18619,0.268195,0.36288,3.6288,61.308,0.426646,0,0,2.74457,0.189645,2.12828,0.66528,12.849,1,0.482614,0.36288,0,112.736,3.36305,109.253,0.84672,12.849,0.84672,3695.15,0,36.966,0.257248,3.71761,1.58659,14.9427,0.9537,19.036,0.42336,36.966,0.42336,423.524,0,1.02816,0,0,4.74577,3.71761,1.028160,1,0,130.417,0,0,0,130.417,0
50.0112,1.66575,0,0,5.69506,0.277141,0.36288,3.6288,61.308,0.426831,0,0,3.55235,0.189645,2.93588,0.66528,12.849,1,0.459081,0.36288,0,126.522,3.36305,123.062,0.84672,12.849,0.84672,3695.15,0,36.966,0.25736,3.21082,1.72083,19.6042,0.9537,23.3248,0.42336,36.966,0.42336,423.524,0,1.02816,0,0,4.23898,3.21082,1.028160,1,0,149.323,0,0,0,149.323,0
53.0496,1.69091,0,0,5.36266,0.270437,0.36288,3.6288,61.308,0.427017,0,0,3.03891,0.219084,2.39281,0.66528,12.849,1,0.434433,0.36288,0,83.9722,4.20522,79.6954,0.84672,12.849,0.84672,3695.15,0,36.966,0.257472,2.68711,1.72116,13.8961,1.07408,16.9729,0.42336,36.966,0.42336,423.524,0,1.02816,0,0,3.71527,2.68711,1.028160,1,0,99.0611,0,0,0,99.0611,0
55.335,1.71135,0,0,4.63172,0.272068,0.36288,3.6288,61.308,0.427202,0,0,2.2282,0.230859,1.57014,0.66528,12.849,1,0.414502,0.36288,0,81.2177,4.54209,76.624,0.84672,12.849,0.84672,3695.15,0,36.966,0.257584,2.43323,1.72148,11.3449,1.12224,14.1198,0.42336,36.966,0.42336,423.524,0,1.02816,0,0,3.46139,2.43323,1.028160,1,0,92.314,0,0,0,92.314,0
58.968,1.79768,0,0,6.06006,0.266547,0.36288,3.6288,61.308,0.462787,0,0,2.60857,0.230405,1.91538,0.66528,12.849,1,0.417429,0.36288,0,122.183,4.36209,117.766,0.84672,12.849,0.84672,3695.15,0,36.966,0.27904,2.65406,1.72181,10.5833,1.15857,13.5216,0.42336,36.966,0.42336,423.524,0,1.02816,0,0,3.68222,2.65406,1.028160,1,0,133.203,0,0,0,133.203,0
61.8669,1.86497,0,0,5.40098,0.274186,0.36288,3.6288,61.308,0.428227,0,0,2.09864,0.230329,1.44008,0.66528,12.849,1,0.406374,0.36288,0,107.791,4.33209,103.415,0.84672,12.849,0.84672,3695.15,0,36.966,0.258202,1.91767,1.7826,10.5775,1.16462,12.855,0.42336,36.966,0.42336,423.524,0,1.02816,0,0,2.94583,1.91767,1.028160,1,0,117.71,0,0,0,117.71,0
64.0655,1.88144,0,0,4.71537,0.272481,0.36288,3.6288,61.308,0.428228,0,0,1.86142,0.242008,1.19118,0.66528,12.849,1,0.390752,0.36288,0,98.8425,4.64268,94.1719,0.84672,12.849,0.84672,3695.15,0,36.966,0.258202,1.72979,1.75034,11.2876,1.18725,13.3222,0.42336,36.966,0.42336,423.524,0,1.02816,0,0,2.75795,1.72979,1.028160,1,0,108.685,0,0,0,108.685,0
66.6854,1.89331,0,0,5.14145,0.265378,0.36288,3.6288,61.308,0.428228,0,0,1.91209,0.25758,1.22628,0.66528,12.849,1,0.379723,0.36288,0,94.8205,5.0568,89.7469,0.84672,12.849,0.84672,3695.15,0,36.966,0.258202,1.96135,1.7505,13.4667,1.21741,15.703,0.42336,36.966,0.42336,423.524,0,1.02816,0,0,2.98951,1.96135,1.028160,1,0,106.676,0,0,0,106.676,0
68.6662,1.8774,0,0,4.46368,0.242509,0.36288,3.6288,61.308,0.414467,0,0,1.5302,0.232591,0.883138,0.66528,12.849,1,0.36174,0.36288,0,82.6606,4.1907,78.471,0.84672,12.849,0.84672,3695.15,0,36.966,0.249905,1.42978,1.75066,9.39004,1.13424,11.1863,0.42336,36.966,0.42336,423.524,0,1.02816,0,0,2.45794,1.42978,1.028160,1,0,90.5405,0,0,0,90.5405,0
69.8511,1.86832,0,0,3.64069,0.224608,0.36288,3.6288,61.308,0.428225,0,0,1.38204,0.213848,0.739964,0.66528,12.849,1,0.349604,0.36288,0,70.6121,3.54112,67.0843,0.84672,12.849,0.84672,3695.15,0,36.966,0.258201,1.67943,1.72727,8.22165,1.07186,10.2983,0.42336,36.966,0.42336,423.524,0,1.02816,0,0,2.70759,1.67943,1.028160,1,0,78.1225,0,0,0,78.1225,0
71.19,1.87403,0,0,3.80246,0.226685,0.36288,3.6288,61.308,0.428225,0,0,1.18383,0.213848,0.541754,0.66528,12.849,1,0.344724,0.36288,0,70.0324,3.54112,66.5094,0.84672,12.849,0.84672,3695.15,0,36.966,0.258201,1.21992,1.74033,9.64708,1.07186,11.2773,0.42336,36.966,0.42336,423.524,0,1.02816,0,0,2.24808,1.21992,1.028160,1,0,78.3284,0,0,0,78.3284,0
72.29,1.88022,0,0,3.71591,0.192843,0.542845,3.6288,61.308,0.428225,0,0,1.15442,0.231652,0.494548,0.66528,12.849,1,0.339359,0.542845,0,69.6272,4.94468,64.886,0.84672,12.849,0.84672,3695.15,0,36.966,0.258201,1.32045,1.74048,8.7156,1.1272,10.3911,0.42336,36.966,0.42336,423.524,0,1.02816,0,0,2.34861,1.32045,1.028160,1,0,75.7717,0,0,0,75.7717,0
72.29,1.98548,0,0,3.06274,0.13631,0.940949,3.6288,61.308,0.477063,0,0,1.11936,0.250254,0.392038,0.66528,12.849,1,0.352904,0.940949,0,45.3347,5.31433,40.6084,0.84672,12.849,0.84672,3695.15,0,36.966,0.287648,1.21534,1.74064,7.56691,1.23784,8.9974,0.42336,36.966,0.42336,423.524,0,1.02816,0,0,2.2435,1.21534,1.028160,1,0,49.9978,0,0,0,49.9978,0
72.29,2.05268,0,0,2.99817,0.143551,0.801936,3.6288,61.308,0.428235,0,0,1.13714,0.245813,0.463088,0.66528,12.849,1,0.364848,0.801936,0,49.6325,4.45799,45.6116,0.84672,12.849,0.84672,3695.15,0,36.966,0.258207,1.43425,1.82339,6.67068,1.13647,8.53364,0.42336,36.966,0.42336,423.524,0,1.02816,0,0,2.46241,1.43425,1.028160,1,0,54.6083,0,0,0,54.6083,0
72.29,2.05342,0,0,2.66822,0.143551,0.471251,3.6288,61.308,0.428235,0,0,1.04331,0.245813,0.369258,0.66528,12.849,1,0.36498,0.471251,0,44.7579,4.45799,40.4062,0.84672,12.849,0.84672,3695.15,0,36.966,0.258207,1.21643,1.77775,6.42825,1.13647,8.02774,0.42336,36.966,0.42336,423.524,0,1.02816,0,0,2.24459,1.21643,1.028160,1,0,48.8032,0,0,0,48.8032,0
72.29,2.05416,0,0,2.52008,0.0931638,0.372756,3.6288,61.308,0.428235,0,0,1.00198,0.278865,0.294881,0.66528,12.849,1,0.365111,0.372756,0,39.893,4.83284,35.0678,0.84672,12.849,0.84672,3695.15,0,36.966,0.258207,1.13178,1.77791,6.12219,1.23225,7.54143,0.42336,36.966,0.42336,423.524,0,1.02816,0,0,2.15994,1.13178,1.028160,1,0,42.9041,0,0,0,42.9041,0
72.1491,2.0549,0,0,2.37007,0.0931638,0.36288,3.6288,61.308,0.428235,0,0,0.954901,0.278865,0.247801,0.66528,12.849,1,0.365243,0.36288,0,39.3165,4.83284,34.4813,0.84672,12.849,0.84672,3695.15,0,36.966,0.258207,0.974739,1.77807,6.30461,1.23225,7.56696,0.42336,36.966,0.42336,423.524,0,1.02816,0,0,2.0029,0.974739,1.028160,1,0,42.2961,0,0,0,42.2961,0
71.5219,2.03521,0,0,1.90468,0.133852,0.36288,3.6288,61.308,0.455106,0,0,0.866462,0.24803,0.163327,0.66528,12.849,1,0.36245,0.36288,0,35.9082,4.84259,31.066,0.84672,12.849,0.84672,3695.15,0,36.966,0.274409,0.627463,1.77824,4.41593,1.22092,5.3263,0.42336,36.966,0.42336,423.524,0,1.02816,0,0,1.65562,0.627463,1.028160,1,0,36.5557,0,0,0,36.5557,0
70.7133,2.06977,0,0,1.71263,0.0885023,0.36288,3.6288,61.308,0.428241,0,0,0.859196,0.262261,0.168694,0.66528,12.849,1,0.371836,0.36288,0,33.0985,4.9938,28.0957,0.84672,12.849,0.84672,3695.15,0,36.966,0.25821,0.498459,1.8073,4.09424,1.26347,4.87832,0.42336,36.966,0.42336,423.524,0,1.02816,0,0,1.52662,0.498459,1.028160,1,0,33.1427,0,0,0,33.1427,0
69.7851,2.06691,0,0,1.5894,0.0878905,0.36288,3.6288,61.308,0.428241,0,0,0.854081,0.262261,0.163579,0.66528,12.849,1,0.375569,0.36288,0,30.4188,4.9938,25.4124,0.84672,12.849,0.84672,3695.15,0,36.966,0.25821,0.528414,1.78226,3.75215,1.26347,4.54115,0.42336,36.966,0.42336,423.524,0,1.02816,0,0,1.55657,0.528414,1.028160,1,0,30.1171,0,0,0,30.1171,0
68.7491,2.06343,0,0,1.47757,0.0872639,0.36288,3.6288,61.308,0.428241,0,0,0.851014,0.262261,0.160512,0.66528,12.849,1,0.379924,0.36288,0,28.3982,4.9938,23.3874,0.84672,12.849,0.84672,3695.15,0,36.966,0.25821,0.544726,1.78243,3.64884,1.26347,4.45431,0.42336,36.966,0.42336,423.524,0,1.02816,0,0,1.57289,0.544726,1.028160,1,0,28.0022,0,0,0,28.0022,0
67.6066,2.11021,0,0,1.41182,0.0811825,0.36288,3.6288,61.3011,0.452209,0,0,0.752406,0.307047,0,0.66528,12.849,1,0.394391,0.36288,0,25.6661,5.79278,19.8418,0.84672,12.849,0.84672,3695.15,0,36.966,0.272662,0.459795,1.78259,3.44745,1.42078,3.99639,0.42336,36.966,0.42336,423.524,0,1.02816,0,0,1.48795,0.459795,1.028160,1,0,23.8382,0,0,0,23.8382,0
66.5777,2.13764,0,0,1.55085,0.0792906,0.36288,3.6288,61.308,0.428228,0,0,0.925767,0.318753,0.171935,0.66528,12.849,1,0.40627,0.36288,0,33.5689,6.2538,27.2717,0.84672,12.849,0.84672,3695.15,0,36.966,0.258232,0.766506,1.82375,3.97204,1.48556,4.81851,0.42336,36.966,0.42336,423.524,0,1.02816,0,0,1.79467,0.766506,1.028160,1,0,32.2622,0,0,0,32.2622,0
65.4146,2.13313,0,0,1.41163,0.0786488,0.36288,3.6288,61.308,0.428246,0,0,0.76356,0.318767,0.0165467,0.66528,12.849,1,0.411678,0.36288,0,27.0378,6.2538,20.7352,0.84672,12.849,0.84672,3695.15,0,36.966,0.258214,0.805265,1.80144,3.69092,1.48556,4.55386,0.42336,36.966,0.42336,423.524,0,1.02816,0,0,1.83343,0.805265,1.028160,1,0,25.3057,0,0,0,25.3057,0
64.1299,2.12776,0,0,1.28386,0.0779233,0.36288,3.6288,61.2721,0.428246,0,0,0.711098,0.318767,0,0.66528,12.849,1,0.417943,0.36288,0,25.2056,6.2538,18.8968,0.84672,12.849,0.84672,3695.15,0,36.966,0.258214,0.519497,1.80161,3.28933,1.48556,3.86667,0.42336,36.966,0.42336,423.524,0,1.02816,0,0,1.54766,0.519497,1.028160,1,0,22.7635,0,0,0,22.7635,0
62.8261,2.26893,0,0,1.39813,0.0701166,0.36288,3.6288,61.2798,0.514718,0,0,0.839367,0.316895,0,0.66528,12.849,1,0.4546,0.36288,0,25.3248,6.36193,18.8711,0.84672,12.849,0.84672,3695.15,0,36.966,0.310534,0.922199,1.80178,4.65089,1.51146,5.55288,0.42336,36.966,0.42336,423.524,0,1.02816,0,0,1.95036,0.922199,1.028160,1,0,24.424,0,0,0,24.424,0
61.3223,2.34673,0,0,1.32153,0.115763,0.36288,3.6288,61.308,0.451006,0,0,0.796522,0.296765,0.0205896,0.66528,12.849,1,0.479947,0.36288,0,20.561,6.06449,14.3795,0.84672,12.849,0.84672,3695.15,0,36.966,0.272062,0.486726,1.94234,3.12121,1.39796,3.88025,0.42336,36.966,0.42336,423.524,0,1.02816,0,0,1.51489,0.486726,1.028160,1,0,18.2803,0,0,0,18.2803,0
59.5958,2.3375,0,0,1.08825,0.11434,0.36288,3.6288,61.2531,0.451315,0,0,0.693274,0.296818,0,0.66528,12.849,1,0.489781,0.36288,0,25.5253,6.06449,19.3339,0.84672,12.849,0.84672,3695.15,0,36.966,0.272123,0.310409,1.88272,2.78462,1.39796,3.30767,0.42336,36.966,0.42336,423.524,0,1.02816,0,0,1.33857,0.310409,1.028160,1,0,22.6416,0,0,0,22.6416,0
57.9979,2.32632,0,0,1.20389,0.11261,0.36288,3.6288,61.308,0.451393,0,0,0.952335,0.296715,0.149367,0.66528,12.849,1,0.501559,0.36288,0,21.8846,6.06449,15.6814,0.84672,12.849,0.84672,3695.15,0,36.966,0.272414,0.724118,1.88312,3.32765,1.39796,4.26451,0.42336,36.966,0.42336,423.524,0,1.02816,0,0,1.75228,0.724118,1.028160,1,0,20.0953,0,0,0,20.0953,0
56.3245,2.31549,0,0,1.11812,0.113139,0.36288,3.6288,61.308,0.451776,0,0,0.765452,0.283029,0.0306475,0.66528,12.849,1,0.51298,0.36288,0,20.9959,5.6948,15.151,0.84672,12.849,0.84672,3695.15,0,36.966,0.272401,0.585291,1.88351,3.78068,1.25405,4.72304,0.42336,36.966,0.42336,423.524,0,1.02816,0,0,1.61345,0.585291,1.028160,1,0,19.9047,0,0,0,19.9047,0
55.3847,2.23328,0,0,1.79721,0.140892,0.36288,3.6288,61.308,0.399397,0,0,0.932774,0.193163,0.340214,0.66528,12.849,1,0.509467,0.36288,0,34.938,4.54752,30.2439,0.84672,12.849,0.84672,3695.15,0,36.966,0.240819,0.631714,1.88391,4.52508,1.09668,5.70321,0.42336,36.966,0.42336,423.524,0,1.02816,0,0,1.65987,0.631714,1.028160,1,0,36.2873,0,0,0,36.2873,0
54.7669,2.18948,0,0,2.11181,0.177258,0.36288,3.6288,61.308,0.428254,0,0,1.22272,0.152216,0.642255,0.66528,12.849,1,0.507949,0.36288,0,43.2687,3.45205,39.6716,0.84672,12.849,0.84672,3695.15,0,36.966,0.258218,0.612196,1.80298,5.9253,0.884921,7.19734,0.42336,36.966,0.42336,423.524,0,1.02816,0,0,1.64036,0.612196,1.028160,1,0,47.5112,0,0,0,47.5112,0
54.2244,2.18559,0,0,2.20214,0.196166,0.36288,3.6288,61.308,0.428254,0,0,1.91011,0.145329,1.33653,0.66528,12.849,1,0.512767,0.36288,0,44.1424,3.18045,40.812,0.84672,12.849,0.84672,3695.15,0,36.966,0.258218,1.38251,1.83022,8.18744,0.823392,10.3186,0.42336,36.966,0.42336,423.524,0,1.02816,0,0,2.41067,1.38251,1.028160,1,0,52.4671,0,0,0,52.4671,0
53.6665,2.1822,0,0,2.18233,0.195095,0.36288,3.6288,61.308,0.428254,0,0,2.22678,0.145329,1.6532,0.66528,12.849,1,0.517093,0.36288,0,43.2044,3.18045,39.8697,0.84672,12.849,0.84672,3695.15,0,36.966,0.258218,1.77336,1.8304,8.2817,0.823392,10.8038,0.42336,36.966,0.42336,423.524,0,1.02816,0,0,2.80152,1.77336,1.028160,1,0,52.3268,0,0,0,52.3268,0
52.635,2.1214,0,0,1.65726,0.204494,0.36288,3.6288,61.308,0.380326,0,0,1.51149,0.174795,0.956369,0.66528,12.849,1,0.507911,0.36288,0,38.741,3.6381,34.9579,0.84672,12.849,0.84672,3695.15,0,36.966,0.22932,0.904548,1.83057,5.75439,0.919807,7.34038,0.42336,36.966,0.42336,423.524,0,1.02816,0,0,1.93271,0.904548,1.028160,1,0,43.2546,0,0,0,43.2546,0
50.9148,2.05238,0,0,0.92334,0.228324,0.36288,3.6288,61.308,0.428244,0,0,0.988459,0.248459,0.311756,0.66528,12.849,1,0.501017,0.36288,0,45.223,4.78223,40.3026,0.84672,12.849,0.84672,3695.15,0,36.966,0.258212,0.433503,1.7581,4.0373,1.16085,4.80985,0.42336,36.966,0.42336,423.524,0,1.02816,0,0,1.46166,0.433503,1.028160,1,0,45.4242,0,0,0,45.4242,0
49.3197,2.03958,0,0,1.03164,0.224283,0.36288,3.6288,61.308,0.428244,0,0,1.11428,0.248459,0.437581,0.66528,12.849,1,0.514716,0.36288,0,27.7222,4.78223,22.7882,0.84672,12.849,0.84672,3695.15,0,36.966,0.258212,0.646013,1.80322,4.32352,1.16085,5.35369,0.42336,36.966,0.42336,423.524,0,1.02816,0,0,1.67417,0.646013,1.028160,1,0,28.5794,0,0,0,28.5794,0
50.9882,2.02709,0,0,4.25914,0.200668,0.36288,3.6288,61.308,0.428244,0,0,1.94105,0.221248,1.29156,0.66528,12.849,1,0.528108,0.36288,0,80.4721,4.16575,76.1411,0.84672,12.849,0.84672,3695.15,0,36.966,0.258212,1.67778,1.80339,12.2722,1.16419,14.3309,0.42336,36.966,0.42336,423.524,0,1.02816,0,0,2.70594,1.67778,1.028160,1,0,91.7636,0,0,0,91.7636,0
51.0599,1.88062,0,0,2.54557,0.230337,0.36288,3.6288,61.308,0.32834,0,0,1.67987,0.187968,1.16356,0.66528,12.849,1,0.473916,0.36288,0,80.1499,3.46458,76.5743,0.84672,12.849,0.84672,3695.15,0,36.966,0.197974,1.2365,1.80356,10.4535,0.984728,12.3109,0.42336,36.966,0.42336,423.524,0,1.02816,0,0,2.26466,1.2365,1.028160,1,0,90.0487,0,0,0,90.0487,0
51.9863,1.75389,0,0,3.2867,0.243468,0.36288,3.6288,61.308,0.428223,0,0,1.6813,0.183137,1.06994,0.66528,12.849,1,0.44136,0.36288,0,104.571,4.23339,100.259,0.84672,12.849,0.84672,3695.15,0,36.966,0.2582,1.23442,1.64223,11.2415,1.24344,12.6165,0.42336,36.966,0.42336,423.524,0,1.02816,0,0,2.26258,1.23442,1.028160,1,0,113.945,0,0,0,113.945,0
52.3534,1.76086,0,0,2.73661,0.245827,0.36288,3.6288,61.308,0.428223,0,0,1.82028,0.183137,1.20892,0.66528,12.849,1,0.435217,0.36288,0,99.2969,4.23339,94.9912,0.84672,12.849,0.84672,3695.15,0,36.966,0.2582,1.30373,1.73608,10.9071,1.24344,12.4453,0.42336,36.966,0.42336,423.524,0,1.02816,0,0,2.33189,1.30373,1.028160,1,0,108.645,0,0,0,108.645,0
52.8029,1.76398,0,0,2.81968,0.24332,0.36288,3.6288,61.308,0.428223,0,0,1.67307,0.180037,1.06481,0.66528,12.849,1,0.43293,0.36288,0,82.0333,4.1262,77.8371,0.84672,12.849,0.84672,3695.15,0,36.966,0.2582,1.27094,1.73623,8.96391,1.23005,10.4828,0.42336,36.966,0.42336,423.524,0,1.02816,0,0,2.2991,1.27094,1.028160,1,0,89.3847,0,0,0,89.3847,0
54.9756,1.7676,0,0,4.52152,0.218305,0.36288,3.6288,61.308,0.428223,0,0,1.92348,0.177335,1.31792,0.66528,12.849,1,0.430127,0.36288,0,146.447,3.43858,142.941,0.84672,12.849,0.84672,3695.15,0,36.966,0.2582,1.27349,1.73639,12.5525,1.0399,14.2643,0.42336,36.966,0.42336,423.524,0,1.02816,0,0,2.30165,1.27349,1.028160,1,0,158.524,0,0,0,158.524,0
54.5632,1.84496,0,0,2.05445,0.259043,0.36288,3.6288,61.308,0.45718,0,0,1.29499,0.161024,0.676785,0.66528,12.849,1,0.431206,0.36288,0,88.1003,3.04926,84.9828,0.84672,12.849,0.84672,3695.15,0,36.966,0.275659,1.20777,1.73654,7.87342,0.796769,9.74531,0.42336,36.966,0.42336,423.524,0,1.02816,0,0,2.23593,1.20777,1.028160,1,0,95.4049,0,0,0,95.4049,0
54.3281,1.88055,0,0,2.30552,0.297172,0.36288,3.6288,61.308,0.428223,0,0,1.32405,0.134671,0.76116,0.66528,12.849,1,0.442849,0.36288,0,81.7586,2.93076,78.7479,0.84672,12.849,0.84672,3695.15,0,36.966,0.258199,1.46614,1.7871,8.1953,0.763699,10.4266,0.42336,36.966,0.42336,423.524,0,1.02816,0,0,2.4943,1.46614,1.028160,1,0,89.9357,0,0,0,89.9357,0
54.9273,1.87967,0,0,3.13822,0.296467,0.36288,3.6288,61.308,0.428223,0,0,2.05496,0.134671,1.49207,0.66528,12.849,1,0.444556,0.36288,0,95.9723,2.93076,92.9598,0.84672,12.849,0.84672,3695.15,0,36.966,0.258199,1.89981,1.76009,7.62169,0.763699,10.2597,0.42336,36.966,0.42336,423.524,0,1.02816,0,0,2.92797,1.89981,1.028160,1,0,104.712,0,0,0,104.712,0
59.309,1.88427,0,0,6.92715,0.298263,0.36288,3.6288,61.308,0.428223,0,0,2.65067,0.134671,2.08777,0.66528,12.849,1,0.440782,0.36288,0,104.185,2.93076,101.176,0.84672,12.849,0.84672,3695.15,0,36.966,0.258199,2.8943,1.76025,12.8927,0.763699,16.5253,0.42336,36.966,0.42336,423.524,0,1.02816,0,0,3.92246,2.8943,1.028160,1,0,119.789,0,0,0,119.789,0
66.277,2.11672,0,0,9.7173,0.269733,0.36288,3.6288,61.308,0.537025,0,0,3.16647,0.124458,2.50499,0.66528,12.849,1,0.458576,0.36288,0,161.215,2.91412,158.205,0.84672,12.849,0.84672,3695.15,0,36.966,0.323802,3.66428,1.7604,16.9068,0.793159,21.2145,0.42336,36.966,0.42336,423.524,0,1.02816,0,0,4.69244,3.66428,1.028160,1,0,181.924,0,0,0,181.924,0
68.6487,2.30391,0,0,5.3558,0.317293,0.36288,3.6288,61.308,0.428245,0,0,2.04187,0.185162,1.42846,0.66528,12.849,1,0.446656,0.36288,0,93.1185,4.20136,88.8333,0.84672,12.849,0.84672,3695.15,0,36.966,0.258213,2.08671,1.94204,10.1193,1.09096,12.7989,0.42336,36.966,0.42336,423.524,0,1.02816,0,0,3.11487,2.08671,1.028160,1,0,103.061,0,0,0,103.061,0
71.2551,2.31768,0,0,5.61019,0.323276,0.36288,3.6288,61.308,0.428245,0,0,2.11122,0.185162,1.49781,0.66528,12.849,1,0.433801,0.36288,0,98.2722,4.20136,93.9999,0.84672,12.849,0.84672,3695.15,0,36.966,0.258213,2.71738,1.84017,11.0823,1.09096,14.2906,0.42336,36.966,0.42336,423.524,0,1.02816,0,0,3.74554,2.71738,1.028160,1,0,109.788,0,0,0,109.788,0
72.29,2.33189,0,0,5.56795,0.329851,1.87128,3.6288,61.308,0.428245,0,0,2.00859,0.185162,1.39519,0.66528,12.849,1,0.420497,1.87128,0,97.3598,4.20136,94.6093,0.84672,12.849,0.84672,3695.15,0,36.966,0.258213,2.17087,1.84034,10.263,1.09096,12.9251,0.42336,36.966,0.42336,423.524,0,1.02816,0,0,3.19903,2.17087,1.028160,1,0,108.93,0,0,0,108.93,0
72.29,2.03547,0,0,6.05501,0.314898,3.70464,3.6288,61.308,0.282113,0,0,1.98908,0.190824,1.51615,0.66528,12.849,1,0.36179,3.70464,0,105.848,3.97791,105.213,0.84672,12.849,0.84672,3695.15,0,36.966,0.170101,2.64242,1.84051,11.327,1.01436,14.6254,0.42336,36.966,0.42336,423.524,0,1.02816,0,0,3.67058,2.64242,1.028160,1,0,121.354,0,0,0,121.354,0
72.29,1.83729,0,0,4.13183,0.317523,1.97702,3.6288,61.308,0.428216,0,0,1.31833,0.265116,0.624994,0.66528,12.849,1,0.326564,1.97702,0,55.5507,4.68688,52.5143,0.84672,12.849,0.84672,3695.15,0,36.966,0.258195,1.94415,1.59298,7.36932,1.24956,9.39869,0.42336,36.966,0.42336,423.524,0,1.02816,0,0,2.97231,1.94415,1.028160,1,0,62.538,0,0,0,62.538,0
72.29,1.83796,0,0,4.96088,0.317523,2.8054,3.6288,61.308,0.428216,0,0,1.94057,0.265116,1.24724,0.66528,12.849,1,0.326684,2.8054,0,81.8898,4.68688,79.6817,0.84672,12.849,0.84672,3695.15,0,36.966,0.258195,3.28532,1.73018,10.6164,1.24956,14.1241,0.42336,36.966,0.42336,423.524,0,1.02816,0,0,4.31348,3.28532,1.028160,1,0,95.053,0,0,0,95.053,0
72.29,1.83863,0,0,6.29689,0.317523,4.14074,3.6288,61.308,0.428216,0,0,2.17856,0.265116,1.48523,0.66528,12.849,1,0.326803,4.14074,0,103.656,4.68688,102.783,0.84672,12.849,0.84672,3695.15,0,36.966,0.258195,3.78925,1.73033,13.0445,1.24956,17.0563,0.42336,36.966,0.42336,423.524,0,1.02816,0,0,4.81741,3.78925,1.028160,1,0,121.324,0,0,0,121.324,0
72.29,1.83931,0,0,6.47531,0.27221,4.36379,3.6288,61.308,0.428216,0,0,2.40075,0.241051,1.73149,0.66528,12.849,1,0.326923,4.36379,0,137.819,4.33811,137.518,0.84672,12.849,0.84672,3695.15,0,36.966,0.258195,3.44087,1.73048,14.9533,1.19945,18.667,0.42336,36.966,0.42336,423.524,0,1.02816,0,0,4.46903,3.44087,1.028160,1,0,157.917,0,0,0,157.917,0
72.29,1.91615,0,0,7.31428,0.277926,5.1202,3.6288,61.308,0.464002,0,0,2.66733,0.231853,1.97148,0.66528,12.849,1,0.340581,5.1202,0,134.703,4.72043,134.762,0.84672,12.849,0.84672,3695.15,0,36.966,0.279772,4.07874,1.73063,13.4838,1.23902,17.7743,0.42336,36.966,0.42336,423.524,0,1.02816,0,0,5.1069,4.07874,1.028160,1,0,154.508,0,0,0,154.508,0
72.29,1.96554,0,0,7.05618,0.284667,4.80597,3.6288,61.308,0.428223,0,0,2.77332,0.225594,2.1195,0.66528,12.849,1,0.349361,4.80597,0,114.716,4.84753,114.325,0.84672,12.849,0.84672,3695.15,0,36.966,0.258199,4.27544,1.79191,11.6344,1.29993,16.1436,0.42336,36.966,0.42336,423.524,0,1.02816,0,0,5.3036,4.27544,1.028160,1,0,132.588,0,0,0,132.588,0
72.29,1.96624,0,0,5.21027,0.284667,2.95937,3.6288,61.308,0.428223,0,0,1.81783,0.225594,1.16401,0.66528,12.849,1,0.349485,2.95937,0,92.8083,4.84753,90.5706,0.84672,12.849,0.84672,3695.15,0,36.966,0.2582,3.15432,1.7585,11.2188,1.29993,14.5735,0.42336,36.966,0.42336,423.524,0,1.02816,0,0,4.18248,3.15432,1.028160,1,0,106.308,0,0,0,106.308,0
72.29,1.96694,0,0,4.55743,0.284667,2.30582,3.6288,61.308,0.428223,0,0,1.67269,0.225594,1.01887,0.66528,12.849,1,0.349609,2.30582,0,82.6157,4.84753,79.7244,0.84672,12.849,0.84672,3695.15,0,36.966,0.2582,2.39705,1.75865,12.3978,1.29993,14.9954,0.42336,36.966,0.42336,423.524,0,1.02816,0,0,3.42521,2.39705,1.028160,1,0,95.7386,0,0,0,95.7386,0
72.29,1.93783,0,0,4.15015,0.244354,1.96796,3.6288,61.308,0.414313,0,0,1.35437,0.234737,0.705322,0.66528,12.849,1,0.344435,1.96796,0,75.4039,4.8,72.2274,0.84672,12.849,0.84672,3695.15,0,36.966,0.249812,2.46652,1.75881,9.53312,1.28423,12.2244,0.42336,36.966,0.42336,423.524,0,1.02816,0,0,3.49468,2.46652,1.028160,1,0,85.1571,0,0,0,85.1571,0
72.29,1.91959,0,0,3.87965,0.220563,1.73949,3.6288,61.308,0.42822,0,0,1.33342,0.210592,0.694607,0.66528,12.849,1,0.341193,1.73949,0,66.6403,3.77034,64.2683,0.84672,12.849,0.84672,3695.15,0,36.966,0.258198,2.48701,1.73516,7.39757,1.19291,10.1686,0.42336,36.966,0.42336,423.524,0,1.02816,0,0,3.51517,2.48701,1.028160,1,0,75.1315,0,0,0,75.1315,0
72.29,1.92028,0,0,3.63614,0.220563,1.49529,3.6288,61.308,0.42822,0,0,1.14108,0.210592,0.502264,0.66528,12.849,1,0.341315,1.49529,0,63.0789,3.77034,60.4626,0.84672,12.849,0.84672,3695.15,0,36.966,0.258198,1.8297,1.74835,7.00289,1.19291,9.12984,0.42336,36.966,0.42336,423.524,0,1.02816,0,0,2.85786,1.8297,1.028160,1,0,70.0947,0,0,0,70.0947,0
72.29,1.92097,0,0,4.30446,0.196235,2.18726,3.6288,61.308,0.42822,0,0,1.13376,0.222461,0.483077,0.66528,12.849,1,0.341437,2.18726,0,66.7284,4.70604,63.8681,0.84672,12.849,0.84672,3695.15,0,36.966,0.258198,1.97501,1.74851,9.22121,1.2298,11.4567,0.42336,36.966,0.42336,423.524,0,1.02816,0,0,3.00317,1.97501,1.028160,1,0,75.808,0,0,0,75.808,0
72.29,2.02292,0,0,3.27063,0.143736,1.10398,3.6288,61.308,0.47759,0,0,1.06994,0.241889,0.350463,0.66528,12.849,1,0.359558,1.10398,0,45.6453,5.58682,40.8029,0.84672,12.849,0.84672,3695.15,0,36.966,0.287966,1.82765,1.74866,6.86923,1.33352,8.82405,0.42336,36.966,0.42336,423.524,0,1.02816,0,0,2.85581,1.82765,1.028160,1,0,49.9774,0,0,0,49.9774,0
72.29,2.09082,0,0,3.29583,0.132632,1.07238,3.6288,61.308,0.428231,0,0,0.818718,0.202993,0.187494,0.66528,12.849,1,0.371627,1.07238,0,50.9569,4.41809,47.2396,0.84672,12.849,0.84672,3695.15,0,36.966,0.258204,1.33858,1.8323,5.89097,1.17808,7.62556,0.42336,36.966,0.42336,423.524,0,1.02816,0,0,2.36674,1.33858,1.028160,1,0,55.0526,0,0,0,55.0526,0
72.29,2.09154,0,0,3.04918,0.109798,0.847835,3.6288,61.308,0.428231,0,0,0.832308,0.208348,0.19573,0.66528,12.849,1,0.371756,0.847835,0,46.1634,4.58062,42.0589,0.84672,12.849,0.84672,3695.15,0,36.966,0.258204,1.34316,1.78616,5.81265,1.14799,7.53577,0.42336,36.966,0.42336,423.524,0,1.02816,0,0,2.37132,1.34316,1.028160,1,0,49.7904,0,0,0,49.7904,0
72.29,2.09227,0,0,2.95419,0.109798,0.752124,3.6288,61.308,0.428231,0,0,0.872139,0.208348,0.23556,0.66528,12.849,1,0.371885,0.752124,0,43.8031,4.58062,39.6027,0.84672,12.849,0.84672,3695.15,0,36.966,0.258204,1.25689,1.78632,6.03392,1.14799,7.67092,0.42336,36.966,0.42336,423.524,0,1.02816,0,0,2.28505,1.25689,1.028160,1,0,47.5092,0,0,0,47.5092,0
72.29,2.09299,0,0,2.76659,0.109798,0.563799,3.6288,61.308,0.428231,0,0,0.804557,0.208348,0.167978,0.66528,12.849,1,0.372013,0.563799,0,41.0558,4.58062,36.667,0.84672,12.849,0.84672,3695.15,0,36.966,0.258204,1.0496,1.78648,5.46712,1.14799,6.89699,0.42336,36.966,0.42336,423.524,0,1.02816,0,0,2.07776,1.0496,1.028160,1,0,43.7319,0,0,0,43.7319,0
71.9519,2.07367,0,0,2.21689,0.118404,0.36288,3.6288,61.308,0.455393,0,0,0.70143,0.219534,0.0265026,0.66528,12.849,1,0.368579,0.36288,0,33.2909,4.75883,28.5263,0.84672,12.849,0.84672,3695.15,0,36.966,0.274582,0.833224,1.78664,4.44004,1.10475,5.68056,0.42336,36.966,0.42336,423.524,0,1.02816,0,0,1.86138,0.833224,1.028160,1,0,34.2334,0,0,0,34.2334,0
71.2141,2.10986,0,0,1.85648,0.121533,0.36288,3.6288,61.308,0.428236,0,0,0.656061,0.224009,0.00381593,0.66528,12.849,1,0.376774,0.36288,0,30.1792,4.8301,25.3352,0.84672,12.849,0.84672,3695.15,0,36.966,0.258208,0.659664,1.81601,3.8907,1.08746,5.02071,0.42336,36.966,0.42336,423.524,0,1.02816,0,0,1.68782,0.659664,1.028160,1,0,30.3597,0,0,0,30.3597,0
70.3182,2.10728,0,0,1.69036,0.11613,0.36288,3.6288,61.2652,0.428237,0,0,0.620457,0.234978,0,0.66528,12.849,1,0.380212,0.36288,0,26.5665,4.97125,21.5779,0.84672,12.849,0.84672,3695.15,0,36.966,0.258208,0.49845,1.7907,3.77622,1.13898,4.66818,0.42336,36.966,0.42336,423.524,0,1.02816,0,0,1.52661,0.49845,1.028160,1,0,26.2461,0,0,0,26.2461,0
69.369,2.10391,0,0,1.60482,0.0871996,0.36288,3.6288,61.1176,0.428124,0,0,0.581201,0.300711,0,0.66528,12.849,1,0.38444,0.36288,0,23.9611,5.81815,18.1214,0.84672,12.849,0.84672,3695.15,0,36.966,0.25832,0.519376,1.79086,3.60091,1.44812,4.20471,0.42336,36.966,0.42336,423.524,0,1.02816,0,0,1.54754,0.519376,1.028160,1,0,22.3261,0,0,0,22.3261,0
68.2539,2.15168,0,0,1.48465,0.0852204,0.36288,3.6288,60.9392,0.451934,0,0,0.57932,0.305766,0,0.66528,12.849,1,0.398548,0.36288,0,27.3556,5.82274,21.4972,0.84672,12.849,0.84672,3695.15,0,36.966,0.273345,0.4989,1.79102,3.47357,1.45471,4.03543,0.42336,36.966,0.42336,423.524,0,1.02816,0,0,1.52706,0.4989,1.028160,1,0,25.5326,0,0,0,25.5326,0
67.1109,2.17961,0,0,1.48059,0.0811578,0.36288,3.6288,60.8027,0.427269,0,0,0.609455,0.318745,0,0.66528,12.849,1,0.410318,0.36288,0,23.5871,5.83422,17.7055,0.84672,12.849,0.84672,3695.15,0,36.966,0.259183,0.588842,1.83262,3.37926,1.47118,4.07035,0.42336,36.966,0.42336,423.524,0,1.02816,0,0,1.617,0.588842,1.028160,1,0,21.7758,0,0,0,21.7758,0
65.8771,2.17448,0,0,1.38408,0.0804317,0.36288,3.6288,60.6212,0.426907,0,0,0.56389,0.318469,0,0.66528,12.849,1,0.416325,0.36288,0,22.4279,5.83422,16.5402,0.84672,12.849,0.84672,3695.15,0,36.966,0.259545,0.449712,1.81006,2.96519,1.47118,3.49423,0.42336,36.966,0.42336,423.524,0,1.02816,0,0,1.47787,0.449712,1.028160,1,0,20.0345,0,0,0,20.0345,0
64.6314,2.16869,0,0,1.36549,0.079648,0.36288,3.6288,60.4867,0.426424,0,0,0.610076,0.318103,0,0.66528,12.849,1,0.422993,0.36288,0,20.8108,5.83422,14.9165,0.84672,12.849,0.84672,3695.15,0,36.966,0.260028,0.549314,1.81023,3.35329,1.47118,3.98162,0.42336,36.966,0.42336,423.524,0,1.02816,0,0,1.57747,0.549314,1.028160,1,0,18.8981,0,0,0,18.8981,0
63.368,2.3118,0,0,1.47341,0.0621564,0.36288,3.6288,60.3195,0.51314,0,0,0.644522,0.29857,0,0.66528,12.849,1,0.459596,0.36288,0,21.45,6.07579,15.2775,0.84672,12.849,0.84672,3695.15,0,36.966,0.313601,0.713949,1.81039,4.1365,1.54097,4.80628,0.42336,36.966,0.42336,423.524,0,1.02816,0,0,1.74211,0.713949,1.028160,1,0,20.0838,0,0,0,20.0838,0
61.7603,2.37547,0,0,1.20776,0.077046,0.36288,3.6288,60.1613,0.460022,0,0,0.602326,0.300557,0,0.66528,12.849,1,0.48167,0.36288,0,20.9374,5.9043,14.9143,0.84672,12.849,0.84672,3695.15,0,36.966,0.281918,0.651689,1.95246,3.84553,1.50428,4.66348,0.42336,36.966,0.42336,423.524,0,1.02816,0,0,1.67985,0.651689,1.028160,1,0,19.5778,0,0,0,19.5778,0
60.015,2.36558,0,0,1.06178,0.0786264,0.36288,3.6288,59.9481,0.459786,0,0,0.549109,0.30252,0,0.66528,12.849,1,0.492149,0.36288,0,18.8126,5.87706,12.8062,0.84672,12.849,0.84672,3695.15,0,36.966,0.282515,0.562213,1.90301,3.84267,1.49699,4.52838,0.42336,36.966,0.42336,423.524,0,1.02816,0,0,1.59037,0.562213,1.028160,1,0,17.3346,0,0,0,17.3346,0
58.4098,2.35427,0,0,1.18935,0.0774675,0.36288,3.6288,59.7499,0.459388,0,0,0.563288,0.302109,0,0.66528,12.849,1,0.504041,0.36288,0,18.6997,5.87706,12.6815,0.84672,12.849,0.84672,3695.15,0,36.966,0.283274,0.606528,1.9034,4.11858,1.49699,4.84823,0.42336,36.966,0.42336,423.524,0,1.02816,0,0,1.63469,0.606528,1.028160,1,0,17.5297,0,0,0,17.5297,0
57.5125,2.34339,0,0,1.90347,0.0944556,0.36288,3.6288,59.6857,0.459031,0,0,0.69228,0.297479,0,0.66528,12.849,1,0.5155,0.36288,0,31.0662,5.75832,25.1552,0.84672,12.849,0.84672,3695.15,0,36.966,0.283993,0.957822,1.90378,4.48961,1.48243,5.58479,0.42336,36.966,0.42336,423.524,0,1.02816,0,0,1.98598,0.957822,1.028160,1,0,30.74,0,0,0,30.74,0
58.0251,2.26598,0,0,3.24696,0.105514,0.36288,3.6288,59.9906,0.406429,0,0,0.98858,0.277207,0,0.66528,12.849,1,0.506248,0.36288,0,41.0506,5.5126,35.3947,0.84672,12.849,0.84672,3695.15,0,36.966,0.25172,1.27121,1.90417,8.17665,1.41337,9.68694,0.42336,36.966,0.42336,423.524,0,1.02816,0,0,2.29937,1.27121,1.028160,1,0,45.0816,0,0,0,45.0816,0
58.3894,2.24721,0,0,3.0869,0.112475,0.36288,3.6288,60.747,0.424741,0,0,1.44936,0.268241,0,0.66528,12.849,1,0.497618,0.36288,0,43.414,5.26145,38.0178,0.84672,12.849,0.84672,3695.15,0,36.966,0.261724,3.11893,1.82236,11.6398,1.37158,14.9478,0.42336,36.966,0.42336,423.524,0,1.02816,0,0,4.14709,3.11893,1.028160,1,0,52.9656,0,0,0,52.9656,0
58.3679,2.2505,0,0,2.70476,0.112874,0.36288,3.6288,60.9465,0.426767,0,0,0.895864,0.269534,0,0.66528,12.849,1,0.495238,0.36288,0,44.0789,5.26145,38.6851,0.84672,12.849,0.84672,3695.15,0,36.966,0.259698,1.97286,1.8391,9.17611,1.37158,11.3568,0.42336,36.966,0.42336,423.524,0,1.02816,0,0,3.00102,1.97286,1.028160,1,0,50.0419,0,0,0,50.0419,0
57.8414,2.25109,0,0,2.20025,0.112851,0.36288,3.6288,60.9867,0.427296,0,0,0.737355,0.269875,0,0.66528,12.849,1,0.495551,0.36288,0,40.4773,5.26145,35.0832,0.84672,12.849,0.84672,3695.15,0,36.966,0.259168,1.31505,1.83927,8.29094,1.37158,9.81452,0.42336,36.966,0.42336,423.524,0,1.02816,0,0,2.34321,1.31505,1.028160,1,0,44.8977,0,0,0,44.8977,0
58.7535,2.1895,0,0,3.64651,0.182007,0.36288,3.6288,61.308,0.379056,0,0,1.01273,0.215274,0.0971243,0.66528,12.849,1,0.486381,0.36288,0,53.3878,4.45694,48.8073,0.84672,12.849,0.84672,3695.15,0,36.966,0.229758,1.72259,1.83944,9.24748,1.12389,11.4559,0.42336,36.966,0.42336,423.524,0,1.02816,0,0,2.75075,1.72259,1.028160,1,0,60.3603,0,0,0,60.3603,0
61.3805,2.13272,0,0,5.35926,0.236613,0.36288,3.6288,61.308,0.428239,0,0,1.01581,0.205413,0.382161,0.66528,12.849,1,0.466411,0.36288,0,72.6477,3.99011,68.5541,0.84672,12.849,0.84672,3695.15,0,36.966,0.258209,1.73167,1.76619,10.0805,1.00062,12.3195,0.42336,36.966,0.42336,423.524,0,1.02816,0,0,2.75983,1.73167,1.028160,1,0,81.2557,0,0,0,81.2557,0
63.8678,2.14995,0,0,5.24244,0.242324,0.36288,3.6288,61.308,0.428239,0,0,0.897039,0.205413,0.263387,0.66528,12.849,1,0.450057,0.36288,0,71.6861,3.99011,67.6088,0.84672,12.849,0.84672,3695.15,0,36.966,0.258209,1.69962,1.81178,12.7671,1.00062,15.0197,0.42336,36.966,0.42336,423.524,0,1.02816,0,0,2.72778,1.69962,1.028160,1,0,82.8919,0,0,0,82.8919,0
66.6298,2.16528,0,0,5.53747,0.24731,0.36288,3.6288,61.308,0.428239,0,0,1.70331,0.205413,1.06965,0.66528,12.849,1,0.435613,0.36288,0,80.5274,3.99011,76.4646,0.84672,12.849,0.84672,3695.15,0,36.966,0.258209,2.73315,1.81195,11.3215,1.00062,14.6078,0.42336,36.966,0.42336,423.524,0,1.02816,0,0,3.76131,2.73315,1.028160,1,0,92.142,0,0,0,92.142,0
68.6106,2.01037,0,0,4.6218,0.267797,0.36288,3.6288,61.308,0.327267,0,0,1.3382,0.210024,0.800907,0.66528,12.849,1,0.387683,0.36288,0,70.9171,3.6347,67.2576,0.84672,12.849,0.84672,3695.15,0,36.966,0.197327,2.12344,1.81211,14.7794,0.925028,17.5926,0.42336,36.966,0.42336,423.524,0,1.02816,0,0,3.1516,2.12344,1.028160,1,0,85.6511,0,0,0,85.6511,0
72.29,1.88418,0,0,10.374,0.273691,4.53675,3.6288,61.308,0.428219,0,0,2.35862,0.21542,1.71498,0.66528,12.849,1,0.352858,4.53675,0,126.109,3.66379,126.629,0.84672,12.849,0.84672,3695.15,0,36.966,0.258197,1.91958,1.64905,12.5716,1.04677,14.8353,0.42336,36.966,0.42336,423.524,0,1.02816,0,0,2.94774,1.91958,1.028160,1,0,143.179,0,0,0,143.179,0
72.29,1.90011,0,0,8.66989,0.273261,6.49652,3.6288,61.308,0.428219,0,0,1.88617,0.239,1.21895,0.66528,12.849,1,0.337731,6.49652,0,117.864,4.05153,119.972,0.84672,12.849,0.84672,3695.15,0,36.966,0.258197,2.70003,1.7439,9.44594,1.10126,12.5304,0.42336,36.966,0.42336,423.524,0,1.02816,0,0,3.72819,2.70003,1.028160,1,0,133.721,0,0,0,133.721,0
72.29,1.9008,0,0,7.74766,0.273261,5.5736,3.6288,61.308,0.428219,0,0,1.97304,0.239,1.30582,0.66528,12.849,1,0.337852,5.5736,0,93.5004,4.05153,94.6846,0.84672,12.849,0.84672,3695.15,0,36.966,0.258197,5.26325,1.74405,12.5369,1.10126,18.1847,0.42336,36.966,0.42336,423.524,0,1.02816,0,0,6.29141,5.26325,1.028160,1,0,114.175,0,0,0,114.175,0
72.29,1.90148,0,0,7.86577,0.273261,5.69103,3.6288,61.308,0.428219,0,0,2.01772,0.239,1.3505,0.66528,12.849,1,0.337974,5.69103,0,105.327,4.05153,106.628,0.84672,12.849,0.84672,3695.15,0,36.966,0.258197,5.98113,1.7442,13.9115,1.10126,20.2774,0.42336,36.966,0.42336,423.524,0,1.02816,0,0,7.00929,5.98113,1.028160,1,0,128.256,0,0,0,128.256,0
72.29,1.96876,0,0,6.62062,0.272489,4.37937,3.6288,61.308,0.457484,0,0,1.90627,0.21766,1.23113,0.66528,12.849,1,0.349932,4.37937,0,91.9503,3.81802,92.1617,0.84672,12.849,0.84672,3695.15,0,36.966,0.275843,3.74434,1.74436,11.7646,1.01867,15.9588,0.42336,36.966,0.42336,423.524,0,1.02816,0,0,4.7725,3.74434,1.028160,1,0,109.352,0,0,0,109.352,0
72.29,2.00928,0,0,4.73433,0.27146,2.4536,3.6288,61.308,0.428218,0,0,2.40057,0.189206,1.78315,0.66528,12.849,1,0.357134,2.4536,0,124.779,3.50669,123.369,0.84672,12.849,0.84672,3695.15,0,36.966,0.258197,4.31978,1.79545,15.2984,0.908543,20.2469,0.42336,36.966,0.42336,423.524,0,1.02816,0,0,5.34794,4.31978,1.028160,1,0,145.399,0,0,0,145.399,0
72.29,2.00996,0,0,2.93938,0.27146,0.657962,3.6288,61.308,0.428218,0,0,1.77968,0.189206,1.16225,0.66528,12.849,1,0.357255,0.657962,0,75.4936,3.50669,72.2877,0.84672,12.849,0.84672,3695.15,0,36.966,0.258197,2.67731,1.76815,11.7796,0.908543,15.0583,0.42336,36.966,0.42336,423.524,0,1.02816,0,0,3.70547,2.67731,1.028160,1,0,88.5082,0,0,0,88.5082,0
71.7434,2.01064,0,0,2.1065,0.279604,0.36288,3.6288,61.308,0.428218,0,0,1.45583,0.18937,0.838243,0.66528,12.849,1,0.357376,0.36288,0,51.3568,3.48438,47.878,0.84672,12.849,0.84672,3695.15,0,36.966,0.258197,2.2113,1.7683,9.7232,0.923747,12.5208,0.42336,36.966,0.42336,423.524,0,1.02816,0,0,3.23946,2.2113,1.028160,1,0,61.2371,0,0,0,61.2371,0
71.1581,2.22279,0,0,2.32748,0.32711,0.36288,3.6288,61.308,0.538177,0,0,1.59435,0.190357,0.865814,0.66528,12.849,1,0.398095,0.36288,0,64.7315,3.35055,61.3457,0.84672,12.849,0.84672,3695.15,0,36.966,0.324497,2.63685,1.76845,10.3664,1.01497,13.4322,0.42336,36.966,0.42336,423.524,0,1.02816,0,0,3.66501,2.63685,1.028160,1,0,75.6437,0,0,0,75.6437,0
71.6238,2.37004,0,0,3.47993,0.281273,0.36288,3.6288,61.308,0.42824,0,0,2.03615,0.223361,1.38455,0.66528,12.849,1,0.427958,0.36288,0,101.249,4.09269,97.0909,0.84672,12.849,0.84672,3695.15,0,36.966,0.25821,4.19601,1.95201,14.9955,1.34854,19.5368,0.42336,36.966,0.42336,423.524,0,1.02816,0,0,5.22417,4.19601,1.028160,1,0,118.012,0,0,0,118.012,0
71.8854,2.37316,0,0,3.2799,0.282275,0.36288,3.6288,61.308,0.42824,0,0,1.90223,0.223361,1.25062,0.66528,12.849,1,0.425734,0.36288,0,91.5252,4.09269,87.3697,0.84672,12.849,0.84672,3695.15,0,36.966,0.25821,3.88111,1.84905,12.3681,1.34854,16.4915,0.42336,36.966,0.42336,423.524,0,1.02816,0,0,4.90927,3.88111,1.028160,1,0,105.112,0,0,0,105.112,0
72.29,2.37522,0,0,3.52624,0.249874,0.496541,3.6288,61.308,0.42824,0,0,1.75268,0.238726,1.08572,0.66528,12.849,1,0.424554,0.496541,0,103.537,3.53541,100.073,0.84672,12.849,0.84672,3695.15,0,36.966,0.25821,3.59709,1.84922,12.245,1.0442,16.3889,0.42336,36.966,0.42336,423.524,0,1.02816,0,0,4.62525,3.59709,1.028160,1,0,117.548,0,0,0,117.548,0
72.29,2.07248,0,0,4.41323,0.245133,2.09561,3.6288,61.308,0.280559,0,0,2.71513,0.241287,2.19328,0.66528,12.849,1,0.368368,2.09561,0,147.807,3.44253,146.092,0.84672,12.849,0.84672,3695.15,0,36.966,0.169164,5.09434,1.84939,16.0956,0.993477,21.8767,0.42336,36.966,0.42336,423.524,0,1.02816,0,0,6.1225,5.09434,1.028160,1,0,170.162,0,0,0,170.162,0
72.29,1.87218,0,0,3.02591,0.344773,0.808959,3.6288,61.308,0.428211,0,0,1.33635,0.244003,0.664135,0.66528,12.849,1,0.332765,0.808959,0,73.3202,4.04555,69.7508,0.84672,12.849,0.84672,3695.15,0,36.966,0.258192,0.961451,1.59923,6.98492,1.14889,8.13852,0.42336,36.966,0.42336,423.524,0,1.02816,0,0,1.98961,0.961451,1.028160,1,0,78.5535,0,0,0,78.5535,0
72.29,1.87283,0,0,3.02549,0.344773,0.80789,3.6288,61.308,0.428211,0,0,1.30222,0.244003,0.630007,0.66528,12.849,1,0.332882,0.80789,0,72.9443,4.04555,69.3738,0.84672,12.849,0.84672,3695.15,0,36.966,0.258192,0.663155,1.73788,5.91899,1.14889,6.91294,0.42336,36.966,0.42336,423.524,0,1.02816,0,0,1.69131,0.663155,1.028160,1,0,76.9167,0,0,0,76.9167,0
72.29,1.87349,0,0,4.054,0.332144,1.84837,3.6288,61.308,0.428211,0,0,1.91606,0.237635,1.25021,0.66528,12.849,1,0.332998,1.84837,0,85.0919,4.06382,82.5435,0.84672,12.849,0.84672,3695.15,0,36.966,0.258192,1.41492,1.73802,8.71308,1.1146,10.4932,0.42336,36.966,0.42336,423.524,0,1.02816,0,0,2.44308,1.41492,1.028160,1,0,94.2869,0,0,0,94.2869,0
72.29,1.87414,0,0,4.43497,0.300572,2.26026,3.6288,61.308,0.428211,0,0,2.38724,0.221716,1.73731,0.66528,12.849,1,0.333115,2.26026,0,99.131,4.10949,96.9487,0.84672,12.849,0.84672,3695.15,0,36.966,0.258192,5.10808,1.73817,9.33396,1.02888,14.8931,0.42336,36.966,0.42336,423.524,0,1.02816,0,0,6.13624,5.10808,1.028160,1,0,113.579,0,0,0,113.579,0
72.29,1.95178,0,0,5.76684,0.291865,3.5232,3.6288,61.308,0.464375,0,0,3.62495,0.19751,2.96306,0.66528,12.849,1,0.346913,3.5232,0,135.112,4.67268,133.616,0.84672,12.849,0.84672,3695.15,0,36.966,0.279998,4.06187,1.73831,16.0352,1.11878,20.4366,0.42336,36.966,0.42336,423.524,0,1.02816,0,0,5.09003,4.06187,1.028160,1,0,157.016,0,0,0,157.016,0
72.29,2.00167,0,0,6.08612,0.286706,3.79775,3.6288,61.308,0.428218,0,0,2.42118,0.20642,1.78654,0.66528,12.849,1,0.355781,3.79775,0,190.093,5.07024,188.465,0.84672,12.849,0.84672,3695.15,0,36.966,0.258197,3.60736,1.80023,13.207,1.15769,17.1987,0.42336,36.966,0.42336,423.524,0,1.02816,0,0,4.63552,3.60736,1.028160,1,0,207.45,0,0,0,207.45,0
72.29,2.00235,0,0,3.72749,0.286706,1.43844,3.6288,61.308,0.428219,0,0,1.61819,0.20642,0.983556,0.66528,12.849,1,0.355902,1.43844,0,109.61,5.07024,105.622,0.84672,12.849,0.84672,3695.15,0,36.966,0.258197,2.2728,1.76647,9.16021,1.15769,11.7836,0.42336,36.966,0.42336,423.524,0,1.02816,0,0,3.30096,2.2728,1.028160,1,0,118.389,0,0,0,118.389,0
72.29,2.00303,0,0,3.14289,0.286706,0.853151,3.6288,61.308,0.428219,0,0,1.41655,0.20642,0.781907,0.66528,12.849,1,0.356023,0.853151,0,83.6413,5.07024,79.0681,0.84672,12.849,0.84672,3695.15,0,36.966,0.258197,2.09398,1.76662,8.34598,1.15769,10.7907,0.42336,36.966,0.42336,423.524,0,1.02816,0,0,3.12214,2.09398,1.028160,1,0,90.6407,0,0,0,90.6407,0
72.29,1.97359,0,0,3.09285,0.274747,0.844516,3.6288,61.308,0.414162,0,0,1.31153,0.181885,0.715479,0.66528,12.849,1,0.350791,0.844516,0,74.0293,4.64313,69.8798,0.84672,12.849,0.84672,3695.15,0,36.966,0.249721,2.0967,1.76677,7.82369,1.09754,10.3399,0.42336,36.966,0.42336,423.524,0,1.02816,0,0,3.12486,2.0967,1.028160,1,0,80.9352,0,0,0,80.9352,0
72.29,1.95513,0,0,2.76899,0.22751,0.586348,3.6288,61.308,0.428216,0,0,1.05344,0.144176,0.481049,0.66528,12.849,1,0.34751,0.586348,0,56.7499,3.87438,53.1144,0.84672,12.849,0.84672,3695.15,0,36.966,0.258195,1.25664,1.74286,6.70343,0.996939,8.4478,0.42336,36.966,0.42336,423.524,0,1.02816,0,0,2.2848,1.25664,1.028160,1,0,62.0432,0,0,0,62.0432,0
72.1188,1.9558,0,0,2.39574,0.248232,0.36288,3.6288,61.308,0.428216,0,0,0.939073,0.168157,0.3427,0.66528,12.849,1,0.347629,0.36288,0,48.4321,4.17061,44.2768,0.84672,12.849,0.84672,3695.15,0,36.966,0.258195,1.05468,1.75619,6.00091,1.02466,7.52893,0.42336,36.966,0.42336,423.524,0,1.02816,0,0,2.08284,1.05468,1.028160,1,0,52.1484,0,0,0,52.1484,0
71.8424,1.95578,0,0,2.20593,0.163751,0.36288,3.6288,61.308,0.428216,0,0,0.827876,0.207395,0.192266,0.66528,12.849,1,0.348449,0.36288,0,44.2766,4.51657,39.7745,0.84672,12.849,0.84672,3695.15,0,36.966,0.258195,0.888356,1.75634,5.59309,1.04532,6.93427,0.42336,36.966,0.42336,423.524,0,1.02816,0,0,1.91652,0.888356,1.028160,1,0,46.901,0,0,0,46.901,0
71.4099,2.05754,0,0,2.15138,0.163407,0.36288,3.6288,61.308,0.478104,0,0,0.925396,0.207395,0.239897,0.66528,12.849,1,0.36799,0.36288,0,42.8882,4.51657,38.3665,0.84672,12.849,0.84672,3695.15,0,36.966,0.288276,1.13314,1.75649,6.62047,1.04532,8.1765,0.42336,36.966,0.42336,423.524,0,1.02816,0,0,2.1613,1.13314,1.028160,1,0,46.7829,0,0,0,46.7829,0
70.9654,2.12411,0,0,2.22397,0.181483,0.36288,3.6288,61.308,0.428226,0,0,0.829734,0.205083,0.196425,0.66528,12.849,1,0.382198,0.36288,0,53.6473,4.5506,49.0774,0.84672,12.849,0.84672,3695.15,0,36.966,0.258201,0.856241,1.84101,6.45357,1.02246,7.87016,0.42336,36.966,0.42336,423.524,0,1.02816,0,0,1.8844,0.856241,1.028160,1,0,57.144,0,0,0,57.144,0
70.3506,2.12279,0,0,2.00126,0.130408,0.36288,3.6288,61.308,0.428226,0,0,0.767655,0.204974,0.134456,0.66528,12.849,1,0.384353,0.36288,0,48.317,4.57495,43.7206,0.84672,12.849,0.84672,3695.15,0,36.966,0.258201,0.870186,1.79437,6.11556,0.964514,7.55741,0.42336,36.966,0.42336,423.524,0,1.02816,0,0,1.89835,0.870186,1.028160,1,0,51.4125,0,0,0,51.4125,0
69.6798,2.12065,0,0,1.94251,0.129793,0.36288,3.6288,61.308,0.428226,0,0,0.815236,0.204974,0.182036,0.66528,12.849,1,0.387321,0.36288,0,46.0534,4.57495,41.454,0.84672,12.849,0.84672,3695.15,0,36.966,0.258201,0.848422,1.79453,6.50566,0.964514,7.9259,0.42336,36.966,0.42336,423.524,0,1.02816,0,0,1.87658,0.848422,1.028160,1,0,49.5619,0,0,0,49.5619,0
68.9124,2.11821,0,0,1.84284,0.129123,0.36288,3.6288,61.308,0.428226,0,0,0.792202,0.204974,0.159002,0.66528,12.849,1,0.390599,0.36288,0,43.2549,4.57495,38.6522,0.84672,12.849,0.84672,3695.15,0,36.966,0.258201,0.768537,1.79468,6.01492,0.964514,7.35542,0.42336,36.966,0.42336,423.524,0,1.02816,0,0,1.7967,0.768537,1.028160,1,0,46.1666,0,0,0,46.1666,0
67.9002,2.09514,0,0,1.56433,0.118526,0.36288,3.6288,61.308,0.455672,0,0,0.758402,0.217421,0.0853085,0.66528,12.849,1,0.390647,0.36288,0,33.6315,4.81537,28.7884,0.84672,12.849,0.84672,3695.15,0,36.966,0.27475,0.601024,1.79484,4.72435,1.09373,5.75173,0.42336,36.966,0.42336,423.524,0,1.02816,0,0,1.62918,0.601024,1.028160,1,0,34.6254,0,0,0,34.6254,0
66.6979,2.12793,0,0,1.39883,0.110278,0.36288,3.6288,61.308,0.428231,0,0,0.731722,0.226756,0.0767337,0.66528,12.849,1,0.402676,0.36288,0,28.3603,4.99569,23.3248,0.84672,12.849,0.84672,3695.15,0,36.966,0.258205,0.478388,1.82452,3.91734,1.19065,4.77139,0.42336,36.966,0.42336,423.524,0,1.02816,0,0,1.50655,0.478388,1.028160,1,0,28.1729,0,0,0,28.1729,0
65.3964,2.12254,0,0,1.29312,0.109237,0.36288,3.6288,61.308,0.428232,0,0,0.7074,0.226756,0.052412,0.66528,12.849,1,0.408897,0.36288,0,28.1889,4.99569,23.1472,0.84672,12.849,0.84672,3695.15,0,36.966,0.258205,0.452892,1.79893,3.9722,1.19065,4.77517,0.42336,36.966,0.42336,423.524,0,1.02816,0,0,1.48105,0.452892,1.028160,1,0,27.9747,0,0,0,27.9747,0
63.9829,2.11644,0,0,1.17393,0.108111,0.36288,3.6288,61.308,0.428232,0,0,0.668278,0.226756,0.0132901,0.66528,12.849,1,0.415836,0.36288,0,27.351,4.99569,22.3024,0.84672,12.849,0.84672,3695.15,0,36.966,0.258205,0.307601,1.79909,3.73382,1.19065,4.39165,0.42336,36.966,0.42336,423.524,0,1.02816,0,0,1.33576,0.307601,1.028160,1,0,26.7073,0,0,0,26.7073,0
62.41,2.16083,0,0,1.04922,0.0984279,0.36288,3.6288,61.1567,0.512541,0,0,0.61005,0.248763,0,0.66528,12.849,1,0.433937,0.36288,0,23.1877,5.26694,17.8497,0.84672,12.849,0.84672,3695.15,0,36.966,0.30904,0.261274,1.79925,3.51368,1.28153,3.98363,0.42336,36.966,0.42336,423.524,0,0.932256,0,0,1.19353,0.261274,1.028160,1,0,21.8333,0,0,0,21.8333,0
60.7706,2.18501,0,0,0.986386,0.0778869,0.36288,3.6288,60.872,0.59318,0,0,0.61216,0.303731,0,0.66528,12.849,1,0.44985,0.36288,0,24.3244,5.90636,18.331,0.84672,12.849,0.84672,3695.15,0,36.966,0.358546,0.261274,1.84127,3.38971,1.46616,3.66755,0.42336,36.966,0.42336,423.524,0,0.762877,0,0,1.02415,0.261274,1.028160,1,0,21.9986,0,0,0,21.9986,0
59.053,2.1757,0,0,0.897834,0.0768395,0.36288,3.6288,60.5164,0.557309,0,0,0.504907,0.303184,0,0.66528,12.849,1,0.460017,0.36288,0,19.592,5.90636,13.5885,0.84672,12.849,0.84672,3695.15,0,36.966,0.338439,0.227405,1.81848,3.14982,1.46616,3.3911,0.42336,36.966,0.42336,423.524,0,0.818856,0,0,1.04626,0.227405,1.028160,1,0,16.9796,0,0,0,16.9796,0
57.2656,2.16541,0,0,0.816566,0.0756278,0.36288,3.6288,60.0268,0.657303,0,0,0.470215,0.302501,0,0.66528,12.849,1,0.471159,0.36288,0,18.2642,5.90636,12.2495,0.84672,12.849,0.84672,3695.15,0,36.966,0.401508,0.227405,1.81864,2.80708,1.46616,2.98546,0.42336,36.966,0.42336,423.524,0,0.655793,0,0,0.883198,0.227405,1.028160,1,0,15.235,0,0,0,15.235,0
55.4226,2.30168,0,0,0.889229,0.0677325,0.36288,3.6288,59.6813,0.600785,0,0,0.555026,0.299774,0,0.66528,12.849,1,0.516441,0.36288,0,18.3505,6.01449,12.1824,0.84672,12.849,0.84672,3695.15,0,36.966,0.369978,0.227405,1.8188,3.96904,1.49207,4.1532,0.42336,36.966,0.42336,423.524,0,0.885591,0,0,1.113,0.227405,1.028160,1,0,16.3356,0,0,0,16.3356,0
53.3507,2.34356,0,0,0.703831,0.0692773,0.36288,3.6288,59.096,0.713723,0,0,0.446493,0.318089,0,0.66528,12.849,1,0.543323,0.36288,0,14.7229,6.39773,8.14474,0.84672,12.849,0.84672,3695.15,0,36.966,0.42336,0.227405,1.96234,3.0582,1.51911,3.30547,0.42336,36.966,0.42336,423.524,0,0.651439,0,0,0.878844,0.227405,1.028160,1,0,11.4502,0,0,0,11.4502,0
51.2713,2.32701,0,0,0.683008,0.07249,0.36288,3.6288,58.5788,0.664399,0,0,0.483072,0.335872,0,0.66528,12.849,1,0.560438,0.36288,0,16.1228,6.50086,9.42434,0.84672,12.849,0.84672,3695.15,0,36.966,0.415598,0.204422,1.92281,2.85357,1.50957,3.05563,0.42336,36.966,0.42336,423.524,0,0.708877,0,0,0.9133,0.204422,1.028160,1,0,12.48,0,0,0,12.48,0
49.0698,2.30929,0,0,0.541547,0.0709506,0.36288,3.6288,57.7222,0.884358,0,0,0.362586,0.334758,0,0.66528,12.849,1,0.578726,0.36288,0,17.7034,6.50086,10.9867,0.84672,12.849,0.84672,3695.15,0,36.966,0.42336,0.204422,1.92319,2.2912,1.50957,2.48588,0.42336,36.966,0.42336,423.524,0,0.481508,0,0,0.68593,0.204422,1.028160,1,0,13.4726,0,0,0,13.4726,0
47.0066,2.28916,0,0,0.658228,0.0693176,0.36288,3.6288,57.45,0.522282,0,0,0.582944,0.332914,0,0.66528,12.849,1,0.599421,0.36288,0,15.432,6.50086,8.69458,0.84672,12.849,0.84672,3695.15,0,36.966,0.334475,0.204422,1.92357,3.30134,1.50957,3.58528,0.42336,36.966,0.42336,423.524,0,0.932822,0,0,1.13724,0.204422,1.028160,1,0,12.2799,0,0,0,12.2799,0
45.0239,2.19972,0,0,0.649569,0.0696874,0.36288,3.6288,57.0114,0.574607,0,0,0.485005,0.34897,0,0.66528,12.849,1,0.601281,0.36288,0,22.4578,6.49768,15.7217,0.84672,12.849,0.84672,3695.15,0,36.966,0.369729,0.204422,1.92395,3.44399,1.60791,3.59473,0.42336,36.966,0.42336,423.524,0,0.759473,0,0,0.963896,0.204422,1.028160,1,0,19.3164,0,0,0,19.3164,0
43.2555,2.1714,0,0,0.841113,0.0752478,0.36288,3.6288,56.8362,0.462154,0,0,0.625726,0.338803,0,0.66528,12.849,1,0.619679,0.36288,0,22.9114,5.63084,17.0237,0.84672,12.849,0.84672,3695.15,0,36.966,0.299659,0.216518,1.84127,4.48415,1.40323,4.83905,0.42336,36.966,0.42336,423.524,0,0.952802,0,0,1.16932,0.216518,1.028160,1,0,21.8628,0,0,0,21.8628,0
41.5682,2.15256,0,0,0.947385,0.119236,0.36288,3.6288,56.5967,0.531054,0,0,0.589744,0.298183,0,0.66528,12.849,1,0.639415,0.36288,0,18.3573,5.29955,12.7812,0.84672,12.849,0.84672,3695.15,0,36.966,0.345395,0.216518,1.84776,3.58699,1.28944,4.01643,0.42336,36.966,0.42336,423.524,0,0.838166,0,0,1.05468,0.216518,1.028160,1,0,16.7977,0,0,0,16.7977,0
40.2163,2.13341,0,0,1.26874,0.124355,0.36288,3.6288,56.6157,0.415242,0,0,0.725287,0.291023,0,0.66528,12.849,1,0.659451,0.36288,0,24.3588,5.24433,18.8179,0.84672,12.849,0.84672,3695.15,0,36.966,0.271214,0.368099,1.84793,4.40878,1.27048,5.08311,0.42336,36.966,0.42336,423.524,0,1.02816,0,0,1.39626,0.368099,1.028160,1,0,23.901,0,0,0,23.901,0
39.2667,2.0624,0,0,1.59805,0.122382,0.36288,3.6288,57.0442,0.367833,0,0,1.0874,0.291059,0,0.66528,12.849,1,0.658932,0.36288,0,49.578,5.24433,44.0376,0.84672,12.849,0.84672,3695.15,0,36.966,0.240169,1.06675,1.84809,6.0898,1.27048,7.494,0.42336,36.966,0.42336,423.524,0,1.02816,0,0,2.09491,1.06675,1.028160,1,0,51.5316,0,0,0,51.5316,0
37.8422,1.99194,0,0,1.1034,0.173077,0.36288,3.6288,56.424,0.782137,0,0,0.386748,0.224829,0,0.66528,12.849,1,0.651811,0.36288,0,21.6457,3.82704,17.5297,0.84672,12.849,0.84672,3695.15,0,36.966,0.42336,0.216518,1.77408,3.87089,1.06662,4.37151,0.42336,36.966,0.42336,423.524,0,0.509103,0,0,0.725622,0.216518,1.028160,1,0,21.9012,0,0,0,21.9012,0
36.2725,1.97427,0,0,0.937656,0.170234,0.36288,3.6288,55.9397,0.694395,0,0,0.434043,0.223923,0,0.66528,12.849,1,0.670346,0.36288,0,17.6945,3.82704,13.56,0.84672,12.849,0.84672,3695.15,0,36.966,0.42336,0.292723,1.82014,4.30243,1.06662,4.92532,0.42336,36.966,0.42336,423.524,0,0.596846,0,0,0.889569,0.292723,1.028160,1,0,18.4853,0,0,0,18.4853,0
36.677,1.95348,0,0,2.88804,0.1671,0.36288,3.6288,56.6922,0.413315,0,0,1.38899,0.223216,0,0.66528,12.849,1,0.691992,0.36288,0,61.3033,3.82704,57.1472,0.84672,12.849,0.84672,3695.15,0,36.966,0.273126,1.81677,1.8203,10.2307,1.06662,12.528,0.42336,36.966,0.42336,423.524,0,1.02816,0,0,2.84493,1.81677,1.028160,1,0,69.6752,0,0,0,69.6752,0
36.6862,1.80734,0,0,2.37128,0.191948,0.36288,3.6288,57.3109,0.364294,0,0,1.18455,0.201507,0,0.66528,12.849,1,0.633164,0.36288,0,49.7268,3.50056,45.956,0.84672,12.849,0.84672,3695.15,0,36.966,0.237537,0.292723,1.82046,7.73611,0.97414,8.63762,0.42336,36.966,0.42336,423.524,0,0.949245,0,0,1.24197,0.292723,1.028160,1,0,54.5936,0,0,0,54.5936,0
38.7553,1.68696,0,0,4.32176,0.202763,0.36288,3.6288,58.5573,0.417268,0,0,1.85535,0.191687,0,0.66528,12.849,1,0.590842,0.36288,0,101.167,3.40481,97.5339,0.84672,12.849,0.84672,3695.15,0,36.966,0.269141,0.761979,1.65571,16.2747,0.996594,17.4267,0.42336,36.966,0.42336,423.524,0,1.02816,0,0,1.79014,0.761979,1.028160,1,0,114.961,0,0,0,114.961,0
41.7337,1.71124,0,0,5.25321,0.200698,0.36288,3.6288,59.8134,0.420779,0,0,1.92406,0.247249,0,0.66528,12.849,1,0.567347,0.36288,0,126.648,4.17396,122.269,0.84672,12.849,0.84672,3695.15,0,36.966,0.265629,1.09094,1.75154,13.1629,1.11164,14.6281,0.42336,36.966,0.42336,423.524,0,1.02816,0,0,2.1191,1.09094,1.028160,1,0,136.897,0,0,0,136.897,0
43.5354,1.7428,0,0,4.11522,0.207837,0.36288,3.6288,60.945,0.424227,0,0,1.80513,0.249247,0,0.66528,12.849,1,0.536574,0.36288,0,111.22,4.17396,106.872,0.84672,12.849,0.84672,3695.15,0,36.966,0.262182,2.16593,1.75168,14.25,1.11164,16.7937,0.42336,36.966,0.42336,423.524,0,1.02816,0,0,3.19409,2.16593,1.028160,1,0,123.666,0,0,0,123.666,0
45.4248,1.76055,0,0,4.22506,0.212223,0.36288,3.6288,61.308,0.427257,0,0,2.12153,0.251047,1.08025,0.66528,12.849,1,0.519608,0.36288,0,104.143,4.17396,99.8124,0.84672,12.849,0.84672,3695.15,0,36.966,0.259152,4.54826,1.75183,22.8353,1.11164,27.7646,0.42336,36.966,0.42336,423.524,0,1.02816,0,0,5.57642,4.54826,1.028160,1,0,128.657,0,0,0,128.657,0
49.5842,1.83978,0,0,6.56859,0.206548,0.36288,3.6288,61.308,0.457781,0,0,3.92931,0.235552,3.23598,0.66528,12.849,1,0.520406,0.36288,0,97.2976,4.36536,92.7747,0.84672,12.849,0.84672,3695.15,0,36.966,0.276022,4.24038,1.75198,20.1548,1.12412,24.747,0.42336,36.966,0.42336,423.524,0,1.02816,0,0,5.26854,4.24038,1.028160,1,0,120.758,0,0,0,120.758,0
54.9083,1.83217,0,0,7.73169,0.212557,0.36288,3.6288,61.308,0.49148,0,0,4.32917,0.206242,3.63144,0.66528,12.849,1,0.47478,0.36288,0,146.159,4.34844,141.698,0.84672,12.849,0.84672,3695.15,0,36.966,0.296341,4.90568,1.80359,18.0759,1.15839,23.3305,0.42336,36.966,0.42336,423.524,0,1.02816,0,0,5.93384,4.90568,1.028160,1,0,168.66,0,0,0,168.66,0
58.1365,1.86988,0,0,5.69995,0.23893,0.36288,3.6288,61.308,0.491659,0,0,2.73462,0.222241,2.02072,0.66528,12.849,1,0.437567,0.36288,0,178.011,4.69129,173.245,0.84672,12.849,0.84672,3695.15,0,36.966,0.296449,2.40237,1.83535,14.0269,1.26534,16.7028,0.42336,36.966,0.42336,423.524,0,1.02816,0,0,3.43053,2.40237,1.028160,1,0,191.968,0,0,0,191.968,0
60.9992,1.89018,0,0,5.36246,0.246684,0.36288,3.6288,61.308,0.491839,0,0,2.24719,0.222241,1.53311,0.66528,12.849,1,0.417758,0.36288,0,152.288,4.69129,147.542,0.84672,12.849,0.84672,3695.15,0,36.966,0.296557,1.98653,1.83566,10.6885,1.26534,12.9488,0.42336,36.966,0.42336,423.524,0,1.02816,0,0,3.01469,1.98653,1.028160,1,0,162.024,0,0,0,162.024,0
64.1171,2.11714,0,0,5.85122,0.253354,0.36288,3.6288,61.308,0.603104,0,0,3.00045,0.222241,2.1751,0.66528,12.849,1,0.445958,0.36288,0,145.585,4.69129,140.81,0.84672,12.849,0.84672,3695.15,0,36.966,0.363645,3.81807,1.83598,16.2461,1.26534,20.2711,0.42336,36.966,0.42336,423.524,0,1.02816,0,0,4.84623,3.81807,1.028160,1,0,163.257,0,0,0,163.257,0
68.8266,2.13565,0,0,7.45023,0.242183,0.36288,3.6288,61.308,0.603305,0,0,4.82553,0.229082,3.99314,0.66528,12.849,1,0.427983,0.36288,0,240.437,4.48777,235.884,0.84672,12.849,0.84672,3695.15,0,36.966,0.363766,6.51138,2.02159,20.0114,1.31119,26.8694,0.42336,36.966,0.42336,423.524,0,1.02816,0,0,7.53954,6.51138,1.028160,1,0,266.746,0,0,0,266.746,0
72.29,2.16079,0,0,6.60563,0.253665,0.727772,3.6288,61.308,0.603505,0,0,3.03347,0.206098,2.22387,0.66528,12.849,1,0.40339,0.727772,0,157.497,4.1979,153.623,0.84672,12.849,0.84672,3695.15,0,36.966,0.363887,3.76339,2.02194,14.3744,1.18402,18.6118,0.42336,36.966,0.42336,423.524,0,1.02816,0,0,4.79155,3.76339,1.028160,1,0,174.459,0,0,0,174.459,0
72.29,2.17766,0,0,7.28136,0.260511,4.84319,3.6288,61.308,0.603706,0,0,4.05359,0.206098,3.24379,0.66528,12.849,1,0.387063,4.84319,0,176.953,4.1979,177.211,0.84672,12.849,0.84672,3695.15,0,36.966,0.364008,5.12772,2.02229,17.1691,1.18402,22.771,0.42336,36.966,0.42336,423.524,0,1.02816,0,0,6.15588,5.12772,1.028160,1,0,203.226,0,0,0,203.226,0
72.29,1.86949,0,0,7.18922,0.260511,5.05923,3.6288,61.308,0.454714,0,0,4.59067,0.206098,3.92986,0.66528,12.849,1,0.332287,5.05923,0,168.181,4.1979,168.71,0.84672,12.849,0.84672,3695.15,0,36.966,0.274172,5.99219,2.02264,19.7674,1.18402,26.324,0.42336,36.966,0.42336,423.524,0,1.02816,0,0,7.02035,5.99219,1.028160,1,0,198.964,0,0,0,198.964,0
72.29,1.86989,0,0,6.36104,0.317347,4.1738,3.6288,61.308,0.454886,0,0,3.44978,0.188038,2.80685,0.66528,12.849,1,0.332359,4.1738,0,110.311,3.75717,110.395,0.84672,12.849,0.84672,3695.15,0,36.966,0.274276,4.40605,1.77011,13.5918,0.96045,18.5332,0.42336,36.966,0.42336,423.524,0,1.02816,0,0,5.43421,4.40605,1.028160,1,0,131.736,0,0,0,131.736,0
72.29,1.87029,0,0,5.244,0.32682,3.04689,3.6288,61.308,0.455059,0,0,2.94782,0.185028,2.30773,0.66528,12.849,1,0.332431,3.04689,0,96.1433,3.68372,95.1741,0.84672,12.849,0.84672,3695.15,0,36.966,0.27438,3.17261,1.77041,9.92572,0.923188,13.6712,0.42336,36.966,0.42336,423.524,0,1.02816,0,0,4.20077,3.17261,1.028160,1,0,111.153,0,0,0,111.153,0
72.29,1.8707,0,0,6.55204,0.32682,4.35452,3.6288,61.308,0.455231,0,0,3.87209,0.185028,3.23183,0.66528,12.849,1,0.332502,4.35452,0,127.45,3.68372,127.788,0.84672,12.849,0.84672,3695.15,0,36.966,0.274484,4.36718,1.77071,11.2911,0.923188,16.2313,0.42336,36.966,0.42336,423.524,0,1.02816,0,0,5.39534,4.36718,1.028160,1,0,147.251,0,0,0,147.251,0
72.29,1.8711,0,0,8.80883,0.323406,6.61432,3.6288,61.308,0.455403,0,0,4.84639,0.156393,4.2346,0.66528,12.849,1,0.332574,6.61432,0,198.75,3.23544,201.797,0.84672,12.849,0.84672,3695.15,0,36.966,0.274588,6.72158,1.77101,17.0814,0.846413,24.453,0.42336,36.966,0.42336,423.524,0,1.02816,0,0,7.74974,6.72158,1.028160,1,0,230.484,0,0,0,230.484,0
72.29,1.94927,0,0,8.39541,0.3351,6.11104,3.6288,61.308,0.492109,0,0,4.03555,0.143309,3.40013,0.66528,12.849,1,0.346468,6.11104,0,206.262,3.11278,208.914,0.84672,12.849,0.84672,3695.15,0,36.966,0.29672,5.56321,1.77132,12.8625,0.782912,19.1174,0.42336,36.966,0.42336,423.524,0,1.02816,0,0,6.59137,5.56321,1.028160,1,0,231.431,0,0,0,231.431,0
72.29,1.94969,0,0,6.04586,0.352515,3.74365,3.6288,61.308,0.492288,0,0,4.46488,0.141136,3.83145,0.66528,12.849,1,0.346542,3.74365,0,101.739,3.18832,101.947,0.84672,12.849,0.84672,3695.15,0,36.966,0.296828,4.2737,1.83403,12.1538,0.739192,17.2255,0.42336,36.966,0.42336,423.524,0,1.02816,0,0,5.30186,4.2737,1.028160,1,0,123.004,0,0,0,123.004,0
72.29,1.95011,0,0,5.31183,0.352515,3.00921,3.6288,61.308,0.492467,0,0,3.13083,0.141136,2.49723,0.66528,12.849,1,0.346617,3.00921,0,113.437,3.18832,112.911,0.84672,12.849,0.84672,3695.15,0,36.966,0.296936,3.29935,1.83434,10.7493,0.739192,14.8468,0.42336,36.966,0.42336,423.524,0,1.02816,0,0,4.32751,3.29935,1.028160,1,0,130.255,0,0,0,130.255,0
72.29,1.95053,0,0,4.50647,0.316803,2.23914,3.6288,61.308,0.492647,0,0,2.45768,0.160166,1.80487,0.66528,12.849,1,0.346691,2.23914,0,105.54,3.42101,104.012,0.84672,12.849,0.84672,3695.15,0,36.966,0.297044,2.63313,1.83466,10.4715,0.784993,13.8573,0.42336,36.966,0.42336,423.524,0,1.02816,0,0,3.66129,2.63313,1.028160,1,0,119.674,0,0,0,119.674,0
72.29,1.92052,0,0,4.20131,0.290152,1.99064,3.6288,61.308,0.478627,0,0,2.73954,0.17589,2.08502,0.66528,12.849,1,0.341357,1.99064,0,73.948,3.68368,71.9136,0.84672,12.849,0.84672,3695.15,0,36.966,0.288591,3.17634,1.83497,9.63844,0.834349,13.5268,0.42336,36.966,0.42336,423.524,0,1.02816,0,0,4.2045,3.17634,1.028160,1,0,87.5255,0,0,0,87.5255,0
72.29,1.92093,0,0,3.5477,0.29095,1.33582,3.6288,61.308,0.478804,0,0,1.51476,0.184594,0.851367,0.66528,12.849,1,0.341431,1.33582,0,61.0271,4.2127,57.8088,0.84672,12.849,0.84672,3695.15,0,36.966,0.288697,1.8974,1.81098,6.07612,0.924383,8.57143,0.42336,36.966,0.42336,423.524,0,1.02816,0,0,2.92556,1.8974,1.028160,1,0,67.2316,0,0,0,67.2316,0
72.29,1.92134,0,0,3.11655,0.29095,0.904257,3.6288,61.308,0.478981,0,0,1.45956,0.184594,0.79598,0.66528,12.849,1,0.341504,0.904257,0,56.7143,4.2127,53.0644,0.84672,12.849,0.84672,3695.15,0,36.966,0.288804,1.68038,1.81129,5.96275,0.924383,8.24124,0.42336,36.966,0.42336,423.524,0,1.02816,0,0,2.70854,1.68038,1.028160,1,0,62.1016,0,0,0,62.1016,0
72.29,1.92176,0,0,3.53419,0.29095,1.32148,3.6288,61.308,0.479158,0,0,1.52357,0.184594,0.859817,0.66528,12.849,1,0.341578,1.32148,0,63.596,4.2127,60.3632,0.84672,12.849,0.84672,3695.15,0,36.966,0.288911,1.48425,1.8116,6.898,0.924383,8.98056,0.42336,36.966,0.42336,423.524,0,1.02816,0,0,2.51241,1.48425,1.028160,1,0,70.2036,0,0,0,70.2036,0
72.29,2.02553,0,0,3.09094,0.212225,0.853183,3.6288,61.308,0.529729,0,0,1.29523,0.220944,0.544558,0.66528,12.849,1,0.360023,0.853183,0,53.4012,4.68557,49.2088,0.84672,12.849,0.84672,3695.15,0,36.966,0.319403,1.46213,1.81192,5.61787,1.02704,7.54547,0.42336,36.966,0.42336,423.524,0,1.02816,0,0,2.49029,1.46213,1.028160,1,0,57.2988,0,0,0,57.2988,0
72.29,2.02597,0,0,3.2352,0.187323,1.02191,3.6288,61.308,0.529915,0,0,1.44698,0.21965,0.69741,0.66528,12.849,1,0.3601,1.02191,0,56.3529,4.45087,52.5639,0.84672,12.849,0.84672,3695.15,0,36.966,0.319515,1.48195,1.89745,6.05728,0.963221,8.15394,0.42336,36.966,0.42336,423.524,0,1.02816,0,0,2.51011,1.48195,1.028160,1,0,61.4152,0,0,0,61.4152,0
72.29,2.0264,0,0,2.9936,0.182611,0.784593,3.6288,61.308,0.530102,0,0,1.34248,0.216709,0.595673,0.66528,12.849,1,0.360177,0.784593,0,51.6821,4.32548,47.7811,0.84672,12.849,0.84672,3695.15,0,36.966,0.319628,1.11037,1.89778,5.54823,0.93085,7.3059,0.42336,36.966,0.42336,423.524,0,1.02816,0,0,2.13853,1.11037,1.028160,1,0,55.6827,0,0,0,55.6827,0
72.29,2.02683,0,0,2.59445,0.182611,0.385,3.6288,61.308,0.530289,0,0,1.23238,0.216709,0.485378,0.66528,12.849,1,0.360255,0.385,0,48.4993,4.32548,44.1986,0.84672,12.849,0.84672,3695.15,0,36.966,0.319741,1.1407,1.8981,5.61564,0.93085,7.40385,0.42336,36.966,0.42336,423.524,0,1.02816,0,0,2.16886,1.1407,1.028160,1,0,52.0878,0,0,0,52.0878,0
72.0695,2.02727,0,0,2.35228,0.182611,0.36288,3.6288,61.308,0.530475,0,0,1.07187,0.216709,0.324686,0.66528,12.849,1,0.360332,0.36288,0,44.6602,4.32548,40.3373,0.84672,12.849,0.84672,3695.15,0,36.966,0.319853,0.906656,1.89843,5.30995,0.93085,6.86434,0.42336,36.966,0.42336,423.524,0,1.02816,0,0,1.93482,0.906656,1.028160,1,0,47.5263,0,0,0,47.5263,0
72.1373,2.00632,0,0,2.59089,0.153898,0.36288,3.6288,61.308,0.558386,0,0,1.14097,0.267022,0.315565,0.66528,12.849,1,0.357698,0.36288,0,50.9766,5.13803,45.8438,0.84672,12.849,0.84672,3695.15,0,36.966,0.336682,1.06174,1.89876,4.75495,1.14189,6.23686,0.42336,36.966,0.42336,423.524,0,1.02816,0,0,2.0899,1.06174,1.028160,1,0,52.3962,0,0,0,52.3962,0
72.29,2.00703,0,0,2.97991,0.129569,0.690627,3.6288,61.308,0.558578,0,0,1.25328,0.327042,0.367664,0.66528,12.849,1,0.35749,0.690627,0,59.8095,5.56626,54.5764,0.84672,12.849,0.84672,3695.15,0,36.966,0.336798,1.23295,1.9289,4.28671,1.32756,5.7842,0.42336,36.966,0.42336,423.524,0,1.02816,0,0,2.26111,1.23295,1.028160,1,0,60.7283,0,0,0,60.7283,0
72.29,2.0081,0,0,2.83548,0.129719,0.697662,3.6288,61.308,0.55877,0,0,1.16588,0.327042,0.28007,0.66528,12.849,1,0.356925,0.697662,0,54.2164,5.56626,48.9909,0.84672,12.849,0.84672,3695.15,0,36.966,0.336914,1.15101,1.92923,4.08173,1.32756,5.4975,0.42336,36.966,0.42336,423.524,0,1.02816,0,0,2.17917,1.15101,1.028160,1,0,54.7685,0,0,0,54.7685,0
72.29,2.00853,0,0,2.61725,0.129719,0.478995,3.6288,61.308,0.558962,0,0,1.0426,0.327042,0.156593,0.66528,12.849,1,0.357001,0.478995,0,51.3048,5.56626,45.8605,0.84672,12.849,0.84672,3695.15,0,36.966,0.337029,1.04255,1.92957,3.81795,1.32756,5.12547,0.42336,36.966,0.42336,423.524,0,1.02816,0,0,2.07071,1.04255,1.028160,1,0,51.1425,0,0,0,51.1425,0
72.2371,2.06184,0,0,2.50153,0.129719,0.36288,3.6288,61.308,0.583881,0,0,1.02043,0.327042,0.109504,0.66528,12.849,1,0.366476,0.36288,0,48.1038,5.56626,42.5339,0.84672,12.849,0.84672,3695.15,0,36.966,0.352054,0.879811,1.9299,3.63779,1.32756,4.76788,0.42336,36.966,0.42336,423.524,0,1.02816,0,0,1.90797,0.879811,1.028160,1,0,47.4113,0,0,0,47.4113,0
72.29,2.06205,0,0,2.68316,0.111467,0.456732,3.6288,61.308,0.584078,0,0,0.980243,0.333255,0.0629096,0.66528,12.849,1,0.366783,0.456732,0,47.759,5.88546,41.9635,0.84672,12.849,0.84672,3695.15,0,36.966,0.352173,0.881963,1.97253,3.50392,1.48232,4.52391,0.42336,36.966,0.42336,423.524,0,1.02816,0,0,1.91012,0.881963,1.028160,1,0,46.5503,0,0,0,46.5503,0
72.1663,2.06272,0,0,2.41343,0.111512,0.36288,3.6288,61.308,0.584275,0,0,0.919443,0.333255,0.00191291,0.66528,12.849,1,0.366633,0.36288,0,45.0105,5.88546,39.1213,0.84672,12.849,0.84672,3695.15,0,36.966,0.352292,0.820921,1.97287,3.57705,1.48232,4.53622,0.42336,36.966,0.42336,423.524,0,1.02816,0,0,1.84908,0.820921,1.028160,1,0,43.6594,0,0,0,43.6594,0
71.8257,2.06263,0,0,2.19634,0.111407,0.36288,3.6288,61.2723,0.584472,0,0,0.882075,0.333255,0,0.66528,12.849,1,0.367245,0.36288,0,42.2763,5.88546,36.3865,0.84672,12.849,0.84672,3695.15,0,36.966,0.352411,0.646255,1.97321,3.32545,1.48232,4.11018,0.42336,36.966,0.42336,423.524,0,1.02816,0,0,1.67441,0.646255,1.028160,1,0,40.4967,0,0,0,40.4967,0
71.0513,2.21641,0,0,1.90051,0.0956227,0.36288,3.6288,61.1452,0.66528,0,0,0.878368,0.340244,0,0.66528,12.849,1,0.396496,0.36288,0,40.3363,6.12728,34.1754,0.84672,12.849,0.84672,3695.15,0,36.966,0.415092,0.627886,1.97355,3.36985,1.51237,4.04383,0.42336,36.966,0.42336,423.524,0,1.02816,0,0,1.65605,0.627886,1.028160,1,0,38.2192,0,0,0,38.2192,0
70.2876,2.21322,0,0,1.91639,0.103992,0.36288,3.6288,61.0737,0.66528,0,0,0.924566,0.330792,0,0.66528,12.849,1,0.400241,0.36288,0,37.7072,5.64607,32.0238,0.84672,12.849,0.84672,3695.15,0,36.966,0.415436,0.346594,2.11871,3.04306,1.38787,3.70506,0.42336,36.966,0.42336,423.524,0,1.02816,0,0,1.37475,0.346594,1.028160,1,0,35.7288,0,0,0,35.7288,0
69.6203,2.21001,0,0,2.00003,0.0945003,0.36288,3.6288,61.0389,0.66528,0,0,0.967775,0.33727,0,0.66528,12.849,1,0.404003,0.36288,0,37.0419,5.50557,31.4952,0.84672,12.849,0.84672,3695.15,0,36.966,0.415779,0.896348,2.11908,2.92346,1.42073,4.10238,0.42336,36.966,0.42336,423.524,0,1.02816,0,0,1.92451,0.896348,1.028160,1,0,35.5976,0,0,0,35.5976,0
68.8509,2.20721,0,0,1.89473,0.0940144,0.36288,3.6288,60.9696,0.66528,0,0,0.933155,0.337195,0,0.66528,12.849,1,0.407358,0.36288,0,36.7146,5.50557,31.1646,0.84672,12.849,0.84672,3695.15,0,36.966,0.416122,0.894352,2.11945,2.77396,1.42073,3.95091,0.42336,36.966,0.42336,423.524,0,1.02816,0,0,1.92251,0.894352,1.028160,1,0,35.1155,0,0,0,35.1155,0
68.0595,2.20384,0,0,1.86881,0.0934542,0.36288,3.6288,60.8928,0.66528,0,0,0.925577,0.337047,0,0.66528,12.849,1,0.411282,0.36288,0,35.0768,5.50557,29.5228,0.84672,12.849,0.84672,3695.15,0,36.966,0.416465,0.877643,2.11982,2.79558,1.42073,3.95585,0.42336,36.966,0.42336,423.524,0,1.02816,0,0,1.9058,0.877643,1.028160,1,0,33.4786,0,0,0,33.4786,0
67.2179,2.12539,0,0,1.72028,0.0736752,0.36288,3.6288,60.7169,0.619206,0,0,0.78988,0.346644,0,0.66528,12.849,1,0.401253,0.36288,0,31.703,5.84775,25.8169,0.84672,12.849,0.84672,3695.15,0,36.966,0.375899,0.601387,2.12019,2.45314,1.49466,3.30415,0.42336,36.966,0.42336,423.524,0,1.02816,0,0,1.62955,0.601387,1.028160,1,0,29.121,0,0,0,29.121,0
65.9805,2.12162,0,0,1.34336,0.0962698,0.36288,3.6288,60.2619,0.719856,0,0,0.583724,0.318869,0,0.66528,12.849,1,0.405557,0.36288,0,27.013,5.43108,21.5392,0.84672,12.849,0.84672,3695.15,0,36.966,0.438267,0.204422,2.03667,1.50652,1.35558,1.95376,0.42336,36.966,0.42336,423.524,0,0.865469,0,0,1.06989,0.204422,1.028160,1,0,23.493,0,0,0,23.493,0
64.85,2.1157,0,0,1.51361,0.165503,0.36288,3.6288,60.1771,0.617172,0,0,0.817638,0.285236,0,0.66528,12.849,1,0.412011,0.36288,0,26.0478,4.57464,21.424,0.84672,12.849,0.84672,3695.15,0,36.966,0.378587,0.366362,2.03702,2.01191,1.16856,2.86814,0.42336,36.966,0.42336,423.524,0,1.02816,0,0,1.39452,0.366362,1.028160,1,0,24.2922,0,0,0,24.2922,0
63.6299,2.11016,0,0,1.41991,0.166921,0.36288,3.6288,60.1047,0.617044,0,0,0.830684,0.286081,0,0.66528,12.849,1,0.418095,0.36288,0,32.0607,4.59092,27.4146,0.84672,12.849,0.84672,3695.15,0,36.966,0.379042,0.324864,2.03737,2.03563,1.17788,2.84094,0.42336,36.966,0.42336,423.524,0,1.02816,0,0,1.35302,0.324864,1.028160,1,0,30.2555,0,0,0,30.2555,0
62.6528,2.04309,0,0,1.5941,0.165283,0.36288,3.6288,60.2853,0.567902,0,0,1.03453,0.285949,0,0.66528,12.849,1,0.412567,0.36288,0,51.5793,4.59092,46.9387,0.84672,12.849,0.84672,3695.15,0,36.966,0.349275,0.587641,2.03773,2.59148,1.17788,3.68969,0.42336,36.966,0.42336,423.524,0,1.02816,0,0,1.6158,0.587641,1.028160,1,0,50.6284,0,0,0,50.6284,0
62.257,2.03818,0,0,2.16194,0.156649,0.36288,3.6288,60.9984,0.568744,0,0,1.48171,0.199911,0,0.66528,12.849,1,0.417996,0.36288,0,84.9182,4.53315,80.33,0.84672,12.849,0.84672,3695.15,0,36.966,0.348745,1.59157,1.96316,5.15131,1.23858,7.11872,0.42336,36.966,0.42336,423.524,0,1.02816,0,0,2.61973,1.59157,1.028160,1,0,87.4487,0,0,0,87.4487,0
62.5147,2.03641,0,0,2.87554,0.218532,0.36288,3.6288,61.308,0.571477,0,0,1.49119,0.15031,0.459787,0.66528,12.849,1,0.420288,0.36288,0,75.9309,3.31916,72.5543,0.84672,12.849,0.84672,3695.15,0,36.966,0.346324,1.4337,1.9635,6.33911,0.934599,8.45538,0.42336,36.966,0.42336,423.524,0,1.02816,0,0,2.46186,1.4337,1.028160,1,0,81.4695,0,0,0,81.4695,0
63.5656,2.03829,0,0,3.67104,0.218994,0.36288,3.6288,61.308,0.572763,0,0,1.82597,0.150605,1.1026,0.66528,12.849,1,0.418941,0.36288,0,148.889,3.31916,145.514,0.84672,12.849,0.84672,3695.15,0,36.966,0.345351,1.98107,1.96384,6.11222,0.934599,8.77718,0.42336,36.966,0.42336,423.524,0,1.02816,0,0,3.00923,1.98107,1.028160,1,0,155.393,0,0,0,155.393,0
65.8068,1.87157,0,0,4.69656,0.22088,0.36288,3.6288,61.308,0.469927,0,0,2.25018,0.150605,1.62964,0.66528,12.849,1,0.378314,0.36288,0,133.645,3.31916,130.311,0.84672,12.849,0.84672,3695.15,0,36.966,0.283345,3.15705,1.96418,8.35643,0.934599,12.2597,0.42336,36.966,0.42336,423.524,0,1.02816,0,0,4.18521,3.15705,1.028160,1,0,144.2,0,0,0,144.2,0
66.6937,1.88275,0,0,3.38297,0.25045,0.36288,3.6288,61.308,0.470103,0,0,2.70461,0.170278,2.06422,0.66528,12.849,1,0.367614,0.36288,0,94.3782,3.58754,90.7859,0.84672,12.849,0.84672,3695.15,0,36.966,0.283451,2.33443,1.79796,7.75087,0.897042,10.7028,0.42336,36.966,0.42336,423.524,0,1.02816,0,0,3.36259,2.33443,1.028160,1,0,103.553,0,0,0,103.553,0
70.1464,1.88726,0,0,5.97433,0.271519,0.36288,3.6288,61.308,0.470278,0,0,3.92976,0.185033,3.27445,0.66528,12.849,1,0.363593,0.36288,0,224.326,3.78882,220.536,0.84672,12.849,0.84672,3695.15,0,36.966,0.283557,3.33988,1.79827,12.9562,0.868875,16.9419,0.42336,36.966,0.42336,423.524,0,1.02816,0,0,4.36804,3.33988,1.028160,1,0,240.752,0,0,0,240.752,0
72.29,1.90279,0,0,4.80286,0.278948,0.477499,3.6288,61.308,0.470454,0,0,5.67828,0.185033,5.02279,0.66528,12.849,1,0.348543,0.477499,0,204.911,3.78882,201.251,0.84672,12.849,0.84672,3695.15,0,36.966,0.283663,3.85895,1.79858,12.3904,0.868875,16.8954,0.42336,36.966,0.42336,423.524,0,1.02816,0,0,4.88711,3.85895,1.028160,1,0,223.169,0,0,0,223.169,0
72.29,1.91198,0,0,4.0748,0.288191,1.87462,3.6288,61.308,0.470629,0,0,2.59744,0.241276,1.88554,0.66528,12.849,1,0.33984,1.87462,0,130.963,4.63187,127.866,0.84672,12.849,0.84672,3695.15,0,36.966,0.283768,2.45762,1.79889,9.38606,1.20138,12.1574,0.42336,36.966,0.42336,423.524,0,1.02816,0,0,3.48578,2.45762,1.028160,1,0,141.909,0,0,0,141.909,0
72.29,1.91198,0,0,8.15217,0.288792,5.95139,3.6288,61.308,0.470629,0,0,4.92275,0.240693,4.21143,0.66528,12.849,1,0.33984,5.95139,0,199.297,4.53492,200.374,0.84672,12.849,0.84672,3695.15,0,36.966,0.283768,6.27244,1.7992,17.1416,1.19477,23.7347,0.42336,36.966,0.42336,423.524,0,1.02816,0,0,7.3006,6.27244,1.028160,1,0,228.32,0,0,0,228.32,0
72.29,1.98034,0,0,9.64221,0.2924,7.36947,3.6288,61.308,0.500664,0,0,3.29455,0.237195,2.55669,0.66528,12.849,1,0.351991,7.36947,0,177.463,3.95325,180.527,0.84672,12.849,0.84672,3695.15,0,36.966,0.301878,4.74651,1.7992,15.9188,1.15511,21.0075,0.42336,36.966,0.42336,423.524,0,1.02816,0,0,5.77467,4.74651,1.028160,1,0,204.091,0,0,0,204.091,0
72.29,1.98075,0,0,5.16051,0.2924,2.88736,3.6288,61.308,0.500839,0,0,2.47032,0.237195,1.73229,0.66528,12.849,1,0.352063,2.88736,0,126.569,3.95325,125.151,0.84672,12.849,0.84672,3695.15,0,36.966,0.301983,2.67607,1.85148,14.0761,1.15511,17.1466,0.42336,36.966,0.42336,423.524,0,1.02816,0,0,3.70423,2.67607,1.028160,1,0,144.03,0,0,0,144.03,0
72.29,1.98116,0,0,7.29288,0.2924,5.01932,3.6288,61.308,0.501013,0,0,4.46074,0.237195,3.72253,0.66528,12.849,1,0.352136,5.01932,0,150.53,3.95325,151.243,0.84672,12.849,0.84672,3695.15,0,36.966,0.302089,3.67158,1.85179,18.7853,1.15511,22.8515,0.42336,36.966,0.42336,423.524,0,1.02816,0,0,4.69974,3.67158,1.028160,1,0,177.818,0,0,0,177.818,0
72.29,1.98157,0,0,5.02409,0.322833,2.71969,3.6288,61.308,0.501187,0,0,3.01077,0.211957,2.29763,0.66528,12.849,1,0.352209,2.71969,0,206.307,3.80344,204.871,0.84672,12.849,0.84672,3695.15,0,36.966,0.302194,2.6793,1.85209,9.75404,1.20224,12.781,0.42336,36.966,0.42336,423.524,0,1.02816,0,0,3.70746,2.6793,1.028160,1,0,219.949,0,0,0,219.949,0
72.29,2.20034,0,0,6.34586,0.308258,3.83727,3.6288,61.308,0.613547,0,0,2.80735,0.192225,2.00158,0.66528,12.849,1,0.391094,3.83727,0,201.412,3.56647,201.292,0.84672,12.849,0.84672,3695.15,0,36.966,0.369941,2.52025,1.8524,13.8183,0.937836,16.8832,0.42336,36.966,0.42336,423.524,0,1.02816,0,0,3.54841,2.52025,1.028160,1,0,220.177,0,0,0,220.177,0
72.29,2.20079,0,0,7.19453,0.304896,4.68884,3.6288,61.308,0.613742,0,0,3.4074,0.192794,2.60086,0.66528,12.849,1,0.391173,4.68884,0,223.198,3.60475,223.891,0.84672,12.849,0.84672,3695.15,0,36.966,0.370059,3.42306,2.03983,19.217,0.899658,23.4102,0.42336,36.966,0.42336,423.524,0,1.02816,0,0,4.45122,3.42306,1.028160,1,0,249.902,0,0,0,249.902,0
72.29,2.20124,0,0,6.00526,0.316479,3.48754,3.6288,61.308,0.613937,0,0,2.65762,0.208687,1.835,0.66528,12.849,1,0.391253,3.48754,0,153.46,4.16208,152.394,0.84672,12.849,0.84672,3695.15,0,36.966,0.370177,2.80625,2.04017,15.4534,1.0438,18.8859,0.42336,36.966,0.42336,423.524,0,1.02816,0,0,3.83441,2.80625,1.028160,1,0,173.115,0,0,0,173.115,0
72.29,2.20169,0,0,8.4252,0.344043,5.87947,3.6288,61.308,0.614132,0,0,2.6133,0.204058,1.79511,0.66528,12.849,1,0.391333,5.87947,0,190.437,4.29366,191.631,0.84672,12.849,0.84672,3695.15,0,36.966,0.370294,2.57939,2.04052,15.231,1.04467,18.436,0.42336,36.966,0.42336,423.524,0,1.02816,0,0,3.60755,2.57939,1.028160,1,0,211.862,0,0,0,211.862,0
72.29,1.89046,0,0,9.12146,0.31625,6.91475,3.6288,61.308,0.463663,0,0,5.54914,0.194306,4.89117,0.66528,12.849,1,0.336014,6.91475,0,197.291,3.90366,199.966,0.84672,12.849,0.84672,3695.15,0,36.966,0.279568,5.33407,2.04086,30.3557,0.882149,36.5689,0.42336,36.966,0.42336,423.524,0,1.02816,0,0,6.36223,5.33407,1.028160,1,0,241.426,0,0,0,241.426,0
72.29,1.89085,0,0,5.68881,0.305133,3.49283,3.6288,61.308,0.463831,0,0,2.46002,0.190405,1.80578,0.66528,12.849,1,0.336084,3.49283,0,137.527,3.74766,136.936,0.84672,12.849,0.84672,3695.15,0,36.966,0.279669,3.2106,1.78582,12.0842,0.817143,15.9839,0.42336,36.966,0.42336,423.524,0,1.02816,0,0,4.23876,3.2106,1.028160,1,0,154.726,0,0,0,154.726,0
72.29,1.89124,0,0,8.3052,0.305133,6.10883,3.6288,61.308,0.463999,0,0,3.01808,0.190405,2.36368,0.66528,12.849,1,0.336154,6.10883,0,198.151,3.74766,200.176,0.84672,12.849,0.84672,3695.15,0,36.966,0.27977,3.57567,1.78611,15.5434,0.817143,19.8082,0.42336,36.966,0.42336,423.524,0,1.02816,0,0,4.60383,3.57567,1.028160,1,0,222.348,0,0,0,222.348,0
72.29,1.89163,0,0,8.10622,0.304389,5.9102,3.6288,61.308,0.464166,0,0,2.89221,0.186439,2.2416,0.66528,12.849,1,0.336224,5.9102,0,199.214,3.82382,200.964,0.84672,12.849,0.84672,3695.15,0,36.966,0.279872,3.48792,1.78641,17.2501,0.854738,21.3898,0.42336,36.966,0.42336,423.524,0,1.02816,0,0,4.51608,3.48792,1.028160,1,0,224.596,0,0,0,224.596,0
72.29,1.89203,0,0,12.0658,0.298578,9.87516,3.6288,61.308,0.464334,0,0,3.67652,0.205719,3.00647,0.66528,12.849,1,0.336293,9.87516,0,310.438,4.35107,315.626,0.84672,12.849,0.84672,3695.15,0,36.966,0.279973,3.81973,1.7867,20.7052,0.959103,25.0726,0.42336,36.966,0.42336,423.524,0,1.02816,0,0,4.84789,3.81973,1.028160,1,0,343.705,0,0,0,343.705,0
72.29,1.97095,0,0,10.2711,0.299281,8.00083,3.6288,61.308,0.501393,0,0,2.10738,0.204979,1.40101,0.66528,12.849,1,0.350321,8.00083,0,187.157,4.16105,190.647,0.84672,12.849,0.84672,3695.15,0,36.966,0.302318,1.88802,1.78699,14.2145,0.875097,16.7121,0.42336,36.966,0.42336,423.524,0,1.02816,0,0,2.91618,1.88802,1.028160,1,0,208.76,0,0,0,208.76,0
72.29,1.97135,0,0,10.015,0.299281,7.74434,3.6288,61.308,0.501568,0,0,5.34044,0.204979,4.63389,0.66528,12.849,1,0.350393,7.74434,0,203.314,4.16105,206.547,0.84672,12.849,0.84672,3695.15,0,36.966,0.302423,4.40262,1.85031,17.4313,0.875097,22.5067,0.42336,36.966,0.42336,423.524,0,1.02816,0,0,5.43078,4.40262,1.028160,1,0,233.687,0,0,0,233.687,0
72.29,1.97176,0,0,8.07546,0.299281,5.80442,3.6288,61.308,0.501742,0,0,1.93346,0.204979,1.22674,0.66528,12.849,1,0.350466,5.80442,0,159.602,4.16105,160.894,0.84672,12.849,0.84672,3695.15,0,36.966,0.302528,1.73194,1.85062,12.1782,0.875097,14.5831,0.42336,36.966,0.42336,423.524,0,1.02816,0,0,2.7601,1.73194,1.028160,1,0,176.704,0,0,0,176.704,0
72.29,1.97217,0,0,9.26942,0.242866,7.05439,3.6288,61.308,0.501917,0,0,2.4287,0.228163,1.69862,0.66528,12.849,1,0.350538,7.05439,0,158.727,4.35634,161.075,0.84672,12.849,0.84672,3695.15,0,36.966,0.302634,2.27659,1.85092,14.0563,0.959666,16.9215,0.42336,36.966,0.42336,423.524,0,1.02816,0,0,3.30475,2.27659,1.028160,1,0,179.695,0,0,0,179.695,0
72.29,1.94185,0,0,6.0526,0.212751,3.89799,3.6288,61.308,0.487753,0,0,1.62177,0.221106,0.912913,0.66528,12.849,1,0.345149,3.89799,0,122.398,4.07799,121.873,0.84672,12.849,0.84672,3695.15,0,36.966,0.294093,1.40357,1.85123,8.42797,1.0126,10.3761,0.42336,36.966,0.42336,423.524,0,1.02816,0,0,2.43173,1.40357,1.028160,1,0,133.162,0,0,0,133.162,0
72.29,1.94225,0,0,5.51528,0.212751,3.36027,3.6288,61.308,0.487925,0,0,1.47847,0.221106,0.769438,0.66528,12.849,1,0.345221,3.36027,0,117.736,4.07799,116.673,0.84672,12.849,0.84672,3695.15,0,36.966,0.294197,0.964544,1.82699,6.98,1.0126,8.46473,0.42336,36.966,0.42336,423.524,0,1.02816,0,0,1.9927,0.964544,1.028160,1,0,125.907,0,0,0,125.907,0
72.29,1.94266,0,0,5.16839,0.212751,3.01298,3.6288,61.308,0.488097,0,0,1.37473,0.221106,0.665525,0.66528,12.849,1,0.345292,3.01298,0,106.372,4.07799,104.962,0.84672,12.849,0.84672,3695.15,0,36.966,0.294301,0.6926,1.8273,6.3451,1.0126,7.55809,0.42336,36.966,0.42336,423.524,0,1.02816,0,0,1.72076,0.6926,1.028160,1,0,113.186,0,0,0,113.186,0
72.29,1.94306,0,0,4.70477,0.189258,2.57246,3.6288,61.308,0.488269,0,0,1.26558,0.237669,0.539641,0.66528,12.849,1,0.345364,2.57246,0,97.0972,4.35592,94.9684,0.84672,12.849,0.84672,3695.15,0,36.966,0.294404,0.619212,1.8276,5.49951,1.04227,6.60964,0.42336,36.966,0.42336,423.524,0,1.02816,0,0,1.64737,0.619212,1.028160,1,0,102.118,0,0,0,102.118,0
72.29,2.04783,0,0,4.49368,0.170947,2.2749,3.6288,61.308,0.539328,0,0,1.18675,0.251022,0.396398,0.66528,12.849,1,0.363987,2.2749,0,86.5547,4.25867,84.2069,0.84672,12.849,0.84672,3695.15,0,36.966,0.325191,0.540104,1.8279,5.32564,0.998504,6.36994,0.42336,36.966,0.42336,423.524,0,1.02816,0,0,1.56826,0.540104,1.028160,1,0,90.9733,0,0,0,90.9733,0
72.29,2.04825,0,0,4.17722,0.158041,1.97093,3.6288,61.308,0.634541,0,0,1.06757,0.253772,0.179254,0.66528,12.849,1,0.364062,1.97093,0,82.7029,4.40496,79.9049,0.84672,12.849,0.84672,3695.15,0,36.966,0.3826,0.402797,1.91426,4.53032,1.03828,5.4265,0.42336,36.966,0.42336,423.524,0,0.875828,0,0,1.27863,0.402797,1.028160,1,0,85.5106,0,0,0,85.5106,0
72.29,2.04867,0,0,3.97837,0.158041,1.77166,3.6288,61.308,0.53969,0,0,1.07695,0.253772,0.283488,0.66528,12.849,1,0.364136,1.77166,0,69.4768,4.40496,66.4794,0.84672,12.849,0.84672,3695.15,0,36.966,0.325409,0.401587,1.91458,4.14675,1.03828,5.09922,0.42336,36.966,0.42336,423.524,0,1.02816,0,0,1.42975,0.401587,1.028160,1,0,71.8621,0,0,0,71.8621,0
72.29,2.0491,0,0,3.79372,0.153809,1.59081,3.6288,61.308,0.539872,0,0,1.00623,0.259667,0.206693,0.66528,12.849,1,0.364211,1.59081,0,65.9223,4.41129,62.7376,0.84672,12.849,0.84672,3695.15,0,36.966,0.325519,0.330947,1.91489,3.83891,1.05781,4.70142,0.42336,36.966,0.42336,423.524,0,1.02816,0,0,1.35911,0.330947,1.028160,1,0,67.6458,0,0,0,67.6458,0
72.29,2.04952,0,0,3.32154,0.122775,1.14924,3.6288,61.308,0.540054,0,0,1.0319,0.281638,0.210209,0.66528,12.849,1,0.364286,1.14924,0,60.6756,4.61454,56.846,0.84672,12.849,0.84672,3695.15,0,36.966,0.325628,0.469731,1.91521,4.10593,1.18132,4.98392,0.42336,36.966,0.42336,423.524,0,1.02816,0,0,1.49789,0.469731,1.028160,1,0,62.0402,0,0,0,62.0402,0
72.29,2.02928,0,0,2.49383,0.0917367,0.372815,3.6288,61.308,0.568229,0,0,1.15506,0.271727,0.3151,0.66528,12.849,1,0.360689,0.372815,0,52.953,5.05304,47.9121,0.84672,12.849,0.84672,3695.15,0,36.966,0.342617,0.86495,1.91553,4.3356,1.27531,5.49815,0.42336,36.966,0.42336,423.524,0,1.02816,0,0,1.89311,0.86495,1.028160,1,0,53.7253,0,0,0,53.7253,0
72.1856,2.0297,0,0,2.36717,0.0790407,0.36288,3.6288,61.308,0.568416,0,0,1.11605,0.289411,0.258228,0.66528,12.849,1,0.360764,0.36288,0,49.4658,5.07202,44.3959,0.84672,12.849,0.84672,3695.15,0,36.966,0.342729,0.80022,1.94596,4.3682,1.33389,5.43776,0.42336,36.966,0.42336,423.524,0,1.02816,0,0,1.82838,0.80022,1.028160,1,0,50.0919,0,0,0,50.0919,0
71.9357,2.02967,0,0,2.22172,0.0789781,0.36288,3.6288,61.308,0.568603,0,0,0.982178,0.289411,0.124165,0.66528,12.849,1,0.361281,0.36288,0,45.1974,5.07202,40.127,0.84672,12.849,0.84672,3695.15,0,36.966,0.342842,0.732586,1.94628,4.14553,1.33389,5.14766,0.42336,36.966,0.42336,423.524,0,1.02816,0,0,1.76075,0.732586,1.028160,1,0,45.3988,0,0,0,45.3988,0
71.5458,2.02903,0,0,2.08083,0.0788283,0.36288,3.6288,61.308,0.568789,0,0,0.915754,0.289411,0.0575535,0.66528,12.849,1,0.36242,0.36288,0,43.2514,5.07202,38.1798,0.84672,12.849,0.84672,3695.15,0,36.966,0.342955,0.635463,1.9466,3.92379,1.33389,4.82901,0.42336,36.966,0.42336,423.524,0,1.02816,0,0,1.66362,0.635463,1.028160,1,0,43.0664,0,0,0,43.0664,0
71.0942,2.08108,0,0,2.05122,0.0588558,0.36288,3.6288,61.308,0.593943,0,0,0.921128,0.31147,0.0157148,0.66528,12.849,1,0.373743,0.36288,0,40.8124,5.93882,34.8627,0.84672,12.849,0.84672,3695.15,0,36.966,0.358121,0.427637,1.94693,3.36217,1.51496,3.86365,0.42336,36.966,0.42336,423.524,0,1.02816,0,0,1.4558,0.427637,1.028160,1,0,38.7421,0,0,0,38.7421,0
70.5674,2.07949,0,0,1.97092,0.0553746,0.36288,3.6288,61.3031,0.594135,0,0,0.904383,0.315146,0,0.66528,12.849,1,0.375831,0.36288,0,38.3386,6.08328,32.2424,0.84672,12.849,0.84672,3695.15,0,36.966,0.358237,0.432985,1.98995,3.39822,1.54514,3.91779,0.42336,36.966,0.42336,423.524,0,1.02816,0,0,1.46114,0.432985,1.028160,1,0,36.1602,0,0,0,36.1602,0
69.7905,2.07755,0,0,1.71862,0.0551512,0.36288,3.6288,61.2465,0.594308,0,0,0.852837,0.315137,0,0.66528,12.849,1,0.378282,0.36288,0,36.3228,6.08328,30.2241,0.84672,12.849,0.84672,3695.15,0,36.966,0.35837,0.297294,1.99029,3.24705,1.54514,3.63112,0.42336,36.966,0.42336,423.524,0,1.02816,0,0,1.32545,0.297294,1.028160,1,0,33.8553,0,0,0,33.8553,0
68.8881,2.07442,0,0,1.58496,0.0500134,0.36288,3.6288,61.1728,0.594293,0,0,0.838184,0.317613,0,0.66528,12.849,1,0.381917,0.36288,0,34.2675,6.15806,28.0904,0.84672,12.849,0.84672,3695.15,0,36.966,0.358692,0.238732,1.99062,3.21749,1.56008,3.52807,0.42336,36.966,0.42336,423.524,0,1.02816,0,0,1.26689,0.238732,1.028160,1,0,31.6185,0,0,0,31.6185,0
67.5706,2.22594,0,0,1.3171,0.0457521,0.36288,3.6288,61.0691,0.66528,0,0,0.886697,0.3251,0,0.66528,12.849,1,0.415181,0.36288,0,31.5338,6.40628,25.0753,0.84672,12.849,0.84672,3695.15,0,36.966,0.432572,0.382061,1.99095,3.16259,1.52831,3.57472,0.42336,36.966,0.42336,423.524,0,1.02816,0,0,1.41022,0.382061,1.028160,1,0,28.65,0,0,0,28.65,0
66.1071,2.21959,0,0,1.17866,0.0596911,0.36288,3.6288,60.9203,0.66528,0,0,0.846228,0.329719,0,0.66528,12.849,1,0.422069,0.36288,0,26.7049,6.40636,20.2394,0.84672,12.849,0.84672,3695.15,0,36.966,0.432906,0.468374,2.1375,3.12637,1.50509,3.79425,0.42336,36.966,0.42336,423.524,0,1.02816,0,0,1.49653,0.468374,1.028160,1,0,24.0336,0,0,0,24.0336,0
64.728,2.21222,0,0,1.25496,0.0590037,0.36288,3.6288,60.7649,0.66528,0,0,0.839307,0.329409,0,0.66528,12.849,1,0.42998,0.36288,0,24.9461,6.40636,18.4726,0.84672,12.849,0.84672,3695.15,0,36.966,0.433239,0.445262,2.13786,3.29504,1.50509,3.93983,0.42336,36.966,0.42336,423.524,0,1.02816,0,0,1.47342,0.445262,1.028160,1,0,22.4125,0,0,0,22.4125,0
63.9758,2.20502,0,0,1.88364,0.0679523,0.36288,3.6288,60.7721,0.66528,0,0,0.999372,0.326946,0,0.66528,12.849,1,0.437713,0.36288,0,36.8372,6.34699,30.4153,0.84672,12.849,0.84672,3695.15,0,36.966,0.433573,0.736413,2.13822,3.50167,1.49781,4.44492,0.42336,36.966,0.42336,423.524,0,1.02816,0,0,1.76457,0.736413,1.028160,1,0,34.8603,0,0,0,34.8603,0
63.9139,2.20118,0,0,2.58918,0.0869788,0.36288,3.6288,61.0317,0.66528,0,0,1.23033,0.305392,0,0.66528,12.849,1,0.442089,0.36288,0,44.0602,6.01604,37.965,0.84672,12.849,0.84672,3695.15,0,36.966,0.433907,1.00615,2.13858,4.23202,1.4262,5.51664,0.42336,36.966,0.42336,423.524,0,1.02816,0,0,2.03431,1.00615,1.028160,1,0,43.4816,0,0,0,43.4816,0
62.8054,2.12643,0,0,1.56823,0.187403,0.36288,3.6288,61.0193,0.630073,0,0,0.854617,0.237012,0,0.66528,12.849,1,0.427489,0.36288,0,35.9058,4.65567,31.1855,0.84672,12.849,0.84672,3695.15,0,36.966,0.381626,2.22792,2.13894,5.7241,1.03247,8.67687,0.42336,36.966,0.42336,423.524,0,1.02816,0,0,3.25608,2.22792,1.028160,1,0,39.8624,0,0,0,39.8624,0
61.7657,2.1206,0,0,1.6342,0.190444,0.36288,3.6288,61.0865,0.630223,0,0,0.933362,0.235923,0,0.66528,12.849,1,0.433841,0.36288,0,42.4529,4.62599,37.756,0.84672,12.849,0.84672,3695.15,0,36.966,0.381794,2.08869,2.0546,5.5421,1.02883,8.27478,0.42336,36.966,0.42336,423.524,0,1.02816,0,0,3.11685,2.08869,1.028160,1,0,46.0307,0,0,0,46.0307,0
61.4779,2.11499,0,0,2.37883,0.188825,0.36288,3.6288,61.308,0.630682,0,0,1.18209,0.236023,0.0938694,0.66528,12.849,1,0.439977,0.36288,0,37.2659,4.62599,32.5628,0.84672,12.849,0.84672,3695.15,0,36.966,0.381652,2.55745,2.05494,6.20926,1.02883,9.41117,0.42336,36.966,0.42336,423.524,0,1.02816,0,0,3.58561,2.55745,1.028160,1,0,42.0678,0,0,0,42.0678,0
61.4056,2.11372,0,0,2.59275,0.188376,0.36288,3.6288,61.308,0.631741,0,0,2.12221,0.236354,1.25411,0.66528,12.849,1,0.441771,0.36288,0,91.5215,4.62599,86.8167,0.84672,12.849,0.84672,3695.15,0,36.966,0.380912,3.63616,2.05529,8.55006,1.02883,12.8318,0.42336,36.966,0.42336,423.524,0,1.02816,0,0,4.66432,3.63616,1.028160,1,0,100.903,0,0,0,100.903,0
61.1919,2.05266,0,0,2.40999,0.208189,0.36288,3.6288,61.308,0.582032,0,0,1.41022,0.235494,0.592695,0.66528,12.849,1,0.429514,0.36288,0,50.0873,4.73866,45.282,0.84672,12.849,0.84672,3695.15,0,36.966,0.35094,1.77227,2.05563,6.19699,1.11038,8.56357,0.42336,36.966,0.42336,423.524,0,1.02816,0,0,2.80043,1.77227,1.028160,1,0,54.4383,0,0,0,54.4383,0
61.9454,2.05184,0,0,3.44763,0.279406,0.36288,3.6288,61.308,0.582222,0,0,1.88056,0.24336,1.05497,0.66528,12.849,1,0.430843,0.36288,0,46.0731,4.8868,41.1183,0.84672,12.849,0.84672,3695.15,0,36.966,0.351054,1.56284,1.98033,5.35086,1.14859,7.39438,0.42336,36.966,0.42336,423.524,0,1.02816,0,0,2.591,1.56284,1.028160,1,0,49.5676,0,0,0,49.5676,0
64.2838,2.0566,0,0,5.03901,0.28115,0.36288,3.6288,61.308,0.582411,0,0,2.30168,0.24336,1.47591,0.66528,12.849,1,0.42659,0.36288,0,92.6423,4.8868,87.6918,0.84672,12.849,0.84672,3695.15,0,36.966,0.351168,2.86028,1.98066,11.2613,1.14859,14.6025,0.42336,36.966,0.42336,423.524,0,1.02816,0,0,3.88844,2.86028,1.028160,1,0,103.77,0,0,0,103.77,0
66.3273,2.06996,0,0,4.74656,0.270172,0.36288,3.6288,61.308,0.582601,0,0,1.76273,0.243172,0.93696,0.66528,12.849,1,0.413742,0.36288,0,92.5335,4.84743,87.6352,0.84672,12.849,0.84672,3695.15,0,36.966,0.351282,2.95573,1.98099,9.99458,1.13185,13.4482,0.42336,36.966,0.42336,423.524,0,1.02816,0,0,3.98389,2.95573,1.028160,1,0,102.02,0,0,0,102.02,0
66.7645,1.90526,0,0,2.93426,0.228919,0.36288,3.6288,61.308,0.478772,0,0,1.81947,0.229498,1.1112,0.66528,12.849,1,0.369089,0.36288,0,71.5971,4.64076,66.9501,0.84672,12.849,0.84672,3695.15,0,36.966,0.288678,3.34867,1.98132,11.0684,1.05072,15.0589,0.42336,36.966,0.42336,423.524,0,1.02816,0,0,4.37683,3.34867,1.028160,1,0,83.1203,0,0,0,83.1203,0
67.7094,1.90768,0,0,3.48163,0.266208,0.36288,3.6288,61.308,0.478943,0,0,2.14411,0.221224,1.44394,0.66528,12.849,1,0.367138,0.36288,0,61.1556,4.69045,56.4609,0.84672,12.849,0.84672,3695.15,0,36.966,0.288781,4.19929,1.8135,12.7401,1.08811,17.376,0.42336,36.966,0.42336,423.524,0,1.02816,0,0,5.22745,4.19929,1.028160,1,0,75.2808,0,0,0,75.2808,0
70.3738,1.91238,0,0,5.20787,0.2682,0.36288,3.6288,61.308,0.479113,0,0,4.00795,0.221224,3.30761,0.66528,12.849,1,0.362907,0.36288,0,140.552,4.69045,135.862,0.84672,12.849,0.84672,3695.15,0,36.966,0.288884,5.78796,1.8138,15.3585,1.08811,21.5832,0.42336,36.966,0.42336,423.524,0,1.02816,0,0,6.81612,5.78796,1.028160,1,0,160.753,0,0,0,160.753,0
72.29,1.9244,0,0,4.47132,0.263277,0.367457,3.6288,61.308,0.479284,0,0,4.13027,0.2249,3.42609,0.66528,12.849,1,0.351361,0.367457,0,137.702,4.15915,133.559,0.84672,12.849,0.84672,3695.15,0,36.966,0.288987,8.75759,1.8141,16.5068,1.02246,25.7671,0.42336,36.966,0.42336,423.524,0,1.02816,0,0,9.78575,8.75759,1.028160,1,0,162.752,0,0,0,162.752,0
72.29,1.93271,0,0,4.72102,0.262883,2.52542,3.6288,61.308,0.479455,0,0,2.56269,0.226371,1.85687,0.66528,12.849,1,0.343524,2.52542,0,104.293,3.94663,102.528,0.84672,12.849,0.84672,3695.15,0,36.966,0.28909,6.51618,1.8144,14.9974,0.996194,22.0427,0.42336,36.966,0.42336,423.524,0,1.02816,0,0,7.54434,6.51618,1.028160,1,0,126.427,0,0,0,126.427,0
71.954,2.00171,0,0,2.35995,0.331328,0.36288,3.6288,61.308,0.50977,0,0,2.18127,0.130857,1.54064,0.66528,12.849,1,0.355788,0.36288,0,44.6667,2.89695,41.7769,0.84672,12.849,0.84672,3695.15,0,36.966,0.307369,3.08757,1.8147,12.5092,0.504794,16.5993,0.42336,36.966,0.42336,423.524,0,1.02816,0,0,4.11573,3.08757,1.028160,1,0,59.9168,0,0,0,59.9168,0
72.29,2.00069,0,0,3.47397,0.330484,0.806827,3.6288,61.308,0.509939,0,0,3.13813,0.130857,2.49734,0.66528,12.849,1,0.357269,0.806827,0,91.914,2.89695,89.4666,0.84672,12.849,0.84672,3695.15,0,36.966,0.307471,2.96296,1.86747,13.7333,0.504794,17.7514,0.42336,36.966,0.42336,423.524,0,1.02816,0,0,3.99112,2.96296,1.028160,1,0,109.715,0,0,0,109.715,0
72.29,2.0025,0,0,3.05133,0.331328,0.7175,3.6288,61.308,0.510108,0,0,3.93486,0.130857,3.2939,0.66528,12.849,1,0.355929,0.7175,0,73.0348,2.89695,70.4994,0.84672,12.849,0.84672,3695.15,0,36.966,0.307573,4.48405,1.86777,15.2013,0.504794,20.7408,0.42336,36.966,0.42336,423.524,0,1.02816,0,0,5.51221,4.48405,1.028160,1,0,94.5341,0,0,0,94.5341,0
72.29,2.0029,0,0,4.79941,0.341768,2.45474,3.6288,61.308,0.510278,0,0,6.49623,0.125904,5.86004,0.66528,12.849,1,0.356,2.45474,0,121.234,2.97057,120.362,0.84672,12.849,0.84672,3695.15,0,36.966,0.307675,7.08835,1.86807,19.1341,0.488531,27.2944,0.42336,36.966,0.42336,423.524,0,1.02816,0,0,8.11651,7.08835,1.028160,1,0,153.516,0,0,0,153.516,0
72.29,2.22374,0,0,4.79909,0.371481,2.20387,3.6288,61.308,0.6237,0,0,5.827,0.110943,5.09235,0.66528,12.849,1,0.395252,2.20387,0,150.423,3.1032,149.129,0.84672,12.849,0.84672,3695.15,0,36.966,0.376063,6.26149,1.86836,18.3955,0.576939,25.5724,0.42336,36.966,0.42336,423.524,0,1.02816,0,0,7.28965,6.26149,1.028160,1,0,179.793,0,0,0,179.793,0
72.0809,2.22417,0,0,2.75218,0.374193,0.36288,3.6288,61.308,0.623889,0,0,3.33101,0.10901,2.59811,0.66528,12.849,1,0.39533,0.36288,0,120.698,3.06464,117.601,0.84672,12.849,0.84672,3695.15,0,36.966,0.376178,2.75002,2.05757,16.5053,0.673739,20.2629,0.42336,36.966,0.42336,423.524,0,1.02816,0,0,3.77818,2.75002,1.028160,1,0,140.462,0,0,0,140.462,0
72.29,2.22363,0,0,5.50329,0.360634,2.70996,3.6288,61.308,0.624079,0,0,6.54682,0.136674,5.78607,0.66528,12.849,1,0.396381,2.70996,0,175.535,3.71983,174.129,0.84672,12.849,0.84672,3695.15,0,36.966,0.376292,7.06519,2.0579,22.8905,0.878718,30.7586,0.42336,36.966,0.42336,423.524,0,1.02816,0,0,8.09335,7.06519,1.028160,1,0,210.674,0,0,0,210.674,0
72.29,2.22504,0,0,7.02519,0.356012,4.44414,3.6288,61.308,0.624268,0,0,8.83361,0.14774,8.06161,0.66528,12.849,1,0.395485,4.44414,0,202.642,3.98192,202.708,0.84672,12.849,0.84672,3695.15,0,36.966,0.376406,12.3928,2.05823,27.6284,0.96071,40.7423,0.42336,36.966,0.42336,423.524,0,1.02816,0,0,13.4209,12.3928,1.028160,1,0,251.512,0,0,0,251.512,0
72.29,1.91084,0,0,4.63831,0.367531,2.35993,3.6288,61.308,0.472363,0,0,3.98468,0.151424,3.36089,0.66528,12.849,1,0.339637,2.35993,0,97.5862,4.00448,95.602,0.84672,12.849,0.84672,3695.15,0,36.966,0.284814,5.85169,2.05856,15.2274,1.15373,21.6991,0.42336,36.966,0.42336,423.524,0,1.02816,0,0,6.87985,5.85169,1.028160,1,0,120.662,0,0,0,120.662,0
72.29,1.91122,0,0,2.98193,0.348615,0.722095,3.6288,61.308,0.472526,0,0,1.86267,0.166993,1.22315,0.66528,12.849,1,0.339705,0.722095,0,67.716,3.557,64.5414,0.84672,12.849,0.84672,3695.15,0,36.966,0.284912,2.73663,1.80109,8.30097,1.04488,11.5089,0.42336,36.966,0.42336,423.524,0,1.02816,0,0,3.76479,2.73663,1.028160,1,0,77.2734,0,0,0,77.2734,0
72.29,1.9116,0,0,3.49864,0.337594,1.24944,3.6288,61.308,0.472689,0,0,2.06733,0.172115,1.42252,0.66528,12.849,1,0.339773,1.24944,0,91.9875,3.37124,89.5259,0.84672,12.849,0.84672,3695.15,0,36.966,0.28501,2.63855,1.80138,12.2011,0.94343,15.4126,0.42336,36.966,0.42336,423.524,0,1.02816,0,0,3.66671,2.63855,1.028160,1,0,106.361,0,0,0,106.361,0
72.29,1.91198,0,0,4.61773,0.337594,2.36816,3.6288,61.308,0.472852,0,0,4.19805,0.172115,3.55308,0.66528,12.849,1,0.339841,2.36816,0,144.477,3.37124,143.134,0.84672,12.849,0.84672,3695.15,0,36.966,0.285109,5.09134,1.80166,18.7505,0.94343,24.415,0.42336,36.966,0.42336,423.524,0,1.02816,0,0,6.1195,5.09134,1.028160,1,0,171.102,0,0,0,171.102,0
72.29,1.91237,0,0,4.29094,0.331864,2.04671,3.6288,61.308,0.473014,0,0,2.331,0.185394,1.67259,0.66528,12.849,1,0.339908,2.04671,0,115.349,3.61042,113.446,0.84672,12.849,0.84672,3695.15,0,36.966,0.285207,2.82136,1.80195,12.1813,1.03438,15.485,0.42336,36.966,0.42336,423.524,0,1.02816,0,0,3.84952,2.82136,1.028160,1,0,130.603,0,0,0,130.603,0
72.29,1.99202,0,0,5.36827,0.30612,3.07014,3.6288,61.308,0.510418,0,0,2.8262,0.230903,2.08488,0.66528,12.849,1,0.354066,3.07014,0,137.338,4.35023,135.704,0.84672,12.849,0.84672,3695.15,0,36.966,0.307759,3.75093,1.80223,16.3785,1.36186,20.262,0.42336,36.966,0.42336,423.524,0,1.02816,0,0,4.77909,3.75093,1.028160,1,0,158.051,0,0,0,158.051,0
72.29,1.99241,0,0,5.83447,0.307558,3.5345,3.6288,61.308,0.510587,0,0,3.02381,0.225209,2.28801,0.66528,12.849,1,0.354136,3.5345,0,149.945,4.23433,148.891,0.84672,12.849,0.84672,3695.15,0,36.966,0.307861,5.09665,1.86614,21.9726,1.3255,27.302,0.42336,36.966,0.42336,423.524,0,1.02816,0,0,6.12481,5.09665,1.028160,1,0,178.481,0,0,0,178.481,0
72.29,1.99281,0,0,6.10998,0.307558,3.80962,3.6288,61.308,0.510757,0,0,2.45701,0.225209,1.72104,0.66528,12.849,1,0.354206,3.80962,0,151.135,4.23433,150.356,0.84672,12.849,0.84672,3695.15,0,36.966,0.307964,5.40912,1.86643,15.2233,1.3255,20.8654,0.42336,36.966,0.42336,423.524,0,1.02816,0,0,6.43728,5.40912,1.028160,1,0,172.943,0,0,0,172.943,0
72.29,1.9932,0,0,4.24158,0.307558,1.94082,3.6288,61.308,0.510926,0,0,2.17987,0.225209,1.44374,0.66528,12.849,1,0.354277,1.94082,0,115.616,4.23433,112.968,0.84672,12.849,0.84672,3695.15,0,36.966,0.308066,4.44601,1.86673,10.9376,1.3255,15.6168,0.42336,36.966,0.42336,423.524,0,1.02816,0,0,5.47417,4.44601,1.028160,1,0,130.029,0,0,0,130.029,0
72.29,1.96258,0,0,4.11592,0.220546,1.93279,3.6288,61.308,0.496621,0,0,1.98731,0.233772,1.25692,0.66528,12.849,1,0.348834,1.93279,0,92.7988,4.45144,89.9313,0.84672,12.849,0.84672,3695.15,0,36.966,0.299441,3.4999,1.86703,10.8918,1.30511,14.6541,0.42336,36.966,0.42336,423.524,0,1.02816,0,0,4.52806,3.4999,1.028160,1,0,105.842,0,0,0,105.842,0
72.29,1.96297,0,0,3.7168,0.21646,1.53737,3.6288,61.308,0.496788,0,0,1.80714,0.229649,1.08071,0.66528,12.849,1,0.348904,1.53737,0,78.961,4.41976,75.7297,0.84672,12.849,0.84672,3695.15,0,36.966,0.299541,2.87115,1.84255,9.54927,1.28835,12.6751,0.42336,36.966,0.42336,423.524,0,1.02816,0,0,3.89931,2.87115,1.028160,1,0,89.4854,0,0,0,89.4854,0
72.29,1.96336,0,0,3.36779,0.212139,1.19228,3.6288,61.308,0.496955,0,0,1.62028,0.22396,0.899361,0.66528,12.849,1,0.348973,1.19228,0,69.5693,4.3018,66.1108,0.84672,12.849,0.84672,3695.15,0,36.966,0.299642,2.51702,1.84285,8.73426,1.25844,11.5361,0.42336,36.966,0.42336,423.524,0,1.02816,0,0,3.54518,2.51702,1.028160,1,0,78.5462,0,0,0,78.5462,0
72.29,1.96375,0,0,3.08694,0.186213,0.936975,3.6288,61.308,0.497122,0,0,1.53129,0.189827,0.844344,0.66528,12.849,1,0.349042,0.936975,0,66.9825,3.59405,63.9764,0.84672,12.849,0.84672,3695.15,0,36.966,0.299743,2.34447,1.84314,7.95295,1.07893,10.7619,0.42336,36.966,0.42336,423.524,0,1.02816,0,0,3.37263,2.34447,1.028160,1,0,75.5826,0,0,0,75.5826,0
72.29,2.0695,0,0,3.15789,0.167523,0.920874,3.6288,61.308,0.548654,0,0,1.63399,0.209799,0.875534,0.66528,12.849,1,0.367838,0.920874,0,60.1393,3.64742,57.0449,0.84672,12.849,0.84672,3695.15,0,36.966,0.330814,2.96541,1.84343,8.27125,1.09066,11.6586,0.42336,36.966,0.42336,423.524,0,1.02816,0,0,3.99357,2.96541,1.028160,1,0,69.5791,0,0,0,69.5791,0
72.29,2.06991,0,0,2.78014,0.142602,0.567636,3.6288,61.308,0.548831,0,0,1.24395,0.236429,0.458693,0.66528,12.849,1,0.36791,0.567636,0,56.0165,3.71858,52.4976,0.84672,12.849,0.84672,3695.15,0,36.966,0.33092,2.07165,1.93059,6.50817,1.10631,9.07317,0.42336,36.966,0.42336,423.524,0,1.02816,0,0,3.09981,2.07165,1.028160,1,0,62.0295,0,0,0,62.0295,0
72.2805,2.07032,0,0,2.56626,0.142602,0.36288,3.6288,61.308,0.549007,0,0,1.27553,0.236429,0.490096,0.66528,12.849,1,0.367983,0.36288,0,53.6503,3.71858,49.9266,0.84672,12.849,0.84672,3695.15,0,36.966,0.331027,1.28275,1.9309,6.19323,1.10631,7.96953,0.42336,36.966,0.42336,423.524,0,1.02816,0,0,2.31091,1.28275,1.028160,1,0,58.3862,0,0,0,58.3862,0
72.0167,2.07068,0,0,2.31243,0.142591,0.36288,3.6288,61.308,0.549183,0,0,1.13688,0.236429,0.351265,0.66528,12.849,1,0.368097,0.36288,0,48.0932,3.71858,44.3694,0.84672,12.849,0.84672,3695.15,0,36.966,0.331133,0.965477,1.93121,5.82555,1.10631,7.28479,0.42336,36.966,0.42336,423.524,0,1.02816,0,0,1.99364,0.965477,1.028160,1,0,52.0054,0,0,0,52.0054,0
71.4505,2.06995,0,0,2.004,0.137369,0.36288,3.6288,61.308,0.549359,0,0,1.03495,0.235966,0.249621,0.66528,12.849,1,0.369314,0.36288,0,40.6471,3.88778,36.7529,0.84672,12.849,0.84672,3695.15,0,36.966,0.331239,0.98833,1.93152,5.42963,1.11523,6.903,0.42336,36.966,0.42336,423.524,0,1.02816,0,0,2.01649,0.98833,1.028160,1,0,43.9056,0,0,0,43.9056,0
70.4324,2.04706,0,0,1.49906,0.107283,0.36288,3.6288,61.0871,0.577791,0,0,0.590046,0.233189,0,0.66528,12.849,1,0.368124,0.36288,0,32.0433,4.90298,27.1351,0.84672,12.849,0.84672,3695.15,0,36.966,0.348382,0.458404,1.93182,4.12758,1.16872,5.0007,0.42336,36.966,0.42336,423.524,0,1.02816,0,0,1.48656,0.458404,1.028160,1,0,32.1358,0,0,0,32.1358,0
69.2906,2.04297,0,0,1.37056,0.106449,0.36288,3.6288,60.8529,0.577187,0,0,0.575885,0.232863,0,0.66528,12.849,1,0.372699,0.36288,0,31.591,4.90298,26.6782,0.84672,12.849,0.84672,3695.15,0,36.966,0.349277,0.485698,1.96252,4.07686,1.16872,5.00708,0.42336,36.966,0.42336,423.524,0,1.02816,0,0,1.51386,0.485698,1.028160,1,0,31.6852,0,0,0,31.6852,0
68.0367,2.03819,0,0,1.25261,0.105513,0.36288,3.6288,60.5824,0.576532,0,0,0.538539,0.232518,0,0.66528,12.849,1,0.377954,0.36288,0,29.7142,4.90298,24.7961,0.84672,12.849,0.84672,3695.15,0,36.966,0.350223,0.265602,1.96284,3.87946,1.16872,4.58895,0.42336,36.966,0.42336,423.524,0,1.02816,0,0,1.29376,0.265602,1.028160,1,0,29.3851,0,0,0,29.3851,0
66.7068,2.03273,0,0,1.15179,0.0860586,0.36288,3.6288,60.2412,0.575741,0,0,0.510339,0.275794,0,0.66528,12.849,1,0.383889,0.36288,0,26.6044,5.46757,21.1158,0.84672,12.849,0.84672,3695.15,0,36.966,0.351304,0.266449,1.96315,3.69378,1.37481,4.19726,0.42336,36.966,0.42336,423.524,0,1.02816,0,0,1.29461,0.266449,1.028160,1,0,25.3131,0,0,0,25.3131,0
65.2064,2.07993,0,0,1.02622,0.0838261,0.36288,3.6288,59.5592,0.803354,0,0,0.435696,0.314384,0,0.66528,12.849,1,0.400635,0.36288,0,21.0883,5.9634,15.0872,0.84672,12.849,0.84672,3695.15,0,36.966,0.492965,0.261274,1.96347,2.71639,1.55389,2.89427,0.42336,36.966,0.42336,423.524,0,0.699572,0,0,0.960846,0.261274,1.028160,1,0,17.9815,0,0,0,17.9815,0
63.6818,2.07264,0,0,0.99862,0.0877074,0.36288,3.6288,58.911,0.768265,0,0,0.435698,0.315608,0,0.66528,12.849,1,0.408416,0.36288,0,27.443,5.99235,21.4051,0.84672,12.849,0.84672,3695.15,0,36.966,0.476831,0.261274,2.00688,2.71712,1.5637,2.94474,0.42336,36.966,0.42336,423.524,0,0.751092,0,0,1.01237,0.261274,1.028160,1,0,24.3498,0,0,0,24.3498,0
62.0987,2.06491,0,0,0.931357,0.0866352,0.36288,3.6288,58.2302,0.75243,0,0,0.385912,0.314301,0,0.66528,12.849,1,0.416635,0.36288,0,21.7099,5.99235,15.6638,0.84672,12.849,0.84672,3695.15,0,36.966,0.472142,0.227405,2.0072,2.4801,1.5637,2.67887,0.42336,36.966,0.42336,423.524,0,0.771915,0,0,0.99932,0.227405,1.028160,1,0,18.3427,0,0,0,18.3427,0
60.4409,2.05652,0,0,0.847161,0.0855218,0.36288,3.6288,57.4348,0.844888,0,0,0.362491,0.312927,0,0.66528,12.849,1,0.425519,0.36288,0,19.963,5.99235,13.908,0.84672,12.849,0.84672,3695.15,0,36.966,0.536357,0.227405,2.00753,2.26982,1.5637,2.4047,0.42336,36.966,0.42336,423.524,0,0.61554,0,0,0.842944,0.227405,1.028160,1,0,16.3127,0,0,0,16.3127,0
58.6302,2.20068,0,0,0.835037,0.0822522,0.36288,3.6288,56.6936,0.813842,0,0,0.391027,0.31844,0,0.66528,12.849,1,0.467838,0.36288,0,18.5887,6.14382,12.3399,0.84672,12.849,0.84672,3695.15,0,36.966,0.523802,0.227405,2.00785,2.85987,1.60378,2.96755,0.42336,36.966,0.42336,423.524,0,0.805343,0,0,1.03275,0.227405,1.028160,1,0,15.3075,0,0,0,15.3075,0
56.4725,2.18926,0,0,0.500841,0.106362,0.36288,3.6288,55.5808,1.03181,0,0,0.236085,0.317018,0,0.66528,12.849,1,0.479783,0.36288,0,12.7309,5.99907,6.61489,0.84672,12.849,0.84672,3695.15,0,36.966,0.672775,0.227405,2.15575,1.73349,1.5994,1.84447,0.42336,36.966,0.42336,423.524,0,0.438722,0,0,0.666127,0.227405,1.028160,1,0,8.45936,0,0,0,8.45936,0
54.321,2.17475,0,0,0.490224,0.104139,0.36288,3.6288,54.4543,1.03258,0,0,0.220733,0.314721,0,0.66528,12.849,1,0.494814,0.36288,0,11.6173,5.99907,5.48634,0.84672,12.849,0.84672,3695.15,0,36.966,0.686757,0.204422,2.1561,1.73987,1.5994,1.81424,0.42336,36.966,0.42336,423.524,0,0.424293,0,0,0.628716,0.204422,1.028160,1,0,7.30058,0,0,0,7.30058,0
52.409,2.15932,0,0,0.712214,0.101921,0.36288,3.6288,53.4377,0.957762,0,0,0.253631,0.312396,0,0.66528,12.849,1,0.510763,0.36288,0,13.2315,5.99907,7.08452,0.84672,12.849,0.84672,3695.15,0,36.966,0.650172,0.204422,2.15645,1.92904,1.5994,2.04034,0.42336,36.966,0.42336,423.524,0,0.536026,0,0,0.740448,0.204422,1.028160,1,0,9.12486,0,0,0,9.12486,0
50.8022,2.14478,0,0,1.02654,0.125765,0.36288,3.6288,52.5583,0.913871,0,0,0.335717,0.301231,0,0.66528,12.849,1,0.52583,0.36288,0,21.5877,5.86765,15.5571,0.84672,12.849,0.84672,3695.15,0,36.966,0.632178,0.204422,2.1568,2.14761,1.57288,2.30377,0.42336,36.966,0.42336,423.524,0,0.598234,0,0,0.802656,0.204422,1.028160,1,0,17.8609,0,0,0,17.8609,0
48.9721,2.05951,0,0,0.676757,0.0844266,0.36288,3.6288,51.7179,0.852117,0,0,0.265872,0.254198,0,0.66528,12.849,1,0.520896,0.36288,0,12.8354,4.40727,8.27012,0.84672,12.849,0.84672,3695.15,0,36.966,0.599322,0.204422,2.15715,1.46659,1.33006,1.89877,0.42336,36.966,0.42336,423.524,0,0.604532,0,0,0.808955,0.204422,1.028160,1,0,10.1689,0,0,0,10.1689,0
47.0412,2.04449,0,0,0.559245,0.082802,0.36288,3.6288,50.7937,0.905957,0,0,0.23423,0.252483,0,0.66528,12.849,1,0.536421,0.36288,0,11.8509,4.40727,7.27007,0.84672,12.849,0.84672,3695.15,0,36.966,0.647543,0.216518,2.07201,1.35816,1.33006,1.66909,0.42336,36.966,0.42336,423.524,0,0.502779,0,0,0.719297,0.216518,1.028160,1,0,8.93916,0,0,0,8.93916,0
45.5312,2.0276,0,0,1.03954,0.158983,0.36288,3.6288,50.1825,0.795492,0,0,0.364394,0.180117,0,0.66528,12.849,1,0.553825,0.36288,0,20.9246,3.36912,17.3645,0.84672,12.849,0.84672,3695.15,0,36.966,0.578933,0.216518,2.07234,2.35812,1.00557,3.06248,0.42336,36.966,0.42336,423.524,0,0.682163,0,0,0.898681,0.216518,1.028160,1,0,20.427,0,0,0,20.427,0
45.0383,2.01367,0,0,2.07061,0.18698,0.36288,3.6288,49.9939,0.592374,0,0,0.554977,0.151168,0,0.66528,12.849,1,0.568261,0.36288,0,41.9379,2.95386,38.7786,0.84672,12.849,0.84672,3695.15,0,36.966,0.436362,0.217322,2.07268,3.36911,0.875776,4.34697,0.42336,36.966,0.42336,423.524,0,1.02816,0,0,1.24548,0.217322,1.028160,1,0,43.1256,0,0,0,43.1256,0
43.4123,1.95124,0,0,0.890741,0.20267,0.36288,3.6288,49.1933,0.860788,0,0,0.250023,0.189868,0,0.66528,12.849,1,0.556671,0.36288,0,19.9306,3.97944,15.7573,0.84672,12.849,0.84672,3695.15,0,36.966,0.636475,0.216518,2.07301,1.44862,0.971089,2.13058,0.42336,36.966,0.42336,423.524,0,0.479203,0,0,0.695721,0.216518,1.028160,1,0,17.8879,0,0,0,17.8879,0
41.6397,1.93554,0,0,0.737139,0.211267,0.36288,3.6288,48.3795,0.834832,0,0,0.238674,0.217631,0,0.66528,12.849,1,0.572873,0.36288,0,15.9434,4.74862,10.9848,0.84672,12.849,0.84672,3695.15,0,36.966,0.627329,0.216518,1.997,1.5367,1.04257,2.08032,0.42336,36.966,0.42336,423.524,0,0.5146,0,0,0.731119,0.216518,1.028160,1,0,13.0651,0,0,0,13.0651,0
41.4231,1.91728,0,0,2.27045,0.206965,0.36288,3.6288,48.3892,0.537897,0,0,0.763804,0.216169,0,0.66528,12.849,1,0.591625,0.36288,0,55.2372,4.74862,50.2599,0.84672,12.849,0.84672,3695.15,0,36.966,0.410999,1.31006,1.99732,3.65407,1.04257,5.50788,0.42336,36.966,0.42336,423.524,0,1.02816,0,0,2.33822,1.31006,1.028160,1,0,55.7678,0,0,0,55.7678,0
40.7772,1.91529,0,0,1.86418,0.231856,0.36288,3.6288,48.1376,0.708255,0,0,0.651369,0.194772,0,0.66528,12.849,1,0.594104,0.36288,0,44.8061,4.42215,40.1527,0.84672,12.849,0.84672,3695.15,0,36.966,0.541057,0.292723,1.99764,2.76307,0.950094,3.56229,0.42336,36.966,0.42336,423.524,0,0.728038,0,0,1.02076,0.292723,1.028160,1,0,43.715,0,0,0,43.715,0
40.1126,1.74746,0,0,1.66577,0.22,0.36288,3.6288,47.9198,0.513443,0,0,0.487596,0.191965,0,0.66528,12.849,1,0.55063,0.36288,0,42.0779,4.20555,37.6846,0.84672,12.849,0.84672,3695.15,0,36.966,0.394285,0.292723,1.99796,2.47024,0.811091,3.55555,0.42336,36.966,0.42336,423.524,0,0.901644,0,0,1.19437,0.292723,1.028160,1,0,41.2402,0,0,0,41.2402,0
39.7151,1.7409,0,0,1.92278,0.216583,0.36288,3.6288,47.7198,0.44116,0,0,0.406299,0.165103,0,0.66528,12.849,1,0.557651,0.36288,0,59.8277,3.79197,55.8409,0.84672,12.849,0.84672,3695.15,0,36.966,0.340317,0.66433,1.82858,3.42201,0.921721,4.65289,0.42336,36.966,0.42336,423.524,0,1.02816,0,0,1.69249,0.66433,1.028160,1,0,60.4938,0,0,0,60.4938,0
39.2151,1.73703,0,0,1.81644,0.216531,0.36288,3.6288,47.46,0.440506,0,0,0.360126,0.179394,0,0.66528,12.849,1,0.561981,0.36288,0,60.715,4.03284,56.4831,0.84672,12.849,0.84672,3695.15,0,36.966,0.341237,0.478345,1.82887,2.86132,1.01672,3.81058,0.42336,36.966,0.42336,423.524,0,1.02816,0,0,1.50651,0.478345,1.028160,1,0,60.2936,0,0,0,60.2936,0
39.5754,1.73198,0,0,2.68812,0.232934,0.36288,3.6288,47.2723,0.439605,0,0,0.463973,0.212055,0,0.66528,12.849,1,0.567491,0.36288,0,66.2823,4.63902,61.4386,0.84672,12.849,0.84672,3695.15,0,36.966,0.342403,0.990801,1.82917,3.82628,1.20189,5.10196,0.42336,36.966,0.42336,423.524,0,1.02816,0,0,2.01896,0.990801,1.028160,1,0,66.5406,0,0,0,66.5406,0
40.4873,1.73622,0,0,3.25636,0.24536,0.36288,3.6288,47.1204,0.438991,0,0,0.485957,0.198947,0,0.66528,12.849,1,0.563702,0.36288,0,94.6063,4.32279,90.0827,0.84672,12.849,0.84672,3695.15,0,36.966,0.343282,1.08663,1.82946,4.63937,1.09193,6.12024,0.42336,36.966,0.42336,423.524,0,1.02816,0,0,2.11479,1.08663,1.028160,1,0,96.2029,0,0,0,96.2029,0
43.1216,1.8081,0,0,5.03308,0.227808,0.36288,3.6288,47.2484,0.465846,0,0,0.747634,0.153759,0,0.66528,12.849,1,0.573816,0.36288,0,53.11,3.14451,49.7545,0.84672,12.849,0.84672,3695.15,0,36.966,0.365457,0.652095,1.82975,5.75675,0.831419,7.04172,0.42336,36.966,0.42336,423.524,0,1.02816,0,0,1.68026,0.652095,1.028160,1,0,56.7963,0,0,0,56.7963,0
45.8198,1.83545,0,0,5.13009,0.233542,0.36288,3.6288,47.3129,0.586311,0,0,0.799136,0.148293,0,0.66528,12.849,1,0.546913,0.36288,0,86.2752,3.01959,83.0715,0.84672,12.849,0.84672,3695.15,0,36.966,0.458715,0.503194,1.88299,4.84806,0.796928,5.9786,0.42336,36.966,0.42336,423.524,0,0.8147,0,0,1.31789,0.503194,1.028160,1,0,89.0501,0,0,0,89.0501,0
48.1459,1.86096,0,0,4.79078,0.240804,0.36288,3.6288,47.8912,0.466976,0,0,1.19368,0.148373,0,0.66528,12.849,1,0.521859,0.36288,0,81.6463,3.01959,78.4677,0.84672,12.849,0.84672,3695.15,0,36.966,0.364853,0.801524,1.88328,5.47188,0.796928,6.99491,0.42336,36.966,0.42336,423.524,0,1.02816,0,0,1.82968,0.801524,1.028160,1,0,85.4626,0,0,0,85.4626,0
52.5432,1.88122,0,0,6.89267,0.25126,0.36288,3.6288,48.9839,0.469611,0,0,1.7091,0.146844,0,0.66528,12.849,1,0.502053,0.36288,0,105.164,3.0564,101.969,0.84672,12.849,0.84672,3695.15,0,36.966,0.362481,1.00189,1.88357,6.68162,0.788796,8.4158,0.42336,36.966,0.42336,423.524,0,1.02816,0,0,2.03005,1.00189,1.028160,1,0,110.385,0,0,0,110.385,0
57.7089,2.12586,0,0,7.93417,0.279788,0.36288,3.6288,50.4899,0.578778,0,0,2.21369,0.128936,0,0.66528,12.849,1,0.519862,0.36288,0,160.567,3.13578,157.274,0.84672,12.849,0.84672,3695.15,0,36.966,0.436778,2.79183,1.88386,7.64286,0.748484,11.1333,0.42336,36.966,0.42336,423.524,0,1.02816,0,0,3.81999,2.79183,1.028160,1,0,168.407,0,0,0,168.407,0
62.0528,2.16433,0,0,7.15211,0.280925,0.36288,3.6288,51.203,0.586469,0,0,1.42255,0.122937,0,0.66528,12.849,1,0.481893,0.36288,0,151.292,2.94714,148.226,0.84672,12.849,0.84672,3695.15,0,36.966,0.429382,1.71478,2.07478,11.4046,0.759786,14.005,0.42336,36.966,0.42336,423.524,0,1.02816,0,0,2.74294,1.71478,1.028160,1,0,162.231,0,0,0,162.231,0
65.8651,2.19269,0,0,6.66013,0.29226,0.36288,3.6288,52.5861,0.590113,0,0,2.09688,0.123652,0,0.66528,12.849,1,0.454031,0.36288,0,110.557,2.94714,107.518,0.84672,12.849,0.84672,3695.15,0,36.966,0.426032,1.99549,2.0751,7.72451,0.759786,10.6093,0.42336,36.966,0.42336,423.524,0,1.02816,0,0,3.02365,1.99549,1.028160,1,0,118.128,0,0,0,118.128,0
68.4538,2.2151,0,0,5.45821,0.291543,0.36288,3.6288,53.624,0.596865,0,0,1.78071,0.145917,0,0.66528,12.849,1,0.432122,0.36288,0,142.942,3.4713,139.401,0.84672,12.849,0.84672,3695.15,0,36.966,0.419573,1.87775,2.07543,8.13905,0.92377,10.7489,0.42336,36.966,0.42336,423.524,0,1.02816,0,0,2.90591,1.87775,1.028160,1,0,150.15,0,0,0,150.15,0
71.4412,1.91443,0,0,5.55976,0.295084,0.36288,3.6288,54.928,0.456215,0,0,1.9107,0.150485,0,0.66528,12.849,1,0.359344,0.36288,0,156.696,3.56888,153.131,0.84672,12.849,0.84672,3695.15,0,36.966,0.314494,1.88244,2.07575,8.9621,0.952586,11.6532,0.42336,36.966,0.42336,423.524,0,1.02816,0,0,2.9106,1.88244,1.028160,1,0,164.784,0,0,0,164.784,0
72.29,1.92753,0,0,5.82481,0.309367,2.73911,3.6288,56.7035,0.460828,0,0,2.38426,0.148021,0,0.66528,12.849,1,0.346675,2.73911,0,157.33,3.53063,156.192,0.84672,12.849,0.84672,3695.15,0,36.966,0.310133,2.3452,1.81591,10.9523,0.970029,13.8333,0.42336,36.966,0.42336,423.524,0,1.02816,0,0,3.37336,2.3452,1.028160,1,0,170.025,0,0,0,170.025,0
72.29,1.93136,0,0,5.22314,0.311372,2.98041,3.6288,58.2009,0.46686,0,0,2.11404,0.149752,0,0.66528,12.849,1,0.343284,2.98041,0,138.188,3.53063,137.295,0.84672,12.849,0.84672,3695.15,0,36.966,0.304354,2.49386,1.81619,10.0532,0.970029,13.0889,0.42336,36.966,0.42336,423.524,0,1.02816,0,0,3.52202,2.49386,1.028160,1,0,150.384,0,0,0,150.384,0
72.29,1.93173,0,0,7.24797,0.311372,5.00488,3.6288,60.0287,0.471803,0,0,2.45087,0.151212,0,0.66528,12.849,1,0.34335,5.00488,0,175.35,3.53063,176.481,0.84672,12.849,0.84672,3695.15,0,36.966,0.299663,2.90501,1.81646,13.7017,0.970029,17.1535,0.42336,36.966,0.42336,423.524,0,1.02816,0,0,3.93317,2.90501,1.028160,1,0,193.634,0,0,0,193.634,0
72.29,1.9321,0,0,6.26821,0.310213,4.0259,3.6288,61.308,0.477607,0,0,2.1835,0.144109,0.28252,0.66528,12.849,1,0.343415,4.0259,0,170.58,3.43647,170.826,0.84672,12.849,0.84672,3695.15,0,36.966,0.294113,2.70613,1.81674,11.79,0.962088,15.0566,0.42336,36.966,0.42336,423.524,0,1.02816,0,0,3.73429,2.70613,1.028160,1,0,186.165,0,0,0,186.165,0
72.29,2.01246,0,0,5.5633,0.288947,3.2619,3.6288,61.308,0.519172,0,0,2.07175,0.200469,1.35211,0.66528,12.849,1,0.357699,3.2619,0,151.079,4.21974,149.764,0.84672,12.849,0.84672,3695.15,0,36.966,0.313038,2.71418,1.81702,7.99692,1.1434,11.0717,0.42336,36.966,0.42336,423.524,0,1.02816,0,0,3.74234,2.71418,1.028160,1,0,162.187,0,0,0,162.187,0
72.29,2.01284,0,0,4.24801,0.288947,1.94623,3.6288,61.308,0.519336,0,0,1.74367,0.200469,1.02387,0.66528,12.849,1,0.357767,1.94623,0,112.6,4.21974,109.969,0.84672,12.849,0.84672,3695.15,0,36.966,0.313137,1.68946,1.88149,6.43689,1.1434,8.5513,0.42336,36.966,0.42336,423.524,0,1.02816,0,0,2.71762,1.68946,1.028160,1,0,119.544,0,0,0,119.544,0
72.29,2.01322,0,0,3.45181,0.288947,1.14964,3.6288,61.308,0.5195,0,0,1.37258,0.200469,0.652607,0.66528,12.849,1,0.357835,1.14964,0,89.9346,4.21974,86.5067,0.84672,12.849,0.84672,3695.15,0,36.966,0.313236,1.19755,1.88178,4.91304,1.1434,6.53573,0.42336,36.966,0.42336,423.524,0,1.02816,0,0,2.22571,1.19755,1.028160,1,0,93.695,0,0,0,93.695,0
72.29,2.01361,0,0,3.12996,0.258144,0.858211,3.6288,61.308,0.519665,0,0,1.18846,0.219725,0.449069,0.66528,12.849,1,0.357903,0.858211,0,81.2868,4.48517,77.302,0.84672,12.849,0.84672,3695.15,0,36.966,0.313335,1.0197,1.88206,4.46605,1.15909,5.89539,0.42336,36.966,0.42336,423.524,0,1.02816,0,0,2.04786,1.0197,1.028160,1,0,83.6465,0,0,0,83.6465,0
72.29,1.98269,0,0,3.34215,0.245788,1.11367,3.6288,61.308,0.505224,0,0,1.4385,0.226633,0.706643,0.66528,12.849,1,0.352408,1.11367,0,84.3679,4.03626,81.0929,0.84672,12.849,0.84672,3695.15,0,36.966,0.304627,1.4067,1.88235,4.863,1.15351,6.69391,0.42336,36.966,0.42336,423.524,0,1.02816,0,0,2.43486,1.4067,1.028160,1,0,88.4934,0,0,0,88.4934,0
72.29,1.98307,0,0,3.174,0.240423,0.950506,3.6288,61.308,0.505385,0,0,1.46042,0.227319,0.727715,0.66528,12.849,1,0.352476,0.950506,0,77.5362,3.78095,74.3533,0.84672,12.849,0.84672,3695.15,0,36.966,0.304725,1.26829,1.85765,4.48539,1.15337,6.15323,0.42336,36.966,0.42336,423.524,0,1.02816,0,0,2.29645,1.26829,1.028160,1,0,81.2342,0,0,0,81.2342,0
72.29,1.98345,0,0,2.86,0.240423,0.636133,3.6288,61.308,0.505547,0,0,1.29428,0.227319,0.561415,0.66528,12.849,1,0.352543,0.636133,0,67.684,3.78095,64.1867,0.84672,12.849,0.84672,3695.15,0,36.966,0.304823,1.03555,1.85793,4.0505,1.15337,5.48578,0.42336,36.966,0.42336,423.524,0,1.02816,0,0,2.06371,1.03555,1.028160,1,0,70.2339,0,0,0,70.2339,0
72.29,1.98383,0,0,2.62827,0.210177,0.434267,3.6288,61.308,0.505709,0,0,1.21994,0.187497,0.526736,0.66528,12.849,1,0.35261,0.434267,0,64.9201,2.95523,62.0465,0.84672,12.849,0.84672,3695.15,0,36.966,0.30492,0.94144,1.85821,3.66549,0.943946,5.21627,0.42336,36.966,0.42336,423.524,0,1.02816,0,0,1.9696,0.94144,1.028160,1,0,67.7895,0,0,0,67.7895,0
72.29,2.09051,0,0,2.69107,0.186122,0.414435,3.6288,61.308,0.5577,0,0,1.26259,0.210346,0.494544,0.66528,12.849,1,0.371572,0.414435,0,59.5133,3.40585,56.1503,0.84672,12.849,0.84672,3695.15,0,36.966,0.336268,1.3561,1.8585,4.10195,1.02466,5.95562,0.42336,36.966,0.42336,423.524,0,1.02816,0,0,2.38426,1.3561,1.028160,1,0,62.6004,0,0,0,62.6004,0
72.29,2.09091,0,0,2.66541,0.125985,0.448515,3.6288,61.308,0.55787,0,0,1.16059,0.267467,0.335248,0.66528,12.849,1,0.371643,0.448515,0,56.5203,4.53243,52.0647,0.84672,12.849,0.84672,3695.15,0,36.966,0.336371,1.10288,1.94643,3.89953,1.22643,5.38604,0.42336,36.966,0.42336,423.524,0,1.02816,0,0,2.13104,1.10288,1.028160,1,0,57.786,0,0,0,57.786,0
72.111,2.0913,0,0,2.40113,0.125985,0.36288,3.6288,61.308,0.558041,0,0,1.08089,0.267467,0.255382,0.66528,12.849,1,0.371713,0.36288,0,52.5652,4.53243,48.024,0.84672,12.849,0.84672,3695.15,0,36.966,0.336474,0.933301,1.94673,3.59627,1.22643,4.91339,0.42336,36.966,0.42336,423.524,0,1.02816,0,0,1.96146,0.933301,1.028160,1,0,53.1928,0,0,0,53.1928,0
71.8594,2.09092,0,0,2.32807,0.125814,0.36288,3.6288,61.308,0.558212,0,0,0.988451,0.267467,0.162771,0.66528,12.849,1,0.372567,0.36288,0,48.3251,4.53243,43.783,0.84672,12.849,0.84672,3695.15,0,36.966,0.336577,0.716196,1.94703,3.34494,1.22643,4.44515,0.42336,36.966,0.42336,423.524,0,1.02816,0,0,1.74436,0.716196,1.028160,1,0,48.3909,0,0,0,48.3909,0
71.3814,2.09021,0,0,2.07191,0.0968762,0.36288,3.6288,61.308,0.558383,0,0,0.938218,0.286354,0.0934809,0.66528,12.849,1,0.373744,0.36288,0,42.7519,4.74663,37.9944,0.84672,12.849,0.84672,3695.15,0,36.966,0.33668,0.642842,1.94733,3.25392,1.28116,4.22625,0.42336,36.966,0.42336,423.524,0,1.02816,0,0,1.671,0.642842,1.028160,1,0,42.3142,0,0,0,42.3142,0
71.6182,2.06748,0,0,2.77239,0.105217,0.36288,3.6288,61.308,0.587063,0,0,0.933561,0.280665,0.065832,0.66528,12.849,1,0.372157,0.36288,0,52.2196,5.16701,47.0433,0.84672,12.849,0.84672,3695.15,0,36.966,0.353973,0.68218,1.94763,4.38736,1.30681,5.35637,0.42336,36.966,0.42336,423.524,0,1.02816,0,0,1.71034,0.68218,1.028160,1,0,52.4655,0,0,0,52.4655,0
71.7215,2.06892,0,0,2.61943,0.0843563,0.36288,3.6288,61.3006,0.587239,0,0,0.889937,0.310138,0,0.66528,12.849,1,0.371184,0.36288,0,49.4961,5.19865,44.2891,0.84672,12.849,0.84672,3695.15,0,36.966,0.354079,0.627091,1.97859,4.38875,1.40445,5.2359,0.42336,36.966,0.42336,423.524,0,1.02816,0,0,1.65525,0.627091,1.028160,1,0,49.525,0,0,0,49.525,0
71.6919,2.06976,0,0,2.48753,0.0844228,0.36288,3.6288,61.2127,0.587388,0,0,0.809646,0.310124,0,0.66528,12.849,1,0.370801,0.36288,0,44.794,5.19865,39.5874,0.84672,12.849,0.84672,3695.15,0,36.966,0.354212,0.567026,1.97889,4.29494,1.40445,5.0822,0.42336,36.966,0.42336,423.524,0,1.02816,0,0,1.59519,0.567026,1.028160,1,0,44.6696,0,0,0,44.6696,0
71.4794,2.07003,0,0,2.3048,0.0844038,0.36288,3.6288,61.0485,0.587247,0,0,0.733052,0.309952,0,0.66528,12.849,1,0.371001,0.36288,0,42.6402,5.19865,37.4334,0.84672,12.849,0.84672,3695.15,0,36.966,0.354635,0.484419,1.9792,3.9623,1.40445,4.66683,0.42336,36.966,0.42336,423.524,0,1.02816,0,0,1.51258,0.484419,1.028160,1,0,42.1003,0,0,0,42.1003,0
71.2186,2.12376,0,0,2.29855,0.0726872,0.36288,3.6288,60.7782,0.612213,0,0,0.663319,0.321433,0,0.66528,12.849,1,0.381764,0.36288,0,38.6643,5.53148,33.114,0.84672,12.849,0.84672,3695.15,0,36.966,0.370706,0.303834,1.9795,3.75182,1.43689,4.22757,0.42336,36.966,0.42336,423.524,0,1.02816,0,0,1.33199,0.303834,1.028160,1,0,37.3416,0,0,0,37.3416,0
71.3879,2.12298,0,0,2.71898,0.0638748,0.36288,3.6288,60.6948,0.611368,0,0,0.857641,0.329721,0,0.66528,12.849,1,0.38302,0.36288,0,50.0331,5.78109,44.2319,0.84672,12.849,0.84672,3695.15,0,36.966,0.371841,0.534427,2.0233,4.3652,1.46121,5.08988,0.42336,36.966,0.42336,423.524,0,1.02816,0,0,1.56259,0.534427,1.028160,1,0,49.3218,0,0,0,49.3218,0
71.3118,2.12415,0,0,2.47488,0.0639575,0.36288,3.6288,60.4614,0.611229,0,0,0.707365,0.329546,0,0.66528,12.849,1,0.382323,0.36288,0,40.2989,5.78109,34.4983,0.84672,12.849,0.84672,3695.15,0,36.966,0.372268,0.568184,2.02361,4.05626,1.46121,4.81457,0.42336,36.966,0.42336,423.524,0,1.02816,0,0,1.59634,0.568184,1.028160,1,0,39.3129,0,0,0,39.3129,0
71.0117,2.12421,0,0,2.2509,0.0639203,0.36288,3.6288,60.1805,0.610517,0,0,0.658757,0.329058,0,0.66528,12.849,1,0.382741,0.36288,0,37.5677,5.78109,31.7667,0.84672,12.849,0.84672,3695.15,0,36.966,0.373269,0.31936,2.02392,3.61493,1.46121,4.12373,0.42336,36.966,0.42336,423.524,0,1.02816,0,0,1.34752,0.31936,1.028160,1,0,35.8905,0,0,0,35.8905,0
70.6712,2.28215,0,0,2.35761,0.0530581,0.36288,3.6288,59.9153,0.66528,0,0,0.734599,0.334535,0,0.66528,12.849,1,0.412936,0.36288,0,36.8067,5.96968,30.787,0.84672,12.849,0.84672,3695.15,0,36.966,0.466004,0.587477,2.02423,4.72178,1.50312,5.36436,0.42336,36.966,0.42336,423.524,0,1.02816,0,0,1.61564,0.587477,1.028160,1,0,36.1514,0,0,0,36.1514,0
69.9432,2.28089,0,0,1.97232,0.0565631,0.36288,3.6288,59.5032,0.668883,0,0,0.591134,0.334356,0,0.66528,12.849,1,0.414697,0.36288,0,34.8448,6.0544,28.7386,0.84672,12.849,0.84672,3695.15,0,36.966,0.466318,0.227405,2.17344,3.26974,1.54544,3.65883,0.42336,36.966,0.42336,423.524,0,1.02456,0,0,1.25196,0.227405,1.028160,1,0,32.3974,0,0,0,32.3974,0
68.8309,2.27767,0,0,1.58447,0.0562467,0.36288,3.6288,58.675,0.922328,0,0,0.427561,0.333477,0,0.66528,12.849,1,0.418422,0.36288,0,34.049,6.0544,27.9391,0.84672,12.849,0.84672,3695.15,0,36.966,0.57299,0.204422,2.17378,2.62486,1.54544,2.88463,0.42336,36.966,0.42336,423.524,0,0.664753,0,0,0.869175,0.204422,1.028160,1,0,30.8237,0,0,0,30.8237,0
68.1131,2.2724,0,0,1.97327,0.0557634,0.36288,3.6288,58.4088,0.66528,0,0,0.730771,0.331711,0,0.66528,12.849,1,0.4242,0.36288,0,31.0973,6.0544,24.9816,0.84672,12.849,0.84672,3695.15,0,36.966,0.466945,0.616006,2.17412,4.05853,1.54544,4.83627,0.42336,36.966,0.42336,423.524,0,1.02816,0,0,1.64417,0.616006,1.028160,1,0,29.8179,0,0,0,29.8179,0
67.018,2.26907,0,0,1.59964,0.0628214,0.36288,3.6288,57.8851,0.752717,0,0,0.519629,0.290533,0,0.66528,12.849,1,0.428041,0.36288,0,23.465,4.94534,18.4545,0.84672,12.849,0.84672,3695.15,0,36.966,0.476383,0.204422,2.17446,4.06122,1.11371,4.85001,0.42336,36.966,0.42336,423.524,0,0.931599,0,0,1.13602,0.204422,1.028160,1,0,23.3045,0,0,0,23.3045,0
66.1001,2.18681,0,0,1.73185,0.100041,0.36288,3.6288,57.652,0.707784,0,0,0.745179,0.270533,0,0.66528,12.849,1,0.419266,0.36288,0,33.0312,5.32821,27.6466,0.84672,12.849,0.84672,3695.15,0,36.966,0.451998,0.204422,2.17479,4.30018,1.40879,4.81861,0.42336,36.966,0.42336,423.524,0,0.911805,0,0,1.11623,0.204422,1.028160,1,0,32.4653,0,0,0,32.4653,0
65.6233,2.18235,0,0,2.1738,0.105362,0.36288,3.6288,57.7596,0.635956,0,0,1.01167,0.268082,0,0.66528,12.849,1,0.424221,0.36288,0,26.8758,5.42283,21.3916,0.84672,12.849,0.84672,3695.15,0,36.966,0.40777,0.67189,2.08889,5.34146,1.46996,6.2245,0.42336,36.966,0.42336,423.524,0,1.02816,0,0,1.70005,0.67189,1.028160,1,0,27.6161,0,0,0,27.6161,0
64.3583,2.18018,0,0,1.38307,0.104962,0.36288,3.6288,57.5663,0.636602,0,0,0.711487,0.268269,0,0.66528,12.849,1,0.426879,0.36288,0,41.0204,5.42283,35.5336,0.84672,12.849,0.84672,3695.15,0,36.966,0.407423,0.339656,2.08921,3.66212,1.46996,4.2136,0.42336,36.966,0.42336,423.524,0,1.02816,0,0,1.36782,0.339656,1.028160,1,0,39.7472,0,0,0,39.7472,0
62.852,2.1736,0,0,1.13407,0.103901,0.36288,3.6288,57.1284,0.819605,0,0,0.649703,0.267933,0,0.66528,12.849,1,0.433955,0.36288,0,23.7973,5.42283,18.3034,0.84672,12.849,0.84672,3695.15,0,36.966,0.526307,0.216518,2.08953,2.61697,1.46996,2.92675,0.42336,36.966,0.42336,423.524,0,0.726572,0,0,0.943091,0.216518,1.028160,1,0,21.2302,0,0,0,21.2302,0
61.2996,2.10295,0,0,1.08332,0.169927,0.36288,3.6288,56.9524,0.625924,0,0,0.665852,0.215918,0,0.66528,12.849,1,0.429912,0.36288,0,26.682,4.55477,22.0602,0.84672,12.849,0.84672,3695.15,0,36.966,0.405016,0.216518,2.08986,3.65753,1.19437,4.36452,0.42336,36.966,0.42336,423.524,0,0.960388,0,0,1.17691,0.216518,1.028160,1,0,26.4247,0,0,0,26.4247,0
60.398,2.09435,0,0,1.75553,0.199842,0.36288,3.6288,56.9249,0.584241,0,0,0.70997,0.153307,0,0.66528,12.849,1,0.438996,0.36288,0,41.3989,3.81843,37.5044,0.84672,12.849,0.84672,3695.15,0,36.966,0.379212,0.505369,2.01316,4.20174,0.890285,5.45078,0.42336,36.966,0.42336,423.524,0,1.02816,0,0,1.53353,0.505369,1.028160,1,0,42.9551,0,0,0,42.9551,0
61.1728,2.08934,0,0,3.42534,0.198351,0.36288,3.6288,57.464,0.584303,0,0,1.27674,0.15328,0,0.66528,12.849,1,0.444483,0.36288,0,58.3027,3.81843,54.4027,0.84672,12.849,0.84672,3695.15,0,36.966,0.379436,1.02152,2.01347,8.14674,0.890285,9.91201,0.42336,36.966,0.42336,423.524,0,1.02816,0,0,2.04968,1.02152,1.028160,1,0,64.3147,0,0,0,64.3147,0
61.2987,2.09439,0,0,2.78284,0.199633,0.36288,3.6288,58.283,0.586643,0,0,1.55942,0.153817,0,0.66528,12.849,1,0.439914,0.36288,0,52.7236,3.81843,48.8281,0.84672,12.849,0.84672,3695.15,0,36.966,0.377381,2.22665,2.01378,7.40474,0.890285,10.3775,0.42336,36.966,0.42336,423.524,0,1.02816,0,0,3.25481,2.22665,1.028160,1,0,59.2057,0,0,0,59.2057,0
62.1656,1.91888,0,0,3.37179,0.223131,0.36288,3.6288,58.8635,0.486185,0,0,1.22883,0.162075,0,0.66528,12.849,1,0.402223,0.36288,0,75.8468,3.92974,71.8778,0.84672,12.849,0.84672,3695.15,0,36.966,0.308363,1.25027,2.01409,9.33218,0.927601,11.3606,0.42336,36.966,0.42336,423.524,0,1.02816,0,0,2.27843,1.25027,1.028160,1,0,83.2383,0,0,0,83.2383,0
65.4177,1.9239,0,0,5.76653,0.227648,0.36288,3.6288,59.071,0.488211,0,0,0.855631,0.159953,0,0.66528,12.849,1,0.39765,0.36288,0,115.088,3.78578,111.268,0.84672,12.849,0.84672,3695.15,0,36.966,0.306594,1.09942,1.8432,12.4025,0.96196,14.0765,0.42336,36.966,0.42336,423.524,0,1.02816,0,0,2.12758,1.09942,1.028160,1,0,125.344,0,0,0,125.344,0
67.8237,1.94079,0,0,4.9434,0.233733,0.36288,3.6288,59.4277,0.489031,0,0,1.00588,0.160166,0,0.66528,12.849,1,0.3812,0.36288,0,120.336,3.78578,116.532,0.84672,12.849,0.84672,3695.15,0,36.966,0.30603,1.73226,1.84348,12.9241,0.96196,15.2318,0.42336,36.966,0.42336,423.524,0,1.02816,0,0,2.76042,1.73226,1.028160,1,0,131.764,0,0,0,131.764,0
71.3776,1.95254,0,0,6.1528,0.283478,0.36288,3.6288,60.7159,0.490322,0,0,1.98456,0.206008,0,0.66528,12.849,1,0.369902,0.36288,0,135.171,4.22648,130.938,0.84672,12.849,0.84672,3695.15,0,36.966,0.304997,2.24249,1.84376,14.8362,1.10839,17.509,0.42336,36.966,0.42336,423.524,0,1.02816,0,0,3.27065,2.24249,1.028160,1,0,148.447,0,0,0,148.447,0
72.29,1.96852,0,0,8.6813,0.309993,5.49041,3.6288,61.308,0.494504,0,0,1.95971,0.226046,0.64708,0.66528,12.849,1,0.354362,5.49041,0,180.902,4.40275,181.635,0.84672,12.849,0.84672,3695.15,0,36.966,0.301072,1.76671,1.84404,14.545,1.16696,16.6877,0.42336,36.966,0.42336,423.524,0,1.02816,0,0,2.79487,1.76671,1.028160,1,0,198.97,0,0,0,198.97,0
72.29,2.04253,0,0,4.69417,0.292502,2.35914,3.6288,61.308,0.527168,0,0,1.73622,0.24718,0.961869,0.66528,12.849,1,0.363044,2.35914,0,80.1554,4.02865,78.1228,0.84672,12.849,0.84672,3695.15,0,36.966,0.317859,2.30222,1.84433,10.9849,1.1664,13.6472,0.42336,36.966,0.42336,423.524,0,1.02816,0,0,3.33038,2.30222,1.028160,1,0,92.7319,0,0,0,92.7319,0
72.29,2.0429,0,0,5.24186,0.284641,2.91432,3.6288,61.308,0.527327,0,0,2.06616,0.255293,1.28354,0.66528,12.849,1,0.36311,2.91432,0,100.17,3.87902,98.8426,0.84672,12.849,0.84672,3695.15,0,36.966,0.317955,2.72785,1.89803,10.82,1.16617,13.9618,0.42336,36.966,0.42336,423.524,0,1.02816,0,0,3.75601,2.72785,1.028160,1,0,114.088,0,0,0,114.088,0
72.29,2.04327,0,0,3.85104,0.284641,1.52312,3.6288,61.308,0.527486,0,0,1.78497,0.255293,1.00219,0.66528,12.849,1,0.363177,1.52312,0,65.123,3.87902,62.4039,0.84672,12.849,0.84672,3695.15,0,36.966,0.31805,2.13583,1.89831,10.7411,1.16617,13.291,0.42336,36.966,0.42336,423.524,0,1.02816,0,0,3.16399,2.13583,1.028160,1,0,76.6971,0,0,0,76.6971,0
72.29,2.04365,0,0,3.4056,0.29152,1.07044,3.6288,61.308,0.527645,0,0,1.45075,0.232865,0.690241,0.66528,12.849,1,0.363243,1.07044,0,54.5257,3.61171,51.6212,0.84672,12.849,0.84672,3695.15,0,36.966,0.318146,1.50568,1.89859,8.95199,1.06303,10.9751,0.42336,36.966,0.42336,423.524,0,1.02816,0,0,2.53384,1.50568,1.028160,1,0,63.2865,0,0,0,63.2865,0
72.29,2.26843,0,0,3.24324,0.302276,0.672532,3.6288,61.308,0.643097,0,0,1.11378,0.22517,0.245516,0.66528,12.849,1,0.403197,0.672532,0,48.8804,3.60627,45.5434,0.84672,12.849,0.84672,3695.15,0,36.966,0.387759,1.30128,1.89887,9.18613,1.0547,10.9438,0.42336,36.966,0.42336,423.524,0,1.02816,0,0,2.32944,1.30128,1.028160,1,0,56.7328,0,0,0,56.7328,0
72.29,2.26884,0,0,3.11833,0.316267,0.533224,3.6288,61.308,0.643275,0,0,1.23798,0.247982,0.346726,0.66528,12.849,1,0.403269,0.533224,0,36.9471,4.09385,32.9832,0.84672,12.849,0.84672,3695.15,0,36.966,0.387866,1.26456,2.09146,5.34635,1.22725,7.08725,0.42336,36.966,0.42336,423.524,0,1.02816,0,0,2.29272,1.26456,1.028160,1,0,40.4171,0,0,0,40.4171,0
72.29,2.26925,0,0,4.1877,0.316267,1.60218,3.6288,61.308,0.643452,0,0,1.19052,0.247982,0.299089,0.66528,12.849,1,0.403342,1.60218,0,44.5867,4.09385,41.6917,0.84672,12.849,0.84672,3695.15,0,36.966,0.387973,1.19704,2.09177,8.84199,1.22725,10.5156,0.42336,36.966,0.42336,423.524,0,1.02816,0,0,2.2252,1.19704,1.028160,1,0,52.5064,0,0,0,52.5064,0
72.29,2.26966,0,0,4.90964,0.316131,2.32385,3.6288,61.308,0.64363,0,0,1.86193,0.232309,0.98599,0.66528,12.849,1,0.403415,2.32385,0,107.994,3.96217,105.952,0.84672,12.849,0.84672,3695.15,0,36.966,0.38808,2.08054,2.09208,11.8792,1.16371,14.5001,0.42336,36.966,0.42336,423.524,0,1.02816,0,0,3.1087,2.08054,1.028160,1,0,121.438,0,0,0,121.438,0
72.29,1.94978,0,0,5.02858,0.31774,2.76107,3.6288,61.308,0.488981,0,0,1.66539,0.198348,0.978057,0.66528,12.849,1,0.346558,2.76107,0,82.6991,3.79953,81.3141,0.84672,12.849,0.84672,3695.15,0,36.966,0.294834,1.96994,2.09239,7.35356,1.02151,10.0995,0.42336,36.966,0.42336,423.524,0,1.02816,0,0,2.9981,1.96994,1.028160,1,0,92.3917,0,0,0,92.3917,0
72.29,1.95013,0,0,4.51536,0.322611,2.24261,3.6288,61.308,0.489134,0,0,1.69471,0.211401,0.994176,0.66528,12.849,1,0.346621,2.24261,0,58.2337,4.21586,55.9138,0.84672,12.849,0.84672,3695.15,0,36.966,0.294926,2.44057,1.83027,7.15598,1.06314,10.0687,0.42336,36.966,0.42336,423.524,0,1.02816,0,0,3.46873,2.44057,1.028160,1,0,66.9767,0,0,0,66.9767,0
72.29,1.95049,0,0,5.98631,0.322611,3.71321,3.6288,61.308,0.489286,0,0,3.96192,0.211401,3.26124,0.66528,12.849,1,0.346685,3.71321,0,114.331,4.21586,113.481,0.84672,12.849,0.84672,3695.15,0,36.966,0.295018,3.25552,1.83053,13.4082,1.06314,17.136,0.42336,36.966,0.42336,423.524,0,1.02816,0,0,4.28368,3.25552,1.028160,1,0,133.878,0,0,0,133.878,0
72.29,1.95085,0,0,4.32131,0.322611,2.04785,3.6288,61.308,0.489439,0,0,1.72944,0.211401,1.0286,0.66528,12.849,1,0.346749,2.04785,0,58.5833,4.21586,56.0686,0.84672,12.849,0.84672,3695.15,0,36.966,0.29511,2.29894,1.8308,7.16386,1.06314,9.93535,0.42336,36.966,0.42336,423.524,0,1.02816,0,0,3.3271,2.29894,1.028160,1,0,67.0325,0,0,0,67.0325,0
72.29,1.95121,0,0,5.01432,0.320423,2.74269,3.6288,61.308,0.489592,0,0,2.4861,0.195227,1.80128,0.66528,12.849,1,0.346812,2.74269,0,79.477,4.19246,77.6805,0.84672,12.849,0.84672,3695.15,0,36.966,0.295202,3.37854,1.83107,18.6537,0.999936,22.5681,0.42336,36.966,0.42336,423.524,0,1.02816,0,0,4.4067,3.37854,1.028160,1,0,102.05,0,0,0,102.05,0
72.29,2.03225,0,0,6.94727,0.324706,4.59031,3.6288,61.308,0.527651,0,0,2.50653,0.161437,1.81745,0.66528,12.849,1,0.361217,4.59031,0,93.134,4.74419,92.6189,0.84672,12.849,0.84672,3695.15,0,36.966,0.31815,2.69025,1.83134,11.5106,0.976399,14.7377,0.42336,36.966,0.42336,423.524,0,1.02816,0,0,3.71841,2.69025,1.028160,1,0,109.174,0,0,0,109.174,0
72.29,2.03262,0,0,4.66683,0.325906,2.3083,3.6288,61.308,0.52781,0,0,2.01404,0.1594,1.32683,0.66528,12.849,1,0.361283,2.3083,0,54.7548,4.84134,51.8605,0.84672,12.849,0.84672,3695.15,0,36.966,0.318246,1.5789,1.89636,8.06112,0.986521,10.2316,0.42336,36.966,0.42336,423.524,0,1.02816,0,0,2.60706,1.5789,1.028160,1,0,63.4189,0,0,0,63.4189,0
72.29,2.03299,0,0,3.90398,0.325906,1.54508,3.6288,61.308,0.527969,0,0,1.69329,0.1594,1.00592,0.66528,12.849,1,0.361349,1.54508,0,47.7278,4.84134,44.0702,0.84672,12.849,0.84672,3695.15,0,36.966,0.318342,1.30462,1.89664,7.593,0.986521,9.4894,0.42336,36.966,0.42336,423.524,0,1.02816,0,0,2.33278,1.30462,1.028160,1,0,54.5655,0,0,0,54.5655,0
72.29,2.03336,0,0,4.09966,0.248929,1.81737,3.6288,61.308,0.528127,0,0,1.69125,0.13563,1.0275,0.66528,12.849,1,0.361415,1.81737,0,53.63,3.57672,51.5093,0.84672,12.849,0.84672,3695.15,0,36.966,0.318437,1.17177,1.89692,7.3688,0.840998,9.27804,0.42336,36.966,0.42336,423.524,0,1.02816,0,0,2.19993,1.17177,1.028160,1,0,61.8148,0,0,0,61.8148,0
72.29,2.00217,0,0,3.66654,0.249998,1.41438,3.6288,61.308,0.513554,0,0,1.45091,0.156858,0.780495,0.66528,12.849,1,0.35587,1.41438,0,50.2991,3.5391,47.8185,0.84672,12.849,0.84672,3695.15,0,36.966,0.30965,0.993617,1.89719,6.18714,0.938345,7.82995,0.42336,36.966,0.42336,423.524,0,1.02816,0,0,2.02178,0.993617,1.028160,1,0,56.429,0,0,0,56.429,0
72.29,2.00253,0,0,2.95429,0.250801,0.70096,3.6288,61.308,0.513711,0,0,1.13104,0.172779,0.444547,0.66528,12.849,1,0.355935,0.70096,0,43.375,3.51088,40.2092,0.84672,12.849,0.84672,3695.15,0,36.966,0.309745,0.8093,1.87226,5.2136,1.01136,6.57406,0.42336,36.966,0.42336,423.524,0,1.02816,0,0,1.83746,0.8093,1.028160,1,0,47.2278,0,0,0,47.2278,0
72.2372,2.0029,0,0,2.56374,0.250801,0.36288,3.6288,61.308,0.513867,0,0,1.10621,0.172779,0.419559,0.66528,12.849,1,0.356,0.36288,0,36.3172,3.51088,32.8132,0.84672,12.849,0.84672,3695.15,0,36.966,0.309839,0.816212,1.87253,6.19782,1.01136,7.56537,0.42336,36.966,0.42336,423.524,0,1.02816,0,0,1.84437,0.816212,1.028160,1,0,40.7981,0,0,0,40.7981,0
72.29,2.00304,0,0,2.98832,0.2507,0.681734,3.6288,61.308,0.514024,0,0,1.18116,0.172779,0.494354,0.66528,12.849,1,0.356286,0.681734,0,37.5028,3.51088,34.3173,0.84672,12.849,0.84672,3695.15,0,36.966,0.309934,0.812843,1.87281,5.31422,1.01136,6.67859,0.42336,36.966,0.42336,423.524,0,1.02816,0,0,1.841,0.812843,1.028160,1,0,41.4903,0,0,0,41.4903,0
72.29,2.11086,0,0,3.37012,0.226973,1.03229,3.6288,61.308,0.566459,0,0,1.24781,0.184491,0.496865,0.66528,12.849,1,0.375189,1.03229,0,45.343,3.76755,42.2325,0.84672,12.849,0.84672,3695.15,0,36.966,0.341549,0.966652,1.87308,5.22047,0.998492,6.72016,0.42336,36.966,0.42336,423.524,0,1.02816,0,0,1.99481,0.966652,1.028160,1,0,49.4496,0,0,0,49.4496,0
72.2757,2.11124,0,0,2.65039,0.190563,0.36288,3.6288,61.308,0.566624,0,0,1.1493,0.229772,0.352906,0.66528,12.849,1,0.375257,0.36288,0,37.1066,4.54902,32.5452,0.84672,12.849,0.84672,3695.15,0,36.966,0.341649,0.790275,1.96177,4.82421,1.06173,6.17288,0.42336,36.966,0.42336,423.524,0,1.02816,0,0,1.81843,0.790275,1.028160,1,0,39.0709,0,0,0,39.0709,0
71.9695,2.11156,0,0,2.35873,0.190542,0.36288,3.6288,61.308,0.566789,0,0,1.05446,0.229772,0.2579,0.66528,12.849,1,0.375388,0.36288,0,33.4623,4.54902,28.9008,0.84672,12.849,0.84672,3695.15,0,36.966,0.341748,0.629424,1.96206,4.64893,1.06173,5.83694,0.42336,36.966,0.42336,423.524,0,1.02816,0,0,1.65758,0.629424,1.028160,1,0,34.9956,0,0,0,34.9956,0
71.5839,2.11059,0,0,2.22777,0.139835,0.36288,3.6288,61.308,0.566954,0,0,1.01269,0.262824,0.182917,0.66528,12.849,1,0.376812,0.36288,0,29.8251,4.92387,24.8873,0.84672,12.849,0.84672,3695.15,0,36.966,0.341848,0.566905,1.96235,4.42766,1.1575,5.45756,0.42336,36.966,0.42336,423.524,0,1.02816,0,0,1.59506,0.566905,1.028160,1,0,30.5278,0,0,0,30.5278,0
71.0675,2.10925,0,0,2.09515,0.139425,0.36288,3.6288,61.308,0.567119,0,0,0.965131,0.262824,0.135188,0.66528,12.849,1,0.378601,0.36288,0,29.3942,4.92387,24.4546,0.84672,12.849,0.84672,3695.15,0,36.966,0.341948,0.45093,1.96264,4.55961,1.1575,5.47373,0.42336,36.966,0.42336,423.524,0,1.02816,0,0,1.47909,0.45093,1.028160,1,0,30.0636,0,0,0,30.0636,0
70.8434,2.08614,0,0,2.3488,0.123937,0.36288,3.6288,61.308,0.596041,0,0,1.25781,0.242987,0.418784,0.66528,12.849,1,0.377173,0.36288,0,31.5048,4.22853,27.262,0.84672,12.849,0.84672,3695.15,0,36.966,0.359386,1.12673,1.96292,4.78735,1.04569,6.47193,0.42336,36.966,0.42336,423.524,0,1.02816,0,0,2.15489,1.12673,1.028160,1,0,34.1527,0,0,0,34.1527,0
70.4432,2.08551,0,0,2.16943,0.121238,0.36288,3.6288,61.308,0.596211,0,0,1.30645,0.23968,0.470563,0.66528,12.849,1,0.378252,0.36288,0,31.6888,4.11264,27.5607,0.84672,12.849,0.84672,3695.15,0,36.966,0.359488,1.26149,1.99414,4.68156,1.02706,6.55065,0.42336,36.966,0.42336,423.524,0,1.02816,0,0,2.28965,1.26149,1.028160,1,0,34.582,0,0,0,34.582,0
69.8382,2.08407,0,0,1.96284,0.120866,0.36288,3.6288,61.308,0.59638,0,0,1.21244,0.23968,0.376382,0.66528,12.849,1,0.380139,0.36288,0,28.4568,4.11264,24.3269,0.84672,12.849,0.84672,3695.15,0,36.966,0.359591,0.977469,1.99444,4.49004,1.02706,6.0753,0.42336,36.966,0.42336,423.524,0,1.02816,0,0,2.00563,0.977469,1.028160,1,0,30.7786,0,0,0,30.7786,0
69.1714,2.08166,0,0,1.87002,0.0922733,0.36288,3.6288,61.308,0.59655,0,0,1.14719,0.305495,0.245148,0.66528,12.849,1,0.38299,0.36288,0,25.7798,4.95954,20.8001,0.84672,12.849,0.84672,3695.15,0,36.966,0.359693,0.987275,1.99473,4.25402,1.33619,5.54015,0.42336,36.966,0.42336,423.524,0,1.02816,0,0,2.01544,0.987275,1.028160,1,0,26.5854,0,0,0,26.5854,0
68.3681,2.1334,0,0,1.78447,0.091441,0.36288,3.6288,61.308,0.622365,0,0,1.03647,0.305724,0.108383,0.66528,12.849,1,0.396292,0.36288,0,23.4226,5.2473,18.1419,0.84672,12.849,0.84672,3695.15,0,36.966,0.375259,0.930321,1.99503,3.98356,1.40416,5.12949,0.42336,36.966,0.42336,423.524,0,1.02816,0,0,1.95848,0.930321,1.028160,1,0,23.3798,0,0,0,23.3798,0
67.4876,2.12987,0,0,1.70879,0.0965557,0.36288,3.6288,61.2774,0.622539,0,0,0.88338,0.291403,0,0.66528,12.849,1,0.400284,0.36288,0,21.775,5.44278,16.2948,0.84672,12.849,0.84672,3695.15,0,36.966,0.375364,0.822856,2.03918,3.64129,1.42608,4.70189,0.42336,36.966,0.42336,423.524,0,1.02816,0,0,1.85102,0.822856,1.028160,1,0,20.9967,0,0,0,20.9967,0
66.4502,2.12586,0,0,1.54721,0.0958908,0.36288,3.6288,61.2075,0.622597,0,0,0.844033,0.291347,0,0.66528,12.849,1,0.404744,0.36288,0,20.5078,5.44278,15.0232,0.84672,12.849,0.84672,3695.15,0,36.966,0.375585,0.634167,2.03949,3.38563,1.42608,4.25762,0.42336,36.966,0.42336,423.524,0,1.02816,0,0,1.66233,0.634167,1.028160,1,0,19.2808,0,0,0,19.2808,0
65.2384,2.12095,0,0,1.35308,0.0810564,0.36288,3.6288,61.1241,0.622503,0,0,0.838045,0.298983,0,0.66528,12.849,1,0.410114,0.36288,0,19.5279,5.66711,13.8135,0.84672,12.849,0.84672,3695.15,0,36.966,0.375958,0.607617,2.03979,3.42185,1.4709,4.22239,0.42336,36.966,0.42336,423.524,0,1.02816,0,0,1.63578,0.607617,1.028160,1,0,18.0359,0,0,0,18.0359,0
63.6567,2.2731,0,0,1.14282,0.08857,0.36288,3.6288,60.9868,0.66528,0,0,0.81413,0.286143,0,0.66528,12.849,1,0.447697,0.36288,0,18.3228,5.56521,12.6727,0.84672,12.849,0.84672,3695.15,0,36.966,0.481933,0.580366,2.04009,3.26691,1.32267,4.08276,0.42336,36.966,0.42336,423.524,0,1.02816,0,0,1.60853,0.580366,1.028160,1,0,16.7555,0,0,0,16.7555,0
62.3848,2.26425,0,0,1.44164,0.0864216,0.36288,3.6288,60.7679,0.66528,0,0,0.761409,0.315065,0,0.66528,12.849,1,0.457035,0.36288,0,18.311,6.56217,11.6547,0.84672,12.849,0.84672,3695.15,0,36.966,0.482237,0.707417,2.19057,2.90527,1.49186,3.82916,0.42336,36.966,0.42336,423.524,0,1.02816,0,0,1.73558,0.707417,1.028160,1,0,15.4838,0,0,0,15.4838,0
61.2948,2.25693,0,0,1.61088,0.0809972,0.36288,3.6288,60.721,0.66528,0,0,0.935677,0.317209,0,0.66528,12.849,1,0.464845,0.36288,0,23.3005,6.63695,16.5616,0.84672,12.849,0.84672,3695.15,0,36.966,0.48254,1.15138,2.1909,3.08377,1.5068,4.4367,0.42336,36.966,0.42336,423.524,0,1.02816,0,0,2.17954,1.15138,1.028160,1,0,20.9983,0,0,0,20.9983,0
59.8738,2.2505,0,0,1.27265,0.0802729,0.36288,3.6288,60.4217,0.66528,0,0,0.683001,0.317115,0,0.66528,12.849,1,0.471763,0.36288,0,24.0455,6.63695,17.2996,0.84672,12.849,0.84672,3695.15,0,36.966,0.482844,0.533269,2.19122,2.44349,1.5068,3.17833,0.42336,36.966,0.42336,423.524,0,1.02816,0,0,1.56143,0.533269,1.028160,1,0,20.478,0,0,0,20.478,0
58.7662,2.24168,0,0,1.5762,0.0792874,0.36288,3.6288,60.5761,0.66528,0,0,1.13629,0.316512,0,0.66528,12.849,1,0.481068,0.36288,0,21.3098,6.63695,14.5546,0.84672,12.849,0.84672,3695.15,0,36.966,0.483147,1.75682,2.19155,3.67184,1.5068,5.63027,0.42336,36.966,0.42336,423.524,0,1.02816,0,0,2.78498,1.75682,1.028160,1,0,20.1849,0,0,0,20.1849,0
57.3167,2.15889,0,0,1.15925,0.0869556,0.36288,3.6288,60.3563,0.657381,0,0,0.797351,0.359815,0,0.66528,12.849,1,0.472034,0.36288,0,19.4415,7.0733,12.259,0.84672,12.849,0.84672,3695.15,0,36.966,0.40116,0.763093,2.19188,2.96683,1.53032,3.99031,0.42336,36.966,0.42336,423.524,0,1.02816,0,0,1.79125,0.763093,1.028160,1,0,16.2493,0,0,0,16.2493,0
55.7988,2.14953,0,0,1.1276,0.1331,0.36288,3.6288,60.151,0.656654,0,0,0.793575,0.342189,0,0.66528,12.849,1,0.481872,0.36288,0,15.9045,6.97176,8.81376,0.84672,12.849,0.84672,3695.15,0,36.966,0.402176,0.611306,2.10522,2.36943,1.44491,3.23887,0.42336,36.966,0.42336,423.524,0,1.02816,0,0,1.63947,0.611306,1.028160,1,0,12.0526,0,0,0,12.0526,0
54.8393,2.13926,0,0,1.69114,0.148458,0.36288,3.6288,60.0804,0.655983,0,0,0.913352,0.328042,0,0.66528,12.849,1,0.492616,0.36288,0,19.3694,6.86133,12.3783,0.84672,12.849,0.84672,3695.15,0,36.966,0.403136,1.01179,2.10553,2.52024,1.40698,3.82744,0.42336,36.966,0.42336,423.524,0,1.02816,0,0,2.03995,1.01179,1.028160,1,0,16.2058,0,0,0,16.2058,0
54.4801,2.13266,0,0,2.28332,0.147039,0.36288,3.6288,60.5725,0.655869,0,0,1.47591,0.327894,0,0.66528,12.849,1,0.499689,0.36288,0,38.6522,6.86133,31.654,0.84672,12.849,0.84672,3695.15,0,36.966,0.40354,2.2887,2.10585,3.96989,1.40698,6.55392,0.42336,36.966,0.42336,423.524,0,1.02816,0,0,3.31686,2.2887,1.028160,1,0,38.2079,0,0,0,38.2079,0
53.8532,2.06903,0,0,1.98882,0.183815,0.36288,3.6288,60.8358,0.607069,0,0,1.18443,0.314104,0,0.66528,12.849,1,0.487976,0.36288,0,60.2474,6.18046,53.9418,0.84672,12.849,0.84672,3695.15,0,36.966,0.37048,1.31273,2.10616,3.63196,1.36681,5.31355,0.42336,36.966,0.42336,423.524,0,1.02816,0,0,2.34089,1.31273,1.028160,1,0,59.2554,0,0,0,59.2554,0
53.3627,2.06482,0,0,2.15889,0.22171,0.36288,3.6288,61.0309,0.608238,0,0,1.10068,0.29731,0,0.66528,12.849,1,0.492651,0.36288,0,43.1696,4.52382,38.516,0.84672,12.849,0.84672,3695.15,0,36.966,0.369587,0.985608,2.02879,4.76236,1.24597,6.1612,0.42336,36.966,0.42336,423.524,0,1.02816,0,0,2.01377,0.985608,1.028160,1,0,44.6772,0,0,0,44.6772,0
53.0592,2.06154,0,0,2.34152,0.220605,0.36288,3.6288,61.308,0.609146,0,0,1.40352,0.297678,0.219598,0.66528,12.849,1,0.496391,0.36288,0,41.438,4.52382,36.7807,0.84672,12.849,0.84672,3695.15,0,36.966,0.368955,2.11125,2.02909,5.36944,1.24597,7.89486,0.42336,36.966,0.42336,423.524,0,1.02816,0,0,3.13941,2.11125,1.028160,1,0,44.8952,0,0,0,44.8952,0
52.6942,2.05963,0,0,2.27747,0.219921,0.36288,3.6288,61.308,0.610359,0,0,1.27958,0.2982,0.371026,0.66528,12.849,1,0.498767,0.36288,0,50.9198,4.52382,46.2601,0.84672,12.849,0.84672,3695.15,0,36.966,0.368019,1.31457,2.02939,5.63439,1.24597,7.36437,0.42336,36.966,0.42336,423.524,0,1.02816,0,0,2.34273,1.31457,1.028160,1,0,53.9955,0,0,0,53.9955,0
52.6815,1.88398,0,0,2.44851,0.214327,0.36288,3.6288,61.308,0.503726,0,0,1.08073,0.242717,0.334282,0.66528,12.849,1,0.459392,0.36288,0,48.6054,4.12574,44.3832,0.84672,12.849,0.84672,3695.15,0,36.966,0.303725,0.909818,2.02969,4.93688,1.06251,6.51016,0.42336,36.966,0.42336,423.524,0,1.02816,0,0,1.93798,0.909818,1.028160,1,0,51.2276,0,0,0,51.2276,0
54.2365,1.88424,0,0,4.0544,0.252249,0.36288,3.6288,61.308,0.503881,0,0,1.83752,0.254131,1.07951,0.66528,12.849,1,0.459565,0.36288,0,69.0574,4.49736,64.4634,0.84672,12.849,0.84672,3695.15,0,36.966,0.303818,1.8109,1.85734,7.08517,1.22912,9.22047,0.42336,36.966,0.42336,423.524,0,1.02816,0,0,2.83906,1.8109,1.028160,1,0,74.7634,0,0,0,74.7634,0
56.8449,1.89524,0,0,5.12272,0.256282,0.36288,3.6288,61.308,0.504036,0,0,1.77625,0.254131,1.01809,0.66528,12.849,1,0.448994,0.36288,0,66.5848,4.49736,62.0013,0.84672,12.849,0.84672,3695.15,0,36.966,0.303912,2.03513,1.85761,5.50779,1.22912,7.86751,0.42336,36.966,0.42336,423.524,0,1.02816,0,0,3.06329,2.03513,1.028160,1,0,70.8869,0,0,0,70.8869,0
58.0418,1.91239,0,0,3.7353,0.263048,0.36288,3.6288,61.308,0.504192,0,0,1.41856,0.254131,0.660236,0.66528,12.849,1,0.43227,0.36288,0,57.9798,4.49736,53.413,0.84672,12.849,0.84672,3695.15,0,36.966,0.304005,1.57512,1.85789,6.35106,1.22912,8.25093,0.42336,36.966,0.42336,423.524,0,1.02816,0,0,2.60328,1.57512,1.028160,1,0,62.3242,0,0,0,62.3242,0
58.3458,1.92004,0,0,2.83872,0.251857,0.36288,3.6288,61.308,0.504347,0,0,0.901705,0.202635,0.194723,0.66528,12.849,1,0.425049,0.36288,0,41.3357,3.56001,37.7135,0.84672,12.849,0.84672,3695.15,0,36.966,0.304099,0.648069,1.85816,3.51301,0.959557,4.75558,0.42336,36.966,0.42336,423.524,0,1.02816,0,0,1.67623,0.648069,1.028160,1,0,42.6638,0,0,0,42.6638,0
64.5082,1.99018,0,0,8.77073,0.25521,0.36288,3.6288,61.308,0.535451,0,0,3.65635,0.202426,2.91848,0.66528,12.849,1,0.438281,0.36288,0,187.235,3.97582,183.184,0.84672,12.849,0.84672,3695.15,0,36.966,0.322853,2.69184,1.85843,9.57318,0.990147,12.8104,0.42336,36.966,0.42336,423.524,0,1.02816,0,0,3.72,2.69184,1.028160,1,0,198.913,0,0,0,198.913,0
68.4745,2.02545,0,0,6.59005,0.235448,0.36288,3.6288,61.308,0.535605,0,0,1.29388,0.214838,0.54344,0.66528,12.849,1,0.403437,0.36288,0,142.993,3.91839,139.034,0.84672,12.849,0.84672,3695.15,0,36.966,0.322946,4.80587,1.91258,6.91798,0.863231,12.4502,0.42336,36.966,0.42336,423.524,0,1.02816,0,0,5.83403,4.80587,1.028160,1,0,152.028,0,0,0,152.028,0
70.1544,2.04548,0,0,4.34812,0.259924,0.36288,3.6288,61.308,0.535759,0,0,0.949648,0.248296,0.165594,0.66528,12.849,1,0.383828,0.36288,0,103.274,4.4453,98.8077,0.84672,12.849,0.84672,3695.15,0,36.966,0.323039,4.46512,1.91285,5.57709,0.986813,10.6452,0.42336,36.966,0.42336,423.524,0,1.02816,0,0,5.49328,4.46512,1.028160,1,0,109.618,0,0,0,109.618,0
72.192,2.05361,0,0,4.72841,0.274254,0.36288,3.6288,61.308,0.535913,0,0,0.954426,0.258962,0.159552,0.66528,12.849,1,0.376126,0.36288,0,106.469,4.67386,101.782,0.84672,12.849,0.84672,3695.15,0,36.966,0.323131,4.55407,1.91312,5.50581,1.05811,10.5917,0.42336,36.966,0.42336,423.524,0,1.02816,0,0,5.58223,4.55407,1.028160,1,0,112.533,0,0,0,112.533,0
72.29,2.28924,0,0,5.06351,0.285648,2.39063,3.6288,61.308,0.652332,0,0,1.1366,0.252487,0.231782,0.66528,12.849,1,0.407448,2.39063,0,110.929,4.56696,108.345,0.84672,12.849,0.84672,3695.15,0,36.966,0.393327,4.39964,1.91339,7.08725,1.05564,11.9513,0.42336,36.966,0.42336,423.524,0,1.02816,0,0,5.4278,4.39964,1.028160,1,0,120.528,0,0,0,120.528,0
72.29,2.29011,0,0,7.74006,0.328402,5.12155,3.6288,61.308,0.652503,0,0,2.21981,0.21364,1.35367,0.66528,12.849,1,0.407049,5.12155,0,200.629,3.92553,201.418,0.84672,12.849,0.84672,3695.15,0,36.966,0.393431,4.24265,2.10759,13.407,1.04078,18.3231,0.42336,36.966,0.42336,423.524,0,1.02816,0,0,5.27081,4.24265,1.028160,1,0,221.094,0,0,0,221.094,0
72.29,2.2905,0,0,7.51473,0.328402,4.89582,3.6288,61.308,0.652675,0,0,2.23026,0.21364,1.36395,0.66528,12.849,1,0.40712,4.89582,0,214.208,3.92553,214.771,0.84672,12.849,0.84672,3695.15,0,36.966,0.393534,4.47892,2.10789,14.1604,1.04078,19.3129,0.42336,36.966,0.42336,423.524,0,1.02816,0,0,5.50708,4.47892,1.028160,1,0,235.448,0,0,0,235.448,0
72.29,2.2909,0,0,7.05577,0.333692,4.43118,3.6288,61.308,0.652847,0,0,1.96787,0.182998,1.13203,0.66528,12.849,1,0.40719,4.43118,0,178.924,3.39622,179.552,0.84672,12.849,0.84672,3695.15,0,36.966,0.393638,4.00427,2.10819,13.1506,0.889008,17.9804,0.42336,36.966,0.42336,423.524,0,1.02816,0,0,5.03243,4.00427,1.028160,1,0,198.664,0,0,0,198.664,0
72.29,1.96831,0,0,5.48152,0.332889,3.18032,3.6288,61.308,0.496893,0,0,1.12574,0.174781,0.454066,0.66528,12.849,1,0.349853,3.18032,0,117.578,3.26607,117.143,0.84672,12.849,0.84672,3695.15,0,36.966,0.299604,2.36949,2.10849,7.98872,0.876533,11.2906,0.42336,36.966,0.42336,423.524,0,1.02816,0,0,3.39765,2.36949,1.028160,1,0,128.887,0,0,0,128.887,0
72.29,1.96866,0,0,6.19588,0.328068,3.89916,3.6288,61.308,0.49704,0,0,1.73515,0.12548,1.11263,0.66528,12.849,1,0.349914,3.89916,0,122.21,2.48514,123.274,0.84672,12.849,0.84672,3695.15,0,36.966,0.299693,2.3686,1.84415,10.1959,0.801683,13.3073,0.42336,36.966,0.42336,423.524,0,1.02816,0,0,3.39676,2.3686,1.028160,1,0,137.694,0,0,0,137.694,0
72.29,1.969,0,0,8.81876,0.328068,6.52169,3.6288,61.308,0.497188,0,0,2.67978,0.12548,2.05711,0.66528,12.849,1,0.349976,6.52169,0,184.199,2.48514,187.885,0.84672,12.849,0.84672,3695.15,0,36.966,0.299782,4.62259,1.84441,17.9643,0.801683,23.3298,0.42336,36.966,0.42336,423.524,0,1.02816,0,0,5.65075,4.62259,1.028160,1,0,213.272,0,0,0,213.272,0
72.29,1.96935,0,0,7.8376,0.3312,5.53705,3.6288,61.308,0.497336,0,0,2.75693,0.163726,2.09587,0.66528,12.849,1,0.350037,5.53705,0,172.133,3.56791,173.752,0.84672,12.849,0.84672,3695.15,0,36.966,0.299871,5.03279,1.84467,18.543,0.96843,24.1522,0.42336,36.966,0.42336,423.524,0,1.02816,0,0,6.06095,5.03279,1.028160,1,0,200,0,0,0,200,0
72.29,1.9697,0,0,6.05248,0.332453,3.75033,3.6288,61.308,0.497483,0,0,1.77013,0.179024,1.09362,0.66528,12.849,1,0.350099,3.75033,0,148.062,4.00103,147.461,0.84672,12.849,0.84672,3695.15,0,36.966,0.29996,2.69696,1.84493,10.4134,1.03513,13.6202,0.42336,36.966,0.42336,423.524,0,1.02816,0,0,3.72512,2.69696,1.028160,1,0,162.175,0,0,0,162.175,0
72.29,2.05141,0,0,8.42106,0.335234,6.03442,3.6288,61.308,0.535855,0,0,3.81781,0.161479,3.12047,0.66528,12.849,1,0.364622,6.03442,0,147.095,3.45675,149.308,0.84672,12.849,0.84672,3695.15,0,36.966,0.323097,4.71238,1.84519,17.9052,1.02246,23.1172,0.42336,36.966,0.42336,423.524,0,1.02816,0,0,5.74054,4.71238,1.028160,1,0,175.546,0,0,0,175.546,0
72.29,2.05176,0,0,8.09559,0.336346,5.70748,3.6288,61.308,0.536009,0,0,3.11809,0.154461,2.42762,0.66528,12.849,1,0.364686,5.70748,0,170.298,3.23904,172.402,0.84672,12.849,0.84672,3695.15,0,36.966,0.32319,4.97243,1.91075,18.4594,1.01739,24.002,0.42336,36.966,0.42336,423.524,0,1.02816,0,0,6.00059,4.97243,1.028160,1,0,198.831,0,0,0,198.831,0
72.29,2.05212,0,0,5.90495,0.330564,3.52226,3.6288,61.308,0.536163,0,0,2.16916,0.138661,1.49433,0.66528,12.849,1,0.36475,3.52226,0,152.423,2.80737,152.774,0.84672,12.849,0.84672,3695.15,0,36.966,0.323282,3.42703,1.91102,12.1593,0.956999,16.2171,0.42336,36.966,0.42336,423.524,0,1.02816,0,0,4.45519,3.42703,1.028160,1,0,170.485,0,0,0,170.485,0
72.29,2.05248,0,0,5.26473,0.279538,2.93271,3.6288,61.308,0.536317,0,0,1.74372,0.13863,1.06877,0.66528,12.849,1,0.364813,2.93271,0,119.407,2.23783,119.737,0.84672,12.849,0.84672,3695.15,0,36.966,0.323375,2.94176,1.91129,10.284,0.948604,13.8651,0.42336,36.966,0.42336,423.524,0,1.02816,0,0,3.96992,2.94176,1.028160,1,0,134.671,0,0,0,134.671,0
72.29,2.02101,0,0,4.62707,0.264945,2.34112,3.6288,61.308,0.521615,0,0,2.14733,0.171117,1.4546,0.66528,12.849,1,0.359219,2.34112,0,100.121,2.81325,99.2898,0.84672,12.849,0.84672,3695.15,0,36.966,0.314511,3.63431,1.91156,9.14967,1.06049,13.3205,0.42336,36.966,0.42336,423.524,0,1.02816,0,0,4.66247,3.63431,1.028160,1,0,114.065,0,0,0,114.065,0
72.29,2.02136,0,0,4.03078,0.282057,1.72736,3.6288,61.308,0.521767,0,0,1.34251,0.174964,0.645778,0.66528,12.849,1,0.359282,1.72736,0,81.0173,3.07083,79.3145,0.84672,12.849,0.84672,3695.15,0,36.966,0.314602,1.90184,1.8864,6.94984,1.06711,9.35637,0.42336,36.966,0.42336,423.524,0,1.02816,0,0,2.93,1.90184,1.028160,1,0,89.3167,0,0,0,89.3167,0
72.29,2.02172,0,0,3.52666,0.282057,1.22288,3.6288,61.308,0.521918,0,0,1.30489,0.174964,0.608008,0.66528,12.849,1,0.359345,1.22288,0,75.3244,3.07083,73.1171,0.84672,12.849,0.84672,3695.15,0,36.966,0.314694,1.74199,1.88667,6.0538,1.06711,8.30065,0.42336,36.966,0.42336,423.524,0,1.02816,0,0,2.77015,1.74199,1.028160,1,0,82.0258,0,0,0,82.0258,0
72.29,2.02207,0,0,4.22734,0.282057,1.92321,3.6288,61.308,0.52207,0,0,1.38086,0.174964,0.683828,0.66528,12.849,1,0.359408,1.92321,0,80.3364,3.07083,78.8294,0.84672,12.849,0.84672,3695.15,0,36.966,0.314785,1.85979,1.88693,7.52583,1.06711,9.89066,0.42336,36.966,0.42336,423.524,0,1.02816,0,0,2.88795,1.85979,1.028160,1,0,89.4039,0,0,0,89.4039,0
72.29,2.13055,0,0,3.57012,0.267759,1.17181,3.6288,61.308,0.574934,0,0,1.2672,0.169799,0.522469,0.66528,12.849,1,0.378688,1.17181,0,73.4547,2.82018,71.4276,0.84672,12.849,0.84672,3695.15,0,36.966,0.34666,1.72824,1.8872,7.10571,1.04025,9.33424,0.42336,36.966,0.42336,423.524,0,1.02816,0,0,2.7564,1.72824,1.028160,1,0,81.2843,0,0,0,81.2843,0
72.29,2.13092,0,0,3.41764,0.219658,1.06706,3.6288,61.308,0.575094,0,0,1.53185,0.154606,0.802146,0.66528,12.849,1,0.378754,1.06706,0,69.2574,3.50616,66.4395,0.84672,12.849,0.84672,3695.15,0,36.966,0.346756,2.56668,1.97661,7.18718,0.937561,10.4462,0.42336,36.966,0.42336,423.524,0,1.02816,0,0,3.59484,2.56668,1.028160,1,0,77.6878,0,0,0,77.6878,0
72.29,2.13129,0,0,3.24026,0.219658,0.889313,3.6288,61.308,0.575254,0,0,1.28299,0.154606,0.553128,0.66528,12.849,1,0.37882,0.889313,0,63.5316,3.50616,60.536,0.84672,12.849,0.84672,3695.15,0,36.966,0.346853,2.03056,1.97689,6.66896,0.937561,9.39199,0.42336,36.966,0.42336,423.524,0,1.02816,0,0,3.05872,2.03056,1.028160,1,0,70.4811,0,0,0,70.4811,0
72.29,2.13166,0,0,3.02372,0.219658,0.672406,3.6288,61.308,0.575414,0,0,1.233,0.154606,0.502977,0.66528,12.849,1,0.378886,0.672406,0,57.1347,3.50616,53.922,0.84672,12.849,0.84672,3695.15,0,36.966,0.346949,1.61414,1.97717,5.79699,0.937561,8.10379,0.42336,36.966,0.42336,423.524,0,1.02816,0,0,2.6423,1.61414,1.028160,1,0,62.5288,0,0,0,62.5288,0
72.29,2.13203,0,0,2.84571,0.145985,0.567698,3.6288,61.308,0.575574,0,0,1.16243,0.259573,0.327279,0.66528,12.849,1,0.378952,0.567698,0,55.2261,4.93227,50.4826,0.84672,12.849,0.84672,3695.15,0,36.966,0.347046,1.38472,1.97745,5.2206,1.31944,6.91628,0.42336,36.966,0.42336,423.524,0,1.02816,0,0,2.41288,1.38472,1.028160,1,0,57.7261,0,0,0,57.7261,0
72.29,2.111,0,0,3.24129,0.133356,0.996927,3.6288,61.308,0.604728,0,0,1.0071,0.200194,0.202182,0.66528,12.849,1,0.375215,0.996927,0,53.7109,4.42759,49.905,0.84672,12.849,0.84672,3695.15,0,36.966,0.364624,1.84763,1.97773,4.53108,1.15548,6.83633,0.42336,36.966,0.42336,423.524,0,1.02816,0,0,2.87579,1.84763,1.028160,1,0,56.9435,0,0,0,56.9435,0
72.29,2.11137,0,0,3.23357,0.128305,0.993895,3.6288,61.308,0.604893,0,0,0.890706,0.176442,0.109371,0.66528,12.849,1,0.37528,0.993895,0,52.5469,4.22573,48.9398,0.84672,12.849,0.84672,3695.15,0,36.966,0.364723,1.60171,2.0092,4.06611,1.0899,6.22239,0.42336,36.966,0.42336,423.524,0,1.02816,0,0,2.62987,1.60171,1.028160,1,0,55.2716,0,0,0,55.2716,0
72.29,2.11174,0,0,2.97335,0.114024,0.747588,3.6288,61.308,0.605057,0,0,0.850392,0.209349,0.0359852,0.66528,12.849,1,0.375346,0.747588,0,46.5845,4.64917,42.3075,0.84672,12.849,0.84672,3695.15,0,36.966,0.364823,1.58861,2.00948,3.91248,1.24447,5.90127,0.42336,36.966,0.42336,423.524,0,1.02816,0,0,2.61677,1.58861,1.028160,1,0,48.2448,0,0,0,48.2448,0
72.29,2.11211,0,0,2.79444,0.0949828,0.587343,3.6288,61.2429,0.605222,0,0,0.793316,0.253226,0,0.66528,12.849,1,0.375411,0.587343,0,41.3543,5.21378,36.3525,0.84672,12.849,0.84672,3695.15,0,36.966,0.364922,1.54011,2.00977,3.76649,1.45056,5.50088,0.42336,36.966,0.42336,423.524,0,1.02816,0,0,2.56827,1.54011,1.028160,1,0,41.8534,0,0,0,41.8534,0
72.29,2.16777,0,0,2.6618,0.093863,0.400168,3.6288,61.1,0.63099,0,0,0.74984,0.261671,0,0.66528,12.849,1,0.385305,0.400168,0,41.5083,5.42201,36.1011,0.84672,12.849,0.84672,3695.15,0,36.966,0.380864,1.53751,2.01005,3.69612,1.45815,5.40466,0.42336,36.966,0.42336,423.524,0,1.02816,0,0,2.56567,1.53751,1.028160,1,0,41.5058,0,0,0,41.5058,0
72.29,2.16815,0,0,2.91832,0.0910636,0.659112,3.6288,60.9467,0.630604,0,0,0.76,0.282788,0,0.66528,12.849,1,0.385372,0.659112,0,41.6693,5.94258,36.0005,0.84672,12.849,0.84672,3695.15,0,36.966,0.38152,1.74837,2.05456,4.0527,1.47713,5.99698,0.42336,36.966,0.42336,423.524,0,1.02816,0,0,2.77653,1.74837,1.028160,1,0,41.9975,0,0,0,41.9975,0
72.29,2.16853,0,0,2.66969,0.0910636,0.410102,3.6288,60.7483,0.630175,0,0,0.714312,0.282514,0,0.66528,12.849,1,0.385439,0.410102,0,39.1786,5.94258,33.2607,0.84672,12.849,0.84672,3695.15,0,36.966,0.38222,1.69623,2.05485,4.12507,1.47713,6.0168,0.42336,36.966,0.42336,423.524,0,1.02816,0,0,2.72439,1.69623,1.028160,1,0,39.2775,0,0,0,39.2775,0
72.0844,2.1689,0,0,2.41725,0.0910636,0.36288,3.6288,60.519,0.629567,0,0,0.682465,0.282158,0,0.66528,12.849,1,0.385506,0.36288,0,36.8987,5.94258,30.9335,0.84672,12.849,0.84672,3695.15,0,36.966,0.383098,1.4185,2.05515,3.83543,1.47713,5.44884,0.42336,36.966,0.42336,423.524,0,1.02816,0,0,2.44666,1.4185,1.028160,1,0,36.3823,0,0,0,36.3823,0
71.4289,2.3303,0,0,2.11397,0.0762416,0.36288,3.6288,60.2419,0.66528,0,0,0.677627,0.289479,0,0.66528,12.849,1,0.415375,0.36288,0,35.1354,6.1669,28.916,0.84672,12.849,0.84672,3695.15,0,36.966,0.49735,1.37943,2.05544,3.87647,1.52195,5.29203,0.42336,36.966,0.42336,423.524,0,1.02816,0,0,2.40759,1.37943,1.028160,1,0,34.2081,0,0,0,34.2081,0
71.1151,2.32747,0,0,2.46345,0.0868997,0.36288,3.6288,59.9572,0.66528,0,0,0.672754,0.292134,0,0.66528,12.849,1,0.418678,0.36288,0,34.9256,6.04343,28.8264,0.84672,12.849,0.84672,3695.15,0,36.966,0.497644,1.43109,2.20714,3.90541,1.42201,5.62399,0.42336,36.966,0.42336,423.524,0,1.02816,0,0,2.45925,1.43109,1.028160,1,0,34.4504,0,0,0,34.4504,0
71.2143,2.32631,0,0,2.86974,0.0814122,0.36288,3.6288,59.8048,0.66528,0,0,0.810112,0.297225,0,0.66528,12.849,1,0.420315,0.36288,0,42.3248,6.12707,36.1403,0.84672,12.849,0.84672,3695.15,0,36.966,0.497938,2.01014,2.20746,4.02447,1.44749,6.29664,0.42336,36.966,0.42336,423.524,0,1.02816,0,0,3.0383,2.01014,1.028160,1,0,42.4369,0,0,0,42.4369,0
70.7181,2.32721,0,0,2.27539,0.0814739,0.36288,3.6288,59.4507,0.66528,0,0,0.608053,0.296937,0,0.66528,12.849,1,0.419892,0.36288,0,46.4745,6.12707,40.2904,0.84672,12.849,0.84672,3695.15,0,36.966,0.498231,1.25377,2.20778,3.23135,1.44749,4.74717,0.42336,36.966,0.42336,423.524,0,1.02816,0,0,2.28193,1.25377,1.028160,1,0,45.0376,0,0,0,45.0376,0
70.7146,2.32512,0,0,2.76563,0.0811647,0.36288,3.6288,59.4667,0.66528,0,0,0.977573,0.296265,0,0.66528,12.849,1,0.422458,0.36288,0,40.5114,6.12707,34.3248,0.84672,12.849,0.84672,3695.15,0,36.966,0.498525,2.75509,2.20809,4.65599,1.44749,7.67316,0.42336,36.966,0.42336,423.524,0,1.02816,0,0,3.78325,2.75509,1.028160,1,0,41.9979,0,0,0,41.9979,0
69.996,2.24674,0,0,2.00772,0.116631,0.36288,3.6288,59.6055,0.661787,0,0,1.09023,0.289689,0,0.66528,12.849,1,0.408238,0.36288,0,53.118,5.57122,47.5014,0.84672,12.849,0.84672,3695.15,0,36.966,0.411383,3.3279,2.20841,4.74761,1.31493,8.55761,0.42336,36.966,0.42336,423.524,0,1.02816,0,0,4.35606,3.3279,1.028160,1,0,56.0591,0,0,0,56.0591,0
68.9226,2.24359,0,0,1.67547,0.142442,0.36288,3.6288,59.6978,0.66255,0,0,1.03989,0.284987,0,0.66528,12.849,1,0.41185,0.36288,0,72.5743,5.15434,67.371,0.84672,12.849,0.84672,3695.15,0,36.966,0.410899,3.90746,2.12103,4.21953,1.21551,8.62161,0.42336,36.966,0.42336,423.524,0,1.02816,0,0,4.93562,3.90746,1.028160,1,0,75.9926,0,0,0,75.9926,0
67.5605,2.23857,0,0,1.41223,0.172873,0.36288,3.6288,59.6577,0.663116,0,0,0.887293,0.26424,0,0.66528,12.849,1,0.417328,0.36288,0,50.7603,4.81832,45.8875,0.84672,12.849,0.84672,3695.15,0,36.966,0.410614,3.29454,2.12133,5.50143,1.12833,9.37837,0.42336,36.966,0.42336,423.524,0,1.02816,0,0,4.3227,3.29454,1.028160,1,0,55.2659,0,0,0,55.2659,0
66.8747,2.23189,0,0,2.04229,0.133326,0.36288,3.6288,59.8037,0.663119,0,0,1.09479,0.285671,0,0.66528,12.849,1,0.424471,0.36288,0,51.1063,5.33121,45.7135,0.84672,12.849,0.84672,3695.15,0,36.966,0.410891,4.28163,2.12164,7.77407,1.06442,12.702,0.42336,36.966,0.42336,423.524,0,1.02816,0,0,5.30979,4.28163,1.028160,1,0,58.4155,0,0,0,58.4155,0
72.1026,2.1645,0,0,7.93247,0.177229,0.36288,3.6288,60.948,0.612729,0,0,1.99662,0.239671,0,0.66528,12.849,1,0.415877,0.36288,0,120.513,4.788,115.672,0.84672,12.849,0.84672,3695.15,0,36.966,0.378741,7.27683,2.12194,14.4804,0.912778,22.5876,0.42336,36.966,0.42336,423.524,0,1.02816,0,0,8.30499,7.27683,1.028160,1,0,138.26,0,0,0,138.26,0
72.29,2.19047,0,0,4.74563,0.265949,2.10178,3.6288,61.308,0.617321,0,0,2.1374,0.238226,0.921813,0.66528,12.849,1,0.390352,2.10178,0,96.7879,4.00365,94.4957,0.84672,12.849,0.84672,3695.15,0,36.966,0.374416,3.08629,2.04393,7.08826,1.04007,10.804,0.42336,36.966,0.42336,423.524,0,1.02816,0,0,4.11445,3.08629,1.028160,1,0,106.221,0,0,0,106.221,0
72.29,2.19171,0,0,4.69705,0.266328,2.23901,3.6288,61.308,0.618859,0,0,1.61366,0.23877,0.756029,0.66528,12.849,1,0.38956,2.23901,0,80.4496,4.00365,78.2954,0.84672,12.849,0.84672,3695.15,0,36.966,0.373145,5.39256,2.04422,8.33691,1.04007,14.3605,0.42336,36.966,0.42336,423.524,0,1.02816,0,0,6.42072,5.39256,1.028160,1,0,93.4119,0,0,0,93.4119,0
72.29,2.19209,0,0,5.8711,0.266328,3.41268,3.6288,61.308,0.619026,0,0,1.86964,0.23877,1.01185,0.66528,12.849,1,0.389628,3.41268,0,123.198,4.00365,122.217,0.84672,12.849,0.84672,3695.15,0,36.966,0.373245,3.50899,2.04451,11.935,1.04007,16.0751,0.42336,36.966,0.42336,423.524,0,1.02816,0,0,4.53715,3.50899,1.028160,1,0,139.304,0,0,0,139.304,0
72.29,2.00802,0,0,7.22689,0.257571,4.96131,3.6288,61.308,0.511518,0,0,2.11993,0.279408,1.329,0.66528,12.849,1,0.35691,4.96131,0,136.715,4.52463,136.795,0.84672,12.849,0.84672,3695.15,0,36.966,0.308423,1.88385,2.0448,10.3889,1.0699,12.9392,0.42336,36.966,0.42336,423.524,0,1.02816,0,0,2.91201,1.88385,1.028160,1,0,151.063,0,0,0,151.063,0
72.29,2.00837,0,0,7.53261,0.279662,5.24458,3.6288,61.308,0.511669,0,0,3.1785,0.231126,2.43571,0.66528,12.849,1,0.356972,5.24458,0,91.489,4.46528,91.9113,0.84672,12.849,0.84672,3695.15,0,36.966,0.308513,4.22121,1.87103,16.4192,1.01858,21.1843,0.42336,36.966,0.42336,423.524,0,1.02816,0,0,5.24937,4.22121,1.028160,1,0,115.531,0,0,0,115.531,0
72.29,2.00872,0,0,7.65383,0.284439,5.36067,3.6288,61.308,0.511819,0,0,3.43771,0.217999,2.70789,0.66528,12.849,1,0.357035,5.36067,0,92.683,4.39026,93.2964,0.84672,12.849,0.84672,3695.15,0,36.966,0.308604,4.67486,1.87129,21.4573,1.0063,26.6885,0.42336,36.966,0.42336,423.524,0,1.02816,0,0,5.70302,4.67486,1.028160,1,0,122.693,0,0,0,122.693,0
72.29,2.00907,0,0,7.36465,0.286359,5.06922,3.6288,61.308,0.511969,0,0,3.05708,0.210434,2.33468,0.66528,12.849,1,0.357098,5.06922,0,178.509,4.30776,178.914,0.84672,12.849,0.84672,3695.15,0,36.966,0.308694,3.99347,1.87156,13.4793,0.983933,18.0517,0.42336,36.966,0.42336,423.524,0,1.02816,0,0,5.02163,3.99347,1.028160,1,0,199.3,0,0,0,199.3,0
72.29,2.00943,0,0,6.63779,0.288308,4.34006,3.6288,61.308,0.512119,0,0,2.62259,0.179013,1.93145,0.66528,12.849,1,0.35716,4.34006,0,144.755,3.87936,144.859,0.84672,12.849,0.84672,3695.15,0,36.966,0.308785,3.01625,1.87182,10.8465,0.939335,14.4864,0.42336,36.966,0.42336,423.524,0,1.02816,0,0,4.04441,3.01625,1.028160,1,0,161.277,0,0,0,161.277,0
72.29,2.08078,0,0,7.46747,0.292473,5.09421,3.6288,61.308,0.54347,0,0,2.98724,0.184841,2.25893,0.66528,12.849,1,0.369843,5.09421,0,145.485,3.92819,146.281,0.84672,12.849,0.84672,3695.15,0,36.966,0.327688,4.32693,1.87209,14.6692,1.02643,19.5141,0.42336,36.966,0.42336,423.524,0,1.02816,0,0,5.35509,4.32693,1.028160,1,0,168.054,0,0,0,168.054,0
72.29,2.08113,0,0,7.63197,0.307602,5.24324,3.6288,61.308,0.543619,0,0,1.47288,0.178644,0.750615,0.66528,12.849,1,0.369905,5.24324,0,129.714,3.92669,130.661,0.84672,12.849,0.84672,3695.15,0,36.966,0.327778,3.34578,1.92666,12.6399,1.05295,16.5316,0.42336,36.966,0.42336,423.524,0,1.02816,0,0,4.37394,3.34578,1.028160,1,0,147.943,0,0,0,147.943,0
72.29,2.08148,0,0,6.77569,0.307602,4.38661,3.6288,61.308,0.543768,0,0,1.21455,0.178644,0.492139,0.66528,12.849,1,0.369967,4.38661,0,110.887,3.92669,110.977,0.84672,12.849,0.84672,3695.15,0,36.966,0.327868,2.85786,1.92692,11.5019,1.05295,14.9059,0.42336,36.966,0.42336,423.524,0,1.02816,0,0,3.88602,2.85786,1.028160,1,0,126.375,0,0,0,126.375,0
72.29,2.08183,0,0,5.63503,0.265027,3.28817,3.6288,61.308,0.543917,0,0,1.01193,0.190577,0.277441,0.66528,12.849,1,0.370029,3.28817,0,79.2392,4.37283,77.7845,0.84672,12.849,0.84672,3695.15,0,36.966,0.327958,2.37411,1.92718,9.47022,1.16769,12.2759,0.42336,36.966,0.42336,423.524,0,1.02816,0,0,3.40227,2.37411,1.028160,1,0,90.3378,0,0,0,90.3378,0
72.29,2.31031,0,0,5.13642,0.265027,2.56108,3.6288,61.308,0.661272,0,0,1.18954,0.190577,0.33769,0.66528,12.849,1,0.41064,2.56108,0,80.1697,4.37283,77.9473,0.84672,12.849,0.84672,3695.15,0,36.966,0.398717,2.11651,1.92744,9.51031,1.16769,11.9879,0.42336,36.966,0.42336,423.524,0,1.02816,0,0,3.14467,2.11651,1.028160,1,0,90.2728,0,0,0,90.2728,0
72.29,2.31069,0,0,5.28181,0.361416,2.6097,3.6288,61.308,0.661438,0,0,1.77777,0.125764,0.990565,0.66528,12.849,1,0.410708,2.6097,0,118.14,3.4944,116.844,0.84672,12.849,0.84672,3695.15,0,36.966,0.398818,3.74789,2.12321,11.0989,0.851785,15.7194,0.42336,36.966,0.42336,423.524,0,1.02816,0,0,4.77605,3.74789,1.028160,1,0,133.554,0,0,0,133.554,0
72.29,2.31108,0,0,5.67304,0.361416,3.00055,3.6288,61.308,0.661604,0,0,1.47317,0.125764,0.685804,0.66528,12.849,1,0.410777,3.00055,0,91.921,3.4944,91.0163,0.84672,12.849,0.84672,3695.15,0,36.966,0.398918,2.60379,2.1235,10.7997,0.851785,14.2762,0.42336,36.966,0.42336,423.524,0,1.02816,0,0,3.63195,2.60379,1.028160,1,0,105.978,0,0,0,105.978,0
72.29,2.31146,0,0,4.63886,0.361416,1.96598,3.6288,61.308,0.661771,0,0,1.60827,0.125764,0.820732,0.66528,12.849,1,0.410845,1.96598,0,102.721,3.4944,100.782,0.84672,12.849,0.84672,3695.15,0,36.966,0.399018,3.04422,2.12379,10.5478,0.851785,14.465,0.42336,36.966,0.42336,423.524,0,1.02816,0,0,4.07238,3.04422,1.028160,1,0,116.067,0,0,0,116.067,0
72.29,1.98626,0,0,9.15675,0.343235,6.82726,3.6288,61.308,0.504552,0,0,2.85896,0.164493,2.18991,0.66528,12.849,1,0.353042,6.82726,0,130.913,4.41168,132.976,0.84672,12.849,0.84672,3695.15,0,36.966,0.304222,6.82182,2.12408,15.3524,1.13876,22.8553,0.42336,36.966,0.42336,423.524,0,1.02816,0,0,7.84998,6.82182,1.028160,1,0,158.021,0,0,0,158.021,0
72.29,1.98659,0,0,6.58222,0.337945,4.25768,3.6288,61.308,0.504695,0,0,2.18119,0.134419,1.54208,0.66528,12.849,1,0.353102,4.25768,0,101.82,3.58229,102.142,0.84672,12.849,0.84672,3695.15,0,36.966,0.304308,6.6551,1.8576,13.9696,0.920281,21.2577,0.42336,36.966,0.42336,423.524,0,1.02816,0,0,7.68326,6.6551,1.028160,1,0,124.942,0,0,0,124.942,0
72.29,1.98693,0,0,5.35283,0.337945,3.02796,3.6288,61.308,0.504838,0,0,1.45825,0.134419,0.818994,0.66528,12.849,1,0.353161,3.02796,0,90.9827,3.58229,90.0752,0.84672,12.849,0.84672,3695.15,0,36.966,0.304395,3.86913,1.85785,9.7797,0.920281,14.282,0.42336,36.966,0.42336,423.524,0,1.02816,0,0,4.89729,3.86913,1.028160,1,0,105.176,0,0,0,105.176,0
72.29,1.98726,0,0,3.75564,0.337945,1.43044,3.6288,61.308,0.504981,0,0,1.10492,0.134419,0.465518,0.66528,12.849,1,0.353221,1.43044,0,88.5902,3.58229,86.0852,0.84672,12.849,0.84672,3695.15,0,36.966,0.304481,3.20985,1.8581,8.83224,0.920281,12.6754,0.42336,36.966,0.42336,423.524,0,1.02816,0,0,4.23801,3.20985,1.028160,1,0,99.2261,0,0,0,99.2261,0
72.29,1.9876,0,0,3.83335,0.281304,1.56445,3.6288,61.308,0.505124,0,0,0.839834,0.104338,0.230372,0.66528,12.849,1,0.353281,1.56445,0,77.0826,3.14631,75.1475,0.84672,12.849,0.84672,3695.15,0,36.966,0.304567,2.46269,1.85835,8.04686,0.857653,11.2057,0.42336,36.966,0.42336,423.524,0,1.02816,0,0,3.49085,2.46269,1.028160,1,0,86.5835,0,0,0,86.5835,0
72.29,2.06995,0,0,5.69724,0.281249,3.34604,3.6288,61.308,0.543798,0,0,1.92269,0.135787,1.24311,0.66528,12.849,1,0.367918,3.34604,0,89.1276,3.13698,88.9688,0.84672,12.849,0.84672,3695.15,0,36.966,0.327886,4.91058,1.8586,10.8732,0.83667,16.4778,0.42336,36.966,0.42336,423.524,0,1.02816,0,0,5.93874,4.91058,1.028160,1,0,106.69,0,0,0,106.69,0
72.29,2.0703,0,0,6.08473,0.2982,3.71623,3.6288,61.308,0.543947,0,0,2.13818,0.168398,1.42583,0.66528,12.849,1,0.36798,3.71623,0,113.502,3.26077,113.589,0.84672,12.849,0.84672,3695.15,0,36.966,0.327976,5.46661,1.92468,14.0535,0.839721,20.2771,0.42336,36.966,0.42336,423.524,0,1.02816,0,0,6.49477,5.46661,1.028160,1,0,135.292,0,0,0,135.292,0
72.29,2.07065,0,0,6.42629,0.2982,4.05744,3.6288,61.308,0.544096,0,0,3.11334,0.168398,2.40084,0.66528,12.849,1,0.368042,4.05744,0,130.721,3.26077,131.149,0.84672,12.849,0.84672,3695.15,0,36.966,0.328066,7.16479,1.92494,16.7356,0.839721,24.6575,0.42336,36.966,0.42336,423.524,0,1.02816,0,0,8.19295,7.16479,1.028160,1,0,158.208,0,0,0,158.208,0
72.29,2.07099,0,0,5.48602,0.2982,3.11683,3.6288,61.308,0.544245,0,0,2.48494,0.168398,1.7723,0.66528,12.849,1,0.368103,3.11683,0,101.596,3.26077,101.084,0.84672,12.849,0.84672,3695.15,0,36.966,0.328155,5.72956,1.9252,12.1131,0.839721,18.6,0.42336,36.966,0.42336,423.524,0,1.02816,0,0,6.75772,5.72956,1.028160,1,0,121.456,0,0,0,121.456,0
72.29,2.03925,0,0,4.62676,0.250314,2.3372,3.6288,61.308,0.52942,0,0,1.84608,0.18049,1.13617,0.66528,12.849,1,0.362462,2.3372,0,87.95,3.73989,86.1849,0.84672,12.849,0.84672,3695.15,0,36.966,0.319217,4.40124,1.92546,10.4079,0.913554,15.5018,0.42336,36.966,0.42336,423.524,0,1.02816,0,0,5.4294,4.40124,1.028160,1,0,102.823,0,0,0,102.823,0
72.29,2.0396,0,0,4.39955,0.209816,2.15013,3.6288,61.308,0.529566,0,0,1.71073,0.219462,0.961701,0.66528,12.849,1,0.362523,2.15013,0,79.7835,4.41871,77.1524,0.84672,12.849,0.84672,3695.15,0,36.966,0.319305,4.56811,1.90009,10.3059,1.06439,15.3904,0.42336,36.966,0.42336,423.524,0,1.02816,0,0,5.59627,4.56811,1.028160,1,0,93.5045,0,0,0,93.5045,0
72.29,2.03994,0,0,3.83031,0.209816,1.58055,3.6288,61.308,0.529713,0,0,1.64323,0.219462,0.894058,0.66528,12.849,1,0.362584,1.58055,0,70.8644,4.41871,67.6637,0.84672,12.849,0.84672,3695.15,0,36.966,0.319394,3.95674,1.90035,9.64051,1.06439,14.1138,0.42336,36.966,0.42336,423.524,0,1.02816,0,0,4.9849,3.95674,1.028160,1,0,82.6716,0,0,0,82.6716,0
72.29,2.04028,0,0,3.43206,0.209816,1.18196,3.6288,61.308,0.52986,0,0,1.452,0.219462,0.702682,0.66528,12.849,1,0.362645,1.18196,0,60.8215,4.41871,57.2221,0.84672,12.849,0.84672,3695.15,0,36.966,0.319482,3.34353,1.90061,8.3986,1.06439,12.2589,0.42336,36.966,0.42336,423.524,0,1.02816,0,0,4.37169,3.34353,1.028160,1,0,70.1836,0,0,0,70.1836,0
72.29,2.14961,0,0,3.17341,0.188212,0.835592,3.6288,61.308,0.583141,0,0,1.35103,0.191017,0.57687,0.66528,12.849,1,0.382077,0.835592,0,57.7691,3.82891,54.3937,0.84672,12.849,0.84672,3695.15,0,36.966,0.351608,3.122,1.90087,7.57097,0.9148,11.3274,0.42336,36.966,0.42336,423.524,0,1.02816,0,0,4.15016,3.122,1.028160,1,0,66.298,0,0,0,66.298,0
72.29,2.14997,0,0,3.22829,0.186771,0.891554,3.6288,61.308,0.583295,0,0,1.44671,0.21947,0.643942,0.66528,12.849,1,0.38214,0.891554,0,56.1275,4.53755,52.0994,0.84672,12.849,0.84672,3695.15,0,36.966,0.351701,2.85258,1.99098,8.4208,1.03981,11.8729,0.42336,36.966,0.42336,423.524,0,1.02816,0,0,3.88074,2.85258,1.028160,1,0,64.6162,0,0,0,64.6162,0
72.29,2.15033,0,0,2.99978,0.163737,0.685718,3.6288,61.308,0.58345,0,0,1.15353,0.210516,0.359561,0.66528,12.849,1,0.382204,0.685718,0,51.7089,4.23939,47.7731,0.84672,12.849,0.84672,3695.15,0,36.966,0.351795,2.7447,1.99125,8.08764,1.06807,11.4037,0.42336,36.966,0.42336,423.524,0,1.02816,0,0,3.77286,2.7447,1.028160,1,0,59.5363,0,0,0,59.5363,0
72.29,2.15069,0,0,2.74029,0.133059,0.456543,3.6288,61.308,0.583605,0,0,1.14378,0.214164,0.346011,0.66528,12.849,1,0.382268,0.456543,0,46.2154,4.35309,41.9365,0.84672,12.849,0.84672,3695.15,0,36.966,0.351888,2.74377,1.99152,7.72537,1.03255,11.0762,0.42336,36.966,0.42336,423.524,0,1.02816,0,0,3.77193,2.74377,1.028160,1,0,53.3588,0,0,0,53.3588,0
72.29,2.15105,0,0,2.68593,0.133059,0.40182,3.6288,61.308,0.58376,0,0,1.23708,0.214164,0.439151,0.66528,12.849,1,0.382332,0.40182,0,44.2729,4.35309,39.9393,0.84672,12.849,0.84672,3695.15,0,36.966,0.351981,2.67256,1.99179,8.32429,1.03255,11.6041,0.42336,36.966,0.42336,423.524,0,1.02816,0,0,3.70072,2.67256,1.028160,1,0,51.9826,0,0,0,51.9826,0
72.29,2.12984,0,0,2.95509,0.107982,0.717268,3.6288,61.308,0.61314,0,0,1.17562,0.23553,0.326949,0.66528,12.849,1,0.378563,0.717268,0,40.4884,4.80543,36.0217,0.84672,12.849,0.84672,3695.15,0,36.966,0.369696,1.88417,1.99207,7.05724,1.16619,9.39758,0.42336,36.966,0.42336,423.524,0,1.02816,0,0,2.91233,1.88417,1.028160,1,0,45.7462,0,0,0,45.7462,0
72.29,2.13019,0,0,3.16256,0.0891743,0.943191,3.6288,61.308,0.613299,0,0,1.15883,0.251555,0.293978,0.66528,12.849,1,0.378626,0.943191,0,39.3943,5.14469,34.8142,0.84672,12.849,0.84672,3695.15,0,36.966,0.369792,1.35476,2.02377,6.92375,1.26643,8.66606,0.42336,36.966,0.42336,423.524,0,1.02816,0,0,2.38292,1.35476,1.028160,1,0,43.7743,0,0,0,43.7743,0
72.29,2.13055,0,0,2.90631,0.0891743,0.68658,3.6288,61.308,0.613458,0,0,1.12552,0.251555,0.260511,0.66528,12.849,1,0.378689,0.68658,0,38.7723,5.14469,33.9355,0.84672,12.849,0.84672,3695.15,0,36.966,0.369888,1.35575,2.02405,6.98172,1.26643,8.72521,0.42336,36.966,0.42336,423.524,0,1.02816,0,0,2.38391,1.35575,1.028160,1,0,42.9212,0,0,0,42.9212,0
72.29,2.13091,0,0,2.64545,0.0891743,0.425365,3.6288,61.308,0.613618,0,0,1.0527,0.251555,0.187525,0.66528,12.849,1,0.378753,0.425365,0,37.2212,5.14469,32.1231,0.84672,12.849,0.84672,3695.15,0,36.966,0.369984,1.03735,2.02432,6.55871,1.26643,7.98397,0.42336,36.966,0.42336,423.524,0,1.02816,0,0,2.06551,1.03735,1.028160,1,0,40.2946,0,0,0,40.2946,0
72.2111,2.187,0,0,2.54786,0.0768981,0.36288,3.6288,61.308,0.639839,0,0,0.990973,0.280612,0.0705225,0.66528,12.849,1,0.388722,0.36288,0,33.4814,5.47413,27.9814,0.84672,12.849,0.84672,3695.15,0,36.966,0.385794,1.07582,2.0246,6.30089,1.40679,7.60872,0.42336,36.966,0.42336,423.524,0,1.02816,0,0,2.10398,1.07582,1.028160,1,0,35.6607,0,0,0,35.6607,0
72.29,2.187,0,0,2.89719,0.0698354,0.561438,3.6288,61.2759,0.640002,0,0,0.909317,0.301392,0,0.66528,12.849,1,0.389148,0.561438,0,33.6542,5.4747,28.3518,0.84672,12.849,0.84672,3695.15,0,36.966,0.385893,1.24998,2.06945,6.24002,1.52767,7.64589,0.42336,36.966,0.42336,423.524,0,1.02816,0,0,2.27814,1.24998,1.028160,1,0,35.9977,0,0,0,35.9977,0
72.29,2.18773,0,0,2.64887,0.0698772,0.391264,3.6288,61.2129,0.640039,0,0,0.878386,0.301331,0,0.66528,12.849,1,0.388852,0.391264,0,31.6049,5.4747,26.1327,0.84672,12.849,0.84672,3695.15,0,36.966,0.386117,1.07085,2.06973,5.94531,1.52767,7.17211,0.42336,36.966,0.42336,423.524,0,1.02816,0,0,2.09901,1.07085,1.028160,1,0,33.3048,0,0,0,33.3048,0
71.9586,2.18809,0,0,2.27305,0.053476,0.36288,3.6288,61.1402,0.639955,0,0,0.874791,0.307569,0,0.66528,12.849,1,0.388917,0.36288,0,30.1469,5.734,24.3868,0.84672,12.849,0.84672,3695.15,0,36.966,0.386463,1.05031,2.07002,5.90765,1.54294,7.09857,0.42336,36.966,0.42336,423.524,0,1.02816,0,0,2.07847,1.05031,1.028160,1,0,31.4854,0,0,0,31.4854,0
71.1505,2.35013,0,0,1.96871,0.0637762,0.36288,3.6288,61.0043,0.66528,0,0,0.825543,0.29615,0,0.66528,12.849,1,0.419642,0.36288,0,27.9697,5.59713,22.3158,0.84672,12.849,0.84672,3695.15,0,36.966,0.512278,0.994023,2.0703,5.67956,1.42426,6.80734,0.42336,36.966,0.42336,423.524,0,1.02816,0,0,2.02218,0.994023,1.028160,1,0,29.1231,0,0,0,29.1231,0
70.4739,2.34648,0,0,2.08349,0.0508006,0.36288,3.6288,60.7938,0.66528,0,0,0.740949,0.286182,0,0.66528,12.849,1,0.423749,0.36288,0,27.3226,5.25633,22.0054,0.84672,12.849,0.84672,3695.15,0,36.966,0.512562,1.03647,2.22319,5.24751,1.4373,6.55731,0.42336,36.966,0.42336,423.524,0,1.02816,0,0,2.06463,1.03647,1.028160,1,0,28.5627,0,0,0,28.5627,0
69.7076,2.34343,0,0,1.98559,0.0455301,0.36288,3.6288,60.5157,0.66528,0,0,0.66909,0.28192,0,0.66528,12.849,1,0.427261,0.36288,0,26.48,5.12001,21.2957,0.84672,12.849,0.84672,3695.15,0,36.966,0.512847,1.01033,2.2235,5.04915,1.44252,6.32761,0.42336,36.966,0.42336,423.524,0,1.02816,0,0,2.03849,1.01033,1.028160,1,0,27.6233,0,0,0,27.6233,0
68.9867,2.33985,0,0,2.02707,0.0452617,0.36288,3.6288,60.2098,0.66528,0,0,0.640803,0.281422,0,0.66528,12.849,1,0.431298,0.36288,0,24.4304,5.12001,19.2419,0.84672,12.849,0.84672,3695.15,0,36.966,0.513131,0.927348,2.2238,5.17628,1.44252,6.37179,0.42336,36.966,0.42336,423.524,0,1.02816,0,0,1.95551,0.927348,1.028160,1,0,25.6137,0,0,0,25.6137,0
69.2583,2.33644,0,0,3.02085,0.049972,0.36288,3.6288,60.0234,0.66528,0,0,0.758644,0.27981,0,0.66528,12.849,1,0.43517,0.36288,0,31.4485,5.09032,26.2859,0.84672,12.849,0.84672,3695.15,0,36.966,0.513416,1.32771,2.22411,5.67301,1.43888,7.27253,0.42336,36.966,0.42336,423.524,0,1.02816,0,0,2.35587,1.32771,1.028160,1,0,33.5584,0,0,0,33.5584,0
69.6892,2.25914,0,0,3.10892,0.0559477,0.36288,3.6288,60.0208,0.66528,0,0,0.944827,0.282067,0,0.66528,12.849,1,0.419123,0.36288,0,38.2035,4.95132,33.1959,0.84672,12.849,0.84672,3695.15,0,36.966,0.422055,1.48624,2.22442,5.76539,1.34705,7.70695,0.42336,36.966,0.42336,423.524,0,1.02816,0,0,2.5144,1.48624,1.028160,1,0,40.9029,0,0,0,40.9029,0
68.9275,2.2617,0,0,1.88691,0.0240683,0.36288,3.6288,59.9222,0.66528,0,0,0.860674,0.294026,0,0.66528,12.849,1,0.417004,0.36288,0,25.9514,5.00346,20.8938,0.84672,12.849,0.84672,3695.15,0,36.966,0.422326,1.23538,2.13634,4.72046,1.25374,6.41611,0.42336,36.966,0.42336,423.524,0,1.02816,0,0,2.26354,1.23538,1.028160,1,0,27.3099,0,0,0,27.3099,0
68.232,2.2582,0,0,1.96865,0.0430527,0.36288,3.6288,59.8067,0.66528,0,0,0.828567,0.278812,0,0.66528,12.849,1,0.420958,0.36288,0,24.9441,4.79583,20.0902,0.84672,12.849,0.84672,3695.15,0,36.966,0.422597,1.16606,2.13663,4.75031,1.18884,6.44156,0.42336,36.966,0.42336,423.524,0,1.02816,0,0,2.19422,1.16606,1.028160,1,0,26.5318,0,0,0,26.5318,0
71.1682,2.25496,0,0,5.71101,0.156956,0.36288,3.6288,60.9054,0.66528,0,0,1.95247,0.188503,0,0.66528,12.849,1,0.424639,0.36288,0,75.181,3.55005,71.5692,0.84672,12.849,0.84672,3695.15,0,36.966,0.422868,2.3533,2.13692,12.4766,0.799455,15.7445,0.42336,36.966,0.42336,423.524,0,1.02816,0,0,3.38146,2.3533,1.028160,1,0,87.3137,0,0,0,87.3137,0
72.29,2.20492,0,0,4.1943,0.160564,0.707019,3.6288,61.308,0.62538,0,0,1.38666,0.189825,0.168815,0.66528,12.849,1,0.398085,0.707019,0,65.2582,3.55005,62.0171,0.84672,12.849,0.84672,3695.15,0,36.966,0.379569,2.35072,2.13722,7.03382,0.799455,10.3427,0.42336,36.966,0.42336,423.524,0,1.02816,0,0,3.37888,2.35072,1.028160,1,0,72.5286,0,0,0,72.5286,0
72.29,2.21053,0,0,4.51159,0.163031,2.13803,3.6288,61.308,0.627096,0,0,3.23546,0.259529,2.34884,0.66528,12.849,1,0.392905,2.13803,0,190.532,4.0928,188.184,0.84672,12.849,0.84672,3695.15,0,36.966,0.378111,6.83787,2.05858,16.8828,1.0531,24.3481,0.42336,36.966,0.42336,423.524,0,1.02816,0,0,7.86603,6.83787,1.028160,1,0,214.881,0,0,0,214.881,0
72.29,2.2109,0,0,4.38804,0.262145,1.915,3.6288,61.308,0.627258,0,0,2.43282,0.280734,1.52482,0.66528,12.849,1,0.392971,1.915,0,112.03,5.05733,108.494,0.84672,12.849,0.84672,3695.15,0,36.966,0.378209,2.88337,2.05886,12.6521,1.23836,15.9777,0.42336,36.966,0.42336,423.524,0,1.02816,0,0,3.91153,2.88337,1.028160,1,0,125.997,0,0,0,125.997,0
72.29,2.21127,0,0,4.78097,0.262145,2.30756,3.6288,61.308,0.627419,0,0,2.09226,0.280734,1.18411,0.66528,12.849,1,0.393036,2.30756,0,47.7843,5.05733,44.6415,0.84672,12.849,0.84672,3695.15,0,36.966,0.378306,3.40362,2.05915,10.2743,1.23836,14.1203,0.42336,36.966,0.42336,423.524,0,1.02816,0,0,4.43178,3.40362,1.028160,1,0,59.946,0,0,0,59.946,0
72.29,2.02574,0,0,4.46345,0.262145,2.17557,3.6288,61.308,0.519064,0,0,2.77427,0.280734,1.97447,0.66528,12.849,1,0.36006,2.17557,0,55.3567,5.05733,52.1148,0.84672,12.849,0.84672,3695.15,0,36.966,0.312972,4.90933,2.05943,12.1495,1.23836,17.5669,0.42336,36.966,0.42336,423.524,0,1.02816,0,0,5.93749,4.90933,1.028160,1,0,71.6562,0,0,0,71.6562,0
72.29,2.02608,0,0,6.55829,0.277128,4.25508,3.6288,61.308,0.519209,0,0,3.08455,0.206313,2.35903,0.66528,12.849,1,0.36012,4.25508,0,97.1317,4.49595,96.5308,0.84672,12.849,0.84672,3695.15,0,36.966,0.31306,4.13808,1.88429,14.7532,0.934153,19.5284,0.42336,36.966,0.42336,423.524,0,1.02816,0,0,5.16624,4.13808,1.028160,1,0,118.418,0,0,0,118.418,0
72.29,2.02642,0,0,6.66645,0.283121,4.35691,3.6288,61.308,0.519354,0,0,4.05963,0.176544,3.36374,0.66528,12.849,1,0.360181,4.35691,0,133.28,4.2714,133.005,0.84672,12.849,0.84672,3695.15,0,36.966,0.313148,5.3766,1.88454,16.2746,0.812469,22.4102,0.42336,36.966,0.42336,423.524,0,1.02816,0,0,6.40476,5.3766,1.028160,1,0,158.779,0,0,0,158.779,0
72.29,2.02676,0,0,7.03457,0.283121,4.72468,3.6288,61.308,0.5195,0,0,4.72165,0.176544,4.0256,0.66528,12.849,1,0.360242,4.72468,0,138.052,4.2714,138.145,0.84672,12.849,0.84672,3695.15,0,36.966,0.313235,6.32643,1.8848,19.9568,0.812469,27.0423,0.42336,36.966,0.42336,423.524,0,1.02816,0,0,7.35459,6.32643,1.028160,1,0,169.213,0,0,0,169.213,0
72.29,2.0271,0,0,6.51449,0.278891,4.2085,3.6288,61.308,0.519645,0,0,3.60996,0.238492,2.85183,0.66528,12.849,1,0.360302,4.2085,0,103.851,5.09722,102.602,0.84672,12.849,0.84672,3695.15,0,36.966,0.313323,4.84167,1.88505,15.4776,1.21001,20.681,0.42336,36.966,0.42336,423.524,0,1.02816,0,0,5.86983,4.84167,1.028160,1,0,126.135,0,0,0,126.135,0
72.29,2.0271,0,0,9.9665,0.262972,7.67642,3.6288,61.308,0.519645,0,0,6.35895,0.255391,5.58392,0.66528,12.849,1,0.360302,7.67642,0,181.265,4.97959,183.601,0.84672,12.849,0.84672,3695.15,0,36.966,0.313323,6.60285,1.88531,24.6745,1.33714,31.5122,0.42336,36.966,0.42336,423.524,0,1.02816,0,0,7.63101,6.60285,1.028160,1,0,220.697,0,0,0,220.697,0
72.29,2.099,0,0,13.1325,0.266758,10.7667,3.6288,61.308,0.551235,0,0,5.84063,0.196961,5.09244,0.66528,12.849,1,0.373081,10.7667,0,253.708,3.97194,260.129,0.84672,12.849,0.84672,3695.15,0,36.966,0.33237,5.35789,1.88531,21.574,0.944571,27.5402,0.42336,36.966,0.42336,423.524,0,1.02816,0,0,6.38605,5.35789,1.028160,1,0,292.762,0,0,0,292.762,0
72.29,2.09934,0,0,12.1409,0.299048,9.74254,3.6288,61.308,0.551379,0,0,2.79715,0.198288,2.04748,0.66528,12.849,1,0.373141,9.74254,0,246.871,4.05591,252.184,0.84672,12.849,0.84672,3695.15,0,36.966,0.332457,10.4517,1.9403,22.4379,1.02715,33.4703,0.42336,36.966,0.42336,423.524,0,1.02816,0,0,11.4799,10.4517,1.028160,1,0,287.702,0,0,0,287.702,0
72.29,2.09967,0,0,8.07399,0.30443,5.66989,3.6288,61.308,0.551523,0,0,2.0816,0.198509,1.33157,0.66528,12.849,1,0.373201,5.66989,0,205.4,4.06991,206.627,0.84672,12.849,0.84672,3695.15,0,36.966,0.332544,6.48228,1.94055,14.3131,1.04092,21.3625,0.42336,36.966,0.42336,423.524,0,1.02816,0,0,7.51044,6.48228,1.028160,1,0,229.321,0,0,0,229.321,0
72.29,2.10001,0,0,6.49534,0.30443,4.0909,3.6288,61.308,0.551667,0,0,1.41343,0.198509,0.663259,0.66528,12.849,1,0.373261,4.0909,0,138.918,4.06991,138.566,0.84672,12.849,0.84672,3695.15,0,36.966,0.33263,3.33208,1.9408,8.18433,1.04092,12.0837,0.42336,36.966,0.42336,423.524,0,1.02816,0,0,4.36024,3.33208,1.028160,1,0,151.313,0,0,0,151.313,0
72.29,2.33026,0,0,5.13768,0.350955,2.45647,3.6288,61.308,0.66528,0,0,1.42881,0.169426,0.5941,0.66528,12.849,1,0.414185,2.45647,0,111.707,3.4193,110.33,0.84672,12.849,0.84672,3695.15,0,36.966,0.408583,1.75141,1.94106,9.83223,0.843637,12.2725,0.42336,36.966,0.42336,423.524,0,1.02816,0,0,2.77957,1.75141,1.028160,1,0,123.197,0,0,0,123.197,0
72.29,2.33063,0,0,3.83314,0.35871,1.1438,3.6288,61.308,0.66528,0,0,1.37704,0.164579,0.547184,0.66528,12.849,1,0.414251,1.1438,0,109.969,3.31086,107.388,0.84672,12.849,0.84672,3695.15,0,36.966,0.408841,1.4108,2.13833,9.78195,0.810758,12.1115,0.42336,36.966,0.42336,423.524,0,1.02816,0,0,2.43896,1.4108,1.028160,1,0,120.046,0,0,0,120.046,0
72.29,2.331,0,0,7.6667,0.343126,4.99257,3.6288,61.308,0.66528,0,0,2.77045,0.197775,1.9074,0.66528,12.849,1,0.414317,4.99257,0,150.885,4.0971,151.367,0.84672,12.849,0.84672,3695.15,0,36.966,0.409099,4.44842,2.13861,14.0467,1.05673,19.1678,0.42336,36.966,0.42336,423.524,0,1.02816,0,0,5.47658,4.44842,1.028160,1,0,172.442,0,0,0,172.442,0
72.29,2.33137,0,0,9.94391,0.340529,7.27201,3.6288,61.308,0.66528,0,0,3.66392,0.203308,2.79533,0.66528,12.849,1,0.414383,7.27201,0,176.966,4.22814,179.596,0.84672,12.849,0.84672,3695.15,0,36.966,0.409357,7.80111,2.13889,16.6104,1.09773,25.0433,0.42336,36.966,0.42336,423.524,0,1.02816,0,0,8.82927,7.80111,1.028160,1,0,207.434,0,0,0,207.434,0
72.29,2.00363,0,0,6.28997,0.331091,3.95525,3.6288,61.308,0.511966,0,0,2.52107,0.186689,1.82241,0.66528,12.849,1,0.35613,3.95525,0,122.871,4.10799,122.362,0.84672,12.849,0.84672,3695.15,0,36.966,0.308693,4.17857,2.13917,14.5743,0.956343,19.627,0.42336,36.966,0.42336,423.524,0,1.02816,0,0,5.20673,4.17857,1.028160,1,0,143.812,0,0,0,143.812,0
72.29,2.00395,0,0,5.59346,0.329518,3.25999,3.6288,61.308,0.512104,0,0,1.75508,0.183919,1.05905,0.66528,12.849,1,0.356188,3.25999,0,103.221,4.08797,102.037,0.84672,12.849,0.84672,3695.15,0,36.966,0.308776,2.73186,1.87062,11.1062,0.932779,14.4671,0.42336,36.966,0.42336,423.524,0,1.02816,0,0,3.76002,2.73186,1.028160,1,0,117.563,0,0,0,117.563,0
72.29,2.00428,0,0,3.92237,0.329518,1.58857,3.6288,61.308,0.512243,0,0,1.38668,0.183919,0.690515,0.66528,12.849,1,0.356245,1.58857,0,104.355,4.08797,101.499,0.84672,12.849,0.84672,3695.15,0,36.966,0.30886,1.95622,1.87086,9.40645,0.932779,11.9919,0.42336,36.966,0.42336,423.524,0,1.02816,0,0,2.98438,1.95622,1.028160,1,0,114.182,0,0,0,114.182,0
72.29,2.0046,0,0,3.51868,0.284205,1.22988,3.6288,61.308,0.512381,0,0,0.92162,0.159854,0.249385,0.66528,12.849,1,0.356303,1.22988,0,87.6234,3.73918,84.7578,0.84672,12.849,0.84672,3695.15,0,36.966,0.308943,1.26714,1.8711,8.30494,0.882677,10.2516,0.42336,36.966,0.42336,423.524,0,1.02816,0,0,2.2953,1.26714,1.028160,1,0,95.2588,0,0,0,95.2588,0
72.29,2.00493,0,0,4.15162,0.251874,1.89481,3.6288,61.308,0.512519,0,0,1.31747,0.183501,0.62145,0.66528,12.849,1,0.356361,1.89481,0,83.306,4.11894,80.7255,0.84672,12.849,0.84672,3695.15,0,36.966,0.309026,1.80008,1.87134,8.94491,1.01146,11.2958,0.42336,36.966,0.42336,423.524,0,1.02816,0,0,2.82824,1.80008,1.028160,1,0,92.6428,0,0,0,92.6428,0
72.29,2.0879,0,0,2.91633,0.254078,0.57435,3.6288,61.308,0.551486,0,0,1.25595,0.239097,0.465371,0.66528,12.849,1,0.371108,0.57435,0,53.5889,4.97406,48.8181,0.84672,12.849,0.84672,3695.15,0,36.966,0.332522,0.95872,1.87159,5.87176,1.23328,7.13627,0.42336,36.966,0.42336,423.524,0,1.02816,0,0,1.98688,0.95872,1.028160,1,0,56.4197,0,0,0,56.4197,0
72.2346,2.08824,0,0,2.64977,0.254078,0.36288,3.6288,61.308,0.55163,0,0,0.971352,0.239097,0.180625,0.66528,12.849,1,0.371168,0.36288,0,45.8262,4.97406,40.8439,0.84672,12.849,0.84672,3695.15,0,36.966,0.332608,0.731575,1.93816,5.1281,1.23328,6.23194,0.42336,36.966,0.42336,423.524,0,1.02816,0,0,1.75973,0.731575,1.028160,1,0,47.2564,0,0,0,47.2564,0
72.29,2.08833,0,0,4.10721,0.253971,1.70948,3.6288,61.308,0.551774,0,0,1.69442,0.239097,0.903546,0.66528,12.849,1,0.37147,1.70948,0,72.5673,4.97406,68.9312,0.84672,12.849,0.84672,3695.15,0,36.966,0.332695,2.05421,1.93841,9.52085,1.23328,11.9475,0.42336,36.966,0.42336,423.524,0,1.02816,0,0,3.08237,2.05421,1.028160,1,0,81.7823,0,0,0,81.7823,0
72.29,2.08891,0,0,3.09452,0.207604,0.798007,3.6288,61.308,0.551918,0,0,1.15345,0.260572,0.340959,0.66528,12.849,1,0.371288,0.798007,0,62.4593,4.93555,57.9505,0.84672,12.849,0.84672,3695.15,0,36.966,0.332782,1.16202,1.93866,6.71572,1.28192,8.20171,0.42336,36.966,0.42336,423.524,0,1.02816,0,0,2.19018,1.16202,1.028160,1,0,66.4932,0,0,0,66.4932,0
72.29,2.05691,0,0,3.03478,0.201363,0.776509,3.6288,61.308,0.536973,0,0,1.08003,0.238106,0.304956,0.66528,12.849,1,0.3656,0.776509,0,55.5803,4.38007,51.6112,0.84672,12.849,0.84672,3695.15,0,36.966,0.323771,0.96063,1.93892,6.08787,1.18247,7.48118,0.42336,36.966,0.42336,423.524,0,1.02816,0,0,1.98879,0.96063,1.028160,1,0,59.3973,0,0,0,59.3973,0
72.1435,2.05724,0,0,2.47498,0.201363,0.36288,3.6288,61.308,0.537115,0,0,0.9018,0.238106,0.12658,0.66528,12.849,1,0.365659,0.36288,0,43.6949,4.38007,39.312,0.84672,12.849,0.84672,3695.15,0,36.966,0.323856,0.632448,1.91335,4.96072,1.18247,6.00018,0.42336,36.966,0.42336,423.524,0,1.02816,0,0,1.66061,0.632448,1.028160,1,0,45.4388,0,0,0,45.4388,0
71.6839,2.05694,0,0,2.11184,0.151628,0.36288,3.6288,61.308,0.556542,0,0,0.797221,0.234657,0.00602286,0.66528,12.849,1,0.366349,0.36288,0,36.2166,4.46582,31.7473,0.84672,12.849,0.84672,3695.15,0,36.966,0.33557,0.402797,1.91359,4.4971,1.14672,5.33121,0.42336,36.966,0.42336,423.524,0,0.997246,0,0,1.40004,0.402797,1.028160,1,0,37.0846,0,0,0,37.0846,0
71.0168,2.05528,0,0,1.86513,0.114095,0.36288,3.6288,61.1699,0.637518,0,0,0.731532,0.23207,0,0.66528,12.849,1,0.3684,0.36288,0,33.9526,4.53012,29.417,0.84672,12.849,0.84672,3695.15,0,36.966,0.384395,0.402797,1.91384,3.89066,1.1199,4.70301,0.42336,36.966,0.42336,423.524,0,0.867672,0,0,1.27047,0.402797,1.028160,1,0,34.12,0,0,0,34.12,0
70.3811,2.1622,0,0,2.03571,0.146258,0.36288,3.6288,61.0072,0.695694,0,0,0.796599,0.263687,0,0.66528,12.849,1,0.391206,0.36288,0,34.0174,5.00059,28.9885,0.84672,12.849,0.84672,3695.15,0,36.966,0.420419,0.402797,1.91409,3.77038,1.16113,4.50572,0.42336,36.966,0.42336,423.524,0,0.859524,0,0,1.26232,0.402797,1.028160,1,0,33.4942,0,0,0,33.4942,0
69.7567,2.15956,0,0,2.03885,0.140883,0.36288,3.6288,60.826,0.723228,0,0,0.832585,0.290486,0,0.66528,12.849,1,0.394256,0.36288,0,33.7456,5.25411,28.4601,0.84672,12.849,0.84672,3695.15,0,36.966,0.438225,0.402797,2.00489,3.80949,1.22376,4.55519,0.42336,36.966,0.42336,423.524,0,0.814424,0,0,1.21722,0.402797,1.028160,1,0,33.0153,0,0,0,33.0153,0
69.0227,2.15693,0,0,1.89076,0.104938,0.36288,3.6288,60.5609,0.749855,0,0,0.765227,0.280514,0,0.66528,12.849,1,0.397301,0.36288,0,32.5055,5.33505,27.136,0.84672,12.849,0.84672,3695.15,0,36.966,0.455712,0.30119,2.00515,3.54811,1.19494,4.20379,0.42336,36.966,0.42336,423.524,0,0.77055,0,0,1.07174,0.30119,1.028160,1,0,31.3398,0,0,0,31.3398,0
68.1873,2.15371,0,0,1.78554,0.104343,0.36288,3.6288,60.3717,0.677715,0,0,0.768554,0.280042,0,0.66528,12.849,1,0.400927,0.36288,0,27.9598,5.33505,22.5867,0.84672,12.849,0.84672,3695.15,0,36.966,0.413673,0.30119,2.00541,3.22831,1.19494,3.92629,0.42336,36.966,0.42336,423.524,0,0.884969,0,0,1.18616,0.30119,1.028160,1,0,26.513,0,0,0,26.513,0
67.1556,2.14992,0,0,1.57504,0.0939276,0.36288,3.6288,60.2968,0.588248,0,0,0.78605,0.272708,0,0.66528,12.849,1,0.405125,0.36288,0,26.1182,5.1645,20.9115,0.84672,12.849,0.84672,3695.15,0,36.966,0.360189,0.333081,2.00567,3.2202,1.18897,4.00979,0.42336,36.966,0.42336,423.524,0,1.02816,0,0,1.36124,0.333081,1.028160,1,0,24.9212,0,0,0,24.9212,0
65.9117,2.12356,0,0,1.32285,0.0802912,0.36288,3.6288,60.2219,0.617383,0,0,0.805784,0.263251,0,0.66528,12.849,1,0.406304,0.36288,0,26.9622,4.9371,21.9816,0.84672,12.849,0.84672,3695.15,0,36.966,0.378498,0.496705,2.00593,3.44822,1.18101,4.39135,0.42336,36.966,0.42336,423.524,0,1.02816,0,0,1.52486,0.496705,1.028160,1,0,26.373,0,0,0,26.373,0
64.5675,2.11748,0,0,1.21567,0.0795027,0.36288,3.6288,60.1242,0.617245,0,0,0.78262,0.263126,0,0.66528,12.849,1,0.412787,0.36288,0,26.5363,4.9371,21.5493,0.84672,12.849,0.84672,3695.15,0,36.966,0.378883,0.497344,2.03787,3.4771,1.18101,4.45242,0.42336,36.966,0.42336,423.524,0,1.02816,0,0,1.5255,0.497344,1.028160,1,0,26.0017,0,0,0,26.0017,0
63.1219,2.11065,0,0,1.10655,0.0786506,0.36288,3.6288,59.9762,0.617016,0,0,0.731989,0.262962,0,0.66528,12.849,1,0.420022,0.36288,0,25.4747,4.9371,20.4805,0.84672,12.849,0.84672,3695.15,0,36.966,0.379358,0.293596,2.03814,3.26644,1.18101,4.03781,0.42336,36.966,0.42336,423.524,0,1.02816,0,0,1.32176,0.293596,1.028160,1,0,24.5183,0,0,0,24.5183,0
61.6091,2.103,0,0,1.0175,0.0644469,0.36288,3.6288,59.7631,0.61659,0,0,0.698846,0.295344,0,0.66528,12.849,1,0.428083,0.36288,0,22.5842,5.36055,17.1584,0.84672,12.849,0.84672,3695.15,0,36.966,0.380032,0.287003,2.0384,3.143,1.33557,3.7528,0.42336,36.966,0.42336,423.524,0,1.02816,0,0,1.31516,0.287003,1.028160,1,0,20.9112,0,0,0,20.9112,0
60.1334,2.14936,0,0,1.09817,0.0615905,0.36288,3.6288,59.5759,0.641912,0,0,0.752985,0.298289,0,0.66528,12.849,1,0.448264,0.36288,0,22.4366,5.24065,17.1106,0.84672,12.849,0.84672,3695.15,0,36.966,0.39705,0.271858,2.03867,2.87766,1.46328,3.32787,0.42336,36.966,0.42336,423.524,0,1.02816,0,0,1.30002,0.271858,1.028160,1,0,20.4384,0,0,0,20.4384,0
58.5634,2.14064,0,0,0.994334,0.0608273,0.36288,3.6288,59.2808,0.716545,0,0,0.719436,0.297933,0,0.66528,12.849,1,0.457401,0.36288,0,21.131,5.24065,15.7958,0.84672,12.849,0.84672,3695.15,0,36.966,0.444606,0.261274,2.08385,2.6756,1.46328,3.11284,0.42336,36.966,0.42336,423.524,0,0.906224,0,0,1.1675,0.261274,1.028160,1,0,18.9087,0,0,0,18.9087,0
56.8924,2.13092,0,0,0.869573,0.0467704,0.36288,3.6288,58.9842,0.705961,0,0,0.714347,0.305042,0,0.66528,12.849,1,0.467531,0.36288,0,20.1213,5.46498,14.5516,0.84672,12.849,0.84672,3695.15,0,36.966,0.440219,0.227405,2.08413,2.70423,1.5081,3.06744,0.42336,36.966,0.42336,423.524,0,0.921447,0,0,1.14885,0.227405,1.028160,1,0,17.6191,0,0,0,17.6191,0
55.0902,2.12006,0,0,0.734435,0.0537201,0.36288,3.6288,58.6697,0.71652,0,0,0.693965,0.291951,0,0.66528,12.849,1,0.47881,0.36288,0,18.8794,5.36308,13.4004,0.84672,12.849,0.84672,3695.15,0,36.966,0.449051,0.227405,2.0844,2.58179,1.35987,3.08467,0.42336,36.966,0.42336,423.524,0,0.90231,0,0,1.12971,0.227405,1.028160,1,0,16.4851,0,0,0,16.4851,0
53.0599,2.26484,0,0,0.660139,0.0626487,0.36288,3.6288,58.0871,0.876554,0,0,0.595209,0.301254,0,0.66528,12.849,1,0.528241,0.36288,0,14.7174,5.40999,9.14202,0.84672,12.849,0.84672,3695.15,0,36.966,0.55229,0.227405,2.08467,2.77463,1.44158,3.09284,0.42336,36.966,0.42336,423.524,0,0.791312,0,0,1.01872,0.227405,1.028160,1,0,12.2349,0,0,0,12.2349,0
51.0778,2.24892,0,0,0.691005,0.0613767,0.36288,3.6288,57.5623,0.831182,0,0,0.618362,0.311956,0,0.66528,12.849,1,0.544599,0.36288,0,13.8436,5.57602,8.08587,0.84672,12.849,0.84672,3695.15,0,36.966,0.528955,0.227405,2.23872,2.7235,1.529,3.13166,0.42336,36.966,0.42336,423.524,0,0.860293,0,0,1.0877,0.227405,1.028160,1,0,11.2175,0,0,0,11.2175,0
48.9914,2.23239,0,0,0.569035,0.0601306,0.36288,3.6288,56.8981,0.891511,0,0,0.538211,0.3109,0,0.66528,12.849,1,0.561575,0.36288,0,17.1862,5.57602,11.4114,0.84672,12.849,0.84672,3695.15,0,36.966,0.572521,0.204422,2.23901,2.42978,1.529,2.7717,0.42336,36.966,0.42336,423.524,0,0.756674,0,0,0.961096,0.204422,1.028160,1,0,14.1831,0,0,0,14.1831,0
46.9854,2.2138,0,0,0.629491,0.0588158,0.36288,3.6288,56.6626,0.66528,0,0,0.739329,0.309563,0,0.66528,12.849,1,0.580613,0.36288,0,14.7347,5.57602,8.94098,0.84672,12.849,0.84672,3695.15,0,36.966,0.527541,0.229997,2.23931,2.90364,1.529,3.31641,0.42336,36.966,0.42336,423.524,0,1.02816,0,0,1.25816,0.229997,1.028160,1,0,12.2574,0,0,0,12.2574,0
44.9508,2.19468,0,0,0.608419,0.0855016,0.36288,3.6288,56.3874,0.66528,0,0,0.679613,0.289567,0,0.66528,12.849,1,0.600174,0.36288,0,13.8641,5.10997,8.51682,0.84672,12.849,0.84672,3695.15,0,36.966,0.527816,0.216432,2.2396,3.24134,1.44054,3.72901,0.42336,36.966,0.42336,423.524,0,1.02816,0,0,1.24459,0.216432,1.028160,1,0,12.2458,0,0,0,12.2458,0
43.0005,2.10039,0,0,0.633624,0.120647,0.36288,3.6288,56.3093,0.687357,0,0,0.860008,0.250748,0,0.66528,12.849,1,0.600389,0.36288,0,12.771,4.78779,7.74566,0.84672,12.849,0.84672,3695.15,0,36.966,0.450612,0.204422,2.2399,2.91395,1.28526,3.6224,0.42336,36.966,0.42336,423.524,0,0.991224,0,0,1.19565,0.204422,1.028160,1,0,11.3681,0,0,0,11.3681,0
41.0823,2.07976,0,0,0.637419,0.112895,0.36288,3.6288,56.2397,0.66484,0,0,0.847584,0.252355,0,0.66528,12.849,1,0.621454,0.36288,0,12.353,4.92828,7.16619,0.84672,12.849,0.84672,3695.15,0,36.966,0.436455,0.302365,2.15114,2.91472,1.29623,3.63554,0.42336,36.966,0.42336,423.524,0,1.02816,0,0,1.33053,0.302365,1.028160,1,0,10.8017,0,0,0,10.8017,0
39.0962,2.05798,0,0,0.545166,0.110396,0.36288,3.6288,55.7692,0.938669,0,0,0.720481,0.252241,0,0.66528,12.849,1,0.64366,0.36288,0,12.2335,4.92828,7.02449,0.84672,12.849,0.84672,3695.15,0,36.966,0.616981,0.216518,2.15142,2.52759,1.29623,2.98232,0.42336,36.966,0.42336,423.524,0,0.574068,0,0,0.790586,0.216518,1.028160,1,0,10.0068,0,0,0,10.0068,0
37.0707,2.0337,0,0,0.478842,0.107848,0.36288,3.6288,55.3582,0.840569,0,0,0.681005,0.251466,0,0.66528,12.849,1,0.668376,0.36288,0,9.23625,4.92828,4.00247,0.84672,12.849,0.84672,3695.15,0,36.966,0.557162,0.216518,2.15171,2.4511,1.29623,2.96593,0.42336,36.966,0.42336,423.524,0,0.732249,0,0,0.948767,0.216518,1.028160,1,0,6.9684,0,0,0,6.9684,0
35.503,1.94925,0,0,0.806309,0.0618213,0.36288,3.6288,54.8781,0.879463,0,0,0.647937,0.248531,0,0.66528,12.849,1,0.675628,0.36288,0,8.49969,4.38837,3.79857,0.84672,12.849,0.84672,3695.15,0,36.966,0.58727,0.216518,2.15199,3.09268,0.959782,3.91414,0.42336,36.966,0.42336,423.524,0,0.57941,0,0,0.795928,0.216518,1.028160,1,0,7.7127,0,0,0,7.7127,0
34.1016,1.92766,0,0,1.03616,0.147018,0.36288,3.6288,54.2582,0.91979,0,0,0.533463,0.233653,0,0.66528,12.849,1,0.697644,0.36288,0,11.7888,4.43468,7.01941,0.84672,12.849,0.84672,3695.15,0,36.966,0.619572,0.216518,2.07275,3.21174,1.07732,3.80411,0.42336,36.966,0.42336,423.524,0,0.507032,0,0,0.72355,0.216518,1.028160,1,0,10.8235,0,0,0,10.8235,0
32.5437,1.90714,0,0,0.856665,0.144533,0.36288,3.6288,53.5609,0.924246,0,0,0.459664,0.232698,0,0.66528,12.849,1,0.718582,0.36288,0,9.45458,4.43468,4.6642,0.84672,12.849,0.84672,3695.15,0,36.966,0.629688,0.292723,2.07302,3.11536,1.07732,3.7741,0.42336,36.966,0.42336,423.524,0,0.492709,0,0,0.785432,0.292723,1.028160,1,0,8.4383,0,0,0,8.4383,0
32.3346,1.88278,0,0,2.17829,0.141772,0.36288,3.6288,54.1982,0.602741,0,0,1.47164,0.231543,0,0.66528,12.849,1,0.743363,0.36288,0,26.3773,4.43468,21.5622,0.84672,12.849,0.84672,3695.15,0,36.966,0.415992,1.36184,2.0733,7.28066,1.07732,9.22248,0.42336,36.966,0.42336,423.524,0,1.02816,0,0,2.39,1.36184,1.028160,1,0,30.7846,0,0,0,30.7846,0
33.1329,1.72178,0,0,3.05924,0.176277,0.36288,3.6288,55.0751,0.501607,0,0,1.60501,0.226564,0,0.66528,12.849,1,0.684195,0.36288,0,34.1725,4.52804,29.3231,0.84672,12.849,0.84672,3695.15,0,36.966,0.342122,0.77684,2.07357,7.07673,1.15123,8.43379,0.42336,36.966,0.42336,423.524,0,1.02816,0,0,1.805,0.77684,1.028160,1,0,37.7569,0,0,0,37.7569,0
34.0473,1.73394,0,0,3.21569,0.20446,0.36288,3.6288,55.4346,0.505001,0,0,1.08787,0.223322,0,0.66528,12.849,1,0.672425,0.36288,0,35.4999,4.59805,30.5923,0.84672,12.849,0.84672,3695.15,0,36.966,0.338953,0.921715,1.8971,6.84583,1.20665,8.11904,0.42336,36.966,0.42336,423.524,0,1.02816,0,0,1.94988,0.921715,1.028160,1,0,38.7113,0,0,0,38.7113,0
33.7501,1.74733,0,0,2.01792,0.204953,0.36288,3.6288,55.1417,0.660705,0,0,0.583358,0.215586,0,0.66528,12.849,1,0.65942,0.36288,0,23.5882,4.44183,18.8498,0.84672,12.849,0.84672,3695.15,0,36.966,0.440584,0.412474,1.89735,4.45855,1.16173,5.16606,0.42336,36.966,0.42336,423.524,0,0.771051,0,0,1.18352,0.412474,1.028160,1,0,24.0158,0,0,0,24.0158,0
33.2451,1.74341,0,0,1.79462,0.193278,0.36288,3.6288,54.6044,0.849754,0,0,0.478136,0.165683,0,0.66528,12.849,1,0.663734,0.36288,0,21.4508,3.50448,17.6455,0.84672,12.849,0.84672,3695.15,0,36.966,0.56966,0.412474,1.8976,3.57748,0.892159,4.42573,0.42336,36.966,0.42336,423.524,0,0.453151,0,0,0.865624,0.412474,1.028160,1,0,22.0712,0,0,0,22.0712,0
32.5145,1.73642,0,0,1.56043,0.191749,0.36288,3.6288,54.6178,0.694012,0,0,0.87368,0.166289,0,0.66528,12.849,1,0.671113,0.36288,0,27.6422,3.44733,23.8866,0.84672,12.849,0.84672,3695.15,0,36.966,0.469831,0.412474,1.89784,4.82373,0.875912,5.7883,0.42336,36.966,0.42336,423.524,0,0.708947,0,0,1.12142,0.412474,1.028160,1,0,29.675,0,0,0,29.675,0
32.8695,1.5554,0,0,2.4613,0.188066,0.36288,3.6288,55.688,0.422476,0,0,1.6662,0.173453,0,0.66528,12.849,1,0.614658,0.36288,0,76.4738,3.10443,73.1176,0.84672,12.849,0.84672,3695.15,0,36.966,0.285937,1.73391,1.89809,9.464,0.778425,12.0316,0.42336,36.966,0.42336,423.524,0,1.02816,0,0,2.76207,1.73391,1.028160,1,0,85.1492,0,0,0,85.1492,0
32.6369,1.7925,0,0,2.11172,0.188901,0.36288,3.6288,56.4444,0.53844,0,0,1.46944,0.174678,0,0.66528,12.849,1,0.700706,0.36288,0,43.5297,3.10443,40.0874,0.84672,12.849,0.84672,3695.15,0,36.966,0.357419,1.38549,1.74834,7.96608,0.778425,9.96407,0.42336,36.966,0.42336,423.524,0,1.02816,0,0,2.41365,1.38549,1.028160,1,0,50.0515,0,0,0,50.0515,0
32.262,1.74286,0,0,1.92624,0.195353,0.36288,3.6288,57.0955,0.518836,0,0,1.34069,0.170743,0,0.66528,12.849,1,0.686157,0.36288,0,39.2864,3.17805,35.7851,0.84672,12.849,0.84672,3695.15,0,36.966,0.339791,1.15454,1.95372,7.1375,0.762162,9.14381,0.42336,36.966,0.42336,423.524,0,1.02816,0,0,2.1827,1.15454,1.028160,1,0,44.9289,0,0,0,44.9289,0
32.0717,1.55269,0,0,1.9495,0.224272,0.36288,3.6288,57.6776,0.430366,0,0,1.17412,0.161581,0,0.66528,12.849,1,0.618388,0.36288,0,34.6995,3.75936,30.6846,0.84672,12.849,0.84672,3695.15,0,36.966,0.278637,1.36951,1.91293,7.41182,0.880985,9.53464,0.42336,36.966,0.42336,423.524,0,1.02816,0,0,2.39767,1.36951,1.028160,1,0,40.2192,0,0,0,40.2192,0
32.1348,1.72258,0,0,2.37882,0.230259,0.36288,3.6288,58.2878,0.535022,0,0,1.31927,0.174086,0,0.66528,12.849,1,0.690123,0.36288,0,51.6336,3.36627,47.9401,0.84672,12.849,0.84672,3695.15,0,36.966,0.342899,2.1261,1.74899,7.69841,0.922509,10.3081,0.42336,36.966,0.42336,423.524,0,1.02816,0,0,3.15426,2.1261,1.028160,1,0,58.2482,0,0,0,58.2482,0
32.7899,1.72381,0,0,2.97406,0.232227,0.36288,3.6288,58.6919,0.537353,0,0,1.12085,0.179404,0,0.66528,12.849,1,0.689262,0.36288,0,69.4708,3.18255,65.9619,0.84672,12.849,0.84672,3695.15,0,36.966,0.340788,2.17024,1.92478,7.82896,0.928486,10.6547,0.42336,36.966,0.42336,423.524,0,1.02816,0,0,3.1984,2.17024,1.028160,1,0,76.6166,0,0,0,76.6166,0
33.2959,1.73398,0,0,2.8369,0.234139,0.36288,3.6288,59.2572,0.538928,0,0,1.28414,0.179871,0,0.66528,12.849,1,0.679472,0.36288,0,61.9977,3.18255,58.4986,0.84672,12.849,0.84672,3695.15,0,36.966,0.339434,2.19105,1.92502,8.00617,0.928486,10.8543,0.42336,36.966,0.42336,423.524,0,1.02816,0,0,3.21921,2.19105,1.028160,1,0,69.3529,0,0,0,69.3529,0
34.4553,1.7417,0,0,3.49004,0.226065,0.36288,3.6288,60.2664,0.541058,0,0,1.74755,0.197347,0,0.66528,12.849,1,0.672127,0.36288,0,78.2494,3.75951,74.1806,0.84672,12.849,0.84672,3695.15,0,36.966,0.337524,2.56578,1.92526,14.0209,1.06066,17.1138,0.42336,36.966,0.42336,423.524,0,1.02816,0,0,3.59394,2.56578,1.028160,1,0,91.2944,0,0,0,91.2944,0
36.151,1.50763,0,0,3.77942,0.213156,0.36288,3.6288,61.308,0.404278,0,0,1.93568,0.218923,0.270855,0.66528,12.849,1,0.562222,0.36288,0,84.9245,4.25276,80.4724,0.84672,12.849,0.84672,3695.15,0,36.966,0.247975,2.56642,1.9255,10.9124,1.12986,14.0265,0.42336,36.966,0.42336,423.524,0,1.02816,0,0,3.59458,2.56642,1.028160,1,0,94.7697,0,0,0,94.7697,0
38.9358,1.52732,0,0,4.89081,0.215773,0.36288,3.6288,61.308,0.407024,0,0,1.91687,0.226997,1.28285,0.66528,12.849,1,0.54285,0.36288,0,81.9677,4.24,77.5477,0.84672,12.849,0.84672,3695.15,0,36.966,0.245418,2.40481,1.68618,18.1974,1.14014,20.9028,0.42336,36.966,0.42336,423.524,0,1.02816,0,0,3.43297,2.40481,1.028160,1,0,99.7334,0,0,0,99.7334,0
45.2519,1.55676,0,0,8.45864,0.222962,0.36288,3.6288,61.308,0.407142,0,0,5.36944,0.226997,4.7353,0.66528,12.849,1,0.513738,0.36288,0,117.446,4.24,113.055,0.84672,12.849,0.84672,3695.15,0,36.966,0.245489,6.9208,1.68638,24.3858,1.14014,31.6073,0.42336,36.966,0.42336,423.524,0,1.02816,0,0,7.94896,6.9208,1.028160,1,0,149.398,0,0,0,149.398,0
47.5316,1.61286,0,0,4.49535,0.239905,0.36288,3.6288,61.308,0.40726,0,0,2.36264,0.226997,1.72838,0.66528,12.849,1,0.457963,0.36288,0,148.59,4.24,144.255,0.84672,12.849,0.84672,3695.15,0,36.966,0.24556,2.38315,1.68659,12.6416,1.14014,15.3257,0.42336,36.966,0.42336,423.524,0,1.02816,0,0,3.41131,2.38315,1.028160,1,0,161.309,0,0,0,161.309,0
49.5986,1.63041,0,0,4.26265,0.202378,0.36288,3.6288,61.308,0.407378,0,0,2.70198,0.197556,2.09704,0.66528,12.849,1,0.440742,0.36288,0,104.688,4.01991,100.591,0.84672,12.849,0.84672,3695.15,0,36.966,0.245631,2.59754,1.6868,9.50884,1.14426,12.4033,0.42336,36.966,0.42336,423.524,0,1.02816,0,0,3.6257,2.59754,1.028160,1,0,115.091,0,0,0,115.091,0
52.0764,1.71415,0,0,4.79834,0.243456,0.36288,3.6288,61.308,0.442096,0,0,5.91742,0.18099,5.29433,0.66528,12.849,1,0.444067,0.36288,0,95.078,3.77674,91.2201,0.84672,12.849,0.84672,3695.15,0,36.966,0.266564,3.96311,1.68701,13.0085,1.13014,17.2619,0.42336,36.966,0.42336,423.524,0,1.02816,0,0,4.99127,3.96311,1.028160,1,0,113.776,0,0,0,113.776,0
54.1973,1.73137,0,0,4.46498,0.249862,0.36288,3.6288,61.308,0.442218,0,0,6.11261,0.18099,5.4894,0.66528,12.849,1,0.427186,0.36288,0,100.066,3.77674,96.2248,0.84672,12.849,0.84672,3695.15,0,36.966,0.266638,4.96255,1.74632,13.4831,1.13014,18.7951,0.42336,36.966,0.42336,423.524,0,1.02816,0,0,5.99071,4.96255,1.028160,1,0,120.509,0,0,0,120.509,0
56.5366,1.74515,0,0,4.70268,0.255345,0.36288,3.6288,61.308,0.442341,0,0,4.36308,0.18099,3.73975,0.66528,12.849,1,0.413738,0.36288,0,82.9466,3.77674,79.119,0.84672,12.849,0.84672,3695.15,0,36.966,0.266712,3.26227,1.74653,9.17862,1.13014,12.7906,0.42336,36.966,0.42336,423.524,0,1.02816,0,0,4.29043,3.26227,1.028160,1,0,95.6493,0,0,0,95.6493,0
57.7579,2.02122,0,0,3.81067,0.205306,0.36288,3.6288,61.308,0.559331,0,0,4.05969,0.25006,3.2503,0.66528,12.849,1,0.45936,0.36288,0,72.3271,4.66861,67.562,0.84672,12.849,0.84672,3695.15,0,36.966,0.337252,3.22662,1.74675,11.3576,1.37965,14.6141,0.42336,36.966,0.42336,423.524,0,1.02816,0,0,4.25478,3.22662,1.028160,1,0,85.4264,0,0,0,85.4264,0
58.7634,1.9981,0,0,3.56897,0.20245,0.36288,3.6288,61.308,0.54427,0,0,2.18468,0.199818,1.4406,0.66528,12.849,1,0.444503,0.36288,0,75.06,4.11582,70.8626,0.84672,12.849,0.84672,3695.15,0,36.966,0.328171,2.40082,1.95192,9.57588,1.18502,12.4154,0.42336,36.966,0.42336,423.524,0,1.02816,0,0,3.42898,2.40082,1.028160,1,0,84.7186,0,0,0,84.7186,0
59.6293,1.95262,0,0,3.37738,0.196007,0.36288,3.6288,61.308,0.521378,0,0,2.04152,0.202938,1.3172,0.66528,12.849,1,0.426954,0.36288,0,70.4402,4.14361,66.2325,0.84672,12.849,0.84672,3695.15,0,36.966,0.314368,2.30127,1.92615,8.87216,1.18696,11.5983,0.42336,36.966,0.42336,423.524,0,1.02816,0,0,3.32943,2.30127,1.028160,1,0,79.148,0,0,0,79.148,0
60.1833,2.0102,0,0,3.12479,0.197649,0.36288,3.6288,61.308,0.544544,0,0,2.22024,0.202938,1.47276,0.66528,12.849,1,0.43316,0.36288,0,64.0742,4.14361,59.8603,0.84672,12.849,0.84672,3695.15,0,36.966,0.328336,2.61023,1.88599,9.15754,1.18696,12.1385,0.42336,36.966,0.42336,423.524,0,1.02816,0,0,3.63839,2.61023,1.028160,1,0,73.4716,0,0,0,73.4716,0
60.5548,2.01379,0,0,2.9567,0.20856,0.36288,3.6288,61.308,0.544681,0,0,2.38804,0.179657,1.66371,0.66528,12.849,1,0.42994,0.36288,0,59.9805,3.92227,55.9912,0.84672,12.849,0.84672,3695.15,0,36.966,0.328418,2.74669,1.92663,9.93669,1.10484,13.1768,0.42336,36.966,0.42336,423.524,0,1.02816,0,0,3.77485,2.74669,1.028160,1,0,70.8316,0,0,0,70.8316,0
60.4395,2.12376,0,0,2.55914,0.187788,0.36288,3.6288,61.308,0.598752,0,0,1.68564,0.187206,0.899679,0.66528,12.849,1,0.450636,0.36288,0,46.9987,4.21982,42.6912,0.84672,12.849,0.84672,3695.15,0,36.966,0.361021,2.02682,1.92687,7.81557,1.03332,10.3749,0.42336,36.966,0.42336,423.524,0,1.02816,0,0,3.05498,2.02682,1.028160,1,0,53.9658,0,0,0,53.9658,0
60.1205,2.12338,0,0,2.34551,0.178227,0.36288,3.6288,61.308,0.598897,0,0,1.32376,0.226665,0.498198,0.66528,12.849,1,0.451414,0.36288,0,38.8921,4.72573,34.0778,0.84672,12.849,0.84672,3695.15,0,36.966,0.361108,1.6275,2.01832,6.71976,1.10705,8.89742,0.42336,36.966,0.42336,423.524,0,1.02816,0,0,2.65566,1.6275,1.028160,1,0,43.4734,0,0,0,43.4734,0
59.5274,2.12173,0,0,2.0561,0.164649,0.36288,3.6288,61.308,0.599041,0,0,1.2332,0.236109,0.398054,0.66528,12.849,1,0.453457,0.36288,0,34.7479,4.83284,29.8245,0.84672,12.849,0.84672,3695.15,0,36.966,0.361195,1.44781,2.01857,6.51974,1.13441,8.49052,0.42336,36.966,0.42336,423.524,0,1.02816,0,0,2.47597,1.44781,1.028160,1,0,38.7131,0,0,0,38.7131,0
58.8602,2.11834,0,0,1.94528,0.131241,0.36288,3.6288,61.308,0.599186,0,0,1.18566,0.259717,0.326756,0.66528,12.849,1,0.457244,0.36288,0,31.7642,5.10058,26.5692,0.84672,12.849,0.84672,3695.15,0,36.966,0.361282,1.32828,2.01883,6.27199,1.20282,8.05499,0.42336,36.966,0.42336,423.524,0,1.02816,0,0,2.35644,1.32828,1.028160,1,0,34.951,0,0,0,34.951,0
57.9899,2.11441,0,0,1.72993,0.122936,0.36288,3.6288,61.308,0.59933,0,0,1.06364,0.244673,0.219641,0.66528,12.849,1,0.461569,0.36288,0,31.66,4.96141,26.5999,0.84672,12.849,0.84672,3695.15,0,36.966,0.361369,1.06025,2.01908,5.99601,1.15829,7.55568,0.42336,36.966,0.42336,423.524,0,1.02816,0,0,2.08841,1.06025,1.028160,1,0,34.3752,0,0,0,34.3752,0
56.8754,2.08795,0,0,1.43974,0.103398,0.36288,3.6288,61.308,0.629138,0,0,0.860388,0.207062,0.0241876,0.66528,12.849,1,0.462634,0.36288,0,30.0906,4.61349,25.3774,0.84672,12.849,0.84672,3695.15,0,36.966,0.379342,0.775457,2.01933,4.40948,1.04695,5.77797,0.42336,36.966,0.42336,423.524,0,1.02816,0,0,1.80362,0.775457,1.028160,1,0,31.1795,0,0,0,31.1795,0
55.7162,2.08088,0,0,1.37004,0.0854459,0.36288,3.6288,61.2804,0.629287,0,0,0.83986,0.238152,0,0.66528,12.849,1,0.470102,0.36288,0,28.5286,5.04783,23.3735,0.84672,12.849,0.84672,3695.15,0,36.966,0.379432,0.708843,2.05149,4.23783,1.19395,5.42479,0.42336,36.966,0.42336,423.524,0,1.02816,0,0,1.737,0.708843,1.028160,1,0,28.7983,0,0,0,28.7983,0
54.3914,2.07325,0,0,1.18368,0.0724398,0.36288,3.6288,61.1874,0.629329,0,0,0.790992,0.254725,0,0.66528,12.849,1,0.478123,0.36288,0,26.3714,5.71258,20.5436,0.84672,12.849,0.84672,3695.15,0,36.966,0.379628,0.649823,2.05175,4.27399,1.42993,5.166,0.42336,36.966,0.42336,423.524,0,1.02816,0,0,1.67798,0.649823,1.028160,1,0,25.7096,0,0,0,25.7096,0
53.0618,2.06415,0,0,1.1691,0.0716594,0.36288,3.6288,61.0864,0.629118,0,0,0.780011,0.251898,0,0.66528,12.849,1,0.487618,0.36288,0,24.4826,5.84818,18.5097,0.84672,12.849,0.84672,3695.15,0,36.966,0.380078,0.727289,2.052,4.23914,1.48023,5.15812,0.42336,36.966,0.42336,423.524,0,1.02816,0,0,1.75545,0.727289,1.028160,1,0,23.6678,0,0,0,23.6678,0
51.6475,2.10826,0,0,1.11398,0.0571534,0.36288,3.6288,60.8491,0.65529,0,0,0.709876,0.291878,0,0.66528,12.849,1,0.510518,0.36288,0,26.4165,6.18334,20.0856,0.84672,12.849,0.84672,3695.15,0,36.966,0.396544,0.425727,2.05226,3.68402,1.49718,4.26828,0.42336,36.966,0.42336,423.524,0,1.02816,0,0,1.45389,0.425727,1.028160,1,0,24.3538,0,0,0,24.3538,0
50.1443,2.09738,0,0,1.01119,0.054101,0.36288,3.6288,60.4718,0.65448,0,0,0.575382,0.29812,0,0.66528,12.849,1,0.521793,0.36288,0,21.2212,6.2392,14.8231,0.84672,12.849,0.84672,3695.15,0,36.966,0.397599,0.423092,2.09776,3.40537,1.50001,4.02861,0.42336,36.966,0.42336,423.524,0,1.02816,0,0,1.45125,0.423092,1.028160,1,0,18.8517,0,0,0,18.8517,0
48.5688,2.08525,0,0,0.925906,0.0532557,0.36288,3.6288,60.045,0.662406,0,0,0.532926,0.297407,0,0.66528,12.849,1,0.534326,0.36288,0,20.1705,6.2392,13.7599,0.84672,12.849,0.84672,3695.15,0,36.966,0.404924,0.227405,2.09803,2.99327,1.50001,3.41376,0.42336,36.966,0.42336,423.524,0,1.01315,0,0,1.24056,0.227405,1.028160,1,0,17.1736,0,0,0,17.1736,0
47.0679,2.07186,0,0,0.978281,0.0444523,0.36288,3.6288,59.7035,0.651487,0,0,0.611794,0.301739,0,0.66528,12.849,1,0.548117,0.36288,0,19.7827,6.38876,13.2088,0.84672,12.849,0.84672,3695.15,0,36.966,0.40108,0.460521,2.09829,3.95971,1.52989,4.58755,0.42336,36.966,0.42336,423.524,0,1.02816,0,0,1.48868,0.460521,1.028160,1,0,17.7963,0,0,0,17.7963,0
45.429,2.21179,0,0,0.983958,0.0481374,0.36288,3.6288,59.3167,0.66528,0,0,0.560006,0.28156,0,0.66528,12.849,1,0.603793,0.36288,0,18.2104,6.43487,11.5346,0.84672,12.849,0.84672,3695.15,0,36.966,0.540659,0.508188,2.09855,4.17993,1.5651,4.68091,0.42336,36.966,0.42336,423.524,0,1.02816,0,0,1.53635,0.508188,1.028160,1,0,16.2155,0,0,0,16.2155,0
43.7814,2.19514,0,0,0.954037,0.0436899,0.36288,3.6288,58.8288,0.66528,0,0,0.491474,0.314114,0,0.66528,12.849,1,0.620867,0.36288,0,17.6532,6.73334,10.6618,0.84672,12.849,0.84672,3695.15,0,36.966,0.540924,0.610563,2.2537,3.62024,1.61923,4.32435,0.42336,36.966,0.42336,423.524,0,1.02816,0,0,1.63872,0.610563,1.028160,1,0,14.9862,0,0,0,14.9862,0
42.0354,2.17741,0,0,0.837207,0.0428817,0.36288,3.6288,58.3245,0.66528,0,0,0.474142,0.313133,0,0.66528,12.849,1,0.639029,0.36288,0,22.4404,6.73334,15.4309,0.84672,12.849,0.84672,3695.15,0,36.966,0.541189,0.537572,2.25399,3.47643,1.61923,4.10757,0.42336,36.966,0.42336,423.524,0,1.02816,0,0,1.56573,0.537572,1.028160,1,0,19.5385,0,0,0,19.5385,0
40.3281,2.15741,0,0,0.855032,0.0420253,0.36288,3.6288,57.891,0.66528,0,0,0.543888,0.312119,0,0.66528,12.849,1,0.659457,0.36288,0,19.4387,6.73334,12.4088,0.84672,12.849,0.84672,3695.15,0,36.966,0.541455,0.626322,2.25428,3.61022,1.61923,4.33012,0.42336,36.966,0.42336,423.524,0,1.02816,0,0,1.65448,0.626322,1.028160,1,0,16.7389,0,0,0,16.7389,0
38.7006,2.13656,0,0,0.911987,0.0400765,0.36288,3.6288,57.5332,0.66528,0,0,0.620965,0.313477,0,0.66528,12.849,1,0.680733,0.36288,0,22.6146,6.67662,15.6201,0.84672,12.849,0.84672,3695.15,0,36.966,0.54172,1.39329,2.25456,4.93347,1.63077,6.40882,0.42336,36.966,0.42336,423.524,0,1.02816,0,0,2.42145,1.39329,1.028160,1,0,22.0289,0,0,0,22.0289,0
37.4784,2.04392,0,0,1.21741,0.0327796,0.36288,3.6288,57.4741,0.66528,0,0,0.932334,0.326102,0,0.66528,12.849,1,0.678604,0.36288,0,27.5963,6.33633,20.9443,0.84672,12.849,0.84672,3695.15,0,36.966,0.448979,2.92372,2.25485,7.46029,1.70001,10.4899,0.42336,36.966,0.42336,423.524,0,1.02816,0,0,3.95188,2.92372,1.028160,1,0,31.4342,0,0,0,31.4342,0
36.3875,2.02775,0,0,1.3816,0.0819202,0.36288,3.6288,57.4293,0.66528,0,0,0.899286,0.278843,0,0.66528,12.849,1,0.695189,0.36288,0,23.2805,5.94982,16.9983,0.84672,12.849,0.84672,3695.15,0,36.966,0.449232,2.66824,2.16543,5.62581,1.56726,8.44299,0.42336,36.966,0.42336,423.524,0,1.02816,0,0,3.6964,2.66824,1.028160,1,0,25.4413,0,0,0,25.4413,0
35.7588,2.01266,0,0,1.82772,0.0808677,0.36288,3.6288,57.6552,0.66528,0,0,1.16994,0.278762,0,0.66528,12.849,1,0.710701,0.36288,0,33.8896,5.94982,27.592,0.84672,12.849,0.84672,3695.15,0,36.966,0.449485,4.08708,2.16571,8.07621,1.56726,12.3123,0.42336,36.966,0.42336,423.524,0,1.02816,0,0,5.11524,4.08708,1.028160,1,0,39.9042,0,0,0,39.9042,0
35.6905,2.00377,0,0,2.37858,0.0802611,0.36288,3.6288,58.3662,0.66528,0,0,1.65548,0.27917,0,0.66528,12.849,1,0.720003,0.36288,0,66.3572,5.94982,60.0502,0.84672,12.849,0.84672,3695.15,0,36.966,0.449738,6.13907,2.16598,9.59083,1.56726,15.8789,0.42336,36.966,0.42336,423.524,0,1.02816,0,0,7.16723,6.13907,1.028160,1,0,75.9291,0,0,0,75.9291,0
34.3369,1.94557,0,0,1.08463,0.129762,0.36288,3.6288,58.2462,0.630954,0,0,0.749878,0.238914,0,0.66528,12.849,1,0.70043,0.36288,0,49.3742,4.46167,44.575,0.84672,12.849,0.84672,3695.15,0,36.966,0.399612,1.64512,2.16625,5.71431,1.12823,7.99784,0.42336,36.966,0.42336,423.524,0,1.02816,0,0,2.67328,1.64512,1.028160,1,0,52.5728,0,0,0,52.5728,0
32.8645,1.92578,0,0,0.963412,0.147153,0.36288,3.6288,58.044,0.630598,0,0,0.650513,0.222126,0,0.66528,12.849,1,0.720633,0.36288,0,34.4955,3.86642,30.2714,0.84672,12.849,0.84672,3695.15,0,36.966,0.400209,0.64571,2.08643,4.88851,0.952613,6.26783,0.42336,36.966,0.42336,423.524,0,1.02816,0,0,1.67387,0.64571,1.028160,1,0,36.5392,0,0,0,36.5392,0
31.958,1.90286,0,0,1.50382,0.144503,0.36288,3.6288,57.9613,0.629893,0,0,0.76902,0.221836,0,0.66528,12.849,1,0.743958,0.36288,0,46.2268,3.86642,41.9793,0.84672,12.849,0.84672,3695.15,0,36.966,0.401155,1.03435,2.08669,6.4781,0.952613,8.24538,0.42336,36.966,0.42336,423.524,0,1.02816,0,0,2.06251,1.03435,1.028160,1,0,50.2247,0,0,0,50.2247,0
33.2108,1.8881,0,0,3.64664,0.142872,0.36288,3.6288,59.0107,0.629691,0,0,1.90075,0.221718,0,0.66528,12.849,1,0.759124,0.36288,0,105.763,3.86642,101.5,0.84672,12.849,0.84672,3695.15,0,36.966,0.401598,4.33185,2.08696,10.7406,0.952613,15.8052,0.42336,36.966,0.42336,423.524,0,1.02816,0,0,5.36001,4.33185,1.028160,1,0,117.306,0,0,0,117.306,0
33.4239,1.74884,0,0,2.49009,0.165286,0.36288,3.6288,59.3545,0.525702,0,0,1.09592,0.226376,0,0.66528,12.849,1,0.676612,0.36288,0,59.5525,3.87389,55.3649,0.84672,12.849,0.84672,3695.15,0,36.966,0.329315,2.52856,2.08722,6.02523,0.948468,9.36323,0.42336,36.966,0.42336,423.524,0,1.02816,0,0,3.55672,2.52856,1.028160,1,0,64.7281,0,0,0,64.7281,0
34.5096,1.75223,0,0,3.39343,0.192674,0.36288,3.6288,59.7951,0.527011,0,0,1.19866,0.231092,0,0.66528,12.849,1,0.673601,0.36288,0,65.6356,3.88385,61.441,0.84672,12.849,0.84672,3695.15,0,36.966,0.328223,3.52212,1.90947,10.1182,0.942941,14.2786,0.42336,36.966,0.42336,423.524,0,1.02816,0,0,4.55028,3.52212,1.028160,1,0,75.7197,0,0,0,75.7197,0
35.656,1.76794,0,0,3.47255,0.195261,0.36288,3.6288,60.2478,0.52864,0,0,1.2131,0.231744,0,0.66528,12.849,1,0.658261,0.36288,0,73.0879,3.88385,68.9087,0.84672,12.849,0.84672,3695.15,0,36.966,0.326811,3.68887,1.90971,12.7876,0.942941,17.1165,0.42336,36.966,0.42336,423.524,0,1.02816,0,0,4.71703,3.68887,1.028160,1,0,86.0252,0,0,0,86.0252,0
36.6196,1.78378,0,0,3.31093,0.200666,0.36288,3.6288,60.5757,0.530296,0,0,1.07558,0.217385,0,0.66528,12.849,1,0.642801,0.36288,0,142.531,3.71884,138.532,0.84672,12.849,0.84672,3695.15,0,36.966,0.325372,2.99562,1.90995,7.78568,0.898203,11.4677,0.42336,36.966,0.42336,423.524,0,1.02816,0,0,4.02378,2.99562,1.028160,1,0,150,0,0,0,150,0
37.2993,1.79658,0,0,3.04042,0.201327,0.36288,3.6288,60.8099,0.531525,0,0,0.96336,0.197569,0,0.66528,12.849,1,0.630378,0.36288,0,104.388,3.38959,100.731,0.84672,12.849,0.84672,3695.15,0,36.966,0.32436,2.47616,1.91019,6.567,0.898378,9.73062,0.42336,36.966,0.42336,423.524,0,1.02816,0,0,3.50432,2.47616,1.028160,1,0,110.461,0,0,0,110.461,0
40.1218,1.869,0,0,5.26097,0.206585,0.36288,3.6288,61.308,0.564246,0,0,1.82534,0.179432,0.583609,0.66528,12.849,1,0.64384,0.36288,0,171.314,3.50963,167.523,0.84672,12.849,0.84672,3695.15,0,36.966,0.343002,3.11164,1.91042,13.4813,0.873005,17.2874,0.42336,36.966,0.42336,423.524,0,1.02816,0,0,4.1398,3.11164,1.028160,1,0,185.394,0,0,0,185.394,0
41.5126,1.90359,0,0,3.87076,0.213501,0.36288,3.6288,61.308,0.566118,0,0,1.83774,0.179999,1.09162,0.66528,12.849,1,0.609623,0.36288,0,113.659,3.50963,109.903,0.84672,12.849,0.84672,3695.15,0,36.966,0.341344,3.39539,1.9662,10.3482,0.873005,14.4955,0.42336,36.966,0.42336,423.524,0,1.02816,0,0,4.42355,3.39539,1.028160,1,0,125.49,0,0,0,125.49,0
44.4295,1.91946,0,0,5.41627,0.217046,0.36288,3.6288,61.308,0.566252,0,0,1.99103,0.179999,1.24478,0.66528,12.849,1,0.594114,0.36288,0,125.556,3.50963,121.816,0.84672,12.849,0.84672,3695.15,0,36.966,0.341425,3.47732,1.96644,12.8889,0.873005,17.1182,0.42336,36.966,0.42336,423.524,0,1.02816,0,0,4.50548,3.47732,1.028160,1,0,140.179,0,0,0,140.179,0
50.3755,1.95001,0,0,8.48336,0.224481,0.36288,3.6288,61.308,0.566386,0,0,2.61705,0.179999,1.87066,0.66528,12.849,1,0.563942,0.36288,0,214.105,3.50963,210.395,0.84672,12.849,0.84672,3695.15,0,36.966,0.341505,4.95606,1.96667,18.7332,0.873005,24.4414,0.42336,36.966,0.42336,423.524,0,1.02816,0,0,5.98422,4.95606,1.028160,1,0,236.707,0,0,0,236.707,0
53.6782,2.22224,0,0,6.18425,0.296388,0.36288,3.6288,61.308,0.66528,0,0,2.16092,0.149157,1.34649,0.66528,12.849,1,0.566815,0.36288,0,203.411,3.80631,199.4,0.84672,12.849,0.84672,3695.15,0,36.966,0.434933,4.01554,1.96691,16.8516,0.886543,21.5126,0.42336,36.966,0.42336,423.524,0,1.02816,0,0,5.0437,4.01554,1.028160,1,0,222.26,0,0,0,222.26,0
53.4345,2.25071,0,0,2.68859,0.318668,0.36288,3.6288,61.308,0.66528,0,0,1.23124,0.118635,0.447328,0.66528,12.849,1,0.538754,0.36288,0,77.2019,3.10989,73.9161,0.84672,12.849,0.84672,3695.15,0,36.966,0.435173,0.77449,2.16705,9.82092,0.679471,11.6478,0.42336,36.966,0.42336,423.524,0,1.02816,0,0,1.80265,0.77449,1.028160,1,0,86.0112,0,0,0,86.0112,0
54.8505,2.24905,0,0,4.34131,0.313465,0.36288,3.6288,61.308,0.66528,0,0,2.13053,0.129701,1.33555,0.66528,12.849,1,0.540813,0.36288,0,122.685,3.37197,119.135,0.84672,12.849,0.84672,3695.15,0,36.966,0.435413,2.53325,2.16731,12.1705,0.761463,15.6742,0.42336,36.966,0.42336,423.524,0,1.02816,0,0,3.56141,2.53325,1.028160,1,0,136.144,0,0,0,136.144,0
56.5605,2.26069,0,0,4.64039,0.306802,0.36288,3.6288,61.308,0.66528,0,0,2.72799,0.157364,1.90535,0.66528,12.849,1,0.529579,0.36288,0,125.257,4.02717,121.063,0.84672,12.849,0.84672,3695.15,0,36.966,0.435653,4.27848,2.16757,15.1889,0.966443,20.2329,0.42336,36.966,0.42336,423.524,0,1.02816,0,0,5.30664,4.27848,1.028160,1,0,143.201,0,0,0,143.201,0
61.0776,1.95458,0,0,7.13125,0.296651,0.36288,3.6288,61.308,0.526045,0,0,3.65278,0.156229,2.97051,0.66528,12.849,1,0.444028,0.36288,0,138.008,3.82809,134.099,0.84672,12.849,0.84672,3695.15,0,36.966,0.317182,4.53624,2.16783,15.1902,0.977637,20.5995,0.42336,36.966,0.42336,423.524,0,1.02816,0,0,5.5644,4.53624,1.028160,1,0,157.669,0,0,0,157.669,0
65.5999,1.98201,0,0,7.16469,0.297545,0.36288,3.6288,61.308,0.526173,0,0,2.92176,0.155377,2.24021,0.66528,12.849,1,0.416958,0.36288,0,118.123,3.67878,114.39,0.84672,12.849,0.84672,3695.15,0,36.966,0.317259,3.14683,1.89533,12.8092,0.986032,16.5481,0.42336,36.966,0.42336,423.524,0,1.02816,0,0,4.17499,3.14683,1.028160,1,0,133.178,0,0,0,133.178,0
67.9462,2.00634,0,0,5.02422,0.308704,0.36288,3.6288,61.308,0.526302,0,0,2.30846,0.155377,1.62678,0.66528,12.849,1,0.39298,0.36288,0,119.418,3.67878,115.709,0.84672,12.849,0.84672,3695.15,0,36.966,0.317337,2.2856,1.89556,10.8491,0.986032,13.7269,0.42336,36.966,0.42336,423.524,0,1.02816,0,0,3.31376,2.2856,1.028160,1,0,131.063,0,0,0,131.063,0
69.8017,2.01805,0,0,4.50709,0.270674,0.36288,3.6288,61.308,0.52643,0,0,1.53426,0.131312,0.876514,0.66528,12.849,1,0.381625,0.36288,0,100.272,3.33,96.9236,0.84672,12.849,0.84672,3695.15,0,36.966,0.317414,1.52048,1.89578,9.57839,0.935931,11.7413,0.42336,36.966,0.42336,423.524,0,1.02816,0,0,2.54864,1.52048,1.028160,1,0,109.541,0,0,0,109.541,0
71.9142,2.02692,0,0,4.75641,0.254057,0.36288,3.6288,61.308,0.526559,0,0,2.17097,0.130918,1.5135,0.66528,12.849,1,0.373112,0.36288,0,108.067,3.29836,104.758,0.84672,12.849,0.84672,3695.15,0,36.966,0.317492,2.81375,1.89601,10.2883,0.939467,13.7411,0.42336,36.966,0.42336,423.524,0,1.02816,0,0,3.84191,2.81375,1.028160,1,0,120.013,0,0,0,120.013,0
72.29,2.1203,0,0,4.29047,0.302288,1.49208,3.6288,61.308,0.56608,0,0,2.47342,0.218798,1.68854,0.66528,12.849,1,0.378837,1.49208,0,92.4566,4.41648,89.1534,0.84672,12.849,0.84672,3695.15,0,36.966,0.341321,4.36917,1.89624,13.1346,1.14856,17.9101,0.42336,36.966,0.42336,423.524,0,1.02816,0,0,5.39733,4.36917,1.028160,1,0,108.752,0,0,0,108.752,0
72.29,2.12229,0,0,4.63421,0.257839,2.25409,3.6288,61.308,0.566214,0,0,1.93899,0.194733,1.17804,0.66528,12.849,1,0.37722,2.25409,0,164.062,4.0677,161.872,0.84672,12.849,0.84672,3695.15,0,36.966,0.341402,4.08057,1.96375,12.7655,1.09846,17.37,0.42336,36.966,0.42336,423.524,0,1.02816,0,0,5.10873,4.08057,1.028160,1,0,180.42,0,0,0,180.42,0
72.29,2.1226,0,0,3.06131,0.257839,0.68087,3.6288,61.308,0.566348,0,0,1.46552,0.194733,0.704436,0.66528,12.849,1,0.377276,0.68087,0,117.755,4.0677,113.99,0.84672,12.849,0.84672,3695.15,0,36.966,0.341483,2.49306,1.96399,8.48707,1.09846,11.5042,0.42336,36.966,0.42336,423.524,0,1.02816,0,0,3.52122,2.49306,1.028160,1,0,126.199,0,0,0,126.199,0
72.29,2.12291,0,0,3.37793,0.257839,0.997179,3.6288,61.308,0.566482,0,0,1.52189,0.194733,0.760678,0.66528,12.849,1,0.377331,0.997179,0,89.0101,4.0677,85.5623,0.84672,12.849,0.84672,3695.15,0,36.966,0.341563,2.72437,1.96422,9.99829,1.09846,13.2469,0.42336,36.966,0.42336,423.524,0,1.02816,0,0,3.75253,2.72437,1.028160,1,0,99.5698,0,0,0,99.5698,0
72.29,2.09042,0,0,3.77334,0.204949,1.47797,3.6288,61.308,0.551308,0,0,2.06653,0.214804,1.30042,0.66528,12.849,1,0.371557,1.47797,0,122.864,4.07544,119.895,0.84672,12.849,0.84672,3695.15,0,36.966,0.332414,5.24103,1.96446,13.1867,1.11216,18.9476,0.42336,36.966,0.42336,423.524,0,1.02816,0,0,6.26919,5.24103,1.028160,1,0,140.143,0,0,0,140.143,0
72.29,2.09073,0,0,2.86326,0.196134,0.576398,3.6288,61.308,0.55144,0,0,1.51582,0.218149,0.74623,0.66528,12.849,1,0.371611,0.576398,0,82.315,4.07673,78.4431,0.84672,12.849,0.84672,3695.15,0,36.966,0.332494,3.61492,1.93849,6.85479,1.11444,10.9613,0.42336,36.966,0.42336,423.524,0,1.02816,0,0,4.64308,3.61492,1.028160,1,0,90.1506,0,0,0,90.1506,0
72.0837,2.09104,0,0,2.44378,0.196134,0.36288,3.6288,61.308,0.551572,0,0,1.43198,0.218149,0.662255,0.66528,12.849,1,0.371666,0.36288,0,72.1837,4.07673,68.0982,0.84672,12.849,0.84672,3695.15,0,36.966,0.332573,3.12708,1.93873,5.8304,1.11444,9.4492,0.42336,36.966,0.42336,423.524,0,1.02816,0,0,4.15524,3.12708,1.028160,1,0,78.2097,0,0,0,78.2097,0
71.6086,2.09044,0,0,2.17403,0.195827,0.36288,3.6288,61.308,0.551704,0,0,1.28133,0.218149,0.511476,0.66528,12.849,1,0.372624,0.36288,0,61.8942,4.07673,57.8077,0.84672,12.849,0.84672,3695.15,0,36.966,0.332653,2.60728,1.93896,4.98528,1.11444,8.08443,0.42336,36.966,0.42336,423.524,0,1.02816,0,0,3.63544,2.60728,1.028160,1,0,66.4036,0,0,0,66.4036,0
70.9902,2.1999,0,0,2.11581,0.171465,0.36288,3.6288,61.308,0.606149,0,0,1.18271,0.227212,0.349351,0.66528,12.849,1,0.394736,0.36288,0,58.1938,4.33602,53.8259,0.84672,12.849,0.84672,3695.15,0,36.966,0.365481,2.43412,1.93919,5.79828,1.12557,8.68054,0.42336,36.966,0.42336,423.524,0,1.02816,0,0,3.46228,2.43412,1.028160,1,0,62.8558,0,0,0,62.8558,0
70.4365,2.19731,0,0,2.14576,0.139264,0.36288,3.6288,61.308,0.606288,0,0,1.18644,0.239295,0.340853,0.66528,12.849,1,0.397706,0.36288,0,57.2142,4.68174,52.4976,0.84672,12.849,0.84672,3695.15,0,36.966,0.365565,2.55101,2.03127,6.90396,1.14041,9.98027,0.42336,36.966,0.42336,423.524,0,1.02816,0,0,3.57917,2.55101,1.028160,1,0,62.8187,0,0,0,62.8187,0
69.79,2.19499,0,0,2.05003,0.138673,0.36288,3.6288,61.308,0.606428,0,0,1.19108,0.239295,0.345362,0.66528,12.849,1,0.400409,0.36288,0,54.6676,4.68174,49.9483,0.84672,12.849,0.84672,3695.15,0,36.966,0.365649,2.86943,2.03152,6.57495,1.14041,9.96984,0.42336,36.966,0.42336,423.524,0,1.02816,0,0,3.89759,2.86943,1.028160,1,0,60.2635,0,0,0,60.2635,0
68.9595,2.19217,0,0,1.89632,0.17175,0.36288,3.6288,61.308,0.606567,0,0,1.1238,0.230077,0.287161,0.66528,12.849,1,0.4036,0.36288,0,50.8617,4.08943,46.7315,0.84672,12.849,0.84672,3695.15,0,36.966,0.365733,2.73416,2.03176,5.98025,1.16326,9.21717,0.42336,36.966,0.42336,423.524,0,1.02816,0,0,3.76232,2.73416,1.028160,1,0,56.2359,0,0,0,56.2359,0
68.2425,2.1884,0,0,1.93263,0.098298,0.36288,3.6288,61.308,0.606706,0,0,1.11057,0.252679,0.251183,0.66528,12.849,1,0.407757,0.36288,0,49.2026,4.2559,44.9019,0.84672,12.849,0.84672,3695.15,0,36.966,0.365817,2.51832,2.032,5.95146,1.20281,8.93315,0.42336,36.966,0.42336,423.524,0,1.02816,0,0,3.54648,2.51832,1.028160,1,0,54.0862,0,0,0,54.0862,0
68.3006,2.16326,0,0,2.70257,0.118359,0.36288,3.6288,61.308,0.636716,0,0,0.953778,0.213956,0.103106,0.66528,12.849,1,0.407309,0.36288,0,54.4333,3.90842,50.4805,0.84672,12.849,0.84672,3695.15,0,36.966,0.383912,1.3406,2.03225,5.5745,1.04018,7.52325,0.42336,36.966,0.42336,423.524,0,1.02816,0,0,2.36876,1.3406,1.028160,1,0,58.1068,0,0,0,58.1068,0
68.2408,2.16387,0,0,2.5714,0.104495,0.36288,3.6288,61.308,0.63686,0,0,0.93109,0.237273,0.0569575,0.66528,12.849,1,0.407077,0.36288,0,51.3069,4.23417,47.0285,0.84672,12.849,0.84672,3695.15,0,36.966,0.383998,1.30834,2.06462,5.41896,1.15043,7.25748,0.42336,36.966,0.42336,423.524,0,1.02816,0,0,2.3365,1.30834,1.028160,1,0,54.343,0,0,0,54.343,0
67.8528,2.16389,0,0,2.22509,0.086297,0.36288,3.6288,61.284,0.637003,0,0,0.876053,0.263003,0,0.66528,12.849,1,0.407437,0.36288,0,47.8657,4.93971,42.8814,0.84672,12.849,0.84672,3695.15,0,36.966,0.384084,1.14682,2.06487,5.41214,1.39802,6.84172,0.42336,36.966,0.42336,423.524,0,1.02816,0,0,2.17498,1.14682,1.028160,1,0,49.7231,0,0,0,49.7231,0
67.423,2.16225,0,0,2.18163,0.0863334,0.36288,3.6288,61.2539,0.637052,0,0,0.865866,0.258944,0,0.66528,12.849,1,0.409456,0.36288,0,44.2384,5.14311,39.0488,0.84672,12.849,0.84672,3695.15,0,36.966,0.384264,1.27894,2.06511,5.33561,1.47347,6.82194,0.42336,36.966,0.42336,423.524,0,1.02816,0,0,2.3071,1.27894,1.028160,1,0,45.8707,0,0,0,45.8707,0
66.9505,2.21672,0,0,2.19275,0.0855765,0.36288,3.6288,61.0214,0.663705,0,0,0.719634,0.288404,0,0.66528,12.849,1,0.422447,0.36288,0,41.1801,5.57031,35.5503,0.84672,12.849,0.84672,3695.15,0,36.966,0.400538,1.0966,2.06536,4.34414,1.46941,5.63615,0.42336,36.966,0.42336,423.524,0,1.02816,0,0,2.12476,1.0966,1.028160,1,0,41.1864,0,0,0,41.1864,0
66.4213,2.21454,0,0,2.13324,0.0850725,0.36288,3.6288,60.7167,0.662901,0,0,0.657953,0.299766,0,0.66528,12.849,1,0.42501,0.36288,0,38.9812,5.74119,33.1779,0.84672,12.849,0.84672,3695.15,0,36.966,0.401577,1.03914,2.11117,4.06337,1.46779,5.34432,0.42336,36.966,0.42336,423.524,0,1.02816,0,0,2.0673,1.03914,1.028160,1,0,38.5222,0,0,0,38.5222,0
65.6478,2.21203,0,0,1.88617,0.0847165,0.36288,3.6288,60.3751,0.661794,0,0,0.619384,0.299188,0,0.66528,12.849,1,0.427911,0.36288,0,36.823,5.74119,31.0168,0.84672,12.849,0.84672,3695.15,0,36.966,0.402918,0.824947,2.11142,3.81198,1.46779,4.87764,0.42336,36.966,0.42336,423.524,0,1.02816,0,0,1.85311,0.824947,1.028160,1,0,35.8944,0,0,0,35.8944,0
64.7064,2.20814,0,0,1.70446,0.0748884,0.36288,3.6288,60.0242,0.660526,0,0,0.613266,0.303689,0,0.66528,12.849,1,0.43219,0.36288,0,34.9059,5.89074,28.9458,0.84672,12.849,0.84672,3695.15,0,36.966,0.404422,0.769651,2.11168,3.80352,1.49767,4.78276,0.42336,36.966,0.42336,423.524,0,1.02816,0,0,1.79781,0.769651,1.028160,1,0,33.7286,0,0,0,33.7286,0
63.3047,2.36721,0,0,1.39869,0.0703205,0.36288,3.6288,59.6376,0.66528,0,0,0.591139,0.31246,0,0.66528,12.849,1,0.470065,0.36288,0,32.6519,6.22223,26.3224,0.84672,12.849,0.84672,3695.15,0,36.966,0.554096,0.790154,2.11193,3.73334,1.47315,4.60818,0.42336,36.966,0.42336,423.524,0,1.02816,0,0,1.81831,0.790154,1.028160,1,0,30.9306,0,0,0,30.9306,0
61.9234,2.3589,0,0,1.40436,0.0638424,0.36288,3.6288,59.168,0.66528,0,0,0.544529,0.348851,0,0.66528,12.849,1,0.478787,0.36288,0,30.3519,6.91824,23.3177,0.84672,12.849,0.84672,3695.15,0,36.966,0.554351,0.835402,2.26815,4.0196,1.64108,4.92772,0.42336,36.966,0.42336,423.524,0,1.02816,0,0,1.86356,0.835402,1.028160,1,0,28.2455,0,0,0,28.2455,0
61.0864,2.35039,0,0,1.93937,0.0631243,0.36288,3.6288,58.7579,0.66528,0,0,0.603047,0.347804,0,0.66528,12.849,1,0.487703,0.36288,0,32.5567,6.91824,25.5137,0.84672,12.849,0.84672,3695.15,0,36.966,0.554607,1.0867,2.26843,4.48094,1.64108,5.64037,0.42336,36.966,0.42336,423.524,0,1.02816,0,0,2.11486,1.0867,1.028160,1,0,31.154,0,0,0,31.154,0
61.1135,2.34521,0,0,2.82359,0.0883839,0.36288,3.6288,58.5558,0.66528,0,0,0.802734,0.339638,0,0.66528,12.849,1,0.493296,0.36288,0,54.3274,6.77832,47.4186,0.84672,12.849,0.84672,3695.15,0,36.966,0.554862,1.35116,2.2687,4.98309,1.61872,6.42936,0.42336,36.966,0.42336,423.524,0,1.02816,0,0,2.37932,1.35116,1.028160,1,0,53.848,0,0,0,53.848,0
60.6289,2.34573,0,0,2.30361,0.0795436,0.36288,3.6288,58.2746,0.66528,0,0,0.7168,0.332635,0,0.66528,12.849,1,0.493186,0.36288,0,62.3279,6.97778,55.2198,0.84672,12.849,0.84672,3695.15,0,36.966,0.555118,1.13532,2.26898,3.771,1.61198,5.0082,0.42336,36.966,0.42336,423.524,0,1.02816,0,0,2.16348,1.13532,1.028160,1,0,60.228,0,0,0,60.228,0
60.6159,2.26373,0,0,2.64584,0.0322503,0.36288,3.6288,58.1808,0.66528,0,0,0.92785,0.356401,0,0.66528,12.849,1,0.479748,0.36288,0,51.8897,6.90628,44.8665,0.84672,12.849,0.84672,3695.15,0,36.966,0.461723,3.44192,2.26925,7.30581,1.68474,10.8705,0.42336,36.966,0.42336,423.524,0,1.02816,0,0,4.47008,3.44192,1.028160,1,0,55.737,0,0,0,55.737,0
60.9388,2.26397,0,0,3.0365,0.0867456,0.36288,3.6288,58.1004,0.66528,0,0,0.900435,0.315599,0,0.66528,12.849,1,0.479903,0.36288,0,44.4766,6.57499,37.7845,0.84672,12.849,0.84672,3695.15,0,36.966,0.461967,3.26746,2.17921,5.3252,1.57095,8.73895,0.42336,36.966,0.42336,423.524,0,1.02816,0,0,4.29562,3.26746,1.028160,1,0,46.5235,0,0,0,46.5235,0
62.9484,2.2664,0,0,4.7258,0.0869788,0.36288,3.6288,58.6126,0.66528,0,0,1.49294,0.315436,0,0.66528,12.849,1,0.477873,0.36288,0,72.3003,6.57499,65.6103,0.84672,12.849,0.84672,3695.15,0,36.966,0.46221,6.37206,2.17947,9.49884,1.57095,16.0172,0.42336,36.966,0.42336,423.524,0,1.02816,0,0,7.40022,6.37206,1.028160,1,0,81.6275,0,0,0,81.6275,0
64.5646,2.27941,0,0,4.34693,0.08843,0.36288,3.6288,59.0039,0.66528,0,0,1.37308,0.316478,0,0.66528,12.849,1,0.465271,0.36288,0,130.997,6.57499,124.32,0.84672,12.849,0.84672,3695.15,0,36.966,0.462454,5.69452,2.17973,8.02898,1.57095,13.8698,0.42336,36.966,0.42336,423.524,0,1.02816,0,0,6.72268,5.69452,1.028160,1,0,138.19,0,0,0,138.19,0
65.0013,2.2238,0,0,3.19675,0.173395,0.36288,3.6288,58.8897,0.641061,0,0,0.760362,0.233509,0,0.66528,12.849,1,0.442558,0.36288,0,65.1619,5.06759,60.0147,0.84672,12.849,0.84672,3695.15,0,36.966,0.401626,1.85832,2.18,5.11133,1.19577,7.55225,0.42336,36.966,0.42336,423.524,0,1.02816,0,0,2.88648,1.85832,1.028160,1,0,67.5669,0,0,0,67.5669,0
65.4655,2.2266,0,0,3.23146,0.1777,0.36288,3.6288,59.0758,0.640726,0,0,1.01692,0.190105,0,0.66528,12.849,1,0.44014,0.36288,0,48.5707,3.98255,44.5109,0.84672,12.849,0.84672,3695.15,0,36.966,0.402194,0.712783,2.09961,7.16832,0.893953,8.68457,0.42336,36.966,0.42336,423.524,0,1.02816,0,0,1.74094,0.712783,1.028160,1,0,53.1955,0,0,0,53.1955,0
66.4924,2.22954,0,0,3.79759,0.178362,0.36288,3.6288,59.9224,0.641648,0,0,1.67863,0.190332,0,0.66528,12.849,1,0.437594,0.36288,0,52.5812,3.98255,48.524,0.84672,12.849,0.84672,3695.15,0,36.966,0.401504,2.22429,2.09986,8.71197,0.893953,11.7407,0.42336,36.966,0.42336,423.524,0,1.02816,0,0,3.25245,2.22429,1.028160,1,0,60.2646,0,0,0,60.2646,0
66.4326,2.23553,0,0,2.73884,0.200218,0.36288,3.6288,60.1915,0.6453,0,0,1.11252,0.198204,0,0.66528,12.849,1,0.431994,0.36288,0,47.0243,4.09852,42.8567,0.84672,12.849,0.84672,3695.15,0,36.966,0.398084,1.24155,2.10012,8.86381,0.92103,10.8864,0.42336,36.966,0.42336,423.524,0,1.02816,0,0,2.26971,1.24155,1.028160,1,0,53.743,0,0,0,53.743,0
70.3086,2.04809,0,0,6.53868,0.251705,0.36288,3.6288,61.308,0.536439,0,0,2.25953,0.215527,0.391028,0.66528,12.849,1,0.396129,0.36288,0,125.026,4.26827,120.725,0.84672,12.849,0.84672,3695.15,0,36.966,0.329449,2.5399,2.10037,16.0632,0.997813,19.3762,0.42336,36.966,0.42336,423.524,0,1.02816,0,0,3.56806,2.5399,1.028160,1,0,140.492,0,0,0,140.492,0
72.29,2.06686,0,0,6.33565,0.280373,2.007,3.6288,61.308,0.540313,0,0,3.07751,0.204289,2.33291,0.66528,12.849,1,0.377721,2.007,0,134.391,4.19597,131.824,0.84672,12.849,0.84672,3695.15,0,36.966,0.325785,2.62609,1.92139,17.4986,1.01726,20.703,0.42336,36.966,0.42336,423.524,0,1.02816,0,0,3.65425,2.62609,1.028160,1,0,154.86,0,0,0,154.86,0
72.29,2.07595,0,0,6.41599,0.292488,4.04755,3.6288,61.308,0.540443,0,0,2.91112,0.199323,2.17135,0.66528,12.849,1,0.368985,4.04755,0,107.356,4.28725,106.748,0.84672,12.849,0.84672,3695.15,0,36.966,0.325863,2.52126,1.92162,14.1599,1.01595,17.261,0.42336,36.966,0.42336,423.524,0,1.02816,0,0,3.54942,2.52126,1.028160,1,0,126.18,0,0,0,126.18,0
72.29,2.07626,0,0,5.79016,0.292488,3.42142,3.6288,61.308,0.540574,0,0,3.21732,0.199323,2.47742,0.66528,12.849,1,0.369039,3.42142,0,126.223,4.28725,124.988,0.84672,12.849,0.84672,3695.15,0,36.966,0.325942,2.78164,1.92185,14.004,1.01595,17.3656,0.42336,36.966,0.42336,423.524,0,1.02816,0,0,3.8098,2.78164,1.028160,1,0,144.831,0,0,0,144.831,0
72.29,2.07657,0,0,6.10995,0.292488,3.7409,3.6288,61.308,0.540705,0,0,3.742,0.199323,3.00197,0.66528,12.849,1,0.369094,3.7409,0,130.741,4.28725,129.826,0.84672,12.849,0.84672,3695.15,0,36.966,0.326021,3.34659,1.92208,17.1723,1.01595,21.099,0.42336,36.966,0.42336,423.524,0,1.02816,0,0,4.37475,3.34659,1.028160,1,0,153.927,0,0,0,153.927,0
72.29,2.14997,0,0,8.58895,0.24778,6.1912,3.6288,61.308,0.57296,0,0,4.81324,0.221425,4.01886,0.66528,12.849,1,0.382142,6.1912,0,233.283,3.87115,235.22,0.84672,12.849,0.84672,3695.15,0,36.966,0.345469,3.815,1.9223,20.1747,1.04242,24.5241,0.42336,36.966,0.42336,423.524,0,1.02816,0,0,4.84316,3.815,1.028160,1,0,263.763,0,0,0,263.763,0
72.29,2.15028,0,0,9.85625,0.27095,7.43503,3.6288,61.308,0.573088,0,0,3.51564,0.217025,2.72553,0.66528,12.849,1,0.382195,7.43503,0,241.2,3.74293,244.51,0.84672,12.849,0.84672,3695.15,0,36.966,0.345547,6.15921,1.97845,22.8145,1.0717,29.5349,0.42336,36.966,0.42336,423.524,0,1.02816,0,0,7.18737,6.15921,1.028160,1,0,276.771,0,0,0,276.771,0
72.29,2.15058,0,0,6.23064,0.27095,3.80911,3.6288,61.308,0.573217,0,0,2.18475,0.217025,1.3945,0.66528,12.849,1,0.382249,3.80911,0,173.483,3.74293,173.166,0.84672,12.849,0.84672,3695.15,0,36.966,0.345624,2.77228,1.97868,12.4041,1.0717,15.7377,0.42336,36.966,0.42336,423.524,0,1.02816,0,0,3.80044,2.77228,1.028160,1,0,190.299,0,0,0,190.299,0
72.29,2.15088,0,0,5.07382,0.27095,2.65199,3.6288,61.308,0.573345,0,0,1.6432,0.217025,0.852829,0.66528,12.849,1,0.382302,2.65199,0,131.168,3.74293,129.695,0.84672,12.849,0.84672,3695.15,0,36.966,0.345702,1.43588,1.9789,7.95044,1.0717,9.94783,0.42336,36.966,0.42336,423.524,0,1.02816,0,0,2.46404,1.43588,1.028160,1,0,140.496,0,0,0,140.496,0
72.29,2.38604,0,0,6.40043,0.291226,3.72315,3.6288,61.308,0.66528,0,0,2.70563,0.196953,1.8434,0.66528,12.849,1,0.424101,3.72315,0,164.562,3.26508,164.596,0.84672,12.849,0.84672,3695.15,0,36.966,0.447391,2.35693,1.97913,13.7308,1.01929,16.6002,0.42336,36.966,0.42336,423.524,0,1.02816,0,0,3.38509,2.35693,1.028160,1,0,183.039,0,0,0,183.039,0
72.29,2.38638,0,0,4.96933,0.277505,2.30545,3.6288,61.308,0.66528,0,0,2.63838,0.224298,1.7488,0.66528,12.849,1,0.42416,2.30545,0,141.407,3.52947,139.759,0.84672,12.849,0.84672,3695.15,0,36.966,0.447622,2.1113,2.18063,12.6634,1.16014,15.3476,0.42336,36.966,0.42336,423.524,0,1.02816,0,0,3.13946,2.1113,1.028160,1,0,156.856,0,0,0,156.856,0
72.29,2.38671,0,0,5.74493,0.277505,3.08072,3.6288,61.308,0.66528,0,0,2.29509,0.224298,1.40552,0.66528,12.849,1,0.424219,3.08072,0,113.626,3.52947,112.753,0.84672,12.849,0.84672,3695.15,0,36.966,0.447852,1.67137,2.18088,9.41077,1.16014,11.655,0.42336,36.966,0.42336,423.524,0,1.02816,0,0,2.69953,1.67137,1.028160,1,0,125.814,0,0,0,125.814,0
72.29,2.38704,0,0,3.76571,0.288658,1.09001,3.6288,61.308,0.66528,0,0,2.06153,0.197983,1.19827,0.66528,12.849,1,0.424278,1.09001,0,128.006,3.17985,125.492,0.84672,12.849,0.84672,3695.15,0,36.966,0.448082,1.37336,2.18113,7.89808,1.08571,9.91879,0.42336,36.966,0.42336,423.524,0,1.02816,0,0,2.40152,1.37336,1.028160,1,0,136.609,0,0,0,136.609,0
72.29,2.05221,0,0,5.6901,0.285363,3.35253,3.6288,61.308,0.532699,0,0,1.96132,0.163951,1.26467,0.66528,12.849,1,0.364764,3.35253,0,162.187,2.93059,162.245,0.84672,12.849,0.84672,3695.15,0,36.966,0.321194,1.94371,2.18138,9.26182,0.993986,12.0717,0.42336,36.966,0.42336,423.524,0,1.02816,0,0,2.97187,1.94371,1.028160,1,0,175.581,0,0,0,175.581,0
72.29,2.0525,0,0,4.48153,0.282832,2.1462,3.6288,61.308,0.532822,0,0,1.68834,0.24133,0.91419,0.66528,12.849,1,0.364816,2.1462,0,138.056,4.1032,135.734,0.84672,12.849,0.84672,3695.15,0,36.966,0.321268,2.49916,1.90701,8.7677,1.14582,11.7068,0.42336,36.966,0.42336,423.524,0,1.02816,0,0,3.52732,2.49916,1.028160,1,0,148.355,0,0,0,148.355,0
72.29,2.05279,0,0,4.38652,0.300933,2.0328,3.6288,61.308,0.532946,0,0,4.18154,0.199773,3.44883,0.66528,12.849,1,0.364867,2.0328,0,193.067,3.35485,191.38,0.84672,12.849,0.84672,3695.15,0,36.966,0.321343,4.30514,1.90723,11.8792,0.902837,16.8674,0.42336,36.966,0.42336,423.524,0,1.02816,0,0,5.3333,4.30514,1.028160,1,0,211.696,0,0,0,211.696,0
72.29,2.05308,0,0,4.2172,0.300933,1.86319,3.6288,61.308,0.533069,0,0,1.91449,0.199773,1.18164,0.66528,12.849,1,0.364919,1.86319,0,150.533,3.35485,148.676,0.84672,12.849,0.84672,3695.15,0,36.966,0.321417,3.02702,1.90745,9.00521,0.902837,12.7154,0.42336,36.966,0.42336,423.524,0,1.02816,0,0,4.05518,3.02702,1.028160,1,0,162.573,0,0,0,162.573,0
72.29,2.05336,0,0,6.31683,0.300933,3.96254,3.6288,61.308,0.533192,0,0,5.45624,0.199773,4.72327,0.66528,12.849,1,0.36497,3.96254,0,162.377,3.35485,162.619,0.84672,12.849,0.84672,3695.15,0,36.966,0.321491,7.12981,1.90766,13.5635,0.902837,21.3767,0.42336,36.966,0.42336,423.524,0,1.02816,0,0,8.15797,7.12981,1.028160,1,0,188.719,0,0,0,188.719,0
72.29,2.13807,0,0,3.10603,0.292075,0.675881,3.6288,61.308,0.572975,0,0,1.90779,0.162795,1.17202,0.66528,12.849,1,0.380026,0.675881,0,103.802,4.41609,99.6816,0.84672,12.849,0.84672,3695.15,0,36.966,0.345479,3.08207,1.90788,10.3171,1.09873,13.8628,0.42336,36.966,0.42336,423.524,0,1.02816,0,0,4.11023,3.08207,1.028160,1,0,114.716,0,0,0,114.716,0
72.2855,2.13837,0,0,2.7888,0.292075,0.36288,3.6288,61.308,0.573104,0,0,2.48975,0.162795,1.75386,0.66528,12.849,1,0.380079,0.36288,0,91.9702,4.41609,87.5369,0.84672,12.849,0.84672,3695.15,0,36.966,0.345556,3.15801,1.97585,11.5031,1.09873,15.1927,0.42336,36.966,0.42336,423.524,0,1.02816,0,0,4.18617,3.15801,1.028160,1,0,104.483,0,0,0,104.483,0
72.2829,2.13865,0,0,2.79099,0.292065,0.36288,3.6288,61.308,0.573232,0,0,2.35505,0.162795,1.61902,0.66528,12.849,1,0.380153,0.36288,0,101.353,4.41609,96.9199,0.84672,12.849,0.84672,3695.15,0,36.966,0.345634,3.61878,1.97607,11.7331,1.09873,15.8836,0.42336,36.966,0.42336,423.524,0,1.02816,0,0,4.64694,3.61878,1.028160,1,0,114.423,0,0,0,114.423,0
72.0096,2.13894,0,0,2.50238,0.273775,0.36288,3.6288,61.308,0.573361,0,0,1.49816,0.18253,0.742268,0.66528,12.849,1,0.380218,0.36288,0,78.8918,4.67091,74.2036,0.84672,12.849,0.84672,3695.15,0,36.966,0.345711,2.11956,1.9763,7.01385,1.17002,9.59398,0.42336,36.966,0.42336,423.524,0,1.02816,0,0,3.14772,2.11956,1.028160,1,0,84.5398,0,0,0,84.5398,0
71.622,2.10501,0,0,2.33977,0.259509,0.36288,3.6288,61.308,0.558078,0,0,1.61086,0.233794,0.818986,0.66528,12.849,1,0.375606,0.36288,0,63.3791,5.28284,58.0835,0.84672,12.849,0.84672,3695.15,0,36.966,0.336496,2.36317,1.97652,9.29474,1.25064,12.0473,0.42336,36.966,0.42336,423.524,0,1.02816,0,0,3.39133,2.36317,1.028160,1,0,70.9498,0,0,0,70.9498,0
71.2991,2.10358,0,0,2.37129,0.22771,0.36288,3.6288,61.308,0.558205,0,0,1.4438,0.220983,0.664617,0.66528,12.849,1,0.377383,0.36288,0,63.3358,4.55014,58.7711,0.84672,12.849,0.84672,3695.15,0,36.966,0.336573,2.05878,1.95037,7.13007,1.12844,9.67421,0.42336,36.966,0.42336,423.524,0,1.02816,0,0,3.08694,2.05878,1.028160,1,0,69.11,0,0,0,69.11,0
70.7593,2.10243,0,0,2.11987,0.194407,0.36288,3.6288,61.308,0.558331,0,0,1.62614,0.210796,0.857016,0.66528,12.849,1,0.378884,0.36288,0,55.0237,4.00816,50.9995,0.84672,12.849,0.84672,3695.15,0,36.966,0.336649,1.69832,1.95059,6.71466,1.06608,8.96085,0.42336,36.966,0.42336,423.524,0,1.02816,0,0,2.72648,1.69832,1.028160,1,0,60.8174,0,0,0,60.8174,0
70.1147,2.10028,0,0,2.0122,0.193604,0.36288,3.6288,61.308,0.558458,0,0,1.43888,0.210796,0.669626,0.66528,12.849,1,0.381384,0.36288,0,47.0856,4.00816,43.0589,0.84672,12.849,0.84672,3695.15,0,36.966,0.336725,1.48026,1.95082,6.21902,1.06608,8.24729,0.42336,36.966,0.42336,423.524,0,1.02816,0,0,2.50842,1.48026,1.028160,1,0,51.9758,0,0,0,51.9758,0
69.2833,2.20924,0,0,1.91548,0.174801,0.36288,3.6288,61.308,0.613264,0,0,1.3119,0.214872,0.483762,0.66528,12.849,1,0.404858,0.36288,0,46.9456,4.23901,42.6646,0.84672,12.849,0.84672,3695.15,0,36.966,0.369771,1.23936,1.95104,6.02224,1.09383,7.74904,0.42336,36.966,0.42336,423.524,0,1.02816,0,0,2.26752,1.23936,1.028160,1,0,50.8974,0,0,0,50.8974,0
68.4771,2.20545,0,0,1.8915,0.129353,0.36288,3.6288,61.308,0.613397,0,0,1.10233,0.225064,0.263865,0.66528,12.849,1,0.409014,0.36288,0,48.3606,4.81614,43.4983,0.84672,12.849,0.84672,3695.15,0,36.966,0.369851,0.879422,2.04373,5.70042,1.16321,7.09051,0.42336,36.966,0.42336,423.524,0,1.02816,0,0,1.90758,0.879422,1.028160,1,0,50.8527,0,0,0,50.8527,0
67.5951,2.2017,0,0,1.81117,0.128543,0.36288,3.6288,61.308,0.613531,0,0,1.12061,0.225064,0.282013,0.66528,12.849,1,0.413126,0.36288,0,46.1408,4.81614,41.2744,0.84672,12.849,0.84672,3695.15,0,36.966,0.369932,1.11054,2.04396,5.42745,1.16321,7.04881,0.42336,36.966,0.42336,423.524,0,1.02816,0,0,2.1387,1.11054,1.028160,1,0,48.6052,0,0,0,48.6052,0
66.547,2.19748,0,0,1.66833,0.15611,0.36288,3.6288,61.308,0.613664,0,0,1.05014,0.217163,0.219313,0.66528,12.849,1,0.417714,0.36288,0,43.133,4.30845,38.7697,0.84672,12.849,0.84672,3695.15,0,36.966,0.370012,1.00498,2.0442,4.96988,1.18279,6.46625,0.42336,36.966,0.42336,423.524,0,1.02816,0,0,2.03314,1.00498,1.028160,1,0,45.4552,0,0,0,45.4552,0
65.4725,2.19227,0,0,1.5764,0.0957713,0.36288,3.6288,61.308,0.613798,0,0,1.05636,0.240752,0.201812,0.66528,12.849,1,0.423287,0.36288,0,40.42,4.41617,35.9434,0.84672,12.849,0.84672,3695.15,0,36.966,0.370093,1.01879,2.04443,4.92815,1.24319,6.37809,0.42336,36.966,0.42336,423.524,0,1.02816,0,0,2.04695,1.01879,1.028160,1,0,42.5233,0,0,0,42.5233,0
64.5567,2.16492,0,0,1.71955,0.10756,0.36288,3.6288,60.8897,0.853497,0,0,0.669453,0.234217,0,0.66528,12.849,1,0.424866,0.36288,0,35.2723,4.96377,30.2465,0.84672,12.849,0.84672,3695.15,0,36.966,0.514621,0.30119,2.04467,4.31549,1.092,5.05473,0.42336,36.966,0.42336,423.524,0,0.692349,0,0,0.99354,0.30119,1.028160,1,0,35.3013,0,0,0,35.3013,0
63.6199,2.16019,0,0,1.69303,0.106772,0.36288,3.6288,60.4811,0.81592,0,0,0.640907,0.233598,0,0.66528,12.849,1,0.429953,0.36288,0,33.2046,4.96377,28.1737,0.84672,12.849,0.84672,3695.15,0,36.966,0.495343,0.261274,2.07724,4.50284,1.092,5.25402,0.42336,36.966,0.42336,423.524,0,0.749425,0,0,1.0107,0.261274,1.028160,1,0,33.4277,0,0,0,33.4277,0
62.6247,2.15523,0,0,1.61106,0.0880904,0.36288,3.6288,60.0057,0.837167,0,0,0.625616,0.26392,0,0.66528,12.849,1,0.435281,0.36288,0,31.4809,5.39811,26.0104,0.84672,12.849,0.84672,3695.15,0,36.966,0.511675,0.261274,2.07748,4.32756,1.23899,4.91564,0.42336,36.966,0.42336,423.524,0,0.712066,0,0,0.973339,0.261274,1.028160,1,0,30.926,0,0,0,30.926,0
61.4294,2.14979,0,0,1.3919,0.0745574,0.36288,3.6288,59.46,0.855244,0,0,0.589225,0.279604,0,0.66528,12.849,1,0.441082,0.36288,0,29.1004,6.06286,22.9593,0.84672,12.849,0.84672,3695.15,0,36.966,0.526866,0.261274,2.07772,4.36448,1.47498,4.70162,0.42336,36.966,0.42336,423.524,0,0.679018,0,0,0.940291,0.261274,1.028160,1,0,27.6609,0,0,0,27.6609,0
60.1595,2.19884,0,0,1.36293,0.0710719,0.36288,3.6288,58.7436,0.948653,0,0,0.532809,0.30055,0,0.66528,12.849,1,0.459925,0.36288,0,25.6919,6.06328,19.5316,0.84672,12.849,0.84672,3695.15,0,36.966,0.589773,0.261274,2.07796,3.66233,1.49351,3.91828,0.42336,36.966,0.42336,423.524,0,0.565903,0,0,0.827176,0.261274,1.028160,1,0,23.4499,0,0,0,23.4499,0
59.1129,2.19115,0,0,1.57556,0.068128,0.36288,3.6288,58.2148,0.890531,0,0,0.679209,0.317514,0,0.66528,12.849,1,0.46799,0.36288,0,33.8157,5.9619,27.7487,0.84672,12.849,0.84672,3695.15,0,36.966,0.56039,0.261274,2.12406,3.86026,1.46969,4.21551,0.42336,36.966,0.42336,423.524,0,0.653633,0,0,0.914907,0.261274,1.028160,1,0,31.9642,0,0,0,31.9642,0
57.9321,2.18465,0,0,1.43413,0.0674472,0.36288,3.6288,57.6038,0.85475,0,0,0.560213,0.316435,0,0.66528,12.849,1,0.474863,0.36288,0,27.2367,5.9619,21.1629,0.84672,12.849,0.84672,3695.15,0,36.966,0.54276,0.227405,2.1243,3.58706,1.46969,3.92632,0.42336,36.966,0.42336,423.524,0,0.70727,0,0,0.934675,0.227405,1.028160,1,0,25.0892,0,0,0,25.0892,0
56.6298,2.17703,0,0,1.30433,0.066679,0.36288,3.6288,56.8702,0.940121,0,0,0.52172,0.315189,0,0.66528,12.849,1,0.482852,0.36288,0,25.3908,5.9619,19.3089,0.84672,12.849,0.84672,3695.15,0,36.966,0.603302,0.227405,2.12455,3.19677,1.46969,3.47573,0.42336,36.966,0.42336,423.524,0,0.561583,0,0,0.788988,0.227405,1.028160,1,0,22.7847,0,0,0,22.7847,0
55.2543,2.32955,0,0,1.37848,0.0615313,0.36288,3.6288,56.2362,0.923178,0,0,0.600694,0.311552,0,0.66528,12.849,1,0.528562,0.36288,0,24.9732,6.05178,18.7558,0.84672,12.849,0.84672,3695.15,0,36.966,0.600071,0.227405,2.12479,4.21337,1.47718,4.48831,0.42336,36.966,0.42336,423.524,0,0.737199,0,0,0.964604,0.227405,1.028160,1,0,23.2441,0,0,0,23.2441,0
53.529,2.3192,0,0,1.05132,0.0946105,0.36288,3.6288,55.3927,1.08428,0,0,0.503182,0.262386,0,0.66528,12.849,1,0.539313,0.36288,0,23.203,5.54421,17.4823,0.84672,12.849,0.84672,3695.15,0,36.966,0.712735,0.227405,2.28203,2.80649,1.31297,3.29022,0.42336,36.966,0.42336,423.524,0,0.463679,0,0,0.691084,0.227405,1.028160,1,0,20.7726,0,0,0,20.7726,0
51.7857,2.3055,0,0,1.01807,0.0929752,0.36288,3.6288,54.5414,1.07531,0,0,0.484974,0.26094,0,0.66528,12.849,1,0.553408,0.36288,0,22.9978,5.54421,17.263,0.84672,12.849,0.84672,3695.15,0,36.966,0.717605,0.204422,2.2823,2.83564,1.31297,3.29178,0.42336,36.966,0.42336,423.524,0,0.46802,0,0,0.672443,0.204422,1.028160,1,0,20.5548,0,0,0,20.5548,0
50.3028,2.29089,0,0,1.26223,0.0913229,0.36288,3.6288,53.7782,1.02297,0,0,0.519165,0.259482,0,0.66528,12.849,1,0.568413,0.36288,0,22.5209,5.54421,16.7712,0.84672,12.849,0.84672,3695.15,0,36.966,0.69333,0.204422,2.28256,4.15926,1.31297,4.63994,0.42336,36.966,0.42336,423.524,0,0.544882,0,0,0.749304,0.204422,1.028160,1,0,21.4111,0,0,0,21.4111,0
48.5254,2.27786,0,0,0.955282,0.091981,0.36288,3.6288,52.9217,1.06183,0,0,0.463598,0.258195,0,0.66528,12.849,1,0.58184,0.36288,0,21.3238,5.55531,15.5495,0.84672,12.849,0.84672,3695.15,0,36.966,0.729883,0.204422,2.28282,2.75159,1.3108,3.19816,0.42336,36.966,0.42336,423.524,0,0.469714,0,0,0.674136,0.204422,1.028160,1,0,18.7477,0,0,0,18.7477,0
46.9324,2.18503,0,0,1.10294,0.148009,0.36288,3.6288,51.9774,1.10583,0,0,0.36207,0.20054,0,0.66528,12.849,1,0.578572,0.36288,0,22.277,4.53855,17.5228,0.84672,12.849,0.84672,3695.15,0,36.966,0.772424,0.204422,2.28309,2.115,1.16421,2.66588,0.42336,36.966,0.42336,423.524,0,0.289155,0,0,0.493577,0.204422,1.028160,1,0,20.1887,0,0,0,20.1887,0
45.5604,2.16991,0,0,1.32309,0.16234,0.36288,3.6288,51.4571,0.943477,0,0,0.610558,0.187391,0,0.66528,12.849,1,0.594072,0.36288,0,25.8015,4.28873,21.2816,0.84672,12.849,0.84672,3695.15,0,36.966,0.670995,0.216518,2.19244,2.90578,1.13346,3.51028,0.42336,36.966,0.42336,423.524,0,0.553167,0,0,0.769686,0.216518,1.028160,1,0,24.7919,0,0,0,24.7919,0
44.1629,2.15626,0,0,1.28158,0.159881,0.36288,3.6288,50.9434,0.938414,0,0,0.611345,0.186605,0,0.66528,12.849,1,0.608111,0.36288,0,24.7487,4.28873,20.2147,0.84672,12.849,0.84672,3695.15,0,36.966,0.674142,0.216518,2.19269,2.66053,1.13346,3.26214,0.42336,36.966,0.42336,423.524,0,0.555317,0,0,0.771835,0.216518,1.028160,1,0,23.4769,0,0,0,23.4769,0
42.7314,2.14165,0,0,1.23042,0.157376,0.36288,3.6288,50.4887,0.893705,0,0,0.624842,0.185828,0,0.66528,12.849,1,0.623104,0.36288,0,23.5832,4.28873,19.0343,0.84672,12.849,0.84672,3695.15,0,36.966,0.648497,0.216518,2.19294,2.6309,1.13346,3.2584,0.42336,36.966,0.42336,423.524,0,0.625905,0,0,0.842423,0.216518,1.028160,1,0,22.2927,0,0,0,22.2927,0
41.7005,2.06498,0,0,1.57912,0.182241,0.36288,3.6288,50.2409,0.721975,0,0,0.68643,0.212335,0,0.66528,12.849,1,0.620922,0.36288,0,33.5783,4.21968,29.1006,0.84672,12.849,0.84672,3695.15,0,36.966,0.528603,0.216518,2.19319,3.32188,1.11792,4.08507,0.42336,36.966,0.42336,423.524,0,0.831911,0,0,1.04843,0.216518,1.028160,1,0,33.1857,0,0,0,33.1857,0
40.1038,2.05353,0,0,1.00242,0.18269,0.36288,3.6288,49.6729,0.798172,0,0,0.482736,0.252502,0,0.66528,12.849,1,0.632745,0.36288,0,18.5359,4.08219,14.1839,0.84672,12.849,0.84672,3695.15,0,36.966,0.587275,0.216518,2.11227,2.1173,1.03934,2.81947,0.42336,36.966,0.42336,423.524,0,0.697265,0,0,0.913784,0.216518,1.028160,1,0,17.0033,0,0,0,17.0033,0
38.893,2.03473,0,0,1.36607,0.179272,0.36288,3.6288,49.3508,0.70367,0,0,0.632899,0.251329,0,0.66528,12.849,1,0.651915,0.36288,0,28.7072,4.08219,24.336,0.84672,12.849,0.84672,3695.15,0,36.966,0.523663,0.292723,2.11251,4.19917,1.03934,5.0414,0.42336,36.966,0.42336,423.524,0,0.855602,0,0,1.14833,0.292723,1.028160,1,0,29.3774,0,0,0,29.3774,0
38.4554,2.01976,0,0,2.15131,0.20624,0.36288,3.6288,49.4143,0.603185,0,0,0.906225,0.239535,0,0.66528,12.849,1,0.667264,0.36288,0,40.5572,3.72474,36.5281,0.84672,12.849,0.84672,3695.15,0,36.966,0.451813,0.400982,2.11275,3.90347,0.987426,4.97796,0.42336,36.966,0.42336,423.524,0,1.02816,0,0,1.42914,0.400982,1.028160,1,0,41.506,0,0,0,41.506,0
39.9408,1.84557,0,0,3.9109,0.217,0.36288,3.6288,49.8989,0.501308,0,0,1.22171,0.235823,0,0.66528,12.849,1,0.616656,0.36288,0,48.8951,3.71523,44.9261,0.84672,12.849,0.84672,3695.15,0,36.966,0.37502,0.716057,2.113,6.83786,0.990127,8.30177,0.42336,36.966,0.42336,423.524,0,1.02816,0,0,1.74422,0.716057,1.028160,1,0,53.2279,0,0,0,53.2279,0
42.3991,1.86319,0,0,4.90557,0.221231,0.36288,3.6288,50.3993,0.503515,0,0,1.24435,0.240476,0,0.66528,12.849,1,0.599389,0.36288,0,72.995,4.51605,68.2425,0.84672,12.849,0.84672,3695.15,0,36.966,0.373013,0.772088,1.93283,6.13988,1.13093,7.34085,0.42336,36.966,0.42336,423.524,0,1.02816,0,0,1.80025,0.772088,1.028160,1,0,75.5833,0,0,0,75.5833,0
46.2928,1.89012,0,0,6.37447,0.227738,0.36288,3.6288,50.8775,0.505767,0,0,1.22543,0.241463,0,0.66528,12.849,1,0.572799,0.36288,0,77.5336,4.51605,72.8077,0.84672,12.849,0.84672,3695.15,0,36.966,0.370962,0.962747,1.93305,5.13873,1.13093,6.53264,0.42336,36.966,0.42336,423.524,0,1.02816,0,0,1.99091,0.962747,1.028160,1,0,79.3403,0,0,0,79.3403,0
47.9472,1.92811,0,0,4.18341,0.238044,0.36288,3.6288,50.9394,0.507903,0,0,0.812243,0.242406,0,0.66528,12.849,1,0.535163,0.36288,0,58.3913,4.51605,53.7029,0.84672,12.849,0.84672,3695.15,0,36.966,0.369027,0.447241,1.93327,5.43923,1.13093,6.31978,0.42336,36.966,0.42336,423.524,0,1.02816,0,0,1.4754,0.447241,1.028160,1,0,60.0227,0,0,0,60.0227,0
48.8243,1.94294,0,0,3.41031,0.227387,0.36288,3.6288,50.587,0.765063,0,0,0.599261,0.186605,0,0.66528,12.849,1,0.520674,0.36288,0,47.1305,3.42247,43.5502,0.84672,12.849,0.84672,3695.15,0,36.966,0.555196,0.412474,1.93349,3.31607,0.816436,4.2904,0.42336,36.966,0.42336,423.524,0,0.585032,0,0,0.997505,0.412474,1.028160,1,0,47.8406,0,0,0,47.8406,0
53.5655,2.01922,0,0,7.40656,0.28329,0.36288,3.6288,51.9152,0.536858,0,0,2.0336,0.16855,0,0.66528,12.849,1,0.531395,0.36288,0,157.582,3.41557,153.997,0.84672,12.849,0.84672,3695.15,0,36.966,0.392304,1.65915,1.93371,11.111,0.967075,13.3445,0.42336,36.966,0.42336,423.524,0,1.02816,0,0,2.68731,1.65915,1.028160,1,0,167.342,0,0,0,167.342,0
57.2414,2.05743,0,0,6.4165,0.320276,0.36288,3.6288,53.3823,0.542835,0,0,2.17321,0.163292,0,0.66528,12.849,1,0.493526,0.36288,0,150.827,3.41281,147.283,0.84672,12.849,0.84672,3695.15,0,36.966,0.386524,1.11993,1.99021,9.39427,1.02733,11.0906,0.42336,36.966,0.42336,423.524,0,1.02816,0,0,2.14809,1.11993,1.028160,1,0,158.374,0,0,0,158.374,0
60.7247,2.08359,0,0,6.262,0.332273,0.36288,3.6288,53.9844,0.549228,0,0,1.31654,0.165225,0,0.66528,12.849,1,0.467705,0.36288,0,119.217,3.41281,115.7,0.84672,12.849,0.84672,3695.15,0,36.966,0.380328,0.789774,1.99043,7.55896,1.02733,8.93151,0.42336,36.966,0.42336,423.524,0,1.02816,0,0,1.81793,0.789774,1.028160,1,0,124.631,0,0,0,124.631,0
62.8619,2.10602,0,0,4.92743,0.321279,0.36288,3.6288,54.2703,0.556201,0,0,1.01462,0.172488,0,0.66528,12.849,1,0.445621,0.36288,0,88.9626,3.66775,85.2121,0.84672,12.849,0.84672,3695.15,0,36.966,0.380861,0.503194,1.99064,6.28313,1.0929,7.30321,0.42336,36.966,0.42336,423.524,0,1.02085,0,0,1.52404,0.503194,1.028160,1,0,92.5153,0,0,0,92.5153,0
64.3743,2.35004,0,0,4.54333,0.318012,0.36288,3.6288,54.5188,0.728072,0,0,1.1563,0.179743,0,0.66528,12.849,1,0.480349,0.36288,0,78.9584,4.11624,74.7247,0.84672,12.849,0.84672,3695.15,0,36.966,0.495923,0.503194,1.99086,6.20467,1.16862,7.03418,0.42336,36.966,0.42336,423.524,0,0.928791,0,0,1.43198,0.503194,1.028160,1,0,81.7588,0,0,0,81.7588,0
66.0859,2.35976,0,0,4.77628,0.342096,0.36288,3.6288,55.2595,0.66528,0,0,1.59114,0.18515,0,0.66528,12.849,1,0.471003,0.36288,0,100.578,4.75944,95.7107,0.84672,12.849,0.84672,3695.15,0,36.966,0.459567,0.825993,2.19366,8.94015,1.23499,10.2652,0.42336,36.966,0.42336,423.524,0,1.02816,0,0,1.85415,0.825993,1.028160,1,0,105.976,0,0,0,105.976,0
67.9362,2.37028,0,0,4.93029,0.346823,0.36288,3.6288,56.034,0.66528,0,0,1.62586,0.186056,0,0.66528,12.849,1,0.460851,0.36288,0,104.152,4.75944,99.2943,0.84672,12.849,0.84672,3695.15,0,36.966,0.459787,0.727013,2.1939,8.75716,1.23499,9.98329,0.42336,36.966,0.42336,423.524,0,1.02816,0,0,1.75517,0.727013,1.028160,1,0,109.278,0,0,0,109.278,0
70.2705,2.38115,0,0,5.41541,0.337013,0.36288,3.6288,56.8557,0.66528,0,0,1.66843,0.181435,0,0.66528,12.849,1,0.450355,0.36288,0,115.695,4.46662,111.141,0.84672,12.849,0.84672,3695.15,0,36.966,0.460007,0.951523,2.19414,9.896,1.13574,11.4459,0.42336,36.966,0.42336,423.524,0,1.02816,0,0,1.97968,0.951523,1.028160,1,0,122.587,0,0,0,122.587,0
72.29,2.05824,0,0,6.21956,0.330356,1.81151,3.6288,57.8151,0.523658,0,0,1.68195,0.198908,0,0.66528,12.849,1,0.37635,1.81151,0,150.604,4.36492,147.674,0.84672,12.849,0.84672,3695.15,0,36.966,0.340468,1.0485,2.19438,11.6486,1.06179,13.4892,0.42336,36.966,0.42336,423.524,0,1.02816,0,0,2.07666,1.0485,1.028160,1,0,161.163,0,0,0,161.163,0
72.29,2.06744,0,0,7.25198,0.350467,4.83408,3.6288,58.6855,0.527219,0,0,1.60415,0.206565,0,0.66528,12.849,1,0.367472,4.83408,0,198.923,4.31497,199.075,0.84672,12.849,0.84672,3695.15,0,36.966,0.337095,1.3503,1.91822,14.1336,1.01788,16.0471,0.42336,36.966,0.42336,423.524,0,1.02816,0,0,2.37846,1.3503,1.028160,1,0,215.122,0,0,0,215.122,0
72.29,2.06772,0,0,8.53338,0.350467,6.1152,3.6288,59.875,0.530403,0,0,1.92764,0.207727,0,0.66528,12.849,1,0.367521,6.1152,0,241.311,4.31497,242.744,0.84672,12.849,0.84672,3695.15,0,36.966,0.334101,1.7286,1.91843,14.9007,1.01788,17.1958,0.42336,36.966,0.42336,423.524,0,1.02816,0,0,2.75676,1.7286,1.028160,1,0,259.939,0,0,0,259.939,0
72.29,2.06799,0,0,6.40008,0.320872,4.01121,3.6288,60.6041,0.534624,0,0,1.46648,0.202727,0,0.66528,12.849,1,0.36757,4.01121,0,163.262,4.61257,162.293,0.84672,12.849,0.84672,3695.15,0,36.966,0.330069,1.34131,1.91864,12.9688,1.07567,14.823,0.42336,36.966,0.42336,423.524,0,1.02816,0,0,2.36947,1.34131,1.028160,1,0,177.116,0,0,0,177.116,0
72.29,2.06827,0,0,5.51201,0.309035,3.1347,3.6288,61.1502,0.537208,0,0,1.28431,0.201022,0,0.66528,12.849,1,0.36762,3.1347,0,141.686,4.73161,139.721,0.84672,12.849,0.84672,3695.15,0,36.966,0.327675,0.977564,1.91884,10.7972,1.09879,12.2672,0.42336,36.966,0.42336,423.524,0,1.02816,0,0,2.00572,0.977564,1.028160,1,0,151.988,0,0,0,151.988,0
72.29,2.15351,0,0,5.15755,0.32745,2.67659,3.6288,61.308,0.579026,0,0,1.58483,0.196266,0.65172,0.66528,12.849,1,0.38277,2.67659,0,99.7825,4.41805,97.6583,0.84672,12.849,0.84672,3695.15,0,36.966,0.350028,1.0028,1.91905,9.4543,0.940355,11.0858,0.42336,36.966,0.42336,423.524,0,1.02816,0,0,2.03096,1.0028,1.028160,1,0,109.396,0,0,0,109.396,0
72.29,2.1538,0,0,3.27305,0.33052,0.788731,3.6288,61.308,0.710527,0,0,1.06997,0.195552,0.163889,0.66528,12.849,1,0.382821,0.788731,0,69.6268,4.3658,65.6669,0.84672,12.849,0.84672,3695.15,0,36.966,0.428416,0.528595,1.98744,5.33052,0.91395,6.50419,0.42336,36.966,0.42336,423.524,0,0.818467,0,0,1.34706,0.528595,1.028160,1,0,72.335,0,0,0,72.335,0
71.9018,2.15408,0,0,2.45925,0.33052,0.36288,3.6288,61.0352,0.911672,0,0,0.834434,0.195552,0,0.66528,12.849,1,0.382872,0.36288,0,44.7883,4.3658,40.4025,0.84672,12.849,0.84672,3695.15,0,36.966,0.549698,0.528595,1.98766,4.81249,0.91395,5.86509,0.42336,36.966,0.42336,423.524,0,0.496238,0,0,1.02483,0.528595,1.028160,1,0,46.2676,0,0,0,46.2676,0
71.2863,2.15262,0,0,2.19668,0.296653,0.36288,3.6288,60.6228,0.967502,0,0,0.74012,0.185046,0,0.66528,12.849,1,0.384677,0.36288,0,46.3613,3.82382,42.5157,0.84672,12.849,0.84672,3695.15,0,36.966,0.585968,0.528595,1.98787,4.56085,0.851583,5.63977,0.42336,36.966,0.42336,423.524,0,0.404335,0,0,0.93293,0.528595,1.028160,1,0,48.1554,0,0,0,48.1554,0
70.9097,2.11692,0,0,2.36393,0.260755,0.36288,3.6288,60.1621,1.00797,0,0,0.721811,0.174528,0,0.66528,12.849,1,0.381565,0.36288,0,46.1246,3.40741,42.6985,0.84672,12.849,0.84672,3695.15,0,36.966,0.614631,0.528595,1.98809,3.76841,0.842562,4.8279,0.42336,36.966,0.42336,423.524,0,0.310539,0,0,0.839134,0.528595,1.028160,1,0,47.5264,0,0,0,47.5264,0
70.3071,2.11549,0,0,2.14264,0.266843,0.36288,3.6288,59.6005,1.02097,0,0,0.635968,0.176626,0,0.66528,12.849,1,0.383332,0.36288,0,40.1044,3.6371,36.4468,0.84672,12.849,0.84672,3695.15,0,36.966,0.627324,0.528595,1.96176,3.28817,0.898164,4.25304,0.42336,36.966,0.42336,423.524,0,0.285042,0,0,0.813637,0.528595,1.028160,1,0,40.6999,0,0,0,40.6999,0
69.267,2.113,0,0,1.70143,0.26561,0.36288,3.6288,58.9873,0.99131,0,0,0.554128,0.175995,0,0.66528,12.849,1,0.386161,0.36288,0,30.9727,3.6371,27.3123,0.84672,12.849,0.84672,3695.15,0,36.966,0.61484,0.402797,1.96197,3.38073,0.898164,4.23249,0.42336,36.966,0.42336,423.524,0,0.327378,0,0,0.730175,0.402797,1.028160,1,0,31.5448,0,0,0,31.5448,0
68.1268,2.10839,0,0,1.59449,0.263482,0.36288,3.6288,58.3623,0.997957,0,0,0.548238,0.175305,0,0.66528,12.849,1,0.391104,0.36288,0,29.3453,3.6371,25.68,0.84672,12.849,0.84672,3695.15,0,36.966,0.625397,0.402797,1.96219,3.21717,0.898164,4.05859,0.42336,36.966,0.42336,423.524,0,0.310369,0,0,0.713165,0.402797,1.028160,1,0,29.7386,0,0,0,29.7386,0
67.8558,2.215,0,0,2.56011,0.253248,0.36288,3.6288,57.9241,0.955877,0,0,0.700678,0.182929,0,0.66528,12.849,1,0.417757,0.36288,0,38.9029,3.81813,35.0299,0.84672,12.849,0.84672,3695.15,0,36.966,0.605442,0.402797,1.9624,3.1511,0.929903,3.98095,0.42336,36.966,0.42336,423.524,0,0.460806,0,0,0.863603,0.402797,1.028160,1,0,39.0108,0,0,0,39.0108,0
66.8093,2.21389,0,0,1.71982,0.189568,0.36288,3.6288,57.1309,1.06793,0,0,0.493322,0.218642,0,0.66528,12.849,1,0.419216,0.36288,0,30.7386,4.4976,26.1847,0.84672,12.849,0.84672,3695.15,0,36.966,0.681531,0.402797,2.05567,2.53064,1.12323,3.18434,0.42336,36.966,0.42336,423.524,0,0.272868,0,0,0.675665,0.402797,1.028160,1,0,29.369,0,0,0,29.369,0
65.6298,2.20867,0,0,1.54322,0.15109,0.36288,3.6288,56.392,0.998798,0,0,0.479358,0.219413,0,0.66528,12.849,1,0.42478,0.36288,0,26.8886,4.56246,22.2643,0.84672,12.849,0.84672,3695.15,0,36.966,0.646263,0.30119,2.0559,2.36529,1.08227,2.99385,0.42336,36.966,0.42336,423.524,0,0.377473,0,0,0.678663,0.30119,1.028160,1,0,25.2581,0,0,0,25.2581,0
64.4386,2.20258,0,0,1.52389,0.149679,0.36288,3.6288,55.6919,1.00241,0,0,0.520665,0.21836,0,0.66528,12.849,1,0.431221,0.36288,0,26.0026,4.56246,21.3718,0.84672,12.849,0.84672,3695.15,0,36.966,0.6571,0.30119,2.05612,2.59324,1.08227,3.21118,0.42336,36.966,0.42336,423.524,0,0.363226,0,0,0.664416,0.30119,1.028160,1,0,24.583,0,0,0,24.583,0
63.1565,2.19623,0,0,1.42523,0.148254,0.36288,3.6288,54.9409,1.01405,0,0,0.480432,0.217363,0,0.66528,12.849,1,0.437925,0.36288,0,24.3235,4.56246,19.686,0.84672,12.849,0.84672,3695.15,0,36.966,0.673087,0.30119,2.05634,2.27698,1.08227,2.87915,0.42336,36.966,0.42336,423.524,0,0.335804,0,0,0.636994,0.30119,1.028160,1,0,22.5652,0,0,0,22.5652,0
62.0776,2.16727,0,0,1.58871,0.137446,0.36288,3.6288,54.6977,0.717493,0,0,0.712228,0.238002,0,0.66528,12.849,1,0.440925,0.36288,0,35.505,4.57749,30.8495,0.84672,12.849,0.84672,3695.15,0,36.966,0.482752,0.30119,2.05657,3.55746,1.11662,4.31584,0.42336,36.966,0.42336,423.524,0,0.871414,0,0,1.1726,0.30119,1.028160,1,0,35.1654,0,0,0,35.1654,0
60.8991,2.16121,0,0,1.48029,0.134705,0.36288,3.6288,54.5148,0.665492,0,0,0.723799,0.241232,0,0.66528,12.849,1,0.447333,0.36288,0,36.7019,4.58,32.0375,0.84672,12.849,0.84672,3695.15,0,36.966,0.449756,0.261274,2.08934,3.58492,1.12235,4.36343,0.42336,36.966,0.42336,423.524,0,0.956621,0,0,1.21789,0.261274,1.028160,1,0,36.4009,0,0,0,36.4009,0
59.6006,2.15435,0,0,1.34781,0.129051,0.36288,3.6288,54.2138,0.734041,0,0,0.684513,0.251439,0,0.66528,12.849,1,0.454542,0.36288,0,32.3086,4.72114,27.4958,0.84672,12.849,0.84672,3695.15,0,36.966,0.497747,0.261274,2.08957,3.47944,1.17387,4.15867,0.42336,36.966,0.42336,423.524,0,0.840292,0,0,1.10157,0.261274,1.028160,1,0,31.6544,0,0,0,31.6544,0
58.2691,2.14649,0,0,1.2796,0.101761,0.36288,3.6288,53.8176,0.723548,0,0,0.6412,0.313802,0,0.66528,12.849,1,0.46275,0.36288,0,29.1401,5.56805,23.4722,0.84672,12.849,0.84672,3695.15,0,36.966,0.493356,0.261274,2.08979,3.31789,1.483,3.6926,0.42336,36.966,0.42336,423.524,0,0.855386,0,0,1.11666,0.261274,1.028160,1,0,27.1648,0,0,0,27.1648,0
56.6956,2.19379,0,0,1.08963,0.106423,0.36288,3.6288,53.2873,0.8288,0,0,0.600905,0.302481,0,0.66528,12.849,1,0.483755,0.36288,0,26.0306,5.69241,20.2173,0.84672,12.849,0.84672,3695.15,0,36.966,0.569282,0.261274,2.09002,3.10625,1.42549,3.46277,0.42336,36.966,0.42336,423.524,0,0.717673,0,0,0.978947,0.261274,1.028160,1,0,23.6801,0,0,0,23.6801,0
55.1634,2.18313,0,0,1.10519,0.0913563,0.36288,3.6288,52.8332,0.868269,0,0,0.721115,0.30694,0,0.66528,12.849,1,0.494766,0.36288,0,29.3503,6.0354,23.1831,0.84672,12.849,0.84672,3695.15,0,36.966,0.602328,0.261274,2.1364,3.16932,1.45377,3.51091,0.42336,36.966,0.42336,423.524,0,0.645373,0,0,0.906647,0.261274,1.028160,1,0,26.694,0,0,0,26.694,0
53.5858,2.17227,0,0,1.04745,0.089974,0.36288,3.6288,52.379,0.793436,0,0,0.64514,0.305828,0,0.66528,12.849,1,0.505979,0.36288,0,25.9336,6.0354,19.7551,0.84672,12.849,0.84672,3695.15,0,36.966,0.555147,0.227405,2.13664,3.31025,1.45377,3.66538,0.42336,36.966,0.42336,423.524,0,0.767604,0,0,0.995008,0.227405,1.028160,1,0,23.4204,0,0,0,23.4204,0
51.953,2.16054,0,0,0.979189,0.0885506,0.36288,3.6288,51.8303,0.840932,0,0,0.596901,0.304715,0,0.66528,12.849,1,0.518063,0.36288,0,24.6591,6.0354,18.4685,0.84672,12.849,0.84672,3695.15,0,36.966,0.59348,0.227405,2.13687,2.90463,1.45377,3.22166,0.42336,36.966,0.42336,423.524,0,0.68199,0,0,0.909395,0.227405,1.028160,1,0,21.6902,0,0,0,21.6902,0
50.1616,2.30741,0,0,0.96603,0.0870776,0.36288,3.6288,51.2799,0.892786,0,0,0.64579,0.303371,0,0.66528,12.849,1,0.570667,0.36288,0,22.8811,6.0354,16.638,0.84672,12.849,0.84672,3695.15,0,36.966,0.636746,0.227405,2.1371,3.28481,1.45377,3.5588,0.42336,36.966,0.42336,423.524,0,0.743282,0,0,0.970687,0.227405,1.028160,1,0,20.1968,0,0,0,20.1968,0
47.9884,2.29148,0,0,0.562542,0.081464,0.36288,3.6288,50.5717,0.925623,0,0,0.555421,0.338023,0,0.66528,12.849,1,0.586968,0.36288,0,16.3151,6.31701,9.77399,0.84672,12.849,0.84672,3695.15,0,36.966,0.667251,0.227405,2.29533,2.60565,1.52153,2.9396,0.42336,36.966,0.42336,423.524,0,0.680175,0,0,0.90758,0.227405,1.028160,1,0,12.7136,0,0,0,12.7136,0
45.8257,2.27082,0,0,0.550613,0.0795822,0.36288,3.6288,49.8184,0.936542,0,0,0.519305,0.336081,0,0.66528,12.849,1,0.608016,0.36288,0,14.8879,6.31701,8.32578,0.84672,12.849,0.84672,3695.15,0,36.966,0.684577,0.204422,2.29558,2.61527,1.52153,2.90916,0.42336,36.966,0.42336,423.524,0,0.652164,0,0,0.856587,0.204422,1.028160,1,0,11.2349,0,0,0,11.2349,0
43.9364,2.2487,0,0,0.799958,0.0777039,0.36288,3.6288,49.2377,0.843334,0,0,0.596695,0.334016,0,0.66528,12.849,1,0.63051,0.36288,0,16.9565,6.31701,10.3719,0.84672,12.849,0.84672,3695.15,0,36.966,0.625766,0.204422,2.29583,2.89962,1.52153,3.25258,0.42336,36.966,0.42336,423.524,0,0.804419,0,0,1.00884,0.204422,1.028160,1,0,13.6245,0,0,0,13.6245,0
42.3989,2.22802,0,0,1.15299,0.0996076,0.36288,3.6288,48.9129,0.79085,0,0,0.789817,0.323816,0,0.66528,12.849,1,0.651573,0.36288,0,27.6652,6.18559,21.1909,0.84672,12.849,0.84672,3695.15,0,36.966,0.593743,0.204422,2.29608,3.22814,1.49501,3.63989,0.42336,36.966,0.42336,423.524,0,0.88916,0,0,1.09358,0.204422,1.028160,1,0,24.8308,0,0,0,24.8308,0
40.8063,2.13566,0,0,0.935133,0.0291572,0.36288,3.6288,48.3976,0.738065,0,0,0.574157,0.351416,0,0.66528,12.849,1,0.647212,0.36288,0,22.2905,6.78957,15.2166,0.84672,12.849,0.84672,3695.15,0,36.966,0.557794,0.204422,2.29634,2.52768,1.69985,2.77079,0.42336,36.966,0.42336,423.524,0,0.883267,0,0,1.08769,0.204422,1.028160,1,0,17.9874,0,0,0,17.9874,0
39.0914,2.11673,0,0,0.869772,0.105071,0.36288,3.6288,48.0041,0.691384,0,0,0.57987,0.281909,0,0.66528,12.849,1,0.666511,0.36288,0,16.199,4.76112,11.1343,0.84672,12.849,0.84672,3695.15,0,36.966,0.528079,0.216518,2.2051,2.49989,1.23461,3.15882,0.42336,36.966,0.42336,423.524,0,0.959887,0,0,1.17641,0.216518,1.028160,1,0,14.2931,0,0,0,14.2931,0
37.5279,2.095,0,0,1.00856,0.114146,0.36288,3.6288,47.8206,0.650494,0,0,0.752484,0.285559,0,0.66528,12.849,1,0.688608,0.36288,0,17.0141,4.84249,11.8459,0.84672,12.849,0.84672,3695.15,0,36.966,0.500919,0.40271,2.20534,3.44751,1.28121,4.27343,0.42336,36.966,0.42336,423.524,0,1.02816,0,0,1.43087,0.40271,1.028160,1,0,16.1194,0,0,0,16.1194,0
35.9571,2.0739,0,0,0.978005,0.112083,0.36288,3.6288,47.635,0.649536,0,0,0.749053,0.285122,0,0.66528,12.849,1,0.710072,0.36288,0,23.4817,4.84249,18.292,0.84672,12.849,0.84672,3695.15,0,36.966,0.502101,0.394286,2.20559,3.45663,1.28121,4.27319,0.42336,36.966,0.42336,423.524,0,1.02816,0,0,1.42245,0.394286,1.028160,1,0,22.5652,0,0,0,22.5652,0
34.5553,1.99257,0,0,1.04737,0.0936719,0.36288,3.6288,47.7127,0.599918,0,0,0.936789,0.259114,0,0.66528,12.849,1,0.712031,0.36288,0,36.148,4.5179,31.281,0.84672,12.849,0.84672,3695.15,0,36.966,0.465553,0.63669,2.20583,4.24965,1.16932,5.4573,0.42336,36.966,0.42336,423.524,0,1.02816,0,0,1.66485,0.63669,1.028160,1,0,36.7383,0,0,0,36.7383,0
33.6905,1.97178,0,0,1.56142,0.0915338,0.36288,3.6288,47.5607,0.600466,0,0,0.638232,0.18977,0,0.66528,12.849,1,0.733183,0.36288,0,19.2433,3.76481,15.1082,0.84672,12.849,0.84672,3695.15,0,36.966,0.465218,0.290814,2.12438,3.88284,0.964013,4.86881,0.42336,36.966,0.42336,423.524,0,1.02816,0,0,1.31897,0.290814,1.028160,1,0,19.977,0,0,0,19.977,0
32.8847,1.95841,0,0,1.65828,0.142808,0.36288,3.6288,47.049,0.783367,0,0,0.453829,0.182131,0,0.66528,12.849,1,0.746905,0.36288,0,20.8841,3.84268,16.6574,0.84672,12.849,0.84672,3695.15,0,36.966,0.608863,0.292723,2.12461,3.38789,1.06322,4.13314,0.42336,36.966,0.42336,423.524,0,0.701827,0,0,0.99455,0.292723,1.028160,1,0,20.7905,0,0,0,20.7905,0
32.3706,1.94551,0,0,1.9356,0.141389,0.36288,3.6288,47.1606,0.59703,0,0,0.889956,0.181352,0,0.66528,12.849,1,0.760166,0.36288,0,24.3088,3.84268,20.0688,0.84672,12.849,0.84672,3695.15,0,36.966,0.469081,1.27201,2.12485,5.37901,1.06322,7.24356,0.42336,36.966,0.42336,423.524,0,1.02816,0,0,2.30017,1.27201,1.028160,1,0,27.3124,0,0,0,27.3124,0
35.2579,1.77493,0,0,5.16568,0.140484,0.36288,3.6288,48.6617,0.49686,0,0,2.17945,0.181522,0,0.66528,12.849,1,0.704533,0.36288,0,71.4417,3.84268,67.2574,0.84672,12.849,0.84672,3695.15,0,36.966,0.389455,3.27549,2.12508,10.1553,1.06322,14.1032,0.42336,36.966,0.42336,423.524,0,1.02816,0,0,4.30365,3.27549,1.028160,1,0,81.3606,0,0,0,81.3606,0
35.3612,1.81746,0,0,2.46638,0.182824,0.36288,3.6288,48.8443,0.503797,0,0,0.876416,0.190013,0,0.66528,12.849,1,0.662335,0.36288,0,44.2361,4.35067,39.586,0.84672,12.849,0.84672,3695.15,0,36.966,0.382711,1.24679,1.94378,5.10736,0.982201,6.93301,0.42336,36.966,0.42336,423.524,0,1.02816,0,0,2.27495,1.24679,1.028160,1,0,46.519,0,0,0,46.519,0
35.733,1.81912,0,0,2.73694,0.183052,0.36288,3.6288,49.0545,0.50472,0,0,0.905196,0.190301,0,0.66528,12.849,1,0.661005,0.36288,0,55.5632,4.35067,50.9144,0.84672,12.849,0.84672,3695.15,0,36.966,0.381979,1.31469,1.94399,4.44747,0.982201,6.34196,0.42336,36.966,0.42336,423.524,0,1.02816,0,0,2.34285,1.31469,1.028160,1,0,57.2564,0,0,0,57.2564,0
35.7421,1.82443,0,0,2.38021,0.183875,0.36288,3.6288,49.1711,0.505763,0,0,0.813067,0.190632,0,0.66528,12.849,1,0.656033,0.36288,0,44.9065,4.35067,40.2627,0.84672,12.849,0.84672,3695.15,0,36.966,0.381128,0.986481,1.9442,3.58573,0.982201,5.15308,0.42336,36.966,0.42336,423.524,0,1.02816,0,0,2.01464,0.986481,1.028160,1,0,45.4157,0,0,0,45.4157,0
36.2524,1.82479,0,0,2.8768,0.178831,0.36288,3.6288,49.3889,0.506389,0,0,0.938632,0.214485,0,0.66528,12.849,1,0.655999,0.36288,0,42.1062,3.7747,38.0384,0.84672,12.849,0.84672,3695.15,0,36.966,0.380695,1.48303,1.94441,4.35891,0.803748,6.6019,0.42336,36.966,0.42336,423.524,0,1.02816,0,0,2.51119,1.48303,1.028160,1,0,44.6403,0,0,0,44.6403,0
38.2058,1.89623,0,0,4.39851,0.185965,0.36288,3.6288,50.2546,0.537286,0,0,1.60634,0.203353,0,0.66528,12.849,1,0.672085,0.36288,0,112.466,3.64534,108.511,0.84672,12.849,0.84672,3695.15,0,36.966,0.402142,2.83834,1.94462,7.95795,0.857793,11.481,0.42336,36.966,0.42336,423.524,0,1.02816,0,0,3.8665,2.83834,1.028160,1,0,119.992,0,0,0,119.992,0
42.6121,1.6741,0,0,6.63676,0.193494,0.36288,3.6288,51.7366,0.430586,0,0,2.09682,0.184182,0,0.66528,12.849,1,0.563018,0.36288,0,148.949,3.44012,145.309,0.84672,12.849,0.84672,3695.15,0,36.966,0.316728,4.37486,2.00146,12.9654,0.867326,18.1577,0.42336,36.966,0.42336,423.524,0,1.02816,0,0,5.40302,4.37486,1.028160,1,0,163.467,0,0,0,163.467,0
46.4084,1.9738,0,0,6.33673,0.203738,0.36288,3.6288,53.0499,0.548149,0,0,2.04784,0.186415,0,0.66528,12.849,1,0.595167,0.36288,0,143.63,3.44012,139.958,0.84672,12.849,0.84672,3695.15,0,36.966,0.391655,3.43993,1.79097,10.847,0.867326,14.8189,0.42336,36.966,0.42336,423.524,0,1.02816,0,0,4.46809,3.43993,1.028160,1,0,154.777,0,0,0,154.777,0
49.0258,2.01218,0,0,5.20515,0.212705,0.36288,3.6288,54.3405,0.553974,0,0,2.03292,0.188393,0,0.66528,12.849,1,0.557108,0.36288,0,77.8896,3.44012,74.2553,0.84672,12.849,0.84672,3695.15,0,36.966,0.386018,3.63844,2.00187,9.24964,0.867326,13.6366,0.42336,36.966,0.42336,423.524,0,1.02816,0,0,4.6666,3.63844,1.028160,1,0,87.8919,0,0,0,87.8919,0
52.1311,2.25796,0,0,5.93968,0.213514,0.36288,3.6288,55.637,0.66528,0,0,2.14815,0.186363,0,0.66528,12.849,1,0.591781,0.36288,0,101.224,3.33726,97.6575,0.84672,12.849,0.84672,3695.15,0,36.966,0.470779,3.82768,2.00208,11.1498,0.816681,15.6921,0.42336,36.966,0.42336,423.524,0,1.02816,0,0,4.85584,3.82768,1.028160,1,0,113.35,0,0,0,113.35,0
53.542,2.28653,0,0,4.28382,0.2235,0.36288,3.6288,56.3863,0.66528,0,0,1.64052,0.225961,0,0.66528,12.849,1,0.563571,0.36288,0,87.7764,3.79791,83.7778,0.84672,12.849,0.84672,3695.15,0,36.966,0.470989,2.45025,2.20612,7.38968,1.00095,10.5741,0.42336,36.966,0.42336,423.524,0,1.02816,0,0,3.47841,2.45025,1.028160,1,0,94.3519,0,0,0,94.3519,0
55.1526,2.29879,0,0,4.50777,0.235537,0.36288,3.6288,57.057,0.66528,0,0,1.53048,0.194476,0,0.66528,12.849,1,0.551663,0.36288,0,76.0916,3.39696,72.5059,0.84672,12.849,0.84672,3695.15,0,36.966,0.471199,2.12061,2.20635,5.97745,0.846242,8.98697,0.42336,36.966,0.42336,423.524,0,1.02816,0,0,3.14877,2.12061,1.028160,1,0,81.4928,0,0,0,81.4928,0
55.9723,2.31214,0,0,3.73416,0.239403,0.36288,3.6288,57.7572,0.66528,0,0,1.56085,0.195327,0,0.66528,12.849,1,0.538665,0.36288,0,82.3738,3.39696,78.801,0.84672,12.849,0.84672,3695.15,0,36.966,0.471409,2.20843,2.20658,5.75402,0.846242,8.85138,0.42336,36.966,0.42336,423.524,0,1.02816,0,0,3.23659,2.20843,1.028160,1,0,87.6524,0,0,0,87.6524,0
58.1492,1.99375,0,0,4.78244,0.248976,0.36288,3.6288,58.6463,0.532864,0,0,1.62223,0.20033,0,0.66528,12.849,1,0.457684,0.36288,0,77.5941,3.50255,73.9968,0.84672,12.849,0.84672,3695.15,0,36.966,0.341045,2.32549,2.2068,7.72236,0.882002,11.0316,0.42336,36.966,0.42336,423.524,0,1.02816,0,0,3.35365,2.32549,1.028160,1,0,85.0284,0,0,0,85.0284,0
58.8864,2.00803,0,0,3.40917,0.300982,0.36288,3.6288,59.055,0.540899,0,0,1.17598,0.226311,0,0.66528,12.849,1,0.443708,0.36288,0,70.9245,4.13605,66.7076,0.84672,12.849,0.84672,3695.15,0,36.966,0.34094,0.608429,1.92894,6.03232,1.09656,7.13218,0.42336,36.966,0.42336,423.524,0,1.02041,0,0,1.62884,0.608429,1.028160,1,0,73.8398,0,0,0,73.8398,0
60.9716,2.01285,0,0,4.76405,0.303142,0.36288,3.6288,59.8439,0.537695,0,0,1.55348,0.226906,0,0.66528,12.849,1,0.439203,0.36288,0,80.8903,4.13605,76.6779,0.84672,12.849,0.84672,3695.15,0,36.966,0.336575,1.02933,1.92913,7.10559,1.09656,8.63091,0.42336,36.966,0.42336,423.524,0,1.02816,0,0,2.05749,1.02933,1.028160,1,0,85.3088,0,0,0,85.3088,0
64.1088,2.02551,0,0,5.80569,0.28015,0.36288,3.6288,61.308,0.540549,0,0,2.38699,0.212282,0.170078,0.66528,12.849,1,0.426851,0.36288,0,97.1844,4.18173,92.9387,0.84672,12.849,0.84672,3695.15,0,36.966,0.333901,3.4814,1.92933,9.12228,1.01084,13.1883,0.42336,36.966,0.42336,423.524,0,1.02816,0,0,4.50956,3.4814,1.028160,1,0,106.297,0,0,0,106.297,0
66.0509,2.04317,0,0,4.62374,0.275601,0.36288,3.6288,61.308,0.545637,0,0,1.78736,0.207898,1.03382,0.66528,12.849,1,0.409503,0.36288,0,87.4619,4.2,83.2152,0.84672,12.849,0.84672,3695.15,0,36.966,0.328995,2.96139,1.92953,8.31016,0.97655,11.8955,0.42336,36.966,0.42336,423.524,0,1.02816,0,0,3.98955,2.96139,1.028160,1,0,96.1446,0,0,0,96.1446,0
68.622,2.13779,0,0,5.38726,0.315473,0.36288,3.6288,61.308,0.585909,0,0,1.63547,0.184194,0.865372,0.66528,12.849,1,0.415869,0.36288,0,92.7703,4.19708,88.5202,0.84672,12.849,0.84672,3695.15,0,36.966,0.353277,1.66542,1.92973,7.98555,1.00267,10.2248,0.42336,36.966,0.42336,423.524,0,1.02816,0,0,2.69358,1.66542,1.028160,1,0,99.6103,0,0,0,99.6103,0
70.5286,2.15119,0,0,4.75718,0.336442,0.36288,3.6288,61.308,0.586026,0,0,1.73384,0.174712,0.973102,0.66528,12.849,1,0.402795,0.36288,0,88.5436,4.19591,84.3078,0.84672,12.849,0.84672,3695.15,0,36.966,0.353348,2.11391,1.99853,7.42647,1.01312,10.1724,0.42336,36.966,0.42336,423.524,0,1.02816,0,0,3.14207,2.11391,1.028160,1,0,95.4533,0,0,0,95.4533,0
72.29,2.16067,0,0,5.15641,0.341448,0.892932,3.6288,61.308,0.586143,0,0,1.31345,0.174712,0.552598,0.66528,12.849,1,0.393634,0.892932,0,90.7753,4.19591,87.0787,0.84672,12.849,0.84672,3695.15,0,36.966,0.353418,1.72848,1.99873,6.75049,1.01312,9.11117,0.42336,36.966,0.42336,423.524,0,1.02816,0,0,2.75664,1.72848,1.028160,1,0,96.7425,0,0,0,96.7425,0
72.29,2.16909,0,0,4.07876,0.309503,1.60017,3.6288,61.308,0.58626,0,0,1.11828,0.214181,0.317834,0.66528,12.849,1,0.385539,1.60017,0,73.1013,4.70554,69.6104,0.84672,12.849,0.84672,3695.15,0,36.966,0.353489,1.29746,1.99894,6.42749,1.15569,8.21471,0.42336,36.966,0.42336,423.524,0,1.02816,0,0,2.32562,1.29746,1.028160,1,0,78.1429,0,0,0,78.1429,0
72.29,2.13592,0,0,3.64579,0.277913,1.23196,3.6288,61.308,0.570773,0,0,1.17052,0.233089,0.366659,0.66528,12.849,1,0.379644,1.23196,0,62.728,4.91489,58.6654,0.84672,12.849,0.84672,3695.15,0,36.966,0.344151,1.2132,1.99914,5.41995,1.24836,7.03979,0.42336,36.966,0.42336,423.524,0,1.02816,0,0,2.24136,1.2132,1.028160,1,0,66.0718,0,0,0,66.0718,0
72.29,2.13619,0,0,3.65732,0.272365,1.24876,3.6288,61.308,0.570889,0,0,1.40908,0.21883,0.619362,0.66528,12.849,1,0.379692,1.24876,0,63.6811,4.68436,59.8658,0.84672,12.849,0.84672,3695.15,0,36.966,0.34422,1.32339,1.97264,6.41763,1.22934,8.1401,0.42336,36.966,0.42336,423.524,0,1.02816,0,0,2.35155,1.32339,1.028160,1,0,68.6253,0,0,0,68.6253,0
72.29,2.13646,0,0,3.28757,0.272365,0.878742,3.6288,61.308,0.571004,0,0,1.24855,0.21883,0.458715,0.66528,12.849,1,0.37974,0.878742,0,55.0282,4.68436,50.8429,0.84672,12.849,0.84672,3695.15,0,36.966,0.34429,1.05879,1.97285,5.61554,1.22934,7.07355,0.42336,36.966,0.42336,423.524,0,1.02816,0,0,2.08695,1.05879,1.028160,1,0,58.3751,0,0,0,58.3751,0
72.29,2.13673,0,0,3.03458,0.24644,0.65141,3.6288,61.308,0.57112,0,0,1.16889,0.184697,0.413072,0.66528,12.849,1,0.379788,0.65141,0,52.8093,3.9766,49.1043,0.84672,12.849,0.84672,3695.15,0,36.966,0.34436,0.961675,1.97305,5.07114,1.04983,6.61168,0.42336,36.966,0.42336,423.524,0,1.02816,0,0,1.98984,0.961675,1.028160,1,0,56.1291,0,0,0,56.1291,0
72.29,2.25056,0,0,2.96272,0.242119,0.47004,3.6288,61.308,0.626598,0,0,1.24403,0.179008,0.438425,0.66528,12.849,1,0.40002,0.47004,0,47.854,3.85864,44.0654,0.84672,12.849,0.84672,3695.15,0,36.966,0.377811,1.36569,1.97325,5.51807,1.01991,7.45929,0.42336,36.966,0.42336,423.524,0,1.02816,0,0,2.39385,1.36569,1.028160,1,0,51.9631,0,0,0,51.9631,0
72.2466,2.25084,0,0,2.76797,0.197698,0.36288,3.6288,61.308,0.62672,0,0,1.12775,0.215637,0.285396,0.66528,12.849,1,0.40007,0.36288,0,43.1908,4.24442,38.9092,0.84672,12.849,0.84672,3695.15,0,36.966,0.377884,1.15367,2.06708,4.64706,1.15226,6.33767,0.42336,36.966,0.42336,423.524,0,1.02816,0,0,2.18183,1.15367,1.028160,1,0,45.5323,0,0,0,45.5323,0
72.1189,2.25092,0,0,2.68375,0.197633,0.36288,3.6288,61.308,0.626842,0,0,1.03131,0.215637,0.188835,0.66528,12.849,1,0.400325,0.36288,0,39.707,4.24442,35.4252,0.84672,12.849,0.84672,3695.15,0,36.966,0.377958,0.912194,2.06729,4.32228,1.15226,5.77155,0.42336,36.966,0.42336,423.524,0,1.02816,0,0,1.94035,0.912194,1.028160,1,0,41.3855,0,0,0,41.3855,0
71.7252,2.2506,0,0,2.38847,0.168687,0.36288,3.6288,61.308,0.626964,0,0,0.978903,0.234524,0.117416,0.66528,12.849,1,0.400977,0.36288,0,35.1276,4.45862,30.6309,0.84672,12.849,0.84672,3695.15,0,36.966,0.378031,0.83058,2.06751,4.20467,1.20699,5.51774,0.42336,36.966,0.42336,423.524,0,1.02816,0,0,1.85874,0.83058,1.028160,1,0,36.266,0,0,0,36.266,0
71.2279,2.24902,0,0,2.26131,0.14668,0.36288,3.6288,61.308,0.627085,0,0,0.938114,0.248689,0.0623393,0.66528,12.849,1,0.402894,0.36288,0,33.4709,4.61927,28.8116,0.84672,12.849,0.84672,3695.15,0,36.966,0.378105,0.720818,2.06772,4.15827,1.24803,5.32067,0.42336,36.966,0.42336,423.524,0,1.02816,0,0,1.74898,0.720818,1.028160,1,0,34.1947,0,0,0,34.1947,0
70.9455,2.2245,0,0,2.43418,0.129189,0.36288,3.6288,61.308,0.657653,0,0,0.952344,0.197991,0.0967003,0.66528,12.849,1,0.401284,0.36288,0,37.8279,4.24779,33.5417,0.84672,12.849,0.84672,3695.15,0,36.966,0.396535,1.08611,2.06793,4.55157,1.05856,6.25052,0.42336,36.966,0.42336,423.524,0,1.02816,0,0,2.11427,1.08611,1.028160,1,0,39.8889,0,0,0,39.8889,0
70.5637,2.22343,0,0,2.32665,0.122151,0.36288,3.6288,61.308,0.657778,0,0,0.930528,0.177712,0.0950381,0.66528,12.849,1,0.402687,0.36288,0,39.0572,4.0992,34.9182,0.84672,12.849,0.84672,3695.15,0,36.966,0.396611,1.15049,2.10089,4.42022,0.982772,6.29223,0.42336,36.966,0.42336,423.524,0,1.02816,0,0,2.17865,1.15049,1.028160,1,0,41.3055,0,0,0,41.3055,0
69.9803,2.22186,0,0,2.11845,0.117096,0.36288,3.6288,61.308,0.657904,0,0,0.88001,0.188681,0.0334257,0.66528,12.849,1,0.404581,0.36288,0,34.3818,4.24035,30.0998,0.84672,12.849,0.84672,3695.15,0,36.966,0.396687,0.942408,2.10111,4.29017,1.03429,5.90271,0.42336,36.966,0.42336,423.524,0,1.02816,0,0,1.97057,0.942408,1.028160,1,0,36.0359,0,0,0,36.0359,0
69.3209,2.21929,0,0,2.01123,0.0885094,0.36288,3.6288,61.2198,0.658029,0,0,0.824342,0.254495,0,0.66528,12.849,1,0.407482,0.36288,0,31.0098,5.08725,25.878,0.84672,12.849,0.84672,3695.15,0,36.966,0.396762,0.969408,2.10133,4.09099,1.34343,5.42153,0.42336,36.966,0.42336,423.524,0,1.02816,0,0,1.99757,0.969408,1.028160,1,0,31.2995,0,0,0,31.2995,0
68.5515,2.27398,0,0,1.95604,0.0885298,0.36288,3.6288,61.1147,0.66528,0,0,0.825751,0.265585,0,0.66528,12.849,1,0.421494,0.36288,0,30.9773,5.29095,25.6277,0.84672,12.849,0.84672,3695.15,0,36.966,0.433226,1.05386,2.10155,3.99338,1.37664,5.33893,0.42336,36.966,0.42336,423.524,0,1.02816,0,0,2.08202,1.05386,1.028160,1,0,30.9666,0,0,0,30.9666,0
68.1662,2.27028,0,0,2.33702,0.0891721,0.36288,3.6288,61.0675,0.66528,0,0,0.911589,0.29347,0,0.66528,12.849,1,0.425532,0.36288,0,34.3246,5.8002,28.4617,0.84672,12.849,0.84672,3695.15,0,36.966,0.433432,1.3437,2.14819,4.19887,1.45966,5.79767,0.42336,36.966,0.42336,423.524,0,1.02816,0,0,2.37186,1.3437,1.028160,1,0,34.2594,0,0,0,34.2594,0
67.5155,2.26854,0,0,2.06959,0.0889038,0.36288,3.6288,60.9649,0.66528,0,0,0.856043,0.293383,0,0.66528,12.849,1,0.427609,0.36288,0,32.3401,5.8002,26.4752,0.84672,12.849,0.84672,3695.15,0,36.966,0.433638,1.17988,2.14842,4.15801,1.45966,5.593,0.42336,36.966,0.42336,423.524,0,1.02816,0,0,2.20804,1.17988,1.028160,1,0,32.0682,0,0,0,32.0682,0
66.6788,2.26536,0,0,1.88,0.0884506,0.36288,3.6288,60.8393,0.66528,0,0,0.832853,0.293192,0,0.66528,12.849,1,0.431126,0.36288,0,30.443,5.8002,24.5746,0.84672,12.849,0.84672,3695.15,0,36.966,0.433844,1.03728,2.14864,4.00956,1.45966,5.30198,0.42336,36.966,0.42336,423.524,0,1.02816,0,0,2.06544,1.03728,1.028160,1,0,29.8766,0,0,0,29.8766,0
65.4078,2.42905,0,0,1.5923,0.0713504,0.36288,3.6288,60.7038,0.66528,0,0,0.828334,0.2986,0,0.66528,12.849,1,0.468079,0.36288,0,29.0128,6.077,22.8306,0.84672,12.849,0.84672,3695.15,0,36.966,0.591182,1.01955,2.14886,3.9346,1.46016,5.05166,0.42336,36.966,0.42336,423.524,0,1.02816,0,0,2.04771,1.01955,1.028160,1,0,27.8822,0,0,0,27.8822,0
63.6492,2.42175,0,0,1.14004,0.113962,0.36288,3.6288,60.4468,0.66528,0,0,0.70035,0.292038,0,0.66528,12.849,1,0.47574,0.36288,0,18.1398,5.81661,12.2103,0.84672,12.849,0.84672,3695.15,0,36.966,0.591406,0.902837,2.30802,4.17328,1.36718,5.42556,0.42336,36.966,0.42336,423.524,0,1.02816,0,0,1.931,0.902837,1.028160,1,0,17.6359,0,0,0,17.6359,0
61.9215,2.41112,0,0,1.16396,0.117717,0.36288,3.6288,60.1706,0.66528,0,0,0.681359,0.292267,0,0.66528,12.849,1,0.486737,0.36288,0,15.9525,5.79894,10.0298,0.84672,12.849,0.84672,3695.15,0,36.966,0.59163,0.868406,2.30826,4.46787,1.369,5.68392,0.42336,36.966,0.42336,423.524,0,1.02816,0,0,1.89657,0.868406,1.028160,1,0,15.7137,0,0,0,15.7137,0
60.78,2.40017,0,0,1.74704,0.125445,0.36288,3.6288,60.027,0.66528,0,0,0.811313,0.289624,0,0.66528,12.849,1,0.498047,0.36288,0,23.5567,5.73957,17.682,0.84672,12.849,0.84672,3695.15,0,36.966,0.591854,1.24318,2.3085,4.74805,1.36171,6.34616,0.42336,36.966,0.42336,423.524,0,1.02816,0,0,2.27134,1.24318,1.028160,1,0,24.0281,0,0,0,24.0281,0
60.3459,2.39275,0,0,2.45999,0.138508,0.36288,3.6288,60.1227,0.66528,0,0,1.04134,0.280332,0,0.66528,12.849,1,0.505831,0.36288,0,30.7478,5.74391,24.8609,0.84672,12.849,0.84672,3695.15,0,36.966,0.592077,1.35096,2.30874,5.22769,1.34145,6.95387,0.42336,36.966,0.42336,423.524,0,1.02816,0,0,2.37912,1.35096,1.028160,1,0,31.8148,0,0,0,31.8148,0
60.0494,2.30951,0,0,2.53764,0.161706,0.36288,3.6288,60.3298,0.66528,0,0,1.14426,0.271962,0,0.66528,12.849,1,0.491748,0.36288,0,46.6171,5.42578,41.0625,0.84672,12.849,0.84672,3695.15,0,36.966,0.496874,1.81748,2.30898,8.67894,1.2996,11.0089,0.42336,36.966,0.42336,423.524,0,1.02816,0,0,2.84564,1.81748,1.028160,1,0,52.0714,0,0,0,52.0714,0
60.2537,2.3078,0,0,3.06623,0.191274,0.36288,3.6288,61.308,0.66528,0,0,1.92432,0.262263,0.0185398,0.66528,12.849,1,0.493809,0.36288,0,57.9575,4.85887,52.9677,0.84672,12.849,0.84672,3695.15,0,36.966,0.497087,3.6754,2.21719,12.8467,1.22374,17.0185,0.42336,36.966,0.42336,423.524,0,1.02816,0,0,4.70356,3.6754,1.028160,1,0,70.0047,0,0,0,70.0047,0
61.0949,2.30947,0,0,3.70518,0.191648,0.36288,3.6288,61.308,0.66528,0,0,2.41943,0.263895,1.49026,0.66528,12.849,1,0.492491,0.36288,0,62.4232,4.85887,57.4347,0.84672,12.849,0.84672,3695.15,0,36.966,0.4973,4.2094,2.21742,14.3855,1.22374,19.0913,0.42336,36.966,0.42336,423.524,0,1.02816,0,0,5.23756,4.2094,1.028160,1,0,78.0163,0,0,0,78.0163,0
61.8184,2.31536,0,0,3.59482,0.193007,0.36288,3.6288,61.308,0.66528,0,0,1.96069,0.263895,1.03152,0.66528,12.849,1,0.48695,0.36288,0,67.1051,4.85887,62.1222,0.84672,12.849,0.84672,3695.15,0,36.966,0.497514,3.76331,2.21765,12.6054,1.22374,16.8651,0.42336,36.966,0.42336,423.524,0,1.02816,0,0,4.79147,3.76331,1.028160,1,0,80.0188,0,0,0,80.0188,0
62.1541,2.25397,0,0,3.17246,0.219975,0.36288,3.6288,61.308,0.66528,0,0,1.88973,0.244903,0.979549,0.66528,12.849,1,0.468488,0.36288,0,79.1925,4.61438,74.4725,0.84672,12.849,0.84672,3695.15,0,36.966,0.410825,3.26523,2.21788,15.1735,1.14862,19.0972,0.42336,36.966,0.42336,423.524,0,1.02816,0,0,4.29339,3.26523,1.028160,1,0,94.5492,0,0,0,94.5492,0
65.8413,2.25634,0,0,6.57754,0.271064,0.36288,3.6288,61.308,0.66528,0,0,2.96381,0.204909,2.09362,0.66528,12.849,1,0.46645,0.36288,0,135.401,4.32348,130.974,0.84672,12.849,0.84672,3695.15,0,36.966,0.411028,4.22773,2.13594,23.8208,1.00301,28.7705,0.42336,36.966,0.42336,423.524,0,1.02816,0,0,5.25589,4.22773,1.028160,1,0,161.838,0,0,0,161.838,0
66.813,2.27849,0,0,3.89235,0.27928,0.36288,3.6288,61.308,0.66528,0,0,1.66049,0.204909,0.790298,0.66528,12.849,1,0.444649,0.36288,0,92.308,4.32348,87.9028,0.84672,12.849,0.84672,3695.15,0,36.966,0.411232,1.80196,2.13616,9.99847,1.00301,12.5223,0.42336,36.966,0.42336,423.524,0,1.02816,0,0,2.83012,1.80196,1.028160,1,0,101.215,0,0,0,101.215,0
67.5287,2.2842,0,0,3.64419,0.281445,0.36288,3.6288,61.308,0.66528,0,0,1.58327,0.204909,0.713082,0.66528,12.849,1,0.43928,0.36288,0,66.1427,4.32348,61.7429,0.84672,12.849,0.84672,3695.15,0,36.966,0.411435,1.96223,2.13639,8.99614,1.00301,11.6803,0.42336,36.966,0.42336,423.524,0,1.02816,0,0,2.99039,1.96223,1.028160,1,0,74.1363,0,0,0,74.1363,0
69.4068,2.09692,0,0,4.61617,0.278254,0.36288,3.6288,61.308,0.558871,0,0,2.15943,0.265937,1.33462,0.66528,12.849,1,0.398991,0.36288,0,92.5422,4.28583,88.2202,0.84672,12.849,0.84672,3695.15,0,36.966,0.336975,2.66212,2.13661,10.3734,1.09757,13.7376,0.42336,36.966,0.42336,423.524,0,1.02816,0,0,3.69028,2.66212,1.028160,1,0,103.292,0,0,0,103.292,0
72.2515,2.1063,0,0,5.61142,0.297547,0.36288,3.6288,61.308,0.558985,0,0,2.95216,0.223597,2.16958,0.66528,12.849,1,0.38993,0.36288,0,108.476,3.85803,104.591,0.84672,12.849,0.84672,3695.15,0,36.966,0.337043,3.23234,1.95422,17.631,1.02102,21.4595,0.42336,36.966,0.42336,423.524,0,1.02816,0,0,4.2605,3.23234,1.028160,1,0,128.22,0,0,0,128.22,0
72.29,2.1196,0,0,9.04211,0.307029,6.577,3.6288,61.308,0.5591,0,0,5.60172,0.212472,4.83015,0.66528,12.849,1,0.376943,6.577,0,122.793,3.78924,125.204,0.84672,12.849,0.84672,3695.15,0,36.966,0.337112,5.0308,1.95442,24.5017,1.00195,30.1479,0.42336,36.966,0.42336,423.524,0,1.02816,0,0,6.05896,5.0308,1.028160,1,0,160.182,0,0,0,160.182,0
72.29,2.12004,0,0,10.0951,0.307119,7.66799,3.6288,61.308,0.559214,0,0,3.27802,0.212472,2.50633,0.66528,12.849,1,0.376821,7.66799,0,154.469,3.78924,157.971,0.84672,12.849,0.84672,3695.15,0,36.966,0.337181,3.53324,1.95462,14.447,1.00195,18.5958,0.42336,36.966,0.42336,423.524,0,1.02816,0,0,4.5614,3.53324,1.028160,1,0,179.073,0,0,0,179.073,0
72.29,2.12031,0,0,9.24022,0.307119,6.8128,3.6288,61.308,0.559328,0,0,3.74591,0.212472,2.97411,0.66528,12.849,1,0.376868,6.8128,0,78.4684,3.78924,81.1151,0.84672,12.849,0.84672,3695.15,0,36.966,0.33725,4.65648,1.95482,18.2666,1.00195,23.5387,0.42336,36.966,0.42336,423.524,0,1.02816,0,0,5.68464,4.65648,1.028160,1,0,107.628,0,0,0,107.628,0
72.29,2.12031,0,0,12.3015,0.307719,9.87352,3.6288,61.308,0.559328,0,0,6.83,0.216377,6.05429,0.66528,12.849,1,0.376868,9.87352,0,97.4353,3.93478,102.997,0.84672,12.849,0.84672,3695.15,0,36.966,0.33725,5.10465,1.95502,19.9329,1.0823,25.573,0.42336,36.966,0.42336,423.524,0,1.02816,0,0,6.13281,5.10465,1.028160,1,0,134.624,0,0,0,134.624,0
72.29,2.19505,0,0,7.44675,0.316012,4.93569,3.6288,61.308,0.592169,0,0,2.87221,0.19047,2.08957,0.66528,12.849,1,0.390153,4.93569,0,119.529,3.85276,120.222,0.84672,12.849,0.84672,3695.15,0,36.966,0.357052,2.50766,1.95502,13.7033,1.01752,16.7914,0.42336,36.966,0.42336,423.524,0,1.02816,0,0,3.53582,2.50766,1.028160,1,0,139.103,0,0,0,139.103,0
72.29,2.19531,0,0,4.84875,0.316012,2.33743,3.6288,61.308,0.592281,0,0,2.08376,0.19047,1.30101,0.66528,12.849,1,0.390199,2.33743,0,64.6773,3.85276,62.7718,0.84672,12.849,0.84672,3695.15,0,36.966,0.357119,1.9056,2.01219,10.8471,1.01752,13.3902,0.42336,36.966,0.42336,423.524,0,1.02816,0,0,2.93376,1.9056,1.028160,1,0,77.463,0,0,0,77.463,0
72.29,2.19557,0,0,4.24883,0.36488,1.68838,3.6288,61.308,0.592392,0,0,2.05375,0.191457,1.26991,0.66528,12.849,1,0.390246,1.68838,0,65.2481,3.71894,62.8273,0.84672,12.849,0.84672,3695.15,0,36.966,0.357186,1.95532,2.01239,10.1618,1.10874,12.6635,0.42336,36.966,0.42336,423.524,0,1.02816,0,0,2.98348,1.95532,1.028160,1,0,76.7607,0,0,0,76.7607,0
72.29,2.19583,0,0,6.51338,0.373024,3.94452,3.6288,61.308,0.592504,0,0,2.51079,0.191621,1.72667,0.66528,12.849,1,0.390292,3.94452,0,98.8839,3.69663,98.7415,0.84672,12.849,0.84672,3695.15,0,36.966,0.357253,2.6334,2.01258,11.7418,1.12395,14.9065,0.42336,36.966,0.42336,423.524,0,1.02816,0,0,3.66156,2.6334,1.028160,1,0,115.375,0,0,0,115.375,0
72.29,2.43534,0,0,5.70324,0.353305,2.91459,3.6288,61.308,0.66528,0,0,1.94483,0.119631,1.15992,0.66528,12.849,1,0.432863,2.91459,0,128.787,3.35895,127.91,0.84672,12.849,0.84672,3695.15,0,36.966,0.481682,2.40233,2.01278,10.4082,0.790217,13.5514,0.42336,36.966,0.42336,423.524,0,1.02816,0,0,3.43049,2.40233,1.028160,1,0,142.621,0,0,0,142.621,0
72.29,2.43563,0,0,5.05087,0.353305,2.26193,3.6288,61.308,0.66528,0,0,1.455,0.119631,0.670091,0.66528,12.849,1,0.432914,2.26193,0,79.8561,3.35895,78.3261,0.84672,12.849,0.84672,3695.15,0,36.966,0.481882,1.25542,2.218,9.4284,0.790217,11.6297,0.42336,36.966,0.42336,423.524,0,1.02816,0,0,2.28358,1.25542,1.028160,1,0,90.6259,0,0,0,90.6259,0
72.29,2.43591,0,0,8.1559,0.348111,5.37188,3.6288,61.308,0.66528,0,0,2.51772,0.130697,1.72175,0.66528,12.849,1,0.432965,5.37188,0,126.903,3.62103,128.221,0.84672,12.849,0.84672,3695.15,0,36.966,0.482082,3.4834,2.21822,11.6839,0.872209,16.0312,0.42336,36.966,0.42336,423.524,0,1.02816,0,0,4.51156,3.4834,1.028160,1,0,145.974,0,0,0,145.974,0
72.29,2.4362,0,0,8.7176,0.335124,5.94627,3.6288,61.308,0.66528,0,0,3.22376,0.15836,2.40012,0.66528,12.849,1,0.433016,5.94627,0,129.563,4.27623,130.8,0.84672,12.849,0.84672,3695.15,0,36.966,0.482282,5.69419,2.21844,14.5816,1.07719,20.9348,0.42336,36.966,0.42336,423.524,0,1.02816,0,0,6.72235,5.69419,1.028160,1,0,154.135,0,0,0,154.135,0
72.29,2.0951,0,0,6.71008,0.325212,4.28977,3.6288,61.308,0.551006,0,0,2.29414,0.129015,1.61412,0.66528,12.849,1,0.372388,4.28977,0,111.47,3.02117,112.366,0.84672,12.849,0.84672,3695.15,0,36.966,0.332232,4.56897,2.21865,9.61969,0.964731,15.1104,0.42336,36.966,0.42336,423.524,0,1.02816,0,0,5.59713,4.56897,1.028160,1,0,129.091,0,0,0,129.091,0
72.29,2.09535,0,0,7.34737,0.325212,4.9268,3.6288,61.308,0.551113,0,0,2.58421,0.129015,1.90408,0.66528,12.849,1,0.372433,4.9268,0,116.103,3.02117,117.637,0.84672,12.849,0.84672,3695.15,0,36.966,0.332297,4.54733,1.93915,11.3345,0.964731,16.5239,0.42336,36.966,0.42336,423.524,0,1.02816,0,0,5.57549,4.54733,1.028160,1,0,136.065,0,0,0,136.065,0
72.29,2.0956,0,0,10.4579,0.325212,8.03713,3.6288,61.308,0.55122,0,0,3.99111,0.129015,3.31087,0.66528,12.849,1,0.372478,8.03713,0,174.995,3.02117,179.638,0.84672,12.849,0.84672,3695.15,0,36.966,0.332361,8.24691,1.93934,19.9702,0.964731,28.8594,0.42336,36.966,0.42336,423.524,0,1.02816,0,0,9.27507,8.24691,1.028160,1,0,211.808,0,0,0,211.808,0
72.29,2.09585,0,0,9.29413,0.328344,6.86994,3.6288,61.308,0.551327,0,0,4.10604,0.167261,3.38745,0.66528,12.849,1,0.372522,6.86994,0,163.532,4.10394,165.925,0.84672,12.849,0.84672,3695.15,0,36.966,0.332426,8.92037,1.93953,20.6135,1.13148,30.0095,0.42336,36.966,0.42336,423.524,0,1.02816,0,0,9.94853,8.92037,1.028160,1,0,199.322,0,0,0,199.322,0
72.29,2.09611,0,0,7.70947,0.339449,5.27392,3.6288,61.308,0.551434,0,0,3.27127,0.174693,2.54514,0.66528,12.849,1,0.372567,5.27392,0,154.392,4.42947,154.863,0.84672,12.849,0.84672,3695.15,0,36.966,0.33249,5.83936,1.93972,13.1221,1.14576,19.4229,0.42336,36.966,0.42336,423.524,0,1.02816,0,0,6.86752,5.83936,1.028160,1,0,176.832,0,0,0,176.832,0
72.29,2.18234,0,0,7.43213,0.346838,4.90295,3.6288,61.308,0.591934,0,0,2.85752,0.168794,2.0968,0.66528,12.849,1,0.387894,4.90295,0,118.746,4.34879,118.913,0.84672,12.849,0.84672,3695.15,0,36.966,0.35691,5.34796,1.93991,11.0238,1.10645,16.8483,0.42336,36.966,0.42336,423.524,0,1.02816,0,0,6.37612,5.34796,1.028160,1,0,137.858,0,0,0,137.858,0
72.29,2.1826,0,0,6.8459,0.306413,4.35689,3.6288,61.308,0.592045,0,0,2.3357,0.168819,1.57484,0.66528,12.849,1,0.38794,4.35689,0,91.0708,4.23934,90.8004,0.84672,12.849,0.84672,3695.15,0,36.966,0.356977,4.41774,2.00909,9.44093,1.1005,14.4103,0.42336,36.966,0.42336,423.524,0,1.02816,0,0,5.4459,4.41774,1.028160,1,0,106.786,0,0,0,106.786,0
72.29,2.18286,0,0,6.38176,0.252514,3.94639,3.6288,61.308,0.592157,0,0,2.12953,0.168853,1.36852,0.66528,12.849,1,0.387986,3.94639,0,86.0034,4.09343,85.4684,0.84672,12.849,0.84672,3695.15,0,36.966,0.357044,3.53586,2.00929,10.7997,1.09257,14.8952,0.42336,36.966,0.42336,423.524,0,1.02816,0,0,4.56402,3.53586,1.028160,1,0,101.732,0,0,0,101.732,0
72.29,2.18312,0,0,5.94437,0.257598,3.50366,3.6288,61.308,0.592269,0,0,1.89024,0.176448,1.12153,0.66528,12.849,1,0.388032,3.50366,0,85.0936,3.93752,84.2717,0.84672,12.849,0.84672,3695.15,0,36.966,0.357112,3.22097,2.00949,8.18502,1.08168,11.9767,0.42336,36.966,0.42336,423.524,0,1.02816,0,0,4.24913,3.22097,1.028160,1,0,97.3699,0,0,0,97.3699,0
72.29,2.14975,0,0,5.30524,0.270309,2.88518,3.6288,61.308,0.576685,0,0,1.75102,0.195435,0.978897,0.66528,12.849,1,0.382101,2.88518,0,79.6962,3.54774,78.6516,0.84672,12.849,0.84672,3695.15,0,36.966,0.347716,3.63126,2.00968,8.09032,1.05447,12.3291,0.42336,36.966,0.42336,423.524,0,1.02816,0,0,4.65942,3.63126,1.028160,1,0,91.9595,0,0,0,91.9595,0
72.29,2.15,0,0,4.97226,0.270309,2.55195,3.6288,61.308,0.576795,0,0,1.49843,0.195435,0.726197,0.66528,12.849,1,0.382147,2.55195,0,75.4333,3.54774,74.0553,0.84672,12.849,0.84672,3695.15,0,36.966,0.347782,2.75999,1.98302,7.65867,1.05447,10.9994,0.42336,36.966,0.42336,423.524,0,1.02816,0,0,3.78815,2.75999,1.028160,1,0,85.7809,0,0,0,85.7809,0
72.29,2.15026,0,0,5.88615,0.24598,3.48991,3.6288,61.308,0.576905,0,0,1.48882,0.207303,0.70461,0.66528,12.849,1,0.382192,3.48991,0,79.8008,4.48344,78.425,0.84672,12.849,0.84672,3695.15,0,36.966,0.347848,2.9526,1.98321,10.0843,1.09136,13.5809,0.42336,36.966,0.42336,423.524,0,1.02816,0,0,3.98076,2.9526,1.028160,1,0,92.7106,0,0,0,92.7106,0
72.29,2.15052,0,0,4.47243,0.193482,2.12843,3.6288,61.308,0.577015,0,0,1.40504,0.226732,0.60129,0.66528,12.849,1,0.382238,2.12843,0,54.5875,5.36423,50.9695,0.84672,12.849,0.84672,3695.15,0,36.966,0.347915,2.75727,1.9834,7.51239,1.19509,10.7101,0.42336,36.966,0.42336,423.524,0,1.02816,0,0,3.78543,2.75727,1.028160,1,0,62.2808,0,0,0,62.2808,0
72.29,2.26498,0,0,4.42665,0.183921,1.97775,3.6288,61.308,0.632806,0,0,1.29738,0.211992,0.452584,0.66528,12.849,1,0.402583,1.97775,0,51.9934,4.81009,48.7585,0.84672,12.849,0.84672,3695.15,0,36.966,0.381554,2.15788,1.9836,7.15539,1.19809,9.71723,0.42336,36.966,0.42336,423.524,0,1.02816,0,0,3.18604,2.15788,1.028160,1,0,58.9283,0,0,0,58.9283,0
72.29,2.26525,0,0,4.23982,0.189939,1.78463,3.6288,61.308,0.632922,0,0,1.18889,0.207196,0.348771,0.66528,12.849,1,0.402631,1.78463,0,48.2249,4.67796,44.929,0.84672,12.849,0.84672,3695.15,0,36.966,0.381624,1.81647,2.07795,6.74231,1.18168,9.07343,0.42336,36.966,0.42336,423.524,0,1.02816,0,0,2.84463,1.81647,1.028160,1,0,54.3512,0,0,0,54.3512,0
72.29,2.26552,0,0,3.8435,0.153949,1.42403,3.6288,61.308,0.633038,0,0,1.13497,0.230805,0.271125,0.66528,12.849,1,0.402679,1.42403,0,42.5218,4.94571,38.5975,0.84672,12.849,0.84672,3695.15,0,36.966,0.381694,1.72353,2.07816,6.56709,1.2501,8.73699,0.42336,36.966,0.42336,423.524,0,1.02816,0,0,2.75169,1.72353,1.028160,1,0,47.6056,0,0,0,47.6056,0
72.29,2.26579,0,0,3.632,0.139552,1.22666,3.6288,61.308,0.633154,0,0,1.08418,0.240248,0.210779,0.66528,12.849,1,0.402727,1.22666,0,41.1547,5.05281,36.9259,0.84672,12.849,0.84672,3695.15,0,36.966,0.381764,1.53719,2.07836,6.54888,1.27746,8.5052,0.42336,36.966,0.42336,423.524,0,1.02816,0,0,2.56535,1.53719,1.028160,1,0,45.6418,0,0,0,45.6418,0
72.29,2.26606,0,0,3.01347,0.123253,0.624158,3.6288,61.262,0.63327,0,0,0.816782,0.229548,0,0.66528,12.849,1,0.402775,0.624158,0,35.4428,4.92009,30.7441,0.84672,12.849,0.84672,3695.15,0,36.966,0.381834,0.738927,2.07856,4.8729,1.21464,6.09391,0.42336,36.966,0.42336,423.524,0,1.02816,0,0,1.76709,0.738927,1.028160,1,0,36.838,0,0,0,36.838,0
71.9876,2.24373,0,0,2.41526,0.111029,0.36288,3.6288,60.9754,0.710892,0,0,0.645779,0.221459,0,0.66528,12.849,1,0.398806,0.36288,0,30.1536,4.82055,25.2971,0.84672,12.849,0.84672,3695.15,0,36.966,0.428959,0.30119,2.07876,3.42105,1.16753,4.20452,0.42336,36.966,0.42336,423.524,0,0.952681,0,0,1.25387,0.30119,1.028160,1,0,29.5016,0,0,0,29.5016,0
71.4636,2.24257,0,0,2.19219,0.110774,0.36288,3.6288,60.5872,0.772933,0,0,0.605837,0.221058,0,0.66528,12.849,1,0.400275,0.36288,0,26.8693,4.82055,22.0113,0.84672,12.849,0.84672,3695.15,0,36.966,0.468586,0.261274,2.1119,3.3094,1.16753,4.04646,0.42336,36.966,0.42336,423.524,0,0.851204,0,0,1.11248,0.261274,1.028160,1,0,26.0578,0,0,0,26.0578,0
70.863,2.24035,0,0,2.07982,0.0772169,0.36288,3.6288,60.0901,0.768488,0,0,0.568287,0.296948,0,0.66528,12.849,1,0.402811,0.36288,0,24.1688,5.8086,18.3202,0.84672,12.849,0.84672,3695.15,0,36.966,0.468876,0.261274,2.11211,3.13636,1.52819,3.51268,0.42336,36.966,0.42336,423.524,0,0.85555,0,0,1.11682,0.261274,1.028160,1,0,21.8329,0,0,0,21.8329,0
70.0334,2.23773,0,0,1.84661,0.0755976,0.36288,3.6288,59.5302,0.788719,0,0,0.527963,0.299167,0,0.66528,12.849,1,0.405749,0.36288,0,22.437,5.82623,16.5679,0.84672,12.849,0.84672,3695.15,0,36.966,0.485201,0.261274,2.11231,3.00026,1.52637,3.36227,0.42336,36.966,0.42336,423.524,0,0.819184,0,0,1.08046,0.261274,1.028160,1,0,19.9302,0,0,0,19.9302,0
69.3521,2.29203,0,0,2.0412,0.0675735,0.36288,3.6288,59.0583,0.76855,0,0,0.613669,0.316974,0,0.66528,12.849,1,0.420519,0.36288,0,27.367,5.93198,21.3774,0.84672,12.849,0.84672,3695.15,0,36.966,0.47724,0.261274,2.11252,3.2377,1.51547,3.61879,0.42336,36.966,0.42336,423.524,0,0.891268,0,0,1.15254,0.261274,1.028160,1,0,24.9962,0,0,0,24.9962,0
68.5337,2.28882,0,0,1.90058,0.0672181,0.36288,3.6288,58.5658,0.70886,0,0,0.532399,0.316018,0,0.66528,12.849,1,0.424054,0.36288,0,23.1721,5.93198,17.179,0.84672,12.849,0.84672,3695.15,0,36.966,0.443814,0.261274,2.15942,3.26756,1.51547,3.72897,0.42336,36.966,0.42336,423.524,0,0.98458,0,0,1.24585,0.261274,1.028160,1,0,20.908,0,0,0,20.908,0
67.5764,2.28483,0,0,1.7572,0.0667912,0.36288,3.6288,57.9656,0.778952,0,0,0.493722,0.31502,0,0.66528,12.849,1,0.428369,0.36288,0,22.2201,5.93198,16.2226,0.84672,12.849,0.84672,3695.15,0,36.966,0.491664,0.227405,2.15963,2.84113,1.51547,3.22103,0.42336,36.966,0.42336,423.524,0,0.866834,0,0,1.09424,0.227405,1.028160,1,0,19.4437,0,0,0,19.4437,0
66.6683,2.28,0,0,1.79626,0.0615663,0.36288,3.6288,57.5186,0.67894,0,0,0.5483,0.316339,0,0.66528,12.849,1,0.433519,0.36288,0,21.1336,6.00675,15.0562,0.84672,12.849,0.84672,3695.15,0,36.966,0.444206,0.227405,2.15985,3.51423,1.53041,3.92687,0.42336,36.966,0.42336,423.524,0,1.0145,0,0,1.2419,0.227405,1.028160,1,0,18.9831,0,0,0,18.9831,0
65.7811,2.44421,0,0,1.968,0.04804,0.36288,3.6288,56.8129,0.897126,0,0,0.501044,0.309606,0,0.66528,12.849,1,0.471073,0.36288,0,19.332,5.74221,13.4816,0.84672,12.849,0.84672,3695.15,0,36.966,0.602425,0.227405,2.16006,3.56275,1.59462,3.75316,0.42336,36.966,0.42336,423.524,0,0.796314,0,0,1.02372,0.227405,1.028160,1,0,17.2348,0,0,0,17.2348,0
65.1091,2.43918,0,0,2.16759,0.0375343,0.36288,3.6288,56.2296,0.813966,0,0,0.547035,0.316375,0,0.66528,12.849,1,0.476444,0.36288,0,21.193,5.72429,15.3551,0.84672,12.849,0.84672,3695.15,0,36.966,0.602638,0.227405,2.32011,3.15869,1.63184,3.47172,0.42336,36.966,0.42336,423.524,0,0.879474,0,0,1.10688,0.227405,1.028160,1,0,18.8268,0,0,0,18.8268,0
64.0127,2.43536,0,0,1.73915,0.037333,0.36288,3.6288,55.3715,0.973072,0,0,0.430154,0.315174,0,0.66528,12.849,1,0.480608,0.36288,0,24.9275,5.72429,19.0855,0.84672,12.849,0.84672,3695.15,0,36.966,0.639709,0.204422,2.32034,2.62391,1.63184,2.87712,0.42336,36.966,0.42336,423.524,0,0.68351,0,0,0.887933,0.204422,1.028160,1,0,21.9626,0,0,0,21.9626,0
63.2437,2.42879,0,0,2.0597,0.0370045,0.36288,3.6288,55.0495,0.66528,0,0,0.656618,0.313408,0,0.66528,12.849,1,0.487521,0.36288,0,21.396,5.72429,15.5471,0.84672,12.849,0.84672,3695.15,0,36.966,0.603064,0.307532,2.32057,3.5483,1.63184,3.9415,0.42336,36.966,0.42336,423.524,0,1.02816,0,0,1.33569,0.307532,1.028160,1,0,19.4886,0,0,0,19.4886,0
62.7574,2.42415,0,0,2.33939,0.0387043,0.36288,3.6288,54.5073,0.780209,0,0,0.521637,0.283593,0,0.66528,12.849,1,0.492506,0.36288,0,25.3683,5.3403,19.8984,0.84672,12.849,0.84672,3695.15,0,36.966,0.603277,0.204422,2.3208,3.9576,1.53477,4.34476,0.42336,36.966,0.42336,423.524,0,0.913231,0,0,1.11765,0.204422,1.028160,1,0,24.2432,0,0,0,24.2432,0
62.5626,2.33973,0,0,2.54894,0.0411144,0.36288,3.6288,54.4118,0.66528,0,0,0.813644,0.243851,0,0.66528,12.849,1,0.479039,0.36288,0,26.4099,4.82832,21.4654,0.84672,12.849,0.84672,3695.15,0,36.966,0.507525,0.849286,2.32102,4.99946,1.40535,6.2569,0.42336,36.966,0.42336,423.524,0,1.02816,0,0,1.87745,0.849286,1.028160,1,0,27.7223,0,0,0,27.7223,0
62.069,2.33877,0,0,2.24909,0.0410489,0.36288,3.6288,53.9091,0.731255,0,0,0.472208,0.243697,0,0.66528,12.849,1,0.480333,0.36288,0,27.0516,4.82832,22.1058,0.84672,12.849,0.84672,3695.15,0,36.966,0.507727,0.216518,2.2287,3.84007,1.40535,4.37222,0.42336,36.966,0.42336,423.524,0,0.962185,0,0,1.1787,0.216518,1.028160,1,0,26.478,0,0,0,26.478,0
61.1879,2.33588,0,0,1.85854,0.0408829,0.36288,3.6288,53.2696,0.812598,0,0,0.416008,0.242887,0,0.66528,12.849,1,0.483555,0.36288,0,24.9768,4.82832,20.0278,0.84672,12.849,0.84672,3695.15,0,36.966,0.557207,0.216518,2.22892,3.55621,1.40535,4.03909,0.42336,36.966,0.42336,423.524,0,0.831565,0,0,1.04808,0.216518,1.028160,1,0,24.0669,0,0,0,24.0669,0
61.8189,2.3304,0,0,3.45475,0.130458,0.36288,3.6288,53.0817,0.66528,0,0,0.647194,0.169778,0,0.66528,12.849,1,0.489368,0.36288,0,44.0999,3.79017,40.1832,0.84672,12.849,0.84672,3695.15,0,36.966,0.508133,0.281284,2.22914,6.17449,1.08086,7.09592,0.42336,36.966,0.42336,423.524,0,1.02816,0,0,1.30944,0.281284,1.028160,1,0,47.2791,0,0,0,47.2791,0
64.0965,2.26803,0,0,5.03339,0.124825,0.36288,3.6288,53.7194,0.640313,0,0,1.51563,0.237604,0,0.66528,12.849,1,0.471409,0.36288,0,67.0006,5.13009,61.762,0.84672,12.849,0.84672,3695.15,0,36.966,0.445913,1.05365,2.22936,9.05515,1.02567,10.8666,0.42336,36.966,0.42336,423.524,0,1.02816,0,0,2.08181,1.05365,1.028160,1,0,72.6286,0,0,0,72.6286,0
68.8369,2.28226,0,0,7.60882,0.223267,0.36288,3.6288,54.3512,0.643563,0,0,1.41923,0.143874,0,0.66528,12.849,1,0.457509,0.36288,0,112.112,3.73285,108.284,0.84672,12.849,0.84672,3695.15,0,36.966,0.442856,1.5597,2.14695,10.8756,0.897349,13.242,0.42336,36.966,0.42336,423.524,0,1.02816,0,0,2.58786,1.5597,1.028160,1,0,121.526,0,0,0,121.526,0
72.29,2.30908,0,0,7.022,0.23183,1.02803,3.6288,54.8362,0.646742,0,0,1.27619,0.144499,0,0.66528,12.849,1,0.43101,1.02803,0,103.153,3.73285,100.017,0.84672,12.849,0.84672,3695.15,0,36.966,0.43987,1.91767,2.14716,12.3187,0.897349,15.0463,0.42336,36.966,0.42336,423.524,0,1.02816,0,0,2.94583,1.91767,1.028160,1,0,115.063,0,0,0,115.063,0
72.29,2.32684,0,0,10.3106,0.238068,7.74572,3.6288,56.1359,0.649182,0,0,2.0939,0.144962,0,0.66528,12.849,1,0.413578,7.74572,0,157.985,3.73285,161.584,0.84672,12.849,0.84672,3695.15,0,36.966,0.437625,2.86151,2.14737,15.6962,0.897349,19.3701,0.42336,36.966,0.42336,423.524,0,1.02816,0,0,3.88967,2.86151,1.028160,1,0,180.954,0,0,0,180.954,0
72.29,2.13252,0,0,9.95475,0.274096,7.54813,3.6288,58.1429,0.545619,0,0,2.73798,0.18539,0,0.66528,12.849,1,0.379039,7.54813,0,98.0657,3.90205,101.333,0.84672,12.849,0.84672,3695.15,0,36.966,0.359295,2.81028,2.14758,14.4858,0.962053,18.1223,0.42336,36.966,0.42336,423.524,0,1.02816,0,0,3.83844,2.81028,1.028160,1,0,119.455,0,0,0,119.455,0
72.29,2.13278,0,0,10.762,0.288507,8.3407,3.6288,60.0084,0.553307,0,0,2.62253,0.203701,0,0.66528,12.849,1,0.379085,8.3407,0,103.226,3.96973,107.218,0.84672,12.849,0.84672,3695.15,0,36.966,0.351781,2.25746,1.96416,16.0626,0.987934,18.9445,0.42336,36.966,0.42336,423.524,0,1.02816,0,0,3.28562,2.25746,1.028160,1,0,126.163,0,0,0,126.163,0
72.29,2.13303,0,0,9.73702,0.294269,7.30972,3.6288,61.308,0.560182,0,0,2.31569,0.183644,0.272273,0.66528,12.849,1,0.37913,7.30972,0,191.409,3.72224,194.617,0.84672,12.849,0.84672,3695.15,0,36.966,0.34508,1.77978,1.96435,9.74195,0.920828,12.2202,0.42336,36.966,0.42336,423.524,0,1.02816,0,0,2.80794,1.77978,1.028160,1,0,207.11,0,0,0,207.11,0
72.29,2.13329,0,0,9.57649,0.287588,7.15562,3.6288,61.308,0.564855,0,0,2.21007,0.175858,1.46936,0.66528,12.849,1,0.379175,7.15562,0,127.298,3.49214,130.583,0.84672,12.849,0.84672,3695.15,0,36.966,0.340582,1.69233,1.96454,9.16808,0.965775,11.5186,0.42336,36.966,0.42336,423.524,0,1.02816,0,0,2.72049,1.69233,1.028160,1,0,143.571,0,0,0,143.571,0
72.29,2.13354,0,0,9.87569,0.286726,7.45543,3.6288,61.308,0.564963,0,0,1.97368,0.188529,1.22019,0.66528,12.849,1,0.379221,7.45543,0,131.367,3.87157,134.572,0.84672,12.849,0.84672,3695.15,0,36.966,0.340648,2.51968,1.96473,13.0194,1.0631,16.1,0.42336,36.966,0.42336,423.524,0,1.02816,0,0,3.54784,2.51968,1.028160,1,0,151.892,0,0,0,151.892,0
72.29,2.20868,0,0,10.5291,0.290555,8.0299,3.6288,61.308,0.59798,0,0,1.68652,0.211476,0.877063,0.66528,12.849,1,0.392576,8.0299,0,251.178,4.77855,254.037,0.84672,12.849,0.84672,3695.15,0,36.966,0.360556,4.88237,1.96492,20.2104,1.2504,25.4468,0.42336,36.966,0.42336,423.524,0,1.02816,0,0,5.91053,4.88237,1.028160,1,0,280.36,0,0,0,280.36,0
72.29,2.20893,0,0,8.25803,0.290555,5.75854,3.6288,61.308,0.598086,0,0,1.55326,0.211476,0.743703,0.66528,12.849,1,0.392621,5.75854,0,198.133,4.77855,198.721,0.84672,12.849,0.84672,3695.15,0,36.966,0.360619,4.44691,2.0224,19.8728,1.2504,24.7311,0.42336,36.966,0.42336,423.524,0,1.02816,0,0,5.47507,4.44691,1.028160,1,0,224.195,0,0,0,224.195,0
72.29,2.20918,0,0,9.37293,0.262385,6.90137,3.6288,61.308,0.598192,0,0,2.03267,0.171306,1.26317,0.66528,12.849,1,0.392665,6.90137,0,226.74,3.77037,229.479,0.84672,12.849,0.84672,3695.15,0,36.966,0.360683,4.62307,2.02258,17.3696,0.964203,22.6904,0.42336,36.966,0.42336,423.524,0,1.02816,0,0,5.65123,4.62307,1.028160,1,0,253.432,0,0,0,253.432,0
72.29,2.20943,0,0,10.1832,0.25769,7.71607,3.6288,61.308,0.598298,0,0,2.18774,0.164611,1.42483,0.66528,12.849,1,0.392709,7.71607,0,260.148,3.60234,263.869,0.84672,12.849,0.84672,3695.15,0,36.966,0.360747,4.52848,2.02277,19.8507,0.916504,25.1247,0.42336,36.966,0.42336,423.524,0,1.02816,0,0,5.55664,4.52848,1.028160,1,0,290.418,0,0,0,290.418,0
72.29,2.45025,0,0,6.40531,0.323505,3.63156,3.6288,61.308,0.66528,0,0,1.48904,0.145747,0.678016,0.66528,12.849,1,0.435513,3.63156,0,175.582,3.39012,175.388,0.84672,12.849,0.84672,3695.15,0,36.966,0.492052,3.53102,2.02295,11.8933,0.874677,16.0806,0.42336,36.966,0.42336,423.524,0,1.02816,0,0,4.55918,3.53102,1.028160,1,0,192.147,0,0,0,192.147,0
72.29,2.45052,0,0,6.9762,0.334474,4.19121,3.6288,61.308,0.66528,0,0,1.61744,0.142603,0.809559,0.66528,12.849,1,0.435561,4.19121,0,187.879,3.35475,188.279,0.84672,12.849,0.84672,3695.15,0,36.966,0.492241,4.45404,2.2293,14.8708,0.867706,20.1942,0.42336,36.966,0.42336,423.524,0,1.02816,0,0,5.4822,4.45404,1.028160,1,0,209.283,0,0,0,209.283,0
72.29,2.45079,0,0,8.88831,0.31889,6.11863,3.6288,61.308,0.66528,0,0,2.70632,0.1758,1.86525,0.66528,12.849,1,0.435609,6.11863,0,206.46,4.14099,208.002,0.84672,12.849,0.84672,3695.15,0,36.966,0.492431,7.29372,2.22951,25.7024,1.11368,33.6196,0.42336,36.966,0.42336,423.524,0,1.02816,0,0,8.32188,7.29372,1.028160,1,0,243.487,0,0,0,243.487,0
72.29,2.45106,0,0,7.18044,0.3245,4.40488,3.6288,61.308,0.66528,0,0,1.8795,0.129095,1.08513,0.66528,12.849,1,0.435658,4.40488,0,210.521,3.52054,210.97,0.84672,12.849,0.84672,3695.15,0,36.966,0.492621,5.63363,2.22972,18.5134,0.825049,25.059,0.42336,36.966,0.42336,423.524,0,1.02816,0,0,6.66179,5.63363,1.028160,1,0,237.114,0,0,0,237.114,0
72.29,2.10807,0,0,5.01452,0.300338,2.60611,3.6288,61.308,0.556539,0,0,1.51887,0.111613,0.850716,0.66528,12.849,1,0.374693,2.60611,0,153.068,2.73593,152.563,0.84672,12.849,0.84672,3695.15,0,36.966,0.335568,3.02233,2.22992,11.0349,0.726258,15.2253,0.42336,36.966,0.42336,423.524,0,1.02816,0,0,4.05049,3.02233,1.028160,1,0,168.64,0,0,0,168.64,0
72.29,2.1083,0,0,4.30256,0.29631,1.89794,3.6288,61.308,0.556641,0,0,1.35327,0.1087,0.687925,0.66528,12.849,1,0.374735,1.89794,0,134.503,2.60516,133.421,0.84672,12.849,0.84672,3695.15,0,36.966,0.33563,2.77177,1.94887,9.99311,0.709793,13.6683,0.42336,36.966,0.42336,423.524,0,1.02816,0,0,3.79993,2.77177,1.028160,1,0,147.778,0,0,0,147.778,0
72.29,2.10854,0,0,5.5863,0.29631,3.18145,3.6288,61.308,0.556742,0,0,1.47201,0.1087,0.806563,0.66528,12.849,1,0.374778,3.18145,0,157.458,2.60516,157.659,0.84672,12.849,0.84672,3695.15,0,36.966,0.335691,3.23862,1.94905,12.9511,0.709793,17.0933,0.42336,36.966,0.42336,423.524,0,1.02816,0,0,4.26678,3.23862,1.028160,1,0,175.559,0,0,0,175.559,0
72.29,2.10878,0,0,5.29419,0.294945,2.89047,3.6288,61.308,0.556844,0,0,1.40357,0.0972456,0.749478,0.66528,12.849,1,0.37482,2.89047,0,173.956,2.42585,174.046,0.84672,12.849,0.84672,3695.15,0,36.966,0.335752,3.16699,1.94922,11.6114,0.679083,15.7128,0.42336,36.966,0.42336,423.524,0,1.02816,0,0,4.19515,3.16699,1.028160,1,0,190.508,0,0,0,190.508,0
72.29,2.10902,0,0,8.10594,0.309134,5.68778,3.6288,61.308,0.556946,0,0,2.30678,0.126805,1.62303,0.66528,12.849,1,0.374862,5.68778,0,218.7,3.28233,220.731,0.84672,12.849,0.84672,3695.15,0,36.966,0.335814,3.6901,1.9494,18.6748,0.838968,23.1396,0.42336,36.966,0.42336,423.524,0,1.02816,0,0,4.71826,3.6901,1.028160,1,0,245.493,0,0,0,245.493,0
72.29,2.19571,0,0,7.29708,0.324298,4.77708,3.6288,61.308,0.597661,0,0,2.84182,0.127649,2.11651,0.66528,12.849,1,0.39027,4.77708,0,145.459,3.39045,146.455,0.84672,12.849,0.84672,3695.15,0,36.966,0.360363,4.12692,1.94958,20.0752,0.798694,24.9927,0.42336,36.966,0.42336,423.524,0,1.02816,0,0,5.15508,4.12692,1.028160,1,0,173.564,0,0,0,173.564,0
72.29,2.19595,0,0,5.69093,0.324298,3.17068,3.6288,61.308,0.597767,0,0,2.25017,0.127649,1.52475,0.66528,12.849,1,0.390314,3.17068,0,166.722,3.39045,166.112,0.84672,12.849,0.84672,3695.15,0,36.966,0.360427,4.18262,2.01914,13.7738,0.798694,18.8164,0.42336,36.966,0.42336,423.524,0,1.02816,0,0,5.21078,4.18262,1.028160,1,0,186.453,0,0,0,186.453,0
72.29,2.1962,0,0,4.51979,0.285776,2.03782,3.6288,61.308,0.597873,0,0,1.62533,0.0920832,0.935375,0.66528,12.849,1,0.390358,2.03782,0,117.03,2.13443,116.543,0.84672,12.849,0.84672,3695.15,0,36.966,0.360491,2.87134,2.01932,10.9488,0.658624,14.8203,0.42336,36.966,0.42336,423.524,0,1.02816,0,0,3.8995,2.87134,1.028160,1,0,132.298,0,0,0,132.298,0
72.29,2.19645,0,0,4.16242,0.240907,1.72506,3.6288,61.308,0.597978,0,0,1.46441,0.147678,0.718755,0.66528,12.849,1,0.390402,1.72506,0,105.37,2.94666,103.758,0.84672,12.849,0.84672,3695.15,0,36.966,0.360554,2.81005,2.01951,8.82749,0.85343,12.4431,0.42336,36.966,0.42336,423.524,0,1.02816,0,0,3.83821,2.81005,1.028160,1,0,116.92,0,0,0,116.92,0
72.29,2.16288,0,0,4.20612,0.245976,1.79727,3.6288,61.308,0.582304,0,0,1.22067,0.185226,0.453138,0.66528,12.849,1,0.384435,1.79727,0,110.504,3.99777,107.919,0.84672,12.849,0.84672,3695.15,0,36.966,0.351103,2.47844,2.01969,9.58997,0.952966,12.784,0.42336,36.966,0.42336,423.524,0,1.02816,0,0,3.5066,2.47844,1.028160,1,0,121.156,0,0,0,121.156,0
72.29,2.16312,0,0,3.82539,0.245976,1.41629,3.6288,61.308,0.582408,0,0,1.14121,0.185226,0.373572,0.66528,12.849,1,0.384479,1.41629,0,102.565,3.99777,99.5986,0.84672,12.849,0.84672,3695.15,0,36.966,0.351166,2.37413,1.99287,8.89963,0.952966,11.9625,0.42336,36.966,0.42336,423.524,0,1.02816,0,0,3.40229,2.37413,1.028160,1,0,111.935,0,0,0,111.935,0
72.29,2.16337,0,0,3.47714,0.245976,1.0678,3.6288,61.308,0.582512,0,0,0.955368,0.185226,0.18763,0.66528,12.849,1,0.384522,1.0678,0,94.6261,3.99777,91.3117,0.84672,12.849,0.84672,3695.15,0,36.966,0.351229,1.86139,1.99306,8.02837,0.952966,10.5786,0.42336,36.966,0.42336,423.524,0,1.02816,0,0,2.88955,1.86139,1.028160,1,0,102.078,0,0,0,102.078,0
72.29,2.16361,0,0,3.40628,0.211609,1.03106,3.6288,61.308,0.582617,0,0,0.920981,0.195295,0.143069,0.66528,12.849,1,0.384565,1.03106,0,91.3853,4.11999,87.9118,0.84672,12.849,0.84672,3695.15,0,36.966,0.351292,1.81275,1.99324,7.98267,0.892703,10.5447,0.42336,36.966,0.42336,423.524,0,1.02816,0,0,2.84091,1.81275,1.028160,1,0,98.5995,0,0,0,98.5995,0
72.29,2.27868,0,0,3.23546,0.182415,0.774368,3.6288,61.308,0.638705,0,0,0.882654,0.180406,0.0635427,0.66528,12.849,1,0.405018,0.774368,0,84.7722,4.19152,80.95,0.84672,12.849,0.84672,3695.15,0,36.966,0.385111,1.5948,1.99342,6.69574,0.900823,8.99803,0.42336,36.966,0.42336,423.524,0,1.02816,0,0,2.62296,1.5948,1.028160,1,0,90.0116,0,0,0,90.0116,0
72.29,2.27894,0,0,3.30547,0.192048,0.834489,3.6288,61.308,0.638815,0,0,0.973028,0.169453,0.164761,0.66528,12.849,1,0.405064,0.834489,0,75.3002,4.06843,71.6612,0.84672,12.849,0.84672,3695.15,0,36.966,0.385177,2.24079,2.08828,7.39947,0.932154,10.4112,0.42336,36.966,0.42336,423.524,0,1.02816,0,0,3.26895,2.24079,1.028160,1,0,82.2372,0,0,0,82.2372,0
72.29,2.27919,0,0,3.13577,0.192048,0.664527,3.6288,61.308,0.638924,0,0,0.822545,0.169453,0.0141681,0.66528,12.849,1,0.405109,0.664527,0,68.3346,4.06843,64.5256,0.84672,12.849,0.84672,3695.15,0,36.966,0.385243,1.76418,2.08847,6.87779,0.932154,9.41304,0.42336,36.966,0.42336,423.524,0,1.02816,0,0,2.79234,1.76418,1.028160,1,0,73.9528,0,0,0,73.9528,0
72.29,2.27945,0,0,2.91633,0.192048,0.444833,3.6288,61.2914,0.639034,0,0,0.791839,0.169453,0,0.66528,12.849,1,0.405154,0.444833,0,62.3293,4.06843,58.3005,0.84672,12.849,0.84672,3695.15,0,36.966,0.385309,1.39374,2.08867,6.11094,0.932154,8.27588,0.42336,36.966,0.42336,423.524,0,1.02816,0,0,2.4219,1.39374,1.028160,1,0,66.5764,0,0,0,66.5764,0
72.1293,2.2797,0,0,2.62104,0.139158,0.36288,3.6288,61.2369,0.639079,0,0,0.815357,0.230696,0,0.66528,12.849,1,0.4052,0.36288,0,58.2248,4.86178,53.3207,0.84672,12.849,0.84672,3695.15,0,36.966,0.385441,1.34941,2.08886,5.72232,1.12013,7.65503,0.42336,36.966,0.42336,423.524,0,1.02816,0,0,2.37757,1.34941,1.028160,1,0,60.9757,0,0,0,60.9757,0
71.5315,2.25648,0,0,2.16372,0.142138,0.36288,3.6288,61.2589,0.66528,0,0,0.894594,0.20735,0,0.66528,12.849,1,0.401966,0.36288,0,54.5287,4.49347,49.9961,0.84672,12.849,0.84672,3695.15,0,36.966,0.408763,1.5707,2.08905,5.89008,0.988885,8.15218,0.42336,36.966,0.42336,423.524,0,1.02816,0,0,2.59886,1.5707,1.028160,1,0,58.1483,0,0,0,58.1483,0
70.7372,2.25388,0,0,1.96391,0.141493,0.36288,3.6288,61.2255,0.66528,0,0,0.839264,0.207378,0,0.66528,12.849,1,0.404859,0.36288,0,48.5895,4.49347,44.0541,0.84672,12.849,0.84672,3695.15,0,36.966,0.408944,1.27762,2.12235,5.6979,0.988885,7.70005,0.42336,36.966,0.42336,423.524,0,1.02816,0,0,2.30578,1.27762,1.028160,1,0,51.7541,0,0,0,51.7541,0
69.8795,2.25029,0,0,1.86322,0.107706,0.36288,3.6288,61.0634,0.66528,0,0,0.787242,0.284078,0,0.66528,12.849,1,0.408752,0.36288,0,43.7059,5.48153,38.1785,0.84672,12.849,0.84672,3695.15,0,36.966,0.409126,1.28662,2.12255,5.39996,1.34954,7.05046,0.42336,36.966,0.42336,423.524,0,1.02816,0,0,2.31478,1.28662,1.028160,1,0,45.2289,0,0,0,45.2289,0
68.8158,2.2463,0,0,1.65244,0.106996,0.36288,3.6288,60.8542,0.66528,0,0,0.73986,0.283787,0,0.66528,12.849,1,0.413036,0.36288,0,40.998,5.48153,35.4663,0.84672,12.849,0.84672,3695.15,0,36.966,0.409307,1.2559,2.12275,5.19528,1.34954,6.81507,0.42336,36.966,0.42336,423.524,0,1.02816,0,0,2.28406,1.2559,1.028160,1,0,42.2814,0,0,0,42.2814,0
67.7159,2.29943,0,0,1.661,0.0986049,0.36288,3.6288,60.5691,0.66528,0,0,0.722529,0.342355,0,0.66528,12.849,1,0.42934,0.36288,0,41.6322,6.1027,35.463,0.84672,12.849,0.84672,3695.15,0,36.966,0.453485,1.23239,2.12294,4.56452,1.5159,5.95047,0.42336,36.966,0.42336,423.524,0,1.02816,0,0,2.26055,1.23239,1.028160,1,0,41.4135,0,0,0,41.4135,0
66.5141,2.29382,0,0,1.55273,0.0977596,0.36288,3.6288,60.2306,0.66528,0,0,0.668511,0.341736,0,0.66528,12.849,1,0.43525,0.36288,0,39.5861,6.1027,33.4111,0.84672,12.849,0.84672,3695.15,0,36.966,0.453671,1.03787,2.17009,4.0052,1.5159,5.24358,0.42336,36.966,0.42336,423.524,0,1.02816,0,0,2.06603,1.03787,1.028160,1,0,38.6547,0,0,0,38.6547,0
65.2988,2.28749,0,0,1.53186,0.0968362,0.36288,3.6288,59.9476,0.66528,0,0,0.723272,0.341002,0,0.66528,12.849,1,0.44189,0.36288,0,36.7321,6.1027,30.5504,0.84672,12.849,0.84672,3695.15,0,36.966,0.453857,1.17712,2.17029,4.5294,1.5159,5.90705,0.42336,36.966,0.42336,423.524,0,1.02816,0,0,2.20528,1.17712,1.028160,1,0,36.4574,0,0,0,36.4574,0
64.2289,2.28087,0,0,1.65293,0.0791136,0.36288,3.6288,59.7252,0.66528,0,0,0.764096,0.321192,0,0.66528,12.849,1,0.448812,0.36288,0,37.8602,6.34428,31.43,0.84672,12.849,0.84672,3695.15,0,36.966,0.454043,1.40731,2.17049,5.58741,1.58569,7.12547,0.42336,36.966,0.42336,423.524,0,1.02816,0,0,2.43547,1.40731,1.028160,1,0,38.5555,0,0,0,38.5555,0
62.7291,2.44365,0,0,1.40924,0.102462,0.36288,3.6288,59.3674,0.66528,0,0,0.621689,0.314172,0,0.66528,12.849,1,0.488854,0.36288,0,32.1254,5.99097,26.0085,0.84672,12.849,0.84672,3695.15,0,36.966,0.613098,1.08064,2.17069,4.37458,1.49964,5.51317,0.42336,36.966,0.42336,423.524,0,1.02816,0,0,2.1088,1.08064,1.028160,1,0,31.5216,0,0,0,31.5216,0
61.2098,2.43422,0,0,1.38906,0.11123,0.36288,3.6288,58.9995,0.66528,0,0,0.618822,0.321443,0,0.66528,12.849,1,0.49861,0.36288,0,30.5802,5.86289,24.5815,0.84672,12.849,0.84672,3695.15,0,36.966,0.6133,1.18031,2.33158,4.01845,1.45599,5.46105,0.42336,36.966,0.42336,423.524,0,1.02816,0,0,2.20847,1.18031,1.028160,1,0,30.0426,0,0,0,30.0426,0
59.4567,2.42426,0,0,1.14388,0.109847,0.36288,3.6288,58.5522,0.66528,0,0,0.538606,0.320686,0,0.66528,12.849,1,0.508895,0.36288,0,37.9634,5.86289,31.9545,0.84672,12.849,0.84672,3695.15,0,36.966,0.613502,0.923244,2.3318,3.58506,1.45599,4.77061,0.42336,36.966,0.42336,423.524,0,1.02816,0,0,1.9514,0.923244,1.028160,1,0,36.7251,0,0,0,36.7251,0
57.8389,2.41219,0,0,1.26541,0.108141,0.36288,3.6288,58.307,0.66528,0,0,0.73988,0.319766,0,0.66528,12.849,1,0.521291,0.36288,0,32.5483,5.86289,26.5271,0.84672,12.849,0.84672,3695.15,0,36.966,0.613704,1.52638,2.33202,4.28427,1.45599,6.07297,0.42336,36.966,0.42336,423.524,0,1.02816,0,0,2.55454,1.52638,1.028160,1,0,32.6,0,0,0,32.6,0
56.2655,2.40053,0,0,1.30124,0.111254,0.36288,3.6288,57.9336,0.66528,0,0,0.602702,0.310797,0,0.66528,12.849,1,0.533281,0.36288,0,35.9167,5.46406,30.2822,0.84672,12.849,0.84672,3695.15,0,36.966,0.613906,1.30645,2.33223,4.88335,1.38221,6.52593,0.42336,36.966,0.42336,423.524,0,1.02816,0,0,2.33461,1.30645,1.028160,1,0,36.8081,0,0,0,36.8081,0
55.162,2.30826,0,0,1.68901,0.121345,0.36288,3.6288,57.6876,0.66528,0,0,0.708221,0.28894,0,0.66528,12.849,1,0.527124,0.36288,0,37.426,4.46701,32.7947,0.84672,12.849,0.84672,3695.15,0,36.966,0.517631,1.47431,2.33245,4.94977,1.19774,7.04116,0.42336,36.966,0.42336,423.524,0,1.02816,0,0,2.50247,1.47431,1.028160,1,0,39.8359,0,0,0,39.8359,0
53.768,2.29997,0,0,1.38883,0.120017,0.36288,3.6288,57.7237,0.66528,0,0,0.989857,0.288481,0,0.66528,12.849,1,0.535736,0.36288,0,36.3318,4.46701,31.6919,0.84672,12.849,0.84672,3695.15,0,36.966,0.517823,3.24131,2.23962,5.58857,1.19774,9.35394,0.42336,36.966,0.42336,423.524,0,1.02816,0,0,4.26947,3.24131,1.028160,1,0,41.0459,0,0,0,41.0459,0
52.1502,2.28901,0,0,1.15239,0.118339,0.36288,3.6288,57.3023,0.66528,0,0,0.532399,0.288548,0,0.66528,12.849,1,0.547008,0.36288,0,34.8112,4.46701,30.16,0.84672,12.849,0.84672,3695.15,0,36.966,0.518015,1.18212,2.23983,4.16198,1.19774,5.86817,0.42336,36.966,0.42336,423.524,0,1.02816,0,0,2.21028,1.18212,1.028160,1,0,36.0282,0,0,0,36.0282,0
51.0033,2.27565,0,0,1.65745,0.165757,0.36288,3.6288,57.0484,0.66528,0,0,0.654865,0.24343,0,0.66528,12.849,1,0.560685,0.36288,0,40.6279,3.84413,36.5859,0.84672,12.849,0.84672,3695.15,0,36.966,0.518208,1.46248,2.24004,4.5798,1.00305,6.76107,0.42336,36.966,0.42336,423.524,0,1.02816,0,0,2.49064,1.46248,1.028160,1,0,43.347,0,0,0,43.347,0
49.9261,2.20106,0,0,1.70369,0.216937,0.36288,3.6288,56.9643,0.664953,0,0,0.836784,0.255988,0,0.66528,12.849,1,0.554502,0.36288,0,59.6406,4.90505,54.544,0.84672,12.849,0.84672,3695.15,0,36.966,0.430874,1.84615,2.24025,4.51345,1.12558,7.0434,0.42336,36.966,0.42336,423.524,0,1.02816,0,0,2.87431,1.84615,1.028160,1,0,61.5874,0,0,0,61.5874,0
48.3416,2.19179,0,0,1.18267,0.212532,0.36288,3.6288,56.6403,0.664679,0,0,0.608484,0.267837,0,0.66528,12.849,1,0.56408,0.36288,0,52.1517,5.22029,46.7302,0.84672,12.849,0.84672,3695.15,0,36.966,0.431332,1.23371,2.15738,2.51928,1.18927,4.28977,0.42336,36.966,0.42336,423.524,0,1.02816,0,0,2.26187,1.23371,1.028160,1,0,51.02,0,0,0,51.02,0
48.5736,2.17743,0,0,2.96844,0.196169,0.36288,3.6288,56.6358,0.663296,0,0,0.920376,0.261492,0,0.66528,12.849,1,0.578751,0.36288,0,50.0689,5.07628,44.7767,0.84672,12.849,0.84672,3695.15,0,36.966,0.432897,2.26221,2.15758,5.27059,1.22146,8.03603,0.42336,36.966,0.42336,423.524,0,1.02816,0,0,3.29037,2.26221,1.028160,1,0,52.8128,0,0,0,52.8128,0
51.9496,2.17986,0,0,6.12376,0.205027,0.36288,3.6288,57.2306,0.663387,0,0,1.4796,0.22148,0,0.66528,12.849,1,0.57663,0.36288,0,137.633,4.18311,133.236,0.84672,12.849,0.84672,3695.15,0,36.966,0.43299,3.91276,2.15778,11.8514,1.08493,16.404,0.42336,36.966,0.42336,423.524,0,1.02816,0,0,4.94092,3.91276,1.028160,1,0,149.64,0,0,0,149.64,0
54.9025,2.02544,0,0,5.52498,0.183736,0.36288,3.6288,58.013,0.55502,0,0,1.54448,0.206984,0,0.66528,12.849,1,0.500964,0.36288,0,174.349,3.57048,170.641,0.84672,12.849,0.84672,3695.15,0,36.966,0.358495,3.30428,2.15798,9.9373,0.944027,14.097,0.42336,36.966,0.42336,423.524,0,1.02816,0,0,4.33244,3.30428,1.028160,1,0,184.738,0,0,0,184.738,0
57.3774,2.0475,0,0,5.08428,0.198982,0.36288,3.6288,59.0542,0.558074,0,0,1.78941,0.190189,0,0.66528,12.849,1,0.479183,0.36288,0,123.917,3.49524,120.306,0.84672,12.849,0.84672,3695.15,0,36.966,0.355606,3.50265,1.97359,9.04314,0.905985,13.2578,0.42336,36.966,0.42336,423.524,0,1.02816,0,0,4.53081,3.50265,1.028160,1,0,133.564,0,0,0,133.564,0
60.1965,2.06462,0,0,5.50517,0.258582,0.36288,3.6288,60.2388,0.562032,0,0,1.91659,0.169926,0,0.66528,12.849,1,0.462348,0.36288,0,132.144,3.72708,128.318,0.84672,12.849,0.84672,3695.15,0,36.966,0.351813,3.1448,1.97377,9.74661,0.924383,13.589,0.42336,36.966,0.42336,423.524,0,1.02816,0,0,4.17296,3.1448,1.028160,1,0,141.907,0,0,0,141.907,0
63.074,2.0827,0,0,5.58886,0.265733,0.36288,3.6288,61.308,0.566422,0,0,2.00583,0.171217,0.199013,0.66528,12.849,1,0.444555,0.36288,0,130.601,3.72708,126.792,0.84672,12.849,0.84672,3695.15,0,36.966,0.347589,3.24772,1.97395,9.56975,0.924383,13.5194,0.42336,36.966,0.42336,423.524,0,1.02816,0,0,4.27588,3.24772,1.028160,1,0,140.51,0,0,0,140.51,0
67.7207,2.09979,0,0,7.37867,0.269303,0.36288,3.6288,61.308,0.570306,0,0,2.89338,0.175412,2.14766,0.66528,12.849,1,0.427754,0.36288,0,200.651,3.71895,196.867,0.84672,12.849,0.84672,3695.15,0,36.966,0.343869,4.28671,1.97413,13.5439,0.919361,18.5415,0.42336,36.966,0.42336,423.524,0,1.02816,0,0,5.31487,4.28671,1.028160,1,0,217.556,0,0,0,217.556,0
67.4681,2.19922,0,0,2.57123,0.261734,0.36288,3.6288,61.2958,0.60349,0,0,0.78484,0.193592,0,0.66528,12.849,1,0.417268,0.36288,0,92.1352,3.67017,88.4107,0.84672,12.849,0.84672,3695.15,0,36.966,0.363878,0.533019,1.97431,4.44363,0.889225,5.69786,0.42336,36.966,0.42336,423.524,0,1.02816,0,0,1.56118,0.533019,1.028160,1,0,94.1085,0,0,0,94.1085,0
69.0136,2.19813,0,0,4.36774,0.261215,0.36288,3.6288,61.308,0.603545,0,0,1.44017,0.193577,0.630803,0.66528,12.849,1,0.418625,0.36288,0,101.863,3.67017,98.1371,0.84672,12.849,0.84672,3695.15,0,36.966,0.363983,3.9495,2.03207,8.32059,0.889225,13.049,0.42336,36.966,0.42336,423.524,0,1.02816,0,0,4.97766,3.9495,1.028160,1,0,111.817,0,0,0,111.817,0
70.831,2.20627,0,0,4.6628,0.276263,0.36288,3.6288,61.308,0.60369,0,0,1.11222,0.190051,0.318478,0.66528,12.849,1,0.410765,0.36288,0,110.419,3.91977,106.452,0.84672,12.849,0.84672,3695.15,0,36.966,0.363998,3.57627,2.03225,5.63446,0.957306,9.92167,0.42336,36.966,0.42336,423.524,0,1.02816,0,0,4.60443,3.57627,1.028160,1,0,116.692,0,0,0,116.692,0
71.6566,2.21543,0,0,3.69306,0.289198,0.36288,3.6288,61.308,0.60379,0,0,1.18755,0.187395,0.396366,0.66528,12.849,1,0.401886,0.36288,0,113.75,4.10697,109.604,0.84672,12.849,0.84672,3695.15,0,36.966,0.364058,2.96018,2.03242,5.38679,1.00837,9.00697,0.42336,36.966,0.42336,423.524,0,1.02816,0,0,3.98834,2.96018,1.028160,1,0,119.007,0,0,0,119.007,0
72.1721,2.46109,0,0,3.6226,0.283097,0.36288,3.6288,61.308,0.66528,0,0,1.30596,0.217343,0.423339,0.66528,12.849,1,0.441307,0.36288,0,123.57,4.24939,119.242,0.84672,12.849,0.84672,3695.15,0,36.966,0.501879,2.73948,2.0326,7.61092,1.08885,10.7923,0.42336,36.966,0.42336,423.524,0,1.02816,0,0,3.76764,2.73948,1.028160,1,0,130.458,0,0,0,130.458,0
72.29,2.46402,0,0,4.97279,0.281024,2.10985,3.6288,61.308,0.66528,0,0,1.29575,0.229322,0.401147,0.66528,12.849,1,0.438677,2.10985,0,116.503,4.30637,113.868,0.84672,12.849,0.84672,3695.15,0,36.966,0.502058,3.07918,2.24001,7.29423,1.12104,10.9903,0.42336,36.966,0.42336,423.524,0,1.02816,0,0,4.10734,3.07918,1.028160,1,0,125.26,0,0,0,125.26,0
72.29,2.46489,0,0,3.25956,0.292428,0.502246,3.6288,61.308,0.66528,0,0,1.16389,0.203007,0.295598,0.66528,12.849,1,0.438115,0.502246,0,131.248,3.95675,127.355,0.84672,12.849,0.84672,3695.15,0,36.966,0.502237,2.62573,2.24021,6.1218,1.04661,9.43889,0.42336,36.966,0.42336,423.524,0,1.02816,0,0,3.65389,2.62573,1.028160,1,0,137.09,0,0,0,137.09,0
72.29,2.46514,0,0,5.47627,0.300792,2.71033,3.6288,61.308,0.66528,0,0,1.38548,0.183271,0.536925,0.66528,12.849,1,0.438161,2.71033,0,171.919,3.69453,170.496,0.84672,12.849,0.84672,3695.15,0,36.966,0.502416,3.42909,2.2404,7.73747,0.990787,11.9138,0.42336,36.966,0.42336,423.524,0,1.02816,0,0,4.45725,3.42909,1.028160,1,0,182.947,0,0,0,182.947,0
72.29,2.12035,0,0,4.8099,0.296154,2.39339,3.6288,61.308,0.561782,0,0,1.65636,0.179484,0.915092,0.66528,12.849,1,0.376876,2.39339,0,107.621,3.79443,105.843,0.84672,12.849,0.84672,3695.15,0,36.966,0.338729,3.39967,2.2406,10.7334,0.962763,15.0722,0.42336,36.966,0.42336,423.524,0,1.02816,0,0,4.42783,3.39967,1.028160,1,0,121.83,0,0,0,121.83,0
72.29,2.12057,0,0,3.82616,0.294298,1.41129,3.6288,61.308,0.561878,0,0,1.0502,0.177969,0.310354,0.66528,12.849,1,0.376916,1.41129,0,82.2787,3.83439,79.4787,0.84672,12.849,0.84672,3695.15,0,36.966,0.338787,2.06491,1.95807,6.98173,0.951553,9.71437,0.42336,36.966,0.42336,423.524,0,1.02816,0,0,3.09307,2.06491,1.028160,1,0,89.5034,0,0,0,89.5034,0
72.29,2.1208,0,0,3.15192,0.294298,0.736818,3.6288,61.308,0.561973,0,0,0.747747,0.177969,0.0078049,0.66528,12.849,1,0.376956,0.736818,0,70.4696,3.83439,66.995,0.84672,12.849,0.84672,3695.15,0,36.966,0.338845,1.29996,1.95824,5.90033,0.951553,7.86813,0.42336,36.966,0.42336,423.524,0,1.02816,0,0,2.32812,1.29996,1.028160,1,0,74.871,0,0,0,74.871,0
72.29,2.12102,0,0,3.40015,0.294298,0.984829,3.6288,61.308,0.562069,0,0,0.88916,0.177969,0.149122,0.66528,12.849,1,0.376996,0.984829,0,79.818,3.83439,76.5915,0.84672,12.849,0.84672,3695.15,0,36.966,0.338903,1.39446,1.95841,4.79793,0.951553,6.86034,0.42336,36.966,0.42336,423.524,0,1.02816,0,0,2.42262,1.39446,1.028160,1,0,83.601,0,0,0,83.601,0
72.29,2.12125,0,0,5.00298,0.284421,2.59731,3.6288,61.308,0.562165,0,0,1.23343,0.169405,0.501858,0.66528,12.849,1,0.377036,2.59731,0,135.626,3.66861,134.177,0.84672,12.849,0.84672,3695.15,0,36.966,0.338961,3.17711,1.95858,8.91637,0.939863,12.7732,0.42336,36.966,0.42336,423.524,0,1.02816,0,0,4.20527,3.17711,1.028160,1,0,147.452,0,0,0,147.452,0
72.29,2.20837,0,0,3.78778,0.264509,1.31491,3.6288,61.308,0.603085,0,0,0.878472,0.188086,0.0873011,0.66528,12.849,1,0.392521,1.31491,0,72.1127,3.88174,69.1534,0.84672,12.849,0.84672,3695.15,0,36.966,0.363633,1.52998,1.95874,4.73563,1.01812,6.8426,0.42336,36.966,0.42336,423.524,0,1.02816,0,0,2.55814,1.52998,1.028160,1,0,76.0833,0,0,0,76.0833,0
72.29,2.2086,0,0,3.2231,0.264509,0.749989,3.6288,61.308,0.603184,0,0,0.910155,0.188086,0.118884,0.66528,12.849,1,0.392562,0.749989,0,85.4418,3.88174,81.9175,0.84672,12.849,0.84672,3695.15,0,36.966,0.363693,1.74082,2.02865,5.25638,1.01812,7.64403,0.42336,36.966,0.42336,423.524,0,1.02816,0,0,2.76898,1.74082,1.028160,1,0,89.6804,0,0,0,89.6804,0
72.29,2.20884,0,0,3.59479,0.264509,1.12145,3.6288,61.308,0.603284,0,0,0.992822,0.188086,0.201452,0.66528,12.849,1,0.392604,1.12145,0,93.261,3.88174,90.1081,0.84672,12.849,0.84672,3695.15,0,36.966,0.363754,1.30734,2.02882,5.39936,1.01812,7.35365,0.42336,36.966,0.42336,423.524,0,1.02816,0,0,2.3355,1.30734,1.028160,1,0,97.6632,0,0,0,97.6632,0
72.29,2.20907,0,0,2.95172,0.264509,0.47814,3.6288,61.308,0.603384,0,0,0.867473,0.188086,0.0760029,0.66528,12.849,1,0.392645,0.47814,0,68.4962,3.88174,64.6999,0.84672,12.849,0.84672,3695.15,0,36.966,0.363814,1.47651,2.029,3.95039,1.01812,6.07396,0.42336,36.966,0.42336,423.524,0,1.02816,0,0,2.50467,1.47651,1.028160,1,0,70.8499,0,0,0,70.8499,0
72.29,2.17531,0,0,3.15761,0.207321,0.774975,3.6288,61.308,0.587623,0,0,1.03709,0.217105,0.232366,0.66528,12.849,1,0.386645,0.774975,0,76.5228,4.46628,72.4448,0.84672,12.849,0.84672,3695.15,0,36.966,0.35431,1.87879,2.02917,5.57048,1.05572,8.06841,0.42336,36.966,0.42336,423.524,0,1.02816,0,0,2.90695,1.87879,1.028160,1,0,80.7456,0,0,0,80.7456,0
72.29,2.17554,0,0,2.74907,0.207321,0.366203,3.6288,61.308,0.587721,0,0,0.996183,0.217105,0.191357,0.66528,12.849,1,0.386686,0.366203,0,67.9683,4.46628,63.4815,0.84672,12.849,0.84672,3695.15,0,36.966,0.35437,1.56122,2.0022,5.21085,1.05572,7.36419,0.42336,36.966,0.42336,423.524,0,1.02816,0,0,2.58938,1.56122,1.028160,1,0,71.0371,0,0,0,71.0371,0
72.0073,2.17577,0,0,2.46323,0.207321,0.36288,3.6288,61.308,0.587819,0,0,0.880252,0.217105,0.0753276,0.66528,12.849,1,0.386727,0.36288,0,58.3356,4.46628,53.8455,0.84672,12.849,0.84672,3695.15,0,36.966,0.354429,1.24267,2.00238,4.53953,1.05572,6.37443,0.42336,36.966,0.42336,423.524,0,1.02816,0,0,2.27083,1.24267,1.028160,1,0,60.2953,0,0,0,60.2953,0
71.5619,2.17471,0,0,2.2776,0.185318,0.36288,3.6288,61.308,0.587918,0,0,0.819055,0.188661,0.0424762,0.66528,12.849,1,0.388057,0.36288,0,55.407,3.87648,51.5054,0.84672,12.849,0.84672,3695.15,0,36.966,0.354488,1.12761,2.00255,4.0922,0.906133,5.96173,0.42336,36.966,0.42336,423.524,0,1.02816,0,0,2.15577,1.12761,1.028160,1,0,57.5096,0,0,0,57.5096,0
70.8473,2.28813,0,0,2.09017,0.153765,0.36288,3.6288,61.2455,0.644286,0,0,0.761737,0.179955,0,0.66528,12.849,1,0.410836,0.36288,0,46.9282,4.11108,42.7691,0.84672,12.849,0.84672,3695.15,0,36.966,0.388476,0.931962,2.00272,3.57391,0.959138,5.16098,0.42336,36.966,0.42336,423.524,0,1.02816,0,0,1.96012,0.931962,1.028160,1,0,47.9301,0,0,0,47.9301,0
69.9292,2.28487,0,0,1.86588,0.136269,0.36288,3.6288,61.1302,0.644143,0,0,0.710744,0.181887,0,0.66528,12.849,1,0.414387,0.36288,0,40.4795,4.46397,35.964,0.84672,12.849,0.84672,3695.15,0,36.966,0.388786,0.875595,2.09806,3.25398,1.04377,4.79507,0.42336,36.966,0.42336,423.524,0,1.02816,0,0,1.90375,0.875595,1.028160,1,0,40.7591,0,0,0,40.7591,0
68.7951,2.28051,0,0,1.64455,0.135309,0.36288,3.6288,60.9314,0.643789,0,0,0.626714,0.181754,0,0.66528,12.849,1,0.419028,0.36288,0,38.2673,4.46397,33.7472,0.84672,12.849,0.84672,3695.15,0,36.966,0.389305,0.807987,2.09824,3.25599,1.04377,4.72914,0.42336,36.966,0.42336,423.524,0,1.02816,0,0,1.83615,0.807987,1.028160,1,0,38.4764,0,0,0,38.4764,0
67.5282,2.27493,0,0,1.50047,0.129499,0.36288,3.6288,60.6888,0.643102,0,0,0.586948,0.186453,0,0.66528,12.849,1,0.424893,0.36288,0,34.9973,4.56178,30.3735,0.84672,12.849,0.84672,3695.15,0,36.966,0.390159,0.721207,2.09842,3.13301,1.07046,4.49202,0.42336,36.966,0.42336,423.524,0,1.02816,0,0,1.74937,0.721207,1.028160,1,0,34.8655,0,0,0,34.8655,0
66.2679,2.26847,0,0,1.47633,0.105345,0.36288,3.6288,60.3731,0.642236,0,0,0.550924,0.224347,0,0.66528,12.849,1,0.431635,0.36288,0,34.9608,5.09045,29.8016,0.84672,12.849,0.84672,3695.15,0,36.966,0.391191,0.539758,2.0986,2.96735,1.21331,4.0012,0.42336,36.966,0.42336,423.524,0,1.02816,0,0,1.56792,0.539758,1.028160,1,0,33.8028,0,0,0,33.8028,0
65.0176,2.2393,0,0,1.46759,0.115674,0.36288,3.6288,60.0479,0.66528,0,0,0.585572,0.24551,0,0.66528,12.849,1,0.43419,0.36288,0,36.2656,4.94487,31.2494,0.84672,12.849,0.84672,3695.15,0,36.966,0.417911,0.547266,2.09878,3.13425,1.17006,4.19234,0.42336,36.966,0.42336,423.524,0,1.02816,0,0,1.57543,0.547266,1.028160,1,0,35.4418,0,0,0,35.4418,0
63.6439,2.23257,0,0,1.33633,0.114525,0.36288,3.6288,59.7173,0.66528,0,0,0.579647,0.245003,0,0.66528,12.849,1,0.441208,0.36288,0,35.9853,4.94487,30.9621,0.84672,12.849,0.84672,3695.15,0,36.966,0.418082,0.549521,2.13224,3.01656,1.17006,4.11019,0.42336,36.966,0.42336,423.524,0,1.02816,0,0,1.57768,0.549521,1.028160,1,0,35.0722,0,0,0,35.0722,0
62.152,2.22488,0,0,1.20909,0.113261,0.36288,3.6288,59.3454,0.66528,0,0,0.537932,0.244486,0,0.66528,12.849,1,0.449178,0.36288,0,32.315,4.94487,27.2838,0.84672,12.849,0.84672,3695.15,0,36.966,0.418253,0.353825,2.13243,2.89316,1.17006,3.79111,0.42336,36.966,0.42336,423.524,0,1.02816,0,0,1.38199,0.353825,1.028160,1,0,31.0749,0,0,0,31.0749,0
60.6393,2.21618,0,0,1.15191,0.0855246,0.36288,3.6288,58.8802,0.66528,0,0,0.508981,0.308904,0,0.66528,12.849,1,0.458162,0.36288,0,29.2749,5.79177,23.3879,0.84672,12.849,0.84672,3695.15,0,36.966,0.418424,0.360582,2.13261,2.74108,1.47919,3.33666,0.42336,36.966,0.42336,423.524,0,1.02816,0,0,1.38874,0.360582,1.028160,1,0,26.7245,0,0,0,26.7245,0
59.2112,2.26431,0,0,1.28298,0.0839119,0.36288,3.6288,58.4241,0.66528,0,0,0.511461,0.302344,0,0.66528,12.849,1,0.479789,0.36288,0,30.9214,5.52351,25.2809,0.84672,12.849,0.84672,3695.15,0,36.966,0.462815,0.39598,2.1328,2.78184,1.49364,3.35416,0.42336,36.966,0.42336,423.524,0,1.02816,0,0,1.42414,0.39598,1.028160,1,0,28.6351,0,0,0,28.6351,0
57.6728,2.25504,0,0,1.1629,0.0834285,0.36288,3.6288,57.946,0.66528,0,0,0.485913,0.298726,0,0.66528,12.849,1,0.489349,0.36288,0,29.7521,5.45527,24.1704,0.84672,12.849,0.84672,3695.15,0,36.966,0.46299,0.312474,2.18017,2.75232,1.48746,3.29452,0.42336,36.966,0.42336,423.524,0,1.02816,0,0,1.34063,0.312474,1.028160,1,0,27.4649,0,0,0,27.4649,0
56.0395,2.2446,0,0,1.05636,0.0821917,0.36288,3.6288,57.4541,0.666792,0,0,0.472746,0.297807,0,0.66528,12.849,1,0.500077,0.36288,0,28.0068,5.45527,22.4143,0.84672,12.849,0.84672,3695.15,0,36.966,0.463165,0.227405,2.18036,2.65406,1.48746,3.1112,0.42336,36.966,0.42336,423.524,0,1.02665,0,0,1.25405,0.227405,1.028160,1,0,25.5255,0,0,0,25.5255,0
54.2725,2.23298,0,0,0.894724,0.0658366,0.36288,3.6288,56.9443,0.677575,0,0,0.470179,0.302381,0,0.66528,12.849,1,0.511987,0.36288,0,26.6909,5.73207,20.8098,0.84672,12.849,0.84672,3695.15,0,36.966,0.463341,0.227405,2.18055,2.60442,1.48796,3.06107,0.42336,36.966,0.42336,423.524,0,1.01587,0,0,1.24327,0.227405,1.028160,1,0,23.8708,0,0,0,23.8708,0
52.3029,2.38431,0,0,0.853528,0.0759635,0.36288,3.6288,56.3078,0.759171,0,0,0.412649,0.290001,0,0.66528,12.849,1,0.564484,0.36288,0,22.9544,5.62253,17.1303,0.84672,12.849,0.84672,3695.15,0,36.966,0.623185,0.227405,2.18073,2.42573,1.43526,2.77543,0.42336,36.966,0.42336,423.524,0,0.934269,0,0,1.16167,0.227405,1.028160,1,0,19.9057,0,0,0,19.9057,0
50.5556,2.36749,0,0,1.0596,0.0765318,0.36288,3.6288,55.8025,0.66528,0,0,0.447315,0.287358,0,0.66528,12.849,1,0.581609,0.36288,0,23.9724,5.68229,18.0714,0.84672,12.849,0.84672,3695.15,0,36.966,0.623376,0.313425,2.34243,2.57348,1.50354,3.10242,0.42336,36.966,0.42336,423.524,0,1.02816,0,0,1.34158,0.313425,1.028160,1,0,21.1738,0,0,0,21.1738,0
48.606,2.35171,0,0,0.840154,0.0751513,0.36288,3.6288,54.9616,0.890257,0,0,0.335747,0.28641,0,0.66528,12.849,1,0.5977,0.36288,0,26.3226,5.68229,20.4055,0.84672,12.849,0.84672,3695.15,0,36.966,0.623566,0.204422,2.34263,2.06631,1.50354,2.48625,0.42336,36.966,0.42336,423.524,0,0.803183,0,0,1.00761,0.204422,1.028160,1,0,22.8918,0,0,0,22.8918,0
46.8577,2.33299,0,0,1.02116,0.0736041,0.36288,3.6288,54.5512,0.66528,0,0,0.539789,0.284833,0,0.66528,12.849,1,0.616725,0.36288,0,22.9452,5.68229,17.0091,0.84672,12.849,0.84672,3695.15,0,36.966,0.623757,0.642401,2.34284,2.97728,1.50354,3.83522,0.42336,36.966,0.42336,423.524,0,1.02816,0,0,1.67056,0.642401,1.028160,1,0,20.8443,0,0,0,20.8443,0
44.9269,2.31517,0,0,0.814916,0.0676504,0.36288,3.6288,53.9055,0.729423,0,0,0.360975,0.277272,0,0.66528,12.849,1,0.63485,0.36288,0,19.3466,5.34522,13.7294,0.84672,12.849,0.84672,3695.15,0,36.966,0.623947,0.204422,2.34304,2.67526,1.3357,3.26308,0.42336,36.966,0.42336,423.524,0,0.964017,0,0,1.16844,0.204422,1.028160,1,0,16.9925,0,0,0,16.9925,0
43.0457,2.21702,0,0,0.760294,0.0615943,0.36288,3.6288,52.8634,0.925942,0,0,0.220183,0.336384,0,0.66528,12.849,1,0.634063,0.36288,0,12.3828,6.25049,5.86109,0.84672,12.849,0.84672,3695.15,0,36.966,0.63497,0.204422,2.34325,1.09406,1.59678,1.40997,0.42336,36.966,0.42336,423.524,0,0.659707,0,0,0.86413,0.204422,1.028160,1,0,7.27107,0,0,0,7.27107,0
41.1988,2.19591,0,0,0.839696,0.127841,0.36288,3.6288,52.0663,0.801987,0,0,0.29416,0.289269,0,0.66528,12.849,1,0.655472,0.36288,0,11.7096,5.05974,6.35729,0.84672,12.849,0.84672,3695.15,0,36.966,0.560809,0.216518,2.24994,1.38834,1.31946,1.97453,0.42336,36.966,0.42336,423.524,0,0.858004,0,0,1.07452,0.216518,1.028160,1,0,8.33182,0,0,0,8.33182,0
39.3199,2.17374,0,0,0.787415,0.129697,0.36288,3.6288,51.3049,0.788392,0,0,0.316339,0.289313,0,0.66528,12.849,1,0.677942,0.36288,0,13.9314,5.09229,8.52404,0.84672,12.849,0.84672,3695.15,0,36.966,0.559742,0.216518,2.25014,1.46203,1.3381,2.03084,0.42336,36.966,0.42336,423.524,0,0.872847,0,0,1.08937,0.216518,1.028160,1,0,10.5549,0,0,0,10.5549,0
37.5567,2.14955,0,0,0.876148,0.126857,0.36288,3.6288,50.6975,0.675259,0,0,0.355348,0.287538,0,0.66528,12.849,1,0.702432,0.36288,0,21.0044,5.09229,15.5725,0.84672,12.849,0.84672,3695.15,0,36.966,0.527723,0.216518,2.25034,1.68674,1.3381,2.28776,0.42336,36.966,0.42336,423.524,0,1.01818,0,0,1.2347,0.216518,1.028160,1,0,17.8603,0,0,0,17.8603,0
36.4066,2.06448,0,0,1.4238,0.146579,0.36288,3.6288,50.0151,0.821745,0,0,0.379651,0.240273,0,0.66528,12.849,1,0.706304,0.36288,0,31.4743,4.37731,26.7536,0.84672,12.849,0.84672,3695.15,0,36.966,0.599175,0.216518,2.25053,2.0212,1.18873,2.70035,0.42336,36.966,0.42336,423.524,0,0.712134,0,0,0.928652,0.216518,1.028160,1,0,29.4539,0,0,0,29.4539,0
35.1119,2.0482,0,0,1.26976,0.153394,0.36288,3.6288,49.1936,0.886012,0,0,0.285212,0.2207,0,0.66528,12.849,1,0.722873,0.36288,0,19.1316,4.09132,14.6803,0.84672,12.849,0.84672,3695.15,0,36.966,0.654849,0.216518,2.16724,1.76016,1.12897,2.3601,0.42336,36.966,0.42336,423.524,0,0.592366,0,0,0.808885,0.216518,1.028160,1,0,17.0404,0,0,0,17.0404,0
35.7978,2.0289,0,0,3.22867,0.151025,0.36288,3.6288,49.2565,0.631047,0,0,0.913125,0.219214,0,0.66528,12.849,1,0.742465,0.36288,0,53.3754,4.09132,48.9045,0.84672,12.849,0.84672,3695.15,0,36.966,0.474193,1.43319,2.16743,4.11352,1.12897,6.11098,0.42336,36.966,0.42336,423.524,0,1.02816,0,0,2.46135,1.43319,1.028160,1,0,55.0155,0,0,0,55.0155,0
37.0265,2.03958,0,0,3.79933,0.168139,0.36288,3.6288,49.5978,0.631492,0,0,1.17777,0.204948,0,0.66528,12.849,1,0.732073,0.36288,0,63.6838,3.87368,59.4409,0.84672,12.849,0.84672,3695.15,0,36.966,0.473922,0.577489,2.16762,4.16755,1.06732,5.37141,0.42336,36.966,0.42336,423.524,0,1.02816,0,0,1.60565,0.577489,1.028160,1,0,64.8123,0,0,0,64.8123,0
37.0812,1.88595,0,0,2.49198,0.188457,0.36288,3.6288,49.7869,0.528062,0,0,0.920054,0.202861,0,0.66528,12.849,1,0.654465,0.36288,0,56.5301,3.90279,52.3358,0.84672,12.849,0.84672,3695.15,0,36.966,0.393572,0.551768,2.16781,3.84499,0.917874,5.25312,0.42336,36.966,0.42336,423.524,0,1.02816,0,0,1.57993,0.551768,1.028160,1,0,57.5889,0,0,0,57.5889,0
37.2667,1.88686,0,0,2.62834,0.193049,0.36288,3.6288,49.8723,0.529009,0,0,0.831116,0.216741,0,0.66528,12.849,1,0.653817,0.36288,0,68.9657,4.347,64.3278,0.84672,12.849,0.84672,3695.15,0,36.966,0.392781,0.630573,1.98248,4.55431,0.974078,5.80051,0.42336,36.966,0.42336,423.524,0,1.02816,0,0,1.65873,0.630573,1.028160,1,0,70.1283,0,0,0,70.1283,0
38.4105,1.88948,0,0,3.58958,0.193473,0.36288,3.6288,50.5862,0.529485,0,0,1.46032,0.216893,0,0.66528,12.849,1,0.651465,0.36288,0,74.3282,4.347,69.6926,0.84672,12.849,0.84672,3695.15,0,36.966,0.392461,1.70556,1.98265,6.82058,0.974078,9.14226,0.42336,36.966,0.42336,423.524,0,1.02816,0,0,2.73372,1.70556,1.028160,1,0,78.8349,0,0,0,78.8349,0
42.84,1.90422,0,0,6.87282,0.176237,0.36288,3.6288,50.8276,0.532775,0,0,0.948983,0.174839,0,0.66528,12.849,1,0.636997,0.36288,0,100.765,3.69188,96.7989,0.84672,12.849,0.84672,3695.15,0,36.966,0.389326,0.87105,1.98283,5.34595,0.901688,6.90881,0.42336,36.966,0.42336,423.524,0,1.02816,0,0,1.89921,0.87105,1.028160,1,0,103.708,0,0,0,103.708,0
48.1781,1.90457,0,0,7.78283,0.177252,0.36288,3.6288,52.0344,0.511901,0,0,1.87656,0.157819,0,0.66528,12.849,1,0.571239,0.36288,0,84.7999,3.42983,81.1617,0.84672,12.849,0.84672,3695.15,0,36.966,0.372296,1.65252,1.983,7.52596,0.872733,9.91645,0.42336,36.966,0.42336,423.524,0,1.02816,0,0,2.68068,1.65252,1.028160,1,0,91.0781,0,0,0,91.0781,0
47.4195,2.07694,0,0,1.911,0.229796,0.36288,3.6288,52.5034,0.570447,0,0,1.23836,0.198956,0,0.66528,12.849,1,0.553915,0.36288,0,38.6497,3.90997,34.5486,0.84672,12.849,0.84672,3695.15,0,36.966,0.405254,0.638116,1.94145,4.73655,0.992041,5.91883,0.42336,36.966,0.42336,423.524,0,1.02816,0,0,1.66628,0.638116,1.028160,1,0,40.4675,0,0,0,40.4675,0
47.5221,1.80365,0,0,2.49299,0.223821,0.36288,3.6288,53.2926,0.457356,0,0,1.44667,0.200107,0,0.66528,12.849,1,0.488725,0.36288,0,57.1167,3.57599,53.4149,0.84672,12.849,0.84672,3695.15,0,36.966,0.32201,1.2082,2.0412,5.9587,0.89398,7.99211,0.42336,36.966,0.42336,423.524,0,1.02816,0,0,2.23636,1.2082,1.028160,1,0,61.407,0,0,0,61.407,0
48.5168,1.80466,0,0,3.38631,0.224074,0.36288,3.6288,54.9568,0.46025,0,0,2.32586,0.201375,0,0.66528,12.849,1,0.487943,0.36288,0,79.1583,3.57599,75.4572,0.84672,12.849,0.84672,3695.15,0,36.966,0.319249,2.23473,1.82609,8.36316,0.89398,11.2107,0.42336,36.966,0.42336,423.524,0,1.02816,0,0,3.26289,2.23473,1.028160,1,0,86.668,0,0,0,86.668,0
49.7992,1.81275,0,0,3.68455,0.226519,0.36288,3.6288,56.191,0.466109,0,0,1.90398,0.203751,0,0.66528,12.849,1,0.480082,0.36288,0,105.481,3.57599,101.788,0.84672,12.849,0.84672,3695.15,0,36.966,0.313522,2.11126,1.82623,7.92399,0.89398,10.654,0.42336,36.966,0.42336,423.524,0,1.02816,0,0,3.13942,2.11126,1.028160,1,0,112.442,0,0,0,112.442,0
49.2306,2.26048,0,0,2.30892,0.254209,0.36288,3.6288,56.766,0.66528,0,0,1.41798,0.177666,0,0.66528,12.849,1,0.58324,0.36288,0,66.9462,3.15598,63.5698,0.84672,12.849,0.84672,3695.15,0,36.966,0.46722,1.40894,1.82638,5.69738,0.818292,7.64719,0.42336,36.966,0.42336,423.524,0,1.02816,0,0,2.4371,1.40894,1.028160,1,0,71.217,0,0,0,71.217,0
49.0598,2.01941,0,0,2.48251,0.270968,0.36288,3.6288,57.2747,0.579537,0,0,1.24571,0.15745,0,0.66528,12.849,1,0.527059,0.36288,0,64.7923,2.84098,61.7871,0.84672,12.849,0.84672,3695.15,0,36.966,0.377394,1.55992,2.20224,5.45795,0.761525,8.08119,0.42336,36.966,0.42336,423.524,0,1.02816,0,0,2.58808,1.55992,1.028160,1,0,69.8683,0,0,0,69.8683,0
48.7763,2.01816,0,0,2.36804,0.27047,0.36288,3.6288,57.9623,0.581665,0,0,1.42718,0.157971,0,0.66528,12.849,1,0.528565,0.36288,0,57.8222,2.84098,54.8155,0.84672,12.849,0.84672,3695.15,0,36.966,0.375415,1.57676,2.01089,5.58157,0.761525,8.03228,0.42336,36.966,0.42336,423.524,0,1.02816,0,0,2.60492,1.57676,1.028160,1,0,62.8478,0,0,0,62.8478,0
49.0525,2.01593,0,0,2.91323,0.258213,0.36288,3.6288,59.1446,0.584474,0,0,1.94219,0.175358,0,0.66528,12.849,1,0.531049,0.36288,0,72.9797,3.41794,69.3936,0.84672,12.849,0.84672,3695.15,0,36.966,0.372754,1.87997,2.01105,9.77472,0.893704,12.3993,0.42336,36.966,0.42336,423.524,0,1.02816,0,0,2.90813,1.87997,1.028160,1,0,81.7929,0,0,0,81.7929,0
51.5597,1.73226,0,0,4.88295,0.280617,0.36288,3.6288,61.2341,0.44291,0,0,2.69069,0.158277,0,0.66528,12.849,1,0.453755,0.36288,0,120.083,3.57898,116.413,0.84672,12.849,0.84672,3695.15,0,36.966,0.276823,3.39809,2.01121,15.2473,0.892963,19.4868,0.42336,36.966,0.42336,423.524,0,1.02816,0,0,4.42625,3.39809,1.028160,1,0,135.9,0,0,0,135.9,0
53.9604,1.7501,0,0,4.82919,0.315516,0.36288,3.6288,61.308,0.44888,0,0,2.13565,0.143489,1.46942,0.66528,12.849,1,0.436136,0.36288,0,102.959,3.30592,99.5794,0.84672,12.849,0.84672,3695.15,0,36.966,0.270981,3.11088,1.76008,12.1715,0.8598,15.9117,0.42336,36.966,0.42336,423.524,0,1.02816,0,0,4.13904,3.11088,1.028160,1,0,116.96,0,0,0,116.96,0
55.7163,1.76595,0,0,4.20815,0.323396,0.36288,3.6288,61.308,0.449164,0,0,2.27886,0.143557,1.68614,0.66528,12.849,1,0.420506,0.36288,0,91.101,3.30592,87.7375,0.84672,12.849,0.84672,3695.15,0,36.966,0.270826,2.82461,1.76022,10.48,0.8598,13.9342,0.42336,36.966,0.42336,423.524,0,1.02816,0,0,3.85277,2.82461,1.028160,1,0,103.358,0,0,0,103.358,0
60.3024,1.7769,0,0,7.0544,0.328566,0.36288,3.6288,61.308,0.449243,0,0,3.29875,0.137829,2.71168,0.66528,12.849,1,0.409779,0.36288,0,185.277,3.21627,182.014,0.84672,12.849,0.84672,3695.15,0,36.966,0.270874,5.82042,1.76036,17.3546,0.844445,23.82,0.42336,36.966,0.42336,423.524,0,1.02816,0,0,6.84858,5.82042,1.028160,1,0,208.546,0,0,0,208.546,0
64.7513,1.80277,0,0,6.94319,0.328616,0.36288,3.6288,61.308,0.449323,0,0,3.17703,0.112434,2.61528,0.66528,12.849,1,0.384127,0.36288,0,175.546,2.9368,172.588,0.84672,12.849,0.84672,3695.15,0,36.966,0.270922,4.83385,1.7605,17.92,0.811546,23.4318,0.42336,36.966,0.42336,423.524,0,1.02816,0,0,5.86201,4.83385,1.028160,1,0,198.635,0,0,0,198.635,0
69.7715,1.90088,0,0,7.55473,0.270811,0.36288,3.6288,61.308,0.485687,0,0,3.25957,0.166234,2.60765,0.66528,12.849,1,0.377203,0.36288,0,149.308,4.48759,144.806,0.84672,12.849,0.84672,3695.15,0,36.966,0.292848,4.1208,1.76064,14.8762,1.16693,19.2978,0.42336,36.966,0.42336,423.524,0,1.02816,0,0,5.14896,4.1208,1.028160,1,0,166.711,0,0,0,166.711,0
72.29,2.20849,0,0,7.36306,0.281753,2.3543,3.6288,61.308,0.608291,0,0,2.99546,0.166234,2.22094,0.66528,12.849,1,0.406712,2.3543,0,231.785,4.48759,229.245,0.84672,12.849,0.84672,3695.15,0,36.966,0.366772,4.10455,1.82276,13.9533,1.16693,18.3469,0.42336,36.966,0.42336,423.524,0,1.02816,0,0,5.13271,4.10455,1.028160,1,0,249.813,0,0,0,249.813,0
72.29,2.22074,0,0,6.77074,0.229245,4.32075,3.6288,61.308,0.608385,0,0,2.97649,0.192333,2.17577,0.66528,12.849,1,0.39472,4.32075,0,213.85,4.83935,212.937,0.84672,12.849,0.84672,3695.15,0,36.966,0.366829,3.76755,2.03778,13.8129,1.2163,18.0351,0.42336,36.966,0.42336,423.524,0,1.02816,0,0,4.79571,3.76755,1.028160,1,0,233.148,0,0,0,233.148,0
72.29,2.22096,0,0,6.19288,0.206046,3.76587,3.6288,61.308,0.608478,0,0,2.74898,0.202772,1.93773,0.66528,12.849,1,0.394759,3.76587,0,135.918,4.98004,134.309,0.84672,12.849,0.84672,3695.15,0,36.966,0.366885,3.5807,2.03794,11.7677,1.23605,15.7834,0.42336,36.966,0.42336,423.524,0,1.02816,0,0,4.60886,3.5807,1.028160,1,0,152.03,0,0,0,152.03,0
72.29,2.18703,0,0,5.20356,0.179225,2.83731,3.6288,61.308,0.592634,0,0,2.24495,0.202961,1.44935,0.66528,12.849,1,0.388728,2.83731,0,128.185,4.01434,126.619,0.84672,12.849,0.84672,3695.15,0,36.966,0.357332,3.33596,2.03811,9.73175,1.09639,13.6521,0.42336,36.966,0.42336,423.524,0,1.02816,0,0,4.36412,3.33596,1.028160,1,0,141.72,0,0,0,141.72,0
72.29,2.18724,0,0,4.90307,0.174755,2.54107,3.6288,61.308,0.592727,0,0,2.01967,0.202992,1.22395,0.66528,12.849,1,0.388766,2.54107,0,114.155,3.85339,112.454,0.84672,12.849,0.84672,3695.15,0,36.966,0.357388,2.67286,2.011,9.03174,1.07311,12.2851,0.42336,36.966,0.42336,423.524,0,1.02816,0,0,3.70102,2.67286,1.028160,1,0,125.963,0,0,0,125.963,0
72.29,2.18746,0,0,4.50291,0.174755,2.14069,3.6288,61.308,0.592819,0,0,1.88504,0.202992,1.08923,0.66528,12.849,1,0.388805,2.14069,0,104.715,3.85339,102.614,0.84672,12.849,0.84672,3695.15,0,36.966,0.357444,2.58279,2.01116,7.64424,1.07311,10.8076,0.42336,36.966,0.42336,423.524,0,1.02816,0,0,3.61095,2.58279,1.028160,1,0,114.51,0,0,0,114.51,0
72.29,2.18768,0,0,4.16673,0.137206,1.84184,3.6288,61.308,0.592912,0,0,1.78088,0.234555,0.95341,0.66528,12.849,1,0.388843,1.84184,0,92.0791,4.12311,89.409,0.84672,12.849,0.84672,3695.15,0,36.966,0.357499,2.46697,2.01132,7.661,1.06441,10.7174,0.42336,36.966,0.42336,423.524,0,1.02816,0,0,3.49513,2.46697,1.028160,1,0,101.08,0,0,0,101.08,0
72.29,2.30386,0,0,3.78597,0.149886,1.33222,3.6288,61.308,0.649544,0,0,1.60691,0.23438,0.722986,0.66528,12.849,1,0.409494,1.33222,0,82.2571,4.23375,78.9461,0.84672,12.849,0.84672,3695.15,0,36.966,0.391646,2.11067,2.01148,7.43671,1.02906,10.1382,0.42336,36.966,0.42336,423.524,0,1.02816,0,0,3.13883,2.11067,1.028160,1,0,89.8072,0,0,0,89.8072,0
72.29,2.30409,0,0,3.23824,0.100326,0.833825,3.6288,61.308,0.649641,0,0,1.33799,0.244469,0.443881,0.66528,12.849,1,0.409534,0.833825,0,63.9818,4.84753,59.5585,0.84672,12.849,0.84672,3695.15,0,36.966,0.391705,1.51595,2.10726,6.03541,1.15704,8.10988,0.42336,36.966,0.42336,423.524,0,1.02816,0,0,2.54411,1.51595,1.028160,1,0,68.1123,0,0,0,68.1123,0
72.29,2.30431,0,0,3.098,0.100326,0.693363,3.6288,61.308,0.649739,0,0,1.27827,0.244469,0.384063,0.66528,12.849,1,0.409574,0.693363,0,58.9376,4.84753,54.3738,0.84672,12.849,0.84672,3695.15,0,36.966,0.391764,1.42212,2.10743,5.83693,1.15704,7.81768,0.42336,36.966,0.42336,423.524,0,1.02816,0,0,2.45028,1.42212,1.028160,1,0,62.5756,0,0,0,62.5756,0
72.29,2.30454,0,0,2.96643,0.100326,0.561567,3.6288,61.308,0.649836,0,0,1.2995,0.244469,0.405194,0.66528,12.849,1,0.409614,0.561567,0,56.2323,4.84753,51.5367,0.84672,12.849,0.84672,3695.15,0,36.966,0.391822,1.71901,2.1076,5.55741,1.15704,7.83516,0.42336,36.966,0.42336,423.524,0,1.02816,0,0,2.74717,1.71901,1.028160,1,0,59.7771,0,0,0,59.7771,0
72.0981,2.30477,0,0,2.59676,0.121041,0.36288,3.6288,61.308,0.649934,0,0,1.17208,0.238914,0.283229,0.66528,12.849,1,0.409655,0.36288,0,52.9387,4.39842,48.4935,0.84672,12.849,0.84672,3695.15,0,36.966,0.391881,1.61387,2.10777,5.32733,1.21751,7.43959,0.42336,36.966,0.42336,423.524,0,1.02816,0,0,2.64203,1.61387,1.028160,1,0,56.2163,0,0,0,56.2163,0
71.0324,2.28113,0,0,1.66425,0.0859138,0.36288,3.6288,61.2793,0.66528,0,0,0.866324,0.22977,0,0.66528,12.849,1,0.406533,0.36288,0,46.2147,4.57116,41.5999,0.84672,12.849,0.84672,3695.15,0,36.966,0.426525,1.06797,2.10794,5.41701,1.33831,6.8281,0.42336,36.966,0.42336,423.524,0,1.02816,0,0,2.09613,1.06797,1.028160,1,0,48.428,0,0,0,48.428,0
69.8923,2.27619,0,0,1.56969,0.0707675,0.36288,3.6288,61.1997,0.66528,0,0,0.818554,0.232799,0,0.66528,12.849,1,0.411739,0.36288,0,40.3245,4.60971,35.666,0.84672,12.849,0.84672,3695.15,0,36.966,0.426686,0.779544,2.14155,4.29948,1.35028,5.44362,0.42336,36.966,0.42336,423.524,0,1.02816,0,0,1.8077,0.779544,1.028160,1,0,41.1096,0,0,0,41.1096,0
68.7293,2.27074,0,0,1.54079,0.0701494,0.36288,3.6288,61.1041,0.66528,0,0,0.802284,0.232681,0,0.66528,12.849,1,0.417453,0.36288,0,37.3546,4.60971,32.6903,0.84672,12.849,0.84672,3695.15,0,36.966,0.426846,0.882196,2.14173,4.2212,1.35028,5.468,0.42336,36.966,0.42336,423.524,0,1.02816,0,0,1.91036,0.882196,1.028160,1,0,38.1583,0,0,0,38.1583,0
67.5051,2.26501,0,0,1.47324,0.0695189,0.36288,3.6288,60.9581,0.66528,0,0,0.751844,0.232541,0,0.66528,12.849,1,0.423446,0.36288,0,34.3001,4.60971,29.6298,0.84672,12.849,0.84672,3695.15,0,36.966,0.427007,0.70086,2.1419,4.12168,1.35028,5.18716,0.42336,36.966,0.42336,423.524,0,1.02816,0,0,1.72902,0.70086,1.028160,1,0,34.817,0,0,0,34.817,0
66.1576,2.31743,0,0,1.39342,0.0606585,0.36288,3.6288,60.6886,0.66528,0,0,0.6926,0.296768,0,0.66528,12.849,1,0.441102,0.36288,0,33.9098,5.44483,28.3867,0.84672,12.849,0.84672,3695.15,0,36.966,0.471597,0.676935,2.14207,3.89915,1.50528,4.74128,0.42336,36.966,0.42336,423.524,0,1.02816,0,0,1.7051,0.676935,1.028160,1,0,33.128,0,0,0,33.128,0
64.8082,2.31013,0,0,1.38045,0.056771,0.36288,3.6288,60.3679,0.66528,0,0,0.666576,0.321995,0,0.66528,12.849,1,0.448669,0.36288,0,32.453,5.77888,26.5884,0.84672,12.849,0.84672,3695.15,0,36.966,0.471761,0.755948,2.18966,3.93523,1.56728,4.84179,0.42336,36.966,0.42336,423.524,0,1.02816,0,0,1.78411,0.755948,1.028160,1,0,31.4302,0,0,0,31.4302,0
63.2871,2.30256,0,0,1.20048,0.0561614,0.36288,3.6288,60.0078,0.66528,0,0,0.626436,0.32134,0,0.66528,12.849,1,0.45651,0.36288,0,30.7039,5.77888,24.8314,0.84672,12.849,0.84672,3695.15,0,36.966,0.471926,0.605336,2.18983,3.82956,1.56728,4.58552,0.42336,36.966,0.42336,423.524,0,1.02816,0,0,1.6335,0.605336,1.028160,1,0,29.4169,0,0,0,29.4169,0
61.6805,2.29367,0,0,1.10544,0.0554742,0.36288,3.6288,59.6356,0.66528,0,0,0.613762,0.320603,0,0.66528,12.849,1,0.465676,0.36288,0,28.9581,5.77888,23.0764,0.84672,12.849,0.84672,3695.15,0,36.966,0.472091,0.521329,2.19001,3.79078,1.56728,4.46275,0.42336,36.966,0.42336,423.524,0,1.02816,0,0,1.54949,0.521329,1.028160,1,0,27.5392,0,0,0,27.5392,0
59.8244,2.45309,0,0,1.00583,0.045934,0.36288,3.6288,59.2125,0.66528,0,0,0.572777,0.330665,0,0.66528,12.849,1,0.511017,0.36288,0,26.8646,6.1908,20.5257,0.84672,12.849,0.84672,3695.15,0,36.966,0.632677,0.438022,2.19019,3.44612,1.58359,3.85806,0.42336,36.966,0.42336,423.524,0,1.02816,0,0,1.46618,0.438022,1.028160,1,0,24.3837,0,0,0,24.3837,0
58.3732,2.44028,0,0,1.42734,0.0754633,0.36288,3.6288,58.8203,0.66528,0,0,0.60788,0.334781,0,0.66528,12.849,1,0.52412,0.36288,0,28.4953,6.31302,22.0211,0.84672,12.849,0.84672,3695.15,0,36.966,0.632856,0.602744,2.35263,3.47997,1.5709,4.23159,0.42336,36.966,0.42336,423.524,0,1.02816,0,0,1.6309,0.602744,1.028160,1,0,26.2527,0,0,0,26.2527,0
56.6377,2.42984,0,0,1.13171,0.0744142,0.36288,3.6288,58.2696,0.67297,0,0,0.45626,0.333939,0,0.66528,12.849,1,0.534852,0.36288,0,31.2889,6.31302,24.8039,0.84672,12.849,0.84672,3695.15,0,36.966,0.633035,0.204422,2.35283,2.79415,1.5709,3.14746,0.42336,36.966,0.42336,423.524,0,1.02047,0,0,1.22489,0.204422,1.028160,1,0,27.9514,0,0,0,27.9514,0
55.1605,2.41671,0,0,1.37555,0.0731596,0.36288,3.6288,58.0052,0.66528,0,0,0.733545,0.332758,0,0.66528,12.849,1,0.548263,0.36288,0,27.2744,6.31302,20.776,0.84672,12.849,0.84672,3695.15,0,36.966,0.633214,1.00265,2.35302,4.02603,1.5709,5.17758,0.42336,36.966,0.42336,423.524,0,1.02816,0,0,2.03081,1.00265,1.028160,1,0,25.9536,0,0,0,25.9536,0
53.4245,2.40504,0,0,1.10838,0.076479,0.36288,3.6288,57.5538,0.66528,0,0,0.519099,0.305188,0,0.66528,12.849,1,0.560226,0.36288,0,23.4704,5.57364,17.6994,0.84672,12.849,0.84672,3695.15,0,36.966,0.633393,0.444779,2.35321,4.03655,1.28308,4.91806,0.42336,36.966,0.42336,423.524,0,1.02816,0,0,1.47294,0.444779,1.028160,1,0,22.6175,0,0,0,22.6175,0
52.3295,2.31022,0,0,1.67361,0.0954886,0.36288,3.6288,57.2599,0.66528,0,0,0.673471,0.302046,0,0.66528,12.849,1,0.555626,0.36288,0,32.7205,4.93521,27.5925,0.84672,12.849,0.84672,3695.15,0,36.966,0.536159,1.22622,2.3534,4.15088,1.29265,5.9017,0.42336,36.966,0.42336,423.524,0,1.02816,0,0,2.25438,1.22622,1.028160,1,0,33.4942,0,0,0,33.4942,0
50.9473,2.30111,0,0,1.37616,0.0944216,0.36288,3.6288,57.2345,0.66528,0,0,0.941287,0.301471,0,0.66528,12.849,1,0.565015,0.36288,0,31.7639,4.93521,26.6266,0.84672,12.849,0.84672,3695.15,0,36.966,0.53633,2.81801,2.25965,4.6866,1.29265,7.93529,0.42336,36.966,0.42336,423.524,0,1.02816,0,0,3.84617,2.81801,1.028160,1,0,34.5619,0,0,0,34.5619,0
49.3441,2.28909,0,0,1.14188,0.0930746,0.36288,3.6288,56.774,0.66528,0,0,0.506273,0.301421,0,0.66528,12.849,1,0.577314,0.36288,0,30.4343,4.93521,25.2847,0.84672,12.849,0.84672,3695.15,0,36.966,0.5365,0.962997,2.25983,3.49026,1.29265,4.88394,0.42336,36.966,0.42336,423.524,0,1.02816,0,0,1.99116,0.962997,1.028160,1,0,30.1686,0,0,0,30.1686,0
48.2097,2.27443,0,0,1.64234,0.139443,0.36288,3.6288,56.4751,0.66528,0,0,0.622732,0.256341,0,0.66528,12.849,1,0.592253,0.36288,0,35.5199,4.31232,30.9782,0.84672,12.849,0.84672,3695.15,0,36.966,0.536671,1.21557,2.26002,3.84064,1.09795,5.68161,0.42336,36.966,0.42336,423.524,0,1.02816,0,0,2.24373,1.21557,1.028160,1,0,36.6598,0,0,0,36.6598,0
48.6184,2.19901,0,0,3.16603,0.19548,0.36288,3.6288,56.6471,0.66528,0,0,1.0451,0.207838,0,0.66528,12.849,1,0.586086,0.36288,0,76.5485,4.04868,72.2766,0.84672,12.849,0.84672,3695.15,0,36.966,0.448139,1.7539,2.2602,9.29189,0.908477,11.9494,0.42336,36.966,0.42336,423.524,0,1.02816,0,0,2.78206,1.7539,1.028160,1,0,84.226,0,0,0,84.226,0
50.2205,2.20312,0,0,4.36047,0.192289,0.36288,3.6288,57.0719,0.66528,0,0,1.30625,0.216171,0,0.66528,12.849,1,0.582247,0.36288,0,85.0273,4.47384,80.3341,0.84672,12.849,0.84672,3695.15,0,36.966,0.448302,2.31727,2.17651,6.69432,0.961063,9.77874,0.42336,36.966,0.42336,423.524,0,1.02816,0,0,3.34543,2.31727,1.028160,1,0,90.1128,0,0,0,90.1128,0
50.7389,2.21813,0,0,3.29501,0.195614,0.36288,3.6288,57.4767,0.66528,0,0,1.28677,0.216769,0,0.66528,12.849,1,0.567512,0.36288,0,82.652,4.47384,77.9735,0.84672,12.849,0.84672,3695.15,0,36.966,0.448465,1.36566,2.17669,6.22555,0.961063,8.35837,0.42336,36.966,0.42336,423.524,0,1.02816,0,0,2.39382,1.36566,1.028160,1,0,86.3319,0,0,0,86.3319,0
52.3613,2.22297,0,0,4.40487,0.196683,0.36288,3.6288,57.737,0.66528,0,0,1.14297,0.217339,0,0.66528,12.849,1,0.56294,0.36288,0,76.4486,4.47384,71.7747,0.84672,12.849,0.84672,3695.15,0,36.966,0.448627,1.86545,2.17686,6.7136,0.961063,9.34622,0.42336,36.966,0.42336,423.524,0,1.02816,0,0,2.89361,1.86545,1.028160,1,0,81.1209,0,0,0,81.1209,0
52.6313,2.05042,0,0,2.89716,0.213815,0.36288,3.6288,57.653,0.566539,0,0,0.684323,0.201746,0,0.66528,12.849,1,0.503156,0.36288,0,70.6978,4.28406,66.2734,0.84672,12.849,0.84672,3695.15,0,36.966,0.362726,0.774351,2.17704,5.4036,0.932612,7.05966,0.42336,36.966,0.42336,423.524,0,1.02816,0,0,1.80251,0.774351,1.028160,1,0,73.3331,0,0,0,73.3331,0
52.6126,2.0527,0,0,2.64588,0.248965,0.36288,3.6288,57.9381,0.566307,0,0,1.01309,0.16176,0,0.66528,12.849,1,0.501131,0.36288,0,56.8525,3.80961,52.9046,0.84672,12.849,0.84672,3695.15,0,36.966,0.363105,1.34386,1.99085,5.52995,0.861484,7.64006,0.42336,36.966,0.42336,423.524,0,1.02816,0,0,2.37202,1.34386,1.028160,1,0,60.5447,0,0,0,60.5447,0
52.4028,2.05276,0,0,2.45471,0.248917,0.36288,3.6288,57.9647,0.567487,0,0,0.756161,0.162058,0,0.66528,12.849,1,0.501323,0.36288,0,69.4336,3.80961,65.4856,0.84672,12.849,0.84672,3695.15,0,36.966,0.362071,1.44314,1.99101,4.38631,0.861484,6.5969,0.42336,36.966,0.42336,423.524,0,1.02816,0,0,2.4713,1.44314,1.028160,1,0,72.0825,0,0,0,72.0825,0
53.4965,2.05135,0,0,3.75636,0.248379,0.36288,3.6288,58.2333,0.567678,0,0,0.998412,0.162086,0,0.66528,12.849,1,0.502985,0.36288,0,72.4343,3.80961,68.4846,0.84672,12.849,0.84672,3695.15,0,36.966,0.362027,1.42707,1.99117,4.55489,0.861484,6.74961,0.42336,36.966,0.42336,423.524,0,1.02816,0,0,2.45523,1.42707,1.028160,1,0,75.2342,0,0,0,75.2342,0
55.7214,2.05985,0,0,4.89876,0.251181,0.36288,3.6288,58.716,0.568789,0,0,1.21388,0.162367,0,0.66528,12.849,1,0.494742,0.36288,0,101.299,3.80961,97.3573,0.84672,12.849,0.84672,3695.15,0,36.966,0.361062,1.63401,1.99133,7.64621,0.861484,10.049,0.42336,36.966,0.42336,423.524,0,1.02816,0,0,2.66217,1.63401,1.028160,1,0,107.406,0,0,0,107.406,0
58.0604,2.14884,0,0,5.07114,0.220448,0.36288,3.6288,59.7016,0.603552,0,0,1.81138,0.222294,0,0.66528,12.849,1,0.495509,0.36288,0,112.66,3.97422,108.554,0.84672,12.849,0.84672,3695.15,0,36.966,0.379979,3.82653,1.99149,11.6967,1.00285,16.1318,0.42336,36.966,0.42336,423.524,0,1.02816,0,0,4.85469,3.82653,1.028160,1,0,124.685,0,0,0,124.685,0
62.6584,2.16538,0,0,7.34571,0.219376,0.36288,3.6288,61.308,0.607513,0,0,2.81151,0.233668,0.363906,0.66528,12.849,1,0.479208,0.36288,0,129.67,4.00166,125.552,0.84672,12.849,0.84672,3695.15,0,36.966,0.376159,5.07779,2.04978,14.8815,1.02641,20.6065,0.42336,36.966,0.42336,423.524,0,1.02816,0,0,6.10595,5.07779,1.028160,1,0,146.522,0,0,0,146.522,0
64.9046,2.19477,0,0,5.06055,0.256788,0.36288,3.6288,61.308,0.613749,0,0,1.89761,0.210827,1.07304,0.66528,12.849,1,0.450068,0.36288,0,177.718,3.85185,173.779,0.84672,12.849,0.84672,3695.15,0,36.966,0.370064,3.78858,2.04994,7.72712,1.07353,12.122,0.42336,36.966,0.42336,423.524,0,1.02816,0,0,4.81674,3.78858,1.028160,1,0,186.974,0,0,0,186.974,0
66.6445,2.20797,0,0,4.56646,0.255684,0.36288,3.6288,61.308,0.613837,0,0,1.65245,0.189672,0.848943,0.66528,12.849,1,0.437107,0.36288,0,120.506,3.51918,116.912,0.84672,12.849,0.84672,3695.15,0,36.966,0.370117,2.53891,2.05009,6.2699,0.904576,9.58421,0.42336,36.966,0.42336,423.524,0,1.02816,0,0,3.56707,2.53891,1.028160,1,0,127.345,0,0,0,127.345,0
69.565,2.45878,0,0,5.99556,0.25342,0.36288,3.6288,61.308,0.66528,0,0,1.95816,0.210978,1.0819,0.66528,12.849,1,0.474051,0.36288,0,148.73,3.69099,144.928,0.84672,12.849,0.84672,3695.15,0,36.966,0.519857,3.32975,2.05025,9.99584,0.968434,13.8875,0.42336,36.966,0.42336,423.524,0,1.02816,0,0,4.35791,3.32975,1.028160,1,0,159.897,0,0,0,159.897,0
72.29,2.47581,0,0,6.8952,0.25132,1.44304,3.6288,61.308,0.66528,0,0,2.64215,0.239386,1.73748,0.66528,12.849,1,0.457294,1.44304,0,142.628,3.92007,139.694,0.84672,12.849,0.84672,3695.15,0,36.966,0.520015,4.10601,2.25961,13.8275,1.05358,18.6195,0.42336,36.966,0.42336,423.524,0,1.02816,0,0,5.13417,4.10601,1.028160,1,0,160.051,0,0,0,160.051,0
72.29,2.49067,0,0,6.4775,0.256627,3.73021,3.6288,61.308,0.66528,0,0,2.2371,0.239386,1.33244,0.66528,12.849,1,0.442698,3.73021,0,148.033,3.92007,147.4,0.84672,12.849,0.84672,3695.15,0,36.966,0.520173,3.61122,2.25978,12.2127,1.05358,16.51,0.42336,36.966,0.42336,423.524,0,1.02816,0,0,4.63938,3.61122,1.028160,1,0,165.242,0,0,0,165.242,0
72.29,2.4909,0,0,8.07901,0.262165,5.32594,3.6288,61.308,0.66528,0,0,2.56759,0.203925,1.69839,0.66528,12.849,1,0.442738,5.32594,0,141.936,3.60522,143.214,0.84672,12.849,0.84672,3695.15,0,36.966,0.52033,4.16581,2.25995,13.0405,0.909001,18.037,0.42336,36.966,0.42336,423.524,0,1.02816,0,0,5.19397,4.16581,1.028160,1,0,162.95,0,0,0,162.95,0
72.29,2.14281,0,0,6.34814,0.311858,3.89347,3.6288,61.308,0.571368,0,0,1.86653,0.204912,1.09025,0.66528,12.849,1,0.380868,3.89347,0,127.843,3.60994,127.745,0.84672,12.849,0.84672,3695.15,0,36.966,0.344509,3.08952,2.26012,12.1998,0.911625,16.2933,0.42336,36.966,0.42336,423.524,0,1.02816,0,0,4.11768,3.08952,1.028160,1,0,145.129,0,0,0,145.129,0
72.29,2.14301,0,0,5.45139,0.331275,2.97711,3.6288,61.308,0.571452,0,0,1.48651,0.197352,0.717708,0.66528,12.849,1,0.380904,2.97711,0,123.424,3.67721,122.343,0.84672,12.849,0.84672,3695.15,0,36.966,0.34456,1.7484,1.9749,9.69581,0.885666,12.1889,0.42336,36.966,0.42336,423.524,0,1.02816,0,0,2.77656,1.7484,1.028160,1,0,135.25,0,0,0,135.25,0
72.29,2.14321,0,0,3.79181,0.331275,1.31733,3.6288,61.308,0.571537,0,0,1.06199,0.197352,0.293097,0.66528,12.849,1,0.380939,1.31733,0,114.445,3.67721,111.704,0.84672,12.849,0.84672,3695.15,0,36.966,0.344611,1.43174,1.97505,9.32092,0.885666,11.4974,0.42336,36.966,0.42336,423.524,0,1.02816,0,0,2.4599,1.43174,1.028160,1,0,123.494,0,0,0,123.494,0
72.29,2.1434,0,0,4.21457,0.263306,1.80786,3.6288,61.308,0.571621,0,0,0.940654,0.161254,0.207779,0.66528,12.849,1,0.380974,1.80786,0,103.992,3.15404,102.265,0.84672,12.849,0.84672,3695.15,0,36.966,0.344662,1.20455,1.9752,8.80934,0.810513,10.8339,0.42336,36.966,0.42336,423.524,0,1.02816,0,0,2.23271,1.20455,1.028160,1,0,113.306,0,0,0,113.306,0
72.29,2.1436,0,0,4.67317,0.251978,2.27759,3.6288,61.308,0.571706,0,0,1.24978,0.155238,0.522841,0.66528,12.849,1,0.381009,2.27759,0,128.866,3.06684,127.695,0.84672,12.849,0.84672,3695.15,0,36.966,0.344713,1.78835,1.97535,9.03243,0.797988,11.6534,0.42336,36.966,0.42336,423.524,0,1.02816,0,0,2.81651,1.78835,1.028160,1,0,139.872,0,0,0,139.872,0
72.29,2.23151,0,0,5.42053,0.289746,2.89927,3.6288,61.308,0.612997,0,0,1.19555,0.161146,0.421409,0.66528,12.849,1,0.396634,2.89927,0,138.694,3.57504,137.621,0.84672,12.849,0.84672,3695.15,0,36.966,0.36961,1.67549,1.97549,7.78205,0.905364,10.1581,0.42336,36.966,0.42336,423.524,0,1.02816,0,0,2.70365,1.67549,1.028160,1,0,148.201,0,0,0,148.201,0
72.29,2.23172,0,0,4.7365,0.289746,2.21504,3.6288,61.308,0.613085,0,0,1.5192,0.161146,0.744967,0.66528,12.849,1,0.396671,2.21504,0,88.9125,3.57504,87.1558,0.84672,12.849,0.84672,3695.15,0,36.966,0.369663,1.52849,2.04603,7.55093,0.905364,9.85043,0.42336,36.966,0.42336,423.524,0,1.02816,0,0,2.55665,1.52849,1.028160,1,0,97.7512,0,0,0,97.7512,0
72.29,2.23192,0,0,4.16149,0.289746,1.63982,3.6288,61.308,0.613173,0,0,1.06529,0.161146,0.290977,0.66528,12.849,1,0.396707,1.63982,0,99.138,3.57504,96.806,0.84672,12.849,0.84672,3695.15,0,36.966,0.369716,1.05866,2.04619,6.67846,0.905364,8.50823,0.42336,36.966,0.42336,423.524,0,1.02816,0,0,2.08682,1.05866,1.028160,1,0,105.605,0,0,0,105.605,0
72.29,2.23213,0,0,3.53055,0.254034,1.04438,3.6288,61.308,0.61326,0,0,0.836257,0.180176,0.0428204,0.66528,12.849,1,0.396744,1.04438,0,92.2363,3.80772,89.0762,0.84672,12.849,0.84672,3695.15,0,36.966,0.369769,0.737398,2.04634,6.50591,0.951165,7.96872,0.42336,36.966,0.42336,423.524,0,1.02816,0,0,1.76556,0.737398,1.028160,1,0,97.0878,0,0,0,97.0878,0
72.29,2.19803,0,0,3.78545,0.206933,1.38049,3.6288,61.308,0.597339,0,0,1.31977,0.207081,0.515349,0.66528,12.849,1,0.390683,1.38049,0,85.7252,4.30967,82.4054,0.84672,12.849,0.84672,3695.15,0,36.966,0.360169,1.31283,2.0465,6.79527,1.00426,8.79017,0.42336,36.966,0.42336,423.524,0,1.02816,0,0,2.34099,1.31283,1.028160,1,0,91.7109,0,0,0,91.7109,0
72.29,2.19823,0,0,3.61639,0.172444,1.24572,3.6288,61.308,0.597425,0,0,1.16868,0.22087,0.350385,0.66528,12.849,1,0.390719,1.24572,0,84.0119,4.51846,80.3484,0.84672,12.849,0.84672,3695.15,0,36.966,0.360221,1.23727,2.01925,6.07921,1.0172,7.95832,0.42336,36.966,0.42336,423.524,0,1.02816,0,0,2.26543,1.23727,1.028160,1,0,88.6571,0,0,0,88.6571,0
72.29,2.19843,0,0,3.38602,0.172444,1.01515,3.6288,61.308,0.597512,0,0,1.17235,0.22087,0.353971,0.66528,12.849,1,0.390755,1.01515,0,77.3081,4.51846,73.4141,0.84672,12.849,0.84672,3695.15,0,36.966,0.360273,1.1717,2.0194,5.75606,1.0172,7.5697,0.42336,36.966,0.42336,423.524,0,1.02816,0,0,2.19986,1.1717,1.028160,1,0,81.3377,0,0,0,81.3377,0
72.29,2.19863,0,0,3.24113,0.172444,0.870054,3.6288,61.308,0.597599,0,0,1.45535,0.22087,0.636879,0.66528,12.849,1,0.39079,0.870054,0,73.6811,4.51846,69.6419,0.84672,12.849,0.84672,3695.15,0,36.966,0.360325,1.64211,2.01955,6.90174,1.0172,9.18588,0.42336,36.966,0.42336,423.524,0,1.02816,0,0,2.67027,1.64211,1.028160,1,0,79.4646,0,0,0,79.4646,0
72.29,2.31532,0,0,2.97883,0.194992,0.468516,3.6288,61.308,0.654478,0,0,1.26467,0.169988,0.440205,0.66528,12.849,1,0.411531,0.468516,0,64.194,4.05637,60.1946,0.84672,12.849,0.84672,3695.15,0,36.966,0.394621,1.17687,2.01971,5.77285,0.857576,7.71723,0.42336,36.966,0.42336,423.524,0,1.02816,0,0,2.20503,1.17687,1.028160,1,0,68.352,0,0,0,68.352,0
72.168,2.31553,0,0,2.72322,0.166807,0.36288,3.6288,61.308,0.654569,0,0,0.958046,0.193575,0.109902,0.66528,12.849,1,0.411569,0.36288,0,58.625,4.09263,54.4837,0.84672,12.849,0.84672,3695.15,0,36.966,0.394676,0.979171,2.1159,4.88348,1.04167,6.54221,0.42336,36.966,0.42336,423.524,0,1.02816,0,0,2.00733,0.979171,1.028160,1,0,61.1358,0,0,0,61.1358,0
71.7577,2.31516,0,0,2.38805,0.120328,0.36288,3.6288,61.308,0.654661,0,0,0.893592,0.193812,0.0451197,0.66528,12.849,1,0.412197,0.36288,0,49.9768,4.10865,45.8188,0.84672,12.849,0.84672,3695.15,0,36.966,0.394731,0.991388,2.11606,4.53373,0.99527,6.25118,0.42336,36.966,0.42336,423.524,0,1.02816,0,0,2.01955,0.991388,1.028160,1,0,52.1151,0,0,0,52.1151,0
71.3206,2.31337,0,0,2.35909,0.119953,0.36288,3.6288,61.308,0.654752,0,0,0.963628,0.193812,0.115064,0.66528,12.849,1,0.414234,0.36288,0,48.4872,4.10865,44.3272,0.84672,12.849,0.84672,3695.15,0,36.966,0.394786,0.954409,2.11622,4.91241,0.99527,6.59299,0.42336,36.966,0.42336,423.524,0,1.02816,0,0,1.98257,0.954409,1.028160,1,0,51.0353,0,0,0,51.0353,0
70.737,2.31143,0,0,2.21028,0.119554,0.36288,3.6288,61.308,0.654843,0,0,0.904202,0.193812,0.0555469,0.66528,12.849,1,0.416423,0.36288,0,45.2404,4.10865,41.0782,0.84672,12.849,0.84672,3695.15,0,36.966,0.394841,0.890551,2.11638,4.39247,0.99527,6.00929,0.42336,36.966,0.42336,423.524,0,1.02816,0,0,1.91871,0.890551,1.028160,1,0,47.1431,0,0,0,47.1431,0
69.9828,2.28576,0,0,2.0103,0.115894,0.36288,3.6288,61.308,0.66528,0,0,0.954668,0.216794,0.0725939,0.66528,12.849,1,0.415197,0.36288,0,38.8104,4.38092,34.3772,0.84672,12.849,0.84672,3695.15,0,36.966,0.434607,0.950521,2.11654,4.59412,1.12618,6.1004,0.42336,36.966,0.42336,423.524,0,1.02816,0,0,1.97868,0.950521,1.028160,1,0,40.5502,0,0,0,40.5502,0
69.0507,2.28219,0,0,1.82827,0.115223,0.36288,3.6288,61.308,0.66528,0,0,0.930908,0.216794,0.0488339,0.66528,12.849,1,0.419016,0.36288,0,38.0508,4.38092,33.6138,0.84672,12.849,0.84672,3695.15,0,36.966,0.434757,0.924895,2.15029,4.40199,1.12618,5.91624,0.42336,36.966,0.42336,423.524,0,1.02816,0,0,1.95305,0.924895,1.028160,1,0,39.5788,0,0,0,39.5788,0
67.9553,2.27763,0,0,1.65943,0.114394,0.36288,3.6288,61.2993,0.66528,0,0,0.873348,0.216794,0,0.66528,12.849,1,0.423823,0.36288,0,33.9065,4.38092,29.4646,0.84672,12.849,0.84672,3695.15,0,36.966,0.434908,0.704644,2.15045,4.25835,1.12618,5.55236,0.42336,36.966,0.42336,423.524,0,1.02816,0,0,1.7328,0.704644,1.028160,1,0,35.017,0,0,0,35.017,0
66.8135,2.2721,0,0,1.57436,0.0811908,0.36288,3.6288,61.1596,0.66528,0,0,0.81921,0.293562,0,0.66528,12.849,1,0.429608,0.36288,0,30.4986,5.36897,25.0629,0.84672,12.849,0.84672,3695.15,0,36.966,0.435058,0.7114,2.15061,4.03568,1.48683,4.9758,0.42336,36.966,0.42336,423.524,0,1.02816,0,0,1.73956,0.7114,1.028160,1,0,30.0387,0,0,0,30.0387,0
65.5906,2.32495,0,0,1.54373,0.0788016,0.36288,3.6288,61.093,0.66528,0,0,0.906094,0.307496,0,0.66528,12.849,1,0.447115,0.36288,0,28.9013,5.64923,23.1679,0.84672,12.849,0.84672,3695.15,0,36.966,0.479834,0.695148,2.15078,3.97317,1.52018,4.81908,0.42336,36.966,0.42336,423.524,0,1.02816,0,0,1.72331,0.695148,1.028160,1,0,27.9869,0,0,0,27.9869,0
64.389,2.31819,0,0,1.55637,0.0768044,0.36288,3.6288,60.9362,0.66528,0,0,0.826494,0.318007,0,0.66528,12.849,1,0.454127,0.36288,0,37.4931,5.85942,31.5424,0.84672,12.849,0.84672,3695.15,0,36.966,0.479989,0.750298,2.19856,4.18954,1.54519,5.11322,0.42336,36.966,0.42336,423.524,0,1.02816,0,0,1.77846,0.750298,1.028160,1,0,36.6557,0,0,0,36.6557,0
63.0961,2.31134,0,0,1.45732,0.0760667,0.36288,3.6288,60.7218,0.66528,0,0,0.768623,0.317692,0,0.66528,12.849,1,0.461234,0.36288,0,30.1036,5.85942,24.1458,0.84672,12.849,0.84672,3695.15,0,36.966,0.480143,0.717336,2.19872,3.77654,1.54519,4.66726,0.42336,36.966,0.42336,423.524,0,1.02816,0,0,1.7455,0.717336,1.028160,1,0,28.8131,0,0,0,28.8131,0
61.6811,2.3037,0,0,1.32684,0.0752729,0.36288,3.6288,60.469,0.66528,0,0,0.729691,0.31726,0,0.66528,12.849,1,0.469129,0.36288,0,27.4354,5.85942,21.4697,0.84672,12.849,0.84672,3695.15,0,36.966,0.480297,0.448744,2.19889,3.52266,1.54519,4.1448,0.42336,36.966,0.42336,423.524,0,1.02816,0,0,1.4769,0.448744,1.028160,1,0,25.6145,0,0,0,25.6145,0
60.273,2.46499,0,0,1.48477,0.0649104,0.36288,3.6288,60.3702,0.66528,0,0,0.879889,0.313358,0,0.66528,12.849,1,0.513491,0.36288,0,27.7411,6.06424,21.5262,0.84672,12.849,0.84672,3695.15,0,36.966,0.641579,1.06196,2.19906,5.36487,1.57589,6.40841,0.42336,36.966,0.42336,423.524,0,1.02816,0,0,2.09012,1.06196,1.028160,1,0,27.9346,0,0,0,27.9346,0
58.3524,2.45532,0,0,0.96927,0.0716805,0.36288,3.6288,60.0167,0.66528,0,0,0.647689,0.33589,0,0.66528,12.849,1,0.523426,0.36288,0,19.6713,6.30273,13.208,0.84672,12.849,0.84672,3695.15,0,36.966,0.641747,0.732197,2.3622,4.75774,1.50194,5.70845,0.42336,36.966,0.42336,423.524,0,1.02816,0,0,1.76036,0.732197,1.028160,1,0,18.9165,0,0,0,18.9165,0
56.5635,2.44143,0,0,1.08574,0.0703673,0.36288,3.6288,59.6807,0.66528,0,0,0.664407,0.335135,0,0.66528,12.849,1,0.537594,0.36288,0,19.5535,6.30273,13.0761,0.84672,12.849,0.84672,3695.15,0,36.966,0.641914,0.781229,2.36238,5.09935,1.50194,6.0991,0.42336,36.966,0.42336,423.524,0,1.02816,0,0,1.80939,0.781229,1.028160,1,0,19.1752,0,0,0,19.1752,0
55.4235,2.42779,0,0,1.73765,0.0869937,0.36288,3.6288,59.5018,0.66528,0,0,0.816558,0.33017,0,0.66528,12.849,1,0.551499,0.36288,0,32.4842,6.18399,26.1116,0.84672,12.849,0.84672,3695.15,0,36.966,0.642082,1.17005,2.36256,5.55875,1.48738,6.96191,0.42336,36.966,0.42336,423.524,0,1.02816,0,0,2.19821,1.17005,1.028160,1,0,33.0735,0,0,0,33.0735,0
54.7333,2.4188,0,0,2.17795,0.0864472,0.36288,3.6288,59.5112,0.66528,0,0,0.99576,0.32107,0,0.66528,12.849,1,0.560759,0.36288,0,38.7405,6.32407,32.2185,0.84672,12.849,0.84672,3695.15,0,36.966,0.64225,1.12974,2.36274,5.45179,1.47336,6.82867,0.42336,36.966,0.42336,423.524,0,1.02816,0,0,2.1579,1.12974,1.028160,1,0,39.0472,0,0,0,39.0472,0
53.3698,2.33219,0,0,1.44429,0.112712,0.36288,3.6288,59.0888,0.66528,0,0,0.581208,0.338357,0,0.66528,12.849,1,0.547497,0.36288,0,21.3147,5.50843,15.6217,0.84672,12.849,0.84672,3695.15,0,36.966,0.544579,0.610615,2.36292,4.71232,1.26158,5.8797,0.42336,36.966,0.42336,423.524,0,1.02816,0,0,1.63877,0.610615,1.028160,1,0,21.5014,0,0,0,21.5014,0
52.1482,2.32113,0,0,1.64608,0.183689,0.36288,3.6288,58.8665,0.66528,0,0,0.743609,0.300603,0,0.66528,12.849,1,0.558821,0.36288,0,18.0973,4.3344,13.5669,0.84672,12.849,0.84672,3695.15,0,36.966,0.544738,0.982135,2.26875,6.19968,0.989537,7.91629,0.42336,36.966,0.42336,423.524,0,1.02816,0,0,2.01029,0.982135,1.028160,1,0,21.4832,0,0,0,21.4832,0
50.8315,2.31084,0,0,1.54361,0.186567,0.36288,3.6288,58.6988,0.66528,0,0,0.799667,0.302156,0,0.66528,12.849,1,0.569376,0.36288,0,21.5311,4.36695,16.9577,0.84672,12.849,0.84672,3695.15,0,36.966,0.544898,1.0099,2.26892,6.52864,1.00818,8.25439,0.42336,36.966,0.42336,423.524,0,1.02816,0,0,2.03806,1.0099,1.028160,1,0,25.2121,0,0,0,25.2121,0
49.7029,2.29927,0,0,1.71755,0.184027,0.36288,3.6288,58.6299,0.66528,0,0,0.898258,0.301831,0,0.66528,12.849,1,0.581202,0.36288,0,32.4629,4.36695,27.8776,0.84672,12.849,0.84672,3695.15,0,36.966,0.545058,1.28184,2.26909,7.53209,1.00818,9.52979,0.42336,36.966,0.42336,423.524,0,1.02816,0,0,2.31,1.28184,1.028160,1,0,37.4074,0,0,0,37.4074,0
48.724,2.22366,0,0,1.78981,0.182147,0.36288,3.6288,58.6747,0.66528,0,0,0.975686,0.265663,0,0.66528,12.849,1,0.574852,0.36288,0,55.9497,4.54953,51.1882,0.84672,12.849,0.84672,3695.15,0,36.966,0.45613,1.05651,2.26926,8.41562,1.04121,10.244,0.42336,36.966,0.42336,423.524,0,1.02816,0,0,2.08467,1.05651,1.028160,1,0,61.4322,0,0,0,61.4322,0
47.5418,2.21472,0,0,1.63847,0.243058,0.36288,3.6288,58.7031,0.66528,0,0,0.920379,0.226653,0,0.66528,12.849,1,0.584044,0.36288,0,35.4777,4.90749,30.3491,0.84672,12.849,0.84672,3695.15,0,36.966,0.456283,0.627178,2.1852,4.72028,1.09148,5.9849,0.42336,36.966,0.42336,423.524,0,1.02816,0,0,1.65534,0.627178,1.028160,1,0,36.334,0,0,0,36.334,0
47.9722,2.20349,0,0,3.23667,0.239947,0.36288,3.6288,59.0538,0.66528,0,0,1.24262,0.226694,0,0.66528,12.849,1,0.595531,0.36288,0,62.0465,4.90749,56.9064,0.84672,12.849,0.84672,3695.15,0,36.966,0.456435,1.45532,2.18536,9.65825,1.09148,11.751,0.42336,36.966,0.42336,423.524,0,1.02816,0,0,2.48348,1.45532,1.028160,1,0,68.6574,0,0,0,68.6574,0
48.1181,2.20791,0,0,2.95783,0.24108,0.36288,3.6288,59.1298,0.66528,0,0,0.968492,0.227205,0,0.66528,12.849,1,0.591371,0.36288,0,80.7572,4.90749,75.6212,0.84672,12.849,0.84672,3695.15,0,36.966,0.456587,1.58293,2.18553,9.27737,1.09148,11.4978,0.42336,36.966,0.42336,423.524,0,1.02816,0,0,2.61109,1.58293,1.028160,1,0,87.119,0,0,0,87.119,0
47.8153,2.02515,0,0,2.26872,0.183566,0.36288,3.6288,59.4783,0.576197,0,0,1.14275,0.218021,0,0.66528,12.849,1,0.540775,0.36288,0,62.7143,4.6191,57.9173,0.84672,12.849,0.84672,3695.15,0,36.966,0.36022,1.64582,2.1857,13.4978,0.980412,15.9887,0.42336,36.966,0.42336,423.524,0,1.02816,0,0,2.67398,1.64582,1.028160,1,0,73.906,0,0,0,73.906,0
47.8671,2.02263,0,0,2.67985,0.242545,0.36288,3.6288,60.2513,0.577583,0,0,1.57114,0.220555,0,0.66528,12.849,1,0.543525,0.36288,0,93.0424,4.60404,88.2577,0.84672,12.849,0.84672,3695.15,0,36.966,0.35897,1.80071,1.99869,13.5381,1.08705,15.8915,0.42336,36.966,0.42336,423.524,0,1.02816,0,0,2.82887,1.80071,1.028160,1,0,104.149,0,0,0,104.149,0
49.3206,2.02328,0,0,4.08236,0.242683,0.36288,3.6288,61.158,0.580523,0,0,1.70886,0.221645,0,0.66528,12.849,1,0.543112,0.36288,0,88.2999,4.60404,83.5157,0.84672,12.849,0.84672,3695.15,0,36.966,0.356168,2.55302,1.99884,15.1253,1.08705,18.2339,0.42336,36.966,0.42336,423.524,0,1.02816,0,0,3.58118,2.55302,1.028160,1,0,101.75,0,0,0,101.75,0
51.341,2.03617,0,0,4.66424,0.244796,0.36288,3.6288,61.308,0.583899,0,0,1.89297,0.223659,0.935413,0.66528,12.849,1,0.530463,0.36288,0,93.7561,4.49778,89.0907,0.84672,12.849,0.84672,3695.15,0,36.966,0.352929,2.48705,1.99899,16.2229,1.07392,19.2821,0.42336,36.966,0.42336,423.524,0,1.02816,0,0,3.51521,2.48705,1.028160,1,0,109.308,0,0,0,109.308,0
56.1892,2.05305,0,0,7.54048,0.27631,0.36288,3.6288,61.308,0.584523,0,0,2.97555,0.203992,2.18703,0.66528,12.849,1,0.513814,0.36288,0,118.475,3.55558,114.769,0.84672,12.849,0.84672,3695.15,0,36.966,0.352442,2.56552,1.99914,22.924,1.02794,26.1083,0.42336,36.966,0.42336,423.524,0,1.02816,0,0,3.59368,2.56552,1.028160,1,0,143.064,0,0,0,143.064,0
57.3913,2.16249,0,0,4.0007,0.273209,0.36288,3.6288,61.308,0.618149,0,0,1.53901,0.218146,0.702713,0.66528,12.849,1,0.494505,0.36288,0,112.286,3.92831,108.226,0.84672,12.849,0.84672,3695.15,0,36.966,0.372717,1.33694,1.99929,12.3791,1.08861,14.254,0.42336,36.966,0.42336,423.524,0,1.02816,0,0,2.3651,1.33694,1.028160,1,0,123.183,0,0,0,123.183,0
57.2224,2.17114,0,0,2.64318,0.278103,0.36288,3.6288,61.308,0.618232,0,0,0.996417,0.182754,0.195431,0.66528,12.849,1,0.486083,0.36288,0,64.3556,3.48327,60.7492,0.84672,12.849,0.84672,3695.15,0,36.966,0.372766,0.691235,2.05782,7.28114,0.806853,8.85057,0.42336,36.966,0.42336,423.524,0,1.02816,0,0,1.71939,0.691235,1.028160,1,0,69.7952,0,0,0,69.7952,0
57.2904,2.17015,0,0,2.88284,0.281814,0.36288,3.6288,61.308,0.618314,0,0,1.22708,0.166368,0.442397,0.66528,12.849,1,0.487296,0.36288,0,85.6215,3.24786,82.2493,0.84672,12.849,0.84672,3695.15,0,36.966,0.372816,1.15824,2.05796,9.56336,0.686644,11.7201,0.42336,36.966,0.42336,423.524,0,1.02816,0,0,2.1864,1.15824,1.028160,1,0,94.4118,0,0,0,94.4118,0
56.9081,2.17081,0,0,2.43345,0.282002,0.36288,3.6288,61.308,0.618396,0,0,1.03147,0.166368,0.246706,0.66528,12.849,1,0.486866,0.36288,0,52.0292,3.24786,48.6574,0.84672,12.849,0.84672,3695.15,0,36.966,0.372865,0.767275,2.05811,6.97706,0.686644,8.74293,0.42336,36.966,0.42336,423.524,0,1.02816,0,0,1.79544,0.767275,1.028160,1,0,57.647,0,0,0,57.647,0
56.8548,2.40388,0,0,3.00303,0.28964,0.36288,3.6288,61.308,0.66528,0,0,1.16543,0.156574,0.343578,0.66528,12.849,1,0.54276,0.36288,0,86.351,3.18282,82.9883,0.84672,12.849,0.84672,3695.15,0,36.966,0.528013,1.14714,2.05825,8.10596,0.702706,10.0806,0.42336,36.966,0.42336,423.524,0,1.02816,0,0,2.1753,1.14714,1.028160,1,0,93.4125,0,0,0,93.4125,0
57.0573,2.40367,0,0,3.28032,0.311218,0.36288,3.6288,61.308,0.66528,0,0,0.97232,0.132089,0.17495,0.66528,12.849,1,0.543222,0.36288,0,90.1835,3.02022,86.9829,0.84672,12.849,0.84672,3695.15,0,36.966,0.52816,1.08046,2.2685,7.05136,0.742859,9.1293,0.42336,36.966,0.42336,423.524,0,1.02816,0,0,2.10862,1.08046,1.028160,1,0,96.2871,0,0,0,96.2871,0
57.5829,2.40545,0,0,3.6057,0.31184,0.36288,3.6288,61.308,0.66528,0,0,0.916885,0.132089,0.119516,0.66528,12.849,1,0.541693,0.36288,0,100.266,3.02022,97.0673,0.84672,12.849,0.84672,3695.15,0,36.966,0.528307,1.07587,2.26866,7.3002,0.742859,9.37355,0.42336,36.966,0.42336,423.524,0,1.02816,0,0,2.10403,1.07587,1.028160,1,0,106.56,0,0,0,106.56,0
57.2595,2.40969,0,0,2.76267,0.313453,0.36288,3.6288,61.308,0.66528,0,0,0.798405,0.132089,0.00103576,0.66528,12.849,1,0.537697,0.36288,0,86.2004,3.02022,83.0054,0.84672,12.849,0.84672,3695.15,0,36.966,0.528454,0.648778,2.26882,6.75181,0.742859,8.39809,0.42336,36.966,0.42336,423.524,0,1.02816,0,0,1.67694,0.648778,1.028160,1,0,91.4045,0,0,0,91.4045,0
59.8326,2.07095,0,0,5.30721,0.300241,0.36288,3.6288,61.308,0.575715,0,0,1.57753,0.160546,0.841273,0.66528,12.849,1,0.464721,0.36288,0,115.844,3.60816,112.134,0.84672,12.849,0.84672,3695.15,0,36.966,0.34713,2.33155,2.26898,8.84615,0.935651,12.1639,0.42336,36.966,0.42336,423.524,0,1.02816,0,0,3.35971,2.33155,1.028160,1,0,125.139,0,0,0,125.139,0
62.9287,2.03363,0,0,5.80199,0.309414,0.36288,3.6288,61.308,0.55204,0,0,1.96627,0.154231,1.26,0.66528,12.849,1,0.436719,0.36288,0,127.183,3.24345,123.866,0.84672,12.849,0.84672,3695.15,0,36.966,0.332856,2.44855,1.98253,7.73427,0.843688,10.9888,0.42336,36.966,0.42336,423.524,0,1.02816,0,0,3.47671,2.44855,1.028160,1,0,136.115,0,0,0,136.115,0
65.2631,2.10608,0,0,5.12096,0.317622,0.36288,3.6288,61.308,0.575873,0,0,1.32984,0.154231,0.599739,0.66528,12.849,1,0.430027,0.36288,0,98.6247,3.24345,95.3141,0.84672,12.849,0.84672,3695.15,0,36.966,0.347226,1.27882,1.94097,5.88595,0.843688,7.91483,0.42336,36.966,0.42336,423.524,0,1.02816,0,0,2.30698,1.27882,1.028160,1,0,103.829,0,0,0,103.829,0
66.4326,2.11912,0,0,3.97516,0.323678,0.36288,3.6288,61.308,0.575951,0,0,1.0352,0.154231,0.305019,0.66528,12.849,1,0.417212,0.36288,0,103.925,3.24345,100.628,0.84672,12.849,0.84672,3695.15,0,36.966,0.347273,0.758272,1.98281,4.76258,0.843688,6.3127,0.42336,36.966,0.42336,423.524,0,1.02816,0,0,1.78643,0.758272,1.028160,1,0,107.245,0,0,0,107.245,0
66.9173,2.07052,0,0,3.21239,0.294238,0.36288,3.6288,61.1996,0.66536,0,0,0.693092,0.136182,0,0.66528,12.849,1,0.400467,0.36288,0,84.8206,2.98186,81.8012,0.84672,12.849,0.84672,3695.15,0,36.966,0.401182,0.558835,1.98295,4.20595,0.806112,5.54044,0.42336,36.966,0.42336,423.524,0,0.846884,0,0,1.40572,0.558835,1.028160,1,0,87.3416,0,0,0,87.3416,0
67.4124,2.21516,0,0,3.37879,0.305698,0.36288,3.6288,61.308,0.617078,0,0,0.914544,0.158913,0.0301038,0.66528,12.849,1,0.42534,0.36288,0,102.929,2.73497,100.132,0.84672,12.849,0.84672,3695.15,0,36.966,0.37273,1.06108,1.94137,5.37043,0.899911,7.10024,0.42336,36.966,0.42336,423.524,0,1.02816,0,0,2.08924,1.06108,1.028160,1,0,107.262,0,0,0,107.262,0
68.3501,2.21797,0,0,3.82712,0.308551,0.36288,3.6288,61.308,0.617571,0,0,0.892529,0.187116,0.0878418,0.66528,12.849,1,0.422752,0.36288,0,118.052,3.33396,114.658,0.84672,12.849,0.84672,3695.15,0,36.966,0.372368,1.04535,2.05391,5.8509,1.02678,7.55101,0.42336,36.966,0.42336,423.524,0,1.02816,0,0,2.07351,1.04535,1.028160,1,0,122.297,0,0,0,122.297,0
69.6678,2.22304,0,0,4.213,0.309335,0.36288,3.6288,61.308,0.617654,0,0,1.09666,0.195445,0.283559,0.66528,12.849,1,0.417906,0.36288,0,122.292,3.51908,118.718,0.84672,12.849,0.84672,3695.15,0,36.966,0.372418,1.30811,2.05406,6.02297,1.07724,7.93548,0.42336,36.966,0.42336,423.524,0,1.02816,0,0,2.33627,1.30811,1.028160,1,0,126.937,0,0,0,126.937,0
71.158,2.22991,0,0,4.39549,0.312523,0.36288,3.6288,61.308,0.617736,0,0,1.27418,0.195445,0.460995,0.66528,12.849,1,0.411267,0.36288,0,108.733,3.51908,105.165,0.84672,12.849,0.84672,3695.15,0,36.966,0.372467,1.59401,2.0542,5.41151,1.07724,7.61001,0.42336,36.966,0.42336,423.524,0,1.02816,0,0,2.62217,1.59401,1.028160,1,0,113.236,0,0,0,113.236,0
72.29,2.20303,0,0,4.47165,0.293811,0.842829,3.6288,61.308,0.601741,0,0,1.1769,0.201224,0.373933,0.66528,12.849,1,0.397801,0.842829,0,99.3591,3.68059,96.1236,0.84672,12.849,0.84672,3695.15,0,36.966,0.362823,1.80256,2.05434,7.8564,1.06363,10.2869,0.42336,36.966,0.42336,423.524,0,1.02816,0,0,2.83072,1.80256,1.028160,1,0,106.784,0,0,0,106.784,0
72.0502,2.20851,0,0,2.61102,0.279474,0.36288,3.6288,61.2389,0.601822,0,0,0.738253,0.205557,0,0.66528,12.849,1,0.392545,0.36288,0,61.006,3.80173,57.1746,0.84672,12.849,0.84672,3695.15,0,36.966,0.362872,1.06802,2.02697,4.30504,1.05341,5.98375,0.42336,36.966,0.42336,423.524,0,1.02816,0,0,2.09618,1.06802,1.028160,1,0,63.1584,0,0,0,63.1584,0
71.5297,2.20759,0,0,2.32893,0.278965,0.36288,3.6288,61.0586,0.601647,0,0,0.626854,0.205468,0,0.66528,12.849,1,0.393688,0.36288,0,58.186,3.80173,54.3535,0.84672,12.849,0.84672,3695.15,0,36.966,0.363176,0.532233,2.02712,4.04796,1.05341,5.19072,0.42336,36.966,0.42336,423.524,0,1.02816,0,0,1.56039,0.532233,1.028160,1,0,59.5442,0,0,0,59.5442,0
71.533,2.20535,0,0,2.83639,0.264816,0.36288,3.6288,60.9542,0.60106,0,0,0.707959,0.211282,0,0.66528,12.849,1,0.39615,0.36288,0,65.4974,3.88054,61.5836,0.84672,12.849,0.84672,3695.15,0,36.966,0.363893,0.508594,2.02726,4.6688,1.07052,5.77023,0.42336,36.966,0.42336,423.524,0,1.02816,0,0,1.53675,0.508594,1.028160,1,0,67.3538,0,0,0,67.3538,0
70.9188,2.32234,0,0,2.25862,0.187634,0.36288,3.6288,60.6704,0.657658,0,0,0.610626,0.236772,0,0.66528,12.849,1,0.417146,0.36288,0,54.8423,4.22073,50.5673,0.84672,12.849,0.84672,3695.15,0,36.966,0.39884,0.85218,2.0274,3.97197,1.14516,5.30756,0.42336,36.966,0.42336,423.524,0,1.02816,0,0,1.88034,0.85218,1.028160,1,0,55.8749,0,0,0,55.8749,0
70.2592,2.31947,0,0,2.21605,0.193224,0.36288,3.6288,60.4251,0.656584,0,0,0.583872,0.172621,0,0.66528,12.849,1,0.42024,0.36288,0,55.318,3.42468,51.836,0.84672,12.849,0.84672,3695.15,0,36.966,0.400051,0.646436,2.12399,4.11438,0.977012,5.50774,0.42336,36.966,0.42336,423.524,0,1.02816,0,0,1.6746,0.646436,1.028160,1,0,57.3437,0,0,0,57.3437,0
69.4687,2.31634,0,0,2.0809,0.192247,0.36288,3.6288,60.1444,0.655661,0,0,0.547365,0.172352,0,0.66528,12.849,1,0.423611,0.36288,0,51.1287,3.42468,47.6433,0.84672,12.849,0.84672,3695.15,0,36.966,0.401111,0.441996,2.12413,3.83967,0.977012,5.02768,0.42336,36.966,0.42336,423.524,0,1.02816,0,0,1.47016,0.441996,1.028160,1,0,52.6709,0,0,0,52.6709,0
68.6142,2.31247,0,0,1.97072,0.149878,0.36288,3.6288,59.738,0.690529,0,0,0.515624,0.231585,0,0.66528,12.849,1,0.427716,0.36288,0,47.3202,4.2396,43.0157,0.84672,12.849,0.84672,3695.15,0,36.966,0.424413,0.30119,2.12428,3.24633,1.19523,4.05217,0.42336,36.966,0.42336,423.524,0,0.970125,0,0,1.27132,0.30119,1.028160,1,0,47.0679,0,0,0,47.0679,0
67.6551,2.30818,0,0,1.83012,0.118191,0.36288,3.6288,59.2198,0.729004,0,0,0.486371,0.275524,0,0.66528,12.849,1,0.432239,0.36288,0,44.3686,4.85079,39.4484,0.84672,12.849,0.84672,3695.15,0,36.966,0.451109,0.30119,2.12443,3.0917,1.35889,3.70733,0.42336,36.966,0.42336,423.524,0,0.905092,0,0,1.20628,0.30119,1.028160,1,0,43.1557,0,0,0,43.1557,0
66.38,2.28032,0,0,1.49786,0.129755,0.36288,3.6288,58.4769,0.921811,0,0,0.429988,0.251065,0,0.66528,12.849,1,0.433076,0.36288,0,28.3539,4.91757,23.3661,0.84672,12.849,0.84672,3695.15,0,36.966,0.57541,0.30119,2.12458,2.41665,1.22027,3.04674,0.42336,36.966,0.42336,423.524,0,0.638384,0,0,0.939574,0.30119,1.028160,1,0,26.4129,0,0,0,26.4129,0
64.9435,2.27354,0,0,1.33047,0.130508,0.36288,3.6288,57.7086,0.940678,0,0,0.418358,0.245964,0,0.66528,12.849,1,0.440083,0.36288,0,26.0429,4.9287,21.037,0.84672,12.849,0.84672,3695.15,0,36.966,0.594647,0.30119,2.15846,2.22475,1.19717,2.89258,0.42336,36.966,0.42336,423.524,0,0.600419,0,0,0.90161,0.30119,1.028160,1,0,23.9295,0,0,0,23.9295,0
63.3898,2.26561,0,0,1.20378,0.129019,0.36288,3.6288,56.8723,0.979787,0,0,0.388253,0.244747,0,0.66528,12.849,1,0.448248,0.36288,0,23.3868,4.9287,18.3728,0.84672,12.849,0.84672,3695.15,0,36.966,0.627615,0.261274,2.15861,2.13374,1.19717,2.72884,0.42336,36.966,0.42336,423.524,0,0.528483,0,0,0.789756,0.261274,1.028160,1,0,21.1016,0,0,0,21.1016,0
61.8163,2.25666,0,0,1.14686,0.100775,0.36288,3.6288,55.9604,0.971933,0,0,0.367358,0.307392,0,0.66528,12.849,1,0.457422,0.36288,0,21.1867,5.7756,15.3166,0.84672,12.849,0.84672,3695.15,0,36.966,0.631739,0.261274,2.15876,2.02159,1.50631,2.30358,0.42336,36.966,0.42336,423.524,0,0.532354,0,0,0.793627,0.261274,1.028160,1,0,17.6202,0,0,0,17.6202,0
60.0438,2.3055,0,0,0.987267,0.0914074,0.36288,3.6288,54.9166,1.04973,0,0,0.322561,0.316568,0,0.66528,12.849,1,0.479217,0.36288,0,18.5394,5.84579,12.5772,0.84672,12.849,0.84672,3695.15,0,36.966,0.693426,0.261274,2.15891,1.82522,1.54147,2.01051,0.42336,36.966,0.42336,423.524,0,0.437818,0,0,0.699092,0.261274,1.028160,1,0,14.5878,0,0,0,14.5878,0
58.3734,2.29405,0,0,1.07174,0.0851894,0.36288,3.6288,53.9817,1.01074,0,0,0.390727,0.314938,0,0.66528,12.849,1,0.490912,0.36288,0,23.6795,5.75117,17.8003,0.84672,12.849,0.84672,3695.15,0,36.966,0.68036,0.261274,2.20688,1.90172,1.51965,2.16985,0.42336,36.966,0.42336,423.524,0,0.490018,0,0,0.751291,0.261274,1.028160,1,0,19.9701,0,0,0,19.9701,0
56.6195,2.28273,0,0,0.975516,0.0838292,0.36288,3.6288,52.9968,0.994207,0,0,0.322271,0.312998,0,0.66528,12.849,1,0.502468,0.36288,0,19.0726,5.75117,13.1819,0.84672,12.849,0.84672,3695.15,0,36.966,0.680821,0.261274,2.20703,1.76713,1.51965,2.03496,0.42336,36.966,0.42336,423.524,0,0.506235,0,0,0.767509,0.261274,1.028160,1,0,15.2168,0,0,0,15.2168,0
54.7912,2.27023,0,0,0.887233,0.0824009,0.36288,3.6288,51.9489,1.03736,0,0,0.300127,0.310613,0,0.66528,12.849,1,0.515198,0.36288,0,17.7798,5.75117,11.8763,0.84672,12.849,0.84672,3695.15,0,36.966,0.723571,0.227405,2.20719,1.57486,1.51965,1.76623,0.42336,36.966,0.42336,423.524,0,0.420481,0,0,0.647886,0.227405,1.028160,1,0,13.6426,0,0,0,13.6426,0
52.8965,2.42356,0,0,0.966185,0.0744794,0.36288,3.6288,50.9719,1.02495,0,0,0.354261,0.30632,0,0.66528,12.849,1,0.568346,0.36288,0,17.8642,5.8593,11.7994,0.84672,12.849,0.84672,3695.15,0,36.966,0.729335,0.227405,2.20735,2.22672,1.54556,2.38657,0.42336,36.966,0.42336,423.524,0,0.589058,0,0,0.816463,0.227405,1.028160,1,0,14.186,0,0,0,14.186,0
50.9128,2.40739,0,0,0.862021,0.0754046,0.36288,3.6288,49.8757,1.0749,0,0,0.284984,0.306265,0,0.66528,12.849,1,0.584774,0.36288,0,16.4659,5.81721,10.4267,0.84672,12.849,0.84672,3695.15,0,36.966,0.779543,0.227405,2.37115,1.89418,1.60464,2.10855,0.42336,36.966,0.42336,423.524,0,0.48905,0,0,0.716455,0.227405,1.028160,1,0,12.5353,0,0,0,12.5353,0
49.0327,2.3894,0,0,0.946028,0.0738699,0.36288,3.6288,48.9587,0.965416,0,0,0.351913,0.303535,0,0.66528,12.849,1,0.603018,0.36288,0,21.1764,5.81721,15.119,0.84672,12.849,0.84672,3695.15,0,36.966,0.71553,0.227405,2.37131,2.06634,1.60464,2.34489,0.42336,36.966,0.42336,423.524,0,0.662705,0,0,0.89011,0.227405,1.028160,1,0,17.4639,0,0,0,17.4639,0
46.9861,2.37127,0,0,0.76,0.0724118,0.36288,3.6288,47.8121,1.09984,0,0,0.254534,0.301251,0,0.66528,12.849,1,0.621391,0.36288,0,20.6925,5.81721,14.6168,0.84672,12.849,0.84672,3695.15,0,36.966,0.830426,0.204422,2.37148,1.65879,1.60464,1.79963,0.42336,36.966,0.42336,423.524,0,0.413545,0,0,0.617967,0.204422,1.028160,1,0,16.4165,0,0,0,16.4165,0
45.1487,2.35022,0,0,0.946503,0.0708127,0.36288,3.6288,47.2199,0.728896,0,0,0.435046,0.298396,0,0.66528,12.849,1,0.642699,0.36288,0,18.8989,5.81721,12.8018,0.84672,12.849,0.84672,3695.15,0,36.966,0.650524,0.204422,2.37165,2.56483,1.60464,2.88573,0.42336,36.966,0.42336,423.524,0,0.964544,0,0,1.16897,0.204422,1.028160,1,0,15.6876,0,0,0,15.6876,0
43.032,2.25178,0,0,0.571826,0.0739105,0.36288,3.6288,46.1899,0.993244,0,0,0.224652,0.261371,0,0.66528,12.849,1,0.64084,0.36288,0,15.608,5.75867,9.57136,0.84672,12.849,0.84672,3695.15,0,36.966,0.777559,0.204422,2.37182,1.52855,1.50771,1.81952,0.42336,36.966,0.42336,423.524,0,0.475082,0,0,0.679504,0.204422,1.028160,1,0,11.3909,0,0,0,11.3909,0
40.8457,2.22769,0,0,0.514664,0.110381,0.36288,3.6288,45.1092,1.04054,0,0,0.182449,0.22268,0,0.66528,12.849,1,0.665171,0.36288,0,12.4978,5.71795,6.47751,0.84672,12.849,0.84672,3695.15,0,36.966,0.832745,0.204422,2.27725,1.01716,1.47485,1.19124,0.42336,36.966,0.42336,423.524,0,0.372754,0,0,0.577176,0.204422,1.028160,1,0,7.66875,0,0,0,7.66875,0
38.9316,2.2008,0,0,0.771889,0.122339,0.36288,3.6288,44.1521,0.958801,0,0,0.209985,0.208232,0,0.66528,12.849,1,0.692313,0.36288,0,15.2206,5.60753,9.28361,0.84672,12.849,0.84672,3695.15,0,36.966,0.785717,0.216518,2.27741,1.08189,1.43692,1.35318,0.42336,36.966,0.42336,423.524,0,0.501664,0,0,0.718183,0.216518,1.028160,1,0,10.6368,0,0,0,10.6368,0
37.3159,2.17539,0,0,1.04217,0.119623,0.36288,3.6288,43.5801,0.704935,0,0,0.339331,0.206369,0,0.66528,12.849,1,0.717966,0.36288,0,30.3731,5.60753,24.4104,0.84672,12.849,0.84672,3695.15,0,36.966,0.590201,0.216518,2.27757,1.70424,1.43692,2.1712,0.42336,36.966,0.42336,423.524,0,0.951195,0,0,1.16771,0.216518,1.028160,1,0,26.5817,0,0,0,26.5817,0
35.5597,2.09103,0,0,0.822018,0.124294,0.36288,3.6288,42.8438,0.806564,0,0,0.264207,0.193964,0,0.66528,12.849,1,0.720007,0.36288,0,25.1306,5.13564,19.6379,0.84672,12.849,0.84672,3695.15,0,36.966,0.684153,0.216518,2.27773,1.31606,1.27755,1.84861,0.42336,36.966,0.42336,423.524,0,0.666317,0,0,0.882835,0.216518,1.028160,1,0,21.4865,0,0,0,21.4865,0
34.2243,2.06509,0,0,1.22767,0.135033,0.36288,3.6288,42.1756,0.78301,0,0,0.291279,0.176468,0,0.66528,12.849,1,0.746191,0.36288,0,20.7146,4.05986,16.2714,0.84672,12.849,0.84672,3695.15,0,36.966,0.675587,0.216518,2.19331,2.28525,0.933093,3.0864,0.42336,36.966,0.42336,423.524,0,0.698579,0,0,0.915097,0.216518,1.028160,1,0,19.3578,0,0,0,19.3578,0
32.9358,2.04409,0,0,1.30383,0.185442,0.36288,3.6288,41.3171,0.897328,0,0,0.207122,0.168304,0,0.66528,12.849,1,0.767423,0.36288,0,22.4811,4.13773,17.9388,0.84672,12.849,0.84672,3695.15,0,36.966,0.786488,0.216518,2.19347,1.99394,1.0323,2.58513,0.42336,36.966,0.42336,423.524,0,0.473502,0,0,0.690021,0.216518,1.028160,1,0,20.524,0,0,0,20.524,0
31.8896,2.02267,0,0,1.52188,0.182516,0.36288,3.6288,40.9603,0.596034,0,0,0.406162,0.166916,0,0.66528,12.849,1,0.789089,0.36288,0,26.1677,4.13773,21.6038,0.84672,12.849,0.84672,3695.15,0,36.966,0.533266,0.567684,2.19362,3.1658,1.0323,4.36154,0.42336,36.966,0.42336,423.524,0,1.02816,0,0,1.59584,0.567684,1.028160,1,0,25.9653,0,0,0,25.9653,0
33.5708,1.8372,0,0,4.06148,0.18014,0.36288,3.6288,41.2929,0.495717,0,0,0.994675,0.166339,0,0.66528,12.849,1,0.740247,0.36288,0,76.9033,4.13773,72.3882,0.84672,12.849,0.84672,3695.15,0,36.966,0.447376,1.9577,2.19378,5.97688,1.0323,8.64868,0.42336,36.966,0.42336,423.524,0,1.02816,0,0,2.98586,1.9577,1.028160,1,0,81.0369,0,0,0,81.0369,0
33.0183,1.86417,0,0,1.87171,0.197191,0.36288,3.6288,41.0856,0.497686,0,0,0.43316,0.142773,0,0.66528,12.849,1,0.713497,0.36288,0,43.4531,4.40853,38.6939,0.84672,12.849,0.84672,3695.15,0,36.966,0.445535,0.733527,2.006,5.16833,1.02562,6.4367,0.42336,36.966,0.42336,423.524,0,1.02816,0,0,1.76169,0.733527,1.028160,1,0,45.1306,0,0,0,45.1306,0
32.7461,1.80785,0,0,2.09436,0.195846,0.36288,3.6288,40.9242,0.47628,0,0,0.457282,0.142486,0,0.66528,12.849,1,0.70352,0.36288,0,44.4074,4.40853,39.6582,0.84672,12.849,0.84672,3695.15,0,36.966,0.428523,0.881505,2.00614,5.4176,1.02562,6.85111,0.42336,36.966,0.42336,423.524,0,1.02816,0,0,1.90966,0.881505,1.028160,1,0,46.5093,0,0,0,46.5093,0
32.5713,1.6127,0,0,1.99596,0.195183,0.36288,3.6288,40.8037,0.39444,0,0,0.416235,0.142263,0,0.66528,12.849,1,0.632795,0.36288,0,43.0704,4.40853,38.392,0.84672,12.849,0.84672,3695.15,0,36.966,0.35629,0.589671,1.96404,3.87012,1.02562,5.04191,0.42336,36.966,0.42336,423.524,0,1.02816,0,0,1.61783,0.589671,1.028160,1,0,43.4339,0,0,0,43.4339,0
32.1249,1.6104,0,0,1.72093,0.194035,0.36288,3.6288,40.6464,0.393947,0,0,0.389528,0.15288,0,0.66528,12.849,1,0.635285,0.36288,0,37.5318,4.28754,32.9719,0.84672,12.849,0.84672,3695.15,0,36.966,0.356896,0.554463,1.79518,3.75314,0.985423,4.76046,0.42336,36.966,0.42336,423.524,0,1.02816,0,0,1.58262,0.554463,1.028160,1,0,37.7323,0,0,0,37.7323,0
37.0926,1.6041,0,0,7.13471,0.200018,0.36288,3.6288,42.0241,0.393224,0,0,1.94129,0.170391,0,0.66528,12.849,1,0.641591,0.36288,0,144.868,3.94832,140.641,0.84672,12.849,0.84672,3695.15,0,36.966,0.357619,2.46986,1.7953,10.2427,0.958691,13.1915,0.42336,36.966,0.42336,423.524,0,1.02816,0,0,3.49802,2.46986,1.028160,1,0,153.832,0,0,0,153.832,0
41.4207,1.72735,0,0,6.6416,0.223316,0.36288,3.6288,42.9526,0.424923,0,0,1.533,0.179552,0,0.66528,12.849,1,0.598359,0.36288,0,151.249,4.20031,146.813,0.84672,12.849,0.84672,3695.15,0,36.966,0.373779,3.14748,1.7953,10.7933,1.08996,14.2724,0.42336,36.966,0.42336,423.524,0,1.02816,0,0,4.17564,3.14748,1.028160,1,0,161.086,0,0,0,161.086,0
44.8844,1.77521,0,0,5.83673,0.234944,0.36288,3.6288,43.6981,0.429324,0,0,1.35595,0.181156,0,0.66528,12.849,1,0.550684,0.36288,0,123.897,4.20031,119.509,0.84672,12.849,0.84672,3695.15,0,36.966,0.369486,2.87559,1.84727,9.54115,1.08996,12.8046,0.42336,36.966,0.42336,423.524,0,1.02816,0,0,3.90375,2.87559,1.028160,1,0,132.313,0,0,0,132.313,0
47.4183,1.8084,0,0,4.94971,0.244511,0.36288,3.6288,43.9957,0.432797,0,0,0.912911,0.182444,0,0.66528,12.849,1,0.517687,0.36288,0,97.6389,4.20031,93.2838,0.84672,12.849,0.84672,3695.15,0,36.966,0.366121,2.01544,1.84739,9.50288,1.08996,11.9096,0.42336,36.966,0.42336,423.524,0,1.02816,0,0,3.0436,2.01544,1.028160,1,0,105.193,0,0,0,105.193,0
51.1807,1.83031,0,0,6.23946,0.283878,0.36288,3.6288,44.4376,0.434202,0,0,1.05162,0.175533,0,0.66528,12.849,1,0.495961,0.36288,0,130.713,4.29984,126.28,0.84672,12.849,0.84672,3695.15,0,36.966,0.364824,2.11292,1.84751,10.7331,1.28698,13.0417,0.42336,36.966,0.42336,423.524,0,1.02816,0,0,3.14108,2.11292,1.028160,1,0,139.322,0,0,0,139.322,0
55.1773,2.06456,0,0,6.68904,0.264955,0.36288,3.6288,44.8997,0.534117,0,0,1.19367,0.197503,0,0.66528,12.849,1,0.51831,0.36288,0,92.9241,4.09941,88.6692,0.84672,12.849,0.84672,3695.15,0,36.966,0.444312,1.4525,1.84763,8.63698,1.07841,10.4144,0.42336,36.966,0.42336,423.524,0,1.02816,0,0,2.48066,1.4525,1.028160,1,0,99.0836,0,0,0,99.0836,0
58.1536,2.09517,0,0,5.71029,0.276015,0.36288,3.6288,45.5912,0.536691,0,0,1.42654,0.198361,0,0.66528,12.849,1,0.487898,0.36288,0,132.444,4.09941,128.22,0.84672,12.849,0.84672,3695.15,0,36.966,0.441859,1.2772,2.03432,11.4765,1.07841,13.2678,0.42336,36.966,0.42336,423.524,0,1.02816,0,0,2.30536,1.2772,1.028160,1,0,141.488,0,0,0,141.488,0
60.2223,2.42433,0,0,5.1361,0.280146,0.36288,3.6288,45.8707,0.663334,0,0,1.13335,0.190433,0,0.66528,12.849,1,0.535655,0.36288,0,85.6552,4.00933,81.4731,0.84672,12.849,0.84672,3695.15,0,36.966,0.537841,1.15622,2.03445,8.73349,1.04204,10.3443,0.42336,36.966,0.42336,423.524,0,1.02816,0,0,2.18438,1.15622,1.028160,1,0,91.8174,0,0,0,91.8174,0
63.0606,2.1292,0,0,5.59806,0.267731,0.36288,3.6288,46.6684,0.542005,0,0,1.47868,0.139022,0,0.66528,12.849,1,0.454284,0.36288,0,87.6684,3.50705,84.0699,0.84672,12.849,0.84672,3695.15,0,36.966,0.436787,1.25753,2.27709,11.0338,0.822456,13.3092,0.42336,36.966,0.42336,423.524,0,1.02816,0,0,2.28569,1.25753,1.028160,1,0,97.3791,0,0,0,97.3791,0
66.2474,2.11576,0,0,5.98295,0.317507,0.36288,3.6288,48.9483,0.518578,0,0,2.95979,0.161268,0,0.66528,12.849,1,0.4311,0.36288,0,93.9047,3.73601,90.1005,0.84672,12.849,0.84672,3695.15,0,36.966,0.410766,2.01239,2.03472,13.223,0.814235,16.0451,0.42336,36.966,0.42336,423.524,0,1.02816,0,0,3.04055,2.01239,1.028160,1,0,106.146,0,0,0,106.146,0
68.1493,2.1333,0,0,4.72388,0.325762,0.36288,3.6288,49.8998,0.529546,0,0,1.64539,0.164376,0,0.66528,12.849,1,0.413764,0.36288,0,78.135,3.73601,74.3481,0.84672,12.849,0.84672,3695.15,0,36.966,0.399916,0.977789,1.98965,8.01309,0.814235,9.76638,0.42336,36.966,0.42336,423.524,0,1.02816,0,0,2.00595,0.977789,1.028160,1,0,84.1145,0,0,0,84.1145,0
69.4489,2.14319,0,0,4.13633,0.330689,0.36288,3.6288,51.0325,0.533994,0,0,1.83239,0.165669,0,0.66528,12.849,1,0.40408,0.36288,0,71.8606,3.73601,68.0834,0.84672,12.849,0.84672,3695.15,0,36.966,0.395585,0.89329,1.98978,7.10138,0.814235,8.77463,0.42336,36.966,0.42336,423.524,0,1.02816,0,0,1.92145,0.89329,1.028160,1,0,76.858,0,0,0,76.858,0
72.29,2.14974,0,0,7.52121,0.33272,2.19762,3.6288,53.0918,0.539154,0,0,2.75498,0.156538,0,0.66528,12.849,1,0.397731,2.19762,0,153.316,3.55669,151.559,0.84672,12.849,0.84672,3695.15,0,36.966,0.390542,2.50236,1.98991,13.3374,0.783525,16.6556,0.42336,36.966,0.42336,423.524,0,1.02816,0,0,3.53052,2.50236,1.028160,1,0,168.215,0,0,0,168.215,0
72.29,2.16318,0,0,8.09743,0.350771,5.58347,3.6288,56.5246,0.548153,0,0,4.10543,0.124456,0,0.66528,12.849,1,0.384489,5.58347,0,170.396,3.0587,172.537,0.84672,12.849,0.84672,3695.15,0,36.966,0.38166,3.78472,1.99004,16.1706,0.703082,20.8606,0.42336,36.966,0.42336,423.524,0,1.02816,0,0,4.81288,3.78472,1.028160,1,0,193.397,0,0,0,193.397,0
72.29,2.25178,0,0,5.76251,0.356425,3.1543,3.6288,58.155,0.602499,0,0,2.35716,0.124324,0,0.66528,12.849,1,0.400237,3.1543,0,106.911,3.03881,106.627,0.84672,12.849,0.84672,3695.15,0,36.966,0.394023,2.49251,1.99016,12.8549,0.701615,16.242,0.42336,36.966,0.42336,423.524,0,1.02816,0,0,3.52067,2.49251,1.028160,1,0,122.869,0,0,0,122.869,0
72.29,2.25196,0,0,5.43631,0.356425,2.82792,3.6288,59.9773,0.609327,0,0,2.55729,0.125646,0,0.66528,12.849,1,0.400268,2.82792,0,123.377,3.03881,122.766,0.84672,12.849,0.84672,3695.15,0,36.966,0.387317,2.51426,2.06126,12.93,0.701615,16.4166,0.42336,36.966,0.42336,423.524,0,1.02816,0,0,3.54242,2.51426,1.028160,1,0,139.183,0,0,0,139.183,0
72.29,2.25213,0,0,4.85461,0.302857,2.29962,3.6288,61.308,0.616683,0,0,2.40925,0.155428,0.306433,0.66528,12.849,1,0.4003,2.29962,0,113.89,3.38782,112.401,0.84672,12.849,0.84672,3695.15,0,36.966,0.380082,2.45035,2.06139,13.3409,0.770317,16.7023,0.42336,36.966,0.42336,423.524,0,1.02816,0,0,3.47851,2.45035,1.028160,1,0,129.41,0,0,0,129.41,0
72.29,2.25231,0,0,4.05561,0.300331,1.50296,3.6288,61.308,0.621906,0,0,1.56763,0.139709,0.806017,0.66528,12.849,1,0.400332,1.50296,0,78.2844,3.18761,76.1995,0.84672,12.849,0.84672,3695.15,0,36.966,0.374982,1.50829,2.06152,9.32999,0.731277,11.7935,0.42336,36.966,0.42336,423.524,0,1.02816,0,0,2.53645,1.50829,1.028160,1,0,88.799,0,0,0,88.799,0
72.29,2.21791,0,0,3.55571,0.28144,1.05636,3.6288,61.308,0.605843,0,0,1.00162,0.140251,0.255524,0.66528,12.849,1,0.394216,1.05636,0,79.5234,3.22532,76.9602,0.84672,12.849,0.84672,3695.15,0,36.966,0.365297,1.03748,2.06166,6.17289,0.770887,8.13585,0.42336,36.966,0.42336,423.524,0,1.02816,0,0,2.06564,1.03748,1.028160,1,0,85.3516,0,0,0,85.3516,0
72.29,2.21808,0,0,3.06865,0.244869,0.6057,3.6288,61.308,0.605918,0,0,0.997428,0.17972,0.211789,0.66528,12.849,1,0.394247,0.6057,0,64.2211,3.73496,60.6976,0.84672,12.849,0.84672,3695.15,0,36.966,0.365342,0.865953,2.03417,5.52778,0.913461,7.1491,0.42336,36.966,0.42336,423.524,0,1.02816,0,0,1.89411,0.865953,1.028160,1,0,68.0585,0,0,0,68.0585,0
72.29,2.21826,0,0,2.94418,0.244869,0.481048,3.6288,61.308,0.605993,0,0,0.985945,0.17972,0.200231,0.66528,12.849,1,0.394279,0.481048,0,72.1094,3.73496,68.4613,0.84672,12.849,0.84672,3695.15,0,36.966,0.365387,1.00283,2.0343,5.55874,0.913461,7.31702,0.42336,36.966,0.42336,423.524,0,1.02816,0,0,2.03099,1.00283,1.028160,1,0,75.9785,0,0,0,75.9785,0
72.2175,2.21843,0,0,2.75207,0.243286,0.36288,3.6288,61.308,0.606068,0,0,0.892884,0.181895,0.10492,0.66528,12.849,1,0.39431,0.36288,0,61.4211,3.74815,57.6415,0.84672,12.849,0.84672,3695.15,0,36.966,0.365432,0.672633,2.03443,5.01526,0.888631,6.46826,0.42336,36.966,0.42336,423.524,0,1.02816,0,0,1.70079,0.672633,1.028160,1,0,64.2147,0,0,0,64.2147,0
72.1793,2.33568,0,0,2.86722,0.206811,0.36288,3.6288,61.308,0.663394,0,0,0.880831,0.207245,0.0101925,0.66528,12.849,1,0.415566,0.36288,0,52.6671,4.80995,47.8045,0.84672,12.849,0.84672,3695.15,0,36.966,0.399997,0.704419,2.03457,4.74784,1.03127,6.05555,0.42336,36.966,0.42336,423.524,0,1.02816,0,0,1.73258,0.704419,1.028160,1,0,53.8702,0,0,0,53.8702,0
71.9239,2.33568,0,0,2.61785,0.174699,0.36288,3.6288,61.1582,0.663473,0,0,0.703581,0.189945,0,0.66528,12.849,1,0.415785,0.36288,0,47.8123,4.30553,43.4539,0.84672,12.849,0.84672,3695.15,0,36.966,0.400045,0.696298,2.13152,4.40855,1.02329,5.81303,0.42336,36.966,0.42336,423.524,0,1.02816,0,0,1.72446,0.696298,1.028160,1,0,49.2669,0,0,0,49.2669,0
71.4968,2.33461,0,0,2.42196,0.151591,0.36288,3.6288,61.0154,0.662941,0,0,0.715262,0.195116,0,0.66528,12.849,1,0.417071,0.36288,0,43.3148,4.46807,38.7926,0.84672,12.849,0.84672,3695.15,0,36.966,0.400703,0.699659,2.13165,4.34996,0.993205,5.78737,0.42336,36.966,0.42336,423.524,0,1.02816,0,0,1.72782,0.699659,1.028160,1,0,44.5799,0,0,0,44.5799,0
70.9966,2.33268,0,0,2.34649,0.151098,0.36288,3.6288,60.9075,0.662436,0,0,0.749494,0.194939,0,0.66528,12.849,1,0.419216,0.36288,0,41.0996,4.46807,36.5752,0.84672,12.849,0.84672,3695.15,0,36.966,0.401335,0.636785,2.13179,4.5155,0.993205,5.88953,0.42336,36.966,0.42336,423.524,0,1.02816,0,0,1.66495,0.636785,1.028160,1,0,42.4648,0,0,0,42.4648,0
70.5431,2.33036,0,0,2.36602,0.126264,0.36288,3.6288,60.8589,0.662073,0,0,0.857736,0.244254,0,0.66528,12.849,1,0.42175,0.36288,0,47.1295,4.67904,42.3916,0.84672,12.849,0.84672,3695.15,0,36.966,0.401825,0.76585,2.13193,4.29699,1.16775,5.62519,0.42336,36.966,0.42336,423.524,0,1.02816,0,0,1.79401,0.76585,1.028160,1,0,48.0168,0,0,0,48.0168,0
70.0935,2.30511,0,0,2.33448,0.116155,0.36288,3.6288,60.8186,0.66528,0,0,0.888961,0.263952,0,0.66528,12.849,1,0.419861,0.36288,0,50.2742,4.76343,45.4538,0.84672,12.849,0.84672,3695.15,0,36.966,0.449201,0.786594,2.13207,4.45067,1.23757,5.68256,0.42336,36.966,0.42336,423.524,0,1.02816,0,0,1.81475,0.786594,1.028160,1,0,51.1363,0,0,0,51.1363,0
69.4572,2.30301,0,0,2.14531,0.115754,0.36288,3.6288,60.7529,0.66528,0,0,0.863412,0.263885,0,0.66528,12.849,1,0.422171,0.36288,0,49.4802,4.76343,44.6574,0.84672,12.849,0.84672,3695.15,0,36.966,0.449331,0.787346,2.16606,4.48794,1.23757,5.75445,0.42336,36.966,0.42336,423.524,0,1.02816,0,0,1.81551,0.787346,1.028160,1,0,50.4119,0,0,0,50.4119,0
68.6319,2.29993,0,0,1.95276,0.115185,0.36288,3.6288,60.6314,0.66528,0,0,0.807538,0.263775,0,0.66528,12.849,1,0.425468,0.36288,0,47.5009,4.76343,42.6749,0.84672,12.849,0.84672,3695.15,0,36.966,0.449462,0.544856,2.1662,4.21602,1.23757,5.24004,0.42336,36.966,0.42336,423.524,0,1.02816,0,0,1.57302,0.544856,1.028160,1,0,47.9149,0,0,0,47.9149,0
67.7067,2.2958,0,0,1.83845,0.105029,0.36288,3.6288,60.4578,0.66528,0,0,0.783985,0.292298,0,0.66528,12.849,1,0.429811,0.36288,0,40.696,5.29219,35.3369,0.84672,12.849,0.84672,3695.15,0,36.966,0.449593,0.495884,2.16635,3.97011,1.36645,4.81629,0.42336,36.966,0.42336,423.524,0,1.02816,0,0,1.52404,0.495884,1.028160,1,0,40.1532,0,0,0,40.1532,0
67.0185,2.35045,0,0,2.10459,0.0794319,0.36288,3.6288,60.4997,0.66528,0,0,1.04824,0.340994,0,0.66528,12.849,1,0.446055,0.36288,0,45.3683,6.25296,39.0322,0.84672,12.849,0.84672,3695.15,0,36.966,0.494703,0.718969,2.16649,4.11515,1.58704,4.91887,0.42336,36.966,0.42336,423.524,0,1.02816,0,0,1.74713,0.718969,1.028160,1,0,43.951,0,0,0,43.951,0
66.2244,2.34679,0,0,1.99461,0.0790022,0.36288,3.6288,60.4312,0.66528,0,0,0.937794,0.341085,0,0.66528,12.849,1,0.449934,0.36288,0,40.0873,6.25296,33.7473,0.84672,12.849,0.84672,3695.15,0,36.966,0.494837,0.889246,2.21462,4.29815,1.58704,5.32015,0.42336,36.966,0.42336,423.524,0,1.02816,0,0,1.91741,0.889246,1.028160,1,0,39.0674,0,0,0,39.0674,0
65.3052,2.34245,0,0,1.86462,0.0785064,0.36288,3.6288,60.2926,0.66528,0,0,0.867672,0.340936,0,0.66528,12.849,1,0.454488,0.36288,0,38.117,6.25296,31.7724,0.84672,12.849,0.84672,3695.15,0,36.966,0.494971,0.724257,2.21477,3.77146,1.58704,4.62848,0.42336,36.966,0.42336,423.524,0,1.02816,0,0,1.75242,0.724257,1.028160,1,0,36.4009,0,0,0,36.4009,0
64.3667,2.33729,0,0,1.83955,0.0779324,0.36288,3.6288,60.2255,0.66528,0,0,0.938753,0.340636,0,0.66528,12.849,1,0.459869,0.36288,0,35.369,6.25296,29.019,0.84672,12.849,0.84672,3695.15,0,36.966,0.495104,0.842365,2.21491,4.26513,1.58704,5.24026,0.42336,36.966,0.42336,423.524,0,1.02816,0,0,1.87053,0.842365,1.028160,1,0,34.2593,0,0,0,34.2593,0
63.0782,2.50446,0,0,1.66322,0.0843501,0.36288,3.6288,59.9947,0.66528,0,0,0.805887,0.371322,0,0.66528,12.849,1,0.499945,0.36288,0,32.5971,6.99526,25.4648,0.84672,12.849,0.84672,3695.15,0,36.966,0.657639,0.399617,2.21506,3.83288,1.54226,4.24765,0.42336,36.966,0.42336,423.524,0,1.02816,0,0,1.42778,0.399617,1.028160,1,0,29.7124,0,0,0,29.7124,0
61.9198,2.49617,0,0,1.79056,0.0899458,0.36288,3.6288,59.9253,0.66528,0,0,0.968769,0.372911,0,0.66528,12.849,1,0.508468,0.36288,0,40.4749,7.03174,33.2976,0.84672,12.849,0.84672,3695.15,0,36.966,0.657784,0.628949,2.37947,3.89811,1.51737,4.73137,0.42336,36.966,0.42336,423.524,0,1.02816,0,0,1.65711,0.628949,1.028160,1,0,38.029,0,0,0,38.029,0
60.4178,2.48848,0,0,1.43846,0.0890958,0.36288,3.6288,59.5059,0.747412,0,0,0.700704,0.372746,0,0.66528,12.849,1,0.516387,0.36288,0,39.5505,7.03174,32.3652,0.84672,12.849,0.84672,3695.15,0,36.966,0.657929,0.204422,2.37962,3.1293,1.51737,3.53805,0.42336,36.966,0.42336,423.524,0,0.946028,0,0,1.15045,0.204422,1.028160,1,0,35.9033,0,0,0,35.9033,0
59.2803,2.47809,0,0,1.79146,0.0879937,0.36288,3.6288,59.6664,0.66528,0,0,1.19762,0.371749,0,0.66528,12.849,1,0.527014,0.36288,0,36.1219,7.03174,28.926,0.84672,12.849,0.84672,3695.15,0,36.966,0.658075,1.14807,2.37978,4.83855,1.51737,6.19095,0.42336,36.966,0.42336,423.524,0,1.02816,0,0,2.17623,1.14807,1.028160,1,0,35.1169,0,0,0,35.1169,0
57.901,2.46997,0,0,1.52563,0.0720068,0.36288,3.6288,59.3551,0.712817,0,0,0.798768,0.397341,0,0.66528,12.849,1,0.535367,0.36288,0,31.0187,7.12273,23.7235,0.84672,12.849,0.84672,3695.15,0,36.966,0.65822,0.204422,2.37994,4.71488,1.47227,5.16875,0.42336,36.966,0.42336,423.524,0,0.980623,0,0,1.18505,0.204422,1.028160,1,0,28.8923,0,0,0,28.8923,0
56.5913,2.37713,0,0,1.55163,0.121346,0.36288,3.6288,58.7713,0.944978,0,0,0.749114,0.38794,0,0.66528,12.849,1,0.527516,0.36288,0,28.7455,6.56581,22.0151,0.84672,12.849,0.84672,3695.15,0,36.966,0.588527,0.204422,2.38009,4.68056,1.36637,5.31018,0.42336,36.966,0.42336,423.524,0,0.719695,0,0,0.924117,0.204422,1.028160,1,0,27.3253,0,0,0,27.3253,0
55.4249,2.36736,0,0,1.74827,0.184421,0.36288,3.6288,58.761,0.70543,0,0,1.04931,0.354088,0,0.66528,12.849,1,0.537508,0.36288,0,27.7183,5.70937,21.8343,0.84672,12.849,0.84672,3695.15,0,36.966,0.559898,0.216518,2.28515,6.2507,1.17935,7.01313,0.42336,36.966,0.42336,423.524,0,0.98801,0,0,1.20453,0.216518,1.028160,1,0,28.8475,0,0,0,28.8475,0
54.1587,2.35837,0,0,1.64004,0.184967,0.36288,3.6288,58.7308,0.741277,0,0,1.06604,0.355055,0,0.66528,12.849,1,0.546733,0.36288,0,34.117,5.72565,28.2075,0.84672,12.849,0.84672,3695.15,0,36.966,0.560036,0.216518,2.2853,6.32432,1.18867,7.07743,0.42336,36.966,0.42336,423.524,0,0.952163,0,0,1.16868,0.216518,1.028160,1,0,35.285,0,0,0,35.285,0
53.8329,2.34822,0,0,2.57711,0.19186,0.36288,3.6288,59.0349,0.66528,0,0,1.30834,0.338916,0,0.66528,12.849,1,0.557108,0.36288,0,55.2479,5.54627,49.5074,0.84672,12.849,0.84672,3695.15,0,36.966,0.560175,0.549409,2.28545,7.92444,1.17901,9.02011,0.42336,36.966,0.42336,423.524,0,1.02816,0,0,1.57757,0.549409,1.028160,1,0,58.5275,0,0,0,58.5275,0
56.0426,2.27878,0,0,5.0978,0.246458,0.36288,3.6288,59.5125,0.66528,0,0,1.38584,0.242972,0,0.66528,12.849,1,0.543906,0.36288,0,77.6071,4.46996,72.9561,0.84672,12.849,0.84672,3695.15,0,36.966,0.470531,1.26395,2.2856,10.1732,1.1211,12.1311,0.42336,36.966,0.42336,423.524,0,1.02816,0,0,2.29211,1.26395,1.028160,1,0,85.0872,0,0,0,85.0872,0
57.2978,2.2964,0,0,4.16654,0.251993,0.36288,3.6288,59.7859,0.66528,0,0,1.18242,0.243717,0,0.66528,12.849,1,0.526502,0.36288,0,86.1261,4.46996,81.4925,0.84672,12.849,0.84672,3695.15,0,36.966,0.470663,0.981729,2.20086,9.00858,1.1211,10.5994,0.42336,36.966,0.42336,423.524,0,1.02816,0,0,2.00989,0.981729,1.028160,1,0,92.0919,0,0,0,92.0919,0
58.3437,2.30601,0,0,3.98287,0.268132,0.36288,3.6288,60.6401,0.66528,0,0,1.73173,0.21223,0,0.66528,12.849,1,0.517121,0.36288,0,96.5356,4.48517,91.8962,0.84672,12.849,0.84672,3695.15,0,36.966,0.470795,1.33016,2.201,10.5418,1.21583,12.3864,0.42336,36.966,0.42336,423.524,0,1.02816,0,0,2.35832,1.33016,1.028160,1,0,104.283,0,0,0,104.283,0
59.9562,2.31379,0,0,4.56228,0.273074,0.36288,3.6288,61.308,0.66528,0,0,2.2174,0.208039,0.676209,0.66528,12.849,1,0.509564,0.36288,0,101.539,4.4877,96.9046,0.84672,12.849,0.84672,3695.15,0,36.966,0.470928,1.87815,2.20114,15.1353,1.23162,17.512,0.42336,36.966,0.42336,423.524,0,1.02816,0,0,2.90631,1.87815,1.028160,1,0,115.093,0,0,0,115.093,0
63.6943,2.13138,0,0,6.46251,0.23021,0.36288,3.6288,61.308,0.592217,0,0,3.20441,0.179631,2.43256,0.66528,12.849,1,0.456769,0.36288,0,179.185,3.9369,175.154,0.84672,12.849,0.84672,3695.15,0,36.966,0.357081,2.23762,2.20129,13.5334,0.867318,16.7479,0.42336,36.966,0.42336,423.524,0,1.02816,0,0,3.26578,2.23762,1.028160,1,0,194.335,0,0,0,194.335,0
66.005,2.15386,0,0,5.0569,0.229408,0.36288,3.6288,61.308,0.592291,0,0,1.5161,0.17475,0.749056,0.66528,12.849,1,0.434497,0.36288,0,132.637,3.8451,128.72,0.84672,12.849,0.84672,3695.15,0,36.966,0.357125,1.18785,2.0128,11.2078,0.806601,13.2447,0.42336,36.966,0.42336,423.524,0,1.02816,0,0,2.21601,1.18785,1.028160,1,0,142.714,0,0,0,142.714,0
67.3552,2.16676,0,0,4.11357,0.233711,0.36288,3.6288,61.308,0.592366,0,0,1.30665,0.17475,0.539538,0.66528,12.849,1,0.421797,0.36288,0,117.684,3.8451,113.78,0.84672,12.849,0.84672,3695.15,0,36.966,0.35717,1.34237,2.01293,10.861,0.806601,13.0525,0.42336,36.966,0.42336,423.524,0,1.02816,0,0,2.37053,1.34237,1.028160,1,0,127.372,0,0,0,127.372,0
68.5677,2.17404,0,0,4.02164,0.272286,0.36288,3.6288,61.308,0.59244,0,0,2.14739,0.211568,1.34338,0.66528,12.849,1,0.414729,0.36288,0,136.718,4.19766,132.469,0.84672,12.849,0.84672,3695.15,0,36.966,0.357215,1.87415,2.01306,12.6014,0.923743,15.2076,0.42336,36.966,0.42336,423.524,0,1.02816,0,0,2.90231,1.87415,1.028160,1,0,149.02,0,0,0,149.02,0
72.29,2.18038,0,0,7.12809,0.298021,0.927345,3.6288,61.308,0.592514,0,0,2.95851,0.228431,2.13756,0.66528,12.849,1,0.408586,0.927345,0,146.839,4.40124,142.957,0.84672,12.849,0.84672,3695.15,0,36.966,0.357259,1.97547,2.01319,12.1305,0.964673,14.7972,0.42336,36.966,0.42336,423.524,0,1.02816,0,0,3.00363,1.97547,1.028160,1,0,159.892,0,0,0,159.892,0
72.29,2.27533,0,0,5.45586,0.300959,2.87957,3.6288,61.308,0.626387,0,0,1.54963,0.214095,0.709146,0.66528,12.849,1,0.404423,2.87957,0,89.0663,4.32012,87.2213,0.84672,12.849,0.84672,3695.15,0,36.966,0.377683,2.39607,2.01332,9.39574,0.902104,12.5253,0.42336,36.966,0.42336,423.524,0,1.02816,0,0,3.42423,2.39607,1.028160,1,0,100.456,0,0,0,100.456,0
72.29,2.2755,0,0,5.29521,0.300959,2.71875,3.6288,61.308,0.626457,0,0,1.41566,0.214095,0.575104,0.66528,12.849,1,0.404453,2.71875,0,157.539,4.32012,155.533,0.84672,12.849,0.84672,3695.15,0,36.966,0.377726,1.77115,2.07229,9.76769,0.902104,12.3313,0.42336,36.966,0.42336,423.524,0,1.02816,0,0,2.79931,1.77115,1.028160,1,0,168.44,0,0,0,168.44,0
72.29,2.27566,0,0,4.39701,0.300959,1.82039,3.6288,61.308,0.626527,0,0,1.13928,0.214095,0.298657,0.66528,12.849,1,0.404482,1.82039,0,102.689,4.32012,99.7848,0.84672,12.849,0.84672,3695.15,0,36.966,0.377768,1.74159,2.07241,6.96704,0.902104,9.50117,0.42336,36.966,0.42336,423.524,0,1.02816,0,0,2.76975,1.74159,1.028160,1,0,109.585,0,0,0,109.585,0
72.29,2.27583,0,0,3.89691,0.303987,1.31709,3.6288,61.308,0.626598,0,0,0.984277,0.19193,0.165749,0.66528,12.849,1,0.404511,1.31709,0,90.4487,3.97608,87.3852,0.84672,12.849,0.84672,3695.15,0,36.966,0.377811,1.31956,2.07253,6.17776,0.810175,8.38186,0.42336,36.966,0.42336,423.524,0,1.02816,0,0,2.34772,1.31956,1.028160,1,0,95.9328,0,0,0,95.9328,0
72.29,2.52303,0,0,4.30281,0.3303,1.44948,3.6288,61.2306,0.66528,0,0,0.826036,0.238149,0,0.66528,12.849,1,0.44845,1.44948,0,114.316,4.06843,111.248,0.84672,12.849,0.84672,3695.15,0,36.966,0.542686,1.49253,2.07266,5.14739,1.11572,7.05418,0.42336,36.966,0.42336,423.524,0,1.02816,0,0,2.52069,1.49253,1.028160,1,0,118.303,0,0,0,118.303,0
72.29,2.52321,0,0,5.53767,0.3303,2.68416,3.6288,61.308,0.66528,0,0,1.13465,0.238032,0.153943,0.66528,12.849,1,0.448482,2.68416,0,124.58,4.06843,122.747,0.84672,12.849,0.84672,3695.15,0,36.966,0.542812,1.7856,2.28449,6.81774,1.11572,9.2293,0.42336,36.966,0.42336,423.524,0,1.02816,0,0,2.81376,1.7856,1.028160,1,0,132.131,0,0,0,132.131,0
72.29,2.5234,0,0,6.74085,0.318241,3.89921,3.6288,61.308,0.66528,0,0,1.22529,0.242268,0.317742,0.66528,12.849,1,0.448514,3.89921,0,116.046,4.04344,115.454,0.84672,12.849,0.84672,3695.15,0,36.966,0.542938,2.28734,2.28462,8.72107,1.09898,11.6511,0.42336,36.966,0.42336,423.524,0,1.02816,0,0,3.3155,2.28734,1.028160,1,0,127.423,0,0,0,127.423,0
72.29,2.52358,0,0,4.73408,0.359528,1.85098,3.6288,61.308,0.66528,0,0,1.06452,0.220376,0.178861,0.66528,12.849,1,0.448547,1.85098,0,121.696,3.65211,119.446,0.84672,12.849,0.84672,3695.15,0,36.966,0.543064,1.72084,2.28476,6.23537,1.08792,8.60998,0.42336,36.966,0.42336,423.524,0,1.02816,0,0,2.749,1.72084,1.028160,1,0,128.235,0,0,0,128.235,0
72.29,2.17131,0,0,8.302,0.362848,5.76784,3.6288,61.308,0.583531,0,0,2.37162,0.222756,1.56533,0.66528,12.849,1,0.385934,5.76784,0,278.668,3.86599,280.184,0.84672,12.849,0.84672,3695.15,0,36.966,0.351843,3.4584,2.2849,12.9099,1.07972,17.2216,0.42336,36.966,0.42336,423.524,0,1.02816,0,0,4.48656,3.4584,1.028160,1,0,298.971,0,0,0,298.971,0
72.29,2.17147,0,0,9.38261,0.362848,6.84829,3.6288,61.308,0.583599,0,0,2.38777,0.222756,1.58141,0.66528,12.849,1,0.385962,6.84829,0,218.515,3.86599,221.111,0.84672,12.849,0.84672,3695.15,0,36.966,0.351884,5.49151,1.99625,14.9716,1.07972,21.0277,0.42336,36.966,0.42336,423.524,0,1.02816,0,0,6.51967,5.49151,1.028160,1,0,243.721,0,0,0,243.721,0
72.29,2.17163,0,0,17.3801,0.362848,14.8456,3.6288,61.308,0.583666,0,0,4.40561,0.222756,3.59918,0.66528,12.849,1,0.38599,14.8456,0,237.738,3.86599,248.332,0.84672,12.849,0.84672,3695.15,0,36.966,0.351925,6.89619,1.99637,21.3926,1.07972,28.8535,0.42336,36.966,0.42336,423.524,0,1.02816,0,0,7.92435,6.89619,1.028160,1,0,280.784,0,0,0,280.784,0
72.29,2.17178,0,0,9.97358,0.364711,7.43709,3.6288,61.308,0.583734,0,0,1.77514,0.143273,1.04813,0.66528,12.849,1,0.386018,7.43709,0,203.773,3.50133,207.322,0.84672,12.849,0.84672,3695.15,0,36.966,0.351966,3.26382,1.99649,12.7553,0.948293,16.7154,0.42336,36.966,0.42336,423.524,0,1.02816,0,0,4.29198,3.26382,1.028160,1,0,225.086,0,0,0,225.086,0
72.29,2.17194,0,0,8.60959,0.334518,6.10313,3.6288,61.308,0.583802,0,0,2.28982,0.162349,1.54367,0.66528,12.849,1,0.386046,6.10313,0,163.956,3.36309,166.31,0.84672,12.849,0.84672,3695.15,0,36.966,0.352006,3.27551,1.99661,12.2539,0.977202,16.1968,0.42336,36.966,0.42336,423.524,0,1.02816,0,0,4.30367,3.27551,1.028160,1,0,184.051,0,0,0,184.051,0
72.29,2.26085,0,0,7.41089,0.311873,4.83817,3.6288,61.308,0.625562,0,0,2.14733,0.176657,1.34511,0.66528,12.849,1,0.401848,4.83817,0,188.57,3.25941,189.747,0.84672,12.849,0.84672,3695.15,0,36.966,0.377186,2.25467,1.99673,9.81374,0.998884,12.6891,0.42336,36.966,0.42336,423.524,0,1.02816,0,0,3.28283,2.25467,1.028160,1,0,203.781,0,0,0,203.781,0
72.29,2.26101,0,0,5.61216,0.311873,3.03927,3.6288,61.308,0.625632,0,0,1.89619,0.176657,1.09391,0.66528,12.849,1,0.401878,3.03927,0,108.033,3.25941,107.411,0.84672,12.849,0.84672,3695.15,0,36.966,0.377228,1.75128,2.06807,7.81047,0.998884,10.2537,0.42336,36.966,0.42336,423.524,0,1.02816,0,0,2.77944,1.75128,1.028160,1,0,118.758,0,0,0,118.758,0
72.29,2.26118,0,0,5.83861,0.315041,3.26239,3.6288,61.308,0.625702,0,0,2.1009,0.192784,1.28242,0.66528,12.849,1,0.401907,3.26239,0,109.805,3.6006,109.065,0.84672,12.849,0.84672,3695.15,0,36.966,0.377271,2.08503,2.06819,9.56595,1.02816,12.3137,0.42336,36.966,0.42336,423.524,0,1.02816,0,0,3.11319,2.08503,1.028160,1,0,122.661,0,0,0,122.661,0
72.29,2.26134,0,0,5.24489,0.315752,2.66779,3.6288,61.308,0.625773,0,0,1.62635,0.21967,0.780907,0.66528,12.849,1,0.401936,2.66779,0,99.1284,4.30525,97.0891,0.84672,12.849,0.84672,3695.15,0,36.966,0.377313,1.60626,2.06832,8.20932,1.06926,10.4373,0.42336,36.966,0.42336,423.524,0,1.02816,0,0,2.63442,1.60626,1.028160,1,0,108.307,0,0,0,108.307,0
72.29,2.2268,0,0,4.53864,0.25065,2.06119,3.6288,61.2183,0.609646,0,0,0.721639,0.20169,0,0.66528,12.849,1,0.395796,2.06119,0,100.799,4.07343,98.3914,0.84672,12.849,0.84672,3695.15,0,36.966,0.367589,0.616654,2.06844,5.27618,0.998752,6.59493,0.42336,36.966,0.42336,423.524,0,1.02816,0,0,1.64481,0.616654,1.028160,1,0,104.986,0,0,0,104.986,0
72.29,2.22696,0,0,4.25382,0.23182,1.79504,3.6288,61.0575,0.609379,0,0,0.656398,0.207812,0,0.66528,12.849,1,0.395825,1.79504,0,93.8045,4.12902,91.0747,0.84672,12.849,0.84672,3695.15,0,36.966,0.367967,0.562706,2.04084,4.83887,1.00263,6.07181,0.42336,36.966,0.42336,423.524,0,1.02816,0,0,1.59087,0.562706,1.028160,1,0,97.1465,0,0,0,97.1465,0
72.29,2.22712,0,0,3.91422,0.23182,1.45528,3.6288,60.8918,0.608845,0,0,0.650687,0.207601,0,0.66528,12.849,1,0.395854,1.45528,0,84.6945,4.12902,81.6249,0.84672,12.849,0.84672,3695.15,0,36.966,0.368613,0.586725,2.04096,4.62382,1.00263,5.88026,0.42336,36.966,0.42336,423.524,0,1.02816,0,0,1.61489,0.586725,1.028160,1,0,87.5051,0,0,0,87.5051,0
72.29,2.22728,0,0,3.78092,0.237249,1.31638,3.6288,60.9196,0.60829,0,0,0.831876,0.195773,0,0.66528,12.849,1,0.395883,1.31638,0,81.8173,4.01835,78.7195,0.84672,12.849,0.84672,3695.15,0,36.966,0.369279,0.926225,2.04109,5.7227,0.961575,7.35916,0.42336,36.966,0.42336,423.524,0,1.02816,0,0,1.95439,0.926225,1.028160,1,0,86.0787,0,0,0,86.0787,0
72.29,2.34529,0,0,3.61974,0.173242,1.10121,3.6288,60.6519,0.66528,0,0,0.625266,0.227677,0,0.66528,12.849,1,0.416857,1.10121,0,64.1295,4.26171,60.5522,0.84672,12.849,0.84672,3695.15,0,36.966,0.404497,0.676166,2.04121,4.09031,0.999955,5.40323,0.42336,36.966,0.42336,423.524,0,1.02816,0,0,1.70433,0.676166,1.028160,1,0,65.9554,0,0,0,65.9554,0
72.29,2.34546,0,0,3.66218,0.157145,1.15958,3.6288,60.4679,0.664746,0,0,0.725004,0.244185,0,0.66528,12.849,1,0.416887,1.15958,0,61.8857,4.41294,58.2155,0.84672,12.849,0.84672,3695.15,0,36.966,0.405148,0.49032,2.13849,3.86128,1.04741,5.03753,0.42336,36.966,0.42336,423.524,0,1.02816,0,0,1.51848,0.49032,1.028160,1,0,63.253,0,0,0,63.253,0
72.29,2.34563,0,0,3.1408,0.157145,0.638032,3.6288,60.0259,0.713374,0,0,0.515244,0.2439,0,0.66528,12.849,1,0.416918,0.638032,0,63.0729,4.41294,58.881,0.84672,12.849,0.84672,3695.15,0,36.966,0.436108,0.30119,2.13862,3.4918,1.04741,4.44809,0.42336,36.966,0.42336,423.524,0,0.948689,0,0,1.24988,0.30119,1.028160,1,0,63.3291,0,0,0,63.3291,0
72.29,2.3458,0,0,2.91207,0.119453,0.446819,3.6288,59.4929,0.778591,0,0,0.491069,0.245488,0,0.66528,12.849,1,0.416948,0.446819,0,62.3808,4.77811,57.6326,0.84672,12.849,0.84672,3695.15,0,36.966,0.479483,0.30119,2.13875,3.31909,1.18491,4.09464,0.42336,36.966,0.42336,423.524,0,0.840214,0,0,1.1414,0.30119,1.028160,1,0,61.7272,0,0,0,61.7272,0
71.4639,2.34597,0,0,2.00024,0.117537,0.36288,3.6288,58.9313,0.796573,0,0,0.511729,0.276804,0,0.66528,12.849,1,0.416978,0.36288,0,48.6238,5.28647,43.2832,0.84672,12.849,0.84672,3695.15,0,36.966,0.494952,0.30119,2.13888,3.02714,1.301,3.67125,0.42336,36.966,0.42336,423.524,0,0.806881,0,0,1.10807,0.30119,1.028160,1,0,46.9544,0,0,0,46.9544,0
70.0413,2.31878,0,0,1.38574,0.12661,0.36288,3.6288,58.5239,0.706234,0,0,0.59799,0.299159,0,0.66528,12.849,1,0.41691,0.36288,0,36.774,5.55817,31.1618,0.84672,12.849,0.84672,3695.15,0,36.966,0.455717,0.30119,2.139,2.86796,1.34683,3.50561,0.42336,36.966,0.42336,423.524,0,0.987206,0,0,1.2884,0.30119,1.028160,1,0,34.6674,0,0,0,34.6674,0
68.5259,2.31179,0,0,1.28448,0.125234,0.36288,3.6288,58.0436,0.746243,0,0,0.564386,0.298376,0,0.66528,12.849,1,0.424095,0.36288,0,33.3914,5.55817,27.7721,0.84672,12.849,0.84672,3695.15,0,36.966,0.471357,0.261274,2.17311,2.83222,1.34683,3.44842,0.42336,36.966,0.42336,423.524,0,0.931677,0,0,1.19295,0.261274,1.028160,1,0,31.2205,0,0,0,31.2205,0
66.9837,2.30406,0,0,1.24851,0.123769,0.36288,3.6288,57.4693,0.810273,0,0,0.533434,0.297454,0,0.66528,12.849,1,0.432025,0.36288,0,30.0148,5.55817,24.3875,0.84672,12.849,0.84672,3695.15,0,36.966,0.516035,0.261274,2.17324,2.79128,1.34683,3.36293,0.42336,36.966,0.42336,423.524,0,0.82309,0,0,1.08436,0.261274,1.028160,1,0,27.7505,0,0,0,27.7505,0
65.3745,2.29588,0,0,1.15569,0.106127,0.36288,3.6288,56.7959,0.862417,0,0,0.502921,0.313893,0,0.66528,12.849,1,0.440402,0.36288,0,27.1396,5.72811,21.334,0.84672,12.849,0.84672,3695.15,0,36.966,0.554732,0.261274,2.17337,2.66122,1.43029,3.11083,0.42336,36.966,0.42336,423.524,0,0.73237,0,0,0.993643,0.261274,1.028160,1,0,24.4448,0,0,0,24.4448,0
63.6217,2.34626,0,0,1.06879,0.112413,0.36288,3.6288,56.2407,0.832271,0,0,0.603761,0.326684,0,0.66528,12.849,1,0.461144,0.36288,0,31.2143,5.95045,25.1656,0.84672,12.849,0.84672,3695.15,0,36.966,0.541689,0.261274,2.1735,2.69618,1.45882,3.13044,0.42336,36.966,0.42336,423.524,0,0.820817,0,0,1.08209,0.261274,1.028160,1,0,28.2961,0,0,0,28.2961,0
61.796,2.33586,0,0,0.98388,0.110835,0.36288,3.6288,55.6376,0.789518,0,0,0.511844,0.325504,0,0.66528,12.849,1,0.471748,0.36288,0,25.6391,5.95045,19.5798,0.84672,12.849,0.84672,3695.15,0,36.966,0.518936,0.261274,2.22179,2.60698,1.45882,3.11229,0.42336,36.966,0.42336,423.524,0,0.886447,0,0,1.14772,0.261274,1.028160,1,0,22.6921,0,0,0,22.6921,0
59.9004,2.32449,0,0,0.900893,0.109192,0.36288,3.6288,54.9214,0.865983,0,0,0.474076,0.324221,0,0.66528,12.849,1,0.483321,0.36288,0,24.3697,5.95045,18.2988,0.84672,12.849,0.84672,3695.15,0,36.966,0.575365,0.227405,2.22193,2.29148,1.45882,2.70663,0.42336,36.966,0.42336,423.524,0,0.753676,0,0,0.981081,0.227405,1.028160,1,0,21.0055,0,0,0,21.0055,0
58.0787,2.31206,0,0,0.95186,0.0985571,0.36288,3.6288,54.3945,0.743532,0,0,0.544232,0.32767,0,0.66528,12.849,1,0.495951,0.36288,0,23.9011,6.10001,17.668,0.84672,12.849,0.84672,3695.15,0,36.966,0.501708,0.227405,2.22206,3.03134,1.4887,3.4904,0.42336,36.966,0.42336,423.524,0,0.949908,0,0,1.17731,0.227405,1.028160,1,0,21.1584,0,0,0,21.1584,0
55.8452,2.4696,0,0,0.739503,0.140576,0.36288,3.6288,53.5032,1.01542,0,0,0.450335,0.326188,0,0.66528,12.849,1,0.54636,0.36288,0,18.9347,6.28575,12.4655,0.84672,12.849,0.84672,3695.15,0,36.966,0.690069,0.227405,2.22219,2.40128,1.549,2.61181,0.42336,36.966,0.42336,423.524,0,0.652752,0,0,0.880157,0.227405,1.028160,1,0,15.0773,0,0,0,15.0773,0
53.5737,2.45201,0,0,0.688889,0.145528,0.36288,3.6288,52.6419,0.993023,0,0,0.476258,0.344531,0,0.66528,12.849,1,0.564165,0.36288,0,19.7787,6.53583,13.0416,0.84672,12.849,0.84672,3695.15,0,36.966,0.686091,0.227405,2.38717,1.94655,1.59619,2.27884,0.42336,36.966,0.42336,423.524,0,0.67926,0,0,0.906664,0.227405,1.028160,1,0,15.3204,0,0,0,15.3204,0
51.1884,2.43289,0,0,0.552719,0.142236,0.36288,3.6288,51.5959,1.07837,0,0,0.374496,0.342167,0,0.66528,12.849,1,0.5835,0.36288,0,23.2639,6.53583,16.5074,0.84672,12.849,0.84672,3695.15,0,36.966,0.757247,0.204422,2.38731,1.61698,1.59619,1.85528,0.42336,36.966,0.42336,423.524,0,0.522893,0,0,0.727315,0.204422,1.028160,1,0,18.3627,0,0,0,18.3627,0
48.93,2.41133,0,0,0.6546,0.138779,0.36288,3.6288,51.0244,0.803781,0,0,0.571656,0.339295,0,0.66528,12.849,1,0.605278,0.36288,0,19.9682,6.53583,13.1899,0.84672,12.849,0.84672,3695.15,0,36.966,0.665202,0.204422,2.38746,2.18666,1.59619,2.51715,0.42336,36.966,0.42336,423.524,0,0.889659,0,0,1.09408,0.204422,1.028160,1,0,15.7071,0,0,0,15.7071,0
46.5638,2.38938,0,0,0.522386,0.136346,0.36288,3.6288,50.0699,1.00976,0,0,0.395216,0.339987,0,0.66528,12.849,1,0.62745,0.36288,0,19.0754,6.5325,12.2783,0.84672,12.849,0.84672,3695.15,0,36.966,0.731545,0.204422,2.3876,2.43763,1.6466,2.65151,0.42336,36.966,0.42336,423.524,0,0.617475,0,0,0.821897,0.204422,1.028160,1,0,14.9298,0,0,0,14.9298,0
44.2885,2.28518,0,0,0.522463,0.149704,0.36288,3.6288,49.1295,0.98573,0,0,0.372914,0.327583,0,0.66528,12.849,1,0.630582,0.36288,0,14.1528,6.41763,7.46751,0.84672,12.849,0.84672,3695.15,0,36.966,0.727752,0.204422,2.38774,2.95774,1.67588,3.14627,0.42336,36.966,0.42336,423.524,0,0.54648,0,0,0.750902,0.204422,1.028160,1,0,10.6138,0,0,0,10.6138,0
42.1155,2.26023,0,0,0.634399,0.184286,0.36288,3.6288,48.2365,0.977612,0,0,0.378056,0.293414,0,0.66528,12.849,1,0.65574,0.36288,0,12.8483,6.14155,6.41387,0.84672,12.849,0.84672,3695.15,0,36.966,0.735574,0.216518,2.29246,2.18828,1.58106,2.38062,0.42336,36.966,0.42336,423.524,0,0.546904,0,0,0.763423,0.216518,1.028160,1,0,8.79449,0,0,0,8.79449,0
40.3136,2.23447,0,0,0.975171,0.179732,0.36288,3.6288,47.9186,0.66528,0,0,0.638562,0.291251,0,0.66528,12.849,1,0.681714,0.36288,0,23.8408,6.14155,17.3804,0.84672,12.849,0.84672,3695.15,0,36.966,0.566778,0.302547,2.2926,4.23045,1.58106,4.67776,0.42336,36.966,0.42336,423.524,0,1.02816,0,0,1.33071,0.302547,1.028160,1,0,22.0582,0,0,0,22.0582,0
38.3753,2.21152,0,0,0.812056,0.175956,0.36288,3.6288,47.3305,0.804914,0,0,0.507362,0.290481,0,0.66528,12.849,1,0.704871,0.36288,0,35.3769,6.14155,28.8934,0.84672,12.849,0.84672,3695.15,0,36.966,0.620938,0.216518,2.29274,2.97841,1.58106,3.28567,0.42336,36.966,0.42336,423.524,0,0.834494,0,0,1.05101,0.216518,1.028160,1,0,32.179,0,0,0,32.179,0
36.7177,2.12271,0,0,1.01463,0.186572,0.36288,3.6288,46.8068,0.79636,0,0,0.500639,0.22801,0,0.66528,12.849,1,0.710737,0.36288,0,16.6971,4.20903,12.1402,0.84672,12.849,0.84672,3695.15,0,36.966,0.621971,0.216518,2.29288,3.39551,1.06453,4.21841,0.42336,36.966,0.42336,423.524,0,0.752052,0,0,0.96857,0.216518,1.028160,1,0,16.3586,0,0,0,16.3586,0
35.036,2.09909,0,0,0.963239,0.182968,0.36288,3.6288,45.8851,1.03954,0,0,0.34484,0.227009,0,0.66528,12.849,1,0.734557,0.36288,0,15.2501,4.20903,10.6694,0.84672,12.849,0.84672,3695.15,0,36.966,0.820982,0.216518,2.20783,3.03831,1.06453,3.57714,0.42336,36.966,0.42336,423.524,0,0.309985,0,0,0.526503,0.216518,1.028160,1,0,14.2466,0,0,0,14.2466,0
34.3953,2.07345,0,0,1.97497,0.179311,0.36288,3.6288,45.7781,0.643276,0,0,0.761407,0.225096,0,0.66528,12.849,1,0.76041,0.36288,0,23.5564,4.20903,18.9499,0.84672,12.849,0.84672,3695.15,0,36.966,0.518236,0.292723,2.20796,4.34413,1.06453,5.26205,0.42336,36.966,0.42336,423.524,0,1.00911,0,0,1.30184,0.292723,1.028160,1,0,24.2119,0,0,0,24.2119,0
35.7352,2.06328,0,0,3.94398,0.177918,0.36288,3.6288,46.3864,0.632136,0,0,1.46527,0.224873,0,0.66528,12.849,1,0.770777,0.36288,0,43.424,4.20903,38.807,0.84672,12.849,0.84672,3695.15,0,36.966,0.510452,1.79464,2.20809,6.98895,1.06453,9.4167,0.42336,36.966,0.42336,423.524,0,1.02816,0,0,2.8228,1.79464,1.028160,1,0,48.2237,0,0,0,48.2237,0
35.3229,1.91094,0,0,2.06613,0.204689,0.36288,3.6288,46.1644,0.531483,0,0,0.525728,0.216223,0,0.66528,12.849,1,0.6871,0.36288,0,22.7568,4.08142,18.3512,0.84672,12.849,0.84672,3695.15,0,36.966,0.423546,0.633234,2.20822,4.04436,1.00983,5.45244,0.42336,36.966,0.42336,423.524,0,1.02816,0,0,1.66139,0.633234,1.028160,1,0,23.8036,0,0,0,23.8036,0
35.4465,1.9052,0,0,2.59992,0.208209,0.36288,3.6288,45.8699,0.530413,0,0,0.420245,0.184329,0,0.66528,12.849,1,0.693032,0.36288,0,29.2962,4.23013,24.7359,0.84672,12.849,0.84672,3695.15,0,36.966,0.424726,0.84164,2.01908,4.99505,1.11319,6.31786,0.42336,36.966,0.42336,423.524,0,1.02816,0,0,1.8698,0.84164,1.028160,1,0,31.0537,0,0,0,31.0537,0
36.1004,1.66127,0,0,2.88657,0.20852,0.36288,3.6288,45.4441,0.587011,0,0,0.344968,0.183827,0,0.66528,12.849,1,0.602192,0.36288,0,32.8015,4.23013,28.3321,0.84672,12.849,0.84672,3695.15,0,36.966,0.473065,0.412474,2.0192,3.82048,1.11319,4.6659,0.42336,36.966,0.42336,423.524,0,0.729225,0,0,1.1417,0.412474,1.028160,1,0,32.998,0,0,0,32.998,0
37.7907,1.66943,0,0,3.93277,0.210165,0.36288,3.6288,45.6421,0.476582,0,0,0.857688,0.183101,0,0.66528,12.849,1,0.594192,0.36288,0,44.8974,4.23013,40.436,0.84672,12.849,0.84672,3695.15,0,36.966,0.387671,0.412474,1.80659,4.40104,1.11319,5.11924,0.42336,36.966,0.42336,423.524,0,0.925145,0,0,1.33762,0.412474,1.028160,1,0,45.5552,0,0,0,45.5552,0
39.2863,1.68939,0,0,3.75401,0.20614,0.36288,3.6288,46.2608,0.420648,0,0,1.22233,0.182964,0,0.66528,12.849,1,0.574401,0.36288,0,49.3723,4.15013,45.0107,0.84672,12.849,0.84672,3695.15,0,36.966,0.340687,1.23603,1.80669,6.51256,1.0125,8.2021,0.42336,36.966,0.42336,423.524,0,1.02816,0,0,2.26419,1.23603,1.028160,1,0,53.2128,0,0,0,53.2128,0
42.0348,1.76658,0,0,5.06665,0.188699,0.36288,3.6288,47.0891,0.449962,0,0,1.46111,0.182825,0,0.66528,12.849,1,0.577778,0.36288,0,77.8913,3.9501,73.7263,0.84672,12.849,0.84672,3695.15,0,36.966,0.359555,2.17705,1.8068,8.68614,0.760765,11.5497,0.42336,36.966,0.42336,423.524,0,1.02816,0,0,3.20521,2.17705,1.028160,1,0,85.276,0,0,0,85.276,0
44.3594,1.79563,0,0,4.67799,0.1949,0.36288,3.6288,47.8552,0.453556,0,0,1.40382,0.184176,0,0.66528,12.849,1,0.54888,0.36288,0,71.5003,3.9501,67.3642,0.84672,12.849,0.84672,3695.15,0,36.966,0.356052,2.05505,1.85912,8.47714,0.760765,11.2745,0.42336,36.966,0.42336,423.524,0,1.02816,0,0,3.08321,2.05505,1.028160,1,0,78.6387,0,0,0,78.6387,0
46.8472,1.81806,0,0,4.90535,0.236574,0.36288,3.6288,48.6263,0.456824,0,0,1.4176,0.189624,0,0.66528,12.849,1,0.526613,0.36288,0,74.3187,4.21962,69.9353,0.84672,12.849,0.84672,3695.15,0,36.966,0.352876,2.08729,1.85922,8.83397,0.911567,11.516,0.42336,36.966,0.42336,423.524,0,1.02816,0,0,3.11545,2.08729,1.028160,1,0,81.4514,0,0,0,81.4514,0
49.38,1.84013,0,0,5.01488,0.279033,0.36288,3.6288,49.3337,0.460055,0,0,1.37824,0.210846,0,0.66528,12.849,1,0.5047,0.36288,0,76.1901,4.91244,71.1358,0.84672,12.849,0.84672,3695.15,0,36.966,0.349736,2.3057,1.85932,9.00953,1.33173,11.4931,0.42336,36.966,0.42336,423.524,0,1.02816,0,0,3.33386,2.3057,1.028160,1,0,82.6289,0,0,0,82.6289,0
50.4405,2.0657,0,0,3.71122,0.222165,0.36288,3.6288,49.7474,0.566192,0,0,1.19736,0.217422,0,0.66528,12.849,1,0.537508,0.36288,0,49.2302,4.3959,44.6597,0.84672,12.849,0.84672,3695.15,0,36.966,0.42425,1.30733,1.85942,7.89074,1.11017,9.52306,0.42336,36.966,0.42336,423.524,0,1.02816,0,0,2.33549,1.30733,1.028160,1,0,54.1827,0,0,0,54.1827,0
53.4342,2.07484,0,0,5.64493,0.213552,0.36288,3.6288,50.8182,0.568275,0,0,1.8576,0.218586,0,0.66528,12.849,1,0.528536,0.36288,0,69.6228,4.29618,65.161,0.84672,12.849,0.84672,3695.15,0,36.966,0.42227,2.81366,2.04741,9.62329,1.06472,12.9974,0.42336,36.966,0.42336,423.524,0,1.02816,0,0,3.84182,2.81366,1.028160,1,0,78.1584,0,0,0,78.1584,0
55.175,2.09885,0,0,4.42286,0.220281,0.36288,3.6288,51.3672,0.573484,0,0,1.34302,0.220509,0,0.66528,12.849,1,0.504699,0.36288,0,56.2343,4.29618,51.7963,0.84672,12.849,0.84672,3695.15,0,36.966,0.417162,2.31669,2.04752,7.22202,1.06472,10.1044,0.42336,36.966,0.42336,423.524,0,1.02816,0,0,3.34485,2.31669,1.028160,1,0,61.9007,0,0,0,61.9007,0
55.6627,2.11191,0,0,3.18664,0.224194,0.36288,3.6288,51.3455,0.576137,0,0,0.775979,0.221494,0,0.66528,12.849,1,0.491816,0.36288,0,40.4998,4.29618,36.0747,0.84672,12.849,0.84672,3695.15,0,36.966,0.414612,1.16611,2.04764,5.89877,1.06472,7.63318,0.42336,36.966,0.42336,423.524,0,1.02816,0,0,2.19427,1.16611,1.028160,1,0,43.7079,0,0,0,43.7079,0
56.6326,2.03159,0,0,3.61492,0.250494,0.36288,3.6288,51.7815,0.524694,0,0,1.18492,0.224322,0,0.66528,12.849,1,0.468966,0.36288,0,51.4159,3.11319,48.1966,0.84672,12.849,0.84672,3695.15,0,36.966,0.377751,2.21298,2.04775,7.78578,0.846432,10.8223,0.42336,36.966,0.42336,423.524,0,1.02816,0,0,3.24114,2.21298,1.028160,1,0,59.0189,0,0,0,59.0189,0
57.4282,1.82223,0,0,3.24637,0.265689,0.36288,3.6288,52.2395,0.436768,0,0,1.11778,0.222981,0,0.66528,12.849,1,0.413433,0.36288,0,56.8394,2.898,53.8908,0.84672,12.849,0.84672,3695.15,0,36.966,0.311802,1.72816,1.96019,6.88041,0.790842,9.46611,0.42336,36.966,0.42336,423.524,0,1.02816,0,0,2.75632,1.72816,1.028160,1,0,63.3569,0,0,0,63.3569,0
62.3358,1.82703,0,0,7.36121,0.263689,0.36288,3.6288,53.4527,0.43842,0,0,1.89898,0.247312,0,0.66528,12.849,1,0.40878,0.36288,0,54.7548,3.45334,51.2555,0.84672,12.849,0.84672,3695.15,0,36.966,0.310237,3.72781,1.79166,16.1449,0.942219,20.4119,0.42336,36.966,0.42336,423.524,0,1.02816,0,0,4.75597,3.72781,1.028160,1,0,71.6675,0,0,0,71.6675,0
65.5405,1.85384,0,0,5.65877,0.237352,0.36288,3.6288,54.2885,0.442635,0,0,1.52798,0.249532,0,0.66528,12.849,1,0.382123,0.36288,0,112.073,4.61384,107.44,0.84672,12.849,0.84672,3695.15,0,36.966,0.30611,2.85467,1.79176,11.7965,1.18253,14.9542,0.42336,36.966,0.42336,423.524,0,1.02816,0,0,3.88283,2.85467,1.028160,1,0,122.394,0,0,0,122.394,0
68.4509,1.86959,0,0,5.40342,0.260588,0.36288,3.6288,55.2759,0.445491,0,0,1.65573,0.222847,0,0.66528,12.849,1,0.366526,0.36288,0,117.371,4.42241,112.945,0.84672,12.849,0.84672,3695.15,0,36.966,0.303342,2.39966,1.79186,9.28774,1.05736,12.1186,0.42336,36.966,0.42336,423.524,0,1.02816,0,0,3.42782,2.39966,1.028160,1,0,125.063,0,0,0,125.063,0
71.7752,2.25016,0,0,6.23809,0.300766,0.36288,3.6288,56.364,0.604335,0,0,1.91024,0.217826,0,0.66528,12.849,1,0.42238,0.36288,0,93.2723,4.11023,89.1025,0.84672,12.849,0.84672,3695.15,0,36.966,0.404151,2.30114,1.79195,10.0584,0.980245,12.7671,0.42336,36.966,0.42336,423.524,0,1.02816,0,0,3.3293,2.30114,1.028160,1,0,101.87,0,0,0,101.87,0
72.29,2.2669,0,0,6.0345,0.30858,2.94417,3.6288,57.4043,0.609109,0,0,1.86881,0.219384,0,0.66528,12.849,1,0.405815,2.94417,0,73.3571,4.11023,71.7852,0.84672,12.849,0.84672,3695.15,0,36.966,0.39948,2.65091,2.07435,15.0667,0.980245,18.4122,0.42336,36.966,0.42336,423.524,0,1.02816,0,0,3.67907,2.65091,1.028160,1,0,90.1974,0,0,0,90.1974,0
72.29,2.26951,0,0,4.42813,0.285956,1.87267,3.6288,57.8986,0.613576,0,0,1.3378,0.229985,0,0.66528,12.849,1,0.403388,1.87267,0,67.4697,3.99569,64.9433,0.84672,12.849,0.84672,3695.15,0,36.966,0.395117,1.41031,2.07446,7.76892,0.982108,9.87646,0.42336,36.966,0.42336,423.524,0,1.02816,0,0,2.43847,1.41031,1.028160,1,0,74.8197,0,0,0,74.8197,0
72.29,2.26966,0,0,3.87879,0.230093,1.37904,3.6288,58.2728,0.615697,0,0,1.23911,0.249228,0,0.66528,12.849,1,0.403414,1.37904,0,87.9341,3.68785,85.2219,0.84672,12.849,0.84672,3695.15,0,36.966,0.393099,1.42312,2.07457,6.94538,0.992689,9.05728,0.42336,36.966,0.42336,423.524,0,1.02816,0,0,2.45128,1.42312,1.028160,1,0,94.2792,0,0,0,94.2792,0
72.29,2.23499,0,0,3.12322,0.252417,0.635819,3.6288,58.4487,0.601367,0,0,1.00096,0.223687,0,0.66528,12.849,1,0.397252,0.635819,0,53.8243,3.55898,50.5039,0.84672,12.849,0.84672,3695.15,0,36.966,0.381484,1.24395,2.07469,5.94858,1.02823,7.85751,0.42336,36.966,0.42336,423.524,0,1.02816,0,0,2.27211,1.24395,1.028160,1,0,58.3614,0,0,0,58.3614,0
72.257,2.23513,0,0,2.81739,0.252417,0.36288,3.6288,58.6219,0.602133,0,0,0.999354,0.223941,0,0.66528,12.849,1,0.397278,0.36288,0,49.6317,3.55898,46.0383,0.84672,12.849,0.84672,3695.15,0,36.966,0.38082,1.14262,2.04699,5.83629,1.02823,7.61686,0.42336,36.966,0.42336,423.524,0,1.02816,0,0,2.17078,1.14262,1.028160,1,0,53.6552,0,0,0,53.6552,0
72.29,2.23513,0,0,3.18573,0.246274,0.671289,3.6288,58.6732,0.602885,0,0,0.881202,0.227108,0,0.66528,12.849,1,0.397459,0.671289,0,52.572,3.7929,49.0529,0.84672,12.849,0.84672,3695.15,0,36.966,0.380169,0.93547,2.0471,7.42925,1.03745,8.9942,0.42336,36.966,0.42336,423.524,0,1.02816,0,0,1.96363,0.93547,1.028160,1,0,58.0471,0,0,0,58.0471,0
72.1835,2.23543,0,0,2.70164,0.209843,0.36288,3.6288,58.6901,0.603152,0,0,0.864743,0.244689,0,0.66528,12.849,1,0.397331,0.36288,0,43.925,5.19645,38.6941,0.84672,12.849,0.84672,3695.15,0,36.966,0.380005,1.00086,2.04721,5.93758,1.09278,7.51286,0.42336,36.966,0.42336,423.524,0,1.02816,0,0,2.02902,1.00086,1.028160,1,0,46.2069,0,0,0,46.2069,0
71.6441,2.35329,0,0,2.34529,0.1685,0.36288,3.6288,58.5722,0.659973,0,0,0.779579,0.23746,0,0.66528,12.849,1,0.418896,0.36288,0,33.4783,4.66584,28.7564,0.84672,12.849,0.84672,3695.15,0,36.966,0.415685,0.956094,2.04732,5.07208,1.12216,6.53765,0.42336,36.966,0.42336,423.524,0,1.02816,0,0,1.98425,0.956094,1.028160,1,0,35.2941,0,0,0,35.2941,0
71.0156,2.35077,0,0,2.26837,0.18322,0.36288,3.6288,58.3917,0.659526,0,0,0.703788,0.224724,0,0.66528,12.849,1,0.421598,0.36288,0,32.0801,4.28652,27.7348,0.84672,12.849,0.84672,3695.15,0,36.966,0.416239,0.823997,2.14492,4.48689,1.06292,5.97664,0.42336,36.966,0.42336,423.524,0,1.02816,0,0,1.85216,0.823997,1.028160,1,0,33.7115,0,0,0,33.7115,0
70.1254,2.34776,0,0,1.9885,0.168085,0.36288,3.6288,58.1549,0.658804,0,0,0.655646,0.233733,0,0.66528,12.849,1,0.424785,0.36288,0,28.6616,4.39362,24.2061,0.84672,12.849,0.84672,3695.15,0,36.966,0.417068,0.698674,2.14503,4.35324,1.09029,5.68959,0.42336,36.966,0.42336,423.524,0,1.02816,0,0,1.72683,0.698674,1.028160,1,0,29.8957,0,0,0,29.8957,0
69.1689,2.34336,0,0,1.88131,0.131539,0.36288,3.6288,57.8709,0.657831,0,0,0.630366,0.256514,0,0.66528,12.849,1,0.429371,0.36288,0,26.2006,4.66137,21.4728,0.84672,12.849,0.84672,3695.15,0,36.966,0.418149,0.615306,2.14515,4.18789,1.1587,5.3715,0.42336,36.966,0.42336,423.524,0,1.02816,0,0,1.64347,0.615306,1.028160,1,0,26.8443,0,0,0,26.8443,0
68.4026,2.33851,0,0,2.04878,0.11366,0.36288,3.6288,57.6573,0.656644,0,0,0.712333,0.269294,0,0.66528,12.849,1,0.434407,0.36288,0,32.6354,5.17046,27.3934,0.84672,12.849,0.84672,3695.15,0,36.966,0.419443,0.968121,2.14527,4.72198,1.25523,6.16069,0.42336,36.966,0.42336,423.524,0,1.02816,0,0,1.99628,0.968121,1.028160,1,0,33.5541,0,0,0,33.5541,0
67.8,2.31138,0,0,2.16344,0.091823,0.36288,3.6288,57.4838,0.66528,0,0,0.778231,0.286452,0,0.66528,12.849,1,0.434177,0.36288,0,39.5029,5.7518,33.6799,0.84672,12.849,0.84672,3695.15,0,36.966,0.461713,1.10214,2.14539,4.03449,1.37125,5.44906,0.42336,36.966,0.42336,423.524,0,1.02816,0,0,2.1303,1.10214,1.028160,1,0,39.1289,0,0,0,39.1289,0
67.0335,2.30828,0,0,1.99606,0.0913904,0.36288,3.6288,57.2895,0.66528,0,0,0.757097,0.28613,0,0.66528,12.849,1,0.437451,0.36288,0,35.6953,5.7518,29.8689,0.84672,12.849,0.84672,3695.15,0,36.966,0.461824,0.988891,2.17959,3.79894,1.37125,5.13434,0.42336,36.966,0.42336,423.524,0,1.02816,0,0,2.01705,0.988891,1.028160,1,0,35.0033,0,0,0,35.0033,0
66.1428,2.30424,0,0,1.86721,0.0908401,0.36288,3.6288,57.0328,0.66528,0,0,0.694397,0.28577,0,0.66528,12.849,1,0.441677,0.36288,0,32.5527,5.7518,26.7221,0.84672,12.849,0.84672,3695.15,0,36.966,0.461935,0.761754,2.17971,3.70194,1.37125,4.81021,0.42336,36.966,0.42336,423.524,0,1.02816,0,0,1.78991,0.761754,1.028160,1,0,31.5323,0,0,0,31.5323,0
65.2001,2.29941,0,0,1.80981,0.0902007,0.36288,3.6288,56.7509,0.66528,0,0,0.668701,0.285294,0,0.66528,12.849,1,0.446687,0.36288,0,29.018,5.7518,23.1824,0.84672,12.849,0.84672,3695.15,0,36.966,0.462045,0.660606,2.17983,3.6633,1.37125,4.67044,0.42336,36.966,0.42336,423.524,0,1.02816,0,0,1.68877,0.660606,1.028160,1,0,27.8528,0,0,0,27.8528,0
63.8605,2.35361,0,0,1.43878,0.0618527,0.36288,3.6288,56.3448,0.66528,0,0,0.552811,0.293641,0,0.66528,12.849,1,0.463826,0.36288,0,25.2634,5.66601,19.4965,0.84672,12.849,0.84672,3695.15,0,36.966,0.507439,0.335362,2.17995,2.78207,1.41953,3.37041,0.42336,36.966,0.42336,423.524,0,1.02816,0,0,1.36352,0.335362,1.028160,1,0,22.8669,0,0,0,22.8669,0
62.4684,2.34566,0,0,1.37757,0.0611883,0.36288,3.6288,55.9271,0.66528,0,0,0.540394,0.292864,0,0.66528,12.849,1,0.471956,0.36288,0,23.6405,5.66601,17.8654,0.84672,12.849,0.84672,3695.15,0,36.966,0.507553,0.362871,2.22839,2.85933,1.41953,3.5235,0.42336,36.966,0.42336,423.524,0,1.02816,0,0,1.39103,0.362871,1.028160,1,0,21.3889,0,0,0,21.3889,0
60.9091,2.33709,0,0,1.20123,0.0604978,0.36288,3.6288,55.4793,0.66528,0,0,0.509595,0.292066,0,0.66528,12.849,1,0.480712,0.36288,0,22.3976,5.66601,16.6138,0.84672,12.849,0.84672,3695.15,0,36.966,0.507666,0.233677,2.22851,2.73213,1.41953,3.26712,0.42336,36.966,0.42336,423.524,0,1.02816,0,0,1.26184,0.233677,1.028160,1,0,19.8809,0,0,0,19.8809,0
59.2717,2.32708,0,0,1.10779,0.0552463,0.36288,3.6288,54.9717,0.71477,0,0,0.500837,0.293705,0,0.66528,12.849,1,0.490906,0.36288,0,21.1303,5.74079,15.2615,0.84672,12.849,0.84672,3695.15,0,36.966,0.507779,0.227405,2.22863,2.70727,1.43447,3.22105,0.42336,36.966,0.42336,423.524,0,0.97867,0,0,1.20607,0.227405,1.028160,1,0,18.4826,0,0,0,18.4826,0
57.235,2.48737,0,0,0.849709,0.0361282,0.36288,3.6288,54.1688,0.94792,0,0,0.439782,0.294707,0,0.66528,12.849,1,0.539215,0.36288,0,17.6397,5.85507,11.6083,0.84672,12.849,0.84672,3695.15,0,36.966,0.671383,0.227405,2.22875,2.32933,1.48558,2.62852,0.42336,36.966,0.42336,423.524,0,0.74552,0,0,0.972924,0.227405,1.028160,1,0,14.2368,0,0,0,14.2368,0
55.0825,2.47186,0,0,0.717379,0.0351692,0.36288,3.6288,53.1405,1.09404,0,0,0.354738,0.289002,0,0.66528,12.849,1,0.554921,0.36288,0,14.3352,5.70455,8.43864,0.84672,12.849,0.84672,3695.15,0,36.966,0.7466,0.227405,2.39424,2.06022,1.50868,2.42659,0.42336,36.966,0.42336,423.524,0,0.524301,0,0,0.751706,0.227405,1.028160,1,0,10.8652,0,0,0,10.8652,0
52.9631,2.45444,0,0,0.73237,0.0344256,0.36288,3.6288,52.1034,1.09008,0,0,0.339732,0.286774,0,0.66528,12.849,1,0.572543,0.36288,0,13.2258,5.70455,7.31156,0.84672,12.849,0.84672,3695.15,0,36.966,0.75829,0.204422,2.39438,2.11209,1.50868,2.44392,0.42336,36.966,0.42336,423.524,0,0.516698,0,0,0.72112,0.204422,1.028160,1,0,9.75548,0,0,0,9.75548,0
51.2175,2.43616,0,0,1.09142,0.0379969,0.36288,3.6288,51.2273,0.994962,0,0,0.402208,0.283389,0,0.66528,12.849,1,0.591019,0.36288,0,17.0249,5.67486,11.1219,0.84672,12.849,0.84672,3695.15,0,36.966,0.7059,0.204422,2.39451,2.31478,1.50504,2.70277,0.42336,36.966,0.42336,423.524,0,0.66433,0,0,0.868752,0.204422,1.028160,1,0,13.8247,0,0,0,13.8247,0
49.7076,2.42022,0,0,1.3252,0.0520773,0.36288,3.6288,50.6699,0.832525,0,0,0.533606,0.258446,0,0.66528,12.849,1,0.607163,0.36288,0,21.8567,5.41458,16.1978,0.84672,12.849,0.84672,3695.15,0,36.966,0.671875,0.204422,2.39464,2.66407,1.45307,3.13819,0.42336,36.966,0.42336,423.524,0,0.860915,0,0,1.06534,0.204422,1.028160,1,0,19.336,0,0,0,19.336,0
47.6826,2.32499,0,0,0.695123,0.032219,0.36288,3.6288,50.2795,0.66528,0,0,0.493068,0.218163,0,0.66528,12.849,1,0.60099,0.36288,0,14.9596,5.07549,9.64596,0.84672,12.849,0.84672,3695.15,0,36.966,0.572736,0.21937,2.39477,2.42914,1.37957,3.09099,0.42336,36.966,0.42336,423.524,0,1.02816,0,0,1.24753,0.21937,1.028160,1,0,12.7369,0,0,0,12.7369,0
45.6593,2.30503,0,0,0.676172,0.0315208,0.36288,3.6288,49.749,0.769176,0,0,0.456144,0.217469,0,0.66528,12.849,1,0.621136,0.36288,0,13.6652,5.07549,8.33145,0.84672,12.849,0.84672,3695.15,0,36.966,0.572853,0.216518,2.29918,2.38688,1.37957,2.95015,0.42336,36.966,0.42336,423.524,0,0.924264,0,0,1.14078,0.216518,1.028160,1,0,11.2816,0,0,0,11.2816,0
44.2338,2.2837,0,0,1.35931,0.138233,0.36288,3.6288,49.9434,0.66528,0,0,0.978322,0.118693,0,0.66528,12.849,1,0.642658,0.36288,0,37.1551,3.62208,33.2533,0.84672,12.849,0.84672,3695.15,0,36.966,0.57297,0.611505,2.2993,6.01394,0.92528,7.4265,0.42336,36.966,0.42336,423.524,0,1.02816,0,0,1.63966,0.611505,1.028160,1,0,40.6797,0,0,0,40.6797,0
43.6095,2.2678,0,0,2.14237,0.136026,0.36288,3.6288,50.0374,0.66528,0,0,0.878183,0.118882,0,0.66528,12.849,1,0.65875,0.36288,0,42.0561,3.62208,38.1381,0.84672,12.849,0.84672,3695.15,0,36.966,0.573087,0.890387,2.29943,3.90679,0.92528,5.59824,0.42336,36.966,0.42336,423.524,0,1.02816,0,0,1.91855,0.890387,1.028160,1,0,43.7364,0,0,0,43.7364,0
42.6072,2.19624,0,0,1.71829,0.161427,0.36288,3.6288,49.8104,0.660301,0,0,0.560571,0.127225,0,0.66528,12.849,1,0.647094,0.36288,0,34.0984,2.80164,31.0126,0.84672,12.849,0.84672,3695.15,0,36.966,0.487809,0.568529,2.29956,3.61514,0.733986,5.26143,0.42336,36.966,0.42336,423.524,0,1.02816,0,0,1.59669,0.568529,1.028160,1,0,36.274,0,0,0,36.274,0
42.5391,2.18469,0,0,2.6434,0.163917,0.36288,3.6288,49.8249,0.659089,0,0,0.801956,0.128361,0,0.66528,12.849,1,0.658833,0.36288,0,36.6347,2.6649,33.6739,0.84672,12.849,0.84672,3695.15,0,36.966,0.489132,0.872925,2.21423,4.93422,0.702104,6.83013,0.42336,36.966,0.42336,423.524,0,1.02816,0,0,1.90109,0.872925,1.028160,1,0,40.504,0,0,0,40.504,0
42.1008,2.18402,0,0,2.27231,0.163787,0.36288,3.6288,50.231,0.659235,0,0,1.19368,0.128376,0,0.66528,12.849,1,0.659686,0.36288,0,61.8903,2.6649,58.9286,0.84672,12.849,0.84672,3695.15,0,36.966,0.489098,0.928325,2.21435,5.97323,0.702104,7.9247,0.42336,36.966,0.42336,423.524,0,1.02816,0,0,1.95648,0.928325,1.028160,1,0,66.8533,0,0,0,66.8533,0
41.6496,2.1789,0,0,2.2948,0.204203,0.36288,3.6288,50.8377,0.661577,0,0,1.39868,0.130396,0,0.66528,12.849,1,0.664993,0.36288,0,55.8084,3.45474,52.0515,0.84672,12.849,0.84672,3695.15,0,36.966,0.486868,1.56549,2.21447,6.67939,0.904409,9.06807,0.42336,36.966,0.42336,423.524,0,1.02816,0,0,2.59365,1.56549,1.028160,1,0,61.1196,0,0,0,61.1196,0
41.741,1.99244,0,0,2.66115,0.214436,0.36288,3.6288,50.9966,0.556,0,0,0.859584,0.144715,0,0.66528,12.849,1,0.614673,0.36288,0,49.4167,3.8796,45.2853,0.84672,12.849,0.84672,3695.15,0,36.966,0.404288,0.869867,2.21459,7.16127,1.00714,8.8343,0.42336,36.966,0.42336,423.524,0,1.02816,0,0,1.89803,0.869867,1.028160,1,0,54.1196,0,0,0,54.1196,0
40.6119,1.9936,0,0,1.44304,0.215611,0.36288,3.6288,50.7278,0.649782,0,0,0.542523,0.161548,0,0.66528,12.849,1,0.613685,0.36288,0,28.5618,3.94296,24.368,0.84672,12.849,0.84672,3695.15,0,36.966,0.471009,0.292723,2.02485,3.22716,0.928133,4.14559,0.42336,36.966,0.42336,423.524,0,0.867758,0,0,1.16048,0.292723,1.028160,1,0,28.5136,0,0,0,28.5136,0
40.9725,1.92973,0,0,2.86641,0.213248,0.36288,3.6288,50.9298,0.533083,0,0,0.903718,0.168661,0,0.66528,12.849,1,0.610536,0.36288,0,58.0136,4.0634,53.7026,0.84672,12.849,0.84672,3695.15,0,36.966,0.388464,0.853597,2.02496,4.95538,0.975634,6.46983,0.42336,36.966,0.42336,423.524,0,1.02816,0,0,1.88176,0.853597,1.028160,1,0,60.1724,0,0,0,60.1724,0
41.1791,1.7293,0,0,2.51268,0.213901,0.36288,3.6288,50.8488,0.559599,0,0,0.701269,0.22266,0,0.66528,12.849,1,0.542311,0.36288,0,50.4469,4.78006,45.4874,0.84672,12.849,0.84672,3695.15,0,36.966,0.40617,0.412474,1.98239,4.86302,1.23842,5.6133,0.42336,36.966,0.42336,423.524,0,0.828256,0,0,1.24073,0.412474,1.028160,1,0,51.1007,0,0,0,51.1007,0
43.0721,1.73149,0,0,4.18058,0.193159,0.36288,3.6288,51.6655,0.443523,0,0,1.45301,0.192745,0,0.66528,12.849,1,0.540273,0.36288,0,76.7071,3.73616,72.7936,0.84672,12.849,0.84672,3695.15,0,36.966,0.322432,1.39155,1.81176,7.45939,0.9063,9.43397,0.42336,36.966,0.42336,423.524,0,1.02816,0,0,2.41971,1.39155,1.028160,1,0,82.2276,0,0,0,82.2276,0
48.068,1.81201,0,0,7.37243,0.201656,0.36288,3.6288,53.1223,0.474663,0,0,2.14967,0.218193,0,0.66528,12.849,1,0.540549,0.36288,0,135.914,4.12325,131.613,0.84672,12.849,0.84672,3695.15,0,36.966,0.339615,1.51578,1.81186,11.8704,1.13395,13.7245,0.42336,36.966,0.42336,423.524,0,1.02816,0,0,2.54394,1.51578,1.028160,1,0,145.338,0,0,0,145.338,0
52.1008,1.85646,0,0,6.46544,0.213274,0.36288,3.6288,54.3329,0.480204,0,0,1.91151,0.220764,0,0.66528,12.849,1,0.496248,0.36288,0,104.068,4.12325,99.8113,0.84672,12.849,0.84672,3695.15,0,36.966,0.334157,1.07188,1.86434,10.3882,1.13395,11.8563,0.42336,36.966,0.42336,423.524,0,1.02816,0,0,2.10004,1.07188,1.028160,1,0,111.668,0,0,0,111.668,0
56.7138,1.88739,0,0,7.10827,0.244977,0.36288,3.6288,55.1586,0.484684,0,0,1.52639,0.215928,0,0.66528,12.849,1,0.465464,0.36288,0,113.341,4.19921,109.039,0.84672,12.849,0.84672,3695.15,0,36.966,0.329761,0.856267,1.86443,12.5333,1.2664,13.6578,0.42336,36.966,0.42336,423.524,0,1.02816,0,0,1.88443,0.856267,1.028160,1,0,122.697,0,0,0,122.697,0
59.6452,2.20099,0,0,5.76952,0.274257,0.36288,3.6288,55.7819,0.608082,0,0,1.44329,0.21196,0,0.66528,12.849,1,0.498653,0.36288,0,100.678,4.25618,96.2856,0.84672,12.849,0.84672,3695.15,0,36.966,0.407522,0.72036,1.86452,9.29102,1.36574,10.1026,0.42336,36.966,0.42336,423.524,0,1.02816,0,0,1.74852,0.72036,1.028160,1,0,106.388,0,0,0,106.388,0
61.3087,2.46221,0,0,4.79062,0.302051,0.36288,3.6288,56.7831,0.66528,0,0,1.83514,0.168642,0,0.66528,12.849,1,0.530419,0.36288,0,125.726,3.17992,122.378,0.84672,12.849,0.84672,3695.15,0,36.966,0.555178,1.73539,2.08493,10.6679,0.918573,13.0145,0.42336,36.966,0.42336,423.524,0,1.02816,0,0,2.76355,1.73539,1.028160,1,0,135.393,0,0,0,135.393,0
62.9223,2.47426,0,0,4.76534,0.314572,0.36288,3.6288,57.4557,0.66528,0,0,1.4899,0.151958,0,0.66528,12.849,1,0.518552,0.36288,0,85.8185,2.74942,82.9134,0.84672,12.849,0.84672,3695.15,0,36.966,0.555283,1.08575,2.2981,11.3239,0.739708,13.4128,0.42336,36.966,0.42336,423.524,0,1.02816,0,0,2.11391,1.08575,1.028160,1,0,96.3262,0,0,0,96.3262,0
66.0713,2.48545,0,0,6.3136,0.316361,0.36288,3.6288,58.8781,0.66528,0,0,2.24566,0.158021,0,0.66528,12.849,1,0.507539,0.36288,0,124.133,2.88047,121.107,0.84672,12.849,0.84672,3695.15,0,36.966,0.555388,2.44461,2.29822,13.0781,0.780704,16.4848,0.42336,36.966,0.42336,423.524,0,1.02816,0,0,3.47277,2.44461,1.028160,1,0,137.592,0,0,0,137.592,0
69.9033,2.50585,0,0,7.01039,0.309649,0.36288,3.6288,60.9804,0.66528,0,0,2.95971,0.192164,0,0.66528,12.849,1,0.487317,0.36288,0,126.756,3.66671,122.965,0.84672,12.849,0.84672,3695.15,0,36.966,0.555494,4.31378,2.29833,16.0884,1.02668,21.1183,0.42336,36.966,0.42336,423.524,0,1.02816,0,0,5.34194,4.31378,1.028160,1,0,144.083,0,0,0,144.083,0
72.29,2.17568,0,0,8.34956,0.317564,3.46959,3.6288,61.308,0.588989,0,0,4.09787,0.163081,3.01817,0.66528,12.849,1,0.399914,3.46959,0,123.53,3.50418,123.096,0.84672,12.849,0.84672,3695.15,0,36.966,0.357042,4.72082,2.29845,15.7569,0.906335,21.5127,0.42336,36.966,0.42336,423.524,0,1.02816,0,0,5.74898,4.72082,1.028160,1,0,147.627,0,0,0,147.627,0
72.29,2.18702,0,0,5.7989,0.322796,3.28909,3.6288,61.308,0.590236,0,0,1.94136,0.150723,1.2004,0.66528,12.849,1,0.388726,3.28909,0,85.5611,3.43917,85.0222,0.84672,12.849,0.84672,3695.15,0,36.966,0.355886,2.08244,2.00793,9.01178,0.858197,11.8881,0.42336,36.966,0.42336,423.524,0,1.02816,0,0,3.1106,2.08244,1.028160,1,0,98.1107,0,0,0,98.1107,0
72.29,2.18715,0,0,4.74006,0.322796,2.23011,3.6288,61.308,0.590292,0,0,1.62286,0.150723,0.881845,0.66528,12.849,1,0.38875,2.23011,0,74.3023,3.43917,72.7045,0.84672,12.849,0.84672,3695.15,0,36.966,0.35592,1.4297,2.00802,6.84269,0.858197,9.0663,0.42336,36.966,0.42336,423.524,0,1.02816,0,0,2.45786,1.4297,1.028160,1,0,82.6526,0,0,0,82.6526,0
72.29,2.18728,0,0,5.92239,0.322796,3.41231,3.6288,61.308,0.590349,0,0,2.1317,0.150723,1.39062,0.66528,12.849,1,0.388773,3.41231,0,98.4986,3.43917,98.083,0.84672,12.849,0.84672,3695.15,0,36.966,0.355954,2.12865,2.00812,7.78383,0.858197,10.7065,0.42336,36.966,0.42336,423.524,0,1.02816,0,0,3.15681,2.12865,1.028160,1,0,110.18,0,0,0,110.18,0
72.29,2.18742,0,0,8.35557,0.318128,5.85003,3.6288,61.308,0.590405,0,0,2.93553,0.137549,2.20758,0.66528,12.849,1,0.388797,5.85003,0,142.382,3.39578,144.447,0.84672,12.849,0.84672,3695.15,0,36.966,0.355988,3.68904,2.00822,14.6008,0.823846,19.1182,0.42336,36.966,0.42336,423.524,0,1.02816,0,0,4.7172,3.68904,1.028160,1,0,165.773,0,0,0,165.773,0
72.29,2.27686,0,0,6.66151,0.31363,4.07102,3.6288,61.308,0.63242,0,0,2.86791,0.16475,2.07074,0.66528,12.849,1,0.404694,4.07102,0,87.4178,4.22866,86.8555,0.84672,12.849,0.84672,3695.15,0,36.966,0.381321,3.32935,2.00832,9.10647,0.899197,13.1636,0.42336,36.966,0.42336,423.524,0,1.02816,0,0,4.35751,3.32935,1.028160,1,0,102.09,0,0,0,102.09,0
72.29,2.277,0,0,4.31311,0.31363,1.72249,3.6288,61.308,0.632478,0,0,1.95128,0.16475,1.15405,0.66528,12.849,1,0.404719,1.72249,0,53.7346,4.22866,50.8237,0.84672,12.849,0.84672,3695.15,0,36.966,0.381356,1.72321,2.0801,7.08731,0.899197,9.61006,0.42336,36.966,0.42336,423.524,0,1.02816,0,0,2.75137,1.72321,1.028160,1,0,61.5878,0,0,0,61.5878,0
72.29,2.27713,0,0,3.52046,0.31363,0.929699,3.6288,61.308,0.632537,0,0,1.59837,0.16475,0.801078,0.66528,12.849,1,0.404743,0.929699,0,42.06,4.22866,38.3563,0.84672,12.849,0.84672,3695.15,0,36.966,0.381392,1.29905,2.0802,6.60692,0.899197,8.70558,0.42336,36.966,0.42336,423.524,0,1.02816,0,0,2.32721,1.29905,1.028160,1,0,47.863,0,0,0,47.863,0
72.29,2.27727,0,0,3.60114,0.24765,1.07622,3.6288,61.308,0.632596,0,0,1.58015,0.144376,0.80318,0.66528,12.849,1,0.404768,1.07622,0,49.5807,3.1447,47.1075,0.84672,12.849,0.84672,3695.15,0,36.966,0.381427,1.18352,2.0803,6.38684,0.774462,8.49477,0.42336,36.966,0.42336,423.524,0,1.02816,0,0,2.21168,1.18352,1.028160,1,0,56.4054,0,0,0,56.4054,0
72.29,2.24248,0,0,3.16145,0.283803,0.635169,3.6288,61.308,0.642853,0,0,1.24927,0.181534,0.424888,0.66528,12.849,1,0.398584,0.635169,0,41.3425,4.25529,37.3238,0.84672,12.849,0.84672,3695.15,0,36.966,0.387612,0.528595,2.0804,4.66363,0.995115,5.8899,0.42336,36.966,0.42336,423.524,0,0.985686,0,0,1.51428,0.528595,1.028160,1,0,43.6386,0,0,0,43.6386,0
72.29,2.24262,0,0,2.86509,0.220533,0.401944,3.6288,61.308,0.717568,0,0,1.03395,0.217721,0.0986597,0.66528,12.849,1,0.398608,0.401944,0,37.3823,4.5913,32.7943,0.84672,12.849,0.84672,3695.15,0,36.966,0.432662,0.528595,2.05261,4.28356,1.01718,5.41492,0.42336,36.966,0.42336,423.524,0,0.866013,0,0,1.39461,0.528595,1.028160,1,0,38.3079,0,0,0,38.3079,0
72.2741,2.24275,0,0,2.78216,0.192444,0.36288,3.6288,61.308,0.616471,0,0,1.11783,0.2308,0.270554,0.66528,12.849,1,0.398632,0.36288,0,36.0552,4.70663,31.3128,0.84672,12.849,0.84672,3695.15,0,36.966,0.371705,0.466966,2.05271,4.74045,1.02407,5.86435,0.42336,36.966,0.42336,423.524,0,1.02816,0,0,1.49513,0.466966,1.028160,1,0,37.4477,0,0,0,37.4477,0
72.0634,2.24281,0,0,2.58739,0.19242,0.36288,3.6288,61.308,0.664533,0,0,1.03435,0.2308,0.139013,0.66528,12.849,1,0.398731,0.36288,0,32.9801,4.70663,28.2376,0.84672,12.849,0.84672,3695.15,0,36.966,0.400684,0.402797,2.05282,4.37706,1.02407,5.40792,0.42336,36.966,0.42336,423.524,0,0.951212,0,0,1.35401,0.402797,1.028160,1,0,33.7845,0,0,0,33.7845,0
71.6441,2.36048,0,0,2.48253,0.178433,0.36288,3.6288,61.308,0.802593,0,0,1.06085,0.237512,0.0207399,0.66528,12.849,1,0.420878,0.36288,0,32.697,4.8178,27.8212,0.84672,12.849,0.84672,3695.15,0,36.966,0.483928,0.402797,2.05292,3.96745,1.06833,4.87091,0.42336,36.966,0.42336,423.524,0,0.822675,0,0,1.22547,0.402797,1.028160,1,0,32.7128,0,0,0,32.7128,0
70.9863,2.35854,0,0,2.23125,0.167637,0.36288,3.6288,61.0426,0.899961,0,0,0.877107,0.242546,0,0.66528,12.849,1,0.422992,0.36288,0,28.669,4.90119,23.7077,0.84672,12.849,0.84672,3695.15,0,36.966,0.542636,0.402797,2.15079,3.49684,1.10153,4.40626,0.42336,36.966,0.42336,423.524,0,0.666697,0,0,1.06949,0.402797,1.028160,1,0,28.1139,0,0,0,28.1139,0
70.0714,2.35536,0,0,1.95595,0.152543,0.36288,3.6288,60.7278,0.880337,0,0,0.817111,0.251566,0,0.66528,12.849,1,0.426336,0.36288,0,25.6141,5.00829,20.5423,0.84672,12.849,0.84672,3695.15,0,36.966,0.533112,0.30119,2.1509,3.39269,1.1289,4.18278,0.42336,36.966,0.42336,423.524,0,0.695943,0,0,0.997134,0.30119,1.028160,1,0,24.7251,0,0,0,24.7251,0
69.0922,2.3508,0,0,1.85052,0.116088,0.36288,3.6288,60.3302,0.9086,0,0,0.785601,0.274587,0,0.66528,12.849,1,0.431066,0.36288,0,23.4147,5.27604,18.0705,0.84672,12.849,0.84672,3695.15,0,36.966,0.55308,0.30119,2.15101,3.26383,1.19731,3.96564,0.42336,36.966,0.42336,423.524,0,0.64781,0,0,0.949,0.30119,1.028160,1,0,22.0362,0,0,0,22.0362,0
67.9331,2.34579,0,0,1.66772,0.118109,0.36288,3.6288,59.827,0.934838,0,0,0.700497,0.268904,0,0.66528,12.849,1,0.436243,0.36288,0,23.1302,5.15508,17.9018,0.84672,12.849,0.84672,3695.15,0,36.966,0.572801,0.30119,2.15111,3.27187,1.18934,3.96204,0.42336,36.966,0.42336,423.524,0,0.601949,0,0,0.903139,0.30119,1.028160,1,0,21.8638,0,0,0,21.8638,0
66.5765,2.31644,0,0,1.44685,0.124224,0.36288,3.6288,59.1247,0.984714,0,0,0.538022,0.255609,0,0.66528,12.849,1,0.438135,0.36288,0,22.876,4.85268,17.948,0.84672,12.849,0.84672,3695.15,0,36.966,0.608437,0.30119,2.15122,2.74997,1.1694,3.42454,0.42336,36.966,0.42336,423.524,0,0.567484,0,0,0.868674,0.30119,1.028160,1,0,21.3726,0,0,0,21.3726,0
65.1112,2.30909,0,0,1.32962,0.122902,0.36288,3.6288,58.4372,0.95554,0,0,0.522559,0.254463,0,0.66528,12.849,1,0.445646,0.36288,0,22.5147,4.85268,17.5793,0.84672,12.849,0.84672,3695.15,0,36.966,0.597424,0.261274,2.18551,2.77302,1.1694,3.45298,0.42336,36.966,0.42336,423.524,0,0.607772,0,0,0.869046,0.261274,1.028160,1,0,21.0322,0,0,0,21.0322,0
63.5363,2.30085,0,0,1.21028,0.121474,0.36288,3.6288,57.6502,1.02239,0,0,0.48875,0.253342,0,0.66528,12.849,1,0.454049,0.36288,0,21.6138,4.85268,16.67,0.84672,12.849,0.84672,3695.15,0,36.966,0.646741,0.261274,2.18562,2.605,1.1694,3.23575,0.42336,36.966,0.42336,423.524,0,0.491702,0,0,0.752976,0.261274,1.028160,1,0,19.9057,0,0,0,19.9057,0
61.888,2.29163,0,0,1.11288,0.106606,0.36288,3.6288,56.8133,1.01936,0,0,0.466631,0.284205,0,0.66528,12.849,1,0.463438,0.36288,0,19.1615,5.27613,13.7848,0.84672,12.849,0.84672,3695.15,0,36.966,0.653625,0.261274,2.18573,2.50658,1.32397,2.97598,0.42336,36.966,0.42336,423.524,0,0.487953,0,0,0.749226,0.261274,1.028160,1,0,16.7608,0,0,0,16.7608,0
60.1728,2.34064,0,0,1.06962,0.081333,0.36288,3.6288,55.8424,1.11449,0,0,0.450132,0.306543,0,0.66528,12.849,1,0.485956,0.36288,0,18.7402,5.78187,12.8353,0.84672,12.849,0.84672,3695.15,0,36.966,0.725154,0.261274,2.18584,2.24078,1.51676,2.44598,0.42336,36.966,0.42336,423.524,0,0.366806,0,0,0.62808,0.261274,1.028160,1,0,15.2813,0,0,0,15.2813,0
58.429,2.32936,0,0,1.02751,0.0791346,0.36288,3.6288,54.8435,1.09895,0,0,0.401528,0.301501,0,0.66528,12.849,1,0.4974,0.36288,0,18.5376,5.77206,12.6311,0.84672,12.849,0.84672,3695.15,0,36.966,0.727475,0.261274,2.23441,2.34071,1.51455,2.59438,0.42336,36.966,0.42336,423.524,0,0.380129,0,0,0.641402,0.261274,1.028160,1,0,15.2254,0,0,0,15.2254,0
56.6324,2.31733,0,0,0.96152,0.077817,0.36288,3.6288,53.8283,1.08731,0,0,0.371672,0.299529,0,0.66528,12.849,1,0.5096,0.36288,0,16.7349,5.77206,10.8161,0.84672,12.849,0.84672,3695.15,0,36.966,0.732879,0.227405,2.23452,2.08907,1.51455,2.30357,0.42336,36.966,0.42336,423.524,0,0.386469,0,0,0.613874,0.227405,1.028160,1,0,13.1197,0,0,0,13.1197,0
54.7715,2.30429,0,0,0.882731,0.0764597,0.36288,3.6288,52.7893,1.10907,0,0,0.36759,0.297524,0,0.66528,12.849,1,0.522808,0.36288,0,15.2977,5.77206,9.36574,0.84672,12.849,0.84672,3695.15,0,36.966,0.761644,0.227405,2.23463,2.04318,1.51455,2.22903,0.42336,36.966,0.42336,423.524,0,0.336047,0,0,0.563452,0.227405,1.028160,1,0,11.5948,0,0,0,11.5948,0
52.7401,2.45934,0,0,0.855871,0.0650717,0.36288,3.6288,51.7447,1.14434,0,0,0.39817,0.298463,0,0.66528,12.849,1,0.576944,0.36288,0,14.5254,5.92794,8.38339,0.84672,12.849,0.84672,3695.15,0,36.966,0.801332,0.227405,2.23474,2.82815,1.5455,2.94347,0.42336,36.966,0.42336,423.524,0,0.425159,0,0,0.652564,0.227405,1.028160,1,0,11.3269,0,0,0,11.3269,0
50.3978,2.44162,0,0,0.5276,0.065399,0.36288,3.6288,50.5053,1.23357,0,0,0.298639,0.304391,0,0.66528,12.849,1,0.594849,0.36288,0,11.4682,5.88347,5.35278,0.84672,12.849,0.84672,3695.15,0,36.966,0.881254,0.227405,2.40071,2.18727,1.52631,2.40781,0.42336,36.966,0.42336,423.524,0,0.256121,0,0,0.483526,0.227405,1.028160,1,0,7.7606,0,0,0,7.7606,0
48.0504,2.41973,0,0,0.499018,0.0638248,0.36288,3.6288,49.2534,1.22532,0,0,0.274668,0.301342,0,0.66528,12.849,1,0.616915,0.36288,0,10.3067,5.88347,4.16916,0.84672,12.849,0.84672,3695.15,0,36.966,0.896836,0.204422,2.40083,2.16245,1.52631,2.34456,0.42336,36.966,0.42336,423.524,0,0.248905,0,0,0.453328,0.204422,1.028160,1,0,6.51371,0,0,0,6.51371,0
45.9183,2.3961,0,0,0.689122,0.0622375,0.36288,3.6288,48.0818,1.17743,0,0,0.304188,0.298263,0,0.66528,12.849,1,0.640733,0.36288,0,11.0552,5.88347,4.89391,0.84672,12.849,0.84672,3695.15,0,36.966,0.883697,0.204422,2.40095,2.41064,1.52631,2.606,0.42336,36.966,0.42336,423.524,0,0.310038,0,0,0.51446,0.204422,1.028160,1,0,7.49991,0,0,0,7.49991,0
44,2.37299,0,0,0.889523,0.0719986,0.36288,3.6288,47.0116,1.14295,0,0,0.367874,0.295144,0,0.66528,12.849,1,0.664018,0.36288,0,17.9917,5.7771,11.9134,0.84672,12.849,0.84672,3695.15,0,36.966,0.878718,0.204422,2.40107,2.44317,1.5208,2.64914,0.42336,36.966,0.42336,423.524,0,0.349611,0,0,0.554033,0.204422,1.028160,1,0,14.5626,0,0,0,14.5626,0
42.022,2.27186,0,0,0.698734,0.0419367,0.36288,3.6288,45.853,1.13234,0,0,0.263554,0.289822,0,0.66528,12.849,1,0.663436,0.36288,0,12.385,5.2238,6.86066,0.84672,12.849,0.84672,3695.15,0,36.966,0.890375,0.204422,2.40119,1.53997,1.37222,1.88298,0.42336,36.966,0.42336,423.524,0,0.249133,0,0,0.453555,0.204422,1.028160,1,0,8.74364,0,0,0,8.74364,0
40.075,2.24808,0,0,0.771708,0.107747,0.36288,3.6288,44.8947,1.0655,0,0,0.352102,0.244956,0,0.66528,12.849,1,0.687392,0.36288,0,11.7115,4.03305,7.35396,0.84672,12.849,0.84672,3695.15,0,36.966,0.858993,0.216518,2.3053,1.95417,1.0949,2.52209,0.42336,36.966,0.42336,423.524,0,0.347455,0,0,0.563973,0.216518,1.028160,1,0,9.87605,0,0,0,9.87605,0
38.1031,2.22293,0,0,0.723678,0.109818,0.36288,3.6288,43.9775,1.05123,0,0,0.378648,0.244555,0,0.66528,12.849,1,0.712723,0.36288,0,13.9338,4.0656,9.51837,0.84672,12.849,0.84672,3695.15,0,36.966,0.86558,0.216518,2.30542,2.05788,1.11354,2.60069,0.42336,36.966,0.42336,423.524,0,0.355246,0,0,0.571764,0.216518,1.028160,1,0,12.1191,0,0,0,12.1191,0
36.2426,2.19547,0,0,0.805213,0.107328,0.36288,3.6288,43.1604,1.00004,0,0,0.42534,0.242455,0,0.66528,12.849,1,0.740351,0.36288,0,21.0082,4.0656,16.5652,0.84672,12.849,0.84672,3695.15,0,36.966,0.840595,0.216518,2.30553,2.37419,1.11354,2.9421,0.42336,36.966,0.42336,423.524,0,0.431535,0,0,0.648054,0.216518,1.028160,1,0,19.5073,0,0,0,19.5073,0
34.8597,2.10578,0,0,1.2333,0.147523,0.36288,3.6288,42.5282,0.882022,0,0,0.454069,0.204216,0,0.66528,12.849,1,0.746559,0.36288,0,29.3346,4.66275,24.2882,0.84672,12.849,0.84672,3695.15,0,36.966,0.755435,0.216518,2.30565,2.8076,1.10368,3.47065,0.42336,36.966,0.42336,423.524,0,0.544182,0,0,0.7607,0.216518,1.028160,1,0,27.7588,0,0,0,27.7588,0
33.3504,2.08427,0,0,1.09966,0.161815,0.36288,3.6288,41.6184,0.990198,0,0,0.268883,0.188528,0,0.66528,12.849,1,0.768245,0.36288,0,17.268,4.90161,11.961,0.84672,12.849,0.84672,3695.15,0,36.966,0.860691,0.216518,2.22006,2.08675,1.09974,2.5629,0.42336,36.966,0.42336,423.524,0,0.330851,0,0,0.54737,0.216518,1.028160,1,0,14.5239,0,0,0,14.5239,0
32.4247,2.0593,0,0,1.65528,0.158847,0.36288,3.6288,41.4716,0.610991,0,0,0.651138,0.186885,0,0.66528,12.849,1,0.79339,0.36288,0,26.9273,4.90161,21.5952,0.84672,12.849,0.84672,3695.15,0,36.966,0.542691,0.553893,2.22017,4.23131,1.09974,5.36295,0.42336,36.966,0.42336,423.524,0,1.02816,0,0,1.58205,0.553893,1.028160,1,0,26.9582,0,0,0,26.9582,0
33.9211,1.99101,0,0,4.00737,0.157027,0.36288,3.6288,42.1567,0.58708,0,0,1.45875,0.18662,0,0.66528,12.849,1,0.788981,0.36288,0,70.5669,4.90161,65.2392,0.84672,12.849,0.84672,3695.15,0,36.966,0.523298,1.4612,2.22028,6.40109,1.09974,8.45954,0.42336,36.966,0.42336,423.524,0,1.02816,0,0,2.48936,1.4612,1.028160,1,0,73.6988,0,0,0,73.6988,0
33.9145,1.89687,0,0,2.45068,0.197548,0.36288,3.6288,41.9001,0.669925,0,0,0.564614,0.151254,0,0.66528,12.849,1,0.718517,0.36288,0,40.7779,3.9129,36.5093,0.84672,12.849,0.84672,3695.15,0,36.966,0.587439,0.292723,2.1732,2.98071,0.846518,4.01269,0.42336,36.966,0.42336,423.524,0,0.735878,0,0,1.0286,0.292723,1.028160,1,0,40.522,0,0,0,40.522,0
34.7362,1.84801,0,0,3.20794,0.175299,0.36288,3.6288,41.7274,0.492032,0,0,0.484325,0.164983,0,0.66528,12.849,1,0.700146,0.36288,0,52.6233,3.61032,48.6757,0.84672,12.849,0.84672,3695.15,0,36.966,0.434091,0.362906,2.0301,3.25497,0.796602,4.41729,0.42336,36.966,0.42336,423.524,0,1.02816,0,0,1.39107,0.362906,1.028160,1,0,53.093,0,0,0,53.093,0
36.7094,1.66344,0,0,4.17651,0.177069,0.36288,3.6288,41.8449,0.408296,0,0,0.690491,0.164709,0,0.66528,12.849,1,0.615309,0.36288,0,65.4868,3.61032,61.624,0.84672,12.849,0.84672,3695.15,0,36.966,0.361706,0.892892,1.9874,5.13888,0.796602,6.86087,0.42336,36.966,0.42336,423.524,0,1.02816,0,0,1.92105,0.892892,1.028160,1,0,68.4849,0,0,0,68.4849,0
37.9311,1.68804,0,0,3.454,0.181321,0.36288,3.6288,41.9375,0.408878,0,0,0.666386,0.164896,0,0.66528,12.849,1,0.590848,0.36288,0,76.4827,3.61032,72.6445,0.84672,12.849,0.84672,3695.15,0,36.966,0.361205,0.652234,1.8163,3.48228,0.796602,4.79301,0.42336,36.966,0.42336,423.524,0,1.02816,0,0,1.68039,0.652234,1.028160,1,0,77.4375,0,0,0,77.4375,0
38.0511,1.70236,0,0,2.39625,0.211056,0.36288,3.6288,41.8555,0.445729,0,0,0.535233,0.171469,0,0.66528,12.849,1,0.576668,0.36288,0,54.3762,4.20724,49.9552,0.84672,12.849,0.84672,3695.15,0,36.966,0.39289,0.412474,1.81639,2.49433,0.835797,3.49451,0.42336,36.966,0.42336,423.524,0,0.959705,0,0,1.37218,0.412474,1.028160,1,0,53.4497,0,0,0,53.4497,0
40.5892,1.76428,0,0,4.86804,0.202763,0.36288,3.6288,42.3777,0.434698,0,0,1.13128,0.174455,0,0.66528,12.849,1,0.595758,0.36288,0,97.143,3.92553,92.9846,0.84672,12.849,0.84672,3695.15,0,36.966,0.383917,2.00535,1.81647,9.68034,0.826978,12.2913,0.42336,36.966,0.42336,423.524,0,1.02816,0,0,3.03351,2.00535,1.028160,1,0,105.276,0,0,0,105.276,0
45.1646,1.79268,0,0,6.93982,0.208867,0.36288,3.6288,42.9847,0.437264,0,0,1.21967,0.175333,0,0.66528,12.849,1,0.567493,0.36288,0,121.592,3.92553,117.462,0.84672,12.849,0.84672,3695.15,0,36.966,0.381425,2.56433,1.86909,8.79457,0.826978,12.0196,0.42336,36.966,0.42336,423.524,0,1.02816,0,0,3.59249,2.56433,1.028160,1,0,129.482,0,0,0,129.482,0
47.4861,1.83753,0,0,4.74216,0.220213,0.36288,3.6288,43.4451,0.440201,0,0,1.07692,0.176354,0,0.66528,12.849,1,0.522765,0.36288,0,84.2357,3.92553,80.1503,0.84672,12.849,0.84672,3695.15,0,36.966,0.378564,1.58733,1.86917,7.18442,0.826978,9.43538,0.42336,36.966,0.42336,423.524,0,1.02816,0,0,2.61549,1.58733,1.028160,1,0,89.5856,0,0,0,89.5856,0
48.2886,1.85775,0,0,3.24914,0.225969,0.36288,3.6288,43.6309,0.442409,0,0,0.805352,0.177128,0,0.66528,12.849,1,0.502678,0.36288,0,53.017,3.92553,48.9517,0.84672,12.849,0.84672,3695.15,0,36.966,0.376431,1.18966,1.86925,5.82009,0.826978,7.6756,0.42336,36.966,0.42336,423.524,0,1.02816,0,0,2.21782,1.18966,1.028160,1,0,56.6273,0,0,0,56.6273,0
48.9137,2.0696,0,0,3.29904,0.241536,0.36288,3.6288,43.7509,0.541638,0,0,0.843506,0.181909,0,0.66528,12.849,1,0.550695,0.36288,0,55.5625,3.61192,51.7628,0.84672,12.849,0.84672,3695.15,0,36.966,0.458899,0.964501,1.86934,5.60488,0.925055,7.05476,0.42336,36.966,0.42336,423.524,0,1.02816,0,0,1.99266,0.964501,1.028160,1,0,58.8176,0,0,0,58.8176,0
49.8529,2.07529,0,0,3.63094,0.253549,0.36288,3.6288,43.8606,0.542365,0,0,0.827064,0.17497,0,0.66528,12.849,1,0.545152,0.36288,0,50.8964,4.01813,46.696,0.84672,12.849,0.84672,3695.15,0,36.966,0.458255,0.879958,2.05841,6.00596,1.009,7.47707,0.42336,36.966,0.42336,423.524,0,1.02816,0,0,1.90812,0.879958,1.028160,1,0,54.1731,0,0,0,54.1731,0
51.3579,2.08357,0,0,4.21267,0.261187,0.36288,3.6288,44.0688,0.543033,0,0,0.927029,0.175801,0,0.66528,12.849,1,0.537015,0.36288,0,62.7566,4.15055,58.432,0.84672,12.849,0.84672,3695.15,0,36.966,0.457672,1.49432,2.05851,6.87372,1.06216,8.90672,0.42336,36.966,0.42336,423.524,0,1.02816,0,0,2.52248,1.49432,1.028160,1,0,67.3387,0,0,0,67.3387,0
54.0751,2.09627,0,0,5.44168,0.265351,0.36288,3.6288,44.2602,0.544255,0,0,0.91184,0.176147,0,0.66528,12.849,1,0.524455,0.36288,0,91.9322,4.15055,87.6201,0.84672,12.849,0.84672,3695.15,0,36.966,0.456534,1.68351,2.0586,7.57858,1.06216,9.80199,0.42336,36.966,0.42336,423.524,0,1.02816,0,0,2.71167,1.68351,1.028160,1,0,97.4221,0,0,0,97.4221,0
56.4632,1.81828,0,0,4.8498,0.280604,0.36288,3.6288,44.7656,0.412538,0,0,1.09307,0.175226,0,0.66528,12.849,1,0.432048,0.36288,0,68.6312,3.93761,64.6245,0.84672,12.849,0.84672,3695.15,0,36.966,0.34455,1.66857,2.05869,7.99969,1.04198,10.3404,0.42336,36.966,0.42336,423.524,0,1.02816,0,0,2.69673,1.66857,1.028160,1,0,74.9649,0,0,0,74.9649,0
61.1127,1.83326,0,0,7.13902,0.29334,0.36288,3.6288,46.3832,0.414708,0,0,2.20747,0.175126,0,0.66528,12.849,1,0.417185,0.36288,0,93.134,3.7779,89.3018,0.84672,12.849,0.84672,3695.15,0,36.966,0.342453,2.94707,1.80099,13.4228,1.02684,16.8016,0.42336,36.966,0.42336,423.524,0,1.02816,0,0,3.97523,2.94707,1.028160,1,0,106.103,0,0,0,106.103,0
64.9358,2.13497,0,0,6.62748,0.30655,0.36288,3.6288,47.0726,0.529129,0,0,1.39634,0.177782,0,0.66528,12.849,1,0.448879,0.36288,0,111.823,3.7779,107.959,0.84672,12.849,0.84672,3695.15,0,36.966,0.4217,2.57583,1.80107,9.64103,1.02684,12.5694,0.42336,36.966,0.42336,423.524,0,1.02816,0,0,3.60399,2.57583,1.028160,1,0,120.529,0,0,0,120.529,0
67.6683,1.87891,0,0,5.32903,0.354753,0.36288,3.6288,47.7002,0.42419,0,0,1.18181,0.130059,0,0.66528,12.849,1,0.371785,0.36288,0,75.9802,3.15713,72.8141,0.84672,12.849,0.84672,3695.15,0,36.966,0.333115,1.89564,2.01318,7.71906,0.854311,10.4405,0.42336,36.966,0.42336,423.524,0,1.02816,0,0,2.9238,1.89564,1.028160,1,0,83.2546,0,0,0,83.2546,0
71.3416,2.17175,0,0,6.57627,0.368329,0.36288,3.6288,48.3219,0.535781,0,0,1.29015,0.132642,0,0.66528,12.849,1,0.412377,0.36288,0,86.9815,3.36072,83.5713,0.84672,12.849,0.84672,3695.15,0,36.966,0.415212,2.05579,1.80123,8.36162,0.91992,10.8835,0.42336,36.966,0.42336,423.524,0,1.02816,0,0,3.08395,2.05579,1.028160,1,0,94.4548,0,0,0,94.4548,0
72.29,2.27924,0,0,7.86828,0.343585,4.29702,3.6288,48.9979,0.577064,0,0,1.38723,0.134143,0,0.66528,12.849,1,0.410504,4.29702,0,104.076,2.92519,105.037,0.84672,12.849,0.84672,3695.15,0,36.966,0.441451,1.62347,2.01336,9.07235,0.869841,11.3979,0.42336,36.966,0.42336,423.524,0,1.02816,0,0,2.65163,1.62347,1.028160,1,0,116.435,0,0,0,116.435,0
72.29,2.28394,0,0,5.32672,0.341451,2.70133,3.6288,49.461,0.580584,0,0,1.20143,0.157789,0,0.66528,12.849,1,0.405953,2.70133,0,100.294,3.48054,99.1088,0.84672,12.849,0.84672,3695.15,0,36.966,0.438016,1.60613,2.08532,9.1387,1.02122,11.3709,0.42336,36.966,0.42336,423.524,0,1.02816,0,0,2.63429,1.60613,1.028160,1,0,110.48,0,0,0,110.48,0
72.29,2.28406,0,0,4.79312,0.341451,2.1676,3.6288,50.2515,0.58298,0,0,1.53189,0.158393,0,0.66528,12.849,1,0.405975,2.1676,0,71.1219,3.48054,69.403,0.84672,12.849,0.84672,3695.15,0,36.966,0.435706,2.06659,2.08541,7.27695,1.02122,9.97204,0.42336,36.966,0.42336,423.524,0,1.02816,0,0,3.09475,2.06659,1.028160,1,0,79.375,0,0,0,79.375,0
72.29,2.28419,0,0,4.44747,0.346824,1.81646,3.6288,51.1381,0.586978,0,0,1.62584,0.152247,0,0.66528,12.849,1,0.405997,1.81646,0,64.5685,3.2641,62.7148,0.84672,12.849,0.84672,3695.15,0,36.966,0.431793,2.10724,2.08551,9.76425,0.979453,12.5458,0.42336,36.966,0.42336,423.524,0,1.02816,0,0,3.1354,2.10724,1.028160,1,0,75.2606,0,0,0,75.2606,0
72.29,2.24929,0,0,3.33139,0.338054,0.744044,3.6288,51.3632,0.576166,0,0,0.94716,0.14588,0,0.66528,12.849,1,0.399794,0.744044,0,52.8093,3.62176,49.5318,0.84672,12.849,0.84672,3695.15,0,36.966,0.416491,0.911857,2.0856,5.4333,0.999963,7.0143,0.42336,36.966,0.42336,423.524,0,1.02816,0,0,1.94002,0.911857,1.028160,1,0,56.5461,0,0,0,56.5461,0
72.29,2.24941,0,0,2.95292,0.243577,0.459932,3.6288,51.29,0.58431,0,0,0.696324,0.185287,0,0.66528,12.849,1,0.399815,0.459932,0,46.842,4.04911,42.853,0.84672,12.849,0.84672,3695.15,0,36.966,0.420527,0.528595,2.05772,4.67599,1.02127,5.8205,0.42336,36.966,0.42336,423.524,0,1.01606,0,0,1.54466,0.528595,1.028160,1,0,48.6735,0,0,0,48.6735,0
72.29,2.24953,0,0,2.87264,0.243577,0.379536,3.6288,51.2958,0.57698,0,0,0.768044,0.185177,0,0.66528,12.849,1,0.399837,0.379536,0,45.2709,4.04911,41.2015,0.84672,12.849,0.84672,3695.15,0,36.966,0.415845,0.686068,2.05781,5.42156,1.02127,6.72832,0.42336,36.966,0.42336,423.524,0,1.02816,0,0,1.71423,0.686068,1.028160,1,0,47.9298,0,0,0,47.9298,0
72.2133,2.24965,0,0,2.77937,0.243577,0.36288,3.6288,51.3047,0.577057,0,0,0.771103,0.185186,0,0.66528,12.849,1,0.399859,0.36288,0,42.9198,4.04911,38.8337,0.84672,12.849,0.84672,3695.15,0,36.966,0.415852,0.478431,2.0579,4.75741,1.02127,5.85662,0.42336,36.966,0.42336,423.524,0,1.02816,0,0,1.50659,0.478431,1.028160,1,0,44.6903,0,0,0,44.6903,0
71.9437,2.3683,0,0,2.69711,0.235437,0.36288,3.6288,51.2244,0.631157,0,0,0.733484,0.182613,0,0.66528,12.849,1,0.421394,0.36288,0,42.354,3.91611,38.3793,0.84672,12.849,0.84672,3695.15,0,36.966,0.45476,0.434981,2.058,4.59621,1.01547,5.61896,0.42336,36.966,0.42336,423.524,0,1.02816,0,0,1.46314,0.434981,1.028160,1,0,43.9983,0,0,0,43.9983,0
71.3924,2.36709,0,0,2.38772,0.209053,0.36288,3.6288,50.9868,0.640339,0,0,0.584053,0.181292,0,0.66528,12.849,1,0.422757,0.36288,0,38.3072,3.81279,34.4345,0.84672,12.849,0.84672,3695.15,0,36.966,0.4621,0.402797,2.15612,4.35829,0.989204,5.46591,0.42336,36.966,0.42336,423.524,0,1.01173,0,0,1.41452,0.402797,1.028160,1,0,39.9004,0,0,0,39.9004,0
70.6377,2.36445,0,0,2.14253,0.169916,0.36288,3.6288,50.7361,0.635506,0,0,0.567524,0.182752,0,0.66528,12.849,1,0.425546,0.36288,0,33.5092,3.87765,29.5689,0.84672,12.849,0.84672,3695.15,0,36.966,0.460749,0.402797,2.15622,4.07353,0.948239,5.22356,0.42336,36.966,0.42336,423.524,0,1.018,0,0,1.4208,0.402797,1.028160,1,0,34.7924,0,0,0,34.7924,0
69.8609,2.36073,0,0,2.1157,0.168937,0.36288,3.6288,50.5418,0.628362,0,0,0.616429,0.182379,0,0.66528,12.849,1,0.429416,0.36288,0,32.4051,3.87765,28.4609,0.84672,12.849,0.84672,3695.15,0,36.966,0.45782,0.362794,2.15632,4.46611,0.948239,5.57916,0.42336,36.966,0.42336,423.524,0,1.02816,0,0,1.39095,0.362794,1.028160,1,0,34.0401,0,0,0,34.0401,0
69.0749,2.35682,0,0,2.09784,0.164158,0.36288,3.6288,50.336,0.627396,0,0,0.602984,0.181419,0,0.66528,12.849,1,0.433473,0.36288,0,32.9869,3.94827,28.9681,0.84672,12.849,0.84672,3695.15,0,36.966,0.458874,0.45258,2.15641,4.13728,0.954329,5.33307,0.42336,36.966,0.42336,423.524,0,1.02816,0,0,1.48074,0.45258,1.028160,1,0,34.3011,0,0,0,34.3011,0
68.9127,2.32943,0,0,2.67084,0.140675,0.36288,3.6288,50.3272,0.65582,0,0,0.824118,0.177092,0,0.66528,12.849,1,0.433311,0.36288,0,48.6494,4.37199,44.207,0.84672,12.849,0.84672,3695.15,0,36.966,0.481625,1.27707,2.15651,5.43627,0.990869,7.39736,0.42336,36.966,0.42336,423.524,0,1.02816,0,0,2.30523,1.27707,1.028160,1,0,51.6044,0,0,0,51.6044,0
68.4971,2.3287,0,0,2.41649,0.140497,0.36288,3.6288,50.2591,0.655824,0,0,0.764821,0.177079,0,0.66528,12.849,1,0.434194,0.36288,0,43.6876,4.37199,39.2443,0.84672,12.849,0.84672,3695.15,0,36.966,0.481712,0.99112,2.19088,5.21389,0.990869,6.92331,0.42336,36.966,0.42336,423.524,0,1.02816,0,0,2.01928,0.99112,1.028160,1,0,46.1676,0,0,0,46.1676,0
67.9976,2.32661,0,0,2.30223,0.112303,0.36288,3.6288,50.0893,0.6555,0,0,0.72366,0.237904,0,0.66528,12.849,1,0.436436,0.36288,0,39.5775,5.21889,34.2851,0.84672,12.849,0.84672,3695.15,0,36.966,0.482126,1.00099,2.19098,4.93981,1.3,6.34965,0.42336,36.966,0.42336,423.524,0,1.02816,0,0,2.02915,1.00099,1.028160,1,0,40.6347,0,0,0,40.6347,0
67.2473,2.32404,0,0,2.04388,0.107259,0.36288,3.6288,49.8636,0.654612,0,0,0.676633,0.247714,0,0.66528,12.849,1,0.439156,0.36288,0,36.1981,5.36004,30.7617,0.84672,12.849,0.84672,3695.15,0,36.966,0.483105,0.945501,2.19108,4.77698,1.35153,6.07893,0.42336,36.966,0.42336,423.524,0,1.02816,0,0,1.97366,0.945501,1.028160,1,0,36.8407,0,0,0,36.8407,0
66.2699,2.38012,0,0,1.87361,0.107995,0.36288,3.6288,49.5594,0.66528,0,0,0.618761,0.257721,0,0.66528,12.849,1,0.454772,0.36288,0,32.0933,5.54121,26.4602,0.84672,12.849,0.84672,3695.15,0,36.966,0.518065,0.710122,2.19118,4.28399,1.41736,5.24986,0.42336,36.966,0.42336,423.524,0,1.02816,0,0,1.73828,0.710122,1.028160,1,0,31.71,0,0,0,31.71,0
65.5542,2.37463,0,0,2.11562,0.0938308,0.36288,3.6288,49.4306,0.66528,0,0,0.809171,0.272701,0,0.66528,12.849,1,0.460415,0.36288,0,40.104,5.71998,34.2865,0.84672,12.849,0.84672,3695.15,0,36.966,0.518158,1.00204,2.23987,4.81497,1.50667,6.03205,0.42336,36.966,0.42336,423.524,0,1.02816,0,0,2.0302,1.00204,1.028160,1,0,40.3186,0,0,0,40.3186,0
64.675,2.37056,0,0,1.94753,0.0932969,0.36288,3.6288,49.1789,0.66528,0,0,0.686007,0.272412,0,0.66528,12.849,1,0.464643,0.36288,0,32.941,5.71998,27.1192,0.84672,12.849,0.84672,3695.15,0,36.966,0.518251,1.12514,2.23997,4.65563,1.50667,5.99582,0.42336,36.966,0.42336,423.524,0,1.02816,0,0,2.1533,1.12514,1.028160,1,0,33.115,0,0,0,33.115,0
63.6373,2.36541,0,0,1.78328,0.092641,0.36288,3.6288,48.8772,0.66528,0,0,0.635377,0.271848,0,0.66528,12.849,1,0.469938,0.36288,0,31.3102,5.71998,25.4832,0.84672,12.849,0.84672,3695.15,0,36.966,0.518344,0.812532,2.24007,4.09224,1.50667,5.11983,0.42336,36.966,0.42336,423.524,0,1.02816,0,0,1.84069,0.812532,1.028160,1,0,30.603,0,0,0,30.603,0
62.4329,2.53353,0,0,1.78271,0.0906939,0.36288,3.6288,48.6826,0.66528,0,0,0.739446,0.268707,0,0.66528,12.849,1,0.511544,0.36288,0,30.9452,5.66889,25.1276,0.84672,12.849,0.84672,3695.15,0,36.966,0.682835,1.15096,2.24017,4.82835,1.48703,6.04961,0.42336,36.966,0.42336,423.524,0,1.02816,0,0,2.17912,1.15096,1.028160,1,0,31.1773,0,0,0,31.1773,0
60.9614,2.52548,0,0,1.50374,0.0869032,0.36288,3.6288,48.4798,0.66528,0,0,0.72462,0.262126,0,0.66528,12.849,1,0.519756,0.36288,0,32.8005,5.54116,27.1024,0.84672,12.849,0.84672,3695.15,0,36.966,0.682936,1.03726,2.40656,4.34151,1.43795,5.66443,0.42336,36.966,0.42336,423.524,0,1.02816,0,0,2.06542,1.03726,1.028160,1,0,32.7669,0,0,0,32.7669,0
59.4693,2.51525,0,0,1.47187,0.0858545,0.36288,3.6288,48.2304,0.66528,0,0,0.677506,0.261685,0,0.66528,12.849,1,0.530146,0.36288,0,29.9315,5.54116,24.223,0.84672,12.849,0.84672,3695.15,0,36.966,0.683037,0.921231,2.40667,4.35751,1.43795,5.56441,0.42336,36.966,0.42336,423.524,0,1.02816,0,0,1.94939,0.921231,1.028160,1,0,29.7874,0,0,0,29.7874,0
58.6556,2.50445,0,0,2.13837,0.0847057,0.36288,3.6288,48.0824,0.66528,0,0,0.778473,0.261144,0,0.66528,12.849,1,0.541114,0.36288,0,34.0902,5.54116,28.3708,0.84672,12.849,0.84672,3695.15,0,36.966,0.683138,1.2677,2.40677,4.83127,1.43795,6.38466,0.42336,36.966,0.42336,423.524,0,1.02816,0,0,2.29586,1.2677,1.028160,1,0,34.7554,0,0,0,34.7554,0
58.7649,2.49842,0,0,3.08207,0.111521,0.36288,3.6288,48.1953,0.66528,0,0,1.03042,0.252296,0,0.66528,12.849,1,0.5473,0.36288,0,55.6192,5.40975,50.0251,0.84672,12.849,0.84672,3695.15,0,36.966,0.683239,1.46057,2.40688,5.37864,1.41144,7.15142,0.42336,36.966,0.42336,423.524,0,1.02816,0,0,2.48873,1.46057,1.028160,1,0,57.1765,0,0,0,57.1765,0
59.0504,2.41556,0,0,3.14782,0.0838452,0.36288,3.6288,49.2894,0.66528,0,0,2.05324,0.293832,0,0.66528,12.849,1,0.528165,0.36288,0,44.8039,5.92092,38.7177,0.84672,12.849,0.84672,3695.15,0,36.966,0.583533,3.83742,2.40699,12.3017,1.34324,16.6194,0.42336,36.966,0.42336,423.524,0,1.02816,0,0,4.86558,3.83742,1.028160,1,0,55.3371,0,0,0,55.3371,0
60.8888,2.41779,0,0,4.72108,0.101981,0.36288,3.6288,50.7034,0.66528,0,0,2.36312,0.283831,0,0.66528,12.849,1,0.526096,0.36288,0,54.564,5.81049,48.5903,0.84672,12.849,0.84672,3695.15,0,36.966,0.583629,5.02593,2.31084,13.0847,1.30531,18.5325,0.42336,36.966,0.42336,423.524,0,1.02816,0,0,6.05409,5.02593,1.028160,1,0,67.1228,0,0,0,67.1228,0
64.3654,2.43104,0,0,6.37417,0.103719,0.36288,3.6288,53.5697,0.66528,0,0,3.81869,0.28714,0,0.66528,12.849,1,0.513007,0.36288,0,108.886,5.81049,102.926,0.84672,12.849,0.84672,3695.15,0,36.966,0.583726,8.81574,2.31095,20.6112,1.30531,29.8488,0.42336,36.966,0.42336,423.524,0,1.02816,0,0,9.8439,8.81574,1.028160,1,0,132.775,0,0,0,132.775,0
66.9405,2.45427,0,0,5.54964,0.157348,0.36288,3.6288,55.3689,0.66528,0,0,2.7422,0.277671,0,0.66528,12.849,1,0.489935,0.36288,0,102.221,5.77148,96.3222,0.84672,12.849,0.84672,3695.15,0,36.966,0.583822,5.88611,2.31105,13.1166,1.32282,19.4072,0.42336,36.966,0.42336,423.524,0,1.02816,0,0,6.91427,5.88611,1.028160,1,0,115.729,0,0,0,115.729,0
69.4148,2.39985,0,0,5.41251,0.175453,0.36288,3.6288,57.3109,0.66528,0,0,2.8656,0.258298,0,0.66528,12.849,1,0.460642,0.36288,0,161.773,4.27598,157.399,0.84672,12.849,0.84672,3695.15,0,36.966,0.49305,6.10633,2.31116,15.6781,1.0825,22.52,0.42336,36.966,0.42336,423.524,0,1.02816,0,0,7.13449,6.10633,1.028160,1,0,179.919,0,0,0,179.919,0
72.29,2.41383,0,0,5.98146,0.202165,0.490292,3.6288,58.8801,0.66528,0,0,2.50906,0.274645,0,0.66528,12.849,1,0.446811,0.490292,0,198.807,3.83638,195.014,0.84672,12.849,0.84672,3695.15,0,36.966,0.493142,4.53304,2.22534,16.4388,1.00825,21.6958,0.42336,36.966,0.42336,423.524,0,1.02816,0,0,5.5612,4.53304,1.028160,1,0,216.71,0,0,0,216.71,0
72.29,2.42905,0,0,5.2867,0.256231,2.60142,3.6288,59.7381,0.66528,0,0,1.81115,0.28788,0,0.66528,12.849,1,0.431745,2.60142,0,76.8806,4.31865,74.7316,0.84672,12.849,0.84672,3695.15,0,36.966,0.493234,2.42984,2.22544,10.9058,1.10088,13.9669,0.42336,36.966,0.42336,423.524,0,1.02816,0,0,3.458,2.42984,1.028160,1,0,88.6986,0,0,0,88.6986,0
72.29,2.42918,0,0,6.60277,0.256231,3.91735,3.6288,60.91,0.66528,0,0,2.12666,0.289466,0,0.66528,12.849,1,0.431769,3.91735,0,59.0491,4.31865,58.2161,0.84672,12.849,0.84672,3695.15,0,36.966,0.493326,4.04315,2.22554,11.5766,1.10088,16.251,0.42336,36.966,0.42336,423.524,0,1.02816,0,0,5.07131,4.04315,1.028160,1,0,74.4671,0,0,0,74.4671,0
72.29,2.22702,0,0,6.78554,0.262247,4.29628,3.6288,61.308,0.603282,0,0,5.46053,0.272669,4.18656,0.66528,12.849,1,0.395836,4.29628,0,133.523,4.32882,133.095,0.84672,12.849,0.84672,3695.15,0,36.966,0.366129,4.893,2.22564,18.2542,1.0664,23.9404,0.42336,36.966,0.42336,423.524,0,1.02816,0,0,5.92116,4.893,1.028160,1,0,161.222,0,0,0,161.222,0
72.29,2.22714,0,0,7.35248,0.277286,4.84806,3.6288,61.308,0.604816,0,0,7.32576,0.22583,6.49512,0.66528,12.849,1,0.395858,4.84806,0,202.584,4.35425,202.682,0.84672,12.849,0.84672,3695.15,0,36.966,0.364677,7.34132,2.03485,27.18,0.980191,35.2113,0.42336,36.966,0.42336,423.524,0,1.02816,0,0,8.36948,7.34132,1.028160,1,0,244.388,0,0,0,244.388,0
72.29,2.22726,0,0,8.95173,0.277286,6.44718,3.6288,61.308,0.604867,0,0,5.76798,0.22583,4.93728,0.66528,12.849,1,0.395879,6.44718,0,267.997,4.35425,269.694,0.84672,12.849,0.84672,3695.15,0,36.966,0.364708,6.17682,2.03494,17.7514,0.980191,24.6183,0.42336,36.966,0.42336,423.524,0,1.02816,0,0,7.20498,6.17682,1.028160,1,0,299.25,0,0,0,299.25,0
72.29,2.22738,0,0,7.8319,0.273881,5.33064,3.6288,61.308,0.604919,0,0,9.00107,0.235486,8.16067,0.66528,12.849,1,0.395901,5.33064,0,121.647,4.68557,121.896,0.84672,12.849,0.84672,3695.15,0,36.966,0.364739,7.55447,2.03503,23.227,1.0569,31.3949,0.42336,36.966,0.42336,423.524,0,1.02816,0,0,8.58263,7.55447,1.028160,1,0,161.452,0,0,0,161.452,0
72.29,2.22751,0,0,9.04428,0.294608,6.52217,3.6288,61.308,0.604971,0,0,9.69246,0.254705,8.83278,0.66528,12.849,1,0.395922,6.52217,0,132.468,3.9516,134.642,0.84672,12.849,0.84672,3695.15,0,36.966,0.36477,8.01386,2.03512,24.5805,1.07652,33.1881,0.42336,36.966,0.42336,423.524,0,1.02816,0,0,9.04202,8.01386,1.028160,1,0,176.663,0,0,0,176.663,0
72.29,2.30545,0,0,6.3228,0.299283,3.71806,3.6288,61.308,0.639223,0,0,3.9208,0.24548,3.03609,0.66528,12.849,1,0.409777,3.71806,0,99.8309,4.53447,98.6047,0.84672,12.849,0.84672,3695.15,0,36.966,0.385423,3.64197,2.03521,13.5928,1.11002,17.7745,0.42336,36.966,0.42336,423.524,0,1.02816,0,0,4.67013,3.64197,1.028160,1,0,119.415,0,0,0,119.415,0
72.29,2.30556,0,0,6.04587,0.296363,3.44394,3.6288,61.308,0.63927,0,0,2.89483,0.240387,2.01517,0.66528,12.849,1,0.409796,3.44394,0,131.752,4.55543,130.231,0.84672,12.849,0.84672,3695.15,0,36.966,0.385452,2.28725,2.09483,11.3138,1.09183,14.2186,0.42336,36.966,0.42336,423.524,0,1.02816,0,0,3.31541,2.28725,1.028160,1,0,146.465,0,0,0,146.465,0
72.29,2.30567,0,0,5.2687,0.296363,2.66666,3.6288,61.308,0.639318,0,0,2.55868,0.240387,1.67897,0.66528,12.849,1,0.409816,2.66666,0,88.2999,4.55543,86.0014,0.84672,12.849,0.84672,3695.15,0,36.966,0.38548,2.46256,2.09492,9.09628,1.09183,12.1764,0.42336,36.966,0.42336,423.524,0,1.02816,0,0,3.49072,2.46256,1.028160,1,0,99.8568,0,0,0,99.8568,0
72.29,2.30579,0,0,4.6687,0.300148,2.06277,3.6288,61.308,0.639365,0,0,2.1665,0.212682,1.31445,0.66528,12.849,1,0.409836,2.06277,0,79.3359,4.12537,76.8635,0.84672,12.849,0.84672,3695.15,0,36.966,0.385509,2.02802,2.095,8.01507,0.976923,10.7757,0.42336,36.966,0.42336,423.524,0,1.02816,0,0,3.05618,2.02802,1.028160,1,0,88.9536,0,0,0,88.9536,0
72.29,2.55585,0,0,5.23168,0.293795,2.38204,3.6288,61.308,0.66528,0,0,2.33612,0.215413,1.45542,0.66528,12.849,1,0.454283,2.38204,0,114.051,3.97226,112.007,0.84672,12.849,0.84672,3695.15,0,36.966,0.565516,2.51565,2.09508,9.58522,1.01378,12.6166,0.42336,36.966,0.42336,423.524,0,1.02816,0,0,3.54381,2.51565,1.028160,1,0,126.079,0,0,0,126.079,0
72.29,2.55597,0,0,4.8876,0.283305,2.04833,3.6288,61.308,0.66528,0,0,2.73147,0.233832,1.83236,0.66528,12.849,1,0.454305,2.04833,0,122.676,3.99745,120.272,0.84672,12.849,0.84672,3695.15,0,36.966,0.5656,2.91636,2.30937,11.1632,1.12422,14.6991,0.42336,36.966,0.42336,423.524,0,1.02816,0,0,3.94452,2.91636,1.028160,1,0,136.804,0,0,0,136.804,0
72.29,2.5561,0,0,5.44146,0.283305,2.60206,3.6288,61.308,0.66528,0,0,2.7314,0.233832,1.83229,0.66528,12.849,1,0.454327,2.60206,0,127.668,3.99745,125.818,0.84672,12.849,0.84672,3695.15,0,36.966,0.565685,2.99068,2.30946,11.2546,1.12422,14.8649,0.42336,36.966,0.42336,423.524,0,1.02816,0,0,4.01884,2.99068,1.028160,1,0,142.516,0,0,0,142.516,0
72.29,2.55622,0,0,6.02076,0.283102,3.18144,3.6288,61.308,0.66528,0,0,2.73504,0.210322,1.85943,0.66528,12.849,1,0.454348,3.18144,0,130.1,3.79995,129.027,0.84672,12.849,0.84672,3695.15,0,36.966,0.56577,3.03407,2.30955,10.8764,1.02891,14.6253,0.42336,36.966,0.42336,423.524,0,1.02816,0,0,4.06223,3.03407,1.028160,1,0,145.512,0,0,0,145.512,0
72.29,2.19976,0,0,6.38805,0.307698,3.88059,3.6288,61.308,0.595674,0,0,2.06306,0.178445,1.28894,0.66528,12.849,1,0.390991,3.88059,0,138.569,3.48981,138.569,0.84672,12.849,0.84672,3695.15,0,36.966,0.359165,2.70737,2.30965,10.5011,0.999982,14.159,0.42336,36.966,0.42336,423.524,0,1.02816,0,0,3.73553,2.70737,1.028160,1,0,154.017,0,0,0,154.017,0
72.29,2.19987,0,0,5.90579,0.310557,3.39537,3.6288,61.308,0.595719,0,0,1.729,0.232053,0.90123,0.66528,12.849,1,0.39101,3.39537,0,137.129,4.28991,135.843,0.84672,12.849,0.84672,3695.15,0,36.966,0.359192,2.88999,2.01757,11.3089,1.19736,14.6599,0.42336,36.966,0.42336,423.524,0,1.02816,0,0,3.91815,2.88999,1.028160,1,0,151.404,0,0,0,151.404,0
72.29,2.19997,0,0,5.89752,0.328551,3.36899,3.6288,61.308,0.595765,0,0,4.60319,0.214803,3.79263,0.66528,12.849,1,0.391029,3.36899,0,186.905,3.86853,186.014,0.84672,12.849,0.84672,3695.15,0,36.966,0.35922,5.11909,2.01765,16.7427,1.02713,22.4931,0.42336,36.966,0.42336,423.524,0,1.02816,0,0,6.14725,5.11909,1.028160,1,0,212.3,0,0,0,212.3,0
72.29,2.20008,0,0,5.48308,0.330827,2.95218,3.6288,61.308,0.59581,0,0,2.34367,0.20657,1.54129,0.66528,12.849,1,0.391048,2.95218,0,154.75,3.73412,153.577,0.84672,12.849,0.84672,3695.15,0,36.966,0.359247,3.72072,2.01773,12.3587,0.987663,16.7503,0.42336,36.966,0.42336,423.524,0,1.02816,0,0,4.74888,3.72072,1.028160,1,0,171.869,0,0,0,171.869,0
72.29,2.20019,0,0,8.09334,0.330827,5.56233,3.6288,61.308,0.595855,0,0,5.46419,0.20657,4.66176,0.66528,12.849,1,0.391066,5.56233,0,156.811,3.73412,158.248,0.84672,12.849,0.84672,3695.15,0,36.966,0.359274,8.05315,2.01781,17.8711,0.987663,26.5951,0.42336,36.966,0.42336,423.524,0,1.02816,0,0,9.08131,8.05315,1.028160,1,0,189.505,0,0,0,189.505,0
72.29,2.29007,0,0,4.08777,0.390089,1.40761,3.6288,61.308,0.638077,0,0,2.18468,0.174744,1.37186,0.66528,12.849,1,0.407042,1.40761,0,144.794,3.99924,141.796,0.84672,12.849,0.84672,3695.15,0,36.966,0.384732,3.57153,2.01789,11.3328,0.979131,15.5584,0.42336,36.966,0.42336,423.524,0,1.02816,0,0,4.59969,3.57153,1.028160,1,0,158.726,0,0,0,158.726,0
72.29,2.29018,0,0,4.47974,0.390089,1.79948,3.6288,61.308,0.638125,0,0,2.60915,0.174744,1.79628,0.66528,12.849,1,0.407062,1.79948,0,95.8902,3.99924,93.2834,0.84672,12.849,0.84672,3695.15,0,36.966,0.384761,4.98676,2.09002,11.414,0.979131,17.1269,0.42336,36.966,0.42336,423.524,0,1.02816,0,0,6.01492,4.98676,1.028160,1,0,112.207,0,0,0,112.207,0
72.29,2.29029,0,0,3.45887,0.319866,0.848714,3.6288,61.308,0.638172,0,0,1.48068,0.207443,0.635065,0.66528,12.849,1,0.407081,0.848714,0,62.5295,4.28754,58.6836,0.84672,12.849,0.84672,3695.15,0,36.966,0.384789,2.62784,2.0901,9.42149,0.996345,12.7583,0.42336,36.966,0.42336,423.524,0,1.02816,0,0,3.656,2.62784,1.028160,1,0,72.0769,0,0,0,72.0769,0
72.0577,2.2904,0,0,2.71274,0.291776,0.36288,3.6288,61.308,0.638219,0,0,1.28638,0.220522,0.427634,0.66528,12.849,1,0.407101,0.36288,0,52.1812,4.40286,47.7341,0.84672,12.849,0.84672,3695.15,0,36.966,0.384818,2.27046,2.09018,7.1976,1.00323,10.1702,0.42336,36.966,0.42336,423.524,0,1.02816,0,0,3.29862,2.27046,1.028160,1,0,58.3319,0,0,0,58.3319,0
72.0667,2.2543,0,0,2.90661,0.280385,0.36288,3.6288,61.308,0.621882,0,0,1.35928,0.213475,0.523922,0.66528,12.849,1,0.401977,0.36288,0,57.192,4.06116,53.0917,0.84672,12.849,0.84672,3695.15,0,36.966,0.374968,1.88007,2.09027,6.44456,1.00094,9.03899,0.42336,36.966,0.42336,423.524,0,1.02816,0,0,2.90823,1.88007,1.028160,1,0,62.6546,0,0,0,62.6546,0
71.5599,2.25446,0,0,2.38652,0.276053,0.36288,3.6288,61.308,0.621929,0,0,1.15486,0.210656,0.322272,0.66528,12.849,1,0.401954,0.36288,0,52.1371,3.92448,48.1736,0.84672,12.849,0.84672,3695.15,0,36.966,0.374996,1.57077,2.06231,5.68261,1.00003,7.94066,0.42336,36.966,0.42336,423.524,0,1.02816,0,0,2.59893,1.57077,1.028160,1,0,56.4365,0,0,0,56.4365,0
70.7622,2.25215,0,0,2.09233,0.274989,0.36288,3.6288,61.308,0.621976,0,0,1.08899,0.210656,0.256354,0.66528,12.849,1,0.404387,0.36288,0,47.6056,3.92448,43.6396,0.84672,12.849,0.84672,3695.15,0,36.966,0.375024,1.25626,2.06239,5.29259,1.00003,7.2362,0.42336,36.966,0.42336,423.524,0,1.02816,0,0,2.28442,1.25626,1.028160,1,0,51.1322,0,0,0,51.1322,0
70.147,2.2484,0,0,2.26942,0.273316,0.36288,3.6288,61.308,0.622022,0,0,1.04493,0.210656,0.212252,0.66528,12.849,1,0.408265,0.36288,0,51.3196,3.92448,47.3497,0.84672,12.849,0.84672,3695.15,0,36.966,0.375052,0.827522,2.06247,5.79244,1.00003,7.30736,0.42336,36.966,0.42336,423.524,0,1.02816,0,0,1.85568,0.827522,1.028160,1,0,54.8694,0,0,0,54.8694,0
69.3754,2.36413,0,0,2.16312,0.207688,0.36288,3.6288,61.308,0.66528,0,0,1.07756,0.241354,0.17093,0.66528,12.849,1,0.433043,0.36288,0,46.4787,4.52925,41.8793,0.84672,12.849,0.84672,3695.15,0,36.966,0.425018,0.972518,2.06255,5.29778,1.09614,6.8117,0.42336,36.966,0.42336,423.524,0,1.02816,0,0,2.00068,0.972518,1.028160,1,0,48.8619,0,0,0,48.8619,0
68.3345,2.36018,0,0,1.86348,0.181288,0.36288,3.6288,61.308,0.66528,0,0,0.933984,0.254484,0.0142196,0.66528,12.849,1,0.437128,0.36288,0,40.6593,5.21367,35.3714,0.84672,12.849,0.84672,3695.15,0,36.966,0.425097,0.608576,2.16091,4.4461,1.15677,5.63372,0.42336,36.966,0.42336,423.524,0,1.02816,0,0,1.63674,0.608576,1.028160,1,0,41.0193,0,0,0,41.0193,0
67.2502,2.35468,0,0,1.81304,0.179823,0.36288,3.6288,61.2534,0.66528,0,0,0.865158,0.254484,0,0.66528,12.849,1,0.442753,0.36288,0,37.8019,5.21367,32.5084,0.84672,12.849,0.84672,3695.15,0,36.966,0.425175,0.451639,2.161,4.09489,1.15677,5.12558,0.42336,36.966,0.42336,423.524,0,1.02816,0,0,1.4798,0.451639,1.028160,1,0,37.6339,0,0,0,37.6339,0
65.9634,2.3488,0,0,1.58935,0.164452,0.36288,3.6288,61.1303,0.66528,0,0,0.805974,0.263837,0,0.66528,12.849,1,0.448769,0.36288,0,33.7738,5.32077,28.3672,0.84672,12.849,0.84672,3695.15,0,36.966,0.425254,0.351501,2.16108,3.97293,1.18413,4.87613,0.42336,36.966,0.42336,423.524,0,1.02816,0,0,1.37966,0.351501,1.028160,1,0,33.2433,0,0,0,33.2433,0
64.6341,2.34159,0,0,1.50368,0.12852,0.36288,3.6288,60.9364,0.681584,0,0,0.774913,0.287213,0,0.66528,12.849,1,0.456118,0.36288,0,30.8737,5.58852,25.192,0.84672,12.849,0.84672,3695.15,0,36.966,0.425333,0.30119,2.16117,3.82202,1.25254,4.6065,0.42336,36.966,0.42336,423.524,0,1.01186,0,0,1.31305,0.30119,1.028160,1,0,29.7985,0,0,0,29.7985,0
63.0573,2.31071,0,0,1.20883,0.112003,0.36288,3.6288,60.243,0.975738,0,0,0.503541,0.221163,0,0.66528,12.849,1,0.459361,0.36288,0,24.1709,4.59701,19.4774,0.84672,12.849,0.84672,3695.15,0,36.966,0.591914,0.30119,2.16125,2.86882,1.12395,3.6154,0.42336,36.966,0.42336,423.524,0,0.602407,0,0,0.903597,0.30119,1.028160,1,0,23.0928,0,0,0,23.0928,0
61.3833,2.30128,0,0,1.10073,0.110581,0.36288,3.6288,59.5505,0.970768,0,0,0.498449,0.220192,0,0.66528,12.849,1,0.468925,0.36288,0,23.9839,4.59701,19.2809,0.84672,12.849,0.84672,3695.15,0,36.966,0.595678,0.30119,2.1957,2.76108,1.12395,3.53835,0.42336,36.966,0.42336,423.524,0,0.603694,0,0,0.904884,0.30119,1.028160,1,0,22.8192,0,0,0,22.8192,0
59.6165,2.29082,0,0,0.995907,0.10907,0.36288,3.6288,58.7827,1.01116,0,0,0.46258,0.219221,0,0.66528,12.849,1,0.479523,0.36288,0,21.5378,4.59701,16.8241,0.84672,12.849,0.84672,3695.15,0,36.966,0.62768,0.261274,2.19579,2.64813,1.12395,3.35357,0.42336,36.966,0.42336,423.524,0,0.531377,0,0,0.792651,0.261274,1.028160,1,0,20.1777,0,0,0,20.1777,0
57.8416,2.27924,0,0,0.948828,0.0815962,0.36288,3.6288,57.9337,1.0038,0,0,0.437683,0.282909,0,0.66528,12.849,1,0.491238,0.36288,0,19.5117,5.44391,13.9394,0.84672,12.849,0.84672,3695.15,0,36.966,0.63125,0.261274,2.19587,2.50893,1.43308,2.90174,0.42336,36.966,0.42336,423.524,0,0.535248,0,0,0.796522,0.261274,1.028160,1,0,16.8412,0,0,0,16.8412,0
55.9657,2.32569,0,0,0.882688,0.0699717,0.36288,3.6288,56.967,1.07503,0,0,0.398515,0.290124,0,0.66528,12.849,1,0.516632,0.36288,0,19.0332,5.77994,13.0995,0.84672,12.849,0.84672,3695.15,0,36.966,0.685948,0.261274,2.19596,2.36498,1.47931,2.65696,0.42336,36.966,0.42336,423.524,0,0.455052,0,0,0.716325,0.261274,1.028160,1,0,15.7565,0,0,0,15.7565,0
54.1059,2.31172,0,0,0.879068,0.0642657,0.36288,3.6288,55.9864,1.08142,0,0,0.387622,0.286839,0,0.66528,12.849,1,0.530741,0.36288,0,18.7994,5.9261,12.7055,0.84672,12.849,0.84672,3695.15,0,36.966,0.701737,0.261274,2.24475,2.34166,1.47534,2.67062,0.42336,36.966,0.42336,423.524,0,0.43295,0,0,0.694224,0.261274,1.028160,1,0,15.3761,0,0,0,15.3761,0
52.1613,2.29709,0,0,0.778464,0.0630768,0.36288,3.6288,54.9624,1.10295,0,0,0.363999,0.285011,0,0.66528,12.849,1,0.545509,0.36288,0,17.7124,5.9261,11.6037,0.84672,12.849,0.84672,3695.15,0,36.966,0.728241,0.261274,2.24484,2.31887,1.47534,2.62141,0.42336,36.966,0.42336,423.524,0,0.385004,0,0,0.646277,0.261274,1.028160,1,0,14.2251,0,0,0,14.2251,0
50.1629,2.28088,0,0,0.707149,0.0618337,0.36288,3.6288,53.9339,1.0996,0,0,0.354138,0.283102,0,0.66528,12.849,1,0.561853,0.36288,0,16.6736,5.9261,10.5485,0.84672,12.849,0.84672,3695.15,0,36.966,0.739553,0.227405,2.24493,2.2361,1.47534,2.49355,0.42336,36.966,0.42336,423.524,0,0.377127,0,0,0.604532,0.227405,1.028160,1,0,13.042,0,0,0,13.042,0
47.9302,2.43039,0,0,0.607571,0.0470125,0.36288,3.6288,52.8015,1.19494,0,0,0.349571,0.287021,0,0.66528,12.849,1,0.622534,0.36288,0,15.6334,6.24261,9.13112,0.84672,12.849,0.84672,3695.15,0,36.966,0.819007,0.227405,2.24502,2.3132,1.4973,2.46932,0.42336,36.966,0.42336,423.524,0,0.367193,0,0,0.594598,0.227405,1.028160,1,0,11.6004,0,0,0,11.6004,0
45.7307,2.40764,0,0,0.602166,0.0311005,0.36288,3.6288,51.6385,1.18123,0,0,0.312481,0.294241,0,0.66528,12.849,1,0.645434,0.36288,0,13.4857,6.84999,6.3532,0.84672,12.849,0.84672,3695.15,0,36.966,0.826976,0.227405,2.41179,2.37125,1.62673,2.55673,0.42336,36.966,0.42336,423.524,0,0.373022,0,0,0.600427,0.227405,1.028160,1,0,8.90994,0,0,0,8.90994,0
43.6148,2.38352,0,0,0.660856,0.0303535,0.36288,3.6288,50.6472,1.08561,0,0,0.385869,0.291499,0,0.66528,12.849,1,0.669699,0.36288,0,17.3437,6.84999,10.1869,0.84672,12.849,0.84672,3695.15,0,36.966,0.777147,0.227405,2.41189,2.58675,1.62673,2.82216,0.42336,36.966,0.42336,423.524,0,0.518565,0,0,0.74597,0.227405,1.028160,1,0,13.009,0,0,0,13.009,0
41.3947,2.35854,0,0,0.530897,0.0296349,0.36288,3.6288,49.4417,1.19543,0,0,0.279094,0.289162,0,0.66528,12.849,1,0.694828,0.36288,0,16.9474,6.84999,9.76551,0.84672,12.849,0.84672,3695.15,0,36.966,0.872513,0.204422,2.41198,2.07657,1.62673,2.19373,0.42336,36.966,0.42336,423.524,0,0.313468,0,0,0.51789,0.204422,1.028160,1,0,11.9592,0,0,0,11.9592,0
39.3339,2.33021,0,0,0.661173,0.0288808,0.36288,3.6288,48.7142,0.918216,0,0,0.477027,0.28632,0,0.66528,12.849,1,0.723302,0.36288,0,15.4783,6.84999,8.26789,0.84672,12.849,0.84672,3695.15,0,36.966,0.688063,0.204422,2.41208,3.21079,1.62673,3.5125,0.42336,36.966,0.42336,423.524,0,0.775224,0,0,0.979646,0.204422,1.028160,1,0,11.7804,0,0,0,11.7804,0
37.0901,2.22457,0,0,0.366464,0.0227914,0.36288,3.6288,47.6108,1.08552,0,0,0.251648,0.269551,0,0.66528,12.5726,1,0.726689,0.36288,0,9.80986,6.51699,3.20544,0.84672,12.5726,0.84672,3695.15,0,36.966,0.823729,0.204422,2.41218,2.22131,1.608,2.40618,0.42336,36.966,0.42336,423.524,0,0.372305,0,0,0.576728,0.204422,1.028160,1,0,5.61162,0,0,0,5.61162,0
34.9762,2.20422,0,0,0.491009,0.0377855,0.36288,3.6288,46.6087,1.02258,0,0,0.270446,0.250019,0,0.66528,12.849,1,0.747176,0.36288,0,10.2198,6.33265,3.22649,0.84672,12.849,0.84672,3695.15,0,36.966,0.793952,0.204422,2.31579,2.01385,1.56063,2.17949,0.42336,36.966,0.42336,423.524,0,0.465107,0,0,0.669529,0.204422,1.028160,1,0,5.40598,0,0,0,5.40598,0
33.0921,2.15856,0,0,0.674145,0.0368405,0.36288,3.6288,46.0212,0.776936,0,0,0.437429,0.247898,0,0.66528,12.849,1,0.792977,0.36288,0,19.6341,6.33265,12.8714,0.84672,12.849,0.84672,3695.15,0,36.966,0.616199,0.216518,2.31589,3.57357,1.56063,3.92915,0.42336,36.966,0.42336,423.524,0,0.888589,0,0,1.10511,0.216518,1.028160,1,0,16.8005,0,0,0,16.8005,0
31.1238,2.12614,0,0,0.580991,0.060216,0.36288,3.6288,45.165,0.94195,0,0,0.32218,0.236426,0,0.66528,12.849,1,0.825539,0.36288,0,22.1082,6.30664,15.3389,0.84672,12.849,0.84672,3695.15,0,36.966,0.756609,0.216518,2.31598,2.23509,1.5723,2.43868,0.42336,36.966,0.42336,423.524,0,0.583252,0,0,0.79977,0.216518,1.028160,1,0,17.7776,0,0,0,17.7776,0
29.6932,2.02979,0,0,1.10005,0.137995,0.36288,3.6288,44.4933,0.83075,0,0,0.352205,0.193198,0,0.66528,12.849,1,0.837967,0.36288,0,22.1469,5.42721,16.2446,0.84672,12.849,0.84672,3695.15,0,36.966,0.67994,0.216518,2.31607,3.12279,1.37606,3.59938,0.42336,36.966,0.42336,423.524,0,0.68013,0,0,0.896649,0.216518,1.028160,1,0,19.844,0,0,0,19.844,0
28.5775,2.00171,0,0,1.41067,0.161799,0.36288,3.6288,43.8347,0.837787,0,0,0.349661,0.170482,0,0.66528,12.849,1,0.866188,0.36288,0,23.1295,4.34133,18.2848,0.84672,12.849,0.84672,3695.15,0,36.966,0.696052,0.216518,2.23005,4.218,1.07548,4.89303,0.42336,36.966,0.42336,423.524,0,0.657063,0,0,0.873582,0.216518,1.028160,1,0,23.1778,0,0,0,23.1778,0
27.9378,1.97847,0,0,1.86099,0.159371,0.36288,3.6288,43.8301,0.630836,0,0,0.795664,0.169427,0,0.66528,12.849,1,0.889559,0.36288,0,30.9456,4.34133,26.0776,0.84672,12.849,0.84672,3695.15,0,36.966,0.531987,1.19928,2.23013,7.49751,1.07548,9.31946,0.42336,36.966,0.42336,423.524,0,1.02816,0,0,2.22744,1.19928,1.028160,1,0,35.3971,0,0,0,35.3971,0
30.4884,1.96461,0,0,5.03608,0.157978,0.36288,3.6288,44.8792,0.630851,0,0,1.84939,0.169419,0,0.66528,12.849,1,0.903555,0.36288,0,92.428,4.34133,87.546,0.84672,12.849,0.84672,3695.15,0,36.966,0.532055,2.99611,2.23022,13.0675,1.07548,16.6863,0.42336,36.966,0.42336,423.524,0,1.02816,0,0,4.02427,2.99611,1.028160,1,0,104.232,0,0,0,104.232,0
30.909,1.61172,0,0,2.58196,0.186729,0.36288,3.6288,45.3278,0.426107,0,0,1.02247,0.147813,0,0.66528,12.849,1,0.679243,0.36288,0,45.0938,3.78372,40.9937,0.84672,12.849,0.84672,3695.15,0,36.966,0.350974,0.897947,2.23031,7.3849,0.901832,9.26035,0.42336,36.966,0.42336,423.524,0,1.02816,0,0,1.92611,0.897947,1.028160,1,0,50.2541,0,0,0,50.2541,0
30.9295,1.61833,0,0,2.19015,0.188459,0.36288,3.6288,45.7118,0.428056,0,0,0.996183,0.184071,0,0.66528,12.849,1,0.672747,0.36288,0,59.812,3.73601,55.7662,0.84672,12.849,0.84672,3695.15,0,36.966,0.349091,2.00854,1.82406,6.54836,0.978778,9.05309,0.42336,36.966,0.42336,423.524,0,1.02816,0,0,3.0367,2.00854,1.028160,1,0,64.8193,0,0,0,64.8193,0
31.0855,1.61873,0,0,2.32612,0.18851,0.36288,3.6288,46.0663,0.429713,0,0,0.968959,0.184731,0,0.66528,12.849,1,0.672465,0.36288,0,60.087,3.73601,56.0414,0.84672,12.849,0.84672,3695.15,0,36.966,0.347498,1.72448,1.82413,5.81276,0.978778,8.03509,0.42336,36.966,0.42336,423.524,0,1.02816,0,0,2.75264,1.72448,1.028160,1,0,64.0765,0,0,0,64.0765,0
30.8501,1.62119,0,0,1.93756,0.188899,0.36288,3.6288,46.3946,0.431233,0,0,0.94481,0.185339,0,0.66528,12.849,1,0.67011,0.36288,0,59.8473,3.73601,55.8041,0.84672,12.849,0.84672,3695.15,0,36.966,0.346043,1.58255,1.8242,5.80626,0.978778,7.88819,0.42336,36.966,0.42336,423.524,0,1.02816,0,0,2.61071,1.58255,1.028160,1,0,63.6923,0,0,0,63.6923,0
31.8939,1.61766,0,0,3.21148,0.187081,0.36288,3.6288,46.6988,0.432632,0,0,0.942037,0.205212,0,0.66528,12.849,1,0.673753,0.36288,0,55.7647,4.3975,51.0563,0.84672,12.849,0.84672,3695.15,0,36.966,0.34471,2.06787,1.82427,6.07102,1.18414,8.43431,0.42336,36.966,0.42336,423.524,0,1.02816,0,0,3.09603,2.06787,1.028160,1,0,59.4907,0,0,0,59.4907,0
34.6167,1.63338,0,0,4.90469,0.185684,0.36288,3.6288,48.4734,0.433885,0,0,2.41213,0.203616,0,0.66528,12.849,1,0.658034,0.36288,0,133.225,4.43163,128.498,0.84672,12.849,0.84672,3695.15,0,36.966,0.343456,5.13031,1.82434,11.9289,1.17017,17.3699,0.42336,36.966,0.42336,423.524,0,1.02816,0,0,6.15847,5.13031,1.028160,1,0,145.868,0,0,0,145.868,0
36.4743,1.73047,0,0,4.12816,0.17722,0.36288,3.6288,48.6259,0.468629,0,0,0.789273,0.168113,0,0.66528,12.849,1,0.642315,0.36288,0,112.968,3.87945,108.809,0.84672,12.849,0.84672,3695.15,0,36.966,0.357379,3.40422,1.82434,8.02976,0.838203,12.0627,0.42336,36.966,0.42336,423.524,0,1.02816,0,0,4.43238,3.40422,1.028160,1,0,120.872,0,0,0,120.872,0
37.8323,1.75474,0,0,3.65453,0.178913,0.36288,3.6288,48.668,0.4693,0,0,0.674361,0.163023,0,0.66528,12.849,1,0.61815,0.36288,0,100.921,3.81822,96.8478,0.84672,12.849,0.84672,3695.15,0,36.966,0.356767,2.95574,1.87719,7.16939,0.794075,10.8515,0.42336,36.966,0.42336,423.524,0,1.02816,0,0,3.9839,2.95574,1.028160,1,0,107.699,0,0,0,107.699,0
38.8394,1.77137,0,0,3.32322,0.181809,0.36288,3.6288,48.6489,0.469508,0,0,0.613469,0.16308,0,0.66528,12.849,1,0.601613,0.36288,0,91.2989,3.81822,87.2419,0.84672,12.849,0.84672,3695.15,0,36.966,0.356617,2.60465,1.87725,6.59353,0.794075,9.92474,0.42336,36.966,0.42336,423.524,0,1.02816,0,0,3.63281,2.60465,1.028160,1,0,97.1667,0,0,0,97.1667,0
40.1015,1.78317,0,0,3.59688,0.188814,0.36288,3.6288,48.8602,0.469462,0,0,0.835353,0.15457,0,0.66528,12.849,1,0.589916,0.36288,0,92.3452,3.79293,88.3252,0.84672,12.849,0.84672,3695.15,0,36.966,0.356722,2.54698,1.87732,7.24032,0.85038,10.4575,0.42336,36.966,0.42336,423.524,0,1.02816,0,0,3.57514,2.54698,1.028160,1,0,98.7827,0,0,0,98.7827,0
42.5883,1.99495,0,0,5.04862,0.203928,0.36288,3.6288,50.6036,0.57426,0,0,2.45124,0.133594,0,0.66528,12.849,1,0.639208,0.36288,0,96.4639,3.72971,92.4578,0.84672,12.849,0.84672,3695.15,0,36.966,0.434466,3.49596,1.87738,14.419,0.99114,18.3667,0.42336,36.966,0.42336,423.524,0,1.02816,0,0,4.52412,3.49596,1.028160,1,0,110.825,0,0,0,110.825,0
46.4771,2.02371,0,0,6.48533,0.209983,0.36288,3.6288,51.862,0.582947,0,0,1.97693,0.135521,0,0.66528,12.849,1,0.610559,0.36288,0,149.607,3.72971,145.629,0.84672,12.849,0.84672,3695.15,0,36.966,0.425844,5.77701,2.06734,17.3368,0.99114,23.7641,0.42336,36.966,0.42336,423.524,0,1.02816,0,0,6.80517,5.77701,1.028160,1,0,169.394,0,0,0,169.394,0
49.7084,2.06382,0,0,5.9157,0.257681,0.36288,3.6288,53.0622,0.589019,0,0,1.91133,0.122139,0,0.66528,12.849,1,0.570562,0.36288,0,127.753,3.84214,123.703,0.84672,12.849,0.84672,3695.15,0,36.966,0.419838,6.38067,2.06741,14.8384,0.943919,21.9228,0.42336,36.966,0.42336,423.524,0,1.02816,0,0,7.40883,6.38067,1.028160,1,0,145.626,0,0,0,145.626,0
56.5252,2.09338,0,0,9.56359,0.290485,0.36288,3.6288,54.043,0.594654,0,0,1.73713,0.161697,0,0.66528,12.849,1,0.541113,0.36288,0,167.247,3.66765,163.401,0.84672,12.849,0.84672,3695.15,0,36.966,0.414269,4.86862,2.06748,16.2515,0.999598,21.7737,0.42336,36.966,0.42336,423.524,0,1.02816,0,0,5.89678,4.86862,1.028160,1,0,185.175,0,0,0,185.175,0
58.9242,1.84331,0,0,4.89725,0.292096,0.36288,3.6288,55.4343,0.453713,0,0,2.01542,0.170424,0,0.66528,12.849,1,0.419011,0.36288,0,96.9209,3.45975,93.405,0.84672,12.849,0.84672,3695.15,0,36.966,0.310345,2.51637,2.06755,12.3928,1.00858,15.6578,0.42336,36.966,0.42336,423.524,0,1.02816,0,0,3.54453,2.51637,1.028160,1,0,109.063,0,0,0,109.063,0
63.0323,1.8574,0,0,6.62738,0.299028,0.36288,3.6288,57.6121,0.45842,0,0,2.80826,0.171995,0,0.66528,12.849,1,0.405023,0.36288,0,152.204,3.45975,148.702,0.84672,12.849,0.84672,3695.15,0,36.966,0.305694,4.20395,1.80863,15.5742,1.00858,20.2725,0.42336,36.966,0.42336,423.524,0,1.02816,0,0,5.23211,4.20395,1.028160,1,0,168.975,0,0,0,168.975,0
68.7565,1.8794,0,0,8.27263,0.306107,0.36288,3.6288,60.0853,0.465493,0,0,3.07962,0.140894,0,0.66528,12.849,1,0.383113,0.36288,0,199.409,2.92182,196.467,0.84672,12.849,0.84672,3695.15,0,36.966,0.298677,5.12819,1.80869,20.6991,0.916453,26.4209,0.42336,36.966,0.42336,423.524,0,1.02816,0,0,6.15635,5.12819,1.028160,1,0,222.888,0,0,0,222.888,0
72.29,2.18849,0,0,7.56639,0.319743,1.52466,3.6288,61.308,0.593563,0,0,2.63228,0.137467,0.678585,0.66528,12.849,1,0.408977,1.52466,0,223.055,2.83216,221.339,0.84672,12.849,0.84672,3695.15,0,36.966,0.365175,4.65058,1.80875,18.6619,0.901098,23.8549,0.42336,36.966,0.42336,423.524,0,1.02816,0,0,5.67874,4.65058,1.028160,1,0,245.872,0,0,0,245.872,0
72.29,2.20555,0,0,6.24866,0.331775,3.71134,3.6288,61.308,0.598146,0,0,2.2276,0.174673,1.45478,0.66528,12.849,1,0.39202,3.71134,0,135.785,3.56647,135.537,0.84672,12.849,0.84672,3695.15,0,36.966,0.360655,2.85274,2.02184,15.8788,1.03934,19.3533,0.42336,36.966,0.42336,423.524,0,1.02816,0,0,3.8809,2.85274,1.028160,1,0,156.345,0,0,0,156.345,0
72.29,2.29562,0,0,4.98372,0.332312,2.35579,3.6288,61.308,0.640454,0,0,2.14002,0.180695,1.31888,0.66528,12.849,1,0.408028,2.35579,0,84.0275,3.68886,82.2864,0.84672,12.849,0.84672,3695.15,0,36.966,0.386165,2.81384,2.02191,10.361,1.06238,13.7482,0.42336,36.966,0.42336,423.524,0,1.02816,0,0,3.842,2.81384,1.028160,1,0,97.3534,0,0,0,97.3534,0
72.29,2.29571,0,0,4.63731,0.332312,2.00929,3.6288,61.308,0.640495,0,0,2.31562,0.180695,1.49443,0.66528,12.849,1,0.408046,2.00929,0,71.6714,3.68886,69.5838,0.84672,12.849,0.84672,3695.15,0,36.966,0.38619,2.67118,2.09419,13.4686,1.06238,16.7854,0.42336,36.966,0.42336,423.524,0,1.02816,0,0,3.69934,2.67118,1.028160,1,0,87.8636,0,0,0,87.8636,0
72.29,2.29581,0,0,4.24403,0.322591,1.62563,3.6288,61.308,0.640537,0,0,2.95494,0.177214,2.13719,0.66528,12.849,1,0.408063,1.62563,0,68.269,3.47177,66.0148,0.84672,12.849,0.84672,3695.15,0,36.966,0.386215,3.65018,2.09426,11.9062,1.01804,16.2464,0.42336,36.966,0.42336,423.524,0,1.02816,0,0,4.67834,3.65018,1.028160,1,0,84.3983,0,0,0,84.3983,0
72.29,2.29591,0,0,3.79946,0.284215,1.21934,3.6288,61.308,0.640578,0,0,1.46743,0.205008,0.62184,0.66528,12.849,1,0.40808,1.21934,0,69.1556,4.17082,65.796,0.84672,12.849,0.84672,3695.15,0,36.966,0.38624,1.78074,2.09433,8.10786,1.10448,10.4922,0.42336,36.966,0.42336,423.524,0,1.02816,0,0,2.8089,1.78074,1.028160,1,0,76.9101,0,0,0,76.9101,0
72.29,2.26082,0,0,3.61598,0.267954,1.0872,3.6288,61.308,0.6242,0,0,0.955247,0.217635,0.113411,0.66528,12.849,1,0.401844,1.0872,0,68.2664,4.53317,64.4186,0.84672,12.849,0.84672,3695.15,0,36.966,0.376365,1.03069,2.0944,7.92124,1.13944,9.53053,0.42336,36.966,0.42336,423.524,0,1.02816,0,0,2.05885,1.03069,1.028160,1,0,74.0625,0,0,0,74.0625,0
72.29,2.26092,0,0,3.35269,0.256305,0.835471,3.6288,61.308,0.624241,0,0,0.887674,0.223379,0.0400533,0.66528,12.849,1,0.401861,0.835471,0,63.1599,4.51464,59.0788,0.84672,12.849,0.84672,3695.15,0,36.966,0.37639,1.07806,2.06638,6.87177,1.1292,8.51062,0.42336,36.966,0.42336,423.524,0,1.02816,0,0,2.10622,1.07806,1.028160,1,0,67.6295,0,0,0,67.6295,0
72.29,2.26101,0,0,2.95677,0.186415,0.509346,3.6288,61.2625,0.624282,0,0,0.836663,0.257843,0,0.66528,12.849,1,0.401878,0.509346,0,58.5383,4.40349,54.2423,0.84672,12.849,0.84672,3695.15,0,36.966,0.376414,1.42223,2.06645,6.53941,1.06779,8.58389,0.42336,36.966,0.42336,423.524,0,1.02816,0,0,2.45039,1.42223,1.028160,1,0,62.8262,0,0,0,62.8262,0
71.9788,2.26111,0,0,2.49973,0.186993,0.36288,3.6288,61.1466,0.624149,0,0,0.760674,0.252467,0,0.66528,12.849,1,0.401895,0.36288,0,34.5447,4.32105,30.1846,0.84672,12.849,0.84672,3695.15,0,36.966,0.376613,1.21608,2.06652,5.59476,1.08921,7.41154,0.42336,36.966,0.42336,423.524,0,1.02816,0,0,2.24424,1.21608,1.028160,1,0,37.5962,0,0,0,37.5962,0
71.5965,2.37909,0,0,2.50419,0.144449,0.36288,3.6288,60.907,0.66528,0,0,0.656856,0.231195,0,0.66528,12.849,1,0.424694,0.36288,0,45.4518,4.15149,41.2385,0.84672,12.849,0.84672,3695.15,0,36.966,0.428896,0.96908,2.06659,4.91073,1.15759,6.35991,0.42336,36.966,0.42336,423.524,0,1.02816,0,0,1.99724,0.96908,1.028160,1,0,47.5985,0,0,0,47.5985,0
71.1164,2.37727,0,0,2.39645,0.136458,0.36288,3.6288,60.6997,0.66528,0,0,0.690621,0.232625,0,0.66528,12.849,1,0.426635,0.36288,0,42.7051,4.20567,38.4357,0.84672,12.849,0.84672,3695.15,0,36.966,0.428965,0.957882,2.16515,5.11598,1.14756,6.66248,0.42336,36.966,0.42336,423.524,0,1.02816,0,0,1.98604,0.957882,1.028160,1,0,45.0982,0,0,0,45.0982,0
70.532,2.37493,0,0,2.28937,0.135958,0.36288,3.6288,60.4956,0.66528,0,0,0.693541,0.232319,0,0.66528,12.849,1,0.429092,0.36288,0,40.124,4.20567,35.8521,0.84672,12.849,0.84672,3695.15,0,36.966,0.429034,0.870385,2.16522,4.91937,1.14756,6.37839,0.42336,36.966,0.42336,423.524,0,1.02816,0,0,1.89854,0.870385,1.028160,1,0,42.2305,0,0,0,42.2305,0
69.8021,2.37202,0,0,2.14034,0.13535,0.36288,3.6288,60.244,0.66528,0,0,0.645633,0.232018,0,0.66528,12.849,1,0.432118,0.36288,0,37.4475,4.20567,33.1726,0.84672,12.849,0.84672,3695.15,0,36.966,0.429103,0.768735,2.1653,4.65987,1.14756,6.01724,0.42336,36.966,0.42336,423.524,0,1.02816,0,0,1.7969,0.768735,1.028160,1,0,39.1898,0,0,0,39.1898,0
68.7227,2.36831,0,0,1.76521,0.113365,0.36288,3.6288,60.0493,0.66528,0,0,0.714701,0.244141,0,0.66528,12.849,1,0.435952,0.36288,0,34.8483,4.88516,29.8901,0.84672,12.849,0.84672,3695.15,0,36.966,0.429172,1.06021,2.16537,4.13496,1.1328,5.79857,0.42336,36.966,0.42336,423.524,0,1.02816,0,0,2.08837,1.06021,1.028160,1,0,35.6887,0,0,0,35.6887,0
67.5692,2.33919,0,0,1.66876,0.120189,0.36288,3.6288,59.8353,0.66528,0,0,0.687476,0.236174,0,0.66528,12.849,1,0.437356,0.36288,0,32.7249,4.7712,27.8793,0.84672,12.849,0.84672,3695.15,0,36.966,0.480556,1.0656,2.16545,4.14,1.09808,5.79241,0.42336,36.966,0.42336,423.524,0,1.02816,0,0,2.09376,1.0656,1.028160,1,0,33.6717,0,0,0,33.6717,0
66.3037,2.33302,0,0,1.52186,0.0914317,0.36288,3.6288,59.5573,0.66528,0,0,0.669384,0.282051,0,0.66528,12.849,1,0.443648,0.36288,0,31.1206,5.42271,25.6171,0.84672,12.849,0.84672,3695.15,0,36.966,0.480627,0.894335,2.19996,3.99014,1.31858,5.28523,0.42336,36.966,0.42336,423.524,0,1.02816,0,0,1.9225,0.894335,1.028160,1,0,30.9023,0,0,0,30.9023,0
64.9031,2.32602,0,0,1.37494,0.0866422,0.36288,3.6288,59.2447,0.66528,0,0,0.632638,0.279963,0,0.66528,12.849,1,0.45076,0.36288,0,28.5068,6.0059,22.413,0.84672,12.849,0.84672,3695.15,0,36.966,0.480698,0.946486,2.20003,3.94654,1.53136,5.081,0.42336,36.966,0.42336,423.524,0,1.02816,0,0,1.97465,0.946486,1.028160,1,0,27.494,0,0,0,27.494,0
63.5587,2.318,0,0,1.41375,0.0773206,0.36288,3.6288,58.8846,0.66528,0,0,0.598904,0.293769,0,0.66528,12.849,1,0.458899,0.36288,0,28.1102,6.08645,21.9278,0.84672,12.849,0.84672,3695.15,0,36.966,0.480769,0.859576,2.20011,3.79124,1.53334,4.83681,0.42336,36.966,0.42336,423.524,0,1.02816,0,0,1.88774,0.859576,1.028160,1,0,26.7646,0,0,0,26.7646,0
62.1565,2.36981,0,0,1.39595,0.0654629,0.36288,3.6288,58.4474,0.66528,0,0,0.540256,0.312201,0,0.66528,12.849,1,0.479079,0.36288,0,27.1867,6.19384,20.8767,0.84672,12.849,0.84672,3695.15,0,36.966,0.52658,0.663604,2.20019,3.53212,1.53598,4.33334,0.42336,36.966,0.42336,423.524,0,1.02816,0,0,1.69176,0.663604,1.028160,1,0,25.21,0,0,0,25.21,0
60.6035,2.36095,0,0,1.2356,0.064717,0.36288,3.6288,57.9778,0.66528,0,0,0.507082,0.311325,0,0.66528,12.849,1,0.488056,0.36288,0,25.6639,6.19384,19.3449,0.84672,12.849,0.84672,3695.15,0,36.966,0.526653,0.577169,2.24907,3.53411,1.53598,4.29771,0.42336,36.966,0.42336,423.524,0,1.02816,0,0,1.60533,0.577169,1.028160,1,0,23.6426,0,0,0,23.6426,0
58.9557,2.35073,0,0,1.1297,0.0638909,0.36288,3.6288,57.492,0.66528,0,0,0.48983,0.310384,0,0.66528,12.849,1,0.498395,0.36288,0,24.1013,6.19384,17.7719,0.84672,12.849,0.84672,3695.15,0,36.966,0.526726,0.450947,2.24915,3.36726,1.53598,4.00464,0.42336,36.966,0.42336,423.524,0,1.02816,0,0,1.47911,0.450947,1.028160,1,0,21.7766,0,0,0,21.7766,0
57.1747,2.33939,0,0,0.969408,0.0481939,0.36288,3.6288,56.9989,0.66528,0,0,0.487826,0.315618,0,0.66528,12.849,1,0.509854,0.36288,0,22.9892,6.45315,16.3891,0.84672,12.849,0.84672,3695.15,0,36.966,0.526798,0.436475,2.24923,3.34587,1.55126,3.95352,0.42336,36.966,0.42336,423.524,0,1.02816,0,0,1.46464,0.436475,1.028160,1,0,20.3426,0,0,0,20.3426,0
54.8564,2.49839,0,0,0.581654,0.0386435,0.36288,3.6288,56.4586,0.66528,0,0,0.409239,0.284273,0,0.66528,12.849,1,0.561469,0.36288,0,14.9051,5.91413,8.79241,0.84672,12.849,0.84672,3695.15,0,36.966,0.691995,0.498044,2.2493,2.6094,1.51297,3.15178,0.42336,36.966,0.42336,423.524,0,1.02816,0,0,1.5262,0.498044,1.028160,1,0,11.9442,0,0,0,11.9442,0
52.5458,2.47927,0,0,0.569328,0.037763,0.36288,3.6288,55.8927,0.66528,0,0,0.38263,0.283275,0,0.66528,12.849,1,0.580718,0.36288,0,13.6013,5.91413,7.46938,0.84672,12.849,0.84672,3695.15,0,36.966,0.692074,0.412309,2.4164,2.61903,1.51297,3.2427,0.42336,36.966,0.42336,423.524,0,1.02816,0,0,1.44047,0.412309,1.028160,1,0,10.7121,0,0,0,10.7121,0
50.5144,2.45885,0,0,0.82715,0.0368854,0.36288,3.6288,55.3848,0.66528,0,0,0.439654,0.282229,0,0.66528,12.849,1,0.601261,0.36288,0,15.4909,5.91413,9.33841,0.84672,12.849,0.84672,3695.15,0,36.966,0.692153,0.66833,2.41649,2.90378,1.51297,3.78348,0.42336,36.966,0.42336,423.524,0,1.02816,0,0,1.69649,0.66833,1.028160,1,0,13.1219,0,0,0,13.1219,0
48.8425,2.43967,0,0,1.19216,0.0614241,0.36288,3.6288,55.0292,0.66528,0,0,0.581952,0.272264,0,0.66528,12.849,1,0.620564,0.36288,0,25.2743,5.78271,19.2339,0.84672,12.849,0.84672,3695.15,0,36.966,0.692232,0.810847,2.41657,3.23279,1.48645,4.28153,0.42336,36.966,0.42336,423.524,0,1.02816,0,0,1.83901,0.810847,1.028160,1,0,23.5155,0,0,0,23.5155,0
46.5791,2.42296,0,0,0.569187,0.0467718,0.36288,3.6288,54.5681,0.66528,0,0,0.440901,0.236786,0,0.66528,12.849,1,0.637407,0.36288,0,15.7532,5.59573,9.88296,0.84672,12.849,0.84672,3695.15,0,36.966,0.692311,0.730477,2.41666,2.01131,1.42945,3.03669,0.42336,36.966,0.42336,423.524,0,1.02816,0,0,1.75864,0.730477,1.028160,1,0,12.9196,0,0,0,12.9196,0
44.192,2.31836,0,0,0.338297,0.0442214,0.36288,3.6288,53.5534,0.983634,0,0,0.192967,0.223961,0,0.66528,12.849,1,0.639527,0.36288,0,9.60699,5.44457,3.88578,0.84672,12.849,0.84672,3695.15,0,36.966,0.666342,0.204422,2.41674,1.235,1.40769,1.78214,0.42336,36.966,0.42336,423.524,0,0.63561,0,0,0.840033,0.204422,1.028160,1,0,5.66792,0,0,0,5.66792,0
41.8322,2.29169,0,0,0.352953,0.0581438,0.36288,3.6288,52.5327,0.998578,0,0,0.185769,0.207967,0,0.66528,12.849,1,0.666319,0.36288,0,9.23417,5.23693,3.6938,0.84672,12.849,0.84672,3695.15,0,36.966,0.689282,0.216518,2.32015,1.24282,1.34279,1.74742,0.42336,36.966,0.42336,423.524,0,0.597802,0,0,0.81432,0.216518,1.028160,1,0,5.44122,0,0,0,5.44122,0
40.0855,2.26303,0,0,1.02391,0.144703,0.36288,3.6288,52.1846,0.66528,0,0,0.437752,0.120502,0,0.66528,12.849,1,0.695103,0.36288,0,27.8319,3.99115,23.5086,0.84672,12.849,0.84672,3695.15,0,36.966,0.592297,0.226765,2.32023,3.26424,0.953401,4.26554,0.42336,36.966,0.42336,423.524,0,1.02816,0,0,1.25493,0.226765,1.028160,1,0,27.7741,0,0,0,27.7741,0
38.2106,2.24019,0,0,0.849718,0.121512,0.36288,3.6288,51.6969,0.690198,0,0,0.340907,0.138454,0,0.66528,12.849,1,0.71807,0.36288,0,24.8186,3.91447,20.5489,0.84672,12.849,0.84672,3695.15,0,36.966,0.592372,0.216518,2.32031,2.17123,0.912723,3.20297,0.42336,36.966,0.42336,423.524,0,1.00324,0,0,1.21976,0.216518,1.028160,1,0,23.7519,0,0,0,23.7519,0
36.5278,2.15088,0,0,0.996814,0.165909,0.36288,3.6288,50.9459,0.889705,0,0,0.30876,0.170057,0,0.66528,12.849,1,0.723271,0.36288,0,22.1746,3.85906,17.9551,0.84672,12.849,0.84672,3695.15,0,36.966,0.636186,0.216518,2.3204,2.41061,0.984647,3.32669,0.42336,36.966,0.42336,423.524,0,0.668736,0,0,0.885254,0.216518,1.028160,1,0,21.2818,0,0,0,21.2818,0
34.7001,2.12632,0,0,0.824161,0.162649,0.36288,3.6288,50.2025,0.840436,0,0,0.266044,0.169025,0,0.66528,12.849,1,0.747952,0.36288,0,17.7836,3.85906,13.5395,0.84672,12.849,0.84672,3695.15,0,36.966,0.609815,0.216518,2.23418,2.33829,0.984647,3.19453,0.42336,36.966,0.42336,423.524,0,0.744448,0,0,0.960967,0.216518,1.028160,1,0,16.734,0,0,0,16.734,0
34.1761,2.09765,0,0,2.09561,0.159108,0.36288,3.6288,50.2209,0.66528,0,0,0.851753,0.168003,0,0.66528,12.849,1,0.776735,0.36288,0,49.6151,3.85906,45.3422,0.84672,12.849,0.84672,3695.15,0,36.966,0.501331,1.89596,2.23426,5.4647,0.984647,8.10894,0.42336,36.966,0.42336,423.524,0,1.02816,0,0,2.92412,1.89596,1.028160,1,0,53.4511,0,0,0,53.4511,0
34.0164,2.08909,0,0,2.46598,0.173643,0.36288,3.6288,50.5007,0.66528,0,0,1.09862,0.153534,0,0.66528,12.849,1,0.785423,0.36288,0,59.1966,3.64142,55.1327,0.84672,12.849,0.84672,3695.15,0,36.966,0.501403,0.879353,2.23434,5.53632,0.922994,7.22562,0.42336,36.966,0.42336,423.524,0,1.02816,0,0,1.90751,0.879353,1.028160,1,0,62.3583,0,0,0,62.3583,0
33.127,1.86359,0,0,1.51912,0.182111,0.36288,3.6288,50.1763,0.541194,0,0,0.396391,0.179625,0,0.66528,12.849,1,0.703931,0.36288,0,30.5071,3.89896,26.267,0.84672,12.849,0.84672,3695.15,0,36.966,0.396148,0.462695,2.23442,4.23856,1.02999,5.50953,0.42336,36.966,0.42336,423.524,0,1.02816,0,0,1.49085,0.462695,1.028160,1,0,31.7766,0,0,0,31.7766,0
32.2624,1.6545,0,0,1.33294,0.180122,0.36288,3.6288,49.9831,0.4492,0,0,0.435153,0.179149,0,0.66528,12.849,1,0.641734,0.36288,0,45.1454,3.89896,40.9676,0.84672,12.849,0.84672,3695.15,0,36.966,0.330935,0.607003,1.9997,4.52677,1.02999,5.77255,0.42336,36.966,0.42336,423.524,0,1.02816,0,0,1.63516,0.607003,1.028160,1,0,46.7401,0,0,0,46.7401,0
32.8363,1.64227,0,0,2.75725,0.178189,0.36288,3.6288,50.404,0.448497,0,0,1.04826,0.178866,0,0.66528,12.849,1,0.654061,0.36288,0,75.6107,3.89896,71.4206,0.84672,12.849,0.84672,3695.15,0,36.966,0.331695,2.80949,1.8274,6.0001,1.02999,9.2753,0.42336,36.966,0.42336,423.524,0,1.02816,0,0,3.83765,2.80949,1.028160,1,0,80.6959,0,0,0,80.6959,0
33.0598,1.65056,0,0,2.40645,0.169502,0.36288,3.6288,50.1528,0.450128,0,0,0.372851,0.173989,0,0.66528,12.849,1,0.645872,0.36288,0,46.2485,3.59536,42.3701,0.84672,12.849,0.84672,3695.15,0,36.966,0.330121,0.79882,1.82747,4.01905,0.979675,5.33554,0.42336,36.966,0.42336,423.524,0,1.02816,0,0,1.82698,0.79882,1.028160,1,0,47.7056,0,0,0,47.7056,0
37.8755,1.65378,0,0,7.01263,0.180268,0.36288,3.6288,53.549,0.449209,0,0,4.0415,0.196015,0,0.66528,12.849,1,0.642755,0.36288,0,132.885,3.83866,128.766,0.84672,12.849,0.84672,3695.15,0,36.966,0.331098,2.23559,1.82753,10.4434,1.08007,13.0953,0.42336,36.966,0.42336,423.524,0,1.02816,0,0,3.26375,2.23559,1.028160,1,0,141.862,0,0,0,141.862,0
42.3305,1.77567,0,0,6.79872,0.205196,0.36288,3.6288,56.2721,0.490475,0,0,3.43545,0.221888,0,0.66528,12.849,1,0.602382,0.36288,0,138.548,4.19192,134.117,0.84672,12.849,0.84672,3695.15,0,36.966,0.338585,2.96885,1.82759,11.5869,1.18367,14.8611,0.42336,36.966,0.42336,423.524,0,1.02816,0,0,3.99701,2.96885,1.028160,1,0,148.978,0,0,0,148.978,0
45.9018,1.82437,0,0,5.97471,0.216188,0.36288,3.6288,58.5844,0.500395,0,0,3.0387,0.225988,0,0.66528,12.849,1,0.553768,0.36288,0,113.492,4.19192,109.11,0.84672,12.849,0.84672,3695.15,0,36.966,0.328717,2.70864,1.88053,10.2425,1.18367,13.3193,0.42336,36.966,0.42336,423.524,0,1.02816,0,0,3.7368,2.70864,1.028160,1,0,122.429,0,0,0,122.429,0
48.5224,1.8581,0,0,5.06677,0.225168,0.36288,3.6288,59.8925,0.508381,0,0,2.04582,0.2294,0,0.66528,12.849,1,0.520125,0.36288,0,89.4404,4.19192,85.0913,0.84672,12.849,0.84672,3695.15,0,36.966,0.320781,1.88528,1.88059,10.2013,1.18367,12.4628,0.42336,36.966,0.42336,423.524,0,1.02816,0,0,2.91344,1.88528,1.028160,1,0,97.554,0,0,0,97.554,0
52.9883,1.88038,0,0,6.97653,0.267331,0.36288,3.6288,61.308,0.512744,0,0,2.62741,0.206111,0.493026,0.66528,12.849,1,0.497934,0.36288,0,144.046,4.14697,139.764,0.84672,12.849,0.84672,3695.15,0,36.966,0.316469,2.41247,1.88065,12.4195,1.3424,15.0537,0.42336,36.966,0.42336,423.524,0,1.02816,0,0,3.44063,2.41247,1.028160,1,0,155.311,0,0,0,155.311,0
70.6896,2.12467,0,0,20.4555,0.266695,0.36288,3.6288,61.308,0.631397,0,0,6.82893,0.130263,6.06727,0.66528,12.849,1,0.515205,0.36288,0,221.356,3.07976,218.124,0.84672,12.849,0.84672,3695.15,0,36.966,0.380704,6.64626,1.8807,30.8586,0.904087,38.1008,0.42336,36.966,0.42336,423.524,0,1.02816,0,0,7.67442,6.64626,1.028160,1,0,262.292,0,0,0,262.292,0
72.29,2.55895,0,0,9.54936,0.311549,5.07851,3.6288,61.308,0.66528,0,0,3.96055,0.130263,3.16501,0.66528,12.849,1,0.465131,5.07851,0,405.302,3.07976,406.835,0.84672,12.849,0.84672,3695.15,0,36.966,0.573754,3.61075,2.07102,18.2582,0.904087,22.4621,0.42336,36.966,0.42336,423.524,0,1.02816,0,0,4.63891,3.61075,1.028160,1,0,432.462,0,0,0,432.462,0
72.29,2.56779,0,0,6.74214,0.317548,3.8568,3.6288,61.308,0.66528,0,0,2.89636,0.146336,2.08475,0.66528,12.849,1,0.456405,3.8568,0,182.631,3.27231,182.759,0.84672,12.849,0.84672,3695.15,0,36.966,0.573818,2.73408,2.31835,12.4857,0.937371,16.0269,0.42336,36.966,0.42336,423.524,0,1.02816,0,0,3.76224,2.73408,1.028160,1,0,200.87,0,0,0,200.87,0
72.29,2.56788,0,0,6.53251,0.330752,3.63388,3.6288,61.308,0.66528,0,0,4.28608,0.221555,3.39924,0.66528,12.849,1,0.456421,3.63388,0,173.773,4.13211,172.818,0.84672,12.849,0.84672,3695.15,0,36.966,0.573882,3.49557,2.31842,15.7859,1.05566,19.9703,0.42336,36.966,0.42336,423.524,0,1.02816,0,0,4.52373,3.49557,1.028160,1,0,196.188,0,0,0,196.188,0
72.29,2.20992,0,0,8.05317,0.311449,5.53181,3.6288,61.308,0.600009,0,0,3.88269,0.127763,3.15491,0.66528,12.849,1,0.392796,5.53181,0,162.054,2.82276,164.371,0.84672,12.849,0.84672,3695.15,0,36.966,0.361779,1.93083,2.31849,19.6813,0.688476,22.8804,0.42336,36.966,0.42336,423.524,0,1.02816,0,0,2.95899,1.93083,1.028160,1,0,190.406,0,0,0,190.406,0
72.29,2.21,0,0,6.6585,0.286969,4.16154,3.6288,61.308,0.600043,0,0,3.70962,0.14413,2.96545,0.66528,12.849,1,0.39281,4.16154,0,131.16,2.95333,131.976,0.84672,12.849,0.84672,3695.15,0,36.966,0.361799,1.56976,2.02518,16.427,0.680422,18.9797,0.42336,36.966,0.42336,423.524,0,1.02816,0,0,2.59792,1.56976,1.028160,1,0,153.921,0,0,0,153.921,0
72.29,2.21008,0,0,5.78219,0.286969,3.28514,3.6288,61.308,0.600077,0,0,3.29914,0.14413,2.55493,0.66528,12.849,1,0.392825,3.28514,0,109.002,2.95333,108.941,0.84672,12.849,0.84672,3695.15,0,36.966,0.36182,1.42206,2.02524,14.5451,0.680422,16.9502,0.42336,36.966,0.42336,423.524,0,1.02816,0,0,2.45022,1.42206,1.028160,1,0,128.446,0,0,0,128.446,0
72.29,2.21016,0,0,6.73182,0.286969,4.23469,3.6288,61.308,0.600112,0,0,3.36722,0.14413,2.62297,0.66528,12.849,1,0.392839,4.23469,0,122.438,2.95333,123.327,0.84672,12.849,0.84672,3695.15,0,36.966,0.361841,1.74661,2.0253,17.6603,0.680422,20.39,0.42336,36.966,0.42336,423.524,0,1.02816,0,0,2.77477,1.74661,1.028160,1,0,146.34,0,0,0,146.34,0
72.29,2.21024,0,0,9.59869,0.301506,7.08695,3.6288,61.308,0.600146,0,0,3.74809,0.157814,2.99013,0.66528,12.849,1,0.392853,7.08695,0,174.548,3.46356,177.778,0.84672,12.849,0.84672,3695.15,0,36.966,0.361861,2.49272,2.02536,23.9782,0.718849,27.4155,0.42336,36.966,0.42336,423.524,0,1.02816,0,0,3.52088,2.49272,1.028160,1,0,208.184,0,0,0,208.184,0
72.29,2.30046,0,0,10.7385,0.307321,8.1307,3.6288,61.308,0.642529,0,0,3.97537,0.163288,3.16955,0.66528,12.849,1,0.40889,8.1307,0,202.742,3.66765,206.796,0.84672,12.849,0.84672,3695.15,0,36.966,0.387416,2.42512,2.02542,24.1273,0.734219,27.4562,0.42336,36.966,0.42336,423.524,0,1.02816,0,0,3.45328,2.42512,1.028160,1,0,237.422,0,0,0,237.422,0
72.29,2.30054,0,0,8.94672,0.307321,6.33885,3.6288,61.308,0.642564,0,0,3.41495,0.163288,2.6091,0.66528,12.849,1,0.408904,6.33885,0,151.478,3.66765,153.741,0.84672,12.849,0.84672,3695.15,0,36.966,0.387438,2.42922,2.09782,18.1047,0.734219,21.5101,0.42336,36.966,0.42336,423.524,0,1.02816,0,0,3.45738,2.42922,1.028160,1,0,177.86,0,0,0,177.86,0
72.29,2.30063,0,0,7.15884,0.262053,4.59616,3.6288,61.308,0.6426,0,0,2.37731,0.158293,1.57642,0.66528,12.849,1,0.408919,4.59616,0,131.852,3.9642,132.075,0.84672,12.849,0.84672,3695.15,0,36.966,0.387459,1.34833,2.09789,12.5738,0.753502,14.8791,0.42336,36.966,0.42336,423.524,0,1.02816,0,0,2.37649,1.34833,1.028160,1,0,148.53,0,0,0,148.53,0
72.29,2.30071,0,0,6.48648,0.237645,3.94812,3.6288,61.308,0.642636,0,0,2.05191,0.169964,1.23931,0.66528,12.849,1,0.408934,3.94812,0,128.947,4.16586,128.32,0.84672,12.849,0.84672,3695.15,0,36.966,0.387481,1.32307,2.09795,11.8102,0.81828,14.0254,0.42336,36.966,0.42336,423.524,0,1.02816,0,0,2.35123,1.32307,1.028160,1,0,143.585,0,0,0,143.585,0
72.29,2.26554,0,0,6.44388,0.215159,3.96318,3.6288,61.308,0.626222,0,0,1.82138,0.186635,1.00852,0.66528,12.849,1,0.402683,3.96318,0,119.82,4.36884,119.012,0.84672,12.849,0.84672,3695.15,0,36.966,0.377584,1.51095,2.09801,11.9248,0.900365,14.2559,0.42336,36.966,0.42336,423.524,0,1.02816,0,0,2.53911,1.51095,1.028160,1,0,134.276,0,0,0,134.276,0
72.29,2.26563,0,0,5.92803,0.215159,3.44725,3.6288,61.308,0.626257,0,0,1.70563,0.186635,0.892739,0.66528,12.849,1,0.402698,3.44725,0,110,4.36884,108.676,0.84672,12.849,0.84672,3695.15,0,36.966,0.377605,1.38336,2.06992,10.2142,0.900365,12.3895,0.42336,36.966,0.42336,423.524,0,1.02816,0,0,2.41152,1.38336,1.028160,1,0,121.958,0,0,0,121.958,0
72.29,2.26571,0,0,5.45277,0.181124,3.00594,3.6288,61.308,0.626292,0,0,1.59285,0.214448,0.752114,0.66528,12.849,1,0.402713,3.00594,0,97.162,4.64061,95.1246,0.84672,12.849,0.84672,3695.15,0,36.966,0.377626,1.31463,2.06998,9.96244,0.901258,12.0682,0.42336,36.966,0.42336,423.524,0,1.02816,0,0,2.34279,1.31463,1.028160,1,0,107.945,0,0,0,107.945,0
72.29,2.26579,0,0,5.38334,0.151061,2.96649,3.6288,61.308,0.626327,0,0,1.56494,0.240303,0.698307,0.66528,12.849,1,0.402727,2.96649,0,87.1828,4.77903,84.9675,0.84672,12.849,0.84672,3695.15,0,36.966,0.377647,1.19337,2.07005,10.9399,0.936443,12.8892,0.42336,36.966,0.42336,423.524,0,1.02816,0,0,2.22153,1.19337,1.028160,1,0,98.555,0,0,0,98.555,0
72.29,2.38554,0,0,4.66266,0.158903,2.11822,3.6288,61.308,0.66528,0,0,1.2766,0.24438,0.366943,0.66528,12.849,1,0.424012,2.11822,0,79.5122,4.85498,76.3514,0.84672,12.849,0.84672,3695.15,0,36.966,0.432273,0.952759,2.07011,8.53477,1.018,10.1074,0.42336,36.966,0.42336,423.524,0,1.02816,0,0,1.98092,0.952759,1.028160,1,0,86.8257,0,0,0,86.8257,0
72.29,2.38563,0,0,4.37842,0.113234,1.87955,3.6288,61.308,0.66528,0,0,1.18144,0.258416,0.257747,0.66528,12.849,1,0.424027,1.87955,0,63.714,5.09366,60.0758,0.84672,12.849,0.84672,3695.15,0,36.966,0.432332,0.732024,2.16884,8.23988,1.11941,9.589,0.42336,36.966,0.42336,423.524,0,1.02816,0,0,1.76018,0.732024,1.028160,1,0,69.9226,0,0,0,69.9226,0
72.29,2.38571,0,0,4.31128,0.113234,1.81234,3.6288,61.308,0.66528,0,0,1.18323,0.258416,0.259535,0.66528,12.849,1,0.424042,1.81234,0,59.9115,5.09366,56.2061,0.84672,12.849,0.84672,3695.15,0,36.966,0.432391,0.767353,2.1689,7.88512,1.11941,9.26957,0.42336,36.966,0.42336,423.524,0,1.02816,0,0,1.79551,0.767353,1.028160,1,0,65.7352,0,0,0,65.7352,0
72.29,2.3858,0,0,3.85456,0.123069,1.3457,3.6288,61.308,0.66528,0,0,1.13807,0.255782,0.217007,0.66528,12.849,1,0.424058,1.3457,0,56.7978,4.92442,52.795,0.84672,12.849,0.84672,3695.15,0,36.966,0.432451,0.847359,2.16897,7.28663,1.12594,8.74457,0.42336,36.966,0.42336,423.524,0,1.02816,0,0,1.87552,0.847359,1.028160,1,0,61.7566,0,0,0,61.7566,0
72.29,2.38588,0,0,3.27078,0.107232,0.777659,3.6288,61.308,0.66528,0,0,1.04507,0.253158,0.126631,0.66528,12.849,1,0.424073,0.777659,0,51.7903,4.98233,47.1616,0.84672,12.849,0.84672,3695.15,0,36.966,0.43251,1.10361,2.16903,5.87132,1.23998,7.47148,0.42336,36.966,0.42336,423.524,0,1.02816,0,0,2.13177,1.10361,1.028160,1,0,54.7597,0,0,0,54.7597,0
72.29,2.3623,0,0,2.91197,0.0910636,0.458609,3.6288,61.308,0.66528,0,0,0.964751,0.254741,0.0447296,0.66528,12.849,1,0.419881,0.458609,0,51.7091,5.17472,46.5731,0.84672,12.849,0.84672,3695.15,0,36.966,0.483979,1.07953,2.1691,5.85464,1.27906,7.34022,0.42336,36.966,0.42336,423.524,0,1.02816,0,0,2.10769,1.07953,1.028160,1,0,53.9581,0,0,0,53.9581,0
72.1258,2.36239,0,0,2.6521,0.0910636,0.36288,3.6288,61.308,0.66528,0,0,0.950072,0.254741,0.0300502,0.66528,12.849,1,0.419896,0.36288,0,50.5068,5.17472,45.2751,0.84672,12.849,0.84672,3695.15,0,36.966,0.48404,1.11154,2.20365,5.64737,1.27906,7.19946,0.42336,36.966,0.42336,423.524,0,1.02816,0,0,2.1397,1.11154,1.028160,1,0,52.5046,0,0,0,52.5046,0
71.7005,2.36166,0,0,2.39021,0.0909501,0.36288,3.6288,61.2727,0.66528,0,0,0.884736,0.254741,0,0.66528,12.849,1,0.420723,0.36288,0,46.8122,5.17472,41.5797,0.84672,12.849,0.84672,3695.15,0,36.966,0.484101,0.839082,2.20372,5.37703,1.27906,6.65667,0.42336,36.966,0.42336,423.524,0,1.02816,0,0,1.86724,0.839082,1.028160,1,0,48.2363,0,0,0,48.2363,0
71.3301,2.35963,0,0,2.42038,0.068269,0.36288,3.6288,61.1979,0.66528,0,0,0.890516,0.300035,0,0.66528,12.849,1,0.422854,0.36288,0,45.1122,5.75065,39.3016,0.84672,12.849,0.84672,3695.15,0,36.966,0.484162,0.798889,2.20379,5.09013,1.49306,6.11558,0.42336,36.966,0.42336,423.524,0,1.02816,0,0,1.82705,0.798889,1.028160,1,0,45.4172,0,0,0,45.4172,0
71.3014,2.41886,0,0,2.81491,0.0618897,0.36288,3.6288,61.2461,0.66528,0,0,1.01155,0.298121,0,0.66528,12.849,1,0.43572,0.36288,0,46.1493,5.70843,40.3681,0.84672,12.849,0.84672,3695.15,0,36.966,0.530046,0.850107,2.20385,4.92132,1.48708,5.95815,0.42336,36.966,0.42336,423.524,0,1.02816,0,0,1.87827,0.850107,1.028160,1,0,46.3262,0,0,0,46.3262,0
70.9494,2.4188,0,0,2.49155,0.0618762,0.36288,3.6288,61.232,0.66528,0,0,0.94945,0.298212,0,0.66528,12.849,1,0.435884,0.36288,0,43.5645,5.70843,37.7831,0.84672,12.849,0.84672,3695.15,0,36.966,0.530109,0.754168,2.25281,4.92406,1.48708,5.91385,0.42336,36.966,0.42336,423.524,0,1.02816,0,0,1.78233,0.754168,1.028160,1,0,43.6969,0,0,0,43.6969,0
70.3857,2.41706,0,0,2.27801,0.0617096,0.36288,3.6288,61.1857,0.66528,0,0,0.917145,0.298185,0,0.66528,12.849,1,0.437731,0.36288,0,40.9116,5.70843,35.1283,0.84672,12.849,0.84672,3695.15,0,36.966,0.530171,0.614027,2.25288,4.69159,1.48708,5.54125,0.42336,36.966,0.42336,423.524,0,1.02816,0,0,1.64219,0.614027,1.028160,1,0,40.6696,0,0,0,40.6696,0
69.5182,2.41418,0,0,1.95479,0.0452787,0.36288,3.6288,61.1293,0.66528,0,0,0.913378,0.304455,0,0.66528,12.849,1,0.440711,0.36288,0,39.0244,5.96774,32.9788,0.84672,12.849,0.84672,3695.15,0,36.966,0.530234,0.597957,2.25295,4.66179,1.50235,5.48011,0.42336,36.966,0.42336,423.524,0,1.02816,0,0,1.62612,0.597957,1.028160,1,0,38.4589,0,0,0,38.4589,0
68.3497,2.5876,0,0,1.80752,0.0254949,0.36288,3.6288,61.0964,0.66528,0,0,0.936369,0.304034,0,0.66528,12.849,1,0.478264,0.36288,0,36.7802,5.4498,31.215,0.84672,12.849,0.84672,3695.15,0,36.966,0.695716,0.996797,2.25302,5.01079,1.4758,6.08909,0.42336,36.966,0.42336,423.524,0,1.02816,0,0,2.02496,0.996797,1.028160,1,0,37.3041,0,0,0,37.3041,0
67.0009,2.58081,0,0,1.61524,0.0203552,0.36288,3.6288,60.9725,0.66528,0,0,0.847221,0.305798,0,0.66528,12.849,1,0.485164,0.36288,0,33.2453,5.38629,27.7367,0.84672,12.849,0.84672,3695.15,0,36.966,0.695784,0.95313,2.4204,4.98561,1.49115,6.17221,0.42336,36.966,0.42336,423.524,0,1.02816,0,0,1.98129,0.95313,1.028160,1,0,33.9089,0,0,0,33.9089,0
65.7997,2.5727,0,0,1.75446,0.0201404,0.36288,3.6288,60.859,0.66528,0,0,0.857278,0.305558,0,0.66528,12.849,1,0.493377,0.36288,0,31.7735,5.38629,26.2567,0.84672,12.849,0.84672,3695.15,0,36.966,0.695852,0.967853,2.42048,5.29551,1.49115,6.49683,0.42336,36.966,0.42336,423.524,0,1.02816,0,0,1.99601,0.967853,1.028160,1,0,32.7536,0,0,0,32.7536,0
65.5469,2.56526,0,0,2.70988,0.0344684,0.36288,3.6288,60.9227,0.66528,0,0,1.03114,0.302129,0,0.66528,12.849,1,0.50093,0.36288,0,51.3192,5.29723,45.8839,0.84672,12.849,0.84672,3695.15,0,36.966,0.69592,1.3645,2.42055,5.59639,1.48023,7.20529,0.42336,36.966,0.42336,423.524,0,1.02816,0,0,2.39266,1.3645,1.028160,1,0,53.0892,0,0,0,53.0892,0
66.008,2.56374,0,0,3.437,0.0492775,0.36288,3.6288,61.1002,0.66528,0,0,1.11535,0.272574,0,0.66528,12.849,1,0.502563,0.36288,0,42.9979,4.61627,38.242,0.84672,12.849,0.84672,3695.15,0,36.966,0.695988,1.5725,2.42062,7.13716,1.30112,9.13317,0.42336,36.966,0.42336,423.524,0,1.02816,0,0,2.60066,1.5725,1.028160,1,0,47.3751,0,0,0,47.3751,0
66.2318,2.48073,0,0,3.1352,0.0678357,0.36288,3.6288,61.308,0.66528,0,0,1.20034,0.261474,0.0657956,0.66528,12.849,1,0.482894,0.36288,0,35.9446,4.22541,31.5992,0.84672,12.849,0.84672,3695.15,0,36.966,0.595636,2.42539,2.4207,9.54426,1.23453,12.5602,0.42336,36.966,0.42336,423.524,0,1.02816,0,0,3.45355,2.42539,1.028160,1,0,44.2252,0,0,0,44.2252,0
66.2569,2.48219,0,0,2.94108,0.070898,0.36288,3.6288,61.308,0.66528,0,0,1.21948,0.262824,0.291381,0.66528,12.849,1,0.481545,0.36288,0,44.2423,4.24168,39.882,0.84672,12.849,0.84672,3695.15,0,36.966,0.595701,2.32264,2.32392,9.65676,1.24385,12.4638,0.42336,36.966,0.42336,423.524,0,1.02816,0,0,3.3508,2.32264,1.028160,1,0,52.6371,0,0,0,52.6371,0
66.6426,2.48243,0,0,3.30191,0.0709121,0.36288,3.6288,61.308,0.66528,0,0,1.51875,0.262824,0.590644,0.66528,12.849,1,0.48141,0.36288,0,71.177,4.24168,66.8168,0.84672,12.849,0.84672,3695.15,0,36.966,0.595766,2.9734,2.32399,12.2939,1.24385,15.7517,0.42336,36.966,0.42336,423.524,0,1.02816,0,0,4.00156,2.9734,1.028160,1,0,83.1592,0,0,0,83.1592,0
67.7359,2.48485,0,0,4.03232,0.0912989,0.36288,3.6288,61.308,0.66528,0,0,1.93557,0.251887,1.0184,0.66528,12.849,1,0.479091,0.36288,0,159.344,4.26375,154.964,0.84672,12.849,0.84672,3695.15,0,36.966,0.59583,3.51113,2.32406,17.6383,1.20754,21.6701,0.42336,36.966,0.42336,423.524,0,1.02816,0,0,4.53929,3.51113,1.028160,1,0,177.653,0,0,0,177.653,0
68.4123,2.42052,0,0,3.67394,0.214155,0.36288,3.6288,61.308,0.66528,0,0,1.84956,0.186271,0.998006,0.66528,12.849,1,0.459154,0.36288,0,128.047,4.39614,123.555,0.84672,12.849,0.84672,3695.15,0,36.966,0.504477,2.65354,2.32413,17.3226,0.989646,20.8061,0.42336,36.966,0.42336,423.524,0,1.02816,0,0,3.6817,2.65354,1.028160,1,0,145.359,0,0,0,145.359,0
67.7573,2.42442,0,0,2.34761,0.215293,0.36288,3.6288,61.308,0.66528,0,0,1.167,0.186271,0.315454,0.66528,12.849,1,0.455349,0.36288,0,66.3122,4.39614,61.8236,0.84672,12.849,0.84672,3695.15,0,36.966,0.504538,1.46755,2.23776,8.50271,0.989646,10.7138,0.42336,36.966,0.42336,423.524,0,1.02816,0,0,2.49571,1.46755,1.028160,1,0,72.8529,0,0,0,72.8529,0
67.5637,2.42081,0,0,2.80337,0.213232,0.36288,3.6288,61.308,0.66528,0,0,1.46718,0.198476,0.60342,0.66528,12.849,1,0.459065,0.36288,0,80.8861,4.38861,76.4013,0.84672,12.849,0.84672,3695.15,0,36.966,0.5046,2.28188,2.23783,9.78921,1.00856,12.7958,0.42336,36.966,0.42336,423.524,0,1.02816,0,0,3.31004,2.28188,1.028160,1,0,89.8005,0,0,0,89.8005,0
68.2341,2.41979,0,0,3.66558,0.212568,0.36288,3.6288,61.308,0.66528,0,0,1.68331,0.256218,0.761807,0.66528,12.849,1,0.460187,0.36288,0,94.0905,4.27782,89.7153,0.84672,12.849,0.84672,3695.15,0,36.966,0.504662,2.73662,2.23789,14.0013,1.10889,17.3623,0.42336,36.966,0.42336,423.524,0,1.02816,0,0,3.76478,2.73662,1.028160,1,0,107.839,0,0,0,107.839,0
71.6346,2.22199,0,0,6.22463,0.239262,0.36288,3.6288,61.308,0.611109,0,0,2.23986,0.173987,1.45476,0.66528,12.849,1,0.418418,0.36288,0,151.423,3.43182,147.936,0.84672,12.849,0.84672,3695.15,0,36.966,0.368472,3.56087,2.23796,18.337,0.884921,22.8825,0.42336,36.966,0.42336,423.524,0,1.02816,0,0,4.58903,3.56087,1.028160,1,0,172.273,0,0,0,172.273,0
72.29,2.23891,0,0,4.40856,0.24443,1.26979,3.6288,61.308,0.611144,0,0,1.29023,0.175773,0.503312,0.66528,12.849,1,0.401591,1.26979,0,113.635,3.35643,111.147,0.84672,12.849,0.84672,3695.15,0,36.966,0.368492,2.95492,2.04599,17.152,0.860724,20.9237,0.42336,36.966,0.42336,423.524,0,1.02816,0,0,3.98308,2.95492,1.028160,1,0,132.574,0,0,0,132.574,0
72.29,2.24209,0,0,4.10746,0.264383,1.60099,3.6288,61.308,0.611178,0,0,2.18183,0.194182,1.37647,0.66528,12.849,1,0.398514,1.60099,0,135.142,3.53271,132.811,0.84672,12.849,0.84672,3695.15,0,36.966,0.368513,4.21111,2.04605,19.7996,0.919295,24.769,0.42336,36.966,0.42336,423.524,0,1.02816,0,0,5.23927,4.21111,1.028160,1,0,158.957,0,0,0,158.957,0
72.29,2.24217,0,0,7.49287,0.311214,4.93949,3.6288,61.308,0.611213,0,0,4.22969,0.240205,3.37828,0.66528,12.849,1,0.398528,4.93949,0,181.865,3.97341,182.433,0.84672,12.849,0.84672,3695.15,0,36.966,0.368534,4.35656,2.04611,20.6107,1.06572,25.5791,0.42336,36.966,0.42336,423.524,0,1.02816,0,0,5.38472,4.35656,1.028160,1,0,211.39,0,0,0,211.39,0
72.29,2.24225,0,0,5.0094,0.294523,2.47263,3.6288,61.308,0.611248,0,0,1.66071,0.212724,0.83674,0.66528,12.849,1,0.398543,2.47263,0,186.678,3.77622,184.976,0.84672,12.849,0.84672,3695.15,0,36.966,0.368555,3.022,2.04618,14.7549,1.06679,18.3877,0.42336,36.966,0.42336,423.524,0,1.02816,0,0,4.05016,3.022,1.028160,1,0,204.201,0,0,0,204.201,0
72.29,2.32062,0,0,3.01773,0.279619,0.417492,3.6288,61.0705,0.645686,0,0,0.574841,0.166697,0,0.66528,12.849,1,0.412472,0.417492,0,109.498,3.60384,105.899,0.84672,12.849,0.84672,3695.15,0,36.966,0.38932,1.95319,2.04624,7.40068,0.991183,10.0196,0.42336,36.966,0.42336,423.524,0,1.02816,0,0,2.98135,1.95319,1.028160,1,0,115.919,0,0,0,115.919,0
72.29,2.32069,0,0,4.8344,0.287118,2.2266,3.6288,61.2389,0.644772,0,0,0.99673,0.183485,0,0.66528,12.849,1,0.412484,2.2266,0,101.333,4.03305,99.1144,0.84672,12.849,0.84672,3695.15,0,36.966,0.390281,3.37569,2.10618,13.2499,1.07591,17.2656,0.42336,36.966,0.42336,423.524,0,1.02816,0,0,4.40385,3.37569,1.028160,1,0,116.38,0,0,0,116.38,0
72.29,2.32076,0,0,13.2554,0.289764,10.6449,3.6288,61.308,0.645472,0,0,3.47588,0.215806,2.54553,0.66528,12.849,1,0.412497,10.6449,0,280.28,4.51479,285.997,0.84672,12.849,0.84672,3695.15,0,36.966,0.38963,10.3311,2.10624,34.4244,1.26591,45.2062,0.42336,36.966,0.42336,423.524,0,1.02816,0,0,11.3593,10.3311,1.028160,1,0,333.749,0,0,0,333.749,0
72.29,2.32083,0,0,11.8181,0.289764,9.20746,3.6288,61.308,0.645776,0,0,4.95265,0.2159,4.09097,0.66528,12.849,1,0.412509,9.20746,0,364.38,4.51479,368.66,0.84672,12.849,0.84672,3695.15,0,36.966,0.389374,11.4432,2.10629,35.9869,1.26591,47.8811,0.42336,36.966,0.42336,423.524,0,1.02816,0,0,12.4713,11.4432,1.028160,1,0,420.632,0,0,0,420.632,0
72.29,2.57232,0,0,3.3658,0.318376,0.475107,3.6288,61.308,0.66528,0,0,1.28638,0.145945,0.475158,0.66528,12.849,1,0.45721,0.475107,0,99.8914,3.44894,96.4603,0.84672,12.849,0.84672,3695.15,0,36.966,0.576969,2.3275,2.10634,9.65589,0.93843,12.5743,0.42336,36.966,0.42336,423.524,0,1.02816,0,0,3.35566,2.3275,1.028160,1,0,109.51,0,0,0,109.51,0
72.29,2.57239,0,0,3.69963,0.318376,0.808862,3.6288,61.308,0.66528,0,0,1.21305,0.145945,0.401822,0.66528,12.849,1,0.457223,0.808862,0,111.06,3.44894,107.963,0.84672,12.849,0.84672,3695.15,0,36.966,0.577023,2.32022,2.32185,9.99674,0.93843,13.1234,0.42336,36.966,0.42336,423.524,0,1.02816,0,0,3.34838,2.32022,1.028160,1,0,121.488,0,0,0,121.488,0
71.8709,2.57247,0,0,2.83467,0.318376,0.36288,3.6288,61.308,0.66528,0,0,1.05628,0.145945,0.245058,0.66528,12.849,1,0.457237,0.36288,0,95.4806,3.44894,91.9373,0.84672,12.849,0.84672,3695.15,0,36.966,0.577076,1.64053,2.32191,9.24592,0.93843,11.6929,0.42336,36.966,0.42336,423.524,0,1.02816,0,0,2.66869,1.64053,1.028160,1,0,103.875,0,0,0,103.875,0
72.29,2.57029,0,0,5.66971,0.301829,2.37854,3.6288,61.308,0.66528,0,0,2.12508,0.179142,1.28066,0.66528,12.849,1,0.459513,2.37854,0,131.007,4.23517,128.69,0.84672,12.849,0.84672,3695.15,0,36.966,0.57713,4.96418,2.32197,13.2767,1.18441,18.8014,0.42336,36.966,0.42336,423.524,0,1.02816,0,0,5.99234,4.96418,1.028160,1,0,148.772,0,0,0,148.772,0
72.0733,2.21398,0,0,2.69927,0.339079,0.36288,3.6288,61.308,0.601744,0,0,1.25363,0.163824,0.488062,0.66528,12.849,1,0.393519,0.36288,0,58.247,3.3531,54.8633,0.84672,12.849,0.84672,3695.15,0,36.966,0.362825,2.3146,2.32203,8.85586,1.00876,12.1209,0.42336,36.966,0.42336,423.524,0,1.02816,0,0,3.34276,2.3146,1.028160,1,0,67.4722,0,0,0,67.4722,0
71.7956,2.21305,0,0,2.62411,0.325871,0.36288,3.6288,61.308,0.601772,0,0,1.07806,0.164713,0.31158,0.66528,12.849,1,0.394535,0.36288,0,62.121,3.72078,58.3686,0.84672,12.849,0.84672,3695.15,0,36.966,0.362842,1.89792,2.02823,6.86547,1.02714,9.40163,0.42336,36.966,0.42336,423.524,0,1.02816,0,0,2.92608,1.89792,1.028160,1,0,68.0818,0,0,0,68.0818,0
71.9401,2.21182,0,0,3.0443,0.325183,0.36288,3.6288,61.308,0.601801,0,0,1.20165,0.164713,0.435137,0.66528,12.849,1,0.395841,0.36288,0,69.1686,3.72078,65.4148,0.84672,12.849,0.84672,3695.15,0,36.966,0.362859,2.16634,2.02828,7.14321,1.02714,9.94783,0.42336,36.966,0.42336,423.524,0,1.02816,0,0,3.1945,2.16634,1.028160,1,0,75.7978,0,0,0,75.7978,0
71.7553,2.21256,0,0,2.71617,0.325541,0.36288,3.6288,61.308,0.60183,0,0,1.16518,0.164713,0.398639,0.66528,12.849,1,0.395179,0.36288,0,57.7875,3.72078,54.0344,0.84672,12.849,0.84672,3695.15,0,36.966,0.362877,2.20579,2.02833,5.9655,1.02714,8.8096,0.42336,36.966,0.42336,423.524,0,1.02816,0,0,3.23395,2.20579,1.028160,1,0,63.2427,0,0,0,63.2427,0
72.2237,2.21176,0,0,3.33946,0.29635,0.36288,3.6288,61.308,0.601859,0,0,1.2927,0.172869,0.517972,0.66528,12.849,1,0.396054,0.36288,0,74.3067,4.0782,70.1953,0.84672,12.849,0.84672,3695.15,0,36.966,0.362894,1.95211,2.02838,8.3452,0.969183,10.9936,0.42336,36.966,0.42336,423.524,0,1.02816,0,0,2.98027,1.95211,1.028160,1,0,81.7069,0,0,0,81.7069,0
72.29,2.24514,0,0,4.39434,0.296486,1.78643,3.6288,61.308,0.618969,0,0,1.59409,0.183641,0.791479,0.66528,12.849,1,0.399424,1.78643,0,108.936,4.13795,106.185,0.84672,12.849,0.84672,3695.15,0,36.966,0.373211,2.59435,2.02843,13.1432,0.885258,16.5075,0.42336,36.966,0.42336,423.524,0,1.02816,0,0,3.62251,2.59435,1.028160,1,0,123.484,0,0,0,123.484,0
72.29,2.30468,0,0,4.4252,0.296636,1.82389,3.6288,61.308,0.644335,0,0,1.765,0.183641,0.937021,0.66528,12.849,1,0.409639,1.82389,0,109.526,4.13795,106.802,0.84672,12.849,0.84672,3695.15,0,36.966,0.388505,3.27214,2.05651,14.1343,0.885258,18.1892,0.42336,36.966,0.42336,423.524,0,1.02816,0,0,4.3003,3.27214,1.028160,1,0,125.928,0,0,0,125.928,0
72.29,2.30475,0,0,3.26443,0.296636,0.663051,3.6288,61.308,0.644365,0,0,1.30964,0.183641,0.481637,0.66528,12.849,1,0.409651,0.663051,0,78.6421,4.13795,74.7576,0.84672,12.849,0.84672,3695.15,0,36.966,0.388523,1.78966,2.10099,10.0145,0.885258,12.6313,0.42336,36.966,0.42336,423.524,0,1.02816,0,0,2.81782,1.78966,1.028160,1,0,87.8706,0,0,0,87.8706,0
72.1306,2.30482,0,0,2.75301,0.244665,0.36288,3.6288,61.308,0.644394,0,0,1.07101,0.201626,0.224994,0.66528,12.849,1,0.409664,0.36288,0,64.557,4.27774,60.2324,0.84672,12.849,0.84672,3695.15,0,36.966,0.388541,1.39628,2.10104,8.07434,0.941291,10.2418,0.42336,36.966,0.42336,423.524,0,1.02816,0,0,2.42444,1.39628,1.028160,1,0,70.6993,0,0,0,70.6993,0
71.4642,2.2105,0,0,2.13718,0.230284,0.36288,3.6288,61.308,0.60299,0,0,0.964181,0.213018,0.148172,0.66528,12.849,1,0.393768,0.36288,0,47.4239,4.59207,42.801,0.84672,12.849,0.84672,3695.15,0,36.966,0.363576,1.22933,2.1011,7.61822,1.03565,9.54942,0.42336,36.966,0.42336,423.524,0,1.02816,0,0,2.25749,1.22933,1.028160,1,0,52.4986,0,0,0,52.4986,0
70.6093,2.2657,0,0,2.00284,0.229119,0.36288,3.6288,61.308,0.627978,0,0,0.953916,0.213018,0.112921,0.66528,12.849,1,0.407364,0.36288,0,44.9322,4.59207,40.2957,0.84672,12.849,0.84672,3695.15,0,36.966,0.378643,1.17677,2.02917,7.24974,1.03565,9.04138,0.42336,36.966,0.42336,423.524,0,1.02816,0,0,2.20493,1.17677,1.028160,1,0,49.45,0,0,0,49.45,0
70.9235,2.26159,0,0,3.15876,0.220109,0.36288,3.6288,61.308,0.628007,0,0,1.21908,0.214803,0.376268,0.66528,12.849,1,0.41155,0.36288,0,58.9588,4.64625,54.2639,0.84672,12.849,0.84672,3695.15,0,36.966,0.37866,1.69735,2.073,7.18079,1.02562,9.54686,0.42336,36.966,0.42336,423.524,0,1.02816,0,0,2.72551,1.69735,1.028160,1,0,64.1871,0,0,0,64.1871,0
70.0623,2.26321,0,0,1.94036,0.175447,0.36288,3.6288,61.308,0.628037,0,0,0.970419,0.225514,0.116868,0.66528,12.849,1,0.410019,0.36288,0,44.468,4.97133,39.4495,0.84672,12.849,0.84672,3695.15,0,36.966,0.378678,1.1414,2.07305,6.30931,0.965437,8.17964,0.42336,36.966,0.42336,423.524,0,1.02816,0,0,2.16956,1.1414,1.028160,1,0,47.746,0,0,0,47.746,0
69.1862,2.3783,0,0,2.07555,0.21049,0.36288,3.6288,61.308,0.66528,0,0,0.984977,0.201389,0.118308,0.66528,12.849,1,0.436166,0.36288,0,42.3833,4.65237,37.6576,0.84672,12.849,0.84672,3695.15,0,36.966,0.435151,1.01478,2.07311,5.89442,0.99017,7.55698,0.42336,36.966,0.42336,423.524,0,1.02816,0,0,2.04294,1.01478,1.028160,1,0,45.3329,0,0,0,45.3329,0
68.467,2.37371,0,0,2.15515,0.137744,0.36288,3.6288,61.308,0.66528,0,0,1.08103,0.225529,0.190219,0.66528,12.849,1,0.440837,0.36288,0,45.113,4.97706,40.058,0.84672,12.849,0.84672,3695.15,0,36.966,0.435201,1.44792,2.17198,6.81558,1.07031,8.92996,0.42336,36.966,0.42336,423.524,0,1.02816,0,0,2.47608,1.44792,1.028160,1,0,49.1781,0,0,0,49.1781,0
67.5309,2.36989,0,0,1.90287,0.106221,0.36288,3.6288,61.2915,0.66528,0,0,0.8856,0.236794,0,0.66528,12.849,1,0.444749,0.36288,0,41.1299,5.1282,35.9199,0.84672,12.849,0.84672,3695.15,0,36.966,0.435251,1.06915,2.17203,5.74183,1.10072,7.44705,0.42336,36.966,0.42336,423.524,0,1.02816,0,0,2.09731,1.06915,1.028160,1,0,43.3669,0,0,0,43.3669,0
66.4926,2.36478,0,0,1.7948,0.105444,0.36288,3.6288,61.0967,0.66528,0,0,0.707253,0.236769,0,0.66528,12.849,1,0.449943,0.36288,0,37.9992,5.1282,32.784,0.84672,12.849,0.84672,3695.15,0,36.966,0.435301,0.829777,2.17209,5.39247,1.10072,6.85831,0.42336,36.966,0.42336,423.524,0,1.02816,0,0,1.85794,0.829777,1.028160,1,0,39.6423,0,0,0,39.6423,0
65.5125,2.35896,0,0,1.85008,0.108322,0.36288,3.6288,61.0463,0.66528,0,0,0.841121,0.226296,0,0.66528,12.849,1,0.455844,0.36288,0,36.3415,5.02626,31.2223,0.84672,12.849,0.84672,3695.15,0,36.966,0.435351,1.15017,2.17214,6.0534,1.13475,7.80562,0.42336,36.966,0.42336,423.524,0,1.02816,0,0,2.17833,1.15017,1.028160,1,0,39.0279,0,0,0,39.0279,0
64.4828,2.32999,0,0,1.77346,0.110325,0.36288,3.6288,61.1534,0.66528,0,0,0.990956,0.21859,0,0.66528,12.849,1,0.456982,0.36288,0,34.2786,4.94981,29.2347,0.84672,12.849,0.84672,3695.15,0,36.966,0.48689,1.32754,2.1722,6.34277,1.16027,8.19534,0.42336,36.966,0.42336,423.524,0,1.02816,0,0,2.3557,1.32754,1.028160,1,0,37.43,0,0,0,37.43,0
63.3448,2.32397,0,0,1.6582,0.109354,0.36288,3.6288,61.2633,0.66528,0,0,0.993946,0.218739,0,0.66528,12.849,1,0.463081,0.36288,0,31.971,4.94981,26.921,0.84672,12.849,0.84672,3695.15,0,36.966,0.486941,1.44948,2.2068,5.93377,1.16027,7.94284,0.42336,36.966,0.42336,423.524,0,1.02816,0,0,2.47764,1.44948,1.028160,1,0,34.8639,0,0,0,34.8639,0
62.1438,2.31713,0,0,1.58575,0.106709,0.36288,3.6288,61.308,0.66528,0,0,0.960466,0.2326,0.0178741,0.66528,12.849,1,0.470012,0.36288,0,29.6511,5.12246,24.4215,0.84672,12.849,0.84672,3695.15,0,36.966,0.486992,1.3792,2.20686,5.74546,1.2017,7.64283,0.42336,36.966,0.42336,423.524,0,1.02816,0,0,2.40736,1.3792,1.028160,1,0,32.0822,0,0,0,32.0822,0
60.8968,2.30967,0,0,1.5273,0.101725,0.36288,3.6288,61.2874,0.66528,0,0,0.916099,0.271389,0,0.66528,12.849,1,0.477553,0.36288,0,28.6441,5.56983,22.9596,0.84672,12.849,0.84672,3695.15,0,36.966,0.487043,1.23717,2.20691,5.61192,1.32359,7.24537,0.42336,36.966,0.42336,423.524,0,1.02816,0,0,2.26533,1.23717,1.028160,1,0,30.205,0,0,0,30.205,0
59.6482,2.36121,0,0,1.57688,0.101398,0.36288,3.6288,61.2708,0.66528,0,0,0.946676,0.297995,0,0.66528,12.849,1,0.498206,0.36288,0,26.8784,5.66433,21.0788,0.84672,12.849,0.84672,3695.15,0,36.966,0.532988,1.37845,2.20697,5.28211,1.43363,6.9009,0.42336,36.966,0.42336,423.524,0,1.02816,0,0,2.40661,1.37845,1.028160,1,0,27.9797,0,0,0,27.9797,0
58.2508,2.3527,0,0,1.41839,0.100267,0.36288,3.6288,61.1956,0.66528,0,0,0.887985,0.297964,0,0.66528,12.849,1,0.506802,0.36288,0,25.3314,5.66433,19.5232,0.84672,12.849,0.84672,3695.15,0,36.966,0.53304,1.30156,2.25599,5.39234,1.43363,6.98323,0.42336,36.966,0.42336,423.524,0,1.02816,0,0,2.32972,1.30156,1.028160,1,0,26.5064,0,0,0,26.5064,0
56.7369,2.34281,0,0,1.2908,0.0989229,0.36288,3.6288,61.0843,0.66528,0,0,0.851869,0.297822,0,0.66528,12.849,1,0.516779,0.36288,0,23.7927,5.66433,17.9745,0.84672,12.849,0.84672,3695.15,0,36.966,0.533093,1.08147,2.25605,5.01307,1.43363,6.38387,0.42336,36.966,0.42336,423.524,0,1.02816,0,0,2.10963,1.08147,1.028160,1,0,24.3584,0,0,0,24.3584,0
55.0756,2.33164,0,0,1.11694,0.0838088,0.36288,3.6288,60.9627,0.66528,0,0,0.848301,0.304669,0,0.66528,12.849,1,0.528037,0.36288,0,22.701,5.90614,16.6297,0.84672,12.849,0.84672,3695.15,0,36.966,0.533145,1.05835,2.25611,5.07999,1.46368,6.39762,0.42336,36.966,0.42336,423.524,0,1.02816,0,0,2.08651,1.05835,1.028160,1,0,23.0273,0,0,0,23.0273,0
53.1602,2.49003,0,0,1.04483,0.10725,0.36288,3.6288,60.7104,0.66528,0,0,0.71725,0.304235,0,0.66528,12.849,1,0.580918,0.36288,0,17.6951,5.64501,11.832,0.84672,12.849,0.84672,3695.15,0,36.966,0.698866,0.749442,2.25616,5.13795,1.45362,5.99107,0.42336,36.966,0.42336,423.524,0,1.02816,0,0,1.7776,0.749442,1.028160,1,0,17.8231,0,0,0,17.8231,0
51.3832,2.47325,0,0,1.16497,0.105854,0.36288,3.6288,60.512,0.66528,0,0,0.778913,0.312062,0,0.66528,12.849,1,0.597792,0.36288,0,18.4944,5.693,12.5665,0.84672,12.849,0.84672,3695.15,0,36.966,0.698923,0.950884,2.42379,5.10495,1.52389,6.25681,0.42336,36.966,0.42336,423.524,0,1.02816,0,0,1.97904,0.950884,1.028160,1,0,18.8233,0,0,0,18.8233,0
49.3943,2.45678,0,0,0.934684,0.103929,0.36288,3.6288,60.1475,0.66528,0,0,0.612479,0.311669,0,0.66528,12.849,1,0.614349,0.36288,0,21.7534,5.693,15.8089,0.84672,12.849,0.84672,3695.15,0,36.966,0.69898,0.55938,2.42385,4.24061,1.52389,5.00097,0.42336,36.966,0.42336,423.524,0,1.02816,0,0,1.58754,0.55938,1.028160,1,0,20.8099,0,0,0,20.8099,0
47.5994,2.43723,0,0,1.10698,0.101774,0.36288,3.6288,60.1062,0.66528,0,0,0.934935,0.310947,0,0.66528,12.849,1,0.633998,0.36288,0,18.6715,5.693,12.7074,0.84672,12.849,0.84672,3695.15,0,36.966,0.699037,1.35997,2.42391,5.7346,1.52389,7.29556,0.42336,36.966,0.42336,423.524,0,1.02816,0,0,2.38813,1.35997,1.028160,1,0,20.0029,0,0,0,20.0029,0
45.8077,2.41847,0,0,1.08595,0.0963116,0.36288,3.6288,60.1486,0.66528,0,0,1.00057,0.292906,0,0.66528,12.849,1,0.652843,0.36288,0,18.7088,5.20132,13.2175,0.84672,12.849,0.84672,3695.15,0,36.966,0.699094,1.02485,2.42398,6.25609,1.45308,7.55274,0.42336,36.966,0.42336,423.524,0,1.02816,0,0,2.05301,1.02485,1.028160,1,0,20.7703,0,0,0,20.7703,0
44.1203,2.31821,0,0,1.08359,0.0898473,0.36288,3.6288,60.4759,0.66528,0,0,1.2616,0.269032,0,0.66528,12.849,1,0.650256,0.36288,0,17.6856,4.54576,12.8525,0.84672,12.849,0.84672,3695.15,0,36.966,0.598583,0.882308,2.42404,6.20336,1.35867,7.55245,0.42336,36.966,0.42336,423.524,0,1.02816,0,0,1.91047,0.882308,1.028160,1,0,20.405,0,0,0,20.405,0
42.4857,2.29902,0,0,1.13053,0.103232,0.36288,3.6288,60.7706,0.66528,0,0,1.21453,0.254511,0,0.66528,12.849,1,0.669536,0.36288,0,16.9993,4.33814,12.3545,0.84672,12.849,0.84672,3695.15,0,36.966,0.598637,0.823815,2.32711,6.24267,1.29377,7.50118,0.42336,36.966,0.42336,423.524,0,1.02816,0,0,1.85198,0.823815,1.028160,1,0,19.8557,0,0,0,19.8557,0
42.933,2.27931,0,0,3.27959,0.190102,0.36288,3.6288,61.308,0.66528,0,0,2.86197,0.164329,1.49501,0.66528,12.849,1,0.689335,0.36288,0,51.2355,3.09235,47.8167,0.84672,12.849,0.84672,3695.15,0,36.966,0.598692,1.82587,2.32717,16.3963,0.904386,19.0463,0.42336,36.966,0.42336,423.524,0,1.02816,0,0,2.85403,1.82587,1.028160,1,0,68.358,0,0,0,68.358,0
42.5028,2.28491,0,0,2.40864,0.191089,0.36288,3.6288,61.308,0.66528,0,0,2.03262,0.164889,1.20245,0.66528,12.849,1,0.683828,0.36288,0,44.4734,3.09235,41.0601,0.84672,12.849,0.84672,3695.15,0,36.966,0.598746,1.82371,2.32723,9.24368,0.904386,11.8915,0.42336,36.966,0.42336,423.524,0,1.02816,0,0,2.85187,1.82371,1.028160,1,0,54.1541,0,0,0,54.1541,0
41.6903,2.21477,0,0,1.96023,0.195077,0.36288,3.6288,61.298,0.66528,0,0,0.858989,0.203683,0,0.66528,12.849,1,0.669548,0.36288,0,32.137,4.40024,27.4301,0.84672,12.849,0.84672,3695.15,0,36.966,0.507248,0.603003,2.32728,8.45554,1.0726,9.80598,0.42336,36.966,0.42336,423.524,0,1.02816,0,0,1.63116,0.603003,1.028160,1,0,37.2361,0,0,0,37.2361,0
40.5951,2.20487,0,0,1.66576,0.193237,0.36288,3.6288,61.308,0.66528,0,0,0.964017,0.20367,0.0850926,0.66528,12.849,1,0.679543,0.36288,0,26.2705,4.40024,21.5536,0.84672,12.849,0.84672,3695.15,0,36.966,0.5073,0.971551,2.24077,9.39816,1.0726,11.0306,0.42336,36.966,0.42336,423.524,0,1.02816,0,0,1.99971,0.971551,1.028160,1,0,32.6693,0,0,0,32.6693,0
42.9812,2.19101,0,0,5.13073,0.190757,0.36288,3.6288,61.308,0.66528,0,0,3.08503,0.203683,2.21607,0.66528,12.849,1,0.693489,0.36288,0,91.0176,4.40024,86.2868,0.84672,12.849,0.84672,3695.15,0,36.966,0.507352,5.36719,2.24083,22.3475,1.0726,28.3756,0.42336,36.966,0.42336,423.524,0,1.02816,0,0,6.39535,5.36719,1.028160,1,0,116.878,0,0,0,116.878,0
44.3882,2.22071,0,0,4.21266,0.222043,0.36288,3.6288,61.308,0.66528,0,0,2.63095,0.180189,1.78548,0.66528,12.849,1,0.663871,0.36288,0,73.8276,4.07376,69.4528,0.84672,12.849,0.84672,3695.15,0,36.966,0.507403,1.76373,2.24089,16.8985,0.980117,19.4156,0.42336,36.966,0.42336,423.524,0,1.02816,0,0,2.79189,1.76373,1.028160,1,0,90.6539,0,0,0,90.6539,0
47.4033,2.05096,0,0,5.66114,0.232141,0.36288,3.6288,61.308,0.612642,0,0,2.97629,0.210246,2.1534,0.66528,12.849,1,0.593689,0.36288,0,107.76,3.95413,103.575,0.84672,12.849,0.84672,3695.15,0,36.966,0.369396,1.86821,2.24094,16.9408,1.04116,19.6394,0.42336,36.966,0.42336,423.524,0,1.02816,0,0,2.89637,1.86821,1.028160,1,0,125.367,0,0,0,125.367,0
50.0563,2.08073,0,0,5.33405,0.237432,0.36288,3.6288,61.308,0.612671,0,0,2.5564,0.238931,1.7048,0.66528,12.849,1,0.563997,0.36288,0,119.451,4.16671,115.084,0.84672,12.849,0.84672,3695.15,0,36.966,0.369413,1.79533,2.04869,13.7397,1.14033,16.0739,0.42336,36.966,0.42336,423.524,0,1.02816,0,0,2.82349,1.79533,1.028160,1,0,132.862,0,0,0,132.862,0
52.1111,2.10458,0,0,4.76658,0.244337,0.36288,3.6288,61.308,0.6127,0,0,2.67414,0.238931,1.82251,0.66528,12.849,1,0.540227,0.36288,0,94.7592,4.16671,90.4151,0.84672,12.849,0.84672,3695.15,0,36.966,0.369431,3.73638,2.04874,18.2358,1.14033,22.5111,0.42336,36.966,0.42336,423.524,0,1.02816,0,0,4.76454,3.73638,1.028160,1,0,114.749,0,0,0,114.749,0
54.2161,2.12173,0,0,4.83924,0.249643,0.36288,3.6288,61.308,0.612729,0,0,2.73472,0.238931,1.88306,0.66528,12.849,1,0.523154,0.36288,0,106.743,4.16671,102.416,0.84672,12.849,0.84672,3695.15,0,36.966,0.369448,4.2802,2.04879,20.2351,1.14033,25.0544,0.42336,36.966,0.42336,423.524,0,1.02816,0,0,5.30836,4.2802,1.028160,1,0,129.353,0,0,0,129.353,0
56.8179,2.13822,0,0,5.35261,0.249725,0.36288,3.6288,61.308,0.612758,0,0,2.31113,0.219677,1.4787,0.66528,12.849,1,0.506749,0.36288,0,91.7465,3.83357,87.7691,0.84672,12.849,0.84672,3695.15,0,36.966,0.369466,2.40939,2.04884,16.6256,1.07856,19.6358,0.42336,36.966,0.42336,423.524,0,1.02816,0,0,3.43755,2.40939,1.028160,1,0,108.884,0,0,0,108.884,0
56.999,2.23251,0,0,3.01904,0.242567,0.36288,3.6288,61.308,0.647239,0,0,1.47411,0.171542,0.655324,0.66528,12.849,1,0.504868,0.36288,0,36.339,3.00069,33.1963,0.84672,12.849,0.84672,3695.15,0,36.966,0.390257,1.12647,2.04889,7.91027,0.924139,9.77123,0.42336,36.966,0.42336,423.524,0,1.02816,0,0,2.15463,1.12647,1.028160,1,0,43.6228,0,0,0,43.6228,0
59.242,2.23388,0,0,5.08277,0.243,0.36288,3.6288,61.308,0.647263,0,0,2.46451,0.171542,1.6457,0.66528,12.849,1,0.503572,0.36288,0,83.0144,3.00069,79.873,0.84672,12.849,0.84672,3695.15,0,36.966,0.390271,2.31272,2.10891,15.7232,0.924139,18.8305,0.42336,36.966,0.42336,423.524,0,1.02816,0,0,3.34088,2.31272,1.028160,1,0,100.349,0,0,0,100.349,0
64.2132,2.2496,0,0,7.83209,0.248367,0.36288,3.6288,61.308,0.647287,0,0,5.66436,0.171542,4.84553,0.66528,12.849,1,0.487916,0.36288,0,149.643,3.00069,146.517,0.84672,12.849,0.84672,3695.15,0,36.966,0.390286,6.123,2.10895,28.7734,0.924139,35.6909,0.42336,36.966,0.42336,423.524,0,1.02816,0,0,7.15116,6.123,1.028160,1,0,187.054,0,0,0,187.054,0
71.4407,2.28113,0,0,10.1774,0.305962,0.36288,3.6288,61.308,0.647312,0,0,5.2925,0.195601,4.44959,0.66528,12.849,1,0.456452,0.36288,0,213.449,3.45797,209.898,0.84672,12.849,0.84672,3695.15,0,36.966,0.3903,8.30125,2.109,31.4073,1.04148,40.3857,0.42336,36.966,0.42336,423.524,0,1.02816,0,0,9.32941,8.30125,1.028160,1,0,254.733,0,0,0,254.733,0
72.29,2.57164,0,0,10.3889,0.273138,6.69481,3.6288,61.308,0.66528,0,0,5.76775,0.172731,4.92974,0.66528,12.849,1,0.462524,6.69481,0,205.416,3.68965,207.959,0.84672,12.849,0.84672,3695.15,0,36.966,0.57971,15.7313,2.10904,37.3416,1.14558,53.4566,0.42336,36.966,0.42336,423.524,0,1.02816,0,0,16.7594,15.7313,1.028160,1,0,266.345,0,0,0,266.345,0
72.29,2.57632,0,0,7.33588,0.263077,4.49648,3.6288,61.308,0.66528,0,0,4.3805,0.167316,3.5479,0.66528,12.849,1,0.457921,4.49648,0,189.669,3.69778,190.01,0.84672,12.849,0.84672,3695.15,0,36.966,0.579753,5.89632,2.32484,22.5518,1.15511,29.0381,0.42336,36.966,0.42336,423.524,0,1.02816,0,0,6.92448,5.89632,1.028160,1,0,222.595,0,0,0,222.595,0
72.29,2.57638,0,0,5.73974,0.257158,2.9062,3.6288,61.308,0.66528,0,0,3.11635,0.149134,2.30194,0.66528,12.849,1,0.457932,2.9062,0,121.839,3.35085,120.936,0.84672,12.849,0.84672,3695.15,0,36.966,0.579796,3.77332,2.32489,14.5383,1.02583,19.0309,0.42336,36.966,0.42336,423.524,0,1.02816,0,0,4.80148,3.77332,1.028160,1,0,142.269,0,0,0,142.269,0
72.29,2.57644,0,0,5.38826,0.230088,2.58173,3.6288,61.308,0.66528,0,0,2.80555,0.203871,1.9364,0.66528,12.849,1,0.457943,2.58173,0,104.403,4.43859,102.088,0.84672,12.849,0.84672,3695.15,0,36.966,0.57984,4.06984,2.32493,16.2609,1.18258,20.8933,0.42336,36.966,0.42336,423.524,0,1.02816,0,0,5.098,4.06984,1.028160,1,0,124.918,0,0,0,124.918,0
72.29,2.21737,0,0,6.68991,0.283197,4.18934,3.6288,61.308,0.60319,0,0,6.17729,0.184098,5.39,0.66528,12.849,1,0.394121,4.18934,0,274.855,4.36326,274.287,0.84672,12.849,0.84672,3695.15,0,36.966,0.363697,8.35156,2.32498,22.3174,1.06174,31.5685,0.42336,36.966,0.42336,423.524,0,1.02816,0,0,9.37972,8.35156,1.028160,1,0,311.245,0,0,0,311.245,0
72.29,2.21742,0,0,7.90759,0.290933,5.39923,3.6288,61.308,0.603213,0,0,5.32395,0.181359,4.53938,0.66528,12.849,1,0.39413,5.39923,0,224.475,4.35088,225.129,0.84672,12.849,0.84672,3695.15,0,36.966,0.363711,11.8123,2.03077,25.9559,1.041,38.3943,0.42336,36.966,0.42336,423.524,0,1.02816,0,0,12.8405,11.8123,1.028160,1,0,268.063,0,0,0,268.063,0
72.29,2.21748,0,0,14.4676,0.290933,11.9592,3.6288,61.308,0.603236,0,0,11.5284,0.181359,10.7438,0.66528,12.849,1,0.39414,11.9592,0,245.055,4.35088,252.269,0.84672,12.849,0.84672,3695.15,0,36.966,0.363724,16.181,2.03081,38.0683,1.041,54.8753,0.42336,36.966,0.42336,423.524,0,1.02816,0,0,17.2092,16.181,1.028160,1,0,317.888,0,0,0,317.888,0
72.29,2.21753,0,0,8.84442,0.292529,6.33436,3.6288,61.308,0.603259,0,0,5.69805,0.113231,4.98156,0.66528,12.849,1,0.39415,6.33436,0,220.769,4.03831,222.671,0.84672,12.849,0.84672,3695.15,0,36.966,0.363738,9.22009,2.03085,25.2637,0.92835,35.2226,0.42336,36.966,0.42336,423.524,0,1.02816,0,0,10.2483,9.22009,1.028160,1,0,262.875,0,0,0,262.875,0
72.29,2.21759,0,0,7.77306,0.312255,5.24322,3.6288,61.308,0.603282,0,0,6.38513,0.131767,5.65008,0.66528,12.849,1,0.394159,5.24322,0,190.952,4.03603,191.765,0.84672,12.849,0.84672,3695.15,0,36.966,0.363752,12.6715,2.03089,25.5225,0.898991,38.9621,0.42336,36.966,0.42336,423.524,0,1.02816,0,0,13.6997,12.6715,1.028160,1,0,236.377,0,0,0,236.377,0
72.29,2.30805,0,0,9.81141,0.3382,7.16516,3.6288,61.308,0.64578,0,0,8.07823,0.171622,7.26083,0.66528,12.849,1,0.410239,7.16516,0,219.427,4.10245,222.079,0.84672,12.849,0.84672,3695.15,0,36.966,0.389376,13.3904,2.03093,34.7614,0.884878,48.9085,0.42336,36.966,0.42336,423.524,0,1.02816,0,0,14.4186,13.3904,1.028160,1,0,278.248,0,0,0,278.248,0
72.29,2.30811,0,0,7.9399,0.330655,5.30114,3.6288,61.308,0.645804,0,0,7.08083,0.170789,6.26423,0.66528,12.849,1,0.410249,5.30114,0,161.294,4.15188,162.033,0.84672,12.849,0.84672,3695.15,0,36.966,0.389391,14.1111,2.10353,25.328,0.888092,40.2651,0.42336,36.966,0.42336,423.524,0,1.02816,0,0,15.1393,14.1111,1.028160,1,0,208.562,0,0,0,208.562,0
72.29,2.30816,0,0,6.3161,0.285388,3.72255,3.6288,61.308,0.645828,0,0,4.95574,0.165795,4.14412,0.66528,12.849,1,0.410259,3.72255,0,149.123,4.44843,147.987,0.84672,12.849,0.84672,3695.15,0,36.966,0.389405,8.77133,2.10357,17.9734,0.907375,27.5516,0.42336,36.966,0.42336,423.524,0,1.02816,0,0,9.79949,8.77133,1.028160,1,0,179.682,0,0,0,179.682,0
72.29,2.30822,0,0,5.41186,0.279259,2.82438,3.6288,61.308,0.645852,0,0,4.06923,0.173679,3.2497,0.66528,12.849,1,0.410269,2.82438,0,118.263,4.46416,116.213,0.84672,12.849,0.84672,3695.15,0,36.966,0.38942,6.38947,2.10361,15.6565,0.94386,22.8163,0.42336,36.966,0.42336,423.524,0,1.02816,0,0,7.41763,6.38947,1.028160,1,0,142.279,0,0,0,142.279,0
72.29,2.27292,0,0,4.70842,0.242488,2.19301,3.6288,61.308,0.629378,0,0,2.2517,0.220983,1.40134,0.66528,12.849,1,0.403995,2.19301,0,91.6229,4.55857,88.8533,0.84672,12.849,0.84672,3695.15,0,36.966,0.379487,3.93097,2.10365,13.2211,1.16277,17.7135,0.42336,36.966,0.42336,423.524,0,1.02816,0,0,4.95913,3.93097,1.028160,1,0,107.968,0,0,0,107.968,0
72.29,2.27298,0,0,4.15542,0.242488,1.63995,3.6288,61.308,0.629402,0,0,2.10699,0.220983,1.25661,0.66528,12.849,1,0.404005,1.63995,0,79.8604,4.55857,76.5378,0.84672,12.849,0.84672,3695.15,0,36.966,0.379501,3.31084,2.07546,11.683,1.16277,15.527,0.42336,36.966,0.42336,423.524,0,1.02816,0,0,4.339,3.31084,1.028160,1,0,93.3214,0,0,0,93.3214,0
72.29,2.27303,0,0,3.74433,0.242488,1.22881,3.6288,61.308,0.629425,0,0,1.86729,0.220983,1.01688,0.66528,12.849,1,0.404015,1.22881,0,69.711,4.55857,65.9772,0.84672,12.849,0.84672,3695.15,0,36.966,0.379516,2.87108,2.0755,10.5503,1.16277,13.9546,0.42336,36.966,0.42336,423.524,0,1.02816,0,0,3.89924,2.87108,1.028160,1,0,80.9487,0,0,0,80.9487,0
72.29,2.27309,0,0,3.44095,0.212242,0.955618,3.6288,61.308,0.629449,0,0,1.76005,0.181161,0.949436,0.66528,12.849,1,0.404024,0.955618,0,66.8684,3.73285,63.6872,0.84672,12.849,0.84672,3695.15,0,36.966,0.37953,2.69328,2.07554,9.54746,0.953347,12.9834,0.42336,36.966,0.42336,423.524,0,1.02816,0,0,3.72144,2.69328,1.028160,1,0,77.62,0,0,0,77.62,0
72.29,2.39316,0,0,3.72528,0.197347,1.13478,3.6288,61.308,0.66528,0,0,1.7732,0.191965,0.91596,0.66528,12.849,1,0.425365,1.13478,0,65.3158,3.8539,62.1713,0.84672,12.849,0.84672,3695.15,0,36.966,0.437528,2.67989,2.07558,9.92658,0.892621,13.3519,0.42336,36.966,0.42336,423.524,0,1.02816,0,0,3.70805,2.67989,1.028160,1,0,76.4392,0,0,0,76.4392,0
72.29,2.39321,0,0,3.45838,0.191389,0.873772,3.6288,61.308,0.66528,0,0,1.60949,0.196286,0.747928,0.66528,12.849,1,0.425376,0.873772,0,57.7259,3.90233,54.272,0.84672,12.849,0.84672,3695.15,0,36.966,0.437568,2.1135,2.17458,8.92711,0.868331,11.9093,0.42336,36.966,0.42336,423.524,0,1.02816,0,0,3.14166,2.1135,1.028160,1,0,66.9292,0,0,0,66.9292,0
72.29,2.39327,0,0,2.9857,0.191389,0.401037,3.6288,61.308,0.66528,0,0,1.41968,0.196286,0.558115,0.66528,12.849,1,0.425386,0.401037,0,53.0468,3.90233,49.1202,0.84672,12.849,0.84672,3695.15,0,36.966,0.437608,1.89603,2.17462,8.44327,0.868331,11.208,0.42336,36.966,0.42336,423.524,0,1.02816,0,0,2.92419,1.89603,1.028160,1,0,60.8863,0,0,0,60.8863,0
72.0313,2.39333,0,0,2.68889,0.191389,0.36288,3.6288,61.308,0.66528,0,0,1.20842,0.196286,0.34685,0.66528,12.849,1,0.425396,0.36288,0,49.6861,3.90233,45.7213,0.84672,12.849,0.84672,3695.15,0,36.966,0.437648,1.60058,2.17466,8.17836,0.868331,10.6476,0.42336,36.966,0.42336,423.524,0,1.02816,0,0,2.62874,1.60058,1.028160,1,0,56.7158,0,0,0,56.7158,0
71.6133,2.39209,0,0,2.49481,0.157827,0.36288,3.6288,61.308,0.66528,0,0,1.22469,0.212493,0.346921,0.66528,12.849,1,0.426703,0.36288,0,51.1196,4.26371,46.7921,0.84672,12.849,0.84672,3695.15,0,36.966,0.437689,1.60031,2.17471,7.06054,0.932239,9.46563,0.42336,36.966,0.42336,423.524,0,1.02816,0,0,2.62847,1.60031,1.028160,1,0,56.6046,0,0,0,56.6046,0
71.0553,2.36634,0,0,2.29549,0.124245,0.36288,3.6288,61.308,0.66528,0,0,1.2036,0.222579,0.315736,0.66528,12.849,1,0.424573,0.36288,0,55.8568,4.51731,51.2778,0.84672,12.849,0.84672,3695.15,0,36.966,0.489283,1.31862,2.17475,5.53417,0.955167,7.58309,0.42336,36.966,0.42336,423.524,0,1.02816,0,0,2.34678,1.31862,1.028160,1,0,59.1766,0,0,0,59.1766,0
70.2887,2.36357,0,0,2.08349,0.123716,0.36288,3.6288,61.308,0.66528,0,0,1.12915,0.222579,0.241294,0.66528,12.849,1,0.427406,0.36288,0,49.7731,4.51731,45.1913,0.84672,12.849,0.84672,3695.15,0,36.966,0.489325,1.05397,2.20939,5.35356,0.955167,7.17242,0.42336,36.966,0.42336,423.524,0,1.02816,0,0,2.08213,1.05397,1.028160,1,0,52.605,0,0,0,52.605,0
69.4526,2.35969,0,0,1.97669,0.0901741,0.36288,3.6288,61.308,0.66528,0,0,1.05917,0.299362,0.0945268,0.66528,12.849,1,0.431358,0.36288,0,44.7706,5.50536,39.1967,0.84672,12.849,0.84672,3695.15,0,36.966,0.489366,1.06211,2.20943,5.07364,1.31582,6.53999,0.42336,36.966,0.42336,423.524,0,1.02816,0,0,2.09027,1.06211,1.028160,1,0,45.8313,0,0,0,45.8313,0
68.3978,2.35536,0,0,1.75307,0.0895932,0.36288,3.6288,61.308,0.66528,0,0,0.995414,0.299362,0.0307722,0.66528,12.849,1,0.435751,0.36288,0,41.9969,5.50536,36.4186,0.84672,12.849,0.84672,3695.15,0,36.966,0.489407,1.03437,2.20948,4.88134,1.31582,6.31996,0.42336,36.966,0.42336,423.524,0,1.02816,0,0,2.06253,1.03437,1.028160,1,0,42.7694,0,0,0,42.7694,0
67.3856,2.41054,0,0,1.84121,0.0800034,0.36288,3.6288,61.308,0.66528,0,0,0.994041,0.305334,0.0234266,0.66528,12.849,1,0.452837,0.36288,0,42.4481,5.86719,36.4909,0.84672,12.849,0.84672,3695.15,0,36.966,0.535399,0.880019,2.20952,4.37287,1.53025,5.39676,0.42336,36.966,0.42336,423.524,0,1.02816,0,0,1.90818,0.880019,1.028160,1,0,41.9111,0,0,0,41.9111,0
66.3014,2.40489,0,0,1.76287,0.0793702,0.36288,3.6288,61.308,0.66528,0,0,0.971723,0.305334,0.00110938,0.66528,12.849,1,0.45856,0.36288,0,39.7214,5.86719,33.7585,0.84672,12.849,0.84672,3695.15,0,36.966,0.535441,0.91851,2.2586,4.49433,1.53025,5.60575,0.42336,36.966,0.42336,423.524,0,1.02816,0,0,1.94667,0.91851,1.028160,1,0,39.3653,0,0,0,39.3653,0
64.9983,2.39866,0,0,1.53719,0.078692,0.36288,3.6288,61.2537,0.66528,0,0,0.916324,0.305334,0,0.66528,12.849,1,0.464853,0.36288,0,37.633,5.86719,31.6638,0.84672,12.849,0.84672,3695.15,0,36.966,0.535483,0.737744,2.25864,4.2944,1.53025,5.22505,0.42336,36.966,0.42336,423.524,0,1.02816,0,0,1.7659,0.737744,1.028160,1,0,36.8889,0,0,0,36.8889,0
63.5889,2.39094,0,0,1.41765,0.0732468,0.36288,3.6288,61.1812,0.66528,0,0,0.900582,0.307818,0,0.66528,12.849,1,0.472646,0.36288,0,35.5034,5.94197,29.4517,0.84672,12.849,0.84672,3695.15,0,36.966,0.535526,0.659707,2.25869,4.25531,1.54519,5.09299,0.42336,36.966,0.42336,423.524,0,1.02816,0,0,1.68787,0.659707,1.028160,1,0,34.5447,0,0,0,34.5447,0
61.777,2.55819,0,0,1.1789,0.0697517,0.36288,3.6288,61.0833,0.66528,0,0,0.86692,0.299521,0,0.66528,12.849,1,0.516916,0.36288,0,27.7771,6.10681,21.5162,0.84672,12.849,0.84672,3695.15,0,36.966,0.701441,0.569385,2.25873,4.10162,1.52141,4.70689,0.42336,36.966,0.42336,423.524,0,1.02816,0,0,1.59754,0.569385,1.028160,1,0,26.2231,0,0,0,26.2231,0
60.0446,2.5457,0,0,1.24879,0.0726331,0.36288,3.6288,61.031,0.66528,0,0,0.90485,0.291866,0,0.66528,12.849,1,0.52948,0.36288,0,24.3367,6.12507,18.045,0.84672,12.849,0.84672,3695.15,0,36.966,0.701486,0.665315,2.42656,3.75619,1.51449,4.63208,0.42336,36.966,0.42336,423.524,0,1.02816,0,0,1.69347,0.665315,1.028160,1,0,22.6771,0,0,0,22.6771,0
58.1053,2.53317,0,0,1.02838,0.0715729,0.36288,3.6288,60.8615,0.66528,0,0,0.787562,0.29177,0,0.66528,12.849,1,0.542077,0.36288,0,30.2129,6.12507,23.9086,0.84672,12.849,0.84672,3695.15,0,36.966,0.701532,0.468202,2.42661,3.3511,1.51449,4.02989,0.42336,36.966,0.42336,423.524,0,1.02816,0,0,1.49636,0.468202,1.028160,1,0,27.9385,0,0,0,27.9385,0
56.2914,2.51842,0,0,1.13764,0.0702461,0.36288,3.6288,60.9866,0.66528,0,0,1.08186,0.291457,0,0.66528,12.849,1,0.556905,0.36288,0,25.9032,6.12507,19.5841,0.84672,12.849,0.84672,3695.15,0,36.966,0.701578,0.930692,2.42666,4.00459,1.51449,5.14587,0.42336,36.966,0.42336,423.524,0,1.02816,0,0,1.95885,0.930692,1.028160,1,0,24.73,0,0,0,24.73,0
54.3897,2.50387,0,0,1.06256,0.097508,0.36288,3.6288,60.7939,0.66528,0,0,0.752448,0.279872,0,0.66528,12.849,1,0.57153,0.36288,0,26.229,5.68325,20.3371,0.84672,12.849,0.84672,3695.15,0,36.966,0.701624,0.58695,2.42671,4.07435,1.38138,5.005,0.42336,36.966,0.42336,423.524,0,1.02816,0,0,1.61511,0.58695,1.028160,1,0,25.3421,0,0,0,25.3421,0
52.4385,2.4044,0,0,0.996952,0.180866,0.36288,3.6288,60.5969,0.66528,0,0,0.71448,0.246285,0,0.66528,12.849,1,0.568013,0.36288,0,27.2284,4.47479,22.5485,0.84672,12.849,0.84672,3695.15,0,36.966,0.60098,0.454654,2.42676,3.69357,1.03586,4.93813,0.42336,36.966,0.42336,423.524,0,1.02816,0,0,1.48281,0.454654,1.028160,1,0,27.4867,0,0,0,27.4867,0
50.632,2.38748,0,0,1.12107,0.1773,0.36288,3.6288,60.727,0.66528,0,0,1.04139,0.245977,0,0.66528,12.849,1,0.585003,0.36288,0,30.5884,4.47479,25.8915,0.84672,12.849,0.84672,3695.15,0,36.966,0.601024,0.995095,2.3297,4.85539,1.03586,6.5433,0.42336,36.966,0.42336,423.524,0,1.02816,0,0,2.02325,0.995095,1.028160,1,0,32.4348,0,0,0,32.4348,0
48.7194,2.37089,0,0,0.99519,0.173998,0.36288,3.6288,60.6266,0.66528,0,0,0.811045,0.24618,0,0.66528,12.849,1,0.601666,0.36288,0,26.6802,4.47479,21.9667,0.84672,12.849,0.84672,3695.15,0,36.966,0.601068,0.612032,2.32975,3.72528,1.03586,5.03013,0.42336,36.966,0.42336,423.524,0,1.02816,0,0,1.64019,0.612032,1.028160,1,0,26.9968,0,0,0,26.9968,0
47.1186,2.35225,0,0,1.30036,0.186032,0.36288,3.6288,60.9271,0.66528,0,0,1.20977,0.243989,0,0.66528,12.849,1,0.620371,0.36288,0,36.7605,4.49426,32.0088,0.84672,12.849,0.84672,3695.15,0,36.966,0.601111,1.60595,2.32979,5.89217,1.06066,8.16614,0.42336,36.966,0.42336,423.524,0,1.02816,0,0,2.63411,1.60595,1.028160,1,0,40.1749,0,0,0,40.1749,0
45.508,2.26927,0,0,1.26792,0.24635,0.36288,3.6288,60.7405,0.66528,0,0,0.692752,0.214027,0,0.66528,12.849,1,0.61882,0.36288,0,24.7957,3.98527,20.5545,0.84672,12.849,0.84672,3695.15,0,36.966,0.509495,0.489655,2.32984,3.78883,1.1235,4.97533,0.42336,36.966,0.42336,423.524,0,1.02816,0,0,1.51781,0.489655,1.028160,1,0,25.5298,0,0,0,25.5298,0
43.6072,2.25225,0,0,0.969175,0.254881,0.36288,3.6288,60.042,0.920962,0,0,0.430776,0.208369,0,0.66528,12.849,1,0.635914,0.36288,0,16.631,3.90369,12.4542,0.84672,12.849,0.84672,3695.15,0,36.966,0.560487,0.216518,2.24322,2.81776,1.1381,3.57891,0.42336,36.966,0.42336,423.524,0,0.721526,0,0,0.938045,0.216518,1.028160,1,0,16.0331,0,0,0,16.0331,0
42.2228,2.23089,0,0,1.45887,0.249447,0.36288,3.6288,60.2124,0.66528,0,0,1.04319,0.207445,0,0.66528,12.849,1,0.65734,0.36288,0,25.934,3.90369,21.7358,0.84672,12.849,0.84672,3695.15,0,36.966,0.509578,1.68305,2.24326,5.71354,1.1381,7.99217,0.42336,36.966,0.42336,423.524,0,1.02816,0,0,2.71121,1.68305,1.028160,1,0,29.728,0,0,0,29.728,0
42.9319,2.21442,0,0,3.53187,0.245489,0.36288,3.6288,61.308,0.66528,0,0,2.33706,0.207671,0.36854,0.66528,12.849,1,0.67388,0.36288,0,67.9639,3.90369,63.7492,0.84672,12.849,0.84672,3695.15,0,36.966,0.509619,3.23795,2.24331,8.64339,1.1381,12.4769,0.42336,36.966,0.42336,423.524,0,1.02816,0,0,4.26611,3.23795,1.028160,1,0,76.5947,0,0,0,76.5947,0
42.5902,2.03809,0,0,2.31731,0.258048,0.36288,3.6288,61.308,0.61388,0,0,3.02465,0.206786,2.20398,0.66528,12.849,1,0.609977,0.36288,0,52.8038,3.94591,48.6108,0.84672,12.849,0.84672,3695.15,0,36.966,0.370142,5.10038,2.24335,12.1186,1.00063,18.0916,0.42336,36.966,0.42336,423.524,0,1.02816,0,0,6.12854,5.10038,1.028160,1,0,68.9064,0,0,0,68.9064,0
41.9264,2.03438,0,0,1.95328,0.219806,0.36288,3.6288,61.308,0.613903,0,0,1.86269,0.24615,1.00264,0.66528,12.849,1,0.613752,0.36288,0,53.8677,4.54892,49.0679,0.84672,12.849,0.84672,3695.15,0,36.966,0.370156,5.92317,2.05086,8.19067,1.05936,14.7352,0.42336,36.966,0.42336,423.524,0,1.02816,0,0,6.95133,5.92317,1.028160,1,0,64.8057,0,0,0,64.8057,0
41.553,1.76621,0,0,1.97247,0.216783,0.36288,3.6288,61.308,0.490755,0,0,1.09718,0.253168,0.353254,0.66528,12.849,1,0.541283,0.36288,0,51.3781,4.57481,46.6249,0.84672,12.849,0.84672,3695.15,0,36.966,0.295904,2.95719,2.0509,8.79362,1.07934,12.4265,0.42336,36.966,0.42336,423.524,0,1.02816,0,0,3.98535,2.95719,1.028160,1,0,59.4046,0,0,0,59.4046,0
40.9344,1.76254,0,0,1.71472,0.207888,0.36288,3.6288,61.308,0.490776,0,0,1.21494,0.29527,0.428893,0.66528,12.849,1,0.545012,0.36288,0,54.846,4.73015,49.9338,0.84672,12.849,0.84672,3695.15,0,36.966,0.295916,2.57728,1.83455,5.04179,1.19921,7.9585,0.42336,36.966,0.42336,423.524,0,1.02816,0,0,3.60544,2.57728,1.028160,1,0,58.3211,0,0,0,58.3211,0
43.8156,1.75631,0,0,5.20728,0.206843,0.36288,3.6288,61.308,0.490797,0,0,2.5198,0.281446,1.74755,0.66528,12.849,1,0.551294,0.36288,0,154.923,4.51464,150.22,0.84672,12.849,0.84672,3695.15,0,36.966,0.295929,5.20783,1.83459,18.2498,1.14325,23.853,0.42336,36.966,0.42336,423.524,0,1.02816,0,0,6.23599,5.20783,1.028160,1,0,175.82,0,0,0,175.82,0
48.1225,1.84761,0,0,6.73412,0.216767,0.36288,3.6288,61.308,0.521326,0,0,1.9268,0.198498,1.20697,0.66528,12.849,1,0.541815,0.36288,0,165.689,3.22161,162.289,0.84672,12.849,0.84672,3695.15,0,36.966,0.314336,3.40619,1.83463,10.2516,0.80747,14.3706,0.42336,36.966,0.42336,423.524,0,1.02816,0,0,4.43435,3.40619,1.028160,1,0,177.866,0,0,0,177.866,0
50.7772,1.88592,0,0,5.131,0.227441,0.36288,3.6288,61.308,0.521342,0,0,1.75259,0.198498,1.03275,0.66528,12.849,1,0.503552,0.36288,0,103.886,3.22161,100.524,0.84672,12.849,0.84672,3695.15,0,36.966,0.314346,2.40513,1.88777,7.08921,0.80747,10.2603,0.42336,36.966,0.42336,423.524,0,1.02816,0,0,3.43329,2.40513,1.028160,1,0,111.817,0,0,0,111.817,0
52.6757,2.18741,0,0,4.68272,0.23399,0.36288,3.6288,61.308,0.648524,0,0,1.93167,0.198498,1.08465,0.66528,12.849,1,0.553517,0.36288,0,76.5971,3.22161,73.1848,0.84672,12.849,0.84672,3695.15,0,36.966,0.391031,2.96742,1.8878,7.73042,0.80747,11.3871,0.42336,36.966,0.42336,423.524,0,1.02816,0,0,3.99558,2.96742,1.028160,1,0,85.6566,0,0,0,85.6566,0
57.1664,1.92098,0,0,7.04319,0.268641,0.36288,3.6288,61.308,0.521374,0,0,2.14088,0.183697,1.43581,0.66528,12.849,1,0.468579,0.36288,0,91.0112,3.34207,87.5634,0.84672,12.849,0.84672,3695.15,0,36.966,0.314365,3.34947,2.11117,11.4805,0.880538,15.7462,0.42336,36.966,0.42336,423.524,0,1.02816,0,0,4.37763,3.34947,1.028160,1,0,104.745,0,0,0,104.745,0
59.6947,2.48038,0,0,5.6893,0.317731,0.36288,3.6288,61.308,0.66528,0,0,1.75562,0.184078,0.906264,0.66528,12.849,1,0.557503,0.36288,0,90.7667,3.82227,86.7498,0.84672,12.849,0.84672,3695.15,0,36.966,0.581905,2.62607,1.88785,6.77774,1.0336,9.67615,0.42336,36.966,0.42336,423.524,0,1.02816,0,0,3.65423,2.62607,1.028160,1,0,97.3322,0,0,0,97.3322,0
60.8216,2.49986,0,0,4.31321,0.323515,0.36288,3.6288,61.308,0.66528,0,0,1.78768,0.192125,0.930272,0.66528,12.849,1,0.538082,0.36288,0,123.104,3.9501,118.979,0.84672,12.849,0.84672,3695.15,0,36.966,0.581937,1.93236,2.32723,7.4813,1.05586,10.1031,0.42336,36.966,0.42336,423.524,0,1.02816,0,0,2.96052,1.93236,1.028160,1,0,130.013,0,0,0,130.013,0
61.5075,2.50813,0,0,3.87947,0.322605,0.36288,3.6288,61.308,0.66528,0,0,1.42024,0.181768,0.573195,0.66528,12.849,1,0.529861,0.36288,0,79.615,3.86002,75.588,0.84672,12.849,0.84672,3695.15,0,36.966,0.58197,1.77701,2.32727,5.69327,1.01949,8.19609,0.42336,36.966,0.42336,423.524,0,1.02816,0,0,2.80517,1.77701,1.028160,1,0,84.3573,0,0,0,84.3573,0
62.6221,2.51307,0,0,4.28957,0.299049,0.36288,3.6288,61.308,0.66528,0,0,1.49739,0.119631,0.712478,0.66528,12.849,1,0.524983,0.36288,0,78.6482,3.31958,75.1665,0.84672,12.849,0.84672,3695.15,0,36.966,0.582003,1.86886,2.3273,5.93605,0.801275,8.74893,0.42336,36.966,0.42336,423.524,0,1.02816,0,0,2.89702,1.86886,1.028160,1,0,84.6279,0,0,0,84.6279,0
64.5214,2.16952,0,0,4.74824,0.316502,0.36288,3.6288,61.308,0.604343,0,0,1.58831,0.189212,0.794754,0.66528,12.849,1,0.44515,0.36288,0,89.481,4.43319,84.9656,0.84672,12.849,0.84672,3695.15,0,36.966,0.364392,2.09797,2.32734,6.77453,1.10719,9.72826,0.42336,36.966,0.42336,423.524,0,1.02816,0,0,3.12613,2.09797,1.028160,1,0,95.4886,0,0,0,95.4886,0
66.3311,2.18049,0,0,4.68016,0.327038,0.36288,3.6288,61.308,0.60436,0,0,1.61427,0.173159,0.836752,0.66528,12.849,1,0.43423,0.36288,0,85.2751,4.50996,80.6938,0.84672,12.849,0.84672,3695.15,0,36.966,0.364403,2.47939,2.03279,6.9762,1.05165,10.0723,0.42336,36.966,0.42336,423.524,0,1.02816,0,0,3.50755,2.47939,1.028160,1,0,91.6028,0,0,0,91.6028,0
68.4875,1.90827,0,0,4.75934,0.331811,0.36288,3.6288,61.308,0.482309,0,0,1.35912,0.173159,0.703647,0.66528,12.849,1,0.369651,0.36288,0,87.016,4.50996,82.4993,0.84672,12.849,0.84672,3695.15,0,36.966,0.290811,1.71452,2.03282,6.16319,1.05165,8.56807,0.42336,36.966,0.42336,423.524,0,1.02816,0,0,2.74268,1.71452,1.028160,1,0,91.771,0,0,0,91.771,0
70.0596,2.20175,0,0,4.47416,0.337497,0.36288,3.6288,61.308,0.604395,0,0,1.34142,0.173159,0.563866,0.66528,12.849,1,0.413072,0.36288,0,81.236,4.50996,76.6758,0.84672,12.849,0.84672,3695.15,0,36.966,0.364424,1.57307,1.81855,5.83114,1.05165,7.80669,0.42336,36.966,0.42336,423.524,0,1.02816,0,0,2.60123,1.57307,1.028160,1,0,85.0464,0,0,0,85.0464,0
71.0694,2.20962,0,0,3.92672,0.344384,0.36288,3.6288,61.308,0.604413,0,0,1.27776,0.184269,0.489079,0.66528,12.849,1,0.405247,0.36288,0,67.2965,4.01463,63.2395,0.84672,12.849,0.84672,3695.15,0,36.966,0.364434,1.24226,2.03288,5.18401,1.02841,7.06631,0.42336,36.966,0.42336,423.524,0,1.02816,0,0,2.27042,1.24226,1.028160,1,0,70.7949,0,0,0,70.7949,0
72.1493,2.30481,0,0,4.06841,0.320772,0.36288,3.6288,61.308,0.64695,0,0,1.24861,0.167267,0.434392,0.66528,12.849,1,0.416698,0.36288,0,72.3242,4.07138,68.199,0.84672,12.849,0.84672,3695.15,0,36.966,0.390082,0.997376,2.03291,5.34791,0.97242,7.0157,0.42336,36.966,0.42336,423.524,0,1.02816,0,0,2.02554,0.997376,1.028160,1,0,75.6491,0,0,0,75.6491,0
72.29,2.01375,0,0,3.27454,0.323425,0.796709,3.6288,61.308,0.519981,0,0,1.03877,0.167267,0.351521,0.66528,12.849,1,0.358627,0.796709,0,55.082,4.07138,51.4487,0.84672,12.849,0.84672,3695.15,0,36.966,0.313526,0.864691,2.10558,4.3706,0.97242,6.05492,0.42336,36.966,0.42336,423.524,0,1.02816,0,0,1.89285,0.864691,1.028160,1,0,57.8551,0,0,0,57.8551,0
72.29,2.31087,0,0,3.22588,0.31975,0.595264,3.6288,61.308,0.646986,0,0,0.862929,0.158421,0.0575213,0.66528,12.849,1,0.410739,0.595264,0,51.4252,3.89601,47.7137,0.84672,12.849,0.84672,3695.15,0,36.966,0.390104,1.21529,1.88291,3.72088,0.947847,5.48113,0.42336,36.966,0.42336,423.524,0,1.02816,0,0,2.24345,1.21529,1.028160,1,0,53.2524,0,0,0,53.2524,0
72.29,2.31091,0,0,3.37098,0.295625,0.764447,3.6288,61.308,0.647005,0,0,0.785091,0.105342,0.0327448,0.66528,12.849,1,0.410747,0.764447,0,51.2749,2.84382,48.7848,0.84672,12.849,0.84672,3695.15,0,36.966,0.390115,1.07027,2.10564,2.8911,0.800406,4.87649,0.42336,36.966,0.42336,423.524,0,1.02816,0,0,2.09843,1.07027,1.028160,1,0,53.6941,0,0,0,53.6941,0
72.29,2.27556,0,0,3.32008,0.2259,0.818621,3.6288,61.308,0.630508,0,0,0.967015,0.149032,0.187475,0.66528,12.849,1,0.404464,0.818621,0,61.0711,4.04076,57.4445,0.84672,12.849,0.84672,3695.15,0,36.966,0.380168,0.854738,2.10567,3.4931,1.09829,4.97505,0.42336,36.966,0.42336,423.524,0,1.02816,0,0,1.8829,0.854738,1.028160,1,0,62.607,0,0,0,62.607,0
72.1191,2.27561,0,0,2.73516,0.26762,0.36288,3.6288,61.308,0.630525,0,0,0.874359,0.169962,0.0738724,0.66528,12.849,1,0.404472,0.36288,0,49.1093,4.32705,44.7407,0.84672,12.849,0.84672,3695.15,0,36.966,0.380179,0.563613,2.07744,3.02931,1.12743,4.16276,0.42336,36.966,0.42336,423.524,0,1.02816,0,0,1.59177,0.563613,1.028160,1,0,48.9773,0,0,0,48.9773,0
71.8209,2.27483,0,0,2.50866,0.169087,0.36288,3.6288,61.1525,0.688476,0,0,0.74876,0.215739,0,0.66528,12.849,1,0.405293,0.36288,0,44.8334,4.73067,40.0603,0.84672,12.849,0.84672,3695.15,0,36.966,0.41512,0.528595,2.07747,2.82327,1.15153,3.86269,0.42336,36.966,0.42336,423.524,0,0.935297,0,0,1.46389,0.528595,1.028160,1,0,43.923,0,0,0,43.923,0
71.4564,2.27345,0,0,2.44047,0.168704,0.36288,3.6288,61.133,0.629959,0,0,0.825915,0.215527,0,0.66528,12.849,1,0.406727,0.36288,0,43.3296,4.73067,38.5551,0.84672,12.849,0.84672,3695.15,0,36.966,0.380803,0.596436,2.0775,3.27342,1.15153,4.41503,0.42336,36.966,0.42336,423.524,0,1.02816,0,0,1.6246,0.596436,1.028160,1,0,42.9701,0,0,0,42.9701,0
70.7906,2.39165,0,0,2.27549,0.186757,0.36288,3.6288,61.0281,0.698916,0,0,0.835056,0.241016,0,0.66528,12.849,1,0.430058,0.36288,0,38.1988,4.87107,33.2606,0.84672,12.849,0.84672,3695.15,0,36.966,0.439398,0.402797,2.07754,2.82057,1.08897,3.77253,0.42336,36.966,0.42336,423.524,0,0.994524,0,0,1.39732,0.402797,1.028160,1,0,37.0331,0,0,0,37.0331,0
69.8984,2.38827,0,0,2.03464,0.175669,0.36288,3.6288,60.7098,0.742124,0,0,0.668269,0.244414,0,0.66528,12.849,1,0.433489,0.36288,0,33.1346,4.52079,28.5432,0.84672,12.849,0.84672,3695.15,0,36.966,0.44952,0.402797,2.17662,2.59094,1.03952,3.68131,0.42336,36.966,0.42336,423.524,0,0.941224,0,0,1.34402,0.402797,1.028160,1,0,32.2245,0,0,0,32.2245,0
68.8661,2.38364,0,0,1.85862,0.144345,0.36288,3.6288,60.384,0.740882,0,0,0.662645,0.247557,0,0.66528,12.849,1,0.438171,0.36288,0,29.6142,4.63449,24.9044,0.84672,12.849,0.84672,3695.15,0,36.966,0.45112,0.402797,2.17665,2.47488,1.00399,3.59922,0.42336,36.966,0.42336,423.524,0,0.940896,0,0,1.34369,0.402797,1.028160,1,0,28.5036,0,0,0,28.5036,0
67.8037,2.37815,0,0,1.82177,0.143194,0.36288,3.6288,60.1774,0.676305,0,0,0.716671,0.247045,0,0.66528,12.849,1,0.443714,0.36288,0,28.3696,4.63449,23.6543,0.84672,12.849,0.84672,3695.15,0,36.966,0.439489,0.30119,2.17669,2.66678,1.00399,3.70117,0.42336,36.966,0.42336,423.524,0,1.01714,0,0,1.31833,0.30119,1.028160,1,0,27.3555,0,0,0,27.3555,0
66.6146,2.37235,0,0,1.67663,0.130469,0.36288,3.6288,59.9235,0.66528,0,0,0.665194,0.253781,0,0.66528,12.849,1,0.449568,0.36288,0,26.454,4.8567,21.5107,0.84672,12.849,0.84672,3695.15,0,36.966,0.439519,0.331897,2.17672,2.42099,1.07644,3.41365,0.42336,36.966,0.42336,423.524,0,1.02816,0,0,1.36006,0.331897,1.028160,1,0,24.9243,0,0,0,24.9243,0
65.3407,2.34221,0,0,1.53186,0.100672,0.36288,3.6288,59.6332,0.66528,0,0,0.645935,0.270993,0,0.66528,12.849,1,0.451779,0.36288,0,25.7298,5.41223,20.2287,0.84672,12.849,0.84672,3695.15,0,36.966,0.491155,0.47317,2.17675,2.52177,1.25754,3.423,0.42336,36.966,0.42336,423.524,0,1.02816,0,0,1.50133,0.47317,1.028160,1,0,23.6517,0,0,0,23.6517,0
63.951,2.33489,0,0,1.40774,0.0996553,0.36288,3.6288,59.3248,0.66528,0,0,0.627385,0.270491,0,0.66528,12.849,1,0.459148,0.36288,0,25.3236,5.41223,19.8151,0.84672,12.849,0.84672,3695.15,0,36.966,0.491186,0.473792,2.21141,2.54288,1.25754,3.47935,0.42336,36.966,0.42336,423.524,0,1.02816,0,0,1.50195,0.473792,1.028160,1,0,23.2944,0,0,0,23.2944,0
62.4443,2.32663,0,0,1.28139,0.098546,0.36288,3.6288,58.9763,0.66528,0,0,0.58679,0.269958,0,0.66528,12.849,1,0.467464,0.36288,0,24.3105,5.41223,18.7936,0.84672,12.849,0.84672,3695.15,0,36.966,0.491218,0.273188,2.21145,2.3888,1.25754,3.12467,0.42336,36.966,0.42336,423.524,0,1.02816,0,0,1.30135,0.273188,1.028160,1,0,21.9183,0,0,0,21.9183,0
60.8583,2.31731,0,0,1.17826,0.0841288,0.36288,3.6288,58.5695,0.66528,0,0,0.560233,0.301778,0,0.66528,12.849,1,0.476827,0.36288,0,21.5522,5.83567,15.6026,0.84672,12.849,0.84672,3695.15,0,36.966,0.491249,0.266691,2.21148,2.29854,1.41211,2.87335,0.42336,36.966,0.42336,423.524,0,1.02816,0,0,1.29485,0.266691,1.028160,1,0,18.476,0,0,0,18.476,0
59.3599,2.36677,0,0,1.29642,0.0651428,0.36288,3.6288,58.165,0.66528,0,0,0.576226,0.315406,0,0.66528,12.849,1,0.499695,0.36288,0,22.9048,5.83741,16.9306,0.84672,12.849,0.84672,3695.15,0,36.966,0.537275,0.296775,2.21151,2.27376,1.47987,2.76491,0.42336,36.966,0.42336,423.524,0,1.02816,0,0,1.32494,0.296775,1.028160,1,0,19.6955,0,0,0,19.6955,0
57.8716,2.35644,0,0,1.29515,0.0641762,0.36288,3.6288,57.7651,0.66528,0,0,0.57521,0.309814,0,0.66528,12.849,1,0.510073,0.36288,0,22.1196,5.7436,16.2288,0.84672,12.849,0.84672,3695.15,0,36.966,0.537307,0.323274,2.26063,2.33363,1.45681,2.92341,0.42336,36.966,0.42336,423.524,0,1.02816,0,0,1.35143,0.323274,1.028160,1,0,19.1522,0,0,0,19.1522,0
56.226,2.34575,0,0,1.12628,0.0632571,0.36288,3.6288,57.2793,0.717353,0,0,0.540565,0.309015,0,0.66528,12.849,1,0.520817,0.36288,0,20.9275,5.7436,15.026,0.84672,12.849,0.84672,3695.15,0,36.966,0.537339,0.261274,2.26066,2.27095,1.45681,2.79873,0.42336,36.966,0.42336,423.524,0,0.976087,0,0,1.23736,0.261274,1.028160,1,0,17.8247,0,0,0,17.8247,0
54.5046,2.33338,0,0,1.03713,0.0622409,0.36288,3.6288,56.7538,0.747153,0,0,0.529645,0.308044,0,0.66528,12.849,1,0.533235,0.36288,0,19.7376,5.7436,13.8237,0.84672,12.849,0.84672,3695.15,0,36.966,0.537371,0.227405,2.26069,2.24796,1.45681,2.74188,0.42336,36.966,0.42336,423.524,0,0.946287,0,0,1.17369,0.227405,1.028160,1,0,16.5656,0,0,0,16.5656,0
52.5626,2.49107,0,0,0.950772,0.0388012,0.36288,3.6288,56.2868,0.69984,0,0,0.539502,0.306622,0,0.66528,12.849,1,0.587249,0.36288,0,19.5685,5.86284,13.4813,0.84672,12.849,0.84672,3695.15,0,36.966,0.703434,0.227405,2.26073,2.3058,1.51887,2.57163,0.42336,36.966,0.42336,423.524,0,0.9936,0,0,1.221,0.227405,1.028160,1,0,16.0529,0,0,0,16.0529,0
50.6437,2.47368,0,0,0.956958,0.0393436,0.36288,3.6288,55.8322,0.675458,0,0,0.51007,0.289232,0,0.66528,12.849,1,0.604695,0.36288,0,19.0652,5.45759,13.3658,0.84672,12.849,0.84672,3695.15,0,36.966,0.703468,0.227405,2.4287,2.47364,1.5315,2.89478,0.42336,36.966,0.42336,423.524,0,1.01798,0,0,1.24539,0.227405,1.028160,1,0,16.2606,0,0,0,16.2606,0
48.7234,2.45545,0,0,0.936671,0.0385663,0.36288,3.6288,55.2753,0.745416,0,0,0.476903,0.288374,0,0.66528,12.849,1,0.622982,0.36288,0,17.3976,5.45759,11.6799,0.84672,12.849,0.84672,3695.15,0,36.966,0.703503,0.227405,2.42874,2.48276,1.5315,2.9039,0.42336,36.966,0.42336,423.524,0,0.948024,0,0,1.17543,0.227405,1.028160,1,0,14.5838,0,0,0,14.5838,0
47.2475,2.43607,0,0,1.36083,0.0377854,0.36288,3.6288,54.8707,0.66528,0,0,0.547982,0.287322,0,0.66528,12.849,1,0.642422,0.36288,0,19.8146,5.45759,14.0775,0.84672,12.849,0.84672,3695.15,0,36.966,0.703538,0.35621,2.42878,2.7527,1.5315,3.30264,0.42336,36.966,0.42336,423.524,0,1.02816,0,0,1.38437,0.35621,1.028160,1,0,17.3801,0,0,0,17.3801,0
46.1787,2.42033,0,0,1.7793,0.0649548,0.36288,3.6288,54.6422,0.66528,0,0,0.710059,0.273245,0,0.66528,12.849,1,0.658211,0.36288,0,30.1792,5.21703,24.6668,0.84672,12.849,0.84672,3695.15,0,36.966,0.703573,0.602934,2.42881,3.09774,1.47607,3.94984,0.42336,36.966,0.42336,423.524,0,1.02816,0,0,1.63109,0.602934,1.028160,1,0,28.6167,0,0,0,28.6167,0
44.4541,2.32775,0,0,1.04036,0.0743069,0.36288,3.6288,54.7788,0.66528,0,0,1.04433,0.242499,0,0.66528,12.849,1,0.647687,0.36288,0,18.8152,4.75314,13.7773,0.84672,12.849,0.84672,3695.15,0,36.966,0.602825,2.8657,2.42885,3.83105,1.30004,7.22274,0.42336,36.966,0.42336,423.524,0,1.02816,0,0,3.89386,2.8657,1.028160,1,0,21,0,0,0,21,0
42.5733,2.3083,0,0,0.863257,0.0728802,0.36288,3.6288,54.4325,0.66528,0,0,0.561686,0.242717,0,0.66528,12.849,1,0.667192,0.36288,0,18.0278,4.75314,12.9703,0.84672,12.849,0.84672,3695.15,0,36.966,0.602858,0.987681,2.33169,2.85313,1.30004,4.2696,0.42336,36.966,0.42336,423.524,0,1.02816,0,0,2.01584,0.987681,1.028160,1,0,17.2399,0,0,0,17.2399,0
41.0505,2.2857,0,0,1.24158,0.115766,0.36288,3.6288,54.2594,0.66528,0,0,0.690892,0.198656,0,0.66528,12.849,1,0.689846,0.36288,0,21.0402,4.13025,16.583,0.84672,12.849,0.84672,3695.15,0,36.966,0.602891,1.24338,2.33173,3.13955,1.10534,5.00643,0.42336,36.966,0.42336,423.524,0,1.02816,0,0,2.27154,1.24338,1.028160,1,0,21.5894,0,0,0,21.5894,0
41.2828,2.26626,0,0,3.03331,0.17193,0.36288,3.6288,54.8733,0.66528,0,0,1.41967,0.140486,0,0.66528,12.849,1,0.709349,0.36288,0,63.4535,3.29973,59.8073,0.84672,12.849,0.84672,3695.15,0,36.966,0.602924,2.58992,2.33176,8.36239,0.845753,11.8354,0.42336,36.966,0.42336,423.524,0,1.02816,0,0,3.61808,2.58992,1.028160,1,0,71.6427,0,0,0,71.6427,0
40.0174,2.20476,0,0,1.43425,0.131957,0.36288,3.6288,54.6522,0.66528,0,0,0.654281,0.210124,0,0.66528,12.849,1,0.686218,0.36288,0,27.9863,3.77561,23.8874,0.84672,12.849,0.84672,3695.15,0,36.966,0.511213,0.906008,2.3318,3.866,0.926254,5.66634,0.42336,36.966,0.42336,423.524,0,1.02816,0,0,1.93417,0.906008,1.028160,1,0,29.5537,0,0,0,29.5537,0
39.2434,2.18838,0,0,1.96174,0.184452,0.36288,3.6288,54.346,0.66528,0,0,0.586626,0.22762,0,0.66528,12.849,1,0.702655,0.36288,0,36.7621,4.0633,32.359,0.84672,12.849,0.84672,3695.15,0,36.966,0.511245,0.463052,2.24508,4.68062,1.08247,5.79505,0.42336,36.966,0.42336,423.524,0,1.02816,0,0,1.49121,0.463052,1.028160,1,0,38.154,0,0,0,38.154,0
38.1243,2.17798,0,0,1.63247,0.210706,0.36288,3.6288,53.7417,0.791544,0,0,0.410588,0.223254,0,0.66528,12.849,1,0.713108,0.36288,0,29.8673,4.10224,25.4148,0.84672,12.849,0.84672,3695.15,0,36.966,0.538407,0.216518,2.24512,3.90787,1.13207,4.69903,0.42336,36.966,0.42336,423.524,0,0.874765,0,0,1.09128,0.216518,1.028160,1,0,30.1138,0,0,0,30.1138,0
38.1242,1.88655,0,0,2.45731,0.207986,0.36288,3.6288,53.9467,0.566949,0,0,0.99429,0.222336,0,0.66528,12.849,1,0.635823,0.36288,0,46.5747,4.10224,42.1995,0.84672,12.849,0.84672,3695.15,0,36.966,0.389973,2.12594,2.24515,7.92394,1.13207,10.773,0.42336,36.966,0.42336,423.524,0,1.02816,0,0,3.1541,2.12594,1.028160,1,0,52.9725,0,0,0,52.9725,0
41.5393,1.72747,0,0,5.71402,0.208563,0.36288,3.6288,55.3012,0.467549,0,0,2.04384,0.221822,0,0.66528,12.849,1,0.58221,0.36288,0,117.979,4.24575,113.514,0.84672,12.849,0.84672,3695.15,0,36.966,0.320379,3.82479,2.00637,10.3916,1.12258,14.7798,0.42336,36.966,0.42336,423.524,0,1.02816,0,0,4.85295,3.82479,1.028160,1,0,128.294,0,0,0,128.294,0
41.4448,1.97242,0,0,2.45862,0.217881,0.36288,3.6288,55.4788,0.567017,0,0,0.967265,0.22268,0,0.66528,12.849,1,0.61011,0.36288,0,69.6128,4.43709,64.9285,0.84672,12.849,0.84672,3695.15,0,36.966,0.379021,0.560727,1.83594,3.94049,1.10993,4.84821,0.42336,36.966,0.42336,423.524,0,1.02816,0,0,1.58889,0.560727,1.028160,1,0,69.7767,0,0,0,69.7767,0
42.5635,1.76315,0,0,3.45921,0.214452,0.36288,3.6288,55.8854,0.472888,0,0,1.1039,0.224356,0,0.66528,12.849,1,0.546623,0.36288,0,64.8379,4.22457,60.4296,0.84672,12.849,0.84672,3695.15,0,36.966,0.315089,0.853606,2.00923,6.2013,1.08367,7.66538,0.42336,36.966,0.42336,423.524,0,1.02816,0,0,1.88177,0.853606,1.028160,1,0,68.095,0,0,0,68.095,0
44.502,1.77422,0,0,4.28623,0.210612,0.36288,3.6288,56.4592,0.474283,0,0,1.2821,0.234022,0,0.66528,12.849,1,0.535597,0.36288,0,93.9108,4.16179,89.5762,0.84672,12.849,0.84672,3695.15,0,36.966,0.313719,1.24506,1.836,6.48535,1.05155,8.20114,0.42336,36.966,0.42336,423.524,0,1.02816,0,0,2.27322,1.24506,1.028160,1,0,97.7774,0,0,0,97.7774,0
49.3145,1.79235,0,0,7.18359,0.215925,0.36288,3.6288,57.7318,0.476225,0,0,1.98592,0.237115,0,0.66528,12.849,1,0.517503,0.36288,0,143.274,4.3492,138.77,0.84672,12.849,0.84672,3695.15,0,36.966,0.311803,3.93357,1.83603,9.17069,1.06496,13.5635,0.42336,36.966,0.42336,423.524,0,1.02816,0,0,4.96173,3.93357,1.028160,1,0,152.333,0,0,0,152.333,0
56.874,1.89737,0,0,10.0205,0.200712,0.36288,3.6288,61.308,0.51027,0,0,5.29404,0.199345,1.00824,0.66528,12.849,1,0.494364,0.36288,0,253.619,4.23538,249.253,0.84672,12.849,0.84672,3695.15,0,36.966,0.326729,4.83727,1.83605,26.3434,1.00054,31.6894,0.42336,36.966,0.42336,423.524,0,1.02816,0,0,5.86543,4.83727,1.028160,1,0,281.95,0,0,0,281.95,0
63.2918,2.23789,0,0,9.26381,0.245271,0.36288,3.6288,61.308,0.649443,0,0,2.53541,0.205283,1.68068,0.66528,12.849,1,0.505584,0.36288,0,246.787,4.31935,242.325,0.84672,12.849,0.84672,3695.15,0,36.966,0.391585,9.51575,1.88923,27.3983,1.08312,37.3286,0.42336,36.966,0.42336,423.524,0,1.02816,0,0,10.5439,9.51575,1.028160,1,0,281.334,0,0,0,281.334,0
66.544,2.28053,0,0,6.16059,0.264904,0.36288,3.6288,61.308,0.649455,0,0,1.88681,0.205504,1.03185,0.66528,12.849,1,0.462975,0.36288,0,205.33,4.33335,200.896,0.84672,12.849,0.84672,3695.15,0,36.966,0.391593,5.87002,2.11278,17.4775,1.09689,23.9718,0.42336,36.966,0.42336,423.524,0,1.02816,0,0,6.89818,5.87002,1.028160,1,0,225.9,0,0,0,225.9,0
68.5659,2.29952,0,0,4.95616,0.27192,0.36288,3.6288,61.308,0.649468,0,0,1.28117,0.205504,0.426202,0.66528,12.849,1,0.444015,0.36288,0,138.871,4.33335,134.456,0.84672,12.849,0.84672,3695.15,0,36.966,0.3916,2.97659,2.1128,9.99363,1.09689,13.5945,0.42336,36.966,0.42336,423.524,0,1.02816,0,0,4.00475,2.97659,1.028160,1,0,148.477,0,0,0,148.477,0
72.29,2.56079,0,0,9.00318,0.312922,2.40536,3.6288,61.308,0.66528,0,0,3.88702,0.188686,3.03306,0.66528,12.849,1,0.479882,2.40536,0,271.108,4.03935,268.994,0.84672,12.849,0.84672,3695.15,0,36.966,0.583551,7.02163,2.11282,24.1991,1.02752,31.7225,0.42336,36.966,0.42336,423.524,0,1.02816,0,0,8.04979,7.02163,1.028160,1,0,303.749,0,0,0,303.749,0
72.29,2.58181,0,0,7.75699,0.3503,4.82488,3.6288,61.308,0.66528,0,0,4.12486,0.176073,3.2835,0.66528,12.849,1,0.458897,4.82488,0,206.141,3.81885,206.688,0.84672,12.849,0.84672,3695.15,0,36.966,0.583574,6.17475,2.32903,21.9512,0.97549,28.8959,0.42336,36.966,0.42336,423.524,0,1.02816,0,0,7.20291,6.17475,1.028160,1,0,238.867,0,0,0,238.867,0
72.29,2.58184,0,0,6.10235,0.3503,3.1702,3.6288,61.308,0.66528,0,0,3.43437,0.176073,2.59302,0.66528,12.849,1,0.458903,3.1702,0,148.652,3.81885,147.545,0.84672,12.849,0.84672,3695.15,0,36.966,0.583596,5.33637,2.32905,17.7215,0.97549,23.8278,0.42336,36.966,0.42336,423.524,0,1.02816,0,0,6.36453,5.33637,1.028160,1,0,173.965,0,0,0,173.965,0
72.29,2.58187,0,0,5.62035,0.349939,2.68853,3.6288,61.308,0.66528,0,0,3.58437,0.153082,2.76601,0.66528,12.849,1,0.458909,2.68853,0,136.77,3.39128,135.609,0.84672,12.849,0.84672,3695.15,0,36.966,0.583618,6.25812,2.32907,18.0736,0.843789,25.2334,0.42336,36.966,0.42336,423.524,0,1.02816,0,0,7.28628,6.25812,1.028160,1,0,163.608,0,0,0,163.608,0
72.29,2.22209,0,0,6.81491,0.343986,4.24884,3.6288,61.308,0.605203,0,0,4.87928,0.163983,4.11009,0.66528,12.849,1,0.394959,4.24884,0,228.221,3.70713,228.368,0.84672,12.849,0.84672,3695.15,0,36.966,0.36491,7.29881,2.3291,23.4378,0.879296,31.8215,0.42336,36.966,0.42336,423.524,0,1.02816,0,0,8.32697,7.29881,1.028160,1,0,264.3,0,0,0,264.3,0
72.29,2.22212,0,0,7.04989,0.360986,4.46679,3.6288,61.308,0.605215,0,0,3.84682,0.160712,3.0809,0.66528,12.849,1,0.394964,4.46679,0,299.897,3.88321,300.086,0.84672,12.849,0.84672,3695.15,0,36.966,0.364918,5.51579,2.0343,19.2265,0.929437,25.4822,0.42336,36.966,0.42336,423.524,0,1.02816,0,0,6.54395,5.51579,1.028160,1,0,328.649,0,0,0,328.649,0
72.29,2.22214,0,0,10.0406,0.360986,7.4575,3.6288,61.308,0.605227,0,0,5.30177,0.160712,4.53583,0.66528,12.849,1,0.394969,7.4575,0,254.45,3.88321,257.629,0.84672,12.849,0.84672,3695.15,0,36.966,0.364925,10.3251,2.03432,25.9858,0.929437,37.0509,0.42336,36.966,0.42336,423.524,0,1.02816,0,0,11.3533,10.3251,1.028160,1,0,299.216,0,0,0,299.216,0
72.29,2.22217,0,0,13.3023,0.361252,10.7189,3.6288,61.308,0.605239,0,0,8.36542,0.149357,7.61082,0.66528,12.849,1,0.394974,10.7189,0,276.294,3.83112,282.787,0.84672,12.849,0.84672,3695.15,0,36.966,0.364932,11.3907,2.03434,33.5069,0.910662,45.6563,0.42336,36.966,0.42336,423.524,0,1.02816,0,0,12.4189,11.3907,1.028160,1,0,336.054,0,0,0,336.054,0
72.29,2.2222,0,0,8.63879,0.356308,6.06028,3.6288,61.308,0.60525,0,0,3.02009,0.0953855,2.31945,0.66528,12.849,1,0.394979,6.06028,0,232.343,3.589,234.42,0.84672,12.849,0.84672,3695.15,0,36.966,0.364939,5.64881,2.03436,20.8265,0.818858,27.3259,0.42336,36.966,0.42336,423.524,0,1.02816,0,0,6.67697,5.64881,1.028160,1,0,264.065,0,0,0,264.065,0
72.29,2.3128,0,0,9.74756,0.317066,7.11769,3.6288,61.308,0.647815,0,0,9.68406,0.180325,8.85592,0.66528,12.849,1,0.411083,7.11769,0,310.29,4.01174,312.985,0.84672,12.849,0.84672,3695.15,0,36.966,0.390604,14.092,2.03438,34.105,0.943919,48.8969,0.42336,36.966,0.42336,423.524,0,1.02816,0,0,15.1202,14.092,1.028160,1,0,370.738,0,0,0,370.738,0
72.29,2.31283,0,0,7.60087,0.317066,4.97097,3.6288,61.308,0.647828,0,0,4.15316,0.180325,3.32501,0.66528,12.849,1,0.411088,4.97097,0,262.951,4.01174,263.5,0.84672,12.849,0.84672,3695.15,0,36.966,0.390611,7.52983,2.1071,24.4024,0.943919,32.7048,0.42336,36.966,0.42336,423.524,0,1.02816,0,0,8.55799,7.52983,1.028160,1,0,299.529,0,0,0,299.529,0
72.29,2.31286,0,0,8.88728,0.266539,6.30788,3.6288,61.308,0.64784,0,0,4.31309,0.203811,3.46144,0.66528,12.849,1,0.411094,6.30788,0,243.982,4.25481,245.623,0.84672,12.849,0.84672,3695.15,0,36.966,0.390619,7.97973,2.10712,26.8591,1.01483,35.5405,0.42336,36.966,0.42336,423.524,0,1.02816,0,0,9.00789,7.97973,1.028160,1,0,284.625,0,0,0,284.625,0
72.29,2.31289,0,0,6.97481,0.268309,4.39361,3.6288,61.308,0.647852,0,0,2.70234,0.177377,1.87711,0.66528,12.849,1,0.411099,4.39361,0,222.082,3.72674,222.337,0.84672,12.849,0.84672,3695.15,0,36.966,0.390626,5.724,2.10714,21.634,1.04274,28.0318,0.42336,36.966,0.42336,423.524,0,1.02816,0,0,6.75216,5.724,1.028160,1,0,252.246,0,0,0,252.246,0
72.29,2.2775,0,0,5.75264,0.228035,3.2471,3.6288,61.308,0.631337,0,0,2.58841,0.18486,1.77221,0.66528,12.849,1,0.404809,3.2471,0,183.292,4.04426,182.09,0.84672,12.849,0.84672,3695.15,0,36.966,0.380668,5.66793,2.10716,16.7719,1.05334,23.113,0.42336,36.966,0.42336,423.524,0,1.02816,0,0,6.69609,5.66793,1.028160,1,0,206.975,0,0,0,206.975,0
72.29,2.27753,0,0,5.2334,0.228867,2.727,3.6288,61.308,0.631349,0,0,2.46884,0.18694,1.65055,0.66528,12.849,1,0.404814,2.727,0,146.369,4.04775,144.643,0.84672,12.849,0.84672,3695.15,0,36.966,0.380675,5.36463,2.0789,14.6694,1.05189,20.6804,0.42336,36.966,0.42336,423.524,0,1.02816,0,0,6.39279,5.36463,1.028160,1,0,166.974,0,0,0,166.974,0
72.29,2.27756,0,0,4.83715,0.228867,2.33072,3.6288,61.308,0.631361,0,0,2.34856,0.18694,1.53026,0.66528,12.849,1,0.404819,2.33072,0,127.706,4.04775,125.584,0.84672,12.849,0.84672,3695.15,0,36.966,0.380683,5.01663,2.07892,13.5975,1.05189,19.2604,0.42336,36.966,0.42336,423.524,0,1.02816,0,0,6.04479,5.01663,1.028160,1,0,146.375,0,0,0,146.375,0
72.29,2.27759,0,0,4.82167,0.160361,2.38372,3.6288,61.308,0.631373,0,0,2.35176,0.205916,1.51448,0.66528,12.849,1,0.404824,2.38372,0,137.167,4.13133,135.014,0.84672,12.849,0.84672,3695.15,0,36.966,0.38069,4.83708,2.07894,16.8089,1.02801,22.3162,0.42336,36.966,0.42336,423.524,0,1.02816,0,0,5.86524,4.83708,1.028160,1,0,158.845,0,0,0,158.845,0
72.29,2.39784,0,0,5.35613,0.178442,2.77984,3.6288,61.308,0.66528,0,0,2.54722,0.216856,1.66508,0.66528,12.849,1,0.426198,2.77984,0,151.731,4.50186,149.583,0.84672,12.849,0.84672,3695.15,0,36.966,0.44076,5.00367,2.07896,16.5418,1.0278,22.1559,0.42336,36.966,0.42336,423.524,0,1.02816,0,0,6.03183,5.00367,1.028160,1,0,173.404,0,0,0,173.404,0
72.29,2.39787,0,0,4.1071,0.179714,1.52952,3.6288,61.308,0.66528,0,0,1.67948,0.238461,0.775737,0.66528,12.849,1,0.426203,1.52952,0,104.84,5.11524,100.828,0.84672,12.849,0.84672,3695.15,0,36.966,0.440781,3.87691,2.17811,11.4278,1.07823,15.9638,0.42336,36.966,0.42336,423.524,0,1.02816,0,0,4.90507,3.87691,1.028160,1,0,117.568,0,0,0,117.568,0
72.29,2.3979,0,0,3.81177,0.122628,1.29124,3.6288,61.308,0.66528,0,0,1.54246,0.256005,0.621171,0.66528,12.849,1,0.426208,1.29124,0,80.1766,5.41359,75.628,0.84672,12.849,0.84672,3695.15,0,36.966,0.440801,3.21612,2.17813,10.8951,1.205,14.6436,0.42336,36.966,0.42336,423.524,0,1.02816,0,0,4.24428,3.21612,1.028160,1,0,90.8928,0,0,0,90.8928,0
72.29,2.39793,0,0,3.66056,0.122628,1.14,3.6288,61.308,0.66528,0,0,1.52626,0.256005,0.604979,0.66528,12.849,1,0.426214,1.14,0,74.418,5.41359,69.7182,0.84672,12.849,0.84672,3695.15,0,36.966,0.440822,3.23107,2.17815,10.4557,1.205,14.2191,0.42336,36.966,0.42336,423.524,0,1.02816,0,0,4.25923,3.23107,1.028160,1,0,84.5423,0,0,0,84.5423,0
72.29,2.39796,0,0,3.68378,0.1202,1.16562,3.6288,61.308,0.66528,0,0,1.52899,0.258588,0.605118,0.66528,12.849,1,0.426219,1.16562,0,74.4483,5.34034,69.8473,0.84672,12.849,0.84672,3695.15,0,36.966,0.440842,3.44213,2.17818,10.05,1.20466,14.0248,0.42336,36.966,0.42336,423.524,0,1.02816,0,0,4.47029,3.44213,1.028160,1,0,84.4772,0,0,0,84.4772,0
72.29,2.37421,0,0,4.67299,0.105633,2.19314,3.6288,61.308,0.66528,0,0,1.57232,0.274082,0.632963,0.66528,12.849,1,0.421998,2.19314,0,97.4877,4.90088,94.358,0.84672,12.849,0.84672,3695.15,0,36.966,0.492506,2.42664,2.1782,10.6625,1.20261,13.5722,0.42336,36.966,0.42336,423.524,0,1.02816,0,0,3.4548,2.42664,1.028160,1,0,108.563,0,0,0,108.563,0
72.29,2.37424,0,0,4.44824,0.0960646,1.97793,3.6288,61.308,0.66528,0,0,1.51801,0.289627,0.563107,0.66528,12.849,1,0.422003,1.97793,0,93.5781,5.11805,90.016,0.84672,12.849,0.84672,3695.15,0,36.966,0.492527,2.39005,2.21287,10.271,1.2761,13.1053,0.42336,36.966,0.42336,423.524,0,1.02816,0,0,3.41821,2.39005,1.028160,1,0,103.684,0,0,0,103.684,0
72.29,2.37427,0,0,4.19679,0.0819986,1.74052,3.6288,61.308,0.66528,0,0,1.46448,0.309555,0.489645,0.66528,12.849,1,0.422009,1.74052,0,88.6412,5.67927,84.2805,0.84672,12.849,0.84672,3695.15,0,36.966,0.492549,2.48847,2.21289,10.1877,1.41446,12.982,0.42336,36.966,0.42336,423.524,0,1.02816,0,0,3.51663,2.48847,1.028160,1,0,97.7521,0,0,0,97.7521,0
72.29,2.3743,0,0,3.84158,0.0859406,1.38134,3.6288,61.308,0.66528,0,0,1.41865,0.301981,0.451392,0.66528,12.849,1,0.422014,1.38134,0,87.5197,5.68659,82.7925,0.84672,12.849,0.84672,3695.15,0,36.966,0.49257,2.31422,2.21292,9.40982,1.3963,12.0481,0.42336,36.966,0.42336,423.524,0,1.02816,0,0,3.34238,2.31422,1.028160,1,0,95.292,0,0,0,95.292,0
72.29,2.43573,0,0,3.4411,0.084785,0.920585,3.6288,61.308,0.66528,0,0,0.996132,0.317185,0.0136669,0.66528,12.849,1,0.432933,0.920585,0,77.5647,5.57589,72.4765,0.84672,12.849,0.84672,3695.15,0,36.966,0.538618,1.77526,2.21294,7.82119,1.42256,9.84821,0.42336,36.966,0.42336,423.524,0,1.02816,0,0,2.80342,1.77526,1.028160,1,0,82.3384,0,0,0,82.3384,0
72.29,2.43577,0,0,3.17936,0.0843228,0.659268,3.6288,61.1148,0.66528,0,0,0.795329,0.323266,0,0.66528,12.849,1,0.432939,0.659268,0,66.4589,5.53161,61.1536,0.84672,12.849,0.84672,3695.15,0,36.966,0.53864,1.6793,2.26208,6.72408,1.43306,8.69375,0.42336,36.966,0.42336,423.524,0,1.02816,0,0,2.70746,1.6793,1.028160,1,0,69.8473,0,0,0,69.8473,0
72.29,2.4358,0,0,2.89194,0.0843228,0.371819,3.6288,60.8737,0.66528,0,0,0.747066,0.322871,0,0.66528,12.849,1,0.432944,0.371819,0,61.1107,5.53161,55.518,0.84672,12.849,0.84672,3695.15,0,36.966,0.538662,1.25558,2.2621,6.154,1.43306,7.69995,0.42336,36.966,0.42336,423.524,0,1.02816,0,0,2.28374,1.25558,1.028160,1,0,63.2179,0,0,0,63.2179,0
72.29,2.43583,0,0,3.27192,0.0742904,0.761809,3.6288,60.8005,0.66528,0,0,0.908254,0.316205,0,0.66528,12.849,1,0.43295,0.761809,0,62.8456,5.67311,57.5014,0.84672,12.849,0.84672,3695.15,0,36.966,0.538684,2.06077,2.26212,9.02223,1.46994,11.3365,0.42336,36.966,0.42336,423.524,0,1.02816,0,0,3.08893,2.06077,1.028160,1,0,68.8379,0,0,0,68.8379,0
72.29,2.61568,0,0,3.24872,0.0717828,0.561251,3.6288,60.6842,0.66528,0,0,0.852552,0.303522,0,0.66528,12.849,1,0.464918,0.561251,0,63.3546,5.57427,57.8767,0.84672,12.849,0.84672,3695.15,0,36.966,0.704848,1.74692,2.26215,7.24524,1.46931,9.08016,0.42336,36.966,0.42336,423.524,0,1.02816,0,0,2.77508,1.74692,1.028160,1,0,66.9568,0,0,0,66.9568,0
72.29,2.61572,0,0,3.46493,0.0984563,0.750752,3.6288,60.5692,0.66528,0,0,0.865642,0.315396,0,0.66528,12.849,1,0.464924,0.750752,0,63.5532,5.06171,58.7774,0.84672,12.849,0.84672,3695.15,0,36.966,0.704872,1.1576,2.43022,6.89152,1.3795,8.39498,0.42336,36.966,0.42336,423.524,0,1.02816,0,0,2.18576,1.1576,1.028160,1,0,67.1724,0,0,0,67.1724,0
72.29,2.61575,0,0,3.25307,0.0997192,0.537604,3.6288,60.4522,0.66528,0,0,0.854738,0.306414,0,0.66528,12.849,1,0.46493,0.537604,0,61.315,5.166,56.2216,0.84672,12.849,0.84672,3695.15,0,36.966,0.704895,2.50185,2.43025,7.2525,1.41429,10.0654,0.42336,36.966,0.42336,423.524,0,1.02816,0,0,3.53001,2.50185,1.028160,1,0,66.2871,0,0,0,66.2871,0
72.29,2.61578,0,0,3.0818,0.0997192,0.366301,3.6288,60.3049,0.66528,0,0,0.824161,0.306186,0,0.66528,12.849,1,0.464935,0.366301,0,60.774,5.166,55.5094,0.84672,12.849,0.84672,3695.15,0,36.966,0.704919,2.49817,2.43027,6.88159,1.41429,9.69082,0.42336,36.966,0.42336,423.524,0,1.02816,0,0,3.52633,2.49817,1.028160,1,0,65.2002,0,0,0,65.2002,0
72.2512,2.61581,0,0,3.03966,0.0997192,0.36288,3.6288,60.1512,0.66528,0,0,0.817465,0.305899,0,0.66528,12.849,1,0.464941,0.36288,0,58.0621,5.166,52.794,0.84672,12.849,0.84672,3695.15,0,36.966,0.704942,2.46754,2.4303,6.93507,1.41429,9.71368,0.42336,36.966,0.42336,423.524,0,1.02816,0,0,3.4957,2.46754,1.028160,1,0,62.5077,0,0,0,62.5077,0
72.29,2.52799,0,0,3.5809,0.103167,0.910981,3.6288,59.6985,0.66528,0,0,0.501527,0.288939,0,0.66528,12.849,1,0.449573,0.910981,0,49.492,5.1291,44.8243,0.84672,12.849,0.84672,3695.15,0,36.966,0.604118,1.82031,2.43032,7.54194,1.31276,9.8757,0.42336,36.966,0.42336,423.524,0,1.02816,0,0,2.84847,1.82031,1.028160,1,0,54.7,0,0,0,54.7,0
72.29,2.52823,0,0,4.03469,0.1769,1.32956,3.6288,59.4802,0.66528,0,0,0.702512,0.255511,0,0.66528,12.849,1,0.449374,1.32956,0,47.7234,4.27266,44.3309,0.84672,12.849,0.84672,3695.15,0,36.966,0.60414,2.68457,2.33309,10.0719,1.12574,13.3597,0.42336,36.966,0.42336,423.524,0,1.02816,0,0,3.71273,2.68457,1.028160,1,0,57.6906,0,0,0,57.6906,0
72.29,2.52826,0,0,3.78491,0.179983,1.07666,3.6288,59.2725,0.66528,0,0,0.713699,0.25615,0,0.66528,12.849,1,0.449379,1.07666,0,58.7402,4.28894,55.0786,0.84672,12.849,0.84672,3695.15,0,36.966,0.604163,2.57412,2.33311,10.1908,1.13506,13.3588,0.42336,36.966,0.42336,423.524,0,1.02816,0,0,3.60228,2.57412,1.028160,1,0,68.4374,0,0,0,68.4374,0
72.29,2.52829,0,0,4.24925,0.179983,1.54097,3.6288,59.2403,0.66528,0,0,0.888857,0.255809,0,0.66528,12.849,1,0.449385,1.54097,0,94.5026,4.28894,91.3052,0.84672,12.849,0.84672,3695.15,0,36.966,0.604185,3.27369,2.33314,12.9737,1.13506,16.8412,0.42336,36.966,0.42336,423.524,0,1.02816,0,0,4.30185,3.27369,1.028160,1,0,108.146,0,0,0,108.146,0
72.29,2.45638,0,0,4.20969,0.163187,1.59013,3.6288,59.4614,0.66528,0,0,1.17661,0.290215,0,0.66528,12.849,1,0.436603,1.59013,0,156.412,4.92404,152.641,0.84672,12.849,0.84672,3695.15,0,36.966,0.512406,2.0751,2.33316,11.6122,1.27558,14.2325,0.42336,36.966,0.42336,423.524,0,1.02816,0,0,3.10326,2.0751,1.028160,1,0,166.874,0,0,0,166.874,0
72.29,2.45641,0,0,4.30211,0.241426,1.60427,3.6288,60.251,0.66528,0,0,1.67208,0.217218,0,0.66528,12.849,1,0.436608,1.60427,0,103.016,4.30668,99.8774,0.84672,12.849,0.84672,3695.15,0,36.966,0.512428,1.90374,2.24638,9.51471,1.04064,12.1118,0.42336,36.966,0.42336,423.524,0,1.02816,0,0,2.9319,1.90374,1.028160,1,0,111.989,0,0,0,111.989,0
72.29,2.45644,0,0,4.05871,0.256565,1.3457,3.6288,60.669,0.66528,0,0,1.28495,0.201683,0,0.66528,12.849,1,0.436614,1.3457,0,83.9938,4.1244,80.7784,0.84672,12.849,0.84672,3695.15,0,36.966,0.512449,3.25849,2.2464,11.1357,0.983913,15.1442,0.42336,36.966,0.42336,423.524,0,1.02816,0,0,4.28665,3.25849,1.028160,1,0,95.9226,0,0,0,95.9226,0
72.29,2.45647,0,0,4.89161,0.256565,2.17858,3.6288,61.197,0.66528,0,0,1.39552,0.20222,0,0.66528,12.849,1,0.436619,2.17858,0,118.185,4.1244,115.802,0.84672,12.849,0.84672,3695.15,0,36.966,0.512471,2.63687,2.24643,15.0454,0.983913,18.4323,0.42336,36.966,0.42336,423.524,0,1.02816,0,0,3.66503,2.63687,1.028160,1,0,134.235,0,0,0,134.235,0
72.29,2.25216,0,0,5.33726,0.24249,2.8426,3.6288,61.308,0.615049,0,0,1.35019,0.21669,0.407437,0.66528,12.849,1,0.400305,2.8426,0,121.926,4.18663,120.182,0.84672,12.849,0.84672,3695.15,0,36.966,0.37152,1.16786,2.24645,13.7075,0.953626,15.7967,0.42336,36.966,0.42336,423.524,0,1.02816,0,0,2.19602,1.16786,1.028160,1,0,136.386,0,0,0,136.386,0
72.29,2.25219,0,0,3.24731,0.248383,0.746737,3.6288,61.0649,0.61548,0,0,0.557309,0.184901,0,0.66528,12.849,1,0.40031,0.746737,0,73.764,3.94116,70.1693,0.84672,12.849,0.84672,3695.15,0,36.966,0.371107,1.59087,2.05365,5.89534,0.933198,8.23556,0.42336,36.966,0.42336,423.524,0,1.02816,0,0,2.61903,1.59087,1.028160,1,0,78.4048,0,0,0,78.4048,0
71.9039,2.25222,0,0,2.518,0.288999,0.36288,3.6288,60.7446,0.614572,0,0,0.495609,0.201359,0,0.66528,12.849,1,0.400315,0.36288,0,54.566,4.03378,50.4948,0.84672,12.849,0.84672,3695.15,0,36.966,0.372035,0.998922,2.05367,4.46902,0.860343,6.28924,0.42336,36.966,0.42336,423.524,0,1.02816,0,0,2.02708,0.998922,1.028160,1,0,56.784,0,0,0,56.784,0
72.29,2.25042,0,0,3.34689,0.288153,0.42222,3.6288,60.7476,0.613365,0,0,0.817292,0.200951,0,0.66528,12.849,1,0.402143,0.42222,0,76.2792,4.03378,72.2655,0.84672,12.849,0.84672,3695.15,0,36.966,0.373262,3.43028,2.05369,7.56397,0.860343,11.8143,0.42336,36.966,0.42336,423.524,0,1.02816,0,0,4.45844,3.43028,1.028160,1,0,84.0798,0,0,0,84.0798,0
72.29,2.25227,0,0,6.96205,0.288999,4.42078,3.6288,61.308,0.613388,0,0,1.40906,0.200955,0.0343017,0.66528,12.849,1,0.400325,4.42078,0,168.769,4.03378,168.756,0.84672,12.849,0.84672,3695.15,0,36.966,0.373258,2.57398,2.05371,13.4113,0.860343,16.8054,0.42336,36.966,0.42336,423.524,0,1.02816,0,0,3.60214,2.57398,1.028160,1,0,185.596,0,0,0,185.596,0
72.29,2.25227,0,0,10.6895,0.28348,8.15378,3.6288,61.308,0.615516,0,0,3.09495,0.219802,2.25963,0.66528,12.849,1,0.400325,8.15378,0,199.946,4.88283,202.817,0.84672,12.849,0.84672,3695.15,0,36.966,0.371129,3.32254,2.05374,15.4957,1.11215,19.3887,0.42336,36.966,0.42336,423.524,0,1.02816,0,0,4.3507,3.32254,1.028160,1,0,224.465,0,0,0,224.465,0
72.29,2.3309,0,0,10.8295,0.283332,8.21532,3.6288,61.308,0.650069,0,0,6.02475,0.232198,5.14248,0.66528,12.849,1,0.4143,8.21532,0,356.544,5.16484,359.18,0.84672,12.849,0.84672,3695.15,0,36.966,0.391963,6.74522,2.05374,21.4155,1.20953,28.613,0.42336,36.966,0.42336,423.524,0,1.02816,0,0,7.77338,6.74522,1.028160,1,0,392.936,0,0,0,392.936,0
72.29,2.33092,0,0,10.6208,0.283332,8.00652,3.6288,61.308,0.650076,0,0,5.1836,0.232198,4.30133,0.66528,12.849,1,0.414303,8.00652,0,354.507,5.16484,356.934,0.84672,12.849,0.84672,3695.15,0,36.966,0.391967,4.9294,2.11388,18.1162,1.20953,23.558,0.42336,36.966,0.42336,423.524,0,1.02816,0,0,5.95756,4.9294,1.028160,1,0,384.794,0,0,0,384.794,0
72.29,2.33093,0,0,7.02363,0.302723,4.38997,3.6288,61.308,0.650083,0,0,2.74327,0.199488,1.8937,0.66528,12.849,1,0.414306,4.38997,0,179.058,4.87316,178.16,0.84672,12.849,0.84672,3695.15,0,36.966,0.391971,2.67539,2.11389,14.1706,1.12299,17.445,0.42336,36.966,0.42336,423.524,0,1.02816,0,0,3.70355,2.67539,1.028160,1,0,197.499,0,0,0,197.499,0
72.29,2.33095,0,0,11.2505,0.320744,8.5988,3.6288,61.308,0.650089,0,0,6.32827,0.192455,5.48573,0.66528,12.849,1,0.414308,8.5988,0,313.031,4.57378,316.641,0.84672,12.849,0.84672,3695.15,0,36.966,0.391975,4.53971,2.1139,22.5775,1.05565,27.7835,0.42336,36.966,0.42336,423.524,0,1.02816,0,0,5.56787,4.53971,1.028160,1,0,349.911,0,0,0,349.911,0
72.29,2.58336,0,0,13.7741,0.3103,10.8804,3.6288,61.308,0.66528,0,0,8.9767,0.241228,8.07019,0.66528,12.849,1,0.459174,10.8804,0,487.865,4.69319,493.593,0.84672,12.849,0.84672,3695.15,0,36.966,0.584655,6.44782,2.11392,30.561,1.11971,37.4183,0.42336,36.966,0.42336,423.524,0,1.02816,0,0,7.47598,6.44782,1.028160,1,0,539.082,0,0,0,539.082,0
72.29,2.58338,0,0,10.5773,0.3103,7.68358,3.6288,61.308,0.66528,0,0,5.41806,0.241228,4.51155,0.66528,12.849,1,0.459177,7.68358,0,341.167,4.69319,343.698,0.84672,12.849,0.84672,3695.15,0,36.966,0.584667,3.90427,2.33023,22.4794,1.11971,27.0095,0.42336,36.966,0.42336,423.524,0,1.02816,0,0,4.93243,3.90427,1.028160,1,0,375.219,0,0,0,375.219,0
72.29,2.5834,0,0,11.8358,0.314244,8.93812,3.6288,61.308,0.66528,0,0,5.46446,0.230686,4.5685,0.66528,12.849,1,0.45918,8.93812,0,328.443,4.67962,332.242,0.84672,12.849,0.84672,3695.15,0,36.966,0.584678,4.1464,2.33024,23.2897,1.06062,28.1211,0.42336,36.966,0.42336,423.524,0,1.02816,0,0,5.17456,4.1464,1.028160,1,0,364.932,0,0,0,364.932,0
72.29,2.58342,0,0,9.08379,0.329005,6.17136,3.6288,61.308,0.66528,0,0,5.194,0.206335,4.32238,0.66528,12.849,1,0.459183,6.17136,0,263.633,4.209,265.136,0.84672,12.849,0.84672,3695.15,0,36.966,0.58469,3.76723,2.33025,19.2581,0.904693,23.8662,0.42336,36.966,0.42336,423.524,0,1.02816,0,0,4.79539,3.76723,1.028160,1,0,293.325,0,0,0,293.325,0
72.29,2.22342,0,0,8.68657,0.335537,6.12761,3.6288,61.308,0.605772,0,0,8.77637,0.209007,7.96159,0.66528,12.849,1,0.395196,6.12761,0,215.74,3.6267,217.846,0.84672,12.849,0.84672,3695.15,0,36.966,0.365253,6.72893,2.33027,31.3356,0.893763,39.1358,0.42336,36.966,0.42336,423.524,0,1.02816,0,0,7.75709,6.72893,1.028160,1,0,264.943,0,0,0,264.943,0
72.29,2.22344,0,0,6.85752,0.335537,4.29855,3.6288,61.308,0.605778,0,0,5.58285,0.209007,4.76806,0.66528,12.849,1,0.395199,4.29855,0,232.788,3.6267,233.064,0.84672,12.849,0.84672,3695.15,0,36.966,0.365257,5.14074,2.0353,22.8724,0.893763,28.7894,0.42336,36.966,0.42336,423.524,0,1.02816,0,0,6.1689,5.14074,1.028160,1,0,266.622,0,0,0,266.622,0
72.29,2.22345,0,0,5.61502,0.335537,3.05604,3.6288,61.308,0.605784,0,0,3.99969,0.209007,3.1849,0.66528,12.849,1,0.395201,3.05604,0,191.769,3.6267,190.803,0.84672,12.849,0.84672,3695.15,0,36.966,0.365261,2.81832,2.03531,16.5003,0.893763,20.0949,0.42336,36.966,0.42336,423.524,0,1.02816,0,0,3.84648,2.81832,1.028160,1,0,214.083,0,0,0,214.083,0
72.29,2.22346,0,0,4.51244,0.236896,2.05208,3.6288,61.308,0.605791,0,0,2.92863,0.258699,2.06414,0.66528,12.849,1,0.395204,2.05208,0,133.141,4.41771,130.38,0.84672,12.849,0.84672,3695.15,0,36.966,0.365265,1.61825,2.03532,11.3757,1.14796,13.516,0.42336,36.966,0.42336,423.524,0,1.02816,0,0,2.64641,1.61825,1.028160,1,0,145.96,0,0,0,145.96,0
72.29,2.22348,0,0,9.95242,0.258821,7.47012,3.6288,61.308,0.605797,0,0,8.59766,0.185146,7.80672,0.66528,12.849,1,0.395207,7.47012,0,247.467,3.96085,250.581,0.84672,12.849,0.84672,3695.15,0,36.966,0.365269,4.85713,2.03533,26.0829,1.00524,31.6048,0.42336,36.966,0.42336,423.524,0,1.02816,0,0,5.88529,4.85713,1.028160,1,0,289.992,0,0,0,289.992,0
72.29,2.31412,0,0,8.92728,0.256205,6.35696,3.6288,61.308,0.648378,0,0,9.42633,0.205268,8.57268,0.66528,12.849,1,0.411317,6.35696,0,265.068,4.2147,266.799,0.84672,12.849,0.84672,3695.15,0,36.966,0.390943,5.24265,2.03534,26.8804,1.09028,32.6772,0.42336,36.966,0.42336,423.524,0,1.02816,0,0,6.27081,5.24265,1.028160,1,0,308.049,0,0,0,308.049,0
72.29,2.31413,0,0,7.45753,0.256205,4.88719,3.6288,61.308,0.648385,0,0,6.56897,0.205268,5.71531,0.66528,12.849,1,0.41132,4.88719,0,229.541,4.2147,229.803,0.84672,12.849,0.84672,3695.15,0,36.966,0.390947,4.16298,2.10808,18.3127,1.09028,23.1026,0.42336,36.966,0.42336,423.524,0,1.02816,0,0,5.19114,4.16298,1.028160,1,0,258.621,0,0,0,258.621,0
72.29,2.31415,0,0,6.60975,0.256205,4.03939,3.6288,61.308,0.648391,0,0,6.17101,0.205268,5.31735,0.66528,12.849,1,0.411322,4.03939,0,181.125,4.2147,180.538,0.84672,12.849,0.84672,3695.15,0,36.966,0.390951,4.15331,2.10809,15.1219,1.09028,19.9021,0.42336,36.966,0.42336,423.524,0,1.02816,0,0,5.18147,4.15331,1.028160,1,0,205.757,0,0,0,205.757,0
72.29,2.31416,0,0,6.00058,0.215469,3.47094,3.6288,61.308,0.648398,0,0,4.38921,0.19005,3.55076,0.66528,12.849,1,0.411325,3.47094,0,188.317,3.7545,187.623,0.84672,12.849,0.84672,3695.15,0,36.966,0.390955,3.6378,2.10811,14.404,1.04454,18.7144,0.42336,36.966,0.42336,423.524,0,1.02816,0,0,4.66596,3.6378,1.028160,1,0,209.888,0,0,0,209.888,0
72.29,2.27875,0,0,5.2259,0.199175,2.74798,3.6288,61.308,0.631869,0,0,3.9636,0.183962,3.14777,0.66528,12.849,1,0.40503,2.74798,0,147.442,3.57042,146.214,0.84672,12.849,0.84672,3695.15,0,36.966,0.380989,3.31924,2.10812,13.3333,1.02624,17.3535,0.42336,36.966,0.42336,423.524,0,1.02816,0,0,4.3474,3.31924,1.028160,1,0,166.715,0,0,0,166.715,0
72.29,2.27876,0,0,4.67895,0.199175,2.20101,3.6288,61.308,0.631875,0,0,3.75943,0.183962,2.94359,0.66528,12.849,1,0.405033,2.20101,0,132.191,3.57042,130.417,0.84672,12.849,0.84672,3695.15,0,36.966,0.380993,3.00535,2.07983,12.9212,1.02624,16.5992,0.42336,36.966,0.42336,423.524,0,1.02816,0,0,4.03351,3.00535,1.028160,1,0,149.959,0,0,0,149.959,0
72.29,2.27878,0,0,4.48185,0.133028,2.07005,3.6288,61.308,0.631882,0,0,3.62591,0.198947,2.79509,0.66528,12.849,1,0.405035,2.07005,0,122.151,3.87111,119.944,0.84672,12.849,0.84672,3695.15,0,36.966,0.380997,2.78155,2.07984,12.3919,1.13293,15.7394,0.42336,36.966,0.42336,423.524,0,1.02816,0,0,3.80971,2.78155,1.028160,1,0,138.479,0,0,0,138.479,0
72.29,2.27879,0,0,4.38858,0.186833,1.92296,3.6288,61.308,0.631888,0,0,3.42502,0.183835,2.60929,0.66528,12.849,1,0.405038,1.92296,0,121.962,4.82298,118.657,0.84672,12.849,0.84672,3695.15,0,36.966,0.381001,2.91306,2.07985,11.8792,1.01235,15.4788,0.42336,36.966,0.42336,423.524,0,1.02816,0,0,3.94122,2.91306,1.028160,1,0,136.745,0,0,0,136.745,0
72.29,2.39909,0,0,4.53346,0.123533,2.01084,3.6288,61.308,0.66528,0,0,2.89222,0.235256,1.99169,0.66528,12.849,1,0.426419,2.01084,0,123.494,4.87263,120.206,0.84672,12.849,0.84672,3695.15,0,36.966,0.44162,2.74271,2.07986,12.7053,1.11053,15.9757,0.42336,36.966,0.42336,423.524,0,1.02816,0,0,3.77087,2.74271,1.028160,1,0,138.173,0,0,0,138.173,0
72.29,2.3991,0,0,4.02018,0.123533,1.49755,3.6288,61.308,0.66528,0,0,2.67867,0.235256,1.77813,0.66528,12.849,1,0.426422,1.49755,0,114.349,4.87263,110.547,0.84672,12.849,0.84672,3695.15,0,36.966,0.441632,1.91914,2.17905,11.0554,1.11053,13.6014,0.42336,36.966,0.42336,423.524,0,1.02816,0,0,2.9473,1.91914,1.028160,1,0,125.927,0,0,0,125.927,0
72.29,2.39912,0,0,3.87619,0.123533,1.35354,3.6288,61.308,0.66528,0,0,2.61733,0.235256,1.7168,0.66528,12.849,1,0.426425,1.35354,0,108.745,4.87263,104.799,0.84672,12.849,0.84672,3695.15,0,36.966,0.441642,2.90426,2.17906,10.6114,1.11053,14.1425,0.42336,36.966,0.42336,423.524,0,1.02816,0,0,3.93242,2.90426,1.028160,1,0,120.659,0,0,0,120.659,0
72.29,2.39913,0,0,3.63299,0.130786,1.10307,3.6288,61.308,0.66528,0,0,2.4937,0.222264,1.60616,0.66528,12.849,1,0.426428,1.10307,0,100.902,4.95462,96.6243,0.84672,12.849,0.84672,3695.15,0,36.966,0.441653,2.14134,2.17907,10.5874,1.1102,13.3559,0.42336,36.966,0.42336,423.524,0,1.02816,0,0,3.1695,2.14134,1.028160,1,0,111.586,0,0,0,111.586,0
72.29,2.39915,0,0,4.62854,0.123911,2.10548,3.6288,61.308,0.66528,0,0,2.35761,0.245599,1.44674,0.66528,12.849,1,0.426431,2.10548,0,86.8821,4.60268,83.9585,0.84672,12.849,0.84672,3695.15,0,36.966,0.441665,2.56151,2.17908,13.1853,1.09683,16.3874,0.42336,36.966,0.42336,423.524,0,1.02816,0,0,3.58967,2.56151,1.028160,1,0,101.793,0,0,0,101.793,0
72.29,2.37538,0,0,4.41322,0.119127,1.91871,3.6288,61.308,0.66528,0,0,2.27904,0.253371,1.36039,0.66528,12.849,1,0.422206,1.91871,0,83.6499,4.71126,80.4351,0.84672,12.849,0.84672,3695.15,0,36.966,0.493342,2.51875,2.1791,12.6046,1.13358,15.6756,0.42336,36.966,0.42336,423.524,0,1.02816,0,0,3.54691,2.51875,1.028160,1,0,97.4711,0,0,0,97.4711,0
72.29,2.37539,0,0,4.17073,0.0983057,1.69703,3.6288,61.308,0.66528,0,0,2.18665,0.284858,1.23651,0.66528,12.849,1,0.422208,1.69703,0,78.8063,5.37741,74.7037,0.84672,12.849,0.84672,3695.15,0,36.966,0.493353,2.58799,2.21377,12.3992,1.31776,15.3898,0.42336,36.966,0.42336,423.524,0,1.02816,0,0,3.61615,2.58799,1.028160,1,0,91.33,0,0,0,91.33,0
72.29,2.37541,0,0,3.81384,0.104218,1.33421,3.6288,61.308,0.66528,0,0,2.12807,0.273498,1.18929,0.66528,12.849,1,0.422211,1.33421,0,78.6162,5.38839,74.1398,0.84672,12.849,0.84672,3695.15,0,36.966,0.493364,2.45581,2.21379,11.7145,1.29053,14.6002,0.42336,36.966,0.42336,423.524,0,1.02816,0,0,3.48397,2.45581,1.028160,1,0,89.9293,0,0,0,89.9293,0
72.29,2.37543,0,0,3.81852,0.0996238,1.34347,3.6288,61.308,0.66528,0,0,1.96411,0.283883,1.01494,0.66528,12.849,1,0.422214,1.34347,0,83.4797,5.28093,79.12,0.84672,12.849,0.84672,3695.15,0,36.966,0.493376,2.15193,2.2138,10.7418,1.36456,13.2496,0.42336,36.966,0.42336,423.524,0,1.02816,0,0,3.18009,2.15193,1.028160,1,0,93.3845,0,0,0,93.3845,0
72.29,2.43687,0,0,3.71349,0.0961779,1.18044,3.6288,61.308,0.66528,0,0,1.80636,0.291671,0.849414,0.66528,12.849,1,0.433136,1.18044,0,65.613,5.20033,61.16,0.84672,12.849,0.84672,3695.15,0,36.966,0.539434,2.31433,2.21381,10.0443,1.42008,12.613,0.42336,36.966,0.42336,423.524,0,1.02816,0,0,3.34249,2.31433,1.028160,1,0,74.6224,0,0,0,74.6224,0
72.29,2.43689,0,0,3.40027,0.0961779,0.867205,3.6288,61.308,0.66528,0,0,1.67308,0.291671,0.716133,0.66528,12.849,1,0.433139,0.867205,0,62.3668,5.20033,57.6005,0.84672,12.849,0.84672,3695.15,0,36.966,0.539445,1.82908,2.26296,8.82878,1.42008,10.9613,0.42336,36.966,0.42336,423.524,0,1.02816,0,0,2.85724,1.82908,1.028160,1,0,69.278,0,0,0,69.278,0
72.29,2.43691,0,0,3.59262,0.0863757,1.06934,3.6288,61.308,0.66528,0,0,1.92065,0.296851,0.958524,0.66528,12.849,1,0.433141,1.06934,0,61.1666,5.34989,56.4529,0.84672,12.849,0.84672,3695.15,0,36.966,0.539457,2.40056,2.26297,11.6794,1.44996,14.3535,0.42336,36.966,0.42336,423.524,0,1.02816,0,0,3.42872,2.40056,1.028160,1,0,71.765,0,0,0,71.765,0
72.29,2.43692,0,0,3.79088,0.0891624,1.26479,3.6288,61.308,0.66528,0,0,1.93241,0.26863,0.998495,0.66528,12.849,1,0.433144,1.26479,0,63.1684,5.31714,58.6829,0.84672,12.849,0.84672,3695.15,0,36.966,0.539469,2.4374,2.26298,11.5902,1.46197,14.2892,0.42336,36.966,0.42336,423.524,0,1.02816,0,0,3.46556,2.4374,1.028160,1,0,73.9706,0,0,0,73.9706,0
72.29,2.61684,0,0,4.42219,0.131602,1.67374,3.6288,61.308,0.66528,0,0,2.04958,0.318939,1.06536,0.66528,12.849,1,0.465123,1.67374,0,75.8557,5.09502,71.9693,0.84672,12.849,0.84672,3695.15,0,36.966,0.70569,1.85313,2.263,10.9954,1.36212,13.0437,0.42336,36.966,0.42336,423.524,0,1.02816,0,0,2.88129,1.85313,1.028160,1,0,86.0784,0,0,0,86.0784,0
72.29,2.61686,0,0,4.16046,0.134921,1.40869,3.6288,61.308,0.66528,0,0,2.02605,0.306352,1.05441,0.66528,12.849,1,0.465126,1.40869,0,71.5141,5.20916,67.2485,0.84672,12.849,0.84672,3695.15,0,36.966,0.705702,3.33046,2.43113,12.0216,1.40353,15.674,0.42336,36.966,0.42336,423.524,0,1.02816,0,0,4.35862,3.33046,1.028160,1,0,83.9769,0,0,0,83.9769,0
72.29,2.61687,0,0,3.9225,0.134921,1.17071,3.6288,61.308,0.66528,0,0,1.94151,0.306352,0.96988,0.66528,12.849,1,0.465129,1.17071,0,72.5388,5.20916,68.0353,0.84672,12.849,0.84672,3695.15,0,36.966,0.705715,3.58776,2.43114,11.2266,1.40353,15.1362,0.42336,36.966,0.42336,423.524,0,1.02816,0,0,4.61592,3.58776,1.028160,1,0,84.1414,0,0,0,84.1414,0
72.29,2.61689,0,0,3.8394,0.134921,1.08759,3.6288,61.308,0.66528,0,0,1.94445,0.306352,0.972818,0.66528,12.849,1,0.465132,1.08759,0,68.7848,5.20916,64.1981,0.84672,12.849,0.84672,3695.15,0,36.966,0.705728,3.54656,2.43115,11.2635,1.40353,15.132,0.42336,36.966,0.42336,423.524,0,1.02816,0,0,4.57472,3.54656,1.028160,1,0,80.3029,0,0,0,80.3029,0
71.0849,2.61691,0,0,1.99423,0.219529,0.36288,3.6288,61.308,0.66528,0,0,1.19561,0.323967,0.206365,0.66528,12.849,1,0.465135,0.36288,0,52.3359,5.34973,46.8839,0.84672,12.849,0.84672,3695.15,0,36.966,0.70574,1.35143,2.43117,7.63232,1.24617,9.46301,0.42336,36.966,0.42336,423.524,0,1.02816,0,0,2.37959,1.35143,1.028160,1,0,56.5533,0,0,0,56.5533,0
69.7911,2.52279,0,0,1.82337,0.231494,0.36288,3.6288,61.308,0.66528,0,0,1.38098,0.326903,0.3888,0.66528,12.849,1,0.456009,0.36288,0,47.5098,5.37316,42.0435,0.84672,12.849,0.84672,3695.15,0,36.966,0.604867,1.24743,2.43118,7.63238,1.21994,9.48618,0.42336,36.966,0.42336,423.524,0,1.02816,0,0,2.27559,1.24743,1.028160,1,0,51.9185,0,0,0,51.9185,0
68.2829,2.51567,0,0,1.59955,0.2292,0.36288,3.6288,61.308,0.66528,0,0,1.01558,0.326903,0.0233975,0.66528,12.849,1,0.463151,0.36288,0,43.4586,5.37316,37.9852,0.84672,12.849,0.84672,3695.15,0,36.966,0.604879,0.985366,2.3339,6.73486,1.21994,8.22931,0.42336,36.966,0.42336,423.524,0,1.02816,0,0,2.01353,0.985366,1.028160,1,0,46.2379,0,0,0,46.2379,0
66.6766,2.50708,0,0,1.53359,0.270008,0.36288,3.6288,61.2892,0.66528,0,0,0.943523,0.297068,0,0.66528,12.849,1,0.471764,0.36288,0,32.6676,4.9266,27.6321,0.84672,12.849,0.84672,3695.15,0,36.966,0.604891,0.793031,2.33391,9.27063,1.07125,10.7214,0.42336,36.966,0.42336,423.524,0,1.02816,0,0,1.82119,0.793031,1.028160,1,0,38.3535,0,0,0,38.3535,0
65.3923,2.49756,0,0,1.80911,0.23297,0.36288,3.6288,61.1907,0.66528,0,0,0.858608,0.291774,0,0.66528,12.849,1,0.481296,0.36288,0,43.5866,5.09729,38.3709,0.84672,12.849,0.84672,3695.15,0,36.966,0.604903,0.727229,2.33392,10.3958,1.05837,11.7937,0.42336,36.966,0.42336,423.524,0,1.02816,0,0,1.75539,0.727229,1.028160,1,0,50.1646,0,0,0,50.1646,0
63.9179,2.41884,0,0,1.58396,0.276614,0.36288,3.6288,61.1598,0.66528,0,0,0.861805,0.227487,0,0.66528,12.849,1,0.47528,0.36288,0,39.916,4.19296,35.6107,0.84672,12.849,0.84672,3695.15,0,36.966,0.513081,0.469748,2.33394,6.77619,1.01016,8.05663,0.42336,36.966,0.42336,423.524,0,1.02816,0,0,1.49791,0.469748,1.028160,1,0,43.6673,0,0,0,43.6673,0
62.7379,2.40972,0,0,1.86597,0.273348,0.36288,3.6288,60.7446,0.84704,0,0,0.659282,0.227443,0,0.66528,12.849,1,0.484411,0.36288,0,46.2206,4.19296,41.9061,0.84672,12.849,0.84672,3695.15,0,36.966,0.513093,0.216518,2.24712,7.04272,1.01016,7.9831,0.42336,36.966,0.42336,423.524,0,0.8464,0,0,1.06292,0.216518,1.028160,1,0,49.8892,0,0,0,49.8892,0
65.2296,2.40218,0,0,5.52752,0.270735,0.36288,3.6288,61.308,0.66528,0,0,2.16943,0.226845,0.713866,0.66528,12.849,1,0.491976,0.36288,0,86.8832,4.19296,82.5612,0.84672,12.849,0.84672,3695.15,0,36.966,0.513104,2.73025,2.24713,12.4047,1.01016,15.8588,0.42336,36.966,0.42336,423.524,0,1.02816,0,0,3.75841,2.73025,1.028160,1,0,99.1339,0,0,0,99.1339,0
66.3015,2.41789,0,0,4.13147,0.278827,0.36288,3.6288,61.308,0.66528,0,0,1.65377,0.227201,0.761284,0.66528,12.849,1,0.476279,0.36288,0,95.8681,4.2504,91.5043,0.84672,12.849,0.84672,3695.15,0,36.966,0.513116,2.26085,2.24714,11.4317,1.02876,14.3979,0.42336,36.966,0.42336,423.524,0,1.02816,0,0,3.28901,2.26085,1.028160,1,0,106.663,0,0,0,106.663,0
65.6136,2.2227,0,0,2.19446,0.296796,0.36288,3.6288,61.308,0.615825,0,0,1.20251,0.224469,0.362212,0.66528,12.849,1,0.430751,0.36288,0,45.7775,4.59501,41.1146,0.84672,12.849,0.84672,3695.15,0,36.966,0.371315,0.468409,2.24715,6.52531,1.14036,7.7292,0.42336,36.966,0.42336,423.524,0,1.02816,0,0,1.49657,0.468409,1.028160,1,0,49.206,0,0,0,49.206,0
65.6051,2.21894,0,0,2.8685,0.295173,0.36288,3.6288,61.308,0.615831,0,0,1.57493,0.224469,0.734624,0.66528,12.849,1,0.434531,0.36288,0,92.0186,4.59501,87.3519,0.84672,12.849,0.84672,3695.15,0,36.966,0.371319,0.921266,2.05428,10.5462,1.14036,12.0101,0.42336,36.966,0.42336,423.524,0,1.02816,0,0,1.94943,0.921266,1.028160,1,0,100.097,0,0,0,100.097,0
67.4475,2.21891,0,0,4.7177,0.293467,0.36288,3.6288,61.308,0.615838,0,0,1.96925,0.231487,1.12193,0.66528,12.849,1,0.434581,0.36288,0,159.386,4.6209,154.693,0.84672,12.849,0.84672,3695.15,0,36.966,0.371323,1.62375,2.05429,14.8105,1.16034,16.9569,0.42336,36.966,0.42336,423.524,0,1.02816,0,0,2.65191,1.62375,1.028160,1,0,172.772,0,0,0,172.772,0
72.29,2.22889,0,0,9.689,0.294546,2.3231,3.6288,61.308,0.615844,0,0,3.89579,0.238212,3.04174,0.66528,12.849,1,0.424612,2.3231,0,230.685,4.38576,228.197,0.84672,12.849,0.84672,3695.15,0,36.966,0.371327,6.52387,2.0543,31.8458,1.20869,38.844,0.42336,36.966,0.42336,423.524,0,1.02816,0,0,7.55203,6.52387,1.028160,1,0,270.083,0,0,0,270.083,0
72.29,2.25306,0,0,3.50313,0.273934,0.976138,3.6288,61.308,0.615851,0,0,1.23913,0.241971,0.38131,0.66528,12.849,1,0.400464,0.976138,0,93.9894,4.75403,89.811,0.84672,12.849,0.84672,3695.15,0,36.966,0.371331,1.45398,2.05431,8.93877,1.36518,10.7106,0.42336,36.966,0.42336,423.524,0,1.02816,0,0,2.48214,1.45398,1.028160,1,0,100.903,0,0,0,100.903,0
72.29,2.3317,0,0,4.8789,0.259008,2.2882,3.6288,61.308,0.650409,0,0,0.927271,0.254088,0.0227742,0.66528,12.849,1,0.414442,2.2882,0,77.6269,5.01848,74.4822,0.84672,12.849,0.84672,3695.15,0,36.966,0.392167,0.952111,2.05432,8.00634,1.44923,9.17138,0.42336,36.966,0.42336,423.524,0,1.02816,0,0,1.98027,0.952111,1.028160,1,0,83.6764,0,0,0,83.6764,0
71.8038,2.3317,0,0,2.47666,0.268245,0.36288,3.6288,61.2742,0.650409,0,0,0.866531,0.249952,0,0.66528,12.849,1,0.414442,0.36288,0,66.3649,4.79061,61.5227,0.84672,12.849,0.84672,3695.15,0,36.966,0.392168,0.866255,2.11448,6.24805,1.37902,7.45759,0.42336,36.966,0.42336,423.524,0,1.02816,0,0,1.89442,0.866255,1.028160,1,0,68.9803,0,0,0,68.9803,0
71.1686,2.32932,0,0,2.37947,0.322472,0.36288,3.6288,61.308,0.650275,0,0,0.948828,0.225091,0.0396311,0.66528,12.849,1,0.416822,0.36288,0,56.0378,3.42342,52.5605,0.84672,12.849,0.84672,3695.15,0,36.966,0.392304,1.13352,2.11448,7.0555,0.957775,8.95342,0.42336,36.966,0.42336,423.524,0,1.02816,0,0,2.16168,1.13352,1.028160,1,0,61.5535,0,0,0,61.5535,0
70.8304,2.32617,0,0,2.65582,0.304995,0.36288,3.6288,61.0477,0.650411,0,0,0.620889,0.230802,0,0.66528,12.849,1,0.419974,0.36288,0,61.2389,3.65238,57.5295,0.84672,12.849,0.84672,3695.15,0,36.966,0.392169,0.534108,2.11448,4.78356,1.03075,6.00923,0.42336,36.966,0.42336,423.524,0,1.02816,0,0,1.56227,0.534108,1.028160,1,0,63.5387,0,0,0,63.5387,0
70.8269,2.57617,0,0,3.20003,0.264517,0.36288,3.6288,60.3149,1.01004,0,0,0.521821,0.244558,0,0.66528,12.849,1,0.46733,0.36288,0,67.4965,4.22478,63.1673,0.84672,12.849,0.84672,3695.15,0,36.966,0.611604,0.503194,2.11448,3.9731,1.21318,4.76599,0.42336,36.966,0.42336,423.524,0,0.65702,0,0,1.16021,0.503194,1.028160,1,0,67.9333,0,0,0,67.9333,0
71.6298,2.57615,0,0,4.00644,0.26451,0.36288,3.6288,60.199,0.66528,0,0,0.79284,0.243424,0,0.66528,12.849,1,0.46735,0.36288,0,81.9703,4.22478,77.641,0.84672,12.849,0.84672,3695.15,0,36.966,0.585223,1.2377,2.33084,5.54436,1.21318,7.3145,0.42336,36.966,0.42336,423.524,0,1.02816,0,0,2.26586,1.2377,1.028160,1,0,84.9555,0,0,0,84.9555,0
72.29,2.58059,0,0,4.59203,0.266139,1.08506,3.6288,60.2862,0.66528,0,0,0.995682,0.243244,0,0.66528,12.849,1,0.462909,1.08506,0,88.9834,4.22478,85.3807,0.84672,12.849,0.84672,3695.15,0,36.966,0.585224,1.33423,2.33085,6.2658,1.21318,8.13248,0.42336,36.966,0.42336,423.524,0,1.02816,0,0,2.36239,1.33423,1.028160,1,0,93.5132,0,0,0,93.5132,0
72.29,2.58419,0,0,4.08037,0.319843,1.17634,3.6288,60.4986,0.66528,0,0,1.0956,0.217911,0,0.66528,12.849,1,0.459319,1.17634,0,73.6667,3.87285,70.5109,0.84672,12.849,0.84672,3695.15,0,36.966,0.585226,1.83967,2.33085,7.23654,1.08626,9.73558,0.42336,36.966,0.42336,423.524,0,1.02816,0,0,2.86783,1.83967,1.028160,1,0,80.2465,0,0,0,80.2465,0
72.0982,2.22408,0,0,2.72868,0.333551,0.36288,3.6288,60.6281,0.603018,0,0,0.945043,0.212557,0,0.66528,12.849,1,0.395313,0.36288,0,67.4724,3.01192,64.428,0.84672,12.849,0.84672,3695.15,0,36.966,0.368458,0.702769,2.33085,6.05985,0.705256,8.01976,0.42336,36.966,0.42336,423.524,0,1.02816,0,0,1.73093,0.702769,1.028160,1,0,72.4478,0,0,0,72.4478,0
72.0372,2.22319,0,0,2.85812,0.333066,0.36288,3.6288,60.8367,0.603508,0,0,1.02488,0.212732,0,0.66528,12.849,1,0.396206,0.36288,0,69.8982,3.01192,66.8529,0.84672,12.849,0.84672,3695.15,0,36.966,0.36797,0.690405,2.03579,5.22804,0.705256,6.88101,0.42336,36.966,0.42336,423.524,0,1.02816,0,0,1.71857,0.690405,1.028160,1,0,73.734,0,0,0,73.734,0
72.29,1.93659,0,0,6.5001,0.31934,3.99132,3.6288,61.308,0.482387,0,0,1.49563,0.248966,0.29298,0.66528,12.849,1,0.345423,3.99132,0,66.7331,4.0075,66.3715,0.84672,12.849,0.84672,3695.15,0,36.966,0.293111,1.77136,2.03579,12.8696,0.963962,15.4197,0.42336,36.966,0.42336,423.524,0,1.02816,0,0,2.79952,1.77136,1.028160,1,0,82.0842,0,0,0,82.0842,0
72.29,2.22409,0,0,4.10758,0.28153,1.60196,3.6288,61.308,0.606056,0,0,1.17949,0.232846,0.340588,0.66528,12.849,1,0.395314,1.60196,0,157.956,4.79777,154.365,0.84672,12.849,0.84672,3695.15,0,36.966,0.365425,1.05934,1.82116,7.5523,1.10335,8.96402,0.42336,36.966,0.42336,423.524,0,1.02816,0,0,2.0875,1.05934,1.028160,1,0,163.67,0,0,0,163.67,0
72.29,2.22409,0,0,5.07725,0.31593,2.53724,3.6288,61.308,0.606057,0,0,1.30315,0.160139,0.536958,0.66528,12.849,1,0.395315,2.53724,0,107.117,3.58955,105.669,0.84672,12.849,0.84672,3695.15,0,36.966,0.365425,1.6963,2.0358,9.61753,0.689055,12.2951,0.42336,36.966,0.42336,423.524,0,1.02816,0,0,2.72446,1.6963,1.028160,1,0,118.501,0,0,0,118.501,0
72.29,2.31473,0,0,6.3133,0.322514,3.67605,3.6288,61.308,0.648642,0,0,2.09178,0.154311,1.28882,0.66528,12.849,1,0.411427,3.67605,0,121.476,3.39728,121.343,0.84672,12.849,0.84672,3695.15,0,36.966,0.391103,2.12566,2.0358,10.4773,0.644585,13.6031,0.42336,36.966,0.42336,423.524,0,1.02816,0,0,3.15382,2.12566,1.028160,1,0,136.235,0,0,0,136.235,0
72.29,2.31474,0,0,4.45168,0.322514,1.81443,3.6288,61.308,0.648643,0,0,1.07308,0.154311,0.270125,0.66528,12.849,1,0.411427,1.81443,0,83.1107,3.39728,81.1165,0.84672,12.849,0.84672,3695.15,0,36.966,0.391103,1.02681,2.10855,8.10596,0.644585,10.2056,0.42336,36.966,0.42336,423.524,0,1.02816,0,0,2.05497,1.02681,1.028160,1,0,91.5922,0,0,0,91.5922,0
72.29,2.31474,0,0,4.01866,0.313586,1.39034,3.6288,61.308,0.648644,0,0,1.17564,0.159069,0.367932,0.66528,12.849,1,0.411427,1.39034,0,90.5593,3.45545,88.0828,0.84672,12.849,0.84672,3695.15,0,36.966,0.391104,1.08951,2.10855,8.48197,0.656035,10.6329,0.42336,36.966,0.42336,423.524,0,1.02816,0,0,2.11767,1.08951,1.028160,1,0,99.0836,0,0,0,99.0836,0
72.29,2.31474,0,0,3.47415,0.262504,0.896908,3.6288,61.308,0.648645,0,0,1.06723,0.19964,0.218945,0.66528,12.849,1,0.411428,0.896908,0,76.4623,3.6163,73.3314,0.84672,12.849,0.84672,3695.15,0,36.966,0.391104,1.18262,2.10855,7.18909,0.855961,9.23319,0.42336,36.966,0.42336,423.524,0,1.02816,0,0,2.21078,1.18262,1.028160,1,0,82.7836,0,0,0,82.7836,0
72.2017,2.2793,0,0,2.81829,0.264368,0.36288,3.6288,61.308,0.632106,0,0,1.05766,0.208659,0.216892,0.66528,12.849,1,0.405129,0.36288,0,64.2073,3.47519,60.6899,0.84672,12.849,0.84672,3695.15,0,36.966,0.381132,1.38546,2.10855,6.13425,0.954379,8.29275,0.42336,36.966,0.42336,423.524,0,1.02816,0,0,2.41362,1.38546,1.028160,1,0,69.1995,0,0,0,69.1995,0
72.29,2.27888,0,0,3.06448,0.264191,0.433145,3.6288,61.308,0.632107,0,0,0.911667,0.208659,0.0709011,0.66528,12.849,1,0.405549,0.433145,0,66.2455,3.47519,62.7979,0.84672,12.849,0.84672,3695.15,0,36.966,0.381133,1.03499,2.08025,7.51689,0.954379,9.29662,0.42336,36.966,0.42336,423.524,0,1.02816,0,0,2.06315,1.03499,1.028160,1,0,72.1654,0,0,0,72.1654,0
72.1911,2.27931,0,0,2.76509,0.221793,0.36288,3.6288,61.308,0.632108,0,0,0.892434,0.229429,0.0308971,0.66528,12.849,1,0.405129,0.36288,0,60.077,5.11266,54.9221,0.84672,12.849,0.84672,3695.15,0,36.966,0.381133,1.1238,2.08025,6.32656,1.01894,8.13054,0.42336,36.966,0.42336,423.524,0,1.02816,0,0,2.15196,1.1238,1.028160,1,0,63.0836,0,0,0,63.0836,0
71.7581,2.27884,0,0,2.37194,0.163208,0.36288,3.6288,61.2654,0.632109,0,0,0.834261,0.244774,0,0.66528,12.849,1,0.405601,0.36288,0,40.0238,5.34481,34.6363,0.84672,12.849,0.84672,3695.15,0,36.966,0.381134,0.845683,2.08025,5.60572,1.13104,7.01948,0.42336,36.966,0.42336,423.524,0,1.02816,0,0,1.87384,0.845683,1.028160,1,0,41.6558,0,0,0,41.6558,0
71.0469,2.39693,0,0,2.25993,0.211306,0.36288,3.6288,61.2025,0.66528,0,0,0.816333,0.213973,0,0.66528,12.849,1,0.429194,0.36288,0,43.1527,4.6493,38.4371,0.84672,12.849,0.84672,3695.15,0,36.966,0.441984,0.753754,2.08025,5.18586,0.916259,6.66162,0.42336,36.966,0.42336,423.524,0,1.02816,0,0,1.78191,0.753754,1.028160,1,0,45.0988,0,0,0,45.0988,0
70.4253,2.3933,0,0,2.23491,0.100354,0.36288,3.6288,61.0661,0.66528,0,0,0.782205,0.253287,0,0.66528,12.849,1,0.432833,0.36288,0,44.2196,5.17829,38.9714,0.84672,12.849,0.84672,3695.15,0,36.966,0.441985,0.792435,2.17944,5.35297,1.02268,6.86018,0.42336,36.966,0.42336,423.524,0,1.02816,0,0,1.82059,0.792435,1.028160,1,0,45.8316,0,0,0,45.8316,0
69.5574,2.39007,0,0,1.98488,0.0998763,0.36288,3.6288,60.7854,0.66528,0,0,0.637622,0.253068,0,0.66528,12.849,1,0.436064,0.36288,0,39.5465,5.17829,34.295,0.84672,12.849,0.84672,3695.15,0,36.966,0.441987,0.519955,2.17945,4.59091,1.02268,5.82564,0.42336,36.966,0.42336,423.524,0,1.02816,0,0,1.54812,0.519955,1.028160,1,0,40.1207,0,0,0,40.1207,0
68.6214,2.38548,0,0,1.91158,0.0992091,0.36288,3.6288,60.3808,0.66528,0,0,0.513286,0.252619,0,0.66528,12.849,1,0.440658,0.36288,0,36.4429,5.17829,31.1869,0.84672,12.849,0.84672,3695.15,0,36.966,0.441988,0.404309,2.17945,4.41365,1.02268,5.53273,0.42336,36.966,0.42336,423.524,0,1.02816,0,0,1.43247,0.404309,1.028160,1,0,36.7196,0,0,0,36.7196,0
67.3838,2.38042,0,0,1.61354,0.107862,0.36288,3.6288,59.9411,0.728966,0,0,0.540867,0.25156,0,0.66528,12.849,1,0.445721,0.36288,0,30.1422,5.26253,24.7968,0.84672,12.849,0.84672,3695.15,0,36.966,0.446284,0.30119,2.17945,3.32624,1.11307,4.24752,0.42336,36.966,0.42336,423.524,0,0.96018,0,0,1.26137,0.30119,1.028160,1,0,29.0444,0,0,0,29.0444,0
66.032,2.35001,0,0,1.46947,0.108367,0.36288,3.6288,59.3958,0.819551,0,0,0.525064,0.250788,0,0.66528,12.849,1,0.448109,0.36288,0,29.0377,5.27657,23.676,0.84672,12.849,0.84672,3695.15,0,36.966,0.505421,0.30119,2.17945,3.22081,1.12813,4.0679,0.42336,36.966,0.42336,423.524,0,0.862134,0,0,1.16332,0.30119,1.028160,1,0,27.7438,0,0,0,27.7438,0
64.556,2.34233,0,0,1.33641,0.107213,0.36288,3.6288,58.8565,0.801381,0,0,0.512002,0.249916,0,0.66528,12.849,1,0.455789,0.36288,0,28.4694,5.27657,23.0999,0.84672,12.849,0.84672,3695.15,0,36.966,0.498753,0.261274,2.21413,3.0861,1.12813,3.93462,0.42336,36.966,0.42336,423.524,0,0.886974,0,0,1.14825,0.261274,1.028160,1,0,27.0345,0,0,0,27.0345,0
62.9665,2.33364,0,0,1.21299,0.105952,0.36288,3.6288,58.2097,0.878109,0,0,0.480338,0.249054,0,0.66528,12.849,1,0.46448,0.36288,0,25.3686,5.27657,19.9904,0.84672,12.849,0.84672,3695.15,0,36.966,0.551514,0.261274,2.21413,2.9854,1.12813,3.78115,0.42336,36.966,0.42336,423.524,0,0.757486,0,0,1.01876,0.261274,1.028160,1,0,23.7716,0,0,0,23.7716,0
61.2972,2.32391,0,0,1.09545,0.0779634,0.36288,3.6288,57.4189,0.904905,0,0,0.428996,0.314927,0,0.66528,12.849,1,0.474219,0.36288,0,23.9235,6.08579,17.7263,0.84672,12.849,0.84672,3695.15,0,36.966,0.574659,0.261274,2.21413,2.67568,1.45205,3.12437,0.42336,36.966,0.42336,423.524,0,0.707547,0,0,0.96882,0.261274,1.028160,1,0,20.8507,0,0,0,20.8507,0
59.482,2.37305,0,0,1.00341,0.0825982,0.36288,3.6288,56.5521,0.93728,0,0,0.372681,0.302216,0,0.66528,12.849,1,0.497435,0.36288,0,20.2504,5.84734,14.2685,0.84672,12.849,0.84672,3695.15,0,36.966,0.603416,0.261274,2.21413,2.2979,1.40307,2.76682,0.42336,36.966,0.42336,423.524,0,0.69247,0,0,0.953744,0.261274,1.028160,1,0,17.0354,0,0,0,17.0354,0
57.5961,2.36057,0,0,0.918769,0.0812764,0.36288,3.6288,55.5813,1.01542,0,0,0.345182,0.300518,0,0.66528,12.849,1,0.509919,0.36288,0,19.2478,5.84734,13.2535,0.84672,12.849,0.84672,3695.15,0,36.966,0.663743,0.261274,2.26327,2.01983,1.40307,2.47757,0.42336,36.966,0.42336,423.524,0,0.554005,0,0,0.815279,0.261274,1.028160,1,0,15.731,0,0,0,15.731,0
55.7859,2.34692,0,0,0.970747,0.0711227,0.36288,3.6288,54.7838,0.890187,0,0,0.396262,0.303609,0,0.66528,12.849,1,0.523571,0.36288,0,18.8776,5.9969,12.72,0.84672,12.849,0.84672,3695.15,0,36.966,0.592045,0.227405,2.26328,2.67197,1.43295,3.13766,0.42336,36.966,0.42336,423.524,0,0.750937,0,0,0.978342,0.227405,1.028160,1,0,15.8577,0,0,0,15.8577,0
54.0021,2.33312,0,0,0.979171,0.0670274,0.36288,3.6288,54.0362,0.870669,0,0,0.388233,0.265106,0,0.66528,12.849,1,0.53738,0.36288,0,18.4149,6.00609,12.2343,0.84672,12.849,0.84672,3695.15,0,36.966,0.587494,0.227405,2.26328,2.61367,1.46491,3.05195,0.42336,36.966,0.42336,423.524,0,0.775008,0,0,1.00241,0.227405,1.028160,1,0,15.2862,0,0,0,15.2862,0
52.055,2.48995,0,0,0.970652,0.0649055,0.36288,3.6288,53.1173,1.05675,0,0,0.375633,0.237839,0,0.66528,12.849,1,0.592448,0.36288,0,21.6657,5.24402,16.1921,0.84672,12.849,0.84672,3695.15,0,36.966,0.722921,0.227405,2.26328,2.17459,1.41589,2.52646,0.42336,36.966,0.42336,423.524,0,0.61973,0,0,0.847135,0.227405,1.028160,1,0,18.7185,0,0,0,18.7185,0
50.136,2.47218,0,0,0.979681,0.0636233,0.36288,3.6288,52.2288,1.02359,0,0,0.371245,0.236169,0,0.66528,12.849,1,0.610222,0.36288,0,21.3029,5.24402,15.8115,0.84672,12.849,0.84672,3695.15,0,36.966,0.712349,0.227405,2.43142,2.34023,1.41589,2.87082,0.42336,36.966,0.42336,423.524,0,0.663466,0,0,0.89087,0.227405,1.028160,1,0,18.6823,0,0,0,18.6823,0
48.4296,2.45359,0,0,1.17243,0.0623597,0.36288,3.6288,51.389,0.996062,0,0,0.390779,0.234492,0,0.66528,12.849,1,0.628815,0.36288,0,20.8301,5.24402,15.3201,0.84672,12.849,0.84672,3695.15,0,36.966,0.705967,0.204422,2.43142,3.14401,1.41589,3.658,0.42336,36.966,0.42336,423.524,0,0.697378,0,0,0.9018,0.204422,1.028160,1,0,18.9781,0,0,0,18.9781,0
46.4403,2.43609,0,0,0.875025,0.0652751,0.36288,3.6288,50.4766,1.01968,0,0,0.340292,0.232983,0,0.66528,12.849,1,0.646326,0.36288,0,19.8492,5.26621,14.2995,0.84672,12.849,0.84672,3695.15,0,36.966,0.733493,0.204422,2.43143,2.11158,1.41154,2.60239,0.42336,36.966,0.42336,423.524,0,0.646237,0,0,0.85066,0.204422,1.028160,1,0,16.9019,0,0,0,16.9019,0
44.7072,2.4144,0,0,1.11583,0.0716871,0.36288,3.6288,49.6214,0.991922,0,0,0.342807,0.2061,0,0.66528,12.849,1,0.668011,0.36288,0,21.0004,5.13827,15.557,0.84672,12.849,0.84672,3695.15,0,36.966,0.726423,0.204422,2.43143,2.43718,1.33314,3.01347,0.42336,36.966,0.42336,423.524,0,0.681065,0,0,0.885488,0.204422,1.028160,1,0,18.5705,0,0,0,18.5705,0
43.4031,2.31407,0,0,1.44234,0.0694942,0.36288,3.6288,48.9481,0.863306,0,0,0.384593,0.194592,0,0.66528,12.849,1,0.665072,0.36288,0,19.3764,5.06489,14.0093,0.84672,12.849,0.84672,3695.15,0,36.966,0.643129,0.204422,2.43143,2.6415,1.30612,3.3281,0.42336,36.966,0.42336,423.524,0,0.792081,0,0,0.996503,0.204422,1.028160,1,0,17.3374,0,0,0,17.3374,0
41.8591,2.29865,0,0,1.186,0.0684684,0.36288,3.6288,48.6268,0.66528,0,0,0.537544,0.193515,0,0.66528,12.849,1,0.680491,0.36288,0,18.8099,5.06489,13.4274,0.84672,12.849,0.84672,3695.15,0,36.966,0.605077,0.671967,2.33412,2.9824,1.30612,4.07729,0.42336,36.966,0.42336,423.524,0,1.02816,0,0,1.70013,0.671967,1.028160,1,0,17.5047,0,0,0,17.5047,0
40.1336,2.27945,0,0,0.984096,0.0672539,0.36288,3.6288,47.7941,0.92881,0,0,0.289114,0.193001,0,0.66528,12.849,1,0.699697,0.36288,0,18.0225,5.06489,12.6208,0.84672,12.849,0.84672,3695.15,0,36.966,0.706079,0.216518,2.33413,2.22109,1.30612,2.75953,0.42336,36.966,0.42336,423.524,0,0.66363,0,0,0.880148,0.216518,1.028160,1,0,15.3804,0,0,0,15.3804,0
39.5173,2.25667,0,0,2.11023,0.10702,0.36288,3.6288,47.2353,0.783615,0,0,0.406064,0.181336,0,0.66528,12.849,1,0.722484,0.36288,0,28.7327,4.60013,23.7729,0.84672,12.849,0.84672,3695.15,0,36.966,0.606081,0.216518,2.33413,3.86641,1.1834,4.62757,0.42336,36.966,0.42336,423.524,0,0.908824,0,0,1.12534,0.216518,1.028160,1,0,28.4005,0,0,0,28.4005,0
43.529,2.18419,0,0,6.71713,0.158299,0.36288,3.6288,47.9555,0.661127,0,0,1.5841,0.202684,0,0.66528,12.849,1,0.710188,0.36288,0,94.5881,4.16493,90.0759,0.84672,12.849,0.84672,3695.15,0,36.966,0.517394,2.50729,2.33413,8.66359,1.10373,11.8839,0.42336,36.966,0.42336,423.524,0,1.02816,0,0,3.53545,2.50729,1.028160,1,0,101.96,0,0,0,101.96,0
45.5859,2.23473,0,0,4.82034,0.16591,0.36288,3.6288,48.4397,0.66528,0,0,1.35339,0.203908,0,0.66528,12.849,1,0.659653,0.36288,0,83.0071,4.16493,78.5454,0.84672,12.849,0.84672,3695.15,0,36.966,0.513242,1.22088,2.24729,7.36923,1.10373,9.22043,0.42336,36.966,0.42336,423.524,0,1.02816,0,0,2.24904,1.22088,1.028160,1,0,87.7658,0,0,0,87.7658,0
49.3096,2.25795,0,0,6.51438,0.169825,0.36288,3.6288,48.9475,0.66528,0,0,1.37773,0.204731,0,0.66528,12.849,1,0.636435,0.36288,0,86.9149,4.16493,82.4765,0.84672,12.849,0.84672,3695.15,0,36.966,0.513244,1.8914,2.24729,8.20489,1.10373,10.7266,0.42336,36.966,0.42336,423.524,0,1.02816,0,0,2.91956,1.8914,1.028160,1,0,93.2031,0,0,0,93.2031,0
51.3344,2.29608,0,0,4.86074,0.176912,0.36288,3.6288,48.8774,0.66528,0,0,0.800772,0.205594,0,0.66528,12.849,1,0.598309,0.36288,0,81.9029,4.16493,77.5025,0.84672,12.849,0.84672,3695.15,0,36.966,0.513245,0.85174,2.24729,6.81264,1.10373,8.29469,0.42336,36.966,0.42336,423.524,0,1.02816,0,0,1.8799,0.85174,1.028160,1,0,85.7972,0,0,0,85.7972,0
54.6987,2.1224,0,0,6.06061,0.211069,0.36288,3.6288,50.8116,0.562118,0,0,2.69313,0.196782,0,0.66528,12.849,1,0.531236,0.36288,0,95.5161,4.21314,91.1346,0.84672,12.849,0.84672,3695.15,0,36.966,0.42513,1.90112,2.24729,9.19426,1.09778,11.8198,0.42336,36.966,0.42336,423.524,0,1.02816,0,0,2.92928,1.90112,1.028160,1,0,102.954,0,0,0,102.954,0
65.5854,2.14886,0,0,13.6257,0.227316,0.36288,3.6288,53.8933,0.571486,0,0,3.88214,0.228971,0,0.66528,12.849,1,0.504778,0.36288,0,189.651,4.64409,184.865,0.84672,12.849,0.84672,3695.15,0,36.966,0.415763,2.9174,2.0544,14.0479,1.20249,17.4014,0.42336,36.966,0.42336,423.524,0,1.02816,0,0,3.94556,2.9174,1.028160,1,0,202.267,0,0,0,202.267,0
71.0566,2.21893,0,0,8.33026,0.277225,0.36288,3.6288,56.4066,0.585589,0,0,3.34243,0.243515,0,0.66528,12.849,1,0.434716,0.36288,0,164.697,4.39845,160.226,0.84672,12.849,0.84672,3695.15,0,36.966,0.401662,2.4972,2.0544,11.7806,1.11764,14.8129,0.42336,36.966,0.42336,423.524,0,1.02816,0,0,3.52536,2.4972,1.028160,1,0,175.039,0,0,0,175.039,0
72.29,2.24728,0,0,10.3754,0.28935,6.60539,3.6288,59.3209,0.596401,0,0,3.75829,0.247575,0,0.66528,12.849,1,0.40637,6.60539,0,190.001,4.39845,191.802,0.84672,12.849,0.84672,3695.15,0,36.966,0.390851,2.86499,2.0544,12.5585,1.11764,15.9694,0.42336,36.966,0.42336,423.524,0,1.02816,0,0,3.89315,2.86499,1.028160,1,0,207.771,0,0,0,207.771,0
72.29,2.25316,0,0,8.34825,0.299063,5.79603,3.6288,60.8756,0.608232,0,0,2.36741,0.204481,0,0.66528,12.849,1,0.400483,5.79603,0,133.561,4.36695,134.59,0.84672,12.849,0.84672,3695.15,0,36.966,0.379021,2.17452,2.0544,10.2061,1.10794,12.948,0.42336,36.966,0.42336,423.524,0,1.02816,0,0,3.20268,2.17452,1.028160,1,0,147.538,0,0,0,147.538,0
72.29,2.33179,0,0,3.16115,0.316117,0.513241,3.6288,61.308,0.648716,0,0,1.78804,0.129455,0.577479,0.66528,12.849,1,0.414459,0.513241,0,72.2682,3.7548,68.6122,0.84672,12.849,0.84672,3695.15,0,36.966,0.393925,1.96561,2.0544,9.83612,0.800142,12.6621,0.42336,36.966,0.42336,423.524,0,1.02816,0,0,2.99377,1.96561,1.028160,1,0,81.8518,0,0,0,81.8518,0
72.29,2.33178,0,0,3.44779,0.320845,0.795166,3.6288,61.308,0.650444,0,0,2.20196,0.113424,1.43809,0.66528,12.849,1,0.414457,0.795166,0,96.152,3.51939,93.0133,0.84672,12.849,0.84672,3695.15,0,36.966,0.392189,2.77873,2.11455,12.9191,0.679933,16.7403,0.42336,36.966,0.42336,423.524,0,1.02816,0,0,3.80689,2.77873,1.028160,1,0,111.192,0,0,0,111.192,0
72.1848,2.33177,0,0,2.91032,0.320845,0.36288,3.6288,61.308,0.65044,0,0,1.85097,0.113424,1.08711,0.66528,12.849,1,0.414455,0.36288,0,58.4269,3.51939,54.8559,0.84672,12.849,0.84672,3695.15,0,36.966,0.392186,2.09803,2.11454,9.4252,0.679933,12.5656,0.42336,36.966,0.42336,423.524,0,1.02816,0,0,3.12619,2.09803,1.028160,1,0,68.5087,0,0,0,68.5087,0
72.1748,2.33125,0,0,3.00436,0.320297,0.36288,3.6288,61.308,0.650435,0,0,1.92338,0.118743,1.1542,0.66528,12.849,1,0.414965,0.36288,0,75.9923,3.61786,72.3223,0.84672,12.849,0.84672,3695.15,0,36.966,0.392183,2.1207,2.11453,10.6974,0.738555,13.8018,0.42336,36.966,0.42336,423.524,0,1.02816,0,0,3.14886,2.1207,1.028160,1,0,87.2784,0,0,0,87.2784,0
72.29,2.5836,0,0,4.1677,0.318519,1.15035,3.6288,61.308,0.66528,0,0,2.19917,0.150659,1.38324,0.66528,12.849,1,0.459949,1.15035,0,91.3363,4.20872,87.818,0.84672,12.849,0.84672,3695.15,0,36.966,0.585253,2.55812,2.11452,10.7514,1.09028,13.7486,0.42336,36.966,0.42336,423.524,0,1.02816,0,0,3.58628,2.55812,1.028160,1,0,102.95,0,0,0,102.95,0
71.9993,2.58421,0,0,2.97518,0.318797,0.36288,3.6288,61.308,0.66528,0,0,1.24668,0.150659,0.430744,0.66528,12.849,1,0.459324,0.36288,0,71.338,4.20872,67.0328,0.84672,12.849,0.84672,3695.15,0,36.966,0.585244,1.3657,2.33088,7.56332,1.09028,9.58437,0.42336,36.966,0.42336,423.524,0,1.02816,0,0,2.39386,1.3657,1.028160,1,0,77.0479,0,0,0,77.0479,0
70.5999,2.58263,0,0,1.84014,0.29403,0.36288,3.6288,61.308,0.711323,0,0,0.89106,0.158898,0.0208403,0.66528,12.849,1,0.460896,0.36288,0,43.2967,4.15873,39.0399,0.84672,12.849,0.84672,3695.15,0,36.966,0.585235,0.608429,2.33087,5.46464,1.05681,6.76189,0.42336,36.966,0.42336,423.524,0,0.982117,0,0,1.59055,0.608429,1.028160,1,0,45.8227,0,0,0,45.8227,0
70.4583,2.57488,0,0,3.0648,0.268607,0.36288,3.6288,61.308,0.66528,0,0,1.5532,0.17981,0.708114,0.66528,12.849,1,0.468622,0.36288,0,71.704,4.14924,67.449,0.84672,12.849,0.84672,3695.15,0,36.966,0.585227,1.59886,2.33086,9.89643,1.05051,12.1904,0.42336,36.966,0.42336,423.524,0,1.02816,0,0,2.62702,1.59886,1.028160,1,0,80.3475,0,0,0,80.3475,0
72.29,2.21538,0,0,4.85822,0.278405,0.532763,3.6288,61.308,0.606048,0,0,2.01097,0.262471,1.14245,0.66528,12.849,1,0.404003,0.532763,0,115.342,4.34769,111.123,0.84672,12.849,0.84672,3695.15,0,36.966,0.36542,2.43475,2.33085,10.795,1.17162,14.0235,0.42336,36.966,0.42336,423.524,0,1.02816,0,0,3.46291,2.43475,1.028160,1,0,126.289,0,0,0,126.289,0
72.29,2.22406,0,0,5.13433,0.337224,2.57305,3.6288,61.308,0.606044,0,0,2.20338,0.224175,1.37316,0.66528,12.849,1,0.395309,2.57305,0,121.51,3.85906,119.829,0.84672,12.849,0.84672,3695.15,0,36.966,0.365417,2.3928,2.03578,12.5129,1.03089,15.5452,0.42336,36.966,0.42336,423.524,0,1.02816,0,0,3.42096,2.3928,1.028160,1,0,136.747,0,0,0,136.747,0
72.29,2.22405,0,0,6.18575,0.337224,3.62448,3.6288,61.308,0.606039,0,0,2.28051,0.224175,1.4503,0.66528,12.849,1,0.395307,3.62448,0,148.125,3.85906,147.495,0.84672,12.849,0.84672,3695.15,0,36.966,0.365415,2.5693,2.03578,12.4016,1.03089,15.6104,0.42336,36.966,0.42336,423.524,0,1.02816,0,0,3.59746,2.5693,1.028160,1,0,164.556,0,0,0,164.556,0
72.29,2.22404,0,0,5.57845,0.337224,3.01719,3.6288,61.308,0.606034,0,0,2.01684,0.224175,1.18663,0.66528,12.849,1,0.395305,3.01719,0,133.444,3.85906,132.207,0.84672,12.849,0.84672,3695.15,0,36.966,0.365412,2.86051,2.03577,11.433,1.03089,14.9329,0.42336,36.966,0.42336,423.524,0,1.02816,0,0,3.88867,2.86051,1.028160,1,0,148.326,0,0,0,148.326,0
72.29,2.22402,0,0,4.65684,0.334795,2.09802,3.6288,61.308,0.60603,0,0,1.85461,0.20756,1.04102,0.66528,12.849,1,0.395303,2.09802,0,97.9275,3.71124,95.919,0.84672,12.849,0.84672,3695.15,0,36.966,0.365409,2.21238,2.03576,8.48996,0.990057,11.3826,0.42336,36.966,0.42336,423.524,0,1.02816,0,0,3.24054,2.21238,1.028160,1,0,108.343,0,0,0,108.343,0
72.29,2.31466,0,0,4.35569,0.333824,1.70721,3.6288,61.308,0.648609,0,0,2.15514,0.200914,1.30561,0.66528,12.849,1,0.411413,1.70721,0,81.3136,3.65211,78.9573,0.84672,12.849,0.84672,3695.15,0,36.966,0.391082,1.8842,2.03575,8.56736,0.973724,11.1225,0.42336,36.966,0.42336,423.524,0,1.02816,0,0,2.91236,1.8842,1.028160,1,0,91.3854,0,0,0,91.3854,0
72.29,2.31464,0,0,4.35745,0.333824,1.70898,3.6288,61.308,0.648604,0,0,2.23078,0.200914,1.38126,0.66528,12.849,1,0.411411,1.70898,0,88.4632,3.65211,86.1087,0.84672,12.849,0.84672,3695.15,0,36.966,0.391079,2.59634,2.10849,9.96597,0.973724,13.306,0.42336,36.966,0.42336,423.524,0,1.02816,0,0,3.6245,2.59634,1.028160,1,0,100.796,0,0,0,100.796,0
72.29,2.31463,0,0,3.89555,0.324681,1.25624,3.6288,61.308,0.648599,0,0,1.47513,0.210781,0.615753,0.66528,12.849,1,0.411409,1.25624,0,70.3866,3.77952,67.4519,0.84672,12.849,0.84672,3695.15,0,36.966,0.391076,1.38323,2.10848,5.46625,1.00937,7.55751,0.42336,36.966,0.42336,423.524,0,1.02816,0,0,2.41139,1.38323,1.028160,1,0,75.6252,0,0,0,75.6252,0
72.29,2.31462,0,0,3.56643,0.261597,0.99021,3.6288,61.308,0.648594,0,0,1.63188,0.249062,0.734224,0.66528,12.849,1,0.411406,0.99021,0,69.5321,4.26768,65.8433,0.84672,12.849,0.84672,3695.15,0,36.966,0.391073,1.71831,2.10847,8.42316,1.151,10.7079,0.42336,36.966,0.42336,423.524,0,1.02816,0,0,2.74647,1.71831,1.028160,1,0,77.2853,0,0,0,77.2853,0
72.29,2.27917,0,0,3.0952,0.250625,0.565407,3.6288,61.308,0.63205,0,0,1.31471,0.221165,0.461499,0.66528,12.849,1,0.405105,0.565407,0,60.0068,3.89928,56.2678,0.84672,12.849,0.84672,3695.15,0,36.966,0.381098,1.21469,2.10846,6.16171,1.05469,8.04907,0.42336,36.966,0.42336,423.524,0,1.02816,0,0,2.24285,1.21469,1.028160,1,0,64.7784,0,0,0,64.7784,0
71.9101,2.27916,0,0,2.51273,0.250625,0.36288,3.6288,61.308,0.632046,0,0,1.16484,0.221165,0.311634,0.66528,12.849,1,0.405103,0.36288,0,51.0925,3.89928,47.151,0.84672,12.849,0.84672,3695.15,0,36.966,0.381095,1.01968,2.08015,5.29695,1.05469,6.961,0.42336,36.966,0.42336,423.524,0,1.02816,0,0,2.04784,1.01968,1.028160,1,0,54.4236,0,0,0,54.4236,0
71.2612,2.27733,0,0,2.24126,0.249902,0.36288,3.6288,61.308,0.632041,0,0,0.989073,0.221165,0.135867,0.66528,12.849,1,0.406917,0.36288,0,48.7303,3.89928,44.787,0.84672,12.849,0.84672,3695.15,0,36.966,0.381093,0.496264,2.08014,4.98063,1.05469,6.12125,0.42336,36.966,0.42336,423.524,0,1.02816,0,0,1.52442,0.496264,1.028160,1,0,51.0441,0,0,0,51.0441,0
71.1181,2.27418,0,0,2.72962,0.23565,0.36288,3.6288,61.308,0.632036,0,0,1.11703,0.227223,0.257772,0.66528,12.849,1,0.410054,0.36288,0,54.8536,3.97809,50.8284,0.84672,12.849,0.84672,3695.15,0,36.966,0.38109,0.473152,2.08013,5.74454,1.0718,6.84493,0.42336,36.966,0.42336,423.524,0,1.02816,0,0,1.50131,0.473152,1.028160,1,0,57.9311,0,0,0,57.9311,0
70.2188,2.39347,0,0,2.05211,0.195081,0.36288,3.6288,61.308,0.66528,0,0,0.942926,0.227584,0.0500629,0.66528,12.849,1,0.432431,0.36288,0,42.1733,4.1412,37.9626,0.84672,12.849,0.84672,3695.15,0,36.966,0.441851,0.522832,2.08012,4.13619,1.04011,5.25719,0.42336,36.966,0.42336,423.524,0,1.02816,0,0,1.55099,0.522832,1.028160,1,0,43.2698,0,0,0,43.2698,0
69.2172,2.38878,0,0,1.92882,0.178755,0.36288,3.6288,61.308,0.66528,0,0,0.981988,0.231154,0.0855541,0.66528,12.849,1,0.437111,0.36288,0,38.8458,4.24956,34.522,0.84672,12.849,0.84672,3695.15,0,36.966,0.441843,0.526694,2.1793,4.20375,1.02005,5.44785,0.42336,36.966,0.42336,423.524,0,1.02816,0,0,1.55485,0.526694,1.028160,1,0,40.0554,0,0,0,40.0554,0
68.147,2.38343,0,0,1.85346,0.177375,0.36288,3.6288,61.308,0.66528,0,0,1.00037,0.231154,0.103931,0.66528,12.849,1,0.442443,0.36288,0,36.6207,4.24956,32.2916,0.84672,12.849,0.84672,3695.15,0,36.966,0.441835,0.449289,2.17929,4.19172,1.02005,5.35842,0.42336,36.966,0.42336,423.524,0,1.02816,0,0,1.47745,0.449289,1.028160,1,0,37.754,0,0,0,37.754,0
66.9673,2.37757,0,0,1.73671,0.1759,0.36288,3.6288,61.308,0.66528,0,0,0.930986,0.231154,0.0345522,0.66528,12.849,1,0.448287,0.36288,0,34.3064,4.24956,29.9714,0.84672,12.849,0.84672,3695.15,0,36.966,0.441827,0.348659,2.17928,3.88643,1.02005,4.95249,0.42336,36.966,0.42336,423.524,0,1.02816,0,0,1.37682,0.348659,1.028160,1,0,34.9585,0,0,0,34.9585,0
65.5714,2.37093,0,0,1.46584,0.12795,0.36288,3.6288,61.1449,0.66528,0,0,0.722831,0.220677,0,0.66528,12.849,1,0.45491,0.36288,0,27.6225,4.64583,22.8847,0.84672,12.849,0.84672,3695.15,0,36.966,0.441819,0.391383,2.17927,3.77289,1.07995,4.82178,0.42336,36.966,0.42336,423.524,0,1.02816,0,0,1.41954,0.391383,1.028160,1,0,27.7064,0,0,0,27.7064,0
64.014,2.3394,0,0,1.26626,0.121414,0.36288,3.6288,60.9186,0.66528,0,0,0.643496,0.204489,0,0.66528,12.849,1,0.458415,0.36288,0,24.7211,4.5317,20.0939,0.84672,12.849,0.84672,3695.15,0,36.966,0.493481,0.367295,2.17926,3.6139,1.06521,4.60178,0.42336,36.966,0.42336,423.524,0,1.02816,0,0,1.39546,0.367295,1.028160,1,0,24.6957,0,0,0,24.6957,0
62.3504,2.3301,0,0,1.14934,0.119902,0.36288,3.6288,60.6015,0.716627,0,0,0.603701,0.204197,0,0.66528,12.849,1,0.467702,0.36288,0,22.0287,4.5317,17.3922,0.84672,12.849,0.84672,3695.15,0,36.966,0.493473,0.261274,2.21393,3.49596,1.06521,4.41248,0.42336,36.966,0.42336,423.524,0,0.976813,0,0,1.23809,0.261274,1.028160,1,0,21.8047,0,0,0,21.8047,0
60.6707,2.31974,0,0,1.09041,0.0874782,0.36288,3.6288,60.1757,0.711798,0,0,0.566283,0.280227,0,0.66528,12.849,1,0.478046,0.36288,0,19.8146,5.51975,14.1797,0.84672,12.849,0.84672,3695.15,0,36.966,0.493464,0.261274,2.21392,3.31317,1.42586,3.86903,0.42336,36.966,0.42336,423.524,0,0.981642,0,0,1.24292,0.261274,1.028160,1,0,18.0488,0,0,0,18.0488,0
58.9242,2.30881,0,0,1.00875,0.0835618,0.36288,3.6288,59.7184,0.721708,0,0,0.552181,0.287815,0,0.66528,12.849,1,0.488965,0.36288,0,19.5813,5.60756,13.8476,0.84672,12.849,0.84672,3695.15,0,36.966,0.493456,0.261274,2.21391,3.24748,1.44223,3.78698,0.42336,36.966,0.42336,423.524,0,0.971732,0,0,1.23301,0.261274,1.028160,1,0,17.6346,0,0,0,17.6346,0
57.2135,2.3563,0,0,1.08401,0.0755433,0.36288,3.6288,59.2825,0.696116,0,0,0.568022,0.30778,0,0.66528,12.849,1,0.513813,0.36288,0,20.3231,5.82708,14.3451,0.84672,12.849,0.84672,3695.15,0,36.966,0.539496,0.261274,2.2139,3.17577,1.48314,3.62831,0.42336,36.966,0.42336,423.524,0,0.997324,0,0,1.2586,0.261274,1.028160,1,0,17.9734,0,0,0,17.9734,0
55.4475,2.34374,0,0,1.01489,0.0742946,0.36288,3.6288,58.8362,0.687174,0,0,0.547749,0.306923,0,0.66528,12.849,1,0.526357,0.36288,0,19.0641,5.82708,13.0735,0.84672,12.849,0.84672,3695.15,0,36.966,0.539488,0.261274,2.26303,3.28482,1.48314,3.78649,0.42336,36.966,0.42336,423.524,0,1.00627,0,0,1.26754,0.261274,1.028160,1,0,16.86,0,0,0,16.86,0
53.5789,2.33012,0,0,0.89735,0.0730054,0.36288,3.6288,58.2611,0.784642,0,0,0.515642,0.306046,0,0.66528,12.849,1,0.539965,0.36288,0,18.0084,5.82708,12.0043,0.84672,12.849,0.84672,3695.15,0,36.966,0.539479,0.227405,2.26302,3.08158,1.48314,3.54938,0.42336,36.966,0.42336,423.524,0,0.908798,0,0,1.1362,0.227405,1.028160,1,0,15.5537,0,0,0,15.5537,0
51.6486,2.31492,0,0,0.81089,0.0633017,0.36288,3.6288,57.6431,0.818554,0,0,0.510547,0.309996,0,0.66528,12.849,1,0.555151,0.36288,0,17.0708,5.97663,10.9019,0.84672,12.849,0.84672,3695.15,0,36.966,0.539471,0.227405,2.26301,3.07475,1.51302,3.51268,0.42336,36.966,0.42336,423.524,0,0.874886,0,0,1.10229,0.227405,1.028160,1,0,14.4146,0,0,0,14.4146,0
49.5241,2.46796,0,0,0.755006,0.0486716,0.36288,3.6288,57.2135,0.684599,0,0,0.570829,0.315855,0,0.66528,12.849,1,0.613972,0.36288,0,17.5992,6.19553,11.1526,0.84672,12.849,0.84672,3695.15,0,36.966,0.70567,0.227405,2.263,3.43231,1.58895,3.62809,0.42336,36.966,0.42336,423.524,0,1.00884,0,0,1.23625,0.227405,1.028160,1,0,14.7807,0,0,0,14.7807,0
47.3518,2.44703,0,0,0.686353,0.0487466,0.36288,3.6288,56.6924,0.7297,0,0,0.522622,0.314053,0,0.66528,12.849,1,0.634881,0.36288,0,15.9538,6.16969,9.51206,0.84672,12.849,0.84672,3695.15,0,36.966,0.705661,0.227405,2.43111,3.43298,1.58916,3.79668,0.42336,36.966,0.42336,423.524,0,0.96374,0,0,1.19114,0.227405,1.028160,1,0,13.3087,0,0,0,13.3087,0
45.2627,2.42411,0,0,0.745511,0.0476101,0.36288,3.6288,56.2103,0.697853,0,0,0.52882,0.312991,0,0.66528,12.849,1,0.657787,0.36288,0,15.2476,6.16969,8.78301,0.84672,12.849,0.84672,3695.15,0,36.966,0.705652,0.204422,2.4311,3.64637,1.58916,3.98708,0.42336,36.966,0.42336,423.524,0,0.995587,0,0,1.20001,0.204422,1.028160,1,0,12.7701,0,0,0,12.7701,0
43.5925,2.40045,0,0,1.1515,0.0584042,0.36288,3.6288,55.8723,0.66528,0,0,0.636085,0.308894,0,0.66528,12.849,1,0.681431,0.36288,0,24.6273,6.08064,18.2281,0.84672,12.849,0.84672,3695.15,0,36.966,0.705643,0.410314,2.43109,3.85353,1.57823,4.41105,0.42336,36.966,0.42336,423.524,0,1.02816,0,0,1.43847,0.410314,1.028160,1,0,22.6391,0,0,0,22.6391,0
41.973,2.38028,0,0,1.19334,0.0697242,0.36288,3.6288,55.5458,0.66528,0,0,0.643955,0.305147,0,0.66528,12.849,1,0.701593,0.36288,0,18.5506,5.96229,12.2496,0.84672,12.849,0.84672,3695.15,0,36.966,0.705633,0.341116,2.43108,3.74707,1.59612,4.21752,0.42336,36.966,0.42336,423.524,0,1.02816,0,0,1.36928,0.341116,1.028160,1,0,16.4671,0,0,0,16.4671,0
40.0089,2.28048,0,0,0.771103,0.0917641,0.36288,3.6288,55.0604,0.66528,0,0,0.46685,0.286928,0,0.66528,12.849,1,0.698114,0.36288,0,11.1183,5.73011,5.05296,0.84672,12.849,0.84672,3695.15,0,36.966,0.604745,0.214307,2.43107,2.86586,1.56446,3.34203,0.42336,36.966,0.42336,423.524,0,1.02816,0,0,1.24247,0.214307,1.028160,1,0,8.39499,0,0,0,8.39499,0
38.289,2.25453,0,0,1.01631,0.118856,0.36288,3.6288,54.6265,0.66528,0,0,0.490817,0.259502,0,0.66528,12.849,1,0.724051,0.36288,0,11.2441,5.50925,5.37368,0.84672,12.849,0.84672,3695.15,0,36.966,0.604736,0.302037,2.33377,2.305,1.4886,2.84747,0.42336,36.966,0.42336,423.524,0,1.02816,0,0,1.3302,0.302037,1.028160,1,0,8.22115,0,0,0,8.22115,0
37.0298,2.23017,0,0,1.45035,0.116506,0.36288,3.6288,54.5102,0.66528,0,0,0.807799,0.25876,0,0.66528,12.849,1,0.748399,0.36288,0,20.7982,5.50925,14.9034,0.84672,12.849,0.84672,3695.15,0,36.966,0.604727,1.21771,2.33376,4.32114,1.4886,5.77928,0.42336,36.966,0.42336,423.524,0,1.02816,0,0,2.24587,1.21771,1.028160,1,0,20.6827,0,0,0,20.6827,0
35.7431,1.93001,0,0,1.13063,0.124451,0.36288,3.6288,54.2049,0.619461,0,0,0.563807,0.249654,0,0.66528,12.849,1,0.669695,0.36288,0,26.3263,5.30262,20.7169,0.84672,12.849,0.84672,3695.15,0,36.966,0.420086,0.528338,2.33375,2.79688,1.41924,3.81964,0.42336,36.966,0.42336,423.524,0,1.02816,0,0,1.5565,0.528338,1.028160,1,0,24.5365,0,0,0,24.5365,0
34.5309,1.85712,0,0,1.1874,0.179612,0.36288,3.6288,53.6108,0.819037,0,0,0.420717,0.19581,0,0.66528,12.849,1,0.667601,0.36288,0,15.0339,4.06287,10.6664,0.84672,12.849,0.84672,3695.15,0,36.966,0.558557,0.216518,2.08469,2.94632,1.0031,3.68588,0.42336,36.966,0.42336,423.524,0,0.608884,0,0,0.825402,0.216518,1.028160,1,0,14.3522,0,0,0,14.3522,0
34.0343,1.84003,0,0,1.88336,0.176995,0.36288,3.6288,53.7294,0.567207,0,0,0.880805,0.194984,0,0.66528,12.849,1,0.684679,0.36288,0,20.4551,4.06287,16.0704,0.84672,12.849,0.84672,3695.15,0,36.966,0.391104,0.386165,2.00789,4.74394,1.0031,5.74379,0.42336,36.966,0.42336,423.524,0,1.02816,0,0,1.41432,0.386165,1.028160,1,0,21.8142,0,0,0,21.8142,0
32.8728,1.83277,0,0,1.21003,0.175923,0.36288,3.6288,53.5675,0.623476,0,0,0.656717,0.195168,0,0.66528,12.849,1,0.691927,0.36288,0,14.0687,4.06287,9.67677,0.84672,12.849,0.84672,3695.15,0,36.966,0.428954,0.292723,2.00788,4.68055,1.0031,5.5491,0.42336,36.966,0.42336,423.524,0,0.934033,0,0,1.22676,0.292723,1.028160,1,0,15.2259,0,0,0,15.2259,0
32.8396,1.81518,0,0,2.36851,0.223614,0.36288,3.6288,53.5218,0.580818,0,0,0.753051,0.217872,0,0.66528,12.849,1,0.709501,0.36288,0,35.4972,4.4688,30.6818,0.84672,12.849,0.84672,3695.15,0,36.966,0.400813,0.292723,2.00787,5.92817,1.09786,6.73009,0.42336,36.966,0.42336,423.524,0,1.00483,0,0,1.29755,0.292723,1.028160,1,0,37.4118,0,0,0,37.4118,0
33.3437,1.66162,0,0,2.75473,0.226129,0.36288,3.6288,53.908,0.466756,0,0,1.07336,0.220389,0,0.66528,12.849,1,0.650136,0.36288,0,41.118,4.23012,36.6006,0.84672,12.849,0.84672,3695.15,0,36.966,0.322375,1.05977,2.00786,4.74924,1.12188,6.37262,0.42336,36.966,0.42336,423.524,0,1.02816,0,0,2.08793,1.05977,1.028160,1,0,42.9733,0,0,0,42.9733,0
32.9366,1.66871,0,0,1.85248,0.227986,0.36288,3.6288,54.0039,0.468122,0,0,0.785453,0.221479,0,0.66528,12.849,1,0.643038,0.36288,0,34.4406,4.19034,29.9701,0.84672,12.849,0.84672,3695.15,0,36.966,0.321002,0.613017,1.83726,4.06661,1.12588,5.07001,0.42336,36.966,0.42336,423.524,0,1.02816,0,0,1.64118,0.613017,1.028160,1,0,35.0401,0,0,0,35.0401,0
32.134,1.66298,0,0,1.45009,0.226837,0.36288,3.6288,53.945,0.492384,0,0,0.655148,0.22162,0,0.66528,12.849,1,0.648752,0.36288,0,23.9181,4.19034,19.4419,0.84672,12.849,0.84672,3695.15,0,36.966,0.33704,0.412474,1.83726,6.61784,1.12588,7.40465,0.42336,36.966,0.42336,423.524,0,0.987854,0,0,1.40033,0.412474,1.028160,1,0,26.8466,0,0,0,26.8466,0
31.1338,1.6514,0,0,1.23418,0.220035,0.36288,3.6288,54.0556,0.468245,0,0,0.818752,0.239946,0,0.66528,12.849,1,0.660324,0.36288,0,32.5013,4.85298,27.3508,0.84672,12.849,0.84672,3695.15,0,36.966,0.320866,0.802138,1.83725,7.47165,1.27929,8.51088,0.42336,36.966,0.42336,423.524,0,1.02816,0,0,1.8303,0.802138,1.028160,1,0,35.8617,0,0,0,35.8617,0
31.8442,1.63638,0,0,2.90622,0.196598,0.36288,3.6288,54.1417,0.468631,0,0,0.785532,0.230783,0,0.66528,12.849,1,0.675336,0.36288,0,43.9595,4.74538,38.9016,0.84672,12.849,0.84672,3695.15,0,36.966,0.320474,0.943583,1.83724,5.84332,1.28576,7.01791,0.42336,36.966,0.42336,423.524,0,1.02816,0,0,1.97174,0.943583,1.028160,1,0,45.9195,0,0,0,45.9195,0
32.7012,1.70545,0,0,3.10043,0.175084,0.36288,3.6288,54.0625,0.498036,0,0,0.618823,0.200019,0,0.66528,12.849,1,0.688142,0.36288,0,40.904,3.93928,36.6395,0.84672,12.849,0.84672,3695.15,0,36.966,0.340041,0.913447,1.83723,4.32462,1.14098,5.59428,0.42336,36.966,0.42336,423.524,0,1.02816,0,0,1.94161,0.913447,1.028160,1,0,42.2337,0,0,0,42.2337,0
33.9981,1.71838,0,0,3.55507,0.176977,0.36288,3.6288,54.5159,0.497732,0,0,1.15106,0.199914,0,0.66528,12.849,1,0.675187,0.36288,0,63.9454,3.93928,59.6938,0.84672,12.849,0.84672,3695.15,0,36.966,0.340331,1.51269,1.89041,11.3029,1.14098,13.2247,0.42336,36.966,0.42336,423.524,0,1.02816,0,0,2.54085,1.51269,1.028160,1,0,72.9185,0,0,0,72.9185,0
36.6184,1.73705,0,0,4.92866,0.208418,0.36288,3.6288,55.0586,0.49941,0,0,1.29281,0.250699,0,0.66528,12.849,1,0.65649,0.36288,0,76.1627,4.32188,71.5472,0.84672,12.849,0.84672,3695.15,0,36.966,0.338638,2.63285,1.8904,8.34551,1.27452,11.2556,0.42336,36.966,0.42336,423.524,0,1.02816,0,0,3.66101,2.63285,1.028160,1,0,82.8028,0,0,0,82.8028,0
37.6272,1.77181,0,0,3.36356,0.220041,0.36288,3.6288,55.2141,0.501398,0,0,0.916894,0.259992,0,0.66528,12.849,1,0.621708,0.36288,0,39.244,4.38564,34.5995,0.84672,12.849,0.84672,3695.15,0,36.966,0.336635,1.8568,1.89038,4.45733,1.29678,6.5711,0.42336,36.966,0.42336,423.524,0,1.02816,0,0,2.88496,1.8568,1.028160,1,0,41.1706,0,0,0,41.1706,0
38.4421,1.98023,0,0,3.38321,0.225211,0.36288,3.6288,55.003,0.612089,0,0,0.618818,0.217791,0,0.66528,12.849,1,0.676212,0.36288,0,64.0748,4.62051,59.1409,0.84672,12.849,0.84672,3695.15,0,36.966,0.409796,0.738366,1.89037,6.12349,1.45042,6.89201,0.42336,36.966,0.42336,423.524,0,1.02816,0,0,1.76653,0.738366,1.028160,1,0,66.0329,0,0,0,66.0329,0
38.4265,1.99095,0,0,2.58674,0.248468,0.36288,3.6288,55.0309,0.611139,0,0,0.847238,0.20823,0,0.66528,12.849,1,0.665461,0.36288,0,54.1618,4.38333,49.4759,0.84672,12.849,0.84672,3695.15,0,36.966,0.410729,1.16548,2.08168,5.43626,1.30865,6.96405,0.42336,36.966,0.42336,423.524,0,1.02816,0,0,2.19364,1.16548,1.028160,1,0,56.44,0,0,0,56.44,0
39.4067,1.99073,0,0,3.58222,0.248423,0.36288,3.6288,55.3783,0.611253,0,0,1.16696,0.208269,0,0.66528,12.849,1,0.665656,0.36288,0,43.5967,4.38333,38.9106,0.84672,12.849,0.84672,3695.15,0,36.966,0.410598,1.769,2.08166,6.79046,1.30865,8.92187,0.42336,36.966,0.42336,423.524,0,1.02816,0,0,2.79716,1.769,1.028160,1,0,47.8324,0,0,0,47.8324,0
41.4274,2.00319,0,0,4.63802,0.251259,0.36288,3.6288,55.4765,0.612788,0,0,0.919728,0.208745,0,0.66528,12.849,1,0.653163,0.36288,0,55.5648,4.38333,50.8912,0.84672,12.849,0.84672,3695.15,0,36.966,0.409047,1.55508,2.08165,7.20317,1.30865,9.12219,0.42336,36.966,0.42336,423.524,0,1.02816,0,0,2.58324,1.55508,1.028160,1,0,60.0134,0,0,0,60.0134,0
43.7782,1.74123,0,0,4.7044,0.249468,0.36288,3.6288,56.018,0.465138,0,0,1.17831,0.171703,0,0.66528,12.849,1,0.540056,0.36288,0,101.551,4.41988,96.954,0.84672,12.849,0.84672,3695.15,0,36.966,0.309938,1.99133,2.08163,11.6626,0.922272,14.5034,0.42336,36.966,0.42336,423.524,0,1.02816,0,0,3.01949,1.99133,1.028160,1,0,111.457,0,0,0,111.457,0
46.4273,1.76363,0,0,5.02275,0.247147,0.36288,3.6288,56.5295,0.466934,0,0,1.13918,0.160789,0,0.66528,12.849,1,0.51763,0.36288,0,92.3495,3.79397,88.4008,0.84672,12.849,0.84672,3695.15,0,36.966,0.308128,1.83873,1.82069,11.3151,0.858701,13.8077,0.42336,36.966,0.42336,423.524,0,1.02816,0,0,2.86689,1.83873,1.028160,1,0,102.208,0,0,0,102.208,0
48.805,1.78675,0,0,4.77372,0.246444,0.36288,3.6288,57.0534,0.468611,0,0,1.17532,0.182789,0,0.66528,12.849,1,0.494492,0.36288,0,115.686,4.31813,111.236,0.84672,12.849,0.84672,3695.15,0,36.966,0.306436,1.92781,1.82068,12.0217,1.02268,14.4411,0.42336,36.966,0.42336,423.524,0,1.02816,0,0,2.95597,1.92781,1.028160,1,0,125.677,0,0,0,125.677,0
57.9029,1.8058,0,0,11.5196,0.25295,0.36288,3.6288,58.8495,0.47031,0,0,2.44988,0.183413,0,0.66528,12.849,1,0.475417,0.36288,0,104.795,4.31813,100.365,0.84672,12.849,0.84672,3695.15,0,36.966,0.304723,4.10067,1.82066,20.0607,1.02268,24.6546,0.42336,36.966,0.42336,423.524,0,1.02816,0,0,5.12883,4.10067,1.028160,1,0,125.019,0,0,0,125.019,0
63.7393,1.86691,0,0,8.34115,0.275008,0.36288,3.6288,60.0754,0.476014,0,0,1.88405,0.1822,0,0.66528,12.849,1,0.414279,0.36288,0,146.108,4.40537,141.652,0.84672,12.849,0.84672,3695.15,0,36.966,0.299005,3.39228,1.82065,19.7707,0.944218,23.7404,0.42336,36.966,0.42336,423.524,0,1.02816,0,0,4.42044,3.39228,1.028160,1,0,165.392,0,0,0,165.392,0
66.0645,1.97702,0,0,4.95253,0.287464,0.36288,3.6288,60.4121,0.517148,0,0,1.03501,0.181099,0,0.66528,12.849,1,0.398542,0.36288,0,93.5513,4.47079,89.0449,0.84672,12.849,0.84672,3695.15,0,36.966,0.318215,2.19415,1.82063,10.1123,0.885367,12.9235,0.42336,36.966,0.42336,423.524,0,1.02816,0,0,3.22231,2.19415,1.028160,1,0,101.968,0,0,0,101.968,0
68.4204,1.98874,0,0,5.00049,0.292888,0.36288,3.6288,61.1926,0.51824,0,0,1.48014,0.181488,0,0.66528,12.849,1,0.386795,0.36288,0,108.422,4.47079,103.927,0.84672,12.849,0.84672,3695.15,0,36.966,0.317109,3.11288,1.88494,12.0191,0.885367,15.8144,0.42336,36.966,0.42336,423.524,0,1.02816,0,0,4.14104,3.11288,1.028160,1,0,119.741,0,0,0,119.741,0
70.1047,1.99994,0,0,4.34542,0.298383,0.36288,3.6288,61.308,0.520752,0,0,1.20311,0.182388,0.384525,0.66528,12.849,1,0.375577,0.36288,0,89.7316,4.47079,85.2481,0.84672,12.849,0.84672,3695.15,0,36.966,0.314582,2.22874,1.88492,9.48871,0.885367,12.4024,0.42336,36.966,0.42336,423.524,0,1.02816,0,0,3.2569,2.22874,1.028160,1,0,98.035,0,0,0,98.035,0
70.959,2.00754,0,0,3.4963,0.271518,0.36288,3.6288,61.308,0.521112,0,0,0.930588,0.188877,0.2206,0.66528,12.849,1,0.367948,0.36288,0,70.5292,4.46549,66.0586,0.84672,12.849,0.84672,3695.15,0,36.966,0.314207,1.67194,1.88491,6.5289,0.917063,8.85448,0.42336,36.966,0.42336,423.524,0,1.02816,0,0,2.7001,1.67194,1.028160,1,0,75.1337,0,0,0,75.1337,0
71.2918,1.98002,0,0,2.92379,0.248094,0.36288,3.6288,61.308,0.506478,0,0,0.879924,0.210592,0.162853,0.66528,12.849,1,0.358535,0.36288,0,57.3193,4.10623,53.2174,0.84672,12.849,0.84672,3695.15,0,36.966,0.305384,1.54961,1.88489,6.14968,0.973806,8.30499,0.42336,36.966,0.42336,423.524,0,1.02816,0,0,2.57777,1.54961,1.028160,1,0,61.6853,0,0,0,61.6853,0
71.39,1.98142,0,0,2.69121,0.248727,0.36288,3.6288,61.308,0.506469,0,0,0.891181,0.210592,0.17412,0.66528,12.849,1,0.357113,0.36288,0,53.525,4.10623,49.4245,0.84672,12.849,0.84672,3695.15,0,36.966,0.305378,1.61062,1.85985,8.03269,0.973806,10.224,0.42336,36.966,0.42336,423.524,0,1.02816,0,0,2.63878,1.61062,1.028160,1,0,59.8226,0,0,0,59.8226,0
72.29,2.27398,0,0,4.25838,0.248913,0.835488,3.6288,61.308,0.631681,0,0,1.10628,0.210592,0.264009,0.66528,12.849,1,0.409278,0.835488,0,69.628,4.10623,65.948,0.84672,12.849,0.84672,3695.15,0,36.966,0.380876,2.05962,1.85983,6.98354,0.973806,9.54831,0.42336,36.966,0.42336,423.524,0,1.02816,0,0,3.08778,2.05962,1.028160,1,0,75.7603,0,0,0,75.7603,0
72.1283,2.27828,0,0,2.67683,0.197347,0.36288,3.6288,61.308,0.631671,0,0,0.932498,0.223088,0.0777393,0.66528,12.849,1,0.404948,0.36288,0,55.0115,4.4855,50.4839,0.84672,12.849,0.84672,3695.15,0,36.966,0.38087,1.61954,2.0795,6.18431,0.903598,8.59889,0.42336,36.966,0.42336,423.524,0,1.02816,0,0,2.6477,1.61954,1.028160,1,0,59.1606,0,0,0,59.1606,0
71.7843,2.3977,0,0,2.60756,0.190951,0.36288,3.6288,61.1859,0.66528,0,0,0.759914,0.216771,0,0.66528,12.849,1,0.427129,0.36288,0,42.8102,4.37093,38.375,0.84672,12.849,0.84672,3695.15,0,36.966,0.441225,1.30618,2.07948,5.50221,0.909839,7.53681,0.42336,36.966,0.42336,423.524,0,1.02816,0,0,2.33434,1.30618,1.028160,1,0,45.9118,0,0,0,45.9118,0
71.4447,2.39594,0,0,2.60865,0.189429,0.36288,3.6288,61.1285,0.66528,0,0,0.823444,0.215551,0,0.66528,12.849,1,0.42886,0.36288,0,40.7237,4.35183,36.3059,0.84672,12.849,0.84672,3695.15,0,36.966,0.441207,1.2969,2.17862,6.0122,0.91088,8.13562,0.42336,36.966,0.42336,423.524,0,1.02816,0,0,2.32506,1.2969,1.028160,1,0,44.4415,0,0,0,44.4415,0
70.9385,2.39419,0,0,2.43974,0.188939,0.36288,3.6288,61.0075,0.66528,0,0,0.759802,0.215473,0,0.66528,12.849,1,0.430583,0.36288,0,38.0941,4.35183,33.6746,0.84672,12.849,0.84672,3695.15,0,36.966,0.44119,1.20101,2.1786,5.27887,0.91088,7.30641,0.42336,36.966,0.42336,423.524,0,1.02816,0,0,2.22917,1.20101,1.028160,1,0,40.981,0,0,0,40.981,0
70.3142,2.39156,0,0,2.28887,0.158706,0.36288,3.6288,60.8228,0.66528,0,0,0.721086,0.240517,0,0.66528,12.849,1,0.433181,0.36288,0,35.498,4.93606,30.4916,0.84672,12.849,0.84672,3695.15,0,36.966,0.441172,1.14082,2.17858,5.22588,0.993823,7.11028,0.42336,36.966,0.42336,423.524,0,1.02816,0,0,2.16898,1.14082,1.028160,1,0,37.6019,0,0,0,37.6019,0
70.1674,2.38828,0,0,2.72767,0.123324,0.36288,3.6288,60.6147,0.66528,0,0,0.69692,0.239787,0,0.66528,12.849,1,0.436428,0.36288,0,37.0032,5.26403,31.6656,0.84672,12.849,0.84672,3695.15,0,36.966,0.441155,1.14764,2.17856,5.42223,1.06563,7.24165,0.42336,36.966,0.42336,423.524,0,1.02816,0,0,2.1758,1.14764,1.028160,1,0,38.9073,0,0,0,38.9073,0
70.1596,2.36381,0,0,2.84545,0.126575,0.36288,3.6288,60.4182,0.66528,0,0,0.682811,0.213988,0,0.66528,12.849,1,0.43286,0.36288,0,38.4426,4.92576,33.4468,0.84672,12.849,0.84672,3695.15,0,36.966,0.492788,1.28949,2.17854,5.59182,1.03654,7.53051,0.42336,36.966,0.42336,423.524,0,1.02816,0,0,2.31765,1.28949,1.028160,1,0,40.9773,0,0,0,40.9773,0
69.8709,2.36375,0,0,2.56449,0.126568,0.36288,3.6288,60.1751,0.66528,0,0,0.635844,0.213721,0,0.66528,12.849,1,0.432896,0.36288,0,35.6304,4.92576,30.6346,0.84672,12.849,0.84672,3695.15,0,36.966,0.49277,0.994369,2.21318,5.32412,1.03654,7.00236,0.42336,36.966,0.42336,423.524,0,1.02816,0,0,2.02253,0.994369,1.028160,1,0,37.637,0,0,0,37.637,0
69.4951,2.36221,0,0,2.45227,0.102921,0.36288,3.6288,59.843,0.66528,0,0,0.601118,0.267844,0,0.66528,12.849,1,0.434402,0.36288,0,32.1228,5.63151,26.4198,0.84672,12.849,0.84672,3695.15,0,36.966,0.492752,0.968795,2.21316,5.05846,1.29415,6.45351,0.42336,36.966,0.42336,423.524,0,1.02816,0,0,1.99695,0.968795,1.028160,1,0,32.8733,0,0,0,32.8733,0
68.9958,2.36021,0,0,2.31425,0.0904718,0.36288,3.6288,59.4611,0.66528,0,0,0.573021,0.289655,0,0.66528,12.849,1,0.43638,0.36288,0,30.0458,5.87826,24.094,0.84672,12.849,0.84672,3695.15,0,36.966,0.492734,0.959403,2.21314,4.91921,1.40072,6.1983,0.42336,36.966,0.42336,423.524,0,1.02816,0,0,1.98756,0.959403,1.028160,1,0,30.2923,0,0,0,30.2923,0
69.0401,2.41849,0,0,2.89883,0.0731942,0.36288,3.6288,59.1197,0.66528,0,0,0.616637,0.292797,0,0.66528,12.849,1,0.450392,0.36288,0,33.5318,5.66496,27.7793,0.84672,12.849,0.84672,3695.15,0,36.966,0.538747,1.17354,2.21312,5.08188,1.42181,6.50798,0.42336,36.966,0.42336,423.524,0,1.02816,0,0,2.2017,1.17354,1.028160,1,0,34.2873,0,0,0,34.2873,0
68.8371,2.41871,0,0,2.65186,0.0732194,0.36288,3.6288,58.7418,0.66528,0,0,0.57957,0.292157,0,0.66528,12.849,1,0.450144,0.36288,0,31.5274,5.66496,25.7752,0.84672,12.849,0.84672,3695.15,0,36.966,0.538728,1.13219,2.26222,5.17265,1.42181,6.60651,0.42336,36.966,0.42336,423.524,0,1.02816,0,0,2.16035,1.13219,1.028160,1,0,32.3817,0,0,0,32.3817,0
68.3847,2.41756,0,0,2.4011,0.0731038,0.36288,3.6288,58.3388,0.66528,0,0,0.553749,0.29145,0,0.66528,12.849,1,0.451257,0.36288,0,29.6926,5.66496,23.9392,0.84672,12.849,0.84672,3695.15,0,36.966,0.53871,0.911969,2.2622,4.80946,1.42181,6.0231,0.42336,36.966,0.42336,423.524,0,1.02816,0,0,1.94013,0.911969,1.028160,1,0,29.9623,0,0,0,29.9623,0
67.6481,2.41502,0,0,2.09985,0.0585778,0.36288,3.6288,57.9251,0.66528,0,0,0.549822,0.298319,0,0.66528,12.849,1,0.453766,0.36288,0,28.2739,5.88928,22.2937,0.84672,12.849,0.84672,3695.15,0,36.966,0.538692,0.881003,2.26218,4.8609,1.46663,5.99875,0.42336,36.966,0.42336,423.524,0,1.02816,0,0,1.90916,0.881003,1.028160,1,0,28.2925,0,0,0,28.2925,0
66.5964,2.58883,0,0,1.95819,0.0581492,0.36288,3.6288,57.4175,0.66528,0,0,0.464308,0.306622,0,0.66528,12.849,1,0.491719,0.36288,0,21.9586,5.79714,16.0326,0.84672,12.849,0.84672,3695.15,0,36.966,0.704813,0.665522,2.26216,3.88105,1.38373,4.72019,0.42336,36.966,0.42336,423.524,0,1.02816,0,0,1.69368,0.665522,1.028160,1,0,20.7528,0,0,0,20.7528,0
65.8603,2.58229,0,0,2.26333,0.054278,0.36288,3.6288,56.96,0.66528,0,0,0.521993,0.314197,0,0.66528,12.849,1,0.498223,0.36288,0,23.6847,5.80104,17.7484,0.84672,12.849,0.84672,3695.15,0,36.966,0.704793,0.924255,2.43018,3.7671,1.40986,5.00689,0.42336,36.966,0.42336,423.524,0,1.02816,0,0,1.95242,0.924255,1.028160,1,0,22.7553,0,0,0,22.7553,0
64.6604,2.5776,0,0,1.79456,0.0539611,0.36288,3.6288,56.3732,0.66528,0,0,0.391798,0.313266,0,0.66528,12.849,1,0.502877,0.36288,0,26.0069,5.80104,20.0659,0.84672,12.849,0.84672,3695.15,0,36.966,0.704773,0.438204,2.43016,3.0247,1.40986,3.77843,0.42336,36.966,0.42336,423.524,0,1.02816,0,0,1.46636,0.438204,1.028160,1,0,23.8443,0,0,0,23.8443,0
63.8555,2.56979,0,0,2.18123,0.0534446,0.36288,3.6288,56.0258,0.66528,0,0,0.629905,0.312071,0,0.66528,12.849,1,0.510657,0.36288,0,22.6701,5.80104,16.7212,0.84672,12.849,0.84672,3695.15,0,36.966,0.704753,1.40299,2.43014,4.35826,1.40986,6.07678,0.42336,36.966,0.42336,423.524,0,1.02816,0,0,2.43115,1.40299,1.028160,1,0,22.798,0,0,0,22.798,0
62.5938,2.56441,0,0,1.7156,0.0500542,0.36288,3.6288,55.5174,0.66528,0,0,0.469531,0.31267,0,0.66528,12.849,1,0.51601,0.36288,0,21.4659,5.71403,15.5988,0.84672,12.849,0.84672,3695.15,0,36.966,0.704733,0.446619,2.43012,4.42834,1.38619,5.21415,0.42336,36.966,0.42336,423.524,0,1.02816,0,0,1.47478,0.446619,1.028160,1,0,20.8129,0,0,0,20.8129,0
61.7988,2.47012,0,0,2.10232,0.0643268,0.36288,3.6288,54.9438,0.780875,0,0,0.520659,0.313352,0,0.66528,12.849,1,0.507056,0.36288,0,19.9681,5.90047,13.9234,0.84672,12.849,0.84672,3695.15,0,36.966,0.603877,0.204422,2.4301,3.89025,1.47827,4.44262,0.42336,36.966,0.42336,423.524,0,0.912565,0,0,1.11699,0.204422,1.028160,1,0,18.3661,0,0,0,18.3661,0
62.1389,2.46469,0,0,3.23165,0.0639079,0.36288,3.6288,54.8458,0.66528,0,0,0.879436,0.312172,0,0.66528,12.849,1,0.512451,0.36288,0,37.0518,5.90047,31.0017,0.84672,12.849,0.84672,3695.15,0,36.966,0.603858,0.918821,2.33283,7.52085,1.47827,8.69037,0.42336,36.966,0.42336,423.524,0,1.02816,0,0,1.94698,0.918821,1.028160,1,0,39.6921,0,0,0,39.6921,0
61.9361,2.46699,0,0,2.69109,0.0640872,0.36288,3.6288,54.5673,0.66528,0,0,0.698751,0.311971,0,0.66528,12.849,1,0.510121,0.36288,0,54.9794,5.90047,48.9317,0.84672,12.849,0.84672,3695.15,0,36.966,0.603839,0.509579,2.33281,5.29491,1.47827,6.05519,0.42336,36.966,0.42336,423.524,0,1.02816,0,0,1.53774,0.509579,1.028160,1,0,54.9869,0,0,0,54.9869,0
61.6854,2.46558,0,0,2.75765,0.179811,0.36288,3.6288,54.1032,0.720524,0,0,0.529823,0.273391,0,0.66528,12.849,1,0.511499,0.36288,0,34.665,5.80944,28.7069,0.84672,12.849,0.84672,3695.15,0,36.966,0.60382,0.216518,2.33279,3.80297,1.51914,4.22932,0.42336,36.966,0.42336,423.524,0,0.972916,0,0,1.18943,0.216518,1.028160,1,0,32.9362,0,0,0,32.9362,0
61.4726,2.39372,0,0,2.73658,0.192821,0.36288,3.6288,53.908,0.66528,0,0,0.666619,0.196568,0,0.66528,12.849,1,0.498609,0.36288,0,48.2738,4.08975,44.0484,0.84672,12.849,0.84672,3695.15,0,36.966,0.512019,0.628595,2.33277,6.34122,1.23429,7.55627,0.42336,36.966,0.42336,423.524,0,1.02816,0,0,1.65675,0.628595,1.028160,1,0,51.6046,0,0,0,51.6046,0
61.4063,2.39227,0,0,2.88135,0.192482,0.36288,3.6288,54.0651,0.66528,0,0,1.01873,0.196314,0,0.66528,12.849,1,0.500032,0.36288,0,56.7772,4.08975,52.5503,0.84672,12.849,0.84672,3695.15,0,36.966,0.512001,0.878826,2.24596,7.48872,1.23429,8.86722,0.42336,36.966,0.42336,423.524,0,1.02816,0,0,1.90699,0.878826,1.028160,1,0,61.4176,0,0,0,61.4176,0
61.3047,2.3918,0,0,2.84547,0.192377,0.36288,3.6288,54.2605,0.66528,0,0,1.05721,0.196519,0,0.66528,12.849,1,0.500473,0.36288,0,44.7416,4.08975,40.5142,0.84672,12.849,0.84672,3695.15,0,36.966,0.511982,1.26096,2.24594,8.90645,1.23429,10.6671,0.42336,36.966,0.42336,423.524,0,1.02816,0,0,2.28912,1.26096,1.028160,1,0,51.1813,0,0,0,51.1813,0
