0st_vol,0capacity,0net_inf,0st_rof,0lt_rof,0rest_demand,0unrest_demand,0unfulf_demand,0wastewater,0treat_capacity,0agg_price,0res_price,0gross_rev,0drought_cost,0cont_contrib,0debt_serv,0infra_npv,1st_vol,1capacity,1net_inf,1st_rof,1lt_rof,1rest_demand,1unrest_demand,1unfulf_demand,1wastewater,1treat_capacity,1agg_price,1res_price,1gross_rev,1drought_cost,1cont_contrib,1debt_serv,1infra_npv
85.139,85.139,3.15309,0.05,0,2.16737,2.46977,0,0,4.47552,4.14526e+06,2.70226e+06,8.98432e+06,0,0,0,0,99.3022,98.274,3.61049,0,1,1.73502,1.43262,0,0,2.1168,8.61469e+06,3.61194e+06,1.49466e+07,0,0,0,0
85.139,85.139,5.37792,0.05,0,2.18917,2.47083,0,0.406166,4.47552,4.14526e+06,2.70226e+06,9.07467e+06,0,0,0,0,99.3022,98.274,5.90598,0,1,1.7149,1.43323,0,1.34047,2.1168,8.61469e+06,3.61194e+06,1.47733e+07,0,0,0,0
85.139,85.139,8.35585,0.05,0,2.19085,2.4719,0,0.410251,4.47552,4.14526e+06,2.70226e+06,9.08163e+06,0,0,0,0,99.3022,98.274,12.6149,0,1,1.7149,1.43385,0,1.32493,2.1168,8.61469e+06,3.61194e+06,1.47733e+07,0,0,0,0
85.139,85.139,10.9185,0.05,0,2.19253,2.47296,0,0.410565,4.47552,4.14526e+06,2.70226e+06,9.08859e+06,0,0,0,0,99.3022,98.274,14.7809,0,1,1.7149,1.43446,0,1.32493,2.1168,8.61469e+06,3.61194e+06,1.47733e+07,0,0,0,0
85.139,85.139,11.001,0.05,0,2.43551,2.71533,0,0.410879,4.47552,4.14526e+06,2.70226e+06,1.00958e+07,0,0,0,0,99.3022,98.274,13.0423,0,1,1.88363,1.60382,0,1.32493,2.1168,8.61469e+06,3.61194e+06,1.62269e+07,0,0,0,0
85.139,85.139,9.90291,0.05,0,2.60603,2.7165,0,0.456415,4.47552,4.14526e+06,2.70226e+06,1.08027e+07,0,0,0,0,99.3022,98.274,8.87614,0,1,1.71497,1.6045,0,1.45529,2.1168,8.61469e+06,3.61194e+06,1.47739e+07,0,0,0,0
85.139,85.139,11.6813,0.05,0,2.60789,2.71766,0,0.48837,4.47552,4.14526e+06,2.70226e+06,1.08104e+07,0,0,0,0,99.3022,98.274,10.8969,0,1,1.71497,1.60519,0,1.32498,2.1168,8.61469e+06,3.61194e+06,1.47739e+07,0,0,0,0
85.139,85.139,16.0615,0.05,0,2.60974,2.71883,0,0.488718,4.47552,4.14526e+06,2.70226e+06,1.08181e+07,0,0,0,0,99.3022,98.274,17.769,0,1,1.71497,1.60588,0,1.32499,2.1168,8.61469e+06,3.61194e+06,1.47739e+07,0,0,0,0
85.139,85.139,9.66235,0.05,0,2.26682,2.37522,0,0.489066,4.47552,4.14526e+06,2.70226e+06,9.39656e+06,0,0,0,0,99.3022,98.274,10.8471,0,1,1.48814,1.37974,0,1.32499,2.1168,8.61469e+06,3.61194e+06,1.28198e+07,0,0,0,0
85.139,85.139,7.23788,0.05,0,2.07384,2.37624,0,0.424803,4.47552,4.14526e+06,2.70226e+06,8.5966e+06,0,0,0,0,99.3022,98.274,6.05669,0,1,1.68273,1.38033,0,1.14973,2.1168,8.61469e+06,3.61194e+06,1.44962e+07,0,0,0,0
85.139,85.139,7.71564,0.05,0,2.07486,2.37726,0,0.388638,4.47552,4.14526e+06,2.70226e+06,8.60083e+06,0,0,0,0,99.3022,98.274,6.7462,0,1,1.68332,1.38092,0,1.30008,2.1168,8.61469e+06,3.61194e+06,1.45013e+07,0,0,0,0
85.139,85.139,9.60947,0.05,0,2.07588,2.37828,0,0.388829,4.47552,4.14526e+06,2.70226e+06,8.60505e+06,0,0,0,0,99.3022,98.274,6.75596,0,1,1.68392,1.38152,0,1.30054,2.1168,8.61469e+06,3.61194e+06,1.45064e+07,0,0,0,0
85.139,85.139,8.03976,0.05,0,2.0769,2.3793,0,0.38902,4.47552,4.14526e+06,2.70226e+06,8.60928e+06,0,0,0,0,99.3022,98.274,6.66061,0,1,1.68451,1.38211,0,1.30099,2.1168,8.61469e+06,3.61194e+06,1.45115e+07,0,0,0,0
85.139,85.139,8.818,0.05,0,2.16489,2.46729,0,0.389211,4.47552,4.14526e+06,2.70226e+06,8.97404e+06,0,0,0,0,99.3022,98.274,9.93736,0,1,1.74071,1.43831,0,1.30145,2.1168,8.61469e+06,3.61194e+06,1.49957e+07,0,0,0,0
85.139,85.139,9.84074,0.05,0,2.19238,2.46835,0,0.405701,4.47552,4.14526e+06,2.70226e+06,9.08799e+06,0,0,0,0,99.3022,98.274,9.7473,0,1,1.7149,1.43893,0,1.34487,2.1168,8.61469e+06,3.61194e+06,1.47733e+07,0,0,0,0
85.139,85.139,6.95372,0.05,0,2.19406,2.46941,0,0.410852,4.47552,4.14526e+06,2.70226e+06,9.09493e+06,0,0,0,0,99.3022,98.274,7.8873,0,1,1.7149,1.43955,0,1.32493,2.1168,8.61469e+06,3.61194e+06,1.47733e+07,0,0,0,0
85.139,85.139,6.03904,0.05,0,2.19573,2.47047,0,0.411166,4.47552,4.14526e+06,2.70226e+06,9.10188e+06,0,0,0,0,99.3022,98.274,6.74446,0,1,1.7149,1.44016,0,1.32493,2.1168,8.61469e+06,3.61194e+06,1.47733e+07,0,0,0,0
85.139,85.139,7.7684,0.05,0,2.16335,2.43746,0,0.41148,4.47552,4.14526e+06,2.70226e+06,8.96762e+06,0,0,0,0,99.3022,98.274,7.67195,0,1,1.69326,1.41914,0,1.32493,2.1168,8.61469e+06,3.61194e+06,1.45869e+07,0,0,0,0
85.139,85.139,5.34651,0.05,0,2.14337,2.43851,0,0.405411,4.47552,4.14526e+06,2.70226e+06,8.88483e+06,0,0,0,0,99.3022,98.274,5.62926,0,1,1.71489,1.41975,0,1.30821,2.1168,8.61469e+06,3.61194e+06,1.47732e+07,0,0,0,0
85.139,85.139,4.60069,0.05,0,2.14502,2.43955,0,0.401668,4.47552,4.14526e+06,2.70226e+06,8.89168e+06,0,0,0,0,99.3022,98.274,5.1213,0,1,1.71489,1.42036,0,1.32492,2.1168,8.61469e+06,3.61194e+06,1.47732e+07,0,0,0,0
85.139,85.139,4.43645,0.04,0,2.14668,2.4406,0,0.401978,4.47552,4.14526e+06,2.70226e+06,8.89853e+06,0,0,0,0,99.3022,98.274,5.07253,0,1,1.71489,1.42097,0,1.32492,2.1168,8.61469e+06,3.61194e+06,1.47732e+07,0,0,0,0
85.139,85.139,4.2182,0.04,0,2.26416,2.55747,0,0.402287,4.47552,4.14526e+06,2.70226e+06,9.38551e+06,0,0,0,0,99.3022,98.274,4.74715,0,1,1.79175,1.49844,0,1.32492,2.1168,8.61469e+06,3.61194e+06,1.54353e+07,0,0,0,0
85.139,85.139,4.3042,0.04,0,2.34272,2.55856,0,0.424303,4.47552,4.14526e+06,2.70226e+06,9.71117e+06,0,0,0,0,99.3022,98.274,4.59017,0,1,1.71492,1.49908,0,1.3843,2.1168,8.61469e+06,3.61194e+06,1.47735e+07,0,0,0,0
85.139,85.139,4.04109,0.03,0,2.34445,2.55966,0,0.439025,4.47552,4.14526e+06,2.70226e+06,9.71837e+06,0,0,0,0,99.3022,98.274,4.29827,0,1,1.71492,1.49972,0,1.32495,2.1168,8.61469e+06,3.61194e+06,1.47735e+07,0,0,0,0
85.139,85.139,3.74655,0.02,0,2.34619,2.56075,0,0.439351,4.47552,4.14526e+06,2.70226e+06,9.72557e+06,0,0,0,0,99.3022,98.274,3.95288,0,1,1.71492,1.50036,0,1.32495,2.1168,8.61469e+06,3.61194e+06,1.47735e+07,0,0,0,0
85.139,85.139,3.46323,0.02,0,2.34793,2.56185,0,0.439676,4.47552,4.14526e+06,2.70226e+06,9.73277e+06,0,0,0,0,99.3022,98.274,4.08253,0,1,1.71492,1.501,0,1.32495,2.1168,8.61469e+06,3.61194e+06,1.47735e+07,0,0,0,0
85.139,85.139,2.86452,0.02,0,2.32671,2.53999,0,0.440002,4.47552,4.14526e+06,2.70226e+06,9.64483e+06,0,0,0,0,99.3022,98.274,3.23831,0,1,1.75726,1.54398,0,1.32495,2.1168,8.61469e+06,3.61194e+06,1.51382e+07,0,0,0,0
85.139,85.139,2.70954,0.02,0,2.37078,2.54108,0,0.436026,4.47552,4.14526e+06,2.70226e+06,9.82748e+06,0,0,0,0,99.3022,98.274,3.13885,0,1,1.71494,1.54464,0,1.35766,2.1168,8.61469e+06,3.61194e+06,1.47737e+07,0,0,0,0
85.072,85.139,2.55389,0.02,0,2.37252,2.54216,0,0.444283,4.47552,4.14526e+06,2.70226e+06,9.83472e+06,0,0,0,0,99.242,98.274,2.96822,0,1,1.71494,1.5453,0,1.32496,2.1168,8.61469e+06,3.61194e+06,1.47737e+07,0,0,0,0
84.8396,85.139,2.38274,0.03,0,2.37427,2.54325,0,0.444611,4.47552,4.14526e+06,2.70226e+06,9.84197e+06,0,0,0,0,99.124,98.274,2.78396,0,1,1.71494,1.54596,0,1.32496,2.1168,8.61469e+06,3.61194e+06,1.47737e+07,0,0,0,0
84.411,85.139,2.19506,0.03,0,2.4354,2.60372,0,0.444939,4.47552,4.14526e+06,2.70226e+06,1.00954e+07,0,0,0,0,99.0058,98.274,2.52894,0,1,1.75273,1.58441,0,1.32496,2.1168,8.61469e+06,3.61194e+06,1.50993e+07,0,0,0,0
83.8726,85.139,2.13721,0.03,0,2.47497,2.60483,0,0.456394,4.47552,4.14526e+06,2.70226e+06,1.02594e+07,0,0,0,0,98.8465,98.274,2.52043,0,1,1.71496,1.58509,0,1.35416,2.1168,8.61469e+06,3.61194e+06,1.47738e+07,0,0,0,0
83.209,85.139,1.98101,0.03,0,2.47676,2.60595,0,0.463809,4.47552,4.14526e+06,2.70226e+06,1.02668e+07,0,0,0,0,98.6451,98.274,2.41518,0,1,1.71496,1.58577,0,1.32498,2.1168,8.61469e+06,3.61194e+06,1.47738e+07,0,0,0,0
82.3808,85.139,1.80374,0.03,0,2.47855,2.60706,0,0.464144,4.47552,4.14526e+06,2.70226e+06,1.02742e+07,0,0,0,0,98.4158,98.274,2.1287,0,1,1.71496,1.58645,0,1.32498,2.1168,8.61469e+06,3.61194e+06,1.47738e+07,0,0,0,0
81.522,85.139,1.91238,0.03,0,2.65453,2.78236,0,0.46448,4.47552,4.14526e+06,2.70226e+06,1.10037e+07,0,0,0,0,98.1689,98.274,2.67054,0,1,1.8516,1.72377,0,1.32498,2.1168,8.61469e+06,3.61194e+06,1.5951e+07,0,0,0,0
80.2553,85.139,1.61716,0.03,0,2.78355,2.78355,0,0.497459,4.47552,4.14526e+06,2.70226e+06,1.15385e+07,0,0,0,0,97.7022,98.274,2.0374,0,1,1.72451,1.72451,0,1.43055,2.1168,8.61469e+06,3.61194e+06,1.48561e+07,0,0,0,0
78.6949,85.139,1.3341,0.03,0,2.78474,2.78474,0,0.521638,4.47552,4.14526e+06,2.70226e+06,1.15435e+07,0,0,0,0,97.3763,98.274,1.63372,0,1,1.72524,1.72524,0,1.33235,2.1168,8.61469e+06,3.61194e+06,1.48624e+07,0,0,0,0
77.368,85.139,1.54248,0.04,0,2.78593,2.78593,0,0.52186,4.47552,4.14526e+06,2.70226e+06,1.15484e+07,0,0,0,0,97.1828,98.274,2.43529,0,1,1.72598,1.72598,0,1.33292,2.1168,8.61469e+06,3.61194e+06,1.48688e+07,0,0,0,0
75.8077,85.139,1.29635,0.04,0,2.78712,2.78712,0,0.522083,4.47552,4.14526e+06,2.70226e+06,1.15533e+07,0,0,0,0,96.858,98.274,1.95716,0,1,1.72672,1.72672,0,1.33349,2.1168,8.61469e+06,3.61194e+06,1.48751e+07,0,0,0,0
74.4989,85.139,1.54237,0.04,0,2.70324,2.70324,0,0.522306,4.47552,4.14526e+06,2.70226e+06,1.12056e+07,0,0,0,0,96.4992,98.274,2.44969,0,1,1.64434,1.64434,0,1.33406,2.1168,8.61469e+06,3.61194e+06,1.41655e+07,0,0,0,0
72.6902,85.139,0.931115,0.04,0,2.63445,2.70439,0,0.506586,4.47552,4.14526e+06,2.70226e+06,1.09205e+07,0,0,0,0,96.1917,98.274,1.50785,0,1,1.71498,1.64504,0,1.27042,2.1168,8.61469e+06,3.61194e+06,1.4774e+07,0,0,0,0
71.1687,85.139,1.25177,0.05,0,2.63631,2.70554,0,0.493696,4.47552,4.14526e+06,2.70226e+06,1.09282e+07,0,0,0,0,96.1202,98.274,1.85699,0,1,1.71498,1.64574,0,1.325,2.1168,8.61469e+06,3.61194e+06,1.4774e+07,0,0,0,0
71.4634,85.139,3.20269,0.05,0,2.63816,2.7067,0,0.494044,4.47552,4.14526e+06,2.70226e+06,1.09359e+07,0,0,0,0,96.3254,98.274,3.93613,0,1,1.71498,1.64645,0,1.325,2.1168,8.61469e+06,3.61194e+06,1.4774e+07,0,0,0,0
70.2087,85.139,1.59275,0.05,0,2.57007,2.6379,0,0.494392,4.47552,4.14526e+06,2.70226e+06,1.06536e+07,0,0,0,0,96.3469,98.274,2.49172,0,1,1.6392,1.57136,0,1.325,2.1168,8.61469e+06,3.61194e+06,1.41212e+07,0,0,0,0
69.9287,85.139,2.50053,0.05,0,2.49611,2.63903,0,0.481631,4.47552,4.14526e+06,2.70226e+06,1.0347e+07,0,0,0,0,96.684,98.274,3.32418,0,1,1.71495,1.57203,0,1.26644,2.1168,8.61469e+06,3.61194e+06,1.47738e+07,0,0,0,0
70.0556,85.139,2.98387,0.05,0,2.49791,2.64015,0,0.467771,4.47552,4.14526e+06,2.70226e+06,1.03545e+07,0,0,0,0,96.971,98.274,3.53924,0,1,1.71495,1.5727,0,1.32497,2.1168,8.61469e+06,3.61194e+06,1.47738e+07,0,0,0,0
70.1023,85.139,2.99606,0.05,0,2.4997,2.64128,0,0.468108,4.47552,4.14526e+06,2.70226e+06,1.03619e+07,0,0,0,0,97.9612,98.274,4.50738,0,1,1.71495,1.57337,0,1.32497,2.1168,8.61469e+06,3.61194e+06,1.47738e+07,0,0,0,0
71.0877,85.139,3.83666,0.04,0,2.3025,2.4434,0,0.468444,4.47552,4.14526e+06,2.70226e+06,9.54444e+06,0,0,0,0,99.0113,98.274,5.02739,0,1,1.55684,1.41594,0,1.32497,2.1168,8.61469e+06,3.61194e+06,1.34117e+07,0,0,0,0
74.2551,85.139,5.8473,0.04,0,2.1461,2.44444,0,0.431488,4.47552,4.14526e+06,2.70226e+06,8.89614e+06,0,0,0,0,99.3022,98.274,5.23566,0,1,1.71488,1.41654,0,1.20282,2.1168,8.61469e+06,3.61194e+06,1.47732e+07,0,0,0,0
77.6295,85.139,6.30043,0.02,0,2.14775,2.44549,0,0.40218,4.47552,4.14526e+06,2.70226e+06,8.90297e+06,0,0,0,0,99.3022,98.274,6.18353,0,1,1.71488,1.41715,0,1.32492,2.1168,8.61469e+06,3.61194e+06,1.47732e+07,0,0,0,0
81.8857,85.139,7.40548,0.03,0,2.14939,2.44653,0,0.402488,4.47552,4.14526e+06,2.70226e+06,8.90979e+06,0,0,0,0,99.3022,98.274,6.17976,0,1,1.71488,1.41775,0,1.32492,2.1168,8.61469e+06,3.61194e+06,1.47732e+07,0,0,0,0
85.139,85.139,6.41216,0.02,0,2.15104,2.44757,0,0.402796,4.47552,4.14526e+06,2.70226e+06,8.91661e+06,0,0,0,0,99.3022,98.274,5.96164,0,1,1.71488,1.41835,0,1.32492,2.1168,8.61469e+06,3.61194e+06,1.47732e+07,0,0,0,0
85.139,85.139,3.5289,0.02,0,2.22937,2.5253,0,0.403105,4.47552,4.14526e+06,2.70226e+06,9.24132e+06,0,0,0,0,99.3022,98.274,3.70716,0,1,1.76075,1.46483,0,1.32492,2.1168,8.61469e+06,3.61194e+06,1.51683e+07,0,0,0,0
84.5105,85.139,2.15814,0.02,0,2.27689,2.52634,0,0.417784,4.47552,4.14526e+06,2.70226e+06,9.43828e+06,0,0,0,0,99.2681,98.274,3.08399,0,1,1.71488,1.46543,0,1.36036,2.1168,8.61469e+06,3.61194e+06,1.47732e+07,0,0,0,0
83.4583,85.139,1.71735,0.04,0,2.27853,2.52738,0,0.426688,4.47552,4.14526e+06,2.70226e+06,9.44511e+06,0,0,0,0,99.2901,98.274,2.57272,0,1,1.71488,1.46603,0,1.32492,2.1168,8.61469e+06,3.61194e+06,1.47732e+07,0,0,0,0
82.5318,85.139,1.82424,0.04,0,2.28018,2.52843,0,0.426997,4.47552,4.14526e+06,2.70226e+06,9.45194e+06,0,0,0,0,99.3022,98.274,2.74076,0,1,1.71488,1.46664,0,1.32492,2.1168,8.61469e+06,3.61194e+06,1.47732e+07,0,0,0,0
81.6995,85.139,2.11877,0.05,0,2.52855,2.77619,0,0.427306,4.47552,4.14526e+06,2.70226e+06,1.04815e+07,0,0,0,0,99.3022,98.274,3.31747,0,1,1.8874,1.63976,0,1.32492,2.1168,8.61469e+06,3.61194e+06,1.62594e+07,0,0,0,0
80.7762,85.139,2.18024,0.04,0,2.70282,2.77733,0,0.47385,4.47552,4.14526e+06,2.70226e+06,1.12039e+07,0,0,0,0,99.2053,98.274,2.37927,0,1,1.71496,1.64044,0,1.45821,2.1168,8.61469e+06,3.61194e+06,1.47738e+07,0,0,0,0
80.4571,85.139,2.81489,0.04,0,2.70464,2.77848,0,0.506508,4.47552,4.14526e+06,2.70226e+06,1.12114e+07,0,0,0,0,99.2327,98.274,3.09877,0,1,1.71496,1.64111,0,1.32498,2.1168,8.61469e+06,3.61194e+06,1.47738e+07,0,0,0,0
80.494,85.139,3.19048,0.04,0,2.70646,2.77963,0,0.506849,4.47552,4.14526e+06,2.70226e+06,1.1219e+07,0,0,0,0,99.2916,98.274,2.90918,0,1,1.71496,1.64179,0,1.32498,2.1168,8.61469e+06,3.61194e+06,1.47738e+07,0,0,0,0
80.7742,85.139,3.09429,0.04,0,2.3558,2.42829,0,0.507191,4.47552,4.14526e+06,2.70226e+06,9.76541e+06,0,0,0,0,99.3022,98.274,3.2003,0,1,1.48306,1.41057,0,1.32498,2.1168,8.61469e+06,3.61194e+06,1.27761e+07,0,0,0,0
84.1615,85.139,6.09173,0.04,0,2.12689,2.42929,0,0.441477,4.47552,4.14526e+06,2.70226e+06,8.81651e+06,0,0,0,0,99.3022,98.274,5.14767,0,1,1.71355,1.41115,0,1.14581,2.1168,8.61469e+06,3.61194e+06,1.47617e+07,0,0,0,0
85.139,85.139,6.21542,0.04,0,2.12789,2.43029,0,0.39858,4.47552,4.14526e+06,2.70226e+06,8.82066e+06,0,0,0,0,99.3022,98.274,4.85937,0,1,1.71413,1.41173,0,1.32389,2.1168,8.61469e+06,3.61194e+06,1.47667e+07,0,0,0,0
85.139,85.139,4.67177,0.04,0,2.12889,2.43129,0,0.398767,4.47552,4.14526e+06,2.70226e+06,8.82482e+06,0,0,0,0,99.3022,98.274,3.7812,0,1,1.71471,1.41231,0,1.32434,2.1168,8.61469e+06,3.61194e+06,1.47717e+07,0,0,0,0
85.139,85.139,5.56532,0.04,0,2.13033,2.4323,0,0.398955,4.47552,4.14526e+06,2.70226e+06,8.83076e+06,0,0,0,0,99.3022,98.274,3.98293,0,1,1.71486,1.41289,0,1.32479,2.1168,8.61469e+06,3.61194e+06,1.4773e+07,0,0,0,0
85.139,85.139,4.99569,0.04,0,2.22082,2.52221,0,0.399223,4.47552,4.14526e+06,2.70226e+06,9.20587e+06,0,0,0,0,99.3022,98.274,5.29429,0,1,1.77171,1.47032,0,1.3249,2.1168,8.61469e+06,3.61194e+06,1.52627e+07,0,0,0,0
85.139,85.139,6.67518,0.05,0,2.27929,2.52324,0,0.416182,4.47552,4.14526e+06,2.70226e+06,9.44824e+06,0,0,0,0,99.3022,98.274,7.12205,0,1,1.71489,1.47093,0,1.36882,2.1168,8.61469e+06,3.61194e+06,1.47732e+07,0,0,0,0
85.139,85.139,4.71723,0.05,0,2.28093,2.52428,0,0.427139,4.47552,4.14526e+06,2.70226e+06,9.45506e+06,0,0,0,0,99.3022,98.274,4.84142,0,1,1.71489,1.47154,0,1.32492,2.1168,8.61469e+06,3.61194e+06,1.47732e+07,0,0,0,0
85.139,85.139,4.10583,0.05,0,2.28258,2.52532,0,0.427447,4.47552,4.14526e+06,2.70226e+06,9.46188e+06,0,0,0,0,99.3022,98.274,4.11474,0,1,1.71489,1.47214,0,1.32492,2.1168,8.61469e+06,3.61194e+06,1.47732e+07,0,0,0,0
85.139,85.139,3.51209,0.05,0,2.24941,2.49154,0,0.427755,4.47552,4.14526e+06,2.70226e+06,9.32436e+06,0,0,0,0,99.3022,98.274,4.08536,0,1,1.69277,1.45063,0,1.32492,2.1168,8.61469e+06,3.61194e+06,1.45827e+07,0,0,0,0
85.139,85.139,2.88777,0.05,0,2.22892,2.49257,0,0.421539,4.47552,4.14526e+06,2.70226e+06,9.23945e+06,0,0,0,0,99.3022,98.274,3.44813,0,1,1.71488,1.45123,0,1.30783,2.1168,8.61469e+06,3.61194e+06,1.47731e+07,0,0,0,0
85.139,85.139,2.70808,0.05,0,2.23054,2.49359,0,0.4177,4.47552,4.14526e+06,2.70226e+06,9.24618e+06,0,0,0,0,99.3022,98.274,3.3685,0,1,1.71488,1.45183,0,1.32491,2.1168,8.61469e+06,3.61194e+06,1.47731e+07,0,0,0,0
85.139,85.139,4.22623,0.04,0,2.23217,2.49462,0,0.418004,4.47552,4.14526e+06,2.70226e+06,9.25291e+06,0,0,0,0,99.3022,98.274,4.09674,0,1,1.71488,1.45242,0,1.32491,2.1168,8.61469e+06,3.61194e+06,1.47731e+07,0,0,0,0
85.1215,85.139,2.72231,0.04,0,2.35218,2.61403,0,0.418308,4.47552,4.14526e+06,2.70226e+06,9.75038e+06,0,0,0,0,99.3022,98.274,3.40858,0,1,1.79344,1.53158,0,1.32491,2.1168,8.61469e+06,3.61194e+06,1.54499e+07,0,0,0,0
84.9598,85.139,2.60267,0.06,0,2.43241,2.61511,0,0.440798,4.47552,4.14526e+06,2.70226e+06,1.0083e+07,0,0,0,0,99.3022,98.274,3.21305,0,1,1.71491,1.53221,0,1.38561,2.1168,8.61469e+06,3.61194e+06,1.47734e+07,0,0,0,0
84.471,85.139,2.26659,0.06,0,2.43411,2.61618,0,0.455833,4.47552,4.14526e+06,2.70226e+06,1.009e+07,0,0,0,0,99.3022,98.274,3.16263,0,1,1.71491,1.53284,0,1.32494,2.1168,8.61469e+06,3.61194e+06,1.47734e+07,0,0,0,0
83.7854,85.139,2.0571,0.05,0,2.43582,2.61726,0,0.456153,4.47552,4.14526e+06,2.70226e+06,1.00971e+07,0,0,0,0,99.3022,98.274,2.81977,0,1,1.71491,1.53347,0,1.32494,2.1168,8.61469e+06,3.61194e+06,1.47734e+07,0,0,0,0
83.011,85.139,1.93182,0.05,0,2.43753,2.61834,0,0.456473,4.47552,4.14526e+06,2.70226e+06,1.01042e+07,0,0,0,0,99.3022,98.274,2.63346,0,1,1.71491,1.5341,0,1.32494,2.1168,8.61469e+06,3.61194e+06,1.47734e+07,0,0,0,0
82.3555,85.139,1.97298,0.04,0,2.41577,2.59595,0,0.456792,4.47552,4.14526e+06,2.70226e+06,1.0014e+07,0,0,0,0,99.2121,98.274,2.30108,0,1,1.75818,1.578,0,1.32494,2.1168,8.61469e+06,3.61194e+06,1.51461e+07,0,0,0,0
81.5545,85.139,1.86098,0.03,0,2.46074,2.59702,0,0.452716,4.47552,4.14526e+06,2.70226e+06,1.02004e+07,0,0,0,0,99.1137,98.274,2.18173,0,1,1.71493,1.57864,0,1.35837,2.1168,8.61469e+06,3.61194e+06,1.47736e+07,0,0,0,0
80.5986,85.139,1.70228,0.03,0,2.46245,2.59809,0,0.461142,4.47552,4.14526e+06,2.70226e+06,1.02075e+07,0,0,0,0,98.8895,98.274,2.16809,0,1,1.71493,1.57929,0,1.32495,2.1168,8.61469e+06,3.61194e+06,1.47736e+07,0,0,0,0
79.4936,85.139,1.53954,0.03,0,2.46417,2.59915,0,0.461463,4.47552,4.14526e+06,2.70226e+06,1.02146e+07,0,0,0,0,98.6686,98.274,1.95012,0,1,1.71493,1.57994,0,1.32495,2.1168,8.61469e+06,3.61194e+06,1.47736e+07,0,0,0,0
78.2258,85.139,1.392,0.03,0,2.52657,2.66091,0,0.461785,4.47552,4.14526e+06,2.70226e+06,1.04733e+07,0,0,0,0,98.3922,98.274,1.87614,0,1,1.75355,1.61921,0,1.32495,2.1168,8.61469e+06,3.61194e+06,1.51063e+07,0,0,0,0
76.8512,85.139,1.29631,0.04,0,2.56693,2.662,0,0.473479,4.47552,4.14526e+06,2.70226e+06,1.06406e+07,0,0,0,0,97.8913,98.274,1.89994,0,1,1.71495,1.61988,0,1.35479,2.1168,8.61469e+06,3.61194e+06,1.47737e+07,0,0,0,0
75.3724,85.139,1.18048,0.04,0,2.56869,2.66309,0,0.481043,4.47552,4.14526e+06,2.70226e+06,1.06479e+07,0,0,0,0,97.6182,98.274,1.65157,0,1,1.71495,1.62054,0,1.32497,2.1168,8.61469e+06,3.61194e+06,1.47737e+07,0,0,0,0
74.0083,85.139,1.28039,0.04,0,2.57045,2.66419,0,0.481373,4.47552,4.14526e+06,2.70226e+06,1.06552e+07,0,0,0,0,97.3484,98.274,2.07715,0,1,1.71495,1.62121,0,1.32497,2.1168,8.61469e+06,3.61194e+06,1.47737e+07,0,0,0,0
72.4601,85.139,1.22705,0.04,0,2.75021,2.84328,0,0.481702,4.47552,4.14526e+06,2.70226e+06,1.14003e+07,0,0,0,0,96.6923,98.274,1.90922,0,1,1.85458,1.76151,0,1.32497,2.1168,8.61469e+06,3.61194e+06,1.59766e+07,0,0,0,0
70.7764,85.139,1.1859,0.04,0,2.84445,2.84445,0,0.51539,4.47552,4.14526e+06,2.70226e+06,1.1791e+07,0,0,0,0,95.8749,98.274,1.51446,0,1,1.76224,1.76224,0,1.43285,2.1168,8.61469e+06,3.61194e+06,1.51811e+07,0,0,0,0
68.8696,85.139,0.952131,0.05,0,2.84562,2.84562,0,0.53305,4.47552,4.14526e+06,2.70226e+06,1.17958e+07,0,0,0,0,95.5249,98.274,1.10297,0,1,1.76296,1.76296,0,1.3615,2.1168,8.61469e+06,3.61194e+06,1.51873e+07,0,0,0,0
67.1897,85.139,1.15633,0.06,0,2.84678,2.84678,0,0.533268,4.47552,4.14526e+06,2.70226e+06,1.18006e+07,0,0,0,0,94.8382,98.274,1.89695,0,1,1.76368,1.76368,0,1.36206,2.1168,8.61469e+06,3.61194e+06,1.51936e+07,0,0,0,0
65.2923,85.139,0.919259,0.09,0,2.84795,2.84795,0,0.533487,4.47552,4.14526e+06,2.70226e+06,1.18055e+07,0,0,0,0,94.4758,98.274,1.36095,0,1,1.76441,1.76441,0,1.36262,2.1168,8.61469e+06,3.61194e+06,1.51998e+07,0,0,0,0
63.5753,85.139,1.08284,0.09,0,2.76219,2.76219,0,0.533706,4.47552,4.14526e+06,2.70226e+06,1.145e+07,0,0,0,0,94.3637,98.274,1.83324,0,1,1.6802,1.6802,0,1.36318,2.1168,8.61469e+06,3.61194e+06,1.44744e+07,0,0,0,0
62.078,85.139,1.287,0.09,0,2.72924,2.76332,0,0.517634,4.47552,4.14526e+06,2.70226e+06,1.13134e+07,0,0,0,0,94.5278,98.274,2.81169,0,1,1.71497,1.68089,0,1.29812,2.1168,8.61469e+06,3.61194e+06,1.47739e+07,0,0,0,0
60.5624,85.139,1.2523,0.13,0,2.73107,2.76446,0,0.51146,4.47552,4.14526e+06,2.70226e+06,1.1321e+07,0,0,0,0,94.5782,98.274,2.56305,0,1,1.71497,1.68158,0,1.32499,2.1168,8.61469e+06,3.61194e+06,1.47739e+07,0,0,0,0
59.0481,85.139,1.23624,0.13,0,2.73289,2.76559,0,0.511802,4.47552,4.14526e+06,2.70226e+06,1.13285e+07,0,0,0,0,94.7924,98.274,3.22017,0,1,1.71497,1.68227,0,1.32499,2.1168,8.61469e+06,3.61194e+06,1.47739e+07,0,0,0,0
58.0057,85.139,1.79665,0.13,0,2.66324,2.69525,0,0.512143,4.47552,4.14526e+06,2.70226e+06,1.10398e+07,0,0,0,0,94.9856,98.274,3.23927,0,1,1.63754,1.60553,0,1.32499,2.1168,8.61469e+06,3.61194e+06,1.41069e+07,0,0,0,0
56.6017,85.139,1.31785,0.13,0,2.5876,2.69636,0,0.499091,4.47552,4.14526e+06,2.70226e+06,1.07263e+07,0,0,0,0,94.8753,98.274,2.64649,0,1,1.71494,1.60618,0,1.26516,2.1168,8.61469e+06,3.61194e+06,1.47737e+07,0,0,0,0
55.426,85.139,1.54993,0.14,0,2.58937,2.69746,0,0.484917,4.47552,4.14526e+06,2.70226e+06,1.07336e+07,0,0,0,0,94.8053,98.274,2.01319,0,1,1.71494,1.60684,0,1.32496,2.1168,8.61469e+06,3.61194e+06,1.47737e+07,0,0,0,0
57.0172,85.139,4.43213,0.14,0,2.59113,2.69857,0,0.485247,4.47552,4.14526e+06,2.70226e+06,1.07409e+07,0,0,0,0,95.9047,98.274,6.44751,0,1,1.71494,1.6075,0,1.32496,2.1168,8.61469e+06,3.61194e+06,1.47737e+07,0,0,0,0
58.229,85.139,3.97569,0.14,0,2.38958,2.49636,0,0.485578,4.47552,4.14526e+06,2.70226e+06,9.90541e+06,0,0,0,0,96.7593,98.274,5.8558,0,1,1.5534,1.44662,0,1.32496,2.1168,8.61469e+06,3.61194e+06,1.33821e+07,0,0,0,0
60.527,85.139,5.08355,0.14,0,2.22972,2.49738,0,0.447807,4.47552,4.14526e+06,2.70226e+06,9.24278e+06,0,0,0,0,97.277,98.274,4.38207,0,1,1.71487,1.44722,0,1.20016,2.1168,8.61469e+06,3.61194e+06,1.47731e+07,0,0,0,0
62.8515,85.139,5.05146,0.15,0,2.23134,2.4984,0,0.41785,4.47552,4.14526e+06,2.70226e+06,9.24947e+06,0,0,0,0,97.7368,98.274,4.11596,0,1,1.71487,1.44781,0,1.32491,2.1168,8.61469e+06,3.61194e+06,1.47731e+07,0,0,0,0
64.6934,85.139,4.65728,0.12,0,2.23295,2.49942,0,0.418153,4.47552,4.14526e+06,2.70226e+06,9.25617e+06,0,0,0,0,98.3068,98.274,4.40469,0,1,1.71487,1.4484,0,1.32491,2.1168,8.61469e+06,3.61194e+06,1.47731e+07,0,0,0,0
66.7499,85.139,4.9063,0.12,0,2.23457,2.50045,0,0.418456,4.47552,4.14526e+06,2.70226e+06,9.26287e+06,0,0,0,0,99.0667,98.274,5.11832,0,1,1.71487,1.449,0,1.32491,2.1168,8.61469e+06,3.61194e+06,1.47731e+07,0,0,0,0
68.7825,85.139,4.93437,0.13,0,2.31453,2.57981,0,0.418759,4.47552,4.14526e+06,2.70226e+06,9.59431e+06,0,0,0,0,99.3022,98.274,3.63289,0,1,1.76173,1.49645,0,1.32491,2.1168,8.61469e+06,3.61194e+06,1.51768e+07,0,0,0,7.20693e+07
70.5344,85.139,4.53792,0.09,0,2.363,2.58083,0,0.433742,4.47552,4.14526e+06,2.70226e+06,9.79524e+06,0,0,0,0,99.3022,98.274,3.67019,0,1,1.71487,1.49704,0,1.36111,2.1168,8.61469e+06,3.61194e+06,1.47731e+07,0,0,0,7.20693e+07
72.9593,85.139,5.27624,0.09,0,2.36461,2.58185,0,0.442826,4.47552,4.14526e+06,2.70226e+06,9.80192e+06,0,0,0,0,99.3022,98.274,4.50148,0,1,1.71487,1.49763,0,1.32491,2.1168,8.61469e+06,3.61194e+06,1.47731e+07,0,0,0,7.20693e+07
77.3735,85.139,7.37845,0.1,0,2.36623,2.58288,0,0.443128,4.47552,4.14526e+06,2.70226e+06,9.80861e+06,0,0,0,0,99.3022,98.274,5.12212,0,1,1.71487,1.49822,0,1.32491,2.1168,8.61469e+06,3.61194e+06,1.47731e+07,0,0,0,7.20693e+07
79.7155,85.139,5.66466,0.06,0,2.61987,2.83592,0,0.443431,4.47552,4.14526e+06,2.70226e+06,1.086e+07,0,0,0,0,99.3022,98.274,4.82893,0,1,1.8911,1.67504,0,1.32491,2.1168,8.61469e+06,3.61194e+06,1.62913e+07,0,0,0,7.20693e+07
79.9788,85.139,3.529,0.05,0,2.79781,2.83705,0,0.490963,4.47552,4.14526e+06,2.70226e+06,1.15976e+07,0,0,0,0,99.3022,98.274,3.90588,0,1,1.71494,1.67571,0,1.46107,2.1168,8.61469e+06,3.61194e+06,1.47737e+07,0,0,0,7.20693e+07
80.6562,85.139,3.96742,0.05,0,2.7996,2.83817,0,0.52431,4.47552,4.14526e+06,2.70226e+06,1.1605e+07,0,0,0,0,99.3022,98.274,4.29203,0,1,1.71494,1.67637,0,1.32496,2.1168,8.61469e+06,3.61194e+06,1.47737e+07,0,0,0,7.20693e+07
81.4567,85.139,4.1547,0.04,0,2.80138,2.83929,0,0.524644,4.47552,4.14526e+06,2.70226e+06,1.16124e+07,0,0,0,0,99.3022,98.274,4.11228,0,1,1.71494,1.67703,0,1.32496,2.1168,8.61469e+06,3.61194e+06,1.47737e+07,0,0,0,7.20693e+07
83.6412,85.139,5.37185,0.04,0,2.44313,2.48037,0,0.524979,4.47552,4.14526e+06,2.70226e+06,1.01274e+07,0,0,0,0,99.3022,98.274,6.2842,0,1,1.47807,1.44082,0,1.32496,2.1168,8.61469e+06,3.61194e+06,1.27331e+07,0,0,0,7.20693e+07
85.139,85.139,8.31543,0.04,0,2.20789,2.48135,0,0.457842,4.47552,4.14526e+06,2.70226e+06,9.15228e+06,0,0,0,0,99.3022,98.274,10.4969,0,1,1.71485,1.44139,0,1.14195,2.1168,8.61469e+06,3.61194e+06,1.47729e+07,0,0,0,7.20693e+07
85.139,85.139,7.91286,0.04,0,2.20944,2.48233,0,0.413759,4.47552,4.14526e+06,2.70226e+06,9.15871e+06,0,0,0,0,99.3022,98.274,9.16976,0,1,1.71485,1.44196,0,1.32489,2.1168,8.61469e+06,3.61194e+06,1.47729e+07,0,0,0,7.20693e+07
85.139,85.139,8.1905,0.04,0,2.21099,2.48331,0,0.41405,4.47552,4.14526e+06,2.70226e+06,9.16514e+06,0,0,0,0,99.3022,98.274,9.16487,0,1,1.71485,1.44253,0,1.32489,2.1168,8.61469e+06,3.61194e+06,1.47729e+07,0,0,0,7.20693e+07
85.139,85.139,7.2327,0.04,0,2.21254,2.4843,0,0.41434,4.47552,4.14526e+06,2.70226e+06,9.17157e+06,0,0,0,0,99.3022,98.274,8.21635,0,1,1.71485,1.4431,0,1.32489,2.1168,8.61469e+06,3.61194e+06,1.47729e+07,0,0,0,7.20693e+07
85.139,85.139,6.36232,0.04,0,2.3049,2.57608,0,0.414631,4.47552,4.14526e+06,2.70226e+06,9.55441e+06,0,0,0,0,99.3022,98.274,8.35621,0,1,1.77291,1.50173,0,1.32489,2.1168,8.61469e+06,3.61194e+06,1.52731e+07,0,0,0,7.20693e+07
85.139,85.139,6.82238,0.05,0,2.36455,2.5771,0,0.431939,4.47552,4.14526e+06,2.70226e+06,9.80168e+06,0,0,0,0,99.3022,98.274,8.72795,0,1,1.71487,1.50233,0,1.36975,2.1168,8.61469e+06,3.61194e+06,1.47731e+07,0,0,0,7.20693e+07
85.139,85.139,7.26457,0.05,0,2.36616,2.57812,0,0.443117,4.47552,4.14526e+06,2.70226e+06,9.80836e+06,0,0,0,0,99.3022,98.274,8.71698,0,1,1.71487,1.50292,0,1.32491,2.1168,8.61469e+06,3.61194e+06,1.47731e+07,0,0,0,7.20693e+07
85.139,85.139,6.32879,0.05,0,2.36778,2.57914,0,0.443419,4.47552,4.14526e+06,2.70226e+06,9.81504e+06,0,0,0,0,99.3022,98.274,7.81312,0,1,1.71487,1.50351,0,1.32491,2.1168,8.61469e+06,3.61194e+06,1.47731e+07,0,0,0,7.20693e+07
85.139,85.139,5.48132,0.05,0,2.33383,2.54459,0,0.443721,4.47552,4.14526e+06,2.70226e+06,9.67431e+06,0,0,0,0,99.3022,98.274,6.22735,0,1,1.69229,1.48152,0,1.32491,2.1168,8.61469e+06,3.61194e+06,1.45785e+07,0,0,0,7.20693e+07
85.139,85.139,4.62424,0.05,0,2.31284,2.5456,0,0.437359,4.47552,4.14526e+06,2.70226e+06,9.5873e+06,0,0,0,0,99.3022,98.274,5.53684,0,1,1.71486,1.4821,0,1.30746,2.1168,8.61469e+06,3.61194e+06,1.4773e+07,0,0,0,7.20693e+07
85.139,85.139,4.17816,0.05,0,2.31443,2.5466,0,0.433426,4.47552,4.14526e+06,2.70226e+06,9.59389e+06,0,0,0,0,99.3022,98.274,5.37432,0,1,1.71486,1.48269,0,1.3249,2.1168,8.61469e+06,3.61194e+06,1.4773e+07,0,0,0,7.20693e+07
85.139,85.139,4.7022,0.05,0,2.31602,2.54761,0,0.433724,4.47552,4.14526e+06,2.70226e+06,9.60048e+06,0,0,0,0,99.3022,98.274,5.02758,0,1,1.71487,1.48327,0,1.3249,2.1168,8.61469e+06,3.61194e+06,1.4773e+07,0,0,0,7.20693e+07
85.139,85.139,4.12001,0.05,0,2.43851,2.66951,0,0.434021,4.47552,4.14526e+06,2.70226e+06,1.01082e+07,0,0,0,0,99.3022,98.274,4.95166,0,1,1.79509,1.56408,0,1.3249,2.1168,8.61469e+06,3.61194e+06,1.54641e+07,0,0,0,7.20693e+07
85.139,85.139,3.92807,0.04,0,2.52037,2.67056,0,0.456976,4.47552,4.14526e+06,2.70226e+06,1.04476e+07,0,0,0,0,99.3022,98.274,4.09895,0,1,1.7149,1.5647,0,1.38689,2.1168,8.61469e+06,3.61194e+06,1.47733e+07,0,0,0,7.20693e+07
85.139,85.139,3.57967,0.04,0,2.52204,2.67162,0,0.472317,4.47552,4.14526e+06,2.70226e+06,1.04545e+07,0,0,0,0,99.3022,98.274,3.68667,0,1,1.7149,1.56532,0,1.32493,2.1168,8.61469e+06,3.61194e+06,1.47733e+07,0,0,0,7.20693e+07
85.139,85.139,3.14176,0.02,0,2.52371,2.67267,0,0.47263,4.47552,4.14526e+06,2.70226e+06,1.04614e+07,0,0,0,0,99.3022,98.274,3.38271,0,1,1.7149,1.56594,0,1.32493,2.1168,8.61469e+06,3.61194e+06,1.47733e+07,0,0,0,7.20693e+07
85.139,85.139,2.91551,0.02,0,2.52538,2.67373,0,0.472943,4.47552,4.14526e+06,2.70226e+06,1.04684e+07,0,0,0,0,99.3022,98.274,3.30807,0,1,1.7149,1.56655,0,1.32493,2.1168,8.61469e+06,3.61194e+06,1.47733e+07,0,0,0,7.20693e+07
85.139,85.139,3.50628,0.02,0,2.5031,2.65082,0,0.473256,4.47552,4.14526e+06,2.70226e+06,1.0376e+07,0,0,0,0,99.3022,98.274,3.37523,0,1,1.75908,1.61135,0,1.32493,2.1168,8.61469e+06,3.61194e+06,1.51539e+07,0,0,0,7.20693e+07
85.139,85.139,3.34284,0.02,0,2.54894,2.65187,0,0.46908,4.47552,4.14526e+06,2.70226e+06,1.0566e+07,0,0,0,0,99.3022,98.274,3.13977,0,1,1.71492,1.61199,0,1.35906,2.1168,8.61469e+06,3.61194e+06,1.47735e+07,0,0,0,7.20693e+07
85.139,85.139,3.10663,0.03,0,2.55062,2.65291,0,0.477671,4.47552,4.14526e+06,2.70226e+06,1.0573e+07,0,0,0,0,99.3022,98.274,2.89812,0,1,1.71492,1.61262,0,1.32494,2.1168,8.61469e+06,3.61194e+06,1.47735e+07,0,0,0,7.20693e+07
85.139,85.139,3.01035,0.03,0,2.5523,2.65396,0,0.477986,4.47552,4.14526e+06,2.70226e+06,1.05799e+07,0,0,0,0,99.3022,98.274,2.7287,0,1,1.71492,1.61326,0,1.32494,2.1168,8.61469e+06,3.61194e+06,1.47735e+07,0,0,0,7.20693e+07
84.9934,85.139,2.6697,0.03,0,2.61594,2.71697,0,0.478301,4.47552,4.14526e+06,2.70226e+06,1.08438e+07,0,0,0,0,99.1595,98.274,2.41836,0,1,1.75435,1.65333,0,1.32494,2.1168,8.61469e+06,3.61194e+06,1.51132e+07,0,0,0,7.20693e+07
84.9122,85.139,2.7844,0.04,0,2.65708,2.71804,0,0.490228,4.47552,4.14526e+06,2.70226e+06,1.10143e+07,0,0,0,0,99.0957,98.274,2.78894,0,1,1.71493,1.65398,0,1.35541,2.1168,8.61469e+06,3.61194e+06,1.47736e+07,0,0,0,7.20693e+07
84.5947,85.139,2.51709,0.04,0,2.65881,2.71911,0,0.497938,4.47552,4.14526e+06,2.70226e+06,1.10214e+07,0,0,0,0,98.9113,98.274,2.68116,0,1,1.71493,1.65463,0,1.32496,2.1168,8.61469e+06,3.61194e+06,1.47736e+07,0,0,0,7.20693e+07
84.0618,85.139,2.29232,0.04,0,2.66053,2.72018,0,0.49826,4.47552,4.14526e+06,2.70226e+06,1.10286e+07,0,0,0,0,98.6885,98.274,2.3281,0,1,1.71493,1.65528,0,1.32496,2.1168,8.61469e+06,3.61194e+06,1.47736e+07,0,0,0,7.20693e+07
83.5767,85.139,2.48584,0.04,0,2.84399,2.90299,0,0.498583,4.47552,4.14526e+06,2.70226e+06,1.17891e+07,0,0,0,0,98.4221,98.274,2.93573,0,1,1.8575,1.7985,0,1.32496,2.1168,8.61469e+06,3.61194e+06,1.60018e+07,0,0,0,7.20693e+07
83.2535,85.139,2.67004,0.04,0,2.90413,2.90413,0,0.532964,4.47552,4.14526e+06,2.70226e+06,1.20384e+07,0,0,0,0,98.0624,98.274,1.91713,0,1,1.79921,1.79921,0,1.43511,2.1168,8.61469e+06,3.61194e+06,1.54996e+07,0,0,0,7.20693e+07
83.152,85.139,2.90374,0.04,0,2.90528,2.90528,0,0.544234,4.47552,4.14526e+06,2.70226e+06,1.20431e+07,0,0,0,0,97.6928,98.274,2.2135,0,1,1.79992,1.79992,0,1.39007,2.1168,8.61469e+06,3.61194e+06,1.55057e+07,0,0,0,7.20693e+07
82.5,85.139,2.37464,0.04,0,2.90642,2.90642,0,0.544449,4.47552,4.14526e+06,2.70226e+06,1.20479e+07,0,0,0,0,97.3162,98.274,1.77498,0,1,1.80063,1.80063,0,1.39062,2.1168,8.61469e+06,3.61194e+06,1.55118e+07,0,0,0,7.20693e+07
82.2625,85.139,2.76633,0.04,0,2.90756,2.90756,0,0.544663,4.47552,4.14526e+06,2.70226e+06,1.20526e+07,0,0,0,0,97.1239,98.274,2.64617,0,1,1.80134,1.80134,0,1.39117,2.1168,8.61469e+06,3.61194e+06,1.5518e+07,0,0,0,7.20693e+07
82.9385,85.139,3.71633,0.04,0,2.81996,2.81996,0,0.544877,4.47552,4.14526e+06,2.70226e+06,1.16895e+07,0,0,0,0,97.275,98.274,3.48388,0,1,1.71534,1.71534,0,1.39171,2.1168,8.61469e+06,3.61194e+06,1.47771e+07,0,0,0,7.20693e+07
84.1936,85.139,4.34219,0.04,0,2.82107,2.82107,0,0.52846,4.47552,4.14526e+06,2.70226e+06,1.16941e+07,0,0,0,0,97.5817,98.274,3.74901,0,1,1.71602,1.71602,0,1.32527,2.1168,8.61469e+06,3.61194e+06,1.47829e+07,0,0,0,7.20693e+07
85.139,85.139,4.09554,0.04,0,2.82218,2.82218,0,0.528668,4.47552,4.14526e+06,2.70226e+06,1.16987e+07,0,0,0,0,97.7855,98.274,3.19219,0,1,1.71669,1.71669,0,1.32579,2.1168,8.61469e+06,3.61194e+06,1.47888e+07,0,0,0,7.20693e+07
85.139,85.139,3.3124,0.03,0,2.82329,2.82329,0,0.528876,4.47552,4.14526e+06,2.70226e+06,1.17033e+07,0,0,0,0,97.8829,98.274,2.72686,0,1,1.71737,1.71737,0,1.32632,2.1168,8.61469e+06,3.61194e+06,1.47946e+07,0,0,0,7.20693e+07
85.139,85.139,3.82271,0.03,0,2.75144,2.75144,0,0.529084,4.47552,4.14526e+06,2.70226e+06,1.14054e+07,0,0,0,0,98.073,98.274,2.80185,0,1,1.63899,1.63899,0,1.32684,2.1168,8.61469e+06,3.61194e+06,1.41194e+07,0,0,0,7.20693e+07
85.139,85.139,4.39344,0.03,0,2.67723,2.75252,0,0.515619,4.47552,4.14526e+06,2.70226e+06,1.10978e+07,0,0,0,0,98.4652,98.274,2.8381,0,1,1.71492,1.63964,0,1.26629,2.1168,8.61469e+06,3.61194e+06,1.47735e+07,0,0,0,7.20693e+07
85.139,85.139,6.71941,0.04,0,2.67896,2.7536,0,0.501713,4.47552,4.14526e+06,2.70226e+06,1.1105e+07,0,0,0,0,99.2751,98.274,4.25251,0,1,1.71492,1.64028,0,1.32495,2.1168,8.61469e+06,3.61194e+06,1.47735e+07,0,0,0,7.20693e+07
85.139,85.139,6.71678,0.04,0,2.68068,2.75468,0,0.502037,4.47552,4.14526e+06,2.70226e+06,1.11121e+07,0,0,0,0,99.3022,98.274,3.7498,0,1,1.71492,1.64093,0,1.32495,2.1168,8.61469e+06,3.61194e+06,1.47735e+07,0,0,0,7.20693e+07
85.139,85.139,9.79737,0.05,0,2.47487,2.54822,0,0.50236,4.47552,4.14526e+06,2.70226e+06,1.0259e+07,0,0,0,0,99.3022,98.274,5.81383,0,1,1.55003,1.47668,0,1.32495,2.1168,8.61469e+06,3.61194e+06,1.33531e+07,0,0,0,7.20693e+07
85.139,85.139,2.73565,0.05,0,2.31163,2.54922,0,0.463791,4.47552,4.14526e+06,2.70226e+06,9.58229e+06,0,0,0,0,99.282,98.274,2.34703,0,1,1.71486,1.47726,0,1.19756,2.1168,8.61469e+06,3.61194e+06,1.4773e+07,0,0,0,7.20693e+07
85.139,85.139,4.16569,0.05,0,2.31321,2.55023,0,0.433199,4.47552,4.14526e+06,2.70226e+06,9.58884e+06,0,0,0,0,99.3022,98.274,3.89783,0,1,1.71486,1.47784,0,1.3249,2.1168,8.61469e+06,3.61194e+06,1.4773e+07,0,0,0,7.20693e+07
85.139,85.139,10.8891,0.06,0,2.31479,2.55123,0,0.433495,4.47552,4.14526e+06,2.70226e+06,9.5954e+06,0,0,0,0,99.3022,98.274,4.7925,0,1,1.71486,1.47842,0,1.3249,2.1168,8.61469e+06,3.61194e+06,1.4773e+07,0,0,0,7.20693e+07
85.139,85.139,6.82241,0.06,0,2.31637,2.55223,0,0.433792,4.47552,4.14526e+06,2.70226e+06,9.60196e+06,0,0,0,0,99.3022,98.274,3.79557,0,1,1.71486,1.479,0,1.3249,2.1168,8.61469e+06,3.61194e+06,1.4773e+07,0,0,0,7.20693e+07
85.139,85.139,3.52558,0.07,0,2.39792,2.63319,0,0.434088,4.47552,4.14526e+06,2.70226e+06,9.93998e+06,0,0,0,0,99.3022,98.274,3.1019,0,1,1.76269,1.52741,0,1.3249,2.1168,8.61469e+06,3.61194e+06,1.5185e+07,0,0,0,7.20693e+07
85.139,85.139,3.55058,0.07,0,2.44732,2.63419,0,0.449369,4.47552,4.14526e+06,2.70226e+06,1.01448e+07,0,0,0,0,99.3022,98.274,3.58004,0,1,1.71486,1.52799,0,1.36185,2.1168,8.61469e+06,3.61194e+06,1.4773e+07,0,0,0,7.20693e+07
85.139,85.139,7.04292,0.07,0,2.4489,2.63519,0,0.458628,4.47552,4.14526e+06,2.70226e+06,1.01513e+07,0,0,0,0,99.3022,98.274,5.28396,0,1,1.71486,1.52857,0,1.3249,2.1168,8.61469e+06,3.61194e+06,1.4773e+07,0,0,0,7.20693e+07
85.139,85.139,8.49077,0.07,0,2.45048,2.63619,0,0.458924,4.47552,4.14526e+06,2.70226e+06,1.01579e+07,0,0,0,0,99.3022,98.274,5.40122,0,1,1.71486,1.52915,0,1.3249,2.1168,8.61469e+06,3.61194e+06,1.4773e+07,0,0,0,7.20693e+07
85.139,85.139,13.2911,0.07,0,2.70928,2.89441,0,0.459219,4.47552,4.14526e+06,2.70226e+06,1.12307e+07,0,0,0,0,99.3022,98.274,7.14287,0,1,1.89472,1.70959,0,1.3249,2.1168,8.61469e+06,3.61194e+06,1.63224e+07,0,0,0,7.20693e+07
85.139,85.139,3.99307,0.06,0,2.89082,2.89551,0,0.507719,4.47552,4.14526e+06,2.70226e+06,1.19832e+07,0,0,0,0,99.3022,98.274,3.56241,0,1,1.71493,1.71024,0,1.46386,2.1168,8.61469e+06,3.61194e+06,1.47736e+07,0,0,0,7.20693e+07
85.139,85.139,4.26286,0.06,0,2.89256,2.8966,0,0.541739,4.47552,4.14526e+06,2.70226e+06,1.19904e+07,0,0,0,0,99.3022,98.274,4.12064,0,1,1.71493,1.71089,0,1.32495,2.1168,8.61469e+06,3.61194e+06,1.47736e+07,0,0,0,7.20693e+07
85.139,85.139,4.3838,0.07,0,2.89431,2.8977,0,0.542066,4.47552,4.14526e+06,2.70226e+06,1.19976e+07,0,0,0,0,99.3022,98.274,3.64846,0,1,1.71493,1.71153,0,1.32495,2.1168,8.61469e+06,3.61194e+06,1.47736e+07,0,0,0,7.20693e+07
85.139,85.139,4.67787,0.07,0,2.52861,2.53136,0,0.542393,4.47552,4.14526e+06,2.70226e+06,1.04817e+07,0,0,0,0,99.3022,98.274,4.32061,0,1,1.47318,1.47044,0,1.32495,2.1168,8.61469e+06,3.61194e+06,1.2691e+07,0,0,0,7.20693e+07
85.139,85.139,5.8838,0.07,0,2.28847,2.53232,0,0.473862,4.47552,4.14526e+06,2.70226e+06,9.4863e+06,0,0,0,0,99.3022,98.274,3.72305,0,1,1.71484,1.47099,0,1.13818,2.1168,8.61469e+06,3.61194e+06,1.47728e+07,0,0,0,7.20693e+07
85.139,85.139,10.4062,0.07,0,2.28999,2.53327,0,0.42886,4.47552,4.14526e+06,2.70226e+06,9.49259e+06,0,0,0,0,99.3022,98.274,8.26439,0,1,1.71484,1.47155,0,1.32488,2.1168,8.61469e+06,3.61194e+06,1.47728e+07,0,0,0,7.20693e+07
85.139,85.139,6.86955,0.07,0,2.2915,2.53423,0,0.429144,4.47552,4.14526e+06,2.70226e+06,9.49887e+06,0,0,0,0,99.3022,98.274,4.35297,0,1,1.71484,1.47211,0,1.32488,2.1168,8.61469e+06,3.61194e+06,1.47728e+07,0,0,0,7.20693e+07
85.139,85.139,5.08007,0.07,0,2.29302,2.53519,0,0.429428,4.47552,4.14526e+06,2.70226e+06,9.50515e+06,0,0,0,0,99.3022,98.274,3.23992,0,1,1.71484,1.47266,0,1.32488,2.1168,8.61469e+06,3.61194e+06,1.47728e+07,0,0,0,7.20693e+07
85.139,85.139,5.30662,0.07,0,2.3872,2.62882,0,0.429712,4.47552,4.14526e+06,2.70226e+06,9.89556e+06,0,0,0,0,99.3022,98.274,4.48958,0,1,1.77409,1.53247,0,1.32488,2.1168,8.61469e+06,3.61194e+06,1.52832e+07,0,0,0,7.20693e+07
85.139,85.139,4.08933,0.07,0,2.448,2.62981,0,0.447361,4.47552,4.14526e+06,2.70226e+06,1.01476e+07,0,0,0,0,99.0859,98.274,2.9424,0,1,1.71486,1.53305,0,1.37066,2.1168,8.61469e+06,3.61194e+06,1.4773e+07,0,0,0,7.20693e+07
85.139,85.139,3.56979,0.07,0,2.44958,2.63081,0,0.458756,4.47552,4.14526e+06,2.70226e+06,1.01541e+07,0,0,0,0,98.9543,98.274,2.32824,0,1,1.71486,1.53363,0,1.3249,2.1168,8.61469e+06,3.61194e+06,1.4773e+07,0,0,0,7.20693e+07
85.139,85.139,3.32398,0.07,0,2.45115,2.6318,0,0.459051,4.47552,4.14526e+06,2.70226e+06,1.01607e+07,0,0,0,0,99.1,98.274,2.09187,0,1,1.71486,1.53421,0,1.3249,2.1168,8.61469e+06,3.61194e+06,1.4773e+07,0,0,0,7.20693e+07
85.139,85.139,3.52849,0.07,0,2.41644,2.59651,0,0.459346,4.47552,4.14526e+06,2.70226e+06,1.00168e+07,0,0,0,0,99.2886,98.274,2.71534,0,1,1.69181,1.51174,0,1.3249,2.1168,8.61469e+06,3.61194e+06,1.45744e+07,0,0,0,7.20693e+07
85.139,85.139,2.94014,0.07,0,2.39496,2.59749,0,0.452841,4.47552,4.14526e+06,2.70226e+06,9.92771e+06,0,0,0,0,99.3022,98.274,2.91266,0,1,1.71485,1.51232,0,1.30709,2.1168,8.61469e+06,3.61194e+06,1.47729e+07,0,0,0,7.20693e+07
84.9395,85.139,2.61775,0.07,0,2.39651,2.59847,0,0.448815,4.47552,4.14526e+06,2.70226e+06,9.93414e+06,0,0,0,0,99.3022,98.274,2.97282,0,1,1.71485,1.51289,0,1.32489,2.1168,8.61469e+06,3.61194e+06,1.47729e+07,0,0,0,7.20693e+07
85.139,85.139,3.41453,0.09,0,2.39806,2.59945,0,0.449106,4.47552,4.14526e+06,2.70226e+06,9.94059e+06,0,0,0,0,99.3022,98.274,3.12171,0,1,1.71485,1.51346,0,1.32489,2.1168,8.61469e+06,3.61194e+06,1.47729e+07,0,0,0,7.20693e+07
85.139,85.139,3.11256,0.06,0,2.52297,2.72379,0,0.449397,4.47552,4.14526e+06,2.70226e+06,1.04584e+07,0,0,0,0,99.3022,98.274,3.02426,0,1,1.79671,1.59589,0,1.32489,2.1168,8.61469e+06,3.61194e+06,1.54781e+07,0,0,0,7.20693e+07
84.6686,85.139,2.43262,0.06,0,2.60643,2.72482,0,0.472805,4.47552,4.14526e+06,2.70226e+06,1.08043e+07,0,0,0,0,99.3022,98.274,2.66959,0,1,1.71488,1.59649,0,1.38814,2.1168,8.61469e+06,3.61194e+06,1.47732e+07,0,0,0,7.20693e+07
84.1373,85.139,2.3611,0.09,0,2.60806,2.72585,0,0.488445,4.47552,4.14526e+06,2.70226e+06,1.08111e+07,0,0,0,0,99.3004,98.274,2.43305,0,1,1.71488,1.59709,0,1.32492,2.1168,8.61469e+06,3.61194e+06,1.47732e+07,0,0,0,7.20693e+07
83.3461,85.139,2.07185,0.08,0,2.6097,2.72688,0,0.488751,4.47552,4.14526e+06,2.70226e+06,1.08179e+07,0,0,0,0,99.245,98.274,2.27605,0,1,1.71488,1.5977,0,1.32492,2.1168,8.61469e+06,3.61194e+06,1.47732e+07,0,0,0,7.20693e+07
82.488,85.139,1.95665,0.06,0,2.61133,2.72791,0,0.489057,4.47552,4.14526e+06,2.70226e+06,1.08246e+07,0,0,0,0,99.1428,98.274,2.17419,0,1,1.71488,1.5983,0,1.32492,2.1168,8.61469e+06,3.61194e+06,1.47732e+07,0,0,0,7.20693e+07
81.5245,85.139,1.84262,0.06,0,2.58852,2.7045,0,0.489363,4.47552,4.14526e+06,2.70226e+06,1.07301e+07,0,0,0,0,99.0492,98.274,2.25814,0,1,1.75996,1.64398,0,1.32492,2.1168,8.61469e+06,3.61194e+06,1.51615e+07,0,0,0,7.20693e+07
80.3672,85.139,1.68548,0.05,0,2.63522,2.70552,0,0.485089,4.47552,4.14526e+06,2.70226e+06,1.09237e+07,0,0,0,0,98.9997,98.274,2.30126,0,1,1.7149,1.6446,0,1.35974,2.1168,8.61469e+06,3.61194e+06,1.47733e+07,0,0,0,7.20693e+07
79.0699,85.139,1.52807,0.04,0,2.63686,2.70654,0,0.49384,4.47552,4.14526e+06,2.70226e+06,1.09305e+07,0,0,0,0,98.9136,98.274,2.0908,0,1,1.7149,1.64522,0,1.32493,2.1168,8.61469e+06,3.61194e+06,1.47733e+07,0,0,0,7.20693e+07
77.7381,85.139,1.44511,0.05,0,2.6385,2.70756,0,0.494148,4.47552,4.14526e+06,2.70226e+06,1.09373e+07,0,0,0,0,98.6565,98.274,2.0495,0,1,1.7149,1.64584,0,1.32493,2.1168,8.61469e+06,3.61194e+06,1.47733e+07,0,0,0,7.20693e+07
76.2064,85.139,1.28189,0.05,0,2.70336,2.7718,0,0.494456,4.47552,4.14526e+06,2.70226e+06,1.12061e+07,0,0,0,0,98.3788,98.274,1.91512,0,1,1.75513,1.68669,0,1.32493,2.1168,8.61469e+06,3.61194e+06,1.51199e+07,0,0,0,7.20693e+07
74.7593,85.139,1.40063,0.04,0,2.74526,2.77284,0,0.50661,4.47552,4.14526e+06,2.70226e+06,1.13798e+07,0,0,0,0,98.2641,98.274,2.0407,0,1,1.71492,1.68733,0,1.35602,2.1168,8.61469e+06,3.61194e+06,1.47735e+07,0,0,0,7.20693e+07
73.231,85.139,1.29622,0.04,0,2.74694,2.77389,0,0.514462,4.47552,4.14526e+06,2.70226e+06,1.13868e+07,0,0,0,0,97.9858,98.274,2.06589,0,1,1.71492,1.68797,0,1.32494,2.1168,8.61469e+06,3.61194e+06,1.47735e+07,0,0,0,7.20693e+07
71.6207,85.139,1.20115,0.08,0,2.74863,2.77494,0,0.514777,4.47552,4.14526e+06,2.70226e+06,1.13938e+07,0,0,0,0,97.7693,98.274,1.83763,0,1,1.71492,1.6886,0,1.32494,2.1168,8.61469e+06,3.61194e+06,1.47735e+07,0,0,0,7.20693e+07
69.8987,85.139,1.22241,0.08,0,2.9357,2.96138,0,0.515092,4.47552,4.14526e+06,2.70226e+06,1.21693e+07,0,0,0,0,97.3101,98.274,2.0925,0,1,1.86035,1.83468,0,1.32494,2.1168,8.61469e+06,3.61194e+06,1.60264e+07,0,0,0,7.20693e+07
68.0558,85.139,1.10223,0.09,0,2.9625,2.9625,0,0.550151,4.47552,4.14526e+06,2.70226e+06,1.22803e+07,0,0,0,0,96.9619,98.274,1.67918,0,1,1.83537,1.83537,0,1.43731,2.1168,8.61469e+06,3.61194e+06,1.58111e+07,0,0,0,7.20693e+07
66.3132,85.139,1.20504,0.12,0,2.96361,2.96361,0,0.555172,4.47552,4.14526e+06,2.70226e+06,1.22849e+07,0,0,0,0,96.2901,98.274,1.94291,0,1,1.83606,1.83606,0,1.41801,2.1168,8.61469e+06,3.61194e+06,1.58171e+07,0,0,0,7.20693e+07
64.3489,85.139,0.970038,0.12,0,2.96473,2.96473,0,0.555381,4.47552,4.14526e+06,2.70226e+06,1.22896e+07,0,0,0,0,95.9228,98.274,1.41327,0,1,1.83675,1.83675,0,1.41854,2.1168,8.61469e+06,3.61194e+06,1.58231e+07,0,0,0,7.20693e+07
62.6163,85.139,1.17433,0.12,0,2.96585,2.96585,0,0.555591,4.47552,4.14526e+06,2.70226e+06,1.22942e+07,0,0,0,0,95.6765,98.274,2.4356,0,1,1.83745,1.83745,0,1.41908,2.1168,8.61469e+06,3.61194e+06,1.5829e+07,0,0,0,7.20693e+07
61.0414,85.139,1.26529,0.13,0,2.87644,2.87644,0,0.5558,4.47552,4.14526e+06,2.70226e+06,1.19236e+07,0,0,0,0,95.4167,98.274,2.12503,0,1,1.7497,1.7497,0,1.41961,2.1168,8.61469e+06,3.61194e+06,1.50731e+07,0,0,0,7.20693e+07
59.919,85.139,1.73271,0.16,0,2.87752,2.87752,0,0.539045,4.47552,4.14526e+06,2.70226e+06,1.19281e+07,0,0,0,0,95.4221,98.274,3.18696,0,1,1.75036,1.75036,0,1.35182,2.1168,8.61469e+06,3.61194e+06,1.50788e+07,0,0,0,7.20693e+07
58.703,85.139,1.64295,0.16,0,2.87861,2.87861,0,0.539248,4.47552,4.14526e+06,2.70226e+06,1.19326e+07,0,0,0,0,95.4384,98.274,3.14025,0,1,1.75102,1.75102,0,1.35233,2.1168,8.61469e+06,3.61194e+06,1.50845e+07,0,0,0,7.20693e+07
57.6937,85.139,1.88035,0.16,0,2.87969,2.87969,0,0.539451,4.47552,4.14526e+06,2.70226e+06,1.19371e+07,0,0,0,0,95.6466,98.274,3.81492,0,1,1.75168,1.75168,0,1.35284,2.1168,8.61469e+06,3.61194e+06,1.50901e+07,0,0,0,7.20693e+07
56.9081,85.139,2.16736,0.14,0,2.80636,2.80636,0,0.539655,4.47552,4.14526e+06,2.70226e+06,1.16331e+07,0,0,0,0,95.9253,98.274,3.70748,0,1,1.67171,1.67171,0,1.35335,2.1168,8.61469e+06,3.61194e+06,1.44013e+07,0,0,0,7.20693e+07
57.0261,85.139,2.9475,0.14,0,2.76485,2.80742,0,0.525912,4.47552,4.14526e+06,2.70226e+06,1.1461e+07,0,0,0,0,95.9565,98.274,3.04166,0,1,1.71491,1.67234,0,1.29156,2.1168,8.61469e+06,3.61194e+06,1.47734e+07,0,0,0,7.20693e+07
57.2998,85.139,3.12204,0.14,0,2.76654,2.80847,0,0.518133,4.47552,4.14526e+06,2.70226e+06,1.1468e+07,0,0,0,0,96.6108,98.274,4.30571,0,1,1.71491,1.67297,0,1.32494,2.1168,8.61469e+06,3.61194e+06,1.47734e+07,0,0,0,7.20693e+07
57.0643,85.139,2.61245,0.15,0,2.76822,2.80953,0,0.518449,4.47552,4.14526e+06,2.70226e+06,1.1475e+07,0,0,0,0,96.9755,98.274,3.74862,0,1,1.71491,1.6736,0,1.32494,2.1168,8.61469e+06,3.61194e+06,1.47734e+07,0,0,0,7.20693e+07
59.3596,85.139,5.1038,0.15,0,2.55824,2.59892,0,0.518765,4.47552,4.14526e+06,2.70226e+06,1.06046e+07,0,0,0,0,98.0991,98.274,5.91383,0,1,1.54674,1.50606,0,1.32494,2.1168,8.61469e+06,3.61194e+06,1.33247e+07,0,0,0,7.20693e+07
61.3657,85.139,4.6498,0.15,0,2.39168,2.5999,0,0.479414,4.47552,4.14526e+06,2.70226e+06,9.91412e+06,0,0,0,0,98.3927,98.274,3.8896,0,1,1.71485,1.50663,0,1.19501,2.1168,8.61469e+06,3.61194e+06,1.47729e+07,0,0,0,7.20693e+07
64.6487,85.139,5.95572,0.16,0,2.39322,2.60088,0,0.4482,4.47552,4.14526e+06,2.70226e+06,9.92053e+06,0,0,0,0,98.7855,98.274,4.17834,0,1,1.71485,1.50719,0,1.32489,2.1168,8.61469e+06,3.61194e+06,1.47729e+07,0,0,0,7.20693e+07
65.9049,85.139,3.92441,0.15,0,2.39477,2.60186,0,0.44849,4.47552,4.14526e+06,2.70226e+06,9.92693e+06,0,0,0,0,98.655,98.274,3.18603,0,1,1.71485,1.50776,0,1.32489,2.1168,8.61469e+06,3.61194e+06,1.47729e+07,0,0,0,7.20693e+07
66.4608,85.139,3.19821,0.16,0,2.39631,2.60283,0,0.44878,4.47552,4.14526e+06,2.70226e+06,9.93334e+06,0,0,0,0,98.6172,98.274,2.15953,0,1,1.71485,1.50833,0,1.32489,2.1168,8.61469e+06,3.61194e+06,1.47729e+07,0,0,0,7.20693e+07
66.4141,85.139,2.69559,0.16,0.02,2.47941,2.68536,0,0.449069,4.47552,4.14526e+06,2.70226e+06,1.02778e+07,0,0,0,0,98.815,98.274,3.58939,0,1,1.76362,1.55767,0,1.32489,2.1168,8.61469e+06,3.61194e+06,1.5193e+07,0,0,0,7.20693e+07
67.9383,85.139,4.39227,0.17,0.02,2.52972,2.68633,0,0.464641,4.47552,4.14526e+06,2.70226e+06,1.04863e+07,0,0,0,0,99.3022,98.274,8.00644,0,1,1.71484,1.55823,0,1.36257,2.1168,8.61469e+06,3.61194e+06,1.47729e+07,0,0,0,7.20693e+07
70.739,85.139,5.86349,0.16,0.02,2.53126,2.68731,0,0.47407,4.47552,4.14526e+06,2.70226e+06,1.04927e+07,0,0,0,0,99.3022,98.274,10.1298,0,1,1.71484,1.5588,0,1.32489,2.1168,8.61469e+06,3.61194e+06,1.47729e+07,0,0,0,7.20693e+07
71.7223,85.139,3.98017,0.15,0.02,2.5328,2.68828,0,0.474358,4.47552,4.14526e+06,2.70226e+06,1.04991e+07,0,0,0,0,99.3022,98.274,6.33776,0,1,1.71485,1.55936,0,1.32489,2.1168,8.61469e+06,3.61194e+06,1.47729e+07,0,0,0,7.20693e+07
73.0034,85.139,4.53692,0.14,0.02,2.79664,2.95156,0,0.474647,4.47552,4.14526e+06,2.70226e+06,1.15928e+07,0,0,0,0,99.3022,98.274,7.51589,0,1,1.89826,1.74334,0,1.32489,2.1168,8.61469e+06,3.61194e+06,1.63529e+07,0,0,0,7.20693e+07
73.3525,85.139,3.56345,0.13,0.02,2.95263,2.95263,0,0.524091,4.47552,4.14526e+06,2.70226e+06,1.22394e+07,0,0,0,0,99.3022,98.274,4.91117,0,1,1.74398,1.74398,0,1.4666,2.1168,8.61469e+06,3.61194e+06,1.50238e+07,0,0,0,7.20693e+07
74.0893,85.139,3.99268,0.13,0.02,2.9537,2.9537,0,0.553323,4.47552,4.14526e+06,2.70226e+06,1.22438e+07,0,0,0,0,99.3022,98.274,5.67325,0,1,1.74461,1.74461,0,1.3474,2.1168,8.61469e+06,3.61194e+06,1.50293e+07,0,0,0,7.20693e+07
75.7875,85.139,5.03713,0.11,0.02,2.95477,2.95477,0,0.553523,4.47552,4.14526e+06,2.70226e+06,1.22483e+07,0,0,0,0,99.3022,98.274,5.94422,0,1,1.74524,1.74524,0,1.34788,2.1168,8.61469e+06,3.61194e+06,1.50347e+07,0,0,0,7.20693e+07
77.5614,85.139,4.78796,0.11,0.02,2.58117,2.58117,0,0.553724,4.47552,4.14526e+06,2.70226e+06,1.06996e+07,0,0,0,0,99.3022,98.274,6.12431,0,1,1.49937,1.49937,0,1.34837,2.1168,8.61469e+06,3.61194e+06,1.29166e+07,0,0,0,7.20693e+07
78.3634,85.139,3.6715,0.11,0.02,2.36719,2.5821,0,0.483711,4.47552,4.14526e+06,2.70226e+06,9.81263e+06,0,0,0,0,99.3022,98.274,4.89833,0,1,1.71482,1.49991,0,1.15841,2.1168,8.61469e+06,3.61194e+06,1.47727e+07,0,0,0,7.20693e+07
78.54,85.139,3.00565,0.12,0.02,2.36867,2.58304,0,0.443612,4.47552,4.14526e+06,2.70226e+06,9.81875e+06,0,0,0,0,99.3022,98.274,3.8666,0,1,1.71482,1.50046,0,1.32487,2.1168,8.61469e+06,3.61194e+06,1.47727e+07,0,0,0,7.20693e+07
79.4778,85.139,3.83007,0.14,0.02,2.37015,2.58397,0,0.443889,4.47552,4.14526e+06,2.70226e+06,9.82488e+06,0,0,0,0,99.3022,98.274,4.53454,0,1,1.71482,1.501,0,1.32487,2.1168,8.61469e+06,3.61194e+06,1.47727e+07,0,0,0,7.20693e+07
80.2728,85.139,3.63731,0.09,0.02,2.37163,2.58491,0,0.444166,4.47552,4.14526e+06,2.70226e+06,9.83101e+06,0,0,0,0,99.3022,98.274,4.36729,0,1,1.71482,1.50154,0,1.32487,2.1168,8.61469e+06,3.61194e+06,1.47727e+07,0,0,0,7.20693e+07
82.086,85.139,4.78644,0.1,0.02,2.46759,2.68033,0,0.444443,4.47552,4.14526e+06,2.70226e+06,1.02288e+07,0,0,0,0,99.3022,98.274,6.32863,0,1,1.77524,1.5625,0,1.32487,2.1168,8.61469e+06,3.61194e+06,1.52931e+07,0,0,0,7.20693e+07
82.7951,85.139,3.73453,0.11,0.02,2.52952,2.6813,0,0.462426,4.47552,4.14526e+06,2.70226e+06,1.04855e+07,0,0,0,0,99.3022,98.274,6.65906,0,1,1.71485,1.56307,0,1.37155,2.1168,8.61469e+06,3.61194e+06,1.47729e+07,0,0,0,7.20693e+07
83.1623,85.139,3.33004,0.1,0.02,2.53105,2.68227,0,0.474031,4.47552,4.14526e+06,2.70226e+06,1.04919e+07,0,0,0,0,99.3022,98.274,5.87624,0,1,1.71485,1.56363,0,1.32489,2.1168,8.61469e+06,3.61194e+06,1.47729e+07,0,0,0,7.20693e+07
83.4141,85.139,3.24818,0.1,0.02,2.53259,2.68324,0,0.474319,4.47552,4.14526e+06,2.70226e+06,1.04982e+07,0,0,0,0,99.3022,98.274,5.44186,0,1,1.71485,1.5642,0,1.32489,2.1168,8.61469e+06,3.61194e+06,1.47729e+07,0,0,0,7.20693e+07
83.3124,85.139,2.81903,0.1,0.02,2.49713,2.64721,0,0.474607,4.47552,4.14526e+06,2.70226e+06,1.03512e+07,0,0,0,0,99.3022,98.274,5.55808,0,1,1.69135,1.54127,0,1.32489,2.1168,8.61469e+06,3.61194e+06,1.45704e+07,0,0,0,7.20693e+07
83.3521,85.139,2.95645,0.11,0.02,2.47516,2.64817,0,0.467962,4.47552,4.14526e+06,2.70226e+06,1.02602e+07,0,0,0,0,99.3022,98.274,5.12471,0,1,1.71484,1.54182,0,1.30674,2.1168,8.61469e+06,3.61194e+06,1.47728e+07,0,0,0,7.20693e+07
83.2539,85.139,2.72099,0.11,0.02,2.47667,2.64913,0,0.463844,4.47552,4.14526e+06,2.70226e+06,1.02664e+07,0,0,0,0,99.3022,98.274,4.66422,0,1,1.71484,1.54238,0,1.32488,2.1168,8.61469e+06,3.61194e+06,1.47728e+07,0,0,0,7.20693e+07
83.0919,85.139,2.65257,0.1,0.02,2.47819,2.65009,0,0.464128,4.47552,4.14526e+06,2.70226e+06,1.02727e+07,0,0,0,0,99.3022,98.274,5.27524,0,1,1.71484,1.54294,0,1.32488,2.1168,8.61469e+06,3.61194e+06,1.47728e+07,0,0,0,7.20693e+07
82.7814,85.139,2.60525,0.09,0.02,2.60546,2.7768,0,0.464412,4.47552,4.14526e+06,2.70226e+06,1.08003e+07,0,0,0,0,99.3022,98.274,4.76046,0,1,1.79829,1.62695,0,1.32488,2.1168,8.61469e+06,3.61194e+06,1.54917e+07,0,0,0,7.20693e+07
81.8552,85.139,1.98759,0.09,0.02,2.69047,2.77781,0,0.488264,4.47552,4.14526e+06,2.70226e+06,1.11527e+07,0,0,0,0,99.3022,98.274,3.87472,0,1,1.71487,1.62753,0,1.38936,2.1168,8.61469e+06,3.61194e+06,1.47731e+07,0,0,0,7.20693e+07
80.7783,85.139,1.81172,0.09,0.02,2.69207,2.77881,0,0.504195,4.47552,4.14526e+06,2.70226e+06,1.11593e+07,0,0,0,0,99.3022,98.274,3.45666,0,1,1.71487,1.62812,0,1.32491,2.1168,8.61469e+06,3.61194e+06,1.47731e+07,0,0,0,7.20693e+07
79.5814,85.139,1.64001,0.09,0.02,2.69366,2.77982,0,0.504493,4.47552,4.14526e+06,2.70226e+06,1.11659e+07,0,0,0,0,99.3022,98.274,3.33388,0,1,1.71487,1.62871,0,1.32491,2.1168,8.61469e+06,3.61194e+06,1.47731e+07,0,0,0,7.20693e+07
78.3189,85.139,1.5517,0.08,0.02,2.69525,2.78082,0,0.504792,4.47552,4.14526e+06,2.70226e+06,1.11725e+07,0,0,0,0,99.3022,98.274,3.15179,0,1,1.71487,1.6293,0,1.32491,2.1168,8.61469e+06,3.61194e+06,1.47731e+07,0,0,0,7.20693e+07
76.9475,85.139,1.40953,0.09,0.02,2.67193,2.75691,0,0.50509,4.47552,4.14526e+06,2.70226e+06,1.10758e+07,0,0,0,0,99.0478,98.274,2.41196,0,1,1.76082,1.67584,0,1.32491,2.1168,8.61469e+06,3.61194e+06,1.51689e+07,0,0,0,7.20693e+07
75.4044,85.139,1.26408,0.09,0.02,2.71946,2.75791,0,0.50072,4.47552,4.14526e+06,2.70226e+06,1.12729e+07,0,0,0,0,98.8058,98.274,1.84046,0,1,1.71489,1.67644,0,1.36041,2.1168,8.61469e+06,3.61194e+06,1.47732e+07,0,0,0,7.20693e+07
73.7647,85.139,1.15648,0.08,0.02,2.72107,2.7589,0,0.509627,4.47552,4.14526e+06,2.70226e+06,1.12795e+07,0,0,0,0,98.4156,98.274,1.83985,0,1,1.71489,1.67705,0,1.32492,2.1168,8.61469e+06,3.61194e+06,1.47732e+07,0,0,0,7.20693e+07
72.0288,85.139,1.04429,0.1,0.02,2.72267,2.7599,0,0.509928,4.47552,4.14526e+06,2.70226e+06,1.12862e+07,0,0,0,0,98.0145,98.274,1.65566,0,1,1.71489,1.67765,0,1.32492,2.1168,8.61469e+06,3.61194e+06,1.47732e+07,0,0,0,7.20693e+07
70.2033,85.139,0.968832,0.1,0.02,2.7887,2.82533,0,0.510228,4.47552,4.14526e+06,2.70226e+06,1.15599e+07,0,0,0,0,97.6258,98.274,1.59251,0,1,1.7559,1.71927,0,1.32492,2.1168,8.61469e+06,3.61194e+06,1.51265e+07,0,0,0,7.20693e+07
68.4517,85.139,1.07547,0.1,0.02,2.82635,2.82635,0,0.522603,4.47552,4.14526e+06,2.70226e+06,1.17159e+07,0,0,0,0,97.4696,98.274,1.8771,0,1,1.71989,1.71989,0,1.3566,2.1168,8.61469e+06,3.61194e+06,1.48163e+07,0,0,0,7.20693e+07
66.635,85.139,0.981729,0.09,0.02,2.82737,2.82737,0,0.529658,4.47552,4.14526e+06,2.70226e+06,1.17202e+07,0,0,0,0,97.0216,98.274,1.83006,0,1,1.72051,1.72051,0,1.32879,2.1168,8.61469e+06,3.61194e+06,1.48217e+07,0,0,0,7.20693e+07
64.7562,85.139,0.901325,0.13,0.02,2.82839,2.82839,0,0.529849,4.47552,4.14526e+06,2.70226e+06,1.17244e+07,0,0,0,0,96.7754,98.274,1.60944,0,1,1.72113,1.72113,0,1.32927,2.1168,8.61469e+06,3.61194e+06,1.4827e+07,0,0,0,7.20693e+07
62.7977,85.139,0.947336,0.12,0.02,3.01838,3.01838,0,0.53004,4.47552,4.14526e+06,2.70226e+06,1.25119e+07,0,0,0,0,96.2378,98.274,1.92531,0,1,1.86999,1.86999,0,1.32975,2.1168,8.61469e+06,3.61194e+06,1.61094e+07,0,0,0,7.20693e+07
60.8231,85.139,0.910894,0.12,0.02,3.01947,3.01947,0,0.565644,4.47552,4.14526e+06,2.70226e+06,1.25165e+07,0,0,0,0,95.7409,98.274,1.66879,0,1,1.87066,1.87066,0,1.44475,2.1168,8.61469e+06,3.61194e+06,1.61152e+07,0,0,0,7.20693e+07
58.9166,85.139,0.957708,0.18,0.02,3.02056,3.02056,0,0.565848,4.47552,4.14526e+06,2.70226e+06,1.2521e+07,0,0,0,0,95.0667,98.274,1.773,0,1,1.87134,1.87134,0,1.44528,2.1168,8.61469e+06,3.61194e+06,1.6121e+07,0,0,0,7.20693e+07
56.8535,85.139,0.790584,0.17,0.02,3.02165,3.02165,0,0.566052,4.47552,4.14526e+06,2.70226e+06,1.25255e+07,0,0,0,0,94.669,98.274,1.42162,0,1,1.87201,1.87201,0,1.4458,2.1168,8.61469e+06,3.61194e+06,1.61268e+07,0,0,0,7.20693e+07
54.9477,85.139,0.913555,0.16,0.02,3.02274,3.02274,0,0.566256,4.47552,4.14526e+06,2.70226e+06,1.253e+07,0,0,0,0,93.9971,98.274,2.11325,0,1,1.87269,1.87269,0,1.44632,2.1168,8.61469e+06,3.61194e+06,1.61326e+07,0,0,0,7.20693e+07
52.941,85.139,0.706729,0.2,0.02,2.93157,2.93157,0,0.566461,4.47552,4.14526e+06,2.70226e+06,1.21521e+07,0,0,0,0,93.1844,98.274,1.48175,0,1,1.78323,1.78323,0,1.44684,2.1168,8.61469e+06,3.61194e+06,1.5362e+07,0,0,0,7.20693e+07
51.1653,85.139,0.905855,0.2,0.02,2.93262,2.93262,0,0.549375,4.47552,4.14526e+06,2.70226e+06,1.21565e+07,0,0,0,0,92.8664,98.274,1.51164,0,1,1.78387,1.78387,0,1.37772,2.1168,8.61469e+06,3.61194e+06,1.53675e+07,0,0,0,7.20693e+07
49.7142,85.139,1.25529,0.19,0.02,2.93368,2.93368,0,0.549573,4.47552,4.14526e+06,2.70226e+06,1.21609e+07,0,0,0,0,92.5711,98.274,2.4361,0,1,1.78452,1.78452,0,1.37822,2.1168,8.61469e+06,3.61194e+06,1.5373e+07,0,0,0,7.20693e+07
48.0971,85.139,1.09969,0.23,0.02,2.93474,2.93474,0,0.549772,4.47552,4.14526e+06,2.70226e+06,1.21652e+07,0,0,0,0,92.0047,98.274,1.69272,0,1,1.78516,1.78516,0,1.37872,2.1168,8.61469e+06,3.61194e+06,1.53786e+07,0,0,0,7.20693e+07
46.4338,85.139,0.988453,0.23,0.02,2.85996,2.85996,0,0.54997,4.47552,4.14526e+06,2.70226e+06,1.18553e+07,0,0,0,0,91.5913,98.274,1.60048,0,1,1.70364,1.70364,0,1.37921,2.1168,8.61469e+06,3.61194e+06,1.46763e+07,0,0,0,7.20693e+07
45.0658,85.139,1.22662,0.23,0.02,2.85035,2.86099,0,0.535956,4.47552,4.14526e+06,2.70226e+06,1.18154e+07,0,0,0,0,91.5089,98.274,1.47173,0,1,1.71489,1.70425,0,1.31623,2.1168,8.61469e+06,3.61194e+06,1.47733e+07,0,0,0,7.20693e+07
44.4034,85.139,1.93101,0.24,0.02,2.85199,2.86202,0,0.534155,4.47552,4.14526e+06,2.70226e+06,1.18222e+07,0,0,0,0,91.5674,98.274,2.64483,0,1,1.71489,1.70487,0,1.32493,2.1168,8.61469e+06,3.61194e+06,1.47733e+07,0,0,0,7.20693e+07
43.0939,85.139,1.24463,0.24,0.02,2.85364,2.86305,0,0.534463,4.47552,4.14526e+06,2.70226e+06,1.18291e+07,0,0,0,0,91.5419,98.274,2.24669,0,1,1.71489,1.70548,0,1.32493,2.1168,8.61469e+06,3.61194e+06,1.47733e+07,0,0,0,7.20693e+07
43.0467,85.139,2.47044,0.25,0.02,2.63958,2.64838,0,0.534772,4.47552,4.14526e+06,2.70226e+06,1.09418e+07,0,0,0,0,91.7491,98.274,2.5272,0,1,1.54352,1.53472,0,1.32493,2.1168,8.61469e+06,3.61194e+06,1.3297e+07,0,0,0,7.20693e+07
43.1868,85.139,2.57735,0.25,0.02,2.46978,2.64934,0,0.494658,4.47552,4.14526e+06,2.70226e+06,1.02379e+07,0,0,0,0,91.82,98.274,2.84338,0,1,1.71483,1.53528,0,1.19253,2.1168,8.61469e+06,3.61194e+06,1.47728e+07,0,0,0,7.20693e+07
41.8839,85.139,1.09881,0.27,0.02,2.47129,2.65029,0,0.462837,4.47552,4.14526e+06,2.70226e+06,1.02441e+07,0,0,0,0,91.8182,98.274,2.58911,0,1,1.71483,1.53583,0,1.32488,2.1168,8.61469e+06,3.61194e+06,1.47728e+07,0,0,0,7.20693e+07
40.9522,85.139,1.44548,0.26,0.02,2.4728,2.65125,0,0.46312,4.47552,4.14526e+06,2.70226e+06,1.02504e+07,0,0,0,0,91.9284,98.274,2.45253,0,1,1.71483,1.53638,0,1.32488,2.1168,8.61469e+06,3.61194e+06,1.47728e+07,0,0,0,7.20693e+07
42.7416,85.139,4.12758,0.27,0.02,2.4743,2.6522,0,0.463402,4.47552,4.14526e+06,2.70226e+06,1.02566e+07,0,0,0,0,92.6005,98.274,4.15287,0,1,1.71483,1.53694,0,1.32488,2.1168,8.61469e+06,3.61194e+06,1.47728e+07,0,0,0,7.20693e+07
43.5695,85.139,3.37518,0.29,0.02,2.5589,2.73625,0,0.463685,4.47552,4.14526e+06,2.70226e+06,1.06073e+07,0,0,0,0,92.9867,98.274,3.64453,0,1,1.76453,1.58719,0,1.32488,2.1168,8.61469e+06,3.61194e+06,1.52009e+07,0,0,0,7.20693e+07
44.6354,85.139,3.5546,0.29,0.02,2.4348,2.7372,0,0.479539,4.47552,4.14526e+06,2.70226e+06,1.00929e+07,0,0,0,0,93.8135,98.274,4.89426,0,1,1.89014,1.58774,0,1.36328,2.96352,8.61469e+06,3.61194e+06,1.6283e+07,0,0,0,7.20693e+07
45.7916,85.139,3.64561,0.31,0.02,2.43575,2.73815,0,0.456281,4.47552,4.14526e+06,2.70226e+06,1.00968e+07,0,0,0,0,94.6063,98.274,4.57453,0,1,1.89069,1.58829,0,1.46032,2.96352,8.61469e+06,3.61194e+06,1.62877e+07,0,0,0,7.20693e+07
47.176,85.139,3.96129,0.28,0.02,2.43669,2.73909,0,0.456459,4.47552,4.14526e+06,2.70226e+06,1.01007e+07,0,0,0,0,95.1883,98.274,4.13103,0,1,1.89124,1.58884,0,1.46075,2.96352,8.61469e+06,3.61194e+06,1.62924e+07,0,0,0,7.20693e+07
48.355,85.139,3.9291,0.3,0.02,2.7049,3.0073,0,0.456637,4.47552,4.14526e+06,2.70226e+06,1.12125e+07,0,0,0,0,95.6792,98.274,4.16829,0,1,2.07867,1.77627,0,1.46117,2.96352,8.61469e+06,3.61194e+06,1.79071e+07,0,0,0,7.20693e+07
49.258,85.139,3.6513,0.33,0.02,2.70594,3.00834,0,0.506899,4.47552,4.14526e+06,2.70226e+06,1.12168e+07,0,0,0,0,95.9441,98.274,3.433,0,1,2.07928,1.77688,0,1.60598,2.96352,8.61469e+06,3.61194e+06,1.79124e+07,0,0,0,7.20693e+07
52.0839,85.139,5.69339,0.35,0.02,2.70699,3.00939,0,0.507094,4.47552,4.14526e+06,2.70226e+06,1.12212e+07,0,0,0,0,96.7796,98.274,5.25272,0,1,2.0799,1.7775,0,1.60646,2.96352,8.61469e+06,3.61194e+06,1.79177e+07,0,0,0,7.20693e+07
53.7006,85.139,4.4685,0.31,0.02,2.70803,3.01043,0,0.507289,4.47552,4.14526e+06,2.70226e+06,1.12255e+07,0,0,0,0,97.1385,98.274,4.24857,0,1,2.08052,1.77812,0,1.60693,2.96352,8.61469e+06,3.61194e+06,1.7923e+07,0,0,0,7.20693e+07
54.4059,85.139,3.21945,0.32,0.02,2.32735,2.62975,0,0.507485,4.47552,4.14526e+06,2.70226e+06,9.64746e+06,0,0,0,0,97.1302,98.274,2.76465,0,1,1.82999,1.52759,0,1.60741,2.96352,8.61469e+06,3.61194e+06,1.57648e+07,0,0,0,7.20693e+07
56.0112,85.139,4.20645,0.33,0.02,2.32826,2.63066,0,0.436145,4.47552,4.14526e+06,2.70226e+06,9.65124e+06,0,0,0,0,97.765,98.274,3.50159,0,1,1.83052,1.52812,0,1.41385,2.96352,8.61469e+06,3.61194e+06,1.57694e+07,0,0,0,7.20693e+07
57.6588,85.139,4.28423,0.36,0.02,2.32917,2.63157,0,0.436316,4.47552,4.14526e+06,2.70226e+06,9.65501e+06,0,0,0,0,98.3885,98.274,3.446,0,1,1.83105,1.52865,0,1.41426,2.96352,8.61469e+06,3.61194e+06,1.57739e+07,0,0,0,7.20693e+07
61.712,85.139,6.88064,0.33,0.02,2.33008,2.63248,0,0.436487,4.47552,4.14526e+06,2.70226e+06,9.65879e+06,0,0,0,0,99.3022,98.274,5.27541,0,1,1.83158,1.52918,0,1.41467,2.96352,8.61469e+06,3.61194e+06,1.57785e+07,0,0,0,7.20693e+07
65.2335,85.139,6.37283,0.38,0.02,2.33099,2.63339,0,0.436658,4.47552,4.14526e+06,2.70226e+06,9.66257e+06,0,0,0,0,99.3022,98.274,7.47741,0,1,1.83211,1.52971,0,1.41508,2.96352,8.61469e+06,3.61194e+06,1.5783e+07,0,0,0,7.20693e+07
68.4844,85.139,6.40148,0.32,0.02,2.42816,2.73056,0,0.436828,4.47552,4.14526e+06,2.70226e+06,1.00653e+07,0,0,0,0,99.3022,98.274,5.0097,0,1,1.89418,1.59178,0,1.41549,2.96352,8.61469e+06,3.61194e+06,1.63178e+07,0,0,0,7.20693e+07
68.9827,85.139,3.34903,0.28,0.02,2.4291,2.7315,0,0.455037,4.47552,4.14526e+06,2.70226e+06,1.00693e+07,0,0,0,0,99.3022,98.274,3.12753,0,1,1.89473,1.59233,0,1.46345,2.96352,8.61469e+06,3.61194e+06,1.63225e+07,0,0,0,7.20693e+07
70.6536,85.139,4.73104,0.29,0.02,2.43005,2.73245,0,0.455214,4.47552,4.14526e+06,2.70226e+06,1.00732e+07,0,0,0,0,99.3022,98.274,5.67908,0,1,1.89529,1.59289,0,1.46387,2.96352,8.61469e+06,3.61194e+06,1.63273e+07,0,0,0,7.20693e+07
70.9754,85.139,3.16602,0.3,0.02,2.43099,2.73339,0,0.455391,4.47552,4.14526e+06,2.70226e+06,1.00771e+07,0,0,0,0,99.15,98.274,2.9952,0,1,1.89584,1.59344,0,1.4643,2.96352,8.61469e+06,3.61194e+06,1.6332e+07,0,0,0,7.20693e+07
70.9475,85.139,2.73236,0.32,0.02,2.39425,2.69665,0,0.455568,4.47552,4.14526e+06,2.70226e+06,9.9248e+06,0,0,0,0,99.3022,98.274,2.65521,0,1,1.87245,1.57005,0,1.46472,2.96352,8.61469e+06,3.61194e+06,1.61306e+07,0,0,0,7.20693e+07
70.4621,85.139,2.29146,0.32,0.02,2.39519,2.69759,0,0.448683,4.47552,4.14526e+06,2.70226e+06,9.92867e+06,0,0,0,0,99.3022,98.274,2.90813,0,1,1.873,1.5706,0,1.44666,2.96352,8.61469e+06,3.61194e+06,1.61353e+07,0,0,0,7.20693e+07
70.0452,85.139,2.35001,0.31,0.02,2.39612,2.69852,0,0.448858,4.47552,4.14526e+06,2.70226e+06,9.93254e+06,0,0,0,0,99.3022,98.274,2.87811,0,1,1.87354,1.57114,0,1.44708,2.96352,8.61469e+06,3.61194e+06,1.61399e+07,0,0,0,7.20693e+07
70.4601,85.139,3.21726,0.31,0.02,2.39705,2.69945,0,0.449033,4.47552,4.14526e+06,2.70226e+06,9.93641e+06,0,0,0,0,99.3022,98.274,3.16502,0,1,1.87408,1.57168,0,1.4475,2.96352,8.61469e+06,3.61194e+06,1.61446e+07,0,0,0,7.20693e+07
69.7128,85.139,2.0708,0.28,0.02,2.52609,2.82849,0,0.449208,4.47552,4.14526e+06,2.70226e+06,1.04713e+07,0,0,0,0,99.2662,98.274,2.65454,0,1,1.95963,1.65723,0,1.44792,2.96352,8.61469e+06,3.61194e+06,1.68816e+07,0,0,0,7.20693e+07
69.0824,85.139,2.12732,0.25,0.02,2.52706,2.82946,0,0.473389,4.47552,4.14526e+06,2.70226e+06,1.04753e+07,0,0,0,0,99.3022,98.274,2.7835,0,1,1.9602,1.6578,0,1.51401,2.96352,8.61469e+06,3.61194e+06,1.68865e+07,0,0,0,7.20693e+07
68.3206,85.139,1.96812,0.23,0.02,2.52804,2.83044,0,0.473572,4.47552,4.14526e+06,2.70226e+06,1.04794e+07,0,0,0,0,99.3022,98.274,2.82441,0,1,1.96077,1.65837,0,1.51445,2.96352,8.61469e+06,3.61194e+06,1.68915e+07,0,0,0,7.20693e+07
67.3931,85.139,1.78629,0.18,0.02,2.52902,2.83142,0,0.473755,4.47552,4.14526e+06,2.70226e+06,1.04834e+07,0,0,0,0,99.2284,98.274,2.51776,0,1,1.96135,1.65895,0,1.51489,2.96352,8.61469e+06,3.61194e+06,1.68964e+07,0,0,0,7.20693e+07
66.394,85.139,1.67765,0.32,0.02,2.53,2.8324,0,0.473939,4.47552,4.14526e+06,2.70226e+06,1.04875e+07,0,0,0,0,99.0731,98.274,2.35124,0,1,1.96192,1.65952,0,1.51534,2.96352,8.61469e+06,3.61194e+06,1.69013e+07,0,0,0,7.20693e+07
65.5441,85.139,1.79335,0.28,0.02,2.5056,2.808,0,0.474122,4.47552,4.14526e+06,2.70226e+06,1.03864e+07,0,0,0,0,99.082,98.274,2.87103,0,1,2.00929,1.70689,0,1.51578,2.96352,8.61469e+06,3.61194e+06,1.73094e+07,0,0,0,7.20693e+07
64.9463,85.139,2.03621,0.24,0.02,2.50657,2.80897,0,0.46955,4.47552,4.14526e+06,2.70226e+06,1.03904e+07,0,0,0,0,99.3022,98.274,3.80732,0,1,2.00988,1.70748,0,1.55238,2.96352,8.61469e+06,3.61194e+06,1.73145e+07,0,0,0,7.20693e+07
64.2925,85.139,1.96751,0.2,0.02,2.50754,2.80994,0,0.469732,4.47552,4.14526e+06,2.70226e+06,1.03944e+07,0,0,0,0,99.3022,98.274,3.74757,0,1,2.01047,1.70807,0,1.55284,2.96352,8.61469e+06,3.61194e+06,1.73196e+07,0,0,0,7.20693e+07
63.4706,85.139,1.76012,0.16,0.02,2.50851,2.81091,0,0.469914,4.47552,4.14526e+06,2.70226e+06,1.03984e+07,0,0,0,0,99.3022,98.274,3.47633,0,1,2.01106,1.70866,0,1.55329,2.96352,8.61469e+06,3.61194e+06,1.73247e+07,0,0,0,7.20693e+07
62.5004,85.139,1.64812,0.16,0.02,2.57511,2.87751,0,0.470096,4.47552,4.14526e+06,2.70226e+06,1.06745e+07,0,0,0,0,99.3022,98.274,3.51547,0,1,2.05342,1.75102,0,1.55375,2.96352,8.61469e+06,3.61194e+06,1.76896e+07,0,0,0,7.20693e+07
61.4725,85.139,1.56891,0.15,0.02,2.5761,2.8785,0,0.482575,4.47552,4.14526e+06,2.70226e+06,1.06786e+07,0,0,0,0,99.3022,98.274,3.24048,0,1,2.05403,1.75163,0,1.58647,2.96352,8.61469e+06,3.61194e+06,1.76948e+07,0,0,0,7.20693e+07
60.3774,85.139,1.47977,0.2,0.02,2.5771,2.8795,0,0.482762,4.47552,4.14526e+06,2.70226e+06,1.06827e+07,0,0,0,0,99.2196,98.274,3.34605,0,1,2.05463,1.75223,0,1.58694,2.96352,8.61469e+06,3.61194e+06,1.77e+07,0,0,0,7.20693e+07
59.2022,85.139,1.38491,0.19,0.02,2.57809,2.88049,0,0.482948,4.47552,4.14526e+06,2.70226e+06,1.06869e+07,0,0,0,0,99.0723,98.274,3.05831,0,1,2.05524,1.75284,0,1.58741,2.96352,8.61469e+06,3.61194e+06,1.77052e+07,0,0,0,7.20693e+07
57.87,85.139,1.36079,0.2,0.02,2.77153,3.07393,0,0.483134,4.47552,4.14526e+06,2.70226e+06,1.14887e+07,0,0,0,0,98.9661,98.274,3.29077,0,1,2.20681,1.90441,0,1.58788,2.96352,8.61469e+06,3.61194e+06,1.90109e+07,0,0,0,7.20693e+07
56.3516,85.139,1.13176,0.21,0.02,2.77259,3.07499,0,0.519384,4.47552,4.14526e+06,2.70226e+06,1.14931e+07,0,0,0,0,98.8616,98.274,3.10563,0,1,2.20746,1.90506,0,1.70498,2.96352,8.61469e+06,3.61194e+06,1.90166e+07,0,0,0,7.20693e+07
54.3417,85.139,0.796418,0.23,0.02,3.02128,3.07605,0,0.519583,4.47552,4.14526e+06,2.83673e+06,1.2524e+07,0,0,0,0,98.7899,98.274,2.64728,1,1,1.87179,1.90572,0,1.70549,2.96352,8.61469e+06,3.79168e+06,1.61249e+07,0,0,0,7.20693e+07
52.3729,85.139,0.80672,0.23,0.02,3.02232,3.07711,0,0.566188,4.47552,4.14526e+06,2.83673e+06,1.25283e+07,0,0,0,0,98.6868,98.274,2.55237,1,1,1.87243,1.90638,0,1.44614,2.96352,8.61469e+06,3.79168e+06,1.61304e+07,0,0,0,7.20693e+07
50.7938,85.139,1.19017,0.22,0.02,3.02337,3.07817,0,0.566383,4.47552,4.14526e+06,2.83673e+06,1.25326e+07,0,0,0,0,98.7157,98.274,3.03636,1,1,1.87308,1.90704,0,1.44664,2.96352,8.61469e+06,3.79168e+06,1.6136e+07,0,0,0,7.20693e+07
49.8093,85.139,1.55917,0.25,0.02,2.68289,2.98529,0,0.566579,4.47552,4.14526e+06,2.70226e+06,1.11212e+07,0,0,0,0,98.6382,98.274,3.0583,0,1,2.11831,1.81591,0,1.44714,2.96352,8.61469e+06,3.61194e+06,1.82486e+07,0,0,0,7.20693e+07
48.709,85.139,1.42472,0.24,0.02,2.68392,2.98632,0,0.502773,4.47552,4.14526e+06,2.70226e+06,1.11255e+07,0,0,0,0,98.8322,98.274,2.39711,0,1,2.11893,1.81653,0,1.6366,2.96352,8.61469e+06,3.61194e+06,1.82539e+07,0,0,0,7.20693e+07
47.4016,85.139,1.19405,0.24,0.02,2.68494,2.98734,0,0.502966,4.47552,4.14526e+06,2.70226e+06,1.11298e+07,0,0,0,0,99.0317,98.274,3.67901,0,1,2.11956,1.81716,0,1.63709,2.96352,8.61469e+06,3.61194e+06,1.82593e+07,0,0,0,7.20693e+07
45.9471,85.139,1.02692,0.23,0.02,2.68598,2.98838,0,0.503159,4.47552,4.14526e+06,2.70226e+06,1.11341e+07,0,0,0,0,98.7531,98.274,2.02911,0,1,2.12019,1.81779,0,1.63757,2.96352,8.61469e+06,3.61194e+06,1.82647e+07,0,0,0,7.20693e+07
44.7086,85.139,1.19106,0.23,0.02,2.60978,2.91218,0,0.503352,4.47552,4.14526e+06,2.70226e+06,1.08182e+07,0,0,0,0,98.4988,98.274,2.07681,0,1,2.03715,1.73475,0,1.63806,2.96352,8.61469e+06,3.61194e+06,1.75494e+07,0,0,0,7.20693e+07
43.6401,85.139,1.44201,0.25,0.02,2.61079,2.91319,0,0.489073,4.47552,4.14526e+06,2.70226e+06,1.08224e+07,0,0,0,0,98.668,98.274,2.21141,0,1,2.03775,1.73535,0,1.5739,2.96352,8.61469e+06,3.61194e+06,1.75546e+07,0,0,0,7.20693e+07
43.6904,85.139,2.59674,0.25,0.02,2.61179,2.91419,0,0.489261,4.47552,4.14526e+06,2.70226e+06,1.08265e+07,0,0,0,0,99.3022,98.274,4.05017,0,1,2.03834,1.73594,0,1.57436,2.96352,8.61469e+06,3.61194e+06,1.75597e+07,0,0,0,7.20693e+07
46.253,85.139,5.29846,0.25,0.02,2.6128,2.9152,0,0.48945,4.47552,4.14526e+06,2.70226e+06,1.08307e+07,0,0,0,0,99.3022,98.274,8.12104,0,1,2.03894,1.73654,0,1.57483,2.96352,8.61469e+06,3.61194e+06,1.75649e+07,0,0,0,7.20693e+07
48.0696,85.139,4.29115,0.22,0.02,2.39418,2.69658,0,0.489638,4.47552,4.14526e+06,2.70226e+06,9.92448e+06,0,0,0,0,99.3022,98.274,6.10079,0,1,1.86505,1.56265,0,1.57529,2.96352,8.61469e+06,3.61194e+06,1.60668e+07,0,0,0,7.20693e+07
48.4123,85.139,2.80026,0.23,0.02,2.39511,2.69751,0,0.448669,4.47552,4.14526e+06,2.70226e+06,9.92833e+06,0,0,0,0,99.3022,98.274,4.40395,0,1,1.86559,1.56319,0,1.44094,2.96352,8.61469e+06,3.61194e+06,1.60715e+07,0,0,0,7.20693e+07
52.3052,85.139,6.58715,0.22,0.02,2.39604,2.69844,0,0.448843,4.47552,4.14526e+06,2.70226e+06,9.93218e+06,0,0,0,0,99.3022,98.274,7.23354,0,1,1.86613,1.56373,0,1.44135,2.96352,8.61469e+06,3.61194e+06,1.60761e+07,0,0,0,7.20693e+07
54.724,85.139,5.10471,0.21,0.02,2.39697,2.69937,0,0.449017,4.47552,4.14526e+06,2.70226e+06,9.93604e+06,0,0,0,0,99.3022,98.274,4.04764,0,1,1.86667,1.56427,0,1.44177,2.96352,8.61469e+06,3.61194e+06,1.60808e+07,0,0,0,7.20693e+07
56.4277,85.139,4.43657,0.21,0.02,2.3979,2.7003,0,0.449191,4.47552,4.14526e+06,2.70226e+06,9.93989e+06,0,0,0,0,99.3022,98.274,4.92127,0,1,1.86721,1.56481,0,1.44219,2.96352,8.61469e+06,3.61194e+06,1.60854e+07,0,0,0,7.20693e+07
58.1345,85.139,4.51146,0.23,0.02,2.3979,2.7003,0,0.449366,4.47552,4.14526e+06,2.70226e+06,9.93989e+06,0,0,0,0,99.3022,98.274,6.22371,0,1,1.86721,1.56481,0,1.4426,2.96352,8.61469e+06,3.61194e+06,1.60854e+07,0,0,0,7.20693e+07
60.7095,85.139,5.57306,0.22,0.04,2.48342,2.78582,0,0.449366,4.47552,4.14526e+06,2.70226e+06,1.02944e+07,0,0,0,0,99.3022,98.274,7.41783,0,0,1.91834,1.61594,0,1.4426,2.96352,8.61469e+06,3.61194e+06,1.65259e+07,0,0,0,7.20693e+07
62.1514,85.139,4.33716,0.23,0.04,2.48435,2.78675,0,0.465393,4.47552,4.14526e+06,2.70226e+06,1.02983e+07,0,0,0,0,99.3022,98.274,5.56175,0,0,1.91888,1.61648,0,1.48211,2.96352,8.61469e+06,3.61194e+06,1.65306e+07,0,0,0,7.20693e+07
63.1977,85.139,3.91593,0.24,0.04,2.48527,2.78767,0,0.465566,4.47552,4.14526e+06,2.70226e+06,1.03021e+07,0,0,0,0,99.3022,98.274,5.1544,0,0,1.91942,1.61702,0,1.48253,2.96352,8.61469e+06,3.61194e+06,1.65352e+07,0,0,0,7.20693e+07
64.7185,85.139,4.41085,0.18,0.04,2.48619,2.78859,0,0.465739,4.47552,4.14526e+06,2.70226e+06,1.03059e+07,0,0,0,0,99.3022,98.274,5.59326,0,0,1.91995,1.61755,0,1.48294,2.96352,8.61469e+06,3.61194e+06,1.65398e+07,0,0,0,7.20693e+07
65.9336,85.139,4.3558,0.2,0.04,2.7592,3.0616,0,0.465912,4.47552,4.14526e+06,2.70226e+06,1.14376e+07,0,0,0,0,99.3022,98.274,5.518,0,0,2.11074,1.80834,0,1.48335,2.96352,8.61469e+06,3.61194e+06,1.81834e+07,0,0,0,7.20693e+07
67.1587,85.139,4.4244,0.19,0.04,2.76021,3.06261,0,0.517074,4.47552,4.14526e+06,2.70226e+06,1.14418e+07,0,0,0,0,99.3022,98.274,5.77276,0,0,2.11134,1.80894,0,1.63076,2.96352,8.61469e+06,3.61194e+06,1.81885e+07,0,0,0,7.20693e+07
68.4472,85.139,4.50883,0.2,0.04,2.76123,3.06363,0,0.517264,4.47552,4.14526e+06,2.70226e+06,1.1446e+07,0,0,0,0,99.3022,98.274,5.23035,0,0,2.11194,1.80954,0,1.63122,2.96352,8.61469e+06,3.61194e+06,1.81937e+07,0,0,0,7.20693e+07
69.9588,85.139,4.73965,0.16,0.04,2.76224,3.06464,0,0.517454,4.47552,4.14526e+06,2.70226e+06,1.14502e+07,0,0,0,0,99.3022,98.274,6.34974,0,0,2.11254,1.81014,0,1.63168,2.96352,8.61469e+06,3.61194e+06,1.81988e+07,0,0,0,7.20693e+07
72.7945,85.139,5.7971,0.18,0.04,2.37466,2.67706,0,0.517644,4.47552,4.14526e+06,2.70226e+06,9.84359e+06,0,0,0,0,99.3022,98.274,6.00416,0,0,1.85748,1.55508,0,1.63215,2.96352,8.61469e+06,3.61194e+06,1.60016e+07,0,0,0,7.20693e+07
74.88,85.139,5.02029,0.18,0.04,2.37555,2.67795,0,0.445012,4.47552,4.14526e+06,2.70226e+06,9.84727e+06,0,0,0,0,99.3022,98.274,5.44133,0,0,1.85799,1.55559,0,1.43509,2.96352,8.61469e+06,3.61194e+06,1.6006e+07,0,0,0,7.20693e+07
78.609,85.139,6.86289,0.15,0.04,2.37644,2.67884,0,0.445178,4.47552,4.14526e+06,2.70226e+06,9.85094e+06,0,0,0,0,99.3022,98.274,7.70422,0,0,1.85851,1.55611,0,1.43548,2.96352,8.61469e+06,3.61194e+06,1.60104e+07,0,0,0,7.20693e+07
83.8924,85.139,8.59769,0.18,0.04,2.37732,2.67972,0,0.445344,4.47552,4.14526e+06,2.70226e+06,9.85461e+06,0,0,0,0,99.3022,98.274,8.97327,0,0,1.85902,1.55662,0,1.43588,2.96352,8.61469e+06,3.61194e+06,1.60149e+07,0,0,0,7.20693e+07
85.139,85.139,7.56771,0.14,0.04,2.37821,2.68061,0,0.44551,4.47552,4.14526e+06,2.70226e+06,9.85829e+06,0,0,0,0,99.3022,98.274,7.51111,0,0,1.85954,1.55714,0,1.43628,2.96352,8.61469e+06,3.61194e+06,1.60193e+07,0,0,0,7.20693e+07
85.139,85.139,7.11849,0.1,0.04,2.47707,2.77947,0,0.445676,4.47552,4.14526e+06,2.70226e+06,1.02681e+07,0,0,0,0,99.3022,98.274,7.71363,0,0,1.9227,1.6203,0,1.43668,2.96352,8.61469e+06,3.61194e+06,1.65634e+07,0,0,0,7.20693e+07
85.139,85.139,5.42767,0.1,0.04,2.47799,2.78039,0,0.464203,4.47552,4.14526e+06,2.70226e+06,1.02719e+07,0,0,0,0,99.3022,98.274,5.98841,0,0,1.92323,1.62083,0,1.48548,2.96352,8.61469e+06,3.61194e+06,1.65681e+07,0,0,0,7.20693e+07
85.139,85.139,4.40586,0.1,0.04,2.47891,2.78131,0,0.464376,4.47552,4.14526e+06,2.70226e+06,1.02757e+07,0,0,0,0,99.3022,98.274,4.78796,0,0,1.92377,1.62137,0,1.48589,2.96352,8.61469e+06,3.61194e+06,1.65727e+07,0,0,0,7.20693e+07
85.139,85.139,3.99431,0.1,0.04,2.47983,2.78223,0,0.464548,4.47552,4.14526e+06,2.70226e+06,1.02795e+07,0,0,0,0,99.3022,98.274,4.30279,0,0,1.92431,1.62191,0,1.4863,2.96352,8.61469e+06,3.61194e+06,1.65773e+07,0,0,0,7.20693e+07
85.139,85.139,4.81492,0.09,0.04,2.44239,2.74479,0,0.46472,4.47552,4.14526e+06,2.70226e+06,1.01243e+07,0,0,0,0,99.3022,98.274,4.48724,0,0,1.90048,1.59808,0,1.48672,2.96352,8.61469e+06,3.61194e+06,1.6372e+07,0,0,0,7.20693e+07
85.139,85.139,4.16981,0.09,0.04,2.4433,2.7457,0,0.457704,4.47552,4.14526e+06,2.70226e+06,1.01281e+07,0,0,0,0,99.3022,98.274,4.10016,0,0,1.90101,1.59861,0,1.46831,2.96352,8.61469e+06,3.61194e+06,1.63766e+07,0,0,0,7.20693e+07
85.139,85.139,3.71151,0.09,0.04,2.44421,2.74661,0,0.457874,4.47552,4.14526e+06,2.70226e+06,1.01319e+07,0,0,0,0,99.3022,98.274,3.59409,0,0,1.90154,1.59914,0,1.46872,2.96352,8.61469e+06,3.61194e+06,1.63811e+07,0,0,0,7.20693e+07
85.139,85.139,3.42232,0.09,0.04,2.44512,2.74752,0,0.458044,4.47552,4.14526e+06,2.70226e+06,1.01356e+07,0,0,0,0,99.3022,98.274,3.33018,0,0,1.90206,1.59966,0,1.46913,2.96352,8.61469e+06,3.61194e+06,1.63857e+07,0,0,0,7.20693e+07
85.139,85.139,3.06607,0.07,0.04,2.5764,2.8788,0,0.458215,4.47552,4.14526e+06,2.70226e+06,1.06798e+07,0,0,0,0,99.3022,98.274,3.43435,0,0,1.98911,1.68671,0,1.46953,2.96352,8.61469e+06,3.61194e+06,1.71355e+07,0,0,0,7.20693e+07
85.139,85.139,2.87057,0.07,0.04,2.57735,2.87975,0,0.482817,4.47552,4.14526e+06,2.70226e+06,1.06838e+07,0,0,0,0,99.3022,98.274,3.32308,0,0,1.98967,1.68727,0,1.53678,2.96352,8.61469e+06,3.61194e+06,1.71403e+07,0,0,0,7.20693e+07
84.9004,85.139,2.60506,0.06,0.04,2.5783,2.8807,0,0.482996,4.47552,4.14526e+06,2.70226e+06,1.06877e+07,0,0,0,0,99.2076,98.274,2.76458,0,0,1.99022,1.68782,0,1.53722,2.96352,8.61469e+06,3.61194e+06,1.71451e+07,0,0,0,7.20693e+07
84.3909,85.139,2.31445,0.08,0.04,2.57925,2.88165,0,0.483174,4.47552,4.14526e+06,2.70226e+06,1.06917e+07,0,0,0,0,99.272,98.274,2.45327,0,0,1.99078,1.68838,0,1.53765,2.96352,8.61469e+06,3.61194e+06,1.715e+07,0,0,0,7.20693e+07
83.6212,85.139,2.02911,0.08,0.04,2.58021,2.88261,0,0.483352,4.47552,4.14526e+06,2.70226e+06,1.06956e+07,0,0,0,0,99.2651,98.274,2.60415,0,0,1.99134,1.68894,0,1.53808,2.96352,8.61469e+06,3.61194e+06,1.71548e+07,0,0,0,7.20693e+07
82.6096,85.139,1.74104,0.06,0.04,2.55533,2.85773,0,0.483531,4.47552,4.14526e+06,2.70226e+06,1.05925e+07,0,0,0,0,99.1991,98.274,2.98669,0,0,2.03952,1.73712,0,1.53851,2.96352,8.61469e+06,3.61194e+06,1.75699e+07,0,0,0,7.20693e+07
81.4527,85.139,1.58756,0.05,0.04,2.55628,2.85868,0,0.478869,4.47552,4.14526e+06,2.70226e+06,1.05964e+07,0,0,0,0,99.0901,98.274,2.74045,0,0,2.0401,1.7377,0,1.57574,2.96352,8.61469e+06,3.61194e+06,1.75748e+07,0,0,0,7.20693e+07
80.1862,85.139,1.44998,0.03,0.04,2.55722,2.85962,0,0.479046,4.47552,4.14526e+06,2.70226e+06,1.06003e+07,0,0,0,0,98.9241,98.274,2.62683,0,0,2.04067,1.73827,0,1.57618,2.96352,8.61469e+06,3.61194e+06,1.75798e+07,0,0,0,7.20693e+07
78.8734,85.139,1.36369,0.02,0.04,2.55816,2.86056,0,0.479223,4.47552,4.14526e+06,2.70226e+06,1.06042e+07,0,0,0,0,98.6031,98.274,2.53717,0,0,2.04125,1.73885,0,1.57662,2.96352,8.61469e+06,3.61194e+06,1.75847e+07,0,0,0,7.20693e+07
77.3438,85.139,1.17586,0.07,0.04,2.62589,2.92829,0,0.4794,4.47552,4.14526e+06,2.70226e+06,1.0885e+07,0,0,0,0,98.2795,98.274,2.1216,0,0,2.08432,1.78192,0,1.57707,2.96352,8.61469e+06,3.61194e+06,1.79558e+07,0,0,0,7.20693e+07
75.8065,85.139,1.17846,0.06,0.04,2.62686,2.92926,0,0.492092,4.47552,4.14526e+06,2.70226e+06,1.0889e+07,0,0,0,0,97.882,98.274,2.13761,0,0,2.08491,1.78251,0,1.61035,2.96352,8.61469e+06,3.61194e+06,1.79609e+07,0,0,0,7.20693e+07
74.2089,85.139,1.09116,0.06,0.04,2.62782,2.93022,0,0.492273,4.47552,4.14526e+06,2.70226e+06,1.0893e+07,0,0,0,0,97.2608,98.274,2.04622,0,0,2.0855,1.7831,0,1.6108,2.96352,8.61469e+06,3.61194e+06,1.79659e+07,0,0,0,7.20693e+07
72.53,85.139,0.993525,0.07,0.04,2.62879,2.93119,0,0.492454,4.47552,4.14526e+06,2.70226e+06,1.0897e+07,0,0,0,0,96.8719,98.274,1.80786,0,0,2.08609,1.78369,0,1.61126,2.96352,8.61469e+06,3.61194e+06,1.7971e+07,0,0,0,7.20693e+07
70.796,85.139,1.0859,0.11,0.04,2.82558,3.12798,0,0.492635,4.47552,4.14526e+06,2.70226e+06,1.17128e+07,0,0,0,0,96.4507,98.274,2.23391,0,0,2.2403,1.9379,0,1.61171,2.96352,8.61469e+06,3.61194e+06,1.92994e+07,0,0,0,7.20693e+07
69.0824,85.139,1.12262,0.11,0.04,2.82662,3.12902,0,0.529514,4.47552,4.14526e+06,2.70226e+06,1.17171e+07,0,0,0,0,95.7625,98.274,2.17283,0,0,2.24093,1.93853,0,1.73085,2.96352,8.61469e+06,3.61194e+06,1.9305e+07,0,0,0,7.20693e+07
67.1781,85.139,0.91675,0.12,0.04,2.82765,3.13005,0,0.529708,4.47552,4.14526e+06,2.70226e+06,1.17213e+07,0,0,0,0,95.2394,98.274,1.54999,0,0,2.24157,1.93917,0,1.73135,2.96352,8.61469e+06,3.61194e+06,1.93105e+07,0,0,0,7.20693e+07
65.4936,85.139,1.11394,0.15,0.04,2.82868,3.13108,0,0.529901,4.47552,4.14526e+06,2.70226e+06,1.17256e+07,0,0,0,0,94.9264,98.274,2.7917,0,0,2.24221,1.93981,0,1.73184,2.96352,8.61469e+06,3.61194e+06,1.9316e+07,0,0,0,7.20693e+07
63.5577,85.139,0.842017,0.15,0.04,2.82971,3.13211,0,0.530095,4.47552,4.14526e+06,2.70226e+06,1.17299e+07,0,0,0,0,94.4724,98.274,1.91715,0,0,2.24285,1.94045,0,1.73233,2.96352,8.61469e+06,3.61194e+06,1.93215e+07,0,0,0,7.20693e+07
62.1232,85.139,1.27647,0.15,0.04,2.73515,3.03755,0,0.530288,4.47552,4.14526e+06,2.70226e+06,1.13379e+07,0,0,0,0,94.284,98.274,3.19444,0,0,2.1501,1.8477,0,1.73283,2.96352,8.61469e+06,3.61194e+06,1.85224e+07,0,0,0,7.20693e+07
60.1537,85.139,0.74464,0.19,0.04,2.73615,3.03855,0,0.512567,4.47552,4.14526e+06,2.70226e+06,1.13421e+07,0,0,0,0,93.7378,98.274,2.14551,0,0,2.15071,1.84831,0,1.66117,2.96352,8.61469e+06,3.61194e+06,1.85277e+07,0,0,0,7.20693e+07
58.156,85.139,0.664455,0.19,0.04,2.73715,3.03955,0,0.512755,4.47552,4.14526e+06,2.70226e+06,1.13462e+07,0,0,0,0,93.322,98.274,1.76583,0,0,2.15132,1.84892,0,1.66164,2.96352,8.61469e+06,3.61194e+06,1.85329e+07,0,0,0,7.20693e+07
57.123,85.139,1.70389,0.2,0.04,2.73816,3.04056,0,0.512943,4.47552,4.14526e+06,2.70226e+06,1.13504e+07,0,0,0,0,93.2605,98.274,4.17271,0,0,2.15193,1.84953,0,1.66211,2.96352,8.61469e+06,3.61194e+06,1.85382e+07,0,0,0,7.20693e+07
55.9166,85.139,1.53692,0.19,0.04,2.66059,2.96299,0,0.51313,4.47552,4.14526e+06,2.70226e+06,1.10288e+07,0,0,0,0,93.3165,98.274,3.15994,0,0,2.06741,1.76501,0,1.66258,2.96352,8.61469e+06,3.61194e+06,1.78101e+07,0,0,0,7.20693e+07
54.3516,85.139,1.13618,0.23,0.04,2.66156,2.96396,0,0.498594,4.47552,4.14526e+06,2.70226e+06,1.10329e+07,0,0,0,0,93.2436,98.274,2.67771,0,0,2.06799,1.76559,0,1.59728,2.96352,8.61469e+06,3.61194e+06,1.78151e+07,0,0,0,7.20693e+07
54.8529,85.139,3.19777,0.21,0.04,2.66254,2.96494,0,0.498777,4.47552,4.14526e+06,2.70226e+06,1.10369e+07,0,0,0,0,93.6895,98.274,4.37993,0,0,2.06858,1.76618,0,1.59773,2.96352,8.61469e+06,3.61194e+06,1.78201e+07,0,0,0,7.20693e+07
57.1744,85.139,5.19957,0.21,0.04,2.66352,2.96592,0,0.49896,4.47552,4.14526e+06,2.70226e+06,1.1041e+07,0,0,0,0,94.7743,98.274,6.37794,0,0,2.06916,1.76676,0,1.59818,2.96352,8.61469e+06,3.61194e+06,1.78251e+07,0,0,0,7.20693e+07
57.6452,85.139,3.12328,0.17,0.04,2.44105,2.74345,0,0.499143,4.47552,4.14526e+06,2.70226e+06,1.01188e+07,0,0,0,0,95.4141,98.274,4.5119,0,0,1.89222,1.58982,0,1.59863,2.96352,8.61469e+06,3.61194e+06,1.63008e+07,0,0,0,7.20693e+07
58.621,85.139,3.65741,0.19,0.04,2.44196,2.74436,0,0.457453,4.47552,4.14526e+06,2.70226e+06,1.01225e+07,0,0,0,0,95.8875,98.274,4.64734,0,0,1.89274,1.59034,0,1.46193,2.96352,8.61469e+06,3.61194e+06,1.63054e+07,0,0,0,7.20693e+07
58.8767,85.139,2.95208,0.19,0.04,2.44286,2.74526,0,0.457623,4.47552,4.14526e+06,2.70226e+06,1.01263e+07,0,0,0,0,96.3209,98.274,4.76133,0,0,1.89326,1.59086,0,1.46233,2.96352,8.61469e+06,3.61194e+06,1.63099e+07,0,0,0,7.20693e+07
58.4052,85.139,2.14152,0.2,0.04,2.44376,2.74616,0,0.457792,4.47552,4.14526e+06,2.70226e+06,1.013e+07,0,0,0,0,96.2199,98.274,2.65347,0,0,1.89379,1.59139,0,1.46273,2.96352,8.61469e+06,3.61194e+06,1.63144e+07,0,0,0,7.20693e+07
57.4982,85.139,1.70258,0.21,0.04,2.44467,2.74707,0,0.457961,4.47552,4.14526e+06,2.70226e+06,1.01338e+07,0,0,0,0,96.3395,98.274,2.58379,0,0,1.89431,1.59191,0,1.46314,2.96352,8.61469e+06,3.61194e+06,1.63189e+07,0,0,0,7.20693e+07
61.1597,85.139,6.63913,0.23,0.04,2.53163,2.83403,0,0.458131,4.47552,4.14526e+06,2.70226e+06,1.04943e+07,0,0,0,0,97.4561,98.274,7.01977,0,0,1.94631,1.64391,0,1.46354,2.96352,8.61469e+06,3.61194e+06,1.67669e+07,0,0,0,7.20693e+07
62.2022,85.139,3.87482,0.24,0.04,2.53253,2.83493,0,0.474428,4.47552,4.14526e+06,2.70226e+06,1.0498e+07,0,0,0,0,97.9827,98.274,4.8192,0,0,1.94683,1.64443,0,1.50372,2.96352,8.61469e+06,3.61194e+06,1.67713e+07,0,0,0,7.20693e+07
62.2692,85.139,2.86217,0.26,0.04,2.53343,2.83583,0,0.474596,4.47552,4.14526e+06,2.70226e+06,1.05017e+07,0,0,0,0,98.304,98.274,4.14338,0,0,1.94735,1.64495,0,1.50412,2.96352,8.61469e+06,3.61194e+06,1.67758e+07,0,0,0,7.20693e+07
62.8548,85.139,3.4797,0.26,0.04,2.53432,2.83672,0,0.474764,4.47552,4.14526e+06,2.70226e+06,1.05054e+07,0,0,0,0,98.7935,98.274,4.94283,0,0,1.94787,1.64547,0,1.50452,2.96352,8.61469e+06,3.61194e+06,1.67803e+07,0,0,0,7.20693e+07
62.8995,85.139,3.14028,0.2,0.04,2.81199,3.11439,0,0.474932,4.47552,4.14526e+06,2.70226e+06,1.16564e+07,0,0,0,0,99.1483,98.274,4.21732,0,0,2.14192,1.83952,0,1.50492,2.96352,8.61469e+06,3.61194e+06,1.8452e+07,0,0,0,7.20693e+07
62.8134,85.139,3.00028,0.21,0.04,2.81298,3.11538,0,0.526968,4.47552,4.14526e+06,2.70226e+06,1.16605e+07,0,0,0,0,99.1906,98.274,3.40402,0,0,2.1425,1.8401,0,1.65485,2.96352,8.61469e+06,3.61194e+06,1.8457e+07,0,0,0,7.20693e+07
62.3296,85.139,2.57278,0.22,0.04,2.81396,3.11636,0,0.527152,4.47552,4.14526e+06,2.70226e+06,1.16646e+07,0,0,0,0,99.3022,98.274,3.35051,0,0,2.14309,1.84069,0,1.6553,2.96352,8.61469e+06,3.61194e+06,1.8462e+07,0,0,0,7.20693e+07
62.8327,85.139,3.61643,0.29,0.04,2.81495,3.11735,0,0.527336,4.47552,4.14526e+06,2.70226e+06,1.16687e+07,0,0,0,0,99.3022,98.274,4.69065,0,0,2.14367,1.84127,0,1.65575,2.96352,8.61469e+06,3.61194e+06,1.8467e+07,0,0,0,7.20693e+07
63.5319,85.139,3.50981,0.25,0.04,2.42066,2.72306,0,0.527521,4.47552,4.14526e+06,2.70226e+06,1.00343e+07,0,0,0,0,99.3022,98.274,4.12968,0,0,1.8842,1.5818,0,1.6562,2.96352,8.61469e+06,3.61194e+06,1.62318e+07,0,0,0,7.20693e+07
64.8688,85.139,4.12177,0.27,0.04,2.42152,2.72392,0,0.453632,4.47552,4.14526e+06,2.70226e+06,1.00378e+07,0,0,0,0,99.3022,98.274,5.12894,0,0,1.8847,1.5823,0,1.45573,2.96352,8.61469e+06,3.61194e+06,1.62361e+07,0,0,0,7.20693e+07
65.3659,85.139,3.25522,0.32,0.04,2.42238,2.72478,0,0.453793,4.47552,4.14526e+06,2.70226e+06,1.00414e+07,0,0,0,0,99.3022,98.274,3.18708,0,0,1.8852,1.5828,0,1.45612,2.96352,8.61469e+06,3.61194e+06,1.62404e+07,0,0,0,7.20693e+07
65.4637,85.139,2.8392,0.33,0.04,2.42324,2.72564,0,0.453955,4.47552,4.14526e+06,2.70226e+06,1.0045e+07,0,0,0,0,99.3022,98.274,3.03189,0,0,1.88569,1.58329,0,1.4565,2.96352,8.61469e+06,3.61194e+06,1.62447e+07,0,0,0,7.20693e+07
67.3154,85.139,4.56439,0.4,0.04,2.18137,2.7265,0,0.454116,4.47552,4.14526e+06,3.40408e+06,9.04235e+06,0,0,0,0,99.3022,98.274,4.77753,0,0,1.7452,1.58379,0,1.45689,2.96352,8.61469e+06,4.55002e+06,1.50343e+07,0,0,0,7.20693e+07
68.4814,85.139,3.92574,0.42,0.04,2.27294,2.82702,0,0.408789,4.47552,4.14526e+06,3.40408e+06,9.42191e+06,0,0,0,0,99.3022,98.274,3.878,0,0,1.8037,1.64801,0,1.34834,2.96352,8.61469e+06,4.55002e+06,1.55383e+07,0,0,0,7.20693e+07
69.1032,85.139,3.56631,0.33,0.04,2.52551,2.82791,0,0.425949,4.47552,4.14526e+06,2.70226e+06,1.04689e+07,0,0,0,0,99.3022,98.274,3.99975,0,0,1.95093,1.64853,0,1.39354,2.96352,8.61469e+06,3.61194e+06,1.68067e+07,0,0,0,7.20693e+07
69.7197,85.139,3.59202,0.37,0.04,2.5264,2.8288,0,0.47328,4.47552,4.14526e+06,2.70226e+06,1.04726e+07,0,0,0,0,99.3022,98.274,4.68294,0,0,1.95145,1.64905,0,1.50729,2.96352,8.61469e+06,3.61194e+06,1.68112e+07,0,0,0,7.20693e+07
69.989,85.139,3.18158,0.38,0.04,2.52729,2.82969,0,0.473448,4.47552,4.14526e+06,2.70226e+06,1.04763e+07,0,0,0,0,99.3022,98.274,3.01682,0,0,1.95197,1.64957,0,1.50769,2.96352,8.61469e+06,3.61194e+06,1.68157e+07,0,0,0,7.20693e+07
70.5602,85.139,3.23027,0.4,0.04,2.24065,2.79157,0,0.473615,4.47552,4.14526e+06,3.40408e+06,9.28807e+06,0,0,0,0,99.3022,98.274,4.47639,0,0,1.78302,1.62532,0,1.5081,2.96352,8.61469e+06,4.55002e+06,1.53602e+07,0,0,0,7.20693e+07
70.4836,85.139,2.71167,0.39,0.04,2.44033,2.79245,0,0.419898,4.47552,4.14526e+06,2.83673e+06,1.01158e+07,0,0,0,0,99.3022,98.274,4.11899,0,0,1.89928,1.62583,0,1.37756,2.96352,8.61469e+06,3.79168e+06,1.63617e+07,0,0,0,7.20693e+07
70.2896,85.139,2.39941,0.4,0.04,2.24226,2.79334,0,0.457319,4.47552,4.14526e+06,3.40408e+06,9.29473e+06,0,0,0,0,99.3022,98.274,3.63,0,0,1.78395,1.62634,0,1.46738,2.96352,8.61469e+06,4.55002e+06,1.53682e+07,0,0,0,7.20693e+07
69.732,85.139,2.16887,0.39,0.04,2.44207,2.79422,0,0.420199,4.47552,4.14526e+06,2.83673e+06,1.0123e+07,0,0,0,0,99.3022,98.274,3.2905,0,0,1.90029,1.62685,0,1.37828,2.96352,8.61469e+06,3.79168e+06,1.63704e+07,0,0,0,7.20693e+07
68.9723,85.139,2.08324,0.35,0.04,2.62529,2.92769,0,0.457643,4.47552,4.14526e+06,2.70226e+06,1.08825e+07,0,0,0,0,99.3022,98.274,3.33528,0,0,2.01775,1.71535,0,1.46816,2.96352,8.61469e+06,3.61194e+06,1.73823e+07,0,0,0,7.20693e+07
68.1287,85.139,1.93865,0.33,0.04,2.62621,2.92861,0,0.491979,4.47552,4.14526e+06,2.70226e+06,1.08863e+07,0,0,0,0,99.3022,98.274,3.55836,0,0,2.01829,1.71589,0,1.55892,2.96352,8.61469e+06,3.61194e+06,1.7387e+07,0,0,0,7.20693e+07
67.2699,85.139,1.91254,0.3,0.04,2.62714,2.92954,0,0.492152,4.47552,4.14526e+06,2.70226e+06,1.08902e+07,0,0,0,0,99.3022,98.274,3.62521,0,0,2.01883,1.71643,0,1.55933,2.96352,8.61469e+06,3.61194e+06,1.73916e+07,0,0,0,7.20693e+07
66.3484,85.139,1.79133,0.39,0.04,2.57588,2.93046,0,0.492325,4.47552,4.14526e+06,2.83673e+06,1.06777e+07,0,0,0,0,99.3022,98.274,3.44541,0,0,1.9888,1.71698,0,1.55975,2.96352,8.61469e+06,3.79168e+06,1.71329e+07,0,0,0,7.20693e+07
65.3183,85.139,1.69483,0.38,0.04,2.62898,2.93138,0,0.48272,4.47552,4.14526e+06,2.70226e+06,1.08978e+07,0,0,0,0,99.3022,98.274,3.106,0,0,2.01992,1.71752,0,1.53655,2.96352,8.61469e+06,3.61194e+06,1.74009e+07,0,0,0,7.20693e+07
64.3724,85.139,1.72251,0.33,0.04,2.60364,2.90604,0,0.492671,4.47552,4.14526e+06,2.70226e+06,1.07928e+07,0,0,0,0,99.0187,98.274,2.30763,0,0,2.06889,1.76649,0,1.56059,2.96352,8.61469e+06,3.61194e+06,1.78229e+07,0,0,0,7.20693e+07
63.339,85.139,1.62642,0.29,0.04,2.60456,2.90696,0,0.487923,4.47552,4.14526e+06,2.70226e+06,1.07966e+07,0,0,0,0,98.7013,98.274,2.18564,0,0,2.06945,1.76705,0,1.59843,2.96352,8.61469e+06,3.61194e+06,1.78277e+07,0,0,0,7.20693e+07
62.1791,85.139,1.49032,0.27,0.04,2.60548,2.90788,0,0.488095,4.47552,4.14526e+06,2.70226e+06,1.08004e+07,0,0,0,0,98.289,98.274,2.17286,0,0,2.07,1.7676,0,1.59886,2.96352,8.61469e+06,3.61194e+06,1.78324e+07,0,0,0,7.20693e+07
60.8986,85.139,1.34764,0.34,0.04,2.60639,2.90879,0,0.488266,4.47552,4.14526e+06,2.70226e+06,1.08042e+07,0,0,0,0,97.7719,98.274,1.95222,0,0,2.07056,1.76816,0,1.59929,2.96352,8.61469e+06,3.61194e+06,1.78372e+07,0,0,0,7.20693e+07
59.4964,85.139,1.24233,0.31,0.04,2.67522,2.97762,0,0.488438,4.47552,4.14526e+06,2.70226e+06,1.10895e+07,0,0,0,0,97.1188,98.274,1.72669,0,0,2.11434,1.81194,0,1.59972,2.96352,8.61469e+06,3.61194e+06,1.82144e+07,0,0,0,7.20693e+07
58.064,85.139,1.18992,0.27,0.04,2.67615,2.97855,0,0.501335,4.47552,4.14526e+06,2.70226e+06,1.10933e+07,0,0,0,0,96.3823,98.274,1.70133,0,0,2.11491,1.81251,0,1.63354,2.96352,8.61469e+06,3.61194e+06,1.82193e+07,0,0,0,7.20693e+07
56.5195,85.139,1.0584,0.24,0.04,2.67709,2.97949,0,0.501511,4.47552,4.14526e+06,2.70226e+06,1.10972e+07,0,0,0,0,95.576,98.274,1.59859,0,0,2.11548,1.81308,0,1.63398,2.96352,8.61469e+06,3.61194e+06,1.82242e+07,0,0,0,7.20693e+07
54.9021,85.139,0.964,0.3,0.04,2.67803,2.98043,0,0.501687,4.47552,4.14526e+06,2.70226e+06,1.11011e+07,0,0,0,0,94.7349,98.274,1.51486,0,0,2.11605,1.81365,0,1.63442,2.96352,8.61469e+06,3.61194e+06,1.82291e+07,0,0,0,7.20693e+07
53.1392,85.139,0.936384,0.28,0.04,2.87808,3.18048,0,0.501863,4.47552,4.14526e+06,2.70226e+06,1.19304e+07,0,0,0,0,93.7092,98.274,1.42739,0,0,2.27282,1.97042,0,1.63486,2.96352,8.61469e+06,3.61194e+06,1.95796e+07,0,0,0,7.20693e+07
51.6422,85.139,1.18984,0.26,0.04,2.87908,3.18148,0,0.539352,4.47552,4.14526e+06,2.70226e+06,1.19345e+07,0,0,0,0,92.656,98.274,1.26639,0,0,2.27344,1.97104,0,1.75598,2.96352,8.61469e+06,3.61194e+06,1.9585e+07,0,0,0,7.20693e+07
50.0287,85.139,1.07191,0.26,0.04,2.88008,3.18248,0,0.53954,4.47552,4.14526e+06,2.70226e+06,1.19387e+07,0,0,0,0,91.653,98.274,1.2133,0,0,2.27406,1.97166,0,1.75646,2.96352,8.61469e+06,3.61194e+06,1.95903e+07,0,0,0,7.20693e+07
48.4599,85.139,1.08085,0.28,0.04,2.88109,3.18349,0,0.539728,4.47552,4.14526e+06,2.70226e+06,1.19428e+07,0,0,0,0,90.884,98.274,1.30262,0,0,2.27468,1.97228,0,1.75694,2.96352,8.61469e+06,3.61194e+06,1.95957e+07,0,0,0,7.20693e+07
46.9236,85.139,1.091,0.28,0.04,2.88209,3.18449,0,0.539916,4.47552,4.14526e+06,2.70226e+06,1.1947e+07,0,0,0,0,90.2396,98.274,1.55616,0,0,2.2753,1.9729,0,1.75742,2.96352,8.61469e+06,3.61194e+06,1.9601e+07,0,0,0,7.20693e+07
45.6223,85.139,1.21631,0.27,0.04,2.7859,3.0883,0,0.540103,4.47552,4.14526e+06,2.70226e+06,1.15483e+07,0,0,0,0,90.0291,98.274,3.63282,0,0,2.18097,1.87857,0,1.7579,2.96352,8.61469e+06,3.61194e+06,1.87884e+07,0,0,0,7.20693e+07
44.1509,85.139,1.0207,0.27,0.04,2.78687,3.08927,0,0.522077,4.47552,4.14526e+06,2.70226e+06,1.15523e+07,0,0,0,0,89.4712,98.274,1.94932,0,0,2.18156,1.87916,0,1.68502,2.96352,8.61469e+06,3.61194e+06,1.87934e+07,0,0,0,7.20693e+07
43.0767,85.139,1.44485,0.29,0.04,2.78784,3.09024,0,0.522259,4.47552,4.14526e+06,2.70226e+06,1.15563e+07,0,0,0,0,89.0502,98.274,2.23373,0,0,2.18215,1.87975,0,1.68547,2.96352,8.61469e+06,3.61194e+06,1.87985e+07,0,0,0,7.20693e+07
43.9131,85.139,3.58713,0.29,0.04,2.78881,3.09121,0,0.522441,4.47552,4.14526e+06,2.70226e+06,1.15603e+07,0,0,0,0,89.212,98.274,3.99452,0,0,2.18274,1.88034,0,1.68593,2.96352,8.61469e+06,3.61194e+06,1.88036e+07,0,0,0,7.20693e+07
44.059,85.139,2.75569,0.28,0.04,2.70991,3.01231,0,0.522624,4.47552,4.14526e+06,2.70226e+06,1.12333e+07,0,0,0,0,88.9123,98.274,2.50329,0,0,2.09679,1.79439,0,1.68639,2.96352,8.61469e+06,3.61194e+06,1.80632e+07,0,0,0,7.20693e+07
44.4904,85.139,3.073,0.28,0.04,2.71085,3.01325,0,0.507837,4.47552,4.14526e+06,2.70226e+06,1.12372e+07,0,0,0,0,88.8582,98.274,2.89477,0,0,2.09736,1.79496,0,1.61998,2.96352,8.61469e+06,3.61194e+06,1.80681e+07,0,0,0,7.20693e+07
44.8771,85.139,2.99336,0.29,0.04,2.7118,3.0142,0,0.508014,4.47552,4.14526e+06,2.70226e+06,1.12411e+07,0,0,0,0,88.834,98.274,3.34319,0,0,2.09792,1.79552,0,1.62042,2.96352,8.61469e+06,3.61194e+06,1.80729e+07,0,0,0,7.20693e+07
45.6556,85.139,3.52857,0.29,0.04,2.71275,3.01515,0,0.508192,4.47552,4.14526e+06,2.70226e+06,1.1245e+07,0,0,0,0,89.1975,98.274,3.87516,0,0,2.09848,1.79608,0,1.62085,2.96352,8.61469e+06,3.61194e+06,1.80778e+07,0,0,0,7.20693e+07
49.1217,85.139,6.12151,0.27,0.04,2.48655,2.78895,0,0.508369,4.47552,4.14526e+06,2.70226e+06,1.03074e+07,0,0,0,0,89.3309,98.274,4.39281,0,0,1.91858,1.61618,0,1.62129,2.96352,8.61469e+06,3.61194e+06,1.6528e+07,0,0,0,7.20693e+07
49.514,85.139,2.98235,0.29,0.04,2.48743,2.78983,0,0.46598,4.47552,4.14526e+06,2.70226e+06,1.0311e+07,0,0,0,0,89.0542,98.274,2.4735,0,0,1.91909,1.61669,0,1.4823,2.96352,8.61469e+06,3.61194e+06,1.65324e+07,0,0,0,7.20693e+07
48.9868,85.139,2.00232,0.28,0.04,2.48831,2.79071,0,0.466144,4.47552,4.14526e+06,2.70226e+06,1.03147e+07,0,0,0,0,89.2012,98.274,1.91143,0,0,1.9196,1.6172,0,1.48269,2.96352,8.61469e+06,3.61194e+06,1.65367e+07,0,0,0,7.20693e+07
51.4344,85.139,5.01773,0.29,0.04,2.48918,2.79158,0,0.466308,4.47552,4.14526e+06,2.70226e+06,1.03183e+07,0,0,0,0,89.4539,98.274,3.43942,0,0,1.92011,1.61771,0,1.48308,2.96352,8.61469e+06,3.61194e+06,1.65411e+07,0,0,0,7.20693e+07
55.0981,85.139,6.37521,0.27,0.04,2.49006,2.79246,0,0.466473,4.47552,4.14526e+06,2.70226e+06,1.03219e+07,0,0,0,2.52431e+08,89.9155,98.274,4.10978,0,0,1.92061,1.61821,0,1.48347,2.96352,8.61469e+06,3.61194e+06,1.65455e+07,0,0,0,7.20693e+07
57.6828,85.139,5.46237,0.29,0.04,2.57842,2.88082,0,0.466637,4.47552,4.14526e+06,2.70226e+06,1.06882e+07,0,0,0,2.52431e+08,90.5018,98.274,4.31804,0,0,1.97345,1.67105,0,1.48387,2.96352,8.61469e+06,3.61194e+06,1.70006e+07,0,0,0,7.20693e+07
59.1022,85.139,4.28577,0.28,0.04,2.57929,2.88169,0,0.483196,4.47552,4.14526e+06,2.70226e+06,1.06918e+07,0,0,0,2.52431e+08,90.9391,98.274,3.86079,0,0,1.97395,1.67155,0,1.52469,2.96352,8.61469e+06,3.61194e+06,1.7005e+07,0,0,0,7.20693e+07
60.1139,85.139,3.86484,0.28,0.04,2.58016,2.88256,0,0.483359,4.47552,4.14526e+06,2.70226e+06,1.06954e+07,0,0,0,2.52431e+08,91.277,98.274,3.55081,0,0,1.97446,1.67206,0,1.52508,2.96352,8.61469e+06,3.61194e+06,1.70093e+07,0,0,0,7.20693e+07
61.143,85.139,3.91485,0.28,0.04,2.58102,2.88342,0,0.483521,4.47552,4.14526e+06,2.70226e+06,1.0699e+07,0,0,0,2.52431e+08,91.6245,98.274,3.6082,0,0,1.97496,1.67256,0,1.52546,2.96352,8.61469e+06,3.61194e+06,1.70137e+07,0,0,0,7.20693e+07
61.206,85.139,3.1865,0.3,0.04,2.86322,3.16562,0,0.483684,4.47552,4.14526e+06,2.70226e+06,1.18688e+07,0,0,0,2.52431e+08,91.604,98.274,2.89049,0,0,2.17218,1.86978,0,1.52585,2.96352,8.61469e+06,3.61194e+06,1.87127e+07,0,0,0,7.20693e+07
59.7333,85.139,1.52198,0.31,0.04,2.86417,3.16657,0,0.536568,4.47552,4.14526e+06,2.70226e+06,1.18727e+07,0,0,0,2.52431e+08,91.8035,98.274,2.68654,0,0,2.17274,1.87034,0,1.67823,2.96352,8.61469e+06,3.61194e+06,1.87175e+07,0,0,0,7.20693e+07
61.6851,85.139,5.0868,0.33,0.04,2.86513,3.16753,0,0.536746,4.47552,4.14526e+06,2.70226e+06,1.18767e+07,0,0,0,2.52431e+08,92.0025,98.274,3.93294,0,0,2.17331,1.87091,0,1.67866,2.96352,8.61469e+06,3.61194e+06,1.87224e+07,0,0,0,7.20693e+07
61.2342,85.139,2.59839,0.33,0.04,2.86608,3.16848,0,0.536925,4.47552,4.14526e+06,2.70226e+06,1.18806e+07,0,0,0,2.52431e+08,91.9947,98.274,2.34998,0,0,2.17387,1.87147,0,1.6791,2.96352,8.61469e+06,3.61194e+06,1.87272e+07,0,0,0,7.20693e+07
63.0673,85.139,4.67272,0.33,0.04,2.46529,2.76769,0,0.537104,4.47552,4.14526e+06,2.70226e+06,1.02193e+07,0,0,0,2.52431e+08,92.6945,98.274,4.00759,0,0,1.91012,1.60772,0,1.67953,2.96352,8.61469e+06,3.61194e+06,1.64551e+07,0,0,0,7.20693e+07
68.3218,85.139,8.44961,0.31,0.04,2.46612,2.76852,0,0.461995,4.47552,4.14526e+06,2.70226e+06,1.02227e+07,0,0,0,2.52431e+08,94.4754,98.274,6.69357,0,0,1.9106,1.6082,0,1.47576,2.96352,8.61469e+06,3.61194e+06,1.64593e+07,0,0,0,7.20693e+07
73.1636,85.139,8.0936,0.27,0.04,2.46696,2.76936,0,0.462152,4.47552,4.14526e+06,2.70226e+06,1.02262e+07,0,0,0,2.52431e+08,96.602,98.274,7.97923,0,0,1.91109,1.60869,0,1.47613,2.96352,8.61469e+06,3.61194e+06,1.64634e+07,0,0,0,7.20693e+07
78.4035,85.139,8.5585,0.31,0.04,2.46779,2.77019,0,0.462308,4.47552,4.14526e+06,2.70226e+06,1.02296e+07,0,0,0,2.52431e+08,98.765,98.274,7.58911,0,0,1.91157,1.60917,0,1.47651,2.96352,8.61469e+06,3.61194e+06,1.64676e+07,0,0,0,7.20693e+07
84.5707,85.139,9.50871,0.23,0.04,2.46862,2.77102,0,0.462464,4.47552,4.14526e+06,2.70226e+06,1.02331e+07,0,0,0,2.52431e+08,99.3022,98.274,8.80058,0,0,1.91206,1.60966,0,1.47688,2.96352,8.61469e+06,3.61194e+06,1.64718e+07,0,0,0,7.20693e+07
85.139,85.139,6.16067,0.18,0.04,2.57074,2.87314,0,0.46262,4.47552,4.14526e+06,2.70226e+06,1.06564e+07,0,0,0,2.52431e+08,99.3022,98.274,5.89647,0,0,1.9773,1.6749,0,1.47726,2.96352,8.61469e+06,3.61194e+06,1.70338e+07,0,0,0,7.20693e+07
85.139,85.139,5.38665,0.11,0.04,2.5716,2.874,0,0.481756,4.47552,4.14526e+06,2.70226e+06,1.06599e+07,0,0,0,2.52431e+08,99.3022,98.274,5.68128,0,0,1.9778,1.6754,0,1.52766,2.96352,8.61469e+06,3.61194e+06,1.70382e+07,0,0,0,7.20693e+07
85.139,85.139,5.37017,0.1,0.04,2.57247,2.87487,0,0.481918,4.47552,4.14526e+06,2.70226e+06,1.06635e+07,0,0,0,2.52431e+08,99.3022,98.274,6.28133,0,0,1.97831,1.67591,0,1.52805,2.96352,8.61469e+06,3.61194e+06,1.70425e+07,0,0,0,7.20693e+07
85.139,85.139,4.84235,0.11,0.04,2.57333,2.87573,0,0.48208,4.47552,4.14526e+06,2.70226e+06,1.06671e+07,0,0,0,2.52431e+08,99.3022,98.274,5.37825,0,0,1.97881,1.67641,0,1.52844,2.96352,8.61469e+06,3.61194e+06,1.70469e+07,0,0,0,7.20693e+07
85.139,85.139,3.93121,0.11,0.04,2.53455,2.83695,0,0.482242,4.47552,4.14526e+06,2.70226e+06,1.05064e+07,0,0,0,2.52431e+08,99.3022,98.274,4.27012,0,0,1.95413,1.65173,0,1.52883,2.96352,8.61469e+06,3.61194e+06,1.68343e+07,0,0,0,7.20693e+07
85.139,85.139,3.3477,0.11,0.04,2.5354,2.8378,0,0.474975,4.47552,4.14526e+06,2.70226e+06,1.05099e+07,0,0,0,2.52431e+08,99.3022,98.274,3.28535,0,0,1.95463,1.65223,0,1.50976,2.96352,8.61469e+06,3.61194e+06,1.68385e+07,0,0,0,7.20693e+07
85.0998,85.139,2.96306,0.09,0.04,2.53626,2.83866,0,0.475135,4.47552,4.14526e+06,2.70226e+06,1.05134e+07,0,0,0,2.52431e+08,99.3022,98.274,2.90023,0,0,1.95513,1.65273,0,1.51015,2.96352,8.61469e+06,3.61194e+06,1.68428e+07,0,0,0,7.20693e+07
84.807,85.139,2.67927,0.14,0.04,2.53711,2.83951,0,0.475295,4.47552,4.14526e+06,2.70226e+06,1.0517e+07,0,0,0,2.52431e+08,99.3022,98.274,2.62732,0,0,1.95563,1.65323,0,1.51053,2.96352,8.61469e+06,3.61194e+06,1.68471e+07,0,0,0,7.20693e+07
84.1843,85.139,2.4047,0.15,0.04,2.6727,2.9751,0,0.475454,4.47552,4.14526e+06,2.70226e+06,1.1079e+07,0,0,0,2.52431e+08,99.0161,98.274,2.44826,0,0,2.04553,1.74313,0,1.51092,2.96352,8.61469e+06,3.61194e+06,1.76216e+07,0,0,0,7.20693e+07
83.414,85.139,2.17514,0.13,0.04,2.6736,2.976,0,0.500864,4.47552,4.14526e+06,2.70226e+06,1.10827e+07,0,0,0,2.52431e+08,98.6929,98.274,2.09005,0,0,2.04606,1.74366,0,1.58038,2.96352,8.61469e+06,3.61194e+06,1.76261e+07,0,0,0,7.20693e+07
82.3951,85.139,1.90098,0.12,0.04,2.67449,2.97689,0,0.501032,4.47552,4.14526e+06,2.70226e+06,1.10865e+07,0,0,0,2.52431e+08,98.2616,98.274,1.95652,0,0,2.04658,1.74418,0,1.58078,2.96352,8.61469e+06,3.61194e+06,1.76307e+07,0,0,0,7.20693e+07
81.3205,85.139,1.78481,0.11,0.04,2.67539,2.97779,0,0.5012,4.47552,4.14526e+06,2.70226e+06,1.10902e+07,0,0,0,2.52431e+08,97.7159,98.274,1.86812,0,0,2.0471,1.7447,0,1.58119,2.96352,8.61469e+06,3.61194e+06,1.76352e+07,0,0,0,7.20693e+07
80.1614,85.139,1.69474,0.11,0.04,2.67628,2.97868,0,0.501368,4.47552,4.14526e+06,2.70226e+06,1.10939e+07,0,0,0,2.52431e+08,97.1524,98.274,1.76911,0,0,2.04763,1.74523,0,1.58159,2.96352,8.61469e+06,3.61194e+06,1.76397e+07,0,0,0,7.20693e+07
79.1067,85.139,1.76013,0.09,0.04,2.65049,2.95289,0,0.501535,4.47552,4.14526e+06,2.70226e+06,1.0987e+07,0,0,0,2.52431e+08,96.598,98.274,1.69988,0,0,2.09737,1.79497,0,1.582,2.96352,8.61469e+06,3.61194e+06,1.80682e+07,0,0,0,7.20693e+07
78.0304,85.139,1.72545,0.13,0.04,2.65138,2.95378,0,0.496702,4.47552,4.14526e+06,2.70226e+06,1.09906e+07,0,0,0,2.52431e+08,96.0076,98.274,1.79031,0,0,2.09791,1.79551,0,1.62043,2.96352,8.61469e+06,3.61194e+06,1.80728e+07,0,0,0,7.20693e+07
76.9091,85.139,1.66681,0.13,0.04,2.65227,2.95467,0,0.496868,4.47552,4.14526e+06,2.70226e+06,1.09943e+07,0,0,0,2.52431e+08,95.2928,98.274,1.76754,0,0,2.09845,1.79605,0,1.62084,2.96352,8.61469e+06,3.61194e+06,1.80775e+07,0,0,0,7.20693e+07
75.6567,85.139,1.49186,0.13,0.04,2.65315,2.95555,0,0.497035,4.47552,4.14526e+06,2.70226e+06,1.0998e+07,0,0,0,2.52431e+08,94.5767,98.274,1.6428,0,0,2.09899,1.79659,0,1.62126,2.96352,8.61469e+06,3.61194e+06,1.80821e+07,0,0,0,7.20693e+07
74.3329,85.139,1.46323,0.12,0.04,2.72304,3.02544,0,0.497201,4.47552,4.14526e+06,2.70226e+06,1.12877e+07,0,0,0,2.52431e+08,93.7396,98.274,1.62571,0,0,2.14344,1.84104,0,1.62168,2.96352,8.61469e+06,3.61194e+06,1.84651e+07,0,0,0,7.20693e+07
72.9122,85.139,1.35402,0.12,0.04,2.72395,3.02635,0,0.510298,4.47552,4.14526e+06,2.70226e+06,1.12915e+07,0,0,0,2.52431e+08,92.9389,98.274,1.508,0,0,2.14399,1.84159,0,1.65602,2.96352,8.61469e+06,3.61194e+06,1.84698e+07,0,0,0,7.20693e+07
71.4076,85.139,1.25086,0.18,0.04,2.72486,3.02726,0,0.510468,4.47552,4.14526e+06,2.70226e+06,1.12952e+07,0,0,0,2.52431e+08,92.1371,98.274,1.46,0,0,2.14455,1.84215,0,1.65645,2.96352,8.61469e+06,3.61194e+06,1.84746e+07,0,0,0,7.20693e+07
69.7087,85.139,1.03301,0.18,0.04,2.72577,3.02817,0,0.510638,4.47552,4.14526e+06,2.70226e+06,1.1299e+07,0,0,0,2.52431e+08,91.274,98.274,1.45103,0,0,2.1451,1.8427,0,1.65688,2.96352,8.61469e+06,3.61194e+06,1.84794e+07,0,0,0,7.20693e+07
67.7482,85.139,0.918766,0.17,0.04,2.92897,3.23137,0,0.510809,4.47552,4.14526e+06,2.70226e+06,1.21414e+07,0,0,0,2.52431e+08,90.124,98.274,1.32875,0,0,2.30435,2.00195,0,1.6573,2.96352,8.61469e+06,3.61194e+06,1.98512e+07,0,0,0,7.20693e+07
65.7159,85.139,0.799391,0.22,0.04,2.92994,3.23234,0,0.54889,4.47552,4.14526e+06,2.70226e+06,1.21454e+07,0,0,0,2.52431e+08,89.1248,98.274,1.03239,0,0,2.30495,2.00255,0,1.78034,2.96352,8.61469e+06,3.61194e+06,1.98564e+07,0,0,0,7.20693e+07
63.7494,85.139,0.861936,0.21,0.04,2.93091,3.23331,0,0.549072,4.47552,4.14526e+06,2.70226e+06,1.21494e+07,0,0,0,2.52431e+08,87.911,98.274,1.25537,0,0,2.30555,2.00315,0,1.7808,2.96352,8.61469e+06,3.61194e+06,1.98616e+07,0,0,0,7.20693e+07
61.6595,85.139,0.715253,0.21,0.04,2.93189,3.23429,0,0.549253,4.47552,4.14526e+06,2.70226e+06,1.21534e+07,0,0,0,2.52431e+08,87.1891,98.274,0.895984,0,0,2.30615,2.00375,0,1.78127,2.96352,8.61469e+06,3.61194e+06,1.98668e+07,0,0,0,7.20693e+07
59.7511,85.139,0.87502,0.23,0.04,2.93286,3.23526,0,0.549435,4.47552,4.14526e+06,2.70226e+06,1.21574e+07,0,0,0,2.52431e+08,86.381,98.274,1.65098,0,0,2.30675,2.00435,0,1.78173,2.96352,8.61469e+06,3.61194e+06,1.9872e+07,0,0,0,7.20693e+07
58.4238,85.139,1.32622,0.23,0.04,2.83509,3.13749,0,0.549617,4.47552,4.14526e+06,2.70226e+06,1.17522e+07,0,0,0,2.52431e+08,85.7699,98.274,1.73127,0,0,2.21089,1.90849,0,1.7822,2.96352,8.61469e+06,3.61194e+06,1.90461e+07,0,0,0,7.20693e+07
57.0469,85.139,1.33841,0.23,0.04,2.83603,3.13843,0,0.531295,4.47552,4.14526e+06,2.70226e+06,1.17561e+07,0,0,0,2.52431e+08,85.5047,98.274,1.8689,0,0,2.21146,1.90906,0,1.70813,2.96352,8.61469e+06,3.61194e+06,1.9051e+07,0,0,0,7.20693e+07
55.843,85.139,1.52552,0.23,0.04,2.83697,3.13937,0,0.531472,4.47552,4.14526e+06,2.70226e+06,1.176e+07,0,0,0,2.52431e+08,85.3516,98.274,2.43592,0,0,2.21203,1.90963,0,1.70857,2.96352,8.61469e+06,3.61194e+06,1.9056e+07,0,0,0,7.20693e+07
54.592,85.139,1.493,0.25,0.04,2.83791,3.14031,0,0.531648,4.47552,4.14526e+06,2.70226e+06,1.17639e+07,0,0,0,2.52431e+08,85.0694,98.274,2.38738,0,0,2.21261,1.91021,0,1.70902,2.96352,8.61469e+06,3.61194e+06,1.90609e+07,0,0,0,7.20693e+07
53.327,85.139,1.44069,0.25,0.04,2.75771,3.06011,0,0.531825,4.47552,4.14526e+06,2.70226e+06,1.14314e+07,0,0,0,2.52431e+08,84.5073,98.274,2.05594,0,0,2.12526,1.82286,0,1.70946,2.96352,8.61469e+06,3.61194e+06,1.83085e+07,0,0,0,7.20693e+07
51.7373,85.139,1.07228,0.26,0.04,2.75862,3.06102,0,0.516794,4.47552,4.14526e+06,2.70226e+06,1.14352e+07,0,0,0,2.52431e+08,84.3395,98.274,1.38145,0,0,2.12581,1.82341,0,1.64198,2.96352,8.61469e+06,3.61194e+06,1.83132e+07,0,0,0,7.20693e+07
52.2786,85.139,3.32525,0.26,0.04,2.75954,3.06194,0,0.516966,4.47552,4.14526e+06,2.70226e+06,1.1439e+07,0,0,0,2.52431e+08,84.5499,98.274,4.2213,0,0,2.12636,1.82396,0,1.6424,2.96352,8.61469e+06,3.61194e+06,1.83179e+07,0,0,0,7.20693e+07
52.2277,85.139,2.72823,0.26,0.04,2.76046,3.06286,0,0.517138,4.47552,4.14526e+06,2.70226e+06,1.14428e+07,0,0,0,2.52431e+08,84.8498,98.274,2.56652,0,0,2.12691,1.82451,0,1.64282,2.96352,8.61469e+06,3.61194e+06,1.83226e+07,0,0,0,7.20693e+07
51.732,85.139,2.06971,0.25,0.04,2.53064,2.83304,0,0.51731,4.47552,4.14526e+06,2.70226e+06,1.04902e+07,0,0,0,2.52431e+08,85.069,98.274,2.34771,0,0,1.94413,1.64173,0,1.64325,2.96352,8.61469e+06,3.61194e+06,1.67481e+07,0,0,0,7.20693e+07
50.6993,85.139,1.51326,0.24,0.04,2.53149,2.83389,0,0.474242,4.47552,4.14526e+06,2.70226e+06,1.04937e+07,0,0,0,2.52431e+08,84.7589,98.274,2.42561,0,0,1.94462,1.64222,0,1.50204,2.96352,8.61469e+06,3.61194e+06,1.67523e+07,0,0,0,7.20693e+07
50.0484,85.139,1.91352,0.32,0.04,2.53234,2.83474,0,0.474401,4.47552,4.14526e+06,2.70226e+06,1.04972e+07,0,0,0,2.52431e+08,83.9331,98.274,2.18312,0,0,1.94512,1.64272,0,1.50242,2.96352,8.61469e+06,3.61194e+06,1.67566e+07,0,0,0,7.20693e+07
49.7854,85.139,2.31722,0.32,0.04,2.53319,2.83559,0,0.474561,4.47552,4.14526e+06,2.70226e+06,1.05007e+07,0,0,0,2.52431e+08,83.8918,98.274,1.57653,0,0,1.94561,1.64321,0,1.5028,2.96352,8.61469e+06,3.61194e+06,1.67608e+07,0,0,0,7.20693e+07
49.552,85.139,2.34466,0.33,0.04,2.53404,2.83644,0,0.47472,4.47552,4.14526e+06,2.70226e+06,1.05042e+07,0,0,0,2.52431e+08,83.9923,98.274,3.08546,0,0,1.9461,1.6437,0,1.50318,2.96352,8.61469e+06,3.61194e+06,1.67651e+07,0,0,0,7.20693e+07
49.0474,85.139,2.1057,0.37,0.04,2.62375,2.92615,0,0.474879,5.32224,4.14526e+06,2.70226e+06,1.08761e+07,0,0,0,2.52431e+08,83.8159,98.274,2.27068,0,0,1.99974,1.69734,0,1.50356,2.96352,8.61469e+06,3.61194e+06,1.72272e+07,0,0,0,7.20693e+07
48.5724,85.139,2.15274,0.37,0.04,2.62459,2.92699,0,0.491691,5.32224,4.14526e+06,2.70226e+06,1.08796e+07,0,0,0,2.52431e+08,83.8103,98.274,2.40347,0,0,2.00023,1.69783,0,1.545,2.96352,8.61469e+06,3.61194e+06,1.72314e+07,0,0,0,7.20693e+07
49.4903,85.139,3.43812,0.4,0.04,2.36478,2.92783,0,0.491848,5.32224,4.14526e+06,3.40408e+06,9.80261e+06,0,0,0,2.52431e+08,83.7814,98.274,2.70788,0,0,1.84952,1.69832,0,1.54538,2.96352,8.61469e+06,4.55002e+06,1.59331e+07,0,0,0,7.20693e+07
49.6808,85.139,2.66942,0.43,0.04,2.36554,2.92867,0,0.443159,5.32224,4.14526e+06,3.40408e+06,9.80578e+06,0,0,0,2.52431e+08,83.72,98.274,2.45869,0,0,1.84997,1.69881,0,1.42894,2.96352,8.61469e+06,4.55002e+06,1.59369e+07,0,0,0,7.20693e+07
49.7123,85.139,2.688,0.47,0.04,2.62661,3.21525,0,0.443303,5.32224,4.14526e+06,3.40408e+06,1.0888e+07,0,0,0,2.52431e+08,83.4787,98.274,2.39568,0,0,2.03242,1.89909,0,1.42928,2.96352,8.61469e+06,4.55002e+06,1.75087e+07,0,0,0,7.20693e+07
50.2345,85.139,3.22366,0.48,0.04,2.62745,3.21617,0,0.492226,5.32224,4.14526e+06,3.40408e+06,1.08915e+07,0,0,0,2.52431e+08,83.3312,98.274,2.25521,0,0,2.03292,1.89964,0,1.57025,2.96352,8.61469e+06,4.55002e+06,1.7513e+07,0,0,0,7.20693e+07
51.0818,85.139,3.58067,0.51,0.04,2.62829,3.2171,0,0.492384,5.32224,4.14526e+06,3.40408e+06,1.08949e+07,0,0,0,2.52431e+08,83.2579,98.274,2.49742,0,0,2.03342,1.90018,0,1.57063,2.96352,8.61469e+06,4.55002e+06,1.75173e+07,0,0,0,7.20693e+07
53.0163,85.139,4.76255,0.51,0.04,2.62913,3.21802,0,0.492541,5.32224,4.14526e+06,3.40408e+06,1.08984e+07,0,0,0,2.52431e+08,83.1119,98.274,2.67481,0,0,2.03391,1.90073,0,1.57102,2.96352,8.61469e+06,4.55002e+06,1.75215e+07,0,0,0,7.20693e+07
55.1585,85.139,4.6744,0.45,0.04,2.25828,2.81092,0,0.492699,5.32224,4.14526e+06,3.40408e+06,9.36113e+06,0,0,0,2.52431e+08,83.4682,98.274,2.83569,0,0,1.78987,1.63283,0,1.5714,2.96352,8.61469e+06,4.55002e+06,1.54191e+07,0,0,0,7.20693e+07
58.7408,85.139,6.16984,0.49,0.04,2.25901,2.81173,0,0.423201,5.32224,4.14526e+06,3.40408e+06,9.36418e+06,0,0,0,2.52431e+08,84.8121,98.274,5.58663,0,0,1.79029,1.6333,0,1.38285,2.96352,8.61469e+06,4.55002e+06,1.54228e+07,0,0,0,7.20693e+07
61.6011,85.139,5.48753,0.44,0.04,2.25974,2.81253,0,0.423338,5.32224,4.14526e+06,3.40408e+06,9.36722e+06,0,0,0,2.52431e+08,85.3941,98.274,3.91924,0,0,1.79072,1.63377,0,1.38318,2.96352,8.61469e+06,4.55002e+06,1.54265e+07,0,0,0,7.20693e+07
63.5358,85.139,4.54728,0.49,0.04,2.26048,2.81334,0,0.423476,5.32224,4.14526e+06,3.40408e+06,9.37027e+06,0,0,0,2.52431e+08,85.8651,98.274,3.38784,0,0,1.79115,1.63424,0,1.38351,2.96352,8.61469e+06,4.55002e+06,1.54302e+07,0,0,0,7.20693e+07
66.1775,85.139,5.32574,0.46,0.04,2.26121,2.81415,0,0.423614,5.32224,4.14526e+06,3.40408e+06,9.37331e+06,0,0,0,2.52431e+08,86.4298,98.274,3.81893,0,0,1.79157,1.63471,0,1.38384,2.96352,8.61469e+06,4.55002e+06,1.54339e+07,0,0,0,7.20693e+07
68.1508,85.139,4.79356,0.51,0.04,2.35565,2.91781,0,0.423752,5.32224,4.14526e+06,3.40408e+06,9.76475e+06,0,0,0,2.52431e+08,86.7504,98.274,3.45785,0,0,1.85191,1.70094,0,1.38417,2.96352,8.61469e+06,4.55002e+06,1.59536e+07,0,0,0,7.20693e+07
72.3833,85.139,7.21883,0.46,0.04,2.35641,2.91864,0,0.441448,5.32224,4.14526e+06,3.40408e+06,9.76791e+06,0,0,0,2.52431e+08,87.4425,98.274,5.22379,0,0,1.85236,1.70143,0,1.43079,2.96352,8.61469e+06,4.55002e+06,1.59575e+07,0,0,0,7.20693e+07
74.9709,85.139,5.50437,0.49,0.04,2.35717,2.91948,0,0.441591,5.32224,4.14526e+06,3.40408e+06,9.77107e+06,0,0,0,2.52431e+08,87.9195,98.274,4.00354,0,0,1.8528,1.70192,0,1.43113,2.96352,8.61469e+06,4.55002e+06,1.59613e+07,0,0,0,7.20693e+07
76.3919,85.139,4.46825,0.39,0.04,2.56592,2.92032,0,0.441734,5.32224,4.14526e+06,2.83673e+06,1.06364e+07,0,0,0,2.52431e+08,88.0853,98.274,3.21112,0,0,1.97449,1.7024,0,1.43147,2.96352,8.61469e+06,3.79168e+06,1.70096e+07,0,0,0,7.20693e+07
77.6415,85.139,4.21556,0.38,0.04,2.57849,2.88089,0,0.480853,5.32224,4.14526e+06,2.70226e+06,1.06885e+07,0,0,0,2.52431e+08,88.0964,98.274,2.99443,0,0,1.97972,1.67732,0,1.52549,2.96352,8.61469e+06,3.61194e+06,1.70547e+07,0,0,0,7.20693e+07
78.2306,85.139,3.5202,0.35,0.04,2.57932,2.88172,0,0.48321,5.32224,4.14526e+06,2.70226e+06,1.06919e+07,0,0,0,2.52431e+08,87.9249,98.274,2.45989,0,0,1.9802,1.6778,0,1.52953,2.96352,8.61469e+06,3.61194e+06,1.70588e+07,0,0,0,7.20693e+07
78.2418,85.139,2.92238,0.33,0.04,2.58014,2.88254,0,0.483364,5.32224,4.14526e+06,2.70226e+06,1.06954e+07,0,0,0,2.52431e+08,87.3593,98.274,2.2413,0,0,1.98068,1.67828,0,1.5299,2.96352,8.61469e+06,3.61194e+06,1.70629e+07,0,0,0,7.20693e+07
77.9817,85.139,2.6476,0.33,0.04,2.58097,2.88337,0,0.483519,5.32224,4.14526e+06,2.70226e+06,1.06988e+07,0,0,0,2.52431e+08,86.9357,98.274,1.82273,0,0,1.98116,1.67876,0,1.53027,2.96352,8.61469e+06,3.61194e+06,1.70671e+07,0,0,0,7.20693e+07
78.2176,85.139,3.24898,0.3,0.04,2.71861,3.02101,0,0.483674,5.32224,4.14526e+06,2.70226e+06,1.12694e+07,0,0,0,2.52431e+08,86.4974,98.274,1.97102,0,0,2.07243,1.77003,0,1.53065,2.96352,8.61469e+06,3.61194e+06,1.78534e+07,0,0,0,7.20693e+07
77.7714,85.139,2.48251,0.27,0.04,2.71948,3.02188,0,0.509468,5.32224,4.14526e+06,2.70226e+06,1.12729e+07,0,0,0,2.52431e+08,85.9356,98.274,1.81521,0,0,2.07294,1.77054,0,1.60116,2.96352,8.61469e+06,3.61194e+06,1.78577e+07,0,0,0,7.20693e+07
77.1258,85.139,2.2732,0.22,0.04,2.72034,3.02274,0,0.50963,5.32224,4.14526e+06,2.70226e+06,1.12765e+07,0,0,0,2.52431e+08,85.2322,98.274,1.67624,0,0,2.07345,1.77105,0,1.60155,2.96352,8.61469e+06,3.61194e+06,1.78621e+07,0,0,0,7.20693e+07
76.3745,85.139,2.1529,0.2,0.04,2.72121,3.02361,0,0.509793,5.32224,4.14526e+06,2.70226e+06,1.12801e+07,0,0,0,2.52431e+08,84.5172,98.274,1.51362,0,0,2.07395,1.77155,0,1.60194,2.96352,8.61469e+06,3.61194e+06,1.78665e+07,0,0,0,7.20693e+07
75.4699,85.139,1.94914,0.17,0.04,2.72208,3.02448,0,0.509955,5.32224,4.14526e+06,2.70226e+06,1.12837e+07,0,0,0,2.52431e+08,83.6422,98.274,1.46079,0,0,2.07446,1.77206,0,1.60234,2.96352,8.61469e+06,3.61194e+06,1.78708e+07,0,0,0,7.20693e+07
74.2298,85.139,1.56073,0.16,0.04,2.69585,2.99825,0,0.510117,5.32224,4.14526e+06,2.70226e+06,1.1175e+07,0,0,0,2.52431e+08,82.7807,98.274,1.23921,0,0,2.12494,1.82254,0,1.60273,2.96352,8.61469e+06,3.61194e+06,1.83057e+07,0,0,0,7.20693e+07
72.8517,85.139,1.41184,0.16,0.04,2.69671,2.99911,0,0.505202,5.32224,4.14526e+06,2.70226e+06,1.11785e+07,0,0,0,2.52431e+08,81.8812,98.274,1.17672,0,0,2.12546,1.82306,0,1.64173,2.96352,8.61469e+06,3.61194e+06,1.83102e+07,0,0,0,7.20693e+07
71.3579,85.139,1.28517,0.21,0.04,2.69756,2.99996,0,0.505363,5.32224,4.14526e+06,2.70226e+06,1.11821e+07,0,0,0,2.52431e+08,80.9284,98.274,1.119,0,0,2.12598,1.82358,0,1.64213,2.96352,8.61469e+06,3.61194e+06,1.83147e+07,0,0,0,7.20693e+07
69.7713,85.139,1.16776,0.21,0.04,2.69842,3.00082,0,0.505523,5.32224,4.14526e+06,2.70226e+06,1.11857e+07,0,0,0,2.52431e+08,80.0185,98.274,1.03337,0,0,2.1265,1.8241,0,1.64253,2.96352,8.61469e+06,3.61194e+06,1.83192e+07,0,0,0,7.20693e+07
68.1729,85.139,1.17454,0.21,0.04,2.76933,3.07173,0,0.505684,5.32224,4.14526e+06,2.70226e+06,1.14796e+07,0,0,0,2.52431e+08,79.0508,98.274,1.06164,0,0,2.17161,1.86921,0,1.64294,2.96352,8.61469e+06,3.61194e+06,1.87078e+07,0,0,0,7.20693e+07
66.6032,85.139,1.19159,0.22,0.04,2.77021,3.07261,0,0.518973,5.32224,4.14526e+06,2.70226e+06,1.14832e+07,0,0,0,2.52431e+08,78.1475,98.274,1.08527,0,0,2.17215,1.86975,0,1.67779,2.96352,8.61469e+06,3.61194e+06,1.87124e+07,0,0,0,7.20693e+07
64.9508,85.139,1.0918,0.25,0.04,2.77109,3.07349,0,0.519138,5.32224,4.14526e+06,2.70226e+06,1.14869e+07,0,0,0,2.52431e+08,77.1621,98.274,1.05688,0,0,2.17268,1.87028,0,1.6782,2.96352,8.61469e+06,3.61194e+06,1.8717e+07,0,0,0,7.20693e+07
63.2154,85.139,0.990908,0.25,0.04,2.77197,3.07437,0,0.519303,5.32224,4.14526e+06,2.70226e+06,1.14905e+07,0,0,0,2.52431e+08,76.1986,98.274,0.969516,0,0,2.17322,1.87082,0,1.67861,2.96352,8.61469e+06,3.61194e+06,1.87216e+07,0,0,0,7.20693e+07
61.2276,85.139,0.871302,0.24,0.04,2.97824,3.28064,0,0.519468,5.32224,4.14526e+06,2.70226e+06,1.23456e+07,0,0,0,2.52431e+08,75.0569,98.274,0.95958,0,0,2.33487,2.03247,0,1.67903,2.96352,8.61469e+06,3.61194e+06,2.01142e+07,0,0,0,7.20693e+07
58.9333,85.139,0.5173,0.28,0.04,2.97917,3.28157,0,0.558121,5.32224,4.14526e+06,2.70226e+06,1.23494e+07,0,0,0,2.52431e+08,73.9409,98.274,0.79025,0,0,2.33545,2.03305,0,1.80392,2.96352,8.61469e+06,3.61194e+06,2.01192e+07,0,0,0,7.20693e+07
56.6951,85.139,0.545797,0.27,0.04,2.98011,3.28251,0,0.558297,5.32224,4.14526e+06,2.70226e+06,1.23533e+07,0,0,0,2.52431e+08,72.9245,98.274,0.787054,0,0,2.33603,2.03363,0,1.80437,2.96352,8.61469e+06,3.61194e+06,2.01242e+07,0,0,0,7.20693e+07
54.7309,85.139,0.818341,0.3,0.04,2.98105,3.28345,0,0.558473,5.32224,4.14526e+06,2.70226e+06,1.23572e+07,0,0,0,2.52431e+08,71.9497,98.274,0.925868,0,0,2.33661,2.03421,0,1.80482,2.96352,8.61469e+06,3.61194e+06,2.01292e+07,0,0,0,7.20693e+07
53.0924,85.139,1.14689,0.29,0.04,2.98199,3.28439,0,0.558649,5.32224,4.14526e+06,2.70226e+06,1.23611e+07,0,0,0,2.52431e+08,71.4052,98.274,1.03696,0,0,2.33719,2.03479,0,1.80527,2.96352,8.61469e+06,3.61194e+06,2.01342e+07,0,0,0,7.20693e+07
51.8493,85.139,1.42223,0.28,0.04,2.88269,3.18509,0,0.558825,5.32224,4.14526e+06,2.70226e+06,1.19495e+07,0,0,0,2.52431e+08,70.7559,98.274,1.62956,0,0,2.23985,1.93745,0,1.80572,2.96352,8.61469e+06,3.61194e+06,1.92956e+07,0,0,0,7.20693e+07
50.1319,85.139,0.960055,0.28,0.04,2.8836,3.186,0,0.540216,5.32224,4.14526e+06,2.70226e+06,1.19533e+07,0,0,0,2.52431e+08,69.8563,98.274,1.25149,0,0,2.2404,1.938,0,1.7305,2.96352,8.61469e+06,3.61194e+06,1.93003e+07,0,0,0,7.20693e+07
48.2858,85.139,0.761051,0.3,0.04,2.88451,3.18691,0,0.540387,5.32224,4.14526e+06,2.70226e+06,1.1957e+07,0,0,0,2.52431e+08,69.6973,98.274,0.946686,0,0,2.24095,1.93855,0,1.73093,2.96352,8.61469e+06,3.61194e+06,1.93051e+07,0,0,0,7.20693e+07
47.4335,85.139,1.80098,0.3,0.04,2.88542,3.18782,0,0.540558,5.32224,4.14526e+06,2.70226e+06,1.19608e+07,0,0,0,2.52431e+08,69.1858,98.274,1.95155,0,0,2.24151,1.93911,0,1.73136,2.96352,8.61469e+06,3.61194e+06,1.93099e+07,0,0,0,7.20693e+07
46.2846,85.139,1.51677,0.3,0.04,2.80396,3.10636,0,0.540728,5.32224,4.14526e+06,2.70226e+06,1.16231e+07,0,0,0,2.52431e+08,68.8894,98.274,1.73322,0,0,2.15282,1.85042,0,1.73179,2.96352,8.61469e+06,3.61194e+06,1.85459e+07,0,0,0,7.20693e+07
44.9649,85.139,1.35437,0.3,0.04,2.80485,3.10725,0,0.525462,5.32224,4.14526e+06,2.70226e+06,1.16268e+07,0,0,0,2.52431e+08,68.6601,98.274,1.54268,0,0,2.15335,1.85095,0,1.66327,2.96352,8.61469e+06,3.61194e+06,1.85504e+07,0,0,0,7.20693e+07
44.8691,85.139,2.60473,0.34,0.04,2.80574,3.10814,0,0.525629,5.32224,4.14526e+06,2.70226e+06,1.16305e+07,0,0,0,2.52431e+08,68.893,98.274,2.20941,0,0,2.15388,1.85148,0,1.66368,2.96352,8.61469e+06,3.61194e+06,1.8555e+07,0,0,0,7.20693e+07
45.2024,85.139,3.04597,0.36,0.04,2.80663,3.10903,0,0.525795,5.32224,4.14526e+06,2.70226e+06,1.16342e+07,0,0,0,2.52431e+08,69.5045,98.274,3.74184,0,0,2.15441,1.85201,0,1.66408,2.96352,8.61469e+06,3.61194e+06,1.85595e+07,0,0,0,7.20693e+07
44.8816,85.139,2.22726,0.36,0.04,2.5733,2.8757,0,0.525962,5.32224,4.14526e+06,2.70226e+06,1.0667e+07,0,0,0,2.52431e+08,69.7694,98.274,2.69936,0,0,1.96885,1.66645,0,1.66449,2.96352,8.61469e+06,3.61194e+06,1.69611e+07,0,0,0,7.20693e+07
47.7984,85.139,5.62082,0.37,0.04,2.57412,2.87652,0,0.482237,5.32224,4.14526e+06,2.70226e+06,1.06704e+07,0,0,0,2.52431e+08,72.5358,98.274,6.87334,0,0,1.96933,1.66693,0,1.52114,2.96352,8.61469e+06,3.61194e+06,1.69652e+07,0,0,0,7.20693e+07
54.9913,85.139,10.3479,0.35,0.04,2.57495,2.87735,0,0.482391,5.32224,4.14526e+06,2.70226e+06,1.06738e+07,0,0,0,2.52431e+08,76.3065,98.274,9.18141,0,0,1.96981,1.66741,0,1.5215,2.96352,8.61469e+06,3.61194e+06,1.69693e+07,0,0,0,7.20693e+07
60.8182,85.139,9.1089,0.3,0.04,2.57577,2.87817,0,0.482545,5.32224,4.14526e+06,2.70226e+06,1.06772e+07,0,0,0,2.52431e+08,82.8199,98.274,12.6338,0,0,1.97028,1.66788,0,1.52187,2.96352,8.61469e+06,3.61194e+06,1.69734e+07,0,0,0,7.20693e+07
65.0313,85.139,7.29642,0.3,0.04,2.57659,2.87899,0,0.482699,5.32224,4.14526e+06,2.70226e+06,1.06806e+07,0,0,0,2.52431e+08,85.0485,98.274,6.77584,0,0,1.97076,1.66836,0,1.52224,2.96352,8.61469e+06,3.61194e+06,1.69775e+07,0,0,0,7.20693e+07
70.6101,85.139,8.86677,0.27,0,2.66761,2.97001,0,0.482853,5.32224,4.14526e+06,2.70226e+06,1.10579e+07,0,0,0,2.52431e+08,87.9041,98.274,8.09374,0,0,2.02518,1.72278,0,1.52261,2.96352,8.61469e+06,3.61194e+06,1.74463e+07,0,0,0,7.20693e+07
75.0965,85.139,7.77851,0.22,0,2.66842,2.97082,0,0.499909,5.32224,4.14526e+06,2.70226e+06,1.10613e+07,0,0,0,2.52431e+08,89.8799,98.274,7.92668,0,0,2.02565,1.72325,0,1.56466,2.96352,8.61469e+06,3.61194e+06,1.74504e+07,0,0,0,7.20693e+07
76.1058,85.139,4.25137,0.15,0,2.66923,2.97163,0,0.500062,5.32224,4.14526e+06,2.70226e+06,1.10647e+07,0,0,0,2.52431e+08,91.1278,98.274,5.75021,0,0,2.02613,1.72373,0,1.56502,2.96352,8.61469e+06,3.61194e+06,1.74544e+07,0,0,0,7.20693e+07
78.1129,85.139,5.24689,0.15,0,2.67005,2.97245,0,0.500214,5.32224,4.14526e+06,2.70226e+06,1.1068e+07,0,0,0,2.52431e+08,92.8624,98.274,6.72799,0,0,2.0266,1.7242,0,1.56538,2.96352,8.61469e+06,3.61194e+06,1.74585e+07,0,0,0,7.20693e+07
79.5456,85.139,5.20273,0.16,0,2.96087,3.26327,0,0.500367,5.32224,4.14526e+06,2.70226e+06,1.22735e+07,0,0,0,2.52431e+08,95.7607,98.274,7.99154,0,0,2.22985,1.92745,0,1.56575,2.96352,8.61469e+06,3.61194e+06,1.92095e+07,0,0,0,7.20693e+07
82.2625,85.139,6.49799,0.13,0,2.96176,3.26416,0,0.554866,5.32224,4.14526e+06,2.70226e+06,1.22773e+07,0,0,0,2.52431e+08,97.869,98.274,7.80185,0,0,2.23038,1.92798,0,1.72279,2.96352,8.61469e+06,3.61194e+06,1.9214e+07,0,0,0,7.20693e+07
83.7934,85.139,5.28045,0.14,0,2.96265,3.26505,0,0.555034,5.32224,4.14526e+06,2.70226e+06,1.2281e+07,0,0,0,2.52431e+08,99.3022,98.274,7.06766,0,0,2.23091,1.92851,0,1.72319,2.96352,8.61469e+06,3.61194e+06,1.92186e+07,0,0,0,7.20693e+07
85.139,85.139,6.13202,0.14,0,2.96355,3.26595,0,0.555201,5.32224,4.14526e+06,2.70226e+06,1.22847e+07,0,0,0,2.52431e+08,99.3022,98.274,7.4817,0,0,2.23144,1.92904,0,1.7236,2.96352,8.61469e+06,3.61194e+06,1.92231e+07,0,0,0,7.20693e+07
85.139,85.139,6.13592,0.11,0,2.55035,2.85275,0,0.555369,5.32224,4.14526e+06,2.70226e+06,1.05718e+07,0,0,0,2.52431e+08,99.3022,98.274,7.02508,0,0,1.95953,1.65713,0,1.72401,2.96352,8.61469e+06,3.61194e+06,1.68807e+07,0,0,0,7.20693e+07
85.139,85.139,4.86922,0.12,0,2.55113,2.85353,0,0.477935,5.32224,4.14526e+06,2.70226e+06,1.05751e+07,0,0,0,2.52431e+08,99.3022,98.274,6.22625,0,0,1.95998,1.65758,0,1.51393,2.96352,8.61469e+06,3.61194e+06,1.68846e+07,0,0,0,7.20693e+07
85.139,85.139,4.2939,0.13,0,2.55191,2.85431,0,0.478081,5.32224,4.14526e+06,2.70226e+06,1.05783e+07,0,0,0,2.52431e+08,99.3022,98.274,5.902,0,0,1.96044,1.65804,0,1.51428,2.96352,8.61469e+06,3.61194e+06,1.68885e+07,0,0,0,7.20693e+07
85.139,85.139,5.51247,0.14,0,2.55269,2.85509,0,0.478228,5.32224,4.14526e+06,2.70226e+06,1.05816e+07,0,0,0,2.52431e+08,99.3022,98.274,6.68786,0,0,1.96089,1.65849,0,1.51463,2.96352,8.61469e+06,3.61194e+06,1.68925e+07,0,0,0,7.20693e+07
85.139,85.139,5.31433,0.16,0,2.55347,2.85587,0,0.478374,5.32224,4.14526e+06,2.70226e+06,1.05848e+07,0,0,0,2.52431e+08,99.3022,98.274,6.42865,0,0,1.96134,1.65894,0,1.51498,2.96352,8.61469e+06,3.61194e+06,1.68964e+07,0,0,0,7.20693e+07
85.139,85.139,6.2196,0.17,0,2.65863,2.96103,0,0.47852,5.32224,4.14526e+06,2.70226e+06,1.10207e+07,0,0,0,2.52431e+08,99.3022,98.274,7.5249,0,0,2.02854,1.72614,0,1.51533,2.96352,8.61469e+06,3.61194e+06,1.74752e+07,0,0,0,7.20693e+07
85.139,85.139,6.27039,0.18,0,2.65944,2.96184,0,0.498227,5.32224,4.14526e+06,2.70226e+06,1.10241e+07,0,0,0,2.52431e+08,99.3022,98.274,8.99741,0,0,2.02901,1.72661,0,1.56725,2.96352,8.61469e+06,3.61194e+06,1.74793e+07,0,0,0,7.20693e+07
85.139,85.139,4.53913,0.16,0,2.66025,2.96265,0,0.498379,5.32224,4.14526e+06,2.70226e+06,1.10274e+07,0,0,0,2.52431e+08,99.3022,98.274,6.26349,0,0,2.02948,1.72708,0,1.56761,2.96352,8.61469e+06,3.61194e+06,1.74833e+07,0,0,0,7.20693e+07
85.139,85.139,4.11466,0.15,0,2.66106,2.96346,0,0.498531,5.32224,4.14526e+06,2.70226e+06,1.10308e+07,0,0,0,2.52431e+08,99.3022,98.274,5.53706,0,0,2.02995,1.72755,0,1.56798,2.96352,8.61469e+06,3.61194e+06,1.74874e+07,0,0,0,7.20693e+07
85.139,85.139,3.69489,0.14,0,2.62101,2.92341,0,0.498682,5.32224,4.14526e+06,2.70226e+06,1.08648e+07,0,0,0,2.52431e+08,99.3022,98.274,6.8741,0,0,2.00448,1.70208,0,1.56834,2.96352,8.61469e+06,3.61194e+06,1.72679e+07,0,0,0,7.20693e+07
85.139,85.139,3.68107,0.16,0,2.62181,2.92421,0,0.491178,5.32224,4.14526e+06,2.70226e+06,1.08681e+07,0,0,0,2.52431e+08,99.3022,98.274,7.09807,0,0,2.00494,1.70254,0,1.54866,2.96352,8.61469e+06,3.61194e+06,1.72719e+07,0,0,0,7.20693e+07
85.139,85.139,3.3433,0.17,0,2.62261,2.92501,0,0.491328,5.32224,4.14526e+06,2.70226e+06,1.08714e+07,0,0,0,2.52431e+08,99.3022,98.274,6.14981,0,0,2.00541,1.70301,0,1.54902,2.96352,8.61469e+06,3.61194e+06,1.7276e+07,0,0,0,7.20693e+07
85.139,85.139,3.22252,0.13,0,2.62341,2.92581,0,0.491478,5.32224,4.14526e+06,2.70226e+06,1.08747e+07,0,0,0,2.52431e+08,99.3022,98.274,5.75633,0,0,2.00587,1.70347,0,1.54938,2.96352,8.61469e+06,3.61194e+06,1.728e+07,0,0,0,7.20693e+07
85.0686,85.139,3.10521,0.13,0,2.76304,3.06544,0,0.491627,5.32224,4.14526e+06,2.70226e+06,1.14535e+07,0,0,0,2.52431e+08,99.3022,98.274,5.72923,0,0,2.09846,1.79606,0,1.54974,2.96352,8.61469e+06,3.61194e+06,1.80776e+07,0,0,0,7.20693e+07
84.6669,85.139,2.74481,0.19,0,2.76388,3.06628,0,0.517794,5.32224,4.14526e+06,2.70226e+06,1.1457e+07,0,0,0,2.52431e+08,99.3022,98.274,5.00708,0,0,2.09895,1.79655,0,1.62127,2.96352,8.61469e+06,3.61194e+06,1.80818e+07,0,0,0,7.20693e+07
84.2789,85.139,2.72618,0.16,0,2.76472,3.06712,0,0.517951,5.32224,4.14526e+06,2.70226e+06,1.14605e+07,0,0,0,2.52431e+08,99.3022,98.274,5.9145,0,0,2.09944,1.79704,0,1.62165,2.96352,8.61469e+06,3.61194e+06,1.80861e+07,0,0,0,7.20693e+07
83.7649,85.139,2.57653,0.15,0,2.76556,3.06796,0,0.518108,5.32224,4.14526e+06,2.70226e+06,1.14639e+07,0,0,0,2.52431e+08,99.3022,98.274,5.05528,0,0,2.09994,1.79754,0,1.62203,2.96352,8.61469e+06,3.61194e+06,1.80903e+07,0,0,0,7.20693e+07
83.0975,85.139,2.39604,0.14,0,2.76639,3.06879,0,0.518265,5.32224,4.14526e+06,2.70226e+06,1.14674e+07,0,0,0,2.52431e+08,99.3022,98.274,4.51671,0,0,2.10043,1.79803,0,1.62241,2.96352,8.61469e+06,3.61194e+06,1.80945e+07,0,0,0,7.20693e+07
82.9828,85.139,2.92141,0.14,0,2.73974,3.04214,0,0.518422,5.32224,4.14526e+06,2.70226e+06,1.13569e+07,0,0,0,2.52431e+08,99.3022,98.274,3.76036,0,0,2.15162,1.84922,0,1.62279,2.96352,8.61469e+06,3.61194e+06,1.85355e+07,0,0,0,7.20693e+07
82.9687,85.139,2.97726,0.14,0,2.74057,3.04297,0,0.513427,5.32224,4.14526e+06,2.70226e+06,1.13604e+07,0,0,0,2.52431e+08,99.3022,98.274,3.49183,0,0,2.15212,1.84972,0,1.66234,2.96352,8.61469e+06,3.61194e+06,1.85399e+07,0,0,0,7.20693e+07
82.7539,85.139,2.75892,0.12,0,2.7414,3.0438,0,0.513583,5.32224,4.14526e+06,2.70226e+06,1.13638e+07,0,0,0,2.52431e+08,99.3022,98.274,3.42728,0,0,2.15263,1.85023,0,1.66273,2.96352,8.61469e+06,3.61194e+06,1.85442e+07,0,0,0,7.20693e+07
82.3739,85.139,2.57943,0.12,0,2.74223,3.04463,0,0.513739,5.32224,4.14526e+06,2.70226e+06,1.13673e+07,0,0,0,2.52431e+08,99.3022,98.274,3.50206,0,0,2.15314,1.85074,0,1.66312,2.96352,8.61469e+06,3.61194e+06,1.85486e+07,0,0,0,7.20693e+07
82.0296,85.139,2.66125,0.12,0,2.81414,3.11654,0,0.513895,5.32224,4.14526e+06,2.70226e+06,1.16653e+07,0,0,0,2.52431e+08,99.2804,98.274,3.43282,0,0,2.19888,1.89648,0,1.66351,2.96352,8.61469e+06,3.61194e+06,1.89426e+07,0,0,0,7.20693e+07
82.0593,85.139,3.03004,0.11,0,2.81499,3.11739,0,0.52737,5.32224,4.14526e+06,2.70226e+06,1.16689e+07,0,0,0,2.52431e+08,99.2387,98.274,3.65637,0,0,2.19939,1.89699,0,1.69885,2.96352,8.61469e+06,3.61194e+06,1.89471e+07,0,0,0,7.20693e+07
81.9069,85.139,2.83719,0.11,0,2.81584,3.11824,0,0.527529,5.32224,4.14526e+06,2.70226e+06,1.16724e+07,0,0,0,2.52431e+08,99.1632,98.274,3.65324,0,0,2.19991,1.89751,0,1.69925,2.96352,8.61469e+06,3.61194e+06,1.89516e+07,0,0,0,7.20693e+07
81.4464,85.139,2.51923,0.1,0,2.81669,3.11909,0,0.527689,5.32224,4.14526e+06,2.70226e+06,1.16759e+07,0,0,0,2.52431e+08,99.034,98.274,3.33438,0,0,2.20043,1.89803,0,1.69965,2.96352,8.61469e+06,3.61194e+06,1.8956e+07,0,0,0,7.20693e+07
80.5953,85.139,2.28386,0.11,0,3.02591,3.32831,0,0.527848,5.32224,4.14526e+06,2.70226e+06,1.25432e+07,0,0,0,2.52431e+08,98.8915,98.274,3.26353,0,0,2.36441,2.06201,0,1.70005,2.96352,8.61469e+06,3.61194e+06,2.03686e+07,0,0,0,7.20693e+07
79.8789,85.139,2.40466,0.11,0,3.02682,3.32922,0,0.567056,5.32224,4.14526e+06,2.70226e+06,1.2547e+07,0,0,0,2.52431e+08,98.6611,98.274,3.14818,0,0,2.36497,2.06257,0,1.82674,2.96352,8.61469e+06,3.61194e+06,2.03735e+07,0,0,0,7.20693e+07
79.529,85.139,2.79134,0.12,0,3.02773,3.33013,0,0.567226,5.32224,4.14526e+06,2.70226e+06,1.25507e+07,0,0,0,2.52431e+08,98.5673,98.274,3.75064,0,0,2.36553,2.06313,0,1.82717,2.96352,8.61469e+06,3.61194e+06,2.03783e+07,0,0,0,7.20693e+07
78.635,85.139,2.26105,0.12,0,3.02864,3.33104,0,0.567397,5.32224,4.14526e+06,2.70226e+06,1.25545e+07,0,0,0,2.52431e+08,98.2526,98.274,2.8386,0,0,2.36609,2.06369,0,1.82761,2.96352,8.61469e+06,3.61194e+06,2.03832e+07,0,0,0,7.20693e+07
78.1965,85.139,2.68906,0.19,0,3.02955,3.33195,0,0.567567,5.32224,4.14526e+06,2.70226e+06,1.25583e+07,0,0,0,2.52431e+08,98.3428,98.274,4.59863,0,0,2.36666,2.06426,0,1.82804,2.96352,8.61469e+06,3.61194e+06,2.0388e+07,0,0,0,7.20693e+07
77.2107,85.139,2.09303,0.18,0,2.92877,3.23117,0,0.567737,5.32224,4.14526e+06,2.70226e+06,1.21405e+07,0,0,0,2.52431e+08,98.2891,98.274,3.45725,0,0,2.26787,1.96547,0,1.82848,2.96352,8.61469e+06,3.61194e+06,1.9537e+07,0,0,0,7.20693e+07
75.8145,85.139,1.68197,0.18,0,2.92965,3.23205,0,0.548851,5.32224,4.14526e+06,2.70226e+06,1.21441e+07,0,0,0,2.52431e+08,97.9728,98.274,2.59229,0,0,2.26841,1.96601,0,1.75216,2.96352,8.61469e+06,3.61194e+06,1.95416e+07,0,0,0,7.20693e+07
74.3235,85.139,1.57927,0.17,0,2.93053,3.23293,0,0.549016,5.32224,4.14526e+06,2.70226e+06,1.21478e+07,0,0,0,2.52431e+08,97.6407,98.274,2.47878,0,0,2.26895,1.96655,0,1.75257,2.96352,8.61469e+06,3.61194e+06,1.95463e+07,0,0,0,7.20693e+07
75.4508,85.139,4.14121,0.17,0,2.93141,3.23381,0,0.549182,5.32224,4.14526e+06,2.70226e+06,1.21515e+07,0,0,0,2.52431e+08,97.6346,98.274,4.14428,0,0,2.26948,1.96708,0,1.75299,2.96352,8.61469e+06,3.61194e+06,1.95509e+07,0,0,0,7.20693e+07
78.8764,85.139,6.65324,0.17,0,2.84873,3.15113,0,0.549347,5.32224,4.14526e+06,2.70226e+06,1.18087e+07,0,0,0,2.52431e+08,97.8349,98.274,5.5264,0,0,2.17949,1.87709,0,1.7534,2.96352,8.61469e+06,3.61194e+06,1.87756e+07,0,0,0,7.20693e+07
76.9398,85.139,1.11313,0.18,0,2.84959,3.15199,0,0.533853,5.32224,4.14526e+06,2.70226e+06,1.18123e+07,0,0,0,2.52431e+08,97.3676,98.274,1.58121,0,0,2.18,1.8776,0,1.68387,2.96352,8.61469e+06,3.61194e+06,1.878e+07,0,0,0,7.20693e+07
75.5995,85.139,1.74655,0.18,0,2.85045,3.15285,0,0.534014,5.32224,4.14526e+06,2.70226e+06,1.18159e+07,0,0,0,2.52431e+08,97.0792,98.274,2.44153,0,0,2.18051,1.87811,0,1.68427,2.96352,8.61469e+06,3.61194e+06,1.87844e+07,0,0,0,7.20693e+07
75.514,85.139,3.08151,0.18,0,2.85131,3.15371,0,0.534175,5.32224,4.14526e+06,2.70226e+06,1.18194e+07,0,0,0,2.52431e+08,97.2289,98.274,3.31562,0,0,2.18103,1.87863,0,1.68466,2.96352,8.61469e+06,3.61194e+06,1.87889e+07,0,0,0,7.20693e+07
76.1348,85.139,3.60082,0.18,0,2.6146,2.917,0,0.534336,5.32224,4.14526e+06,2.70226e+06,1.08382e+07,0,0,0,2.52431e+08,97.3535,98.274,3.26597,0,0,1.99278,1.69038,0,1.68506,2.96352,8.61469e+06,3.61194e+06,1.71672e+07,0,0,0,7.20693e+07
76.13,85.139,2.98038,0.18,0,2.61539,2.91779,0,0.489976,5.32224,4.14526e+06,2.70226e+06,1.08415e+07,0,0,0,2.52431e+08,97.3728,98.274,3.04387,0,0,1.99325,1.69085,0,1.53963,2.96352,8.61469e+06,3.61194e+06,1.71712e+07,0,0,0,7.20693e+07
76.4549,85.139,3.36414,0.18,0,2.61619,2.91859,0,0.490125,5.32224,4.14526e+06,2.70226e+06,1.08448e+07,0,0,0,2.52431e+08,97.4635,98.274,3.41085,0,0,1.99371,1.69131,0,1.53998,2.96352,8.61469e+06,3.61194e+06,1.71752e+07,0,0,0,7.20693e+07
76.4323,85.139,2.98739,0.18,0,2.61698,2.91938,0,0.490274,5.32224,4.14526e+06,2.70226e+06,1.08481e+07,0,0,0,2.52431e+08,97.4895,98.274,2.82593,0,0,1.99417,1.69177,0,1.54034,2.96352,8.61469e+06,3.61194e+06,1.71791e+07,0,0,0,7.20693e+07
76.5766,85.139,3.12489,0.19,0,2.61778,2.92018,0,0.490423,5.32224,4.14526e+06,2.70226e+06,1.08514e+07,0,0,0,2.52431e+08,97.4996,98.274,2.93613,0,0,1.99463,1.69223,0,1.54069,2.96352,8.61469e+06,3.61194e+06,1.71831e+07,0,0,0,7.20693e+07
78.1082,85.139,4.63098,0.18,0,2.71006,3.01246,0,0.490572,5.32224,4.14526e+06,2.70226e+06,1.12339e+07,0,0,0,2.52431e+08,97.595,98.274,3.35212,0,0,2.04981,1.74741,0,1.54105,2.96352,8.61469e+06,3.61194e+06,1.76585e+07,0,0,0,7.20693e+07
80.2302,85.139,5.27937,0.18,0,2.71085,3.01325,0,0.507865,5.32224,4.14526e+06,2.70226e+06,1.12372e+07,0,0,0,2.52431e+08,97.456,98.274,2.47776,0,0,2.05027,1.74787,0,1.58368,2.96352,8.61469e+06,3.61194e+06,1.76624e+07,0,0,0,7.20693e+07
82.9487,85.139,5.84863,0.15,0,2.71164,3.01404,0,0.508013,5.32224,4.14526e+06,2.70226e+06,1.12404e+07,0,0,0,2.52431e+08,97.3483,98.274,2.482,0,0,2.05072,1.74832,0,1.58404,2.96352,8.61469e+06,3.61194e+06,1.76663e+07,0,0,0,7.20693e+07
85.139,85.139,7.95811,0.15,0,2.71243,3.01483,0,0.508161,5.32224,4.14526e+06,2.70226e+06,1.12437e+07,0,0,0,2.52431e+08,97.3809,98.274,2.80426,0,0,2.05118,1.74878,0,1.58439,2.96352,8.61469e+06,3.61194e+06,1.76703e+07,0,0,0,7.20693e+07
85.139,85.139,13.2215,0.12,0,3.00735,3.30975,0,0.508308,5.32224,4.14526e+06,2.70226e+06,1.24662e+07,0,0,0,2.52431e+08,98.547,98.274,8.09333,0,0,2.25731,1.95491,0,1.58474,2.96352,8.61469e+06,3.61194e+06,1.9446e+07,0,0,0,7.20693e+07
85.139,85.139,6.37482,0.12,0,3.00821,3.31061,0,0.563577,5.32224,4.14526e+06,2.70226e+06,1.24698e+07,0,0,0,2.52431e+08,98.6881,98.274,3.14186,0,0,2.25782,1.95542,0,1.744,2.96352,8.61469e+06,3.61194e+06,1.94504e+07,0,0,0,7.20693e+07
85.139,85.139,10.5604,0.12,0,3.00908,3.31148,0,0.563739,5.32224,4.14526e+06,2.70226e+06,1.24734e+07,0,0,0,2.52431e+08,99.3022,98.274,5.40995,0,0,2.25833,1.95593,0,1.74439,2.96352,8.61469e+06,3.61194e+06,1.94548e+07,0,0,0,7.20693e+07
85.139,85.139,7.64594,0.12,0,3.00995,3.31235,0,0.563902,5.32224,4.14526e+06,2.70226e+06,1.2477e+07,0,0,0,2.52431e+08,99.1791,98.274,4.01243,0,0,2.25884,1.95644,0,1.74479,2.96352,8.61469e+06,3.61194e+06,1.94592e+07,0,0,0,7.20693e+07
85.139,85.139,5.61537,0.12,0,2.59084,2.89324,0,0.564064,5.32224,4.14526e+06,2.70226e+06,1.07397e+07,0,0,0,2.52431e+08,99.0428,98.274,2.56217,0,0,1.98305,1.68065,0,1.74518,2.96352,8.61469e+06,3.61194e+06,1.70834e+07,0,0,0,7.20693e+07
85.139,85.139,11.3544,0.12,0,2.5916,2.894,0,0.485524,5.32224,4.14526e+06,2.70226e+06,1.07428e+07,0,0,0,2.52431e+08,99.3022,98.274,7.05321,0,0,1.98349,1.68109,0,1.5321,2.96352,8.61469e+06,3.61194e+06,1.70871e+07,0,0,0,7.20693e+07
85.139,85.139,9.09349,0.14,0,2.59235,2.89475,0,0.485665,5.32224,4.14526e+06,2.70226e+06,1.0746e+07,0,0,0,2.52431e+08,99.3022,98.274,6.20721,0,0,1.98393,1.68153,0,1.53244,2.96352,8.61469e+06,3.61194e+06,1.70909e+07,0,0,0,7.20693e+07
85.139,85.139,8.14614,0.15,0,2.59311,2.89551,0,0.485807,5.32224,4.14526e+06,2.70226e+06,1.07491e+07,0,0,0,2.52431e+08,99.3022,98.274,6.02683,0,0,1.98437,1.68197,0,1.53278,2.96352,8.61469e+06,3.61194e+06,1.70947e+07,0,0,0,7.20693e+07
85.139,85.139,11.2594,0.16,0,2.59387,2.89627,0,0.485949,5.32224,4.14526e+06,2.70226e+06,1.07522e+07,0,0,0,2.52431e+08,99.3022,98.274,7.06068,0,0,1.98481,1.68241,0,1.53312,2.96352,8.61469e+06,3.61194e+06,1.70985e+07,0,0,0,7.20693e+07
85.139,85.139,11.1894,0.19,0,2.70047,3.00287,0,0.48609,5.32224,4.14526e+06,2.70226e+06,1.11942e+07,0,0,0,2.52431e+08,99.3022,98.274,6.60703,0,0,2.05293,1.75053,0,1.53346,2.96352,8.61469e+06,3.61194e+06,1.76854e+07,0,0,0,7.20693e+07
85.139,85.139,9.81058,0.19,0,2.70126,3.00366,0,0.506069,5.32224,4.14526e+06,2.70226e+06,1.11974e+07,0,0,0,2.52431e+08,99.3022,98.274,7.52156,0,0,2.05339,1.75099,0,1.58609,2.96352,8.61469e+06,3.61194e+06,1.76893e+07,0,0,0,7.20693e+07
85.139,85.139,7.89265,0.21,0,2.70204,3.00444,0,0.506216,5.32224,4.14526e+06,2.70226e+06,1.12007e+07,0,0,0,2.52431e+08,99.3022,98.274,6.86183,0,0,2.05384,1.75144,0,1.58645,2.96352,8.61469e+06,3.61194e+06,1.76932e+07,0,0,0,7.20693e+07
85.139,85.139,6.04098,0.23,0,2.70283,3.00523,0,0.506363,5.32224,4.14526e+06,2.70226e+06,1.12039e+07,0,0,0,2.52431e+08,99.3022,98.274,5.04823,0,0,2.0543,1.7519,0,1.5868,2.96352,8.61469e+06,3.61194e+06,1.76972e+07,0,0,0,7.20693e+07
85.139,85.139,6.42867,0.21,0,2.66218,2.96458,0,0.50651,5.32224,4.14526e+06,2.70226e+06,1.10354e+07,0,0,0,2.52431e+08,99.3022,98.274,5.08324,0,0,2.02844,1.72604,0,1.58715,2.96352,8.61469e+06,3.61194e+06,1.74744e+07,0,0,0,7.20693e+07
85.139,85.139,6.83245,0.19,0,2.66296,2.96536,0,0.498893,5.32224,4.14526e+06,2.70226e+06,1.10386e+07,0,0,0,2.52431e+08,99.3022,98.274,5.59703,0,0,2.0289,1.7265,0,1.56718,2.96352,8.61469e+06,3.61194e+06,1.74783e+07,0,0,0,7.20693e+07
85.139,85.139,5.9545,0.17,0,2.66373,2.96613,0,0.499038,5.32224,4.14526e+06,2.70226e+06,1.10418e+07,0,0,0,2.52431e+08,99.3022,98.274,5.11489,0,0,2.02935,1.72695,0,1.56752,2.96352,8.61469e+06,3.61194e+06,1.74822e+07,0,0,0,7.20693e+07
85.139,85.139,5.32388,0.18,0,2.6645,2.9669,0,0.499183,5.32224,4.14526e+06,2.70226e+06,1.10451e+07,0,0,0,2.52431e+08,99.3022,98.274,4.48999,0,0,2.0298,1.7274,0,1.56787,2.96352,8.61469e+06,3.61194e+06,1.74861e+07,0,0,0,7.20693e+07
85.139,85.139,4.92924,0.16,0,2.80606,3.10846,0,0.499328,5.32224,4.14526e+06,2.70226e+06,1.16318e+07,0,0,0,2.52431e+08,99.3022,98.274,4.21027,0,0,2.12366,1.82126,0,1.56822,2.96352,8.61469e+06,3.61194e+06,1.82947e+07,0,0,0,7.20693e+07
85.139,85.139,4.61062,0.14,0,2.80687,3.10927,0,0.525855,5.32224,4.14526e+06,2.70226e+06,1.16352e+07,0,0,0,2.52431e+08,99.3022,98.274,4.01024,0,0,2.12414,1.82174,0,1.64074,2.96352,8.61469e+06,3.61194e+06,1.82988e+07,0,0,0,7.20693e+07
85.139,85.139,4.44976,0.13,0,2.80768,3.11008,0,0.526007,5.32224,4.14526e+06,2.70226e+06,1.16386e+07,0,0,0,2.52431e+08,99.3022,98.274,4.03184,0,0,2.12462,1.82222,0,1.64111,2.96352,8.61469e+06,3.61194e+06,1.83029e+07,0,0,0,7.20693e+07
85.139,85.139,4.24815,0.13,0,2.80849,3.11089,0,0.526159,5.32224,4.14526e+06,2.70226e+06,1.16419e+07,0,0,0,2.52431e+08,99.3022,98.274,3.90122,0,0,2.12509,1.82269,0,1.64148,2.96352,8.61469e+06,3.61194e+06,1.8307e+07,0,0,0,7.20693e+07
85.139,85.139,3.97135,0.13,0,2.8093,3.1117,0,0.526311,5.32224,4.14526e+06,2.70226e+06,1.16453e+07,0,0,0,2.52431e+08,99.2794,98.274,3.67861,0,0,2.12557,1.82317,0,1.64185,2.96352,8.61469e+06,3.61194e+06,1.83111e+07,0,0,0,7.20693e+07
85.139,85.139,4.41214,0.12,0,2.78224,3.08464,0,0.526463,5.32224,4.14526e+06,2.70226e+06,1.15331e+07,0,0,0,2.52431e+08,99.2438,98.274,3.52447,0,0,2.17745,1.87505,0,1.64221,2.96352,8.61469e+06,3.61194e+06,1.87581e+07,0,0,0,7.20693e+07
85.139,85.139,4.67805,0.11,0,2.78304,3.08544,0,0.521391,5.32224,4.14526e+06,2.70226e+06,1.15364e+07,0,0,0,2.52431e+08,99.2386,98.274,3.11677,0,0,2.17794,1.87554,0,1.6823,2.96352,8.61469e+06,3.61194e+06,1.87623e+07,0,0,0,7.20693e+07
85.139,85.139,4.45098,0.1,0,2.78385,3.08625,0,0.521542,5.32224,4.14526e+06,2.70226e+06,1.15398e+07,0,0,0,2.52431e+08,99.1624,98.274,3.03764,0,0,2.17843,1.87603,0,1.68268,2.96352,8.61469e+06,3.61194e+06,1.87665e+07,0,0,0,7.20693e+07
85.139,85.139,4.18165,0.09,0,2.78465,3.08705,0,0.521693,5.32224,4.14526e+06,2.70226e+06,1.15431e+07,0,0,0,2.52431e+08,99.0669,98.274,3.05968,0,0,2.17892,1.87652,0,1.68306,2.96352,8.61469e+06,3.61194e+06,1.87707e+07,0,0,0,7.20693e+07
85.139,85.139,3.83408,0.08,0,2.85752,3.15992,0,0.521844,5.32224,4.14526e+06,2.70226e+06,1.18452e+07,0,0,0,2.52431e+08,98.9168,98.274,2.84083,0,0,2.22528,1.92288,0,1.68343,2.96352,8.61469e+06,3.61194e+06,1.91701e+07,0,0,0,7.20693e+07
85.139,85.139,3.61911,0.09,0,2.85835,3.16075,0,0.5355,5.32224,4.14526e+06,2.70226e+06,1.18486e+07,0,0,0,2.52431e+08,98.5937,98.274,2.49272,0,0,2.22578,1.92338,0,1.71925,2.96352,8.61469e+06,3.61194e+06,1.91744e+07,0,0,0,7.20693e+07
85.139,85.139,3.38858,0.09,0,2.85917,3.16157,0,0.535654,5.32224,4.14526e+06,2.70226e+06,1.1852e+07,0,0,0,2.52431e+08,98.2483,98.274,2.49215,0,0,2.22628,1.92388,0,1.71964,2.96352,8.61469e+06,3.61194e+06,1.91787e+07,0,0,0,7.20693e+07
85.139,85.139,3.0029,0.09,0,2.85999,3.16239,0,0.535809,5.32224,4.14526e+06,2.70226e+06,1.18554e+07,0,0,0,2.52431e+08,97.8675,98.274,2.27606,0,0,2.22678,1.92438,0,1.72002,2.96352,8.61469e+06,3.61194e+06,1.9183e+07,0,0,0,7.20693e+07
84.72,85.139,2.71827,0.09,0,3.07208,3.37448,0,0.535963,5.32224,4.14526e+06,2.70226e+06,1.27345e+07,0,0,0,2.52431e+08,97.4765,98.274,2.22866,0,0,2.39301,2.09061,0,1.72041,2.96352,8.61469e+06,3.61194e+06,2.0615e+07,0,0,0,7.20693e+07
83.9418,85.139,2.38331,0.16,0,3.07296,3.37536,0,0.575707,5.32224,4.14526e+06,2.70226e+06,1.27382e+07,0,0,0,2.52431e+08,97.0129,98.274,2.04153,0,0,2.39355,2.09115,0,1.84884,2.96352,8.61469e+06,3.61194e+06,2.06197e+07,0,0,0,7.20693e+07
82.9449,85.139,2.16756,0.17,0,3.07384,3.37624,0,0.575872,5.32224,4.14526e+06,2.70226e+06,1.27418e+07,0,0,0,2.52431e+08,96.4987,98.274,1.86354,0,0,2.3941,2.0917,0,1.84926,2.96352,8.61469e+06,3.61194e+06,2.06244e+07,0,0,0,7.20693e+07
82.0878,85.139,2.2956,0.16,0,3.07472,3.37712,0,0.576037,5.32224,4.14526e+06,2.70226e+06,1.27455e+07,0,0,0,2.52431e+08,96.0309,98.274,1.85178,0,0,2.39464,2.09224,0,1.84968,2.96352,8.61469e+06,3.61194e+06,2.06291e+07,0,0,0,7.20693e+07
82.3318,85.139,3.44344,0.18,0,3.0756,3.378,0,0.576202,5.32224,4.14526e+06,2.70226e+06,1.27491e+07,0,0,0,2.52431e+08,95.654,98.274,2.18655,0,0,2.39519,2.09279,0,1.8501,2.96352,8.61469e+06,3.61194e+06,2.06338e+07,0,0,0,7.20693e+07
84.0275,85.139,4.86022,0.18,0,2.97338,3.27578,0,0.576367,5.32224,4.14526e+06,2.70226e+06,1.23254e+07,0,0,0,2.52431e+08,95.463,98.274,2.66141,0,0,2.29501,1.99261,0,1.85052,2.96352,8.61469e+06,3.61194e+06,1.97708e+07,0,0,0,7.20693e+07
84.3546,85.139,3.49305,0.17,0,2.97424,3.27664,0,0.557212,5.32224,4.14526e+06,2.70226e+06,1.2329e+07,0,0,0,2.52431e+08,95.5104,98.274,4.02263,0,0,2.29553,1.99313,0,1.77313,2.96352,8.61469e+06,3.61194e+06,1.97753e+07,0,0,0,7.20693e+07
84.2811,85.139,3.09962,0.17,0,2.97509,3.27749,0,0.557372,5.32224,4.14526e+06,2.70226e+06,1.23325e+07,0,0,0,2.52431e+08,95.1319,98.274,2.44368,0,0,2.29605,1.99365,0,1.77353,2.96352,8.61469e+06,3.61194e+06,1.97798e+07,0,0,0,7.20693e+07
83.7566,85.139,2.63944,0.17,0,2.97594,3.27834,0,0.557532,5.32224,4.14526e+06,2.70226e+06,1.23361e+07,0,0,0,2.52431e+08,94.7055,98.274,2.23386,0,0,2.29657,1.99417,0,1.77393,2.96352,8.61469e+06,3.61194e+06,1.97842e+07,0,0,0,7.20693e+07
85.139,85.139,5.63554,0.17,0,2.89209,3.19449,0,0.557692,5.32224,4.14526e+06,2.70226e+06,1.19885e+07,0,0,0,2.52431e+08,94.7829,98.274,3.4556,0,0,2.20531,1.90291,0,1.77433,2.96352,8.61469e+06,3.61194e+06,1.89981e+07,0,0,0,7.20693e+07
85.139,85.139,3.2716,0.14,0,2.89292,3.19532,0,0.541978,5.32224,4.14526e+06,2.70226e+06,1.19919e+07,0,0,0,2.52431e+08,94.8904,98.274,2.81722,0,0,2.20581,1.90341,0,1.70383,2.96352,8.61469e+06,3.61194e+06,1.90024e+07,0,0,0,7.20693e+07
85.139,85.139,4.15393,0.14,0,2.89375,3.19615,0,0.542133,5.32224,4.14526e+06,2.70226e+06,1.19954e+07,0,0,0,2.52431e+08,95.2268,98.274,4.17936,0,0,2.20631,1.90391,0,1.70421,2.96352,8.61469e+06,3.61194e+06,1.90066e+07,0,0,0,7.20693e+07
85.139,85.139,3.44753,0.13,0,2.89459,3.19699,0,0.542289,5.32224,4.14526e+06,2.70226e+06,1.19988e+07,0,0,0,2.52431e+08,95.2605,98.274,3.70154,0,0,2.2068,1.9044,0,1.70459,2.96352,8.61469e+06,3.61194e+06,1.90109e+07,0,0,0,7.20693e+07
85.139,85.139,5.72075,0.15,0,2.65459,2.95699,0,0.542445,5.32224,4.14526e+06,2.70226e+06,1.10039e+07,0,0,0,2.52431e+08,95.8374,98.274,4.96898,0,0,2.01596,1.71356,0,1.70498,2.96352,8.61469e+06,3.61194e+06,1.73668e+07,0,0,0,7.20693e+07
85.139,85.139,5.32553,0.14,0,2.65536,2.95776,0,0.497469,5.32224,4.14526e+06,2.70226e+06,1.10071e+07,0,0,0,2.52431e+08,96.3713,98.274,4.38404,0,0,2.0164,1.714,0,1.55753,2.96352,8.61469e+06,3.61194e+06,1.73707e+07,0,0,0,7.20693e+07
85.139,85.139,5.24255,0.14,0,2.65613,2.95853,0,0.497614,5.32224,4.14526e+06,2.70226e+06,1.10103e+07,0,0,0,2.52431e+08,97.4266,98.274,6.08434,0,0,2.01685,1.71445,0,1.55787,2.96352,8.61469e+06,3.61194e+06,1.73745e+07,0,0,0,7.20693e+07
85.139,85.139,4.05828,0.14,0,2.6569,2.9593,0,0.497758,5.32224,4.14526e+06,2.70226e+06,1.10135e+07,0,0,0,2.52431e+08,97.3185,98.274,3.3489,0,0,2.0173,1.7149,0,1.55822,2.96352,8.61469e+06,3.61194e+06,1.73784e+07,0,0,0,7.20693e+07
85.139,85.139,3.98322,0.14,0,2.65767,2.96007,0,0.497902,5.32224,4.14526e+06,2.70226e+06,1.10167e+07,0,0,0,2.52431e+08,97.0983,98.274,2.61952,0,0,2.01774,1.71534,0,1.55856,2.96352,8.61469e+06,3.61194e+06,1.73822e+07,0,0,0,7.20693e+07
85.139,85.139,3.41525,0.13,0,2.65767,2.96007,0,0.498047,5.32224,4.14526e+06,2.70226e+06,1.10167e+07,0,0,0,2.52431e+08,97.0458,98.274,3.00032,0,0,2.01774,1.71534,0,1.55891,2.96352,8.61469e+06,3.61194e+06,1.73822e+07,0,0,0,7.20693e+07
85.139,85.139,6.22128,0.13,0.02,2.75117,3.05357,0,0.498047,5.32224,4.14526e+06,2.70226e+06,1.14043e+07,0,0,0,2.52431e+08,97.6044,98.274,5.06595,0,0,2.07366,1.77126,0,1.55891,2.96352,8.61469e+06,3.61194e+06,1.78639e+07,0,0,0,7.20693e+07
85.139,85.139,5.84649,0.14,0.02,2.75193,3.05433,0,0.51557,5.32224,4.14526e+06,2.70226e+06,1.14075e+07,0,0,0,2.52431e+08,98.1002,98.274,4.86551,0,0,2.0741,1.7717,0,1.60211,2.96352,8.61469e+06,3.61194e+06,1.78677e+07,0,0,0,7.20693e+07
85.139,85.139,4.7784,0.14,0.02,2.7527,3.0551,0,0.515712,5.32224,4.14526e+06,2.70226e+06,1.14106e+07,0,0,0,2.52431e+08,98.5019,98.274,4.50876,0,0,2.07454,1.77214,0,1.60245,2.96352,8.61469e+06,3.61194e+06,1.78715e+07,0,0,0,7.20693e+07
85.139,85.139,8.42661,0.14,0.02,2.75346,3.05586,0,0.515855,5.32224,4.14526e+06,2.70226e+06,1.14138e+07,0,0,0,2.52431e+08,99.3022,98.274,6.54068,0,0,2.07498,1.77258,0,1.60279,2.96352,8.61469e+06,3.61194e+06,1.78753e+07,0,0,0,7.20693e+07
85.139,85.139,7.77297,0.14,0.02,3.05235,3.35475,0,0.515998,5.32224,4.14526e+06,2.70226e+06,1.26528e+07,0,0,0,2.52431e+08,99.3022,98.274,4.55686,0,0,2.28389,1.98149,0,1.60313,2.96352,8.61469e+06,3.61194e+06,1.9675e+07,0,0,0,7.20693e+07
85.139,85.139,4.71843,0.14,0.02,3.05319,3.35559,0,0.572011,5.32224,4.14526e+06,2.70226e+06,1.26563e+07,0,0,0,2.52431e+08,99.3022,98.274,4.50701,0,0,2.28439,1.98199,0,1.76454,2.96352,8.61469e+06,3.61194e+06,1.96793e+07,0,0,0,7.20693e+07
85.139,85.139,4.80862,0.14,0.02,3.05403,3.35643,0,0.572168,5.32224,4.14526e+06,2.70226e+06,1.26597e+07,0,0,0,2.52431e+08,99.3022,98.274,3.99804,0,0,2.28488,1.98248,0,1.76492,2.96352,8.61469e+06,3.61194e+06,1.96835e+07,0,0,0,7.20693e+07
85.139,85.139,5.04123,0.14,0.02,3.05486,3.35726,0,0.572325,5.32224,4.14526e+06,2.70226e+06,1.26632e+07,0,0,0,2.52431e+08,99.3022,98.274,4.01726,0,0,2.28538,1.98298,0,1.7653,2.96352,8.61469e+06,3.61194e+06,1.96878e+07,0,0,0,7.20693e+07
85.139,85.139,7.22585,0.16,0.02,2.63004,2.93244,0,0.572482,5.32224,4.14526e+06,2.70226e+06,1.09022e+07,0,0,0,2.52431e+08,99.3022,98.274,5.714,0,0,2.00582,1.70342,0,1.76568,2.96352,8.61469e+06,3.61194e+06,1.72795e+07,0,0,0,7.20693e+07
85.139,85.139,6.74029,0.18,0.02,2.63077,2.93317,0,0.49287,5.32224,4.14526e+06,2.70226e+06,1.09052e+07,0,0,0,2.52431e+08,99.3022,98.274,5.83217,0,0,2.00625,1.70385,0,1.5497,2.96352,8.61469e+06,3.61194e+06,1.72832e+07,0,0,0,7.20693e+07
85.139,85.139,12.362,0.19,0.02,2.6315,2.9339,0,0.493007,5.32224,4.14526e+06,2.70226e+06,1.09083e+07,0,0,0,2.52431e+08,99.3022,98.274,10.2017,0,0,2.00667,1.70427,0,1.55003,2.96352,8.61469e+06,3.61194e+06,1.72868e+07,0,0,0,7.20693e+07
85.139,85.139,11.5872,0.21,0.02,2.63223,2.93463,0,0.493144,5.32224,4.14526e+06,2.70226e+06,1.09113e+07,0,0,0,2.52431e+08,99.3022,98.274,9.32537,0,0,2.0071,1.7047,0,1.55035,2.96352,8.61469e+06,3.61194e+06,1.72905e+07,0,0,0,7.20693e+07
85.139,85.139,9.03564,0.24,0.02,2.63297,2.93537,0,0.493281,5.32224,4.14526e+06,2.70226e+06,1.09143e+07,0,0,0,2.52431e+08,99.3022,98.274,8.44435,0,0,2.00752,1.70512,0,1.55068,2.96352,8.61469e+06,3.61194e+06,1.72942e+07,0,0,0,7.20693e+07
85.139,85.139,6.68632,0.25,0.02,2.74098,3.04338,0,0.493418,5.32224,4.14526e+06,2.70226e+06,1.1362e+07,0,0,0,2.52431e+08,99.3022,98.274,6.99718,0,0,2.07654,1.77414,0,1.55101,2.96352,8.61469e+06,3.61194e+06,1.78888e+07,0,0,0,7.20693e+07
85.139,85.139,5.85122,0.27,0.02,2.74173,3.04413,0,0.513659,5.32224,4.14526e+06,2.70226e+06,1.13652e+07,0,0,0,2.52431e+08,99.3022,98.274,6.53856,0,0,2.07698,1.77458,0,1.60434,2.96352,8.61469e+06,3.61194e+06,1.78926e+07,0,0,0,7.20693e+07
85.139,85.139,5.99703,0.27,0.02,2.74249,3.04489,0,0.513801,5.32224,4.14526e+06,2.70226e+06,1.13683e+07,0,0,0,2.52431e+08,99.3022,98.274,6.73742,0,0,2.07743,1.77503,0,1.60468,2.96352,8.61469e+06,3.61194e+06,1.78964e+07,0,0,0,7.20693e+07
85.139,85.139,6.00601,0.26,0.02,2.74325,3.04565,0,0.513943,5.32224,4.14526e+06,2.70226e+06,1.13715e+07,0,0,0,2.52431e+08,99.3022,98.274,6.00343,0,0,2.07787,1.77547,0,1.60502,2.96352,8.61469e+06,3.61194e+06,1.79002e+07,0,0,0,7.20693e+07
85.139,85.139,4.82334,0.23,0.02,2.70202,3.00442,0,0.514085,5.32224,4.14526e+06,2.70226e+06,1.12006e+07,0,0,0,2.52431e+08,99.3022,98.274,5.00462,0,0,2.05164,1.74924,0,1.60536,2.96352,8.61469e+06,3.61194e+06,1.76743e+07,0,0,0,7.20693e+07
85.139,85.139,4.09893,0.21,0.02,2.70277,3.00517,0,0.506359,5.32224,4.14526e+06,2.70226e+06,1.12037e+07,0,0,0,2.52431e+08,99.3022,98.274,4.71063,0,0,2.05208,1.74968,0,1.5851,2.96352,8.61469e+06,3.61194e+06,1.7678e+07,0,0,0,7.20693e+07
85.139,85.139,4.17366,0.21,0.02,2.70352,3.00592,0,0.506499,5.32224,4.14526e+06,2.70226e+06,1.12068e+07,0,0,0,2.52431e+08,99.3022,98.274,4.72851,0,0,2.05251,1.75011,0,1.58543,2.96352,8.61469e+06,3.61194e+06,1.76818e+07,0,0,0,7.20693e+07
85.139,85.139,3.78341,0.18,0.02,2.70427,3.00667,0,0.50664,5.32224,4.14526e+06,2.70226e+06,1.12099e+07,0,0,0,2.52431e+08,99.3022,98.274,4.75941,0,0,2.05295,1.75055,0,1.58577,2.96352,8.61469e+06,3.61194e+06,1.76855e+07,0,0,0,7.20693e+07
85.139,85.139,3.58247,0.16,0.02,2.84768,3.15008,0,0.50678,5.32224,4.14526e+06,2.70226e+06,1.18044e+07,0,0,0,2.52431e+08,99.3022,98.274,3.99234,0,0,2.14805,1.84565,0,1.58611,2.96352,8.61469e+06,3.61194e+06,1.85048e+07,0,0,0,7.20693e+07
85.139,85.139,3.5165,0.15,0.02,2.84846,3.15086,0,0.533655,5.32224,4.14526e+06,2.70226e+06,1.18076e+07,0,0,0,2.52431e+08,99.3022,98.274,3.67256,0,0,2.14851,1.84611,0,1.65959,2.96352,8.61469e+06,3.61194e+06,1.85088e+07,0,0,0,7.20693e+07
85.0943,85.139,3.07282,0.14,0.02,2.84925,3.15165,0,0.533802,5.32224,4.14526e+06,2.70226e+06,1.18109e+07,0,0,0,2.52431e+08,99.3022,98.274,3.43963,0,0,2.14897,1.84657,0,1.65994,2.96352,8.61469e+06,3.61194e+06,1.85127e+07,0,0,0,7.20693e+07
84.9238,85.139,2.88585,0.19,0.02,2.85003,3.15243,0,0.533949,5.32224,4.14526e+06,2.70226e+06,1.18141e+07,0,0,0,2.52431e+08,99.3022,98.274,3.28376,0,0,2.14943,1.84703,0,1.6603,2.96352,8.61469e+06,3.61194e+06,1.85167e+07,0,0,0,7.20693e+07
85.139,85.139,3.81476,0.19,0.02,2.85082,3.15322,0,0.534096,5.32224,4.14526e+06,2.70226e+06,1.18174e+07,0,0,0,2.52431e+08,99.3022,98.274,3.49667,0,0,2.14989,1.84749,0,1.66065,2.96352,8.61469e+06,3.61194e+06,1.85206e+07,0,0,0,7.20693e+07
85.139,85.139,5.06857,0.13,0.02,2.82335,3.12575,0,0.534243,5.32224,4.14526e+06,2.70226e+06,1.17035e+07,0,0,0,2.52431e+08,99.3022,98.274,3.74011,0,0,2.20245,1.90005,0,1.66101,2.96352,8.61469e+06,3.61194e+06,1.89734e+07,0,0,0,7.20693e+07
85.139,85.139,4.82514,0.13,0.02,2.82413,3.12653,0,0.529097,5.32224,4.14526e+06,2.70226e+06,1.17068e+07,0,0,0,2.52431e+08,99.3022,98.274,3.65166,0,0,2.20292,1.90052,0,1.70161,2.96352,8.61469e+06,3.61194e+06,1.89775e+07,0,0,0,7.20693e+07
85.139,85.139,4.53487,0.13,0.02,2.82491,3.12731,0,0.529242,5.32224,4.14526e+06,2.70226e+06,1.171e+07,0,0,0,2.52431e+08,99.3022,98.274,3.67519,0,0,2.20339,1.90099,0,1.70198,2.96352,8.61469e+06,3.61194e+06,1.89815e+07,0,0,0,7.20693e+07
85.139,85.139,4.18253,0.12,0.02,2.82569,3.12809,0,0.529388,5.32224,4.14526e+06,2.70226e+06,1.17132e+07,0,0,0,2.52431e+08,99.3022,98.274,3.47564,0,0,2.20386,1.90146,0,1.70234,2.96352,8.61469e+06,3.61194e+06,1.89856e+07,0,0,0,7.20693e+07
85.139,85.139,4.55437,0.12,0.02,2.89949,3.20189,0,0.529534,5.32224,4.14526e+06,2.70226e+06,1.20191e+07,0,0,0,2.52431e+08,99.2348,98.274,3.16809,0,0,2.25081,1.94841,0,1.70271,2.96352,8.61469e+06,3.61194e+06,1.93901e+07,0,0,0,7.20693e+07
85.139,85.139,4.17064,0.14,0.02,2.90028,3.20268,0,0.543364,5.32224,4.14526e+06,2.70226e+06,1.20224e+07,0,0,0,2.52431e+08,99.1127,98.274,3.08591,0,0,2.2513,1.9489,0,1.73898,2.96352,8.61469e+06,3.61194e+06,1.93942e+07,0,0,0,7.20693e+07
85.139,85.139,3.78207,0.14,0.02,2.90108,3.20348,0,0.543513,5.32224,4.14526e+06,2.70226e+06,1.20257e+07,0,0,0,2.52431e+08,98.9528,98.274,2.83365,0,0,2.25178,1.94938,0,1.73935,2.96352,8.61469e+06,3.61194e+06,1.93984e+07,0,0,0,7.20693e+07
85.139,85.139,3.3192,0.14,0.02,2.90188,3.20428,0,0.543663,5.32224,4.14526e+06,2.70226e+06,1.2029e+07,0,0,0,2.52431e+08,98.7797,98.274,2.80596,0,0,2.25227,1.94987,0,1.73973,2.96352,8.61469e+06,3.61194e+06,1.94026e+07,0,0,0,7.20693e+07
85.139,85.139,3.40535,0.13,0.02,3.11673,3.41913,0,0.543812,5.32224,4.14526e+06,2.70226e+06,1.29196e+07,0,0,0,2.52431e+08,98.5071,98.274,2.50996,0,0,2.42067,2.11827,0,1.7401,2.96352,8.61469e+06,3.61194e+06,2.08533e+07,0,0,0,7.20693e+07
85.139,85.139,4.44641,0.13,0.02,3.11758,3.41998,0,0.584075,5.32224,4.14526e+06,2.70226e+06,1.29232e+07,0,0,0,2.52431e+08,98.3377,98.274,2.93911,0,0,2.4212,2.1188,0,1.87021,2.96352,8.61469e+06,3.61194e+06,2.08579e+07,0,0,0,7.20693e+07
85.139,85.139,3.54934,0.14,0.02,3.11843,3.42083,0,0.584234,5.32224,4.14526e+06,2.70226e+06,1.29267e+07,0,0,0,2.52431e+08,97.9466,98.274,2.14369,0,0,2.42172,2.11932,0,1.87062,2.96352,8.61469e+06,3.61194e+06,2.08624e+07,0,0,0,7.20693e+07
85.139,85.139,4.34103,0.14,0.02,3.11928,3.42168,0,0.584394,5.32224,4.14526e+06,2.70226e+06,1.29302e+07,0,0,0,2.52431e+08,97.9547,98.274,3.67252,0,0,2.42225,2.11985,0,1.87102,2.96352,8.61469e+06,3.61194e+06,2.08669e+07,0,0,0,7.20693e+07
85.139,85.139,3.2669,0.14,0.02,3.12013,3.42253,0,0.584553,5.32224,4.14526e+06,2.70226e+06,1.29337e+07,0,0,0,2.52431e+08,97.7187,98.274,2.65437,0,0,2.42278,2.12038,0,1.87143,2.96352,8.61469e+06,3.61194e+06,2.08715e+07,0,0,0,7.20693e+07
85.139,85.139,3.1467,0.13,0.02,3.01653,3.31893,0,0.584713,5.32224,4.14526e+06,2.70226e+06,1.25043e+07,0,0,0,2.52431e+08,97.6791,98.274,2.96436,0,0,2.32126,2.01886,0,1.87184,2.96352,8.61469e+06,3.61194e+06,1.99969e+07,0,0,0,7.20693e+07
85.139,85.139,3.49516,0.13,0.02,3.01736,3.31976,0,0.565298,5.32224,4.14526e+06,2.70226e+06,1.25077e+07,0,0,0,2.52431e+08,97.6281,98.274,2.66903,0,0,2.32176,2.01936,0,1.7934,2.96352,8.61469e+06,3.61194e+06,2.00012e+07,0,0,0,7.20693e+07
85.139,85.139,4.67922,0.16,0.02,3.01818,3.32058,0,0.565452,5.32224,4.14526e+06,2.70226e+06,1.25111e+07,0,0,0,2.52431e+08,97.7818,98.274,3.42146,0,0,2.32226,2.01986,0,1.79379,2.96352,8.61469e+06,3.61194e+06,2.00056e+07,0,0,0,7.20693e+07
85.139,85.139,6.01847,0.15,0.02,3.01901,3.32141,0,0.565607,5.32224,4.14526e+06,2.70226e+06,1.25146e+07,0,0,0,2.52431e+08,98.4637,98.274,5.08438,0,0,2.32276,2.02036,0,1.79418,2.96352,8.61469e+06,3.61194e+06,2.00099e+07,0,0,0,7.20693e+07
85.139,85.139,3.87525,0.16,0.02,2.93401,3.23641,0,0.565762,5.32224,4.14526e+06,2.70226e+06,1.21622e+07,0,0,0,2.52431e+08,98.6972,98.274,3.23238,0,0,2.23029,1.92789,0,1.79457,2.96352,8.61469e+06,3.61194e+06,1.92132e+07,0,0,0,7.20693e+07
85.139,85.139,3.88556,0.15,0.02,2.93481,3.23721,0,0.549833,5.32224,4.14526e+06,2.70226e+06,1.21656e+07,0,0,0,2.52431e+08,99.2913,98.274,3.91415,0,0,2.23077,1.92837,0,1.72312,2.96352,8.61469e+06,3.61194e+06,1.92173e+07,0,0,0,7.20693e+07
85.139,85.139,3.68563,0.17,0.02,2.93562,3.23802,0,0.549984,5.32224,4.14526e+06,2.70226e+06,1.21689e+07,0,0,0,2.52431e+08,99.3022,98.274,5.89935,0,0,2.23124,1.92884,0,1.72349,2.96352,8.61469e+06,3.61194e+06,1.92215e+07,0,0,0,7.20693e+07
85.139,85.139,6.05079,0.16,0.02,2.93642,3.23882,0,0.550135,5.32224,4.14526e+06,2.70226e+06,1.21722e+07,0,0,0,2.52431e+08,99.3022,98.274,5.04473,0,0,2.23172,1.92932,0,1.72386,2.96352,8.61469e+06,3.61194e+06,1.92256e+07,0,0,0,7.20693e+07
85.139,85.139,3.87605,0.16,0.02,2.69325,2.99565,0,0.550286,5.32224,4.14526e+06,2.70226e+06,1.11642e+07,0,0,0,2.52431e+08,99.3022,98.274,3.7924,0,0,2.03836,1.73596,0,1.72423,2.96352,8.61469e+06,3.61194e+06,1.75598e+07,0,0,0,7.20693e+07
85.139,85.139,4.29215,0.15,0.02,2.69399,2.99639,0,0.504714,5.32224,4.14526e+06,2.70226e+06,1.11673e+07,0,0,0,2.52431e+08,99.3022,98.274,6.0702,0,0,2.03879,1.73639,0,1.57484,2.96352,8.61469e+06,3.61194e+06,1.75636e+07,0,0,0,7.20693e+07
85.139,85.139,3.32335,0.16,0.02,2.69474,2.99714,0,0.504854,5.32224,4.14526e+06,2.70226e+06,1.11704e+07,0,0,0,2.52431e+08,99.068,98.274,3.36752,0,0,2.03922,1.73682,0,1.57517,2.96352,8.61469e+06,3.61194e+06,1.75673e+07,0,0,0,7.20693e+07
85.139,85.139,3.26188,0.16,0.02,2.69548,2.99788,0,0.504993,5.32224,4.14526e+06,2.70226e+06,1.11735e+07,0,0,0,2.52431e+08,98.561,98.274,2.66502,0,0,2.03965,1.73725,0,1.5755,2.96352,8.61469e+06,3.61194e+06,1.7571e+07,0,0,0,7.20693e+07
84.9631,85.139,3.00781,0.17,0.02,2.69622,2.99862,0,0.505133,5.32224,4.14526e+06,2.70226e+06,1.11765e+07,0,0,0,2.52431e+08,98.1873,98.274,2.05756,0,0,2.04009,1.73769,0,1.57584,2.96352,8.61469e+06,3.61194e+06,1.75747e+07,0,0,0,7.20693e+07
85.139,85.139,4.18756,0.19,0.02,2.79091,3.09331,0,0.505272,5.32224,4.14526e+06,2.70226e+06,1.1569e+07,0,0,0,2.52431e+08,98.447,98.274,3.77081,0,1,2.09671,1.79431,0,1.57617,2.96352,8.61469e+06,3.61194e+06,1.80625e+07,0,0,0,7.20693e+07
85.139,85.139,4.89447,0.15,0.02,2.79165,3.09405,0,0.523017,5.32224,4.14526e+06,2.70226e+06,1.15721e+07,0,0,0,2.52431e+08,99.0037,98.274,4.69081,0,1,2.09713,1.79473,0,1.61992,2.96352,8.61469e+06,3.61194e+06,1.80661e+07,0,0,0,7.20693e+07
85.139,85.139,6.57096,0.15,0.02,2.79238,3.09478,0,0.523155,5.32224,4.14526e+06,2.70226e+06,1.15751e+07,0,0,0,2.52431e+08,99.3022,98.274,6.01787,0,1,2.09756,1.79516,0,1.62024,2.96352,8.61469e+06,3.61194e+06,1.80698e+07,0,0,0,7.20693e+07
85.139,85.139,11.5787,0.16,0.02,2.79312,3.09552,0,0.523292,5.32224,4.14526e+06,2.70226e+06,1.15782e+07,0,0,0,2.52431e+08,99.3022,98.274,10.3836,0,1,2.09799,1.79559,0,1.62057,2.96352,8.61469e+06,3.61194e+06,1.80735e+07,0,0,0,7.20693e+07
85.139,85.139,9.96559,0.15,0.02,3.09585,3.39825,0,0.52343,5.32224,4.14526e+06,2.70226e+06,1.28331e+07,0,0,0,2.52431e+08,99.3022,98.274,9.74882,0,1,2.30959,2.00719,0,1.6209,2.96352,8.61469e+06,3.61194e+06,1.98964e+07,0,0,0,7.20693e+07
85.139,85.139,7.13007,0.16,0.02,3.09666,3.39906,0,0.580163,5.32224,4.14526e+06,2.70226e+06,1.28365e+07,0,0,0,2.52431e+08,99.3022,98.274,5.53473,0,1,2.31006,2.00766,0,1.78439,2.96352,8.61469e+06,3.61194e+06,1.99005e+07,0,0,0,7.20693e+07
85.139,85.139,5.82267,0.16,0.02,3.09747,3.39987,0,0.580314,5.32224,4.14526e+06,2.70226e+06,1.28398e+07,0,0,0,2.52431e+08,99.3022,98.274,4.55624,0,1,2.31054,2.00814,0,1.78475,2.96352,8.61469e+06,3.61194e+06,1.99046e+07,0,0,0,7.20693e+07
85.139,85.139,5.59041,0.17,0.02,3.09828,3.40068,0,0.580466,5.32224,4.14526e+06,2.70226e+06,1.28432e+07,0,0,0,2.52431e+08,99.3022,98.274,4.93921,0,1,2.31102,2.00862,0,1.78512,2.96352,8.61469e+06,3.61194e+06,1.99087e+07,0,0,0,7.20693e+07
85.139,85.139,7.70547,0.17,0.02,2.66792,2.97032,0,0.580617,5.32224,4.14526e+06,2.70226e+06,1.10592e+07,0,0,0,2.52431e+08,99.3022,98.274,8.47441,0,1,2.02783,1.72543,0,1.78549,2.96352,8.61469e+06,3.61194e+06,1.74691e+07,0,0,0,7.20693e+07
85.139,85.139,6.65286,0.19,0.02,2.66863,2.97103,0,0.499969,5.32224,4.14526e+06,2.70226e+06,1.10622e+07,0,0,0,2.52431e+08,99.3022,98.274,8.19799,0,1,2.02824,1.72584,0,1.5667,2.96352,8.61469e+06,3.61194e+06,1.74726e+07,0,0,0,7.20693e+07
85.139,85.139,8.57939,0.22,0.02,2.66934,2.97174,0,0.500101,5.32224,4.14526e+06,2.70226e+06,1.10651e+07,0,0,0,2.52431e+08,99.3022,98.274,9.29803,0,1,2.02865,1.72625,0,1.56702,2.96352,8.61469e+06,3.61194e+06,1.74762e+07,0,0,0,7.20693e+07
85.139,85.139,8.21518,0.25,0.02,2.67004,2.97244,0,0.500234,5.32224,4.14526e+06,2.70226e+06,1.1068e+07,0,0,0,2.52431e+08,99.3022,98.274,8.90845,0,1,2.02906,1.72666,0,1.56733,2.96352,8.61469e+06,3.61194e+06,1.74797e+07,0,0,0,7.20693e+07
85.139,85.139,11.7413,0.27,0.02,2.67075,2.97315,0,0.500366,5.32224,4.14526e+06,2.70226e+06,1.10709e+07,0,0,0,2.52431e+08,99.3022,98.274,11.2965,0,1,2.02947,1.72707,0,1.56765,2.96352,8.61469e+06,3.61194e+06,1.74832e+07,0,0,0,7.20693e+07
85.139,85.139,9.13803,0.28,0.02,2.78011,3.08251,0,0.500498,5.32224,4.14526e+06,2.70226e+06,1.15243e+07,0,0,0,2.52431e+08,99.3022,98.274,10.8979,0,1,2.09936,1.79696,0,1.56797,2.96352,8.61469e+06,3.61194e+06,1.80853e+07,0,0,0,7.20693e+07
85.139,85.139,7.32311,0.31,0.02,2.78084,3.08324,0,0.520993,5.32224,4.14526e+06,2.70226e+06,1.15273e+07,0,0,0,2.52431e+08,99.3022,98.274,9.38628,0,1,2.09978,1.79738,0,1.62196,2.96352,8.61469e+06,3.61194e+06,1.8089e+07,0,0,0,7.20693e+07
85.139,85.139,5.75938,0.33,0.02,2.78158,3.08398,0,0.52113,5.32224,4.14526e+06,2.70226e+06,1.15303e+07,0,0,0,2.52431e+08,99.3022,98.274,6.97863,0,1,2.10021,1.79781,0,1.62229,2.96352,8.61469e+06,3.61194e+06,1.80926e+07,0,0,0,7.20693e+07
85.139,85.139,5.20078,0.33,0.02,2.78231,3.08471,0,0.521267,5.32224,4.14526e+06,2.70226e+06,1.15334e+07,0,0,0,2.52431e+08,99.3022,98.274,7.4298,0,1,2.10064,1.79824,0,1.62262,2.96352,8.61469e+06,3.61194e+06,1.80963e+07,0,0,0,7.20693e+07
85.139,85.139,5.592,0.3,0.02,2.74052,3.04292,0,0.521405,5.32224,4.14526e+06,2.70226e+06,1.13601e+07,0,0,0,2.52431e+08,99.3022,98.274,5.65538,0,1,2.07405,1.77165,0,1.62295,2.96352,8.61469e+06,3.61194e+06,1.78673e+07,0,0,0,7.20693e+07
85.139,85.139,5.1729,0.27,0.02,2.74124,3.04364,0,0.513573,5.32224,4.14526e+06,2.70226e+06,1.13631e+07,0,0,0,2.52431e+08,99.3022,98.274,4.80943,0,1,2.07447,1.77207,0,1.60241,2.96352,8.61469e+06,3.61194e+06,1.78709e+07,0,0,0,7.20693e+07
85.139,85.139,4.80802,0.23,0.02,2.74196,3.04436,0,0.513708,5.32224,4.14526e+06,2.70226e+06,1.13661e+07,0,0,0,2.52431e+08,99.3022,98.274,4.38271,0,1,2.07489,1.77249,0,1.60274,2.96352,8.61469e+06,3.61194e+06,1.78746e+07,0,0,0,7.20693e+07
85.139,85.139,4.39252,0.22,0.02,2.74268,3.04508,0,0.513843,5.32224,4.14526e+06,2.70226e+06,1.13691e+07,0,0,0,2.52431e+08,99.3022,98.274,4.09788,0,1,2.07531,1.77291,0,1.60306,2.96352,8.61469e+06,3.61194e+06,1.78782e+07,0,0,0,7.20693e+07
85.139,85.139,4.31794,0.19,0.02,2.88789,3.19029,0,0.513979,5.32224,4.14526e+06,2.70226e+06,1.1971e+07,0,0,0,2.52431e+08,99.3022,98.274,4.1333,0,1,2.17161,1.86921,0,1.60339,2.96352,8.61469e+06,3.61194e+06,1.87078e+07,0,0,0,7.20693e+07
85.139,85.139,3.86176,0.18,0.02,2.88865,3.19105,0,0.54119,5.32224,4.14526e+06,2.70226e+06,1.19742e+07,0,0,0,2.52431e+08,99.3022,98.274,3.75458,0,1,2.17205,1.86965,0,1.67779,2.96352,8.61469e+06,3.61194e+06,1.87116e+07,0,0,0,7.20693e+07
85.139,85.139,3.67231,0.18,0.02,2.8894,3.1918,0,0.541332,5.32224,4.14526e+06,2.70226e+06,1.19773e+07,0,0,0,2.52431e+08,99.3022,98.274,3.49697,0,1,2.1725,1.8701,0,1.67813,2.96352,8.61469e+06,3.61194e+06,1.87154e+07,0,0,0,7.20693e+07
85.139,85.139,3.56845,0.18,0.02,2.89016,3.19256,0,0.541474,5.32224,4.14526e+06,2.70226e+06,1.19805e+07,0,0,0,2.52431e+08,99.3022,98.274,3.63101,0,1,2.17294,1.87054,0,1.67847,2.96352,8.61469e+06,3.61194e+06,1.87192e+07,0,0,0,7.20693e+07
85.139,85.139,3.21455,0.18,0.02,2.89092,3.19332,0,0.541616,5.32224,4.14526e+06,2.70226e+06,1.19836e+07,0,0,0,2.52431e+08,99.3022,98.274,3.41947,0,1,2.17339,1.87099,0,1.67881,2.96352,8.61469e+06,3.61194e+06,1.8723e+07,0,0,0,7.20693e+07
84.9792,85.139,2.94002,0.18,0.02,2.86307,3.16547,0,0.541758,5.32224,4.14526e+06,2.70226e+06,1.18682e+07,0,0,0,2.52431e+08,99.3022,98.274,3.12929,0,1,2.22659,1.92419,0,1.67916,2.96352,8.61469e+06,3.61194e+06,1.91814e+07,0,0,0,7.20693e+07
84.6212,85.139,2.72692,0.22,0.02,2.86382,3.16622,0,0.536539,5.32224,4.14526e+06,2.70226e+06,1.18713e+07,0,0,0,2.52431e+08,99.3022,98.274,3.11967,0,1,2.22704,1.92464,0,1.72026,2.96352,8.61469e+06,3.61194e+06,1.91853e+07,0,0,0,7.20693e+07
84.0843,85.139,2.53568,0.23,0.02,2.86457,3.16697,0,0.53668,5.32224,4.14526e+06,2.70226e+06,1.18744e+07,0,0,0,2.52431e+08,99.3022,98.274,3.12329,0,1,2.2275,1.9251,0,1.72061,2.96352,8.61469e+06,3.61194e+06,1.91892e+07,0,0,0,7.20693e+07
83.5035,85.139,2.47427,0.22,0.02,2.86532,3.16772,0,0.53682,5.32224,4.14526e+06,2.70226e+06,1.18775e+07,0,0,0,2.52431e+08,99.2537,98.274,2.97592,0,1,2.22796,1.92556,0,1.72097,2.96352,8.61469e+06,3.61194e+06,1.91931e+07,0,0,0,7.20693e+07
82.4485,85.139,2.03013,0.22,0.02,2.94002,3.24242,0,0.536961,5.32224,4.14526e+06,2.70226e+06,1.21871e+07,0,0,0,2.52431e+08,99.0192,98.274,2.43851,0,1,2.27548,1.97308,0,1.72132,2.96352,8.61469e+06,3.61194e+06,1.96025e+07,0,0,0,7.20693e+07
81.2438,85.139,1.86392,0.21,0.02,2.94079,3.24319,0,0.550959,5.32224,4.14526e+06,2.70226e+06,1.21903e+07,0,0,0,2.52431e+08,98.6521,98.274,2.2109,0,1,2.27594,1.97354,0,1.75803,2.96352,8.61469e+06,3.61194e+06,1.96065e+07,0,0,0,7.20693e+07
79.9028,85.139,1.71073,0.22,0.02,2.94156,3.24396,0,0.551103,5.32224,4.14526e+06,2.70226e+06,1.21935e+07,0,0,0,2.52431e+08,98.337,98.274,2.09091,0,1,2.27641,1.97401,0,1.75839,2.96352,8.61469e+06,3.61194e+06,1.96106e+07,0,0,0,7.20693e+07
78.9085,85.139,2.03943,0.22,0.02,2.94232,3.24472,0,0.551248,5.32224,4.14526e+06,2.70226e+06,1.21967e+07,0,0,0,2.52431e+08,98.1758,98.274,2.78191,0,1,2.27688,1.97448,0,1.75876,2.96352,8.61469e+06,3.61194e+06,1.96146e+07,0,0,0,7.20693e+07
77.2545,85.139,1.54016,0.25,0.02,3.15985,3.46225,0,0.551392,5.32224,4.14526e+06,2.70226e+06,1.30984e+07,0,0,0,2.52431e+08,97.7603,98.274,2.21187,0,1,2.44738,2.14498,0,1.75912,2.96352,8.61469e+06,3.61194e+06,2.10834e+07,0,0,0,7.20693e+07
75.1377,85.139,1.06003,0.25,0.02,3.17406,3.46307,0,0.592155,5.32224,4.14526e+06,2.70226e+06,1.31573e+07,0,0,0,2.52431e+08,97.2096,98.274,1.90705,0,1,2.4345,2.14549,0,1.89085,2.96352,8.61469e+06,3.61194e+06,2.09725e+07,0,0,0,7.20693e+07
73.0571,85.139,1.07557,0.25,0.02,3.17539,3.46389,0,0.594818,5.32224,4.14526e+06,2.70226e+06,1.31628e+07,0,0,0,2.52431e+08,96.7697,98.274,1.8435,0,1,2.4345,2.146,0,1.88089,2.96352,8.61469e+06,3.61194e+06,2.09725e+07,0,0,0,7.20693e+07
71.4847,85.139,1.59022,0.27,0.02,3.17672,3.46471,0,0.595067,5.32224,4.14526e+06,2.70226e+06,1.31683e+07,0,0,0,2.52431e+08,96.426,98.274,2.18504,0,1,2.4345,2.14651,0,1.8809,2.96352,8.61469e+06,3.61194e+06,2.09725e+07,0,0,0,7.20693e+07
70.5868,85.139,2.30118,0.27,0.02,3.17805,3.46553,0,0.595317,5.32224,4.14526e+06,2.70226e+06,1.31738e+07,0,0,0,2.52431e+08,96.3186,98.274,2.57817,0,1,2.4345,2.14702,0,1.8809,2.96352,8.61469e+06,3.61194e+06,2.09725e+07,0,0,0,7.20693e+07
69.4848,85.139,1.94323,0.27,0.02,3.07361,3.36059,0,0.595566,5.32224,4.14526e+06,2.70226e+06,1.27409e+07,0,0,0,2.52431e+08,96.8656,98.274,4.48742,0,1,2.33117,2.0442,0,1.8809,2.96352,8.61469e+06,3.61194e+06,2.00823e+07,0,0,0,7.20693e+07
68.185,85.139,1.72563,0.27,0.02,3.05898,3.36138,0,0.575995,5.32224,4.14526e+06,2.70226e+06,1.26803e+07,0,0,0,2.52431e+08,96.7832,98.274,2.7984,0,1,2.34708,2.04468,0,1.80106,2.96352,8.61469e+06,3.61194e+06,2.02194e+07,0,0,0,7.20693e+07
66.6107,85.139,1.43367,0.27,0.02,3.05978,3.36218,0,0.573254,5.32224,4.14526e+06,2.70226e+06,1.26836e+07,0,0,0,2.52431e+08,96.5975,98.274,2.49169,0,1,2.34757,2.04517,0,1.81336,2.96352,8.61469e+06,3.61194e+06,2.02236e+07,0,0,0,7.20693e+07
66.1355,85.139,2.65815,0.28,0.02,3.06058,3.36298,0,0.573403,5.32224,4.14526e+06,2.70226e+06,1.26869e+07,0,0,0,2.52431e+08,96.9121,98.274,3.47636,0,1,2.34805,2.04565,0,1.81373,2.96352,8.61469e+06,3.61194e+06,2.02277e+07,0,0,0,7.20693e+07
65.5878,85.139,2.58638,0.29,0.02,2.97448,3.27688,0,0.573552,5.32224,4.14526e+06,2.70226e+06,1.233e+07,0,0,0,2.52431e+08,97.2504,98.274,3.40671,0,1,2.25439,1.95199,0,1.8141,2.96352,8.61469e+06,3.61194e+06,1.94209e+07,0,0,0,7.20693e+07
66.0594,85.139,3.59413,0.29,0.02,2.97526,3.27766,0,0.557417,5.32224,4.14526e+06,2.70226e+06,1.23332e+07,0,0,0,2.52431e+08,98.017,98.274,4.8635,0,1,2.25486,1.95246,0,1.74174,2.96352,8.61469e+06,3.61194e+06,1.94249e+07,0,0,0,7.20693e+07
65.662,85.139,2.67822,0.29,0.02,2.97603,3.27843,0,0.557563,5.32224,4.14526e+06,2.70226e+06,1.23364e+07,0,0,0,2.52431e+08,98.866,98.274,5.05386,0,1,2.25532,1.95292,0,1.7421,2.96352,8.61469e+06,3.61194e+06,1.94289e+07,0,0,0,7.20693e+07
65.9916,85.139,3.47924,0.29,0.02,2.97681,3.27921,0,0.557708,5.32224,4.14526e+06,2.70226e+06,1.23396e+07,0,0,0,2.52431e+08,99.2812,98.274,4.26991,0,1,2.25578,1.95338,0,1.74246,2.96352,8.61469e+06,3.61194e+06,1.94328e+07,0,0,0,7.20693e+07
70.4522,85.139,7.6756,0.31,0.02,2.73056,3.03296,0,0.557854,5.32224,4.14526e+06,2.70226e+06,1.13189e+07,0,0,0,2.52431e+08,99.3022,98.274,6.2278,0,1,2.05999,1.75759,0,1.74282,2.96352,8.61469e+06,3.61194e+06,1.77461e+07,0,0,0,7.20693e+07
71.6486,85.139,4.21325,0.25,0.02,2.73128,3.03368,0,0.511708,5.32224,4.14526e+06,2.70226e+06,1.13219e+07,0,0,0,2.52431e+08,99.3022,98.274,4.36752,0,1,2.0604,1.758,0,1.59155,2.96352,8.61469e+06,3.61194e+06,1.77497e+07,0,0,0,7.20693e+07
73.7896,85.139,5.31867,0.27,0.02,2.732,3.0344,0,0.511842,5.32224,4.14526e+06,2.70226e+06,1.13248e+07,0,0,0,2.52431e+08,99.3022,98.274,5.76384,0,1,2.06082,1.75842,0,1.59187,2.96352,8.61469e+06,3.61194e+06,1.77533e+07,0,0,0,7.20693e+07
73.8015,85.139,3.07762,0.26,0.02,2.73272,3.03512,0,0.511977,5.32224,4.14526e+06,2.70226e+06,1.13278e+07,0,0,0,2.52431e+08,99.3022,98.274,3.54524,0,1,2.06123,1.75883,0,1.59219,2.96352,8.61469e+06,3.61194e+06,1.77569e+07,0,0,0,7.20693e+07
73.5751,85.139,2.81278,0.28,0.02,2.73344,3.03584,0,0.512112,5.32224,4.14526e+06,2.70226e+06,1.13308e+07,0,0,0,2.52431e+08,99.1506,98.274,2.86969,0,1,2.06165,1.75925,0,1.59251,2.96352,8.61469e+06,3.61194e+06,1.77605e+07,0,0,0,7.20693e+07
77.457,85.139,7.34563,0.33,0.02,2.82926,3.13166,0,0.512246,5.32224,4.14526e+06,2.70226e+06,1.1728e+07,0,0,0,2.52431e+08,99.3022,98.274,7.70213,0,1,2.11895,1.81655,0,1.59283,2.96352,8.61469e+06,3.61194e+06,1.82541e+07,0,0,0,7.20693e+07
80.4766,85.139,6.42502,0.32,0.02,2.82997,3.13237,0,0.530204,5.32224,4.14526e+06,2.70226e+06,1.1731e+07,0,0,0,2.52431e+08,99.3022,98.274,6.99736,0,1,2.11936,1.81696,0,1.6371,2.96352,8.61469e+06,3.61194e+06,1.82577e+07,0,0,0,7.20693e+07
82.5585,85.139,5.42366,0.23,0.02,2.83068,3.13308,0,0.530337,5.32224,4.14526e+06,2.70226e+06,1.17339e+07,0,0,0,2.52431e+08,99.3022,98.274,5.35838,0,1,2.11977,1.81737,0,1.63742,2.96352,8.61469e+06,3.61194e+06,1.82612e+07,0,0,0,7.20693e+07
85.139,85.139,6.72591,0.25,0.02,2.83139,3.13379,0,0.530469,5.32224,4.14526e+06,2.70226e+06,1.17368e+07,0,0,0,2.52431e+08,99.3022,98.274,5.84405,0,1,2.12019,1.81779,0,1.63774,2.96352,8.61469e+06,3.61194e+06,1.82647e+07,0,0,0,7.20693e+07
85.139,85.139,6.18865,0.17,0.02,3.13783,3.44023,0,0.530602,5.32224,4.14526e+06,2.70226e+06,1.30071e+07,0,0,0,2.52431e+08,99.3022,98.274,7.92966,0,1,2.33438,2.03198,0,1.63806,2.96352,8.61469e+06,3.61194e+06,2.01099e+07,0,0,0,7.20693e+07
85.139,85.139,7.82968,0.18,0.02,3.13861,3.44101,0,0.588029,5.32224,4.14526e+06,2.70226e+06,1.30103e+07,0,0,0,2.52431e+08,99.3022,98.274,10.7118,0,1,2.33484,2.03244,0,1.80354,2.96352,8.61469e+06,3.61194e+06,2.01139e+07,0,0,0,7.20693e+07
85.139,85.139,7.84437,0.17,0.02,3.13938,3.44178,0,0.588175,5.32224,4.14526e+06,2.70226e+06,1.30136e+07,0,0,0,2.52431e+08,99.3022,98.274,11.1212,0,1,2.3353,2.0329,0,1.8039,2.96352,8.61469e+06,3.61194e+06,2.01179e+07,0,0,0,7.20693e+07
85.139,85.139,6.59095,0.19,0.02,3.14016,3.44256,0,0.588321,5.32224,4.14526e+06,2.70226e+06,1.30168e+07,0,0,0,2.52431e+08,99.3022,98.274,9.34862,0,1,2.33576,2.03336,0,1.80425,2.96352,8.61469e+06,3.61194e+06,2.01218e+07,0,0,0,7.20693e+07
85.139,85.139,7.16703,0.2,0.02,2.70447,3.00687,0,0.588466,5.32224,4.14526e+06,2.70226e+06,1.12107e+07,0,0,0,2.52431e+08,99.3022,98.274,8.24923,0,1,2.04906,1.74666,0,1.80461,2.96352,8.61469e+06,3.61194e+06,1.7652e+07,0,0,0,7.20693e+07
85.139,85.139,6.40586,0.23,0.02,2.70515,3.00755,0,0.506819,5.32224,4.14526e+06,2.70226e+06,1.12136e+07,0,0,0,2.52431e+08,99.3022,98.274,6.10521,0,1,2.04945,1.74705,0,1.5831,2.96352,8.61469e+06,3.61194e+06,1.76554e+07,0,0,0,7.20693e+07
85.139,85.139,4.40658,0.27,0.02,2.70583,3.00823,0,0.506946,5.32224,4.14526e+06,2.70226e+06,1.12164e+07,0,0,0,2.52431e+08,99.3022,98.274,4.85195,0,1,2.04985,1.74745,0,1.58341,2.96352,8.61469e+06,3.61194e+06,1.76588e+07,0,0,0,7.20693e+07
85.139,85.139,5.8514,0.28,0.02,2.70651,3.00891,0,0.507073,5.32224,4.14526e+06,2.70226e+06,1.12192e+07,0,0,0,2.52431e+08,99.3022,98.274,5.654,0,1,2.05024,1.74784,0,1.58371,2.96352,8.61469e+06,3.61194e+06,1.76622e+07,0,0,0,7.20693e+07
85.139,85.139,6.21584,0.32,0.02,2.70719,3.00959,0,0.507201,5.32224,4.14526e+06,2.70226e+06,1.1222e+07,0,0,0,2.52431e+08,99.3022,98.274,6.13984,0,1,2.05064,1.74824,0,1.58402,2.96352,8.61469e+06,3.61194e+06,1.76656e+07,0,0,0,7.20693e+07
85.139,85.139,4.43242,0.34,0.02,2.81786,3.12026,0,0.507328,5.32224,4.14526e+06,2.70226e+06,1.16808e+07,0,0,0,2.52431e+08,99.3022,98.274,3.77088,0,1,2.12136,1.81896,0,1.58432,2.96352,8.61469e+06,3.61194e+06,1.82749e+07,0,0,0,7.20693e+07
85.139,85.139,5.59554,0.34,0.02,2.81857,3.12097,0,0.528067,5.32224,4.14526e+06,2.70226e+06,1.16837e+07,0,0,0,2.52431e+08,99.3022,98.274,8.16193,0,1,2.12177,1.81937,0,1.63896,2.96352,8.61469e+06,3.61194e+06,1.82784e+07,0,0,0,7.20693e+07
85.139,85.139,4.44897,0.34,0.02,2.81927,3.12167,0,0.5282,5.32224,4.14526e+06,2.70226e+06,1.16866e+07,0,0,0,2.52431e+08,99.3022,98.274,5.17275,0,1,2.12218,1.81978,0,1.63928,2.96352,8.61469e+06,3.61194e+06,1.8282e+07,0,0,0,7.20693e+07
85.139,85.139,3.60101,0.34,0.02,2.81998,3.12238,0,0.528332,5.32224,4.14526e+06,2.70226e+06,1.16895e+07,0,0,0,2.52431e+08,99.3022,98.274,3.97112,0,1,2.1226,1.8202,0,1.6396,2.96352,8.61469e+06,3.61194e+06,1.82855e+07,0,0,0,7.20693e+07
85.1274,85.139,3.20294,0.34,0.02,2.77764,3.08004,0,0.528464,5.32224,4.14526e+06,2.70226e+06,1.1514e+07,0,0,0,2.52431e+08,99.3022,98.274,3.98944,0,1,2.09567,1.79327,0,1.63992,2.96352,8.61469e+06,3.61194e+06,1.80535e+07,0,0,0,7.20693e+07
84.9008,85.139,2.73217,0.45,0.02,2.50407,3.08073,0,0.52053,5.32224,4.14526e+06,3.40408e+06,1.038e+07,0,0,0,2.52431e+08,99.3022,98.274,3.93448,0,1,1.93639,1.79367,0,1.61911,2.96352,8.61469e+06,4.55002e+06,1.66814e+07,0,0,0,7.20693e+07
84.7539,85.139,2.80465,0.42,0.02,2.5047,3.08143,0,0.469263,5.32224,4.14526e+06,3.40408e+06,1.03826e+07,0,0,0,2.52431e+08,99.3022,98.274,3.90724,0,1,1.93676,1.79408,0,1.49605,2.96352,8.61469e+06,4.55002e+06,1.66846e+07,0,0,0,7.20693e+07
85.139,85.139,3.84243,0.4,0.02,2.50534,3.08213,0,0.469381,5.32224,4.14526e+06,3.40408e+06,1.03853e+07,0,0,0,2.52431e+08,99.3022,98.274,4.30093,0,1,1.93713,1.79448,0,1.49634,2.96352,8.61469e+06,4.55002e+06,1.66877e+07,0,0,0,7.20693e+07
84.4651,85.139,2.5588,0.23,0.02,2.92666,3.22906,0,0.4695,5.32224,4.14526e+06,2.70226e+06,1.21318e+07,0,0,0,2.52431e+08,99.3022,98.274,3.71141,0,1,2.19433,1.89193,0,1.49662,2.96352,8.61469e+06,3.61194e+06,1.89035e+07,0,0,0,7.20693e+07
83.8434,85.139,2.57274,0.3,0.02,2.92739,3.22979,0,0.548456,5.32224,4.14526e+06,2.70226e+06,1.21348e+07,0,0,0,2.52431e+08,99.3022,98.274,3.60223,0,1,2.19476,1.89236,0,1.69534,2.96352,8.61469e+06,3.61194e+06,1.89071e+07,0,0,0,7.20693e+07
83.1169,85.139,2.45551,0.28,0.02,2.92812,3.23052,0,0.548593,5.32224,4.14526e+06,2.70226e+06,1.21378e+07,0,0,0,2.52431e+08,99.3022,98.274,3.49695,0,1,2.19518,1.89278,0,1.69567,2.96352,8.61469e+06,3.61194e+06,1.89108e+07,0,0,0,7.20693e+07
82.2439,85.139,2.29545,0.27,0.02,2.92885,3.23125,0,0.54873,5.32224,4.14526e+06,2.70226e+06,1.21408e+07,0,0,0,2.52431e+08,99.3022,98.274,3.2935,0,1,2.19561,1.89321,0,1.696,2.96352,8.61469e+06,3.61194e+06,1.89145e+07,0,0,0,7.20693e+07
81.327,85.139,2.1735,0.26,0.02,2.92958,3.23198,0,0.548866,5.32224,4.14526e+06,2.70226e+06,1.21439e+07,0,0,0,2.52431e+08,99.2963,98.274,3.20027,0,1,2.19604,1.89364,0,1.69633,2.96352,8.61469e+06,3.61194e+06,1.89182e+07,0,0,0,7.20693e+07
80.3252,85.139,2.06364,0.24,0.02,2.90136,3.20376,0,0.549003,5.32224,4.14526e+06,2.70226e+06,1.20269e+07,0,0,0,2.52431e+08,99.13,98.274,2.57648,0,1,2.24986,1.94746,0,1.69666,2.96352,8.61469e+06,3.61194e+06,1.93818e+07,0,0,0,7.20693e+07
79.2471,85.139,1.95051,0.25,0.02,2.90208,3.20448,0,0.543714,5.32224,4.14526e+06,2.70226e+06,1.20299e+07,0,0,0,2.52431e+08,98.8837,98.274,2.48906,0,1,2.2503,1.9479,0,1.73824,2.96352,8.61469e+06,3.61194e+06,1.93856e+07,0,0,0,7.20693e+07
78.087,85.139,1.85046,0.27,0.02,2.9028,3.2052,0,0.543849,5.32224,4.14526e+06,2.70226e+06,1.20329e+07,0,0,0,2.52431e+08,98.5873,98.274,2.37088,0,1,2.25074,1.94834,0,1.73858,2.96352,8.61469e+06,3.61194e+06,1.93894e+07,0,0,0,7.20693e+07
76.8004,85.139,1.71062,0.26,0.02,2.90352,3.20592,0,0.543985,5.32224,4.14526e+06,2.70226e+06,1.20359e+07,0,0,0,2.52431e+08,98.0029,98.274,2.21065,0,1,2.25118,1.94878,0,1.73892,2.96352,8.61469e+06,3.61194e+06,1.93932e+07,0,0,0,7.20693e+07
75.357,85.139,1.58104,0.26,0.02,2.97908,3.28148,0,0.544121,5.32224,4.14526e+06,2.70226e+06,1.23491e+07,0,0,0,2.52431e+08,97.4244,98.274,1.82209,0,1,2.29925,1.99685,0,1.73926,2.96352,8.61469e+06,3.61194e+06,1.98073e+07,0,0,0,7.20693e+07
73.9595,85.139,1.64009,0.27,0.02,2.97983,3.28223,0,0.55828,5.32224,4.14526e+06,2.70226e+06,1.23521e+07,0,0,0,2.52431e+08,96.8631,98.274,1.95328,0,1,2.2997,1.9973,0,1.7764,2.96352,8.61469e+06,3.61194e+06,1.98112e+07,0,0,0,7.20693e+07
72.4693,85.139,1.51323,0.26,0.02,2.98057,3.28297,0,0.558419,5.32224,4.14526e+06,2.70226e+06,1.23552e+07,0,0,0,2.52431e+08,96.0612,98.274,1.85711,0,1,2.30015,1.99775,0,1.77675,2.96352,8.61469e+06,3.61194e+06,1.98151e+07,0,0,0,7.20693e+07
70.8617,85.139,1.37732,0.29,0.02,2.98131,3.28371,0,0.558558,5.32224,4.14526e+06,2.70226e+06,1.23583e+07,0,0,0,2.52431e+08,95.5015,98.274,1.62674,0,1,2.3006,1.9982,0,1.7771,2.96352,8.61469e+06,3.61194e+06,1.9819e+07,0,0,0,7.20693e+07
69.1821,85.139,1.45637,0.28,0.02,3.2014,3.5038,0,0.558697,5.32224,4.14526e+06,2.70226e+06,1.32706e+07,0,0,0,2.52431e+08,94.8402,98.274,2.06552,0,1,2.47313,2.17073,0,1.77744,2.96352,8.61469e+06,3.61194e+06,2.13052e+07,0,0,0,7.20693e+07
67.2407,85.139,1.18835,0.27,0.02,3.24133,3.50459,0,0.599943,5.32224,4.14526e+06,2.70226e+06,1.34361e+07,0,0,0,2.52431e+08,94.0646,98.274,1.66554,0,1,2.43448,2.17122,0,1.91074,2.96352,8.61469e+06,3.61194e+06,2.09723e+07,0,0,0,7.20693e+07
65.2016,85.139,1.06515,0.29,0.02,3.24261,3.50538,0,0.607425,5.32224,4.14526e+06,2.70226e+06,1.34414e+07,0,0,0,2.52431e+08,93.3406,98.274,1.55398,0,1,2.43448,2.17171,0,1.88088,2.96352,8.61469e+06,3.61194e+06,2.09723e+07,0,0,0,7.20693e+07
63.3783,85.139,1.26387,0.28,0.02,3.24389,3.50617,0,0.607664,5.32224,4.14526e+06,2.70226e+06,1.34467e+07,0,0,0,2.52431e+08,92.7803,98.274,1.68555,0,1,2.43448,2.1722,0,1.88088,2.96352,8.61469e+06,3.61194e+06,2.09723e+07,0,0,0,7.20693e+07
62.3997,85.139,2.15771,0.28,0.02,3.24517,3.50696,0,0.607904,5.32224,4.14526e+06,2.70226e+06,1.34521e+07,0,0,0,2.52431e+08,92.3348,98.274,1.99692,0,1,2.43448,2.17269,0,1.88088,2.96352,8.61469e+06,3.61194e+06,2.09723e+07,0,0,0,7.20693e+07
61.0355,85.139,1.58464,0.31,0.02,3.13942,3.40073,0,0.608144,5.32224,4.14526e+06,2.70226e+06,1.30137e+07,0,0,0,2.52431e+08,91.815,98.274,1.9983,0,1,2.32992,2.06861,0,1.88088,2.96352,8.61469e+06,3.61194e+06,2.00715e+07,0,0,0,7.20693e+07
59.45,85.139,1.31452,0.33,0.02,3.09909,3.40149,0,0.588328,5.32224,4.14526e+06,2.70226e+06,1.28465e+07,0,0,0,2.52431e+08,91.457,98.274,3.20065,0,1,2.37148,2.06908,0,1.8001,2.96352,8.61469e+06,3.61194e+06,2.04296e+07,0,0,0,7.20693e+07
57.6707,85.139,1.10041,0.33,0.02,3.09986,3.40226,0,0.58077,5.32224,4.14526e+06,2.70226e+06,1.28497e+07,0,0,0,2.52431e+08,90.8383,98.274,1.70559,0,1,2.37195,2.06955,0,1.83221,2.96352,8.61469e+06,3.61194e+06,2.04336e+07,0,0,0,7.20693e+07
56.3167,85.139,1.56313,0.33,0.02,3.10063,3.40303,0,0.580914,5.32224,4.14526e+06,2.70226e+06,1.28529e+07,0,0,0,2.52431e+08,90.3339,98.274,1.95011,0,1,2.37241,2.07001,0,1.83257,2.96352,8.61469e+06,3.61194e+06,2.04376e+07,0,0,0,7.20693e+07
55.8801,85.139,2.57678,0.35,0.02,3.01347,3.31587,0,0.581058,5.32224,4.14526e+06,2.70226e+06,1.24916e+07,0,0,0,2.52431e+08,90.3045,98.274,3.78867,0,1,2.27762,1.97522,0,1.83293,2.96352,8.61469e+06,3.61194e+06,1.9621e+07,0,0,0,7.20693e+07
55.3289,85.139,2.38896,0.36,0.02,3.01421,3.31661,0,0.564724,5.32224,4.14526e+06,2.70226e+06,1.24947e+07,0,0,0,2.52431e+08,90.1438,98.274,2.83829,0,1,2.27806,1.97566,0,1.75969,2.96352,8.61469e+06,3.61194e+06,1.96248e+07,0,0,0,7.20693e+07
55.0294,85.139,2.57294,0.37,0.02,3.01496,3.31736,0,0.564864,5.32224,4.14526e+06,2.70226e+06,1.24978e+07,0,0,0,2.52431e+08,89.9488,98.274,3.30466,0,1,2.27851,1.97611,0,1.76003,2.96352,8.61469e+06,3.61194e+06,1.96286e+07,0,0,0,7.20693e+07
54.5524,85.139,2.40243,0.37,0.02,3.01571,3.31811,0,0.565004,5.32224,4.14526e+06,2.70226e+06,1.25009e+07,0,0,0,2.52431e+08,89.9126,98.274,3.60809,0,1,2.27895,1.97655,0,1.76038,2.96352,8.61469e+06,3.61194e+06,1.96325e+07,0,0,0,7.20693e+07
54.7606,85.139,2.95915,0.37,0.02,2.76651,3.06891,0,0.565144,5.32224,4.14526e+06,2.70226e+06,1.14679e+07,0,0,0,2.52431e+08,90.0074,98.274,3.6811,0,1,2.08082,1.77842,0,1.76072,2.96352,8.61469e+06,3.61194e+06,1.79256e+07,0,0,0,7.20693e+07
56.1053,85.139,4.1945,0.38,0.02,2.7672,3.0696,0,0.518444,5.32224,4.14526e+06,2.70226e+06,1.14708e+07,0,0,0,2.52431e+08,89.9942,98.274,3.52271,0,1,2.08122,1.77882,0,1.60764,2.96352,8.61469e+06,3.61194e+06,1.7929e+07,0,0,0,7.20693e+07
57.6271,85.139,4.42469,0.38,0.02,2.76789,3.07029,0,0.518573,5.32224,4.14526e+06,2.70226e+06,1.14736e+07,0,0,0,2.52431e+08,90.2811,98.274,5.0004,0,1,2.08162,1.77922,0,1.60795,2.96352,8.61469e+06,3.61194e+06,1.79325e+07,0,0,0,7.20693e+07
57.5436,85.139,2.75681,0.38,0.02,2.76858,3.07098,0,0.518703,5.32224,4.14526e+06,2.70226e+06,1.14765e+07,0,0,0,2.52431e+08,89.8441,98.274,2.61875,0,1,2.08202,1.77962,0,1.60826,2.96352,8.61469e+06,3.61194e+06,1.79359e+07,0,0,0,7.20693e+07
57.4699,85.139,2.54541,0.41,0.02,2.49582,3.07168,0,0.518833,5.32224,4.14526e+06,3.40408e+06,1.03458e+07,0,0,0,2.52431e+08,89.6693,98.274,2.16182,0,1,1.92395,1.78002,0,1.60857,2.96352,8.61469e+06,4.55002e+06,1.65742e+07,0,0,0,7.20693e+07
62.6707,85.139,8.27699,0.43,0.04,2.58411,3.1686,0,0.467716,5.32224,4.14526e+06,3.40408e+06,1.07118e+07,0,0,0,2.52431e+08,90.5512,98.274,6.44943,0,1,1.97675,1.83798,0,1.48644,2.96352,8.61469e+06,4.55002e+06,1.70291e+07,0,0,0,7.20693e+07
65.2619,85.139,5.61789,0.41,0.04,2.58473,3.16928,0,0.484262,5.32224,4.14526e+06,3.40408e+06,1.07144e+07,0,0,0,2.52431e+08,91.3106,98.274,5.47315,0,1,1.97711,1.83837,0,1.52724,2.96352,8.61469e+06,4.55002e+06,1.70322e+07,0,0,0,7.20693e+07
70.5945,85.139,8.51377,0.44,0.04,2.58535,3.16996,0,0.484378,5.32224,4.14526e+06,3.40408e+06,1.07169e+07,0,0,0,2.52431e+08,93.5574,98.274,8.54369,0,1,1.97747,1.83877,0,1.52751,2.96352,8.61469e+06,4.55002e+06,1.70353e+07,0,0,0,7.20693e+07
72.8386,85.139,5.59302,0.4,0.04,2.58597,3.17064,0,0.484494,5.32224,4.14526e+06,3.40408e+06,1.07195e+07,0,0,0,2.52431e+08,94.4353,98.274,5.07532,0,1,1.97783,1.83916,0,1.52779,2.96352,8.61469e+06,4.55002e+06,1.70384e+07,0,0,0,7.20693e+07
75.9347,85.139,6.91944,0.39,0.04,3.11627,3.48064,0,0.48461,5.32224,4.14526e+06,2.83673e+06,1.29177e+07,0,0,0,2.52431e+08,95.6633,98.274,5.92007,0,1,2.32164,2.05585,0,1.52807,2.96352,8.61469e+06,3.79168e+06,2.00002e+07,0,0,0,7.20693e+07
80.0746,85.139,8.05723,0.35,0.04,3.17899,3.48139,0,0.583988,5.32224,4.14526e+06,2.70226e+06,1.31777e+07,0,0,0,2.52431e+08,97.2323,98.274,7.18253,0,1,2.35869,2.05629,0,1.7937,2.96352,8.61469e+06,3.61194e+06,2.03194e+07,0,0,0,7.20693e+07
84.8066,85.139,8.66432,0.28,0.04,3.17973,3.48213,0,0.595742,5.32224,4.14526e+06,2.70226e+06,1.31808e+07,0,0,0,2.52431e+08,99.1195,98.274,7.68497,0,1,2.35913,2.05673,0,1.82232,2.96352,8.61469e+06,3.61194e+06,2.03232e+07,0,0,0,7.20693e+07
85.139,85.139,8.19763,0.29,0.04,3.18048,3.48288,0,0.595882,5.32224,4.14526e+06,2.70226e+06,1.31839e+07,0,0,0,2.52431e+08,99.3022,98.274,6.03361,0,1,2.35957,2.05717,0,1.82266,2.96352,8.61469e+06,3.61194e+06,2.0327e+07,0,0,0,7.20693e+07
85.139,85.139,7.38362,0.21,0.04,2.73966,3.04206,0,0.596022,5.32224,4.14526e+06,2.70226e+06,1.13566e+07,0,0,0,2.52431e+08,99.3022,98.274,7.8301,0,1,2.0695,1.7671,0,1.823,2.96352,8.61469e+06,3.61194e+06,1.78281e+07,0,0,0,7.20693e+07
85.139,85.139,8.34311,0.25,0.04,2.74031,3.04271,0,0.513411,5.32224,4.14526e+06,2.70226e+06,1.13593e+07,0,0,0,2.52431e+08,99.3022,98.274,10.3957,0,1,2.06987,1.76747,0,1.59889,2.96352,8.61469e+06,3.61194e+06,1.78313e+07,0,0,0,7.20693e+07
85.139,85.139,7.20248,0.29,0.04,2.74096,3.04336,0,0.513534,5.32224,4.14526e+06,2.70226e+06,1.1362e+07,0,0,0,2.52431e+08,99.3022,98.274,8.14106,0,1,2.07025,1.76785,0,1.59918,2.96352,8.61469e+06,3.61194e+06,1.78346e+07,0,0,0,7.20693e+07
85.139,85.139,7.97248,0.31,0.04,2.74161,3.04401,0,0.513656,5.32224,4.14526e+06,2.70226e+06,1.13647e+07,0,0,0,2.52431e+08,99.3022,98.274,9.18134,0,1,2.07063,1.76823,0,1.59948,2.96352,8.61469e+06,3.61194e+06,1.78379e+07,0,0,0,7.20693e+07
85.139,85.139,7.01989,0.35,0.04,2.74227,3.04467,0,0.513778,5.32224,4.14526e+06,2.70226e+06,1.13674e+07,0,0,0,2.52431e+08,99.3022,98.274,7.85412,0,1,2.07101,1.76861,0,1.59977,2.96352,8.61469e+06,3.61194e+06,1.78411e+07,0,0,0,7.20693e+07
85.139,85.139,10.1912,0.36,0.04,2.85419,3.15659,0,0.513901,5.32224,4.14526e+06,2.70226e+06,1.18313e+07,0,0,0,2.52431e+08,99.3022,98.274,10.7283,0,1,2.14254,1.84014,0,1.60006,2.96352,8.61469e+06,3.61194e+06,1.84573e+07,0,0,0,7.20693e+07
85.139,85.139,7.60482,0.38,0.04,2.85486,3.15726,0,0.534875,5.32224,4.14526e+06,2.70226e+06,1.18341e+07,0,0,0,2.52431e+08,99.3022,98.274,8.69399,0,1,2.14293,1.84053,0,1.65532,2.96352,8.61469e+06,3.61194e+06,1.84607e+07,0,0,0,7.20693e+07
85.139,85.139,6.98107,0.38,0.04,2.85554,3.15794,0,0.535002,5.32224,4.14526e+06,2.70226e+06,1.1837e+07,0,0,0,2.52431e+08,99.3022,98.274,9.16097,0,1,2.14333,1.84093,0,1.65563,2.96352,8.61469e+06,3.61194e+06,1.84641e+07,0,0,0,7.20693e+07
85.139,85.139,6.34266,0.36,0.04,2.85622,3.15862,0,0.535128,5.32224,4.14526e+06,2.70226e+06,1.18398e+07,0,0,0,2.52431e+08,99.3022,98.274,8.69527,0,1,2.14372,1.84132,0,1.65593,2.96352,8.61469e+06,3.61194e+06,1.84675e+07,0,0,0,7.20693e+07
85.139,85.139,5.97436,0.35,0.04,2.81335,3.11575,0,0.535255,5.32224,4.14526e+06,2.70226e+06,1.16621e+07,0,0,0,2.52431e+08,99.3022,98.274,7.951,0,1,2.11646,1.81406,0,1.65624,2.96352,8.61469e+06,3.61194e+06,1.82326e+07,0,0,0,7.20693e+07
85.139,85.139,5.06528,0.35,0.04,2.81402,3.11642,0,0.527222,5.32224,4.14526e+06,2.70226e+06,1.16648e+07,0,0,0,2.52431e+08,99.3022,98.274,7.0322,0,1,2.11685,1.81445,0,1.63518,2.96352,8.61469e+06,3.61194e+06,1.8236e+07,0,0,0,7.20693e+07
85.139,85.139,5.48982,0.32,0.04,2.81469,3.11709,0,0.527347,5.32224,4.14526e+06,2.70226e+06,1.16676e+07,0,0,0,2.52431e+08,99.3022,98.274,7.15505,0,1,2.11724,1.81484,0,1.63548,2.96352,8.61469e+06,3.61194e+06,1.82393e+07,0,0,0,7.20693e+07
85.139,85.139,4.42663,0.26,0.04,2.81536,3.11776,0,0.527472,5.32224,4.14526e+06,2.70226e+06,1.16704e+07,0,0,0,2.52431e+08,99.3022,98.274,6.10177,0,1,2.11763,1.81523,0,1.63578,2.96352,8.61469e+06,3.61194e+06,1.82427e+07,0,0,0,7.20693e+07
85.139,85.139,4.28398,0.26,0.04,2.96395,3.26635,0,0.527598,5.32224,4.14526e+06,2.70226e+06,1.22863e+07,0,0,0,2.52431e+08,99.3022,98.274,5.69342,0,1,2.21618,1.91378,0,1.63608,2.96352,8.61469e+06,3.61194e+06,1.90917e+07,0,0,0,7.20693e+07
85.139,85.139,4.18196,0.25,0.04,2.96465,3.26705,0,0.555445,5.32224,4.14526e+06,2.70226e+06,1.22892e+07,0,0,0,2.52431e+08,99.3022,98.274,5.60457,0,1,2.21659,1.91419,0,1.71222,2.96352,8.61469e+06,3.61194e+06,1.90952e+07,0,0,0,7.20693e+07
85.139,85.139,3.62082,0.22,0.04,2.96535,3.26775,0,0.555576,5.32224,4.14526e+06,2.70226e+06,1.22921e+07,0,0,0,2.52431e+08,99.3022,98.274,5.66549,0,1,2.217,1.9146,0,1.71254,2.96352,8.61469e+06,3.61194e+06,1.90987e+07,0,0,0,7.20693e+07
85.139,85.139,3.62847,0.21,0.04,2.96605,3.26845,0,0.555707,5.32224,4.14526e+06,2.70226e+06,1.2295e+07,0,0,0,2.52431e+08,99.3022,98.274,4.42529,0,1,2.21741,1.91501,0,1.71285,2.96352,8.61469e+06,3.61194e+06,1.91023e+07,0,0,0,7.20693e+07
85.0535,85.139,3.15383,0.2,0.04,2.96675,3.26915,0,0.555838,5.32224,4.14526e+06,2.70226e+06,1.2298e+07,0,0,0,2.52431e+08,99.3022,98.274,4.18444,0,1,2.21782,1.91542,0,1.71317,2.96352,8.61469e+06,3.61194e+06,1.91058e+07,0,0,0,7.20693e+07
85.139,85.139,3.51308,0.27,0.04,2.93817,3.24057,0,0.555969,5.32224,4.14526e+06,2.70226e+06,1.21795e+07,0,0,0,2.52431e+08,99.3022,98.274,3.91023,0,1,2.27224,1.96984,0,1.71349,2.96352,8.61469e+06,3.61194e+06,1.95746e+07,0,0,0,7.20693e+07
85.139,85.139,3.34377,0.22,0.04,2.93886,3.24126,0,0.550612,5.32224,4.14526e+06,2.70226e+06,1.21823e+07,0,0,0,2.52431e+08,99.3022,98.274,3.76085,0,1,2.27266,1.97026,0,1.75553,2.96352,8.61469e+06,3.61194e+06,1.95782e+07,0,0,0,7.20693e+07
85.115,85.139,3.17213,0.21,0.04,2.93956,3.24196,0,0.550743,5.32224,4.14526e+06,2.70226e+06,1.21852e+07,0,0,0,2.52431e+08,99.3022,98.274,3.66678,0,1,2.27308,1.97068,0,1.75586,2.96352,8.61469e+06,3.61194e+06,1.95819e+07,0,0,0,7.20693e+07
84.8955,85.139,2.97376,0.25,0.04,2.94025,3.24265,0,0.550873,5.32224,4.14526e+06,2.70226e+06,1.21881e+07,0,0,0,2.52431e+08,99.3022,98.274,3.68963,0,1,2.2735,1.9711,0,1.75618,2.96352,8.61469e+06,3.61194e+06,1.95855e+07,0,0,0,7.20693e+07
84.4551,85.139,2.77371,0.24,0.04,3.01664,3.31904,0,0.551003,5.32224,4.14526e+06,2.70226e+06,1.25047e+07,0,0,0,2.52431e+08,99.2096,98.274,3.19299,0,1,2.3221,2.0197,0,1.75651,2.96352,8.61469e+06,3.61194e+06,2.00042e+07,0,0,0,7.20693e+07
84.4496,85.139,3.25149,0.24,0.04,3.01735,3.31975,0,0.565318,5.32224,4.14526e+06,2.70226e+06,1.25077e+07,0,0,0,2.52431e+08,99.3022,98.274,3.77219,0,1,2.32253,2.02013,0,1.79405,2.96352,8.61469e+06,3.61194e+06,2.00079e+07,0,0,0,7.20693e+07
84.1745,85.139,2.93281,0.23,0.04,3.01806,3.32046,0,0.565451,5.32224,4.14526e+06,2.70226e+06,1.25106e+07,0,0,0,2.52431e+08,99.2611,98.274,3.58769,0,1,2.32297,2.02057,0,1.79439,2.96352,8.61469e+06,3.61194e+06,2.00116e+07,0,0,0,7.20693e+07
83.6537,85.139,2.67206,0.23,0.04,3.01877,3.32117,0,0.565584,5.32224,4.14526e+06,2.70226e+06,1.25136e+07,0,0,0,2.52431e+08,99.1558,98.274,3.13025,0,1,2.3234,2.021,0,1.79472,2.96352,8.61469e+06,3.61194e+06,2.00153e+07,0,0,0,7.20693e+07
83.1895,85.139,2.91001,0.23,0.04,3.24133,3.54373,0,0.565717,5.32224,4.14526e+06,2.70226e+06,1.34362e+07,0,0,0,2.52431e+08,99.1784,98.274,3.82925,0,1,2.49787,2.19547,0,1.79506,2.96352,8.61469e+06,3.61194e+06,2.15183e+07,0,0,0,7.20693e+07
82.683,85.139,2.93815,0.23,0.04,3.30597,3.54449,0,0.607426,5.32224,4.14526e+06,2.70226e+06,1.37041e+07,0,0,0,2.52431e+08,99.0849,98.274,3.20151,0,1,2.43446,2.19594,0,1.92985,2.96352,8.61469e+06,3.61194e+06,2.09721e+07,0,0,0,7.20693e+07
81.9315,85.139,2.67,0.24,0.04,3.3072,3.54525,0,0.619538,5.32224,4.14526e+06,2.70226e+06,1.37092e+07,0,0,0,2.52431e+08,98.9354,98.274,2.85932,0,1,2.43446,2.19641,0,1.88087,2.96352,8.61469e+06,3.61194e+06,2.09721e+07,0,0,0,7.20693e+07
80.8598,85.139,2.31935,0.24,0.04,3.30843,3.54601,0,0.619769,5.32224,4.14526e+06,2.70226e+06,1.37143e+07,0,0,0,2.52431e+08,98.6756,98.274,2.57055,0,1,2.43446,2.19688,0,1.88087,2.96352,8.61469e+06,3.61194e+06,2.09721e+07,0,0,0,7.20693e+07
79.8919,85.139,2.43824,0.24,0.04,3.30965,3.54677,0,0.619999,5.32224,4.14526e+06,2.70226e+06,1.37194e+07,0,0,0,2.52431e+08,98.3943,98.274,2.50767,0,1,2.43446,2.19735,0,1.88087,2.96352,8.61469e+06,3.61194e+06,2.09721e+07,0,0,0,7.20693e+07
79.4117,85.139,2.79035,0.24,0.04,3.20264,3.43929,0,0.620229,5.32224,4.14526e+06,2.70226e+06,1.32758e+07,0,0,0,2.52431e+08,98.5937,98.274,4.11928,0,1,2.32872,2.09207,0,1.88087,2.96352,8.61469e+06,3.61194e+06,2.00612e+07,0,0,0,7.20693e+07
78.9383,85.139,2.74701,0.27,0.04,3.13762,3.44002,0,0.600175,5.32224,4.14526e+06,2.70226e+06,1.30063e+07,0,0,0,2.52431e+08,98.9099,98.274,4.28623,0,1,2.39492,2.09252,0,1.79917,2.96352,8.61469e+06,3.61194e+06,2.06315e+07,0,0,0,7.20693e+07
78.6615,85.139,2.99755,0.27,0.04,3.13836,3.44076,0,0.587991,5.32224,4.14526e+06,2.70226e+06,1.30093e+07,0,0,0,2.52431e+08,99.2907,98.274,4.58563,0,1,2.39537,2.09297,0,1.85031,2.96352,8.61469e+06,3.61194e+06,2.06353e+07,0,0,0,7.20693e+07
78.6295,85.139,3.48273,0.27,0.04,3.1391,3.4415,0,0.588129,5.32224,4.14526e+06,2.70226e+06,1.30124e+07,0,0,0,2.52431e+08,99.3022,98.274,6.0421,0,1,2.39581,2.09341,0,1.85066,2.96352,8.61469e+06,3.61194e+06,2.06392e+07,0,0,0,7.20693e+07
77.8498,85.139,2.56157,0.27,0.04,3.05091,3.35331,0,0.588267,5.32224,4.14526e+06,2.70226e+06,1.26468e+07,0,0,0,2.52431e+08,99.0532,98.274,3.45334,0,1,2.29992,1.99752,0,1.85101,2.96352,8.61469e+06,3.61194e+06,1.98131e+07,0,0,0,7.20693e+07
76.1129,85.139,1.47048,0.27,0.04,3.05163,3.35403,0,0.571741,5.32224,4.14526e+06,2.70226e+06,1.26498e+07,0,0,0,2.52431e+08,98.6593,98.274,1.94704,0,1,2.30035,1.99795,0,1.77692,2.96352,8.61469e+06,3.61194e+06,1.98168e+07,0,0,0,7.20693e+07
74.1825,85.139,1.24667,0.25,0.04,3.05235,3.35475,0,0.571875,5.32224,4.14526e+06,2.70226e+06,1.26528e+07,0,0,0,2.52431e+08,98.436,98.274,2.28424,0,1,2.30078,1.99838,0,1.77725,2.96352,8.61469e+06,3.61194e+06,1.98205e+07,0,0,0,7.20693e+07
74.7075,85.139,3.86822,0.25,0.04,3.05306,3.35546,0,0.57201,5.32224,4.14526e+06,2.70226e+06,1.26557e+07,0,0,0,2.52431e+08,99.3022,98.274,6.9603,0,1,2.30121,1.99881,0,1.77758,2.96352,8.61469e+06,3.61194e+06,1.98242e+07,0,0,0,7.20693e+07
74.9523,85.139,3.38918,0.25,0.04,2.80102,3.10342,0,0.572144,5.32224,4.14526e+06,2.70226e+06,1.1611e+07,0,0,0,2.52431e+08,99.3022,98.274,4.45718,0,1,2.10082,1.79842,0,1.77791,2.96352,8.61469e+06,3.61194e+06,1.80979e+07,0,0,0,7.20693e+07
75.6572,85.139,4.02036,0.25,0.04,2.80169,3.10409,0,0.524912,5.32224,4.14526e+06,2.70226e+06,1.16137e+07,0,0,0,2.52431e+08,99.3022,98.274,3.99804,0,1,2.1012,1.7988,0,1.62309,2.96352,8.61469e+06,3.61194e+06,1.81012e+07,0,0,0,7.20693e+07
76.041,85.139,3.61542,0.25,0.04,2.80235,3.10475,0,0.525036,5.32224,4.14526e+06,2.70226e+06,1.16165e+07,0,0,0,2.52431e+08,99.3022,98.274,3.63963,0,1,2.10159,1.79919,0,1.62339,2.96352,8.61469e+06,3.61194e+06,1.81045e+07,0,0,0,7.20693e+07
78.7321,85.139,6.1072,0.28,0.04,2.80301,3.10541,0,0.52516,5.32224,4.14526e+06,2.70226e+06,1.16192e+07,0,0,0,2.52431e+08,99.3022,98.274,4.15169,0,1,2.10197,1.79957,0,1.62369,2.96352,8.61469e+06,3.61194e+06,1.81078e+07,0,0,0,7.20693e+07
79.8428,85.139,4.50144,0.31,0.04,2.80368,3.10608,0,0.525285,5.32224,4.14526e+06,2.70226e+06,1.1622e+07,0,0,0,2.52431e+08,99.3022,98.274,3.51454,0,1,2.10236,1.79996,0,1.62398,2.96352,8.61469e+06,3.61194e+06,1.81111e+07,0,0,0,7.20693e+07
81.1631,85.139,4.75463,0.27,0.04,2.90165,3.20405,0,0.525409,5.32224,4.14526e+06,2.70226e+06,1.20281e+07,0,0,0,2.52431e+08,99.3022,98.274,4.34912,0,1,2.16094,1.85854,0,1.62428,2.96352,8.61469e+06,3.61194e+06,1.86158e+07,0,0,0,7.20693e+07
82.1136,85.139,4.31462,0.27,0.04,2.9023,3.2047,0,0.543769,5.32224,4.14526e+06,2.70226e+06,1.20308e+07,0,0,0,2.52431e+08,99.3022,98.274,4.07106,0,1,2.16132,1.85892,0,1.66954,2.96352,8.61469e+06,3.61194e+06,1.86191e+07,0,0,0,7.20693e+07
82.8525,85.139,4.10102,0.28,0.04,2.90295,3.20535,0,0.543891,5.32224,4.14526e+06,2.70226e+06,1.20335e+07,0,0,0,2.52431e+08,99.3022,98.274,5.42467,0,1,2.16169,1.85929,0,1.66983,2.96352,8.61469e+06,3.61194e+06,1.86223e+07,0,0,0,7.20693e+07
85.139,85.139,7.08034,0.26,0.04,2.9036,3.206,0,0.544012,5.32224,4.14526e+06,2.70226e+06,1.20362e+07,0,0,0,2.52431e+08,99.3022,98.274,7.66341,0,1,2.16207,1.85967,0,1.67013,2.96352,8.61469e+06,3.61194e+06,1.86256e+07,0,0,0,7.20693e+07
85.139,85.139,4.42623,0.2,0.04,3.21702,3.51942,0,0.544134,5.32224,4.14526e+06,2.70226e+06,1.33354e+07,0,0,0,2.52431e+08,99.3022,98.274,7.61829,0,1,2.38115,2.07875,0,1.67042,2.96352,8.61469e+06,3.61194e+06,2.05129e+07,0,0,0,7.20693e+07
85.139,85.139,6.482,0.19,0.04,3.21773,3.52013,0,0.602869,5.32224,4.14526e+06,2.70226e+06,1.33383e+07,0,0,0,2.52431e+08,99.3022,98.274,6.02665,0,1,2.38157,2.07917,0,1.83968,2.96352,8.61469e+06,3.61194e+06,2.05165e+07,0,0,0,7.20693e+07
84.868,85.139,3.3045,0.21,0.04,3.21845,3.52085,0,0.603003,5.32224,4.14526e+06,2.70226e+06,1.33413e+07,0,0,0,2.52431e+08,99.2701,98.274,3.62246,0,1,2.382,2.0796,0,1.84,2.96352,8.61469e+06,3.61194e+06,2.05202e+07,0,0,0,7.20693e+07
84.175,85.139,2.7955,0.29,0.04,3.21916,3.52156,0,0.603137,5.32224,4.14526e+06,2.70226e+06,1.33443e+07,0,0,0,2.52431e+08,99.0834,98.274,3.03217,0,1,2.38242,2.08002,0,1.84033,2.96352,8.61469e+06,3.61194e+06,2.05238e+07,0,0,0,7.20693e+07
84.6864,85.139,3.7528,0.3,0.04,2.77341,3.07581,0,0.603271,5.32224,4.14526e+06,2.70226e+06,1.14965e+07,0,0,0,2.52431e+08,99.3022,98.274,5.24029,0,1,2.0891,1.7867,0,1.84066,2.96352,8.61469e+06,3.61194e+06,1.7997e+07,0,0,0,7.20693e+07
85.139,85.139,4.67004,0.35,0.04,2.77403,3.07643,0,0.519736,5.32224,4.14526e+06,2.70226e+06,1.14991e+07,0,0,0,2.52431e+08,99.3022,98.274,5.45051,0,1,2.08946,1.78706,0,1.61404,2.96352,8.61469e+06,3.61194e+06,1.80001e+07,0,0,0,7.20693e+07
85.139,85.139,5.35613,0.28,0.04,2.77465,3.07705,0,0.519853,5.32224,4.14526e+06,2.70226e+06,1.15017e+07,0,0,0,2.52431e+08,99.3022,98.274,6.6341,0,1,2.08983,1.78743,0,1.61432,2.96352,8.61469e+06,3.61194e+06,1.80032e+07,0,0,0,7.20693e+07
85.139,85.139,4.58942,0.31,0.04,2.77528,3.07768,0,0.51997,5.32224,4.14526e+06,2.70226e+06,1.15042e+07,0,0,0,2.52431e+08,99.3022,98.274,5.25593,0,1,2.09019,1.78779,0,1.6146,2.96352,8.61469e+06,3.61194e+06,1.80063e+07,0,0,0,7.20693e+07
85.139,85.139,4.07017,0.34,0.04,2.7759,3.0783,0,0.520087,5.32224,4.14526e+06,2.70226e+06,1.15068e+07,0,0,0,2.52431e+08,99.3022,98.274,4.42425,0,1,2.09055,1.78815,0,1.61488,2.96352,8.61469e+06,3.61194e+06,1.80094e+07,0,0,0,7.20693e+07
85.0343,85.139,3.27554,0.35,0.04,2.88902,3.19142,0,0.520204,5.32224,4.14526e+06,2.70226e+06,1.19757e+07,0,0,0,2.52431e+08,99.3022,98.274,3.02963,0,1,2.16285,1.86045,0,1.61516,2.96352,8.61469e+06,3.61194e+06,1.86322e+07,0,0,0,7.20693e+07
85.139,85.139,4.80257,0.5,0.04,2.60549,3.19207,0,0.541403,5.32224,4.14526e+06,3.40408e+06,1.08004e+07,0,0,0,2.52431e+08,99.3022,98.274,4.86329,0,1,1.99756,1.86082,0,1.67102,2.96352,8.61469e+06,4.55002e+06,1.72084e+07,0,0,0,7.20693e+07
85.139,85.139,3.47516,0.4,0.04,2.60608,3.19272,0,0.48827,5.32224,4.14526e+06,3.40408e+06,1.08029e+07,0,0,0,2.52431e+08,99.3022,98.274,3.30015,0,1,1.99791,1.8612,0,1.54332,2.96352,8.61469e+06,4.55002e+06,1.72113e+07,0,0,0,7.20693e+07
84.7786,85.139,2.91896,0.39,0.04,2.83411,3.19337,0,0.48838,5.32224,4.14526e+06,2.83673e+06,1.17481e+07,0,0,0,2.52431e+08,99.1056,98.274,2.617,0,1,2.13083,1.86158,0,1.54358,2.96352,8.61469e+06,3.79168e+06,1.83565e+07,0,0,0,7.20693e+07
84.6485,85.139,2.89198,0.47,0.04,2.56716,3.14999,0,0.531112,5.32224,4.14526e+06,3.40408e+06,1.06415e+07,0,0,0,2.52431e+08,99.1681,98.274,3.54549,0,1,1.97312,1.834,0,1.64628,2.96352,8.61469e+06,4.55002e+06,1.69978e+07,0,0,0,7.20693e+07
84.3914,85.139,2.72808,0.47,0.04,2.56774,3.15063,0,0.481086,5.32224,4.14526e+06,3.40408e+06,1.0644e+07,0,0,0,2.52431e+08,99.3022,98.274,3.87802,0,1,1.97346,1.83437,0,1.52443,2.96352,8.61469e+06,4.55002e+06,1.70008e+07,0,0,0,7.20693e+07
83.8836,85.139,2.44406,0.47,0.04,2.56833,3.15127,0,0.481195,5.32224,4.14526e+06,3.40408e+06,1.06464e+07,0,0,0,2.52431e+08,99.3022,98.274,3.43538,0,1,1.9738,1.83474,0,1.5247,2.96352,8.61469e+06,4.55002e+06,1.70037e+07,0,0,0,7.20693e+07
83.2317,85.139,2.26346,0.44,0.04,2.56891,3.15191,0,0.481304,5.32224,4.14526e+06,3.40408e+06,1.06488e+07,0,0,0,2.52431e+08,99.3022,98.274,3.24343,0,1,1.97414,1.83511,0,1.52496,2.96352,8.61469e+06,4.55002e+06,1.70066e+07,0,0,0,7.20693e+07
82.3842,85.139,2.15289,0.41,0.04,2.70572,3.3021,0,0.481413,5.32224,4.14526e+06,3.40408e+06,1.12159e+07,0,0,0,2.52431e+08,99.2522,98.274,3.74024,0,1,2.06488,1.93472,0,1.52522,2.96352,8.61469e+06,4.55002e+06,1.77883e+07,0,0,0,7.20693e+07
81.3545,85.139,2.17583,0.38,0.04,3.00037,3.30277,0,0.507053,5.32224,4.14526e+06,2.70226e+06,1.24373e+07,0,0,0,2.52431e+08,99.1738,98.274,4.08864,0,1,2.23751,1.93511,0,1.59533,2.96352,8.61469e+06,3.61194e+06,1.92755e+07,0,0,0,7.20693e+07
80.139,85.139,1.97725,0.33,0.04,3.00104,3.30344,0,0.562269,5.32224,4.14526e+06,2.70226e+06,1.24401e+07,0,0,0,2.52431e+08,99.0641,98.274,3.28002,0,1,2.2379,1.9355,0,1.7287,2.96352,8.61469e+06,3.61194e+06,1.92788e+07,0,0,0,7.20693e+07
78.7305,85.139,1.75601,0.29,0.04,3.00171,3.30411,0,0.562394,5.32224,4.14526e+06,2.70226e+06,1.24428e+07,0,0,0,2.52431e+08,98.8688,98.274,2.89641,0,1,2.2383,1.9359,0,1.729,2.96352,8.61469e+06,3.61194e+06,1.92822e+07,0,0,0,7.20693e+07
77.1966,85.139,1.59038,0.37,0.04,3.00237,3.30477,0,0.56252,5.32224,4.14526e+06,2.70226e+06,1.24456e+07,0,0,0,2.52431e+08,98.6632,98.274,3.10437,0,1,2.23869,1.93629,0,1.72931,2.96352,8.61469e+06,3.61194e+06,1.92856e+07,0,0,0,7.20693e+07
76.9081,85.139,2.78184,0.33,0.04,2.97344,3.27584,0,0.562645,5.32224,4.14526e+06,2.70226e+06,1.23257e+07,0,0,0,2.52431e+08,98.7701,98.274,3.97931,0,1,2.29368,1.99128,0,1.72961,2.96352,8.61469e+06,3.61194e+06,1.97593e+07,0,0,0,7.20693e+07
76.5508,85.139,2.76141,0.29,0.04,2.9741,3.2765,0,0.557223,5.32224,4.14526e+06,2.70226e+06,1.23284e+07,0,0,0,2.52431e+08,98.8119,98.274,3.94185,0,1,2.29408,1.99168,0,1.7721,2.96352,8.61469e+06,3.61194e+06,1.97628e+07,0,0,0,7.20693e+07
75.9137,85.139,2.48451,0.28,0.04,2.97477,3.27717,0,0.557347,5.32224,4.14526e+06,2.70226e+06,1.23312e+07,0,0,0,2.52431e+08,98.7567,98.274,3.67622,0,1,2.29449,1.99209,0,1.77241,2.96352,8.61469e+06,3.61194e+06,1.97663e+07,0,0,0,7.20693e+07
75.1337,85.139,2.32431,0.26,0.04,2.97543,3.27783,0,0.557471,5.32224,4.14526e+06,2.70226e+06,1.23339e+07,0,0,0,2.52431e+08,98.6613,98.274,3.56421,0,1,2.29489,1.99249,0,1.77272,2.96352,8.61469e+06,3.61194e+06,1.97698e+07,0,0,0,7.20693e+07
74.3643,85.139,2.39037,0.26,0.04,3.05261,3.35501,0,0.557596,5.32224,4.14526e+06,2.70226e+06,1.26539e+07,0,0,0,2.52431e+08,98.5893,98.274,3.52778,0,1,2.34399,2.04159,0,1.77303,2.96352,8.61469e+06,3.61194e+06,2.01927e+07,0,0,0,7.20693e+07
73.6595,85.139,2.39247,0.26,0.04,3.05329,3.35569,0,0.572059,5.32224,4.14526e+06,2.70226e+06,1.26567e+07,0,0,0,2.52431e+08,98.5776,98.274,3.87807,0,1,2.3444,2.042,0,1.81097,2.96352,8.61469e+06,3.61194e+06,2.01963e+07,0,0,0,7.20693e+07
72.7904,85.139,2.21709,0.28,0.04,3.05397,3.35637,0,0.572186,5.32224,4.14526e+06,2.70226e+06,1.26595e+07,0,0,0,2.52431e+08,98.4941,98.274,3.45177,0,1,2.34482,2.04242,0,1.81129,2.96352,8.61469e+06,3.61194e+06,2.01999e+07,0,0,0,7.20693e+07
71.978,85.139,2.25621,0.28,0.04,3.05465,3.35705,0,0.572314,5.32224,4.14526e+06,2.70226e+06,1.26623e+07,0,0,0,2.52431e+08,98.5095,98.274,3.9243,0,1,2.34523,2.04283,0,1.81161,2.96352,8.61469e+06,3.61194e+06,2.02034e+07,0,0,0,7.20693e+07
71.0858,85.139,2.34532,0.27,0.04,3.27958,3.58198,0,0.572441,5.32224,4.14526e+06,2.70226e+06,1.35947e+07,0,0,0,2.52431e+08,98.5795,98.274,4.14696,0,1,2.52156,2.21916,0,1.81193,2.96352,8.61469e+06,3.61194e+06,2.17225e+07,0,0,0,7.20693e+07
69.5375,85.139,1.7266,0.27,0.04,3.36787,3.5827,0,0.614593,5.32224,4.14526e+06,2.70226e+06,1.39607e+07,0,0,0,2.52431e+08,98.5393,98.274,3.93735,0,1,2.43444,2.21961,0,1.94816,2.96352,8.61469e+06,3.61194e+06,2.0972e+07,0,0,0,7.20693e+07
68.1412,85.139,1.86025,0.26,0.04,3.36905,3.58343,0,0.631139,5.32224,4.14526e+06,2.70226e+06,1.39656e+07,0,0,0,2.52431e+08,98.5106,98.274,3.99067,0,1,2.43444,2.22006,0,1.88085,2.96352,8.61469e+06,3.61194e+06,2.0972e+07,0,0,0,7.20693e+07
67.6965,85.139,2.88114,0.26,0.04,3.37022,3.58415,0,0.631359,5.32224,4.14526e+06,2.70226e+06,1.39704e+07,0,0,0,2.52431e+08,98.6824,98.274,4.73311,0,1,2.43444,2.22051,0,1.88085,2.96352,8.61469e+06,3.61194e+06,2.0972e+07,0,0,0,7.20693e+07
68.2132,85.139,3.88587,0.28,0.04,3.3714,3.58488,0,0.631579,5.32224,4.14526e+06,2.70226e+06,1.39753e+07,0,0,0,2.52431e+08,99.1721,98.274,5.16167,0,1,2.43444,2.22096,0,1.88085,2.96352,8.61469e+06,3.61194e+06,2.0972e+07,0,0,0,7.20693e+07
67.4441,85.139,2.52819,0.26,0.04,3.26317,3.47621,0,0.6318,5.32224,4.14526e+06,2.70226e+06,1.35267e+07,0,0,0,2.52431e+08,99.2797,98.274,4.61784,0,1,2.32756,2.11453,0,1.88085,2.96352,8.61469e+06,3.61194e+06,2.00512e+07,0,0,0,7.20693e+07
67.0729,85.139,2.86277,0.28,0.04,3.17451,3.47691,0,0.611518,5.32224,4.14526e+06,2.70226e+06,1.31592e+07,0,0,0,2.52431e+08,99.3022,98.274,5.89681,0,1,2.41735,2.11495,0,1.79827,2.96352,8.61469e+06,3.61194e+06,2.08248e+07,0,0,0,7.20693e+07
66.0937,85.139,2.19279,0.28,0.04,3.17521,3.47761,0,0.594903,5.32224,4.14526e+06,2.70226e+06,1.31621e+07,0,0,0,2.52431e+08,99.3022,98.274,4.69506,0,1,2.41778,2.11538,0,1.86765,2.96352,8.61469e+06,3.61194e+06,2.08284e+07,0,0,0,7.20693e+07
65.5594,85.139,2.63421,0.3,0.04,3.17592,3.47832,0,0.595035,5.32224,4.14526e+06,2.70226e+06,1.3165e+07,0,0,0,2.52431e+08,99.3022,98.274,4.64276,0,1,2.41821,2.11581,0,1.86798,2.96352,8.61469e+06,3.61194e+06,2.08321e+07,0,0,0,7.20693e+07
70.0981,85.139,7.71235,0.29,0.04,3.08675,3.38915,0,0.595167,5.32224,4.14526e+06,2.70226e+06,1.27954e+07,0,0,0,2.52431e+08,99.3022,98.274,8.61538,0,1,2.32127,2.01887,0,1.86831,2.96352,8.61469e+06,3.61194e+06,1.9997e+07,0,0,0,7.20693e+07
70.8395,85.139,4.06569,0.26,0.04,3.08744,3.38984,0,0.578457,5.32224,4.14526e+06,2.70226e+06,1.27982e+07,0,0,0,2.52431e+08,99.3022,98.274,4.33712,0,1,2.32168,2.01928,0,1.79341,2.96352,8.61469e+06,3.61194e+06,2.00005e+07,0,0,0,7.20693e+07
71.7874,85.139,4.31185,0.26,0.04,3.08812,3.39052,0,0.578585,5.32224,4.14526e+06,2.70226e+06,1.28011e+07,0,0,0,2.52431e+08,99.3022,98.274,6.12788,0,1,2.32209,2.01969,0,1.79373,2.96352,8.61469e+06,3.61194e+06,2.00041e+07,0,0,0,7.20693e+07
72.0467,85.139,3.61222,0.26,0.04,3.08881,3.39121,0,0.578714,5.32224,4.14526e+06,2.70226e+06,1.28039e+07,0,0,0,2.52431e+08,99.3022,98.274,5.32358,0,1,2.3225,2.0201,0,1.79405,2.96352,8.61469e+06,3.61194e+06,2.00076e+07,0,0,0,7.20693e+07
75.7101,85.139,7.04959,0.29,0.04,2.83405,3.13645,0,0.578843,5.32224,4.14526e+06,2.70226e+06,1.17478e+07,0,0,0,2.52431e+08,99.3022,98.274,8.40896,0,1,2.11995,1.81755,0,1.79436,2.96352,8.61469e+06,3.61194e+06,1.82627e+07,0,0,0,7.20693e+07
77.4372,85.139,5.07817,0.26,0.04,2.83468,3.13708,0,0.5311,5.32224,4.14526e+06,2.70226e+06,1.17505e+07,0,0,0,2.52431e+08,99.3022,98.274,7.46923,0,1,2.12032,1.81792,0,1.63788,2.96352,8.61469e+06,3.61194e+06,1.82659e+07,0,0,0,7.20693e+07
78.7407,85.139,4.58529,0.27,0.04,2.83532,3.13772,0,0.531219,5.32224,4.14526e+06,2.70226e+06,1.17531e+07,0,0,0,2.52431e+08,99.3022,98.274,6.94395,0,1,2.12069,1.81829,0,1.63816,2.96352,8.61469e+06,3.61194e+06,1.82691e+07,0,0,0,7.20693e+07
83.0266,85.139,7.74598,0.28,0.04,2.83595,3.13835,0,0.531338,5.32224,4.14526e+06,2.70226e+06,1.17557e+07,0,0,0,2.52431e+08,99.3022,98.274,7.73669,0,1,2.12106,1.81866,0,1.63844,2.96352,8.61469e+06,3.61194e+06,1.82722e+07,0,0,0,7.20693e+07
85.139,85.139,5.66982,0.27,0.04,2.83659,3.13899,0,0.531457,5.32224,4.14526e+06,2.70226e+06,1.17584e+07,0,0,0,2.52431e+08,99.3022,98.274,6.6466,0,1,2.12142,1.81902,0,1.63873,2.96352,8.61469e+06,3.61194e+06,1.82754e+07,0,0,0,7.20693e+07
85.139,85.139,8.44601,0.23,0.04,2.93556,3.23796,0,0.531576,5.32224,4.14526e+06,2.70226e+06,1.21686e+07,0,0,0,2.52431e+08,99.3022,98.274,8.49286,0,1,2.18061,1.87821,0,1.63901,2.96352,8.61469e+06,3.61194e+06,1.87853e+07,0,0,0,7.20693e+07
85.139,85.139,11.1184,0.22,0.04,2.93618,3.23858,0,0.550123,6.048,4.14526e+06,2.70226e+06,1.21712e+07,0,0,0,2.52431e+08,99.3022,98.274,13.7306,0,1,2.18097,1.87857,0,1.68474,3.38688,8.61469e+06,3.61194e+06,1.87884e+07,0,0,0,7.20693e+07
85.139,85.139,7.57691,0.22,0.04,2.9368,3.2392,0,0.550239,6.048,4.14526e+06,2.70226e+06,1.21738e+07,0,0,0,2.52431e+08,99.3022,98.274,8.82339,0,1,2.18133,1.87893,0,1.68502,3.38688,8.61469e+06,3.61194e+06,1.87915e+07,0,0,0,7.20693e+07
85.139,85.139,6.70321,0.23,0.04,2.93742,3.23982,0,0.550356,6.048,4.14526e+06,2.70226e+06,1.21763e+07,0,0,0,2.52431e+08,99.3022,98.274,5.81155,0,1,2.18169,1.87929,0,1.68529,3.38688,8.61469e+06,3.61194e+06,1.87946e+07,0,0,0,7.20693e+07
85.139,85.139,6.86651,0.22,0.04,3.2541,3.5565,0,0.550472,6.048,4.14526e+06,2.70226e+06,1.34891e+07,0,0,0,2.52431e+08,99.3022,98.274,6.55531,0,1,2.40306,2.10066,0,1.68557,3.38688,8.61469e+06,3.61194e+06,2.07016e+07,0,0,0,7.20693e+07
85.139,85.139,10.471,0.23,0.04,3.25478,3.55718,0,0.609819,6.048,4.14526e+06,2.70226e+06,1.34919e+07,0,0,0,2.52431e+08,99.3022,98.274,12.6171,0,1,2.40346,2.10106,0,1.8566,3.38688,8.61469e+06,3.61194e+06,2.0705e+07,0,0,0,7.20693e+07
85.139,85.139,11.4858,0.22,0.04,3.25547,3.55787,0,0.609947,6.048,4.14526e+06,2.70226e+06,1.34947e+07,0,0,0,2.52431e+08,99.3022,98.274,13.7161,0,1,2.40386,2.10146,0,1.85691,3.38688,8.61469e+06,3.61194e+06,2.07085e+07,0,0,0,7.20693e+07
85.139,85.139,10.5868,0.23,0.04,3.25615,3.55855,0,0.610074,6.048,4.14526e+06,2.70226e+06,1.34976e+07,0,0,0,2.52431e+08,99.3022,98.274,11.2983,0,1,2.40426,2.10186,0,1.85722,3.38688,8.61469e+06,3.61194e+06,2.0712e+07,0,0,0,7.20693e+07
85.139,85.139,7.86182,0.24,0.04,2.80567,3.10807,0,0.610202,6.048,4.14526e+06,2.70226e+06,1.16302e+07,0,0,0,2.52431e+08,99.3022,98.274,7.26466,0,1,2.10785,1.80545,0,1.85753,3.38688,8.61469e+06,3.61194e+06,1.81584e+07,0,0,0,7.20693e+07
85.139,85.139,5.56797,0.28,0.04,2.80627,3.10867,0,0.525783,6.048,4.14526e+06,2.70226e+06,1.16327e+07,0,0,0,2.52431e+08,99.3022,98.274,5.84468,0,1,2.10819,1.80579,0,1.62852,3.38688,8.61469e+06,3.61194e+06,1.81614e+07,0,0,0,7.20693e+07
85.139,85.139,6.37717,0.31,0.04,2.80687,3.10927,0,0.525895,6.048,4.14526e+06,2.70226e+06,1.16352e+07,0,0,0,2.52431e+08,99.3022,98.274,6.62522,0,1,2.10854,1.80614,0,1.62879,3.38688,8.61469e+06,3.61194e+06,1.81644e+07,0,0,0,7.20693e+07
85.139,85.139,9.30563,0.34,0.04,2.80746,3.10986,0,0.526007,6.048,4.14526e+06,2.70226e+06,1.16376e+07,0,0,0,2.52431e+08,99.3022,98.274,12.1671,0,1,2.10888,1.80648,0,1.62906,3.38688,8.61469e+06,3.61194e+06,1.81674e+07,0,0,0,7.20693e+07
85.139,85.139,7.35494,0.36,0.04,2.80806,3.11046,0,0.526118,6.048,4.14526e+06,2.70226e+06,1.16401e+07,0,0,0,2.52431e+08,99.3022,98.274,9.23107,0,1,2.10923,1.80683,0,1.62932,3.38688,8.61469e+06,3.61194e+06,1.81704e+07,0,0,0,7.20693e+07
85.139,85.139,7.13238,0.41,0.04,2.63524,3.22472,0,0.52623,6.048,4.14526e+06,3.40408e+06,1.09237e+07,0,0,0,2.52431e+08,99.3022,98.274,9.13279,0,1,2.0149,1.87986,0,1.62959,3.38688,8.61469e+06,4.55002e+06,1.73578e+07,0,0,0,7.20693e+07
85.139,85.139,8.33458,0.42,0.04,2.6358,3.22534,0,0.493844,6.048,4.14526e+06,3.40408e+06,1.09261e+07,0,0,0,2.52431e+08,99.3022,98.274,13.6569,0,1,2.01523,1.88022,0,1.55671,3.38688,8.61469e+06,4.55002e+06,1.73606e+07,0,0,0,7.20693e+07
85.139,85.139,7.06328,0.43,0.04,2.63636,3.22596,0,0.493949,6.048,4.14526e+06,3.40408e+06,1.09284e+07,0,0,0,2.52431e+08,99.3022,98.274,11.0057,0,1,2.01556,1.88058,0,1.55697,3.38688,8.61469e+06,4.55002e+06,1.73634e+07,0,0,0,7.20693e+07
85.139,85.139,5.674,0.43,0.04,2.63693,3.22658,0,0.494055,6.048,4.14526e+06,3.40408e+06,1.09307e+07,0,0,0,2.52431e+08,99.3022,98.274,7.85794,0,1,2.01589,1.88094,0,1.55722,3.38688,8.61469e+06,4.55002e+06,1.73662e+07,0,0,0,7.20693e+07
85.139,85.139,5.37455,0.4,0.04,2.59697,3.18272,0,0.49416,6.048,4.14526e+06,3.40408e+06,1.07651e+07,0,0,0,2.52431e+08,99.3022,98.274,7.80201,0,1,1.99048,1.85305,0,1.55747,3.38688,8.61469e+06,4.55002e+06,1.71473e+07,0,0,0,7.20693e+07
85.139,85.139,5.55326,0.38,0.04,2.88093,3.18333,0,0.486672,6.048,4.14526e+06,2.70226e+06,1.19422e+07,0,0,0,2.52431e+08,99.3022,98.274,8.94897,0,1,2.1558,1.8534,0,1.53784,3.38688,8.61469e+06,3.61194e+06,1.85716e+07,0,0,0,7.20693e+07
85.139,85.139,5.0578,0.37,0.04,2.88154,3.18394,0,0.539885,6.048,4.14526e+06,2.70226e+06,1.19447e+07,0,0,0,2.52431e+08,99.3022,98.274,8.56328,0,1,2.15616,1.85376,0,1.66557,3.38688,8.61469e+06,3.61194e+06,1.85746e+07,0,0,0,7.20693e+07
85.139,85.139,4.60229,0.35,0.04,2.88214,3.18454,0,0.54,6.048,4.14526e+06,2.70226e+06,1.19472e+07,0,0,0,2.52431e+08,99.3022,98.274,7.28606,0,1,2.15651,1.85411,0,1.66585,3.38688,8.61469e+06,3.61194e+06,1.85777e+07,0,0,0,7.20693e+07
85.139,85.139,4.50389,0.32,0.04,3.03385,3.33625,0,0.540114,6.048,4.14526e+06,2.70226e+06,1.25761e+07,0,0,0,2.52431e+08,99.3022,98.274,7.13521,0,1,2.25713,1.95473,0,1.66612,3.38688,8.61469e+06,3.61194e+06,1.94445e+07,0,0,0,7.20693e+07
85.139,85.139,4.63988,0.27,0.04,3.03449,3.33689,0,0.568543,6.048,4.14526e+06,2.70226e+06,1.25787e+07,0,0,0,2.52431e+08,99.3022,98.274,8.06468,0,1,2.2575,1.9551,0,1.74386,3.38688,8.61469e+06,3.61194e+06,1.94477e+07,0,0,0,7.20693e+07
85.139,85.139,4.30039,0.26,0.04,3.03513,3.33753,0,0.568663,6.048,4.14526e+06,2.70226e+06,1.25814e+07,0,0,0,2.52431e+08,99.3022,98.274,7.54002,0,1,2.25788,1.95548,0,1.74415,3.38688,8.61469e+06,3.61194e+06,1.94509e+07,0,0,0,7.20693e+07
85.139,85.139,3.83258,0.26,0.04,3.03576,3.33816,0,0.568783,6.048,4.14526e+06,2.70226e+06,1.2584e+07,0,0,0,2.52431e+08,99.3022,98.274,6.97626,0,1,2.25825,1.95585,0,1.74444,3.38688,8.61469e+06,3.61194e+06,1.94541e+07,0,0,0,7.20693e+07
85.139,85.139,3.46397,0.24,0.04,3.0364,3.3388,0,0.568902,6.048,4.14526e+06,2.70226e+06,1.25867e+07,0,0,0,2.52431e+08,99.3022,98.274,6.49156,0,1,2.25863,1.95623,0,1.74473,3.38688,8.61469e+06,3.61194e+06,1.94574e+07,0,0,0,7.20693e+07
85.139,85.139,3.71389,0.24,0.04,3.00713,3.30953,0,0.569022,6.048,4.14526e+06,2.70226e+06,1.24653e+07,0,0,0,2.52431e+08,99.3022,98.274,5.80591,0,1,2.31416,2.01176,0,1.74501,3.38688,8.61469e+06,3.61194e+06,1.99358e+07,0,0,0,7.20693e+07
85.139,85.139,3.54849,0.24,0.04,3.00777,3.31017,0,0.563537,6.048,4.14526e+06,2.70226e+06,1.2468e+07,0,0,0,2.52431e+08,99.3022,98.274,5.379,0,1,2.31454,2.01214,0,1.78792,3.38688,8.61469e+06,3.61194e+06,1.99391e+07,0,0,0,7.20693e+07
85.1383,85.139,3.22448,0.24,0.04,3.0084,3.3108,0,0.563655,6.048,4.14526e+06,2.70226e+06,1.24706e+07,0,0,0,2.52431e+08,99.3022,98.274,4.95864,0,1,2.31493,2.01253,0,1.78822,3.38688,8.61469e+06,3.61194e+06,1.99424e+07,0,0,0,7.20693e+07
85.0119,85.139,3.05237,0.24,0.04,3.00903,3.31143,0,0.563774,6.048,4.14526e+06,2.70226e+06,1.24732e+07,0,0,0,2.52431e+08,99.3022,98.274,4.89258,0,1,2.31531,2.01291,0,1.78851,3.38688,8.61469e+06,3.61194e+06,1.99457e+07,0,0,0,7.20693e+07
84.4986,85.139,2.71868,0.25,0.04,3.08696,3.38936,0,0.563893,6.048,4.14526e+06,2.70226e+06,1.27963e+07,0,0,0,2.52431e+08,99.3022,98.274,4.49896,0,1,2.3649,2.0625,0,1.78881,3.38688,8.61469e+06,3.61194e+06,2.03728e+07,0,0,0,7.20693e+07
84.2649,85.139,3.03348,0.25,0.04,3.08761,3.39001,0,0.578497,6.048,4.14526e+06,2.70226e+06,1.27989e+07,0,0,0,2.52431e+08,99.3022,98.274,4.53689,0,1,2.36529,2.06289,0,1.82712,3.38688,8.61469e+06,3.61194e+06,2.03762e+07,0,0,0,7.20693e+07
83.8366,85.139,2.8081,0.25,0.04,3.08826,3.39066,0,0.578619,6.048,4.14526e+06,2.70226e+06,1.28016e+07,0,0,0,2.52431e+08,99.2811,98.274,4.6395,0,1,2.36568,2.06328,0,1.82742,3.38688,8.61469e+06,3.61194e+06,2.03796e+07,0,0,0,7.20693e+07
83.2111,85.139,2.60193,0.24,0.04,3.08891,3.39131,0,0.57874,6.048,4.14526e+06,2.70226e+06,1.28043e+07,0,0,0,2.52431e+08,99.1908,98.274,4.11804,0,1,2.36608,2.06368,0,1.82773,3.38688,8.61469e+06,3.61194e+06,2.0383e+07,0,0,0,7.20693e+07
82.4566,85.139,2.64848,0.24,0.04,3.31609,3.61849,0,0.578862,6.048,4.14526e+06,2.70226e+06,1.37461e+07,0,0,0,2.52431e+08,99.196,98.274,4.68934,0,1,2.54418,2.24178,0,1.82803,3.38688,8.61469e+06,3.61194e+06,2.19173e+07,0,0,0,7.20693e+07
81.0934,85.139,2.00331,0.24,0.04,3.31678,3.61918,0,0.621436,6.048,4.14526e+06,2.70226e+06,1.37489e+07,0,0,0,2.52431e+08,99.0114,98.274,4.04649,0,1,2.54461,2.24221,0,1.96564,3.38688,8.61469e+06,3.61194e+06,2.1921e+07,0,0,0,7.20693e+07
79.6645,85.139,1.91861,0.24,0.04,3.31748,3.61988,0,0.621565,6.048,4.14526e+06,2.70226e+06,1.37518e+07,0,0,0,2.52431e+08,98.7648,98.274,3.78673,0,1,2.54504,2.24264,0,1.96597,3.38688,8.61469e+06,3.61194e+06,2.19247e+07,0,0,0,7.20693e+07
79.1222,85.139,2.83487,0.24,0.04,3.31817,3.62057,0,0.621695,6.048,4.14526e+06,2.70226e+06,1.37547e+07,0,0,0,2.52431e+08,98.6576,98.274,4.50975,0,1,2.54547,2.24307,0,1.9663,3.38688,8.61469e+06,3.61194e+06,2.19284e+07,0,0,0,7.20693e+07
79.7037,85.139,4.04964,0.26,0.04,3.31886,3.62126,0,0.621825,6.048,4.14526e+06,2.70226e+06,1.37575e+07,0,0,0,2.52431e+08,98.819,98.274,4.95885,0,1,2.5459,2.2435,0,1.96663,3.38688,8.61469e+06,3.61194e+06,2.19321e+07,0,0,0,7.20693e+07
79.2381,85.139,2.85362,0.24,0.04,3.20904,3.51144,0,0.621955,6.048,4.14526e+06,2.70226e+06,1.33023e+07,0,0,0,2.52431e+08,98.6064,98.274,4.02204,0,1,2.43836,2.13596,0,1.96696,3.38688,8.61469e+06,3.61194e+06,2.10057e+07,0,0,0,7.20693e+07
78.5479,85.139,2.64439,0.26,0.04,3.20972,3.51212,0,0.601375,6.048,4.14526e+06,2.70226e+06,1.33051e+07,0,0,0,2.52431e+08,98.3928,98.274,3.93116,0,1,2.43877,2.13637,0,1.88388,3.38688,8.61469e+06,3.61194e+06,2.10092e+07,0,0,0,7.20693e+07
78.2,85.139,3.01836,0.26,0.04,3.21039,3.51279,0,0.601501,6.048,4.14526e+06,2.70226e+06,1.33079e+07,0,0,0,2.52431e+08,98.455,98.274,5.01329,0,1,2.43918,2.13678,0,1.88419,3.38688,8.61469e+06,3.61194e+06,2.10128e+07,0,0,0,7.20693e+07
77.7319,85.139,2.94223,0.26,0.04,3.21106,3.51346,0,0.601626,6.048,4.14526e+06,2.70226e+06,1.33107e+07,0,0,0,2.52431e+08,98.4979,98.274,4.89909,0,1,2.43959,2.13719,0,1.88451,3.38688,8.61469e+06,3.61194e+06,2.10163e+07,0,0,0,7.20693e+07
77.8726,85.139,3.67958,0.26,0.04,3.12095,3.42335,0,0.601752,6.048,4.14526e+06,2.70226e+06,1.29371e+07,0,0,0,2.52431e+08,99.0152,98.274,6.50399,0,1,2.34164,2.03924,0,1.88482,3.38688,8.61469e+06,3.61194e+06,2.01725e+07,0,0,0,7.20693e+07
78.076,85.139,3.73801,0.26,0.04,3.12161,3.42401,0,0.584866,6.048,4.14526e+06,2.70226e+06,1.29399e+07,0,0,0,2.52431e+08,99.3022,98.274,8.09868,0,1,2.34203,2.03963,0,1.80915,3.38688,8.61469e+06,3.61194e+06,2.01759e+07,0,0,0,7.20693e+07
78.4171,85.139,3.87398,0.26,0.04,3.12226,3.42466,0,0.584989,6.048,4.14526e+06,2.70226e+06,1.29426e+07,0,0,0,2.52431e+08,99.3022,98.274,11.2445,0,1,2.34242,2.04002,0,1.80946,3.38688,8.61469e+06,3.61194e+06,2.01793e+07,0,0,0,7.20693e+07
79.6432,85.139,4.8906,0.26,0.04,3.12291,3.42531,0,0.585112,6.048,4.14526e+06,2.70226e+06,1.29453e+07,0,0,0,2.52431e+08,99.3022,98.274,8.46633,0,1,2.34281,2.04041,0,1.80976,3.38688,8.61469e+06,3.61194e+06,2.01826e+07,0,0,0,7.20693e+07
82.2337,85.139,6.08011,0.24,0.04,2.86555,3.16795,0,0.585234,6.048,4.14526e+06,2.70226e+06,1.18785e+07,0,0,0,2.52431e+08,99.3022,98.274,7.27683,0,1,2.13821,1.83581,0,1.81006,3.38688,8.61469e+06,3.61194e+06,1.842e+07,0,0,0,7.20693e+07
85.139,85.139,9.51083,0.25,0.04,2.86616,3.16856,0,0.537005,6.048,4.14526e+06,2.70226e+06,1.1881e+07,0,0,0,2.52431e+08,99.3022,98.274,11.701,0,1,2.13856,1.83616,0,1.65198,3.38688,8.61469e+06,3.61194e+06,1.84231e+07,0,0,0,7.20693e+07
85.139,85.139,7.49357,0.23,0.04,2.86677,3.16917,0,0.537118,6.048,4.14526e+06,2.70226e+06,1.18835e+07,0,0,0,2.52431e+08,99.3022,98.274,8.64074,0,1,2.13891,1.83651,0,1.65225,3.38688,8.61469e+06,3.61194e+06,1.84261e+07,0,0,0,7.20693e+07
85.139,85.139,8.5362,0.24,0.04,2.86737,3.16977,0,0.537232,6.048,4.14526e+06,2.70226e+06,1.1886e+07,0,0,0,2.52431e+08,99.3022,98.274,10.1157,0,1,2.13926,1.83686,0,1.65252,3.38688,8.61469e+06,3.61194e+06,1.84291e+07,0,0,0,7.20693e+07
85.139,85.139,8.82379,0.26,0.04,2.86798,3.17038,0,0.537345,6.048,4.14526e+06,2.70226e+06,1.18885e+07,0,0,0,2.52431e+08,99.3022,98.274,13.9008,0,1,2.13962,1.83722,0,1.6528,3.38688,8.61469e+06,3.61194e+06,1.84321e+07,0,0,0,7.20693e+07
85.139,85.139,8.48801,0.26,0.04,2.86798,3.17038,0,0.537459,6.048,4.14526e+06,2.70226e+06,1.18885e+07,0,0,0,2.52431e+08,99.3022,98.274,10.896,0,1,2.13962,1.83722,0,1.65307,3.38688,8.61469e+06,3.61194e+06,1.84321e+07,0,0,0,7.20693e+07
85.139,85.139,15.0677,0.27,0.02,2.9679,3.2703,0,0.537459,6.048,4.14526e+06,2.70226e+06,1.23027e+07,0,0,0,2.52431e+08,99.3022,98.274,17.1602,0,0,2.19937,1.89697,0,1.65307,3.38688,8.61469e+06,3.61194e+06,1.89469e+07,0,0,0,7.20693e+07
85.139,85.139,9.55137,0.26,0.02,2.96849,3.27089,0,0.556184,6.048,4.14526e+06,2.70226e+06,1.23052e+07,0,0,0,2.52431e+08,99.3022,98.274,10.1403,0,0,2.19971,1.89731,0,1.69923,3.38688,8.61469e+06,3.61194e+06,1.89498e+07,0,0,0,7.20693e+07
85.139,85.139,9.57636,0.25,0.02,2.96908,3.27148,0,0.556295,6.048,4.14526e+06,2.70226e+06,1.23076e+07,0,0,0,2.52431e+08,99.3022,98.274,12.8823,0,0,2.20006,1.89766,0,1.6995,3.38688,8.61469e+06,3.61194e+06,1.89528e+07,0,0,0,7.20693e+07
85.139,85.139,8.00453,0.28,0.02,2.96967,3.27207,0,0.556406,6.048,4.14526e+06,2.70226e+06,1.23101e+07,0,0,0,2.52431e+08,99.3022,98.274,7.97846,0,0,2.2004,1.898,0,1.69976,3.38688,8.61469e+06,3.61194e+06,1.89557e+07,0,0,0,7.20693e+07
85.139,85.139,7.53203,0.27,0.02,3.28947,3.59187,0,0.556516,6.048,4.14526e+06,2.70226e+06,1.36357e+07,0,0,0,2.52431e+08,99.3022,98.274,9.29321,0,0,2.42395,2.12155,0,1.70003,3.38688,8.61469e+06,3.61194e+06,2.08815e+07,0,0,0,7.20693e+07
85.139,85.139,8.33257,0.27,0.02,3.29012,3.59252,0,0.616447,6.048,4.14526e+06,2.70226e+06,1.36384e+07,0,0,0,2.52431e+08,99.3022,98.274,12.0722,0,0,2.42433,2.12193,0,1.87274,3.38688,8.61469e+06,3.61194e+06,2.08848e+07,0,0,0,7.20693e+07
85.139,85.139,7.33525,0.28,0.02,3.29077,3.59317,0,0.616568,6.048,4.14526e+06,2.70226e+06,1.36411e+07,0,0,0,2.52431e+08,99.3022,98.274,9.75454,0,0,2.42471,2.12231,0,1.87304,3.38688,8.61469e+06,3.61194e+06,2.08881e+07,0,0,0,7.20693e+07
85.139,85.139,5.74728,0.28,0.02,3.29142,3.59382,0,0.61669,6.048,4.14526e+06,2.70226e+06,1.36438e+07,0,0,0,2.52431e+08,99.3022,98.274,6.43175,0,0,2.42509,2.12269,0,1.87333,3.38688,8.61469e+06,3.61194e+06,2.08914e+07,0,0,0,7.20693e+07
85.139,85.139,10.8856,0.32,0.02,2.83644,3.13884,0,0.616811,6.048,4.14526e+06,2.70226e+06,1.17578e+07,0,0,0,2.52431e+08,99.3022,98.274,18.8124,0,0,2.12572,1.82332,0,1.87363,3.38688,8.61469e+06,3.61194e+06,1.83124e+07,0,0,0,7.20693e+07
85.139,85.139,9.65651,0.34,0.02,2.83701,3.13941,0,0.53155,6.048,4.14526e+06,2.70226e+06,1.17601e+07,0,0,0,2.52431e+08,99.3022,98.274,15.4316,0,0,2.12605,1.82365,0,1.64233,3.38688,8.61469e+06,3.61194e+06,1.83152e+07,0,0,0,7.20693e+07
85.139,85.139,7.19915,0.36,0.02,2.83758,3.13998,0,0.531656,6.048,4.14526e+06,2.70226e+06,1.17625e+07,0,0,0,2.52431e+08,99.3022,98.274,9.89756,0,0,2.12638,1.82398,0,1.64258,3.38688,8.61469e+06,3.61194e+06,1.83181e+07,0,0,0,7.20693e+07
85.139,85.139,6.22893,0.4,0.02,2.55855,3.14054,0,0.531762,6.048,4.14526e+06,3.40408e+06,1.06059e+07,0,0,0,2.52431e+08,99.3022,98.274,7.85351,0,0,1.9643,1.82431,0,1.64284,3.38688,8.61469e+06,4.55002e+06,1.69218e+07,0,0,0,7.20693e+07
85.139,85.139,5.94722,0.44,0.02,2.55907,3.14111,0,0.479473,6.048,4.14526e+06,3.40408e+06,1.0608e+07,0,0,0,2.52431e+08,99.3022,98.274,10.4391,0,0,1.96459,1.82464,0,1.51761,3.38688,8.61469e+06,4.55002e+06,1.69244e+07,0,0,0,7.20693e+07
85.139,85.139,8.22118,0.45,0.02,2.66416,3.25647,0,0.47957,6.048,4.14526e+06,3.40408e+06,1.10436e+07,0,0,0,2.52431e+08,99.3022,98.274,11.6426,0,0,2.03176,1.89836,0,1.51785,3.38688,8.61469e+06,4.55002e+06,1.7503e+07,0,0,0,7.20693e+07
85.139,85.139,7.24392,0.44,0.02,2.66469,3.25705,0,0.499263,6.048,4.14526e+06,3.40408e+06,1.10458e+07,0,0,0,2.52431e+08,99.3022,98.274,8.4224,0,0,2.03207,1.89871,0,1.56974,3.38688,8.61469e+06,4.55002e+06,1.75057e+07,0,0,0,7.20693e+07
85.139,85.139,5.37244,0.47,0.02,2.66523,3.25764,0,0.499363,6.048,4.14526e+06,3.40408e+06,1.10481e+07,0,0,0,2.52431e+08,99.3022,98.274,7.18107,0,0,2.03238,1.89905,0,1.56998,3.38688,8.61469e+06,4.55002e+06,1.75083e+07,0,0,0,7.20693e+07
85.139,85.139,5.47666,0.47,0.02,2.66576,3.25823,0,0.499464,6.048,4.14526e+06,3.40408e+06,1.10503e+07,0,0,0,2.52431e+08,99.3022,98.274,7.19008,0,0,2.0327,1.89939,0,1.57022,3.38688,8.61469e+06,4.55002e+06,1.7511e+07,0,0,0,7.20693e+07
85.139,85.139,4.61718,0.43,0.02,2.62538,3.2139,0,0.499564,6.048,4.14526e+06,3.40408e+06,1.08829e+07,0,0,0,2.52431e+08,99.3022,98.274,4.34271,0,0,2.00702,1.87121,0,1.57046,3.38688,8.61469e+06,4.55002e+06,1.72898e+07,0,0,0,7.20693e+07
85.139,85.139,4.3668,0.41,0.02,2.62591,3.21448,0,0.491997,6.048,4.14526e+06,3.40408e+06,1.08851e+07,0,0,0,2.52431e+08,99.3022,98.274,4.14248,0,0,2.00733,1.87154,0,1.55062,3.38688,8.61469e+06,4.55002e+06,1.72925e+07,0,0,0,7.20693e+07
85.139,85.139,4.03554,0.4,0.02,2.62644,3.21506,0,0.492096,6.048,4.14526e+06,3.40408e+06,1.08873e+07,0,0,0,2.52431e+08,99.3022,98.274,4.49073,0,0,2.00763,1.87188,0,1.55086,3.38688,8.61469e+06,4.55002e+06,1.72951e+07,0,0,0,7.20693e+07
85.139,85.139,3.81573,0.37,0.02,2.91324,3.21564,0,0.492195,6.048,4.14526e+06,2.70226e+06,1.20761e+07,0,0,0,2.52431e+08,99.3022,98.274,4.73698,0,0,2.17462,1.87222,0,1.5511,3.38688,8.61469e+06,3.61194e+06,1.87337e+07,0,0,0,7.20693e+07
85.139,85.139,4.2253,0.32,0.02,3.06639,3.36879,0,0.545942,6.048,4.14526e+06,2.70226e+06,1.2711e+07,0,0,0,2.52431e+08,99.3022,98.274,4.61649,0,0,2.2762,1.9738,0,1.68011,3.38688,8.61469e+06,3.61194e+06,1.96087e+07,0,0,0,7.20693e+07
85.139,85.139,3.99592,0.29,0.02,3.067,3.3694,0,0.574642,6.048,4.14526e+06,2.70226e+06,1.27135e+07,0,0,0,2.52431e+08,99.3022,98.274,4.05767,0,0,2.27655,1.97415,0,1.75859,3.38688,8.61469e+06,3.61194e+06,1.96118e+07,0,0,0,7.20693e+07
85.139,85.139,3.64224,0.26,0.02,3.06761,3.37001,0,0.574756,6.048,4.14526e+06,2.70226e+06,1.2716e+07,0,0,0,2.52431e+08,99.3022,98.274,3.67905,0,0,2.27691,1.97451,0,1.75886,3.38688,8.61469e+06,3.61194e+06,1.96149e+07,0,0,0,7.20693e+07
84.9982,85.139,3.19629,0.27,0.02,3.06821,3.37061,0,0.574869,6.048,4.14526e+06,2.70226e+06,1.27185e+07,0,0,0,2.52431e+08,99.3022,98.274,3.37254,0,0,2.27726,1.97486,0,1.75914,3.38688,8.61469e+06,3.61194e+06,1.96179e+07,0,0,0,7.20693e+07
84.6012,85.139,2.86925,0.28,0.02,3.06882,3.37122,0,0.574983,6.048,4.14526e+06,2.70226e+06,1.27211e+07,0,0,0,2.52431e+08,99.3022,98.274,3.79186,0,0,2.27762,1.97522,0,1.75941,3.38688,8.61469e+06,3.61194e+06,1.9621e+07,0,0,0,7.20693e+07
84,85.139,2.58346,0.28,0.02,3.03923,3.34163,0,0.575097,6.048,4.14526e+06,2.70226e+06,1.25984e+07,0,0,0,2.52431e+08,99.3022,98.274,4.13097,0,0,2.33367,2.03127,0,1.75969,3.38688,8.61469e+06,3.61194e+06,2.01038e+07,0,0,0,7.20693e+07
83.2429,85.139,2.41251,0.26,0.02,3.03983,3.34223,0,0.569552,6.048,4.14526e+06,2.70226e+06,1.26009e+07,0,0,0,2.52431e+08,99.3022,98.274,4.22482,0,0,2.33404,2.03164,0,1.80299,3.38688,8.61469e+06,3.61194e+06,2.0107e+07,0,0,0,7.20693e+07
82.3547,85.139,2.2659,0.26,0.02,3.04044,3.34284,0,0.569665,6.048,4.14526e+06,2.70226e+06,1.26034e+07,0,0,0,2.52431e+08,99.3022,98.274,4.1433,0,0,2.3344,2.032,0,1.80328,3.38688,8.61469e+06,3.61194e+06,2.01102e+07,0,0,0,7.20693e+07
81.4307,85.139,2.21357,0.26,0.02,3.04104,3.34344,0,0.569778,6.048,4.14526e+06,2.70226e+06,1.26059e+07,0,0,0,2.52431e+08,99.3022,98.274,3.87399,0,0,2.33477,2.03237,0,1.80356,3.38688,8.61469e+06,3.61194e+06,2.01133e+07,0,0,0,7.20693e+07
80.6322,85.139,2.38679,0.25,0.02,3.11968,3.42208,0,0.56989,6.048,4.14526e+06,2.70226e+06,1.29319e+07,0,0,0,2.52431e+08,99.3022,98.274,4.15732,0,0,2.38481,2.08241,0,1.80384,3.38688,8.61469e+06,3.61194e+06,2.05444e+07,0,0,0,7.20693e+07
79.7833,85.139,2.33136,0.25,0.02,3.1203,3.4227,0,0.584629,6.048,4.14526e+06,2.70226e+06,1.29344e+07,0,0,0,2.52431e+08,99.3022,98.274,4.31426,0,0,2.38518,2.08278,0,1.8425,3.38688,8.61469e+06,3.61194e+06,2.05476e+07,0,0,0,7.20693e+07
78.7985,85.139,2.17709,0.25,0.02,3.12092,3.42332,0,0.584744,6.048,4.14526e+06,2.70226e+06,1.2937e+07,0,0,0,2.52431e+08,99.3022,98.274,4.06479,0,0,2.38556,2.08316,0,1.84279,3.38688,8.61469e+06,3.61194e+06,2.05508e+07,0,0,0,7.20693e+07
77.6517,85.139,1.99819,0.27,0.02,3.12153,3.42393,0,0.58486,6.048,4.14526e+06,2.70226e+06,1.29396e+07,0,0,0,2.52431e+08,99.3022,98.274,3.82946,0,0,2.38593,2.08353,0,1.84308,3.38688,8.61469e+06,3.61194e+06,2.05541e+07,0,0,0,7.20693e+07
76.8275,85.139,2.51172,0.26,0.02,3.35086,3.65326,0,0.584976,6.048,4.14526e+06,2.70226e+06,1.38902e+07,0,0,0,2.52431e+08,99.3022,98.274,5.30295,0,0,2.56572,2.26332,0,1.84337,3.38688,8.61469e+06,3.61194e+06,2.21029e+07,0,0,0,7.20693e+07
76.1984,85.139,2.71767,0.26,0.02,3.35152,3.65392,0,0.627952,6.048,4.14526e+06,2.70226e+06,1.38929e+07,0,0,0,2.52431e+08,99.3022,98.274,5.90747,0,0,2.56613,2.26373,0,1.98228,3.38688,8.61469e+06,3.61194e+06,2.21064e+07,0,0,0,7.20693e+07
75.064,85.139,2.23264,0.26,0.02,3.35218,3.65458,0,0.628075,6.048,4.14526e+06,2.70226e+06,1.38956e+07,0,0,0,2.52431e+08,99.3022,98.274,4.72774,0,0,2.56654,2.26414,0,1.98259,3.38688,8.61469e+06,3.61194e+06,2.21099e+07,0,0,0,7.20693e+07
74.3194,85.139,2.59067,0.26,0.02,3.35284,3.65524,0,0.628198,6.048,4.14526e+06,2.70226e+06,1.38984e+07,0,0,0,2.52431e+08,99.3022,98.274,7.07647,0,0,2.56695,2.26455,0,1.98291,3.38688,8.61469e+06,3.61194e+06,2.21135e+07,0,0,0,7.20693e+07
73.4445,85.139,2.47665,0.26,0.02,3.3535,3.6559,0,0.628322,6.048,4.14526e+06,2.70226e+06,1.39011e+07,0,0,0,2.52431e+08,99.3022,98.274,5.61501,0,0,2.56736,2.26496,0,1.98322,3.38688,8.61469e+06,3.61194e+06,2.2117e+07,0,0,0,7.20693e+07
72.3755,85.139,2.18038,0.28,0.02,3.24259,3.54499,0,0.628445,6.048,4.14526e+06,2.70226e+06,1.34414e+07,0,0,0,2.52431e+08,99.3022,98.274,4.50927,0,0,2.45877,2.15637,0,1.98354,3.38688,8.61469e+06,3.61194e+06,2.11815e+07,0,0,0,7.20693e+07
71.0513,85.139,1.90599,0.28,0.02,3.24323,3.54563,0,0.607661,6.048,4.14526e+06,2.70226e+06,1.3444e+07,0,0,0,2.52431e+08,99.3022,98.274,4.1283,0,0,2.45916,2.15676,0,1.89964,3.38688,8.61469e+06,3.61194e+06,2.11849e+07,0,0,0,7.20693e+07
70.5102,85.139,2.7051,0.3,0.02,3.24387,3.54627,0,0.607781,6.048,4.14526e+06,2.70226e+06,1.34467e+07,0,0,0,2.52431e+08,99.3022,98.274,5.49562,0,0,2.45954,2.15714,0,1.89994,3.38688,8.61469e+06,3.61194e+06,2.11882e+07,0,0,0,7.20693e+07
72.1606,85.139,5.01525,0.29,0.02,3.24451,3.54691,0,0.607901,6.048,4.14526e+06,2.70226e+06,1.34493e+07,0,0,0,2.52431e+08,99.3022,98.274,7.60065,0,0,2.45993,2.15753,0,1.90024,3.38688,8.61469e+06,3.61194e+06,2.11916e+07,0,0,0,7.20693e+07
70.1527,85.139,1.35753,0.29,0.02,3.1535,3.4559,0,0.60802,6.048,4.14526e+06,2.70226e+06,1.30721e+07,0,0,0,2.52431e+08,99.3022,98.274,3.36122,0,0,2.36104,2.05864,0,1.90054,3.38688,8.61469e+06,3.61194e+06,2.03396e+07,0,0,0,7.20693e+07
69.4254,85.139,2.57848,0.29,0.02,3.15413,3.45653,0,0.590966,6.048,4.14526e+06,2.70226e+06,1.30747e+07,0,0,0,2.52431e+08,99.3022,98.274,4.5866,0,0,2.36141,2.05901,0,1.82414,3.38688,8.61469e+06,3.61194e+06,2.03428e+07,0,0,0,7.20693e+07
73.5109,85.139,7.61855,0.3,0.02,3.15475,3.45715,0,0.591083,6.048,4.14526e+06,2.70226e+06,1.30772e+07,0,0,0,2.52431e+08,99.3022,98.274,8.01451,0,0,2.36178,2.05938,0,1.82442,3.38688,8.61469e+06,3.61194e+06,2.0346e+07,0,0,0,7.20693e+07
73.9756,85.139,3.93217,0.32,0.02,3.15537,3.45777,0,0.5912,6.048,4.14526e+06,2.70226e+06,1.30798e+07,0,0,0,2.52431e+08,99.3022,98.274,5.54666,0,0,2.36215,2.05975,0,1.82471,3.38688,8.61469e+06,3.61194e+06,2.03492e+07,0,0,0,7.20693e+07
74.8925,85.139,4.33852,0.3,0.02,2.89554,3.19794,0,0.591316,6.048,4.14526e+06,2.70226e+06,1.20027e+07,0,0,0,2.52431e+08,99.3022,98.274,9.42678,0,0,2.15559,1.85319,0,1.825,3.38688,8.61469e+06,3.61194e+06,1.85697e+07,0,0,0,7.20693e+07
76.8012,85.139,5.46423,0.31,0.02,2.89611,3.19851,0,0.542624,6.048,4.14526e+06,2.70226e+06,1.20051e+07,0,0,0,2.52431e+08,99.3022,98.274,8.2389,0,0,2.15592,1.85352,0,1.66541,3.38688,8.61469e+06,3.61194e+06,1.85726e+07,0,0,0,7.20693e+07
80.6959,85.139,7.67559,0.31,0.02,2.89669,3.19909,0,0.542731,6.048,4.14526e+06,2.70226e+06,1.20075e+07,0,0,0,2.52431e+08,99.3022,98.274,14.5518,0,0,2.15625,1.85385,0,1.66566,3.38688,8.61469e+06,3.61194e+06,1.85755e+07,0,0,0,7.20693e+07
81.8796,85.139,4.70649,0.3,0.02,2.89726,3.19966,0,0.542839,6.048,4.14526e+06,2.70226e+06,1.20099e+07,0,0,0,2.52431e+08,99.3022,98.274,12.8404,0,0,2.15659,1.85419,0,1.66592,3.38688,8.61469e+06,3.61194e+06,1.85783e+07,0,0,0,7.20693e+07
82.6228,85.139,4.18338,0.31,0.02,2.89784,3.20024,0,0.542947,6.048,4.14526e+06,2.70226e+06,1.20123e+07,0,0,0,2.52431e+08,99.3022,98.274,6.51906,0,0,2.15692,1.85452,0,1.66618,3.38688,8.61469e+06,3.61194e+06,1.85812e+07,0,0,0,7.20693e+07
84.2336,85.139,5.07689,0.31,0.02,2.99867,3.30107,0,0.543055,6.048,4.14526e+06,2.70226e+06,1.24303e+07,0,0,0,2.52431e+08,99.3022,98.274,4.75444,0,0,2.21722,1.91482,0,1.66644,3.38688,8.61469e+06,3.61194e+06,1.91006e+07,0,0,0,7.20693e+07
85.139,85.139,4.68989,0.32,0.02,2.99923,3.30163,0,0.561951,6.048,4.14526e+06,2.70226e+06,1.24326e+07,0,0,0,2.52431e+08,99.3022,98.274,4.99016,0,0,2.21754,1.91514,0,1.71302,3.38688,8.61469e+06,3.61194e+06,1.91034e+07,0,0,0,7.20693e+07
85.139,85.139,4.76144,0.28,0.02,2.99979,3.30219,0,0.562056,6.048,4.14526e+06,2.70226e+06,1.24349e+07,0,0,0,2.52431e+08,99.3022,98.274,5.83852,0,0,2.21787,1.91547,0,1.71327,3.38688,8.61469e+06,3.61194e+06,1.91062e+07,0,0,0,7.20693e+07
85.139,85.139,6.24951,0.28,0.02,3.00035,3.30275,0,0.562161,6.048,4.14526e+06,2.70226e+06,1.24372e+07,0,0,0,2.52431e+08,99.3022,98.274,6.26513,0,0,2.21819,1.91579,0,1.71353,3.38688,8.61469e+06,3.61194e+06,1.9109e+07,0,0,0,7.20693e+07
85.139,85.139,4.85484,0.3,0.02,3.32311,3.62551,0,0.562265,6.048,4.14526e+06,2.70226e+06,1.37751e+07,0,0,0,2.52431e+08,99.3022,98.274,3.77728,0,0,2.44381,2.14141,0,1.71378,3.38688,8.61469e+06,3.61194e+06,2.10527e+07,0,0,0,7.20693e+07
85.139,85.139,6.09754,0.3,0.02,3.32372,3.62612,0,0.62275,6.048,4.14526e+06,2.70226e+06,1.37777e+07,0,0,0,2.52431e+08,99.3022,98.274,5.72961,0,0,2.44418,2.14178,0,1.88809,3.38688,8.61469e+06,3.61194e+06,2.10558e+07,0,0,0,7.20693e+07
85.139,85.139,5.74957,0.3,0.02,3.32434,3.62674,0,0.622865,6.048,4.14526e+06,2.70226e+06,1.37802e+07,0,0,0,2.52431e+08,99.3022,98.274,4.67351,0,0,2.44454,2.14214,0,1.88837,3.38688,8.61469e+06,3.61194e+06,2.10589e+07,0,0,0,7.20693e+07
85.139,85.139,9.18279,0.31,0.02,3.32495,3.62735,0,0.622981,6.048,4.14526e+06,2.70226e+06,1.37828e+07,0,0,0,2.52431e+08,99.3022,98.274,5.18179,0,0,2.4449,2.1425,0,1.88865,3.38688,8.61469e+06,3.61194e+06,2.10621e+07,0,0,0,7.20693e+07
85.139,85.139,6.34465,0.32,0.02,2.8657,3.1681,0,0.623096,6.048,4.14526e+06,2.70226e+06,1.18791e+07,0,0,0,2.52431e+08,99.3022,98.274,7.59411,0,0,2.14271,1.84031,0,1.88893,3.38688,8.61469e+06,3.61194e+06,1.84588e+07,0,0,0,7.20693e+07
85.139,85.139,6.95461,0.38,0.02,2.86624,3.16864,0,0.537032,6.048,4.14526e+06,2.70226e+06,1.18813e+07,0,0,0,2.52431e+08,99.3022,98.274,8.36421,0,0,2.14302,1.84062,0,1.65546,3.38688,8.61469e+06,3.61194e+06,1.84615e+07,0,0,0,7.20693e+07
85.139,85.139,6.44181,0.39,0.02,2.81035,3.16917,0,0.537133,6.048,4.14526e+06,2.83673e+06,1.16496e+07,0,0,0,2.52431e+08,99.3022,98.274,7.7316,0,0,2.11056,1.84094,0,1.6557,3.38688,8.61469e+06,3.79168e+06,1.81818e+07,0,0,0,7.20693e+07
85.139,85.139,5.523,0.41,0.02,2.58512,3.16971,0,0.526659,6.048,4.14526e+06,3.40408e+06,1.0716e+07,0,0,0,2.52431e+08,99.3022,98.274,6.15681,0,0,1.97973,1.84125,0,1.63062,3.38688,8.61469e+06,4.55002e+06,1.70548e+07,0,0,0,7.20693e+07
85.139,85.139,6.84776,0.46,0.02,2.58561,3.17025,0,0.484452,6.048,4.14526e+06,3.40408e+06,1.0718e+07,0,0,0,2.52431e+08,99.3022,98.274,7.14861,0,0,1.98001,1.84156,0,1.52954,3.38688,8.61469e+06,4.55002e+06,1.70572e+07,0,0,0,7.20693e+07
85.139,85.139,6.22831,0.47,0.02,2.69164,3.28664,0,0.484544,6.048,4.14526e+06,3.40408e+06,1.11576e+07,0,0,0,2.52431e+08,99.3022,98.274,4.57109,0,0,2.04778,1.91595,0,1.52976,3.38688,8.61469e+06,4.55002e+06,1.7641e+07,0,0,0,7.20693e+07
85.139,85.139,5.92135,0.48,0.02,2.69215,3.2872,0,0.504414,6.048,4.14526e+06,3.40408e+06,1.11597e+07,0,0,0,2.52431e+08,99.3022,98.274,7.61495,0,0,2.04808,1.91628,0,1.58212,3.38688,8.61469e+06,4.55002e+06,1.76436e+07,0,0,0,7.20693e+07
85.139,85.139,5.04807,0.48,0.02,2.69266,3.28775,0,0.504509,6.048,4.14526e+06,3.40408e+06,1.11618e+07,0,0,0,2.52431e+08,99.3022,98.274,6.25612,0,0,2.04837,1.9166,0,1.58235,3.38688,8.61469e+06,4.55002e+06,1.76461e+07,0,0,0,7.20693e+07
85.139,85.139,4.90184,0.48,0.02,2.69317,3.28831,0,0.504604,6.048,4.14526e+06,3.40408e+06,1.11639e+07,0,0,0,2.52431e+08,99.3022,98.274,4.48329,0,0,2.04867,1.91693,0,1.58257,3.38688,8.61469e+06,4.55002e+06,1.76487e+07,0,0,0,7.20693e+07
85.139,85.139,4.73051,0.45,0.02,2.65238,3.24354,0,0.504699,6.048,4.14526e+06,3.40408e+06,1.09948e+07,0,0,0,2.52431e+08,99.3022,98.274,5.83413,0,0,2.02274,1.88846,0,1.5828,3.38688,8.61469e+06,4.55002e+06,1.74253e+07,0,0,0,7.20693e+07
85.139,85.139,4.32925,0.43,0.02,2.65288,3.24409,0,0.497056,6.048,4.14526e+06,3.40408e+06,1.09969e+07,0,0,0,2.52431e+08,99.3022,98.274,5.42731,0,0,2.02303,1.88878,0,1.56277,3.38688,8.61469e+06,4.55002e+06,1.74278e+07,0,0,0,7.20693e+07
85.139,85.139,3.96738,0.41,0.02,2.65338,3.24464,0,0.49715,6.048,4.14526e+06,3.40408e+06,1.09989e+07,0,0,0,2.52431e+08,99.3022,98.274,4.6173,0,0,2.02332,1.8891,0,1.56299,3.38688,8.61469e+06,4.55002e+06,1.74303e+07,0,0,0,7.20693e+07
85.139,85.139,3.98497,0.37,0.02,2.94279,3.24519,0,0.497244,6.048,4.14526e+06,2.70226e+06,1.21986e+07,0,0,0,2.52431e+08,99.3022,98.274,4.82598,0,0,2.19182,1.88942,0,1.56322,3.38688,8.61469e+06,3.61194e+06,1.88819e+07,0,0,0,7.20693e+07
85.139,85.139,3.49445,0.35,0.02,3.09731,3.39971,0,0.551479,6.048,4.14526e+06,2.70226e+06,1.28391e+07,0,0,0,2.52431e+08,99.3022,98.274,4.47848,0,0,2.29431,1.99191,0,1.6934,3.38688,8.61469e+06,3.61194e+06,1.97648e+07,0,0,0,7.20693e+07
84.9267,85.139,3.165,0.31,0.02,3.09788,3.40028,0,0.580435,6.048,4.14526e+06,2.70226e+06,1.28415e+07,0,0,0,2.52431e+08,99.3022,98.274,3.83069,0,0,2.29465,1.99225,0,1.77258,3.38688,8.61469e+06,3.61194e+06,1.97677e+07,0,0,0,7.20693e+07
84.5228,85.139,2.95302,0.38,0.02,3.09846,3.40086,0,0.580543,6.048,4.14526e+06,2.70226e+06,1.28439e+07,0,0,0,2.52431e+08,99.3022,98.274,3.44348,0,0,2.29499,1.99259,0,1.77285,3.38688,8.61469e+06,3.61194e+06,1.97706e+07,0,0,0,7.20693e+07
84.0267,85.139,2.79446,0.35,0.02,3.09904,3.40144,0,0.580651,6.048,4.14526e+06,2.70226e+06,1.28463e+07,0,0,0,2.52431e+08,99.2789,98.274,3.08407,0,0,2.29532,1.99292,0,1.77311,3.38688,8.61469e+06,3.61194e+06,1.97735e+07,0,0,0,7.20693e+07
83.3068,85.139,2.51978,0.29,0.02,3.09961,3.40201,0,0.580759,6.048,4.14526e+06,2.70226e+06,1.28487e+07,0,0,0,2.52431e+08,99.1657,98.274,2.81953,0,0,2.29566,1.99326,0,1.77337,3.38688,8.61469e+06,3.61194e+06,1.97764e+07,0,0,0,7.20693e+07
82.4038,85.139,2.2844,0.28,0.02,3.06971,3.37211,0,0.580867,6.048,4.14526e+06,2.70226e+06,1.27248e+07,0,0,0,2.52431e+08,98.9876,98.274,2.48902,0,0,2.3522,2.0498,0,1.77363,3.38688,8.61469e+06,3.61194e+06,2.02635e+07,0,0,0,7.20693e+07
81.3213,85.139,2.09772,0.26,0.02,3.07029,3.37269,0,0.575264,6.048,4.14526e+06,2.70226e+06,1.27271e+07,0,0,0,2.52431e+08,98.7414,98.274,2.49368,0,0,2.35255,2.05015,0,1.81731,3.38688,8.61469e+06,3.61194e+06,2.02665e+07,0,0,0,7.20693e+07
80.0759,85.139,1.92053,0.26,0.02,3.07086,3.37326,0,0.575371,6.048,4.14526e+06,2.70226e+06,1.27295e+07,0,0,0,2.52431e+08,98.4513,98.274,2.22104,0,0,2.35289,2.05049,0,1.81758,3.38688,8.61469e+06,3.61194e+06,2.02695e+07,0,0,0,7.20693e+07
78.7118,85.139,1.76311,0.27,0.02,3.07143,3.37383,0,0.575478,6.048,4.14526e+06,2.70226e+06,1.27319e+07,0,0,0,2.52431e+08,97.902,98.274,2.17189,0,0,2.35324,2.05084,0,1.81785,3.38688,8.61469e+06,3.61194e+06,2.02724e+07,0,0,0,7.20693e+07
77.1769,85.139,1.63391,0.28,0.02,3.15075,3.45315,0,0.575586,6.048,4.14526e+06,2.70226e+06,1.30607e+07,0,0,0,2.52431e+08,97.468,98.274,1.8565,0,0,2.40371,2.10131,0,1.81811,3.38688,8.61469e+06,3.61194e+06,2.07072e+07,0,0,0,7.20693e+07
75.8955,85.139,1.89193,0.28,0.02,3.15134,3.45374,0,0.590451,6.048,4.14526e+06,2.70226e+06,1.30631e+07,0,0,0,2.52431e+08,97.1998,98.274,2.34676,0,0,2.40407,2.10167,0,1.85711,3.38688,8.61469e+06,3.61194e+06,2.07103e+07,0,0,0,7.20693e+07
74.4639,85.139,1.70968,0.27,0.02,3.15192,3.45432,0,0.59056,6.048,4.14526e+06,2.70226e+06,1.30655e+07,0,0,0,2.52431e+08,96.6917,98.274,2.22945,0,0,2.40442,2.10202,0,1.85738,3.38688,8.61469e+06,3.61194e+06,2.07134e+07,0,0,0,7.20693e+07
72.8968,85.139,1.55711,0.27,0.02,3.15251,3.45491,0,0.59067,6.048,4.14526e+06,2.70226e+06,1.30679e+07,0,0,0,2.52431e+08,96.1661,98.274,1.94659,0,0,2.40478,2.10238,0,1.85766,3.38688,8.61469e+06,3.61194e+06,2.07164e+07,0,0,0,7.20693e+07
70.9239,85.139,1.30825,0.29,0.02,3.38387,3.68627,0,0.59078,6.048,4.14526e+06,2.70226e+06,1.4027e+07,0,0,0,2.52431e+08,95.506,98.274,1.96425,0,0,2.58617,2.28377,0,1.85793,3.38688,8.61469e+06,3.61194e+06,2.22791e+07,0,0,0,7.20693e+07
68.7174,85.139,1.03933,0.29,0.02,3.38449,3.68689,0,0.634137,6.048,4.14526e+06,2.70226e+06,1.40296e+07,0,0,0,2.52431e+08,94.762,98.274,1.75776,0,0,2.58656,2.28416,0,1.99808,3.38688,8.61469e+06,3.61194e+06,2.22824e+07,0,0,0,7.20693e+07
66.5943,85.139,1.0983,0.3,0.02,3.38512,3.68752,0,0.634254,6.048,4.14526e+06,2.70226e+06,1.40322e+07,0,0,0,2.52431e+08,94.2145,98.274,1.75056,0,0,2.58695,2.28455,0,1.99838,3.38688,8.61469e+06,3.61194e+06,2.22857e+07,0,0,0,7.20693e+07
65.0036,85.139,1.64705,0.33,0.02,3.38574,3.68814,0,0.634371,6.048,4.14526e+06,2.70226e+06,1.40348e+07,0,0,0,2.52431e+08,93.6544,98.274,2.05938,0,0,2.58733,2.28493,0,1.99867,3.38688,8.61469e+06,3.61194e+06,2.22891e+07,0,0,0,7.20693e+07
63.8528,85.139,2.10785,0.33,0.02,3.38637,3.68877,0,0.634488,6.048,4.14526e+06,2.70226e+06,1.40374e+07,0,0,0,2.52431e+08,92.6637,98.274,2.05798,0,0,2.58772,2.28532,0,1.99897,3.38688,8.61469e+06,3.61194e+06,2.22924e+07,0,0,0,7.20693e+07
62.0418,85.139,1.34945,0.33,0.02,3.27442,3.57682,0,0.634605,6.048,4.14526e+06,2.70226e+06,1.35733e+07,0,0,0,2.52431e+08,91.9243,98.274,1.27513,0,0,2.47813,2.17573,0,1.99927,3.38688,8.61469e+06,3.61194e+06,2.13483e+07,0,0,0,7.20693e+07
60.0766,85.139,1.16522,0.34,0.02,3.27503,3.57743,0,0.613627,6.048,4.14526e+06,2.70226e+06,1.35758e+07,0,0,0,2.52431e+08,90.8752,98.274,1.92346,0,0,2.4785,2.1761,0,1.9146,3.38688,8.61469e+06,3.61194e+06,2.13515e+07,0,0,0,7.20693e+07
57.9891,85.139,1.02047,0.34,0.02,3.27563,3.57803,0,0.61374,6.048,4.14526e+06,2.70226e+06,1.35783e+07,0,0,0,2.52431e+08,89.5965,98.274,1.15673,0,0,2.47887,2.17647,0,1.91489,3.38688,8.61469e+06,3.61194e+06,2.13547e+07,0,0,0,7.20693e+07
55.9027,85.139,0.989096,0.36,0.02,3.27624,3.57864,0,0.613854,6.048,4.14526e+06,2.70226e+06,1.35809e+07,0,0,0,2.52431e+08,89.0203,98.274,1.07763,0,0,2.47924,2.17684,0,1.91517,3.38688,8.61469e+06,3.61194e+06,2.13578e+07,0,0,0,7.20693e+07
54.8576,85.139,1.84214,0.4,0.02,2.87397,3.48678,0,0.613967,6.048,4.14526e+06,3.40408e+06,1.19133e+07,0,0,0,2.52431e+08,88.8247,98.274,2.63819,0,0,2.19452,2.07703,0,1.91546,3.38688,8.61469e+06,4.55002e+06,1.89051e+07,0,0,0,7.20693e+07
54.0619,85.139,2.08521,0.42,0.02,2.87451,3.48737,0,0.538582,6.048,4.14526e+06,3.40408e+06,1.19156e+07,0,0,0,2.52431e+08,89.2576,98.274,4.00064,0,0,2.19484,2.07738,0,1.69549,3.38688,8.61469e+06,4.55002e+06,1.89079e+07,0,0,0,7.20693e+07
53.017,85.139,1.84217,0.44,0.02,2.87504,3.48796,0,0.538683,6.048,4.14526e+06,3.40408e+06,1.19178e+07,0,0,0,2.52431e+08,89.6604,98.274,3.84132,0,0,2.19516,2.07773,0,1.69573,3.38688,8.61469e+06,4.55002e+06,1.89106e+07,0,0,0,7.20693e+07
53.5103,85.139,3.47601,0.45,0.02,2.87558,3.48855,0,0.538783,6.048,4.14526e+06,3.40408e+06,1.192e+07,0,0,0,2.52431e+08,90.1614,98.274,5.03513,0,0,2.19548,2.07809,0,1.69598,3.38688,8.61469e+06,4.55002e+06,1.89134e+07,0,0,0,7.20693e+07
54.8754,85.139,4.13975,0.49,0.02,2.63674,3.22637,0,0.538884,6.048,4.14526e+06,3.40408e+06,1.093e+07,0,0,0,2.52431e+08,90.1026,98.274,3.00862,0,0,2.00562,1.86967,0,1.69623,3.38688,8.61469e+06,4.55002e+06,1.72778e+07,0,0,0,7.20693e+07
54.6757,85.139,2.57004,0.5,0.02,2.63724,3.22692,0,0.494125,6.048,4.14526e+06,3.40408e+06,1.0932e+07,0,0,0,2.52431e+08,90.3128,98.274,3.45547,0,0,2.0059,1.86998,0,1.54954,3.38688,8.61469e+06,4.55002e+06,1.72802e+07,0,0,0,7.20693e+07
54.291,85.139,2.42206,0.52,0.02,2.63774,3.22746,0,0.494218,6.048,4.14526e+06,3.40408e+06,1.09341e+07,0,0,0,2.52431e+08,90.4094,98.274,2.89999,0,0,2.00619,1.8703,0,1.54976,3.38688,8.61469e+06,4.55002e+06,1.72827e+07,0,0,0,7.20693e+07
55.0211,85.139,3.51699,0.54,0.02,2.63823,3.22801,0,0.494312,6.048,4.14526e+06,3.40408e+06,1.09362e+07,0,0,0,2.52431e+08,90.8784,98.274,4.44446,0,0,2.00648,1.87061,0,1.54998,3.38688,8.61469e+06,4.55002e+06,1.72852e+07,0,0,0,7.20693e+07
56.3516,85.139,4.30151,0.57,0.02,2.63873,3.22856,0,0.494405,6.048,4.14526e+06,3.40408e+06,1.09382e+07,0,0,0,2.52431e+08,91.4161,98.274,5.11504,0,0,2.00677,1.87093,0,1.55021,3.38688,8.61469e+06,4.55002e+06,1.72877e+07,0,0,0,7.20693e+07
61.1213,85.139,8.0355,0.59,0.02,2.73136,3.33024,0,0.494498,6.048,4.14526e+06,3.40408e+06,1.13222e+07,0,0,0,2.52431e+08,92.7843,98.274,8.89248,0,0,2.06216,1.93174,0,1.55043,3.38688,8.61469e+06,4.55002e+06,1.77649e+07,0,0,0,7.20693e+07
64.74,85.139,6.79947,0.57,0.02,2.73184,3.33077,0,0.511857,6.048,4.14526e+06,3.40408e+06,1.13242e+07,0,0,0,2.52431e+08,93.4339,98.274,6.41583,0,0,2.06244,1.93205,0,1.59323,3.38688,8.61469e+06,4.55002e+06,1.77673e+07,0,0,0,7.20693e+07
69.042,85.139,7.67027,0.52,0.02,2.73233,3.3313,0,0.511948,6.048,4.14526e+06,3.40408e+06,1.13262e+07,0,0,0,2.52431e+08,94.3952,98.274,7.83888,0,0,2.06272,1.93235,0,1.59344,3.38688,8.61469e+06,4.55002e+06,1.77697e+07,0,0,0,7.20693e+07
71.3027,85.139,5.52157,0.49,0.02,2.73281,3.33183,0,0.512038,6.048,4.14526e+06,3.40408e+06,1.13282e+07,0,0,0,2.52431e+08,94.9086,98.274,5.91567,0,0,2.063,1.93266,0,1.59366,3.38688,8.61469e+06,4.55002e+06,1.77721e+07,0,0,0,7.20693e+07
72.6243,85.139,4.73965,0.5,0.02,3.02938,3.65739,0,0.512128,6.048,4.14526e+06,3.40408e+06,1.25576e+07,0,0,0,2.52431e+08,95.5412,98.274,4.8506,0,0,2.27032,2.16024,0,1.59388,3.38688,8.61469e+06,4.55002e+06,1.95581e+07,0,0,0,7.20693e+07
74.6286,85.139,5.5327,0.53,0.02,3.02991,3.65797,0,0.567706,6.048,4.14526e+06,3.40408e+06,1.25598e+07,0,0,0,2.52431e+08,96.5256,98.274,7.93323,0,0,2.27064,2.16059,0,1.75405,3.38688,8.61469e+06,4.55002e+06,1.95608e+07,0,0,0,7.20693e+07
76.2301,85.139,5.21151,0.44,0.02,3.03044,3.65855,0,0.567805,6.048,4.14526e+06,3.40408e+06,1.2562e+07,0,0,0,2.52431e+08,96.9515,98.274,5.72488,0,0,2.27095,2.16093,0,1.75429,3.38688,8.61469e+06,4.55002e+06,1.95635e+07,0,0,0,7.20693e+07
81.366,85.139,8.90711,0.47,0.02,3.03097,3.65913,0,0.567904,6.048,4.14526e+06,3.40408e+06,1.25641e+07,0,0,0,2.52431e+08,97.5153,98.274,7.80118,0,0,2.27126,2.16127,0,1.75454,3.38688,8.61469e+06,4.55002e+06,1.95662e+07,0,0,0,7.20693e+07
83.2119,85.139,5.22688,0.43,0.02,2.60891,3.19582,0,0.568004,6.048,4.14526e+06,3.40408e+06,1.08146e+07,0,0,0,2.52431e+08,98.173,98.274,5.1898,0,0,1.99354,1.85641,0,1.75478,3.38688,8.61469e+06,4.55002e+06,1.71738e+07,0,0,0,7.20693e+07
85.139,85.139,7.16609,0.46,0.02,2.60937,3.19632,0,0.488909,6.048,4.14526e+06,3.40408e+06,1.08165e+07,0,0,0,2.52431e+08,99.0133,98.274,5.33047,0,0,1.99381,1.85671,0,1.54021,3.38688,8.61469e+06,4.55002e+06,1.71761e+07,0,0,0,7.20693e+07
85.139,85.139,6.18209,0.4,0.02,2.60983,3.19683,0,0.488995,6.048,4.14526e+06,3.40408e+06,1.08184e+07,0,0,0,2.52431e+08,99.3022,98.274,4.35978,0,0,1.99408,1.857,0,1.54042,3.38688,8.61469e+06,4.55002e+06,1.71784e+07,0,0,0,7.20693e+07
85.139,85.139,6.19148,0.43,0.02,2.61029,3.19734,0,0.489082,6.048,4.14526e+06,3.40408e+06,1.08203e+07,0,0,0,2.52431e+08,99.3022,98.274,5.02632,0,0,1.99435,1.8573,0,1.54063,3.38688,8.61469e+06,4.55002e+06,1.71807e+07,0,0,0,7.20693e+07
85.139,85.139,6.00043,0.46,0.02,2.61075,3.19784,0,0.489169,6.048,4.14526e+06,3.40408e+06,1.08222e+07,0,0,0,2.52431e+08,99.3022,98.274,4.81439,0,0,1.99462,1.85759,0,1.54083,3.38688,8.61469e+06,4.55002e+06,1.7183e+07,0,0,0,7.20693e+07
85.139,85.139,6.62099,0.5,0.02,2.71767,3.31521,0,0.489255,6.048,4.14526e+06,3.40408e+06,1.12655e+07,0,0,0,2.52431e+08,99.3022,98.274,3.80783,0,0,2.06296,1.93261,0,1.54104,3.38688,8.61469e+06,4.55002e+06,1.77717e+07,0,0,0,7.20693e+07
85.139,85.139,4.88798,0.49,0.02,2.71815,3.31574,0,0.509292,6.048,4.14526e+06,3.40408e+06,1.12674e+07,0,0,0,2.52431e+08,99.3022,98.274,3.93993,0,0,2.06324,1.93292,0,1.59384,3.38688,8.61469e+06,4.55002e+06,1.77741e+07,0,0,0,7.20693e+07
85.139,85.139,4.01991,0.49,0.02,2.71863,3.31626,0,0.509382,6.048,4.14526e+06,3.40408e+06,1.12694e+07,0,0,0,2.52431e+08,99.3022,98.274,3.94276,0,0,2.06351,1.93322,0,1.59406,3.38688,8.61469e+06,4.55002e+06,1.77765e+07,0,0,0,7.20693e+07
85.139,85.139,3.73047,0.49,0.02,2.71911,3.31679,0,0.509471,6.048,4.14526e+06,3.40408e+06,1.12714e+07,0,0,0,2.52431e+08,98.9856,98.274,4.35761,0,0,2.06379,1.93353,0,1.59427,3.38688,8.61469e+06,4.55002e+06,1.77789e+07,0,0,0,7.20693e+07
84.9724,85.139,2.89542,0.5,0.02,2.67794,3.2716,0,0.509561,6.048,4.14526e+06,3.40408e+06,1.11007e+07,0,0,0,2.52431e+08,98.664,98.274,2.21823,0,0,2.03762,1.9048,0,1.59449,3.38688,8.61469e+06,4.55002e+06,1.75535e+07,0,0,0,7.20693e+07
84.5456,85.139,2.61679,0.58,0.02,2.67841,3.27211,0,0.501846,6.048,4.14526e+06,3.40408e+06,1.11027e+07,0,0,0,2.52431e+08,98.5921,98.274,2.36227,0,0,2.03789,1.9051,0,1.57426,3.38688,8.61469e+06,4.55002e+06,1.75558e+07,0,0,0,7.20693e+07
85.139,85.139,3.98721,0.54,0.02,2.67888,3.27263,0,0.501934,6.048,4.14526e+06,3.40408e+06,1.11047e+07,0,0,0,2.52431e+08,98.4591,98.274,2.66737,0,0,2.03817,1.9054,0,1.57448,3.38688,8.61469e+06,4.55002e+06,1.75582e+07,0,0,0,7.20693e+07
84.8399,85.139,2.71628,0.4,0.02,2.67936,3.27315,0,0.502023,6.048,4.14526e+06,3.40408e+06,1.11066e+07,0,0,0,2.52431e+08,98.1074,98.274,2.35993,0,0,2.03844,1.9057,0,1.57469,3.38688,8.61469e+06,4.55002e+06,1.75606e+07,0,0,0,7.20693e+07
84.2878,85.139,2.52434,0.5,0.02,2.8213,3.42896,0,0.502111,6.048,4.14526e+06,3.40408e+06,1.1695e+07,0,0,0,2.52431e+08,97.7181,98.274,2.06845,0,0,2.13259,2.00905,0,1.5749,3.38688,8.61469e+06,4.55002e+06,1.83716e+07,0,0,0,7.20693e+07
83.8154,85.139,2.58542,0.45,0.02,2.82179,3.42951,0,0.528711,6.048,4.14526e+06,3.40408e+06,1.16971e+07,0,0,0,2.52431e+08,97.4141,98.274,2.15244,0,0,2.13288,2.00937,0,1.64764,3.38688,8.61469e+06,4.55002e+06,1.83741e+07,0,0,0,7.20693e+07
83.2373,85.139,2.46736,0.41,0.02,2.82229,3.43005,0,0.528804,6.048,4.14526e+06,3.40408e+06,1.16991e+07,0,0,0,2.52431e+08,97.0344,98.274,2.09033,0,0,2.13317,2.00969,0,1.64787,3.38688,8.61469e+06,4.55002e+06,1.83766e+07,0,0,0,7.20693e+07
82.2533,85.139,2.30651,0.36,0.02,3.1282,3.4306,0,0.528897,6.048,4.14526e+06,2.70226e+06,1.29672e+07,0,0,0,2.52431e+08,96.6294,98.274,1.96861,0,0,2.31241,2.01001,0,1.64809,3.38688,8.61469e+06,3.61194e+06,1.99207e+07,0,0,0,7.20693e+07
81.1292,85.139,2.09368,0.32,0.02,3.12874,3.43114,0,0.586224,6.048,4.14526e+06,2.70226e+06,1.29694e+07,0,0,0,2.52431e+08,96.2046,98.274,2.00525,0,0,2.31273,2.01033,0,1.78657,3.38688,8.61469e+06,3.61194e+06,1.99234e+07,0,0,0,7.20693e+07
79.7514,85.139,1.83087,0.29,0.02,3.09855,3.40095,0,0.586326,6.048,4.14526e+06,2.70226e+06,1.28443e+07,0,0,0,2.52431e+08,95.8061,98.274,2.04301,0,0,2.36973,2.06733,0,1.78681,3.38688,8.61469e+06,3.61194e+06,2.04145e+07,0,0,0,7.20693e+07
78.2678,85.139,1.71407,0.26,0.02,3.09909,3.40149,0,0.580668,6.048,4.14526e+06,2.70226e+06,1.28465e+07,0,0,0,2.52431e+08,95.325,98.274,1.97272,0,0,2.37006,2.06766,0,1.83085,3.38688,8.61469e+06,3.61194e+06,2.04173e+07,0,0,0,7.20693e+07
76.6452,85.139,1.56261,0.31,0.02,3.09963,3.40203,0,0.580769,6.048,4.14526e+06,2.70226e+06,1.28487e+07,0,0,0,2.52431e+08,94.7117,98.274,1.87697,0,0,2.37038,2.06798,0,1.8311,3.38688,8.61469e+06,3.61194e+06,2.04201e+07,0,0,0,7.20693e+07
74.9102,85.139,1.41895,0.28,0.02,3.10017,3.40257,0,0.58087,6.048,4.14526e+06,2.70226e+06,1.2851e+07,0,0,0,2.52431e+08,94.0548,98.274,1.73419,0,0,2.37071,2.06831,0,1.83136,3.38688,8.61469e+06,3.61194e+06,2.04229e+07,0,0,0,7.20693e+07
73.2903,85.139,1.57895,0.28,0.02,3.18013,3.48253,0,0.580971,6.048,4.14526e+06,2.70226e+06,1.31824e+07,0,0,0,2.52431e+08,93.5998,98.274,1.94407,0,0,2.42159,2.11919,0,1.83161,3.38688,8.61469e+06,3.61194e+06,2.08612e+07,0,0,0,7.20693e+07
71.6577,85.139,1.55371,0.3,0.02,3.18068,3.48308,0,0.595956,6.048,4.14526e+06,2.70226e+06,1.31847e+07,0,0,0,2.52431e+08,93.0851,98.274,1.94304,0,0,2.42192,2.11952,0,1.87092,3.38688,8.61469e+06,3.61194e+06,2.08641e+07,0,0,0,7.20693e+07
69.9465,85.139,1.44997,0.3,0.02,3.18123,3.48363,0,0.596059,6.048,4.14526e+06,2.70226e+06,1.3187e+07,0,0,0,2.52431e+08,92.4368,98.274,1.82463,0,0,2.42226,2.11986,0,1.87118,3.38688,8.61469e+06,3.61194e+06,2.0867e+07,0,0,0,7.20693e+07
68.1401,85.139,1.33073,0.3,0.02,3.18178,3.48418,0,0.596162,6.048,4.14526e+06,2.70226e+06,1.31893e+07,0,0,0,2.52431e+08,91.9565,98.274,1.73239,0,0,2.42259,2.12019,0,1.87144,3.38688,8.61469e+06,3.61194e+06,2.08699e+07,0,0,0,7.20693e+07
66.3605,85.139,1.53576,0.29,0.02,3.41506,3.71746,0,0.596266,6.048,4.14526e+06,2.70226e+06,1.41563e+07,0,0,0,2.52431e+08,91.3659,98.274,2.13619,0,0,2.6055,2.3031,0,1.8717,3.38688,8.61469e+06,3.61194e+06,2.24456e+07,0,0,0,7.20693e+07
64.406,85.139,1.35788,0.35,0.02,3.41565,3.71805,0,0.639983,6.048,4.14526e+06,2.70226e+06,1.41588e+07,0,0,0,2.52431e+08,91.1467,98.274,1.8358,0,0,2.60586,2.30346,0,2.01301,3.38688,8.61469e+06,3.61194e+06,2.24487e+07,0,0,0,7.20693e+07
62.3953,85.139,1.27757,0.35,0.02,3.41624,3.71864,0,0.640093,6.048,4.14526e+06,2.70226e+06,1.41612e+07,0,0,0,2.52431e+08,90.9279,98.274,2.35268,0,0,2.60623,2.30383,0,2.01329,3.38688,8.61469e+06,3.61194e+06,2.24518e+07,0,0,0,7.20693e+07
60.3459,85.139,1.21472,0.37,0.02,3.41683,3.71923,0,0.640204,6.048,4.14526e+06,2.70226e+06,1.41636e+07,0,0,0,2.52431e+08,90.6823,98.274,2.31177,0,0,2.60659,2.30419,0,2.01357,3.38688,8.61469e+06,3.61194e+06,2.2455e+07,0,0,0,7.20693e+07
58.3172,85.139,1.19597,0.36,0.02,3.41742,3.71982,0,0.640314,6.048,4.14526e+06,2.70226e+06,1.41661e+07,0,0,0,2.52431e+08,90.098,98.274,2.21121,0,0,2.60696,2.30456,0,2.01385,3.38688,8.61469e+06,3.61194e+06,2.24581e+07,0,0,0,7.20693e+07
56.3431,85.139,1.12851,0.36,0.02,3.3045,3.6069,0,0.640425,6.048,4.14526e+06,2.70226e+06,1.3698e+07,0,0,0,2.52431e+08,89.6327,98.274,1.658,0,0,2.49642,2.19402,0,2.01414,3.38688,8.61469e+06,3.61194e+06,2.15059e+07,0,0,0,7.20693e+07
54.5258,85.139,1.26252,0.39,0.02,3.24084,3.60747,0,0.619262,6.048,4.14526e+06,2.83673e+06,1.34341e+07,0,0,0,2.52431e+08,89.3775,98.274,2.21914,0,0,2.4577,2.19437,0,1.92874,3.38688,8.61469e+06,3.79168e+06,2.11723e+07,0,0,0,7.20693e+07
52.6589,85.139,1.20001,0.39,0.02,3.2414,3.60804,0,0.607333,6.048,4.14526e+06,2.83673e+06,1.34364e+07,0,0,0,2.52431e+08,89.2008,98.274,2.19801,0,0,2.45804,2.19472,0,1.89882,3.38688,8.61469e+06,3.79168e+06,2.11753e+07,0,0,0,7.20693e+07
51.1557,85.139,1.3792,0.43,0.02,2.98495,3.60861,0,0.607438,6.048,4.14526e+06,3.40408e+06,1.23734e+07,0,0,0,2.52431e+08,89.2108,98.274,2.68435,0,0,2.30205,2.19507,0,1.89908,3.38688,8.61469e+06,4.55002e+06,1.98314e+07,0,0,0,7.20693e+07
49.4343,85.139,1.07134,0.43,0.02,2.90054,3.51595,0,0.559379,6.048,4.14526e+06,3.40408e+06,1.20235e+07,0,0,0,2.52431e+08,89.0244,98.274,2.34899,0,0,2.21035,2.0944,0,1.77856,3.38688,8.61469e+06,4.55002e+06,1.90414e+07,0,0,0,7.20693e+07
48.2082,85.139,1.51115,0.51,0.02,2.90104,3.5165,0,0.54356,6.048,4.14526e+06,3.40408e+06,1.20256e+07,0,0,0,2.52431e+08,88.6796,98.274,2.1857,0,0,2.21065,2.09473,0,1.70771,3.38688,8.61469e+06,4.55002e+06,1.9044e+07,0,0,0,7.20693e+07
48.0776,85.139,2.65695,0.52,0.02,2.90155,3.51706,0,0.543655,6.048,4.14526e+06,3.40408e+06,1.20277e+07,0,0,0,2.52431e+08,88.7505,98.274,2.99995,0,0,2.21095,2.09507,0,1.70795,3.38688,8.61469e+06,4.55002e+06,1.90467e+07,0,0,0,7.20693e+07
48.8178,85.139,3.63011,0.55,0.02,2.90206,3.51762,0,0.543751,6.048,4.14526e+06,3.40408e+06,1.20298e+07,0,0,0,2.52431e+08,88.9853,98.274,4.2972,0,0,2.21125,2.0954,0,1.70818,3.38688,8.61469e+06,4.55002e+06,1.90493e+07,0,0,0,7.20693e+07
49.5641,85.139,3.44601,0.55,0.02,2.66119,3.25322,0,0.543846,6.048,4.14526e+06,3.40408e+06,1.10313e+07,0,0,0,2.52431e+08,89.0855,98.274,3.73108,0,0,2.01979,1.88522,0,1.70841,3.38688,8.61469e+06,4.55002e+06,1.73998e+07,0,0,0,7.20693e+07
50.4834,85.139,3.6821,0.56,0.02,2.66166,3.25373,0,0.498708,6.048,4.14526e+06,3.40408e+06,1.10333e+07,0,0,0,2.52431e+08,89.4127,98.274,3.80883,0,0,2.02006,1.88552,0,1.56049,3.38688,8.61469e+06,4.55002e+06,1.74022e+07,0,0,0,7.20693e+07
52.757,85.139,5.08437,0.58,0.02,2.66213,3.25425,0,0.498796,6.048,4.14526e+06,3.40408e+06,1.10352e+07,0,0,0,2.52431e+08,90.0863,98.274,5.04808,0,0,2.02033,1.88582,0,1.5607,3.38688,8.61469e+06,4.55002e+06,1.74045e+07,0,0,0,7.20693e+07
53.4866,85.139,3.61058,0.57,0.02,2.6626,3.25476,0,0.498884,6.048,4.14526e+06,3.40408e+06,1.10372e+07,0,0,0,2.52431e+08,90.6659,98.274,4.26275,0,0,2.0206,1.88612,0,1.56091,3.38688,8.61469e+06,4.55002e+06,1.74069e+07,0,0,0,7.20693e+07
53.4431,85.139,2.79921,0.6,0.02,2.66307,3.25528,0,0.498972,6.048,4.14526e+06,3.40408e+06,1.10391e+07,0,0,0,2.52431e+08,90.9653,98.274,3.5138,0,0,2.02087,1.88641,0,1.56112,3.38688,8.61469e+06,4.55002e+06,1.74092e+07,0,0,0,7.20693e+07
55.7284,85.139,5.35805,0.62,0.02,2.75644,3.35777,0,0.49906,6.048,4.14526e+06,3.40408e+06,1.14261e+07,0,0,0,2.52431e+08,92.0761,98.274,6.47632,0,0,2.07671,1.94771,0,1.56133,3.38688,8.61469e+06,4.55002e+06,1.78902e+07,0,0,0,7.20693e+07
57.6176,85.139,4.91352,0.63,0.02,2.75689,3.35826,0,0.516556,6.048,4.14526e+06,3.40408e+06,1.1428e+07,0,0,0,2.52431e+08,93.1684,98.274,6.08052,0,0,2.07697,1.94799,0,1.60447,3.38688,8.61469e+06,4.55002e+06,1.78925e+07,0,0,0,7.20693e+07
59.5444,85.139,4.98639,0.61,0.02,2.75734,3.35876,0,0.516641,6.048,4.14526e+06,3.40408e+06,1.14299e+07,0,0,0,2.52431e+08,93.605,98.274,4.7898,0,0,2.07723,1.94828,0,1.60467,3.38688,8.61469e+06,4.55002e+06,1.78947e+07,0,0,0,7.20693e+07
60.8624,85.139,4.43297,0.61,0.02,2.75779,3.35926,0,0.516726,6.048,4.14526e+06,3.40408e+06,1.14318e+07,0,0,0,2.52431e+08,94.2447,98.274,5.03221,0,0,2.0775,1.94857,0,1.60487,3.38688,8.61469e+06,4.55002e+06,1.7897e+07,0,0,0,7.20693e+07
62.1545,85.139,4.69825,0.62,0.02,3.05678,3.68746,0,0.516811,6.048,4.14526e+06,3.40408e+06,1.26711e+07,0,0,0,2.52431e+08,94.7802,98.274,4.88254,0,0,2.2865,2.178,0,1.60507,3.38688,8.61469e+06,4.55002e+06,1.96975e+07,0,0,0,7.20693e+07
65.3369,85.139,6.63043,0.62,0.02,3.05727,3.688,0,0.57284,6.048,4.14526e+06,3.40408e+06,1.26732e+07,0,0,0,2.52431e+08,95.2657,98.274,4.83156,0,0,2.2868,2.17833,0,1.76655,3.38688,8.61469e+06,4.55002e+06,1.97e+07,0,0,0,7.20693e+07
66.6565,85.139,4.85904,0.6,0.02,3.05777,3.68855,0,0.572933,6.048,4.14526e+06,3.40408e+06,1.26752e+07,0,0,0,2.52431e+08,95.6613,98.274,4.32126,0,0,2.28709,2.17865,0,1.76678,3.38688,8.61469e+06,4.55002e+06,1.97026e+07,0,0,0,7.20693e+07
70.1359,85.139,7.16987,0.63,0.02,3.05827,3.68909,0,0.573026,6.048,4.14526e+06,3.40408e+06,1.26773e+07,0,0,0,2.52431e+08,96.2505,98.274,5.00214,0,0,2.28738,2.17897,0,1.76701,3.38688,8.61469e+06,4.55002e+06,1.97051e+07,0,0,0,7.20693e+07
74.9724,85.139,8.14381,0.58,0.02,2.63271,3.22195,0,0.573119,6.048,4.14526e+06,3.40408e+06,1.09133e+07,0,0,0,2.52431e+08,99.16,98.274,8.68487,0,0,2.00737,1.8716,0,1.76723,3.38688,8.61469e+06,4.55002e+06,1.72929e+07,0,0,0,7.20693e+07
79.1811,85.139,7.65053,0.55,0.02,2.63315,3.22243,0,0.493371,6.048,4.14526e+06,3.40408e+06,1.09151e+07,0,0,0,2.52431e+08,99.3022,98.274,10.9459,0,0,2.00763,1.87187,0,1.5509,3.38688,8.61469e+06,4.55002e+06,1.72951e+07,0,0,0,7.20693e+07
83.0334,85.139,7.33071,0.59,0.02,2.63358,3.22291,0,0.493452,6.048,4.14526e+06,3.40408e+06,1.09169e+07,0,0,0,2.52431e+08,99.3022,98.274,12.933,0,0,2.00788,1.87215,0,1.55109,3.38688,8.61469e+06,4.55002e+06,1.72973e+07,0,0,0,7.20693e+07
85.139,85.139,7.75055,0.55,0.02,2.63402,3.22338,0,0.493533,6.048,4.14526e+06,3.40408e+06,1.09187e+07,0,0,0,2.52431e+08,99.3022,98.274,12.5229,0,0,2.00813,1.87243,0,1.55129,3.38688,8.61469e+06,4.55002e+06,1.72994e+07,0,0,0,7.20693e+07
85.139,85.139,8.79023,0.5,0.02,2.63445,3.22386,0,0.493615,6.048,4.14526e+06,3.40408e+06,1.09205e+07,0,0,0,2.52431e+08,99.3022,98.274,16.0188,0,0,2.00838,1.8727,0,1.55148,3.38688,8.61469e+06,4.55002e+06,1.73016e+07,0,0,0,7.20693e+07
85.139,85.139,10.1005,0.52,0.02,2.74221,3.34215,0,0.493696,6.048,4.14526e+06,3.40408e+06,1.13672e+07,0,0,0,2.52431e+08,99.3022,98.274,13.4332,0,0,2.07726,1.94831,0,1.55168,3.38688,8.61469e+06,4.55002e+06,1.78949e+07,0,0,0,7.20693e+07
85.139,85.139,8.34299,0.52,0.02,2.74266,3.34264,0,0.51389,6.048,4.14526e+06,3.40408e+06,1.1369e+07,0,0,0,2.52431e+08,99.3022,98.274,12.1756,0,0,2.07752,1.9486,0,1.60489,3.38688,8.61469e+06,4.55002e+06,1.78972e+07,0,0,0,7.20693e+07
85.139,85.139,6.71969,0.53,0.02,2.74311,3.34313,0,0.513974,6.048,4.14526e+06,3.40408e+06,1.13709e+07,0,0,0,2.52431e+08,99.3022,98.274,8.42241,0,0,2.07778,1.94889,0,1.60509,3.38688,8.61469e+06,4.55002e+06,1.78995e+07,0,0,0,7.20693e+07
85.139,85.139,5.8169,0.51,0.02,2.74356,3.34363,0,0.514058,6.048,4.14526e+06,3.40408e+06,1.13728e+07,0,0,0,2.52431e+08,99.3022,98.274,6.93793,0,0,2.07805,1.94917,0,1.6053,3.38688,8.61469e+06,4.55002e+06,1.79017e+07,0,0,0,7.20693e+07
85.139,85.139,5.04058,0.52,0.02,2.70202,3.29803,0,0.514143,6.048,4.14526e+06,3.40408e+06,1.12006e+07,0,0,0,2.52431e+08,99.3022,98.274,6.10279,0,0,2.05164,1.92019,0,1.6055,3.38688,8.61469e+06,4.55002e+06,1.76742e+07,0,0,0,7.20693e+07
85.139,85.139,4.82762,0.48,0.02,2.70247,3.29852,0,0.506359,6.048,4.14526e+06,3.40408e+06,1.12024e+07,0,0,0,2.52431e+08,99.3022,98.274,5.81964,0,0,2.0519,1.92047,0,1.5851,3.38688,8.61469e+06,4.55002e+06,1.76765e+07,0,0,0,7.20693e+07
85.139,85.139,4.56243,0.45,0.02,2.70291,3.29901,0,0.506442,6.048,4.14526e+06,3.40408e+06,1.12043e+07,0,0,0,2.52431e+08,99.3022,98.274,5.36972,0,0,2.05216,1.92075,0,1.5853,3.38688,8.61469e+06,4.55002e+06,1.76787e+07,0,0,0,7.20693e+07
85.139,85.139,4.15004,0.42,0.02,2.70335,3.29949,0,0.506525,6.048,4.14526e+06,3.40408e+06,1.12061e+07,0,0,0,2.52431e+08,99.3022,98.274,4.89941,0,0,2.05242,1.92104,0,1.5855,3.38688,8.61469e+06,4.55002e+06,1.76809e+07,0,0,0,7.20693e+07
85.139,85.139,3.97184,0.39,0.02,3.09258,3.45652,0,0.506608,6.048,4.14526e+06,2.83673e+06,1.28195e+07,0,0,0,2.52431e+08,99.3022,98.274,4.75891,0,0,2.29154,2.0252,0,1.5857,3.38688,8.61469e+06,3.79168e+06,1.97409e+07,0,0,0,7.20693e+07
85.139,85.139,3.88261,0.35,0.02,3.15463,3.45703,0,0.579549,6.048,4.14526e+06,2.70226e+06,1.30768e+07,0,0,0,2.52431e+08,99.3022,98.274,4.66638,0,0,2.3279,2.0255,0,1.77044,3.38688,8.61469e+06,3.61194e+06,2.00541e+07,0,0,0,7.20693e+07
85.139,85.139,3.64596,0.3,0.02,3.15515,3.45755,0,0.591178,6.048,4.14526e+06,2.70226e+06,1.30789e+07,0,0,0,2.52431e+08,99.3022,98.274,4.36951,0,0,2.3282,2.0258,0,1.79853,3.38688,8.61469e+06,3.61194e+06,2.00567e+07,0,0,0,7.20693e+07
85.1361,85.139,3.38085,0.28,0.02,3.15566,3.45806,0,0.591274,6.048,4.14526e+06,2.70226e+06,1.3081e+07,0,0,0,2.52431e+08,99.3022,98.274,4.01876,0,0,2.3285,2.0261,0,1.79877,3.38688,8.61469e+06,3.61194e+06,2.00593e+07,0,0,0,7.20693e+07
85.139,85.139,3.38749,0.34,0.02,3.15617,3.45857,0,0.59137,6.048,4.14526e+06,2.70226e+06,1.30831e+07,0,0,0,2.52431e+08,99.3022,98.274,4.26826,0,0,2.3288,2.0264,0,1.799,3.38688,8.61469e+06,3.61194e+06,2.00619e+07,0,0,0,7.20693e+07
85.139,85.139,4.37174,0.24,0.02,3.1257,3.4281,0,0.591466,6.048,4.14526e+06,2.70226e+06,1.29568e+07,0,0,0,2.52431e+08,99.3022,98.274,4.16978,0,0,2.38623,2.08383,0,1.79923,3.38688,8.61469e+06,3.61194e+06,2.05566e+07,0,0,0,7.20693e+07
85.139,85.139,4.13531,0.24,0.02,3.1262,3.4286,0,0.585756,6.048,4.14526e+06,2.70226e+06,1.29589e+07,0,0,0,2.52431e+08,99.3022,98.274,4.04156,0,0,2.38654,2.08414,0,1.8436,3.38688,8.61469e+06,3.61194e+06,2.05593e+07,0,0,0,7.20693e+07
85.139,85.139,3.89883,0.26,0.02,3.12671,3.42911,0,0.585851,6.048,4.14526e+06,2.70226e+06,1.2961e+07,0,0,0,2.52431e+08,99.3022,98.274,3.80685,0,0,2.38685,2.08445,0,1.84384,3.38688,8.61469e+06,3.61194e+06,2.05619e+07,0,0,0,7.20693e+07
85.139,85.139,3.63693,0.25,0.02,3.12722,3.42962,0,0.585946,6.048,4.14526e+06,2.70226e+06,1.29631e+07,0,0,0,2.52431e+08,99.3022,98.274,3.56486,0,0,2.38715,2.08475,0,1.84408,3.38688,8.61469e+06,3.61194e+06,2.05646e+07,0,0,0,7.20693e+07
84.849,85.139,3.06847,0.25,0.02,3.20778,3.51018,0,0.58604,6.048,4.14526e+06,2.70226e+06,1.32971e+07,0,0,0,2.52431e+08,99.1958,98.274,3.04272,0,0,2.43841,2.13601,0,1.84432,3.38688,8.61469e+06,3.61194e+06,2.10062e+07,0,0,0,7.20693e+07
84.7881,85.139,3.3163,0.27,0.02,3.20829,3.51069,0,0.601137,6.048,4.14526e+06,2.70226e+06,1.32992e+07,0,0,0,2.52431e+08,99.2894,98.274,3.56713,0,0,2.43873,2.13633,0,1.88392,3.38688,8.61469e+06,3.61194e+06,2.10089e+07,0,0,0,7.20693e+07
84.4794,85.139,3.03333,0.26,0.02,3.20881,3.51121,0,0.601234,6.048,4.14526e+06,2.70226e+06,1.33014e+07,0,0,0,2.52431e+08,99.2174,98.274,3.50581,0,0,2.43904,2.13664,0,1.88416,3.38688,8.61469e+06,3.61194e+06,2.10116e+07,0,0,0,7.20693e+07
83.93,85.139,2.78312,0.26,0.02,3.20933,3.51173,0,0.601332,6.048,4.14526e+06,2.70226e+06,1.33035e+07,0,0,0,2.52431e+08,99.0777,98.274,3.07416,0,0,2.43936,2.13696,0,1.8844,3.38688,8.61469e+06,3.61194e+06,2.10143e+07,0,0,0,7.20693e+07
83.3158,85.139,2.90653,0.26,0.02,3.44442,3.74682,0,0.601429,6.048,4.14526e+06,2.70226e+06,1.4278e+07,0,0,0,2.52431e+08,99.0287,98.274,3.39655,0,0,2.62368,2.32128,0,1.88465,3.38688,8.61469e+06,3.61194e+06,2.26022e+07,0,0,0,7.20693e+07
83.1439,85.139,3.36205,0.26,0.02,3.44497,3.74737,0,0.645484,6.048,4.14526e+06,2.70226e+06,1.42803e+07,0,0,0,2.52431e+08,99.0715,98.274,3.24351,0,0,2.62403,2.32163,0,2.02706,3.38688,8.61469e+06,3.61194e+06,2.26052e+07,0,0,0,7.20693e+07
82.3401,85.139,2.75773,0.26,0.02,3.44553,3.74793,0,0.645588,6.048,4.14526e+06,2.70226e+06,1.42826e+07,0,0,0,2.52431e+08,98.8961,98.274,2.59577,0,0,2.62437,2.32197,0,2.02732,3.38688,8.61469e+06,3.61194e+06,2.26081e+07,0,0,0,7.20693e+07
82.015,85.139,3.20426,0.26,0.02,3.44608,3.74848,0,0.645691,6.048,4.14526e+06,2.70226e+06,1.42849e+07,0,0,0,2.52431e+08,99.1435,98.274,3.87795,0,0,2.62471,2.32231,0,2.02759,3.38688,8.61469e+06,3.61194e+06,2.26111e+07,0,0,0,7.20693e+07
81.1877,85.139,2.68967,0.26,0.02,3.44663,3.74903,0,0.645795,6.048,4.14526e+06,2.70226e+06,1.42872e+07,0,0,0,2.52431e+08,99.0851,98.274,3.0903,0,0,2.62506,2.32266,0,2.02785,3.38688,8.61469e+06,3.61194e+06,2.2614e+07,0,0,0,7.20693e+07
80.8696,85.139,3.18173,0.26,0.02,3.33278,3.63518,0,0.645899,6.048,4.14526e+06,2.70226e+06,1.38152e+07,0,0,0,2.52431e+08,99.2358,98.274,3.1399,0,0,2.51363,2.21123,0,2.02812,3.38688,8.61469e+06,3.61194e+06,2.16541e+07,0,0,0,7.20693e+07
82.6463,85.139,5.26649,0.26,0.02,3.33332,3.63572,0,0.624563,6.048,4.14526e+06,2.70226e+06,1.38175e+07,0,0,0,2.52431e+08,99.3022,98.274,5.38453,0,0,2.51396,2.21156,0,1.94203,3.38688,8.61469e+06,3.61194e+06,2.16569e+07,0,0,0,7.20693e+07
81.8496,85.139,2.70779,0.26,0.02,3.33386,3.63626,0,0.624664,6.048,4.14526e+06,2.70226e+06,1.38197e+07,0,0,0,2.52431e+08,99.3022,98.274,3.25041,0,0,2.51428,2.21188,0,1.94228,3.38688,8.61469e+06,3.61194e+06,2.16598e+07,0,0,0,7.20693e+07
81.1283,85.139,2.69504,0.26,0.02,3.33439,3.63679,0,0.624764,6.048,4.14526e+06,2.70226e+06,1.38219e+07,0,0,0,2.52431e+08,99.3022,98.274,2.99334,0,0,2.51461,2.21221,0,1.94253,3.38688,8.61469e+06,3.61194e+06,2.16626e+07,0,0,0,7.20693e+07
83.0774,85.139,5.6349,0.26,0.02,3.24097,3.54337,0,0.624865,6.048,4.14526e+06,2.70226e+06,1.34346e+07,0,0,0,2.52431e+08,99.3022,98.274,6.37487,0,0,2.41314,2.11074,0,1.94279,3.38688,8.61469e+06,3.61194e+06,2.07884e+07,0,0,0,7.20693e+07
85.139,85.139,6.02606,0.26,0.02,3.24149,3.54389,0,0.607357,6.048,4.14526e+06,2.70226e+06,1.34368e+07,0,0,0,2.52431e+08,99.3022,98.274,7.60146,0,0,2.41345,2.11105,0,1.86439,3.38688,8.61469e+06,3.61194e+06,2.07911e+07,0,0,0,7.20693e+07
85.139,85.139,4.44987,0.24,0.02,3.24201,3.54441,0,0.607455,6.048,4.14526e+06,2.70226e+06,1.3439e+07,0,0,0,2.52431e+08,99.3022,98.274,6.1003,0,0,2.41376,2.11136,0,1.86463,3.38688,8.61469e+06,3.61194e+06,2.07938e+07,0,0,0,7.20693e+07
85.139,85.139,6.60446,0.24,0.02,3.24254,3.54494,0,0.607553,6.048,4.14526e+06,2.70226e+06,1.34411e+07,0,0,0,2.52431e+08,99.3022,98.274,8.56482,0,0,2.41407,2.11167,0,1.86487,3.38688,8.61469e+06,3.61194e+06,2.07965e+07,0,0,0,7.20693e+07
85.139,85.139,4.37708,0.25,0.02,2.97605,3.27845,0,0.607651,6.048,4.14526e+06,2.70226e+06,1.23365e+07,0,0,0,2.52431e+08,99.3022,98.274,5.64934,0,0,2.20224,1.89984,0,1.86511,3.38688,8.61469e+06,3.61194e+06,1.89716e+07,0,0,0,7.20693e+07
85.139,85.139,7.78767,0.25,0.02,2.97653,3.27893,0,0.557711,6.048,4.14526e+06,2.70226e+06,1.23385e+07,0,0,0,2.52431e+08,99.3022,98.274,8.56393,0,0,2.20252,1.90012,0,1.70145,3.38688,8.61469e+06,3.61194e+06,1.8974e+07,0,0,0,7.20693e+07
85.139,85.139,8.00091,0.27,0.02,2.97701,3.27941,0,0.557802,6.048,4.14526e+06,2.70226e+06,1.23405e+07,0,0,0,2.52431e+08,99.3022,98.274,8.61424,0,0,2.2028,1.9004,0,1.70167,3.38688,8.61469e+06,3.61194e+06,1.89765e+07,0,0,0,7.20693e+07
85.139,85.139,7.0586,0.29,0.02,2.9775,3.2799,0,0.557892,6.048,4.14526e+06,2.70226e+06,1.23425e+07,0,0,0,2.52431e+08,99.3022,98.274,8.27327,0,0,2.20308,1.90068,0,1.70189,3.38688,8.61469e+06,3.61194e+06,1.89789e+07,0,0,0,7.20693e+07
85.139,85.139,6.54763,0.3,0.02,2.97798,3.28038,0,0.557983,6.048,4.14526e+06,2.70226e+06,1.23445e+07,0,0,0,2.52431e+08,99.3022,98.274,7.74281,0,0,2.20336,1.90096,0,1.7021,3.38688,8.61469e+06,3.61194e+06,1.89813e+07,0,0,0,7.20693e+07
85.139,85.139,5.80367,0.31,0.02,3.08123,3.38363,0,0.558074,6.048,4.14526e+06,2.70226e+06,1.27725e+07,0,0,0,2.52431e+08,99.3022,98.274,5.81151,0,0,2.26511,1.96271,0,1.70232,3.38688,8.61469e+06,3.61194e+06,1.95132e+07,0,0,0,7.20693e+07
85.139,85.139,5.14292,0.31,0.02,3.08169,3.38409,0,0.577422,6.048,4.14526e+06,2.70226e+06,1.27744e+07,0,0,0,2.52431e+08,99.3022,98.274,5.25495,0,0,2.26538,1.96298,0,1.75002,3.38688,8.61469e+06,3.61194e+06,1.95155e+07,0,0,0,7.20693e+07
85.139,85.139,4.96665,0.33,0.02,3.08216,3.38456,0,0.577509,6.048,4.14526e+06,2.70226e+06,1.27763e+07,0,0,0,2.52431e+08,99.3022,98.274,4.95378,0,0,2.26565,1.96325,0,1.75023,3.38688,8.61469e+06,3.61194e+06,1.95178e+07,0,0,0,7.20693e+07
85.139,85.139,3.85257,0.33,0.02,3.08262,3.38502,0,0.577596,6.048,4.14526e+06,2.70226e+06,1.27783e+07,0,0,0,2.52431e+08,99.3022,98.274,3.70079,0,0,2.26592,1.96352,0,1.75044,3.38688,8.61469e+06,3.61194e+06,1.95202e+07,0,0,0,7.20693e+07
84.8692,85.139,3.5879,0.33,0.02,3.4133,3.7157,0,0.577684,6.048,4.14526e+06,2.70226e+06,1.4149e+07,0,0,0,2.52431e+08,99.3022,98.274,3.96648,0,0,2.49709,2.19469,0,1.75065,3.38688,8.61469e+06,3.61194e+06,2.15116e+07,0,0,0,7.20693e+07
85.139,85.139,4.32399,0.39,0.02,3.34765,3.71621,0,0.639653,6.048,4.14526e+06,2.83673e+06,1.38768e+07,0,0,0,2.52431e+08,99.3022,98.274,4.8523,0,0,2.45831,2.19499,0,1.92925,3.38688,8.61469e+06,3.79168e+06,2.11775e+07,0,0,0,7.20693e+07
85.139,85.139,4.83453,0.32,0.02,3.41432,3.71672,0,0.627349,6.048,4.14526e+06,2.70226e+06,1.41533e+07,0,0,0,2.52431e+08,99.3022,98.274,4.85581,0,0,2.49769,2.19529,0,1.89929,3.38688,8.61469e+06,3.61194e+06,2.15168e+07,0,0,0,7.20693e+07
85.139,85.139,4.68652,0.33,0.02,3.41484,3.71724,0,0.639844,6.048,4.14526e+06,2.70226e+06,1.41554e+07,0,0,0,2.52431e+08,99.3022,98.274,3.96476,0,0,2.49799,2.19559,0,1.92972,3.38688,8.61469e+06,3.61194e+06,2.15194e+07,0,0,0,7.20693e+07
85.139,85.139,3.70669,0.38,0.02,2.9441,3.2465,0,0.63994,6.048,4.14526e+06,2.70226e+06,1.2204e+07,0,0,0,2.52431e+08,99.3022,98.274,3.43503,0,0,2.18825,1.88585,0,1.92995,3.38688,8.61469e+06,3.61194e+06,1.88511e+07,0,0,0,7.20693e+07
85.139,85.139,4.22861,0.42,0.02,2.65548,3.24694,0,0.551724,6.048,4.14526e+06,3.40408e+06,1.10077e+07,0,0,0,2.52431e+08,99.3022,98.274,4.49826,0,0,2.0206,1.88611,0,1.69065,3.38688,8.61469e+06,4.55002e+06,1.74068e+07,0,0,0,7.20693e+07
85.139,85.139,5.48104,0.44,0.02,2.65589,3.24739,0,0.497637,6.048,4.14526e+06,3.40408e+06,1.10093e+07,0,0,0,2.52431e+08,99.3022,98.274,4.68306,0,0,2.02084,1.88637,0,1.56112,3.38688,8.61469e+06,4.55002e+06,1.74089e+07,0,0,0,7.20693e+07
85.139,85.139,5.43454,0.48,0.02,2.6563,3.24784,0,0.497714,6.048,4.14526e+06,3.40408e+06,1.1011e+07,0,0,0,2.52431e+08,99.3022,98.274,5.16876,0,0,2.02107,1.88663,0,1.5613,3.38688,8.61469e+06,4.55002e+06,1.74109e+07,0,0,0,7.20693e+07
85.139,85.139,6.25564,0.52,0.02,2.6567,3.24828,0,0.49779,6.048,4.14526e+06,3.40408e+06,1.10127e+07,0,0,0,2.52431e+08,99.3022,98.274,3.96547,0,0,2.02131,1.88689,0,1.56148,3.38688,8.61469e+06,4.55002e+06,1.74129e+07,0,0,0,7.20693e+07
85.139,85.139,4.28518,0.55,0.02,2.76524,3.36743,0,0.497866,6.048,4.14526e+06,3.40408e+06,1.14626e+07,0,0,0,2.52431e+08,98.8797,98.274,3.24042,0,0,2.09069,1.96305,0,1.56166,3.38688,8.61469e+06,4.55002e+06,1.80106e+07,0,0,0,7.20693e+07
84.9315,85.139,2.9847,0.54,0.02,2.76566,3.3679,0,0.518207,6.048,4.14526e+06,3.40408e+06,1.14644e+07,0,0,0,2.52431e+08,98.9088,98.274,2.06909,0,0,2.09093,1.96332,0,1.61527,3.38688,8.61469e+06,4.55002e+06,1.80127e+07,0,0,0,7.20693e+07
85.139,85.139,3.77997,0.63,0.02,2.76609,3.36836,0,0.518286,6.048,4.14526e+06,3.40408e+06,1.14661e+07,0,0,0,2.52431e+08,99.3022,98.274,4.51278,0,0,2.09118,1.96359,0,1.61546,3.38688,8.61469e+06,4.55002e+06,1.80149e+07,0,0,0,7.20693e+07
84.9612,85.139,2.99939,0.53,0.02,2.76651,3.36882,0,0.518365,6.048,4.14526e+06,3.40408e+06,1.14679e+07,0,0,0,2.52431e+08,99.3022,98.274,2.85385,0,0,2.09143,1.96386,0,1.61565,3.38688,8.61469e+06,4.55002e+06,1.8017e+07,0,0,0,7.20693e+07
84.8115,85.139,2.95541,0.62,0.02,2.72463,3.32285,0,0.518444,6.048,4.14526e+06,3.40408e+06,1.12943e+07,0,0,0,2.52431e+08,99.3022,98.274,2.75244,0,0,2.0648,1.93464,0,1.61584,3.38688,8.61469e+06,4.55002e+06,1.77876e+07,0,0,0,7.20693e+07
84.4275,85.139,2.72571,0.61,0.02,2.72504,3.3233,0,0.510595,6.048,4.14526e+06,3.40408e+06,1.1296e+07,0,0,0,2.52431e+08,99.0184,98.274,2.90648,0,0,2.06504,1.9349,0,1.59527,3.38688,8.61469e+06,4.55002e+06,1.77897e+07,0,0,0,7.20693e+07
83.7986,85.139,2.47311,0.61,0.02,2.72546,3.32376,0,0.510673,6.048,4.14526e+06,3.40408e+06,1.12977e+07,0,0,0,2.52431e+08,99.0725,98.274,2.35852,0,0,2.06529,1.93517,0,1.59545,3.38688,8.61469e+06,4.55002e+06,1.77918e+07,0,0,0,7.20693e+07
83.7426,85.139,3.03701,0.58,0.02,2.72588,3.32422,0,0.510751,6.048,4.14526e+06,3.40408e+06,1.12995e+07,0,0,0,2.52431e+08,99.2327,98.274,2.64813,0,0,2.06553,1.93543,0,1.59564,3.38688,8.61469e+06,4.55002e+06,1.77939e+07,0,0,0,7.20693e+07
83.0211,85.139,2.39956,0.54,0.02,2.86996,3.48239,0,0.510829,6.048,4.14526e+06,3.40408e+06,1.18967e+07,0,0,0,2.52431e+08,99.1142,98.274,2.55397,0,0,2.16111,2.04035,0,1.59583,3.38688,8.61469e+06,4.55002e+06,1.86173e+07,0,0,0,7.20693e+07
82.3656,85.139,2.46685,0.51,0.02,2.8704,3.48287,0,0.537831,6.048,4.14526e+06,3.40408e+06,1.18985e+07,0,0,0,2.52431e+08,98.9803,98.274,2.48221,0,0,2.16136,2.04063,0,1.66967,3.38688,8.61469e+06,4.55002e+06,1.86195e+07,0,0,0,7.20693e+07
81.4288,85.139,2.1563,0.45,0.02,2.87084,3.48334,0,0.537913,6.048,4.14526e+06,3.40408e+06,1.19004e+07,0,0,0,2.52431e+08,98.8221,98.274,2.32089,0,0,2.16162,2.04091,0,1.66987,3.38688,8.61469e+06,4.55002e+06,1.86217e+07,0,0,0,7.20693e+07
80.4233,85.139,2.0238,0.4,0.02,2.87127,3.48382,0,0.537995,6.048,4.14526e+06,3.40408e+06,1.19022e+07,0,0,0,2.52431e+08,98.5059,98.274,2.21692,0,0,2.16187,2.04119,0,1.67007,3.38688,8.61469e+06,4.55002e+06,1.86239e+07,0,0,0,7.20693e+07
79.0615,85.139,1.92252,0.37,0.02,3.1819,3.4843,0,0.538076,6.048,4.14526e+06,2.70226e+06,1.31898e+07,0,0,0,2.52431e+08,98.0502,98.274,2.09255,0,0,2.34388,2.04148,0,1.67026,3.38688,8.61469e+06,3.61194e+06,2.01918e+07,0,0,0,7.20693e+07
77.8069,85.139,1.67001,0.43,0.02,2.84371,3.45357,0,0.596288,6.048,4.14526e+06,3.40408e+06,1.17879e+07,0,0,0,2.52431e+08,97.4274,98.274,1.7429,0,0,2.21482,2.09931,0,1.81088,3.38688,8.61469e+06,4.55002e+06,1.908e+07,0,0,0,7.20693e+07
76.1604,85.139,1.52515,0.38,0.02,3.15164,3.45404,0,0.532912,6.048,4.14526e+06,2.70226e+06,1.30644e+07,0,0,0,2.52431e+08,96.6855,98.274,1.70997,0,0,2.402,2.0996,0,1.71117,3.38688,8.61469e+06,3.61194e+06,2.06925e+07,0,0,0,7.20693e+07
74.3931,85.139,1.38284,0.32,0.02,3.15212,3.45452,0,0.590618,6.048,4.14526e+06,2.70226e+06,1.30663e+07,0,0,0,2.52431e+08,95.9162,98.274,1.55425,0,0,2.40229,2.09989,0,1.85579,3.38688,8.61469e+06,3.61194e+06,2.0695e+07,0,0,0,7.20693e+07
72.6032,85.139,1.30811,0.31,0.02,3.15259,3.45499,0,0.590707,6.048,4.14526e+06,2.70226e+06,1.30683e+07,0,0,0,2.52431e+08,94.9751,98.274,1.52098,0,0,2.40258,2.10018,0,1.85601,3.38688,8.61469e+06,3.61194e+06,2.06975e+07,0,0,0,7.20693e+07
70.6871,85.139,1.2272,0.35,0.02,3.23371,3.53611,0,0.590796,6.048,4.14526e+06,2.70226e+06,1.34046e+07,0,0,0,2.52431e+08,94.1612,98.274,1.47611,0,0,2.45419,2.15179,0,1.85623,3.38688,8.61469e+06,3.61194e+06,2.11421e+07,0,0,0,7.20693e+07
68.8479,85.139,1.31051,0.33,0.02,3.2342,3.5366,0,0.605998,6.048,4.14526e+06,2.70226e+06,1.34066e+07,0,0,0,2.52431e+08,93.3701,98.274,1.62482,0,0,2.45449,2.15209,0,1.89611,3.38688,8.61469e+06,3.61194e+06,2.11447e+07,0,0,0,7.20693e+07
66.9427,85.139,1.20977,0.31,0.02,3.23468,3.53708,0,0.606089,6.048,4.14526e+06,2.70226e+06,1.34086e+07,0,0,0,2.52431e+08,92.4049,98.274,1.54169,0,0,2.45479,2.15239,0,1.89634,3.38688,8.61469e+06,3.61194e+06,2.11472e+07,0,0,0,7.20693e+07
64.9522,85.139,1.1011,0.36,0.02,3.23517,3.53757,0,0.60618,6.048,4.14526e+06,2.70226e+06,1.34106e+07,0,0,0,2.52431e+08,91.6661,98.274,1.35292,0,0,2.45508,2.15268,0,1.89657,3.38688,8.61469e+06,3.61194e+06,2.11498e+07,0,0,0,7.20693e+07
62.9317,85.139,1.23558,0.36,0.02,3.47195,3.77435,0,0.606271,6.048,4.14526e+06,2.70226e+06,1.43921e+07,0,0,0,2.52431e+08,91.0288,98.274,1.7334,0,0,2.64074,2.33834,0,1.8968,3.38688,8.61469e+06,3.61194e+06,2.27491e+07,0,0,0,7.20693e+07
61.2339,85.139,1.55223,0.36,0.02,3.47247,3.77487,0,0.650643,6.048,4.14526e+06,2.70226e+06,1.43943e+07,0,0,0,2.52431e+08,90.145,98.274,1.79576,0,0,2.64106,2.33866,0,2.04024,3.38688,8.61469e+06,3.61194e+06,2.27519e+07,0,0,0,7.20693e+07
59.5197,85.139,1.25968,0.4,0.02,3.13688,3.77538,0,0.65074,6.048,4.14526e+06,3.40408e+06,1.30032e+07,0,0,0,2.52431e+08,89.5921,98.274,1.35754,0,0,2.43315,2.33898,0,2.04048,3.38688,8.61469e+06,4.55002e+06,2.09608e+07,0,0,0,7.20693e+07
57.81,85.139,1.49531,0.38,0.02,3.4735,3.7759,0,0.587851,6.048,4.14526e+06,2.70226e+06,1.43986e+07,0,0,0,2.52431e+08,89.011,98.274,2.19996,0,0,2.6417,2.3393,0,1.87985,3.38688,8.61469e+06,3.61194e+06,2.27574e+07,0,0,0,7.20693e+07
55.8459,85.139,1.20982,0.36,0.02,3.47402,3.77642,0,0.650934,6.048,4.14526e+06,2.70226e+06,1.44007e+07,0,0,0,2.52431e+08,88.5205,98.274,1.6405,0,0,2.64202,2.33962,0,2.04098,3.38688,8.61469e+06,3.61194e+06,2.27602e+07,0,0,0,7.20693e+07
54.9974,85.139,1.98795,0.43,0.02,3.03331,3.6617,0,0.651031,6.048,4.14526e+06,3.40408e+06,1.25739e+07,0,0,0,2.52431e+08,88.2449,98.274,2.16136,0,0,2.33147,2.22736,0,2.04123,3.38688,8.61469e+06,4.55002e+06,2.00849e+07,0,0,0,7.20693e+07
53.9601,85.139,1.781,0.43,0.02,3.03377,3.6622,0,0.568443,6.048,4.14526e+06,3.40408e+06,1.25758e+07,0,0,0,2.52431e+08,88.3025,98.274,3.53076,0,0,2.33175,2.22767,0,1.80129,3.38688,8.61469e+06,4.55002e+06,2.00873e+07,0,0,0,7.20693e+07
52.7136,85.139,1.56054,0.46,0.02,3.03423,3.66271,0,0.568529,6.048,4.14526e+06,3.40408e+06,1.25777e+07,0,0,0,2.52431e+08,87.9099,98.274,2.06352,0,0,2.33202,2.22797,0,1.80151,3.38688,8.61469e+06,4.55002e+06,2.00897e+07,0,0,0,7.20693e+07
51.4444,85.139,1.51229,0.46,0.02,3.03469,3.66321,0,0.568615,6.048,4.14526e+06,3.40408e+06,1.25796e+07,0,0,0,2.52431e+08,87.4861,98.274,1.90406,0,0,2.3323,2.22828,0,1.80172,3.38688,8.61469e+06,4.55002e+06,2.00921e+07,0,0,0,7.20693e+07
51.6575,85.139,3.07195,0.47,0.02,2.94893,3.56907,0,0.5687,6.048,4.14526e+06,3.40408e+06,1.22241e+07,0,0,0,2.52431e+08,87.5529,98.274,2.82955,0,0,2.23917,2.12605,0,1.80194,3.38688,8.61469e+06,4.55002e+06,1.92898e+07,0,0,0,7.20693e+07
53.085,85.139,4.26297,0.48,0.02,2.94938,3.56956,0,0.552629,6.048,4.14526e+06,3.40408e+06,1.22259e+07,0,0,0,2.52431e+08,88.0484,98.274,3.94546,0,0,2.23944,2.12634,0,1.72999,3.38688,8.61469e+06,4.55002e+06,1.92921e+07,0,0,0,7.20693e+07
52.9155,85.139,2.67044,0.51,0.02,2.94982,3.57005,0,0.552713,6.048,4.14526e+06,3.40408e+06,1.22278e+07,0,0,0,2.52431e+08,88.1067,98.274,3.06588,0,0,2.23971,2.12663,0,1.73019,3.38688,8.61469e+06,4.55002e+06,1.92944e+07,0,0,0,7.20693e+07
57.6662,85.139,7.87007,0.52,0.02,2.95027,3.57054,0,0.552797,6.048,4.14526e+06,3.40408e+06,1.22296e+07,0,0,0,2.52431e+08,88.4606,98.274,3.78375,0,0,2.23997,2.12692,0,1.7304,3.38688,8.61469e+06,4.55002e+06,1.92967e+07,0,0,0,7.20693e+07
61.86,85.139,7.15461,0.46,0.02,2.70572,3.30209,0,0.55288,6.048,4.14526e+06,3.40408e+06,1.12159e+07,0,0,0,2.52431e+08,88.5252,98.274,3.61859,0,0,2.04559,1.91354,0,1.7306,3.38688,8.61469e+06,4.55002e+06,1.76221e+07,0,0,0,7.20693e+07
65.4847,85.139,6.67514,0.51,0.02,2.70613,3.30254,0,0.507052,6.048,4.14526e+06,3.40408e+06,1.12176e+07,0,0,0,2.52431e+08,89.6149,98.274,5.0028,0,0,2.04583,1.91381,0,1.58042,3.38688,8.61469e+06,4.55002e+06,1.76242e+07,0,0,0,7.20693e+07
74.924,85.139,13.0702,0.44,0.02,2.70654,3.303,0,0.507129,6.048,4.14526e+06,3.40408e+06,1.12193e+07,0,0,0,2.52431e+08,91.6415,98.274,7.42603,0,0,2.04607,1.91407,0,1.58061,3.38688,8.61469e+06,4.55002e+06,1.76262e+07,0,0,0,7.20693e+07
80.9224,85.139,9.74198,0.37,0.02,3.00105,3.30345,0,0.507206,6.048,4.14526e+06,2.70226e+06,1.24401e+07,0,0,0,2.52431e+08,93.9725,98.274,7.54042,0,0,2.21673,1.91433,0,1.58079,3.38688,8.61469e+06,3.61194e+06,1.90964e+07,0,0,0,7.20693e+07
85.139,85.139,11.6299,0.34,0.02,3.0015,3.3039,0,0.562397,6.048,4.14526e+06,2.70226e+06,1.2442e+07,0,0,0,2.52431e+08,95.2937,98.274,6.71867,0,0,2.21699,1.91459,0,1.71265,3.38688,8.61469e+06,3.61194e+06,1.90987e+07,0,0,0,7.20693e+07
85.139,85.139,8.68058,0.32,0.02,3.10545,3.40785,0,0.562482,6.048,4.14526e+06,2.70226e+06,1.28729e+07,0,0,0,2.52431e+08,97.1036,98.274,9.2688,0,0,2.27916,1.97676,0,1.71285,3.38688,8.61469e+06,3.61194e+06,1.96343e+07,0,0,0,7.20693e+07
86.3893,110.355,4.90045,0.38,0.02,3.10589,3.40829,0,0.581962,6.048,4.14526e+06,2.70226e+06,1.28747e+07,0,0,0,2.52431e+08,98.6301,98.274,8.11787,0,0,2.27941,1.97701,0,1.76088,3.38688,8.61469e+06,3.61194e+06,1.96364e+07,0,0,0,7.20693e+07
87.7981,110.355,4.90925,0.4,0.02,2.80286,3.40872,0,0.582044,6.048,4.14526e+06,3.40408e+06,1.16186e+07,0,0,0,2.52431e+08,99.3022,98.274,8.45895,0,0,2.10364,1.97726,0,1.76107,3.38688,8.61469e+06,4.55002e+06,1.81222e+07,0,0,0,7.20693e+07
89.511,110.355,5.18309,0.4,0.02,2.80325,3.40916,0,0.525256,6.048,4.14526e+06,3.40408e+06,1.16202e+07,0,0,0,2.52431e+08,99.3022,98.274,8.66152,0,0,2.10387,1.97752,0,1.62527,3.38688,8.61469e+06,4.55002e+06,1.81242e+07,0,0,0,7.20693e+07
91.3823,110.355,5.67521,0.4,0.02,3.10661,3.74216,0,0.52533,6.048,4.14526e+06,3.40408e+06,1.28777e+07,0,0,0,2.52431e+08,99.3022,98.274,7.75527,0,0,2.31594,2.21031,0,1.62545,3.38688,8.61469e+06,4.55002e+06,1.99511e+07,0,0,0,7.20693e+07
91.1763,110.355,3.86081,0.34,0.02,3.44023,3.74263,0,0.582178,6.048,4.14526e+06,2.70226e+06,1.42607e+07,0,0,0,2.52431e+08,99.3022,98.274,6.39462,0,0,2.51299,2.21059,0,1.78929,3.38688,8.61469e+06,3.61194e+06,2.16487e+07,0,0,0,7.20693e+07
91.5082,110.355,4.40929,0.34,0.02,3.44071,3.74311,0,0.6447,6.048,4.14526e+06,2.70226e+06,1.42626e+07,0,0,0,2.52431e+08,99.3022,98.274,7.36768,0,0,2.51328,2.21088,0,1.94154,3.38688,8.61469e+06,3.61194e+06,2.16511e+07,0,0,0,7.20693e+07
92.4664,110.355,5.15979,0.36,0.02,3.44119,3.74359,0,0.644789,6.048,4.14526e+06,2.70226e+06,1.42646e+07,0,0,0,2.52431e+08,99.3022,98.274,7.80025,0,0,2.51356,2.21116,0,1.94176,3.38688,8.61469e+06,3.61194e+06,2.16535e+07,0,0,0,7.20693e+07
93.3144,110.355,4.54193,0.39,0.02,2.90887,3.26948,0,0.644879,6.048,4.14526e+06,2.83673e+06,1.2058e+07,0,0,0,2.52431e+08,99.3022,98.274,7.74906,0,0,2.16779,1.8992,0,1.94197,3.38688,8.61469e+06,3.79168e+06,1.86748e+07,0,0,0,7.20693e+07
93.6366,110.355,3.68851,0.44,0.02,2.67639,3.2699,0,0.545122,6.048,4.14526e+06,3.40408e+06,1.10943e+07,0,0,0,2.52431e+08,99.3022,98.274,3.07423,0,0,2.03275,1.89945,0,1.67483,3.38688,8.61469e+06,4.55002e+06,1.75115e+07,0,0,0,7.20693e+07
96.0389,110.355,5.92498,0.47,0.02,2.67677,3.27031,0,0.501556,6.048,4.14526e+06,3.40408e+06,1.10959e+07,0,0,0,2.52431e+08,99.3022,98.274,4.71428,0,0,2.03297,1.89969,0,1.5705,3.38688,8.61469e+06,4.55002e+06,1.75134e+07,0,0,0,7.20693e+07
97.7649,110.355,5.48851,0.37,0.02,2.96833,3.27073,0,0.501627,6.048,4.14526e+06,2.70226e+06,1.23045e+07,0,0,0,2.52431e+08,99.3022,98.274,6.66026,0,0,2.20233,1.89993,0,1.57067,3.38688,8.61469e+06,3.61194e+06,1.89724e+07,0,0,0,7.20693e+07
100.321,110.355,6.24195,0.42,0.02,2.67753,3.27115,0,0.556265,6.048,4.14526e+06,3.40408e+06,1.10991e+07,0,0,0,2.52431e+08,99.3022,98.274,5.56553,0,0,2.03341,1.90017,0,1.70152,3.38688,8.61469e+06,4.55002e+06,1.75172e+07,0,0,0,7.20693e+07
103.62,110.355,7.34869,0.44,0.02,2.7868,3.3911,0,0.501769,6.048,4.14526e+06,3.40408e+06,1.1552e+07,0,0,0,2.52431e+08,99.3022,98.274,7.97631,0,0,2.10326,1.97685,0,1.57101,3.38688,8.61469e+06,4.55002e+06,1.81189e+07,0,0,0,7.20693e+07
105.889,110.355,6.37648,0.32,0.02,3.08913,3.39153,0,0.522247,6.048,4.14526e+06,2.70226e+06,1.28053e+07,0,0,0,2.52431e+08,99.3022,98.274,7.78802,0,0,2.2795,1.9771,0,1.62498,3.38688,8.61469e+06,3.61194e+06,1.96372e+07,0,0,0,7.20693e+07
106.618,110.355,4.76097,0.29,0.02,3.08957,3.39197,0,0.578904,6.048,4.14526e+06,2.70226e+06,1.2807e+07,0,0,0,2.52431e+08,99.3022,98.274,6.4198,0,0,2.27975,1.97735,0,1.76114,3.38688,8.61469e+06,3.61194e+06,1.96394e+07,0,0,0,7.20693e+07
106.987,110.355,4.37048,0.26,0.02,3.09,3.3924,0,0.578985,6.048,4.14526e+06,2.70226e+06,1.28088e+07,0,0,0,2.52431e+08,99.3022,98.274,6.56485,0,0,2.28,1.9776,0,1.76134,3.38688,8.61469e+06,3.61194e+06,1.96415e+07,0,0,0,7.20693e+07
107.436,110.355,4.33814,0.27,0.02,3.04367,3.34607,0,0.579066,6.048,4.14526e+06,2.70226e+06,1.26168e+07,0,0,0,2.52431e+08,99.3022,98.274,6.27672,0,0,2.25056,1.94816,0,1.76153,3.38688,8.61469e+06,3.61194e+06,1.93878e+07,0,0,0,7.20693e+07
107.673,110.355,4.0961,0.16,0.02,3.04409,3.34649,0,0.570383,6.048,4.14526e+06,2.70226e+06,1.26186e+07,0,0,0,2.52431e+08,99.3022,98.274,5.91473,0,0,2.2508,1.9484,0,1.73878,3.38688,8.61469e+06,3.61194e+06,1.939e+07,0,0,0,7.20693e+07
107.652,110.355,3.7463,0.15,0.02,3.04452,3.34692,0,0.570463,6.048,4.14526e+06,2.70226e+06,1.26203e+07,0,0,0,2.52431e+08,99.3022,98.274,5.66759,0,0,2.25105,1.94865,0,1.73897,3.38688,8.61469e+06,3.61194e+06,1.93921e+07,0,0,0,7.20693e+07
107.411,110.355,3.50264,0.16,0.02,3.04495,3.34735,0,0.570543,6.048,4.14526e+06,2.70226e+06,1.26221e+07,0,0,0,2.52431e+08,99.3022,98.274,5.53698,0,0,2.2513,1.9489,0,1.73916,3.38688,8.61469e+06,3.61194e+06,1.93942e+07,0,0,0,7.20693e+07
106.895,110.355,3.35725,0.17,0.02,3.20418,3.50658,0,0.570623,6.048,4.14526e+06,2.70226e+06,1.32822e+07,0,0,0,2.52431e+08,99.3022,98.274,6.69553,0,0,2.35693,2.05453,0,1.73935,3.38688,8.61469e+06,3.61194e+06,2.03042e+07,0,0,0,7.20693e+07
106.198,110.355,3.16269,0.21,0.02,3.20463,3.50703,0,0.600464,6.048,4.14526e+06,2.70226e+06,1.3284e+07,0,0,0,2.52431e+08,99.3022,98.274,5.58226,0,0,2.35719,2.05479,0,1.82096,3.38688,8.61469e+06,3.61194e+06,2.03065e+07,0,0,0,7.20693e+07
105.455,110.355,2.94674,0.21,0.02,3.20508,3.50748,0,0.600547,6.048,4.14526e+06,2.70226e+06,1.32859e+07,0,0,0,2.52431e+08,99.3022,98.274,5.50269,0,0,2.35745,2.05505,0,1.82117,3.38688,8.61469e+06,3.61194e+06,2.03087e+07,0,0,0,7.20693e+07
104.576,110.355,2.78419,0.22,0.02,3.20552,3.50792,0,0.600631,6.048,4.14526e+06,2.70226e+06,1.32877e+07,0,0,0,2.52431e+08,99.3022,98.274,5.01993,0,0,2.35771,2.05531,0,1.82137,3.38688,8.61469e+06,3.61194e+06,2.0311e+07,0,0,0,7.20693e+07
103.615,110.355,2.68177,0.22,0.02,3.20597,3.50837,0,0.600715,6.048,4.14526e+06,2.70226e+06,1.32896e+07,0,0,0,2.52431e+08,99.3022,98.274,4.75928,0,0,2.35798,2.05558,0,1.82157,3.38688,8.61469e+06,3.61194e+06,2.03132e+07,0,0,0,7.20693e+07
102.863,110.355,2.79998,0.21,0.02,3.17499,3.47739,0,0.600799,6.048,4.14526e+06,2.70226e+06,1.31612e+07,0,0,0,2.52431e+08,99.3022,98.274,4.9554,0,0,2.41619,2.11379,0,1.82177,3.38688,8.61469e+06,3.61194e+06,2.08148e+07,0,0,0,7.20693e+07
102.07,110.355,2.69858,0.21,0.02,3.17543,3.47783,0,0.594993,6.048,4.14526e+06,2.70226e+06,1.3163e+07,0,0,0,2.52431e+08,99.3022,98.274,4.88356,0,0,2.41646,2.11406,0,1.86675,3.38688,8.61469e+06,3.61194e+06,2.08171e+07,0,0,0,7.20693e+07
101.16,110.355,2.55983,0.21,0.02,3.17588,3.47828,0,0.595076,6.048,4.14526e+06,2.70226e+06,1.31648e+07,0,0,0,2.52431e+08,99.3022,98.274,4.65339,0,0,2.41673,2.11433,0,1.86696,3.38688,8.61469e+06,3.61194e+06,2.08194e+07,0,0,0,7.20693e+07
100.069,110.355,2.36653,0.22,0.02,3.17632,3.47872,0,0.595159,6.048,4.14526e+06,2.70226e+06,1.31667e+07,0,0,0,2.52431e+08,99.3022,98.274,4.34103,0,0,2.417,2.1146,0,1.86717,3.38688,8.61469e+06,3.61194e+06,2.08217e+07,0,0,0,7.20693e+07
98.8403,110.355,2.2844,0.22,0.02,3.25796,3.56036,0,0.595242,6.048,4.14526e+06,2.70226e+06,1.35051e+07,0,0,0,2.52431e+08,99.3022,98.274,4.07564,0,0,2.46895,2.16655,0,1.86738,3.38688,8.61469e+06,3.61194e+06,2.12692e+07,0,0,0,7.20693e+07
97.5958,110.355,2.24458,0.22,0.02,3.25841,3.56081,0,0.610541,6.048,4.14526e+06,2.70226e+06,1.3507e+07,0,0,0,2.52431e+08,99.3022,98.274,4.04472,0,0,2.46923,2.16683,0,1.90751,3.38688,8.61469e+06,3.61194e+06,2.12716e+07,0,0,0,7.20693e+07
96.1677,110.355,2.0447,0.23,0.02,3.25887,3.56127,0,0.610626,6.048,4.14526e+06,2.70226e+06,1.35088e+07,0,0,0,2.52431e+08,99.3022,98.274,3.52505,0,0,2.4695,2.1671,0,1.90772,3.38688,8.61469e+06,3.61194e+06,2.1274e+07,0,0,0,7.20693e+07
94.929,110.355,2.21537,0.23,0.02,3.25932,3.56172,0,0.610711,6.048,4.14526e+06,2.70226e+06,1.35107e+07,0,0,0,2.52431e+08,99.3022,98.274,4.41255,0,0,2.46978,2.16738,0,1.90794,3.38688,8.61469e+06,3.61194e+06,2.12764e+07,0,0,0,7.20693e+07
93.4855,110.355,2.19255,0.25,0.02,3.49768,3.80008,0,0.610796,6.048,4.14526e+06,2.70226e+06,1.44988e+07,0,0,0,2.52431e+08,99.3022,98.274,4.31934,0,0,2.65668,2.35428,0,1.90815,3.38688,8.61469e+06,3.61194e+06,2.28865e+07,0,0,0,7.20693e+07
91.5963,110.355,1.71869,0.25,0.02,3.49816,3.80056,0,0.655464,6.048,4.14526e+06,2.70226e+06,1.45008e+07,0,0,0,2.52431e+08,99.3022,98.274,4.03836,0,0,2.65698,2.35458,0,2.05255,3.38688,8.61469e+06,3.61194e+06,2.2889e+07,0,0,0,7.20693e+07
89.7521,110.355,1.74328,0.25,0.02,3.49864,3.80104,0,0.655555,6.048,4.14526e+06,2.70226e+06,1.45028e+07,0,0,0,2.52431e+08,99.3022,98.274,3.8973,0,0,2.65728,2.35488,0,2.05278,3.38688,8.61469e+06,3.61194e+06,2.28916e+07,0,0,0,7.20693e+07
88.7149,110.355,2.57638,0.26,0.02,3.49913,3.80153,0,0.655646,6.048,4.14526e+06,2.70226e+06,1.45048e+07,0,0,0,2.52431e+08,99.3022,98.274,4.63259,0,0,2.65758,2.35518,0,2.05301,3.38688,8.61469e+06,3.61194e+06,2.28942e+07,0,0,0,7.20693e+07
88.6918,110.355,3.68024,0.26,0.02,3.49961,3.80201,0,0.655736,6.048,4.14526e+06,2.70226e+06,1.45068e+07,0,0,0,2.52431e+08,99.3022,98.274,5.15684,0,0,2.65788,2.35548,0,2.05325,3.38688,8.61469e+06,3.61194e+06,2.28968e+07,0,0,0,7.20693e+07
87.7629,110.355,2.59521,0.26,0.02,3.38408,3.68648,0,0.655827,6.048,4.14526e+06,2.70226e+06,1.40279e+07,0,0,0,2.52431e+08,99.3022,98.274,3.66598,0,0,2.54483,2.24243,0,2.05348,3.38688,8.61469e+06,3.61194e+06,2.19229e+07,0,0,0,7.20693e+07
86.3244,110.355,2.0229,0.26,0.02,3.38455,3.68695,0,0.634176,6.048,4.14526e+06,2.70226e+06,1.40298e+07,0,0,0,2.52431e+08,99.3022,98.274,5.05681,0,0,2.54512,2.24272,0,1.96614,3.38688,8.61469e+06,3.61194e+06,2.19254e+07,0,0,0,7.20693e+07
84.6181,110.355,1.74556,0.27,0.02,3.38501,3.68741,0,0.634264,6.048,4.14526e+06,2.70226e+06,1.40318e+07,0,0,0,2.52431e+08,99.0007,98.274,2.85947,0,0,2.5454,2.243,0,1.96636,3.38688,8.61469e+06,3.61194e+06,2.19278e+07,0,0,0,7.20693e+07
83.0025,110.355,1.81281,0.26,0.02,3.38548,3.68788,0,0.634352,6.048,4.14526e+06,2.70226e+06,1.40337e+07,0,0,0,2.52431e+08,98.6901,98.274,2.7744,0,0,2.54569,2.24329,0,1.96658,3.38688,8.61469e+06,3.61194e+06,2.19303e+07,0,0,0,7.20693e+07
82.3668,110.355,2.94233,0.29,0.02,3.29067,3.59307,0,0.63444,6.048,4.14526e+06,2.70226e+06,1.36407e+07,0,0,0,2.52431e+08,98.9102,98.274,3.91322,0,0,2.44275,2.14035,0,1.9668,3.38688,8.61469e+06,3.61194e+06,2.10435e+07,0,0,0,7.20693e+07
80.0778,110.355,1.19368,0.29,0.02,3.29113,3.59353,0,0.616672,6.048,4.14526e+06,2.70226e+06,1.36426e+07,0,0,0,2.52431e+08,98.5777,98.274,2.02546,0,0,2.44302,2.14062,0,1.88727,3.38688,8.61469e+06,3.61194e+06,2.10458e+07,0,0,0,7.20693e+07
78.4204,110.355,1.84098,0.29,0.02,3.29159,3.59399,0,0.616758,6.048,4.14526e+06,2.70226e+06,1.36445e+07,0,0,0,2.52431e+08,98.3493,98.274,2.48807,0,0,2.44329,2.14089,0,1.88748,3.38688,8.61469e+06,3.61194e+06,2.10482e+07,0,0,0,7.20693e+07
79.2075,110.355,4.4457,0.36,0.02,3.29205,3.59445,0,0.616844,6.048,4.14526e+06,2.70226e+06,1.36464e+07,0,0,0,2.52431e+08,99.1099,98.274,6.10258,0,0,2.44356,2.14116,0,1.88769,3.38688,8.61469e+06,3.61194e+06,2.10505e+07,0,0,0,7.20693e+07
79.28,110.355,3.39973,0.33,0.02,3.02177,3.32417,0,0.616929,6.048,4.14526e+06,2.70226e+06,1.2526e+07,0,0,0,2.52431e+08,99.3022,98.274,4.14981,0,0,2.22874,1.92634,0,1.8879,3.38688,8.61469e+06,3.61194e+06,1.91999e+07,0,0,0,7.20693e+07
80.089,110.355,4.21404,0.34,0.02,3.02219,3.32459,0,0.566279,6.048,4.14526e+06,2.70226e+06,1.25278e+07,0,0,0,2.52431e+08,99.3022,98.274,4.34372,0,0,2.22898,1.92658,0,1.72192,3.38688,8.61469e+06,3.61194e+06,1.9202e+07,0,0,0,7.20693e+07
80.8265,110.355,4.22653,0.34,0.02,3.02261,3.32501,0,0.566358,6.048,4.14526e+06,2.70226e+06,1.25295e+07,0,0,0,2.52431e+08,99.3022,98.274,3.95862,0,0,2.22923,1.92683,0,1.72211,3.38688,8.61469e+06,3.61194e+06,1.92041e+07,0,0,0,7.20693e+07
80.584,110.355,3.2708,0.37,0.02,3.02304,3.32544,0,0.566438,6.048,4.14526e+06,2.70226e+06,1.25313e+07,0,0,0,2.52431e+08,99.3022,98.274,4.61596,0,0,2.22947,1.92707,0,1.7223,3.38688,8.61469e+06,3.61194e+06,1.92062e+07,0,0,0,7.20693e+07
79.5997,110.355,2.12764,0.4,0.02,2.72737,3.32586,0,0.566517,6.048,4.14526e+06,3.40408e+06,1.13057e+07,0,0,0,2.52431e+08,99.0992,98.274,2.48028,0,0,2.05814,1.92732,0,1.72249,3.38688,8.61469e+06,4.55002e+06,1.77302e+07,0,0,0,7.20693e+07
78.518,110.355,2.03005,0.4,0.02,2.72737,3.32586,0,0.511109,6.048,4.14526e+06,3.40408e+06,1.13057e+07,0,0,0,2.52431e+08,98.9412,98.274,3.54953,0,0,2.05814,1.92732,0,1.59012,3.38688,8.61469e+06,4.55002e+06,1.77302e+07,0,0,0,7.20693e+07
78.4951,110.355,3.22177,0.5,0.04,2.82267,3.43047,0,0.511109,6.048,4.14526e+06,3.40408e+06,1.17007e+07,0,0,0,5.38189e+08,99.3022,98.274,4.95787,0,0,2.11513,1.98988,0,1.59012,3.38688,8.61469e+06,4.55002e+06,1.82212e+07,0,0,0,7.20693e+07
78.1251,110.355,2.97231,0.54,0.04,2.82303,3.43087,0,0.528967,6.048,4.14526e+06,3.40408e+06,1.17022e+07,0,0,0,5.38189e+08,99.3022,98.274,4.18726,0,0,2.11534,1.99011,0,1.63415,3.38688,8.61469e+06,4.55002e+06,1.8223e+07,0,0,0,7.20693e+07
77.4394,110.355,2.49514,0.56,0.04,2.8234,3.43127,0,0.529036,6.048,4.14526e+06,3.40408e+06,1.17037e+07,0,0,0,5.38189e+08,99.3022,98.274,3.61301,0,0,2.11555,1.99035,0,1.63431,3.38688,8.61469e+06,4.55002e+06,1.82248e+07,0,0,0,7.20693e+07
76.51,110.355,2.21667,0.59,0.04,2.82377,3.43168,0,0.529105,6.048,4.14526e+06,3.40408e+06,1.17052e+07,0,0,0,5.38189e+08,99.2656,98.274,3.30419,0,0,2.11577,1.99058,0,1.63448,3.38688,8.61469e+06,4.55002e+06,1.82267e+07,0,0,0,7.20693e+07
75.2523,110.355,2.1501,0.61,0.04,3.12909,3.76684,0,0.529174,6.048,4.14526e+06,3.40408e+06,1.29709e+07,0,0,0,5.38189e+08,99.1077,98.274,2.77066,0,0,2.32922,2.22489,0,1.63464,3.38688,8.61469e+06,4.55002e+06,2.00655e+07,0,0,0,7.20693e+07
74.7009,110.355,2.8705,0.6,0.04,3.1295,3.76728,0,0.586392,6.048,4.14526e+06,3.40408e+06,1.29726e+07,0,0,0,5.38189e+08,98.9221,98.274,2.86836,0,0,2.32946,2.22515,0,1.79955,3.38688,8.61469e+06,4.55002e+06,2.00675e+07,0,0,0,7.20693e+07
74.6237,110.355,3.55297,0.62,0.04,3.1299,3.76773,0,0.586467,6.048,4.14526e+06,3.40408e+06,1.29742e+07,0,0,0,5.38189e+08,99.1483,98.274,4.10033,0,0,2.32969,2.22541,0,1.79974,3.38688,8.61469e+06,4.55002e+06,2.00696e+07,0,0,0,7.20693e+07
74.4902,110.355,3.41654,0.64,0.04,3.1303,3.76817,0,0.586543,6.048,4.14526e+06,3.40408e+06,1.29759e+07,0,0,0,5.38189e+08,99.2097,98.274,3.60664,0,0,2.32993,2.22568,0,1.79992,3.38688,8.61469e+06,4.55002e+06,2.00716e+07,0,0,0,7.20693e+07
74.6491,110.355,3.26286,0.67,0.04,2.69554,3.29092,0,0.586619,6.048,4.14526e+06,3.40408e+06,1.11737e+07,0,0,0,5.38189e+08,99.1204,98.274,3.73011,0,0,2.04387,1.91166,0,1.80011,3.38688,8.61469e+06,4.55002e+06,1.76073e+07,0,0,0,7.20693e+07
75.6033,110.355,4.09718,0.69,0.04,2.69589,3.2913,0,0.505144,6.048,4.14526e+06,3.40408e+06,1.11752e+07,0,0,0,5.38189e+08,99.2262,98.274,4.62242,0,0,2.04407,1.91188,0,1.57909,3.38688,8.61469e+06,4.55002e+06,1.76091e+07,0,0,0,7.20693e+07
77.5289,110.355,5.18723,0.72,0.04,2.69624,3.29169,0,0.50521,6.048,4.14526e+06,3.40408e+06,1.11766e+07,0,0,0,5.38189e+08,99.3022,98.274,4.79955,0,0,2.04428,1.91211,0,1.57925,3.38688,8.61469e+06,4.55002e+06,1.76108e+07,0,0,0,7.20693e+07
78.3251,110.355,3.99539,0.73,0.04,2.6966,3.29208,0,0.505276,6.048,4.14526e+06,3.40408e+06,1.11781e+07,0,0,0,5.38189e+08,99.3022,98.274,4.44006,0,0,2.04448,1.91233,0,1.57941,3.38688,8.61469e+06,4.55002e+06,1.76126e+07,0,0,0,7.20693e+07
79.7257,110.355,4.6302,0.73,0.04,2.69695,3.29246,0,0.505342,6.048,4.14526e+06,3.40408e+06,1.11795e+07,0,0,0,5.38189e+08,99.3022,98.274,5.35745,0,0,2.04469,1.91256,0,1.57957,3.38688,8.61469e+06,4.55002e+06,1.76144e+07,0,0,0,7.20693e+07
79.9663,110.355,3.56345,0.7,0.04,2.8069,3.41317,0,0.505408,6.048,4.14526e+06,3.40408e+06,1.16353e+07,0,0,0,5.38189e+08,99.2316,98.274,3.0971,0,0,2.11497,1.98971,0,1.57973,3.38688,8.61469e+06,4.55002e+06,1.82198e+07,0,0,0,7.20693e+07
79.8763,110.355,3.21145,0.71,0.04,2.80727,3.41357,0,0.526014,6.048,4.14526e+06,3.40408e+06,1.16369e+07,0,0,0,5.38189e+08,98.9044,98.274,2.52559,0,0,2.11519,1.98994,0,1.63403,3.38688,8.61469e+06,4.55002e+06,1.82217e+07,0,0,0,7.20693e+07
79.6379,110.355,2.9908,0.73,0.04,2.80764,3.41397,0,0.526082,6.048,4.14526e+06,3.40408e+06,1.16384e+07,0,0,0,5.38189e+08,98.655,98.274,2.34378,0,0,2.1154,1.99018,0,1.63419,3.38688,8.61469e+06,4.55002e+06,1.82235e+07,0,0,0,7.20693e+07
79.5136,110.355,3.04845,0.74,0.04,2.808,3.41437,0,0.526151,6.048,4.14526e+06,3.40408e+06,1.16399e+07,0,0,0,5.38189e+08,98.4588,98.274,2.63036,0,0,2.11561,1.99041,0,1.63436,3.38688,8.61469e+06,4.55002e+06,1.82254e+07,0,0,0,7.20693e+07
79.3972,110.355,2.98745,0.74,0.04,2.76549,3.36771,0,0.52622,6.048,4.14526e+06,3.40408e+06,1.14637e+07,0,0,0,5.38189e+08,98.4456,98.274,3.26706,0,0,2.0886,1.96075,0,1.63452,3.38688,8.61469e+06,4.55002e+06,1.79926e+07,0,0,0,7.20693e+07
79.0109,110.355,2.69943,0.73,0.04,2.76585,3.3681,0,0.518254,6.048,4.14526e+06,3.40408e+06,1.14652e+07,0,0,0,5.38189e+08,98.4309,98.274,3.16682,0,0,2.08881,1.96098,0,1.61365,3.38688,8.61469e+06,4.55002e+06,1.79944e+07,0,0,0,7.20693e+07
78.9585,110.355,3.03744,0.71,0.04,2.76622,3.3685,0,0.518321,6.048,4.14526e+06,3.40408e+06,1.14667e+07,0,0,0,5.38189e+08,98.3126,98.274,2.96912,0,0,2.08902,1.96122,0,1.61381,3.38688,8.61469e+06,4.55002e+06,1.79962e+07,0,0,0,7.20693e+07
78.513,110.355,2.5731,0.69,0.04,2.76658,3.3689,0,0.518389,6.048,4.14526e+06,3.40408e+06,1.14682e+07,0,0,0,5.38189e+08,98.1631,98.274,2.92874,0,0,2.08923,1.96145,0,1.61397,3.38688,8.61469e+06,4.55002e+06,1.7998e+07,0,0,0,7.20693e+07
77.7282,110.355,2.30529,0.76,0.04,2.91254,3.52912,0,0.518456,6.048,4.14526e+06,3.40408e+06,1.20732e+07,0,0,0,5.38189e+08,98.0244,98.274,2.82426,0,0,2.18605,2.06773,0,1.61414,3.38688,8.61469e+06,4.55002e+06,1.88322e+07,0,0,0,7.20693e+07
76.8639,110.355,2.20835,0.73,0.04,2.91291,3.52954,0,0.545809,6.048,4.14526e+06,3.40408e+06,1.20748e+07,0,0,0,5.38189e+08,97.8778,98.274,2.80908,0,0,2.18627,2.06798,0,1.68894,3.38688,8.61469e+06,4.55002e+06,1.88341e+07,0,0,0,7.20693e+07
75.8966,110.355,2.09722,0.69,0.04,2.91329,3.52995,0,0.54588,6.048,4.14526e+06,3.40408e+06,1.20763e+07,0,0,0,5.38189e+08,97.7209,98.274,2.91897,0,0,2.1865,2.06822,0,1.68912,3.38688,8.61469e+06,4.55002e+06,1.8836e+07,0,0,0,7.20693e+07
74.7794,110.355,1.94634,0.65,0.04,2.91367,3.53037,0,0.545951,6.048,4.14526e+06,3.40408e+06,1.20779e+07,0,0,0,5.38189e+08,97.5392,98.274,2.80659,0,0,2.18672,2.06846,0,1.68929,3.38688,8.61469e+06,4.55002e+06,1.88379e+07,0,0,0,7.20693e+07
73.6051,110.355,1.79404,0.59,0.04,2.91405,3.53078,0,0.546022,6.048,4.14526e+06,3.40408e+06,1.20795e+07,0,0,0,5.38189e+08,97.4227,98.274,2.66649,0,0,2.18694,2.06871,0,1.68946,3.38688,8.61469e+06,4.55002e+06,1.88398e+07,0,0,0,7.20693e+07
72.4473,110.355,1.76562,0.53,0.04,2.88562,3.49957,0,0.546093,6.048,4.14526e+06,3.40408e+06,1.19616e+07,0,0,0,5.38189e+08,97.307,98.274,2.59155,0,0,2.24029,2.12728,0,1.68963,3.38688,8.61469e+06,4.55002e+06,1.92994e+07,0,0,0,7.20693e+07
71.2297,110.355,1.68297,0.58,0.04,2.88599,3.49998,0,0.540764,6.048,4.14526e+06,3.40408e+06,1.19632e+07,0,0,0,5.38189e+08,97.1574,98.274,2.58295,0,0,2.24052,2.12753,0,1.73085,3.38688,8.61469e+06,4.55002e+06,1.93014e+07,0,0,0,7.20693e+07
69.8436,110.355,1.47859,0.54,0.04,2.88637,3.50039,0,0.540835,6.048,4.14526e+06,3.40408e+06,1.19647e+07,0,0,0,5.38189e+08,96.9314,98.274,2.38242,0,0,2.24075,2.12778,0,1.73103,3.38688,8.61469e+06,4.55002e+06,1.93034e+07,0,0,0,7.20693e+07
68.399,110.355,1.39869,0.48,0.04,2.88674,3.5008,0,0.540905,6.048,4.14526e+06,3.40408e+06,1.19663e+07,0,0,0,5.38189e+08,96.6217,98.274,2.27892,0,0,2.24098,2.12803,0,1.7312,3.38688,8.61469e+06,4.55002e+06,1.93053e+07,0,0,0,7.20693e+07
67.0609,110.355,1.56311,0.45,0.04,2.96155,3.58293,0,0.540975,6.048,4.14526e+06,3.40408e+06,1.22764e+07,0,0,0,5.38189e+08,96.3112,98.274,2.34296,0,0,2.28858,2.18028,0,1.73138,3.38688,8.61469e+06,4.55002e+06,1.97154e+07,0,0,0,7.20693e+07
65.6327,110.355,1.44785,0.53,0.04,2.96194,3.58335,0,0.554995,6.048,4.14526e+06,3.40408e+06,1.2278e+07,0,0,0,5.38189e+08,95.9149,98.274,2.3748,0,0,2.28881,2.18054,0,1.76816,3.38688,8.61469e+06,4.55002e+06,1.97174e+07,0,0,0,7.20693e+07
64.1137,110.355,1.34124,0.48,0.04,2.96232,3.58377,0,0.555067,6.048,4.14526e+06,3.40408e+06,1.22796e+07,0,0,0,5.38189e+08,95.4782,98.274,2.11122,0,0,2.28905,2.18079,0,1.76834,3.38688,8.61469e+06,4.55002e+06,1.97194e+07,0,0,0,7.20693e+07
62.641,110.355,1.36587,0.43,0.04,2.9627,3.58419,0,0.555139,6.048,4.14526e+06,3.40408e+06,1.22812e+07,0,0,0,5.38189e+08,95.0979,98.274,2.40667,0,0,2.28928,2.18105,0,1.76852,3.38688,8.61469e+06,4.55002e+06,1.97214e+07,0,0,0,7.20693e+07
61.1885,110.355,1.53754,0.42,0.04,3.18117,3.82401,0,0.555211,6.048,4.14526e+06,3.40408e+06,1.31868e+07,0,0,0,5.38189e+08,94.6601,98.274,2.1203,0,0,2.4606,2.36911,0,1.7687,3.38688,8.61469e+06,4.55002e+06,2.11973e+07,0,0,0,7.20693e+07
59.9367,110.355,1.73326,0.48,0.04,3.18158,3.82446,0,0.596152,6.048,4.14526e+06,3.40408e+06,1.31885e+07,0,0,0,5.38189e+08,94.2112,98.274,2.43714,0,0,2.46085,2.36939,0,1.90106,3.38688,8.61469e+06,4.55002e+06,2.11995e+07,0,0,0,7.20693e+07
58.3559,110.355,1.39791,0.46,0.04,3.18199,3.82491,0,0.596229,6.048,4.14526e+06,3.40408e+06,1.31902e+07,0,0,0,5.38189e+08,93.7082,98.274,1.84626,0,0,2.4611,2.36967,0,1.90125,3.38688,8.61469e+06,4.55002e+06,2.12016e+07,0,0,0,7.20693e+07
57.0767,110.355,1.66988,0.43,0.04,3.1824,3.82536,0,0.596306,6.048,4.14526e+06,3.40408e+06,1.31919e+07,0,0,0,5.38189e+08,93.4878,98.274,2.98353,0,0,2.46136,2.36994,0,1.90145,3.38688,8.61469e+06,4.55002e+06,2.12038e+07,0,0,0,7.20693e+07
56.6912,110.355,2.54867,0.45,0.04,3.18281,3.82581,0,0.596382,6.048,4.14526e+06,3.40408e+06,1.31936e+07,0,0,0,5.38189e+08,93.5432,98.274,3.95641,0,0,2.46161,2.37022,0,1.90164,3.38688,8.61469e+06,4.55002e+06,2.1206e+07,0,0,0,7.20693e+07
55.3072,110.355,1.47584,0.45,0.04,3.07687,3.70952,0,0.596459,6.048,4.14526e+06,3.40408e+06,1.27544e+07,0,0,0,5.38189e+08,93.2819,98.274,2.7085,0,0,2.35796,2.25645,0,1.90184,3.38688,8.61469e+06,4.55002e+06,2.03131e+07,0,0,0,7.20693e+07
53.8413,110.355,1.33596,0.53,0.04,3.07727,3.70995,0,0.576606,6.048,4.14526e+06,3.40408e+06,1.27561e+07,0,0,0,5.38189e+08,93.0314,98.274,2.24574,0,0,2.3582,2.25671,0,1.82176,3.38688,8.61469e+06,4.55002e+06,2.03152e+07,0,0,0,7.20693e+07
54.4267,110.355,3.4665,0.53,0.04,3.07767,3.71039,0,0.57668,6.048,4.14526e+06,3.40408e+06,1.27577e+07,0,0,0,5.38189e+08,93.3228,98.274,5.28419,0,0,2.35845,2.25698,0,1.82195,3.38688,8.61469e+06,4.55002e+06,2.03173e+07,0,0,0,7.20693e+07
53.9543,110.355,2.49878,0.55,0.04,3.07806,3.71082,0,0.576755,6.048,4.14526e+06,3.40408e+06,1.27594e+07,0,0,0,5.38189e+08,93.3406,98.274,3.06573,0,0,2.35869,2.25724,0,1.82214,3.38688,8.61469e+06,4.55002e+06,2.03194e+07,0,0,0,7.20693e+07
52.7051,110.355,1.67815,0.56,0.04,2.99112,3.61539,0,0.576829,6.048,4.14526e+06,3.40408e+06,1.2399e+07,0,0,0,5.38189e+08,93.3154,98.274,2.88907,0,0,2.26431,2.15364,0,1.82232,3.38688,8.61469e+06,4.55002e+06,1.95063e+07,0,0,0,7.20693e+07
53.068,110.355,3.33749,0.59,0.04,2.99151,3.61581,0,0.560537,6.048,4.14526e+06,3.40408e+06,1.24006e+07,0,0,0,5.38189e+08,94.5736,98.274,6.62403,0,0,2.26454,2.15389,0,1.7494,3.38688,8.61469e+06,4.55002e+06,1.95083e+07,0,0,0,7.20693e+07
52.199,110.355,2.04322,0.59,0.04,2.9919,3.61624,0,0.560609,6.048,4.14526e+06,3.40408e+06,1.24022e+07,0,0,0,5.38189e+08,95.4719,98.274,5.96126,0,0,2.26477,2.15414,0,1.74958,3.38688,8.61469e+06,4.55002e+06,1.95103e+07,0,0,0,7.20693e+07
52.6648,110.355,3.55004,0.59,0.04,2.99228,3.61666,0,0.560682,6.048,4.14526e+06,3.40408e+06,1.24038e+07,0,0,0,5.38189e+08,96.2466,98.274,5.82338,0,0,2.265,2.1544,0,1.74976,3.38688,8.61469e+06,4.55002e+06,1.95123e+07,0,0,0,7.20693e+07
52.2961,110.355,2.44556,0.62,0.04,2.74452,3.34468,0,0.560754,6.048,4.14526e+06,3.40408e+06,1.13767e+07,0,0,0,5.38189e+08,96.3132,98.274,2.92806,0,0,2.06807,1.93822,0,1.74994,3.38688,8.61469e+06,4.55002e+06,1.78158e+07,0,0,0,7.20693e+07
52.9487,110.355,3.60782,0.63,0.04,2.74487,3.34507,0,0.514322,6.048,4.14526e+06,3.40408e+06,1.13782e+07,0,0,0,5.38189e+08,97.6712,98.274,6.76719,0,0,2.06828,1.93845,0,1.59779,3.38688,8.61469e+06,4.55002e+06,1.78176e+07,0,0,0,7.20693e+07
54.0543,110.355,4.08916,0.68,0.04,2.74523,3.34546,0,0.514389,6.048,4.14526e+06,3.40408e+06,1.13797e+07,0,0,0,5.38189e+08,98.6107,98.274,5.77908,0,0,2.06849,1.93868,0,1.59795,3.38688,8.61469e+06,4.55002e+06,1.78194e+07,0,0,0,7.20693e+07
55.7122,110.355,4.54686,0.69,0.04,2.74559,3.34586,0,0.514456,6.048,4.14526e+06,3.40408e+06,1.13812e+07,0,0,0,5.38189e+08,98.7912,98.274,3.90935,0,0,2.06869,1.93891,0,1.59811,3.38688,8.61469e+06,4.55002e+06,1.78211e+07,0,0,0,7.20693e+07
58.0204,110.355,5.22809,0.72,0.04,2.74595,3.34625,0,0.514523,6.048,4.14526e+06,3.40408e+06,1.13827e+07,0,0,0,5.38189e+08,99.3022,98.274,6.33135,0,0,2.0689,1.93913,0,1.59827,3.38688,8.61469e+06,4.55002e+06,1.78229e+07,0,0,0,7.20693e+07
60.2807,110.355,5.34713,0.71,0.04,2.8418,3.45147,0,0.51459,6.048,4.14526e+06,3.40408e+06,1.178e+07,0,0,0,5.38189e+08,99.3022,98.274,5.01434,0,0,2.12622,2.00206,0,1.59843,3.38688,8.61469e+06,4.55002e+06,1.83167e+07,0,0,0,7.20693e+07
63.585,110.355,6.39044,0.71,0.04,2.84214,3.45184,0,0.532553,6.048,4.14526e+06,3.40408e+06,1.17814e+07,0,0,0,5.38189e+08,99.3022,98.274,5.54913,0,0,2.12642,2.00227,0,1.64272,3.38688,8.61469e+06,4.55002e+06,1.83184e+07,0,0,0,7.20693e+07
65.4866,110.355,4.98658,0.68,0.04,2.84247,3.45221,0,0.532616,6.048,4.14526e+06,3.40408e+06,1.17828e+07,0,0,0,5.38189e+08,99.3022,98.274,5.46441,0,0,2.12662,2.00249,0,1.64287,3.38688,8.61469e+06,4.55002e+06,1.83201e+07,0,0,0,7.20693e+07
69.9014,110.355,7.72163,0.7,0.04,2.84281,3.45258,0,0.53268,6.048,4.14526e+06,3.40408e+06,1.17842e+07,0,0,0,5.38189e+08,99.3022,98.274,7.03922,0,0,2.12681,2.00271,0,1.64302,3.38688,8.61469e+06,4.55002e+06,1.83218e+07,0,0,0,7.20693e+07
71.8224,110.355,5.50066,0.66,0.04,3.14996,3.78975,0,0.532743,6.048,4.14526e+06,3.40408e+06,1.30574e+07,0,0,0,5.38189e+08,99.3022,98.274,5.27719,0,0,2.34155,2.23842,0,1.64318,3.38688,8.61469e+06,4.55002e+06,2.01717e+07,0,0,0,7.20693e+07
73.8396,110.355,5.59975,0.68,0.04,3.15034,3.79016,0,0.590303,6.048,4.14526e+06,3.40408e+06,1.3059e+07,0,0,0,5.38189e+08,99.3022,98.274,4.79817,0,0,2.34177,2.23867,0,1.80908,3.38688,8.61469e+06,4.55002e+06,2.01736e+07,0,0,0,7.20693e+07
75.1469,110.355,4.88004,0.64,0.04,3.15071,3.79057,0,0.590373,6.048,4.14526e+06,3.40408e+06,1.30605e+07,0,0,0,5.38189e+08,99.3022,98.274,5.00626,0,0,2.34199,2.23891,0,1.80925,3.38688,8.61469e+06,4.55002e+06,2.01755e+07,0,0,0,7.20693e+07
77.2909,110.355,5.71499,0.66,0.04,3.15108,3.79098,0,0.590443,6.048,4.14526e+06,3.40408e+06,1.3062e+07,0,0,0,5.38189e+08,99.3022,98.274,5.44021,0,0,2.34221,2.23915,0,1.80942,3.38688,8.61469e+06,4.55002e+06,2.01774e+07,0,0,0,7.20693e+07
79.4906,110.355,5.4118,0.68,0.04,2.71366,3.31081,0,0.590513,6.048,4.14526e+06,3.40408e+06,1.12488e+07,0,0,0,5.38189e+08,99.3022,98.274,5.9192,0,0,2.05439,1.92321,0,1.80959,3.38688,8.61469e+06,4.55002e+06,1.7698e+07,0,0,0,7.20693e+07
81.8436,110.355,5.72919,0.66,0.04,2.71398,3.31116,0,0.508539,6.048,4.14526e+06,3.40408e+06,1.12502e+07,0,0,0,5.38189e+08,99.3022,98.274,6.68275,0,0,2.05458,1.92342,0,1.58722,3.38688,8.61469e+06,4.55002e+06,1.76996e+07,0,0,0,7.20693e+07
83.4039,110.355,4.83583,0.7,0.04,2.71431,3.31152,0,0.5086,6.048,4.14526e+06,3.40408e+06,1.12515e+07,0,0,0,5.38189e+08,99.3022,98.274,4.80265,0,0,2.05477,1.92362,0,1.58737,3.38688,8.61469e+06,4.55002e+06,1.77012e+07,0,0,0,7.20693e+07
85.3642,110.355,5.27817,0.71,0.04,2.71463,3.31188,0,0.508661,6.048,4.14526e+06,3.40408e+06,1.12529e+07,0,0,0,5.38189e+08,99.3022,98.274,4.8912,0,0,2.05496,1.92383,0,1.58752,3.38688,8.61469e+06,4.55002e+06,1.77028e+07,0,0,0,7.20693e+07
86.7102,110.355,4.79849,0.7,0.04,2.71496,3.31224,0,0.508722,6.048,4.14526e+06,3.40408e+06,1.12542e+07,0,0,0,5.38189e+08,99.3022,98.274,5.34255,0,0,2.05515,1.92404,0,1.58766,3.38688,8.61469e+06,4.55002e+06,1.77045e+07,0,0,0,7.20693e+07
87.3285,110.355,4.10741,0.71,0.04,2.82555,3.43363,0,0.508783,6.048,4.14526e+06,3.40408e+06,1.17126e+07,0,0,0,5.38189e+08,99.3022,98.274,4.44768,0,0,2.12584,2.00164,0,1.58781,3.38688,8.61469e+06,4.55002e+06,1.83135e+07,0,0,0,7.20693e+07
88.4384,110.355,4.79047,0.69,0.04,2.82588,3.434,0,0.529507,6.048,4.14526e+06,3.40408e+06,1.1714e+07,0,0,0,5.38189e+08,99.3022,98.274,5.12256,0,0,2.12604,2.00186,0,1.64242,3.38688,8.61469e+06,4.55002e+06,1.83152e+07,0,0,0,7.20693e+07
89.952,110.355,5.04544,0.68,0.04,2.82622,3.43437,0,0.52957,6.048,4.14526e+06,3.40408e+06,1.17154e+07,0,0,0,5.38189e+08,99.3022,98.274,6.2776,0,0,2.12623,2.00207,0,1.64258,3.38688,8.61469e+06,4.55002e+06,1.83168e+07,0,0,0,7.20693e+07
90.4908,110.355,3.88752,0.68,0.04,2.82656,3.43474,0,0.529634,6.048,4.14526e+06,3.40408e+06,1.17168e+07,0,0,0,5.38189e+08,99.3022,98.274,3.93242,0,0,2.12643,2.00229,0,1.64273,3.38688,8.61469e+06,4.55002e+06,1.83185e+07,0,0,0,7.20693e+07
90.6809,110.355,3.46962,0.55,0.04,2.78377,3.38777,0,0.529697,6.048,4.14526e+06,3.40408e+06,1.15394e+07,0,0,0,5.38189e+08,99.3022,98.274,3.60508,0,0,2.09923,1.97243,0,1.64288,3.38688,8.61469e+06,4.55002e+06,1.80843e+07,0,0,0,7.20693e+07
90.4856,110.355,3.07173,0.5,0.04,2.7841,3.38813,0,0.521678,6.048,4.14526e+06,3.40408e+06,1.15408e+07,0,0,0,5.38189e+08,99.3022,98.274,3.9467,0,0,2.09943,1.97265,0,1.62187,3.38688,8.61469e+06,4.55002e+06,1.80859e+07,0,0,0,7.20693e+07
90.014,110.355,2.78037,0.49,0.04,2.78443,3.3885,0,0.52174,6.048,4.14526e+06,3.40408e+06,1.15422e+07,0,0,0,5.38189e+08,99.3022,98.274,3.35287,0,0,2.09962,1.97286,0,1.62202,3.38688,8.61469e+06,4.55002e+06,1.80876e+07,0,0,0,7.20693e+07
90.0941,110.355,3.31727,0.57,0.04,2.78477,3.38886,0,0.521803,6.048,4.14526e+06,3.40408e+06,1.15436e+07,0,0,0,5.38189e+08,99.2887,98.274,3.57669,0,0,2.09982,1.97307,0,1.62217,3.38688,8.61469e+06,4.55002e+06,1.80893e+07,0,0,0,7.20693e+07
89.5829,110.355,2.71354,0.55,0.04,2.93156,3.55,0,0.521865,6.048,4.14526e+06,3.40408e+06,1.21521e+07,0,0,0,5.38189e+08,99.1849,98.274,3.14247,0,0,2.1972,2.07997,0,1.62232,3.38688,8.61469e+06,4.55002e+06,1.89282e+07,0,0,0,7.20693e+07
89.0417,110.355,2.65922,0.47,0.04,2.93191,3.55039,0,0.549374,6.048,4.14526e+06,3.40408e+06,1.21535e+07,0,0,0,5.38189e+08,99.0769,98.274,3.15247,0,0,2.1974,2.08019,0,1.69756,3.38688,8.61469e+06,4.55002e+06,1.89299e+07,0,0,0,7.20693e+07
88.2245,110.355,2.39254,0.41,0.04,2.93226,3.55077,0,0.54944,6.048,4.14526e+06,3.40408e+06,1.2155e+07,0,0,0,5.38189e+08,98.9356,98.274,3.08794,0,0,2.19761,2.08042,0,1.69771,3.38688,8.61469e+06,4.55002e+06,1.89317e+07,0,0,0,7.20693e+07
87.0594,110.355,2.28009,0.38,0.04,3.24875,3.55115,0,0.549505,6.048,4.14526e+06,2.70226e+06,1.34669e+07,0,0,0,5.38189e+08,98.7792,98.274,3.09365,0,0,2.38304,2.08064,0,1.69787,3.38688,8.61469e+06,3.61194e+06,2.05292e+07,0,0,0,7.20693e+07
85.9603,110.355,2.28945,0.31,0.04,3.24914,3.55154,0,0.608816,6.048,4.14526e+06,2.70226e+06,1.34685e+07,0,0,0,5.38189e+08,98.5534,98.274,2.65122,0,0,2.38327,2.08087,0,1.84114,3.38688,8.61469e+06,3.61194e+06,2.05311e+07,0,0,0,7.20693e+07
84.8463,110.355,2.25608,0.31,0.04,3.21771,3.52011,0,0.608888,6.048,4.14526e+06,2.70226e+06,1.33382e+07,0,0,0,5.38189e+08,98.2546,98.274,2.25948,0,0,2.44216,2.13976,0,1.84131,3.38688,8.61469e+06,3.61194e+06,2.10385e+07,0,0,0,7.20693e+07
83.5873,110.355,2.06319,0.28,0.04,3.21809,3.52049,0,0.602998,6.048,4.14526e+06,2.70226e+06,1.33398e+07,0,0,0,5.38189e+08,97.8982,98.274,2.26237,0,0,2.44239,2.13999,0,1.88681,3.38688,8.61469e+06,3.61194e+06,2.10404e+07,0,0,0,7.20693e+07
82.1449,110.355,1.86267,0.31,0.04,3.21847,3.52087,0,0.60307,6.048,4.14526e+06,2.70226e+06,1.33414e+07,0,0,0,5.38189e+08,97.4467,98.274,2.02884,0,0,2.44262,2.14022,0,1.88699,3.38688,8.61469e+06,3.61194e+06,2.10424e+07,0,0,0,7.20693e+07
80.5776,110.355,1.69451,0.28,0.04,3.21885,3.52125,0,0.603141,6.048,4.14526e+06,2.70226e+06,1.33429e+07,0,0,0,5.38189e+08,96.8908,98.274,1.91542,0,0,2.44285,2.14045,0,1.88717,3.38688,8.61469e+06,3.61194e+06,2.10444e+07,0,0,0,7.20693e+07
78.8764,110.355,1.63846,0.29,0.04,3.30141,3.60381,0,0.603212,6.048,4.14526e+06,2.70226e+06,1.36852e+07,0,0,0,5.38189e+08,96.4135,98.274,1.96863,0,0,2.49539,2.19299,0,1.88735,3.38688,8.61469e+06,3.61194e+06,2.1497e+07,0,0,0,7.20693e+07
77.0501,110.355,1.47994,0.29,0.04,3.3018,3.6042,0,0.618685,6.048,4.14526e+06,2.70226e+06,1.36868e+07,0,0,0,5.38189e+08,95.6827,98.274,1.8775,0,0,2.49563,2.19323,0,1.92794,3.38688,8.61469e+06,3.61194e+06,2.14991e+07,0,0,0,7.20693e+07
75.1117,110.355,1.348,0.31,0.04,3.30219,3.60459,0,0.618758,6.048,4.14526e+06,2.70226e+06,1.36884e+07,0,0,0,5.38189e+08,95.1626,98.274,1.63584,0,0,2.49587,2.19347,0,1.92812,3.38688,8.61469e+06,3.61194e+06,2.15011e+07,0,0,0,7.20693e+07
73.3081,110.355,1.46106,0.31,0.04,3.30258,3.60498,0,0.618831,6.048,4.14526e+06,2.70226e+06,1.369e+07,0,0,0,5.38189e+08,94.4697,98.274,2.05354,0,0,2.4961,2.1937,0,1.92831,3.38688,8.61469e+06,3.61194e+06,2.15031e+07,0,0,0,7.20693e+07
71.1227,110.355,1.2662,0.31,0.04,3.54376,3.84616,0,0.618904,6.048,4.14526e+06,2.70226e+06,1.46898e+07,0,0,0,5.38189e+08,93.7651,98.274,1.6188,0,0,2.68523,2.38283,0,1.92849,3.38688,8.61469e+06,3.61194e+06,2.31324e+07,0,0,0,7.20693e+07
68.985,110.355,1.3153,0.36,0.04,3.54417,3.84657,0,0.6641,6.048,4.14526e+06,2.70226e+06,1.46915e+07,0,0,0,5.38189e+08,92.802,98.274,1.77019,0,0,2.68549,2.38309,0,2.07461,3.38688,8.61469e+06,3.61194e+06,2.31346e+07,0,0,0,7.20693e+07
66.6255,110.355,1.06993,0.35,0.04,3.54459,3.84699,0,0.664178,6.048,4.14526e+06,2.70226e+06,1.46932e+07,0,0,0,5.38189e+08,92.1824,98.274,1.26417,0,0,2.68574,2.38334,0,2.07481,3.38688,8.61469e+06,3.61194e+06,2.31368e+07,0,0,0,7.20693e+07
64.5357,110.355,1.30766,0.38,0.04,3.545,3.8474,0,0.664256,6.048,4.14526e+06,2.70226e+06,1.46949e+07,0,0,0,5.38189e+08,91.4809,98.274,2.27315,0,0,2.686,2.3836,0,2.075,3.38688,8.61469e+06,3.61194e+06,2.3139e+07,0,0,0,7.20693e+07
62.0938,110.355,0.872346,0.39,0.04,3.47691,3.84782,0,0.664333,6.048,4.14526e+06,2.83673e+06,1.44127e+07,0,0,0,5.38189e+08,90.936,98.274,1.49375,0,0,2.64381,2.38386,0,2.0752,3.38688,8.61469e+06,3.79168e+06,2.27756e+07,0,0,0,7.20693e+07
60.3408,110.355,1.25868,0.4,0.04,3.09628,3.73082,0,0.651572,6.048,4.14526e+06,3.40408e+06,1.28349e+07,0,0,0,5.38189e+08,90.1105,98.274,2.37604,0,0,2.36977,2.2694,0,2.04261,3.38688,8.61469e+06,4.55002e+06,2.04148e+07,0,0,0,7.20693e+07
57.9564,110.355,0.588294,0.48,0.04,3.09664,3.73122,0,0.580242,6.048,4.14526e+06,3.40408e+06,1.28364e+07,0,0,0,5.38189e+08,89.1329,98.274,1.25123,0,0,2.36999,2.26965,0,1.83088,3.38688,8.61469e+06,4.55002e+06,2.04167e+07,0,0,0,7.20693e+07
55.715,110.355,0.719408,0.48,0.04,3.09701,3.73162,0,0.580311,6.048,4.14526e+06,3.40408e+06,1.28379e+07,0,0,0,5.38189e+08,88.7332,98.274,1.41574,0,0,2.37021,2.26989,0,1.83105,3.38688,8.61469e+06,4.55002e+06,2.04186e+07,0,0,0,7.20693e+07
54.6233,110.355,1.94346,0.55,0.04,3.09738,3.73202,0,0.58038,6.048,4.14526e+06,3.40408e+06,1.28394e+07,0,0,0,5.38189e+08,88.5827,98.274,3.10638,0,0,2.37044,2.27014,0,1.83123,3.38688,8.61469e+06,4.55002e+06,2.04206e+07,0,0,0,7.20693e+07
52.7605,110.355,1.12238,0.56,0.04,3.00991,3.63601,0,0.580448,6.048,4.14526e+06,3.40408e+06,1.24768e+07,0,0,0,5.38189e+08,88.2858,98.274,2.48812,0,0,2.2755,2.16592,0,1.8314,3.38688,8.61469e+06,4.55002e+06,1.96027e+07,0,0,0,7.20693e+07
50.7646,110.355,0.929876,0.59,0.04,3.01027,3.6364,0,0.564057,6.048,4.14526e+06,3.40408e+06,1.24783e+07,0,0,0,5.38189e+08,87.9096,98.274,2.2183,0,0,2.27571,2.16616,0,1.75805,3.38688,8.61469e+06,4.55002e+06,1.96045e+07,0,0,0,7.20693e+07
49.0831,110.355,1.26877,0.59,0.04,3.01062,3.63679,0,0.564124,6.048,4.14526e+06,3.40408e+06,1.24798e+07,0,0,0,5.38189e+08,87.7364,98.274,3.05601,0,0,2.27592,2.16639,0,1.75821,3.38688,8.61469e+06,4.55002e+06,1.96064e+07,0,0,0,7.20693e+07
48.8739,110.355,2.77758,0.64,0.04,3.01098,3.63719,0,0.564191,6.048,4.14526e+06,3.40408e+06,1.24813e+07,0,0,0,5.38189e+08,88.2622,98.274,4.62519,0,0,2.27614,2.16662,0,1.75838,3.38688,8.61469e+06,4.55002e+06,1.96082e+07,0,0,0,7.20693e+07
47.8237,110.355,1.71304,0.65,0.04,2.76178,3.36363,0,0.564258,6.048,4.14526e+06,3.40408e+06,1.14483e+07,0,0,0,5.38189e+08,88.2234,98.274,3.04718,0,0,2.07807,1.9492,0,1.75854,3.38688,8.61469e+06,4.55002e+06,1.7902e+07,0,0,0,7.20693e+07
46.3093,110.355,1.18162,0.67,0.04,2.76211,3.36399,0,0.517557,6.048,4.14526e+06,3.40408e+06,1.14496e+07,0,0,0,5.38189e+08,87.9793,98.274,2.14244,0,0,2.07826,1.94941,0,1.60552,3.38688,8.61469e+06,4.55002e+06,1.79036e+07,0,0,0,7.20693e+07
44.5776,110.355,0.955718,0.7,0.04,2.76244,3.36435,0,0.517619,6.048,4.14526e+06,3.40408e+06,1.1451e+07,0,0,0,5.38189e+08,87.8155,98.274,2.84819,0,0,2.07846,1.94962,0,1.60567,3.38688,8.61469e+06,4.55002e+06,1.79053e+07,0,0,0,7.20693e+07
43.3431,110.355,1.47367,0.73,0.04,2.76277,3.36471,0,0.517681,6.048,4.14526e+06,3.40408e+06,1.14524e+07,0,0,0,5.38189e+08,87.7102,98.274,2.58485,0,0,2.07865,1.94983,0,1.60582,3.38688,8.61469e+06,4.55002e+06,1.79069e+07,0,0,0,7.20693e+07
43.3058,110.355,2.76244,0.73,0.04,2.7631,3.36508,0,0.517743,6.048,4.14526e+06,3.40408e+06,1.14537e+07,0,0,0,5.38189e+08,88.4181,98.274,4.79579,0,0,2.07884,1.95004,0,1.60596,3.38688,8.61469e+06,4.55002e+06,1.79085e+07,0,0,0,7.20693e+07
45.9493,110.355,5.58784,0.74,0.04,2.85946,3.47085,0,0.517804,6.048,4.14526e+06,3.40408e+06,1.18532e+07,0,0,0,5.38189e+08,89.8399,98.274,7.30659,0,0,2.13647,2.0133,0,1.60611,3.38688,8.61469e+06,4.55002e+06,1.8405e+07,0,0,0,1.44139e+08
47.6194,110.355,4.59474,0.72,0.04,2.85977,3.47119,0,0.535862,6.048,4.14526e+06,3.40408e+06,1.18545e+07,0,0,0,5.38189e+08,90.7375,98.274,5.70314,0,0,2.13665,2.0135,0,1.65063,3.38688,8.61469e+06,4.55002e+06,1.84065e+07,0,0,0,1.44139e+08
50.4387,110.355,5.90296,0.72,0.04,2.86008,3.47154,0,0.53592,6.048,4.14526e+06,3.40408e+06,1.18558e+07,0,0,0,5.38189e+08,91.627,98.274,6.31359,0,0,2.13683,2.0137,0,1.65077,3.38688,8.61469e+06,4.55002e+06,1.84081e+07,0,0,0,1.44139e+08
51.5235,110.355,4.09845,0.75,0.04,2.86039,3.47188,0,0.535979,6.048,4.14526e+06,3.40408e+06,1.18571e+07,0,0,0,5.38189e+08,92.3479,98.274,5.11905,0,0,2.13701,2.0139,0,1.65091,3.38688,8.61469e+06,4.55002e+06,1.84097e+07,0,0,0,1.44139e+08
52.6452,110.355,4.44725,0.74,0.04,3.16922,3.81089,0,0.536037,6.048,4.14526e+06,3.40408e+06,1.31372e+07,0,0,0,5.38189e+08,93.5006,98.274,5.81996,0,0,2.35292,2.25091,0,1.65105,3.38688,8.61469e+06,4.55002e+06,2.02697e+07,0,0,0,1.44139e+08
55.5257,110.355,6.19054,0.76,0.04,3.16957,3.81127,0,0.593912,6.048,4.14526e+06,3.40408e+06,1.31387e+07,0,0,0,5.38189e+08,94.9136,98.274,7.38121,0,0,2.35312,2.25113,0,1.81787,3.38688,8.61469e+06,4.55002e+06,2.02714e+07,0,0,0,1.44139e+08
56.3312,110.355,4.15395,0.76,0.04,3.16991,3.81164,0,0.593977,6.048,4.14526e+06,3.40408e+06,1.31401e+07,0,0,0,5.38189e+08,95.798,98.274,5.18705,0,0,2.35333,2.25135,0,1.81802,3.38688,8.61469e+06,4.55002e+06,2.02732e+07,0,0,0,1.44139e+08
57.5532,110.355,4.70256,0.76,0.04,3.17025,3.81202,0,0.594041,6.048,4.14526e+06,3.40408e+06,1.31415e+07,0,0,0,5.38189e+08,96.8473,98.274,6.38157,0,0,2.35353,2.25158,0,1.81818,3.38688,8.61469e+06,4.55002e+06,2.02749e+07,0,0,0,1.44139e+08
58.8968,110.355,4.34992,0.77,0.04,2.73037,3.32915,0,0.594105,6.048,4.14526e+06,3.40408e+06,1.13181e+07,0,0,0,5.38189e+08,97.2219,98.274,4.89373,0,0,2.0641,1.93386,0,1.81834,3.38688,8.61469e+06,4.55002e+06,1.77816e+07,0,0,0,1.44139e+08
61.5787,110.355,5.72996,0.77,0.04,2.73067,3.32948,0,0.511671,6.048,4.14526e+06,3.40408e+06,1.13193e+07,0,0,0,5.38189e+08,97.6428,98.274,5.61907,0,0,2.06427,1.93406,0,1.59472,3.38688,8.61469e+06,4.55002e+06,1.77831e+07,0,0,0,1.44139e+08
67.4526,110.355,9.14492,0.79,0.04,2.73096,3.3298,0,0.511727,6.048,4.14526e+06,3.40408e+06,1.13206e+07,0,0,0,5.38189e+08,99.3022,98.274,11.0172,0,0,2.06445,1.93425,0,1.59486,3.38688,8.61469e+06,4.55002e+06,1.77846e+07,0,0,0,1.44139e+08
69.0252,110.355,4.90297,0.78,0.04,2.73126,3.33013,0,0.511783,6.048,4.14526e+06,3.40408e+06,1.13218e+07,0,0,0,5.38189e+08,99.3022,98.274,4.64982,0,0,2.06462,1.93444,0,1.59499,3.38688,8.61469e+06,4.55002e+06,1.77861e+07,0,0,0,1.44139e+08
71.0476,110.355,5.23402,0.78,0.04,2.73156,3.33046,0,0.511839,6.048,4.14526e+06,3.40408e+06,1.1323e+07,0,0,0,5.38189e+08,99.3022,98.274,3.94141,0,0,2.06479,1.93463,0,1.59513,3.38688,8.61469e+06,4.55002e+06,1.77876e+07,0,0,0,1.44139e+08
72.2535,110.355,4.50845,0.8,0.04,2.84273,3.45249,0,0.511895,6.048,4.14526e+06,3.40408e+06,1.17838e+07,0,0,0,5.38189e+08,99.3022,98.274,3.80847,0,0,2.13586,2.01263,0,1.59526,3.38688,8.61469e+06,4.55002e+06,1.83997e+07,0,0,0,1.44139e+08
72.9129,110.355,3.87092,0.81,0.04,2.84304,3.45283,0,0.532727,6.048,4.14526e+06,3.40408e+06,1.17851e+07,0,0,0,5.38189e+08,99.3022,98.274,3.96369,0,0,2.13604,2.01283,0,1.65016,3.38688,8.61469e+06,4.55002e+06,1.84013e+07,0,0,0,1.44139e+08
73.3064,110.355,3.59781,0.81,0.04,2.84335,3.45317,0,0.532785,6.048,4.14526e+06,3.40408e+06,1.17864e+07,0,0,0,5.38189e+08,99.3022,98.274,4.42487,0,0,2.13622,2.01303,0,1.6503,3.38688,8.61469e+06,4.55002e+06,1.84029e+07,0,0,0,1.44139e+08
73.3438,110.355,3.2028,0.78,0.04,2.84366,3.45351,0,0.532843,6.048,4.14526e+06,3.40408e+06,1.17877e+07,0,0,0,5.38189e+08,99.3022,98.274,4.6864,0,0,2.1364,2.01323,0,1.65044,3.38688,8.61469e+06,4.55002e+06,1.84044e+07,0,0,0,1.44139e+08
72.9676,110.355,2.74951,0.77,0.04,2.8006,3.40625,0,0.532901,6.048,4.14526e+06,3.40408e+06,1.16092e+07,0,0,0,5.38189e+08,99.3022,98.274,4.02235,0,0,2.10904,1.98319,0,1.65058,3.38688,8.61469e+06,4.55002e+06,1.81687e+07,0,0,0,1.44139e+08
73.761,110.355,3.95395,0.8,0.04,2.80091,3.40658,0,0.524833,6.048,4.14526e+06,3.40408e+06,1.16105e+07,0,0,0,5.38189e+08,99.3022,98.274,4.41028,0,0,2.10921,1.98339,0,1.62944,3.38688,8.61469e+06,4.55002e+06,1.81702e+07,0,0,0,1.44139e+08
73.6419,110.355,3.00642,0.76,0.04,2.80121,3.40692,0,0.52489,6.048,4.14526e+06,3.40408e+06,1.16117e+07,0,0,0,5.38189e+08,99.3022,98.274,3.98109,0,0,2.10939,1.98358,0,1.62958,3.38688,8.61469e+06,4.55002e+06,1.81718e+07,0,0,0,1.44139e+08
73.0254,110.355,2.44143,0.76,0.04,2.80152,3.40725,0,0.524947,6.048,4.14526e+06,3.40408e+06,1.1613e+07,0,0,0,5.38189e+08,99.3022,98.274,3.5014,0,0,2.10957,1.98378,0,1.62972,3.38688,8.61469e+06,4.55002e+06,1.81733e+07,0,0,0,1.44139e+08
72.3659,110.355,2.45524,0.79,0.04,2.94908,3.56923,0,0.525004,6.048,4.14526e+06,3.40408e+06,1.22247e+07,0,0,0,5.38189e+08,99.3022,98.274,3.49744,0,0,2.20746,2.09124,0,1.62985,3.38688,8.61469e+06,4.55002e+06,1.90166e+07,0,0,0,1.44139e+08
71.7843,110.355,2.50135,0.78,0.04,2.9494,3.56958,0,0.552657,6.048,4.14526e+06,3.40408e+06,1.2226e+07,0,0,0,5.38189e+08,99.3022,98.274,3.64204,0,0,2.20765,2.09144,0,1.70549,3.38688,8.61469e+06,4.55002e+06,1.90182e+07,0,0,0,1.44139e+08
70.9489,110.355,2.24412,0.77,0.04,2.94972,3.56994,0,0.552717,6.048,4.14526e+06,3.40408e+06,1.22273e+07,0,0,0,5.38189e+08,99.3022,98.274,3.66758,0,0,2.20784,2.09165,0,1.70563,3.38688,8.61469e+06,4.55002e+06,1.90198e+07,0,0,0,1.44139e+08
70.0274,110.355,2.14318,0.77,0.04,2.95004,3.57029,0,0.552777,6.048,4.14526e+06,3.40408e+06,1.22287e+07,0,0,0,5.38189e+08,99.3022,98.274,3.60511,0,0,2.20802,2.09185,0,1.70577,3.38688,8.61469e+06,4.55002e+06,1.90214e+07,0,0,0,1.44139e+08
69.2778,110.355,2.24557,0.71,0.04,2.95036,3.57064,0,0.552837,6.048,4.14526e+06,3.40408e+06,1.223e+07,0,0,0,5.38189e+08,99.3022,98.274,3.5565,0,0,2.20821,2.09206,0,1.70592,3.38688,8.61469e+06,4.55002e+06,1.90231e+07,0,0,0,1.44139e+08
68.7948,110.355,2.475,0.66,0.04,2.92154,3.53901,0,0.552897,6.048,4.14526e+06,3.40408e+06,1.21105e+07,0,0,0,5.38189e+08,99.3022,98.274,3.50284,0,0,2.26213,2.15125,0,1.70606,3.38688,8.61469e+06,4.55002e+06,1.94876e+07,0,0,0,1.44139e+08
68.1561,110.355,2.31382,0.58,0.04,2.92186,3.53936,0,0.547497,6.048,4.14526e+06,3.40408e+06,1.21119e+07,0,0,0,5.38189e+08,99.3022,98.274,3.38714,0,0,2.26232,2.15146,0,1.74772,3.38688,8.61469e+06,4.55002e+06,1.94892e+07,0,0,0,1.44139e+08
67.3158,110.355,2.10476,0.55,0.04,2.92218,3.5397,0,0.547557,6.048,4.14526e+06,3.40408e+06,1.21132e+07,0,0,0,5.38189e+08,99.2863,98.274,3.22166,0,0,2.26252,2.15167,0,1.74787,3.38688,8.61469e+06,4.55002e+06,1.94909e+07,0,0,0,1.44139e+08
66.3087,110.355,1.91301,0.61,0.04,2.9225,3.54005,0,0.547616,6.048,4.14526e+06,3.40408e+06,1.21145e+07,0,0,0,5.38189e+08,99.2094,98.274,2.97693,0,0,2.26271,2.15188,0,1.74802,3.38688,8.61469e+06,4.55002e+06,1.94925e+07,0,0,0,1.44139e+08
65.437,110.355,2.09007,0.6,0.04,2.99808,3.62303,0,0.547676,6.048,4.14526e+06,3.40408e+06,1.24278e+07,0,0,0,5.38189e+08,99.0569,98.274,3.05557,0,0,2.31081,2.20468,0,1.74817,3.38688,8.61469e+06,4.55002e+06,1.99069e+07,0,0,0,1.44139e+08
64.4016,110.355,1.91166,0.53,0.04,2.99841,3.62338,0,0.561841,6.048,4.14526e+06,3.40408e+06,1.24292e+07,0,0,0,5.38189e+08,98.864,98.274,2.96128,0,0,2.31101,2.2049,0,1.78533,3.38688,8.61469e+06,4.55002e+06,1.99086e+07,0,0,0,1.44139e+08
63.206,110.355,1.7317,0.5,0.04,2.99873,3.62374,0,0.561902,6.048,4.14526e+06,3.40408e+06,1.24305e+07,0,0,0,5.38189e+08,98.6235,98.274,3.08924,0,0,2.3112,2.20512,0,1.78548,3.38688,8.61469e+06,4.55002e+06,1.99103e+07,0,0,0,1.44139e+08
62.6952,110.355,2.4163,0.45,0.04,2.99906,3.6241,0,0.561962,6.048,4.14526e+06,3.40408e+06,1.24319e+07,0,0,0,5.38189e+08,98.7307,98.274,4.10755,0,0,2.3114,2.20534,0,1.78564,3.38688,8.61469e+06,4.55002e+06,1.9912e+07,0,0,0,1.44139e+08
61.9205,110.355,2.32316,0.44,0.04,3.21989,3.86652,0,0.562023,6.048,4.14526e+06,3.40408e+06,1.33473e+07,0,0,0,5.38189e+08,98.6845,98.274,3.53835,0,0,2.48458,2.39544,0,1.78579,3.38688,8.61469e+06,4.55002e+06,2.14039e+07,0,0,0,1.44139e+08
60.8211,110.355,1.96371,0.44,0.04,3.22024,3.8669,0,0.603408,6.048,4.14526e+06,3.40408e+06,1.33487e+07,0,0,0,5.38189e+08,98.4968,98.274,3.0546,0,0,2.4848,2.39568,0,1.91959,3.38688,8.61469e+06,4.55002e+06,2.14058e+07,0,0,0,1.44139e+08
59.361,110.355,1.6034,0.48,0.04,3.22059,3.86728,0,0.603473,6.048,4.14526e+06,3.40408e+06,1.33502e+07,0,0,0,5.38189e+08,98.1343,98.274,2.44892,0,0,2.48501,2.39591,0,1.91976,3.38688,8.61469e+06,4.55002e+06,2.14076e+07,0,0,0,1.44139e+08
58.198,110.355,1.87038,0.45,0.04,3.22093,3.86766,0,0.603538,6.048,4.14526e+06,3.40408e+06,1.33516e+07,0,0,0,5.38189e+08,98.112,98.274,3.64692,0,0,2.48523,2.39615,0,1.91992,3.38688,8.61469e+06,4.55002e+06,2.14095e+07,0,0,0,1.44139e+08
57.058,110.355,1.90643,0.46,0.04,3.22128,3.86804,0,0.603603,6.048,4.14526e+06,3.40408e+06,1.3353e+07,0,0,0,5.38189e+08,98.0402,98.274,3.16306,0,0,2.48544,2.39638,0,1.92009,3.38688,8.61469e+06,4.55002e+06,2.14113e+07,0,0,0,1.44139e+08
57.1348,110.355,3.08544,0.47,0.04,3.11411,3.75039,0,0.603668,6.048,4.14526e+06,3.40408e+06,1.29088e+07,0,0,0,5.38189e+08,98.5764,98.274,3.76818,0,0,2.38061,2.28131,0,1.92025,3.38688,8.61469e+06,4.55002e+06,2.05082e+07,0,0,0,1.44139e+08
56.7379,110.355,2.6029,0.49,0.04,3.11444,3.75076,0,0.583583,6.048,4.14526e+06,3.40408e+06,1.29102e+07,0,0,0,5.38189e+08,99.3022,98.274,5.73977,0,0,2.38082,2.28153,0,1.83926,3.38688,8.61469e+06,4.55002e+06,2.051e+07,0,0,0,1.44139e+08
55.985,110.355,2.24153,0.5,0.04,3.11478,3.75113,0,0.583646,6.048,4.14526e+06,3.40408e+06,1.29116e+07,0,0,0,5.38189e+08,99.3022,98.274,3.30254,0,0,2.38102,2.28176,0,1.83942,3.38688,8.61469e+06,4.55002e+06,2.05118e+07,0,0,0,1.44139e+08
55.3202,110.355,2.33044,0.56,0.04,3.11511,3.7515,0,0.583709,6.048,4.14526e+06,3.40408e+06,1.29129e+07,0,0,0,5.38189e+08,99.3022,98.274,3.21046,0,0,2.38123,2.28198,0,1.83958,3.38688,8.61469e+06,4.55002e+06,2.05135e+07,0,0,0,1.44139e+08
55.0759,110.355,2.74616,0.58,0.04,3.02716,3.65494,0,0.583772,6.048,4.14526e+06,3.40408e+06,1.25484e+07,0,0,0,5.38189e+08,99.3022,98.274,2.70956,0,0,2.28577,2.1772,0,1.83973,3.38688,8.61469e+06,4.55002e+06,1.96912e+07,0,0,0,1.44139e+08
56.6593,110.355,4.59756,0.61,0.04,3.02749,3.6553,0,0.56729,6.048,4.14526e+06,3.40408e+06,1.25497e+07,0,0,0,5.38189e+08,99.3022,98.274,3.61458,0,0,2.28597,2.17742,0,1.76599,3.38688,8.61469e+06,4.55002e+06,1.96929e+07,0,0,0,1.44139e+08
57.3859,110.355,3.74931,0.56,0.04,3.02781,3.65566,0,0.567351,6.048,4.14526e+06,3.40408e+06,1.25511e+07,0,0,0,5.38189e+08,99.3022,98.274,4.90318,0,0,2.28616,2.17763,0,1.76614,3.38688,8.61469e+06,4.55002e+06,1.96946e+07,0,0,0,1.44139e+08
57.7422,110.355,3.41146,0.58,0.04,3.02814,3.65602,0,0.567412,6.048,4.14526e+06,3.40408e+06,1.25524e+07,0,0,0,5.38189e+08,99.3022,98.274,3.63239,0,0,2.28636,2.17784,0,1.76629,3.38688,8.61469e+06,4.55002e+06,1.96963e+07,0,0,0,1.44139e+08
60.2056,110.355,5.50713,0.61,0.04,2.77762,3.38102,0,0.567474,6.048,4.14526e+06,3.40408e+06,1.15139e+07,0,0,0,5.38189e+08,99.3022,98.274,4.03563,0,0,2.08725,1.95928,0,1.76644,3.38688,8.61469e+06,4.55002e+06,1.7981e+07,0,0,0,1.44139e+08
60.0066,110.355,2.77695,0.62,0.04,2.77792,3.38135,0,0.520525,6.048,4.14526e+06,3.40408e+06,1.15152e+07,0,0,0,5.38189e+08,99.1281,98.274,3.1724,0,0,2.08743,1.95947,0,1.61261,3.38688,8.61469e+06,4.55002e+06,1.79825e+07,0,0,0,1.44139e+08
59.6668,110.355,2.63811,0.64,0.04,2.77822,3.38168,0,0.520582,6.048,4.14526e+06,3.40408e+06,1.15164e+07,0,0,0,5.38189e+08,99.3022,98.274,2.79507,0,0,2.0876,1.95967,0,1.61275,3.38688,8.61469e+06,4.55002e+06,1.79841e+07,0,0,0,1.44139e+08
60.4754,110.355,3.82137,0.66,0.04,2.77853,3.38201,0,0.520639,6.048,4.14526e+06,3.40408e+06,1.15177e+07,0,0,0,5.38189e+08,99.3022,98.274,3.68469,0,0,2.08778,1.95986,0,1.61288,3.38688,8.61469e+06,4.55002e+06,1.79856e+07,0,0,0,1.44139e+08
61.522,110.355,4.16567,0.7,0.04,2.77883,3.38235,0,0.520696,6.048,4.14526e+06,3.40408e+06,1.1519e+07,0,0,0,5.38189e+08,99.3022,98.274,3.81073,0,0,2.08796,1.96005,0,1.61302,3.38688,8.61469e+06,4.55002e+06,1.79871e+07,0,0,0,1.44139e+08
61.4564,110.355,3.07249,0.71,0.04,2.87565,3.48863,0,0.520752,6.048,4.14526e+06,3.40408e+06,1.19203e+07,0,0,0,5.38189e+08,99.3022,98.274,3.97385,0,0,2.14586,2.02362,0,1.61315,3.38688,8.61469e+06,4.55002e+06,1.84859e+07,0,0,0,1.44139e+08
62.4881,110.355,4.20771,0.71,0.04,2.87594,3.48894,0,0.538897,6.048,4.14526e+06,3.40408e+06,1.19215e+07,0,0,0,5.38189e+08,99.3022,98.274,4.83668,0,0,2.14603,2.0238,0,1.65789,3.38688,8.61469e+06,4.55002e+06,1.84873e+07,0,0,0,1.44139e+08
68.3256,110.355,9.05675,0.69,0.04,2.87622,3.48925,0,0.53895,6.048,4.14526e+06,3.40408e+06,1.19227e+07,0,0,0,5.38189e+08,99.3022,98.274,6.74047,0,0,2.14619,2.02398,0,1.65802,3.38688,8.61469e+06,4.55002e+06,1.84888e+07,0,0,0,1.44139e+08
78.2548,110.355,13.3675,0.67,0.04,2.8765,3.48957,0,0.539004,6.048,4.14526e+06,3.40408e+06,1.19238e+07,0,0,0,5.38189e+08,99.3022,98.274,8.37904,0,0,2.14636,2.02416,0,1.65815,3.38688,8.61469e+06,4.55002e+06,1.84902e+07,0,0,0,1.44139e+08
84.6077,110.355,10.3209,0.63,0.04,3.18688,3.83027,0,0.539057,6.048,4.14526e+06,3.40408e+06,1.32104e+07,0,0,0,5.38189e+08,99.3022,98.274,7.79859,0,0,2.36335,2.26236,0,1.65827,3.38688,8.61469e+06,4.55002e+06,2.03595e+07,0,0,0,1.44139e+08
90.7838,110.355,10.1466,0.45,0.04,3.18719,3.83061,0,0.597221,6.048,4.14526e+06,3.40408e+06,1.32117e+07,0,0,0,5.38189e+08,99.3022,98.274,8.18609,0,0,2.36353,2.26256,0,1.82592,3.38688,8.61469e+06,4.55002e+06,2.03611e+07,0,0,0,1.44139e+08
100.553,110.355,14.4293,0.37,0.04,3.52856,3.83096,0,0.597279,6.048,4.14526e+06,2.70226e+06,1.46268e+07,0,0,0,5.38189e+08,99.3022,98.274,12.7926,0,0,2.56516,2.26276,0,1.82607,3.38688,8.61469e+06,3.61194e+06,2.20981e+07,0,0,0,1.44139e+08
110.355,110.355,14.6693,0.31,0.04,3.5289,3.8313,0,0.661251,6.048,4.14526e+06,2.70226e+06,1.46282e+07,0,0,0,5.38189e+08,99.3022,98.274,14.9121,0,0,2.56536,2.26296,0,1.98184,3.38688,8.61469e+06,3.61194e+06,2.20998e+07,0,0,0,1.44139e+08
110.355,110.355,8.42501,0.17,0.04,3.04356,3.34596,0,0.661316,6.048,4.14526e+06,2.70226e+06,1.26163e+07,0,0,0,5.38189e+08,99.3022,98.274,8.93044,0,0,2.24603,1.94363,0,1.982,3.38688,8.61469e+06,3.61194e+06,1.93488e+07,0,0,0,1.44139e+08
110.355,110.355,8.20932,0.19,0.04,3.04385,3.34625,0,0.570362,6.048,4.14526e+06,2.70226e+06,1.26176e+07,0,0,0,5.38189e+08,99.3022,98.274,9.97634,0,0,2.2462,1.9438,0,1.73528,3.38688,8.61469e+06,3.61194e+06,1.93503e+07,0,0,0,1.44139e+08
110.355,110.355,12.0288,0.2,0.04,3.04415,3.34655,0,0.570418,6.048,4.14526e+06,2.70226e+06,1.26188e+07,0,0,0,5.38189e+08,99.3022,98.274,18.6253,0,0,2.24637,1.94397,0,1.73542,3.38688,8.61469e+06,3.61194e+06,1.93518e+07,0,0,0,1.44139e+08
110.355,110.355,8.62896,0.21,0.04,3.04445,3.34685,0,0.570474,6.048,4.14526e+06,2.70226e+06,1.262e+07,0,0,0,5.38189e+08,99.3022,98.274,11.3877,0,0,2.24655,1.94415,0,1.73555,3.38688,8.61469e+06,3.61194e+06,1.93533e+07,0,0,0,1.44139e+08
110.355,110.355,6.96272,0.22,0.04,3.04475,3.34715,0,0.57053,6.048,4.14526e+06,2.70226e+06,1.26213e+07,0,0,0,5.38189e+08,99.3022,98.274,9.10318,0,0,2.24672,1.94432,0,1.73568,3.38688,8.61469e+06,3.61194e+06,1.93548e+07,0,0,0,1.44139e+08
110.355,110.355,7.80164,0.21,0.04,3.16736,3.46976,0,0.570586,6.048,4.14526e+06,2.70226e+06,1.31295e+07,0,0,0,5.38189e+08,99.3022,98.274,10.2256,0,0,2.3251,2.0227,0,1.73582,3.38688,8.61469e+06,3.61194e+06,2.003e+07,0,0,0,1.44139e+08
110.355,110.355,6.13081,0.2,0.04,3.16767,3.47007,0,0.593563,6.048,4.14526e+06,2.70226e+06,1.31308e+07,0,0,0,5.38189e+08,99.3022,98.274,8.55167,0,0,2.32528,2.02288,0,1.79637,3.38688,8.61469e+06,3.61194e+06,2.00316e+07,0,0,0,1.44139e+08
110.355,110.355,4.86116,0.19,0.04,3.16798,3.47038,0,0.593621,6.048,4.14526e+06,2.70226e+06,1.31321e+07,0,0,0,5.38189e+08,99.3022,98.274,6.65701,0,0,2.32546,2.02306,0,1.79651,3.38688,8.61469e+06,3.61194e+06,2.00331e+07,0,0,0,1.44139e+08
110.355,110.355,4.3847,0.18,0.04,3.16829,3.47069,0,0.593679,6.048,4.14526e+06,2.70226e+06,1.31334e+07,0,0,0,5.38189e+08,99.3022,98.274,5.90953,0,0,2.32564,2.02324,0,1.79665,3.38688,8.61469e+06,3.61194e+06,2.00347e+07,0,0,0,1.44139e+08
110.355,110.355,4.32632,0.18,0.04,3.12076,3.42316,0,0.593737,6.048,4.14526e+06,2.70226e+06,1.29363e+07,0,0,0,5.38189e+08,99.3022,98.274,5.37459,0,0,2.29544,1.99304,0,1.79679,3.38688,8.61469e+06,3.61194e+06,1.97745e+07,0,0,0,1.44139e+08
110.355,110.355,3.83605,0.17,0.04,3.12106,3.42346,0,0.58483,6.048,4.14526e+06,2.70226e+06,1.29376e+07,0,0,0,5.38189e+08,99.3022,98.274,5.88316,0,0,2.29562,1.99322,0,1.77346,3.38688,8.61469e+06,3.61194e+06,1.9776e+07,0,0,0,1.44139e+08
110.013,110.355,3.46568,0.17,0.04,3.12137,3.42377,0,0.584887,6.048,4.14526e+06,2.70226e+06,1.29389e+07,0,0,0,5.38189e+08,99.3022,98.274,5.14115,0,0,2.29579,1.99339,0,1.77359,3.38688,8.61469e+06,3.61194e+06,1.97776e+07,0,0,0,1.44139e+08
110.255,110.355,4.0449,0.18,0.04,3.12167,3.42407,0,0.584945,6.048,4.14526e+06,2.70226e+06,1.29401e+07,0,0,0,5.38189e+08,99.3022,98.274,5.24449,0,0,2.29597,1.99357,0,1.77373,3.38688,8.61469e+06,3.61194e+06,1.97791e+07,0,0,0,1.44139e+08
109.871,110.355,3.4282,0.18,0.04,3.28442,3.58682,0,0.585002,6.048,4.14526e+06,2.70226e+06,1.36148e+07,0,0,0,5.38189e+08,99.3022,98.274,4.86318,0,0,2.40394,2.10154,0,1.77387,3.38688,8.61469e+06,3.61194e+06,2.07092e+07,0,0,0,1.44139e+08
109.214,110.355,3.09831,0.17,0.04,3.28474,3.58714,0,0.615501,6.048,4.14526e+06,2.70226e+06,1.36161e+07,0,0,0,5.38189e+08,99.3022,98.274,4.33535,0,0,2.40413,2.10173,0,1.85729,3.38688,8.61469e+06,3.61194e+06,2.07108e+07,0,0,0,1.44139e+08
108.504,110.355,3.03243,0.15,0.04,3.28506,3.58746,0,0.615561,6.048,4.14526e+06,2.70226e+06,1.36174e+07,0,0,0,5.38189e+08,99.2892,98.274,3.93382,0,0,2.40432,2.10192,0,1.85743,3.38688,8.61469e+06,3.61194e+06,2.07124e+07,0,0,0,1.44139e+08
107.443,110.355,2.64935,0.15,0.04,3.28538,3.58778,0,0.615621,6.048,4.14526e+06,2.70226e+06,1.36188e+07,0,0,0,5.38189e+08,99.2085,98.274,3.68601,0,0,2.40451,2.10211,0,1.85758,3.38688,8.61469e+06,3.61194e+06,2.07141e+07,0,0,0,1.44139e+08
106.288,110.355,2.46511,0.14,0.04,3.2857,3.5881,0,0.615681,6.048,4.14526e+06,2.70226e+06,1.36201e+07,0,0,0,5.38189e+08,99.1482,98.274,3.61017,0,0,2.40469,2.10229,0,1.85772,3.38688,8.61469e+06,3.61194e+06,2.07157e+07,0,0,0,1.44139e+08
105.044,110.355,2.33422,0.2,0.04,3.25388,3.55628,0,0.615741,6.048,4.14526e+06,2.70226e+06,1.34882e+07,0,0,0,5.38189e+08,99.2162,98.274,3.61711,0,0,2.46415,2.16175,0,1.85787,3.38688,8.61469e+06,3.61194e+06,2.12279e+07,0,0,0,1.44139e+08
103.721,110.355,2.20586,0.2,0.04,3.2542,3.5566,0,0.609778,6.048,4.14526e+06,2.70226e+06,1.34895e+07,0,0,0,5.38189e+08,99.206,98.274,3.50029,0,0,2.46434,2.16194,0,1.9038,3.38688,8.61469e+06,3.61194e+06,2.12296e+07,0,0,0,1.44139e+08
102.3,110.355,2.08895,0.2,0.04,3.25452,3.55692,0,0.609837,6.048,4.14526e+06,2.70226e+06,1.34908e+07,0,0,0,5.38189e+08,99.1063,98.274,3.32649,0,0,2.46454,2.16214,0,1.90395,3.38688,8.61469e+06,3.61194e+06,2.12312e+07,0,0,0,1.44139e+08
100.742,110.355,1.9385,0.21,0.04,3.25484,3.55724,0,0.609897,6.048,4.14526e+06,2.70226e+06,1.34921e+07,0,0,0,5.38189e+08,98.9213,98.274,3.10413,0,0,2.46473,2.16233,0,1.9041,3.38688,8.61469e+06,3.61194e+06,2.12329e+07,0,0,0,1.44139e+08
98.9462,110.355,1.76119,0.22,0.04,3.33818,3.64058,0,0.609956,6.048,4.14526e+06,2.70226e+06,1.38376e+07,0,0,0,5.38189e+08,98.7939,98.274,3.3672,0,0,2.51777,2.21537,0,1.90425,3.38688,8.61469e+06,3.61194e+06,2.16898e+07,0,0,0,1.44139e+08
97.1038,110.355,1.66185,0.22,0.04,3.3385,3.6409,0,0.625575,6.048,4.14526e+06,2.70226e+06,1.3839e+07,0,0,0,5.38189e+08,98.596,98.274,3.09627,0,0,2.51796,2.21556,0,1.94523,3.38688,8.61469e+06,3.61194e+06,2.16915e+07,0,0,0,1.44139e+08
95.2444,110.355,1.62991,0.23,0.04,3.33883,3.64123,0,0.625636,6.048,4.14526e+06,2.70226e+06,1.38403e+07,0,0,0,5.38189e+08,98.3082,98.274,3.31063,0,0,2.51816,2.21576,0,1.94538,3.38688,8.61469e+06,3.61194e+06,2.16932e+07,0,0,0,1.44139e+08
93.5951,110.355,1.85279,0.25,0.04,3.33915,3.64155,0,0.625697,6.048,4.14526e+06,2.70226e+06,1.38417e+07,0,0,0,5.38189e+08,98.1931,98.274,3.31099,0,0,2.51836,2.21596,0,1.94553,3.38688,8.61469e+06,3.61194e+06,2.16949e+07,0,0,0,1.44139e+08
91.2829,110.355,1.38963,0.25,0.04,3.5827,3.8851,0,0.625758,6.048,4.14526e+06,2.70226e+06,1.48512e+07,0,0,0,5.38189e+08,97.9489,98.274,3.05436,0,0,2.70936,2.40696,0,1.94568,3.38688,8.61469e+06,3.61194e+06,2.33403e+07,0,0,0,1.44139e+08
88.7141,110.355,1.13776,0.25,0.04,3.58305,3.88545,0,0.671399,6.048,4.14526e+06,2.70226e+06,1.48527e+07,0,0,0,5.38189e+08,97.7727,98.274,3.12858,0,0,2.70957,2.40717,0,2.09325,3.38688,8.61469e+06,3.61194e+06,2.33421e+07,0,0,0,1.44139e+08
86.4173,110.355,1.3891,0.26,0.04,3.5834,3.8858,0,0.671464,6.048,4.14526e+06,2.70226e+06,1.48541e+07,0,0,0,5.38189e+08,97.6502,98.274,3.57105,0,0,2.70979,2.40739,0,2.09342,3.38688,8.61469e+06,3.61194e+06,2.3344e+07,0,0,0,1.44139e+08
83.8166,110.355,1.06666,0.26,0.04,3.58374,3.88614,0,0.671529,6.048,4.14526e+06,2.70226e+06,1.48555e+07,0,0,0,5.38189e+08,97.441,98.274,3.09035,0,0,2.71,2.4076,0,2.09358,3.38688,8.61469e+06,3.61194e+06,2.33458e+07,0,0,0,1.44139e+08
81.2557,110.355,1.0593,0.28,0.04,3.58409,3.88649,0,0.671594,6.048,4.14526e+06,2.70226e+06,1.4857e+07,0,0,0,5.38189e+08,97.2542,98.274,3.04215,0,0,2.71022,2.40782,0,2.09375,3.38688,8.61469e+06,3.61194e+06,2.33477e+07,0,0,0,1.44139e+08
79.064,110.355,1.38152,0.28,0.04,3.46585,3.76825,0,0.671659,6.048,4.14526e+06,2.70226e+06,1.43668e+07,0,0,0,5.38189e+08,97.2198,98.274,3.30869,0,0,2.59457,2.29217,0,2.09391,3.38688,8.61469e+06,3.61194e+06,2.23514e+07,0,0,0,1.44139e+08
77.2158,110.355,1.77989,0.29,0.04,3.46618,3.76858,0,0.6495,6.048,4.14526e+06,2.70226e+06,1.43682e+07,0,0,0,5.38189e+08,97.2975,98.274,3.52779,0,0,2.59478,2.29238,0,2.00457,3.38688,8.61469e+06,3.61194e+06,2.23532e+07,0,0,0,1.44139e+08
74.9339,110.355,1.24991,0.34,0.04,3.46652,3.76892,0,0.649563,6.048,4.14526e+06,2.70226e+06,1.43696e+07,0,0,0,5.38189e+08,97.2344,98.274,3.24193,0,0,2.59498,2.29258,0,2.00472,3.38688,8.61469e+06,3.61194e+06,2.23549e+07,0,0,0,1.44139e+08
72.6627,110.355,1.22309,0.35,0.04,3.46685,3.76925,0,0.649626,6.048,4.14526e+06,2.70226e+06,1.4371e+07,0,0,0,5.38189e+08,97.2373,98.274,3.24922,0,0,2.59518,2.29278,0,2.00488,3.38688,8.61469e+06,3.61194e+06,2.23567e+07,0,0,0,1.44139e+08
70.5855,110.355,1.12307,0.42,0.04,3.04289,3.67221,0,0.649689,6.048,4.14526e+06,3.40408e+06,1.26136e+07,0,0,0,5.38189e+08,97.1316,98.274,2.68343,0,0,2.29514,2.18749,0,2.00504,3.38688,8.61469e+06,4.55002e+06,1.9772e+07,0,0,0,1.44139e+08
69.7756,110.355,2.43458,0.42,0.04,3.04319,3.67254,0,0.570238,6.048,4.14526e+06,3.40408e+06,1.26148e+07,0,0,0,5.38189e+08,97.0535,98.274,2.41018,0,0,2.29532,2.18768,0,1.77323,3.38688,8.61469e+06,4.55002e+06,1.97735e+07,0,0,0,1.44139e+08
71.3246,110.355,4.86901,0.42,0.04,3.04349,3.67287,0,0.570294,6.048,4.14526e+06,3.40408e+06,1.2616e+07,0,0,0,5.38189e+08,97.8987,98.274,5.25022,0,0,2.2955,2.18788,0,1.77337,3.38688,8.61469e+06,4.55002e+06,1.9775e+07,0,0,0,1.44139e+08
71.2984,110.355,3.22265,0.42,0.04,3.04379,3.6732,0,0.570349,6.048,4.14526e+06,3.40408e+06,1.26173e+07,0,0,0,5.38189e+08,98.6841,98.274,5.07314,0,0,2.29568,2.18807,0,1.7735,3.38688,8.61469e+06,4.55002e+06,1.97766e+07,0,0,0,1.44139e+08
72.2849,110.355,4.23852,0.44,0.04,2.79206,3.39686,0,0.570405,6.048,4.14526e+06,3.40408e+06,1.15738e+07,0,0,0,5.38189e+08,98.9879,98.274,4.27253,0,0,2.09562,1.96846,0,1.77364,3.38688,8.61469e+06,4.55002e+06,1.80531e+07,0,0,0,1.44139e+08
75.7443,110.355,6.83328,0.47,0.04,2.79233,3.39717,0,0.523231,6.048,4.14526e+06,3.40408e+06,1.15749e+07,0,0,0,5.38189e+08,99.3022,98.274,7.31083,0,0,2.09578,1.96864,0,1.61908,3.38688,8.61469e+06,4.55002e+06,1.80545e+07,0,0,0,1.44139e+08
78.2741,110.355,5.91881,0.43,0.04,2.79261,3.39747,0,0.523283,6.048,4.14526e+06,3.40408e+06,1.15761e+07,0,0,0,5.38189e+08,99.3022,98.274,6.44684,0,0,2.09594,1.96882,0,1.6192,3.38688,8.61469e+06,4.55002e+06,1.80559e+07,0,0,0,1.44139e+08
80.5376,110.355,5.69784,0.44,0.04,2.79288,3.39777,0,0.523335,6.048,4.14526e+06,3.40408e+06,1.15772e+07,0,0,0,5.38189e+08,99.3022,98.274,6.41299,0,0,2.0961,1.96899,0,1.61932,3.38688,8.61469e+06,4.55002e+06,1.80572e+07,0,0,0,1.44139e+08
84.898,110.355,7.81421,0.4,0.04,2.79316,3.39808,0,0.523386,6.048,4.14526e+06,3.40408e+06,1.15784e+07,0,0,0,5.38189e+08,99.3022,98.274,8.26178,0,0,2.09626,1.96917,0,1.61945,3.38688,8.61469e+06,4.55002e+06,1.80586e+07,0,0,0,1.44139e+08
87.9907,110.355,7.01292,0.38,0.04,3.20242,3.50482,0,0.523438,6.048,4.14526e+06,2.70226e+06,1.32749e+07,0,0,0,5.38189e+08,99.3022,98.274,9.52135,0,0,2.33541,2.03301,0,1.61957,3.38688,8.61469e+06,3.61194e+06,2.01188e+07,0,0,0,1.44139e+08
96.7731,110.355,12.8047,0.4,0.04,2.89066,3.50511,0,0.600134,6.048,4.14526e+06,3.40408e+06,1.19825e+07,0,0,0,5.38189e+08,99.3022,98.274,16.0729,0,0,2.15457,2.03317,0,1.80434,3.38688,8.61469e+06,4.55002e+06,1.85609e+07,0,0,0,1.44139e+08
101.23,110.355,8.70589,0.26,0.04,3.20299,3.50539,0,0.54171,6.048,4.14526e+06,2.70226e+06,1.32772e+07,0,0,0,5.38189e+08,99.3022,98.274,11.9823,0,0,2.33574,2.03334,0,1.66462,3.38688,8.61469e+06,3.61194e+06,2.01216e+07,0,0,0,1.44139e+08
105.735,110.355,8.8209,0.26,0.04,3.20327,3.50567,0,0.60024,6.048,4.14526e+06,2.70226e+06,1.32784e+07,0,0,0,5.38189e+08,99.3022,98.274,13.204,0,0,2.3359,2.0335,0,1.80459,3.38688,8.61469e+06,3.61194e+06,2.0123e+07,0,0,0,1.44139e+08
109.697,110.355,8.71603,0.18,0.04,3.54551,3.84791,0,0.600292,6.048,4.14526e+06,2.70226e+06,1.46971e+07,0,0,0,5.38189e+08,99.3022,98.274,12.8961,0,0,2.57518,2.27278,0,1.80472,3.38688,8.61469e+06,3.61194e+06,2.21843e+07,0,0,0,1.44139e+08
110.355,110.355,5.85281,0.11,0.04,3.54582,3.84822,0,0.664429,6.048,4.14526e+06,2.70226e+06,1.46983e+07,0,0,0,5.38189e+08,99.3022,98.274,12.7162,0,0,2.57536,2.27296,0,1.98958,3.38688,8.61469e+06,3.61194e+06,2.21859e+07,0,0,0,1.44139e+08
110.086,110.355,4.05938,0.11,0.04,3.54613,3.84853,0,0.664487,6.048,4.14526e+06,2.70226e+06,1.46996e+07,0,0,0,5.38189e+08,99.3022,98.274,7.10253,0,0,2.57554,2.27314,0,1.98972,3.38688,8.61469e+06,3.61194e+06,2.21875e+07,0,0,0,1.44139e+08
109.181,110.355,3.3381,0.14,0.04,3.54644,3.84884,0,0.664545,6.048,4.14526e+06,2.70226e+06,1.47009e+07,0,0,0,5.38189e+08,99.3022,98.274,6.00001,0,0,2.57572,2.27332,0,1.98986,3.38688,8.61469e+06,3.61194e+06,2.21891e+07,0,0,0,1.44139e+08
110.355,110.355,5.18074,0.15,0.04,3.05884,3.36124,0,0.664602,6.048,4.14526e+06,2.70226e+06,1.26797e+07,0,0,0,5.38189e+08,99.3022,98.274,8.02688,0,0,2.25491,1.95251,0,1.99,3.38688,8.61469e+06,3.61194e+06,1.94253e+07,0,0,0,1.44139e+08
110.355,110.355,5.76075,0.17,0.04,3.05911,3.36151,0,0.573227,6.048,4.14526e+06,2.70226e+06,1.26808e+07,0,0,0,5.38189e+08,99.3022,98.274,8.51131,0,0,2.25506,1.95266,0,1.74214,3.38688,8.61469e+06,3.61194e+06,1.94267e+07,0,0,0,1.44139e+08
110.355,110.355,7.22373,0.19,0.04,3.05938,3.36178,0,0.573278,6.048,4.14526e+06,2.70226e+06,1.26819e+07,0,0,0,5.38189e+08,99.3022,98.274,10.8951,0,0,2.25522,1.95282,0,1.74226,3.38688,8.61469e+06,3.61194e+06,1.9428e+07,0,0,0,1.44139e+08
110.355,110.355,9.8099,0.19,0.04,3.05965,3.36205,0,0.573328,6.048,4.14526e+06,2.70226e+06,1.2683e+07,0,0,0,5.38189e+08,99.3022,98.274,14.8448,0,0,2.25538,1.95298,0,1.74238,3.38688,8.61469e+06,3.61194e+06,1.94294e+07,0,0,0,1.44139e+08
110.355,110.355,8.29254,0.2,0.04,3.05992,3.36232,0,0.573379,6.048,4.14526e+06,2.70226e+06,1.26842e+07,0,0,0,5.38189e+08,99.3022,98.274,11.7064,0,0,2.25553,1.95313,0,1.7425,3.38688,8.61469e+06,3.61194e+06,1.94307e+07,0,0,0,1.44139e+08
110.355,110.355,5.38189,0.21,0.04,3.18305,3.48545,0,0.573429,6.048,4.14526e+06,2.70226e+06,1.31946e+07,0,0,0,5.38189e+08,99.3022,98.274,9.40678,0,0,2.33425,2.03185,0,1.74263,3.38688,8.61469e+06,3.61194e+06,2.01088e+07,0,0,0,1.44139e+08
110.355,110.355,4.22784,0.2,0.04,3.18333,3.48573,0,0.596504,6.048,4.14526e+06,2.70226e+06,1.31957e+07,0,0,0,5.38189e+08,99.3022,98.274,7.85744,0,0,2.33441,2.03201,0,1.80344,3.38688,8.61469e+06,3.61194e+06,2.01102e+07,0,0,0,1.44139e+08
109.794,110.355,3.35119,0.18,0.04,3.18361,3.48601,0,0.596556,6.048,4.14526e+06,2.70226e+06,1.31969e+07,0,0,0,5.38189e+08,99.3022,98.274,6.11101,0,0,2.33458,2.03218,0,1.80357,3.38688,8.61469e+06,3.61194e+06,2.01116e+07,0,0,0,1.44139e+08
108.985,110.355,3.02252,0.17,0.04,3.18389,3.48629,0,0.596609,6.048,4.14526e+06,2.70226e+06,1.3198e+07,0,0,0,5.38189e+08,99.3022,98.274,5.43025,0,0,2.33474,2.03234,0,1.80369,3.38688,8.61469e+06,3.61194e+06,2.0113e+07,0,0,0,1.44139e+08
108.393,110.355,3.14834,0.17,0.04,3.13612,3.43852,0,0.596661,6.048,4.14526e+06,2.70226e+06,1.3e+07,0,0,0,5.38189e+08,99.3022,98.274,4.97875,0,0,2.30438,2.00198,0,1.80382,3.38688,8.61469e+06,3.61194e+06,1.98515e+07,0,0,0,1.44139e+08
107.604,110.355,2.91921,0.17,0.04,3.13639,3.43879,0,0.587708,6.048,4.14526e+06,2.70226e+06,1.30011e+07,0,0,0,5.38189e+08,99.3022,98.274,4.30545,0,0,2.30454,2.00214,0,1.78036,3.38688,8.61469e+06,3.61194e+06,1.98529e+07,0,0,0,1.44139e+08
107.312,110.355,3.40577,0.17,0.04,3.13667,3.43907,0,0.58776,6.048,4.14526e+06,2.70226e+06,1.30023e+07,0,0,0,5.38189e+08,99.3022,98.274,4.37522,0,0,2.3047,2.0023,0,1.78049,3.38688,8.61469e+06,3.61194e+06,1.98543e+07,0,0,0,1.44139e+08
106.454,110.355,2.71902,0.17,0.04,3.13694,3.43934,0,0.587811,6.048,4.14526e+06,2.70226e+06,1.30034e+07,0,0,0,5.38189e+08,99.3022,98.274,4.17853,0,0,2.30486,2.00246,0,1.78061,3.38688,8.61469e+06,3.61194e+06,1.98557e+07,0,0,0,1.44139e+08
105.411,110.355,2.55726,0.2,0.04,3.30038,3.60278,0,0.587863,6.048,4.14526e+06,2.70226e+06,1.36809e+07,0,0,0,5.38189e+08,99.3022,98.274,3.79938,0,0,2.41329,2.11089,0,1.78074,3.38688,8.61469e+06,3.61194e+06,2.07898e+07,0,0,0,1.44139e+08
104.279,110.355,2.50512,0.2,0.04,3.30067,3.60307,0,0.618492,6.048,4.14526e+06,2.70226e+06,1.36821e+07,0,0,0,5.38189e+08,99.3022,98.274,3.67802,0,0,2.41346,2.11106,0,1.86451,3.38688,8.61469e+06,3.61194e+06,2.07912e+07,0,0,0,1.44139e+08
103.09,110.355,2.43109,0.2,0.04,3.30096,3.60336,0,0.618546,6.048,4.14526e+06,2.70226e+06,1.36833e+07,0,0,0,5.38189e+08,99.3022,98.274,3.36009,0,0,2.41363,2.11123,0,1.86464,3.38688,8.61469e+06,3.61194e+06,2.07927e+07,0,0,0,1.44139e+08
101.648,110.355,2.1334,0.2,0.04,3.30125,3.60365,0,0.6186,6.048,4.14526e+06,2.70226e+06,1.36845e+07,0,0,0,5.38189e+08,99.3022,98.274,3.14837,0,0,2.4138,2.1114,0,1.86477,3.38688,8.61469e+06,3.61194e+06,2.07942e+07,0,0,0,1.44139e+08
100.134,110.355,1.98636,0.19,0.04,3.30154,3.60394,0,0.618654,6.048,4.14526e+06,2.70226e+06,1.36857e+07,0,0,0,5.38189e+08,99.3022,98.274,3.15762,0,0,2.41397,2.11157,0,1.8649,3.38688,8.61469e+06,3.61194e+06,2.07956e+07,0,0,0,1.44139e+08
98.4929,110.355,1.8394,0.21,0.04,3.26955,3.57195,0,0.618708,6.048,4.14526e+06,2.70226e+06,1.35531e+07,0,0,0,5.38189e+08,99.3022,98.274,3.71054,0,0,2.47367,2.17127,0,1.86503,3.38688,8.61469e+06,3.61194e+06,2.13099e+07,0,0,0,1.44139e+08
96.6637,110.355,1.62935,0.21,0.04,3.26983,3.57223,0,0.612713,6.048,4.14526e+06,2.70226e+06,1.35543e+07,0,0,0,5.38189e+08,99.3022,98.274,3.32936,0,0,2.47385,2.17145,0,1.91116,3.38688,8.61469e+06,3.61194e+06,2.13114e+07,0,0,0,1.44139e+08
94.7341,110.355,1.50806,0.2,0.04,3.27012,3.57252,0,0.612767,6.048,4.14526e+06,2.70226e+06,1.35555e+07,0,0,0,5.38189e+08,99.3022,98.274,3.12526,0,0,2.47402,2.17162,0,1.91129,3.38688,8.61469e+06,3.61194e+06,2.13129e+07,0,0,0,1.44139e+08
92.7763,110.355,1.45804,0.23,0.04,3.27041,3.57281,0,0.61282,6.048,4.14526e+06,2.70226e+06,1.35567e+07,0,0,0,5.38189e+08,99.3022,98.274,2.90667,0,0,2.47419,2.17179,0,1.91143,3.38688,8.61469e+06,3.61194e+06,2.13144e+07,0,0,0,1.44139e+08
90.5938,110.355,1.26964,0.22,0.04,3.35408,3.65648,0,0.612874,6.048,4.14526e+06,2.70226e+06,1.39035e+07,0,0,0,5.38189e+08,99.2939,98.274,2.83483,0,0,2.52744,2.22504,0,1.91156,3.38688,8.61469e+06,3.61194e+06,2.17731e+07,0,0,0,1.44139e+08
88.5608,110.355,1.41619,0.22,0.04,3.35437,3.65677,0,0.628555,6.048,4.14526e+06,2.70226e+06,1.39047e+07,0,0,0,5.38189e+08,99.3022,98.274,3.65141,0,0,2.52762,2.22522,0,1.9527,3.38688,8.61469e+06,3.61194e+06,2.17747e+07,0,0,0,1.44139e+08
86.4231,110.355,1.27771,0.24,0.04,3.35467,3.65707,0,0.62861,6.048,4.14526e+06,2.70226e+06,1.3906e+07,0,0,0,5.38189e+08,99.3022,98.274,3.4382,0,0,2.5278,2.2254,0,1.95284,3.38688,8.61469e+06,3.61194e+06,2.17762e+07,0,0,0,1.44139e+08
84.1915,110.355,1.16406,0.24,0.04,3.35496,3.65736,0,0.628665,6.048,4.14526e+06,2.70226e+06,1.39072e+07,0,0,0,5.38189e+08,99.3022,98.274,3.01255,0,0,2.52798,2.22558,0,1.95298,3.38688,8.61469e+06,3.61194e+06,2.17777e+07,0,0,0,1.44139e+08
81.8268,110.355,1.19917,0.25,0.04,3.59953,3.90193,0,0.62872,6.048,4.14526e+06,2.70226e+06,1.4921e+07,0,0,0,5.38189e+08,99.3022,98.274,3.65808,0,0,2.71978,2.41738,0,1.95311,3.38688,8.61469e+06,3.61194e+06,2.34301e+07,0,0,0,1.44139e+08
79.259,110.355,1.00251,0.25,0.04,3.59985,3.90225,0,0.674552,6.048,4.14526e+06,2.70226e+06,1.49223e+07,0,0,0,5.38189e+08,99.3022,98.274,3.13768,0,0,2.71998,2.41758,0,2.1013,3.38688,8.61469e+06,3.61194e+06,2.34318e+07,0,0,0,1.44139e+08
76.7198,110.355,1.0098,0.25,0.04,3.60016,3.90256,0,0.674611,6.048,4.14526e+06,2.70226e+06,1.49236e+07,0,0,0,5.38189e+08,99.3022,98.274,3.24001,0,0,2.72017,2.41777,0,2.10145,3.38688,8.61469e+06,3.61194e+06,2.34334e+07,0,0,0,1.44139e+08
74.3852,110.355,1.19179,0.29,0.04,3.60047,3.90287,0,0.67467,6.048,4.14526e+06,2.70226e+06,1.49249e+07,0,0,0,5.38189e+08,99.3022,98.274,3.42312,0,0,2.72036,2.41796,0,2.1016,3.38688,8.61469e+06,3.61194e+06,2.34351e+07,0,0,0,1.44139e+08
71.783,110.355,0.904869,0.3,0.04,3.60078,3.90318,0,0.674728,6.048,4.14526e+06,2.70226e+06,1.49262e+07,0,0,0,5.38189e+08,99.3022,98.274,3.03783,0,0,2.72056,2.41816,0,2.10175,3.38688,8.61469e+06,3.61194e+06,2.34368e+07,0,0,0,1.44139e+08
69.2344,110.355,0.827331,0.35,0.04,3.482,3.7844,0,0.674787,6.048,4.14526e+06,2.70226e+06,1.44338e+07,0,0,0,5.38189e+08,99.1439,98.274,2.58188,0,0,2.60439,2.30199,0,2.1019,3.38688,8.61469e+06,3.61194e+06,2.2436e+07,0,0,0,1.44139e+08
66.6566,110.355,0.739243,0.36,0.04,3.4823,3.7847,0,0.652526,6.048,4.14526e+06,2.70226e+06,1.4435e+07,0,0,0,5.38189e+08,99.0787,98.274,2.17549,0,0,2.60458,2.30218,0,2.01216,3.38688,8.61469e+06,3.61194e+06,2.24376e+07,0,0,0,1.44139e+08
65.431,110.355,1.89786,0.4,0.04,3.14564,3.785,0,0.652583,6.048,4.14526e+06,3.40408e+06,1.30395e+07,0,0,0,5.38189e+08,99.3022,98.274,5.01678,0,0,2.39979,2.30236,0,2.0123,3.38688,8.61469e+06,4.55002e+06,2.06735e+07,0,0,0,1.44139e+08
63.7055,110.355,1.45099,0.43,0.04,3.14591,3.78531,0,0.589493,6.048,4.14526e+06,3.40408e+06,1.30406e+07,0,0,0,5.38189e+08,99.3022,98.274,3.06609,0,0,2.39996,2.30255,0,1.85408,3.38688,8.61469e+06,4.55002e+06,2.06749e+07,0,0,0,1.44139e+08
62.8175,110.355,2.1134,0.43,0.04,3.05711,3.68782,0,0.589544,6.048,4.14526e+06,3.40408e+06,1.26725e+07,0,0,0,5.38189e+08,99.2025,98.274,2.87387,0,0,2.30361,2.19678,0,1.85421,3.38688,8.61469e+06,4.55002e+06,1.98449e+07,0,0,0,1.44139e+08
62.0747,110.355,2.34106,0.43,0.04,3.05737,3.68811,0,0.572901,6.048,4.14526e+06,3.40408e+06,1.26736e+07,0,0,0,5.38189e+08,98.5105,98.274,2.04986,0,0,2.30377,2.19696,0,1.77977,3.38688,8.61469e+06,4.55002e+06,1.98463e+07,0,0,0,1.44139e+08
60.6716,110.355,1.94631,0.37,0.04,3.38601,3.68841,0,0.572952,6.048,4.14526e+06,2.70226e+06,1.40359e+07,0,0,0,5.38189e+08,98.055,98.274,1.51477,0,0,2.49954,2.19714,0,1.77989,3.38688,8.61469e+06,3.61194e+06,2.15327e+07,0,0,0,1.44139e+08
60.4923,110.355,2.93377,0.54,0.04,3.05791,3.6887,0,0.634538,6.048,4.14526e+06,3.40408e+06,1.26758e+07,0,0,0,5.38189e+08,98.1803,98.274,3.95493,0,0,2.30409,2.19731,0,1.93114,3.38688,8.61469e+06,4.55002e+06,1.9849e+07,0,0,0,1.44139e+08
66.0588,110.355,8.67759,0.54,0.04,2.80509,3.41118,0,0.573053,6.048,4.14526e+06,3.40408e+06,1.16278e+07,0,0,0,5.38189e+08,99.3022,98.274,7.43944,0,0,2.10317,1.97676,0,1.78014,3.38688,8.61469e+06,4.55002e+06,1.81182e+07,0,0,0,1.44139e+08
68.3767,110.355,5.38482,0.49,0.04,2.80534,3.41145,0,0.525674,6.048,4.14526e+06,3.40408e+06,1.16289e+07,0,0,0,5.38189e+08,99.3022,98.274,5.36429,0,0,2.10332,1.97692,0,1.62491,3.38688,8.61469e+06,4.55002e+06,1.81194e+07,0,0,0,1.44139e+08
72.4764,110.355,7.55921,0.27,0.04,3.10932,3.41172,0,0.525721,6.048,4.14526e+06,2.70226e+06,1.28889e+07,0,0,0,5.38189e+08,99.3022,98.274,6.13437,0,0,2.27947,1.97707,0,1.62502,3.38688,8.61469e+06,3.61194e+06,1.9637e+07,0,0,0,1.44139e+08
73.7951,110.355,4.51709,0.46,0.04,2.80584,3.41199,0,0.582687,6.048,4.14526e+06,3.40408e+06,1.16309e+07,0,0,0,5.38189e+08,99.3022,98.274,4.74122,0,0,2.10361,1.97723,0,1.76112,3.38688,8.61469e+06,4.55002e+06,1.81219e+07,0,0,0,1.44139e+08
73.6726,110.355,3.22059,0.2,0.04,3.10987,3.41227,0,0.525814,6.048,4.14526e+06,2.70226e+06,1.28912e+07,0,0,0,5.38189e+08,99.0992,98.274,3.08663,0,0,2.27979,1.97739,0,1.62525,3.38688,8.61469e+06,3.61194e+06,1.96397e+07,0,0,0,1.44139e+08
74.1305,110.355,3.91941,0.17,0.04,3.21703,3.51943,0,0.582789,6.048,4.14526e+06,2.70226e+06,1.33354e+07,0,0,0,5.38189e+08,99.3022,98.274,4.69895,0,0,2.34388,2.04148,0,1.76137,3.38688,8.61469e+06,3.61194e+06,2.01918e+07,0,0,0,1.44139e+08
75.054,110.355,4.42502,0.1,0.04,3.21728,3.51968,0,0.602871,6.048,4.14526e+06,2.70226e+06,1.33365e+07,0,0,0,5.38189e+08,99.3022,98.274,6.24215,0,0,2.34403,2.04163,0,1.81088,3.38688,8.61469e+06,3.61194e+06,2.01931e+07,0,0,0,1.44139e+08
76.7945,110.355,5.41914,0.19,0.04,3.21753,3.51993,0,0.602918,6.048,4.14526e+06,2.70226e+06,1.33375e+07,0,0,0,5.38189e+08,99.3022,98.274,6.56984,0,0,2.34417,2.04177,0,1.81099,3.38688,8.61469e+06,3.61194e+06,2.01943e+07,0,0,0,1.44139e+08
84.0999,110.355,11.1007,0.27,0.04,3.21778,3.52018,0,0.602965,6.048,4.14526e+06,2.70226e+06,1.33385e+07,0,0,0,5.38189e+08,99.3022,98.274,14.4917,0,0,2.34432,2.04192,0,1.81111,3.38688,8.61469e+06,3.61194e+06,2.01956e+07,0,0,0,1.44139e+08
87.6164,110.355,7.87427,0.3,0.04,3.56141,3.86381,0,0.603012,6.048,4.14526e+06,2.70226e+06,1.47629e+07,0,0,0,5.38189e+08,99.3022,98.274,8.7118,0,0,2.58457,2.28217,0,1.81122,3.38688,8.61469e+06,3.61194e+06,2.22652e+07,0,0,0,1.44139e+08
88.1966,110.355,4.72654,0.21,0.04,3.56168,3.86408,0,0.667408,6.048,4.14526e+06,2.70226e+06,1.47641e+07,0,0,0,5.38189e+08,99.3022,98.274,6.86736,0,0,2.58473,2.28233,0,1.99684,3.38688,8.61469e+06,3.61194e+06,2.22666e+07,0,0,0,1.44139e+08
90.8132,110.355,6.79103,0.24,0.04,3.56196,3.86436,0,0.667459,6.048,4.14526e+06,2.70226e+06,1.47652e+07,0,0,0,5.38189e+08,99.3022,98.274,8.1861,0,0,2.58489,2.28249,0,1.99696,3.38688,8.61469e+06,3.61194e+06,2.2268e+07,0,0,0,1.44139e+08
92.233,110.355,5.94629,0,0.04,3.86463,3.86463,0,0.667511,6.048,4.14526e+06,2.70226e+06,1.60199e+07,0,0,0,5.38189e+08,99.3022,98.274,5.88669,0,0,2.28265,2.28265,0,1.99709,3.38688,8.61469e+06,3.61194e+06,1.96643e+07,0,0,0,1.44139e+08
93.776,110.355,5.33338,0.15,0.04,3.0726,3.375,0,0.724232,6.048,4.14526e+06,2.70226e+06,1.27367e+07,0,0,0,5.38189e+08,99.3022,98.274,6.10082,0,0,2.2629,1.9605,0,1.76358,3.38688,8.61469e+06,3.61194e+06,1.94942e+07,0,0,0,1.44139e+08
94.9882,110.355,4.94453,0.24,0.04,3.07284,3.37524,0,0.575806,6.048,4.14526e+06,2.70226e+06,1.27377e+07,0,0,0,5.38189e+08,99.3022,98.274,6.34419,0,0,2.26304,1.96064,0,1.74832,3.38688,8.61469e+06,3.61194e+06,1.94954e+07,0,0,0,1.44139e+08
97.8267,110.355,6.73113,0.29,0.04,3.07308,3.37548,0,0.575851,6.048,4.14526e+06,2.70226e+06,1.27387e+07,0,0,0,5.38189e+08,99.3022,98.274,10.7012,0,0,2.26318,1.96078,0,1.74843,3.38688,8.61469e+06,3.61194e+06,1.94966e+07,0,0,0,1.44139e+08
99.7944,110.355,5.82051,0.06,0.04,3.07332,3.37572,0,0.575896,6.048,4.14526e+06,2.70226e+06,1.27397e+07,0,0,0,5.38189e+08,99.3022,98.274,6.97464,0,0,2.26332,1.96092,0,1.74853,3.38688,8.61469e+06,3.61194e+06,1.94978e+07,0,0,0,1.44139e+08
101.311,110.355,5.38155,0.24,0.04,3.07356,3.37596,0,0.575941,6.048,4.14526e+06,2.70226e+06,1.27407e+07,0,0,0,5.38189e+08,99.3022,98.274,6.40867,0,0,2.26346,1.96106,0,1.74864,3.38688,8.61469e+06,3.61194e+06,1.9499e+07,0,0,0,1.44139e+08
105.045,110.355,7.71932,0.25,0.04,3.19716,3.49956,0,0.575986,6.048,4.14526e+06,2.70226e+06,1.32531e+07,0,0,0,5.38189e+08,99.3022,98.274,6.64695,0,0,2.34248,2.04008,0,1.74875,3.38688,8.61469e+06,3.61194e+06,2.01797e+07,0,0,0,1.44139e+08
106.779,110.355,5.5972,0.13,0.04,3.19741,3.49981,0,0.599149,6.048,4.14526e+06,2.70226e+06,1.32541e+07,0,0,0,5.38189e+08,99.3022,98.274,5.36934,0,0,2.34262,2.04022,0,1.8098,3.38688,8.61469e+06,3.61194e+06,2.0181e+07,0,0,0,1.44139e+08
107.874,110.355,4.91229,0.16,0.04,3.19766,3.50006,0,0.599195,6.048,4.14526e+06,2.70226e+06,1.32551e+07,0,0,0,5.38189e+08,99.3022,98.274,4.69723,0,0,2.34277,2.04037,0,1.80991,3.38688,8.61469e+06,3.61194e+06,2.01822e+07,0,0,0,1.44139e+08
108.756,110.355,4.96975,0,0.04,3.50031,3.50031,0,0.599242,6.048,4.14526e+06,2.70226e+06,1.45097e+07,0,0,0,5.38189e+08,99.3022,98.274,5.56664,0,0,2.04051,2.04051,0,1.81002,3.38688,8.61469e+06,3.61194e+06,1.75784e+07,0,0,0,1.44139e+08
109.21,110.355,4.4796,0,0.04,3.45231,3.45231,0,0.655958,6.048,4.14526e+06,2.70226e+06,1.43107e+07,0,0,0,5.38189e+08,99.3022,98.274,5.34473,0,0,2.01001,2.01001,0,1.5765,3.38688,8.61469e+06,3.61194e+06,1.73156e+07,0,0,0,1.44139e+08
109.488,110.355,4.23905,0,0.04,3.45256,3.45256,0,0.646963,6.048,4.14526e+06,2.70226e+06,1.43117e+07,0,0,0,5.38189e+08,99.3022,98.274,4.90601,0,0,2.01016,2.01016,0,1.55294,3.38688,8.61469e+06,3.61194e+06,1.73169e+07,0,0,0,1.44139e+08
109.57,110.355,3.95757,0,0.04,3.4528,3.4528,0,0.64701,6.048,4.14526e+06,2.70226e+06,1.43128e+07,0,0,0,5.38189e+08,99.3022,98.274,4.69184,0,0,2.0103,2.0103,0,1.55305,3.38688,8.61469e+06,3.61194e+06,1.73181e+07,0,0,0,1.44139e+08
109.305,110.355,3.56239,0,0.04,3.45305,3.45305,0,0.647056,6.048,4.14526e+06,2.70226e+06,1.43138e+07,0,0,0,5.38189e+08,99.3022,98.274,4.74272,0,0,2.01044,2.01044,0,1.55316,3.38688,8.61469e+06,3.61194e+06,1.73193e+07,0,0,0,1.44139e+08
108.753,110.355,3.41661,0,0.04,3.61711,3.61711,0,0.647102,6.048,4.14526e+06,2.70226e+06,1.49938e+07,0,0,0,5.38189e+08,99.3022,98.274,4.72962,0,0,2.11929,2.11929,0,1.55327,3.38688,8.61469e+06,3.61194e+06,1.8257e+07,0,0,0,1.44139e+08
107.983,110.355,3.13736,0,0.04,3.61737,3.61737,0,0.677846,6.048,4.14526e+06,2.70226e+06,1.49949e+07,0,0,0,5.38189e+08,99.3022,98.274,4.29268,0,0,2.11944,2.11944,0,1.63736,3.38688,8.61469e+06,3.61194e+06,1.82583e+07,0,0,0,1.44139e+08
106.889,110.355,2.79399,0,0.04,3.61762,3.61762,0,0.677894,6.048,4.14526e+06,2.70226e+06,1.4996e+07,0,0,0,5.38189e+08,99.3022,98.274,3.94442,0,0,2.11959,2.11959,0,1.63748,3.38688,8.61469e+06,3.61194e+06,1.82596e+07,0,0,0,1.44139e+08
106.004,110.355,2.63125,0.06,0.04,3.31548,3.61788,0,0.677943,6.048,4.14526e+06,2.70226e+06,1.37435e+07,0,0,0,5.38189e+08,99.3022,98.274,3.78913,0,0,2.42214,2.11974,0,1.63759,3.38688,8.61469e+06,3.61194e+06,2.0866e+07,0,0,0,1.44139e+08
104.708,110.355,2.48037,0,0.04,3.61814,3.61814,0,0.621321,6.048,4.14526e+06,2.70226e+06,1.49981e+07,0,0,0,5.38189e+08,99.3022,98.274,3.58425,0,0,2.11989,2.11989,0,1.87135,3.38688,8.61469e+06,3.61194e+06,1.82622e+07,0,0,0,1.44139e+08
103.521,110.355,2.57212,0,0.04,3.58599,3.58599,0,0.678039,6.048,4.14526e+06,2.70226e+06,1.48648e+07,0,0,0,5.38189e+08,99.3022,98.274,3.50313,0,0,2.17981,2.17981,0,1.63783,3.38688,8.61469e+06,3.61194e+06,1.87784e+07,0,0,0,1.44139e+08
102.209,110.355,2.44132,0,0.04,3.58624,3.58624,0,0.672014,6.048,4.14526e+06,2.70226e+06,1.48659e+07,0,0,0,5.38189e+08,99.3022,98.274,3.30827,0,0,2.17996,2.17996,0,1.68412,3.38688,8.61469e+06,3.61194e+06,1.87797e+07,0,0,0,1.44139e+08
100.698,110.355,2.23264,0,0.04,3.5865,3.5865,0,0.672062,6.048,4.14526e+06,2.70226e+06,1.4867e+07,0,0,0,5.38189e+08,99.3022,98.274,3.30912,0,0,2.18012,2.18012,0,1.68424,3.38688,8.61469e+06,3.61194e+06,1.8781e+07,0,0,0,1.44139e+08
98.9885,110.355,2.01567,0,0.04,3.58675,3.58675,0,0.67211,6.048,4.14526e+06,2.70226e+06,1.4868e+07,0,0,0,5.38189e+08,99.3022,98.274,2.97517,0,0,2.18027,2.18027,0,1.68436,3.38688,8.61469e+06,3.61194e+06,1.87824e+07,0,0,0,1.44139e+08
97.1696,110.355,1.95266,0,0.04,3.67072,3.67072,0,0.672157,6.048,4.14526e+06,2.70226e+06,1.52161e+07,0,0,0,5.38189e+08,99.2495,98.274,2.84011,0,0,2.23371,2.23371,0,1.68448,3.38688,8.61469e+06,3.61194e+06,1.92427e+07,0,0,0,1.44139e+08
95.6496,110.355,2.25012,0,0.04,3.67098,3.67098,0,0.687893,6.048,4.14526e+06,2.70226e+06,1.52172e+07,0,0,0,5.38189e+08,99.3022,98.274,3.52062,0,0,2.23387,2.23387,0,1.72576,3.38688,8.61469e+06,3.61194e+06,1.92441e+07,0,0,0,1.44139e+08
93.9932,110.355,2.08291,0,0.04,3.67124,3.67124,0,0.687942,6.048,4.14526e+06,2.70226e+06,1.52182e+07,0,0,0,5.38189e+08,99.3022,98.274,3.5289,0,0,2.23402,2.23402,0,1.72588,3.38688,8.61469e+06,3.61194e+06,1.92454e+07,0,0,0,1.44139e+08
92.1986,110.355,1.92999,0,0.04,3.6715,3.6715,0,0.687991,6.048,4.14526e+06,2.70226e+06,1.52193e+07,0,0,0,5.38189e+08,99.2644,98.274,3.14735,0,0,2.23418,2.23418,0,1.72601,3.38688,8.61469e+06,3.61194e+06,1.92468e+07,0,0,0,1.44139e+08
90.222,110.355,1.94469,0,0.04,3.91699,3.91699,0,0.68804,6.048,4.14526e+06,2.70226e+06,1.62369e+07,0,0,0,5.38189e+08,99.3022,98.274,3.40955,0,0,2.42671,2.42671,0,1.72613,3.38688,8.61469e+06,3.61194e+06,2.09053e+07,0,0,0,1.44139e+08
88.1265,110.355,1.84179,0,0.04,3.91726,3.91726,0,0.734043,6.048,4.14526e+06,2.70226e+06,1.62381e+07,0,0,0,5.38189e+08,99.2138,98.274,2.55467,0,0,2.42688,2.42688,0,1.87488,3.38688,8.61469e+06,3.61194e+06,2.09068e+07,0,0,0,1.44139e+08
85.9388,110.355,1.73299,0,0.04,3.91754,3.91754,0,0.734095,6.048,4.14526e+06,2.70226e+06,1.62392e+07,0,0,0,5.38189e+08,99.1275,98.274,3.2387,0,0,2.42705,2.42705,0,1.87501,3.38688,8.61469e+06,3.61194e+06,2.09083e+07,0,0,0,1.44139e+08
83.6745,110.355,1.6409,0,0.04,3.91782,3.91782,0,0.734148,6.048,4.14526e+06,2.70226e+06,1.62404e+07,0,0,0,5.38189e+08,99.0027,98.274,3.29277,0,0,2.42723,2.42723,0,1.87514,3.38688,8.61469e+06,3.61194e+06,2.09098e+07,0,0,0,1.44139e+08
81.4239,110.355,1.6031,0,0.04,3.9181,3.9181,0,0.7342,6.048,4.14526e+06,2.70226e+06,1.62415e+07,0,0,0,5.38189e+08,98.8795,98.274,3.27663,0,0,2.4274,2.4274,0,1.87528,3.38688,8.61469e+06,3.61194e+06,2.09113e+07,0,0,0,1.44139e+08
79.8133,110.355,2.26527,0,0.04,3.79882,3.79882,0,0.734252,6.048,4.14526e+06,2.70226e+06,1.57471e+07,0,0,0,5.38189e+08,99.2152,98.274,4.1112,0,0,2.31077,2.31077,0,1.87541,3.38688,8.61469e+06,3.61194e+06,1.99066e+07,0,0,0,1.44139e+08
78.5001,110.355,2.56459,0,0.04,3.79909,3.79909,0,0.7119,6.048,4.14526e+06,2.70226e+06,1.57482e+07,0,0,0,5.38189e+08,99.3022,98.274,5.15209,0,0,2.31094,2.31094,0,1.7853,3.38688,8.61469e+06,3.61194e+06,1.9908e+07,0,0,0,1.44139e+08
76.7898,110.355,2.12766,0,0.04,3.79936,3.79936,0,0.71195,6.048,4.14526e+06,2.70226e+06,1.57493e+07,0,0,0,5.38189e+08,99.3022,98.274,4.12796,0,0,2.3111,2.3111,0,1.78543,3.38688,8.61469e+06,3.61194e+06,1.99094e+07,0,0,0,1.44139e+08
75.1374,110.355,2.18024,0,0.04,3.79963,3.79963,0,0.712001,6.048,4.14526e+06,2.70226e+06,1.57505e+07,0,0,0,5.38189e+08,99.3022,98.274,4.13604,0,0,2.31126,2.31126,0,1.78556,3.38688,8.61469e+06,3.61194e+06,1.99108e+07,0,0,0,1.44139e+08
74.0379,110.355,2.64945,0,0.04,3.70174,3.70174,0,0.712051,6.048,4.14526e+06,2.70226e+06,1.53447e+07,0,0,0,5.38189e+08,99.3022,98.274,4.95515,0,0,2.20508,2.20508,0,1.78568,3.38688,8.61469e+06,3.61194e+06,1.89961e+07,0,0,0,1.44139e+08
72.5464,110.355,2.34725,0,0.04,3.70201,3.70201,0,0.693707,6.048,4.14526e+06,2.70226e+06,1.53458e+07,0,0,0,5.38189e+08,99.3022,98.274,3.86723,0,0,2.20524,2.20524,0,1.70364,3.38688,8.61469e+06,3.61194e+06,1.89974e+07,0,0,0,1.44139e+08
71.2692,110.355,2.53387,0,0.04,3.70227,3.70227,0,0.693756,6.048,4.14526e+06,2.70226e+06,1.53469e+07,0,0,0,5.38189e+08,99.3022,98.274,5.27457,0,0,2.20539,2.20539,0,1.70377,3.38688,8.61469e+06,3.61194e+06,1.89988e+07,0,0,0,1.44139e+08
69.795,110.355,2.38414,0,0.04,3.70253,3.70253,0,0.693805,6.048,4.14526e+06,2.70226e+06,1.53479e+07,0,0,0,5.38189e+08,99.3022,98.274,5.37328,0,0,2.20555,2.20555,0,1.70389,3.38688,8.61469e+06,3.61194e+06,1.90001e+07,0,0,0,1.44139e+08
70.6025,110.355,4.53493,0,0.04,3.42393,3.42393,0,0.693855,6.048,4.14526e+06,2.70226e+06,1.41931e+07,0,0,0,5.38189e+08,99.3022,98.274,6.63367,0,0,1.98415,1.98415,0,1.70401,3.38688,8.61469e+06,3.61194e+06,1.70928e+07,0,0,0,1.44139e+08
71.0556,110.355,4.09968,0,0.04,3.42418,3.42418,0,0.641645,6.048,4.14526e+06,2.70226e+06,1.41941e+07,0,0,0,5.38189e+08,99.3022,98.274,4.13976,0,0,1.98429,1.98429,0,1.53295,3.38688,8.61469e+06,3.61194e+06,1.70941e+07,0,0,0,1.44139e+08
70.9154,110.355,3.4692,0,0.04,3.42442,3.42442,0,0.641691,6.048,4.14526e+06,2.70226e+06,1.41951e+07,0,0,0,5.38189e+08,99.3022,98.274,4.39543,0,0,1.98443,1.98443,0,1.53306,3.38688,8.61469e+06,3.61194e+06,1.70953e+07,0,0,0,1.44139e+08
73.7027,110.355,6.67741,0,0.04,3.42466,3.42466,0,0.641736,6.048,4.14526e+06,2.70226e+06,1.41961e+07,0,0,0,5.38189e+08,99.3022,98.274,6.70678,0,0,1.98457,1.98457,0,1.53317,3.38688,8.61469e+06,3.61194e+06,1.70965e+07,0,0,0,1.44139e+08
75.9772,110.355,6.12333,0,0.04,3.42491,3.42491,0,0.641782,6.048,4.14526e+06,2.70226e+06,1.41971e+07,0,0,0,5.38189e+08,99.3022,98.274,7.0574,0,0,1.98471,1.98471,0,1.53328,3.38688,8.61469e+06,3.61194e+06,1.70977e+07,0,0,0,1.44139e+08
82.4822,110.355,10.6544,0,0.04,3.42491,3.42491,0,0.641827,6.048,4.14526e+06,2.70226e+06,1.41971e+07,0,0,0,5.38189e+08,99.3022,98.274,9.71341,0,0,1.98471,1.98471,0,1.53339,3.38688,8.61469e+06,3.61194e+06,1.70977e+07,0,0,0,1.44139e+08
87.2611,110.355,9.11823,0,0.04,3.53243,3.53243,0,0.641827,6.048,4.14526e+06,2.70226e+06,1.46428e+07,0,0,0,5.38189e+08,99.3022,98.274,8.08281,0,0,2.04902,2.04902,0,1.53339,3.38688,8.61469e+06,3.61194e+06,1.76517e+07,0,0,0,1.44139e+08
91.0116,110.355,8.21045,0,0.04,3.53265,3.53265,0,0.661978,6.048,4.14526e+06,2.70226e+06,1.46438e+07,0,0,0,5.38189e+08,99.3022,98.274,7.783,0,0,2.04915,2.04915,0,1.58308,3.38688,8.61469e+06,3.61194e+06,1.76528e+07,0,0,0,1.44139e+08
93.972,110.355,7.6397,0,0.04,3.53287,3.53287,0,0.662019,6.048,4.14526e+06,2.70226e+06,1.46447e+07,0,0,0,5.38189e+08,99.3022,98.274,6.83385,0,0,2.04928,2.04928,0,1.58317,3.38688,8.61469e+06,3.61194e+06,1.76539e+07,0,0,0,1.44139e+08
96.5914,110.355,7.09115,0,0.04,3.53309,3.53309,0,0.66206,6.048,4.14526e+06,2.70226e+06,1.46456e+07,0,0,0,5.38189e+08,99.3022,98.274,5.00579,0,0,2.04941,2.04941,0,1.58327,3.38688,8.61469e+06,3.61194e+06,1.7655e+07,0,0,0,1.44139e+08
99.7779,110.355,7.83562,0,0.04,3.87794,3.87794,0,0.662101,6.048,4.14526e+06,2.70226e+06,1.60751e+07,0,0,0,5.38189e+08,99.3022,98.274,6.09031,0,0,2.29051,2.29051,0,1.58337,3.38688,8.61469e+06,3.61194e+06,1.97321e+07,0,0,0,1.44139e+08
101.872,110.355,6.84312,0,0.04,3.87818,3.87818,0,0.726726,6.048,4.14526e+06,2.70226e+06,1.60761e+07,0,0,0,5.38189e+08,99.3022,98.274,6.25033,0,0,2.29066,2.29066,0,1.76965,3.38688,8.61469e+06,3.61194e+06,1.97333e+07,0,0,0,1.44139e+08
102.814,110.355,5.67777,0,0.04,3.87842,3.87842,0,0.726772,6.048,4.14526e+06,2.70226e+06,1.60771e+07,0,0,0,5.38189e+08,99.3022,98.274,4.88523,0,0,2.2908,2.2908,0,1.76976,3.38688,8.61469e+06,3.61194e+06,1.97345e+07,0,0,0,1.44139e+08
104.103,110.355,5.91566,0,0.04,3.87867,3.87867,0,0.726817,6.048,4.14526e+06,2.70226e+06,1.60781e+07,0,0,0,5.38189e+08,99.3022,98.274,5.68206,0,0,2.29094,2.29094,0,1.76987,3.38688,8.61469e+06,3.61194e+06,1.97358e+07,0,0,0,1.44139e+08
103.87,110.355,3.97659,0,0.04,3.38723,3.38723,0,0.726862,6.048,4.14526e+06,2.70226e+06,1.40409e+07,0,0,0,5.38189e+08,99.3022,98.274,5.84049,0,0,1.9676,1.9676,0,1.76998,3.38688,8.61469e+06,3.61194e+06,1.69503e+07,0,0,0,1.44139e+08
106.439,110.355,6.79886,0,0.04,3.38744,3.38744,0,0.634767,6.048,4.14526e+06,2.70226e+06,1.40418e+07,0,0,0,5.38189e+08,99.3022,98.274,8.55235,0,0,1.96773,1.96773,0,1.52017,3.38688,8.61469e+06,3.61194e+06,1.69513e+07,0,0,0,1.44139e+08
107.962,110.355,5.91175,0,0.04,3.38765,3.38765,0,0.634807,6.048,4.14526e+06,2.70226e+06,1.40427e+07,0,0,0,5.38189e+08,99.3022,98.274,10.4272,0,0,1.96785,1.96785,0,1.52027,3.38688,8.61469e+06,3.61194e+06,1.69524e+07,0,0,0,1.44139e+08
110.355,110.355,7.61648,0,0.04,3.38786,3.38786,0,0.634846,6.048,4.14526e+06,2.70226e+06,1.40436e+07,0,0,0,5.38189e+08,99.3022,98.274,9.68578,0,0,1.96797,1.96797,0,1.52036,3.38688,8.61469e+06,3.61194e+06,1.69535e+07,0,0,0,1.44139e+08
110.355,110.355,6.95706,0,0.04,3.38807,3.38807,0,0.634885,6.048,4.14526e+06,2.70226e+06,1.40444e+07,0,0,0,5.38189e+08,99.3022,98.274,8.05347,0,0,1.96809,1.96809,0,1.52045,3.38688,8.61469e+06,3.61194e+06,1.69545e+07,0,0,0,1.44139e+08
110.355,110.355,5.69148,0,0.04,3.51208,3.51208,0,0.634925,6.048,4.14526e+06,2.70226e+06,1.45585e+07,0,0,0,5.38189e+08,99.3022,98.274,7.32055,0,0,2.04738,2.04738,0,1.52055,3.38688,8.61469e+06,3.61194e+06,1.76375e+07,0,0,0,1.44139e+08
110.355,110.355,4.34335,0,0.04,3.5123,3.5123,0,0.658165,6.048,4.14526e+06,2.70226e+06,1.45594e+07,0,0,0,5.38189e+08,99.3022,98.274,5.3982,0,0,2.0475,2.0475,0,1.5818,3.38688,8.61469e+06,3.61194e+06,1.76386e+07,0,0,0,1.44139e+08
110.001,110.355,3.87276,0,0.04,3.51252,3.51252,0,0.658205,6.048,4.14526e+06,2.70226e+06,1.45603e+07,0,0,0,5.38189e+08,99.3022,98.274,4.80139,0,0,2.04763,2.04763,0,1.5819,3.38688,8.61469e+06,3.61194e+06,1.76397e+07,0,0,0,1.44139e+08
109.067,110.355,3.24175,0,0.04,3.51274,3.51274,0,0.658246,6.048,4.14526e+06,2.70226e+06,1.45612e+07,0,0,0,5.38189e+08,99.3022,98.274,3.7523,0,0,2.04776,2.04776,0,1.582,3.38688,8.61469e+06,3.61194e+06,1.76408e+07,0,0,0,1.44139e+08
107.81,110.355,2.79813,0,0.04,3.46454,3.46454,0,0.658287,6.048,4.14526e+06,2.70226e+06,1.43614e+07,0,0,0,5.38189e+08,99.3009,98.274,3.12789,0,0,2.01713,2.01713,0,1.5821,3.38688,8.61469e+06,3.61194e+06,1.7377e+07,0,0,0,1.44139e+08
108.083,110.355,4.37477,0,0.04,3.46476,3.46476,0,0.649255,6.048,4.14526e+06,2.70226e+06,1.43623e+07,0,0,0,5.38189e+08,99.3022,98.274,3.60495,0,0,2.01726,2.01726,0,1.55844,3.38688,8.61469e+06,3.61194e+06,1.7378e+07,0,0,0,1.44139e+08
106.91,110.355,2.78938,0,0.04,3.46497,3.46497,0,0.649295,6.048,4.14526e+06,2.70226e+06,1.43632e+07,0,0,0,5.38189e+08,99.3022,98.274,3.08563,0,0,2.01738,2.01738,0,1.55853,3.38688,8.61469e+06,3.61194e+06,1.73791e+07,0,0,0,1.44139e+08
105.567,110.355,2.58306,0,0.04,3.46519,3.46519,0,0.649335,6.048,4.14526e+06,2.70226e+06,1.43641e+07,0,0,0,5.38189e+08,99.2162,98.274,2.75875,0,0,2.01751,2.01751,0,1.55863,3.38688,8.61469e+06,3.61194e+06,1.73802e+07,0,0,0,1.44139e+08
104.661,110.355,3.1402,0,0.04,3.62979,3.62979,0,0.649376,6.048,4.14526e+06,2.70226e+06,1.50464e+07,0,0,0,5.38189e+08,99.275,98.274,3.30124,0,0,2.12672,2.12672,0,1.55873,3.38688,8.61469e+06,3.61194e+06,1.8321e+07,0,0,0,1.44139e+08
103.494,110.355,2.86201,0,0.04,3.63002,3.63002,0,0.680223,6.048,4.14526e+06,2.70226e+06,1.50473e+07,0,0,0,5.38189e+08,99.2061,98.274,2.66119,0,0,2.12685,2.12685,0,1.6431,3.38688,8.61469e+06,3.61194e+06,1.83221e+07,0,0,0,1.44139e+08
102.017,110.355,2.5156,0,0.04,3.63024,3.63024,0,0.680265,6.048,4.14526e+06,2.70226e+06,1.50483e+07,0,0,0,5.38189e+08,99.1116,98.274,2.71404,0,0,2.12698,2.12698,0,1.6432,3.38688,8.61469e+06,3.61194e+06,1.83233e+07,0,0,0,1.44139e+08
100.445,110.355,2.3369,0,0.04,3.63047,3.63047,0,0.680307,6.048,4.14526e+06,2.70226e+06,1.50492e+07,0,0,0,5.38189e+08,98.9774,98.274,2.74175,0,0,2.12711,2.12711,0,1.64331,3.38688,8.61469e+06,3.61194e+06,1.83244e+07,0,0,0,1.44139e+08
98.8496,110.355,2.29994,0,0.04,3.63069,3.63069,0,0.680349,6.048,4.14526e+06,2.70226e+06,1.50502e+07,0,0,0,5.38189e+08,98.9294,98.274,2.83121,0,0,2.12725,2.12725,0,1.64341,3.38688,8.61469e+06,3.61194e+06,1.83256e+07,0,0,0,1.44139e+08
97.2259,110.355,2.19183,0,0.04,3.5984,3.5984,0,0.680392,6.048,4.14526e+06,2.70226e+06,1.49163e+07,0,0,0,5.38189e+08,98.7834,98.274,2.67467,0,0,2.18735,2.18735,0,1.64351,3.38688,8.61469e+06,3.61194e+06,1.88433e+07,0,0,0,1.44139e+08
95.5173,110.355,2.07902,0,0.04,3.59862,3.59862,0,0.67434,6.048,4.14526e+06,2.70226e+06,1.49172e+07,0,0,0,5.38189e+08,98.6082,98.274,2.58819,0,0,2.18749,2.18749,0,1.68995,3.38688,8.61469e+06,3.61194e+06,1.88445e+07,0,0,0,1.44139e+08
93.6855,110.355,1.93584,0,0.04,3.59884,3.59884,0,0.674382,6.048,4.14526e+06,2.70226e+06,1.49181e+07,0,0,0,5.38189e+08,98.3329,98.274,2.40801,0,0,2.18762,2.18762,0,1.69005,3.38688,8.61469e+06,3.61194e+06,1.88457e+07,0,0,0,1.44139e+08
91.9046,110.355,1.967,0,0.04,3.59907,3.59907,0,0.674424,6.048,4.14526e+06,2.70226e+06,1.49191e+07,0,0,0,5.38189e+08,98.0656,98.274,2.38941,0,0,2.18776,2.18776,0,1.69016,3.38688,8.61469e+06,3.61194e+06,1.88469e+07,0,0,0,1.44139e+08
90.1763,110.355,2.0673,0,0.04,3.68329,3.68329,0,0.674465,6.048,4.14526e+06,2.70226e+06,1.52682e+07,0,0,0,5.38189e+08,97.8743,98.274,2.56325,0,0,2.24136,2.24136,0,1.69026,3.38688,8.61469e+06,3.61194e+06,1.93086e+07,0,0,0,1.44139e+08
88.2361,110.355,1.83676,0,0.04,3.68352,3.68352,0,0.690249,6.048,4.14526e+06,2.70226e+06,1.52691e+07,0,0,0,5.38189e+08,97.6353,98.274,2.43749,0,0,2.2415,2.2415,0,1.73167,3.38688,8.61469e+06,3.61194e+06,1.93098e+07,0,0,0,1.44139e+08
86.1622,110.355,1.6821,0,0.04,3.68375,3.68375,0,0.690292,6.048,4.14526e+06,2.70226e+06,1.52701e+07,0,0,0,5.38189e+08,97.3718,98.274,2.28668,0,0,2.24164,2.24164,0,1.73178,3.38688,8.61469e+06,3.61194e+06,1.9311e+07,0,0,0,1.44139e+08
83.9028,110.355,1.45347,0,0.04,3.68398,3.68398,0,0.690335,6.048,4.14526e+06,2.70226e+06,1.5271e+07,0,0,0,5.38189e+08,97.0997,98.274,2.26917,0,0,2.24177,2.24177,0,1.73189,3.38688,8.61469e+06,3.61194e+06,1.93122e+07,0,0,0,1.44139e+08
81.786,110.355,1.79134,0,0.04,3.93026,3.93026,0,0.690378,6.048,4.14526e+06,2.70226e+06,1.62919e+07,0,0,0,5.38189e+08,96.8446,98.274,2.37734,0,0,2.43493,2.43493,0,1.732,3.38688,8.61469e+06,3.61194e+06,2.09762e+07,0,0,0,1.44139e+08
79.8491,110.355,1.98835,0,0.04,3.9305,3.9305,0,0.736531,6.048,4.14526e+06,2.70226e+06,1.62929e+07,0,0,0,5.38189e+08,96.7129,98.274,2.90542,0,0,2.43508,2.43508,0,1.88123,3.38688,8.61469e+06,3.61194e+06,2.09775e+07,0,0,0,1.44139e+08
77.5675,110.355,1.62396,0,0.04,3.93075,3.93075,0,0.736576,6.048,4.14526e+06,2.70226e+06,1.6294e+07,0,0,0,5.38189e+08,96.3816,98.274,2.07631,0,0,2.43524,2.43524,0,1.88135,3.38688,8.61469e+06,3.61194e+06,2.09788e+07,0,0,0,1.44139e+08
75.6679,110.355,1.97279,0,0.04,3.93099,3.93099,0,0.736622,6.048,4.14526e+06,2.70226e+06,1.6295e+07,0,0,0,5.38189e+08,96.507,98.274,3.72495,0,0,2.43539,2.43539,0,1.88146,3.38688,8.61469e+06,3.61194e+06,2.09801e+07,0,0,0,1.44139e+08
73.6825,110.355,1.90067,0,0.04,3.93124,3.93124,0,0.736668,6.048,4.14526e+06,2.70226e+06,1.6296e+07,0,0,0,5.38189e+08,96.5264,98.274,2.87243,0,0,2.43554,2.43554,0,1.88158,3.38688,8.61469e+06,3.61194e+06,2.09814e+07,0,0,0,1.44139e+08
73.8546,110.355,3.9461,0,0.04,3.81153,3.81153,0,0.736714,6.048,4.14526e+06,2.70226e+06,1.57998e+07,0,0,0,5.38189e+08,97.2783,98.274,5.28257,0,0,2.3185,2.3185,0,1.8817,3.38688,8.61469e+06,3.61194e+06,1.99731e+07,0,0,0,1.44139e+08
72.1031,110.355,2.02579,0,0.04,3.81176,3.81176,0,0.71428,6.048,4.14526e+06,2.70226e+06,1.58007e+07,0,0,0,5.38189e+08,97.3824,98.274,3.18821,0,0,2.31864,2.31864,0,1.79127,3.38688,8.61469e+06,3.61194e+06,1.99744e+07,0,0,0,1.44139e+08
70.4218,110.355,2.01842,0,0.04,3.812,3.812,0,0.714325,6.048,4.14526e+06,2.70226e+06,1.58017e+07,0,0,0,5.38189e+08,97.5748,98.274,2.94344,0,0,2.31879,2.31879,0,1.79138,3.38688,8.61469e+06,3.61194e+06,1.99756e+07,0,0,0,1.44139e+08
70.9612,110.355,4.38452,0,0.04,3.81224,3.81224,0,0.714369,6.048,4.14526e+06,2.70226e+06,1.58027e+07,0,0,0,5.38189e+08,98.0225,98.274,5.52979,0,0,2.31893,2.31893,0,1.79149,3.38688,8.61469e+06,3.61194e+06,1.99769e+07,0,0,0,1.44139e+08
68.7307,110.355,1.54893,0,0.04,3.71399,3.71399,0,0.714413,6.048,4.14526e+06,2.70226e+06,1.53954e+07,0,0,0,5.38189e+08,97.8117,98.274,2.23207,0,0,2.21237,2.21237,0,1.79161,3.38688,8.61469e+06,3.61194e+06,1.90589e+07,0,0,0,1.44139e+08
68.0173,110.355,3.11006,0,0.04,3.71422,3.71422,0,0.696001,6.048,4.14526e+06,2.70226e+06,1.53964e+07,0,0,0,5.38189e+08,98.4008,98.274,4.82986,0,0,2.21251,2.21251,0,1.70928,3.38688,8.61469e+06,3.61194e+06,1.90601e+07,0,0,0,1.44139e+08
70.2132,110.355,6.17987,0,0.04,3.71445,3.71445,0,0.696045,6.048,4.14526e+06,2.70226e+06,1.53973e+07,0,0,0,5.38189e+08,99.3022,98.274,9.72205,0,0,2.21265,2.21265,0,1.70939,3.38688,8.61469e+06,3.61194e+06,1.90613e+07,0,0,0,1.44139e+08
71.2317,110.355,4.88629,0,0.04,3.71468,3.71468,0,0.696088,6.048,4.14526e+06,2.70226e+06,1.53983e+07,0,0,0,5.38189e+08,99.3022,98.274,6.95,0,0,2.21279,2.21279,0,1.70949,3.38688,8.61469e+06,3.61194e+06,1.90625e+07,0,0,0,1.44139e+08
70.679,110.355,3.21689,0,0.04,3.43514,3.43514,0,0.696131,6.048,4.14526e+06,2.70226e+06,1.42395e+07,0,0,0,5.38189e+08,99.3022,98.274,10.3053,0,0,1.99064,1.99064,0,1.7096,3.38688,8.61469e+06,3.61194e+06,1.71488e+07,0,0,0,1.44139e+08
70.6771,110.355,3.76319,0,0.04,3.43535,3.43535,0,0.643744,6.048,4.14526e+06,2.70226e+06,1.42404e+07,0,0,0,5.38189e+08,99.3022,98.274,12.681,0,0,1.99077,1.99077,0,1.53797,3.38688,8.61469e+06,3.61194e+06,1.71498e+07,0,0,0,1.44139e+08
69.6668,110.355,2.70745,0,0.04,3.43556,3.43556,0,0.643784,6.048,4.14526e+06,2.70226e+06,1.42413e+07,0,0,0,5.38189e+08,99.3022,98.274,6.00537,0,0,1.99089,1.99089,0,1.53807,3.38688,8.61469e+06,3.61194e+06,1.71509e+07,0,0,0,1.44139e+08
68.7302,110.355,2.73478,0,0.04,3.43578,3.43578,0,0.643824,6.048,4.14526e+06,2.70226e+06,1.42422e+07,0,0,0,5.38189e+08,99.3022,98.274,5.50242,0,0,1.99101,1.99101,0,1.53816,3.38688,8.61469e+06,3.61194e+06,1.7152e+07,0,0,0,1.44139e+08
68.7798,110.355,3.82606,0,0.04,3.43599,3.43599,0,0.643864,6.048,4.14526e+06,2.70226e+06,1.42431e+07,0,0,0,5.38189e+08,99.3022,98.274,4.01407,0,0,1.99114,1.99114,0,1.53826,3.38688,8.61469e+06,3.61194e+06,1.7153e+07,0,0,0,1.44139e+08
70.7454,110.355,5.75238,0,0.04,3.54383,3.54383,0,0.643904,6.048,4.14526e+06,2.70226e+06,1.46901e+07,0,0,0,5.38189e+08,99.3022,98.274,7.10859,0,0,2.05564,2.05564,0,1.53835,3.38688,8.61469e+06,3.61194e+06,1.77087e+07,0,0,0,1.44139e+08
72.4711,110.355,5.56683,0,0.04,3.54402,3.54402,0,0.664114,6.048,4.14526e+06,2.70226e+06,1.46909e+07,0,0,0,5.38189e+08,99.3022,98.274,6.25138,0,0,2.05575,2.05575,0,1.58818,3.38688,8.61469e+06,3.61194e+06,1.77096e+07,0,0,0,1.44139e+08
73.8791,110.355,5.27084,0,0.04,3.54421,3.54421,0,0.66415,6.048,4.14526e+06,2.70226e+06,1.46917e+07,0,0,0,5.38189e+08,99.3022,98.274,6.42078,0,0,2.05586,2.05586,0,1.58827,3.38688,8.61469e+06,3.61194e+06,1.77106e+07,0,0,0,1.44139e+08
74.165,110.355,4.13011,0,0.04,3.5444,3.5444,0,0.664185,6.048,4.14526e+06,2.70226e+06,1.46925e+07,0,0,0,5.38189e+08,99.3022,98.274,4.87717,0,0,2.05597,2.05597,0,1.58835,3.38688,8.61469e+06,3.61194e+06,1.77115e+07,0,0,0,1.44139e+08
76.9443,110.355,7.12527,0,0.04,3.89032,3.89032,0,0.664221,6.048,4.14526e+06,2.70226e+06,1.61264e+07,0,0,0,5.38189e+08,99.3022,98.274,8.26453,0,0,2.29783,2.29783,0,1.58844,3.38688,8.61469e+06,3.61194e+06,1.97951e+07,0,0,0,1.44139e+08
77.3048,110.355,4.55078,0,0.04,3.89053,3.89053,0,0.729046,6.048,4.14526e+06,2.70226e+06,1.61272e+07,0,0,0,5.38189e+08,99.3022,98.274,6.46603,0,0,2.29795,2.29795,0,1.7753,3.38688,8.61469e+06,3.61194e+06,1.97961e+07,0,0,0,1.44139e+08
78.5088,110.355,5.39289,0,0.04,3.89074,3.89074,0,0.729085,6.048,4.14526e+06,2.70226e+06,1.61281e+07,0,0,0,5.38189e+08,99.3022,98.274,7.15855,0,0,2.29807,2.29807,0,1.7754,3.38688,8.61469e+06,3.61194e+06,1.97972e+07,0,0,0,1.44139e+08
80.4814,110.355,6.21417,0,0.04,3.89094,3.89094,0,0.729124,6.048,4.14526e+06,2.70226e+06,1.6129e+07,0,0,0,5.38189e+08,99.3022,98.274,7.99048,0,0,2.29819,2.29819,0,1.77549,3.38688,8.61469e+06,3.61194e+06,1.97982e+07,0,0,0,1.44139e+08
82.8458,110.355,6.37901,0,0.04,3.39792,3.39792,0,0.729163,6.048,4.14526e+06,2.70226e+06,1.40853e+07,0,0,0,5.38189e+08,99.3022,98.274,6.6016,0,0,1.97382,1.97382,0,1.77558,3.38688,8.61469e+06,3.61194e+06,1.70038e+07,0,0,0,1.44139e+08
83.423,110.355,4.60137,0,0.04,3.3981,3.3981,0,0.636771,6.048,4.14526e+06,2.70226e+06,1.4086e+07,0,0,0,5.38189e+08,99.3022,98.274,5.53612,0,0,1.97392,1.97392,0,1.52497,3.38688,8.61469e+06,3.61194e+06,1.70047e+07,0,0,0,1.44139e+08
84.1365,110.355,4.62875,0,0.04,3.39829,3.39829,0,0.636805,6.048,4.14526e+06,2.70226e+06,1.40868e+07,0,0,0,5.38189e+08,99.3022,98.274,4.53475,0,0,1.97403,1.97403,0,1.52505,3.38688,8.61469e+06,3.61194e+06,1.70056e+07,0,0,0,1.44139e+08
84.5679,110.355,4.34777,0,0.04,3.39847,3.39847,0,0.636839,6.048,4.14526e+06,2.70226e+06,1.40875e+07,0,0,0,5.38189e+08,99.3022,98.274,5.26308,0,0,1.97413,1.97413,0,1.52513,3.38688,8.61469e+06,3.61194e+06,1.70065e+07,0,0,0,1.44139e+08
86.1077,110.355,5.5586,0,0.04,3.39865,3.39865,0,0.636873,6.048,4.14526e+06,2.70226e+06,1.40883e+07,0,0,0,5.38189e+08,99.3022,98.274,8.06692,0,0,1.97424,1.97424,0,1.52521,3.38688,8.61469e+06,3.61194e+06,1.70074e+07,0,0,0,1.44139e+08
88.2476,110.355,6.56298,0,0.04,3.52302,3.52302,0,0.636907,6.048,4.14526e+06,2.70226e+06,1.46038e+07,0,0,0,5.38189e+08,99.3022,98.274,9.20427,0,0,2.05375,2.05375,0,1.5253,3.38688,8.61469e+06,3.61194e+06,1.76924e+07,0,0,0,1.44139e+08
89.7771,110.355,5.76448,0,0.04,3.5232,3.5232,0,0.660213,6.048,4.14526e+06,2.70226e+06,1.46046e+07,0,0,0,5.38189e+08,99.3022,98.274,8.66894,0,0,2.05386,2.05386,0,1.58673,3.38688,8.61469e+06,3.61194e+06,1.76933e+07,0,0,0,1.44139e+08
89.9201,110.355,4.30516,0,0.04,3.52339,3.52339,0,0.660248,6.048,4.14526e+06,2.70226e+06,1.46054e+07,0,0,0,5.38189e+08,99.3022,98.274,7.07257,0,0,2.05397,2.05397,0,1.58681,3.38688,8.61469e+06,3.61194e+06,1.76943e+07,0,0,0,1.44139e+08
89.9396,110.355,4.16877,0,0.04,3.52358,3.52358,0,0.660284,6.048,4.14526e+06,2.70226e+06,1.46061e+07,0,0,0,5.38189e+08,99.3022,98.274,7.19998,0,0,2.05408,2.05408,0,1.5869,3.38688,8.61469e+06,3.61194e+06,1.76952e+07,0,0,0,1.44139e+08
89.8076,110.355,3.98127,0,0.04,3.4752,3.4752,0,0.660319,6.048,4.14526e+06,2.70226e+06,1.44056e+07,0,0,0,5.38189e+08,99.3022,98.274,6.5588,0,0,2.02334,2.02334,0,1.58698,3.38688,8.61469e+06,3.61194e+06,1.74304e+07,0,0,0,1.44139e+08
89.2787,110.355,3.42128,0,0.04,3.47539,3.47539,0,0.651253,6.048,4.14526e+06,2.70226e+06,1.44064e+07,0,0,0,5.38189e+08,99.3022,98.274,5.82355,0,0,2.02345,2.02345,0,1.56323,3.38688,8.61469e+06,3.61194e+06,1.74314e+07,0,0,0,1.44139e+08
88.5303,110.355,3.15504,0,0.04,3.47557,3.47557,0,0.651288,6.048,4.14526e+06,2.70226e+06,1.44071e+07,0,0,0,5.38189e+08,99.3022,98.274,5.44304,0,0,2.02356,2.02356,0,1.56332,3.38688,8.61469e+06,3.61194e+06,1.74323e+07,0,0,0,1.44139e+08
87.5977,110.355,2.90287,0,0.04,3.47576,3.47576,0,0.651322,6.048,4.14526e+06,2.70226e+06,1.44079e+07,0,0,0,5.38189e+08,99.3022,98.274,5.14449,0,0,2.02366,2.02366,0,1.5634,3.38688,8.61469e+06,3.61194e+06,1.74332e+07,0,0,0,1.44139e+08
86.3455,110.355,2.67566,0,0.04,3.64083,3.64083,0,0.651357,6.048,4.14526e+06,2.70226e+06,1.50922e+07,0,0,0,5.38189e+08,99.3022,98.274,4.97117,0,0,2.13319,2.13319,0,1.56348,3.38688,8.61469e+06,3.61194e+06,1.83767e+07,0,0,0,1.44139e+08
84.9339,110.355,2.44185,0,0.04,3.64103,3.64103,0,0.682292,6.048,4.14526e+06,2.70226e+06,1.5093e+07,0,0,0,5.38189e+08,99.3022,98.274,4.65273,0,0,2.1333,2.1333,0,1.6481,3.38688,8.61469e+06,3.61194e+06,1.83777e+07,0,0,0,1.44139e+08
83.4404,110.355,2.25544,0,0.04,3.64122,3.64122,0,0.682328,6.048,4.14526e+06,2.70226e+06,1.50938e+07,0,0,0,5.38189e+08,99.3022,98.274,4.66932,0,0,2.13341,2.13341,0,1.64819,3.38688,8.61469e+06,3.61194e+06,1.83787e+07,0,0,0,1.44139e+08
81.8931,110.355,2.18168,0,0.04,3.64141,3.64141,0,0.682365,6.048,4.14526e+06,2.70226e+06,1.50946e+07,0,0,0,5.38189e+08,99.3022,98.274,4.62706,0,0,2.13353,2.13353,0,1.64828,3.38688,8.61469e+06,3.61194e+06,1.83797e+07,0,0,0,1.44139e+08
80.752,110.355,2.57642,0,0.04,3.64161,3.64161,0,0.682401,6.048,4.14526e+06,2.70226e+06,1.50954e+07,0,0,0,5.38189e+08,99.3022,98.274,4.01994,0,0,2.13364,2.13364,0,1.64836,3.38688,8.61469e+06,3.61194e+06,1.83807e+07,0,0,0,1.44139e+08
79.6738,110.355,2.59237,0,0.04,3.60919,3.60919,0,0.682438,6.048,4.14526e+06,2.70226e+06,1.4961e+07,0,0,0,5.38189e+08,99.3022,98.274,3.95104,0,0,2.19391,2.19391,0,1.64845,3.38688,8.61469e+06,3.61194e+06,1.88998e+07,0,0,0,1.44139e+08
78.4472,110.355,2.42376,0,0.04,3.60938,3.60938,0,0.676361,6.048,4.14526e+06,2.70226e+06,1.49618e+07,0,0,0,5.38189e+08,99.3022,98.274,4.03519,0,0,2.19403,2.19403,0,1.69501,3.38688,8.61469e+06,3.61194e+06,1.89008e+07,0,0,0,1.44139e+08
77.177,110.355,2.35606,0,0.04,3.60957,3.60957,0,0.676397,6.048,4.14526e+06,2.70226e+06,1.49626e+07,0,0,0,5.38189e+08,99.3022,98.274,3.84265,0,0,2.19414,2.19414,0,1.6951,3.38688,8.61469e+06,3.61194e+06,1.89019e+07,0,0,0,1.44139e+08
75.7904,110.355,2.21895,0,0.04,3.60976,3.60976,0,0.676434,6.048,4.14526e+06,2.70226e+06,1.49634e+07,0,0,0,5.38189e+08,99.2533,98.274,3.4466,0,0,2.19426,2.19426,0,1.69519,3.38688,8.61469e+06,3.61194e+06,1.89029e+07,0,0,0,1.44139e+08
74.295,110.355,2.14774,0,0.04,3.69421,3.69421,0,0.67647,6.048,4.14526e+06,2.70226e+06,1.53134e+07,0,0,0,5.38189e+08,99.0092,98.274,3.0922,0,0,2.248,2.248,0,1.69529,3.38688,8.61469e+06,3.61194e+06,1.93658e+07,0,0,0,1.44139e+08
72.6413,110.355,1.9681,0,0.04,3.6944,3.6944,0,0.692294,6.048,4.14526e+06,2.70226e+06,1.53142e+07,0,0,0,5.38189e+08,98.7229,98.274,3.01858,0,0,2.24812,2.24812,0,1.7368,3.38688,8.61469e+06,3.61194e+06,1.93668e+07,0,0,0,1.44139e+08
70.8287,110.355,1.7865,0,0.04,3.6946,3.6946,0,0.692331,6.048,4.14526e+06,2.70226e+06,1.53151e+07,0,0,0,5.38189e+08,98.4075,98.274,2.76112,0,0,2.24824,2.24824,0,1.7369,3.38688,8.61469e+06,3.61194e+06,1.93679e+07,0,0,0,1.44139e+08
68.8375,110.355,1.57141,0,0.04,3.6948,3.6948,0,0.692368,6.048,4.14526e+06,2.70226e+06,1.53159e+07,0,0,0,5.38189e+08,98.0804,98.274,2.73212,0,0,2.24836,2.24836,0,1.73699,3.38688,8.61469e+06,3.61194e+06,1.93689e+07,0,0,0,1.44139e+08
66.6929,110.355,1.60203,0,0.04,3.94177,3.94177,0,0.692405,6.048,4.14526e+06,2.70226e+06,1.63396e+07,0,0,0,5.38189e+08,97.583,98.274,2.35338,0,0,2.44206,2.44206,0,1.73708,3.38688,8.61469e+06,3.61194e+06,2.10376e+07,0,0,0,1.44139e+08
64.799,110.355,1.84071,0,0.04,3.94198,3.94198,0,0.738687,6.048,4.14526e+06,2.70226e+06,1.63405e+07,0,0,0,5.38189e+08,97.1505,98.274,2.76159,0,0,2.44219,2.44219,0,1.88674,3.38688,8.61469e+06,3.61194e+06,2.10387e+07,0,0,0,1.44139e+08
62.5696,110.355,1.49196,0,0.04,3.94219,3.94219,0,0.738726,6.048,4.14526e+06,2.70226e+06,1.63414e+07,0,0,0,5.38189e+08,96.5769,98.274,2.08655,0,0,2.44232,2.44232,0,1.88684,3.38688,8.61469e+06,3.61194e+06,2.10398e+07,0,0,0,1.44139e+08
60.6661,110.355,1.77323,0,0.04,3.9424,3.9424,0,0.738766,6.048,4.14526e+06,2.70226e+06,1.63423e+07,0,0,0,5.38189e+08,96.2643,98.274,3.39516,0,0,2.44245,2.44245,0,1.88694,3.38688,8.61469e+06,3.61194e+06,2.1041e+07,0,0,0,1.44139e+08
58.6234,110.355,1.55265,0,0.04,3.94261,3.94261,0,0.738805,6.048,4.14526e+06,2.70226e+06,1.63431e+07,0,0,0,5.38189e+08,95.6561,98.274,2.33744,0,0,2.44258,2.44258,0,1.88704,3.38688,8.61469e+06,3.61194e+06,2.10421e+07,0,0,0,1.44139e+08
56.6219,110.355,1.51157,0,0.04,3.82252,3.82252,0,0.738845,6.048,4.14526e+06,2.70226e+06,1.58453e+07,0,0,0,5.38189e+08,95.1047,98.274,2.32209,0,0,2.32518,2.32518,0,1.88714,3.38688,8.61469e+06,3.61194e+06,2.00307e+07,0,0,0,1.44139e+08
54.8355,110.355,1.72453,0,0.04,3.82272,3.82272,0,0.71634,6.048,4.14526e+06,2.70226e+06,1.58462e+07,0,0,0,5.38189e+08,94.7343,98.274,2.95715,0,0,2.32531,2.32531,0,1.79644,3.38688,8.61469e+06,3.61194e+06,2.00318e+07,0,0,0,1.44139e+08
53.0097,110.355,1.6833,0,0.04,3.82293,3.82293,0,0.716378,6.048,4.14526e+06,2.70226e+06,1.5847e+07,0,0,0,5.38189e+08,94.3523,98.274,2.88795,0,0,2.32543,2.32543,0,1.79653,3.38688,8.61469e+06,3.61194e+06,2.00329e+07,0,0,0,1.44139e+08
51.3328,110.355,1.8782,0,0.04,3.82313,3.82313,0,0.716416,6.048,4.14526e+06,2.70226e+06,1.58479e+07,0,0,0,5.38189e+08,94.1742,98.274,3.50384,0,0,2.32556,2.32556,0,1.79663,3.38688,8.61469e+06,3.61194e+06,2.00339e+07,0,0,0,1.44139e+08
49.3279,110.355,1.3152,0,0.04,3.72457,3.72457,0,0.716454,6.048,4.14526e+06,2.70226e+06,1.54393e+07,0,0,0,5.38189e+08,93.5837,98.274,2.14599,0,0,2.21868,2.21868,0,1.79672,3.38688,8.61469e+06,3.61194e+06,1.91132e+07,0,0,0,1.44139e+08
47.1882,110.355,1.17094,0,0.04,3.72477,3.72477,0,0.697984,6.048,4.14526e+06,2.70226e+06,1.54401e+07,0,0,0,5.38189e+08,93.1148,98.274,1.56305,0,0,2.21879,2.21879,0,1.71415,3.38688,8.61469e+06,3.61194e+06,1.91142e+07,0,0,0,1.44139e+08
45.445,110.355,1.54615,0,0.04,3.72496,3.72496,0,0.698021,6.048,4.14526e+06,2.70226e+06,1.54409e+07,0,0,0,5.38189e+08,93.0813,98.274,3.73883,0,0,2.21891,2.21891,0,1.71424,3.38688,8.61469e+06,3.61194e+06,1.91152e+07,0,0,0,1.44139e+08
46.2088,110.355,4.21237,0,0.04,3.72516,3.72516,0,0.698058,6.048,4.14526e+06,2.70226e+06,1.54418e+07,0,0,0,5.38189e+08,94.1829,98.274,7.17752,0,0,2.21903,2.21903,0,1.71433,3.38688,8.61469e+06,3.61194e+06,1.91163e+07,0,0,0,1.44139e+08
44.9376,110.355,1.85577,0,0.04,3.4448,3.4448,0,0.698096,6.048,4.14526e+06,2.70226e+06,1.42796e+07,0,0,0,5.38189e+08,94.1756,98.274,3.08658,0,0,1.99624,1.99624,0,1.71442,3.38688,8.61469e+06,3.61194e+06,1.7197e+07,0,0,0,1.44139e+08
45.3662,110.355,3.66427,0,0.04,3.44498,3.44498,0,0.645555,6.048,4.14526e+06,2.70226e+06,1.42803e+07,0,0,0,5.38189e+08,94.5636,98.274,5.02426,0,0,1.99635,1.99635,0,1.5423,3.38688,8.61469e+06,3.61194e+06,1.71979e+07,0,0,0,1.44139e+08
45.2922,110.355,3.14656,0,0.04,3.44517,3.44517,0,0.64559,6.048,4.14526e+06,2.70226e+06,1.42811e+07,0,0,0,5.38189e+08,94.7886,98.274,3.92897,0,0,1.99646,1.99646,0,1.54238,3.38688,8.61469e+06,3.61194e+06,1.71988e+07,0,0,0,1.44139e+08
46.7628,110.355,4.74465,0,0.04,3.44535,3.44535,0,0.645624,6.048,4.14526e+06,2.70226e+06,1.42819e+07,0,0,0,5.38189e+08,95.7658,98.274,6.72945,0,0,1.99656,1.99656,0,1.54246,3.38688,8.61469e+06,3.61194e+06,1.71998e+07,0,0,0,1.44139e+08
48.2305,110.355,4.7651,0,0.04,3.44553,3.44553,0,0.645659,6.048,4.14526e+06,2.70226e+06,1.42826e+07,0,0,0,5.38189e+08,96.6799,98.274,6.42595,0,0,1.99667,1.99667,0,1.54254,3.38688,8.61469e+06,3.61194e+06,1.72007e+07,0,0,0,1.44139e+08
49.7868,110.355,5.15038,0,0.04,3.55365,3.55365,0,0.645693,6.048,4.14526e+06,2.70226e+06,1.47308e+07,0,0,0,5.38189e+08,98.1661,98.274,6.40465,0,0,2.06133,2.06133,0,1.54263,3.38688,8.61469e+06,3.61194e+06,1.77577e+07,0,0,0,1.44139e+08
50.3792,110.355,4.07341,0,0.04,3.55381,3.55381,0,0.665953,6.048,4.14526e+06,2.70226e+06,1.47314e+07,0,0,0,5.38189e+08,98.9236,98.274,5.02605,0,0,2.06142,2.06142,0,1.59258,3.38688,8.61469e+06,3.61194e+06,1.77585e+07,0,0,0,1.44139e+08
50.5227,110.355,3.60038,0,0.04,3.55396,3.55396,0,0.665983,6.048,4.14526e+06,2.70226e+06,1.47321e+07,0,0,0,5.38189e+08,99.3022,98.274,4.39598,0,0,2.06151,2.06151,0,1.59265,3.38688,8.61469e+06,3.61194e+06,1.77593e+07,0,0,0,1.44139e+08
51.3876,110.355,4.34178,0,0.04,3.55412,3.55412,0,0.666013,6.048,4.14526e+06,2.70226e+06,1.47328e+07,0,0,0,5.38189e+08,99.3022,98.274,5.16306,0,0,2.06161,2.06161,0,1.59273,3.38688,8.61469e+06,3.61194e+06,1.77601e+07,0,0,0,1.44139e+08
53.8115,110.355,6.47256,0,0.04,3.90096,3.90096,0,0.666043,6.048,4.14526e+06,2.70226e+06,1.61705e+07,0,0,0,5.38189e+08,99.3022,98.274,5.59733,0,0,2.30411,2.30411,0,1.5928,3.38688,8.61469e+06,3.61194e+06,1.98492e+07,0,0,0,1.44139e+08
57.8145,110.355,8.2374,0,0.04,3.90113,3.90113,0,0.73104,6.048,4.14526e+06,2.70226e+06,1.61712e+07,0,0,0,5.38189e+08,99.3022,98.274,7.18217,0,0,2.30421,2.30421,0,1.78015,3.38688,8.61469e+06,3.61194e+06,1.98501e+07,0,0,0,1.44139e+08
63.8218,110.355,10.3729,0,0.04,3.90131,3.90131,0,0.731072,6.048,4.14526e+06,2.70226e+06,1.61719e+07,0,0,0,5.38189e+08,99.3022,98.274,11.5071,0,0,2.30431,2.30431,0,1.78023,3.38688,8.61469e+06,3.61194e+06,1.9851e+07,0,0,0,1.44139e+08
67.8832,110.355,8.54209,0,0.04,3.90148,3.90148,0,0.731105,6.048,4.14526e+06,2.70226e+06,1.61726e+07,0,0,0,5.38189e+08,99.3022,98.274,8.6401,0,0,2.30442,2.30442,0,1.78031,3.38688,8.61469e+06,3.61194e+06,1.98518e+07,0,0,0,1.44139e+08
70.9354,110.355,7.11346,0,0.04,3.4071,3.4071,0,0.731138,6.048,4.14526e+06,2.70226e+06,1.41233e+07,0,0,0,5.38189e+08,99.3022,98.274,12.6889,0,0,1.97914,1.97914,0,1.78039,3.38688,8.61469e+06,3.61194e+06,1.70497e+07,0,0,0,1.44139e+08
73.0635,110.355,6.13526,0,0.04,3.40725,3.40725,0,0.63849,6.048,4.14526e+06,2.70226e+06,1.41239e+07,0,0,0,5.38189e+08,99.3022,98.274,10.1248,0,0,1.97923,1.97923,0,1.52909,3.38688,8.61469e+06,3.61194e+06,1.70505e+07,0,0,0,1.44139e+08
75.6416,110.355,6.64071,0,0.04,3.4074,3.4074,0,0.638518,6.048,4.14526e+06,2.70226e+06,1.41245e+07,0,0,0,5.38189e+08,99.3022,98.274,10.716,0,0,1.97932,1.97932,0,1.52915,3.38688,8.61469e+06,3.61194e+06,1.70512e+07,0,0,0,1.44139e+08
77.6257,110.355,5.98202,0,0.04,3.40755,3.40755,0,0.638547,6.048,4.14526e+06,2.70226e+06,1.41252e+07,0,0,0,5.38189e+08,99.3022,98.274,9.43848,0,0,1.97941,1.97941,0,1.52922,3.38688,8.61469e+06,3.61194e+06,1.7052e+07,0,0,0,1.44139e+08
80.3918,110.355,6.95418,0,0.04,3.4077,3.4077,0,0.638575,6.048,4.14526e+06,2.70226e+06,1.41258e+07,0,0,0,5.38189e+08,99.3022,98.274,12.582,0,0,1.9795,1.9795,0,1.52929,3.38688,8.61469e+06,3.61194e+06,1.70527e+07,0,0,0,1.44139e+08
84.3083,110.355,8.36946,0,0.04,3.53237,3.53237,0,0.638604,6.048,4.14526e+06,2.70226e+06,1.46426e+07,0,0,0,5.38189e+08,99.3022,98.274,16.7061,0,0,2.0592,2.0592,0,1.52936,3.38688,8.61469e+06,3.61194e+06,1.77394e+07,0,0,0,1.44139e+08
86.6204,110.355,6.81647,0,0.04,3.53253,3.53253,0,0.661966,6.048,4.14526e+06,2.70226e+06,1.46432e+07,0,0,0,5.38189e+08,99.3022,98.274,12.87,0,0,2.05929,2.05929,0,1.59094,3.38688,8.61469e+06,3.61194e+06,1.77402e+07,0,0,0,1.44139e+08
88.0468,110.355,5.79885,0,0.04,3.53269,3.53269,0,0.661996,6.048,4.14526e+06,2.70226e+06,1.46439e+07,0,0,0,5.38189e+08,99.3022,98.274,11.9705,0,0,2.05939,2.05939,0,1.59101,3.38688,8.61469e+06,3.61194e+06,1.7741e+07,0,0,0,1.44139e+08
89.1257,110.355,5.27276,0,0.04,3.53284,3.53284,0,0.662026,6.048,4.14526e+06,2.70226e+06,1.46445e+07,0,0,0,5.38189e+08,99.3022,98.274,9.69279,0,0,2.05948,2.05948,0,1.59108,3.38688,8.61469e+06,3.61194e+06,1.77418e+07,0,0,0,1.44139e+08
89.4339,110.355,4.41508,0,0.04,3.48431,3.48431,0,0.662055,6.048,4.14526e+06,2.70226e+06,1.44434e+07,0,0,0,5.38189e+08,99.3022,98.274,6.52481,0,0,2.02864,2.02864,0,1.59115,3.38688,8.61469e+06,3.61194e+06,1.74761e+07,0,0,0,1.44139e+08
89.431,110.355,4.08552,0,0.04,3.48446,3.48446,0,0.652959,6.048,4.14526e+06,2.70226e+06,1.4444e+07,0,0,0,5.38189e+08,99.3022,98.274,5.50917,0,0,2.02873,2.02873,0,1.56733,3.38688,8.61469e+06,3.61194e+06,1.74769e+07,0,0,0,1.44139e+08
89.1693,110.355,3.79589,0,0.04,3.48462,3.48462,0,0.652989,6.048,4.14526e+06,2.70226e+06,1.44446e+07,0,0,0,5.38189e+08,99.3022,98.274,5.01248,0,0,2.02882,2.02882,0,1.5674,3.38688,8.61469e+06,3.61194e+06,1.74777e+07,0,0,0,1.44139e+08
88.6509,110.355,3.46687,0,0.04,3.48478,3.48478,0,0.653018,6.048,4.14526e+06,2.70226e+06,1.44453e+07,0,0,0,5.38189e+08,99.3022,98.274,4.70701,0,0,2.02891,2.02891,0,1.56747,3.38688,8.61469e+06,3.61194e+06,1.74785e+07,0,0,0,1.44139e+08
87.8045,110.355,3.15666,0,0.04,3.65025,3.65025,0,0.653047,6.048,4.14526e+06,2.70226e+06,1.51312e+07,0,0,0,5.38189e+08,99.3022,98.274,3.72903,0,0,2.1387,2.1387,0,1.56754,3.38688,8.61469e+06,3.61194e+06,1.84243e+07,0,0,0,1.44139e+08
86.8378,110.355,2.99778,0,0.04,3.65041,3.65041,0,0.684056,6.048,4.14526e+06,2.70226e+06,1.51319e+07,0,0,0,5.38189e+08,99.3022,98.274,3.47288,0,0,2.1388,2.1388,0,1.65236,3.38688,8.61469e+06,3.61194e+06,1.84251e+07,0,0,0,1.44139e+08
85.7557,110.355,2.86408,0,0.04,3.65057,3.65057,0,0.684087,6.048,4.14526e+06,2.70226e+06,1.51326e+07,0,0,0,5.38189e+08,99.3022,98.274,3.6407,0,0,2.13889,2.13889,0,1.65244,3.38688,8.61469e+06,3.61194e+06,1.84259e+07,0,0,0,1.44139e+08
84.4371,110.355,2.65042,0,0.04,3.65073,3.65073,0,0.684117,6.048,4.14526e+06,2.70226e+06,1.51332e+07,0,0,0,5.38189e+08,99.3022,98.274,3.47087,0,0,2.13899,2.13899,0,1.65251,3.38688,8.61469e+06,3.61194e+06,1.84267e+07,0,0,0,1.44139e+08
83.1757,110.355,2.48101,0,0.04,3.6509,3.6509,0,0.684148,6.048,4.14526e+06,2.70226e+06,1.51339e+07,0,0,0,5.38189e+08,99.2405,98.274,3.00792,0,0,2.13908,2.13908,0,1.65258,3.38688,8.61469e+06,3.61194e+06,1.84275e+07,0,0,0,1.44139e+08
81.7422,110.355,2.25568,0,0.04,3.61836,3.61836,0,0.684178,6.048,4.14526e+06,2.70226e+06,1.4999e+07,0,0,0,5.38189e+08,99.0454,98.274,2.65702,0,0,2.19949,2.19949,0,1.65266,3.38688,8.61469e+06,3.61194e+06,1.89479e+07,0,0,0,1.44139e+08
80.082,110.355,2.04135,0,0.04,3.61852,3.61852,0,0.678081,6.048,4.14526e+06,2.70226e+06,1.49997e+07,0,0,0,5.38189e+08,98.7609,98.274,2.45588,0,0,2.19958,2.19958,0,1.69932,3.38688,8.61469e+06,3.61194e+06,1.89487e+07,0,0,0,1.44139e+08
78.302,110.355,1.89568,0,0.04,3.61868,3.61868,0,0.678111,6.048,4.14526e+06,2.70226e+06,1.50004e+07,0,0,0,5.38189e+08,98.4473,98.274,2.36989,0,0,2.19968,2.19968,0,1.6994,3.38688,8.61469e+06,3.61194e+06,1.89496e+07,0,0,0,1.44139e+08
76.3941,110.355,1.73009,0,0.04,3.61884,3.61884,0,0.678141,6.048,4.14526e+06,2.70226e+06,1.5001e+07,0,0,0,5.38189e+08,98.0427,98.274,2.16442,0,0,2.19978,2.19978,0,1.69947,3.38688,8.61469e+06,3.61194e+06,1.89504e+07,0,0,0,1.44139e+08
74.4124,110.355,1.68435,0,0.04,3.70347,3.70347,0,0.678171,6.048,4.14526e+06,2.70226e+06,1.53518e+07,0,0,0,5.38189e+08,97.6888,98.274,2.11188,0,0,2.25363,2.25363,0,1.69955,3.38688,8.61469e+06,3.61194e+06,1.94143e+07,0,0,0,1.44139e+08
72.3414,110.355,1.55766,0,0.04,3.70363,3.70363,0,0.69403,6.048,4.14526e+06,2.70226e+06,1.53525e+07,0,0,0,5.38189e+08,97.2008,98.274,2.13283,0,0,2.25373,2.25373,0,1.74116,3.38688,8.61469e+06,3.61194e+06,1.94152e+07,0,0,0,1.44139e+08
70.1808,110.355,1.44384,0,0.04,3.7038,3.7038,0,0.694061,6.048,4.14526e+06,2.70226e+06,1.53532e+07,0,0,0,5.38189e+08,96.7251,98.274,1.8983,0,0,2.25383,2.25383,0,1.74123,3.38688,8.61469e+06,3.61194e+06,1.94161e+07,0,0,0,1.44139e+08
68.0765,110.355,1.46861,0,0.04,3.70396,3.70396,0,0.694092,6.048,4.14526e+06,2.70226e+06,1.53539e+07,0,0,0,5.38189e+08,96.284,98.274,2.16094,0,0,2.25393,2.25393,0,1.74131,3.38688,8.61469e+06,3.61194e+06,1.94169e+07,0,0,0,1.44139e+08
65.5154,110.355,1.16543,0,0.04,3.95151,3.95151,0,0.694122,6.048,4.14526e+06,2.70226e+06,1.638e+07,0,0,0,5.38189e+08,95.6829,98.274,1.91619,0,0,2.4481,2.4481,0,1.74139,3.38688,8.61469e+06,3.61194e+06,2.10896e+07,0,0,0,1.44139e+08
62.7307,110.355,0.896095,0,0.04,3.95169,3.95169,0,0.740513,6.048,4.14526e+06,2.70226e+06,1.63808e+07,0,0,0,5.38189e+08,95.0074,98.274,1.67265,0,0,2.44821,2.44821,0,1.8914,3.38688,8.61469e+06,3.61194e+06,2.10905e+07,0,0,0,1.44139e+08
60.0359,110.355,0.94513,0,0.04,3.95186,3.95186,0,0.740546,6.048,4.14526e+06,2.70226e+06,1.63815e+07,0,0,0,5.38189e+08,94.4605,98.274,1.66072,0,0,2.44832,2.44832,0,1.89149,3.38688,8.61469e+06,3.61194e+06,2.10915e+07,0,0,0,1.44139e+08
57.8125,110.355,1.41703,0,0.04,3.95204,3.95204,0,0.740579,6.048,4.14526e+06,2.70226e+06,1.63822e+07,0,0,0,5.38189e+08,93.9914,98.274,1.96359,0,0,2.44843,2.44843,0,1.89157,3.38688,8.61469e+06,3.61194e+06,2.10924e+07,0,0,0,1.44139e+08
55.9585,110.355,1.78776,0,0.04,3.95222,3.95222,0,0.740612,6.048,4.14526e+06,2.70226e+06,1.63829e+07,0,0,0,5.38189e+08,93.6755,98.274,2.36378,0,0,2.44854,2.44854,0,1.89165,3.38688,8.61469e+06,3.61194e+06,2.10934e+07,0,0,0,1.44139e+08
53.8547,110.355,1.40239,0,0.04,3.8318,3.8318,0,0.740645,6.048,4.14526e+06,2.70226e+06,1.58838e+07,0,0,0,5.38189e+08,93.3655,98.274,2.60243,0,0,2.33083,2.33083,0,1.89174,3.38688,8.61469e+06,3.61194e+06,2.00794e+07,0,0,0,1.44139e+08
51.6671,110.355,1.28567,0,0.04,3.83197,3.83197,0,0.718079,6.048,4.14526e+06,2.70226e+06,1.58845e+07,0,0,0,5.38189e+08,92.9893,98.274,2.06991,0,0,2.33093,2.33093,0,1.8008,3.38688,8.61469e+06,3.61194e+06,2.00803e+07,0,0,0,1.44139e+08
49.2733,110.355,1.01543,0,0.04,3.83214,3.83214,0,0.718111,6.048,4.14526e+06,2.70226e+06,1.58852e+07,0,0,0,5.38189e+08,92.5561,98.274,1.83432,0,0,2.33104,2.33104,0,1.80088,3.38688,8.61469e+06,3.61194e+06,2.00812e+07,0,0,0,1.44139e+08
47.3245,110.355,1.48262,0,0.04,3.83231,3.83231,0,0.718143,6.048,4.14526e+06,2.70226e+06,1.58859e+07,0,0,0,5.38189e+08,91.8277,98.274,2.01041,0,0,2.33114,2.33114,0,1.80096,3.38688,8.61469e+06,3.61194e+06,2.00821e+07,0,0,0,1.44139e+08
45.923,110.355,1.93255,0,0.04,3.73348,3.73348,0,0.718175,6.048,4.14526e+06,2.70226e+06,1.54762e+07,0,0,0,5.38189e+08,91.1985,98.274,1.29577,0,0,2.22399,2.22399,0,1.80104,3.38688,8.61469e+06,3.61194e+06,1.91589e+07,0,0,0,1.44139e+08
44.2787,110.355,1.63925,0,0.04,3.73365,3.73365,0,0.699654,6.048,4.14526e+06,2.70226e+06,1.54769e+07,0,0,0,5.38189e+08,90.6967,98.274,1.54438,0,0,2.22408,2.22408,0,1.71825,3.38688,8.61469e+06,3.61194e+06,1.91598e+07,0,0,0,1.44139e+08
45.9292,110.355,5.07809,0,0.04,3.73381,3.73381,0,0.699686,6.048,4.14526e+06,2.70226e+06,1.54776e+07,0,0,0,5.38189e+08,90.9266,98.274,4.84117,0,0,2.22418,2.22418,0,1.71833,3.38688,8.61469e+06,3.61194e+06,1.91606e+07,0,0,0,1.44139e+08
46.6525,110.355,4.16679,0,0.04,3.73398,3.73398,0,0.699717,6.048,4.14526e+06,2.70226e+06,1.54783e+07,0,0,0,5.38189e+08,91.0163,98.274,2.66293,0,0,2.22428,2.22428,0,1.7184,3.38688,8.61469e+06,3.61194e+06,1.91615e+07,0,0,0,1.44139e+08
47.0083,110.355,3.74325,0,0.04,3.45292,3.45292,0,0.699748,6.048,4.14526e+06,2.70226e+06,1.43133e+07,0,0,0,5.38189e+08,91.1478,98.274,3.90695,0,0,2.00095,2.00095,0,1.71848,3.38688,8.61469e+06,3.61194e+06,1.72376e+07,0,0,0,1.44139e+08
48.2745,110.355,4.72009,0,0.04,3.45308,3.45308,0,0.647078,6.048,4.14526e+06,2.70226e+06,1.43139e+07,0,0,0,5.38189e+08,91.3265,98.274,5.02382,0,0,2.00104,2.00104,0,1.54593,3.38688,8.61469e+06,3.61194e+06,1.72383e+07,0,0,0,1.44139e+08
52.5959,110.355,7.8492,0,0.04,3.45323,3.45323,0,0.647107,6.048,4.14526e+06,2.70226e+06,1.43145e+07,0,0,0,5.38189e+08,91.4972,98.274,5.03898,0,0,2.00113,2.00113,0,1.546,3.38688,8.61469e+06,3.61194e+06,1.72391e+07,0,0,0,1.44139e+08
56.796,110.355,7.80568,0,0.04,3.45339,3.45339,0,0.647136,6.048,4.14526e+06,2.70226e+06,1.43152e+07,0,0,0,5.38189e+08,91.9686,98.274,5.03899,0,0,2.00122,2.00122,0,1.54607,3.38688,8.61469e+06,3.61194e+06,1.72399e+07,0,0,0,1.44139e+08
64.1842,110.355,11.2225,0,0.04,3.45354,3.45354,0,0.647164,6.048,4.14526e+06,2.70226e+06,1.43158e+07,0,0,0,5.38189e+08,92.837,98.274,5.74161,0,0,2.00131,2.00131,0,1.54614,3.38688,8.61469e+06,3.61194e+06,1.72406e+07,0,0,0,1.44139e+08
67.5573,110.355,7.38941,0,0.04,3.56187,3.56187,0,0.647193,6.048,4.14526e+06,2.70226e+06,1.47649e+07,0,0,0,5.38189e+08,93.6097,98.274,5.31058,0,0,2.0661,2.0661,0,1.54621,3.38688,8.61469e+06,3.61194e+06,1.77988e+07,0,0,0,1.44139e+08
68.9442,110.355,5.13854,0,0.04,3.562,3.562,0,0.667495,6.048,4.14526e+06,2.70226e+06,1.47654e+07,0,0,0,5.38189e+08,94.1866,98.274,4.27678,0,0,2.06617,2.06617,0,1.59627,3.38688,8.61469e+06,3.61194e+06,1.77994e+07,0,0,0,1.44139e+08
70.7215,110.355,5.57546,0,0.04,3.56213,3.56213,0,0.667519,6.048,4.14526e+06,2.70226e+06,1.47659e+07,0,0,0,5.38189e+08,94.9912,98.274,5.13498,0,0,2.06625,2.06625,0,1.59633,3.38688,8.61469e+06,3.61194e+06,1.78001e+07,0,0,0,1.44139e+08
74.4079,110.355,7.58151,0,0.04,3.56226,3.56226,0,0.667543,6.048,4.14526e+06,2.70226e+06,1.47665e+07,0,0,0,5.38189e+08,95.9498,98.274,5.64338,0,0,2.06632,2.06632,0,1.59638,3.38688,8.61469e+06,3.61194e+06,1.78007e+07,0,0,0,1.44139e+08
77.5591,110.355,7.42544,0,0.04,3.90985,3.90985,0,0.667567,6.048,4.14526e+06,2.70226e+06,1.62073e+07,0,0,0,5.38189e+08,96.8247,98.274,5.85554,0,0,2.30936,2.30936,0,1.59644,3.38688,8.61469e+06,3.61194e+06,1.98944e+07,0,0,0,1.44139e+08
81.7201,110.355,8.46943,0,0.04,3.90999,3.90999,0,0.732706,6.048,4.14526e+06,2.70226e+06,1.62079e+07,0,0,0,5.38189e+08,98.3198,98.274,9.35317,0,0,2.30944,2.30944,0,1.78421,3.38688,8.61469e+06,3.61194e+06,1.98951e+07,0,0,0,1.44139e+08
84.1767,110.355,6.92725,0,0.04,3.91013,3.91013,0,0.732732,6.048,4.14526e+06,2.70226e+06,1.62085e+07,0,0,0,5.38189e+08,99.3022,98.274,6.68275,0,0,2.30953,2.30953,0,1.78428,3.38688,8.61469e+06,3.61194e+06,1.98958e+07,0,0,0,1.44139e+08
84.8626,110.355,4.9781,0,0.04,3.91027,3.91027,0,0.732758,6.048,4.14526e+06,2.70226e+06,1.62091e+07,0,0,0,5.38189e+08,98.8564,98.274,3.86463,0,0,2.30961,2.30961,0,1.78434,3.38688,8.61469e+06,3.61194e+06,1.98966e+07,0,0,0,1.44139e+08
84.0511,110.355,2.8532,0,0.04,3.41474,3.41474,0,0.732785,6.048,4.14526e+06,2.70226e+06,1.4155e+07,0,0,0,5.38189e+08,98.7762,98.274,2.43909,0,0,1.98358,1.98358,0,1.7844,3.38688,8.61469e+06,3.61194e+06,1.7088e+07,0,0,0,1.44139e+08
83.4679,110.355,3.14824,0,0.04,3.41486,3.41486,0,0.639922,6.048,4.14526e+06,2.70226e+06,1.41555e+07,0,0,0,5.38189e+08,98.9387,98.274,2.74042,0,0,1.98366,1.98366,0,1.53252,3.38688,8.61469e+06,3.61194e+06,1.70886e+07,0,0,0,1.44139e+08
83.744,110.355,4.03346,0,0.04,3.41499,3.41499,0,0.639945,6.048,4.14526e+06,2.70226e+06,1.4156e+07,0,0,0,5.38189e+08,99.3022,98.274,3.82208,0,0,1.98373,1.98373,0,1.53257,3.38688,8.61469e+06,3.61194e+06,1.70892e+07,0,0,0,1.44139e+08
84.238,110.355,4.39542,0,0.04,3.41511,3.41511,0,0.639968,6.048,4.14526e+06,2.70226e+06,1.41565e+07,0,0,0,5.38189e+08,99.3022,98.274,5.33153,0,0,1.9838,1.9838,0,1.53263,3.38688,8.61469e+06,3.61194e+06,1.70898e+07,0,0,0,1.44139e+08
86.0931,110.355,5.75847,0,0.04,3.41523,3.41523,0,0.639991,6.048,4.14526e+06,2.70226e+06,1.4157e+07,0,0,0,5.38189e+08,99.3022,98.274,5.52036,0,0,1.98387,1.98387,0,1.53268,3.38688,8.61469e+06,3.61194e+06,1.70904e+07,0,0,0,1.44139e+08
86.2975,110.355,4.25999,0,0.04,3.54014,3.54014,0,0.640014,6.048,4.14526e+06,2.70226e+06,1.46748e+07,0,0,0,5.38189e+08,99.3022,98.274,4.58685,0,0,2.06373,2.06373,0,1.53274,3.38688,8.61469e+06,3.61194e+06,1.77784e+07,0,0,0,1.44139e+08
86.1565,110.355,3.89213,0,0.04,3.54027,3.54027,0,0.663423,6.048,4.14526e+06,2.70226e+06,1.46753e+07,0,0,0,5.38189e+08,99.3022,98.274,3.89898,0,0,2.06381,2.06381,0,1.59444,3.38688,8.61469e+06,3.61194e+06,1.7779e+07,0,0,0,1.44139e+08
85.9313,110.355,3.7369,0,0.04,3.5404,3.5404,0,0.663446,6.048,4.14526e+06,2.70226e+06,1.46759e+07,0,0,0,5.38189e+08,99.3022,98.274,3.69016,0,0,2.06388,2.06388,0,1.5945,3.38688,8.61469e+06,3.61194e+06,1.77797e+07,0,0,0,1.44139e+08
85.182,110.355,3.15221,0,0.04,3.54052,3.54052,0,0.66347,6.048,4.14526e+06,2.70226e+06,1.46764e+07,0,0,0,5.38189e+08,99.3022,98.274,3.39418,0,0,2.06395,2.06395,0,1.59455,3.38688,8.61469e+06,3.61194e+06,1.77803e+07,0,0,0,1.44139e+08
84.0595,110.355,2.71838,0,0.04,3.49185,3.49185,0,0.663494,6.048,4.14526e+06,2.70226e+06,1.44746e+07,0,0,0,5.38189e+08,99.3022,98.274,3.96327,0,0,2.03303,2.03303,0,1.59461,3.38688,8.61469e+06,3.61194e+06,1.75139e+07,0,0,0,1.44139e+08
82.7658,110.355,2.42113,0,0.04,3.49198,3.49198,0,0.654373,6.048,4.14526e+06,2.70226e+06,1.44751e+07,0,0,0,5.38189e+08,99.3022,98.274,4.02525,0,0,2.03311,2.03311,0,1.57072,3.38688,8.61469e+06,3.61194e+06,1.75146e+07,0,0,0,1.44139e+08
82.2119,110.355,3.16328,0,0.04,3.4921,3.4921,0,0.654396,6.048,4.14526e+06,2.70226e+06,1.44757e+07,0,0,0,5.38189e+08,99.3022,98.274,4.25303,0,0,2.03318,2.03318,0,1.57078,3.38688,8.61469e+06,3.61194e+06,1.75152e+07,0,0,0,1.44139e+08
81.3954,110.355,2.87849,0,0.04,3.49223,3.49223,0,0.65442,6.048,4.14526e+06,2.70226e+06,1.44762e+07,0,0,0,5.38189e+08,99.3022,98.274,4.12332,0,0,2.03325,2.03325,0,1.57083,3.38688,8.61469e+06,3.61194e+06,1.75158e+07,0,0,0,1.44139e+08
79.9888,110.355,2.36035,0,0.04,3.65802,3.65802,0,0.654443,6.048,4.14526e+06,2.70226e+06,1.51634e+07,0,0,0,5.38189e+08,99.3022,98.274,3.60913,0,0,2.14326,2.14326,0,1.57089,3.38688,8.61469e+06,3.61194e+06,1.84635e+07,0,0,0,1.44139e+08
78.468,110.355,2.17555,0,0.04,3.65815,3.65815,0,0.685513,6.048,4.14526e+06,2.70226e+06,1.5164e+07,0,0,0,5.38189e+08,99.3022,98.274,3.39674,0,0,2.14333,2.14333,0,1.65588,3.38688,8.61469e+06,3.61194e+06,1.84641e+07,0,0,0,1.44139e+08
76.9353,110.355,2.14719,0,0.04,3.65828,3.65828,0,0.685537,6.048,4.14526e+06,2.70226e+06,1.51645e+07,0,0,0,5.38189e+08,99.3022,98.274,3.46009,0,0,2.14341,2.14341,0,1.65594,3.38688,8.61469e+06,3.61194e+06,1.84648e+07,0,0,0,1.44139e+08
75.2876,110.355,2.01131,0,0.04,3.65841,3.65841,0,0.685562,6.048,4.14526e+06,2.70226e+06,1.51651e+07,0,0,0,5.38189e+08,99.3022,98.274,3.29532,0,0,2.14349,2.14349,0,1.656,3.38688,8.61469e+06,3.61194e+06,1.84655e+07,0,0,0,1.44139e+08
73.858,110.355,2.20612,0,0.04,3.65854,3.65854,0,0.685586,6.048,4.14526e+06,2.70226e+06,1.51656e+07,0,0,0,5.38189e+08,99.3022,98.274,3.36863,0,0,2.14356,2.14356,0,1.65606,3.38688,8.61469e+06,3.61194e+06,1.84661e+07,0,0,0,1.44139e+08
72.7149,110.355,2.44924,0,0.04,3.62591,3.62591,0,0.685611,6.048,4.14526e+06,2.70226e+06,1.50303e+07,0,0,0,5.38189e+08,99.3022,98.274,3.71196,0,0,2.20407,2.20407,0,1.65612,3.38688,8.61469e+06,3.61194e+06,1.89874e+07,0,0,0,1.44139e+08
71.3723,110.355,2.23636,0,0.04,3.62603,3.62603,0,0.679495,6.048,4.14526e+06,2.70226e+06,1.50308e+07,0,0,0,5.38189e+08,99.3022,98.274,3.6385,0,0,2.20415,2.20415,0,1.70287,3.38688,8.61469e+06,3.61194e+06,1.89881e+07,0,0,0,1.44139e+08
69.8479,110.355,2.0278,0,0.04,3.62616,3.62616,0,0.679519,6.048,4.14526e+06,2.70226e+06,1.50314e+07,0,0,0,5.38189e+08,99.3022,98.274,3.31425,0,0,2.20423,2.20423,0,1.70293,3.38688,8.61469e+06,3.61194e+06,1.89888e+07,0,0,0,1.44139e+08
68.2702,110.355,1.91845,0,0.04,3.62629,3.62629,0,0.679543,6.048,4.14526e+06,2.70226e+06,1.50319e+07,0,0,0,5.38189e+08,99.2028,98.274,3.24136,0,0,2.20431,2.20431,0,1.70299,3.38688,8.61469e+06,3.61194e+06,1.89894e+07,0,0,0,1.44139e+08
67.1639,110.355,2.46328,0,0.04,3.71106,3.71106,0,0.679568,6.048,4.14526e+06,2.70226e+06,1.53833e+07,0,0,0,5.38189e+08,99.1483,98.274,3.39106,0,0,2.25825,2.25825,0,1.70305,3.38688,8.61469e+06,3.61194e+06,1.94541e+07,0,0,0,1.44139e+08
65.8697,110.355,2.25632,0,0.04,3.71119,3.71119,0,0.695452,6.048,4.14526e+06,2.70226e+06,1.53838e+07,0,0,0,5.38189e+08,99.0396,98.274,3.3054,0,0,2.25833,2.25833,0,1.74473,3.38688,8.61469e+06,3.61194e+06,1.94548e+07,0,0,0,1.44139e+08
64.3872,110.355,2.04685,0,0.04,3.71132,3.71132,0,0.695477,6.048,4.14526e+06,2.70226e+06,1.53844e+07,0,0,0,5.38189e+08,98.8933,98.274,3.03065,0,0,2.25841,2.25841,0,1.74479,3.38688,8.61469e+06,3.61194e+06,1.94555e+07,0,0,0,1.44139e+08
62.6905,110.355,1.79787,0,0.04,3.71146,3.71146,0,0.695502,6.048,4.14526e+06,2.70226e+06,1.53849e+07,0,0,0,5.38189e+08,98.7338,98.274,3,0,0,2.2585,2.2585,0,1.74485,3.38688,8.61469e+06,3.61194e+06,1.94562e+07,0,0,0,1.44139e+08
60.8141,110.355,1.79049,0,0.04,3.95947,3.95947,0,0.695527,6.048,4.14526e+06,2.70226e+06,1.6413e+07,0,0,0,5.38189e+08,98.4686,98.274,2.83768,0,0,2.45303,2.45303,0,1.74491,3.38688,8.61469e+06,3.61194e+06,2.11321e+07,0,0,0,1.44139e+08
59.0784,110.355,1.90038,0,0.04,3.95961,3.95961,0,0.742005,6.048,4.14526e+06,2.70226e+06,1.64136e+07,0,0,0,5.38189e+08,98.1118,98.274,2.67954,0,0,2.45312,2.45312,0,1.89521,3.38688,8.61469e+06,3.61194e+06,2.11329e+07,0,0,0,1.44139e+08
57.4859,110.355,2.04182,0,0.04,3.95975,3.95975,0,0.742031,6.048,4.14526e+06,2.70226e+06,1.64142e+07,0,0,0,5.38189e+08,97.9,98.274,3.25493,0,0,2.45321,2.45321,0,1.89528,3.38688,8.61469e+06,3.61194e+06,2.11336e+07,0,0,0,1.44139e+08
55.5759,110.355,1.69022,0,0.04,3.9599,3.9599,0,0.742058,6.048,4.14526e+06,2.70226e+06,1.64148e+07,0,0,0,5.38189e+08,97.4791,98.274,2.31952,0,0,2.45329,2.45329,0,1.89535,3.38688,8.61469e+06,3.61194e+06,2.11344e+07,0,0,0,1.44139e+08
54.4576,110.355,2.46349,0,0.04,3.96004,3.96004,0,0.742085,6.048,4.14526e+06,2.70226e+06,1.64154e+07,0,0,0,5.38189e+08,97.6249,98.274,4.73357,0,0,2.45338,2.45338,0,1.89541,3.38688,8.61469e+06,3.61194e+06,2.11351e+07,0,0,0,1.44139e+08
54.4147,110.355,3.45678,0,0.04,3.83935,3.83935,0,0.742111,6.048,4.14526e+06,2.70226e+06,1.59151e+07,0,0,0,5.38189e+08,97.9229,98.274,4.57984,0,0,2.33542,2.33542,0,1.89548,3.38688,8.61469e+06,3.61194e+06,2.01189e+07,0,0,0,1.44139e+08
53.8423,110.355,2.91569,0,0.04,3.83949,3.83949,0,0.719494,6.048,4.14526e+06,2.70226e+06,1.59157e+07,0,0,0,5.38189e+08,98.7322,98.274,7.1111,0,0,2.33551,2.33551,0,1.80435,3.38688,8.61469e+06,3.61194e+06,2.01197e+07,0,0,0,1.44139e+08
52.8744,110.355,2.50996,0,0.04,3.83963,3.83963,0,0.71952,6.048,4.14526e+06,2.70226e+06,1.59162e+07,0,0,0,5.38189e+08,98.7637,98.274,4.10977,0,0,2.33559,2.33559,0,1.80441,3.38688,8.61469e+06,3.61194e+06,2.01204e+07,0,0,0,1.44139e+08
52.0139,110.355,2.61005,0,0.04,3.83976,3.83976,0,0.719546,6.048,4.14526e+06,2.70226e+06,1.59168e+07,0,0,0,5.38189e+08,98.7745,98.274,4.00037,0,0,2.33567,2.33567,0,1.80448,3.38688,8.61469e+06,3.61194e+06,2.01211e+07,0,0,0,1.44139e+08
52.3238,110.355,3.85357,0,0.04,3.74071,3.74071,0,0.719572,6.048,4.14526e+06,2.70226e+06,1.55062e+07,0,0,0,5.38189e+08,99.2343,98.274,6.17056,0,0,2.22829,2.22829,0,1.80454,3.38688,8.61469e+06,3.61194e+06,1.9196e+07,0,0,0,1.44139e+08
52.3092,110.355,3.58594,0,0.04,3.74084,3.74084,0,0.701009,6.048,4.14526e+06,2.70226e+06,1.55067e+07,0,0,0,5.38189e+08,99.3022,98.274,8.54372,0,0,2.22837,2.22837,0,1.72158,3.38688,8.61469e+06,3.61194e+06,1.91967e+07,0,0,0,1.44139e+08
52.334,110.355,3.5717,0,0.04,3.74098,3.74098,0,0.701034,6.048,4.14526e+06,2.70226e+06,1.55073e+07,0,0,0,5.38189e+08,99.3022,98.274,8.86696,0,0,2.22845,2.22845,0,1.72164,3.38688,8.61469e+06,3.61194e+06,1.91974e+07,0,0,0,1.44139e+08
53.216,110.355,4.61223,0,0.04,3.74111,3.74111,0,0.701059,6.048,4.14526e+06,2.70226e+06,1.55079e+07,0,0,0,5.38189e+08,99.3022,98.274,10.7602,0,0,2.22853,2.22853,0,1.7217,3.38688,8.61469e+06,3.61194e+06,1.91981e+07,0,0,0,1.44139e+08
56.99,110.355,7.30094,0,0.04,3.45948,3.45948,0,0.701084,6.048,4.14526e+06,2.70226e+06,1.43405e+07,0,0,0,5.38189e+08,99.3022,98.274,11.9579,0,0,2.00475,2.00475,0,1.72176,3.38688,8.61469e+06,3.61194e+06,1.72703e+07,0,0,0,1.44139e+08
58.1959,110.355,4.71118,0,0.04,3.45961,3.45961,0,0.648307,6.048,4.14526e+06,2.70226e+06,1.4341e+07,0,0,0,5.38189e+08,99.3022,98.274,7.87062,0,0,2.00482,2.00482,0,1.54887,3.38688,8.61469e+06,3.61194e+06,1.72709e+07,0,0,0,1.44139e+08
62.1641,110.355,7.63717,0,0.04,3.45973,3.45973,0,0.648331,6.048,4.14526e+06,2.70226e+06,1.43415e+07,0,0,0,5.38189e+08,99.3022,98.274,11.5524,0,0,2.0049,2.0049,0,1.54893,3.38688,8.61469e+06,3.61194e+06,1.72716e+07,0,0,0,1.44139e+08
66.1187,110.355,7.87063,0,0.04,3.45986,3.45986,0,0.648354,6.048,4.14526e+06,2.70226e+06,1.4342e+07,0,0,0,5.38189e+08,99.3022,98.274,10.5436,0,0,2.00497,2.00497,0,1.54898,3.38688,8.61469e+06,3.61194e+06,1.72722e+07,0,0,0,1.44139e+08
84.4922,110.355,22.925,0,0.04,3.45998,3.45998,0,0.648377,6.048,4.14526e+06,2.70226e+06,1.43425e+07,0,0,0,5.38189e+08,99.3022,98.274,32.1147,0,0,2.00504,2.00504,0,1.54904,3.38688,8.61469e+06,3.61194e+06,1.72728e+07,0,0,0,1.44139e+08
86.5357,110.355,6.23374,0,0.04,3.56848,3.56848,0,0.6484,6.048,4.14526e+06,2.70226e+06,1.47923e+07,0,0,0,5.38189e+08,99.3022,98.274,5.65602,0,0,2.06994,2.06994,0,1.54909,3.38688,8.61469e+06,3.61194e+06,1.78318e+07,0,0,0,1.44139e+08
87.534,110.355,5.17834,0,0.04,3.56858,3.56858,0,0.668734,6.048,4.14526e+06,2.70226e+06,1.47927e+07,0,0,0,5.38189e+08,99.3022,98.274,9.44292,0,0,2.06999,2.06999,0,1.59923,3.38688,8.61469e+06,3.61194e+06,1.78323e+07,0,0,0,1.44139e+08
87.9656,110.355,4.55205,0,0.04,3.56868,3.56868,0,0.668752,6.048,4.14526e+06,2.70226e+06,1.47931e+07,0,0,0,5.38189e+08,99.3022,98.274,6.17938,0,0,2.07005,2.07005,0,1.59928,3.38688,8.61469e+06,3.61194e+06,1.78328e+07,0,0,0,1.44139e+08
89.5974,110.355,5.91881,0,0.04,3.56877,3.56877,0,0.66877,6.048,4.14526e+06,2.70226e+06,1.47935e+07,0,0,0,5.38189e+08,99.3022,98.274,8.05727,0,0,2.0701,2.0701,0,1.59932,3.38688,8.61469e+06,3.61194e+06,1.78333e+07,0,0,0,1.44139e+08
89.6777,110.355,4.58708,0,0.04,3.91697,3.91697,0,0.668788,6.048,4.14526e+06,2.70226e+06,1.62368e+07,0,0,0,5.38189e+08,99.3022,98.274,5.81355,0,0,2.31357,2.31357,0,1.59936,3.38688,8.61469e+06,3.61194e+06,1.99306e+07,0,0,0,1.44139e+08
89.8938,110.355,4.8573,0,0.04,3.91707,3.91707,0,0.73404,6.048,4.14526e+06,2.70226e+06,1.62373e+07,0,0,0,5.38189e+08,99.3022,98.274,6.8931,0,0,2.31363,2.31363,0,1.78746,3.38688,8.61469e+06,3.61194e+06,1.99312e+07,0,0,0,1.44139e+08
89.2557,110.355,3.85834,0,0.04,3.91718,3.91718,0,0.73406,6.048,4.14526e+06,2.70226e+06,1.62377e+07,0,0,0,5.38189e+08,99.2768,98.274,4.98235,0,0,2.31369,2.31369,0,1.78751,3.38688,8.61469e+06,3.61194e+06,1.99317e+07,0,0,0,1.44139e+08
91.9582,110.355,7.34734,0,0.04,3.91729,3.91729,0,0.73408,6.048,4.14526e+06,2.70226e+06,1.62382e+07,0,0,0,5.38189e+08,99.3022,98.274,9.66636,0,0,2.31375,2.31375,0,1.78756,3.38688,8.61469e+06,3.61194e+06,1.99323e+07,0,0,0,1.44139e+08
93.0387,110.355,5.23832,0,0.04,3.42084,3.42084,0,0.7341,6.048,4.14526e+06,2.70226e+06,1.41803e+07,0,0,0,5.38189e+08,99.3022,98.274,5.6683,0,0,1.98713,1.98713,0,1.78761,3.38688,8.61469e+06,3.61194e+06,1.71185e+07,0,0,0,1.44139e+08
95.6256,110.355,6.73309,0,0.04,3.42093,3.42093,0,0.641065,6.048,4.14526e+06,2.70226e+06,1.41806e+07,0,0,0,5.38189e+08,99.3022,98.274,6.00458,0,0,1.98718,1.98718,0,1.53525,3.38688,8.61469e+06,3.61194e+06,1.71189e+07,0,0,0,1.44139e+08
96.5288,110.355,5.1003,0,0.04,3.42102,3.42102,0,0.641082,6.048,4.14526e+06,2.70226e+06,1.4181e+07,0,0,0,5.38189e+08,99.3022,98.274,5.592,0,0,1.98723,1.98723,0,1.5353,3.38688,8.61469e+06,3.61194e+06,1.71194e+07,0,0,0,1.44139e+08
101.061,110.355,8.76381,0,0.04,3.42112,3.42112,0,0.6411,6.048,4.14526e+06,2.70226e+06,1.41814e+07,0,0,0,5.38189e+08,99.3022,98.274,8.3581,0,0,1.98729,1.98729,0,1.53534,3.38688,8.61469e+06,3.61194e+06,1.71199e+07,0,0,0,1.44139e+08
104.001,110.355,7.32889,0,0.04,3.42121,3.42121,0,0.641117,6.048,4.14526e+06,2.70226e+06,1.41818e+07,0,0,0,5.38189e+08,99.3022,98.274,10.2171,0,0,1.98734,1.98734,0,1.53538,3.38688,8.61469e+06,3.61194e+06,1.71203e+07,0,0,0,1.44139e+08
109.06,110.355,9.89645,0,0.04,3.54631,3.54631,0,0.641134,6.048,4.14526e+06,2.70226e+06,1.47004e+07,0,0,0,5.38189e+08,99.3022,98.274,12.0702,0,0,2.06733,2.06733,0,1.53542,3.38688,8.61469e+06,3.61194e+06,1.78094e+07,0,0,0,1.44139e+08
110.355,110.355,6.98223,0,0.04,3.5464,3.5464,0,0.664578,6.048,4.14526e+06,2.70226e+06,1.47008e+07,0,0,0,5.38189e+08,99.3022,98.274,9.36869,0,0,2.06738,2.06738,0,1.59722,3.38688,8.61469e+06,3.61194e+06,1.78099e+07,0,0,0,1.44139e+08
110.355,110.355,5.53374,0,0.04,3.5465,3.5465,0,0.664596,6.048,4.14526e+06,2.70226e+06,1.47012e+07,0,0,0,5.38189e+08,99.3022,98.274,8.31892,0,0,2.06744,2.06744,0,1.59726,3.38688,8.61469e+06,3.61194e+06,1.78103e+07,0,0,0,1.44139e+08
110.355,110.355,5.19379,0,0.04,3.5466,3.5466,0,0.664614,6.048,4.14526e+06,2.70226e+06,1.47016e+07,0,0,0,5.38189e+08,99.3022,98.274,8.90206,0,0,2.06749,2.06749,0,1.5973,3.38688,8.61469e+06,3.61194e+06,1.78108e+07,0,0,0,1.44139e+08
110.355,110.355,4.70342,0,0.04,3.49781,3.49781,0,0.664632,6.048,4.14526e+06,2.70226e+06,1.44993e+07,0,0,0,5.38189e+08,99.3022,98.274,5.07831,0,0,2.0365,2.0365,0,1.59735,3.38688,8.61469e+06,3.61194e+06,1.75438e+07,0,0,0,1.44139e+08
110.355,110.355,4.45399,0,0.04,3.4979,3.4979,0,0.655489,6.048,4.14526e+06,2.70226e+06,1.44997e+07,0,0,0,5.38189e+08,99.3022,98.274,4.8598,0,0,2.03656,2.03656,0,1.5734,3.38688,8.61469e+06,3.61194e+06,1.75443e+07,0,0,0,1.44139e+08
110.347,110.355,4.1727,0,0.04,3.498,3.498,0,0.655507,6.048,4.14526e+06,2.70226e+06,1.45001e+07,0,0,0,5.38189e+08,99.3022,98.274,5.73325,0,0,2.03661,2.03661,0,1.57344,3.38688,8.61469e+06,3.61194e+06,1.75448e+07,0,0,0,1.44139e+08
110.042,110.355,3.88561,0,0.04,3.49809,3.49809,0,0.655525,6.048,4.14526e+06,2.70226e+06,1.45005e+07,0,0,0,5.38189e+08,99.3022,98.274,5.09253,0,0,2.03667,2.03667,0,1.57349,3.38688,8.61469e+06,3.61194e+06,1.75453e+07,0,0,0,1.44139e+08
109.677,110.355,3.78121,0,0.04,3.66413,3.66413,0,0.655543,6.048,4.14526e+06,2.70226e+06,1.51888e+07,0,0,0,5.38189e+08,99.3022,98.274,4.36318,0,0,2.14684,2.14684,0,1.57353,3.38688,8.61469e+06,3.61194e+06,1.84943e+07,0,0,0,1.44139e+08
109.278,110.355,3.72699,0,0.04,3.66423,3.66423,0,0.686658,6.048,4.14526e+06,2.70226e+06,1.51892e+07,0,0,0,5.38189e+08,99.29,98.274,4.12733,0,0,2.1469,2.1469,0,1.65865,3.38688,8.61469e+06,3.61194e+06,1.84948e+07,0,0,0,1.44139e+08
108.727,110.355,3.56076,0,0.04,3.66433,3.66433,0,0.686677,6.048,4.14526e+06,2.70226e+06,1.51896e+07,0,0,0,5.38189e+08,99.2811,98.274,4.34913,0,0,2.14695,2.14695,0,1.65869,3.38688,8.61469e+06,3.61194e+06,1.84953e+07,0,0,0,1.44139e+08
107.871,110.355,3.29502,0,0.04,3.66443,3.66443,0,0.686695,6.048,4.14526e+06,2.70226e+06,1.519e+07,0,0,0,5.38189e+08,99.2327,98.274,4.1513,0,0,2.14701,2.14701,0,1.65874,3.38688,8.61469e+06,3.61194e+06,1.84958e+07,0,0,0,1.44139e+08
106.834,110.355,2.95501,0,0.04,3.66453,3.66453,0,0.686714,6.048,4.14526e+06,2.70226e+06,1.51904e+07,0,0,0,5.38189e+08,99.1036,98.274,3.81101,0,0,2.14707,2.14707,0,1.65878,3.38688,8.61469e+06,3.61194e+06,1.84963e+07,0,0,0,1.44139e+08
105.302,110.355,2.39982,0,0.04,3.6318,3.6318,0,0.686732,6.048,4.14526e+06,2.70226e+06,1.50548e+07,0,0,0,5.38189e+08,98.8119,98.274,2.72805,0,0,2.20766,2.20766,0,1.65883,3.38688,8.61469e+06,3.61194e+06,1.90183e+07,0,0,0,1.44139e+08
103.682,110.355,2.28961,0,0.04,3.6319,3.6319,0,0.6806,6.048,4.14526e+06,2.70226e+06,1.50552e+07,0,0,0,5.38189e+08,98.4918,98.274,2.67299,0,0,2.20772,2.20772,0,1.70564,3.38688,8.61469e+06,3.61194e+06,1.90188e+07,0,0,0,1.44139e+08
101.988,110.355,2.16337,0,0.04,3.632,3.632,0,0.680619,6.048,4.14526e+06,2.70226e+06,1.50556e+07,0,0,0,5.38189e+08,98.1159,98.274,2.67869,0,0,2.20778,2.20778,0,1.70568,3.38688,8.61469e+06,3.61194e+06,1.90193e+07,0,0,0,1.44139e+08
100.122,110.355,1.98991,0,0.04,3.6321,3.6321,0,0.680637,6.048,4.14526e+06,2.70226e+06,1.5056e+07,0,0,0,5.38189e+08,97.7363,98.274,2.58166,0,0,2.20784,2.20784,0,1.70573,3.38688,8.61469e+06,3.61194e+06,1.90198e+07,0,0,0,1.44139e+08
98.0024,110.355,1.73017,0,0.04,3.71697,3.71697,0,0.680655,6.048,4.14526e+06,2.70226e+06,1.54078e+07,0,0,0,5.38189e+08,97.2355,98.274,2.15964,0,0,2.26185,2.26185,0,1.70578,3.38688,8.61469e+06,3.61194e+06,1.94851e+07,0,0,0,1.44139e+08
95.9613,110.355,1.81275,0,0.04,3.71707,3.71707,0,0.696559,6.048,4.14526e+06,2.70226e+06,1.54082e+07,0,0,0,5.38189e+08,96.748,98.274,2.45814,0,0,2.26191,2.26191,0,1.7475,3.38688,8.61469e+06,3.61194e+06,1.94856e+07,0,0,0,1.44139e+08
93.8195,110.355,1.6723,0,0.04,3.71717,3.71717,0,0.696578,6.048,4.14526e+06,2.70226e+06,1.54086e+07,0,0,0,5.38189e+08,96.2022,98.274,2.3554,0,0,2.26197,2.26197,0,1.74755,3.38688,8.61469e+06,3.61194e+06,1.94862e+07,0,0,0,1.44139e+08
91.5497,110.355,1.52213,0,0.04,3.71727,3.71727,0,0.696597,6.048,4.14526e+06,2.70226e+06,1.5409e+07,0,0,0,5.38189e+08,95.6297,98.274,2.04707,0,0,2.26203,2.26203,0,1.7476,3.38688,8.61469e+06,3.61194e+06,1.94867e+07,0,0,0,1.44139e+08
88.9999,110.355,1.42459,0,0.04,3.96564,3.96564,0,0.696616,6.048,4.14526e+06,2.70226e+06,1.64386e+07,0,0,0,5.38189e+08,94.8462,98.274,2.23422,0,0,2.45685,2.45685,0,1.74765,3.38688,8.61469e+06,3.61194e+06,2.1165e+07,0,0,0,1.44139e+08
86.1649,110.355,1.09841,0,0.04,3.96574,3.96574,0,0.74316,6.048,4.14526e+06,2.70226e+06,1.6439e+07,0,0,0,5.38189e+08,93.9404,98.274,1.52887,0,0,2.45692,2.45692,0,1.89816,3.38688,8.61469e+06,3.61194e+06,2.11656e+07,0,0,0,1.44139e+08
83.225,110.355,0.988106,0,0.04,3.96585,3.96585,0,0.74318,6.048,4.14526e+06,2.70226e+06,1.64395e+07,0,0,0,5.38189e+08,93.1016,98.274,1.46484,0,0,2.45698,2.45698,0,1.89821,3.38688,8.61469e+06,3.61194e+06,2.11661e+07,0,0,0,1.44139e+08
80.3571,110.355,0.99704,0,0.04,3.96596,3.96596,0,0.7432,6.048,4.14526e+06,2.70226e+06,1.64399e+07,0,0,0,5.38189e+08,92.5246,98.274,1.57612,0,0,2.45705,2.45705,0,1.89826,3.38688,8.61469e+06,3.61194e+06,2.11667e+07,0,0,0,1.44139e+08
77.5406,110.355,1.02355,0,0.04,3.96606,3.96606,0,0.74322,6.048,4.14526e+06,2.70226e+06,1.64404e+07,0,0,0,5.38189e+08,92.0006,98.274,2.01181,0,0,2.45712,2.45712,0,1.89832,3.38688,8.61469e+06,3.61194e+06,2.11673e+07,0,0,0,1.44139e+08
74.7297,110.355,0.881311,0,0.04,3.84516,3.84516,0,0.74324,6.048,4.14526e+06,2.70226e+06,1.59392e+07,0,0,0,5.38189e+08,91.6639,98.274,2.32112,0,0,2.33896,2.33896,0,1.89837,3.38688,8.61469e+06,3.61194e+06,2.01494e+07,0,0,0,1.44139e+08
71.8209,110.355,0.753103,0,0.04,3.84526,3.84526,0,0.720583,6.048,4.14526e+06,2.70226e+06,1.59396e+07,0,0,0,5.38189e+08,91.2725,98.274,2.12057,0,0,2.33902,2.33902,0,1.80708,3.38688,8.61469e+06,3.61194e+06,2.01499e+07,0,0,0,1.44139e+08
69.6139,110.355,1.61021,0,0.04,3.84537,3.84537,0,0.720602,6.048,4.14526e+06,2.70226e+06,1.594e+07,0,0,0,5.38189e+08,91.4412,98.274,3.29745,0,0,2.33908,2.33908,0,1.80713,3.38688,8.61469e+06,3.61194e+06,2.01505e+07,0,0,0,1.44139e+08
68.4121,110.355,2.68125,0,0.04,3.84547,3.84547,0,0.720622,6.048,4.14526e+06,2.70226e+06,1.59405e+07,0,0,0,5.38189e+08,91.8144,98.274,3.94623,0,0,2.33915,2.33915,0,1.80717,3.38688,8.61469e+06,3.61194e+06,2.0151e+07,0,0,0,1.44139e+08
65.8227,110.355,1.04594,0,0.04,3.74623,3.74623,0,0.720641,6.048,4.14526e+06,2.70226e+06,1.55291e+07,0,0,0,5.38189e+08,91.3403,98.274,2.29551,0,0,2.23158,2.23158,0,1.80722,3.38688,8.61469e+06,3.61194e+06,1.92244e+07,0,0,0,1.44139e+08
63.213,110.355,1.07717,0,0.04,3.74634,3.74634,0,0.702044,6.048,4.14526e+06,2.70226e+06,1.55295e+07,0,0,0,5.38189e+08,90.955,98.274,1.76961,0,0,2.23164,2.23164,0,1.72412,3.38688,8.61469e+06,3.61194e+06,1.92249e+07,0,0,0,1.44139e+08
60.4905,110.355,0.91256,0,0.04,3.74644,3.74644,0,0.702063,6.048,4.14526e+06,2.70226e+06,1.55299e+07,0,0,0,5.38189e+08,90.6421,98.274,2.08126,0,0,2.2317,2.2317,0,1.72417,3.38688,8.61469e+06,3.61194e+06,1.92254e+07,0,0,0,1.44139e+08
59.5598,110.355,2.83792,0,0.04,3.74654,3.74654,0,0.702082,6.048,4.14526e+06,2.70226e+06,1.55304e+07,0,0,0,5.38189e+08,91.621,98.274,6.3866,0,0,2.23176,2.23176,0,1.72421,3.38688,8.61469e+06,3.61194e+06,1.92259e+07,0,0,0,1.44139e+08
58.4277,110.355,2.3538,0,0.04,3.46447,3.46447,0,0.702101,6.048,4.14526e+06,2.70226e+06,1.43611e+07,0,0,0,5.38189e+08,92.343,98.274,4.11102,0,0,2.00764,2.00764,0,1.72426,3.38688,8.61469e+06,3.61194e+06,1.72952e+07,0,0,0,1.44139e+08
57.1691,110.355,2.18705,0,0.04,3.46457,3.46457,0,0.649243,6.048,4.14526e+06,2.70226e+06,1.43615e+07,0,0,0,5.38189e+08,92.546,98.274,3.64627,0,0,2.0077,2.0077,0,1.55111,3.38688,8.61469e+06,3.61194e+06,1.72957e+07,0,0,0,1.44139e+08
56.0592,110.355,2.32462,0,0.04,3.46466,3.46466,0,0.64926,6.048,4.14526e+06,2.70226e+06,1.43619e+07,0,0,0,5.38189e+08,92.7,98.274,3.24966,0,0,2.00775,2.00775,0,1.55115,3.38688,8.61469e+06,3.61194e+06,1.72962e+07,0,0,0,1.44139e+08
54.4737,110.355,1.80731,0,0.04,3.46476,3.46476,0,0.649278,6.048,4.14526e+06,2.70226e+06,1.43623e+07,0,0,0,5.38189e+08,92.7504,98.274,2.8966,0,0,2.00781,2.00781,0,1.55119,3.38688,8.61469e+06,3.61194e+06,1.72966e+07,0,0,0,1.44139e+08
53.8916,110.355,2.78395,0,0.04,3.46485,3.46485,0,0.649295,6.048,4.14526e+06,2.70226e+06,1.43627e+07,0,0,0,5.38189e+08,93.0045,98.274,3.99628,0,0,2.00786,2.00786,0,1.55123,3.38688,8.61469e+06,3.61194e+06,1.72971e+07,0,0,0,1.44139e+08
56.4321,110.355,6.18749,0,0.04,3.57347,3.57347,0,0.649313,6.048,4.14526e+06,2.70226e+06,1.4813e+07,0,0,0,5.38189e+08,94.3506,98.274,6.36219,0,0,2.07283,2.07283,0,1.55127,3.38688,8.61469e+06,3.61194e+06,1.78568e+07,0,0,0,1.44139e+08
58.261,110.355,5.48045,0,0.04,3.57354,3.57354,0,0.669669,6.048,4.14526e+06,2.70226e+06,1.48132e+07,0,0,0,5.38189e+08,95.382,98.274,5.618,0,0,2.07287,2.07287,0,1.60147,3.38688,8.61469e+06,3.61194e+06,1.78571e+07,0,0,0,1.44139e+08
59.5915,110.355,4.98213,0,0.04,3.57361,3.57361,0,0.669681,6.048,4.14526e+06,2.70226e+06,1.48135e+07,0,0,0,5.38189e+08,96.2421,98.274,5.12487,0,0,2.07291,2.07291,0,1.6015,3.38688,8.61469e+06,3.61194e+06,1.78574e+07,0,0,0,1.44139e+08
60.8044,110.355,4.88681,0,0.04,3.57367,3.57367,0,0.669694,6.048,4.14526e+06,2.70226e+06,1.48138e+07,0,0,0,5.38189e+08,97.123,98.274,5.22632,0,0,2.07294,2.07294,0,1.60153,3.38688,8.61469e+06,3.61194e+06,1.78578e+07,0,0,0,1.44139e+08
61.0488,110.355,4.20407,0,0.04,3.92231,3.92231,0,0.669706,6.048,4.14526e+06,2.70226e+06,1.6259e+07,0,0,0,5.38189e+08,97.7984,98.274,4.59408,0,0,2.31672,2.31672,0,1.60156,3.38688,8.61469e+06,3.61194e+06,1.99578e+07,0,0,0,1.44139e+08
62.5545,110.355,5.52962,0,0.04,3.92238,3.92238,0,0.735041,6.048,4.14526e+06,2.70226e+06,1.62593e+07,0,0,0,5.38189e+08,99.0485,98.274,6.30158,0,0,2.31676,2.31676,0,1.7899,3.38688,8.61469e+06,3.61194e+06,1.99582e+07,0,0,0,1.44139e+08
63.3382,110.355,4.79402,0,0.04,3.92245,3.92245,0,0.735055,6.048,4.14526e+06,2.70226e+06,1.62596e+07,0,0,0,5.38189e+08,99.3022,98.274,5.18385,0,0,2.31681,2.31681,0,1.78993,3.38688,8.61469e+06,3.61194e+06,1.99586e+07,0,0,0,1.44139e+08
62.7829,110.355,3.38149,0,0.04,3.92253,3.92253,0,0.735068,6.048,4.14526e+06,2.70226e+06,1.62599e+07,0,0,0,5.38189e+08,99.3022,98.274,3.69277,0,0,2.31685,2.31685,0,1.78996,3.38688,8.61469e+06,3.61194e+06,1.99589e+07,0,0,0,1.44139e+08
63.2853,110.355,4.03076,0,0.04,3.42538,3.42538,0,0.735082,6.048,4.14526e+06,2.70226e+06,1.41991e+07,0,0,0,5.38189e+08,99.3022,98.274,4.11265,0,0,1.98977,1.98977,0,1.79,3.38688,8.61469e+06,3.61194e+06,1.71412e+07,0,0,0,1.44139e+08
64.6513,110.355,4.9511,0,0.04,3.42545,3.42545,0,0.641917,6.048,4.14526e+06,2.70226e+06,1.41994e+07,0,0,0,5.38189e+08,99.3022,98.274,4.7728,0,0,1.9898,1.9898,0,1.53729,3.38688,8.61469e+06,3.61194e+06,1.71415e+07,0,0,0,1.44139e+08
65.8975,110.355,4.92132,0,0.04,3.42551,3.42551,0,0.641929,6.048,4.14526e+06,2.70226e+06,1.41996e+07,0,0,0,5.38189e+08,99.3022,98.274,5.57383,0,0,1.98984,1.98984,0,1.53732,3.38688,8.61469e+06,3.61194e+06,1.71419e+07,0,0,0,1.44139e+08
68.9628,110.355,6.93662,0,0.04,3.42557,3.42557,0,0.641941,6.048,4.14526e+06,2.70226e+06,1.41999e+07,0,0,0,5.38189e+08,99.3022,98.274,6.0349,0,0,1.98988,1.98988,0,1.53735,3.38688,8.61469e+06,3.61194e+06,1.71422e+07,0,0,0,1.44139e+08
72.0829,110.355,6.91164,0,0.04,3.42564,3.42564,0,0.641952,6.048,4.14526e+06,2.70226e+06,1.42001e+07,0,0,0,5.38189e+08,99.3022,98.274,5.6891,0,0,1.98991,1.98991,0,1.53738,3.38688,8.61469e+06,3.61194e+06,1.71425e+07,0,0,0,1.44139e+08
74.8732,110.355,6.62447,0,0.04,3.55087,3.55087,0,0.641964,6.048,4.14526e+06,2.70226e+06,1.47193e+07,0,0,0,5.38189e+08,99.3022,98.274,4.37087,0,0,2.06998,2.06998,0,1.53741,3.38688,8.61469e+06,3.61194e+06,1.78323e+07,0,0,0,1.44139e+08
76.2449,110.355,5.30007,0,0.04,3.55093,3.55093,0,0.665432,6.048,4.14526e+06,2.70226e+06,1.47195e+07,0,0,0,5.38189e+08,99.3022,98.274,4.64769,0,0,2.07002,2.07002,0,1.59927,3.38688,8.61469e+06,3.61194e+06,1.78326e+07,0,0,0,1.44139e+08
76.5071,110.355,4.09778,0,0.04,3.551,3.551,0,0.665445,6.048,4.14526e+06,2.70226e+06,1.47198e+07,0,0,0,5.38189e+08,99.3022,98.274,4.60972,0,0,2.07006,2.07006,0,1.5993,3.38688,8.61469e+06,3.61194e+06,1.78329e+07,0,0,0,1.44139e+08
76.499,110.355,3.79374,0,0.04,3.55106,3.55106,0,0.665457,6.048,4.14526e+06,2.70226e+06,1.47201e+07,0,0,0,5.38189e+08,99.3022,98.274,4.7826,0,0,2.0701,2.0701,0,1.59933,3.38688,8.61469e+06,3.61194e+06,1.78332e+07,0,0,0,1.44139e+08
75.8835,110.355,3.08257,0,0.04,3.50218,3.50218,0,0.665469,6.048,4.14526e+06,2.70226e+06,1.45175e+07,0,0,0,5.38189e+08,99.3022,98.274,3.64966,0,0,2.03905,2.03905,0,1.59936,3.38688,8.61469e+06,3.61194e+06,1.75658e+07,0,0,0,1.44139e+08
75.6575,110.355,3.4601,0,0.04,3.50225,3.50225,0,0.656309,6.048,4.14526e+06,2.70226e+06,1.45177e+07,0,0,0,5.38189e+08,99.3022,98.274,3.26384,0,0,2.03909,2.03909,0,1.57537,3.38688,8.61469e+06,3.61194e+06,1.75661e+07,0,0,0,1.44139e+08
75.8466,110.355,3.89139,0,0.04,3.50231,3.50231,0,0.656321,6.048,4.14526e+06,2.70226e+06,1.4518e+07,0,0,0,5.38189e+08,99.3022,98.274,3.36062,0,0,2.03912,2.03912,0,1.5754,3.38688,8.61469e+06,3.61194e+06,1.75664e+07,0,0,0,1.44139e+08
74.9093,110.355,2.67619,0,0.04,3.50238,3.50238,0,0.656333,6.048,4.14526e+06,2.70226e+06,1.45183e+07,0,0,0,5.38189e+08,99.3022,98.274,2.91091,0,0,2.03916,2.03916,0,1.57543,3.38688,8.61469e+06,3.61194e+06,1.75667e+07,0,0,0,1.44139e+08
73.8584,110.355,2.66213,0,0.04,3.66859,3.66859,0,0.656345,6.048,4.14526e+06,2.70226e+06,1.52072e+07,0,0,0,5.38189e+08,99.3022,98.274,3.08867,0,0,2.14945,2.14945,0,1.57546,3.38688,8.61469e+06,3.61194e+06,1.85168e+07,0,0,0,1.44139e+08
72.9205,110.355,2.73111,0,0.04,3.66865,3.66865,0,0.687493,6.048,4.14526e+06,2.70226e+06,1.52075e+07,0,0,0,5.38189e+08,99.3022,98.274,2.96265,0,0,2.14949,2.14949,0,1.66066,3.38688,8.61469e+06,3.61194e+06,1.85172e+07,0,0,0,1.44139e+08
71.6365,110.355,2.36507,0,0.04,3.66872,3.66872,0,0.687506,6.048,4.14526e+06,2.70226e+06,1.52078e+07,0,0,0,5.38189e+08,99.2478,98.274,2.71991,0,0,2.14953,2.14953,0,1.66069,3.38688,8.61469e+06,3.61194e+06,1.85175e+07,0,0,0,1.44139e+08
70.1425,110.355,2.13427,0,0.04,3.66879,3.66879,0,0.687518,6.048,4.14526e+06,2.70226e+06,1.52081e+07,0,0,0,5.38189e+08,99.0769,98.274,2.43226,0,0,2.14957,2.14957,0,1.66072,3.38688,8.61469e+06,3.61194e+06,1.85178e+07,0,0,0,1.44139e+08
68.558,110.355,2.0125,0,0.04,3.66886,3.66886,0,0.687531,6.048,4.14526e+06,2.70226e+06,1.52083e+07,0,0,0,5.38189e+08,98.9226,98.274,2.58429,0,0,2.14961,2.14961,0,1.66076,3.38688,8.61469e+06,3.61194e+06,1.85182e+07,0,0,0,1.44139e+08
67.1893,110.355,2.22604,0,0.04,3.63606,3.63606,0,0.687544,6.048,4.14526e+06,2.70226e+06,1.50724e+07,0,0,0,5.38189e+08,98.9613,98.274,3.06437,0,0,2.21025,2.21025,0,1.66079,3.38688,8.61469e+06,3.61194e+06,1.90406e+07,0,0,0,1.44139e+08
65.6398,110.355,2.01293,0,0.04,3.63613,3.63613,0,0.681398,6.048,4.14526e+06,2.70226e+06,1.50727e+07,0,0,0,5.38189e+08,98.936,98.274,2.7609,0,0,2.21029,2.21029,0,1.70764,3.38688,8.61469e+06,3.61194e+06,1.90409e+07,0,0,0,1.44139e+08
64.0444,110.355,1.91076,0,0.04,3.6362,3.6362,0,0.681411,6.048,4.14526e+06,2.70226e+06,1.5073e+07,0,0,0,5.38189e+08,98.8006,98.274,2.70586,0,0,2.21033,2.21033,0,1.70767,3.38688,8.61469e+06,3.61194e+06,1.90413e+07,0,0,0,1.44139e+08
62.2727,110.355,1.69998,0,0.04,3.63626,3.63626,0,0.681423,6.048,4.14526e+06,2.70226e+06,1.50732e+07,0,0,0,5.38189e+08,98.6038,98.274,2.60061,0,0,2.21037,2.21037,0,1.7077,3.38688,8.61469e+06,3.61194e+06,1.90416e+07,0,0,0,1.44139e+08
60.6116,110.355,1.87254,0,0.04,3.72119,3.72119,0,0.681436,6.048,4.14526e+06,2.70226e+06,1.54253e+07,0,0,0,5.38189e+08,98.5262,98.274,2.69008,0,0,2.26442,2.26442,0,1.70773,3.38688,8.61469e+06,3.61194e+06,1.95073e+07,0,0,0,1.44139e+08
58.8965,110.355,1.77454,0,0.04,3.72126,3.72126,0,0.697352,6.048,4.14526e+06,2.70226e+06,1.54256e+07,0,0,0,5.38189e+08,98.3407,98.274,2.64506,0,0,2.26446,2.26446,0,1.74949,3.38688,8.61469e+06,3.61194e+06,1.95076e+07,0,0,0,1.44139e+08
57.0981,110.355,1.6609,0,0.04,3.72133,3.72133,0,0.697365,6.048,4.14526e+06,2.70226e+06,1.54259e+07,0,0,0,5.38189e+08,98.0965,98.274,2.41513,0,0,2.2645,2.2645,0,1.74952,3.38688,8.61469e+06,3.61194e+06,1.9508e+07,0,0,0,1.44139e+08
55.3059,110.355,1.63156,0,0.04,3.7214,3.7214,0,0.697377,6.048,4.14526e+06,2.70226e+06,1.54262e+07,0,0,0,5.38189e+08,97.9127,98.274,2.60564,0,0,2.26455,2.26455,0,1.74956,3.38688,8.61469e+06,3.61194e+06,1.95084e+07,0,0,0,1.44139e+08
53.5724,110.355,1.84965,0,0.04,3.97001,3.97001,0,0.69739,6.048,4.14526e+06,2.70226e+06,1.64567e+07,0,0,0,5.38189e+08,97.799,98.274,2.86177,0,0,2.45956,2.45956,0,1.74959,3.38688,8.61469e+06,3.61194e+06,2.11883e+07,0,0,0,1.44139e+08
51.9581,110.355,1.94796,0,0.04,3.97008,3.97008,0,0.74398,6.048,4.14526e+06,2.70226e+06,1.6457e+07,0,0,0,5.38189e+08,97.6373,98.274,2.71067,0,0,2.4596,2.4596,0,1.90026,3.38688,8.61469e+06,3.61194e+06,2.11887e+07,0,0,0,1.44139e+08
50.4919,110.355,2.10186,0,0.04,3.97015,3.97015,0,0.743993,6.048,4.14526e+06,2.70226e+06,1.64573e+07,0,0,0,5.38189e+08,97.6678,98.274,3.29646,0,0,2.45965,2.45965,0,1.90029,3.38688,8.61469e+06,3.61194e+06,2.11891e+07,0,0,0,1.44139e+08
48.7123,110.355,1.74498,0,0.04,3.97023,3.97023,0,0.744007,6.048,4.14526e+06,2.70226e+06,1.64576e+07,0,0,0,5.38189e+08,97.4195,98.274,2.35452,0,0,2.45969,2.45969,0,1.90032,3.38688,8.61469e+06,3.61194e+06,2.11895e+07,0,0,0,1.44139e+08
47.362,110.355,2.13254,0,0.04,3.9703,3.9703,0,0.744021,6.048,4.14526e+06,2.70226e+06,1.64579e+07,0,0,0,5.38189e+08,97.7187,98.274,4.3309,0,0,2.45974,2.45974,0,1.90036,3.38688,8.61469e+06,3.61194e+06,2.11899e+07,0,0,0,1.44139e+08
46.219,110.355,2.20157,0,0.04,3.84923,3.84923,0,0.744034,6.048,4.14526e+06,2.70226e+06,1.59561e+07,0,0,0,5.38189e+08,97.634,98.274,3.43257,0,0,2.34143,2.34143,0,1.90039,3.38688,8.61469e+06,3.61194e+06,2.01707e+07,0,0,0,1.44139e+08
45.5113,110.355,2.63178,0,0.04,3.8493,3.8493,0,0.721346,6.048,4.14526e+06,2.70226e+06,1.59564e+07,0,0,0,5.38189e+08,97.5968,98.274,3.30777,0,0,2.34148,2.34148,0,1.80899,3.38688,8.61469e+06,3.61194e+06,2.01711e+07,0,0,0,1.44139e+08
46.1686,110.355,4.08463,0,0.04,3.84937,3.84937,0,0.721359,6.048,4.14526e+06,2.70226e+06,1.59566e+07,0,0,0,5.38189e+08,98.2257,98.274,5.80455,0,0,2.34152,2.34152,0,1.80902,3.38688,8.61469e+06,3.61194e+06,2.01715e+07,0,0,0,1.44139e+08
46.1647,110.355,3.54969,0,0.04,3.84944,3.84944,0,0.721373,6.048,4.14526e+06,2.70226e+06,1.59569e+07,0,0,0,5.38189e+08,98.5178,98.274,4.51279,0,0,2.34156,2.34156,0,1.80906,3.38688,8.61469e+06,3.61194e+06,2.01718e+07,0,0,0,1.44139e+08
46.6348,110.355,3.94838,0,0.04,3.75007,3.75007,0,0.721386,6.048,4.14526e+06,2.70226e+06,1.5545e+07,0,0,0,5.38189e+08,99.0433,98.274,5.65012,0,0,2.23387,2.23387,0,1.80909,3.38688,8.61469e+06,3.61194e+06,1.92441e+07,0,0,0,1.44139e+08
48.263,110.355,5.2141,0,0.04,3.75014,3.75014,0,0.702764,6.048,4.14526e+06,2.70226e+06,1.55453e+07,0,0,0,5.38189e+08,99.3022,98.274,9.45579,0,0,2.23391,2.23391,0,1.72589,3.38688,8.61469e+06,3.61194e+06,1.92444e+07,0,0,0,1.44139e+08
49.3991,110.355,4.76621,0,0.04,3.75021,3.75021,0,0.702777,6.048,4.14526e+06,2.70226e+06,1.55456e+07,0,0,0,5.38189e+08,99.3022,98.274,7.73436,0,0,2.23395,2.23395,0,1.72592,3.38688,8.61469e+06,3.61194e+06,1.92448e+07,0,0,0,1.44139e+08
54.8439,110.355,9.50672,0,0.04,3.75028,3.75028,0,0.702789,6.048,4.14526e+06,2.70226e+06,1.55459e+07,0,0,0,5.38189e+08,99.3022,98.274,10.7416,0,0,2.23399,2.23399,0,1.72595,3.38688,8.61469e+06,3.61194e+06,1.92451e+07,0,0,0,1.44139e+08
55.8301,110.355,4.52129,0,0.04,3.4679,3.4679,0,0.702802,6.048,4.14526e+06,2.70226e+06,1.43754e+07,0,0,0,5.38189e+08,99.3022,98.274,6.77782,0,0,2.00963,2.00963,0,1.72598,3.38688,8.61469e+06,3.61194e+06,1.73123e+07,0,0,0,1.44139e+08
56.7825,110.355,4.4082,0,0.04,3.46797,3.46797,0,0.649885,6.048,4.14526e+06,2.70226e+06,1.43756e+07,0,0,0,5.38189e+08,99.3022,98.274,5.68013,0,0,2.00967,2.00967,0,1.55264,3.38688,8.61469e+06,3.61194e+06,1.73127e+07,0,0,0,1.44139e+08
59.0077,110.355,5.85002,0,0.04,3.46803,3.46803,0,0.649897,6.048,4.14526e+06,2.70226e+06,1.43759e+07,0,0,0,5.38189e+08,99.3022,98.274,8.14025,0,0,2.00971,2.00971,0,1.55267,3.38688,8.61469e+06,3.61194e+06,1.7313e+07,0,0,0,1.44139e+08
61.5482,110.355,6.28429,0,0.04,3.4681,3.4681,0,0.649909,6.048,4.14526e+06,2.70226e+06,1.43761e+07,0,0,0,5.38189e+08,99.3022,98.274,11.3683,0,0,2.00974,2.00974,0,1.5527,3.38688,8.61469e+06,3.61194e+06,1.73133e+07,0,0,0,1.44139e+08
64.1393,110.355,6.23203,0,0.04,3.46816,3.46816,0,0.649921,6.048,4.14526e+06,2.70226e+06,1.43764e+07,0,0,0,5.38189e+08,99.3022,98.274,8.14313,0,0,2.00978,2.00978,0,1.55273,3.38688,8.61469e+06,3.61194e+06,1.73136e+07,0,0,0,1.44139e+08
64.7732,110.355,4.2345,0,0.04,3.46816,3.46816,0,0.649933,6.048,4.14526e+06,2.70226e+06,1.43764e+07,0,0,0,5.38189e+08,99.3022,98.274,5.6896,0,0,2.00978,2.00978,0,1.55276,3.38688,8.61469e+06,3.61194e+06,1.73136e+07,0,0,0,1.44139e+08
66.6986,110.355,5.86199,0,0.04,3.57686,3.57686,0,0.649933,6.048,4.14526e+06,2.70226e+06,1.4827e+07,0,0,0,5.46762e+08,99.3022,98.274,7.58079,0,0,2.07479,2.07479,0,1.55276,3.38688,8.61469e+06,3.61194e+06,1.78737e+07,0,0,0,1.44139e+08
72.581,110.355,9.8242,0,0.04,3.57689,3.57689,0,0.670303,6.048,4.14526e+06,2.70226e+06,1.48271e+07,0,0,0,5.46762e+08,99.3022,98.274,12.8919,0,0,2.07481,2.07481,0,1.60298,3.38688,8.61469e+06,3.61194e+06,1.78739e+07,0,0,0,1.44139e+08
79.7371,110.355,11.7879,0,0.04,3.57693,3.57693,0,0.670309,6.048,4.14526e+06,2.70226e+06,1.48273e+07,0,0,0,5.46762e+08,99.3022,98.274,11.7033,0,0,2.07483,2.07483,0,1.603,3.38688,8.61469e+06,3.61194e+06,1.7874e+07,0,0,0,1.44139e+08
85.7996,110.355,10.2859,0,0.04,3.57696,3.57696,0,0.670316,6.048,4.14526e+06,2.70226e+06,1.48274e+07,0,0,0,5.46762e+08,99.3022,98.274,9.04748,0,0,2.07485,2.07485,0,1.60302,3.38688,8.61469e+06,3.61194e+06,1.78742e+07,0,0,0,1.44139e+08
85.7613,110.355,4.36241,0,0.04,3.92589,3.92589,0,0.670323,6.048,4.14526e+06,2.70226e+06,1.62738e+07,0,0,0,5.46762e+08,99.3022,98.274,5.81235,0,0,2.31883,2.31883,0,1.60303,3.38688,8.61469e+06,3.61194e+06,1.9976e+07,0,0,0,1.44139e+08
85.3948,110.355,3.99677,0,0.04,3.92593,3.92593,0,0.735712,6.048,4.14526e+06,2.70226e+06,1.6274e+07,0,0,0,5.46762e+08,99.3022,98.274,6.18978,0,0,2.31886,2.31886,0,1.79153,3.38688,8.61469e+06,3.61194e+06,1.99762e+07,0,0,0,1.44139e+08
85.5572,110.355,4.49857,0,0.04,3.92597,3.92597,0,0.735719,6.048,4.14526e+06,2.70226e+06,1.62741e+07,0,0,0,5.46762e+08,99.3022,98.274,6.36471,0,0,2.31888,2.31888,0,1.79155,3.38688,8.61469e+06,3.61194e+06,1.99764e+07,0,0,0,1.44139e+08
85.3736,110.355,4.16252,0,0.04,3.926,3.926,0,0.735726,6.048,4.14526e+06,2.70226e+06,1.62743e+07,0,0,0,5.46762e+08,99.3022,98.274,6.02464,0,0,2.3189,2.3189,0,1.79157,3.38688,8.61469e+06,3.61194e+06,1.99766e+07,0,0,0,1.44139e+08
85.2506,110.355,3.81401,0,0.04,3.42839,3.42839,0,0.735733,6.048,4.14526e+06,2.70226e+06,1.42116e+07,0,0,0,5.46762e+08,99.3022,98.274,3.79041,0,0,1.99151,1.99151,0,1.79158,3.38688,8.61469e+06,3.61194e+06,1.71563e+07,0,0,0,1.44139e+08
85.7317,110.355,4.46591,0,0.04,3.42843,3.42843,0,0.642481,6.048,4.14526e+06,2.70226e+06,1.42117e+07,0,0,0,5.46762e+08,99.3022,98.274,4.17932,0,0,1.99153,1.99153,0,1.53864,3.38688,8.61469e+06,3.61194e+06,1.71564e+07,0,0,0,1.44139e+08
87.6659,110.355,6.09149,0,0.04,3.42846,3.42846,0,0.642487,6.048,4.14526e+06,2.70226e+06,1.42118e+07,0,0,0,5.46762e+08,99.3022,98.274,7.0835,0,0,1.99155,1.99155,0,1.53866,3.38688,8.61469e+06,3.61194e+06,1.71566e+07,0,0,0,1.44139e+08
88.8266,110.355,5.26571,0,0.04,3.42849,3.42849,0,0.642493,6.048,4.14526e+06,2.70226e+06,1.4212e+07,0,0,0,5.46762e+08,99.3022,98.274,4.59715,0,0,1.99157,1.99157,0,1.53867,3.38688,8.61469e+06,3.61194e+06,1.71568e+07,0,0,0,1.44139e+08
90.2885,110.355,5.71941,0,0.04,3.42853,3.42853,0,0.6425,6.048,4.14526e+06,2.70226e+06,1.42121e+07,0,0,0,5.46762e+08,99.3022,98.274,4.92853,0,0,1.99159,1.99159,0,1.53869,3.38688,8.61469e+06,3.61194e+06,1.71569e+07,0,0,0,1.44139e+08
90.4682,110.355,4.41397,0,0.04,3.55383,3.55383,0,0.642506,6.048,4.14526e+06,2.70226e+06,1.47316e+07,0,0,0,5.46762e+08,99.3022,98.274,4.87291,0,0,2.07171,2.07171,0,1.5387,3.38688,8.61469e+06,3.61194e+06,1.78472e+07,0,0,0,1.44139e+08
90.3626,110.355,4.08099,0,0.04,3.55387,3.55387,0,0.665988,6.048,4.14526e+06,2.70226e+06,1.47317e+07,0,0,0,5.46762e+08,99.3022,98.274,5.05482,0,0,2.07173,2.07173,0,1.60061,3.38688,8.61469e+06,3.61194e+06,1.78473e+07,0,0,0,1.44139e+08
89.9504,110.355,3.74564,0,0.04,3.5539,3.5539,0,0.665995,6.048,4.14526e+06,2.70226e+06,1.47318e+07,0,0,0,5.46762e+08,99.3022,98.274,6.11485,0,0,2.07175,2.07175,0,1.60062,3.38688,8.61469e+06,3.61194e+06,1.78475e+07,0,0,0,1.44139e+08
89.508,110.355,3.62405,0,0.04,3.55394,3.55394,0,0.666001,6.048,4.14526e+06,2.70226e+06,1.4732e+07,0,0,0,5.46762e+08,99.3022,98.274,3.8033,0,0,2.07177,2.07177,0,1.60064,3.38688,8.61469e+06,3.61194e+06,1.78477e+07,0,0,0,1.44139e+08
88.9266,110.355,3.39074,0,0.04,3.50499,3.50499,0,0.666008,6.048,4.14526e+06,2.70226e+06,1.45291e+07,0,0,0,5.46762e+08,99.3022,98.274,3.20136,0,0,2.04068,2.04068,0,1.60065,3.38688,8.61469e+06,3.61194e+06,1.75798e+07,0,0,0,1.44139e+08
88.0615,110.355,3.06619,0,0.04,3.50502,3.50502,0,0.656835,6.048,4.14526e+06,2.70226e+06,1.45292e+07,0,0,0,5.46762e+08,99.2688,98.274,2.90146,0,0,2.0407,2.0407,0,1.57663,3.38688,8.61469e+06,3.61194e+06,1.758e+07,0,0,0,1.44139e+08
87.003,110.355,2.8205,0,0.04,3.50506,3.50506,0,0.656841,6.048,4.14526e+06,2.70226e+06,1.45294e+07,0,0,0,5.46762e+08,99.2233,98.274,2.73639,0,0,2.04072,2.04072,0,1.57665,3.38688,8.61469e+06,3.61194e+06,1.75802e+07,0,0,0,1.44139e+08
86.1222,110.355,2.96097,0,0.04,3.50509,3.50509,0,0.656848,6.048,4.14526e+06,2.70226e+06,1.45295e+07,0,0,0,5.46762e+08,99.3022,98.274,3.45591,0,0,2.04074,2.04074,0,1.57666,3.38688,8.61469e+06,3.61194e+06,1.75804e+07,0,0,0,1.44139e+08
85.2256,110.355,3.05127,0,0.04,3.6714,3.6714,0,0.656854,6.048,4.14526e+06,2.70226e+06,1.52189e+07,0,0,0,5.46762e+08,99.3022,98.274,3.37694,0,0,2.1511,2.1511,0,1.57668,3.38688,8.61469e+06,3.61194e+06,1.8531e+07,0,0,0,1.44139e+08
84.1928,110.355,2.8873,0,0.04,3.67144,3.67144,0,0.68802,6.048,4.14526e+06,2.70226e+06,1.5219e+07,0,0,0,5.46762e+08,99.3022,98.274,3.05534,0,0,2.15112,2.15112,0,1.66194,3.38688,8.61469e+06,3.61194e+06,1.85312e+07,0,0,0,1.44139e+08
83.0178,110.355,2.61271,0,0.04,3.67147,3.67147,0,0.688027,6.048,4.14526e+06,2.70226e+06,1.52192e+07,0,0,0,5.46762e+08,99.2805,98.274,2.94641,0,0,2.15114,2.15114,0,1.66195,3.38688,8.61469e+06,3.61194e+06,1.85314e+07,0,0,0,1.44139e+08
81.7316,110.355,2.47276,0,0.04,3.67151,3.67151,0,0.688034,6.048,4.14526e+06,2.70226e+06,1.52193e+07,0,0,0,5.46762e+08,99.2089,98.274,2.79531,0,0,2.15116,2.15116,0,1.66197,3.38688,8.61469e+06,3.61194e+06,1.85316e+07,0,0,0,1.44139e+08
80.1901,110.355,2.16236,0,0.04,3.67154,3.67154,0,0.688041,6.048,4.14526e+06,2.70226e+06,1.52195e+07,0,0,0,5.46762e+08,99.2164,98.274,2.72982,0,0,2.15118,2.15118,0,1.66199,3.38688,8.61469e+06,3.61194e+06,1.85318e+07,0,0,0,1.44139e+08
78.514,110.355,1.98582,0,0.04,3.6387,3.6387,0,0.688047,6.048,4.14526e+06,2.70226e+06,1.50833e+07,0,0,0,5.46762e+08,99.2016,98.274,2.73174,0,0,2.21185,2.21185,0,1.662,3.38688,8.61469e+06,3.61194e+06,1.90544e+07,0,0,0,1.44139e+08
76.6914,110.355,1.81815,0,0.04,3.63873,3.63873,0,0.681892,6.048,4.14526e+06,2.70226e+06,1.50835e+07,0,0,0,5.46762e+08,99.128,98.274,2.43507,0,0,2.21187,2.21187,0,1.70887,3.38688,8.61469e+06,3.61194e+06,1.90546e+07,0,0,0,1.44139e+08
74.7655,110.355,1.66906,0,0.04,3.63877,3.63877,0,0.681898,6.048,4.14526e+06,2.70226e+06,1.50836e+07,0,0,0,5.46762e+08,98.8979,98.274,2.37864,0,0,2.21189,2.21189,0,1.70889,3.38688,8.61469e+06,3.61194e+06,1.90547e+07,0,0,0,1.44139e+08
72.8262,110.355,1.61997,0,0.04,3.6388,3.6388,0,0.681905,6.048,4.14526e+06,2.70226e+06,1.50838e+07,0,0,0,5.46762e+08,98.4536,98.274,2.14823,0,0,2.21191,2.21191,0,1.70891,3.38688,8.61469e+06,3.61194e+06,1.90549e+07,0,0,0,1.44139e+08
70.7414,110.355,1.52622,0,0.04,3.72376,3.72376,0,0.681912,6.048,4.14526e+06,2.70226e+06,1.5436e+07,0,0,0,5.46762e+08,97.7655,98.274,1.9428,0,0,2.26598,2.26598,0,1.70892,3.38688,8.61469e+06,3.61194e+06,1.95207e+07,0,0,0,1.44139e+08
68.5491,110.355,1.38965,0,0.04,3.7238,3.7238,0,0.697833,6.048,4.14526e+06,2.70226e+06,1.54361e+07,0,0,0,5.46762e+08,97.4055,98.274,1.72455,0,0,2.26601,2.26601,0,1.7507,3.38688,8.61469e+06,3.61194e+06,1.95209e+07,0,0,0,1.44139e+08
66.619,110.355,1.62108,0,0.04,3.72384,3.72384,0,0.69784,6.048,4.14526e+06,2.70226e+06,1.54363e+07,0,0,0,5.46762e+08,97.1735,98.274,2.39356,0,0,2.26603,2.26603,0,1.75072,3.38688,8.61469e+06,3.61194e+06,1.95211e+07,0,0,0,1.44139e+08
64.5817,110.355,1.4865,0,0.04,3.72387,3.72387,0,0.697847,6.048,4.14526e+06,2.70226e+06,1.54364e+07,0,0,0,5.46762e+08,96.8462,98.274,2.11156,0,0,2.26605,2.26605,0,1.75073,3.38688,8.61469e+06,3.61194e+06,1.95213e+07,0,0,0,1.44139e+08
62.1132,110.355,1.21294,0,0.04,3.97261,3.97261,0,0.697854,6.048,4.14526e+06,2.70226e+06,1.64675e+07,0,0,0,5.46762e+08,96.5226,98.274,2.05322,0,0,2.46117,2.46117,0,1.75075,3.38688,8.61469e+06,3.61194e+06,2.12022e+07,0,0,0,1.44139e+08
59.9031,110.355,1.4407,0,0.04,3.97265,3.97265,0,0.744468,6.048,4.14526e+06,2.70226e+06,1.64677e+07,0,0,0,5.46762e+08,96.2443,98.274,2.22528,0,0,2.4612,2.4612,0,1.9015,3.38688,8.61469e+06,3.61194e+06,2.12024e+07,0,0,0,1.44139e+08
58.6774,110.355,2.46005,0,0.04,3.97269,3.97269,0,0.744475,6.048,4.14526e+06,2.70226e+06,1.64678e+07,0,0,0,5.46762e+08,96.1551,98.274,2.65449,0,0,2.46122,2.46122,0,1.90152,3.38688,8.61469e+06,3.61194e+06,2.12026e+07,0,0,0,1.44139e+08
57.3966,110.355,2.40185,0,0.04,3.97273,3.97273,0,0.744482,6.048,4.14526e+06,2.70226e+06,1.6468e+07,0,0,0,5.46762e+08,96.103,98.274,2.56358,0,0,2.46124,2.46124,0,1.90154,3.38688,8.61469e+06,3.61194e+06,2.12029e+07,0,0,0,1.44139e+08
56.1293,110.355,2.38067,0,0.04,3.97277,3.97277,0,0.744489,6.048,4.14526e+06,2.70226e+06,1.64681e+07,0,0,0,5.46762e+08,95.8224,98.274,2.3888,0,0,2.46127,2.46127,0,1.90156,3.38688,8.61469e+06,3.61194e+06,2.12031e+07,0,0,0,1.44139e+08
54.7077,110.355,2.12253,0,0.04,3.85159,3.85159,0,0.744497,6.048,4.14526e+06,2.70226e+06,1.59658e+07,0,0,0,5.46762e+08,95.6408,98.274,2.59048,0,0,2.34287,2.34287,0,1.90158,3.38688,8.61469e+06,3.61194e+06,2.01831e+07,0,0,0,1.44139e+08
53.7044,110.355,2.53876,0,0.04,3.85163,3.85163,0,0.721788,6.048,4.14526e+06,2.70226e+06,1.5966e+07,0,0,0,5.46762e+08,95.8264,98.274,3.68049,0,0,2.34289,2.34289,0,1.8101,3.38688,8.61469e+06,3.61194e+06,2.01833e+07,0,0,0,1.44139e+08
52.5471,110.355,2.3565,0,0.04,3.85167,3.85167,0,0.721795,6.048,4.14526e+06,2.70226e+06,1.59662e+07,0,0,0,5.46762e+08,95.8552,98.274,3.41157,0,0,2.34291,2.34291,0,1.81012,3.38688,8.61469e+06,3.61194e+06,2.01835e+07,0,0,0,1.44139e+08
51.8306,110.355,2.84018,0,0.04,3.85171,3.85171,0,0.721803,6.048,4.14526e+06,2.70226e+06,1.59663e+07,0,0,0,5.46762e+08,95.9815,98.274,3.94399,0,0,2.34294,2.34294,0,1.81014,3.38688,8.61469e+06,3.61194e+06,2.01837e+07,0,0,0,1.44139e+08
53.8991,110.355,5.65525,0,0.04,3.75224,3.75224,0,0.72181,6.048,4.14526e+06,2.70226e+06,1.5554e+07,0,0,0,5.46762e+08,96.1752,98.274,4.35959,0,0,2.23516,2.23516,0,1.81015,3.38688,8.61469e+06,3.61194e+06,1.92552e+07,0,0,0,1.44139e+08
55.7669,110.355,5.46903,0,0.04,3.75228,3.75228,0,0.70317,6.048,4.14526e+06,2.70226e+06,1.55542e+07,0,0,0,5.46762e+08,96.7776,98.274,5.12579,0,0,2.23518,2.23518,0,1.72689,3.38688,8.61469e+06,3.61194e+06,1.92554e+07,0,0,0,1.44139e+08
58.1795,110.355,6.12314,0,0.04,3.75232,3.75232,0,0.703177,6.048,4.14526e+06,2.70226e+06,1.55543e+07,0,0,0,5.46762e+08,97.1725,98.274,5.40172,0,0,2.23521,2.23521,0,1.7269,3.38688,8.61469e+06,3.61194e+06,1.92556e+07,0,0,0,1.44139e+08
59.5992,110.355,5.25509,0,0.04,3.75235,3.75235,0,0.703184,6.048,4.14526e+06,2.70226e+06,1.55545e+07,0,0,0,5.46762e+08,97.9596,98.274,5.09476,0,0,2.23523,2.23523,0,1.72692,3.38688,8.61469e+06,3.61194e+06,1.92558e+07,0,0,0,1.44139e+08
66.0311,110.355,10.5976,0,0.04,3.46979,3.46979,0,0.703191,6.048,4.14526e+06,2.70226e+06,1.43832e+07,0,0,0,5.46762e+08,99.3022,98.274,11.7259,0,0,2.01073,2.01073,0,1.72694,3.38688,8.61469e+06,3.61194e+06,1.73218e+07,0,0,0,1.44139e+08
73.9456,110.355,11.9299,0,0.04,3.46983,3.46983,0,0.650239,6.048,4.14526e+06,2.70226e+06,1.43833e+07,0,0,0,5.46762e+08,99.3022,98.274,12.9514,0,0,2.01075,2.01075,0,1.55349,3.38688,8.61469e+06,3.61194e+06,1.73219e+07,0,0,0,1.44139e+08
81.7648,110.355,11.9592,0,0.04,3.46986,3.46986,0,0.650246,6.048,4.14526e+06,2.70226e+06,1.43835e+07,0,0,0,5.46762e+08,99.3022,98.274,17.5942,0,0,2.01077,2.01077,0,1.5535,3.38688,8.61469e+06,3.61194e+06,1.73221e+07,0,0,0,1.44139e+08
90.678,110.355,13.2711,0,0.04,3.46989,3.46989,0,0.650252,6.048,4.14526e+06,2.70226e+06,1.43836e+07,0,0,0,5.46762e+08,99.3022,98.274,19.2865,0,0,2.01079,2.01079,0,1.55352,3.38688,8.61469e+06,3.61194e+06,1.73223e+07,0,0,0,1.44139e+08
95.5375,110.355,9.19315,0,0.04,3.46993,3.46993,0,0.650258,6.048,4.14526e+06,2.70226e+06,1.43837e+07,0,0,0,5.46762e+08,99.3022,98.274,9.31423,0,0,2.0108,2.0108,0,1.55353,3.38688,8.61469e+06,3.61194e+06,1.73225e+07,0,0,0,1.44139e+08
98.6895,110.355,7.42401,0,0.04,3.57865,3.57865,0,0.650265,6.048,4.14526e+06,2.70226e+06,1.48344e+07,0,0,0,5.46762e+08,99.3022,98.274,6.28644,0,0,2.07583,2.07583,0,1.55355,3.38688,8.61469e+06,3.61194e+06,1.78827e+07,0,0,0,1.44139e+08
100.751,110.355,6.27027,0,0.04,3.57866,3.57866,0,0.670639,6.048,4.14526e+06,2.70226e+06,1.48345e+07,0,0,0,5.46762e+08,99.3022,98.274,4.83872,0,0,2.07584,2.07584,0,1.60379,3.38688,8.61469e+06,3.61194e+06,1.78827e+07,0,0,0,1.44139e+08
104.092,110.355,7.76904,0,0.04,3.57866,3.57866,0,0.67064,6.048,4.14526e+06,2.70226e+06,1.48345e+07,0,0,0,5.46762e+08,99.3022,98.274,5.25617,0,0,2.07584,2.07584,0,1.60379,3.38688,8.61469e+06,3.61194e+06,1.78827e+07,0,0,0,1.44139e+08
108.69,110.355,9.21476,0,0.04,3.57867,3.57867,0,0.670641,6.048,4.14526e+06,2.70226e+06,1.48345e+07,0,0,0,5.46762e+08,99.3022,98.274,7.38134,0,0,2.07584,2.07584,0,1.60379,3.38688,8.61469e+06,3.61194e+06,1.78827e+07,0,0,0,1.44139e+08
110.355,110.355,9.71591,0,0.04,3.92773,3.92773,0,0.670642,6.048,4.14526e+06,2.70226e+06,1.62814e+07,0,0,0,5.46762e+08,99.3022,98.274,8.86941,0,0,2.31992,2.31992,0,1.6038,3.38688,8.61469e+06,3.61194e+06,1.99854e+07,0,0,0,1.44139e+08
110.355,110.355,6.59345,0,0.04,3.92773,3.92773,0,0.736056,6.048,4.14526e+06,2.70226e+06,1.62815e+07,0,0,0,5.46762e+08,99.3022,98.274,6.10884,0,0,2.31992,2.31992,0,1.79237,3.38688,8.61469e+06,3.61194e+06,1.99854e+07,0,0,0,1.44139e+08
110.355,110.355,5.56162,0,0.04,3.92774,3.92774,0,0.736057,6.048,4.14526e+06,2.70226e+06,1.62815e+07,0,0,0,5.46762e+08,99.3022,98.274,6.60945,0,0,2.31993,2.31993,0,1.79237,3.38688,8.61469e+06,3.61194e+06,1.99854e+07,0,0,0,1.44139e+08
110.355,110.355,5.88422,0,0.04,3.92774,3.92774,0,0.736058,6.048,4.14526e+06,2.70226e+06,1.62815e+07,0,0,0,5.46762e+08,99.3022,98.274,6.41725,0,0,2.31993,2.31993,0,1.79237,3.38688,8.61469e+06,3.61194e+06,1.99855e+07,0,0,0,1.44139e+08
110.355,110.355,6.13294,0,0.04,3.42988,3.42988,0,0.736059,6.048,4.14526e+06,2.70226e+06,1.42177e+07,0,0,0,5.46762e+08,99.3022,98.274,5.02869,0,0,1.99238,1.99238,0,1.79238,3.38688,8.61469e+06,3.61194e+06,1.71637e+07,0,0,0,1.44139e+08
110.355,110.355,5.34898,0,0.04,3.42988,3.42988,0,0.642759,6.048,4.14526e+06,2.70226e+06,1.42178e+07,0,0,0,5.46762e+08,99.3022,98.274,4.83661,0,0,1.99238,1.99238,0,1.53931,3.38688,8.61469e+06,3.61194e+06,1.71637e+07,0,0,0,1.44139e+08
110.355,110.355,9.07867,0,0.04,3.42989,3.42989,0,0.64276,6.048,4.14526e+06,2.70226e+06,1.42178e+07,0,0,0,5.46762e+08,99.3022,98.274,8.00338,0,0,1.99238,1.99238,0,1.53931,3.38688,8.61469e+06,3.61194e+06,1.71638e+07,0,0,0,1.44139e+08
110.355,110.355,9.19373,0,0.04,3.42989,3.42989,0,0.642761,6.048,4.14526e+06,2.70226e+06,1.42178e+07,0,0,0,5.46762e+08,99.3022,98.274,7.55978,0,0,1.99239,1.99239,0,1.53932,3.38688,8.61469e+06,3.61194e+06,1.71638e+07,0,0,0,1.44139e+08
110.355,110.355,6.74476,0.09,0.04,3.1275,3.4299,0,0.642762,6.048,4.14526e+06,2.70226e+06,1.29643e+07,0,0,0,5.46762e+08,99.3022,98.274,6.96348,0,0,2.29479,1.99239,0,1.53932,3.38688,8.61469e+06,3.61194e+06,1.97689e+07,0,0,0,1.44139e+08
110.355,110.355,6.64109,0.15,0.04,3.25282,3.55522,0,0.586093,6.048,4.14526e+06,2.70226e+06,1.34838e+07,0,0,0,5.46762e+08,99.3022,98.274,7.92655,0,0,2.37492,2.07252,0,1.77295,3.38688,8.61469e+06,3.61194e+06,2.04592e+07,0,0,0,1.44139e+08
110.355,110.355,4.9383,0.15,0.04,3.25283,3.55523,0,0.609579,6.048,4.14526e+06,2.70226e+06,1.34838e+07,0,0,0,5.46762e+08,99.3022,98.274,5.53875,0,0,2.37493,2.07253,0,1.83487,3.38688,8.61469e+06,3.61194e+06,2.04593e+07,0,0,0,1.44139e+08
110.355,110.355,4.71426,0.14,0.04,3.25283,3.55523,0,0.60958,6.048,4.14526e+06,2.70226e+06,1.34838e+07,0,0,0,5.46762e+08,99.3022,98.274,5.68929,0,0,2.37493,2.07253,0,1.83487,3.38688,8.61469e+06,3.61194e+06,2.04593e+07,0,0,0,1.44139e+08
110.355,110.355,4.47424,0.14,0.04,3.25284,3.55524,0,0.609581,6.048,4.14526e+06,2.70226e+06,1.34838e+07,0,0,0,5.46762e+08,99.3022,98.274,4.9067,0,0,2.37493,2.07253,0,1.83487,3.38688,8.61469e+06,3.61194e+06,2.04593e+07,0,0,0,1.44139e+08
110.355,110.355,4.08629,0.14,0.04,3.20384,3.50624,0,0.609582,6.048,4.14526e+06,2.70226e+06,1.32808e+07,0,0,0,5.46762e+08,99.3022,98.274,4.64983,0,0,2.34381,2.04141,0,1.83487,3.38688,8.61469e+06,3.61194e+06,2.01912e+07,0,0,0,1.44139e+08
110.188,110.355,3.70247,0.14,0.04,3.20385,3.50625,0,0.6004,6.048,4.14526e+06,2.70226e+06,1.32808e+07,0,0,0,5.46762e+08,99.3022,98.274,3.73171,0,0,2.34381,2.04141,0,1.81083,3.38688,8.61469e+06,3.61194e+06,2.01912e+07,0,0,0,1.44139e+08
110.355,110.355,4.55594,0.14,0.04,3.20385,3.50625,0,0.600401,6.048,4.14526e+06,2.70226e+06,1.32808e+07,0,0,0,5.46762e+08,99.3022,98.274,4.1634,0,0,2.34382,2.04142,0,1.81083,3.38688,8.61469e+06,3.61194e+06,2.01913e+07,0,0,0,1.44139e+08
110.307,110.355,3.64899,0.13,0.04,3.20386,3.50626,0,0.600402,6.048,4.14526e+06,2.70226e+06,1.32808e+07,0,0,0,5.46762e+08,99.3022,98.274,3.89478,0,0,2.34382,2.04142,0,1.81083,3.38688,8.61469e+06,3.61194e+06,2.01913e+07,0,0,0,1.44139e+08
110.204,110.355,3.73592,0.14,0.04,3.37019,3.67259,0,0.600403,6.048,4.14526e+06,2.70226e+06,1.39703e+07,0,0,0,5.46762e+08,99.3022,98.274,3.78178,0,0,2.45419,2.15179,0,1.81084,3.38688,8.61469e+06,3.61194e+06,2.11421e+07,0,0,0,1.44139e+08
109.683,110.355,3.30587,0.14,0.04,3.37019,3.67259,0,0.631573,6.048,4.14526e+06,2.70226e+06,1.39703e+07,0,0,0,5.46762e+08,99.3022,98.274,3.55978,0,0,2.4542,2.1518,0,1.89611,3.38688,8.61469e+06,3.61194e+06,2.11421e+07,0,0,0,1.44139e+08
108.9,110.355,3.01667,0.15,0.04,3.3702,3.6726,0,0.631574,6.048,4.14526e+06,2.70226e+06,1.39703e+07,0,0,0,5.46762e+08,99.3022,98.274,3.37733,0,0,2.4542,2.1518,0,1.89611,3.38688,8.61469e+06,3.61194e+06,2.11422e+07,0,0,0,1.44139e+08
108.035,110.355,2.87741,0.13,0.04,3.3702,3.6726,0,0.631575,6.048,4.14526e+06,2.70226e+06,1.39704e+07,0,0,0,5.46762e+08,99.2695,98.274,2.9698,0,0,2.4542,2.1518,0,1.89611,3.38688,8.61469e+06,3.61194e+06,2.11422e+07,0,0,0,1.44139e+08
107.788,110.355,3.46504,0.09,0.04,3.37021,3.67261,0,0.631576,6.048,4.14526e+06,2.70226e+06,1.39704e+07,0,0,0,5.46762e+08,99.2365,98.274,3.16189,0,0,2.4542,2.1518,0,1.89612,3.38688,8.61469e+06,3.61194e+06,2.11422e+07,0,0,0,1.44139e+08
107.396,110.355,3.28369,0.09,0.04,3.33732,3.63972,0,0.631577,6.048,4.14526e+06,2.70226e+06,1.3834e+07,0,0,0,5.46762e+08,99.1955,98.274,3.15641,0,0,2.51487,2.21247,0,1.89612,3.38688,8.61469e+06,3.61194e+06,2.16648e+07,0,0,0,1.44139e+08
106.706,110.355,2.97008,0.09,0.04,3.33732,3.63972,0,0.625413,6.048,4.14526e+06,2.70226e+06,1.38341e+07,0,0,0,5.46762e+08,99.0932,98.274,2.84043,0,0,2.51487,2.21247,0,1.94299,3.38688,8.61469e+06,3.61194e+06,2.16648e+07,0,0,0,1.44139e+08
105.932,110.355,2.82396,0.18,0.04,3.33733,3.63973,0,0.625414,6.048,4.14526e+06,2.70226e+06,1.38341e+07,0,0,0,5.46762e+08,98.8827,98.274,2.78724,0,0,2.51487,2.21247,0,1.94299,3.38688,8.61469e+06,3.61194e+06,2.16649e+07,0,0,0,1.44139e+08
105.196,110.355,2.8406,0.1,0.04,3.33733,3.63973,0,0.625415,6.048,4.14526e+06,2.70226e+06,1.38341e+07,0,0,0,5.46762e+08,98.6032,98.274,2.64894,0,0,2.51488,2.21248,0,1.94299,3.38688,8.61469e+06,3.61194e+06,2.16649e+07,0,0,0,1.44139e+08
104.681,110.355,3.12407,0.09,0.04,3.42228,3.72468,0,0.625416,6.048,4.14526e+06,2.70226e+06,1.41862e+07,0,0,0,5.46762e+08,98.2996,98.274,2.60193,0,0,2.56894,2.26654,0,1.94299,3.38688,8.61469e+06,3.61194e+06,2.21306e+07,0,0,0,1.44139e+08
103.866,110.355,2.81492,0.09,0.04,3.42229,3.72469,0,0.641336,6.048,4.14526e+06,2.70226e+06,1.41863e+07,0,0,0,5.46762e+08,97.9544,98.274,2.51623,0,0,2.56895,2.26655,0,1.98477,3.38688,8.61469e+06,3.61194e+06,2.21307e+07,0,0,0,1.44139e+08
102.812,110.355,2.56484,0.09,0.04,3.42229,3.72469,0,0.641337,6.048,4.14526e+06,2.70226e+06,1.41863e+07,0,0,0,5.46762e+08,97.5839,98.274,2.32118,0,0,2.56895,2.26655,0,1.98477,3.38688,8.61469e+06,3.61194e+06,2.21307e+07,0,0,0,1.44139e+08
101.192,110.355,2.2283,0,0.04,3.7247,3.7247,0,0.641337,6.048,4.14526e+06,2.70226e+06,1.54398e+07,0,0,0,5.46762e+08,97.2046,98.274,2.30768,0,0,2.26655,2.26655,0,1.98477,3.38688,8.61469e+06,3.61194e+06,1.95256e+07,0,0,0,1.44139e+08
100.466,110.355,3.12784,0.11,0.04,3.67106,3.97346,0,0.698008,6.048,4.14526e+06,2.70226e+06,1.52175e+07,0,0,0,5.46762e+08,96.9955,98.274,2.9627,0,0,2.7641,2.4617,0,1.75114,3.38688,8.61469e+06,3.61194e+06,2.38118e+07,0,0,0,1.44139e+08
99.153,110.355,2.55889,0.11,0.04,3.67106,3.97346,0,0.687956,6.048,4.14526e+06,2.70226e+06,1.52175e+07,0,0,0,5.46762e+08,96.626,98.274,2.37536,0,0,2.7641,2.4617,0,2.13554,3.38688,8.61469e+06,3.61194e+06,2.38119e+07,0,0,0,1.44139e+08
98.2906,110.355,2.97996,0.01,0.04,3.67107,3.97347,0,0.687957,6.048,4.14526e+06,2.70226e+06,1.52175e+07,0,0,0,5.46762e+08,96.5686,98.274,3.53914,0,0,2.7641,2.4617,0,2.13554,3.38688,8.61469e+06,3.61194e+06,2.38119e+07,0,0,0,1.44139e+08
96.6965,110.355,2.50002,0,0.04,3.97347,3.97347,0,0.687958,6.048,4.14526e+06,2.70226e+06,1.64711e+07,0,0,0,5.46762e+08,96.2914,98.274,2.84628,0,0,2.46171,2.46171,0,2.13555,3.38688,8.61469e+06,3.61194e+06,2.12068e+07,0,0,0,1.44139e+08
95.0856,110.355,2.45294,0,0.04,3.97348,3.97348,0,0.744629,6.048,4.14526e+06,2.70226e+06,1.64711e+07,0,0,0,5.46762e+08,96.0813,98.274,3.73406,0,0,2.46171,2.46171,0,1.90191,3.38688,8.61469e+06,3.61194e+06,2.12069e+07,0,0,0,1.44139e+08
93.4393,110.355,2.03412,0.02,0.04,3.54985,3.85225,0,0.74463,6.048,4.14526e+06,2.70226e+06,1.4715e+07,0,0,0,5.46762e+08,95.7991,98.274,3.45328,0,0,2.64567,2.34327,0,1.90192,3.38688,8.61469e+06,3.61194e+06,2.27916e+07,0,0,0,1.44139e+08
92.3018,110.355,2.89747,0,0.04,3.85225,3.85225,0,0.665242,6.048,4.14526e+06,2.70226e+06,1.59686e+07,0,0,0,5.46762e+08,95.7136,98.274,3.94905,0,0,2.34327,2.34327,0,2.04404,3.38688,8.61469e+06,3.61194e+06,2.01866e+07,0,0,0,1.44139e+08
95.0649,110.355,7.14809,0,0.04,3.85226,3.85226,0,0.721912,6.048,4.14526e+06,2.70226e+06,1.59686e+07,0,0,0,5.46762e+08,96.5428,98.274,7.12336,0,0,2.34327,2.34327,0,1.81041,3.38688,8.61469e+06,3.61194e+06,2.01866e+07,0,0,0,1.44139e+08
94.2177,110.355,3.36533,0,0.04,3.85226,3.85226,0,0.721913,6.048,4.14526e+06,2.70226e+06,1.59686e+07,0,0,0,5.46762e+08,96.5852,98.274,4.46591,0,0,2.34328,2.34328,0,1.81041,3.38688,8.61469e+06,3.61194e+06,2.01866e+07,0,0,0,1.44139e+08
94.1615,110.355,3.97372,0,0.04,3.75276,3.75276,0,0.721914,6.048,4.14526e+06,2.70226e+06,1.55561e+07,0,0,0,5.46762e+08,97.2717,98.274,6.94445,0,0,2.23547,2.23547,0,1.81042,3.38688,8.61469e+06,3.61194e+06,1.92579e+07,0,0,0,1.44139e+08
95.6558,110.355,5.87435,0,0.04,3.75276,3.75276,0,0.703266,6.048,4.14526e+06,2.70226e+06,1.55562e+07,0,0,0,5.46762e+08,98.5181,98.274,8.20758,0,0,2.23547,2.23547,0,1.72712,3.38688,8.61469e+06,3.61194e+06,1.92579e+07,0,0,0,1.44139e+08
95.7707,110.355,4.44317,0,0.04,3.75277,3.75277,0,0.703267,6.048,4.14526e+06,2.70226e+06,1.55562e+07,0,0,0,5.46762e+08,99.0469,98.274,5.6321,0,0,2.23547,2.23547,0,1.72712,3.38688,8.61469e+06,3.61194e+06,1.92579e+07,0,0,0,1.44139e+08
98.4777,110.355,7.36027,0,0.04,3.75277,3.75277,0,0.703268,6.048,4.14526e+06,2.70226e+06,1.55562e+07,0,0,0,5.46762e+08,99.3022,98.274,9.18285,0,0,2.23548,2.23548,0,1.72713,3.38688,8.61469e+06,3.61194e+06,1.92579e+07,0,0,0,1.44139e+08
101.627,110.355,7.30137,0,0.04,3.47015,3.47015,0,0.703269,6.048,4.14526e+06,2.70226e+06,1.43847e+07,0,0,0,5.46762e+08,99.3022,98.274,17.4683,0,0,2.01093,2.01093,0,1.72713,3.38688,8.61469e+06,3.61194e+06,1.73236e+07,0,0,0,1.44139e+08
108.301,110.355,11.3482,0,0.04,3.47015,3.47015,0,0.650306,6.048,4.14526e+06,2.70226e+06,1.43847e+07,0,0,0,5.46762e+08,99.3022,98.274,16.7337,0,0,2.01094,2.01094,0,1.55365,3.38688,8.61469e+06,3.61194e+06,1.73236e+07,0,0,0,1.44139e+08
110.355,110.355,14.0353,0,0.04,3.47016,3.47016,0,0.650307,6.048,4.14526e+06,2.70226e+06,1.43847e+07,0,0,0,5.46762e+08,99.3022,98.274,21.0308,0,0,2.01094,2.01094,0,1.55365,3.38688,8.61469e+06,3.61194e+06,1.73236e+07,0,0,0,1.44139e+08
110.355,110.355,9.0666,0.09,0.04,3.16776,3.47016,0,0.650308,6.048,4.14526e+06,2.70226e+06,1.31312e+07,0,0,0,5.46762e+08,99.3022,98.274,13.923,0,0,2.31334,2.01094,0,1.55365,3.38688,8.61469e+06,3.61194e+06,1.99287e+07,0,0,0,1.44139e+08
110.355,110.355,5.18238,0.11,0.04,3.16777,3.47017,0,0.593639,6.048,4.14526e+06,2.70226e+06,1.31312e+07,0,0,0,5.46762e+08,99.3022,98.274,8.5202,0,0,2.31334,2.01094,0,1.78729,3.38688,8.61469e+06,3.61194e+06,1.99287e+07,0,0,0,1.44139e+08
110.355,110.355,5.21498,0.11,0.04,3.27647,3.57887,0,0.59364,6.048,4.14526e+06,2.70226e+06,1.35818e+07,0,0,0,5.46762e+08,99.3022,98.274,6.80599,0,0,2.37836,2.07596,0,1.78729,3.38688,8.61469e+06,3.61194e+06,2.04888e+07,0,0,0,1.44139e+08
109.975,110.355,3.79464,0.1,0.04,3.27644,3.57884,0,0.61401,6.048,4.14526e+06,2.70226e+06,1.35817e+07,0,0,0,5.46762e+08,99.3022,98.274,6.72463,0,0,2.37834,2.07594,0,1.83752,3.38688,8.61469e+06,3.61194e+06,2.04887e+07,0,0,0,1.44139e+08
110.355,110.355,5.1953,0.11,0.04,3.27642,3.57882,0,0.614005,6.048,4.14526e+06,2.70226e+06,1.35816e+07,0,0,0,5.46762e+08,99.3022,98.274,7.22065,0,0,2.37833,2.07593,0,1.83751,3.38688,8.61469e+06,3.61194e+06,2.04886e+07,0,0,0,1.44139e+08
110.355,110.355,8.20423,0.1,0.04,3.27639,3.57879,0,0.614,6.048,4.14526e+06,2.70226e+06,1.35815e+07,0,0,0,5.46762e+08,99.3022,98.274,9.78608,0,0,2.37831,2.07591,0,1.8375,3.38688,8.61469e+06,3.61194e+06,2.04884e+07,0,0,0,1.44139e+08
110.355,110.355,6.60761,0.09,0.04,3.62543,3.92783,0,0.613996,6.048,4.14526e+06,2.70226e+06,1.50283e+07,0,0,0,5.46762e+08,99.3022,98.274,10.29,0,0,2.62238,2.31998,0,1.83749,3.38688,8.61469e+06,3.61194e+06,2.2591e+07,0,0,0,1.44139e+08
110.355,110.355,4.55957,0.1,0.04,3.6254,3.9278,0,0.679405,6.048,4.14526e+06,2.70226e+06,1.50282e+07,0,0,0,5.46762e+08,99.3022,98.274,5.44432,0,0,2.62236,2.31996,0,2.02605,3.38688,8.61469e+06,3.61194e+06,2.25908e+07,0,0,0,1.44139e+08
109.658,110.355,3.73432,0.12,0.04,3.62537,3.92777,0,0.6794,6.048,4.14526e+06,2.70226e+06,1.50281e+07,0,0,0,5.46762e+08,99.3022,98.274,4.55142,0,0,2.62235,2.31995,0,2.02604,3.38688,8.61469e+06,3.61194e+06,2.25907e+07,0,0,0,1.44139e+08
109.878,110.355,4.70095,0.13,0.04,3.62535,3.92775,0,0.679395,6.048,4.14526e+06,2.70226e+06,1.5028e+07,0,0,0,5.46762e+08,99.3022,98.274,6.45267,0,0,2.62233,2.31993,0,2.02603,3.38688,8.61469e+06,3.61194e+06,2.25906e+07,0,0,0,1.44139e+08
110.355,110.355,9.902,0.15,0.04,3.12745,3.42985,0,0.67939,6.048,4.14526e+06,2.70226e+06,1.29641e+07,0,0,0,5.46762e+08,99.3022,98.274,11.4707,0,0,2.29476,1.99236,0,2.02601,3.38688,8.61469e+06,3.61194e+06,1.97687e+07,0,0,0,1.44139e+08
110.355,110.355,8.52828,0.15,0.04,3.12743,3.42983,0,0.586085,6.048,4.14526e+06,2.70226e+06,1.2964e+07,0,0,0,5.46762e+08,99.3022,98.274,8.85674,0,0,2.29475,1.99235,0,1.77293,3.38688,8.61469e+06,3.61194e+06,1.97685e+07,0,0,0,1.44139e+08
110.355,110.355,9.44899,0.16,0.04,3.1274,3.4298,0,0.58608,6.048,4.14526e+06,2.70226e+06,1.29639e+07,0,0,0,5.46762e+08,99.3022,98.274,10.2018,0,0,2.29473,1.99233,0,1.77292,3.38688,8.61469e+06,3.61194e+06,1.97684e+07,0,0,0,1.44139e+08
110.355,110.355,8.31284,0.17,0.04,3.12738,3.42978,0,0.586076,6.048,4.14526e+06,2.70226e+06,1.29638e+07,0,0,0,5.46762e+08,99.3022,98.274,8.74211,0,0,2.29472,1.99232,0,1.77291,3.38688,8.61469e+06,3.61194e+06,1.97683e+07,0,0,0,1.44139e+08
110.355,110.355,6.24951,0.17,0.04,3.12736,3.42976,0,0.586071,6.048,4.14526e+06,2.70226e+06,1.29637e+07,0,0,0,5.46762e+08,99.3022,98.274,8.83243,0,0,2.29471,1.99231,0,1.7729,3.38688,8.61469e+06,3.61194e+06,1.97682e+07,0,0,0,1.44139e+08
110.355,110.355,7.04267,0.16,0.04,3.25265,3.55505,0,0.586066,6.048,4.14526e+06,2.70226e+06,1.34831e+07,0,0,0,5.46762e+08,99.3022,98.274,10.6137,0,0,2.37482,2.07242,0,1.77289,3.38688,8.61469e+06,3.61194e+06,2.04583e+07,0,0,0,1.44139e+08
110.355,110.355,7.50497,0.16,0.04,3.25262,3.55502,0,0.609546,6.048,4.14526e+06,2.70226e+06,1.34829e+07,0,0,0,5.46762e+08,99.3022,98.274,10.5383,0,0,2.37481,2.07241,0,1.83479,3.38688,8.61469e+06,3.61194e+06,2.04582e+07,0,0,0,1.44139e+08
110.355,110.355,6.37548,0.14,0.04,3.2526,3.555,0,0.609541,6.048,4.14526e+06,2.70226e+06,1.34828e+07,0,0,0,5.46762e+08,99.3022,98.274,9.77644,0,0,2.37479,2.07239,0,1.83477,3.38688,8.61469e+06,3.61194e+06,2.04581e+07,0,0,0,1.44139e+08
110.355,110.355,5.1575,0.14,0.04,3.25257,3.55497,0,0.609536,6.048,4.14526e+06,2.70226e+06,1.34827e+07,0,0,0,5.46762e+08,99.3022,98.274,8.04231,0,0,2.37478,2.07238,0,1.83476,3.38688,8.61469e+06,3.61194e+06,2.0458e+07,0,0,0,1.44139e+08
110.355,110.355,4.64423,0.14,0.04,3.20355,3.50595,0,0.609532,6.048,4.14526e+06,2.70226e+06,1.32795e+07,0,0,0,5.46762e+08,99.3022,98.274,5.14396,0,0,2.34364,2.04124,0,1.83475,3.38688,8.61469e+06,3.61194e+06,2.01897e+07,0,0,0,1.44139e+08
110.087,110.355,3.63453,0.14,0.04,3.20352,3.50592,0,0.600345,6.048,4.14526e+06,2.70226e+06,1.32794e+07,0,0,0,5.46762e+08,99.3022,98.274,4.56075,0,0,2.34363,2.04123,0,1.8107,3.38688,8.61469e+06,3.61194e+06,2.01896e+07,0,0,0,1.44139e+08
109.571,110.355,3.29465,0.14,0.04,3.2035,3.5059,0,0.60034,6.048,4.14526e+06,2.70226e+06,1.32793e+07,0,0,0,5.46762e+08,99.1399,98.274,3.59216,0,0,2.34361,2.04121,0,1.81069,3.38688,8.61469e+06,3.61194e+06,2.01895e+07,0,0,0,1.44139e+08
108.756,110.355,2.89428,0.16,0.04,3.20347,3.50587,0,0.600335,6.048,4.14526e+06,2.70226e+06,1.32792e+07,0,0,0,5.46762e+08,98.9165,98.274,3.3458,0,0,2.3436,2.0412,0,1.81067,3.38688,8.61469e+06,3.61194e+06,2.01894e+07,0,0,0,1.44139e+08
108.028,110.355,3.10769,0.15,0.04,3.36975,3.67215,0,0.600331,6.048,4.14526e+06,2.70226e+06,1.39685e+07,0,0,0,5.46762e+08,98.8016,98.274,3.57015,0,0,2.45394,2.15154,0,1.81066,3.38688,8.61469e+06,3.61194e+06,2.11399e+07,0,0,0,1.44139e+08
107.055,110.355,2.84903,0.15,0.04,3.36973,3.67213,0,0.631492,6.048,4.14526e+06,2.70226e+06,1.39684e+07,0,0,0,5.46762e+08,98.6925,98.274,3.16323,0,0,2.45392,2.15152,0,1.89591,3.38688,8.61469e+06,3.61194e+06,2.11398e+07,0,0,0,1.44139e+08
105.848,110.355,2.59746,0.18,0.04,3.3697,3.6721,0,0.631487,6.048,4.14526e+06,2.70226e+06,1.39683e+07,0,0,0,5.46762e+08,98.4783,98.274,2.56557,0,0,2.45391,2.15151,0,1.8959,3.38688,8.61469e+06,3.61194e+06,2.11397e+07,0,0,0,1.44139e+08
104.363,110.355,2.28237,0.18,0.04,3.36968,3.67208,0,0.631482,6.048,4.14526e+06,2.70226e+06,1.39682e+07,0,0,0,5.46762e+08,97.9153,98.274,2.61499,0,0,2.45389,2.15149,0,1.89589,3.38688,8.61469e+06,3.61194e+06,2.11395e+07,0,0,0,1.44139e+08
102.625,110.355,1.91775,0.18,0.04,3.36965,3.67205,0,0.631477,6.048,4.14526e+06,2.70226e+06,1.39681e+07,0,0,0,5.46762e+08,96.9199,98.274,1.76728,0,0,2.45388,2.15148,0,1.89588,3.38688,8.61469e+06,3.61194e+06,2.11394e+07,0,0,0,1.44139e+08
100.809,110.355,1.76244,0.18,0.04,3.33673,3.63913,0,0.631472,6.048,4.14526e+06,2.70226e+06,1.38316e+07,0,0,0,5.46762e+08,95.8934,98.274,1.41084,0,0,2.51451,2.21211,0,1.89587,3.38688,8.61469e+06,3.61194e+06,2.16618e+07,0,0,0,1.44139e+08
98.8629,110.355,1.61985,0.2,0.04,3.33671,3.63911,0,0.625304,6.048,4.14526e+06,2.70226e+06,1.38315e+07,0,0,0,5.46762e+08,94.7455,98.274,1.41218,0,0,2.5145,2.2121,0,1.94271,3.38688,8.61469e+06,3.61194e+06,2.16616e+07,0,0,0,1.44139e+08
96.7985,110.355,1.48356,0.2,0.04,3.33668,3.63908,0,0.625299,6.048,4.14526e+06,2.70226e+06,1.38314e+07,0,0,0,5.46762e+08,93.5849,98.274,1.26166,0,0,2.51448,2.21208,0,1.9427,3.38688,8.61469e+06,3.61194e+06,2.16615e+07,0,0,0,1.44139e+08
94.7098,110.355,1.4095,0.2,0.04,3.33666,3.63906,0,0.625294,6.048,4.14526e+06,2.70226e+06,1.38313e+07,0,0,0,5.46762e+08,92.4369,98.274,1.24097,0,0,2.51447,2.21207,0,1.94269,3.38688,8.61469e+06,3.61194e+06,2.16613e+07,0,0,0,1.44139e+08
92.6467,110.355,1.47072,0.24,0.04,3.42156,3.72396,0,0.625289,6.048,4.14526e+06,2.70226e+06,1.41832e+07,0,0,0,5.46762e+08,91.256,98.274,1.29765,0,0,2.5685,2.2661,0,1.94268,3.38688,8.61469e+06,3.61194e+06,2.21269e+07,0,0,0,1.44139e+08
90.4384,110.355,1.30754,0.24,0.04,3.42153,3.72393,0,0.6412,6.048,4.14526e+06,2.70226e+06,1.41831e+07,0,0,0,5.46762e+08,90.0338,98.274,1.23733,0,0,2.56849,2.26609,0,1.98443,3.38688,8.61469e+06,3.61194e+06,2.21267e+07,0,0,0,1.44139e+08
88.1401,110.355,1.19775,0.24,0.04,3.4215,3.7239,0,0.641195,6.048,4.14526e+06,2.70226e+06,1.4183e+07,0,0,0,5.46762e+08,88.8151,98.274,1.16229,0,0,2.56847,2.26607,0,1.98441,3.38688,8.61469e+06,3.61194e+06,2.21266e+07,0,0,0,1.44139e+08
85.7224,110.355,1.03612,0.25,0.04,3.42148,3.72388,0,0.64119,6.048,4.14526e+06,2.70226e+06,1.41829e+07,0,0,0,5.46762e+08,87.4619,98.274,1.15356,0,0,2.56845,2.26605,0,1.9844,3.38688,8.61469e+06,3.61194e+06,2.21264e+07,0,0,0,1.44139e+08
82.9098,110.355,0.860115,0.25,0.04,3.67015,3.97255,0,0.641185,6.048,4.14526e+06,2.70226e+06,1.52137e+07,0,0,0,5.46762e+08,86.0904,98.274,0.938071,0,0,2.76353,2.46113,0,1.98439,3.38688,8.61469e+06,3.61194e+06,2.3807e+07,0,0,0,1.44139e+08
80.2278,110.355,0.951472,0.27,0.04,3.67012,3.97252,0,0.687786,6.048,4.14526e+06,2.70226e+06,1.52136e+07,0,0,0,5.46762e+08,84.628,98.274,1.10673,0,0,2.76352,2.46112,0,2.13511,3.38688,8.61469e+06,3.61194e+06,2.38068e+07,0,0,0,1.44139e+08
77.3937,110.355,0.776599,0.29,0.04,3.67009,3.97249,0,0.687781,6.048,4.14526e+06,2.70226e+06,1.52135e+07,0,0,0,5.46762e+08,83.4801,98.274,0.799359,0,0,2.7635,2.4611,0,2.13509,3.38688,8.61469e+06,3.61194e+06,2.38067e+07,0,0,0,1.44139e+08
74.757,110.355,0.94434,0.33,0.04,3.67007,3.97247,0,0.687776,6.048,4.14526e+06,2.70226e+06,1.52134e+07,0,0,0,5.46762e+08,82.3308,98.274,1.41274,0,0,2.76348,2.46108,0,2.13508,3.38688,8.61469e+06,3.61194e+06,2.38065e+07,0,0,0,1.44139e+08
72.2194,110.355,1.06332,0.33,0.04,3.67004,3.97244,0,0.68777,6.048,4.14526e+06,2.70226e+06,1.52133e+07,0,0,0,5.46762e+08,81.6875,98.274,1.22764,0,0,2.76346,2.46106,0,2.13507,3.38688,8.61469e+06,3.61194e+06,2.38064e+07,0,0,0,1.44139e+08
70.2449,110.355,1.24331,0.4,0.04,3.20595,3.85121,0,0.687765,6.048,4.14526e+06,3.40408e+06,1.32895e+07,0,0,0,5.46762e+08,80.9195,98.274,2.0727,0,0,2.43648,2.34263,0,2.13505,3.38688,8.61469e+06,4.55002e+06,2.09895e+07,0,0,0,1.44139e+08
68.1469,110.355,1.10291,0.42,0.04,3.20592,3.85118,0,0.600795,6.048,4.14526e+06,3.40408e+06,1.32894e+07,0,0,0,5.46762e+08,79.8397,98.274,1.46299,0,0,2.43646,2.34262,0,1.88242,3.38688,8.61469e+06,4.55002e+06,2.09894e+07,0,0,0,1.44139e+08
65.8821,110.355,0.907527,0.42,0.04,3.2059,3.85115,0,0.60079,6.048,4.14526e+06,3.40408e+06,1.32893e+07,0,0,0,5.46762e+08,79.0847,98.274,1.18968,0,0,2.43645,2.3426,0,1.88241,3.38688,8.61469e+06,4.55002e+06,2.09892e+07,0,0,0,1.44139e+08
64.1864,110.355,1.54483,0.48,0.04,3.20587,3.85112,0,0.600785,6.048,4.14526e+06,3.40408e+06,1.32892e+07,0,0,0,5.46762e+08,78.6803,98.274,1.68634,0,0,2.43643,2.34258,0,1.8824,3.38688,8.61469e+06,4.55002e+06,2.09891e+07,0,0,0,1.44139e+08
63.6969,110.355,2.75913,0.48,0.04,3.11522,3.75161,0,0.600781,6.048,4.14526e+06,3.40408e+06,1.29134e+07,0,0,0,5.46762e+08,78.5853,98.274,3.19593,0,0,2.33823,2.23479,0,1.88239,3.38688,8.61469e+06,4.55002e+06,2.01431e+07,0,0,0,1.44139e+08
63.4498,110.355,2.98407,0.49,0.04,3.1152,3.75159,0,0.583792,6.048,4.14526e+06,3.40408e+06,1.29133e+07,0,0,0,5.46762e+08,78.8968,98.274,4.32215,0,0,2.33822,2.23477,0,1.80652,3.38688,8.61469e+06,4.55002e+06,2.0143e+07,0,0,0,1.44139e+08
62.9601,110.355,2.79779,0.51,0.04,3.11517,3.75156,0,0.583788,6.048,4.14526e+06,3.40408e+06,1.29132e+07,0,0,0,5.46762e+08,79.3483,98.274,4.35608,0,0,2.3382,2.23475,0,1.80651,3.38688,8.61469e+06,4.55002e+06,2.01429e+07,0,0,0,1.44139e+08
64.7691,110.355,5.21258,0.52,0.04,3.11515,3.75153,0,0.583783,6.048,4.14526e+06,3.40408e+06,1.29131e+07,0,0,0,5.46762e+08,79.6412,98.274,5.34365,0,0,2.33819,2.23474,0,1.8065,3.38688,8.61469e+06,4.55002e+06,2.01428e+07,0,0,0,1.44139e+08
65.4101,110.355,3.87976,0.54,0.04,2.85774,3.46897,0,0.583779,6.048,4.14526e+06,3.40408e+06,1.18461e+07,0,0,0,5.46762e+08,80.1105,98.274,4.44954,0,0,2.13369,2.01025,0,1.80648,3.38688,8.61469e+06,4.55002e+06,1.8381e+07,0,0,0,1.44139e+08
65.6406,110.355,3.50612,0.55,0.04,2.85772,3.46895,0,0.535541,6.048,4.14526e+06,3.40408e+06,1.1846e+07,0,0,0,5.46762e+08,80.7581,98.274,5.32507,0,0,2.13367,2.01024,0,1.64849,3.38688,8.61469e+06,4.55002e+06,1.83809e+07,0,0,0,1.44139e+08
68.0373,110.355,5.63278,0.56,0.04,2.8577,3.46892,0,0.535537,6.048,4.14526e+06,3.40408e+06,1.18459e+07,0,0,0,5.46762e+08,81.8307,98.274,7.23013,0,0,2.13366,2.01022,0,1.64848,3.38688,8.61469e+06,4.55002e+06,1.83808e+07,0,0,0,1.44139e+08
71.0224,110.355,6.30785,0.53,0.04,2.85768,3.4689,0,0.535533,6.048,4.14526e+06,3.40408e+06,1.18458e+07,0,0,0,5.46762e+08,82.7964,98.274,6.92537,0,0,2.13365,2.01021,0,1.64847,3.38688,8.61469e+06,4.55002e+06,1.83807e+07,0,0,0,1.44139e+08
72.8909,110.355,5.1226,0.55,0.04,2.85765,3.46887,0,0.535529,6.048,4.14526e+06,3.40408e+06,1.18457e+07,0,0,0,5.46762e+08,83.7794,98.274,5.32015,0,0,2.13363,2.01019,0,1.64846,3.38688,8.61469e+06,4.55002e+06,1.83806e+07,0,0,0,1.44139e+08
71.5668,110.355,1.84677,0.59,0.04,2.95661,3.5775,0,0.535524,6.048,4.14526e+06,3.40408e+06,1.22559e+07,0,0,0,5.46762e+08,83.6981,98.274,2.70556,0,0,2.19282,2.07517,0,1.64845,3.38688,8.61469e+06,4.55002e+06,1.88905e+07,0,0,0,1.44139e+08
70.3157,110.355,1.93125,0.6,0.06,2.95656,3.57745,0,0.554069,6.048,4.14526e+06,3.40408e+06,1.22557e+07,0,0,0,5.46762e+08,83.7027,98.274,2.44731,0,0,2.19279,2.07514,0,1.69418,3.38688,8.61469e+06,4.55002e+06,1.88902e+07,0,0,0,1.44139e+08
69.9507,110.355,2.87863,0.61,0.06,2.95651,3.57739,0,0.55406,6.048,4.14526e+06,3.40408e+06,1.22555e+07,0,0,0,5.46762e+08,83.5452,98.274,2.90623,0,0,2.19276,2.0751,0,1.69415,3.38688,8.61469e+06,4.55002e+06,1.889e+07,0,0,0,1.44139e+08
68.7555,110.355,1.97347,0.63,0.06,2.95646,3.57734,0,0.55405,6.048,4.14526e+06,3.40408e+06,1.22553e+07,0,0,0,5.46762e+08,83.5978,98.274,2.46254,0,0,2.19274,2.07507,0,1.69413,3.38688,8.61469e+06,4.55002e+06,1.88897e+07,0,0,0,1.44139e+08
68.1189,110.355,2.86526,0.66,0.06,3.27427,3.9262,0,0.554041,6.048,4.14526e+06,3.40408e+06,1.35727e+07,0,0,0,5.46762e+08,83.5276,98.274,2.71466,0,0,2.41497,2.31902,0,1.69411,3.38688,8.61469e+06,4.55002e+06,2.08042e+07,0,0,0,1.44139e+08
67.5,110.355,2.86237,0.57,0.06,3.27421,3.92614,0,0.613598,6.048,4.14526e+06,3.40408e+06,1.35724e+07,0,0,0,5.46762e+08,83.5369,98.274,2.8608,0,0,2.41493,2.31898,0,1.8658,3.38688,8.61469e+06,4.55002e+06,2.08039e+07,0,0,0,1.44139e+08
66.8321,110.355,3.09587,0.36,0.06,3.62368,3.92608,0,0.613587,6.048,4.14526e+06,2.70226e+06,1.50211e+07,0,0,0,5.46762e+08,83.6918,98.274,3.18205,0,0,2.62135,2.31895,0,1.86578,3.38688,8.61469e+06,3.61194e+06,2.25821e+07,0,0,0,1.44139e+08
67.3953,110.355,4.12308,0.75,0.06,3.2741,3.92602,0,0.679077,6.048,4.14526e+06,3.40408e+06,1.3572e+07,0,0,0,5.46762e+08,84.0504,98.274,3.74185,0,0,2.41487,2.31891,0,2.02525,3.38688,8.61469e+06,4.55002e+06,2.08033e+07,0,0,0,1.44139e+08
68.2605,110.355,3.99311,0.77,0.06,2.82071,3.42832,0,0.613566,6.048,4.14526e+06,3.40408e+06,1.16926e+07,0,0,0,5.46762e+08,84.3991,98.274,3.68967,0,0,2.11658,1.99147,0,1.86573,3.38688,8.61469e+06,4.55002e+06,1.82337e+07,0,0,0,1.44139e+08
70.2353,110.355,5.43911,0.39,0.06,3.06482,3.42826,0,0.5286,6.048,4.14526e+06,2.83673e+06,1.27045e+07,0,0,0,5.46762e+08,85.7779,98.274,6.33126,0,0,2.25838,1.99144,0,1.63527,3.38688,8.61469e+06,3.79168e+06,1.94552e+07,0,0,0,1.44139e+08
71.7078,110.355,4.70285,0.41,0.06,2.82061,3.42821,0,0.574348,6.048,4.14526e+06,3.40408e+06,1.16921e+07,0,0,0,5.46762e+08,86.2494,98.274,4.06431,0,0,2.11652,1.99141,0,1.74483,3.38688,8.61469e+06,4.55002e+06,1.82332e+07,0,0,0,1.44139e+08
72.8373,110.355,4.34405,0.42,0.06,2.82056,3.42816,0,0.528582,6.048,4.14526e+06,3.40408e+06,1.16919e+07,0,0,0,5.46762e+08,86.676,98.274,3.72559,0,0,2.11649,1.99138,0,1.63522,3.38688,8.61469e+06,4.55002e+06,1.82329e+07,0,0,0,1.44139e+08
74.3348,110.355,4.77717,0.42,0.06,2.82051,3.4281,0,0.528573,6.048,4.14526e+06,3.40408e+06,1.16917e+07,0,0,0,5.46762e+08,88.8916,98.274,7.03337,0,0,2.11646,1.99135,0,1.6352,3.38688,8.61469e+06,4.55002e+06,1.82327e+07,0,0,0,1.44139e+08
75.6495,110.355,4.92844,0.01,0.06,3.2509,3.5533,0,0.528564,6.048,4.14526e+06,2.70226e+06,1.34758e+07,0,0,0,5.46762e+08,91.4175,98.274,8.08157,0,0,2.3738,2.0714,0,1.63518,3.38688,8.61469e+06,3.61194e+06,2.04496e+07,0,0,0,1.44139e+08
76.4795,110.355,4.42145,0.24,0.06,3.25085,3.55325,0,0.609219,6.048,4.14526e+06,2.70226e+06,1.34756e+07,0,0,0,5.46762e+08,94.9637,98.274,9.24671,0,0,2.37377,2.07137,0,1.834,3.38688,8.61469e+06,3.61194e+06,2.04493e+07,0,0,0,1.44139e+08
77.3051,110.355,4.4523,0.28,0.06,3.25079,3.55319,0,0.609209,6.048,4.14526e+06,2.70226e+06,1.34754e+07,0,0,0,5.46762e+08,98.2688,98.274,9.4891,0,0,2.37374,2.07134,0,1.83398,3.38688,8.61469e+06,3.61194e+06,2.0449e+07,0,0,0,1.44139e+08
77.3036,110.355,3.55007,0.29,0.06,3.25074,3.55314,0,0.609198,6.048,4.14526e+06,2.70226e+06,1.34751e+07,0,0,0,5.46762e+08,99.3022,98.274,5.45215,0,0,2.37371,2.07131,0,1.83395,3.38688,8.61469e+06,3.61194e+06,2.04487e+07,0,0,0,1.44139e+08
76.6401,110.355,2.79618,0.01,0.06,3.20171,3.50411,0,0.609188,6.048,4.14526e+06,2.70226e+06,1.32719e+07,0,0,0,5.46762e+08,99.3022,98.274,4.9426,0,0,2.34257,2.04017,0,1.83393,3.38688,8.61469e+06,3.61194e+06,2.01805e+07,0,0,0,1.44139e+08
76.1595,110.355,3.23182,0,0.06,3.50406,3.50406,0,0.600001,6.048,4.14526e+06,2.70226e+06,1.45252e+07,0,0,0,5.46762e+08,99.3022,98.274,4.98577,0,0,2.04014,2.04014,0,1.80987,3.38688,8.61469e+06,3.61194e+06,1.75752e+07,0,0,0,1.44139e+08
76.0673,110.355,3.63706,0,0.06,3.504,3.504,0,0.65666,6.048,4.14526e+06,2.70226e+06,1.4525e+07,0,0,0,5.46762e+08,99.3022,98.274,5.14621,0,0,2.04011,2.04011,0,1.57621,3.38688,8.61469e+06,3.61194e+06,1.75749e+07,0,0,0,1.44139e+08
74.938,110.355,2.5031,0,0.06,3.50395,3.50395,0,0.65665,6.048,4.14526e+06,2.70226e+06,1.45248e+07,0,0,0,5.46762e+08,99.3022,98.274,4.45274,0,0,2.04008,2.04008,0,1.57619,3.38688,8.61469e+06,3.61194e+06,1.75746e+07,0,0,0,1.44139e+08
73.3826,110.355,2.19889,0,0.06,3.67011,3.67011,0,0.65664,6.048,4.14526e+06,2.70226e+06,1.52135e+07,0,0,0,5.46762e+08,99.3022,98.274,3.94511,0,0,2.15034,2.15034,0,1.57616,3.38688,8.61469e+06,3.61194e+06,1.85245e+07,0,0,0,1.44139e+08
71.9436,110.355,2.21969,0,0.06,3.67005,3.67005,0,0.687778,6.048,4.14526e+06,2.70226e+06,1.52133e+07,0,0,0,5.46762e+08,99.3022,98.274,3.99628,0,0,2.15031,2.15031,0,1.66135,3.38688,8.61469e+06,3.61194e+06,1.85242e+07,0,0,0,1.44139e+08
70.2826,110.355,1.95413,0,0.06,3.66999,3.66999,0,0.687767,6.048,4.14526e+06,2.70226e+06,1.52131e+07,0,0,0,5.46762e+08,99.3022,98.274,3.38015,0,0,2.15027,2.15027,0,1.66133,3.38688,8.61469e+06,3.61194e+06,1.85239e+07,0,0,0,1.44139e+08
68.5537,110.355,1.85903,0,0.06,3.66993,3.66993,0,0.687756,6.048,4.14526e+06,2.70226e+06,1.52128e+07,0,0,0,5.46762e+08,99.3022,98.274,2.94947,0,0,2.15024,2.15024,0,1.6613,3.38688,8.61469e+06,3.61194e+06,1.85236e+07,0,0,0,1.44139e+08
66.8529,110.355,1.86939,0,0.06,3.66988,3.66988,0,0.687746,6.048,4.14526e+06,2.70226e+06,1.52126e+07,0,0,0,5.46762e+08,99.3022,98.274,3.05019,0,0,2.1502,2.1502,0,1.66127,3.38688,8.61469e+06,3.61194e+06,1.85233e+07,0,0,0,1.44139e+08
65.1304,110.355,1.79888,0,0.06,3.63695,3.63695,0,0.687735,6.048,4.14526e+06,2.70226e+06,1.50761e+07,0,0,0,5.46762e+08,99.3022,98.274,3.06513,0,0,2.21079,2.21079,0,1.66125,3.38688,8.61469e+06,3.61194e+06,1.90452e+07,0,0,0,1.44139e+08
63.2773,110.355,1.64537,0,0.06,3.6369,3.6369,0,0.681565,6.048,4.14526e+06,2.70226e+06,1.50759e+07,0,0,0,5.46762e+08,99.3022,98.274,3.06524,0,0,2.21075,2.21075,0,1.70805,3.38688,8.61469e+06,3.61194e+06,1.90449e+07,0,0,0,1.44139e+08
61.2953,110.355,1.48557,0,0.06,3.63684,3.63684,0,0.681554,6.048,4.14526e+06,2.70226e+06,1.50756e+07,0,0,0,5.46762e+08,99.2744,98.274,2.75638,0,0,2.21072,2.21072,0,1.70803,3.38688,8.61469e+06,3.61194e+06,1.90446e+07,0,0,0,1.44139e+08
59.3337,110.355,1.45085,0,0.06,3.63678,3.63678,0,0.681544,6.048,4.14526e+06,2.70226e+06,1.50754e+07,0,0,0,5.46762e+08,99.2277,98.274,2.79244,0,0,2.21068,2.21068,0,1.708,3.38688,8.61469e+06,3.61194e+06,1.90444e+07,0,0,0,1.44139e+08
57.3879,110.355,1.52443,0,0.06,3.7216,3.7216,0,0.681533,6.048,4.14526e+06,2.70226e+06,1.5427e+07,0,0,0,5.46762e+08,99.1379,98.274,2.92788,0,0,2.26467,2.26467,0,1.70797,3.38688,8.61469e+06,3.61194e+06,1.95094e+07,0,0,0,1.44139e+08
55.3761,110.355,1.40603,0,0.06,3.72154,3.72154,0,0.697428,6.048,4.14526e+06,2.70226e+06,1.54267e+07,0,0,0,5.46762e+08,98.9462,98.274,2.77555,0,0,2.26463,2.26463,0,1.74968,3.38688,8.61469e+06,3.61194e+06,1.95091e+07,0,0,0,1.44139e+08
53.2772,110.355,1.2798,0,0.06,3.72148,3.72148,0,0.697417,6.048,4.14526e+06,2.70226e+06,1.54265e+07,0,0,0,5.46762e+08,98.7068,98.274,2.43816,0,0,2.2646,2.2646,0,1.74965,3.38688,8.61469e+06,3.61194e+06,1.95088e+07,0,0,0,1.44139e+08
51.3791,110.355,1.43964,0,0.06,3.72143,3.72143,0,0.697406,6.048,4.14526e+06,2.70226e+06,1.54263e+07,0,0,0,5.46762e+08,98.6345,98.274,3.22672,0,0,2.26456,2.26456,0,1.74963,3.38688,8.61469e+06,3.61194e+06,1.95085e+07,0,0,0,1.44139e+08
49.3218,110.355,1.43929,0,0.06,3.9699,3.9699,0,0.697395,6.048,4.14526e+06,2.70226e+06,1.64563e+07,0,0,0,5.46762e+08,98.6598,98.274,3.2619,0,0,2.45949,2.45949,0,1.7496,3.38688,8.61469e+06,3.61194e+06,2.11878e+07,0,0,0,1.44139e+08
47.1824,110.355,1.30778,0,0.06,3.96984,3.96984,0,0.74396,6.048,4.14526e+06,2.70226e+06,1.6456e+07,0,0,0,5.46762e+08,98.4421,98.274,2.51478,0,0,2.45945,2.45945,0,1.9002,3.38688,8.61469e+06,3.61194e+06,2.11874e+07,0,0,0,1.44139e+08
44.6658,110.355,0.894309,0,0.06,3.96978,3.96978,0,0.743948,6.048,4.14526e+06,2.70226e+06,1.64557e+07,0,0,0,5.46762e+08,98.1109,98.274,2.12831,0,0,2.45942,2.45942,0,1.90017,3.38688,8.61469e+06,3.61194e+06,2.11871e+07,0,0,0,1.44139e+08
42.1297,110.355,0.833685,0,0.06,3.96972,3.96972,0,0.743936,6.048,4.14526e+06,2.70226e+06,1.64555e+07,0,0,0,5.46762e+08,97.6808,98.274,2.14228,0,0,2.45938,2.45938,0,1.90014,3.38688,8.61469e+06,3.61194e+06,2.11868e+07,0,0,0,1.44139e+08
39.6732,110.355,0.865846,0,0.06,3.96965,3.96965,0,0.743925,6.048,4.14526e+06,2.70226e+06,1.64552e+07,0,0,0,5.46762e+08,96.9071,98.274,2.06401,0,0,2.45934,2.45934,0,1.90011,3.38688,8.61469e+06,3.61194e+06,2.11864e+07,0,0,0,1.44139e+08
37.5371,110.355,1.06297,0,0.06,3.84847,3.84847,0,0.743913,6.048,4.14526e+06,2.70226e+06,1.59529e+07,0,0,0,5.46762e+08,96.6842,98.274,1.79515,0,0,2.34097,2.34097,0,1.90009,3.38688,8.61469e+06,3.61194e+06,2.01668e+07,0,0,0,1.44139e+08
35.7084,110.355,1.31902,0,0.06,3.84842,3.84842,0,0.721204,6.048,4.14526e+06,2.70226e+06,1.59527e+07,0,0,0,5.46762e+08,96.4694,98.274,2.61975,0,0,2.34094,2.34094,0,1.80864,3.38688,8.61469e+06,3.61194e+06,2.01664e+07,0,0,0,1.44139e+08
33.7908,110.355,1.1429,0,0.06,3.84836,3.84836,0,0.721193,6.048,4.14526e+06,2.70226e+06,1.59524e+07,0,0,0,5.46762e+08,96.2998,98.274,2.18031,0,0,2.3409,2.3409,0,1.80861,3.38688,8.61469e+06,3.61194e+06,2.01661e+07,0,0,0,1.44139e+08
34.1977,110.355,3.54579,0,0.06,3.84829,3.84829,0,0.721182,6.048,4.14526e+06,2.70226e+06,1.59522e+07,0,0,0,5.46762e+08,97.9927,98.274,8.73864,0,0,2.34086,2.34086,0,1.80858,3.38688,8.61469e+06,3.61194e+06,2.01658e+07,0,0,0,1.44139e+08
32.0321,110.355,0.779443,0,0.06,3.74883,3.74883,0,0.72117,6.048,4.14526e+06,2.70226e+06,1.55398e+07,0,0,0,5.46762e+08,96.9657,98.274,1.93114,0,0,2.23313,2.23313,0,1.80855,3.38688,8.61469e+06,3.61194e+06,1.92377e+07,0,0,0,1.44139e+08
30.0219,110.355,0.837431,0,0.06,3.74877,3.74877,0,0.70253,6.048,4.14526e+06,2.70226e+06,1.55396e+07,0,0,0,5.46762e+08,96.6114,98.274,1.34003,0,0,2.23309,2.23309,0,1.72531,3.38688,8.61469e+06,3.61194e+06,1.92374e+07,0,0,0,1.44139e+08
29.2552,110.355,2.02108,0,0.06,3.74871,3.74871,0,0.702519,6.048,4.14526e+06,2.70226e+06,1.55394e+07,0,0,0,5.46762e+08,96.7435,98.274,3.23343,0,0,2.23306,2.23306,0,1.72529,3.38688,8.61469e+06,3.61194e+06,1.92371e+07,0,0,0,1.44139e+08
