0cont_fund,0ins_pout,0ins_price,0infra_npv,0debt_serv,0gross_rev,0cont_contrib,0drought_cost
0,0,0,0,3.27677e+179,2.27965e+07,-938242,938242
0,0,0,0,0,2.27158e+07,-837163,837163
0,0,0,0,0,2.27213e+07,-834498,834498
0,0,0,0,0,2.27268e+07,-831834,831834
0,0,0,0,0,2.50691e+07,-770048,770048
53342.2,0,0,0,0,2.43573e+07,53342.2,0
109664,0,0,0,0,2.43633e+07,56321.6,0
168966,0,0,0,0,2.43694e+07,59302.2,0
150301,0,0,0,0,2.11544e+07,-18665.4,0
0,0,0,0,0,2.19842e+07,-958290,657688
0,0,0,0,0,2.19915e+07,-958108,958108
0,0,0,0,0,2.19989e+07,-957926,957926
0,0,0,0,0,2.20062e+07,-957744,957744
0,0,0,0,0,2.28126e+07,-937544,937544
0,0,0,0,0,2.27136e+07,-815523,815523
0,0,0,0,0,2.27191e+07,-812854,812854
0,0,0,0,0,2.27246e+07,-810185,810185
0,0,0,0,0,2.24184e+07,-815317,815317
0,0,0,0,0,2.25157e+07,-917781,917781
0,0,0,0,0,2.25211e+07,-915150,915150
0,0,0,0,0,2.25265e+07,-912517,912517
0,0,0,0,0,2.36183e+07,-882557,882557
0,0,0,0,0,2.32974e+07,-506559,506559
0,0,0,0,0,2.3303e+07,-503783,503783
0,0,0,0,0,2.33087e+07,-501006,501006
0,0,0,0,0,2.33144e+07,-498228,498228
0,0,0,0,0,2.35763e+07,-486766,486766
0,0,0,0,0,2.34022e+07,-278418,278418
0,0,0,0,0,2.34079e+07,-275563,275563
0,0,0,0,0,2.34136e+07,-272707,272707
0,0,0,0,0,2.39627e+07,-256244,256244
0,0,0,0,0,2.3808e+07,-69917.1,69917.1
0,0,0,0,0,2.38139e+07,-66989.1,66989.1
0,0,0,0,0,2.38197e+07,-64060.4,64060.4
0,0,0,0,0,2.56302e+07,-14916.7,14916.7
626086,0,0,0,0,2.50783e+07,626086,0
1.25239e+06,0,0,0,0,2.50872e+07,626308,0
1.87892e+06,0,0,0,0,2.50961e+07,626529,0
2.50567e+06,0,0,0,0,2.5105e+07,626751,0
3.10608e+06,0,0,0,0,2.40988e+07,600403,0
3.34338e+06,0,0,0,0,2.44252e+07,237299,0
3.58371e+06,0,0,0,0,2.44313e+07,240333,0
3.82708e+06,0,0,0,0,2.44373e+07,243368,0
4.04982e+06,0,0,0,0,2.35481e+07,222742,0
3.90804e+06,0,0,0,0,2.38755e+07,-141779,0
3.76916e+06,0,0,0,0,2.38814e+07,-138880,0
3.63318e+06,0,0,0,0,2.38872e+07,-135980,0
3.44686e+06,0,0,0,0,2.1817e+07,-186316,0
2.50095e+06,0,0,0,0,2.24894e+07,-945911,0
1.55523e+06,0,0,0,0,2.24969e+07,-945726,0
610437,0,0,0,0,2.25037e+07,-944789,0
0,0,0,0,0,2.25091e+07,-942175,0
0,0,0,7.2621e+07,3.27677e+179,2.31911e+07,-922734,922734
0,0,0,7.2621e+07,0,2.30019e+07,-697799,697799
0,0,0,7.2621e+07,0,2.30073e+07,-695182,695182
0,0,0,7.2621e+07,0,2.30127e+07,-692565,692565
0,0,0,7.2621e+07,0,2.53982e+07,-629733,629733
208811,0,0,7.2621e+07,0,2.46729e+07,208811,0
420547,0,0,7.2621e+07,0,2.46789e+07,211736,0
635210,0,0,7.2621e+07,0,2.46848e+07,214663,0
770357,0,0,7.2621e+07,0,2.14103e+07,135147,0
0,0,0,7.2621e+07,0,2.23662e+07,-948821,0
0,0,0,7.2621e+07,0,2.23734e+07,-948643,948643
0,0,0,7.2621e+07,0,2.23806e+07,-948464,948464
0,0,0,7.2621e+07,0,2.23878e+07,-948285,948285
0,0,0,7.2621e+07,0,2.32088e+07,-927720,927720
0,0,0,7.2621e+07,0,2.29971e+07,-677025,677025
0,0,0,7.2621e+07,0,2.30024e+07,-674405,674405
0,0,0,7.2621e+07,0,2.30078e+07,-671784,671784
0,0,0,7.2621e+07,0,2.26958e+07,-677108,677108
0,0,0,7.2621e+07,0,2.27947e+07,-781550,781550
0,0,0,7.2621e+07,0,2.28e+07,-778966,778966
0,0,0,7.2621e+07,0,2.28053e+07,-776382,776382
0,0,0,7.2621e+07,0,2.39169e+07,-745969,745969
0,0,0,7.2621e+07,0,2.35899e+07,-363185,363185
0,0,0,7.2621e+07,0,2.35954e+07,-360460,360460
0,0,0,7.2621e+07,0,2.3601e+07,-357734,357734
0,0,0,7.2621e+07,0,2.36066e+07,-355007,355007
0,0,0,7.2621e+07,0,2.38731e+07,-343437,343437
0,0,0,7.2621e+07,0,2.36956e+07,-131391,131391
0,0,0,7.2621e+07,0,2.37012e+07,-128588,128588
0,0,0,7.2621e+07,0,2.37068e+07,-125784,125784
0,0,0,7.2621e+07,0,2.42657e+07,-109124,109124
80486.2,0,0,7.2621e+07,0,2.4108e+07,80486.2,0
163847,0,0,7.2621e+07,0,2.41137e+07,83361.2,0
250084,0,0,7.2621e+07,0,2.41195e+07,86236.3,0
386248,0,0,7.2621e+07,0,2.59626e+07,136164,0
1.02368e+06,0,0,7.2621e+07,0,2.55328e+07,637432,0
1.66133e+06,0,0,7.2621e+07,0,2.55415e+07,637649,0
2.2992e+06,0,0,7.2621e+07,0,2.55502e+07,637867,0
2.93728e+06,0,0,7.2621e+07,0,2.55589e+07,638085,0
3.54853e+06,0,0,7.2621e+07,0,2.45342e+07,611252,0
3.94083e+06,0,0,7.2621e+07,0,2.47344e+07,392294,0
4.3361e+06,0,0,7.2621e+07,0,2.47403e+07,395273,0
4.73435e+06,0,0,7.2621e+07,0,2.47463e+07,398252,0
5.1115e+06,0,0,7.2621e+07,0,2.38408e+07,377145,0
5.11744e+06,0,0,7.2621e+07,0,2.41739e+07,5945.28,0
5.12623e+06,0,0,7.2621e+07,0,2.41797e+07,8791.15,0
5.13787e+06,0,0,7.2621e+07,0,2.41854e+07,11637.6,0
5.09816e+06,0,0,7.2621e+07,0,2.20778e+07,-39707.2,0
4.28093e+06,0,0,7.2621e+07,0,2.27657e+07,-817232,0
3.46627e+06,0,0,7.2621e+07,0,2.2771e+07,-814668,0
2.65416e+06,0,0,7.2621e+07,0,2.27762e+07,-812103,0
1.84462e+06,0,0,7.2621e+07,0,2.27815e+07,-809538,0
1.05478e+06,0,0,7.2621e+07,3.27677e+179,2.34756e+07,-789844,0
493801,0,0,7.2621e+07,0,2.32828e+07,-560979,0
0,0,0,7.2621e+07,0,2.3288e+07,-558416,0
0,0,0,7.2621e+07,0,2.32933e+07,-555852,555852
0,0,0,7.2621e+07,0,2.57212e+07,-491999,491999
361412,0,0,7.2621e+07,0,2.49827e+07,361412,0
725689,0,0,7.2621e+07,0,2.49886e+07,364277,0
1.09283e+06,0,0,7.2621e+07,0,2.49944e+07,367143,0
1.37893e+06,0,0,7.2621e+07,0,2.16614e+07,286100,0
524549,0,0,7.2621e+07,0,2.26666e+07,-854383,0
0,0,0,7.2621e+07,0,2.26716e+07,-851919,0
0,0,0,7.2621e+07,0,2.26767e+07,-849454,849454
0,0,0,7.2621e+07,0,2.26818e+07,-846988,846988
0,0,0,7.2621e+07,0,2.3515e+07,-823775,823775
0,0,0,7.2621e+07,0,2.32751e+07,-541141,541141
0,0,0,7.2621e+07,0,2.32804e+07,-538575,538575
0,0,0,7.2621e+07,0,2.32857e+07,-536008,536008
0,0,0,7.2621e+07,0,2.29679e+07,-541526,541526
0,0,0,7.2621e+07,0,2.30684e+07,-647915,647915
0,0,0,7.2621e+07,0,2.30736e+07,-645386,645386
0,0,0,7.2621e+07,0,2.30788e+07,-642855,642855
0,0,0,7.2621e+07,0,2.42098e+07,-612004,612004
0,0,0,7.2621e+07,0,2.38768e+07,-222573,222573
0,0,0,7.2621e+07,0,2.38822e+07,-219903,219903
0,0,0,7.2621e+07,0,2.38877e+07,-217234,217234
0,0,0,7.2621e+07,0,2.38931e+07,-214563,214563
0,0,0,7.2621e+07,0,2.41641e+07,-202894,202894
12771.1,0,0,7.2621e+07,0,2.39832e+07,12771.1,0
28287.6,0,0,7.2621e+07,0,2.39887e+07,15516.5,0
46550.1,0,0,7.2621e+07,0,2.39942e+07,18262.5,0
81656,0,0,7.2621e+07,0,2.45627e+07,35105.9,0
309585,0,0,7.2621e+07,0,2.4402e+07,227929,0
540329,0,0,7.2621e+07,0,2.44076e+07,230744,0
773888,0,0,7.2621e+07,0,2.44132e+07,233560,0
1.05814e+06,0,0,7.2621e+07,0,2.62883e+07,284249,0
1.70669e+06,0,0,7.2621e+07,0,2.59782e+07,648552,0
2.35545e+06,0,0,7.2621e+07,0,2.59867e+07,648765,0
3.00443e+06,0,0,7.2621e+07,0,2.59953e+07,648978,0
3.65362e+06,0,0,7.2621e+07,0,2.60038e+07,649191,0
4.27551e+06,0,0,7.2621e+07,0,2.4961e+07,621883,0
4.81968e+06,0,0,7.2621e+07,0,2.50373e+07,544171,0
5.36676e+06,0,0,7.2621e+07,0,2.50432e+07,547088,0
5.91677e+06,0,0,7.2621e+07,0,2.5049e+07,550005,0
6.44519e+06,0,0,7.2621e+07,0,2.41276e+07,528417,0
6.59585e+06,0,0,7.2621e+07,0,2.44662e+07,150668,0
6.74931e+06,0,0,7.2621e+07,0,2.44718e+07,153454,0
6.90555e+06,0,0,7.2621e+07,0,2.44775e+07,156241,0
7.00945e+06,0,0,7.2621e+07,0,2.23332e+07,103900,0
6.32227e+06,0,0,7.2621e+07,0,2.30328e+07,-687175,0
5.63761e+06,0,0,7.2621e+07,0,2.3038e+07,-684664,0
4.95546e+06,0,0,7.2621e+07,0,2.30431e+07,-682153,0
4.27582e+06,0,0,7.2621e+07,0,2.30483e+07,-679641,0
3.61611e+06,0,0,7.2621e+07,3.27677e+179,2.37541e+07,-659706,0
3.18911e+06,0,0,7.2621e+07,0,2.35578e+07,-426998,0
2.76462e+06,0,0,7.2621e+07,0,2.35629e+07,-424493,0
2.34263e+06,0,0,7.2621e+07,0,2.35681e+07,-421987,0
1.98549e+06,0,0,7.2621e+07,0,2.60375e+07,-357139,0
2.49631e+06,0,0,7.2621e+07,0,2.52861e+07,510822,0
3.00994e+06,0,0,7.2621e+07,0,2.52918e+07,513623,0
3.52636e+06,0,0,7.2621e+07,0,2.52974e+07,516424,0
3.96024e+06,0,0,7.2621e+07,0,2.19071e+07,433879,0
3.234e+06,0,0,7.2621e+07,0,2.29294e+07,-726239,0
2.51017e+06,0,0,7.2621e+07,0,2.29343e+07,-723830,0
1.78875e+06,0,0,7.2621e+07,0,2.29393e+07,-721422,0
1.06974e+06,0,0,7.2621e+07,0,2.29442e+07,-719012,0
374238,0,0,7.2621e+07,0,2.37914e+07,-695500,0
0,0,0,7.2621e+07,0,2.35473e+07,-408145,0
0,0,0,7.2621e+07,0,2.35524e+07,-405637,405637
0,0,0,7.2621e+07,0,2.35576e+07,-403128,403128
0,0,0,7.2621e+07,0,2.32342e+07,-408842,408842
0,0,0,7.2621e+07,0,2.33362e+07,-517142,517142
0,0,0,7.2621e+07,0,2.33413e+07,-514670,514670
0,0,0,7.2621e+07,0,2.33464e+07,-512196,512196
0,0,0,7.2621e+07,0,2.44963e+07,-480923,480923
0,0,0,7.2621e+07,0,2.41574e+07,-84992,84992
0,0,0,7.2621e+07,0,2.41628e+07,-82383.5,82383.5
0,0,0,7.2621e+07,0,2.41681e+07,-79774.3,79774.3
0,0,0,7.2621e+07,0,2.41734e+07,-77164.5,77164.5
0,0,0,7.2621e+07,0,2.44487e+07,-65404.3,65404.3
153796,0,0,7.2621e+07,0,2.42646e+07,153796,0
310275,0,0,7.2621e+07,0,2.427e+07,156479,0
469437,0,0,7.2621e+07,0,2.42753e+07,159163,0
645618,0,0,7.2621e+07,0,2.48532e+07,176180,0
1.01776e+06,0,0,7.2621e+07,0,2.46896e+07,372140,0
1.39265e+06,0,0,7.2621e+07,0,2.46951e+07,374891,0
1.77029e+06,0,0,7.2621e+07,0,2.47005e+07,377643,0
2.19936e+06,0,0,7.2621e+07,0,2.66068e+07,429071,0
2.85879e+06,0,0,7.2621e+07,0,2.64138e+07,659425,0
3.51842e+06,0,0,7.2621e+07,0,2.64221e+07,659634,0
4.17826e+06,0,0,7.2621e+07,0,2.64304e+07,659842,0
4.83831e+06,0,0,7.2621e+07,0,2.64388e+07,660050,0
5.47059e+06,0,0,7.2621e+07,0,2.53782e+07,632278,0
6.10307e+06,0,0,7.2621e+07,0,2.53862e+07,632477,0
6.73575e+06,0,0,7.2621e+07,0,2.53942e+07,632677,0
7.36862e+06,0,0,7.2621e+07,0,2.54022e+07,632876,0
7.97678e+06,0,0,7.2621e+07,0,2.44675e+07,608162,0
8.26893e+06,0,0,7.2621e+07,0,2.4752e+07,292144,0
8.56379e+06,0,0,7.2621e+07,0,2.47575e+07,294867,0
8.86138e+06,0,0,7.2621e+07,0,2.4763e+07,297590,0
9.10565e+06,0,0,7.2621e+07,0,2.25828e+07,244269,0
8.5456e+06,0,0,7.2621e+07,0,2.32939e+07,-560055,0
7.988e+06,0,0,7.2621e+07,0,2.32989e+07,-557602,0
7.43285e+06,0,0,7.2621e+07,0,2.3304e+07,-555149,0
6.88015e+06,0,0,7.2621e+07,0,2.3309e+07,-552695,0
6.34762e+06,0,0,7.2621e+07,3.27677e+179,2.40263e+07,-532529,0
6.05155e+06,0,0,7.2621e+07,0,2.38265e+07,-296069,0
5.75793e+06,0,0,7.2621e+07,0,2.38315e+07,-293625,0
5.46675e+06,0,0,7.2621e+07,0,2.38366e+07,-291180,0
5.24138e+06,0,0,7.2621e+07,0,2.63465e+07,-225365,0
5.87711e+06,0,0,7.2621e+07,0,2.56009e+07,635726,0
6.51303e+06,0,0,7.2621e+07,0,2.56087e+07,635919,0
7.14914e+06,0,0,7.2621e+07,0,2.56164e+07,636112,0
7.6987e+06,0,0,7.2621e+07,0,2.21724e+07,549555,0
7.09765e+06,0,0,7.2621e+07,0,2.31861e+07,-601047,0
6.49895e+06,0,0,7.2621e+07,0,2.31909e+07,-598697,0
5.9026e+06,0,0,7.2621e+07,0,2.31958e+07,-596347,0
5.30861e+06,0,0,7.2621e+07,0,2.32006e+07,-593995,0
4.73841e+06,0,0,7.2621e+07,0,2.40615e+07,-570197,0
4.46018e+06,0,0,7.2621e+07,0,2.38131e+07,-278234,0
4.18439e+06,0,0,7.2621e+07,0,2.38181e+07,-275787,0
3.91105e+06,0,0,7.2621e+07,0,2.38232e+07,-273340,0
3.6318e+06,0,0,7.2621e+07,0,2.34943e+07,-279249,0
3.24238e+06,0,0,7.2621e+07,0,2.35978e+07,-389419,0
2.85538e+06,0,0,7.2621e+07,0,2.36027e+07,-387006,0
2.47078e+06,0,0,7.2621e+07,0,2.36077e+07,-384593,0
2.11787e+06,0,0,7.2621e+07,0,2.47761e+07,-352912,0
2.16723e+06,0,0,7.2621e+07,0,2.44315e+07,49361.7,0
2.21914e+06,0,0,7.2621e+07,0,2.44367e+07,51906.6,0
2.27359e+06,0,0,7.2621e+07,0,2.44419e+07,54452.1,0
2.33059e+06,0,0,7.2621e+07,0,2.44471e+07,56998.1,0
2.39943e+06,0,0,7.2621e+07,0,2.47267e+07,68842.4,0
2.69092e+06,0,0,7.2621e+07,0,2.45394e+07,291491,0
2.98503e+06,0,0,7.2621e+07,0,2.45446e+07,294108,0
3.28176e+06,0,0,7.2621e+07,0,2.45498e+07,296725,0
3.59567e+06,0,0,7.2621e+07,0,2.51367e+07,313910,0
4.10859e+06,0,0,7.2621e+07,0,2.49703e+07,512927,0
4.6242e+06,0,0,7.2621e+07,0,2.49756e+07,515610,0
5.1425e+06,0,0,7.2621e+07,0,2.4981e+07,518295,0
5.71294e+06,0,0,7.2621e+07,0,2.69178e+07,570439,0
6.38298e+06,0,0,7.2621e+07,0,2.68389e+07,670039,0
7.05322e+06,0,0,7.2621e+07,0,2.68471e+07,670242,0
7.72366e+06,0,0,7.2621e+07,0,2.68552e+07,670445,0
8.39431e+06,0,0,7.2621e+07,0,2.68633e+07,670649,0
9.03673e+06,0,0,7.2621e+07,0,2.57853e+07,642422,0
9.67935e+06,0,0,7.2621e+07,0,2.57931e+07,642617,0
1.03222e+07,0,0,7.2621e+07,0,2.5801e+07,642811,0
1.09652e+07,0,0,7.2621e+07,0,2.58088e+07,643006,0
1.15831e+07,0,0,7.2621e+07,0,2.48588e+07,617889,0
1.20133e+07,0,0,7.2621e+07,0,2.50308e+07,430200,0
1.24461e+07,0,0,7.2621e+07,0,2.50361e+07,432856,0
1.28816e+07,0,0,7.2621e+07,0,2.50415e+07,435512,0
1.32629e+07,0,0,7.2621e+07,0,2.28264e+07,381231,0
1.28268e+07,0,0,7.2621e+07,0,2.35486e+07,-436026,0
1.23932e+07,0,0,7.2621e+07,0,2.35535e+07,-433633,0
1.1962e+07,0,0,7.2621e+07,0,2.35584e+07,-431240,0
1.15331e+07,0,0,7.2621e+07,0,2.35633e+07,-428847,0
1.11246e+07,0,0,7.2621e+07,0,2.42918e+07,-408460,0
1.09563e+07,0,0,7.2621e+07,3.27677e+179,2.40887e+07,-168344,0
1.07903e+07,0,0,7.2621e+07,0,2.40936e+07,-165963,0
1.06268e+07,0,0,7.2621e+07,0,2.40984e+07,-163580,0
1.05299e+07,0,0,7.2621e+07,0,2.66479e+07,-96825,0
1.11757e+07,0,0,7.2621e+07,0,2.60058e+07,645780,0
1.18217e+07,0,0,7.2621e+07,0,2.60133e+07,645968,0
1.24678e+07,0,0,7.2621e+07,0,2.60209e+07,646156,0
1.30261e+07,0,0,7.2621e+07,0,2.25222e+07,558225,0
1.25471e+07,0,0,7.2621e+07,0,2.34365e+07,-478944,0
1.20705e+07,0,0,7.2621e+07,0,2.34412e+07,-476655,0
1.15961e+07,0,0,7.2621e+07,0,2.34459e+07,-474365,0
1.1124e+07,0,0,7.2621e+07,0,2.34506e+07,-472073,0
1.0676e+07,0,0,7.2621e+07,0,2.43248e+07,-447999,0
1.05245e+07,0,0,7.2621e+07,0,2.40724e+07,-151545,0
1.03753e+07,0,0,7.2621e+07,0,2.40773e+07,-149161,0
1.02285e+07,0,0,7.2621e+07,0,2.40821e+07,-146776,0
1.00757e+07,0,0,7.2621e+07,0,2.37479e+07,-152879,0
9.81079e+06,0,0,7.2621e+07,0,2.38528e+07,-264876,0
9.54827e+06,0,0,7.2621e+07,0,2.38576e+07,-262526,0
9.28809e+06,0,0,7.2621e+07,0,2.38625e+07,-260175,0
9.05999e+06,0,0,7.2621e+07,0,2.50489e+07,-228099,0
9.24035e+06,0,0,7.2621e+07,0,2.46987e+07,180356,0
9.42318e+06,0,0,7.2621e+07,0,2.47038e+07,182835,0
9.6085e+06,0,0,7.2621e+07,0,2.47088e+07,185315,0
9.79629e+06,0,0,7.2621e+07,0,2.47139e+07,187795,0
9.99601e+06,0,0,7.2621e+07,0,2.49976e+07,199719,0
1.04217e+07,0,0,7.2621e+07,0,2.48072e+07,425724,0
1.085e+07,0,0,7.2621e+07,0,2.48123e+07,428274,0
1.12808e+07,0,0,7.2621e+07,0,2.48174e+07,430824,0
1.1729e+07,0,0,7.2621e+07,0,2.54132e+07,448166,0
1.23584e+07,0,0,7.2621e+07,0,2.52621e+07,629412,0
1.2988e+07,0,0,7.2621e+07,0,2.52694e+07,629595,0
1.36178e+07,0,0,7.2621e+07,0,2.52768e+07,629778,0
1.4298e+07,0,0,7.2621e+07,0,2.72454e+07,680186,0
1.49784e+07,0,0,7.2621e+07,0,2.72533e+07,680384,0
1.56589e+07,0,0,7.2621e+07,0,2.72612e+07,680582,0
1.63397e+07,0,0,7.2621e+07,0,2.72691e+07,680780,0
1.70207e+07,0,0,7.2621e+07,0,2.72771e+07,680977,0
1.7673e+07,0,0,7.2621e+07,0,2.61821e+07,652308,0
1.83255e+07,0,0,7.2621e+07,0,2.61898e+07,652498,0
1.89782e+07,0,0,7.2621e+07,0,2.61974e+07,652687,0
1.96311e+07,0,0,7.2621e+07,0,2.6205e+07,652877,0
2.02584e+07,0,0,7.2621e+07,0,2.52401e+07,627366,0
2.08232e+07,0,0,7.2621e+07,0,2.53025e+07,564725,0
2.13905e+07,0,0,7.2621e+07,0,2.53077e+07,567311,0
2.19604e+07,0,0,7.2621e+07,0,2.53129e+07,569898,0
2.2475e+07,0,0,7.2621e+07,0,2.30637e+07,514677,0
2.21599e+07,0,0,7.2621e+07,0,2.37967e+07,-315183,0
2.1847e+07,0,0,7.2621e+07,0,2.38015e+07,-312852,0
2.15365e+07,0,0,7.2621e+07,0,2.38063e+07,-310521,0
2.12283e+07,0,0,7.2621e+07,0,2.38111e+07,-308190,0
2.09223e+07,0,0,7.2621e+07,0,2.38092e+07,-306024,0
2.00404e+07,0,0,7.2621e+07,3.27677e+179,2.50705e+07,-881888,0
1.91587e+07,0,0,7.2621e+07,0,2.50772e+07,-881724,0
1.82771e+07,0,0,7.2621e+07,0,2.50838e+07,-881559,0
1.73957e+07,0,0,7.2621e+07,0,2.50905e+07,-881394,0
1.65798e+07,0,0,7.2621e+07,0,2.76803e+07,-815880,0
1.57641e+07,0,0,7.2621e+07,0,2.76876e+07,-815697,0
1.49486e+07,0,0,7.2621e+07,0,2.7695e+07,-815514,0
1.41333e+07,0,0,7.2621e+07,0,2.77024e+07,-815331,0
1.32287e+07,0,0,7.2621e+07,0,2.41504e+07,-904600,0
1.23242e+07,0,0,7.2621e+07,0,2.41568e+07,-904442,0
1.142e+07,0,0,7.2621e+07,0,2.41631e+07,-904284,0
1.05158e+07,0,0,7.2621e+07,0,2.41695e+07,-904125,0
9.61187e+06,0,0,7.2621e+07,0,2.41759e+07,-903967,0
8.73017e+06,0,0,7.2621e+07,0,2.50649e+07,-881697,0
7.84864e+06,0,0,7.2621e+07,0,2.50715e+07,-881532,0
6.96727e+06,0,0,7.2621e+07,0,2.50782e+07,-881368,0
6.08607e+06,0,0,7.2621e+07,0,2.50848e+07,-881203,0
5.19642e+06,0,0,7.2621e+07,0,2.47473e+07,-889655,0
4.30692e+06,0,0,7.2621e+07,0,2.47538e+07,-889492,0
3.41759e+06,0,0,7.2621e+07,0,2.47604e+07,-889330,0
2.52842e+06,0,0,7.2621e+07,0,2.47669e+07,-889168,0
1.66959e+06,0,0,7.2621e+07,0,2.59728e+07,-858836,0
810923,0,0,7.2621e+07,0,2.59797e+07,-858665,0
0,0,0,7.2621e+07,0,2.59866e+07,-858495,0
0,0,0,7.2621e+07,0,2.59934e+07,-858324,858324
0,0,0,7.2621e+07,0,2.60003e+07,-858153,858153
0,0,0,7.2621e+07,0,2.629e+07,-848399,848399
0,0,0,7.2621e+07,0,2.6297e+07,-848225,848225
0,0,0,7.2621e+07,0,2.6304e+07,-848051,848051
0,0,0,7.2621e+07,0,2.63109e+07,-847878,847878
0,0,0,7.2621e+07,0,2.69174e+07,-832693,832693
0,0,0,7.2621e+07,0,2.69245e+07,-832515,832515
0,0,0,7.2621e+07,0,2.69317e+07,-832337,832337
0,0,0,7.2621e+07,0,2.69388e+07,-832159,832159
0,0,0,7.2621e+07,0,2.89363e+07,-781012,781012
0,0,0,7.2621e+07,0,2.8944e+07,-780820,780820
0,0,0,7.2621e+07,0,2.89517e+07,-780628,780628
0,0,0,7.2621e+07,0,2.89594e+07,-780435,780435
0,0,0,7.2621e+07,0,2.89671e+07,-780243,780243
0,0,0,7.2621e+07,0,2.78557e+07,-809343,809343
0,0,0,7.2621e+07,0,2.78631e+07,-809159,809159
0,0,0,7.2621e+07,0,2.78705e+07,-808975,808975
0,0,0,7.2621e+07,0,2.78779e+07,-808790,808790
0,0,0,7.2621e+07,0,2.68986e+07,-834684,834684
0,0,0,7.2621e+07,0,2.69057e+07,-834507,834507
0,0,0,7.2621e+07,0,2.69128e+07,-834329,834329
0,0,0,7.2621e+07,0,2.69199e+07,-834152,834152
0,0,0,7.2621e+07,0,2.46396e+07,-892630,892630
0,0,0,7.2621e+07,0,2.46461e+07,-892469,892469
0,0,0,7.2621e+07,0,2.46526e+07,-892308,892308
0,0,0,7.2621e+07,0,2.46591e+07,-892147,892147
0,0,0,7.2621e+07,0,2.46656e+07,-891986,891986
0,0,0,7.2621e+07,3.27677e+179,2.54174e+07,-873292,873292
0,0,0,7.2621e+07,0,2.54239e+07,-873132,873132
0,0,0,7.2621e+07,0,2.54303e+07,-872972,872972
0,0,0,7.2621e+07,0,2.54368e+07,-872812,872812
0,0,0,7.2621e+07,0,2.80639e+07,-806353,806353
0,0,0,7.2621e+07,0,2.80711e+07,-806175,806175
0,0,0,7.2621e+07,0,2.80782e+07,-805997,805997
0,0,0,7.2621e+07,0,2.80854e+07,-805820,805820
0,0,0,7.2621e+07,0,2.44816e+07,-896390,896390
0,0,0,7.2621e+07,0,2.44878e+07,-896237,896237
0,0,0,7.2621e+07,0,2.4494e+07,-896083,896083
0,0,0,7.2621e+07,0,2.45002e+07,-895930,895930
0,0,0,7.2621e+07,0,2.45064e+07,-895776,895776
0,0,0,7.2621e+07,0,2.54079e+07,-873191,873191
0,0,0,7.2621e+07,0,2.54144e+07,-873032,873032
0,0,0,7.2621e+07,0,2.54208e+07,-872872,872872
0,0,0,7.2621e+07,0,2.54272e+07,-872712,872712
0,0,0,7.2621e+07,0,2.50846e+07,-881293,881293
0,0,0,7.2621e+07,0,2.50909e+07,-881135,881135
0,0,0,7.2621e+07,0,2.50973e+07,-880978,880978
0,0,0,7.2621e+07,0,2.51036e+07,-880820,880820
0,0,0,7.2621e+07,0,2.63265e+07,-850061,850061
0,0,0,7.2621e+07,0,2.63332e+07,-849895,849895
0,0,0,7.2621e+07,0,2.63399e+07,-849730,849730
0,0,0,7.2621e+07,0,2.63465e+07,-849564,849564
0,0,0,7.2621e+07,0,2.63532e+07,-849398,849398
0,0,0,7.2621e+07,0,2.66467e+07,-839512,839512
0,0,0,7.2621e+07,0,2.66535e+07,-839343,839343
0,0,0,7.2621e+07,0,2.66603e+07,-839175,839175
0,0,0,7.2621e+07,0,2.6667e+07,-839006,839006
0,0,0,7.2621e+07,0,2.72818e+07,-823613,823613
0,0,0,7.2621e+07,0,2.72887e+07,-823440,823440
0,0,0,7.2621e+07,0,2.72957e+07,-823268,823268
0,0,0,7.2621e+07,0,2.73026e+07,-823095,823095
0,0,0,7.2621e+07,0,2.9328e+07,-771231,771231
0,0,0,7.2621e+07,0,2.93355e+07,-771045,771045
0,0,0,7.2621e+07,0,2.9343e+07,-770858,770858
0,0,0,7.2621e+07,0,2.93505e+07,-770672,770672
0,0,0,7.2621e+07,0,2.93579e+07,-770485,770485
0,0,0,7.2621e+07,0,2.82305e+07,-800004,800004
0,0,0,7.2621e+07,0,2.82377e+07,-799825,799825
0,0,0,7.2621e+07,0,2.82449e+07,-799646,799646
0,0,0,7.2621e+07,0,2.82521e+07,-799468,799468
0,0,0,7.2621e+07,0,2.72587e+07,-825733,825733
0,0,0,7.2621e+07,0,2.72656e+07,-825561,825561
0,0,0,7.2621e+07,0,2.72725e+07,-825389,825389
0,0,0,7.2621e+07,0,2.72794e+07,-825217,825217
0,0,0,7.2621e+07,0,2.49668e+07,-884522,884522
0,0,0,7.2621e+07,0,2.49731e+07,-884366,884366
0,0,0,7.2621e+07,0,2.49794e+07,-884210,884210
0,0,0,7.2621e+07,0,2.49858e+07,-884054,884054
0,0,0,7.2621e+07,0,2.49921e+07,-883897,883897
0,0,0,7.2621e+07,3.27677e+179,2.5754e+07,-864949,864949
0,0,0,7.2621e+07,0,2.57603e+07,-864795,864795
0,0,0,7.2621e+07,0,2.57665e+07,-864640,864640
0,0,0,7.2621e+07,0,2.57728e+07,-864485,864485
0,0,0,7.2621e+07,0,2.84362e+07,-797108,797108
0,0,0,7.2621e+07,0,2.84431e+07,-796936,796936
0,0,0,7.2621e+07,0,2.845e+07,-796764,796764
0,0,0,7.2621e+07,0,2.8457e+07,-796592,796592
0,0,0,7.2621e+07,0,2.4803e+07,-888425,888425
0,0,0,7.2621e+07,0,2.4809e+07,-888277,888277
0,0,0,7.2621e+07,0,2.4815e+07,-888128,888128
0,0,0,7.2621e+07,0,2.4821e+07,-887979,887979
0,0,0,7.2621e+07,0,2.4827e+07,-887830,887830
0,0,0,7.2621e+07,0,2.57407e+07,-864941,864941
0,0,0,7.2621e+07,0,2.57469e+07,-864786,864786
0,0,0,7.2621e+07,0,2.57532e+07,-864631,864631
0,0,0,7.2621e+07,0,2.57594e+07,-864476,864476
0,0,0,7.2621e+07,0,2.54117e+07,-873182,873182
0,0,0,7.2621e+07,0,2.54179e+07,-873029,873029
0,0,0,7.2621e+07,0,2.5424e+07,-872877,872877
0,0,0,7.2621e+07,0,2.54302e+07,-872724,872724
0,0,0,7.2621e+07,0,2.66695e+07,-841551,841551
0,0,0,7.2621e+07,0,2.6676e+07,-841390,841390
0,0,0,7.2621e+07,0,2.66825e+07,-841229,841229
0,0,0,7.2621e+07,0,2.66889e+07,-841069,841069
0,0,0,7.2621e+07,0,2.66954e+07,-840908,840908
0,0,0,7.2621e+07,0,2.69926e+07,-830895,830895
0,0,0,7.2621e+07,0,2.69992e+07,-830731,830731
0,0,0,7.2621e+07,0,2.70057e+07,-830568,830568
0,0,0,7.2621e+07,0,2.70123e+07,-830405,830405
0,0,0,7.2621e+07,0,2.76351e+07,-814810,814810
0,0,0,7.2621e+07,0,2.76418e+07,-814643,814643
0,0,0,7.2621e+07,0,2.76486e+07,-814475,814475
0,0,0,7.2621e+07,0,2.76553e+07,-814308,814308
0,0,0,7.2621e+07,0,2.97078e+07,-761750,761750
0,0,0,7.2621e+07,0,2.97151e+07,-761569,761569
0,0,0,7.2621e+07,0,2.97223e+07,-761388,761388
0,0,0,7.2621e+07,0,2.97296e+07,-761207,761207
0,0,0,7.2621e+07,0,2.97368e+07,-761026,761026
0,0,0,7.2621e+07,0,2.85939e+07,-790952,790952
0,0,0,7.2621e+07,0,2.86008e+07,-790779,790779
0,0,0,7.2621e+07,0,2.86078e+07,-790605,790605
0,0,0,7.2621e+07,0,2.86147e+07,-790432,790432
0,0,0,7.2621e+07,0,2.76076e+07,-817059,817059
0,0,0,7.2621e+07,0,2.76143e+07,-816892,816892
0,0,0,7.2621e+07,0,2.7621e+07,-816726,816726
0,0,0,7.2621e+07,0,2.76278e+07,-816559,816559
0,0,0,7.2621e+07,0,2.52839e+07,-876666,876666
0,0,0,7.2621e+07,0,2.529e+07,-876515,876515
0,0,0,7.2621e+07,0,2.52961e+07,-876363,876363
0,0,0,7.2621e+07,0,2.53022e+07,-876212,876212
0,0,0,7.2621e+07,0,2.53083e+07,-876060,876060
0,0,0,7.2621e+07,3.27677e+179,2.60802e+07,-856867,856867
0,0,0,7.2621e+07,0,2.60863e+07,-856717,856717
0,0,0,7.2621e+07,0,2.60923e+07,-856567,856567
0,0,0,7.2621e+07,0,2.60983e+07,-856417,856417
0,0,0,7.2621e+07,0,2.87968e+07,-788153,788153
0,0,0,7.2621e+07,0,2.88035e+07,-787986,787986
0,0,0,7.2621e+07,0,2.88102e+07,-787820,787820
0,0,0,7.2621e+07,0,2.88169e+07,-787653,787653
0,0,0,7.2621e+07,0,2.51142e+07,-880710,880710
0,0,0,7.2621e+07,0,2.512e+07,-880566,880566
0,0,0,7.2621e+07,0,2.51259e+07,-880422,880422
0,0,0,7.2621e+07,0,2.51317e+07,-880278,880278
0,0,0,7.2621e+07,0,2.51375e+07,-880134,880134
0,0,0,7.2621e+07,0,2.6063e+07,-856950,856950
0,0,0,7.2621e+07,0,2.6069e+07,-856800,856800
0,0,0,7.2621e+07,0,2.6075e+07,-856650,856650
0,0,0,7.2621e+07,0,2.60811e+07,-856500,856500
0,0,0,7.2621e+07,0,2.57285e+07,-865327,865327
0,0,0,7.2621e+07,0,2.57345e+07,-865180,865180
0,0,0,7.2621e+07,0,2.57404e+07,-865032,865032
0,0,0,7.2621e+07,0,2.57464e+07,-864884,864884
0,0,0,7.2621e+07,0,2.70017e+07,-833310,833310
0,0,0,7.2621e+07,0,2.70079e+07,-833155,833155
0,0,0,7.2621e+07,0,2.70142e+07,-832999,832999
0,0,0,7.2621e+07,0,2.70205e+07,-832844,832844
0,0,0,7.2621e+07,0,2.70267e+07,-832688,832688
0,0,0,7.2621e+07,0,2.73275e+07,-822552,822552
0,0,0,7.2621e+07,0,2.73339e+07,-822394,822394
0,0,0,7.2621e+07,0,2.73402e+07,-822236,822236
0,0,0,7.2621e+07,0,2.73465e+07,-822078,822078
0,0,0,7.2621e+07,0,2.79772e+07,-806288,806288
0,0,0,7.2621e+07,0,2.79837e+07,-806126,806126
0,0,0,7.2621e+07,0,2.79902e+07,-805964,805964
0,0,0,7.2621e+07,0,2.79967e+07,-805802,805802
0,0,0,7.2621e+07,0,3.00755e+07,-752572,752572
0,0,0,7.2621e+07,0,3.00825e+07,-752397,752397
0,0,0,7.2621e+07,0,3.00895e+07,-752222,752222
0,0,0,7.2621e+07,0,3.00965e+07,-752047,752047
0,0,0,7.2621e+07,0,3.01035e+07,-751872,751872
0,0,0,7.2621e+07,0,2.89455e+07,-782191,782191
0,0,0,7.2621e+07,0,2.89522e+07,-782024,782024
0,0,0,7.2621e+07,0,2.8959e+07,-781856,781856
0,0,0,7.2621e+07,0,2.89657e+07,-781688,781688
0,0,0,7.2621e+07,0,2.79454e+07,-808665,808665
0,0,0,7.2621e+07,0,2.79518e+07,-808504,808504
0,0,0,7.2621e+07,0,2.79583e+07,-808342,808342
0,0,0,7.2621e+07,0,2.79648e+07,-808181,808181
0,0,0,7.2621e+07,0,2.55907e+07,-869064,869064
0,0,0,7.2621e+07,0,2.55966e+07,-868918,868918
0,0,0,7.2621e+07,0,2.56025e+07,-868771,868771
0,0,0,7.2621e+07,0,2.56084e+07,-868625,868625
0,0,0,7.2621e+07,0,2.56143e+07,-868478,868478
0,0,0,7.2621e+07,3.27677e+179,2.63958e+07,-849047,849047
0,0,0,7.2621e+07,0,2.64016e+07,-848902,848902
0,0,0,7.2621e+07,0,2.64075e+07,-848757,848757
0,0,0,7.2621e+07,0,2.64133e+07,-848612,848612
0,0,0,7.2621e+07,0,2.91458e+07,-779488,779488
0,0,0,7.2621e+07,0,2.91523e+07,-779327,779327
0,0,0,7.2621e+07,0,2.91587e+07,-779165,779165
0,0,0,7.2621e+07,0,2.91652e+07,-779004,779004
0,0,0,7.2621e+07,0,2.54154e+07,-873245,873245
0,0,0,7.2621e+07,0,2.54211e+07,-873105,873105
0,0,0,7.2621e+07,0,2.54267e+07,-872966,872966
0,0,0,7.2621e+07,0,2.54323e+07,-872827,872827
0,0,0,7.2621e+07,0,2.54379e+07,-872687,872687
0,0,0,7.2621e+07,0,2.63748e+07,-849217,849217
0,0,0,7.2621e+07,0,2.63806e+07,-849072,849072
0,0,0,7.2621e+07,0,2.63865e+07,-848928,848928
0,0,0,7.2621e+07,0,2.63923e+07,-848783,848783
0,0,0,7.2621e+07,0,2.60351e+07,-857727,857727
0,0,0,7.2621e+07,0,2.60409e+07,-857584,857584
0,0,0,7.2621e+07,0,2.60466e+07,-857441,857441
0,0,0,7.2621e+07,0,2.60524e+07,-857298,857298
0,0,0,7.2621e+07,0,2.73231e+07,-825335,825335
0,0,0,7.2621e+07,0,2.73292e+07,-825185,825185
0,0,0,7.2621e+07,0,2.73352e+07,-825035,825035
0,0,0,7.2621e+07,0,2.73413e+07,-824884,824884
0,0,0,7.2621e+07,0,2.73474e+07,-824734,824734
0,0,0,7.2621e+07,0,2.76516e+07,-814478,814478
0,0,0,7.2621e+07,0,2.76578e+07,-814325,814325
0,0,0,7.2621e+07,0,2.76639e+07,-814172,814172
0,0,0,7.2621e+07,0,2.767e+07,-814019,814019
0,0,0,7.2621e+07,0,2.83082e+07,-798040,798040
0,0,0,7.2621e+07,0,2.83145e+07,-797884,797884
0,0,0,7.2621e+07,0,2.83208e+07,-797727,797727
0,0,0,7.2621e+07,0,2.83271e+07,-797570,797570
0,0,0,7.2621e+07,0,3.04313e+07,-743689,743689
0,0,0,7.2621e+07,0,3.04381e+07,-743520,743520
0,0,0,7.2621e+07,0,3.04448e+07,-743350,743350
0,0,0,7.2621e+07,0,3.04516e+07,-743181,743181
0,0,0,7.2621e+07,0,3.04584e+07,-743012,743012
0,0,0,7.2621e+07,0,2.92859e+07,-773712,773712
0,0,0,7.2621e+07,0,2.92924e+07,-773549,773549
0,0,0,7.2621e+07,0,2.92989e+07,-773387,773387
0,0,0,7.2621e+07,0,2.93054e+07,-773225,773225
0,0,0,7.2621e+07,0,2.82723e+07,-800539,800539
0,0,0,7.2621e+07,0,2.82785e+07,-800383,800383
0,0,0,7.2621e+07,0,2.82848e+07,-800227,800227
0,0,0,7.2621e+07,0,2.82911e+07,-800071,800071
0,0,0,7.2621e+07,0,2.58877e+07,-861705,861705
0,0,0,7.2621e+07,0,2.58934e+07,-861564,861564
0,0,0,7.2621e+07,0,2.58991e+07,-861422,861422
0,0,0,7.2621e+07,0,2.59048e+07,-861280,861280
0,0,0,7.2621e+07,0,2.59105e+07,-861139,861139
0,0,0,7.2621e+07,0,2.67012e+07,-841477,841477
0,0,0,7.2621e+07,3.27677e+179,2.67069e+07,-841336,841336
0,0,0,7.2621e+07,0,2.67126e+07,-841196,841196
0,0,0,7.2621e+07,0,2.67182e+07,-841055,841055
0,0,0,7.2621e+07,0,2.94836e+07,-771100,771100
0,0,0,7.2621e+07,0,2.94898e+07,-770943,770943
0,0,0,7.2621e+07,0,2.94961e+07,-770787,770787
0,0,0,7.2621e+07,0,2.95024e+07,-770631,770631
0,0,0,7.2621e+07,0,2.5707e+07,-866018,866018
0,0,0,7.2621e+07,0,2.57125e+07,-865883,865883
0,0,0,7.2621e+07,0,2.57179e+07,-865748,865748
0,0,0,7.2621e+07,0,2.57233e+07,-865613,865613
0,0,0,7.2621e+07,0,2.57288e+07,-865478,865478
0,0,0,7.2621e+07,0,2.66767e+07,-841732,841732
0,0,0,7.2621e+07,0,2.66824e+07,-841591,841591
0,0,0,7.2621e+07,0,2.6688e+07,-841451,841451
0,0,0,7.2621e+07,0,2.66937e+07,-841310,841310
0,0,0,7.2621e+07,0,2.63319e+07,-850368,850368
0,0,0,7.2621e+07,0,2.63375e+07,-850230,850230
0,0,0,7.2621e+07,0,2.63431e+07,-850091,850091
0,0,0,7.2621e+07,0,2.63487e+07,-849953,849953
0,0,0,7.2621e+07,0,2.76343e+07,-817615,817615
0,0,0,7.2621e+07,0,2.76402e+07,-817469,817469
0,0,0,7.2621e+07,0,2.76461e+07,-817323,817323
0,0,0,7.2621e+07,0,2.76519e+07,-817178,817178
0,0,0,7.2621e+07,0,2.76578e+07,-817032,817032
0,0,0,7.2621e+07,0,2.79654e+07,-806660,806660
0,0,0,7.2621e+07,0,2.79714e+07,-806512,806512
0,0,0,7.2621e+07,0,2.79773e+07,-806364,806364
0,0,0,7.2621e+07,0,2.79832e+07,-806216,806216
0,0,0,7.2621e+07,0,2.86287e+07,-790055,790055
0,0,0,7.2621e+07,0,2.86348e+07,-789903,789903
0,0,0,7.2621e+07,0,2.86409e+07,-789751,789751
0,0,0,7.2621e+07,0,2.8647e+07,-789599,789599
0,0,0,7.2621e+07,0,3.07758e+07,-735088,735088
0,0,0,7.2621e+07,0,3.07824e+07,-734924,734924
0,0,0,7.2621e+07,0,3.07889e+07,-734760,734760
0,0,0,7.2621e+07,0,3.07955e+07,-734596,734596
0,0,0,7.2621e+07,0,3.08021e+07,-734432,734432
0,0,0,7.2621e+07,0,2.96154e+07,-765501,765501
0,0,0,7.2621e+07,0,2.96217e+07,-765344,765344
0,0,0,7.2621e+07,0,2.9628e+07,-765187,765187
0,0,0,7.2621e+07,0,2.96343e+07,-765030,765030
0,0,0,7.2621e+07,0,2.85888e+07,-792672,792672
0,0,0,7.2621e+07,0,2.85949e+07,-792521,792521
0,0,0,7.2621e+07,0,2.86009e+07,-792370,792370
0,0,0,7.2621e+07,0,2.8607e+07,-792219,792219
0,0,0,7.2621e+07,0,2.61752e+07,-854580,854580
0,0,0,7.2621e+07,0,2.61808e+07,-854443,854443
0,0,0,7.2621e+07,0,2.61863e+07,-854305,854305
0,0,0,7.2621e+07,0,2.61918e+07,-854168,854168
0,0,0,7.2621e+07,0,2.61974e+07,-854031,854031
0,0,0,7.2621e+07,0,2.61974e+07,-854031,854031
0,0,0,7.2621e+07,3.27677e+179,2.6997e+07,-834146,834146
0,0,0,7.2621e+07,0,2.70025e+07,-834011,834011
0,0,0,7.2621e+07,0,2.7008e+07,-833875,833875
0,0,0,7.2621e+07,0,2.70135e+07,-833739,833739
0,0,0,7.2621e+07,0,2.98106e+07,-762978,762978
0,0,0,7.2621e+07,0,2.98167e+07,-762827,762827
0,0,0,7.2621e+07,0,2.98228e+07,-762676,762676
0,0,0,7.2621e+07,0,2.98289e+07,-762525,762525
0,0,0,7.2621e+07,0,2.59893e+07,-859021,859021
0,0,0,7.2621e+07,0,2.59945e+07,-858891,858891
0,0,0,7.2621e+07,0,2.59998e+07,-858760,858760
0,0,0,7.2621e+07,0,2.60051e+07,-858630,858630
0,0,0,7.2621e+07,0,2.60103e+07,-858499,858499
0,0,0,7.2621e+07,0,2.69689e+07,-834486,834486
0,0,0,7.2621e+07,0,2.69744e+07,-834350,834350
0,0,0,7.2621e+07,0,2.69799e+07,-834215,834215
0,0,0,7.2621e+07,0,2.69853e+07,-834079,834079
0,0,0,7.2621e+07,0,2.66192e+07,-843247,843247
0,0,0,7.2621e+07,0,2.66246e+07,-843113,843113
0,0,0,7.2621e+07,0,2.663e+07,-842979,842979
0,0,0,7.2621e+07,0,2.66354e+07,-842845,842845
0,0,0,7.2621e+07,0,2.79354e+07,-810143,810143
0,0,0,7.2621e+07,0,2.79411e+07,-810003,810003
0,0,0,7.2621e+07,0,2.79468e+07,-809862,809862
0,0,0,7.2621e+07,0,2.79525e+07,-809721,809721
0,0,0,7.2621e+07,0,2.79581e+07,-809580,809580
0,0,0,7.2621e+07,0,2.8269e+07,-799097,799097
0,0,0,7.2621e+07,0,2.82748e+07,-798954,798954
0,0,0,7.2621e+07,0,2.82805e+07,-798811,798811
0,0,0,7.2621e+07,0,2.82862e+07,-798668,798668
0,0,0,7.2621e+07,0,2.89388e+07,-782330,782330
0,0,0,7.2621e+07,0,2.89446e+07,-782183,782183
0,0,0,7.2621e+07,0,2.89505e+07,-782036,782036
0,0,0,7.2621e+07,0,2.89564e+07,-781890,781890
0,0,0,7.2621e+07,0,3.1109e+07,-726769,726769
0,0,0,7.2621e+07,0,3.11154e+07,-726611,726611
0,0,0,7.2621e+07,0,3.11217e+07,-726452,726452
0,0,0,7.2621e+07,0,3.11281e+07,-726294,726294
0,0,0,7.2621e+07,0,3.11344e+07,-726135,726135
0,0,0,7.2621e+07,0,2.99341e+07,-757561,757561
0,0,0,7.2621e+07,0,2.99402e+07,-757409,757409
0,0,0,7.2621e+07,0,2.99463e+07,-757257,757257
0,0,0,7.2621e+07,0,2.99524e+07,-757105,757105
0,0,0,7.2621e+07,0,2.88949e+07,-785064,785064
0,0,0,7.2621e+07,0,2.89007e+07,-784918,784918
0,0,0,7.2621e+07,0,2.89066e+07,-784772,784772
0,0,0,7.2621e+07,0,2.89125e+07,-784626,784626
0,0,0,7.2621e+07,0,2.64533e+07,-847691,847691
0,0,0,7.2621e+07,0,2.64586e+07,-847558,847558
0,0,0,7.2621e+07,0,2.6464e+07,-847426,847426
0,0,0,7.2621e+07,0,2.64693e+07,-847293,847293
0,0,0,7.2621e+07,0,2.64747e+07,-847160,847160
0,0,0,7.2621e+07,3.27677e+179,2.7283e+07,-827061,827061
0,0,0,7.2621e+07,3.27677e+179,2.72883e+07,-826929,826929
0,0,0,7.2621e+07,0,2.72935e+07,-826798,826798
0,0,0,7.2621e+07,0,2.72988e+07,-826667,826667
0,0,0,7.2621e+07,0,3.01267e+07,-755128,755128
0,0,0,7.2621e+07,0,3.01326e+07,-754983,754983
0,0,0,7.2621e+07,0,3.01385e+07,-754837,754837
0,0,0,7.2621e+07,0,3.01443e+07,-754691,754691
0,0,0,7.2621e+07,0,2.62621e+07,-852260,852260
0,0,0,7.2621e+07,0,2.62672e+07,-852134,852134
0,0,0,7.2621e+07,0,2.62722e+07,-852008,852008
0,0,0,7.2621e+07,0,2.62773e+07,-851882,851882
0,0,0,7.2621e+07,0,2.62824e+07,-851756,851756
0,0,0,7.2621e+07,0,2.72513e+07,-827485,827485
0,0,0,7.2621e+07,0,2.72566e+07,-827354,827354
0,0,0,7.2621e+07,0,2.72618e+07,-827223,827223
0,0,0,7.2621e+07,0,2.72671e+07,-827092,827092
0,0,0,7.2621e+07,0,2.68967e+07,-836366,836366
0,0,0,7.2621e+07,0,2.69019e+07,-836237,836237
0,0,0,7.2621e+07,0,2.69071e+07,-836108,836108
0,0,0,7.2621e+07,0,2.69123e+07,-835979,835979
0,0,0,7.2621e+07,0,2.82264e+07,-802926,802926
0,0,0,7.2621e+07,0,2.82318e+07,-802790,802790
0,0,0,7.2621e+07,0,2.82373e+07,-802654,802654
0,0,0,7.2621e+07,0,2.82428e+07,-802518,802518
0,0,0,7.2621e+07,0,2.82483e+07,-802382,802382
0,0,0,7.2621e+07,0,2.85622e+07,-791792,791792
0,0,0,7.2621e+07,0,2.85678e+07,-791654,791654
0,0,0,7.2621e+07,0,2.85733e+07,-791516,791516
0,0,0,7.2621e+07,0,2.85789e+07,-791378,791378
0,0,0,7.2621e+07,0,2.92382e+07,-774869,774869
0,0,0,7.2621e+07,0,2.92439e+07,-774727,774727
0,0,0,7.2621e+07,0,2.92496e+07,-774586,774586
0,0,0,7.2621e+07,0,2.92552e+07,-774444,774444
0,0,0,7.2621e+07,0,3.14308e+07,-718736,718736
0,0,0,7.2621e+07,0,3.14369e+07,-718583,718583
0,0,0,7.2621e+07,0,3.1443e+07,-718430,718430
0,0,0,7.2621e+07,0,3.14492e+07,-718277,718277
0,0,0,7.2621e+07,0,3.14553e+07,-718124,718124
0,0,0,7.2621e+07,0,3.02418e+07,-749894,749894
0,0,0,7.2621e+07,0,3.02477e+07,-749748,749748
0,0,0,7.2621e+07,0,3.02536e+07,-749601,749601
0,0,0,7.2621e+07,0,3.02595e+07,-749455,749455
0,0,0,7.2621e+07,0,2.91903e+07,-777720,777720
0,0,0,7.2621e+07,0,2.9196e+07,-777579,777579
0,0,0,7.2621e+07,0,2.92017e+07,-777438,777438
0,0,0,7.2621e+07,0,2.92073e+07,-777297,777297
0,0,0,7.2621e+07,0,2.67216e+07,-841041,841041
0,0,0,7.2621e+07,0,2.67268e+07,-840913,840913
0,0,0,7.2621e+07,0,2.67319e+07,-840785,840785
0,0,0,7.2621e+07,0,2.67371e+07,-840657,840657
0,0,0,7.2621e+07,0,2.67423e+07,-840529,840529
0,0,0,7.2621e+07,9.6806e+06,2.75589e+07,-820222,820222
0,0,0,7.2621e+07,0,2.7564e+07,-820096,820096
0,0,0,7.2621e+07,0,2.75691e+07,-819970,819970
0,0,0,7.2621e+07,0,2.75742e+07,-819843,819843
0,0,0,7.2621e+07,0,3.04317e+07,-747554,747554
0,0,0,7.2621e+07,0,3.04374e+07,-747414,747414
0,0,0,7.2621e+07,0,3.04431e+07,-747273,747273
0,0,0,7.2621e+07,0,3.04487e+07,-747133,747133
0,0,0,7.2621e+07,0,2.65253e+07,-845737,845737
0,0,0,7.2621e+07,0,2.65302e+07,-845615,845615
0,0,0,7.2621e+07,0,2.65351e+07,-845494,845494
0,0,0,7.2621e+07,0,2.65399e+07,-845373,845373
0,0,0,7.2621e+07,0,2.65448e+07,-845251,845251
0,0,0,7.2621e+07,0,2.75236e+07,-820731,820731
0,0,0,7.2621e+07,0,2.75287e+07,-820605,820605
0,0,0,7.2621e+07,0,2.75338e+07,-820479,820479
0,0,0,7.2621e+07,0,2.75389e+07,-820353,820353
0,0,0,7.2621e+07,0,2.71644e+07,-829731,829731
0,0,0,7.2621e+07,0,2.71694e+07,-829606,829606
0,0,0,7.2621e+07,0,2.71744e+07,-829482,829482
0,0,0,7.2621e+07,0,2.71794e+07,-829357,829357
0,0,0,7.2621e+07,0,2.85069e+07,-795967,795967
0,0,0,7.2621e+07,0,2.85121e+07,-795836,795836
0,0,0,7.2621e+07,0,2.85174e+07,-795705,795705
0,0,0,7.2621e+07,0,2.85227e+07,-795574,795574
0,0,0,7.2621e+07,0,2.8528e+07,-795443,795443
0,0,0,7.2621e+07,0,2.88449e+07,-784749,784749
0,0,0,7.2621e+07,0,2.88503e+07,-784616,784616
0,0,0,7.2621e+07,0,2.88556e+07,-784483,784483
0,0,0,7.2621e+07,0,2.8861e+07,-784350,784350
0,0,0,7.2621e+07,0,2.95268e+07,-767678,767678
0,0,0,7.2621e+07,0,2.95323e+07,-767541,767541
0,0,0,7.2621e+07,0,2.95378e+07,-767405,767405
0,0,0,7.2621e+07,0,2.95432e+07,-767269,767269
0,0,0,7.2621e+07,0,3.17409e+07,-710994,710994
0,0,0,7.2621e+07,0,3.17468e+07,-710846,710846
0,0,0,7.2621e+07,0,3.17527e+07,-710699,710699
0,0,0,7.2621e+07,0,3.17586e+07,-710552,710552
0,0,0,7.2621e+07,0,3.17645e+07,-710404,710404
0,0,0,7.2621e+07,0,3.05383e+07,-742508,742508
0,0,0,7.2621e+07,0,3.0544e+07,-742366,742366
0,0,0,7.2621e+07,0,3.05496e+07,-742225,742225
0,0,0,7.2621e+07,0,3.05553e+07,-742084,742084
0,0,0,7.2621e+07,0,2.9475e+07,-770644,770644
0,0,0,7.2621e+07,0,2.94804e+07,-770509,770509
0,0,0,7.2621e+07,0,2.94859e+07,-770373,770373
0,0,0,7.2621e+07,0,2.94914e+07,-770238,770238
0,0,0,7.2621e+07,0,2.69801e+07,-834636,834636
0,0,0,7.2621e+07,0,2.69851e+07,-834513,834513
0,0,0,7.2621e+07,0,2.69901e+07,-834389,834389
0,0,0,7.2621e+07,0,2.6995e+07,-834266,834266
0,0,0,7.2621e+07,0,2.7e+07,-834143,834143
0,0,0,7.2621e+07,9.6806e+06,2.78247e+07,-813637,813637
0,0,0,7.2621e+07,0,2.78295e+07,-813515,813515
0,0,0,7.2621e+07,0,2.78344e+07,-813394,813394
0,0,0,7.2621e+07,0,2.78393e+07,-813273,813273
0,0,0,7.2621e+07,0,3.07254e+07,-740262,740262
0,0,0,7.2621e+07,0,3.07308e+07,-740127,740127
0,0,0,7.2621e+07,0,3.07363e+07,-739992,739992
0,0,0,7.2621e+07,0,3.07417e+07,-739857,739857
0,0,0,7.2621e+07,0,2.67786e+07,-839458,839458
0,0,0,7.2621e+07,0,2.67833e+07,-839341,839341
0,0,0,7.2621e+07,0,2.6788e+07,-839225,839225
0,0,0,7.2621e+07,0,2.67927e+07,-839108,839108
0,0,0,7.2621e+07,0,2.67974e+07,-838992,838992
0,0,0,7.2621e+07,0,2.77857e+07,-814233,814233
0,0,0,7.2621e+07,0,2.77906e+07,-814112,814112
0,0,0,7.2621e+07,0,2.77955e+07,-813991,813991
0,0,0,7.2621e+07,0,2.78004e+07,-813870,813870
0,0,0,7.2621e+07,0,2.74218e+07,-823347,823347
0,0,0,7.2621e+07,0,2.74266e+07,-823228,823228
0,0,0,7.2621e+07,0,2.74315e+07,-823108,823108
0,0,0,7.2621e+07,0,2.74363e+07,-822989,822989
0,0,0,7.2621e+07,0,2.87767e+07,-789273,789273
0,0,0,7.2621e+07,0,2.87817e+07,-789148,789148
0,0,0,7.2621e+07,0,2.87868e+07,-789022,789022
0,0,0,7.2621e+07,0,2.87918e+07,-788896,788896
0,0,0,7.2621e+07,0,2.87969e+07,-788771,788771
0,0,0,7.2621e+07,0,2.91167e+07,-777978,777978
0,0,0,7.2621e+07,0,2.91219e+07,-777850,777850
0,0,0,7.2621e+07,0,2.9127e+07,-777723,777723
0,0,0,7.2621e+07,0,2.91321e+07,-777595,777595
0,0,0,7.2621e+07,0,2.98043e+07,-760765,760765
0,0,0,7.2621e+07,0,2.98095e+07,-760634,760634
0,0,0,7.2621e+07,0,2.98148e+07,-760504,760504
0,0,0,7.2621e+07,0,2.982e+07,-760373,760373
0,0,0,7.2621e+07,0,3.20389e+07,-703554,703554
0,0,0,7.2621e+07,0,3.20446e+07,-703412,703412
0,0,0,7.2621e+07,0,3.20502e+07,-703271,703271
0,0,0,7.2621e+07,0,3.20559e+07,-703130,703130
0,0,0,7.2621e+07,0,3.20616e+07,-702988,702988
0,0,0,7.2621e+07,0,3.08231e+07,-735411,735411
0,0,0,7.2621e+07,0,3.08286e+07,-735276,735276
0,0,0,7.2621e+07,0,3.0834e+07,-735140,735140
0,0,0,7.2621e+07,0,3.08395e+07,-735005,735005
0,0,0,7.2621e+07,0,2.97484e+07,-763849,763849
0,0,0,7.2621e+07,0,2.97536e+07,-763719,763719
0,0,0,7.2621e+07,0,2.97588e+07,-763589,763589
0,0,0,7.2621e+07,0,2.97641e+07,-763459,763459
0,0,0,7.2621e+07,0,2.72283e+07,-828486,828486
0,0,0,7.2621e+07,0,2.72331e+07,-828368,828368
0,0,0,7.2621e+07,0,2.72379e+07,-828249,828249
0,0,0,7.2621e+07,0,2.72426e+07,-828131,828131
0,0,0,7.2621e+07,0,2.72474e+07,-828013,828013
0,0,0,7.2621e+07,9.6806e+06,2.80797e+07,-807316,807316
0,0,0,7.2621e+07,0,2.80844e+07,-807200,807200
0,0,0,7.2621e+07,0,2.80891e+07,-807084,807084
0,0,0,7.2621e+07,0,2.80938e+07,-806968,806968
0,0,0,7.2621e+07,0,3.10072e+07,-733264,733264
0,0,0,7.2621e+07,0,3.10124e+07,-733135,733135
0,0,0,7.2621e+07,0,3.10176e+07,-733006,733006
0,0,0,7.2621e+07,0,3.10228e+07,-732877,732877
0,0,0,7.2621e+07,0,2.70216e+07,-833434,833434
0,0,0,7.2621e+07,0,2.70261e+07,-833323,833323
0,0,0,7.2621e+07,0,2.70306e+07,-833211,833211
0,0,0,7.2621e+07,0,2.70351e+07,-833100,833100
0,0,0,7.2621e+07,0,2.70396e+07,-832988,832988
0,0,0,7.2621e+07,0,2.80371e+07,-808001,808001
0,0,0,7.2621e+07,0,2.80417e+07,-807885,807885
0,0,0,7.2621e+07,0,2.80464e+07,-807769,807769
0,0,0,7.2621e+07,0,2.80511e+07,-807653,807653
0,0,0,7.2621e+07,0,2.76687e+07,-817227,817227
0,0,0,7.2621e+07,0,2.76733e+07,-817112,817112
0,0,0,7.2621e+07,0,2.76779e+07,-816998,816998
0,0,0,7.2621e+07,0,2.76825e+07,-816884,816884
0,0,0,7.2621e+07,0,2.90353e+07,-782858,782858
0,0,0,7.2621e+07,0,2.90401e+07,-782737,782737
0,0,0,7.2621e+07,0,2.90449e+07,-782617,782617
0,0,0,7.2621e+07,0,2.90498e+07,-782497,782497
0,0,0,7.2621e+07,0,2.90546e+07,-782377,782377
0,0,0,7.2621e+07,0,2.93772e+07,-771490,771490
0,0,0,7.2621e+07,0,2.93821e+07,-771368,771368
0,0,0,7.2621e+07,0,2.9387e+07,-771246,771246
0,0,0,7.2621e+07,0,2.93919e+07,-771123,771123
0,0,0,7.2621e+07,0,3.007e+07,-754143,754143
0,0,0,7.2621e+07,0,3.00751e+07,-754018,754018
0,0,0,7.2621e+07,0,3.00801e+07,-753893,753893
0,0,0,7.2621e+07,0,3.00851e+07,-753768,753768
0,0,0,7.2621e+07,0,3.23243e+07,-696429,696429
0,0,0,7.2621e+07,0,3.23297e+07,-696293,696293
0,0,0,7.2621e+07,0,3.23352e+07,-696158,696158
0,0,0,7.2621e+07,0,3.23406e+07,-696023,696023
0,0,0,7.2621e+07,0,3.2346e+07,-695888,695888
0,0,0,7.2621e+07,0,3.10958e+07,-728617,728617
0,0,0,7.2621e+07,0,3.1101e+07,-728488,728488
0,0,0,7.2621e+07,0,3.11062e+07,-728358,728358
0,0,0,7.2621e+07,0,3.11114e+07,-728229,728229
0,0,0,7.2621e+07,0,3.001e+07,-757346,757346
0,0,0,7.2621e+07,0,3.0015e+07,-757221,757221
0,0,0,7.2621e+07,0,3.002e+07,-757097,757097
0,0,0,7.2621e+07,0,3.00251e+07,-756972,756972
0,0,0,7.2621e+07,0,2.74658e+07,-822601,822601
0,0,0,7.2621e+07,0,2.74704e+07,-822488,822488
0,0,0,7.2621e+07,0,2.74749e+07,-822375,822375
0,0,0,7.2621e+07,0,2.74795e+07,-822262,822262
0,0,0,7.2621e+07,0,2.7484e+07,-822149,822149
0,0,0,7.2621e+07,0,2.83237e+07,-801269,801269
0,0,0,7.2621e+07,9.6806e+06,2.83282e+07,-801159,801159
0,0,0,7.2621e+07,0,2.83326e+07,-801048,801048
0,0,0,7.2621e+07,0,2.83371e+07,-800937,800937
0,0,0,7.2621e+07,0,3.12767e+07,-726572,726572
0,0,0,7.2621e+07,0,3.12817e+07,-726449,726449
0,0,0,7.2621e+07,0,3.12866e+07,-726326,726326
0,0,0,7.2621e+07,0,3.12916e+07,-726203,726203
0,0,0,7.2621e+07,0,2.7254e+07,-827675,827675
0,0,0,7.2621e+07,0,2.72583e+07,-827569,827569
0,0,0,7.2621e+07,0,2.72626e+07,-827462,827462
0,0,0,7.2621e+07,0,2.72669e+07,-827356,827356
0,0,0,7.2621e+07,0,2.72711e+07,-827250,827250
0,0,0,7.2621e+07,0,2.82773e+07,-802044,802044
0,0,0,7.2621e+07,0,2.82818e+07,-801933,801933
0,0,0,7.2621e+07,0,2.82862e+07,-801823,801823
0,0,0,7.2621e+07,0,2.82907e+07,-801712,801712
0,0,0,7.2621e+07,0,2.79046e+07,-811377,811377
0,0,0,7.2621e+07,0,2.7909e+07,-811269,811269
0,0,0,7.2621e+07,0,2.79134e+07,-811160,811160
0,0,0,7.2621e+07,0,2.79178e+07,-811051,811051
0,0,0,7.2621e+07,0,2.92823e+07,-776727,776727
0,0,0,7.2621e+07,0,2.9287e+07,-776613,776613
0,0,0,7.2621e+07,0,2.92916e+07,-776498,776498
0,0,0,7.2621e+07,0,2.92962e+07,-776383,776383
0,0,0,7.2621e+07,0,2.93008e+07,-776269,776269
0,0,0,7.2621e+07,0,2.9626e+07,-765292,765292
0,0,0,7.2621e+07,0,2.96307e+07,-765176,765176
0,0,0,7.2621e+07,0,2.96353e+07,-765059,765059
0,0,0,7.2621e+07,0,2.964e+07,-764942,764942
0,0,0,7.2621e+07,0,3.03239e+07,-747820,747820
0,0,0,7.2621e+07,0,3.03286e+07,-747700,747700
0,0,0,7.2621e+07,0,3.03334e+07,-747581,747581
0,0,0,7.2621e+07,0,3.03382e+07,-747461,747461
0,0,0,7.2621e+07,0,3.25968e+07,-689625,689625
0,0,0,7.2621e+07,0,3.2602e+07,-689496,689496
0,0,0,7.2621e+07,0,3.26072e+07,-689367,689367
0,0,0,7.2621e+07,0,3.26123e+07,-689238,689238
0,0,0,7.2621e+07,0,3.26175e+07,-689109,689109
0,0,0,7.2621e+07,0,3.13561e+07,-722133,722133
0,0,0,7.2621e+07,0,3.13611e+07,-722009,722009
0,0,0,7.2621e+07,0,3.1366e+07,-721885,721885
0,0,0,7.2621e+07,0,3.1371e+07,-721762,721762
0,0,0,7.2621e+07,0,3.02597e+07,-751139,751139
0,0,0,7.2621e+07,0,3.02645e+07,-751020,751020
0,0,0,7.2621e+07,0,3.02693e+07,-750901,750901
0,0,0,7.2621e+07,0,3.02741e+07,-750782,750782
0,0,0,7.2621e+07,0,2.76924e+07,-816987,816987
0,0,0,7.2621e+07,0,2.76967e+07,-816879,816879
0,0,0,7.2621e+07,0,2.77011e+07,-816771,816771
0,0,0,7.2621e+07,0,2.77054e+07,-816663,816663
0,0,0,7.2621e+07,0,2.77098e+07,-816555,816555
0,0,0,7.2621e+07,0,2.77098e+07,-816555,816555
0,0,0,7.2621e+07,9.6806e+06,2.85564e+07,-795502,795502
0,0,0,7.2621e+07,0,2.85607e+07,-795397,795397
0,0,0,7.2621e+07,0,2.85649e+07,-795291,795291
0,0,0,7.2621e+07,0,2.85692e+07,-795186,795186
0,0,0,7.2621e+07,0,3.15337e+07,-720189,720189
0,0,0,7.2621e+07,0,3.15384e+07,-720072,720072
0,0,0,7.2621e+07,0,3.15432e+07,-719955,719955
0,0,0,7.2621e+07,0,3.15479e+07,-719838,719838
0,0,0,7.2621e+07,0,2.74755e+07,-822183,822183
0,0,0,7.2621e+07,0,2.74796e+07,-822082,822082
0,0,0,7.2621e+07,0,2.74837e+07,-821981,821981
0,0,0,7.2621e+07,0,2.74878e+07,-821880,821880
0,0,0,7.2621e+07,0,2.74919e+07,-821779,821779
0,0,0,7.2621e+07,0,2.85063e+07,-796365,796365
0,0,0,7.2621e+07,0,2.85106e+07,-796260,796260
0,0,0,7.2621e+07,0,2.85148e+07,-796155,796155
0,0,0,7.2621e+07,0,2.8519e+07,-796050,796050
0,0,0,7.2621e+07,0,2.81295e+07,-805803,805803
0,0,0,7.2621e+07,0,2.81337e+07,-805699,805699
0,0,0,7.2621e+07,0,2.81378e+07,-805596,805596
0,0,0,7.2621e+07,0,2.8142e+07,-805492,805492
0,0,0,7.2621e+07,0,2.95178e+07,-770886,770886
0,0,0,7.2621e+07,0,2.95222e+07,-770777,770777
0,0,0,7.2621e+07,0,2.95266e+07,-770668,770668
0,0,0,7.2621e+07,0,2.9531e+07,-770559,770559
0,0,0,7.2621e+07,0,2.95354e+07,-770450,770450
0,0,0,7.2621e+07,0,2.9863e+07,-759388,759388
0,0,0,7.2621e+07,0,2.98674e+07,-759277,759277
0,0,0,7.2621e+07,0,2.98719e+07,-759166,759166
0,0,0,7.2621e+07,0,2.98763e+07,-759055,759055
0,0,0,7.2621e+07,0,3.05656e+07,-741796,741796
0,0,0,7.2621e+07,0,3.05702e+07,-741683,741683
0,0,0,7.2621e+07,0,3.05747e+07,-741569,741569
0,0,0,7.2621e+07,0,3.05793e+07,-741456,741456
0,0,0,7.2621e+07,0,3.28563e+07,-683147,683147
0,0,0,7.2621e+07,0,3.28612e+07,-683025,683025
0,0,0,7.2621e+07,0,3.28661e+07,-682902,682902
0,0,0,7.2621e+07,0,3.28711e+07,-682779,682779
0,0,0,7.2621e+07,0,3.2876e+07,-682657,682657
0,0,0,7.2621e+07,0,3.16039e+07,-715959,715959
0,0,0,7.2621e+07,0,3.16086e+07,-715841,715841
0,0,0,7.2621e+07,0,3.16133e+07,-715724,715724
0,0,0,7.2621e+07,0,3.16181e+07,-715606,715606
0,0,0,7.2621e+07,0,3.04974e+07,-745231,745231
0,0,0,7.2621e+07,0,3.05019e+07,-745118,745118
0,0,0,7.2621e+07,0,3.05065e+07,-745005,745005
0,0,0,7.2621e+07,0,3.0511e+07,-744892,744892
0,0,0,7.2621e+07,0,2.7908e+07,-811644,811644
0,0,0,7.2621e+07,0,2.79121e+07,-811541,811541
0,0,0,7.2621e+07,0,2.79163e+07,-811439,811439
0,0,0,7.2621e+07,0,2.79204e+07,-811336,811336
0,0,0,7.2621e+07,0,2.79246e+07,-811234,811234
0,0,0,7.2621e+07,9.6806e+06,2.87778e+07,-790016,790016
0,0,0,7.2621e+07,0,2.87818e+07,-789916,789916
0,0,0,7.2621e+07,0,2.87859e+07,-789816,789816
0,0,0,7.2621e+07,0,2.87899e+07,-789716,789716
0,0,0,7.2621e+07,0,3.17782e+07,-714120,714120
0,0,0,7.2621e+07,0,3.17826e+07,-714009,714009
0,0,0,7.2621e+07,0,3.17871e+07,-713898,713898
0,0,0,7.2621e+07,0,3.17916e+07,-713787,713787
0,0,0,7.2621e+07,0,2.76862e+07,-816962,816962
0,0,0,7.2621e+07,0,2.76901e+07,-816866,816866
0,0,0,7.2621e+07,0,2.76939e+07,-816770,816770
0,0,0,7.2621e+07,0,2.76978e+07,-816674,816674
0,0,0,7.2621e+07,0,2.77017e+07,-816578,816578
0,0,0,7.2621e+07,0,2.8724e+07,-790967,790967
0,0,0,7.2621e+07,0,2.8728e+07,-790868,790868
0,0,0,7.2621e+07,0,2.8732e+07,-790768,790768
0,0,0,7.2621e+07,0,2.87361e+07,-790668,790668
0,0,0,7.2621e+07,0,2.83432e+07,-800505,800505
0,0,0,7.2621e+07,0,2.83471e+07,-800407,800407
0,0,0,7.2621e+07,0,2.83511e+07,-800309,800309
0,0,0,7.2621e+07,0,2.83551e+07,-800211,800211
0,0,0,7.2621e+07,0,2.97415e+07,-765337,765337
0,0,0,7.2621e+07,0,2.97456e+07,-765234,765234
0,0,0,7.2621e+07,0,2.97498e+07,-765130,765130
0,0,0,7.2621e+07,0,2.9754e+07,-765027,765027
0,0,0,7.2621e+07,0,2.97581e+07,-764923,764923
0,0,0,7.2621e+07,0,3.00881e+07,-753781,753781
0,0,0,7.2621e+07,0,3.00923e+07,-753675,753675
0,0,0,7.2621e+07,0,3.00965e+07,-753570,753570
0,0,0,7.2621e+07,0,3.01007e+07,-753465,753465
0,0,0,7.2621e+07,0,3.07951e+07,-736078,736078
0,0,0,7.2621e+07,0,3.07994e+07,-735970,735970
0,0,0,7.2621e+07,0,3.08038e+07,-735862,735862
0,0,0,7.2621e+07,0,3.08081e+07,-735755,735755
0,0,0,7.2621e+07,0,3.31026e+07,-676998,676998
0,0,0,7.2621e+07,0,3.31073e+07,-676882,676882
0,0,0,7.2621e+07,0,3.31119e+07,-676765,676765
0,0,0,7.2621e+07,0,3.31166e+07,-676649,676649
0,0,0,7.2621e+07,0,3.31213e+07,-676533,676533
0,0,0,7.2621e+07,0,3.1839e+07,-710101,710101
0,0,0,7.2621e+07,0,3.18435e+07,-709989,709989
0,0,0,7.2621e+07,0,3.1848e+07,-709878,709878
0,0,0,7.2621e+07,0,3.18525e+07,-709767,709767
0,0,0,7.2621e+07,0,3.07229e+07,-739627,739627
0,0,0,7.2621e+07,0,3.07272e+07,-739520,739520
0,0,0,7.2621e+07,0,3.07315e+07,-739413,739413
0,0,0,7.2621e+07,0,3.07358e+07,-739306,739306
0,0,0,7.2621e+07,0,2.81125e+07,-806577,806577
0,0,0,7.2621e+07,0,2.81164e+07,-806480,806480
0,0,0,7.2621e+07,0,2.81203e+07,-806382,806382
0,0,0,7.2621e+07,0,2.81243e+07,-806285,806285
0,0,0,7.2621e+07,0,2.81282e+07,-806188,806188
0,0,0,3.92477e+08,0,2.89877e+07,-784814,784814
0,0,0,3.92477e+08,0,2.89915e+07,-784720,784720
0,0,0,3.92477e+08,0,2.89953e+07,-784626,784626
0,0,0,3.92477e+08,0,2.89991e+07,-784531,784531
0,0,0,3.92477e+08,0,3.20098e+07,-708367,708367
0,0,0,3.92477e+08,0,3.2014e+07,-708262,708262
0,0,0,3.92477e+08,0,3.20183e+07,-708157,708157
0,0,0,3.92477e+08,0,3.20225e+07,-708053,708053
0,0,0,3.92477e+08,0,2.78858e+07,-812015,812015
0,0,0,3.92477e+08,0,2.78894e+07,-811925,811925
0,0,0,3.92477e+08,0,2.78931e+07,-811834,811834
0,0,0,3.92477e+08,0,2.74177e+07,-1.29083e+06,1.29083e+06
0,0,0,3.92477e+08,0,2.79004e+07,-811653,811653
0,0,0,3.92477e+08,0,2.89302e+07,-785856,785856
0,0,0,3.92477e+08,0,2.8934e+07,-785762,785762
0,0,0,3.92477e+08,0,2.89377e+07,-785668,785668
0,0,0,3.92477e+08,0,2.89415e+07,-785574,785574
0,0,0,3.92477e+08,0,2.85454e+07,-795491,795491
0,0,0,3.92477e+08,0,2.85492e+07,-795398,795398
0,0,0,3.92477e+08,0,2.85529e+07,-795305,795305
0,0,0,3.92477e+08,0,2.85567e+07,-795212,795212
0,0,0,3.92477e+08,0,2.99531e+07,-760086,760086
0,0,0,3.92477e+08,0,2.99571e+07,-759988,759988
0,0,0,3.92477e+08,0,2.9961e+07,-759890,759890
0,0,0,3.92477e+08,0,2.99649e+07,-759793,759793
0,0,0,3.92477e+08,0,2.99689e+07,-759695,759695
0,0,0,3.92477e+08,0,3.0301e+07,-748477,748477
0,0,0,3.92477e+08,0,3.03049e+07,-748378,748378
0,0,0,3.92477e+08,0,3.03089e+07,-748278,748278
0,0,0,3.92477e+08,0,3.03129e+07,-748179,748179
0,0,0,3.92477e+08,0,3.10122e+07,-730670,730670
0,0,0,3.92477e+08,0,3.10162e+07,-730569,730569
0,0,0,3.92477e+08,0,3.10203e+07,-730467,730467
0,0,0,3.92477e+08,0,3.10244e+07,-730366,730366
0,0,0,3.92477e+08,0,3.33354e+07,-671186,671186
0,0,0,3.92477e+08,0,3.33398e+07,-671076,671076
0,0,0,3.92477e+08,0,3.33442e+07,-670966,670966
0,0,0,3.92477e+08,0,3.33486e+07,-670857,670857
0,0,0,3.92477e+08,0,3.3353e+07,-670747,670747
0,0,0,3.92477e+08,0,3.20612e+07,-704566,704566
0,0,0,3.92477e+08,0,3.20654e+07,-704461,704461
0,0,0,3.92477e+08,0,3.20696e+07,-704356,704356
0,0,0,3.92477e+08,0,3.20738e+07,-704251,704251
0,0,0,3.92477e+08,0,3.09358e+07,-734335,734335
0,0,0,3.92477e+08,0,3.09399e+07,-734234,734234
0,0,0,3.92477e+08,0,3.09439e+07,-734133,734133
0,0,0,3.92477e+08,0,3.0948e+07,-734032,734032
0,0,0,3.92477e+08,0,2.83055e+07,-801794,801794
0,0,0,3.92477e+08,0,2.83092e+07,-801702,801702
0,0,0,3.92477e+08,0,2.83129e+07,-801610,801610
0,0,0,3.92477e+08,0,2.83166e+07,-801518,801518
0,0,0,3.92477e+08,0,2.83203e+07,-801427,801427
0,0,0,3.92477e+08,0,2.91858e+07,-779906,779906
0,0,0,3.92477e+08,0,2.91893e+07,-779818,779818
0,0,0,3.92477e+08,0,2.91929e+07,-779729,779729
0,0,0,3.92477e+08,0,2.91965e+07,-779640,779640
0,0,0,3.92477e+08,0,3.22283e+07,-702941,702941
0,0,0,3.92477e+08,0,3.22323e+07,-702842,702842
0,0,0,3.92477e+08,0,3.22363e+07,-702744,702744
0,0,0,3.92477e+08,0,3.22402e+07,-702645,702645
0,0,0,3.92477e+08,0,2.8074e+07,-807350,807350
0,0,0,3.92477e+08,0,2.80774e+07,-807265,807265
0,0,0,3.92477e+08,0,2.75985e+07,-1.28959e+06,1.28959e+06
0,0,0,3.92477e+08,0,2.76018e+07,-1.28956e+06,1.28956e+06
0,0,0,3.92477e+08,0,2.76052e+07,-1.28954e+06,1.28954e+06
0,0,0,3.92477e+08,0,2.86233e+07,-1.28223e+06,1.28223e+06
0,0,0,3.92477e+08,0,2.86268e+07,-1.28221e+06,1.28221e+06
0,0,0,3.92477e+08,0,2.86303e+07,-1.28219e+06,1.28219e+06
0,0,0,3.92477e+08,0,2.86338e+07,-1.28216e+06,1.28216e+06
0,0,0,3.92477e+08,0,2.82418e+07,-1.28497e+06,1.28497e+06
0,0,0,3.92477e+08,0,2.82453e+07,-1.28494e+06,1.28494e+06
0,0,0,3.92477e+08,0,2.82487e+07,-1.28492e+06,1.28492e+06
0,0,0,3.92477e+08,0,2.82522e+07,-1.2849e+06,1.2849e+06
0,0,0,3.92477e+08,0,2.96328e+07,-1.27484e+06,1.27484e+06
0,0,0,3.92477e+08,0,2.96364e+07,-1.27482e+06,1.27482e+06
0,0,0,3.92477e+08,0,2.96401e+07,-1.27479e+06,1.27479e+06
0,0,0,3.92477e+08,0,2.96437e+07,-1.27477e+06,1.27477e+06
0,0,0,3.92477e+08,0,2.96473e+07,-1.27474e+06,1.27474e+06
0,0,0,3.92477e+08,0,2.99754e+07,-1.26947e+06,1.26947e+06
0,0,0,3.92477e+08,0,2.94531e+07,-1.7955e+06,1.7955e+06
0,0,0,3.92477e+08,0,2.94567e+07,-1.79554e+06,1.79554e+06
0,0,0,3.92477e+08,0,2.99865e+07,-1.26939e+06,1.26939e+06
0,0,0,3.92477e+08,0,3.06776e+07,-1.26444e+06,1.26444e+06
0,0,0,3.92477e+08,0,3.01424e+07,-1.80335e+06,1.80335e+06
0,0,0,3.92477e+08,0,3.06851e+07,-1.26439e+06,1.26439e+06
0,0,0,3.92477e+08,0,3.06889e+07,-1.26436e+06,1.26436e+06
0,0,0,3.92477e+08,0,3.29735e+07,-1.24667e+06,1.24667e+06
0,0,0,3.92477e+08,0,3.29776e+07,-1.24665e+06,1.24665e+06
0,0,0,3.92477e+08,0,3.35628e+07,-665511,665511
0,0,0,3.92477e+08,0,3.29857e+07,-1.24659e+06,1.24659e+06
0,0,0,3.92477e+08,0,3.29898e+07,-1.24656e+06,1.24656e+06
0,0,0,3.92477e+08,0,3.22701e+07,-699361,699361
0,0,0,3.92477e+08,0,3.22741e+07,-699262,699262
0,0,0,3.92477e+08,0,3.17201e+07,-1.25714e+06,1.25714e+06
0,0,0,3.92477e+08,0,3.1724e+07,-1.25711e+06,1.25711e+06
0,0,0,3.92477e+08,0,3.05986e+07,-1.26677e+06,1.26677e+06
0,0,0,3.92477e+08,0,3.11398e+07,-729264,729264
0,0,0,3.92477e+08,0,3.11436e+07,-729169,729169
0,0,0,3.92477e+08,0,3.11474e+07,-729074,729074
0,0,0,3.92477e+08,0,2.8487e+07,-797298,797298
0,0,0,3.92477e+08,0,2.84904e+07,-797212,797212
0,0,0,3.92477e+08,0,2.84939e+07,-797125,797125
0,0,0,3.92477e+08,0,2.84974e+07,-797039,797039
0,0,0,3.92477e+08,0,2.85009e+07,-796953,796953
0,0,0,3.92477e+08,0,2.93718e+07,-775295,775295
0,0,0,3.92477e+08,0,2.93752e+07,-775212,775212
0,0,0,3.92477e+08,0,2.93785e+07,-775129,775129
0,0,0,3.92477e+08,0,2.93819e+07,-775046,775046
0,0,0,3.92477e+08,0,3.24336e+07,-697843,697843
0,0,0,3.92477e+08,0,3.24373e+07,-697751,697751
0,0,0,3.92477e+08,0,3.2441e+07,-697659,697659
0,0,0,3.92477e+08,0,3.24448e+07,-697567,697567
0,0,0,3.92477e+08,0,2.82507e+07,-802970,802970
0,0,0,3.92477e+08,0,2.8254e+07,-802890,802890
0,0,0,3.92477e+08,0,2.82572e+07,-802810,802810
0,0,0,3.92477e+08,0,2.82604e+07,-802731,802731
0,0,0,3.92477e+08,0,2.82636e+07,-802651,802651
0,0,0,3.92477e+08,0,2.93069e+07,-776514,776514
0,0,0,3.92477e+08,0,2.93103e+07,-776431,776431
0,0,0,3.92477e+08,0,2.93136e+07,-776348,776348
0,0,0,3.92477e+08,0,2.93169e+07,-776266,776266
0,0,0,3.92477e+08,0,2.8915e+07,-786330,786330
0,0,0,3.92477e+08,0,2.89183e+07,-786248,786248
0,0,0,3.92477e+08,0,2.89215e+07,-786166,786166
0,0,0,3.92477e+08,0,2.89248e+07,-786085,786085
0,0,0,3.92477e+08,0,3.03396e+07,-750496,750496
0,0,0,3.92477e+08,0,3.03431e+07,-750411,750411
0,0,0,3.92477e+08,0,3.03466e+07,-750325,750325
0,0,0,3.92477e+08,0,3.035e+07,-750239,750239
0,0,0,3.92477e+08,0,3.03535e+07,-750153,750153
0,0,0,3.92477e+08,0,3.06895e+07,-738797,738797
0,0,0,3.92477e+08,0,3.0693e+07,-738710,738710
0,0,0,3.92477e+08,0,3.06965e+07,-738623,738623
0,0,0,3.92477e+08,0,3.07e+07,-738535,738535
0,0,0,3.92477e+08,0,3.14081e+07,-720806,720806
0,0,0,3.92477e+08,0,3.14116e+07,-720717,720717
0,0,0,3.92477e+08,0,3.14152e+07,-720628,720628
0,0,0,3.92477e+08,0,3.14188e+07,-720538,720538
0,0,0,3.92477e+08,0,3.37599e+07,-660588,660588
0,0,0,3.92477e+08,0,3.37638e+07,-660491,660491
0,0,0,3.92477e+08,0,3.37677e+07,-660395,660395
0,0,0,3.92477e+08,0,3.37715e+07,-660298,660298
0,0,0,3.92477e+08,0,3.37754e+07,-660202,660202
0,0,0,3.92477e+08,0,3.2466e+07,-694481,694481
0,0,0,3.92477e+08,0,3.24697e+07,-694388,694388
0,0,0,3.92477e+08,0,3.24734e+07,-694296,694296
0,0,0,3.92477e+08,0,3.24771e+07,-694203,694203
0,0,0,3.92477e+08,0,3.13236e+07,-724694,724694
0,0,0,3.92477e+08,0,3.13272e+07,-724605,724605
0,0,0,3.92477e+08,0,3.13308e+07,-724517,724517
0,0,0,3.92477e+08,0,3.13344e+07,-724428,724428
0,0,0,3.92477e+08,0,2.8657e+07,-793085,793085
0,0,0,3.92477e+08,0,2.86603e+07,-793004,793004
0,0,0,3.92477e+08,0,2.86635e+07,-792923,792923
0,0,0,3.92477e+08,0,2.86668e+07,-792842,792842
0,0,0,3.92477e+08,0,2.867e+07,-792762,792762
0,0,0,3.92477e+08,0,2.95462e+07,-770975,770975
0,0,0,3.92477e+08,0,2.95493e+07,-770897,770897
0,0,0,3.92477e+08,0,2.95524e+07,-770820,770820
0,0,0,3.92477e+08,0,2.95555e+07,-770743,770743
0,0,0,3.92477e+08,0,3.26259e+07,-693069,693069
0,0,0,3.92477e+08,0,3.26293e+07,-692983,692983
0,0,0,3.92477e+08,0,3.26328e+07,-692897,692897
0,0,0,3.92477e+08,0,3.26363e+07,-692811,692811
0,0,0,3.92477e+08,0,2.84162e+07,-798868,798868
0,0,0,3.92477e+08,0,2.84192e+07,-798793,798793
0,0,0,3.92477e+08,0,2.84222e+07,-798719,798719
0,0,0,3.92477e+08,0,2.84252e+07,-798645,798645
0,0,0,3.92477e+08,0,2.84282e+07,-798570,798570
0,0,0,3.92477e+08,0,2.94777e+07,-772280,772280
0,0,0,3.92477e+08,0,2.94808e+07,-772203,772203
0,0,0,3.92477e+08,0,2.94839e+07,-772125,772125
0,0,0,3.92477e+08,0,2.9487e+07,-772048,772048
0,0,0,3.92477e+08,0,2.90824e+07,-782179,782179
0,0,0,3.92477e+08,0,2.90854e+07,-782103,782103
0,0,0,3.92477e+08,0,2.90885e+07,-782026,782026
0,0,0,3.92477e+08,0,2.90916e+07,-781950,781950
0,0,0,3.92477e+08,0,3.05147e+07,-746154,746154
0,0,0,3.92477e+08,0,3.05179e+07,-746073,746073
0,0,0,3.92477e+08,0,3.05211e+07,-745993,745993
0,0,0,3.92477e+08,0,3.05244e+07,-745913,745913
0,0,0,3.92477e+08,0,3.05276e+07,-745833,745833
0,0,0,3.92477e+08,0,3.08654e+07,-734415,734415
0,0,0,3.92477e+08,0,3.08687e+07,-734334,734334
0,0,0,3.92477e+08,0,3.08719e+07,-734252,734252
0,0,0,3.92477e+08,0,3.08752e+07,-734171,734171
0,0,0,3.92477e+08,0,3.15872e+07,-716343,716343
0,0,0,3.92477e+08,0,3.15905e+07,-716260,716260
0,0,0,3.92477e+08,0,3.15939e+07,-716176,716176
0,0,0,3.92477e+08,0,3.15972e+07,-716093,716093
0,0,0,3.92477e+08,0,3.39519e+07,-655795,655795
0,0,0,3.92477e+08,0,3.39556e+07,-655704,655704
0,0,0,3.92477e+08,0,3.39592e+07,-655614,655614
0,0,0,3.92477e+08,0,3.39628e+07,-655524,655524
0,0,0,3.92477e+08,0,3.39664e+07,-655434,655434
0,0,0,3.92477e+08,0,3.2649e+07,-689921,689921
0,0,0,3.92477e+08,0,3.26525e+07,-689835,689835
0,0,0,3.92477e+08,0,3.26559e+07,-689749,689749
0,0,0,3.92477e+08,0,3.26594e+07,-689662,689662
0,0,0,3.92477e+08,0,3.14989e+07,-720338,720338
0,0,0,3.92477e+08,0,3.15022e+07,-720255,720255
0,0,0,3.92477e+08,0,3.15056e+07,-720172,720172
0,0,0,3.92477e+08,0,3.15089e+07,-720089,720089
0,0,0,3.92477e+08,0,2.88157e+07,-789151,789151
0,0,0,3.92477e+08,0,2.88188e+07,-789075,789075
0,0,0,3.92477e+08,0,2.88218e+07,-789000,789000
0,0,0,3.92477e+08,0,2.88249e+07,-788925,788925
0,0,0,3.92477e+08,0,2.88279e+07,-788849,788849
0,0,0,3.92477e+08,0,2.88279e+07,-788849,788849
0,0,0,3.92477e+08,0,2.97089e+07,-766943,766943
0,0,0,3.92477e+08,0,2.97118e+07,-766871,766871
0,0,0,3.92477e+08,0,2.97147e+07,-766799,766799
0,0,0,3.92477e+08,0,2.97176e+07,-766727,766727
0,0,0,3.92477e+08,0,3.28052e+07,-688616,688616
0,0,0,3.92477e+08,0,3.28084e+07,-688536,688536
0,0,0,3.92477e+08,0,3.28117e+07,-688456,688456
0,0,0,3.92477e+08,0,3.28149e+07,-688376,688376
0,0,0,3.92477e+08,0,2.85706e+07,-795042,795042
0,0,0,3.92477e+08,0,2.85734e+07,-794973,794973
0,0,0,3.92477e+08,0,2.85762e+07,-794904,794904
0,0,0,3.92477e+08,0,2.8579e+07,-794835,794835
0,0,0,3.92477e+08,0,2.85817e+07,-794766,794766
0,0,0,3.92477e+08,0,2.96369e+07,-768333,768333
0,0,0,3.92477e+08,0,2.96398e+07,-768261,768261
0,0,0,3.92477e+08,0,2.96427e+07,-768189,768189
0,0,0,3.92477e+08,0,2.96456e+07,-768117,768117
0,0,0,3.92477e+08,0,2.92384e+07,-778311,778311
0,0,0,3.92477e+08,0,2.92412e+07,-778240,778240
0,0,0,3.92477e+08,0,2.92441e+07,-778169,778169
0,0,0,3.92477e+08,0,2.9247e+07,-778099,778099
0,0,0,3.92477e+08,0,3.06777e+07,-742108,742108
0,0,0,3.92477e+08,0,3.06807e+07,-742034,742034
0,0,0,3.92477e+08,0,3.06837e+07,-741959,741959
0,0,0,3.92477e+08,0,3.06867e+07,-741885,741885
0,0,0,3.92477e+08,0,3.06897e+07,-741810,741810
0,0,0,3.92477e+08,0,3.10291e+07,-730336,730336
0,0,0,3.92477e+08,0,3.10322e+07,-730260,730260
0,0,0,3.92477e+08,0,3.10352e+07,-730184,730184
0,0,0,3.92477e+08,0,3.10383e+07,-730109,730109
0,0,0,3.92477e+08,0,3.17539e+07,-712189,712189
0,0,0,3.92477e+08,0,3.1757e+07,-712111,712111
0,0,0,3.92477e+08,0,3.17601e+07,-712034,712034
0,0,0,3.92477e+08,0,3.17633e+07,-711956,711956
0,0,0,3.92477e+08,0,3.41306e+07,-651335,651335
0,0,0,3.92477e+08,0,3.41339e+07,-651251,651251
0,0,0,3.92477e+08,0,3.41373e+07,-651167,651167
0,0,0,3.92477e+08,0,3.41406e+07,-651084,651084
0,0,0,3.92477e+08,0,3.4144e+07,-651000,651000
0,0,0,3.92477e+08,0,3.28192e+07,-685681,685681
0,0,0,3.92477e+08,0,3.28224e+07,-685601,685601
0,0,0,3.92477e+08,0,3.28256e+07,-685521,685521
0,0,0,3.92477e+08,0,3.28288e+07,-685441,685441
0,0,0,3.92477e+08,0,3.16618e+07,-716289,716289
0,0,0,3.92477e+08,0,3.16649e+07,-716212,716212
0,0,0,3.92477e+08,0,3.1668e+07,-716135,716135
0,0,0,3.92477e+08,0,3.16711e+07,-716057,716057
0,0,0,3.92477e+08,0,2.89633e+07,-785496,785496
0,0,0,3.92477e+08,0,2.89661e+07,-785426,785426
0,0,0,3.92477e+08,0,2.89689e+07,-785356,785356
0,0,0,3.92477e+08,0,2.89717e+07,-785286,785286
0,0,0,3.92477e+08,0,2.89746e+07,-785216,785216
0,0,0,3.92477e+08,0,2.986e+07,-763199,763199
0,0,0,3.92477e+08,0,2.98626e+07,-763132,763132
0,0,0,3.92477e+08,0,2.98653e+07,-763066,763066
0,0,0,3.92477e+08,0,2.9868e+07,-762999,762999
0,0,0,3.92477e+08,0,3.29717e+07,-684481,684481
0,0,0,3.92477e+08,0,3.29747e+07,-684407,684407
0,0,0,3.92477e+08,0,3.29777e+07,-684333,684333
0,0,0,3.92477e+08,0,3.29806e+07,-684259,684259
0,0,0,3.92477e+08,0,2.87138e+07,-791492,791492
0,0,0,3.92477e+08,0,2.87164e+07,-791429,791429
0,0,0,3.92477e+08,0,2.8719e+07,-791365,791365
0,0,0,3.92477e+08,0,2.87215e+07,-791301,791301
0,0,0,3.92477e+08,0,2.87241e+07,-791237,791237
0,0,0,3.92477e+08,0,2.97845e+07,-764672,764672
0,0,0,3.92477e+08,0,2.97872e+07,-764606,764606
0,0,0,3.92477e+08,0,2.97898e+07,-764539,764539
0,0,0,3.92477e+08,0,2.97925e+07,-764473,764473
0,0,0,3.92477e+08,0,2.9383e+07,-774726,774726
0,0,0,3.92477e+08,0,2.93856e+07,-774660,774660
0,0,0,3.92477e+08,0,2.93883e+07,-774595,774595
0,0,0,3.92477e+08,0,2.93909e+07,-774529,774529
0,0,0,3.92477e+08,0,3.08288e+07,-738360,738360
0,0,0,3.92477e+08,0,3.08316e+07,-738291,738291
0,0,0,3.92477e+08,0,3.08344e+07,-738222,738222
0,0,0,3.92477e+08,0,3.08371e+07,-738154,738154
0,0,0,3.92477e+08,0,3.08399e+07,-738085,738085
0,0,0,3.92477e+08,0,3.11808e+07,-726558,726558
0,0,0,3.92477e+08,0,3.11836e+07,-726488,726488
0,0,0,3.92477e+08,0,3.11864e+07,-726418,726418
0,0,0,3.92477e+08,0,3.11892e+07,-726348,726348
0,0,0,3.92477e+08,0,3.19082e+07,-708344,708344
0,0,0,3.92477e+08,0,3.19111e+07,-708272,708272
0,0,0,3.92477e+08,0,3.1914e+07,-708201,708201
0,0,0,3.92477e+08,0,3.19169e+07,-708129,708129
0,0,0,3.92477e+08,0,3.42958e+07,-647209,647209
0,0,0,3.92477e+08,0,3.42989e+07,-647132,647132
0,0,0,3.92477e+08,0,3.4302e+07,-647054,647054
0,0,0,3.92477e+08,0,3.43051e+07,-646977,646977
0,0,0,3.92477e+08,0,3.43082e+07,-646900,646900
0,0,0,3.92477e+08,0,3.29765e+07,-681761,681761
0,0,0,3.92477e+08,0,3.29795e+07,-681687,681687
0,0,0,3.92477e+08,0,3.29825e+07,-681613,681613
0,0,0,3.92477e+08,0,3.29855e+07,-681539,681539
0,0,0,3.92477e+08,0,3.18124e+07,-712546,712546
0,0,0,3.92477e+08,0,3.18152e+07,-712475,712475
0,0,0,3.92477e+08,0,3.18181e+07,-712404,712404
0,0,0,3.92477e+08,0,3.1821e+07,-712333,712333
0,0,0,3.92477e+08,0,2.90995e+07,-782119,782119
0,0,0,3.92477e+08,0,2.91021e+07,-782055,782055
0,0,0,3.92477e+08,0,2.91047e+07,-781990,781990
0,0,0,3.92477e+08,0,2.91073e+07,-781925,781925
0,0,0,3.92477e+08,0,2.911e+07,-781861,781861
0,0,0,3.92477e+08,0,2.99994e+07,-759742,759742
0,0,0,3.92477e+08,0,3.00019e+07,-759681,759681
0,0,0,3.92477e+08,0,3.00044e+07,-759620,759620
0,0,0,3.92477e+08,0,3.00068e+07,-759559,759559
0,0,0,3.92477e+08,0,3.31254e+07,-680666,680666
0,0,0,3.92477e+08,0,3.31281e+07,-680598,680598
0,0,0,3.92477e+08,0,3.31308e+07,-680530,680530
0,0,0,3.92477e+08,0,3.31335e+07,-680463,680463
0,0,0,3.92477e+08,0,2.88459e+07,-788219,788219
0,0,0,3.92477e+08,0,2.88483e+07,-788160,788160
0,0,0,3.92477e+08,0,2.88506e+07,-788101,788101
0,0,0,3.92477e+08,0,2.8853e+07,-788043,788043
0,0,0,3.92477e+08,0,2.88553e+07,-787984,787984
0,0,0,3.92477e+08,0,2.99206e+07,-761298,761298
0,0,0,3.92477e+08,0,2.9923e+07,-761237,761237
0,0,0,3.92477e+08,0,2.99255e+07,-761176,761176
0,0,0,3.92477e+08,0,2.99279e+07,-761116,761116
0,0,0,3.92477e+08,0,2.95162e+07,-771422,771422
0,0,0,3.92477e+08,0,2.95187e+07,-771362,771362
0,0,0,3.92477e+08,0,2.95211e+07,-771302,771302
0,0,0,3.92477e+08,0,2.95235e+07,-771243,771243
0,0,0,3.92477e+08,0,3.09679e+07,-734908,734908
0,0,0,3.92477e+08,0,3.09705e+07,-734845,734845
0,0,0,3.92477e+08,0,3.0973e+07,-734782,734782
0,0,0,3.92477e+08,0,3.09756e+07,-734719,734719
0,0,0,3.92477e+08,0,3.09781e+07,-734656,734656
0,0,0,3.92477e+08,0,3.13203e+07,-723081,723081
0,0,0,3.92477e+08,0,3.13229e+07,-723017,723017
0,0,0,3.92477e+08,0,3.13255e+07,-722953,722953
0,0,0,3.92477e+08,0,3.13281e+07,-722889,722889
0,0,0,3.92477e+08,0,3.20502e+07,-704807,704807
0,0,0,3.92477e+08,0,3.20528e+07,-704742,704742
0,0,0,3.92477e+08,0,3.20555e+07,-704676,704676
0,0,0,3.92477e+08,0,3.20581e+07,-704610,704610
0,0,0,3.92477e+08,0,3.44478e+07,-643416,643416
0,0,0,3.92477e+08,0,3.44506e+07,-643345,643345
0,0,0,3.92477e+08,0,3.44535e+07,-643274,643274
0,0,0,3.92477e+08,0,3.44563e+07,-643203,643203
0,0,0,3.92477e+08,0,3.44591e+07,-643133,643133
0,0,0,3.92477e+08,0,3.31211e+07,-678160,678160
0,0,0,3.92477e+08,0,3.31238e+07,-678092,678092
0,0,0,3.92477e+08,0,3.31265e+07,-678024,678024
0,0,0,3.92477e+08,0,3.31293e+07,-677956,677956
0,0,0,3.92477e+08,0,3.19506e+07,-709110,709110
0,0,0,3.92477e+08,0,3.19533e+07,-709045,709045
0,0,0,3.92477e+08,0,3.19559e+07,-708980,708980
0,0,0,3.92477e+08,0,3.19585e+07,-708914,708914
0,0,0,3.92477e+08,0,2.92246e+07,-779021,779021
0,0,0,3.92477e+08,0,2.9227e+07,-778961,778961
0,0,0,3.92477e+08,0,2.92294e+07,-778902,778902
0,0,0,3.92477e+08,0,2.92317e+07,-778843,778843
0,0,0,3.92477e+08,0,2.92341e+07,-778784,778784
0,0,0,3.92477e+08,0,3.01274e+07,-756572,756572
0,0,0,3.92477e+08,0,3.01296e+07,-756516,756516
0,0,0,3.92477e+08,0,3.01318e+07,-756461,756461
0,0,0,3.92477e+08,0,3.01341e+07,-756405,756405
0,0,0,3.92477e+08,0,3.32662e+07,-677169,677169
0,0,0,3.92477e+08,0,3.32687e+07,-677107,677107
0,0,0,3.92477e+08,0,3.32712e+07,-677045,677045
0,0,0,3.92477e+08,0,3.32736e+07,-676983,676983
0,0,0,3.92477e+08,0,2.89669e+07,-785219,785219
0,0,0,3.92477e+08,0,2.89691e+07,-785166,785166
0,0,0,3.92477e+08,0,2.89712e+07,-785112,785112
0,0,0,3.92477e+08,0,2.89734e+07,-785059,785059
0,0,0,3.92477e+08,0,2.89755e+07,-785006,785006
0,0,0,3.92477e+08,0,3.00452e+07,-758209,758209
0,0,0,3.92477e+08,0,3.00474e+07,-758153,758153
0,0,0,3.92477e+08,0,3.00496e+07,-758098,758098
0,0,0,3.92477e+08,0,3.00519e+07,-758042,758042
0,0,0,3.92477e+08,0,2.96382e+07,-768399,768399
0,0,0,3.92477e+08,0,2.96404e+07,-768345,768345
0,0,0,3.92477e+08,0,2.96426e+07,-768290,768290
0,0,0,3.92477e+08,0,2.96448e+07,-768236,768236
0,0,0,3.92477e+08,0,3.10952e+07,-731751,731751
0,0,0,3.92477e+08,0,3.10975e+07,-731694,731694
0,0,0,3.92477e+08,0,3.10998e+07,-731636,731636
0,0,0,3.92477e+08,0,3.11021e+07,-731579,731579
0,0,0,3.92477e+08,0,3.11045e+07,-731521,731521
0,0,0,3.92477e+08,0,3.14479e+07,-719903,719903
0,0,0,3.92477e+08,0,3.14503e+07,-719845,719845
0,0,0,3.92477e+08,0,3.14526e+07,-719787,719787
0,0,0,3.92477e+08,0,3.14549e+07,-719728,719728
0,0,0,3.92477e+08,0,3.21799e+07,-701576,701576
0,0,0,3.92477e+08,0,3.21823e+07,-701516,701516
0,0,0,3.92477e+08,0,3.21847e+07,-701457,701457
0,0,0,3.92477e+08,0,3.21871e+07,-701397,701397
0,0,0,3.92477e+08,0,3.45865e+07,-639953,639953
0,0,0,3.92477e+08,0,3.45891e+07,-639888,639888
0,0,0,3.92477e+08,0,3.45917e+07,-639823,639823
0,0,0,3.92477e+08,0,3.45943e+07,-639759,639759
0,0,0,3.92477e+08,0,3.45969e+07,-639694,639694
0,0,0,3.92477e+08,0,3.3253e+07,-674873,674873
0,0,0,3.92477e+08,0,3.32555e+07,-674811,674811
0,0,0,3.92477e+08,0,3.3258e+07,-674749,674749
0,0,0,3.92477e+08,0,3.32605e+07,-674688,674688
0,0,0,3.92477e+08,0,3.20767e+07,-705976,705976
0,0,0,3.92477e+08,0,3.20791e+07,-705917,705917
0,0,0,3.92477e+08,0,3.20815e+07,-705857,705857
0,0,0,3.92477e+08,0,3.20839e+07,-705798,705798
0,0,0,3.92477e+08,0,2.93385e+07,-776196,776196
0,0,0,3.92477e+08,0,2.93407e+07,-776142,776142
0,0,0,3.92477e+08,0,2.93429e+07,-776088,776088
0,0,0,3.92477e+08,0,2.93451e+07,-776034,776034
0,0,0,3.92477e+08,0,2.93473e+07,-775980,775980
0,0,0,3.92477e+08,0,3.02439e+07,-753684,753684
0,0,0,3.92477e+08,0,3.02459e+07,-753634,753634
0,0,0,3.92477e+08,0,3.02479e+07,-753584,753584
0,0,0,3.92477e+08,0,3.02499e+07,-753534,753534
0,0,0,3.92477e+08,0,3.33944e+07,-673985,673985
0,0,0,3.92477e+08,0,3.33966e+07,-673930,673930
0,0,0,3.92477e+08,0,3.33989e+07,-673874,673874
0,0,0,3.92477e+08,0,3.34011e+07,-673818,673818
0,0,0,3.92477e+08,0,2.9077e+07,-782491,782491
0,0,0,3.92477e+08,0,2.90789e+07,-782443,782443
0,0,0,3.92477e+08,0,2.90809e+07,-782394,782394
0,0,0,3.92477e+08,0,2.90828e+07,-782346,782346
0,0,0,3.92477e+08,0,2.90848e+07,-782298,782298
0,0,0,3.92477e+08,0,3.01584e+07,-755401,755401
0,0,0,3.92477e+08,0,3.01604e+07,-755351,755351
0,0,0,3.92477e+08,0,3.01624e+07,-755301,755301
0,0,0,3.92477e+08,0,3.01644e+07,-755251,755251
0,0,0,3.92477e+08,0,2.97489e+07,-765654,765654
0,0,0,3.92477e+08,0,2.97509e+07,-765605,765605
0,0,0,3.92477e+08,0,2.97529e+07,-765556,765556
0,0,0,3.92477e+08,0,2.97549e+07,-765506,765506
0,0,0,3.92477e+08,0,3.12107e+07,-728886,728886
0,0,0,3.92477e+08,0,3.12128e+07,-728834,728834
0,0,0,3.92477e+08,0,3.12149e+07,-728783,728783
0,0,0,3.92477e+08,0,3.12169e+07,-728731,728731
0,0,0,3.92477e+08,0,3.1219e+07,-728679,728679
0,0,0,3.92477e+08,0,3.15636e+07,-717022,717022
0,0,0,3.92477e+08,0,3.15657e+07,-716969,716969
0,0,0,3.92477e+08,0,3.15678e+07,-716917,716917
0,0,0,3.92477e+08,0,3.15699e+07,-716864,716864
0,0,0,3.92477e+08,0,3.22974e+07,-698649,698649
0,0,0,3.92477e+08,0,3.22995e+07,-698595,698595
0,0,0,3.92477e+08,0,3.23017e+07,-698541,698541
0,0,0,3.92477e+08,0,3.23038e+07,-698487,698487
0,0,0,3.92477e+08,0,3.47121e+07,-636817,636817
0,0,0,3.92477e+08,0,3.47144e+07,-636759,636759
0,0,0,3.92477e+08,0,3.47168e+07,-636701,636701
0,0,0,3.92477e+08,0,3.47191e+07,-636643,636643
0,0,0,3.92477e+08,0,3.47214e+07,-636584,636584
0,0,0,3.92477e+08,0,3.33723e+07,-671901,671901
0,0,0,3.92477e+08,0,3.33745e+07,-671845,671845
0,0,0,3.92477e+08,0,3.33768e+07,-671789,671789
0,0,0,3.92477e+08,0,3.3379e+07,-671734,671734
0,0,0,3.92477e+08,0,3.21906e+07,-703145,703145
0,0,0,3.92477e+08,0,3.21928e+07,-703091,703091
0,0,0,3.92477e+08,0,3.21949e+07,-703037,703037
0,0,0,3.92477e+08,0,3.21971e+07,-702984,702984
0,0,0,3.92477e+08,0,2.94415e+07,-773646,773646
0,0,0,3.92477e+08,0,2.94434e+07,-773598,773598
0,0,0,3.92477e+08,0,2.94454e+07,-773549,773549
0,0,0,3.92477e+08,0,2.94474e+07,-773500,773500
0,0,0,3.92477e+08,0,2.94493e+07,-773452,773452
0,0,0,3.92477e+08,0,3.0349e+07,-751080,751080
0,0,0,3.92477e+08,0,3.03508e+07,-751036,751036
0,0,0,3.92477e+08,0,3.03526e+07,-750991,750991
0,0,0,3.92477e+08,0,3.03544e+07,-750946,750946
0,0,0,3.92477e+08,0,3.35099e+07,-671117,671117
0,0,0,3.92477e+08,0,3.35119e+07,-671068,671068
0,0,0,3.92477e+08,0,3.35139e+07,-671018,671018
0,0,0,3.92477e+08,0,3.35159e+07,-670968,670968
0,0,0,3.92477e+08,0,2.91761e+07,-780034,780034
0,0,0,3.92477e+08,0,2.91778e+07,-779992,779992
0,0,0,3.92477e+08,0,2.91795e+07,-779949,779949
0,0,0,3.92477e+08,0,2.91813e+07,-779906,779906
0,0,0,3.92477e+08,0,2.9183e+07,-779863,779863
0,0,0,3.92477e+08,0,3.02602e+07,-752877,752877
0,0,0,3.92477e+08,0,3.0262e+07,-752832,752832
0,0,0,3.92477e+08,0,3.02638e+07,-752787,752787
0,0,0,3.92477e+08,0,3.02656e+07,-752743,752743
0,0,0,3.92477e+08,0,2.98484e+07,-763188,763188
0,0,0,3.92477e+08,0,2.98502e+07,-763144,763144
0,0,0,3.92477e+08,0,2.98519e+07,-763100,763100
0,0,0,3.92477e+08,0,2.98537e+07,-763056,763056
0,0,0,3.92477e+08,0,3.13143e+07,-726315,726315
0,0,0,3.92477e+08,0,3.13162e+07,-726269,726269
0,0,0,3.92477e+08,0,3.1318e+07,-726223,726223
0,0,0,3.92477e+08,0,3.13199e+07,-726176,726176
0,0,0,3.92477e+08,0,3.13218e+07,-726130,726130
0,0,0,3.92477e+08,0,3.16672e+07,-714440,714440
0,0,0,3.92477e+08,0,3.16691e+07,-714393,714393
0,0,0,3.92477e+08,0,3.1671e+07,-714346,714346
0,0,0,3.92477e+08,0,3.16729e+07,-714299,714299
0,0,0,3.92477e+08,0,3.24026e+07,-696028,696028
0,0,0,3.92477e+08,0,3.24045e+07,-695980,695980
0,0,0,3.92477e+08,0,3.24064e+07,-695932,695932
0,0,0,3.92477e+08,0,3.24083e+07,-695884,695884
0,0,0,3.92477e+08,0,3.48244e+07,-634013,634013
0,0,0,3.92477e+08,0,3.48265e+07,-633961,633961
0,0,0,3.92477e+08,0,3.48286e+07,-633909,633909
0,0,0,3.92477e+08,0,3.48307e+07,-633857,633857
0,0,0,3.92477e+08,0,3.48327e+07,-633805,633805
0,0,0,3.92477e+08,0,3.34789e+07,-669246,669246
0,0,0,3.92477e+08,0,3.34809e+07,-669196,669196
0,0,0,3.92477e+08,0,3.34829e+07,-669146,669146
0,0,0,3.92477e+08,0,3.34849e+07,-669097,669097
0,0,0,3.92477e+08,0,3.22923e+07,-700617,700617
0,0,0,3.92477e+08,0,3.22942e+07,-700570,700570
0,0,0,3.92477e+08,0,3.22962e+07,-700522,700522
0,0,0,3.92477e+08,0,3.22981e+07,-700474,700474
0,0,0,3.92477e+08,0,2.95332e+07,-771373,771373
0,0,0,3.92477e+08,0,2.9535e+07,-771330,771330
0,0,0,3.92477e+08,0,2.95367e+07,-771286,771286
0,0,0,3.92477e+08,0,2.95385e+07,-771243,771243
0,0,0,3.92477e+08,0,2.95402e+07,-771200,771200
0,0,0,3.92477e+08,0,2.95402e+07,-771200,771200
0,0,0,3.92477e+08,0,3.04425e+07,-748762,748762
0,0,0,3.92477e+08,0,3.04441e+07,-748722,748722
0,0,0,3.92477e+08,0,3.04457e+07,-748683,748683
0,0,0,3.92477e+08,0,3.04473e+07,-748644,748644
0,0,0,3.92477e+08,0,3.36126e+07,-668566,668566
0,0,0,3.92477e+08,0,3.36144e+07,-668523,668523
0,0,0,3.92477e+08,0,3.36161e+07,-668479,668479
0,0,0,3.92477e+08,0,3.36179e+07,-668436,668436
0,0,0,3.92477e+08,0,2.92641e+07,-777852,777852
0,0,0,3.92477e+08,0,2.92656e+07,-777815,777815
0,0,0,3.92477e+08,0,2.92672e+07,-777777,777777
0,0,0,3.92477e+08,0,2.92687e+07,-777740,777740
0,0,0,3.92477e+08,0,2.92702e+07,-777702,777702
0,0,0,3.92477e+08,0,3.03505e+07,-750637,750637
0,0,0,3.92477e+08,0,3.03521e+07,-750598,750598
0,0,0,3.92477e+08,0,3.03537e+07,-750559,750559
0,0,0,3.92477e+08,0,3.03553e+07,-750520,750520
0,0,0,3.92477e+08,0,2.99365e+07,-761003,761003
0,0,0,3.92477e+08,0,2.99381e+07,-760964,760964
0,0,0,3.92477e+08,0,2.99396e+07,-760926,760926
0,0,0,3.92477e+08,0,2.99412e+07,-760887,760887
0,0,0,3.92477e+08,0,3.14061e+07,-724039,724039
0,0,0,3.92477e+08,0,3.14077e+07,-723998,723998
0,0,0,3.92477e+08,0,3.14093e+07,-723958,723958
0,0,0,3.92477e+08,0,3.1411e+07,-723917,723917
0,0,0,3.92477e+08,0,3.14126e+07,-723877,723877
0,0,0,3.92477e+08,0,3.17589e+07,-712157,712157
0,0,0,3.92477e+08,0,3.17605e+07,-712116,712116
0,0,0,3.92477e+08,0,3.17622e+07,-712074,712074
0,0,0,3.92477e+08,0,3.17638e+07,-712033,712033
0,0,0,3.92477e+08,0,3.24954e+07,-693714,693714
0,0,0,3.92477e+08,0,3.24971e+07,-693672,693672
0,0,0,3.92477e+08,0,3.24988e+07,-693630,693630
0,0,0,3.92477e+08,0,3.25005e+07,-693588,693588
0,0,0,3.92477e+08,0,3.49235e+07,-631540,631540
0,0,0,3.92477e+08,0,3.49253e+07,-631494,631494
0,0,0,3.92477e+08,0,3.49271e+07,-631449,631449
0,0,0,3.92477e+08,0,3.4929e+07,-631403,631403
0,0,0,3.92477e+08,0,3.49308e+07,-631358,631358
0,0,0,3.92477e+08,0,3.35727e+07,-666908,666908
0,0,0,3.92477e+08,0,3.35744e+07,-666865,666865
0,0,0,3.92477e+08,0,3.35762e+07,-666821,666821
0,0,0,3.92477e+08,0,3.35779e+07,-666777,666777
0,0,0,3.92477e+08,0,3.23817e+07,-698395,698395
0,0,0,3.92477e+08,0,3.23834e+07,-698353,698353
0,0,0,3.92477e+08,0,3.23851e+07,-698311,698311
0,0,0,3.92477e+08,0,3.23868e+07,-698270,698270
0,0,0,3.92477e+08,0,2.96138e+07,-769377,769377
0,0,0,3.92477e+08,0,2.96153e+07,-769339,769339
0,0,0,3.92477e+08,0,2.96168e+07,-769301,769301
0,0,0,3.92477e+08,0,2.96184e+07,-769263,769263
0,0,0,3.92477e+08,0,2.96199e+07,-769225,769225
0,0,0,3.92477e+08,0,3.05245e+07,-746729,746729
0,0,0,3.92477e+08,0,3.05259e+07,-746695,746695
0,0,0,3.92477e+08,0,3.05273e+07,-746661,746661
0,0,0,3.92477e+08,0,3.05286e+07,-746628,746628
0,0,0,3.92477e+08,0,3.37026e+07,-666333,666333
0,0,0,3.92477e+08,0,3.37041e+07,-666295,666295
0,0,0,3.92477e+08,0,3.37056e+07,-666258,666258
0,0,0,3.92477e+08,0,3.37071e+07,-666220,666220
0,0,0,3.92477e+08,0,2.93411e+07,-775944,775944
0,0,0,3.92477e+08,0,2.93424e+07,-775912,775912
0,0,0,3.92477e+08,0,2.93437e+07,-775879,775879
0,0,0,3.92477e+08,0,2.9345e+07,-775847,775847
0,0,0,3.92477e+08,0,2.93463e+07,-775814,775814
0,0,0,3.92477e+08,0,3.04294e+07,-748681,748681
0,0,0,3.92477e+08,0,3.04308e+07,-748647,748647
0,0,0,3.92477e+08,0,3.04321e+07,-748614,748614
0,0,0,3.92477e+08,0,3.04335e+07,-748580,748580
0,0,0,3.92477e+08,0,3.00134e+07,-759097,759097
0,0,0,3.92477e+08,0,3.00147e+07,-759064,759064
0,0,0,3.92477e+08,0,3.00161e+07,-759030,759030
0,0,0,3.92477e+08,0,3.00174e+07,-758997,758997
0,0,0,3.92477e+08,0,3.14859e+07,-722057,722057
0,0,0,3.92477e+08,0,3.14874e+07,-722022,722022
0,0,0,3.92477e+08,0,3.14888e+07,-721987,721987
0,0,0,3.92477e+08,0,3.14902e+07,-721952,721952
0,0,0,3.92477e+08,0,3.14916e+07,-721917,721917
0,0,0,3.92477e+08,0,3.18385e+07,-710172,710172
0,0,0,3.92477e+08,0,3.18399e+07,-710137,710137
0,0,0,3.92477e+08,0,3.18414e+07,-710101,710101
0,0,0,3.92477e+08,0,3.18428e+07,-710066,710066
0,0,0,3.92477e+08,0,3.25761e+07,-691705,691705
0,0,0,3.92477e+08,0,3.25775e+07,-691669,691669
0,0,0,3.92477e+08,0,3.2579e+07,-691632,691632
0,0,0,3.92477e+08,0,3.25804e+07,-691596,691596
0,0,0,3.92477e+08,0,3.50094e+07,-629396,629396
0,0,0,3.92477e+08,0,3.50109e+07,-629357,629357
0,0,0,3.92477e+08,0,3.50125e+07,-629318,629318
0,0,0,3.92477e+08,0,3.50141e+07,-629278,629278
0,0,0,3.92477e+08,0,3.50156e+07,-629239,629239
0,0,0,3.92477e+08,0,3.36539e+07,-664885,664885
0,0,0,3.92477e+08,0,3.36554e+07,-664848,664848
0,0,0,3.92477e+08,0,3.36569e+07,-664810,664810
0,0,0,3.92477e+08,0,3.36584e+07,-664773,664773
0,0,0,3.92477e+08,0,3.2459e+07,-696475,696475
0,0,0,3.92477e+08,0,3.24604e+07,-696439,696439
0,0,0,3.92477e+08,0,3.24619e+07,-696403,696403
0,0,0,3.92477e+08,0,3.24633e+07,-696367,696367
0,0,0,3.92477e+08,0,2.96833e+07,-767655,767655
0,0,0,3.92477e+08,0,2.96846e+07,-767622,767622
0,0,0,3.92477e+08,0,2.96859e+07,-767589,767589
0,0,0,3.92477e+08,0,2.96872e+07,-767557,767557
0,0,0,3.92477e+08,0,2.96885e+07,-767524,767524
0,0,0,3.92477e+08,0,3.05952e+07,-744979,744979
0,0,0,3.92477e+08,0,3.05963e+07,-744951,744951
0,0,0,3.92477e+08,0,3.05974e+07,-744922,744922
0,0,0,3.92477e+08,0,3.05986e+07,-744894,744894
0,0,0,3.92477e+08,0,3.37799e+07,-664413,664413
0,0,0,3.92477e+08,0,3.37811e+07,-664381,664381
0,0,0,3.92477e+08,0,3.37824e+07,-664350,664350
0,0,0,3.92477e+08,0,3.37837e+07,-664319,664319
0,0,0,3.92477e+08,0,2.94072e+07,-774307,774307
0,0,0,3.92477e+08,0,2.94083e+07,-774280,774280
0,0,0,3.92477e+08,0,2.94094e+07,-774253,774253
0,0,0,3.92477e+08,0,2.94105e+07,-774226,774226
0,0,0,3.92477e+08,0,2.94116e+07,-774198,774198
0,0,0,3.92477e+08,0,3.04969e+07,-747007,747007
0,0,0,3.92477e+08,0,3.0498e+07,-746979,746979
0,0,0,3.92477e+08,0,3.04992e+07,-746951,746951
0,0,0,3.92477e+08,0,3.05003e+07,-746923,746923
0,0,0,3.92477e+08,0,3.00791e+07,-757469,757469
0,0,0,3.92477e+08,0,3.00802e+07,-757441,757441
0,0,0,3.92477e+08,0,3.00813e+07,-757413,757413
0,0,0,3.92477e+08,0,3.00824e+07,-757386,757386
0,0,0,3.92477e+08,0,3.15541e+07,-720367,720367
0,0,0,3.92477e+08,0,3.15552e+07,-720338,720338
0,0,0,3.92477e+08,0,3.15564e+07,-720309,720309
0,0,0,3.92477e+08,0,3.15576e+07,-720279,720279
0,0,0,3.92477e+08,0,3.15588e+07,-720250,720250
0,0,0,3.92477e+08,0,3.19063e+07,-708485,708485
0,0,0,3.92477e+08,0,3.19075e+07,-708455,708455
0,0,0,3.92477e+08,0,3.19086e+07,-708425,708425
0,0,0,3.92477e+08,0,3.19098e+07,-708396,708396
0,0,0,3.92477e+08,0,3.26445e+07,-690000,690000
0,0,0,3.92477e+08,0,3.26457e+07,-689970,689970
0,0,0,3.92477e+08,0,3.26469e+07,-689939,689939
0,0,0,3.92477e+08,0,3.26481e+07,-689909,689909
0,0,0,3.92477e+08,0,3.50821e+07,-627581,627581
0,0,0,3.92477e+08,0,3.50834e+07,-627548,627548
0,0,0,3.92477e+08,0,3.50847e+07,-627515,627515
0,0,0,3.92477e+08,0,3.5086e+07,-627482,627482
0,0,0,3.92477e+08,0,3.50873e+07,-627449,627449
0,0,0,3.92477e+08,0,3.37224e+07,-663177,663177
0,0,0,3.92477e+08,0,3.37237e+07,-663146,663146
0,0,0,3.92477e+08,0,3.3725e+07,-663114,663114
0,0,0,3.92477e+08,0,3.37262e+07,-663083,663083
0,0,0,3.92477e+08,0,3.2524e+07,-694858,694858
0,0,0,3.92477e+08,0,3.25253e+07,-694827,694827
0,0,0,3.92477e+08,0,3.25265e+07,-694797,694797
0,0,0,3.92477e+08,0,3.25277e+07,-694767,694767
0,0,0,3.92477e+08,0,2.97417e+07,-766207,766207
0,0,0,3.92477e+08,0,2.97428e+07,-766180,766180
0,0,0,3.92477e+08,0,2.97439e+07,-766152,766152
0,0,0,3.92477e+08,0,2.9745e+07,-766125,766125
0,0,0,3.92477e+08,0,2.97461e+07,-766097,766097
0,0,0,3.92477e+08,0,3.06543e+07,-743512,743512
0,0,0,3.92477e+08,0,3.06553e+07,-743490,743490
0,0,0,3.92477e+08,0,3.06562e+07,-743467,743467
0,0,0,3.92477e+08,0,3.06571e+07,-743444,743444
0,0,0,3.92477e+08,0,3.38445e+07,-662808,662808
0,0,0,3.92477e+08,0,3.38455e+07,-662783,662783
0,0,0,3.92477e+08,0,3.38465e+07,-662758,662758
0,0,0,3.92477e+08,0,3.38475e+07,-662733,662733
0,0,0,3.92477e+08,0,2.94622e+07,-772942,772942
0,0,0,3.92477e+08,0,2.94631e+07,-772921,772921
0,0,0,3.92477e+08,0,2.9464e+07,-772899,772899
0,0,0,3.92477e+08,0,2.94649e+07,-772877,772877
0,0,0,3.92477e+08,0,2.94657e+07,-772855,772855
0,0,0,3.92477e+08,0,3.0553e+07,-745617,745617
0,0,0,3.92477e+08,0,3.05539e+07,-745595,745595
0,0,0,3.92477e+08,0,3.05548e+07,-745572,745572
0,0,0,3.92477e+08,0,3.05557e+07,-745549,745549
0,0,0,3.92477e+08,0,3.01334e+07,-756121,756121
0,0,0,3.92477e+08,0,3.01343e+07,-756098,756098
0,0,0,3.92477e+08,0,3.01352e+07,-756076,756076
0,0,0,3.92477e+08,0,3.01361e+07,-756054,756054
0,0,0,3.92477e+08,0,3.16103e+07,-718972,718972
0,0,0,3.92477e+08,0,3.16112e+07,-718949,718949
0,0,0,3.92477e+08,0,3.16122e+07,-718925,718925
0,0,0,3.92477e+08,0,3.16131e+07,-718901,718901
0,0,0,3.92477e+08,0,3.16141e+07,-718878,718878
0,0,0,3.92477e+08,0,3.1962e+07,-707097,707097
0,0,0,3.92477e+08,0,3.19629e+07,-707073,707073
0,0,0,3.92477e+08,0,3.19639e+07,-707049,707049
0,0,0,3.92477e+08,0,3.19649e+07,-707025,707025
0,0,0,3.92477e+08,0,3.27006e+07,-688603,688603
0,0,0,3.92477e+08,0,3.27016e+07,-688578,688578
0,0,0,3.92477e+08,0,3.27025e+07,-688554,688554
0,0,0,3.92477e+08,0,3.27035e+07,-688529,688529
0,0,0,3.92477e+08,0,3.51415e+07,-626097,626097
0,0,0,3.92477e+08,0,3.51426e+07,-626071,626071
0,0,0,3.92477e+08,0,3.51436e+07,-626045,626045
0,0,0,3.92477e+08,0,3.51447e+07,-626018,626018
0,0,0,3.92477e+08,0,3.51457e+07,-625992,625992
0,0,0,3.92477e+08,0,3.37782e+07,-661788,661788
0,0,0,3.92477e+08,0,3.37792e+07,-661762,661762
0,0,0,3.92477e+08,0,3.37803e+07,-661737,661737
0,0,0,3.92477e+08,0,3.37813e+07,-661712,661712
0,0,0,3.92477e+08,0,3.25768e+07,-693546,693546
0,0,0,3.92477e+08,0,3.25778e+07,-693522,693522
0,0,0,3.92477e+08,0,3.25787e+07,-693498,693498
0,0,0,3.92477e+08,0,3.25797e+07,-693473,693473
0,0,0,3.92477e+08,0,2.97889e+07,-765038,765038
0,0,0,3.92477e+08,0,2.97898e+07,-765016,765016
0,0,0,3.92477e+08,0,2.97906e+07,-764994,764994
0,0,0,3.92477e+08,0,2.97915e+07,-764972,764972
0,0,0,3.92477e+08,0,2.97924e+07,-764950,764950
0,0,0,3.92477e+08,0,3.07019e+07,-742334,742334
0,0,0,3.92477e+08,0,3.07026e+07,-742316,742316
0,0,0,3.92477e+08,0,3.07033e+07,-742299,742299
0,0,0,3.92477e+08,0,3.0704e+07,-742282,742282
0,0,0,3.92477e+08,0,3.38962e+07,-661524,661524
0,0,0,3.92477e+08,0,3.3897e+07,-661505,661505
0,0,0,3.92477e+08,0,3.38978e+07,-661486,661486
0,0,0,3.92477e+08,0,3.38985e+07,-661466,661466
0,0,0,3.92477e+08,0,2.95061e+07,-771854,771854
0,0,0,3.92477e+08,0,2.95068e+07,-771838,771838
0,0,0,3.92477e+08,0,2.95075e+07,-771821,771821
0,0,0,3.92477e+08,0,2.95081e+07,-771805,771805
0,0,0,3.92477e+08,0,2.95088e+07,-771788,771788
0,0,0,3.92477e+08,0,3.05975e+07,-744514,744514
0,0,0,3.92477e+08,0,3.05981e+07,-744497,744497
0,0,0,3.92477e+08,0,3.05988e+07,-744480,744480
0,0,0,3.92477e+08,0,3.05995e+07,-744463,744463
0,0,0,3.92477e+08,0,3.01764e+07,-755056,755056
0,0,0,3.92477e+08,0,3.01771e+07,-755039,755039
0,0,0,3.92477e+08,0,3.01778e+07,-755022,755022
0,0,0,3.92477e+08,0,3.01784e+07,-755005,755005
0,0,0,3.92477e+08,0,3.16545e+07,-717875,717875
0,0,0,3.92477e+08,0,3.16552e+07,-717857,717857
0,0,0,3.92477e+08,0,3.16559e+07,-717839,717839
0,0,0,3.92477e+08,0,3.16567e+07,-717821,717821
0,0,0,3.92477e+08,0,3.16574e+07,-717804,717804
0,0,0,3.92477e+08,0,3.20055e+07,-706012,706012
0,0,0,3.92477e+08,0,3.20063e+07,-705994,705994
0,0,0,3.92477e+08,0,3.2007e+07,-705975,705975
0,0,0,3.92477e+08,0,3.20077e+07,-705957,705957
0,0,0,3.92477e+08,0,3.27442e+07,-687515,687515
0,0,0,3.92477e+08,0,3.2745e+07,-687497,687497
0,0,0,3.92477e+08,0,3.27457e+07,-687478,687478
0,0,0,3.92477e+08,0,3.27465e+07,-687460,687460
0,0,0,3.92477e+08,0,3.51875e+07,-624949,624949
0,0,0,3.92477e+08,0,3.51883e+07,-624929,624929
0,0,0,3.92477e+08,0,3.51891e+07,-624909,624909
0,0,0,3.92477e+08,0,3.51899e+07,-624889,624889
0,0,0,3.92477e+08,0,3.51907e+07,-624869,624869
0,0,0,3.92477e+08,0,3.38211e+07,-660719,660719
0,0,0,3.92477e+08,0,3.38219e+07,-660700,660700
0,0,0,3.92477e+08,0,3.38227e+07,-660681,660681
0,0,0,3.92477e+08,0,3.38234e+07,-660661,660661
0,0,0,3.92477e+08,0,3.26171e+07,-692543,692543
0,0,0,3.92477e+08,0,3.26179e+07,-692525,692525
0,0,0,3.92477e+08,0,3.26186e+07,-692506,692506
0,0,0,3.92477e+08,0,3.26194e+07,-692488,692488
0,0,0,3.92477e+08,0,2.98248e+07,-764149,764149
0,0,0,3.92477e+08,0,2.98254e+07,-764132,764132
0,0,0,3.92477e+08,0,2.98261e+07,-764115,764115
0,0,0,3.92477e+08,0,2.98268e+07,-764099,764099
0,0,0,3.92477e+08,0,2.98274e+07,-764082,764082
0,0,0,3.92477e+08,0,3.07378e+07,-741444,741444
0,0,0,3.92477e+08,0,3.07383e+07,-741432,741432
0,0,0,3.92477e+08,0,3.07388e+07,-741420,741420
0,0,0,3.92477e+08,0,3.07392e+07,-741409,741409
0,0,0,3.92477e+08,0,3.3935e+07,-660560,660560
0,0,0,3.92477e+08,0,3.39356e+07,-660547,660547
0,0,0,3.92477e+08,0,3.39361e+07,-660534,660534
0,0,0,3.92477e+08,0,3.39366e+07,-660521,660521
0,0,0,3.92477e+08,0,2.95389e+07,-771043,771043
0,0,0,3.92477e+08,0,2.90307e+07,-1.2797e+06,1.2797e+06
0,0,0,3.92477e+08,0,2.90311e+07,-1.27969e+06,1.27969e+06
0,0,0,3.92477e+08,0,2.90315e+07,-1.27969e+06,1.27969e+06
0,0,0,3.92477e+08,0,2.9032e+07,-1.27969e+06,1.27969e+06
0,0,0,3.92477e+08,0,3.0102e+07,-1.27201e+06,1.27201e+06
0,0,0,3.92477e+08,0,3.01025e+07,-1.272e+06,1.272e+06
0,0,0,3.92477e+08,0,3.0103e+07,-1.272e+06,1.272e+06
0,0,0,3.92477e+08,0,3.01034e+07,-1.272e+06,1.272e+06
0,0,0,3.92477e+08,0,2.96872e+07,-1.27498e+06,1.27498e+06
0,0,0,3.92477e+08,0,2.96877e+07,-1.27497e+06,1.27497e+06
0,0,0,3.92477e+08,0,2.96881e+07,-1.27497e+06,1.27497e+06
0,0,0,3.92477e+08,0,2.96886e+07,-1.27497e+06,1.27497e+06
0,0,0,3.92477e+08,0,3.16867e+07,-717075,717075
0,0,0,3.92477e+08,0,3.16872e+07,-717063,717063
0,0,0,3.92477e+08,0,3.16877e+07,-717051,717051
0,0,0,3.92477e+08,0,3.16882e+07,-717039,717039
0,0,0,3.92477e+08,0,3.16887e+07,-717027,717027
0,0,0,3.92477e+08,0,3.2037e+07,-705228,705228
0,0,0,3.92477e+08,0,3.20375e+07,-705216,705216
0,0,0,3.92477e+08,0,3.2038e+07,-705204,705204
0,0,0,3.92477e+08,0,3.20385e+07,-705192,705192
0,0,0,3.92477e+08,0,3.27755e+07,-686737,686737
0,0,0,3.92477e+08,0,3.2776e+07,-686724,686724
0,0,0,3.92477e+08,0,3.27765e+07,-686712,686712
0,0,0,3.92477e+08,0,3.2777e+07,-686699,686699
0,0,0,3.92477e+08,0,3.52201e+07,-624134,624134
0,0,0,3.92477e+08,0,3.52207e+07,-624121,624121
0,0,0,3.92477e+08,0,3.52212e+07,-624107,624107
0,0,0,3.92477e+08,0,3.52218e+07,-624093,624093
0,0,0,3.92477e+08,0,3.52223e+07,-624080,624080
0,0,0,3.92477e+08,0,3.38512e+07,-659969,659969
0,0,0,3.92477e+08,0,3.38517e+07,-659956,659956
0,0,0,3.92477e+08,0,3.38523e+07,-659943,659943
0,0,0,3.92477e+08,0,3.38528e+07,-659930,659930
0,0,0,3.92477e+08,0,3.26452e+07,-691847,691847
0,0,0,3.92477e+08,0,3.26457e+07,-691834,691834
0,0,0,3.92477e+08,0,3.26462e+07,-691822,691822
0,0,0,3.92477e+08,0,3.26467e+07,-691809,691809
0,0,0,3.92477e+08,0,2.98494e+07,-763538,763538
0,0,0,3.92477e+08,0,2.98499e+07,-763526,763526
0,0,0,3.92477e+08,0,2.98503e+07,-763515,763515
0,0,0,3.92477e+08,0,2.98508e+07,-763504,763504
0,0,0,3.92477e+08,0,2.98512e+07,-763492,763492
0,0,0,3.92477e+08,0,2.98512e+07,-763492,763492
0,0,0,3.92477e+08,0,3.07622e+07,-740841,740841
0,0,0,3.92477e+08,0,3.07624e+07,-740834,740834
0,0,0,3.92477e+08,0,3.07627e+07,-740828,740828
0,0,0,3.92477e+08,0,3.07629e+07,-740822,740822
0,0,0,3.92477e+08,0,3.3961e+07,-659914,659914
0,0,0,3.92477e+08,0,3.39613e+07,-659907,659907
0,0,0,3.92477e+08,0,3.39616e+07,-659900,659900
0,0,0,3.92477e+08,0,3.39619e+07,-659893,659893
0,0,0,3.92477e+08,0,2.95605e+07,-770506,770506
0,0,0,3.92477e+08,0,2.95608e+07,-770500,770500
0,0,0,3.92477e+08,0,2.9561e+07,-770494,770494
0,0,0,3.92477e+08,0,2.95613e+07,-770488,770488
0,0,0,3.92477e+08,0,2.95615e+07,-770482,770482
0,0,0,3.92477e+08,0,3.06517e+07,-743168,743168
0,0,0,3.92477e+08,0,3.0652e+07,-743162,743162
0,0,0,3.92477e+08,0,3.06522e+07,-743156,743156
0,0,0,3.92477e+08,0,3.06525e+07,-743149,743149
0,0,0,3.92477e+08,0,3.02282e+07,-753772,753772
0,0,0,3.92477e+08,0,3.02284e+07,-753766,753766
0,0,0,3.92477e+08,0,3.02287e+07,-753760,753760
0,0,0,3.92477e+08,0,3.02289e+07,-753754,753754
0,0,0,3.92477e+08,0,3.17071e+07,-716570,716570
0,0,0,3.92477e+08,0,3.17074e+07,-716564,716564
0,0,0,3.92477e+08,0,3.17076e+07,-716557,716557
0,0,0,3.92477e+08,0,3.17079e+07,-716551,716551
0,0,0,3.92477e+08,0,3.17081e+07,-716544,716544
0,0,0,3.92477e+08,0,3.20564e+07,-704744,704744
0,0,0,3.92477e+08,0,3.20567e+07,-704737,704737
0,0,0,3.92477e+08,0,3.20569e+07,-704731,704731
0,0,0,3.92477e+08,0,3.20572e+07,-704724,704724
0,0,0,3.92477e+08,0,3.27944e+07,-686264,686264
0,0,0,3.92477e+08,0,3.27947e+07,-686258,686258
0,0,0,3.92477e+08,0,3.2795e+07,-686251,686251
0,0,0,3.92477e+08,0,3.27952e+07,-686244,686244
0,0,0,3.92477e+08,0,3.52396e+07,-623649,623649
0,0,0,3.92477e+08,0,3.52398e+07,-623642,623642
0,0,0,3.92477e+08,0,3.52401e+07,-623635,623635
0,0,0,3.92477e+08,0,3.52404e+07,-623627,623627
0,0,0,3.92477e+08,0,3.52407e+07,-623620,623620
0,0,0,3.92477e+08,0,3.38686e+07,-659535,659535
0,0,0,3.92477e+08,0,3.38689e+07,-659528,659528
0,0,0,3.92477e+08,0,3.38692e+07,-659521,659521
0,0,0,3.92477e+08,0,3.38695e+07,-659514,659514
0,0,0,3.92477e+08,0,3.2661e+07,-691453,691453
0,0,0,3.92477e+08,0,3.26613e+07,-691446,691446
0,0,0,3.92477e+08,0,3.26616e+07,-691439,691439
0,0,0,3.92477e+08,0,3.26618e+07,-691433,691433
0,0,0,3.92477e+08,0,2.9863e+07,-763201,763201
0,0,0,3.92477e+08,0,2.98632e+07,-763195,763195
0,0,0,3.92477e+08,0,2.98635e+07,-763189,763189
0,0,0,3.92477e+08,0,2.98637e+07,-763183,763183
0,0,0,3.92477e+08,0,2.9864e+07,-763177,763177
0,0,0,3.92477e+08,0,3.07751e+07,-740520,740520
0,0,0,3.92477e+08,0,3.07751e+07,-740520,740520
0,0,0,3.92477e+08,0,3.07751e+07,-740519,740519
0,0,0,3.92477e+08,0,3.07752e+07,-740518,740518
0,0,0,3.92477e+08,0,3.39744e+07,-659583,659583
0,0,0,3.92477e+08,0,3.39744e+07,-659582,659582
0,0,0,3.92477e+08,0,3.39745e+07,-659581,659581
0,0,0,3.92477e+08,0,3.39745e+07,-659580,659580
0,0,0,3.92477e+08,0,2.95712e+07,-770240,770240
0,0,0,3.92477e+08,0,2.9062e+07,-1.27948e+06,1.27948e+06
0,0,0,3.92477e+08,0,2.90621e+07,-1.27948e+06,1.27948e+06
0,0,0,3.92477e+08,0,2.90621e+07,-1.27948e+06,1.27948e+06
0,0,0,3.92477e+08,0,2.90621e+07,-1.27948e+06,1.27948e+06
0,0,0,3.92477e+08,0,3.01329e+07,-1.27179e+06,1.27179e+06
0,0,0,3.92477e+08,0,3.01329e+07,-1.27179e+06,1.27179e+06
0,0,0,3.92477e+08,0,3.0133e+07,-1.27179e+06,1.27179e+06
0,0,0,3.92477e+08,0,3.0133e+07,-1.27179e+06,1.27179e+06
0,0,0,3.92477e+08,0,2.9716e+07,-1.27478e+06,1.27478e+06
0,0,0,3.92477e+08,0,2.9716e+07,-1.27478e+06,1.27478e+06
0,0,0,3.92477e+08,0,2.9716e+07,-1.27478e+06,1.27478e+06
0,0,0,3.92477e+08,0,3.02373e+07,-753546,753546
0,0,0,3.92477e+08,0,3.17157e+07,-716357,716357
0,0,0,3.92477e+08,0,3.11679e+07,-1.26421e+06,1.26421e+06
0,0,0,3.92477e+08,0,3.17158e+07,-716355,716355
0,0,0,3.92477e+08,0,3.17158e+07,-716354,716354
0,0,0,3.92477e+08,0,3.17158e+07,-716353,716353
0,0,0,3.92477e+08,0,3.2064e+07,-704556,704556
0,0,0,3.92477e+08,0,3.2064e+07,-704555,704555
0,0,0,3.92477e+08,0,3.2064e+07,-704554,704554
0,0,0,3.92477e+08,0,3.20641e+07,-704553,704553
0,0,0,3.92477e+08,0,3.28012e+07,-686095,686095
0,0,0,3.92477e+08,0,3.28013e+07,-686094,686094
0,0,0,3.92477e+08,0,3.28013e+07,-686093,686093
0,0,0,3.92477e+08,0,3.28013e+07,-686092,686092
0,0,0,3.92477e+08,0,3.52459e+07,-623491,623491
847779,0,0,3.92477e+08,0,3.39584e+07,847779,0
1.69556e+06,0,0,3.92477e+08,0,3.39585e+07,847780,0
2.54334e+06,0,0,3.92477e+08,0,3.39585e+07,847781,0
3.39112e+06,0,0,3.92477e+08,0,3.39585e+07,847782,0
4.20298e+06,0,0,3.92477e+08,0,3.2586e+07,811856,0
5.01484e+06,0,0,3.92477e+08,0,3.25861e+07,811857,0
5.82669e+06,0,0,3.92477e+08,0,3.25861e+07,811858,0
6.63855e+06,0,0,3.92477e+08,0,3.25861e+07,811859,0
7.41846e+06,0,0,3.92477e+08,0,3.13773e+07,779910,0
8.19837e+06,0,0,3.92477e+08,0,3.13773e+07,779911,0
8.97829e+06,0,0,3.92477e+08,0,3.13773e+07,779912,0
9.7582e+06,0,0,3.92477e+08,0,3.13774e+07,779913,0
1.04663e+07,0,0,3.92477e+08,0,2.85781e+07,708132,0
1.11745e+07,0,0,3.92477e+08,0,2.85781e+07,708133,0
1.18826e+07,0,0,3.92477e+08,0,2.85781e+07,708134,0
1.25907e+07,0,0,3.92477e+08,0,2.85782e+07,708135,0
1.32989e+07,0,0,3.92477e+08,0,2.85782e+07,708135,0
1.40297e+07,0,0,3.92477e+08,0,2.94891e+07,730788,0
1.47604e+07,0,0,3.92477e+08,0,2.9489e+07,730783,0
1.54912e+07,0,0,3.92477e+08,0,2.94888e+07,730779,0
1.6222e+07,0,0,3.92477e+08,0,2.94886e+07,730774,0
1.70337e+07,0,0,3.92477e+08,0,3.26877e+07,811706,0
1.63741e+07,0,0,3.92477e+08,0,3.39749e+07,-659569,0
1.57146e+07,0,0,3.92477e+08,0,3.39747e+07,-659574,0
1.5055e+07,0,0,3.92477e+08,0,3.39745e+07,-659579,0
1.42847e+07,0,0,3.92477e+08,0,2.95711e+07,-770245,0
1.35145e+07,0,0,3.92477e+08,0,2.95709e+07,-770250,0
1.27442e+07,0,0,3.92477e+08,0,2.95707e+07,-770254,0
1.1974e+07,0,0,3.92477e+08,0,2.95705e+07,-770258,0
1.12037e+07,0,0,3.92477e+08,0,2.95703e+07,-770263,0
1.04608e+07,0,0,3.92477e+08,0,3.06605e+07,-742951,0
9.7178e+06,0,0,3.92477e+08,0,3.06603e+07,-742956,0
8.97484e+06,0,0,3.92477e+08,0,3.06601e+07,-742960,0
8.23187e+06,0,0,3.92477e+08,0,3.06599e+07,-742965,0
7.47827e+06,0,0,3.92477e+08,0,3.02351e+07,-753601,0
6.72467e+06,0,0,3.92477e+08,0,3.02349e+07,-753606,0
5.97106e+06,0,0,3.92477e+08,0,3.02347e+07,-753610,0
5.21744e+06,0,0,3.92477e+08,0,3.02345e+07,-753614,0
4.50101e+06,0,0,3.92477e+08,0,3.17126e+07,-716435,0
3.78457e+06,0,0,3.92477e+08,0,3.17124e+07,-716439,0
3.06812e+06,0,0,3.92477e+08,0,3.17122e+07,-716444,0
2.35167e+06,0,0,3.92477e+08,0,3.1712e+07,-716449,0
1.63522e+06,0,0,3.92477e+08,0,3.17118e+07,-716454,0
930558,0,0,3.92477e+08,0,3.20597e+07,-704663,0
225890,0,0,3.92477e+08,0,3.20595e+07,-704668,0
0,0,0,3.92477e+08,0,3.20593e+07,-704673,252893
0,0,0,3.92477e+08,0,3.20591e+07,-704678,704678
0,0,0,3.92477e+08,0,3.27959e+07,-686228,686228
0,0,0,3.92477e+08,0,3.27957e+07,-686233,686233
0,0,0,3.92477e+08,0,3.27955e+07,-686238,686238
0,0,0,3.92477e+08,0,3.27953e+07,-686243,686243
0,0,0,3.92477e+08,0,3.52391e+07,-623660,623660
0,0,0,3.92477e+08,0,3.52389e+07,-623666,623666
0,0,0,3.92477e+08,0,3.52387e+07,-623671,623671
0,0,0,3.92477e+08,0,3.52385e+07,-623676,623676
0,0,0,3.92477e+08,0,3.52383e+07,-623682,623682
0,0,0,3.92477e+08,0,3.38658e+07,-659606,659606
0,0,0,3.92477e+08,0,3.38656e+07,-659611,659611
0,0,0,3.92477e+08,0,3.38654e+07,-659616,659616
0,0,0,3.92477e+08,0,3.38652e+07,-659621,659621
0,0,0,3.92477e+08,0,3.26564e+07,-691567,691567
0,0,0,3.92477e+08,0,3.26562e+07,-691572,691572
0,0,0,3.92477e+08,0,3.2656e+07,-691577,691577
0,0,0,3.92477e+08,0,3.26558e+07,-691582,691582
0,0,0,3.92477e+08,0,2.98571e+07,-763347,763347
0,0,0,3.92477e+08,0,2.98569e+07,-763351,763351
0,0,0,3.92477e+08,0,2.98568e+07,-763356,763356
0,0,0,3.92477e+08,0,2.98566e+07,-763360,763360
0,0,0,3.92477e+08,0,2.98564e+07,-763365,763365
0,0,0,3.92477e+08,0,3.07668e+07,-740725,740725
0,0,0,3.92477e+08,0,3.07664e+07,-740735,740735
0,0,0,3.92477e+08,0,3.0766e+07,-740745,740745
0,0,0,3.92477e+08,0,3.07656e+07,-740755,740755
0,0,0,3.92477e+08,0,3.39633e+07,-659858,659858
0,0,0,3.92477e+08,0,3.39629e+07,-659869,659869
0,0,0,3.92477e+08,0,3.39624e+07,-659880,659880
0,0,0,3.92477e+08,0,3.3962e+07,-659891,659891
0,0,0,3.92477e+08,0,2.956e+07,-770520,770520
0,0,0,3.92477e+08,0,2.95596e+07,-770529,770529
0,0,0,3.92477e+08,0,2.95592e+07,-770539,770539
0,0,0,3.92477e+08,0,2.95588e+07,-770548,770548
0,0,0,3.92477e+08,0,2.95584e+07,-770558,770558
0,0,0,3.92477e+08,0,3.06479e+07,-743263,743263
0,0,0,3.92477e+08,0,3.06475e+07,-743273,743273
0,0,0,3.92477e+08,0,3.06471e+07,-743283,743283
0,0,0,3.92477e+08,0,3.06467e+07,-743293,743293
0,0,0,3.92477e+08,0,3.02218e+07,-753929,753929
0,0,0,3.92477e+08,0,3.02214e+07,-753939,753939
0,0,0,3.92477e+08,0,3.0221e+07,-753949,753949
0,0,0,3.92477e+08,0,3.02207e+07,-753959,753959
0,0,0,3.92477e+08,0,3.16977e+07,-716802,716802
754457,0,0,3.92477e+08,0,3.04098e+07,754457,0
1.5089e+06,0,0,3.92477e+08,0,3.04094e+07,754447,0
2.26334e+06,0,0,3.92477e+08,0,3.0409e+07,754437,0
3.01777e+06,0,0,3.92477e+08,0,3.04086e+07,754427,0
3.78397e+06,0,0,3.92477e+08,0,3.07561e+07,766205,0
4.55017e+06,0,0,3.92477e+08,0,3.07556e+07,766195,0
5.31635e+06,0,0,3.92477e+08,0,3.07552e+07,766184,0
6.08253e+06,0,0,3.92477e+08,0,3.07548e+07,766174,0
6.86713e+06,0,0,3.92477e+08,0,3.1491e+07,784607,0
7.65173e+06,0,0,3.92477e+08,0,3.14905e+07,784597,0
8.43632e+06,0,0,3.92477e+08,0,3.14901e+07,784586,0
9.22089e+06,0,0,3.92477e+08,0,3.14897e+07,784575,0
1.0068e+07,0,0,3.92477e+08,0,3.39318e+07,847116,0
1.09151e+07,0,0,3.92477e+08,0,3.39314e+07,847104,0
1.17622e+07,0,0,3.92477e+08,0,3.39309e+07,847093,0
1.26093e+07,0,0,3.92477e+08,0,3.39305e+07,847081,0
1.34564e+07,0,0,3.92477e+08,0,3.393e+07,847070,0
1.42675e+07,0,0,3.92477e+08,0,3.25581e+07,811161,0
1.50787e+07,0,0,3.92477e+08,0,3.25577e+07,811150,0
1.58898e+07,0,0,3.92477e+08,0,3.25572e+07,811139,0
1.67009e+07,0,0,3.92477e+08,0,3.25568e+07,811128,0
1.74801e+07,0,0,3.92477e+08,0,3.13486e+07,779197,0
1.82593e+07,0,0,3.92477e+08,0,3.13482e+07,779186,0
1.90385e+07,0,0,3.92477e+08,0,3.13477e+07,779176,0
