0volume,0demand,0up_spill,0ww_inflow,0catch_inflow,0evap,0ds_spill,0treat_cap,1volume,1demand,1up_spill,1ww_inflow,1catch_inflow,1evap,1ds_spill,1treat_cap,2volume,2s_area,2demand,2up_spill,2ww_inflow,2catch_inflow,2evap,2ds_spill,2treat_cap,2valloc_0,2talloc_0,2valloc_1,2talloc_1,3volume,3demand,3up_spill,3ww_inflow,3catch_inflow,3evap,3ds_spill,3treat_cap,3valloc_1,3talloc_1,3valloc_2,3talloc_2,4demand,4up_spill,4ww_inflow,4catch_inflow,4ds_spill,4treat_cap,11volume,11s_area,11demand,11up_spill,11ww_inflow,11catch_inflow,11evap,11ds_spill,11treat_cap
72.29,1.84028,0,0,5.09576,0.297927,2.95756,3.6288,61.308,0,0,0,1.46977,0.226362,1.24341,0.66528,12.849,1,0.327095,2.95756,0,107.616,4.32284,105.924,0.84672,12.849,0.84672,3695.15,0,36.966,0.0415766,1.98027,0,8.82153,1.09115,9.66907,0.42336,36.966,0.42336,423.524,0,1.69344,0,0,3.67371,1.98027,1.028160,1,0,116.836,0,0,0,116.836,0
72.29,1.85867,0,0,6.62148,0.316289,4.44653,3.6288,61.308,0.428367,0,0,1.79081,0.215206,1.14724,0.66528,12.849,1,0.330364,4.44653,0,178.152,4.50077,177.767,0.84672,12.849,0.84672,3695.15,0,36.966,0.258286,3.7208,1.74664,10.2162,1.11114,14.3142,0.42336,36.966,0.42336,423.524,0,1.02816,0,0,4.74896,3.7208,1.028160,1,0,193.228,0,0,0,193.228,0
72.29,1.8599,0,0,6.64183,0.299904,4.48202,3.6288,61.308,0.428367,0,0,1.85261,0.202804,1.22144,0.66528,12.849,1,0.330583,4.48202,0,107.54,4.072,107.62,0.84672,12.849,0.84672,3695.15,0,36.966,0.258286,3.77906,1.73509,9.4627,1.05757,13.661,0.42336,36.966,0.42336,423.524,0,1.02816,0,0,4.80722,3.77906,1.028160,1,0,122.502,0,0,0,122.502,0
72.29,1.86113,0,0,7.11788,0.299904,4.95684,3.6288,61.308,0.428367,0,0,2.46936,0.202804,1.83819,0.66528,12.849,1,0.330802,4.95684,0,125.932,4.072,126.486,0.84672,12.849,0.84672,3695.15,0,36.966,0.258286,4.79839,1.73536,12.442,1.05757,17.6599,0.42336,36.966,0.42336,423.524,0,1.02816,0,0,5.82655,4.79839,1.028160,1,0,145.984,0,0,0,145.984,0
72.29,2.06721,0,0,5.01903,0.290856,2.66096,3.6288,61.308,0.533608,0,0,1.4788,0.193207,0.751982,0.66528,12.849,1,0.367432,2.66096,0,106.597,4.1632,104.727,0.84672,12.849,0.84672,3695.15,0,36.966,0.321742,2.65091,1.73563,9.05999,1.06591,12.0589,0.42336,36.966,0.42336,423.524,0,1.02816,0,0,3.67907,2.65091,1.028160,1,0,117.538,0,0,0,117.538,0
72.208,2.21176,0,0,2.77673,0.28407,0.36288,3.6288,61.308,0.428407,0,0,1.12856,0.186008,0.514142,0.66528,12.849,1,0.393124,0.36288,0,53.9939,4.23161,49.732,0.84672,12.849,0.84672,3695.15,0,36.966,0.25831,1.93328,1.91145,4.83345,1.07216,7.34771,0.42336,36.966,0.42336,423.524,0,1.02816,0,0,2.96144,1.93328,1.028160,1,0,57.5939,0,0,0,57.5939,0
71.5904,2.21275,0,0,2.24186,0.283893,0.36288,3.6288,61.308,0.428407,0,0,1.07348,0.186008,0.459062,0.66528,12.849,1,0.393746,0.36288,0,44.3249,4.23161,40.0625,0.84672,12.849,0.84672,3695.15,0,36.966,0.25831,0.841355,1.81307,3.83408,1.07216,5.15803,0.42336,36.966,0.42336,423.524,0,1.02816,0,0,1.86951,0.841355,1.028160,1,0,45.6795,0,0,0,45.6795,0
72.29,2.21123,0,0,3.77384,0.282562,0.580412,3.6288,61.308,0.428407,0,0,1.4495,0.186008,0.835083,0.66528,12.849,1,0.39687,0.580412,0,92.0718,4.23161,88.0238,0.84672,12.849,0.84672,3695.15,0,36.966,0.25831,1.25274,1.81337,10.5021,1.07216,12.2377,0.42336,36.966,0.42336,423.524,0,1.02816,0,0,2.2809,1.25274,1.028160,1,0,101.097,0,0,0,101.097,0
72.29,1.92325,0,0,5.9039,0.326046,3.65461,3.6288,61.308,0.286962,0,0,2.40748,0.179374,1.94114,0.66528,12.849,1,0.341843,3.65461,0,136.271,4.00191,135.582,0.84672,12.849,0.84672,3695.15,0,36.966,0.173025,3.45979,1.81367,10.0024,0.982636,14.1202,0.42336,36.966,0.42336,423.524,0,1.02816,0,0,4.48795,3.45979,1.028160,1,0,151.643,0,0,0,151.643,0
72.29,1.75982,0,0,6.2205,0.357646,4.10303,3.6288,61.308,0.407909,0,0,1.97096,0.188113,1.37494,0.66528,12.849,1,0.312795,4.10303,0,99.0939,3.94485,98.9393,0.84672,12.849,0.84672,3695.15,0,36.966,0.245951,3.24969,1.57422,10.2292,0.971089,13.8361,0.42336,36.966,0.42336,423.524,0,1.02816,0,0,4.27785,3.24969,1.028160,1,0,114.15,0,0,0,114.15,0
72.29,1.76057,0,0,4.91994,0.357646,2.80173,3.6288,61.308,0.408229,0,0,1.44529,0.188113,0.848949,0.66528,12.849,1,0.312928,2.80173,0,105.308,3.94485,103.852,0.84672,12.849,0.84672,3695.15,0,36.966,0.246144,1.96068,1.68794,7.78334,0.971089,10.2147,0.42336,36.966,0.42336,423.524,0,1.02816,0,0,2.98884,1.96068,1.028160,1,0,114.915,0,0,0,114.915,0
72.29,1.76132,0,0,3.3911,0.33499,1.29479,3.6288,61.308,0.408549,0,0,0.990438,0.17608,0.405808,0.66528,12.849,1,0.313061,1.29479,0,84.7074,3.77046,81.9187,0.84672,12.849,0.84672,3695.15,0,36.966,0.246337,1.45401,1.6885,6.95347,0.946038,8.9036,0.42336,36.966,0.42336,423.524,0,1.02816,0,0,2.48217,1.45401,1.028160,1,0,91.2281,0,0,0,91.2281,0
72.29,1.76207,0,0,5.10783,0.284606,3.06115,3.6288,61.308,0.408869,0,0,1.38083,0.148922,0.823036,0.66528,12.849,1,0.313195,3.06115,0,97.162,3.42099,96.489,0.84672,12.849,0.84672,3695.15,0,36.966,0.24653,2.16631,1.68906,7.9812,0.880286,10.7098,0.42336,36.966,0.42336,423.524,0,1.02816,0,0,3.19447,2.16631,1.028160,1,0,108.022,0,0,0,108.022,0
72.29,1.83661,0,0,4.81335,0.322145,2.65459,3.6288,61.308,0.443857,0,0,1.74262,0.166464,1.1323,0.66528,12.849,1,0.326444,2.65459,0,117.441,3.94002,115.829,0.84672,12.849,0.84672,3695.15,0,36.966,0.267626,2.40062,1.68962,11.7373,0.861539,14.6983,0.42336,36.966,0.42336,423.524,0,1.02816,0,0,3.42878,2.40062,1.028160,1,0,131.66,0,0,0,131.66,0
72.29,1.85893,0,0,4.19664,0.322145,2.01557,3.6288,61.308,0.428368,0,0,1.95039,0.166464,1.35556,0.66528,12.849,1,0.33041,2.01557,0,81.5668,3.94002,79.3119,0.84672,12.849,0.84672,3695.15,0,36.966,0.258287,2.74429,1.7494,8.61209,0.861539,11.986,0.42336,36.966,0.42336,423.524,0,1.02816,0,0,3.77245,2.74429,1.028160,1,0,92.6534,0,0,0,92.6534,0
72.29,1.86016,0,0,3.90693,0.331292,1.71548,3.6288,61.308,0.428368,0,0,2.22113,0.157642,1.63512,0.66528,12.849,1,0.330629,1.71548,0,73.8806,3.72375,71.5417,0.84672,12.849,0.84672,3695.15,0,36.966,0.258287,2.94951,1.73515,11.8085,0.820419,15.4145,0.42336,36.966,0.42336,423.524,0,1.02816,0,0,3.97767,2.94951,1.028160,1,0,88.5914,0,0,0,88.5914,0
72.29,1.86139,0,0,3.44282,0.29573,1.2857,3.6288,61.308,0.428368,0,0,2.30092,0.173941,1.69861,0.66528,12.849,1,0.330848,1.2857,0,69.2626,3.93886,66.2785,0.84672,12.849,0.84672,3695.15,0,36.966,0.258287,3.09284,1.73542,9.15218,0.857028,12.8651,0.42336,36.966,0.42336,423.524,0,1.02816,0,0,4.121,3.09284,1.028160,1,0,80.8423,0,0,0,80.8423,0
72.29,1.83373,0,0,2.68914,0.262928,0.592482,3.6288,61.308,0.414884,0,0,1.44384,0.211471,0.817484,0.66528,12.849,1,0.325932,0.592482,0,58.8349,3.75049,55.3509,0.84672,12.849,0.84672,3695.15,0,36.966,0.250156,1.60498,1.73569,5.66692,1.00929,7.74814,0.42336,36.966,0.42336,423.524,0,1.02816,0,0,2.63314,1.60498,1.028160,1,0,63.9165,0,0,0,63.9165,0
72.2608,1.8166,0,0,2.40773,0.257461,0.36288,3.6288,61.308,0.428363,0,0,1.47882,0.217726,0.832733,0.66528,12.849,1,0.322887,0.36288,0,54.2104,3.7191,50.5313,0.84672,12.849,0.84672,3695.15,0,36.966,0.258284,1.54567,1.71289,5.53163,1.03467,7.49724,0.42336,36.966,0.42336,423.524,0,1.02816,0,0,2.57383,1.54567,1.028160,1,0,58.8612,0,0,0,58.8612,0
72.29,1.8177,0,0,2.72252,0.251324,0.624291,3.6288,61.308,0.428363,0,0,1.30396,0.220693,0.654901,0.66528,12.849,1,0.323214,0.624291,0,57.4217,3.95303,53.7698,0.84672,12.849,0.84672,3695.15,0,36.966,0.258284,1.30006,1.7258,7.04151,1.04389,8.7652,0.42336,36.966,0.42336,423.524,0,1.02816,0,0,2.32822,1.30006,1.028160,1,0,63.1899,0,0,0,63.1899,0
72.202,1.81903,0,0,2.30883,0.214887,0.36288,3.6288,61.308,0.428363,0,0,1.27963,0.238497,0.612767,0.66528,12.849,1,0.323319,0.36288,0,47.9774,5.35657,42.6604,0.84672,12.849,0.84672,3695.15,0,36.966,0.258284,1.37758,1.72607,5.62772,1.09922,7.37386,0.42336,36.966,0.42336,423.524,0,1.02816,0,0,2.40574,1.37758,1.028160,1,0,50.647,0,0,0,50.647,0
71.9359,1.91812,0,0,2.17494,0.160053,0.36288,3.6288,61.308,0.476253,0,0,1.20751,0.25621,0.475046,0.66528,12.849,1,0.341347,0.36288,0,39.3113,5.39154,33.9413,0.84672,12.849,0.84672,3695.15,0,36.966,0.28716,1.02661,1.72634,4.93157,1.21284,6.18452,0.42336,36.966,0.42336,423.524,0,1.02816,0,0,2.05477,1.02661,1.028160,1,0,40.6009,0,0,0,40.6009,0
71.4895,1.98343,0,0,2.06109,0.16124,0.36288,3.6288,61.308,0.428381,0,0,1.03405,0.229778,0.375893,0.66528,12.849,1,0.354276,0.36288,0,41.056,4.37682,36.6878,0.84672,12.849,0.84672,3695.15,0,36.966,0.258295,0.994801,1.80759,4.29471,1.11972,5.71909,0.42336,36.966,0.42336,423.524,0,1.02816,0,0,2.02296,0.994801,1.028160,1,0,42.7828,0,0,0,42.7828,0
70.9126,1.98284,0,0,1.90683,0.137997,0.36288,3.6288,61.308,0.428381,0,0,1.05121,0.235133,0.387697,0.66528,12.849,1,0.356381,0.36288,0,37.1941,4.53936,32.6612,0.84672,12.849,0.84672,3695.15,0,36.966,0.258295,0.998724,1.76297,4.23763,1.08963,5.6514,0.42336,36.966,0.42336,423.524,0,1.02816,0,0,2.02688,0.998724,1.028160,1,0,38.7003,0,0,0,38.7003,0
70.2781,1.98166,0,0,1.84745,0.13739,0.36288,3.6288,61.308,0.428381,0,0,1.10152,0.235133,0.438008,0.66528,12.849,1,0.359066,0.36288,0,35.2919,4.53936,30.7563,0.84672,12.849,0.84672,3695.15,0,36.966,0.258295,0.924973,1.76325,4.39889,1.08963,5.73919,0.42336,36.966,0.42336,423.524,0,1.02816,0,0,1.95313,0.924973,1.028160,1,0,36.9335,0,0,0,36.9335,0
69.6057,1.98019,0,0,1.80392,0.133212,0.36288,3.6288,61.308,0.428381,0,0,1.01168,0.231467,0.351835,0.66528,12.849,1,0.362039,0.36288,0,33.5235,4.55337,28.9709,0.84672,12.849,0.84672,3695.15,0,36.966,0.258295,0.821128,1.76353,4.08947,1.0859,5.32993,0.42336,36.966,0.42336,423.524,0,1.02816,0,0,1.84929,0.821128,1.028160,1,0,34.6527,0,0,0,34.6527,0
69.2821,1.95916,0,0,2.10995,0.111574,0.36288,3.6288,61.308,0.454752,0,0,0.935297,0.209467,0.271078,0.66528,12.849,1,0.361654,0.36288,0,36.6206,4.63743,31.9844,0.84672,12.849,0.84672,3695.15,0,36.966,0.274195,1.12798,1.76382,4.53705,1.06352,6.09113,0.42336,36.966,0.42336,423.524,0,1.02816,0,0,2.15614,1.12798,1.028160,1,0,38.3466,0,0,0,38.3466,0
68.7287,1.99465,0,0,1.91549,0.111294,0.36288,3.6288,61.308,0.428391,0,0,0.88357,0.209467,0.245711,0.66528,12.849,1,0.369927,0.36288,0,35.5323,4.63743,30.8878,0.84672,12.849,0.84672,3695.15,0,36.966,0.258301,0.916462,1.79246,4.26478,1.06352,5.65188,0.42336,36.966,0.42336,423.524,0,1.02816,0,0,1.94462,0.916462,1.028160,1,0,36.7854,0,0,0,36.7854,0
68.0248,1.99342,0,0,1.75392,0.101551,0.36288,3.6288,61.308,0.428391,0,0,0.840931,0.231405,0.181134,0.66528,12.849,1,0.372675,0.36288,0,31.3351,4.91973,26.4056,0.84672,12.849,0.84672,3695.15,0,36.966,0.258301,0.836663,1.76802,4.14172,1.16657,5.32153,0.42336,36.966,0.42336,423.524,0,1.02816,0,0,1.86482,0.836663,1.028160,1,0,31.9083,0,0,0,31.9083,0
67.2483,1.99145,0,0,1.65584,0.0779606,0.36288,3.6288,61.308,0.428392,0,0,0.78478,0.286251,0.0701375,0.66528,12.849,1,0.376159,0.36288,0,27.87,5.62548,22.2312,0.84672,12.849,0.84672,3695.15,0,36.966,0.258301,0.804064,1.7683,3.95068,1.42418,4.84057,0.42336,36.966,0.42336,423.524,0,1.02816,0,0,1.83222,0.804064,1.028160,1,0,27.1419,0,0,0,27.1419,0
66.52,2.03884,0,0,1.75566,0.0822717,0.36288,3.6288,61.308,0.451928,0,0,0.757123,0.301733,0.00346166,0.66528,12.849,1,0.389558,0.36288,0,27.6125,5.79468,21.7911,0.84672,12.849,0.84672,3695.15,0,36.966,0.272493,0.867733,1.76859,3.6238,1.44254,4.54508,0.42336,36.966,0.42336,423.524,0,1.02816,0,0,1.89589,0.867733,1.028160,1,0,26.3397,0,0,0,26.3397,0
65.6574,2.06818,0,0,1.65213,0.0837023,0.36288,3.6288,61.3035,0.4284,0,0,0.731817,0.307926,0,0.66528,12.849,1,0.399489,0.36288,0,26.768,5.86236,20.869,0.84672,12.849,0.84672,3695.15,0,36.966,0.258306,0.739696,1.80913,3.37872,1.44988,4.21936,0.42336,36.966,0.42336,423.524,0,1.02816,0,0,1.76786,0.739696,1.028160,1,0,25.0884,0,0,0,25.0884,0
64.6746,2.06509,0,0,1.52364,0.0784747,0.36288,3.6288,61.2838,0.428389,0,0,0.719228,0.310508,0,0.66528,12.849,1,0.404133,0.36288,0,25.2533,5.93714,19.2749,0.84672,12.849,0.84672,3695.15,0,36.966,0.258318,0.661565,1.78735,3.34797,1.46482,4.07374,0.42336,36.966,0.42336,423.524,0,1.02816,0,0,1.68972,0.661565,1.028160,1,0,23.3487,0,0,0,23.3487,0
63.4244,2.06126,0,0,1.24324,0.0692425,0.36288,3.6288,61.2621,0.428337,0,0,0.716144,0.309539,0,0.66528,12.849,1,0.409513,0.36288,0,23.8779,6.09936,17.7319,0.84672,12.849,0.84672,3695.15,0,36.966,0.25837,0.662221,1.78764,3.22005,1.4059,4.00564,0.42336,36.966,0.42336,423.524,0,1.02816,0,0,1.69038,0.662221,1.028160,1,0,21.7376,0,0,0,21.7376,0
61.8287,2.2004,0,0,1.05027,0.0827249,0.36288,3.6288,61.0666,0.513337,0,0,0.618723,0.300849,0,0.66528,12.849,1,0.445774,0.36288,0,21.0957,6.07005,14.9427,0.84672,12.849,0.84672,3695.15,0,36.966,0.309751,0.512162,1.78793,2.90148,1.415,3.47683,0.42336,36.966,0.42336,423.524,0,1.02816,0,0,1.54032,0.512162,1.028160,1,0,18.4196,0,0,0,18.4196,0
59.8546,2.30003,0,0,0.786784,0.0979845,0.36288,3.6288,60.8231,0.431633,0,0,0.483472,0.295328,0,0.66528,12.849,1,0.477984,0.36288,0,15.6489,6.2832,9.25055,0.84672,12.849,0.84672,3695.15,0,36.966,0.261284,0.231362,1.92617,2.22938,1.5863,2.53932,0.42336,36.966,0.42336,423.524,0,1.02816,0,0,1.25952,0.231362,1.028160,1,0,11.7899,0,0,0,11.7899,0
57.9621,2.2879,0,0,0.8546,0.0963379,0.36288,3.6288,60.5861,0.431379,0,0,0.489207,0.294872,0,0.66528,12.849,1,0.491144,0.36288,0,14.9563,6.2832,8.54481,0.84672,12.849,0.84672,3695.15,0,36.966,0.262176,0.240719,1.8503,2.36796,1.5863,2.6105,0.42336,36.966,0.42336,423.524,0,1.02816,0,0,1.26888,0.240719,1.028160,1,0,11.1553,0,0,0,11.1553,0
56.5354,2.27562,0,0,1.31998,0.108164,0.36288,3.6288,60.4522,0.431139,0,0,0.588425,0.291226,0,0.66528,12.849,1,0.504458,0.36288,0,24.1567,6.19414,17.821,0.84672,12.849,0.84672,3695.15,0,36.966,0.263055,0.492877,1.85099,2.50248,1.57538,3.00791,0.42336,36.966,0.42336,423.524,0,1.02816,0,0,1.52104,0.492877,1.028160,1,0,20.8289,0,0,0,20.8289,0
55.5841,2.26609,0,0,1.79144,0.113716,0.36288,3.6288,60.4828,0.431173,0,0,0.743921,0.282064,0,0.66528,12.849,1,0.515021,0.36288,0,29.5094,6.26635,23.0909,0.84672,12.849,0.84672,3695.15,0,36.966,0.263659,0.534721,1.85168,2.70275,1.55824,3.26725,0.42336,36.966,0.42336,423.524,0,1.02816,0,0,1.56288,0.534721,1.028160,1,0,26.3582,0,0,0,26.3582,0
55.1477,2.19082,0,0,2.23102,0.113728,0.36288,3.6288,61.308,0.38018,0,0,2.14917,0.32289,0.620931,0.66528,12.849,1,0.506436,0.36288,0,30.724,5.91287,24.6676,0.84672,12.849,0.84672,3695.15,0,36.966,0.232359,2.71464,1.85236,7.94543,1.60937,10.6707,0.42336,36.966,0.42336,423.524,0,1.02816,0,0,3.7428,2.71464,1.028160,1,0,35.9592,0,0,0,35.9592,0
55.0145,2.1287,0,0,2.53187,0.173539,0.36288,3.6288,61.308,0.428414,0,0,2.07302,0.276278,1.36833,0.66528,12.849,1,0.495971,0.36288,0,25.9189,5.52636,20.2594,0.84672,12.849,0.84672,3695.15,0,36.966,0.258314,2.47267,1.77307,5.99166,1.47662,8.50247,0.42336,36.966,0.42336,423.524,0,1.02816,0,0,3.50083,2.47267,1.028160,1,0,30.1302,0,0,0,30.1302,0
55.6987,2.12903,0,0,3.34943,0.173308,0.36288,3.6288,61.308,0.428414,0,0,2.6969,0.276278,1.99221,0.66528,12.849,1,0.497249,0.36288,0,37.7304,5.52636,32.0696,0.84672,12.849,0.84672,3695.15,0,36.966,0.258315,3.81648,1.81679,8.60135,1.47662,12.4997,0.42336,36.966,0.42336,423.524,0,1.02816,0,0,4.84464,3.81648,1.028160,1,0,46.5615,0,0,0,46.5615,0
57.3849,2.1353,0,0,4.35891,0.174498,0.36288,3.6288,61.308,0.428414,0,0,3.81612,0.276278,3.11143,0.66528,12.849,1,0.492587,0.36288,0,73.8773,5.52636,68.2212,0.84672,12.849,0.84672,3695.15,0,36.966,0.258315,5.75992,1.81709,10.2144,1.47662,16.0565,0.42336,36.966,0.42336,423.524,0,1.02816,0,0,6.78808,5.75992,1.028160,1,0,87.3891,0,0,0,87.3891,0
57.3341,2.09143,0,0,2.64067,0.237186,0.36288,3.6288,61.308,0.381251,0,0,1.85738,0.237944,1.23819,0.66528,12.849,1,0.468289,0.36288,0,41.2463,4.7333,36.4076,0.84672,12.849,0.84672,3695.15,0,36.966,0.229877,2.13009,1.81739,5.66734,1.19411,8.19083,0.42336,36.966,0.42336,423.524,0,1.02816,0,0,3.15825,2.13009,1.028160,1,0,45.8366,0,0,0,45.8366,0
57.9436,2.03062,0,0,3.25713,0.254102,0.36288,3.6288,61.308,0.428397,0,0,2.63652,0.219119,1.98901,0.66528,12.849,1,0.455078,0.36288,0,40.8666,4.16126,36.6131,0.84672,12.849,0.84672,3695.15,0,36.966,0.258304,2.56344,1.7462,7.72855,0.972013,10.8079,0.42336,36.966,0.42336,423.524,0,1.02816,0,0,3.5916,2.56344,1.028160,1,0,49.41,0,0,0,49.41,0
57.382,2.03581,0,0,2.09266,0.255622,0.36288,3.6288,61.308,0.428397,0,0,1.96579,0.219119,1.31827,0.66528,12.849,1,0.451442,0.36288,0,28.1072,4.16126,23.8574,0.84672,12.849,0.84672,3695.15,0,36.966,0.258304,2.08711,1.79072,7.62528,0.972013,10.2728,0.42336,36.966,0.42336,423.524,0,1.02816,0,0,3.11527,2.08711,1.028160,1,0,35.4485,0,0,0,35.4485,0
58.7616,2.03348,0,0,4.09614,0.32019,0.36288,3.6288,61.308,0.428397,0,0,2.25415,0.243264,1.58249,0.66528,12.849,1,0.455337,0.36288,0,70.9188,4.56719,66.2591,0.84672,12.849,0.84672,3695.15,0,36.966,0.258304,2.26685,1.79101,9.65784,1.06678,12.3906,0.42336,36.966,0.42336,423.524,0,1.02816,0,0,3.29501,2.26685,1.028160,1,0,80.2322,0,0,0,80.2322,0
62.8173,1.88066,0,0,6.60893,0.309711,0.36288,3.6288,61.308,0.330024,0,0,2.08278,0.224735,1.52802,0.66528,12.849,1,0.411232,0.36288,0,86.1205,4.28782,81.7843,0.84672,12.849,0.84672,3695.15,0,36.966,0.19899,3.46208,1.79131,9.17406,1.03308,13.1954,0.42336,36.966,0.42336,423.524,0,1.02816,0,0,4.49024,3.46208,1.028160,1,0,96.5077,0,0,0,96.5077,0
63.2949,1.77303,0,0,2.89611,0.282557,0.36288,3.6288,61.308,0.428361,0,0,1.74194,0.178413,1.13516,0.66528,12.849,1,0.362665,0.36288,0,47.9964,3.58942,44.4072,0.84672,12.849,0.84672,3695.15,0,36.966,0.258282,1.78618,1.63257,6.46907,0.948809,8.68073,0.42336,36.966,0.42336,423.524,0,1.02816,0,0,2.81434,1.78618,1.028160,1,0,54.2231,0,0,0,54.2231,0
63.6008,1.77649,0,0,2.72893,0.28366,0.36288,3.6288,61.308,0.428361,0,0,2.19314,0.178413,1.58637,0.66528,12.849,1,0.360631,0.36288,0,61.1875,3.58942,57.6004,0.84672,12.849,0.84672,3695.15,0,36.966,0.258282,2.41442,1.72509,9.59947,0.948809,12.5319,0.42336,36.966,0.42336,423.524,0,1.02816,0,0,3.44258,2.41442,1.028160,1,0,71.7186,0,0,0,71.7186,0
64.5572,1.77912,0,0,3.38589,0.287457,0.36288,3.6288,61.308,0.428361,0,0,2.382,0.218587,1.73506,0.66528,12.849,1,0.359427,0.36288,0,45.4255,4.1916,41.2373,0.84672,12.849,0.84672,3695.15,0,36.966,0.258282,2.7961,1.72535,8.46132,1.18632,11.5382,0.42336,36.966,0.42336,423.524,0,1.02816,0,0,3.82426,2.7961,1.028160,1,0,54.5106,0,0,0,54.5106,0
65.4419,1.78475,0,0,3.36279,0.330491,0.36288,3.6288,61.308,0.428361,0,0,2.15565,0.227389,1.4999,0.66528,12.849,1,0.355223,0.36288,0,76.9786,4.44048,72.5458,0.84672,12.849,0.84672,3695.15,0,36.966,0.258283,2.68327,1.72562,11.1922,1.17663,14.1661,0.42336,36.966,0.42336,423.524,0,1.02816,0,0,3.71143,2.68327,1.028160,1,0,88.2118,0,0,0,88.2118,0
67.1384,1.85387,0,0,4.2113,0.298086,0.36288,3.6288,61.308,0.456893,0,0,2.80267,0.217373,2.1284,0.66528,12.849,1,0.363992,0.36288,0,84.4534,3.89434,80.5579,0.84672,12.849,0.84672,3695.15,0,36.966,0.275486,2.82483,1.72589,10.9015,1.07973,14.097,0.42336,36.966,0.42336,423.524,0,1.02816,0,0,3.85299,2.82483,1.028160,1,0,96.7834,0,0,0,96.7834,0
67.7855,1.90117,0,0,3.20631,0.295139,0.36288,3.6288,61.308,0.428361,0,0,3.1673,0.215905,2.52304,0.66528,12.849,1,0.363848,0.36288,0,73.0606,3.8031,69.2565,0.84672,12.849,0.84672,3695.15,0,36.966,0.258283,3.0786,1.77582,8.48586,1.06648,12.0155,0.42336,36.966,0.42336,423.524,0,1.02816,0,0,4.10676,3.0786,1.028160,1,0,83.7951,0,0,0,83.7951,0
67.6968,1.90529,0,0,2.47615,0.296648,0.36288,3.6288,61.308,0.428361,0,0,2.69743,0.215905,2.05317,0.66528,12.849,1,0.361156,0.36288,0,45.4414,3.8031,41.64,0.84672,12.849,0.84672,3695.15,0,36.966,0.258283,2.57344,1.74932,7.29562,1.06648,10.2936,0.42336,36.966,0.42336,423.524,0,1.02816,0,0,3.6016,2.57344,1.028160,1,0,53.9868,0,0,0,53.9868,0
67.3521,1.9061,0,0,2.27147,0.347231,0.36288,3.6288,61.308,0.428361,0,0,2.03789,0.182828,1.4267,0.66528,12.849,1,0.361781,0.36288,0,56.5453,3.69293,52.8535,0.84672,12.849,0.84672,3695.15,0,36.966,0.258283,1.57906,1.74959,9.75589,0.979325,11.8469,0.42336,36.966,0.42336,423.524,0,1.02816,0,0,2.60722,1.57906,1.028160,1,0,66.1272,0,0,0,66.1272,0
67.1032,2.11228,0,0,2.57376,0.347498,0.36288,3.6288,61.308,0.535646,0,0,2.29633,0.19902,1.56166,0.66528,12.849,1,0.402967,0.36288,0,86.5832,3.67239,82.8707,0.84672,12.849,0.84672,3695.15,0,36.966,0.322971,2.00099,1.74986,11.9637,0.977602,14.414,0.42336,36.966,0.42336,423.524,0,1.02816,0,0,3.02915,2.00099,1.028160,1,0,98.8464,0,0,0,98.8464,0
69.3986,2.25663,0,0,5.23637,0.321463,0.36288,3.6288,61.308,0.4284,0,0,3.7327,0.23825,3.06605,0.66528,12.849,1,0.432103,0.36288,0,104.894,3.70377,101.121,0.84672,12.849,0.84672,3695.15,0,36.966,0.258306,4.30711,1.92908,11.8771,1.02179,16.8332,0.42336,36.966,0.42336,423.524,0,1.02816,0,0,5.33527,4.30711,1.028160,1,0,121.02,0,0,0,121.02,0
70.2244,2.27002,0,0,3.78602,0.327291,0.36288,3.6288,61.308,0.4284,0,0,2.52691,0.23825,1.86026,0.66528,12.849,1,0.42029,0.36288,0,79.1078,3.70377,75.3467,0.84672,12.849,0.84672,3695.15,0,36.966,0.258306,3.15064,1.82877,8.53416,1.02179,12.2335,0.42336,36.966,0.42336,423.524,0,1.02816,0,0,4.1788,3.15064,1.028160,1,0,89.4404,0,0,0,89.4404,0
70.0437,2.27554,0,0,2.77892,0.321184,0.36288,3.6288,61.308,0.4284,0,0,1.40831,0.240641,0.739271,0.66528,12.849,1,0.416356,0.36288,0,59.0624,3.71922,55.2897,0.84672,12.849,0.84672,3695.15,0,36.966,0.258306,1.63781,1.82907,7.11953,1.03825,9.28985,0.42336,36.966,0.42336,423.524,0,1.02816,0,0,2.66597,1.63781,1.028160,1,0,65.3189,0,0,0,65.3189,0
70.0855,1.97912,0,0,2.68173,0.297911,0.36288,3.6288,61.308,0.284216,0,0,1.95527,0.252113,1.41894,0.66528,12.849,1,0.363056,0.36288,0,69.842,3.91969,65.9222,0.84672,12.849,0.84672,3695.15,0,36.966,0.17137,3.05869,1.82937,7.89385,1.12727,11.4833,0.42336,36.966,0.42336,423.524,0,1.02816,0,0,4.08685,3.05869,1.028160,1,0,78.8244,0,0,0,78.8244,0
71.0959,1.79035,0,0,3.49676,0.333122,0.36288,3.6288,61.308,0.424565,0,0,1.84449,0.248287,1.17164,0.66528,12.849,1,0.32823,0.36288,0,79.9234,4.0634,75.8946,0.84672,12.849,0.84672,3695.15,0,36.966,0.255994,2.07155,1.58527,9.26829,1.11425,11.5549,0.42336,36.966,0.42336,423.524,0,1.02816,0,0,3.09971,2.07155,1.028160,1,0,88.6211,0,0,0,88.6211,0
72.0986,1.79503,0,0,3.4963,0.335719,0.36288,3.6288,61.308,0.424879,0,0,1.7974,0.248287,1.12423,0.66528,12.849,1,0.324412,0.36288,0,79.5148,4.0634,75.4899,0.84672,12.849,0.84672,3695.15,0,36.966,0.256183,1.60682,1.71718,7.85398,1.11425,9.80755,0.42336,36.966,0.42336,423.524,0,1.02816,0,0,2.63498,1.60682,1.028160,1,0,86.4216,0,0,0,86.4216,0
72.29,1.7996,0,0,4.68485,0.325686,2.36818,3.6288,61.308,0.425194,0,0,2.64464,0.24192,1.97753,0.66528,12.849,1,0.320714,2.36818,0,92.7547,4.08167,90.7205,0.84672,12.849,0.84672,3695.15,0,36.966,0.256373,2.77806,1.71773,11.5611,1.07996,14.7206,0.42336,36.966,0.42336,423.524,0,1.02816,0,0,3.80622,2.77806,1.028160,1,0,107.419,0,0,0,107.419,0
72.29,1.80106,0,0,5.12509,0.294588,3.02945,3.6288,61.308,0.425508,0,0,3.29499,0.226001,2.64348,0.66528,12.849,1,0.320124,3.02945,0,108.058,4.12734,106.64,0.84672,12.849,0.84672,3695.15,0,36.966,0.256562,8.53186,1.71828,12.385,0.994238,21.3844,0.42336,36.966,0.42336,423.524,0,1.02816,0,0,9.56002,8.53186,1.028160,1,0,130.668,0,0,0,130.668,0
72.29,1.87701,0,0,4.37586,0.352954,2.14589,3.6288,61.308,0.461159,0,0,1.93011,0.188804,1.28014,0.66528,12.849,1,0.333624,2.14589,0,94.7212,3.51582,93.0176,0.84672,12.849,0.84672,3695.15,0,36.966,0.278058,4.48566,1.71883,8.1699,0.935659,13.1607,0.42336,36.966,0.42336,423.524,0,1.02816,0,0,5.51382,4.48566,1.028160,1,0,107.458,0,0,0,107.458,0
72.29,1.92286,0,0,4.14425,0.352954,1.86843,3.6288,61.308,0.428362,0,0,2.10303,0.188804,1.48586,0.66528,12.849,1,0.341773,1.86843,0,95.37,3.51582,93.3809,0.84672,12.849,0.84672,3695.15,0,36.966,0.258283,3.71383,1.77975,9.09351,0.935659,13.3931,0.42336,36.966,0.42336,423.524,0,1.02816,0,0,4.74199,3.71383,1.028160,1,0,108.26,0,0,0,108.26,0
72.29,1.92407,0,0,3.43925,0.293771,1.22141,3.6288,61.308,0.428362,0,0,1.86472,0.231713,1.20464,0.66528,12.849,1,0.341988,1.22141,0,74.7256,4.14994,71.4551,0.84672,12.849,0.84672,3695.15,0,36.966,0.258283,2.85266,1.74925,7.57127,1.15428,10.7606,0.42336,36.966,0.42336,423.524,0,1.02816,0,0,3.88082,2.85266,1.028160,1,0,83.4204,0,0,0,83.4204,0
72.29,1.92528,0,0,2.76443,0.270098,0.569054,3.6288,61.308,0.428362,0,0,1.3364,0.248877,0.659162,0.66528,12.849,1,0.342203,0.569054,0,67.4046,4.40359,63.2279,0.84672,12.849,0.84672,3695.15,0,36.966,0.258283,1.87847,1.74952,5.64746,1.24173,7.77544,0.42336,36.966,0.42336,423.524,0,1.02816,0,0,2.90663,1.87847,1.028160,1,0,71.6625,0,0,0,71.6625,0
72.29,1.89704,0,0,2.64244,0.310419,0.434985,3.6288,61.308,0.414618,0,0,1.1595,0.202245,0.542633,0.66528,12.849,1,0.337184,0.434985,0,58.5693,3.99777,54.6693,0.84672,12.849,0.84672,3695.15,0,36.966,0.249996,1.64363,1.74978,5.20047,1.15275,7.19114,0.42336,36.966,0.42336,423.524,0,1.02816,0,0,2.67179,1.64363,1.028160,1,0,62.4031,0,0,0,62.4031,0
72.29,1.87953,0,0,2.53453,0.242279,0.412716,3.6288,61.308,0.428357,0,0,1.00502,0.22283,0.353835,0.66528,12.849,1,0.334072,0.412716,0,52.4666,4.1814,48.3638,0.84672,12.849,0.84672,3695.15,0,36.966,0.25828,1.45708,1.72653,4.95556,1.13781,6.74308,0.42336,36.966,0.42336,423.524,0,1.02816,0,0,2.48524,1.45708,1.028160,1,0,55.4607,0,0,0,55.4607,0
72.289,1.88072,0,0,2.47082,0.228235,0.36288,3.6288,61.308,0.428357,0,0,1.09776,0.22937,0.440028,0.66528,12.849,1,0.334285,0.36288,0,50.8404,4.23906,46.63,0.84672,12.849,0.84672,3695.15,0,36.966,0.25828,1.68147,1.73968,5.61673,1.14126,7.63835,0.42336,36.966,0.42336,423.524,0,1.02816,0,0,2.70963,1.68147,1.028160,1,0,54.7083,0,0,0,54.7083,0
72.1262,1.88191,0,0,2.31021,0.228233,0.36288,3.6288,61.308,0.428357,0,0,1.07963,0.22937,0.421901,0.66528,12.849,1,0.334501,0.36288,0,46.3609,4.23906,42.1503,0.84672,12.849,0.84672,3695.15,0,36.966,0.25828,1.38923,1.73995,5.04141,1.14126,6.77104,0.42336,36.966,0.42336,423.524,0,1.02816,0,0,2.41739,1.38923,1.028160,1,0,49.3432,0,0,0,49.3432,0
71.8467,1.98254,0,0,2.28976,0.223783,0.36288,3.6288,61.308,0.477166,0,0,0.991423,0.223229,0.291027,0.66528,12.849,1,0.353183,0.36288,0,46.7337,4.16241,42.581,0.84672,12.849,0.84672,3695.15,0,36.966,0.28771,1.25072,1.74021,4.77928,1.14206,6.34044,0.42336,36.966,0.42336,423.524,0,1.02816,0,0,2.27888,1.25072,1.028160,1,0,49.2124,0,0,0,49.2124,0
71.2768,2.04898,0,0,2.05577,0.213842,0.36288,3.6288,61.308,0.428375,0,0,0.94818,0.221842,0.297963,0.66528,12.849,1,0.366437,0.36288,0,42.4177,4.38286,38.0313,0.84672,12.849,0.84672,3695.15,0,36.966,0.258291,1.07212,1.82302,4.57328,1.12569,6.08444,0.42336,36.966,0.42336,423.524,0,1.02816,0,0,2.10028,1.07212,1.028160,1,0,44.4137,0,0,0,44.4137,0
70.5157,2.04775,0,0,1.80865,0.159119,0.36288,3.6288,61.308,0.428375,0,0,0.807944,0.220372,0.159197,0.66528,12.849,1,0.369146,0.36288,0,36.6329,4.35004,32.2766,0.84672,12.849,0.84672,3695.15,0,36.966,0.258291,1.07255,1.77752,4.20803,1.07385,5.72597,0.42336,36.966,0.42336,423.524,0,1.02816,0,0,2.10071,1.07255,1.028160,1,0,38.1618,0,0,0,38.1618,0
69.7046,2.04563,0,0,1.75557,0.158193,0.36288,3.6288,61.308,0.428375,0,0,0.858012,0.220372,0.209265,0.66528,12.849,1,0.372744,0.36288,0,34.9167,4.35004,30.5568,0.84672,12.849,0.84672,3695.15,0,36.966,0.258291,1.04847,1.7778,4.47648,1.07385,5.97061,0.42336,36.966,0.42336,423.524,0,1.02816,0,0,2.07663,1.04847,1.028160,1,0,36.7366,0,0,0,36.7366,0
68.8068,2.04321,0,0,1.66551,0.157206,0.36288,3.6288,61.308,0.428375,0,0,0.833786,0.220372,0.185039,0.66528,12.849,1,0.376636,0.36288,0,32.795,4.35004,28.4312,0.84672,12.849,0.84672,3695.15,0,36.966,0.258291,0.960077,1.77808,4.13875,1.07385,5.54477,0.42336,36.966,0.42336,423.524,0,1.02816,0,0,1.98824,0.960077,1.028160,1,0,34.161,0,0,0,34.161,0
67.6997,2.02064,0,0,1.39151,0.115075,0.36288,3.6288,61.1798,0.48221,0,0,0.572995,0.218985,0,0.66528,12.849,1,0.377334,0.36288,0,27.9533,5.14857,22.7902,0.84672,12.849,0.84672,3695.15,0,36.966,0.290751,0.30119,1.77835,3.13663,1.18747,3.73795,0.42336,36.966,0.42336,423.524,0,0.984943,0,0,1.28613,0.30119,1.028160,1,0,26.5282,0,0,0,26.5282,0
66.4729,2.05289,0,0,1.30302,0.114082,0.36288,3.6288,61.0272,0.478496,0,0,0.544726,0.218807,0,0.66528,12.849,1,0.389627,0.36288,0,27.9166,5.14857,22.7413,0.84672,12.849,0.84672,3695.15,0,36.966,0.289117,0.261274,1.80754,3.22342,1.18747,3.81564,0.42336,36.966,0.42336,423.524,0,0.947229,0,0,1.2085,0.261274,1.028160,1,0,26.5569,0,0,0,26.5569,0
65.1339,2.04811,0,0,1.18504,0.112982,0.36288,3.6288,60.852,0.48778,0,0,0.531172,0.218596,0,0.66528,12.849,1,0.395894,0.36288,0,27.3702,5.14857,22.1886,0.84672,12.849,0.84672,3695.15,0,36.966,0.295463,0.261274,1.78261,3.08861,1.18747,3.64956,0.42336,36.966,0.42336,423.524,0,0.931599,0,0,1.19287,0.261274,1.028160,1,0,25.8382,0,0,0,25.8382,0
63.6923,2.04256,0,0,1.07559,0.111781,0.36288,3.6288,60.561,0.570943,0,0,0.498323,0.218354,0,0.66528,12.849,1,0.402936,0.36288,0,24.3893,5.14857,19.2006,0.84672,12.849,0.84672,3695.15,0,36.966,0.346833,0.261274,1.78289,2.98782,1.18747,3.49769,0.42336,36.966,0.42336,423.524,0,0.797066,0,0,1.05834,0.261274,1.028160,1,0,22.6983,0,0,0,22.6983,0
62.2013,2.08647,0,0,1.0393,0.0809636,0.36288,3.6288,60.1675,0.588659,0,0,0.482841,0.287749,0,0.66528,12.849,1,0.420916,0.36288,0,23.4247,5.92194,17.4447,0.84672,12.849,0.84672,3695.15,0,36.966,0.359313,0.261274,1.78317,2.55298,1.46996,2.76816,0.42336,36.966,0.42336,423.524,0,0.805317,0,0,1.06659,0.261274,1.028160,1,0,20.2129,0,0,0,20.2129,0
60.6781,2.11123,0,0,1.03213,0.0811877,0.36288,3.6288,59.8093,0.557156,0,0,0.481096,0.282076,0,0.66528,12.849,1,0.436119,0.36288,0,21.9712,5.76093,16.137,0.84672,12.849,0.84672,3695.15,0,36.966,0.342309,0.261274,1.82448,2.29949,1.41133,2.63161,0.42336,36.966,0.42336,423.524,0,0.815391,0,0,1.07666,0.261274,1.028160,1,0,18.7686,0,0,0,18.7686,0
59.0452,2.10345,0,0,0.91355,0.0801716,0.36288,3.6288,59.4105,0.568951,0,0,0.451555,0.281433,0,0.66528,12.849,1,0.445419,0.36288,0,20.7404,5.76093,14.8969,0.84672,12.849,0.84672,3695.15,0,36.966,0.351648,0.227405,1.80227,2.30078,1.41133,2.56748,0.42336,36.966,0.42336,423.524,0,0.794258,0,0,1.02166,0.227405,1.028160,1,0,17.4644,0,0,0,17.4644,0
57.344,2.09458,0,0,0.835255,0.0789621,0.36288,3.6288,58.949,0.617006,0,0,0.436194,0.280716,0,0.66528,12.849,1,0.455809,0.36288,0,19.4775,5.76093,13.6236,0.84672,12.849,0.84672,3695.15,0,36.966,0.38391,0.227405,1.80256,2.19216,1.41133,2.42688,0.42336,36.966,0.42336,423.524,0,0.71394,0,0,0.941345,0.227405,1.028160,1,0,16.0505,0,0,0,16.0505,0
55.4492,2.22951,0,0,0.758117,0.0605641,0.36288,3.6288,58.3469,0.741542,0,0,0.430421,0.290962,0,0.66528,12.849,1,0.499563,0.36288,0,19.0772,6.12449,12.816,0.84672,12.849,0.84672,3695.15,0,36.966,0.42336,0.227405,1.80284,2.16281,1.45168,2.31802,0.42336,36.966,0.42336,423.524,0,0.688928,0,0,0.916332,0.227405,1.028160,1,0,15.1341,0,0,0,15.1341,0
53.8373,2.29822,0,0,1.10233,0.053122,0.36288,3.6288,57.9677,0.58358,0,0,0.511903,0.307492,0,0.66528,12.849,1,0.532556,0.36288,0,25.0875,6.61311,18.3047,0.84672,12.849,0.84672,3695.15,0,36.966,0.369731,0.227405,1.9437,2.20841,1.48346,2.52632,0.42336,36.966,0.42336,423.524,0,0.800453,0,0,1.02786,0.227405,1.028160,1,0,20.831,0,0,0,20.831,0
52.0204,2.28616,0,0,0.884451,0.0522659,0.36288,3.6288,57.3526,0.71092,0,0,0.402528,0.30674,0,0.66528,12.849,1,0.545624,0.36288,0,29.5084,6.61311,22.7125,0.84672,12.849,0.84672,3695.15,0,36.966,0.42336,0.204422,1.88544,1.8345,1.48346,2.01754,0.42336,36.966,0.42336,423.524,0,0.62011,0,0,0.824533,0.204422,1.028160,1,0,24.7301,0,0,0,24.7301,0
50.382,2.27169,0,0,1.04746,0.0513009,0.36288,3.6288,57.2195,0.441982,0,0,0.614449,0.305522,0,0.66528,12.849,1,0.561106,0.36288,0,25.3277,6.61311,18.5164,0.84672,12.849,0.84672,3695.15,0,36.966,0.284875,0.212181,1.88612,2.4808,1.48346,2.81076,0.42336,36.966,0.42336,423.524,0,1.02816,0,0,1.24034,0.212181,1.028160,1,0,21.3272,0,0,0,21.3272,0
48.5828,2.25796,0,0,0.875154,0.0535628,0.36288,3.6288,56.7891,0.59627,0,0,0.450925,0.285109,0,0.66528,12.849,1,0.575851,0.36288,0,23.113,6.05857,16.8414,0.84672,12.849,0.84672,3695.15,0,36.966,0.385213,0.204422,1.88679,2.57022,1.2676,3.00862,0.42336,36.966,0.42336,423.524,0,0.774161,0,0,0.978584,0.204422,1.028160,1,0,19.85,0,0,0,19.85,0
47.0959,2.17349,0,0,1.10838,0.0588839,0.36288,3.6288,56.6137,0.389845,0,0,0.487854,0.27338,0,0.66528,12.849,1,0.574837,0.36288,0,22.2488,5.60449,16.4323,0.84672,12.849,0.84672,3695.15,0,36.966,0.253764,0.390061,1.88747,2.22943,1.22143,3.03177,0.42336,36.966,0.42336,423.524,0,1.02816,0,0,1.41822,0.390061,1.028160,1,0,19.4641,0,0,0,19.4641,0
45.546,2.1266,0,0,0.997937,0.0583026,0.36288,3.6288,56.6397,0.415449,0,0,0.717097,0.275708,0,0.66528,12.849,1,0.580194,0.36288,0,22.4515,5.65204,16.5821,0.84672,12.849,0.84672,3695.15,0,36.966,0.271268,1.56996,1.80665,2.43698,1.2617,4.28061,0.42336,36.966,0.42336,423.524,0,1.02816,0,0,2.59812,1.56996,1.028160,1,0,20.8627,0,0,0,20.8627,0
43.8415,2.11244,0,0,0.828049,0.0573067,0.36288,3.6288,56.3341,0.415524,0,0,0.385689,0.275755,0,0.66528,12.849,1,0.59594,0.36288,0,21.5118,5.65204,15.6267,0.84672,12.849,0.84672,3695.15,0,36.966,0.271193,0.316855,1.83217,1.81489,1.2617,2.43102,0.42336,36.966,0.42336,423.524,0,1.02816,0,0,1.34501,0.316855,1.028160,1,0,18.0577,0,0,0,18.0577,0
42.4725,2.09574,0,0,1.19095,0.101305,0.36288,3.6288,56.1627,0.414636,0,0,0.47441,0.231152,0,0.66528,12.849,1,0.614217,0.36288,0,25.1064,5.02915,19.8259,0.84672,12.849,0.84672,3695.15,0,36.966,0.272081,0.48746,1.83246,1.9971,1.06701,2.97794,0.42336,36.966,0.42336,423.524,0,1.02816,0,0,1.51562,0.48746,1.028160,1,0,22.8038,0,0,0,22.8038,0
41.671,2.02717,0,0,1.75673,0.168165,0.36288,3.6288,56.3098,0.367683,0,0,0.707827,0.193081,0,0.66528,12.849,1,0.61327,0.36288,0,53.1992,3.88228,49.0666,0.84672,12.849,0.84672,3695.15,0,36.966,0.242007,0.644985,1.83276,4.65182,0.877689,6.00987,0.42336,36.966,0.42336,423.524,0,1.02816,0,0,1.67314,0.644985,1.028160,1,0,55.0764,0,0,0,55.0764,0
40.3318,1.96047,0,0,1.16296,0.178833,0.36288,3.6288,55.9431,0.47316,0,0,0.327633,0.221106,0,0.66528,12.849,1,0.604498,0.36288,0,19.9578,3.46049,16.2557,0.84672,12.849,0.84672,3695.15,0,36.966,0.310618,0.216518,1.76022,2.2204,0.971388,2.91514,0.42336,36.966,0.42336,423.524,0,0.931072,0,0,1.14759,0.216518,1.028160,1,0,19.1708,0,0,0,19.1708,0
40.0195,1.9464,0,0,2.17299,0.176026,0.36288,3.6288,56.203,0.413475,0,0,0.893913,0.220577,0,0.66528,12.849,1,0.62009,0.36288,0,39.7615,3.46049,36.0438,0.84672,12.849,0.84672,3695.15,0,36.966,0.273215,2.48708,1.80557,4.89852,0.971388,7.94657,0.42336,36.966,0.42336,423.524,0,1.02816,0,0,3.51524,2.48708,1.028160,1,0,43.9903,0,0,0,43.9903,0
41.5176,1.9439,0,0,3.98866,0.183704,0.36288,3.6288,57.194,0.414237,0,0,1.61861,0.213373,0,0.66528,12.849,1,0.624124,0.36288,0,76.4484,3.35166,72.8355,0.84672,12.849,0.84672,3695.15,0,36.966,0.272453,2.43403,1.80585,6.41085,0.940561,9.43773,0.42336,36.966,0.42336,423.524,0,1.02816,0,0,3.46219,2.43403,1.028160,1,0,82.2732,0,0,0,82.2732,0
41.7708,1.80784,0,0,2.6365,0.21265,0.36288,3.6288,57.6808,0.31952,0,0,1.00346,0.19711,0,0.66528,12.849,1,0.559496,0.36288,0,58.0809,3.14085,54.7435,0.84672,12.849,0.84672,3695.15,0,36.966,0.206515,1.18931,1.80614,4.4766,0.774385,6.49115,0.42336,36.966,0.42336,423.524,0,1.02816,0,0,2.21747,1.18931,1.028160,1,0,61.2346,0,0,0,61.2346,0
43.2988,1.68869,0,0,3.80438,0.224754,0.36288,3.6288,59.0908,0.418456,0,0,2.04751,0.219082,0,0.66528,12.849,1,0.519453,0.36288,0,87.7025,4.3532,83.1927,0.84672,12.849,0.84672,3695.15,0,36.966,0.268177,2.46816,1.64441,6.19325,1.11188,8.92576,0.42336,36.966,0.42336,423.524,0,1.02816,0,0,3.49632,2.46816,1.028160,1,0,92.1185,0,0,0,92.1185,0
45.5173,1.7039,0,0,4.51401,0.228775,0.36288,3.6288,60.509,0.422393,0,0,2.06165,0.22108,0,0.66528,12.849,1,0.505636,0.36288,0,88.1919,4.3532,83.696,0.84672,12.849,0.84672,3695.15,0,36.966,0.264241,3.72148,1.73865,10.6391,1.11188,14.7232,0.42336,36.966,0.42336,423.524,0,1.02816,0,0,4.74964,3.72148,1.028160,1,0,98.4191,0,0,0,98.4191,0
46.3959,1.72421,0,0,3.20031,0.234613,0.36288,3.6288,60.6377,0.426237,0,0,0.778101,0.22309,0,0.66528,12.849,1,0.486725,0.36288,0,74.1787,4.3532,69.7017,0.84672,12.849,0.84672,3695.15,0,36.966,0.260396,1.49209,1.73892,5.61322,1.11188,7.47195,0.42336,36.966,0.42336,423.524,0,1.02816,0,0,2.52025,1.49209,1.028160,1,0,77.1736,0,0,0,77.1736,0
47.3415,1.73253,0,0,3.27095,0.229924,0.36288,3.6288,60.8163,0.426581,0,0,0.863347,0.25821,0,0.66528,12.849,1,0.479811,0.36288,0,66.2371,4.48264,61.6375,0.84672,12.849,0.84672,3695.15,0,36.966,0.260053,1.11248,1.73918,4.35622,1.21177,5.73605,0.42336,36.966,0.42336,423.524,0,1.02816,0,0,2.14064,1.11248,1.028160,1,0,67.3736,0,0,0,67.3736,0
48.3694,1.80244,0,0,3.41907,0.225865,0.36288,3.6288,61.308,0.456034,0,0,1.24667,0.201404,0.0975129,0.66528,12.849,1,0.489201,0.36288,0,91.1489,3.72735,87.2952,0.84672,12.849,0.84672,3695.15,0,36.966,0.277192,1.71052,1.73944,7.1361,1.10736,9.20151,0.42336,36.966,0.42336,423.524,0,1.02816,0,0,2.73868,1.71052,1.028160,1,0,96.5942,0,0,0,96.5942,0
50.3356,1.84857,0,0,4.40458,0.226942,0.36288,3.6288,61.308,0.428354,0,0,2.16111,0.173507,1.55925,0.66528,12.849,1,0.49106,0.36288,0,100.746,3.40452,97.2132,0.84672,12.849,0.84672,3695.15,0,36.966,0.258279,2.89889,1.7903,12.9925,1.04961,16.3738,0.42336,36.966,0.42336,423.524,0,1.02816,0,0,3.92705,2.89889,1.028160,1,0,115.146,0,0,0,115.146,0
53.1266,1.86496,0,0,5.25063,0.231771,0.36288,3.6288,61.308,0.428354,0,0,1.70852,0.173507,1.10666,0.66528,12.849,1,0.476063,0.36288,0,52.7523,3.40452,49.2346,0.84672,12.849,0.84672,3695.15,0,36.966,0.258279,2.52289,1.7633,10.4782,1.04961,13.4565,0.42336,36.966,0.42336,423.524,0,1.02816,0,0,3.55105,2.52289,1.028160,1,0,63.7978,0,0,0,63.7978,0
57.8305,1.88623,0,0,7.20938,0.256332,0.36288,3.6288,61.308,0.428355,0,0,1.81214,0.199726,1.18406,0.66528,12.849,1,0.456196,0.36288,0,161.685,3.59582,157.996,0.84672,12.849,0.84672,3695.15,0,36.966,0.258279,2.80534,1.76356,15.6302,1.11638,18.8244,0.42336,36.966,0.42336,423.524,0,1.02816,0,0,3.8335,2.80534,1.028160,1,0,178.004,0,0,0,178.004,0
61.8627,2.12273,0,0,6.80092,0.283184,0.36288,3.6288,61.308,0.537646,0,0,2.92435,0.182035,2.20467,0.66528,12.849,1,0.471635,0.36288,0,180.682,3.70066,176.873,0.84672,12.849,0.84672,3695.15,0,36.966,0.324176,3.70444,1.76382,16.2946,1.0868,20.3519,0.42336,36.966,0.42336,423.524,0,1.02816,0,0,4.7326,3.70444,1.028160,1,0,199.429,0,0,0,199.429,0
62.2937,2.29447,0,0,3.36032,0.271928,0.36288,3.6288,61.308,0.428392,0,0,2.55813,0.173641,1.9561,0.66528,12.849,1,0.476566,0.36288,0,77.3842,3.56769,73.7028,0.84672,12.849,0.84672,3695.15,0,36.966,0.258302,1.27369,1.94638,13.0556,1.06178,14.9556,0.42336,36.966,0.42336,423.524,0,1.02816,0,0,2.30185,1.27369,1.028160,1,0,90.6145,0,0,0,90.6145,0
63.676,2.29849,0,0,4.31654,0.272894,0.36288,3.6288,61.308,0.428393,0,0,2.06311,0.173641,1.46108,0.66528,12.849,1,0.474097,0.36288,0,120.017,3.56769,116.338,0.84672,12.849,0.84672,3695.15,0,36.966,0.258302,2.43424,1.84419,15.6978,1.06178,18.6562,0.42336,36.966,0.42336,423.524,0,1.02816,0,0,3.4624,2.43424,1.028160,1,0,136.456,0,0,0,136.456,0
64.621,2.30834,0,0,3.93748,0.321279,0.36288,3.6288,61.308,0.428393,0,0,1.99466,0.157889,1.40838,0.66528,12.849,1,0.465793,0.36288,0,102.485,3.68013,98.702,0.84672,12.849,0.84672,3695.15,0,36.966,0.258302,2.74139,1.84448,13.4355,1.01456,16.7485,0.42336,36.966,0.42336,423.524,0,1.02816,0,0,3.76955,2.74139,1.028160,1,0,116.859,0,0,0,116.859,0
69.2178,2.01682,0,0,7.3272,0.350689,0.36288,3.6288,61.308,0.28152,0,0,1.86522,0.189864,1.39384,0.66528,12.849,1,0.401016,0.36288,0,137.407,3.69788,133.671,0.84672,12.849,0.84672,3695.15,0,36.966,0.169744,2.90308,1.84477,15.3682,1.03517,18.9112,0.42336,36.966,0.42336,423.524,0,1.02816,0,0,3.93124,2.90308,1.028160,1,0,153.976,0,0,0,153.976,0
72.29,1.84191,0,0,6.19995,0.341491,0.944344,3.6288,61.308,0.428342,0,0,2.02103,0.176351,1.41633,0.66528,12.849,1,0.341917,0.944344,0,124.032,3.97058,120.664,0.84672,12.849,0.84672,3695.15,0,36.966,0.258271,2.84256,1.59611,11.7506,0.956471,14.9745,0.42336,36.966,0.42336,423.524,0,1.02816,0,0,3.87072,2.84256,1.028160,1,0,137.055,0,0,0,137.055,0
72.29,1.85539,0,0,4.34998,0.349641,2.14495,3.6288,61.308,0.428342,0,0,1.53135,0.176351,0.926652,0.66528,12.849,1,0.329781,2.14495,0,120.769,3.97058,118.614,0.84672,12.849,0.84672,3695.15,0,36.966,0.258271,2.32151,1.73408,10.612,0.956471,13.4528,0.42336,36.966,0.42336,423.524,0,1.02816,0,0,3.34967,2.32151,1.028160,1,0,132.993,0,0,0,132.993,0
72.29,1.85653,0,0,4.43998,0.293,2.29045,3.6288,61.308,0.428342,0,0,1.16395,0.14627,0.589343,0.66528,12.849,1,0.329984,2.29045,0,105.08,3.5346,103.506,0.84672,12.849,0.84672,3695.15,0,36.966,0.258271,1.73095,1.73433,9.66868,0.893844,11.9819,0.42336,36.966,0.42336,423.524,0,1.02816,0,0,2.75911,1.73095,1.028160,1,0,116.077,0,0,0,116.077,0
72.29,1.85767,0,0,4.12716,0.270344,1.99915,3.6288,61.308,0.428342,0,0,1.39024,0.134237,0.827657,0.66528,12.849,1,0.330187,1.99915,0,109.784,3.36021,108.093,0.84672,12.849,0.84672,3695.15,0,36.966,0.258271,2.25807,1.73459,9.59567,0.868793,12.4613,0.42336,36.966,0.42336,423.524,0,1.02816,0,0,3.28623,2.25807,1.028160,1,0,121.382,0,0,0,121.382,0
72.29,1.93542,0,0,6.56742,0.315958,4.31604,3.6288,61.308,0.464335,0,0,2.50405,0.141899,1.89782,0.66528,12.849,1,0.344007,4.31604,0,174.167,3.61689,174.522,0.84672,12.849,0.84672,3695.15,0,36.966,0.279973,4.00467,1.73484,13.5416,0.80943,18.1917,0.42336,36.966,0.42336,423.524,0,1.02816,0,0,5.03283,4.00467,1.028160,1,0,194.611,0,0,0,194.611,0
72.29,1.98558,0,0,4.50617,0.32356,2.19704,3.6288,61.308,0.428355,0,0,2.25016,0.143176,1.67863,0.66528,12.849,1,0.352922,2.19704,0,94.9622,3.65967,93.1467,0.84672,12.849,0.84672,3695.15,0,36.966,0.258279,2.68275,1.79657,11.5712,0.799536,14.9927,0.42336,36.966,0.42336,423.524,0,1.02816,0,0,3.71091,2.68275,1.028160,1,0,109.818,0,0,0,109.818,0
72.29,1.98676,0,0,4.12455,0.32356,1.81423,3.6288,61.308,0.428355,0,0,1.85747,0.143176,1.28594,0.66528,12.849,1,0.353132,1.81423,0,108.807,3.65967,106.608,0.84672,12.849,0.84672,3695.15,0,36.966,0.258279,2.50737,1.76308,11.1902,0.799536,14.4028,0.42336,36.966,0.42336,423.524,0,1.02816,0,0,3.53553,2.50737,1.028160,1,0,122.297,0,0,0,122.297,0
72.29,1.98795,0,0,3.56072,0.27892,1.29385,3.6288,61.308,0.428355,0,0,1.56678,0.166964,0.971458,0.66528,12.849,1,0.353343,1.29385,0,101.569,3.95052,98.5592,0.84672,12.849,0.84672,3695.15,0,36.966,0.258279,2.2256,1.76335,11.1378,0.856788,14.0117,0.42336,36.966,0.42336,423.524,0,1.02816,0,0,3.25376,2.2256,1.028160,1,0,113.542,0,0,0,113.542,0
72.29,1.95914,0,0,3.06482,0.242882,0.862804,3.6288,61.308,0.414357,0,0,1.43488,0.19017,0.830353,0.66528,12.849,1,0.348222,0.862804,0,64.9007,4.16412,61.2511,0.84672,12.849,0.84672,3695.15,0,36.966,0.249839,1.68503,1.76361,8.0966,0.965422,10.33,0.42336,36.966,0.42336,423.524,0,1.02816,0,0,2.71319,1.68503,1.028160,1,0,72.4114,0,0,0,72.4114,0
72.2452,1.94126,0,0,2.48856,0.229245,0.36288,3.6288,61.308,0.42835,0,0,1.18755,0.200437,0.558763,0.66528,12.849,1,0.345045,0.36288,0,53.4468,4.23707,49.2276,0.84672,12.849,0.84672,3695.15,0,36.966,0.258276,1.45171,1.73991,7.54809,1.02972,9.45171,0.42336,36.966,0.42336,423.524,0,1.02816,0,0,2.47987,1.45171,1.028160,1,0,59.238,0,0,0,59.238,0
72.29,1.94225,0,0,2.90071,0.229167,0.684467,3.6288,61.308,0.42835,0,0,1.26802,0.200437,0.639236,0.66528,12.849,1,0.345434,0.684467,0,55.1918,4.23707,51.2938,0.84672,12.849,0.84672,3695.15,0,36.966,0.258276,1.44719,1.7533,6.47207,1.02972,8.38456,0.42336,36.966,0.42336,423.524,0,1.02816,0,0,2.47535,1.44719,1.028160,1,0,60.3176,0,0,0,60.3176,0
72.29,1.9436,0,0,3.24893,0.206412,1.09891,3.6288,61.308,0.428351,0,0,1.30462,0.205792,0.67048,0.66528,12.849,1,0.34546,1.09891,0,66.2852,4.39961,62.6391,0.84672,12.849,0.84672,3695.15,0,36.966,0.258276,1.55814,1.75356,6.23938,0.999633,8.29317,0.42336,36.966,0.42336,423.524,0,1.02816,0,0,2.5863,1.55814,1.028160,1,0,71.6027,0,0,0,71.6027,0
71.9427,2.04673,0,0,2.24265,0.18033,0.36288,3.6288,61.308,0.478061,0,0,1.11848,0.21768,0.422742,0.66528,12.849,1,0.363791,0.36288,0,48.4803,4.67311,43.8062,0.84672,12.849,0.84672,3695.15,0,36.966,0.288249,1.17719,1.75381,5.54486,0.971935,7.21568,0.42336,36.966,0.42336,423.524,0,1.02816,0,0,2.20535,1.17719,1.028160,1,0,51.4446,0,0,0,51.4446,0
71.4428,2.11405,0,0,2.15094,0.173965,0.36288,3.6288,61.308,0.428368,0,0,0.838979,0.228862,0.181749,0.66528,12.849,1,0.377571,0.36288,0,41.7022,4.50944,37.178,0.84672,12.849,0.84672,3695.15,0,36.966,0.258287,0.770653,1.83814,4.22005,1.03848,5.53208,0.42336,36.966,0.42336,423.524,0,1.02816,0,0,1.79881,0.770653,1.028160,1,0,42.8919,0,0,0,42.8919,0
70.8062,2.11304,0,0,1.98998,0.150617,0.36288,3.6288,61.308,0.428368,0,0,0.852906,0.234217,0.190321,0.66528,12.849,1,0.380031,0.36288,0,37.7794,4.67198,33.0903,0.84672,12.849,0.84672,3695.15,0,36.966,0.258287,0.774127,1.7918,4.16395,1.00839,5.4632,0.42336,36.966,0.42336,423.524,0,1.02816,0,0,1.80229,0.774127,1.028160,1,0,38.7438,0,0,0,38.7438,0
70.11,2.11137,0,0,1.92798,0.149884,0.36288,3.6288,61.308,0.428368,0,0,0.89373,0.234217,0.231145,0.66528,12.849,1,0.383145,0.36288,0,35.8474,4.67198,31.1552,0.84672,12.849,0.84672,3695.15,0,36.966,0.258287,0.708549,1.79207,4.32243,1.00839,5.55636,0.42336,36.966,0.42336,423.524,0,1.02816,0,0,1.73671,0.708549,1.028160,1,0,36.9427,0,0,0,36.9427,0
69.2943,2.10938,0,0,1.80556,0.149084,0.36288,3.6288,61.308,0.428368,0,0,0.824472,0.234217,0.161887,0.66528,12.849,1,0.386584,0.36288,0,33.5993,4.67198,28.9036,0.84672,12.849,0.84672,3695.15,0,36.966,0.258287,0.550973,1.79234,3.91642,1.00839,4.99305,0.42336,36.966,0.42336,423.524,0,1.02816,0,0,1.57913,0.550973,1.028160,1,0,34.0586,0,0,0,34.0586,0
68.6358,2.0867,0,0,1.91714,0.126063,0.36288,3.6288,61.308,0.455737,0,0,0.957303,0.263516,0.238051,0.66528,12.849,1,0.386929,0.36288,0,36.8134,4.9787,31.8107,0.84672,12.849,0.84672,3695.15,0,36.966,0.274789,0.82569,1.79261,5.25779,1.08578,6.51552,0.42336,36.966,0.42336,423.524,0,1.02816,0,0,1.85385,0.82569,1.028160,1,0,38.5642,0,0,0,38.5642,0
67.8809,2.12173,0,0,1.85147,0.121757,0.36288,3.6288,61.308,0.428378,0,0,0.961364,0.268399,0.264587,0.66528,12.849,1,0.397201,0.36288,0,36.9104,5.02982,31.8463,0.84672,12.849,0.84672,3695.15,0,36.966,0.258293,0.793187,1.82232,5.2389,1.09868,6.49743,0.42336,36.966,0.42336,423.524,0,1.02816,0,0,1.82135,0.793187,1.028160,1,0,38.6083,0,0,0,38.6083,0
67.0549,2.11924,0,0,1.75596,0.0998241,0.36288,3.6288,61.308,0.428378,0,0,0.912453,0.303474,0.180601,0.66528,12.849,1,0.401146,0.36288,0,35.1298,5.5764,29.5151,0.84672,12.849,0.84672,3695.15,0,36.966,0.258293,0.776753,1.79693,5.02686,1.27335,6.06889,0.42336,36.966,0.42336,423.524,0,1.02816,0,0,1.80491,0.776753,1.028160,1,0,35.7646,0,0,0,35.7646,0
66.1147,2.11632,0,0,1.64039,0.101344,0.36288,3.6288,61.308,0.428378,0,0,0.899156,0.296299,0.17448,0.66528,12.849,1,0.405527,0.36288,0,34.3316,5.81553,28.4735,0.84672,12.849,0.84672,3695.15,0,36.966,0.258293,0.812696,1.7972,4.9672,1.29238,6.02642,0.42336,36.966,0.42336,423.524,0,1.02816,0,0,1.84086,0.812696,1.028160,1,0,34.6744,0,0,0,34.6744,0
65.0964,2.16422,0,0,1.60233,0.0935093,0.36288,3.6288,61.308,0.452803,0,0,0.9464,0.317371,0.176226,0.66528,12.849,1,0.420603,0.36288,0,37.2506,5.99724,31.1956,0.84672,12.849,0.84672,3695.15,0,36.966,0.27302,0.693446,1.79747,4.49258,1.40714,5.30334,0.42336,36.966,0.42336,423.524,0,1.02816,0,0,1.72161,0.693446,1.028160,1,0,36.6752,0,0,0,36.6752,0
64.0576,2.19265,0,0,1.60008,0.0833849,0.36288,3.6288,61.308,0.428386,0,0,1.00181,0.345467,0.227955,0.66528,12.849,1,0.432795,0.36288,0,29.5777,6.23952,23.2683,0.84672,12.849,0.84672,3695.15,0,36.966,0.258298,0.804358,1.83952,4.30703,1.56017,5.13245,0.42336,36.966,0.42336,423.524,0,1.02816,0,0,1.83252,0.804358,1.028160,1,0,28.6287,0,0,0,28.6287,0
62.9034,2.18805,0,0,1.47938,0.0826897,0.36288,3.6288,61.308,0.428386,0,0,0.929033,0.345467,0.15518,0.66528,12.849,1,0.43889,0.36288,0,28.3625,6.23952,22.047,0.84672,12.849,0.84672,3695.15,0,36.966,0.258298,0.581351,1.8169,3.74491,1.56017,4.3247,0.42336,36.966,0.42336,423.524,0,1.02816,0,0,1.60951,0.581351,1.028160,1,0,26.5269,0,0,0,26.5269,0
61.7928,2.1826,0,0,1.51224,0.0773654,0.36288,3.6288,61.308,0.428386,0,0,1.03174,0.348057,0.255294,0.66528,12.849,1,0.445831,0.36288,0,26.9757,6.3143,20.5785,0.84672,12.849,0.84672,3695.15,0,36.966,0.258298,0.798535,1.81718,4.63219,1.5751,5.4145,0.42336,36.966,0.42336,423.524,0,1.02816,0,0,1.82669,0.798535,1.028160,1,0,26.2483,0,0,0,26.2483,0
60.612,2.32655,0,0,1.57566,0.0670053,0.36288,3.6288,61.308,0.516669,0,0,1.05774,0.319124,0.22195,0.66528,12.849,1,0.483775,0.36288,0,27.0167,6.43968,20.4561,0.84672,12.849,0.84672,3695.15,0,36.966,0.311529,0.916358,1.81746,5.05641,1.62598,5.85272,0.42336,36.966,0.42336,423.524,0,1.02816,0,0,1.94452,0.916358,1.028160,1,0,26.5308,0,0,0,26.5308,0
59.0662,2.37831,0,0,1.27621,0.0808162,0.36288,3.6288,61.308,0.472651,0,0,1.0967,0.302897,0.321153,0.66528,12.849,1,0.504173,0.36288,0,25.4646,5.74339,19.5799,0.84672,12.849,0.84672,3695.15,0,36.966,0.284988,1.08921,1.96088,6.04282,1.40497,7.40295,0.42336,36.966,0.42336,423.524,0,1.02816,0,0,2.11737,1.08921,1.028160,1,0,27.304,0,0,0,27.304,0
57.3996,2.36829,0,0,1.14422,0.079657,0.36288,3.6288,61.308,0.473034,0,0,0.994136,0.302897,0.218205,0.66528,12.849,1,0.515187,0.36288,0,22.7325,5.74339,16.8368,0.84672,12.849,0.84672,3695.15,0,36.966,0.285218,0.951713,1.91989,5.89273,1.40497,7.07414,0.42336,36.966,0.42336,423.524,0,1.02816,0,0,1.97987,0.951713,1.028160,1,0,24.1292,0,0,0,24.1292,0
55.971,2.35687,0,0,1.36951,0.078376,0.36288,3.6288,61.308,0.473417,0,0,1.06796,0.302897,0.291642,0.66528,12.849,1,0.52759,0.36288,0,23.5268,5.74339,17.6187,0.84672,12.849,0.84672,3695.15,0,36.966,0.285449,1.12204,1.92054,6.46358,1.40497,7.81575,0.42336,36.966,0.42336,423.524,0,1.02816,0,0,2.1502,1.12204,1.028160,1,0,25.7261,0,0,0,25.7261,0
55.5036,2.34673,0,0,2.34172,0.099459,0.36288,3.6288,61.308,0.4738,0,0,1.37171,0.297533,0.600379,0.66528,12.849,1,0.538727,0.36288,0,39.0984,5.59497,33.3276,0.84672,12.849,0.84672,3695.15,0,36.966,0.28568,1.47643,1.9212,7.15461,1.38677,8.8798,0.42336,36.966,0.42336,423.524,0,1.02816,0,0,2.50459,1.47643,1.028160,1,0,42.8078,0,0,0,42.8078,0
54.9477,2.27234,0,0,2.16327,0.0839999,0.36288,3.6288,61.308,0.420506,0,0,1.51167,0.267792,0.823374,0.66528,12.849,1,0.526042,0.36288,0,27.4641,5.57171,21.7292,0.84672,12.849,0.84672,3695.15,0,36.966,0.253547,2.10384,1.92186,7.80408,1.29748,10.2788,0.42336,36.966,0.42336,423.524,0,1.02816,0,0,3.132,2.10384,1.028160,1,0,32.8313,0,0,0,32.8313,0
53.7949,2.25902,0,0,1.54913,0.0800009,0.36288,3.6288,61.308,0.428399,0,0,0.784201,0.259369,0.0964329,0.66528,12.849,1,0.528251,0.36288,0,24.5663,5.47922,18.9217,0.84672,12.849,0.84672,3695.15,0,36.966,0.258306,1.12412,1.83955,5.76417,1.26613,7.2034,0.42336,36.966,0.42336,423.524,0,1.02816,0,0,2.15228,1.12412,1.028160,1,0,26.2215,0,0,0,26.2215,0
52.362,2.25113,0,0,1.26019,0.0790742,0.36288,3.6288,61.2657,0.428399,0,0,0.645464,0.259369,0,0.66528,12.849,1,0.537686,0.36288,0,22.559,5.47922,16.9049,0.84672,12.849,0.84672,3695.15,0,36.966,0.258306,0.652355,1.84724,5.20815,1.26613,6.18331,0.42336,36.966,0.42336,423.524,0,1.02816,0,0,1.68051,0.652355,1.028160,1,0,23.0882,0,0,0,23.0882,0
51.6967,2.24056,0,0,2.08206,0.143886,0.36288,3.6288,61.308,0.428288,0,0,0.977443,0.198671,0.308181,0.66528,12.849,1,0.549806,0.36288,0,32.1169,4.6487,27.2812,0.84672,12.849,0.84672,3695.15,0,36.966,0.258417,1.1079,1.84753,6.89962,1.00654,8.59009,0.42336,36.966,0.42336,423.524,0,1.02816,0,0,2.13606,1.1079,1.028160,1,0,36.1795,0,0,0,36.1795,0
52.8652,2.17815,0,0,3.8974,0.187927,0.36288,3.6288,61.308,0.379473,0,0,1.36076,0.17467,0.806619,0.66528,12.849,1,0.54137,0.36288,0,71.5662,3.98072,67.4069,0.84672,12.849,0.84672,3695.15,0,36.966,0.228805,1.45249,1.84782,14.2402,0.909742,16.4019,0.42336,36.966,0.42336,423.524,0,1.02816,0,0,2.48065,1.45249,1.028160,1,0,84.6155,0,0,0,84.6155,0
51.5491,2.12591,0,0,1.35254,0.179824,0.36288,3.6288,61.308,0.428383,0,0,0.670832,0.228245,0.0142041,0.66528,12.849,1,0.516707,0.36288,0,25.5266,3.86799,21.5048,0.84672,12.849,0.84672,3695.15,0,36.966,0.258296,0.292585,1.77395,6.49287,1.15449,7.14662,0.42336,36.966,0.42336,423.524,0,1.02816,0,0,1.32074,0.292585,1.028160,1,0,28.6656,0,0,0,28.6656,0
50.8264,2.11655,0,0,1.93415,0.177395,0.36288,3.6288,61.194,0.515529,0,0,0.629822,0.228245,0,0.66528,12.849,1,0.527565,0.36288,0,31.6477,3.86799,27.615,0.84672,12.849,0.84672,3695.15,0,36.966,0.310841,0.292723,1.82011,7.43399,1.15449,8.08149,0.42336,36.966,0.42336,423.524,0,0.888468,0,0,1.18119,0.292723,1.028160,1,0,35.6965,0,0,0,35.6965,0
53.2454,2.11175,0,0,5.06966,0.176061,0.36288,3.6288,61.308,0.428083,0,0,1.88378,0.228081,1.11366,0.66528,12.849,1,0.533855,0.36288,0,70.3284,3.86799,66.2894,0.84672,12.849,0.84672,3695.15,0,36.966,0.258596,3.02989,1.82039,15.036,1.15449,18.4732,0.42336,36.966,0.42336,423.524,0,1.02816,0,0,4.05805,3.02989,1.028160,1,0,85.8763,0,0,0,85.8763,0
54.23,1.96665,0,0,3.50651,0.192355,0.36288,3.6288,61.308,0.326344,0,0,1.27971,0.232871,0.720498,0.66528,12.849,1,0.474585,0.36288,0,52.9589,3.74517,49.102,0.84672,12.849,0.84672,3695.15,0,36.966,0.196771,1.73556,1.82067,8.7499,1.11206,10.9973,0.42336,36.966,0.42336,423.524,0,1.02816,0,0,2.76372,1.73556,1.028160,1,0,60.8198,0,0,0,60.8198,0
53.1826,1.84254,0,0,1.39455,0.236519,0.36288,3.6288,61.308,0.428348,0,0,1.14693,0.202189,0.516398,0.66528,12.849,1,0.436562,0.36288,0,43.2556,4.33482,38.8471,0.84672,12.849,0.84672,3695.15,0,36.966,0.258275,1.09557,1.656,6.17117,0.96916,7.69531,0.42336,36.966,0.42336,423.524,0,1.02816,0,0,2.12373,1.09557,1.028160,1,0,47.0588,0,0,0,47.0588,0
52.3487,1.83671,0,0,1.59964,0.234011,0.36288,3.6288,61.308,0.428348,0,0,1.28019,0.202189,0.649652,0.66528,12.849,1,0.443753,0.36288,0,50.7623,4.33482,46.3466,0.84672,12.849,0.84672,3695.15,0,36.966,0.258275,1.36306,1.75194,6.88681,0.96916,8.77439,0.42336,36.966,0.42336,423.524,0,1.02816,0,0,2.39122,1.36306,1.028160,1,0,55.7707,0,0,0,55.7707,0
51.3881,1.83214,0,0,1.46645,0.232015,0.36288,3.6288,61.308,0.428348,0,0,1.15357,0.202189,0.523033,0.66528,12.849,1,0.449699,0.36288,0,45.1351,4.33482,40.7135,0.84672,12.849,0.84672,3695.15,0,36.966,0.258275,0.995483,1.7522,4.85457,0.96916,6.37482,0.42336,36.966,0.42336,423.524,0,1.02816,0,0,2.02364,0.995483,1.028160,1,0,47.6113,0,0,0,47.6113,0
50.2885,1.82651,0,0,1.3173,0.227531,0.36288,3.6288,61.308,0.428348,0,0,1.11845,0.218155,0.471945,0.66528,12.849,1,0.456698,0.36288,0,39.7615,4.10009,35.5676,0.84672,12.849,0.84672,3695.15,0,36.966,0.258275,0.993185,1.75246,4.97092,0.894399,6.56389,0.42336,36.966,0.42336,423.524,0,1.02816,0,0,2.02135,0.993185,1.028160,1,0,42.6035,0,0,0,42.6035,0
51.4341,1.88281,0,0,3.61451,0.223186,0.36288,3.6288,61.308,0.457939,0,0,1.19703,0.21149,0.527601,0.66528,12.849,1,0.48107,0.36288,0,71.3771,4.09528,67.1636,0.84672,12.849,0.84672,3695.15,0,36.966,0.276117,1.61339,1.75271,7.21777,1.07705,9.23071,0.42336,36.966,0.42336,423.524,0,1.02816,0,0,2.64155,1.61339,1.028160,1,0,76.9219,0,0,0,76.9219,0
53.976,1.93043,0,0,5.06495,0.229686,0.36288,3.6288,61.308,0.428347,0,0,1.24996,0.201257,0.620354,0.66528,12.849,1,0.482251,0.36288,0,106.232,4.51279,101.6,0.84672,12.849,0.84672,3695.15,0,36.966,0.258274,1.79136,1.80448,8.71836,1.33943,10.7165,0.42336,36.966,0.42336,423.524,0,1.02816,0,0,2.81952,1.79136,1.028160,1,0,112.937,0,0,0,112.937,0
55.1618,1.94988,0,0,3.73429,0.235768,0.36288,3.6288,61.308,0.428347,0,0,0.987552,0.201257,0.357948,0.66528,12.849,1,0.464169,0.36288,0,95.1117,4.51279,90.4976,0.84672,12.849,0.84672,3695.15,0,36.966,0.258274,1.32849,1.77698,9.01031,1.33943,10.5181,0.42336,36.966,0.42336,423.524,0,1.02816,0,0,2.35665,1.32849,1.028160,1,0,101.374,0,0,0,101.374,0
56.3067,1.95908,0,0,3.67504,0.208206,0.36288,3.6288,61.308,0.428347,0,0,0.846677,0.208772,0.209558,0.66528,12.849,1,0.456334,0.36288,0,100.604,4.37513,96.1356,0.84672,12.849,0.84672,3695.15,0,36.966,0.258274,0.995898,1.77723,8.18925,1.21163,9.49247,0.42336,36.966,0.42336,423.524,0,1.02816,0,0,2.02406,0.995898,1.028160,1,0,105.838,0,0,0,105.838,0
56.5533,2.17541,0,0,3.02093,0.236047,0.36288,3.6288,61.308,0.539603,0,0,0.934197,0.202116,0.192478,0.66528,12.849,1,0.49642,0.36288,0,110.318,4.0562,106.128,0.84672,12.849,0.84672,3695.15,0,36.966,0.325357,1.28359,1.77749,7.14878,0.993167,8.89134,0.42336,36.966,0.42336,423.524,0,1.02816,0,0,2.31175,1.28359,1.028160,1,0,115.212,0,0,0,115.212,0
57.3122,2.32367,0,0,3.69316,0.247649,0.36288,3.6288,61.308,0.428384,0,0,0.813922,0.225139,0.160398,0.66528,12.849,1,0.527942,0.36288,0,121.529,4.46533,116.899,0.84672,12.849,0.84672,3695.15,0,36.966,0.258297,1.27092,1.96332,6.55802,1.17992,8.35405,0.42336,36.966,0.42336,423.524,0,1.02816,0,0,2.29908,1.27092,1.028160,1,0,125.413,0,0,0,125.413,0
59.9302,2.33062,0,0,5.56098,0.249508,0.36288,3.6288,61.308,0.428384,0,0,0.896279,0.225139,0.242756,0.66528,12.849,1,0.522508,0.36288,0,102.829,4.46533,98.204,0.84672,12.849,0.84672,3695.15,0,36.966,0.258297,1.89513,1.85928,9.06042,1.17992,11.3766,0.42336,36.966,0.42336,423.524,0,1.02816,0,0,2.92329,1.89513,1.028160,1,0,109.823,0,0,0,109.823,0
60.5584,2.35066,0,0,3.60256,0.260826,0.36288,3.6288,61.308,0.428385,0,0,0.703181,0.218097,0.0567,0.66528,12.849,1,0.50398,0.36288,0,102.483,4.15863,98.1836,0.84672,12.849,0.84672,3695.15,0,36.966,0.258297,1.17834,1.85956,5.57728,1.14186,7.21502,0.42336,36.966,0.42336,423.524,0,1.02816,0,0,2.2065,1.17834,1.028160,1,0,105.455,0,0,0,105.455,0
61.9187,2.05572,0,0,4.07077,0.291873,0.36288,3.6288,61.308,0.278881,0,0,0.812471,0.202755,0.330836,0.66528,12.849,1,0.436173,0.36288,0,125.479,3.936,121.469,0.84672,12.849,0.84672,3695.15,0,36.966,0.168153,1.2468,1.85985,11.2558,1.11378,13.0806,0.42336,36.966,0.42336,423.524,0,1.02816,0,0,2.27496,1.2468,1.028160,1,0,134.881,0,0,0,134.881,0
63.0188,1.86635,0,0,3.60642,0.277089,0.36288,3.6288,61.308,0.428335,0,0,1.16655,0.207277,0.530935,0.66528,12.849,1,0.387293,0.36288,0,78.395,3.5868,74.7838,0.84672,12.849,0.84672,3695.15,0,36.966,0.258267,1.28124,1.60672,7.93264,0.852899,9.70944,0.42336,36.966,0.42336,423.524,0,1.02816,0,0,2.3094,1.28124,1.028160,1,0,85.0242,0,0,0,85.0242,0
64.9634,1.87305,0,0,4.46014,0.2796,0.36288,3.6288,61.308,0.428335,0,0,1.3063,0.207277,0.670687,0.66528,12.849,1,0.381899,0.36288,0,99.4931,3.5868,95.8872,0.84672,12.849,0.84672,3695.15,0,36.966,0.258267,1.44565,1.74716,8.95251,0.852899,11.0342,0.42336,36.966,0.42336,423.524,0,1.02816,0,0,2.47381,1.44565,1.028160,1,0,107.592,0,0,0,107.592,0
67.4097,1.88369,0,0,4.98117,0.288322,0.36288,3.6288,61.308,0.428335,0,0,1.60987,0.2103,0.971239,0.66528,12.849,1,0.372572,0.36288,0,124.858,3.67264,121.176,0.84672,12.849,0.84672,3695.15,0,36.966,0.258267,1.83351,1.7474,10.0224,0.851676,12.4934,0.42336,36.966,0.42336,423.524,0,1.02816,0,0,2.86167,1.83351,1.028160,1,0,134.641,0,0,0,134.641,0
70.1277,1.89615,0,0,5.2972,0.320201,0.36288,3.6288,61.308,0.428335,0,0,1.1012,0.228438,0.444429,0.66528,12.849,1,0.361426,0.36288,0,145.053,4.18771,140.866,0.84672,12.849,0.84672,3695.15,0,36.966,0.258267,1.28266,1.74765,8.71811,0.84434,10.6458,0.42336,36.966,0.42336,423.524,0,1.02816,0,0,2.31082,1.28266,1.028160,1,0,151.957,0,0,0,151.957,0
72.1264,1.98672,0,0,4.62008,0.27173,0.36288,3.6288,61.308,0.46497,0,0,1.17471,0.178519,0.531223,0.66528,12.849,1,0.364012,0.36288,0,96.2539,4.59126,91.6615,0.84672,12.849,0.84672,3695.15,0,36.966,0.280356,1.50837,1.7479,9.08012,0.755012,11.301,0.42336,36.966,0.42336,423.524,0,1.02816,0,0,2.53653,1.50837,1.028160,1,0,103.494,0,0,0,103.494,0
72.29,2.04627,0,0,4.09781,0.285451,1.60253,3.6288,61.308,0.428348,0,0,1.327,0.186655,0.711997,0.66528,12.849,1,0.364533,1.60253,0,92.6199,4.17207,89.6859,0.84672,12.849,0.84672,3695.15,0,36.966,0.258275,1.71435,1.81072,9.31902,0.766377,11.8194,0.42336,36.966,0.42336,423.524,0,1.02816,0,0,2.74251,1.71435,1.028160,1,0,102.217,0,0,0,102.217,0
72.29,2.04812,0,0,6.63661,0.2882,4.30028,3.6288,61.308,0.428348,0,0,2.03422,0.189854,1.41602,0.66528,12.849,1,0.364039,4.30028,0,156.14,4.07956,155.997,0.84672,12.849,0.84672,3695.15,0,36.966,0.258275,3.64721,1.77662,15.3564,0.766226,19.7557,0.42336,36.966,0.42336,423.524,0,1.02816,0,0,4.67537,3.64721,1.028160,1,0,177.169,0,0,0,177.169,0
72.29,2.04928,0,0,5.22143,0.2882,2.88395,3.6288,61.308,0.428348,0,0,1.81332,0.189854,1.19512,0.66528,12.849,1,0.364244,2.88395,0,120.234,4.07956,118.674,0.84672,12.849,0.84672,3695.15,0,36.966,0.258275,2.67183,1.77688,12.8184,0.766226,16.2426,0.42336,36.966,0.42336,423.524,0,1.02816,0,0,3.69999,2.67183,1.028160,1,0,136.112,0,0,0,136.112,0
72.29,2.01991,0,0,4.46709,0.252181,2.19499,3.6288,61.308,0.414101,0,0,1.41524,0.185577,0.815563,0.66528,12.849,1,0.359024,2.19499,0,104.156,4.23765,101.754,0.84672,12.849,0.84672,3695.15,0,36.966,0.249684,2.53476,1.77714,14.0991,0.867823,17.2935,0.42336,36.966,0.42336,423.524,0,1.02816,0,0,3.56292,2.53476,1.028160,1,0,119.863,0,0,0,119.863,0
72.29,2.00167,0,0,3.55137,0.204157,1.34554,3.6288,61.308,0.428343,0,0,0.879785,0.179875,0.271567,0.66528,12.849,1,0.355782,1.34554,0,76.2264,4.44843,72.7677,0.84672,12.849,0.84672,3695.15,0,36.966,0.258272,1.97726,1.75301,8.28913,1.00329,10.7578,0.42336,36.966,0.42336,423.524,0,1.02816,0,0,3.00542,1.97726,1.028160,1,0,83.7971,0,0,0,83.7971,0
72.29,2.00281,0,0,2.96319,0.204157,0.756223,3.6288,61.308,0.428343,0,0,0.79742,0.179875,0.189201,0.66528,12.849,1,0.355985,0.756223,0,61.6425,4.44843,57.5943,0.84672,12.849,0.84672,3695.15,0,36.966,0.258272,1.5603,1.76662,6.58791,1.00329,8.65328,0.42336,36.966,0.42336,423.524,0,1.02816,0,0,2.58846,1.5603,1.028160,1,0,66.4368,0,0,0,66.4368,0
72.29,2.00395,0,0,2.62727,0.204157,0.419157,3.6288,61.308,0.428343,0,0,0.724308,0.179875,0.11609,0.66528,12.849,1,0.356188,0.419157,0,53.4102,4.44843,49.0248,0.84672,12.849,0.84672,3695.15,0,36.966,0.258272,1.23202,1.76687,5.69697,1.00329,7.4343,0.42336,36.966,0.42336,423.524,0,1.02816,0,0,2.26018,1.23202,1.028160,1,0,56.5752,0,0,0,56.5752,0
71.999,2.10887,0,0,2.38058,0.199836,0.36288,3.6288,61.3043,0.478935,0,0,0.649417,0.174187,0,0.66528,12.849,1,0.374835,0.36288,0,47.0582,4.33047,42.7158,0.84672,12.849,0.84672,3695.15,0,36.966,0.288777,1.02675,1.76713,5.21076,0.973367,6.74249,0.42336,36.966,0.42336,423.524,0,1.02816,0,0,2.05491,1.02675,1.028160,1,0,49.4583,0,0,0,49.4583,0
71.8341,2.17757,0,0,2.58431,0.208732,0.36288,3.6288,61.308,0.42835,0,0,0.730495,0.190386,0.108054,0.66528,12.849,1,0.388611,0.36288,0,52.6495,4.61061,48.0131,0.84672,12.849,0.84672,3695.15,0,36.966,0.258292,1.21779,1.85294,6.74914,0.906672,8.6549,0.42336,36.966,0.42336,423.524,0,1.02816,0,0,2.24595,1.21779,1.028160,1,0,56.7761,0,0,0,56.7761,0
71.758,2.17802,0,0,2.59845,0.133687,0.36288,3.6288,61.308,0.42836,0,0,0.784616,0.208347,0.147908,0.66528,12.849,1,0.389583,0.36288,0,54.9215,4.90472,49.99,0.84672,12.849,0.84672,3695.15,0,36.966,0.258282,1.65505,1.80576,7.76269,0.958532,10.0067,0.42336,36.966,0.42336,423.524,0,1.02816,0,0,2.68321,1.65505,1.028160,1,0,60.1446,0,0,0,60.1446,0
71.4085,2.17886,0,0,2.29427,0.102065,0.36288,3.6288,61.3028,0.42836,0,0,0.64277,0.219612,0,0.66528,12.849,1,0.390148,0.36288,0,50.0727,5.05585,44.9896,0.84672,12.849,0.84672,3695.15,0,36.966,0.258282,1.24459,1.80602,6.53953,0.98894,8.34292,0.42336,36.966,0.42336,423.524,0,1.02816,0,0,2.27275,1.24459,1.028160,1,0,53.3325,0,0,0,53.3325,0
70.9293,2.17845,0,0,2.16397,0.101793,0.36288,3.6288,61.1682,0.428347,0,0,0.513327,0.219604,0,0.66528,12.849,1,0.391982,0.36288,0,46.2612,5.05585,41.1763,0.84672,12.849,0.84672,3695.15,0,36.966,0.258296,0.985202,1.80629,6.14158,0.98894,7.68584,0.42336,36.966,0.42336,423.524,0,1.02816,0,0,2.01336,0.985202,1.028160,1,0,48.8621,0,0,0,48.8621,0
70.1822,2.15691,0,0,1.86335,0.0906769,0.36288,3.6288,60.9666,0.455821,0,0,0.503312,0.249052,0,0.66528,12.849,1,0.390728,0.36288,0,33.6552,5.05855,28.5688,0.84672,12.849,0.84672,3695.15,0,36.966,0.275468,0.450723,1.80655,3.44407,1.12545,4.30043,0.42336,36.966,0.42336,423.524,0,1.02816,0,0,1.47888,0.450723,1.028160,1,0,32.8692,0,0,0,32.8692,0
69.1808,2.19232,0,0,1.63973,0.0858848,0.36288,3.6288,60.7159,0.482451,0,0,0.492264,0.260573,0,0.66528,12.849,1,0.401371,0.36288,0,29.2486,5.05964,24.1505,0.84672,12.849,0.84672,3695.15,0,36.966,0.292525,0.261274,1.83678,2.49399,1.18005,3.11946,0.42336,36.966,0.42336,423.524,0,0.939842,0,0,1.20112,0.261274,1.028160,1,0,27.27,0,0,0,27.27,0
68.0372,2.18862,0,0,1.4931,0.0852216,0.36288,3.6288,60.4623,0.480636,0,0,0.487287,0.260159,0,0.66528,12.849,1,0.406493,0.36288,0,29.0225,5.05964,23.9192,0.84672,12.849,0.84672,3695.15,0,36.966,0.292629,0.261274,1.81093,2.40032,1.18005,2.99984,0.42336,36.966,0.42336,423.524,0,0.941553,0,0,1.20283,0.261274,1.028160,1,0,26.919,0,0,0,26.919,0
66.7567,2.18407,0,0,1.35091,0.0844642,0.36288,3.6288,60.0824,0.572469,0,0,0.452221,0.25974,0,0.66528,12.849,1,0.412466,0.36288,0,26.0626,5.05964,20.9533,0.84672,12.849,0.84672,3695.15,0,36.966,0.350001,0.261274,1.81119,2.30213,1.18005,2.84454,0.42336,36.966,0.42336,423.524,0,0.792349,0,0,1.05362,0.261274,1.028160,1,0,23.7979,0,0,0,23.7979,0
65.3132,2.23112,0,0,1.21205,0.0615866,0.36288,3.6288,59.5704,0.608136,0,0,0.414201,0.317981,0,0.66528,12.849,1,0.429435,0.36288,0,23.5102,5.77265,17.671,0.84672,12.849,0.84672,3695.15,0,36.966,0.374159,0.261274,1.81146,2.14571,1.45579,2.38849,0.42336,36.966,0.42336,423.524,0,0.772364,0,0,1.03364,0.261274,1.028160,1,0,20.0595,0,0,0,20.0595,0
63.6947,2.25769,0,0,1.07165,0.0695536,0.36288,3.6288,59.0026,0.610621,0,0,0.354501,0.311753,0,0.66528,12.849,1,0.444153,0.36288,0,20.7574,5.57907,15.0971,0.84672,12.849,0.84672,3695.15,0,36.966,0.378917,0.261274,1.85424,1.86906,1.42383,2.18183,0.42336,36.966,0.42336,423.524,0,0.725293,0,0,0.986567,0.261274,1.028160,1,0,17.2789,0,0,0,17.2789,0
61.9883,2.24951,0,0,0.974652,0.0686517,0.36288,3.6288,58.336,0.686084,0,0,0.330143,0.310622,0,0.66528,12.849,1,0.453789,0.36288,0,19.3505,5.57907,13.6805,0.84672,12.849,0.84672,3695.15,0,36.966,0.42336,0.227405,1.8312,1.66571,1.42383,1.87713,0.42336,36.966,0.42336,423.524,0,0.605388,0,0,0.832792,0.227405,1.028160,1,0,15.5576,0,0,0,15.5576,0
60.3856,2.24037,0,0,1.06139,0.060817,0.36288,3.6288,57.8717,0.546464,0,0,0.389689,0.307527,0,0.66528,12.849,1,0.464386,0.36288,0,19.4422,5.68721,13.6534,0.84672,12.849,0.84672,3695.15,0,36.966,0.34628,0.227405,1.83148,2.35518,1.44973,2.61805,0.42336,36.966,0.42336,423.524,0,0.822087,0,0,1.04949,0.227405,1.028160,1,0,16.2715,0,0,0,16.2715,0
58.6399,2.38277,0,0,1.05039,0.0504695,0.36288,3.6288,57.3351,0.62839,0,0,0.370101,0.278303,0,0.66528,12.849,1,0.507011,0.36288,0,19.2632,5.81259,13.3065,0.84672,12.849,0.84672,3695.15,0,36.966,0.401389,0.227405,1.83175,2.08767,1.50061,2.24482,0.42336,36.966,0.42336,423.524,0,0.829051,0,0,1.05646,0.227405,1.028160,1,0,15.5513,0,0,0,15.5513,0
56.8757,2.40588,0,0,1.08267,0.0781015,0.36288,3.6288,56.4096,0.948883,0,0,0.354133,0.33072,0,0.66528,12.849,1,0.527169,0.36288,0,21.0788,5.51546,15.3991,0.84672,12.849,0.84672,3695.15,0,36.966,0.42336,0.227405,1.97768,1.63585,1.41315,2.00442,0.42336,36.966,0.42336,423.524,0,0.444882,0,0,0.672287,0.227405,1.028160,1,0,17.4035,0,0,0,17.4035,0
55.0391,2.39333,0,0,1.00651,0.0869444,0.36288,3.6288,55.6276,0.805655,0,0,0.342708,0.319058,0,0.66528,12.849,1,0.540686,0.36288,0,19.2986,5.61057,13.5102,0.84672,12.849,0.84672,3695.15,0,36.966,0.42336,0.204422,1.95356,1.84101,1.45461,2.12103,0.42336,36.966,0.42336,423.524,0,0.58871,0,0,0.793132,0.204422,1.028160,1,0,15.6312,0,0,0,15.6312,0
53.1565,2.37949,0,0,0.945121,0.0853702,0.36288,3.6288,55.0115,0.633174,0,0,0.334422,0.317431,0,0.66528,12.849,1,0.555497,0.36288,0,19.6985,5.61057,13.8953,0.84672,12.849,0.84672,3695.15,0,36.966,0.420761,0.204422,1.95421,1.69705,1.45461,1.98031,0.42336,36.966,0.42336,423.524,0,0.764389,0,0,0.968812,0.204422,1.028160,1,0,15.8756,0,0,0,15.8756,0
51.2601,2.36442,0,0,0.914682,0.0837566,0.36288,3.6288,54.3806,0.646105,0,0,0.331377,0.316148,0,0.66528,12.849,1,0.571529,0.36288,0,18.4151,5.61057,12.5959,0.84672,12.849,0.84672,3695.15,0,36.966,0.42336,0.204422,1.95485,1.69044,1.45461,1.97175,0.42336,36.966,0.42336,423.524,0,0.74946,0,0,0.953882,0.204422,1.028160,1,0,14.5677,0,0,0,14.5677,0
49.6025,2.27664,0,0,1.04255,0.0606518,0.36288,3.6288,53.7741,0.57344,0,0,0.318623,0.351674,0,0.66528,12.849,1,0.57067,0.36288,0,17.3896,5.84703,11.3347,0.84672,12.849,0.84672,3695.15,0,36.966,0.389804,0.204422,1.9555,1.41779,1.4926,1.69531,0.42336,36.966,0.42336,423.524,0,0.768735,0,0,0.973158,0.204422,1.028160,1,0,13.03,0,0,0,13.03,0
47.931,2.26224,0,0,1.0575,0.103852,0.36288,3.6288,53.1785,0.583697,0,0,0.316413,0.328277,0,0.66528,12.849,1,0.58601,0.36288,0,15.5624,4.75225,10.587,0.84672,12.849,0.84672,3695.15,0,36.966,0.401252,0.216518,1.87171,1.12987,1.19718,1.61967,0.42336,36.966,0.42336,423.524,0,0.747602,0,0,0.96412,0.216518,1.028160,1,0,12.2067,0,0,0,12.2067,0
46.3517,2.24687,0,0,1.19151,0.161073,0.36288,3.6288,52.9103,0.415875,0,0,0.443207,0.295512,0,0.66528,12.849,1,0.602324,0.36288,0,15.0063,3.89582,10.871,0.84672,12.849,0.84672,3695.15,0,36.966,0.289087,0.228493,1.87233,1.50886,1.01016,2.31044,0.42336,36.966,0.42336,423.524,0,1.02816,0,0,1.25665,0.228493,1.028160,1,0,13.1815,0,0,0,13.1815,0
44.7143,2.23153,0,0,1.11776,0.160725,0.36288,3.6288,52.6345,0.430308,0,0,0.450276,0.29583,0,0.66528,12.849,1,0.618596,0.36288,0,18.4704,3.91209,14.3026,0.84672,12.849,0.84672,3695.15,0,36.966,0.300636,0.216518,1.87295,1.52668,1.01948,2.29603,0.42336,36.966,0.42336,423.524,0,1.00275,0,0,1.21927,0.216518,1.028160,1,0,16.5986,0,0,0,16.5986,0
43.3234,2.15746,0,0,1.2883,0.158896,0.36288,3.6288,52.4533,0.367917,0,0,0.4698,0.283064,0,0.66528,12.849,1,0.619962,0.36288,0,27.1237,3.93782,22.9288,0.84672,12.849,0.84672,3695.15,0,36.966,0.258394,0.260522,1.87357,1.70262,1.0261,2.55221,0.42336,36.966,0.42336,423.524,0,1.02816,0,0,1.28868,0.260522,1.028160,1,0,25.481,0,0,0,25.481,0
42.0911,2.09668,0,0,1.3902,0.162869,0.36288,3.6288,51.5483,0.906323,0,0,0.211411,0.21008,0,0.66528,12.849,1,0.621842,0.36288,0,19.1599,4.09217,14.8088,0.84672,12.849,0.84672,3695.15,0,36.966,0.42336,0.216518,1.79873,1.1706,1.06586,1.69663,0.42336,36.966,0.42336,423.524,0,0.385143,0,0,0.601661,0.216518,1.028160,1,0,16.5054,0,0,0,16.5054,0
41.5764,2.08386,0,0,2.09261,0.160561,0.36288,3.6288,51.4518,0.399895,0,0,0.511961,0.208552,0,0.66528,12.849,1,0.636131,0.36288,0,29.8775,4.09217,25.5121,0.84672,12.849,0.84672,3695.15,0,36.966,0.28677,0.710813,1.83433,2.37365,1.06586,3.56616,0.42336,36.966,0.42336,423.524,0,1.02816,0,0,1.73897,0.710813,1.028160,1,0,29.0782,0,0,0,29.0782,0
44.0411,2.07896,0,0,5.06613,0.159598,0.36288,3.6288,51.9908,0.399582,0,0,1.14696,0.208389,0,0.66528,12.849,1,0.642492,0.36288,0,78.2986,4.09217,73.9268,0.84672,12.849,0.84672,3695.15,0,36.966,0.287083,1.70812,1.8346,3.59082,1.06586,5.7806,0.42336,36.966,0.42336,423.524,0,1.02816,0,0,2.73628,1.70812,1.028160,1,0,79.7074,0,0,0,79.7074,0
44.4938,1.94578,0,0,2.96267,0.201392,0.36288,3.6288,52.0975,0.344524,0,0,0.629394,0.178137,0,0.66528,12.849,1,0.567682,0.36288,0,44.1738,3.53617,40.4328,0.84672,12.849,0.84672,3695.15,0,36.966,0.24496,0.292723,1.83487,2.17515,0.817958,3.23983,0.42336,36.966,0.42336,423.524,0,0.958936,0,0,1.25166,0.292723,1.028160,1,0,43.6727,0,0,0,43.6727,0
45.4763,1.82223,0,0,3.36784,0.200206,0.36288,3.6288,52.3026,0.401632,0,0,0.806721,0.200021,0,0.66528,12.849,1,0.526226,0.36288,0,56.0415,3.84952,52.0287,0.84672,12.849,0.84672,3695.15,0,36.966,0.284979,1.03686,1.66733,3.87624,0.923196,5.37226,0.42336,36.966,0.42336,423.524,0,1.02816,0,0,2.06502,1.03686,1.028160,1,0,57.4009,0,0,0,57.4009,0
47.0798,1.83213,0,0,4.04818,0.24969,0.36288,3.6288,52.6581,0.402287,0,0,0.939228,0.181461,0,0.66528,12.849,1,0.517656,0.36288,0,72.1789,4.05888,67.9653,0.84672,12.849,0.84672,3695.15,0,36.966,0.284325,1.09312,1.76493,4.67674,0.96397,6.28649,0.42336,36.966,0.42336,423.524,0,1.02816,0,0,2.12128,1.09312,1.028160,1,0,74.2517,0,0,0,74.2517,0
48.7254,1.84704,0,0,4.10974,0.254183,0.36288,3.6288,53.0557,0.403414,0,0,0.982973,0.18198,0,0.66528,12.849,1,0.504093,0.36288,0,71.3344,4.05888,67.1343,0.84672,12.849,0.84672,3695.15,0,36.966,0.283197,1.14542,1.76518,4.59198,0.96397,6.25542,0.42336,36.966,0.42336,423.524,0,1.02816,0,0,2.17358,1.14542,1.028160,1,0,73.3898,0,0,0,73.3898,0
52.1497,1.86157,0,0,5.90142,0.252661,0.36288,3.6288,54.1772,0.404665,0,0,1.7173,0.191068,0,0.66528,12.849,1,0.4909,0.36288,0,131.24,4.21486,126.897,0.84672,12.849,0.84672,3695.15,0,36.966,0.281946,2.10965,1.76543,7.64925,1.02737,10.215,0.42336,36.966,0.42336,423.524,0,1.02816,0,0,3.13781,2.10965,1.028160,1,0,137.112,0,0,0,137.112,0
53.4165,1.95323,0,0,3.80755,0.224666,0.36288,3.6288,55.0102,0.436817,0,0,1.49697,0.227163,0,0.66528,12.849,1,0.481251,0.36288,0,96.3036,4.43096,91.7543,0.84672,12.849,0.84672,3695.15,0,36.966,0.298047,1.56266,1.76569,5.76542,1.2004,7.59532,0.42336,36.966,0.42336,423.524,0,1.02816,0,0,2.59082,1.56266,1.028160,1,0,99.3496,0,0,0,99.3496,0
52.2909,2.00241,0,0,1.46843,0.228764,0.36288,3.6288,54.9191,0.676129,0,0,0.790645,0.205602,0,0.66528,12.849,1,0.481666,0.36288,0,31.33,3.47119,27.74,0.84672,12.849,0.84672,3695.15,0,36.966,0.42336,0.503194,1.81834,2.60481,0.923949,3.57903,0.42336,36.966,0.42336,423.524,0,0.61528,0,0,1.11847,0.503194,1.028160,1,0,31.3191,0,0,0,31.3191,0
52.0556,1.99515,0,0,2.34893,0.226136,0.36288,3.6288,55.0162,0.5913,0,0,0.893886,0.205479,0,0.66528,12.849,1,0.490252,0.36288,0,49.6001,3.47119,46.0015,0.84672,12.849,0.84672,3695.15,0,36.966,0.398003,0.503194,1.79035,3.52618,0.923949,4.49777,0.42336,36.966,0.42336,423.524,0,0.725466,0,0,1.22866,0.503194,1.028160,1,0,50.4993,0,0,0,50.4993,0
52.4275,1.99445,0,0,3.02401,0.294814,0.36288,3.6288,55.0811,0.59741,0,0,0.875742,0.213505,0,0.66528,12.849,1,0.492293,0.36288,0,71.2726,3.94286,67.2003,0.84672,12.849,0.84672,3695.15,0,36.966,0.401406,0.503194,1.7906,3.74055,1.18785,4.44508,0.42336,36.966,0.42336,423.524,0,0.715954,0,0,1.21915,0.503194,1.028160,1,0,71.6454,0,0,0,71.6454,0
51.4737,2.2067,0,0,1.91172,0.295948,0.36288,3.6288,55.4734,0.519427,0,0,1.12539,0.213596,0,0.66528,12.849,1,0.54082,0.36288,0,48.3098,3.94286,44.189,0.84672,12.849,0.84672,3695.15,0,36.966,0.348597,0.65632,1.79085,3.27898,1.18785,4.1897,0.42336,36.966,0.42336,423.524,0,1.02816,0,0,1.68448,0.65632,1.028160,1,0,48.3787,0,0,0,48.3787,0
52.0211,2.33694,0,0,3.5185,0.271231,0.36288,3.6288,56.0899,0.418105,0,0,1.26852,0.233987,0,0.66528,12.849,1,0.583354,0.36288,0,112.711,3.90159,108.589,0.84672,12.849,0.84672,3695.15,0,36.966,0.278614,0.71871,1.97988,5.12724,1.1628,6.38441,0.42336,36.966,0.42336,423.524,0,1.02816,0,0,1.74687,0.71871,1.028160,1,0,114.974,0,0,0,114.974,0
51.4657,2.34261,0,0,2.42282,0.272777,0.36288,3.6288,56.3963,0.448543,0,0,0.989937,0.234933,0,0.66528,12.849,1,0.578614,0.36288,0,68.5859,3.90159,64.4686,0.84672,12.849,0.84672,3695.15,0,36.966,0.295612,0.608429,1.8799,3.77117,1.1628,4.80109,0.42336,36.966,0.42336,423.524,0,0.981271,0,0,1.5897,0.608429,1.028160,1,0,69.2696,0,0,0,69.2696,0
51.3127,2.33835,0,0,2.79264,0.244348,0.36288,3.6288,56.8657,0.42152,0,0,1.05605,0.165162,0,0.66528,12.849,1,0.583797,0.36288,0,72.2848,3.27106,68.7928,0.84672,12.849,0.84672,3695.15,0,36.966,0.276293,0.644233,1.8805,4.13546,0.908217,5.47568,0.42336,36.966,0.42336,423.524,0,1.02816,0,0,1.67239,0.644233,1.028160,1,0,74.2685,0,0,0,74.2685,0
51.5307,2.04138,0,0,2.86616,0.243959,0.36288,3.6288,57.694,0.275501,0,0,1.26946,0.165667,0,0.66528,12.849,1,0.511174,0.36288,0,82.0256,3.27106,78.6062,0.84672,12.849,0.84672,3695.15,0,36.966,0.179091,0.857149,1.8811,5.1421,0.908217,6.79303,0.42336,36.966,0.42336,423.524,0,1.02816,0,0,1.88531,0.857149,1.028160,1,0,85.3992,0,0,0,85.3992,0
51.7513,1.85844,0,0,2.7218,0.27989,0.36288,3.6288,58.3668,0.418468,0,0,1.24962,0.158307,0,0.66528,12.849,1,0.463397,0.36288,0,66.8828,3.10832,63.674,0.84672,12.849,0.84672,3695.15,0,36.966,0.268123,1.41485,1.62392,5.56316,0.706316,7.62749,0.42336,36.966,0.42336,423.524,0,1.02816,0,0,2.44301,1.41485,1.028160,1,0,71.3015,0,0,0,71.3015,0
52.9901,1.86105,0,0,3.7433,0.280532,0.36288,3.6288,59.1615,0.42036,0,0,1.37405,0.158996,0,0.66528,12.849,1,0.462069,0.36288,0,101.795,3.10832,98.5872,0.84672,12.849,0.84672,3695.15,0,36.966,0.266231,1.43516,1.75993,6.67099,0.706316,8.89353,0.42336,36.966,0.42336,423.524,0,1.02816,0,0,2.46332,1.43516,1.028160,1,0,107.481,0,0,0,107.481,0
54.5722,1.87078,0,0,4.09857,0.282837,0.36288,3.6288,59.8011,0.422561,0,0,1.23021,0.168026,0,0.66528,12.849,1,0.453625,0.36288,0,95.5325,3.29343,92.1483,0.84672,12.849,0.84672,3695.15,0,36.966,0.26403,1.64722,1.76017,7.04457,0.756774,9.43115,0.42336,36.966,0.42336,423.524,0,1.02816,0,0,2.67538,1.64722,1.028160,1,0,101.579,0,0,0,101.579,0
55.9879,1.88246,0,0,3.94054,0.279475,0.36288,3.6288,60.6464,0.424306,0,0,1.48774,0.218214,0,0.66528,12.849,1,0.443224,0.36288,0,88.5514,4.40412,84.0669,0.84672,12.849,0.84672,3695.15,0,36.966,0.262284,1.77534,1.76041,7.593,1.05953,9.80694,0.42336,36.966,0.42336,423.524,0,1.02816,0,0,2.8035,1.77534,1.028160,1,0,93.8738,0,0,0,93.8738,0
56.9664,1.96859,0,0,3.57393,0.26392,0.36288,3.6288,61.1144,0.463688,0,0,1.14065,0.208965,0,0.66528,12.849,1,0.451784,0.36288,0,78.2508,4.29444,73.8674,0.84672,12.849,0.84672,3695.15,0,36.966,0.282633,1.19392,1.76065,4.69068,1.00792,6.3547,0.42336,36.966,0.42336,423.524,0,1.02816,0,0,2.22208,1.19392,1.028160,1,0,80.2221,0,0,0,80.2221,0
58.8792,2.02473,0,0,4.55206,0.251685,0.36288,3.6288,61.308,0.42783,0,0,1.26516,0.201743,0.441938,0.66528,12.849,1,0.456686,0.36288,0,108.702,4.21218,104.396,0.84672,12.849,0.84672,3695.15,0,36.966,0.25878,1.9758,1.82454,4.66208,0.969214,7.23442,0.42336,36.966,0.42336,423.524,0,1.02816,0,0,3.00396,1.9758,1.028160,1,0,112.073,0,0,0,112.073,0
59.6977,2.038,0,0,3.47584,0.256427,0.36288,3.6288,61.308,0.42834,0,0,1.0648,0.20199,0.434472,0.66528,12.849,1,0.444746,0.36288,0,81.0164,4.21218,76.7224,0.84672,12.849,0.84672,3695.15,0,36.966,0.25827,1.15327,1.78985,3.75264,0.969214,5.46827,0.42336,36.966,0.42336,423.524,0,1.02816,0,0,2.18143,1.15327,1.028160,1,0,82.6251,0,0,0,82.6251,0
59.8566,2.04412,0,0,2.82436,0.258456,0.36288,3.6288,61.308,0.42834,0,0,0.838184,0.20199,0.207853,0.66528,12.849,1,0.439964,0.36288,0,64.7084,4.21218,60.4192,0.84672,12.849,0.84672,3695.15,0,36.966,0.25827,0.758411,1.7901,2.86425,0.969214,4.18528,0.42336,36.966,0.42336,423.524,0,1.02816,0,0,1.78657,0.758411,1.028160,1,0,64.8123,0,0,0,64.8123,0
59.9354,2.01607,0,0,2.67254,0.214849,0.36288,3.6288,61.308,0.41385,0,0,0.820627,0.220014,0.186764,0.66528,12.849,1,0.432775,0.36288,0,59.5541,4.31848,55.1657,0.84672,12.849,0.84672,3695.15,0,36.966,0.249533,0.851584,1.79035,2.76461,0.99409,4.16292,0.42336,36.966,0.42336,423.524,0,1.02816,0,0,1.87974,0.851584,1.028160,1,0,59.5154,0,0,0,59.5154,0
59.7305,1.9985,0,0,2.36201,0.205489,0.36288,3.6288,61.308,0.428336,0,0,0.849761,0.211208,0.210218,0.66528,12.849,1,0.428439,0.36288,0,53.8532,4.01279,49.7749,0.84672,12.849,0.84672,3695.15,0,36.966,0.258267,1.0898,1.7658,2.67529,1.00505,4.26757,0.42336,36.966,0.42336,423.524,0,1.02816,0,0,2.11796,1.0898,1.028160,1,0,54.2526,0,0,0,54.2526,0
59.1595,1.99837,0,0,1.99527,0.205087,0.36288,3.6288,61.308,0.428336,0,0,0.782922,0.211208,0.143378,0.66528,12.849,1,0.429881,0.36288,0,47.2113,4.01279,43.1315,0.84672,12.849,0.84672,3695.15,0,36.966,0.258267,0.872104,1.77963,2.4354,1.00505,3.82382,0.42336,36.966,0.42336,423.524,0,1.02816,0,0,1.90026,0.872104,1.028160,1,0,47.0987,0,0,0,47.0987,0
58.418,1.99604,0,0,1.82143,0.203964,0.36288,3.6288,61.308,0.428336,0,0,0.673936,0.211208,0.0343917,0.66528,12.849,1,0.433524,0.36288,0,46.7588,4.01279,42.6754,0.84672,12.849,0.84672,3695.15,0,36.966,0.258267,0.444623,1.77988,2.48625,1.00505,3.44743,0.42336,36.966,0.42336,423.524,0,1.02816,0,0,1.47278,0.444623,1.028160,1,0,46.1572,0,0,0,46.1572,0
58.068,2.09449,0,0,2.27474,0.167367,0.36288,3.6288,61.308,0.479789,0,0,0.8154,0.229383,0.106228,0.66528,12.849,1,0.46068,0.36288,0,50.7611,4.24921,46.4141,0.84672,12.849,0.84672,3695.15,0,36.966,0.289291,0.660148,1.78013,2.51514,1.05638,3.60974,0.42336,36.966,0.42336,423.524,0,1.02816,0,0,1.68831,0.660148,1.028160,1,0,50.1301,0,0,0,50.1301,0
57.0216,2.16085,0,0,1.61859,0.141274,0.36288,3.6288,61.2393,0.428352,0,0,0.612512,0.252905,0,0.66528,12.849,1,0.478143,0.36288,0,37.5693,4.77847,32.6756,0.84672,12.849,0.84672,3695.15,0,36.966,0.258277,0.503911,1.86739,2.12865,1.11927,3.12239,0.42336,36.966,0.42336,423.524,0,1.02816,0,0,1.53207,0.503911,1.028160,1,0,35.798,0,0,0,35.798,0
55.8452,2.15482,0,0,1.48459,0.143326,0.36288,3.6288,61.1573,0.428172,0,0,0.59887,0.252677,0,0.66528,12.849,1,0.485557,0.36288,0,33.8697,4.81415,28.9328,0.84672,12.849,0.84672,3695.15,0,36.966,0.258458,0.371148,1.81939,1.93476,1.11835,2.7485,0.42336,36.966,0.42336,423.524,0,1.02816,0,0,1.39931,0.371148,1.028160,1,0,31.6813,0,0,0,31.6813,0
54.6343,2.14762,0,0,1.44129,0.141666,0.36288,3.6288,60.9802,0.475355,0,0,0.550873,0.252546,0,0.66528,12.849,1,0.494131,0.36288,0,31.663,4.81415,26.7176,0.84672,12.849,0.84672,3695.15,0,36.966,0.287324,0.30119,1.81965,1.77706,1.11835,2.49223,0.42336,36.966,0.42336,423.524,0,0.952111,0,0,1.2533,0.30119,1.028160,1,0,29.2098,0,0,0,29.2098,0
53.2847,2.13988,0,0,1.27453,0.121388,0.36288,3.6288,60.712,0.518896,0,0,0.517052,0.266398,0,0.66528,12.849,1,0.50326,0.36288,0,28.1462,4.97479,23.031,0.84672,12.849,0.84672,3695.15,0,36.966,0.314553,0.30119,1.81991,1.73537,1.1594,2.38252,0.42336,36.966,0.42336,423.524,0,0.88134,0,0,1.18253,0.30119,1.028160,1,0,25.4135,0,0,0,25.4135,0
52.0133,2.11088,0,0,1.2925,0.0901019,0.36288,3.6288,60.4292,0.515605,0,0,0.51757,0.284752,0,0.66528,12.849,1,0.509015,0.36288,0,25.2247,5.14321,19.9353,0.84672,12.849,0.84672,3695.15,0,36.966,0.313939,0.30119,1.82017,2.4748,1.22439,3.05783,0.42336,36.966,0.42336,423.524,0,0.930649,0,0,1.23184,0.30119,1.028160,1,0,22.9931,0,0,0,22.9931,0
50.7511,2.13841,0,0,1.32416,0.0850721,0.36288,3.6288,60.1894,0.464376,0,0,0.508747,0.284234,0,0.66528,12.849,1,0.528258,0.36288,0,24.991,5.10888,19.7168,0.84672,12.849,0.84672,3695.15,0,36.966,0.28407,0.261274,1.85089,3.10604,1.23209,3.70205,0.42336,36.966,0.42336,423.524,0,0.966358,0,0,1.22763,0.261274,1.028160,1,0,23.4188,0,0,0,23.4188,0
49.3993,2.12904,0,0,1.22409,0.0839603,0.36288,3.6288,59.9209,0.476548,0,0,0.491844,0.283801,0,0.66528,12.849,1,0.539023,0.36288,0,24.8401,5.10888,19.5551,0.84672,12.849,0.84672,3695.15,0,36.966,0.292678,0.261274,1.82459,3.14952,1.23209,3.71062,0.42336,36.966,0.42336,423.524,0,0.945579,0,0,1.20685,0.261274,1.028160,1,0,23.2657,0,0,0,23.2657,0
47.9465,2.11843,0,0,1.11127,0.0827688,0.36288,3.6288,59.5532,0.548954,0,0,0.464642,0.283316,0,0.66528,12.849,1,0.551015,0.36288,0,24.1018,5.10888,18.8048,0.84672,12.849,0.84672,3695.15,0,36.966,0.338657,0.261274,1.82485,2.96051,1.23209,3.4759,0.42336,36.966,0.42336,423.524,0,0.827194,0,0,1.08847,0.261274,1.028160,1,0,22.2807,0,0,0,22.2807,0
46.3734,2.15656,0,0,1.02115,0.0747882,0.36288,3.6288,59.0707,0.621078,0,0,0.438163,0.299628,0,0.66528,12.849,1,0.577929,0.36288,0,20.8159,5.36631,15.2346,0.84672,12.849,0.84672,3695.15,0,36.966,0.385517,0.261274,1.82511,2.8522,1.32858,3.22449,0.42336,36.966,0.42336,423.524,0,0.748725,0,0,1.01,0.261274,1.028160,1,0,18.4591,0,0,0,18.4591,0
44.9365,2.17404,0,0,1.16031,0.060325,0.36288,3.6288,58.8029,0.501074,0,0,0.557849,0.32455,0,0.66528,12.849,1,0.602376,0.36288,0,25.1698,5.92284,19.0075,0.84672,12.849,0.84672,3695.15,0,36.966,0.313568,0.261274,1.8686,3.23686,1.54691,3.50626,0.42336,36.966,0.42336,423.524,0,0.900176,0,0,1.16145,0.261274,1.028160,1,0,22.5137,0,0,0,22.5137,0
43.4102,2.16017,0,0,1.05615,0.0593621,0.36288,3.6288,58.475,0.463996,0,0,0.460106,0.323992,0,0.66528,12.849,1,0.617672,0.36288,0,20.273,5.92284,14.0953,0.84672,12.849,0.84672,3695.15,0,36.966,0.291687,0.227405,1.84517,3.00776,1.54691,3.24174,0.42336,36.966,0.42336,423.524,0,0.959135,0,0,1.18654,0.227405,1.028160,1,0,17.3371,0,0,0,17.3371,0
41.8051,2.14451,0,0,0.960569,0.0583392,0.36288,3.6288,58.0039,0.576308,0,0,0.428495,0.32331,0,0.66528,12.849,1,0.634753,0.36288,0,18.899,5.92284,12.7043,0.84672,12.849,0.84672,3695.15,0,36.966,0.364323,0.227405,1.84544,2.68052,1.54691,2.84213,0.42336,36.966,0.42336,423.524,0,0.774187,0,0,1.00159,0.227405,1.028160,1,0,15.5464,0,0,0,15.5464,0
40.1668,2.26973,0,0,1.04604,0.0516776,0.36288,3.6288,57.6803,0.508813,0,0,0.505777,0.320567,0,0.66528,12.849,1,0.697612,0.36288,0,18.9884,6.03097,12.6227,0.84672,12.849,0.84672,3695.15,0,36.966,0.324268,0.234066,1.8457,3.79007,1.57281,3.97275,0.42336,36.966,0.42336,423.524,0,1.02816,0,0,1.26223,0.234066,1.028160,1,0,16.5954,0,0,0,16.5954,0
38.4461,2.25958,0,0,0.953899,0.0522077,0.36288,3.6288,57.4007,0.532321,0,0,0.580926,0.328204,0,0.66528,12.849,1,0.72282,0.36288,0,15.2972,6.29931,8.63796,0.84672,12.849,0.84672,3695.15,0,36.966,0.341153,0.227405,1.99407,4.31809,1.49832,4.7001,0.42336,36.966,0.42336,423.524,0,0.974229,0,0,1.20163,0.227405,1.028160,1,0,13.3381,0,0,0,13.3381,0
36.8714,2.23604,0,0,1.07908,0.0547874,0.36288,3.6288,57.186,0.498862,0,0,0.626397,0.342214,0,0.66528,12.849,1,0.747304,0.36288,0,21.573,6.35649,14.8321,0.84672,12.849,0.84672,3695.15,0,36.966,0.321266,0.289233,1.98644,4.71917,1.44817,5.2254,0.42336,36.966,0.42336,423.524,0,1.02816,0,0,1.31739,0.289233,1.028160,1,0,20.0575,0,0,0,20.0575,0
35.2916,2.21308,0,0,1.04989,0.0537828,0.36288,3.6288,56.7604,0.560366,0,0,0.476524,0.341738,0,0.66528,12.849,1,0.771215,0.36288,0,19.4427,6.35649,12.6779,0.84672,12.849,0.84672,3695.15,0,36.966,0.36223,0.204422,1.98707,3.33528,1.44817,3.71637,0.42336,36.966,0.42336,423.524,0,0.926277,0,0,1.1307,0.204422,1.028160,1,0,16.3942,0,0,0,16.3942,0
33.3677,2.18846,0,0,0.716818,0.089415,0.36288,3.6288,56.1858,0.643756,0,0,0.394553,0.325422,0,0.66528,12.849,1,0.796777,0.36288,0,13.6161,6.17194,7.01028,0.84672,12.849,0.84672,3695.15,0,36.966,0.419255,0.204422,1.9877,2.49969,1.40227,2.87029,0.42336,36.966,0.42336,423.524,0,0.786447,0,0,0.99087,0.204422,1.028160,1,0,9.88057,0,0,0,9.88057,0
31.7727,2.09019,0,0,0.94767,0.0895518,0.36288,3.6288,55.9707,0.442041,0,0,0.557703,0.330755,0,0.66528,12.849,1,0.804877,0.36288,0,16.8926,6.32696,10.1236,0.84672,12.849,0.84672,3695.15,0,36.966,0.290829,0.587814,1.98832,4.90822,1.41043,5.7831,0.42336,36.966,0.42336,423.524,0,1.02816,0,0,1.61597,0.587814,1.028160,1,0,15.9067,0,0,0,15.9067,0
30.5852,2.06207,0,0,1.34352,0.106099,0.36288,3.6288,55.8938,0.441703,0,0,0.674654,0.309849,0,0.66528,12.849,1,0.833911,0.36288,0,20.882,6.19815,14.2128,0.84672,12.849,0.84672,3695.15,0,36.966,0.291724,1.01923,1.90311,5.74292,1.33617,7.03737,0.42336,36.966,0.42336,423.524,0,1.02816,0,0,2.04739,1.01923,1.028160,1,0,21.2502,0,0,0,21.2502,0
29.845,2.05018,0,0,1.77735,0.104484,0.36288,3.6288,56.02,0.441797,0,0,0.877694,0.309693,0,0.66528,12.849,1,0.84672,0.36288,0,30.3983,6.19815,23.7163,0.84672,12.849,0.84672,3695.15,0,36.966,0.292187,1.80508,1.90371,8.24445,1.33617,10.3249,0.42336,36.966,0.42336,423.524,0,1.02816,0,0,2.83324,1.80508,1.028160,1,0,34.0412,0,0,0,34.0412,0
29.6406,2.0511,0,0,2.31304,0.103456,0.36288,3.6288,56.5095,0.442529,0,0,1.24194,0.309949,0,0.66528,12.849,1,0.84672,0.36288,0,59.5212,6.19815,52.8392,0.84672,12.849,0.84672,3695.15,0,36.966,0.292012,2.94164,1.90431,9.7905,1.33617,13.0083,0.42336,36.966,0.42336,423.524,0,1.02816,0,0,3.9698,2.94164,1.028160,1,0,65.8475,0,0,0,65.8475,0
29.0972,1.97713,0,0,1.95773,0.161083,0.36288,3.6288,56.621,0.395351,0,0,0.790309,0.283445,0,0.66528,12.849,1,0.84672,0.36288,0,42.3787,6.13312,35.7617,0.84672,12.849,0.84672,3695.15,0,36.966,0.258621,1.48141,1.90491,5.81164,1.36536,7.57398,0.42336,36.966,0.42336,423.524,0,1.02816,0,0,2.50957,1.48141,1.028160,1,0,43.3357,0,0,0,43.3357,0
30.4819,1.94588,0,0,3.85726,0.16377,0.36288,3.6288,57.2681,0.415431,0,0,1.24127,0.178709,0,0.66528,12.849,1,0.84672,0.36288,0,66.8753,4.16986,62.2216,0.84672,12.849,0.84672,3695.15,0,36.966,0.271221,1.4962,1.82881,9.23573,1.08776,11.2018,0.42336,36.966,0.42336,423.524,0,1.02816,0,0,2.52436,1.4962,1.028160,1,0,73.4234,0,0,0,73.4234,0
32.3933,1.96551,0,0,4.40663,0.166846,0.36288,3.6288,58.0282,0.417293,0,0,1.35682,0.179462,0,0.66528,12.849,1,0.828517,0.36288,0,78.2949,4.16986,73.6594,0.84672,12.849,0.84672,3695.15,0,36.966,0.269359,1.81116,1.8482,10.9735,1.08776,13.2757,0.42336,36.966,0.42336,423.524,0,1.02816,0,0,2.83932,1.81116,1.028160,1,0,86.9351,0,0,0,86.9351,0
34.871,2.00153,0,0,5.01309,0.170987,0.36288,3.6288,59.5279,0.419449,0,0,2.09946,0.180347,0,0.66528,12.849,1,0.793918,0.36288,0,88.9436,4.16986,84.3427,0.84672,12.849,0.84672,3695.15,0,36.966,0.267204,2.64318,1.84846,13.1983,1.08776,16.335,0.42336,36.966,0.42336,423.524,0,1.02816,0,0,3.67134,2.64318,1.028160,1,0,100.678,0,0,0,100.678,0
37.2296,1.88819,0,0,4.79439,0.184747,0.36288,3.6288,60.6934,0.319234,0,0,1.64027,0.155543,0,0.66528,12.849,1,0.695746,0.36288,0,85.8349,4.18254,81.3195,0.84672,12.849,0.84672,3695.15,0,36.966,0.19824,2.36466,1.84873,14.6468,1.16671,17.4952,0.42336,36.966,0.42336,423.524,0,1.02816,0,0,3.39282,2.36466,1.028160,1,0,98.8148,0,0,0,98.8148,0
39.1449,1.7962,0,0,4.28814,0.213808,0.36288,3.6288,61.308,0.426708,0,0,1.64457,0.190213,0.413008,0.66528,12.849,1,0.619919,0.36288,0,69.5328,3.93921,65.3366,0.84672,12.849,0.84672,3695.15,0,36.966,0.259891,2.44814,1.67839,15.6724,0.966823,18.5722,0.42336,36.966,0.42336,423.524,0,1.02816,0,0,3.4763,2.44814,1.028160,1,0,84.3218,0,0,0,84.3218,0
41.2003,1.82002,0,0,4.44883,0.210454,0.36288,3.6288,61.308,0.428333,0,0,1.65204,0.199318,1.02439,0.66528,12.849,1,0.597407,0.36288,0,80.8142,3.78798,76.7917,0.84672,12.849,0.84672,3695.15,0,36.966,0.258266,2.52131,1.7776,13.8902,0.915037,17.0158,0.42336,36.966,0.42336,423.524,0,1.02816,0,0,3.54947,2.52131,1.028160,1,0,94.8319,0,0,0,94.8319,0
44.7281,1.84373,0,0,5.94995,0.215604,0.36288,3.6288,61.308,0.428333,0,0,1.66352,0.199318,1.03587,0.66528,12.849,1,0.574998,0.36288,0,88.6464,3.78798,84.6463,0.84672,12.849,0.84672,3695.15,0,36.966,0.258266,2.65334,1.77785,13.4045,0.915037,16.6624,0.42336,36.966,0.42336,423.524,0,1.02816,0,0,3.6815,2.65334,1.028160,1,0,102.345,0,0,0,102.345,0
50.4668,1.87998,0,0,8.20619,0.224569,0.36288,3.6288,61.308,0.428333,0,0,1.71679,0.199318,1.08913,0.66528,12.849,1,0.540059,0.36288,0,106.036,3.78798,102.071,0.84672,12.849,0.84672,3695.15,0,36.966,0.258266,2.5868,1.77809,21.3876,0.915037,24.5792,0.42336,36.966,0.42336,423.524,0,1.02816,0,0,3.61496,2.5868,1.028160,1,0,127.739,0,0,0,127.739,0
56.5351,1.99534,0,0,8.65954,0.23309,0.36288,3.6288,61.308,0.458936,0,0,3.99809,0.185686,3.35347,0.66528,12.849,1,0.508019,0.36288,0,172.112,3.49338,168.474,0.84672,12.849,0.84672,3695.15,0,36.966,0.276718,4.8966,1.77834,22.7898,0.925315,28.2627,0.42336,36.966,0.42336,423.524,0,1.02816,0,0,5.92476,4.8966,1.028160,1,0,200.09,0,0,0,200.09,0
61.6838,2.0808,0,0,7.83042,0.23804,0.36288,3.6288,61.308,0.428332,0,0,2.42549,0.207935,1.78922,0.66528,12.849,1,0.472913,0.36288,0,121.046,3.72655,117.21,0.84672,12.849,0.84672,3695.15,0,36.966,0.258265,4.83461,1.83185,18.0091,0.900256,23.5171,0.42336,36.966,0.42336,423.524,0,1.02816,0,0,5.86277,4.83461,1.028160,1,0,142.516,0,0,0,142.516,0
65.4583,2.11454,0,0,6.5374,0.285474,0.36288,3.6288,61.308,0.428332,0,0,2.01203,0.245267,1.33843,0.66528,12.849,1,0.440469,0.36288,0,102.66,4.52655,98.0555,0.84672,12.849,0.84672,3695.15,0,36.966,0.258265,4.13735,1.80339,15.615,1.14981,20.1476,0.42336,36.966,0.42336,423.524,0,1.02816,0,0,5.16551,4.13735,1.028160,1,0,119.542,0,0,0,119.542,0
69.6682,2.13686,0,0,7.00402,0.294365,0.36288,3.6288,61.308,0.428332,0,0,2.30661,0.245267,1.63301,0.66528,12.849,1,0.419451,0.36288,0,108.73,4.52655,104.147,0.84672,12.849,0.84672,3695.15,0,36.966,0.258265,4.78152,1.80363,16.9295,1.14981,22.1065,0.42336,36.966,0.42336,423.524,0,1.02816,0,0,5.80968,4.78152,1.028160,1,0,127.887,0,0,0,127.887,0
72.29,2.38203,0,0,6.41205,0.304282,1.10392,3.6288,61.308,0.543379,0,0,2.26838,0.245267,1.47973,0.66528,12.849,1,0.43932,1.10392,0,99.8369,4.52655,95.975,0.84672,12.849,0.84672,3695.15,0,36.966,0.327633,4.72991,1.80387,17.5555,1.14981,22.6119,0.42336,36.966,0.42336,423.524,0,1.02816,0,0,5.75807,4.72991,1.028160,1,0,120.067,0,0,0,120.067,0
72.29,2.52056,0,0,7.86318,0.315914,5.02671,3.6288,61.308,0.452433,0,0,1.87918,0.198494,1.22826,0.66528,12.849,1,0.44801,5.02671,0,107.341,3.16061,108.759,0.84672,12.849,0.84672,3695.15,0,36.966,0.272797,4.34695,1.99602,16.1272,0.924616,21.2727,0.42336,36.966,0.42336,423.524,0,1.02816,0,0,5.37511,4.34695,1.028160,1,0,131.26,0,0,0,131.26,0
72.29,2.52132,0,0,7.75405,0.33066,4.90207,3.6288,61.308,0.452766,0,0,1.63593,0.184942,0.998224,0.66528,12.849,1,0.448146,4.90207,0,166.397,2.97979,167.871,0.84672,12.849,0.84672,3695.15,0,36.966,0.272998,4.13122,1.91098,19.3824,0.915499,24.2361,0.42336,36.966,0.42336,423.524,0,1.02816,0,0,5.15938,4.13122,1.028160,1,0,193.105,0,0,0,193.105,0
72.29,2.52209,0,0,7.2207,0.33066,4.36795,3.6288,61.308,0.453098,0,0,2.41142,0.184942,1.77338,0.66528,12.849,1,0.448282,4.36795,0,121.592,2.97979,122.531,0.84672,12.849,0.84672,3695.15,0,36.966,0.273198,4.65924,1.91156,13.128,0.915499,18.5101,0.42336,36.966,0.42336,423.524,0,1.02816,0,0,5.6874,4.65924,1.028160,1,0,142.815,0,0,0,142.815,0
72.29,2.20307,0,0,5.91751,0.320271,3.39417,3.6288,61.308,0.298849,0,0,2.04783,0.207073,1.5419,0.66528,12.849,1,0.391579,3.39417,0,157.21,3.50396,156.709,0.84672,12.849,0.84672,3695.15,0,36.966,0.180193,4.43777,1.91214,13.8326,1.07948,18.9229,0.42336,36.966,0.42336,423.524,0,1.02816,0,0,5.46593,4.43777,1.028160,1,0,177.173,0,0,0,177.173,0
72.29,2.02791,0,0,5.09026,0.321992,2.74036,3.6288,61.308,0.42832,0,0,2.16068,0.168118,1.56424,0.66528,12.849,1,0.360446,2.74036,0,127.502,2.80825,127.074,0.84672,12.849,0.84672,3695.15,0,36.966,0.258258,2.73473,1.6507,9.68458,0.914715,12.897,0.42336,36.966,0.42336,423.524,0,1.02816,0,0,3.76289,2.73473,1.028160,1,0,141.535,0,0,0,141.535,0
72.29,2.02897,0,0,6.56849,0.323578,4.21594,3.6288,61.308,0.42832,0,0,2.23993,0.158859,1.65275,0.66528,12.849,1,0.360634,4.21594,0,89.6124,2.62678,90.8409,0.84672,12.849,0.84672,3695.15,0,36.966,0.258258,2.84154,1.77239,9.79379,0.866755,13.2827,0.42336,36.966,0.42336,423.524,0,1.02816,0,0,3.8697,2.84154,1.028160,1,0,105.776,0,0,0,105.776,0
72.29,2.03003,0,0,4.97489,0.323578,2.62128,3.6288,61.308,0.42832,0,0,1.72194,0.158859,1.13476,0.66528,12.849,1,0.360823,2.62128,0,85.4781,2.62678,85.1118,0.84672,12.849,0.84672,3695.15,0,36.966,0.258258,1.96287,1.77262,8.6711,0.866755,11.2816,0.42336,36.966,0.42336,423.524,0,1.02816,0,0,2.99103,1.96287,1.028160,1,0,97.5281,0,0,0,97.5281,0
72.29,2.03109,0,0,6.05296,0.297602,3.72427,3.6288,61.308,0.42832,0,0,1.88059,0.152968,1.2993,0.66528,12.849,1,0.361011,3.72427,0,97.4195,2.63366,98.1491,0.84672,12.849,0.84672,3695.15,0,36.966,0.258258,2.36271,1.77285,7.96176,0.883807,10.9553,0.42336,36.966,0.42336,423.524,0,1.02816,0,0,3.39087,2.36271,1.028160,1,0,110.404,0,0,0,110.404,0
72.29,2.11277,0,0,4.89789,0.315826,2.4693,3.6288,61.308,0.466195,0,0,1.78839,0.163056,1.15914,0.66528,12.849,1,0.375529,2.4693,0,74.0698,3.53893,72.6246,0.84672,12.849,0.84672,3695.15,0,36.966,0.281095,3.44922,1.77309,7.76837,1.04538,11.6642,0.42336,36.966,0.42336,423.524,0,1.02816,0,0,4.47738,3.44922,1.028160,1,0,85.448,0,0,0,85.448,0
72.29,2.1654,0,0,5.73427,0.336469,3.2324,3.6288,61.308,0.428332,0,0,1.16166,0.11133,0.621995,0.66528,12.849,1,0.384884,3.2324,0,100.727,3.06337,100.511,0.84672,12.849,0.84672,3695.15,0,36.966,0.258265,1.22579,1.83802,7.17022,0.890584,9.08519,0.42336,36.966,0.42336,423.524,0,1.02816,0,0,2.25395,1.22579,1.028160,1,0,110.218,0,0,0,110.218,0
72.29,2.1665,0,0,4.12194,0.336469,1.61896,3.6288,61.308,0.428332,0,0,1.26184,0.11133,0.722176,0.66528,12.849,1,0.38508,1.61896,0,56.3994,3.06337,54.5699,0.84672,12.849,0.84672,3695.15,0,36.966,0.258265,2.30633,1.80275,6.74926,0.890584,9.70948,0.42336,36.966,0.42336,423.524,0,1.02816,0,0,3.33449,2.30633,1.028160,1,0,65.0016,0,0,0,65.0016,0
72.29,2.16761,0,0,5.27295,0.336469,2.76887,3.6288,61.308,0.428332,0,0,1.83125,0.11133,1.29159,0.66528,12.849,1,0.385275,2.76887,0,110.518,3.06337,109.838,0.84672,12.849,0.84672,3695.15,0,36.966,0.258265,2.67361,1.80299,9.83128,0.890584,13.159,0.42336,36.966,0.42336,423.524,0,1.02816,0,0,3.70177,2.67361,1.028160,1,0,124.289,0,0,0,124.289,0
72.29,2.13715,0,0,3.62305,0.26124,1.22466,3.6288,61.308,0.413605,0,0,1.06013,0.154206,0.492318,0.66528,12.849,1,0.379862,1.22466,0,59.5664,3.79669,56.6145,0.84672,12.849,0.84672,3695.15,0,36.966,0.249385,1.19565,1.80323,5.9046,1.02599,7.6281,0.42336,36.966,0.42336,423.524,0,1.02816,0,0,2.22381,1.19565,1.028160,1,0,64.7349,0,0,0,64.7349,0
72.29,2.11819,0,0,3.41175,0.253059,1.04049,3.6288,61.308,0.428328,0,0,0.799252,0.177915,0.193009,0.66528,12.849,1,0.376493,1.04049,0,51.998,3.89371,48.7683,0.84672,12.849,0.84672,3695.15,0,36.966,0.258263,0.913421,1.77827,4.82311,1.04154,6.21499,0.42336,36.966,0.42336,423.524,0,1.02816,0,0,1.94158,0.913421,1.028160,1,0,55.1763,0,0,0,55.1763,0
72.29,2.11928,0,0,3.07959,0.253059,0.707251,3.6288,61.308,0.428328,0,0,0.801775,0.177915,0.195532,0.66528,12.849,1,0.376686,0.707251,0,47.7175,3.89371,44.1544,0.84672,12.849,0.84672,3695.15,0,36.966,0.258263,0.99417,1.79232,6.13946,1.04154,7.62615,0.42336,36.966,0.42336,423.524,0,1.02816,0,0,2.02233,0.99417,1.028160,1,0,51.976,0,0,0,51.976,0
72.29,2.12037,0,0,4.75974,0.253059,2.38632,3.6288,61.308,0.428328,0,0,0.979292,0.177915,0.373049,0.66528,12.849,1,0.376879,2.38632,0,59.9988,3.89371,58.1145,0.84672,12.849,0.84672,3695.15,0,36.966,0.258263,1.3116,1.79256,5.53817,1.04154,7.34253,0.42336,36.966,0.42336,423.524,0,1.02816,0,0,2.33976,1.3116,1.028160,1,0,65.8301,0,0,0,65.8301,0
72.29,2.22871,0,0,3.18641,0.207392,0.750314,3.6288,61.308,0.480621,0,0,0.861157,0.188626,0.191911,0.66528,12.849,1,0.396136,0.750314,0,51.4731,4.21879,47.6085,0.84672,12.849,0.84672,3695.15,0,36.966,0.289793,1.04569,1.7928,4.92687,0.981363,6.4942,0.42336,36.966,0.42336,423.524,0,1.02816,0,0,2.07385,1.04569,1.028160,1,0,54.2946,0,0,0,54.2946,0
72.29,2.301,0,0,3.06748,0.215247,0.55123,3.6288,61.308,0.428344,0,0,0.782067,0.182947,0.170776,0.66528,12.849,1,0.408985,0.55123,0,42.1286,4.39612,37.8748,0.84672,12.849,0.84672,3695.15,0,36.966,0.258272,0.725924,1.88147,4.43027,0.989537,5.78986,0.42336,36.966,0.42336,423.524,0,1.02816,0,0,1.75408,0.725924,1.028160,1,0,43.8354,0,0,0,43.8354,0
72.29,2.30214,0,0,3.21428,0.158089,0.754049,3.6288,61.308,0.428344,0,0,0.913412,0.20249,0.282578,0.66528,12.849,1,0.409188,0.754049,0,43.8038,4.74766,39.401,0.84672,12.849,0.84672,3695.15,0,36.966,0.258272,1.19493,1.83269,5.13887,1.05763,6.85058,0.42336,36.966,0.42336,423.524,0,1.02816,0,0,2.22309,1.19493,1.028160,1,0,46.5342,0,0,0,46.5342,0
72.29,2.30328,0,0,2.85997,0.11058,0.446106,3.6288,61.308,0.428344,0,0,0.748915,0.219387,0.101184,0.66528,12.849,1,0.409391,0.446106,0,40.6285,4.97437,35.6908,0.84672,12.849,0.84672,3695.15,0,36.966,0.258272,0.859991,1.83294,4.39936,1.10324,5.73077,0.42336,36.966,0.42336,423.524,0,1.02816,0,0,1.88815,0.859991,1.028160,1,0,41.5228,0,0,0,41.5228,0
72.1844,2.30442,0,0,2.67228,0.11058,0.36288,3.6288,61.2581,0.428344,0,0,0.597782,0.219387,0,0.66528,12.849,1,0.409594,0.36288,0,37.4152,4.97437,32.3941,0.84672,12.849,0.84672,3695.15,0,36.966,0.258273,0.606995,1.83319,4.06731,1.10324,5.14598,0.42336,36.966,0.42336,423.524,0,1.02816,0,0,1.63515,0.606995,1.028160,1,0,37.5401,0,0,0,37.5401,0
71.5758,2.28382,0,0,2.1497,0.111598,0.36288,3.6288,61.1117,0.456989,0,0,0.533498,0.222817,0,0.66528,12.849,1,0.406525,0.36288,0,31.9289,4.70694,27.1784,0.84672,12.849,0.84672,3695.15,0,36.966,0.275768,0.529883,1.83344,3.3933,1.09536,4.3855,0.42336,36.966,0.42336,423.524,0,1.02816,0,0,1.55804,0.529883,1.028160,1,0,31.5639,0,0,0,31.5639,0
70.2076,2.32114,0,0,1.42842,0.112551,0.36288,3.6288,61.0056,0.427836,0,0,0.548967,0.227272,0,0.66528,12.849,1,0.416682,0.36288,0,27.1979,4.35036,22.7937,0.84672,12.849,0.84672,3695.15,0,36.966,0.258795,0.480609,1.86466,2.57556,1.08485,3.57718,0.42336,36.966,0.42336,423.524,0,1.02816,0,0,1.50877,0.480609,1.028160,1,0,26.3709,0,0,0,26.3709,0
68.7119,2.31542,0,0,1.29393,0.111376,0.36288,3.6288,60.8755,0.427556,0,0,0.524582,0.227119,0,0.66528,12.849,1,0.423755,0.36288,0,26.7284,4.35036,22.3172,0.84672,12.849,0.84672,3695.15,0,36.966,0.259075,0.405622,1.83792,2.43315,1.08485,3.33277,0.42336,36.966,0.42336,423.524,0,1.02816,0,0,1.43378,0.405622,1.028160,1,0,25.65,0,0,0,25.65,0
67.1129,2.30879,0,0,1.17814,0.10546,0.36288,3.6288,60.7065,0.427212,0,0,0.496106,0.237871,0,0.66528,12.849,1,0.431739,0.36288,0,23.529,4.49151,18.9686,0.84672,12.849,0.84672,3695.15,0,36.966,0.25942,0.268669,1.83817,2.36156,1.13637,3.07261,0.42336,36.966,0.42336,423.524,0,1.02816,0,0,1.29683,0.268669,1.028160,1,0,22.0412,0,0,0,22.0412,0
65.4363,2.35558,0,0,1.11853,0.0767024,0.36288,3.6288,60.4157,0.452352,0,0,0.464725,0.303181,0,0.66528,12.849,1,0.450984,0.36288,0,21.2215,5.33841,15.795,0.84672,12.849,0.84672,3695.15,0,36.966,0.27545,0.286451,1.83842,2.25193,1.44551,2.65584,0.42336,36.966,0.42336,423.524,0,1.02816,0,0,1.31461,0.286451,1.028160,1,0,18.4508,0,0,0,18.4508,0
63.7924,2.37164,0,0,1.16431,0.0737041,0.36288,3.6288,60.0711,0.541699,0,0,0.520964,0.323924,0,0.66528,12.849,1,0.465694,0.36288,0,25.3326,5.80041,19.4293,0.84672,12.849,0.84672,3695.15,0,36.966,0.331444,0.261274,1.88261,2.0872,1.47749,2.42215,0.42336,36.966,0.42336,423.524,0,0.853433,0,0,1.11471,0.261274,1.028160,1,0,21.8515,0,0,0,21.8515,0
62.0978,2.36237,0,0,1.10347,0.0727343,0.36288,3.6288,59.7403,0.473593,0,0,0.466073,0.323215,0,0.66528,12.849,1,0.475827,0.36288,0,22.3835,5.80041,16.4701,0.84672,12.849,0.84672,3695.15,0,36.966,0.291435,0.261274,1.86567,2.18001,1.47749,2.53803,0.42336,36.966,0.42336,423.524,0,0.962073,0,0,1.22335,0.261274,1.028160,1,0,19.0081,0,0,0,19.0081,0
60.3424,2.35233,0,0,1.03154,0.0717347,0.36288,3.6288,59.332,0.517017,0,0,0.431222,0.322533,0,0.66528,12.849,1,0.486733,0.36288,0,21.2834,5.80041,15.3592,0.84672,12.849,0.84672,3695.15,0,36.966,0.319919,0.227405,1.86624,1.91289,1.47749,2.20912,0.42336,36.966,0.42336,423.524,0,0.890689,0,0,1.11809,0.227405,1.028160,1,0,17.5683,0,0,0,17.5683,0
58.4288,2.49773,0,0,1.01768,0.0706992,0.36288,3.6288,58.9156,0.56123,0,0,0.466547,0.321693,0,0.66528,12.849,1,0.531854,0.36288,0,19.749,5.80041,13.7796,0.84672,12.849,0.84672,3695.15,0,36.966,0.349667,0.227405,1.8668,2.16326,1.47749,2.43031,0.42336,36.966,0.42336,423.524,0,0.966038,0,0,1.19344,0.227405,1.028160,1,0,16.2099,0,0,0,16.2099,0
56.2249,2.48421,0,0,0.71162,0.0683957,0.36288,3.6288,58.3705,0.638151,0,0,0.400764,0.307752,0,0.66528,12.849,1,0.546299,0.36288,0,15.2856,5.78266,9.31955,0.84672,12.849,0.84672,3695.15,0,36.966,0.400401,0.227405,2.01787,2.35231,1.44472,2.75246,0.42336,36.966,0.42336,423.524,0,0.838953,0,0,1.06636,0.227405,1.028160,1,0,12.072,0,0,0,12.072,0
53.8218,2.46753,0,0,0.504822,0.0776036,0.36288,3.6288,57.7662,0.663665,0,0,0.359342,0.29999,0,0.66528,12.849,1,0.5639,0.36288,0,11.489,5.58012,5.7079,0.84672,12.849,0.84672,3695.15,0,36.966,0.420299,0.227405,2.01848,2.11339,1.37481,2.56416,0.42336,36.966,0.42336,423.524,0,0.794111,0,0,1.02152,0.227405,1.028160,1,0,8.27206,0,0,0,8.27206,0
51.7767,2.44794,0,0,0.863188,0.0974602,0.36288,3.6288,57.3895,0.54466,0,0,0.461546,0.293579,0,0.66528,12.849,1,0.584404,0.36288,0,19.0935,5.4317,13.4403,0.84672,12.849,0.84672,3695.15,0,36.966,0.348541,0.204422,2.01909,2.33935,1.35661,2.85771,0.42336,36.966,0.42336,423.524,0,0.985444,0,0,1.18987,0.204422,1.028160,1,0,16.298,0,0,0,16.298,0
49.728,2.43019,0,0,0.833913,0.0895457,0.36288,3.6288,57.0005,0.581903,0,0,0.477323,0.284394,0,0.66528,12.849,1,0.60308,0.36288,0,22.5511,5.63965,16.6712,0.84672,12.849,0.84672,3695.15,0,36.966,0.374819,0.204422,2.0197,2.02699,1.34571,2.53058,0.42336,36.966,0.42336,423.524,0,0.922493,0,0,1.12692,0.204422,1.028160,1,0,19.2018,0,0,0,19.2018,0
47.957,2.33761,0,0,1.03046,0.100964,0.36288,3.6288,56.8291,0.461735,0,0,0.56163,0.271345,0,0.66528,12.849,1,0.604004,0.36288,0,15.9245,5.34526,10.3381,0.84672,12.849,0.84672,3695.15,0,36.966,0.299445,0.474504,2.02032,2.42559,1.25443,3.36653,0.42336,36.966,0.42336,423.524,0,1.02816,0,0,1.50266,0.474504,1.028160,1,0,13.7046,0,0,0,13.7046,0
45.4836,2.32072,0,0,0.366434,0.156219,0.36288,3.6288,55.7156,1.08864,0,0,0.209168,0.233994,0,0.66528,12.849,1,0.621785,0.36288,0,10.1985,4.43118,5.5084,0.84672,12.849,0.84672,3695.15,0,36.966,0.42336,0.204422,1.9337,1.29334,1.0044,2.0037,0.42336,36.966,0.42336,423.524,0,0.277883,0,0,0.482306,0.204422,1.028160,1,0,7.5121,0,0,0,7.5121,0
43.1035,2.29505,0,0,0.433814,0.155972,0.36288,3.6288,54.9921,0.849636,0,0,0.357372,0.231264,0,0.66528,12.849,1,0.648346,0.36288,0,12.0985,4.40149,7.41155,0.84672,12.849,0.84672,3695.15,0,36.966,0.42336,0.216518,1.93429,1.85279,1.00076,2.57948,0.42336,36.966,0.42336,423.524,0,0.51743,0,0,0.733948,0.216518,1.028160,1,0,9.99102,0,0,0,9.99102,0
40.7427,2.26816,0,0,0.422036,0.151807,0.36288,3.6288,54.1839,0.883963,0,0,0.305963,0.230167,0,0.66528,12.849,1,0.67613,0.36288,0,11.8013,4.40149,7.08654,0.84672,12.849,0.84672,3695.15,0,36.966,0.42336,0.216518,1.93488,1.51373,1.00076,2.241,0.42336,36.966,0.42336,423.524,0,0.483646,0,0,0.700164,0.216518,1.028160,1,0,9.32755,0,0,0,9.32755,0
38.4679,2.18121,0,0,0.416964,0.147676,0.36288,3.6288,53.716,0.61951,0,0,0.380566,0.228942,0,0.66528,12.849,1,0.687888,0.36288,0,11.5328,4.40149,6.80634,0.84672,12.849,0.84672,3695.15,0,36.966,0.42265,0.216518,1.93546,1.89955,1.00076,2.62812,0.42336,36.966,0.42336,423.524,0,0.666925,0,0,0.883443,0.216518,1.028160,1,0,9.43446,0,0,0,9.43446,0
36.6922,2.14748,0,0,0.937466,0.202837,0.36288,3.6288,53.343,0.5289,0,0,0.39897,0.243048,0,0.66528,12.849,1,0.717298,0.36288,0,17.0632,4.48438,12.2244,0.84672,12.849,0.84672,3695.15,0,36.966,0.363975,0.216518,1.85811,3.18962,1.03865,3.86162,0.42336,36.966,0.42336,423.524,0,0.821923,0,0,1.03844,0.216518,1.028160,1,0,16.086,0,0,0,16.086,0
34.7871,2.12279,0,0,0.788918,0.20828,0.36288,3.6288,52.8161,0.586831,0,0,0.304707,0.244794,0,0.66528,12.849,1,0.743368,0.36288,0,12.5498,4.4982,7.67109,0.84672,12.849,0.84672,3695.15,0,36.966,0.406666,0.216518,1.86171,2.88605,1.04496,3.51265,0.42336,36.966,0.42336,423.524,0,0.721302,0,0,0.93782,0.216518,1.028160,1,0,11.1837,0,0,0,11.1837,0
33.6007,2.09408,0,0,1.4741,0.203564,0.36288,3.6288,52.9998,0.403929,0,0,0.83134,0.243765,0,0.66528,12.849,1,0.773471,0.36288,0,25.0027,4.4982,20.0939,0.84672,12.849,0.84672,3695.15,0,36.966,0.28271,1.84454,1.86197,6.36701,1.04496,8.74585,0.42336,36.966,0.42336,423.524,0,1.02816,0,0,2.8727,1.84454,1.028160,1,0,28.8397,0,0,0,28.8397,0
33.8164,1.91883,0,0,2.70579,0.208347,0.36288,3.6288,53.9652,0.30325,0,0,1.50536,0.236712,0,0.66528,12.849,1,0.733768,0.36288,0,48.0721,4.38937,43.3118,0.84672,12.849,0.84672,3695.15,0,36.966,0.211509,1.80115,1.86223,8.33276,1.01414,10.7705,0.42336,36.966,0.42336,423.524,0,1.02816,0,0,2.82931,1.80115,1.028160,1,0,54.0823,0,0,0,54.0823,0
32.685,1.79863,0,0,1.27577,0.245636,0.36288,3.6288,53.8315,0.477877,0,0,0.528231,0.184014,0,0.66528,12.849,1,0.683414,0.36288,0,21.8291,3.62326,17.8853,0.84672,12.849,0.84672,3695.15,0,36.966,0.327345,0.292723,1.68916,4.05683,0.922675,4.78869,0.42336,36.966,0.42336,423.524,0,0.909524,0,0,1.20225,0.292723,1.028160,1,0,22.674,0,0,0,22.674,0
31.7043,1.78256,0,0,1.35581,0.191122,0.36288,3.6288,53.7471,0.40706,0,0,0.531941,0.209323,0,0.66528,12.849,1,0.700754,0.36288,0,24.0208,4.02617,19.6568,0.84672,12.849,0.84672,3695.15,0,36.966,0.279527,1.54482,1.78995,5.59403,0.965232,7.68404,0.42336,36.966,0.42336,423.524,0,1.02816,0,0,2.57298,1.54482,1.028160,1,0,27.3408,0,0,0,27.3408,0
31.0901,1.76804,0,0,1.71207,0.195285,0.36288,3.6288,53.6624,0.406799,0,0,0.510847,0.18873,0,0.66528,12.849,1,0.716546,0.36288,0,31.036,4.03631,26.646,0.84672,12.849,0.84672,3695.15,0,36.966,0.279787,1.22568,1.79019,5.34754,1.02839,7.05523,0.42336,36.966,0.42336,423.524,0,1.02816,0,0,2.25384,1.22568,1.028160,1,0,33.7013,0,0,0,33.7013,0
30.8473,1.75893,0,0,2.07268,0.193769,0.36288,3.6288,53.5818,0.443899,0,0,0.551923,0.188603,0,0.66528,12.849,1,0.726934,0.36288,0,37.7597,4.03631,33.3594,0.84672,12.849,0.84672,3695.15,0,36.966,0.305786,0.412474,1.79043,4.36884,1.02839,5.23757,0.42336,36.966,0.42336,423.524,0,0.965062,0,0,1.37754,0.412474,1.028160,1,0,38.5969,0,0,0,38.5969,0
30.9755,1.75522,0,0,2.44149,0.195104,0.36288,3.6288,54.3289,0.406013,0,0,1.33817,0.185027,0,0.66528,12.849,1,0.731112,0.36288,0,40.2683,3.94401,35.956,0.84672,12.849,0.84672,3695.15,0,36.966,0.280107,1.52828,1.79066,6.94832,1.03275,8.95441,0.42336,36.966,0.42336,423.524,0,1.02816,0,0,2.55644,1.52828,1.028160,1,0,44.9104,0,0,0,44.9104,0
33.6835,1.72545,0,0,5.00343,0.207185,0.36288,3.6288,54.8789,0.515164,0,0,1.23028,0.165166,0,0.66528,12.849,1,0.715737,0.36288,0,89.4516,3.39024,85.7085,0.84672,12.849,0.84672,3695.15,0,36.966,0.350523,2.697,1.79039,11.497,1.05888,14.575,0.42336,36.966,0.42336,423.524,0,1.02816,0,0,3.72516,2.697,1.028160,1,0,100.284,0,0,0,100.284,0
35.3225,1.76768,0,0,3.98401,0.214351,0.36288,3.6288,55.191,0.51754,0,0,0.995458,0.165767,0,0.66528,12.849,1,0.674306,0.36288,0,68.7529,3.39024,65.0512,0.84672,12.849,0.84672,3695.15,0,36.966,0.348611,1.94244,1.92066,8.66151,1.05888,11.1171,0.42336,36.966,0.42336,423.524,0,1.02816,0,0,2.9706,1.94244,1.028160,1,0,76.1684,0,0,0,76.1684,0
36.0729,1.79121,0,0,3.12315,0.218682,0.36288,3.6288,55.3943,0.518998,0,0,0.88833,0.166108,0,0.66528,12.849,1,0.651575,0.36288,0,39.3815,3.39024,35.7025,0.84672,12.849,0.84672,3695.15,0,36.966,0.347616,1.59477,1.92117,7.23021,1.05888,9.33966,0.42336,36.966,0.42336,423.524,0,1.02816,0,0,2.62293,1.59477,1.028160,1,0,45.0422,0,0,0,45.0422,0
36.7651,1.8018,0,0,3.09423,0.237433,0.36288,3.6288,55.5759,0.520041,0,0,0.858842,0.15715,0,0.66528,12.849,1,0.641791,0.36288,0,41.5979,3.60369,37.7153,0.84672,12.849,0.84672,3695.15,0,36.966,0.347037,1.48668,1.92168,7.10813,1.05293,9.11653,0.42336,36.966,0.42336,423.524,0,1.02816,0,0,2.51484,1.48668,1.028160,1,0,46.8318,0,0,0,46.8318,0
38.727,2.00987,0,0,4.60683,0.272105,0.36288,3.6288,55.6751,0.633507,0,0,0.869478,0.136774,0,0.66528,12.849,1,0.70243,0.36288,0,51.2302,3.85053,47.0401,0.84672,12.849,0.84672,3695.15,0,36.966,0.421374,1.76634,1.92219,8.7531,1.00423,11.016,0.42336,36.966,0.42336,423.524,0,1.02816,0,0,2.7945,1.76634,1.028160,1,0,58.0561,0,0,0,58.0561,0
40.7846,2.03725,0,0,4.73971,0.281943,0.36288,3.6288,55.633,0.63427,0,0,0.722771,0.13064,0,0.66528,12.849,1,0.675928,0.36288,0,66.0044,3.74619,61.9452,0.84672,12.849,0.84672,3695.15,0,36.966,0.42113,1.62335,2.11764,8.29354,0.930714,10.6827,0.42336,36.966,0.42336,423.524,0,1.02816,0,0,2.65151,1.62335,1.028160,1,0,72.6279,0,0,0,72.6279,0
42.1772,2.06385,0,0,4.10807,0.288821,0.36288,3.6288,55.5449,0.63439,0,0,0.67691,0.130604,0,0.66528,12.849,1,0.650207,0.36288,0,56.7088,3.74619,52.6753,0.84672,12.849,0.84672,3695.15,0,36.966,0.421528,1.3524,2.11821,7.71414,0.930714,9.83251,0.42336,36.966,0.42336,423.524,0,1.02816,0,0,2.38056,1.3524,1.028160,1,0,62.5078,0,0,0,62.5078,0
43.5916,2.08098,0,0,4.13645,0.278111,0.36288,3.6288,55.5425,0.634301,0,0,0.795889,0.16396,0,0.66528,12.849,1,0.633958,0.36288,0,56.7962,3.83741,52.6877,0.84672,12.849,0.84672,3695.15,0,36.966,0.422137,1.74711,2.11877,8.41078,1.03713,10.8174,0.42336,36.966,0.42336,423.524,0,1.02816,0,0,2.77527,1.74711,1.028160,1,0,63.5051,0,0,0,63.5051,0
44.6099,1.80207,0,0,3.44468,0.261479,0.36288,3.6288,55.6625,0.483478,0,0,0.792383,0.188943,0,0.66528,12.849,1,0.531174,0.36288,0,45.1438,3.56775,41.4078,0.84672,12.849,0.84672,3695.15,0,36.966,0.321776,1.28111,2.11934,6.99797,1.02792,9.04873,0.42336,36.966,0.42336,423.524,0,1.02816,0,0,2.30927,1.28111,1.028160,1,0,50.4565,0,0,0,50.4565,0
45.0247,1.81208,0,0,2.85418,0.264432,0.36288,3.6288,55.6952,0.484162,0,0,0.698181,0.18125,0,0.66528,12.849,1,0.521933,0.36288,0,37.3934,3.41124,33.8231,0.84672,12.849,0.84672,3695.15,0,36.966,0.321537,0.769271,1.85374,7.02181,0.967475,8.35582,0.42336,36.966,0.42336,423.524,0,1.02816,0,0,1.79743,0.769271,1.028160,1,0,42.1789,0,0,0,42.1789,0
45.9837,1.81641,0,0,3.40396,0.265675,0.36288,3.6288,56.009,0.484544,0,0,0.979551,0.181289,0,0.66528,12.849,1,0.518362,0.36288,0,47.8881,3.41124,44.3214,0.84672,12.849,0.84672,3695.15,0,36.966,0.321601,1.38008,1.85423,9.53018,0.967475,11.4754,0.42336,36.966,0.42336,423.524,0,1.02816,0,0,2.40824,1.38008,1.028160,1,0,55.7968,0,0,0,55.7968,0
46.7367,1.82546,0,0,3.18505,0.243703,0.36288,3.6288,56.2021,0.485898,0,0,0.885851,0.206849,0,0.66528,12.849,1,0.51008,0.36288,0,49.0829,4.44234,44.4933,0.84672,12.849,0.84672,3695.15,0,36.966,0.320693,1.13629,1.85472,8.21725,1.19025,9.69731,0.42336,36.966,0.42336,423.524,0,1.02816,0,0,2.16445,1.13629,1.028160,1,0,54.1907,0,0,0,54.1907,0
50.6602,1.83251,0,0,6.34772,0.228791,0.36288,3.6288,57.1248,0.486832,0,0,1.62223,0.212626,0,0.66528,12.849,1,0.5038,0.36288,0,73.8085,4.78997,68.8776,0.84672,12.849,0.84672,3695.15,0,36.966,0.320206,2.56132,1.85521,12.7111,1.19125,15.6162,0.42336,36.966,0.42336,423.524,0,1.02816,0,0,3.58948,2.56132,1.028160,1,0,84.4938,0,0,0,84.4938,0
51.6096,1.94118,0,0,3.4986,0.245171,0.36288,3.6288,57.1557,0.573979,0,0,0.798941,0.194135,0,0.66528,12.849,1,0.492343,0.36288,0,45.3212,4.31466,40.8771,0.84672,12.849,0.84672,3695.15,0,36.966,0.371427,0.558835,1.8557,6.31593,1.00809,7.35094,0.42336,36.966,0.42336,423.524,0,0.951903,0,0,1.51074,0.558835,1.028160,1,0,48.228,0,0,0,48.228,0
52.0804,1.94907,0,0,3.0304,0.247615,0.36288,3.6288,57.142,0.589205,0,0,0.769686,0.194174,0,0.66528,12.849,1,0.48525,0.36288,0,38.622,4.31466,34.185,0.84672,12.849,0.84672,3695.15,0,36.966,0.381074,0.528595,1.9219,6.45996,1.00809,7.52129,0.42336,36.966,0.42336,423.524,0,0.927495,0,0,1.45609,0.528595,1.028160,1,0,41.7063,0,0,0,41.7063,0
52.1663,1.95323,0,0,2.65077,0.248827,0.36288,3.6288,57.2959,0.528308,0,0,0.876398,0.194157,0,0.66528,12.849,1,0.481889,0.36288,0,33.2308,4.31466,28.7972,0.84672,12.849,0.84672,3695.15,0,36.966,0.34177,0.722987,1.92241,7.60234,1.00809,8.89787,0.42336,36.966,0.42336,423.524,0,1.02816,0,0,1.75115,0.722987,1.028160,1,0,37.695,0,0,0,37.695,0
52.259,1.9545,0,0,2.6217,0.211617,0.36288,3.6288,57.3302,0.529149,0,0,0.780952,0.217536,0,0.66528,12.849,1,0.48141,0.36288,0,32.8186,4.60551,28.0946,0.84672,12.849,0.84672,3695.15,0,36.966,0.341394,0.614442,1.92292,6.70084,1.06535,7.83146,0.42336,36.966,0.42336,423.524,0,1.02816,0,0,1.6426,0.614442,1.028160,1,0,35.926,0,0,0,35.926,0
52.1323,1.92552,0,0,2.38266,0.220886,0.36288,3.6288,56.9514,0.712246,0,0,0.536632,0.203197,0,0.66528,12.849,1,0.473432,0.36288,0,33.4143,4.55877,28.745,0.84672,12.849,0.84672,3695.15,0,36.966,0.45925,0.528595,1.92343,4.65822,1.09692,5.55407,0.42336,36.966,0.42336,423.524,0,0.703693,0,0,1.23229,0.528595,1.028160,1,0,34.2991,0,0,0,34.2991,0
51.9582,1.92523,0,0,2.32277,0.208825,0.36288,3.6288,56.6852,0.643221,0,0,0.586151,0.209058,0,0.66528,12.849,1,0.47451,0.36288,0,32.3788,4.61643,27.6508,0.84672,12.849,0.84672,3695.15,0,36.966,0.417502,0.528595,1.89834,5.27966,1.10036,6.18873,0.42336,36.966,0.42336,423.524,0,0.814925,0,0,1.34352,0.528595,1.028160,1,0,33.8395,0,0,0,33.8395,0
51.634,1.92459,0,0,2.17176,0.208449,0.36288,3.6288,56.3991,0.653864,0,0,0.576469,0.208696,0,0.66528,12.849,1,0.475941,0.36288,0,29.5262,4.61643,24.7967,0.84672,12.849,0.84672,3695.15,0,36.966,0.426402,0.402797,1.89884,4.73891,1.10036,5.51378,0.42336,36.966,0.42336,423.524,0,0.795839,0,0,1.19864,0.402797,1.028160,1,0,30.3104,0,0,0,30.3104,0
51.3337,1.92283,0,0,2.18603,0.200623,0.36288,3.6288,56.0189,0.684576,0,0,0.500806,0.196505,0,0.66528,12.849,1,0.47849,0.36288,0,30.0853,4.25853,25.7111,0.84672,12.849,0.84672,3695.15,0,36.966,0.448696,0.402797,1.89934,4.47002,1.1087,5.21475,0.42336,36.966,0.42336,423.524,0,0.743291,0,0,1.14609,0.402797,1.028160,1,0,30.9259,0,0,0,30.9259,0
50.8319,2.02383,0,0,2.04805,0.163168,0.36288,3.6288,55.6003,0.74686,0,0,0.536886,0.208549,0,0.66528,12.849,1,0.50657,0.36288,0,26.7461,4.51635,22.086,0.84672,12.849,0.84672,3695.15,0,36.966,0.492842,0.402797,1.89984,4.00565,1.10403,4.71141,0.42336,36.966,0.42336,423.524,0,0.722451,0,0,1.12525,0.402797,1.028160,1,0,26.7974,0,0,0,26.7974,0
50.1934,2.02049,0,0,1.88196,0.137067,0.36288,3.6288,55.1008,0.753215,0,0,0.454204,0.200506,0,0.66528,12.849,1,0.510728,0.36288,0,23.8862,4.19328,19.5451,0.84672,12.849,0.84672,3695.15,0,36.966,0.500777,0.402797,1.99016,3.63277,1.12736,4.39759,0.42336,36.966,0.42336,423.524,0,0.708644,0,0,1.11144,0.402797,1.028160,1,0,23.9427,0,0,0,23.9427,0
49.4383,2.01598,0,0,1.74113,0.117394,0.36288,3.6288,54.6689,0.688679,0,0,0.461741,0.204994,0,0.66528,12.849,1,0.516069,0.36288,0,21.6393,4.35582,17.1303,0.84672,12.849,0.84672,3695.15,0,36.966,0.462021,0.30119,1.99068,3.5845,1.09727,4.31709,0.42336,36.966,0.42336,423.524,0,0.812419,0,0,1.11361,0.30119,1.028160,1,0,21.4474,0,0,0,21.4474,0
48.6355,2.01037,0,0,1.68689,0.116458,0.36288,3.6288,54.2374,0.71097,0,0,0.483844,0.204411,0,0.66528,12.849,1,0.522495,0.36288,0,20.533,4.35582,16.0175,0.84672,12.849,0.84672,3695.15,0,36.966,0.480743,0.30119,1.99121,3.7209,1.09727,4.43529,0.42336,36.966,0.42336,423.524,0,0.771889,0,0,1.07308,0.30119,1.028160,1,0,20.4528,0,0,0,20.4528,0
47.6152,2.0042,0,0,1.45697,0.110212,0.36288,3.6288,53.8112,0.700037,0,0,0.486009,0.212136,0,0.66528,12.849,1,0.52949,0.36288,0,19.0674,4.55268,14.3482,0.84672,12.849,0.84672,3695.15,0,36.966,0.477117,0.30119,1.99174,3.2639,1.13751,3.9422,0.42336,36.966,0.42336,423.524,0,0.786931,0,0,1.08812,0.30119,1.028160,1,0,18.2904,0,0,0,18.2904,0
46.2593,1.97591,0,0,1.07895,0.0960364,0.36288,3.6288,53.4762,0.650306,0,0,0.547577,0.232239,0,0.66528,12.849,1,0.533201,0.36288,0,18.1758,5.04483,12.9606,0.84672,12.849,0.84672,3695.15,0,36.966,0.446732,0.30119,1.99227,2.94013,1.23812,3.54874,0.42336,36.966,0.42336,423.524,0,0.914389,0,0,1.21558,0.30119,1.028160,1,0,16.5094,0,0,0,16.5094,0
44.829,1.96432,0,0,0.991535,0.0946095,0.36288,3.6288,53.1514,0.625042,0,0,0.53184,0.231621,0,0.66528,12.849,1,0.54561,0.36288,0,17.8887,5.04483,12.6611,0.84672,12.849,0.84672,3695.15,0,36.966,0.432067,0.261274,2.02424,2.96475,1.23812,3.58007,0.42336,36.966,0.42336,423.524,0,0.954815,0,0,1.21609,0.261274,1.028160,1,0,16.2412,0,0,0,16.2412,0
43.3242,1.95142,0,0,0.902543,0.0931043,0.36288,3.6288,52.6982,0.719575,0,0,0.497432,0.231021,0,0.66528,12.849,1,0.559322,0.36288,0,17.1731,5.04483,11.9319,0.84672,12.849,0.84672,3695.15,0,36.966,0.500454,0.261274,2.02477,2.78512,1.23812,3.3326,0.42336,36.966,0.42336,423.524,0,0.792392,0,0,1.05367,0.261274,1.028160,1,0,15.2644,0,0,0,15.2644,0
41.7735,1.93707,0,0,0.829915,0.0806471,0.36288,3.6288,52.1915,0.720431,0,0,0.474919,0.261254,0,0.66528,12.849,1,0.574493,0.36288,0,15.2245,5.46828,9.54465,0.84672,12.849,0.84672,3695.15,0,36.966,0.505357,0.261274,2.02531,2.67988,1.39268,3.06842,0.42336,36.966,0.42336,423.524,0,0.78713,0,0,1.0484,0.261274,1.028160,1,0,12.6131,0,0,0,12.6131,0
40.3476,1.97163,0,0,0.976856,0.0682103,0.36288,3.6288,51.696,0.724086,0,0,0.524426,0.295821,0,0.66528,12.849,1,0.606447,0.36288,0,16.4379,5.92668,10.2677,0.84672,12.849,0.84672,3695.15,0,36.966,0.512853,0.261274,2.02585,2.55865,1.49847,2.83445,0.42336,36.966,0.42336,423.524,0,0.818286,0,0,1.07956,0.261274,1.028160,1,0,13.1021,0,0,0,13.1021,0
38.8843,1.95601,0,0,0.923167,0.0676028,0.36288,3.6288,51.1664,0.737859,0,0,0.501996,0.293707,0,0.66528,12.849,1,0.622905,0.36288,0,16.056,5.90898,9.88697,0.84672,12.849,0.84672,3695.15,0,36.966,0.527618,0.261274,2.071,2.6024,1.48175,2.9253,0.42336,36.966,0.42336,423.524,0,0.790258,0,0,1.05153,0.261274,1.028160,1,0,12.8123,0,0,0,12.8123,0
37.3518,1.93902,0,0,0.83586,0.0664573,0.36288,3.6288,50.576,0.777556,0,0,0.479631,0.292449,0,0.66528,12.849,1,0.640732,0.36288,0,15.1217,5.90898,8.9349,0.84672,12.849,0.84672,3695.15,0,36.966,0.561758,0.227405,2.07155,2.41968,1.48175,2.67512,0.42336,36.966,0.42336,423.524,0,0.71693,0,0,0.944335,0.227405,1.028160,1,0,11.61,0,0,0,11.61,0
35.745,1.92008,0,0,0.730996,0.0548373,0.36288,3.6288,49.9712,0.782773,0,0,0.476231,0.298259,0,0.66528,12.849,1,0.660506,0.36288,0,14.399,6.1333,7.96806,0.84672,12.849,0.84672,3695.15,0,36.966,0.572128,0.227405,2.0721,2.44555,1.52657,2.64636,0.42336,36.966,0.42336,423.524,0,0.701853,0,0,0.929258,0.227405,1.028160,1,0,10.6144,0,0,0,10.6144,0
33.6091,2.26297,0,0,0.558909,0.0689441,0.36288,3.6288,49.4383,0.71135,0,0,0.455567,0.277133,0,0.66528,12.849,1,0.813453,0.36288,0,11.7056,5.74894,5.50613,0.84672,12.849,0.84672,3695.15,0,36.966,0.526218,0.227405,2.07265,2.34287,1.35211,2.7646,0.42336,36.966,0.42336,423.524,0,0.668382,0,0,0.895787,0.227405,1.028160,1,0,8.27073,0,0,0,8.27073,0
31.4048,2.2306,0,0,0.468087,0.0789207,0.36288,3.6288,48.8505,0.744599,0,0,0.422127,0.265397,0,0.66528,12.4469,1,0.84672,0.36288,0,8.65953,5.37232,3.20544,0.84672,12.4469,0.84672,3695.15,0,36.966,0.556751,0.227405,2.04906,2.33748,1.31713,2.74007,0.42336,36.966,0.42336,423.524,0,0.605154,0,0,0.832559,0.227405,1.028160,1,0,5.94551,0,0,0,5.94551,0
29.3801,2.23149,0,0,0.646414,0.0767741,0.36288,3.6288,48.3897,0.664105,0,0,0.467491,0.264112,0,0.66528,12.6741,1,0.84672,0.36288,0,9.28878,5.37232,3.20544,0.84672,12.6741,0.84672,3695.15,0,36.966,0.50254,0.204422,2.04965,2.60577,1.31713,3.04018,0.42336,36.966,0.42336,423.524,0,0.740413,0,0,0.944836,0.204422,1.028160,1,0,6.24562,0,0,0,6.24562,0
27.6331,2.23238,0,0,0.941121,0.0927891,0.36288,3.6288,48.1609,0.594729,0,0,0.622294,0.256387,0,0.66528,12.849,1,0.84672,0.36288,0,15.5,5.2324,9.60884,0.84672,12.849,0.84672,3695.15,0,36.966,0.454327,0.204422,2.05025,2.89779,1.29477,3.40337,0.42336,36.966,0.42336,423.524,0,0.858557,0,0,1.06298,0.204422,1.028160,1,0,13.0122,0,0,0,13.0122,0
25.7637,2.23328,0,0,0.815407,0.0887388,0.36288,3.6288,47.9765,0.579479,0,0,0.637622,0.242517,0,0.66528,12.849,1,0.84672,0.36288,0,17.4449,5.1989,11.7622,0.84672,12.849,0.84672,3695.15,0,36.966,0.444781,0.204422,2.05085,2.54816,1.22067,3.13798,0.42336,36.966,0.42336,423.524,0,0.883907,0,0,1.08833,0.204422,1.028160,1,0,14.9002,0,0,0,14.9002,0
24.406,1.83777,0,0,0.954107,0.111073,0.36288,3.6288,48.0913,0.61628,0,0,0.92937,0.198368,0,0.66528,12.849,1,0.84672,0.36288,0,15.6207,3.8011,11.3357,0.84672,12.849,0.84672,3695.15,0,36.966,0.474844,0.538428,2.05144,4.42081,0.816518,5.71932,0.42336,36.966,0.42336,423.524,0,1.02816,0,0,1.56659,0.538428,1.028160,1,0,17.0551,0,0,0,17.0551,0
23.2876,1.83864,0,0,1.19203,0.108931,0.36288,3.6288,48.334,0.617218,0,0,1.05852,0.198558,0,0.66528,12.849,1,0.84672,0.36288,0,30.1835,3.8011,25.8985,0.84672,12.849,0.84672,3695.15,0,36.966,0.474433,0.588099,2.14043,4.81179,0.816518,6.24937,0.42336,36.966,0.42336,423.524,0,1.02816,0,0,1.61626,0.588099,1.028160,1,0,32.1479,0,0,0,32.1479,0
21.8406,1.83951,0,0,0.862523,0.107167,0.36288,3.6288,48.4125,0.618868,0,0,0.89634,0.198959,0,0.66528,12.849,1,0.84672,0.36288,0,14.3225,3.8011,10.0376,0.84672,12.849,0.84672,3695.15,0,36.966,0.473312,0.564227,2.141,3.7764,0.816518,5.1918,0.42336,36.966,0.42336,423.524,0,1.02816,0,0,1.59239,0.564227,1.028160,1,0,15.2294,0,0,0,15.2294,0
20.3871,1.84038,0,0,0.854885,0.105106,0.36288,3.6288,48.5662,0.619602,0,0,0.972337,0.199089,0,0.66528,12.849,1,0.84672,0.36288,0,11.0781,3.8011,6.79318,0.84672,12.849,0.84672,3695.15,0,36.966,0.473105,0.529407,2.14157,3.65084,0.816518,5.0322,0.42336,36.966,0.42336,423.524,0,1.02816,0,0,1.55757,0.529407,1.028160,1,0,11.8254,0,0,0,11.8254,0
19.0555,1.764,0,0,0.938779,0.143539,0.36288,3.6288,48.6405,0.573231,0,0,0.820775,0.173249,0,0.66528,12.849,1,0.84672,0.36288,0,17.1477,3.46935,13.1945,0.84672,12.849,0.84672,3695.15,0,36.966,0.436313,0.626391,2.14214,3.81124,0.760594,5.38287,0.42336,36.966,0.42336,423.524,0,1.02816,0,0,1.65455,0.626391,1.028160,1,0,18.5774,0,0,0,18.5774,0
18.9862,1.76484,0,0,2.18956,0.131062,0.36288,3.6288,48.7473,0.573896,0,0,0.86838,0.187592,0,0.66528,12.849,1,0.84672,0.36288,0,41.0525,3.94821,36.6205,0.84672,12.849,0.84672,3695.15,0,36.966,0.436152,0.375952,2.06358,5.50624,0.876455,6.63316,0.42336,36.966,0.42336,423.524,0,1.02816,0,0,1.40411,0.375952,1.028160,1,0,43.2536,0,0,0,43.2536,0
21.1627,1.76569,0,0,4.43598,0.130935,0.36288,3.6288,49.8755,0.574726,0,0,1.89067,0.187758,0,0.66528,12.849,1,0.84672,0.36288,0,65.0305,3.94821,60.5985,0.84672,12.849,0.84672,3695.15,0,36.966,0.435825,2.0641,2.06413,11.572,0.876455,14.3879,0.42336,36.966,0.42336,423.524,0,1.02816,0,0,3.09226,2.0641,1.028160,1,0,74.9864,0,0,0,74.9864,0
21.8445,1.76653,0,0,2.94615,0.134949,0.36288,3.6288,50.9311,0.580678,0,0,1.82577,0.189513,0,0.66528,12.849,1,0.84672,0.36288,0,40.0248,3.94821,35.5927,0.84672,12.849,0.84672,3695.15,0,36.966,0.430378,2.15883,2.06467,8.61875,0.876455,11.5354,0.42336,36.966,0.42336,423.524,0,1.02816,0,0,3.18699,2.15883,1.028160,1,0,47.1282,0,0,0,47.1282,0
22.094,1.54773,0,0,2.32156,0.161473,0.36288,3.6288,51.4739,0.485022,0,0,1.21844,0.190672,0,0.66528,12.849,1,0.84672,0.36288,0,39.8296,4.14258,35.2032,0.84672,12.849,0.84672,3695.15,0,36.966,0.352031,0.781376,2.06522,11.329,0.972245,12.8514,0.42336,36.966,0.42336,423.524,0,1.02816,0,0,1.80954,0.781376,1.028160,1,0,48.0546,0,0,0,48.0546,0
22.3232,1.54852,0,0,2.30755,0.166934,0.36288,3.6288,51.7689,0.487446,0,0,0.958264,0.175819,0,0.66528,12.849,1,0.84672,0.36288,0,25.8028,4.13112,21.1878,0.84672,12.849,0.84672,3695.15,0,36.966,0.35006,0.597731,1.88978,6.12047,1.03679,7.22114,0.42336,36.966,0.42336,423.524,0,1.02816,0,0,1.62589,0.597731,1.028160,1,0,28.4089,0,0,0,28.4089,0
22.0065,1.5493,0,0,1.76297,0.167451,0.36288,3.6288,51.9129,0.488875,0,0,0.809139,0.176239,0,0.66528,12.849,1,0.84672,0.36288,0,29.8798,4.13112,25.2648,0.84672,12.849,0.84672,3695.15,0,36.966,0.349085,0.581507,1.89028,6.33756,1.03679,7.42348,0.42336,36.966,0.42336,423.524,0,1.02816,0,0,1.60967,0.581507,1.028160,1,0,32.6883,0,0,0,32.6883,0
24.0588,1.55008,0,0,4.13195,0.166737,0.36288,3.6288,53.4889,0.489705,0,0,2.24212,0.176445,0,0.66528,12.849,1,0.84672,0.36288,0,63.3103,4.13112,58.6953,0.84672,12.849,0.84672,3695.15,0,36.966,0.348708,3.06057,1.89078,8.85747,1.03679,12.4233,0.42336,36.966,0.42336,423.524,0,1.02816,0,0,4.08873,3.06057,1.028160,1,0,71.1187,0,0,0,71.1187,0
25.5047,1.5629,0,0,3.53656,0.164915,0.36288,3.6288,53.5923,0.496049,0,0,0.773911,0.174464,0,0.66528,12.849,1,0.834691,0.36288,0,37.6154,3.90342,33.2402,0.84672,12.849,0.84672,3695.15,0,36.966,0.342818,0.899052,1.89128,6.41491,0.999047,7.86337,0.42336,36.966,0.42336,423.524,0,1.02816,0,0,1.92721,0.899052,1.028160,1,0,41.1036,0,0,0,41.1036,0
30.7488,1.65113,0,0,7.45848,0.200332,0.36288,3.6288,55.32,0.52665,0,0,2.45316,0.198714,0,0.66528,12.849,1,0.831825,0.36288,0,95.1877,4.54524,90.1736,0.84672,12.849,0.84672,3695.15,0,36.966,0.363264,2.88194,1.89177,12.5503,1.37217,15.5886,0.42336,36.966,0.42336,423.524,0,1.02816,0,0,3.9101,2.88194,1.028160,1,0,105.762,0,0,0,105.762,0
35.9474,1.75174,0,0,7.52856,0.215307,0.36288,3.6288,57.5975,0.533721,0,0,3.01227,0.201059,0,0.66528,12.849,1,0.731998,0.36288,0,110.088,4.54524,105.174,0.84672,12.849,0.84672,3695.15,0,36.966,0.356644,3.4437,1.94721,13.2629,1.37217,16.925,0.42336,36.966,0.42336,423.524,0,1.02816,0,0,4.47186,3.4437,1.028160,1,0,122.099,0,0,0,122.099,0
39.1513,1.83029,0,0,5.62671,0.22966,0.36288,3.6288,59.2846,0.542585,0,0,2.43372,0.204068,0,0.66528,12.849,1,0.654217,0.36288,0,86.559,4.54524,81.7224,0.84672,12.849,0.84672,3695.15,0,36.966,0.34823,2.8106,1.9477,14.599,1.37217,17.6369,0.42336,36.966,0.42336,423.524,0,1.02816,0,0,3.83876,2.8106,1.028160,1,0,99.3593,0,0,0,99.3593,0
42.2139,1.87119,0,0,5.50884,0.212143,0.36288,3.6288,60.5912,0.548966,0,0,2.06888,0.213295,0,0.66528,12.849,1,0.614101,0.36288,0,110.264,4.3326,105.68,0.84672,12.849,0.84672,3695.15,0,36.966,0.3423,2.24612,1.9482,12.8296,1.19046,15.4912,0.42336,36.966,0.42336,423.524,0,1.02816,0,0,3.27428,2.24612,1.028160,1,0,121.171,0,0,0,121.171,0
47.0302,2.11445,0,0,7.53846,0.244881,0.36288,3.6288,61.308,0.66528,0,0,2.15088,0.200147,0.568682,0.66528,12.849,1,0.643593,0.36288,0,93.0243,4.05219,88.6914,0.84672,12.849,0.84672,3695.15,0,36.966,0.416617,2.19739,1.94869,11.2349,1.03662,13.9278,0.42336,36.966,0.42336,423.524,0,1.02816,0,0,3.22555,2.19739,1.028160,1,0,103.188,0,0,0,103.188,0
49.2447,2.16689,0,0,5.0059,0.261619,0.36288,3.6288,61.308,0.66528,0,0,1.99159,0.197357,1.12895,0.66528,12.849,1,0.59201,0.36288,0,84.8318,4.076,80.5267,0.84672,12.849,0.84672,3695.15,0,36.966,0.417121,1.07136,2.14709,9.06362,1.068,10.7969,0.42336,36.966,0.42336,423.524,0,1.02816,0,0,2.09952,1.07136,1.028160,1,0,92.4526,0,0,0,92.4526,0
52.1605,2.18868,0,0,5.7354,0.268008,0.36288,3.6288,61.308,0.66528,0,0,2.44386,0.197357,1.58122,0.66528,12.849,1,0.571073,0.36288,0,108.991,4.076,104.707,0.84672,12.849,0.84672,3695.15,0,36.966,0.417624,3.2798,2.14764,14.271,1.068,18.2128,0.42336,36.966,0.42336,423.524,0,1.02816,0,0,4.30796,3.2798,1.028160,1,0,124.501,0,0,0,124.501,0
54.6175,2.21497,0,0,5.33547,0.300592,0.36288,3.6288,61.308,0.66528,0,0,1.67955,0.182284,0.831983,0.66528,12.849,1,0.545627,0.36288,0,118.328,4.16353,113.982,0.84672,12.849,0.84672,3695.15,0,36.966,0.418128,2.12226,2.14819,10.4946,1.02967,13.3172,0.42336,36.966,0.42336,423.524,0,1.02816,0,0,3.15042,2.12226,1.028160,1,0,128.131,0,0,0,128.131,0
60.1963,1.92114,0,0,8.16934,0.306582,0.36288,3.6288,61.308,0.516797,0,0,3.9882,0.198709,3.27269,0.66528,12.849,1,0.451955,0.36288,0,155.187,3.83487,151.263,0.84672,12.849,0.84672,3695.15,0,36.966,0.311606,5.24097,2.14873,19.0469,1.00569,25.1193,0.42336,36.966,0.42336,423.524,0,1.02816,0,0,6.26913,5.24097,1.028160,1,0,179.655,0,0,0,179.655,0
65.0727,1.95627,0,0,7.48716,0.291611,0.36288,3.6288,61.308,0.517067,0,0,3.00806,0.195504,2.29549,0.66528,12.849,1,0.417569,0.36288,0,132.13,3.60518,128.47,0.84672,12.849,0.84672,3695.15,0,36.966,0.311768,3.04431,1.8791,13.1897,0.97329,16.8281,0.42336,36.966,0.42336,423.524,0,1.02816,0,0,4.07247,3.04431,1.028160,1,0,147.594,0,0,0,147.594,0
69.0178,1.98302,0,0,6.59457,0.303532,0.36288,3.6288,61.308,0.517337,0,0,2.24326,0.195504,1.53041,0.66528,12.849,1,0.39156,0.36288,0,101.634,3.60518,98.0002,0.84672,12.849,0.84672,3695.15,0,36.966,0.311931,2.17085,1.87957,12.0921,0.97329,14.8573,0.42336,36.966,0.42336,423.524,0,1.02816,0,0,3.19901,2.17085,1.028160,1,0,114.388,0,0,0,114.388,0
72.29,2.00252,0,0,8.81738,0.313145,3.22955,3.6288,61.308,0.517607,0,0,3.37643,0.195504,2.66331,0.66528,12.849,1,0.372808,3.22955,0,142.436,3.60518,141.687,0.84672,12.849,0.84672,3695.15,0,36.966,0.312094,3.32054,1.88005,18.4686,0.97329,22.3838,0.42336,36.966,0.42336,423.524,0,1.02816,0,0,4.3487,3.32054,1.028160,1,0,166.734,0,0,0,166.734,0
72.29,2.01748,0,0,11.3924,0.319431,9.05545,3.6288,61.308,0.517877,0,0,5.08225,0.198038,4.36633,0.66528,12.849,1,0.358592,9.05545,0,179.067,3.76635,183.998,0.84672,12.849,0.84672,3695.15,0,36.966,0.312257,6.02698,1.88052,29.2929,0.952768,35.9354,0.42336,36.966,0.42336,423.524,0,1.02816,0,0,7.05514,6.02698,1.028160,1,0,224.3,0,0,0,224.3,0
72.29,2.10123,0,0,7.51352,0.304931,5.10735,3.6288,61.308,0.557197,0,0,2.91841,0.159699,2.20151,0.66528,12.849,1,0.373478,5.10735,0,123.864,3.21751,125.38,0.84672,12.849,0.84672,3695.15,0,36.966,0.335965,3.32439,1.88099,13.7906,0.596195,18.0638,0.42336,36.966,0.42336,423.524,0,1.02816,0,0,4.35255,3.32439,1.028160,1,0,145.646,0,0,0,145.646,0
72.29,2.10189,0,0,5.70408,0.304931,3.29726,3.6288,61.308,0.557478,0,0,2.37827,0.159699,1.66109,0.66528,12.849,1,0.373595,3.29726,0,84.2348,3.21751,83.941,0.84672,12.849,0.84672,3695.15,0,36.966,0.336134,2.36009,1.94817,9.94956,0.596195,13.3255,0.42336,36.966,0.42336,423.524,0,1.02816,0,0,3.38825,2.36009,1.028160,1,0,98.9276,0,0,0,98.9276,0
72.29,2.10255,0,0,5.12914,0.304931,2.72166,3.6288,61.308,0.557759,0,0,2.13985,0.159699,1.42239,0.66528,12.849,1,0.373712,2.72166,0,70.238,3.21751,69.3684,0.84672,12.849,0.84672,3695.15,0,36.966,0.336304,2.02109,1.94867,8.19979,0.596195,11.237,0.42336,36.966,0.42336,423.524,0,1.02816,0,0,3.04925,2.02109,1.028160,1,0,82.0279,0,0,0,82.0279,0
72.29,2.1032,0,0,5.21785,0.279215,2.83543,3.6288,61.308,0.55804,0,0,2.18799,0.163051,1.4669,0.66528,12.849,1,0.373828,2.83543,0,81.7197,3.01224,81.1691,0.84672,12.849,0.84672,3695.15,0,36.966,0.336474,2.74858,1.94916,8.78593,0.676832,12.4704,0.42336,36.966,0.42336,423.524,0,1.02816,0,0,3.77674,2.74858,1.028160,1,0,95.1063,0,0,0,95.1063,0
72.29,2.07132,0,0,5.04512,0.268344,2.70545,3.6288,61.308,0.543139,0,0,1.4152,0.179599,0.69246,0.66528,12.849,1,0.368162,2.70545,0,88.3604,3.83007,86.8676,0.84672,12.849,0.84672,3695.15,0,36.966,0.327488,1.6803,1.94965,7.99139,0.873412,10.4204,0.42336,36.966,0.42336,423.524,0,1.02816,0,0,2.70846,1.6803,1.028160,1,0,97.9805,0,0,0,97.9805,0
72.29,2.07197,0,0,4.48075,0.231595,2.17718,3.6288,61.308,0.543416,0,0,1.07736,0.197515,0.336434,0.66528,12.849,1,0.368277,2.17718,0,78.6741,4.20055,76.2825,0.84672,12.849,0.84672,3695.15,0,36.966,0.327656,1.40924,1.92416,7.17077,0.905434,9.27109,0.42336,36.966,0.42336,423.524,0,1.02816,0,0,2.4374,1.40924,1.028160,1,0,85.89,0,0,0,85.89,0
72.29,2.07262,0,0,4.24023,0.22218,1.94543,3.6288,61.308,0.543693,0,0,1.00675,0.200635,0.262422,0.66528,12.849,1,0.368393,1.94543,0,73.8331,4.22835,71.1818,0.84672,12.849,0.84672,3695.15,0,36.966,0.327823,1.33848,1.92465,6.64364,0.907375,8.67158,0.42336,36.966,0.42336,423.524,0,1.02816,0,0,2.36664,1.33848,1.028160,1,0,80.1158,0,0,0,80.1158,0
72.29,2.07327,0,0,3.92308,0.22218,1.62763,3.6288,61.308,0.54397,0,0,1.09488,0.200635,0.350273,0.66528,12.849,1,0.368508,1.62763,0,67.1604,4.22835,64.1912,0.84672,12.849,0.84672,3695.15,0,36.966,0.32799,1.55809,1.92514,6.85748,0.907375,9.10535,0.42336,36.966,0.42336,423.524,0,1.02816,0,0,2.58625,1.55809,1.028160,1,0,73.6468,0,0,0,73.6468,0
72.29,2.18448,0,0,3.76855,0.220674,1.3634,3.6288,61.308,0.598151,0,0,1.14108,0.198416,0.344509,0.66528,12.849,1,0.388274,1.3634,0,58.4328,4.36592,55.0421,0.84672,12.849,0.84672,3695.15,0,36.966,0.360659,1.46545,1.92562,6.80931,0.942552,8.89716,0.42336,36.966,0.42336,423.524,0,1.02816,0,0,2.49361,1.46545,1.028160,1,0,64.2837,0,0,0,64.2837,0
72.29,2.18516,0,0,3.71392,0.186993,1.34177,3.6288,61.308,0.598444,0,0,1.07706,0.20672,0.271898,0.66528,12.849,1,0.388395,1.34177,0,50.1502,4.70047,46.4031,0.84672,12.849,0.84672,3695.15,0,36.966,0.360835,1.40259,2.01727,6.03735,1.01986,8.07651,0.42336,36.966,0.42336,423.524,0,1.02816,0,0,2.43075,1.40259,1.028160,1,0,54.7515,0,0,0,54.7515,0
72.29,2.18584,0,0,3.4577,0.107812,1.16405,3.6288,61.308,0.598736,0,0,0.953268,0.234881,0.119651,0.66528,12.849,1,0.388516,1.16405,0,48.8741,5.07832,44.5713,0.84672,12.849,0.84672,3695.15,0,36.966,0.361011,1.24153,2.01778,5.6335,1.09588,7.43592,0.42336,36.966,0.42336,423.524,0,1.02816,0,0,2.26969,1.24153,1.028160,1,0,52.1269,0,0,0,52.1269,0
72.29,2.18651,0,0,3.14466,0.107812,0.85033,3.6288,61.2439,0.599028,0,0,0.769815,0.234881,0,0.66528,12.849,1,0.388636,0.85033,0,44.4897,5.07832,39.8731,0.84672,12.849,0.84672,3695.15,0,36.966,0.361188,0.892875,2.01829,5.03652,1.09588,6.49061,0.42336,36.966,0.42336,423.524,0,1.02816,0,0,1.92103,0.892875,1.028160,1,0,46.3637,0,0,0,46.3637,0
72.29,2.18719,0,0,2.91295,0.109158,0.616598,3.6288,61.0414,0.599085,0,0,0.633964,0.237335,0,0.66528,12.849,1,0.388757,0.616598,0,40.3585,5.00536,35.581,0.84672,12.849,0.84672,3695.15,0,36.966,0.3616,0.816843,2.0188,4.60517,1.11464,5.96458,0.42336,36.966,0.42336,423.524,0,1.02816,0,0,1.845,0.816843,1.028160,1,0,41.5455,0,0,0,41.5455,0
71.5281,2.16598,0,0,1.88419,0.117232,0.36288,3.6288,60.7719,0.628249,0,0,0.610998,0.252307,0,0.66528,12.849,1,0.384986,0.36288,0,37.808,4.56761,33.2183,0.84672,12.849,0.84672,3695.15,0,36.966,0.38046,0.783328,2.01931,3.30795,1.22717,4.50296,0.42336,36.966,0.42336,423.524,0,1.02816,0,0,1.81149,0.783328,1.028160,1,0,37.7213,0,0,0,37.7213,0
70.6082,2.16318,0,0,1.72267,0.116555,0.36288,3.6288,60.4889,0.6275,0,0,0.596347,0.251876,0,0.66528,12.849,1,0.388584,0.36288,0,37.2743,4.56761,32.681,0.84672,12.849,0.84672,3695.15,0,36.966,0.381692,0.816584,2.05174,3.26727,1.22717,4.52673,0.42336,36.966,0.42336,423.524,0,1.02816,0,0,1.84474,0.816584,1.028160,1,0,37.2078,0,0,0,37.2078,0
69.5444,2.15956,0,0,1.57441,0.115736,0.36288,3.6288,60.1684,0.626691,0,0,0.55767,0.251424,0,0.66528,12.849,1,0.392989,0.36288,0,35.0597,4.56761,30.462,0.84672,12.849,0.84672,3695.15,0,36.966,0.382984,0.548381,2.05226,3.10908,1.22717,4.09957,0.42336,36.966,0.42336,423.524,0,1.02816,0,0,1.57654,0.548381,1.028160,1,0,34.5616,0,0,0,34.5616,0
68.3779,2.15516,0,0,1.44769,0.0961444,0.36288,3.6288,59.7767,0.625726,0,0,0.528467,0.294472,0,0.66528,12.849,1,0.398187,0.36288,0,31.3904,5.1322,26.2229,0.84672,12.849,0.84672,3695.15,0,36.966,0.384431,0.549426,2.05278,2.96028,1.43326,3.7448,0.42336,36.966,0.42336,423.524,0,1.02816,0,0,1.57759,0.549426,1.028160,1,0,29.9677,0,0,0,29.9677,0
67.1432,2.20623,0,0,1.41676,0.0823516,0.36288,3.6288,59.1886,0.731618,0,0,0.451504,0.308016,0,0.66528,12.849,1,0.414576,0.36288,0,28.7935,5.67678,23.065,0.84672,12.849,0.84672,3695.15,0,36.966,0.452434,0.261274,2.0533,2.50466,1.47672,2.89008,0.42336,36.966,0.42336,423.524,0,0.897178,0,0,1.15845,0.261274,1.028160,1,0,25.9551,0,0,0,25.9551,0
65.807,2.20051,0,0,1.30914,0.0819266,0.36288,3.6288,58.4848,0.818345,0,0,0.41416,0.299563,0,0.66528,12.849,1,0.421106,0.36288,0,27.4989,5.72523,21.7154,0.84672,12.849,0.84672,3695.15,0,36.966,0.511094,0.261274,2.0991,2.45888,1.43228,2.87588,0.42336,36.966,0.42336,423.524,0,0.752285,0,0,1.01356,0.261274,1.028160,1,0,24.5913,0,0,0,24.5913,0
64.3266,2.19404,0,0,1.15753,0.0810623,0.36288,3.6288,57.718,0.85848,0,0,0.389883,0.298212,0,0.66528,12.849,1,0.428392,0.36288,0,25.9763,5.72523,20.1856,0.84672,12.849,0.84672,3695.15,0,36.966,0.542612,0.227405,2.09963,2.30673,1.43228,2.65888,0.42336,36.966,0.42336,423.524,0,0.681126,0,0,0.908531,0.227405,1.028160,1,0,22.8445,0,0,0,22.8445,0
62.7523,2.1865,0,0,1.046,0.0708942,0.36288,3.6288,56.9313,0.87092,0,0,0.386032,0.301802,0,0.66528,12.849,1,0.436745,0.36288,0,24.6239,5.87478,18.6753,0.84672,12.849,0.84672,3695.15,0,36.966,0.557788,0.227405,2.10017,2.30164,1.46215,2.60926,0.42336,36.966,0.42336,423.524,0,0.654005,0,0,0.88141,0.227405,1.028160,1,0,21.2845,0,0,0,21.2845,0
60.8365,2.34031,0,0,0.854297,0.0668986,0.36288,3.6288,56.066,0.946819,0,0,0.378467,0.297,0,0.66528,12.849,1,0.479196,0.36288,0,22.9385,6.01162,16.8106,0.84672,12.849,0.84672,3695.15,0,36.966,0.614778,0.227405,2.1007,2.24378,1.42034,2.53677,0.42336,36.966,0.42336,423.524,0,0.674931,0,0,0.902336,0.227405,1.028160,1,0,19.3473,0,0,0,19.3473,0
58.8714,2.32857,0,0,0.788711,0.0623707,0.36288,3.6288,55.215,0.901581,0,0,0.351141,0.300493,0,0.66528,12.849,1,0.491806,0.36288,0,21.7913,6.22104,15.4413,0.84672,12.849,0.84672,3695.15,0,36.966,0.59444,0.227405,2.25632,2.33725,1.54503,2.6815,0.42336,36.966,0.42336,423.524,0,0.741044,0,0,0.968449,0.227405,1.028160,1,0,18.1228,0,0,0,18.1228,0
56.9035,2.3158,0,0,0.772001,0.0612461,0.36288,3.6288,54.3293,0.915238,0,0,0.328309,0.298821,0,0.66528,12.849,1,0.505436,0.36288,0,19.8851,6.22104,13.5215,0.84672,12.849,0.84672,3695.15,0,36.966,0.612744,0.204422,2.25689,2.34586,1.54503,2.6494,0.42336,36.966,0.42336,423.524,0,0.70962,0,0,0.914043,0.204422,1.028160,1,0,16.1709,0,0,0,16.1709,0
55.2998,2.30225,0,0,1.12158,0.0600808,0.36288,3.6288,53.5965,0.812936,0,0,0.377239,0.297081,0,0.66528,12.849,1,0.519856,0.36288,0,22.648,6.22104,16.27,0.84672,12.849,0.84672,3695.15,0,36.966,0.553127,0.204422,2.25747,2.60093,1.54503,2.96467,0.42336,36.966,0.42336,423.524,0,0.872078,0,0,1.0765,0.204422,1.028160,1,0,19.2347,0,0,0,19.2347,0
54.1771,2.29072,0,0,1.61655,0.0857139,0.36288,3.6288,53.0783,0.730918,0,0,0.499328,0.286632,0,0.66528,12.849,1,0.532253,0.36288,0,36.9513,6.08963,30.6923,0.84672,12.849,0.84672,3695.15,0,36.966,0.545239,0.204422,2.25805,2.89562,1.51851,3.29434,0.42336,36.966,0.42336,423.524,0,0.962522,0,0,1.16694,0.204422,1.028160,1,0,33.9866,0,0,0,33.9866,0
52.6375,2.20541,0,0,1.13889,0.110219,0.36288,3.6288,52.5118,0.658948,0,0,0.361834,0.269324,0,0.66528,12.849,1,0.52305,0.36288,0,25.159,5.68764,19.3112,0.84672,12.849,0.84672,3695.15,0,36.966,0.45892,0.220501,2.25863,1.73262,1.45866,2.29418,0.42336,36.966,0.42336,423.524,0,1.02816,0,0,1.24866,0.220501,1.028160,1,0,21.6054,0,0,0,21.6054,0
51.923,2.19379,0,0,1.95069,0.108501,0.36288,3.6288,52.1469,0.656343,0,0,0.559482,0.268105,0,0.66528,12.849,1,0.535512,0.36288,0,24.3071,5.68764,18.4468,0.84672,12.849,0.84672,3695.15,0,36.966,0.462037,1.29401,2.16933,2.6291,1.45866,4.17175,0.42336,36.966,0.42336,423.524,0,1.02816,0,0,2.32217,1.29401,1.028160,1,0,22.6186,0,0,0,22.6186,0
50.2214,2.18856,0,0,0.957597,0.107703,0.36288,3.6288,51.5678,0.654751,0,0,0.343017,0.267319,0,0.66528,12.849,1,0.541586,0.36288,0,24.4898,5.68764,18.6235,0.84672,12.849,0.84672,3695.15,0,36.966,0.464141,0.374181,2.16989,1.5075,1.45866,2.12877,0.42336,36.966,0.42336,423.524,0,1.02816,0,0,1.40234,0.374181,1.028160,1,0,20.7522,0,0,0,20.7522,0
48.563,2.17462,0,0,0.984882,0.105804,0.36288,3.6288,50.9934,0.680955,0,0,0.372629,0.266072,0,0.66528,12.849,1,0.556369,0.36288,0,15.9711,5.68764,10.09,0.84672,12.849,0.84672,3695.15,0,36.966,0.488138,0.216518,2.17044,1.22278,1.45866,1.66295,0.42336,36.966,0.42336,423.524,0,0.978471,0,0,1.19499,0.216518,1.028160,1,0,11.7529,0,0,0,11.7529,0
47.414,2.09827,0,0,1.46359,0.151468,0.36288,3.6288,50.6058,0.600027,0,0,0.44269,0.230325,0,0.66528,12.849,1,0.55517,0.36288,0,24.0944,4.73454,19.1675,0.84672,12.849,0.84672,3695.15,0,36.966,0.43497,0.404101,2.17099,2.56126,1.14509,3.55629,0.42336,36.966,0.42336,423.524,0,1.02816,0,0,1.43226,0.404101,1.028160,1,0,22.7238,0,0,0,22.7238,0
46.316,2.08834,0,0,1.50441,0.151141,0.36288,3.6288,49.9881,0.738469,0,0,0.320948,0.20009,0,0.66528,12.849,1,0.565931,0.36288,0,19.3461,4.53453,14.6085,0.84672,12.849,0.84672,3695.15,0,36.966,0.53943,0.216518,2.09125,2.1955,1.04309,2.92075,0.42336,36.966,0.42336,423.524,0,0.785748,0,0,1.00227,0.216518,1.028160,1,0,17.5293,0,0,0,17.5293,0
45.4813,2.07848,0,0,1.75598,0.149319,0.36288,3.6288,49.8229,0.595561,0,0,0.629385,0.199082,0,0.66528,12.849,1,0.576611,0.36288,0,22.5189,4.53453,17.7706,0.84672,12.849,0.84672,3695.15,0,36.966,0.440415,1.28984,2.09178,3.48582,1.04309,5.38393,0.42336,36.966,0.42336,423.524,0,1.02816,0,0,2.318,1.28984,1.028160,1,0,23.1545,0,0,0,23.1545,0
47.5859,2.07086,0,0,4.68622,0.147933,0.36288,3.6288,50.5704,0.595003,0,0,1.5413,0.198812,0,0.66528,12.849,1,0.585043,0.36288,0,66.1804,4.53453,61.4237,0.84672,12.849,0.84672,3695.15,0,36.966,0.441462,3.30879,2.09231,6.58116,1.04309,10.4977,0.42336,36.966,0.42336,423.524,0,1.02816,0,0,4.33695,3.30879,1.028160,1,0,71.9214,0,0,0,71.9214,0
48.6636,1.91641,0,0,3.54774,0.190736,0.36288,3.6288,51.119,0.496767,0,0,1.24404,0.198662,0,0.66528,12.849,1,0.517463,0.36288,0,47.7109,4.28803,43.2682,0.84672,12.849,0.84672,3695.15,0,36.966,0.363128,0.763059,2.09285,3.74172,0.991855,5.24265,0.42336,36.966,0.42336,423.524,0,1.02816,0,0,1.79122,0.763059,1.028160,1,0,48.5109,0,0,0,48.5109,0
51.3802,1.92608,0,0,5.21049,0.20495,0.36288,3.6288,52.5004,0.499285,0,0,2.12456,0.243883,0,0.66528,12.849,1,0.508556,0.36288,0,70.6182,4.68324,65.7893,0.84672,12.849,0.84672,3695.15,0,36.966,0.361051,1.85043,1.91482,6.53814,1.16118,8.78115,0.42336,36.966,0.42336,423.524,0,1.02816,0,0,2.87859,1.85043,1.028160,1,0,74.5704,0,0,0,74.5704,0
54.4174,1.94819,0,0,5.58253,0.234249,0.36288,3.6288,53.9917,0.505118,0,0,2.17002,0.173605,0,0.66528,12.849,1,0.487198,0.36288,0,96.7386,4.35519,92.2591,0.84672,12.849,0.84672,3695.15,0,36.966,0.355658,1.95195,1.9153,6.83599,1.09553,9.25206,0.42336,36.966,0.42336,423.524,0,1.02816,0,0,2.98011,1.95195,1.028160,1,0,101.511,0,0,0,101.511,0
59.9455,1.97081,0,0,8.10345,0.241664,0.36288,3.6288,59.4136,0.51121,0,0,6.10876,0.175648,0,0.66528,12.849,1,0.465346,0.36288,0,120.788,4.35519,116.33,0.84672,12.849,0.84672,3695.15,0,36.966,0.350006,5.53932,1.91578,14.0651,1.09553,20.0746,0.42336,36.966,0.42336,423.524,0,1.02816,0,0,6.56748,5.53932,1.028160,1,0,136.405,0,0,0,136.405,0
66.1386,2.00677,0,0,8.8179,0.255161,0.36288,3.6288,61.308,0.531172,0,0,3.64258,0.18196,1.03502,0.66528,12.849,1,0.430141,0.36288,0,150.056,4.35519,145.634,0.84672,12.849,0.84672,3695.15,0,36.966,0.330485,4.01456,1.91627,12.6372,1.09553,17.142,0.42336,36.966,0.42336,423.524,0,1.02816,0,0,5.04272,4.01456,1.028160,1,0,163.811,0,0,0,163.811,0
71.9287,2.11299,0,0,8.49855,0.232562,0.36288,3.6288,61.308,0.569839,0,0,2.92598,0.205297,2.15084,0.66528,12.849,1,0.410499,0.36288,0,142.61,3.60464,138.958,0.84672,12.849,0.84672,3695.15,0,36.966,0.343588,4.71238,1.91675,8.75474,1.15502,13.8853,0.42336,36.966,0.42336,423.524,0,1.02816,0,0,5.74054,4.71238,1.028160,1,0,154.994,0,0,0,154.994,0
72.29,2.14167,0,0,6.06969,0.256379,3.31032,3.6288,61.308,0.570111,0,0,1.81816,0.227485,1.02056,0.66528,12.849,1,0.382577,3.31032,0,186.732,3.87954,185.78,0.84672,12.849,0.84672,3695.15,0,36.966,0.343752,2.47176,1.97297,6.47063,1.28971,9.28189,0.42336,36.966,0.42336,423.524,0,1.02816,0,0,3.49992,2.47176,1.028160,1,0,196.083,0,0,0,196.083,0
72.29,2.14393,0,0,5.87559,0.257084,3.47458,3.6288,61.308,0.570384,0,0,1.52287,0.227485,0.725001,0.66528,12.849,1,0.381067,3.47458,0,168.801,3.87954,168.015,0.84672,12.849,0.84672,3695.15,0,36.966,0.343916,1.97508,1.97345,5.19063,1.28971,7.50553,0.42336,36.966,0.42336,423.524,0,1.02816,0,0,3.00324,1.97508,1.028160,1,0,176.245,0,0,0,176.245,0
72.29,2.14457,0,0,6.31733,0.257084,3.91567,3.6288,61.308,0.570656,0,0,1.84175,0.227485,1.04361,0.66528,12.849,1,0.381181,3.91567,0,147.916,3.87954,147.571,0.84672,12.849,0.84672,3695.15,0,36.966,0.34408,3.51769,1.97393,7.07394,1.28971,10.9318,0.42336,36.966,0.42336,423.524,0,1.02816,0,0,4.54585,3.51769,1.028160,1,0,159.546,0,0,0,159.546,0
72.29,2.37949,0,0,7.96105,0.268412,5.31315,3.6288,61.308,0.66528,0,0,3.04474,0.198484,2.18097,0.66528,12.849,1,0.422936,5.31315,0,231.582,3.53528,232.937,0.84672,12.849,0.84672,3695.15,0,36.966,0.442832,4.05132,1.97441,8.73339,1.16688,13.1494,0.42336,36.966,0.42336,423.524,0,1.02816,0,0,5.07948,4.05132,1.028160,1,0,248.268,0,0,0,248.268,0
72.29,2.38019,0,0,20.4911,0.290818,17.8201,3.6288,61.308,0.66528,0,0,7.33929,0.138077,6.53593,0.66528,12.849,1,0.423061,17.8201,0,320.252,3.02222,334.627,0.84672,12.849,0.84672,3695.15,0,36.966,0.44332,8.93614,2.17566,22.3074,0.978343,31.9975,0.42336,36.966,0.42336,423.524,0,1.02816,0,0,9.9643,8.93614,1.028160,1,0,373.16,0,0,0,373.16,0
72.29,2.38089,0,0,8.67361,0.290818,6.0019,3.6288,61.308,0.66528,0,0,3.80446,0.138077,3.0011,0.66528,12.849,1,0.423186,6.0019,0,508.564,3.02222,511.121,0.84672,12.849,0.84672,3695.15,0,36.966,0.443808,4.56847,2.17619,11.3333,0.978343,16.6559,0.42336,36.966,0.42336,423.524,0,1.02816,0,0,5.59663,4.56847,1.028160,1,0,530.778,0,0,0,530.778,0
72.29,2.38159,0,0,6.46058,0.295157,3.78383,3.6288,61.308,0.66528,0,0,3.01411,0.170224,2.1786,0.66528,12.849,1,0.42331,3.78383,0,237.892,3.40733,237.845,0.84672,12.849,0.84672,3695.15,0,36.966,0.444296,3.73484,2.17672,8.4761,1.04491,12.8985,0.42336,36.966,0.42336,423.524,0,1.02816,0,0,4.763,3.73484,1.028160,1,0,252.922,0,0,0,252.922,0
72.29,2.04778,0,0,5.92123,0.297344,3.5761,3.6288,61.308,0.530808,0,0,3.5873,0.232977,2.82352,0.66528,12.849,1,0.363977,3.5761,0,217.779,4.36339,216.628,0.84672,12.849,0.84672,3695.15,0,36.966,0.320054,3.96253,2.17725,12.0985,1.14115,16.7771,0.42336,36.966,0.42336,423.524,0,1.02816,0,0,4.99069,3.96253,1.028160,1,0,236.228,0,0,0,236.228,0
72.29,2.04839,0,0,5.03197,0.291108,2.69247,3.6288,61.308,0.53107,0,0,3.40592,0.190282,2.68457,0.66528,12.849,1,0.364086,2.69247,0,265.697,4.04082,263.985,0.84672,12.849,0.84672,3695.15,0,36.966,0.320212,2.83541,1.9037,11.3161,0.955493,14.7795,0.42336,36.966,0.42336,423.524,0,1.02816,0,0,3.86357,2.83541,1.028160,1,0,281.449,0,0,0,281.449,0
72.29,2.04901,0,0,5.58604,0.291108,3.24592,3.6288,61.308,0.531332,0,0,2.50361,0.190282,1.782,0.66528,12.849,1,0.364195,3.24592,0,202.193,4.04082,201.034,0.84672,12.849,0.84672,3695.15,0,36.966,0.32037,3.64936,1.90416,11.8388,0.955493,16.1164,0.42336,36.966,0.42336,423.524,0,1.02816,0,0,4.67752,3.64936,1.028160,1,0,218.933,0,0,0,218.933,0
72.29,2.04962,0,0,10.2201,0.291108,7.87939,3.6288,61.308,0.531594,0,0,5.42125,0.190282,4.69937,0.66528,12.849,1,0.364304,7.87939,0,220.731,4.04082,224.206,0.84672,12.849,0.84672,3695.15,0,36.966,0.320527,5.24069,1.90461,17.3633,0.955493,23.2326,0.42336,36.966,0.42336,423.524,0,1.02816,0,0,6.26885,5.24069,1.028160,1,0,252.137,0,0,0,252.137,0
72.29,2.05023,0,0,6.24788,0.292705,3.90494,3.6288,61.308,0.531855,0,0,2.67958,0.122154,2.02557,0.66528,12.849,1,0.364413,3.90494,0,198.857,3.72825,198.669,0.84672,12.849,0.84672,3695.15,0,36.966,0.320685,2.70505,1.90507,11.5231,0.842846,14.9697,0.42336,36.966,0.42336,423.524,0,1.02816,0,0,3.73321,2.70505,1.028160,1,0,215.664,0,0,0,215.664,0
72.29,2.13516,0,0,7.95156,0.330551,5.48585,3.6288,61.308,0.571728,0,0,4.56444,0.169529,3.82319,0.66528,12.849,1,0.379509,5.48585,0,218.22,3.62787,219.698,0.84672,12.849,0.84672,3695.15,0,36.966,0.344727,4.87698,1.90553,13.4708,0.899402,19.0092,0.42336,36.966,0.42336,423.524,0,1.02816,0,0,5.90514,4.87698,1.028160,1,0,242.53,0,0,0,242.53,0
72.29,2.1358,0,0,5.87122,0.324632,3.41079,3.6288,61.308,0.572001,0,0,3.39491,0.168199,2.65471,0.66528,12.849,1,0.379622,3.41079,0,182.925,3.68739,182.269,0.84672,12.849,0.84672,3695.15,0,36.966,0.344891,4.0737,1.97366,10.6267,0.910961,15.4182,0.42336,36.966,0.42336,423.524,0,1.02816,0,0,5.10186,4.0737,1.028160,1,0,200.342,0,0,0,200.342,0
72.29,2.13643,0,0,5.38979,0.324632,2.92872,3.6288,61.308,0.572273,0,0,3.83905,0.168199,3.09857,0.66528,12.849,1,0.379735,2.92872,0,167.894,3.68739,166.756,0.84672,12.849,0.84672,3695.15,0,36.966,0.345055,3.85988,1.97414,12.9476,0.910961,17.5256,0.42336,36.966,0.42336,423.524,0,1.02816,0,0,4.88804,3.85988,1.028160,1,0,187.38,0,0,0,187.38,0
72.29,2.13707,0,0,4.91044,0.307414,2.46596,3.6288,61.308,0.572546,0,0,3.68696,0.183995,2.93042,0.66528,12.849,1,0.379848,2.46596,0,148.197,3.61815,146.665,0.84672,12.849,0.84672,3695.15,0,36.966,0.34522,3.77972,1.97461,10.8452,0.903043,15.3513,0.42336,36.966,0.42336,423.524,0,1.02816,0,0,4.80788,3.77972,1.028160,1,0,164.946,0,0,0,164.946,0
72.29,2.1047,0,0,4.92749,0.277497,2.54529,3.6288,61.308,0.557417,0,0,2.58924,0.209497,1.82232,0.66528,12.849,1,0.374095,2.54529,0,120.487,3.83629,118.821,0.84672,12.849,0.84672,3695.15,0,36.966,0.336098,2.7269,1.97509,7.38392,1.00687,10.7429,0.42336,36.966,0.42336,423.524,0,1.02816,0,0,3.75506,2.7269,1.028160,1,0,131.387,0,0,0,131.387,0
72.29,2.10533,0,0,3.71731,0.286934,1.32504,3.6288,61.308,0.557686,0,0,1.61135,0.207652,0.846014,0.66528,12.849,1,0.374207,1.32504,0,111.625,3.84584,108.73,0.84672,12.849,0.84672,3695.15,0,36.966,0.33626,1.75008,1.94921,4.86926,1.03695,7.19534,0.42336,36.966,0.42336,423.524,0,1.02816,0,0,2.77824,1.75008,1.028160,1,0,116.772,0,0,0,116.772,0
72.29,2.10596,0,0,3.31187,0.286934,0.918974,3.6288,61.308,0.557955,0,0,1.29454,0.207652,0.528934,0.66528,12.849,1,0.374318,0.918974,0,74.9218,3.84584,71.6206,0.84672,12.849,0.84672,3695.15,0,36.966,0.336422,1.31285,1.94968,4.25102,1.03695,6.14018,0.42336,36.966,0.42336,423.524,0,1.02816,0,0,2.34101,1.31285,1.028160,1,0,78.2897,0,0,0,78.2897,0
72.29,2.10659,0,0,3.00986,0.27591,0.627359,3.6288,61.308,0.558223,0,0,1.19168,0.210149,0.423308,0.66528,12.849,1,0.37443,0.627359,0,63.1718,3.89595,59.5288,0.84672,12.849,0.84672,3695.15,0,36.966,0.336584,1.06105,1.95016,3.927,1.05473,5.5469,0.42336,36.966,0.42336,423.524,0,1.02816,0,0,2.08921,1.06105,1.028160,1,0,65.499,0,0,0,65.499,0
72.2087,2.21936,0,0,2.70726,0.206329,0.36288,3.6288,61.308,0.613166,0,0,1.06729,0.230508,0.223617,0.66528,12.849,1,0.394474,0.36288,0,63.6913,4.3584,59.3013,0.84672,12.849,0.84672,3695.15,0,36.966,0.369712,0.798085,1.95063,3.71336,1.16755,4.92481,0.42336,36.966,0.42336,423.524,0,1.02816,0,0,1.82625,0.798085,1.028160,1,0,64.4497,0,0,0,64.4497,0
72.0793,2.21964,0,0,2.65074,0.19762,0.36288,3.6288,61.308,0.619858,0,0,0.944896,0.243944,0.0810948,0.66528,12.849,1,0.394968,0.36288,0,67.3713,4.7628,62.5764,0.84672,12.849,0.84672,3695.15,0,36.966,0.373747,0.402797,2.04356,3.38177,1.18288,4.27149,0.42336,36.966,0.42336,423.524,0,1.01789,0,0,1.42068,0.402797,1.028160,1,0,66.929,0,0,0,66.929,0
71.8449,2.21969,0,0,2.5456,0.197426,0.36288,3.6288,61.308,0.613732,0,0,0.934978,0.243944,0.0773014,0.66528,12.849,1,0.395687,0.36288,0,62.5329,4.7628,57.7373,0.84672,12.849,0.84672,3695.15,0,36.966,0.370053,0.397526,2.04406,3.24539,1.18288,4.13404,0.42336,36.966,0.42336,423.524,0,1.02816,0,0,1.42569,0.397526,1.028160,1,0,61.9486,0,0,0,61.9486,0
71.4767,2.21926,0,0,2.41586,0.201975,0.36288,3.6288,61.308,0.614016,0,0,0.920186,0.242627,0.0635432,0.66528,12.849,1,0.3969,0.36288,0,59.9009,4.67819,55.1887,0.84672,12.849,0.84672,3695.15,0,36.966,0.370224,0.513924,2.04455,3.03795,1.18614,4.04005,0.42336,36.966,0.42336,423.524,0,1.02816,0,0,1.54208,0.513924,1.028160,1,0,59.2923,0,0,0,59.2923,0
70.9184,2.21818,0,0,2.24253,0.219689,0.36288,3.6288,61.308,0.614299,0,0,0.884434,0.238877,0.0312574,0.66528,12.849,1,0.398751,0.36288,0,55.444,4.20255,51.2056,0.84672,12.849,0.84672,3695.15,0,36.966,0.370395,0.462378,2.04505,2.8258,1.21525,3.74758,0.42336,36.966,0.42336,423.524,0,1.02816,0,0,1.49054,0.462378,1.028160,1,0,54.9844,0,0,0,54.9844,0
70.5043,2.19404,0,0,2.28602,0.143213,0.36288,3.6288,60.9954,0.644672,0,0,0.603851,0.271752,0,0.66528,12.849,1,0.397516,0.36288,0,46.8382,5.0905,41.7131,0.84672,12.849,0.84672,3695.15,0,36.966,0.388709,0.804565,2.04554,2.57279,1.19209,3.8421,0.42336,36.966,0.42336,423.524,0,1.02816,0,0,1.83273,0.804565,1.028160,1,0,45.5552,0,0,0,45.5552,0
70.0536,2.19271,0,0,2.2476,0.142759,0.36288,3.6288,60.6883,0.643723,0,0,0.607802,0.271215,0,0.66528,12.849,1,0.399609,0.36288,0,44.2631,5.0905,39.1358,0.84672,12.849,0.84672,3695.15,0,36.966,0.390125,0.933958,2.0784,2.768,1.19209,4.19814,0.42336,36.966,0.42336,423.524,0,1.02816,0,0,1.96212,0.933958,1.028160,1,0,43.334,0,0,0,43.334,0
69.5333,2.19119,0,0,2.17608,0.142264,0.36288,3.6288,60.3512,0.642786,0,0,0.576427,0.270687,0,0.66528,12.849,1,0.401901,0.36288,0,41.5546,5.0905,36.4251,0.84672,12.849,0.84672,3695.15,0,36.966,0.391529,0.931029,2.07891,2.80982,1.19209,4.23614,0.42336,36.966,0.42336,423.524,0,1.02816,0,0,1.95919,0.931029,1.028160,1,0,40.6612,0,0,0,40.6612,0
68.8108,2.1893,0,0,1.9387,0.109005,0.36288,3.6288,59.9457,0.64172,0,0,0.559048,0.322854,0,0.66528,12.849,1,0.404559,0.36288,0,39.4273,5.9184,33.4673,0.84672,12.849,0.84672,3695.15,0,36.966,0.393063,0.737407,2.07941,2.73258,1.47449,3.68185,0.42336,36.966,0.42336,423.524,0,1.02816,0,0,1.76557,0.737407,1.028160,1,0,37.1491,0,0,0,37.1491,0
67.7012,2.24334,0,0,1.5997,0.103066,0.36288,3.6288,59.3514,0.705702,0,0,0.422301,0.310869,0,0.66528,12.849,1,0.418898,0.36288,0,32.0624,6.1041,25.9023,0.84672,12.849,0.84672,3695.15,0,36.966,0.435177,0.261274,2.07992,2.14726,1.50433,2.54894,0.42336,36.966,0.42336,423.524,0,0.965563,0,0,1.22684,0.261274,1.028160,1,0,28.4513,0,0,0,28.4513,0
66.6297,2.23823,0,0,1.62735,0.0977654,0.36288,3.6288,58.6321,0.872728,0,0,0.460677,0.307313,0,0.66528,12.849,1,0.424794,0.36288,0,38.0415,5.93827,32.0413,0.84672,12.849,0.84672,3695.15,0,36.966,0.543563,0.261274,2.12634,2.06486,1.41355,2.49536,0.42336,36.966,0.42336,423.524,0,0.69063,0,0,0.951903,0.261274,1.028160,1,0,34.5367,0,0,0,34.5367,0
65.418,2.23317,0,0,1.48126,0.0969418,0.36288,3.6288,57.8706,0.835553,0,0,0.379967,0.305898,0,0.66528,12.849,1,0.430648,0.36288,0,30.6403,5.93827,24.6342,0.84672,12.849,0.84672,3695.15,0,36.966,0.526794,0.227405,2.12686,1.91873,1.41355,2.33264,0.42336,36.966,0.42336,423.524,0,0.745053,0,0,0.972458,0.227405,1.028160,1,0,26.9669,0,0,0,26.9669,0
64.0791,2.22716,0,0,1.3472,0.0960105,0.36288,3.6288,56.996,0.924107,0,0,0.35386,0.3044,0,0.66528,12.849,1,0.437444,0.36288,0,28.5636,5.93827,22.5507,0.84672,12.849,0.84672,3695.15,0,36.966,0.590292,0.227405,2.12738,1.70997,1.41355,2.0609,0.42336,36.966,0.42336,423.524,0,0.593482,0,0,0.820886,0.227405,1.028160,1,0,24.6116,0,0,0,24.6116,0
62.6539,2.3853,0,0,1.41191,0.0889539,0.36288,3.6288,56.2031,0.89186,0,0,0.404581,0.30561,0,0.66528,12.849,1,0.478295,0.36288,0,27.6933,6.06271,21.5151,0.84672,12.849,0.84672,3695.15,0,36.966,0.578435,0.227405,2.12789,2.29735,1.43982,2.63439,0.42336,36.966,0.42336,423.524,0,0.793549,0,0,1.02095,0.227405,1.028160,1,0,24.1495,0,0,0,24.1495,0
60.9043,2.37697,0,0,1.07419,0.0839738,0.36288,3.6288,55.2706,0.937083,0,0,0.308585,0.303986,0,0.66528,12.849,1,0.487466,0.36288,0,21.1475,6.28593,14.737,0.84672,12.849,0.84672,3695.15,0,36.966,0.61634,0.227405,2.28568,1.46616,1.49284,1.87008,0.42336,36.966,0.42336,423.524,0,0.710942,0,0,0.938347,0.227405,1.028160,1,0,16.6071,0,0,0,16.6071,0
59.2714,2.3661,0,0,1.17889,0.0827711,0.36288,3.6288,54.6175,0.73205,0,0,0.381055,0.302134,0,0.66528,12.849,1,0.499177,0.36288,0,27.1974,6.28593,20.7752,0.84672,12.849,0.84672,3695.15,0,36.966,0.571446,0.204422,2.28624,1.59941,1.49284,2.02579,0.42336,36.966,0.42336,423.524,0,0.96139,0,0,1.16581,0.204422,1.028160,1,0,22.801,0,0,0,22.801,0
57.4186,2.35549,0,0,0.947082,0.0815469,0.36288,3.6288,53.602,0.990256,0,0,0.275613,0.300837,0,0.66528,12.849,1,0.510628,0.36288,0,26.5761,6.28593,20.1424,0.84672,12.849,0.84672,3695.15,0,36.966,0.670222,0.204422,2.2868,1.28396,1.49284,1.61212,0.42336,36.966,0.42336,423.524,0,0.60493,0,0,0.809352,0.204422,1.028160,1,0,21.7546,0,0,0,21.7546,0
55.8124,2.34271,0,0,1.17947,0.0800919,0.36288,3.6288,53.109,0.66528,0,0,0.471076,0.298731,0,0.66528,12.849,1,0.524247,0.36288,0,24.2722,6.28593,17.8249,0.84672,12.849,0.84672,3695.15,0,36.966,0.572488,0.502839,2.28736,1.98526,1.49284,2.71013,0.42336,36.966,0.42336,423.524,0,1.02816,0,0,1.531,0.502839,1.028160,1,0,20.535,0,0,0,20.535,0
54.2588,2.25251,0,0,1.15599,0.0941465,0.36288,3.6288,52.4673,0.66528,0,0,0.281374,0.257868,0,0.66528,12.849,1,0.518567,0.36288,0,19.4687,5.97732,13.3357,0.84672,12.849,0.84672,3695.15,0,36.966,0.47851,0.362915,2.28792,1.42807,1.39465,2.20575,0.42336,36.966,0.42336,423.524,0,1.02816,0,0,1.39107,0.362915,1.028160,1,0,15.5414,0,0,0,15.5414,0
52.4009,2.24116,0,0,0.84126,0.0952026,0.36288,3.6288,51.7582,0.66528,0,0,0.206221,0.249964,0,0.66528,12.849,1,0.530728,0.36288,0,29.3567,5.92589,23.263,0.84672,12.849,0.84672,3695.15,0,36.966,0.479006,0.28728,2.19735,1.01843,1.37829,1.64576,0.42336,36.966,0.42336,423.524,0,1.02816,0,0,1.31544,0.28728,1.028160,1,0,24.9088,0,0,0,24.9088,0
50.2789,2.2267,0,0,0.560986,0.0934127,0.36288,3.6288,50.7536,0.912978,0,0,0.156927,0.24854,0,0.66528,12.849,1,0.546001,0.36288,0,18.4157,5.92589,12.3067,0.84672,12.849,0.84672,3695.15,0,36.966,0.652054,0.216518,2.19788,0.687321,1.37829,1.07138,0.42336,36.966,0.42336,423.524,0,0.60791,0,0,0.824429,0.216518,1.028160,1,0,13.3781,0,0,0,13.3781,0
48.667,2.209,0,0,1.10095,0.140908,0.36288,3.6288,50.0697,0.668545,0,0,0.233953,0.249384,0,0.66528,12.849,1,0.564521,0.36288,0,21.5509,5.55693,15.7924,0.84672,12.849,0.84672,3695.15,0,36.966,0.486929,0.216518,2.19842,1.07619,1.30286,1.70134,0.42336,36.966,0.42336,423.524,0,1.01796,0,0,1.23448,0.216518,1.028160,1,0,17.4937,0,0,0,17.4937,0
47.5862,2.13198,0,0,1.59468,0.180639,0.36288,3.6288,49.6366,0.609602,0,0,0.407436,0.230913,0,0.66528,12.849,1,0.562881,0.36288,0,29.0555,4.56111,24.2943,0.84672,12.849,0.84672,3695.15,0,36.966,0.450064,1.26011,2.19896,1.96702,1.06783,3.90819,0.42336,36.966,0.42336,423.524,0,1.02816,0,0,2.28827,1.26011,1.028160,1,0,28.2025,0,0,0,28.2025,0
46.4186,2.12254,0,0,1.48997,0.172116,0.36288,3.6288,49.1743,0.614606,0,0,0.33908,0.186773,0,0.66528,12.849,1,0.573117,0.36288,0,42.1857,3.62103,38.3544,0.84672,12.849,0.84672,3695.15,0,36.966,0.457717,0.216518,2.11807,1.49645,0.879145,2.49418,0.42336,36.966,0.42336,423.524,0,1.01598,0,0,1.2325,0.216518,1.028160,1,0,40.8486,0,0,0,40.8486,0
46.7926,2.11187,0,0,3.01867,0.169913,0.36288,3.6288,49.121,0.605465,0,0,0.738259,0.186064,0,0.66528,12.849,1,0.58458,0.36288,0,66.824,3.62103,62.9813,0.84672,12.849,0.84672,3695.15,0,36.966,0.455149,1.6862,2.11859,3.14492,0.879145,5.61541,0.42336,36.966,0.42336,423.524,0,1.02816,0,0,2.71436,1.6862,1.028160,1,0,68.5967,0,0,0,68.5967,0
46.1478,2.11616,0,0,2.00481,0.170619,0.36288,3.6288,49.0425,0.605454,0,0,0.712926,0.185982,0,0.66528,12.849,1,0.581085,0.36288,0,41.1297,3.62103,37.2904,0.84672,12.849,0.84672,3695.15,0,36.966,0.455634,1.76933,2.1191,2.34234,0.879145,4.89599,0.42336,36.966,0.42336,423.524,0,1.02816,0,0,2.79749,1.76933,1.028160,1,0,42.1864,0,0,0,42.1864,0
46.2693,1.93368,0,0,2.62818,0.210132,0.36288,3.6288,48.8307,0.502939,0,0,0.490557,0.199413,0,0.66528,12.849,1,0.538396,0.36288,0,57.9274,3.9924,53.7595,0.84672,12.849,0.84672,3695.15,0,36.966,0.379092,0.860675,2.11962,4.08967,0.974749,5.71613,0.42336,36.966,0.42336,423.524,0,1.02816,0,0,1.88884,0.860675,1.028160,1,0,59.4756,0,0,0,59.4756,0
45.6543,1.93536,0,0,1.90333,0.220095,0.36288,3.6288,48.6949,0.502246,0,0,0.558335,0.191872,0,0.66528,12.849,1,0.53745,0.36288,0,39.82,4.5969,35.0486,0.84672,12.849,0.84672,3695.15,0,36.966,0.380212,0.574672,1.93908,2.48131,1.1693,3.44556,0.42336,36.966,0.42336,423.524,0,1.02816,0,0,1.60283,0.574672,1.028160,1,0,38.4941,0,0,0,38.4941,0
45.6305,1.93028,0,0,2.48793,0.21859,0.36288,3.6288,48.7327,0.501885,0,0,0.731255,0.191656,0,0.66528,12.849,1,0.543261,0.36288,0,80.045,4.5969,75.2677,0.84672,12.849,0.84672,3695.15,0,36.966,0.380999,1.05968,1.93955,4.01026,1.1693,5.45919,0.42336,36.966,0.42336,423.524,0,1.02816,0,0,2.08784,1.05968,1.028160,1,0,80.7269,0,0,0,80.7269,0
47.2116,1.93064,0,0,4.09184,0.217143,0.36288,3.6288,48.9466,0.502296,0,0,0.914338,0.198131,0,0.66528,12.849,1,0.543644,0.36288,0,138.643,4.62279,133.839,0.84672,12.849,0.84672,3695.15,0,36.966,0.381015,1.81202,1.94001,5.63166,1.18927,7.81342,0.42336,36.966,0.42336,423.524,0,1.02816,0,0,2.84018,1.81202,1.028160,1,0,141.652,0,0,0,141.652,0
53.0886,1.94553,0,0,8.40365,0.218311,0.36288,3.6288,50.0473,0.503488,0,0,1.80884,0.204641,0,0.66528,12.849,1,0.529489,0.36288,0,200.663,4.38765,196.109,0.84672,12.849,0.84672,3695.15,0,36.966,0.38025,7.06018,1.94048,12.1094,1.23763,19.4922,0.42336,36.966,0.42336,423.524,0,1.02816,0,0,8.08834,7.06018,1.028160,1,0,215.601,0,0,0,215.601,0
56.2667,2.06337,0,0,5.83502,0.230676,0.36288,3.6288,51.0241,0.538477,0,0,1.7346,0.21931,0,0.66528,12.849,1,0.499396,0.36288,0,128.59,4.50909,123.944,0.84672,12.849,0.84672,3695.15,0,36.966,0.397731,2.31034,1.94095,8.4035,1.43421,10.8228,0.42336,36.966,0.42336,423.524,0,1.02816,0,0,3.3385,2.31034,1.028160,1,0,134.767,0,0,0,134.767,0
59.5232,2.08692,0,0,5.94194,0.23558,0.36288,3.6288,52.057,0.543137,0,0,1.81214,0.236115,0,0.66528,12.849,1,0.476568,0.36288,0,180.134,4.67481,175.345,0.84672,12.849,0.84672,3695.15,0,36.966,0.393493,1.55009,1.99793,9.42607,1.5343,11.0463,0.42336,36.966,0.42336,423.524,0,1.02816,0,0,2.57825,1.55009,1.028160,1,0,186.391,0,0,0,186.391,0
64.2081,2.10897,0,0,7.3999,0.243188,0.36288,3.6288,53.7923,0.54795,0,0,2.52138,0.238097,0,0.66528,12.849,1,0.455253,0.36288,0,187.728,4.67481,182.961,0.84672,12.849,0.84672,3695.15,0,36.966,0.389103,2.21573,1.9984,11.1679,1.5343,13.4586,0.42336,36.966,0.42336,423.524,0,1.02816,0,0,3.24389,2.21573,1.028160,1,0,196.42,0,0,0,196.42,0
72.29,2.13725,0,0,12.0189,0.252999,1.54678,3.6288,56.8893,0.55564,0,0,3.8941,0.241427,0,0.66528,12.849,1,0.427696,1.54678,0,238.276,4.67481,234.72,0.84672,12.849,0.84672,3695.15,0,36.966,0.381835,3.20233,1.99886,15.1304,1.5343,18.4154,0.42336,36.966,0.42336,423.524,0,1.02816,0,0,4.23049,3.20233,1.028160,1,0,253.135,0,0,0,253.135,0
72.29,2.416,0,0,9.04176,0.254564,6.3712,3.6288,59.7341,0.66528,0,0,3.7586,0.248532,0,0.66528,12.849,1,0.429425,6.3712,0,350.856,4.57015,352.227,0.84672,12.849,0.84672,3695.15,0,36.966,0.468228,2.91597,1.99932,16.2632,1.32673,19.3836,0.42336,36.966,0.42336,423.524,0,1.02816,0,0,3.94413,2.91597,1.028160,1,0,371.611,0,0,0,371.611,0
72.29,2.41668,0,0,8.53718,0.314979,5.80553,3.6288,60.941,0.66528,0,0,2.06708,0.194904,0,0.66528,12.849,1,0.429546,5.80553,0,227.75,4.17186,228.954,0.84672,12.849,0.84672,3695.15,0,36.966,0.4687,1.1915,2.20334,17.7193,1.04531,19.6001,0.42336,36.966,0.42336,423.524,0,1.02816,0,0,2.21966,1.1915,1.028160,1,0,248.554,0,0,0,248.554,0
72.29,2.41735,0,0,9.18354,0.321442,6.44474,3.6288,61.308,0.66528,0,0,4.81593,0.185528,3.59814,0.66528,12.849,1,0.429667,6.44474,0,227.553,4.07463,229.494,0.84672,12.849,0.84672,3695.15,0,36.966,0.469172,2.57703,2.20385,21.6467,1.01646,24.9419,0.42336,36.966,0.42336,423.524,0,1.02816,0,0,3.60519,2.57703,1.028160,1,0,258.034,0,0,0,258.034,0
72.29,2.41803,0,0,6.35845,0.321442,3.61898,3.6288,61.308,0.66528,0,0,3.17919,0.18596,2.32795,0.66528,12.849,1,0.429787,3.61898,0,175.243,4.07463,174.358,0.84672,12.849,0.84672,3695.15,0,36.966,0.469645,2.19626,2.20437,15.0221,1.01646,17.9366,0.42336,36.966,0.42336,423.524,0,1.02816,0,0,3.22442,2.19626,1.028160,1,0,194.623,0,0,0,194.623,0
72.29,2.07958,0,0,8.5042,0.300646,6.12398,3.6288,61.308,0.544381,0,0,5.26203,0.206166,4.51148,0.66528,12.849,1,0.36963,6.12398,0,315.147,4.05515,316.847,0.84672,12.849,0.84672,3695.15,0,36.966,0.328238,3.19932,2.20488,19.8921,0.996722,23.9714,0.42336,36.966,0.42336,423.524,0,1.02816,0,0,4.22748,3.19932,1.028160,1,0,345.33,0,0,0,345.33,0
72.29,2.08017,0,0,5.09408,0.299957,2.71395,3.6288,61.308,0.544634,0,0,3.21177,0.185671,2.48147,0.66528,12.849,1,0.369735,2.71395,0,136.322,3.86956,134.797,0.84672,12.849,0.84672,3695.15,0,36.966,0.32839,1.83483,1.92752,13.0942,0.826978,15.7012,0.42336,36.966,0.42336,423.524,0,1.02816,0,0,2.86299,1.83483,1.028160,1,0,152.979,0,0,0,152.979,0
72.29,2.08077,0,0,5.93069,0.299957,3.54996,3.6288,61.308,0.544887,0,0,3.27804,0.185671,2.54748,0.66528,12.849,1,0.36984,3.54996,0,153.123,3.86956,152.434,0.84672,12.849,0.84672,3695.15,0,36.966,0.328543,2.21404,1.92797,15.8986,0.826978,18.8851,0.42336,36.966,0.42336,423.524,0,1.02816,0,0,3.2422,2.21404,1.028160,1,0,173.866,0,0,0,173.866,0
72.29,2.08136,0,0,6.73671,0.299274,4.35608,3.6288,61.308,0.545141,0,0,3.48554,0.179944,2.76046,0.66528,12.849,1,0.369946,4.35608,0,181.925,3.77991,182.131,0.84672,12.849,0.84672,3695.15,0,36.966,0.328696,2.2922,1.92841,15.9257,0.811623,19.006,0.42336,36.966,0.42336,423.524,0,1.02816,0,0,3.32036,2.2922,1.028160,1,0,203.897,0,0,0,203.897,0
72.29,2.08195,0,0,9.62817,0.300517,7.2457,3.6288,61.308,0.545394,0,0,4.45462,0.194919,3.71431,0.66528,12.849,1,0.370051,7.2457,0,288.451,4.29084,291.036,0.84672,12.849,0.84672,3695.15,0,36.966,0.328848,2.74592,1.92886,25.5857,0.948235,28.9834,0.42336,36.966,0.42336,423.524,0,1.02816,0,0,3.77408,2.74592,1.028160,1,0,323.733,0,0,0,323.733,0
72.29,2.16802,0,0,10.1256,0.301922,7.65562,3.6288,61.308,0.585802,0,0,4.91073,0.18284,4.14208,0.66528,12.849,1,0.385349,7.65562,0,271.893,3.67668,275.487,0.84672,12.849,0.84672,3695.15,0,36.966,0.353213,3.62235,1.9293,23.7652,0.714036,28.2496,0.42336,36.966,0.42336,423.524,0,1.02816,0,0,4.65051,3.62235,1.028160,1,0,307.878,0,0,0,307.878,0
72.29,2.16864,0,0,7.2995,0.274386,4.85648,3.6288,61.308,0.586066,0,0,3.1603,0.17325,2.40098,0.66528,12.849,1,0.385459,4.85648,0,183.305,3.82295,183.953,0.84672,12.849,0.84672,3695.15,0,36.966,0.353372,2.77352,1.99834,17.1747,0.72259,20.8706,0.42336,36.966,0.42336,423.524,0,1.02816,0,0,3.80168,2.77352,1.028160,1,0,207.224,0,0,0,207.224,0
72.29,2.16925,0,0,5.85513,0.274386,3.41149,3.6288,61.308,0.58633,0,0,2.92575,0.17325,2.16617,0.66528,12.849,1,0.385568,3.41149,0,148.732,3.82295,147.935,0.84672,12.849,0.84672,3695.15,0,36.966,0.353531,2.38467,1.9988,14.7953,0.72259,18.1027,0.42336,36.966,0.42336,423.524,0,1.02816,0,0,3.41283,2.38467,1.028160,1,0,168.203,0,0,0,168.203,0
72.29,2.16987,0,0,5.44131,0.274386,2.99706,3.6288,61.308,0.586593,0,0,3.42974,0.17325,2.6699,0.66528,12.849,1,0.385677,2.99706,0,149.88,3.82295,148.668,0.84672,12.849,0.84672,3695.15,0,36.966,0.35369,2.41426,1.99927,18.6703,0.72259,22.0075,0.42336,36.966,0.42336,423.524,0,1.02816,0,0,3.44242,2.41426,1.028160,1,0,173.346,0,0,0,173.346,0
72.29,2.13703,0,0,4.22125,0.2209,1.86332,3.6288,61.308,0.571245,0,0,2.47091,0.214895,1.68477,0.66528,12.849,1,0.379841,1.86332,0,100.654,4.02756,98.1102,0.84672,12.849,0.84672,3695.15,0,36.966,0.344436,1.38928,1.99973,11.4933,0.895463,13.6424,0.42336,36.966,0.42336,423.524,0,1.02816,0,0,2.41744,1.38928,1.028160,1,0,113.437,0,0,0,113.437,0
72.29,2.13764,0,0,4.23097,0.193234,1.9001,3.6288,61.308,0.571505,0,0,2.4586,0.229965,1.65713,0.66528,12.849,1,0.379949,1.9001,0,89.8163,4.33345,87.003,0.84672,12.849,0.84672,3695.15,0,36.966,0.344592,0.944914,1.97347,8.42751,1.04415,9.95715,0.42336,36.966,0.42336,423.524,0,1.02816,0,0,1.97307,0.944914,1.028160,1,0,98.6172,0,0,0,98.6172,0
72.29,2.13824,0,0,3.40891,0.193234,1.07743,3.6288,61.308,0.571765,0,0,1.45935,0.229965,0.657618,0.66528,12.849,1,0.380057,1.07743,0,94.9225,4.33345,91.2864,0.84672,12.849,0.84672,3695.15,0,36.966,0.344749,0.516655,1.97393,6.30533,1.04415,7.40702,0.42336,36.966,0.42336,423.524,0,1.02816,0,0,1.54481,0.516655,1.028160,1,0,99.3511,0,0,0,99.3511,0
72.29,2.13885,0,0,3.03709,0.193234,0.705004,3.6288,61.308,0.65266,0,0,1.17242,0.229965,0.289797,0.66528,12.849,1,0.380165,0.705004,0,63.7122,4.33345,59.7036,0.84672,12.849,0.84672,3695.15,0,36.966,0.393525,0.402797,1.97438,5.50483,1.04415,6.44434,0.42336,36.966,0.42336,423.524,0,0.898906,0,0,1.3017,0.402797,1.028160,1,0,66.4377,0,0,0,66.4377,0
72.29,2.25313,0,0,2.86919,0.19159,0.42447,3.6288,61.308,0.788689,0,0,1.1029,0.2382,0.0760158,0.66528,12.849,1,0.400477,0.42447,0,57.2171,4.36646,52.8746,0.84672,12.849,0.84672,3695.15,0,36.966,0.475544,0.402797,1.97484,5.19417,1.0591,6.03717,0.42336,36.966,0.42336,423.524,0,0.770109,0,0,1.17291,0.402797,1.028160,1,0,58.9878,0,0,0,58.9878,0
72.29,2.25377,0,0,3.22448,0.154755,0.815963,3.6288,61.308,0.81014,0,0,1.23265,0.28036,0.142151,0.66528,12.849,1,0.40059,0.815963,0,73.5065,4.62516,69.2967,0.84672,12.849,0.84672,3695.15,0,36.966,0.488479,0.402797,2.06902,5.79415,1.12717,6.65031,0.42336,36.966,0.42336,423.524,0,0.736163,0,0,1.13896,0.402797,1.028160,1,0,76.0892,0,0,0,76.0892,0
72.29,2.2544,0,0,2.99026,0.118797,0.617062,3.6288,61.308,0.831953,0,0,1.13291,0.270692,0.0302665,0.66528,12.849,1,0.400703,0.617062,0,70.8048,4.7061,66.3151,0.84672,12.849,0.84672,3695.15,0,36.966,0.501631,0.30119,2.0695,5.3966,1.09835,6.1673,0.42336,36.966,0.42336,423.524,0,0.701637,0,0,1.00283,0.30119,1.028160,1,0,72.5126,0,0,0,72.5126,0
72.29,2.25504,0,0,2.82389,0.118797,0.450054,3.6288,61.308,0.765434,0,0,1.13785,0.270692,0.101728,0.66528,12.849,1,0.400816,0.450054,0,60.9038,4.7061,56.2469,0.84672,12.849,0.84672,3695.15,0,36.966,0.461523,0.30119,2.06998,4.91018,1.09835,5.72147,0.42336,36.966,0.42336,423.524,0,0.808704,0,0,1.10989,0.30119,1.028160,1,0,62.0701,0,0,0,62.0701,0
72.2616,2.25568,0,0,2.70899,0.118797,0.36288,3.6288,61.308,0.78307,0,0,1.0903,0.270692,0.0365378,0.66528,12.849,1,0.400929,0.36288,0,55.8975,4.7061,51.1534,0.84672,12.849,0.84672,3695.15,0,36.966,0.472156,0.30119,2.07046,4.58195,1.09835,5.38309,0.42336,36.966,0.42336,423.524,0,0.780875,0,0,1.08206,0.30119,1.028160,1,0,56.573,0,0,0,56.573,0
72.29,2.23367,0,0,3.3791,0.0890033,1.02806,3.6288,61.308,0.659573,0,0,1.1346,0.305665,0.169367,0.66528,12.849,1,0.397174,1.02806,0,50.8899,5.292,46.2288,0.84672,12.849,0.84672,3695.15,0,36.966,0.397693,0.512516,2.07094,5.73254,1.23969,6.67861,0.42336,36.966,0.42336,423.524,0,1.02816,0,0,1.54068,0.512516,1.028160,1,0,53.0768,0,0,0,53.0768,0
72.29,2.23444,0,0,3.10955,0.0840601,0.791057,3.6288,61.308,0.659856,0,0,1.01229,0.311493,0.0409393,0.66528,12.849,1,0.397154,0.791057,0,73.0858,5.38965,68.09,0.84672,12.849,0.84672,3695.15,0,36.966,0.397864,0.508023,2.10422,7.07184,1.26325,8.02297,0.42336,36.966,0.42336,423.524,0,1.02816,0,0,1.53618,0.508023,1.028160,1,0,76.1539,0,0,0,76.1539,0
72.29,2.23507,0,0,2.8094,0.0840601,0.490271,3.6288,61.2774,0.660138,0,0,0.940982,0.311493,0,0.66528,12.849,1,0.397266,0.490271,0,66.1513,5.38965,60.8547,0.84672,12.849,0.84672,3695.15,0,36.966,0.398034,0.423256,2.10471,6.63967,1.26325,7.50635,0.42336,36.966,0.42336,423.524,0,1.02816,0,0,1.45142,0.423256,1.028160,1,0,68.361,0,0,0,68.361,0
72.2381,2.2357,0,0,2.63074,0.0840601,0.36288,3.6288,61.1959,0.660296,0,0,0.890266,0.311433,0,0.66528,12.849,1,0.397379,0.36288,0,62.3091,5.38965,56.8849,0.84672,12.849,0.84672,3695.15,0,36.966,0.398328,0.374268,2.1052,6.30452,1.26325,7.12241,0.42336,36.966,0.42336,423.524,0,1.02816,0,0,1.40243,0.374268,1.028160,1,0,64.0074,0,0,0,64.0074,0
72.0536,2.29427,0,0,2.53742,0.0647269,0.36288,3.6288,61.0383,0.728776,0,0,0.881548,0.310314,0,0.66528,12.849,1,0.408082,0.36288,0,56.8082,5.35648,51.4065,0.84672,12.849,0.84672,3695.15,0,36.966,0.440225,0.261274,2.10569,6.05313,1.3029,6.67697,0.42336,36.966,0.42336,423.524,0,0.961848,0,0,1.22312,0.261274,1.028160,1,0,58.0835,0,0,0,58.0835,0
71.8216,2.29403,0,0,2.47087,0.0460588,0.36288,3.6288,60.8082,0.814536,0,0,0.910725,0.326306,0,0.66528,12.849,1,0.409083,0.36288,0,49.1853,5.78172,43.3573,0.84672,12.849,0.84672,3695.15,0,36.966,0.493299,0.261274,2.15271,5.3939,1.45425,5.86034,0.42336,36.966,0.42336,423.524,0,0.823478,0,0,1.08475,0.261274,1.028160,1,0,49.2177,0,0,0,49.2177,0
71.482,2.29355,0,0,2.36225,0.0453367,0.36288,3.6288,60.5993,0.66528,0,0,0.7898,0.333483,0,0.66528,12.849,1,0.41032,0.36288,0,46.9339,5.9452,40.9412,0.84672,12.849,0.84672,3695.15,0,36.966,0.438336,0.279046,2.15322,4.67668,1.50661,5.16399,0.42336,36.966,0.42336,423.524,0,1.02816,0,0,1.30721,0.279046,1.028160,1,0,46.1052,0,0,0,46.1052,0
71.54,2.29255,0,0,2.75864,0.0452195,0.36288,3.6288,60.552,0.723235,0,0,1.00897,0.333041,0,0.66528,12.849,1,0.412088,0.36288,0,56.4239,5.9452,50.4295,0.84672,12.849,0.84672,3695.15,0,36.966,0.441179,0.227405,2.15372,5.72931,1.50661,6.16264,0.42336,36.966,0.42336,423.524,0,0.967827,0,0,1.19523,0.227405,1.028160,1,0,56.5921,0,0,0,56.5921,0
70.9788,2.46377,0,0,2.31066,0.0452395,0.36288,3.6288,60.2406,0.774187,0,0,0.795796,0.332941,0,0.66528,12.849,1,0.442507,0.36288,0,50.3507,5.9452,44.3259,0.84672,12.849,0.84672,3695.15,0,36.966,0.596845,0.227405,2.15422,4.97224,1.50661,5.25041,0.42336,36.966,0.42336,423.524,0,0.919253,0,0,1.14666,0.227405,1.028160,1,0,49.5763,0,0,0,49.5763,0
70.867,2.46149,0,0,2.74107,0.0284863,0.36288,3.6288,60.1035,0.693775,0,0,0.895026,0.338417,0,0.66528,12.849,1,0.445594,0.36288,0,47.9841,5.97744,41.924,0.84672,12.849,0.84672,3695.15,0,36.966,0.597349,0.227405,2.31411,4.65598,1.54577,5.05438,0.42336,36.966,0.42336,423.524,0,0.999665,0,0,1.22707,0.227405,1.028160,1,0,46.9784,0,0,0,46.9784,0
70.2713,2.46159,0,0,2.25723,0.0284619,0.36288,3.6288,59.7307,0.81362,0,0,0.779017,0.338121,0,0.66528,12.849,1,0.446314,0.36288,0,59.5694,5.97744,53.5086,0.84672,12.849,0.84672,3695.15,0,36.966,0.597853,0.204422,2.31465,4.15386,1.54577,4.52932,0.42336,36.966,0.42336,423.524,0,0.87982,0,0,1.08424,0.204422,1.028160,1,0,58.0379,0,0,0,58.0379,0
69.9181,2.45908,0,0,2.49707,0.0283318,0.36288,3.6288,59.7983,0.66528,0,0,1.07012,0.337318,0,0.66528,12.849,1,0.449638,0.36288,0,51.0728,5.97744,45.0086,0.84672,12.849,0.84672,3695.15,0,36.966,0.598357,0.391202,2.31519,4.9639,1.54577,5.52618,0.42336,36.966,0.42336,423.524,0,1.02816,0,0,1.41936,0.391202,1.028160,1,0,50.5347,0,0,0,50.5347,0
69.3858,2.45784,0,0,2.31916,0.0307461,0.36288,3.6288,59.6693,0.66528,0,0,0.860112,0.323806,0,0.66528,12.849,1,0.451683,0.36288,0,48.999,5.60775,43.3024,0.84672,12.849,0.84672,3695.15,0,36.966,0.598861,0.278752,2.31574,5.63978,1.40186,6.23355,0.42336,36.966,0.42336,423.524,0,1.02816,0,0,1.30691,0.278752,1.028160,1,0,49.536,0,0,0,49.536,0
68.6555,2.3729,0,0,2.08358,0.0780552,0.36288,3.6288,59.3562,0.755395,0,0,0.694104,0.251763,0,0.66528,12.849,1,0.439418,0.36288,0,39.9326,4.44832,35.4077,0.84672,12.849,0.84672,3695.15,0,36.966,0.503598,0.204422,2.31628,5.42485,0.911745,6.5302,0.42336,36.966,0.42336,423.524,0,0.938045,0,0,1.14247,0.204422,1.028160,1,0,41.938,0,0,0,41.938,0
67.7835,2.36963,0,0,1.95452,0.0940127,0.36288,3.6288,59.2587,0.66528,0,0,0.803961,0.236226,0,0.66528,12.849,1,0.44348,0.36288,0,39.5564,4.35425,35.1216,0.84672,12.849,0.84672,3695.15,0,36.966,0.504078,0.359977,2.22446,5.67391,0.85961,6.89465,0.42336,36.966,0.42336,423.524,0,1.02816,0,0,1.38814,0.359977,1.028160,1,0,42.0162,0,0,0,42.0162,0
66.7369,2.36549,0,0,1.77514,0.093373,0.36288,3.6288,58.832,0.813522,0,0,0.62291,0.236078,0,0.66528,12.849,1,0.448401,0.36288,0,35.4196,4.35425,30.9798,0.84672,12.849,0.84672,3695.15,0,36.966,0.507481,0.216518,2.22498,4.46361,0.85961,5.53801,0.42336,36.966,0.42336,423.524,0,0.876995,0,0,1.09351,0.216518,1.028160,1,0,36.5178,0,0,0,36.5178,0
66.3726,2.36026,0,0,2.48828,0.129434,0.36288,3.6288,58.9012,0.66528,0,0,0.965883,0.231411,0,0.66528,12.849,1,0.454425,0.36288,0,53.1027,4.39319,48.618,0.84672,12.849,0.84672,3695.15,0,36.966,0.505038,0.835125,2.2255,7.54203,0.909215,9.1884,0.42336,36.966,0.42336,423.524,0,1.02816,0,0,1.86329,0.835125,1.028160,1,0,57.8064,0,0,0,57.8064,0
66.1139,2.29135,0,0,2.61372,0.218264,0.36288,3.6288,58.6945,0.66528,0,0,0.660165,0.201624,0,0.66528,12.849,1,0.44358,0.36288,0,60.3425,4.39054,55.8713,0.84672,12.849,0.84672,3695.15,0,36.966,0.418258,0.282299,2.22602,5.73521,1.01415,6.81111,0.42336,36.966,0.42336,423.524,0,1.02816,0,0,1.31046,0.282299,1.028160,1,0,62.6824,0,0,0,62.6824,0
65.4792,2.29054,0,0,2.23006,0.211324,0.36288,3.6288,58.7515,0.665108,0,0,0.874045,0.151846,0,0.66528,12.849,1,0.445159,0.36288,0,46.8779,4.14057,42.655,0.84672,12.849,0.84672,3695.15,0,36.966,0.418888,0.731465,2.14402,5.40379,0.96647,6.89392,0.42336,36.966,0.42336,423.524,0,1.02816,0,0,1.75962,0.731465,1.028160,1,0,49.549,0,0,0,49.549,0
64.0995,2.28758,0,0,1.48109,0.210257,0.36288,3.6288,58.7784,0.66528,0,0,0.844042,0.151902,0,0.66528,12.849,1,0.448892,0.36288,0,28.8522,4.14057,24.6257,0.84672,12.849,0.84672,3695.15,0,36.966,0.419174,0.785359,2.14452,4.02474,0.96647,5.56897,0.42336,36.966,0.42336,423.524,0,1.02816,0,0,1.81352,0.785359,1.028160,1,0,30.1946,0,0,0,30.1946,0
63.3673,2.28017,0,0,2.16874,0.257943,0.36288,3.6288,58.6111,0.66528,0,0,0.666901,0.168899,0,0.66528,12.849,1,0.457069,0.36288,0,56.2918,4.43052,51.7671,0.84672,12.849,0.84672,3695.15,0,36.966,0.419633,0.363516,2.14502,7.39886,1.03416,8.4536,0.42336,36.966,0.42336,423.524,0,1.02816,0,0,1.39168,0.363516,1.028160,1,0,60.2207,0,0,0,60.2207,0
65.2246,2.08604,0,0,4.58254,0.276299,0.36288,3.6288,58.7352,0.554025,0,0,0.853602,0.175498,0,0.66528,12.849,1,0.422988,0.36288,0,111.015,4.5465,106.409,0.84672,12.849,0.84672,3695.15,0,36.966,0.349424,1.40377,2.14552,5.85056,1.06124,7.98918,0.42336,36.966,0.42336,423.524,0,1.02816,0,0,2.43193,1.40377,1.028160,1,0,114.398,0,0,0,114.398,0
64.8577,2.0967,0,0,2.34346,0.250755,0.36288,3.6288,58.7843,0.554732,0,0,0.797075,0.193234,0,0.66528,12.849,1,0.413042,0.36288,0,48.7242,4.03722,44.6368,0.84672,12.849,0.84672,3695.15,0,36.966,0.34913,1.11775,1.96255,6.70066,1.06147,8.37036,0.42336,36.966,0.42336,423.524,0,1.02816,0,0,2.14591,1.11775,1.028160,1,0,53.0071,0,0,0,53.0071,0
64.8433,2.09535,0,0,2.72426,0.280496,0.36288,3.6288,58.8763,0.555164,0,0,0.833311,0.186166,0,0.66528,12.849,1,0.41511,0.36288,0,64.0499,4.02843,59.9692,0.84672,12.849,0.84672,3695.15,0,36.966,0.34911,1.08884,1.96301,6.54731,1.05146,8.19859,0.42336,36.966,0.42336,423.524,0,1.02816,0,0,2.117,1.08884,1.028160,1,0,68.1678,0,0,0,68.1678,0
64.47,2.09586,0,0,2.36598,0.280463,0.36288,3.6288,58.947,0.555753,0,0,0.812782,0.186276,0,0.66528,12.849,1,0.415305,0.36288,0,53.8558,4.02843,49.7749,0.84672,12.849,0.84672,3695.15,0,36.966,0.348934,0.996659,1.96346,6.39331,1.05146,7.95303,0.42336,36.966,0.42336,423.524,0,1.02816,0,0,2.02482,0.996659,1.028160,1,0,57.728,0,0,0,57.728,0
64.9939,2.09445,0,0,3.25994,0.278738,0.36288,3.6288,58.9669,0.556264,0,0,0.773064,0.196973,0,0.66528,12.849,1,0.417428,0.36288,0,55.2161,4.35918,50.8024,0.84672,12.849,0.84672,3695.15,0,36.966,0.348836,1.0789,1.96391,6.30311,1.15414,7.84295,0.42336,36.966,0.42336,423.524,0,1.02816,0,0,2.10706,1.0789,1.028160,1,0,58.6453,0,0,0,58.6453,0
68.037,2.17147,0,0,5.85151,0.274113,0.36288,3.6288,59.2975,0.589004,0,0,1.12863,0.209017,0,0.66528,12.849,1,0.42929,0.36288,0,126.138,4.17866,121.892,0.84672,12.849,0.84672,3695.15,0,36.966,0.369243,2.16339,1.96436,8.82256,1.06224,11.5188,0.42336,36.966,0.42336,423.524,0,1.02816,0,0,3.19155,2.16339,1.028160,1,0,133.411,0,0,0,133.411,0
71.1746,2.18821,0,0,5.96677,0.278058,0.36288,3.6288,59.7594,0.590524,0,0,1.25099,0.198551,0,0.66528,12.849,1,0.413251,0.36288,0,141.127,3.42311,137.653,0.84672,12.849,0.84672,3695.15,0,36.966,0.368132,1.70609,2.02208,7.85281,0.800786,10.4121,0.42336,36.966,0.42336,423.524,0,1.02816,0,0,2.73425,1.70609,1.028160,1,0,148.065,0,0,0,148.065,0
72.29,2.20424,0,0,4.90126,0.284898,1.29671,3.6288,60.2096,0.592535,0,0,1.24186,0.199138,0,0.66528,12.849,1,0.397927,1.29671,0,76.5314,3.42311,74.0071,0.84672,12.849,0.84672,3695.15,0,36.966,0.36653,1.82757,2.02253,6.69634,0.800786,9.37912,0.42336,36.966,0.42336,423.524,0,1.02816,0,0,2.85573,1.82757,1.028160,1,0,83.3862,0,0,0,83.3862,0
72.29,2.21005,0,0,6.5012,0.29919,3.99196,3.6288,60.7893,0.594486,0,0,1.36899,0.194811,0,0.66528,12.849,1,0.39282,3.99196,0,95.3243,3.46326,95.4601,0.84672,12.849,0.84672,3695.15,0,36.966,0.364988,2.09718,2.02298,9.52016,0.825142,12.4502,0.42336,36.966,0.42336,423.524,0,1.02816,0,0,3.12534,2.09718,1.028160,1,0,107.91,0,0,0,107.91,0
72.29,2.45132,0,0,7.46864,0.367418,4.6499,3.6288,61.308,0.66528,0,0,1.55359,0.162855,0.206748,0.66528,12.849,1,0.435703,4.6499,0,116.163,3.58169,116.796,0.84672,12.849,0.84672,3695.15,0,36.966,0.492799,2.54557,2.02342,11.5525,0.933338,14.6953,0.42336,36.966,0.42336,423.524,0,1.02816,0,0,3.57373,2.54557,1.028160,1,0,131.698,0,0,0,131.698,0
72.29,2.45198,0,0,5.62524,0.349808,2.82345,3.6288,61.0792,0.840048,0,0,0.755568,0.144306,0,0.66528,12.849,1,0.43582,2.82345,0,93.8641,2.84665,93.4051,0.84672,12.849,0.84672,3695.15,0,36.966,0.506512,0.503194,2.23012,7.67292,0.705691,9.19403,0.42336,36.966,0.42336,423.524,0,0.840136,0,0,1.34333,0.503194,1.028160,1,0,102.599,0,0,0,102.599,0
72.29,2.45263,0,0,4.59983,0.349808,1.79739,3.6288,60.9643,0.795658,0,0,0.824844,0.144098,0,0.66528,12.849,1,0.435937,1.79739,0,104.891,2.84665,103.406,0.84672,12.849,0.84672,3695.15,0,36.966,0.493713,0.608429,2.23061,7.49373,0.705691,9.13337,0.42336,36.966,0.42336,423.524,0,0.897782,0,0,1.50621,0.608429,1.028160,1,0,112.539,0,0,0,112.539,0
72.29,2.45329,0,0,9.07953,0.331627,6.29462,3.6288,61.308,0.66528,0,0,1.46629,0.182638,0.274679,0.66528,12.849,1,0.436054,6.29462,0,133.682,3.76394,135.777,0.84672,12.849,0.84672,3695.15,0,36.966,0.49417,1.87526,2.23111,10.9074,0.992662,13.5269,0.42336,36.966,0.42336,423.524,0,1.02816,0,0,2.90342,1.87526,1.028160,1,0,149.579,0,0,0,149.579,0
72.29,2.11035,0,0,11.5213,0.33059,9.08033,3.6288,61.308,0.557513,0,0,1.83285,0.180319,1.09501,0.66528,12.849,1,0.375098,9.08033,0,146.923,3.65271,151.975,0.84672,12.849,0.84672,3695.15,0,36.966,0.336156,3.36504,2.23161,11.6799,0.976569,15.9638,0.42336,36.966,0.42336,423.524,0,1.02816,0,0,4.3932,3.36504,1.028160,1,0,169.034,0,0,0,169.034,0
72.29,2.11092,0,0,4.86868,0.324369,2.43339,3.6288,61.308,0.563067,0,0,0.769971,0.164022,0.0428818,0.66528,12.849,1,0.375201,2.43339,0,63.0458,2.98536,62.1187,0.84672,12.849,0.84672,3695.15,0,36.966,0.339505,0.608429,1.95058,4.95216,0.880014,6.29165,0.42336,36.966,0.42336,423.524,0,1.01965,0,0,1.62808,0.608429,1.028160,1,0,68.4532,0,0,0,68.4532,0
72.29,2.1115,0,0,8.29354,0.324369,5.85767,3.6288,61.308,0.558003,0,0,1.21171,0.164022,0.489683,0.66528,12.849,1,0.375303,5.85767,0,115.014,2.98536,117.511,0.84672,12.849,0.84672,3695.15,0,36.966,0.336451,1.58179,1.95101,8.76574,0.880014,11.0821,0.42336,36.966,0.42336,423.524,0,1.02816,0,0,2.60995,1.58179,1.028160,1,0,129.083,0,0,0,129.083,0
72.29,2.11207,0,0,8.23017,0.30591,5.81219,3.6288,61.308,0.558248,0,0,1.55528,0.169134,0.827896,0.66528,12.849,1,0.375405,5.81219,0,113.632,3.38686,115.681,0.84672,12.849,0.84672,3695.15,0,36.966,0.336599,2.51202,1.95144,14.6437,0.947773,17.8228,0.42336,36.966,0.42336,423.524,0,1.02816,0,0,3.54018,2.51202,1.028160,1,0,134.332,0,0,0,134.332,0
72.29,2.11265,0,0,7.30417,0.294134,4.89739,3.6288,61.308,0.558494,0,0,1.31439,0.179507,0.576385,0.66528,12.849,1,0.375507,4.89739,0,154.936,4.01914,155.439,0.84672,12.849,0.84672,3695.15,0,36.966,0.336747,1.54363,1.95187,9.37742,1.05519,11.481,0.42336,36.966,0.42336,423.524,0,1.02816,0,0,2.57179,1.54363,1.028160,1,0,167.496,0,0,0,167.496,0
72.29,2.19981,0,0,5.48127,0.269146,3.01231,3.6288,61.308,0.599421,0,0,1.15207,0.183717,0.368928,0.66528,12.849,1,0.391,3.01231,0,86.724,3.8565,85.4888,0.84672,12.849,0.84672,3695.15,0,36.966,0.361424,0.880978,1.9523,7.59756,1.16,8.90942,0.42336,36.966,0.42336,423.524,0,1.02816,0,0,1.90914,0.880978,1.028160,1,0,94.7671,0,0,0,94.7671,0
72.29,2.20041,0,0,4.6245,0.268621,2.15547,3.6288,61.308,0.599676,0,0,0.934079,0.187529,0.146874,0.66528,12.849,1,0.391106,2.15547,0,79.9848,3.69621,78.053,0.84672,12.849,0.84672,3695.15,0,36.966,0.361578,0.703253,2.02222,5.03259,1.18342,6.21307,0.42336,36.966,0.42336,423.524,0,1.02816,0,0,1.73141,0.703253,1.028160,1,0,84.4129,0,0,0,84.4129,0
72.29,2.20101,0,0,4.34721,0.259693,1.88651,3.6288,61.308,0.599931,0,0,0.814933,0.192287,0.0227154,0.66528,12.849,1,0.391212,1.88651,0,63.7379,3.75438,61.4788,0.84672,12.849,0.84672,3695.15,0,36.966,0.361732,0.553729,2.02267,4.49666,1.19487,5.51646,0.42336,36.966,0.42336,423.524,0,1.02816,0,0,1.58189,0.553729,1.028160,1,0,67.018,0,0,0,67.018,0
72.29,2.2016,0,0,3.98498,0.205641,1.57774,3.6288,61.2712,0.632419,0,0,0.837994,0.242345,0,0.66528,12.849,1,0.391318,1.57774,0,61.0289,4.70424,57.5111,0.84672,12.849,0.84672,3695.15,0,36.966,0.381321,0.528595,2.02312,4.15176,1.32968,4.99248,0.42336,36.966,0.42336,423.524,0,0.976493,0,0,1.50509,0.528595,1.028160,1,0,62.5036,0,0,0,62.5036,0
72.29,2.16831,0,0,3.77572,0.207103,1.40031,3.6288,61.2422,0.588288,0,0,0.804678,0.245449,0,0.66528,12.849,1,0.3854,1.40031,0,54.8475,5.39445,50.468,0.84672,12.849,0.84672,3695.15,0,36.966,0.354924,0.528595,2.02357,5.48593,1.41161,6.27156,0.42336,36.966,0.42336,423.524,0,1.02208,0,0,1.55067,0.528595,1.028160,1,0,56.7395,0,0,0,56.7395,0
72.29,2.1689,0,0,3.33648,0.140445,1.02714,3.6288,61.2171,0.584641,0,0,0.770214,0.210622,0,0.66528,12.849,1,0.385505,1.02714,0,64.5322,4.60023,60.5737,0.84672,12.849,0.84672,3695.15,0,36.966,0.352892,0.648968,1.99695,4.44528,1.31774,5.42056,0.42336,36.966,0.42336,423.524,0,1.02816,0,0,1.67713,0.648968,1.028160,1,0,65.9942,0,0,0,65.9942,0
72.29,2.16948,0,0,2.88409,0.112355,0.602253,3.6288,61.0009,0.610423,0,0,0.617836,0.223661,0,0.66528,12.849,1,0.385609,0.602253,0,50.5323,4.71555,46.0334,0.84672,12.849,0.84672,3695.15,0,36.966,0.368605,0.402797,1.99739,3.4554,1.32463,4.16235,0.42336,36.966,0.42336,423.524,0,0.987068,0,0,1.38986,0.402797,1.028160,1,0,50.1958,0,0,0,50.1958,0
72.0972,2.17007,0,0,2.45251,0.112355,0.36288,3.6288,60.7223,0.634775,0,0,0.579557,0.223355,0,0.66528,12.849,1,0.385714,0.36288,0,42.5721,4.71555,37.8337,0.84672,12.849,0.84672,3695.15,0,36.966,0.384668,0.402797,1.99783,2.86479,1.32463,3.55612,0.42336,36.966,0.42336,423.524,0,0.947056,0,0,1.34985,0.402797,1.028160,1,0,41.3899,0,0,0,41.3899,0
71.8608,2.28489,0,0,2.51622,0.104836,0.36288,3.6288,60.3771,0.710082,0,0,0.588436,0.223577,0,0.66528,12.849,1,0.407208,0.36288,0,38.8445,4.73088,34.0693,0.84672,12.849,0.84672,3695.15,0,36.966,0.432278,0.402797,1.99827,3.16004,1.32675,3.80208,0.42336,36.966,0.42336,423.524,0,0.914535,0,0,1.31733,0.402797,1.028160,1,0,37.8714,0,0,0,37.8714,0
71.9099,2.28437,0,0,2.81062,0.114319,0.36288,3.6288,60.1105,0.638337,0,0,0.635024,0.263231,0,0.66528,12.849,1,0.408454,0.36288,0,43.0872,4.46701,38.5746,0.84672,12.849,0.84672,3695.15,0,36.966,0.390823,0.545175,2.09366,3.61144,1.16489,4.69456,0.42336,36.966,0.42336,423.524,0,1.02816,0,0,1.57334,0.545175,1.028160,1,0,43.2691,0,0,0,43.2691,0
71.6793,2.28522,0,0,2.53194,0.114362,0.36288,3.6288,59.8016,0.637527,0,0,0.591417,0.262785,0,0.66528,12.849,1,0.408328,0.36288,0,40.0719,4.46701,35.5594,0.84672,12.849,0.84672,3695.15,0,36.966,0.392058,0.419999,2.09412,3.33058,1.16489,4.28775,0.42336,36.966,0.42336,423.524,0,1.02816,0,0,1.44816,0.419999,1.028160,1,0,39.8472,0,0,0,39.8472,0
71.3725,2.28472,0,0,2.4549,0.114161,0.36288,3.6288,59.418,0.662184,0,0,0.540841,0.262268,0,0.66528,12.849,1,0.409552,0.36288,0,36.8397,4.46701,32.326,0.84672,12.849,0.84672,3695.15,0,36.966,0.409325,0.30119,2.09458,3.09783,1.16489,3.91939,0.42336,36.966,0.42336,423.524,0,0.986662,0,0,1.28785,0.30119,1.028160,1,0,36.2454,0,0,0,36.2454,0
70.8252,2.28385,0,0,2.18479,0.0853044,0.36288,3.6288,58.9569,0.694197,0,0,0.513349,0.280287,0,0.66528,12.849,1,0.411155,0.36288,0,32.5909,4.68122,27.8615,0.84672,12.849,0.84672,3695.15,0,36.966,0.431884,0.30119,2.09505,3.01353,1.21962,3.75826,0.42336,36.966,0.42336,423.524,0,0.932515,0,0,1.23371,0.30119,1.028160,1,0,31.6197,0,0,0,31.6197,0
70.1513,2.25904,0,0,2.03566,0.0876566,0.36288,3.6288,58.673,0.664033,0,0,0.67337,0.293271,0,0.66528,12.849,1,0.409832,0.36288,0,35.7894,5.48957,30.2529,0.84672,12.849,0.84672,3695.15,0,36.966,0.416349,0.714165,2.09551,3.22505,1.29746,4.32092,0.42336,36.966,0.42336,423.524,0,1.02816,0,0,1.74233,0.714165,1.028160,1,0,34.5738,0,0,0,34.5738,0
69.3256,2.25632,0,0,1.89024,0.0967783,0.36288,3.6288,58.4444,0.663066,0,0,0.727177,0.29268,0,0.66528,12.849,1,0.413271,0.36288,0,34.9102,5.74864,29.1111,0.84672,12.849,0.84672,3695.15,0,36.966,0.417755,0.864397,2.12921,3.15998,1.31218,4.42364,0.42336,36.966,0.42336,423.524,0,1.02816,0,0,1.89256,0.864397,1.028160,1,0,33.5348,0,0,0,33.5348,0
68.382,2.25278,0,0,1.76821,0.096162,0.36288,3.6288,58.1568,0.662333,0,0,0.666973,0.292249,0,0.66528,12.849,1,0.417536,0.36288,0,31.8366,5.74864,26.0333,0.84672,12.849,0.84672,3695.15,0,36.966,0.418925,0.651266,2.12968,3.07927,1.31218,4.12911,0.42336,36.966,0.42336,423.524,0,1.02816,0,0,1.67943,0.651266,1.028160,1,0,30.1624,0,0,0,30.1624,0
67.3889,2.24853,0,0,1.71385,0.0954577,0.36288,3.6288,57.846,0.661334,0,0,0.642298,0.291708,0,0.66528,12.849,1,0.422501,0.36288,0,28.3797,5.74864,22.5715,0.84672,12.849,0.84672,3695.15,0,36.966,0.420362,0.556373,2.13015,3.04713,1.31218,4.00111,0.42336,36.966,0.42336,423.524,0,1.02816,0,0,1.58453,0.556373,1.028160,1,0,26.5726,0,0,0,26.5726,0
66.3608,2.30221,0,0,1.70815,0.0711749,0.36288,3.6288,57.5457,0.66528,0,0,0.678015,0.313037,0,0.66528,12.849,1,0.43896,0.36288,0,31.5383,5.81731,25.6449,0.84672,12.849,0.84672,3695.15,0,36.966,0.461031,0.532224,2.13063,3.05797,1.44159,3.8182,0.42336,36.966,0.42336,423.524,0,1.02816,0,0,1.56038,0.532224,1.028160,1,0,29.4631,0,0,0,29.4631,0
65.2935,2.29713,0,0,1.67433,0.0816354,0.36288,3.6288,57.2456,0.66528,0,0,0.671544,0.306391,0,0.66528,12.849,1,0.444777,0.36288,0,30.4699,5.45748,24.9305,0.84672,12.849,0.84672,3695.15,0,36.966,0.46148,0.554869,2.17824,3.10336,1.45026,3.92473,0.42336,36.966,0.42336,423.524,0,1.02816,0,0,1.58303,0.554869,1.028160,1,0,28.8553,0,0,0,28.8553,0
64.1248,2.29167,0,0,1.56678,0.0809431,0.36288,3.6288,56.8961,0.66528,0,0,0.621604,0.305795,0,0.66528,12.849,1,0.450973,0.36288,0,27.5066,5.45748,21.9611,0.84672,12.849,0.84672,3695.15,0,36.966,0.461928,0.486942,2.17872,2.76972,1.45026,3.5232,0.42336,36.966,0.42336,423.524,0,1.02816,0,0,1.5151,0.486942,1.028160,1,0,25.4843,0,0,0,25.4843,0
62.8347,2.28543,0,0,1.43839,0.0801851,0.36288,3.6288,56.5405,0.66528,0,0,0.614777,0.305102,0,0.66528,12.849,1,0.457944,0.36288,0,25.1445,5.45748,19.5919,0.84672,12.849,0.84672,3695.15,0,36.966,0.462377,0.3625,2.17921,2.70889,1.45026,3.33796,0.42336,36.966,0.42336,423.524,0,1.02816,0,0,1.39066,0.3625,1.028160,1,0,22.9299,0,0,0,22.9299,0
61.6875,2.44716,0,0,1.72809,0.0652725,0.36288,3.6288,56.334,0.66528,0,0,0.748621,0.289876,0,0.66528,12.849,1,0.500418,0.36288,0,26.3319,5.6657,20.5286,0.84672,12.849,0.84672,3695.15,0,36.966,0.622436,0.856397,2.17969,4.04481,1.50908,4.94938,0.42336,36.966,0.42336,423.524,0,1.02816,0,0,1.88456,0.856397,1.028160,1,0,25.478,0,0,0,25.478,0
60.4621,2.44011,0,0,1.67312,0.095483,0.36288,3.6288,56.1299,0.66528,0,0,0.776961,0.315736,0,0.66528,12.849,1,0.508255,0.36288,0,36.373,5.05937,31.1683,0.84672,12.849,0.84672,3695.15,0,36.966,0.622924,0.42819,2.34162,4.05548,1.42217,4.78019,0.42336,36.966,0.42336,423.524,0,1.02816,0,0,1.45635,0.42819,1.028160,1,0,35.9485,0,0,0,35.9485,0
59.167,2.43227,0,0,1.60357,0.103552,0.36288,3.6288,55.9457,0.66528,0,0,0.789091,0.308022,0,0.66528,12.849,1,0.516889,0.36288,0,35.7397,5.08725,30.4984,0.84672,12.849,0.84672,3695.15,0,36.966,0.623411,0.980018,2.34215,4.72622,1.45301,5.97197,0.42336,36.966,0.42336,423.524,0,1.02816,0,0,2.00818,0.980018,1.028160,1,0,36.4704,0,0,0,36.4704,0
57.7867,2.42362,0,0,1.50854,0.102293,0.36288,3.6288,55.7323,0.66528,0,0,0.759525,0.307651,0,0.66528,12.849,1,0.526325,0.36288,0,36.7477,5.08725,31.497,0.84672,12.849,0.84672,3695.15,0,36.966,0.623899,1.25556,2.34267,4.37107,1.45301,5.8924,0.42336,36.966,0.42336,423.524,0,1.02816,0,0,2.28372,1.25556,1.028160,1,0,37.3894,0,0,0,37.3894,0
56.3778,2.41398,0,0,1.46883,0.100932,0.36288,3.6288,55.5197,0.66528,0,0,0.759836,0.307221,0,0.66528,12.849,1,0.536753,0.36288,0,34.4157,5.08725,29.1546,0.84672,12.849,0.84672,3695.15,0,36.966,0.624387,1.2234,2.3432,4.37165,1.45301,5.86085,0.42336,36.966,0.42336,423.524,0,1.02816,0,0,2.25156,1.2234,1.028160,1,0,35.0154,0,0,0,35.0154,0
54.9844,2.32284,0,0,1.40353,0.1112,0.36288,3.6288,55.2244,0.66528,0,0,0.641529,0.271484,0,0.66528,12.849,1,0.529396,0.36288,0,27.5448,4.47549,22.9028,0.84672,12.849,0.84672,3695.15,0,36.966,0.527881,0.589864,2.34372,5.32851,1.23043,6.50379,0.42336,36.966,0.42336,423.524,0,1.02816,0,0,1.61802,0.589864,1.028160,1,0,29.4066,0,0,0,29.4066,0
53.7366,2.31258,0,0,1.54599,0.118286,0.36288,3.6288,55.0082,0.66528,0,0,0.693552,0.244527,0,0.66528,12.849,1,0.540415,0.36288,0,36.1317,4.01667,31.9375,0.84672,12.849,0.84672,3695.15,0,36.966,0.528345,0.409631,2.2507,6.1951,1.06349,7.26359,0.42336,36.966,0.42336,423.524,0,1.02816,0,0,1.43779,0.409631,1.028160,1,0,39.2011,0,0,0,39.2011,0
52.6844,2.30307,0,0,1.73052,0.116804,0.36288,3.6288,54.8651,0.66528,0,0,0.766358,0.24418,0,0.66528,12.849,1,0.55069,0.36288,0,33.3244,4.01667,29.1199,0.84672,12.849,0.84672,3695.15,0,36.966,0.52881,0.895372,2.2512,6.86759,1.06349,8.42186,0.42336,36.966,0.42336,423.524,0,1.02816,0,0,1.92353,0.895372,1.028160,1,0,37.5418,0,0,0,37.5418,0
53.2711,2.29485,0,0,3.36003,0.115554,0.36288,3.6288,56.0655,0.66528,0,0,2.10969,0.24395,0,0.66528,12.849,1,0.559682,0.36288,0,58.3668,4.01667,54.1534,0.84672,12.849,0.84672,3695.15,0,36.966,0.529274,5.69694,2.25171,9.73848,1.06349,16.0944,0.42336,36.966,0.42336,423.524,0,1.02816,0,0,6.7251,5.69694,1.028160,1,0,70.2477,0,0,0,70.2477,0
54.7178,2.23471,0,0,4.27702,0.232752,0.36288,3.6288,56.8616,0.66528,0,0,1.61111,0.149721,0,0.66528,12.849,1,0.539012,0.36288,0,89.3413,2.81355,86.3516,0.84672,12.849,0.84672,3695.15,0,36.966,0.441364,3.06841,2.25221,9.26882,0.730516,13.4176,0.42336,36.966,0.42336,423.524,0,1.02816,0,0,4.09657,3.06841,1.028160,1,0,99.7692,0,0,0,99.7692,0
56.6609,2.24685,0,0,4.75476,0.2019,0.36288,3.6288,58.2003,0.66528,0,0,2.21383,0.209904,0,0.66528,12.849,1,0.527613,0.36288,0,97.5193,4.02003,93.3346,0.84672,12.849,0.84672,3695.15,0,36.966,0.441808,2.59406,2.16915,12.5824,0.857219,16.0466,0.42336,36.966,0.42336,423.524,0,1.02816,0,0,3.62222,2.59406,1.028160,1,0,109.381,0,0,0,109.381,0
58.6008,2.26221,0,0,4.77078,0.205851,0.36288,3.6288,59.2234,0.66528,0,0,1.90009,0.211732,0,0.66528,12.849,1,0.513001,0.36288,0,91.8553,4.02003,87.6851,0.84672,12.849,0.84672,3695.15,0,36.966,0.442252,3.71163,2.16963,16.0219,0.857219,20.6037,0.42336,36.966,0.42336,423.524,0,1.02816,0,0,4.73979,3.71163,1.028160,1,0,108.289,0,0,0,108.289,0
63.9324,2.27675,0,0,8.19131,0.220102,0.36288,3.6288,59.9511,0.66528,0,0,1.60435,0.21131,0,0.66528,12.849,1,0.499207,0.36288,0,103.181,4.28243,98.7627,0.84672,12.849,0.84672,3695.15,0,36.966,0.442695,3.00712,2.17011,13.6311,0.920669,17.4449,0.42336,36.966,0.42336,423.524,0,1.02816,0,0,4.03528,3.00712,1.028160,1,0,116.208,0,0,0,116.208,0
66.4309,2.11895,0,0,5.22526,0.244904,0.36288,3.6288,61.0668,0.571682,0,0,1.89723,0.209858,0,0.66528,12.849,1,0.425862,0.36288,0,102.475,4.63228,97.7794,0.84672,12.849,0.84672,3695.15,0,36.966,0.3525,3.20909,2.17059,14.276,1.00527,18.2979,0.42336,36.966,0.42336,423.524,0,1.02816,0,0,4.23725,3.20909,1.028160,1,0,116.077,0,0,0,116.077,0
72.29,2.13295,0,0,9.05265,0.229277,0.831315,3.6288,61.308,0.575942,0,0,5.13912,0.138321,4.18367,0.66528,12.849,1,0.412552,0.831315,0,153.937,3.18692,151.169,0.84672,12.849,0.84672,3695.15,0,36.966,0.348639,4.23772,1.98528,20.0773,0.81946,25.1322,0.42336,36.966,0.42336,423.524,0,1.02816,0,0,5.26588,4.23772,1.028160,1,0,180.485,0,0,0,180.485,0
72.29,2.16192,0,0,9.39902,0.263451,6.97365,3.6288,61.308,0.577047,0,0,4.71561,0.148687,3.98987,0.66528,12.849,1,0.384265,6.97365,0,188.818,3.52248,191.885,0.84672,12.849,0.84672,3695.15,0,36.966,0.347934,3.62076,1.98571,17.2046,0.933183,21.5299,0.42336,36.966,0.42336,423.524,0,1.02816,0,0,4.64892,3.62076,1.028160,1,0,217.404,0,0,0,217.404,0
72.29,2.16251,0,0,9.20678,0.280405,6.76387,3.6288,61.308,0.577296,0,0,6.42528,0.168012,5.67998,0.66528,12.849,1,0.384369,6.76387,0,155.149,3.93572,157.593,0.84672,12.849,0.84672,3695.15,0,36.966,0.348084,4.78063,1.98615,21.5889,1.04972,26.9578,0.42336,36.966,0.42336,423.524,0,1.02816,0,0,5.80879,4.78063,1.028160,1,0,190.231,0,0,0,190.231,0
72.29,2.16309,0,0,8.37994,0.280405,5.93644,3.6288,61.308,0.577545,0,0,4.92381,0.168012,4.17825,0.66528,12.849,1,0.384473,5.93644,0,149.63,3.93572,151.246,0.84672,12.849,0.84672,3695.15,0,36.966,0.348234,3.90569,1.98659,18.8956,1.05105,23.3886,0.42336,36.966,0.42336,423.524,0,1.02816,0,0,4.93385,3.90569,1.028160,1,0,178.813,0,0,0,178.813,0
72.29,2.23949,0,0,8.62123,0.289463,6.09228,3.6288,61.308,0.61111,0,0,4.1103,0.185232,3.31396,0.66528,12.849,1,0.398052,6.09228,0,149.591,3.9687,151.317,0.84672,12.849,0.84672,3695.15,0,36.966,0.368472,3.01411,1.98703,20.5197,1.01546,24.1369,0.42336,36.966,0.42336,423.524,0,1.02816,0,0,4.04227,3.01411,1.028160,1,0,178.768,0,0,0,178.768,0
72.29,2.24007,0,0,8.37665,0.301539,5.83504,3.6288,61.308,0.611357,0,0,1.96027,0.208193,1.14072,0.66528,12.849,1,0.398155,5.83504,0,189.702,4.01268,191.127,0.84672,12.849,0.84672,3695.15,0,36.966,0.368621,2.16706,2.04546,13.9561,0.969785,16.8302,0.42336,36.966,0.42336,423.524,0,1.02816,0,0,3.19522,2.16706,1.028160,1,0,209.098,0,0,0,209.098,0
72.29,2.24065,0,0,4.8257,0.301539,2.28351,3.6288,61.308,0.611605,0,0,2.0793,0.208193,1.25951,0.66528,12.849,1,0.398258,2.28351,0,107.749,4.01268,105.621,0.84672,12.849,0.84672,3695.15,0,36.966,0.36877,2.34306,2.04589,12.5045,0.969785,15.5549,0.42336,36.966,0.42336,423.524,0,1.02816,0,0,3.37122,2.34306,1.028160,1,0,122.436,0,0,0,122.436,0
72.29,2.24123,0,0,4.40158,0.296678,1.86367,3.6288,61.308,0.611852,0,0,1.89075,0.209431,1.06947,0.66528,12.849,1,0.398361,1.86367,0,110.164,4.09632,107.533,0.84672,12.849,0.84672,3695.15,0,36.966,0.368919,2.06197,2.04633,10.1318,0.945766,12.9254,0.42336,36.966,0.42336,423.524,0,1.02816,0,0,3.09013,2.06197,1.028160,1,0,121.528,0,0,0,121.528,0
72.29,2.48551,0,0,5.10014,0.308237,2.30639,3.6288,61.308,0.66528,0,0,1.91046,0.217618,1.02756,0.66528,12.849,1,0.441781,2.30639,0,109.699,4.48664,107.077,0.84672,12.849,0.84672,3695.15,0,36.966,0.516585,2.26588,2.04676,12.1976,0.877674,15.116,0.42336,36.966,0.42336,423.524,0,1.02816,0,0,3.29404,2.26588,1.028160,1,0,123.22,0,0,0,123.22,0
72.29,2.48615,0,0,6.08316,0.30071,3.2963,3.6288,61.308,0.66528,0,0,2.17347,0.246153,1.26204,0.66528,12.849,1,0.441894,3.2963,0,111.684,4.26106,110.277,0.84672,12.849,0.84672,3695.15,0,36.966,0.517028,2.08804,2.25604,11.5436,0.966105,14.4046,0.42336,36.966,0.42336,423.524,0,1.02816,0,0,3.1162,2.08804,1.028160,1,0,125.944,0,0,0,125.944,0
72.29,2.48679,0,0,6.89246,0.262203,4.14347,3.6288,61.308,0.66528,0,0,1.6283,0.246952,0.716071,0.66528,12.849,1,0.442007,4.14347,0,142.82,4.07671,142.445,0.84672,12.849,0.84672,3695.15,0,36.966,0.517471,2.03174,2.25652,12.913,1.02578,15.658,0.42336,36.966,0.42336,423.524,0,1.02816,0,0,3.0599,2.03174,1.028160,1,0,158.819,0,0,0,158.819,0
72.29,2.48742,0,0,8.12048,0.265642,5.36741,3.6288,61.308,0.66528,0,0,1.60392,0.235738,0.702903,0.66528,12.849,1,0.442121,5.36741,0,170.011,3.94307,170.993,0.84672,12.849,0.84672,3695.15,0,36.966,0.517914,2.36377,2.25701,11.731,0.974213,14.8597,0.42336,36.966,0.42336,423.524,0,1.02816,0,0,3.39193,2.36377,1.028160,1,0,186.556,0,0,0,186.556,0
72.29,2.14014,0,0,7.45209,0.265642,5.04631,3.6288,61.308,0.570226,0,0,1.92608,0.235738,1.12012,0.66528,12.849,1,0.380393,5.04631,0,154.912,3.94307,155.635,0.84672,12.849,0.84672,3695.15,0,36.966,0.343821,2.45216,2.25749,12.8284,0.974213,16.22,0.42336,36.966,0.42336,423.524,0,1.02816,0,0,3.48032,2.45216,1.028160,1,0,172.975,0,0,0,172.975,0
72.29,2.14069,0,0,7.96029,0.351636,5.46796,3.6288,61.308,0.570464,0,0,3.73189,0.24126,2.92017,0.66528,12.849,1,0.380492,5.46796,0,303.027,4.11831,303.996,0.84672,12.849,0.84672,3695.15,0,36.966,0.343964,4.60407,1.9729,18.3873,1.04882,23.5715,0.42336,36.966,0.42336,423.524,0,1.02816,0,0,5.63223,4.60407,1.028160,1,0,330.488,0,0,0,330.488,0
72.29,2.14125,0,0,8.30745,0.351636,5.81456,3.6288,61.308,0.570701,0,0,2.20344,0.24126,1.39148,0.66528,12.849,1,0.380591,5.81456,0,230.976,4.11831,232.291,0.84672,12.849,0.84672,3695.15,0,36.966,0.344107,4.83168,1.97331,16.2093,1.04882,21.6214,0.42336,36.966,0.42336,423.524,0,1.02816,0,0,5.85984,4.83168,1.028160,1,0,255.304,0,0,0,255.304,0
72.29,2.1418,0,0,14.8322,0.351636,12.3388,3.6288,61.308,0.570939,0,0,5.22353,0.24126,4.41133,0.66528,12.849,1,0.38069,12.3388,0,254.525,4.11831,262.365,0.84672,12.849,0.84672,3695.15,0,36.966,0.344251,7.36456,1.97373,23.6253,1.04882,31.5705,0.42336,36.966,0.42336,423.524,0,1.02816,0,0,8.39272,7.36456,1.028160,1,0,298.347,0,0,0,298.347,0
72.29,2.14236,0,0,10.9134,0.352966,8.41803,3.6288,61.308,0.571176,0,0,3.37529,0.184487,2.61963,0.66528,12.849,1,0.380789,8.41803,0,233.578,3.85784,237.757,0.84672,12.849,0.84672,3695.15,0,36.966,0.344394,4.84999,1.97415,19.5953,0.95495,25.1201,0.42336,36.966,0.42336,423.524,0,1.02816,0,0,5.87815,4.84999,1.028160,1,0,265.497,0,0,0,265.497,0
72.29,2.2306,0,0,7.10874,0.352921,4.52522,3.6288,61.308,0.612605,0,0,2.39145,0.193304,1.58554,0.66528,12.849,1,0.396472,4.52522,0,174.572,4.00991,174.691,0.84672,12.849,0.84672,3695.15,0,36.966,0.369374,3.56003,1.97456,13.567,0.996318,17.7359,0.42336,36.966,0.42336,423.524,0,1.02816,0,0,4.58819,3.56003,1.028160,1,0,194.012,0,0,0,194.012,0
72.29,2.23117,0,0,6.20767,0.352488,3.62401,3.6288,61.308,0.612852,0,0,3.78479,0.21695,2.95498,0.66528,12.849,1,0.396574,3.62401,0,211.372,4.2021,210.397,0.84672,12.849,0.84672,3695.15,0,36.966,0.369523,4.80222,2.04535,15.542,1.05551,20.9645,0.42336,36.966,0.42336,423.524,0,1.02816,0,0,5.83038,4.80222,1.028160,1,0,234.316,0,0,0,234.316,0
72.29,2.23175,0,0,5.7101,0.352488,3.12586,3.6288,61.308,0.613099,0,0,2.6303,0.21695,1.80025,0.66528,12.849,1,0.396677,3.12586,0,162.708,4.2021,161.235,0.84672,12.849,0.84672,3695.15,0,36.966,0.369672,4.22347,2.04578,15.7073,1.05551,20.5513,0.42336,36.966,0.42336,423.524,0,1.02816,0,0,5.25163,4.22347,1.028160,1,0,183.586,0,0,0,183.586,0
72.29,2.23233,0,0,5.15805,0.325539,2.60018,3.6288,61.308,0.613347,0,0,2.06482,0.216966,1.23451,0.66528,12.849,1,0.396779,2.60018,0,116.974,4.12914,115.049,0.84672,12.849,0.84672,3695.15,0,36.966,0.369821,3.27439,2.04621,12.0019,1.05154,15.9011,0.42336,36.966,0.42336,423.524,0,1.02816,0,0,4.30255,3.27439,1.028160,1,0,132.184,0,0,0,132.184,0
72.29,2.19859,0,0,5.03703,0.25366,2.58478,3.6288,61.308,0.597581,0,0,1.77868,0.218833,0.962269,0.66528,12.849,1,0.390783,2.58478,0,113.198,4.09869,111.293,0.84672,12.849,0.84672,3695.15,0,36.966,0.360315,2.78063,2.04665,13.7675,1.07312,17.1613,0.42336,36.966,0.42336,423.524,0,1.02816,0,0,3.80879,2.78063,1.028160,1,0,129.417,0,0,0,129.417,0
72.29,2.19916,0,0,4.93049,0.2424,2.48892,3.6288,61.308,0.597824,0,0,1.38152,0.223393,0.560302,0.66528,12.849,1,0.390884,2.48892,0,116.606,4.47856,114.226,0.84672,12.849,0.84672,3695.15,0,36.966,0.360461,2.73759,2.01968,10.7721,1.15188,14.017,0.42336,36.966,0.42336,423.524,0,1.02816,0,0,3.76575,2.73759,1.028160,1,0,128.803,0,0,0,128.803,0
72.29,2.19973,0,0,4.45586,0.2424,2.01372,3.6288,61.308,0.598068,0,0,1.2598,0.223393,0.438338,0.66528,12.849,1,0.390986,2.01372,0,116.267,4.47856,113.411,0.84672,12.849,0.84672,3695.15,0,36.966,0.360608,2.10062,2.0201,8.66601,1.15188,11.2742,0.42336,36.966,0.42336,423.524,0,1.02816,0,0,3.12878,2.10062,1.028160,1,0,125.124,0,0,0,125.124,0
72.29,2.2003,0,0,4.18409,0.2424,1.74139,3.6288,61.308,0.598312,0,0,1.15932,0.223393,0.337611,0.66528,12.849,1,0.391087,1.74139,0,104.084,4.47856,100.956,0.84672,12.849,0.84672,3695.15,0,36.966,0.360755,1.58698,2.02053,7.99995,1.15188,10.0948,0.42336,36.966,0.42336,423.524,0,1.02816,0,0,2.61514,1.58698,1.028160,1,0,111.389,0,0,0,111.389,0
72.29,2.31745,0,0,3.82449,0.22242,1.28461,3.6288,61.308,0.655395,0,0,1.07629,0.236206,0.184692,0.66528,12.849,1,0.41191,1.28461,0,95.0262,4.75855,91.1403,0.84672,12.849,0.84672,3695.15,0,36.966,0.395174,1.50207,2.02096,6.83286,1.19114,8.76958,0.42336,36.966,0.42336,423.524,0,1.02816,0,0,2.53023,1.50207,1.028160,1,0,100.095,0,0,0,100.095,0
72.29,2.31805,0,0,3.77902,0.191521,1.26945,3.6288,61.308,0.655652,0,0,1.24699,0.204419,0.386914,0.66528,12.849,1,0.412016,1.26945,0,86.2626,4.39887,82.7212,0.84672,12.849,0.84672,3695.15,0,36.966,0.395329,1.71919,2.11751,7.93178,1.00817,10.365,0.42336,36.966,0.42336,423.524,0,1.02816,0,0,2.74735,1.71919,1.028160,1,0,93.4731,0,0,0,93.4731,0
72.29,2.31865,0,0,3.34702,0.168665,0.859704,3.6288,61.308,0.655909,0,0,1.07916,0.203453,0.2198,0.66528,12.849,1,0.412122,0.859704,0,78.834,4.47615,74.8054,0.84672,12.849,0.84672,3695.15,0,36.966,0.395484,1.40997,2.11796,6.94682,1.01315,9.06612,0.42336,36.966,0.42336,423.524,0,1.02816,0,0,2.43813,1.40997,1.028160,1,0,84.0913,0,0,0,84.0913,0
72.29,2.31924,0,0,3.15691,0.168665,0.669,3.6288,61.308,0.656166,0,0,0.861831,0.203453,0.00221274,0.66528,12.849,1,0.412228,0.669,0,72.8343,4.47615,68.615,0.84672,12.849,0.84672,3695.15,0,36.966,0.395639,1.13171,2.11841,6.52424,1.01315,8.36557,0.42336,36.966,0.42336,423.524,0,1.02816,0,0,2.15987,1.13171,1.028160,1,0,76.9827,0,0,0,76.9827,0
72.29,2.31984,0,0,3.04079,0.17006,0.550887,3.6288,61.1404,0.656423,0,0,0.747014,0.258149,0,0.66528,12.849,1,0.412334,0.550887,0,66.1902,5.4083,60.9204,0.84672,12.849,0.84672,3695.15,0,36.966,0.395794,1.04573,2.11886,6.29139,1.20405,7.85614,0.42336,36.966,0.42336,423.524,0,1.02816,0,0,2.07389,1.04573,1.028160,1,0,68.7766,0,0,0,68.7766,0
72.0993,2.29736,0,0,2.60386,0.134358,0.36288,3.6288,60.9086,0.66528,0,0,0.697058,0.263637,0,0.66528,12.849,1,0.408338,0.36288,0,51.5359,5.37253,46.1179,0.84672,12.849,0.84672,3695.15,0,36.966,0.437484,0.666135,2.11931,4.69883,1.16528,5.88151,0.42336,36.966,0.42336,423.524,0,1.02816,0,0,1.6943,0.666135,1.028160,1,0,51.9994,0,0,0,51.9994,0
71.5529,2.29703,0,0,2.22972,0.116203,0.36288,3.6288,60.6969,0.66528,0,0,0.688478,0.234865,0,0.66528,12.849,1,0.40936,0.36288,0,40.5454,4.79608,35.7029,0.84672,12.849,0.84672,3695.15,0,36.966,0.437908,0.386683,2.1534,3.46727,1.02097,4.54847,0.42336,36.966,0.42336,423.524,0,1.02816,0,0,1.41484,0.386683,1.028160,1,0,40.2514,0,0,0,40.2514,0
70.8031,2.29497,0,0,2.02381,0.11572,0.36288,3.6288,60.4088,0.699434,0,0,0.645909,0.23455,0,0.66528,12.849,1,0.412116,0.36288,0,36.1294,4.79608,31.284,0.84672,12.849,0.84672,3695.15,0,36.966,0.438332,0.261274,2.15386,3.35413,1.02097,4.30995,0.42336,36.966,0.42336,423.524,0,0.994006,0,0,1.25528,0.261274,1.028160,1,0,35.594,0,0,0,35.594,0
69.9863,2.29187,0,0,1.92007,0.0821117,0.36288,3.6288,60.0097,0.694518,0,0,0.605856,0.310468,0,0.66528,12.849,1,0.415917,0.36288,0,32.4982,5.78413,26.6611,0.84672,12.849,0.84672,3695.15,0,36.966,0.438755,0.261274,2.15432,3.17873,1.38163,3.77394,0.42336,36.966,0.42336,423.524,0,0.998922,0,0,1.2602,0.261274,1.028160,1,0,30.435,0,0,0,30.435,0
68.9733,2.34773,0,0,1.77834,0.0807939,0.36288,3.6288,59.5877,0.726443,0,0,0.615661,0.311221,0,0.66528,12.849,1,0.431026,0.36288,0,29.8569,5.80412,23.9846,0.84672,12.849,0.84672,3695.15,0,36.966,0.483902,0.261274,2.15477,3.07721,1.39782,3.61153,0.42336,36.966,0.42336,423.524,0,0.966997,0,0,1.22827,0.261274,1.028160,1,0,27.5962,0,0,0,27.5962,0
67.956,2.34299,0,0,1.76397,0.0753812,0.36288,3.6288,59.0107,0.810871,0,0,0.553507,0.319602,0,0.66528,12.849,1,0.436475,0.36288,0,37.1444,5.924,31.1468,0.84672,12.849,0.84672,3695.15,0,36.966,0.503035,0.261274,2.20295,2.99433,1.49498,3.46054,0.42336,36.966,0.42336,423.524,0,0.86387,0,0,1.12514,0.261274,1.028160,1,0,34.6073,0,0,0,34.6073,0
66.8254,2.3381,0,0,1.64517,0.0747843,0.36288,3.6288,58.3655,0.817029,0,0,0.49026,0.318424,0,0.66528,12.849,1,0.442083,0.36288,0,29.3847,5.924,23.3815,0.84672,12.849,0.84672,3695.15,0,36.966,0.51181,0.261274,2.20342,2.73313,1.49498,3.19104,0.42336,36.966,0.42336,423.524,0,0.849373,0,0,1.11065,0.261274,1.028160,1,0,26.5726,0,0,0,26.5726,0
65.5524,2.33242,0,0,1.49643,0.0741209,0.36288,3.6288,57.6094,0.899519,0,0,0.460506,0.317106,0,0.66528,12.849,1,0.448472,0.36288,0,27.02,5.924,21.0105,0.84672,12.849,0.84672,3695.15,0,36.966,0.569713,0.227405,2.20389,2.5014,1.49498,2.868,0.42336,36.966,0.42336,423.524,0,0.709413,0,0,0.936818,0.227405,1.028160,1,0,23.8785,0,0,0,23.8785,0
64.3208,2.49795,0,0,1.69306,0.0638546,0.36288,3.6288,57.1945,0.66528,0,0,0.559873,0.309515,0,0.66528,12.849,1,0.489626,0.36288,0,27.7868,6.06549,21.5946,0.84672,12.849,0.84672,3695.15,0,36.966,0.647214,0.238974,2.20436,3.66718,1.53186,3.93144,0.42336,36.966,0.42336,423.524,0,1.02816,0,0,1.26713,0.238974,1.028160,1,0,25.526,0,0,0,25.526,0
62.6989,2.49077,0,0,1.31218,0.0803569,0.36288,3.6288,56.625,0.797126,0,0,0.528009,0.300382,0,0.66528,12.849,1,0.497567,0.36288,0,24.2395,6.06796,18.0369,0.84672,12.849,0.84672,3695.15,0,36.966,0.647687,0.227405,2.36826,2.70913,1.54741,3.1097,0.42336,36.966,0.42336,423.524,0,0.896314,0,0,1.12372,0.227405,1.028160,1,0,21.1466,0,0,0,21.1466,0
60.8007,2.48072,0,0,1.03435,0.0890076,0.36288,3.6288,55.8441,0.944257,0,0,0.468868,0.305489,0,0.66528,12.849,1,0.508378,0.36288,0,20.5126,6.03214,14.3349,0.84672,12.849,0.84672,3695.15,0,36.966,0.648159,0.227405,2.36877,2.37128,1.53767,2.78163,0.42336,36.966,0.42336,423.524,0,0.749183,0,0,0.976588,0.227405,1.028160,1,0,17.1166,0,0,0,17.1166,0
59.0406,2.46825,0,0,1.15864,0.087625,0.36288,3.6288,55.1271,0.894085,0,0,0.480975,0.303935,0,0.66528,12.849,1,0.521614,0.36288,0,20.3896,6.03214,14.1987,0.84672,12.849,0.84672,3695.15,0,36.966,0.648631,0.204422,2.36928,2.54155,1.53767,2.92895,0.42336,36.966,0.42336,423.524,0,0.799355,0,0,1.00378,0.204422,1.028160,1,0,17.1277,0,0,0,17.1277,0
57.9714,2.4561,0,0,1.85429,0.104498,0.36288,3.6288,54.7415,0.67837,0,0,0.591119,0.298385,0,0.66528,12.849,1,0.534522,0.36288,0,33.8735,5.91341,27.7884,0.84672,12.849,0.84672,3695.15,0,36.966,0.649103,0.204422,2.36978,2.77051,1.5231,3.17251,0.42336,36.966,0.42336,423.524,0,1.01507,0,0,1.21949,0.204422,1.028160,1,0,30.9609,0,0,0,30.9609,0
57.2967,2.36639,0,0,2.16815,0.113522,0.36288,3.6288,54.5066,0.66528,0,0,0.715602,0.285173,0,0.66528,12.849,1,0.524497,0.36288,0,36.0264,5.78151,30.0833,0.84672,12.849,0.84672,3695.15,0,36.966,0.551393,0.217011,2.37029,3.30609,1.47997,3.86202,0.42336,36.966,0.42336,423.524,0,1.02816,0,0,1.24517,0.217011,1.028160,1,0,33.9453,0,0,0,33.9453,0
57.3659,2.36195,0,0,2.91737,0.123393,0.36288,3.6288,54.6217,0.66528,0,0,1.05893,0.278515,0,0.66528,12.849,1,0.529677,0.36288,0,47.6032,5.45706,41.9793,0.84672,12.849,0.84672,3695.15,0,36.966,0.551843,1.40954,2.27611,6.43933,1.44064,8.13249,0.42336,36.966,0.42336,423.524,0,1.02816,0,0,2.4377,1.40954,1.028160,1,0,50.1118,0,0,0,50.1118,0
55.8275,2.36308,0,0,1.31109,0.123476,0.36288,3.6288,54.2974,0.66528,0,0,0.619687,0.278727,0,0.66528,12.849,1,0.52929,0.36288,0,40.8797,5.45706,35.2563,0.84672,12.849,0.84672,3695.15,0,36.966,0.552293,0.299843,2.2766,3.48106,1.44064,4.06456,0.42336,36.966,0.42336,423.524,0,1.02816,0,0,1.328,0.299843,1.028160,1,0,39.3208,0,0,0,39.3208,0
54.4749,2.35182,0,0,1.48369,0.121613,0.36288,3.6288,54.0804,0.66528,0,0,0.726397,0.27813,0,0.66528,12.849,1,0.541285,0.36288,0,32.8164,5.45706,27.181,0.84672,12.849,0.84672,3695.15,0,36.966,0.552743,0.221892,2.27708,3.87632,1.44064,4.38191,0.42336,36.966,0.42336,423.524,0,1.02816,0,0,1.25005,0.221892,1.028160,1,0,31.5629,0,0,0,31.5629,0
55.8649,2.27474,0,0,4.25743,0.2298,0.36288,3.6288,54.4587,0.66528,0,0,1.33512,0.291508,0,0.66528,12.849,1,0.536543,0.36288,0,54.4555,4.71113,49.5707,0.84672,12.849,0.84672,3695.15,0,36.966,0.463739,2.20043,2.27757,8.65305,1.26868,11.3986,0.42336,36.966,0.42336,423.524,0,1.02816,0,0,3.22859,2.20043,1.028160,1,0,60.9693,0,0,0,60.9693,0
56.3725,2.28618,0,0,3.4257,0.269013,0.36288,3.6288,54.3757,0.66528,0,0,0.831229,0.248984,0,0.66528,12.849,1,0.525824,0.36288,0,40.6452,4.54555,35.9367,0.84672,12.849,0.84672,3695.15,0,36.966,0.464168,0.398451,2.19347,5.27562,1.14506,6.25831,0.42336,36.966,0.42336,423.524,0,1.02816,0,0,1.42661,0.398451,1.028160,1,0,42.1951,0,0,0,42.1951,0
60.4561,2.29062,0,0,7.00747,0.270373,0.36288,3.6288,55.6896,0.66528,0,0,2.22805,0.248847,0,0.66528,12.849,1,0.522102,0.36288,0,74.8844,4.54555,70.1797,0.84672,12.849,0.84672,3695.15,0,36.966,0.464598,2.88262,2.19394,9.51261,1.14506,12.9795,0.42336,36.966,0.42336,423.524,0,1.02816,0,0,3.91078,2.88262,1.028160,1,0,83.1592,0,0,0,83.1592,0
61.9585,2.3203,0,0,4.46685,0.281262,0.36288,3.6288,56.0681,0.66528,0,0,1.29481,0.251009,0,0.66528,12.849,1,0.493144,0.36288,0,50.1203,4.54555,45.4445,0.84672,12.849,0.84672,3695.15,0,36.966,0.465027,1.07957,2.1944,6.68567,1.14506,8.34955,0.42336,36.966,0.42336,423.524,0,1.02816,0,0,2.10773,1.07957,1.028160,1,0,53.794,0,0,0,53.794,0
66.765,2.1364,0,0,7.59056,0.284785,0.36288,3.6288,56.8886,0.569068,0,0,1.64114,0.251632,0,0.66528,12.849,1,0.443049,0.36288,0,88.288,4.54555,83.6623,0.84672,12.849,0.84672,3695.15,0,36.966,0.37519,1.07225,2.19487,8.65522,1.14506,10.4021,0.42336,36.966,0.42336,423.524,0,1.02816,0,0,2.10041,1.07225,1.028160,1,0,94.0644,0,0,0,94.0644,0
71.7036,2.16371,0,0,7.6987,0.233512,0.36288,3.6288,58.757,0.572583,0,0,2.70627,0.265264,0,0.66528,12.849,1,0.416409,0.36288,0,81.8951,4.44642,77.3952,0.84672,12.849,0.84672,3695.15,0,36.966,0.372062,3.08729,2.00728,12.1388,1.15288,15.7084,0.42336,36.966,0.42336,423.524,0,1.02816,0,0,4.11545,3.08729,1.028160,1,0,93.1035,0,0,0,93.1035,0
72.29,2.1886,0,0,9.07589,0.313442,5.98747,3.6288,61.308,0.580082,0,0,3.60805,0.230767,0.246204,0.66528,12.849,1,0.392188,5.98747,0,152.843,3.99032,154.448,0.84672,12.849,0.84672,3695.15,0,36.966,0.364949,4.07003,2.0077,16.9192,1.0122,21.6198,0.42336,36.966,0.42336,423.524,0,1.02816,0,0,5.09819,4.07003,1.028160,1,0,176.314,0,0,0,176.314,0
72.29,2.19187,0,0,9.63939,0.314843,7.13268,3.6288,61.308,0.589797,0,0,3.50941,0.234549,2.68507,0.66528,12.849,1,0.389588,7.13268,0,153.546,3.99032,156.299,0.84672,12.849,0.84672,3695.15,0,36.966,0.355621,3.59314,2.00813,15.0186,1.0122,19.252,0.42336,36.966,0.42336,423.524,0,1.02816,0,0,4.6213,3.59314,1.028160,1,0,178.236,0,0,0,178.236,0
72.29,2.19243,0,0,8.02924,0.314843,5.52196,3.6288,61.308,0.590038,0,0,3.42194,0.234549,2.59735,0.66528,12.849,1,0.389688,5.52196,0,152.933,3.99032,154.075,0.84672,12.849,0.84672,3695.15,0,36.966,0.355767,3.35486,2.00855,15.0017,1.0122,18.9972,0.42336,36.966,0.42336,423.524,0,1.02816,0,0,4.38302,3.35486,1.028160,1,0,175.67,0,0,0,175.67,0
72.29,2.19243,0,0,11.6306,0.320826,9.11735,3.6288,61.308,0.590038,0,0,3.01752,0.240663,2.18682,0.66528,12.849,1,0.389688,9.11735,0,129.785,4.48189,134.031,0.84672,12.849,0.84672,3695.15,0,36.966,0.355767,3.71285,2.00897,13.9148,1.13126,18.1496,0.42336,36.966,0.42336,423.524,0,1.02816,0,0,4.74101,3.71285,1.028160,1,0,154.367,0,0,0,154.367,0
72.29,2.26973,0,0,6.77034,0.33907,4.16154,3.6288,61.308,0.623999,0,0,1.89178,0.21824,1.04954,0.66528,12.849,1,0.403427,4.16154,0,178.374,4.55322,177.579,0.84672,12.849,0.84672,3695.15,0,36.966,0.376244,2.13538,2.00897,12.9991,1.06953,15.6977,0.42336,36.966,0.42336,423.524,0,1.02816,0,0,3.16354,2.13538,1.028160,1,0,194.326,0,0,0,194.326,0
72.29,2.27029,0,0,13.6795,0.33907,11.0701,3.6288,61.308,0.624238,0,0,5.05999,0.21824,4.21751,0.66528,12.849,1,0.403527,11.0701,0,208.846,4.55322,214.959,0.84672,12.849,0.84672,3695.15,0,36.966,0.376388,5.82273,2.06809,22.3462,1.06953,28.7911,0.42336,36.966,0.42336,423.524,0,1.02816,0,0,6.85089,5.82273,1.028160,1,0,247.968,0,0,0,247.968,0
72.29,2.27085,0,0,8.34589,0.33907,5.73597,3.6288,61.308,0.624477,0,0,3.26247,0.21824,2.41976,0.66528,12.849,1,0.403627,5.73597,0,174.545,4.55322,175.324,0.84672,12.849,0.84672,3695.15,0,36.966,0.376532,2.67774,2.06851,11.6252,1.06953,14.9254,0.42336,36.966,0.42336,423.524,0,1.02816,0,0,3.7059,2.67774,1.028160,1,0,192.67,0,0,0,192.67,0
72.29,2.27141,0,0,8.25094,0.346097,5.63343,3.6288,61.308,0.624716,0,0,3.95791,0.187225,3.14597,0.66528,12.849,1,0.403726,5.63343,0,212.249,4.22414,213.255,0.84672,12.849,0.84672,3695.15,0,36.966,0.376676,3.86682,2.06893,13.609,0.8962,18.2719,0.42336,36.966,0.42336,423.524,0,1.02816,0,0,4.89498,3.86682,1.028160,1,0,234.673,0,0,0,234.673,0
72.29,2.51862,0,0,8.63361,0.311367,5.80362,3.6288,61.308,0.66528,0,0,3.40839,0.227436,2.51567,0.66528,12.849,1,0.447666,5.80362,0,197.844,4.36756,198.832,0.84672,12.849,0.84672,3695.15,0,36.966,0.539616,3.59425,2.06935,12.3586,1.12754,16.355,0.42336,36.966,0.42336,423.524,0,1.02816,0,0,4.62241,3.59425,1.028160,1,0,217.703,0,0,0,217.703,0
72.29,2.51924,0,0,8.07054,0.304017,5.24729,3.6288,61.308,0.66528,0,0,3.48095,0.24103,2.57464,0.66528,12.849,1,0.447775,5.24729,0,182.475,4.4646,182.81,0.84672,12.849,0.84672,3695.15,0,36.966,0.540044,3.55574,2.28114,11.9012,1.20462,15.9934,0.42336,36.966,0.42336,423.524,0,1.02816,0,0,4.5839,3.55574,1.028160,1,0,201.378,0,0,0,201.378,0
72.29,2.51985,0,0,7.80036,0.304017,4.9765,3.6288,61.308,0.66528,0,0,3.08482,0.24103,2.17851,0.66528,12.849,1,0.447884,4.9765,0,215.454,4.4646,215.518,0.84672,12.849,0.84672,3695.15,0,36.966,0.540472,3.20702,2.28161,10.334,1.20462,14.0776,0.42336,36.966,0.42336,423.524,0,1.02816,0,0,4.23518,3.20702,1.028160,1,0,231.774,0,0,0,231.774,0
72.29,2.52047,0,0,5.97049,0.351293,3.09873,3.6288,61.308,0.66528,0,0,2.54082,0.233773,1.64176,0.66528,12.849,1,0.447994,3.09873,0,140.054,4.64783,138.057,0.84672,12.849,0.84672,3695.15,0,36.966,0.5409,2.63305,2.28207,9.24748,1.18856,12.4331,0.42336,36.966,0.42336,423.524,0,1.02816,0,0,3.66121,2.63305,1.028160,1,0,152.132,0,0,0,152.132,0
72.29,2.16897,0,0,7.51326,0.374168,4.97012,3.6288,61.308,0.582534,0,0,6.30177,0.243106,5.47613,0.66528,12.849,1,0.385518,4.97012,0,225.815,4.07542,226.324,0.84672,12.849,0.84672,3695.15,0,36.966,0.351242,5.3332,2.28254,15.9413,1.00088,22.2049,0.42336,36.966,0.42336,423.524,0,1.02816,0,0,6.36136,5.3332,1.028160,1,0,254.005,0,0,0,254.005,0
72.29,2.16951,0,0,8.48534,0.37798,5.93785,3.6288,61.308,0.582763,0,0,7.87488,0.244661,7.04746,0.66528,12.849,1,0.385614,5.93785,0,314.277,3.98002,315.849,0.84672,12.849,0.84672,3695.15,0,36.966,0.35138,6.63139,1.9945,20.136,0.969594,27.4409,0.42336,36.966,0.42336,423.524,0,1.02816,0,0,7.65955,6.63139,1.028160,1,0,350.337,0,0,0,350.337,0
72.29,2.17005,0,0,7.61469,0.332668,5.11198,3.6288,61.308,0.582993,0,0,6.91462,0.220596,6.11103,0.66528,12.849,1,0.38571,5.11198,0,287.812,3.63124,288.907,0.84672,12.849,0.84672,3695.15,0,36.966,0.351519,7.04315,1.99491,17.9776,0.919493,25.7446,0.42336,36.966,0.42336,423.524,0,1.02816,0,0,8.07131,7.04315,1.028160,1,0,320.763,0,0,0,320.763,0
72.29,2.17059,0,0,8.77592,0.331791,6.27354,3.6288,61.308,0.583222,0,0,5.15905,0.273911,4.30191,0.66528,12.849,1,0.385805,6.27354,0,234.3,4.30946,235.878,0.84672,12.849,0.84672,3695.15,0,36.966,0.351657,5.67365,1.99531,18.6459,1.13837,24.8248,0.42336,36.966,0.42336,423.524,0,1.02816,0,0,6.70181,5.67365,1.028160,1,0,265.005,0,0,0,265.005,0
72.29,2.17112,0,0,7.32027,0.33679,4.81235,3.6288,61.308,0.583452,0,0,5.83161,0.250523,4.99764,0.66528,12.849,1,0.385901,4.81235,0,236.765,4.08743,237.104,0.84672,12.849,0.84672,3695.15,0,36.966,0.351796,5.74369,1.99571,17.186,1.09017,23.4834,0.42336,36.966,0.42336,423.524,0,1.02816,0,0,6.77185,5.74369,1.028160,1,0,265.585,0,0,0,265.585,0
72.29,2.26039,0,0,5.91416,0.346943,3.30682,3.6288,61.308,0.625366,0,0,5.29688,0.19251,4.479,0.66528,12.849,1,0.401767,3.30682,0,191.003,3.45293,190.455,0.84672,12.849,0.84672,3695.15,0,36.966,0.377068,4.34735,1.99611,13.4598,0.91251,18.5137,0.42336,36.966,0.42336,423.524,0,1.02816,0,0,5.37551,4.34735,1.028160,1,0,213.448,0,0,0,213.448,0
72.29,2.26095,0,0,8.53096,0.346943,5.92307,3.6288,61.308,0.625605,0,0,6.18659,0.19251,5.36847,0.66528,12.849,1,0.401867,5.92307,0,187.133,3.45293,189.201,0.84672,12.849,0.84672,3695.15,0,36.966,0.377212,6.29874,2.06773,20.6048,0.91251,27.6815,0.42336,36.966,0.42336,423.524,0,1.02816,0,0,7.3269,6.29874,1.028160,1,0,222.251,0,0,0,222.251,0
72.29,2.26151,0,0,7.19919,0.338015,4.59967,3.6288,61.308,0.625844,0,0,8.28417,0.197268,7.46106,0.66528,12.849,1,0.401966,4.59967,0,218.438,3.51109,219.125,0.84672,12.849,0.84672,3695.15,0,36.966,0.377356,7.85599,2.06814,19.9717,0.92396,28.5945,0.42336,36.966,0.42336,423.524,0,1.02816,0,0,8.88415,7.85599,1.028160,1,0,255.18,0,0,0,255.18,0
72.29,2.26207,0,0,5.71406,0.269775,3.18222,3.6288,61.308,0.626083,0,0,4.68217,0.22672,3.82937,0.66528,12.849,1,0.402065,3.18222,0,208.098,3.80461,207.073,0.84672,12.849,0.84672,3695.15,0,36.966,0.3775,4.57578,2.06856,13.1289,1.00627,18.3895,0.42336,36.966,0.42336,423.524,0,1.02816,0,0,5.60394,4.57578,1.028160,1,0,229.292,0,0,0,229.292,0
72.29,2.2279,0,0,4.66382,0.231117,2.2048,3.6288,61.308,0.610118,0,0,2.62994,0.185226,1.83459,0.66528,12.849,1,0.395992,2.2048,0,98.3932,3.56674,96.6352,0.84672,12.849,0.84672,3695.15,0,36.966,0.367874,3.00094,2.06898,9.24022,0.95188,12.9904,0.42336,36.966,0.42336,423.524,0,1.02816,0,0,4.0291,3.00094,1.028160,1,0,111.46,0,0,0,111.46,0
72.29,2.22845,0,0,3.96898,0.231117,1.50942,3.6288,61.308,0.610354,0,0,1.55463,0.185226,0.75905,0.66528,12.849,1,0.39609,1.50942,0,86.1667,3.56674,83.7133,0.84672,12.849,0.84672,3695.15,0,36.966,0.368016,1.41786,2.04167,6.36509,0.95188,8.50472,0.42336,36.966,0.42336,423.524,0,1.02816,0,0,2.44602,1.41786,1.028160,1,0,92.9771,0,0,0,92.9771,0
72.29,2.229,0,0,4.08731,0.231117,1.62719,3.6288,61.308,0.610589,0,0,1.59041,0.185226,0.794593,0.66528,12.849,1,0.396188,1.62719,0,81.6523,3.56674,79.3166,0.84672,12.849,0.84672,3695.15,0,36.966,0.368158,1.36077,2.04208,6.30736,0.95188,8.39018,0.42336,36.966,0.42336,423.524,0,1.02816,0,0,2.38893,1.36077,1.028160,1,0,88.5013,0,0,0,88.5013,0
72.29,2.22955,0,0,3.91729,0.228257,1.45948,3.6288,61.308,0.610825,0,0,1.56569,0.184193,0.770671,0.66528,12.849,1,0.396286,1.45948,0,90.3053,3.51662,87.8519,0.84672,12.849,0.84672,3695.15,0,36.966,0.3683,1.40849,2.0425,7.34219,0.946508,9.47837,0.42336,36.966,0.42336,423.524,0,1.02816,0,0,2.43665,1.40849,1.028160,1,0,98.1009,0,0,0,98.1009,0
72.29,2.34807,0,0,3.55744,0.158795,1.05057,3.6288,61.308,0.66528,0,0,1.26036,0.210832,0.384248,0.66528,12.849,1,0.417352,1.05057,0,72.2123,3.93269,68.9128,0.84672,12.849,0.84672,3695.15,0,36.966,0.406418,1.18154,2.04291,5.68164,1.00285,7.49682,0.42336,36.966,0.42336,423.524,0,1.02816,0,0,2.2097,1.18154,1.028160,1,0,76.7939,0,0,0,76.7939,0
72.29,2.34865,0,0,3.34832,0.137874,0.861797,3.6288,61.308,0.66528,0,0,1.36113,0.223966,0.471882,0.66528,12.849,1,0.417455,0.861797,0,66.4857,4.21943,62.7106,0.84672,12.849,0.84672,3695.15,0,36.966,0.406816,0.719375,2.14059,5.31882,1.03828,6.73369,0.42336,36.966,0.42336,423.524,0,1.02816,0,0,1.74753,0.719375,1.028160,1,0,69.9162,0,0,0,69.9162,0
72.29,2.34923,0,0,3.04374,0.137874,0.556643,3.6288,61.308,0.66528,0,0,1.17425,0.223966,0.285008,0.66528,12.849,1,0.417557,0.556643,0,62.0958,4.21943,58.0154,0.84672,12.849,0.84672,3695.15,0,36.966,0.407214,0.385258,2.14103,4.91817,1.03828,5.99896,0.42336,36.966,0.42336,423.524,0,1.02816,0,0,1.41342,0.385258,1.028160,1,0,64.2994,0,0,0,64.2994,0
72.1339,2.3498,0,0,2.69447,0.137874,0.36288,3.6288,61.308,0.66528,0,0,1.14985,0.223966,0.2606,0.66528,12.849,1,0.41766,0.36288,0,52.654,4.21943,48.3798,0.84672,12.849,0.84672,3695.15,0,36.966,0.407612,0.48994,2.14146,4.86898,1.03828,6.05448,0.42336,36.966,0.42336,423.524,0,1.02816,0,0,1.5181,0.48994,1.028160,1,0,54.6949,0,0,0,54.6949,0
71.5779,2.34961,0,0,2.2573,0.100786,0.36288,3.6288,61.308,0.66528,0,0,1.02885,0.257353,0.106218,0.66528,12.849,1,0.41853,0.36288,0,45.828,4.82355,40.9488,0.84672,12.849,0.84672,3695.15,0,36.966,0.408011,0.622218,2.1419,4.02584,1.19908,5.18287,0.42336,36.966,0.42336,423.524,0,1.02816,0,0,1.65038,0.622218,1.028160,1,0,46.2379,0,0,0,46.2379,0
70.5825,2.32411,0,0,1.79702,0.105499,0.36288,3.6288,61.0818,0.66528,0,0,0.703201,0.264125,0,0.66528,12.849,1,0.417203,0.36288,0,41.6046,5.02278,36.5275,0.84672,12.849,0.84672,3695.15,0,36.966,0.459137,0.312932,2.14233,2.92245,1.26344,3.65513,0.42336,36.966,0.42336,423.524,0,1.02816,0,0,1.34109,0.312932,1.028160,1,0,40.1827,0,0,0,40.1827,0
69.4466,2.3197,0,0,1.65141,0.104698,0.36288,3.6288,60.8358,0.66528,0,0,0.682992,0.263747,0,0.66528,12.849,1,0.422285,0.36288,0,40.9476,5.02278,35.8655,0.84672,12.849,0.84672,3695.15,0,36.966,0.459547,0.313502,2.1768,2.94692,1.26344,3.71424,0.42336,36.966,0.42336,423.524,0,1.02816,0,0,1.34166,0.313502,1.028160,1,0,39.5797,0,0,0,39.5797,0
68.1687,2.31445,0,0,1.5032,0.103784,0.36288,3.6288,60.4323,0.778919,0,0,0.638807,0.263337,0,0.66528,12.849,1,0.428218,0.36288,0,39.3096,5.02278,34.2215,0.84672,12.849,0.84672,3695.15,0,36.966,0.4733,0.261274,2.17725,2.76837,1.26344,3.47015,0.42336,36.966,0.42336,423.524,0,0.901178,0,0,1.16245,0.261274,1.028160,1,0,37.6916,0,0,0,37.6916,0
66.7908,2.30826,0,0,1.38221,0.0889231,0.36288,3.6288,59.966,0.780805,0,0,0.609903,0.295388,0,0.66528,12.849,1,0.43508,0.36288,0,34.8492,5.44623,29.3308,0.84672,12.849,0.84672,3695.15,0,36.966,0.477613,0.261274,2.17769,2.66376,1.41801,3.20711,0.42336,36.966,0.42336,423.524,0,0.895389,0,0,1.15666,0.261274,1.028160,1,0,32.5379,0,0,0,32.5379,0
65.2907,2.36092,0,0,1.30532,0.0816414,0.36288,3.6288,59.4423,0.831983,0,0,0.611194,0.302956,0,0.66528,12.849,1,0.454187,0.36288,0,31.953,6.03256,25.8291,0.84672,12.849,0.84672,3695.15,0,36.966,0.512875,0.261274,2.17813,2.156,1.44635,2.63618,0.42336,36.966,0.42336,423.524,0,0.854608,0,0,1.11588,0.261274,1.028160,1,0,28.4653,0,0,0,28.4653,0
63.7441,2.35278,0,0,1.24977,0.0806717,0.36288,3.6288,58.9222,0.815568,0,0,0.597478,0.301945,0,0.66528,12.849,1,0.463019,0.36288,0,29.9004,6.03256,23.7677,0.84672,12.849,0.84672,3695.15,0,36.966,0.507186,0.261274,2.22686,2.21589,1.44635,2.75049,0.42336,36.966,0.42336,423.524,0,0.877133,0,0,1.13841,0.261274,1.028160,1,0,26.5182,0,0,0,26.5182,0
62.0474,2.34401,0,0,1.08979,0.0796719,0.36288,3.6288,58.3275,0.857237,0,0,0.563418,0.30094,0,0.66528,12.849,1,0.472485,0.36288,0,28.3284,6.03256,22.1862,0.84672,12.849,0.84672,3695.15,0,36.966,0.537804,0.227405,2.22731,2.1173,1.44635,2.58787,0.42336,36.966,0.42336,423.524,0,0.805265,0,0,1.03267,0.227405,1.028160,1,0,24.7741,0,0,0,24.7741,0
60.2816,2.33387,0,0,1.00505,0.0740546,0.36288,3.6288,57.6968,0.88206,0,0,0.553739,0.302332,0,0.66528,12.849,1,0.483307,0.36288,0,26.7254,6.10734,20.4977,0.84672,12.849,0.84672,3695.15,0,36.966,0.55902,0.227405,2.22777,2.09804,1.46129,2.53291,0.42336,36.966,0.42336,423.524,0,0.759646,0,0,0.987051,0.227405,1.028160,1,0,23.0306,0,0,0,23.0306,0
58.2485,2.49455,0,0,0.887008,0.0626806,0.36288,3.6288,56.9256,0.947808,0,0,0.48133,0.304759,0,0.66528,12.849,1,0.531712,0.36288,0,22.6167,6.36447,16.0834,0.84672,12.849,0.84672,3695.15,0,36.966,0.671181,0.227405,2.22822,2.0973,1.46884,2.4129,0.42336,36.966,0.42336,423.524,0,0.745632,0,0,0.973037,0.227405,1.028160,1,0,18.4963,0,0,0,18.4963,0
56.3265,2.47995,0,0,0.980424,0.0595866,0.36288,3.6288,56.2245,0.853995,0,0,0.457528,0.304645,0,0.66528,12.849,1,0.54705,0.36288,0,21.5878,6.45194,14.9517,0.84672,12.849,0.84672,3695.15,0,36.966,0.671637,0.227405,2.39403,1.97338,1.48542,2.43775,0.42336,36.966,0.42336,423.524,0,0.839445,0,0,1.06685,0.227405,1.028160,1,0,17.3895,0,0,0,17.3895,0
54.2472,2.46535,0,0,0.807348,0.0584727,0.36288,3.6288,55.3643,0.955187,0,0,0.398223,0.303256,0,0.66528,12.849,1,0.562386,0.36288,0,26.8,6.45194,20.1485,0.84672,12.849,0.84672,3695.15,0,36.966,0.672094,0.204422,2.39452,1.76056,1.48542,2.20198,0.42336,36.966,0.42336,423.524,0,0.738253,0,0,0.942676,0.204422,1.028160,1,0,22.3505,0,0,0,22.3505,0
52.2717,2.44851,0,0,0.893143,0.0572676,0.36288,3.6288,54.9445,0.66528,0,0,0.547032,0.301552,0,0.66528,12.849,1,0.579956,0.36288,0,22.9772,6.45194,16.3082,0.84672,12.849,0.84672,3695.15,0,36.966,0.672551,0.205874,2.39501,2.10389,1.48542,2.5468,0.42336,36.966,0.42336,423.524,0,1.02816,0,0,1.23403,0.205874,1.028160,1,0,18.855,0,0,0,18.855,0
50.2986,2.43151,0,0,0.871975,0.0505949,0.36288,3.6288,54.3046,0.782473,0,0,0.438168,0.295536,0,0.66528,12.849,1,0.597695,0.36288,0,23.8867,6.38986,17.2621,0.84672,12.849,0.84672,3695.15,0,36.966,0.673007,0.204422,2.3955,2.70878,1.50248,3.13321,0.42336,36.966,0.42336,423.524,0,0.910967,0,0,1.11539,0.204422,1.028160,1,0,20.3953,0,0,0,20.3953,0
48.4195,2.33244,0,0,0.885013,0.0688091,0.36288,3.6288,53.6831,0.852839,0,0,0.486297,0.255003,0,0.66528,12.849,1,0.595832,0.36288,0,21.654,6.01383,15.4072,0.84672,12.849,0.84672,3695.15,0,36.966,0.580541,0.204422,2.39599,3.23468,1.46928,3.78527,0.42336,36.966,0.42336,423.524,0,0.834192,0,0,1.03861,0.204422,1.028160,1,0,19.1925,0,0,0,19.1925,0
46.8964,2.31473,0,0,1.246,0.0915359,0.36288,3.6288,53.2416,0.735065,0,0,0.527789,0.234205,0,0.66528,12.849,1,0.614256,0.36288,0,24.1689,5.84818,18.0694,0.84672,12.849,0.84672,3695.15,0,36.966,0.574566,0.216518,2.30068,2.88236,1.41239,3.41261,0.42336,36.966,0.42336,423.524,0,0.958375,0,0,1.17489,0.216518,1.028160,1,0,21.482,0,0,0,21.482,0
45.8545,2.29963,0,0,1.7107,0.0900214,0.36288,3.6288,53.1966,0.66528,0,0,0.853656,0.233382,0,0.66528,12.849,1,0.630069,0.36288,0,46.4335,5.84818,40.3181,0.84672,12.849,0.84672,3695.15,0,36.966,0.575001,0.911045,2.30115,5.11472,1.41239,6.33953,0.42336,36.966,0.42336,423.524,0,1.02816,0,0,1.9392,0.911045,1.028160,1,0,46.6577,0,0,0,46.6577,0
44.5599,2.28901,0,0,1.47434,0.117125,0.36288,3.6288,52.9375,0.66528,0,0,0.628743,0.222546,0,0.66528,12.849,1,0.641408,0.36288,0,52.284,5.82218,46.1833,0.84672,12.849,0.84672,3695.15,0,36.966,0.575436,0.375244,2.30162,3.19902,1.42406,3.87639,0.42336,36.966,0.42336,423.524,0,1.02816,0,0,1.4034,0.375244,1.028160,1,0,50.0597,0,0,0,50.0597,0
44.9454,2.21026,0,0,3.15049,0.191791,0.36288,3.6288,52.7371,0.66528,0,0,0.685165,0.220294,0,0.66528,12.849,1,0.637337,0.36288,0,59.6526,3.79443,55.5837,0.84672,12.849,0.84672,3695.15,0,36.966,0.485374,0.674274,2.30209,5.93513,1.11126,7.31487,0.42336,36.966,0.42336,423.524,0,1.02816,0,0,1.70243,0.674274,1.028160,1,0,62.8986,0,0,0,62.8986,0
46.2219,2.21506,0,0,4.04817,0.193807,0.36288,3.6288,53.7369,0.66528,0,0,1.88922,0.224105,0,0.66528,12.849,1,0.633241,0.36288,0,100.246,3.46731,96.5088,0.84672,12.849,0.84672,3695.15,0,36.966,0.485789,3.14378,2.21699,11.1192,1.05426,14.94,0.42336,36.966,0.42336,423.524,0,1.02816,0,0,4.17194,3.14378,1.028160,1,0,111.449,0,0,0,111.449,0
46.7782,2.22929,0,0,3.34508,0.196599,0.36288,3.6288,53.7191,0.66528,0,0,0.873305,0.225902,0,0.66528,12.849,1,0.619709,0.36288,0,72.7409,3.46731,69.0168,0.84672,12.849,0.84672,3695.15,0,36.966,0.486204,0.821353,2.21744,4.90298,1.05426,6.40132,0.42336,36.966,0.42336,423.524,0,1.02816,0,0,1.84951,0.821353,1.028160,1,0,75.4181,0,0,0,75.4181,0
48.9616,2.23561,0,0,4.99318,0.211237,0.36288,3.6288,54.5301,0.66528,0,0,1.72055,0.244265,0,0.66528,12.849,1,0.614077,0.36288,0,111.942,3.88054,107.81,0.84672,12.849,0.84672,3695.15,0,36.966,0.486619,2.06977,2.21789,10.8606,1.17079,13.4908,0.42336,36.966,0.42336,423.524,0,1.02816,0,0,3.09793,2.06977,1.028160,1,0,121.301,0,0,0,121.301,0
49.5485,2.06978,0,0,3.26385,0.244304,0.36288,3.6288,54.9753,0.574329,0,0,1.2661,0.246513,0,0.66528,12.849,1,0.543172,0.36288,0,68.3257,4.36714,63.7783,0.84672,12.849,0.84672,3695.15,0,36.966,0.389339,2.04339,2.21835,7.22681,1.20112,9.89809,0.42336,36.966,0.42336,423.524,0,1.02816,0,0,3.07155,2.04339,1.028160,1,0,73.6764,0,0,0,73.6764,0
52.1866,2.0754,0,0,5.32948,0.253126,0.36288,3.6288,56.4578,0.576438,0,0,2.28832,0.22936,0,0.66528,12.849,1,0.538195,0.36288,0,133.933,4.31886,129.439,0.84672,12.849,0.84672,3695.15,0,36.966,0.387603,4.52627,2.02855,7.89389,1.10732,12.9538,0.42336,36.966,0.42336,423.524,0,1.02816,0,0,5.55443,4.52627,1.028160,1,0,142.393,0,0,0,142.393,0
54.3176,2.09775,0,0,4.84875,0.257111,0.36288,3.6288,56.731,0.582815,0,0,1.08613,0.230163,0,0.66528,12.849,1,0.516492,0.36288,0,96.6324,4.24296,92.2358,0.84672,12.849,0.84672,3695.15,0,36.966,0.3816,2.08637,2.02896,5.71362,1.09474,8.35261,0.42336,36.966,0.42336,423.524,0,1.02816,0,0,3.11453,2.08637,1.028160,1,0,100.588,0,0,0,100.588,0
56.2749,2.11465,0,0,4.67852,0.243703,0.36288,3.6288,57.0911,0.584154,0,0,1.16623,0.221938,0,0.66528,12.849,1,0.500228,0.36288,0,69.2302,3.78756,65.3053,0.84672,12.849,0.84672,3695.15,0,36.966,0.380635,1.88158,2.02937,4.76698,1.01926,7.27804,0.42336,36.966,0.42336,423.524,0,1.02816,0,0,2.90974,1.88158,1.028160,1,0,72.5833,0,0,0,72.5833,0
59.4754,2.12934,0,0,5.93924,0.246515,0.36288,3.6288,58.0906,0.585838,0,0,1.80728,0.22194,0,0.66528,12.849,1,0.486184,0.36288,0,92.3651,3.8619,88.3799,0.84672,12.849,0.84672,3695.15,0,36.966,0.379325,2.37437,2.02978,6.66227,1.0387,9.64839,0.42336,36.966,0.42336,423.524,0,1.02816,0,0,3.40253,2.37437,1.028160,1,0,98.0282,0,0,0,98.0282,0
68.437,2.22656,0,0,11.7929,0.241888,0.36288,3.6288,59.3866,0.623469,0,0,2.13971,0.22025,0,0.66528,12.849,1,0.481024,0.36288,0,197.932,4.30794,193.506,0.84672,12.849,0.84672,3695.15,0,36.966,0.396745,2.26942,2.03019,11.7259,1.15533,14.4734,0.42336,36.966,0.42336,423.524,0,1.02816,0,0,3.29758,2.26942,1.028160,1,0,207.979,0,0,0,207.979,0
72.29,2.28013,0,0,7.13785,0.260367,0.744307,3.6288,59.4468,0.629033,0,0,0.911295,0.222092,0,0.66528,12.849,1,0.428093,0.744307,0,144.444,4.30794,140.453,0.84672,12.849,0.84672,3695.15,0,36.966,0.39155,1.82399,2.08998,8.91328,1.15533,11.2804,0.42336,36.966,0.42336,423.524,0,1.02816,0,0,2.85215,1.82399,1.028160,1,0,151.733,0,0,0,151.733,0
72.29,2.30005,0,0,6.54864,0.268208,3.98038,3.6288,59.4706,0.629505,0,0,0.875439,0.222178,0,0.66528,12.849,1,0.408816,3.98038,0,120.982,4.30794,120.245,0.84672,12.849,0.84672,3695.15,0,36.966,0.391447,1.6057,2.09038,8.4488,1.15533,10.5981,0.42336,36.966,0.42336,423.524,0,1.02816,0,0,2.63386,1.6057,1.028160,1,0,130.843,0,0,0,130.843,0
72.29,2.30059,0,0,5.77603,0.274887,3.20056,3.6288,59.1961,0.62983,0,0,0.575769,0.220447,0,0.66528,12.849,1,0.408912,3.20056,0,98.4891,4.32693,96.9538,0.84672,12.849,0.84672,3695.15,0,36.966,0.391493,1.02687,2.09079,7.85946,1.18844,9.39719,0.42336,36.966,0.42336,423.524,0,1.02816,0,0,2.05503,1.02687,1.028160,1,0,106.351,0,0,0,106.351,0
72.29,2.55062,0,0,5.09907,0.287428,2.26102,3.6288,59.2057,0.66528,0,0,0.892588,0.217642,0,0.66528,12.849,1,0.453353,2.26102,0,104.722,4.22787,102.302,0.84672,12.849,0.84672,3695.15,0,36.966,0.561875,1.27195,2.09119,6.91641,1.19221,8.52547,0.42336,36.966,0.42336,423.524,0,1.02816,0,0,2.30011,1.27195,1.028160,1,0,110.827,0,0,0,110.827,0
72.29,2.55121,0,0,4.3985,0.276416,1.57087,3.6288,59.3012,0.66528,0,0,0.981688,0.220915,0,0.66528,12.849,1,0.453459,1.57087,0,67.2486,4.14267,64.2233,0.84672,12.849,0.84672,3695.15,0,36.966,0.562289,1.07788,2.3054,6.83294,1.11425,8.53969,0.42336,36.966,0.42336,423.524,0,1.02816,0,0,2.10604,1.07788,1.028160,1,0,72.763,0,0,0,72.763,0
72.29,2.55181,0,0,4.76683,0.276416,1.9386,3.6288,59.3878,0.66528,0,0,0.972907,0.221051,0,0.66528,12.849,1,0.453564,1.9386,0,114.326,4.14267,111.669,0.84672,12.849,0.84672,3695.15,0,36.966,0.562702,1.09335,2.30585,6.77575,1.11425,8.498,0.42336,36.966,0.42336,423.524,0,1.02816,0,0,2.12151,1.09335,1.028160,1,0,120.167,0,0,0,120.167,0
72.29,2.5524,0,0,4.6002,0.276416,1.77139,3.6288,59.2469,0.66528,0,0,0.745549,0.221173,0,0.66528,12.849,1,0.45367,1.77139,0,116.212,4.14267,113.387,0.84672,12.849,0.84672,3695.15,0,36.966,0.563115,0.723617,2.3063,6.33779,1.11425,7.69034,0.42336,36.966,0.42336,423.524,0,1.02816,0,0,1.75178,0.723617,1.028160,1,0,121.078,0,0,0,121.078,0
72.29,2.19684,0,0,4.06534,0.296751,1.57174,3.6288,59.8739,0.58675,0,0,1.42676,0.213031,0,0.66528,12.849,1,0.390472,1.57174,0,122.047,3.87396,119.354,0.84672,12.849,0.84672,3695.15,0,36.966,0.366092,1.99168,2.30675,8.16264,1.00853,11.0865,0.42336,36.966,0.42336,423.524,0,1.02816,0,0,3.01984,1.99168,1.028160,1,0,130.441,0,0,0,130.441,0
72.29,2.19736,0,0,4.43337,0.296978,1.93903,3.6288,60.5886,0.589339,0,0,1.51072,0.206693,0,0.66528,12.849,1,0.390564,1.93903,0,106.303,3.56601,104.286,0.84672,12.849,0.84672,3695.15,0,36.966,0.363857,2.36952,2.01538,7.21889,0.904658,10.3353,0.42336,36.966,0.42336,423.524,0,1.02816,0,0,3.39768,2.36952,1.028160,1,0,114.621,0,0,0,114.621,0
72.29,2.19788,0,0,4.82261,0.296978,2.32776,3.6288,61.0998,0.592226,0,0,1.3111,0.207635,0,0.66528,12.849,1,0.390656,2.32776,0,99.1146,3.56601,97.4857,0.84672,12.849,0.84672,3695.15,0,36.966,0.361326,2.01255,2.01577,7.36862,0.904658,10.131,0.42336,36.966,0.42336,423.524,0,1.02816,0,0,3.04071,2.01255,1.028160,1,0,107.617,0,0,0,107.617,0
72.29,2.1984,0,0,6.13182,0.296978,3.63644,3.6288,61.308,0.594331,0,0,1.71866,0.208309,0.707813,0.66528,12.849,1,0.390749,3.63644,0,117.855,3.56601,117.534,0.84672,12.849,0.84672,3695.15,0,36.966,0.359576,2.86967,2.01616,9.22156,0.904658,12.8432,0.42336,36.966,0.42336,423.524,0,1.02816,0,0,3.89783,2.86967,1.028160,1,0,131.085,0,0,0,131.085,0
72.29,2.19892,0,0,6.6598,0.307957,4.15292,3.6288,61.308,0.595314,0,0,2.11945,0.201482,1.32266,0.66528,12.849,1,0.390841,4.15292,0,162.391,3.68001,162.473,0.84672,12.849,0.84672,3695.15,0,36.966,0.358948,4.07646,2.01655,11.3435,0.917451,16.1602,0.42336,36.966,0.42336,423.524,0,1.02816,0,0,5.10462,4.07646,1.028160,1,0,179.956,0,0,0,179.956,0
72.29,2.28918,0,0,4.18014,0.335406,1.55556,3.6288,61.308,0.637697,0,0,1.25399,0.183726,0.432569,0.66528,12.849,1,0.406885,1.55556,0,120.874,3.96501,118.057,0.84672,12.849,0.84672,3695.15,0,36.966,0.384503,1.95121,2.01694,6.84469,0.949434,9.47891,0.42336,36.966,0.42336,423.524,0,1.02816,0,0,2.97937,1.95121,1.028160,1,0,127.969,0,0,0,127.969,0
72.29,2.28972,0,0,3.94212,0.335406,1.317,3.6288,61.308,0.637928,0,0,1.49642,0.183726,0.674768,0.66528,12.849,1,0.40698,1.317,0,89.2158,3.96501,86.1608,0.84672,12.849,0.84672,3695.15,0,36.966,0.384642,2.50568,2.08935,6.7227,0.949434,9.98365,0.42336,36.966,0.42336,423.524,0,1.02816,0,0,3.53384,2.50568,1.028160,1,0,96.8192,0,0,0,96.8192,0
72.29,2.29026,0,0,5.28847,0.321361,2.67685,3.6288,61.308,0.638159,0,0,1.77177,0.190266,0.943346,0.66528,12.849,1,0.407076,2.67685,0,78.3341,4.02267,76.5812,0.84672,12.849,0.84672,3695.15,0,36.966,0.384781,3.52611,2.08976,7.23842,0.952877,11.5166,0.42336,36.966,0.42336,423.524,0,1.02816,0,0,4.55427,3.52611,1.028160,1,0,89.0412,0,0,0,89.0412,0
72.29,2.2908,0,0,3.33431,0.237092,0.806417,3.6288,61.308,0.638389,0,0,1.00757,0.229504,0.139678,0.66528,12.849,1,0.407172,0.806417,0,51.3048,4.36863,47.3354,0.84672,12.849,0.84672,3695.15,0,36.966,0.38492,1.67714,2.09016,5.45096,0.973534,7.85981,0.42336,36.966,0.42336,423.524,0,1.02816,0,0,2.7053,1.67714,1.028160,1,0,55.3349,0,0,0,55.3349,0
72.29,2.25622,0,0,3.45276,0.271469,0.925076,3.6288,61.2691,0.622231,0,0,0.746159,0.162863,0,0.66528,12.849,1,0.401025,0.925076,0,68.4116,3.93907,64.9966,0.84672,12.849,0.84672,3695.15,0,36.966,0.375178,0.968751,2.09056,4.64711,0.9579,6.37335,0.42336,36.966,0.42336,423.524,0,1.02816,0,0,1.99691,0.968751,1.028160,1,0,71.3699,0,0,0,71.3699,0
72.1065,2.25675,0,0,2.74738,0.311214,0.36288,3.6288,61.1266,0.622309,0,0,0.671828,0.191992,0,0.66528,12.849,1,0.40112,0.36288,0,52.7746,4.33125,48.4051,0.84672,12.849,0.84672,3695.15,0,36.966,0.375463,0.582768,2.06292,3.94481,1.00334,5.21169,0.42336,36.966,0.42336,423.524,0,1.02816,0,0,1.61093,0.582768,1.028160,1,0,53.6168,0,0,0,53.6168,0
71.763,2.25641,0,0,2.50239,0.226629,0.36288,3.6288,60.8352,0.621991,0,0,0.561625,0.231012,0,0.66528,12.849,1,0.402081,0.36288,0,47.8929,4.67721,43.1765,0.84672,12.849,0.84672,3695.15,0,36.966,0.376146,0.447984,2.06332,3.64213,1.024,4.75329,0.42336,36.966,0.42336,423.524,0,1.02816,0,0,1.47614,0.447984,1.028160,1,0,47.9298,0,0,0,47.9298,0
71.3723,2.25531,0,0,2.43951,0.212049,0.36288,3.6288,60.5905,0.621097,0,0,0.613453,0.237106,0,0.66528,12.849,1,0.403808,0.36288,0,46.4087,4.73487,41.6329,0.84672,12.849,0.84672,3695.15,0,36.966,0.377404,0.581265,2.06372,4.12803,1.02744,5.36817,0.42336,36.966,0.42336,423.524,0,1.02816,0,0,1.60942,0.581265,1.028160,1,0,47.0011,0,0,0,47.0011,0
70.8494,2.37305,0,0,2.43104,0.217955,0.36288,3.6288,60.3319,0.668727,0,0,0.640321,0.230203,0,0.66528,12.849,1,0.427214,0.36288,0,44.399,4.78587,39.5488,0.84672,12.849,0.84672,3695.15,0,36.966,0.426829,0.402797,2.06412,3.47947,1.02669,4.49287,0.42336,36.966,0.42336,423.524,0,1.02471,0,0,1.42751,0.402797,1.028160,1,0,44.0416,0,0,0,44.0416,0
70.1996,2.37093,0,0,2.28195,0.197998,0.36288,3.6288,59.9323,0.706308,0,0,0.51616,0.209435,0,0.66528,12.849,1,0.429984,0.36288,0,41.0374,4.36854,36.6018,0.84672,12.849,0.84672,3695.15,0,36.966,0.432763,0.402797,2.16289,3.03007,1.0236,4.13939,0.42336,36.966,0.42336,423.524,0,0.981582,0,0,1.38438,0.402797,1.028160,1,0,40.7412,0,0,0,40.7412,0
69.3863,2.36812,0,0,2.08455,0.16682,0.36288,3.6288,59.5663,0.66528,0,0,0.5118,0.21252,0,0.66528,12.849,1,0.43345,0.36288,0,36.6779,4.48224,32.1251,0.84672,12.849,0.84672,3695.15,0,36.966,0.427597,0.355864,2.16331,2.89436,0.98807,3.99786,0.42336,36.966,0.42336,423.524,0,1.02816,0,0,1.38402,0.355864,1.028160,1,0,36.123,0,0,0,36.123,0
68.5365,2.36439,0,0,2.04319,0.165774,0.36288,3.6288,59.2425,0.66528,0,0,0.553543,0.212024,0,0.66528,12.849,1,0.437839,0.36288,0,35.1362,4.48224,30.579,0.84672,12.849,0.84672,3695.15,0,36.966,0.427982,0.329746,2.16373,3.11877,0.98807,4.19619,0.42336,36.966,0.42336,423.524,0,1.02816,0,0,1.35791,0.329746,1.028160,1,0,34.7752,0,0,0,34.7752,0
67.5615,2.36037,0,0,1.90032,0.152078,0.36288,3.6288,58.824,0.721543,0,0,0.537507,0.234434,0,0.66528,12.849,1,0.442515,0.36288,0,30.3922,4.75908,25.5535,0.84672,12.849,0.84672,3695.15,0,36.966,0.450226,0.30119,2.16415,2.83646,1.06337,3.7882,0.42336,36.966,0.42336,423.524,0,0.950037,0,0,1.25123,0.30119,1.028160,1,0,29.3417,0,0,0,29.3417,0
66.4492,2.33218,0,0,1.70248,0.119652,0.36288,3.6288,58.2948,0.811239,0,0,0.572787,0.290776,0,0.66528,12.849,1,0.44354,0.36288,0,24.6282,5.45118,19.0964,0.84672,12.849,0.84672,3695.15,0,36.966,0.509796,0.30119,2.16457,3.1295,1.25162,3.83384,0.42336,36.966,0.42336,423.524,0,0.852457,0,0,1.15365,0.30119,1.028160,1,0,22.9302,0,0,0,22.9302,0
65.1538,2.32651,0,0,1.51262,0.118604,0.36288,3.6288,57.6976,0.809796,0,0,0.50233,0.289788,0,0.66528,12.849,1,0.449867,0.36288,0,33.3242,5.45118,27.7861,0.84672,12.849,0.84672,3695.15,0,36.966,0.513509,0.261274,2.19941,3.57168,1.25162,4.26723,0.42336,36.966,0.42336,423.524,0,0.850582,0,0,1.11186,0.261274,1.028160,1,0,32.0533,0,0,0,32.0533,0
63.7309,2.31958,0,0,1.37694,0.117384,0.36288,3.6288,57.0401,0.844134,0,0,0.475309,0.288672,0,0.66528,12.849,1,0.457445,0.36288,0,29.9876,5.45118,24.4419,0.84672,12.849,0.84672,3695.15,0,36.966,0.540825,0.261274,2.19984,3.34018,1.25162,4.00885,0.42336,36.966,0.42336,423.524,0,0.789324,0,0,1.0506,0.261274,1.028160,1,0,28.4507,0,0,0,28.4507,0
62.2181,2.31162,0,0,1.27773,0.116044,0.36288,3.6288,56.3192,0.872403,0,0,0.438958,0.287444,0,0.66528,12.849,1,0.466053,0.36288,0,28.3819,5.45118,22.8275,0.84672,12.849,0.84672,3695.15,0,36.966,0.565379,0.261274,2.20027,3.19454,1.25162,3.83908,0.42336,36.966,0.42336,423.524,0,0.736897,0,0,0.998171,0.261274,1.028160,1,0,26.6666,0,0,0,26.6666,0
60.7753,2.36236,0,0,1.36582,0.0834331,0.36288,3.6288,55.7402,0.847279,0,0,0.579067,0.310729,0,0.66528,12.849,1,0.487864,0.36288,0,27.6332,5.76497,21.7433,0.84672,12.849,0.84672,3695.15,0,36.966,0.556125,0.261274,2.20069,3.06896,1.44988,3.52493,0.42336,36.966,0.42336,423.524,0,0.81743,0,0,1.0787,0.261274,1.028160,1,0,25.2682,0,0,0,25.2682,0
59.2653,2.35335,0,0,1.2887,0.0824017,0.36288,3.6288,55.1683,0.786819,0,0,0.519806,0.304896,0,0.66528,12.849,1,0.497541,0.36288,0,23.5285,5.69058,17.7033,0.84672,12.849,0.84672,3695.15,0,36.966,0.527799,0.261274,2.24995,3.13902,1.44005,3.68239,0.42336,36.966,0.42336,423.524,0,0.906621,0,0,1.16789,0.261274,1.028160,1,0,21.3857,0,0,0,21.3857,0
57.6824,2.34348,0,0,1.20468,0.0812654,0.36288,3.6288,54.5182,0.827304,0,0,0.480937,0.303754,0,0.66528,12.849,1,0.508077,0.36288,0,22.3721,5.69058,16.5363,0.84672,12.849,0.84672,3695.15,0,36.966,0.554342,0.227405,2.25039,2.75438,1.44005,3.23778,0.42336,36.966,0.42336,423.524,0,0.839998,0,0,1.0674,0.227405,1.028160,1,0,19.7741,0,0,0,19.7741,0
56.0954,2.33262,0,0,1.1885,0.0800264,0.36288,3.6288,53.9553,0.780737,0,0,0.52033,0.302455,0,0.66528,12.849,1,0.519601,0.36288,0,20.7592,5.69058,14.9119,0.84672,12.849,0.84672,3695.15,0,36.966,0.529378,0.227405,2.25082,3.11488,1.44005,3.62369,0.42336,36.966,0.42336,423.524,0,0.911935,0,0,1.13934,0.227405,1.028160,1,0,18.5355,0,0,0,18.5355,0
54.2826,2.49266,0,0,1.11948,0.0767099,0.36288,3.6288,53.4073,0.815003,0,0,0.540238,0.273236,0,0.66528,12.849,1,0.570959,0.36288,0,20.2404,5.49719,14.5351,0.84672,12.849,0.84672,3695.15,0,36.966,0.694324,0.227405,2.25126,3.6391,1.38331,4.04013,0.42336,36.966,0.42336,423.524,0,0.878437,0,0,1.10584,0.227405,1.028160,1,0,18.5753,0,0,0,18.5753,0
52.3846,2.47781,0,0,1.03541,0.092673,0.36288,3.6288,52.7534,0.932187,0,0,0.52674,0.248505,0,0.66528,12.849,1,0.586513,0.36288,0,18.0733,4.90917,12.9405,0.84672,12.849,0.84672,3695.15,0,36.966,0.694765,0.227405,2.41891,4.22816,1.22162,4.95808,0.42336,36.966,0.42336,423.524,0,0.761253,0,0,0.988658,0.227405,1.028160,1,0,17.8986,0,0,0,17.8986,0
50.3785,2.46132,0,0,0.908937,0.0908936,0.36288,3.6288,52.0932,0.941,0,0,0.528029,0.247209,0,0.66528,12.849,1,0.603717,0.36288,0,17.0543,4.90917,11.9043,0.84672,12.849,0.84672,3695.15,0,36.966,0.695205,0.204422,2.41938,3.1082,1.22162,3.81517,0.42336,36.966,0.42336,423.524,0,0.75244,0,0,0.956863,0.204422,1.028160,1,0,15.7195,0,0,0,15.7195,0
48.1955,2.44273,0,0,0.724015,0.101404,0.36288,3.6288,51.2986,1.00688,0,0,0.458371,0.24613,0,0.66528,12.849,1,0.623017,0.36288,0,16.2561,4.97577,11.0202,0.84672,12.849,0.84672,3695.15,0,36.966,0.714496,0.204422,2.41986,2.76191,1.20858,3.46311,0.42336,36.966,0.42336,423.524,0,0.667708,0,0,0.87213,0.204422,1.028160,1,0,14.4833,0,0,0,14.4833,0
46.2309,2.42101,0,0,0.92461,0.105291,0.36288,3.6288,50.5465,1.00965,0,0,0.491204,0.233644,0,0.66528,12.849,1,0.645447,0.36288,0,15.0879,4.81227,9.99302,0.84672,12.849,0.84672,3695.15,0,36.966,0.727557,0.204422,2.42033,2.86112,1.14744,3.61087,0.42336,36.966,0.42336,423.524,0,0.652322,0,0,0.856744,0.204422,1.028160,1,0,13.6039,0,0,0,13.6039,0
44.9098,2.31966,0,0,1.48922,0.127786,0.36288,3.6288,50.0058,0.955586,0,0,0.581794,0.16693,0,0.66528,12.849,1,0.644705,0.36288,0,21.1575,3.76467,17.111,0.84672,12.849,0.84672,3695.15,0,36.966,0.698846,0.204422,2.4208,3.64858,0.793613,4.78134,0.42336,36.966,0.42336,423.524,0,0.635093,0,0,0.839515,0.204422,1.028160,1,0,21.8923,0,0,0,21.8923,0
43.7902,2.30545,0,0,1.67462,0.125908,0.36288,3.6288,49.9231,0.764467,0,0,0.847999,0.166194,0,0.66528,12.849,1,0.659604,0.36288,0,23.7683,3.76467,19.7069,0.84672,12.849,0.84672,3695.15,0,36.966,0.596505,0.216518,2.32441,4.79627,0.793613,5.94708,0.42336,36.966,0.42336,423.524,0,0.928973,0,0,1.14549,0.216518,1.028160,1,0,25.654,0,0,0,25.654,0
42.4966,2.29294,0,0,1.48659,0.124316,0.36288,3.6288,49.5106,0.906804,0,0,0.660433,0.166081,0,0.66528,12.849,1,0.672799,0.36288,0,20.7315,3.76467,16.6569,0.84672,12.849,0.84672,3695.15,0,36.966,0.671451,0.216518,2.32486,3.67991,0.793613,4.75623,0.42336,36.966,0.42336,423.524,0,0.712109,0,0,0.928627,0.216518,1.028160,1,0,21.4131,0,0,0,21.4131,0
41.6615,2.27775,0,0,1.94243,0.136973,0.36288,3.6288,49.6668,0.66528,0,0,0.985124,0.16364,0,0.66528,12.849,1,0.688684,0.36288,0,28.5645,3.78414,24.4546,0.84672,12.849,0.84672,3695.15,0,36.966,0.597344,0.463173,2.32532,5.82042,0.818416,7.19315,0.42336,36.966,0.42336,423.524,0,1.02816,0,0,1.49133,0.463173,1.028160,1,0,31.6477,0,0,0,31.6477,0
40.4278,2.20317,0,0,1.50442,0.172058,0.36288,3.6288,49.2156,0.824601,0,0,0.571998,0.198638,0,0.66528,12.849,1,0.67949,0.36288,0,19.7363,3.94658,15.4731,0.84672,12.849,0.84672,3695.15,0,36.966,0.613733,0.216518,2.32577,4.36499,0.960923,5.33262,0.42336,36.966,0.42336,423.524,0,0.761365,0,0,0.977884,0.216518,1.028160,1,0,20.8057,0,0,0,20.8057,0
38.9264,2.18795,0,0,1.25887,0.209392,0.36288,3.6288,48.3061,1.02823,0,0,0.327119,0.20839,0,0.66528,12.849,1,0.695387,0.36288,0,14.1985,4.0466,9.81944,0.84672,12.849,0.84672,3695.15,0,36.966,0.772305,0.216518,2.2397,3.21163,1.06257,3.83297,0.42336,36.966,0.42336,423.524,0,0.399566,0,0,0.616085,0.216518,1.028160,1,0,13.6524,0,0,0,13.6524,0
37.4857,2.16829,0,0,1.29622,0.205748,0.36288,3.6288,47.8538,0.722625,0,0,0.477108,0.206827,0,0.66528,12.849,1,0.715718,0.36288,0,14.4055,4.0466,10.006,0.84672,12.849,0.84672,3695.15,0,36.966,0.552985,0.292723,2.24013,4.41922,1.06257,5.33652,0.42336,36.966,0.42336,423.524,0,0.924891,0,0,1.21761,0.292723,1.028160,1,0,15.3426,0,0,0,15.3426,0
38.4052,2.1483,0,0,3.63299,0.202315,0.36288,3.6288,48.4146,0.661639,0,0,1.4285,0.206049,0,0.66528,12.849,1,0.736375,0.36288,0,44.62,4.0466,40.1999,0.84672,12.849,0.84672,3695.15,0,36.966,0.511102,1.4431,2.24057,9.17421,1.06257,11.2842,0.42336,36.966,0.42336,423.524,0,1.02816,0,0,2.47126,1.4431,1.028160,1,0,51.4841,0,0,0,51.4841,0
38.1186,1.98213,0,0,2.27483,0.216474,0.36288,3.6288,48.4833,0.557066,0,0,0.822245,0.196488,0,0.66528,12.849,1,0.663149,0.36288,0,27.2654,3.87264,23.0925,0.84672,12.849,0.84672,3695.15,0,36.966,0.425337,0.53479,2.24101,5.93473,0.998597,7.28659,0.42336,36.966,0.42336,423.524,0,1.02816,0,0,1.56295,0.53479,1.028160,1,0,30.3791,0,0,0,30.3791,0
37.5298,1.97887,0,0,1.95704,0.204035,0.36288,3.6288,48.211,0.557613,0,0,0.475374,0.190076,0,0.66528,12.849,1,0.667036,0.36288,0,23.5062,4.06736,19.1347,0.84672,12.849,0.84672,3695.15,0,36.966,0.425151,0.742452,2.04909,5.53049,1.0392,6.85768,0.42336,36.966,0.42336,423.524,0,1.02816,0,0,1.77061,0.742452,1.028160,1,0,25.9924,0,0,0,25.9924,0
37.4481,1.97153,0,0,2.45877,0.206122,0.36288,3.6288,47.844,0.609968,0,0,0.422935,0.17987,0,0.66528,12.849,1,0.674989,0.36288,0,30.1802,4.07242,25.7957,0.84672,12.849,0.84672,3695.15,0,36.966,0.467696,0.412474,2.04948,4.86161,1.07078,5.78509,0.42336,36.966,0.42336,423.524,0,0.933621,0,0,1.34609,0.412474,1.028160,1,0,31.5808,0,0,0,31.5808,0
37.9589,1.9709,0,0,3.05052,0.205923,0.36288,3.6288,47.6956,0.732813,0,0,0.763644,0.179321,0,0.66528,12.849,1,0.676246,0.36288,0,37.4812,4.07242,33.0954,0.84672,12.849,0.84672,3695.15,0,36.966,0.566197,0.412474,2.04988,4.6294,1.07078,5.45478,0.42336,36.966,0.42336,423.524,0,0.712636,0,0,1.12511,0.412474,1.028160,1,0,38.5502,0,0,0,38.5502,0
38.2769,1.97816,0,0,2.86623,0.207163,0.36288,3.6288,48.2142,0.554267,0,0,1.25206,0.179099,0,0.66528,12.849,1,0.669604,0.36288,0,35.2947,4.07242,30.9155,0.84672,12.849,0.84672,3695.15,0,36.966,0.429579,0.75054,2.05027,6.19612,1.07078,7.49658,0.42336,36.966,0.42336,423.524,0,1.02816,0,0,1.7787,0.75054,1.028160,1,0,38.4121,0,0,0,38.4121,0
39.6311,2.05199,0,0,4.03361,0.264583,0.36288,3.6288,48.4596,0.588377,0,0,0.978229,0.144482,0,0.66528,12.849,1,0.688824,0.36288,0,45.7023,3.45786,41.9185,0.84672,12.849,0.84672,3695.15,0,36.966,0.45111,1.43649,2.05067,7.84866,0.993694,9.89102,0.42336,36.966,0.42336,423.524,0,1.02816,0,0,2.46465,1.43649,1.028160,1,0,51.8095,0,0,0,51.8095,0
40.2282,2.07023,0,0,3.29905,0.268763,0.36288,3.6288,48.5886,0.589875,0,0,0.86368,0.144777,0,0.66528,12.849,1,0.6712,0.36288,0,56.545,3.45786,52.7788,0.84672,12.849,0.84672,3695.15,0,36.966,0.449969,0.96844,2.11109,8.05827,0.993694,9.69414,0.42336,36.966,0.42336,423.524,0,1.02816,0,0,1.9966,0.96844,1.028160,1,0,62.473,0,0,0,62.473,0
43.5795,2.07824,0,0,6.06307,0.270665,0.36288,3.6288,49.4146,0.590756,0,0,1.56165,0.144932,0,0.66528,12.849,1,0.663797,0.36288,0,94.9761,3.45786,91.2173,0.84672,12.849,0.84672,3695.15,0,36.966,0.449444,1.51289,2.11148,9.18294,0.993694,11.3642,0.42336,36.966,0.42336,423.524,0,1.02816,0,0,2.54105,1.51289,1.028160,1,0,102.581,0,0,0,102.581,0
47.2647,2.11814,0,0,6.4477,0.281481,0.36288,3.6288,50.8125,0.595257,0,0,2.13905,0.145925,0,0.66528,12.849,1,0.624514,0.36288,0,89.3367,3.45786,85.6172,0.84672,12.849,0.84672,3695.15,0,36.966,0.445299,2.56617,2.11187,10.7764,0.993694,14.0155,0.42336,36.966,0.42336,423.524,0,1.02816,0,0,3.59433,2.56617,1.028160,1,0,99.6327,0,0,0,99.6327,0
49.7503,2.39048,0,0,5.54234,0.303408,0.36288,3.6288,51.9046,0.66528,0,0,1.9009,0.143485,0,0.66528,12.849,1,0.649857,0.36288,0,102.217,4.28988,97.6406,0.84672,12.849,0.84672,3695.15,0,36.966,0.583354,2.43411,2.11226,9.71516,1.05112,12.6271,0.42336,36.966,0.42336,423.524,0,1.02816,0,0,3.46227,2.43411,1.028160,1,0,110.268,0,0,0,110.268,0
51.2071,2.41682,0,0,4.54102,0.30449,0.36288,3.6288,52.4392,0.66528,0,0,1.34968,0.149777,0,0.66528,12.849,1,0.624192,0.36288,0,71.0827,4.78506,66.0363,0.84672,12.849,0.84672,3695.15,0,36.966,0.583752,1.70112,2.32881,8.21267,1.12264,10.5362,0.42336,36.966,0.42336,423.524,0,1.02816,0,0,2.72928,1.70112,1.028160,1,0,76.5725,0,0,0,76.5725,0
52.7724,2.43155,0,0,4.6689,0.309194,0.36288,3.6288,52.886,0.66528,0,0,1.26242,0.150423,0,0.66528,12.849,1,0.610131,0.36288,0,73.2845,4.78506,68.2522,0.84672,12.849,0.84672,3695.15,0,36.966,0.584151,1.27734,2.32924,7.98872,1.12264,9.8885,0.42336,36.966,0.42336,423.524,0,1.02816,0,0,2.3055,1.27734,1.028160,1,0,78.1407,0,0,0,78.1407,0
54.5848,2.44665,0,0,4.9149,0.292924,0.36288,3.6288,53.4305,0.66528,0,0,1.35765,0.147837,0,0.66528,12.849,1,0.595709,0.36288,0,77.7617,4.38523,73.1437,0.84672,12.849,0.84672,3695.15,0,36.966,0.584549,1.91023,2.32968,8.65002,0.978922,11.3265,0.42336,36.966,0.42336,423.524,0,1.02816,0,0,2.93839,1.91023,1.028160,1,0,84.4701,0,0,0,84.4701,0
56.5976,2.11995,0,0,4.79828,0.302712,0.36288,3.6288,54.21,0.574066,0,0,1.53135,0.177776,0,0.66528,12.849,1,0.499026,0.36288,0,91.0466,4.61363,86.2968,0.84672,12.849,0.84672,3695.15,0,36.966,0.397169,1.38279,2.33011,9.24186,0.9858,11.5718,0.42336,36.966,0.42336,423.524,0,1.02816,0,0,2.41095,1.38279,1.028160,1,0,97.8686,0,0,0,97.8686,0
56.8764,2.13489,0,0,3.08685,0.310237,0.36288,3.6288,54.2395,0.768193,0,0,1.00856,0.210862,0,0.66528,12.849,1,0.484672,0.36288,0,76.2903,5.22459,70.944,0.84672,12.849,0.84672,3695.15,0,36.966,0.523834,0.608429,2.03553,4.65534,1.14337,5.63209,0.42336,36.966,0.42336,423.524,0,0.707711,0,0,1.31614,0.608429,1.028160,1,0,76.576,0,0,0,76.576,0
56.8159,2.13731,0,0,2.75082,0.311092,0.36288,3.6288,54.2325,0.68209,0,0,0.886015,0.210903,0,0.66528,12.849,1,0.482842,0.36288,0,53.3298,5.22459,47.9852,0.84672,12.849,0.84672,3695.15,0,36.966,0.464867,0.558835,2.0359,4.21303,1.14337,5.19953,0.42336,36.966,0.42336,423.524,0,0.853122,0,0,1.41196,0.558835,1.028160,1,0,53.1848,0,0,0,53.1848,0
60.1081,2.13737,0,0,6.10336,0.310906,0.36288,3.6288,55.257,0.578169,0,0,1.81357,0.210894,0,0.66528,12.849,1,0.48337,0.36288,0,61.4202,5.22459,56.0751,0.84672,12.849,0.84672,3695.15,0,36.966,0.394092,2.31606,2.03628,13.2869,1.14337,16.1017,0.42336,36.966,0.42336,423.524,0,1.02816,0,0,3.34422,2.31606,1.028160,1,0,72.1769,0,0,0,72.1769,0
61.2551,2.15967,0,0,3.98639,0.316903,0.36288,3.6288,55.8573,0.582752,0,0,1.38206,0.199053,0,0.66528,12.849,1,0.461662,0.36288,0,73.7428,4.72146,68.9226,0.84672,12.849,0.84672,3695.15,0,36.966,0.389851,2.21557,2.03665,5.94823,1.11069,8.69992,0.42336,36.966,0.42336,423.524,0,1.02816,0,0,3.24373,2.21557,1.028160,1,0,77.6225,0,0,0,77.6225,0
61.9434,2.25563,0,0,3.6182,0.311316,0.36288,3.6288,56.1593,0.626592,0,0,1.09795,0.169349,0,0.66528,12.849,1,0.473145,0.36288,0,59.5979,3.83628,55.6514,0.84672,12.849,0.84672,3695.15,0,36.966,0.414675,1.55439,2.03703,9.15792,0.990624,11.344,0.42336,36.966,0.42336,423.524,0,1.02816,0,0,2.58255,1.55439,1.028160,1,0,66.9954,0,0,0,66.9954,0
62.2237,2.26049,0,0,3.21672,0.313091,0.36288,3.6288,56.3464,0.628151,0,0,0.984969,0.169684,0,0.66528,12.849,1,0.468895,0.36288,0,48.3474,3.83628,44.4051,0.84672,12.849,0.84672,3695.15,0,36.966,0.413471,1.25944,2.11021,6.23814,0.990624,8.2037,0.42336,36.966,0.42336,423.524,0,1.02816,0,0,2.2876,1.25944,1.028160,1,0,52.6088,0,0,0,52.6088,0
62.3951,2.26274,0,0,3.06138,0.264337,0.36288,3.6288,56.4747,0.629196,0,0,0.954953,0.197542,0,0.66528,12.849,1,0.467249,0.36288,0,45.9667,4.1853,41.677,0.84672,12.849,0.84672,3695.15,0,36.966,0.412783,1.08254,2.1106,5.94339,1.05933,7.66442,0.42336,36.966,0.42336,423.524,0,1.02816,0,0,2.1107,1.08254,1.028160,1,0,49.3415,0,0,0,49.3415,0
62.0306,2.26431,0,0,2.51754,0.254883,0.36288,3.6288,56.335,0.629977,0,0,0.765668,0.275313,0,0.66528,12.849,1,0.466289,0.36288,0,39.9457,6.34641,33.4958,0.84672,12.849,0.84672,3695.15,0,36.966,0.412357,0.783959,2.11099,5.0651,1.30213,6.24556,0.42336,36.966,0.42336,423.524,0,1.02816,0,0,1.81212,0.783959,1.028160,1,0,39.7414,0,0,0,39.7414,0
61.6172,2.22791,0,0,2.41152,0.234072,0.36288,3.6288,56.3106,0.613541,0,0,0.773928,0.184849,0,0.66528,12.849,1,0.46149,0.36288,0,44.6939,4.59793,39.9973,0.84672,12.849,0.84672,3695.15,0,36.966,0.402594,0.972484,2.11138,5.27886,1.12713,6.833,0.42336,36.966,0.42336,423.524,0,1.02816,0,0,2.00064,0.972484,1.028160,1,0,46.8303,0,0,0,46.8303,0
60.9494,2.22585,0,0,2.14741,0.226497,0.36288,3.6288,56.1723,0.613647,0,0,0.669617,0.194276,0,0.66528,12.849,1,0.464155,0.36288,0,39.0017,4.58884,34.3115,0.84672,12.849,0.84672,3695.15,0,36.966,0.402839,0.871024,2.08342,4.86352,1.12184,6.29328,0.42336,36.966,0.42336,423.524,0,1.02816,0,0,1.89918,0.871024,1.028160,1,0,40.6048,0,0,0,40.6048,0
60.1923,2.22215,0,0,1.98897,0.161067,0.36288,3.6288,55.9434,0.61326,0,0,0.610184,0.225737,0,0.66528,12.849,1,0.46846,0.36288,0,35.7894,4.87714,30.8067,0.84672,12.849,0.84672,3695.15,0,36.966,0.403576,0.728732,2.0838,4.58851,1.13905,5.85841,0.42336,36.966,0.42336,423.524,0,1.02816,0,0,1.75689,0.728732,1.028160,1,0,36.6651,0,0,0,36.6651,0
59.395,2.21779,0,0,1.94343,0.160032,0.36288,3.6288,55.7904,0.612478,0,0,0.684821,0.2254,0,0.66528,12.849,1,0.473422,0.36288,0,34.7466,4.87714,29.7589,0.84672,12.849,0.84672,3695.15,0,36.966,0.40471,0.977443,2.08418,5.46243,1.13905,6.9803,0.42336,36.966,0.42336,423.524,0,1.02816,0,0,2.0056,0.977443,1.028160,1,0,36.7392,0,0,0,36.7392,0
58.2759,2.32984,0,0,1.73574,0.162147,0.36288,3.6288,55.5521,0.66528,0,0,0.64576,0.218783,0,0.66528,12.849,1,0.504016,0.36288,0,28.4654,4.74525,23.579,0.84672,12.849,0.84672,3695.15,0,36.966,0.44651,0.673194,2.08457,4.31508,1.09989,5.52643,0.42336,36.966,0.42336,423.524,0,1.02816,0,0,1.70135,0.673194,1.028160,1,0,29.1055,0,0,0,29.1055,0
56.9357,2.32242,0,0,1.50986,0.164797,0.36288,3.6288,55.1962,0.66528,0,0,0.519343,0.209933,0,0.66528,12.849,1,0.512061,0.36288,0,20.7913,4.56939,16.0727,0.84672,12.849,0.84672,3695.15,0,36.966,0.44688,0.482717,2.18439,3.56765,1.04768,4.74019,0.42336,36.966,0.42336,423.524,0,1.02816,0,0,1.51088,0.482717,1.028160,1,0,20.8129,0,0,0,20.8129,0
55.4333,2.3131,0,0,1.32358,0.149983,0.36288,3.6288,54.7962,0.66528,0,0,0.483816,0.218521,0,0.66528,12.849,1,0.522011,0.36288,0,18.5758,4.67649,13.7402,0.84672,12.849,0.84672,3695.15,0,36.966,0.44725,0.38048,2.18479,3.46138,1.07505,4.50436,0.42336,36.966,0.42336,423.524,0,1.02816,0,0,1.40864,0.38048,1.028160,1,0,18.2446,0,0,0,18.2446,0
53.9039,2.30213,0,0,1.25223,0.116565,0.36288,3.6288,54.3562,0.664574,0,0,0.465163,0.240583,0,0.66528,12.849,1,0.533616,0.36288,0,16.9807,4.94424,11.8657,0.84672,12.849,0.84672,3695.15,0,36.966,0.448327,0.312483,2.1852,3.32992,1.14346,4.23581,0.42336,36.966,0.42336,423.524,0,1.02816,0,0,1.34064,0.312483,1.028160,1,0,16.1015,0,0,0,16.1015,0
52.3578,2.29042,0,0,1.21865,0.111515,0.36288,3.6288,53.9018,0.67852,0,0,0.464334,0.24021,0,0.66528,12.849,1,0.545963,0.36288,0,18.0725,5.00136,12.888,0.84672,12.849,0.84672,3695.15,0,36.966,0.46144,0.30119,2.1856,3.38802,1.16017,4.25321,0.42336,36.966,0.42336,423.524,0,1.00147,0,0,1.30266,0.30119,1.028160,1,0,17.1412,0,0,0,17.1412,0
51.0337,2.2554,0,0,1.38472,0.0904697,0.36288,3.6288,53.5831,0.66528,0,0,0.587976,0.241431,0,0.66528,12.849,1,0.553493,0.36288,0,24.305,5.34408,18.7703,0.84672,12.849,0.84672,3695.15,0,36.966,0.500216,0.499962,2.18601,2.70839,1.26042,3.63372,0.42336,36.966,0.42336,423.524,0,1.02816,0,0,1.52812,0.499962,1.028160,1,0,22.404,0,0,0,22.404,0
49.6339,2.24443,0,0,1.29667,0.0892339,0.36288,3.6288,53.236,0.66528,0,0,0.558964,0.240843,0,0.66528,12.849,1,0.56509,0.36288,0,24.2731,5.34408,18.7268,0.84672,12.849,0.84672,3695.15,0,36.966,0.500596,0.407722,2.22121,2.78333,1.26042,3.65124,0.42336,36.966,0.42336,423.524,0,1.02816,0,0,1.43588,0.407722,1.028160,1,0,22.3781,0,0,0,22.3781,0
48.1301,2.23227,0,0,1.17926,0.0879272,0.36288,3.6288,52.8755,0.66528,0,0,0.545054,0.240177,0,0.66528,12.849,1,0.577879,0.36288,0,23.798,5.34408,18.2389,0.84672,12.849,0.84672,3695.15,0,36.966,0.500977,0.389128,2.22162,2.66691,1.26042,3.51625,0.42336,36.966,0.42336,423.524,0,1.02816,0,0,1.41729,0.389128,1.028160,1,0,21.7552,0,0,0,21.7552,0
46.5325,2.21851,0,0,1.07035,0.086511,0.36288,3.6288,52.4502,0.697248,0,0,0.511347,0.239486,0,0.66528,12.849,1,0.592263,0.36288,0,21.2059,5.34408,15.6325,0.84672,12.849,0.84672,3695.15,0,36.966,0.501358,0.261274,2.22203,2.5799,1.26042,3.30141,0.42336,36.966,0.42336,423.524,0,0.996192,0,0,1.25747,0.261274,1.028160,1,0,18.9339,0,0,0,18.9339,0
44.8304,2.26001,0,0,0.995656,0.0748438,0.36288,3.6288,51.9714,0.718736,0,0,0.528674,0.288707,0,0.66528,12.849,1,0.624056,0.36288,0,20.0012,5.86758,13.8724,0.84672,12.849,0.84672,3695.15,0,36.966,0.54799,0.261274,2.22244,2.30972,1.47058,2.77487,0.42336,36.966,0.42336,423.524,0,0.974704,0,0,1.23598,0.261274,1.028160,1,0,16.6473,0,0,0,16.6473,0
43.1184,2.2421,0,0,0.972726,0.0797661,0.36288,3.6288,51.519,0.711685,0,0,0.537971,0.278705,0,0.66528,12.849,1,0.642615,0.36288,0,18.8095,5.68176,12.848,0.84672,12.849,0.84672,3695.15,0,36.966,0.548381,0.261274,2.2722,2.30717,1.41038,2.88189,0.42336,36.966,0.42336,423.524,0,0.981755,0,0,1.24303,0.261274,1.028160,1,0,15.7299,0,0,0,15.7299,0
41.3003,2.22293,0,0,0.845908,0.0782225,0.36288,3.6288,50.9716,0.775262,0,0,0.505571,0.277688,0,0.66528,12.849,1,0.662419,0.36288,0,17.7955,5.68176,11.8143,0.84672,12.849,0.84672,3695.15,0,36.966,0.556267,0.227405,2.27263,2.24521,1.41038,2.77859,0.42336,36.966,0.42336,423.524,0,0.910682,0,0,1.13809,0.227405,1.028160,1,0,14.5928,0,0,0,14.5928,0
39.4386,2.20118,0,0,0.778956,0.0765833,0.36288,3.6288,50.3845,0.805955,0,0,0.495356,0.276458,0,0.66528,12.849,1,0.684813,0.36288,0,16.7838,5.68176,10.7801,0.84672,12.849,0.84672,3695.15,0,36.966,0.584501,0.227405,2.27305,2.22248,1.41038,2.72805,0.42336,36.966,0.42336,423.524,0,0.852146,0,0,1.07955,0.227405,1.028160,1,0,13.5082,0,0,0,13.5082,0
37.2485,2.33793,0,0,0.576997,0.0663334,0.36288,3.6288,49.634,0.926899,0,0,0.460915,0.284553,0,0.66528,12.849,1,0.761691,0.36288,0,14.3058,5.98348,7.92347,0.84672,12.849,0.84672,3695.15,0,36.966,0.716629,0.227405,2.27347,2.07096,1.42761,2.4276,0.42336,36.966,0.42336,423.524,0,0.766541,0,0,0.993946,0.227405,1.028160,1,0,10.3511,0,0,0,10.3511,0
34.8411,2.30514,0,0,0.34515,0.0844401,0.36288,3.6288,48.6198,1.07599,0,0,0.347465,0.285693,0,0.66528,12.4098,1,0.795166,0.36288,0,9.02871,5.83023,3.20544,0.84672,12.4098,0.84672,3695.15,0,36.966,0.801369,0.227405,2.44289,1.91054,1.41725,2.36221,0.42336,36.966,0.42336,423.524,0,0.533131,0,0,0.760536,0.227405,1.028160,1,0,5.56765,0,0,0,5.56765,0
32.4475,2.28656,0,0,0.337835,0.0820397,0.36288,3.6288,47.5834,1.07795,0,0,0.324873,0.283311,0,0.66528,11.6049,1,0.814429,0.36288,0,8.23902,5.83023,3.20544,0.84672,11.6049,0.84672,3694.71,0,36.966,0.819576,0.204422,2.44334,1.9176,1.41725,2.32854,0.42336,36.966,0.42336,423.524,0,0.513389,0,0,0.717811,0.204422,1.028160,1,0,5.53398,0,0,0,5.53398,0
30.2112,2.28458,0,0,0.490817,0.0796529,0.36288,3.6288,46.6795,0.99635,0,0,0.373289,0.280877,0,0.66528,11.0552,1,0.817087,0.36288,0,9.38356,5.83023,3.20544,0.84672,11.0552,0.84672,3695.15,0,36.966,0.774032,0.204422,2.4438,2.12608,1.41725,2.58302,0.42336,36.966,0.42336,423.524,0,0.640958,0,0,0.845381,0.204422,1.028160,1,0,5.78846,0,0,0,5.78846,0
28.1872,2.27124,0,0,0.707424,0.0973498,0.36288,3.6288,45.9547,0.948588,0,0,0.494103,0.270314,0,0.66528,12.849,1,0.831118,0.36288,0,15.3098,5.69881,7.349,0.84672,12.849,0.84672,3695.15,0,36.966,0.751198,0.204422,2.44426,2.36696,1.39073,2.87371,0.42336,36.966,0.42336,423.524,0,0.711979,0,0,0.916402,0.204422,1.028160,1,0,10.2227,0,0,0,10.2227,0
26.1075,2.15242,0,0,0.48647,0.0508164,0.36288,3.6288,45.4025,0.800883,0,0,0.523457,0.274752,0,0.66528,12.0087,1,0.84672,0.36288,0,7.61478,6.11803,3.20544,0.84672,12.0087,0.84672,3693.8,0,36.966,0.644232,0.204422,2.44471,2.35645,1.43877,2.92258,0.42336,36.966,0.42336,423.524,0,0.865564,0,0,1.06999,0.204422,1.028160,1,0,6.12802,0,0,0,6.12802,0
23.9442,2.15308,0,0,0.401995,0.0493655,0.36288,3.6288,44.7215,0.86882,0,0,0.461157,0.273346,0,0.66528,11.1664,1,0.84672,0.36288,0,7.0308,6.11803,3.20544,0.84672,11.1664,0.84672,3691.86,0,36.966,0.70738,0.216518,2.34727,2.18225,1.43877,2.59989,0.42336,36.966,0.42336,423.524,0,0.734884,0,0,0.951402,0.216518,1.028160,1,0,5.80533,0,0,0,5.80533,0
22.0685,2.15375,0,0,0.747247,0.106297,0.36288,3.6288,44.5129,0.721302,0,0,0.717439,0.204724,0,0.66528,11.5248,1,0.84672,0.36288,0,12.414,5.07989,3.20544,0.84672,11.5248,0.84672,3695.15,0,36.966,0.618047,0.216518,2.34771,3.78899,1.11428,4.62088,0.42336,36.966,0.42336,423.524,0,0.972138,0,0,1.18866,0.216518,1.028160,1,0,7.82632,0,0,0,7.82632,0
20.9133,2.15441,0,0,1.48839,0.126351,0.36288,3.6288,44.7626,0.66528,0,0,1.09265,0.177621,0,0.66528,12.849,1,0.84672,0.36288,0,24.8804,4.66463,18.4078,0.84672,12.849,0.84672,3695.15,0,36.966,0.618451,0.619194,2.34814,5.41337,0.984484,6.77778,0.42336,36.966,0.42336,423.524,0,1.02816,0,0,1.64735,0.619194,1.028160,1,0,25.1856,0,0,0,25.1856,0
19.4093,2.06972,0,0,1.06689,0.138242,0.36288,3.6288,44.4857,0.69692,0,0,0.615706,0.19576,0,0.66528,12.849,1,0.84672,0.36288,0,20.0168,4.03571,15.4973,0.84672,12.849,0.84672,3695.15,0,36.966,0.575533,0.216518,2.34858,3.71298,1.0323,4.67024,0.42336,36.966,0.42336,423.524,0,0.947367,0,0,1.16389,0.216518,1.028160,1,0,20.1675,0,0,0,20.1675,0
17.879,2.07037,0,0,1.0485,0.145573,0.36288,3.6288,44.1881,0.651048,0,0,0.561978,0.208508,0,0.66528,12.849,1,0.84672,0.36288,0,18.9504,3.56401,14.9025,0.84672,12.849,0.84672,3695.15,0,36.966,0.540998,0.343068,2.26157,4.58786,1.06817,5.58333,0.42336,36.966,0.42336,423.524,0,1.02816,0,0,1.37123,0.343068,1.028160,1,0,20.4859,0,0,0,20.4859,0
17.9687,2.07102,0,0,2.66604,0.142453,0.36288,3.6288,45.1301,0.649274,0,0,1.79921,0.207925,0,0.66528,12.849,1,0.84672,0.36288,0,52.8705,3.56401,48.8226,0.84672,12.849,0.84672,3695.15,0,36.966,0.543157,3.14428,2.26199,10.722,1.06817,14.5169,0.42336,36.966,0.42336,423.524,0,1.02816,0,0,4.17244,3.14428,1.028160,1,0,63.3396,0,0,0,63.3396,0
18.5163,2.07166,0,0,3.13725,0.155108,0.36288,3.6288,46.5991,0.655719,0,0,2.32066,0.195899,0,0.66528,12.849,1,0.84672,0.36288,0,63.0806,3.34637,59.2504,0.84672,12.849,0.84672,3695.15,0,36.966,0.537099,1.69372,2.26241,10.8629,1.00651,13.2754,0.42336,36.966,0.42336,423.524,0,1.02816,0,0,2.72188,1.69372,1.028160,1,0,72.5258,0,0,0,72.5258,0
18.4886,1.8297,0,0,2.3336,0.168667,0.36288,3.6288,47.3102,0.557889,0,0,1.45466,0.185686,0,0.66528,12.849,1,0.84672,0.36288,0,40.0925,3.35765,36.2511,0.84672,12.849,0.84672,3695.15,0,36.966,0.442561,1.16033,2.26283,7.39824,0.872776,9.50607,0.42336,36.966,0.42336,423.524,0,1.02816,0,0,2.18849,1.16033,1.028160,1,0,45.7571,0,0,0,45.7571,0
18.8437,1.8303,0,0,2.72948,0.18123,0.36288,3.6288,47.5491,0.561818,0,0,0.975099,0.174425,0,0.66528,12.849,1,0.84672,0.36288,0,29.4043,4.02591,24.8945,0.84672,12.849,0.84672,3695.15,0,36.966,0.438979,0.760605,2.06887,5.6783,1.03616,7.03263,0.42336,36.966,0.42336,423.524,0,1.02816,0,0,1.78877,0.760605,1.028160,1,0,31.9271,0,0,0,31.9271,0
18.6221,1.8309,0,0,2.15431,0.182143,0.36288,3.6288,47.591,0.563254,0,0,0.779967,0.174774,0,0.66528,12.849,1,0.84672,0.36288,0,20.4228,4.02591,15.913,0.84672,12.849,0.84672,3695.15,0,36.966,0.43789,0.454196,2.06925,5.86577,1.03616,6.91516,0.42336,36.966,0.42336,423.524,0,1.02816,0,0,1.48236,0.454196,1.028160,1,0,22.8282,0,0,0,22.8282,0
18.0782,1.8315,0,0,1.83015,0.179689,0.36288,3.6288,47.767,0.563667,0,0,0.923193,0.183579,0,0.66528,12.849,1,0.84672,0.36288,0,22.7508,4.35723,17.9098,0.84672,12.849,0.84672,3695.15,0,36.966,0.437825,0.745641,2.06963,10.832,1.11287,12.0966,0.42336,36.966,0.42336,423.524,0,1.02816,0,0,1.7738,0.745641,1.028160,1,0,30.0064,0,0,0,30.0064,0
18.2189,1.8321,0,0,2.50929,0.173633,0.36288,3.6288,47.9687,0.564772,0,0,0.972242,0.205739,0,0.66528,12.849,1,0.84672,0.36288,0,35.1702,5.18553,29.5009,0.84672,12.849,0.84672,3695.15,0,36.966,0.437067,0.680348,2.07001,9.05681,1.30463,10.0655,0.42336,36.966,0.42336,423.524,0,1.02816,0,0,1.70851,0.680348,1.028160,1,0,39.5663,0,0,0,39.5663,0
21.8796,1.92609,0,0,6.10237,0.152623,0.36288,3.6288,48.707,0.597555,0,0,1.51799,0.182116,0,0.66528,12.849,1,0.84672,0.36288,0,85.5953,3.89178,81.2196,0.84672,12.849,0.84672,3695.15,0,36.966,0.460493,0.90968,2.07039,5.75244,1.0461,7.22592,0.42336,36.966,0.42336,423.524,0,1.02816,0,0,1.93784,0.90968,1.028160,1,0,88.4456,0,0,0,88.4456,0
28.3662,1.92668,0,0,8.93295,0.156834,0.36288,3.6288,49.898,0.601718,0,0,1.97191,0.179217,0,0.66528,12.849,1,0.84672,0.36288,0,118.488,3.67616,114.328,0.84672,12.849,0.84672,3695.15,0,36.966,0.456672,2.53806,2.13143,12.9227,1.00301,16.1325,0.42336,36.966,0.42336,423.524,0,1.02816,0,0,3.56622,2.53806,1.028160,1,0,130.461,0,0,0,130.461,0
30.9583,1.92727,0,0,5.05404,0.171773,0.36288,3.6288,50.172,0.608176,0,0,1.06313,0.180986,0,0.66528,12.849,1,0.84672,0.36288,0,90.2699,3.67616,86.1099,0.84672,12.849,0.84672,3695.15,0,36.966,0.450556,1.63352,2.1318,8.00392,1.00301,10.3157,0.42336,36.966,0.42336,423.524,0,1.02816,0,0,2.66168,1.63352,1.028160,1,0,96.4255,0,0,0,96.4255,0
32.5659,1.96078,0,0,4.11687,0.185621,0.36288,3.6288,50.3255,0.609789,0,0,0.945864,0.182479,0,0.66528,12.849,1,0.813804,0.36288,0,73.1938,3.74354,68.9993,0.84672,12.849,0.84672,3695.15,0,36.966,0.449284,1.25909,2.13218,6.50039,1.04071,8.40166,0.42336,36.966,0.42336,423.524,0,1.02816,0,0,2.28725,1.25909,1.028160,1,0,77.401,0,0,0,77.401,0
35.6926,2.22863,0,0,5.9379,0.219728,0.36288,3.6288,50.9985,0.66528,0,0,1.52599,0.187787,0,0.66528,12.849,1,0.84672,0.36288,0,89.8819,3.93982,85.4583,0.84672,12.849,0.84672,3695.15,0,36.966,0.604034,3.31035,2.13255,8.96253,1.07277,12.7286,0.42336,36.966,0.42336,423.524,0,1.02816,0,0,4.33851,3.31035,1.028160,1,0,98.1869,0,0,0,98.1869,0
38.0392,2.26178,0,0,5.18061,0.209341,0.36288,3.6288,51.37,0.66528,0,0,1.2318,0.19494,0,0.66528,12.849,1,0.814219,0.36288,0,70.488,3.98758,66.049,0.84672,12.849,0.84672,3695.15,0,36.966,0.604416,3.9339,2.35135,6.63351,1.05553,11.2588,0.42336,36.966,0.42336,423.524,0,1.02816,0,0,4.96206,3.9339,1.028160,1,0,77.3078,0,0,0,77.3078,0
39.2827,2.29981,0,0,4.12143,0.215251,0.36288,3.6288,51.7163,0.66528,0,0,1.20706,0.195529,0,0.66528,12.849,1,0.776836,0.36288,0,53.8717,3.98758,49.4702,0.84672,12.849,0.84672,3695.15,0,36.966,0.604798,2.06431,2.35177,5.02523,1.05553,7.78098,0.42336,36.966,0.42336,423.524,0,1.02816,0,0,3.09247,2.06431,1.028160,1,0,57.2511,0,0,0,57.2511,0
42.6504,2.31882,0,0,6.26785,0.218382,0.36288,3.6288,52.237,0.66528,0,0,1.38206,0.196077,0,0.66528,12.849,1,0.758466,0.36288,0,94.3268,3.98758,89.9436,0.84672,12.849,0.84672,3695.15,0,36.966,0.60518,2.37629,2.35218,11.8307,1.05553,14.8985,0.42336,36.966,0.42336,423.524,0,1.02816,0,0,3.40445,2.37629,1.028160,1,0,104.842,0,0,0,104.842,0
46.5088,2.03607,0,0,6.49034,0.23308,0.36288,3.6288,53.292,0.57912,0,0,1.82555,0.191459,0,0.66528,12.849,1,0.613391,0.36288,0,126.192,3.48237,122.46,0.84672,12.849,0.84672,3695.15,0,36.966,0.40982,3.39769,2.3526,8.67559,0.852336,13.1637,0.42336,36.966,0.42336,423.524,0,1.02816,0,0,4.42585,3.39769,1.028160,1,0,135.623,0,0,0,135.623,0
48.3589,2.07638,0,0,4.54119,0.251834,0.36288,3.6288,53.7459,0.584104,0,0,1.24113,0.203112,0,0.66528,12.849,1,0.573643,0.36288,0,74.9831,2.96236,71.81,0.84672,12.849,0.84672,3695.15,0,36.966,0.405164,1.58267,2.05492,4.55845,0.655535,7.13533,0.42336,36.966,0.42336,423.524,0,1.02816,0,0,2.61083,1.58267,1.028160,1,0,78.9453,0,0,0,78.9453,0
51.2872,2.09417,0,0,5.64243,0.257002,0.36288,3.6288,54.5021,0.586326,0,0,1.54634,0.203848,0,0.66528,12.849,1,0.556422,0.36288,0,79.7766,2.96236,76.6207,0.84672,12.849,0.84672,3695.15,0,36.966,0.403271,2.05954,2.05528,4.96119,0.655535,8.01721,0.42336,36.966,0.42336,423.524,0,1.02816,0,0,3.0877,2.05954,1.028160,1,0,84.6379,0,0,0,84.6379,0
60.376,2.12002,0,0,11.8193,0.24766,0.36288,3.6288,55.7394,0.589856,0,0,2.06923,0.242026,0,0.66528,12.849,1,0.53113,0.36288,0,79.7031,4.21306,75.3218,0.84672,12.849,0.84672,3695.15,0,36.966,0.40007,3.75869,2.05564,11.8188,0.971112,16.262,0.42336,36.966,0.42336,423.524,0,1.02816,0,0,4.78685,3.75869,1.028160,1,0,91.5838,0,0,0,91.5838,0
64.8286,2.18641,0,0,7.24412,0.242268,0.36288,3.6288,56.4767,0.595393,0,0,1.55257,0.219887,0,0.66528,12.849,1,0.465305,0.36288,0,183.024,4.7404,178.181,0.84672,12.849,0.84672,3695.15,0,36.966,0.394861,2.2503,2.056,6.01892,1.03256,8.89779,0.42336,36.966,0.42336,423.524,0,1.02816,0,0,3.27846,2.2503,1.028160,1,0,187.079,0,0,0,187.079,0
68.2732,2.30366,0,0,6.39677,0.28557,0.36288,3.6288,58.1819,0.640429,0,0,2.5698,0.224187,0,0.66528,12.849,1,0.456584,0.36288,0,97.5033,4.26657,93.143,0.84672,12.849,0.84672,3695.15,0,36.966,0.419183,3.67232,2.05636,9.56678,1.06135,13.8149,0.42336,36.966,0.42336,423.524,0,1.02816,0,0,4.70048,3.67232,1.028160,1,0,106.958,0,0,0,106.958,0
69.8785,2.32354,0,0,4.5852,0.293482,0.36288,3.6288,58.2072,0.64815,0,0,0.900176,0.22668,0,0.66528,12.849,1,0.437289,0.36288,0,88.6049,4.26657,84.2639,0.84672,12.849,0.84672,3695.15,0,36.966,0.411804,1.66035,2.13028,4.55261,1.06135,6.87009,0.42336,36.966,0.42336,423.524,0,1.02816,0,0,2.68851,1.66035,1.028160,1,0,91.134,0,0,0,91.134,0
72.29,2.33252,0,0,6.8147,0.294018,1.77671,3.6288,59.2607,0.648469,0,0,1.93245,0.230534,0,0.66528,12.849,1,0.428895,1.77671,0,115.543,4.3701,112.52,0.84672,12.849,0.84672,3695.15,0,36.966,0.411827,3.0376,2.13066,8.3693,1.06889,12.0568,0.42336,36.966,0.42336,423.524,0,1.02816,0,0,4.06576,3.0376,1.028160,1,0,124.577,0,0,0,124.577,0
72.29,2.34517,0,0,4.82725,0.245308,2.23677,3.6288,59.2857,0.653188,0,0,0.908254,0.230059,0,0.66528,12.849,1,0.416835,2.23677,0,79.6919,4.10178,77.4101,0.84672,12.849,0.84672,3695.15,0,36.966,0.40745,1.61933,2.13103,4.67126,0.98512,7.02905,0.42336,36.966,0.42336,423.524,0,1.02816,0,0,2.64749,1.61933,1.028160,1,0,84.4391,0,0,0,84.4391,0
72.29,2.3098,0,0,4.76052,0.22462,2.2261,3.6288,59.6968,0.636978,0,0,1.27438,0.226284,0,0.66528,12.849,1,0.410549,2.2261,0,82.8274,3.85735,80.7856,0.84672,12.849,0.84672,3695.15,0,36.966,0.397171,2.40475,2.1314,5.31098,0.984185,8.46578,0.42336,36.966,0.42336,423.524,0,1.02816,0,0,3.43291,2.40475,1.028160,1,0,89.2513,0,0,0,89.2513,0
72.29,2.31029,0,0,4.06171,0.221934,1.52949,3.6288,59.9537,0.638875,0,0,1.12517,0.229377,0,0.66528,12.849,1,0.410636,1.52949,0,70.8134,3.90191,68.0304,0.84672,12.849,0.84672,3695.15,0,36.966,0.39561,2.05745,2.10313,4.90035,1.00445,7.66087,0.42336,36.966,0.42336,423.524,0,1.02816,0,0,3.08561,2.05745,1.028160,1,0,75.6913,0,0,0,75.6913,0
72.29,2.31078,0,0,3.36461,0.221934,0.831894,3.6288,60.1109,0.640132,0,0,1.02707,0.229754,0,0.66528,12.849,1,0.410723,0.831894,0,61.1338,3.90191,57.6531,0.84672,12.849,0.84672,3695.15,0,36.966,0.39469,1.79637,2.1035,4.34737,1.00445,6.8481,0.42336,36.966,0.42336,423.524,0,1.02816,0,0,2.82453,1.79637,1.028160,1,0,64.5012,0,0,0,64.5012,0
72.29,2.31127,0,0,3.03561,0.221934,0.502408,3.6288,60.1183,0.64098,0,0,0.878377,0.229984,0,0.66528,12.849,1,0.410811,0.502408,0,59.4218,3.90191,55.6115,0.84672,12.849,0.84672,3695.15,0,36.966,0.394179,1.10862,2.10387,4.4296,1.00445,6.24346,0.42336,36.966,0.42336,423.524,0,1.02816,0,0,2.13678,1.10862,1.028160,1,0,61.8549,0,0,0,61.8549,0
72.29,2.4336,0,0,3.75032,0.203998,1.11272,3.6288,60.2393,0.66528,0,0,1.03032,0.244099,0,0.66528,12.849,1,0.432555,1.11272,0,62.2231,4.17824,58.7251,0.84672,12.849,0.84672,3695.15,0,36.966,0.465439,1.4361,2.10424,4.40719,1.07808,6.404,0.42336,36.966,0.42336,423.524,0,1.02816,0,0,2.46426,1.4361,1.028160,1,0,65.129,0,0,0,65.129,0
72.2464,2.43412,0,0,2.91259,0.159157,0.36288,3.6288,60.1318,0.66528,0,0,0.837389,0.279577,0,0.66528,12.849,1,0.432646,0.36288,0,41.5502,4.86906,36.6114,0.84672,12.849,0.84672,3695.15,0,36.966,0.465795,1.36237,2.20507,3.39511,1.26216,5.2346,0.42336,36.966,0.42336,423.524,0,1.02816,0,0,2.39053,1.36237,1.028160,1,0,41.846,0,0,0,41.846,0
71.889,2.43441,0,0,2.59894,0.159104,0.36288,3.6288,59.9686,0.66528,0,0,0.781445,0.279386,0,0.66528,12.849,1,0.432959,0.36288,0,38.3105,4.86906,33.3714,0.84672,12.849,0.84672,3695.15,0,36.966,0.46615,1.16401,2.20546,3.05586,1.26216,4.69701,0.42336,36.966,0.42336,423.524,0,1.02816,0,0,2.19217,1.16401,1.028160,1,0,38.0684,0,0,0,38.0684,0
71.4836,2.4331,0,0,2.54927,0.158673,0.36288,3.6288,59.7476,0.66528,0,0,0.723367,0.279095,0,0.66528,12.849,1,0.434878,0.36288,0,35.9731,4.86906,31.032,0.84672,12.849,0.84672,3695.15,0,36.966,0.466505,0.941138,2.20584,2.82031,1.26216,4.23863,0.42336,36.966,0.42336,423.524,0,1.02816,0,0,1.9693,0.941138,1.028160,1,0,35.2706,0,0,0,35.2706,0
70.7627,2.43152,0,0,2.22457,0.151029,0.36288,3.6288,59.4713,0.66528,0,0,0.672356,0.283377,0,0.66528,12.849,1,0.437061,0.36288,0,32.1525,4.92261,27.1557,0.84672,12.849,0.84672,3695.15,0,36.966,0.466861,0.811097,2.20623,2.7278,1.27584,4.00243,0.42336,36.966,0.42336,423.524,0,1.02816,0,0,1.83926,0.811097,1.028160,1,0,31.1581,0,0,0,31.1581,0
70.315,2.40423,0,0,2.40725,0.0878891,0.36288,3.6288,59.2858,0.66528,0,0,0.775639,0.295817,0,0.66528,12.849,1,0.436557,0.36288,0,48.2014,5.39364,42.734,0.84672,12.849,0.84672,3695.15,0,36.966,0.519602,1.07269,2.20662,3.36935,1.4104,4.71866,0.42336,36.966,0.42336,423.524,0,1.02816,0,0,2.10085,1.07269,1.028160,1,0,47.4527,0,0,0,47.4527,0
69.6831,2.40239,0,0,2.22102,0.087587,0.36288,3.6288,59.0796,0.66528,0,0,0.754557,0.295466,0,0.66528,12.849,1,0.439,0.36288,0,43.5553,5.39364,38.0855,0.84672,12.849,0.84672,3695.15,0,36.966,0.519968,0.961027,2.24216,3.17266,1.4104,4.44548,0.42336,36.966,0.42336,423.524,0,1.02816,0,0,1.98919,0.961027,1.028160,1,0,42.531,0,0,0,42.531,0
68.9112,2.39953,0,0,2.07763,0.0871607,0.36288,3.6288,58.8114,0.66528,0,0,0.692116,0.295076,0,0.66528,12.849,1,0.442454,0.36288,0,39.7207,5.39364,34.2475,0.84672,12.849,0.84672,3695.15,0,36.966,0.520333,0.737018,2.24255,3.09163,1.4104,4.14046,0.42336,36.966,0.42336,423.524,0,1.02816,0,0,1.76518,0.737018,1.028160,1,0,38.3879,0,0,0,38.3879,0
68.0796,2.39586,0,0,2.01376,0.0866399,0.36288,3.6288,58.518,0.66528,0,0,0.666498,0.294569,0,0.66528,12.849,1,0.446726,0.36288,0,35.4077,5.39364,29.9302,0.84672,12.849,0.84672,3695.15,0,36.966,0.520699,0.637278,2.24295,3.05937,1.4104,4.0085,0.42336,36.966,0.42336,423.524,0,1.02816,0,0,1.66544,0.637278,1.028160,1,0,33.9387,0,0,0,33.9387,0
67.2818,2.45354,0,0,2.07415,0.0555538,0.36288,3.6288,58.2117,0.66528,0,0,0.672486,0.313487,0,0.66528,12.849,1,0.463068,0.36288,0,42.885,5.72571,37.0591,0.84672,12.849,0.84672,3695.15,0,36.966,0.567788,0.547085,2.24335,2.89735,1.49474,3.62526,0.42336,36.966,0.42336,423.524,0,1.02816,0,0,1.57524,0.547085,1.028160,1,0,40.6843,0,0,0,40.6843,0
66.4864,2.44944,0,0,2.06692,0.0499371,0.36288,3.6288,57.9024,0.66528,0,0,0.668183,0.312202,0,0.66528,12.849,1,0.467777,0.36288,0,35.426,5.84188,29.4792,0.84672,12.849,0.84672,3695.15,0,36.966,0.568162,0.703676,2.2936,2.65505,1.47928,3.60488,0.42336,36.966,0.42336,423.524,0,1.02816,0,0,1.73184,0.703676,1.028160,1,0,33.0841,0,0,0,33.0841,0
65.5212,2.44527,0,0,1.8926,0.0496238,0.36288,3.6288,57.5445,0.66528,0,0,0.618883,0.311579,0,0.66528,12.849,1,0.472567,0.36288,0,33.6722,5.84188,27.7206,0.84672,12.849,0.84672,3695.15,0,36.966,0.568537,0.452235,2.294,2.33377,1.47928,3.03219,0.42336,36.966,0.42336,423.524,0,1.02816,0,0,1.48039,0.452235,1.028160,1,0,30.7528,0,0,0,30.7528,0
64.6781,2.43996,0,0,1.99964,0.0399454,0.36288,3.6288,57.2737,0.66528,0,0,0.710473,0.315915,0,0.66528,12.849,1,0.478487,0.36288,0,33.0244,5.99144,26.9174,0.84672,12.849,0.84672,3695.15,0,36.966,0.568912,0.748319,2.29441,3.08727,1.50916,4.05192,0.42336,36.966,0.42336,423.524,0,1.02816,0,0,1.77648,0.748319,1.028160,1,0,30.9693,0,0,0,30.9693,0
63.7619,2.61476,0,0,2.09993,0.0384544,0.36288,3.6288,57.0478,0.66528,0,0,0.72303,0.283722,0,0.66528,12.849,1,0.519451,0.36288,0,32.0496,5.96209,25.931,0.84672,12.849,0.84672,3695.15,0,36.966,0.738062,0.907364,2.29481,3.38643,1.52048,4.33007,0.42336,36.966,0.42336,423.524,0,1.02816,0,0,1.93552,0.907364,1.028160,1,0,30.261,0,0,0,30.261,0
62.7425,2.6091,0,0,1.98057,0.0280138,0.36288,3.6288,56.6897,0.66528,0,0,0.609434,0.302224,0,0.66528,12.849,1,0.525773,0.36288,0,28.9384,6.04723,22.7283,0.84672,12.849,0.84672,3695.15,0,36.966,0.73847,0.61077,2.46593,3.77381,1.48133,4.63071,0.42336,36.966,0.42336,423.524,0,1.02816,0,0,1.63893,0.61077,1.028160,1,0,27.359,0,0,0,27.359,0
61.9006,2.60255,0,0,2.15107,0.0275684,0.36288,3.6288,56.441,0.66528,0,0,0.707088,0.290482,0,0.66528,12.849,1,0.532975,0.36288,0,32.476,6.03918,26.2668,0.84672,12.849,0.84672,3695.15,0,36.966,0.738877,0.943721,2.46637,3.53038,1.48833,4.71327,0.42336,36.966,0.42336,423.524,0,1.02816,0,0,1.97188,0.943721,1.028160,1,0,30.98,0,0,0,30.98,0
60.6391,2.59709,0,0,1.72587,0.0273786,0.36288,3.6288,56.0417,0.66528,0,0,0.555998,0.290011,0,0.66528,12.849,1,0.539092,0.36288,0,38.199,6.03918,31.9836,0.84672,12.849,0.84672,3695.15,0,36.966,0.739284,0.553643,2.46681,2.93266,1.48833,3.7255,0.42336,36.966,0.42336,423.524,0,1.02816,0,0,1.5818,0.553643,1.028160,1,0,35.7091,0,0,0,35.7091,0
59.7047,2.58838,0,0,2.04398,0.0270941,0.36288,3.6288,55.9359,0.66528,0,0,0.848718,0.289256,0,0.66528,12.849,1,0.54846,0.36288,0,32.7872,6.03918,26.5624,0.84672,12.849,0.84672,3695.15,0,36.966,0.739692,1.35133,2.46724,3.96584,1.48833,5.55639,0.42336,36.966,0.42336,423.524,0,1.02816,0,0,2.37949,1.35133,1.028160,1,0,32.1188,0,0,0,32.1188,0
57.9905,2.49549,0,0,1.19836,0.0541784,0.36288,3.6288,55.4354,0.66528,0,0,0.421855,0.257129,0,0.66528,12.849,1,0.537053,0.36288,0,26.1981,6.38622,19.6377,0.84672,12.849,0.84672,3695.15,0,36.966,0.63756,0.355372,2.46768,2.7687,1.54841,3.40578,0.42336,36.966,0.42336,423.524,0,1.02816,0,0,1.38353,0.355372,1.028160,1,0,23.0435,0,0,0,23.0435,0
56.1272,2.48302,0,0,1.08468,0.102067,0.36288,3.6288,54.8074,0.775068,0,0,0.364863,0.21776,0,0.66528,12.849,1,0.550164,0.36288,0,19.7839,6.16798,13.4286,0.84672,12.849,0.84672,3695.15,0,36.966,0.637948,0.216518,2.36923,2.12395,1.4636,2.60814,0.42336,36.966,0.42336,423.524,0,0.918372,0,0,1.13489,0.216518,1.028160,1,0,16.0367,0,0,0,16.0367,0
54.8049,2.46868,0,0,1.62679,0.117612,0.36288,3.6288,54.3584,0.66528,0,0,0.419927,0.203627,0,0.66528,12.849,1,0.565145,0.36288,0,24.0938,6.05756,17.8339,0.84672,12.849,0.84672,3695.15,0,36.966,0.638336,0.383988,2.36965,2.25913,1.42567,2.94875,0.42336,36.966,0.42336,423.524,0,1.02816,0,0,1.41215,0.383988,1.028160,1,0,20.7827,0,0,0,20.7827,0
54.0642,2.45815,0,0,2.19643,0.116067,0.36288,3.6288,54.1687,0.66528,0,0,0.678581,0.203025,0,0.66528,12.849,1,0.576312,0.36288,0,48.0794,6.05756,41.8085,0.84672,12.849,0.84672,3695.15,0,36.966,0.638724,1.26792,2.37007,3.55863,1.42567,5.13223,0.42336,36.966,0.42336,423.524,0,1.02816,0,0,2.29608,1.26792,1.028160,1,0,46.9407,0,0,0,46.9407,0
52.8803,2.38262,0,0,1.71408,0.152523,0.36288,3.6288,53.8489,0.66528,0,0,0.544231,0.198702,0,0.66528,12.849,1,0.566259,0.36288,0,57.023,5.12569,51.694,0.84672,12.849,0.84672,3695.15,0,36.966,0.545705,0.726183,2.37049,2.39212,1.2409,3.70219,0.42336,36.966,0.42336,423.524,0,1.02816,0,0,1.75434,0.726183,1.028160,1,0,55.3962,0,0,0,55.3962,0
52.9563,2.37292,0,0,3.01172,0.199855,0.36288,3.6288,53.6734,0.66528,0,0,0.682654,0.192869,0,0.66528,12.849,1,0.57658,0.36288,0,67.2313,3.88321,63.1344,0.84672,12.849,0.84672,3695.15,0,36.966,0.546075,0.901195,2.28258,3.27004,0.994537,4.91321,0.42336,36.966,0.42336,423.524,0,1.02816,0,0,1.92936,0.901195,1.028160,1,0,68.0476,0,0,0,68.0476,0
52.9185,2.37409,0,0,2.89912,0.200011,0.36288,3.6288,53.3492,0.66528,0,0,0.53368,0.192605,0,0.66528,12.849,1,0.576035,0.36288,0,64.5719,3.88321,60.4755,0.84672,12.849,0.84672,3695.15,0,36.966,0.546445,0.778965,2.28299,4.68513,0.994537,6.2061,0.42336,36.966,0.42336,423.524,0,1.02816,0,0,1.80713,0.778965,1.028160,1,0,66.6816,0,0,0,66.6816,0
52.6882,2.37426,0,0,2.70683,0.199934,0.36288,3.6288,53.5322,0.66528,0,0,1.04036,0.192108,0,0.66528,12.849,1,0.576488,0.36288,0,76.9884,3.88321,72.8916,0.84672,12.849,0.84672,3695.15,0,36.966,0.546816,1.43965,2.28339,4.42353,0.994537,6.60522,0.42336,36.966,0.42336,423.524,0,1.02816,0,0,2.46781,1.43965,1.028160,1,0,79.4968,0,0,0,79.4968,0
52.6783,2.17573,0,0,2.73701,0.208264,0.36288,3.6288,53.4236,0.602044,0,0,0.687134,0.193746,0,0.66528,12.849,1,0.530592,0.36288,0,61.6663,3.88134,57.6172,0.84672,12.849,0.84672,3695.15,0,36.966,0.415734,1.18329,2.28379,5.6708,0.971116,7.75104,0.42336,36.966,0.42336,423.524,0,1.02816,0,0,2.21145,1.18329,1.028160,1,0,65.3683,0,0,0,65.3683,0
52.822,2.17611,0,0,2.908,0.225308,0.36288,3.6288,53.2279,0.601741,0,0,0.667144,0.261045,0,0.66528,12.849,1,0.530785,0.36288,0,85.2224,4.6542,80.4003,0.84672,12.849,0.84672,3695.15,0,36.966,0.41637,1.04956,2.08786,3.71256,1.12044,5.31317,0.42336,36.966,0.42336,423.524,0,1.02816,0,0,2.07772,1.04956,1.028160,1,0,85.7134,0,0,0,85.7134,0
53.6612,2.17774,0,0,3.63296,0.253193,0.36288,3.6288,53.1249,0.601034,0,0,0.682076,0.184082,0,0.66528,12.849,1,0.529736,0.36288,0,107.632,4.25301,103.212,0.84672,12.849,0.84672,3695.15,0,36.966,0.41741,1.34065,2.08822,5.11376,1.06057,7.06465,0.42336,36.966,0.42336,423.524,0,1.02816,0,0,2.36881,1.34065,1.028160,1,0,110.277,0,0,0,110.277,0
54.4705,2.18488,0,0,3.61718,0.260147,0.36288,3.6288,53.2004,0.600754,0,0,0.845531,0.169255,0,0.66528,12.849,1,0.523163,0.36288,0,124.552,4.1874,120.204,0.84672,12.849,0.84672,3695.15,0,36.966,0.418024,1.70295,2.08859,6.65648,1.04744,8.98256,0.42336,36.966,0.42336,423.524,0,1.02816,0,0,2.73111,1.70295,1.028160,1,0,129.187,0,0,0,129.187,0
58.3456,2.19164,0,0,6.69197,0.26229,0.36288,3.6288,54.4178,0.6013,0,0,1.98804,0.169357,0,0.66528,12.849,1,0.516984,0.36288,0,180.763,4.1874,176.422,0.84672,12.849,0.84672,3695.15,0,36.966,0.41781,4.67141,2.08895,12.5988,1.04744,17.894,0.42336,36.966,0.42336,423.524,0,1.02816,0,0,5.69957,4.67141,1.028160,1,0,194.316,0,0,0,194.316,0
65.1729,2.29755,0,0,9.71716,0.229397,0.36288,3.6288,56.1683,0.640662,0,0,2.57629,0.185074,0,0.66528,12.849,1,0.505972,0.36288,0,131.167,4.11831,126.906,0.84672,12.849,0.84672,3695.15,0,36.966,0.435202,6.63009,2.08932,11.0207,1.05121,18.2537,0.42336,36.966,0.42336,423.524,0,1.02816,0,0,7.65825,6.63009,1.028160,1,0,145.16,0,0,0,145.16,0
69.0905,2.3423,0,0,6.88681,0.264083,0.36288,3.6288,56.5617,0.649039,0,0,1.26744,0.225032,0,0.66528,12.849,1,0.46179,0.36288,0,164.847,4.50965,160.238,0.84672,12.849,0.84672,3695.15,0,36.966,0.427151,4.71061,2.15095,6.99559,1.24646,12.1835,0.42336,36.966,0.42336,423.524,0,1.02816,0,0,5.73877,4.71061,1.028160,1,0,172.422,0,0,0,172.422,0
72.29,2.36485,0,0,6.51086,0.27238,0.674126,3.6288,56.8706,0.651033,0,0,1.18552,0.22561,0,0.66528,12.849,1,0.4398,0.674126,0,168.847,4.50965,164.572,0.84672,12.849,0.84672,3695.15,0,36.966,0.425484,3.31361,2.15131,6.75331,1.24646,10.5463,0.42336,36.966,0.42336,423.524,0,1.02816,0,0,4.34177,3.31361,1.028160,1,0,175.118,0,0,0,175.118,0
72.29,2.38186,0,0,6.03287,0.279157,3.37185,3.6288,56.9736,0.652632,0,0,0.981668,0.226064,0,0.66528,12.849,1,0.423357,3.37185,0,140.212,4.50965,138.651,0.84672,12.849,0.84672,3695.15,0,36.966,0.424212,3.30129,2.15167,5.53349,1.24646,9.31577,0.42336,36.966,0.42336,423.524,0,1.02816,0,0,4.32945,3.30129,1.028160,1,0,147.966,0,0,0,147.966,0
72.29,2.63975,0,0,6.04998,0.287711,3.12252,3.6288,57.3047,0.66528,0,0,1.21773,0.22131,0,0.66528,12.849,1,0.469196,3.12252,0,136.509,4.46549,134.696,0.84672,12.849,0.84672,3695.15,0,36.966,0.623878,4.83888,2.15202,7.37497,1.20155,12.5404,0.42336,36.966,0.42336,423.524,0,1.02816,0,0,5.86704,4.83888,1.028160,1,0,147.237,0,0,0,147.237,0
72.29,2.64028,0,0,5.17016,0.309096,2.22079,3.6288,57.3077,0.66528,0,0,0.877746,0.209496,0,0.66528,12.849,1,0.469289,2.22079,0,105.783,4.35508,103.179,0.84672,12.849,0.84672,3695.15,0,36.966,0.624244,2.28322,2.37298,5.1255,1.08928,8.06817,0.42336,36.966,0.42336,423.524,0,1.02816,0,0,3.31138,2.28322,1.028160,1,0,111.248,0,0,0,111.248,0
72.29,2.6408,0,0,6.65385,0.309096,3.70396,3.6288,57.6385,0.66528,0,0,1.20566,0.2095,0,0.66528,12.849,1,0.469382,3.70396,0,115.282,4.35508,114.161,0.84672,12.849,0.84672,3695.15,0,36.966,0.624609,2.6682,2.37337,6.78862,1.08928,10.1163,0.42336,36.966,0.42336,423.524,0,1.02816,0,0,3.69636,2.6682,1.028160,1,0,124.278,0,0,0,124.278,0
72.29,2.64133,0,0,8.09957,0.297037,5.1612,3.6288,58.0613,0.66528,0,0,1.30198,0.213974,0,0.66528,12.849,1,0.469476,5.1612,0,107.384,4.3301,107.746,0.84672,12.849,0.84672,3695.15,0,36.966,0.624975,3.32731,2.37377,8.68396,1.07254,12.6875,0.42336,36.966,0.42336,423.524,0,1.02816,0,0,4.35547,3.32731,1.028160,1,0,120.433,0,0,0,120.433,0
72.29,2.27443,0,0,5.81875,0.330702,3.21361,3.6288,58.5235,0.614616,0,0,1.26758,0.190759,0,0.66528,12.849,1,0.404263,3.21361,0,106.372,3.9993,105.182,0.84672,12.849,0.84672,3695.15,0,36.966,0.391309,2.51561,2.37417,8.02571,1.00199,11.5222,0.42336,36.966,0.42336,423.524,0,1.02816,0,0,3.54377,2.51561,1.028160,1,0,116.704,0,0,0,116.704,0
72.29,2.27489,0,0,3.46441,0.323551,0.865962,3.6288,58.8367,0.616703,0,0,1.11011,0.180145,0,0.66528,12.849,1,0.404345,0.865962,0,95.4003,4.09584,91.7661,0.84672,12.849,0.84672,3695.15,0,36.966,0.389537,1.28844,2.07352,5.56076,0.858387,7.6748,0.42336,36.966,0.42336,423.524,0,1.02816,0,0,2.3166,1.28844,1.028160,1,0,99.4409,0,0,0,99.4409,0
72.29,2.27535,0,0,6.14118,0.312223,3.55361,3.6288,59.5557,0.61817,0,0,1.51171,0.174586,0,0.66528,12.849,1,0.404427,3.55361,0,105.341,4.00865,104.481,0.84672,12.849,0.84672,3695.15,0,36.966,0.388384,2.33637,2.07387,11.1222,0.845862,14.2982,0.42336,36.966,0.42336,423.524,0,1.02816,0,0,3.36453,2.33637,1.028160,1,0,118.779,0,0,0,118.779,0
72.29,2.27581,0,0,5.20443,0.343677,2.58494,3.6288,60.7225,0.621257,0,0,2.00066,0.212568,0,0.66528,12.849,1,0.404508,2.58494,0,127.481,4.32165,125.34,0.84672,12.849,0.84672,3695.15,0,36.966,0.385612,3.15609,2.07421,8.53312,0.926627,12.4512,0.42336,36.966,0.42336,423.524,0,1.02816,0,0,4.18425,3.15609,1.028160,1,0,137.791,0,0,0,137.791,0
72.29,2.27627,0,0,6.771,0.304149,4.19058,3.6288,61.308,0.626058,0,0,1.85049,0.201563,0.437399,0.66528,12.849,1,0.40459,4.19058,0,146.814,4.04576,146.555,0.84672,12.849,0.84672,3695.15,0,36.966,0.381125,2.72373,2.07455,10.8773,0.901316,14.3932,0.42336,36.966,0.42336,423.524,0,1.02816,0,0,3.75189,2.72373,1.028160,1,0,161.385,0,0,0,161.385,0
72.29,2.3693,0,0,6.40891,0.324749,3.71486,3.6288,61.308,0.66528,0,0,1.0934,0.157661,0.270459,0.66528,12.849,1,0.421125,3.71486,0,159.057,3.52177,158.829,0.84672,12.849,0.84672,3695.15,0,36.966,0.411927,1.92942,2.0749,8.73219,0.747377,11.5772,0.42336,36.966,0.42336,423.524,0,1.02816,0,0,2.95758,1.92942,1.028160,1,0,170.677,0,0,0,170.677,0
72.29,2.36978,0,0,5.4515,0.328182,2.75355,3.6288,61.308,0.66528,0,0,1.39366,0.150219,0.578159,0.66528,12.849,1,0.42121,2.75355,0,95.8193,3.43445,94.7172,0.84672,12.849,0.84672,3695.15,0,36.966,0.412254,1.90731,2.14953,8.78567,0.721721,11.7085,0.42336,36.966,0.42336,423.524,0,1.02816,0,0,2.93547,1.90731,1.028160,1,0,107.004,0,0,0,107.004,0
72.29,2.37025,0,0,4.78964,0.328182,2.09121,3.6288,61.308,0.66528,0,0,0.977253,0.150219,0.161754,0.66528,12.849,1,0.421294,2.09121,0,106.836,3.43445,105.072,0.84672,12.849,0.84672,3695.15,0,36.966,0.412581,1.36784,2.14989,7.77038,0.721721,10.1538,0.42336,36.966,0.42336,423.524,0,1.02816,0,0,2.396,1.36784,1.028160,1,0,115.387,0,0,0,115.387,0
72.29,2.37073,0,0,4.06347,0.29247,1.40027,3.6288,61.2406,0.66528,0,0,0.767137,0.16925,0,0.66528,12.849,1,0.421379,1.40027,0,99.3989,3.66712,96.7106,0.84672,12.849,0.84672,3695.15,0,36.966,0.412908,0.998991,2.15025,7.5695,0.767522,9.53831,0.42336,36.966,0.42336,423.524,0,1.02816,0,0,2.02715,0.998991,1.028160,1,0,106.249,0,0,0,106.249,0
72.29,2.33498,0,0,4.31284,0.25334,1.72451,3.6288,61.308,0.655655,0,0,1.15342,0.178356,0.252018,0.66528,12.849,1,0.415026,1.72451,0,79.9356,3.47405,77.771,0.84672,12.849,0.84672,3695.15,0,36.966,0.395766,1.94878,2.15061,7.71129,0.8217,10.5932,0.42336,36.966,0.42336,423.524,0,1.02816,0,0,2.97694,1.94878,1.028160,1,0,88.6162,0,0,0,88.6162,0
72.29,2.33545,0,0,4.18084,0.216806,1.62858,3.6288,61.308,0.656127,0,0,1.08847,0.190575,0.241765,0.66528,12.849,1,0.415109,1.62858,0,103.321,3.30519,101.23,0.84672,12.849,0.84672,3695.15,0,36.966,0.395616,1.92737,2.12204,6.64166,0.853283,9.44217,0.42336,36.966,0.42336,423.524,0,1.02816,0,0,2.95553,1.92737,1.028160,1,0,110.914,0,0,0,110.914,0
72.29,2.33592,0,0,3.79242,0.200756,1.25574,3.6288,61.308,0.656328,0,0,0.947609,0.21004,0.0812406,0.66528,12.849,1,0.415193,1.25574,0,74.488,3.82284,71.5057,0.84672,12.849,0.84672,3695.15,0,36.966,0.395737,1.58405,2.12239,5.4524,0.890991,7.87211,0.42336,36.966,0.42336,423.524,0,1.02816,0,0,2.61221,1.58405,1.028160,1,0,79.4591,0,0,0,79.4591,0
72.29,2.33639,0,0,3.65393,0.200756,1.11677,3.6288,61.308,0.656529,0,0,0.883388,0.21004,0.0168184,0.66528,12.849,1,0.415276,1.11677,0,69.5932,3.82284,66.4719,0.84672,12.849,0.84672,3695.15,0,36.966,0.395858,1.44806,2.12274,5.26505,0.890991,7.549,0.42336,36.966,0.42336,423.524,0,1.02816,0,0,2.47622,1.44806,1.028160,1,0,74.0377,0,0,0,74.0377,0
72.29,2.4599,0,0,3.47293,0.195596,0.817441,3.6288,61.2628,0.66528,0,0,0.838356,0.218299,0,0.66528,12.849,1,0.437228,0.817441,0,55.1325,3.98043,51.5323,0.84672,12.849,0.84672,3695.15,0,36.966,0.483583,1.25937,2.12309,4.79219,0.924973,6.76611,0.42336,36.966,0.42336,423.524,0,1.02816,0,0,2.28753,1.25937,1.028160,1,0,58.2984,0,0,0,58.2984,0
72.29,2.46039,0,0,3.14155,0.193595,0.487562,3.6288,61.308,0.66528,0,0,0.907088,0.196364,0.000221666,0.66528,12.849,1,0.437316,0.487562,0,55.2227,4.33975,50.9332,0.84672,12.849,0.84672,3695.15,0,36.966,0.483923,1.19232,2.22489,3.92748,0.959759,5.90101,0.42336,36.966,0.42336,423.524,0,1.02816,0,0,2.22048,1.19232,1.028160,1,0,56.8345,0,0,0,56.8345,0
72.29,2.46088,0,0,3.17025,0.0985788,0.610787,3.6288,61.308,0.66528,0,0,0.904254,0.230213,0.00876045,0.66528,12.849,1,0.437403,0.610787,0,57.2013,4.79318,52.5815,0.84672,12.849,0.84672,3695.15,0,36.966,0.484263,1.36903,2.22526,4.24687,1.05098,6.30592,0.42336,36.966,0.42336,423.524,0,1.02816,0,0,2.39719,1.36903,1.028160,1,0,58.8962,0,0,0,58.8962,0
72.1698,2.46138,0,0,2.78676,0.0827429,0.36288,3.6288,61.1517,0.66528,0,0,0.744846,0.235846,0,0.66528,12.849,1,0.437491,0.36288,0,51.4229,4.86875,46.4796,0.84672,12.849,0.84672,3695.15,0,36.966,0.484603,1.02984,2.22563,3.6171,1.06618,5.32178,0.42336,36.966,0.42336,423.524,0,1.02816,0,0,2.058,1.02984,1.028160,1,0,51.8014,0,0,0,51.8014,0
71.9194,2.46125,0,0,2.65639,0.0826674,0.36288,3.6288,60.8479,0.66528,0,0,0.597122,0.235613,0,0.66528,12.849,1,0.438197,0.36288,0,47.5857,4.86875,42.6416,0.84672,12.849,0.84672,3695.15,0,36.966,0.484943,0.828792,2.226,3.44605,1.06618,4.94972,0.42336,36.966,0.42336,423.524,0,1.02816,0,0,1.85695,0.828792,1.028160,1,0,47.5913,0,0,0,47.5913,0
71.2159,2.43611,0,0,2.21028,0.114708,0.36288,3.6288,60.5397,0.66528,0,0,0.584813,0.22779,0,0.66528,12.849,1,0.435232,0.36288,0,40.0842,4.58884,35.423,0.84672,12.849,0.84672,3695.15,0,36.966,0.538178,0.900426,2.22637,2.60497,1.08426,4.10934,0.42336,36.966,0.42336,423.524,0,1.02816,0,0,1.92859,0.900426,1.028160,1,0,39.5324,0,0,0,39.5324,0
70.243,2.43296,0,0,1.9423,0.119432,0.36288,3.6288,60.2174,0.66528,0,0,0.569137,0.226119,0,0.66528,12.849,1,0.438962,0.36288,0,38.2364,4.54219,33.6181,0.84672,12.849,0.84672,3695.15,0,36.966,0.538528,0.825587,2.26224,2.35611,1.08727,3.81814,0.42336,36.966,0.42336,423.524,0,1.02816,0,0,1.85375,0.825587,1.028160,1,0,37.4363,0,0,0,37.4363,0
69.1064,2.4283,0,0,1.76849,0.113857,0.36288,3.6288,59.8538,0.66528,0,0,0.538243,0.236549,0,0.66528,12.849,1,0.444191,0.36288,0,33.6593,4.68335,28.8946,0.84672,12.849,0.84672,3695.15,0,36.966,0.538877,0.648501,2.26262,2.28678,1.13879,3.52023,0.42336,36.966,0.42336,423.524,0,1.02816,0,0,1.67666,0.648501,1.028160,1,0,32.4149,0,0,0,32.4149,0
67.9149,2.42263,0,0,1.67899,0.0849862,0.36288,3.6288,59.3915,0.66528,0,0,0.504195,0.301211,0,0.66528,12.849,1,0.450441,0.36288,0,30.3583,5.53024,24.7405,0.84672,12.849,0.84672,3695.15,0,36.966,0.539227,0.671492,2.26299,2.18062,1.44793,3.12796,0.42336,36.966,0.42336,423.524,0,1.02816,0,0,1.69965,0.671492,1.028160,1,0,27.8684,0,0,0,27.8684,0
66.6058,2.4788,0,0,1.61477,0.0822062,0.36288,3.6288,58.9805,0.66528,0,0,0.550871,0.296624,0,0.66528,12.849,1,0.46897,0.36288,0,28.1268,5.55445,22.4663,0.84672,12.849,0.84672,3695.15,0,36.966,0.586753,0.668736,2.26337,2.06127,1.45473,2.9519,0.42336,36.966,0.42336,423.524,0,1.02816,0,0,1.6969,0.668736,1.028160,1,0,25.4182,0,0,0,25.4182,0
65.274,2.47157,0,0,1.58138,0.0787319,0.36288,3.6288,58.5046,0.66528,0,0,0.480329,0.290926,0,0.66528,12.849,1,0.476793,0.36288,0,34.4167,5.58673,28.716,0.84672,12.849,0.84672,3695.15,0,36.966,0.587111,0.617959,2.31409,2.01874,1.46379,2.89989,0.42336,36.966,0.42336,423.524,0,1.02816,0,0,1.64612,0.617959,1.028160,1,0,31.6159,0,0,0,31.6159,0
63.85,2.46393,0,0,1.48073,0.0779004,0.36288,3.6288,57.996,0.66528,0,0,0.446687,0.290037,0,0.66528,12.849,1,0.485018,0.36288,0,27.6333,5.58673,21.9244,0.84672,12.849,0.84672,3695.15,0,36.966,0.587469,0.587434,2.31448,1.81973,1.46379,2.67038,0.42336,36.966,0.42336,423.524,0,1.02816,0,0,1.61559,0.587434,1.028160,1,0,24.5948,0,0,0,24.5948,0
62.3029,2.45541,0,0,1.34815,0.0770114,0.36288,3.6288,57.4657,0.66528,0,0,0.424071,0.289088,0,0.66528,12.849,1,0.494121,0.36288,0,25.184,5.58673,19.466,0.84672,12.849,0.84672,3695.15,0,36.966,0.587828,0.338826,2.31486,1.69741,1.46379,2.29947,0.42336,36.966,0.42336,423.524,0,1.02816,0,0,1.36699,0.338826,1.028160,1,0,21.7655,0,0,0,21.7655,0
60.8326,2.62581,0,0,1.5828,0.0644013,0.36288,3.6288,57.0524,0.66528,0,0,0.529769,0.277774,0,0.66528,12.849,1,0.541533,0.36288,0,26.3254,5.76159,20.3851,0.84672,12.849,0.84672,3695.15,0,36.966,0.758589,0.952957,2.31525,2.57839,1.51164,3.57637,0.42336,36.966,0.42336,423.524,0,1.02816,0,0,1.98112,0.952957,1.028160,1,0,23.9615,0,0,0,23.9615,0
59.0627,2.61553,0,0,1.25141,0.0428637,0.36288,3.6288,56.4944,0.66528,0,0,0.369166,0.261914,0,0.66528,12.849,1,0.552449,0.36288,0,25.0051,5.9031,18.9124,0.84672,12.849,0.84672,3695.15,0,36.966,0.758979,0.606096,2.488,2.09323,1.4773,2.95105,0.42336,36.966,0.42336,423.524,0,1.02816,0,0,1.63426,0.606096,1.028160,1,0,21.8635,0,0,0,21.8635,0
57.1669,2.60245,0,0,1.11172,0.04217,0.36288,3.6288,55.8987,0.66528,0,0,0.330585,0.260964,0,0.66528,12.849,1,0.566158,0.36288,0,22.3491,5.9031,16.2427,0.84672,12.849,0.84672,3695.15,0,36.966,0.759368,0.51478,2.48842,2.04422,1.4773,2.81076,0.42336,36.966,0.42336,423.524,0,1.02816,0,0,1.54294,0.51478,1.028160,1,0,19.0535,0,0,0,19.0535,0
55.3826,2.58763,0,0,1.20754,0.0413985,0.36288,3.6288,55.308,0.66528,0,0,0.334504,0.25995,0,0.66528,12.849,1,0.581603,0.36288,0,21.3598,5.9031,15.238,0.84672,12.849,0.84672,3695.15,0,36.966,0.759758,0.526237,2.48884,2.17128,1.4773,2.9493,0.42336,36.966,0.42336,423.524,0,1.02816,0,0,1.5544,0.526237,1.028160,1,0,18.1873,0,0,0,18.1873,0
54.258,2.57293,0,0,1.86512,0.0539032,0.36288,3.6288,54.7892,0.66528,0,0,0.402353,0.255849,0,0.66528,12.849,1,0.596931,0.36288,0,34.4996,5.81405,28.4515,0.84672,12.849,0.84672,3695.15,0,36.966,0.760147,0.835142,2.48925,2.29465,1.46637,3.39253,0.42336,36.966,0.42336,423.524,0,1.02816,0,0,1.8633,0.835142,1.028160,1,0,31.844,0,0,0,31.844,0
52.9382,2.47776,0,0,1.57844,0.0575197,0.36288,3.6288,54.2711,0.66528,0,0,0.433982,0.286872,0,0.66528,12.849,1,0.586767,0.36288,0,25.4854,6.34398,18.9175,0.84672,12.849,0.84672,3695.15,0,36.966,0.657015,0.489335,2.48967,2.56007,1.44467,3.43739,0.42336,36.966,0.42336,423.524,0,1.02816,0,0,1.5175,0.489335,1.028160,1,0,22.3549,0,0,0,22.3549,0
51.2153,2.46648,0,0,1.21694,0.1105,0.36288,3.6288,53.6991,0.689714,0,0,0.371816,0.25409,0,0.66528,12.849,1,0.598657,0.36288,0,18.6261,6.21694,12.1734,0.84672,12.849,0.84672,3695.15,0,36.966,0.657386,0.216518,2.39025,1.77358,1.30906,2.4139,0.42336,36.966,0.42336,423.524,0,1.00373,0,0,1.22024,0.216518,1.028160,1,0,14.5873,0,0,0,14.5873,0
49.9029,2.45087,0,0,1.60992,0.108548,0.36288,3.6288,53.2644,0.66528,0,0,0.483713,0.253085,0,0.66528,12.849,1,0.614879,0.36288,0,27.1142,6.21694,20.6453,0.84672,12.849,0.84672,3695.15,0,36.966,0.657757,0.66045,2.39066,2.54611,1.30906,3.6304,0.42336,36.966,0.42336,423.524,0,1.02816,0,0,1.68861,0.66045,1.028160,1,0,24.2757,0,0,0,24.2757,0
49.0896,2.4385,0,0,2.09512,0.10706,0.36288,3.6288,53.0314,0.66528,0,0,0.684467,0.25221,0,0.66528,12.849,1,0.627863,0.36288,0,53.0907,6.21694,46.6088,0.84672,12.849,0.84672,3695.15,0,36.966,0.658128,1.33785,2.39106,3.02359,1.30906,4.78532,0.42336,36.966,0.42336,423.524,0,1.02816,0,0,2.36601,1.33785,1.028160,1,0,51.3941,0,0,0,51.3941,0
47.8615,2.36175,0,0,1.67988,0.183348,0.36288,3.6288,52.6062,0.66528,0,0,0.476247,0.236128,0,0.66528,12.849,1,0.618178,0.36288,0,38.8017,5.79234,32.7541,0.84672,12.849,0.84672,3695.15,0,36.966,0.5642,0.555958,2.39146,2.01,1.31909,3.07413,0.42336,36.966,0.42336,423.524,0,1.02816,0,0,1.58412,0.555958,1.028160,1,0,35.8282,0,0,0,35.8282,0
45.9353,2.34972,0,0,1.00669,0.220354,0.36288,3.6288,52.0899,0.66528,0,0,0.401529,0.252608,0,0.66528,12.849,1,0.630809,0.36288,0,24.7755,4.86738,19.6402,0.84672,12.849,0.84672,3695.15,0,36.966,0.564554,0.355588,2.30269,2.09142,1.28287,2.90228,0.42336,36.966,0.42336,423.524,0,1.02816,0,0,1.38375,0.355588,1.028160,1,0,22.5425,0,0,0,22.5425,0
44.5972,2.32951,0,0,1.57,0.215715,0.36288,3.6288,51.7684,0.66528,0,0,0.595372,0.251561,0,0.66528,12.849,1,0.65161,0.36288,0,42.225,4.86738,37.0689,0.84672,12.849,0.84672,3695.15,0,36.966,0.564908,0.931807,2.30308,4.41508,1.28287,5.80219,0.42336,36.966,0.42336,423.524,0,1.02816,0,0,1.95997,0.931807,1.028160,1,0,42.8711,0,0,0,42.8711,0
44.488,2.31479,0,0,2.81881,0.250288,0.36288,3.6288,51.8512,0.66528,0,0,0.985387,0.237289,0,0.66528,12.849,1,0.666921,0.36288,0,57.433,4.43844,52.6905,0.84672,12.849,0.84672,3695.15,0,36.966,0.565262,1.27759,2.30346,6.31914,1.22057,8.11436,0.42336,36.966,0.42336,423.524,0,1.02816,0,0,2.30575,1.27759,1.028160,1,0,60.8049,0,0,0,60.8049,0
45.0658,2.12204,0,0,3.31898,0.25627,0.36288,3.6288,51.9067,0.603855,0,0,0.894465,0.235176,0,0.66528,12.849,1,0.612887,0.36288,0,58.3327,4.36695,53.7157,0.84672,12.849,0.84672,3695.15,0,36.966,0.430503,1.72682,2.30385,4.28733,1.21019,6.67731,0.42336,36.966,0.42336,423.524,0,1.02816,0,0,2.75498,1.72682,1.028160,1,0,60.3931,0,0,0,60.3931,0
45.0147,2.12859,0,0,2.67488,0.234482,0.36288,3.6288,51.4689,0.604309,0,0,0.41705,0.250531,0,0.66528,12.849,1,0.606895,0.36288,0,47.2757,5.20191,41.8298,0.84672,12.849,0.84672,3695.15,0,36.966,0.430367,0.570508,2.10603,4.02629,1.23027,5.04219,0.42336,36.966,0.42336,423.524,0,1.02816,0,0,1.59867,0.570508,1.028160,1,0,46.872,0,0,0,46.872,0
44.9456,2.12848,0,0,2.65662,0.234347,0.36288,3.6288,51.2307,0.602364,0,0,0.613866,0.249646,0,0.66528,12.849,1,0.607553,0.36288,0,53.9762,5.20191,48.5296,0.84672,12.849,0.84672,3695.15,0,36.966,0.43263,1.39114,2.10638,7.47185,1.23027,9.30647,0.42336,36.966,0.42336,423.524,0,1.02816,0,0,2.4193,1.39114,1.028160,1,0,57.836,0,0,0,57.836,0
43.9668,2.12818,0,0,1.73803,0.225855,0.36288,3.6288,50.5198,0.755425,0,0,0.261672,0.217133,0,0.66528,12.849,1,0.608401,0.36288,0,32.0495,4.57701,27.2269,0.84672,12.849,0.84672,3695.15,0,36.966,0.545084,0.412474,2.10673,3.11153,1.05055,4.03509,0.42336,36.966,0.42336,423.524,0,0.762964,0,0,1.17544,0.412474,1.028160,1,0,31.262,0,0,0,31.262,0
42.722,2.11812,0,0,1.4534,0.217195,0.36288,3.6288,49.8029,0.858105,0,0,0.333185,0.191995,0,0.66528,12.849,1,0.619008,0.36288,0,34.5577,4.10833,30.1932,0.84672,12.849,0.84672,3695.15,0,36.966,0.627886,0.412474,2.10707,3.40019,0.91577,4.37608,0.42336,36.966,0.42336,423.524,0,0.5778,0,0,0.990274,0.412474,1.028160,1,0,34.5693,0,0,0,34.5693,0
41.4609,2.17788,0,0,1.51311,0.233376,0.36288,3.6288,49.3369,0.762159,0,0,0.514198,0.218109,0,0.66528,12.849,1,0.655018,0.36288,0,38.0652,4.81616,32.957,0.84672,12.849,0.84672,3695.15,0,36.966,0.565709,0.412474,2.10742,4.03514,1.02815,4.96118,0.42336,36.966,0.42336,423.524,0,0.793195,0,0,1.20567,0.412474,1.028160,1,0,37.9181,0,0,0,37.9181,0
42.6954,2.16309,0,0,4.00463,0.244208,0.36288,3.6288,49.2246,0.62496,0,0,0.75034,0.237625,0,0.66528,12.849,1,0.670354,0.36288,0,61.1034,5.34702,55.4489,0.84672,12.849,0.84672,3695.15,0,36.966,0.468256,0.865676,2.16962,11.7374,1.11243,13.192,0.42336,36.966,0.42336,423.524,0,1.02816,0,0,1.89384,0.865676,1.028160,1,0,68.6409,0,0,0,68.6409,0
50.7637,2.1784,0,0,10.8573,0.24775,0.36288,3.6288,49.8245,0.624528,0,0,1.4618,0.237405,0,0.66528,12.849,1,0.65558,0.36288,0,219.692,5.34702,214.052,0.84672,12.849,0.84672,3695.15,0,36.966,0.468999,3.01861,2.16996,10.1725,1.11243,13.7796,0.42336,36.966,0.42336,423.524,0,1.02816,0,0,4.04677,3.01861,1.028160,1,0,227.832,0,0,0,227.832,0
52.9442,2.26198,0,0,5.08443,0.279108,0.36288,3.6288,50.0794,0.627949,0,0,1.11014,0.227252,0,0.66528,12.849,1,0.572538,0.36288,0,128.17,4.67565,123.285,0.84672,12.849,0.84672,3695.15,0,36.966,0.465891,1.81913,2.1703,5.76698,0.931692,8.35883,0.42336,36.966,0.42336,423.524,0,1.02816,0,0,2.84729,1.81913,1.028160,1,0,131.644,0,0,0,131.644,0
53.6266,2.52764,0,0,3.86014,0.287199,0.36288,3.6288,50.069,0.66528,0,0,0.880062,0.2252,0,0.66528,12.849,1,0.613432,0.36288,0,77.0144,4.54164,72.2222,0.84672,12.849,0.84672,3695.15,0,36.966,0.642855,1.32323,2.17065,4.92176,0.959902,6.81288,0.42336,36.966,0.42336,423.524,0,1.02816,0,0,2.35139,1.32323,1.028160,1,0,79.0351,0,0,0,79.0351,0
56.0495,2.53442,0,0,5.61975,0.299517,0.36288,3.6288,50.4798,0.66528,0,0,1.2861,0.210016,0,0.66528,12.849,1,0.607249,0.36288,0,133.275,3.73758,129.293,0.84672,12.849,0.84672,3695.15,0,36.966,0.643204,2.43759,2.39366,9.07122,1.12916,12.1301,0.42336,36.966,0.42336,423.524,0,1.02816,0,0,3.46575,2.43759,1.028160,1,0,141.423,0,0,0,141.423,0
56.482,2.55625,0,0,3.65851,0.306908,0.36288,3.6288,50.5993,0.66528,0,0,0.995484,0.210722,0,0.66528,12.849,1,0.586004,0.36288,0,80.2259,3.73758,76.2651,0.84672,12.849,0.84672,3695.15,0,36.966,0.643553,1.75981,2.39404,6.92081,1.12916,9.30195,0.42336,36.966,0.42336,423.524,0,1.02816,0,0,2.78797,1.75981,1.028160,1,0,85.5671,0,0,0,85.5671,0
57.5023,2.56039,0,0,4.23165,0.288039,0.36288,3.6288,50.8194,0.66528,0,0,1.04825,0.162861,0,0.66528,12.849,1,0.582458,0.36288,0,83.2507,3.2872,79.7439,0.84672,12.849,0.84672,3695.15,0,36.966,0.643901,2.09982,2.39442,7.48164,0.947319,10.3847,0.42336,36.966,0.42336,423.524,0,1.02816,0,0,3.12798,2.09982,1.028160,1,0,90.1286,0,0,0,90.1286,0
58.742,2.21231,0,0,4.09737,0.282549,0.36288,3.6288,51.0686,0.591737,0,0,0.98518,0.144265,0,0.66528,12.849,1,0.494345,0.36288,0,82.0789,3.037,78.9104,0.84672,12.849,0.84672,3695.15,0,36.966,0.430429,1.71752,2.3948,7.78647,0.863976,10.6044,0.42336,36.966,0.42336,423.524,0,1.02816,0,0,2.74568,1.71752,1.028160,1,0,89.5148,0,0,0,89.5148,0
60.3763,2.22129,0,0,4.50297,0.28451,0.36288,3.6288,51.1524,0.593129,0,0,0.823759,0.146795,0,0.66528,12.849,1,0.485877,0.36288,0,60.1871,2.61671,57.4474,0.84672,12.849,0.84672,3695.15,0,36.966,0.429336,1.39702,2.09131,10.9606,0.800351,13.2193,0.42336,36.966,0.42336,423.524,0,1.02816,0,0,2.42518,1.39702,1.028160,1,0,70.6667,0,0,0,70.6667,0
62.1837,2.23256,0,0,4.69191,0.288988,0.36288,3.6288,51.4103,0.593711,0,0,0.998507,0.146895,0,0.66528,12.849,1,0.475124,0.36288,0,96.7084,2.61671,93.9794,0.84672,12.849,0.84672,3695.15,0,36.966,0.429054,0.802449,2.09164,8.93748,0.800351,10.6022,0.42336,36.966,0.42336,423.524,0,1.02816,0,0,1.83061,0.802449,1.028160,1,0,104.582,0,0,0,104.582,0
62.5533,2.24444,0,0,3.27026,0.293345,0.36288,3.6288,52.0659,0.615232,0,0,1.41806,0.147202,0,0.66528,12.849,1,0.463767,0.36288,0,72.0084,2.61671,69.2908,0.84672,12.849,0.84672,3695.15,0,36.966,0.442376,0.558835,2.09197,6.31315,0.800351,7.72123,0.42336,36.966,0.42336,423.524,0,0.993617,0,0,1.55245,0.558835,1.028160,1,0,77.012,0,0,0,77.012,0
64.1437,2.24714,0,0,4.47832,0.277934,0.36288,3.6288,53.4632,0.598464,0,0,2.14663,0.150915,0,0.66528,12.849,1,0.461582,0.36288,0,106.211,2.66252,103.449,0.84672,12.849,0.84672,3695.15,0,36.966,0.4249,1.11171,2.09229,8.05188,0.807874,10.0231,0.42336,36.966,0.42336,423.524,0,1.02816,0,0,2.13987,1.11171,1.028160,1,0,113.473,0,0,0,113.473,0
64.566,2.34878,0,0,3.42469,0.290758,0.36288,3.6288,54.1631,0.646805,0,0,1.51215,0.165404,0,0.66528,12.849,1,0.470497,0.36288,0,66.5086,2.94454,63.4565,0.84672,12.849,0.84672,3695.15,0,36.966,0.44722,0.731678,2.09262,7.77479,0.916434,9.23544,0.42336,36.966,0.42336,423.524,0,1.02816,0,0,1.75984,0.731678,1.028160,1,0,72.6919,0,0,0,72.6919,0
64.3371,2.35179,0,0,2.79005,0.304283,0.36288,3.6288,54.586,0.650425,0,0,1.2431,0.169808,0,0.66528,12.849,1,0.46802,0.36288,0,54.2011,3.03293,51.0631,0.84672,12.849,0.84672,3695.15,0,36.966,0.443911,0.628603,2.16793,7.00885,0.955846,8.40563,0.42336,36.966,0.42336,423.524,0,1.02816,0,0,1.65676,0.628603,1.028160,1,0,59.4687,0,0,0,59.4687,0
64.0108,2.35085,0,0,2.69114,0.303721,0.36288,3.6288,54.8936,0.661388,0,0,1.13929,0.170283,0,0.66528,12.849,1,0.469497,0.36288,0,63.1751,3.03293,60.0355,0.84672,12.849,0.84672,3695.15,0,36.966,0.447897,0.528595,2.16827,6.51468,0.955846,7.80781,0.42336,36.966,0.42336,423.524,0,1.01352,0,0,1.54212,0.528595,1.028160,1,0,67.8433,0,0,0,67.8433,0
63.3252,2.3493,0,0,2.32958,0.302921,0.36288,3.6288,54.9855,0.654328,0,0,0.916851,0.170629,0,0.66528,12.849,1,0.471579,0.36288,0,43.9995,3.03293,40.8579,0.84672,12.849,0.84672,3695.15,0,36.966,0.440632,0.767249,2.16861,5.29867,0.955846,6.83806,0.42336,36.966,0.42336,423.524,0,1.02816,0,0,1.79541,0.767249,1.028160,1,0,47.696,0,0,0,47.696,0
62.7306,2.30971,0,0,2.36708,0.289133,0.36288,3.6288,55.0227,0.638603,0,0,0.837432,0.161638,0,0.66528,12.849,1,0.468651,0.36288,0,48.0401,2.85779,45.0766,0.84672,12.849,0.84672,3695.15,0,36.966,0.429324,0.710096,2.16896,4.90228,0.91591,6.4361,0.42336,36.966,0.42336,423.524,0,1.02816,0,0,1.73826,0.710096,1.028160,1,0,51.5127,0,0,0,51.5127,0
61.9572,2.30646,0,0,2.13291,0.236968,0.36288,3.6288,54.9025,0.63896,0,0,0.733043,0.214311,0,0.66528,12.849,1,0.472428,0.36288,0,43.4539,3.67328,39.6711,0.84672,12.849,0.84672,3695.15,0,36.966,0.429274,0.566793,2.1401,4.96262,0.991109,6.24913,0.42336,36.966,0.42336,423.524,0,1.02816,0,0,1.59495,0.566793,1.028160,1,0,45.9202,0,0,0,45.9202,0
61.1511,2.30201,0,0,2.05544,0.196638,0.36288,3.6288,54.7977,0.638582,0,0,0.766817,0.232966,0,0.66528,12.849,1,0.477403,0.36288,0,41.6164,3.84625,37.6556,0.84672,12.849,0.84672,3695.15,0,36.966,0.429959,0.633623,2.14044,5.26955,1.00144,6.61222,0.42336,36.966,0.42336,423.524,0,1.02816,0,0,1.66178,0.633623,1.028160,1,0,44.2678,0,0,0,44.2678,0
60.1997,2.29725,0,0,1.90401,0.195333,0.36288,3.6288,54.6384,0.638275,0,0,0.711737,0.232805,0,0.66528,12.849,1,0.482695,0.36288,0,37.9735,3.84625,34.0074,0.84672,12.849,0.84672,3695.15,0,36.966,0.430574,0.531213,2.14077,5.17179,1.00144,6.41177,0.42336,36.966,0.42336,423.524,0,1.02816,0,0,1.55937,0.531213,1.028160,1,0,40.4192,0,0,0,40.4192,0
59.2196,2.41192,0,0,1.98809,0.193343,0.36288,3.6288,54.5251,0.66528,0,0,0.777902,0.225872,0,0.66528,12.849,1,0.514799,0.36288,0,39.3898,3.64021,35.5977,0.84672,12.849,0.84672,3695.15,0,36.966,0.500919,0.451768,2.14111,4.80528,1.01062,5.88662,0.42336,36.966,0.42336,423.524,0,1.02816,0,0,1.47993,0.451768,1.028160,1,0,41.4843,0,0,0,41.4843,0
57.8895,2.40537,0,0,1.60894,0.170831,0.36288,3.6288,54.2058,0.66528,0,0,0.574257,0.228327,0,0.66528,12.849,1,0.521898,0.36288,0,29.6631,5.04777,24.4563,0.84672,12.849,0.84672,3695.15,0,36.966,0.501243,0.419844,2.24383,3.67742,1.04624,4.7936,0.42336,36.966,0.42336,423.524,0,1.02816,0,0,1.448,0.419844,1.028160,1,0,29.2499,0,0,0,29.2499,0
56.5021,2.39601,0,0,1.54017,0.168642,0.36288,3.6288,53.7551,0.759383,0,0,0.536552,0.227845,0,0.66528,12.849,1,0.531812,0.36288,0,27.8846,5.04777,22.6679,0.84672,12.849,0.84672,3695.15,0,36.966,0.517866,0.402797,2.24418,3.4017,1.04624,4.48457,0.42336,36.966,0.42336,423.524,0,0.917758,0,0,1.32055,0.402797,1.028160,1,0,27.1525,0,0,0,27.1525,0
54.9577,2.38582,0,0,1.37068,0.166358,0.36288,3.6288,53.2542,0.766023,0,0,0.492277,0.227143,0,0.66528,12.849,1,0.542554,0.36288,0,25.146,5.04777,19.9186,0.84672,12.849,0.84672,3695.15,0,36.966,0.526774,0.30119,2.24454,3.27808,1.04624,4.25079,0.42336,36.966,0.42336,423.524,0,0.902534,0,0,1.20372,0.30119,1.028160,1,0,24.1694,0,0,0,24.1694,0
53.3952,2.37391,0,0,1.29458,0.120347,0.36288,3.6288,52.6793,0.790085,0,0,0.47278,0.257584,0,0.66528,12.849,1,0.555016,0.36288,0,22.4129,5.42262,16.7982,0.84672,12.849,0.84672,3695.15,0,36.966,0.548431,0.30119,2.24489,3.12206,1.14202,3.9777,0.42336,36.966,0.42336,423.524,0,0.85714,0,0,1.15833,0.30119,1.028160,1,0,20.7759,0,0,0,20.7759,0
51.9641,2.33794,0,0,1.3872,0.117408,0.36288,3.6288,52.2688,0.780624,0,0,0.586106,0.215985,0,0.66528,12.849,1,0.5626,0.36288,0,26.8177,4.51715,22.1008,0.84672,12.849,0.84672,3695.15,0,36.966,0.555922,0.30119,2.24525,3.57978,1.09849,4.4718,0.42336,36.966,0.42336,423.524,0,0.912816,0,0,1.21401,0.30119,1.028160,1,0,26.5726,0,0,0,26.5726,0
50.4655,2.32595,0,0,1.3055,0.115279,0.36288,3.6288,51.9016,0.786745,0,0,0.618716,0.19916,0,0.66528,12.849,1,0.575131,0.36288,0,28.1844,4.15495,23.8172,0.84672,12.849,0.84672,3695.15,0,36.966,0.556408,0.30119,2.28142,3.64043,1.08107,4.58556,0.42336,36.966,0.42336,423.524,0,0.906543,0,0,1.20773,0.30119,1.028160,1,0,28.4027,0,0,0,28.4027,0
48.869,2.31278,0,0,1.18867,0.109568,0.36288,3.6288,51.4492,0.828708,0,0,0.585128,0.208862,0,0.66528,12.849,1,0.588855,0.36288,0,24.8106,4.29611,20.2885,0.84672,12.849,0.84672,3695.15,0,36.966,0.590232,0.261274,2.28178,3.53332,1.1326,4.35354,0.42336,36.966,0.42336,423.524,0,0.83109,0,0,1.09236,0.261274,1.028160,1,0,24.6421,0,0,0,24.6421,0
47.2521,2.29798,0,0,1.12852,0.0845886,0.36288,3.6288,50.9105,0.817173,0,0,0.548116,0.269616,0,0.66528,12.849,1,0.604202,0.36288,0,22.3773,5.143,16.993,0.84672,12.849,0.84672,3695.15,0,36.966,0.587135,0.261274,2.28214,3.36928,1.44173,3.88383,0.42336,36.966,0.42336,423.524,0,0.846055,0,0,1.10733,0.261274,1.028160,1,0,20.8768,0,0,0,20.8768,0
45.4909,2.34097,0,0,1.02444,0.0817137,0.36288,3.6288,50.2656,0.886624,0,0,0.513132,0.271459,0,0.66528,12.849,1,0.636566,0.36288,0,24.773,5.24899,19.2503,0.84672,12.849,0.84672,3695.15,0,36.966,0.643775,0.261274,2.2825,3.11564,1.43589,3.57975,0.42336,36.966,0.42336,423.524,0,0.767906,0,0,1.02918,0.261274,1.028160,1,0,22.83,0,0,0,22.83,0
43.7066,2.32219,0,0,0.977435,0.0767069,0.36288,3.6288,49.5039,0.947032,0,0,0.462918,0.277543,0,0.66528,12.849,1,0.655906,0.36288,0,20.3984,5.51397,14.5914,0.84672,12.849,0.84672,3695.15,0,36.966,0.69646,0.261274,2.33366,2.70001,1.4213,3.17718,0.42336,36.966,0.42336,423.524,0,0.655154,0,0,0.916427,0.261274,1.028160,1,0,17.7686,0,0,0,17.7686,0
41.8803,2.30193,0,0,0.913706,0.0751713,0.36288,3.6288,48.6702,0.986244,0,0,0.428302,0.275814,0,0.66528,12.849,1,0.676728,0.36288,0,19.3958,5.51397,13.568,0.84672,12.849,0.84672,3695.15,0,36.966,0.736456,0.261274,2.33403,2.36916,1.4213,2.8067,0.42336,36.966,0.42336,423.524,0,0.576288,0,0,0.837562,0.261274,1.028160,1,0,16.3747,0,0,0,16.3747,0
40.0655,2.27978,0,0,0.901437,0.0735997,0.36288,3.6288,47.9317,0.927929,0,0,0.463388,0.273922,0,0.66528,12.849,1,0.699442,0.36288,0,17.9976,5.51397,12.147,0.84672,12.849,0.84672,3695.15,0,36.966,0.704782,0.227405,2.3344,2.67926,1.4213,3.11499,0.42336,36.966,0.42336,423.524,0,0.666619,0,0,0.894024,0.227405,1.028160,1,0,15.262,0,0,0,15.262,0
38.1941,2.42219,0,0,0.972683,0.0590475,0.36288,3.6288,47.2331,0.9335,0,0,0.489542,0.254663,0,0.66528,12.849,1,0.776795,0.36288,0,18.5503,5.75555,12.3808,0.84672,12.849,0.84672,3695.15,0,36.966,0.778189,0.227405,2.33477,3.30504,1.49108,3.59794,0.42336,36.966,0.42336,423.524,0,0.75994,0,0,0.987345,0.227405,1.028160,1,0,15.9787,0,0,0,15.9787,0
36.2015,2.39416,0,0,0.809395,0.0448792,0.36288,3.6288,46.5497,0.874048,0,0,0.454925,0.264313,0,0.66528,12.849,1,0.805426,0.36288,0,21.5264,6.08445,14.9994,0.84672,12.849,0.84672,3695.15,0,36.966,0.77856,0.227405,2.50907,3.26851,1.53951,3.68691,0.42336,36.966,0.42336,423.524,0,0.819392,0,0,1.0468,0.227405,1.028160,1,0,18.6863,0,0,0,18.6863,0
34.148,2.36188,0,0,0.713007,0.0417621,0.36288,3.6288,45.7817,0.912237,0,0,0.410558,0.266303,0,0.66528,12.849,1,0.838301,0.36288,0,19.9501,6.14061,13.3341,0.84672,12.849,0.84672,3695.15,0,36.966,0.778932,0.227405,2.50947,3.31075,1.54642,3.72228,0.42336,36.966,0.42336,423.524,0,0.781203,0,0,1.00861,0.227405,1.028160,1,0,17.0564,0,0,0,17.0564,0
32.1648,2.35406,0,0,0.774455,0.0407367,0.36288,3.6288,45.0509,0.881747,0,0,0.415427,0.264418,0,0.66528,12.849,1,0.84672,0.36288,0,19.0671,6.14061,12.4426,0.84672,12.849,0.84672,3695.15,0,36.966,0.779303,0.204422,2.50987,3.51656,1.54642,3.90513,0.42336,36.966,0.42336,423.524,0,0.811693,0,0,1.01612,0.204422,1.028160,1,0,16.3478,0,0,0,16.3478,0
30.5935,2.35466,0,0,1.1962,0.0499256,0.36288,3.6288,44.611,0.679838,0,0,0.499689,0.259775,0,0.66528,12.849,1,0.84672,0.36288,0,30.7963,6.05156,24.2609,0.84672,12.849,0.84672,3695.15,0,36.966,0.779675,0.204422,2.51027,3.71633,1.53549,4.11585,0.42336,36.966,0.42336,423.524,0,1.0136,0,0,1.21802,0.204422,1.028160,1,0,28.3768,0,0,0,28.3768,0
29.0106,2.24834,0,0,1.08417,0.055859,0.36288,3.6288,43.95,0.863995,0,0,0.445878,0.242911,0,0.66528,12.849,1,0.84672,0.36288,0,20.8908,5.75417,14.6528,0.84672,12.849,0.84672,3695.15,0,36.966,0.715932,0.204422,2.51067,3.20046,1.52743,3.67219,0.42336,36.966,0.42336,423.524,0,0.7891,0,0,0.993522,0.204422,1.028160,1,0,18.325,0,0,0,18.325,0
27.3959,2.24892,0,0,1.04986,0.052761,0.36288,3.6288,43.5108,0.66528,0,0,0.459964,0.233882,0,0.66528,12.849,1,0.84672,0.36288,0,16.0504,5.55334,10.0132,0.84672,12.849,0.84672,3695.15,0,36.966,0.67594,0.488307,2.41032,3.58074,1.53321,4.27022,0.42336,36.966,0.42336,423.524,0,1.02816,0,0,1.51647,0.488307,1.028160,1,0,14.2834,0,0,0,14.2834,0
25.2038,2.2495,0,0,0.471807,0.0516044,0.36288,3.6288,42.5954,0.951627,0,0,0.269167,0.232911,0,0.66528,12.849,1,0.84672,0.36288,0,13.7831,5.55334,7.74595,0.84672,12.849,0.84672,3695.15,0,36.966,0.808486,0.216518,2.41071,1.93569,1.53321,2.22121,0.42336,36.966,0.42336,423.524,0,0.609621,0,0,0.82614,0.216518,1.028160,1,0,9.96716,0,0,0,9.96716,0
23.0747,2.25008,0,0,0.533917,0.0500342,0.36288,3.6288,41.7116,0.968474,0,0,0.315522,0.230889,0,0.66528,12.849,1,0.84672,0.36288,0,11.0646,5.55334,5.02737,0.84672,12.849,0.84672,3695.15,0,36.966,0.84048,0.216518,2.41109,2.1555,1.53321,2.40941,0.42336,36.966,0.42336,423.524,0,0.561133,0,0,0.777652,0.216518,1.028160,1,0,7.43678,0,0,0,7.43678,0
21.9379,2.16284,0,0,1.51864,0.129642,0.36288,3.6288,41.4152,0.661177,0,0,0.599633,0.234842,0,0.66528,12.849,1,0.84672,0.36288,0,16.0929,4.91601,10.693,0.84672,12.849,0.84672,3695.15,0,36.966,0.585954,1.08337,2.41147,4.81869,1.34656,6.38102,0.42336,36.966,0.42336,423.524,0,1.02816,0,0,2.11153,1.08337,1.028160,1,0,17.074,0,0,0,17.074,0
20.1093,2.16341,0,0,0.854582,0.156927,0.36288,3.6288,40.9633,0.65914,0,0,0.407325,0.200096,0,0.66528,12.849,1,0.84672,0.36288,0,15.8424,5.65383,9.70472,0.84672,12.849,0.84672,3695.15,0,36.966,0.588329,0.314047,2.32188,2.71144,1.26146,3.49758,0.42336,36.966,0.42336,423.524,0,1.02816,0,0,1.34221,0.314047,1.028160,1,0,13.2023,0,0,0,13.2023,0
18.7622,2.16398,0,0,1.33277,0.153046,0.36288,3.6288,40.7121,0.655906,0,0,0.603962,0.199221,0,0.66528,12.849,1,0.84672,0.36288,0,27,5.65383,20.8623,0.84672,12.849,0.84672,3695.15,0,36.966,0.591901,0.872951,2.32225,5.72392,1.26146,7.06576,0.42336,36.966,0.42336,423.524,0,1.02816,0,0,1.90111,0.872951,1.028160,1,0,27.9281,0,0,0,27.9281,0
18.4504,2.16454,0,0,2.39292,0.17731,0.36288,3.6288,40.8712,0.654169,0,0,0.999637,0.186392,0,0.66528,12.849,1,0.84672,0.36288,0,36.7248,5.22489,31.0161,0.84672,12.849,0.84672,3695.15,0,36.966,0.593976,1.20836,2.32262,8.19239,1.19916,9.93022,0.42336,36.966,0.42336,423.524,0,1.02816,0,0,2.23652,1.20836,1.028160,1,0,40.9463,0,0,0,40.9463,0
18.8084,1.91551,0,0,2.81749,0.18103,0.36288,3.6288,41.0425,0.551432,0,0,0.907373,0.184621,0,0.66528,12.849,1,0.84672,0.36288,0,37.2997,5.1534,31.6625,0.84672,12.849,0.84672,3695.15,0,36.966,0.498744,1.64408,2.32298,5.5583,1.18878,7.83785,0.42336,36.966,0.42336,423.524,0,1.02816,0,0,2.67224,1.64408,1.028160,1,0,39.5003,0,0,0,39.5003,0
19.4622,1.91603,0,0,3.11351,0.180863,0.36288,3.6288,41.5744,0.552688,0,0,1.30625,0.221621,0,0.66528,12.849,1,0.84672,0.36288,0,51.0487,4.42548,46.1394,0.84672,12.849,0.84672,3695.15,0,36.966,0.497792,2.46556,2.12336,8.11725,1.18808,11.0203,0.42336,36.966,0.42336,423.524,0,1.02816,0,0,3.49372,2.46556,1.028160,1,0,57.1597,0,0,0,57.1597,0
20.9589,1.91656,0,0,3.95855,0.182351,0.36288,3.6288,42.0496,0.55622,0,0,1.26024,0.228913,0,0.66528,12.849,1,0.84672,0.36288,0,51.8095,4.30416,47.0215,0.84672,12.849,0.84672,3695.15,0,36.966,0.494564,2.88933,2.1237,6.61452,1.18796,9.94503,0.42336,36.966,0.42336,423.524,0,1.02816,0,0,3.91749,2.88933,1.028160,1,0,56.9665,0,0,0,56.9665,0
21.3792,1.91708,0,0,2.88643,0.18617,0.36288,3.6288,42.2667,0.559355,0,0,1.00646,0.229964,0,0.66528,12.849,1,0.84672,0.36288,0,45.115,4.30416,40.327,0.84672,12.849,0.84672,3695.15,0,36.966,0.491733,2.30107,2.12403,7.6272,1.18796,10.3726,0.42336,36.966,0.42336,423.524,0,1.02816,0,0,3.32923,2.30107,1.028160,1,0,50.6996,0,0,0,50.6996,0
21.1143,1.91761,0,0,2.19362,0.178003,0.36288,3.6288,42.1595,0.560865,0,0,0.639766,0.186054,0,0.66528,12.849,1,0.84672,0.36288,0,32.1636,3.36681,28.313,0.84672,12.849,0.84672,3695.15,0,36.966,0.490527,1.11548,2.12436,4.21892,0.918394,6.04985,0.42336,36.966,0.42336,423.524,0,1.02816,0,0,2.14364,1.11548,1.028160,1,0,34.3628,0,0,0,34.3628,0
20.3967,1.91761,0,0,1.7461,0.183272,0.36288,3.6288,42.2443,0.560201,0,0,0.835285,0.190286,0,0.66528,12.849,1,0.84672,0.36288,0,37.0456,3.75256,32.8092,0.84672,12.849,0.84672,3695.15,0,36.966,0.491191,1.06484,2.1247,5.83045,1.00654,7.52226,0.42336,36.966,0.42336,423.524,0,1.02816,0,0,2.093,1.06484,1.028160,1,0,40.3314,0,0,0,40.3314,0
19.7382,2.01421,0,0,1.89387,0.17527,0.36288,3.6288,42.8927,0.591535,0,0,1.40327,0.163314,0,0.66528,12.849,1,0.84672,0.36288,0,44.1257,3.42198,40.2199,0.84672,12.849,0.84672,3695.15,0,36.966,0.517624,2.16652,2.1247,7.4075,0.902853,10.2782,0.42336,36.966,0.42336,423.524,0,1.02816,0,0,3.19468,2.16652,1.028160,1,0,50.4981,0,0,0,50.4981,0
20,2.01472,0,0,2.80676,0.167321,0.36288,3.6288,43.541,0.595897,0,0,1.3912,0.147067,0,0.66528,12.849,1,0.84672,0.36288,0,92.3564,3.00069,88.8719,0.84672,12.849,0.84672,3695.15,0,36.966,0.513558,1.75281,2.18743,8.20826,0.790407,10.8445,0.42336,36.966,0.42336,423.524,0,1.02816,0,0,2.78097,1.75281,1.028160,1,0,99.7164,0,0,0,99.7164,0
19.6378,2.01523,0,0,2.18384,0.167932,0.36288,3.6288,43.9825,0.600193,0,0,1.1897,0.147977,0,0.66528,12.849,1,0.84672,0.36288,0,56.9368,3.00069,53.4523,0.84672,12.849,0.84672,3695.15,0,36.966,0.50956,1.31619,2.18776,5.96411,0.790407,8.16809,0.42336,36.966,0.42336,423.524,0,1.02816,0,0,2.34435,1.31619,1.028160,1,0,61.6204,0,0,0,61.6204,0
18.8151,2.01574,0,0,1.72301,0.167087,0.36288,3.6288,44.2847,0.603134,0,0,1.05392,0.148596,0,0.66528,12.849,1,0.84672,0.36288,0,36.2732,3.00069,32.7887,0.84672,12.849,0.84672,3695.15,0,36.966,0.506916,1.02345,2.18808,5.07555,0.790407,6.98976,0.42336,36.966,0.42336,423.524,0,1.02816,0,0,2.05161,1.02345,1.028160,1,0,39.7785,0,0,0,39.7785,0
19.3691,2.24451,0,0,3.33443,0.173085,0.36288,3.6288,44.9863,0.66528,0,0,1.54881,0.18189,0,0.66528,12.849,1,0.84672,0.36288,0,75.1131,3.50878,71.1205,0.84672,12.849,0.84672,3695.15,0,36.966,0.613413,3.46583,2.18841,8.39514,1.14041,12.2956,0.42336,36.966,0.42336,423.524,0,1.02816,0,0,4.49399,3.46583,1.028160,1,0,83.4161,0,0,0,83.4161,0
19.1436,2.24506,0,0,2.55688,0.174439,0.36288,3.6288,45.6931,0.66528,0,0,1.55508,0.183092,0,0.66528,12.849,1,0.84672,0.36288,0,52.85,3.50878,48.8574,0.84672,12.849,0.84672,3695.15,0,36.966,0.613737,1.74464,2.36157,5.91278,1.14041,8.26484,0.42336,36.966,0.42336,423.524,0,1.02816,0,0,2.7728,1.74464,1.028160,1,0,57.1222,0,0,0,57.1222,0
19.9427,2.24561,0,0,3.58147,0.173888,0.36288,3.6288,46.371,0.66528,0,0,1.52748,0.184303,0,0.66528,12.849,1,0.84672,0.36288,0,75.9159,3.50878,71.9233,0.84672,12.849,0.84672,3695.15,0,36.966,0.614062,1.71886,2.36192,12.4103,1.14041,14.7366,0.42336,36.966,0.42336,423.524,0,1.02816,0,0,2.74702,1.71886,1.028160,1,0,86.6599,0,0,0,86.6599,0
21.2812,2.24615,0,0,4.1233,0.175726,0.36288,3.6288,48.0487,0.66528,0,0,2.50747,0.164399,0,0.66528,12.849,1,0.84672,0.36288,0,157.447,3.31128,153.652,0.84672,12.849,0.84672,3695.15,0,36.966,0.614386,2.92676,2.36228,11.6692,1.0451,15.2987,0.42336,36.966,0.42336,423.524,0,1.02816,0,0,3.95492,2.92676,1.028160,1,0,168.95,0,0,0,168.95,0
23.4539,1.81626,0,0,4.53139,0.179566,0.36288,3.6288,49.035,0.563371,0,0,1.76648,0.21689,0,0.66528,12.849,1,0.84672,0.36288,0,137.551,3.7695,133.298,0.84672,12.849,0.84672,3695.15,0,36.966,0.433426,1.42225,2.36263,6.66417,1.2226,8.79302,0.42336,36.966,0.42336,423.524,0,1.02816,0,0,2.45041,1.42225,1.028160,1,0,142.091,0,0,0,142.091,0
24.5397,1.81674,0,0,3.4503,0.184937,0.36288,3.6288,49.2094,0.5685,0,0,0.961632,0.218672,0,0.66528,12.849,1,0.84672,0.36288,0,97.0108,3.7695,92.7574,0.84672,12.849,0.84672,3695.15,0,36.966,0.428575,0.710562,2.06352,4.53886,1.2226,5.66177,0.42336,36.966,0.42336,423.524,0,1.02816,0,0,1.73872,0.710562,1.028160,1,0,98.4192,0,0,0,98.4192,0
25.5539,1.74687,0,0,3.31189,0.187885,0.36288,3.6288,50.1211,0.54619,0,0,1.6768,0.218987,0,0.66528,12.849,1,0.84672,0.36288,0,114.688,3.7695,110.435,0.84672,12.849,0.84672,3695.15,0,36.966,0.410296,2.2241,2.06383,8.2586,1.2226,10.9136,0.42336,36.966,0.42336,423.524,0,1.02816,0,0,3.25226,2.2241,1.028160,1,0,121.349,0,0,0,121.349,0
26.6,1.74734,0,0,3.35801,0.201753,0.36288,3.6288,50.5376,0.550641,0,0,1.14384,0.176648,0,0.66528,12.849,1,0.84672,0.36288,0,85.9538,3.67851,81.7915,0.84672,12.849,0.84672,3695.15,0,36.966,0.406117,1.23206,2.01938,7.19766,1.11315,8.92983,0.42336,36.966,0.42336,423.524,0,1.02816,0,0,2.26022,1.23206,1.028160,1,0,90.7213,0,0,0,90.7213,0
27.5129,1.74946,0,0,3.23824,0.213007,0.36288,3.6288,51.3731,0.552732,0,0,1.56235,0.174117,0,0.66528,12.849,1,0.845067,0.36288,0,67.834,3.87497,63.4769,0.84672,12.849,0.84672,3695.15,0,36.966,0.404298,1.79459,2.01967,6.3472,1.14702,8.61014,0.42336,36.966,0.42336,423.524,0,1.02816,0,0,2.82275,1.79459,1.028160,1,0,72.087,0,0,0,72.087,0
27.5881,1.85414,0,0,2.51279,0.220573,0.36288,3.6288,51.8395,0.596079,0,0,1.24101,0.178493,0,0.66528,12.849,1,0.84672,0.36288,0,48.6928,4.03368,44.1753,0.84672,12.849,0.84672,3695.15,0,36.966,0.428914,0.878023,2.01997,4.54124,1.18611,5.8242,0.42336,36.966,0.42336,423.524,0,1.02816,0,0,1.90618,0.878023,1.028160,1,0,49.9995,0,0,0,49.9995,0
27.3591,1.85462,0,0,2.19553,0.20701,0.36288,3.6288,52.1864,0.598497,0,0,1.11816,0.1728,0,0.66528,12.849,1,0.84672,0.36288,0,48.092,3.67236,43.9358,0.84672,12.849,0.84672,3695.15,0,36.966,0.426779,0.782905,2.09241,4.37901,1.14454,5.68301,0.42336,36.966,0.42336,423.524,0,1.02816,0,0,1.81106,0.782905,1.028160,1,0,49.6188,0,0,0,49.6188,0
27.3207,1.85511,0,0,2.35163,0.17198,0.36288,3.6288,52.5764,0.600323,0,0,1.14762,0.157319,0,0.66528,12.849,1,0.84672,0.36288,0,51.3312,2.76906,48.0783,0.84672,12.849,0.84672,3695.15,0,36.966,0.425236,0.717984,2.09272,4.388,1.04059,5.73287,0.42336,36.966,0.42336,423.524,0,1.02816,0,0,1.74614,0.717984,1.028160,1,0,53.8112,0,0,0,53.8112,0
27.0252,1.85559,0,0,2.09213,0.169181,0.36288,3.6288,52.8853,0.602341,0,0,1.05476,0.143458,0,0.66528,12.849,1,0.84672,0.36288,0,48.2264,2.87151,44.8711,0.84672,12.849,0.84672,3695.15,0,36.966,0.423501,0.853753,2.09303,4.0205,1.05261,5.49117,0.42336,36.966,0.42336,423.524,0,1.02816,0,0,1.88191,0.853753,1.028160,1,0,50.3622,0,0,0,50.3622,0
26.7478,1.81466,0,0,2.07488,0.174725,0.36288,3.6288,53.4202,0.58848,0,0,1.24109,0.117733,0,0.66528,12.849,1,0.84672,0.36288,0,50.0023,3.27078,46.2477,0.84672,12.849,0.84672,3695.15,0,36.966,0.411338,1.07784,2.09334,4.09893,1.09722,5.76155,0.42336,36.966,0.42336,423.524,0,1.02816,0,0,2.106,1.07784,1.028160,1,0,52.0092,0,0,0,52.0092,0
26.2328,1.81514,0,0,1.83683,0.173877,0.36288,3.6288,53.7592,0.591079,0,0,1.07398,0.143908,0,0.66528,12.849,1,0.84672,0.36288,0,43.9411,3.57696,39.8803,0.84672,12.849,0.84672,3695.15,0,36.966,0.409018,0.917983,2.06556,3.70264,1.12353,5.15364,0.42336,36.966,0.42336,423.524,0,1.02816,0,0,1.94614,0.917983,1.028160,1,0,45.034,0,0,0,45.034,0
25.6262,1.81562,0,0,1.70131,0.129409,0.36288,3.6288,53.9697,0.592773,0,0,0.978679,0.175432,0,0.66528,12.849,1,0.84672,0.36288,0,40.322,3.86526,35.9729,0.84672,12.849,0.84672,3695.15,0,36.966,0.407603,0.772165,2.06586,3.49326,1.14074,4.78295,0.42336,36.966,0.42336,423.524,0,1.02816,0,0,1.80033,0.772165,1.028160,1,0,40.7559,0,0,0,40.7559,0
24.9812,1.8161,0,0,1.66234,0.128301,0.36288,3.6288,54.2985,0.593882,0,0,1.09838,0.175694,0,0.66528,12.849,1,0.84672,0.36288,0,39.1473,3.86526,34.7982,0.84672,12.849,0.84672,3695.15,0,36.966,0.406773,1.02702,2.06617,4.15853,1.14074,5.7042,0.42336,36.966,0.42336,423.524,0,1.02816,0,0,2.05518,1.02702,1.028160,1,0,40.5024,0,0,0,40.5024,0
23.9413,1.95726,0,0,1.40832,0.128132,0.36288,3.6288,54.2958,0.651055,0,0,0.860613,0.212222,0,0.66528,12.849,1,0.84672,0.36288,0,33.8621,4.0224,29.3558,0.84672,12.849,0.84672,3695.15,0,36.966,0.443233,0.744811,2.06647,3.28946,1.14528,4.51223,0.42336,36.966,0.42336,423.524,0,1.02816,0,0,1.77297,0.744811,1.028160,1,0,33.868,0,0,0,33.868,0
22.7819,1.95776,0,0,1.27181,0.110521,0.36288,3.6288,54.27,0.651217,0,0,0.849571,0.224214,0,0.66528,12.849,1,0.84672,0.36288,0,30.1304,4.23822,25.4083,0.84672,12.849,0.84672,3695.15,0,36.966,0.443365,0.72932,2.16527,3.12149,1.11093,4.46178,0.42336,36.966,0.42336,423.524,0,1.02816,0,0,1.75748,0.72932,1.028160,1,0,29.8701,0,0,0,29.8701,0
21.5986,1.95826,0,0,1.2466,0.108731,0.36288,3.6288,54.3134,0.651266,0,0,0.918864,0.224175,0,0.66528,12.849,1,0.84672,0.36288,0,28.864,4.23822,24.1419,0.84672,12.849,0.84672,3695.15,0,36.966,0.44361,0.696133,2.16559,3.36353,1.11093,4.67071,0.42336,36.966,0.42336,423.524,0,1.02816,0,0,1.72429,0.696133,1.028160,1,0,28.8126,0,0,0,28.8126,0
20.3335,1.95877,0,0,1.16349,0.107011,0.36288,3.6288,54.2772,0.651652,0,0,0.83973,0.22424,0,0.66528,12.849,1,0.84672,0.36288,0,26.9822,4.23822,22.2601,0.84672,12.849,0.84672,3695.15,0,36.966,0.443518,0.572374,2.16591,2.97844,1.11093,4.16228,0.42336,36.966,0.42336,423.524,0,1.02816,0,0,1.60053,0.572374,1.028160,1,0,26.4224,0,0,0,26.4224,0
19.0394,1.95927,0,0,1.11897,0.0908504,0.36288,3.6288,54.1667,0.651652,0,0,0.75276,0.211675,0,0.66528,12.849,1,0.84672,0.36288,0,24.7455,4.4958,19.7658,0.84672,12.849,0.84672,3695.15,0,36.966,0.443813,0.554783,2.16623,3.24601,1.08501,4.43821,0.42336,36.966,0.42336,423.524,0,1.02816,0,0,1.58294,0.554783,1.028160,1,0,24.204,0,0,0,24.204,0
17.6917,1.93193,0,0,1.02571,0.0786765,0.36288,3.6288,54.0165,0.66528,0,0,0.717232,0.202143,0,0.66528,12.849,1,0.84672,0.36288,0,23.6014,4.68899,18.4285,0.84672,12.849,0.84672,3695.15,0,36.966,0.481829,0.610986,2.16655,3.3587,1.06556,4.58885,0.42336,36.966,0.42336,423.524,0,1.02816,0,0,1.63915,0.610986,1.028160,1,0,23.0174,0,0,0,23.0174,0
16.2472,1.93242,0,0,0.928022,0.0771838,0.36288,3.6288,53.8149,0.66528,0,0,0.665617,0.201942,0,0.66528,12.849,1,0.84672,0.36288,0,21.1943,4.68899,16.0214,0.84672,12.849,0.84672,3695.15,0,36.966,0.482132,0.407661,2.20133,3.2213,1.06556,4.2826,0.42336,36.966,0.42336,423.524,0,1.02816,0,0,1.43582,0.407661,1.028160,1,0,20.304,0,0,0,20.304,0
14.7752,1.93292,0,0,0.884157,0.0603136,0.36288,3.6288,53.515,0.66528,0,0,0.629799,0.264364,0,0.66528,12.849,1,0.84672,0.36288,0,19.2005,5.53589,13.1808,0.84672,12.849,0.84672,3695.15,0,36.966,0.482435,0.414677,2.20166,3.05199,1.37469,3.81119,0.42336,36.966,0.42336,423.524,0,1.02816,0,0,1.44284,0.414677,1.028160,1,0,16.992,0,0,0,16.992,0
13.2215,1.93342,0,0,0.798284,0.0556834,0.36288,3.6288,53.1635,0.66528,0,0,0.587296,0.273521,0,0.66528,12.849,1,0.84672,0.36288,0,17.8897,5.7001,11.7058,0.84672,12.849,0.84672,3695.15,0,36.966,0.482737,0.376903,2.20199,2.95002,1.42711,3.61907,0.42336,36.966,0.42336,423.524,0,1.02816,0,0,1.40506,0.376903,1.028160,1,0,15.3248,0,0,0,15.3248,0
11.645,2.00587,0,0,0.84399,0.0518117,0.36288,3.6288,52.779,0.66528,0,0,0.549669,0.268939,0,0.66528,12.849,1,0.84672,0.36288,0,19.0121,5.83853,12.6897,0.84672,12.849,0.84672,3695.15,0,36.966,0.528834,0.374293,2.20231,2.92861,1.43247,3.54392,0.42336,36.966,0.42336,423.524,0,1.02816,0,0,1.40245,0.374293,1.028160,1,0,16.2336,0,0,0,16.2336,0
9.97312,2.00638,0,0,0.747429,0.0500234,0.36288,3.6288,52.3617,0.66528,0,0,0.516171,0.268113,0,0.66528,12.849,1,0.84672,0.36288,0,17.9129,5.83853,11.5905,0.84672,12.849,0.84672,3695.15,0,36.966,0.529144,0.277422,2.2515,2.90012,1.43247,3.46744,0.42336,36.966,0.42336,423.524,0,1.02816,0,0,1.30558,0.277422,1.028160,1,0,15.058,0,0,0,15.058,0
8.23417,2.00689,0,0,0.678948,0.048127,0.36288,3.6288,51.8971,0.699581,0,0,0.502186,0.267217,0,0.66528,12.849,1,0.84672,0.36288,0,16.862,5.83853,10.5396,0.84672,12.849,0.84672,3695.15,0,36.966,0.529454,0.227405,2.25184,2.7966,1.43247,3.31392,0.42336,36.966,0.42336,423.524,0,0.993859,0,0,1.22126,0.227405,1.028160,1,0,13.8536,0,0,0,13.8536,0
6.40083,2.0074,0,0,0.575046,0.0381093,0.36288,3.6288,51.415,0.710087,0,0,0.499459,0.271526,0,0.66528,12.849,1,0.84672,0.36288,0,16.0698,6.11532,9.47064,0.84672,12.849,0.84672,3695.15,0,36.966,0.529765,0.227405,2.25217,2.74431,1.43297,3.26115,0.42336,36.966,0.42336,423.524,0,0.983353,0,0,1.21076,0.227405,1.028160,1,0,12.7318,0,0,0,12.7318,0
4.39399,2.21875,0,0,0.619336,0.0445371,0.36288,3.6288,50.8216,0.749485,0,0,0.448203,0.292099,0,0.66528,12.849,1,0.84672,0.36288,0,16.0403,5.89116,9.66533,0.84672,12.849,0.84672,3695.15,0,36.966,0.695475,0.227405,2.25251,2.723,1.45964,3.0478,0.42336,36.966,0.42336,423.524,0,0.943955,0,0,1.17136,0.227405,1.028160,1,0,12.7131,0,0,0,12.7131,0
2.45036,2.2193,0,0,0.681516,0.0429734,0.36288,3.6288,50.326,0.66528,0,0,0.458169,0.288438,0,0.66528,12.849,1,0.84672,0.36288,0,17.062,5.85196,10.7262,0.84672,12.849,0.84672,3695.15,0,36.966,0.695812,0.290097,2.42015,2.34391,1.52167,2.83668,0.42336,36.966,0.42336,423.524,0,1.02816,0,0,1.31826,0.290097,1.028160,1,0,13.5629,0,0,0,13.5629,0
0.42577,2.21984,0,0,0.598063,0.0399319,0.36288,3.6288,49.8155,0.66528,0,0,0.442015,0.287274,0,0.66528,12.849,1,0.84672,0.36288,0,21.6889,5.85196,15.3531,0.84672,12.849,0.84672,3695.15,0,36.966,0.696149,0.231379,2.42051,2.25082,1.52167,2.68489,0.42336,36.966,0.42336,423.524,0,1.02816,0,0,1.25954,0.231379,1.028160,1,0,18.038,0,0,0,18.038,0
0.211159,0.42577,0,0,0.610803,0.0367638,0.36288,3.6288,49.3712,0.66528,0,0,0.507037,0.286075,0,0.66528,12.849,1,0.84672,0.36288,0,18.788,5.85196,12.4522,0.84672,12.849,0.84672,3695.15,0,36.966,0.696486,0.302754,2.42087,2.33742,1.52167,2.8429,0.42336,36.966,0.42336,423.524,0,1.02816,0,0,1.33091,0.302754,1.028160,1,0,15.2951,0,0,0,15.2951,0
0.245275,0.211159,0,0,0.647981,0.0398259,0.36288,3.6288,48.9261,0.66528,0,0,0.50106,0.280868,0,0.66528,12.849,1,0.84672,0.36288,0,14.5034,5.35634,8.66327,0.84672,12.849,0.84672,3695.15,0,36.966,0.696823,0.731583,2.42123,2.57606,1.3983,3.63375,0.42336,36.966,0.42336,423.524,0,1.02816,0,0,1.75974,0.731583,1.028160,1,0,12.297,0,0,0,12.297,0
0.276388,0.245275,0,0,0.690865,0.0515963,0.36288,3.6288,48.5741,0.66528,0,0,0.594027,0.280755,0,0.66528,12.0119,1,0.84672,0.36288,0,7.22494,4.80942,3.20544,0.84672,12.0119,0.84672,3694.71,0,36.966,0.596688,1.10487,2.42159,2.46448,1.29906,4.0952,0.42336,36.966,0.42336,423.524,0,1.02816,0,0,2.13303,1.10487,1.028160,1,0,7.30064,0,0,0,7.30064,0
0.243097,0.276388,0,0,0.657642,0.0516651,0.36288,3.6288,48.2069,0.66528,0,0,0.577985,0.279938,0,0.66528,12.2736,1,0.84672,0.36288,0,9.19702,4.80942,3.20544,0.84672,12.2736,0.84672,3695.15,0,36.966,0.597009,0.972043,2.32506,2.43993,1.29906,3.84096,0.42336,36.966,0.42336,423.524,0,1.02816,0,0,2.0002,0.972043,1.028160,1,0,7.0464,0,0,0,7.0464,0
0.324784,0.243097,0,0,0.739256,0.0515914,0.36288,3.6288,48.0215,0.66528,0,0,0.759016,0.279085,0,0.66528,12.849,1,0.84672,0.36288,0,18.2366,4.80942,12.3679,0.84672,12.849,0.84672,3695.15,0,36.966,0.59733,1.42292,2.32541,3.24063,1.29906,5.09257,0.42336,36.966,0.42336,423.524,0,1.02816,0,0,2.45108,1.42292,1.028160,1,0,17.4605,0,0,0,17.4605,0
0.335632,0.324784,0,0,0.761305,0.062793,0.36288,3.6288,47.8003,0.66528,0,0,0.729181,0.285078,0,0.66528,12.849,1,0.84672,0.36288,0,29.5504,5.13093,23.9357,0.84672,12.849,0.84672,3695.15,0,36.966,0.597651,1.01056,2.32575,3.41234,1.36081,4.79019,0.42336,36.966,0.42336,423.524,0,1.02816,0,0,2.03872,1.01056,1.028160,1,0,28.7259,0,0,0,28.7259,0
1.01012,0.335632,0,0,1.42439,0.0513945,0.36288,3.6288,47.7616,0.660751,0,0,0.815875,0.193875,0,0.66528,12.849,1,0.84672,0.36288,0,20.8425,3.4042,16.9545,0.84672,12.849,0.84672,3695.15,0,36.966,0.510986,0.799321,2.3261,3.96332,0.773752,5.80401,0.42336,36.966,0.42336,423.524,0,1.02816,0,0,1.82748,0.799321,1.028160,1,0,22.7585,0,0,0,22.7585,0
1.57304,1.01012,0,0,2.035,0.0990803,0.36288,3.6288,47.6289,0.66069,0,0,0.708839,0.180844,0,0.66528,12.849,1,0.84672,0.36288,0,32.0048,3.54049,27.9805,0.84672,12.849,0.84672,3695.15,0,36.966,0.511354,0.713413,2.23991,4.21858,0.947369,5.71318,0.42336,36.966,0.42336,423.524,0,1.02816,0,0,1.74157,0.713413,1.028160,1,0,33.6937,0,0,0,33.6937,0
1.21822,1.57304,0,0,1.68249,0.101397,0.36288,3.6288,47.3989,0.66006,0,0,0.610759,0.180644,0,0.66528,12.849,1,0.84672,0.36288,0,25.6673,3.54049,21.6429,0.84672,12.849,0.84672,3695.15,0,36.966,0.51229,0.862367,2.24025,4.09199,0.947369,5.73495,0.42336,36.966,0.42336,423.524,0,1.02816,0,0,1.89053,0.862367,1.028160,1,0,27.3779,0,0,0,27.3779,0
3.81537,1.21822,0,0,4.27819,0.0999366,0.36288,3.6288,48.5152,0.658836,0,0,1.9554,0.180297,0,0.66528,12.849,1,0.84672,0.36288,0,71.6105,3.54049,67.5861,0.84672,12.849,0.84672,3695.15,0,36.966,0.51382,4.72452,2.24058,9.5631,0.947369,15.067,0.42336,36.966,0.42336,423.524,0,1.02816,0,0,5.75268,4.72452,1.028160,1,0,82.6532,0,0,0,82.6532,0
6.0903,1.79828,0,0,4.54944,0.113352,0.36288,3.6288,50.321,0.557476,0,0,2.56174,0.198515,0,0.66528,12.849,1,0.84672,0.36288,0,70.2186,4.27249,65.4622,0.84672,12.849,0.84672,3695.15,0,36.966,0.424767,3.32543,2.24091,11.1015,1.12071,15.1223,0.42336,36.966,0.42336,423.524,0,1.02816,0,0,4.35359,3.32543,1.028160,1,0,80.5846,0,0,0,80.5846,0
7.34346,1.87037,0,0,3.61009,0.123689,0.36288,3.6288,51.0546,0.590347,0,0,1.53223,0.208202,0,0.66528,12.849,1,0.84672,0.36288,0,42.5105,4.56529,37.4614,0.84672,12.849,0.84672,3695.15,0,36.966,0.433671,2.97165,2.04891,14.0894,1.19005,17.4863,0.42336,36.966,0.42336,423.524,0,1.02816,0,0,3.99981,2.97165,1.028160,1,0,54.9477,0,0,0,54.9477,0
7.54052,1.87086,0,0,2.55946,0.128668,0.36288,3.6288,50.8294,0.594125,0,0,0.578291,0.209451,0,0.66528,12.849,1,0.84672,0.36288,0,35.7553,4.56529,30.7061,0.84672,12.849,0.84672,3695.15,0,36.966,0.430175,1.09421,2.0947,7.43356,1.19005,9.00224,0.42336,36.966,0.42336,423.524,0,1.02816,0,0,2.12237,1.09421,1.028160,1,0,39.7084,0,0,0,39.7084,0
7.725,1.94298,0,0,2.61594,0.1256,0.36288,3.6288,50.6121,0.617219,0,0,0.641657,0.241697,0,0.66528,12.849,1,0.84672,0.36288,0,31.9287,4.69475,26.7501,0.84672,12.849,0.84672,3695.15,0,36.966,0.448877,0.774515,2.09501,5.76888,1.28994,6.89958,0.42336,36.966,0.42336,423.524,0,1.02816,0,0,1.80268,0.774515,1.028160,1,0,33.6497,0,0,0,33.6497,0
8.51231,1.94348,0,0,3.22334,0.129671,0.36288,3.6288,50.4754,0.616273,0,0,0.726558,0.246968,0,0.66528,12.849,1,0.84672,0.36288,0,57.8904,4.53826,52.8683,0.84672,12.849,0.84672,3695.15,0,36.966,0.450113,0.785566,2.14081,6.85803,1.28589,8.0484,0.42336,36.966,0.42336,423.524,0,1.02816,0,0,1.81373,0.785566,1.028160,1,0,60.9167,0,0,0,60.9167,0
10.6475,1.96696,0,0,4.61037,0.145355,0.36288,3.6288,50.7772,0.62444,0,0,1.15462,0.228386,0,0.66528,12.849,1,0.84672,0.36288,0,109.064,4.01762,104.563,0.84672,12.849,0.84672,3695.15,0,36.966,0.457313,1.63126,2.14113,7.36085,1.17587,9.50005,0.42336,36.966,0.42336,423.524,0,1.02816,0,0,2.65942,1.63126,1.028160,1,0,114.063,0,0,0,114.063,0
11.8978,2.04135,0,0,3.80856,0.154054,0.36288,3.6288,50.9278,0.650984,0,0,1.03056,0.228949,0,0.66528,12.849,1,0.84672,0.36288,0,85.7459,4.01762,81.2445,0.84672,12.849,0.84672,3695.15,0,36.966,0.473919,1.31036,2.1574,7.23419,1.17587,9.05216,0.42336,36.966,0.42336,423.524,0,1.02816,0,0,2.33852,1.31036,1.028160,1,0,90.2967,0,0,0,90.2967,0
12.4583,1.96791,0,0,3.0524,0.161035,0.36288,3.6288,50.8658,0.627113,0,0,0.778671,0.213574,0,0.66528,12.849,1,0.84672,0.36288,0,64.2012,3.81714,59.9003,0.84672,12.849,0.84672,3695.15,0,36.966,0.45519,0.673721,2.20468,5.75072,1.09852,7.07542,0.42336,36.966,0.42336,423.524,0,1.02816,0,0,1.70188,0.673721,1.028160,1,0,66.9757,0,0,0,66.9757,0
12.7716,1.96838,0,0,2.81101,0.166463,0.36288,3.6288,50.6479,0.729756,0,0,0.704412,0.192602,0,0.66528,12.849,1,0.84672,0.36288,0,58.9438,3.54984,54.9101,0.84672,12.849,0.84672,3695.15,0,36.966,0.530339,0.503194,2.158,7.08661,0.995379,8.22209,0.42336,36.966,0.42336,423.524,0,0.850643,0,0,1.35384,0.503194,1.028160,1,0,63.1322,0,0,0,63.1322,0
13.0264,2.27297,0,0,3.05639,0.165743,0.36288,3.6288,50.5193,0.66528,0,0,0.73192,0.195172,0,0.66528,12.849,1,0.84672,0.36288,0,63.6066,4.13925,58.9836,0.84672,12.849,0.84672,3695.15,0,36.966,0.630227,1.54795,2.15831,7.15769,1.08388,9.14984,0.42336,36.966,0.42336,423.524,0,1.02816,0,0,2.57611,1.54795,1.028160,1,0,68.1334,0,0,0,68.1334,0
12.6069,2.27349,0,0,2.38316,0.166361,0.36288,3.6288,50.4133,0.66528,0,0,0.754695,0.195452,0,0.66528,12.849,1,0.84672,0.36288,0,44.3644,4.23749,39.6431,0.84672,12.849,0.84672,3695.15,0,36.966,0.630534,0.61808,2.3799,5.04179,1.09863,6.31061,0.42336,36.966,0.42336,423.524,0,1.02816,0,0,1.64624,0.61808,1.028160,1,0,45.9537,0,0,0,45.9537,0
13.0868,2.19283,0,0,3.20045,0.164826,0.36288,3.6288,50.2397,0.704108,0,0,0.72576,0.195283,0,0.66528,12.849,1,0.84672,0.36288,0,53.5374,4.23749,48.8161,0.84672,12.849,0.84672,3695.15,0,36.966,0.582888,0.608429,2.38023,8.33832,1.09863,9.64546,0.42336,36.966,0.42336,423.524,0,0.989332,0,0,1.59776,0.608429,1.028160,1,0,58.4616,0,0,0,58.4616,0
14.1162,2.19334,0,0,3.75216,0.166514,0.36288,3.6288,50.529,0.66528,0,0,1.13508,0.1805,0,0.66528,12.849,1,0.84672,0.36288,0,129.673,4.10582,125.084,0.84672,12.849,0.84672,3695.15,0,36.966,0.583189,1.20397,2.3283,11.2025,1.03509,13.1165,0.42336,36.966,0.42336,423.524,0,1.02816,0,0,2.23213,1.20397,1.028160,1,0,138.2,0,0,0,138.2,0
16.1297,1.7701,0,0,4.31054,0.164057,0.36288,3.6288,51.0104,0.560172,0,0,1.22299,0.181413,0,0.66528,12.849,1,0.84672,0.36288,0,86.5901,4.62615,81.4801,0.84672,12.849,0.84672,3695.15,0,36.966,0.409811,1.08696,2.32863,7.67854,1.07211,9.6122,0.42336,36.966,0.42336,423.524,0,1.02816,0,0,2.11512,1.08696,1.028160,1,0,91.0923,0,0,0,91.0923,0
17.8386,1.77055,0,0,4.01226,0.16993,0.36288,3.6288,51.555,0.562564,0,0,1.26141,0.154228,0,0.66528,12.849,1,0.84672,0.36288,0,74.2565,4.4605,69.3121,0.84672,12.849,0.84672,3695.15,0,36.966,0.407677,1.31446,2.03416,7.84408,0.956498,9.82852,0.42336,36.966,0.42336,423.524,0,1.02816,0,0,2.34262,1.31446,1.028160,1,0,79.1407,0,0,0,79.1407,0
19.9232,1.77099,0,0,4.39275,0.174275,0.36288,3.6288,51.9413,0.565223,0,0,1.10645,0.154911,0,0.66528,12.849,1,0.84672,0.36288,0,82.1759,4.4605,77.2316,0.84672,12.849,0.84672,3695.15,0,36.966,0.405276,0.865331,2.03444,7.29415,0.956498,8.83214,0.42336,36.966,0.42336,423.524,0,1.02816,0,0,1.89349,0.865331,1.028160,1,0,86.0637,0,0,0,86.0637,0
21.4956,1.77143,0,0,3.88616,0.179477,0.36288,3.6288,52.2759,0.567134,0,0,1.05707,0.155395,0,0.66528,12.849,1,0.84672,0.36288,0,71.7548,4.4605,66.8104,0.84672,12.849,0.84672,3695.15,0,36.966,0.403623,0.690008,2.03472,6.60917,0.956498,7.97378,0.42336,36.966,0.42336,423.524,0,1.02816,0,0,1.71817,0.690008,1.028160,1,0,74.7842,0,0,0,74.7842,0
23.2512,1.77188,0,0,4.08107,0.19066,0.36288,3.6288,52.8956,0.568798,0,0,1.33282,0.144303,0,0.66528,12.849,1,0.84672,0.36288,0,85.7468,3.62978,81.6332,0.84672,12.849,0.84672,3695.15,0,36.966,0.402216,1.49132,2.03501,7.67844,0.831438,9.97111,0.42336,36.966,0.42336,423.524,0,1.02816,0,0,2.51948,1.49132,1.028160,1,0,91.6043,0,0,0,91.6043,0
26.5082,1.87907,0,0,5.69088,0.191952,0.36288,3.6288,54.6271,0.6119,0,0,2.44477,0.101369,0,0.66528,12.849,1,0.84672,0.36288,0,136.154,3.38552,132.285,0.84672,12.849,0.84672,3695.15,0,36.966,0.427626,2.78009,2.03529,10.088,0.666104,13.8096,0.42336,36.966,0.42336,423.524,0,1.02816,0,0,3.80825,2.78009,1.028160,1,0,146.095,0,0,0,146.095,0
28.1653,1.87953,0,0,4.10063,0.201151,0.36288,3.6288,55.2012,0.620144,0,0,1.29693,0.102667,0,0.66528,12.849,1,0.84672,0.36288,0,87.0852,3.38552,83.2158,0.84672,12.849,0.84672,3695.15,0,36.966,0.41965,1.50247,2.10831,7.90672,0.666104,10.4317,0.42336,36.966,0.42336,423.524,0,1.02816,0,0,2.53063,1.50247,1.028160,1,0,93.6475,0,0,0,93.6475,0
29.5094,1.87999,0,0,3.79286,0.205835,0.36288,3.6288,55.9414,0.622919,0,0,1.46623,0.103056,0,0.66528,12.849,1,0.84672,0.36288,0,99.9527,3.38552,96.0834,0.84672,12.849,0.84672,3695.15,0,36.966,0.417144,1.58203,2.1086,8.19513,0.666104,10.8025,0.42336,36.966,0.42336,423.524,0,1.02816,0,0,2.61019,1.58203,1.028160,1,0,106.886,0,0,0,106.886,0
30.6109,1.89991,0,0,3.5312,0.16698,0.36288,3.6288,56.6092,0.626404,0,0,1.4361,0.141911,0,0.66528,12.849,1,0.827258,0.36288,0,87.7867,3.76224,83.5601,0.84672,12.849,0.84672,3695.15,0,36.966,0.413927,1.57626,2.10889,8.06811,0.769319,10.57,0.42336,36.966,0.42336,423.524,0,1.02816,0,0,2.60442,1.57626,1.028160,1,0,94.1301,0,0,0,94.1301,0
30.5457,1.89178,0,0,2.34427,0.15473,0.36288,3.6288,56.6879,0.613474,0,0,0.87194,0.179771,0,0.66528,12.849,1,0.794082,0.36288,0,58.7617,3.57945,54.751,0.84672,12.849,0.84672,3695.15,0,36.966,0.400601,0.560572,2.10919,4.83376,0.907701,6.19522,0.42336,36.966,0.42336,423.524,0,1.02816,0,0,1.58873,0.560572,1.028160,1,0,60.9462,0,0,0,60.9462,0
30.1717,1.89091,0,0,2.03437,0.154596,0.36288,3.6288,56.7469,0.613971,0,0,0.852803,0.179863,0,0.66528,12.849,1,0.795408,0.36288,0,49.2006,3.57945,45.1886,0.84672,12.849,0.84672,3695.15,0,36.966,0.400368,0.566577,2.08116,5.74622,0.907701,7.08589,0.42336,36.966,0.42336,423.524,0,1.02816,0,0,1.59474,0.566577,1.028160,1,0,52.2745,0,0,0,52.2745,0
30.142,1.88432,0,0,2.37128,0.153827,0.36288,3.6288,56.8631,0.614383,0,0,0.910578,0.179932,0,0.66528,12.849,1,0.802459,0.36288,0,50.8063,3.57945,46.7873,0.84672,12.849,0.84672,3695.15,0,36.966,0.400221,0.563656,2.08145,4.92706,0.907701,6.26425,0.42336,36.966,0.42336,423.524,0,1.02816,0,0,1.59182,0.563656,1.028160,1,0,53.0515,0,0,0,53.0515,0
30.412,1.88408,0,0,2.65597,0.13894,0.36288,3.6288,56.9997,0.615039,0,0,0.936844,0.185273,0,0.66528,12.849,1,0.80315,0.36288,0,61.019,3.74199,56.8367,0.84672,12.849,0.84672,3695.15,0,36.966,0.399829,0.634997,2.08174,4.74986,0.877612,6.18915,0.42336,36.966,0.42336,423.524,0,1.02816,0,0,1.66316,0.634997,1.028160,1,0,63.0259,0,0,0,63.0259,0
29.8436,1.98912,0,0,1.90668,0.123098,0.36288,3.6288,56.7441,0.725757,0,0,0.676625,0.206466,0,0.66528,12.849,1,0.840399,0.36288,0,43.394,4.18581,38.7306,0.84672,12.849,0.84672,3695.15,0,36.966,0.470675,0.402797,2.08203,3.74134,0.959091,4.7964,0.42336,36.966,0.42336,423.524,0,0.940982,0,0,1.34378,0.402797,1.028160,1,0,43.527,0,0,0,43.527,0
29.1365,1.98328,0,0,1.73479,0.0957765,0.36288,3.6288,56.297,0.801214,0,0,0.570893,0.216708,0,0.66528,12.849,1,0.84672,0.36288,0,36.977,4.43583,32.0574,0.84672,12.849,0.84672,3695.15,0,36.966,0.521952,0.402797,2.18162,3.16195,0.957993,4.26643,0.42336,36.966,0.42336,423.524,0,0.814527,0,0,1.21732,0.402797,1.028160,1,0,36.3238,0,0,0,36.3238,0
28.4087,1.98376,0,0,1.71376,0.0948673,0.36288,3.6288,55.9456,0.751003,0,0,0.615619,0.216078,0,0.66528,12.849,1,0.84672,0.36288,0,35.8749,4.43583,30.9552,0.84672,12.849,0.84672,3695.15,0,36.966,0.493127,0.30119,2.18192,3.42605,0.957993,4.45805,0.42336,36.966,0.42336,423.524,0,0.893843,0,0,1.19503,0.30119,1.028160,1,0,35.4133,0,0,0,35.4133,0
27.5733,1.98423,0,0,1.60566,0.0939317,0.36288,3.6288,55.5352,0.772488,0,0,0.577671,0.215582,0,0.66528,12.849,1,0.84672,0.36288,0,33.4724,4.43583,28.5527,0.84672,12.849,0.84672,3695.15,0,36.966,0.510421,0.30119,2.18223,3.06342,0.957993,4.07842,0.42336,36.966,0.42336,423.524,0,0.855343,0,0,1.15653,0.30119,1.028160,1,0,32.6311,0,0,0,32.6311,0
26.5149,1.98471,0,0,1.36998,0.0808477,0.36288,3.6288,54.8705,0.92664,0,0,0.504577,0.242604,0,0.66528,12.849,1,0.84672,0.36288,0,29.4466,4.74858,24.2142,0.84672,12.849,0.84672,3695.15,0,36.966,0.616801,0.30119,2.18253,2.65243,1.10017,3.41918,0.42336,36.966,0.42336,423.524,0,0.595089,0,0,0.896279,0.30119,1.028160,1,0,27.6333,0,0,0,27.6333,0
25.2777,1.95711,0,0,1.14666,0.0638843,0.36288,3.6288,53.946,1.07806,0,0,0.431735,0.278188,0,0.66528,12.849,1,0.84672,0.36288,0,26.7786,5.16558,21.1291,0.84672,12.849,0.84672,3695.15,0,36.966,0.726284,0.30119,2.18284,2.20376,1.28974,2.67177,0.42336,36.966,0.42336,423.524,0,0.386234,0,0,0.687424,0.30119,1.028160,1,0,23.8009,0,0,0,23.8009,0
23.9635,1.95758,0,0,1.06906,0.0627736,0.36288,3.6288,53.0207,1.0636,0,0,0.414831,0.276493,0,0.66528,12.849,1,0.84672,0.36288,0,26.4244,5.16558,20.775,0.84672,12.849,0.84672,3695.15,0,36.966,0.728823,0.261274,2.21788,2.25183,1.28974,2.71242,0.42336,36.966,0.42336,423.524,0,0.398442,0,0,0.659716,0.261274,1.028160,1,0,23.4874,0,0,0,23.4874,0
22.5494,1.95806,0,0,0.968414,0.0615938,0.36288,3.6288,52.067,1.07559,0,0,0.396403,0.274504,0,0.66528,12.849,1,0.84672,0.36288,0,25.9686,5.16558,20.3191,0.84672,12.849,0.84672,3695.15,0,36.966,0.749902,0.261274,2.21819,2.12733,1.28974,2.56715,0.42336,36.966,0.42336,423.524,0,0.365659,0,0,0.626932,0.261274,1.028160,1,0,22.8863,0,0,0,22.8863,0
21.0521,1.95853,0,0,0.881747,0.0576082,0.36288,3.6288,51.0565,1.10274,0,0,0.374887,0.282714,0,0.66528,12.849,1,0.84672,0.36288,0,22.8599,5.30673,17.0693,0.84672,12.849,0.84672,3695.15,0,36.966,0.782915,0.261274,2.2185,2.06474,1.34126,2.42033,0.42336,36.966,0.42336,423.524,0,0.305781,0,0,0.567054,0.261274,1.028160,1,0,19.4896,0,0,0,19.4896,0
19.5699,2.03154,0,0,0.956068,0.0439006,0.36288,3.6288,50.1382,1.08052,0,0,0.469545,0.307329,0,0.66528,12.849,1,0.84672,0.36288,0,24.4233,6.1069,17.8325,0.84672,12.849,0.84672,3695.15,0,36.966,0.78232,0.261274,2.21881,1.97632,1.42978,2.24431,0.42336,36.966,0.42336,423.524,0,0.375054,0,0,0.636327,0.261274,1.028160,1,0,20.0769,0,0,0,20.0769,0
18.071,2.03202,0,0,0.939047,0.0430098,0.36288,3.6288,49.233,1.0615,0,0,0.461377,0.305036,0,0.66528,12.849,1,0.84672,0.36288,0,22.8031,6.1069,16.2124,0.84672,12.849,0.84672,3695.15,0,36.966,0.782626,0.261274,2.26838,2.00693,1.42978,2.32418,0.42336,36.966,0.42336,423.524,0,0.394062,0,0,0.655335,0.261274,1.028160,1,0,18.5366,0,0,0,18.5366,0
16.2955,2.18709,0,0,0.816636,0.0421091,0.36288,3.6288,48.2444,1.11944,0,0,0.433589,0.302775,0,0.66528,12.849,1,0.84672,0.36288,0,21.574,6.1069,14.9832,0.84672,12.849,0.84672,3695.15,0,36.966,0.840517,0.227405,2.2687,1.95305,1.42978,2.17887,0.42336,36.966,0.42336,423.524,0,0.372593,0,0,0.599998,0.227405,1.028160,1,0,17.1621,0,0,0,17.1621,0
14.456,2.1876,0,0,0.751991,0.0410421,0.36288,3.6288,47.2416,1.12733,0,0,0.424829,0.300306,0,0.66528,12.849,1,0.84672,0.36288,0,20.3474,6.1069,13.7566,0.84672,12.849,0.84672,3695.15,0,36.966,0.86379,0.227405,2.37066,1.93328,1.42978,2.23778,0.42336,36.966,0.42336,423.524,0,0.341734,0,0,0.569139,0.227405,1.028160,1,0,15.9944,0,0,0,15.9944,0
12.2303,2.41098,0,0,0.572486,0.0243317,0.36288,3.6288,46.0764,1.24752,0,0,0.381759,0.299401,0,0.66528,12.849,1,0.84672,0.36288,0,17.8311,6.23115,11.1161,0.84672,12.849,0.84672,3695.15,0,36.966,0.976168,0.227405,2.371,1.86793,1.47647,2.01369,0.42336,36.966,0.42336,423.524,0,0.284322,0,0,0.511726,0.227405,1.028160,1,0,13.1298,0,0,0,13.1298,0
9.59424,2.71392,0,0,0.465692,0.0249569,0.36288,3.6288,45.0036,1.10816,0,0,0.320674,0.285357,0,0.66528,12.849,1,0.84672,0.36288,0,14.3509,5.93177,7.93526,0.84672,12.849,0.84672,3695.15,0,36.966,0.889054,0.227405,2.54818,1.82288,1.43306,2.27635,0.42336,36.966,0.42336,423.524,0,0.208723,0,0,0.436128,0.227405,1.028160,1,0,10.2116,0,0,0,10.2116,0
7.35324,2.41206,0,0,0.557384,0.0234461,0.36288,3.6288,43.836,1.22952,0,0,0.344491,0.282522,0,0.66528,12.849,1,0.84672,0.36288,0,14.8521,5.93177,8.43647,0.84672,12.849,0.84672,3695.15,0,36.966,1.00993,0.204422,2.37158,1.99949,1.43306,2.1325,0.42336,36.966,0.42336,423.524,0,0.269227,0,0,0.473649,0.204422,1.028160,1,0,10.569,0,0,0,10.569,0
5.49793,2.4126,0,0,0.953078,0.0329021,0.36288,3.6288,42.831,1.17276,0,0,0.442469,0.274743,0,0.66528,12.849,1,0.84672,0.36288,0,24.6826,5.78334,18.4154,0.84672,12.849,0.84672,3695.15,0,36.966,0.988964,0.204422,2.5489,2.21327,1.41486,2.56277,0.42336,36.966,0.42336,423.524,0,0.347289,0,0,0.551711,0.204422,1.028160,1,0,20.9782,0,0,0,20.9782,0
3.79333,2.41315,0,0,1.10118,0.0297489,0.36288,3.6288,41.9447,1.14832,0,0,0.518778,0.256692,0,0.66528,12.849,1,0.84672,0.36288,0,31.3251,5.67741,25.1638,0.84672,12.849,0.84672,3695.15,0,36.966,0.991079,0.204422,2.54926,2.6555,1.34927,3.06883,0.42336,36.966,0.42336,423.524,0,0.369946,0,0,0.574368,0.204422,1.028160,1,0,28.2327,0,0,0,28.2327,0
2.6162,2.22496,0,0,1.4425,0.0317994,0.36288,3.6288,41.3796,0.97624,0,0,0.645995,0.234905,0,0.66528,12.849,1,0.84672,0.36288,0,33.6741,4.89268,28.2975,0.84672,12.849,0.84672,3695.15,0,36.966,0.860362,0.204422,2.54962,4.05147,1.21252,4.73263,0.42336,36.966,0.42336,423.524,0,0.518201,0,0,0.722624,0.204422,1.028160,1,0,33.0302,0,0,0,33.0302,0
1.27671,2.14543,0,0,1.19923,0.0304059,0.36288,3.6288,41.3931,0.66528,0,0,0.912406,0.233627,0,0.66528,12.849,1,0.84672,0.36288,0,31.1064,4.89268,25.7299,0.84672,12.849,0.84672,3695.15,0,36.966,0.61299,0.245445,2.39495,4.59362,1.21252,5.40851,0.42336,36.966,0.42336,423.524,0,1.02816,0,0,1.27361,0.245445,1.028160,1,0,31.1384,0,0,0,31.1384,0
0.625159,1.27671,0,0,1.01686,0.0288202,0.36288,3.6288,40.6517,1.00304,0,0,0.495356,0.233658,0,0.66528,12.849,1,0.84672,0.36288,0,31.0627,4.89268,25.6862,0.84672,12.849,0.84672,3695.15,0,36.966,0.895767,0.216518,2.34268,3.39771,1.21252,3.84861,0.42336,36.966,0.42336,423.524,0,0.456615,0,0,0.673134,0.216518,1.028160,1,0,29.5348,0,0,0,29.5348,0
0.79117,0.625159,0,0,1.19536,0.041311,0.36288,3.6288,39.963,0.985747,0,0,0.503276,0.206247,0,0.66528,12.849,1,0.84672,0.36288,0,31.2895,4.47742,26.3282,0.84672,12.849,0.84672,3695.15,0,36.966,0.896373,0.216518,2.39563,3.54827,1.08273,4.18131,0.42336,36.966,0.42336,423.524,0,0.473619,0,0,0.690137,0.216518,1.028160,1,0,30.5095,0,0,0,30.5095,0
2.56014,0.79117,0,0,3.00918,0.0861611,0.36288,3.6288,40.4842,0.640727,0,0,1.38033,0.218465,0,0.66528,12.849,1,0.84672,0.36288,0,82.0113,4.47301,77.0545,0.84672,12.849,0.84672,3695.15,0,36.966,0.592675,1.07365,2.39596,7.66753,1.18107,9.3634,0.42336,36.966,0.42336,423.524,0,1.02816,0,0,2.10181,1.07365,1.028160,1,0,86.4179,0,0,0,86.4179,0
3.78724,2.06228,0,0,3.74681,0.0945495,0.36288,3.6288,41.2174,0.620578,0,0,1.58639,0.232555,0,0.66528,12.849,1,0.84672,0.36288,0,63.1657,4.6453,58.0365,0.84672,12.849,0.84672,3695.15,0,36.966,0.566649,2.32478,2.30696,8.51507,1.25154,11.3286,0.42336,36.966,0.42336,423.524,0,1.02816,0,0,3.35294,2.32478,1.028160,1,0,69.3651,0,0,0,69.3651,0
4.64956,2.06277,0,0,3.38704,0.0990766,0.36288,3.6288,42.0858,0.626046,0,0,1.72863,0.23422,0,0.66528,12.849,1,0.84672,0.36288,0,75.5974,4.6453,70.4683,0.84672,12.849,0.84672,3695.15,0,36.966,0.561471,2.10702,2.25675,9.40922,1.25154,11.96,0.42336,36.966,0.42336,423.524,0,1.02816,0,0,3.13518,2.10702,1.028160,1,0,82.4282,0,0,0,82.4282,0
5.61095,2.21933,0,0,3.64754,0.103942,0.36288,3.6288,42.6316,0.66528,0,0,1.41728,0.206198,0,0.66528,12.849,1,0.84672,0.36288,0,80.6406,4.55541,75.6013,0.84672,12.849,0.84672,3695.15,0,36.966,0.615502,1.35448,2.25707,8.60691,1.13731,10.4656,0.42336,36.966,0.42336,423.524,0,1.02816,0,0,2.38264,1.35448,1.028160,1,0,86.067,0,0,0,86.067,0
8.47304,1.96612,0,0,5.29987,0.108777,0.36288,3.6288,44.0032,0.578171,0,0,2.14938,0.199601,0,0.66528,12.849,1,0.84672,0.36288,0,105.412,4.12794,100.801,0.84672,12.849,0.84672,3695.15,0,36.966,0.501334,1.04445,2.35847,8.14812,1.11438,9.93533,0.42336,36.966,0.42336,423.524,0,1.02816,0,0,2.07261,1.04445,1.028160,1,0,110.736,0,0,0,110.736,0
11.1416,1.96659,0,0,5.13127,0.133285,0.36288,3.6288,45.727,0.586813,0,0,2.53159,0.220927,0,0.66528,12.849,1,0.84672,0.36288,0,112.201,4.54892,107.168,0.84672,12.849,0.84672,3695.15,0,36.966,0.492967,1.8919,2.15551,7.49209,1.19323,9.8533,0.42336,36.966,0.42336,423.524,0,1.02816,0,0,2.92006,1.8919,1.028160,1,0,117.021,0,0,0,117.021,0
13.2539,1.96707,0,0,4.58535,0.143048,0.36288,3.6288,47.5535,0.597241,0,0,2.64821,0.224523,0,0.66528,12.849,1,0.84672,0.36288,0,89.0084,4.54892,83.9757,0.84672,12.849,0.84672,3695.15,0,36.966,0.482813,3.89936,2.15581,9.94404,1.19323,14.3232,0.42336,36.966,0.42336,423.524,0,1.02816,0,0,4.92752,3.89936,1.028160,1,0,98.2988,0,0,0,98.2988,0
15.4288,1.96754,0,0,4.65525,0.149979,0.36288,3.6288,49.4257,0.607828,0,0,2.70818,0.228189,0,0.66528,12.849,1,0.84672,0.36288,0,100.265,4.54892,95.2327,0.84672,12.849,0.84672,3695.15,0,36.966,0.472499,4.46176,2.15611,11.0341,1.19323,15.9863,0.42336,36.966,0.42336,423.524,0,1.02816,0,0,5.48992,4.46176,1.028160,1,0,111.219,0,0,0,111.219,0
17.7218,1.96801,0,0,4.7815,0.15753,0.36288,3.6288,51.0101,0.618225,0,0,2.42419,0.221507,0,0.66528,12.849,1,0.84672,0.36288,0,99.2114,4.42278,94.3048,0.84672,12.849,0.84672,3695.15,0,36.966,0.462377,2.64678,2.15641,8.5415,1.15484,11.7275,0.42336,36.966,0.42336,423.524,0,1.02816,0,0,3.67494,2.64678,1.028160,1,0,106.032,0,0,0,106.032,0
18.3527,1.68858,0,0,2.85245,0.170105,0.36288,3.6288,51.6167,0.660576,0,0,1.40629,0.139172,0,0.66528,12.849,1,1.22428,0.36288,0,70.5417,3.31285,66.3675,0.84672,12.849,0.84672,3695.15,0,36.966,0.478706,2.09077,2.15671,9.27824,0.744179,12.3028,0.42336,36.966,0.42336,423.524,0,1.02816,0,0,3.11893,2.09077,1.028160,1,0,78.6703,0,0,0,78.6703,0
19.7594,1.89147,0,0,3.83792,0.176856,0.36288,3.6288,52.9291,0.487802,0,0,1.90941,0.109184,0,0.66528,12.849,1,1.32424,0.36288,0,92.9258,2.84204,89.1224,0.84672,12.849,0.84672,3695.15,0,36.966,0.349346,3.15584,2.22043,14.682,0.503762,19.2051,0.42336,36.966,0.42336,423.524,0,1.02816,0,0,4.184,3.15584,1.028160,1,0,108.328,0,0,0,108.328,0
20.2626,1.94887,0,0,2.99528,0.180392,0.36288,3.6288,54.0005,0.493058,0,0,1.67485,0.110343,0,0.66528,12.849,1,1.2673,0.36288,0,62.9634,2.84204,59.2169,0.84672,12.849,0.84672,3695.15,0,36.966,0.344355,2.63262,2.04376,10.7317,0.503762,14.5599,0.42336,36.966,0.42336,423.524,0,1.02816,0,0,3.66078,2.63262,1.028160,1,0,73.7769,0,0,0,73.7769,0
21.0017,1.96841,0,0,3.2521,0.181657,0.36288,3.6288,55.0447,0.497272,0,0,1.65266,0.111265,0,0.66528,12.849,1,1.24822,0.36288,0,67.4045,2.84204,63.6772,0.84672,12.849,0.84672,3695.15,0,36.966,0.340407,2.51771,2.04405,11.5948,0.503762,15.3124,0.42336,36.966,0.42336,423.524,0,1.02816,0,0,3.54587,2.51771,1.028160,1,0,78.9895,0,0,0,78.9895,0
21.8825,2.19063,0,0,3.62958,0.195284,0.36288,3.6288,55.6602,0.632557,0,0,1.36153,0.113429,0,0.66528,12.849,1,1.34024,0.36288,0,79.3247,3.71945,74.6279,0.84672,12.849,0.84672,3695.15,0,36.966,0.424802,2.27341,2.04434,11.3097,0.770088,14.4325,0.42336,36.966,0.42336,423.524,0,1.02816,0,0,3.30157,2.27341,1.028160,1,0,89.0604,0,0,0,89.0604,0
23.0116,2.22494,0,0,3.91513,0.198175,0.36288,3.6288,56.0983,0.635558,0,0,1.19145,0.117793,0,0.66528,12.849,1,1.30644,0.36288,0,124.941,4.01888,119.979,0.84672,12.849,0.84672,3695.15,0,36.966,0.422098,2.53851,2.27296,12.4037,0.888002,15.905,0.42336,36.966,0.42336,423.524,0,1.02816,0,0,3.56667,2.53851,1.028160,1,0,135.884,0,0,0,135.884,0
23.4305,2.2664,0,0,3.24935,0.201204,0.36288,3.6288,56.2589,0.637724,0,0,0.916427,0.118131,0,0.66528,12.849,1,1.26549,0.36288,0,77.4991,4.01888,72.5776,0.84672,12.849,0.84672,3695.15,0,36.966,0.420229,1.40335,2.27328,11.1926,0.888002,13.561,0.42336,36.966,0.42336,423.524,0,1.02816,0,0,2.43151,1.40335,1.028160,1,0,86.1386,0,0,0,86.1386,0
26.3885,2.28133,0,0,5.79997,0.197766,0.36288,3.6288,57.1425,0.638627,0,0,1.65659,0.134323,0,0.66528,12.849,1,1.25105,0.36288,0,123.361,4.412,118.061,0.84672,12.849,0.84672,3695.15,0,36.966,0.419623,3.8536,2.27361,14.3833,1.01099,19.0799,0.42336,36.966,0.42336,423.524,0,1.02816,0,0,4.88176,3.8536,1.028160,1,0,137.141,0,0,0,137.141,0
27.4805,2.07481,0,0,3.72704,0.197307,0.36288,3.6288,57.7981,0.463852,0,0,1.28251,0.163024,0,0.66528,12.849,1,1.01026,0.36288,0,109.09,4.57173,103.87,0.84672,12.849,0.84672,3695.15,0,36.966,0.30007,2.30872,2.27393,8.98773,1.09319,12.1771,0.42336,36.966,0.42336,423.524,0,1.02816,0,0,3.33688,2.30872,1.028160,1,0,116.048,0,0,0,116.048,0
30.203,2.10247,0,0,5.38712,0.199266,0.36288,3.6288,58.7487,0.466084,0,0,1.58287,0.166279,0,0.66528,12.849,1,0.983044,0.36288,0,112.899,4.42596,107.853,0.84672,12.849,0.84672,3695.15,0,36.966,0.298094,3.24073,1.96271,11.9712,1.06048,15.816,0.42336,36.966,0.42336,423.524,0,1.02816,0,0,4.26889,3.24073,1.028160,1,0,123.669,0,0,0,123.669,0
31.9946,2.16494,0,0,4.52612,0.206788,0.36288,3.6288,59.8679,0.469201,0,0,1.75574,0.167301,0,0.66528,12.849,1,0.92101,0.36288,0,127.672,4.42596,122.687,0.84672,12.849,0.84672,3695.15,0,36.966,0.295232,3.62388,1.96299,14.2131,1.06048,18.4442,0.42336,36.966,0.42336,423.524,0,1.02816,0,0,4.65204,3.62388,1.028160,1,0,141.132,0,0,0,141.132,0
36.1154,2.20205,0,0,6.89741,0.211647,0.36288,3.6288,61.308,0.472771,0,0,2.08589,0.168504,0.00450115,0.66528,12.849,1,0.884341,0.36288,0,118.195,4.42596,113.248,0.84672,12.849,0.84672,3695.15,0,36.966,0.291917,4.77433,1.96326,20.8949,1.06048,26.2801,0.42336,36.966,0.42336,423.524,0,1.02816,0,0,5.80249,4.77433,1.028160,1,0,139.532,0,0,0,139.532,0
40.0277,2.2768,0,0,6.76598,0.214014,0.36288,3.6288,61.308,0.477208,0,0,2.91029,0.179922,2.25316,0.66528,12.849,1,0.810031,0.36288,0,167.533,4.32628,162.76,0.84672,12.849,0.84672,3695.15,0,36.966,0.287735,7.29124,1.96354,17.9175,1.12123,25.7634,0.42336,36.966,0.42336,423.524,0,1.02816,0,0,8.3194,7.29124,1.028160,1,0,190.776,0,0,0,190.776,0
42.3876,2.42245,0,0,5.39006,0.244768,0.36288,3.6288,61.308,0.522364,0,0,2.1477,0.206714,1.41862,0.66528,12.849,1,0.777615,0.36288,0,111.904,4.43236,107.057,0.84672,12.849,0.84672,3695.15,0,36.966,0.314962,3.67432,1.96382,9.67991,1.27401,13.7291,0.42336,36.966,0.42336,423.524,0,1.02816,0,0,4.70248,3.67432,1.028160,1,0,122.205,0,0,0,122.205,0
44.0317,2.45603,0,0,4.71469,0.251672,0.36288,3.6288,61.308,0.52253,0,0,1.97622,0.206714,1.24697,0.66528,12.849,1,0.744498,0.36288,0,99.6157,4.43236,94.8018,0.84672,12.849,0.84672,3695.15,0,36.966,0.315062,2.82289,2.04097,10.6974,1.27401,13.9722,0.42336,36.966,0.42336,423.524,0,1.02816,0,0,3.85105,2.82289,1.028160,1,0,110.021,0,0,0,110.021,0
45.1474,2.4779,0,0,4.19569,0.239236,0.36288,3.6288,61.308,0.522695,0,0,1.71482,0.233966,0.958163,0.66528,12.849,1,0.723082,0.36288,0,95.7036,5.15708,90.1863,0.84672,12.849,0.84672,3695.15,0,36.966,0.315162,3.22257,2.04126,10.2457,1.3268,13.8675,0.42336,36.966,0.42336,423.524,0,1.02816,0,0,4.25073,3.22257,1.028160,1,0,105.012,0,0,0,105.012,0
47.1832,2.49216,0,0,5.13307,0.24228,0.36288,3.6288,61.308,0.522861,0,0,1.91638,0.233966,1.15955,0.66528,12.849,1,0.709273,0.36288,0,92.8161,5.15708,87.3126,0.84672,12.849,0.84672,3695.15,0,36.966,0.315262,2.74979,2.04155,12.4527,1.3268,15.6019,0.42336,36.966,0.42336,423.524,0,1.02816,0,0,3.77795,2.74979,1.028160,1,0,104.074,0,0,0,104.074,0
47.7283,2.48189,0,0,3.59122,0.201302,0.36288,3.6288,61.308,0.505541,0,0,1.22075,0.20146,0.513745,0.66528,12.849,1,0.675873,0.36288,0,75.7227,3.5469,71.8628,0.84672,12.849,0.84672,3695.15,0,36.966,0.304819,1.98148,2.04184,7.18442,1.16913,9.73379,0.42336,36.966,0.42336,423.524,0,1.02816,0,0,3.00964,1.98148,1.028160,1,0,82.1103,0,0,0,82.1103,0
47.9146,2.48833,0,0,3.24001,0.20251,0.36288,3.6288,61.308,0.505704,0,0,1.10462,0.20146,0.397451,0.66528,12.849,1,0.669886,0.36288,0,69.9503,3.5469,66.0964,0.84672,12.849,0.84672,3695.15,0,36.966,0.304917,1.5257,2.0122,6.78145,1.16913,8.84531,0.42336,36.966,0.42336,423.524,0,1.02816,0,0,2.55386,1.5257,1.028160,1,0,75.3392,0,0,0,75.3392,0
48.666,2.49073,0,0,3.79819,0.193173,0.36288,3.6288,61.308,0.505867,0,0,1.03298,0.207395,0.319719,0.66528,12.849,1,0.667927,0.36288,0,75.8894,4.01475,71.5696,0.84672,12.849,0.84672,3695.15,0,36.966,0.305015,1.52029,2.01249,9.01031,1.18758,11.0505,0.42336,36.966,0.42336,423.524,0,1.02816,0,0,2.54845,1.52029,1.028160,1,0,82.9399,0,0,0,82.9399,0
48.6848,2.49925,0,0,3.0419,0.160957,0.36288,3.6288,61.308,0.506031,0,0,1.0045,0.22574,0.272725,0.66528,12.849,1,0.659862,0.36288,0,57.5585,5.24405,52.0174,0.84672,12.849,0.84672,3695.15,0,36.966,0.305114,1.52577,2.01278,6.92358,1.25904,8.89797,0.42336,36.966,0.42336,423.524,0,1.02816,0,0,2.55393,1.52577,1.028160,1,0,61.1881,0,0,0,61.1881,0
48.3345,2.61839,0,0,2.76172,0.130711,0.36288,3.6288,61.308,0.56824,0,0,0.99843,0.20191,0.22828,0.66528,12.849,1,0.691051,0.36288,0,48.4977,4.28711,43.8824,0.84672,12.849,0.84672,3695.15,0,36.966,0.342623,1.37464,2.01306,6.3447,1.17533,8.21445,0.42336,36.966,0.42336,423.524,0,1.02816,0,0,2.4028,1.37464,1.028160,1,0,52.3252,0,0,0,52.3252,0
47.8438,2.61481,0,0,2.63591,0.148961,0.36288,3.6288,61.308,0.568412,0,0,0.887777,0.168248,0.151118,0.66528,12.849,1,0.695106,0.36288,0,49.8113,3.30088,46.1782,0.84672,12.849,0.84672,3695.15,0,36.966,0.342727,1.214,2.11828,5.96401,0.998449,7.95511,0.42336,36.966,0.42336,423.524,0,1.02816,0,0,2.24216,1.214,1.028160,1,0,54.2844,0,0,0,54.2844,0
47.183,2.60956,0,0,2.45975,0.148167,0.36288,3.6288,61.308,0.568584,0,0,0.853209,0.168248,0.116377,0.66528,12.849,1,0.700826,0.36288,0,44.795,3.30088,41.1562,0.84672,12.849,0.84672,3695.15,0,36.966,0.342831,0.908747,2.11858,5.1842,0.998449,6.87025,0.42336,36.966,0.42336,423.524,0,1.02816,0,0,1.93691,0.908747,1.028160,1,0,48.1428,0,0,0,48.1428,0
46.4443,2.60221,0,0,2.31496,0.0885177,0.36288,3.6288,61.2704,0.568756,0,0,0.804358,0.273214,0,0.66528,12.849,1,0.708642,0.36288,0,43.2988,4.72699,38.2261,0.84672,12.849,0.84672,3695.15,0,36.966,0.342935,0.740569,2.11888,4.66876,1.38033,5.80495,0.42336,36.966,0.42336,423.524,0,1.02816,0,0,1.76873,0.740569,1.028160,1,0,44.031,0,0,0,44.031,0
45.5177,2.59375,0,0,2.12262,0.0925717,0.36288,3.6288,61.2464,0.568797,0,0,0.805982,0.261188,0,0.66528,12.849,1,0.717572,0.36288,0,39.9022,4.77113,34.7764,0.84672,12.849,0.84672,3695.15,0,36.966,0.34317,0.696833,2.11918,4.57755,1.28866,5.76173,0.42336,36.966,0.42336,423.524,0,1.02816,0,0,1.72499,0.696833,1.028160,1,0,40.5381,0,0,0,40.5381,0
44.5062,2.5596,0,0,2.01435,0.103431,0.36288,3.6288,61.308,0.602998,0,0,0.906336,0.231251,0.0104717,0.66528,12.849,1,0.722538,0.36288,0,38.239,4.88145,32.9979,0.84672,12.849,0.84672,3695.15,0,36.966,0.363947,0.854703,2.11948,5.26875,1.0595,6.81949,0.42336,36.966,0.42336,423.524,0,1.02816,0,0,1.88286,0.854703,1.028160,1,0,39.8279,0,0,0,39.8279,0
43.4315,2.54722,0,0,1.93405,0.0985662,0.36288,3.6288,61.308,0.603403,0,0,0.871335,0.239113,0.0288186,0.66528,12.849,1,0.735385,0.36288,0,35.8931,4.99004,30.5305,0.84672,12.849,0.84672,3695.15,0,36.966,0.363825,0.873556,2.15649,5.34049,1.09625,6.91046,0.42336,36.966,0.42336,423.524,0,1.02816,0,0,1.90172,0.873556,1.028160,1,0,37.4698,0,0,0,37.4698,0
42.1609,2.53354,0,0,1.7014,0.0756408,0.36288,3.6288,61.2459,0.60358,0,0,0.824524,0.283068,0,0.66528,12.849,1,0.749533,0.36288,0,33.9591,5.77715,27.7953,0.84672,12.849,0.84672,3695.15,0,36.966,0.363932,0.63466,2.1568,5.1256,1.36704,6.18608,0.42336,36.966,0.42336,423.524,0,1.02816,0,0,1.66282,0.63466,1.028160,1,0,33.9814,0,0,0,33.9814,0
40.8358,2.51658,0,0,1.62931,0.0749236,0.36288,3.6288,61.1671,0.603527,0,0,0.800971,0.27626,0,0.66528,12.849,1,0.766956,0.36288,0,31.1436,6.11615,24.6234,0.84672,12.849,0.84672,3695.15,0,36.966,0.364269,0.766083,2.1571,5.06222,1.49278,6.12835,0.42336,36.966,0.42336,423.524,0,1.02816,0,0,1.79424,0.766083,1.028160,1,0,30.7517,0,0,0,30.7517,0
39.2844,2.5563,0,0,1.43771,0.0699509,0.36288,3.6288,60.9925,0.633816,0,0,0.786102,0.326871,0,0.66528,12.849,1,0.804342,0.36288,0,25.385,6.0994,18.8441,0.84672,12.849,0.84672,3695.15,0,36.966,0.383044,0.455285,2.15741,4.33518,1.50978,5.05505,0.42336,36.966,0.42336,423.524,0,1.02816,0,0,1.48344,0.455285,1.028160,1,0,23.8992,0,0,0,23.8992,0
37.7194,2.53273,0,0,1.39869,0.0680607,0.36288,3.6288,60.7421,0.633315,0,0,0.717898,0.334958,0,0.66528,12.849,1,0.828396,0.36288,0,32.1317,6.09661,25.5696,0.84672,12.849,0.84672,3695.15,0,36.966,0.383836,0.52831,2.20977,4.57699,1.51262,5.41861,0.42336,36.966,0.42336,423.524,0,1.02816,0,0,1.55647,0.52831,1.028160,1,0,30.9882,0,0,0,30.9882,0
36.0919,2.50745,0,0,1.30967,0.0668325,0.36288,3.6288,60.4428,0.632512,0,0,0.667604,0.334427,0,0.66528,12.849,1,0.854154,0.36288,0,25.7987,6.09661,19.2108,0.84672,12.849,0.84672,3695.15,0,36.966,0.38493,0.499452,2.21008,4.12581,1.51262,4.93779,0.42336,36.966,0.42336,423.524,0,1.02816,0,0,1.52761,0.499452,1.028160,1,0,24.1486,0,0,0,24.1486,0
34.3765,2.4794,0,0,1.19241,0.0655551,0.36288,3.6288,60.1113,0.63151,0,0,0.633813,0.333792,0,0.66528,12.849,1,0.882684,0.36288,0,23.5121,6.09661,16.8957,0.84672,12.849,0.84672,3695.15,0,36.966,0.386223,0.264384,2.2104,3.84845,1.51262,4.42439,0.42336,36.966,0.42336,423.524,0,1.02816,0,0,1.29254,0.264384,1.028160,1,0,21.3201,0,0,0,21.3201,0
32.8045,2.61115,0,0,1.4625,0.0604342,0.36288,3.6288,59.8997,0.66528,0,0,0.785851,0.332183,0,0.66528,12.849,1,0.975977,0.36288,0,24.9169,5.95,18.3538,0.84672,12.849,0.84672,3695.15,0,36.966,0.528911,0.753045,2.21071,5.91873,1.49792,6.85565,0.42336,36.966,0.42336,423.524,0,1.02816,0,0,1.78121,0.753045,1.028160,1,0,25.2094,0,0,0,25.2094,0
31.2606,2.57791,0,0,1.46252,0.0656851,0.36288,3.6288,59.6273,0.66528,0,0,0.701292,0.308396,0,0.66528,12.849,1,1.00973,0.36288,0,25.2276,5.48341,19.0973,0.84672,12.849,0.84672,3695.15,0,36.966,0.529227,0.552381,2.38922,4.6392,1.4342,5.61736,0.42336,36.966,0.42336,423.524,0,1.02816,0,0,1.58054,0.552381,1.028160,1,0,24.7147,0,0,0,24.7147,0
29.8477,2.54293,0,0,1.55738,0.0644212,0.36288,3.6288,59.5168,0.66528,0,0,0.862635,0.307861,0,0.66528,12.849,1,1.04522,0.36288,0,32.1029,5.48341,25.9371,0.84672,12.849,0.84672,3695.15,0,36.966,0.529544,0.919875,2.38956,5.18177,1.4342,6.52745,0.42336,36.966,0.42336,423.524,0,1.02816,0,0,1.94803,0.919875,1.028160,1,0,32.4646,0,0,0,32.4646,0
28.1942,2.5087,0,0,1.28124,0.0632275,0.36288,3.6288,59.1721,0.66528,0,0,0.62824,0.307643,0,0.66528,12.849,1,1.07996,0.36288,0,29.4113,5.48341,23.2108,0.84672,12.849,0.84672,3695.15,0,36.966,0.52986,0.303221,2.3899,4.24411,1.4342,4.97317,0.42336,36.966,0.42336,423.524,0,1.02816,0,0,1.33138,0.303221,1.028160,1,0,28.184,0,0,0,28.184,0
26.993,2.46554,0,0,1.69267,0.0654442,0.36288,3.6288,59.3075,0.66528,0,0,1.09801,0.29732,0,0.66528,12.849,1,1.12363,0.36288,0,30.2848,5.3337,24.1904,0.84672,12.849,0.84672,3695.15,0,36.966,0.530176,1.63566,2.39024,6.84358,1.40896,8.93035,0.42336,36.966,0.42336,423.524,0,1.02816,0,0,2.66382,1.63566,1.028160,1,0,33.1207,0,0,0,33.1207,0
26.4218,2.35781,0,0,2.23529,0.0857275,0.36288,3.6288,59.263,0.66528,0,0,0.860475,0.239653,0,0.66528,12.849,1,1.12235,0.36288,0,36.9717,4.43541,31.7768,0.84672,12.849,0.84672,3695.15,0,36.966,0.423489,1.07454,2.39058,7.18088,1.25746,8.96504,0.42336,36.966,0.42336,423.524,0,1.02816,0,0,2.1027,1.07454,1.028160,1,0,40.7418,0,0,0,40.7418,0
25.5126,2.34182,0,0,1.88047,0.0850441,0.36288,3.6288,59.5788,0.66528,0,0,1.22063,0.239585,0,0.66528,12.849,1,1.13883,0.36288,0,33.5281,4.43541,28.3168,0.84672,12.849,0.84672,3695.15,0,36.966,0.42379,2.61826,2.28772,8.1057,1.25746,11.3304,0.42336,36.966,0.42336,423.524,0,1.02816,0,0,3.64642,2.61826,1.028160,1,0,39.6472,0,0,0,39.6472,0
24.3596,2.31515,0,0,1.60906,0.0839561,0.36288,3.6288,59.3476,0.66528,0,0,0.674179,0.240069,0,0.66528,12.849,1,1.16599,0.36288,0,33.495,4.43541,28.2565,0.84672,12.849,0.84672,3695.15,0,36.966,0.424091,1.00417,2.28805,6.03258,1.25746,7.64324,0.42336,36.966,0.42336,423.524,0,1.02816,0,0,2.03233,1.00417,1.028160,1,0,35.8997,0,0,0,35.8997,0
23.3018,2.27935,0,0,1.67877,0.0943355,0.36288,3.6288,59.1067,0.66528,0,0,0.649045,0.224741,0,0.66528,12.849,1,1.20229,0.36288,0,32.1955,4.22778,27.1283,0.84672,12.849,0.84672,3695.15,0,36.966,0.424392,0.941933,2.28837,6.07082,1.19256,7.68417,0.42336,36.966,0.42336,423.524,0,1.02816,0,0,1.97009,0.941933,1.028160,1,0,34.8125,0,0,0,34.8125,0
22.2916,2.18651,0,0,1.70639,0.167235,0.36288,3.6288,58.9496,0.610626,0,0,0.654368,0.200809,0,0.66528,12.849,1,1.20568,0.36288,0,42.4511,3.7452,37.8631,0.84672,12.849,0.84672,3695.15,0,36.966,0.381893,0.359683,2.2887,7.53244,0.928975,8.86995,0.42336,36.966,0.42336,423.524,0,1.02816,0,0,1.38784,0.359683,1.028160,1,0,46.733,0,0,0,46.733,0
21.7557,2.15215,0,0,2.14609,0.166909,0.36288,3.6288,59.2294,0.610177,0,0,1.11705,0.227027,0,0.66528,12.849,1,1.24051,0.36288,0,57.26,4.05048,52.3318,0.84672,12.849,0.84672,3695.15,0,36.966,0.382629,1.1534,2.19687,10.8335,0.979294,12.8219,0.42336,36.966,0.42336,423.524,0,1.02816,0,0,2.18156,1.1534,1.028160,1,0,65.1537,0,0,0,65.1537,0
23.3796,2.13325,0,0,4.28573,0.165705,0.36288,3.6288,60.5402,0.611467,0,0,2.1497,0.227434,0,0.66528,12.849,1,1.2599,0.36288,0,105.552,4.05048,100.605,0.84672,12.849,0.84672,3695.15,0,36.966,0.381626,3.70221,2.19718,17.4291,0.979294,21.9676,0.42336,36.966,0.42336,423.524,0,1.02816,0,0,4.73037,3.70221,1.028160,1,0,122.572,0,0,0,122.572,0
24.0974,2.19003,0,0,3.46473,0.194098,0.36288,3.6288,61.308,0.616776,0,0,1.67276,0.243155,0.0450784,0.66528,12.849,1,1.2036,0.36288,0,54.054,3.68202,49.5313,0.84672,12.849,0.84672,3695.15,0,36.966,0.376605,2.21052,2.1975,12.4085,0.852021,15.5879,0.42336,36.966,0.42336,423.524,0,1.02816,0,0,3.23868,2.21052,1.028160,1,0,65.1642,0,0,0,65.1642,0
26.9757,2.04701,0,0,5.47967,0.191429,0.36288,3.6288,61.308,0.493203,0,0,7.57708,0.219447,6.86443,0.66528,12.849,1,1.09149,0.36288,0,102.099,3.77041,97.5997,0.84672,12.849,0.84672,3695.15,0,36.966,0.297379,8.41373,2.19781,28.3416,0.899084,37.7567,0.42336,36.966,0.42336,423.524,0,1.02816,0,0,9.44189,8.41373,1.028160,1,0,142.221,0,0,0,142.221,0
32.5941,2.1262,0,0,8.31108,0.203609,0.36288,3.6288,61.308,0.493364,0,0,7.45356,0.210688,6.7495,0.66528,12.849,1,1.01275,0.36288,0,206.811,4.3974,201.763,0.84672,12.849,0.84672,3695.15,0,36.966,0.297477,4.92815,1.99331,26.4522,1.13685,31.9394,0.42336,36.966,0.42336,423.524,0,1.02816,0,0,5.95631,4.92815,1.028160,1,0,240.452,0,0,0,240.452,0
37.0724,2.25173,0,0,7.31238,0.219428,0.36288,3.6288,61.308,0.493525,0,0,6.92047,0.210688,6.21625,0.66528,12.849,1,0.88766,0.36288,0,165.965,4.3974,161.043,0.84672,12.849,0.84672,3695.15,0,36.966,0.297574,4.17957,1.9936,32.7697,1.13685,37.5085,0.42336,36.966,0.42336,423.524,0,1.02816,0,0,5.20773,4.17957,1.028160,1,0,204.767,0,0,0,204.767,0
40.5702,2.33169,0,0,6.42406,0.231707,0.36288,3.6288,61.308,0.493687,0,0,6.50938,0.210688,5.805,0.66528,12.849,1,0.808145,0.36288,0,135.476,4.3974,130.633,0.84672,12.849,0.84672,3695.15,0,36.966,0.297671,4.14351,1.99388,22.4319,1.13685,27.1348,0.42336,36.966,0.42336,423.524,0,1.02816,0,0,5.17167,4.14351,1.028160,1,0,163.573,0,0,0,163.573,0
47.4203,2.38495,0,0,9.82719,0.229313,0.36288,3.6288,61.308,0.493848,0,0,7.2055,0.198287,6.51337,0.66528,12.849,1,0.755337,0.36288,0,177.1,3.96864,172.739,0.84672,12.849,0.84672,3695.15,0,36.966,0.297769,4.22444,1.99417,31.3063,1.08329,36.1438,0.42336,36.966,0.42336,423.524,0,1.02816,0,0,5.2526,4.22444,1.028160,1,0,215.396,0,0,0,215.396,0
51.3259,2.54855,0,0,7.06965,0.25263,0.36288,3.6288,61.308,0.530716,0,0,2.40843,0.180521,1.6972,0.66528,12.849,1,0.690555,0.36288,0,140.425,3.81402,136.283,0.84672,12.849,0.84672,3695.15,0,36.966,0.319998,3.84014,1.99445,18.1819,1.09143,22.6051,0.42336,36.966,0.42336,423.524,0,1.02816,0,0,4.8683,3.84014,1.028160,1,0,160.586,0,0,0,160.586,0
59.4533,2.59092,0,0,11.3463,0.265065,0.36288,3.6288,61.308,0.530872,0,0,6.43866,0.204625,5.70316,0.66528,12.849,1,0.648615,0.36288,0,409.475,4.17533,405.014,0.84672,12.849,0.84672,3695.15,0,36.966,0.320092,9.42073,2.05863,34.4403,1.23393,44.3656,0.42336,36.966,0.42336,423.524,0,1.02816,0,0,10.4489,9.42073,1.028160,1,0,455.082,0,0,0,455.082,0
67.0283,2.66418,0,0,10.8896,0.287531,0.36288,3.6288,61.308,0.531028,0,0,7.01393,0.204625,6.27828,0.66528,12.849,1,0.575781,0.36288,0,454.86,4.17533,450.471,0.84672,12.849,0.84672,3695.15,0,36.966,0.320186,7.99485,2.0589,32.5049,1.23393,41.0045,0.42336,36.966,0.42336,423.524,0,1.02816,0,0,9.02301,7.99485,1.028160,1,0,497.754,0,0,0,497.754,0
70.5566,2.71915,0,0,6.92886,0.318566,0.36288,3.6288,61.308,0.531184,0,0,3.57821,0.182819,2.86421,0.66528,12.849,1,0.521247,0.36288,0,224.834,3.98086,220.695,0.84672,12.849,0.84672,3695.15,0,36.966,0.32028,4.77583,2.05917,23.0666,1.17624,28.4051,0.42336,36.966,0.42336,423.524,0,1.02816,0,0,5.80399,4.77583,1.028160,1,0,251.964,0,0,0,251.964,0
72.29,3.00897,0,0,7.98587,0.338153,2.90531,3.6288,61.308,0.66528,0,0,3.38037,0.160941,2.55414,0.66528,12.849,1,0.547961,2.90531,0,194.117,4.08458,192.389,0.84672,12.849,0.84672,3695.15,0,36.966,0.407467,3.75146,2.05945,23.2299,1.10307,27.5303,0.42336,36.966,0.42336,423.524,0,1.02816,0,0,4.77962,3.75146,1.028160,1,0,222.474,0,0,0,222.474,0
72.29,3.02052,0,0,7.83867,0.326557,4.49159,3.6288,61.308,0.66528,0,0,5.12769,0.185419,4.27699,0.66528,12.849,1,0.536875,4.49159,0,211.985,4.52697,211.413,0.84672,12.849,0.84672,3695.15,0,36.966,0.407746,5.16849,2.28973,25.2596,1.15636,31.1538,0.42336,36.966,0.42336,423.524,0,1.02816,0,0,6.19665,5.16849,1.028160,1,0,246.843,0,0,0,246.843,0
72.29,3.02093,0,0,7.14154,0.326557,3.79406,3.6288,61.308,0.66528,0,0,4.33405,0.185419,3.48335,0.66528,12.849,1,0.536947,3.79406,0,196.216,4.52697,194.946,0.84672,12.849,0.84672,3695.15,0,36.966,0.408025,5.23999,2.29003,19.4818,1.15636,25.4475,0.42336,36.966,0.42336,423.524,0,1.02816,0,0,6.26815,5.23999,1.028160,1,0,223.877,0,0,0,223.877,0
72.29,3.02133,0,0,6.74688,0.301013,3.42454,3.6288,61.308,0.66528,0,0,5.52258,0.218719,4.63858,0.66528,12.849,1,0.537018,3.42454,0,365.572,4.41854,364.041,0.84672,12.849,0.84672,3695.15,0,36.966,0.408304,5.83292,2.29034,22.7385,1.1953,29.2581,0.42336,36.966,0.42336,423.524,0,1.02816,0,0,6.86108,5.83292,1.028160,1,0,397.938,0,0,0,397.938,0
72.29,2.63871,0,0,6.32109,0.361756,3.32063,3.6288,61.308,0.484777,0,0,3.15931,0.17665,2.49788,0.66528,12.849,1,0.46901,3.32063,0,237.734,3.83167,236.754,0.84672,12.849,0.84672,3695.15,0,36.966,0.292299,4.77713,2.29064,15.7467,0.946356,21.5758,0.42336,36.966,0.42336,423.524,0,1.02816,0,0,5.80529,4.77713,1.028160,1,0,260.828,0,0,0,260.828,0
72.29,2.38229,0,0,6.69548,0.368358,3.94483,3.6288,61.308,0.66528,0,0,3.36973,0.208284,2.49617,0.66528,12.849,1,0.423435,3.94483,0,172.928,4.29009,172.159,0.84672,12.849,0.84672,3695.15,0,36.966,0.414436,4.75185,1.97711,15.1804,0.945576,20.5493,0.42336,36.966,0.42336,423.524,0,1.02816,0,0,5.78001,4.75185,1.028160,1,0,195.205,0,0,0,195.205,0
72.29,2.38264,0,0,6.54324,0.368358,3.79224,3.6288,61.308,0.66528,0,0,3.01022,0.208284,2.13666,0.66528,12.849,1,0.423497,3.79224,0,180.281,4.29009,179.36,0.84672,12.849,0.84672,3695.15,0,36.966,0.414676,4.32473,2.15434,15.3376,0.945576,20.4564,0.42336,36.966,0.42336,423.524,0,1.02816,0,0,5.35289,4.32473,1.028160,1,0,201.953,0,0,0,201.953,0
72.29,2.38299,0,0,6.49876,0.323045,3.79272,3.6288,61.308,0.66528,0,0,2.74195,0.184218,1.89245,0.66528,12.849,1,0.423559,3.79272,0,194.424,3.94131,193.852,0.84672,12.849,0.84672,3695.15,0,36.966,0.414916,4.46115,2.1546,15.7659,0.895474,21.0713,0.42336,36.966,0.42336,423.524,0,1.02816,0,0,5.48931,4.46115,1.028160,1,0,216.816,0,0,0,216.816,0
72.29,2.38334,0,0,5.85263,0.329336,3.13995,3.6288,61.308,0.66528,0,0,2.41353,0.176503,1.57175,0.66528,12.849,1,0.423622,3.13995,0,172.078,4.15827,170.636,0.84672,12.849,0.84672,3695.15,0,36.966,0.415156,3.60575,2.15486,13.432,0.915646,17.8618,0.42336,36.966,0.42336,423.524,0,1.02816,0,0,4.63391,3.60575,1.028160,1,0,190.069,0,0,0,190.069,0
72.29,2.48017,0,0,7.58074,0.267224,4.83334,3.6288,61.308,0.66528,0,0,3.44575,0.186233,2.59424,0.66528,12.849,1,0.440832,4.83334,0,215.914,4.43436,215.872,0.84672,12.849,0.84672,3695.15,0,36.966,0.488049,5.62931,2.15513,29.8527,0.913162,36.2359,0.42336,36.966,0.42336,423.524,0,1.02816,0,0,6.65747,5.62931,1.028160,1,0,254.702,0,0,0,254.702,0
72.29,2.48054,0,0,6.30399,0.267224,3.55623,3.6288,61.308,0.66528,0,0,2.98259,0.186233,2.13108,0.66528,12.849,1,0.440896,3.55623,0,193.299,4.43436,191.98,0.84672,12.849,0.84672,3695.15,0,36.966,0.488298,4.61874,2.23281,21.1766,0.913162,26.6266,0.42336,36.966,0.42336,423.524,0,1.02816,0,0,5.6469,4.61874,1.028160,1,0,220.738,0,0,0,220.738,0
72.29,2.4809,0,0,5.78686,0.24459,3.06138,3.6288,61.308,0.66528,0,0,2.20091,0.183736,1.35189,0.66528,12.849,1,0.440961,3.06138,0,148.655,4.58263,146.692,0.84672,12.849,0.84672,3695.15,0,36.966,0.488548,3.50768,2.23309,15.077,0.922804,19.4064,0.42336,36.966,0.42336,423.524,0,1.02816,0,0,4.53584,3.50768,1.028160,1,0,167.451,0,0,0,167.451,0
72.29,2.48126,0,0,4.61893,0.214412,1.92325,3.6288,61.308,0.66528,0,0,1.79429,0.180406,0.948609,0.66528,12.849,1,0.441026,1.92325,0,141.137,4.78034,137.839,0.84672,12.849,0.84672,3695.15,0,36.966,0.488798,2.31596,2.23336,12.0529,0.935659,15.1778,0.42336,36.966,0.42336,423.524,0,1.02816,0,0,3.34412,2.31596,1.028160,1,0,153.965,0,0,0,153.965,0
72.29,2.44388,0,0,4.2884,0.159376,1.68514,3.6288,61.308,0.66528,0,0,1.80403,0.184218,0.954534,0.66528,12.849,1,0.434382,1.68514,0,112.567,3.95446,109.863,0.84672,12.849,0.84672,3695.15,0,36.966,0.460814,2.05972,2.23363,11.3467,0.987802,14.1914,0.42336,36.966,0.42336,423.524,0,1.02816,0,0,3.08788,2.05972,1.028160,1,0,125.009,0,0,0,125.009,0
72.29,2.44424,0,0,3.8589,0.162705,1.25195,3.6288,61.308,0.66528,0,0,1.62568,0.192043,0.768354,0.66528,12.849,1,0.434446,1.25195,0,99.1397,4.12683,95.8304,0.84672,12.849,0.84672,3695.15,0,36.966,0.46106,1.98965,2.20376,10.7071,0.989518,13.45,0.42336,36.966,0.42336,423.524,0,1.02816,0,0,3.01781,1.98965,1.028160,1,0,110.049,0,0,0,110.049,0
72.29,2.4446,0,0,3.53072,0.125044,0.961073,3.6288,61.308,0.66528,0,0,1.39688,0.204524,0.527077,0.66528,12.849,1,0.434509,0.961073,0,90.2923,4.23801,86.5809,0.84672,12.849,0.84672,3695.15,0,36.966,0.461306,2.02565,2.20403,9.69347,0.997281,12.4646,0.42336,36.966,0.42336,423.524,0,1.02816,0,0,3.05381,2.02565,1.028160,1,0,99.5725,0,0,0,99.5725,0
72.29,2.44496,0,0,3.30581,0.125044,0.735806,3.6288,61.308,0.66528,0,0,1.40126,0.204524,0.531457,0.66528,12.849,1,0.434573,0.735806,0,83.0909,4.23801,79.1541,0.84672,12.849,0.84672,3695.15,0,36.966,0.461552,1.93725,2.2043,9.17827,0.997281,11.861,0.42336,36.966,0.42336,423.524,0,1.02816,0,0,2.96541,1.93725,1.028160,1,0,91.5466,0,0,0,91.5466,0
72.29,2.5735,0,0,3.21748,0.107752,0.536226,3.6288,61.308,0.66528,0,0,1.64468,0.210506,0.76889,0.66528,12.849,1,0.45742,0.536226,0,83.2006,4.55152,78.7279,0.84672,12.849,0.84672,3695.15,0,36.966,0.561972,2.06618,2.20457,10.3649,0.997991,13.0757,0.42336,36.966,0.42336,423.524,0,1.02816,0,0,3.09434,2.06618,1.028160,1,0,92.5725,0,0,0,92.5725,0
72.29,2.57387,0,0,3.1419,0.0846945,0.483333,3.6288,61.308,0.66528,0,0,1.39944,0.218481,0.515677,0.66528,12.849,1,0.457487,0.483333,0,81.8623,4.96954,76.9186,0.84672,12.849,0.84672,3695.15,0,36.966,0.562232,1.23426,2.31053,8.95622,0.998938,10.9398,0.42336,36.966,0.42336,423.524,0,1.02816,0,0,2.26242,1.23426,1.028160,1,0,88.3741,0,0,0,88.3741,0
72.29,2.57425,0,0,3.05677,0.0846945,0.397828,3.6288,61.308,0.66528,0,0,1.41952,0.218481,0.535756,0.66528,12.849,1,0.457553,0.397828,0,77.7868,4.96954,72.7575,0.84672,12.849,0.84672,3695.15,0,36.966,0.562491,1.41765,2.31081,8.52906,0.998938,10.6961,0.42336,36.966,0.42336,423.524,0,1.02816,0,0,2.44581,1.41765,1.028160,1,0,83.9894,0,0,0,83.9894,0
72.0237,2.57463,0,0,2.77552,0.104362,0.36288,3.6288,61.308,0.66528,0,0,1.3362,0.213214,0.457708,0.66528,12.849,1,0.45762,0.36288,0,73.3078,4.63108,68.582,0.84672,12.849,0.84672,3695.15,0,36.966,0.56275,1.34278,2.31109,7.8033,1.012,9.88243,0.42336,36.966,0.42336,423.524,0,1.02816,0,0,2.37094,1.34278,1.028160,1,0,78.9221,0,0,0,78.9221,0
71.7225,2.57356,0,0,2.71645,0.0811761,0.36288,3.6288,61.308,0.66528,0,0,1.27562,0.221402,0.388936,0.66528,12.849,1,0.459123,0.36288,0,65.9436,4.52379,61.3236,0.84672,12.849,0.84672,3695.15,0,36.966,0.56301,1.31939,2.31138,7.36707,1.05702,9.3778,0.42336,36.966,0.42336,423.524,0,1.02816,0,0,2.34755,1.31939,1.028160,1,0,71.0903,0,0,0,71.0903,0
71.7228,2.54697,0,0,2.99778,0.0876267,0.36288,3.6288,61.308,0.66528,0,0,0.959818,0.207062,0.0874751,0.66528,12.849,1,0.456287,0.36288,0,50.3801,4.72994,45.5568,0.84672,12.849,0.84672,3695.15,0,36.966,0.618363,0.722105,2.31166,6.06194,1.06849,7.40884,0.42336,36.966,0.42336,423.524,0,1.02816,0,0,1.75027,0.722105,1.028160,1,0,53.0531,0,0,0,53.0531,0
71.4373,2.54734,0,0,2.71232,0.0876269,0.36288,3.6288,61.308,0.66528,0,0,0.890732,0.207062,0.0183897,0.66528,12.849,1,0.456352,0.36288,0,45.2418,4.72994,40.4184,0.84672,12.849,0.84672,3695.15,0,36.966,0.61863,0.505008,2.34891,5.814,1.06849,6.9808,0.42336,36.966,0.42336,423.524,0,1.02816,0,0,1.53317,0.505008,1.028160,1,0,47.4176,0,0,0,47.4176,0
71.0532,2.54617,0,0,2.58406,0.0590602,0.36288,3.6288,61.2126,0.66528,0,0,0.842806,0.272877,0,0.66528,12.849,1,0.457965,0.36288,0,40.9857,5.57684,35.3137,0.84672,12.849,0.84672,3695.15,0,36.966,0.618896,0.512499,2.3492,5.5084,1.37763,6.37357,0.42336,36.966,0.42336,423.524,0,1.02816,0,0,1.54066,0.512499,1.028160,1,0,41.6873,0,0,0,41.6873,0
70.3858,2.54444,0,0,2.29409,0.0541716,0.36288,3.6288,61.0517,0.66528,0,0,0.788028,0.283675,0,0.66528,12.849,1,0.460128,0.36288,0,37.4859,5.71799,31.6707,0.84672,12.849,0.84672,3695.15,0,36.966,0.619163,0.47037,2.34949,5.3268,1.42915,6.09834,0.42336,36.966,0.42336,423.524,0,1.02816,0,0,1.49853,0.47037,1.028160,1,0,37.769,0,0,0,37.769,0
69.8024,2.6064,0,0,2.43826,0.0523593,0.36288,3.6288,61.1252,0.66528,0,0,1.05281,0.314087,0,0.66528,12.849,1,0.475801,0.36288,0,42.1552,5.87459,36.1677,0.84672,12.849,0.84672,3695.15,0,36.966,0.668557,0.484177,2.34977,4.804,1.503,5.4664,0.42336,36.966,0.42336,423.524,0,1.02816,0,0,1.51234,0.484177,1.028160,1,0,41.6341,0,0,0,41.6341,0
69.0891,2.60342,0,0,2.30448,0.0515127,0.36288,3.6288,61.0993,0.66528,0,0,0.965952,0.326519,0,0.66528,12.849,1,0.479229,0.36288,0,35.8596,5.93723,29.8061,0.84672,12.849,0.84672,3695.15,0,36.966,0.66883,0.560771,2.40248,4.67281,1.53253,5.4347,0.42336,36.966,0.42336,423.524,0,1.02816,0,0,1.58893,0.560771,1.028160,1,0,35.2408,0,0,0,35.2408,0
68.2296,2.59963,0,0,2.15428,0.0512285,0.36288,3.6288,61.0013,0.66528,0,0,0.893722,0.326466,0,0.66528,12.849,1,0.483472,0.36288,0,34.0973,5.93723,28.0395,0.84672,12.849,0.84672,3695.15,0,36.966,0.669104,0.424043,2.40278,4.10022,1.53253,4.72541,0.42336,36.966,0.42336,423.524,0,1.02816,0,0,1.4522,0.424043,1.028160,1,0,32.7649,0,0,0,32.7649,0
67.3463,2.59488,0,0,2.12532,0.0508862,0.36288,3.6288,60.9767,0.66528,0,0,0.96692,0.326263,0,0.66528,12.849,1,0.488668,0.36288,0,31.6391,5.93723,25.5761,0.84672,12.849,0.84672,3695.15,0,36.966,0.669377,0.521916,2.40307,4.63691,1.53253,5.35999,0.42336,36.966,0.42336,423.524,0,1.02816,0,0,1.55008,0.521916,1.028160,1,0,30.936,0,0,0,30.936,0
66.5094,2.7798,0,0,2.35093,0.0451946,0.36288,3.6288,61.0102,0.66528,0,0,1.01109,0.312289,0,0.66528,12.849,1,0.530358,0.36288,0,31.6457,6.01768,25.4606,0.84672,12.849,0.84672,3695.15,0,36.966,0.847067,0.548873,2.40337,5.80883,1.55753,6.35647,0.42336,36.966,0.42336,423.524,0,1.02816,0,0,1.57703,0.548873,1.028160,1,0,31.817,0,0,0,31.817,0
65.6198,2.77461,0,0,2.30535,0.0573979,0.36288,3.6288,60.9317,0.66528,0,0,0.910328,0.32355,0,0.66528,12.849,1,0.536029,0.36288,0,30.4302,5.86856,24.3885,0.84672,12.849,0.84672,3695.15,0,36.966,0.847364,0.291522,2.58312,4.35973,1.50485,4.88216,0.42336,36.966,0.42336,423.524,0,1.02816,0,0,1.31968,0.291522,1.028160,1,0,29.2706,0,0,0,29.2706,0
64.8859,2.76893,0,0,2.45485,0.0569928,0.36288,3.6288,61.0628,0.66528,0,0,1.11974,0.323389,0,0.66528,12.849,1,0.542184,0.36288,0,38.7234,5.86856,32.6755,0.84672,12.849,0.84672,3695.15,0,36.966,0.847661,0.598372,2.58344,4.86962,1.50485,5.69892,0.42336,36.966,0.42336,423.524,0,1.02816,0,0,1.62653,0.598372,1.028160,1,0,38.3744,0,0,0,38.3744,0
63.7217,2.76422,0,0,2.01961,0.0566585,0.36288,3.6288,60.7684,0.786205,0,0,0.815512,0.323658,0,0.66528,12.849,1,0.547383,0.36288,0,35.4768,5.86856,29.4237,0.84672,12.849,0.84672,3695.15,0,36.966,0.847958,0.204422,2.58376,3.98844,1.50485,4.42382,0.42336,36.966,0.42336,423.524,0,0.907235,0,0,1.11166,0.204422,1.028160,1,0,33.8475,0,0,0,33.8475,0
63.0632,2.75629,0,0,2.51678,0.0561282,0.36288,3.6288,61.1928,0.66528,0,0,1.4127,0.323055,0,0.66528,12.849,1,0.555786,0.36288,0,34.5813,5.86856,28.5198,0.84672,12.849,0.84672,3695.15,0,36.966,0.848255,1.16865,2.58408,6.22061,1.50485,7.62023,0.42336,36.966,0.42336,423.524,0,1.02816,0,0,2.19681,1.16865,1.028160,1,0,36.14,0,0,0,36.14,0
62.4787,2.66024,0,0,2.5238,0.0851532,0.36288,3.6288,60.9628,0.66528,0,0,0.749364,0.314074,0,0.66528,12.849,1,0.542019,0.36288,0,23.0013,5.71929,17.1029,0.84672,12.849,0.84672,3695.15,0,36.966,0.740796,0.267512,2.5844,3.51729,1.39206,4.23635,0.42336,36.966,0.42336,423.524,0,1.02816,0,0,1.29567,0.267512,1.028160,1,0,21.3392,0,0,0,21.3392,0
62.0797,2.65642,0,0,2.78738,0.16714,0.36288,3.6288,61.0318,0.66528,0,0,1.00112,0.266794,0,0.66528,12.849,1,0.546304,0.36288,0,21.7508,4.52854,17.0388,0.84672,12.849,0.84672,3695.15,0,36.966,0.741079,0.582941,2.48079,4.46335,1.11474,5.67126,0.42336,36.966,0.42336,423.524,0,1.02816,0,0,1.6111,0.582941,1.028160,1,0,22.7101,0,0,0,22.7101,0
61.5045,2.6539,0,0,2.61388,0.172282,0.36288,3.6288,61.1742,0.66528,0,0,1.07661,0.26892,0,0.66528,12.849,1,0.549293,0.36288,0,25.878,4.5611,21.1305,0.84672,12.849,0.84672,3695.15,0,36.966,0.741361,0.605197,2.4811,4.70019,1.13338,5.91175,0.42336,36.966,0.42336,423.524,0,1.02816,0,0,1.63336,0.605197,1.028160,1,0,27.0422,0,0,0,27.0422,0
61.2285,2.65003,0,0,2.90838,0.171466,0.36288,3.6288,61.308,0.66528,0,0,1.20937,0.269162,0.141166,0.66528,12.849,1,0.553623,0.36288,0,39.0165,4.5611,34.2647,0.84672,12.849,0.84672,3695.15,0,36.966,0.741644,0.823133,2.48141,5.42263,1.13338,6.85215,0.42336,36.966,0.42336,423.524,0,1.02816,0,0,1.85129,0.823133,1.028160,1,0,41.258,0,0,0,41.258,0
60.3943,2.57349,0,0,2.27505,0.172814,0.36288,3.6288,61.308,0.66528,0,0,1.01022,0.248235,0.0967053,0.66528,12.849,1,0.540055,0.36288,0,51.2328,4.16498,46.8906,0.84672,12.849,0.84672,3695.15,0,36.966,0.64379,0.43276,2.48171,5.28367,1.10107,6.45329,0.42336,36.966,0.42336,423.524,0,1.02816,0,0,1.46092,0.43276,1.028160,1,0,53.4406,0,0,0,53.4406,0
58.7755,2.56771,0,0,1.48471,0.172915,0.36288,3.6288,60.934,0.66528,0,0,0.523653,0.23237,0,0.66528,12.849,1,0.546284,0.36288,0,16.5058,3.86789,12.4545,0.84672,12.849,0.84672,3695.15,0,36.966,0.64406,0.280282,2.38922,3.86513,1.07684,4.81374,0.42336,36.966,0.42336,423.524,0,1.02816,0,0,1.30844,0.280282,1.028160,1,0,17.2682,0,0,0,17.2682,0
60.2597,2.55573,0,0,4.57305,0.170265,0.36288,3.6288,61.308,0.66528,0,0,1.67579,0.23182,0.404692,0.66528,12.849,1,0.558712,0.36288,0,57.1867,3.86789,53.123,0.84672,12.849,0.84672,3695.15,0,36.966,0.64433,3.15637,2.38951,9.19063,1.07684,13.0154,0.42336,36.966,0.42336,423.524,0,1.02816,0,0,4.18453,3.15637,1.028160,1,0,66.543,0,0,0,66.543,0
60.8804,2.56745,0,0,3.75479,0.203725,0.36288,3.6288,61.308,0.66528,0,0,1.42911,0.208876,0.554952,0.66528,12.849,1,0.54745,0.36288,0,46.3868,3.54141,42.6608,0.84672,12.849,0.84672,3695.15,0,36.966,0.6446,0.798621,2.38981,6.94976,0.984356,8.50923,0.42336,36.966,0.42336,423.524,0,1.02816,0,0,1.82678,0.798621,1.028160,1,0,51.725,0,0,0,51.725,0
60.7184,2.35989,0,0,2.77102,0.210247,0.36288,3.6288,61.308,0.66528,0,0,1.18905,0.207067,0.316707,0.66528,12.849,1,0.498063,0.36288,0,36.7453,3.62841,32.9817,0.84672,12.849,0.84672,3695.15,0,36.966,0.440369,1.03537,2.3901,5.64254,0.843855,7.78379,0.42336,36.966,0.42336,423.524,0,1.02816,0,0,2.06353,1.03537,1.028160,1,0,41.0822,0,0,0,41.0822,0
60.01,2.35914,0,0,2.26625,0.252635,0.36288,3.6288,61.308,0.66528,0,0,1.60605,0.17994,0.760827,0.66528,12.849,1,0.499233,0.36288,0,37.0999,3.97383,32.9897,0.84672,12.849,0.84672,3695.15,0,36.966,0.440612,1.2588,2.18416,5.11547,0.950738,7.16708,0.42336,36.966,0.42336,423.524,0,1.02816,0,0,2.28696,1.2588,1.028160,1,0,40.9176,0,0,0,40.9176,0
61.5425,2.35463,0,0,4.50159,0.251657,0.36288,3.6288,61.308,0.66528,0,0,2.6753,0.187974,1.82204,0.66528,12.849,1,0.504161,0.36288,0,75.3555,4.09427,71.1199,0.84672,12.849,0.84672,3695.15,0,36.966,0.440855,2.6802,2.18443,7.85494,0.99824,11.2805,0.42336,36.966,0.42336,423.524,0,1.02816,0,0,3.70836,2.6802,1.028160,1,0,84.2225,0,0,0,84.2225,0
62.5056,2.36537,0,0,3.94606,0.254652,0.36288,3.6288,61.308,0.66528,0,0,2.07595,0.245692,1.16498,0.66528,12.849,1,0.493848,0.36288,0,65.5259,4.81094,60.584,0.84672,12.849,0.84672,3695.15,0,36.966,0.441098,1.41693,2.18469,7.70872,1.26102,9.60822,0.42336,36.966,0.42336,423.524,0,1.02816,0,0,2.44509,1.41693,1.028160,1,0,71.3572,0,0,0,71.3572,0
65.3274,2.37203,0,0,5.78597,0.229318,0.36288,3.6288,61.308,0.66528,0,0,3.98322,0.209387,3.10855,0.66528,12.849,1,0.487607,0.36288,0,94.0507,3.70251,90.2235,0.84672,12.849,0.84672,3695.15,0,36.966,0.441341,3.78352,2.18496,11.7597,0.890964,16.3959,0.42336,36.966,0.42336,423.524,0,1.02816,0,0,4.81168,3.78352,1.028160,1,0,109.728,0,0,0,109.728,0
68.4531,2.47275,0,0,6.21202,0.250701,0.36288,3.6288,61.308,0.66528,0,0,2.15199,0.215511,1.2712,0.66528,12.849,1,0.486357,0.36288,0,88.0718,3.82023,84.1281,0.84672,12.849,0.84672,3695.15,0,36.966,0.500831,2.64843,2.18523,13.661,1.0698,16.924,0.42336,36.966,0.42336,423.524,0,1.02816,0,0,3.67659,2.64843,1.028160,1,0,102.323,0,0,0,102.323,0
69.3615,2.49179,0,0,4.02283,0.259726,0.36288,3.6288,61.308,0.66528,0,0,1.59843,0.216532,0.716614,0.66528,12.849,1,0.467722,0.36288,0,67.8383,3.83985,63.8936,0.84672,12.849,0.84672,3695.15,0,36.966,0.501065,1.55906,2.24983,16.9862,1.0996,19.1944,0.42336,36.966,0.42336,423.524,0,1.02816,0,0,2.58722,1.55906,1.028160,1,0,83.8046,0,0,0,83.8046,0
72.29,2.4973,0,0,7.61006,0.270786,1.91346,3.6288,61.308,0.66528,0,0,3.39514,0.180561,2.5493,0.66528,12.849,1,0.462617,1.91346,0,122.817,3.60249,120.665,0.84672,12.849,0.84672,3695.15,0,36.966,0.501299,3.23397,2.25009,13.7994,1.04295,17.7392,0.42336,36.966,0.42336,423.524,0,1.02816,0,0,4.26213,3.23397,1.028160,1,0,140.954,0,0,0,140.954,0
72.29,2.51355,0,0,5.79347,0.284008,2.9959,3.6288,61.308,0.66528,0,0,2.02082,0.153583,1.20196,0.66528,12.849,1,0.446765,2.9959,0,114.351,3.42447,113.476,0.84672,12.849,0.84672,3695.15,0,36.966,0.501533,1.84696,2.25034,12.6644,1.00046,15.2597,0.42336,36.966,0.42336,423.524,0,1.02816,0,0,2.87512,1.84696,1.028160,1,0,129.938,0,0,0,129.938,0
72.29,2.78414,0,0,6.70958,0.289101,3.63634,3.6288,61.308,0.66528,0,0,2.06236,0.153931,1.24315,0.66528,12.849,1,0.49486,3.63634,0,135.531,3.73731,134.935,0.84672,12.849,0.84672,3695.15,0,36.966,0.724321,1.84346,2.2506,14.9945,1.03374,17.3305,0.42336,36.966,0.42336,423.524,0,1.02816,0,0,2.87162,1.84346,1.028160,1,0,153.508,0,0,0,153.508,0
72.29,2.78452,0,0,8.1076,0.312189,5.0109,3.6288,61.308,0.66528,0,0,2.20373,0.174787,1.36366,0.66528,12.849,1,0.494927,5.0109,0,147.495,4.30321,147.708,0.84672,12.849,0.84672,3695.15,0,36.966,0.724582,2.46341,2.48245,19.0588,1.13003,22.15,0.42336,36.966,0.42336,423.524,0,1.02816,0,0,3.49157,2.46341,1.028160,1,0,171.222,0,0,0,171.222,0
72.29,2.78489,0,0,6.72218,0.312189,3.6251,3.6288,61.308,0.66528,0,0,1.83018,0.174787,0.990109,0.66528,12.849,1,0.494993,3.6251,0,148.813,4.30321,147.64,0.84672,12.849,0.84672,3695.15,0,36.966,0.724844,1.79196,2.48273,15.9814,1.13003,18.4012,0.42336,36.966,0.42336,423.524,0,1.02816,0,0,2.82012,1.79196,1.028160,1,0,167.031,0,0,0,167.031,0
72.29,2.78527,0,0,5.77637,0.309003,2.6821,3.6288,61.308,0.66528,0,0,1.68233,0.153396,0.863653,0.66528,12.849,1,0.49506,2.6821,0,113.492,3.53893,112.14,0.84672,12.849,0.84672,3695.15,0,36.966,0.725105,1.5466,2.48302,14.4774,0.990116,16.7918,0.42336,36.966,0.42336,423.524,0,1.02816,0,0,2.57476,1.5466,1.028160,1,0,129.795,0,0,0,129.795,0
72.29,2.4,0,0,5.41361,0.314705,2.6989,3.6288,61.308,0.66528,0,0,1.85366,0.155269,1.03311,0.66528,12.849,1,0.426582,2.6989,0,105.329,3.17681,104.425,0.84672,12.849,0.84672,3695.15,0,36.966,0.426549,1.61022,2.4833,14.4997,0.869907,17.2968,0.42336,36.966,0.42336,423.524,0,1.02816,0,0,2.63838,1.61022,1.028160,1,0,122.755,0,0,0,122.755,0
72.29,2.40033,0,0,4.23806,0.327971,1.50976,3.6288,61.308,0.66528,0,0,2.12155,0.195793,1.26048,0.66528,12.849,1,0.42664,1.50976,0,94.3315,4.05269,91.362,0.84672,12.849,0.84672,3695.15,0,36.966,0.426774,1.57809,2.16761,13.3696,0.958373,15.7302,0.42336,36.966,0.42336,423.524,0,1.02816,0,0,2.60625,1.57809,1.028160,1,0,108.353,0,0,0,108.353,0
72.29,2.40066,0,0,5.73521,0.327971,3.00658,3.6288,61.308,0.66528,0,0,2.95615,0.195793,2.09508,0.66528,12.849,1,0.426698,3.00658,0,148.137,4.05269,146.664,0.84672,12.849,0.84672,3695.15,0,36.966,0.426999,2.81902,2.16785,16.8019,0.958373,20.4034,0.42336,36.966,0.42336,423.524,0,1.02816,0,0,3.84718,2.81902,1.028160,1,0,169.163,0,0,0,169.163,0
72.29,2.40098,0,0,7.15925,0.323874,4.43439,3.6288,61.308,0.66528,0,0,3.24181,0.161431,2.41509,0.66528,12.849,1,0.426757,4.43439,0,194.081,3.51476,194.574,0.84672,12.849,0.84672,3695.15,0,36.966,0.427223,3.49861,2.1681,22.3308,0.866243,26.704,0.42336,36.966,0.42336,423.524,0,1.02816,0,0,4.52677,3.49861,1.028160,1,0,223.693,0,0,0,223.693,0
72.29,2.40131,0,0,6.54799,0.323191,3.82348,3.6288,61.308,0.66528,0,0,2.77091,0.155704,1.94992,0.66528,12.849,1,0.426815,3.82348,0,217.096,3.4251,217.068,0.84672,12.849,0.84672,3695.15,0,36.966,0.427448,3.14738,2.16834,20.1328,0.850888,24.1702,0.42336,36.966,0.42336,423.524,0,1.02816,0,0,4.17554,3.14738,1.028160,1,0,243.188,0,0,0,243.188,0
72.29,2.49877,0,0,6.40816,0.35023,3.55915,3.6288,61.308,0.66528,0,0,2.40247,0.180754,1.55644,0.66528,12.849,1,0.444138,3.55915,0,214.686,4.28799,213.513,0.84672,12.849,0.84672,3695.15,0,36.966,0.50082,2.6216,2.16859,20.1551,0.84578,23.5987,0.42336,36.966,0.42336,423.524,0,1.02816,0,0,3.64976,2.6216,1.028160,1,0,238.668,0,0,0,238.668,0
72.29,2.49911,0,0,6.16232,0.35023,3.31297,3.6288,61.308,0.66528,0,0,5.49561,0.180754,4.64958,0.66528,12.849,1,0.444199,3.31297,0,184.313,4.28799,182.894,0.84672,12.849,0.84672,3695.15,0,36.966,0.501054,5.00074,2.24679,21.9329,0.84578,27.8336,0.42336,36.966,0.42336,423.524,0,1.02816,0,0,6.0289,5.00074,1.028160,1,0,215.377,0,0,0,215.377,0
72.29,2.49946,0,0,5.1456,0.35023,2.29591,3.6288,61.308,0.66528,0,0,4.09579,0.180754,3.24976,0.66528,12.849,1,0.444259,2.29591,0,187.66,4.28799,185.224,0.84672,12.849,0.84672,3695.15,0,36.966,0.501288,4.13574,2.24704,18.7286,0.84578,23.7643,0.42336,36.966,0.42336,423.524,0,1.02816,0,0,5.1639,4.13574,1.028160,1,0,212.238,0,0,0,212.238,0
72.29,2.4998,0,0,5.32154,0.314518,2.50723,3.6288,61.308,0.66528,0,0,2.46247,0.199784,1.5974,0.66528,12.849,1,0.44432,2.50723,0,149.656,4.52067,147.198,0.84672,12.849,0.84672,3695.15,0,36.966,0.501522,2.59029,2.2473,17.1199,0.891581,20.5644,0.42336,36.966,0.42336,423.524,0,1.02816,0,0,3.61845,2.59029,1.028160,1,0,169.36,0,0,0,169.36,0
72.29,2.46214,0,0,4.78269,0.283085,2.03746,3.6288,61.308,0.66528,0,0,2.39941,0.20894,1.52519,0.66528,12.849,1,0.437627,2.03746,0,133.409,4.24124,130.767,0.84672,12.849,0.84672,3695.15,0,36.966,0.473332,2.7103,2.24755,16.6612,0.939436,20.2063,0.42336,36.966,0.42336,423.524,0,1.02816,0,0,3.73846,2.7103,1.028160,1,0,152.499,0,0,0,152.499,0
72.29,2.46248,0,0,3.89479,0.276969,1.15535,3.6288,61.308,0.66528,0,0,1.85288,0.213977,0.973625,0.66528,12.849,1,0.437686,1.15535,0,104.194,4.20798,100.704,0.84672,12.849,0.84672,3695.15,0,36.966,0.473562,2.1551,2.21746,12.4063,0.941745,15.3636,0.42336,36.966,0.42336,423.524,0,1.02816,0,0,3.18326,2.1551,1.028160,1,0,117.041,0,0,0,117.041,0
72.29,2.46281,0,0,3.75734,0.276969,1.01756,3.6288,61.308,0.66528,0,0,2.10996,0.213977,1.2307,0.66528,12.849,1,0.437746,1.01756,0,100.125,4.20798,96.4965,0.84672,12.849,0.84672,3695.15,0,36.966,0.473793,2.29898,2.21772,12.2193,0.941745,15.3205,0.42336,36.966,0.42336,423.524,0,1.02816,0,0,3.32714,2.29898,1.028160,1,0,113.048,0,0,0,113.048,0
72.29,2.46315,0,0,3.53131,0.276969,0.791198,3.6288,61.308,0.66528,0,0,1.84283,0.213977,0.963577,0.66528,12.849,1,0.437806,0.791198,0,85.5369,4.20798,81.6823,0.84672,12.849,0.84672,3695.15,0,36.966,0.474023,1.88841,2.21797,10.8295,0.941745,13.5202,0.42336,36.966,0.42336,423.524,0,1.02816,0,0,2.91657,1.88841,1.028160,1,0,96.166,0,0,0,96.166,0
72.29,2.59252,0,0,3.29728,0.252435,0.452324,3.6288,61.308,0.66528,0,0,1.57442,0.197272,0.711872,0.66528,12.849,1,0.460801,0.452324,0,79.691,3.9783,75.7043,0.84672,12.849,0.84672,3695.15,0,36.966,0.575101,1.79453,2.21822,10.1881,0.873595,12.7522,0.42336,36.966,0.42336,423.524,0,1.02816,0,0,2.82269,1.79453,1.028160,1,0,89.1683,0,0,0,89.1683,0
72.29,2.59288,0,0,3.28097,0.226495,0.4616,3.6288,61.308,0.66528,0,0,1.57369,0.159699,0.74871,0.66528,12.849,1,0.460864,0.4616,0,78.9489,3.48957,75.46,0.84672,12.849,0.84672,3695.15,0,36.966,0.575344,1.98965,2.32487,11.7005,0.772828,14.6668,0.42336,36.966,0.42336,423.524,0,1.02816,0,0,3.01781,1.98965,1.028160,1,0,90.8755,0,0,0,90.8755,0
72.1691,2.59323,0,0,3.0617,0.226495,0.36288,3.6288,61.308,0.66528,0,0,1.51236,0.159699,0.687383,0.66528,12.849,1,0.460927,0.36288,0,70.9983,3.48957,67.4107,0.84672,12.849,0.84672,3695.15,0,36.966,0.575587,1.57881,2.32513,10.1704,0.772828,12.7259,0.42336,36.966,0.42336,423.524,0,1.02816,0,0,2.60697,1.57881,1.028160,1,0,80.824,0,0,0,80.824,0
71.9421,2.59292,0,0,2.88147,0.152681,0.36288,3.6288,61.308,0.66528,0,0,1.42581,0.264666,0.495861,0.66528,12.849,1,0.461645,0.36288,0,68.6275,4.91568,63.6131,0.84672,12.849,0.84672,3695.15,0,36.966,0.57583,1.35245,2.3254,9.15918,1.1547,11.1065,0.42336,36.966,0.42336,423.524,0,1.02816,0,0,2.38061,1.35245,1.028160,1,0,75.2154,0,0,0,75.2154,0
71.5053,2.59204,0,0,2.67056,0.152418,0.36288,3.6288,61.308,0.66528,0,0,1.34737,0.264666,0.417427,0.66528,12.849,1,0.462944,0.36288,0,62.6288,4.91568,57.613,0.84672,12.849,0.84672,3695.15,0,36.966,0.576073,1.22834,2.32566,8.62255,1.1547,10.4458,0.42336,36.966,0.42336,423.524,0,1.02816,0,0,2.2565,1.22834,1.028160,1,0,68.4762,0,0,0,68.4762,0
72.0017,2.5645,0,0,3.5411,0.117364,0.36288,3.6288,61.308,0.66528,0,0,1.60624,0.282678,0.658278,0.66528,12.849,1,0.460823,0.36288,0,81.5901,5.43281,76.0594,0.84672,12.849,0.84672,3695.15,0,36.966,0.631778,2.2171,2.32593,8.97091,1.33547,11.5467,0.42336,36.966,0.42336,423.524,0,1.02816,0,0,3.24526,2.2171,1.028160,1,0,88.2643,0,0,0,88.2643,0
72.1908,2.56755,0,0,3.2374,0.117809,0.36288,3.6288,61.308,0.66528,0,0,1.54245,0.282678,0.594489,0.66528,12.849,1,0.45819,0.36288,0,73.8521,5.43281,68.324,0.84672,12.849,0.84672,3695.15,0,36.966,0.632028,2.06337,2.36341,8.93134,1.33547,11.3906,0.42336,36.966,0.42336,423.524,0,1.02816,0,0,3.09153,2.06337,1.028160,1,0,80.3091,0,0,0,80.3091,0
72.2742,2.56891,0,0,3.13315,0.117978,0.36288,3.6288,61.308,0.66528,0,0,1.44881,0.282678,0.500849,0.66528,12.849,1,0.457232,0.36288,0,67.1864,5.43281,61.6592,0.84672,12.849,0.84672,3695.15,0,36.966,0.632278,1.68058,2.36368,8.67957,1.33547,10.7561,0.42336,36.966,0.42336,423.524,0,1.02816,0,0,2.70874,1.68058,1.028160,1,0,72.9162,0,0,0,72.9162,0
72.2388,2.56971,0,0,3.00481,0.107671,0.36288,3.6288,61.308,0.66528,0,0,1.3778,0.291563,0.42096,0.66528,12.849,1,0.456847,0.36288,0,60.8775,5.50874,55.2748,0.84672,12.849,0.84672,3695.15,0,36.966,0.632527,1.57913,2.36395,8.55645,1.38045,10.4866,0.42336,36.966,0.42336,423.524,0,1.02816,0,0,2.60729,1.57913,1.028160,1,0,66.1823,0,0,0,66.1823,0
72.1969,2.63584,0,0,3.03972,0.0828842,0.36288,3.6288,61.308,0.66528,0,0,1.4428,0.314344,0.463178,0.66528,12.849,1,0.468833,0.36288,0,54.8663,5.84562,48.9148,0.84672,12.849,0.84672,3695.15,0,36.966,0.682231,1.43787,2.36422,7.7341,1.47347,9.38048,0.42336,36.966,0.42336,423.524,0,1.02816,0,0,2.46603,1.43787,1.028160,1,0,58.7584,0,0,0,58.7584,0
72.29,2.63596,0,0,3.30175,0.0837513,0.488902,3.6288,61.308,0.66528,0,0,1.61902,0.314771,0.638964,0.66528,12.849,1,0.469127,0.488902,0,72.0353,5.95591,66.0992,0.84672,12.849,0.84672,3695.15,0,36.966,0.682487,1.80144,2.41726,8.09663,1.4589,10.1739,0.42336,36.966,0.42336,423.524,0,1.02816,0,0,2.8296,1.80144,1.028160,1,0,76.9121,0,0,0,76.9121,0
72.2118,2.63683,0,0,3.00534,0.0838105,0.36288,3.6288,61.308,0.66528,0,0,1.33536,0.314771,0.355313,0.66528,12.849,1,0.468677,0.36288,0,58.0201,5.95591,51.9584,0.84672,12.849,0.84672,3695.15,0,36.966,0.682743,1.86254,2.41754,7.52354,1.4589,9.66197,0.42336,36.966,0.42336,423.524,0,1.02816,0,0,2.8907,1.86254,1.028160,1,0,61.9757,0,0,0,61.9757,0
71.8617,2.63676,0,0,2.73333,0.0837608,0.36288,3.6288,61.308,0.66528,0,0,1.24359,0.314771,0.263538,0.66528,12.849,1,0.469172,0.36288,0,54.0879,5.95591,48.0257,0.84672,12.849,0.84672,3695.15,0,36.966,0.682999,1.41198,2.41781,6.7049,1.4589,8.39279,0.42336,36.966,0.42336,423.524,0,1.02816,0,0,2.44014,1.41198,1.028160,1,0,56.682,0,0,0,56.682,0
71.4715,2.8283,0,0,2.86751,0.0665512,0.36288,3.6288,61.308,0.66528,0,0,1.4358,0.32198,0.448535,0.66528,12.849,1,0.505706,0.36288,0,53.5539,6.08909,47.322,0.84672,12.849,0.84672,3695.15,0,36.966,0.861843,2.0069,2.41809,8.85583,1.49659,10.9224,0.42336,36.966,0.42336,423.524,0,1.02816,0,0,3.03506,2.0069,1.028160,1,0,58.6929,0,0,0,58.6929,0
70.2629,2.82635,0,0,2.01348,0.0329201,0.36288,3.6288,61.308,0.66528,0,0,1.10807,0.32897,0.113821,0.66528,12.849,1,0.508114,0.36288,0,41.8989,5.84125,35.9124,0.84672,12.849,0.84672,3695.15,0,36.966,0.862121,1.39182,2.59901,5.89964,1.51357,7.51478,0.42336,36.966,0.42336,423.524,0,1.02816,0,0,2.41998,1.39182,1.028160,1,0,43.541,0,0,0,43.541,0
69.1918,2.81934,0,0,2.14382,0.0326163,0.36288,3.6288,61.308,0.66528,0,0,1.09903,0.32897,0.104775,0.66528,12.849,1,0.515573,0.36288,0,39.1394,5.84125,33.1454,0.84672,12.849,0.84672,3695.15,0,36.966,0.862399,1.35446,2.5993,6.21801,1.51357,7.7958,0.42336,36.966,0.42336,423.524,0,1.02816,0,0,2.38262,1.35446,1.028160,1,0,41.046,0,0,0,41.046,0
69.1914,2.81298,0,0,3.21774,0.0422886,0.36288,3.6288,61.308,0.66528,0,0,1.30861,0.326825,0.31651,0.66528,12.849,1,0.522374,0.36288,0,57.7964,5.78188,51.855,0.84672,12.849,0.84672,3695.15,0,36.966,0.862678,1.82524,2.5996,6.60787,1.50629,8.66375,0.42336,36.966,0.42336,423.524,0,1.02816,0,0,2.8534,1.82524,1.028160,1,0,60.8353,0,0,0,60.8353,0
70.4885,2.81336,0,0,4.53087,0.0575267,0.36288,3.6288,61.308,0.66528,0,0,1.67964,0.317724,0.696638,0.66528,12.849,1,0.522447,0.36288,0,75.4376,5.78622,69.4918,0.84672,12.849,0.84672,3695.15,0,36.966,0.862956,1.96064,2.5999,7.27552,1.48602,9.48709,0.42336,36.966,0.42336,423.524,0,1.02816,0,0,2.9888,1.96064,1.028160,1,0,79.6755,0,0,0,79.6755,0
69.765,2.72797,0,0,2.38413,0.0168049,0.36288,3.6288,61.308,0.66528,0,0,1.47166,0.311721,0.494659,0.66528,12.849,1,0.497268,0.36288,0,49.5863,5.74712,43.7048,0.84672,12.849,0.84672,3695.15,0,36.966,0.754771,1.56656,2.6002,6.55188,1.49967,8.46421,0.42336,36.966,0.42336,423.524,0,1.02816,0,0,2.59472,1.56656,1.028160,1,0,52.6636,0,0,0,52.6636,0
69.175,2.72398,0,0,2.56498,0.0680972,0.36288,3.6288,61.308,0.66528,0,0,1.42321,0.270933,0.486994,0.66528,12.849,1,0.50169,0.36288,0,36.7091,5.39942,31.1709,0.84672,12.849,0.84672,3695.15,0,36.966,0.755036,1.40573,2.4959,4.83691,1.39157,6.59193,0.42336,36.966,0.42336,423.524,0,1.02816,0,0,2.43389,1.40573,1.028160,1,0,38.2498,0,0,0,38.2498,0
70.0155,2.72074,0,0,3.99191,0.0677864,0.36288,3.6288,61.308,0.66528,0,0,2.3597,0.270933,1.42348,0.66528,12.849,1,0.505367,0.36288,0,59.6738,5.39942,54.1319,0.84672,12.849,0.84672,3695.15,0,36.966,0.755301,3.16481,2.49618,8.62792,1.39157,12.142,0.42336,36.966,0.42336,423.524,0,1.02816,0,0,4.19297,3.16481,1.028160,1,0,67.6974,0,0,0,67.6974,0
70.5301,2.72623,0,0,3.67192,0.0682292,0.36288,3.6288,61.308,0.66528,0,0,2.17026,0.270933,1.23404,0.66528,12.849,1,0.500309,0.36288,0,108.12,5.39942,102.583,0.84672,12.849,0.84672,3695.15,0,36.966,0.755566,2.78095,2.49647,7.29275,1.39157,10.423,0.42336,36.966,0.42336,423.524,0,1.02816,0,0,3.80911,2.78095,1.028160,1,0,114.24,0,0,0,114.24,0
70.3993,2.65257,0,0,3.07634,0.19176,0.36288,3.6288,61.308,0.66528,0,0,1.39141,0.221877,0.504254,0.66528,12.849,1,0.483238,0.36288,0,74.0915,4.79538,69.1757,0.84672,12.849,0.84672,3695.15,0,36.966,0.657054,1.73102,2.49676,4.43994,1.24116,6.76949,0.42336,36.966,0.42336,423.524,0,1.02816,0,0,2.75918,1.73102,1.028160,1,0,76.4495,0,0,0,76.4495,0
71.6088,2.65217,0,0,4.45644,0.231846,0.36288,3.6288,61.308,0.66528,0,0,1.62318,0.196168,0.761731,0.66528,12.849,1,0.484063,0.36288,0,80.0859,4.08104,75.8837,0.84672,12.849,0.84672,3695.15,0,36.966,0.657307,2.12309,2.40364,5.48755,0.999753,8.35722,0.42336,36.966,0.42336,423.524,0,1.02816,0,0,3.15125,2.12309,1.028160,1,0,85.0026,0,0,0,85.0026,0
72.29,2.65946,0,0,4.17961,0.234005,0.604944,3.6288,61.308,0.66528,0,0,1.20785,0.196168,0.346406,0.66528,12.849,1,0.477196,0.604944,0,76.7154,4.08104,72.7621,0.84672,12.849,0.84672,3695.15,0,36.966,0.65756,1.8452,2.40392,7.39904,0.999753,9.99084,0.42336,36.966,0.42336,423.524,0,1.02816,0,0,2.87336,1.8452,1.028160,1,0,83.0994,0,0,0,83.0994,0
72.29,2.66364,0,0,3.98808,0.235221,1.08922,3.6288,61.308,0.66528,0,0,2.1577,0.196168,1.29625,0.66528,12.849,1,0.473442,1.08922,0,92.7323,4.08104,89.267,0.84672,12.849,0.84672,3695.15,0,36.966,0.657813,2.50869,2.40419,8.22198,0.999753,11.4773,0.42336,36.966,0.42336,423.524,0,1.02816,0,0,3.53685,2.50869,1.028160,1,0,102.041,0,0,0,102.041,0
72.29,2.44403,0,0,3.75583,0.22714,1.08465,3.6288,61.308,0.66528,0,0,1.64444,0.19708,0.782083,0.66528,12.849,1,0.434408,1.08465,0,67.487,4.05258,64.0847,0.84672,12.849,0.84672,3695.15,0,36.966,0.45224,2.62298,2.40447,9.54221,1.00105,13.1164,0.42336,36.966,0.42336,423.524,0,1.02816,0,0,3.65114,2.62298,1.028160,1,0,77.9832,0,0,0,77.9832,0
71.1733,2.44437,0,0,1.96611,0.275556,0.36288,3.6288,61.308,0.66528,0,0,1.23711,0.180814,0.391015,0.66528,12.849,1,0.434468,0.36288,0,53.7303,3.85548,49.8032,0.84672,12.849,0.84672,3695.15,0,36.966,0.452468,1.06789,2.19717,6.20478,0.978813,8.03856,0.42336,36.966,0.42336,423.524,0,1.02816,0,0,2.09605,1.06789,1.028160,1,0,58.2328,0,0,0,58.2328,0
72.29,2.43892,0,0,4.32373,0.289234,0.478881,3.6288,61.308,0.66528,0,0,2.65894,0.177192,1.81647,0.66528,12.849,1,0.440302,0.478881,0,118.429,3.85109,114.617,0.84672,12.849,0.84672,3695.15,0,36.966,0.452695,2.88255,2.19742,8.91121,0.973806,12.5647,0.42336,36.966,0.42336,423.524,0,1.02816,0,0,3.91071,2.88255,1.028160,1,0,128.998,0,0,0,128.998,0
72.29,2.44503,0,0,7.46055,0.291706,4.72381,3.6288,61.308,0.66528,0,0,2.39958,0.177192,1.55711,0.66528,12.849,1,0.434586,4.72381,0,168.053,3.85109,168.491,0.84672,12.849,0.84672,3695.15,0,36.966,0.452923,2.41379,2.19767,9.54228,0.973806,12.727,0.42336,36.966,0.42336,423.524,0,1.02816,0,0,3.44195,2.41379,1.028160,1,0,182.775,0,0,0,182.775,0
72.29,2.44537,0,0,3.97019,0.299057,1.22577,3.6288,61.308,0.66528,0,0,1.92802,0.167805,1.09494,0.66528,12.849,1,0.434645,1.22577,0,118.149,3.94162,114.999,0.84672,12.849,0.84672,3695.15,0,36.966,0.45315,1.98973,2.19792,8.29276,0.896767,11.1305,0.42336,36.966,0.42336,423.524,0,1.02816,0,0,3.01789,1.98973,1.028160,1,0,127.224,0,0,0,127.224,0
72.29,2.53035,0,0,8.20622,0.312567,5.36331,3.6288,61.308,0.66528,0,0,3.21468,0.204432,2.34496,0.66528,12.849,1,0.44975,5.36331,0,149.469,4.27248,150.11,0.84672,12.849,0.84672,3695.15,0,36.966,0.513007,3.68151,2.19817,9.82817,1.01284,14.182,0.42336,36.966,0.42336,423.524,0,1.02816,0,0,4.70967,3.68151,1.028160,1,0,166.637,0,0,0,166.637,0
72.29,2.53067,0,0,8.61477,0.315766,5.76834,3.6288,61.308,0.66528,0,0,1.92002,0.221899,1.03285,0.66528,12.849,1,0.449807,5.76834,0,176.507,4.37766,177.447,0.84672,12.849,0.84672,3695.15,0,36.966,0.513225,3.26051,2.26317,9.25093,1.08238,13.179,0.42336,36.966,0.42336,423.524,0,1.02816,0,0,4.28867,3.26051,1.028160,1,0,191.659,0,0,0,191.659,0
72.29,2.53099,0,0,6.72524,0.315766,3.87848,3.6288,61.308,0.66528,0,0,1.54243,0.221899,0.655251,0.66528,12.849,1,0.449864,3.87848,0,130.021,4.37766,129.072,0.84672,12.849,0.84672,3695.15,0,36.966,0.513443,3.57661,2.26341,8.2137,1.08238,12.4579,0.42336,36.966,0.42336,423.524,0,1.02816,0,0,4.60477,3.57661,1.028160,1,0,142.185,0,0,0,142.185,0
72.29,2.53131,0,0,5.4273,0.315766,2.58023,3.6288,61.308,0.66528,0,0,1.25829,0.221899,0.371108,0.66528,12.849,1,0.449921,2.58023,0,102.946,4.37766,100.698,0.84672,12.849,0.84672,3695.15,0,36.966,0.513662,2.49543,2.26365,7.04083,1.08238,10.2039,0.42336,36.966,0.42336,423.524,0,1.02816,0,0,3.52359,2.49543,1.028160,1,0,111.273,0,0,0,111.273,0
72.29,2.8036,0,0,6.61278,0.342997,3.46618,3.6288,61.308,0.66528,0,0,1.18226,0.20801,0.308973,0.66528,12.849,1,0.498319,3.46618,0,116.567,4.05483,115.48,0.84672,12.849,0.84672,3695.15,0,36.966,0.737858,3.0051,2.26389,9.11357,1.10635,12.5383,0.42336,36.966,0.42336,423.524,0,1.02816,0,0,4.03326,3.0051,1.028160,1,0,128.328,0,0,0,128.328,0
72.29,2.80395,0,0,6.67251,0.34095,3.52761,3.6288,61.308,0.66528,0,0,2.44466,0.192034,1.58735,0.66528,12.849,1,0.498381,3.52761,0,123.396,3.04836,123.376,0.84672,12.849,0.84672,3695.15,0,36.966,0.738102,5.24672,2.4972,10.9639,0.818583,17.1511,0.42336,36.966,0.42336,423.524,0,1.02816,0,0,6.27488,5.24672,1.028160,1,0,142.115,0,0,0,142.115,0
72.29,2.8043,0,0,5.48929,0.325367,2.35962,3.6288,61.308,0.66528,0,0,1.96222,0.22523,1.07171,0.66528,12.849,1,0.498443,2.35962,0,157.719,3.8346,155.745,0.84672,12.849,0.84672,3695.15,0,36.966,0.738347,4.22365,2.49747,11.705,1.06456,16.6232,0.42336,36.966,0.42336,423.524,0,1.02816,0,0,5.25181,4.22365,1.028160,1,0,173.44,0,0,0,173.44,0
72.29,2.80465,0,0,4.69003,0.322084,1.56329,3.6288,61.308,0.66528,0,0,1.48758,0.210571,0.611733,0.66528,12.849,1,0.498506,1.56329,0,104.941,3.43193,102.573,0.84672,12.849,0.84672,3695.15,0,36.966,0.738591,3.45408,2.49773,7.92046,0.891046,12.2426,0.42336,36.966,0.42336,423.524,0,1.02816,0,0,4.48224,3.45408,1.028160,1,0,115.428,0,0,0,115.428,0
72.29,2.41691,0,0,4.98578,0.323588,2.24529,3.6288,61.308,0.66528,0,0,1.50435,0.206947,0.632127,0.66528,12.849,1,0.429587,2.24529,0,91.711,3.56284,89.9639,0.84672,12.849,0.84672,3695.15,0,36.966,0.438116,2.94888,2.498,8.40022,0.938353,12.4706,0.42336,36.966,0.42336,423.524,0,1.02816,0,0,3.97704,2.94888,1.028160,1,0,103.067,0,0,0,103.067,0
72.29,2.41721,0,0,4.5111,0.327347,1.76654,3.6288,61.308,0.66528,0,0,1.99759,0.197888,1.13443,0.66528,12.849,1,0.429641,1.76654,0,139.1,3.89015,136.546,0.84672,12.849,0.84672,3695.15,0,36.966,0.438325,3.43202,2.18027,13.3959,1.05662,17.5132,0.42336,36.966,0.42336,423.524,0,1.02816,0,0,4.46018,3.43202,1.028160,1,0,155.194,0,0,0,155.194,0
72.29,2.41752,0,0,4.32773,0.327347,1.58287,3.6288,61.308,0.66528,0,0,1.79474,0.197888,0.931576,0.66528,12.849,1,0.429696,1.58287,0,52.8278,3.89015,50.0908,0.84672,12.849,0.84672,3695.15,0,36.966,0.438535,2.99723,2.1805,12.5742,1.05662,16.2568,0.42336,36.966,0.42336,423.524,0,1.02816,0,0,4.02539,2.99723,1.028160,1,0,67.2792,0,0,0,67.2792,0
72.29,2.41783,0,0,4.22353,0.327347,1.47835,3.6288,61.308,0.66528,0,0,1.72683,0.197888,0.863666,0.66528,12.849,1,0.42975,1.47835,0,111.052,3.89015,108.21,0.84672,12.849,0.84672,3695.15,0,36.966,0.438745,2.88775,2.18073,12.8576,1.05662,16.4307,0.42336,36.966,0.42336,423.524,0,1.02816,0,0,3.91591,2.88775,1.028160,1,0,125.505,0,0,0,125.505,0
72.29,2.41813,0,0,3.88409,0.328738,1.13722,3.6288,61.308,0.66528,0,0,1.55526,0.172431,0.717549,0.66528,12.849,1,0.429805,1.13722,0,110.915,3.437,108.186,0.84672,12.849,0.84672,3695.15,0,36.966,0.438955,2.84567,2.18096,10.6779,0.885309,14.3803,0.42336,36.966,0.42336,423.524,0,1.02816,0,0,3.87383,2.84567,1.028160,1,0,123.283,0,0,0,123.283,0
72.29,2.51618,0,0,6.67395,0.322944,3.83482,3.6288,61.308,0.66528,0,0,2.74065,0.199428,1.87594,0.66528,12.849,1,0.447233,3.83482,0,113.633,3.71397,113.307,0.84672,12.849,0.84672,3695.15,0,36.966,0.512774,4.17312,2.18119,15.1974,0.905966,20.133,0.42336,36.966,0.42336,423.524,0,1.02816,0,0,5.20128,4.17312,1.028160,1,0,135.316,0,0,0,135.316,0
72.29,2.5165,0,0,5.62766,0.321398,2.78975,3.6288,61.308,0.66528,0,0,1.39547,0.214534,0.515658,0.66528,12.849,1,0.447289,2.78975,0,125.338,3.94895,123.731,0.84672,12.849,0.84672,3695.15,0,36.966,0.512992,2.52144,2.25987,10.4188,0.980789,13.7063,0.42336,36.966,0.42336,423.524,0,1.02816,0,0,3.5496,2.52144,1.028160,1,0,137.953,0,0,0,137.953,0
72.29,2.51682,0,0,5.00936,0.321398,2.17114,3.6288,61.308,0.66528,0,0,1.13927,0.214534,0.259456,0.66528,12.849,1,0.447346,2.17114,0,124.242,3.94895,122.017,0.84672,12.849,0.84672,3695.15,0,36.966,0.513211,2.00134,2.2601,9.01238,0.980789,11.7798,0.42336,36.966,0.42336,423.524,0,1.02816,0,0,3.0295,2.00134,1.028160,1,0,134.056,0,0,0,134.056,0
72.29,2.51714,0,0,4.91051,0.312383,2.08099,3.6288,61.308,0.66528,0,0,0.974462,0.233138,0.0760439,0.66528,12.849,1,0.447402,2.08099,0,109.727,4.15107,107.21,0.84672,12.849,0.84672,3695.15,0,36.966,0.513429,1.74944,2.26034,8.4945,1.09206,10.8988,0.42336,36.966,0.42336,423.524,0,1.02816,0,0,2.7776,1.74944,1.028160,1,0,118.184,0,0,0,118.184,0
72.29,2.47922,0,0,4.38033,0.234451,1.66666,3.6288,61.308,0.66528,0,0,1.02324,0.244496,0.113468,0.66528,12.849,1,0.440663,1.66666,0,82.1647,4.42737,78.9633,0.84672,12.849,0.84672,3695.15,0,36.966,0.485045,1.50234,2.26058,7.22857,1.09875,9.40769,0.42336,36.966,0.42336,423.524,0,1.02816,0,0,2.5305,1.50234,1.028160,1,0,88.4845,0,0,0,88.4845,0
72.29,2.47953,0,0,3.57103,0.228199,0.863299,3.6288,61.308,0.66528,0,0,0.928964,0.229525,0.0341587,0.66528,12.849,1,0.440719,0.863299,0,63.7654,4.31802,59.8699,0.84672,12.849,0.84672,3695.15,0,36.966,0.48526,1.22813,2.23028,5.68188,1.05934,7.5957,0.42336,36.966,0.42336,423.524,0,1.02816,0,0,2.25629,1.22813,1.028160,1,0,67.4998,0,0,0,67.4998,0
72.29,2.47985,0,0,3.13083,0.228199,0.422777,3.6288,61.2892,0.66528,0,0,0.875975,0.229525,0,0.66528,12.849,1,0.440774,0.422777,0,58.2226,4.31802,53.8866,0.84672,12.849,0.84672,3695.15,0,36.966,0.485475,0.955057,2.23052,5.29185,1.05934,6.93262,0.42336,36.966,0.42336,423.524,0,1.02816,0,0,1.98322,0.955057,1.028160,1,0,60.8192,0,0,0,60.8192,0
72.29,2.48016,0,0,3.3958,0.228199,0.687435,3.6288,61.2349,0.66528,0,0,0.840525,0.229498,0,0.66528,12.849,1,0.44083,0.687435,0,62.7648,4.31802,58.6933,0.84672,12.849,0.84672,3695.15,0,36.966,0.48569,0.582854,2.23075,5.79163,1.05934,7.06021,0.42336,36.966,0.42336,423.524,0,1.02816,0,0,1.61101,0.582854,1.028160,1,0,65.7536,0,0,0,65.7536,0
72.29,2.61032,0,0,3.19749,0.166757,0.420412,3.6288,61.154,0.66528,0,0,0.840396,0.256019,0,0.66528,12.849,1,0.463965,0.420412,0,57.9569,4.70642,53.207,0.84672,12.849,0.84672,3695.15,0,36.966,0.587383,0.840776,2.23099,5.49768,1.14289,6.83918,0.42336,36.966,0.42336,423.524,0,1.02816,0,0,1.86894,0.840776,1.028160,1,0,60.0462,0,0,0,60.0462,0
72.2236,2.61065,0,0,3.07266,0.165484,0.36288,3.6288,61.0442,0.66528,0,0,0.801412,0.245932,0,0.66528,12.849,1,0.464023,0.36288,0,55.0944,4.8301,50.1632,0.84672,12.849,0.84672,3695.15,0,36.966,0.58761,0.932939,2.33829,4.96286,1.16511,6.48136,0.42336,36.966,0.42336,423.524,0,1.02816,0,0,1.9611,0.932939,1.028160,1,0,56.6445,0,0,0,56.6445,0
72.0987,2.61062,0,0,3.01392,0.165401,0.36288,3.6288,60.875,0.66528,0,0,0.741839,0.245761,0,0.66528,12.849,1,0.464444,0.36288,0,51.7329,4.8301,46.8012,0.84672,12.849,0.84672,3695.15,0,36.966,0.587836,0.733562,2.33853,4.58032,1.16511,5.89947,0.42336,36.966,0.42336,423.524,0,1.02816,0,0,1.76172,0.733562,1.028160,1,0,52.7007,0,0,0,52.7007,0
71.5975,2.61026,0,0,2.63007,0.158056,0.36288,3.6288,60.649,0.66528,0,0,0.689515,0.250207,0,0.66528,12.849,1,0.465186,0.36288,0,46.2385,4.88366,41.2526,0.84672,12.849,0.84672,3695.15,0,36.966,0.588063,0.617233,2.33878,4.43008,1.17879,5.61924,0.42336,36.966,0.42336,423.524,0,1.02816,0,0,1.64539,0.617233,1.028160,1,0,46.8718,0,0,0,46.8718,0
70.9892,2.60783,0,0,2.47689,0.114492,0.36288,3.6288,60.3665,0.66528,0,0,0.660796,0.278061,0,0.66528,12.849,1,0.468005,0.36288,0,41.4628,5.20495,36.1528,0.84672,12.849,0.84672,3695.15,0,36.966,0.58829,0.542618,2.33903,4.1898,1.26089,5.22227,0.42336,36.966,0.42336,423.524,0,1.02816,0,0,1.57078,0.542618,1.028160,1,0,41.375,0,0,0,41.375,0
69.9536,2.57914,0,0,2.02198,0.11555,0.36288,3.6288,60.2032,0.66528,0,0,0.73605,0.234081,0,0.66528,12.849,1,0.466823,0.36288,0,38.3352,4.62508,33.6062,0.84672,12.849,0.84672,3695.15,0,36.966,0.644322,0.611652,2.33928,3.89476,1.05376,5.14761,0.42336,36.966,0.42336,423.524,0,1.02816,0,0,1.63981,0.611652,1.028160,1,0,38.7538,0,0,0,38.7538,0
68.7932,2.57363,0,0,1.891,0.114895,0.36288,3.6288,60.0231,0.66528,0,0,0.711789,0.226598,0,0.66528,12.849,1,0.47272,0.36288,0,35.5234,4.52844,30.8851,0.84672,12.849,0.84672,3695.15,0,36.966,0.644556,0.632629,2.37697,3.81731,1.01923,5.16312,0.42336,36.966,0.42336,423.524,0,1.02816,0,0,1.66079,0.632629,1.028160,1,0,36.0482,0,0,0,36.0482,0
67.4665,2.56723,0,0,1.68471,0.0813646,0.36288,3.6288,59.7692,0.66528,0,0,0.690319,0.278974,0,0.66528,12.849,1,0.4795,0.36288,0,33.7048,5.35634,28.2319,0.84672,12.849,0.84672,3695.15,0,36.966,0.644789,0.468469,2.37722,3.71237,1.30163,4.61164,0.42336,36.966,0.42336,423.524,0,1.02816,0,0,1.49663,0.468469,1.028160,1,0,32.8435,0,0,0,32.8435,0
66.0429,2.55963,0,0,1.58004,0.0811182,0.36288,3.6288,59.4873,0.66528,0,0,0.654005,0.270562,0,0.66528,12.849,1,0.487482,0.36288,0,30.8578,5.76314,24.9701,0.84672,12.849,0.84672,3695.15,0,36.966,0.645022,0.541935,2.37747,3.63616,1.45252,4.45803,0.42336,36.966,0.42336,423.524,0,1.02816,0,0,1.5701,0.541935,1.028160,1,0,29.4281,0,0,0,29.4281,0
64.5572,2.6166,0,0,1.5681,0.0742774,0.36288,3.6288,59.1906,0.66528,0,0,0.657066,0.288472,0,0.66528,12.849,1,0.509074,0.36288,0,27.611,5.64222,21.8226,0.84672,12.849,0.84672,3695.15,0,36.966,0.695014,0.387383,2.37772,3.36507,1.44452,3.99065,0.42336,36.966,0.42336,423.524,0,1.02816,0,0,1.41554,0.387383,1.028160,1,0,25.8133,0,0,0,25.8133,0
63.0857,2.60716,0,0,1.5641,0.0655838,0.36288,3.6288,58.8318,0.66528,0,0,0.618832,0.312408,0,0.66528,12.849,1,0.51891,0.36288,0,34.6745,5.481,29.0375,0.84672,12.849,0.84672,3695.15,0,36.966,0.695253,0.271374,2.43107,3.16776,1.43385,3.7411,0.42336,36.966,0.42336,423.524,0,1.02816,0,0,1.29953,0.271374,1.028160,1,0,32.7786,0,0,0,32.7786,0
61.5193,2.59743,0,0,1.45875,0.0648058,0.36288,3.6288,58.3963,0.671933,0,0,0.548123,0.311689,0,0.66528,12.849,1,0.529033,0.36288,0,27.4307,5.481,21.7836,0.84672,12.849,0.84672,3695.15,0,36.966,0.695492,0.261274,2.43133,2.89142,1.43385,3.45468,0.42336,36.966,0.42336,423.524,0,1.02151,0,0,1.28278,0.261274,1.028160,1,0,25.2382,0,0,0,25.2382,0
59.8327,2.58661,0,0,1.32687,0.0639778,0.36288,3.6288,57.7615,0.838814,0,0,0.514858,0.310817,0,0.66528,12.849,1,0.540243,0.36288,0,25.2234,5.481,19.5651,0.84672,12.849,0.84672,3695.15,0,36.966,0.695731,0.227405,2.43159,2.64629,1.43385,3.1757,0.42336,36.966,0.42336,423.524,0,0.854626,0,0,1.08203,0.227405,1.028160,1,0,22.7408,0,0,0,22.7408,0
58.1541,2.76296,0,0,1.50123,0.0539709,0.36288,3.6288,57.4187,0.66528,0,0,0.625953,0.303495,0,0.66528,12.849,1,0.593342,0.36288,0,25.9393,5.6225,20.0863,0.84672,12.849,0.84672,3695.15,0,36.966,0.875652,0.43537,2.43185,3.87958,1.47073,4.40041,0.42336,36.966,0.42336,423.524,0,1.02816,0,0,1.46353,0.43537,1.028160,1,0,24.4867,0,0,0,24.4867,0
56.6217,2.74927,0,0,1.61798,0.0382574,0.36288,3.6288,56.9135,0.690327,0,0,0.502819,0.317653,0,0.66528,12.849,1,0.607445,0.36288,0,25.6444,5.32749,20.0723,0.84672,12.849,0.84672,3695.15,0,36.966,0.875912,0.227405,2.61385,2.70488,1.57845,3.09177,0.42336,36.966,0.42336,423.524,0,1.00311,0,0,1.23052,0.227405,1.028160,1,0,23.1641,0,0,0,23.1641,0
55.2078,2.73622,0,0,1.72289,0.0376866,0.36288,3.6288,56.5501,0.66528,0,0,0.61849,0.316613,0,0.66528,12.849,1,0.620922,0.36288,0,32.6335,5.32749,27.048,0.84672,12.849,0.84672,3695.15,0,36.966,0.876172,0.488454,2.61413,3.02124,1.57845,3.6692,0.42336,36.966,0.42336,423.524,0,1.02816,0,0,1.51661,0.488454,1.028160,1,0,30.7172,0,0,0,30.7172,0
53.5016,2.72366,0,0,1.41744,0.03716,0.36288,3.6288,55.8234,0.861322,0,0,0.450437,0.315865,0,0.66528,12.849,1,0.633901,0.36288,0,29.8974,5.32749,24.2989,0.84672,12.849,0.84672,3695.15,0,36.966,0.876432,0.204422,2.61441,2.47452,1.57845,2.83847,0.42336,36.966,0.42336,423.524,0,0.832118,0,0,1.03654,0.204422,1.028160,1,0,27.1374,0,0,0,27.1374,0
52.1608,2.70769,0,0,1.76636,0.0365246,0.36288,3.6288,55.624,0.66528,0,0,0.780291,0.314369,0,0.66528,12.849,1,0.650283,0.36288,0,29.1427,5.32749,23.5278,0.84672,12.849,0.84672,3695.15,0,36.966,0.876691,1.02019,2.61469,3.85944,1.57845,5.03918,0.42336,36.966,0.42336,423.524,0,1.02816,0,0,2.04835,1.02019,1.028160,1,0,28.567,0,0,0,28.567,0
50.997,2.605,0,0,1.85196,0.0478685,0.36288,3.6288,55.254,0.66528,0,0,0.565976,0.270694,0,0.66528,12.849,1,0.641701,0.36288,0,37.0826,4.39335,32.4105,0.84672,12.849,0.84672,3695.15,0,36.966,0.767828,0.303679,2.61497,3.27352,1.31412,4.11022,0.42336,36.966,0.42336,423.524,0,1.02816,0,0,1.33184,0.303679,1.028160,1,0,36.5207,0,0,0,36.5207,0
50.3758,2.59363,0,0,2.38429,0.0490307,0.36288,3.6288,54.9334,0.66528,0,0,0.61597,0.27134,0,0.66528,12.849,1,0.65348,0.36288,0,37.4312,4.53726,32.6033,0.84672,12.849,0.84672,3695.15,0,36.966,0.768076,0.36771,2.51001,3.19767,1.40986,3.89745,0.42336,36.966,0.42336,423.524,0,1.02816,0,0,1.39587,0.36771,1.028160,1,0,36.5008,0,0,0,36.5008,0
49.3372,2.58753,0,0,1.96055,0.0487119,0.36288,3.6288,54.8582,0.66528,0,0,0.860927,0.270768,0,0.66528,12.849,1,0.659984,0.36288,0,36.3368,4.53726,31.5025,0.84672,12.849,0.84672,3695.15,0,36.966,0.768323,1.35333,2.51027,3.61034,1.40986,5.29576,0.42336,36.966,0.42336,423.524,0,1.02816,0,0,2.38149,1.35333,1.028160,1,0,36.7982,0,0,0,36.7982,0
47.9761,2.57683,0,0,1.62678,0.0481783,0.36288,3.6288,54.3736,0.677074,0,0,0.463049,0.270634,0,0.66528,12.849,1,0.67109,0.36288,0,34.8159,4.53726,29.9704,0.84672,12.849,0.84672,3695.15,0,36.966,0.76857,0.216518,2.51054,2.68874,1.40986,3.23737,0.42336,36.966,0.42336,423.524,0,1.01637,0,0,1.23288,0.216518,1.028160,1,0,33.2078,0,0,0,33.2078,0
46.6846,2.48979,0,0,1.66183,0.100649,0.36288,3.6288,53.9559,0.66528,0,0,0.485972,0.238349,0,0.66528,12.849,1,0.666817,0.36288,0,37.4296,4.30491,32.8208,0.84672,12.849,0.84672,3695.15,0,36.966,0.669443,0.330886,2.51081,3.13123,1.21833,4.08515,0.42336,36.966,0.42336,423.524,0,1.02816,0,0,1.35905,0.330886,1.028160,1,0,36.9059,0,0,0,36.9059,0
45.2812,2.47563,0,0,1.6111,0.175974,0.36288,3.6288,53.6531,0.66528,0,0,0.572371,0.209956,0,0.66528,12.849,1,0.681368,0.36288,0,37.5528,4.45074,32.7836,0.84672,12.849,0.84672,3695.15,0,36.966,0.669679,0.302227,2.41711,4.1489,0.96666,5.2319,0.42336,36.966,0.42336,423.524,0,1.02816,0,0,1.33039,0.302227,1.028160,1,0,38.0155,0,0,0,38.0155,0
44.8005,2.45949,0,0,2.51485,0.17324,0.36288,3.6288,53.4549,0.66528,0,0,0.676645,0.209486,0,0.66528,12.849,1,0.697905,0.36288,0,50.3241,4.45074,45.5383,0.84672,12.849,0.84672,3695.15,0,36.966,0.669915,0.611099,2.41737,5.49806,0.96666,6.88995,0.42336,36.966,0.42336,423.524,0,1.02816,0,0,1.63926,0.611099,1.028160,1,0,52.4283,0,0,0,52.4283,0
47.9096,2.45398,0,0,6.09828,0.172303,0.36288,3.6288,54.2529,0.66528,0,0,1.67244,0.209156,0,0.66528,12.849,1,0.703813,0.36288,0,115.137,4.45074,110.345,0.84672,12.849,0.84672,3695.15,0,36.966,0.670151,3.23194,2.41762,9.11558,0.96666,13.1283,0.42336,36.966,0.42336,423.524,0,1.02816,0,0,4.2601,3.23194,1.028160,1,0,123.473,0,0,0,123.473,0
49.8174,2.2848,0,0,4.75061,0.195133,0.36288,3.6288,54.5872,0.66528,0,0,1.21654,0.216999,0,0.66528,12.849,1,0.612767,0.36288,0,66.0563,4.26651,61.5399,0.84672,12.849,0.84672,3695.15,0,36.966,0.463323,1.82854,2.41788,5.42787,0.903024,8.30795,0.42336,36.966,0.42336,423.524,0,1.02816,0,0,2.8567,1.82854,1.028160,1,0,69.8478,0,0,0,69.8478,0
48.5709,2.30375,0,0,1.64061,0.220506,0.36288,3.6288,54.19,0.66528,0,0,0.439219,0.171114,0,0.66528,12.849,1,0.594187,0.36288,0,35.682,3.95169,31.499,0.84672,12.849,0.84672,3695.15,0,36.966,0.463536,1.47267,2.20932,3.75733,0.96779,6.00799,0.42336,36.966,0.42336,423.524,0,1.02816,0,0,2.50083,1.47267,1.028160,1,0,37.507,0,0,0,37.507,0
47.1992,2.29198,0,0,1.51386,0.230688,0.36288,3.6288,53.8915,0.66528,0,0,0.543802,0.17707,0,0.66528,12.849,1,0.606323,0.36288,0,32.4248,3.98874,28.1926,0.84672,12.849,0.84672,3695.15,0,36.966,0.463748,2.74939,2.20955,4.9017,0.938648,8.45825,0.42336,36.966,0.42336,423.524,0,1.02816,0,0,3.77755,2.74939,1.028160,1,0,36.6509,0,0,0,36.6509,0
46.6238,2.27842,0,0,2.29313,0.227256,0.36288,3.6288,53.6784,0.66528,0,0,0.62894,0.17672,0,0.66528,12.849,1,0.620251,0.36288,0,52.3485,3.98874,48.1024,0.84672,12.849,0.84672,3695.15,0,36.966,0.463961,3.26804,2.20979,5.83198,0.938648,9.9072,0.42336,36.966,0.42336,423.524,0,1.02816,0,0,4.2962,3.26804,1.028160,1,0,58.0096,0,0,0,58.0096,0
53.4277,2.2727,0,0,9.66533,0.225817,0.36288,3.6288,56.6709,0.66528,0,0,3.83419,0.176436,0,0.66528,12.849,1,0.626332,0.36288,0,215.762,3.98874,211.51,0.84672,12.849,0.84672,3695.15,0,36.966,0.464173,3.4566,2.21002,15.6243,0.938648,19.8881,0.42336,36.966,0.42336,423.524,0,1.02816,0,0,4.48476,3.4566,1.028160,1,0,231.398,0,0,0,231.398,0
55.7459,2.337,0,0,5.24872,0.230638,0.36288,3.6288,58.3027,0.66528,0,0,2.47461,0.177504,0,0.66528,12.849,1,0.562033,0.36288,0,112.473,3.77772,108.496,0.84672,12.849,0.84672,3695.15,0,36.966,0.464173,1.79074,2.21025,10.6753,0.906199,13.3059,0.42336,36.966,0.42336,423.524,0,1.02816,0,0,2.8189,1.79074,1.028160,1,0,121.802,0,0,0,121.802,0
57.3805,2.4378,0,0,4.67458,0.239269,0.36288,3.6288,58.3831,0.712878,0,0,0.981374,0.188159,0,0.66528,12.849,1,0.561893,0.36288,0,91.4743,3.99462,87.2806,0.84672,12.849,0.84672,3695.15,0,36.966,0.52437,0.412474,2.21025,7.11522,0.928731,8.28485,0.42336,36.966,0.42336,423.524,0,0.980562,0,0,1.39304,0.412474,1.028160,1,0,95.5655,0,0,0,95.5655,0
59.7345,2.45116,0,0,5.41119,0.243168,0.36288,3.6288,58.7752,0.66528,0,0,1.24565,0.188257,0,0.66528,12.849,1,0.548879,0.36288,0,84.5104,3.99462,80.3298,0.84672,12.849,0.84672,3695.15,0,36.966,0.524573,2.33823,2.27562,10.0325,0.928731,13.1931,0.42336,36.966,0.42336,423.524,0,1.02816,0,0,3.36639,2.33823,1.028160,1,0,93.5229,0,0,0,93.5229,0
64.1989,2.46925,0,0,7.54805,0.251534,0.36288,3.6288,59.3352,0.66528,0,0,1.41318,0.187861,0,0.66528,12.849,1,0.53114,0.36288,0,116.976,4.05702,112.751,0.84672,12.849,0.84672,3695.15,0,36.966,0.524776,2.72753,2.27584,9.20074,0.945751,12.7336,0.42336,36.966,0.42336,423.524,0,1.02816,0,0,3.75569,2.72753,1.028160,1,0,125.484,0,0,0,125.484,0
67.7324,2.50032,0,0,6.67399,0.277241,0.36288,3.6288,59.4893,0.66528,0,0,0.998715,0.179379,0,0.66528,12.849,1,0.500422,0.36288,0,119.68,4.29516,115.248,0.84672,12.849,0.84672,3695.15,0,36.966,0.524979,2.92189,2.27607,9.63308,1.01668,13.2894,0.42336,36.966,0.42336,423.524,0,1.02816,0,0,3.95005,2.92189,1.028160,1,0,128.537,0,0,0,128.537,0
72.29,2.79339,0,0,8.58583,0.278827,0.956058,3.6288,60.0461,0.66528,0,0,1.3782,0.156058,0,0.66528,12.849,1,0.529912,0.956058,0,181.535,3.4776,178.484,0.84672,12.849,0.84672,3695.15,0,36.966,0.750489,3.15995,2.27629,14.3292,0.829505,18.1854,0.42336,36.966,0.42336,423.524,0,1.02816,0,0,4.18811,3.15995,1.028160,1,0,196.669,0,0,0,196.669,0
72.29,2.82208,0,0,5.63496,0.288815,2.52407,3.6288,60.2314,0.66528,0,0,1.00717,0.156614,0,0.66528,12.849,1,0.501604,2.52407,0,100.035,3.4776,98.5796,0.84672,12.849,0.84672,3695.15,0,36.966,0.750715,1.28864,2.51097,7.68044,0.829505,9.89983,0.42336,36.966,0.42336,423.524,0,1.02816,0,0,2.3168,1.28864,1.028160,1,0,108.479,0,0,0,108.479,0
72.29,2.82241,0,0,4.60779,0.288815,1.49657,3.6288,60.1331,0.727946,0,0,0.786439,0.156799,0,0.66528,12.849,1,0.501662,1.49657,0,71.1469,3.4776,68.6642,0.84672,12.849,0.84672,3695.15,0,36.966,0.750942,0.608429,2.51121,5.77942,0.829505,7.31861,0.42336,36.966,0.42336,423.524,0,0.965494,0,0,1.57392,0.608429,1.028160,1,0,75.9829,0,0,0,75.9829,0
72.29,2.82273,0,0,3.9217,0.280797,0.818164,3.6288,60.032,0.713076,0,0,0.791379,0.179398,0,0.66528,12.849,1,0.50172,0.818164,0,65.5024,3.5708,62.2481,0.84672,12.849,0.84672,3695.15,0,36.966,0.751169,0.608429,2.51146,6.16678,0.892641,7.64286,0.42336,36.966,0.42336,423.524,0,0.980364,0,0,1.58879,0.608429,1.028160,1,0,69.8909,0,0,0,69.8909,0
72.29,2.43267,0,0,5.78772,0.335291,3.01976,3.6288,60.9683,0.66528,0,0,1.77608,0.174498,0,0.66528,12.849,1,0.432389,3.01976,0,118.42,3.85623,117.151,0.84672,12.849,0.84672,3695.15,0,36.966,0.448903,3.30258,2.51171,13.4558,1.03067,17.7906,0.42336,36.966,0.42336,423.524,0,1.02816,0,0,4.33074,3.30258,1.028160,1,0,134.942,0,0,0,134.942,0
72.29,2.43296,0,0,5.16513,0.335291,2.39688,3.6288,61.308,0.66528,0,0,1.19255,0.17554,0.0120357,0.66528,12.849,1,0.43244,2.39688,0,96.3395,3.85623,94.4477,0.84672,12.849,0.84672,3695.15,0,36.966,0.449098,1.81476,2.19209,9.89289,1.03067,12.42,0.42336,36.966,0.42336,423.524,0,1.02816,0,0,2.84292,1.81476,1.028160,1,0,106.88,0,0,0,106.88,0
72.29,2.43324,0,0,3.62205,0.335291,0.853518,3.6288,61.308,0.66528,0,0,0.942235,0.175917,0.101038,0.66528,12.849,1,0.432491,0.853518,0,97.3953,3.85623,93.9601,0.84672,12.849,0.84672,3695.15,0,36.966,0.449293,1.22831,2.1923,8.37899,1.03067,10.3196,0.42336,36.966,0.42336,423.524,0,1.02816,0,0,2.25647,1.22831,1.028160,1,0,104.381,0,0,0,104.381,0
72.29,2.43353,0,0,3.24928,0.289979,0.525773,3.6288,61.1171,0.66528,0,0,0.626235,0.151852,0,0.66528,12.849,1,0.432541,0.525773,0,81.7802,3.50745,78.366,0.84672,12.849,0.84672,3695.15,0,36.966,0.449488,0.707305,2.19251,7.39757,0.980571,8.86733,0.42336,36.966,0.42336,423.524,0,1.02816,0,0,1.73546,0.707305,1.028160,1,0,87.2333,0,0,0,87.2333,0
72.29,2.43381,0,0,5.03369,0.288262,2.31161,3.6288,61.308,0.66528,0,0,1.07741,0.165983,0.0552472,0.66528,12.849,1,0.432592,2.31161,0,121.103,4.12007,118.862,0.84672,12.849,0.84672,3695.15,0,36.966,0.449683,1.5737,2.19273,8.47791,1.12051,10.6741,0.42336,36.966,0.42336,423.524,0,1.02816,0,0,2.60186,1.5737,1.028160,1,0,129.591,0,0,0,129.591,0
72.29,2.53242,0,0,4.71177,0.30117,1.87819,3.6288,61.308,0.66528,0,0,0.974013,0.179136,0.129597,0.66528,12.849,1,0.450118,1.87819,0,113.94,4.46975,110.898,0.84672,12.849,0.84672,3695.15,0,36.966,0.523918,1.29371,2.19294,8.67776,1.19152,10.449,0.42336,36.966,0.42336,423.524,0,1.02816,0,0,2.32187,1.29371,1.028160,1,0,121.477,0,0,0,121.477,0
72.29,2.53271,0,0,4.11171,0.29475,1.28425,3.6288,61.308,0.66528,0,0,0.874852,0.186922,0.0226494,0.66528,12.849,1,0.45017,1.28425,0,103.983,4.67681,100.141,0.84672,12.849,0.84672,3695.15,0,36.966,0.52412,1.11323,2.27206,9.37794,1.2066,11.0325,0.42336,36.966,0.42336,423.524,0,1.02816,0,0,2.14139,1.11323,1.028160,1,0,111.196,0,0,0,111.196,0
72.29,2.53301,0,0,4.23079,0.278701,1.41908,3.6288,61.2982,0.66528,0,0,0.861909,0.206388,0,0.66528,12.849,1,0.450223,1.41908,0,100.457,5.19445,96.2317,0.84672,12.849,0.84672,3695.15,0,36.966,0.524323,1.15403,2.27228,10.9685,1.24431,12.6262,0.42336,36.966,0.42336,423.524,0,1.02816,0,0,2.18219,1.15403,1.028160,1,0,108.858,0,0,0,108.858,0
72.29,2.5333,0,0,3.94552,0.253431,1.15878,3.6288,61.2038,0.66528,0,0,0.775138,0.204277,0,0.66528,12.849,1,0.450275,1.15878,0,83.8944,4.60194,80.001,0.84672,12.849,0.84672,3695.15,0,36.966,0.524526,0.860449,2.2725,7.61504,1.20367,9.01979,0.42336,36.966,0.42336,423.524,0,1.02816,0,0,1.88861,0.860449,1.028160,1,0,89.0208,0,0,0,89.0208,0
72.0717,2.49514,0,0,2.85943,0.219737,0.36288,3.6288,61.0574,0.66528,0,0,0.720196,0.20136,0,0.66528,12.849,1,0.443492,0.36288,0,63.1532,3.81192,59.2607,0.84672,12.849,0.84672,3695.15,0,36.966,0.49596,0.714528,2.27272,5.26481,1.14949,6.60661,0.42336,36.966,0.42336,423.524,0,1.02816,0,0,1.74269,0.714528,1.028160,1,0,65.8673,0,0,0,65.8673,0
71.5749,2.49429,0,0,2.57978,0.219373,0.36288,3.6288,60.7646,0.743256,0,0,0.651698,0.201173,0,0.66528,12.849,1,0.444684,0.36288,0,58.3401,3.81192,54.4464,0.84672,12.849,0.84672,3695.15,0,36.966,0.49616,0.528595,2.24223,4.96946,1.14949,6.09464,0.42336,36.966,0.42336,423.524,0,0.950184,0,0,1.47878,0.528595,1.028160,1,0,60.541,0,0,0,60.541,0
71.5378,2.49196,0,0,3.02422,0.206447,0.36288,3.6288,60.5021,0.66528,0,0,0.609428,0.206714,0,0.66528,12.849,1,0.447353,0.36288,0,63.2923,4.27977,58.9281,0.84672,12.849,0.84672,3695.15,0,36.966,0.49636,0.447466,2.24245,6.60276,1.16793,7.62838,0.42336,36.966,0.42336,423.524,0,1.02816,0,0,1.47563,0.447466,1.028160,1,0,66.5565,0,0,0,66.5565,0
70.9402,2.49206,0,0,2.42205,0.164799,0.36288,3.6288,60.2048,0.66528,0,0,0.592638,0.224621,0,0.66528,12.849,1,0.447602,0.36288,0,48.0037,5.50906,42.4099,0.84672,12.849,0.84672,3695.15,0,36.966,0.496559,0.450654,2.24267,5.07362,1.2394,6.03099,0.42336,36.966,0.42336,423.524,0,1.02816,0,0,1.47881,0.450654,1.028160,1,0,48.4409,0,0,0,48.4409,0
70.2778,2.61938,0,0,2.43627,0.116319,0.36288,3.6288,59.8045,0.730469,0,0,0.578354,0.248221,0,0.66528,12.849,1,0.474434,0.36288,0,53.3688,5.92326,47.3339,0.84672,12.849,0.84672,3695.15,0,36.966,0.598824,0.402797,2.24289,4.91928,1.38071,5.58543,0.42336,36.966,0.42336,423.524,0,0.962971,0,0,1.36577,0.402797,1.028160,1,0,52.9194,0,0,0,52.9194,0
69.5523,2.6159,0,0,2.36896,0.115728,0.36288,3.6288,59.3533,0.761858,0,0,0.558304,0.247588,0,0.66528,12.849,1,0.478269,0.36288,0,51.6159,5.92326,45.5772,0.84672,12.849,0.84672,3695.15,0,36.966,0.599034,0.402797,2.35078,4.10796,1.38071,4.8818,0.42336,36.966,0.42336,423.524,0,0.931582,0,0,1.33438,0.402797,1.028160,1,0,50.459,0,0,0,50.459,0
68.7054,2.612,0,0,2.24302,0.115081,0.36288,3.6288,58.9368,0.70721,0,0,0.53757,0.246875,0,0.66528,12.849,1,0.482537,0.36288,0,47.614,5.92326,41.5711,0.84672,12.849,0.84672,3695.15,0,36.966,0.599245,0.30119,2.35101,3.97514,1.38071,4.6474,0.42336,36.966,0.42336,423.524,0,0.98623,0,0,1.28742,0.30119,1.028160,1,0,46.2185,0,0,0,46.2185,0
67.7502,2.60729,0,0,2.11789,0.102851,0.36288,3.6288,58.3923,0.799718,0,0,0.510735,0.255531,0,0.66528,12.849,1,0.487604,0.36288,0,44.5017,5.76126,38.6157,0.84672,12.849,0.84672,3695.15,0,36.966,0.599456,0.30119,2.35124,3.77995,1.39954,4.43339,0.42336,36.966,0.42336,423.524,0,0.893722,0,0,1.19491,0.30119,1.028160,1,0,43.0491,0,0,0,43.0491,0
66.5409,2.60181,0,0,1.85243,0.097115,0.36288,3.6288,57.6767,0.922769,0,0,0.461591,0.254428,0,0.66528,12.849,1,0.49344,0.36288,0,36.3556,4.78064,31.4444,0.84672,12.849,0.84672,3695.15,0,36.966,0.599666,0.30119,2.35147,3.058,1.27675,3.83425,0.42336,36.966,0.42336,423.524,0,0.770671,0,0,1.07186,0.30119,1.028160,1,0,35.2786,0,0,0,35.2786,0
65.3106,2.56909,0,0,1.80726,0.105504,0.36288,3.6288,56.9817,0.903943,0,0,0.452839,0.243933,0,0.66528,12.849,1,0.496089,0.36288,0,32.5045,4.55039,27.8209,0.84672,12.849,0.84672,3695.15,0,36.966,0.656003,0.30119,2.3517,2.98438,1.2088,3.77247,0.42336,36.966,0.42336,423.524,0,0.789497,0,0,1.09069,0.30119,1.028160,1,0,31.5933,0,0,0,31.5933,0
64.0215,2.56158,0,0,1.73522,0.0999444,0.36288,3.6288,56.3135,0.853079,0,0,0.435348,0.250395,0,0.66528,12.849,1,0.503956,0.36288,0,30.5103,4.65897,25.7103,0.84672,12.849,0.84672,3695.15,0,36.966,0.656219,0.261274,2.38959,3.02501,1.24555,3.77411,0.42336,36.966,0.42336,423.524,0,0.840361,0,0,1.10163,0.261274,1.028160,1,0,29.4844,0,0,0,29.4844,0
62.5595,2.55342,0,0,1.52649,0.0722034,0.36288,3.6288,55.4421,0.991483,0,0,0.411961,0.291875,0,0.66528,12.849,1,0.512468,0.36288,0,28.8662,5.44608,23.2706,0.84672,12.849,0.84672,3695.15,0,36.966,0.656436,0.261274,2.38983,2.90332,1.51634,3.38164,0.42336,36.966,0.42336,423.524,0,0.701957,0,0,0.96323,0.261274,1.028160,1,0,26.6522,0,0,0,26.6522,0
61.1058,2.54378,0,0,1.52259,0.0695456,0.36288,3.6288,54.6252,0.92696,0,0,0.395354,0.285308,0,0.66528,12.849,1,0.522464,0.36288,0,27.3704,5.72196,21.4889,0.84672,12.849,0.84672,3695.15,0,36.966,0.656653,0.261274,2.39006,2.82906,1.58014,3.24361,0.42336,36.966,0.42336,423.524,0,0.76648,0,0,1.02775,0.261274,1.028160,1,0,24.7325,0,0,0,24.7325,0
59.7338,2.59877,0,0,1.65274,0.0630853,0.36288,3.6288,53.8327,0.903701,0,0,0.398777,0.287618,0,0.66528,12.849,1,0.546456,0.36288,0,27.4806,5.56416,21.7329,0.84672,12.849,0.84672,3695.15,0,36.966,0.706911,0.261274,2.3903,2.82259,1.42527,3.34199,0.42336,36.966,0.42336,423.524,0,0.789739,0,0,1.05101,0.261274,1.028160,1,0,25.0749,0,0,0,25.0749,0
58.2065,2.58874,0,0,1.48662,0.0623248,0.36288,3.6288,52.9833,0.937276,0,0,0.374049,0.286113,0,0.66528,12.849,1,0.55685,0.36288,0,25.899,5.56416,20.1409,0.84672,12.849,0.84672,3695.15,0,36.966,0.707133,0.261274,2.44393,2.88148,1.42527,3.45429,0.42336,36.966,0.42336,423.524,0,0.756164,0,0,1.01744,0.261274,1.028160,1,0,23.5952,0,0,0,23.5952,0
56.558,2.57707,0,0,1.35289,0.0614121,0.36288,3.6288,52.0585,0.999518,0,0,0.358839,0.284183,0,0.66528,12.849,1,0.568885,0.36288,0,24.3259,5.56416,18.5558,0.84672,12.849,0.84672,3695.15,0,36.966,0.707355,0.227405,2.44417,2.67882,1.42527,3.21777,0.42336,36.966,0.42336,423.524,0,0.693922,0,0,0.921326,0.227405,1.028160,1,0,21.7735,0,0,0,21.7735,0
54.7552,2.56386,0,0,1.17068,0.0467939,0.36288,3.6288,51.123,1.00415,0,0,0.357335,0.288718,0,0.66528,12.849,1,0.582464,0.36288,0,23.2095,5.80597,17.1839,0.84672,12.849,0.84672,3695.15,0,36.966,0.713031,0.227405,2.44441,2.71458,1.45531,3.21805,0.42336,36.966,0.42336,423.524,0,0.683839,0,0,0.911243,0.227405,1.028160,1,0,20.4019,0,0,0,20.4019,0
52.9572,2.73519,0,0,1.35549,0.0553714,0.36288,3.6288,50.195,0.989963,0,0,0.354565,0.292564,0,0.66528,12.849,1,0.641847,0.36288,0,26.6877,5.84746,20.5612,0.84672,12.849,0.84672,3695.15,0,36.966,0.888501,0.227405,2.44465,3.60604,1.48605,3.90354,0.42336,36.966,0.42336,423.524,0,0.703477,0,0,0.930882,0.227405,1.028160,1,0,24.4648,0,0,0,24.4648,0
51.3222,2.71797,0,0,1.50019,0.0543278,0.36288,3.6288,49.4569,0.846176,0,0,0.388967,0.280931,0,0.66528,12.849,1,0.65946,0.36288,0,29.1773,5.86488,23.0158,0.84672,12.849,0.84672,3695.15,0,36.966,0.888742,0.227405,2.62766,3.36512,1.52158,3.80986,0.42336,36.966,0.42336,423.524,0,0.847264,0,0,1.07467,0.227405,1.028160,1,0,26.8257,0,0,0,26.8257,0
49.4399,2.70148,0,0,1.2354,0.053417,0.36288,3.6288,48.5679,0.948275,0,0,0.338551,0.279234,0,0.66528,12.849,1,0.67634,0.36288,0,36.2219,5.86488,30.0436,0.84672,12.849,0.84672,3695.15,0,36.966,0.888983,0.204422,2.62792,3.00221,1.52158,3.42399,0.42336,36.966,0.42336,423.524,0,0.745165,0,0,0.949588,0.204422,1.028160,1,0,33.4676,0,0,0,33.4676,0
47.7099,2.68135,0,0,1.36666,0.0523681,0.36288,3.6288,48.0905,0.66528,0,0,0.465065,0.27719,0,0.66528,12.849,1,0.696859,0.36288,0,31.0553,5.86488,24.8564,0.84672,12.849,0.84672,3695.15,0,36.966,0.889224,0.21492,2.62818,3.58769,1.52158,4.01999,0.42336,36.966,0.42336,423.524,0,1.02816,0,0,1.24308,0.21492,1.028160,1,0,28.8764,0,0,0,28.8764,0
46.4313,2.66175,0,0,1.78369,0.0376708,0.36288,3.6288,47.6627,0.66528,0,0,0.488118,0.25061,0,0.66528,12.849,1,0.716849,0.36288,0,54.9857,5.59158,49.0401,0.84672,12.849,0.84672,3695.15,0,36.966,0.889465,0.664926,2.62844,5.43897,1.51193,6.33095,0.42336,36.966,0.42336,423.524,0,1.02816,0,0,1.69309,0.664926,1.028160,1,0,55.3711,0,0,0,55.3711,0
44.8694,2.55861,0,0,1.38662,0.0269945,0.36288,3.6288,47.2342,0.66528,0,0,0.467416,0.230673,0,0.66528,12.849,1,0.708049,0.36288,0,44.6916,5.38661,38.9598,0.84672,12.849,0.84672,3695.15,0,36.966,0.77997,0.265749,2.6287,4.85084,1.50468,5.46064,0.42336,36.966,0.42336,423.524,0,1.02816,0,0,1.29391,0.265749,1.028160,1,0,44.4205,0,0,0,44.4205,0
43.6565,2.53975,0,0,1.73666,0.0470003,0.36288,3.6288,46.9329,0.66528,0,0,0.591467,0.2275,0,0.66528,12.849,1,0.727292,0.36288,0,42.638,5.20614,37.0674,0.84672,12.849,0.84672,3695.15,0,36.966,0.7802,0.323948,2.52313,5.93453,1.47753,6.52388,0.42336,36.966,0.42336,423.524,0,1.02816,0,0,1.35211,0.323948,1.028160,1,0,43.5913,0,0,0,43.5913,0
45.499,2.52443,0,0,4.84652,0.116665,0.36288,3.6288,47.0687,0.66528,0,0,1.0483,0.247165,0,0.66528,12.849,1,0.742991,0.36288,0,69.7599,4.72689,64.6529,0.84672,12.849,0.84672,3695.15,0,36.966,0.780429,2.29412,2.52338,12.7853,1.33574,15.4866,0.42336,36.966,0.42336,423.524,0,1.02816,0,0,3.32228,2.29412,1.028160,1,0,80.1395,0,0,0,80.1395,0
45.3016,2.54818,0,0,2.8381,0.124491,0.36288,3.6288,46.8458,0.66528,0,0,0.685337,0.243021,0,0.66528,12.849,1,0.719611,0.36288,0,76.2718,4.65641,71.2586,0.84672,12.849,0.84672,3695.15,0,36.966,0.780659,0.80117,2.52363,6.59077,1.2549,7.88001,0.42336,36.966,0.42336,423.524,0,1.02816,0,0,1.82933,0.80117,1.028160,1,0,79.1386,0,0,0,79.1386,0
46.9714,2.47418,0,0,4.66323,0.156331,0.36288,3.6288,47.1993,0.66528,0,0,1.23488,0.216057,0,0.66528,12.849,1,0.701758,0.36288,0,111.449,4.23349,106.877,0.84672,12.849,0.84672,3695.15,0,36.966,0.680959,2.05824,2.52387,11.8458,0.769867,14.9771,0.42336,36.966,0.42336,423.524,0,1.02816,0,0,3.0864,2.05824,1.028160,1,0,121.854,0,0,0,121.854,0
49.3605,2.49406,0,0,5.40525,0.159266,0.36288,3.6288,47.5825,0.66528,0,0,1.26519,0.216699,0,0.66528,12.849,1,0.682248,0.36288,0,61.7253,4.23349,57.1724,0.84672,12.849,0.84672,3695.15,0,36.966,0.681178,2.07009,2.42963,12.1014,0.769867,15.15,0.42336,36.966,0.42336,423.524,0,1.02816,0,0,3.09825,2.07009,1.028160,1,0,72.3225,0,0,0,72.3225,0
50.7035,2.52055,0,0,4.43128,0.20483,0.36288,3.6288,47.7235,0.66528,0,0,1.01809,0.211849,0,0.66528,12.849,1,0.656123,0.36288,0,94.0905,4.31619,89.481,0.84672,12.849,0.84672,3695.15,0,36.966,0.681397,1.18831,2.42987,7.37294,0.855767,9.45396,0.42336,36.966,0.42336,423.524,0,1.02816,0,0,2.21647,1.18831,1.028160,1,0,98.935,0,0,0,98.935,0
52.9248,2.53471,0,0,5.32039,0.201465,0.36288,3.6288,47.9682,0.66528,0,0,1.13003,0.220017,0,0.66528,12.849,1,0.642332,0.36288,0,103.281,4.44696,98.5544,0.84672,12.849,0.84672,3695.15,0,36.966,0.681616,1.51591,2.43011,9.62669,0.993667,11.8974,0.42336,36.966,0.42336,423.524,0,1.02816,0,0,2.54407,1.51591,1.028160,1,0,110.452,0,0,0,110.452,0
58.5495,2.34582,0,0,8.54824,0.214896,0.36288,3.6288,51.3902,0.643217,0,0,4.26508,0.199929,0,0.66528,12.849,1,0.569515,0.36288,0,214.123,4.06437,209.852,0.84672,12.849,0.84672,3695.15,0,36.966,0.495685,6.42508,2.43035,19.1112,1.05054,26.4204,0.42336,36.966,0.42336,423.524,0,1.02816,0,0,7.45324,6.42508,1.028160,1,0,236.272,0,0,0,236.272,0
63.3619,2.39097,0,0,7.79509,0.228833,0.36288,3.6288,53.6124,0.662529,0,0,3.08688,0.202111,0,0.66528,12.849,1,0.524711,0.36288,0,172.072,4.00061,167.909,0.84672,12.849,0.84672,3695.15,0,36.966,0.476571,3.06755,2.22061,16.4652,1.06002,20.2168,0.42336,36.966,0.42336,423.524,0,1.02816,0,0,4.09571,3.06755,1.028160,1,0,188.126,0,0,0,188.126,0
66.8265,2.42438,0,0,6.49055,0.238669,0.36288,3.6288,56.0834,0.66528,0,0,3.34203,0.20575,0,0.66528,12.849,1,0.491635,0.36288,0,163.394,4.00061,159.264,0.84672,12.849,0.84672,3695.15,0,36.966,0.474016,3.19298,2.22082,15.9754,1.06002,19.8551,0.42336,36.966,0.42336,423.524,0,1.02816,0,0,4.22114,3.19298,1.028160,1,0,179.119,0,0,0,179.119,0
70.2099,2.69968,0,0,6.68746,0.241472,0.36288,3.6288,58.4444,0.504539,0,0,3.07173,0.206191,0,0.66528,12.849,1,0.519079,0.36288,0,134.987,3.89341,130.937,0.84672,12.849,0.84672,3695.15,0,36.966,0.332555,3.13361,2.22104,13.1289,1.04663,17.1044,0.42336,36.966,0.42336,423.524,0,1.02816,0,0,4.16177,3.13361,1.028160,1,0,148.042,0,0,0,148.042,0
72.29,2.46549,0,0,8.13218,0.244852,3.34176,3.6288,60.1792,0.66528,0,0,2.58879,0.188716,0,0.66528,12.849,1,0.451206,3.34176,0,163.055,3.42983,162.516,0.84672,12.849,0.84672,3695.15,0,36.966,0.474411,2.22208,2.04429,14.9911,0.970553,17.8125,0.42336,36.966,0.42336,423.524,0,1.02816,0,0,3.25024,2.22208,1.028160,1,0,180.328,0,0,0,180.328,0
72.1492,2.56243,0,0,3.0619,0.277365,0.36288,3.6288,60.683,0.66528,0,0,1.35675,0.1876,0,0.66528,12.849,1,0.455453,0.36288,0,90.7589,3.66922,86.9971,0.84672,12.849,0.84672,3695.15,0,36.966,0.534924,1.67838,2.22147,5.80819,0.976251,8.19687,0.42336,36.966,0.42336,423.524,0,1.02816,0,0,2.70654,1.67838,1.028160,1,0,95.1939,0,0,0,95.1939,0
72.29,2.56195,0,0,6.32556,0.277069,3.34577,3.6288,61.308,0.66528,0,0,2.46194,0.188202,0.98351,0.66528,12.849,1,0.456256,3.34577,0,103.436,3.66922,102.657,0.84672,12.849,0.84672,3695.15,0,36.966,0.535111,2.81318,2.28718,6.15163,0.976251,9.74063,0.42336,36.966,0.42336,423.524,0,1.02816,0,0,3.84134,2.81318,1.028160,1,0,113.381,0,0,0,113.381,0
72.29,2.56298,0,0,7.61979,0.268492,4.78832,3.6288,61.308,0.66528,0,0,2.50068,0.185463,1.64994,0.66528,12.849,1,0.45555,4.78832,0,126.584,3.6296,127.287,0.84672,12.849,0.84672,3695.15,0,36.966,0.535298,2.65677,2.28739,9.04159,0.972793,12.4777,0.42336,36.966,0.42336,423.524,0,1.02816,0,0,3.68493,2.65677,1.028160,1,0,141.415,0,0,0,141.415,0
72.29,2.56325,0,0,12.3776,0.215256,9.59907,3.6288,61.308,0.66528,0,0,2.95345,0.164552,2.12362,0.66528,12.849,1,0.455599,9.59907,0,212.567,3.39182,218.319,0.84672,12.849,0.84672,3695.15,0,36.966,0.535486,4.19507,2.2876,12.61,0.952043,17.6051,0.42336,36.966,0.42336,423.524,0,1.02816,0,0,5.22323,4.19507,1.028160,1,0,238.048,0,0,0,238.048,0
72.29,2.83861,0,0,4.54369,0.316469,1.38861,3.6288,61.308,0.66528,0,0,1.4406,0.202078,0.573241,0.66528,12.849,1,0.504542,1.38861,0,107.39,4.11632,104.158,0.84672,12.849,0.84672,3695.15,0,36.966,0.762213,1.41149,2.2878,4.56514,1.07222,6.43,0.42336,36.966,0.42336,423.524,0,1.02816,0,0,2.43965,1.41149,1.028160,1,0,111.161,0,0,0,111.161,0
72.29,2.83891,0,0,7.33277,0.315871,4.17798,3.6288,61.308,0.66528,0,0,3.0673,0.187995,2.21402,0.66528,12.849,1,0.504595,4.17798,0,114.088,4.0886,113.673,0.84672,12.849,0.84672,3695.15,0,36.966,0.762423,5.26999,2.52374,8.49937,1.04119,14.4895,0.42336,36.966,0.42336,423.524,0,1.02816,0,0,6.29815,5.26999,1.028160,1,0,130.376,0,0,0,130.376,0
72.29,2.83921,0,0,5.82192,0.315871,2.66683,3.6288,61.308,0.66528,0,0,2.20306,0.187995,1.34979,0.66528,12.849,1,0.504649,2.66683,0,147.717,4.0886,145.791,0.84672,12.849,0.84672,3695.15,0,36.966,0.762632,3.29211,2.52397,8.26117,1.04119,12.2734,0.42336,36.966,0.42336,423.524,0,1.02816,0,0,4.32027,3.29211,1.028160,1,0,159.414,0,0,0,159.414,0
72.29,2.83951,0,0,4.05111,0.318894,0.892706,3.6288,61.308,0.66528,0,0,1.72716,0.170486,0.891396,0.66528,12.849,1,0.504702,0.892706,0,98.5712,3.78613,95.173,0.84672,12.849,0.84672,3695.15,0,36.966,0.762842,1.06841,2.5242,4.20374,0.954461,6.07905,0.42336,36.966,0.42336,423.524,0,1.02816,0,0,2.09657,1.06841,1.028160,1,0,102.143,0,0,0,102.143,0
72.29,2.4473,0,0,5.08298,0.324843,2.31083,3.6288,61.308,0.66528,0,0,1.54136,0.174043,0.702036,0.66528,12.849,1,0.43499,2.31083,0,135.747,3.53966,134.084,0.84672,12.849,0.84672,3695.15,0,36.966,0.458913,1.73798,2.52443,5.80916,0.916993,8.69566,0.42336,36.966,0.42336,423.524,0,1.02816,0,0,2.76614,1.73798,1.028160,1,0,143.481,0,0,0,143.481,0
72.29,2.44757,0,0,5.4844,0.324843,2.71199,3.6288,61.308,0.66528,0,0,1.87262,0.174043,1.03329,0.66528,12.849,1,0.435037,2.71199,0,164.526,3.53966,163.264,0.84672,12.849,0.84672,3695.15,0,36.966,0.459093,3.22015,2.20305,7.57057,0.916993,11.6177,0.42336,36.966,0.42336,423.524,0,1.02816,0,0,4.24831,3.22015,1.028160,1,0,175.915,0,0,0,175.915,0
72.29,2.44783,0,0,5.68924,0.324843,2.91657,3.6288,61.308,0.66528,0,0,2.15971,0.174043,1.32039,0.66528,12.849,1,0.435083,2.91657,0,177.553,3.53966,176.495,0.84672,12.849,0.84672,3695.15,0,36.966,0.459273,2.51358,2.20325,9.78731,0.916993,13.1279,0.42336,36.966,0.42336,423.524,0,1.02816,0,0,3.54174,2.51358,1.028160,1,0,190.943,0,0,0,190.943,0
72.29,2.44809,0,0,5.91698,0.308162,3.16073,3.6288,61.308,0.66528,0,0,2.1467,0.197594,1.28383,0.66528,12.849,1,0.43513,3.16073,0,133.155,4.2134,131.668,0.84672,12.849,0.84672,3695.15,0,36.966,0.459453,2.68152,2.20344,8.04013,1.0133,11.4523,0.42336,36.966,0.42336,423.524,0,1.02816,0,0,3.70968,2.68152,1.028160,1,0,144.404,0,0,0,144.404,0
72.29,2.44836,0,0,5.58089,0.290505,2.84203,3.6288,61.308,0.66528,0,0,1.84362,0.214562,0.963778,0.66528,12.849,1,0.435177,2.84203,0,131.86,4.62438,129.643,0.84672,12.849,0.84672,3695.15,0,36.966,0.459632,3.01073,2.20364,8.5449,1.12406,12.1756,0.42336,36.966,0.42336,423.524,0,1.02816,0,0,4.03889,3.01073,1.028160,1,0,142.782,0,0,0,142.782,0
72.29,2.54747,0,0,5.05952,0.286644,2.22541,3.6288,61.308,0.66528,0,0,1.90573,0.214041,1.02641,0.66528,12.849,1,0.452793,2.22541,0,145.32,4.55364,142.539,0.84672,12.849,0.84672,3695.15,0,36.966,0.534252,3.0028,2.20384,8.30252,1.15297,11.8219,0.42336,36.966,0.42336,423.524,0,1.02816,0,0,4.03096,3.0028,1.028160,1,0,155.388,0,0,0,155.388,0
72.29,2.54774,0,0,6.16195,0.286644,3.32757,3.6288,61.308,0.66528,0,0,2.09737,0.214041,1.21805,0.66528,12.849,1,0.452842,3.32757,0,152.288,4.55364,150.609,0.84672,12.849,0.84672,3695.15,0,36.966,0.534439,3.45094,2.28336,9.39635,1.15297,13.4432,0.42336,36.966,0.42336,423.524,0,1.02816,0,0,4.4791,3.45094,1.028160,1,0,165.27,0,0,0,165.27,0
72.29,2.54801,0,0,6.04775,0.286644,3.21309,3.6288,61.308,0.66528,0,0,1.94047,0.214041,1.06114,0.66528,12.849,1,0.45289,3.21309,0,278.263,4.55364,276.47,0.84672,12.849,0.84672,3695.15,0,36.966,0.534627,3.46264,2.28357,9.06276,1.15297,13.1214,0.42336,36.966,0.42336,423.524,0,1.02816,0,0,4.4908,3.46264,1.028160,1,0,290.652,0,0,0,290.652,0
72.29,2.54829,0,0,5.10205,0.214068,2.3397,3.6288,61.308,0.66528,0,0,1.67047,0.242326,0.762869,0.66528,12.849,1,0.452939,2.3397,0,169.854,4.75386,166.987,0.84672,12.849,0.84672,3695.15,0,36.966,0.534814,2.67996,2.28377,7.69665,1.18538,10.9402,0.42336,36.966,0.42336,423.524,0,1.02816,0,0,3.70812,2.67996,1.028160,1,0,178.69,0,0,0,178.69,0
72.29,2.50989,0,0,3.98116,0.195018,1.27624,3.6288,61.308,0.66528,0,0,1.09434,0.239959,0.189103,0.66528,12.849,1,0.446115,1.27624,0,96.1546,4.26951,92.7152,0.84672,12.849,0.84672,3695.15,0,36.966,0.506078,1.5183,2.28398,5.00085,1.12816,7.16889,0.42336,36.966,0.42336,423.524,0,1.02816,0,0,2.54646,1.5183,1.028160,1,0,100.073,0,0,0,100.073,0
72.29,2.51016,0,0,3.5114,0.195018,0.806218,3.6288,61.308,0.66528,0,0,1.2056,0.239959,0.300361,0.66528,12.849,1,0.446163,0.806218,0,89.8906,4.26951,85.9811,0.84672,12.849,0.84672,3695.15,0,36.966,0.506263,1.78559,2.2533,5.21168,1.12816,7.61616,0.42336,36.966,0.42336,423.524,0,1.02816,0,0,2.81375,1.78559,1.028160,1,0,93.8976,0,0,0,93.8976,0
72.29,2.51043,0,0,3.17164,0.195018,0.466189,3.6288,61.308,0.66528,0,0,1.053,0.239959,0.147761,0.66528,12.849,1,0.44621,0.466189,0,83.7838,4.26951,79.5343,0.84672,12.849,0.84672,3695.15,0,36.966,0.506447,1.27372,2.25351,4.88188,1.12816,6.77449,0.42336,36.966,0.42336,423.524,0,1.02816,0,0,2.30188,1.27372,1.028160,1,0,86.4565,0,0,0,86.4565,0
72.29,2.5107,0,0,3.81119,0.176772,1.12372,3.6288,61.308,0.66528,0,0,1.01751,0.248861,0.103366,0.66528,12.849,1,0.446258,1.12372,0,90.1878,4.97128,85.8939,0.84672,12.849,0.84672,3695.15,0,36.966,0.506631,1.36375,2.25371,6.55835,1.15583,8.51335,0.42336,36.966,0.42336,423.524,0,1.02816,0,0,2.39191,1.36375,1.028160,1,0,94.5107,0,0,0,94.5107,0
72.29,2.64226,0,0,3.27602,0.114226,0.51953,3.6288,61.308,0.66528,0,0,0.948525,0.255436,0.0278089,0.66528,12.849,1,0.469642,0.51953,0,96.4405,4.75822,91.7322,0.84672,12.849,0.84672,3695.15,0,36.966,0.609424,1.19713,2.25391,4.36942,1.16812,6.04292,0.42336,36.966,0.42336,423.524,0,1.02816,0,0,2.22529,1.19713,1.028160,1,0,97.8029,0,0,0,97.8029,0
71.9153,2.64255,0,0,2.73857,0.107856,0.36288,3.6288,61.2389,0.66528,0,0,0.850772,0.254554,0,0.66528,12.849,1,0.469692,0.36288,0,54.6041,4.56677,49.9305,0.84672,12.849,0.84672,3695.15,0,36.966,0.609619,0.932662,2.36236,3.55527,1.16402,5.07666,0.42336,36.966,0.42336,423.524,0,1.02816,0,0,1.96082,0.932662,1.028160,1,0,55.0072,0,0,0,55.0072,0
71.5914,2.64075,0,0,2.7873,0.10755,0.36288,3.6288,61.2886,0.66528,0,0,0.969425,0.254443,0,0.66528,12.849,1,0.471819,0.36288,0,54.0406,4.56677,49.3649,0.84672,12.849,0.84672,3695.15,0,36.966,0.609813,0.6602,2.36258,3.45092,1.16402,4.69986,0.42336,36.966,0.42336,423.524,0,1.02816,0,0,1.68836,0.6602,1.028160,1,0,54.0648,0,0,0,54.0648,0
70.8428,2.63922,0,0,2.36079,0.107285,0.36288,3.6288,61.0918,0.66528,0,0,0.722934,0.254523,0,0.66528,12.849,1,0.473679,0.36288,0,55.1636,4.56677,50.4861,0.84672,12.849,0.84672,3695.15,0,36.966,0.610007,0.438731,2.36279,3.15692,1.16402,4.18441,0.42336,36.966,0.42336,423.524,0,1.02816,0,0,1.46689,0.438731,1.028160,1,0,54.6705,0,0,0,54.6705,0
70.0056,2.63527,0,0,2.24514,0.0841822,0.36288,3.6288,60.8726,0.66528,0,0,0.703564,0.257484,0,0.66528,12.849,1,0.477967,0.36288,0,50.5218,4.91762,45.4891,0.84672,12.849,0.84672,3695.15,0,36.966,0.610202,0.311861,2.363,2.87976,1.20246,3.74196,0.42336,36.966,0.42336,423.524,0,1.02816,0,0,1.34002,0.311861,1.028160,1,0,49.231,0,0,0,49.231,0
69.0936,2.60487,0,0,2.14857,0.0928097,0.36288,3.6288,60.7129,0.66528,0,0,0.763551,0.257982,0,0.66528,12.849,1,0.478104,0.36288,0,46.5886,4.92513,41.5483,0.84672,12.849,0.84672,3695.15,0,36.966,0.666819,0.453056,2.36321,2.77665,1.13503,3.79106,0.42336,36.966,0.42336,423.524,0,1.02816,0,0,1.48122,0.453056,1.028160,1,0,45.3393,0,0,0,45.3393,0
68.0979,2.59982,0,0,2.03774,0.0707366,0.36288,3.6288,60.4796,0.66528,0,0,0.724715,0.292664,0,0.66528,12.849,1,0.483476,0.36288,0,44.3411,5.47172,38.7488,0.84672,12.849,0.84672,3695.15,0,36.966,0.667019,0.43969,2.40128,2.66426,1.3097,3.52852,0.42336,36.966,0.42336,423.524,0,1.02816,0,0,1.46785,0.43969,1.028160,1,0,42.2773,0,0,0,42.2773,0
66.9722,2.59415,0,0,1.90365,0.0723739,0.36288,3.6288,60.2434,0.66528,0,0,0.714148,0.285093,0,0.66528,12.849,1,0.489476,0.36288,0,43.3336,5.71085,37.4961,0.84672,12.849,0.84672,3695.15,0,36.966,0.667219,0.468927,2.4015,2.63265,1.32873,3.50713,0.42336,36.966,0.42336,423.524,0,1.02816,0,0,1.49709,0.468927,1.028160,1,0,41.0033,0,0,0,41.0033,0
65.6993,2.58753,0,0,1.746,0.0684152,0.36288,3.6288,59.9774,0.66528,0,0,0.690984,0.291676,0,0.66528,12.849,1,0.496432,0.36288,0,38.8708,5.75869,32.9785,0.84672,12.849,0.84672,3695.15,0,36.966,0.667419,0.337141,2.40172,2.31872,1.35788,3.03228,0.42336,36.966,0.42336,423.524,0,1.02816,0,0,1.3653,0.337141,1.028160,1,0,36.0108,0,0,0,36.0108,0
64.4789,2.64587,0,0,1.83627,0.0480057,0.36288,3.6288,59.9335,0.66528,0,0,0.954539,0.333176,0,0.66528,12.849,1,0.517459,0.36288,0,41.7955,6.0458,35.5951,0.84672,12.849,0.84672,3695.15,0,36.966,0.717923,0.338126,2.40193,2.21819,1.53278,2.70755,0.42336,36.966,0.42336,423.524,0,1.02816,0,0,1.36629,0.338126,1.028160,1,0,38.3027,0,0,0,38.3027,0
63.1208,2.63798,0,0,1.69037,0.0475377,0.36288,3.6288,59.7444,0.66528,0,0,0.80924,0.333083,0,0.66528,12.849,1,0.525683,0.36288,0,34.33,6.0458,28.1214,0.84672,12.849,0.84672,3695.15,0,36.966,0.718129,0.420958,2.45583,2.14479,1.53278,2.77067,0.42336,36.966,0.42336,423.524,0,1.02816,0,0,1.44912,0.420958,1.028160,1,0,30.8921,0,0,0,30.8921,0
61.6299,2.62886,0,0,1.54779,0.047017,0.36288,3.6288,59.4791,0.682102,0,0,0.74952,0.332681,0,0.66528,12.849,1,0.535137,0.36288,0,32.6305,6.0458,26.4125,0.84672,12.849,0.84672,3695.15,0,36.966,0.718333,0.227405,2.45605,1.88524,1.53278,2.31758,0.42336,36.966,0.42336,423.524,0,1.01134,0,0,1.23874,0.227405,1.028160,1,0,28.73,0,0,0,28.73,0
60.2465,2.61843,0,0,1.63534,0.0374365,0.36288,3.6288,59.3371,0.66528,0,0,0.86044,0.337238,0,0.66528,12.849,1,0.545907,0.36288,0,32.0029,6.19534,25.6245,0.84672,12.849,0.84672,3695.15,0,36.966,0.718538,0.458335,2.45627,2.49394,1.56266,3.12735,0.42336,36.966,0.42336,423.524,0,1.02816,0,0,1.48649,0.458335,1.028160,1,0,28.7519,0,0,0,28.7519,0
58.4978,2.79922,0,0,1.43655,0.0231063,0.36288,3.6288,59.2425,0.66528,0,0,0.877885,0.307171,0,0.66528,12.849,1,0.597001,0.36288,0,28.4221,5.98554,22.2025,0.84672,12.849,0.84672,3695.15,0,36.966,0.900387,0.414081,2.45649,2.35122,1.58763,2.73377,0.42336,36.966,0.42336,423.524,0,1.02816,0,0,1.44224,0.414081,1.028160,1,0,24.9363,0,0,0,24.9363,0
56.536,2.78489,0,0,1.19998,0.01404,0.36288,3.6288,59.0745,0.66528,0,0,0.810121,0.312844,0,0.66528,12.849,1,0.611698,0.36288,0,24.3045,5.97272,18.083,0.84672,12.849,0.84672,3695.15,0,36.966,0.900609,0.310556,2.64044,2.11707,1.59978,2.56768,0.42336,36.966,0.42336,423.524,0,1.02816,0,0,1.33872,0.310556,1.028160,1,0,20.6506,0,0,0,20.6506,0
54.8277,2.76788,0,0,1.43624,0.0137727,0.36288,3.6288,58.967,0.66528,0,0,0.870273,0.312508,0,0.66528,12.849,1,0.62906,0.36288,0,25.1535,5.97272,18.9146,0.84672,12.849,0.84672,3695.15,0,36.966,0.900832,0.425701,2.64068,2.32216,1.59978,2.88794,0.42336,36.966,0.42336,423.524,0,1.02816,0,0,1.45386,0.425701,1.028160,1,0,21.8025,0,0,0,21.8025,0
54.1329,2.7523,0,0,2.45583,0.0354689,0.36288,3.6288,59.1125,0.66528,0,0,1.11779,0.307008,0,0.66528,12.849,1,0.645007,0.36288,0,41.802,5.82429,35.6956,0.84672,12.849,0.84672,3695.15,0,36.966,0.901055,0.665332,2.64092,2.57047,1.58158,3.39409,0.42336,36.966,0.42336,423.524,0,1.02816,0,0,1.69349,0.665332,1.028160,1,0,39.0897,0,0,0,39.0897,0
53.3607,2.7459,0,0,2.36265,0.0260058,0.36288,3.6288,59.4135,0.66528,0,0,1.24375,0.277416,0,0.66528,12.849,1,0.651767,0.36288,0,39.7267,5.47074,33.9671,0.84672,12.849,0.84672,3695.15,0,36.966,0.901278,0.979275,2.64116,3.21371,1.50324,4.42963,0.42336,36.966,0.42336,423.524,0,1.02816,0,0,2.00743,0.979275,1.028160,1,0,38.3967,0,0,0,38.3967,0
51.8078,2.64759,0,0,1.47915,0.0215924,0.36288,3.6288,59.4443,0.66528,0,0,0.945484,0.249479,0,0.66528,12.849,1,0.637527,0.36288,0,27.5132,4.72206,22.5165,0.84672,12.849,0.84672,3695.15,0,36.966,0.791196,0.798725,2.6414,3.62421,1.41331,4.85983,0.42336,36.966,0.42336,423.524,0,1.02816,0,0,1.82688,0.798725,1.028160,1,0,27.3763,0,0,0,27.3763,0
50.23,2.63256,0,0,1.43885,0.0212499,0.36288,3.6288,59.4041,0.66528,0,0,0.87467,0.249528,0,0.66528,12.849,1,0.652908,0.36288,0,25.1328,4.72206,20.1207,0.84672,12.849,0.84672,3695.15,0,36.966,0.791408,0.642384,2.53526,3.56116,1.41331,4.53408,0.42336,36.966,0.42336,423.524,0,1.02816,0,0,1.67054,0.642384,1.028160,1,0,24.6548,0,0,0,24.6548,0
50.0093,2.6165,0,0,2.89252,0.133801,0.36288,3.6288,60.4702,0.66528,0,0,1.87597,0.144612,0,0.66528,12.849,1,0.669311,0.36288,0,68.3339,3.26865,64.7589,0.84672,12.849,0.84672,3695.15,0,36.966,0.79162,1.37295,2.53549,8.9726,0.959025,11.1304,0.42336,36.966,0.42336,423.524,0,1.02816,0,0,2.40111,1.37295,1.028160,1,0,75.8892,0,0,0,75.8892,0
51.4573,2.61443,0,0,4.55874,0.13349,0.36288,3.6288,61.308,0.66528,0,0,1.68394,0.145599,0.0352598,0.66528,12.849,1,0.671732,0.36288,0,77.3493,3.26865,73.7718,0.84672,12.849,0.84672,3695.15,0,36.966,0.791832,1.78136,2.53572,5.82879,0.959025,8.39501,0.42336,36.966,0.42336,423.524,0,1.02816,0,0,2.80952,1.78136,1.028160,1,0,82.2021,0,0,0,82.2021,0
52.7191,2.55565,0,0,4.31417,0.133753,0.36288,3.6288,61.308,0.66528,0,0,1.2212,0.213975,0.341949,0.66528,12.849,1,0.638152,0.36288,0,59.697,4.22069,55.201,0.84672,12.849,0.84672,3695.15,0,36.966,0.691601,0.683519,2.53595,4.98584,1.09843,6.41528,0.42336,36.966,0.42336,423.524,0,1.02816,0,0,1.71168,0.683519,1.028160,1,0,61.9582,0,0,0,61.9582,0
54.596,2.5682,0,0,4.99452,0.186579,0.36288,3.6288,61.308,0.66528,0,0,1.63336,0.147,0.821077,0.66528,12.849,1,0.625937,0.36288,0,84.2351,3.49156,80.4805,0.84672,12.849,0.84672,3695.15,0,36.966,0.691803,1.0801,2.4412,7.42789,0.871537,9.38586,0.42336,36.966,0.42336,423.524,0,1.02816,0,0,2.10826,1.0801,1.028160,1,0,90.6874,0,0,0,90.6874,0
56.116,2.5859,0,0,4.65896,0.190179,0.36288,3.6288,61.308,0.66528,0,0,2.2734,0.147,1.46112,0.66528,12.849,1,0.608583,0.36288,0,95.5895,3.49156,91.8522,0.84672,12.849,0.84672,3695.15,0,36.966,0.692005,2.23627,2.44142,12.2107,0.871537,15.3248,0.42336,36.966,0.42336,423.524,0,1.02816,0,0,3.26443,2.23627,1.028160,1,0,108.638,0,0,0,108.638,0
60.8667,2.59959,0,0,7.90621,0.193094,0.36288,3.6288,61.308,0.66528,0,0,1.65735,0.147,0.84507,0.66528,12.849,1,0.595233,0.36288,0,105.478,3.49156,101.754,0.84672,12.849,0.84672,3695.15,0,36.966,0.692208,2.04535,2.44164,10.419,0.871537,13.3422,0.42336,36.966,0.42336,423.524,0,1.02816,0,0,3.07351,2.04535,1.028160,1,0,115.941,0,0,0,115.941,0
63.2738,2.42074,0,0,5.42437,0.233659,0.36288,3.6288,61.308,0.66528,0,0,2.73124,0.185532,1.88043,0.66528,12.849,1,0.511019,0.36288,0,93.9712,3.87192,89.9512,0.84672,12.849,0.84672,3695.15,0,36.966,0.483135,2.92982,2.44186,10.1679,0.953836,14.1026,0.42336,36.966,0.42336,423.524,0,1.02816,0,0,3.95798,2.92982,1.028160,1,0,105.934,0,0,0,105.934,0
67.9462,2.43716,0,0,7.7137,0.241199,0.36288,3.6288,61.308,0.66528,0,0,4.79644,0.202665,3.9285,0.66528,12.849,1,0.494913,0.36288,0,175.757,3.77916,171.845,0.84672,12.849,0.84672,3695.15,0,36.966,0.483317,4.09665,2.23103,13.0156,0.927535,17.9324,0.42336,36.966,0.42336,423.524,0,1.02816,0,0,5.12481,4.09665,1.028160,1,0,193.706,0,0,0,193.706,0
72.29,2.46604,0,0,7.76667,0.250378,0.706464,3.6288,61.308,0.66528,0,0,8.06177,0.202665,7.19382,0.66528,12.849,1,0.466342,0.706464,0,218.663,3.77916,215.124,0.84672,12.849,0.84672,3695.15,0,36.966,0.483499,5.7073,2.23123,14.8893,0.927535,21.4168,0.42336,36.966,0.42336,423.524,0,1.02816,0,0,6.73546,5.7073,1.028160,1,0,243.734,0,0,0,243.734,0
72.29,2.4901,0,0,6.63323,0.261558,3.88157,3.6288,61.308,0.66528,0,0,3.54364,0.234804,2.64356,0.66528,12.849,1,0.442596,3.88157,0,141.421,4.2609,140.599,0.84672,12.849,0.84672,3695.15,0,36.966,0.483681,3.84,2.23143,11.0785,1.11754,15.5487,0.42336,36.966,0.42336,423.524,0,1.02816,0,0,4.86816,3.84,1.028160,1,0,158.792,0,0,0,158.792,0
72.29,2.49037,0,0,8.76305,0.268832,6.00385,3.6288,61.308,0.66528,0,0,4.4777,0.248969,3.56345,0.66528,12.849,1,0.442644,6.00385,0,167.345,4.44157,168.464,0.84672,12.849,0.84672,3695.15,0,36.966,0.483863,4.8205,2.23163,14.8991,1.21375,20.2536,0.42336,36.966,0.42336,423.524,0,1.02816,0,0,5.84866,4.8205,1.028160,1,0,192.281,0,0,0,192.281,0
72.29,2.57669,0,0,10.8768,0.282057,8.01806,3.6288,61.308,0.66528,0,0,3.03693,0.224121,2.14753,0.66528,12.849,1,0.457987,8.01806,0,163.75,3.99,167.32,0.84672,12.849,0.84672,3695.15,0,36.966,0.544666,3.25591,2.23183,18.1215,1.098,21.9665,0.42336,36.966,0.42336,423.524,0,1.02816,0,0,4.28407,3.25591,1.028160,1,0,191.434,0,0,0,191.434,0
72.29,2.57694,0,0,9.6673,0.282057,6.8083,3.6288,61.308,0.66528,0,0,3.62798,0.224121,2.73858,0.66528,12.849,1,0.458032,6.8083,0,176.12,3.99,178.481,0.84672,12.849,0.84672,3695.15,0,36.966,0.544838,3.69638,2.29786,22.931,1.098,27.2824,0.42336,36.966,0.42336,423.524,0,1.02816,0,0,4.72454,3.69638,1.028160,1,0,208.502,0,0,0,208.502,0
72.29,2.57719,0,0,8.41985,0.282057,5.5606,3.6288,61.308,0.66528,0,0,3.08719,0.224121,2.19779,0.66528,12.849,1,0.458077,5.5606,0,184.944,3.99,186.057,0.84672,12.849,0.84672,3695.15,0,36.966,0.545009,3.38615,2.29805,20.0539,1.098,24.0951,0.42336,36.966,0.42336,423.524,0,1.02816,0,0,4.41431,3.38615,1.028160,1,0,212.35,0,0,0,212.35,0
72.29,2.57745,0,0,14.4443,0.282057,11.5848,3.6288,61.308,0.66528,0,0,3.72658,0.224121,2.83718,0.66528,12.849,1,0.458121,11.5848,0,227.452,3.99,234.589,0.84672,12.849,0.84672,3695.15,0,36.966,0.545181,4.17302,2.29824,26.5409,1.098,31.3689,0.42336,36.966,0.42336,423.524,0,1.02816,0,0,5.20118,4.17302,1.028160,1,0,268.795,0,0,0,268.795,0
72.29,2.85416,0,0,9.04954,0.335141,5.86023,3.6288,61.308,0.66528,0,0,2.95123,0.183417,2.10253,0.66528,12.849,1,0.507306,5.86023,0,234.721,4.31985,235.754,0.84672,12.849,0.84672,3695.15,0,36.966,0.773032,5.24665,2.29842,17.9791,0.993201,23.7579,0.42336,36.966,0.42336,423.524,0,1.02816,0,0,6.27481,5.24665,1.028160,1,0,261.615,0,0,0,261.615,0
72.29,2.85444,0,0,6.74464,0.345854,3.54435,3.6288,61.308,0.66528,0,0,1.96978,0.17017,1.13433,0.66528,12.849,1,0.507355,3.54435,0,157.351,4.23077,156.157,0.84672,12.849,0.84672,3695.15,0,36.966,0.773224,2.122,2.53554,10.5149,0.964296,13.4349,0.42336,36.966,0.42336,423.524,0,1.02816,0,0,3.15016,2.122,1.028160,1,0,170.726,0,0,0,170.726,0
72.29,2.85472,0,0,5.67459,0.340968,2.4789,3.6288,61.308,0.66528,0,0,1.74316,0.176934,0.90095,0.66528,12.849,1,0.507404,2.4789,0,115.693,4.2438,113.421,0.84672,12.849,0.84672,3695.15,0,36.966,0.773416,1.55009,2.53574,8.80684,0.975762,11.1435,0.42336,36.966,0.42336,423.524,0,1.02816,0,0,2.57825,1.55009,1.028160,1,0,125.465,0,0,0,125.465,0
72.29,2.85499,0,0,7.13272,0.311653,3.96607,3.6288,61.308,0.66528,0,0,2.45229,0.217512,1.5695,0.66528,12.849,1,0.507453,3.96607,0,134.611,4.32201,133.748,0.84672,12.849,0.84672,3695.15,0,36.966,0.773608,2.8406,2.53595,18.5676,1.04456,22.126,0.42336,36.966,0.42336,423.524,0,1.02816,0,0,3.86876,2.8406,1.028160,1,0,157.443,0,0,0,157.443,0
72.29,2.4608,0,0,6.44446,0.350782,3.63288,3.6288,61.308,0.66528,0,0,2.21251,0.159176,1.38806,0.66528,12.849,1,0.437388,3.63288,0,139.99,3.3195,139.866,0.84672,12.849,0.84672,3695.15,0,36.966,0.468144,3.85776,2.53616,12.7462,0.811227,17.8607,0.42336,36.966,0.42336,423.524,0,1.02816,0,0,4.88592,3.85776,1.028160,1,0,159.114,0,0,0,159.114,0
72.29,2.46104,0,0,4.65458,0.357304,1.83623,3.6288,61.308,0.66528,0,0,1.72554,0.149453,0.910804,0.66528,12.849,1,0.437431,1.83623,0,133.635,3.15242,131.881,0.84672,12.849,0.84672,3695.15,0,36.966,0.468309,2.86203,2.21316,11.1654,0.772339,14.9999,0.42336,36.966,0.42336,423.524,0,1.02816,0,0,3.89019,2.86203,1.028160,1,0,147.792,0,0,0,147.792,0
72.29,2.46128,0,0,5.66325,0.331328,2.87064,3.6288,61.308,0.66528,0,0,1.88452,0.143563,1.07568,0.66528,12.849,1,0.437474,2.87064,0,152.304,3.15928,151.578,0.84672,12.849,0.84672,3695.15,0,36.966,0.468474,3.38211,2.21334,10.2518,0.78939,14.5894,0.42336,36.966,0.42336,423.524,0,1.02816,0,0,4.41027,3.38211,1.028160,1,0,167.243,0,0,0,167.243,0
72.29,2.46152,0,0,5.26796,0.331882,2.47456,3.6288,61.308,0.66528,0,0,2.10165,0.176272,1.2601,0.66528,12.849,1,0.437517,2.47456,0,123.241,4.39783,120.88,0.84672,12.849,0.84672,3695.15,0,36.966,0.468639,4.08771,2.21352,10.9715,1.00385,15.8003,0.42336,36.966,0.42336,423.524,0,1.02816,0,0,5.11587,4.08771,1.028160,1,0,137.941,0,0,0,137.941,0
72.29,2.46176,0,0,5.52198,0.313814,2.7464,3.6288,61.308,0.66528,0,0,1.7097,0.15092,0.8935,0.66528,12.849,1,0.43756,2.7464,0,103.265,4.49426,101.08,0.84672,12.849,0.84672,3695.15,0,36.966,0.468805,2.50074,2.2137,9.33647,0.928203,12.6539,0.42336,36.966,0.42336,423.524,0,1.02816,0,0,3.5289,2.50074,1.028160,1,0,114.627,0,0,0,114.627,0
72.29,2.56134,0,0,4.26509,0.307976,1.39577,3.6288,61.308,0.66528,0,0,1.18458,0.16506,0.354238,0.66528,12.849,1,0.455259,1.39577,0,80.9611,4.10939,77.7923,0.84672,12.849,0.84672,3695.15,0,36.966,0.543778,2.38952,2.21388,8.81989,0.938799,11.9407,0.42336,36.966,0.42336,423.524,0,1.02816,0,0,3.41768,2.38952,1.028160,1,0,90.0872,0,0,0,90.0872,0
72.29,2.56159,0,0,6.90764,0.31037,4.03567,3.6288,61.308,0.66528,0,0,1.81588,0.168258,0.982339,0.66528,12.849,1,0.455304,4.03567,0,136.483,4.01688,136.047,0.84672,12.849,0.84672,3695.15,0,36.966,0.543949,4.79828,2.29379,14.5337,0.938648,20.1432,0.42336,36.966,0.42336,423.524,0,1.02816,0,0,5.82644,4.79828,1.028160,1,0,157.172,0,0,0,157.172,0
72.29,2.56184,0,0,5.43452,0.31037,2.5623,3.6288,61.308,0.66528,0,0,1.6187,0.168258,0.785157,0.66528,12.849,1,0.455348,2.5623,0,105.097,4.01688,103.187,0.84672,12.849,0.84672,3695.15,0,36.966,0.544121,3.58273,2.29397,12.1316,0.938648,16.5255,0.42336,36.966,0.42336,423.524,0,1.02816,0,0,4.61089,3.58273,1.028160,1,0,120.498,0,0,0,120.498,0
72.29,2.56209,0,0,4.45408,0.300895,1.5911,3.6288,61.308,0.66528,0,0,1.2779,0.174312,0.438307,0.66528,12.849,1,0.455393,1.5911,0,82.6641,4.0886,79.7112,0.84672,12.849,0.84672,3695.15,0,36.966,0.544293,2.62464,2.29416,9.23789,0.956751,12.6556,0.42336,36.966,0.42336,423.524,0,1.02816,0,0,3.6528,2.62464,1.028160,1,0,92.8051,0,0,0,92.8051,0
72.29,2.52349,0,0,4.60424,0.244043,1.83671,3.6288,61.308,0.66528,0,0,1.05694,0.210635,0.181025,0.66528,12.849,1,0.448531,1.83671,0,70.6648,4.51888,67.5341,0.84672,12.849,0.84672,3695.15,0,36.966,0.5154,2.26535,2.29435,7.53062,1.06537,10.5096,0.42336,36.966,0.42336,423.524,0,1.02816,0,0,3.29351,2.26535,1.028160,1,0,78.2247,0,0,0,78.2247,0
72.29,2.52374,0,0,3.62604,0.244043,0.858265,3.6288,61.2327,0.66528,0,0,0.8006,0.210635,0,0.66528,12.849,1,0.448575,0.858265,0,58.6246,4.51888,54.5155,0.84672,12.849,0.84672,3695.15,0,36.966,0.515569,1.53908,2.26351,5.93474,1.06537,8.15638,0.42336,36.966,0.42336,423.524,0,1.02816,0,0,2.56724,1.53908,1.028160,1,0,62.6718,0,0,0,62.6718,0
72.29,2.52398,0,0,3.18536,0.244043,0.417335,3.6288,61.1283,0.66528,0,0,0.771414,0.210535,0,0.66528,12.849,1,0.448619,0.417335,0,54.4819,4.51888,49.9317,0.84672,12.849,0.84672,3695.15,0,36.966,0.515738,1.34863,2.26369,5.82413,1.06537,7.85535,0.42336,36.966,0.42336,423.524,0,1.02816,0,0,2.37679,1.34863,1.028160,1,0,57.787,0,0,0,57.787,0
72.29,2.52423,0,0,3.61224,0.244043,0.843965,3.6288,61.0579,0.66528,0,0,0.805256,0.210396,0,0.66528,12.849,1,0.448663,0.843965,0,61.0923,4.51888,56.9687,0.84672,12.849,0.84672,3695.15,0,36.966,0.515907,1.1765,2.26388,6.73748,1.06537,8.59658,0.42336,36.966,0.42336,423.524,0,1.02816,0,0,2.20466,1.1765,1.028160,1,0,65.5653,0,0,0,65.5653,0
72.29,2.65641,0,0,3.69068,0.206298,0.827973,3.6288,61.0369,0.66528,0,0,0.871931,0.227609,0,0.66528,12.849,1,0.472157,0.827973,0,58.1304,4.70678,53.7795,0.84672,12.849,0.84672,3695.15,0,36.966,0.619185,0.833276,2.26406,5.7082,1.04152,7.14483,0.42336,36.966,0.42336,423.524,0,1.02816,0,0,1.86144,0.833276,1.028160,1,0,60.9243,0,0,0,60.9243,0
72.29,2.65667,0,0,3.35559,0.170205,0.528713,3.6288,60.9116,0.66528,0,0,0.755352,0.215425,0,0.66528,12.849,1,0.472203,0.528713,0,53.1783,4.36559,48.8693,0.84672,12.849,0.84672,3695.15,0,36.966,0.619363,1.03877,2.37303,5.39538,0.983595,7.20422,0.42336,36.966,0.42336,423.524,0,1.02816,0,0,2.06693,1.03877,1.028160,1,0,56.0735,0,0,0,56.0735,0
72.2692,2.65693,0,0,3.15399,0.154983,0.36288,3.6288,60.8141,0.66528,0,0,0.786655,0.218815,0,0.66528,12.849,1,0.472248,0.36288,0,48.9828,4.47395,44.3995,0.84672,12.849,0.84672,3695.15,0,36.966,0.619542,1.04394,2.37322,5.48349,0.963536,7.31757,0.42336,36.966,0.42336,423.524,0,1.02816,0,0,2.0721,1.04394,1.028160,1,0,51.7171,0,0,0,51.7171,0
72.1251,2.65707,0,0,3.03077,0.154959,0.36288,3.6288,60.7315,0.66528,0,0,0.801377,0.21868,0,0.66528,12.849,1,0.47241,0.36288,0,46.1772,4.47395,41.5937,0.84672,12.849,0.84672,3695.15,0,36.966,0.61972,0.940801,2.37342,5.4678,0.963536,7.19876,0.42336,36.966,0.42336,423.524,0,1.02816,0,0,1.96896,0.940801,1.028160,1,0,48.7925,0,0,0,48.7925,0
71.4711,2.65653,0,0,2.51147,0.14604,0.36288,3.6288,60.5161,0.66528,0,0,0.686471,0.236592,0,0.66528,12.849,1,0.473257,0.36288,0,40.3644,4.86571,35.3883,0.84672,12.849,0.84672,3695.15,0,36.966,0.619899,0.591762,2.37361,4.27728,1.04302,5.57973,0.42336,36.966,0.42336,423.524,0,1.02816,0,0,1.61992,0.591762,1.028160,1,0,40.968,0,0,0,40.968,0
70.308,2.62706,0,0,1.93949,0.11268,0.36288,3.6288,59.9931,0.782706,0,0,0.549233,0.289597,0,0.66528,12.849,1,0.47229,0.36288,0,34.3916,5.41973,28.8625,0.84672,12.849,0.84672,3695.15,0,36.966,0.676772,0.30119,2.37381,3.19341,1.24664,3.945,0.42336,36.966,0.42336,423.524,0,0.910734,0,0,1.21192,0.30119,1.028160,1,0,32.8075,0,0,0,32.8075,0
69.0619,2.62071,0,0,1.84089,0.103343,0.36288,3.6288,59.4416,0.78503,0,0,0.533904,0.300326,0,0.66528,12.849,1,0.478942,0.36288,0,31.8724,5.43238,26.3239,0.84672,12.849,0.84672,3695.15,0,36.966,0.676956,0.261274,2.41204,3.16595,1.28569,3.87662,0.42336,36.966,0.42336,423.524,0,0.90841,0,0,1.16968,0.261274,1.028160,1,0,30.2005,0,0,0,30.2005,0
67.7023,2.61367,0,0,1.71933,0.102351,0.36288,3.6288,58.7793,0.830546,0,0,0.467523,0.29927,0,0.66528,12.849,1,0.486275,0.36288,0,29.3487,5.43238,23.7929,0.84672,12.849,0.84672,3695.15,0,36.966,0.677139,0.261274,2.41224,3.00087,1.28569,3.71155,0.42336,36.966,0.42336,423.524,0,0.862894,0,0,1.12417,0.261274,1.028160,1,0,27.5045,0,0,0,27.5045,0
66.2539,2.60572,0,0,1.62144,0.101269,0.36288,3.6288,58.0232,0.894102,0,0,0.436038,0.298002,0,0.66528,12.849,1,0.494531,0.36288,0,28.1032,5.43238,22.5391,0.84672,12.849,0.84672,3695.15,0,36.966,0.677323,0.261274,2.41244,2.84381,1.28569,3.55451,0.42336,36.966,0.42336,423.524,0,0.799338,0,0,1.06061,0.261274,1.028160,1,0,26.0936,0,0,0,26.0936,0
64.7043,2.66344,0,0,1.5569,0.0801968,0.36288,3.6288,57.4133,0.855196,0,0,0.576463,0.33117,0,0.66528,12.849,1,0.516535,0.36288,0,33.3798,5.95424,27.2719,0.84672,12.849,0.84672,3695.15,0,36.966,0.728052,0.261274,2.41264,2.64167,1.53558,3.05195,0.42336,36.966,0.42336,423.524,0,0.838244,0,0,1.09952,0.261274,1.028160,1,0,30.3238,0,0,0,30.3238,0
63.0609,2.65337,0,0,1.45204,0.0792086,0.36288,3.6288,56.7247,0.869365,0,0,0.51059,0.329866,0,0.66528,12.849,1,0.526908,0.36288,0,26.4066,5.95424,20.2883,0.84672,12.849,0.84672,3695.15,0,36.966,0.72824,0.261274,2.46677,2.41123,1.53558,2.87546,0.42336,36.966,0.42336,423.524,0,0.824075,0,0,1.08535,0.261274,1.028160,1,0,23.1638,0,0,0,23.1638,0
61.2984,2.64222,0,0,1.32077,0.0781605,0.36288,3.6288,55.8706,1.00535,0,0,0.479603,0.328394,0,0.66528,12.849,1,0.538367,0.36288,0,24.2818,5.95424,18.152,0.84672,12.849,0.84672,3695.15,0,36.966,0.728428,0.227405,2.46697,2.2068,1.53558,2.63718,0.42336,36.966,0.42336,423.524,0,0.68809,0,0,0.915494,0.227405,1.028160,1,0,20.7892,0,0,0,20.7892,0
59.7323,2.62968,0,0,1.49431,0.0678403,0.36288,3.6288,55.4505,0.682577,0,0,0.583094,0.32059,0,0.66528,12.849,1,0.551218,0.36288,0,24.9708,6.09573,18.6867,0.84672,12.849,0.84672,3695.15,0,36.966,0.728616,0.227405,2.46718,3.23529,1.57245,3.6288,0.42336,36.966,0.42336,423.524,0,1.01086,0,0,1.23827,0.227405,1.028160,1,0,22.3155,0,0,0,22.3155,0
57.871,2.80951,0,0,1.37651,0.0654607,0.36288,3.6288,54.7931,0.866298,0,0,0.516395,0.307458,0,0.66528,12.849,1,0.604353,0.36288,0,21.8272,6.02821,15.5575,0.84672,12.849,0.84672,3695.15,0,36.966,0.911314,0.227405,2.46738,2.70726,1.5451,2.94563,0.42336,36.966,0.42336,423.524,0,0.827142,0,0,1.05455,0.227405,1.028160,1,0,18.5032,0,0,0,18.5032,0
56.0751,2.79387,0,0,1.42941,0.068501,0.36288,3.6288,54.1711,0.869348,0,0,0.561909,0.314631,0,0.66528,12.849,1,0.620319,0.36288,0,22.4883,5.90856,16.3223,0.84672,12.849,0.84672,3695.15,0,36.966,0.911518,0.227405,2.65219,2.58549,1.49466,3.05891,0.42336,36.966,0.42336,423.524,0,0.824092,0,0,1.0515,0.227405,1.028160,1,0,19.3812,0,0,0,19.3812,0
54.0138,2.77798,0,0,1.14687,0.0673001,0.36288,3.6288,53.2452,1.05439,0,0,0.441853,0.31334,0,0.66528,12.849,1,0.636543,0.36288,0,26.4514,5.90856,20.2691,0.84672,12.849,0.84672,3695.15,0,36.966,0.911723,0.204422,2.65241,2.14776,1.49466,2.59821,0.42336,36.966,0.42336,423.524,0,0.639049,0,0,0.843471,0.204422,1.028160,1,0,22.8673,0,0,0,22.8673,0
52.1847,2.75862,0,0,1.35825,0.0659217,0.36288,3.6288,52.9432,0.66528,0,0,0.674475,0.31118,0,0.66528,12.849,1,0.65623,0.36288,0,22.7037,5.90856,16.5018,0.84672,12.849,0.84672,3695.15,0,36.966,0.911927,0.240702,2.65263,2.9044,1.49466,3.39114,0.42336,36.966,0.42336,423.524,0,1.02816,0,0,1.26886,0.240702,1.028160,1,0,19.8929,0,0,0,19.8929,0
50.4426,2.74043,0,0,1.41977,0.0585516,0.36288,3.6288,52.4519,0.714822,0,0,0.519134,0.295566,0,0.66528,12.849,1,0.674753,0.36288,0,23.7422,5.50217,17.9282,0.84672,12.849,0.84672,3695.15,0,36.966,0.912131,0.204422,2.65285,3.03489,1.34901,3.63103,0.42336,36.966,0.42336,423.524,0,0.978618,0,0,1.18304,0.204422,1.028160,1,0,21.5592,0,0,0,21.5592,0
49.173,2.63171,0,0,1.76379,0.0387505,0.36288,3.6288,52.2815,0.66528,0,0,0.774943,0.280129,0,0.66528,12.849,1,0.670363,0.36288,0,22.4493,5.13314,17.0087,0.84672,12.849,0.84672,3695.15,0,36.966,0.80151,1.27886,2.65307,3.7011,1.23673,5.59479,0.42336,36.966,0.42336,423.524,0,1.02816,0,0,2.30702,1.27886,1.028160,1,0,22.6035,0,0,0,22.6035,0
47.7096,2.61824,0,0,1.55596,0.0382314,0.36288,3.6288,51.7727,0.66528,0,0,0.436293,0.279745,0,0.66528,12.849,1,0.684151,0.36288,0,23.2541,5.13314,17.7997,0.84672,12.849,0.84672,3695.15,0,36.966,0.801704,0.368703,2.54641,2.77549,1.23673,3.65216,0.42336,36.966,0.42336,423.524,0,1.02816,0,0,1.39686,0.368703,1.028160,1,0,21.4519,0,0,0,21.4519,0
46.0275,2.60196,0,0,1.32031,0.0376286,0.36288,3.6288,51.2266,0.66528,0,0,0.397703,0.2786,0,0.66528,12.849,1,0.700752,0.36288,0,21.4872,5.13314,16.0162,0.84672,12.849,0.84672,3695.15,0,36.966,0.801899,0.24179,2.54662,2.64101,1.23673,3.39078,0.42336,36.966,0.42336,423.524,0,1.02816,0,0,1.26995,0.24179,1.028160,1,0,19.407,0,0,0,19.407,0
45.7681,2.58219,0,0,2.8151,0.129377,0.36288,3.6288,51.0963,0.66528,0,0,0.727532,0.192496,0,0.66528,12.849,1,0.720843,0.36288,0,47.2999,3.88736,43.0546,0.84672,12.849,0.84672,3695.15,0,36.966,0.802093,0.67665,2.54683,5.8517,0.847344,7.42574,0.42336,36.966,0.42336,423.524,0,1.02816,0,0,1.70481,0.67665,1.028160,1,0,50.4804,0,0,0,50.4804,0
44.2153,2.50652,0,0,1.43603,0.11942,0.36288,3.6288,50.6787,0.738469,0,0,0.500534,0.179733,0,0.66528,12.849,1,0.703684,0.36288,0,35.1075,4.22782,30.5389,0.84672,12.849,0.84672,3695.15,0,36.966,0.701373,0.216518,2.54704,4.01266,0.95271,5.12213,0.42336,36.966,0.42336,423.524,0,0.954971,0,0,1.17149,0.216518,1.028160,1,0,35.661,0,0,0,35.661,0
42.4087,2.48762,0,0,1.2089,0.165013,0.36288,3.6288,49.7277,1.05068,0,0,0.272506,0.172742,0,0.66528,12.849,1,0.722903,0.36288,0,27.589,4.38732,22.8416,0.84672,12.849,0.84672,3695.15,0,36.966,0.766387,0.216518,2.45183,2.66379,1.0679,3.49785,0.42336,36.966,0.42336,423.524,0,0.57793,0,0,0.794448,0.216518,1.028160,1,0,26.3395,0,0,0,26.3395,0
40.831,2.46422,0,0,1.41105,0.16162,0.36288,3.6288,49.4254,0.66528,0,0,0.534383,0.171403,0,0.66528,12.849,1,0.74661,0.36288,0,32.1132,4.38732,27.3421,0.84672,12.849,0.84672,3695.15,0,36.966,0.701744,0.809205,2.45203,4.22932,1.0679,5.72092,0.42336,36.966,0.42336,423.524,0,1.02816,0,0,1.83737,0.809205,1.028160,1,0,33.063,0,0,0,33.063,0
41.6328,2.44251,0,0,3.7658,0.158656,0.36288,3.6288,49.8979,0.66528,0,0,1.30868,0.170977,0,0.66528,12.849,1,0.768627,0.36288,0,94.378,4.38732,89.5849,0.84672,12.849,0.84672,3695.15,0,36.966,0.70193,2.40957,2.45223,7.98478,1.0679,11.0767,0.42336,36.966,0.42336,423.524,0,1.02816,0,0,3.43773,2.40957,1.028160,1,0,100.662,0,0,0,100.662,0
40.9824,2.25184,0,0,2.15971,0.195349,0.36288,3.6288,49.9655,0.664707,0,0,0.879422,0.147031,0,0.66528,12.849,1,0.694978,0.36288,0,54.078,4.03976,49.7062,0.84672,12.849,0.84672,3695.15,0,36.966,0.492437,0.713811,2.45243,4.90352,0.955093,6.62223,0.42336,36.966,0.42336,423.524,0,1.02816,0,0,1.74197,0.713811,1.028160,1,0,56.3284,0,0,0,56.3284,0
40.2923,2.24366,0,0,2.1217,0.205298,0.36288,3.6288,50.1568,0.665187,0,0,0.997739,0.1413,0,0.66528,12.849,1,0.703444,0.36288,0,65.2329,3.96952,60.9228,0.84672,12.849,0.84672,3695.15,0,36.966,0.492125,1.09266,2.2406,4.39195,0.924438,6.30864,0.42336,36.966,0.42336,423.524,0,1.02816,0,0,2.12082,1.09266,1.028160,1,0,67.2314,0,0,0,67.2314,0
39.3589,2.23475,0,0,1.86782,0.203624,0.36288,3.6288,50.2544,0.66528,0,0,0.904409,0.141521,0,0.66528,12.849,1,0.712649,0.36288,0,53.4169,3.96952,49.0976,0.84672,12.849,0.84672,3695.15,0,36.966,0.492199,0.782706,2.24078,3.43687,0.924438,5.04372,0.42336,36.966,0.42336,423.524,0,1.02816,0,0,1.81087,0.782706,1.028160,1,0,54.1413,0,0,0,54.1413,0
38.7256,2.22222,0,0,2.14909,0.197248,0.36288,3.6288,50.411,0.66528,0,0,0.984372,0.162482,0,0.66528,12.849,1,0.725461,0.36288,0,47.7986,3.5073,43.9288,0.84672,12.849,0.84672,3695.15,0,36.966,0.492366,1.05149,2.24097,3.9743,0.780548,5.99385,0.42336,36.966,0.42336,423.524,0,1.02816,0,0,2.07965,1.05149,1.028160,1,0,49.9226,0,0,0,49.9226,0
38.8774,2.21353,0,0,2.92248,0.194271,0.36288,3.6288,50.7004,0.66528,0,0,1.12189,0.167202,0,0.66528,12.849,1,0.734441,0.36288,0,76.4375,3.25893,72.807,0.84672,12.849,0.84672,3695.15,0,36.966,0.492533,1.58452,2.24115,5.58426,0.708431,8.20897,0.42336,36.966,0.42336,423.524,0,1.02816,0,0,2.61268,1.58452,1.028160,1,0,81.016,0,0,0,81.016,0
41.262,2.29243,0,0,5.24749,0.207543,0.36288,3.6288,51.0848,0.66528,0,0,1.24206,0.192373,0,0.66528,12.849,1,0.75765,0.36288,0,105.436,3.77265,101.268,0.84672,12.849,0.84672,3695.15,0,36.966,0.553601,2.06053,2.24133,8.46305,0.864093,11.3472,0.42336,36.966,0.42336,423.524,0,1.02816,0,0,3.08869,2.06053,1.028160,1,0,112.615,0,0,0,112.615,0
44.5512,2.32603,0,0,6.19147,0.213435,0.36288,3.6288,51.6944,0.66528,0,0,1.46782,0.192975,0,0.66528,12.849,1,0.724325,0.36288,0,137.41,3.77265,133.276,0.84672,12.849,0.84672,3695.15,0,36.966,0.553757,1.85659,2.30765,8.46763,0.864093,11.214,0.42336,36.966,0.42336,423.524,0,1.02816,0,0,2.88475,1.85659,1.028160,1,0,144.49,0,0,0,144.49,0
45.1344,2.36774,0,0,3.53551,0.221704,0.36288,3.6288,51.8414,0.66528,0,0,1.00623,0.193931,0,0.66528,12.849,1,0.68288,0.36288,0,69.6133,3.77265,65.5207,0.84672,12.849,0.84672,3695.15,0,36.966,0.553914,1.1508,2.30782,6.347,0.864093,8.38761,0.42336,36.966,0.42336,423.524,0,1.02816,0,0,2.17896,1.1508,1.028160,1,0,73.9083,0,0,0,73.9083,0
44.9401,2.37482,0,0,2.79193,0.248489,0.36288,3.6288,51.8733,0.66528,0,0,0.891959,0.194778,0,0.66528,12.849,1,0.676072,0.36288,0,57.2934,3.68343,53.2968,0.84672,12.849,0.84672,3695.15,0,36.966,0.55407,1.00055,2.30799,5.57896,0.924907,7.40852,0.42336,36.966,0.42336,423.524,0,1.02816,0,0,2.02871,1.00055,1.028160,1,0,60.7053,0,0,0,60.7053,0
45.665,2.62713,0,0,3.97168,0.256813,0.36288,3.6288,51.9154,0.66528,0,0,0.931332,0.223975,0,0.66528,12.849,1,0.751132,0.36288,0,82.3513,3.93091,78.0321,0.84672,12.849,0.84672,3695.15,0,36.966,0.782949,1.26707,2.30816,6.42368,1.03782,8.17815,0.42336,36.966,0.42336,423.524,0,1.02816,0,0,2.29523,1.26707,1.028160,1,0,86.2103,0,0,0,86.2103,0
46.255,2.57011,0,0,3.77794,0.254849,0.36288,3.6288,51.9367,0.66528,0,0,0.922113,0.235529,0,0.66528,12.849,1,0.723166,0.36288,0,96.4008,4.05667,91.9838,0.84672,12.849,0.84672,3695.15,0,36.966,0.732754,1.44009,2.54634,6.87092,1.06474,9.05985,0.42336,36.966,0.42336,423.524,0,1.02816,0,0,2.46825,1.44009,1.028160,1,0,101.044,0,0,0,101.044,0
48.257,2.57756,0,0,5.20183,0.259425,0.36288,3.6288,51.9708,0.66528,0,0,0.927565,0.22816,0,0.66528,12.849,1,0.716009,0.36288,0,97.359,3.92145,93.0844,0.84672,12.849,0.84672,3695.15,0,36.966,0.732925,1.43243,2.49164,8.30036,1.03703,10.4545,0.42336,36.966,0.42336,423.524,0,1.02816,0,0,2.46059,1.43243,1.028160,1,0,103.539,0,0,0,103.539,0
50.1895,2.60124,0,0,5.1795,0.282939,0.36288,3.6288,52.3039,0.66528,0,0,1.18211,0.183756,0,0.66528,12.849,1,0.692612,0.36288,0,118.539,3.1101,115.099,0.84672,12.849,0.84672,3695.15,0,36.966,0.733096,1.95254,2.49182,11.0359,0.870722,13.8764,0.42336,36.966,0.42336,423.524,0,1.02816,0,0,2.9807,1.95254,1.028160,1,0,128.976,0,0,0,128.976,0
53.9018,2.25974,0,0,6.62256,0.28763,0.36288,3.6288,53.9657,0.643686,0,0,2.4762,0.170673,0,0.66528,12.849,1,0.578517,0.36288,0,160.466,3.08351,157.166,0.84672,12.849,0.84672,3695.15,0,36.966,0.454928,2.65987,2.49201,16.6865,0.89863,20.4848,0.42336,36.966,0.42336,423.524,0,1.02816,0,0,3.68803,2.65987,1.028160,1,0,177.651,0,0,0,177.651,0
56.7038,2.29212,0,0,5.73792,0.280833,0.36288,3.6288,56.0342,0.652087,0,0,2.90113,0.180531,0,0.66528,12.849,1,0.546391,0.36288,0,137.595,3.18255,134.229,0.84672,12.849,0.84672,3695.15,0,36.966,0.446673,2.28361,2.17504,16.4163,0.903028,19.5252,0.42336,36.966,0.42336,423.524,0,1.02816,0,0,3.31177,2.28361,1.028160,1,0,153.755,0,0,0,153.755,0
58.7206,2.31434,0,0,4.98284,0.288825,0.36288,3.6288,57.7692,0.66211,0,0,2.58011,0.183006,0,0.66528,12.849,1,0.524426,0.36288,0,114.35,3.18255,111.005,0.84672,12.849,0.84672,3695.15,0,36.966,0.436797,2.09533,2.1752,14.5357,0.903028,17.4664,0.42336,36.966,0.42336,423.524,0,1.02816,0,0,3.12349,2.09533,1.028160,1,0,128.472,0,0,0,128.472,0
61.535,2.32933,0,0,5.80115,0.294577,0.36288,3.6288,59.5522,0.66528,0,0,2.63335,0.185083,0,0.66528,12.849,1,0.509693,0.36288,0,128.445,3.18255,125.115,0.84672,12.849,0.84672,3695.15,0,36.966,0.433774,2.50905,2.17536,17.6489,0.903028,20.9965,0.42336,36.966,0.42336,423.524,0,1.02816,0,0,3.53721,2.50905,1.028160,1,0,146.112,0,0,0,146.112,0
65.5248,2.34882,0,0,7.00161,0.300143,0.36288,3.6288,61.308,0.66528,0,0,2.99123,0.184042,0.386121,0.66528,12.849,1,0.490452,0.36288,0,175.05,3.45099,171.471,0.84672,12.849,0.84672,3695.15,0,36.966,0.433921,2.93368,2.17552,18.2159,0.931036,21.9601,0.42336,36.966,0.42336,423.524,0,1.02816,0,0,3.96184,2.93368,1.028160,1,0,193.818,0,0,0,193.818,0
69.6089,2.46998,0,0,7.22183,0.304809,0.36288,3.6288,61.308,0.66528,0,0,3.43866,0.178081,2.5953,0.66528,12.849,1,0.484347,0.36288,0,207.115,4.12209,202.872,0.84672,12.849,0.84672,3695.15,0,36.966,0.507472,4.20052,2.17568,19.8113,1.00106,24.679,0.42336,36.966,0.42336,423.524,0,1.02816,0,0,5.22868,4.20052,1.028160,1,0,230.146,0,0,0,230.146,0
72.29,2.5594,0,0,6.62623,0.314766,1.07101,3.6288,61.308,0.66528,0,0,2.65944,0.178081,1.81607,0.66528,12.849,1,0.472435,1.07101,0,239.055,4.12209,235.531,0.84672,12.849,0.84672,3695.15,0,36.966,0.552656,3.14569,2.25406,15.5362,1.00106,19.3822,0.42336,36.966,0.42336,423.524,0,1.02816,0,0,4.17385,3.14569,1.028160,1,0,256.73,0,0,0,256.73,0
72.29,2.5745,0,0,5.24179,0.291384,2.37591,3.6288,61.308,0.66528,0,0,2.37776,0.173545,1.53894,0.66528,12.849,1,0.457598,2.37591,0,170.445,3.64131,168.722,0.84672,12.849,0.84672,3695.15,0,36.966,0.552813,2.80264,2.3035,12.4681,1.00101,16.0204,0.42336,36.966,0.42336,423.524,0,1.02816,0,0,3.8308,2.80264,1.028160,1,0,186.281,0,0,0,186.281,0
72.29,2.57473,0,0,4.84857,0.19935,2.07449,3.6288,61.308,0.66528,0,0,2.13835,0.201462,1.27161,0.66528,12.849,1,0.457639,2.07449,0,149.374,3.70282,147.288,0.84672,12.849,0.84672,3695.15,0,36.966,0.552969,2.4881,2.30367,10.595,1.06022,13.7736,0.42336,36.966,0.42336,423.524,0,1.02816,0,0,3.51626,2.4881,1.028160,1,0,162.334,0,0,0,162.334,0
72.29,2.53593,0,0,4.43898,0.202206,1.70085,3.6288,61.308,0.66528,0,0,1.26385,0.214079,0.384492,0.66528,12.849,1,0.450742,1.70085,0,138.004,4.50419,134.75,0.84672,12.849,0.84672,3695.15,0,36.966,0.52393,2.2643,2.30384,9.28316,1.09958,12.2278,0.42336,36.966,0.42336,423.524,0,1.02816,0,0,3.29246,2.2643,1.028160,1,0,147.362,0,0,0,147.362,0
72.29,2.53615,0,0,4.21963,0.202206,1.48127,3.6288,61.308,0.66528,0,0,1.15561,0.214079,0.27625,0.66528,12.849,1,0.450782,1.48127,0,124.28,4.50419,120.807,0.84672,12.849,0.84672,3695.15,0,36.966,0.524085,1.6876,2.27284,8.37233,1.09958,10.7091,0.42336,36.966,0.42336,423.524,0,1.02816,0,0,2.71576,1.6876,1.028160,1,0,131.792,0,0,0,131.792,0
72.29,2.53638,0,0,3.88184,0.202206,1.14325,3.6288,61.308,0.66528,0,0,1.08219,0.214079,0.202827,0.66528,12.849,1,0.450822,1.14325,0,114.096,4.50419,110.285,0.84672,12.849,0.84672,3695.15,0,36.966,0.524239,1.55115,2.27301,7.17137,1.09958,9.37172,0.42336,36.966,0.42336,423.524,0,1.02816,0,0,2.57931,1.55115,1.028160,1,0,119.859,0,0,0,119.859,0
72.29,2.5366,0,0,3.57065,0.168172,0.865877,3.6288,61.308,0.66528,0,0,1.01063,0.241892,0.103458,0.66528,12.849,1,0.450862,0.865877,0,100.78,4.77596,96.4186,0.84672,12.849,0.84672,3695.15,0,36.966,0.524393,1.47761,2.27318,6.99468,1.10047,9.12062,0.42336,36.966,0.42336,423.524,0,1.02816,0,0,2.50577,1.47761,1.028160,1,0,105.643,0,0,0,105.643,0
72.29,2.66935,0,0,3.28342,0.16106,0.453016,3.6288,61.308,0.66528,0,0,0.916472,0.221497,0.0296956,0.66528,12.849,1,0.474456,0.453016,0,79.5822,4.4328,75.1279,0.84672,12.849,0.84672,3695.15,0,36.966,0.628114,1.62948,2.27335,6.7773,1.0348,9.01722,0.42336,36.966,0.42336,423.524,0,1.02816,0,0,2.65764,1.62948,1.028160,1,0,84.1748,0,0,0,84.1748,0
72.1541,2.66958,0,0,3.04523,0.148647,0.36288,3.6288,61.2357,0.66528,0,0,0.800332,0.207373,0,0.66528,12.849,1,0.474498,0.36288,0,67.9666,4.39005,63.4649,0.84672,12.849,0.84672,3695.15,0,36.966,0.628276,1.57195,2.38278,5.96659,1.03657,8.25648,0.42336,36.966,0.42336,423.524,0,1.02816,0,0,2.60011,1.57195,1.028160,1,0,71.7214,0,0,0,71.7214,0
71.7276,2.66906,0,0,2.75388,0.148494,0.36288,3.6288,61.1329,0.66528,0,0,0.769824,0.207278,0,0.66528,12.849,1,0.475299,0.36288,0,65.3737,4.39005,60.8712,0.84672,12.849,0.84672,3695.15,0,36.966,0.628439,0.891959,2.38296,5.69678,1.03657,7.30669,0.42336,36.966,0.42336,423.524,0,1.02816,0,0,1.92012,0.891959,1.028160,1,0,68.1779,0,0,0,68.1779,0
70.9989,2.6669,0,0,2.44913,0.148013,0.36288,3.6288,60.9467,0.66528,0,0,0.686212,0.207144,0,0.66528,12.849,1,0.477738,0.36288,0,57.1399,4.39005,52.635,0.84672,12.849,0.84672,3695.15,0,36.966,0.628601,0.643179,2.38314,5.37402,1.03657,6.73516,0.42336,36.966,0.42336,423.524,0,1.02816,0,0,1.67134,0.643179,1.028160,1,0,59.3701,0,0,0,59.3701,0
70.0526,2.66298,0,0,2.21165,0.132073,0.36288,3.6288,60.7176,0.66528,0,0,0.658248,0.222067,0,0.66528,12.849,1,0.481932,0.36288,0,49.3191,4.61751,44.5825,0.84672,12.849,0.84672,3695.15,0,36.966,0.628764,0.637511,2.38331,4.72732,1.09849,6.02089,0.42336,36.966,0.42336,423.524,0,1.02816,0,0,1.66567,0.637511,1.028160,1,0,50.6034,0,0,0,50.6034,0
69.0756,2.63162,0,0,2.11112,0.0935949,0.36288,3.6288,60.428,0.66528,0,0,0.635265,0.259607,0,0.66528,12.849,1,0.48269,0.36288,0,43.5886,5.18616,38.2827,0.84672,12.849,0.84672,3695.15,0,36.966,0.685871,0.443249,2.38349,3.56688,1.25331,4.45444,0.42336,36.966,0.42336,423.524,0,1.02816,0,0,1.47141,0.443249,1.028160,1,0,42.7371,0,0,0,42.7371,0
67.9706,2.6261,0,0,1.97688,0.0928891,0.36288,3.6288,60.1075,0.66528,0,0,0.603923,0.25913,0,0.66528,12.849,1,0.48849,0.36288,0,43.5318,5.18616,38.22,0.84672,12.849,0.84672,3695.15,0,36.966,0.686038,0.354439,2.42188,3.66558,1.25331,4.50255,0.42336,36.966,0.42336,423.524,0,1.02816,0,0,1.3826,0.354439,1.028160,1,0,42.7226,0,0,0,42.7226,0
66.6939,2.61965,0,0,1.79788,0.0920908,0.36288,3.6288,59.7725,0.66528,0,0,0.588893,0.258602,0,0.66528,12.849,1,0.495212,0.36288,0,42.6798,5.18616,37.3613,0.84672,12.849,0.84672,3695.15,0,36.966,0.686205,0.336519,2.42206,3.51226,1.25331,4.33133,0.42336,36.966,0.42336,423.524,0,1.02816,0,0,1.36468,0.336519,1.028160,1,0,41.6926,0,0,0,41.6926,0
65.2598,2.61193,0,0,1.63184,0.0911685,0.36288,3.6288,59.323,0.74393,0,0,0.552478,0.25805,0,0.66528,12.849,1,0.503205,0.36288,0,38.0311,5.18616,32.7046,0.84672,12.849,0.84672,3695.15,0,36.966,0.686372,0.261274,2.42224,3.39765,1.25331,4.14148,0.42336,36.966,0.42336,423.524,0,0.94951,0,0,1.21078,0.261274,1.028160,1,0,36.8461,0,0,0,36.8461,0
63.8525,2.66957,0,0,1.69328,0.0680891,0.36288,3.6288,58.884,0.757581,0,0,0.635586,0.317014,0,0.66528,12.849,1,0.525611,0.36288,0,38.0654,5.90619,31.9965,0.84672,12.849,0.84672,3695.15,0,36.966,0.737306,0.261274,2.42242,3.05114,1.50264,3.49488,0.42336,36.966,0.42336,423.524,0,0.935859,0,0,1.19713,0.261274,1.028160,1,0,35.4914,0,0,0,35.4914,0
62.4112,2.66016,0,0,1.65061,0.0688869,0.36288,3.6288,58.4879,0.665893,0,0,0.583261,0.313445,0,0.66528,12.849,1,0.535302,0.36288,0,37.3568,5.86152,31.3228,0.84672,12.849,0.84672,3695.15,0,36.966,0.737478,0.261274,2.47677,3.21049,1.48409,3.72697,0.42336,36.966,0.42336,423.524,0,1.02755,0,0,1.28882,0.261274,1.028160,1,0,35.0498,0,0,0,35.0498,0
60.8747,2.65014,0,0,1.54459,0.068082,0.36288,3.6288,58.0279,0.687338,0,0,0.53989,0.312647,0,0.66528,12.849,1,0.545602,0.36288,0,33.7237,5.86152,27.6795,0.84672,12.849,0.84672,3695.15,0,36.966,0.737649,0.227405,2.47696,2.86533,1.48409,3.34796,0.42336,36.966,0.42336,423.524,0,1.0061,0,0,1.23351,0.227405,1.028160,1,0,31.0275,0,0,0,31.0275,0
59.2236,2.639,0,0,1.41801,0.0672239,0.36288,3.6288,57.4614,0.788651,0,0,0.533958,0.311722,0,0.66528,12.849,1,0.557022,0.36288,0,30.8276,5.86152,24.7719,0.84672,12.849,0.84672,3695.15,0,36.966,0.73782,0.227405,2.47714,2.8024,1.48409,3.28504,0.42336,36.966,0.42336,423.524,0,0.904789,0,0,1.13219,0.227405,1.028160,1,0,28.057,0,0,0,28.057,0
57.5094,2.81848,0,0,1.53476,0.0676273,0.36288,3.6288,57.067,0.66528,0,0,0.575581,0.30474,0,0.66528,12.849,1,0.61149,0.36288,0,29.6377,6.03342,23.3557,0.84672,12.849,0.84672,3695.15,0,36.966,0.921292,0.353989,2.47733,3.72152,1.55454,4.077,0.42336,36.966,0.42336,423.524,0,1.02816,0,0,1.38215,0.353989,1.028160,1,0,27.4327,0,0,0,27.4327,0
55.7071,2.80382,0,0,1.44824,0.0837786,0.36288,3.6288,56.6914,0.66528,0,0,0.589932,0.300281,0,0.66528,12.849,1,0.626443,0.36288,0,32.5033,6.0103,26.2295,0.84672,12.849,0.84672,3695.15,0,36.966,0.921478,0.483425,2.66292,3.20037,1.58801,3.83722,0.42336,36.966,0.42336,423.524,0,1.02816,0,0,1.51159,0.483425,1.028160,1,0,30.0667,0,0,0,30.0667,0
53.6378,2.7876,0,0,1.16345,0.0822994,0.36288,3.6288,55.9701,0.848448,0,0,0.426689,0.299548,0,0.66528,12.849,1,0.642968,0.36288,0,31.7608,6.0103,25.4704,0.84672,12.849,0.84672,3695.15,0,36.966,0.921664,0.204422,2.66312,2.56917,1.58801,2.92703,0.42336,36.966,0.42336,423.524,0,0.844992,0,0,1.04941,0.204422,1.028160,1,0,28.3975,0,0,0,28.3975,0
51.8754,2.76783,0,0,1.44895,0.080601,0.36288,3.6288,55.7359,0.66528,0,0,0.729289,0.298141,0,0.66528,12.849,1,0.663038,0.36288,0,29.0075,6.0103,22.697,0.84672,12.849,0.84672,3695.15,0,36.966,0.92185,0.956949,2.66332,3.97243,1.58801,5.08283,0.42336,36.966,0.42336,423.524,0,1.02816,0,0,1.98511,0.956949,1.028160,1,0,27.7799,0,0,0,27.7799,0
49.8901,2.75002,0,0,1.20422,0.0766296,0.36288,3.6288,55.2937,0.66528,0,0,0.496581,0.27349,0,0.66528,12.849,1,0.681151,0.36288,0,23.1837,5.15187,17.7136,0.84672,12.849,0.84672,3695.15,0,36.966,0.922036,0.343043,2.66352,3.786,1.26323,4.6073,0.42336,36.966,0.42336,423.524,0,1.02816,0,0,1.3712,0.343043,1.028160,1,0,22.3209,0,0,0,22.3209,0
48.2705,2.63811,0,0,1.46551,0.0841444,0.36288,3.6288,54.7965,0.66528,0,0,0.478106,0.310112,0,0.66528,12.849,1,0.679435,0.36288,0,26.2029,5.19871,20.6876,0.84672,12.849,0.84672,3695.15,0,36.966,0.810921,0.601759,2.66372,3.40896,1.50901,4.35451,0.42336,36.966,0.42336,423.524,0,1.02816,0,0,1.62992,0.601759,1.028160,1,0,25.0421,0,0,0,25.0421,0
46.7965,2.62034,0,0,1.65122,0.141993,0.36288,3.6288,54.5234,0.66528,0,0,0.669706,0.277524,0,0.66528,12.849,1,0.697501,0.36288,0,25.2666,4.34228,20.5897,0.84672,12.849,0.84672,3695.15,0,36.966,0.811098,1.09632,2.55658,4.55248,1.32199,6.07228,0.42336,36.966,0.42336,423.524,0,1.02816,0,0,2.12448,1.09632,1.028160,1,0,26.662,0,0,0,26.662,0
45.2371,2.60333,0,0,1.54901,0.142157,0.36288,3.6288,54.2605,0.66528,0,0,0.680365,0.277987,0,0.66528,12.849,1,0.7148,0.36288,0,31.0992,4.35855,26.3887,0.84672,12.849,0.84672,3695.15,0,36.966,0.811275,1.03311,2.55677,4.60622,1.33131,6.05351,0.42336,36.966,0.42336,423.524,0,1.02816,0,0,2.06127,1.03311,1.028160,1,0,32.4422,0,0,0,32.4422,0
43.8892,2.58436,0,0,1.73903,0.139706,0.36288,3.6288,54.165,0.66528,0,0,0.847342,0.277504,0,0.66528,12.849,1,0.734054,0.36288,0,50.0329,4.35855,45.3031,0.84672,12.849,0.84672,3695.15,0,36.966,0.811452,1.43343,2.55696,5.86407,1.33131,7.7117,0.42336,36.966,0.42336,423.524,0,1.02816,0,0,2.46159,1.43343,1.028160,1,0,53.0148,0,0,0,53.0148,0
42.239,2.49479,0,0,1.40319,0.195698,0.36288,3.6288,53.9278,0.66528,0,0,0.674803,0.24678,0,0.66528,12.849,1,0.730375,0.36288,0,69.6077,4.33935,64.9009,0.84672,12.849,0.84672,3695.15,0,36.966,0.710285,0.93242,2.55715,5.56293,1.10409,7.23813,0.42336,36.966,0.42336,423.524,0,1.02816,0,0,1.96058,0.93242,1.028160,1,0,72.139,0,0,0,72.139,0
40.55,2.47313,0,0,1.36181,0.214815,0.36288,3.6288,53.6177,0.66528,0,0,0.589404,0.234191,0,0.66528,12.849,1,0.75232,0.36288,0,32.8135,4.33167,28.0924,0.84672,12.849,0.84672,3695.15,0,36.966,0.710454,0.589006,2.46151,4.32507,1.0132,5.65194,0.42336,36.966,0.42336,423.524,0,1.02816,0,0,1.61717,0.589006,1.028160,1,0,33.7443,0,0,0,33.7443,0
39.6527,2.44955,0,0,2.12572,0.21059,0.36288,3.6288,53.4156,0.66528,0,0,0.696782,0.233645,0,0.66528,12.849,1,0.776184,0.36288,0,43.9727,4.33167,39.2277,0.84672,12.849,0.84672,3695.15,0,36.966,0.710623,0.964475,2.4617,5.7315,1.0132,7.43385,0.42336,36.966,0.42336,423.524,0,1.02816,0,0,1.99263,0.964475,1.028160,1,0,46.6615,0,0,0,46.6615,0
41.7996,2.4365,0,0,5.15459,0.208363,0.36288,3.6288,54.2392,0.66528,0,0,1.7222,0.233269,0,0.66528,12.849,1,0.789519,0.36288,0,100.606,4.33167,95.8476,0.84672,12.849,0.84672,3695.15,0,36.966,0.710792,4.15028,2.46188,9.50261,1.0132,14.3908,0.42336,36.966,0.42336,423.524,0,1.02816,0,0,5.17844,4.15028,1.028160,1,0,110.238,0,0,0,110.238,0
42.4713,2.26446,0,0,3.52609,0.227059,0.36288,3.6288,54.6724,0.66528,0,0,1.32821,0.229726,0,0.66528,12.849,1,0.696086,0.36288,0,71.6934,4.26682,67.0934,0.84672,12.849,0.84672,3695.15,0,36.966,0.499822,2.85844,2.46207,8.07128,1.04698,11.845,0.42336,36.966,0.42336,423.524,0,1.02816,0,0,3.8866,2.85844,1.028160,1,0,78.9384,0,0,0,78.9384,0
43.7369,2.27312,0,0,4.14838,0.246776,0.36288,3.6288,55.5859,0.66528,0,0,1.80254,0.223766,0,0.66528,12.849,1,0.687696,0.36288,0,119.492,4.18037,114.987,0.84672,12.849,0.84672,3695.15,0,36.966,0.499974,3.77421,2.24932,10.183,1.09202,14.6146,0.42336,36.966,0.42336,423.524,0,1.02816,0,0,4.80237,3.77421,1.028160,1,0,129.601,0,0,0,129.601,0
45.5252,2.2887,0,0,4.6903,0.250403,0.36288,3.6288,56.7069,0.66528,0,0,2.01135,0.225115,0,0.66528,12.849,1,0.672374,0.36288,0,149.888,4.18037,145.398,0.84672,12.849,0.84672,3695.15,0,36.966,0.500126,4.39494,2.24949,10.2026,1.09202,15.2549,0.42336,36.966,0.42336,423.524,0,1.02816,0,0,5.4231,4.39494,1.028160,1,0,160.653,0,0,0,160.653,0
47.957,2.30951,0,0,5.35976,0.255527,0.36288,3.6288,58.563,0.66528,0,0,2.74821,0.22677,0,0.66528,12.849,1,0.651833,0.36288,0,123.251,4.18037,118.782,0.84672,12.849,0.84672,3695.15,0,36.966,0.500278,4.177,2.24965,12.2844,1.09202,17.1187,0.42336,36.966,0.42336,423.524,0,1.02816,0,0,5.20516,4.177,1.028160,1,0,135.901,0,0,0,135.901,0
50.9512,2.33578,0,0,5.97806,0.285254,0.36288,3.6288,59.8565,0.66528,0,0,2.17894,0.220143,0,0.66528,12.849,1,0.62582,0.36288,0,176,3.80572,171.932,0.84672,12.849,0.84672,3695.15,0,36.966,0.500431,3.70143,2.24982,10.6956,1.01592,15.1305,0.42336,36.966,0.42336,423.524,0,1.02816,0,0,4.72959,3.70143,1.028160,1,0,187.062,0,0,0,187.062,0
51.5457,2.44702,0,0,3.64987,0.245476,0.36288,3.6288,60.9544,0.66528,0,0,2.02694,0.263739,0,0.66528,12.849,1,0.617095,0.36288,0,76.5089,4.47458,71.7801,0.84672,12.849,0.84672,3695.15,0,36.966,0.561739,3.8336,2.24999,8.68294,1.38622,12.8186,0.42336,36.966,0.42336,423.524,0,1.02816,0,0,4.86176,3.8336,1.028160,1,0,84.5987,0,0,0,84.5987,0
52.6011,2.45291,0,0,4.1182,0.247004,0.36288,3.6288,61.308,0.66528,0,0,1.68952,0.265587,0.405097,0.66528,12.849,1,0.611446,0.36288,0,83.8901,4.47458,79.1669,0.84672,12.849,0.84672,3695.15,0,36.966,0.56188,3.11325,2.31657,8.98154,1.38622,12.4633,0.42336,36.966,0.42336,423.524,0,1.02816,0,0,4.14141,3.11325,1.028160,1,0,92.0353,0,0,0,92.0353,0
53.4771,2.46296,0,0,3.95161,0.249716,0.36288,3.6288,61.308,0.66528,0,0,1.60918,0.266182,0.677721,0.66528,12.849,1,0.601634,0.36288,0,96.7041,4.47458,91.9907,0.84672,12.849,0.84672,3695.15,0,36.966,0.562021,2.91711,2.31672,9.20022,1.38622,12.4858,0.42336,36.966,0.42336,423.524,0,1.02816,0,0,3.94527,2.91711,1.028160,1,0,105.154,0,0,0,105.154,0
54.4504,2.47111,0,0,4.04896,0.241719,0.36288,3.6288,61.308,0.66528,0,0,1.68418,0.258956,0.759942,0.66528,12.849,1,0.593735,0.36288,0,87.0307,4.04748,82.7524,0.84672,12.849,0.84672,3695.15,0,36.966,0.562162,3.1191,2.31687,9.22795,1.29873,12.803,0.42336,36.966,0.42336,423.524,0,1.02816,0,0,4.14726,3.1191,1.028160,1,0,96.3154,0,0,0,96.3154,0
54.5619,2.74564,0,0,3.4973,0.277286,0.36288,3.6288,61.308,0.66528,0,0,1.97281,0.226724,1.08081,0.66528,12.849,1,0.647905,0.36288,0,72.0257,4.03742,67.7033,0.84672,12.849,0.84672,3695.15,0,36.966,0.791975,3.77634,2.31703,7.81148,1.27092,11.8419,0.42336,36.966,0.42336,423.524,0,1.02816,0,0,4.8045,3.77634,1.028160,1,0,80.626,0,0,0,80.626,0
54.6166,2.74692,0,0,3.46715,0.302657,0.36288,3.6288,61.308,0.66528,0,0,1.42176,0.229027,0.527457,0.66528,12.849,1,0.646884,0.36288,0,60.1459,4.6011,55.2608,0.84672,12.849,0.84672,3695.15,0,36.966,0.792133,2.2756,2.55618,6.71777,1.37201,9.38541,0.42336,36.966,0.42336,423.524,0,1.02816,0,0,3.30376,2.2756,1.028160,1,0,65.1737,0,0,0,65.1737,0
54.0706,2.74767,0,0,2.83156,0.266998,0.36288,3.6288,61.308,0.66528,0,0,1.21465,0.240979,0.308396,0.66528,12.849,1,0.646411,0.36288,0,69.0644,4.67835,64.1025,0.84672,12.849,0.84672,3695.15,0,36.966,0.792291,1.80627,2.55635,6.16174,1.45434,8.27773,0.42336,36.966,0.42336,423.524,0,1.02816,0,0,2.83443,1.80627,1.028160,1,0,72.6886,0,0,0,72.6886,0
54.1037,2.74261,0,0,3.41494,0.276296,0.36288,3.6288,61.308,0.66528,0,0,1.56146,0.238823,0.657353,0.66528,12.849,1,0.651736,0.36288,0,87.2095,4.49424,82.4264,0.84672,12.849,0.84672,3695.15,0,36.966,0.792449,2.34941,2.55653,7.64493,1.27338,10.485,0.42336,36.966,0.42336,423.524,0,1.02816,0,0,3.37757,2.34941,1.028160,1,0,93.5688,0,0,0,93.5688,0
55.2916,2.30402,0,0,4.13567,0.280916,0.36288,3.6288,61.308,0.66528,0,0,1.77319,0.199226,0.908681,0.66528,12.849,1,0.547177,0.36288,0,80.2933,3.80009,76.309,0.84672,12.849,0.84672,3695.15,0,36.966,0.440849,1.88375,2.5567,6.88949,0.903435,9.98566,0.42336,36.966,0.42336,423.524,0,1.02816,0,0,2.91191,1.88375,1.028160,1,0,87.2033,0,0,0,87.2033,0
56.8452,2.37444,0,0,4.57547,0.284569,0.36288,3.6288,61.308,0.66528,0,0,1.426,0.170395,0.590322,0.66528,12.849,1,0.551787,0.36288,0,99.0412,3.30634,95.5459,0.84672,12.849,0.84672,3695.15,0,36.966,0.484431,1.10209,2.18327,5.02713,0.652709,7.17535,0.42336,36.966,0.42336,423.524,0,1.02816,0,0,2.13025,1.10209,1.028160,1,0,103.312,0,0,0,103.312,0
59.3117,2.38693,0,0,5.50534,0.288996,0.36288,3.6288,61.308,0.66528,0,0,1.28301,0.170395,0.44733,0.66528,12.849,1,0.539529,0.36288,0,102.616,3.30634,99.1334,0.84672,12.849,0.84672,3695.15,0,36.966,0.484567,1.21084,2.231,5.58656,0.652709,7.89112,0.42336,36.966,0.42336,423.524,0,1.02816,0,0,2.239,1.21084,1.028160,1,0,107.472,0,0,0,107.472,0
61.0115,2.34407,0,0,4.69301,0.286308,0.36288,3.6288,61.308,0.66528,0,0,1.42916,0.228701,0.535179,0.66528,12.849,1,0.507808,0.36288,0,86.4907,4.60215,81.7436,0.84672,12.849,0.84672,3695.15,0,36.966,0.441246,1.21714,2.23115,5.5842,1.00592,7.58533,0.42336,36.966,0.42336,423.524,0,1.02816,0,0,2.2453,1.21714,1.028160,1,0,89.8642,0,0,0,89.8642,0
62.3061,2.41775,0,0,4.36506,0.289788,0.36288,3.6288,61.308,0.66528,0,0,1.27884,0.217286,0.396276,0.66528,12.849,1,0.509177,0.36288,0,75.0219,4.44937,70.4262,0.84672,12.849,0.84672,3695.15,0,36.966,0.484838,0.9903,2.1837,4.84901,0.954604,6.58357,0.42336,36.966,0.42336,423.524,0,1.02816,0,0,2.01846,0.9903,1.028160,1,0,77.4061,0,0,0,77.4061,0
64.2753,2.52454,0,0,5.14367,0.287053,0.36288,3.6288,61.308,0.66528,0,0,1.25213,0.148795,0.43806,0.66528,12.849,1,0.52062,0.36288,0,86.3918,3.53273,82.7013,0.84672,12.849,0.84672,3695.15,0,36.966,0.560426,1.33635,2.23144,4.86022,0.646704,7.22089,0.42336,36.966,0.42336,423.524,0,1.02816,0,0,2.36451,1.33635,1.028160,1,0,90.3603,0,0,0,90.3603,0
64.5685,2.4734,0,0,3.42119,0.291694,0.36288,3.6288,61.308,0.66528,0,0,0.918942,0.148795,0.104867,0.66528,12.849,1,0.494446,0.36288,0,46.1578,3.53273,42.4935,0.84672,12.849,0.84672,3695.15,0,36.966,0.515353,0.603158,2.312,3.74535,0.646704,5.49845,0.42336,36.966,0.42336,423.524,0,1.02816,0,0,1.63132,0.603158,1.028160,1,0,48.0968,0,0,0,48.0968,0
65.8942,2.54016,0,0,4.52116,0.292385,0.36288,3.6288,61.308,0.66528,0,0,1.78193,0.148795,0.967856,0.66528,12.849,1,0.505486,0.36288,0,93.9306,3.53273,90.2553,0.84672,12.849,0.84672,3695.15,0,36.966,0.560708,2.23205,2.26269,6.75534,0.646704,10.0427,0.42336,36.966,0.42336,423.524,0,1.02816,0,0,3.26021,2.23205,1.028160,1,0,101.266,0,0,0,101.266,0
66.089,2.48396,0,0,3.28894,0.247317,0.36288,3.6288,61.308,0.66528,0,0,1.09799,0.175486,0.257223,0.66528,12.849,1,0.484357,0.36288,0,57.915,4.02448,53.7691,0.84672,12.849,0.84672,3695.15,0,36.966,0.515628,0.680962,2.31231,4.15276,0.737779,5.89263,0.42336,36.966,0.42336,423.524,0,1.02816,0,0,1.70912,0.680962,1.028160,1,0,59.9189,0,0,0,59.9189,0
66.0056,2.44761,0,0,2.9501,0.223049,0.36288,3.6288,61.289,0.66528,0,0,0.848785,0.202469,0,0.66528,12.849,1,0.475863,0.36288,0,49.841,4.10702,45.621,0.84672,12.849,0.84672,3695.15,0,36.966,0.487132,0.702717,2.26299,3.10961,0.857948,4.73023,0.42336,36.966,0.42336,423.524,0,1.02816,0,0,1.73088,0.702717,1.028160,1,0,50.3512,0,0,0,50.3512,0
65.1915,2.51134,0,0,2.28493,0.224825,0.36288,3.6288,61.0028,0.760787,0,0,0.678145,0.203605,0,0.66528,12.849,1,0.488872,0.36288,0,38.6522,4.0593,34.4669,0.84672,12.849,0.84672,3695.15,0,36.966,0.531816,0.528595,2.23257,2.53121,0.866592,3.89396,0.42336,36.966,0.42336,423.524,0,0.932653,0,0,1.46125,0.528595,1.028160,1,0,38.3608,0,0,0,38.3608,0
64.1613,2.50644,0,0,2.06248,0.223366,0.36288,3.6288,60.7798,0.700013,0,0,0.680294,0.203236,0,0.66528,12.849,1,0.494011,0.36288,0,35.4704,4.0593,31.28,0.84672,12.849,0.84672,3695.15,0,36.966,0.531955,0.528595,2.28147,3.22202,0.866592,4.63354,0.42336,36.966,0.42336,423.524,0,0.993427,0,0,1.52202,0.528595,1.028160,1,0,35.9135,0,0,0,35.9135,0
64.2645,2.50003,0,0,3.1877,0.221521,0.36288,3.6288,60.7425,0.66528,0,0,0.830917,0.202949,0,0.66528,12.849,1,0.500659,0.36288,0,44.5994,4.0593,40.4023,0.84672,12.849,0.84672,3695.15,0,36.966,0.532094,0.732784,2.28163,2.90648,0.866592,4.5222,0.42336,36.966,0.42336,423.524,0,1.02816,0,0,1.76094,0.732784,1.028160,1,0,44.9245,0,0,0,44.9245,0
63.1695,2.63149,0,0,2.08976,0.190402,0.36288,3.6288,60.4672,0.705076,0,0,0.640194,0.210439,0,0.66528,12.849,1,0.526139,0.36288,0,35.9536,4.1155,31.6749,0.84672,12.849,0.84672,3695.15,0,36.966,0.636216,0.402797,2.28178,2.39119,0.861593,3.57795,0.42336,36.966,0.42336,423.524,0,0.988364,0,0,1.39116,0.402797,1.028160,1,0,35.2528,0,0,0,35.2528,0
61.7551,2.62412,0,0,1.73642,0.16388,0.36288,3.6288,59.9372,0.859352,0,0,0.545291,0.215962,0,0.66528,12.849,1,0.53376,0.36288,0,26.4457,4.06403,22.2108,0.84672,12.849,0.84672,3695.15,0,36.966,0.636362,0.402797,2.39163,2.07033,0.87833,3.35006,0.42336,36.966,0.42336,423.524,0,0.834088,0,0,1.23689,0.402797,1.028160,1,0,25.5608,0,0,0,25.5608,0
60.081,2.86453,0,0,1.71538,0.16199,0.36288,3.6288,59.5578,0.752188,0,0,0.588022,0.215234,0,0.66528,12.849,1,0.596005,0.36288,0,25.6574,4.06403,21.3603,0.84672,12.849,0.84672,3695.15,0,36.966,0.463909,0.402797,2.39179,2.24325,0.87833,3.6956,0.42336,36.966,0.42336,423.524,0,0.811451,0,0,1.21425,0.402797,1.028160,1,0,25.0559,0,0,0,25.0559,0
58.5637,2.60193,0,0,1.60716,0.15971,0.36288,3.6288,59.0753,0.819495,0,0,0.551766,0.214713,0,0.66528,12.849,1,0.556452,0.36288,0,23.9392,4.06403,19.6816,0.84672,12.849,0.84672,3695.15,0,36.966,0.636656,0.30119,2.21499,2.00581,0.87833,3.007,0.42336,36.966,0.42336,423.524,0,0.873945,0,0,1.17514,0.30119,1.028160,1,0,22.6886,0,0,0,22.6886,0
56.6953,2.8383,0,0,1.47666,0.143809,0.36288,3.6288,58.6439,0.747526,0,0,0.544261,0.228173,0,0.66528,12.849,1,0.62273,0.36288,0,22.3058,4.41782,17.6281,0.84672,12.849,0.84672,3695.15,0,36.966,0.467759,0.30119,2.39211,1.98905,0.937743,3.27685,0.42336,36.966,0.42336,423.524,0,0.812557,0,0,1.11375,0.30119,1.028160,1,0,20.905,0,0,0,20.905,0
54.6402,2.79651,0,0,1.22649,0.122217,0.36288,3.6288,58.319,0.720173,0,0,0.649365,0.2541,0,0.66528,12.849,1,0.633779,0.36288,0,20.8896,5.17734,15.4414,0.84672,12.849,0.84672,3695.15,0,36.966,0.453959,0.30119,2.21531,2.20007,1.10069,3.16192,0.42336,36.966,0.42336,423.524,0,0.911028,0,0,1.21222,0.30119,1.028160,1,0,18.6033,0,0,0,18.6033,0
52.5016,2.77741,0,0,1.12136,0.119736,0.36288,3.6288,57.9941,0.705095,0,0,0.633779,0.25357,0,0.66528,12.849,1,0.653125,0.36288,0,20.5947,5.17734,15.1271,0.84672,12.849,0.84672,3695.15,0,36.966,0.446931,0.30119,2.25383,2.17304,1.10069,3.18044,0.42336,36.966,0.42336,423.524,0,0.933284,0,0,1.23447,0.30119,1.028160,1,0,18.3075,0,0,0,18.3075,0
50.2901,2.75623,0,0,1.02484,0.117155,0.36288,3.6288,57.5449,0.788887,0,0,0.592674,0.253039,0,0.66528,12.849,1,0.674548,0.36288,0,19.371,5.17734,13.882,0.84672,12.849,0.84672,3695.15,0,36.966,0.502844,0.261274,2.25399,2.06783,1.10069,2.97956,0.42336,36.966,0.42336,423.524,0,0.793731,0,0,1.055,0.261274,1.028160,1,0,16.8615,0,0,0,16.8615,0
48.038,2.7328,0,0,0.942373,0.0988298,0.36288,3.6288,57.0252,0.786172,0,0,0.561636,0.295137,0,0.66528,12.849,1,0.698224,0.36288,0,17.3437,5.74194,11.2664,0.84672,12.849,0.84672,3695.15,0,36.966,0.505026,0.261274,2.25416,1.96887,1.30678,2.67249,0.42336,36.966,0.42336,423.524,0,0.794413,0,0,1.05569,0.261274,1.028160,1,0,13.9389,0,0,0,13.9389,0
45.735,2.77035,0,0,0.916557,0.0863567,0.36288,3.6288,56.2081,1.00352,0,0,0.492824,0.306351,0,0.66528,12.849,1,0.741002,0.36288,0,15.7899,6.03062,9.38121,0.84672,12.849,0.84672,3695.15,0,36.966,0.650524,0.261274,2.25432,1.69582,1.45116,2.10973,0.42336,36.966,0.42336,423.524,0,0.482682,0,0,0.743956,0.261274,1.028160,1,0,11.4909,0,0,0,11.4909,0
43.3447,2.74142,0,0,0.798785,0.0847138,0.36288,3.6288,55.2841,1.09285,0,0,0.465693,0.296843,0,0.66528,12.849,1,0.770188,0.36288,0,15.1773,5.97671,8.79327,0.84672,12.849,0.84672,3695.15,0,36.966,0.718728,0.261274,2.30887,1.56413,1.44708,1.96846,0.42336,36.966,0.42336,423.524,0,0.325304,0,0,0.586577,0.261274,1.028160,1,0,10.7617,0,0,0,10.7617,0
40.931,2.70886,0,0,0.736672,0.0787156,0.36288,3.6288,54.343,1.10128,0,0,0.45769,0.297543,0,0.66528,12.849,1,0.803006,0.36288,0,14.3185,6.05148,7.82686,0.84672,12.849,0.84672,3695.15,0,36.966,0.736377,0.261274,2.30903,1.5499,1.46202,1.92181,0.42336,36.966,0.42336,423.524,0,0.29938,0,0,0.560654,0.261274,1.028160,1,0,9.74867,0,0,0,9.74867,0
38.4264,2.67301,0,0,0.601099,0.0697607,0.36288,3.6288,53.4304,1.0735,0,0,0.455725,0.294814,0,0.66528,12.849,1,0.839108,0.36288,0,13.5387,6.21371,6.84877,0.84672,12.849,0.84672,3695.15,0,36.966,0.730231,0.227405,2.3092,1.4907,1.4031,1.89398,0.42336,36.966,0.42336,423.524,0,0.333465,0,0,0.56087,0.227405,1.028160,1,0,8.74275,0,0,0,8.74275,0
35.7529,2.80801,0,0,0.572866,0.0755023,0.36288,3.6288,52.4214,1.16678,0,0,0.436022,0.278243,0,0.66528,12.849,1,0.93894,0.36288,0,13.3802,5.94061,6.86349,0.84672,12.849,0.84672,3695.15,0,36.966,0.80724,0.227405,2.30937,1.53443,1.33166,1.9323,0.42336,36.966,0.42336,423.524,0,0.347345,0,0,0.57475,0.227405,1.028160,1,0,8.79579,0,0,0,8.79579,0
33.3051,2.75656,0,0,0.749485,0.0778253,0.36288,3.6288,51.5571,1.09327,0,0,0.484209,0.25522,0,0.66528,12.849,1,0.990661,0.36288,0,14.6058,5.54432,8.43374,0.84672,12.849,0.84672,3695.15,0,36.966,0.770944,0.227405,2.49566,2.34626,1.30161,2.99677,0.42336,36.966,0.42336,423.524,0,0.457315,0,0,0.68472,0.227405,1.028160,1,0,11.4305,0,0,0,11.4305,0
30.8204,2.70421,0,0,0.657929,0.0755353,0.36288,3.6288,50.6904,1.09867,0,0,0.485393,0.253447,0,0.66528,12.849,1,1.04328,0.36288,0,13.7822,5.54432,7.55747,0.84672,12.849,0.84672,3695.15,0,36.966,0.787737,0.227405,2.49584,1.72477,1.30161,2.35867,0.42336,36.966,0.42336,423.524,0,0.435292,0,0,0.662697,0.227405,1.028160,1,0,9.91614,0,0,0,9.91614,0
28.2535,2.64504,0,0,0.524066,0.083067,0.36288,3.6288,49.7482,1.11162,0,0,0.421362,0.251896,0,0.66528,12.849,1,1.10272,0.36288,0,13.1372,5.61091,6.78646,0.84672,12.849,0.84672,3695.15,0,36.966,0.810652,0.204422,2.49602,1.53262,1.28857,2.13384,0.42336,36.966,0.42336,423.524,0,0.399591,0,0,0.604014,0.204422,1.028160,1,0,8.92029,0,0,0,8.92029,0
25.8293,2.57636,0,0,0.596924,0.0818299,0.36288,3.6288,48.8702,1.08681,0,0,0.458805,0.249999,0,0.66528,12.849,1,1.17167,0.36288,0,11.3845,5.62201,4.95369,0.84672,12.849,0.84672,3695.15,0,36.966,0.80757,0.204422,2.49621,1.56226,1.2864,2.16892,0.42336,36.966,0.42336,423.524,0,0.427651,0,0,0.632073,0.204422,1.028160,1,0,7.12261,0,0,0,7.12261,0
23.6613,2.42674,0,0,0.714169,0.0925724,0.36288,3.6288,48.2946,0.766643,0,0,0.433857,0.242858,0,0.66528,12.2281,1,1.2072,0.36288,0,8.48189,5.05302,3.20544,0.84672,12.2281,0.84672,3695.15,0,36.966,0.579898,0.204422,2.49639,1.37601,1.33101,2.1659,0.42336,36.966,0.42336,423.524,0,0.863931,0,0,1.06835,0.204422,1.028160,1,0,5.37134,0,0,0,5.37134,0
21.5484,2.39597,0,0,0.73567,0.0897247,0.36288,3.6288,47.7031,0.793391,0,0,0.443596,0.241701,0,0.66528,12.849,1,1.23823,0.36288,0,10.8027,5.05302,4.25342,0.84672,12.849,0.84672,3695.15,0,36.966,0.607284,0.204422,2.38881,1.33372,1.33101,1.98866,0.42336,36.966,0.42336,423.524,0,0.809957,0,0,1.01438,0.204422,1.028160,1,0,6.24208,0,0,0,6.24208,0
19.5922,2.27682,0,0,0.770679,0.0871715,0.36288,3.6288,47.0074,0.831609,0,0,0.376447,0.240513,0,0.66528,12.849,1,1.35764,0.36288,0,9.92088,5.05302,3.8731,0.84672,12.849,0.84672,3695.15,0,36.966,0.644429,0.216518,2.38898,1.24246,1.33101,1.87252,0.42336,36.966,0.42336,423.524,0,0.734754,0,0,0.951273,0.216518,1.028160,1,0,5.74562,0,0,0,5.74562,0
17.5687,2.19512,0,0,0.663136,0.128609,0.36288,3.6288,46.383,0.815622,0,0,0.386535,0.195283,0,0.66528,12.849,1,1.43961,0.36288,0,12.4899,4.74981,6.66336,0.84672,12.849,0.84672,3695.15,0,36.966,0.641394,0.216518,2.38916,1.43469,1.17884,2.22013,0.42336,36.966,0.42336,423.524,0,0.753935,0,0,0.970453,0.216518,1.028160,1,0,8.88349,0,0,0,8.88349,0
16.0658,2.04527,0,0,1.07148,0.166297,0.36288,3.6288,45.9941,0.611627,0,0,0.416642,0.193913,0,0.66528,12.849,1,1.49582,0.36288,0,16.9206,4.62777,11.1599,0.84672,12.849,0.84672,3695.15,0,36.966,0.48745,0.216518,2.38933,1.4778,1.14172,2.45448,0.42336,36.966,0.42336,423.524,0,1.0103,0,0,1.22682,0.216518,1.028160,1,0,13.6143,0,0,0,13.6143,0
14.5692,1.96766,0,0,0.994257,0.160296,0.36288,3.6288,45.4743,0.653137,0,0,0.358215,0.224912,0,0.66528,12.849,1,1.57368,0.36288,0,12.7367,4.22268,7.30317,0.84672,12.849,0.84672,3695.15,0,36.966,0.524933,0.216518,2.29331,1.49607,1.17033,2.31063,0.42336,36.966,0.42336,423.524,0,0.931461,0,0,1.14798,0.216518,1.028160,1,0,9.6138,0,0,0,9.6138,0
13.7196,1.8819,0,0,1.55058,0.155352,0.36288,3.6288,45.1851,0.596571,0,0,0.531139,0.223829,0,0.66528,12.849,1,1.6597,0.36288,0,21.707,4.22268,16.1875,0.84672,12.849,0.84672,3695.15,0,36.966,0.484952,0.597845,2.29347,3.15826,1.17033,4.39429,0.42336,36.966,0.42336,423.524,0,1.02816,0,0,1.626,0.597845,1.028160,1,0,20.5818,0,0,0,20.5818,0
14.1344,1.82896,0,0,2.78395,0.177353,0.36288,3.6288,45.2589,0.594948,0,0,0.8791,0.210346,0,0.66528,12.849,1,1.71289,0.36288,0,29.5253,3.79374,24.3815,0.84672,12.849,0.84672,3695.15,0,36.966,0.486728,0.88471,2.29364,4.52027,1.10803,6.10385,0.42336,36.966,0.42336,423.524,0,1.02816,0,0,1.91287,0.88471,1.028160,1,0,30.4854,0,0,0,30.4854,0
15.4659,1.71569,0,0,3.5897,0.179673,0.36288,3.6288,45.6727,0.47881,0,0,1.10875,0.216046,0,0.66528,12.849,1,1.55966,0.36288,0,34.0978,3.94647,28.9546,0.84672,12.849,0.84672,3695.15,0,36.966,0.391077,1.75069,2.2938,4.03929,1.12628,6.56642,0.42336,36.966,0.42336,423.524,0,1.02816,0,0,2.77885,1.75069,1.028160,1,0,35.521,0,0,0,35.521,0
16.9555,1.78916,0,0,3.8176,0.175949,0.36288,3.6288,45.8429,0.480844,0,0,0.887256,0.236215,0,0.66528,12.849,1,1.48643,0.36288,0,36.581,4.50702,30.9504,0.84672,12.849,0.84672,3695.15,0,36.966,0.389179,1.2996,2.08023,3.49912,1.19788,5.2919,0.42336,36.966,0.42336,423.524,0,1.02816,0,0,2.32776,1.2996,1.028160,1,0,36.2423,0,0,0,36.2423,0
18.5521,1.86358,0,0,4.00376,0.180635,0.36288,3.6288,46.3222,0.48172,0,0,1.19753,0.236588,0,0.66528,12.849,1,1.41224,0.36288,0,44.0973,4.50702,38.5409,0.84672,12.849,0.84672,3695.15,0,36.966,0.388441,2.32497,2.08038,5.06885,1.19788,7.88789,0.42336,36.966,0.42336,423.524,0,1.02816,0,0,3.35313,2.32497,1.028160,1,0,46.4288,0,0,0,46.4288,0
18.5709,1.93553,0,0,2.49901,0.181856,0.36288,3.6288,46.1727,0.484032,0,0,0.556844,0.222268,0,0.66528,12.849,1,1.34053,0.36288,0,26.4174,4.19457,21.2452,0.84672,12.849,0.84672,3695.15,0,36.966,0.386267,0.799036,2.08053,2.66401,1.10802,4.04929,0.42336,36.966,0.42336,423.524,0,1.02816,0,0,1.8272,0.799036,1.028160,1,0,25.2945,0,0,0,25.2945,0
18.3939,1.93647,0,0,2.29691,0.174499,0.36288,3.6288,46.0045,0.500707,0,0,0.516093,0.183582,0,0.66528,12.849,1,1.33982,0.36288,0,26.8588,3.41344,22.4684,0.84672,12.849,0.84672,3695.15,0,36.966,0.400867,0.412474,2.08068,2.47789,0.883384,3.6868,0.42336,36.966,0.42336,423.524,0,0.997021,0,0,1.40949,0.412474,1.028160,1,0,26.1552,0,0,0,26.1552,0
18.6774,1.98945,0,0,2.79907,0.163333,0.36288,3.6288,47.2774,0.516741,0,0,2.01932,0.229661,0,0.66528,12.849,1,1.38972,0.36288,0,55.5934,4.20401,50.3625,0.84672,12.849,0.84672,3695.15,0,36.966,0.415217,1.74503,2.08083,6.59074,1.28148,8.7199,0.42336,36.966,0.42336,423.524,0,1.02816,0,0,2.77319,1.74503,1.028160,1,0,59.0824,0,0,0,59.0824,0
19.4775,2.00207,0,0,3.32726,0.162195,0.36288,3.6288,48.3444,0.523086,0,0,1.83015,0.240088,0,0.66528,12.849,1,1.37731,0.36288,0,67.9476,4.33577,62.5974,0.84672,12.849,0.84672,3695.15,0,36.966,0.408998,1.48573,2.14764,7.55879,1.34783,9.43533,0.42336,36.966,0.42336,423.524,0,1.02816,0,0,2.51389,1.48573,1.028160,1,0,72.0327,0,0,0,72.0327,0
20.1069,2.03629,0,0,3.19267,0.164031,0.36288,3.6288,49.317,0.528273,0,0,1.74312,0.242236,0,0.66528,12.849,1,1.34331,0.36288,0,78.3259,4.33577,73.0097,0.84672,12.849,0.84672,3695.15,0,36.966,0.403938,1.36666,2.14778,7.74291,1.34783,9.50558,0.42336,36.966,0.42336,423.524,0,1.02816,0,0,2.39482,1.36666,1.028160,1,0,82.5153,0,0,0,82.5153,0
20.7947,2.06208,0,0,3.27134,0.158664,0.36288,3.6288,50.3709,0.532898,0,0,1.82438,0.237556,0,0.66528,12.849,1,1.31774,0.36288,0,70.4912,3.90867,65.6276,0.84672,12.849,0.84672,3695.15,0,36.966,0.399438,1.48927,2.14792,7.76606,1.26033,9.74348,0.42336,36.966,0.42336,423.524,0,1.02816,0,0,2.51743,1.48927,1.028160,1,0,75.3711,0,0,0,75.3711,0
21.0594,2.29292,0,0,3.09258,0.172059,0.36288,3.6288,51.8252,0.66528,0,0,2.32513,0.205585,0,0.66528,12.849,1,1.41679,0.36288,0,56.595,3.73914,51.802,0.84672,12.849,0.84672,3695.15,0,36.966,0.497709,2.08818,2.14806,7.01399,1.12441,9.62811,0.42336,36.966,0.42336,423.524,0,1.02816,0,0,3.11634,2.08818,1.028160,1,0,61.4301,0,0,0,61.4301,0
20.5921,2.30413,0,0,2.38251,0.182725,0.36288,3.6288,52.749,0.66528,0,0,1.81138,0.222281,0,0.66528,12.849,1,1.40582,0.36288,0,40.4748,4.65675,34.7751,0.84672,12.849,0.84672,3695.15,0,36.966,0.49785,0.890827,2.38808,4.88742,1.19057,6.47791,0.42336,36.966,0.42336,423.524,0,1.02816,0,0,1.91899,0.890827,1.028160,1,0,41.253,0,0,0,41.253,0
21.9371,2.28463,0,0,4.17403,0.181556,0.36288,3.6288,54.5876,0.66528,0,0,2.72778,0.22394,0,0.66528,12.849,1,1.42556,0.36288,0,96.859,4.65675,91.1396,0.84672,12.849,0.84672,3695.15,0,36.966,0.497991,1.52513,2.38824,14.2889,1.19057,16.5138,0.42336,36.966,0.42336,423.524,0,1.02816,0,0,2.55329,1.52513,1.028160,1,0,107.653,0,0,0,107.653,0
23.0343,2.3399,0,0,3.98466,0.184684,0.36288,3.6288,56.3536,0.66528,0,0,2.61327,0.181994,0,0.66528,12.849,1,1.37053,0.36288,0,111.987,4.26174,106.718,0.84672,12.849,0.84672,3695.15,0,36.966,0.498131,1.66751,2.38839,8.15521,0.999951,10.713,0.42336,36.966,0.42336,423.524,0,1.02816,0,0,2.69567,1.66751,1.028160,1,0,117.431,0,0,0,117.431,0
23.7631,2.08003,0,0,3.36531,0.193615,0.36288,3.6288,57.6126,0.515773,0,0,1.94334,0.168591,0,0.66528,12.849,1,1.16028,0.36288,0,84.4266,4.14298,79.4862,0.84672,12.849,0.84672,3695.15,0,36.966,0.338329,1.43383,2.38854,8.63724,0.933423,11.1879,0.42336,36.966,0.42336,423.524,0,1.02816,0,0,2.46199,1.43383,1.028160,1,0,90.6741,0,0,0,90.6741,0
26.1005,2.10326,0,0,5.00761,0.204022,0.36288,3.6288,59.7861,0.52035,0,0,2.85321,0.159311,0,0.66528,12.849,1,1.13726,0.36288,0,104.777,4.07242,99.9305,0.84672,12.849,0.84672,3695.15,0,36.966,0.333873,3.59611,2.06147,13.7506,0.887079,18.1873,0.42336,36.966,0.42336,423.524,0,1.02816,0,0,4.62427,3.59611,1.028160,1,0,118.118,0,0,0,118.118,0
27.7748,2.17165,0,0,4.41981,0.210993,0.36288,3.6288,61.0264,0.527925,0,0,1.92971,0.161553,0,0.66528,12.849,1,1.06908,0.36288,0,81.2497,4.07242,76.4711,0.84672,12.849,0.84672,3695.15,0,36.966,0.326418,2.04028,2.0616,10.4646,0.887079,13.353,0.42336,36.966,0.42336,423.524,0,1.02816,0,0,3.06844,2.04028,1.028160,1,0,89.824,0,0,0,89.824,0
28.411,2.21585,0,0,3.43089,0.215987,0.36288,3.6288,61.308,0.532132,0,0,1.50215,0.162832,0.525541,0.66528,12.849,1,1.02508,0.36288,0,85.6155,4.07242,80.8809,0.84672,12.849,0.84672,3695.15,0,36.966,0.322333,1.34794,2.06174,8.4672,0.887079,10.6675,0.42336,36.966,0.42336,423.524,0,1.02816,0,0,2.3761,1.34794,1.028160,1,0,92.0739,0,0,0,92.0739,0
28.3925,2.2318,0,0,2.77256,0.196328,0.36288,3.6288,61.308,0.533131,0,0,1.00574,0.145073,0.327535,0.66528,12.849,1,1.00934,0.36288,0,69.8769,3.81084,65.4196,0.84672,12.849,0.84672,3695.15,0,36.966,0.321454,0.841545,2.06187,7.47766,0.849502,9.21012,0.42336,36.966,0.42336,423.524,0,1.02816,0,0,1.8697,0.841545,1.028160,1,0,74.9572,0,0,0,74.9572,0
28.608,2.31303,0,0,3.07584,0.184434,0.36288,3.6288,61.308,0.580449,0,0,1.41966,0.168301,0.670906,0.66528,12.849,1,1.04676,0.36288,0,86.5305,4.00617,81.8404,0.84672,12.849,0.84672,3695.15,0,36.966,0.349985,1.71124,2.062,7.61314,0.809807,10.2266,0.42336,36.966,0.42336,423.524,0,1.02816,0,0,2.7394,1.71124,1.028160,1,0,92.7379,0,0,0,92.7379,0
30.3043,2.31862,0,0,4.56272,0.184978,0.36288,3.6288,61.308,0.580527,0,0,2.07719,0.168301,1.32837,0.66528,12.849,1,1.04138,0.36288,0,132.43,4.00617,127.745,0.84672,12.849,0.84672,3695.15,0,36.966,0.350032,3.46095,2.14283,11.9343,0.809807,16.3783,0.42336,36.966,0.42336,423.524,0,1.02816,0,0,4.48911,3.46095,1.028160,1,0,145.452,0,0,0,145.452,0
30.8764,2.3597,0,0,3.48398,0.189261,0.36288,3.6288,61.308,0.580605,0,0,1.74824,0.168301,0.999337,0.66528,12.849,1,1.00051,0.36288,0,98.7016,4.00617,94.0578,0.84672,12.849,0.84672,3695.15,0,36.966,0.350079,2.23173,2.14297,9.6063,0.809807,12.8211,0.42336,36.966,0.42336,423.524,0,1.02816,0,0,3.25989,2.23173,1.028160,1,0,107.878,0,0,0,107.878,0
30.7808,2.37295,0,0,2.83096,0.190706,0.36288,3.6288,61.308,0.580684,0,0,1.37618,0.168301,0.627194,0.66528,12.849,1,0.987486,0.36288,0,78.8331,4.00617,74.2023,0.84672,12.849,0.84672,3695.15,0,36.966,0.350127,1.64167,2.14311,7.33199,0.809807,9.95683,0.42336,36.966,0.42336,423.524,0,1.02816,0,0,2.66983,1.64167,1.028160,1,0,84.7863,0,0,0,84.7863,0
30.0791,2.33826,0,0,2.15808,0.158656,0.36288,3.6288,61.308,0.562409,0,0,1.2248,0.182874,0.479515,0.66528,12.849,1,0.976072,0.36288,0,58.603,3.67407,54.3158,0.84672,12.849,0.84672,3695.15,0,36.966,0.339108,0.787596,2.14325,5.28082,0.88711,6.98544,0.42336,36.966,0.42336,423.524,0,1.02816,0,0,1.81576,0.787596,1.028160,1,0,61.7807,0,0,0,61.7807,0
29.1018,2.32245,0,0,1.81888,0.110851,0.36288,3.6288,61.308,0.638772,0,0,1.09355,0.221052,0.233724,0.66528,12.849,1,0.99209,0.36288,0,48.5428,3.93078,43.9828,0.84672,12.849,0.84672,3695.15,0,36.966,0.385151,0.528595,2.11197,4.41605,0.92384,5.74763,0.42336,36.966,0.42336,423.524,0,0.905878,0,0,1.43447,0.528595,1.028160,1,0,49.9642,0,0,0,49.9642,0
28.0995,2.29949,0,0,1.76942,0.109401,0.36288,3.6288,61.308,0.562564,0,0,1.20621,0.221052,0.422597,0.66528,12.849,1,1.01527,0.36288,0,46.9147,3.93078,42.3315,0.84672,12.849,0.84672,3695.15,0,36.966,0.339201,0.563786,2.11211,5.12018,0.92384,6.53303,0.42336,36.966,0.42336,423.524,0,1.02816,0,0,1.59195,0.563786,1.028160,1,0,49.2871,0,0,0,49.2871,0
27.0659,2.27478,0,0,1.71196,0.107914,0.36288,3.6288,61.308,0.582503,0,0,1.21099,0.221052,0.407436,0.66528,12.849,1,1.04019,0.36288,0,44.4781,3.93078,39.87,0.84672,12.849,0.84672,3695.15,0,36.966,0.351224,0.402797,2.11224,4.49295,0.92384,5.73293,0.42336,36.966,0.42336,423.524,0,0.996322,0,0,1.39912,0.402797,1.028160,1,0,46.0104,0,0,0,46.0104,0
25.8505,2.35463,0,0,1.60459,0.102471,0.36288,3.6288,61.308,0.691428,0,0,1.00469,0.21349,0.0997755,0.66528,12.849,1,1.11782,0.36288,0,41.8697,3.771,37.3438,0.84672,12.849,0.84672,3695.15,0,36.966,0.4169,0.402797,2.11238,4.12169,0.969202,5.25077,0.42336,36.966,0.42336,423.524,0,0.926199,0,0,1.329,0.402797,1.028160,1,0,42.6943,0,0,0,42.6943,0
24.5554,2.31967,0,0,1.48014,0.092627,0.36288,3.6288,61.2626,0.775357,0,0,0.961183,0.231245,0,0.66528,12.849,1,1.153,0.36288,0,36.4862,4.45326,31.2428,0.84672,12.849,0.84672,3695.15,0,36.966,0.467506,0.402797,2.22261,3.57478,1.0344,4.69829,0.42336,36.966,0.42336,423.524,0,0.791796,0,0,1.19459,0.402797,1.028160,1,0,35.9411,0,0,0,35.9411,0
23.139,2.2799,0,0,1.31725,0.0909255,0.36288,3.6288,61.0722,0.841129,0,0,0.881885,0.231178,0,0.66528,12.849,1,1.19299,0.36288,0,32.9028,4.45326,27.6194,0.84672,12.849,0.84672,3695.15,0,36.966,0.50754,0.402797,2.22275,3.44491,1.0344,4.52852,0.42336,36.966,0.42336,423.524,0,0.68612,0,0,1.08892,0.402797,1.028160,1,0,32.1479,0,0,0,32.1479,0
21.7277,2.23309,0,0,1.24413,0.0594228,0.36288,3.6288,60.8527,0.802506,0,0,0.846936,0.263902,0,0.66528,12.849,1,1.24003,0.36288,0,29.3266,4.82811,23.6213,0.84672,12.849,0.84672,3695.15,0,36.966,0.485744,0.30119,2.2229,3.28093,1.13017,4.1891,0.42336,36.966,0.42336,423.524,0,0.746669,0,0,1.04786,0.30119,1.028160,1,0,27.8104,0,0,0,27.8104,0
20.294,2.18261,0,0,1.17006,0.0583067,0.36288,3.6288,60.5474,0.848894,0,0,0.807149,0.263536,0,0.66528,12.849,1,1.29072,0.36288,0,28.9027,4.82811,23.1467,0.84672,12.849,0.84672,3695.15,0,36.966,0.515675,0.30119,2.22304,3.37872,1.13017,4.2571,0.42336,36.966,0.42336,423.524,0,0.670481,0,0,0.971672,0.30119,1.028160,1,0,27.4039,0,0,0,27.4039,0
19.1862,2.10787,0,0,1.42081,0.0578696,0.36288,3.6288,60.306,0.660897,0,0,0.710873,0.291367,0,0.66528,12.849,1,1.33458,0.36288,0,29.7466,5.00976,23.7651,0.84672,12.849,0.84672,3695.15,0,36.966,0.403497,0.50957,2.22318,2.98065,1.26887,4.04103,0.42336,36.966,0.42336,423.524,0,1.02816,0,0,1.53773,0.50957,1.028160,1,0,27.8061,0,0,0,27.8061,0
18.0486,2.06185,0,0,1.34419,0.0569828,0.36288,3.6288,60.0297,0.659979,0,0,0.674628,0.29092,0,0.66528,12.849,1,1.38082,0.36288,0,29.8426,5.00976,23.8149,0.84672,12.849,0.84672,3695.15,0,36.966,0.40455,0.392567,2.26182,3.17257,1.26887,4.15354,0.42336,36.966,0.42336,423.524,0,1.02816,0,0,1.42073,0.392567,1.028160,1,0,27.9685,0,0,0,27.9685,0
16.8428,2.01114,0,0,1.22424,0.0560723,0.36288,3.6288,59.7448,0.65891,0,0,0.664373,0.290408,0,0.66528,12.849,1,1.43175,0.36288,0,29.1488,5.00976,23.0701,0.84672,12.849,0.84672,3695.15,0,36.966,0.405753,0.41415,2.26197,3.06026,1.26887,4.06175,0.42336,36.966,0.42336,423.524,0,1.02816,0,0,1.44231,0.41415,1.028160,1,0,27.1319,0,0,0,27.1319,0
15.575,1.95312,0,0,1.10334,0.055107,0.36288,3.6288,59.3968,0.676809,0,0,0.618676,0.289881,0,0.66528,12.849,1,1.48999,0.36288,0,27.0166,5.00976,20.8797,0.84672,12.849,0.84672,3695.15,0,36.966,0.418763,0.261274,2.26211,2.91376,1.26887,3.74951,0.42336,36.966,0.42336,423.524,0,0.997384,0,0,1.25866,0.261274,1.028160,1,0,24.6292,0,0,0,24.6292,0
14.2182,1.93082,0,0,0.982454,0.0456297,0.36288,3.6288,58.7905,0.828536,0,0,0.528215,0.305976,0,0.66528,12.849,1,1.59288,0.36288,0,22.1765,5.58195,15.3646,0.84672,12.849,0.84672,3695.15,0,36.966,0.515645,0.261274,2.26226,2.42623,1.38686,3.04726,0.42336,36.966,0.42336,423.524,0,0.800055,0,0,1.06133,0.261274,1.028160,1,0,18.4119,0,0,0,18.4119,0
13.0387,1.85108,0,0,1.07709,0.0425906,0.36288,3.6288,58.4351,0.718033,0,0,0.661016,0.298403,0,0.66528,12.849,1,1.67283,0.36288,0,26.8179,5.76408,19.7438,0.84672,12.849,0.84672,3695.15,0,36.966,0.451481,0.261274,2.31698,2.61009,1.38519,3.35167,0.42336,36.966,0.42336,423.524,0,0.97486,0,0,1.23613,0.261274,1.028160,1,0,23.0955,0,0,0,23.0955,0
11.8397,1.77498,0,0,0.980389,0.0415143,0.36288,3.6288,57.9907,0.6919,0,0,0.545204,0.297722,0,0.66528,12.849,1,1.74916,0.36288,0,21.6004,5.76408,14.4501,0.84672,12.849,0.84672,3695.15,0,36.966,0.451072,0.261274,2.31713,2.42536,1.38519,3.1675,0.42336,36.966,0.42336,423.524,0,1.00154,0,0,1.26281,0.261274,1.028160,1,0,17.6176,0,0,0,17.6176,0
10.6379,1.69014,0,0,0.891665,0.0404202,0.36288,3.6288,57.4039,0.797619,0,0,0.507742,0.29687,0,0.66528,12.849,1,1.83423,0.36288,0,20.1365,5.76408,12.901,0.84672,12.849,0.84672,3695.15,0,36.966,0.50844,0.227405,2.31727,2.16148,1.38519,2.81253,0.42336,36.966,0.42336,423.524,0,0.83859,0,0,1.06599,0.227405,1.028160,1,0,15.7136,0,0,0,15.7136,0
9.51207,1.70301,0,0,0.974903,0.0348602,0.36288,3.6288,57.0161,0.66528,0,0,0.578464,0.300939,0,0.66528,12.849,1,2.05698,0.36288,0,20.1271,5.94969,12.4833,0.84672,12.849,0.84672,3695.15,0,36.966,0.636004,0.273525,2.31742,2.97607,1.4236,3.50741,0.42336,36.966,0.42336,423.524,0,1.02816,0,0,1.30169,0.273525,1.028160,1,0,15.9907,0,0,0,15.9907,0
8.57978,1.47091,0,0,0.940905,0.0394045,0.36288,3.6288,56.1716,0.972346,0,0,0.423753,0.295987,0,0.66528,12.849,1,1.98692,0.36288,0,19.5162,6.0165,11.8757,0.84672,12.849,0.84672,3695.15,0,36.966,0.938554,0.227405,2.50435,2.39207,1.44494,2.74034,0.42336,36.966,0.42336,423.524,0,0.721094,0,0,0.948499,0.227405,1.028160,1,0,14.616,0,0,0,14.616,0
7.79591,1.38456,0,0,1.00191,0.0383412,0.36288,3.6288,55.6466,0.751792,0,0,0.521234,0.294362,0,0.66528,12.849,1,2.07351,0.36288,0,24.8351,6.0165,17.1079,0.84672,12.849,0.84672,3695.15,0,36.966,0.938703,0.227405,2.68148,2.67185,1.44494,3.19709,0.42336,36.966,0.42336,423.524,0,0.941648,0,0,1.16905,0.227405,1.028160,1,0,20.305,0,0,0,20.305,0
6.91393,1.30592,0,0,0.824273,0.0374473,0.36288,3.6288,54.634,1.09888,0,0,0.379608,0.293353,0,0.66528,12.849,1,2.15239,0.36288,0,22.7528,6.0165,14.9468,0.84672,12.849,0.84672,3695.15,0,36.966,0.938852,0.204422,2.68164,2.18837,1.44494,2.69064,0.42336,36.966,0.42336,423.524,0,0.594562,0,0,0.798984,0.204422,1.028160,1,0,17.6375,0,0,0,17.6375,0
6.33186,1.20995,0,0,1.0272,0.0364414,0.36288,3.6288,54.3349,0.66528,0,0,0.657596,0.291405,0,0.66528,12.849,1,2.2486,0.36288,0,22.1787,6.0165,14.2765,0.84672,12.849,0.84672,3695.15,0,36.966,0.939002,0.550757,2.6818,3.41311,1.44494,4.26173,0.42336,36.966,0.42336,423.524,0,1.02816,0,0,1.57892,0.550757,1.028160,1,0,18.5382,0,0,0,18.5382,0
6.83163,1.10391,0,0,2.01493,0.0483705,0.36288,3.6288,54.6425,0.66528,0,0,1.26074,0.28789,0,0.66528,12.849,1,2.24013,0.36288,0,43.822,6.15385,35.7909,0.84672,12.849,0.84672,3695.15,0,36.966,0.827036,1.69825,2.68196,6.25578,1.39697,8.41199,0.42336,36.966,0.42336,423.524,0,1.02816,0,0,2.72641,1.69825,1.028160,1,0,44.2029,0,0,0,44.2029,0
8.79154,1.16088,0,0,3.53431,0.0506454,0.36288,3.6288,55.7345,0.66528,0,0,2.05295,0.29569,0,0.66528,12.849,1,2.18339,0.36288,0,39.6329,6.3924,31.42,0.84672,12.849,0.84672,3695.15,0,36.966,0.827178,4.22712,2.57399,9.82014,1.47292,14.3212,0.42336,36.966,0.42336,423.524,0,1.02816,0,0,5.25528,4.22712,1.028160,1,0,45.7411,0,0,0,45.7411,0
8.95375,1.35872,0,0,1.93756,0.0537599,0.36288,3.6288,56.0993,0.66528,0,0,1.32795,0.297821,0,0.66528,12.849,1,1.98579,0.36288,0,50.1619,6.3924,42.1465,0.84672,12.849,0.84672,3695.15,0,36.966,0.82732,2.57791,2.57415,6.11449,1.47292,8.96631,0.42336,36.966,0.42336,423.524,0,1.02816,0,0,3.60607,2.57791,1.028160,1,0,51.1129,0,0,0,51.1129,0
8.96089,1.37359,0,0,1.79763,0.0540177,0.36288,3.6288,56.4836,0.66528,0,0,1.34804,0.298533,0,0.66528,12.849,1,1.97115,0.36288,0,29.7944,6.3924,21.7938,0.84672,12.849,0.84672,3695.15,0,36.966,0.827463,1.74376,2.5743,4.62072,1.47292,6.63839,0.42336,36.966,0.42336,423.524,0,1.02816,0,0,2.77192,1.74376,1.028160,1,0,28.4322,0,0,0,28.4322,0
13.6196,1.33562,0,0,6.43317,0.0759914,0.36288,3.6288,59.0761,0.66528,0,0,3.52869,0.270905,0,0.66528,12.849,1,1.91514,0.36288,0,84.4497,5.68623,77.2112,0.84672,12.849,0.84672,3695.15,0,36.966,0.725525,4.97641,2.57445,14.1811,1.33859,19.6678,0.42336,36.966,0.42336,423.524,0,1.02816,0,0,6.00457,4.97641,1.028160,1,0,96.879,0,0,0,96.879,0
19.0187,1.67281,0,0,7.54315,0.108307,0.36288,3.6288,60.7792,0.66528,0,0,2.55728,0.188888,0,0.66528,12.849,1,1.57817,0.36288,0,127.481,4.29358,121.972,0.84672,12.849,0.84672,3695.15,0,36.966,0.725661,3.90767,2.47808,13.2655,1.03233,17.8933,0.42336,36.966,0.42336,423.524,0,1.02816,0,0,4.93583,3.90767,1.028160,1,0,139.865,0,0,0,139.865,0
28.2043,1.94033,0,0,11.6262,0.137482,0.36288,3.6288,61.308,0.66528,0,0,3.64033,0.171715,2.2745,0.66528,12.849,1,1.31088,0.36288,0,140.33,3.85676,135.525,0.84672,12.849,0.84672,3695.15,0,36.966,0.725797,5.2343,2.47823,16.6495,0.933594,22.7027,0.42336,36.966,0.42336,423.524,0,1.02816,0,0,6.26246,5.2343,1.028160,1,0,160.502,0,0,0,160.502,0
34.747,2.44154,0,0,9.50348,0.156296,0.36288,3.6288,61.308,0.66528,0,0,3.17225,0.172291,2.33467,0.66528,12.849,1,1.11229,0.36288,0,150.128,3.85676,145.522,0.84672,12.849,0.84672,3695.15,0,36.966,0.423532,4.67566,2.47838,13.0736,0.933594,18.8705,0.42336,36.966,0.42336,423.524,0,1.02816,0,0,5.70382,4.67566,1.028160,1,0,166.727,0,0,0,166.727,0
40.3798,2.39921,0,0,8.57676,0.181944,0.36288,3.6288,61.308,0.546673,0,0,2.18331,0.178007,1.45863,0.66528,12.849,1,0.887195,0.36288,0,146.024,4.0511,141.448,0.84672,12.849,0.84672,3695.15,0,36.966,0.329619,3.37086,2.30156,13.9552,0.941698,18.3563,0.42336,36.966,0.42336,423.524,0,1.02816,0,0,4.39902,3.37086,1.028160,1,0,161.263,0,0,0,161.263,0
45.5214,2.49325,0,0,8.21699,0.219231,0.36288,3.6288,61.308,0.546749,0,0,2.23265,0.237589,1.44832,0.66528,12.849,1,0.793362,0.36288,0,112.838,4.27127,108.137,0.84672,12.849,0.84672,3695.15,0,36.966,0.329665,4.92065,2.08725,13.0243,1.08305,18.6195,0.42336,36.966,0.42336,423.524,0,1.02816,0,0,5.94881,4.92065,1.028160,1,0,128.204,0,0,0,128.204,0
52.6824,2.5633,0,0,10.3237,0.236476,0.36288,3.6288,61.308,0.546825,0,0,1.98634,0.226847,1.21267,0.66528,12.849,1,0.723524,0.36288,0,144.878,4.27633,140.241,0.84672,12.849,0.84672,3695.15,0,36.966,0.329711,3.49439,2.08738,11.4491,1.11463,15.5866,0.42336,36.966,0.42336,423.524,0,1.02816,0,0,4.52255,3.49439,1.028160,1,0,157.04,0,0,0,157.04,0
62.473,2.39943,0,0,12.8083,0.255385,0.36288,3.6288,61.308,0.66528,0,0,3.58649,0.226847,2.69436,0.66528,12.849,1,0.585209,0.36288,0,179.927,4.27633,175.428,0.84672,12.849,0.84672,3695.15,0,36.966,0.513778,2.75194,2.08752,10.9021,1.11463,14.1132,0.42336,36.966,0.42336,423.524,0,1.02816,0,0,3.7801,2.75194,1.028160,1,0,192.236,0,0,0,192.236,0
71.1377,2.72648,0,0,12.0345,0.280387,0.36288,3.6288,61.308,0.546977,0,0,5.88024,0.226847,5.10641,0.66528,12.849,1,0.560763,0.36288,0,169.43,4.27633,164.955,0.84672,12.849,0.84672,3695.15,0,36.966,0.329803,4.94792,2.26462,14.5918,1.11463,20.3599,0.42336,36.966,0.42336,423.524,0,1.02816,0,0,5.97608,4.94792,1.028160,1,0,190.422,0,0,0,190.422,0
72.29,2.5282,0,0,8.08108,0.301955,4.09867,3.6288,61.308,0.66528,0,0,1.68704,0.239952,0.781806,0.66528,12.849,1,0.456647,4.09867,0,81.7508,4.25703,81.1358,0.84672,12.849,0.84672,3695.15,0,36.966,0.5139,2.50161,2.08779,7.30086,1.10718,10.2692,0.42336,36.966,0.42336,423.524,0,1.02816,0,0,3.52977,2.50161,1.028160,1,0,92.1868,0,0,0,92.1868,0
72.29,2.62199,0,0,6.20428,0.309905,3.27239,3.6288,61.308,0.66528,0,0,1.17505,0.253322,0.256446,0.66528,12.849,1,0.466039,3.27239,0,85.4047,4.33503,83.876,0.84672,12.849,0.84672,3695.15,0,36.966,0.575613,1.55432,2.26475,7.36664,1.16598,9.44411,0.42336,36.966,0.42336,423.524,0,1.02816,0,0,2.58248,1.55432,1.028160,1,0,93.5765,0,0,0,93.5765,0
72.29,2.62215,0,0,7.28046,0.309905,4.3484,3.6288,61.308,0.66528,0,0,1.12963,0.253322,0.211026,0.66528,12.849,1,0.466068,4.3484,0,124.433,4.33503,123.981,0.84672,12.849,0.84672,3695.15,0,36.966,0.575723,1.48799,2.33177,6.73447,1.16598,8.81252,0.42336,36.966,0.42336,423.524,0,1.02816,0,0,2.51615,1.48799,1.028160,1,0,133.004,0,0,0,133.004,0
72.29,2.62231,0,0,5.34872,0.309905,2.4165,3.6288,61.308,0.66528,0,0,0.975888,0.253322,0.0572859,0.66528,12.849,1,0.466096,2.4165,0,80.8955,4.33503,78.5108,0.84672,12.849,0.84672,3695.15,0,36.966,0.575834,1.0914,2.33189,6.68546,1.16598,8.36693,0.42336,36.966,0.42336,423.524,0,1.02816,0,0,2.11956,1.0914,1.028160,1,0,86.935,0,0,0,86.935,0
72.29,2.62248,0,0,5.71392,0.310402,2.78104,3.6288,61.308,0.66528,0,0,0.987493,0.222819,0.0993943,0.66528,12.849,1,0.466125,2.78104,0,66.9741,3.95727,65.3317,0.84672,12.849,0.84672,3695.15,0,36.966,0.575944,1.05415,2.33201,6.09027,1.05071,7.84977,0.42336,36.966,0.42336,423.524,0,1.02816,0,0,2.08231,1.05415,1.028160,1,0,73.2809,0,0,0,73.2809,0
72.29,2.90349,0,0,5.81138,0.299606,2.60828,3.6288,61.308,0.66528,0,0,1.34978,0.18581,0.498685,0.66528,12.849,1,0.516073,2.60828,0,84.3013,3.48065,82.9129,0.84672,12.849,0.84672,3695.15,0,36.966,0.807343,1.4824,2.33213,6.25968,0.943022,8.32384,0.42336,36.966,0.42336,423.524,0,1.02816,0,0,2.51056,1.4824,1.028160,1,0,91.7354,0,0,0,91.7354,0
72.29,2.90366,0,0,3.9013,0.299606,0.698027,3.6288,61.308,0.66528,0,0,1.91064,0.18581,1.05955,0.66528,12.849,1,0.516104,0.698027,0,85.6915,3.48065,82.3928,0.84672,12.849,0.84672,3695.15,0,36.966,0.807466,2.59838,2.57293,9.17194,0.943022,12.5928,0.42336,36.966,0.42336,423.524,0,1.02816,0,0,3.62654,2.59838,1.028160,1,0,96.0451,0,0,0,96.0451,0
72.29,2.90384,0,0,5.40867,0.314065,2.19077,3.6288,61.308,0.66528,0,0,1.29032,0.178273,0.44677,0.66528,12.849,1,0.516136,2.19077,0,120.988,3.52442,119.138,0.84672,12.849,0.84672,3695.15,0,36.966,0.80759,2.39668,2.57306,7.19626,0.923855,10.4346,0.42336,36.966,0.42336,423.524,0,1.02816,0,0,3.42484,2.39668,1.028160,1,0,130.019,0,0,0,130.019,0
72.29,2.90402,0,0,5.08687,0.347636,1.83521,3.6288,61.308,0.66528,0,0,1.40961,0.167521,0.576807,0.66528,12.849,1,0.516167,1.83521,0,89.7031,3.51468,87.5074,0.84672,12.849,0.84672,3695.15,0,36.966,0.807713,4.67688,2.5732,7.90593,0.90418,13.4441,0.42336,36.966,0.42336,423.524,0,1.02816,0,0,5.70504,4.67688,1.028160,1,0,101.528,0,0,0,101.528,0
72.29,2.50352,0,0,4.26857,0.305651,1.4594,3.6288,61.308,0.66528,0,0,0.956163,0.139738,0.151145,0.66528,12.849,1,0.444983,1.4594,0,74.6757,3.34887,72.3412,0.84672,12.849,0.84672,3695.15,0,36.966,0.497375,2.77719,2.57333,7.26115,0.902837,11.2115,0.42336,36.966,0.42336,423.524,0,1.02816,0,0,3.80535,2.77719,1.028160,1,0,83.7038,0,0,0,83.7038,0
72.29,2.50368,0,0,5.6339,0.305651,2.82457,3.6288,61.308,0.66528,0,0,1.94163,0.139738,1.13661,0.66528,12.849,1,0.44501,2.82457,0,117.287,3.34887,116.318,0.84672,12.849,0.84672,3695.15,0,36.966,0.497481,5.32266,2.24517,11.1586,0.902837,17.3262,0.42336,36.966,0.42336,423.524,0,1.02816,0,0,6.35082,5.32266,1.028160,1,0,134.781,0,0,0,134.781,0
72.29,2.50383,0,0,4.87297,0.313804,2.05533,3.6288,61.308,0.66528,0,0,1.06792,0.12891,0.273731,0.66528,12.849,1,0.445038,2.05533,0,87.2104,3.22472,85.596,0.84672,12.849,0.84672,3695.15,0,36.966,0.497587,3.11836,2.24529,7.31141,0.868331,11.3091,0.42336,36.966,0.42336,423.524,0,1.02816,0,0,4.14652,3.11836,1.028160,1,0,97.1789,0,0,0,97.1789,0
72.29,2.50399,0,0,4.77135,0.362717,1.90465,3.6288,61.308,0.66528,0,0,1.02013,0.0639451,0.290908,0.66528,12.849,1,0.445065,1.90465,0,70.1447,2.47978,69.1245,0.84672,12.849,0.84672,3695.15,0,36.966,0.497693,3.0322,2.24541,6.34999,0.661295,10.4686,0.42336,36.966,0.42336,423.524,0,1.02816,0,0,4.06036,3.0322,1.028160,1,0,79.884,0,0,0,79.884,0
72.29,2.50414,0,0,3.23361,0.285192,0.44427,3.6288,61.308,0.66528,0,0,1.16254,0.168232,0.329026,0.66528,12.849,1,0.445093,0.44427,0,53.9907,4.57587,49.414,0.84672,12.849,0.84672,3695.15,0,36.966,0.497799,2.22309,2.24552,4.22052,1.11122,7.08011,0.42336,36.966,0.42336,423.524,0,1.02816,0,0,3.25125,2.22309,1.028160,1,0,56.8231,0,0,0,56.8231,0
72.29,2.60518,0,0,3.95072,0.27407,1.07147,3.6288,61.308,0.66528,0,0,1.49838,0.175896,0.657207,0.66528,12.849,1,0.463051,1.07147,0,57.7051,4.70925,53.6043,0.84672,12.849,0.84672,3695.15,0,36.966,0.573877,2.72998,2.24564,5.68321,1.12734,8.95761,0.42336,36.966,0.42336,423.524,0,1.02816,0,0,3.75814,2.72998,1.028160,1,0,63.2191,0,0,0,63.2191,0
72.29,2.60534,0,0,4.09555,0.238358,1.25185,3.6288,61.308,0.66528,0,0,1.96296,0.194927,1.10275,0.66528,12.849,1,0.46308,1.25185,0,68.1437,4.94193,63.9905,0.84672,12.849,0.84672,3695.15,0,36.966,0.573987,4.41405,2.32672,6.19504,1.17315,11.1887,0.42336,36.966,0.42336,423.524,0,1.02816,0,0,5.44221,4.41405,1.028160,1,0,76.2819,0,0,0,76.2819,0
71.9545,2.6055,0,0,2.8599,0.227048,0.36288,3.6288,61.308,0.66528,0,0,1.09179,0.203978,0.222535,0.66528,12.849,1,0.463109,0.36288,0,54.5826,4.28978,50.1926,0.84672,12.849,0.84672,3695.15,0,36.966,0.574097,2.00911,2.32684,3.76556,1.20847,6.31895,0.42336,36.966,0.42336,423.524,0,1.02816,0,0,3.03727,2.00911,1.028160,1,0,56.7341,0,0,0,56.7341,0
71.8082,2.60383,0,0,3.00142,0.180952,0.36288,3.6288,61.308,0.66528,0,0,1.01137,0.227222,0.118871,0.66528,12.849,1,0.464969,0.36288,0,54.4384,4.39108,49.9452,0.84672,12.849,0.84672,3695.15,0,36.966,0.574207,1.77232,2.32696,3.58163,1.22097,5.88573,0.42336,36.966,0.42336,423.524,0,1.02816,0,0,2.80048,1.77232,1.028160,1,0,55.9498,0,0,0,55.9498,0
71.5058,2.56378,0,0,2.79088,0.166665,0.36288,3.6288,61.262,0.66528,0,0,0.853243,0.23395,0,0.66528,12.849,1,0.458749,0.36288,0,47.6454,4.33619,43.2133,0.84672,12.849,0.84672,3695.15,0,36.966,0.544804,1.25922,2.32708,3.2705,1.20459,5.1074,0.42336,36.966,0.42336,423.524,0,1.02816,0,0,2.28738,1.25922,1.028160,1,0,48.3207,0,0,0,48.3207,0
70.7771,2.56229,0,0,2.3381,0.141645,0.36288,3.6288,61.1089,0.66528,0,0,0.74431,0.232157,0,0.66528,12.849,1,0.460422,0.36288,0,37.449,4.37906,32.9724,0.84672,12.849,0.84672,3695.15,0,36.966,0.544913,0.868769,2.29569,2.8398,1.18671,4.27264,0.42336,36.966,0.42336,423.524,0,1.02816,0,0,1.89693,0.868769,1.028160,1,0,37.2451,0,0,0,37.2451,0
69.8426,2.55843,0,0,2.0665,0.0796101,0.36288,3.6288,60.8887,0.66528,0,0,0.672719,0.227626,0,0.66528,12.849,1,0.464463,0.36288,0,35.0785,4.48623,30.4907,0.84672,12.849,0.84672,3695.15,0,36.966,0.545022,0.669505,2.29581,2.4966,1.14202,3.77487,0.42336,36.966,0.42336,423.524,0,1.02816,0,0,1.69766,0.669505,1.028160,1,0,34.2655,0,0,0,34.2655,0
68.7361,2.55334,0,0,1.89174,0.0820135,0.36288,3.6288,60.6206,0.66528,0,0,0.632647,0.235449,0,0.66528,12.849,1,0.46974,0.36288,0,33.0235,4.57232,28.3443,0.84672,12.849,0.84672,3695.15,0,36.966,0.54513,0.557487,2.29593,2.2482,1.16974,3.38674,0.42336,36.966,0.42336,423.524,0,1.02816,0,0,1.58565,0.557487,1.028160,1,0,31.731,0,0,0,31.731,0
67.6587,2.68004,0,0,2.06451,0.0990054,0.36288,3.6288,60.3166,0.66528,0,0,0.645088,0.283802,0,0.66528,12.849,1,0.500986,0.36288,0,35.4124,5.08882,30.1855,0.84672,12.849,0.84672,3695.15,0,36.966,0.649924,0.68135,2.29605,2.36786,1.33607,3.35927,0.42336,36.966,0.42336,423.524,0,1.02816,0,0,1.70951,0.68135,1.028160,1,0,33.5448,0,0,0,33.5448,0
66.5285,2.6735,0,0,2.00429,0.0981736,0.36288,3.6288,59.9615,0.66528,0,0,0.593369,0.283254,0,0.66528,12.849,1,0.507722,0.36288,0,33.1052,5.08882,27.8715,0.84672,12.849,0.84672,3695.15,0,36.966,0.650039,0.502978,2.40661,2.17483,1.33607,3.09832,0.42336,36.966,0.42336,423.524,0,1.02816,0,0,1.53114,0.502978,1.028160,1,0,30.9698,0,0,0,30.9698,0
65.1949,2.66644,0,0,1.77241,0.0766524,0.36288,3.6288,59.5565,0.66528,0,0,0.55694,0.296658,0,0.66528,12.849,1,0.514983,0.36288,0,29.4283,5.24948,24.0267,0.84672,12.849,0.84672,3695.15,0,36.966,0.650153,0.416509,2.40673,2.12382,1.37711,2.9198,0.42336,36.966,0.42336,423.524,0,1.02816,0,0,1.44467,0.416509,1.028160,1,0,26.9465,0,0,0,26.9465,0
63.8033,2.6578,0,0,1.67772,0.0486013,0.36288,3.6288,59.1109,0.66528,0,0,0.534338,0.31457,0,0.66528,12.849,1,0.523815,0.36288,0,27.2207,5.46368,21.5961,0.84672,12.849,0.84672,3695.15,0,36.966,0.650268,0.34001,2.40686,2.06758,1.43184,2.73234,0.42336,36.966,0.42336,423.524,0,1.02816,0,0,1.36817,0.34001,1.028160,1,0,24.3284,0,0,0,24.3284,0
62.0409,2.64845,0,0,1.30953,0.0606217,0.36288,3.6288,58.4057,0.955333,0,0,0.53085,0.280767,0,0.66528,12.849,1,0.533357,0.36288,0,20.9088,5.16397,15.5743,0.84672,12.849,0.84672,3695.15,0,36.966,0.650382,0.30119,2.40698,2.02281,1.24513,2.83546,0.42336,36.966,0.42336,423.524,0,0.738107,0,0,1.0393,0.30119,1.028160,1,0,18.4098,0,0,0,18.4098,0
60.167,2.61021,0,0,1.16103,0.0618191,0.36288,3.6288,57.6658,0.986783,0,0,0.520906,0.274038,0,0.66528,12.849,1,0.540588,0.36288,0,19.657,5.11402,14.3653,0.84672,12.849,0.84672,3695.15,0,36.966,0.70805,0.30119,2.40711,2.01179,1.21402,2.79802,0.42336,36.966,0.42336,423.524,0,0.706657,0,0,1.00785,0.30119,1.028160,1,0,17.1633,0,0,0,17.1633,0
58.2036,2.5965,0,0,1.05682,0.0608556,0.36288,3.6288,56.7988,1.08148,0,0,0.487206,0.272732,0,0.66528,12.849,1,0.554496,0.36288,0,18.8705,5.11402,13.5649,0.84672,12.849,0.84672,3695.15,0,36.966,0.708167,0.261274,2.44585,1.88989,1.21402,2.67483,0.42336,36.966,0.42336,423.524,0,0.611963,0,0,0.873236,0.261274,1.028160,1,0,16.2397,0,0,0,16.2397,0
56.1842,2.58133,0,0,0.971775,0.0469929,0.36288,3.6288,55.8749,1.08584,0,0,0.465156,0.303171,0,0.66528,12.849,1,0.569854,0.36288,0,16.7294,5.53748,10.9849,0.84672,12.849,0.84672,3695.15,0,36.966,0.708285,0.261274,2.44598,1.81848,1.36858,2.44886,0.42336,36.966,0.42336,423.524,0,0.607599,0,0,0.868873,0.261274,1.028160,1,0,13.4338,0,0,0,13.4338,0
54.203,2.56482,0,0,0.98242,0.0358716,0.36288,3.6288,54.9058,1.08602,0,0,0.442293,0.325371,0,0.66528,12.849,1,0.58656,0.36288,0,15.4817,5.78528,9.47272,0.84672,12.849,0.84672,3695.15,0,36.966,0.718492,0.261274,2.44611,1.75573,1.525,2.21961,0.42336,36.966,0.42336,423.524,0,0.597335,0,0,0.858609,0.261274,1.028160,1,0,11.6923,0,0,0,11.6923,0
52.1381,2.61281,0,0,0.954349,0.0435727,0.36288,3.6288,53.9484,1.08807,0,0,0.429685,0.299,0,0.66528,12.849,1,0.619374,0.36288,0,15.6114,5.36287,9.99207,0.84672,12.849,0.84672,3695.15,0,36.966,0.759824,0.261274,2.44623,1.82116,1.45877,2.31007,0.42336,36.966,0.42336,423.524,0,0.60537,0,0,0.866644,0.261274,1.028160,1,0,12.3021,0,0,0,12.3021,0
49.9831,2.59329,0,0,0.843826,0.0426618,0.36288,3.6288,52.9059,1.1499,0,0,0.404501,0.297114,0,0.66528,12.849,1,0.639094,0.36288,0,14.7472,5.36287,9.1081,0.84672,12.849,0.84672,3695.15,0,36.966,0.787921,0.261274,2.5011,1.70849,1.45877,2.22418,0.42336,36.966,0.42336,423.524,0,0.515566,0,0,0.77684,0.261274,1.028160,1,0,11.3323,0,0,0,11.3323,0
47.7776,2.57153,0,0,0.762523,0.0336769,0.36288,3.6288,51.8723,1.13454,0,0,0.400505,0.299599,0,0.66528,12.849,1,0.661054,0.36288,0,13.9793,5.51242,8.16866,0.84672,12.849,0.84672,3695.15,0,36.966,0.792718,0.227405,2.50123,1.70469,1.48865,2.15196,0.42336,36.966,0.42336,423.524,0,0.526245,0,0,0.75365,0.227405,1.028160,1,0,10.3206,0,0,0,10.3206,0
45.4605,2.54763,0,0,0.626201,0.032733,0.36288,3.6288,50.8419,1.13157,0,0,0.391877,0.290729,0,0.66528,12.849,1,0.685145,0.36288,0,13.151,5.54259,7.28618,0.84672,12.849,0.84672,3695.15,0,36.966,0.806396,0.227405,2.50136,1.63115,1.38507,2.16845,0.42336,36.966,0.42336,423.524,0,0.515661,0,0,0.743066,0.227405,1.028160,1,0,9.45463,0,0,0,9.45463,0
42.9454,2.70465,0,0,0.583415,0.0310082,0.36288,3.6288,49.6844,1.20946,0,0,0.367559,0.315531,0,0.66528,12.849,1,0.764443,0.36288,0,12.6712,5.39122,6.87838,0.84672,12.849,0.84672,3695.15,0,36.966,0.945529,0.227405,2.50149,1.46995,1.57147,1.68185,0.42336,36.966,0.42336,423.524,0,0.483978,0,0,0.711383,0.227405,1.028160,1,0,8.56023,0,0,0,8.56023,0
40.3994,2.67035,0,0,0.517342,0.0301329,0.36288,3.6288,48.4499,1.25288,0,0,0.33091,0.312558,0,0.66528,12.849,1,0.798952,0.36288,0,11.261,5.39122,5.43373,0.84672,12.849,0.84672,3695.15,0,36.966,0.94566,0.227405,2.68897,1.42662,1.57147,1.82587,0.42336,36.966,0.42336,423.524,0,0.440562,0,0,0.667967,0.227405,1.028160,1,0,7.2596,0,0,0,7.2596,0
37.725,2.86174,0,0,0.57951,0.0292469,0.36288,3.6288,47.428,1.05202,0,0,0.339454,0.309387,0,0.66528,12.849,1,0.910174,0.36288,0,11.1934,5.39122,5.25486,0.84672,12.849,0.84672,3695.15,0,36.966,0.80266,0.204422,2.68912,1.52904,1.57147,2.04845,0.42336,36.966,0.42336,423.524,0,0.482155,0,0,0.686578,0.204422,1.028160,1,0,7.30331,0,0,0,7.30331,0
35.6585,2.58819,0,0,0.927461,0.0428677,0.36288,3.6288,46.4785,1.06375,0,0,0.417189,0.302882,0,0.66528,12.849,1,0.881529,0.36288,0,18.5958,5.27249,12.8047,0.84672,12.849,0.84672,3695.15,0,36.966,0.945922,0.204422,2.51229,1.66681,1.5569,1.8807,0.42336,36.966,0.42336,423.524,0,0.629692,0,0,0.834114,0.204422,1.028160,1,0,14.6853,0,0,0,14.6853,0
33.6816,2.77309,0,0,1.20899,0.0499219,0.36288,3.6288,46.2507,0.66528,0,0,0.713941,0.276512,0,0.66528,12.849,1,0.999241,0.36288,0,23.2785,5.36232,17.2798,0.84672,12.849,0.84672,3695.15,0,36.966,0.643653,0.362275,2.6894,2.49648,1.47882,3.42568,0.42336,36.966,0.42336,423.524,0,1.02816,0,0,1.39044,0.362275,1.028160,1,0,20.7055,0,0,0,20.7055,0
32.6868,2.64747,0,0,2.06556,0.0500867,0.36288,3.6288,46.5535,0.665059,0,0,1.23655,0.268714,0,0.66528,12.849,1,1.00997,0.36288,0,24.4865,5.38041,18.459,0.84672,12.849,0.84672,3695.15,0,36.966,0.531551,2.03291,2.51257,4.30185,1.45268,6.8631,0.42336,36.966,0.42336,423.524,0,1.02816,0,0,3.06107,2.03291,1.028160,1,0,25.322,0,0,0,25.322,0
30.6629,2.62555,0,0,1.014,0.0494724,0.36288,3.6288,46.3768,0.66528,0,0,0.758125,0.269466,0,0.66528,12.849,1,1.03209,0.36288,0,24.6705,5.38041,18.6209,0.84672,12.849,0.84672,3695.15,0,36.966,0.531455,0.820394,2.40426,2.46666,1.45268,3.70718,0.42336,36.966,0.42336,423.524,0,1.02816,0,0,1.84855,0.820394,1.028160,1,0,22.328,0,0,0,22.328,0
28.7169,2.57769,0,0,1.04287,0.0482133,0.36288,3.6288,46.2661,0.66528,0,0,0.823582,0.269027,0,0.66528,12.849,1,1.08016,0.36288,0,16.0888,5.38041,9.99111,0.84672,12.849,0.84672,3695.15,0,36.966,0.531579,0.547067,2.4044,2.00077,1.45268,2.96798,0.42336,36.966,0.42336,423.524,0,1.02816,0,0,1.57523,0.547067,1.028160,1,0,12.9591,0,0,0,12.9591,0
28.1706,2.52727,0,0,2.46402,0.120166,0.36288,3.6288,46.4822,0.66528,0,0,1.1224,0.241017,0,0.66528,12.849,1,1.13079,0.36288,0,24.1753,4.58277,18.8246,0.84672,12.849,0.84672,3695.15,0,36.966,0.531704,2.35442,2.40453,5.42112,1.1961,8.45226,0.42336,36.966,0.42336,423.524,0,1.02816,0,0,3.38258,2.35442,1.028160,1,0,27.2769,0,0,0,27.2769,0
27.9034,2.44745,0,0,2.67326,0.130147,0.36288,3.6288,46.747,0.609782,0,0,1.02805,0.153444,0,0.66528,12.849,1,1.11631,0.36288,0,45.5044,4.20987,40.5411,0.84672,12.849,0.84672,3695.15,0,36.966,0.484943,1.08168,2.40467,4.22378,0.903109,6.32207,0.42336,36.966,0.42336,423.524,0,1.02816,0,0,2.10984,1.08168,1.028160,1,0,46.8631,0,0,0,46.8631,0
30.1866,2.44026,0,0,5.21602,0.129669,0.36288,3.6288,47.8306,0.611383,0,0,1.84877,0.153819,0,0.66528,12.849,1,1.1237,0.36288,0,64.0837,4.20987,59.113,0.84672,12.849,0.84672,3695.15,0,36.966,0.483461,1.79181,2.30799,8.18932,0.903109,10.9025,0.42336,36.966,0.42336,423.524,0,1.02816,0,0,2.81997,1.79181,1.028160,1,0,70.0155,0,0,0,70.0155,0
31.4276,2.50002,0,0,4.23763,0.13375,0.36288,3.6288,49.3158,0.617628,0,0,2.25807,0.155222,0,0.66528,12.849,1,1.06414,0.36288,0,57.9506,4.20987,53.0395,0.84672,12.849,0.84672,3695.15,0,36.966,0.477335,3.44984,2.30812,7.44353,0.903109,11.821,0.42336,36.966,0.42336,423.524,0,1.02816,0,0,4.478,3.44984,1.028160,1,0,64.8606,0,0,0,64.8606,0
32.2219,2.52999,0,0,3.8442,0.157073,0.36288,3.6288,50.1967,0.625912,0,0,1.67341,0.166651,0,0.66528,12.849,1,1.03437,0.36288,0,56.8436,4.38384,51.7883,0.84672,12.849,0.84672,3695.15,0,36.966,0.469169,1.99256,2.30825,8.77133,0.943725,11.6592,0.42336,36.966,0.42336,423.524,0,1.02816,0,0,3.02072,1.99256,1.028160,1,0,63.4475,0,0,0,63.4475,0
37.4005,2.35644,0,0,8.07926,0.181364,0.36288,3.6288,54.6794,0.507893,0,0,5.1783,0.187653,0,0.66528,12.849,1,0.939669,0.36288,0,87.2433,3.67867,82.9878,0.84672,12.849,0.84672,3695.15,0,36.966,0.374024,6.5114,2.30838,14.2105,1.0476,21.6086,0.42336,36.966,0.42336,423.524,0,1.02816,0,0,7.53956,6.5114,1.028160,1,0,104.596,0,0,0,104.596,0
43.0544,2.45342,0,0,8.66341,0.193154,0.36288,3.6288,60.1007,0.526251,0,0,6.14189,0.194322,0,0.66528,12.849,1,0.842876,0.36288,0,107.23,3.67867,103.072,0.84672,12.849,0.84672,3695.15,0,36.966,0.355772,6.73027,2.09342,16.3973,1.0476,23.8176,0.42336,36.966,0.42336,423.524,0,1.02816,0,0,7.75843,6.73027,1.028160,1,0,126.889,0,0,0,126.889,0
47.9684,2.53881,0,0,8.02207,0.206363,0.36288,3.6288,61.308,0.546188,0,0,4.56539,0.201273,2.61068,0.66528,12.849,1,0.757672,0.36288,0,150.581,3.67867,146.508,0.84672,12.849,0.84672,3695.15,0,36.966,0.335942,5.74009,2.09353,16.2806,1.0476,22.7307,0.42336,36.966,0.42336,423.524,0,1.02816,0,0,6.76825,5.74009,1.028160,1,0,171.849,0,0,0,171.849,0
51.8183,2.60017,0,0,7.04946,0.236496,0.36288,3.6288,61.308,0.550382,0,0,1.84054,0.201429,1.08873,0.66528,12.849,1,0.696491,0.36288,0,106.97,4.0533,102.583,0.84672,12.849,0.84672,3695.15,0,36.966,0.331856,2.73973,2.09365,9.76095,1.09272,13.1698,0.42336,36.966,0.42336,423.524,0,1.02816,0,0,3.76789,2.73973,1.028160,1,0,116.842,0,0,0,116.842,0
56.6353,2.64178,0,0,8.08249,0.260883,0.36288,3.6288,61.308,0.550449,0,0,3.10777,0.221651,2.33567,0.66528,12.849,1,0.655063,0.36288,0,183.429,4.59036,178.546,0.84672,12.849,0.84672,3695.15,0,36.966,0.331896,3.81849,2.09377,13.389,1.06519,17.9041,0.42336,36.966,0.42336,423.524,0,1.02816,0,0,4.84665,3.81849,1.028160,1,0,198.786,0,0,0,198.786,0
60.831,2.77152,0,0,7.59534,0.265179,0.36288,3.6288,61.308,0.589051,0,0,3.8549,0.238208,3.02764,0.66528,12.849,1,0.628783,0.36288,0,164.061,4.61853,159.176,0.84672,12.849,0.84672,3695.15,0,36.966,0.355171,4.09336,2.09389,14.3211,0.999427,19.1537,0.42336,36.966,0.42336,423.524,0,1.02816,0,0,5.12152,4.09336,1.028160,1,0,181.358,0,0,0,181.358,0
64.9344,2.80747,0,0,7.54972,0.276003,0.36288,3.6288,61.308,0.58911,0,0,4.81394,0.238208,3.98662,0.66528,12.849,1,0.593005,0.36288,0,204.337,4.61853,199.488,0.84672,12.849,0.84672,3695.15,0,36.966,0.355207,5.51017,2.16108,17.3656,0.999427,23.6822,0.42336,36.966,0.42336,423.524,0,1.02816,0,0,6.53833,5.51017,1.028160,1,0,227.157,0,0,0,227.157,0
66.3325,2.83889,0,0,4.91053,0.310638,0.36288,3.6288,61.308,0.589169,0,0,2.90763,0.231067,2.08739,0.66528,12.849,1,0.561749,0.36288,0,115.242,4.69449,110.349,0.84672,12.849,0.84672,3695.15,0,36.966,0.355243,3.11559,2.16118,11.1014,1.13188,14.891,0.42336,36.966,0.42336,423.524,0,1.02816,0,0,4.14375,3.11559,1.028160,1,0,127.327,0,0,0,127.327,0
71.0164,2.84894,0,0,8.16049,0.264777,0.36288,3.6288,61.308,0.589229,0,0,3.62582,0.261792,2.7748,0.66528,12.849,1,0.551857,0.36288,0,127.09,4.77718,122.124,0.84672,12.849,0.84672,3695.15,0,36.966,0.355279,4.30699,2.16129,11.9562,1.24245,16.8268,0.42336,36.966,0.42336,423.524,0,1.02816,0,0,5.33515,4.30699,1.028160,1,0,141.725,0,0,0,141.725,0
72.29,3.1608,0,0,6.16946,0.249709,1.48538,3.6288,61.308,0.66528,0,0,3.36267,0.255914,2.44148,0.66528,12.849,1,0.571884,1.48538,0,133.605,4.43131,130.088,0.84672,12.849,0.84672,3695.15,0,36.966,0.511277,5.37056,2.16139,11.9114,1.2032,17.7288,0.42336,36.966,0.42336,423.524,0,1.02816,0,0,6.39872,5.37056,1.028160,1,0,150.258,0,0,0,150.258,0
72.29,3.16951,0,0,7.68626,0.252145,4.2646,3.6288,61.308,0.66528,0,0,4.68455,0.255914,3.76335,0.66528,12.849,1,0.563356,4.2646,0,191.523,4.43131,190.793,0.84672,12.849,0.84672,3695.15,0,36.966,0.511383,5.53633,2.40287,15.5769,1.2032,21.8015,0.42336,36.966,0.42336,423.524,0,1.02816,0,0,6.56449,5.53633,1.028160,1,0,216.358,0,0,0,216.358,0
72.29,3.16966,0,0,6.91035,0.252145,3.48854,3.6288,61.308,0.66528,0,0,3.72312,0.255914,2.80193,0.66528,12.849,1,0.563383,3.48854,0,190.483,4.43131,188.976,0.84672,12.849,0.84672,3695.15,0,36.966,0.51149,5.59802,2.40299,21.4116,1.2032,27.698,0.42336,36.966,0.42336,423.524,0,1.02816,0,0,6.62618,5.59802,1.028160,1,0,219.476,0,0,0,219.476,0
72.29,3.16981,0,0,4.94909,0.275294,1.50398,3.6288,61.308,0.66528,0,0,2.80472,0.197306,1.94213,0.66528,12.849,1,0.56341,1.50398,0,175.535,3.81211,172.663,0.84672,12.849,0.84672,3695.15,0,36.966,0.511596,3.58244,2.4031,12.6119,1.02019,17.0657,0.42336,36.966,0.42336,423.524,0,1.02816,0,0,4.6106,3.58244,1.028160,1,0,191.671,0,0,0,191.671,0
72.29,2.76815,0,0,5.05664,0.340423,1.94806,3.6288,61.308,0.540025,0,0,1.80376,0.229841,1.03389,0.66528,12.849,1,0.492018,1.94806,0,103.934,3.9796,101.41,0.84672,12.849,0.84672,3695.15,0,36.966,0.325611,3.77537,2.40322,8.89307,0.951553,13.7945,0.42336,36.966,0.42336,423.524,0,1.02816,0,0,4.80353,3.77537,1.028160,1,0,116.239,0,0,0,116.239,0
72.29,2.76829,0,0,4.66518,0.340423,1.55647,3.6288,61.308,0.540082,0,0,1.69277,0.229841,0.922843,0.66528,12.849,1,0.492042,1.55647,0,125.629,3.9796,122.714,0.84672,12.849,0.84672,3695.15,0,36.966,0.325645,3.30041,2.0741,8.09283,0.951553,12.1901,0.42336,36.966,0.42336,423.524,0,1.02816,0,0,4.32857,3.30041,1.028160,1,0,135.827,0,0,0,135.827,0
72.29,2.76842,0,0,5.00021,0.272454,1.95934,3.6288,61.308,0.540139,0,0,2.45668,0.193744,1.7228,0.66528,12.849,1,0.492066,1.95934,0,114.634,3.45643,112.645,0.84672,12.849,0.84672,3695.15,0,36.966,0.32568,4.62755,2.0742,9.79577,0.876401,15.2954,0.42336,36.966,0.42336,423.524,0,1.02816,0,0,5.65571,4.62755,1.028160,1,0,129.663,0,0,0,129.663,0
72.29,2.76855,0,0,8.6916,0.28044,5.6426,3.6288,61.308,0.540196,0,0,4.35605,0.226966,3.58889,0.66528,12.849,1,0.492089,5.6426,0,135.586,4.38916,136.347,0.84672,12.849,0.84672,3695.15,0,36.966,0.325714,7.25436,2.0743,16.5715,0.974807,24.5997,0.42336,36.966,0.42336,423.524,0,1.02816,0,0,8.28252,7.25436,1.028160,1,0,164.536,0,0,0,164.536,0
72.29,2.51192,0,0,5.715,0.348258,2.85482,3.6288,61.308,0.66528,0,0,3.29372,0.188283,2.44016,0.66528,12.849,1,0.446475,2.85482,0,113.18,3.94929,111.639,0.84672,12.849,0.84672,3695.15,0,36.966,0.503121,5.73756,2.0744,11.3198,0.899212,17.7294,0.42336,36.966,0.42336,423.524,0,1.02816,0,0,6.76572,5.73756,1.028160,1,0,131.808,0,0,0,131.808,0
72.29,2.61322,0,0,3.71598,0.375968,0.726786,3.6288,61.308,0.66528,0,0,2.10722,0.177122,1.26482,0.66528,12.849,1,0.464481,0.726786,0,85.3667,3.77958,81.8494,0.84672,12.849,0.84672,3695.15,0,36.966,0.579398,3.75961,2.25147,9.59723,0.885829,14.1431,0.42336,36.966,0.42336,423.524,0,1.02816,0,0,4.78777,3.75961,1.028160,1,0,97.2573,0,0,0,97.2573,0
71.8701,2.61336,0,0,2.91349,0.357138,0.36288,3.6288,61.308,0.66528,0,0,1.74812,0.183363,0.89948,0.66528,12.849,1,0.464505,0.36288,0,76.2464,3.83517,72.3096,0.84672,12.849,0.84672,3695.15,0,36.966,0.579493,2.98469,2.33276,7.24605,0.88971,11.0943,0.42336,36.966,0.42336,423.524,0,1.02816,0,0,4.01285,2.98469,1.028160,1,0,84.3034,0,0,0,84.3034,0
71.0663,2.6112,0,0,2.47935,0.309075,0.36288,3.6288,61.308,0.66528,0,0,1.45311,0.198964,0.588866,0.66528,12.849,1,0.466832,0.36288,0,50.4976,3.97414,46.4195,0.84672,12.849,0.84672,3695.15,0,36.966,0.579588,2.46936,2.33286,5.82175,0.899414,9.14497,0.42336,36.966,0.42336,423.524,0,1.02816,0,0,3.49752,2.46936,1.028160,1,0,56.1533,0,0,0,56.1533,0
70.1249,2.60686,0,0,2.31593,0.287622,0.36288,3.6288,61.308,0.66528,0,0,1.19012,0.174187,0.350649,0.66528,12.849,1,0.471329,0.36288,0,46.802,3.64348,43.0501,0.84672,12.849,0.84672,3695.15,0,36.966,0.579683,1.77187,2.33296,4.72579,0.899193,7.35175,0.42336,36.966,0.42336,423.524,0,1.02816,0,0,2.80003,1.77187,1.028160,1,0,50.7525,0,0,0,50.7525,0
69.2053,2.56227,0,0,2.29946,0.293849,0.36288,3.6288,61.308,0.66528,0,0,1.26539,0.158593,0.441515,0.66528,12.849,1,0.469486,0.36288,0,42.5701,3.44118,39.0223,0.84672,12.849,0.84672,3695.15,0,36.966,0.550182,1.39523,2.33307,4.3395,0.923176,6.59444,0.42336,36.966,0.42336,423.524,0,1.02816,0,0,2.42339,1.39523,1.028160,1,0,46.0582,0,0,0,46.0582,0
68.1031,2.55715,0,0,2.06825,0.250482,0.36288,3.6288,61.308,0.66528,0,0,1.04955,0.191728,0.192544,0.66528,12.849,1,0.474773,0.36288,0,38.1885,3.76725,34.3094,0.84672,12.849,0.84672,3695.15,0,36.966,0.550276,1.22209,2.30157,3.97475,0.946659,6.00148,0.42336,36.966,0.42336,423.524,0,1.02816,0,0,2.25025,1.22209,1.028160,1,0,40.5034,0,0,0,40.5034,0
66.975,2.55082,0,0,1.99312,0.207541,0.36288,3.6288,61.308,0.66528,0,0,1.09792,0.211347,0.221292,0.66528,12.849,1,0.481263,0.36288,0,36.5736,3.94023,32.5149,0.84672,12.849,0.84672,3695.15,0,36.966,0.550369,1.31638,2.30168,4.22059,0.956988,6.33129,0.42336,36.966,0.42336,423.524,0,1.02816,0,0,2.34454,1.31638,1.028160,1,0,39.0675,0,0,0,39.0675,0
65.4548,2.79788,0,0,1.84631,0.205706,0.36288,3.6288,61.308,0.569787,0,0,1.01905,0.211347,0.237919,0.66528,12.849,1,0.536767,0.36288,0,33.3723,3.94023,29.2582,0.84672,12.849,0.84672,3695.15,0,36.966,0.343556,1.17189,2.30178,4.14228,0.956988,6.31541,0.42336,36.966,0.42336,423.524,0,1.02816,0,0,2.20005,1.17189,1.028160,1,0,35.8116,0,0,0,35.8116,0
64.1406,2.66705,0,0,1.93561,0.219907,0.36288,3.6288,61.308,0.66528,0,0,1.15834,0.214363,0.278695,0.66528,12.849,1,0.52355,0.36288,0,40.4917,4.44786,35.8832,0.84672,12.849,0.84672,3695.15,0,36.966,0.655529,1.00512,2.12492,4.06555,0.902733,5.63732,0.42336,36.966,0.42336,423.524,0,1.02816,0,0,2.03328,1.00512,1.028160,1,0,41.7992,0,0,0,41.7992,0
62.9184,2.65825,0,0,1.94619,0.147191,0.36288,3.6288,61.308,0.66528,0,0,1.24415,0.232321,0.346551,0.66528,12.849,1,0.532515,0.36288,0,42.239,4.74196,37.3274,0.84672,12.849,0.84672,3695.15,0,36.966,0.655628,1.40098,2.41273,4.67604,0.954593,6.87952,0.42336,36.966,0.42336,423.524,0,1.02816,0,0,2.42914,1.40098,1.028160,1,0,44.5534,0,0,0,44.5534,0
61.2567,2.90092,0,0,1.71838,0.116316,0.36288,3.6288,61.308,0.635455,0,0,1.01924,0.243585,0.140203,0.66528,12.849,1,0.592416,0.36288,0,38.5099,4.8931,33.3872,0.84672,12.849,0.84672,3695.15,0,36.966,0.383151,1.02938,2.41284,3.9393,0.985,6.01336,0.42336,36.966,0.42336,423.524,0,1.02816,0,0,2.05754,1.02938,1.028160,1,0,39.5408,0,0,0,39.5408,0
59.5121,2.88777,0,0,1.62077,0.114737,0.36288,3.6288,61.2429,0.635517,0,0,0.813974,0.243585,0,0.66528,12.849,1,0.605729,0.36288,0,35.5788,4.8931,30.4429,0.84672,12.849,0.84672,3695.15,0,36.966,0.383188,0.794569,2.23598,3.69963,0.985,5.36199,0.42336,36.966,0.42336,423.524,0,1.02816,0,0,1.82273,0.794569,1.028160,1,0,35.8049,0,0,0,35.8049,0
57.9209,2.87331,0,0,1.76885,0.123895,0.36288,3.6288,61.0699,0.635324,0,0,0.681299,0.218899,0,0.66528,12.849,1,0.620363,0.36288,0,31.9483,4.31298,27.3778,0.84672,12.849,0.84672,3695.15,0,36.966,0.38348,0.467338,2.23609,2.93057,1.01526,4.23526,0.42336,36.966,0.42336,423.524,0,1.02816,0,0,1.4955,0.467338,1.028160,1,0,31.6131,0,0,0,31.6131,0
56.2688,2.83388,0,0,1.67098,0.126303,0.36288,3.6288,60.8289,0.676227,0,0,0.644,0.208837,0,0.66528,12.849,1,0.628661,0.36288,0,30.6653,4.08093,26.3185,0.84672,12.849,0.84672,3695.15,0,36.966,0.411331,0.30119,2.2362,2.53542,1.02736,3.63412,0.42336,36.966,0.42336,423.524,0,1.01721,0,0,1.3184,0.30119,1.028160,1,0,29.9527,0,0,0,29.9527,0
54.4882,2.81899,0,0,1.52144,0.120107,0.36288,3.6288,60.4884,0.730029,0,0,0.609041,0.219454,0,0.66528,12.849,1,0.643719,0.36288,0,26.9945,4.22208,22.4916,0.84672,12.849,0.84672,3695.15,0,36.966,0.443642,0.261274,2.27503,2.46081,1.07888,3.47459,0.42336,36.966,0.42336,423.524,0,0.931202,0,0,1.19248,0.261274,1.028160,1,0,25.9661,0,0,0,25.9661,0
52.6742,2.80211,0,0,1.44444,0.0934618,0.36288,3.6288,60.0561,0.718406,0,0,0.570516,0.284453,0,0.66528,12.849,1,0.660772,0.36288,0,24.3471,5.06898,18.9802,0.84672,12.849,0.84672,3695.15,0,36.966,0.439036,0.261274,2.27514,2.34656,1.38801,3.05592,0.42336,36.966,0.42336,423.524,0,0.947531,0,0,1.20881,0.261274,1.028160,1,0,22.0361,0,0,0,22.0361,0
50.7535,2.78395,0,0,1.31655,0.0904614,0.36288,3.6288,59.5675,0.742087,0,0,0.542879,0.289348,0,0.66528,12.849,1,0.679098,0.36288,0,23.2007,5.30268,17.5818,0.84672,12.849,0.84672,3695.15,0,36.966,0.456773,0.261274,2.27525,2.32454,1.41147,2.99282,0.42336,36.966,0.42336,423.524,0,0.906215,0,0,1.16749,0.261274,1.028160,1,0,20.5747,0,0,0,20.5747,0
49.0317,2.82807,0,0,1.55464,0.0855162,0.36288,3.6288,59.3004,0.66528,0,0,0.700696,0.302594,0,0.66528,12.849,1,0.715968,0.36288,0,30.7045,5.88693,24.4645,0.84672,12.849,0.84672,3695.15,0,36.966,0.463178,0.265619,2.27536,2.79641,1.4701,3.40411,0.42336,36.966,0.42336,423.524,0,1.02816,0,0,1.29378,0.265619,1.028160,1,0,27.8686,0,0,0,27.8686,0
47.2241,2.80828,0,0,1.44756,0.0839674,0.36288,3.6288,58.9409,0.66528,0,0,0.607891,0.302078,0,0.66528,12.849,1,0.735925,0.36288,0,25.9982,5.88693,19.7382,0.84672,12.849,0.84672,3695.15,0,36.966,0.463282,0.370371,2.33036,2.82219,1.4701,3.58954,0.42336,36.966,0.42336,423.524,0,1.02816,0,0,1.39853,0.370371,1.028160,1,0,23.3278,0,0,0,23.3278,0
45.331,2.78627,0,0,1.33836,0.0823296,0.36288,3.6288,58.5107,0.692505,0,0,0.563734,0.301382,0,0.66528,12.849,1,0.758105,0.36288,0,24.9299,5.88693,18.6477,0.84672,12.849,0.84672,3695.15,0,36.966,0.463386,0.227405,2.33047,2.45386,1.4701,3.07825,0.42336,36.966,0.42336,423.524,0,1.00094,0,0,1.22834,0.227405,1.028160,1,0,21.726,0,0,0,21.726,0
43.4977,2.76174,0,0,1.36811,0.0767972,0.36288,3.6288,58.1684,0.66528,0,0,0.626051,0.303095,0,0.66528,12.849,1,0.782811,0.36288,0,23.7108,5.96171,17.3292,0.84672,12.849,0.84672,3695.15,0,36.966,0.463489,0.365921,2.33058,3.03525,1.48504,3.78323,0.42336,36.966,0.42336,423.524,0,1.02816,0,0,1.39408,0.365921,1.028160,1,0,21.1124,0,0,0,21.1124,0
41.2464,2.91915,0,0,1.09629,0.0654928,0.36288,3.6288,57.8269,0.66528,0,0,0.627521,0.303808,0,0.66528,12.849,1,0.862304,0.36288,0,24.3914,6.15755,17.7344,0.84672,12.849,0.84672,3695.15,0,36.966,0.649305,0.403747,2.33069,3.4201,1.38087,4.12437,0.42336,36.966,0.42336,423.524,0,1.02816,0,0,1.43191,0.403747,1.028160,1,0,21.8588,0,0,0,21.8588,0
38.9615,2.88341,0,0,1.02727,0.0658643,0.36288,3.6288,57.4463,0.66528,0,0,0.585583,0.300836,0,0.66528,12.849,1,0.898233,0.36288,0,22.2995,6.11541,15.6487,0.84672,12.849,0.84672,3695.15,0,36.966,0.649418,0.327499,2.51865,3.38583,1.34856,4.234,0.42336,36.966,0.42336,423.524,0,1.02816,0,0,1.35566,0.327499,1.028160,1,0,19.8827,0,0,0,19.8827,0
37.1831,2.84393,0,0,1.49247,0.0641201,0.36288,3.6288,57.1538,0.66528,0,0,0.672849,0.300096,0,0.66528,12.849,1,0.937891,0.36288,0,25.3976,6.11541,18.7072,0.84672,12.849,0.84672,3695.15,0,36.966,0.649531,0.568469,2.51877,3.75395,1.34856,4.8431,0.42336,36.966,0.42336,423.524,0,1.02816,0,0,1.59663,0.568469,1.028160,1,0,23.5503,0,0,0,23.5503,0
36.076,2.81073,0,0,2.15111,0.0845599,0.36288,3.6288,57.0887,0.66528,0,0,0.89062,0.290396,0,0.66528,12.849,1,0.971276,0.36288,0,41.4374,5.984,34.845,0.84672,12.849,0.84672,3695.15,0,36.966,0.649643,0.70257,2.51889,4.17929,1.32205,5.42906,0.42336,36.966,0.42336,423.524,0,1.02816,0,0,1.73073,0.70257,1.028160,1,0,40.274,0,0,0,40.274,0
34.9169,2.78888,0,0,2.07275,0.0800642,0.36288,3.6288,56.8685,0.66528,0,0,0.70039,0.255371,0,0.66528,12.849,1,0.993302,0.36288,0,48.186,5.48414,42.0714,0.84672,12.849,0.84672,3695.15,0,36.966,0.649756,0.514037,2.51901,3.81914,1.25679,4.94565,0.42336,36.966,0.42336,423.524,0,1.02816,0,0,1.5422,0.514037,1.028160,1,0,47.0171,0,0,0,47.0171,0
33.6104,2.68055,0,0,1.84772,0.1108,0.36288,3.6288,56.6006,0.66528,0,0,0.614635,0.217187,0,0.66528,12.849,1,0.98641,0.36288,0,34.1852,4.25289,29.3088,0.84672,12.849,0.84672,3695.15,0,36.966,0.537122,0.297207,2.51914,4.30419,1.02355,5.55985,0.42336,36.966,0.42336,423.524,0,1.02816,0,0,1.32537,0.297207,1.028160,1,0,34.8686,0,0,0,34.8686,0
32.6696,2.65294,0,0,2.18747,0.112497,0.36288,3.6288,56.7697,0.66528,0,0,1.05013,0.215768,0,0.66528,12.849,1,1.0142,0.36288,0,40.5534,4.2232,35.6789,0.84672,12.849,0.84672,3695.15,0,36.966,0.53723,0.988684,2.41052,6.16614,1.01991,8.00821,0.42336,36.966,0.42336,423.524,0,1.02816,0,0,2.01684,0.988684,1.028160,1,0,43.6871,0,0,0,43.6871,0
31.6915,2.63211,0,0,2.12808,0.111191,0.36288,3.6288,56.7875,0.66528,0,0,0.899061,0.216006,0,0.66528,12.849,1,1.03521,0.36288,0,39.5569,4.2232,34.6614,0.84672,12.849,0.84672,3695.15,0,36.966,0.537337,0.895864,2.41064,5.03768,1.01991,6.78693,0.42336,36.966,0.42336,423.524,0,1.02816,0,0,1.92402,0.895864,1.028160,1,0,41.4483,0,0,0,41.4483,0
31.8446,2.6095,0,0,3.24338,0.117936,0.36288,3.6288,57.3148,0.66528,0,0,1.41054,0.217925,0,0.66528,12.849,1,1.058,0.36288,0,53.8736,4.20984,48.9686,0.84672,12.849,0.84672,3695.15,0,36.966,0.537445,2.49162,2.41075,7.45523,1.02978,10.7904,0.42336,36.966,0.42336,423.524,0,1.02816,0,0,3.51978,2.49162,1.028160,1,0,59.759,0,0,0,59.759,0
34.6349,2.54574,0,0,5.86583,0.166877,0.36288,3.6288,58.164,0.66528,0,0,1.74452,0.23008,0,0.66528,12.849,1,1.02718,0.36288,0,92.486,4.12965,87.6921,0.84672,12.849,0.84672,3695.15,0,36.966,0.434904,2.83697,2.41087,11.2576,1.08895,14.9816,0.42336,36.966,0.42336,423.524,0,1.02816,0,0,3.86513,2.83697,1.028160,1,0,102.674,0,0,0,102.674,0
37.137,2.60623,0,0,5.64398,0.172751,0.36288,3.6288,58.9779,0.66528,0,0,1.71054,0.231347,0,0.66528,12.849,1,0.96687,0.36288,0,101.732,4.12965,96.998,0.84672,12.849,0.84672,3695.15,0,36.966,0.435007,3.16327,2.31393,11.9469,1.08895,15.9001,0.42336,36.966,0.42336,423.524,0,1.02816,0,0,4.19143,3.16327,1.028160,1,0,112.898,0,0,0,112.898,0
40.1007,2.65475,0,0,6.1593,0.178017,0.36288,3.6288,59.3979,0.66528,0,0,1.31788,0.232561,0,0.66528,12.849,1,0.918516,0.36288,0,89.9796,4.12965,85.2943,0.84672,12.849,0.84672,3695.15,0,36.966,0.435109,2.8517,2.31404,10.9967,1.08895,14.6384,0.42336,36.966,0.42336,423.524,0,1.02816,0,0,3.87986,2.8517,1.028160,1,0,99.9327,0,0,0,99.9327,0
42.828,2.70629,0,0,6.01385,0.217341,0.36288,3.6288,59.6899,0.66528,0,0,1.15699,0.199747,0,0.66528,12.849,1,0.867147,0.36288,0,104.916,3.73359,100.678,0.84672,12.849,0.84672,3695.15,0,36.966,0.435212,2.24554,2.31415,10.6338,0.959002,13.7992,0.42336,36.966,0.42336,423.524,0,1.02816,0,0,3.2737,2.24554,1.028160,1,0,114.477,0,0,0,114.477,0
49.0634,2.54188,0,0,9.37503,0.234848,0.36288,3.6288,61.308,0.547624,0,0,4.09895,0.241033,1.69221,0.66528,12.849,1,0.7626,0.36288,0,151.246,4.28723,146.559,0.84672,12.849,0.84672,3695.15,0,36.966,0.339144,5.75351,2.31426,14.7696,1.123,21.3753,0.42336,36.966,0.42336,423.524,0,1.02816,0,0,6.78167,5.75351,1.028160,1,0,169.626,0,0,0,169.626,0
54.3872,2.61881,0,0,8.55455,0.249072,0.36288,3.6288,61.308,0.553266,0,0,3.74335,0.254645,2.93544,0.66528,12.849,1,0.685829,0.36288,0,155.894,4.42901,151.142,0.84672,12.849,0.84672,3695.15,0,36.966,0.333595,5.57981,2.09873,15.7135,1.16658,21.8918,0.42336,36.966,0.42336,423.524,0,1.02816,0,0,6.60797,5.57981,1.028160,1,0,175.969,0,0,0,175.969,0
58.9711,2.67324,0,0,7.88331,0.263246,0.36288,3.6288,61.308,0.553323,0,0,3.47687,0.254645,2.6689,0.66528,12.849,1,0.631555,0.36288,0,155.332,4.42901,150.634,0.84672,12.849,0.84672,3695.15,0,36.966,0.333629,4.95137,2.09883,16.9886,1.16791,22.5372,0.42336,36.966,0.42336,423.524,0,1.02816,0,0,5.97953,4.95137,1.028160,1,0,175.84,0,0,0,175.84,0
66.9008,2.71368,0,0,11.2531,0.246815,0.36288,3.6288,61.308,0.553381,0,0,6.02709,0.244559,5.22915,0.66528,12.849,1,0.591274,0.36288,0,191.122,4.3914,186.502,0.84672,12.849,0.84672,3695.15,0,36.966,0.333664,6.12458,2.09894,19.6808,1.12208,26.4486,0.42336,36.966,0.42336,423.524,0,1.02816,0,0,7.15274,6.12458,1.028160,1,0,218.18,0,0,0,218.18,0
70.4378,2.77261,0,0,6.90636,0.233935,0.36288,3.6288,61.308,0.553438,0,0,2.59387,0.215492,1.82494,0.66528,12.849,1,0.532508,0.36288,0,174.936,3.31685,171.449,0.84672,12.849,0.84672,3695.15,0,36.966,0.333699,3.25292,2.09904,11.2444,0.938403,15.3242,0.42336,36.966,0.42336,423.524,0,1.02816,0,0,4.28108,3.25292,1.028160,1,0,188.598,0,0,0,188.598,0
71.3869,2.88292,0,0,4.41918,0.224247,0.36288,3.6288,61.308,0.592128,0,0,1.43541,0.179313,0.663966,0.66528,12.849,1,0.525891,0.36288,0,84.1225,2.30086,81.6586,0.84672,12.849,0.84672,3695.15,0,36.966,0.357027,2.53714,2.09914,6.32964,0.766253,9.84264,0.42336,36.966,0.42336,423.524,0,1.02816,0,0,3.5653,2.53714,1.028160,1,0,92.1652,0,0,0,92.1652,0
72.29,2.88896,0,0,4.49037,0.225885,0.47244,3.6288,61.308,0.592177,0,0,1.66831,0.179313,0.896825,0.66528,12.849,1,0.519987,0.47244,0,81.6765,2.30086,79.3281,0.84672,12.849,0.84672,3695.15,0,36.966,0.357057,3.22323,2.16648,7.76903,0.766253,12.0354,0.42336,36.966,0.42336,423.524,0,1.02816,0,0,4.25139,3.22323,1.028160,1,0,92.2604,0,0,0,92.2604,0
72.29,2.89459,0,0,6.4183,0.286746,3.23696,3.6288,61.308,0.592227,0,0,1.80688,0.154645,1.06001,0.66528,12.849,1,0.514492,3.23696,0,94.8949,2.50164,95.1157,0.84672,12.849,0.84672,3695.15,0,36.966,0.357087,3.51443,2.16657,11.6542,0.888034,16.0901,0.42336,36.966,0.42336,423.524,0,1.02816,0,0,4.54259,3.51443,1.028160,1,0,112.266,0,0,0,112.266,0
72.29,2.89471,0,0,6.41587,0.310467,3.2107,3.6288,61.308,0.592277,0,0,1.69706,0.144778,0.960006,0.66528,12.849,1,0.514513,3.2107,0,137.218,2.58195,137.332,0.84672,12.849,0.84672,3695.15,0,36.966,0.357117,3.55839,2.16666,14.041,0.936746,18.4722,0.42336,36.966,0.42336,423.524,0,1.02816,0,0,4.58655,3.55839,1.028160,1,0,156.764,0,0,0,156.764,0
71.8639,3.17718,0,0,3.41883,0.304913,0.36288,3.6288,61.308,0.66528,0,0,1.42229,0.0762876,0.680723,0.66528,12.849,1,0.56472,0.36288,0,73.9706,3.32445,70.4443,0.84672,12.849,0.84672,3695.15,0,36.966,0.516721,2.37954,2.16675,7.52103,0.627068,10.9235,0.42336,36.966,0.42336,423.524,0,1.02816,0,0,3.4077,2.37954,1.028160,1,0,82.0485,0,0,0,82.0485,0
71.3684,3.17447,0,0,3.33639,0.294459,0.36288,3.6288,61.308,0.66528,0,0,1.36034,0.121694,0.573368,0.66528,12.849,1,0.567583,0.36288,0,68.419,3.3555,64.8588,0.84672,12.849,0.84672,3695.15,0,36.966,0.51681,2.20189,2.4088,6.74775,0.92051,9.92112,0.42336,36.966,0.42336,423.524,0,1.02816,0,0,3.23005,2.20189,1.028160,1,0,75.3533,0,0,0,75.3533,0
71.7552,3.17126,0,0,4.24014,0.319265,0.36288,3.6288,61.308,0.66528,0,0,1.46389,0.10931,0.689302,0.66528,12.849,1,0.570945,0.36288,0,82.6891,3.53955,78.9415,0.84672,12.849,0.84672,3695.15,0,36.966,0.516899,2.93611,2.4089,7.63716,0.879851,11.5854,0.42336,36.966,0.42336,423.524,0,1.02816,0,0,3.96427,2.93611,1.028160,1,0,91.2162,0,0,0,91.2162,0
71.2743,3.17399,0,0,3.37617,0.320208,0.36288,3.6288,61.308,0.66528,0,0,1.15496,0.10931,0.38037,0.66528,12.849,1,0.568358,0.36288,0,83.5937,3.53955,79.8487,0.84672,12.849,0.84672,3695.15,0,36.966,0.516988,2.16088,2.409,6.42773,0.879851,9.60077,0.42336,36.966,0.42336,423.524,0,1.02816,0,0,3.18904,2.16088,1.028160,1,0,89.8298,0,0,0,89.8298,0
72.29,2.76894,0,0,4.59242,0.344055,0.463682,3.6288,61.308,0.542905,0,0,1.22996,0.110881,0.576179,0.66528,12.849,1,0.499173,0.463682,0,81.4614,4.536,76.8899,0.84672,12.849,0.84672,3695.15,0,36.966,0.327347,2.44587,2.40909,8.36844,1.08679,11.8093,0.42336,36.966,0.42336,423.524,0,1.02816,0,0,3.47403,2.44587,1.028160,1,0,89.2753,0,0,0,89.2753,0
72.29,2.77501,0,0,4.11598,0.346592,0.99438,3.6288,61.308,0.542952,0,0,1.04195,0.095208,0.403789,0.66528,12.849,1,0.493237,0.99438,0,72.3185,4.40433,68.4153,0.84672,12.849,0.84672,3695.15,0,36.966,0.327376,1.92516,2.07916,7.5136,1.02326,10.1673,0.42336,36.966,0.42336,423.524,0,1.02816,0,0,2.95332,1.92516,1.028160,1,0,78.9864,0,0,0,78.9864,0
72.29,2.77512,0,0,4.76844,0.346592,1.64673,3.6288,61.308,0.543,0,0,1.04359,0.095208,0.405383,0.66528,12.849,1,0.493257,1.64673,0,85.0919,4.40433,81.841,0.84672,12.849,0.84672,3695.15,0,36.966,0.327405,1.78895,2.07924,7.56881,1.02326,10.0863,0.42336,36.966,0.42336,423.524,0,1.02816,0,0,2.81711,1.78895,1.028160,1,0,92.3328,0,0,0,92.3328,0
72.29,2.77524,0,0,4.12924,0.353774,1.00023,3.6288,61.308,0.543048,0,0,0.953251,0.104803,0.3054,0.66528,12.849,1,0.493277,1.00023,0,72.6201,4.12682,69.0002,0.84672,12.849,0.84672,3695.15,0,36.966,0.327434,1.4216,2.07933,6.46066,1.0228,8.61135,0.42336,36.966,0.42336,423.524,0,1.02816,0,0,2.44976,1.4216,1.028160,1,0,77.917,0,0,0,77.917,0
72.29,2.77535,0,0,4.8334,0.33875,1.7193,3.6288,61.308,0.543096,0,0,1.38628,0.112953,0.73023,0.66528,12.849,1,0.493297,1.7193,0,100.016,3.88591,97.3559,0.84672,12.849,0.84672,3695.15,0,36.966,0.327463,3.00012,2.07941,8.85237,1.0045,12.5999,0.42336,36.966,0.42336,423.524,0,1.02816,0,0,4.02828,3.00012,1.028160,1,0,110.686,0,0,0,110.686,0
72.29,2.87687,0,0,4.55775,0.3203,1.36058,3.6288,61.308,0.590785,0,0,1.71008,0.109471,1.00982,0.66528,12.849,1,0.511342,1.36058,0,131.359,3.98276,128.226,0.84672,12.849,0.84672,3695.15,0,36.966,0.356217,4.32268,2.07949,12.7169,0.991222,17.7716,0.42336,36.966,0.42336,423.524,0,1.02816,0,0,5.35084,4.32268,1.028160,1,0,147.007,0,0,0,147.007,0
72.29,2.87698,0,0,5.08334,0.3203,1.88606,3.6288,61.308,0.590835,0,0,1.86538,0.109471,1.16507,0.66528,12.849,1,0.511362,1.88606,0,143.381,3.98276,140.773,0.84672,12.849,0.84672,3695.15,0,36.966,0.356247,3.48506,2.16096,13.063,0.991222,17.3615,0.42336,36.966,0.42336,423.524,0,1.02816,0,0,4.51322,3.48506,1.028160,1,0,159.299,0,0,0,159.299,0
72.29,2.8771,0,0,4.17398,0.3203,0.976584,3.6288,61.308,0.590885,0,0,1.62987,0.109471,0.929511,0.66528,12.849,1,0.511383,0.976584,0,105.308,3.98276,101.79,0.84672,12.849,0.84672,3695.15,0,36.966,0.356277,3.81197,2.16105,9.55731,0.991222,14.1828,0.42336,36.966,0.42336,423.524,0,1.02816,0,0,4.84013,3.81197,1.028160,1,0,116.903,0,0,0,116.903,0
72.29,2.87722,0,0,3.88082,0.259665,0.743939,3.6288,61.308,0.590934,0,0,1.48533,0.126873,0.767521,0.66528,12.849,1,0.511403,0.743939,0,106.529,4.21755,102.544,0.84672,12.849,0.84672,3695.15,0,36.966,0.356307,3.36406,2.16114,10.0806,1.02391,14.2256,0.42336,36.966,0.42336,423.524,0,1.02816,0,0,4.39222,3.36406,1.028160,1,0,117.537,0,0,0,117.537,0
72.29,2.83768,0,0,3.80716,0.240106,0.729382,3.6288,61.308,0.572478,0,0,1.45973,0.184948,0.702303,0.66528,12.849,1,0.504375,0.729382,0,97.9793,3.9396,94.2647,0.84672,12.849,0.84672,3695.15,0,36.966,0.345179,3.40548,2.16122,8.62842,1.04939,12.8006,0.42336,36.966,0.42336,423.524,0,1.02816,0,0,4.43364,3.40548,1.028160,1,0,107.768,0,0,0,107.768,0
71.9598,2.83779,0,0,3.11057,0.240106,0.36288,3.6288,61.308,0.572526,0,0,1.25183,0.184948,0.494358,0.66528,12.849,1,0.504396,0.36288,0,74.0016,3.9396,69.9205,0.84672,12.849,0.84672,3695.15,0,36.966,0.345208,2.76514,2.12964,5.79994,1.04939,9.30011,0.42336,36.966,0.42336,423.524,0,1.02816,0,0,3.7933,2.76514,1.028160,1,0,79.715,0,0,0,79.715,0
71.2667,2.83594,0,0,2.74523,0.239505,0.36288,3.6288,61.308,0.572575,0,0,1.17139,0.184948,0.413871,0.66528,12.849,1,0.50638,0.36288,0,64.5011,3.9396,60.418,0.84672,12.849,0.84672,3695.15,0,36.966,0.345238,2.29078,2.12972,5.1252,1.04939,8.15107,0.42336,36.966,0.42336,423.524,0,1.02816,0,0,3.31894,2.29078,1.028160,1,0,68.9829,0,0,0,68.9829,0
70.3074,2.83188,0,0,2.47366,0.238242,0.36288,3.6288,61.308,0.572624,0,0,1.03811,0.184948,0.280541,0.66528,12.849,1,0.510573,0.36288,0,56.3054,3.9396,52.2181,0.84672,12.849,0.84672,3695.15,0,36.966,0.345267,1.95441,2.12981,4.62833,1.04939,7.31789,0.42336,36.966,0.42336,423.524,0,1.02816,0,0,2.98257,1.95441,1.028160,1,0,59.8165,0,0,0,59.8165,0
69.2369,2.96017,0,0,2.41981,0.167176,0.36288,3.6288,61.308,0.638313,0,0,1.01826,0.171418,0.208528,0.66528,12.849,1,0.540985,0.36288,0,53.9679,3.696,50.0938,0.84672,12.849,0.84672,3695.15,0,36.966,0.384875,2.2597,2.1299,4.93919,1.04835,7.89555,0.42336,36.966,0.42336,423.524,0,1.02816,0,0,3.28786,2.2597,1.028160,1,0,58.1979,0,0,0,58.1979,0
68.1109,2.95323,0,0,2.34933,0.159264,0.36288,3.6288,61.308,0.638365,0,0,1.06858,0.1758,0.254413,0.66528,12.849,1,0.548061,0.36288,0,51.2952,3.79302,47.317,0.84672,12.849,0.84672,3695.15,0,36.966,0.384906,2.28545,2.24099,5.29531,1.08308,8.35376,0.42336,36.966,0.42336,423.524,0,1.02816,0,0,3.31361,2.28545,1.028160,1,0,55.9252,0,0,0,55.9252,0
66.8888,2.94573,0,0,2.24435,0.157871,0.36288,3.6288,61.308,0.638416,0,0,1.0731,0.1758,0.258881,0.66528,12.849,1,0.555706,0.36288,0,48.1946,3.79302,44.2088,0.84672,12.849,0.84672,3695.15,0,36.966,0.384937,2.13947,2.24108,5.09181,1.08308,8.00434,0.42336,36.966,0.42336,423.524,0,1.02816,0,0,3.16763,2.13947,1.028160,1,0,52.472,0,0,0,52.472,0
65.5305,2.93733,0,0,2.09826,0.156359,0.36288,3.6288,61.308,0.638468,0,0,0.998948,0.1758,0.184681,0.66528,12.849,1,0.564246,0.36288,0,44.9801,3.79302,40.9857,0.84672,12.849,0.84672,3695.15,0,36.966,0.384968,1.96988,2.24117,4.82322,1.08308,7.56621,0.42336,36.966,0.42336,423.524,0,1.02816,0,0,2.99804,1.96988,1.028160,1,0,48.7366,0,0,0,48.7366,0
64.2277,2.92767,0,0,2.08236,0.0945535,0.36288,3.6288,61.308,0.63852,0,0,1.06173,0.215086,0.208121,0.66528,12.849,1,0.574048,0.36288,0,38.6859,4.58186,33.8929,0.84672,12.849,0.84672,3695.15,0,36.966,0.384999,1.82161,2.24126,4.9783,1.19916,7.457,0.42336,36.966,0.42336,423.524,0,1.02816,0,0,2.84977,1.82161,1.028160,1,0,41.5581,0,0,0,41.5581,0
62.9075,2.89195,0,0,2.03252,0.0979172,0.36288,3.6288,61.308,0.66528,0,0,1.11182,0.200351,0.24619,0.66528,12.849,1,0.578545,0.36288,0,35.3239,4.15107,30.9571,0.84672,12.849,0.84672,3695.15,0,36.966,0.416162,1.51283,2.24135,5.05929,1.14107,7.25624,0.42336,36.966,0.42336,423.524,0,1.02816,0,0,2.54099,1.51283,1.028160,1,0,38.4596,0,0,0,38.4596,0
61.4109,2.88198,0,0,1.84519,0.0968724,0.36288,3.6288,61.308,0.66528,0,0,1.05032,0.200351,0.18469,0.66528,12.849,1,0.588652,0.36288,0,34.2741,4.15107,29.8973,0.84672,12.849,0.84672,3695.15,0,36.966,0.416248,1.26356,2.28025,4.75568,1.14107,6.74217,0.42336,36.966,0.42336,423.524,0,1.02816,0,0,2.29172,1.26356,1.028160,1,0,36.8241,0,0,0,36.8241,0
59.7804,2.87024,0,0,1.68956,0.0869537,0.36288,3.6288,61.308,0.66528,0,0,0.999631,0.22229,0.112061,0.66528,12.849,1,0.600539,0.36288,0,30.2254,4.43337,25.5544,0.84672,12.849,0.84672,3695.15,0,36.966,0.416333,1.16954,2.28034,4.61846,1.24411,6.40789,0.42336,36.966,0.42336,423.524,0,1.02816,0,0,2.1977,1.16954,1.028160,1,0,32.0743,0,0,0,32.0743,0
58.1385,2.85687,0,0,1.64263,0.0647723,0.36288,3.6288,61.2958,0.66528,0,0,0.93655,0.283478,0,0.66528,12.849,1,0.614045,0.36288,0,27.1937,5.21679,21.7258,0.84672,12.849,0.84672,3695.15,0,36.966,0.416418,1.14363,2.28043,4.37674,1.50296,5.88143,0.42336,36.966,0.42336,423.524,0,1.02816,0,0,2.17179,1.14363,1.028160,1,0,27.6072,0,0,0,27.6072,0
56.6258,2.90913,0,0,1.82644,0.0671388,0.36288,3.6288,61.269,0.66528,0,0,0.960008,0.321511,0,0.66528,12.849,1,0.642936,0.36288,0,27.9996,5.68281,22.0368,0.84672,12.849,0.84672,3695.15,0,36.966,0.46806,1.40267,2.28053,4.39262,1.51039,6.09736,0.42336,36.966,0.42336,423.524,0,1.02816,0,0,2.43083,1.40267,1.028160,1,0,28.1341,0,0,0,28.1341,0
54.919,2.89524,0,0,1.61743,0.0661499,0.36288,3.6288,61.1838,0.66528,0,0,0.901506,0.321457,0,0.66528,12.849,1,0.656961,0.36288,0,26.3809,5.68281,20.404,0.84672,12.849,0.84672,3695.15,0,36.966,0.468147,1.23479,2.33563,4.34987,1.51039,5.94175,0.42336,36.966,0.42336,423.524,0,1.02816,0,0,2.26295,1.23479,1.028160,1,0,26.3457,0,0,0,26.3457,0
53.0815,2.87881,0,0,1.46927,0.0650341,0.36288,3.6288,61.0743,0.66528,0,0,0.877072,0.321283,0,0.66528,12.849,1,0.673535,0.36288,0,24.8333,5.68281,18.8398,0.84672,12.849,0.84672,3695.15,0,36.966,0.468234,1.08863,2.33573,4.19459,1.51039,5.64032,0.42336,36.966,0.42336,423.524,0,1.02816,0,0,2.11679,1.08863,1.028160,1,0,24.4801,0,0,0,24.4801,0
51.0537,2.86016,0,0,1.24442,0.0492319,0.36288,3.6288,60.9546,0.66528,0,0,0.872312,0.326711,0,0.66528,12.849,1,0.692334,0.36288,0,23.6666,5.95961,17.3775,0.84672,12.849,0.84672,3695.15,0,36.966,0.468322,1.07044,2.33582,4.11614,1.51089,5.54319,0.42336,36.966,0.42336,423.524,0,1.02816,0,0,2.0986,1.07044,1.028160,1,0,22.9207,0,0,0,22.9207,0
48.8103,3.02786,0,0,1.23203,0.084719,0.36288,3.6288,60.7169,0.66528,0,0,0.729881,0.302312,0,0.66528,12.849,1,0.76204,0.36288,0,18.7941,6.09414,12.3008,0.84672,12.849,0.84672,3695.15,0,36.966,0.654535,0.748613,2.33591,3.76561,1.45997,4.73563,0.42336,36.966,0.42336,423.524,0,1.02816,0,0,1.77677,0.748613,1.028160,1,0,17.0364,0,0,0,17.0364,0
46.734,3.00025,0,0,1.37462,0.0877709,0.36288,3.6288,60.5436,0.66528,0,0,0.792072,0.300042,0,0.66528,12.849,1,0.789798,0.36288,0,20.1272,6.31438,13.3859,0.84672,12.849,0.84672,3695.15,0,36.966,0.654629,0.942607,2.52427,3.57248,1.50208,4.88266,0.42336,36.966,0.42336,423.524,0,1.02816,0,0,1.97077,0.942607,1.028160,1,0,18.2686,0,0,0,18.2686,0
44.4153,2.97285,0,0,1.10289,0.0857998,0.36288,3.6288,60.2015,0.66528,0,0,0.62282,0.299712,0,0.66528,12.849,1,0.817353,0.36288,0,23.6742,6.31438,16.9053,0.84672,12.849,0.84672,3695.15,0,36.966,0.654724,0.552744,2.52437,2.96762,1.50208,3.88794,0.42336,36.966,0.42336,423.524,0,1.02816,0,0,1.5809,0.552744,1.028160,1,0,20.7933,0,0,0,20.7933,0
42.3352,2.93988,0,0,1.30619,0.0835985,0.36288,3.6288,60.1879,0.66528,0,0,0.950721,0.29906,0,0.66528,12.849,1,0.850483,0.36288,0,20.3202,6.31438,13.5182,0.84672,12.849,0.84672,3695.15,0,36.966,0.654819,1.35,2.52448,4.01313,1.50208,5.73071,0.42336,36.966,0.42336,423.524,0,1.02816,0,0,2.37816,1.35,1.028160,1,0,19.2489,0,0,0,19.2489,0
40.208,2.90793,0,0,1.2313,0.0876783,0.36288,3.6288,60.0403,0.66528,0,0,0.814579,0.296876,0,0.66528,12.849,1,0.882577,0.36288,0,20.7081,6.17565,14.0127,0.84672,12.849,0.84672,3695.15,0,36.966,0.654913,1.11887,2.52458,4.42514,1.4145,5.99918,0.42336,36.966,0.42336,423.524,0,1.02816,0,0,2.14703,1.11887,1.028160,1,0,20.0119,0,0,0,20.0119,0
38.1441,2.78502,0,0,1.1774,0.0933822,0.36288,3.6288,59.9492,0.66528,0,0,0.867931,0.293722,0,0.66528,12.849,1,0.88999,0.36288,0,20.0268,5.99067,13.509,0.84672,12.849,0.84672,3695.15,0,36.966,0.542014,1.07861,2.52468,4.44038,1.29773,6.20393,0.42336,36.966,0.42336,423.524,0,1.02816,0,0,2.10677,1.07861,1.028160,1,0,19.713,0,0,0,19.713,0
36.1553,2.74911,0,0,1.22841,0.10523,0.36288,3.6288,59.841,0.66528,0,0,0.835566,0.278521,0,0.66528,12.849,1,0.926048,0.36288,0,19.2496,5.78304,12.9034,0.84672,12.849,0.84672,3695.15,0,36.966,0.542104,1.0141,2.41581,4.46848,1.23283,6.12345,0.42336,36.966,0.42336,423.524,0,1.02816,0,0,2.04226,1.0141,1.028160,1,0,19.0268,0,0,0,19.0268,0
36.4591,2.71163,0,0,3.56354,0.185214,0.36288,3.6288,60.9564,0.66528,0,0,1.96894,0.188204,0,0.66528,12.849,1,0.96367,0.36288,0,58.0181,4.53726,52.8801,0.84672,12.849,0.84672,3695.15,0,36.966,0.542194,2.1191,2.41591,11.7364,0.843443,14.8858,0.42336,36.966,0.42336,423.524,0,1.02816,0,0,3.14726,2.1191,1.028160,1,0,67.7658,0,0,0,67.7658,0
35.8098,2.71768,0,0,2.61717,0.185887,0.36288,3.6288,61.308,0.66528,0,0,1.39839,0.189544,0.192002,0.66528,12.849,1,0.957771,0.36288,0,50.3597,4.53726,45.2276,0.84672,12.849,0.84672,3695.15,0,36.966,0.542284,2.1167,2.416,6.61649,0.843443,9.76347,0.42336,36.966,0.42336,423.524,0,1.02816,0,0,3.14486,2.1167,1.028160,1,0,55.183,0,0,0,55.183,0
33.637,2.63513,0,0,0.98909,0.163941,0.36288,3.6288,60.9142,0.66528,0,0,0.548958,0.277467,0,0.66528,12.849,1,0.945517,0.36288,0,26.5538,4.89206,21.0791,0.84672,12.849,0.84672,3695.15,0,36.966,0.439505,0.298123,2.4161,3.23902,1.19494,4.3188,0.42336,36.966,0.42336,423.524,0,1.02816,0,0,1.32628,0.298123,1.028160,1,0,25.3979,0,0,0,25.3979,0
32.0659,2.59104,0,0,1.54254,0.159661,0.36288,3.6288,60.7861,0.66528,0,0,0.813948,0.276776,0,0.66528,12.849,1,0.989753,0.36288,0,45.2558,4.89206,39.7369,0.84672,12.849,0.84672,3695.15,0,36.966,0.439591,0.850375,2.31893,6.83764,1.19494,8.3724,0.42336,36.966,0.42336,423.524,0,1.02816,0,0,1.87853,0.850375,1.028160,1,0,48.1093,0,0,0,48.1093,0
31.7269,2.55652,0,0,2.76951,0.18914,0.36288,3.6288,61.206,0.66528,0,0,1.34721,0.262065,0,0.66528,12.849,1,1.02441,0.36288,0,61.5563,4.46312,56.4316,0.84672,12.849,0.84672,3695.15,0,36.966,0.439677,1.18181,2.31902,9.78641,1.13265,11.7149,0.42336,36.966,0.42336,423.524,0,1.02816,0,0,2.20997,1.18181,1.028160,1,0,68.1466,0,0,0,68.1466,0
31.8823,2.54883,0,0,3.26092,0.193739,0.36288,3.6288,61.308,0.66528,0,0,1.22289,0.260342,0.195234,0.66528,12.849,1,1.03225,0.36288,0,62.5191,4.39162,57.4581,0.84672,12.849,0.84672,3695.15,0,36.966,0.439763,1.61237,2.31911,6.63993,1.12226,9.00938,0.42336,36.966,0.42336,423.524,0,1.02816,0,0,2.64053,1.61237,1.028160,1,0,66.6628,0,0,0,66.6628,0
31.9791,2.36029,0,0,3.02202,0.202099,0.36288,3.6288,61.308,0.555753,0,0,1.29228,0.22806,0.508472,0.66528,12.849,1,0.951228,0.36288,0,81.2938,4.83697,75.8684,0.84672,12.849,0.84672,3695.15,0,36.966,0.335094,1.31495,2.31921,9.28565,1.15803,11.4267,0.42336,36.966,0.42336,423.524,0,1.02816,0,0,2.34311,1.31495,1.028160,1,0,87.8036,0,0,0,87.8036,0
33.4108,2.36244,0,0,4.36251,0.205541,0.36288,3.6288,61.308,0.555801,0,0,1.91578,0.21508,1.1449,0.66528,12.849,1,0.949213,0.36288,0,88.2455,5.01511,82.6441,0.84672,12.849,0.84672,3695.15,0,36.966,0.335123,1.26122,2.1032,10.6102,1.17234,12.4671,0.42336,36.966,0.42336,423.524,0,1.02816,0,0,2.28938,1.26122,1.028160,1,0,96.2561,0,0,0,96.2561,0
36.1361,2.39191,0,0,5.68936,0.209246,0.36288,3.6288,61.308,0.555849,0,0,2.32922,0.21508,1.55829,0.66528,12.849,1,0.919874,0.36288,0,123.411,5.01511,117.839,0.84672,12.849,0.84672,3695.15,0,36.966,0.335152,1.4542,2.10329,17.8108,1.17234,19.8608,0.42336,36.966,0.42336,423.524,0,1.02816,0,0,2.48236,1.4542,1.028160,1,0,139.258,0,0,0,139.258,0
38.2471,2.44319,0,0,5.11622,0.199101,0.36288,3.6288,61.308,0.555897,0,0,4.78227,0.196478,4.02989,0.66528,12.849,1,0.868731,0.36288,0,136.675,4.37197,131.797,0.84672,12.849,0.84672,3695.15,0,36.966,0.335181,3.25939,2.10337,17.8048,1.09199,21.7404,0.42336,36.966,0.42336,423.524,0,1.02816,0,0,4.28755,3.25939,1.028160,1,0,157.568,0,0,0,157.568,0
41.42,2.47918,0,0,6.22194,0.207048,0.36288,3.6288,61.308,0.555946,0,0,2.60313,0.197156,1.85003,0.66528,12.849,1,0.832873,0.36288,0,114.779,4.41121,109.898,0.84672,12.849,0.84672,3695.15,0,36.966,0.335211,2.60934,2.10346,12.6866,1.11332,15.9509,0.42336,36.966,0.42336,423.524,0,1.02816,0,0,3.6375,2.60934,1.028160,1,0,127.699,0,0,0,127.699,0
45.0781,2.60716,0,0,6.85822,0.230087,0.36288,3.6288,61.308,0.594706,0,0,2.5058,0.206602,1.70449,0.66528,12.849,1,0.808774,0.36288,0,169.804,4.77729,164.58,0.84672,12.849,0.84672,3695.15,0,36.966,0.358581,2.52437,2.10354,11.6726,1.20011,14.7418,0.42336,36.966,0.42336,423.524,0,1.02816,0,0,3.55253,2.52437,1.028160,1,0,181.027,0,0,0,181.027,0
50.6284,2.65832,0,0,8.8115,0.239982,0.36288,3.6288,61.308,0.594746,0,0,2.86818,0.206602,2.06683,0.66528,12.849,1,0.757725,0.36288,0,234.189,4.77729,229.017,0.84672,12.849,0.84672,3695.15,0,36.966,0.358606,3.23236,2.17101,12.5028,1.20011,16.3474,0.42336,36.966,0.42336,423.524,0,1.02816,0,0,4.26052,3.23236,1.028160,1,0,247.431,0,0,0,247.431,0
53.5428,2.72466,0,0,6.25309,0.25109,0.36288,3.6288,61.308,0.594786,0,0,3.05266,0.199907,2.25797,0.66528,12.849,1,0.691493,0.36288,0,173.209,4.60926,168.271,0.84672,12.849,0.84672,3695.15,0,36.966,0.35863,2.93834,2.17108,11.6805,1.15241,15.2789,0.42336,36.966,0.42336,423.524,0,1.02816,0,0,3.9665,2.93834,1.028160,1,0,185.808,0,0,0,185.808,0
58.0877,2.75511,0,0,7.89765,0.234821,0.36288,3.6288,61.308,0.594826,0,0,3.00754,0.159737,2.25298,0.66528,12.849,1,0.66116,0.36288,0,195.109,3.60108,191.21,0.84672,12.849,0.84672,3695.15,0,36.966,0.358654,3.01115,2.17115,10.5715,0.866212,14.5289,0.42336,36.966,0.42336,423.524,0,1.02816,0,0,4.03931,3.01115,1.028160,1,0,207.992,0,0,0,207.992,0
59.7816,3.07042,0,0,5.35755,0.230357,0.36288,3.6288,61.308,0.66528,0,0,3.82355,0.164424,2.99385,0.66528,12.849,1,0.679178,0.36288,0,154.003,3.23883,150.448,0.84672,12.849,0.84672,3695.15,0,36.966,0.521271,4.66866,2.17122,13.5723,1.04237,18.8486,0.42336,36.966,0.42336,423.524,0,1.02816,0,0,5.69682,4.66866,1.028160,1,0,172.29,0,0,0,172.29,0
60.6097,3.08636,0,0,4.53507,0.257716,0.36288,3.6288,61.308,0.66528,0,0,2.7222,0.150132,1.90679,0.66528,12.849,1,0.66336,0.36288,0,153.176,3.266,149.609,0.84672,12.849,0.84672,3695.15,0,36.966,0.521342,3.02116,2.41376,9.35185,1.03339,13.232,0.42336,36.966,0.42336,423.524,0,1.02816,0,0,4.04932,3.02116,1.028160,1,0,164.748,0,0,0,164.748,0
64.8087,3.09394,0,0,7.9631,0.307203,0.36288,3.6288,61.308,0.66528,0,0,3.08527,0.179975,2.24001,0.66528,12.849,1,0.655903,0.36288,0,186.238,3.21843,182.726,0.84672,12.849,0.84672,3695.15,0,36.966,0.521414,4.90265,2.41384,11.5167,1.06631,17.2454,0.42336,36.966,0.42336,423.524,0,1.02816,0,0,5.93081,4.90265,1.028160,1,0,202.212,0,0,0,202.212,0
64.643,3.12951,0,0,3.64942,0.322732,0.36288,3.6288,61.308,0.66528,0,0,2.43635,0.186833,1.58424,0.66528,12.849,1,0.620457,0.36288,0,149.366,3.19956,145.909,0.84672,12.849,0.84672,3695.15,0,36.966,0.521486,2.15901,2.41392,10.3201,1.07659,13.295,0.42336,36.966,0.42336,423.524,0,1.02816,0,0,3.18717,2.15901,1.028160,1,0,160.788,0,0,0,160.788,0
69.3179,2.73175,0,0,8.08073,0.311219,0.36288,3.6288,61.308,0.545305,0,0,3.20858,0.154481,2.50879,0.66528,12.849,1,0.542987,0.36288,0,133.947,2.50602,131.261,0.84672,12.849,0.84672,3695.15,0,36.966,0.328795,3.28776,2.414,11.9379,0.830243,16.4806,0.42336,36.966,0.42336,423.524,0,1.02816,0,0,4.31592,3.28776,1.028160,1,0,150.25,0,0,0,150.25,0
70.7788,2.76274,0,0,4.90748,0.321022,0.36288,3.6288,61.308,0.545343,0,0,2.40798,0.149089,1.71354,0.66528,12.849,1,0.51211,0.36288,0,126.585,2.39043,124.045,0.84672,12.849,0.84672,3695.15,0,36.966,0.328818,3.06983,2.08337,8.56449,0.789185,12.5997,0.42336,36.966,0.42336,423.524,0,1.02816,0,0,4.09799,3.06983,1.028160,1,0,138.358,0,0,0,138.358,0
72.29,2.77177,0,0,6.59582,0.313464,1.99935,3.6288,61.308,0.545382,0,0,2.57246,0.143073,1.884,0.66528,12.849,1,0.503181,1.99935,0,145.944,2.30324,145.137,0.84672,12.849,0.84672,3695.15,0,36.966,0.328841,2.60462,2.08344,9.44041,0.776659,13.023,0.42336,36.966,0.42336,423.524,0,1.02816,0,0,3.63278,2.60462,1.028160,1,0,160.044,0,0,0,160.044,0
72.29,2.78079,0,0,5.41855,0.296456,2.3413,3.6288,61.308,0.54542,0,0,2.89619,0.174532,2.17624,0.66528,12.849,1,0.494265,2.3413,0,129.279,3.383,127.743,0.84672,12.849,0.84672,3695.15,0,36.966,0.328864,4.09648,2.08351,9.0625,1.0082,13.9054,0.42336,36.966,0.42336,423.524,0,1.02816,0,0,5.12464,4.09648,1.028160,1,0,143.825,0,0,0,143.825,0
72.29,2.78088,0,0,6.72047,0.303275,3.63631,3.6288,61.308,0.545459,0,0,3.07029,0.166275,2.35856,0.66528,12.849,1,0.494281,3.63631,0,124.738,3.33974,124.541,0.84672,12.849,0.84672,3695.15,0,36.966,0.328887,2.97899,2.08357,8.73763,0.91355,12.5578,0.42336,36.966,0.42336,423.524,0,1.02816,0,0,4.00715,2.97899,1.028160,1,0,139.457,0,0,0,139.457,0
72.29,2.88258,0,0,5.73429,0.307523,2.54418,3.6288,61.308,0.593234,0,0,3.0237,0.182184,2.24828,0.66528,12.849,1,0.512358,2.54418,0,126.949,2.98652,125.995,0.84672,12.849,0.84672,3695.15,0,36.966,0.357694,3.01264,2.08364,8.42918,0.883058,12.2847,0.42336,36.966,0.42336,423.524,0,1.02816,0,0,4.0408,3.01264,1.028160,1,0,140.528,0,0,0,140.528,0
72.29,2.88268,0,0,5.02601,0.307523,1.83581,3.6288,61.308,0.593274,0,0,2.5449,0.182184,1.76945,0.66528,12.849,1,0.512374,1.83581,0,101.775,2.98652,100.112,0.84672,12.849,0.84672,3695.15,0,36.966,0.357718,3.05573,2.16526,7.20343,0.883058,11.1836,0.42336,36.966,0.42336,423.524,0,1.02816,0,0,4.08389,3.05573,1.028160,1,0,113.065,0,0,0,113.065,0
72.29,2.88277,0,0,7.62463,0.305345,4.43651,3.6288,61.308,0.593314,0,0,2.97969,0.161121,2.22525,0.66528,12.849,1,0.512391,4.43651,0,167.369,2.24182,169.051,0.84672,12.849,0.84672,3695.15,0,36.966,0.357742,4.52338,2.16533,19.8648,0.742793,25.453,0.42336,36.966,0.42336,423.524,0,1.02816,0,0,5.55154,4.52338,1.028160,1,0,196.729,0,0,0,196.729,0
72.29,2.88286,0,0,5.03607,0.254559,1.89865,3.6288,61.308,0.593354,0,0,2.7009,0.19648,1.91107,0.66528,12.849,1,0.512407,1.89865,0,103.163,2.53902,102.011,0.84672,12.849,0.84672,3695.15,0,36.966,0.357766,3.74794,2.1654,9.45726,0.846382,14.1664,0.42336,36.966,0.42336,423.524,0,1.02816,0,0,4.7761,3.74794,1.028160,1,0,118.088,0,0,0,118.088,0
72.29,2.84322,0,0,4.34229,0.247637,1.25143,3.6288,61.308,0.574851,0,0,2.05565,0.192596,1.2882,0.66528,12.849,1,0.505361,1.25143,0,90.4211,3.65988,87.5072,0.84672,12.849,0.84672,3695.15,0,36.966,0.34661,2.67147,2.16547,7.95666,0.976333,11.4707,0.42336,36.966,0.42336,423.524,0,1.02816,0,0,3.69963,2.67147,1.028160,1,0,100.266,0,0,0,100.266,0
72.29,2.84332,0,0,3.79922,0.247637,0.708271,3.6288,61.308,0.57489,0,0,1.99806,0.192596,1.23057,0.66528,12.849,1,0.505378,0.708271,0,84.0698,3.65988,80.6128,0.84672,12.849,0.84672,3695.15,0,36.966,0.346633,2.46961,2.1338,6.93084,0.976333,10.2113,0.42336,36.966,0.42336,423.524,0,1.02816,0,0,3.49777,2.46961,1.028160,1,0,92.0547,0,0,0,92.0547,0
72.29,2.84341,0,0,4.5541,0.247637,1.46306,3.6288,61.308,0.57493,0,0,2.11438,0.192596,1.34686,0.66528,12.849,1,0.505394,1.46306,0,89.6625,3.65988,86.9602,0.84672,12.849,0.84672,3695.15,0,36.966,0.346657,2.61836,2.13387,8.61589,0.976333,12.0451,0.42336,36.966,0.42336,423.524,0,1.02816,0,0,3.64652,2.61836,1.028160,1,0,100.352,0,0,0,100.352,0
72.29,2.8435,0,0,3.84603,0.233339,0.769188,3.6288,61.308,0.574969,0,0,1.94033,0.187431,1.17793,0.66528,12.849,1,0.505411,0.769188,0,81.9815,3.40923,78.8361,0.84672,12.849,0.84672,3695.15,0,36.966,0.346681,2.45227,2.13394,8.13508,0.949473,11.4251,0.42336,36.966,0.42336,423.524,0,1.02816,0,0,3.48043,2.45227,1.028160,1,0,91.4391,0,0,0,91.4391,0
72.29,2.97848,0,0,3.80164,0.207973,0.615186,3.6288,61.308,0.640775,0,0,1.89006,0.170078,1.07921,0.66528,12.849,1,0.529403,0.615186,0,69.1494,3.76962,65.4655,0.84672,12.849,0.84672,3695.15,0,36.966,0.386359,2.34548,2.13401,7.03598,0.845865,10.2833,0.42336,36.966,0.42336,423.524,0,1.02816,0,0,3.37364,2.34548,1.028160,1,0,76.828,0,0,0,76.828,0
72.062,2.97858,0,0,3.31354,0.200115,0.36288,3.6288,61.308,0.640816,0,0,1.65115,0.163963,0.846368,0.66528,12.849,1,0.52942,0.36288,0,60.5908,3.95388,56.4703,0.84672,12.849,0.84672,3695.15,0,36.966,0.386384,2.06298,2.2453,6.49491,0.80872,9.60809,0.42336,36.966,0.42336,423.524,0,1.02816,0,0,3.09114,2.06298,1.028160,1,0,66.9248,0,0,0,66.9248,0
71.5062,2.97725,0,0,2.98414,0.199769,0.36288,3.6288,61.308,0.640858,0,0,1.40547,0.163963,0.600648,0.66528,12.849,1,0.530859,0.36288,0,56.7524,3.95388,52.6305,0.84672,12.849,0.84672,3695.15,0,36.966,0.386409,1.75065,2.24537,6.29105,0.80872,9.09195,0.42336,36.966,0.42336,423.524,0,1.02816,0,0,2.77881,1.75065,1.028160,1,0,62.3231,0,0,0,62.3231,0
70.7358,2.97385,0,0,2.74635,0.180037,0.36288,3.6288,61.308,0.640899,0,0,1.39522,0.183719,0.570604,0.66528,12.849,1,0.534374,0.36288,0,53.0733,4.34514,48.5566,0.84672,12.849,0.84672,3695.15,0,36.966,0.386434,1.82706,2.24544,6.19935,0.915491,8.96992,0.42336,36.966,0.42336,423.524,0,1.02816,0,0,2.85522,1.82706,1.028160,1,0,58.0972,0,0,0,58.0972,0
70.0141,2.96902,0,0,2.76938,0.159112,0.36288,3.6288,61.308,0.640941,0,0,1.17381,0.201185,0.331688,0.66528,12.849,1,0.539317,0.36288,0,51.9424,4.37551,47.3904,0.84672,12.849,0.84672,3695.15,0,36.966,0.386459,1.28642,2.24552,5.34515,0.978347,7.51228,0.42336,36.966,0.42336,423.524,0,1.02816,0,0,2.31458,1.28642,1.028160,1,0,55.2344,0,0,0,55.2344,0
69.2089,2.93787,0,0,2.64603,0.150562,0.36288,3.6288,61.308,0.66528,0,0,1.13498,0.204717,0.264988,0.66528,12.849,1,0.539159,0.36288,0,50.1856,4.02476,45.9846,0.84672,12.849,0.84672,3695.15,0,36.966,0.420136,1.21624,2.24559,4.85451,0.955384,6.94081,0.42336,36.966,0.42336,423.524,0,1.02816,0,0,2.2444,1.21624,1.028160,1,0,53.1904,0,0,0,53.1904,0
68.1577,2.93268,0,0,2.39407,0.149626,0.36288,3.6288,61.308,0.66528,0,0,1.05331,0.204717,0.183314,0.66528,12.849,1,0.544467,0.36288,0,45.0672,4.02476,40.8608,0.84672,12.849,0.84672,3695.15,0,36.966,0.420204,0.937837,2.28454,4.65591,0.955384,6.50271,0.42336,36.966,0.42336,423.524,0,1.02816,0,0,1.966,0.937837,1.028160,1,0,47.5469,0,0,0,47.5469,0
67.0293,2.92571,0,0,2.28087,0.120738,0.36288,3.6288,61.308,0.66528,0,0,0.996624,0.270531,0.0608131,0.66528,12.849,1,0.55155,0.36288,0,40.8275,4.87166,35.7672,0.84672,12.849,0.84672,3695.15,0,36.966,0.420273,0.947436,2.28462,4.41118,1.26452,5.95844,0.42336,36.966,0.42336,423.524,0,1.02816,0,0,1.9756,0.947436,1.028160,1,0,41.7865,0,0,0,41.7865,0
65.6582,2.91801,0,0,2.0249,0.115101,0.36288,3.6288,61.2931,0.66528,0,0,0.931859,0.2815,0,0.66528,12.849,1,0.55936,0.36288,0,37.341,5.01281,32.1318,0.84672,12.849,0.84672,3695.15,0,36.966,0.420341,0.893437,2.28469,4.26578,1.31604,5.70752,0.42336,36.966,0.42336,423.524,0,1.02816,0,0,1.9216,0.893437,1.028160,1,0,37.8393,0,0,0,37.8393,0
64.4778,2.97621,0,0,2.26537,0.106718,0.36288,3.6288,61.2015,0.66528,0,0,0.885289,0.311582,0,0.66528,12.849,1,0.58243,0.36288,0,40.0656,5.37117,34.4749,0.84672,12.849,0.84672,3695.15,0,36.966,0.472063,0.909524,2.28477,3.67969,1.49585,4.90606,0.42336,36.966,0.42336,423.524,0,1.02816,0,0,1.93768,0.909524,1.028160,1,0,39.3809,0,0,0,39.3809,0
63.1627,2.96741,0,0,2.12095,0.105712,0.36288,3.6288,61.0785,0.66528,0,0,0.85371,0.311402,0,0.66528,12.849,1,0.59134,0.36288,0,37.5832,5.37117,31.9836,0.84672,12.849,0.84672,3695.15,0,36.966,0.472133,0.923288,2.33996,3.80603,1.49585,5.10129,0.42336,36.966,0.42336,423.524,0,1.02816,0,0,1.95145,0.923288,1.028160,1,0,37.0849,0,0,0,37.0849,0
61.6133,2.95728,0,0,1.87531,0.104591,0.36288,3.6288,60.9058,0.66528,0,0,0.803667,0.311159,0,0.66528,12.849,1,0.60159,0.36288,0,35.5024,5.37117,29.8925,0.84672,12.849,0.84672,3695.15,0,36.966,0.472203,0.72112,2.34003,3.57054,1.49585,4.66364,0.42336,36.966,0.42336,423.524,0,1.02816,0,0,1.74928,0.72112,1.028160,1,0,34.5561,0,0,0,34.5561,0
59.9059,2.94486,0,0,1.69462,0.0942603,0.36288,3.6288,60.7202,0.66528,0,0,0.795727,0.315986,0,0.66528,12.849,1,0.614128,0.36288,0,33.6539,5.52072,27.882,0.84672,12.849,0.84672,3695.15,0,36.966,0.472273,0.668909,2.34011,3.56263,1.52573,4.57364,0.42336,36.966,0.42336,423.524,0,1.02816,0,0,1.69707,0.668909,1.028160,1,0,32.4556,0,0,0,32.4556,0
57.8995,3.12626,0,0,1.57896,0.0962071,0.36288,3.6288,60.409,0.66528,0,0,0.697623,0.343562,0,0.66528,12.849,1,0.67054,0.36288,0,30.9142,5.69705,24.9095,0.84672,12.849,0.84672,3695.15,0,36.966,0.658808,0.515134,2.34018,3.08718,1.48278,3.8009,0.42336,36.966,0.42336,423.524,0,1.02816,0,0,1.54329,0.515134,1.028160,1,0,28.7104,0,0,0,28.7104,0
56.3275,3.10734,0,0,1.99875,0.100528,0.36288,3.6288,60.1845,0.66528,0,0,0.806354,0.36561,0,0.66528,12.849,1,0.689578,0.36288,0,37.4065,5.74938,31.3305,0.84672,12.849,0.84672,3695.15,0,36.966,0.658884,0.815564,2.52887,3.31024,1.49854,4.49725,0.42336,36.966,0.42336,423.524,0,1.02816,0,0,1.84372,0.815564,1.028160,1,0,35.8277,0,0,0,35.8277,0
54.353,3.09177,0,0,1.57907,0.0989861,0.36288,3.6288,59.7427,0.66528,0,0,0.588602,0.365088,0,0.66528,12.849,1,0.705271,0.36288,0,38.6024,5.74938,32.5106,0.84672,12.849,0.84672,3695.15,0,36.966,0.65896,0.292723,2.52895,2.62291,1.49854,3.28707,0.42336,36.966,0.42336,423.524,0,1.02816,0,0,1.32088,0.292723,1.028160,1,0,35.7977,0,0,0,35.7977,0
52.7776,3.07115,0,0,1.95572,0.0970489,0.36288,3.6288,59.6926,0.66528,0,0,0.979228,0.364061,0,0.66528,12.849,1,0.726017,0.36288,0,34.2105,5.74938,28.098,0.84672,12.849,0.84672,3695.15,0,36.966,0.659036,1.32773,2.52903,3.94148,1.49854,5.64067,0.42336,36.966,0.42336,423.524,0,1.02816,0,0,2.35589,1.32773,1.028160,1,0,33.7387,0,0,0,33.7387,0
50.9661,3.05382,0,0,1.71301,0.107791,0.36288,3.6288,59.3942,0.66528,0,0,0.713517,0.34659,0,0.66528,12.849,1,0.743469,0.36288,0,27.4342,5.09354,21.9601,0.84672,12.849,0.84672,3695.15,0,36.966,0.659112,0.67398,2.52911,3.48004,1.19678,4.82723,0.42336,36.966,0.42336,423.524,0,1.02816,0,0,1.70214,0.67398,1.028160,1,0,26.7874,0,0,0,26.7874,0
50.0495,2.94028,0,0,2.52676,0.140226,0.36288,3.6288,59.4049,0.66528,0,0,1.05602,0.380109,0,0.66528,12.849,1,0.74127,0.36288,0,22.8497,5.49245,16.9789,0.84672,12.849,0.84672,3695.15,0,36.966,0.545993,1.47936,2.52919,3.84849,1.25382,6.05723,0.42336,36.966,0.42336,423.524,0,1.02816,0,0,2.50752,1.47936,1.028160,1,0,23.0361,0,0,0,23.0361,0
48.986,2.92957,0,0,2.37033,0.141409,0.36288,3.6288,59.4313,0.66528,0,0,1.07287,0.381129,0,0.66528,12.849,1,0.752096,0.36288,0,28.1245,5.50872,22.2266,0.84672,12.849,0.84672,3695.15,0,36.966,0.546066,1.40477,2.42011,3.89388,1.26314,5.90955,0.42336,36.966,0.42336,423.524,0,1.02816,0,0,2.43293,1.40477,1.028160,1,0,28.1361,0,0,0,28.1361,0
48.2277,2.91673,0,0,2.66112,0.139813,0.36288,3.6288,59.721,0.66528,0,0,1.33617,0.381194,0,0.66528,12.849,1,0.765057,0.36288,0,45.2468,5.50872,39.3359,0.84672,12.849,0.84672,3695.15,0,36.966,0.546138,1.87726,2.42019,4.95721,1.26314,7.44537,0.42336,36.966,0.42336,423.524,0,1.02816,0,0,2.90542,1.87726,1.028160,1,0,46.7813,0,0,0,46.7813,0
47.6124,2.90732,0,0,2.80686,0.151953,0.36288,3.6288,60.0802,0.66528,0,0,1.4099,0.385399,0,0.66528,12.849,1,0.774581,0.36288,0,99.1587,5.66948,93.0775,0.84672,12.849,0.84672,3695.15,0,36.966,0.546211,1.66786,2.42026,5.67612,1.29402,7.92401,0.42336,36.966,0.42336,423.524,0,1.02816,0,0,2.69602,1.66786,1.028160,1,0,101.002,0,0,0,101.002,0
46.7742,2.82463,0,0,2.4997,0.150382,0.36288,3.6288,60.1526,0.66528,0,0,0.954478,0.216838,0,0.66528,12.849,1,0.762275,0.36288,0,41.9229,5.09645,36.4271,0.84672,12.849,0.84672,3695.15,0,36.966,0.443234,0.802129,2.42034,3.69711,1.20242,5.27392,0.42336,36.966,0.42336,423.524,0,1.02816,0,0,1.83029,0.802129,1.028160,1,0,41.701,0,0,0,41.701,0
46.9262,2.81401,0,0,3.54331,0.2144,0.36288,3.6288,60.5411,0.66528,0,0,1.25062,0.19682,0,0.66528,12.849,1,0.773016,0.36288,0,48.9229,4.98742,43.5253,0.84672,12.849,0.84672,3695.15,0,36.966,0.443303,1.19909,2.32298,3.61776,1.16427,5.53226,0.42336,36.966,0.42336,423.524,0,1.02816,0,0,2.22725,1.19909,1.028160,1,0,49.0576,0,0,0,49.0576,0
49.815,2.81607,0,0,6.29558,0.227876,0.36288,3.6288,61.308,0.66528,0,0,1.78673,0.199252,0.155327,0.66528,12.849,1,0.771075,0.36288,0,71.6571,5.01197,66.2369,0.84672,12.849,0.84672,3695.15,0,36.966,0.443372,1.81965,2.32306,4.88158,1.1656,7.41532,0.42336,36.966,0.42336,423.524,0,1.02816,0,0,2.84781,1.81965,1.028160,1,0,73.8075,0,0,0,73.8075,0
53.5082,2.8517,0,0,7.14302,0.235137,0.36288,3.6288,61.308,0.66528,0,0,1.85155,0.200223,0.986049,0.66528,12.849,1,0.735553,0.36288,0,140.816,5.01197,135.431,0.84672,12.849,0.84672,3695.15,0,36.966,0.443441,2.89309,2.32313,8.253,1.1656,11.8602,0.42336,36.966,0.42336,423.524,0,1.02816,0,0,3.92125,2.89309,1.028160,1,0,148.277,0,0,0,148.277,0
54.2559,2.67488,0,0,4.00893,0.223521,0.36288,3.6288,61.308,0.557808,0,0,1.37018,0.186721,0.625654,0.66528,12.849,1,0.642322,0.36288,0,78.8346,4.28643,74.2687,0.84672,12.849,0.84672,3695.15,0,36.966,0.336333,1.77448,2.32321,5.78997,0.957445,8.59388,0.42336,36.966,0.42336,423.524,0,1.02816,0,0,2.80264,1.77448,1.028160,1,0,83.4882,0,0,0,83.4882,0
54.9161,2.68212,0,0,3.94085,0.235655,0.36288,3.6288,61.308,0.557846,0,0,1.54284,0.176924,0.808074,0.66528,12.849,1,0.635186,0.36288,0,63.2339,3.81119,59.1504,0.84672,12.849,0.84672,3695.15,0,36.966,0.336357,1.48065,2.10681,5.39711,0.830619,7.8176,0.42336,36.966,0.42336,423.524,0,1.02816,0,0,2.50881,1.48065,1.028160,1,0,67.7761,0,0,0,67.7761,0
55.5459,2.6884,0,0,3.91834,0.237229,0.36288,3.6288,61.308,0.557885,0,0,2.01973,0.176924,1.28492,0.66528,12.849,1,0.629019,0.36288,0,73.6206,3.81119,69.5433,0.84672,12.849,0.84672,3695.15,0,36.966,0.33638,2.03421,2.10688,6.61904,0.830619,9.59314,0.42336,36.966,0.42336,423.524,0,1.02816,0,0,3.06237,2.03421,1.028160,1,0,80.4213,0,0,0,80.4213,0
57.5116,2.69428,0,0,5.2721,0.249312,0.36288,3.6288,61.308,0.557924,0,0,2.41231,0.166476,1.6879,0.66528,12.849,1,0.623246,0.36288,0,79.9675,3.95661,75.7505,0.84672,12.849,0.84672,3695.15,0,36.966,0.336403,2.14949,2.10695,7.39969,0.857277,10.4625,0.42336,36.966,0.42336,423.524,0,1.02816,0,0,3.17765,2.14949,1.028160,1,0,87.9009,0,0,0,87.9009,0
63.6365,2.71178,0,0,9.46432,0.264715,0.36288,3.6288,61.308,0.557963,0,0,3.4955,0.193461,2.74408,0.66528,12.849,1,0.605854,0.36288,0,137.837,4.90737,132.687,0.84672,12.849,0.84672,3695.15,0,36.966,0.336427,3.06073,2.10702,12.0785,1.13788,15.772,0.42336,36.966,0.42336,423.524,0,1.02816,0,0,4.08889,3.06073,1.028160,1,0,151.203,0,0,0,151.203,0
67.8269,2.84685,0,0,7.65927,0.25917,0.36288,3.6288,61.308,0.596779,0,0,2.06893,0.235519,1.23663,0.66528,12.849,1,0.574814,0.36288,0,85.1014,4.50923,80.3803,0.84672,12.849,0.84672,3695.15,0,36.966,0.359831,3.36912,2.10709,8.39221,1.04812,12.4605,0.42336,36.966,0.42336,423.524,0,1.02816,0,0,4.39728,3.36912,1.028160,1,0,94.0773,0,0,0,94.0773,0
71.7529,2.87678,0,0,7.43368,0.267989,0.36288,3.6288,61.308,0.596809,0,0,1.89006,0.235519,1.05773,0.66528,12.849,1,0.544971,0.36288,0,150.523,4.50923,145.832,0.84672,12.849,0.84672,3695.15,0,36.966,0.359849,2.56662,2.17465,8.7245,1.04812,12.0578,0.42336,36.966,0.42336,423.524,0,1.02816,0,0,3.59478,2.56662,1.028160,1,0,158.948,0,0,0,158.948,0
72.29,2.90214,0,0,6.17279,0.276252,2.45731,3.6288,61.308,0.596839,0,0,1.52105,0.235519,0.688688,0.66528,12.849,1,0.519694,2.45731,0,98.1167,4.50923,95.5451,0.84672,12.849,0.84672,3695.15,0,36.966,0.359868,2.52868,2.17471,6.22299,1.04812,9.51839,0.42336,36.966,0.42336,423.524,0,1.02816,0,0,3.55684,2.52868,1.028160,1,0,105.752,0,0,0,105.752,0
72.29,2.90549,0,0,5.47073,0.28041,2.28483,3.6288,61.308,0.59687,0,0,1.31411,0.213354,0.503886,0.66528,12.849,1,0.516428,2.28483,0,86.4225,4.16519,84.0257,0.84672,12.849,0.84672,3695.15,0,36.966,0.359886,1.98672,2.17476,5.51789,0.956188,8.36329,0.42336,36.966,0.42336,423.524,0,1.02816,0,0,3.01488,1.98672,1.028160,1,0,92.8929,0,0,0,92.8929,0
72.29,3.18896,0,0,6.08819,0.244745,2.65449,3.6288,61.308,0.66528,0,0,1.51097,0.242041,0.603651,0.66528,12.849,1,0.566813,2.65449,0,102.463,3.88781,100.663,0.84672,12.849,0.84672,3695.15,0,36.966,0.524914,3.00543,2.17481,7.95015,1.0849,11.5206,0.42336,36.966,0.42336,423.524,0,1.02816,0,0,4.03359,3.00543,1.028160,1,0,112.788,0,0,0,112.788,0
72.29,3.18904,0,0,6.76555,0.231978,3.34454,3.6288,61.308,0.66528,0,0,1.52164,0.252315,0.604047,0.66528,12.849,1,0.566827,3.34454,0,120.095,3.78651,119.086,0.84672,12.849,0.84672,3695.15,0,36.966,0.524968,3.33467,2.41773,8.40871,1.12786,12.5083,0.42336,36.966,0.42336,423.524,0,1.02816,0,0,4.36283,3.33467,1.028160,1,0,132.199,0,0,0,132.199,0
72.29,3.18911,0,0,6.43257,0.231978,3.01147,3.6288,61.308,0.66528,0,0,1.67663,0.252315,0.759031,0.66528,12.849,1,0.566841,3.01147,0,113.848,3.78651,112.506,0.84672,12.849,0.84672,3695.15,0,36.966,0.525022,3.15776,2.41779,8.87561,1.12786,12.7983,0.42336,36.966,0.42336,423.524,0,1.02816,0,0,4.18592,3.15776,1.028160,1,0,126.063,0,0,0,126.063,0
72.29,3.18919,0,0,6.01093,0.24438,2.57735,3.6288,61.308,0.66528,0,0,2.24809,0.250402,1.33241,0.66528,12.849,1,0.566855,2.57735,0,105.265,3.79668,103.478,0.84672,12.849,0.84672,3695.15,0,36.966,0.525076,3.92917,2.41785,9.14872,1.13062,13.84,0.42336,36.966,0.42336,423.524,0,1.02816,0,0,4.95733,3.92917,1.028160,1,0,118.651,0,0,0,118.651,0
72.29,2.78501,0,0,4.15456,0.318148,1.0514,3.6288,61.308,0.547219,0,0,1.29028,0.195081,0.54798,0.66528,12.849,1,0.495014,1.0514,0,81.6086,3.2661,78.8989,0.84672,12.849,0.84672,3695.15,0,36.966,0.329949,2.03031,2.41791,7.34766,0.902938,10.563,0.42336,36.966,0.42336,423.524,0,1.02816,0,0,3.05847,2.03031,1.028160,1,0,90.0099,0,0,0,90.0099,0
72.29,2.78508,0,0,4.41693,0.317892,1.31396,3.6288,61.308,0.547248,0,0,1.18853,0.177546,0.463733,0.66528,12.849,1,0.495026,1.31396,0,97.5741,3.02946,95.3636,0.84672,12.849,0.84672,3695.15,0,36.966,0.329966,1.64532,2.08673,7.62774,0.805242,10.2246,0.42336,36.966,0.42336,423.524,0,1.02816,0,0,2.67348,1.64532,1.028160,1,0,106.052,0,0,0,106.052,0
72.29,2.78515,0,0,4.83612,0.316351,1.73462,3.6288,61.308,0.547277,0,0,1.06411,0.185875,0.330959,0.66528,12.849,1,0.495038,1.73462,0,91.5745,3.21457,89.5995,0.84672,12.849,0.84672,3695.15,0,36.966,0.329984,1.87543,2.08678,8.05507,0.855701,10.8316,0.42336,36.966,0.42336,423.524,0,1.02816,0,0,2.90359,1.87543,1.028160,1,0,100.762,0,0,0,100.762,0
72.29,2.78521,0,0,4.64963,0.307101,1.55732,3.6288,61.308,0.547307,0,0,1.28687,0.235851,0.50371,0.66528,12.849,1,0.495051,1.55732,0,84.8828,4.32527,81.6198,0.84672,12.849,0.84672,3695.15,0,36.966,0.330002,2.01449,2.08684,8.68234,1.15845,11.2952,0.42336,36.966,0.42336,423.524,0,1.02816,0,0,3.04265,2.01449,1.028160,1,0,93.4187,0,0,0,93.4187,0
72.29,2.78528,0,0,5.76809,0.325628,2.65718,3.6288,61.308,0.547336,0,0,1.66175,0.215636,0.898777,0.66528,12.849,1,0.495063,2.65718,0,125.02,4.13417,123.048,0.84672,12.849,0.84672,3695.15,0,36.966,0.330019,2.68618,2.08689,8.57166,1.0845,11.9302,0.42336,36.966,0.42336,423.524,0,1.02816,0,0,3.71434,2.68618,1.028160,1,0,135.877,0,0,0,135.877,0
72.29,2.88712,0,0,5.65945,0.371943,2.40039,3.6288,61.308,0.595176,0,0,2.71963,0.165098,1.95936,0.66528,12.849,1,0.513164,2.40039,0,104.88,3.65641,103.111,0.84672,12.849,0.84672,3695.15,0,36.966,0.358865,3.93702,2.08694,9.68613,0.899604,14.4516,0.42336,36.966,0.42336,423.524,0,1.02816,0,0,4.96518,3.93702,1.028160,1,0,119.522,0,0,0,119.522,0
72.29,2.88719,0,0,4.97236,0.371943,1.71323,3.6288,61.308,0.595207,0,0,1.90704,0.165098,1.14673,0.66528,12.849,1,0.513176,1.71323,0,116.94,3.65641,114.483,0.84672,12.849,0.84672,3695.15,0,36.966,0.358883,3.02458,2.16866,8.56691,0.899604,12.5017,0.42336,36.966,0.42336,423.524,0,1.02816,0,0,4.05274,3.02458,1.028160,1,0,128.132,0,0,0,128.132,0
72.29,2.88726,0,0,4.21849,0.336232,0.994996,3.6288,61.308,0.595237,0,0,1.49701,0.184129,0.717644,0.66528,12.849,1,0.513189,0.994996,0,108.8,3.88909,105.393,0.84672,12.849,0.84672,3695.15,0,36.966,0.358901,2.40068,2.16871,8.34555,0.945405,11.6106,0.42336,36.966,0.42336,423.524,0,1.02816,0,0,3.42884,2.40068,1.028160,1,0,117.721,0,0,0,117.721,0
72.29,2.88733,0,0,3.89642,0.309448,0.699636,3.6288,61.308,0.595267,0,0,1.67518,0.198402,0.881515,0.66528,12.849,1,0.513201,0.699636,0,75.6441,4.06361,71.7669,0.84672,12.849,0.84672,3695.15,0,36.966,0.35892,2.77898,2.16877,7.57328,0.979756,11.1824,0.42336,36.966,0.42336,423.524,0,1.02816,0,0,3.80714,2.77898,1.028160,1,0,83.8308,0,0,0,83.8308,0
72.29,2.84761,0,0,3.59319,0.274307,0.471272,3.6288,61.308,0.576726,0,0,1.21672,0.207791,0.432203,0.66528,12.849,1,0.506141,0.471272,0,68.1299,4.23391,63.8611,0.84672,12.849,0.84672,3695.15,0,36.966,0.34774,2.03031,2.16882,4.50069,0.989537,7.36254,0.42336,36.966,0.42336,423.524,0,1.02816,0,0,3.05847,2.03031,1.028160,1,0,71.6558,0,0,0,71.6558,0
71.6584,2.84768,0,0,2.85328,0.274307,0.36288,3.6288,61.308,0.576756,0,0,0.990369,0.207791,0.205822,0.66528,12.849,1,0.506153,0.36288,0,57.3609,4.23391,52.9837,0.84672,12.849,0.84672,3695.15,0,36.966,0.347758,1.54753,2.13709,3.72376,0.989537,6.07109,0.42336,36.966,0.42336,423.524,0,1.02816,0,0,2.57569,1.54753,1.028160,1,0,59.2606,0,0,0,59.2606,0
70.9601,2.58754,0,0,2.52508,0.272992,0.36288,3.6288,61.308,0.66528,0,0,0.876709,0.207791,0.00363859,0.66528,12.849,1,0.46397,0.36288,0,54.0504,4.23391,49.7154,0.84672,12.849,0.84672,3695.15,0,36.966,0.561681,1.02506,2.13714,3.5465,0.989537,5.15749,0.42336,36.966,0.42336,423.524,0,1.02816,0,0,2.05322,1.02506,1.028160,1,0,54.8765,0,0,0,54.8765,0
70.4632,2.83978,0,0,2.97727,0.271539,0.36288,3.6288,61.308,0.576815,0,0,0.992909,0.207791,0.208303,0.66528,12.849,1,0.51421,0.36288,0,61.0894,4.23391,56.7041,0.84672,12.849,0.84672,3695.15,0,36.966,0.347794,1.10136,2.31416,4.16305,0.989537,6.24123,0.42336,36.966,0.42336,423.524,0,1.02816,0,0,2.12952,1.10136,1.028160,1,0,63.1537,0,0,0,63.1537,0
69.3986,2.97135,0,0,2.5007,0.23099,0.36288,3.6288,61.308,0.64271,0,0,0.971231,0.201938,0.126583,0.66528,12.849,1,0.541828,0.36288,0,46.8323,4.33582,42.3175,0.84672,12.849,0.84672,3695.15,0,36.966,0.387526,1.29372,2.13725,3.39189,0.994707,5.44062,0.42336,36.966,0.42336,423.524,0,1.02816,0,0,2.32188,1.29372,1.028160,1,0,47.8847,0,0,0,47.8847,0
68.2923,2.96441,0,0,2.3796,0.158656,0.36288,3.6288,61.308,0.642742,0,0,0.882991,0.205166,0.0350824,0.66528,12.849,1,0.548854,0.36288,0,44.0041,4.5275,39.2907,0.84672,12.849,0.84672,3695.15,0,36.966,0.387545,1.12199,2.24869,3.23419,1.01519,5.20214,0.42336,36.966,0.42336,423.524,0,1.02816,0,0,2.15015,1.12199,1.028160,1,0,44.5279,0,0,0,44.5279,0
66.9285,2.957,0,0,2.1134,0.157295,0.36288,3.6288,61.1798,0.642773,0,0,0.719755,0.205166,0,0.66528,12.849,1,0.556352,0.36288,0,39.3538,4.5275,34.6329,0.84672,12.849,0.84672,3695.15,0,36.966,0.387564,0.800202,2.24874,2.77376,1.01519,4.41995,0.42336,36.966,0.42336,423.524,0,1.02816,0,0,1.82836,0.800202,1.028160,1,0,39.0528,0,0,0,39.0528,0
65.4978,2.94756,0,0,2.03535,0.155616,0.36288,3.6288,60.9119,0.642298,0,0,0.579415,0.205,0,0.66528,12.849,1,0.565876,0.36288,0,36.2654,4.5275,31.535,0.84672,12.849,0.84672,3695.15,0,36.966,0.388089,0.663612,2.2488,2.66664,1.01519,4.17578,0.42336,36.966,0.42336,423.524,0,1.02816,0,0,1.69177,0.663612,1.028160,1,0,35.7107,0,0,0,35.7107,0
64.0928,2.9373,0,0,2.0481,0.15288,0.36288,3.6288,60.6264,0.641268,0,0,0.619913,0.264145,0,0.66528,12.849,1,0.576224,0.36288,0,37.6648,5.39988,32.0516,0.84672,12.849,0.84672,3695.15,0,36.966,0.38917,0.750419,2.24885,3.05492,1.21128,4.45375,0.42336,36.966,0.42336,423.524,0,1.02816,0,0,1.77858,0.750419,1.028160,1,0,36.5053,0,0,0,36.5053,0
62.8949,2.90064,0,0,2.20971,0.144173,0.36288,3.6288,60.5825,0.66528,0,0,0.842884,0.221518,0,0.66528,12.849,1,0.581505,0.36288,0,46.7084,4.31834,42.1714,0.84672,12.849,0.84672,3695.15,0,36.966,0.423243,1.2226,2.24891,4.14088,1.03336,6.15578,0.42336,36.966,0.42336,423.524,0,1.02816,0,0,2.25076,1.2226,1.028160,1,0,48.3272,0,0,0,48.3272,0
61.5172,2.89151,0,0,2.01951,0.142776,0.36288,3.6288,60.484,0.66528,0,0,0.788219,0.221457,0,0.66528,12.849,1,0.590716,0.36288,0,43.9333,4.31834,39.3871,0.84672,12.849,0.84672,3695.15,0,36.966,0.423295,0.895363,2.2879,3.94038,1.03336,5.66698,0.42336,36.966,0.42336,423.524,0,1.02816,0,0,1.92352,0.895363,1.028160,1,0,45.0541,0,0,0,45.0541,0
60.007,2.88064,0,0,1.85699,0.123684,0.36288,3.6288,60.3007,0.66528,0,0,0.746945,0.264966,0,0.66528,12.849,1,0.601674,0.36288,0,39.3353,4.88293,34.2136,0.84672,12.849,0.84672,3695.15,0,36.966,0.423347,0.896633,2.28796,3.75179,1.23945,5.27358,0.42336,36.966,0.42336,423.524,0,1.02816,0,0,1.92479,0.896633,1.028160,1,0,39.4872,0,0,0,39.4872,0
58.4079,2.86824,0,0,1.74113,0.109152,0.36288,3.6288,60.0392,0.66528,0,0,0.701127,0.297355,0,0.66528,12.849,1,0.614161,0.36288,0,35.3535,5.30639,29.7958,0.84672,12.849,0.84672,3695.15,0,36.966,0.423398,0.849234,2.28801,3.61521,1.39402,4.93504,0.42336,36.966,0.42336,423.524,0,1.02816,0,0,1.87739,0.849234,1.028160,1,0,34.7309,0,0,0,34.7309,0
56.7,2.92114,0,0,1.67364,0.0974918,0.36288,3.6288,59.931,0.66528,0,0,0.875258,0.318187,0,0.66528,12.849,1,0.642615,0.36288,0,37.7854,5.82919,31.6765,0.84672,12.849,0.84672,3695.15,0,36.966,0.475177,0.720377,2.28807,3.10635,1.48694,4.15268,0.42336,36.966,0.42336,423.524,0,1.02816,0,0,1.74854,0.720377,1.028160,1,0,35.8291,0,0,0,35.8291,0
54.9498,2.90543,0,0,1.61238,0.0942374,0.36288,3.6288,59.7536,0.66528,0,0,0.809464,0.321519,0,0.66528,12.849,1,0.658411,0.36288,0,37.1845,5.91633,30.9726,0.84672,12.849,0.84672,3695.15,0,36.966,0.47523,0.813611,2.34332,3.22402,1.50243,4.4033,0.42336,36.966,0.42336,423.524,0,1.02816,0,0,1.84177,0.813611,1.028160,1,0,35.3759,0,0,0,35.3759,0
53.1146,2.88851,0,0,1.50881,0.0926087,0.36288,3.6288,59.5165,0.66528,0,0,0.749278,0.321155,0,0.66528,12.849,1,0.675424,0.36288,0,33.5682,5.91633,27.3393,0.84672,12.849,0.84672,3695.15,0,36.966,0.475283,0.734573,2.34338,2.87741,1.50243,3.97765,0.42336,36.966,0.42336,423.524,0,1.02816,0,0,1.76273,0.734573,1.028160,1,0,31.317,0,0,0,31.317,0
51.1762,2.86979,0,0,1.38516,0.0909009,0.36288,3.6288,59.2716,0.66528,0,0,0.741036,0.320669,0,0.66528,12.849,1,0.694232,0.36288,0,30.6854,5.91633,24.4377,0.84672,12.849,0.84672,3695.15,0,36.966,0.475337,0.589792,2.34344,2.81421,1.50243,3.76968,0.42336,36.966,0.42336,423.524,0,1.02816,0,0,1.61795,0.589792,1.028160,1,0,28.2074,0,0,0,28.2074,0
49.2546,3.0391,0,0,1.57011,0.0897363,0.36288,3.6288,59.1028,0.66528,0,0,0.827099,0.33061,0,0.66528,12.849,1,0.763038,0.36288,0,30.3532,6.38928,23.5637,0.84672,12.849,0.84672,3695.15,0,36.966,0.662116,0.914112,2.34349,3.82977,1.52401,4.90125,0.42336,36.966,0.42336,423.524,0,1.02816,0,0,1.94227,0.914112,1.028160,1,0,28.465,0,0,0,28.465,0
47.2515,3.01556,0,0,1.47823,0.102936,0.36288,3.6288,58.8426,0.66528,0,0,0.75341,0.348303,0,0.66528,12.849,1,0.786667,0.36288,0,29.6107,6.76757,22.4193,0.84672,12.849,0.84672,3695.15,0,36.966,0.662174,0.682214,2.53242,2.76056,1.49232,3.8207,0.42336,36.966,0.42336,423.524,0,1.02816,0,0,1.71037,0.682214,1.028160,1,0,26.24,0,0,0,26.24,0
45.0158,2.98942,0,0,1.21729,0.100716,0.36288,3.6288,58.4854,0.66528,0,0,0.655753,0.347722,0,0.66528,12.849,1,0.812906,0.36288,0,36.7601,6.76757,29.5425,0.84672,12.849,0.84672,3695.15,0,36.966,0.662231,0.483132,2.53249,2.46285,1.49232,3.32391,0.42336,36.966,0.42336,423.524,0,1.02816,0,0,1.51129,0.483132,1.028160,1,0,32.8664,0,0,0,32.8664,0
42.9432,2.95808,0,0,1.34665,0.0982387,0.36288,3.6288,58.3739,0.66528,0,0,0.900791,0.346924,0,0.66528,12.849,1,0.844335,0.36288,0,31.5166,6.76757,24.2676,0.84672,12.849,0.84672,3695.15,0,36.966,0.662289,0.950245,2.53255,2.94314,1.49232,4.27132,0.42336,36.966,0.42336,423.524,0,1.02816,0,0,1.9784,0.950245,1.028160,1,0,28.5389,0,0,0,28.5389,0
40.7505,2.92679,0,0,1.19852,0.101531,0.36288,3.6288,58.0666,0.66528,0,0,0.700412,0.342476,0,0.66528,12.849,1,0.875721,0.36288,0,30.2272,6.52928,23.1851,0.84672,12.849,0.84672,3695.15,0,36.966,0.662347,0.698311,2.53261,3.33974,1.42749,4.48083,0.42336,36.966,0.42336,423.524,0,1.02816,0,0,1.72647,0.698311,1.028160,1,0,27.6659,0,0,0,27.6659,0
38.2932,2.80282,0,0,0.84081,0.13244,0.36288,3.6288,57.3415,0.9045,0,0,0.536554,0.357167,0,0.66528,12.849,1,0.883755,0.36288,0,20.1974,6.33823,13.3383,0.84672,12.849,0.84672,3695.15,0,36.966,0.575817,0.204422,2.53267,3.69025,1.52319,4.32834,0.42336,36.966,0.42336,423.524,0,0.762178,0,0,0.9666,0.204422,1.028160,1,0,17.6666,0,0,0,17.6666,0
35.9632,2.76043,0,0,0.964958,0.171613,0.36288,3.6288,56.624,0.923047,0,0,0.520706,0.315129,0,0.66528,12.849,1,0.926241,0.36288,0,17.3118,6.00695,10.7415,0.84672,12.849,0.84672,3695.15,0,36.966,0.595055,0.204422,2.42342,2.6898,1.4094,3.31319,0.42336,36.966,0.42336,423.524,0,0.724447,0,0,0.928869,0.204422,1.028160,1,0,14.0547,0,0,0,14.0547,0
34.2189,2.71628,0,0,1.5018,0.166949,0.36288,3.6288,56.5084,0.66528,0,0,0.863341,0.313663,0,0.66528,12.849,1,0.970478,0.36288,0,28.1417,6.00695,21.5271,0.84672,12.849,0.84672,3695.15,0,36.966,0.549164,0.572054,2.42348,4.79801,1.4094,5.83498,0.42336,36.966,0.42336,423.524,0,1.02816,0,0,1.60021,0.572054,1.028160,1,0,27.3621,0,0,0,27.3621,0
32.3936,2.68038,0,0,1.3814,0.163457,0.36288,3.6288,56.3237,0.66528,0,0,0.794025,0.313426,0,0.66528,12.849,1,1.00647,0.36288,0,50.989,6.00695,44.3385,0.84672,12.849,0.84672,3695.15,0,36.966,0.549219,0.425563,2.42353,4.05548,1.4094,4.94596,0.42336,36.966,0.42336,423.524,0,1.02816,0,0,1.45372,0.425563,1.028160,1,0,49.2845,0,0,0,49.2845,0
30.152,2.57165,0,0,0.900953,0.208001,0.36288,3.6288,55.7557,0.781101,0,0,0.488049,0.275006,0,0.66528,12.849,1,1.02005,0.36288,0,23.2322,5.57445,17.0006,0.84672,12.849,0.84672,3695.15,0,36.966,0.512647,0.216518,2.42359,3.42049,1.4971,4.05086,0.42336,36.966,0.42336,423.524,0,0.845778,0,0,1.0623,0.216518,1.028160,1,0,21.0514,0,0,0,21.0514,0
27.913,2.51854,0,0,0.872027,0.229601,0.36288,3.6288,55.3487,0.66528,0,0,0.468049,0.209797,0,0.66528,12.849,1,1.07325,0.36288,0,16.829,4.74463,11.374,0.84672,12.849,0.84672,3695.15,0,36.966,0.446139,0.305199,2.32608,4.33512,1.29866,5.22161,0.42336,36.966,0.42336,423.524,0,1.02816,0,0,1.33336,0.305199,1.028160,1,0,16.5956,0,0,0,16.5956,0
26.3426,2.45964,0,0,1.50341,0.251341,0.36288,3.6288,55.8316,0.66528,0,0,1.3091,0.160899,0,0.66528,12.849,1,1.13223,0.36288,0,53.1873,4.1978,48.2202,0.84672,12.849,0.84672,3695.15,0,36.966,0.446191,1.28682,2.32614,8.52104,1.12849,10.5593,0.42336,36.966,0.42336,423.524,0,1.02816,0,0,2.31498,1.28682,1.028160,1,0,58.7795,0,0,0,58.7795,0
25.4017,2.41433,0,0,2.0822,0.245901,0.36288,3.6288,55.7653,0.66528,0,0,0.760403,0.161409,0,0.66528,12.849,1,1.17763,0.36288,0,59.7983,4.1978,54.7858,0.84672,12.849,0.84672,3695.15,0,36.966,0.446243,1.07142,2.3262,7.53598,1.12849,9.35887,0.42336,36.966,0.42336,423.524,0,1.02816,0,0,2.09958,1.07142,1.028160,1,0,64.1446,0,0,0,64.1446,0
24.4405,2.20577,0,0,1.83758,0.230083,0.36288,3.6288,55.9442,0.539211,0,0,0.90301,0.18484,0,0.66528,12.849,1,1.11575,0.36288,0,54.1213,4.36672,49.0017,0.84672,12.849,0.84672,3695.15,0,36.966,0.357435,1.10003,2.32625,7.54413,1.13583,9.47714,0.42336,36.966,0.42336,423.524,0,1.02816,0,0,2.12819,1.10003,1.028160,1,0,58.4788,0,0,0,58.4788,0
24.2502,2.17707,0,0,2.56007,0.210412,0.36288,3.6288,57.6921,0.539928,0,0,2.50417,0.216429,0,0.66528,12.849,1,1.14454,0.36288,0,119.782,4.59196,114.408,0.84672,12.849,0.84672,3695.15,0,36.966,0.356765,3.87259,2.10956,14.3138,1.14563,18.7936,0.42336,36.966,0.42336,423.524,0,1.02816,0,0,4.90075,3.87259,1.028160,1,0,133.202,0,0,0,133.202,0
24.0698,2.17125,0,0,2.56351,0.209833,0.36288,3.6288,58.5139,0.546544,0,0,1.58731,0.218904,0,0.66528,12.849,1,1.15044,0.36288,0,102.129,4.59196,96.7496,0.84672,12.849,0.84672,3695.15,0,36.966,0.350196,2.16694,2.10961,11.5045,1.14563,14.2852,0.42336,36.966,0.42336,423.524,0,1.02816,0,0,3.1951,2.16694,1.028160,1,0,111.035,0,0,0,111.035,0
23.9755,2.16568,0,0,2.62808,0.193797,0.36288,3.6288,58.835,0.549587,0,0,1.08051,0.209877,0,0.66528,12.849,1,1.15609,0.36288,0,73.6909,4.06066,68.837,0.84672,12.849,0.84672,3695.15,0,36.966,0.3472,1.62548,2.10966,9.43462,1.05757,11.765,0.42336,36.966,0.42336,423.524,0,1.02816,0,0,2.65364,1.62548,1.028160,1,0,80.602,0,0,0,80.602,0
24.2438,2.16277,0,0,2.98751,0.193531,0.36288,3.6288,60.5432,0.55078,0,0,2.46935,0.21031,0,0.66528,12.849,1,1.15908,0.36288,0,78.5713,4.06066,73.7144,0.84672,12.849,0.84672,3695.15,0,36.966,0.346055,2.12381,2.10971,11.0156,1.05757,13.8455,0.42336,36.966,0.42336,423.524,0,1.02816,0,0,3.15197,2.12381,1.028160,1,0,87.5599,0,0,0,87.5599,0
23.7305,2.23922,0,0,2.30163,0.212818,0.36288,3.6288,60.7408,0.601329,0,0,1.02775,0.228884,0,0.66528,12.849,1,1.18677,0.36288,0,56.7653,4.88134,51.0601,0.84672,12.849,0.84672,3695.15,0,36.966,0.367155,0.412474,2.10977,3.34195,1.20124,4.2958,0.42336,36.966,0.42336,423.524,0,1.01879,0,0,1.43127,0.412474,1.028160,1,0,55.3559,0,0,0,55.3559,0
23.9936,2.2226,0,0,3.06015,0.211625,0.36288,3.6288,60.9286,0.59627,0,0,1.02132,0.237177,0,0.66528,12.849,1,1.20344,0.36288,0,51.4032,5.00178,45.5609,0.84672,12.849,0.84672,3695.15,0,36.966,0.362881,0.495029,2.1774,4.04788,1.24874,5.10869,0.42336,36.966,0.42336,423.524,0,1.02816,0,0,1.52319,0.495029,1.028160,1,0,50.6696,0,0,0,50.6696,0
24.5836,2.23123,0,0,3.39655,0.212439,0.36288,3.6288,61.2878,0.596987,0,0,1.19359,0.23746,0,0.66528,12.849,1,1.19487,0.36288,0,75.27,5.00178,69.4362,0.84672,12.849,0.84672,3695.15,0,36.966,0.362197,0.582362,2.17744,3.96848,1.24874,5.11734,0.42336,36.966,0.42336,423.524,0,1.02816,0,0,1.61052,0.582362,1.028160,1,0,74.5535,0,0,0,74.5535,0
27.9083,2.2501,0,0,6.14926,0.211584,0.36288,3.6288,61.308,0.598331,0,0,2.91876,0.238514,2.0617,0.66528,12.849,1,1.17605,0.36288,0,92.4575,4.95429,86.69,0.84672,12.849,0.84672,3695.15,0,36.966,0.360886,3.98268,2.17747,14.036,1.25683,18.5784,0.42336,36.966,0.42336,423.524,0,1.02816,0,0,5.01084,3.98268,1.028160,1,0,107.33,0,0,0,107.33,0
29.5423,2.57491,0,0,4.79474,0.222876,0.36288,3.6288,61.308,0.66528,0,0,1.91136,0.202651,1.04343,0.66528,12.849,1,1.18549,0.36288,0,98.0061,3.60315,93.5803,0.84672,12.849,0.84672,3695.15,0,36.966,0.527647,1.93935,2.17751,9.33388,1.05084,11.8722,0.42336,36.966,0.42336,423.524,0,1.02816,0,0,2.96751,1.93935,1.028160,1,0,106.496,0,0,0,106.496,0
31.5046,2.62065,0,0,5.18745,0.241691,0.36288,3.6288,61.308,0.66528,0,0,1.53928,0.173422,0.700575,0.66528,12.849,1,1.13981,0.36288,0,96.2997,2.8035,92.7193,0.84672,12.849,0.84672,3695.15,0,36.966,0.527684,2.13101,2.42071,6.93903,0.859936,10.1031,0.42336,36.966,0.42336,423.524,0,1.02816,0,0,3.15917,2.13101,1.028160,1,0,103.523,0,0,0,103.523,0
32.5701,2.67112,0,0,4.34246,0.242883,0.36288,3.6288,61.308,0.66528,0,0,1.74728,0.19002,0.891976,0.66528,12.849,1,1.0894,0.36288,0,87.9535,3.19662,84.0303,0.84672,12.849,0.84672,3695.15,0,36.966,0.527721,2.35797,2.42075,7.88668,0.982923,11.1548,0.42336,36.966,0.42336,423.524,0,1.02816,0,0,3.38613,2.35797,1.028160,1,0,96.0771,0,0,0,96.0771,0
34.4158,2.69672,0,0,5.13464,0.229387,0.36288,3.6288,61.308,0.66528,0,0,1.65806,0.195628,0.797151,0.66528,12.849,1,1.06386,0.36288,0,90.5221,4.07216,85.749,0.84672,12.849,0.84672,3695.15,0,36.966,0.527758,2.54483,2.42079,8.94257,1.29233,12.0881,0.42336,36.966,0.42336,423.524,0,1.02816,0,0,3.57299,2.54483,1.028160,1,0,98.6343,0,0,0,98.6343,0
36.2439,2.39121,0,0,4.81688,0.234628,0.36288,3.6288,61.308,0.548647,0,0,2.31572,0.177829,1.58924,0.66528,12.849,1,0.89275,0.36288,0,127.071,2.35951,124.182,0.84672,12.849,0.84672,3695.15,0,36.966,0.33081,3.31741,2.42083,11.0212,0.840509,15.5881,0.42336,36.966,0.42336,423.524,0,1.02816,0,0,4.34557,3.31741,1.028160,1,0,141.359,0,0,0,141.359,0
39.2807,2.4245,0,0,6.08136,0.257205,0.36288,3.6288,61.308,0.548666,0,0,2.32992,0.152956,1.6283,0.66528,12.849,1,0.859519,0.36288,0,142.751,1.49299,140.761,0.84672,12.849,0.84672,3695.15,0,36.966,0.330822,2.76807,2.08924,14.7793,0.729899,18.5759,0.42336,36.966,0.42336,423.524,0,1.02816,0,0,3.79623,2.76807,1.028160,1,0,160.966,0,0,0,160.966,0
42.2353,2.47461,0,0,6.03729,0.245268,0.36288,3.6288,61.308,0.548686,0,0,2.50885,0.153207,1.80696,0.66528,12.849,1,0.809462,0.36288,0,161.606,1.68111,159.478,0.84672,12.849,0.84672,3695.15,0,36.966,0.330833,3.82927,2.08927,12.8809,0.789053,17.6796,0.42336,36.966,0.42336,423.524,0,1.02816,0,0,4.85743,3.82927,1.028160,1,0,178.965,0,0,0,178.965,0
45.5784,2.51807,0,0,6.48039,0.2563,0.36288,3.6288,61.308,0.548706,0,0,2.86378,0.174384,2.14069,0.66528,12.849,1,0.766058,0.36288,0,125.371,2.73061,122.237,0.84672,12.849,0.84672,3695.15,0,36.966,0.330845,3.59633,2.08931,14.1434,0.94034,18.5579,0.42336,36.966,0.42336,423.524,0,1.02816,0,0,4.62449,3.59633,1.028160,1,0,142.935,0,0,0,142.935,0
50.6227,2.56194,0,0,8.23081,0.261712,0.36288,3.6288,61.308,0.548726,0,0,4.97286,0.159687,4.26444,0.66528,12.849,1,0.722237,0.36288,0,130.781,2.63302,127.789,0.84672,12.849,0.84672,3695.15,0,36.966,0.330857,4.24015,2.08934,13.7414,0.857063,18.883,0.42336,36.966,0.42336,423.524,0,1.02816,0,0,5.26831,4.24015,1.028160,1,0,150.936,0,0,0,150.936,0
54.3317,2.71509,0,0,7.0454,0.258372,0.36288,3.6288,61.308,0.596613,0,0,4.17233,0.168548,3.40717,0.66528,12.849,1,0.689142,0.36288,0,170.572,2.18788,168.058,0.84672,12.849,0.84672,3695.15,0,36.966,0.359731,4.28396,2.08938,15.5521,0.736637,20.8291,0.42336,36.966,0.42336,423.524,0,1.02816,0,0,5.31212,4.28396,1.028160,1,0,192.294,0,0,0,192.294,0
57.3708,2.75318,0,0,6.42358,0.268439,0.36288,3.6288,61.308,0.596633,0,0,3.84871,0.168548,3.08352,0.66528,12.849,1,0.651105,0.36288,0,146.358,2.18788,143.882,0.84672,12.849,0.84672,3695.15,0,36.966,0.359743,3.86044,2.17118,12.9019,0.736637,17.8371,0.42336,36.966,0.42336,423.524,0,1.02816,0,0,4.8886,3.86044,1.028160,1,0,164.803,0,0,0,164.803,0
60.634,2.78141,0,0,6.65686,0.249421,0.36288,3.6288,61.308,0.596654,0,0,4.00061,0.172569,3.23139,0.66528,12.849,1,0.622936,0.36288,0,177.89,1.94156,175.688,0.84672,12.849,0.84672,3695.15,0,36.966,0.359756,5.19378,2.17122,14.325,0.833402,20.4969,0.42336,36.966,0.42336,423.524,0,1.02816,0,0,6.22194,5.19378,1.028160,1,0,199.416,0,0,0,199.416,0
63.5238,2.80912,0,0,6.31448,0.252618,0.36288,3.6288,61.308,0.596674,0,0,1.92291,0.173239,1.153,0.66528,12.849,1,0.595283,0.36288,0,154.372,1.9005,152.239,0.84672,12.849,0.84672,3695.15,0,36.966,0.359768,2.15162,2.17125,12.699,0.84953,15.8126,0.42336,36.966,0.42336,423.524,0,1.02816,0,0,3.17978,2.15162,1.028160,1,0,169.204,0,0,0,169.204,0
64.8287,2.79266,0,0,4.66346,0.203003,0.36288,3.6288,61.308,0.578102,0,0,1.31779,0.227815,0.511872,0.66528,12.849,1,0.564874,0.36288,0,115.757,3.69696,111.858,0.84672,12.849,0.84672,3695.15,0,36.966,0.34857,1.84187,2.17129,8.51403,0.986075,11.1925,0.42336,36.966,0.42336,423.524,0,1.02816,0,0,2.87003,1.84187,1.028160,1,0,123.562,0,0,0,123.562,0
65.6276,2.8022,0,0,4.15622,0.192243,0.36288,3.6288,61.308,0.578123,0,0,1.27,0.241453,0.450426,0.66528,12.849,1,0.555394,0.36288,0,96.3706,4.11716,92.0609,0.84672,12.849,0.84672,3695.15,0,36.966,0.348582,1.69165,2.13951,7.41658,1.01763,9.88152,0.42336,36.966,0.42336,423.524,0,1.02816,0,0,2.71981,1.69165,1.028160,1,0,102.393,0,0,0,102.393,0
66.3213,2.8079,0,0,4.05793,0.193478,0.36288,3.6288,61.308,0.578143,0,0,1.23455,0.241453,0.414956,0.66528,12.849,1,0.549749,0.36288,0,79.5372,4.11716,75.2332,0.84672,12.849,0.84672,3695.15,0,36.966,0.348594,1.63083,2.13954,7.37078,1.01763,9.77493,0.42336,36.966,0.42336,423.524,0,1.02816,0,0,2.65899,1.63083,1.028160,1,0,85.4231,0,0,0,85.4231,0
66.8291,2.81276,0,0,3.85695,0.17351,0.36288,3.6288,61.308,0.578163,0,0,1.10207,0.237962,0.285941,0.66528,12.849,1,0.544941,0.36288,0,64.6108,3.54043,60.8883,0.84672,12.849,0.84672,3695.15,0,36.966,0.348607,1.38059,2.13958,6.57927,0.907394,8.84344,0.42336,36.966,0.42336,423.524,0,1.02816,0,0,2.40875,1.38059,1.028160,1,0,70.0177,0,0,0,70.0177,0
67.047,2.94988,0,0,3.65395,0.123278,0.36288,3.6288,61.308,0.644121,0,0,1.00396,0.239082,0.120756,0.66528,12.849,1,0.567163,0.36288,0,62.815,3.36453,59.2461,0.84672,12.849,0.84672,3695.15,0,36.966,0.388377,1.43796,2.13961,6.1928,0.874049,8.50795,0.42336,36.966,0.42336,423.524,0,1.02816,0,0,2.46612,1.43796,1.028160,1,0,67.8749,0,0,0,67.8749,0
67.4963,2.95148,0,0,3.85674,0.0930858,0.36288,3.6288,61.308,0.644143,0,0,1.05344,0.246782,0.162516,0.66528,12.849,1,0.565626,0.36288,0,72.4524,4.15527,68.0944,0.84672,12.849,0.84672,3695.15,0,36.966,0.388389,1.24424,2.25116,6.13896,1.02557,8.2204,0.42336,36.966,0.42336,423.524,0,1.02816,0,0,2.2724,1.24424,1.028160,1,0,76.4773,0,0,0,76.4773,0
67.5902,2.95469,0,0,3.50487,0.0934163,0.36288,3.6288,61.308,0.644164,0,0,1.00939,0.246782,0.118439,0.66528,12.849,1,0.562472,0.36288,0,68.8833,4.15527,64.5284,0.84672,12.849,0.84672,3695.15,0,36.966,0.388402,0.928308,2.2512,5.98146,1.02557,7.747,0.42336,36.966,0.42336,423.524,0,1.02816,0,0,1.95647,0.928308,1.028160,1,0,72.3938,0,0,0,72.3938,0
67.2597,2.95539,0,0,3.08122,0.0934854,0.36288,3.6288,61.308,0.644185,0,0,0.912583,0.246782,0.0216149,0.66528,12.849,1,0.561825,0.36288,0,58.9657,4.15527,54.6115,0.84672,12.849,0.84672,3695.15,0,36.966,0.388415,0.768848,2.25123,5.65173,1.02557,7.25783,0.42336,36.966,0.42336,423.524,0,1.02816,0,0,1.79701,0.768848,1.028160,1,0,61.8909,0,0,0,61.8909,0
66.7186,2.95312,0,0,2.84628,0.0713705,0.36288,3.6288,61.2887,0.644207,0,0,0.896374,0.271482,0,0.66528,12.849,1,0.564152,0.36288,0,52.2128,4.53224,47.4793,0.84672,12.849,0.84672,3695.15,0,36.966,0.388428,0.852889,2.25127,5.22223,1.11972,6.81824,0.42336,36.966,0.42336,423.524,0,1.02816,0,0,1.88105,0.852889,1.028160,1,0,54.2975,0,0,0,54.2975,0
65.8921,2.92292,0,0,2.55619,0.0968502,0.36288,3.6288,61.0528,0.66528,0,0,0.735765,0.306411,0,0.66528,12.849,1,0.562911,0.36288,0,39.2232,4.97521,34.0479,0.84672,12.849,0.84672,3695.15,0,36.966,0.425486,0.547465,2.25131,3.42409,1.23456,4.56282,0.42336,36.966,0.42336,423.524,0,1.02816,0,0,1.57562,0.547465,1.028160,1,0,38.6108,0,0,0,38.6108,0
64.9436,2.91706,0,0,2.42768,0.0962161,0.36288,3.6288,60.8001,0.66528,0,0,0.718537,0.305954,0,0.66528,12.849,1,0.568829,0.36288,0,38.3597,4.97521,33.1785,0.84672,12.849,0.84672,3695.15,0,36.966,0.425521,0.481334,2.29033,3.24916,1.23456,4.36074,0.42336,36.966,0.42336,423.524,0,1.02816,0,0,1.50949,0.481334,1.028160,1,0,37.5393,0,0,0,37.5393,0
63.8983,2.91017,0,0,2.30245,0.0747582,0.36288,3.6288,60.4763,0.66528,0,0,0.681964,0.340426,0,0.66528,12.849,1,0.575774,0.36288,0,36.5092,5.5218,30.7745,0.84672,12.849,0.84672,3695.15,0,36.966,0.425556,0.467709,2.29036,3.11765,1.40923,4.04094,0.42336,36.966,0.42336,423.524,0,1.02816,0,0,1.49587,0.467709,1.028160,1,0,34.8154,0,0,0,34.8154,0
62.7077,2.90238,0,0,2.15093,0.0762426,0.36288,3.6288,60.1505,0.66528,0,0,0.672028,0.33259,0,0.66528,12.849,1,0.583626,0.36288,0,35.6797,5.76093,29.6981,0.84672,12.849,0.84672,3695.15,0,36.966,0.425591,0.4975,2.2904,3.08065,1.42825,4.01471,0.42336,36.966,0.42336,423.524,0,1.02816,0,0,1.52566,0.4975,1.028160,1,0,33.7128,0,0,0,33.7128,0
61.1016,2.96075,0,0,1.78293,0.0654376,0.36288,3.6288,59.5178,0.814102,0,0,0.514248,0.332793,0,0.66528,12.849,1,0.606668,0.36288,0,27.4418,5.96439,21.2337,0.84672,12.849,0.84672,3695.15,0,36.966,0.500313,0.261274,2.29044,2.61038,1.45859,3.20319,0.42336,36.966,0.42336,423.524,0,0.856431,0,0,1.1177,0.261274,1.028160,1,0,24.4369,0,0,0,24.4369,0
59.6897,2.94763,0,0,1.95264,0.0539513,0.36288,3.6288,59.0719,0.725103,0,0,0.617111,0.337956,0,0.66528,12.849,1,0.619854,0.36288,0,33.1934,6.09893,26.8375,0.84672,12.849,0.84672,3695.15,0,36.966,0.477443,0.261274,2.34573,2.95053,1.50221,3.57788,0.42336,36.966,0.42336,423.524,0,0.968337,0,0,1.22961,0.261274,1.028160,1,0,30.4154,0,0,0,30.4154,0
58.1153,2.93561,0,0,1.77735,0.0532802,0.36288,3.6288,58.5453,0.698544,0,0,0.508994,0.336992,0,0.66528,12.849,1,0.631929,0.36288,0,26.7356,6.09893,20.3676,0.84672,12.849,0.84672,3695.15,0,36.966,0.477479,0.261274,2.34577,2.74171,1.50221,3.36907,0.42336,36.966,0.42336,423.524,0,0.994896,0,0,1.25617,0.261274,1.028160,1,0,23.7367,0,0,0,23.7367,0
56.3948,2.92164,0,0,1.61648,0.0524756,0.36288,3.6288,57.8634,0.820144,0,0,0.474019,0.335855,0,0.66528,12.849,1,0.645959,0.36288,0,24.9235,6.09893,18.5415,0.84672,12.849,0.84672,3695.15,0,36.966,0.517846,0.227405,2.34581,2.4434,1.50221,2.99656,0.42336,36.966,0.42336,423.524,0,0.832965,0,0,1.06037,0.227405,1.028160,1,0,21.5381,0,0,0,21.5381,0
54.6426,3.09969,0,0,1.75591,0.0455763,0.36288,3.6288,57.4265,0.66528,0,0,0.550749,0.322315,0,0.66528,12.849,1,0.706234,0.36288,0,24.8326,5.84757,18.6416,0.84672,12.849,0.84672,3695.15,0,36.966,0.664464,0.297112,2.34585,2.99646,1.50036,3.4746,0.42336,36.966,0.42336,423.524,0,1.02816,0,0,1.32527,0.297112,1.028160,1,0,22.1162,0,0,0,22.1162,0
52.8045,3.08141,0,0,1.65093,0.0447475,0.36288,3.6288,56.8658,0.798872,0,0,0.520646,0.282482,0,0.66528,12.849,1,0.724582,0.36288,0,26.081,4.95747,20.7619,0.84672,12.849,0.84672,3695.15,0,36.966,0.664503,0.227405,2.53495,2.14848,1.44344,2.80289,0.42336,36.966,0.42336,423.524,0,0.894568,0,0,1.12197,0.227405,1.028160,1,0,23.5648,0,0,0,23.5648,0
51.0028,3.06117,0,0,1.66629,0.0439184,0.36288,3.6288,56.358,0.740923,0,0,0.514564,0.281455,0,0.66528,12.849,1,0.74488,0.36288,0,25.6443,4.95747,20.3048,0.84672,12.849,0.84672,3695.15,0,36.966,0.664542,0.227405,2.53499,2.31212,1.44344,2.96653,0.42336,36.966,0.42336,423.524,0,0.952517,0,0,1.17992,0.227405,1.028160,1,0,23.2714,0,0,0,23.2714,0
49.5507,3.0402,0,0,1.99412,0.0431058,0.36288,3.6288,55.9156,0.703503,0,0,0.541642,0.280526,0,0.66528,12.849,1,0.765911,0.36288,0,25.0754,4.95747,19.7149,0.84672,12.849,0.84672,3695.15,0,36.966,0.664581,0.204422,2.53503,3.10627,1.44344,3.7377,0.42336,36.966,0.42336,423.524,0,0.989937,0,0,1.19436,0.204422,1.028160,1,0,23.4526,0,0,0,23.4526,0
47.6071,3.02243,0,0,1.48829,0.0465454,0.36288,3.6288,55.3363,0.771215,0,0,0.471663,0.279794,0,0.66528,12.849,1,0.783747,0.36288,0,23.8946,4.97967,18.4941,0.84672,12.849,0.84672,3695.15,0,36.966,0.66462,0.204422,2.53507,2.08621,1.43909,2.72199,0.42336,36.966,0.42336,423.524,0,0.922225,0,0,1.12665,0.204422,1.028160,1,0,21.2161,0,0,0,21.2161,0
46.0604,2.90583,0,0,1.79657,0.0746322,0.36288,3.6288,55.091,0.66528,0,0,0.59342,0.17343,0,0.66528,12.849,1,0.784274,0.36288,0,29.5773,3.48065,25.6753,0.84672,12.849,0.84672,3695.15,0,36.966,0.551201,0.460927,2.53512,3.30104,1.01035,4.73553,0.42336,36.966,0.42336,423.524,0,1.02816,0,0,1.48909,0.460927,1.028160,1,0,30.4108,0,0,0,30.4108,0
44.8869,2.88529,0,0,2.14803,0.0733671,0.36288,3.6288,55.1789,0.66528,0,0,0.92632,0.173151,0,0.66528,12.849,1,0.80488,0.36288,0,35.6411,3.48065,31.7185,0.84672,12.849,0.84672,3695.15,0,36.966,0.551238,1.01758,2.42574,4.52241,1.01035,6.40413,0.42336,36.966,0.42336,423.524,0,1.02816,0,0,2.04574,1.01758,1.028160,1,0,38.1226,0,0,0,38.1226,0
43.577,2.86898,0,0,1.99445,0.0724073,0.36288,3.6288,55.1246,0.66528,0,0,0.784253,0.173251,0,0.66528,12.849,1,0.821254,0.36288,0,32.8947,3.48065,28.9557,0.84672,12.849,0.84672,3695.15,0,36.966,0.551275,0.969028,2.42578,3.6295,1.01035,5.46268,0.42336,36.966,0.42336,423.524,0,1.02816,0,0,1.99719,0.969028,1.028160,1,0,34.4184,0,0,0,34.4184,0
42.6089,2.84996,0,0,2.316,0.071336,0.36288,3.6288,55.3629,0.66528,0,0,1.07682,0.173189,0,0.66528,12.849,1,0.840331,0.36288,0,39.2564,3.48065,35.2983,0.84672,12.849,0.84672,3695.15,0,36.966,0.551313,1.73316,2.42582,5.21167,1.01035,7.80898,0.42336,36.966,0.42336,423.524,0,1.02816,0,0,2.76132,1.73316,1.028160,1,0,43.1073,0,0,0,43.1073,0
42.1153,2.76209,0,0,2.80135,0.169932,0.36288,3.6288,55.715,0.66528,0,0,1.19026,0.172964,0,0.66528,12.849,1,0.832929,0.36288,0,52.5422,4.18754,47.8846,0.84672,12.849,0.84672,3695.15,0,36.966,0.448067,1.78512,2.42586,6.07442,1.06437,8.77296,0.42336,36.966,0.42336,423.524,0,1.02816,0,0,2.81328,1.78512,1.028160,1,0,56.6575,0,0,0,56.6575,0
42.5995,2.75466,0,0,3.76905,0.167303,0.36288,3.6288,56.6296,0.66528,0,0,1.76329,0.183337,0,0.66528,12.849,1,0.840422,0.36288,0,77.9394,4.61548,72.8463,0.84672,12.849,0.84672,3695.15,0,36.966,0.448103,2.34162,2.32824,8.39912,0.974675,11.6462,0.42336,36.966,0.42336,423.524,0,1.02816,0,0,3.36978,2.34162,1.028160,1,0,84.4925,0,0,0,84.4925,0
43.174,2.76205,0,0,3.86767,0.168247,0.36288,3.6288,58.0745,0.66528,0,0,2.29456,0.184436,0,0.66528,12.849,1,0.833097,0.36288,0,79.1631,4.61548,74.0774,0.84672,12.849,0.84672,3695.15,0,36.966,0.448138,2.8512,2.32827,9.71525,0.974675,13.4719,0.42336,36.966,0.42336,423.524,0,1.02816,0,0,3.87936,2.8512,1.028160,1,0,87.5493,0,0,0,87.5493,0
43.3097,2.77063,0,0,3.46396,0.194766,0.36288,3.6288,58.9496,0.66528,0,0,1.69634,0.155917,0,0.66528,12.849,1,0.824567,0.36288,0,70.9163,4.67028,65.7843,0.84672,12.849,0.84672,3695.15,0,36.966,0.448174,2.3521,2.32831,8.98102,1.05606,12.1572,0.42336,36.966,0.42336,423.524,0,1.02816,0,0,3.38026,2.3521,1.028160,1,0,77.9415,0,0,0,77.9415,0
43.0545,2.56386,0,0,2.89043,0.218928,0.36288,3.6288,59.6594,0.552136,0,0,1.43713,0.175254,0,0.66528,12.849,1,0.760639,0.36288,0,50.9573,4.46587,46.0937,0.84672,12.849,0.84672,3695.15,0,36.966,0.346232,1.56505,2.32835,7.18407,0.989184,9.74206,0.42336,36.966,0.42336,423.524,0,1.02816,0,0,2.59321,1.56505,1.028160,1,0,55.8358,0,0,0,55.8358,0
43.038,2.56043,0,0,3.10756,0.200688,0.36288,3.6288,60.5651,0.554699,0,0,1.64138,0.180921,0,0.66528,12.849,1,0.764124,0.36288,0,64.0358,3.7233,59.9112,0.84672,12.849,0.84672,3695.15,0,36.966,0.343701,2.12952,2.11145,9.7816,1.00413,12.6747,0.42336,36.966,0.42336,423.524,0,1.02816,0,0,3.15768,2.12952,1.028160,1,0,72.586,0,0,0,72.586,0
44.4751,2.56025,0,0,4.56086,0.20065,0.36288,3.6288,61.308,0.55791,0,0,2.09289,0.181968,0.610135,0.66528,12.849,1,0.764361,0.36288,0,74.593,3.7233,70.4682,0.84672,12.849,0.84672,3695.15,0,36.966,0.340521,2.67444,2.11148,15.8359,1.00413,19.2772,0.42336,36.966,0.42336,423.524,0,1.02816,0,0,3.7026,2.67444,1.028160,1,0,90.3555,0,0,0,90.3555,0
44.1284,2.57945,0,0,2.80768,0.212041,0.36288,3.6288,61.308,0.560504,0,0,1.88344,0.180372,1.14257,0.66528,12.849,1,0.745212,0.36288,0,67.5714,3.82503,63.364,0.84672,12.849,0.84672,3695.15,0,36.966,0.337959,2.17785,2.11152,8.15037,0.988183,11.1136,0.42336,36.966,0.42336,423.524,0,1.02816,0,0,3.20601,2.17785,1.028160,1,0,75.6202,0,0,0,75.6202,0
43.3007,2.57496,0,0,2.34342,0.233322,0.36288,3.6288,61.308,0.560524,0,0,1.50212,0.206375,0.735217,0.66528,12.849,1,0.749759,0.36288,0,59.3319,4.5611,54.3839,0.84672,12.849,0.84672,3695.15,0,36.966,0.337971,1.71253,2.11155,7.28292,1.13833,9.6307,0.42336,36.966,0.42336,423.524,0,1.02816,0,0,2.74069,1.71253,1.028160,1,0,64.7499,0,0,0,64.7499,0
41.8648,2.56391,0,0,1.7221,0.231159,0.36288,3.6288,61.308,0.560524,0,0,0.746466,0.181273,0.004668,0.66528,12.849,1,0.760811,0.36288,0,66.1095,3.23217,62.4794,0.84672,12.849,0.84672,3695.15,0,36.966,0.337971,0.874256,2.11159,5.59411,0.945902,7.29607,0.42336,36.966,0.42336,423.524,0,1.02816,0,0,1.90242,0.874256,1.028160,1,0,69.7801,0,0,0,69.7801,0
41.5076,2.62367,0,0,2.85811,0.228777,0.36288,3.6288,61.308,0.599404,0,0,0.898914,0.164247,0.135264,0.66528,12.849,1,0.805247,0.36288,0,82.7902,2.85422,79.4936,0.84672,12.849,0.84672,3695.15,0,36.966,0.361414,1.1814,2.11159,6.81834,0.863984,8.88593,0.42336,36.966,0.42336,423.524,0,1.02816,0,0,2.20956,1.1814,1.028160,1,0,88.5148,0,0,0,88.5148,0
44.2031,2.6184,0,0,5.90463,0.227822,0.36288,3.6288,61.308,0.599415,0,0,1.63117,0.164247,0.86751,0.66528,12.849,1,0.810546,0.36288,0,94.3549,2.85422,91.053,0.84672,12.849,0.84672,3695.15,0,36.966,0.361421,2.10783,2.17926,7.22148,0.863984,10.2832,0.42336,36.966,0.42336,423.524,0,1.02816,0,0,3.13599,2.10783,1.028160,1,0,102.204,0,0,0,102.204,0
48.0679,2.65672,0,0,7.11254,0.22821,0.36288,3.6288,61.308,0.599426,0,0,1.65684,0.160761,0.896653,0.66528,12.849,1,0.772258,0.36288,0,115.47,2.81459,112.246,0.84672,12.849,0.84672,3695.15,0,36.966,0.361427,1.98013,2.17928,10.6141,0.860526,13.5515,0.42336,36.966,0.42336,423.524,0,1.02816,0,0,3.00829,1.98013,1.028160,1,0,126.694,0,0,0,126.694,0
56.1307,2.70574,0,0,11.3543,0.222842,0.36288,3.6288,61.308,0.599437,0,0,1.9963,0.141666,1.2552,0.66528,12.849,1,0.72327,0.36288,0,144.683,2.79843,141.524,0.84672,12.849,0.84672,3695.15,0,36.966,0.361434,3.13114,2.1793,14.8039,0.808569,18.9444,0.42336,36.966,0.42336,423.524,0,1.02816,0,0,4.1593,3.13114,1.028160,1,0,161.724,0,0,0,161.724,0
59.5269,3.06246,0,0,7.10341,0.281898,0.36288,3.6288,61.308,0.66528,0,0,1.84412,0.144087,1.03475,0.66528,12.849,1,0.701035,0.36288,0,130.116,3.09393,126.684,0.84672,12.849,0.84672,3695.15,0,36.966,0.529478,2.62272,2.17932,10.9297,0.766959,14.4353,0.42336,36.966,0.42336,423.524,0,1.02816,0,0,3.65088,2.62272,1.028160,1,0,142.154,0,0,0,142.154,0
61.7905,3.09539,0,0,5.99673,0.274912,0.36288,3.6288,61.308,0.66528,0,0,1.57232,0.179931,0.727113,0.66528,12.849,1,0.668145,0.36288,0,164.615,3.93497,160.375,0.84672,12.849,0.84672,3695.15,0,36.966,0.529498,1.88069,2.42271,11.7844,1.02329,14.535,0.42336,36.966,0.42336,423.524,0,1.02816,0,0,2.90885,1.88069,1.028160,1,0,175.637,0,0,0,175.637,0
63.277,3.11568,0,0,5.24491,0.279862,0.36288,3.6288,61.308,0.66528,0,0,1.17523,0.162624,0.347326,0.66528,12.849,1,0.647889,0.36288,0,105.583,3.47749,101.821,0.84672,12.849,0.84672,3695.15,0,36.966,0.529518,1.55699,2.42273,7.82093,0.839422,10.4317,0.42336,36.966,0.42336,423.524,0,1.02816,0,0,2.58515,1.55699,1.028160,1,0,112.6,0,0,0,112.6,0
65.664,3.12836,0,0,6.17636,0.298024,0.36288,3.6288,61.308,0.66528,0,0,1.80036,0.18216,0.95292,0.66528,12.849,1,0.635243,0.36288,0,137.376,3.49194,133.612,0.84672,12.849,0.84672,3695.15,0,36.966,0.529537,2.3808,2.42275,10.1295,0.88402,13.5195,0.42336,36.966,0.42336,423.524,0,1.02816,0,0,3.40896,2.3808,1.028160,1,0,148.084,0,0,0,148.084,0
68.3194,2.74871,0,0,6.09073,0.323842,0.36288,3.6288,61.308,0.549591,0,0,1.88296,0.208209,1.12516,0.66528,12.849,1,0.537861,0.36288,0,135.341,3.5112,131.655,0.84672,12.849,0.84672,3695.15,0,36.966,0.331379,1.88779,2.42277,9.10025,0.943484,12.1359,0.42336,36.966,0.42336,423.524,0,1.02816,0,0,2.91595,1.88779,1.028160,1,0,144.916,0,0,0,144.916,0
71.4312,2.76633,0,0,6.57179,0.330712,0.36288,3.6288,61.308,0.549602,0,0,2.28762,0.208209,1.52981,0.66528,12.849,1,0.52027,0.36288,0,164.036,3.5112,160.368,0.84672,12.849,0.84672,3695.15,0,36.966,0.331385,3.45027,2.0909,11.8598,0.943484,16.1261,0.42336,36.966,0.42336,423.524,0,1.02816,0,0,4.47843,3.45027,1.028160,1,0,178.024,0,0,0,178.024,0
72.29,2.78556,0,0,6.81717,0.338764,2.83407,3.6288,61.308,0.549612,0,0,2.63839,0.208209,1.88057,0.66528,12.849,1,0.501065,2.83407,0,177.021,3.5112,175.842,0.84672,12.849,0.84672,3695.15,0,36.966,0.331392,2.70543,2.09092,15.3321,0.943484,18.8536,0.42336,36.966,0.42336,423.524,0,1.02816,0,0,3.73359,2.70543,1.028160,1,0,196.577,0,0,0,196.577,0
72.29,2.79064,0,0,7.08998,0.324305,3.97504,3.6288,61.308,0.549623,0,0,2.62249,0.23176,1.84111,0.66528,12.849,1,0.496015,3.97504,0,132.757,4.18494,132.051,0.84672,12.849,0.84672,3695.15,0,36.966,0.331398,2.88246,2.09093,12.5953,1.03979,16.1975,0.42336,36.966,0.42336,423.524,0,1.02816,0,0,3.91062,2.88246,1.028160,1,0,150.09,0,0,0,150.09,0
72.29,2.79066,0,0,8.37912,0.297433,5.29103,3.6288,61.308,0.549633,0,0,6.18682,0.17436,5.46283,0.66528,12.849,1,0.49602,5.29103,0,178.376,4.55073,178.621,0.84672,12.849,0.84672,3695.15,0,36.966,0.331404,5.33179,2.09095,22.9123,1.11619,28.8875,0.42336,36.966,0.42336,423.524,0,1.02816,0,0,6.35995,5.33179,1.028160,1,0,212.971,0,0,0,212.971,0
72.29,2.89266,0,0,7.77271,0.298999,4.58105,3.6288,61.308,0.597547,0,0,3.3408,0.20529,2.53797,0.66528,12.849,1,0.514148,4.58105,0,181.494,4.52235,181.039,0.84672,12.849,0.84672,3695.15,0,36.966,0.360294,3.44314,2.09097,15.7959,1.0836,19.8861,0.42336,36.966,0.42336,423.524,0,1.02816,0,0,4.4713,3.44314,1.028160,1,0,203.463,0,0,0,203.463,0
72.29,2.89268,0,0,4.76206,0.298999,1.57038,3.6288,61.308,0.597558,0,0,2.33387,0.20529,1.53102,0.66528,12.849,1,0.514152,1.57038,0,104.024,4.52235,100.558,0.84672,12.849,0.84672,3695.15,0,36.966,0.360301,2.27537,2.17282,11.184,1.0836,14.1883,0.42336,36.966,0.42336,423.524,0,1.02816,0,0,3.30353,2.27537,1.028160,1,0,116.277,0,0,0,116.277,0
72.29,2.89271,0,0,4.02573,0.298999,0.834024,3.6288,61.308,0.597569,0,0,2.08266,0.20529,1.2798,0.66528,12.849,1,0.514157,0.834024,0,83.5514,4.52235,79.3489,0.84672,12.849,0.84672,3695.15,0,36.966,0.360308,2.13745,2.17284,10.0932,1.0836,12.9595,0.42336,36.966,0.42336,423.524,0,1.02816,0,0,3.16561,2.13745,1.028160,1,0,93.5883,0,0,0,93.5883,0
72.29,2.89273,0,0,4.07558,0.245246,0.937605,3.6288,61.308,0.59758,0,0,1.63672,0.207233,0.831905,0.66528,12.849,1,0.514161,0.937605,0,87.7383,3.97035,84.1914,0.84672,12.849,0.84672,3695.15,0,36.966,0.360314,1.59667,2.17286,8.29673,1.12011,10.5858,0.42336,36.966,0.42336,423.524,0,1.02816,0,0,2.62483,1.59667,1.028160,1,0,95.6092,0,0,0,95.6092,0
72.29,2.85289,0,0,3.8221,0.223744,0.74547,3.6288,61.308,0.578985,0,0,1.59391,0.20801,0.806911,0.66528,12.849,1,0.507079,0.74547,0,88.1531,3.74955,84.6419,0.84672,12.849,0.84672,3695.15,0,36.966,0.349102,1.51997,2.17288,8.01109,1.13471,10.2201,0.42336,36.966,0.42336,423.524,0,1.02816,0,0,2.54813,1.51997,1.028160,1,0,95.6689,0,0,0,95.6689,0
72.29,2.85291,0,0,3.99195,0.223744,0.91529,3.6288,61.308,0.578996,0,0,1.3653,0.20801,0.578295,0.66528,12.849,1,0.507084,0.91529,0,87.4264,3.74955,84.0851,0.84672,12.849,0.84672,3695.15,0,36.966,0.349109,1.08753,2.14106,9.40006,1.13471,11.1448,0.42336,36.966,0.42336,423.524,0,1.02816,0,0,2.11569,1.08753,1.028160,1,0,95.8082,0,0,0,95.8082,0
72.29,2.85294,0,0,3.90108,0.187252,0.86089,3.6288,61.308,0.579007,0,0,1.33138,0.225814,0.52656,0.66528,12.849,1,0.507088,0.86089,0,86.9244,5.1531,82.1251,0.84672,12.849,0.84672,3695.15,0,36.966,0.349115,1.18212,2.14107,8.4926,1.19004,10.2766,0.42336,36.966,0.42336,423.524,0,1.02816,0,0,2.21028,1.18212,1.028160,1,0,92.9284,0,0,0,92.9284,0
72.2065,2.85296,0,0,3.27584,0.143503,0.36288,3.6288,61.308,0.579018,0,0,1.33453,0.240755,0.514752,0.66528,12.849,1,0.507093,0.36288,0,57.7842,5.36908,52.2709,0.84672,12.849,0.84672,3695.15,0,36.966,0.349122,1.03466,2.14109,7.27989,1.2636,8.84292,0.42336,36.966,0.42336,423.524,0,1.02816,0,0,2.06282,1.03466,1.028160,1,0,61.6286,0,0,0,61.6286,0
71.8341,2.98781,0,0,3.13883,0.160572,0.36288,3.6288,61.308,0.645012,0,0,0.988839,0.221667,0.12216,0.66528,12.849,1,0.531674,0.36288,0,60.5258,4.3398,56.0172,0.84672,12.849,0.84672,3695.15,0,36.966,0.388914,0.881997,2.14111,6.37019,1.16657,7.83781,0.42336,36.966,0.42336,423.524,0,1.02816,0,0,1.91016,0.881997,1.028160,1,0,63.9772,0,0,0,63.9772,0
71.1243,2.98549,0,0,2.75251,0.113911,0.36288,3.6288,61.308,0.645024,0,0,0.922337,0.221904,0.0554098,0.66528,12.849,1,0.534017,0.36288,0,51.597,4.35582,47.07,0.84672,12.849,0.84672,3695.15,0,36.966,0.388921,0.893618,2.25272,5.91389,1.12017,7.55113,0.42336,36.966,0.42336,423.524,0,1.02816,0,0,1.92178,0.893618,1.028160,1,0,54.6765,0,0,0,54.6765,0
70.3862,2.98101,0,0,2.71913,0.113295,0.36288,3.6288,61.308,0.645035,0,0,0.994585,0.221904,0.127646,0.66528,12.849,1,0.538536,0.36288,0,50.059,4.35582,45.5276,0.84672,12.849,0.84672,3695.15,0,36.966,0.388927,0.858436,2.25274,6.40799,1.12017,8.01006,0.42336,36.966,0.42336,423.524,0,1.02816,0,0,1.8866,0.858436,1.028160,1,0,53.6653,0,0,0,53.6653,0
69.482,2.97626,0,0,2.54761,0.112655,0.36288,3.6288,61.308,0.645047,0,0,0.933284,0.221904,0.0663337,0.66528,12.849,1,0.543316,0.36288,0,46.7068,4.35582,42.1705,0.84672,12.849,0.84672,3695.15,0,36.966,0.388934,0.797671,2.25276,5.72962,1.12017,7.27095,0.42336,36.966,0.42336,423.524,0,1.02816,0,0,1.82583,0.797671,1.028160,1,0,49.5078,0,0,0,49.5078,0
69.0042,2.97032,0,0,2.99973,0.144359,0.36288,3.6288,61.1867,0.645058,0,0,0.748043,0.224271,0,0.66528,12.849,1,0.549287,0.36288,0,53.2699,5.09925,47.9843,0.84672,12.849,0.84672,3695.15,0,36.966,0.388941,0.538479,2.25278,5.58778,1.19928,6.79082,0.42336,36.966,0.42336,423.524,0,1.02816,0,0,1.56664,0.538479,1.028160,1,0,54.7751,0,0,0,54.7751,0
68.4346,2.94056,0,0,2.81266,0.0788258,0.36288,3.6288,61.0227,0.66528,0,0,0.750263,0.248986,0,0.66528,12.849,1,0.54755,0.36288,0,49.6801,5.29158,44.2038,0.84672,12.849,0.84672,3695.15,0,36.966,0.426872,0.504083,2.2528,5.58822,1.2564,6.66183,0.42336,36.966,0.42336,423.524,0,1.02816,0,0,1.53224,0.504083,1.028160,1,0,50.8657,0,0,0,50.8657,0
67.665,2.93675,0,0,2.60855,0.078541,0.36288,3.6288,60.849,0.66528,0,0,0.740249,0.248727,0,0.66528,12.849,1,0.551392,0.36288,0,45.563,5.29158,40.0829,0.84672,12.849,0.84672,3695.15,0,36.966,0.426891,0.495072,2.29183,5.09823,1.2564,6.20183,0.42336,36.966,0.42336,423.524,0,1.02816,0,0,1.52323,0.495072,1.028160,1,0,46.2847,0,0,0,46.2847,0
66.7319,2.93151,0,0,2.43928,0.0780043,0.36288,3.6288,60.6821,0.66528,0,0,0.746928,0.248453,0,0.66528,12.849,1,0.556668,0.36288,0,42.4987,5.29158,37.0133,0.84672,12.849,0.84672,3695.15,0,36.966,0.42691,0.550506,2.29185,4.99565,1.2564,6.15469,0.42336,36.966,0.42336,423.524,0,1.02816,0,0,1.57867,0.550506,1.028160,1,0,43.168,0,0,0,43.168,0
65.4587,2.92501,0,0,2.09382,0.0791189,0.36288,3.6288,60.2782,0.691857,0,0,0.57731,0.289431,0,0.66528,12.849,1,0.5632,0.36288,0,34.5953,5.76305,28.6319,0.84672,12.849,0.84672,3695.15,0,36.966,0.426929,0.261274,2.29187,4.07046,1.40354,4.79313,0.42336,36.966,0.42336,423.524,0,1.00158,0,0,1.26286,0.261274,1.028160,1,0,33.425,0,0,0,33.425,0
64.2223,2.98393,0,0,2.19142,0.0810336,0.36288,3.6288,59.9516,0.66528,0,0,0.64632,0.307619,0,0.66528,12.849,1,0.58572,0.36288,0,40.8056,5.96558,34.6172,0.84672,12.849,0.84672,3695.15,0,36.966,0.47876,0.306271,2.29189,4.15956,1.47765,4.80131,0.42336,36.966,0.42336,423.524,0,1.02816,0,0,1.33443,0.306271,1.028160,1,0,39.4185,0,0,0,39.4185,0
62.7993,2.97456,0,0,1.99469,0.0802318,0.36288,3.6288,59.5124,0.66528,0,0,0.533079,0.30698,0,0.66528,12.849,1,0.595122,0.36288,0,32.8666,5.96558,26.6687,0.84672,12.849,0.84672,3695.15,0,36.966,0.47878,0.335094,2.34719,3.86517,1.47765,4.59103,0.42336,36.966,0.42336,423.524,0,1.02816,0,0,1.36325,0.335094,1.028160,1,0,31.2598,0,0,0,31.2598,0
61.2079,2.96339,0,0,1.81417,0.079309,0.36288,3.6288,58.9327,0.770075,0,0,0.49645,0.30612,0,0.66528,12.849,1,0.606321,0.36288,0,30.6391,5.96558,24.4301,0.84672,12.849,0.84672,3695.15,0,36.966,0.478799,0.227405,2.34721,3.44463,1.47765,4.0628,0.42336,36.966,0.42336,423.524,0,0.923365,0,0,1.15077,0.227405,1.028160,1,0,28.4929,0,0,0,28.4929,0
59.7599,2.95038,0,0,1.9328,0.0675251,0.36288,3.6288,58.5386,0.66528,0,0,0.58302,0.311853,0,0.66528,12.849,1,0.619356,0.36288,0,32.0458,6.15106,25.6382,0.84672,12.849,0.84672,3695.15,0,36.966,0.478818,0.43556,2.34724,4.68393,1.52973,5.45818,0.42336,36.966,0.42336,423.524,0,1.02816,0,0,1.46372,0.43556,1.028160,1,0,31.0964,0,0,0,31.0964,0
57.8318,3.13428,0,0,1.63412,0.0650231,0.36288,3.6288,58.0871,0.66528,0,0,0.530413,0.316543,0,0.66528,12.849,1,0.673903,0.36288,0,35.8363,6.21715,29.3081,0.84672,12.849,0.84672,3695.15,0,36.966,0.665861,0.37851,2.34726,4.01288,1.63304,4.43975,0.42336,36.966,0.42336,423.524,0,1.02816,0,0,1.40667,0.37851,1.028160,1,0,33.7479,0,0,0,33.7479,0
55.7543,3.11592,0,0,1.46508,0.0638214,0.36288,3.6288,57.587,0.66528,0,0,0.480811,0.315624,0,0.66528,12.849,1,0.692292,0.36288,0,31.9916,6.21715,25.445,0.84672,12.849,0.84672,3695.15,0,36.966,0.665882,0.287176,2.53645,3.91317,1.63304,4.43788,0.42336,36.966,0.42336,423.524,0,1.02816,0,0,1.31534,0.287176,1.028160,1,0,29.8829,0,0,0,29.8829,0
53.9875,3.09499,0,0,1.75356,0.0625266,0.36288,3.6288,57.1237,0.66528,0,0,0.51652,0.314605,0,0.66528,12.849,1,0.713263,0.36288,0,33.1091,6.21715,26.5415,0.84672,12.849,0.84672,3695.15,0,36.966,0.665903,0.400326,2.53647,4.29227,1.63304,4.93013,0.42336,36.966,0.42336,423.524,0,1.02816,0,0,1.42849,0.400326,1.028160,1,0,31.4717,0,0,0,31.4717,0
53.4636,3.07616,0,0,2.99839,0.0831667,0.36288,3.6288,56.8134,0.66528,0,0,0.663422,0.30844,0,0.66528,12.849,1,0.732125,0.36288,0,55.0233,6.06873,48.5853,0.84672,12.849,0.84672,3695.15,0,36.966,0.665924,0.635757,2.53649,4.7512,1.61483,5.64269,0.42336,36.966,0.42336,423.524,0,1.02816,0,0,1.66392,0.635757,1.028160,1,0,54.228,0,0,0,54.228,0
51.7456,3.0704,0,0,1.82502,0.109803,0.36288,3.6288,56.2755,0.687537,0,0,0.434985,0.285307,0,0.66528,12.849,1,0.737914,0.36288,0,42.0011,5.35842,36.2677,0.84672,12.849,0.84672,3695.15,0,36.966,0.665945,0.204422,2.53652,3.43569,1.45093,4.05975,0.42336,36.966,0.42336,423.524,0,1.0059,0,0,1.21033,0.204422,1.028160,1,0,40.3274,0,0,0,40.3274,0
50.9037,2.95772,0,0,2.59201,0.113294,0.36288,3.6288,55.9496,0.66528,0,0,0.62134,0.281972,0,0.66528,12.849,1,0.734434,0.36288,0,51.0796,5.20537,45.5027,0.84672,12.849,0.84672,3695.15,0,36.966,0.552444,1.06593,2.53654,5.28688,1.42543,6.91148,0.42336,36.966,0.42336,423.524,0,1.02816,0,0,2.09409,1.06593,1.028160,1,0,52.4141,0,0,0,52.4141,0
48.6427,2.94805,0,0,1.16224,0.112303,0.36288,3.6288,55.1826,0.838192,0,0,0.352514,0.281372,0,0.66528,12.849,1,0.744139,0.36288,0,38.8388,5.20537,33.2522,0.84672,12.849,0.84672,3695.15,0,36.966,0.553795,0.216518,2.42708,2.71842,1.42543,3.3828,0.42336,36.966,0.42336,423.524,0,0.853917,0,0,1.07044,0.216518,1.028160,1,0,36.6349,0,0,0,36.6349,0
46.6837,2.92071,0,0,1.4556,0.13098,0.36288,3.6288,54.5598,0.791372,0,0,0.44607,0.27746,0,0.66528,12.849,1,0.771507,0.36288,0,37.054,5.02491,31.6205,0.84672,12.849,0.84672,3695.15,0,36.966,0.552484,0.216518,2.4271,3.32572,1.39827,4.01858,0.42336,36.966,0.42336,423.524,0,0.902068,0,0,1.11859,0.216518,1.028160,1,0,35.6391,0,0,0,35.6391,0
47.8686,2.89535,0,0,4.64098,0.19786,0.36288,3.6288,54.6179,0.66528,0,0,0.970504,0.247143,0,0.66528,12.849,1,0.796902,0.36288,0,57.7388,4.53985,52.7649,0.84672,12.849,0.84672,3695.15,0,36.966,0.552504,2.5887,2.42712,9.08221,1.13957,12.406,0.42336,36.966,0.42336,423.524,0,1.02816,0,0,3.61686,2.5887,1.028160,1,0,65.1709,0,0,0,65.1709,0
49.0437,2.83573,0,0,4.56996,0.196288,0.36288,3.6288,54.9342,0.664635,0,0,1.16059,0.179613,0,0.66528,12.849,1,0.761173,0.36288,0,72.2859,4.53212,67.3555,0.84672,12.849,0.84672,3695.15,0,36.966,0.449832,2.66566,2.42714,9.12228,0.983696,12.7816,0.42336,36.966,0.42336,423.524,0,1.02816,0,0,3.69382,2.66566,1.028160,1,0,80.137,0,0,0,80.137,0
50.4123,2.85021,0,0,4.78051,0.198808,0.36288,3.6288,55.3096,0.66528,0,0,1.22065,0.179988,0,0.66528,12.849,1,0.746728,0.36288,0,141.139,4.53212,136.223,0.84672,12.849,0.84672,3695.15,0,36.966,0.449207,2.77809,2.32945,10.6546,0.983696,14.3292,0.42336,36.966,0.42336,423.524,0,1.02816,0,0,3.80625,2.77809,1.028160,1,0,150.552,0,0,0,150.552,0
49.9365,2.86639,0,0,2.95523,0.201725,0.36288,3.6288,55.1919,0.66528,0,0,0.727963,0.180434,0,0.66528,12.849,1,0.73058,0.36288,0,51.4687,4.53212,46.5688,0.84672,12.849,0.84672,3695.15,0,36.966,0.449225,1.24118,2.32947,7.28879,0.983696,9.42652,0.42336,36.966,0.42336,423.524,0,1.02816,0,0,2.26934,1.24118,1.028160,1,0,55.9954,0,0,0,55.9954,0
51.2118,2.86088,0,0,4.75785,0.258782,0.36288,3.6288,55.7316,0.66528,0,0,1.37078,0.165718,0,0.66528,12.849,1,0.736122,0.36288,0,79.5208,4.35303,74.7946,0.84672,12.849,0.84672,3695.15,0,36.966,0.449244,2.93164,2.32949,8.3846,0.955097,12.2414,0.42336,36.966,0.42336,423.524,0,1.02816,0,0,3.9598,2.93164,1.028160,1,0,87.0359,0,0,0,87.0359,0
54.7203,2.65899,0,0,6.7163,0.186017,0.36288,3.6288,56.3067,0.540686,0,0,1.34354,0.227774,0,0.66528,12.849,1,0.667139,0.36288,0,109.803,3.78187,105.717,0.84672,12.849,0.84672,3695.15,0,36.966,0.35863,2.47649,2.32952,7.31765,1.03843,10.7266,0.42336,36.966,0.42336,423.524,0,1.02816,0,0,3.50465,2.47649,1.028160,1,0,116.444,0,0,0,116.444,0
58.4646,2.69366,0,0,7.03218,0.231282,0.36288,3.6288,57.0605,0.542908,0,0,1.51402,0.217335,0,0.66528,12.849,1,0.632505,0.36288,0,138.017,3.722,134.025,0.84672,12.849,0.84672,3695.15,0,36.966,0.356425,2.86826,2.11249,8.63248,1.00709,12.2497,0.42336,36.966,0.42336,423.524,0,1.02816,0,0,3.89642,2.86826,1.028160,1,0,146.275,0,0,0,146.275,0
63.1265,2.72689,0,0,8.03494,0.283275,0.36288,3.6288,57.9822,0.545776,0,0,1.67537,0.20783,0,0.66528,12.849,1,0.5993,0.36288,0,210.521,3.70881,206.575,0.84672,12.849,0.84672,3695.15,0,36.966,0.353575,3.02107,2.1125,8.84321,0.992064,12.6311,0.42336,36.966,0.42336,423.524,0,1.02816,0,0,4.04923,3.02107,1.028160,1,0,219.206,0,0,0,219.206,0
67.1246,2.76369,0,0,7.41977,0.295127,0.36288,3.6288,58.8149,0.549219,0,0,1.59093,0.209075,0,0.66528,12.849,1,0.562532,0.36288,0,160.226,3.70881,156.318,0.84672,12.849,0.84672,3695.15,0,36.966,0.350149,2.77444,2.11252,8.48128,0.992064,12.026,0.42336,36.966,0.42336,423.524,0,1.02816,0,0,3.8026,2.77444,1.028160,1,0,168.344,0,0,0,168.344,0
69.2105,2.79184,0,0,5.54886,0.308265,0.36288,3.6288,59.3964,0.552273,0,0,1.3532,0.219367,0,0.66528,12.849,1,0.534414,0.36288,0,158.923,4.28908,154.463,0.84672,12.849,0.84672,3695.15,0,36.966,0.347112,2.34355,2.11254,8.49632,0.970464,11.6348,0.42336,36.966,0.42336,423.524,0,1.02816,0,0,3.37171,2.34355,1.028160,1,0,166.098,0,0,0,166.098,0
71.9582,2.89332,0,0,6.31873,0.314772,0.36288,3.6288,59.9728,0.592791,0,0,1.39304,0.223868,0,0.66528,12.849,1,0.537149,0.36288,0,149.667,4.5212,144.972,0.84672,12.849,0.84672,3695.15,0,36.966,0.36893,2.52259,2.11256,8.71266,0.961824,12.0171,0.42336,36.966,0.42336,423.524,0,1.02816,0,0,3.55075,2.52259,1.028160,1,0,156.989,0,0,0,156.989,0
72.29,2.91073,0,0,6.16022,0.321492,2.59621,3.6288,60.902,0.594986,0,0,1.74881,0.224694,0,0.66528,12.849,1,0.519746,2.59621,0,175.962,4.5212,173.518,0.84672,12.849,0.84672,3695.15,0,36.966,0.366737,3.53418,2.18025,10.6838,0.961824,15.0697,0.42336,36.966,0.42336,423.524,0,1.02816,0,0,4.56234,3.53418,1.028160,1,0,188.587,0,0,0,188.587,0
72.29,2.91276,0,0,3.83751,0.355696,0.569053,3.6288,61.0809,0.598469,0,0,0.994499,0.217122,0,0.66528,12.849,1,0.517721,0.569053,0,98.4588,4.61615,93.894,0.84672,12.849,0.84672,3695.15,0,36.966,0.363256,1.73326,2.18025,6.38945,1.12739,8.81233,0.42336,36.966,0.42336,423.524,0,1.02816,0,0,2.76142,1.73326,1.028160,1,0,102.706,0,0,0,102.706,0
72.29,2.91276,0,0,6.91601,0.305673,3.69757,3.6288,61.308,0.599133,0,0,1.31735,0.240256,0.250825,0.66528,12.849,1,0.517722,3.69757,0,114.405,4.34854,113.236,0.84672,12.849,0.84672,3695.15,0,36.966,0.362594,2.32765,2.18026,8.25196,1.10415,11.2931,0.42336,36.966,0.42336,423.524,0,1.02816,0,0,3.35581,2.32765,1.028160,1,0,124.78,0,0,0,124.78,0
72.29,3.19687,0,0,4.619,0.349808,1.07232,3.6288,61.308,0.66528,0,0,1.08085,0.195649,0.219918,0.66528,12.849,1,0.56822,1.07232,0,104.36,3.33449,101.53,0.84672,12.849,0.84672,3695.15,0,36.966,0.530418,1.52648,2.18026,7.16002,0.827196,9.50915,0.42336,36.966,0.42336,423.524,0,1.02816,0,0,2.55464,1.52648,1.028160,1,0,111.259,0,0,0,111.259,0
72.29,3.19687,0,0,4.8521,0.349808,1.30542,3.6288,61.308,0.66528,0,0,1.02382,0.195649,0.162894,0.66528,12.849,1,0.56822,1.30542,0,99.4594,3.33449,96.8621,0.84672,12.849,0.84672,3695.15,0,36.966,0.530421,1.26979,2.42373,5.52477,0.827196,7.86068,0.42336,36.966,0.42336,423.524,0,1.02816,0,0,2.29795,1.26979,1.028160,1,0,104.886,0,0,0,104.886,0
72.29,3.19688,0,0,4.0617,0.342016,0.522804,3.6288,61.308,0.66528,0,0,1.16216,0.212247,0.284631,0.66528,12.849,1,0.568221,0.522804,0,90.8392,3.72761,87.0662,0.84672,12.849,0.84672,3695.15,0,36.966,0.530424,1.43487,2.42373,6.27935,0.950183,8.65735,0.42336,36.966,0.42336,423.524,0,1.02816,0,0,2.46303,1.43487,1.028160,1,0,96.0082,0,0,0,96.0082,0
72.29,3.19688,0,0,5.06824,0.326415,1.54494,3.6288,61.308,0.66528,0,0,1.16802,0.199726,0.303019,0.66528,12.849,1,0.568222,1.54494,0,99.5458,4.12911,96.3934,0.84672,12.849,0.84672,3695.15,0,36.966,0.530426,1.53227,2.42374,7.25051,1.2028,9.47329,0.42336,36.966,0.42336,423.524,0,1.02816,0,0,2.56043,1.53227,1.028160,1,0,106.17,0,0,0,106.17,0
72.29,2.79166,0,0,5.22135,0.336232,2.09346,3.6288,61.308,0.550058,0,0,1.20879,0.160803,0.497927,0.66528,12.849,1,0.496197,2.09346,0,111.51,2.71183,110.396,0.84672,12.849,0.84672,3695.15,0,36.966,0.331661,1.1741,2.42374,7.81056,0.934029,10.1427,0.42336,36.966,0.42336,423.524,0,1.02816,0,0,2.20226,1.1741,1.028160,1,0,121.036,0,0,0,121.036,0
72.29,2.79166,0,0,6.98122,0.336232,3.85332,3.6288,61.308,0.55006,0,0,1.81942,0.160803,1.10856,0.66528,12.849,1,0.496197,3.85332,0,156.276,2.71183,156.921,0.84672,12.849,0.84672,3695.15,0,36.966,0.331661,1.96557,2.09172,11.9294,0.934029,14.721,0.42336,36.966,0.42336,423.524,0,1.02816,0,0,2.99373,1.96557,1.028160,1,0,172.751,0,0,0,172.751,0
72.29,2.79167,0,0,8.86092,0.337484,5.73177,3.6288,61.308,0.550061,0,0,2.76643,0.176101,2.04027,0.66528,12.849,1,0.496198,5.73177,0,197.497,3.14495,199.587,0.84672,12.849,0.84672,3695.15,0,36.966,0.331662,4.04594,2.09172,18.9491,1.00073,23.7543,0.42336,36.966,0.42336,423.524,0,1.02816,0,0,5.0741,4.04594,1.028160,1,0,225.382,0,0,0,225.382,0
72.29,2.79167,0,0,5.9263,0.340616,2.79401,3.6288,61.308,0.550062,0,0,1.4944,0.214347,0.729991,0.66528,12.849,1,0.496198,2.79401,0,156.898,4.22772,154.968,0.84672,12.849,0.84672,3695.15,0,36.966,0.331663,1.71723,2.09172,11.2635,1.16747,13.5734,0.42336,36.966,0.42336,423.524,0,1.02816,0,0,2.74539,1.71723,1.028160,1,0,169.272,0,0,0,169.272,0
72.29,2.79167,0,0,9.0861,0.346948,5.94748,3.6288,61.308,0.550064,0,0,2.21848,0.148884,1.51953,0.66528,12.849,1,0.496199,5.94748,0,160.694,2.80062,163.344,0.84672,12.849,0.84672,3695.15,0,36.966,0.331664,2.64399,2.09172,18.3043,0.843342,21.865,0.42336,36.966,0.42336,423.524,0,1.02816,0,0,3.67215,2.64399,1.028160,1,0,186.729,0,0,0,186.729,0
72.29,2.89368,0,0,11.1006,0.326405,7.8805,3.6288,61.308,0.597986,0,0,2.89923,0.151841,2.1494,0.66528,12.849,1,0.51433,7.8805,0,179.78,3.20874,183.938,0.84672,12.849,0.84672,3695.15,0,36.966,0.360559,3.09645,2.09173,17.7721,0.924511,21.6752,0.42336,36.966,0.42336,423.524,0,1.02816,0,0,4.12461,3.09645,1.028160,1,0,207.762,0,0,0,207.762,0
72.29,2.63692,0,0,7.95347,0.308648,5.0079,3.6288,61.308,0.66528,0,0,2.01318,0.147852,1.20005,0.66528,12.849,1,0.468693,5.0079,0,133.772,3.3873,134.924,0.84672,12.849,0.84672,3695.15,0,36.966,0.595667,2.4128,2.17359,13.3934,0.959188,16.4249,0.42336,36.966,0.42336,423.524,0,1.02816,0,0,3.44096,2.4128,1.028160,1,0,152.549,0,0,0,152.549,0
72.29,2.63692,0,0,6.83891,0.308648,3.89333,3.6288,61.308,0.66528,0,0,2.04107,0.147852,1.22794,0.66528,12.849,1,0.468693,3.89333,0,112.561,3.3873,112.598,0.84672,12.849,0.84672,3695.15,0,36.966,0.595669,2.14882,2.35056,12.4951,0.959188,15.4396,0.42336,36.966,0.42336,423.524,0,1.02816,0,0,3.17698,2.14882,1.028160,1,0,129.266,0,0,0,129.266,0
72.29,2.63693,0,0,5.33814,0.258861,2.44235,3.6288,61.308,0.66528,0,0,1.7098,0.192438,0.852077,0.66528,12.849,1,0.468694,2.44235,0,97.9715,3.96684,95.9784,0.84672,12.849,0.84672,3695.15,0,36.966,0.595672,1.39548,2.35056,12.6416,1.10585,14.6861,0.42336,36.966,0.42336,423.524,0,1.02816,0,0,2.42364,1.39548,1.028160,1,0,111.517,0,0,0,111.517,0
72.29,2.59705,0,0,4.06106,0.221521,1.24249,3.6288,61.308,0.66528,0,0,1.15455,0.225878,0.263388,0.66528,12.849,1,0.461606,1.24249,0,68.9239,4.40149,65.3033,0.84672,12.849,0.84672,3695.15,0,36.966,0.56584,0.60213,2.35056,7.12956,1.21584,8.30057,0.42336,36.966,0.42336,423.524,0,1.02816,0,0,1.63029,0.60213,1.028160,1,0,73.8672,0,0,0,73.8672,0
72.29,2.59705,0,0,3.65051,0.221521,0.83194,3.6288,61.308,0.775181,0,0,1.02298,0.225878,0.0219257,0.66528,12.849,1,0.461606,0.83194,0,59.5557,4.40149,55.5245,0.84672,12.849,0.84672,3695.15,0,36.966,0.565842,0.528595,2.31871,6.2384,1.21584,7.30403,0.42336,36.966,0.42336,423.524,0,0.918259,0,0,1.44685,0.528595,1.028160,1,0,62.8505,0,0,0,62.8505,0
72.29,2.59705,0,0,3.36959,0.195596,0.576941,3.6288,61.308,0.716705,0,0,0.957735,0.191745,0.049285,0.66528,12.849,1,0.461607,0.576941,0,57.1549,3.69373,53.5765,0.84672,12.849,0.84672,3695.15,0,36.966,0.565845,0.402797,2.31871,5.6336,1.03633,6.75294,0.42336,36.966,0.42336,423.524,0,0.976735,0,0,1.37953,0.402797,1.028160,1,0,60.3787,0,0,0,60.3787,0
72.29,2.59706,0,0,3.23465,0.190254,0.447339,3.6288,61.308,0.66528,0,0,0.951808,0.190076,0.096452,0.66528,12.849,1,0.461607,0.447339,0,51.25,3.64503,47.5907,0.84672,12.849,0.84672,3695.15,0,36.966,0.565847,0.54184,2.31872,5.81304,1.00749,7.10026,0.42336,36.966,0.42336,423.524,0,1.02816,0,0,1.57,0.54184,1.028160,1,0,54.7874,0,0,0,54.7874,0
71.6684,2.73244,0,0,2.65781,0.184131,0.36288,3.6288,60.8727,0.937241,0,0,0.716109,0.214197,0,0.66528,12.849,1,0.48567,0.36288,0,41.4454,4.06056,37.262,0.84672,12.849,0.84672,3695.15,0,36.966,0.671649,0.402797,2.31872,4.05162,1.01396,5.08752,0.42336,36.966,0.42336,423.524,0,0.756199,0,0,1.159,0.402797,1.028160,1,0,42.3496,0,0,0,42.3496,0
71.0179,2.72887,0,0,2.62451,0.183262,0.36288,3.6288,60.4753,0.961589,0,0,0.777816,0.213607,0,0.66528,12.849,1,0.489243,0.36288,0,40.0797,4.06056,35.8927,0.84672,12.849,0.84672,3695.15,0,36.966,0.671651,0.402797,2.43034,4.44212,1.01396,5.58964,0.42336,36.966,0.42336,423.524,0,0.731851,0,0,1.13465,0.402797,1.028160,1,0,41.4824,0,0,0,41.4824,0
70.2021,2.72508,0,0,2.45458,0.182353,0.36288,3.6288,60.0732,0.906777,0,0,0.717716,0.213069,0,0.66528,12.849,1,0.493038,0.36288,0,37.4916,4.06056,33.3008,0.84672,12.849,0.84672,3695.15,0,36.966,0.671654,0.30119,2.43034,3.90035,1.01396,4.94626,0.42336,36.966,0.42336,423.524,0,0.786663,0,0,1.08785,0.30119,1.028160,1,0,38.2471,0,0,0,38.2471,0
69.2699,2.72024,0,0,2.30279,0.151878,0.36288,3.6288,59.5806,0.936144,0,0,0.681143,0.237584,0,0.66528,12.849,1,0.497882,0.36288,0,34.9365,4.64479,30.1567,0.84672,12.849,0.84672,3695.15,0,36.966,0.671656,0.30119,2.43035,3.8612,1.09691,4.82417,0.42336,36.966,0.42336,423.524,0,0.757296,0,0,1.05849,0.30119,1.028160,1,0,34.9809,0,0,0,34.9809,0
68.6415,2.71459,0,0,2.53277,0.0837127,0.36288,3.6288,59.4312,0.669669,0,0,0.739791,0.219494,0,0.66528,12.849,1,0.503534,0.36288,0,40.6961,4.915,35.6405,0.84672,12.849,0.84672,3695.15,0,36.966,0.671659,0.30119,2.43035,4.15528,1.08619,5.12897,0.42336,36.966,0.42336,423.524,0,1.02377,0,0,1.32496,0.30119,1.028160,1,0,40.7694,0,0,0,40.7694,0
67.8741,2.68415,0,0,2.35826,0.0786204,0.36288,3.6288,59.2869,0.66528,0,0,0.731791,0.210851,0,0.66528,12.849,1,0.502446,0.36288,0,41.0549,4.83021,36.0851,0.84672,12.849,0.84672,3695.15,0,36.966,0.729811,0.332675,2.43035,4.06352,1.06597,5.03077,0.42336,36.966,0.42336,423.524,0,1.02816,0,0,1.36083,0.332675,1.028160,1,0,41.1159,0,0,0,41.1159,0
66.8942,2.67938,0,0,2.14048,0.0781496,0.36288,3.6288,59.0154,0.74736,0,0,0.686534,0.210656,0,0.66528,12.849,1,0.507223,0.36288,0,36.5832,4.83021,31.6087,0.84672,12.849,0.84672,3695.15,0,36.966,0.729813,0.261274,2.46937,3.93091,1.06597,4.86578,0.42336,36.966,0.42336,423.524,0,0.94608,0,0,1.20735,0.261274,1.028160,1,0,36.4745,0,0,0,36.4745,0
65.8433,2.67315,0,0,2.03075,0.0455909,0.36288,3.6288,58.6308,0.742634,0,0,0.643974,0.285961,0,0.66528,12.849,1,0.513457,0.36288,0,32.9065,5.81826,26.9376,0.84672,12.849,0.84672,3695.15,0,36.966,0.729816,0.261274,2.46937,3.72537,1.42662,4.29958,0.42336,36.966,0.42336,423.524,0,0.950806,0,0,1.21208,0.261274,1.028160,1,0,31.2372,0,0,0,31.2372,0
64.6075,2.6663,0,0,1.83752,0.0442129,0.36288,3.6288,58.2008,0.809568,0,0,0.67625,0.296657,0,0.66528,12.849,1,0.520315,0.36288,0,36.4516,5.92311,30.371,0.84672,12.849,0.84672,3695.15,0,36.966,0.729818,0.261274,2.46938,3.40412,1.45246,3.95249,0.42336,36.966,0.42336,423.524,0,0.883872,0,0,1.14515,0.261274,1.028160,1,0,34.3235,0,0,0,34.3235,0
63.147,2.72592,0,0,1.6708,0.0424581,0.36288,3.6288,57.6214,0.905083,0,0,0.636733,0.310998,0,0.66528,12.849,1,0.542125,0.36288,0,29.4941,6.06291,23.252,0.84672,12.849,0.84672,3695.15,0,36.966,0.781645,0.261274,2.46938,2.98856,1.48691,3.45065,0.42336,36.966,0.42336,423.524,0,0.788357,0,0,1.04963,0.261274,1.028160,1,0,26.7026,0,0,0,26.7026,0
61.5885,2.7155,0,0,1.56189,0.0419585,0.36288,3.6288,56.9053,0.995397,0,0,0.58912,0.309837,0,0.66528,12.849,1,0.552544,0.36288,0,28.0445,6.06291,21.7919,0.84672,12.849,0.84672,3695.15,0,36.966,0.781648,0.261274,2.52468,2.62235,1.48691,3.13975,0.42336,36.966,0.42336,423.524,0,0.698043,0,0,0.959316,0.261274,1.028160,1,0,24.9317,0,0,0,24.9317,0
59.771,2.95414,0,0,1.54091,0.0414253,0.36288,3.6288,56.4001,0.83422,0,0,0.637378,0.308401,0,0.66528,12.849,1,0.616312,0.36288,0,26.0227,6.06291,19.7064,0.84672,12.849,0.84672,3695.15,0,36.966,0.541914,0.227405,2.52468,2.96558,1.48691,3.68884,0.42336,36.966,0.42336,423.524,0,0.796556,0,0,1.02396,0.227405,1.028160,1,0,23.3952,0,0,0,23.3952,0
58.3562,2.68982,0,0,1.66268,0.0247416,0.36288,3.6288,55.9948,0.789998,0,0,0.673358,0.288626,0,0.66528,12.849,1,0.578232,0.36288,0,26.8218,6.30449,20.302,0.84672,12.849,0.84672,3695.15,0,36.966,0.781653,0.227405,2.34772,3.65825,1.5567,3.89502,0.42336,36.966,0.42336,423.524,0,0.903442,0,0,1.13085,0.227405,1.028160,1,0,24.197,0,0,0,24.197,0
55.6499,3.1216,0,0,0.794733,0.0165647,0.36288,3.6288,55.1713,1.01937,0,0,0.472959,0.277133,0,0.66528,12.849,1,0.687319,0.36288,0,14.3917,5.48814,8.57915,0.84672,12.849,0.84672,3695.15,0,36.966,0.672955,0.227405,2.52469,2.7628,1.4551,3.38685,0.42336,36.966,0.42336,423.524,0,0.667431,0,0,0.894836,0.227405,1.028160,1,0,11.966,0,0,0,11.966,0
53.3311,3.09444,0,0,1.15463,0.0161291,0.36288,3.6288,54.5721,0.866972,0,0,0.543444,0.27564,0,0.66528,12.849,1,0.714475,0.36288,0,16.3913,5.48814,10.5516,0.84672,12.849,0.84672,3695.15,0,36.966,0.666318,0.227405,2.53694,3.06319,1.4551,3.70612,0.42336,36.966,0.42336,423.524,0,0.826468,0,0,1.05387,0.227405,1.028160,1,0,14.2577,0,0,0,14.2577,0
51.5212,3.06941,0,0,1.66419,0.0418161,0.36288,3.6288,54.2704,0.755456,0,0,0.719322,0.265576,0,0.66528,12.849,1,0.73951,0.36288,0,26.743,5.35673,21.0097,0.84672,12.849,0.84672,3695.15,0,36.966,0.666321,0.204422,2.53694,3.41025,1.42858,4.05671,0.42336,36.966,0.42336,423.524,0,0.937984,0,0,1.14241,0.204422,1.028160,1,0,25.0664,0,0,0,25.0664,0
49.2102,3.04862,0,0,1.1313,0.0307909,0.36288,3.6288,53.7307,0.868648,0,0,0.589489,0.260583,0,0.66528,12.849,1,0.760304,0.36288,0,28.6954,5.54767,22.7503,0.84672,12.849,0.84672,3695.15,0,36.966,0.666324,0.204422,2.53694,2.40519,1.426,3.05423,0.42336,36.966,0.42336,423.524,0,0.824792,0,0,1.02921,0.204422,1.028160,1,0,25.8046,0,0,0,25.8046,0
48.6049,3.02032,0,0,2.79208,0.0141565,0.36288,3.6288,53.9858,0.66528,0,0,1.1679,0.247429,0,0.66528,12.849,1,0.788617,0.36288,0,22.3125,5.07998,16.8068,0.84672,12.849,0.84672,3695.15,0,36.966,0.666327,1.08441,2.53695,6.90309,1.27392,8.5842,0.42336,36.966,0.42336,423.524,0,1.02816,0,0,2.11257,1.08441,1.028160,1,0,25.391,0,0,0,25.391,0
47.8307,2.92064,0,0,2.51703,0.0077485,0.36288,3.6288,54.2345,0.66528,0,0,1.15696,0.242996,0,0.66528,12.849,1,0.772087,0.36288,0,28.5562,4.89289,23.2541,0.84672,12.849,0.84672,3695.15,0,36.966,0.552791,0.832352,2.53695,7.24576,1.21309,8.84918,0.42336,36.966,0.42336,423.524,0,1.02816,0,0,1.86051,0.832352,1.028160,1,0,32.1033,0,0,0,32.1033,0
47.1011,2.91079,0,0,2.55175,0.00768346,0.36288,3.6288,54.2826,0.66528,0,0,0.956707,0.243396,0,0.66528,12.849,1,0.781939,0.36288,0,28.1102,4.89289,22.7983,0.84672,12.849,0.84672,3695.15,0,36.966,0.552793,0.700151,2.42745,6.53979,1.21309,7.90151,0.42336,36.966,0.42336,423.524,0,1.02816,0,0,1.72831,0.700151,1.028160,1,0,30.6998,0,0,0,30.6998,0
45.9897,2.90127,0,0,2.20429,0.0514959,0.36288,3.6288,54.3721,0.66528,0,0,0.964924,0.210136,0,0.66528,12.849,1,0.791457,0.36288,0,33.1004,4.57328,28.0986,0.84672,12.849,0.84672,3695.15,0,36.966,0.552796,0.677773,2.42746,7.4407,1.09342,8.89972,0.42336,36.966,0.42336,423.524,0,1.02816,0,0,1.70593,0.677773,1.028160,1,0,36.9983,0,0,0,36.9983,0
45.5029,2.88633,0,0,2.8877,0.125347,0.36288,3.6288,54.7223,0.66528,0,0,1.1974,0.18191,0,0.66528,12.849,1,0.806407,0.36288,0,54.8572,4.67519,49.7385,0.84672,12.849,0.84672,3695.15,0,36.966,0.552799,1.17145,2.42746,9.18734,0.983067,11.2504,0.42336,36.966,0.42336,423.524,0,1.02816,0,0,2.19961,1.17145,1.028160,1,0,60.9888,0,0,0,60.9888,0
46.1083,2.80522,0,0,3.91859,0.145065,0.36288,3.6288,55.2569,0.66528,0,0,1.46854,0.268592,0,0.66528,12.849,1,0.792131,0.36288,0,77.8101,4.326,73.0549,0.84672,12.849,0.84672,3695.15,0,36.966,0.449452,1.55145,2.42746,10.6707,1.06924,13.1309,0.42336,36.966,0.42336,423.524,0,1.02816,0,0,2.57961,1.55145,1.028160,1,0,86.1857,0,0,0,86.1857,0
46.3846,2.81335,0,0,3.65045,0.197967,0.36288,3.6288,55.39,0.66528,0,0,1.08146,0.283136,0,0.66528,12.849,1,0.783997,0.36288,0,36.0174,4.96902,30.6273,0.84672,12.849,0.84672,3695.15,0,36.966,0.449455,0.42622,2.32974,7.2881,1.19274,8.40186,0.42336,36.966,0.42336,423.524,0,1.02816,0,0,1.45438,0.42622,1.028160,1,0,39.0291,0,0,0,39.0291,0
47.3139,2.81701,0,0,4.3078,0.198576,0.36288,3.6288,55.5922,0.66528,0,0,1.15085,0.283383,0,0.66528,12.849,1,0.780342,0.36288,0,22.1881,4.96902,16.8016,0.84672,12.849,0.84672,3695.15,0,36.966,0.449457,1.0499,2.32974,7.21423,1.19274,8.95167,0.42336,36.966,0.42336,423.524,0,1.02816,0,0,2.07806,1.0499,1.028160,1,0,25.7533,0,0,0,25.7533,0
47.8155,2.82907,0,0,3.89418,0.200626,0.36288,3.6288,55.8972,0.66528,0,0,1.25405,0.28376,0,0.66528,12.849,1,0.768289,0.36288,0,26.5556,4.96902,21.1811,0.84672,12.849,0.84672,3695.15,0,36.966,0.44946,0.914941,2.32975,7.97178,1.19274,9.57427,0.42336,36.966,0.42336,423.524,0,1.02816,0,0,1.9431,0.914941,1.028160,1,0,30.7554,0,0,0,30.7554,0
46.1451,2.62189,0,0,1.53069,0.216313,0.36288,3.6288,56.1477,0.541433,0,0,1.00099,0.208998,0,0.66528,12.849,1,0.704555,0.36288,0,43.3459,4.20017,38.8041,0.84672,12.849,0.84672,3695.15,0,36.966,0.358061,1.25192,2.32975,4.98055,1.01755,7.1866,0.42336,36.966,0.42336,423.524,0,1.02816,0,0,2.28008,1.25192,1.028160,1,0,45.9907,0,0,0,45.9907,0
43.9244,2.60194,0,0,0.972916,0.228812,0.36288,3.6288,56.2647,0.542398,0,0,0.875396,0.216054,0,0.66528,12.849,1,0.724505,0.36288,0,37.0244,4.01593,32.6468,0.84672,12.849,0.84672,3695.15,0,36.966,0.357099,1.03264,2.11268,4.42069,0.953917,6.25499,0.42336,36.966,0.42336,423.524,0,1.02816,0,0,2.0608,1.03264,1.028160,1,0,38.9018,0,0,0,38.9018,0
42.2902,2.57361,0,0,1.52549,0.223153,0.36288,3.6288,56.4617,0.542848,0,0,0.956094,0.216219,0,0.66528,12.849,1,0.752845,0.36288,0,41.9607,4.01593,37.5548,0.84672,12.849,0.84672,3695.15,0,36.966,0.356652,1.18267,2.11268,4.41282,0.953917,6.3976,0.42336,36.966,0.42336,423.524,0,1.02816,0,0,2.21083,1.18267,1.028160,1,0,43.9524,0,0,0,43.9524,0
42.3594,2.5513,0,0,3.20012,0.21678,0.36288,3.6288,57.0866,0.543601,0,0,1.38611,0.217661,0,0.66528,12.849,1,0.775158,0.36288,0,37.247,4.0805,32.7542,0.84672,12.849,0.84672,3695.15,0,36.966,0.355901,1.82517,2.11269,6.27956,1.00891,8.85261,0.42336,36.966,0.42336,423.524,0,1.02816,0,0,2.85333,1.82517,1.028160,1,0,41.6068,0,0,0,41.6068,0
43.3396,2.55227,0,0,4.0998,0.20443,0.36288,3.6288,57.8144,0.545967,0,0,1.46009,0.18626,0,0.66528,12.849,1,0.774188,0.36288,0,53.508,3.9854,49.1113,0.84672,12.849,0.84672,3695.15,0,36.966,0.353537,1.76593,2.11269,7.92011,1.01842,10.4268,0.42336,36.966,0.42336,423.524,0,1.02816,0,0,2.79409,1.76593,1.028160,1,0,59.538,0,0,0,59.538,0
45.0023,2.64615,0,0,4.87907,0.207316,0.36288,3.6288,59.1004,0.586699,0,0,2.03021,0.157524,0,0.66528,12.849,1,0.78451,0.36288,0,75.6726,3.62355,71.6274,0.84672,12.849,0.84672,3695.15,0,36.966,0.37513,2.68485,2.11269,10.8156,0.778099,14.4599,0.42336,36.966,0.42336,423.524,0,1.02816,0,0,3.71301,2.68485,1.028160,1,0,86.0873,0,0,0,86.0873,0
45.6721,2.66868,0,0,3.91257,0.211279,0.36288,3.6288,59.9443,0.591712,0,0,1.59448,0.158833,0,0.66528,12.849,1,0.761957,0.36288,0,87.6787,3.62355,83.6561,0.84672,12.849,0.84672,3695.15,0,36.966,0.370103,1.85338,2.18037,10.0307,0.778099,12.9162,0.42336,36.966,0.42336,423.524,0,1.02816,0,0,2.88154,1.85338,1.028160,1,0,96.5723,0,0,0,96.5723,0
45.1836,2.67738,0,0,2.77097,0.219168,0.36288,3.6288,60.591,0.594928,0,0,1.40238,0.160771,0,0.66528,12.849,1,0.753232,0.36288,0,66.0079,3.57971,62.0378,0.84672,12.849,0.84672,3695.15,0,36.966,0.366875,1.48999,2.18036,8.46677,0.799967,10.9703,0.42336,36.966,0.42336,423.524,0,1.02816,0,0,2.51815,1.48999,1.028160,1,0,73.0081,0,0,0,73.0081,0
44.5538,2.67102,0,0,2.66622,0.262104,0.36288,3.6288,61.1998,0.597351,0,0,1.37596,0.169889,0,0.66528,12.849,1,0.759567,0.36288,0,73.7044,3.37366,69.934,0.84672,12.849,0.84672,3695.15,0,36.966,0.364438,1.43916,2.18034,9.32066,0.917401,11.6583,0.42336,36.966,0.42336,423.524,0,1.02816,0,0,2.46732,1.43916,1.028160,1,0,81.5924,0,0,0,81.5924,0
44.8872,2.92239,0,0,3.91808,0.299477,0.36288,3.6288,61.308,0.66528,0,0,1.27039,0.182327,0.314535,0.66528,12.849,1,0.842795,0.36288,0,92.5983,3.71584,88.4026,0.84672,12.849,0.84672,3695.15,0,36.966,0.530471,1.70155,2.18033,8.78921,0.834749,11.3059,0.42336,36.966,0.42336,423.524,0,1.02816,0,0,2.72971,1.70155,1.028160,1,0,100.023,0,0,0,100.023,0
44.7043,2.92723,0,0,3.40383,0.296583,0.36288,3.6288,61.308,0.66528,0,0,1.3609,0.193517,0.502098,0.66528,12.849,1,0.837923,0.36288,0,84.8673,3.97793,80.4143,0.84672,12.849,0.84672,3695.15,0,36.966,0.530457,1.76596,2.42379,9.44844,0.916741,12.191,0.42336,36.966,0.42336,423.524,0,1.02816,0,0,2.79412,1.76596,1.028160,1,0,93.1074,0,0,0,93.1074,0
45.1571,2.92455,0,0,4.02008,0.279868,0.36288,3.6288,61.308,0.66528,0,0,1.40404,0.204824,0.53394,0.66528,12.849,1,0.84058,0.36288,0,86.1235,5.01392,80.6319,0.84672,12.849,0.84672,3695.15,0,36.966,0.530442,2.07064,2.42377,10.8511,1.28984,13.5252,0.42336,36.966,0.42336,423.524,0,1.02816,0,0,3.0988,2.07064,1.028160,1,0,94.691,0,0,0,94.691,0
45.449,2.93109,0,0,3.83681,0.250898,0.36288,3.6288,61.308,0.66528,0,0,1.43804,0.219524,0.553238,0.66528,12.849,1,0.834014,0.36288,0,94.0965,4.44225,89.1831,0.84672,12.849,0.84672,3695.15,0,36.966,0.530428,2.29656,2.42376,11.428,0.996229,14.6217,0.42336,36.966,0.42336,423.524,0,1.02816,0,0,3.32472,2.29656,1.028160,1,0,104.358,0,0,0,104.358,0
46.6897,2.56319,0,0,4.41,0.243296,0.36288,3.6288,61.308,0.55005,0,0,1.18438,0.210761,0.423569,0.66528,12.849,1,0.724645,0.36288,0,101.117,4.23962,96.5151,0.84672,12.849,0.84672,3695.15,0,36.966,0.331656,1.88185,2.42374,8.34192,1.09753,11.2183,0.42336,36.966,0.42336,423.524,0,1.02816,0,0,2.91001,1.88185,1.028160,1,0,108.157,0,0,0,108.157,0
47.9751,2.57827,0,0,4.4582,0.231591,0.36288,3.6288,61.308,0.550042,0,0,1.17857,0.217276,0.411256,0.66528,12.849,1,0.709541,0.36288,0,102.153,4.09206,97.7146,0.84672,12.849,0.84672,3695.15,0,36.966,0.331651,1.61743,2.0917,7.95476,1.00939,10.3228,0.42336,36.966,0.42336,423.524,0,1.02816,0,0,2.64559,1.61743,1.028160,1,0,108.449,0,0,0,108.449,0
49.2907,2.59325,0,0,4.50631,0.234561,0.36288,3.6288,61.308,0.550034,0,0,1.27869,0.170256,0.558395,0.66528,12.849,1,0.694541,0.36288,0,103.248,3.69705,99.2193,0.84672,12.849,0.84672,3695.15,0,36.966,0.331646,1.97888,2.09169,8.66462,0.818773,11.5848,0.42336,36.966,0.42336,423.524,0,1.02816,0,0,3.00704,1.97888,1.028160,1,0,111.362,0,0,0,111.362,0
50.6645,2.60794,0,0,4.58255,0.237929,0.36288,3.6288,61.308,0.550027,0,0,1.07655,0.170256,0.35627,0.66528,12.849,1,0.679832,0.36288,0,105.359,3.69705,101.345,0.84672,12.849,0.84672,3695.15,0,36.966,0.331642,1.32316,2.09168,7.65495,0.818773,9.91938,0.42336,36.966,0.42336,423.524,0,1.02816,0,0,2.35132,1.32316,1.028160,1,0,111.62,0,0,0,111.62,0
52.7556,2.62263,0,0,5.30731,0.230697,0.36288,3.6288,61.308,0.550019,0,0,1.01697,0.230167,0.236785,0.66528,12.849,1,0.665123,0.36288,0,107.362,4.69867,102.361,0.84672,12.849,0.84672,3695.15,0,36.966,0.331637,1.32653,2.09166,7.87346,1.0804,9.87962,0.42336,36.966,0.42336,423.524,0,1.02816,0,0,2.35469,1.32653,1.028160,1,0,112.477,0,0,0,112.477,0
52.7358,2.74041,0,0,3.31486,0.23138,0.36288,3.6288,61.308,0.59793,0,0,0.899873,0.254131,0.0478129,0.66528,12.849,1,0.667445,0.36288,0,84.3074,5.09933,78.9035,0.84672,12.849,0.84672,3695.15,0,36.966,0.360525,1.12789,2.09165,5.41169,1.18505,7.08565,0.42336,36.966,0.42336,423.524,0,1.02816,0,0,2.15605,1.12789,1.028160,1,0,86.037,0,0,0,86.037,0
52.4133,2.74019,0,0,3.01189,0.231333,0.36288,3.6288,61.1519,0.597921,0,0,0.695961,0.254131,0,0.66528,12.849,1,0.667643,0.36288,0,72.0956,5.09933,66.6915,0.84672,12.849,0.84672,3695.15,0,36.966,0.36052,0.88141,2.17349,4.72635,1.18505,6.23567,0.42336,36.966,0.42336,423.524,0,1.02816,0,0,1.90957,0.88141,1.028160,1,0,72.9272,0,0,0,72.9272,0
53.7515,2.73687,0,0,4.66851,0.230566,0.36288,3.6288,61.308,0.59734,0,0,1.214,0.25388,0.206686,0.66528,12.849,1,0.670938,0.36288,0,114.166,5.09933,108.758,0.84672,12.849,0.84672,3695.15,0,36.966,0.361089,2.31666,2.17348,8.77503,1.18505,11.719,0.42336,36.966,0.42336,423.524,0,1.02816,0,0,3.34482,2.31666,1.028160,1,0,120.684,0,0,0,120.684,0
53.9792,2.75034,0,0,3.50797,0.167066,0.36288,3.6288,61.2505,0.597905,0,0,0.813154,0.272709,0,0.66528,12.849,1,0.657453,0.36288,0,87.3055,5.00571,82.0052,0.84672,12.849,0.84672,3695.15,0,36.966,0.36051,1.23765,2.17346,5.66872,1.20432,7.51501,0.42336,36.966,0.42336,423.524,0,1.02816,0,0,2.26581,1.23765,1.028160,1,0,89.5202,0,0,0,89.5202,0
53.9397,2.71462,0,0,3.18751,0.14952,0.36288,3.6288,61.0866,0.579083,0,0,0.66814,0.252984,0,0.66528,12.849,1,0.646178,0.36288,0,62.8459,4.33797,58.2246,0.84672,12.849,0.84672,3695.15,0,36.966,0.349489,0.635394,2.17345,4.60041,1.12313,5.93663,0.42336,36.966,0.42336,423.524,0,1.02816,0,0,1.66355,0.635394,1.028160,1,0,64.1613,0,0,0,64.1613,0
53.5245,2.71422,0,0,2.8114,0.14946,0.36288,3.6288,60.9915,0.57849,0,0,0.736059,0.252722,0,0.66528,12.849,1,0.646556,0.36288,0,58.7519,4.33797,54.1303,0.84672,12.849,0.84672,3695.15,0,36.966,0.350068,0.810009,2.14158,4.79436,1.12313,6.27275,0.42336,36.966,0.42336,423.524,0,1.02816,0,0,1.83817,0.810009,1.028160,1,0,60.403,0,0,0,60.403,0
52.842,2.71016,0,0,2.53937,0.14883,0.36288,3.6288,60.8036,0.578143,0,0,0.642891,0.252569,0,0.66528,12.849,1,0.650596,0.36288,0,54.7607,4.33797,50.135,0.84672,12.849,0.84672,3695.15,0,36.966,0.350403,0.475623,2.14157,4.49097,1.12313,5.63463,0.42336,36.966,0.42336,423.524,0,1.02816,0,0,1.50378,0.475623,1.028160,1,0,55.7696,0,0,0,55.7696,0
52.6948,2.70338,0,0,3.05142,0.132388,0.36288,3.6288,60.5863,0.577462,0,0,0.621222,0.261142,0,0.66528,12.849,1,0.657351,0.36288,0,58.9469,5.03975,53.6127,0.84672,12.849,0.84672,3695.15,0,36.966,0.351072,0.534427,2.14156,6.03316,1.1508,7.20727,0.42336,36.966,0.42336,423.524,0,1.02816,0,0,1.56259,0.534427,1.028160,1,0,60.82,0,0,0,60.82,0
51.9104,2.83006,0,0,2.51048,0.101919,0.36288,3.6288,60.2803,0.670367,0,0,0.607264,0.242836,0,0.66528,12.849,1,0.690076,0.36288,0,48.0319,4.83378,42.8709,0.84672,12.849,0.84672,3695.15,0,36.966,0.409017,0.402797,2.14154,4.41128,1.06396,5.48265,0.42336,36.966,0.42336,423.524,0,0.983085,0,0,1.38588,0.402797,1.028160,1,0,48.3536,0,0,0,48.3536,0
51.0317,2.82168,0,0,2.40689,0.101097,0.36288,3.6288,59.9601,0.670331,0,0,0.592439,0.242364,0,0.66528,12.849,1,0.69843,0.36288,0,44.4435,4.83378,39.2741,0.84672,12.849,0.84672,3695.15,0,36.966,0.41107,0.402797,2.25314,4.26227,1.06396,5.44317,0.42336,36.966,0.42336,423.524,0,0.981055,0,0,1.38385,0.402797,1.028160,1,0,44.7173,0,0,0,44.7173,0
50.0561,2.81205,0,0,2.29953,0.100177,0.36288,3.6288,59.6731,0.639824,0,0,0.594755,0.24187,0,0.66528,12.849,1,0.708033,0.36288,0,42.4653,4.83378,37.2863,0.84672,12.849,0.84672,3695.15,0,36.966,0.394458,0.478794,2.25312,4.05924,1.06396,5.33274,0.42336,36.966,0.42336,423.524,0,1.02816,0,0,1.50695,0.478794,1.028160,1,0,42.6191,0,0,0,42.6191,0
48.8918,2.80106,0,0,2.12709,0.127386,0.36288,3.6288,59.3633,0.638645,0,0,0.561162,0.232305,0,0.66528,12.849,1,0.719009,0.36288,0,39.5087,4.24147,34.9111,0.84672,12.849,0.84672,3695.15,0,36.966,0.395624,0.426496,2.25311,3.69199,1.08681,4.88917,0.42336,36.966,0.42336,423.524,0,1.02816,0,0,1.45466,0.426496,1.028160,1,0,39.8003,0,0,0,39.8003,0
47.2008,2.78748,0,0,1.5305,0.0712128,0.36288,3.6288,59.1326,0.637364,0,0,0.673357,0.266753,0,0.66528,12.849,1,0.732563,0.36288,0,31.9893,4.93168,26.688,0.84672,12.849,0.84672,3695.15,0,36.966,0.396891,0.516784,2.25309,3.04886,1.19361,4.22823,0.42336,36.966,0.42336,423.524,0,1.02816,0,0,1.54494,0.516784,1.028160,1,0,30.9162,0,0,0,30.9162,0
45.2613,2.74205,0,0,1.23873,0.0732097,0.36288,3.6288,58.9001,0.66528,0,0,0.701611,0.268839,0,0.66528,12.849,1,0.746442,0.36288,0,28.9118,5.11801,23.4102,0.84672,12.849,0.84672,3695.15,0,36.966,0.427103,0.498779,2.25308,2.85448,1.20967,3.96957,0.42336,36.966,0.42336,423.524,0,1.02816,0,0,1.52694,0.498779,1.028160,1,0,27.3798,0,0,0,27.3798,0
43.2318,2.71712,0,0,1.1221,0.0716467,0.36288,3.6288,58.6368,0.66528,0,0,0.670447,0.268438,0,0.66528,12.849,1,0.771349,0.36288,0,28.4129,5.11801,22.8864,0.84672,12.849,0.84672,3695.15,0,36.966,0.42709,0.422893,2.29208,2.69665,1.20967,3.77486,0.42336,36.966,0.42336,423.524,0,1.02816,0,0,1.45105,0.422893,1.028160,1,0,26.6613,0,0,0,26.6613,0
41.135,2.68919,0,0,1.02169,0.0663904,0.36288,3.6288,58.3268,0.66528,0,0,0.634051,0.278768,0,0.66528,12.849,1,0.799259,0.36288,0,25.0116,5.25916,19.316,0.84672,12.849,0.84672,3695.15,0,36.966,0.427076,0.284299,2.29206,2.61731,1.26119,3.5054,0.42336,36.966,0.42336,423.524,0,1.02816,0,0,1.31246,0.284299,1.028160,1,0,22.8214,0,0,0,22.8214,0
39.0763,2.65813,0,0,1.00622,0.0439722,0.36288,3.6288,57.9301,0.66528,0,0,0.605201,0.336583,0,0.66528,12.849,1,0.830297,0.36288,0,23.0229,6.08956,16.4659,0.84672,12.849,0.84672,3695.15,0,36.966,0.427062,0.355398,2.29205,2.46577,1.54627,3.13988,0.42336,36.966,0.42336,423.524,0,1.02816,0,0,1.38356,0.355398,1.028160,1,0,19.6058,0,0,0,19.6058,0
36.9864,2.68646,0,0,1.00332,0.0438589,0.36288,3.6288,57.5364,0.66528,0,0,0.591773,0.320252,0,0.66528,12.849,1,0.883357,0.36288,0,22.8363,6.04831,16.2675,0.84672,12.849,0.84672,3695.15,0,36.966,0.478864,0.427663,2.29203,2.4154,1.48613,3.1701,0.42336,36.966,0.42336,423.524,0,1.02816,0,0,1.45582,0.427663,1.028160,1,0,19.4376,0,0,0,19.4376,0
34.8062,2.6494,0,0,0.874878,0.0427994,0.36288,3.6288,57.1097,0.66528,0,0,0.558041,0.319438,0,0.66528,12.849,1,0.920395,0.36288,0,21.6356,6.04831,15.0298,0.84672,12.849,0.84672,3695.15,0,36.966,0.47885,0.292473,2.34731,2.30796,1.48613,2.98276,0.42336,36.966,0.42336,423.524,0,1.02816,0,0,1.32063,0.292473,1.028160,1,0,18.0125,0,0,0,18.0125,0
32.6046,2.60727,0,0,0.806846,0.0383187,0.36288,3.6288,56.6718,0.66528,0,0,0.548455,0.321076,0,0.66528,12.849,1,0.962497,0.36288,0,20.4113,6.12309,13.6886,0.84672,12.849,0.84672,3695.15,0,36.966,0.478836,0.234092,2.34729,2.28696,1.50107,2.88844,0.42336,36.966,0.42336,423.524,0,1.02816,0,0,1.26225,0.234092,1.028160,1,0,16.577,0,0,0,16.577,0
30.3082,2.56064,0,0,0.658333,0.031164,0.36288,3.6288,56.2334,0.66528,0,0,0.546099,0.319261,0,0.66528,12.849,1,1.00911,0.36288,0,19.2998,6.28532,12.3682,0.84672,12.849,0.84672,3695.15,0,36.966,0.478821,0.234576,2.34727,2.19956,1.44214,2.86045,0.42336,36.966,0.42336,423.524,0,1.02816,0,0,1.26274,0.234576,1.028160,1,0,15.2287,0,0,0,15.2287,0
28.1021,2.67435,0,0,0.86603,0.0348798,0.36288,3.6288,55.7464,0.7283,0,0,0.547665,0.306351,0,0.66528,12.849,1,1.13378,0.36288,0,19.2373,6.10452,12.3619,0.84672,12.849,0.84672,3695.15,0,36.966,0.665829,0.227405,2.34726,2.50215,1.45595,2.95504,0.42336,36.966,0.42336,423.524,0,0.96514,0,0,1.19254,0.227405,1.028160,1,0,15.3169,0,0,0,15.3169,0
26.1037,2.61326,0,0,1.0078,0.0301365,0.36288,3.6288,55.4352,0.66528,0,0,0.661446,0.307358,0,0.66528,12.849,1,1.19485,0.36288,0,23.2901,6.18072,16.2774,0.84672,12.849,0.84672,3695.15,0,36.966,0.665813,0.423559,2.53641,2.6109,1.48558,3.41947,0.42336,36.966,0.42336,423.524,0,1.02816,0,0,1.45172,0.423559,1.028160,1,0,19.6969,0,0,0,19.6969,0
23.9586,2.55194,0,0,0.79907,0.0293086,0.36288,3.6288,54.8174,0.807546,0,0,0.496468,0.306731,0,0.66528,12.849,1,1.25614,0.36288,0,25.5735,6.18072,18.4995,0.84672,12.849,0.84672,3695.15,0,36.966,0.665798,0.204422,2.5364,2.09637,1.48558,2.68581,0.42336,36.966,0.42336,423.524,0,0.885894,0,0,1.09032,0.204422,1.028160,1,0,21.1853,0,0,0,21.1853,0
22.0598,2.47872,0,0,0.971231,0.02842,0.36288,3.6288,54.6448,0.66528,0,0,0.798184,0.305487,0,0.66528,12.849,1,1.32934,0.36288,0,22.2922,6.18072,15.145,0.84672,12.849,0.84672,3695.15,0,36.966,0.665783,0.779509,2.53638,3.02059,1.48558,4.18511,0.42336,36.966,0.42336,423.524,0,1.02816,0,0,1.80767,0.779509,1.028160,1,0,19.3301,0,0,0,19.3301,0
20.548,2.4064,0,0,1.27386,0.0164356,0.36288,3.6288,54.4736,0.66528,0,0,0.765466,0.27137,0,0.66528,12.849,1,1.40163,0.36288,0,18.2942,5.57862,11.6768,0.84672,12.849,0.84672,3695.15,0,36.966,0.665768,0.668114,2.53637,3.23579,1.47843,4.29608,0.42336,36.966,0.42336,423.524,0,1.02816,0,0,1.69627,0.668114,1.028160,1,0,15.9729,0,0,0,15.9729,0
18.6513,2.27145,0,0,0.745526,0.00783695,0.36288,3.6288,54.0471,0.680504,0,0,0.49978,0.245765,0,0.66528,12.849,1,1.42037,0.36288,0,23.9132,5.12705,17.7286,0.84672,12.849,0.84672,3695.15,0,36.966,0.552241,0.204422,2.53635,1.84633,1.47306,2.56181,0.42336,36.966,0.42336,423.524,0,1.01294,0,0,1.21736,0.204422,1.028160,1,0,20.2905,0,0,0,20.2905,0
16.7062,2.18591,0,0,0.611301,0.00763206,0.36288,3.6288,53.2947,0.963713,0,0,0.456379,0.245072,0,0.66528,12.849,1,1.50588,0.36288,0,13.8728,5.12705,7.60277,0.84672,12.849,0.84672,3695.15,0,36.966,0.65914,0.216518,2.42686,1.3194,1.47306,1.83058,0.42336,36.966,0.42336,423.524,0,0.622814,0,0,0.839333,0.216518,1.028160,1,0,9.43334,0,0,0,9.43334,0
15.7116,2.08679,0,0,1.504,0.0489595,0.36288,3.6288,53.1061,0.66528,0,0,0.725922,0.249293,0,0.66528,12.849,1,1.60498,0.36288,0,18.4702,4.66385,12.5642,0.84672,12.849,0.84672,3695.15,0,36.966,0.552212,0.858773,2.42684,3.4318,1.37349,4.79171,0.42336,36.966,0.42336,423.524,0,1.02816,0,0,1.88693,0.858773,1.028160,1,0,17.3559,0,0,0,17.3559,0
14.7027,2.03088,0,0,1.44958,0.0646958,0.36288,3.6288,53.0157,0.66528,0,0,0.833668,0.258784,0,0.66528,12.849,1,1.66086,0.36288,0,32.1811,4.42405,26.459,0.84672,12.849,0.84672,3695.15,0,36.966,0.552198,0.428639,2.42683,2.84039,1.25945,3.88421,0.42336,36.966,0.42336,423.524,0,1.02816,0,0,1.4568,0.428639,1.028160,1,0,30.3432,0,0,0,30.3432,0
13.7671,1.91916,0,0,1.44881,0.102324,0.36288,3.6288,52.4605,0.819138,0,0,0.488884,0.224941,0,0.66528,12.849,1,1.6772,0.36288,0,25.5693,4.3007,19.9543,0.84672,12.849,0.84672,3695.15,0,36.966,0.571156,0.216518,2.42681,3.00283,1.16508,3.90992,0.42336,36.966,0.42336,423.524,0,0.752008,0,0,0.968527,0.216518,1.028160,1,0,23.8642,0,0,0,23.8642,0
12.6416,1.8602,0,0,1.19785,0.100294,0.36288,3.6288,51.8908,0.766976,0,0,0.421248,0.223942,0,0.66528,12.849,1,1.73614,0.36288,0,20.5061,4.3007,14.8321,0.84672,12.849,0.84672,3695.15,0,36.966,0.540446,0.216518,2.3291,2.91273,1.16508,3.75282,0.42336,36.966,0.42336,423.524,0,0.834866,0,0,1.05138,0.216518,1.028160,1,0,18.585,0,0,0,18.585,0
13.4432,1.78353,0,0,3.0458,0.097852,0.36288,3.6288,52.3659,0.650623,0,0,1.34865,0.222917,0,0.66528,12.849,1,1.81278,0.36288,0,57.2102,4.3007,51.4596,0.84672,12.849,0.84672,3695.15,0,36.966,0.463491,2.17109,2.32908,6.80723,1.16508,9.67883,0.42336,36.966,0.42336,423.524,0,1.02816,0,0,3.19925,2.17109,1.028160,1,0,61.1384,0,0,0,61.1384,0
14.7146,1.83878,0,0,3.58413,0.111059,0.36288,3.6288,53.2433,0.65308,0,0,1.73953,0.209023,0,0.66528,12.849,1,1.75751,0.36288,0,68.2585,4.08305,62.7808,0.84672,12.849,0.84672,3695.15,0,36.966,0.46102,1.05882,2.32907,6.89648,1.10343,8.71992,0.42336,36.966,0.42336,423.524,0,1.02816,0,0,2.08698,1.05882,1.028160,1,0,71.5008,0,0,0,71.5008,0
15.7003,1.77525,0,0,3.27129,0.147406,0.36288,3.6288,54.7945,0.530552,0,0,2.26715,0.185469,0,0.66528,12.849,1,1.55018,0.36288,0,69.2142,3.70659,64.3203,0.84672,12.849,0.84672,3695.15,0,36.966,0.368354,1.84869,2.32905,7.65621,1.0065,10.4591,0.42336,36.966,0.42336,423.524,0,1.02816,0,0,2.87685,1.84869,1.028160,1,0,74.7794,0,0,0,74.7794,0
17.9227,1.82876,0,0,4.56509,0.151134,0.36288,3.6288,57.8551,0.536771,0,0,3.78701,0.18957,0,0.66528,12.849,1,1.49664,0.36288,0,100.028,3.73454,95.1596,0.84672,12.849,0.84672,3695.15,0,36.966,0.362122,2.9413,2.11204,11.5382,1.01603,15.2134,0.42336,36.966,0.42336,423.524,0,1.02816,0,0,3.96946,2.9413,1.028160,1,0,110.373,0,0,0,110.373,0
23.0995,1.93684,0,0,7.63387,0.157294,0.36288,3.6288,61.308,0.548452,0,0,6.20243,0.209114,1.992,0.66528,12.849,1,1.38854,0.36288,0,168.551,3.9754,163.55,0.84672,12.849,0.84672,3695.15,0,36.966,0.350428,4.80374,2.11202,16.7255,1.11103,22.1798,0.42336,36.966,0.42336,423.524,0,1.02816,0,0,5.8319,4.80374,1.028160,1,0,187.722,0,0,0,187.722,0
27.5294,2.13678,0,0,7.09509,0.165496,0.36288,3.6288,61.308,0.560756,0,0,5.09039,0.259635,4.26999,0.66528,12.849,1,1.18858,0.36288,0,154.891,4.41245,149.653,0.84672,12.849,0.84672,3695.15,0,36.966,0.338111,3.12132,2.11201,16.4855,1.27027,20.1104,0.42336,36.966,0.42336,423.524,0,1.02816,0,0,4.14948,3.12132,1.028160,1,0,174.033,0,0,0,174.033,0
32.9622,2.26717,0,0,8.22356,0.160737,0.36288,3.6288,61.308,0.560749,0,0,6.90852,0.237997,6.10977,0.66528,12.849,1,1.05817,0.36288,0,166.227,4.21683,161.315,0.84672,12.849,0.84672,3695.15,0,36.966,0.338107,5.18603,2.11199,18.136,1.17923,23.9167,0.42336,36.966,0.42336,423.524,0,1.02816,0,0,6.21419,5.18603,1.028160,1,0,191.341,0,0,0,191.341,0
35.0667,2.46759,0,0,5.10753,0.17262,0.36288,3.6288,61.308,0.599607,0,0,5.22274,0.252449,4.37069,0.66528,12.849,1,0.96189,0.36288,0,92.3944,5.22165,86.5738,0.84672,12.849,0.84672,3695.15,0,36.966,0.361536,3.64959,2.11198,10.1045,1.47654,14.028,0.42336,36.966,0.42336,423.524,0,1.02816,0,0,4.67775,3.64959,1.028160,1,0,104.972,0,0,0,104.972,0
36.4987,2.5098,0,0,4.4819,0.177138,0.36288,3.6288,61.308,0.59959,0,0,3.34393,0.252449,2.49189,0.66528,12.849,1,0.919631,0.36288,0,97.276,5.22165,91.4976,0.84672,12.849,0.84672,3695.15,0,36.966,0.361526,2.35889,2.17962,7.50807,1.47654,10.2085,0.42336,36.966,0.42336,423.524,0,1.02816,0,0,3.38705,2.35889,1.028160,1,0,104.198,0,0,0,104.198,0
37.871,2.53645,0,0,4.45177,0.180213,0.36288,3.6288,61.308,0.599572,0,0,4.31965,0.252449,3.46763,0.66528,12.849,1,0.892931,0.36288,0,92.4549,5.22165,86.7032,0.84672,12.849,0.84672,3695.15,0,36.966,0.361515,2.97311,2.17959,7.02043,1.47654,10.3351,0.42336,36.966,0.42336,423.524,0,1.02816,0,0,4.00127,2.97311,1.028160,1,0,100.506,0,0,0,100.506,0
37.9741,2.56057,0,0,3.27072,0.244129,0.36288,3.6288,61.308,0.599555,0,0,2.8842,0.223664,2.06098,0.66528,12.849,1,0.86876,0.36288,0,69.6203,3.94203,65.1723,0.84672,12.849,0.84672,3695.15,0,36.966,0.361505,1.84994,2.17956,4.36881,1.11353,6.92327,0.42336,36.966,0.42336,423.524,0,1.02816,0,0,2.8781,1.84994,1.028160,1,0,74.1566,0,0,0,74.1566,0
38.922,2.81222,0,0,4.31646,0.19343,0.36288,3.6288,61.308,0.66528,0,0,3.05872,0.263809,2.12963,0.66528,12.849,1,0.951549,0.36288,0,92.0169,4.71922,86.709,0.84672,12.849,0.84672,3695.15,0,36.966,0.529638,2.75293,2.17953,5.99193,1.25934,9.13541,0.42336,36.966,0.42336,423.524,0,1.02816,0,0,3.78109,2.75293,1.028160,1,0,97.974,0,0,0,97.974,0
41.6346,2.8296,0,0,6.1006,0.195577,0.36288,3.6288,61.308,0.66528,0,0,3.21329,0.263809,2.2842,0.66528,12.849,1,0.934113,0.36288,0,132.488,4.71922,127.198,0.84672,12.849,0.84672,3695.15,0,36.966,0.529607,2.8115,2.42288,6.60836,1.25934,10.0538,0.42336,36.966,0.42336,423.524,0,1.02816,0,0,3.83966,2.8115,1.028160,1,0,139.536,0,0,0,139.536,0
43.0293,2.87607,0,0,4.83557,0.201908,0.36288,3.6288,61.308,0.66528,0,0,4.5507,0.263809,3.62161,0.66528,12.849,1,0.887594,0.36288,0,103.018,4.71922,97.7742,0.84672,12.849,0.84672,3695.15,0,36.966,0.529575,3.58385,2.42285,6.71838,1.25934,10.9362,0.42336,36.966,0.42336,423.524,0,1.02816,0,0,4.61201,3.58385,1.028160,1,0,112.332,0,0,0,112.332,0
44.3846,2.89818,0,0,4.86981,0.253405,0.36288,3.6288,61.308,0.66528,0,0,3.88517,0.245486,2.9744,0.66528,12.849,1,0.865428,0.36288,0,103.89,4.61885,98.7686,0.84672,12.849,0.84672,3695.15,0,36.966,0.529544,2.70826,2.42281,6.25,1.22977,9.62176,0.42336,36.966,0.42336,423.524,0,1.02816,0,0,3.73642,2.70826,1.028160,1,0,111.365,0,0,0,111.365,0
46.1171,2.54868,0,0,4.87514,0.231141,0.36288,3.6288,61.308,0.549567,0,0,1.52934,0.213286,0.766487,0.66528,12.849,1,0.737823,0.36288,0,139.576,3.72576,135.475,0.84672,12.849,0.84672,3695.15,0,36.966,0.331365,2.07355,2.42278,7.57564,0.982473,10.7581,0.42336,36.966,0.42336,423.524,0,1.02816,0,0,3.10171,2.07355,1.028160,1,0,147,0,0,0,147,0
47.7179,2.57032,0,0,4.7838,0.249745,0.36288,3.6288,61.308,0.54955,0,0,4.10403,0.220341,3.33413,0.66528,12.849,1,0.716135,0.36288,0,183.93,3.63135,179.945,0.84672,12.849,0.84672,3695.15,0,36.966,0.331354,3.82853,2.09085,11.5804,0.88499,16.2834,0.42336,36.966,0.42336,423.524,0,1.02816,0,0,4.85669,3.82853,1.028160,1,0,199.563,0,0,0,199.563,0
48.7931,2.58921,0,0,4.2851,0.25784,0.36288,3.6288,61.308,0.549534,0,0,2.5596,0.203876,1.80619,0.66528,12.849,1,0.697197,0.36288,0,163.337,3.36252,159.641,0.84672,12.849,0.84672,3695.15,0,36.966,0.331344,2.94937,2.09083,8.24619,0.806057,12.149,0.42336,36.966,0.42336,423.524,0,1.02816,0,0,3.97753,2.94937,1.028160,1,0,173.596,0,0,0,173.596,0
51.9881,2.60134,0,0,6.42008,0.260875,0.36288,3.6288,61.308,0.549517,0,0,4.59339,0.203876,3.83999,0.66528,12.849,1,0.685027,0.36288,0,155.353,3.36252,151.669,0.84672,12.849,0.84672,3695.15,0,36.966,0.331334,5.90079,2.0908,11.9435,0.806057,18.7977,0.42336,36.966,0.42336,423.524,0,1.02816,0,0,6.92895,5.90079,1.028160,1,0,174.306,0,0,0,174.306,0
58.0071,2.63506,0,0,9.27927,0.262267,0.36288,3.6288,61.308,0.5495,0,0,5.03721,0.197398,4.29031,0.66528,12.849,1,0.651261,0.36288,0,232.494,3.49854,228.707,0.84672,12.849,0.84672,3695.15,0,36.966,0.331324,5.18842,2.09077,14.6519,0.833561,20.7662,0.42336,36.966,0.42336,423.524,0,1.02816,0,0,6.21658,5.18842,1.028160,1,0,253.763,0,0,0,253.763,0
61.2547,2.78864,0,0,6.64401,0.244967,0.36288,3.6288,61.308,0.59738,0,0,2.10864,0.185558,1.3257,0.66528,12.849,1,0.617704,0.36288,0,189.849,3.91304,185.681,0.84672,12.849,0.84672,3695.15,0,36.966,0.360194,2.79437,2.09074,10.4461,0.914874,14.0561,0.42336,36.966,0.42336,423.524,0,1.02816,0,0,3.82253,2.79437,1.028160,1,0,201.063,0,0,0,201.063,0
63.0721,2.81567,0,0,5.24842,0.252442,0.36288,3.6288,61.308,0.597363,0,0,1.83576,0.185558,1.05284,0.66528,12.849,1,0.590625,0.36288,0,156.349,3.91304,152.209,0.84672,12.849,0.84672,3695.15,0,36.966,0.360183,2.40608,2.17253,8.76122,0.914874,12.0648,0.42336,36.966,0.42336,423.524,0,1.02816,0,0,3.43424,2.40608,1.028160,1,0,165.326,0,0,0,165.326,0
64.5194,2.82977,0,0,4.89621,0.256241,0.36288,3.6288,61.308,0.597345,0,0,2.2728,0.185558,1.48989,0.66528,12.849,1,0.576479,0.36288,0,156.871,3.91304,152.745,0.84672,12.849,0.84672,3695.15,0,36.966,0.360173,2.4398,2.1725,11.0803,0.914874,14.4175,0.42336,36.966,0.42336,423.524,0,1.02816,0,0,3.46796,2.4398,1.028160,1,0,168.652,0,0,0,168.652,0
65.48,2.84051,0,0,4.39435,0.230334,0.36288,3.6288,61.308,0.597328,0,0,1.785,0.203571,0.984099,0.66528,12.849,1,0.565687,0.36288,0,117.298,3.89432,113.2,0.84672,12.849,0.84672,3695.15,0,36.966,0.360162,1.99906,2.17247,7.76499,0.928863,10.6475,0.42336,36.966,0.42336,423.524,0,1.02816,0,0,3.02722,1.99906,1.028160,1,0,124.832,0,0,0,124.832,0
66.0001,2.80817,0,0,3.845,0.153875,0.36288,3.6288,61.308,0.578709,0,0,1.20465,0.215161,0.41078,0.66528,12.849,1,0.55104,0.36288,0,90.0945,4.28442,85.6219,0.84672,12.849,0.84672,3695.15,0,36.966,0.348936,1.33925,2.17244,4.7988,1.00513,6.95642,0.42336,36.966,0.42336,423.524,0,1.02816,0,0,2.36741,1.33925,1.028160,1,0,92.9891,0,0,0,92.9891,0
66.3161,2.81176,0,0,3.64517,0.154515,0.36288,3.6288,61.308,0.578692,0,0,1.1569,0.215161,0.363044,0.66528,12.849,1,0.547398,0.36288,0,84.5027,4.28442,80.0337,0.84672,12.849,0.84672,3695.15,0,36.966,0.348925,1.25661,2.14057,4.50167,1.00513,6.5448,0.42336,36.966,0.42336,423.524,0,1.02816,0,0,2.28477,1.25661,1.028160,1,0,86.9416,0,0,0,86.9416,0
66.3634,2.81391,0,0,3.379,0.154904,0.36288,3.6288,61.308,0.578674,0,0,1.33796,0.215161,0.544129,0.66528,12.849,1,0.545205,0.36288,0,77.1059,4.28442,72.6392,0.84672,12.849,0.84672,3695.15,0,36.966,0.348915,1.57232,2.14054,4.93058,1.00513,7.2894,0.42336,36.966,0.42336,423.524,0,1.02816,0,0,2.60048,1.57232,1.028160,1,0,80.4727,0,0,0,80.4727,0
66.2019,2.81419,0,0,3.18602,0.170518,0.36288,3.6288,61.308,0.578657,0,0,1.27477,0.180238,0.515876,0.66528,12.849,1,0.544872,0.36288,0,71.3785,3.95241,67.2441,0.84672,12.849,0.84672,3695.15,0,36.966,0.348905,1.44323,2.14051,4.80658,0.881959,7.15945,0.42336,36.966,0.42336,423.524,0,1.02816,0,0,2.47139,1.44323,1.028160,1,0,74.9194,0,0,0,74.9194,0
66.0229,2.94648,0,0,3.27867,0.148304,0.36288,3.6288,61.308,0.644603,0,0,1.30989,0.188535,0.476755,0.66528,12.849,1,0.571877,0.36288,0,69.4466,3.77865,65.4589,0.84672,12.849,0.84672,3695.15,0,36.966,0.388667,1.08437,2.14048,4.35508,0.850706,6.34056,0.42336,36.966,0.42336,423.524,0,1.02816,0,0,2.11253,1.08437,1.028160,1,0,72.2763,0,0,0,72.2763,0
65.4712,2.94514,0,0,2.89734,0.140985,0.36288,3.6288,61.308,0.644585,0,0,1.19607,0.197679,0.353806,0.66528,12.849,1,0.573167,0.36288,0,64.0293,3.82347,59.9956,0.84672,12.849,0.84672,3695.15,0,36.966,0.388656,0.941734,2.252,4.02894,0.872869,5.96115,0.42336,36.966,0.42336,423.524,0,1.02816,0,0,1.96989,0.941734,1.028160,1,0,66.3105,0,0,0,66.3105,0
64.5989,2.94106,0,0,2.57202,0.140365,0.36288,3.6288,61.308,0.644566,0,0,1.02875,0.197679,0.186502,0.66528,12.849,1,0.577196,0.36288,0,60.5913,3.82347,56.5535,0.84672,12.849,0.84672,3695.15,0,36.966,0.388645,0.804902,2.25197,3.98403,0.872869,5.77939,0.42336,36.966,0.42336,423.524,0,1.02816,0,0,1.83306,0.804902,1.028160,1,0,62.5194,0,0,0,62.5194,0
63.5348,2.93452,0,0,2.36373,0.130439,0.36288,3.6288,61.308,0.644548,0,0,1.00132,0.207557,0.149219,0.66528,12.849,1,0.583689,0.36288,0,55.5169,4.0191,51.277,0.84672,12.849,0.84672,3695.15,0,36.966,0.388634,0.788054,2.25194,3.87171,0.926254,5.59682,0.42336,36.966,0.42336,423.524,0,1.02816,0,0,1.81621,0.788054,1.028160,1,0,57.0231,0,0,0,57.0231,0
62.2772,2.92635,0,0,2.13562,0.10396,0.36288,3.6288,61.1046,0.64453,0,0,0.675283,0.234198,0,0.66528,12.849,1,0.591812,0.36288,0,43.2994,4.79864,38.2719,0.84672,12.849,0.84672,3695.15,0,36.966,0.388623,0.393837,2.25191,2.79869,1.05756,3.99825,0.42336,36.966,0.42336,423.524,0,1.02816,0,0,1.422,0.393837,1.028160,1,0,42.2701,0,0,0,42.2701,0
60.8282,2.89028,0,0,1.90465,0.100531,0.36288,3.6288,60.5898,0.754008,0,0,0.47465,0.235355,0,0.66528,12.849,1,0.596321,0.36288,0,34.0527,5.01648,28.8028,0.84672,12.849,0.84672,3695.15,0,36.966,0.456147,0.30119,2.25187,2.14237,1.05594,3.18335,0.42336,36.966,0.42336,423.524,0,0.909239,0,0,1.21043,0.30119,1.028160,1,0,31.9862,0,0,0,31.9862,0
59.2128,2.87851,0,0,1.72535,0.0993347,0.36288,3.6288,60.0199,0.788936,0,0,0.453563,0.234588,0,0.66528,12.849,1,0.608041,0.36288,0,33.4651,5.01648,28.2035,0.84672,12.849,0.84672,3695.15,0,36.966,0.481332,0.30119,2.29083,2.02393,1.05594,3.07868,0.42336,36.966,0.42336,423.524,0,0.849096,0,0,1.15029,0.30119,1.028160,1,0,31.2822,0,0,0,31.2822,0
57.4624,2.86484,0,0,1.57093,0.0935902,0.36288,3.6288,59.3748,0.829383,0,0,0.428947,0.244619,0,0.66528,12.849,1,0.621662,0.36288,0,29.4592,5.15763,24.0428,0.84672,12.849,0.84672,3695.15,0,36.966,0.510814,0.261274,2.2908,1.96436,1.10746,2.89816,0.42336,36.966,0.42336,423.524,0,0.779138,0,0,1.04041,0.261274,1.028160,1,0,26.941,0,0,0,26.941,0
55.645,2.84933,0,0,1.46248,0.067703,0.36288,3.6288,58.6292,0.83047,0,0,0.394356,0.309473,0,0.66528,12.849,1,0.637129,0.36288,0,25.7516,5.98305,19.4943,0.84672,12.849,0.84672,3695.15,0,36.966,0.51704,0.261274,2.29077,1.85097,1.42913,2.45685,0.42336,36.966,0.42336,423.524,0,0.771794,0,0,1.03307,0.261274,1.028160,1,0,21.9512,0,0,0,21.9512,0
53.6352,2.89848,0,0,1.32363,0.072097,0.36288,3.6288,57.8406,0.896831,0,0,0.421272,0.313074,0,0.66528,12.849,1,0.669289,0.36288,0,25.6218,5.85417,19.4613,0.84672,12.849,0.84672,3695.15,0,36.966,0.565456,0.261274,2.29074,1.82767,1.5043,2.30992,0.42336,36.966,0.42336,423.524,0,0.708774,0,0,0.970047,0.261274,1.028160,1,0,21.7712,0,0,0,21.7712,0
51.5779,2.87821,0,0,1.25448,0.070651,0.36288,3.6288,57.0716,0.83442,0,0,0.376889,0.311486,0,0.66528,12.849,1,0.689512,0.36288,0,22.6392,5.85417,16.4584,0.84672,12.849,0.84672,3695.15,0,36.966,0.533279,0.261274,2.34596,1.90894,1.5043,2.47859,0.42336,36.966,0.42336,423.524,0,0.80333,0,0,1.0646,0.261274,1.028160,1,0,18.937,0,0,0,18.937,0
49.4624,2.85615,0,0,1.1727,0.0691709,0.36288,3.6288,56.2247,0.885639,0,0,0.348708,0.309938,0,0.66528,12.849,1,0.711519,0.36288,0,21.5266,5.85417,15.3238,0.84672,12.849,0.84672,3695.15,0,36.966,0.57364,0.261274,2.34593,1.67503,1.5043,2.20429,0.42336,36.966,0.42336,423.524,0,0.71172,0,0,0.972994,0.261274,1.028160,1,0,17.528,0,0,0,17.528,0
47.3569,2.83195,0,0,1.15695,0.0676487,0.36288,3.6288,55.4733,0.820414,0,0,0.377268,0.308233,0,0.66528,12.849,1,0.735666,0.36288,0,19.9744,5.85417,13.7474,0.84672,12.849,0.84672,3695.15,0,36.966,0.539397,0.227405,2.3459,1.89427,1.5043,2.42387,0.42336,36.966,0.42336,423.524,0,0.811158,0,0,1.03856,0.227405,1.028160,1,0,16.1713,0,0,0,16.1713,0
45.234,2.9936,0,0,1.28829,0.0546518,0.36288,3.6288,54.7568,0.843057,0,0,0.455899,0.329384,0,0.66528,12.849,1,0.812232,0.36288,0,25.4502,6.23554,18.7653,0.84672,12.849,0.84672,3695.15,0,36.966,0.664406,0.227405,2.34586,2.59591,1.48382,3.02095,0.42336,36.966,0.42336,423.524,0,0.850383,0,0,1.07779,0.227405,1.028160,1,0,21.7863,0,0,0,21.7863,0
43.0365,2.96387,0,0,1.18876,0.0595738,0.36288,3.6288,53.7641,1.01402,0,0,0.35124,0.329906,0,0.66528,12.849,1,0.841906,0.36288,0,23.5081,6.17873,16.8503,0.84672,12.849,0.84672,3695.15,0,36.966,0.68456,0.227405,2.53488,1.69871,1.4338,2.34264,0.42336,36.966,0.42336,423.524,0,0.659232,0,0,0.886637,0.227405,1.028160,1,0,19.193,0,0,0,19.193,0
40.4563,2.93073,0,0,0.811633,0.0982377,0.36288,3.6288,52.6708,1.07148,0,0,0.290822,0.312647,0,0.66528,12.849,1,0.875,0.36288,0,16.4631,5.99418,9.95679,0.84672,12.849,0.84672,3695.15,0,36.966,0.736707,0.227405,2.53485,1.27314,1.38789,1.91079,0.42336,36.966,0.42336,423.524,0,0.54959,0,0,0.776995,0.227405,1.028160,1,0,11.8676,0,0,0,11.8676,0
37.8372,2.88833,0,0,0.753114,0.120999,0.36288,3.6288,51.6246,1.04078,0,0,0.291652,0.297098,0,0.66528,12.849,1,0.917341,0.36288,0,16.4209,5.95591,9.91055,0.84672,12.849,0.84672,3695.15,0,36.966,0.73045,0.204422,2.53481,1.21412,1.35218,1.87073,0.42336,36.966,0.42336,423.524,0,0.586518,0,0,0.79094,0.204422,1.028160,1,0,11.7813,0,0,0,11.7813,0
35.5896,2.84089,0,0,1.07794,0.121713,0.36288,3.6288,50.6792,0.965844,0,0,0.320541,0.300041,0,0.66528,12.849,1,0.964729,0.36288,0,17.1362,5.69217,10.8422,0.84672,12.849,0.84672,3695.15,0,36.966,0.691597,0.204422,2.53478,1.74512,1.26338,2.52934,0.42336,36.966,0.42336,423.524,0,0.700272,0,0,0.904694,0.204422,1.028160,1,0,13.3716,0,0,0,13.3716,0
34.1618,2.71078,0,0,1.78502,0.139168,0.36288,3.6288,50.2383,0.66528,0,0,0.535783,0.311481,0,0.66528,12.849,1,0.978677,0.36288,0,19.3633,5.45443,13.293,0.84672,12.849,0.84672,3695.15,0,36.966,0.550802,0.482881,2.53474,3.71296,1.21021,4.96957,0.42336,36.966,0.42336,423.524,0,1.02816,0,0,1.51104,0.482881,1.028160,1,0,18.2626,0,0,0,18.2626,0
32.6803,2.68101,0,0,1.69919,0.136775,0.36288,3.6288,49.7839,0.66528,0,0,0.521318,0.310362,0,0.66528,12.849,1,1.00839,0.36288,0,24.6484,5.45443,18.5484,0.84672,12.849,0.84672,3695.15,0,36.966,0.55077,0.388783,2.4253,3.67596,1.21021,4.72906,0.42336,36.966,0.42336,423.524,0,1.02816,0,0,1.41694,0.388783,1.028160,1,0,23.2775,0,0,0,23.2775,0
31.445,2.64816,0,0,1.91001,0.134291,0.36288,3.6288,49.494,0.66528,0,0,0.684603,0.309208,0,0.66528,12.849,1,1.04118,0.36288,0,48.8748,5.45443,42.7421,0.84672,12.849,0.84672,3695.15,0,36.966,0.550739,0.708195,2.42527,4.88229,1.21021,6.2548,0.42336,36.966,0.42336,423.524,0,1.02816,0,0,1.73635,0.708195,1.028160,1,0,48.9969,0,0,0,48.9969,0
30.2759,2.61909,0,0,1.96697,0.154043,0.36288,3.6288,49.1715,0.66528,0,0,0.657686,0.314974,0,0.66528,12.849,1,1.07021,0.36288,0,79.1977,5.77595,72.7144,0.84672,12.849,0.84672,3695.15,0,36.966,0.550707,0.416068,2.42524,5.141,1.27197,6.15963,0.42336,36.966,0.42336,423.524,0,1.02816,0,0,1.44423,0.416068,1.028160,1,0,78.874,0,0,0,78.874,0
30.2674,2.52313,0,0,3.06644,0.189012,0.36288,3.6288,48.9877,0.635186,0,0,0.6442,0.192757,0,0.66528,12.849,1,1.07081,0.36288,0,60.7785,4.28778,55.7828,0.84672,12.849,0.84672,3695.15,0,36.966,0.477518,1.09036,2.4252,5.26205,1.17394,7.12616,0.42336,36.966,0.42336,423.524,0,1.02816,0,0,2.11852,1.09036,1.028160,1,0,62.909,0,0,0,62.909,0
30.9476,2.52289,0,0,3.75504,0.188991,0.36288,3.6288,49.0111,0.634148,0,0,0.849952,0.192465,0,0.66528,12.849,1,1.07101,0.36288,0,68.4361,4.28778,63.4402,0.84672,12.849,0.84672,3695.15,0,36.966,0.478526,1.13022,2.32754,5.48737,1.17394,7.29266,0.42336,36.966,0.42336,423.524,0,1.02816,0,0,2.15838,1.13022,1.028160,1,0,70.7328,0,0,0,70.7328,0
31.316,2.53949,0,0,3.46143,0.190707,0.36288,3.6288,49.2626,0.63426,0,0,1.07826,0.192502,0,0.66528,12.849,1,1.05436,0.36288,0,58.4972,4.28778,53.518,0.84672,12.849,0.84672,3695.15,0,36.966,0.478383,1.83753,2.3275,7.5711,1.17394,10.0838,0.42336,36.966,0.42336,423.524,0,1.02816,0,0,2.86569,1.83753,1.028160,1,0,63.6018,0,0,0,63.6018,0
