0volume,0demand,0up_spill,0ww_inflow,0catch_inflow,0evap,0ds_spill,0treat_cap,1volume,1demand,1up_spill,1ww_inflow,1catch_inflow,1evap,1ds_spill,1treat_cap,2volume,2s_area,2demand,2up_spill,2ww_inflow,2catch_inflow,2evap,2ds_spill,2treat_cap,2valloc_0,2talloc_0,2valloc_1,2talloc_1,3volume,3demand,3up_spill,3ww_inflow,3catch_inflow,3evap,3ds_spill,3treat_cap,3valloc_1,3talloc_1,3valloc_2,3talloc_2,4demand,4up_spill,4ww_inflow,4catch_inflow,4ds_spill,4treat_cap,11volume,11s_area,11demand,11up_spill,11ww_inflow,11catch_inflow,11evap,11ds_spill,11treat_cap
722.9,2.42664,0,0,5.95182,0.282807,3.24237,18.144,61.308,0,0,0,1.10559,0.23003,0.875562,0.99792,12.849,1,0.0431317,3.24237,0,94.9026,3.89753,94.2043,0.84672,12.849,0.84672,3695.15,0,3.68392,0,1.04649,0,8.52863,0.957325,8.6178,0.06048,3.68392,0.06048,456.806,0,1.12031,0,0,2.1668,1.04649,1.542240,1,0,103.698,0,0,0,103.698,0
722.9,2.42772,0,0,6.22335,0.305001,3.49062,18.144,61.308,0,0,0,1.03921,0.251362,0.787849,0.99792,12.849,1,0.0431509,3.49062,0,95.7865,4.35466,94.8793,0.84672,12.849,0.84672,3695.15,0,3.68392,0,1.00133,1.32838,8.11227,1.09993,9.34205,0.06048,3.68392,0.06048,456.806,0,1.12081,0,0,2.12213,1.00133,1.542240,1,0,105.009,0,0,0,105.009,0
722.9,2.42881,0,0,6.01409,0.305001,3.28028,18.144,61.308,0,0,0,1.13276,0.251362,0.881403,0.99792,12.849,1,0.0431702,3.28028,0,92.4592,4.35466,91.3417,0.84672,12.849,0.84672,3695.15,0,3.68392,0,1.08272,1.32898,9.26649,1.09993,10.5783,0.06048,3.68392,0.06048,456.806,0,1.12131,0,0,2.20403,1.08272,1.542240,1,0,102.801,0,0,0,102.801,0
722.9,2.42989,0,0,5.78387,0.305001,3.04899,18.144,61.308,0,0,0,1.11198,0.251362,0.860615,0.99792,12.849,1,0.0431894,3.04899,0,81.6584,4.35466,80.3095,0.84672,12.849,0.84672,3695.15,0,3.68392,0,1.14898,1.32957,8.81842,1.09993,10.197,0.06048,3.68392,0.06048,456.806,0,1.12181,0,0,2.27078,1.14898,1.542240,1,0,91.3671,0,0,0,91.3671,0
722.9,2.66808,0,0,8.81522,0.284535,5.8626,18.144,61.308,0,0,0,1.65556,0.287182,1.36838,0.99792,12.849,1,0.0474232,5.8626,0,146.636,4.64493,147.807,0.84672,12.849,0.84672,3695.15,0,3.68392,0,2.55388,1.33016,15.8609,1.27302,18.4719,0.06048,3.68392,0.06048,456.806,0,1.25427,0,0,3.80815,2.55388,1.542240,1,0,167.647,0,0,0,167.647,0
722.9,2.66927,0,0,6.71347,0.318648,3.72555,18.144,61.308,0,0,0,1.30007,0.283771,1.0163,0.99792,12.849,1,0.0474443,3.72555,0,124.157,4.70537,123.13,0.84672,12.849,0.84672,3695.15,0,3.68392,0,1.21589,1.47793,9.85297,1.20481,11.342,0.06048,3.68392,0.06048,456.806,0,1.25482,0,0,2.47071,1.21589,1.542240,1,0,135.488,0,0,0,135.488,0
722.9,2.67046,0,0,8.51823,0.345613,5.50215,18.144,61.308,0,0,0,2.1159,0.248024,1.86788,0.99792,12.849,1,0.0474654,5.50215,0,125.556,4.59106,126.419,0.84672,12.849,0.84672,3695.15,0,3.68392,0,1.07348,1.47859,12.4836,1.09985,13.9358,0.06048,3.68392,0.06048,456.806,0,1.25538,0,0,2.32886,1.07348,1.542240,1,0,142.223,0,0,0,142.223,0
722.9,2.67165,0,0,8.60656,0.356399,5.57851,18.144,61.308,0,0,0,1.86754,0.233725,1.63382,0.99792,12.849,1,0.0474866,5.57851,0,157.169,4.54535,158.155,0.84672,12.849,0.84672,3695.15,0,3.68392,0,3.49088,1.47925,20.9157,1.05787,24.828,0.06048,3.68392,0.06048,456.806,0,1.25594,0,0,4.74682,3.49088,1.542240,1,0,184.617,0,0,0,184.617,0
722.9,2.33404,0,0,7.44373,0.350378,4.75931,18.144,61.308,0,0,0,1.9739,0.23336,1.74054,0.99792,12.849,1,0.0414858,4.75931,0,175.655,4.16992,176.203,0.84672,12.849,0.84672,3695.15,0,3.68392,0,4.4425,1.47991,24.0971,0.995379,29.0242,0.06048,3.68392,0.06048,456.806,0,1.0791,0,0,5.52159,4.4425,1.542240,1,0,206.967,0,0,0,206.967,0
722.9,2.33508,0,0,5.39857,0.345863,2.71762,18.144,61.308,0,0,0,1.61291,0.233087,1.37982,0.99792,12.849,1,0.0415043,2.71762,0,73.4298,3.88836,72.2176,0.84672,12.849,0.84672,3695.15,0,3.68392,0,2.40683,1.27888,12.3035,0.94851,15.0407,0.06048,3.68392,0.06048,456.806,0,1.07958,0,0,3.4864,2.40683,1.542240,1,0,88.6381,0,0,0,88.6381,0
722.9,2.33612,0,0,5.47471,0.345863,2.79273,18.144,61.308,0,0,0,1.69584,0.233087,1.46275,0.99792,12.849,1,0.0415228,2.79273,0,122.434,3.88836,121.297,0.84672,12.849,0.84672,3695.15,0,3.68392,0,2.84462,1.27945,14.5679,0.94851,17.7435,0.06048,3.68392,0.06048,456.806,0,1.08006,0,0,3.92468,2.84462,1.542240,1,0,140.503,0,0,0,140.503,0
722.9,2.33716,0,0,4.97155,0.346558,2.28783,18.144,61.308,0,0,0,1.445,0.220359,1.22464,0.99792,12.849,1,0.0415413,2.28783,0,141.561,3.66179,140.146,0.84672,12.849,0.84672,3695.15,0,3.68392,0,2.43056,1.28002,11.191,0.862855,14.0388,0.06048,3.68392,0.06048,456.806,0,1.08054,0,0,3.5111,2.43056,1.542240,1,0,155.409,0,0,0,155.409,0
722.9,2.3382,0,0,5.36828,0.345778,2.6843,18.144,61.308,0,0,0,1.45161,0.167671,1.28394,0.99792,12.849,1,0.0415598,2.6843,0,125.633,2.88322,125.392,0.84672,12.849,0.84672,3695.15,0,3.68392,0,2.72899,1.28059,11.8579,0.51425,15.3532,0.06048,3.68392,0.06048,456.806,0,1.08102,0,0,3.81001,2.72899,1.542240,1,0,142.029,0,0,0,142.029,0
722.9,2.42471,0,0,6.32105,0.337646,3.55869,18.144,61.308,0,0,0,3.37318,0.193142,3.18003,0.99792,12.849,1,0.0430974,3.55869,0,154.881,3.77695,154.619,0.84672,12.849,0.84672,3695.15,0,3.68392,0,5.17987,1.28116,17.247,0.799808,22.9082,0.06048,3.68392,0.06048,456.806,0,1.125,0,0,6.30487,5.17987,1.542240,1,0,180.708,0,0,0,180.708,0
722.9,2.42579,0,0,7.05002,0.337646,4.28659,18.144,61.308,0,0,0,3.67952,0.193142,3.48637,0.99792,12.849,1,0.0431166,4.28659,0,169.054,3.77695,169.52,0.84672,12.849,0.84672,3695.15,0,3.68392,0,4.19234,1.33164,17.7163,0.799808,22.4405,0.06048,3.68392,0.06048,456.806,0,1.1255,0,0,5.31783,4.19234,1.542240,1,0,195.447,0,0,0,195.447,0
722.9,2.42687,0,0,5.78886,0.337646,3.02434,18.144,61.308,0,0,0,3.21496,0.193142,3.02182,0.99792,12.849,1,0.0431358,3.02434,0,124.165,3.77695,123.37,0.84672,12.849,0.84672,3695.15,0,3.68392,0,4.57706,1.33223,12.9619,0.799808,18.0714,0.06048,3.68392,0.06048,456.806,0,1.126,0,0,5.70306,4.57706,1.542240,1,0,144.463,0,0,0,144.463,0
722.9,2.42795,0,0,4.62178,0.284834,1.90899,18.144,61.308,0,0,0,2.23632,0.187315,2.049,0.99792,12.849,1,0.043155,1.90899,0,111.557,4.12293,109.3,0.84672,12.849,0.84672,3695.15,0,3.68392,0,2.59104,1.33283,9.14147,0.822305,12.243,0.06048,3.68392,0.06048,456.806,0,1.1265,0,0,3.71754,2.59104,1.542240,1,0,123.592,0,0,0,123.592,0
722.9,2.39555,0,0,3.84031,0.22811,1.21664,18.144,61.308,0,0,0,1.62878,0.226769,1.40201,0.99792,12.849,1,0.0425791,1.21664,0,82.6433,4.22877,79.5886,0.84672,12.849,0.84672,3695.15,0,3.68392,0,2.02743,1.33342,7.85385,0.983719,10.231,0.06048,3.68392,0.06048,456.806,0,1.11008,0,0,3.1375,2.02743,1.542240,1,0,91.2216,0,0,0,91.2216,0
722.9,2.39662,0,0,3.02593,0.218656,0.410653,18.144,61.308,0,0,0,1.1844,0.233344,0.951053,0.99792,12.849,1,0.0425981,0.410653,0,63.013,4.24641,59.1346,0.84672,12.849,0.84672,3695.15,0,3.68392,0,1.33361,1.31455,6.32164,1.01062,7.95918,0.06048,3.68392,0.06048,456.806,0,1.11057,0,0,2.44418,1.33361,1.542240,1,0,68.0449,0,0,0,68.0449,0
722.477,2.39768,0,0,2.55611,0.218656,0.36288,18.144,61.308,0,0,0,1.09126,0.233344,0.857914,0.99792,12.849,1,0.042617,0.36288,0,55.2407,4.24641,51.3146,0.84672,12.849,0.84672,3695.15,0,3.68392,0,1.08189,1.31513,5.75487,1.01062,7.14127,0.06048,3.68392,0.06048,456.806,0,1.11106,0,0,2.19295,1.08189,1.542240,1,0,59.3137,0,0,0,59.3137,0
721.83,2.39872,0,0,2.3334,0.218644,0.36288,18.144,61.308,0,0,0,0.939332,0.233344,0.705988,0.99792,12.849,1,0.0426605,0.36288,0,54.7116,4.24641,50.7854,0.84672,12.849,0.84672,3695.15,0,3.68392,0,0.58807,1.31572,5.87491,1.01062,6.76807,0.06048,3.68392,0.06048,456.806,0,1.11156,0,0,1.69963,0.58807,1.542240,1,0,58.2595,0,0,0,58.2595,0
721.688,2.51359,0,0,2.93829,0.204319,0.36288,18.144,61.308,0,0,0,1.0334,0.23729,0.796114,0.99792,12.849,1,0.0447434,0.36288,0,58.8055,4.42428,54.6993,0.84672,12.849,0.84672,3695.15,0,3.68392,0,0.63737,1.3163,5.62053,1.03603,6.53817,0.06048,3.68392,0.06048,456.806,0,1.17217,0,0,1.80954,0.63737,1.542240,1,0,62.0336,0,0,0,62.0336,0
721.02,2.5147,0,0,2.35637,0.146104,0.36288,18.144,61.308,0,0,0,0.756311,0.235184,0.521127,0.99792,12.849,1,0.0447719,0.36288,0,45.1926,4.45158,41.0591,0.84672,12.849,0.84672,3695.15,0,3.68392,0,0.558926,1.38505,4.42498,1.0412,5.32777,0.06048,3.68392,0.06048,456.806,0,1.17269,0,0,1.73162,0.558926,1.542240,1,0,46.908,0,0,0,46.908,0
720.226,2.51577,0,0,2.21479,0.130872,0.36288,18.144,61.308,0,0,0,0.78764,0.238754,0.548886,0.99792,12.849,1,0.0448325,0.36288,0,41.627,4.55994,37.3851,0.84672,12.849,0.84672,3695.15,0,3.68392,0,0.562733,1.38567,4.49725,1.02114,5.42451,0.06048,3.68392,0.06048,456.806,0,1.17322,0,0,1.73595,0.562733,1.542240,1,0,43.3585,0,0,0,43.3585,0
719.343,2.51684,0,0,2.12827,0.130858,0.36288,18.144,61.308,0,0,0,0.80238,0.238754,0.563626,0.99792,12.849,1,0.0449011,0.36288,0,39.2427,4.55994,35.0007,0.84672,12.849,0.84672,3695.15,0,3.68392,0,0.475795,1.38628,4.48438,1.02114,5.32532,0.06048,3.68392,0.06048,456.806,0,1.17374,0,0,1.64953,0.475795,1.542240,1,0,40.8897,0,0,0,40.8897,0
718.392,2.51791,0,0,2.05855,0.129354,0.36288,18.144,61.308,0,0,0,0.805421,0.242615,0.562805,0.99792,12.849,1,0.0449751,0.36288,0,39.0175,4.65439,34.6811,0.84672,12.849,0.84672,3695.15,0,3.68392,0,0.42308,1.3869,4.37858,1.03537,5.15318,0.06048,3.68392,0.06048,456.806,0,1.17426,0,0,1.59734,0.42308,1.542240,1,0,40.397,0,0,0,40.397,0
717.753,2.4964,0,0,2.32438,0.103493,0.36288,18.144,61.308,0,0,0,1.05491,0.289364,0.765545,0.99792,12.849,1,0.0446501,0.36288,0,50.5625,5.24644,45.6343,0.84672,12.849,0.84672,3695.15,0,3.68392,0,0.709492,1.38752,5.5154,1.19891,6.4135,0.06048,3.68392,0.06048,456.806,0,1.2079,0,0,1.91739,0.709492,1.542240,1,0,52.8133,0,0,0,52.8133,0
717.008,2.49747,0,0,2.20632,0.0907973,0.36288,18.144,61.308,0,0,0,1.01929,0.307048,0.712239,0.99792,12.849,1,0.044709,0.36288,0,47.2328,5.26544,42.2855,0.84672,12.849,0.84672,3695.15,0,3.68392,0,0.64343,1.40941,5.5569,1.25749,6.35226,0.06048,3.68392,0.06048,456.806,0,1.20843,0,0,1.85186,0.64343,1.542240,1,0,49.35,0,0,0,49.35,0
716.127,2.49854,0,0,2.07077,0.0907881,0.36288,18.144,61.308,0,0,0,0.897013,0.307048,0.589965,0.99792,12.849,1,0.0447745,0.36288,0,43.157,5.26544,38.2096,0.84672,12.849,0.84672,3695.15,0,3.68392,0,0.57437,1.41004,5.27362,1.25749,6.00054,0.06048,3.68392,0.06048,456.806,0,1.20897,0,0,1.78334,0.57437,1.542240,1,0,44.8001,0,0,0,44.8001,0
715.113,2.49959,0,0,1.93944,0.0907771,0.36288,18.144,61.308,0,0,0,0.836352,0.307048,0.529304,0.99792,12.849,1,0.0448485,0.36288,0,41.2989,5.26544,36.3515,0.84672,12.849,0.84672,3695.15,0,3.68392,0,0.475467,1.41067,4.99154,1.25749,5.62019,0.06048,3.68392,0.06048,456.806,0,1.20951,0,0,1.68497,0.475467,1.542240,1,0,42.501,0,0,0,42.501,0
713.999,2.559,0,0,1.88671,0.0793104,0.36288,18.144,61.308,0,0,0,0.913758,0.322301,0.591457,0.99792,12.849,1,0.0459795,0.36288,0,37.1252,5.81136,31.6308,0.84672,12.849,0.84672,3695.15,0,3.68392,0,0.342849,1.41129,4.65048,1.4019,5.00272,0.06048,3.68392,0.06048,456.806,0,1.23961,0,0,1.58246,0.342849,1.542240,1,0,37.2249,0,0,0,37.2249,0
712.965,2.56006,0,0,1.96396,0.0747174,0.36288,18.144,61.308,0,0,0,0.985167,0.328402,0.656765,0.99792,12.849,1,0.0460704,0.36288,0,50.2108,6.02973,44.4979,0.84672,12.849,0.84672,3695.15,0,3.68392,0,0.648259,1.4459,5.19359,1.45966,5.82808,0.06048,3.68392,0.06048,456.806,0,1.24016,0,0,1.88842,0.648259,1.542240,1,0,50.9828,0,0,0,50.9828,0
711.798,2.56113,0,0,1.83168,0.0747068,0.36288,18.144,61.308,0,0,0,0.872588,0.328402,0.544186,0.99792,12.849,1,0.0461565,0.36288,0,39.7217,6.02973,34.0087,0.84672,12.849,0.84672,3695.15,0,3.68392,0,0.623405,1.44654,4.74054,1.45966,5.35082,0.06048,3.68392,0.06048,456.806,0,1.24071,0,0,1.86411,0.623405,1.542240,1,0,39.9037,0,0,0,39.9037,0
710.464,2.56219,0,0,1.6661,0.0746948,0.36288,18.144,61.308,0,0,0,0.819625,0.328402,0.491223,0.99792,12.849,1,0.0462513,0.36288,0,36.5254,6.02973,30.8123,0.84672,12.849,0.84672,3695.15,0,3.68392,0,0.331116,1.44718,4.33861,1.45966,4.65724,0.06048,3.68392,0.06048,456.806,0,1.24126,0,0,1.57238,0.331116,1.542240,1,0,35.9608,0,0,0,35.9608,0
708.959,2.73443,0,0,1.65313,0.060736,0.36288,18.144,61.308,0,0,0,0.958746,0.322434,0.636312,0.99792,12.849,1,0.0494531,0.36288,0,34.2941,5.99229,28.6152,0.84672,12.849,0.84672,3695.15,0,3.68392,0,0.747719,1.44782,5.94579,1.48544,6.65588,0.06048,3.68392,0.06048,456.806,0,1.34872,0,0,2.09644,0.747719,1.542240,1,0,35.9074,0,0,0,35.9074,0
706.897,2.73554,0,0,1.09666,0.0601083,0.36288,18.144,61.308,0,0,0,0.806795,0.289384,0.517411,0.99792,12.849,1,0.0495782,0.36288,0,23.4931,5.37527,18.4311,0.84672,12.849,0.84672,3695.15,0,3.68392,0,0.441819,1.56372,5.06818,1.44532,5.62841,0.06048,3.68392,0.06048,456.806,0,1.34932,0,0,1.79114,0.441819,1.542240,1,0,24.577,0,0,0,24.577,0
705.252,2.73661,0,0,1.51443,0.0600912,0.36288,18.144,61.308,0,0,0,0.893497,0.289384,0.604113,0.99792,12.849,1,0.0497423,0.36288,0,25.1999,5.37527,20.1377,0.84672,12.849,0.84672,3695.15,0,3.68392,0,0.682761,1.56442,5.64988,1.44532,6.45174,0.06048,3.68392,0.06048,456.806,0,1.34992,0,0,2.03268,0.682761,1.542240,1,0,27.1936,0,0,0,27.1936,0
704.269,2.73771,0,0,2.20492,0.0880878,0.36288,18.144,61.308,0,0,0,1.18935,0.282013,0.907334,0.99792,12.849,1,0.0498783,0.36288,0,42.051,5.23535,37.1286,0.84672,12.849,0.84672,3695.15,0,3.68392,0,0.936325,1.56511,6.28303,1.42296,7.36151,0.06048,3.68392,0.06048,456.806,0,1.35052,0,0,2.28684,0.936325,1.542240,1,0,45.3975,0,0,0,45.3975,0
702.887,2.73885,0,0,1.79887,0.0784232,0.36288,18.144,61.308,0,0,0,1.06205,0.275335,0.786711,0.99792,12.849,1,0.0499688,0.36288,0,48.2438,5.4348,43.1219,0.84672,12.849,0.84672,3695.15,0,3.68392,0,0.728289,1.5658,4.75474,1.41622,5.63261,0.06048,3.68392,0.06048,456.806,0,1.35112,0,0,2.07941,0.728289,1.542240,1,0,49.5412,0,0,0,49.5412,0
700.702,2.65637,0,0,0.873314,0.0393304,0.36288,18.144,61.308,0,0,0,0.672106,0.250157,0.42195,0.99792,12.849,1,0.0485592,0.36288,0,27.4203,5.15141,22.5833,0.84672,12.849,0.84672,3695.15,0,3.68392,0,0.462559,1.5665,4.62142,1.39788,5.2526,0.06048,3.68392,0.06048,456.806,0,1.28668,0,0,1.74924,0.462559,1.542240,1,0,28.2578,0,0,0,28.2578,0
698.353,2.65739,0,0,0.710424,0.0393185,0.36288,18.144,61.308,0.127866,0,0,0.553193,0.250157,0.175171,0.99792,12.849,1,0.0487295,0.36288,0,25.1799,5.15141,20.3426,0.84672,12.849,0.84672,3695.15,0,3.68392,0.0076833,0.216518,1.50099,4.17568,1.39788,4.48763,0.06048,3.68392,0.06048,456.806,0,1.1493,0,0,1.36582,0.216518,1.542240,1,0,25.0054,0,0,0,25.0054,0
696.388,2.65841,0,0,1.17375,0.11755,0.36288,18.144,61.308,0,0,0,0.837709,0.189512,0.648198,0.99792,12.849,1,0.0489121,0.36288,0,35.8487,4.32089,31.8418,0.84672,12.849,0.84672,3695.15,0,3.68392,0,0.448235,1.50166,5.53178,1.13829,6.34338,0.06048,3.68392,0.06048,456.806,0,1.28782,0,0,1.73605,0.448235,1.542240,1,0,38.8334,0,0,0,38.8334,0
695.807,2.65945,0,0,2.61818,0.176185,0.36288,18.144,61.308,0,0,0,1.33244,0.144028,1.18842,0.99792,12.849,1,0.0490693,0.36288,0,91.6039,3.69799,88.2197,0.84672,12.849,0.84672,3695.15,0,3.68392,0,1.12321,1.50232,11.8248,0.943593,13.5067,0.06048,3.68392,0.06048,456.806,0,1.28839,0,0,2.4116,1.12321,1.542240,1,0,102.915,0,0,0,102.915,0
694.566,2.59186,0,0,1.91626,0.203376,0.36288,18.144,61.308,0,0,0,1.24249,0.17198,1.07051,0.99792,12.849,1,0.0478621,0.36288,0,80.87,3.79681,77.3882,0.84672,12.849,0.84672,3695.15,0,3.68392,0,0.909361,1.50298,8.08643,0.961494,9.53728,0.06048,3.68392,0.06048,456.806,0,1.22965,0,0,2.13901,0.909361,1.542240,1,0,87.996,0,0,0,87.996,0
693.759,2.59292,0,0,2.37274,0.223741,0.36288,18.144,61.308,0,0,0,1.60962,0.192944,1.41668,0.99792,12.849,1,0.0479673,0.36288,0,86.603,3.87093,83.047,0.84672,12.849,0.84672,3695.15,0,3.68392,0,2.22467,1.44471,16.1647,0.97492,18.8591,0.06048,3.68392,0.06048,456.806,0,1.2302,0,0,3.45487,2.22467,1.542240,1,0,103.323,0,0,0,103.323,0
694.295,2.59401,0,0,3.72074,0.227542,0.36288,18.144,61.308,0,0,0,1.21393,0.19233,1.0216,0.99792,12.849,1,0.0480433,0.36288,0,98.1953,3.95839,94.5518,0.84672,12.849,0.84672,3695.15,0,3.68392,0,1.84347,1.44535,13.0356,0.99607,15.3284,0.06048,3.68392,0.06048,456.806,0,1.23074,0,0,3.07422,1.84347,1.542240,1,0,110.902,0,0,0,110.902,0
693.515,2.5952,0,0,2.42806,0.250517,0.36288,18.144,61.308,0,0,0,1.29589,0.188643,1.10724,0.99792,12.849,1,0.0480281,0.36288,0,90.5783,4.48318,86.41,0.84672,12.849,0.84672,3695.15,0,3.68392,0,1.63006,1.44599,12.6796,1.12297,14.6327,0.06048,3.68392,0.06048,456.806,0,1.23129,0,0,2.86134,1.63006,1.542240,1,0,102.15,0,0,0,102.15,0
693.327,2.40076,0,0,2.83405,0.257844,0.36288,18.144,61.308,0,0,0,1.55752,0.197116,1.3604,0.99792,12.849,1,0.0444798,0.36288,0,103.737,4.37834,99.6771,0.84672,12.849,0.84672,3695.15,0,3.68392,0,2.62546,1.44663,13.3422,1.12528,16.2891,0.06048,3.68392,0.06048,456.806,0,1.1081,0,0,3.73356,2.62546,1.542240,1,0,117.327,0,0,0,117.327,0
692.895,2.40181,0,0,2.60887,0.276222,0.36288,18.144,61.308,0,0,0,2.52995,0.218299,2.31165,0.99792,12.849,1,0.0445112,0.36288,0,80.4609,4.11621,76.663,0.84672,12.849,0.84672,3695.15,0,3.68392,0,4.34961,1.31435,15.8274,1.13104,20.3604,0.06048,3.68392,0.06048,456.806,0,1.10859,0,0,5.4582,4.34961,1.542240,1,0,99.335,0,0,0,99.335,0
693.51,2.40284,0,0,3.65662,0.276206,0.36288,18.144,61.308,0,0,0,3.10609,0.218299,2.88779,0.99792,12.849,1,0.0445582,0.36288,0,186.717,4.11621,182.919,0.84672,12.849,0.84672,3695.15,0,3.68392,0,6.0084,1.31493,16.8117,1.13104,23.004,0.06048,3.68392,0.06048,456.806,0,1.10908,0,0,7.11748,6.0084,1.542240,1,0,208.811,0,0,0,208.811,0
694.396,2.40394,0,0,3.929,0.276229,0.36288,18.144,61.308,0,0,0,3.86253,0.218299,3.64423,0.99792,12.849,1,0.0445391,0.36288,0,121.541,4.11621,117.744,0.84672,12.849,0.84672,3695.15,0,3.68392,0,5.35715,1.31552,17.8009,1.13104,23.3425,0.06048,3.68392,0.06048,456.806,0,1.10957,0,0,6.46671,5.35715,1.542240,1,0,144.73,0,0,0,144.73,0
694.971,2.40506,0,0,3.63345,0.290398,0.36288,18.144,61.308,0,0,0,3.3354,0.213532,3.12187,0.99792,12.849,1,0.0445029,0.36288,0,140.543,3.92889,136.932,0.84672,12.849,0.84672,3695.15,0,3.68392,0,5.00616,1.3161,17.5324,1.09299,22.7616,0.06048,3.68392,0.06048,456.806,0,1.11006,0,0,6.11621,5.00616,1.542240,1,0,162.816,0,0,0,162.816,0
699.054,2.48152,0,0,7.18413,0.256289,0.36288,18.144,61.308,0,0,0,3.25715,0.229436,3.02771,0.99792,12.849,1,0.0458796,0.36288,0,154.686,4.73751,150.266,0.84672,12.849,0.84672,3695.15,0,3.68392,0,5.42139,1.31668,21.2505,1.4534,26.5352,0.06048,3.68392,0.06048,456.806,0,1.14644,0,0,6.56783,5.42139,1.542240,1,0,179.829,0,0,0,179.829,0
702.243,2.48284,0,0,6.27929,0.244848,0.36288,18.144,61.308,0,0,0,2.16664,0.234073,1.93257,0.99792,12.849,1,0.045636,0.36288,0,142.523,4.95033,137.89,0.84672,12.849,0.84672,3695.15,0,3.68392,0,3.55367,1.35938,14.2407,1.52933,17.6244,0.06048,3.68392,0.06048,456.806,0,1.14694,0,0,4.70061,3.55367,1.542240,1,0,157.447,0,0,0,157.447,0
705.382,2.48411,0,0,6.2308,0.244955,0.36288,18.144,61.308,0,0,0,2.65645,0.234073,2.42237,0.99792,12.849,1,0.0454519,0.36288,0,139.991,4.95033,135.358,0.84672,12.849,0.84672,3695.15,0,3.68392,0,4.47568,1.35996,14.45,1.52933,18.7563,0.06048,3.68392,0.06048,456.806,0,1.14743,0,0,5.6231,4.47568,1.542240,1,0,156.537,0,0,0,156.537,0
706.781,2.48537,0,0,4.54909,0.301826,0.36288,18.144,61.308,0,0,0,1.76713,0.214883,1.55225,0.99792,12.849,1,0.0452727,0.36288,0,97.5879,4.09725,93.8083,0.84672,12.849,0.84672,3695.15,0,3.68392,0,2.73419,1.36054,8.46573,1.28733,11.2731,0.06048,3.68392,0.06048,456.806,0,1.14792,0,0,3.88211,2.73419,1.542240,1,0,106.634,0,0,0,106.634,0
709.148,2.72905,0,0,5.78387,0.324646,0.36288,18.144,61.308,0,0,0,1.69778,0.190817,1.50696,0.99792,12.849,1,0.0496131,0.36288,0,132.51,3.90537,128.918,0.84672,12.849,0.84672,3695.15,0,3.68392,0,2.91655,1.36112,10.7144,1.11303,13.879,0.06048,3.68392,0.06048,456.806,0,1.28344,0,0,4.19998,2.91655,1.542240,1,0,144.304,0,0,0,144.304,0
713.958,2.73038,0,0,8.21733,0.314582,0.36288,18.144,61.308,0,0,0,2.22359,0.198311,2.02528,0.99792,12.849,1,0.0494715,0.36288,0,139.589,4.65139,135.251,0.84672,12.849,0.84672,3695.15,0,3.68392,0,4.14323,1.5123,15.0295,1.17457,19.5105,0.06048,3.68392,0.06048,456.806,0,1.28399,0,0,5.42722,4.14323,1.542240,1,0,156.787,0,0,0,156.787,0
717.361,2.73188,0,0,6.81324,0.31479,0.36288,18.144,61.308,0,0,0,1.8467,0.198311,1.64839,0.99792,12.849,1,0.0491652,0.36288,0,140.837,4.65139,136.5,0.84672,12.849,0.84672,3695.15,0,3.68392,0,3.09904,1.51295,12.6026,1.17457,16.0401,0.06048,3.68392,0.06048,456.806,0,1.28453,0,0,4.38357,3.09904,1.542240,1,0,154.188,0,0,0,154.188,0
719.808,2.73327,0,0,5.85455,0.311754,0.36288,18.144,61.308,0,0,0,1.69751,0.17692,1.52059,0.99792,12.849,1,0.0489569,0.36288,0,107.409,3.88712,103.836,0.84672,12.849,0.84672,3695.15,0,3.68392,0,2.71713,1.5136,11.4166,1.03465,14.6127,0.06048,3.68392,0.06048,456.806,0,1.28508,0,0,4.00221,2.71713,1.542240,1,0,119.969,0,0,0,119.969,0
722.077,2.38798,0,0,5.33622,0.315962,0.36288,18.144,61.308,0,0,0,1.60007,0.177422,1.42265,0.99792,12.849,1,0.0426268,0.36288,0,92.4437,3.48241,89.2815,0.84672,12.849,0.84672,3695.15,0,3.68392,0,2.61332,1.51425,10.4303,0.932895,13.625,0.06048,3.68392,0.06048,456.806,0,1.10411,0,0,3.71744,2.61332,1.542240,1,0,104.329,0,0,0,104.329,0
722.9,2.38913,0,0,5.09488,0.327061,1.55607,18.144,61.308,0,0,0,1.62118,0.200446,1.42073,0.99792,12.849,1,0.0425133,1.55607,0,89.9441,4.16986,87.2878,0.84672,12.849,0.84672,3695.15,0,3.68392,0,2.28255,1.30853,10.0239,0.98243,12.6325,0.06048,3.68392,0.06048,456.806,0,1.10459,0,0,3.38714,2.28255,1.542240,1,0,101.341,0,0,0,101.341,0
722.9,2.3902,0,0,4.83411,0.326759,2.11715,18.144,61.308,0,0,0,1.66464,0.161263,1.50338,0.99792,12.849,1,0.0424839,2.11715,0,84.8655,3.84069,83.0995,0.84672,12.849,0.84672,3695.15,0,3.68392,0,2.64477,1.30909,10.2111,0.823582,13.3414,0.06048,3.68392,0.06048,456.806,0,1.10506,0,0,3.74983,2.64477,1.542240,1,0,97.9443,0,0,0,97.9443,0
722.9,2.39122,0,0,5.29254,0.326759,2.57456,18.144,61.308,0,0,0,1.46017,0.161263,1.29891,0.99792,12.849,1,0.0425021,2.57456,0,93.9194,3.84069,92.6108,0.84672,12.849,0.84672,3695.15,0,3.68392,0,1.92537,1.30965,9.4951,0.823582,11.9065,0.06048,3.68392,0.06048,456.806,0,1.10553,0,0,3.0309,1.92537,1.542240,1,0,105.816,0,0,0,105.816,0
722.9,2.39224,0,0,4.6822,0.326759,1.9632,18.144,61.308,0,0,0,1.39501,0.161263,1.23374,0.99792,12.849,1,0.0425202,1.9632,0,82.0074,3.84069,80.0874,0.84672,12.849,0.84672,3695.15,0,3.68392,0,1.64428,1.31021,8.60363,0.823582,10.7345,0.06048,3.68392,0.06048,456.806,0,1.106,0,0,2.75028,1.64428,1.542240,1,0,92.0557,0,0,0,92.0557,0
722.9,2.48071,0,0,7.42988,0.311498,4.63768,18.144,61.308,0,0,0,1.63691,0.206271,1.43064,0.99792,12.849,1,0.0440927,4.63768,0,154.468,3.6067,155.455,0.84672,12.849,0.84672,3695.15,0,3.68392,0,2.3363,1.31077,11.057,0.739281,13.9648,0.06048,3.68392,0.06048,456.806,0,1.15098,0,0,3.48728,2.3363,1.542240,1,0,170.85,0,0,0,170.85,0
722.9,2.48176,0,0,6.47127,0.287822,3.70169,18.144,61.308,0,0,0,1.37062,0.200951,1.16967,0.99792,12.849,1,0.0441115,3.70169,0,98.1055,3.84479,97.9183,0.84672,12.849,0.84672,3695.15,0,3.68392,0,1.30972,1.36239,8.34209,0.785517,10.2287,0.06048,3.68392,0.06048,456.806,0,1.15147,0,0,2.46119,1.30972,1.542240,1,0,109.317,0,0,0,109.317,0
722.9,2.48282,0,0,5.7469,0.287822,2.97626,18.144,61.308,0,0,0,1.0902,0.200951,0.889244,0.99792,12.849,1,0.0441303,2.97626,0,89.6391,3.84479,88.7265,0.84672,12.849,0.84672,3695.15,0,3.68392,0,1.22266,1.36297,6.82897,0.785517,8.62908,0.06048,3.68392,0.06048,456.806,0,1.15196,0,0,2.37462,1.22266,1.542240,1,0,98.2448,0,0,0,98.2448,0
722.9,2.48388,0,0,8.59412,0.291304,5.81893,18.144,61.308,0,0,0,1.23471,0.185486,1.04922,0.99792,12.849,1,0.0441492,5.81893,0,123.649,3.40873,126.015,0.84672,12.849,0.84672,3695.15,0,3.68392,0,2.00315,1.36355,18.2154,0.697563,20.8845,0.06048,3.68392,0.06048,456.806,0,1.15245,0,0,3.1556,2.00315,1.542240,1,0,147.949,0,0,0,147.949,0
722.9,2.4507,0,0,5.93129,0.255347,3.22525,18.144,61.308,0,0,0,1.37732,0.199895,1.17743,0.99792,12.849,1,0.0435593,3.22525,0,102.716,3.98735,101.91,0.84672,12.849,0.84672,3695.15,0,3.68392,0,1.97174,1.36414,9.90662,0.882953,12.3595,0.06048,3.68392,0.06048,456.806,0,1.13563,0,0,3.10737,1.97174,1.542240,1,0,115.447,0,0,0,115.447,0
722.9,2.45174,0,0,5.35913,0.250282,2.65711,18.144,61.308,0,0,0,1.16559,0.207309,0.958279,0.99792,12.849,1,0.0435778,2.65711,0,87.4247,4.47646,85.5618,0.84672,12.849,0.84672,3695.15,0,3.68392,0,1.24085,1.34481,9.78523,0.995162,11.3757,0.06048,3.68392,0.06048,456.806,0,1.13611,0,0,2.37696,1.24085,1.542240,1,0,97.8958,0,0,0,97.8958,0
722.9,2.45279,0,0,4.9689,0.238634,2.27748,18.144,61.308,0,0,0,1.08315,0.213053,0.870101,0.99792,12.849,1,0.0435964,2.27748,0,80.8816,4.45794,78.6576,0.84672,12.849,0.84672,3695.15,0,3.68392,0,1.29505,1.34538,8.48897,0.984926,10.1445,0.06048,3.68392,0.06048,456.806,0,1.1366,0,0,2.43165,1.29505,1.542240,1,0,89.6722,0,0,0,89.6722,0
722.9,2.45383,0,0,4.38214,0.168744,1.75956,18.144,61.308,0,0,0,1.02092,0.247516,0.773403,0.99792,12.849,1,0.043615,1.75956,0,74.9658,4.34679,72.335,0.84672,12.849,0.84672,3695.15,0,3.68392,0,1.69191,1.34596,8.07849,0.923514,10.1928,0.06048,3.68392,0.06048,456.806,0,1.13708,0,0,2.829,1.69191,1.542240,1,0,83.3012,0,0,0,83.3012,0
722.9,2.57133,0,0,3.90149,0.17659,1.15357,18.144,61.308,0,0,0,1.00977,0.235516,0.77425,0.99792,12.849,1,0.0457035,1.15357,0,47.6601,4.32705,44.4409,0.84672,12.849,0.84672,3695.15,0,3.68392,0,1.28774,1.34653,7.10654,0.92377,8.81704,0.06048,3.68392,0.06048,456.806,0,1.19907,0,0,2.48681,1.28774,1.542240,1,0,54.0322,0,0,0,54.0322,0
722.9,2.57243,0,0,4.36715,0.180369,1.61435,18.144,61.308,0,0,0,1.32124,0.211147,1.11009,0.99792,12.849,1,0.045723,1.61435,0,63.0977,4.35327,60.3131,0.84672,12.849,0.84672,3695.15,0,3.68392,0,1.60436,1.41683,8.00643,0.939614,10.088,0.06048,3.68392,0.06048,456.806,0,1.19958,0,0,2.80394,1.60436,1.542240,1,0,71.5112,0,0,0,71.5112,0
722.9,2.57353,0,0,4.18547,0.0853536,1.52659,18.144,61.308,0,0,0,1.21834,0.24494,0.973404,0.99792,12.849,1,0.0457425,1.52659,0,63.4893,4.80669,60.1635,0.84672,12.849,0.84672,3695.15,0,3.68392,0,1.5375,1.41744,7.90214,1.03084,9.82625,0.06048,3.68392,0.06048,456.806,0,1.20009,0,0,2.73759,1.5375,1.542240,1,0,70.9631,0,0,0,70.9631,0
722.9,2.57462,0,0,3.76599,0.0853536,1.10602,18.144,61.308,0,0,0,0.988114,0.24494,0.743174,0.99792,12.849,1,0.045762,1.10602,0,57.0344,4.80669,53.2879,0.84672,12.849,0.84672,3695.15,0,3.68392,0,1.10862,1.41804,6.8593,1.03084,8.35512,0.06048,3.68392,0.06048,456.806,0,1.2006,0,0,2.30922,1.10862,1.542240,1,0,62.3862,0,0,0,62.3862,0
722.9,2.57572,0,0,3.64882,0.0853536,0.987746,18.144,61.308,0,0,0,0.799857,0.24494,0.554917,0.99792,12.849,1,0.0457815,0.987746,0,52.0999,4.80669,48.2352,0.84672,12.849,0.84672,3695.15,0,3.68392,0,0.976112,1.41865,6.63103,1.03084,7.99495,0.06048,3.68392,0.06048,456.806,0,1.20112,0,0,2.17723,0.976112,1.542240,1,0,56.785,0,0,0,56.785,0
722.579,2.55374,0,0,2.67846,0.0825109,0.36288,18.144,61.308,0,0,0,0.781549,0.282968,0.498581,0.99792,12.849,1,0.0453908,0.36288,0,32.9831,5.21052,28.0901,0.84672,12.849,0.84672,3695.15,0,3.68392,0,0.440501,1.41925,3.17765,1.24054,3.79686,0.06048,3.68392,0.06048,456.806,0,1.2355,0,0,1.676,0.440501,1.542240,1,0,32.3855,0,0,0,32.3855,0
722.113,2.55481,0,0,2.53398,0.0825072,0.36288,18.144,61.308,0,0,0,0.741692,0.282968,0.458725,0.99792,12.849,1,0.0454299,0.36288,0,33.0896,5.21052,28.1966,0.84672,12.849,0.84672,3695.15,0,3.68392,0,0.31244,1.44163,3.38224,1.24054,3.89577,0.06048,3.68392,0.06048,456.806,0,1.23603,0,0,1.54847,0.31244,1.542240,1,0,32.5511,0,0,0,32.5511,0
721.42,2.55587,0,0,2.30784,0.082502,0.36288,18.144,61.308,0,0,0,0.730426,0.282968,0.447458,0.99792,12.849,1,0.0454781,0.36288,0,32.3203,5.21052,27.4271,0.84672,12.849,0.84672,3695.15,0,3.68392,0,0.33544,1.44224,3.26252,1.24054,3.79966,0.06048,3.68392,0.06048,456.806,0,1.23656,0,0,1.572,0.33544,1.542240,1,0,31.6743,0,0,0,31.6743,0
720.497,2.55691,0,0,2.07996,0.0824941,0.36288,18.144,61.308,0.117354,0,0,0.680175,0.282968,0.279854,0.99792,12.849,1,0.0455404,0.36288,0,29.9561,5.21052,25.0629,0.84672,12.849,0.84672,3695.15,0,3.68392,0.00705166,0.261274,1.44285,3.10631,1.24054,3.56285,0.06048,3.68392,0.06048,456.806,0,1.11055,0,0,1.37182,0.261274,1.542240,1,0,28.9056,0,0,0,28.9056,0
719.533,2.61764,0,0,2.08607,0.0695559,0.36288,18.144,61.308,0.226046,0,0,0.584822,0.302567,0.0562082,0.99792,12.849,1,0.0466817,0.36288,0,27.8313,5.59071,22.5568,0.84672,12.849,0.84672,3695.15,0,3.68392,0.0135828,0.261274,1.44347,2.69431,1.38361,3.00186,0.06048,3.68392,0.06048,456.806,0,1.02444,0,0,1.28572,0.261274,1.542240,1,0,25.6149,0,0,0,25.6149,0
718.609,2.61869,0,0,2.12541,0.0681788,0.36288,18.144,61.308,0.180605,0,0,0.541204,0.298071,0.0625275,0.99792,12.849,1,0.0467631,0.36288,0,25.6172,5.62884,20.3044,0.84672,12.849,0.84672,3695.15,0,3.68392,0.0108523,0.261274,1.47884,2.48467,1.40076,2.81316,0.06048,3.68392,0.06048,456.806,0,1.07377,0,0,1.33504,0.261274,1.542240,1,0,23.1801,0,0,0,23.1801,0
717.47,2.61975,0,0,1.91178,0.0681701,0.36288,18.144,61.308,0.189277,0,0,0.507642,0.298071,0.0202941,0.99792,12.849,1,0.0468421,0.36288,0,24.1427,5.62884,18.8299,0.84672,12.849,0.84672,3695.15,0,3.68392,0.0113734,0.227405,1.47946,2.53651,1.40076,2.83124,0.06048,3.68392,0.06048,456.806,0,1.06499,0,0,1.2924,0.227405,1.542240,1,0,21.6814,0,0,0,21.6814,0
716.158,2.62079,0,0,1.73981,0.0681595,0.36288,18.144,61.1933,0.303654,0,0,0.487002,0.298071,0,0.99792,12.849,1,0.0469351,0.36288,0,22.6763,5.62884,17.3634,0.84672,12.849,0.84672,3695.15,0,3.68392,0.0182462,0.227405,1.48009,2.35811,1.40076,2.6466,0.06048,3.68392,0.06048,456.806,0,0.9429,0,0,1.17031,0.227405,1.542240,1,0,20.01,0,0,0,20.01,0
714.531,2.79692,0,0,1.58918,0.0564388,0.36288,18.144,60.923,0.444123,0,0,0.481289,0.3074,0,0.99792,12.849,1,0.0501811,0.36288,0,21.5719,5.78247,16.1021,0.84672,12.849,0.84672,3695.15,0,3.68392,0.0267368,0.227405,1.48072,2.41553,1.4396,2.65732,0.06048,3.68392,0.06048,456.806,0,0.901947,0,0,1.12935,0.227405,1.542240,1,0,18.7595,0,0,0,18.7595,0
713.178,2.798,0,0,1.8627,0.0547405,0.36288,18.144,60.4868,0.542201,0,0,0.43381,0.327876,0,0.99792,12.849,1,0.0503148,0.36288,0,21.7637,5.6574,16.4189,0.84672,12.849,0.84672,3695.15,0,3.68392,0.032786,0.227405,1.59924,1.98777,1.46349,2.31813,0.06048,3.68392,0.06048,456.806,0,0.797852,0,0,1.02526,0.227405,1.542240,1,0,18.737,0,0,0,18.737,0
712.006,2.79909,0,0,2.04422,0.0547303,0.36288,18.144,60.407,0.2885,0,0,0.535687,0.326969,0,0.99792,12.849,1,0.05043,0.36288,0,27.9898,5.6574,22.6448,0.84672,12.849,0.84672,3695.15,0,3.68392,0.017571,0.204422,1.59992,2.16841,1.46349,2.49168,0.06048,3.68392,0.06048,456.806,0,1.06936,0,0,1.27378,0.204422,1.542240,1,0,25.1365,0,0,0,25.1365,0
710.43,2.8002,0,0,1.64224,0.0547215,0.36288,18.144,59.8137,0.653964,0,0,0.387458,0.326803,0,0.99792,12.849,1,0.050533,0.36288,0,27.3506,5.6574,22.0056,0.84672,12.849,0.84672,3695.15,0,3.68392,0.039882,0.204422,1.6006,1.74074,1.46349,2.04239,0.06048,3.68392,0.06048,456.806,0,0.679908,0,0,0.88433,0.204422,1.542240,1,0,24.0479,0,0,0,24.0479,0
709.256,2.80128,0,0,2.04523,0.0547096,0.36288,18.144,60.1504,0,0,0,0.662238,0.325571,0,0.99792,12.849,1,0.0506647,0.36288,0,24.9795,5.6574,19.6344,0.84672,12.849,0.84672,3695.15,0,3.68392,0,0.291098,1.60128,2.69155,1.46349,3.12043,0.06048,3.68392,0.06048,456.806,0,1.3817,0,0,1.6728,0.291098,1.542240,1,0,22.7548,0,0,0,22.7548,0
708.34,2.71689,0,0,2.21604,0.0524635,0.36288,18.144,60.125,0.246227,0,0,0.524969,0.30413,0,0.99792,12.849,1,0.0492196,0.36288,0,22.0113,5.09484,17.2301,0.84672,12.849,0.84672,3695.15,0,3.68392,0.0150802,0.204422,1.60196,1.47484,1.29983,1.96631,0.06048,3.68392,0.06048,456.806,0,1.05017,0,0,1.2546,0.204422,1.542240,1,0,19.1964,0,0,0,19.1964,0
707.784,2.71798,0,0,2.63822,0.113395,0.36288,18.144,60.6001,0,0,0,0.751409,0.276302,0,0.99792,12.849,1,0.049303,0.36288,0,21.1491,4.35666,17.106,0.84672,12.849,0.84672,3695.15,0,3.68392,0,0.366542,1.53494,1.81062,1.13952,2.57258,0.06048,3.68392,0.06048,456.806,0,1.31634,0,0,1.68288,0.366542,1.542240,1,0,19.6786,0,0,0,19.6786,0
707.061,2.7191,0,0,2.4749,0.116463,0.36288,18.144,61.0853,0,0,0,0.763396,0.278139,0,0.99792,12.849,1,0.0493621,0.36288,0,26.0312,4.37293,21.9718,0.84672,12.849,0.84672,3695.15,0,3.68392,0,0.315905,1.53559,1.83196,1.14884,2.53462,0.06048,3.68392,0.06048,456.806,0,1.3169,0,0,1.6328,0.315905,1.542240,1,0,24.5064,0,0,0,24.5064,0
706.64,2.7202,0,0,2.77854,0.116452,0.36288,18.144,61.308,0,0,0,0.950737,0.278996,0.449069,0.99792,12.849,1,0.0494327,0.36288,0,41.8795,4.37293,37.82,0.84672,12.849,0.84672,3695.15,0,3.68392,0,0.632451,1.53625,2.33223,1.14884,3.35209,0.06048,3.68392,0.06048,456.806,0,1.31746,0,0,1.94991,0.632451,1.542240,1,0,41.6211,0,0,0,41.6211,0
705.852,2.65103,0,0,2.38253,0.156355,0.36288,18.144,61.308,0,0,0,1.05387,0.246099,0.807773,0.99792,12.849,1,0.0482043,0.36288,0,80.3862,4.65634,76.0445,0.84672,12.849,0.84672,3695.15,0,3.68392,0,0.663417,1.5369,2.61448,1.15746,3.65733,0.06048,3.68392,0.06048,456.806,0,1.25738,0,0,1.92079,0.663417,1.542240,1,0,80.5097,0,0,0,80.5097,0
703.866,2.6521,0,0,1.239,0.209545,0.36288,18.144,61.308,0,0,0,0.80911,0.201712,0.607398,0.99792,12.849,1,0.0482777,0.36288,0,41.5187,5.03423,36.7991,0.84672,12.849,0.84672,3695.15,0,3.68392,0,0.325603,1.47729,1.51533,1.16897,2.14925,0.06048,3.68392,0.06048,456.806,0,1.25791,0,0,1.58351,0.325603,1.542240,1,0,39.5558,0,0,0,39.5558,0
704.332,2.6531,0,0,3.6702,0.188393,0.36288,18.144,61.308,0,0,0,1.32652,0.19377,1.13275,0.99792,12.849,1,0.048432,0.36288,0,54.2914,4.84223,49.7637,0.84672,12.849,0.84672,3695.15,0,3.68392,0,1.20624,1.47791,3.52655,1.2119,4.99881,0.06048,3.68392,0.06048,456.806,0,1.25844,0,0,2.46469,1.20624,1.542240,1,0,55.8952,0,0,0,55.8952,0
706.983,2.65425,0,0,5.87844,0.210297,0.36288,18.144,61.308,0,0,0,1.93166,0.147877,1.78378,0.99792,12.849,1,0.0484211,0.36288,0,118.81,3.85681,115.268,0.84672,12.849,0.84672,3695.15,0,3.68392,0,2.12889,1.47854,6.85364,1.02874,9.43232,0.06048,3.68392,0.06048,456.806,0,1.25898,0,0,3.38787,2.12889,1.542240,1,0,126.484,0,0,0,126.484,0
707.492,2.45556,0,0,3.55111,0.223358,0.36288,18.144,61.308,0,0,0,1.30095,0.148994,1.15196,0.99792,12.849,1,0.0446284,0.36288,0,74.1191,3.77523,70.6621,0.84672,12.849,0.84672,3695.15,0,3.68392,0,1.11471,1.47917,3.7039,0.976251,5.32153,0.06048,3.68392,0.06048,456.806,0,1.133,0,0,2.24771,1.11471,1.542240,1,0,77.1356,0,0,0,77.1356,0
709.966,2.45664,0,0,5.55671,0.263555,0.36288,18.144,61.308,0,0,0,1.59382,0.195627,1.39819,0.99792,12.849,1,0.0446158,0.36288,0,75.7633,4.12713,71.9544,0.84672,12.849,0.84672,3695.15,0,3.68392,0,1.53131,1.34389,7.72142,0.876645,9.71998,0.06048,3.68392,0.06048,456.806,0,1.13348,0,0,2.66479,1.53131,1.542240,1,0,83.0726,0,0,0,83.0726,0
709.941,2.45783,0,0,3.05936,0.263645,0.36288,18.144,61.308,0,0,0,1.23905,0.195627,1.04342,0.99792,12.849,1,0.044482,0.36288,0,66.6951,4.12713,62.8864,0.84672,12.849,0.84672,3695.15,0,3.68392,0,0.976989,1.34446,4.32553,0.876645,5.77034,0.06048,3.68392,0.06048,456.806,0,1.13396,0,0,2.11095,0.976989,1.542240,1,0,69.7001,0,0,0,69.7001,0
710.035,2.45888,0,0,3.17925,0.263644,0.36288,18.144,61.308,0,0,0,1.12263,0.195627,0.927002,0.99792,12.849,1,0.0445024,0.36288,0,68.2033,4.12713,64.3945,0.84672,12.849,0.84672,3695.15,0,3.68392,0,0.863229,1.34503,4.58758,0.876645,5.9192,0.06048,3.68392,0.06048,456.806,0,1.13444,0,0,1.99767,0.863229,1.542240,1,0,71.2407,0,0,0,71.2407,0
709.636,2.45992,0,0,2.68259,0.258641,0.36288,18.144,61.308,0,0,0,1.15348,0.234386,0.919098,0.99792,12.849,1,0.0445155,0.36288,0,75.4471,5.07415,70.6913,0.84672,12.849,0.84672,3695.15,0,3.68392,0,0.622012,1.3456,4.83778,1.3069,5.49849,0.06048,3.68392,0.06048,456.806,0,1.13492,0,0,1.75694,0.622012,1.542240,1,0,77.1089,0,0,0,77.1089,0
710.25,2.53801,0,0,3.77705,0.262232,0.36288,18.144,61.308,0,0,0,1.14101,0.229226,0.911781,0.99792,12.849,1,0.0459544,0.36288,0,105.954,3.86402,102.407,0.84672,12.849,0.84672,3695.15,0,3.68392,0,0.921574,1.34617,4.49862,0.987422,5.77895,0.06048,3.68392,0.06048,456.806,0,1.17211,0,0,2.09368,0.921574,1.542240,1,0,109.098,0,0,0,109.098,0
713.893,2.53909,0,0,6.80931,0.264497,0.36288,18.144,61.308,0,0,0,1.21225,0.220961,0.991291,0.99792,12.849,1,0.0459342,0.36288,0,164.148,3.22843,161.236,0.84672,12.849,0.84672,3695.15,0,3.68392,0,1.46379,1.3898,5.7897,0.790788,7.8525,0.06048,3.68392,0.06048,456.806,0,1.17259,0,0,2.63637,1.46379,1.542240,1,0,170.08,0,0,0,170.08,0
715.913,2.54036,0,0,5.18828,0.26463,0.36288,18.144,61.308,0,0,0,1.10265,0.220961,0.881693,0.99792,12.849,1,0.0457227,0.36288,0,102.921,3.22843,100.009,0.84672,12.849,0.84672,3695.15,0,3.68392,0,0.86815,1.39037,4.00378,0.790788,5.47152,0.06048,3.68392,0.06048,456.806,0,1.17307,0,0,2.04122,0.86815,1.542240,1,0,106.362,0,0,0,106.362,0
717.479,2.54153,0,0,4.73499,0.264703,0.36288,18.144,61.308,0,0,0,1.21531,0.220961,0.99435,0.99792,12.849,1,0.0456147,0.36288,0,75.8851,3.22843,72.9739,0.84672,12.849,0.84672,3695.15,0,3.68392,0,1.20197,1.39094,4.36584,0.790788,6.16796,0.06048,3.68392,0.06048,456.806,0,1.17355,0,0,2.37552,1.20197,1.542240,1,0,80.1363,0,0,0,80.1363,0
722.9,2.79068,0,0,9.76114,0.292247,1.25735,18.144,61.308,0,0,0,2.02549,0.209423,1.81607,0.99792,12.849,1,0.0499769,1.25735,0,200.145,3.48492,197.867,0.84672,12.849,0.84672,3695.15,0,3.68392,0,2.5225,1.39151,10.2688,0.882417,13.3004,0.06048,3.68392,0.06048,456.806,0,1.31207,0,0,3.83457,2.5225,1.542240,1,0,212.984,0,0,0,212.984,0
722.9,2.79219,0,0,11.4788,0.31972,8.36685,18.144,61.308,0,0,0,3.05133,0.197845,2.85348,0.99792,12.849,1,0.0496291,8.36685,0,267.909,3.98559,272.241,0.84672,12.849,0.84672,3695.15,0,3.68392,0,3.23971,1.54604,13.2034,1.02624,16.9629,0.06048,3.68392,0.06048,456.806,0,1.31261,0,0,4.55232,3.23971,1.542240,1,0,292.057,0,0,0,292.057,0
722.9,2.79333,0,0,8.29526,0.31972,5.18221,18.144,61.308,0,0,0,2.3103,0.197845,2.11246,0.99792,12.849,1,0.0496494,5.18221,0,172.047,3.98559,173.194,0.84672,12.849,0.84672,3695.15,0,3.68392,0,2.20597,1.54668,9.56759,1.02624,12.294,0.06048,3.68392,0.06048,456.806,0,1.31315,0,0,3.51912,2.20597,1.542240,1,0,187.601,0,0,0,187.601,0
722.9,2.79448,0,0,7.27281,0.322743,4.15559,18.144,61.308,0,0,0,2.29807,0.180335,2.11773,0.99792,12.849,1,0.0496697,4.15559,0,146.913,3.68313,147.336,0.84672,12.849,0.84672,3695.15,0,3.68392,0,2.70144,1.54731,9.30001,0.939517,12.6092,0.06048,3.68392,0.06048,456.806,0,1.31368,0,0,4.01512,2.70144,1.542240,1,0,162.063,0,0,0,162.063,0
722.9,2.44126,0,0,7.25492,0.310872,4.50279,18.144,61.308,0,0,0,3.08821,0.179217,2.909,0.99792,12.849,1,0.0433915,4.50279,0,208.942,3.83465,209.567,0.84672,12.849,0.84672,3695.15,0,3.68392,0,3.40821,1.54794,11.4446,0.931172,15.4696,0.06048,3.68392,0.06048,456.806,0,1.12866,0,0,4.53687,3.40821,1.542240,1,0,227.945,0,0,0,227.945,0
722.9,2.44226,0,0,7.90456,0.34407,5.11823,18.144,61.308,0,0,0,2.8319,0.163427,2.66847,0.99792,12.849,1,0.0434093,5.11823,0,314.602,4.41493,315.262,0.84672,12.849,0.84672,3695.15,0,3.68392,0,3.10287,1.33763,13.0608,1.09547,16.4059,0.06048,3.68392,0.06048,456.806,0,1.12913,0,0,4.232,3.10287,1.542240,1,0,334.336,0,0,0,334.336,0
722.9,2.44326,0,0,11.2582,0.34407,8.47085,18.144,61.308,0,0,0,3.90306,0.163427,3.73963,0.99792,12.849,1,0.0434271,8.47085,0,266.926,4.41493,270.938,0.84672,12.849,0.84672,3695.15,0,3.68392,0,6.21271,1.33818,17.6525,1.09547,24.1079,0.06048,3.68392,0.06048,456.806,0,1.12959,0,0,7.3423,6.21271,1.542240,1,0,298.786,0,0,0,298.786,0
722.9,2.44426,0,0,14.9148,0.344336,12.1262,18.144,61.308,0,0,0,6.15839,0.152073,6.00632,0.99792,12.849,1,0.0434449,12.1262,0,289.842,4.36284,297.562,0.84672,12.849,0.84672,3695.15,0,3.68392,0,6.90126,1.33873,22.7617,1.0767,29.925,0.06048,3.68392,0.06048,456.806,0,1.13005,0,0,8.03131,6.90126,1.542240,1,0,333.493,0,0,0,333.493,0
722.9,2.44526,0,0,9.33863,0.345933,6.54744,18.144,61.308,0,0,0,2.13265,0.0839444,2.04871,0.99792,12.849,1,0.0434626,6.54744,0,232.557,4.05027,235.011,0.84672,12.849,0.84672,3695.15,0,3.68392,0,2.98804,1.33927,12.7665,0.964052,16.1297,0.06048,3.68392,0.06048,456.806,0,1.13051,0,0,4.11855,2.98804,1.542240,1,0,253.189,0,0,0,253.189,0
722.9,2.53564,0,0,7.98872,0.316249,5.13683,18.144,61.308,0,0,0,6.20747,0.157525,6.04994,0.99792,12.849,1,0.0450691,5.13683,0,233.376,4.38631,234.081,0.84672,12.849,0.84672,3695.15,0,3.68392,0,5.33258,1.33982,13.4668,1.17129,18.9679,0.06048,3.68392,0.06048,456.806,0,1.17646,0,0,6.50905,5.33258,1.542240,1,0,259.099,0,0,0,259.099,0
722.9,2.53668,0,0,6.72253,0.311759,3.8741,18.144,61.308,0,0,0,4.30392,0.17881,4.12511,0.99792,12.849,1,0.0450875,3.8741,0,159.541,4.43405,158.936,0.84672,12.849,0.84672,3695.15,0,3.68392,0,3.91385,1.39256,10.206,1.19633,14.3161,0.06048,3.68392,0.06048,456.806,0,1.17695,0,0,5.09079,3.91385,1.542240,1,0,177.377,0,0,0,177.377,0
722.9,2.53772,0,0,4.41401,0.311759,1.56454,18.144,61.308,0,0,0,3.22435,0.17881,3.04554,0.99792,12.849,1,0.045106,1.56454,0,102.606,4.43405,99.6914,0.84672,12.849,0.84672,3695.15,0,3.68392,0,2.82307,1.39313,7.75682,1.19633,10.7767,0.06048,3.68392,0.06048,456.806,0,1.17743,0,0,4.00049,2.82307,1.542240,1,0,113.514,0,0,0,113.514,0
722.9,2.53875,0,0,3.80604,0.311759,0.955528,18.144,61.308,0,0,0,2.96022,0.17881,2.78141,0.99792,12.849,1,0.0451244,0.955528,0,87.8723,4.43405,84.3486,0.84672,12.849,0.84672,3695.15,0,3.68392,0,2.84292,1.3937,7.01171,1.19633,10.052,0.06048,3.68392,0.06048,456.806,0,1.17791,0,0,4.02083,2.84292,1.542240,1,0,97.182,0,0,0,97.182,0
722.9,2.50479,0,0,3.98122,0.285316,1.19111,18.144,61.308,0,0,0,2.35027,0.181273,2.169,0.99792,12.849,1,0.0445207,1.19111,0,107.227,4.14418,104.229,0.84672,12.849,0.84672,3695.15,0,3.68392,0,2.79041,1.39427,6.764,1.13954,9.80914,0.06048,3.68392,0.06048,456.806,0,1.16069,0,0,3.95111,2.79041,1.542240,1,0,116.207,0,0,0,116.207,0
722.9,2.50581,0,0,4.15854,0.265484,1.38725,18.144,61.308,0,0,0,1.9462,0.183121,1.76308,0.99792,12.849,1,0.0445389,1.38725,0,117.348,3.92679,114.764,0.84672,12.849,0.84672,3695.15,0,3.68392,0,2.46211,1.37449,6.35472,1.09694,9.09438,0.06048,3.68392,0.06048,456.806,0,1.16117,0,0,3.62328,2.46211,1.542240,1,0,125.622,0,0,0,125.622,0
722.9,2.50684,0,0,3.81915,0.265484,1.04683,18.144,61.308,0,0,0,1.81649,0.183121,1.63337,0.99792,12.849,1,0.0445571,1.04683,0,107.642,3.92679,104.718,0.84672,12.849,0.84672,3695.15,0,3.68392,0,2.37346,1.37505,5.37862,1.09694,8.03019,0.06048,3.68392,0.06048,456.806,0,1.16164,0,0,3.5351,2.37346,1.542240,1,0,114.381,0,0,0,114.381,0
722.9,2.50786,0,0,3.53402,0.227936,0.798222,18.144,61.308,0,0,0,1.71611,0.214684,1.50143,0.99792,12.849,1,0.0445753,0.798222,0,94.6529,4.19651,91.2101,0.84672,12.849,0.84672,3695.15,0,3.68392,0,2.25958,1.37562,5.39044,1.08824,7.93739,0.06048,3.68392,0.06048,456.806,0,1.16212,0,0,3.4217,2.25958,1.542240,1,0,100.649,0,0,0,100.649,0
722.9,2.6279,0,0,3.4723,0.192313,0.652082,18.144,61.308,0,0,0,1.63629,0.24226,1.39403,0.99792,12.849,1,0.0467089,0.652082,0,84.6651,4.42226,80.8482,0.84672,12.849,0.84672,3695.15,0,3.68392,0,1.92603,1.37618,5.72638,1.14819,7.8804,0.06048,3.68392,0.06048,456.806,0,1.22545,0,0,3.15147,1.92603,1.542240,1,0,90.1226,0,0,0,90.1226,0
722.77,2.62897,0,0,3.03918,0.1774,0.36288,18.144,61.308,0,0,0,1.20817,0.247661,0.960505,0.99792,12.849,1,0.046728,0.36288,0,73.7536,4.50933,69.5605,0.84672,12.849,0.84672,3695.15,0,3.68392,0,1.27543,1.448,4.28149,1.13601,5.86892,0.06048,3.68392,0.06048,456.806,0,1.22595,0,0,2.50138,1.27543,1.542240,1,0,76.3899,0,0,0,76.3899,0
722.455,2.63004,0,0,2.85523,0.177396,0.36288,18.144,61.308,0,0,0,1.19689,0.247661,0.94923,0.99792,12.849,1,0.0467554,0.36288,0,64.7181,4.50933,60.5249,0.84672,12.849,0.84672,3695.15,0,3.68392,0,1.47745,1.4486,3.89879,1.13601,5.68882,0.06048,3.68392,0.06048,456.806,0,1.22645,0,0,2.7039,1.47745,1.542240,1,0,67.1629,0,0,0,67.1629,0
722.026,2.63109,0,0,2.74214,0.177389,0.36288,18.144,61.308,0,0,0,1.16144,0.247661,0.91378,0.99792,12.849,1,0.0467945,0.36288,0,58.2219,4.50933,54.0287,0.84672,12.849,0.84672,3695.15,0,3.68392,0,1.46413,1.44919,3.63573,1.13601,5.41304,0.06048,3.68392,0.06048,456.806,0,1.22695,0,0,2.69108,1.46413,1.542240,1,0,60.3555,0,0,0,60.3555,0
721.462,2.63214,0,0,2.58791,0.156222,0.36288,18.144,61.308,0,0,0,1.05963,0.277134,0.782493,0.99792,12.849,1,0.046841,0.36288,0,55.6055,4.54098,51.3805,0.84672,12.849,0.84672,3695.15,0,3.68392,0,1.35439,1.44978,3.51242,1.23365,5.08294,0.06048,3.68392,0.06048,456.806,0,1.22745,0,0,2.58184,1.35439,1.542240,1,0,57.246,0,0,0,57.246,0
721.474,2.6096,0,0,3.10286,0.119064,0.36288,18.144,61.308,0,0,0,0.829068,0.281651,0.547417,0.99792,12.849,1,0.046476,0.36288,0,57.7456,5.36445,52.6976,0.84672,12.849,0.84672,3695.15,0,3.68392,0,0.32604,1.45037,5.39933,1.2762,5.89955,0.06048,3.68392,0.06048,456.806,0,1.26257,0,0,1.58861,0.32604,1.542240,1,0,59.1445,0,0,0,59.1445,0
721.304,2.61066,0,0,2.91828,0.114284,0.36288,18.144,61.308,0.134718,0,0,0.770602,0.280439,0.355444,0.99792,12.849,1,0.0464943,0.36288,0,53.2777,5.49958,48.0945,0.84672,12.849,0.84672,3695.15,0,3.68392,0.00809504,0.261274,1.47321,5.6374,1.27678,6.08701,0.06048,3.68392,0.06048,456.806,0,1.11782,0,0,1.37909,0.261274,1.542240,1,0,54.5369,0,0,0,54.5369,0
721.031,2.61172,0,0,2.81616,0.114281,0.36288,18.144,61.308,0.286833,0,0,0.717569,0.280439,0.150297,0.99792,12.849,1,0.046524,0.36288,0,48.7413,5.49958,43.558,0.84672,12.849,0.84672,3695.15,0,3.68392,0.0172354,0.261274,1.47381,5.45973,1.27678,5.9008,0.06048,3.68392,0.06048,456.806,0,0.955066,0,0,1.21634,0.261274,1.542240,1,0,49.6091,0,0,0,49.6091,0
720.656,2.61277,0,0,2.70986,0.109086,0.36288,18.144,61.308,0.348033,0,0,0.686396,0.284882,0.0534811,0.99792,12.849,1,0.0465603,0.36288,0,43.6665,5.53755,38.4452,0.84672,12.849,0.84672,3695.15,0,3.68392,0.0209129,0.261274,1.47441,5.43223,1.29927,5.84773,0.06048,3.68392,0.06048,456.806,0,0.890119,0,0,1.15139,0.261274,1.542240,1,0,44.3465,0,0,0,44.3465,0
720.037,2.67481,0,0,2.50055,0.0823415,0.36288,18.144,61.1688,0.480228,0,0,0.656062,0.315044,0,0.99792,12.849,1,0.0476907,0.36288,0,37.7301,5.76052,32.2848,0.84672,12.849,0.84672,3695.15,0,3.68392,0.0288563,0.261274,1.47502,4.94655,1.43559,5.21839,0.06048,3.68392,0.06048,456.806,0,0.780339,0,0,1.04161,0.261274,1.542240,1,0,37.5032,0,0,0,37.5032,0
719.242,2.67586,0,0,2.33183,0.0882082,0.36288,18.144,60.9872,0.45155,0,0,0.589393,0.319439,0,0.99792,12.849,1,0.0477505,0.36288,0,45.4341,5.7541,39.9952,0.84672,12.849,0.84672,3695.15,0,3.68392,0.0271948,0.261274,1.51113,4.94127,1.43744,5.24904,0.06048,3.68392,0.06048,456.806,0,0.811331,0,0,1.0726,0.261274,1.542240,1,0,45.2442,0,0,0,45.2442,0
718.236,2.6769,0,0,2.12249,0.0881986,0.36288,18.144,60.7558,0.398485,0,0,0.486131,0.319072,0,0.99792,12.849,1,0.0478218,0.36288,0,36.5952,5.7541,31.1561,0.84672,12.849,0.84672,3695.15,0,3.68392,0.0240704,0.227405,1.51174,4.59156,1.43744,4.8692,0.06048,3.68392,0.06048,456.806,0,0.868363,0,0,1.09577,0.227405,1.542240,1,0,36.0253,0,0,0,36.0253,0
717.038,2.67793,0,0,1.93042,0.0881864,0.36288,18.144,60.3307,0.559225,0,0,0.45273,0.318604,0,0.99792,12.849,1,0.0479072,0.36288,0,34.1149,5.7541,28.6757,0.84672,12.849,0.84672,3695.15,0,3.68392,0.0339085,0.227405,1.51236,4.09198,1.43744,4.3604,0.06048,3.68392,0.06048,456.806,0,0.697568,0,0,0.924972,0.227405,1.542240,1,0,33.0361,0,0,0,33.0361,0
715.839,2.85785,0,0,2.10219,0.0807122,0.36288,18.144,60.1115,0.437587,0,0,0.534385,0.315956,0,0.99792,12.849,1,0.0512115,0.36288,0,34.2763,5.86224,28.7257,0.84672,12.849,0.84672,3695.15,0,3.68392,0.02672,0.227405,1.51298,5.78566,1.46335,6.03598,0.06048,3.68392,0.06048,456.806,0,0.938261,0,0,1.16567,0.227405,1.542240,1,0,34.7617,0,0,0,34.7617,0
713.742,2.85893,0,0,1.22411,0.0989704,0.36288,18.144,58.9944,1.13272,0,0,0.355158,0.339547,0,0.99792,12.849,1,0.0513167,0.36288,0,24.1771,5.81213,18.6766,0.84672,12.849,0.84672,3695.15,0,3.68392,0.06048,0.227405,1.63404,3.18901,1.43947,3.5505,0.06048,3.68392,0.06048,456.806,0,0.216744,0,0,0.444149,0.227405,1.542240,1,0,22.2271,0,0,0,22.2271,0
711.557,2.85995,0,0,1.14426,0.10636,0.36288,18.144,58.0552,0.968322,0,0,0.346369,0.31725,0,0.99792,12.849,1,0.0514857,0.36288,0,22.1931,5.94594,16.5585,0.84672,12.849,0.84672,3695.15,0,3.68392,0.0604671,0.204422,1.63471,3.70248,1.49411,3.98703,0.06048,3.68392,0.06048,456.806,0,0.375568,0,0,0.57999,0.204422,1.542240,1,0,20.5455,0,0,0,20.5455,0
709.301,2.86096,0,0,1.07449,0.106329,0.36288,18.144,57.2318,0.846026,0,0,0.337993,0.315339,0,0.99792,12.849,1,0.0516621,0.36288,0,22.6532,5.94594,17.0185,0.84672,12.849,0.84672,3695.15,0,3.68392,0.053685,0.204422,1.63537,3.41296,1.49411,3.70495,0.06048,3.68392,0.06048,456.806,0,0.50404,0,0,0.708463,0.204422,1.542240,1,0,20.7234,0,0,0,20.7234,0
707.01,2.86197,0,0,1.03987,0.106296,0.36288,18.144,56.397,0.856064,0,0,0.334916,0.313663,0,0.99792,12.849,1,0.0518445,0.36288,0,21.1773,5.94594,15.5424,0.84672,12.849,0.84672,3695.15,0,3.68392,0.0551035,0.204422,1.63604,3.39968,1.49411,3.69092,0.06048,3.68392,0.06048,456.806,0,0.493128,0,0,0.69755,0.204422,1.542240,1,0,19.2333,0,0,0,19.2333,0
705.117,2.77561,0,0,1.40276,0.156974,0.36288,18.144,55.6677,0.825725,0,0,0.390614,0.294248,0,0.99792,12.849,1,0.0504432,0.36288,0,31.1903,5.51431,25.9884,0.84672,12.849,0.84672,3695.15,0,3.68392,0.0539374,0.204422,1.63671,4.17798,1.36069,4.60449,0.06048,3.68392,0.06048,456.806,0,0.45793,0,0,0.662353,0.204422,1.542240,1,0,30.5929,0,0,0,30.5929,0
703.289,2.77661,0,0,1.48822,0.177212,0.36288,18.144,55.5527,0.455925,0,0,0.62679,0.285796,0,0.99792,12.849,1,0.0505968,0.36288,0,31.225,5.34167,26.1956,0.84672,12.849,0.84672,3695.15,0,3.68392,0.0301718,0.216518,1.56821,5.16089,1.30732,5.60812,0.06048,3.68392,0.06048,456.806,0,0.851772,0,0,1.06829,0.216518,1.542240,1,0,31.8037,0,0,0,31.8037,0
701.275,2.77761,0,0,1.30399,0.177168,0.36288,18.144,54.9216,0.732919,0,0,0.387421,0.28558,0,0.99792,12.849,1,0.0507467,0.36288,0,31.7031,5.34167,26.6736,0.84672,12.849,0.84672,3695.15,0,3.68392,0.0486028,0.216518,1.56885,4.06858,1.30732,4.49803,0.06048,3.68392,0.06048,456.806,0,0.556528,0,0,0.773047,0.216518,1.542240,1,0,31.1716,0,0,0,31.1716,0
699.017,2.7786,0,0,1.06075,0.177119,0.36288,18.144,54.0634,0.89269,0,0,0.318877,0.284398,0,0.99792,12.849,1,0.0509105,0.36288,0,29.1126,5.34167,24.0829,0.84672,12.849,0.84672,3695.15,0,3.68392,0.059878,0.216518,1.56949,3.67616,1.30732,4.09496,0.06048,3.68392,0.06048,456.806,0,0.387082,0,0,0.6036,0.216518,1.542240,1,0,28.1778,0,0,0,28.1778,0
697.073,2.70777,0,0,1.3555,0.22908,0.36288,18.144,53.5864,0.675557,0,0,0.445241,0.246742,0,0.99792,12.849,1,0.0497729,0.36288,0,28.4986,4.61773,24.194,0.84672,12.849,0.84672,3695.15,0,3.68392,0.0460329,0.216518,1.57012,3.67891,1.10882,4.3107,0.06048,3.68392,0.06048,456.806,0,0.556,0,0,0.772518,0.216518,1.542240,1,0,28.5047,0,0,0,28.5047,0
694.78,2.70873,0,0,1.00101,0.22212,0.36288,18.144,53.172,0.643443,0,0,0.486063,0.256993,0,0.99792,12.849,1,0.0499295,0.36288,0,15.5337,4.26132,11.5853,0.84672,12.849,0.84672,3695.15,0,3.68392,0.044235,0.216518,1.5092,2.85536,1.06686,3.46997,0.06048,3.68392,0.06048,456.806,0,0.590293,0,0,0.806812,0.216518,1.542240,1,0,15.0553,0,0,0,15.0553,0
692.927,2.70967,0,0,1.44145,0.22205,0.36288,18.144,53.4346,0.269915,0,0,0.788625,0.256145,0,0.99792,12.849,1,0.0501117,0.36288,0,27.97,4.26132,24.0215,0.84672,12.849,0.84672,3695.15,0,3.68392,0.0187005,0.292723,1.50981,4.50546,1.06686,5.22243,0.06048,3.68392,0.06048,456.806,0,0.991932,0,0,1.28466,0.292723,1.542240,1,0,29.2439,0,0,0,29.2439,0
692.486,2.71065,0,0,2.91146,0.278841,0.36288,18.144,54.4664,0.0638508,0,0,1.33625,0.240578,0,0.99792,12.849,1,0.0502637,0.36288,0,36.3754,3.76089,32.9272,0.84672,12.849,0.84672,3695.15,0,3.68392,0.00440204,0.292723,1.51043,7.30488,0.994183,8.10944,0.06048,3.68392,0.06048,456.806,0,1.2164,0,0,1.50912,0.292723,1.542240,1,0,41.0366,0,0,0,41.0366,0
692.354,2.50749,0,0,3.01679,0.278824,0.36288,18.144,55.2739,0,0,0,1.04987,0.242356,0,0.99792,12.849,1,0.0465262,0.36288,0,36.5007,3.76089,33.0562,0.84672,12.849,0.84672,3695.15,0,3.68392,0,0.452076,1.51104,4.64051,0.994183,5.60944,0.06048,3.68392,0.06048,456.806,0,1.15739,0,0,1.60947,0.452076,1.542240,1,0,38.6656,0,0,0,38.6656,0
694.601,2.5085,0,0,5.41968,0.300967,0.36288,18.144,56.4453,0,0,0,1.36644,0.195099,0,0.99792,12.849,1,0.0465539,0.36288,0,59.7251,4.68646,55.355,0.84672,12.849,0.84672,3695.15,0,3.68392,0,0.765825,1.37282,12.3864,1.20921,13.3159,0.06048,3.68392,0.06048,456.806,0,1.15786,0,0,1.92369,0.765825,1.542240,1,0,68.6709,0,0,0,68.6709,0
695.806,2.50967,0,0,4.3784,0.30106,0.36288,18.144,56.7603,0.06895,0,0,0.580586,0.196601,0,0.99792,12.849,1,0.0464249,0.36288,0,50.2625,4.68646,45.8925,0.84672,12.849,0.84672,3695.15,0,3.68392,0.00450005,0.412474,1.37338,6.7686,1.20921,7.34075,0.06048,3.68392,0.06048,456.806,0,1.08356,0,0,1.49603,0.412474,1.542240,1,0,53.2332,0,0,0,53.2332,0
697.054,2.51077,0,0,4.42145,0.29934,0.36288,18.144,56.2333,0.665178,0,0,0.341985,0.203821,0,0.99792,12.849,1,0.0463648,0.36288,0,47.9394,4.71235,43.5435,0.84672,12.849,0.84672,3695.15,0,3.68392,0.0431721,0.412474,1.37394,7.26702,1.22919,7.78107,0.06048,3.68392,0.06048,456.806,0,0.445236,0,0,0.85771,0.412474,1.542240,1,0,51.3246,0,0,0,51.3246,0
697.735,2.51187,0,0,3.84364,0.288771,0.36288,18.144,55.6257,0.742367,0,0,0.378692,0.243873,0,0.99792,12.849,1,0.0463021,0.36288,0,51.1748,4.8677,46.6237,0.84672,12.849,0.84672,3695.15,0,3.68392,0.0486335,0.412474,1.3745,4.16651,1.34905,4.5558,0.06048,3.68392,0.06048,456.806,0,0.363477,0,0,0.775951,0.412474,1.542240,1,0,51.1795,0,0,0,51.1795,0
697.742,2.59164,0,0,3.23409,0.27179,0.36288,18.144,55.5261,0.609429,0,0,0.72545,0.215601,0,0.99792,12.849,1,0.0477258,0.36288,0,51.2852,4.19293,47.4074,0.84672,12.849,0.84672,3695.15,0,3.68392,0.0403606,0.412474,1.37506,7.91376,1.05391,8.60703,0.06048,3.68392,0.06048,456.806,0,0.541512,0,0,0.953986,0.412474,1.542240,1,0,56.0145,0,0,0,56.0145,0
697.223,2.59266,0,0,2.69476,0.259034,0.36288,18.144,55.4623,0.671067,0,0,0.802228,0.194994,0,0.99792,12.849,1,0.047744,0.36288,0,31.9715,3.68686,28.5997,0.84672,12.849,0.84672,3695.15,0,3.68392,0.0445224,0.503194,1.4196,4.2649,0.832548,5.31063,0.06048,3.68392,0.06048,456.806,0,0.476358,0,0,0.979551,0.503194,1.542240,1,0,33.9104,0,0,0,33.9104,0
698.371,2.59364,0,0,4.36443,0.259015,0.36288,18.144,55.6196,0.567214,0,0,0.919382,0.194913,0,0.99792,12.849,1,0.0477977,0.36288,0,50.1225,3.68686,46.7508,0.84672,12.849,0.84672,3695.15,0,3.68392,0.0376755,0.503194,1.42016,6.94692,0.832548,8.00005,0.06048,3.68392,0.06048,456.806,0,0.587278,0,0,1.09047,0.503194,1.542240,1,0,54.7508,0,0,0,54.7508,0
701.359,2.59473,0,0,6.27502,0.329664,0.36288,18.144,55.6818,0.615995,0,0,0.880096,0.201907,0,0.99792,12.849,1,0.0477392,0.36288,0,77.0092,4.09114,73.2332,0.84672,12.849,0.84672,3695.15,0,3.68392,0.0408,0.503194,1.42071,7.10636,1.05875,7.93071,0.06048,3.68392,0.06048,456.806,0,0.535913,0,0,1.03911,0.503194,1.542240,1,0,81.1639,0,0,0,81.1639,0
701.285,2.84915,0,0,3.47799,0.340371,0.36288,18.144,55.5058,0.79097,0,0,0.813185,0.198164,0,0.99792,12.849,1,0.0521969,0.36288,0,49.2873,4.13251,45.4655,0.84672,12.849,0.84672,3695.15,0,3.68392,0.0523308,0.503194,1.42127,5.09675,1.08844,5.88044,0.06048,3.68392,0.06048,456.806,0,0.489845,0,0,0.993038,0.503194,1.542240,1,0,51.3459,0,0,0,51.3459,0
700.027,2.85027,0,0,2.28825,0.333158,0.36288,18.144,55.5144,0.547307,0,0,0.724157,0.168221,0,0.99792,12.849,1,0.0522228,0.36288,0,32.7932,3.97646,29.1274,0.84672,12.849,0.84672,3695.15,0,3.68392,0.0363248,0.503194,1.57908,5.47224,1.0404,6.47779,0.06048,3.68392,0.06048,456.806,0,0.749606,0,0,1.2528,0.503194,1.542240,1,0,35.6052,0,0,0,35.6052,0
699.454,2.85129,0,0,2.97503,0.3331,0.36288,18.144,55.6767,0.504743,0,0,0.835272,0.168231,0,0.99792,12.849,1,0.0523355,0.36288,0,44.4865,3.97646,40.8206,0.84672,12.849,0.84672,3695.15,0,3.68392,0.0334946,0.608429,1.5797,6.53295,1.0404,7.64719,0.06048,3.68392,0.06048,456.806,0,0.795684,0,0,1.40411,0.608429,1.542240,1,0,48.4678,0,0,0,48.4678,0
699.113,2.85237,0,0,3.20045,0.327064,0.36288,18.144,55.7695,0.619662,0,0,0.882835,0.170396,0,0.99792,12.849,1,0.0523981,0.36288,0,48.1157,3.96396,44.4622,0.84672,12.849,0.84672,3695.15,0,3.68392,0.0410007,0.608429,1.58032,6.0897,1.03203,7.20541,0.06048,3.68392,0.06048,456.806,0,0.673523,0,0,1.28195,0.608429,1.542240,1,0,51.6677,0,0,0,51.6677,0
699.146,2.49176,0,0,3.19602,0.308345,0.36288,18.144,55.8623,0.574349,0,0,0.830494,0.16332,0,0.99792,12.849,1,0.0457962,0.36288,0,46.3507,3.9155,42.7523,0.84672,12.849,0.84672,3695.15,0,3.68392,0.0379393,0.608429,1.58094,5.26567,0.966586,6.4505,0.06048,3.68392,0.06048,456.806,0,0.534902,0,0,1.14333,0.608429,1.542240,1,0,49.2028,0,0,0,49.2028,0
700.191,2.49274,0,0,4.20143,0.299943,0.36288,18.144,56.3742,0.127367,0,0,0.835608,0.196355,0,0.99792,12.849,1,0.045812,0.36288,0,55.9811,4.05962,52.2385,0.84672,12.849,0.84672,3695.15,0,3.68392,0.00839941,0.608429,1.36611,3.32738,1.16878,4.12474,0.06048,3.68392,0.06048,456.806,0,1.01507,0,0,1.6235,0.608429,1.542240,1,0,56.3633,0,0,0,56.3633,0
702.605,2.49379,0,0,5.57008,0.299986,0.36288,18.144,58.1307,0,0,0,1.9535,0.197013,0,0.99792,12.849,1,0.0457627,0.36288,0,109.908,4.05962,106.165,0.84672,12.849,0.84672,3695.15,0,3.68392,0,0.851352,1.36665,6.23441,1.16878,7.28363,0.06048,3.68392,0.06048,456.806,0,1.1536,0,0,2.00496,0.851352,1.542240,1,0,113.449,0,0,0,113.449,0
703.468,2.49492,0,0,4.02087,0.300086,0.36288,18.144,58.6401,0.144056,0,0,0.852751,0.199272,0,0.99792,12.849,1,0.0456262,0.36288,0,56.317,4.05962,52.5746,0.84672,12.849,0.84672,3695.15,0,3.68392,0.0091293,0.558835,1.36719,3.33103,1.16878,4.07914,0.06048,3.68392,0.06048,456.806,0,0.998395,0,0,1.55723,0.558835,1.542240,1,0,56.6538,0,0,0,56.6538,0
704.977,2.49595,0,0,4.6657,0.297939,0.36288,18.144,59.6819,0,0,0,1.22583,0.184026,0,0.99792,12.849,1,0.0455891,0.36288,0,76.4029,4.03622,72.684,0.84672,12.849,0.84672,3695.15,0,3.68392,0,0.908008,1.36772,8.67362,1.10557,9.84377,0.06048,3.68392,0.06048,456.806,0,1.15451,0,0,2.06251,0.908008,1.542240,1,0,82.5278,0,0,0,82.5278,0
706.081,2.58826,0,0,4.37677,0.321094,0.36288,18.144,60.1588,0.268206,0,0,0.929923,0.184843,0,0.99792,12.849,1,0.047174,0.36288,0,66.5247,3.95912,62.8813,0.84672,12.849,0.84672,3695.15,0,3.68392,0.0165553,0.558835,1.36826,6.88906,1.0231,7.77649,0.06048,3.68392,0.06048,456.806,0,0.912548,0,0,1.47138,0.558835,1.542240,1,0,70.6578,0,0,0,70.6578,0
707.707,2.58935,0,0,4.9089,0.331546,0.36288,18.144,61.1856,0,0,0,1.22064,0.193802,0,0.99792,12.849,1,0.0471199,0.36288,0,76.75,3.94075,73.125,0.84672,12.849,0.84672,3695.15,0,3.68392,0,1.08622,1.42209,5.15757,1.02383,6.64206,0.06048,3.68392,0.06048,456.806,0,1.20188,0,0,2.28811,1.08622,1.542240,1,0,79.767,0,0,0,79.767,0
709.07,2.59047,0,0,4.64892,0.33162,0.36288,18.144,61.308,0,0,0,1.33,0.195069,1.01257,0.99792,12.849,1,0.0470321,0.36288,0,77.2759,3.94075,73.651,0.84672,12.849,0.84672,3695.15,0,3.68392,0,0.765443,1.42265,5.7406,1.02383,6.90486,0.06048,3.68392,0.06048,456.806,0,1.20235,0,0,1.96779,0.765443,1.542240,1,0,81.5684,0,0,0,81.5684,0
709.702,2.59157,0,0,3.85812,0.272611,0.36288,18.144,61.308,0.112248,0,0,1.1793,0.238129,0.828922,0.99792,12.849,1,0.0469616,0.36288,0,60.5481,4.57488,56.2891,0.84672,12.849,0.84672,3695.15,0,3.68392,0.00674483,0.528595,1.4232,4.77963,1.24245,5.48224,0.06048,3.68392,0.06048,456.806,0,1.08185,0,0,1.61044,0.528595,1.542240,1,0,62.6003,0,0,0,62.6003,0
709.634,2.55689,0,0,3.1156,0.263098,0.36288,18.144,61.308,0.308086,0,0,0.941941,0.253374,0.380481,0.99792,12.849,1,0.046292,0.36288,0,52.934,4.70771,48.5429,0.84672,12.849,0.84672,3695.15,0,3.68392,0.0185125,0.528595,1.42376,4.14959,1.32617,4.75727,0.06048,3.68392,0.06048,456.806,0,0.854332,0,0,1.38293,0.528595,1.542240,1,0,53.6806,0,0,0,53.6806,0
709.236,2.55789,0,0,2.80468,0.281886,0.36288,18.144,61.308,0.115015,0,0,0.927694,0.250816,0.561864,0.99792,12.849,1,0.0463144,0.36288,0,46.6936,4.5466,42.4635,0.84672,12.849,0.84672,3695.15,0,3.68392,0.0069111,0.528595,1.40354,4.32029,1.3212,4.92431,0.06048,3.68392,0.06048,456.806,0,1.06177,0,0,1.59036,0.528595,1.542240,1,0,47.9497,0,0,0,47.9497,0
708.317,2.55886,0,0,2.28398,0.281871,0.36288,18.144,61.308,0.267687,0,0,0.799494,0.250816,0.280991,0.99792,12.849,1,0.0463581,0.36288,0,35.9596,4.5466,31.7295,0.84672,12.849,0.84672,3695.15,0,3.68392,0.016085,0.402797,1.40409,3.65041,1.3212,4.12001,0.06048,3.68392,0.06048,456.806,0,0.898456,0,0,1.30125,0.402797,1.542240,1,0,36.1305,0,0,0,36.1305,0
707.162,2.55981,0,0,1.97551,0.207635,0.36288,18.144,61.308,0.42787,0,0,0.716481,0.245642,0.0429687,0.99792,12.849,1,0.0464354,0.36288,0,31.613,4.67522,27.2542,0.84672,12.849,0.84672,3695.15,0,3.68392,0.0257102,0.402797,1.40464,3.29752,1.26757,3.81167,0.06048,3.68392,0.06048,456.806,0,0.727955,0,0,1.13075,0.402797,1.542240,1,0,31.1089,0,0,0,31.1089,0
705.685,2.68221,0,0,1.76345,0.195237,0.36288,18.144,61.1501,0.578876,0,0,0.665764,0.244779,0,0.99792,12.849,1,0.0487352,0.36288,0,29.6736,4.69665,25.2911,0.84672,12.849,0.84672,3695.15,0,3.68392,0.0347839,0.402797,1.40519,2.8585,1.25863,3.37307,0.06048,3.68392,0.06048,456.806,0,0.631636,0,0,1.03443,0.402797,1.542240,1,0,28.6641,0,0,0,28.6641,0
704.268,2.68315,0,0,1.82113,0.192357,0.36288,18.144,61.1642,0.407448,0,0,0.675881,0.254343,0,0.99792,12.849,1,0.0488544,0.36288,0,26.5528,4.79472,22.0721,0.84672,12.849,0.84672,3695.15,0,3.68392,0.0245462,0.402797,1.4785,2.91447,1.13033,3.64089,0.06048,3.68392,0.06048,456.806,0,0.814329,0,0,1.21713,0.402797,1.542240,1,0,25.713,0,0,0,25.713,0
702.796,2.68411,0,0,1.76802,0.19232,0.36288,18.144,61.0998,0.431747,0,0,0.621698,0.254365,0,0.99792,12.849,1,0.0489701,0.36288,0,24.8228,4.79472,20.342,0.84672,12.849,0.84672,3695.15,0,3.68392,0.0260041,0.30119,1.47908,2.67691,1.13033,3.30084,0.06048,3.68392,0.06048,456.806,0,0.788918,0,0,1.09011,0.30119,1.542240,1,0,23.6428,0,0,0,23.6428,0
701.141,2.68506,0,0,1.56346,0.170746,0.36288,18.144,60.9249,0.489976,0,0,0.583525,0.268408,0,0.99792,12.849,1,0.04909,0.36288,0,22.0659,4.95537,17.4243,0.84672,12.849,0.84672,3695.15,0,3.68392,0.0295424,0.30119,1.47966,2.6141,1.17138,3.19403,0.06048,3.68392,0.06048,456.806,0,0.727376,0,0,1.02857,0.30119,1.542240,1,0,20.6183,0,0,0,20.6183,0
699.43,2.68599,0,0,1.47994,0.142001,0.36288,18.144,60.6562,0.541587,0,0,0.559843,0.286952,0,0.99792,12.849,1,0.049223,0.36288,0,20.4105,5.16957,15.5546,0.84672,12.849,0.84672,3695.15,0,3.68392,0.0327479,0.30119,1.48024,2.54489,1.22611,3.06747,0.06048,3.68392,0.06048,456.806,0,0.6729,0,0,0.974091,0.30119,1.542240,1,0,18.6221,0,0,0,18.6221,0
698.129,2.66286,0,0,1.83964,0.115171,0.36288,18.144,61.0709,0,0,0,0.717201,0.302522,0,0.99792,12.849,1,0.0489185,0.36288,0,34.6314,5.59152,29.3538,0.84672,12.849,0.84672,3695.15,0,3.68392,0,0.356688,1.48081,3.75316,1.32569,4.26497,0.06048,3.68392,0.06048,456.806,0,1.28905,0,0,1.64574,0.356688,1.542240,1,0,33.6188,0,0,0,33.6188,0
696.788,2.66381,0,0,1.78981,0.104433,0.36288,18.144,61.308,0,0,0,0.722244,0.309759,0.175392,0.99792,12.849,1,0.0490272,0.36288,0,36.808,5.7603,31.3615,0.84672,12.849,0.84672,3695.15,0,3.68392,0,0.368807,1.50411,3.49491,1.36552,4.00231,0.06048,3.68392,0.06048,456.806,0,1.28955,0,0,1.65836,0.368807,1.542240,1,0,35.5392,0,0,0,35.5392,0
695.292,2.66476,0,0,1.6363,0.104414,0.36288,18.144,61.308,0,0,0,0.693567,0.310224,0.383343,0.99792,12.849,1,0.049139,0.36288,0,33.3173,5.7603,27.8708,0.84672,12.849,0.84672,3695.15,0,3.68392,0,0.289749,1.50469,3.47943,1.36552,3.90836,0.06048,3.68392,0.06048,456.806,0,1.29006,0,0,1.57981,0.289749,1.542240,1,0,32.1625,0,0,0,32.1625,0
693.743,2.66569,0,0,1.58362,0.104393,0.36288,18.144,61.308,0.15545,0,0,0.651456,0.310224,0.185782,0.99792,12.849,1,0.049262,0.36288,0,30.31,5.7603,24.8633,0.84672,12.849,0.84672,3695.15,0,3.68392,0.00934081,0.261274,1.50528,3.38138,1.36552,3.77308,0.06048,3.68392,0.06048,456.806,0,1.12292,0,0,1.3842,0.261274,1.542240,1,0,28.8222,0,0,0,28.8222,0
692.103,2.72886,0,0,1.54608,0.0943123,0.36288,18.144,61.308,0.205992,0,0,0.625277,0.317141,0.102144,0.99792,12.849,1,0.050542,0.36288,0,28.6863,5.86137,23.1372,0.84672,12.849,0.84672,3695.15,0,3.68392,0.0123778,0.261274,1.50587,3.30665,1.40267,3.65874,0.06048,3.68392,0.06048,456.806,0,1.10055,0,0,1.36182,0.261274,1.542240,1,0,26.8981,0,0,0,26.8981,0
690.541,2.72981,0,0,1.60055,0.0691515,0.36288,18.144,61.308,0.155057,0,0,0.614987,0.334433,0.125498,0.99792,12.849,1,0.0506793,0.36288,0,29.2955,6.11404,23.4936,0.84672,12.849,0.84672,3695.15,0,3.68392,0.00931715,0.261274,1.54271,3.06879,1.49555,3.3679,0.06048,3.68392,0.06048,456.806,0,1.15583,0,0,1.41711,0.261274,1.542240,1,0,26.987,0,0,0,26.987,0
688.877,2.73076,0,0,1.4985,0.0691366,0.36288,18.144,61.308,0.114739,0,0,0.593034,0.334433,0.143861,0.99792,12.849,1,0.0508117,0.36288,0,27.4804,6.11404,21.6784,0.84672,12.849,0.84672,3695.15,0,3.68392,0.00689454,0.227405,1.54331,3.17416,1.49555,3.44243,0.06048,3.68392,0.06048,456.806,0,1.19977,0,0,1.42717,0.227405,1.542240,1,0,25.2647,0,0,0,25.2647,0
687.038,2.73171,0,0,1.32495,0.0691208,0.36288,18.144,61.2791,0.25273,0,0,0.558279,0.334433,0,0.99792,12.849,1,0.0509521,0.36288,0,25.9591,6.11404,20.1569,0.84672,12.849,0.84672,3695.15,0,3.68392,0.0151862,0.227405,1.54392,2.97775,1.49555,3.23833,0.06048,3.68392,0.06048,456.806,0,1.05191,0,0,1.27932,0.227405,1.542240,1,0,23.3953,0,0,0,23.3953,0
684.898,2.91514,0,0,1.1973,0.0593488,0.36288,18.144,61.0976,0.394722,0,0,0.552762,0.339551,0,0.99792,12.849,1,0.054519,0.36288,0,24.6072,6.26359,18.652,0.84672,12.849,0.84672,3695.15,0,3.68392,0.0237295,0.227405,1.54452,2.97116,1.52543,3.19392,0.06048,3.68392,0.06048,456.806,0,1.01375,0,0,1.24115,0.227405,1.542240,1,0,21.8459,0,0,0,21.8459,0
682.907,2.91611,0,0,1.31904,0.031257,0.36288,18.144,60.7593,0.511782,0,0,0.50016,0.326699,0,0.99792,12.849,1,0.0547076,0.36288,0,20.9275,6.13546,15.1003,0.84672,12.849,0.84672,3695.15,0,3.68392,0.0308582,0.227405,1.66808,3.11608,1.58633,3.39437,0.06048,3.68392,0.06048,456.806,0,0.889203,0,0,1.11661,0.227405,1.542240,1,0,18.4946,0,0,0,18.4946,0
681.138,2.91709,0,0,1.53573,0.0249468,0.36288,18.144,60.7544,0.272896,0,0,0.59278,0.324787,0,0.99792,12.849,1,0.0548855,0.36288,0,24.6066,6.13904,18.7756,0.84672,12.849,0.84672,3695.15,0,3.68392,0.0165461,0.204422,1.66873,3.23072,1.60146,3.48586,0.06048,3.68392,0.06048,456.806,0,1.14527,0,0,1.34969,0.204422,1.542240,1,0,22.2615,0,0,0,22.2615,0
679.05,2.91809,0,0,1.21767,0.0249407,0.36288,18.144,60.2868,0.587694,0,0,0.444931,0.324777,0,0.99792,12.849,1,0.0550469,0.36288,0,27.019,6.13904,21.1878,0.84672,12.849,0.84672,3695.15,0,3.68392,0.0356356,0.204422,1.66938,2.59403,1.60146,2.83073,0.06048,3.68392,0.06048,456.806,0,0.809257,0,0,1.01368,0.204422,1.542240,1,0,24.0185,0,0,0,24.0185,0
677.223,2.91906,0,0,1.48003,0.0249336,0.36288,18.144,60.6784,0,0,0,0.715327,0.323813,0,0.99792,12.849,1,0.0552346,0.36288,0,23.5522,6.13904,17.7208,0.84672,12.849,0.84672,3695.15,0,3.68392,0,0.23965,1.67003,3.73767,1.60146,4.04589,0.06048,3.68392,0.06048,456.806,0,1.44098,0,0,1.68063,0.23965,1.542240,1,0,21.7667,0,0,0,21.7667,0
675.48,2.83096,0,0,1.46042,0.00963638,0.36288,18.144,60.4247,0.512317,0,0,0.54302,0.284363,0,0.99792,12.849,1,0.053712,0.36288,0,25.1115,5.58457,19.8361,0.84672,12.849,0.84672,3695.15,0,3.68392,0.0311039,0.204422,1.67068,3.2912,1.48406,3.65114,0.06048,3.68392,0.06048,456.806,0,0.821819,0,0,1.02624,0.204422,1.542240,1,0,23.4872,0,0,0,23.4872,0
673.747,2.83193,0,0,1.4602,-0.00183134,0.36288,18.144,61.0276,0,0,0,0.856635,0.253761,0,0.99792,12.849,1,0.0538691,0.36288,0,25.366,5.16873,20.5063,0.84672,12.849,0.84672,3695.15,0,3.68392,0,0.246006,1.60073,3.61128,1.396,4.06202,0.06048,3.68392,0.06048,456.806,0,1.37271,0,0,1.61872,0.246006,1.542240,1,0,24.5683,0,0,0,24.5683,0
671.791,2.8329,0,0,1.23815,-0.0018309,0.36288,18.144,60.5523,0.685658,0,0,0.465076,0.254734,0,0.99792,12.849,1,0.0540261,0.36288,0,25.3306,5.16873,20.4707,0.84672,12.849,0.84672,3695.15,0,3.68392,0.0413896,0.216518,1.60136,2.67113,1.396,3.05162,0.06048,3.68392,0.06048,456.806,0,0.639023,0,0,0.855541,0.216518,1.542240,1,0,23.5223,0,0,0,23.5223,0
670.013,2.83385,0,0,1.45548,0.0371483,0.36288,18.144,60.1356,0.665387,0,0,0.47251,0.223789,0,0.99792,12.849,1,0.0542015,0.36288,0,25.5154,4.75347,21.0706,0.84672,12.849,0.84672,3695.15,0,3.68392,0.0404813,0.216518,1.60198,2.78949,1.26621,3.30131,0.06048,3.68392,0.06048,456.806,0,0.660658,0,0,0.877176,0.216518,1.542240,1,0,24.3719,0,0,0,24.3719,0
671.256,2.76158,0,0,4.50949,0.141811,0.36288,18.144,61.0699,0.0898663,0,0,1.17098,0.146823,0,0.99792,12.849,1,0.0529595,0.36288,0,83.0695,3.70256,79.6768,0.84672,12.849,0.84672,3695.15,0,3.68392,0.00550523,0.216518,1.60261,8.13122,0.926332,9.0185,0.06048,3.68392,0.06048,456.806,0,1.2139,0,0,1.43042,0.216518,1.542240,1,0,88.6953,0,0,0,88.6953,0
673.35,2.76275,0,0,5.40519,0.185339,0.36288,18.144,61.308,0,0,0,1.70575,0.14088,1.32675,0.99792,12.849,1,0.0528839,0.36288,0,99.9942,3.62597,96.6782,0.84672,12.849,0.84672,3695.15,0,3.68392,0,1.19521,1.54039,8.67168,0.834015,10.5733,0.06048,3.68392,0.06048,456.806,0,1.3116,0,0,2.50681,1.19521,1.542240,1,0,108.578,0,0,0,108.578,0
676.088,2.76399,0,0,6.05019,0.185393,0.36288,18.144,61.308,0,0,0,2.34938,0.141093,2.20829,0.99792,12.849,1,0.052743,0.36288,0,90.9749,3.62597,87.659,0.84672,12.849,0.84672,3695.15,0,3.68392,0,1.62846,1.54099,9.79906,0.834015,12.1345,0.06048,3.68392,0.06048,456.806,0,1.31211,0,0,2.94057,1.62846,1.542240,1,0,102.002,0,0,0,102.002,0
677.8,2.76528,0,0,5.02578,0.185463,0.36288,18.144,61.308,0,0,0,1.59808,0.141093,1.45699,0.99792,12.849,1,0.0525539,0.36288,0,138.788,3.62597,135.472,0.84672,12.849,0.84672,3695.15,0,3.68392,0,1.04181,1.54159,13.4666,0.834015,15.216,0.06048,3.68392,0.06048,456.806,0,1.31262,0,0,2.35443,1.04181,1.542240,1,0,152.145,0,0,0,152.145,0
680.094,2.55814,0,0,5.43352,0.218642,0.36288,18.144,61.308,0,0,0,1.43822,0.134191,1.30403,0.99792,12.849,1,0.0484944,0.36288,0,146.905,4.18541,143.034,0.84672,12.849,0.84672,3695.15,0,3.68392,0,1.10492,1.54219,11.2447,0.953549,12.9382,0.06048,3.68392,0.06048,456.806,0,1.18123,0,0,2.28615,1.10492,1.542240,1,0,157.276,0,0,0,157.276,0
681.998,2.55929,0,0,5.03958,0.213924,0.36288,18.144,61.308,0,0,0,1.7178,0.191358,1.52645,0.99792,12.849,1,0.0483527,0.36288,0,186.074,3.90618,182.483,0.84672,12.849,0.84672,3695.15,0,3.68392,0,1.34639,1.4011,10.4083,0.9913,12.1645,0.06048,3.68392,0.06048,456.806,0,1.18169,0,0,2.52808,1.34639,1.542240,1,0,196.174,0,0,0,196.174,0
684.396,2.56042,0,0,5.52175,0.200329,0.36288,18.144,61.308,0,0,0,2.0472,0.194915,1.85229,0.99792,12.849,1,0.048239,0.36288,0,156.624,3.21573,153.723,0.84672,12.849,0.84672,3695.15,0,3.68392,0,1.7094,1.40165,11.9874,0.932181,14.1663,0.06048,3.68392,0.06048,456.806,0,1.18215,0,0,2.89155,1.7094,1.542240,1,0,169.742,0,0,0,169.742,0
685.249,2.56158,0,0,4.08536,0.308049,0.36288,18.144,61.308,0,0,0,1.63953,0.156673,1.48285,0.99792,12.849,1,0.0480918,0.36288,0,71.4242,3.62145,68.1175,0.84672,12.849,0.84672,3695.15,0,3.68392,0,1.20722,1.40219,8.70644,0.964378,10.3515,0.06048,3.68392,0.06048,456.806,0,1.18261,0,0,2.38983,1.20722,1.542240,1,0,79.9519,0,0,0,79.9519,0
687.313,2.56264,0,0,5.29816,0.308085,0.36288,18.144,61.308,0,0,0,2.37267,0.156673,2.216,0.99792,12.849,1,0.0480517,0.36288,0,130.82,3.62145,127.513,0.84672,12.849,0.84672,3695.15,0,3.68392,0,1.36913,1.40274,11.5271,0.964378,13.3345,0.06048,3.68392,0.06048,456.806,0,1.18307,0,0,2.5522,1.36913,1.542240,1,0,143.064,0,0,0,143.064,0
691.373,2.64407,0,0,7.3643,0.297241,0.36288,18.144,61.308,0,0,0,3.42984,0.198955,3.23088,0.99792,12.849,1,0.0494297,0.36288,0,135.105,3.9713,131.447,0.84672,12.849,0.84672,3695.15,0,3.68392,0,2.55703,1.40329,13.825,1.00134,16.784,0.06048,3.68392,0.06048,456.806,0,1.22179,0,0,3.77882,2.55703,1.542240,1,0,151.462,0,0,0,151.462,0
696.199,2.64535,0,0,8.0905,0.256077,0.36288,18.144,61.308,0,0,0,3.23088,0.254827,2.97606,0.99792,12.849,1,0.0491631,0.36288,0,157.541,3.82515,154.029,0.84672,12.849,0.84672,3695.15,0,3.68392,0,2.93853,1.44872,14.7957,0.956335,18.2267,0.06048,3.68392,0.06048,456.806,0,1.22225,0,0,4.16078,2.93853,1.542240,1,0,175.232,0,0,0,175.232,0
699.755,2.64667,0,0,6.82173,0.256247,0.36288,18.144,61.308,0,0,0,2.62364,0.254827,2.36881,0.99792,12.849,1,0.0488468,0.36288,0,146.896,3.82515,143.384,0.84672,12.849,0.84672,3695.15,0,3.68392,0,2.65603,1.44926,11.9143,0.956335,15.0633,0.06048,3.68392,0.06048,456.806,0,1.22271,0,0,3.87874,2.65603,1.542240,1,0,160.817,0,0,0,160.817,0
701.376,2.64791,0,0,4.8874,0.256372,0.36288,18.144,61.308,0,0,0,1.87476,0.254827,1.61993,0.99792,12.849,1,0.0486213,0.36288,0,120.154,3.83166,116.636,0.84672,12.849,0.84672,3695.15,0,3.68392,0,1.69729,1.4498,9.92719,0.956335,12.1179,0.06048,3.68392,0.06048,456.806,0,1.22317,0,0,2.92046,1.69729,1.542240,1,0,130.374,0,0,0,130.374,0
703.599,2.90739,0,0,5.75031,0.25643,0.36288,18.144,61.308,0,0,0,2.2859,0.254827,2.03107,0.99792,12.849,1,0.0532626,0.36288,0,96.7343,3.82515,93.2188,0.84672,12.849,0.84672,3695.15,0,3.68392,0,2.23645,1.45035,11.3833,0.956335,14.1137,0.06048,3.68392,0.06048,456.806,0,1.3675,0,0,3.60394,2.23645,1.542240,1,0,109.364,0,0,0,109.364,0
705.11,2.90865,0,0,5.10602,0.323816,0.36288,18.144,61.308,0,0,0,1.81264,0.242412,1.57023,0.99792,12.849,1,0.0531172,0.36288,0,89.6201,3.89487,86.035,0.84672,12.849,0.84672,3695.15,0,3.68392,0,1.31244,1.61135,8.21102,0.930986,10.2038,0.06048,3.68392,0.06048,456.806,0,1.36801,0,0,2.68045,1.31244,1.542240,1,0,97.8091,0,0,0,97.8091,0
705.759,2.90985,0,0,4.2458,0.323884,0.36288,18.144,61.308,0,0,0,1.92845,0.242412,1.68604,0.99792,12.849,1,0.0530253,0.36288,0,99.5302,3.89487,95.9452,0.84672,12.849,0.84672,3695.15,0,3.68392,0,1.55022,1.61196,8.53589,0.930986,10.7671,0.06048,3.68392,0.06048,456.806,0,1.36852,0,0,2.91874,1.55022,1.542240,1,0,108.398,0,0,0,108.398,0
708.004,2.91099,0,0,5.84609,0.327578,0.36288,18.144,61.308,0,0,0,1.9398,0.234516,1.70528,0.99792,12.849,1,0.0529973,0.36288,0,100.521,3.75965,97.0715,0.84672,12.849,0.84672,3695.15,0,3.68392,0,1.54067,1.61256,10.3117,0.903268,12.5616,0.06048,3.68392,0.06048,456.806,0,1.36904,0,0,2.9097,1.54067,1.542240,1,0,111.338,0,0,0,111.338,0
710.569,2.5431,0,0,5.82092,0.349681,0.36288,18.144,61.308,0,0,0,2.47215,0.187144,2.28501,0.99792,12.849,1,0.0461527,0.36288,0,122.387,2.94829,119.756,0.84672,12.849,0.84672,3695.15,0,3.68392,0,2.34852,1.61317,13.71,0.736964,16.9347,0.06048,3.68392,0.06048,456.806,0,1.17618,0,0,3.52471,2.34852,1.542240,1,0,138.975,0,0,0,138.975,0
716.991,2.54422,0,0,9.66453,0.335024,0.36288,18.144,61.308,0,0,0,8.0727,0.169115,7.90358,0.99792,12.849,1,0.0460063,0.36288,0,183.533,3.20243,180.648,0.84672,12.849,0.84672,3695.15,0,3.68392,0,4.8491,1.39394,19.911,0.822666,25.3313,0.06048,3.68392,0.06048,456.806,0,1.17662,0,0,6.02573,4.8491,1.542240,1,0,213.883,0,0,0,213.883,0
721.813,2.54557,0,0,8.06043,0.330427,0.36288,18.144,61.308,0,0,0,7.50021,0.172388,7.32782,0.99792,12.849,1,0.0456185,0.36288,0,142.29,3.22854,139.379,0.84672,12.849,0.84672,3695.15,0,3.68392,0,3.99126,1.39447,16.8721,0.821055,21.4368,0.06048,3.68392,0.06048,456.806,0,1.17706,0,0,5.16832,3.99126,1.542240,1,0,168.144,0,0,0,168.144,0
722.9,2.54683,0,0,7.60329,0.330646,3.63871,18.144,61.308,0,0,0,6.73695,0.172388,6.56457,0.99792,12.849,1,0.0453361,3.63871,0,130.529,3.22854,130.894,0.84672,12.849,0.84672,3695.15,0,3.68392,0,4.71988,1.39499,17.156,0.821055,22.4498,0.06048,3.68392,0.06048,456.806,0,1.1775,0,0,5.89738,4.71988,1.542240,1,0,159.908,0,0,0,159.908,0
722.9,2.54785,0,0,11.1001,0.330695,8.22152,18.144,61.308,0,0,0,8.2652,0.172388,8.09281,0.99792,12.849,1,0.0452861,8.22152,0,188.069,3.22854,193.017,0.84672,12.849,0.84672,3695.15,0,3.68392,0,5.22732,1.39551,22.0669,0.821055,27.8687,0.06048,3.68392,0.06048,456.806,0,1.17794,0,0,6.40526,5.22732,1.542240,1,0,228.979,0,0,0,228.979,0
722.9,2.64193,0,0,7.65424,0.329967,4.68235,18.144,61.308,0,0,0,5.15694,0.165583,4.99136,0.99792,12.849,1,0.0469583,4.68235,0,119.686,3.53063,120.791,0.84672,12.849,0.84672,3695.15,0,3.68392,0,3.19269,1.39603,15.3167,0.876296,19.0292,0.06048,3.68392,0.06048,456.806,0,1.22578,0,0,4.41847,3.19269,1.542240,1,0,144.812,0,0,0,144.812,0
722.9,2.64292,0,0,6.35828,0.330616,3.38474,18.144,61.308,0,0,0,4.53976,0.170502,4.36926,0.99792,12.849,1,0.0469759,3.38474,0,105.433,3.91409,104.857,0.84672,12.849,0.84672,3695.15,0,3.68392,0,2.52725,1.45093,13.3338,0.944598,16.3673,0.06048,3.68392,0.06048,456.806,0,1.22624,0,0,3.75348,2.52725,1.542240,1,0,125.593,0,0,0,125.593,0
722.9,2.64391,0,0,5.55597,0.330616,2.58144,18.144,61.308,0,0,0,5.76868,0.170502,5.59817,0.99792,12.849,1,0.0469935,2.58144,0,67.5918,3.91409,66.2121,0.84672,12.849,0.84672,3695.15,0,3.68392,0,2.32274,1.45148,12.9378,0.944598,15.7674,0.06048,3.68392,0.06048,456.806,0,1.2267,0,0,3.54943,2.32274,1.542240,1,0,87.5777,0,0,0,87.5777,0
722.9,2.6449,0,0,4.88144,0.330616,1.90592,18.144,61.308,0,0,0,4.04504,0.170502,3.87454,0.99792,12.849,1,0.0470111,1.90592,0,75.3633,3.91409,73.3081,0.84672,12.849,0.84672,3695.15,0,3.68392,0,1.66998,1.45202,11.4427,0.944598,13.6201,0.06048,3.68392,0.06048,456.806,0,1.22716,0,0,2.89714,1.66998,1.542240,1,0,90.8028,0,0,0,90.8028,0
722.9,2.60942,0,0,4.66526,0.293232,1.76261,18.144,61.308,0,0,0,2.84456,0.194889,2.64968,0.99792,12.849,1,0.0463805,1.76261,0,79.202,3.91817,77.0001,0.84672,12.849,0.84672,3695.15,0,3.68392,0,1.4431,1.45257,11.1759,0.983048,13.0885,0.06048,3.68392,0.06048,456.806,0,1.20918,0,0,2.65228,1.4431,1.542240,1,0,92.7383,0,0,0,92.7383,0
722.9,2.6104,0,0,5.50104,0.262268,2.62837,18.144,61.308,0,0,0,1.94801,0.222552,1.72546,0.99792,12.849,1,0.0463979,2.62837,0,78.8893,3.52118,77.95,0.84672,12.849,0.84672,3695.15,0,3.68392,0,1.48651,1.43191,9.56871,0.99902,11.4881,0.06048,3.68392,0.06048,456.806,0,1.20963,0,0,2.69615,1.48651,1.542240,1,0,91.1636,0,0,0,91.1636,0
722.9,2.61138,0,0,4.33229,0.262268,1.45864,18.144,61.308,0,0,0,1.47553,0.222552,1.25298,0.99792,12.849,1,0.0464152,1.45864,0,65.4489,3.52118,63.3399,0.84672,12.849,0.84672,3695.15,0,3.68392,0,0.891533,1.43245,7.54091,0.99902,8.86587,0.06048,3.68392,0.06048,456.806,0,1.21009,0,0,2.10162,0.891533,1.542240,1,0,73.4588,0,0,0,73.4588,0
722.9,2.61235,0,0,3.80577,0.262268,0.931152,18.144,61.308,0,0,0,1.42174,0.222552,1.19919,0.99792,12.849,1,0.0464326,0.931152,0,60.824,3.52118,58.1875,0.84672,12.849,0.84672,3695.15,0,3.68392,0,0.735172,1.43298,7.40007,0.99902,8.56921,0.06048,3.68392,0.06048,456.806,0,1.21054,0,0,1.94571,0.735172,1.542240,1,0,67.9559,0,0,0,67.9559,0
722.9,2.7373,0,0,4.31576,0.262268,1.31619,18.144,61.308,0,0,0,1.48411,0.222552,1.26156,0.99792,12.849,1,0.0486534,1.31619,0,68.2029,3.52118,65.9493,0.84672,12.849,0.84672,3695.15,0,3.68392,0,0.528345,1.43352,8.56077,0.99902,9.52362,0.06048,3.68392,0.06048,456.806,0,1.27646,0,0,1.80481,0.528345,1.542240,1,0,76.7345,0,0,0,76.7345,0
722.9,2.73832,0,0,4.42897,0.178911,1.51173,18.144,61.308,0,0,0,1.51558,0.242196,1.27338,0.99792,12.849,1,0.0486716,1.51173,0,62.6443,3.9934,60.114,0.84672,12.849,0.84672,3695.15,0,3.68392,0,0.961976,1.50828,6.82776,1.07182,8.2262,0.06048,3.68392,0.06048,456.806,0,1.27694,0,0,2.23892,0.961976,1.542240,1,0,69.6136,0,0,0,69.6136,0
722.9,2.73935,0,0,4.1178,0.165018,1.21343,18.144,61.308,0,0,0,1.4792,0.24547,1.23373,0.99792,12.849,1,0.0486898,1.21343,0,60.171,4.07211,57.2637,0.84672,12.849,0.84672,3695.15,0,3.68392,0,0.68622,1.50885,6.4046,1.08395,7.51571,0.06048,3.68392,0.06048,456.806,0,1.27742,0,0,1.96364,0.68622,1.542240,1,0,66.0131,0,0,0,66.0131,0
722.9,2.74037,0,0,3.74212,0.165018,0.836734,18.144,61.308,0,0,0,1.41733,0.24547,1.17186,0.99792,12.849,1,0.048708,0.836734,0,57.2069,4.07211,53.9228,0.84672,12.849,0.84672,3695.15,0,3.68392,0,0.412735,1.50941,6.24046,1.08395,7.07866,0.06048,3.68392,0.06048,456.806,0,1.2779,0,0,1.69063,0.412735,1.542240,1,0,62.1733,0,0,0,62.1733,0
722.9,2.74139,0,0,3.2898,0.165018,0.383388,18.144,61.308,0.0247323,0,0,1.28143,0.24547,1.01123,0.99792,12.849,1,0.0487262,0.383388,0,48.9701,4.07211,45.2327,0.84672,12.849,0.84672,3695.15,0,3.68392,0.00148614,0.30119,1.50998,5.89649,1.08395,6.62222,0.06048,3.68392,0.06048,456.806,0,1.25165,0,0,1.55284,0.30119,1.542240,1,0,52.8661,0,0,0,52.8661,0
722.446,2.71786,0,0,2.76064,0.133841,0.36288,18.144,61.308,0,0,0,1.14449,0.262493,0.881996,0.99792,12.849,1,0.0483078,0.36288,0,36.5472,4.53375,32.328,0.84672,12.849,0.84672,3695.15,0,3.68392,0,0.486415,1.51054,5.02923,1.19695,5.82924,0.06048,3.68392,0.06048,456.806,0,1.3149,0,0,1.80132,0.486415,1.542240,1,0,39.0393,0,0,0,39.0393,0
721.679,2.71884,0,0,2.42549,0.11045,0.36288,18.144,61.308,0,0,0,1.06327,0.27526,0.788013,0.99792,12.849,1,0.0483557,0.36288,0,29.8146,4.87998,25.2491,0.84672,12.849,0.84672,3695.15,0,3.68392,0,0.654619,1.53427,4.76323,1.2817,5.67043,0.06048,3.68392,0.06048,456.806,0,1.3154,0,0,1.97002,0.654619,1.542240,1,0,31.7076,0,0,0,31.7076,0
720.704,2.71981,0,0,2.21759,0.110439,0.36288,18.144,61.308,0,0,0,1.03777,0.27526,0.762507,0.99792,12.849,1,0.0484243,0.36288,0,29.3935,4.87998,24.828,0.84672,12.849,0.84672,3695.15,0,3.68392,0,0.690286,1.53485,4.70469,1.2817,5.64812,0.06048,3.68392,0.06048,456.806,0,1.31589,0,0,2.00617,0.690286,1.542240,1,0,31.2386,0,0,0,31.2386,0
719.536,2.72076,0,0,2.0267,0.110424,0.36288,18.144,61.308,0,0,0,0.970453,0.27526,0.695193,0.99792,12.849,1,0.0485068,0.36288,0,27.6474,4.87998,23.0818,0.84672,12.849,0.84672,3695.15,0,3.68392,0,0.398117,1.53542,4.47689,1.2817,5.12873,0.06048,3.68392,0.06048,456.806,0,1.31638,0,0,1.7145,0.398117,1.542240,1,0,28.9057,0,0,0,28.9057,0
718.209,2.78522,0,0,1.91389,0.0932174,0.36288,18.144,61.308,0,0,0,0.913706,0.31561,0.598096,0.99792,12.849,1,0.0497366,0.36288,0,25.4338,5.44691,20.3001,0.84672,12.849,0.84672,3695.15,0,3.68392,0,0.358734,1.53599,4.23757,1.47515,4.65714,0.06048,3.68392,0.06048,456.806,0,1.34905,0,0,1.70778,0.358734,1.542240,1,0,25.5553,0,0,0,25.5553,0
717.092,2.78617,0,0,2.12165,0.0899863,0.36288,18.144,61.308,0,0,0,0.863577,0.327358,0.536219,0.99792,12.849,1,0.0498455,0.36288,0,25.4263,5.88431,19.855,0.84672,12.849,0.84672,3695.15,0,3.68392,0,0.447317,1.57355,3.92739,1.55389,4.39436,0.06048,3.68392,0.06048,456.806,0,1.34955,0,0,1.79687,0.447317,1.542240,1,0,24.7856,0,0,0,24.7856,0
715.76,2.78713,0,0,1.90839,0.0899725,0.36288,18.144,61.308,0,0,0,0.810009,0.327358,0.482651,0.99792,12.849,1,0.0499404,0.36288,0,23.963,5.88431,18.3916,0.84672,12.849,0.84672,3695.15,0,3.68392,0,0.389417,1.57413,4.00934,1.55389,4.419,0.06048,3.68392,0.06048,456.806,0,1.35006,0,0,1.73947,0.389417,1.542240,1,0,23.2932,0,0,0,23.2932,0
714.256,2.78808,0,0,1.73673,0.0899561,0.36288,18.144,61.308,0.00260213,0,0,0.777099,0.327358,0.447139,0.99792,12.849,1,0.0500504,0.36288,0,22.5073,5.88431,16.9358,0.84672,12.849,0.84672,3695.15,0,3.68392,0.000156359,0.227405,1.57472,3.72737,1.55389,3.97545,0.06048,3.68392,0.06048,456.806,0,1.34774,0,0,1.57515,0.227405,1.542240,1,0,21.3584,0,0,0,21.3584,0
712.346,2.97528,0,0,1.50281,0.0744023,0.36288,18.144,61.308,0.126553,0,0,0.773842,0.334424,0.312865,0.99792,12.849,1,0.0535234,0.36288,0,21.4745,6.12612,15.6578,0.84672,12.849,0.84672,3695.15,0,3.68392,0.00760439,0.227405,1.57531,3.77711,1.58394,3.98829,0.06048,3.68392,0.06048,456.806,0,1.33048,0,0,1.55789,0.227405,1.542240,1,0,19.9589,0,0,0,19.9589,0
710.68,2.97625,0,0,1.75023,0.0770017,0.36288,18.144,61.308,0.281566,0,0,0.748716,0.328466,0.138684,0.99792,12.849,1,0.0536844,0.36288,0,20.303,5.9505,14.6617,0.84672,12.849,0.84672,3695.15,0,3.68392,0.016919,0.227405,1.7013,3.46353,1.4609,3.91442,0.06048,3.68392,0.06048,456.806,0,1.1641,0,0,1.39151,0.227405,1.542240,1,0,18.7148,0,0,0,18.7148,0
709.308,2.97724,0,0,2.03814,0.0706084,0.36288,18.144,61.308,0.140093,0,0,0.810311,0.324734,0.345484,0.99792,12.849,1,0.0538281,0.36288,0,21.89,5.97471,16.2244,0.84672,12.849,0.84672,3695.15,0,3.68392,0.00841803,0.204422,1.70194,3.09396,1.48042,3.51148,0.06048,3.68392,0.06048,456.806,0,1.31696,0,0,1.52138,0.204422,1.542240,1,0,20.0813,0,0,0,20.0813,0
707.574,2.97825,0,0,1.67838,0.0705951,0.36288,18.144,61.308,0.305137,0,0,0.705275,0.324734,0.0754042,0.99792,12.849,1,0.0539506,0.36288,0,27.175,5.97471,21.5093,0.84672,12.849,0.84672,3695.15,0,3.68392,0.0183353,0.204422,1.70257,2.76029,1.48042,3.16853,0.06048,3.68392,0.06048,456.806,0,1.13988,0,0,1.34431,0.204422,1.542240,1,0,24.7532,0,0,0,24.7532,0
706.018,2.97923,0,0,1.85671,0.0705783,0.36288,18.144,61.308,0,0,0,0.968807,0.324734,0.644073,0.99792,12.849,1,0.0541005,0.36288,0,23.2991,5.97471,17.6331,0.84672,12.849,0.84672,3695.15,0,3.68392,0,0.290235,1.70321,3.29859,1.48042,3.81161,0.06048,3.68392,0.06048,456.806,0,1.46958,0,0,1.75981,0.290235,1.542240,1,0,22.0888,0,0,0,22.0888,0
704.551,2.8893,0,0,1.85877,0.0739342,0.36288,18.144,61.308,0,0,0,1.01744,0.316424,0.701014,0.99792,12.849,1,0.052583,0.36288,0,31.2407,5.85568,25.6953,0.84672,12.849,0.84672,3695.15,0,3.68392,0,0.429152,1.70384,3.64994,1.38166,4.40127,0.06048,3.68392,0.06048,456.806,0,1.39939,0,0,1.82854,0.429152,1.542240,1,0,30.7976,0,0,0,30.7976,0
703.259,2.89027,0,0,2.03943,0.0784131,0.36288,18.144,61.308,0,0,0,1.77051,0.305345,1.46516,0.99792,12.849,1,0.0527102,0.36288,0,36.7852,5.69698,31.3984,0.84672,12.849,0.84672,3695.15,0,3.68392,0,0.884702,1.63248,3.76195,1.24999,5.02914,0.06048,3.68392,0.06048,456.806,0,1.39991,0,0,2.28461,0.884702,1.542240,1,0,37.8927,0,0,0,37.8927,0
701.715,2.89125,0,0,1.78911,0.0783992,0.36288,18.144,61.308,0,0,0,1.30204,0.305345,0.996695,0.99792,12.849,1,0.052825,0.36288,0,33.6487,5.69698,28.2617,0.84672,12.849,0.84672,3695.15,0,3.68392,0,0.621074,1.63309,3.31956,1.24999,4.32373,0.06048,3.68392,0.06048,456.806,0,1.40044,0,0,2.02151,0.621074,1.542240,1,0,33.5821,0,0,0,33.5821,0
700.053,2.89221,0,0,1.71533,0.123097,0.36288,18.144,61.308,0,0,0,1.20965,0.27551,0.934142,0.99792,12.849,1,0.0529588,0.36288,0,25.2934,5.25042,20.3529,0.84672,12.849,0.84672,3695.15,0,3.68392,0,0.427465,1.6337,4.56939,1.1013,5.52926,0.06048,3.68392,0.06048,456.806,0,1.40096,0,0,1.82842,0.427465,1.542240,1,0,26.8163,0,0,0,26.8163,0
701.525,2.81843,0,0,4.70501,0.0517347,0.36288,18.144,61.308,0,0,0,1.94746,0.318365,1.6291,0.99792,12.849,1,0.0517304,0.36288,0,29.5479,6.09935,23.7597,0.84672,12.849,0.84672,3695.15,0,3.68392,0,1.62458,1.6343,9.19446,1.12457,11.3288,0.06048,3.68392,0.06048,456.806,0,1.337,0,0,2.96158,1.62458,1.542240,1,0,36.7176,0,0,0,36.7176,0
700.997,2.81959,0,0,2.84585,0.191117,0.36288,18.144,61.308,0.217183,0,0,0.879284,0.21177,0.45033,0.99792,12.849,1,0.051643,0.36288,0,32.5628,4.79745,28.0766,0.84672,12.849,0.84672,3695.15,0,3.68392,0.0130503,0.216518,1.57083,4.11851,1.09653,4.79627,0.06048,3.68392,0.06048,456.806,0,1.10335,0,0,1.31987,0.216518,1.542240,1,0,33.3232,0,0,0,33.3232,0
699.975,2.8206,0,0,2.3529,0.191103,0.36288,18.144,61.308,0.183507,0,0,0.757624,0.21177,0.362347,0.99792,12.849,1,0.0517005,0.36288,0,26.1149,4.79745,21.6286,0.84672,12.849,0.84672,3695.15,0,3.68392,0.0110267,0.292723,1.57142,3.99493,1.09653,4.75151,0.06048,3.68392,0.06048,456.806,0,1.14005,0,0,1.43277,0.292723,1.542240,1,0,26.7425,0,0,0,26.7425,0
702.582,2.82158,0,0,5.98279,0.191076,0.36288,18.144,61.308,0,0,0,2.42561,0.21177,2.21384,0.99792,12.849,1,0.0517939,0.36288,0,72.8589,4.79745,68.3725,0.84672,12.849,0.84672,3695.15,0,3.68392,0,3.02132,1.572,9.33621,1.09653,12.833,0.06048,3.68392,0.06048,456.806,0,1.33849,0,0,4.35981,3.02132,1.542240,1,0,83.4193,0,0,0,83.4193,0
706.436,2.61023,0,0,7.04022,0.213836,0.36288,18.144,61.308,0,0,0,3.12861,0.196108,2.93251,0.99792,12.849,1,0.0477365,0.36288,0,86.9289,4.5798,82.6642,0.84672,12.849,0.84672,3695.15,0,3.68392,0,1.63954,1.57259,9.4589,1.03488,11.6362,0.06048,3.68392,0.06048,456.806,0,1.20449,0,0,2.84404,1.63954,1.542240,1,0,97.2329,0,0,0,97.2329,0
711.473,2.61145,0,0,8.25746,0.245537,0.36288,18.144,61.308,0,0,0,3.07225,0.168609,2.90364,0.99792,12.849,1,0.0474984,0.36288,0,125.803,3.9297,122.189,0.84672,12.849,0.84672,3695.15,0,3.68392,0,1.77268,1.42869,9.771,0.88919,12.0832,0.06048,3.68392,0.06048,456.806,0,1.20494,0,0,2.97762,1.77268,1.542240,1,0,137.176,0,0,0,137.176,0
714.732,2.61276,0,0,6.47025,0.235633,0.36288,18.144,61.308,0,0,0,2.04353,0.173272,1.87026,0.99792,12.849,1,0.0471856,0.36288,0,104.133,3.88731,100.561,0.84672,12.849,0.84672,3695.15,0,3.68392,0,1.76575,1.42923,10.5528,0.892567,12.8552,0.06048,3.68392,0.06048,456.806,0,1.20539,0,0,2.97114,1.76575,1.542240,1,0,115.287,0,0,0,115.287,0
717.596,2.61394,0,0,6.08555,0.245094,0.36288,18.144,61.308,0,0,0,2.88826,0.182476,2.70578,0.99792,12.849,1,0.0469918,0.36288,0,122.209,3.97545,118.55,0.84672,12.849,0.84672,3695.15,0,3.68392,0,2.39733,1.42976,11.6066,0.921853,14.5119,0.06048,3.68392,0.06048,456.806,0,1.20584,0,0,3.60317,2.39733,1.542240,1,0,135.767,0,0,0,135.767,0
722.9,2.6151,0,0,9.28845,0.301346,1.06787,18.144,61.308,0,0,0,6.45954,0.237704,6.22184,0.99792,12.849,1,0.046825,1.06787,0,143.061,4.50429,139.578,0.84672,12.849,0.84672,3695.15,0,3.68392,0,2.95121,1.43029,12.785,1.09757,16.0689,0.06048,3.68392,0.06048,456.806,0,1.20629,0,0,4.1575,2.95121,1.542240,1,0,161.869,0,0,0,161.869,0
722.9,2.69835,0,0,13.6305,0.298186,10.6339,18.144,61.308,0,0,0,6.11284,0.231759,5.88108,0.99792,12.849,1,0.0479611,10.6339,0,241.043,4.57035,247.059,0.84672,12.849,0.84672,3695.15,0,3.68392,0,2.85091,1.43082,14.2309,1.11698,17.3956,0.06048,3.68392,0.06048,456.806,0,1.24575,0,0,4.09666,2.85091,1.542240,1,0,270.335,0,0,0,270.335,0
722.9,2.69932,0,0,9.7664,0.245627,6.82145,18.144,61.308,0,0,0,3.13719,0.205383,2.93181,0.99792,12.849,1,0.0479783,6.82145,0,190.968,3.91839,193.823,0.84672,12.849,0.84672,3695.15,0,3.68392,0,4.61248,1.47712,10.5104,0.98977,15.6102,0.06048,3.68392,0.06048,456.806,0,1.24619,0,0,5.85867,4.61248,1.542240,1,0,212.365,0,0,0,212.365,0
722.9,2.70028,0,0,5.77,0.241691,2.82802,18.144,61.308,0,0,0,1.5297,0.234968,1.29474,0.99792,12.849,1,0.0479955,2.82802,0,120.619,4.1722,119.227,0.84672,12.849,0.84672,3695.15,0,3.68392,0,4.66735,1.47765,7.0791,0.987375,12.2367,0.06048,3.68392,0.06048,456.806,0,1.24664,0,0,5.91398,4.66735,1.542240,1,0,132.758,0,0,0,132.758,0
722.9,2.70125,0,0,6.03332,0.263885,3.06818,18.144,61.308,0,0,0,1.43786,0.2563,1.18156,0.99792,12.849,1,0.0480127,3.06818,0,121.742,4.62935,120.133,0.84672,12.849,0.84672,3695.15,0,3.68392,0,4.54497,1.47818,6.7335,1.12998,11.6267,0.06048,3.68392,0.06048,456.806,0,1.24709,0,0,5.79206,4.54497,1.542240,1,0,132.941,0,0,0,132.941,0
722.9,2.96579,0,0,5.83042,0.263885,2.60074,18.144,61.308,0,0,0,1.5673,0.2563,1.311,0.99792,12.849,1,0.0527147,2.60074,0,117.514,4.62935,115.432,0.84672,12.849,0.84672,3695.15,0,3.68392,0,4.6213,1.47871,7.69159,1.12998,12.6616,0.06048,3.68392,0.06048,456.806,0,1.39422,0,0,6.01551,4.6213,1.542240,1,0,129.405,0,0,0,129.405,0
722.9,2.96685,0,0,8.55464,0.260164,5.32762,18.144,61.308,0,0,0,2.38278,0.198056,2.18473,0.99792,12.849,1,0.0527335,5.32762,0,242.437,4.61845,243.093,0.84672,12.849,0.84672,3695.15,0,3.68392,0,4.44845,1.64284,11.5316,1.10429,16.5186,0.06048,3.68392,0.06048,456.806,0,1.39472,0,0,5.84316,4.44845,1.542240,1,0,261.796,0,0,0,261.796,0
722.9,2.96792,0,0,7.48157,0.259544,4.25411,18.144,61.308,0,0,0,2.38724,0.188349,2.19889,0.99792,12.849,1,0.0527524,4.25411,0,178.095,4.61664,177.68,0.84672,12.849,0.84672,3695.15,0,3.68392,0,4.25722,1.64343,11.1639,1.10001,15.9646,0.06048,3.68392,0.06048,456.806,0,1.39522,0,0,5.65243,4.25722,1.542240,1,0,195.844,0,0,0,195.844,0
722.9,2.96898,0,0,8.05663,0.298379,4.78927,18.144,61.308,0,0,0,2.7246,0.193304,2.53129,0.99792,12.849,1,0.0527713,4.78927,0,173.959,4.53744,174.158,0.84672,12.849,0.84672,3695.15,0,3.68392,0,4.37727,1.64402,12.3446,1.07912,17.2867,0.06048,3.68392,0.06048,456.806,0,1.39572,0,0,5.77299,4.37727,1.542240,1,0,193.976,0,0,0,193.976,0
722.9,2.59357,0,0,7.56792,0.35016,4.62419,18.144,61.308,0,0,0,1.97904,0.199912,1.77912,0.99792,12.849,1,0.0460987,4.62419,0,202.432,4.43184,202.578,0.84672,12.849,0.84672,3695.15,0,3.68392,0,3.08053,1.64461,9.39799,1.05127,13.0719,0.06048,3.68392,0.06048,456.806,0,1.19908,0,0,4.27962,3.08053,1.542240,1,0,217.429,0,0,0,217.429,0
722.9,2.5945,0,0,4.90998,0.298512,2.01697,18.144,61.308,0,0,0,2.18919,0.198608,1.99059,0.99792,12.849,1,0.0461153,2.01697,0,102.565,4.56918,99.9671,0.84672,12.849,0.84672,3695.15,0,3.68392,0,3.00701,1.42109,10.421,1.08133,13.7678,0.06048,3.68392,0.06048,456.806,0,1.19951,0,0,4.20652,3.00701,1.542240,1,0,115.725,0,0,0,115.725,0
722.9,2.59543,0,0,4.67333,0.289904,1.788,18.144,61.308,0,0,0,2.79218,0.198391,2.59379,0.99792,12.849,1,0.0461318,1.788,0,98.6835,4.59207,95.8333,0.84672,12.849,0.84672,3695.15,0,3.68392,0,2.80483,1.42159,8.42806,1.08634,11.5681,0.06048,3.68392,0.06048,456.806,0,1.19994,0,0,4.00477,2.80483,1.542240,1,0,109.995,0,0,0,109.995,0
722.9,2.59636,0,0,8.04496,0.287856,5.16075,18.144,61.308,0,0,0,4.31499,0.18121,4.13378,0.99792,12.849,1,0.0461483,5.16075,0,206.28,4.3231,207.071,0.84672,12.849,0.84672,3695.15,0,3.68392,0,6.55092,1.4221,19.8786,1.04028,26.8113,0.06048,3.68392,0.06048,456.806,0,1.20037,0,0,7.75129,6.55092,1.542240,1,0,238.017,0,0,0,238.017,0
722.9,2.59729,0,0,7.2176,0.285124,4.33519,18.144,61.308,0,0,0,3.44615,0.158302,3.28785,0.99792,12.849,1,0.0461648,4.33519,0,197.061,3.96448,197.386,0.84672,12.849,0.84672,3695.15,0,3.68392,0,5.46971,1.42261,12.8834,0.978859,18.7969,0.06048,3.68392,0.06048,456.806,0,1.2008,0,0,6.67051,5.46971,1.542240,1,0,219.47,0,0,0,219.47,0
722.9,2.69315,0,0,6.50739,0.290295,3.52394,18.144,61.308,0,0,0,3.16003,0.172673,2.98736,0.99792,12.849,1,0.0478687,3.52394,0,202.02,4.28547,201.21,0.84672,12.849,0.84672,3695.15,0,3.68392,0,4.24792,1.42312,15.6658,1.01168,20.3251,0.06048,3.68392,0.06048,456.806,0,1.24954,0,0,5.49746,4.24792,1.542240,1,0,224.523,0,0,0,224.523,0
722.9,2.69411,0,0,5.57961,0.297189,2.58831,18.144,61.308,0,0,0,2.42527,0.191835,2.23344,0.99792,12.849,1,0.0478858,2.58831,0,119.674,4.71345,117.501,0.84672,12.849,0.84672,3695.15,0,3.68392,0,3.46308,1.47906,11.0959,1.05545,14.9826,0.06048,3.68392,0.06048,456.806,0,1.24999,0,0,4.71307,3.46308,1.542240,1,0,134.717,0,0,0,134.717,0
722.9,2.69508,0,0,4.77257,0.297189,1.78031,18.144,61.308,0,0,0,2.20312,0.191835,2.01129,0.99792,12.849,1,0.047903,1.78031,0,99.9544,4.71345,96.9734,0.84672,12.849,0.84672,3695.15,0,3.68392,0,3.47609,1.47959,9.97972,1.05545,13.88,0.06048,3.68392,0.06048,456.806,0,1.25044,0,0,4.72653,3.47609,1.542240,1,0,112.865,0,0,0,112.865,0
722.9,2.69604,0,0,4.61813,0.284691,1.6374,18.144,61.308,0,0,0,2.04894,0.184729,1.86421,0.99792,12.849,1,0.0479201,1.6374,0,85.9939,4.43808,83.1453,0.84672,12.849,0.84672,3695.15,0,3.68392,0,2.97842,1.48012,9.57614,1.05145,12.9832,0.06048,3.68392,0.06048,456.806,0,1.25089,0,0,4.22931,2.97842,1.542240,1,0,97.9928,0,0,0,97.9928,0
722.9,2.65983,0,0,4.90397,0.261396,1.98274,18.144,61.308,0,0,0,2.05061,0.171596,1.87901,0.99792,12.849,1,0.0472765,1.98274,0,93.8079,3.76209,91.9813,0.84672,12.849,0.84672,3695.15,0,3.68392,0,3.19104,1.48065,10.2215,1.04195,13.8512,0.06048,3.68392,0.06048,456.806,0,1.23254,0,0,4.42358,3.19104,1.542240,1,0,107.712,0,0,0,107.712,0
722.9,2.66079,0,0,3.87821,0.293013,0.924412,18.144,61.308,0,0,0,1.6322,0.164012,1.46819,0.99792,12.849,1,0.0472935,0.924412,0,70.956,3.13524,68.6979,0.84672,12.849,0.84672,3695.15,0,3.68392,0,1.87929,1.45957,7.89204,0.946752,10.2841,0.06048,3.68392,0.06048,456.806,0,1.23298,0,0,3.11227,1.87929,1.542240,1,0,80.4502,0,0,0,80.4502,0
722.9,2.66174,0,0,3.8724,0.253522,0.957145,18.144,61.308,0,0,0,1.54195,0.167074,1.37488,0.99792,12.849,1,0.0473104,0.957145,0,70.0809,2.99138,67.9993,0.84672,12.849,0.84672,3695.15,0,3.68392,0,1.92991,1.4601,6.35395,0.979962,8.76399,0.06048,3.68392,0.06048,456.806,0,1.23342,0,0,3.16333,1.92991,1.542240,1,0,78.1382,0,0,0,78.1382,0
722.9,2.66269,0,0,3.34196,0.216952,0.462319,18.144,61.308,0,0,0,1.53552,0.206543,1.32898,0.99792,12.849,1,0.0473273,0.462319,0,56.5958,3.50102,53.5098,0.84672,12.849,0.84672,3695.15,0,3.68392,0,1.66678,1.46062,5.69008,1.12254,7.69494,0.06048,3.68392,0.06048,456.806,0,1.23386,0,0,2.90065,1.66678,1.542240,1,0,62.5337,0,0,0,62.5337,0
722.737,2.79,0,0,3.20641,0.216952,0.36288,18.144,61.308,0,0,0,1.51782,0.206543,1.31128,0.99792,12.849,1,0.0495901,0.36288,0,63.5485,3.50102,60.3608,0.84672,12.849,0.84672,3695.15,0,3.68392,0,1.80923,1.46114,5.7219,1.12254,7.86974,0.06048,3.68392,0.06048,456.806,0,1.30104,0,0,3.11027,1.80923,1.542240,1,0,69.5418,0,0,0,69.5418,0
722.632,2.79098,0,0,3.23172,0.182645,0.36288,18.144,61.308,0,0,0,1.39276,0.228728,1.16403,0.99792,12.849,1,0.0496188,0.36288,0,64.7441,4.33104,60.7263,0.84672,12.849,0.84672,3695.15,0,3.68392,0,1.32661,1.53732,6.00667,1.10965,7.76096,0.06048,3.68392,0.06048,456.806,0,1.3015,0,0,2.62812,1.32661,1.542240,1,0,69.6513,0,0,0,69.6513,0
722.478,2.79197,0,0,3.17001,0.168922,0.36288,18.144,61.308,0,0,0,1.37074,0.237602,1.13314,0.99792,12.849,1,0.0496436,0.36288,0,62.5355,4.66305,58.1856,0.84672,12.849,0.84672,3695.15,0,3.68392,0,1.2413,1.53787,5.99286,1.10449,7.66754,0.06048,3.68392,0.06048,456.806,0,1.30197,0,0,2.54327,1.2413,1.542240,1,0,66.9863,0,0,0,66.9863,0
722.157,2.79296,0,0,3.00847,0.173836,0.36288,18.144,61.308,0,0,0,1.34906,0.236285,1.11277,0.99792,12.849,1,0.0496718,0.36288,0,59.903,4.57844,55.6378,0.84672,12.849,0.84672,3695.15,0,3.68392,0,1.44847,1.53842,5.60982,1.10776,7.48896,0.06048,3.68392,0.06048,456.806,0,1.30243,0,0,2.75091,1.44847,1.542240,1,0,64.2395,0,0,0,64.2395,0
721.6,2.79394,0,0,2.79258,0.192219,0.36288,18.144,61.308,0,0,0,1.29663,0.232536,1.0641,0.99792,12.849,1,0.0497112,0.36288,0,55.4467,4.1028,51.6571,0.84672,12.849,0.84672,3695.15,0,3.68392,0,1.35607,1.53897,5.21808,1.13687,6.97626,0.06048,3.68392,0.06048,456.806,0,1.3029,0,0,2.65897,1.35607,1.542240,1,0,59.6974,0,0,0,59.6974,0
720.988,2.76987,0,0,2.63951,0.119477,0.36288,18.144,61.308,0,0,0,1.06797,0.257829,0.810144,0.99792,12.849,1,0.0493209,0.36288,0,47.122,4.57912,42.8564,0.84672,12.849,0.84672,3695.15,0,3.68392,0,0.958425,1.53952,4.4603,1.23712,5.72112,0.06048,3.68392,0.06048,456.806,0,1.34011,0,0,2.29853,0.958425,1.542240,1,0,49.3877,0,0,0,49.3877,0
720.254,2.77081,0,0,2.51095,0.11136,0.36288,18.144,61.308,0,0,0,0.711616,0.258346,0.45327,0.99792,12.849,1,0.0493797,0.36288,0,39.5961,4.95778,34.9518,0.84672,12.849,0.84672,3695.15,0,3.68392,0,0.365848,1.56368,3.47049,1.29463,4.10539,0.06048,3.68392,0.06048,456.806,0,1.34059,0,0,1.70643,0.365848,1.542240,1,0,39.5105,0,0,0,39.5105,0
719.303,2.77175,0,0,2.2957,0.111348,0.36288,18.144,61.308,0,0,0,0.694552,0.258346,0.436206,0.99792,12.849,1,0.0494468,0.36288,0,39.0371,4.95778,34.3927,0.84672,12.849,0.84672,3695.15,0,3.68392,0,0.396689,1.56424,3.42781,1.29463,4.09411,0.06048,3.68392,0.06048,456.806,0,1.34107,0,0,1.73775,0.396689,1.542240,1,0,38.923,0,0,0,38.923,0
718.154,2.77268,0,0,2.09811,0.111334,0.36288,18.144,61.308,0.10899,0,0,0.649486,0.258346,0.28215,0.99792,12.849,1,0.0495287,0.36288,0,36.7179,4.95778,32.0735,0.84672,12.849,0.84672,3695.15,0,3.68392,0.00654906,0.261274,1.5648,3.26184,1.29463,3.78674,0.06048,3.68392,0.06048,456.806,0,1.22383,0,0,1.4851,0.261274,1.542240,1,0,36.1424,0,0,0,36.1424,0
716.79,2.83832,0,0,1.92926,0.0922897,0.36288,18.144,61.308,0.138882,0,0,0.615493,0.302222,0.174389,0.99792,12.849,1,0.0507824,0.36288,0,32.8748,5.52239,27.6645,0.84672,12.849,0.84672,3695.15,0,3.68392,0.00834524,0.261274,1.56536,3.10573,1.50072,3.4233,0.06048,3.68392,0.06048,456.806,0,1.22482,0,0,1.48609,0.261274,1.542240,1,0,31.2622,0,0,0,31.2622,0
715.621,2.83924,0,0,2.1096,0.0770411,0.36288,18.144,61.308,0.151012,0,0,0.627689,0.314487,0.162189,0.99792,12.849,1,0.0508955,0.36288,0,33.5904,5.45664,28.4458,0.84672,12.849,0.84672,3695.15,0,3.68392,0.00907413,0.261274,1.6036,3.16664,1.4385,3.58394,0.06048,3.68392,0.06048,456.806,0,1.21224,0,0,1.47351,0.261274,1.542240,1,0,32.1919,0,0,0,32.1919,0
714.398,2.84017,0,0,2.05778,0.0770287,0.36288,18.144,61.308,0.0296803,0,0,0.578325,0.314487,0.234158,0.99792,12.849,1,0.0509954,0.36288,0,33.5472,5.45664,28.4025,0.84672,12.849,0.84672,3695.15,0,3.68392,0.00178345,0.261274,1.60417,3.39329,1.4385,3.81846,0.06048,3.68392,0.06048,456.806,0,1.34368,0,0,1.60496,0.261274,1.542240,1,0,32.4551,0,0,0,32.4551,0
713.043,2.8411,0,0,1.92559,0.0770158,0.36288,18.144,61.308,0.062515,0,0,0.535321,0.314487,0.158318,0.99792,12.849,1,0.0510993,0.36288,0,30.2847,5.45664,25.1398,0.84672,12.849,0.84672,3695.15,0,3.68392,0.00375645,0.227405,1.60475,3.02848,1.4385,3.41837,0.06048,3.68392,0.06048,456.806,0,1.30868,0,0,1.53609,0.227405,1.542240,1,0,28.7165,0,0,0,28.7165,0
711.339,3.03182,0,0,1.7678,0.0770015,0.36288,18.144,61.2331,0.289799,0,0,0.529436,0.314487,0,0.99792,12.849,1,0.0546333,0.36288,0,27.6839,5.45664,22.5355,0.84672,12.849,0.84672,3695.15,0,3.68392,0.0174136,0.227405,1.60532,2.96197,1.4385,3.33879,0.06048,3.68392,0.06048,456.806,0,1.18251,0,0,1.40992,0.227405,1.542240,1,0,25.8742,0,0,0,25.8742,0
709.694,3.03278,0,0,1.81553,0.0650666,0.36288,18.144,61.2628,0.18885,0,0,0.554723,0.336243,0,0.99792,12.849,1,0.0547814,0.36288,0,25.2583,5.83813,19.7283,0.84672,12.849,0.84672,3695.15,0,3.68392,0.0113616,0.227405,1.73368,3.87166,1.49877,4.32262,0.06048,3.68392,0.06048,456.806,0,1.29165,0,0,1.51906,0.227405,1.542240,1,0,24.0509,0,0,0,24.0509,0
707.842,3.03373,0,0,1.60903,0.064679,0.36288,18.144,60.9978,0.419272,0,0,0.502457,0.348206,0,0.99792,12.849,1,0.0549257,0.36288,0,23.638,5.9934,17.9526,0.84672,12.849,0.84672,3695.15,0,3.68392,0.0252121,0.227405,1.7343,2.88733,1.51783,3.30599,0.06048,3.68392,0.06048,456.806,0,1.04475,0,0,1.27215,0.227405,1.542240,1,0,21.2585,0,0,0,21.2585,0
705.704,3.03468,0,0,1.32501,0.0646625,0.36288,18.144,60.5507,0.536749,0,0,0.437327,0.347622,0,0.99792,12.849,1,0.0550865,0.36288,0,29.3452,5.9934,23.6595,0.84672,12.849,0.84672,3695.15,0,3.68392,0.0324166,0.204422,1.73492,2.57595,1.51783,2.96504,0.06048,3.68392,0.06048,456.806,0,0.919659,0,0,1.12408,0.204422,1.542240,1,0,26.6246,0,0,0,26.6246,0
703.707,3.03559,0,0,1.46579,0.0646435,0.36288,18.144,60.5919,0.212932,0,0,0.600749,0.346638,0,0.99792,12.849,1,0.0552701,0.36288,0,25.1594,5.9934,19.4736,0.84672,12.849,0.84672,3695.15,0,3.68392,0.0129548,0.204422,1.73554,3.0783,1.51783,3.48748,0.06048,3.68392,0.06048,456.806,0,1.26711,0,0,1.47153,0.204422,1.542240,1,0,22.9611,0,0,0,22.9611,0
701.752,2.94387,0,0,1.43016,0.0786616,0.36288,18.144,60.5226,0.252189,0,0,0.514268,0.331352,0,0.99792,12.849,1,0.0537523,0.36288,0,29.6355,6.0291,23.9156,0.84672,12.849,0.84672,3695.15,0,3.68392,0.0153328,0.204422,1.73616,2.9901,1.47678,3.43856,0.06048,3.68392,0.06048,456.806,0,1.15359,0,0,1.35801,0.204422,1.542240,1,0,27.3541,0,0,0,27.3541,0
699.867,2.94478,0,0,1.53652,0.113721,0.36288,18.144,60.8714,0.133992,0,0,0.775554,0.292781,0,0.99792,12.849,1,0.0539186,0.36288,0,32.5318,6.11835,26.7224,0.84672,12.849,0.84672,3695.15,0,3.68392,0.00815591,0.204422,1.66341,2.1046,1.37416,2.59012,0.06048,3.68392,0.06048,456.806,0,1.28143,0,0,1.48586,0.204422,1.542240,1,0,29.3125,0,0,0,29.3125,0
697.915,2.94568,0,0,1.47037,0.113691,0.36288,18.144,61.0363,0.201838,0,0,0.660125,0.29343,0,0.99792,12.849,1,0.0540804,0.36288,0,35.0374,6.11835,29.2278,0.84672,12.849,0.84672,3695.15,0,3.68392,0.0122152,0.216518,1.66401,1.89011,1.37416,2.38426,0.06048,3.68392,0.06048,456.806,0,1.20887,0,0,1.42538,0.216518,1.542240,1,0,31.6121,0,0,0,31.6121,0
695.699,2.94659,0,0,1.23936,0.14599,0.36288,18.144,60.9597,0.367198,0,0,0.563248,0.272643,0,0.99792,12.849,1,0.0542483,0.36288,0,24.5066,5.78232,19.0329,0.84672,12.849,0.84672,3695.15,0,3.68392,0.0221627,0.216518,1.6646,2.46433,1.28697,3.03631,0.06048,3.68392,0.06048,456.806,0,1.03187,0,0,1.24838,0.216518,1.542240,1,0,22.0692,0,0,0,22.0692,0
694.15,2.87133,0,0,1.79228,0.106971,0.36288,18.144,61.308,0.0418907,0,0,0.69497,0.294188,0.0105582,0.99792,12.849,1,0.0530311,0.36288,0,24.6736,6.29521,18.6882,0.84672,12.849,0.84672,3695.15,0,3.68392,0.00253154,0.216518,1.66519,3.48236,1.22306,4.13848,0.06048,3.68392,0.06048,456.806,0,1.31692,0,0,1.53344,0.216518,1.542240,1,0,22.8373,0,0,0,22.8373,0
693.62,2.87223,0,0,2.87734,0.172444,0.36288,18.144,61.308,0,0,0,0.594213,0.173196,0.421018,0.99792,12.849,1,0.0531662,0.36288,0,32.2832,3.38574,29.2072,0.84672,12.849,0.84672,3695.15,0,3.68392,0,0.622975,1.60049,3.55467,0.769645,5.00849,0.06048,3.68392,0.06048,456.806,0,1.36273,0,0,1.98571,0.622975,1.542240,1,0,34.6367,0,0,0,34.6367,0
693.384,2.87322,0,0,3.18737,0.186673,0.36288,18.144,61.308,0,0,0,0.869936,0.150851,0.719084,0.99792,12.849,1,0.0532251,0.36288,0,37.1733,2.86325,34.6197,0.84672,12.849,0.84672,3695.15,0,3.68392,0,0.761248,1.60107,3.83797,0.689796,5.51049,0.06048,3.68392,0.06048,456.806,0,1.36322,0,0,2.12446,0.761248,1.542240,1,0,40.8492,0,0,0,40.8492,0
692.631,2.87422,0,0,2.66999,0.186667,0.36288,18.144,61.308,0,0,0,1.12617,0.150851,0.975321,0.99792,12.849,1,0.0532618,0.36288,0,54.5688,2.86325,52.0151,0.84672,12.849,0.84672,3695.15,0,3.68392,0,0.892142,1.60164,4.20297,0.689796,6.00695,0.06048,3.68392,0.06048,456.806,0,1.3637,0,0,2.25584,0.892142,1.542240,1,0,58.9974,0,0,0,58.9974,0
692.17,2.65865,0,0,2.81202,0.251106,0.36288,18.144,61.308,0,0,0,1.35806,0.151513,1.20655,0.99792,12.849,1,0.0493207,0.36288,0,51.1839,3.81455,47.6829,0.84672,12.849,0.84672,3695.15,0,3.68392,0,1.84553,1.60221,5.19267,0.950727,7.68968,0.06048,3.68392,0.06048,456.806,0,1.22716,0,0,3.07269,1.84553,1.542240,1,0,56.5791,0,0,0,56.5791,0
696.423,2.65957,0,0,7.53323,0.257517,0.36288,18.144,61.308,0,0,0,3.17539,0.161429,3.01396,0.99792,12.849,1,0.0493705,0.36288,0,171.713,4.27001,167.757,0.84672,12.849,0.84672,3695.15,0,3.68392,0,2.59361,1.45558,13.2096,1.05385,16.205,0.06048,3.68392,0.06048,456.806,0,1.2276,0,0,3.8212,2.59361,1.542240,1,0,186.976,0,0,0,186.976,0
700.503,2.66081,0,0,7.36318,0.25974,0.36288,18.144,61.308,0,0,0,2.10254,0.174921,1.92761,0.99792,12.849,1,0.0490919,0.36288,0,202.895,4.47741,198.731,0.84672,12.849,0.84672,3695.15,0,3.68392,0,2.17773,1.4561,11.4318,1.0191,14.0466,0.06048,3.68392,0.06048,456.806,0,1.22803,0,0,3.40576,2.17773,1.542240,1,0,214.705,0,0,0,214.705,0
706.626,2.66204,0,0,9.40732,0.259885,0.36288,18.144,61.308,0,0,0,2.08372,0.174921,1.9088,0.99792,12.849,1,0.0488286,0.36288,0,214.688,4.47741,210.525,0.84672,12.849,0.84672,3695.15,0,3.68392,0,2.05716,1.45661,8.92451,1.0191,11.4192,0.06048,3.68392,0.06048,456.806,0,1.22847,0,0,3.28563,2.05716,1.542240,1,0,223.853,0,0,0,223.853,0
712.648,2.6634,0,0,9.30597,0.256804,0.36288,18.144,61.308,0,0,0,3.85357,0.186417,3.66715,0.99792,12.849,1,0.0484303,0.36288,0,102.689,4.70223,98.3012,0.84672,12.849,0.84672,3695.15,0,3.68392,0,2.7834,1.45713,12.0139,1.09429,15.1602,0.06048,3.68392,0.06048,456.806,0,1.22891,0,0,4.0123,2.7834,1.542240,1,0,117.129,0,0,0,117.129,0
717.251,2.66381,0,0,7.91174,0.282118,0.36288,18.144,61.308,0,0,0,2.80305,0.202755,2.60029,0.99792,12.849,1,0.0480282,0.36288,0,117.2,4.06724,113.447,0.84672,12.849,0.84672,3695.15,0,3.68392,0,2.35699,1.45765,9.88468,1.1178,12.5815,0.06048,3.68392,0.06048,456.806,0,1.22891,0,0,3.58589,2.35699,1.542240,1,0,128.629,0,0,0,128.629,0
719.319,2.74852,0,0,5.47178,0.292683,0.36288,18.144,61.308,0,0,0,1.01575,0.180507,0.835245,0.99792,12.849,1,0.0492376,0.36288,0,59.854,3.6792,56.4885,0.84672,12.849,0.84672,3695.15,0,3.68392,0,0.597771,1.45765,6.37749,1.0251,7.40781,0.06048,3.68392,0.06048,456.806,0,1.26908,0,0,1.86685,0.597771,1.542240,1,0,64.7315,0,0,0,64.7315,0
719.448,2.7496,0,0,3.53376,0.292766,0.36288,18.144,61.308,0.313427,0,0,0.701974,0.180507,0.208039,0.99792,12.849,1,0.0491154,0.36288,0,45.3651,3.6792,41.9997,0.84672,12.849,0.84672,3695.15,0,3.68392,0.0188334,0.503194,1.50479,3.98751,1.0251,4.95156,0.06048,3.68392,0.06048,456.806,0,0.932489,0,0,1.43568,0.503194,1.542240,1,0,47.1593,0,0,0,47.1593,0
718.881,2.75055,0,0,2.83957,0.292771,0.36288,18.144,61.308,0.273856,0,0,0.865279,0.180507,0.410915,0.99792,12.849,1,0.0491235,0.36288,0,49.703,3.6792,46.3375,0.84672,12.849,0.84672,3695.15,0,3.68392,0.0164557,0.503194,1.50531,5.44133,1.0251,6.40828,0.06048,3.68392,0.06048,456.806,0,0.975283,0,0,1.47848,0.503194,1.542240,1,0,53.1567,0,0,0,53.1567,0
720.288,2.75145,0,0,4.83517,0.313691,0.36288,18.144,61.308,0,0,0,1.45398,0.206726,1.24726,0.99792,12.849,1,0.0491784,0.36288,0,96.6125,3.87049,93.0557,0.84672,12.849,0.84672,3695.15,0,3.68392,0,1.18584,1.50582,9.89782,1.09187,11.4976,0.06048,3.68392,0.06048,456.806,0,1.27039,0,0,2.45623,1.18584,1.542240,1,0,105.801,0,0,0,105.801,0
718.898,3.02096,0,0,2.33137,0.33769,0.36288,18.144,61.308,0.288936,0,0,0.933443,0.203809,0.440698,0.99792,12.849,1,0.05389,0.36288,0,48.7152,3.85451,45.1697,0.84672,12.849,0.84672,3695.15,0,3.68392,0.0173618,0.503194,1.50634,4.34892,1.06847,5.27262,0.06048,3.68392,0.06048,456.806,0,1.10872,0,0,1.61191,0.503194,1.542240,1,0,50.883,0,0,0,50.883,0
720.312,3.02189,0,0,5.13438,0.336029,0.36288,18.144,61.308,0,0,0,1.05843,0.188659,0.869775,0.99792,12.849,1,0.0540109,0.36288,0,85.3654,3.74609,81.9282,0.84672,12.849,0.84672,3695.15,0,3.68392,0,0.635669,1.67351,5.92108,1.0235,7.20675,0.06048,3.68392,0.06048,456.806,0,1.42073,0,0,2.0564,0.635669,1.542240,1,0,90.0048,0,0,0,90.0048,0
719.182,3.02303,0,0,2.59209,0.336095,0.36288,18.144,61.0059,0.717647,0,0,0.604159,0.188659,0,0.99792,12.849,1,0.0539252,0.36288,0,52.1587,3.74609,48.7216,0.84672,12.849,0.84672,3695.15,0,3.68392,0.0431225,0.608429,1.67408,3.54904,1.0235,4.76493,0.06048,3.68392,0.06048,456.806,0,0.652804,0,0,1.26123,0.608429,1.542240,1,0,53.4865,0,0,0,53.4865,0
717.705,3.02398,0,0,2.21009,0.299884,0.36288,18.144,60.3663,0.93983,0,0,0.500873,0.200634,0,0.99792,12.849,1,0.0540269,0.36288,0,38.2521,3.67112,34.8899,0.84672,12.849,0.84672,3695.15,0,3.68392,0.0567529,0.608429,1.67465,3.37905,0.97329,4.63209,0.06048,3.68392,0.06048,456.806,0,0.418668,0,0,1.0271,0.608429,1.542240,1,0,39.522,0,0,0,39.522,0
718.36,2.64148,0,0,3.97289,0.313783,0.36288,18.144,61.0571,0,0,0,0.9058,0.214949,0,0.99792,12.849,1,0.0472902,0.36288,0,73.4141,4.39776,69.3319,0.84672,12.849,0.84672,3695.15,0,3.68392,0,0.90947,1.67522,6.0328,1.11467,7.50283,0.06048,3.68392,0.06048,456.806,0,1.22139,0,0,2.13086,0.90947,1.542240,1,0,76.8347,0,0,0,76.8347,0
719.084,2.64243,0,0,4.05082,0.321427,0.36288,18.144,61.308,0,0,0,1.04635,0.177334,0.618127,0.99792,12.849,1,0.047264,0.36288,0,74.8103,4.32474,70.8012,0.84672,12.849,0.84672,3695.15,0,3.68392,0,1.40241,1.44752,6.71058,0.996656,8.56385,0.06048,3.68392,0.06048,456.806,0,1.2218,0,0,2.62421,1.40241,1.542240,1,0,79.9832,0,0,0,79.9832,0
719.875,2.64338,0,0,4.11934,0.321458,0.36288,18.144,61.308,0,0,0,0.880969,0.177615,0.703354,0.99792,12.849,1,0.0472334,0.36288,0,76.3382,4.32474,72.3291,0.84672,12.849,0.84672,3695.15,0,3.68392,0,0.829743,1.44801,5.9286,0.996656,7.2097,0.06048,3.68392,0.06048,456.806,0,1.22222,0,0,2.05197,0.829743,1.542240,1,0,80.2422,0,0,0,80.2422,0
720.419,2.64433,0,0,3.87252,0.321493,0.36288,18.144,61.308,0,0,0,0.869486,0.177615,0.691871,0.99792,12.849,1,0.0471985,0.36288,0,71.2672,4.32474,67.2582,0.84672,12.849,0.84672,3695.15,0,3.68392,0,0.723511,1.44851,5.60914,0.996656,6.7845,0.06048,3.68392,0.06048,456.806,0,1.22264,0,0,1.94615,0.723511,1.542240,1,0,74.7345,0,0,0,74.7345,0
720.853,2.64527,0,0,3.77436,0.332164,0.36288,18.144,61.308,0,0,0,0.881919,0.175353,0.706566,0.99792,12.849,1,0.0471796,0.36288,0,70.5914,3.78399,67.1231,0.84672,12.849,0.84672,3695.15,0,3.68392,0,0.852874,1.449,5.97036,0.952462,7.31978,0.06048,3.68392,0.06048,456.806,0,1.22306,0,0,2.07593,0.852874,1.542240,1,0,75.1494,0,0,0,75.1494,0
721.795,2.74289,0,0,4.37311,0.325297,0.36288,18.144,61.308,0,0,0,1.04522,0.124923,0.920301,0.99792,12.849,1,0.0488912,0.36288,0,80.244,3.72718,76.8308,0.84672,12.849,0.84672,3695.15,0,3.68392,0,1.54813,1.4495,6.94869,0.844095,9.10222,0.06048,3.68392,0.06048,456.806,0,1.27268,0,0,2.82081,1.54813,1.542240,1,0,86.8533,0,0,0,86.8533,0
722.084,2.74389,0,0,3.72116,0.325339,0.36288,18.144,61.308,0,0,0,1.08292,0.124923,0.957997,0.99792,12.849,1,0.0488452,0.36288,0,95.0746,3.72718,91.6614,0.84672,12.849,0.84672,3695.15,0,3.68392,0,1.78018,1.50646,7.71267,0.844095,10.1552,0.06048,3.68392,0.06048,456.806,0,1.27312,0,0,3.0533,1.78018,1.542240,1,0,102.775,0,0,0,102.775,0
722.802,2.74485,0,0,4.15027,0.325351,0.36288,18.144,61.308,0,0,0,1.18126,0.124923,1.05634,0.99792,12.849,1,0.0488427,0.36288,0,103.775,3.72718,100.362,0.84672,12.849,0.84672,3695.15,0,3.68392,0,1.30175,1.50697,7.92264,0.844095,9.88726,0.06048,3.68392,0.06048,456.806,0,1.27355,0,0,2.5753,1.30175,1.542240,1,0,111.305,0,0,0,111.305,0
722.775,2.74583,0,0,3.40784,0.325383,0.36288,18.144,61.308,0,0,0,1.03213,0.124923,0.907211,0.99792,12.849,1,0.0488117,0.36288,0,76.2204,3.72718,72.8072,0.84672,12.849,0.84672,3695.15,0,3.68392,0,1.48786,1.50748,5.79646,0.844095,7.94771,0.06048,3.68392,0.06048,456.806,0,1.27399,0,0,2.76185,1.48786,1.542240,1,0,81.6622,0,0,0,81.6622,0
722.03,2.70891,0,0,2.58527,0.25881,0.36288,18.144,61.308,0,0,0,1.14274,0.167653,0.975091,0.99792,12.849,1,0.0481571,0.36288,0,56.9405,4.19801,53.0573,0.84672,12.849,0.84672,3695.15,0,3.68392,0,0.778725,1.508,6.23809,1.05298,7.47183,0.06048,3.68392,0.06048,456.806,0,1.25529,0,0,2.03401,0.778725,1.542240,1,0,61.5042,0,0,0,61.5042,0
722.105,2.70979,0,0,3.40691,0.258784,0.36288,18.144,61.308,0,0,0,1.27596,0.167653,1.10831,0.99792,12.849,1,0.0482224,0.36288,0,62.857,4.19801,58.9737,0.84672,12.849,0.84672,3695.15,0,3.68392,0,0.893061,1.48651,5.42821,1.05298,6.7548,0.06048,3.68392,0.06048,456.806,0,1.25572,0,0,2.14878,0.893061,1.542240,1,0,66.8368,0,0,0,66.8368,0
721.876,2.71072,0,0,3.07209,0.228345,0.36288,18.144,61.308,0,0,0,1.24394,0.174793,1.06914,0.99792,12.849,1,0.048234,0.36288,0,68.3089,4.41472,64.2088,0.84672,12.849,0.84672,3695.15,0,3.68392,0,0.828593,1.48702,5.11602,1.01286,6.41877,0.06048,3.68392,0.06048,456.806,0,1.25614,0,0,2.08474,0.828593,1.542240,1,0,71.6967,0,0,0,71.6967,0
720.898,2.71163,0,0,2.30259,0.205508,0.36288,18.144,61.308,0,0,0,1.07565,0.180149,0.895497,0.99792,12.849,1,0.0482655,0.36288,0,51.4127,4.57727,47.15,0.84672,12.849,0.84672,3695.15,0,3.68392,0,0.552176,1.48752,4.56179,0.982772,5.61872,0.06048,3.68392,0.06048,456.806,0,1.25657,0,0,1.80875,0.552176,1.542240,1,0,53.6642,0,0,0,53.6642,0
719.547,2.84116,0,0,2.03926,0.186374,0.36288,18.144,61.308,0.0688658,0,0,0.930174,0.18096,0.680348,0.99792,12.849,1,0.0506397,0.36288,0,41.7391,4.5943,37.457,0.84672,12.849,0.84672,3695.15,0,3.68392,0.00413806,0.402797,1.48803,3.94603,1.00151,4.83121,0.06048,3.68392,0.06048,456.806,0,1.25055,0,0,1.65335,0.402797,1.542240,1,0,42.9686,0,0,0,42.9686,0
718.109,2.84204,0,0,1.93842,0.172013,0.36288,18.144,61.308,0.122029,0,0,0.920402,0.181568,0.616805,0.99792,12.849,1,0.0507505,0.36288,0,35.6916,4.60709,31.3966,0.84672,12.849,0.84672,3695.15,0,3.68392,0.00733259,0.402797,1.56559,3.88214,1.01557,4.82763,0.06048,3.68392,0.06048,456.806,0,1.19368,0,0,1.59647,0.402797,1.542240,1,0,36.8411,0,0,0,36.8411,0
716.593,2.84291,0,0,1.86269,0.171979,0.36288,18.144,61.308,0.101902,0,0,0.937621,0.181568,0.654151,0.99792,12.849,1,0.0508677,0.36288,0,33.6468,4.60709,29.3518,0.84672,12.849,0.84672,3695.15,0,3.68392,0.00612316,0.30119,1.56612,3.87102,1.01557,4.71665,0.06048,3.68392,0.06048,456.806,0,1.21582,0,0,1.51701,0.30119,1.542240,1,0,34.7226,0,0,0,34.7226,0
714.96,2.84377,0,0,1.74537,0.171943,0.36288,18.144,61.308,0.198318,0,0,0.872605,0.181568,0.49272,0.99792,12.849,1,0.0509907,0.36288,0,31.5206,4.60709,27.2254,0.84672,12.849,0.84672,3695.15,0,3.68392,0.0119167,0.30119,1.56666,3.58909,1.01557,4.42946,0.06048,3.68392,0.06048,456.806,0,1.11249,0,0,1.41368,0.30119,1.542240,1,0,32.1476,0,0,0,32.1476,0
713.55,2.84463,0,0,1.91502,0.117883,0.36288,18.144,61.308,0.00949488,0,0,0.875716,0.221687,0.644534,0.99792,12.849,1,0.0511226,0.36288,0,33.2701,5.41474,28.1671,0.84672,12.849,0.84672,3695.15,0,3.68392,0.000570535,0.30119,1.56719,3.92794,1.12153,4.67423,0.06048,3.68392,0.06048,456.806,0,1.3165,0,0,1.61769,0.30119,1.542240,1,0,33.4859,0,0,0,33.4859,0
712.557,2.82001,0,0,2.31189,0.12176,0.36288,18.144,61.308,0,0,0,1.00089,0.204122,0.79677,0.99792,12.849,1,0.0507804,0.36288,0,40.821,4.70746,36.4256,0.84672,12.849,0.84672,3695.15,0,3.68392,0,0.637481,1.56773,5.0375,0.999373,6.24334,0.06048,3.68392,0.06048,456.806,0,1.36464,0,0,2.00212,0.637481,1.542240,1,0,43.4657,0,0,0,43.4657,0
711.335,2.82091,0,0,2.0836,0.121743,0.36288,18.144,61.308,0,0,0,0.932057,0.204122,0.727935,0.99792,12.849,1,0.0508673,0.36288,0,37.8348,4.70746,33.4394,0.84672,12.849,0.84672,3695.15,0,3.68392,0,0.382075,1.59231,4.79634,0.999373,5.77135,0.06048,3.68392,0.06048,456.806,0,1.36511,0,0,1.74718,0.382075,1.542240,1,0,39.9387,0,0,0,39.9387,0
710.045,2.82178,0,0,1.99244,0.0979592,0.36288,18.144,61.308,0,0,0,0.881168,0.258967,0.6222,0.99792,12.849,1,0.0509705,0.36288,0,34.1103,5.41322,29.009,0.84672,12.849,0.84672,3695.15,0,3.68392,0,0.359517,1.59285,4.55701,1.25698,5.2524,0.06048,3.68392,0.06048,456.806,0,1.36557,0,0,1.72509,0.359517,1.542240,1,0,34.8836,0,0,0,34.8836,0
708.547,2.82265,0,0,1.77593,0.0884381,0.36288,18.144,61.308,0,0,0,0.825967,0.280905,0.545061,0.99792,12.849,1,0.0510789,0.36288,0,30.9897,5.69551,25.606,0.84672,12.849,0.84672,3695.15,0,3.68392,0,0.32526,1.59339,4.40821,1.36003,4.96683,0.06048,3.68392,0.06048,456.806,0,1.36604,0,0,1.6913,0.32526,1.542240,1,0,31.1179,0,0,0,31.1179,0
706.844,2.88941,0,0,1.62683,0.0779537,0.36288,18.144,61.308,0.285062,0,0,0.711564,0.319574,0.106928,0.99792,12.849,1,0.0523974,0.36288,0,25.1936,6.19663,19.3075,0.84672,12.849,0.84672,3695.15,0,3.68392,0.017129,0.261274,1.59394,3.58546,1.47226,3.95129,0.06048,3.68392,0.06048,456.806,0,1.09262,0,0,1.3539,0.261274,1.542240,1,0,23.3657,0,0,0,23.3657,0
705.132,2.89027,0,0,1.61778,0.0761915,0.36288,18.144,61.308,0.20358,0,0,0.647274,0.326019,0.117676,0.99792,12.849,1,0.0525393,0.36288,0,32.162,6.28015,26.1922,0.84672,12.849,0.84672,3695.15,0,3.68392,0.0122328,0.261274,1.63285,3.82963,1.49096,4.22056,0.06048,3.68392,0.06048,456.806,0,1.18064,0,0,1.44191,0.261274,1.542240,1,0,30.5304,0,0,0,30.5304,0
703.317,2.89113,0,0,1.51482,0.0761736,0.36288,18.144,61.308,0.197397,0,0,0.601941,0.326019,0.0785254,0.99792,12.849,1,0.0526825,0.36288,0,25.8231,6.28015,19.8531,0.84672,12.849,0.84672,3695.15,0,3.68392,0.0118613,0.227405,1.63341,3.45212,1.49096,3.81011,0.06048,3.68392,0.06048,456.806,0,1.18777,0,0,1.41517,0.227405,1.542240,1,0,23.7417,0,0,0,23.7417,0
701.365,2.89198,0,0,1.37919,0.0761545,0.36288,18.144,61.1525,0.400899,0,0,0.571464,0.326019,0,0.99792,12.849,1,0.052834,0.36288,0,23.5342,6.28015,17.5641,0.84672,12.849,0.84672,3695.15,0,3.68392,0.0240895,0.227405,1.63397,3.22004,1.49096,3.56636,0.06048,3.68392,0.06048,456.806,0,0.969996,0,0,1.1974,0.227405,1.542240,1,0,21.1305,0,0,0,21.1305,0
699.256,3.08602,0,0,1.39648,0.0561849,0.36288,18.144,61.2012,0.252639,0,0,0.636269,0.334928,0,0.99792,12.849,1,0.0565359,0.36288,0,22.0641,6.53563,15.8348,0.84672,12.849,0.84672,3695.15,0,3.68392,0.0152193,0.227405,1.63452,4.24094,1.55919,4.52847,0.06048,3.68392,0.06048,456.806,0,1.24947,0,0,1.47688,0.227405,1.542240,1,0,20.3633,0,0,0,20.3633,0
696.777,3.0869,0,0,1.02322,0.0523737,0.36288,18.144,60.6304,0.70951,0,0,0.473941,0.335262,0,0.99792,12.849,1,0.0567226,0.36288,0,16.7655,6.52733,10.5443,0.84672,12.849,0.84672,3695.15,0,3.68392,0.0427079,0.227405,1.76519,3.13858,1.58043,3.50804,0.06048,3.68392,0.06048,456.806,0,0.761962,0,0,0.989366,0.227405,1.542240,1,0,14.0524,0,0,0,14.0524,0
694.242,3.08776,0,0,0.967775,0.0523558,0.36288,18.144,59.9861,0.746145,0,0,0.4359,0.334051,0,0.99792,12.849,1,0.0569401,0.36288,0,15.0673,6.52733,8.84591,0.84672,12.849,0.84672,3695.15,0,3.68392,0.045336,0.204422,1.7658,3.10296,1.58043,3.44741,0.06048,3.68392,0.06048,456.806,0,0.723151,0,0,0.927573,0.204422,1.542240,1,0,12.2933,0,0,0,12.2933,0
692.075,3.08861,0,0,1.33646,0.0523376,0.36288,18.144,59.5078,0.628337,0,0,0.482747,0.332685,0,0.99792,12.849,1,0.0571638,0.36288,0,16.162,6.52733,9.94037,0.84672,12.849,0.84672,3695.15,0,3.68392,0.038588,0.204422,1.7664,3.4591,1.58043,3.8109,0.06048,3.68392,0.06048,456.806,0,0.848241,0,0,1.05266,0.204422,1.542240,1,0,13.7513,0,0,0,13.7513,0
690.208,3.08948,0,0,1.66578,0.0802401,0.36288,18.144,59.3251,0.504918,0,0,0.652289,0.330093,0,0.99792,12.849,1,0.0573591,0.36288,0,27.6563,6.29223,21.6696,0.84672,12.849,0.84672,3695.15,0,3.68392,0.0312577,0.204422,1.767,3.80145,1.5562,4.18542,0.06048,3.68392,0.06048,456.806,0,0.980078,0,0,1.1845,0.204422,1.542240,1,0,25.855,0,0,0,25.855,0
687.972,2.99609,0,0,1.19301,0.0702987,0.36288,18.144,59.3197,0.447126,0,0,0.798993,0.357331,0,0.99792,12.849,1,0.0557756,0.36288,0,20.8526,5.92064,15.239,0.84672,12.849,0.84672,3695.15,0,3.68392,0.0277652,0.204422,1.7676,4.89122,1.53821,5.29727,0.06048,3.68392,0.06048,456.806,0,0.969512,0,0,1.17393,0.204422,1.542240,1,0,20.5363,0,0,0,20.5363,0
685.826,2.99693,0,0,1.3539,0.139706,0.36288,18.144,59.2508,0.529908,0,0,0.770697,0.30962,0,0.99792,12.849,1,0.0559726,0.36288,0,17.5913,5.53413,12.3641,0.84672,12.849,0.84672,3695.15,0,3.68392,0.0329088,0.216518,1.69351,3.68844,1.40546,4.1601,0.06048,3.68392,0.06048,456.806,0,0.881513,0,0,1.09803,0.216518,1.542240,1,0,16.5242,0,0,0,16.5242,0
684.117,2.99778,0,0,1.79108,0.139664,0.36288,18.144,59.8059,0.138087,0,0,1.00263,0.309483,0,0.99792,12.849,1,0.0561637,0.36288,0,25.6079,5.53413,20.3805,0.84672,12.849,0.84672,3695.15,0,3.68392,0.00858556,0.216518,1.69409,5.29507,1.40546,5.79163,0.06048,3.68392,0.06048,456.806,0,1.30299,0,0,1.51951,0.216518,1.542240,1,0,26.1721,0,0,0,26.1721,0
682.946,2.99866,0,0,2.33089,0.139631,0.36288,18.144,60.914,0,0,0,1.41874,0.310583,0,0.99792,12.849,1,0.0563206,0.36288,0,50.1412,5.53413,44.9136,0.84672,12.849,0.84672,3695.15,0,3.68392,0,0.675875,1.69466,6.28811,1.40546,7.25319,0.06048,3.68392,0.06048,456.806,0,1.45319,0,0,2.12907,0.675875,1.542240,1,0,52.1668,0,0,0,52.1668,0
680.879,2.9221,0,0,1.42647,0.208586,0.36288,18.144,61.2868,0.220934,0,0,0.823391,0.229706,0,0.99792,12.849,1,0.0549767,0.36288,0,38.6525,4.03256,34.9279,0.84672,12.849,0.84672,3695.15,0,3.68392,0.0133615,0.216518,1.69524,4.18414,1.09764,4.98489,0.06048,3.68392,0.06048,456.806,0,1.14834,0,0,1.36486,0.216518,1.542240,1,0,39.9128,0,0,0,39.9128,0
679.587,2.92293,0,0,2.22971,0.23611,0.36288,18.144,61.308,0.202629,0,0,1.10375,0.19694,0.682974,0.99792,12.849,1,0.0551592,0.36288,0,46.0642,3.43193,42.94,0.84672,12.849,0.84672,3695.15,0,3.68392,0.01218,0.216518,1.62935,6.41227,0.974512,7.27145,0.06048,3.68392,0.06048,456.806,0,1.1686,0,0,1.38512,0.216518,1.542240,1,0,50.8944,0,0,0,50.8944,0
678.685,2.92383,0,0,2.62032,0.236068,0.36288,18.144,61.308,0,0,0,1.82194,0.196966,1.62498,0.99792,12.849,1,0.055281,0.36288,0,49.8669,3.43193,46.7426,0.84672,12.849,0.84672,3695.15,0,3.68392,0,1.19992,1.6299,7.79315,0.974512,9.64847,0.06048,3.68392,0.06048,456.806,0,1.38775,0,0,2.58767,1.19992,1.542240,1,0,58.016,0,0,0,58.016,0
677.03,2.92475,0,0,1.88981,0.257237,0.36288,18.144,61.308,0,0,0,1.2075,0.203865,1.00363,0.99792,12.849,1,0.055372,0.36288,0,44.5968,3.54791,41.3564,0.84672,12.849,0.84672,3695.15,0,3.68392,0,0.417585,1.63046,7.92895,1.00159,8.97541,0.06048,3.68392,0.06048,456.806,0,1.38822,0,0,1.80581,0.417585,1.542240,1,0,51.3355,0,0,0,51.3355,0
677.542,2.70528,0,0,3.88444,0.304146,0.36288,18.144,61.308,0,0,0,1.55856,0.232756,1.32581,0.99792,12.849,1,0.0513421,0.36288,0,96.6618,4.27107,92.7023,0.84672,12.849,0.84672,3695.15,0,3.68392,0,1.27388,1.63101,13.8684,1.13808,15.6352,0.06048,3.68392,0.06048,456.806,0,1.2492,0,0,2.52308,1.27388,1.542240,1,0,109.663,0,0,0,109.663,0
677.573,2.70624,0,0,3.39621,0.296143,0.36288,18.144,61.308,0.0911267,0,0,0.826612,0.248282,0.487203,0.99792,12.849,1,0.0513215,0.36288,0,52.2886,4.84869,47.7515,0.84672,12.849,0.84672,3695.15,0,3.68392,0.00547569,0.292723,1.48173,7.69376,1.2298,8.23293,0.06048,3.68392,0.06048,456.806,0,1.15131,0,0,1.44404,0.292723,1.542240,1,0,56.4716,0,0,0,56.4716,0
677.768,2.70716,0,0,3.56181,0.296145,0.36288,18.144,61.308,0,0,0,1.11571,0.248282,0.867427,0.99792,12.849,1,0.0513366,0.36288,0,63.0333,4.84869,58.4961,0.84672,12.849,0.84672,3695.15,0,3.68392,0,0.830078,1.48223,11.1452,1.2298,12.2277,0.06048,3.68392,0.06048,456.806,0,1.25005,0,0,2.08013,0.830078,1.542240,1,0,71.5912,0,0,0,71.5912,0
676.63,2.7081,0,0,2.22318,0.290828,0.36288,18.144,61.1017,0.493946,0,0,0.518795,0.231117,0,0.99792,12.849,1,0.0513395,0.36288,0,37.761,4.53624,33.5363,0.84672,12.849,0.84672,3695.15,0,3.68392,0.0296806,0.412474,1.48273,5.85747,1.13995,6.58305,0.06048,3.68392,0.06048,456.806,0,0.721043,0,0,1.13352,0.412474,1.542240,1,0,40.1194,0,0,0,40.1194,0
675.324,2.70893,0,0,2.04337,0.277473,0.36288,18.144,60.6557,0.738859,0,0,0.480824,0.187959,0,0.99792,12.849,1,0.0514418,0.36288,0,38.3923,3.75511,34.9486,0.84672,12.849,0.84672,3695.15,0,3.68392,0.044547,0.412474,1.48324,5.44831,0.915308,6.38416,0.06048,3.68392,0.06048,456.806,0,0.461912,0,0,0.874385,0.412474,1.542240,1,0,41.3328,0,0,0,41.3328,0
675.507,2.79462,0,0,3.69012,0.349419,0.36288,18.144,61.308,0,0,0,1.41913,0.226393,0.540474,0.99792,12.849,1,0.0531716,0.36288,0,89.4508,4.3548,85.4057,0.84672,12.849,0.84672,3695.15,0,3.68392,0,0.679905,1.48374,8.14067,1.22331,9.081,0.06048,3.68392,0.06048,456.806,0,1.29178,0,0,1.97168,0.679905,1.542240,1,0,95.0272,0,0,0,95.0272,0
683.565,2.79554,0,0,11.5489,0.331969,0.36288,18.144,61.308,0,0,0,3.19018,0.207517,2.98266,0.99792,12.849,1,0.0531748,0.36288,0,128.893,3.71299,125.49,0.84672,12.849,0.84672,3695.15,0,3.68392,0,2.302,1.5317,17.4527,1.12552,20.1609,0.06048,3.68392,0.06048,456.806,0,1.2922,0,0,3.5942,2.302,1.542240,1,0,148.634,0,0,0,148.634,0
688.299,2.79707,0,0,8.22139,0.328264,0.36288,18.144,61.308,0,0,0,2.2599,0.204417,2.05549,0.99792,12.849,1,0.0525767,0.36288,0,183.772,3.60581,180.476,0.84672,12.849,0.84672,3695.15,0,3.68392,0,1.62416,1.5322,11.2591,1.11213,13.3034,0.06048,3.68392,0.06048,456.806,0,1.29262,0,0,2.91678,1.62416,1.542240,1,0,195.835,0,0,0,195.835,0
691.275,2.79834,0,0,6.4659,0.328479,0.36288,18.144,61.308,0,0,0,3.69762,0.204417,3.4932,0.99792,12.849,1,0.0522388,0.36288,0,117.472,3.60581,114.177,0.84672,12.849,0.84672,3695.15,0,3.68392,0,3.22779,1.5327,14.5973,1.11213,18.2456,0.06048,3.68392,0.06048,456.806,0,1.29304,0,0,4.52083,3.22779,1.542240,1,0,135.916,0,0,0,135.916,0
696.067,3.07253,0,0,8.56221,0.335088,0.36288,18.144,61.308,0,0,0,3.45418,0.196563,3.25761,0.99792,12.849,1,0.0571103,0.36288,0,149.757,3.83596,146.227,0.84672,12.849,0.84672,3695.15,0,3.68392,0,3.33909,1.5332,16.1648,1.1237,19.9134,0.06048,3.68392,0.06048,456.806,0,1.44555,0,0,4.78464,3.33909,1.542240,1,0,169.398,0,0,0,169.398,0
700.358,3.07392,0,0,8.06788,0.340168,0.36288,18.144,61.308,0,0,0,3.49226,0.190673,3.30159,0.99792,12.849,1,0.0567428,0.36288,0,170.681,4.00858,166.979,0.84672,12.849,0.84672,3695.15,0,3.68392,0,2.70312,1.70333,16.7861,1.13237,20.0601,0.06048,3.68392,0.06048,456.806,0,1.44602,0,0,4.14914,2.70312,1.542240,1,0,190.341,0,0,0,190.341,0
703.262,3.07526,0,0,6.68282,0.340369,0.36288,18.144,61.308,0,0,0,2.37732,0.190673,2.18665,0.99792,12.849,1,0.0564198,0.36288,0,107.909,4.00858,104.207,0.84672,12.849,0.84672,3695.15,0,3.68392,0,1.61821,1.70388,10.5326,1.13237,12.7223,0.06048,3.68392,0.06048,456.806,0,1.44649,0,0,3.0647,1.61821,1.542240,1,0,119.116,0,0,0,119.116,0
705.318,3.07649,0,0,5.83585,0.340505,0.36288,18.144,61.308,0,0,0,2.25201,0.190673,2.06133,0.99792,12.849,1,0.0562093,0.36288,0,109.931,4.00858,106.229,0.84672,12.849,0.84672,3695.15,0,3.68392,0,1.3084,1.70444,8.61685,1.13237,10.4973,0.06048,3.68392,0.06048,456.806,0,1.44696,0,0,2.75537,1.3084,1.542240,1,0,118.788,0,0,0,118.788,0
708.372,2.68755,0,0,6.44517,0.340785,0.36288,18.144,61.308,0,0,0,1.9733,0.19215,1.78115,0.99792,12.849,1,0.0489599,0.36288,0,133.275,4.13703,129.452,0.84672,12.849,0.84672,3695.15,0,3.68392,0,1.66344,1.70499,11.6224,1.13637,13.8544,0.06048,3.68392,0.06048,456.806,0,1.24307,0,0,2.90651,1.66344,1.542240,1,0,145.088,0,0,0,145.088,0
712.958,2.68863,0,0,7.97783,0.340087,0.36288,18.144,61.308,0,0,0,4.79021,0.178398,4.61181,0.99792,12.849,1,0.0487685,0.36288,0,200.788,3.88575,197.217,0.84672,12.849,0.84672,3695.15,0,3.68392,0,3.59065,1.47322,20.6406,1.00026,24.7042,0.06048,3.68392,0.06048,456.806,0,1.24348,0,0,4.83412,3.59065,1.542240,1,0,226.533,0,0,0,226.533,0
716.98,2.68981,0,0,7.41718,0.342574,0.36288,18.144,61.308,0,0,0,2.4389,0.170165,2.26873,0.99792,12.849,1,0.0484761,0.36288,0,166.245,3.75134,162.808,0.84672,12.849,0.84672,3695.15,0,3.68392,0,2.49059,1.4737,15.2358,0.960791,18.2393,0.06048,3.68392,0.06048,456.806,0,1.24388,0,0,3.73448,2.49059,1.542240,1,0,183.316,0,0,0,183.316,0
722.9,2.69096,0,0,10.9483,0.342763,1.99444,18.144,61.308,0,0,0,5.68634,0.170165,5.51617,0.99792,12.849,1,0.0482247,1.99444,0,168.459,3.75134,166.654,0.84672,12.849,0.84672,3695.15,0,3.68392,0,5.89734,1.47418,22.0316,0.960791,28.4423,0.06048,3.68392,0.06048,456.806,0,1.24429,0,0,7.14163,5.89734,1.542240,1,0,200.613,0,0,0,200.613,0
722.9,2.69222,0,0,13.2896,0.338575,10.2588,18.144,61.308,0,0,0,7.03439,0.146404,6.88798,0.99792,12.849,1,0.0478523,10.2588,0,178.146,3.74775,184.609,0.84672,12.849,0.84672,3695.15,0,3.68392,0,5.89625,1.47466,27.1671,0.930516,33.6075,0.06048,3.68392,0.06048,456.806,0,1.24469,0,0,7.14094,5.89625,1.542240,1,0,225.104,0,0,0,225.104,0
722.9,2.7915,0,0,11.6532,0.30805,8.55365,18.144,61.308,0,0,0,5.93014,0.162806,5.76734,0.99792,12.849,1,0.0496168,8.55365,0,217.083,4.45557,221.131,0.84672,12.849,0.84672,3695.15,0,3.68392,0,3.73424,1.47514,27.902,1.01171,32.0997,0.06048,3.68392,0.06048,456.806,0,1.29518,0,0,5.02941,3.73424,1.542240,1,0,258.998,0,0,0,258.998,0
722.9,2.79241,0,0,9.70877,0.30805,6.60831,18.144,61.308,0,0,0,5.09417,0.162806,4.93136,0.99792,12.849,1,0.049633,6.60831,0,162.195,4.45557,164.298,0.84672,12.849,0.84672,3695.15,0,3.68392,0,3.73985,1.53308,20.9373,1.01171,25.1985,0.06048,3.68392,0.06048,456.806,0,1.2956,0,0,5.03545,3.73985,1.542240,1,0,194.428,0,0,0,194.428,0
722.9,2.79332,0,0,7.7684,0.262783,4.71229,18.144,61.308,0,0,0,3.54627,0.157811,3.38846,0.99792,12.849,1,0.0496492,4.71229,0,141.179,4.75212,141.09,0.84672,12.849,0.84672,3695.15,0,3.68392,0,2.16514,1.53358,14.5409,1.03099,17.2086,0.06048,3.68392,0.06048,456.806,0,1.29602,0,0,3.46116,2.16514,1.542240,1,0,161.687,0,0,0,161.687,0
722.9,2.79423,0,0,6.70836,0.255238,3.65888,18.144,61.308,0,0,0,3.06925,0.156979,2.91227,0.99792,12.849,1,0.0496654,3.65888,0,125.569,4.80154,124.376,0.84672,12.849,0.84672,3695.15,0,3.68392,0,1.39427,1.53408,12.6274,1.03421,14.5216,0.06048,3.68392,0.06048,456.806,0,1.29644,0,0,2.69071,1.39427,1.542240,1,0,141.81,0,0,0,141.81,0
722.9,2.75662,0,0,7.14105,0.179684,4.20474,18.144,61.308,0,0,0,2.17435,0.195799,1.97855,0.99792,12.849,1,0.0489968,4.20474,0,111.087,4.58474,110.658,0.84672,12.849,0.84672,3695.15,0,3.68392,0,1.68998,1.53458,14.2582,1.10253,16.3802,0.06048,3.68392,0.06048,456.806,0,1.27739,0,0,2.96737,1.68998,1.542240,1,0,129.017,0,0,0,129.017,0
722.9,2.75752,0,0,6.48985,0.167092,3.56524,18.144,61.308,0,0,0,1.86999,0.202269,1.66772,0.99792,12.849,1,0.0490128,3.56524,0,120.386,4.5486,119.354,0.84672,12.849,0.84672,3695.15,0,3.68392,0,1.28946,1.51268,11.7817,1.11392,13.4699,0.06048,3.68392,0.06048,456.806,0,1.27781,0,0,2.56726,1.28946,1.542240,1,0,134.492,0,0,0,134.492,0
722.9,2.75842,0,0,6.13859,0.167092,3.21308,18.144,61.308,0,0,0,1.70685,0.202269,1.50458,0.99792,12.849,1,0.0490287,3.21308,0,106.469,4.5486,105.084,0.84672,12.849,0.84672,3695.15,0,3.68392,0,0.827777,1.51318,10.7666,1.11392,11.9936,0.06048,3.68392,0.06048,456.806,0,1.27822,0,0,2.106,0.827777,1.542240,1,0,118.583,0,0,0,118.583,0
722.9,2.75931,0,0,5.63757,0.167092,2.71116,18.144,61.308,0,0,0,1.5931,0.202269,1.39083,0.99792,12.849,1,0.0490447,2.71116,0,97.664,4.5486,95.7775,0.84672,12.849,0.84672,3695.15,0,3.68392,0,0.776117,1.51367,9.11287,1.11392,10.2887,0.06048,3.68392,0.06048,456.806,0,1.27864,0,0,2.05476,0.776117,1.542240,1,0,107.457,0,0,0,107.457,0
722.9,2.89115,0,0,5.2875,0.122912,2.27344,18.144,61.308,0,0,0,1.51615,0.205878,1.31027,0.99792,12.849,1,0.051388,2.27344,0,83.2352,4.39333,81.0639,0.84672,12.849,0.84672,3695.15,0,3.68392,0,0.742923,1.51416,9.28368,1.04336,10.4974,0.06048,3.68392,0.06048,456.806,0,1.34821,0,0,2.09113,0.742923,1.542240,1,0,92.8716,0,0,0,92.8716,0
722.9,2.89209,0,0,5.0514,0.127022,2.03229,18.144,61.308,0,0,0,1.37534,0.163293,1.21205,0.99792,12.849,1,0.0514047,2.03229,0,68.8599,3.5426,67.2982,0.84672,12.849,0.84672,3695.15,0,3.68392,0,0.758796,1.59306,8.87475,0.90243,10.3242,0.06048,3.68392,0.06048,456.806,0,1.34865,0,0,2.10744,0.758796,1.542240,1,0,78.8345,0,0,0,78.8345,0
722.9,2.89303,0,0,4.77924,0.127022,1.75919,18.144,61.308,0,0,0,1.22843,0.163293,1.06513,0.99792,12.849,1,0.0514214,1.75919,0,63.7095,3.5426,61.8746,0.84672,12.849,0.84672,3695.15,0,3.68392,0,0.489273,1.59358,8.33138,0.90243,9.5118,0.06048,3.68392,0.06048,456.806,0,1.34909,0,0,1.83836,0.489273,1.542240,1,0,72.4516,0,0,0,72.4516,0
722.9,2.89397,0,0,4.52123,0.0954458,1.53182,18.144,61.308,0.0819503,0,0,1.16493,0.208279,0.874702,0.99792,12.849,1,0.0514382,1.53182,0,58.4387,4.15378,55.7653,0.84672,12.849,0.84672,3695.15,0,3.68392,0.00492429,0.30119,1.59409,7.04108,1.06609,7.86535,0.06048,3.68392,0.06048,456.806,0,1.26096,0,0,1.56216,0.30119,1.542240,1,0,64.5054,0,0,0,64.5054,0
722.9,2.89491,0,0,4.17418,0.0607969,1.21847,18.144,61.308,0.0768013,0,0,1.11059,0.263146,0.770639,0.99792,12.849,1,0.0514549,1.21847,0,57.6571,4.89852,53.9255,0.84672,12.849,0.84672,3695.15,0,3.68392,0.00461489,0.30119,1.59461,6.46046,1.24776,7.10388,0.06048,3.68392,0.06048,456.806,0,1.26696,0,0,1.56815,0.30119,1.542240,1,0,61.8001,0,0,0,61.8001,0
722.9,2.86992,0,0,3.96319,0.10551,0.987755,18.144,61.308,0,0,0,1.013,0.232461,0.780536,0.99792,12.849,1,0.0510107,0.987755,0,66.1228,4.47741,62.5821,0.84672,12.849,0.84672,3695.15,0,3.68392,0,0.457696,1.59513,5.31423,1.0285,6.33856,0.06048,3.68392,0.06048,456.806,0,1.38847,0,0,1.84617,0.457696,1.542240,1,0,69.7012,0,0,0,69.7012,0
722.9,2.87085,0,0,3.78059,0.0959424,0.813791,18.144,61.308,0,0,0,0.988943,0.248005,0.740938,0.99792,12.849,1,0.0510273,0.813791,0,62.1791,4.69458,58.2472,0.84672,12.849,0.84672,3695.15,0,3.68392,0,0.46877,1.62012,5.32279,1.102,6.30968,0.06048,3.68392,0.06048,456.806,0,1.38892,0,0,1.85769,0.46877,1.542240,1,0,65.2979,0,0,0,65.2979,0
722.9,2.87179,0,0,3.30845,0.0723319,0.364334,18.144,61.308,0,0,0,0.934381,0.282847,0.651534,0.99792,12.849,1,0.0510439,0.364334,0,58.4269,5.44091,53.2993,0.84672,12.849,0.84672,3695.15,0,3.68392,0,0.287578,1.62064,5.17973,1.36119,5.72676,0.06048,3.68392,0.06048,456.806,0,1.38938,0,0,1.67695,0.287578,1.542240,1,0,59.6776,0,0,0,59.6776,0
722.788,2.87272,0,0,3.19607,0.0727437,0.36288,18.144,61.308,0,0,0,0.919642,0.277488,0.642153,0.99792,12.849,1,0.0510605,0.36288,0,53.7895,5.71211,48.3892,0.84672,12.849,0.84672,3695.15,0,3.68392,0,0.411776,1.62117,5.17281,1.46178,5.74398,0.06048,3.68392,0.06048,456.806,0,1.38983,0,0,1.8016,0.411776,1.542240,1,0,54.7754,0,0,0,54.7754,0
722.431,2.94071,0,0,3.01598,0.0689728,0.36288,18.144,61.308,0.173943,0,0,0.850841,0.306028,0.37087,0.99792,12.849,1,0.0522771,0.36288,0,45.6543,5.55273,40.4122,0.84672,12.849,0.84672,3695.15,0,3.68392,0.010452,0.261274,1.6217,4.05351,1.44305,4.48297,0.06048,3.68392,0.06048,456.806,0,1.23635,0,0,1.49762,0.261274,1.542240,1,0,45.266,0,0,0,45.266,0
722.163,2.94165,0,0,3.10387,0.0674616,0.36288,18.144,61.308,0.0201261,0,0,0.887406,0.317444,0.549836,0.99792,12.849,1,0.0523195,0.36288,0,59.5947,5.48898,54.4163,0.84672,12.849,0.84672,3695.15,0,3.68392,0.00120935,0.261274,1.66126,4.10466,1.43556,4.59042,0.06048,3.68392,0.06048,456.806,0,1.40292,0,0,1.66419,0.261274,1.542240,1,0,59.5566,0,0,0,59.5566,0
721.685,2.94258,0,0,2.89482,0.0674592,0.36288,18.144,61.308,0.00907977,0,0,0.785998,0.317444,0.459474,0.99792,12.849,1,0.0523556,0.36288,0,47.1448,5.48898,41.9663,0.84672,12.849,0.84672,3695.15,0,3.68392,0.000545592,0.227405,1.6618,3.74661,1.43556,4.19972,0.06048,3.68392,0.06048,456.806,0,1.41534,0,0,1.64275,0.227405,1.542240,1,0,46.6255,0,0,0,46.6255,0
720.944,2.94351,0,0,2.63312,0.0674547,0.36288,18.144,61.308,0.247809,0,0,0.738305,0.317444,0.173052,0.99792,12.849,1,0.0524067,0.36288,0,43.3513,5.48898,38.1728,0.84672,12.849,0.84672,3695.15,0,3.68392,0.0148905,0.227405,1.66234,3.42894,1.43556,3.86824,0.06048,3.68392,0.06048,456.806,0,1.15826,0,0,1.38567,0.227405,1.542240,1,0,42.2141,0,0,0,42.2141,0
720.134,3.14105,0,0,2.75223,0.0589036,0.36288,18.144,61.308,0.00612556,0,0,0.878325,0.316432,0.555767,0.99792,12.849,1,0.0559813,0.36288,0,42.7468,5.54004,37.5137,0.84672,12.849,0.84672,3695.15,0,3.68392,0.000368077,0.288844,1.66289,4.58372,1.46305,5.07203,0.06048,3.68392,0.06048,456.806,0,1.54224,0,0,1.83108,0.288844,1.542240,1,0,43.1415,0,0,0,43.1415,0
718.66,3.14201,0,0,2.10335,0.0718315,0.36288,18.144,61.308,0.24403,0,0,0.768908,0.295774,0.229104,0.99792,12.849,1,0.0560614,0.36288,0,33.23,5.14427,28.3925,0.84672,12.849,0.84672,3695.15,0,3.68392,0.0146635,0.227405,1.7958,3.47036,1.42719,4.0517,0.06048,3.68392,0.06048,456.806,0,1.28558,0,0,1.51298,0.227405,1.542240,1,0,32.6733,0,0,0,32.6733,0
717.6,3.14292,0,0,2.51748,0.071817,0.36288,18.144,61.308,0.102622,0,0,0.826027,0.295774,0.427632,0.99792,12.849,1,0.0561926,0.36288,0,34.3909,5.14427,29.5533,0.84672,12.849,0.84672,3695.15,0,3.68392,0.00616642,0.204422,1.79638,3.80656,1.42719,4.374,0.06048,3.68392,0.06048,456.806,0,1.4387,0,0,1.64312,0.204422,1.542240,1,0,34.355,0,0,0,34.355,0
718.301,3.14386,0,0,4.30456,0.0972432,0.36288,18.144,61.308,0.00751763,0,0,1.06096,0.29041,0.76303,0.99792,12.849,1,0.0562925,0.36288,0,57.1532,4.99584,52.4639,0.84672,12.849,0.84672,3695.15,0,3.68392,0.000451725,0.371693,1.79696,4.21357,1.40899,4.97279,0.06048,3.68392,0.06048,456.806,0,1.54224,0,0,1.91393,0.371693,1.542240,1,0,58.1997,0,0,0,58.1997,0
718.861,3.14494,0,0,4.15867,0.090207,0.36288,18.144,61.308,0.00798184,0,0,1.09722,0.281725,0.807513,0.99792,12.849,1,0.0562568,0.36288,0,67.5031,5.2038,62.6059,0.84672,12.849,0.84672,3695.15,0,3.68392,0.000479619,0.270441,1.79755,3.65094,1.3981,4.32036,0.06048,3.68392,0.06048,456.806,0,1.54224,0,0,1.81268,0.270441,1.542240,1,0,67.7338,0,0,0,67.7338,0
719.374,3.05001,0,0,4.0905,0.164883,0.36288,18.144,61.308,0,0,0,1.25292,0.245502,1.00742,0.99792,12.849,1,0.0545163,0.36288,0,47.0343,4.44328,42.8993,0.84672,12.849,0.84672,3695.15,0,3.68392,0,0.922022,1.79813,6.79641,1.08287,8.4337,0.06048,3.68392,0.06048,456.806,0,1.47676,0,0,2.39878,0.922022,1.542240,1,0,52.3405,0,0,0,52.3405,0
718.905,3.05104,0,0,3.11024,0.164894,0.36288,18.144,61.308,0.0108078,0,0,0.817301,0.245502,0.560991,0.99792,12.849,1,0.0544958,0.36288,0,39.1951,4.44328,35.0602,0.84672,12.849,0.84672,3695.15,0,3.68392,0.000649424,0.216518,1.72273,4.43577,1.08287,5.2915,0.06048,3.68392,0.06048,456.806,0,1.46553,0,0,1.68204,0.216518,1.542240,1,0,40.9127,0,0,0,40.9127,0
718.233,3.052,0,0,2.90716,0.164884,0.36288,18.144,61.308,0,0,0,1.13276,0.245502,0.887254,0.99792,12.849,1,0.0545484,0.36288,0,45.1531,4.44328,41.0181,0.84672,12.849,0.84672,3695.15,0,3.68392,0,1.04671,1.72329,5.25413,1.08287,6.94126,0.06048,3.68392,0.06048,456.806,0,1.47772,0,0,2.52443,1.04671,1.542240,1,0,48.8466,0,0,0,48.8466,0
719.898,3.05294,0,0,5.30088,0.219659,0.36288,18.144,61.308,0,0,0,1.39662,0.23611,1.16051,0.99792,12.849,1,0.0546163,0.36288,0,107.552,3.94054,103.919,0.84672,12.849,0.84672,3695.15,0,3.68392,0,1.11234,1.72385,7.46038,0.958319,9.33826,0.06048,3.68392,0.06048,456.806,0,1.4782,0,0,2.59054,1.11234,1.542240,1,0,114.418,0,0,0,114.418,0
722.9,2.97516,0,0,9.04694,0.260013,2.81001,18.144,61.308,0,0,0,2.5329,0.224603,2.3083,0.99792,12.849,1,0.0531017,2.81001,0,116.804,3.84955,115.712,0.84672,12.849,0.84672,3695.15,0,3.68392,0,1.92144,1.72441,9.92961,0.948087,12.6274,0.06048,3.68392,0.06048,456.806,0,1.41065,0,0,3.33209,1.92144,1.542240,1,0,130.647,0,0,0,130.647,0
722.9,2.97634,0,0,6.7071,0.283507,3.44725,18.144,61.308,0,0,0,1.76191,0.217148,1.54476,0.99792,12.849,1,0.0529023,3.44725,0,90.3787,3.84416,89.9289,0.84672,12.849,0.84672,3695.15,0,3.68392,0,0.989744,1.65736,8.17577,0.955982,9.8669,0.06048,3.68392,0.06048,456.806,0,1.4111,0,0,2.40085,0.989744,1.542240,1,0,101.341,0,0,0,101.341,0
722.9,2.97731,0,0,7.14781,0.283507,3.88699,18.144,61.308,0,0,0,2.0449,0.217148,1.82775,0.99792,12.849,1,0.0529194,3.88699,0,175.474,3.84416,175.464,0.84672,12.849,0.84672,3695.15,0,3.68392,0,1.39959,1.6579,9.98698,0.955982,12.0885,0.06048,3.68392,0.06048,456.806,0,1.41156,0,0,2.81115,1.39959,1.542240,1,0,189.38,0,0,0,189.38,0
722.9,2.97828,0,0,5.33955,0.283507,2.07777,18.144,61.308,0,0,0,1.32056,0.217148,1.10342,0.99792,12.849,1,0.0529366,2.07777,0,74.3674,3.84416,72.5481,0.84672,12.849,0.84672,3695.15,0,3.68392,0,0.308626,1.65844,7.04436,0.955982,8.05545,0.06048,3.68392,0.06048,456.806,0,1.41202,0,0,1.72065,0.308626,1.542240,1,0,81.707,0,0,0,81.707,0
722.9,2.75487,0,0,11.053,0.289222,8.00895,18.144,61.308,0,0,0,5.28237,0.227523,5.05485,0.99792,12.849,1,0.0489658,8.00895,0,106.361,4.28428,110.037,0.84672,12.849,0.84672,3695.15,0,3.68392,0,2.29603,1.65898,12.2924,1.07037,15.1771,0.06048,3.68392,0.06048,456.806,0,1.2706,0,0,3.56663,2.29603,1.542240,1,0,130.269,0,0,0,130.269,0
722.9,2.75577,0,0,12.5896,0.312488,9.52135,18.144,61.308,0,0,0,8.20117,0.226092,7.97508,0.99792,12.849,1,0.0489817,9.52135,0,319.001,4.54154,323.932,0.84672,12.849,0.84672,3695.15,0,3.68392,0,3.19522,1.50711,16.4411,1.23442,19.909,0.06048,3.68392,0.06048,456.806,0,1.27101,0,0,4.46623,3.19522,1.542240,1,0,351.816,0,0,0,351.816,0
722.9,2.75666,0,0,13.0151,0.307391,9.95107,18.144,61.308,0,0,0,8.54824,0.214015,8.33423,0.99792,12.849,1,0.0489976,9.95107,0,223.265,4.24032,228.926,0.84672,12.849,0.84672,3695.15,0,3.68392,0,3.37714,1.50759,17.4994,1.16878,21.2153,0.06048,3.68392,0.06048,456.806,0,1.27143,0,0,4.64856,3.37714,1.542240,1,0,258.476,0,0,0,258.476,0
722.9,2.75755,0,0,15.5569,0.307391,12.492,18.144,61.308,0,0,0,11.3214,0.214015,11.1074,0.99792,12.849,1,0.0490135,12.492,0,234.83,4.24032,243.033,0.84672,12.849,0.84672,3695.15,0,3.68392,0,4.92758,1.50808,20.8801,1.16878,26.147,0.06048,3.68392,0.06048,456.806,0,1.27184,0,0,6.19942,4.92758,1.542240,1,0,280.287,0,0,0,280.287,0
722.9,2.75845,0,0,15.7769,0.307391,12.7111,18.144,61.308,0,0,0,14.0215,0.214015,13.8075,0.99792,12.849,1,0.0490293,12.7111,0,285.576,4.24032,293.998,0.84672,12.849,0.84672,3695.15,0,3.68392,0,5.77847,1.50857,24.8136,1.16878,30.9319,0.06048,3.68392,0.06048,456.806,0,1.27225,0,0,7.05072,5.77847,1.542240,1,0,338.737,0,0,0,338.737,0
722.9,2.84576,0,0,7.50151,0.284122,4.37162,18.144,61.308,0,0,0,3.16246,0.217927,2.94453,0.99792,12.849,1,0.0505812,4.37162,0,120.841,3.90864,121.253,0.84672,12.849,0.84672,3695.15,0,3.68392,0,1.50789,1.50906,8.12039,0.906614,10.2307,0.06048,3.68392,0.06048,456.806,0,1.3138,0,0,2.82169,1.50789,1.542240,1,0,134.428,0,0,0,134.428,0
722.9,2.84665,0,0,11.6971,0.29714,8.5533,18.144,61.308,0,0,0,2.38145,0.227376,2.15408,0.99792,12.849,1,0.050597,8.5533,0,138.919,4.82255,142.599,0.84672,12.849,0.84672,3695.15,0,3.68392,0,1.56429,1.55782,9.72959,1.12198,11.7297,0.06048,3.68392,0.06048,456.806,0,1.31421,0,0,2.8785,1.56429,1.542240,1,0,156.483,0,0,0,156.483,0
722.9,2.84753,0,0,10.8931,0.298463,7.74714,18.144,61.308,0,0,0,2.79342,0.243446,2.54997,0.99792,12.849,1,0.0506127,7.74714,0,132.319,5.06342,134.952,0.84672,12.849,0.84672,3695.15,0,3.68392,0,1.84692,1.5583,9.51657,1.21698,11.7048,0.06048,3.68392,0.06048,456.806,0,1.31462,0,0,3.16154,1.84692,1.542240,1,0,149.207,0,0,0,149.207,0
722.9,2.84842,0,0,13.8026,0.298463,10.6557,18.144,61.308,0,0,0,6.19707,0.243446,5.95362,0.99792,12.849,1,0.0506285,10.6557,0,302.988,5.06342,308.529,0.84672,12.849,0.84672,3695.15,0,3.68392,0,3.79178,1.55879,15.1612,1.21698,19.2948,0.06048,3.68392,0.06048,456.806,0,1.31503,0,0,5.10681,3.79178,1.542240,1,0,333.778,0,0,0,333.778,0
722.9,3.12722,0,0,8.56189,0.287531,5.14715,18.144,61.308,0,0,0,3.54241,0.231156,3.31125,0.99792,12.849,1,0.0555839,5.14715,0,225.863,4.83846,226.117,0.84672,12.849,0.84672,3695.15,0,3.68392,0,1.87244,1.55927,11.2408,1.20894,13.4636,0.06048,3.68392,0.06048,456.806,0,1.4701,0,0,3.34255,1.87244,1.542240,1,0,242.891,0,0,0,242.891,0
722.9,3.12819,0,0,9.3598,0.272954,5.95865,18.144,61.308,0,0,0,4.00753,0.21477,3.79276,0.99792,12.849,1,0.0556012,5.95865,0,264.457,4.53852,265.821,0.84672,12.849,0.84672,3695.15,0,3.68392,0,2.48528,1.73226,13.0203,1.19823,16.0396,0.06048,3.68392,0.06048,456.806,0,1.47056,0,0,3.95584,2.48528,1.542240,1,0,285.653,0,0,0,285.653,0
722.9,3.12916,0,0,7.8459,0.272954,4.44378,18.144,61.308,0,0,0,3.75846,0.21477,3.54369,0.99792,12.849,1,0.0556185,4.44378,0,188.123,4.53852,187.973,0.84672,12.849,0.84672,3695.15,0,3.68392,0,2.35809,1.7328,12.0387,1.19823,14.9314,0.06048,3.68392,0.06048,456.806,0,1.47102,0,0,3.82911,2.35809,1.542240,1,0,206.448,0,0,0,206.448,0
722.9,3.13014,0,0,8.44897,0.311789,5.00705,18.144,61.308,0,0,0,4.2896,0.219726,4.06987,0.99792,12.849,1,0.0556358,5.00705,0,183.753,4.45932,184.245,0.84672,12.849,0.84672,3695.15,0,3.68392,0,2.43925,1.73334,13.3121,1.17734,16.3073,0.06048,3.68392,0.06048,456.806,0,1.47148,0,0,3.91072,2.43925,1.542240,1,0,204.622,0,0,0,204.622,0
722.9,2.73422,0,0,6.59458,0.335561,3.5248,18.144,61.308,0,0,0,2.66886,0.220071,2.44879,0.99792,12.849,1,0.0485987,3.5248,0,167.695,4.12445,167.046,0.84672,12.849,0.84672,3695.15,0,3.68392,0,1.74931,1.73388,9.35669,1.11698,11.7229,0.06048,3.68392,0.06048,456.806,0,1.26411,0,0,3.01342,1.74931,1.542240,1,0,181.218,0,0,0,181.218,0
722.9,2.73507,0,0,5.34981,0.298217,2.31652,18.144,61.308,0,0,0,1.68533,0.211722,1.4736,0.99792,12.849,1,0.0486138,2.31652,0,109.759,3.81874,108.208,0.84672,12.849,0.84672,3695.15,0,3.68392,0,1.621,1.49815,6.86811,1.07363,8.91363,0.06048,3.68392,0.06048,456.806,0,1.2645,0,0,2.8855,1.621,1.542240,1,0,118.596,0,0,0,118.596,0
722.9,2.73592,0,0,6.77487,0.29235,3.7466,18.144,61.308,0,0,0,2.26429,0.212762,2.05153,0.99792,12.849,1,0.0486289,3.7466,0,136.429,3.83401,136.293,0.84672,12.849,0.84672,3695.15,0,3.68392,0,2.86367,1.49862,11.4148,1.07614,14.701,0.06048,3.68392,0.06048,456.806,0,1.2649,0,0,4.12856,2.86367,1.542240,1,0,153.046,0,0,0,153.046,0
722.9,2.73677,0,0,7.73653,0.33682,4.66294,18.144,61.308,0,0,0,2.43149,0.225739,2.20576,0.99792,12.849,1,0.048644,4.66294,0,202.99,4.67219,202.932,0.84672,12.849,0.84672,3695.15,0,3.68392,0,5.29199,1.49908,16.2701,1.1027,21.9584,0.06048,3.68392,0.06048,456.806,0,1.26529,0,0,6.55728,5.29199,1.542240,1,0,227.096,0,0,0,227.096,0
722.9,2.73762,0,0,5.20762,0.33682,2.13318,18.144,61.308,0,0,0,1.63076,0.225739,1.40502,0.99792,12.849,1,0.0486591,2.13318,0,128.565,4.67219,125.977,0.84672,12.849,0.84672,3695.15,0,3.68392,0,2.16228,1.49955,8.66091,1.1027,11.22,0.06048,3.68392,0.06048,456.806,0,1.26568,0,0,3.42796,2.16228,1.542240,1,0,138.602,0,0,0,138.602,0
722.9,2.83853,0,0,4.26984,0.330035,1.10127,18.144,61.308,0,0,0,1.28907,0.144854,1.14422,0.99792,12.849,1,0.0504527,1.10127,0,60.7483,3.06228,58.7368,0.84672,12.849,0.84672,3695.15,0,3.68392,0,1.23848,1.50001,5.4384,0.754469,7.42243,0.06048,3.68392,0.06048,456.806,0,1.31699,0,0,2.55548,1.23848,1.542240,1,0,67.3035,0,0,0,67.3035,0
722.9,2.83941,0,0,3.91587,0.328815,0.747647,18.144,61.308,0.288373,0,0,1.07434,0.150509,0.635459,0.99792,12.849,1,0.0504684,0.747647,0,70.3119,3.15777,67.8513,0.84672,12.849,0.84672,3695.15,0,3.68392,0.017328,0.528595,1.55891,5.13633,0.811355,6.39515,0.06048,3.68392,0.06048,456.806,0,1.00697,0,0,1.53556,0.528595,1.542240,1,0,74.8819,0,0,0,74.8819,0
722.9,2.84029,0,0,3.88513,0.328815,0.716024,18.144,61.308,0,0,0,1.77686,0.150509,1.62635,0.99792,12.849,1,0.050484,0.716024,0,71.858,3.15777,69.3658,0.84672,12.849,0.84672,3695.15,0,3.68392,0,1.92131,1.55939,7.45221,0.811355,10.1216,0.06048,3.68392,0.06048,456.806,0,1.31781,0,0,3.23913,1.92131,1.542240,1,0,81.1137,0,0,0,81.1137,0
722.849,2.84117,0,0,3.46963,0.316152,0.36288,18.144,61.308,0,0,0,1.60002,0.157181,1.44284,0.99792,12.849,1,0.0504997,0.36288,0,72.9518,3.28071,69.9835,0.84672,12.849,0.84672,3695.15,0,3.68392,0,1.01839,1.55987,6.33639,0.834124,8.08052,0.06048,3.68392,0.06048,456.806,0,1.31822,0,0,2.33661,1.01839,1.542240,1,0,79.5069,0,0,0,79.5069,0
722.229,2.80288,0,0,2.79684,0.251498,0.36288,18.144,61.308,0,0,0,1.07533,0.203611,0.871724,0.99792,12.849,1,0.0498226,0.36288,0,47.3893,4.13085,43.5715,0.84672,12.849,0.84672,3695.15,0,3.68392,0,0.575134,1.56036,3.9698,1.02073,5.08457,0.06048,3.68392,0.06048,456.806,0,1.29883,0,0,1.87396,0.575134,1.542240,1,0,49.5278,0,0,0,49.5278,0
721.412,2.80371,0,0,2.60531,0.256006,0.36288,18.144,61.308,0,0,0,1.08124,0.206168,0.875076,0.99792,12.849,1,0.0498801,0.36288,0,45.4682,4.17585,41.6053,0.84672,12.849,0.84672,3695.15,0,3.68392,0,0.698896,1.53807,4.5385,1.04073,5.73474,0.06048,3.68392,0.06048,456.806,0,1.29923,0,0,1.99813,0.698896,1.542240,1,0,48.2151,0,0,0,48.2151,0
721.792,2.80453,0,0,3.80327,0.255977,0.36288,18.144,61.308,0,0,0,1.26523,0.206168,1.05906,0.99792,12.849,1,0.0499512,0.36288,0,53.5922,4.17585,49.7293,0.84672,12.849,0.84672,3695.15,0,3.68392,0,0.934019,1.53855,4.08699,1.04073,5.51883,0.06048,3.68392,0.06048,456.806,0,1.29964,0,0,2.23366,0.934019,1.542240,1,0,56.3072,0,0,0,56.3072,0
721.243,2.80542,0,0,2.8377,0.21794,0.36288,18.144,61.308,0,0,0,1.15729,0.215093,0.9422,0.99792,12.849,1,0.0499408,0.36288,0,52.0122,4.44675,47.8784,0.84672,12.849,0.84672,3695.15,0,3.68392,0,0.710047,1.53903,3.63942,0.990578,4.89792,0.06048,3.68392,0.06048,456.806,0,1.30004,0,0,2.01009,0.710047,1.542240,1,0,53.7185,0,0,0,53.7185,0
720.274,2.93938,0,0,2.53746,0.204555,0.36288,18.144,61.308,0.100376,0,0,1.02084,0.221042,0.699424,0.99792,12.849,1,0.0523652,0.36288,0,45.2368,4.65171,40.8956,0.84672,12.849,0.84672,3695.15,0,3.68392,0.00603147,0.402797,1.53951,3.31212,0.992084,4.25631,0.06048,3.68392,0.06048,456.806,0,1.26228,0,0,1.66507,0.402797,1.542240,1,0,45.8513,0,0,0,45.8513,0
719.594,2.94022,0,0,2.80075,0.177085,0.36288,18.144,61.308,0.158185,0,0,0.990213,0.209688,0.62234,0.99792,12.849,1,0.0524507,0.36288,0,50.9142,4.38879,46.8359,0.84672,12.849,0.84672,3695.15,0,3.68392,0.00950516,0.402797,1.6197,3.26659,1.03802,4.24155,0.06048,3.68392,0.06048,456.806,0,1.20039,0,0,1.60319,0.402797,1.542240,1,0,51.6998,0,0,0,51.6998,0
718.727,2.94108,0,0,2.59115,0.154245,0.36288,18.144,61.308,0.0614843,0,0,1.00665,0.215043,0.730119,0.99792,12.849,1,0.0525156,0.36288,0,46.125,4.55133,41.884,0.84672,12.849,0.84672,3695.15,0,3.68392,0.00369451,0.30119,1.6202,3.22316,1.00793,4.13292,0.06048,3.68392,0.06048,456.806,0,1.30512,0,0,1.60631,0.30119,1.542240,1,0,46.7471,0,0,0,46.7471,0
717.779,2.94193,0,0,2.51045,0.154227,0.36288,18.144,61.308,0.116015,0,0,1.05482,0.215043,0.723765,0.99792,12.849,1,0.0525942,0.36288,0,43.7662,4.55133,39.5251,0.84672,12.849,0.84672,3695.15,0,3.68392,0.00697121,0.30119,1.6207,3.34582,1.00793,4.25281,0.06048,3.68392,0.06048,456.806,0,1.24668,0,0,1.54787,0.30119,1.542240,1,0,44.5017,0,0,0,44.5017,0
716.67,2.94278,0,0,2.35101,0.154207,0.36288,18.144,61.308,0.24693,0,0,0.973097,0.215043,0.511125,0.99792,12.849,1,0.0526788,0.36288,0,41.0215,4.55133,36.7804,0.84672,12.849,0.84672,3695.15,0,3.68392,0.0148377,0.30119,1.6212,3.03155,1.00793,3.93118,0.06048,3.68392,0.06048,456.806,0,1.10623,0,0,1.40742,0.30119,1.542240,1,0,41.2227,0,0,0,41.2227,0
715.088,2.91724,0,0,1.80967,0.111021,0.36288,18.144,61.2733,0.399131,0,0,0.625571,0.26112,0,0.99792,12.849,1,0.0523026,0.36288,0,22.6484,5.09134,17.8676,0.84672,12.849,0.84672,3695.15,0,3.68392,0.0239833,0.30119,1.62171,2.34886,1.2511,2.99667,0.06048,3.68392,0.06048,456.806,0,0.982074,0,0,1.28326,0.30119,1.542240,1,0,20.8643,0,0,0,20.8643,0
713.399,2.91804,0,0,1.70241,0.110997,0.36288,18.144,61.1606,0.441758,0,0,0.590105,0.261063,0,0.99792,12.849,1,0.0524325,0.36288,0,22.4808,5.09134,17.7,0.84672,12.849,0.84672,3695.15,0,3.68392,0.0265597,0.261274,1.64708,2.45494,1.2511,3.08563,0.06048,3.68392,0.06048,456.806,0,0.936947,0,0,1.19822,0.261274,1.542240,1,0,20.7856,0,0,0,20.7856,0
711.556,2.91882,0,0,1.55017,0.110972,0.36288,18.144,61.0433,0.440514,0,0,0.584138,0.260877,0,0.99792,12.849,1,0.0525707,0.36288,0,22.3069,5.09134,17.5259,0.84672,12.849,0.84672,3695.15,0,3.68392,0.0265337,0.261274,1.64759,2.36275,1.2511,2.99398,0.06048,3.68392,0.06048,456.806,0,0.93865,0,0,1.19992,0.261274,1.542240,1,0,20.5199,0,0,0,20.5199,0
709.565,2.91959,0,0,1.40256,0.110943,0.36288,18.144,60.7442,0.580541,0,0,0.542099,0.260684,0,0.99792,12.849,1,0.0527208,0.36288,0,20.0318,5.09134,15.2506,0.84672,12.849,0.84672,3695.15,0,3.68392,0.0350352,0.261274,1.6481,2.2661,1.2511,2.88934,0.06048,3.68392,0.06048,456.806,0,0.789808,0,0,1.05108,0.261274,1.542240,1,0,18.1399,0,0,0,18.1399,0
707.601,2.9885,0,0,1.46934,0.0823315,0.36288,18.144,60.3343,0.631784,0,0,0.523021,0.301134,0,0.99792,12.849,1,0.0541166,0.36288,0,20.6995,5.7637,15.2445,0.84672,12.849,0.84672,3695.15,0,3.68392,0.0383155,0.261274,1.64861,2.2167,1.47912,2.60916,0.06048,3.68392,0.06048,456.806,0,0.769763,0,0,1.03104,0.261274,1.542240,1,0,17.8537,0,0,0,17.8537,0
705.706,2.98928,0,0,1.53452,0.0775042,0.36288,18.144,59.9324,0.63234,0,0,0.523217,0.292825,0,0.99792,12.849,1,0.054281,0.36288,0,20.3692,5.77395,14.9039,0.84672,12.849,0.84672,3695.15,0,3.68392,0.0386097,0.261274,1.68881,2.26291,1.4698,2.70459,0.06048,3.68392,0.06048,456.806,0,0.769306,0,0,1.03058,0.261274,1.542240,1,0,17.6085,0,0,0,17.6085,0
703.634,2.99007,0,0,1.35824,0.0774841,0.36288,18.144,59.4813,0.650132,0,0,0.491089,0.292076,0,0.99792,12.849,1,0.054441,0.36288,0,19.2282,5.77395,13.7627,0.84672,12.849,0.84672,3695.15,0,3.68392,0.0399623,0.227405,1.68933,2.26416,1.4698,2.67114,0.06048,3.68392,0.06048,456.806,0,0.750531,0,0,0.977936,0.227405,1.542240,1,0,16.4339,0,0,0,16.4339,0
701.444,2.99084,0,0,1.24184,0.077462,0.36288,18.144,58.9417,0.722658,0,0,0.474382,0.291236,0,0.99792,12.849,1,0.0546154,0.36288,0,18.0573,5.77395,12.5917,0.84672,12.849,0.84672,3695.15,0,3.68392,0.0447572,0.227405,1.68986,2.15728,1.4698,2.55999,0.06048,3.68392,0.06048,456.806,0,0.673618,0,0,0.901022,0.227405,1.542240,1,0,15.1516,0,0,0,15.1516,0
698.895,3.19139,0,0,1.06176,0.0569432,0.36288,18.144,58.2788,0.838989,0,0,0.466646,0.290637,0,0.99792,12.849,1,0.0584596,0.36288,0,16.894,5.96825,11.2301,0.84672,12.849,0.84672,3695.15,0,3.68392,0.0524377,0.227405,1.69038,2.10999,1.50289,2.47245,0.06048,3.68392,0.06048,456.806,0,0.673462,0,0,0.900867,0.227405,1.542240,1,0,13.7026,0,0,0,13.7026,0
696.171,3.19217,0,0,0.873228,0.0425038,0.36288,18.144,57.617,0.817095,0,0,0.398622,0.243312,0,0.99792,12.849,1,0.0586872,0.36288,0,14.7847,5.44131,9.64756,0.84672,12.849,0.84672,3695.15,0,3.68392,0.0516502,0.227405,1.82546,1.8403,1.49115,2.35037,0.06048,3.68392,0.06048,456.806,0,0.696453,0,0,0.923858,0.227405,1.542240,1,0,11.9979,0,0,0,11.9979,0
693.427,3.19293,0,0,0.854729,0.0424879,0.36288,18.144,56.9032,0.844162,0,0,0.372703,0.242274,0,0.99792,12.849,1,0.058931,0.36288,0,13.4914,5.44131,8.354,0.84672,12.849,0.84672,3695.15,0,3.68392,0.0539741,0.204422,1.82603,1.8471,1.49115,2.33242,0.06048,3.68392,0.06048,456.806,0,0.667535,0,0,0.871957,0.204422,1.542240,1,0,10.6864,0,0,0,10.6864,0
691.07,3.19369,0,0,1.24178,0.0424719,0.36288,18.144,56.3922,0.698123,0,0,0.428248,0.241155,0,0.99792,12.849,1,0.0591782,0.36288,0,15.366,5.44131,10.2284,0.84672,12.849,0.84672,3695.15,0,3.68392,0.0451965,0.204422,1.82659,2.04792,1.49115,2.54259,0.06048,3.68392,0.06048,456.806,0,0.822528,0,0,1.02695,0.204422,1.542240,1,0,12.771,0,0,0,12.771,0
689.229,3.19448,0,0,1.78979,0.0730333,0.36288,18.144,56.1104,0.617366,0,0,0.566844,0.231268,0,0.99792,12.849,1,0.0593948,0.36288,0,25.07,5.3099,20.0636,0.84672,12.849,0.84672,3695.15,0,3.68392,0.0403305,0.204422,1.82716,2.27996,1.46463,2.80657,0.06048,3.68392,0.06048,456.806,0,0.908781,0,0,1.1132,0.204422,1.542240,1,0,22.8702,0,0,0,22.8702,0
686.571,3.09782,0,0,0.844036,0.0416676,0.36288,18.144,55.6088,0.647237,0,0,0.355081,0.209435,0,0.99792,12.849,1,0.0577514,0.36288,0,17.0287,5.0872,12.2466,0.84672,12.849,0.84672,3695.15,0,3.68392,0.0424942,0.204422,1.82772,1.20845,1.35555,1.84255,0.06048,3.68392,0.06048,456.806,0,0.80206,0,0,1.00648,0.204422,1.542240,1,0,14.0891,0,0,0,14.0891,0
683.693,3.09856,0,0,0.62199,0.0384709,0.36288,18.144,54.7705,0.936365,0,0,0.303953,0.205943,0,0.99792,12.849,1,0.0579888,0.36288,0,9.21266,5.01827,4.49928,0.84672,12.849,0.84672,3695.15,0,3.68392,0.06048,0.216518,1.75106,0.809084,1.3378,1.37838,0.06048,3.68392,0.06048,456.806,0,0.504662,0,0,0.721181,0.216518,1.542240,1,0,5.87766,0,0,0,5.87766,0
681.646,3.09928,0,0,1.53029,0.115214,0.36288,18.144,54.9545,0.0889321,0,0,0.48347,0.210484,0,0.99792,12.849,1,0.0582465,0.36288,0,12.2657,4.55506,8.01526,0.84672,12.849,0.84672,3695.15,0,3.68392,0.00598167,0.216518,1.7516,2.10442,1.23824,2.82832,0.06048,3.68392,0.06048,456.806,0,1.40478,0,0,1.6213,0.216518,1.542240,1,0,10.8436,0,0,0,10.8436,0
679.393,3.10007,0,0,1.36585,0.156194,0.36288,18.144,54.8372,0.436589,0,0,0.543435,0.224137,0,0.99792,12.849,1,0.0584362,0.36288,0,20.6404,4.35855,16.5863,0.84672,12.849,0.84672,3695.15,0,3.68392,0.0292671,0.216518,1.75215,1.57699,1.16886,2.34753,0.06048,3.68392,0.06048,456.806,0,1.02841,0,0,1.24493,0.216518,1.542240,1,0,18.9339,0,0,0,18.9339,0
678.322,3.02074,0,0,2.46494,0.151937,0.36288,18.144,54.6818,0.425409,0,0,0.493014,0.2231,0,0.99792,12.849,1,0.0571297,0.36288,0,16.4047,4.33644,12.374,0.84672,12.849,0.84672,3695.15,0,3.68392,0.0285786,0.216518,1.75269,2.01361,1.07671,2.87753,0.06048,3.68392,0.06048,456.806,0,0.972225,0,0,1.18874,0.216518,1.542240,1,0,15.2515,0,0,0,15.2515,0
677.675,3.02158,0,0,2.97322,0.235468,0.36288,18.144,54.3281,0.541777,0,0,0.400738,0.212588,0,0.99792,12.849,1,0.0572359,0.36288,0,23.782,4.39782,19.6899,0.84672,12.849,0.84672,3695.15,0,3.68392,0.0364996,0.216518,1.68451,2.04444,1.06958,2.83939,0.06048,3.68392,0.06048,456.806,0,0.847524,0,0,1.06404,0.216518,1.542240,1,0,22.5292,0,0,0,22.5292,0
676.581,3.02247,0,0,2.52658,0.235447,0.36288,18.144,54.1765,0.38927,0,0,0.449735,0.212092,0,0.99792,12.849,1,0.0573072,0.36288,0,19.4408,4.39782,15.3485,0.84672,12.849,0.84672,3695.15,0,3.68392,0.0263959,0.292723,1.68503,2.27239,1.06958,3.15417,0.06048,3.68392,0.06048,456.806,0,1.01173,0,0,1.30445,0.292723,1.542240,1,0,18.5027,0,0,0,18.5027,0
680.742,3.02331,0,0,7.78212,0.235411,0.36288,18.144,55.4038,0,0,0,1.43923,0.211879,0,0.99792,12.849,1,0.0574159,0.36288,0,67.3554,4.39782,63.263,0.84672,12.849,0.84672,3695.15,0,3.68392,0,2.73667,1.68555,5.40334,1.06958,8.75599,0.06048,3.68392,0.06048,456.806,0,1.43509,0,0,4.17175,2.73667,1.542240,1,0,72.019,0,0,0,72.019,0
683.826,2.7968,0,0,6.50515,0.261186,0.36288,18.144,56.5163,0,0,0,1.31306,0.20056,0,0.99792,12.849,1,0.0527897,0.36288,0,60.3632,4.26497,56.4083,0.84672,12.849,0.84672,3695.15,0,3.68392,0,0.954054,1.68608,5.1718,1.03386,6.77807,0.06048,3.68392,0.06048,456.806,0,1.29134,0,0,2.24539,0.954054,1.542240,1,0,63.1864,0,0,0,63.1864,0
688.871,2.7979,0,0,8.46262,0.256772,0.36288,18.144,57.711,0,0,0,1.42413,0.229527,0,0.99792,12.849,1,0.0525722,0.36288,0,63.6333,4.99138,58.9523,0.84672,12.849,0.84672,3695.15,0,3.68392,0,2.05151,1.5317,7.10058,1.2511,9.43268,0.06048,3.68392,0.06048,456.806,0,1.29173,0,0,3.34325,2.05151,1.542240,1,0,68.3849,0,0,0,68.3849,0
692.652,2.79915,0,0,7.2487,0.305554,0.36288,18.144,58.5454,0,0,0,1.08159,0.247138,0,0.99792,12.849,1,0.0522104,0.36288,0,77.7047,4.56152,73.4539,0.84672,12.849,0.84672,3695.15,0,3.68392,0,1.4656,1.53217,6.8323,1.10262,8.72746,0.06048,3.68392,0.06048,456.806,0,1.29213,0,0,2.75773,1.4656,1.542240,1,0,82.1813,0,0,0,82.1813,0
696.537,2.80029,0,0,7.35433,0.305713,0.36288,18.144,59.6953,0,0,0,1.39839,0.248472,0,0.99792,12.849,1,0.0519466,0.36288,0,101.666,4.56152,97.4154,0.84672,12.849,0.84672,3695.15,0,3.68392,0,1.91988,1.53265,7.94388,1.10262,10.2938,0.06048,3.68392,0.06048,456.806,0,1.29253,0,0,3.21241,1.91988,1.542240,1,0,107.709,0,0,0,107.709,0
701.9,2.80144,0,0,8.83284,0.305877,0.36288,18.144,60.9554,0,0,0,1.51034,0.25031,0,0.99792,12.849,1,0.0516781,0.36288,0,149.691,4.56152,145.441,0.84672,12.849,0.84672,3695.15,0,3.68392,0,1.93888,1.53312,6.41294,1.10262,8.78232,0.06048,3.68392,0.06048,456.806,0,1.29293,0,0,3.23181,1.93888,1.542240,1,0,154.223,0,0,0,154.223,0
706.029,2.89047,0,0,7.6445,0.262117,0.36288,18.144,61.308,0,0,0,2.11683,0.239735,1.52445,0.99792,12.849,1,0.052913,0.36288,0,125.947,4.03599,122.221,0.84672,12.849,0.84672,3695.15,0,3.68392,0,2.90237,1.5336,9.30563,1.02299,12.7186,0.06048,3.68392,0.06048,456.806,0,1.33514,0,0,4.23751,2.90237,1.542240,1,0,136.464,0,0,0,136.464,0
707.083,2.89163,0,0,4.55287,0.244662,0.36288,18.144,61.308,0,0,0,1.62123,0.235224,1.386,0.99792,12.849,1,0.0526247,0.36288,0,119.804,3.83229,116.282,0.84672,12.849,0.84672,3695.15,0,3.68392,0,2.01236,1.58312,8.44111,0.99114,11.0454,0.06048,3.68392,0.06048,456.806,0,1.33554,0,0,3.3479,2.01236,1.542240,1,0,128.713,0,0,0,128.713,0
708.85,2.89257,0,0,5.26708,0.244697,0.36288,18.144,61.308,0,0,0,1.88569,0.235224,1.65046,0.99792,12.849,1,0.0525633,0.36288,0,94.1406,3.82578,90.6251,0.84672,12.849,0.84672,3695.15,0,3.68392,0,2.66188,1.58359,9.42564,0.99114,12.68,0.06048,3.68392,0.06048,456.806,0,1.33593,0,0,3.99781,2.66188,1.542240,1,0,104.956,0,0,0,104.956,0
710.843,2.89355,0,0,5.53729,0.287632,0.36288,18.144,61.308,0,0,0,1.75219,0.221957,1.53024,0.99792,12.849,1,0.0524501,0.36288,0,114.851,3.91856,111.243,0.84672,12.849,0.84672,3695.15,0,3.68392,0,2.39125,1.58406,9.3458,1.07558,12.2455,0.06048,3.68392,0.06048,456.806,0,1.33633,0,0,3.72758,2.39125,1.542240,1,0,125.018,0,0,0,125.018,0
711.388,3.17688,0,0,4.39271,0.308061,0.36288,18.144,61.308,0,0,0,1.66115,0.215829,1.44532,0.99792,12.849,1,0.0574244,0.36288,0,97.0047,4.05314,93.2571,0.84672,12.849,0.84672,3695.15,0,3.68392,0,1.78001,1.58453,8.82628,1.12614,11.0647,0.06048,3.68392,0.06048,456.806,0,1.49389,0,0,3.2739,1.78001,1.542240,1,0,105.767,0,0,0,105.767,0
711.281,3.17786,0,0,3.74998,0.316074,0.36288,18.144,61.308,0,0,0,1.77371,0.213779,1.55993,0.99792,12.849,1,0.0573982,0.36288,0,90.3839,4.29681,86.3926,0.84672,12.849,0.84672,3695.15,0,3.68392,0,1.73105,1.76029,8.98266,1.1681,11.3059,0.06048,3.68392,0.06048,456.806,0,1.49433,0,0,3.22538,1.73105,1.542240,1,0,99.2584,0,0,0,99.2584,0
711.821,3.1788,0,0,4.3981,0.31607,0.36288,18.144,61.308,0,0,0,1.87707,0.213779,1.66329,0.99792,12.849,1,0.0574237,0.36288,0,108.032,4.29681,104.041,0.84672,12.849,0.84672,3695.15,0,3.68392,0,1.72174,1.76081,9.46408,1.1681,11.7785,0.06048,3.68392,0.06048,456.806,0,1.49478,0,0,3.21652,1.72174,1.542240,1,0,117.482,0,0,0,117.482,0
712.498,3.17978,0,0,4.53021,0.310514,0.36288,18.144,61.308,0,0,0,1.93809,0.205564,1.73253,0.99792,12.849,1,0.0573978,0.36288,0,111.641,4.111,107.835,0.84672,12.849,0.84672,3695.15,0,3.68392,0,2.10021,1.76133,10.499,1.11331,13.2472,0.06048,3.68392,0.06048,456.806,0,1.49522,0,0,3.59543,2.10021,1.542240,1,0,122.815,0,0,0,122.815,0
713.31,2.77759,0,0,4.23443,0.282377,0.36288,18.144,61.308,0,0,0,1.99697,0.211012,1.78596,0.99792,12.849,1,0.0500903,0.36288,0,102.647,3.90526,99.0542,0.84672,12.849,0.84672,3695.15,0,3.68392,0,1.97608,1.76185,9.3234,0.964308,12.097,0.06048,3.68392,0.06048,456.806,0,1.28449,0,0,3.26057,1.97608,1.542240,1,0,112.937,0,0,0,112.937,0
715.212,2.77847,0,0,5.32791,0.284038,0.36288,18.144,61.308,0,0,0,2.28107,0.182618,2.09845,0.99792,12.849,1,0.0500491,0.36288,0,86.7966,3.86274,83.2467,0.84672,12.849,0.84672,3695.15,0,3.68392,0,1.4567,1.5223,14.5671,0.843905,16.7022,0.06048,3.68392,0.06048,456.806,0,1.28487,0,0,2.74157,1.4567,1.542240,1,0,102.047,0,0,0,102.047,0
715.982,2.77942,0,0,4.19608,0.284112,0.36288,18.144,61.308,0,0,0,1.28211,0.182618,1.09949,0.99792,12.849,1,0.0499331,0.36288,0,71.6835,3.86274,68.1337,0.84672,12.849,0.84672,3695.15,0,3.68392,0,0.590426,1.52275,7.98032,0.843905,9.24959,0.06048,3.68392,0.06048,456.806,0,1.28525,0,0,1.87567,0.590426,1.542240,1,0,78.4828,0,0,0,78.4828,0
716.211,2.7803,0,0,3.65648,0.284142,0.36288,18.144,61.308,0.0912593,0,0,1.36807,0.182618,1.0942,0.99792,12.849,1,0.0498952,0.36288,0,63.4272,3.86274,59.8774,0.84672,12.849,0.84672,3695.15,0,3.68392,0.00548366,0.558835,1.5232,6.8712,0.843905,8.10385,0.06048,3.68392,0.06048,456.806,0,1.18712,0,0,1.74595,0.558835,1.542240,1,0,69.0755,0,0,0,69.0755,0
718.913,2.78114,0,0,6.12965,0.283469,0.36288,18.144,61.308,0,0,0,1.98033,0.176891,1.80344,0.99792,12.849,1,0.0498942,0.36288,0,128.993,3.77308,125.533,0.84672,12.849,0.84672,3695.15,0,3.68392,0,1.81756,1.52365,11.3785,0.82855,13.8912,0.06048,3.68392,0.06048,456.806,0,1.28601,0,0,3.10357,1.81756,1.542240,1,0,141.228,0,0,0,141.228,0
720.465,2.8838,0,0,5.06531,0.267276,0.36288,18.144,61.308,0,0,0,1.3965,0.151246,1.24525,0.99792,12.849,1,0.0515415,0.36288,0,102.711,4.37267,98.6501,0.84672,12.849,0.84672,3695.15,0,3.68392,0,0.854048,1.52411,10.5137,0.854238,12.0376,0.06048,3.68392,0.06048,456.806,0,1.33813,0,0,2.19218,0.854048,1.542240,1,0,111.933,0,0,0,111.933,0
721.576,2.88476,0,0,4.63796,0.279658,0.36288,18.144,61.308,0,0,0,1.41826,0.171889,1.24637,0.99792,12.849,1,0.0514477,0.36288,0,91.0976,4.00722,87.4018,0.84672,12.849,0.84672,3695.15,0,3.68392,0,0.834359,1.58392,9.15287,0.872966,10.6982,0.06048,3.68392,0.06048,456.806,0,1.33852,0,0,2.17288,0.834359,1.542240,1,0,99.3463,0,0,0,99.3463,0
722.9,2.88569,0,0,7.51153,0.282094,3.01926,18.144,61.308,0,0,0,2.1741,0.175087,1.99901,0.99792,12.849,1,0.0513851,3.01926,0,153.572,3.91472,152.625,0.84672,12.849,0.84672,3695.15,0,3.68392,0,2.36537,1.58439,15.0829,0.872814,18.1599,0.06048,3.68392,0.06048,456.806,0,1.33892,0,0,3.70429,2.36537,1.542240,1,0,172.784,0,0,0,172.784,0
722.9,2.88663,0,0,5.90967,0.282145,2.74089,18.144,61.308,0,0,0,1.93801,0.175087,1.76293,0.99792,12.849,1,0.0513078,2.74089,0,118.256,3.91472,117.031,0.84672,12.849,0.84672,3695.15,0,3.68392,0,1.59218,1.58486,12.5899,0.872814,14.8942,0.06048,3.68392,0.06048,456.806,0,1.33931,0,0,2.93149,1.59218,1.542240,1,0,133.688,0,0,0,133.688,0
722.9,2.84769,0,0,4.44123,0.254588,1.33895,18.144,61.308,0,0,0,1.32532,0.188597,1.13672,0.99792,12.849,1,0.0506156,1.33895,0,80.8946,3.9803,78.2026,0.84672,12.849,0.84672,3695.15,0,3.68392,0,0.942247,1.58532,8.42486,0.895063,10.0574,0.06048,3.68392,0.06048,456.806,0,1.31959,0,0,2.26184,0.942247,1.542240,1,0,89.3967,0,0,0,89.3967,0
722.868,2.84853,0,0,3.41376,0.23392,0.36288,18.144,61.308,0.0749374,0,0,0.885306,0.198729,0.61164,0.99792,12.849,1,0.0506305,0.36288,0,60.1989,4.02948,56.4816,0.84672,12.849,0.84672,3695.15,0,3.68392,0.00450289,0.528595,1.56266,5.81462,0.911749,6.98962,0.06048,3.68392,0.06048,456.806,0,1.23903,0,0,1.76762,0.528595,1.542240,1,0,64.0829,0,0,0,64.0829,0
722.421,2.84937,0,0,2.9989,0.233919,0.36288,18.144,61.308,0.0802237,0,0,0.853027,0.198729,0.574075,0.99792,12.849,1,0.0506477,0.36288,0,55.945,4.02948,52.2277,0.84672,12.849,0.84672,3695.15,0,3.68392,0.00482054,0.402797,1.56312,5.70623,0.911749,6.75558,0.06048,3.68392,0.06048,456.806,0,1.23371,0,0,1.63651,0.402797,1.542240,1,0,59.5574,0,0,0,59.5574,0
722.375,2.85018,0,0,3.40076,0.233905,0.36288,18.144,61.308,0.190641,0,0,0.890456,0.198729,0.501087,0.99792,12.849,1,0.0506935,0.36288,0,62.7333,4.02948,59.016,0.84672,12.849,0.84672,3695.15,0,3.68392,0.0114554,0.402797,1.56358,6.60106,0.911749,7.64424,0.06048,3.68392,0.06048,456.806,0,1.1152,0,0,1.518,0.402797,1.542240,1,0,67.1613,0,0,0,67.1613,0
721.849,2.98627,0,0,2.98498,0.161897,0.36288,18.144,61.308,0.29006,0,0,0.767265,0.230762,0.246443,0.99792,12.849,1,0.0531172,0.36288,0,53.0494,4.4247,48.9345,0.84672,12.849,0.84672,3695.15,0,3.68392,0.0174294,0.402797,1.56405,5.4485,0.98698,6.41094,0.06048,3.68392,0.06048,456.806,0,1.07998,0,0,1.48278,0.402797,1.542240,1,0,55.5919,0,0,0,55.5919,0
721.277,2.98711,0,0,2.96717,0.189042,0.36288,18.144,61.308,0.185327,0,0,0.882757,0.210919,0.486512,0.99792,12.849,1,0.053171,0.36288,0,48.0362,4.03767,44.3083,0.84672,12.849,0.84672,3695.15,0,3.68392,0.011136,0.402797,1.64549,5.16671,0.839531,6.36433,0.06048,3.68392,0.06048,456.806,0,1.19292,0,0,1.59572,0.402797,1.542240,1,0,51.1591,0,0,0,51.1591,0
720.323,2.98795,0,0,2.58619,0.189027,0.36288,18.144,61.308,0.28612,0,0,0.756674,0.210919,0.259635,0.99792,12.849,1,0.0532281,0.36288,0,42.3071,4.03767,38.5791,0.84672,12.849,0.84672,3695.15,0,3.68392,0.0171926,0.30119,1.64598,4.52279,0.839531,5.61323,0.06048,3.68392,0.06048,456.806,0,1.08503,0,0,1.38622,0.30119,1.542240,1,0,44.452,0,0,0,44.452,0
719.039,2.98877,0,0,2.25666,0.189002,0.36288,18.144,61.308,0.252807,0,0,0.695739,0.210919,0.232013,0.99792,12.849,1,0.0533131,0.36288,0,39.9037,4.03767,36.1756,0.84672,12.849,0.84672,3695.15,0,3.68392,0.0151909,0.30119,1.64646,4.63933,0.839531,5.73227,0.06048,3.68392,0.06048,456.806,0,1.1212,0,0,1.42239,0.30119,1.542240,1,0,42.1398,0,0,0,42.1398,0
717.554,2.98956,0,0,2.05555,0.188969,0.36288,18.144,61.308,0.360174,0,0,0.627017,0.210919,0.0559246,0.99792,12.849,1,0.0534224,0.36288,0,36.5267,4.03767,32.7985,0.84672,12.849,0.84672,3695.15,0,3.68392,0.0216424,0.30119,1.64695,4.41308,0.839531,5.50004,0.06048,3.68392,0.06048,456.806,0,1.0065,0,0,1.30769,0.30119,1.542240,1,0,38.3545,0,0,0,38.3545,0
716.028,2.96355,0,0,1.94031,0.139198,0.36288,18.144,61.308,0.128305,0,0,0.871265,0.236154,0.506806,0.99792,12.849,1,0.0530673,0.36288,0,39.8504,4.85882,35.3014,0.84672,12.849,0.84672,3695.15,0,3.68392,0.0077097,0.30119,1.64744,5.24874,1.07913,6.11053,0.06048,3.68392,0.06048,456.806,0,1.29523,0,0,1.59642,0.30119,1.542240,1,0,41.9188,0,0,0,41.9188,0
714.365,2.96431,0,0,1.79999,0.136418,0.36288,18.144,61.308,0,0,0,0.905653,0.234598,0.671056,0.99792,12.849,1,0.0531941,0.36288,0,39.8846,4.88155,35.3127,0.84672,12.849,0.84672,3695.15,0,3.68392,0,0.285239,1.67319,5.22913,1.08792,6.09963,0.06048,3.68392,0.06048,456.806,0,1.43438,0,0,1.71962,0.285239,1.542240,1,0,42.0834,0,0,0,42.0834,0
712.545,2.96507,0,0,1.64506,0.136387,0.36288,18.144,61.308,0.209745,0,0,0.84691,0.234598,0.402567,0.99792,12.849,1,0.0533315,0.36288,0,37.5151,4.88155,32.943,0.84672,12.849,0.84672,3695.15,0,3.68392,0.0126033,0.261274,1.67368,4.97594,1.08792,5.81037,0.06048,3.68392,0.06048,456.806,0,1.20832,0,0,1.46959,0.261274,1.542240,1,0,39.156,0,0,0,39.156,0
710.612,2.96581,0,0,1.51267,0.117339,0.36288,18.144,61.308,0.209238,0,0,0.80257,0.278474,0.314858,0.99792,12.849,1,0.053481,0.36288,0,33.5886,5.44616,28.4518,0.84672,12.849,0.84672,3695.15,0,3.68392,0.0125729,0.261274,1.67418,4.7378,1.29401,5.36667,0.06048,3.68392,0.06048,456.806,0,1.20929,0,0,1.47056,0.261274,1.542240,1,0,34.1334,0,0,0,34.1334,0
708.62,3.03577,0,0,1.50976,0.103397,0.36288,18.144,61.308,0.299761,0,0,0.854081,0.319041,0.235279,0.99792,12.849,1,0.0548916,0.36288,0,29.9191,6.00433,24.2228,0.84672,12.849,0.84672,3695.15,0,3.68392,0.0180123,0.261274,1.67467,4.48581,1.48415,4.91959,0.06048,3.68392,0.06048,456.806,0,1.14735,0,0,1.40862,0.261274,1.542240,1,0,29.3776,0,0,0,29.3776,0
706.666,3.03652,0,0,1.54916,0.10383,0.36288,18.144,61.308,0.0757102,0,0,0.94176,0.329254,0.536796,0.99792,12.849,1,0.0550595,0.36288,0,41.0225,6.18398,35.1464,0.84672,12.849,0.84672,3695.15,0,3.68392,0.00454933,0.261274,1.71548,4.87347,1.53158,5.31409,0.06048,3.68392,0.06048,456.806,0,1.38919,0,0,1.65046,0.261274,1.542240,1,0,40.9973,0,0,0,40.9973,0
704.606,3.03726,0,0,1.44483,0.103802,0.36288,18.144,61.308,0.0644406,0,0,0.834149,0.329254,0.440454,0.99792,12.849,1,0.0552253,0.36288,0,32.4526,6.18398,26.5763,0.84672,12.849,0.84672,3695.15,0,3.68392,0.00387215,0.227405,1.71598,4.44835,1.53158,4.85628,0.06048,3.68392,0.06048,456.806,0,1.40181,0,0,1.62922,0.227405,1.542240,1,0,31.873,0,0,0,31.873,0
702.416,3.038,0,0,1.31421,0.103773,0.36288,18.144,61.308,0.301435,0,0,0.78351,0.329254,0.15282,0.99792,12.849,1,0.0554001,0.36288,0,29.8414,6.18398,23.9649,0.84672,12.849,0.84672,3695.15,0,3.68392,0.0181129,0.227405,1.71649,4.07118,1.53158,4.46538,0.06048,3.68392,0.06048,456.806,0,1.14685,0,0,1.37425,0.227405,1.542240,1,0,28.5831,0,0,0,28.5831,0
700.205,3.24167,0,0,1.48689,0.0937386,0.36288,18.144,61.308,0.0525249,0,0,0.952586,0.323063,0.576998,0.99792,12.849,1,0.0592986,0.36288,0,30.6881,6.32547,24.6662,0.84672,12.849,0.84672,3695.15,0,3.68392,0.00315615,0.316535,1.717,5.96844,1.56846,6.43036,0.06048,3.68392,0.06048,456.806,0,1.54224,0,0,1.85878,0.316535,1.542240,1,0,31.6735,0,0,0,31.6735,0
697.512,3.24245,0,0,1.00256,0.0898603,0.36288,18.144,61.308,0.198221,0,0,0.862021,0.294076,0.369725,0.99792,12.849,1,0.0595,0.36288,0,23.7518,6.04432,18.0108,0.84672,12.849,0.84672,3695.15,0,3.68392,0.0119108,0.227405,1.85418,4.11062,1.42383,4.75646,0.06048,3.68392,0.06048,456.806,0,1.3851,0,0,1.61251,0.227405,1.542240,1,0,23.137,0,0,0,23.137,0
694.715,3.24318,0,0,0.898871,0.089827,0.36288,18.144,61.308,0.274447,0,0,0.78141,0.294076,0.212887,0.99792,12.849,1,0.0597432,0.36288,0,21.2035,6.04432,15.4623,0.84672,12.849,0.84672,3695.15,0,3.68392,0.0164912,0.204422,1.85472,4.00846,1.42383,4.62729,0.06048,3.68392,0.06048,456.806,0,1.30341,0,0,1.50784,0.204422,1.542240,1,0,20.3025,0,0,0,20.3025,0
692.094,3.2439,0,0,1.07584,0.0897924,0.36288,18.144,61.308,0.154643,0,0,0.839454,0.294076,0.390735,0.99792,12.849,1,0.059997,0.36288,0,21.9443,6.04432,16.2029,0.84672,12.849,0.84672,3695.15,0,3.68392,0.0092923,0.204422,1.85527,4.39679,1.42383,5.02337,0.06048,3.68392,0.06048,456.806,0,1.43311,0,0,1.63753,0.204422,1.542240,1,0,21.617,0,0,0,21.617,0
690.211,3.24463,0,0,1.83959,0.115104,0.36288,18.144,61.308,0.0542646,0,0,1.0782,0.288712,0.735226,0.99792,12.849,1,0.0602378,0.36288,0,36.4688,5.8959,30.8756,0.84672,12.849,0.84672,3695.15,0,3.68392,0.00326069,0.365187,1.85582,4.8669,1.40562,5.67903,0.06048,3.68392,0.06048,456.806,0,1.54224,0,0,1.90743,0.365187,1.542240,1,0,37.2898,0,0,0,37.2898,0
688.356,3.1464,0,0,1.78368,0.129325,0.36288,18.144,61.308,0,0,0,1.27766,0.252149,1.02551,0.99792,12.849,1,0.0585736,0.36288,0,26.3539,4.96956,21.6886,0.84672,12.849,0.84672,3695.15,0,3.68392,0,0.226267,1.85637,5.43402,1.25379,6.26286,0.06048,3.68392,0.06048,456.806,0,1.52454,0,0,1.75081,0.226267,1.542240,1,0,28.977,0,0,0,28.977,0
686.034,3.14718,0,0,1.32531,0.137798,0.36288,18.144,61.308,0.395567,0,0,1.08524,0.240998,0.44867,0.99792,12.849,1,0.0587459,0.36288,0,20.87,4.51584,16.6583,0.84672,12.849,0.84672,3695.15,0,3.68392,0.0237691,0.216518,1.77847,4.8132,1.19742,5.587,0.06048,3.68392,0.06048,456.806,0,1.09857,0,0,1.31509,0.216518,1.542240,1,0,22.694,0,0,0,22.694,0
683.787,3.14791,0,0,1.42037,0.155937,0.36288,18.144,61.308,0,0,0,1.77574,0.237867,1.53787,0.99792,12.849,1,0.0589585,0.36288,0,36.6498,4.34826,32.6054,0.84672,12.849,0.84672,3695.15,0,3.68392,0,0.913838,1.779,6.65493,1.1559,8.19186,0.06048,3.68392,0.06048,456.806,0,1.52544,0,0,2.43928,0.913838,1.542240,1,0,42.3351,0,0,0,42.3351,0
683.571,3.14865,0,0,3.49626,0.201331,0.36288,18.144,61.308,0,0,0,2.19097,0.23004,1.96093,0.99792,12.849,1,0.059166,0.36288,0,64.3075,3.92931,60.6819,0.84672,12.849,0.84672,3695.15,0,3.68392,0,0.893896,1.77952,10.1386,1.05211,11.7599,0.06048,3.68392,0.06048,456.806,0,1.52589,0,0,2.41979,0.893896,1.542240,1,0,74.4028,0,0,0,74.4028,0
682.696,3.0682,0,0,2.77301,0.216575,0.36288,18.144,61.308,0,0,0,1.5933,0.238655,1.35465,0.99792,12.849,1,0.0576725,0.36288,0,58.1427,4.11162,54.3363,0.84672,12.849,0.84672,3695.15,0,3.68392,0,0.68537,1.78005,13.8332,1.06981,15.2289,0.06048,3.68392,0.06048,456.806,0,1.45611,0,0,2.14148,0.68537,1.542240,1,0,70.9198,0,0,0,70.9198,0
681.01,3.06903,0,0,2.00002,0.254669,0.36288,18.144,61.308,0.159451,0,0,0.959152,0.260194,0.539508,0.99792,12.849,1,0.0577621,0.36288,0,39.7847,4.5674,35.5224,0.84672,12.849,0.84672,3695.15,0,3.68392,0.00958119,0.216518,1.71078,6.1441,1.11406,6.94776,0.06048,3.68392,0.06048,456.806,0,1.28417,0,0,1.50069,0.216518,1.542240,1,0,43.0097,0,0,0,43.0097,0
681.666,3.06979,0,0,4.344,0.25461,0.36288,18.144,61.308,0,0,0,2.95563,0.260194,2.69544,0.99792,12.849,1,0.0579196,0.36288,0,79.7714,4.5674,75.509,0.84672,12.849,0.84672,3695.15,0,3.68392,0,2.97735,1.71129,12.8571,1.11406,16.4317,0.06048,3.68392,0.06048,456.806,0,1.45697,0,0,4.43432,2.97735,1.542240,1,0,94.6361,0,0,0,94.6361,0
680.565,3.07075,0,0,2.58744,0.254633,0.36288,18.144,61.308,0,0,0,1.41985,0.260194,1.15966,0.99792,12.849,1,0.0578818,0.36288,0,49.6043,4.5674,45.3419,0.84672,12.849,0.84672,3695.15,0,3.68392,0,0.599194,1.71179,6.96056,1.11406,8.15748,0.06048,3.68392,0.06048,456.806,0,1.4574,0,0,2.0566,0.599194,1.542240,1,0,54.6591,0,0,0,54.6591,0
681.805,2.84024,0,0,4.70287,0.260213,0.36288,18.144,61.308,0,0,0,2.24077,0.266636,1.97413,0.99792,12.849,1,0.0536234,0.36288,0,91.1411,4.70514,86.7452,0.84672,12.849,0.84672,3695.15,0,3.68392,0,1.29209,1.7123,11.8509,1.1529,13.7024,0.06048,3.68392,0.06048,456.806,0,1.3114,0,0,2.60348,1.29209,1.542240,1,0,102.422,0,0,0,102.422,0
687.515,2.84117,0,0,9.19015,0.276622,0.36288,18.144,61.308,0,0,0,7.91177,0.206623,7.70515,0.99792,12.849,1,0.0535435,0.36288,0,165.592,4.30437,161.597,0.84672,12.849,0.84672,3695.15,0,3.68392,0,5.72998,1.5555,22.4181,1.06358,28.64,0.06048,3.68392,0.06048,456.806,0,1.31178,0,0,7.04176,5.72998,1.542240,1,0,197.942,0,0,0,197.942,0
692.596,2.84245,0,0,8.5638,0.27684,0.36288,18.144,61.308,0,0,0,8.80534,0.206623,8.59872,0.99792,12.849,1,0.0531227,0.36288,0,167.399,4.30437,163.405,0.84672,12.849,0.84672,3695.15,0,3.68392,0,5.16986,1.55595,23.1525,1.06358,28.8148,0.06048,3.68392,0.06048,456.806,0,1.31217,0,0,6.48203,5.16986,1.542240,1,0,200.818,0,0,0,200.818,0
696.524,2.84367,0,0,7.41174,0.277034,0.36288,18.144,61.308,0,0,0,9.55688,0.206623,9.35025,0.99792,12.849,1,0.0527555,0.36288,0,145.69,4.30437,141.696,0.84672,12.849,0.84672,3695.15,0,3.68392,0,5.34541,1.55641,24.5198,1.06358,30.358,0.06048,3.68392,0.06048,456.806,0,1.31256,0,0,6.65797,5.34541,1.542240,1,0,181.404,0,0,0,181.404,0
699.351,2.8448,0,0,6.31166,0.277184,0.36288,18.144,61.308,0,0,0,5.61923,0.206623,5.41261,0.99792,12.849,1,0.0524789,0.36288,0,109.764,4.30437,105.77,0.84672,12.849,0.84672,3695.15,0,3.68392,0,4.29275,1.55687,21.6567,1.06358,26.4427,0.06048,3.68392,0.06048,456.806,0,1.31294,0,0,5.60569,4.29275,1.542240,1,0,137.626,0,0,0,137.626,0
706.948,2.93497,0,0,11.1719,0.276993,0.36288,18.144,61.308,0,0,0,9.78009,0.177797,9.60229,0.99792,12.849,1,0.0539235,0.36288,0,200.314,3.66597,196.957,0.84672,12.849,0.84672,3695.15,0,3.68392,0,3.96933,1.55733,23.4597,0.990873,27.9955,0.06048,3.68392,0.06048,456.806,0,1.35578,0,0,5.32512,3.96933,1.542240,1,0,234.555,0,0,0,234.555,0
715.41,2.93637,0,0,12.0494,0.288322,0.36288,18.144,61.308,0,0,0,8.25572,0.153227,8.10249,0.99792,12.849,1,0.0533694,0.36288,0,316.345,3.27092,313.384,0.84672,12.849,0.84672,3695.15,0,3.68392,0,8.7636,1.6076,28.7739,0.971854,38.1732,0.06048,3.68392,0.06048,456.806,0,1.35617,0,0,10.1198,8.7636,1.542240,1,0,359.659,0,0,0,359.659,0
722.9,2.93782,0,0,11.8735,0.315538,1.13015,18.144,61.308,0,0,0,5.59632,0.154333,5.44199,0.99792,12.849,1,0.0527642,1.13015,0,265.601,3.34089,263.338,0.84672,12.849,0.84672,3695.15,0,3.68392,0,10.7339,1.60805,25.4902,1.04067,36.7915,0.06048,3.68392,0.06048,456.806,0,1.35655,0,0,12.0905,10.7339,1.542240,1,0,305.571,0,0,0,305.571,0
722.9,2.93919,0,0,7.72502,0.315862,4.46997,18.144,61.308,0,0,0,3.41597,0.154333,3.26164,0.99792,12.849,1,0.0522418,4.46997,0,193.3,3.34089,194.377,0.84672,12.849,0.84672,3695.15,0,3.68392,0,5.02566,1.60851,14.0343,1.04067,19.6278,0.06048,3.68392,0.06048,456.806,0,1.35693,0,0,6.38259,5.02566,1.542240,1,0,217.266,0,0,0,217.266,0
722.9,3.22678,0,0,6.14908,0.319184,2.60312,18.144,61.308,0,0,0,2.59125,0.159887,2.43136,0.99792,12.849,1,0.0573536,2.60312,0,148.808,3.41922,147.935,0.84672,12.849,0.84672,3695.15,0,3.68392,0,2.62734,1.60896,9.57528,1.05631,12.7553,0.06048,3.68392,0.06048,456.806,0,1.51691,0,0,4.14425,2.62734,1.542240,1,0,163.122,0,0,0,163.122,0
722.9,3.22769,0,0,6.16562,0.334316,2.60361,18.144,61.308,0,0,0,3.98508,0.209831,3.77525,0.99792,12.849,1,0.0573698,2.60361,0,154.427,4.25964,152.714,0.84672,12.849,0.84672,3695.15,0,3.68392,0,3.86708,1.78741,12.758,1.17958,17.2329,0.06048,3.68392,0.06048,456.806,0,1.51734,0,0,5.38441,3.86708,1.542240,1,0,173.722,0,0,0,173.722,0
722.9,3.2286,0,0,6.17318,0.327256,2.61732,18.144,61.308,0,0,0,4.64477,0.216477,4.42829,0.99792,12.849,1,0.057386,2.61732,0,157.398,4.55327,155.405,0.84672,12.849,0.84672,3695.15,0,3.68392,0,4.1294,1.78791,11.9214,1.17653,16.6622,0.06048,3.68392,0.06048,456.806,0,1.51776,0,0,5.64716,4.1294,1.542240,1,0,176.495,0,0,0,176.495,0
722.9,3.22951,0,0,12.5741,0.326372,9.01817,18.144,61.308,0,0,0,6.81737,0.195793,6.62157,0.99792,12.849,1,0.0574022,9.01817,0,186.386,4.2862,191.061,0.84672,12.849,0.84672,3695.15,0,3.68392,0,6.84549,1.78842,22.136,1.12017,29.6498,0.06048,3.68392,0.06048,456.806,0,1.51819,0,0,8.36368,6.84549,1.542240,1,0,227.332,0,0,0,227.332,0
722.9,2.82095,0,0,5.26008,0.322693,2.11644,18.144,61.308,0,0,0,3.21736,0.201169,3.01619,0.99792,12.849,1,0.0501402,2.11644,0,220.075,4.24449,217.896,0.84672,12.849,0.84672,3695.15,0,3.68392,0,3.03803,1.78892,9.53251,1.07919,13.2803,0.06048,3.68392,0.06048,456.806,0,1.30421,0,0,4.34224,3.03803,1.542240,1,0,234.193,0,0,0,234.193,0
722.9,2.82174,0,0,7.30763,0.330004,4.15588,18.144,61.308,0,0,0,2.69983,0.252027,2.4478,0.99792,12.849,1,0.0501544,4.15588,0,141.121,4.06583,141.161,0.84672,12.849,0.84672,3695.15,0,3.68392,0,2.29714,1.54567,7.83527,0.904669,10.7734,0.06048,3.68392,0.06048,456.806,0,1.30457,0,0,3.60171,2.29714,1.542240,1,0,154.383,0,0,0,154.383,0
722.9,2.82254,0,0,6.17198,0.341759,3.00769,18.144,61.308,0,0,0,2.93156,0.259471,2.67209,0.99792,12.849,1,0.0501685,3.00769,0,132.407,4.09448,131.27,0.84672,12.849,0.84672,3695.15,0,3.68392,0,2.50165,1.54611,8.28282,0.933214,11.3974,0.06048,3.68392,0.06048,456.806,0,1.30494,0,0,3.80659,2.50165,1.542240,1,0,145.34,0,0,0,145.34,0
722.9,2.82334,0,0,6.63924,0.341759,3.47414,18.144,61.308,0,0,0,3.96644,0.259471,3.70697,0.99792,12.849,1,0.0501827,3.47414,0,129.692,4.09448,129.022,0.84672,12.849,0.84672,3695.15,0,3.68392,0,3.28827,1.54654,9.9157,0.933214,13.8173,0.06048,3.68392,0.06048,456.806,0,1.30531,0,0,4.59358,3.28827,1.542240,1,0,146.546,0,0,0,146.546,0
722.9,2.82413,0,0,6.04712,0.330431,2.89256,18.144,61.308,0,0,0,3.29391,0.253454,3.04045,0.99792,12.849,1,0.0501968,2.89256,0,148.216,4.00728,147.051,0.84672,12.849,0.84672,3695.15,0,3.68392,0,2.62293,1.54698,8.46711,0.920688,11.7163,0.06048,3.68392,0.06048,456.806,0,1.30568,0,0,3.92861,2.62293,1.542240,1,0,161.808,0,0,0,161.808,0
722.9,2.92815,0,0,8.83388,0.316466,5.58927,18.144,61.308,0,0,0,4.37023,0.199028,4.1712,0.99792,12.849,1,0.0520456,5.58927,0,200.303,3.27934,202.561,0.84672,12.849,0.84672,3695.15,0,3.68392,0,4.11999,1.54742,14.1369,0.710768,19.0935,0.06048,3.68392,0.06048,456.806,0,1.35857,0,0,5.47856,4.11999,1.542240,1,0,225.825,0,0,0,225.825,0
722.9,2.92897,0,0,7.10122,0.321495,3.85075,18.144,61.308,0,0,0,3.05795,0.187974,2.86997,0.99792,12.849,1,0.0520603,3.85075,0,201.427,3.36409,201.862,0.84672,12.849,0.84672,3695.15,0,3.68392,0,3.36028,1.60812,12.3523,0.689226,16.6314,0.06048,3.68392,0.06048,456.806,0,1.35896,0,0,4.71924,3.36028,1.542240,1,0,221.363,0,0,0,221.363,0
722.9,2.9298,0,0,5.86813,0.321495,2.61684,18.144,61.308,0,0,0,2.98547,0.187974,2.79749,0.99792,12.849,1,0.0520749,2.61684,0,164.72,3.36409,163.921,0.84672,12.849,0.84672,3695.15,0,3.68392,0,2.93125,1.60858,11.0719,0.689226,14.9225,0.06048,3.68392,0.06048,456.806,0,1.35934,0,0,4.29059,2.93125,1.542240,1,0,181.641,0,0,0,181.641,0
722.9,2.93062,0,0,5.4053,0.32299,2.15168,18.144,61.308,0,0,0,3.32611,0.189313,3.13679,0.99792,12.849,1,0.0520896,2.15168,0,161.495,3.31161,160.283,0.84672,12.849,0.84672,3695.15,0,3.68392,0,2.88395,1.60903,13.9323,0.682309,17.7429,0.06048,3.68392,0.06048,456.806,0,1.35972,0,0,4.24367,2.88395,1.542240,1,0,181.162,0,0,0,181.162,0
722.9,2.89105,0,0,5.28479,0.255213,2.13852,18.144,61.308,0,0,0,2.63334,0.211721,2.42162,0.99792,12.849,1,0.0513862,2.13852,0,119.988,3.54007,118.535,0.84672,12.849,0.84672,3695.15,0,3.68392,0,2.80073,1.60948,10.2589,0.793606,13.8755,0.06048,3.68392,0.06048,456.806,0,1.33968,0,0,4.14041,2.80073,1.542240,1,0,134.832,0,0,0,134.832,0
722.9,2.89186,0,0,4.96663,0.234078,1.84068,18.144,61.308,0,0,0,2.20875,0.194347,2.0144,0.99792,12.849,1,0.0514007,1.84068,0,101.284,3.77212,99.3013,0.84672,12.849,0.84672,3695.15,0,3.68392,0,2.23697,1.58645,9.6082,0.928214,12.5034,0.06048,3.68392,0.06048,456.806,0,1.34006,0,0,3.57703,2.23697,1.542240,1,0,113.819,0,0,0,113.819,0
722.9,2.89268,0,0,4.51704,0.234078,1.39029,18.144,61.308,0,0,0,2.06499,0.194347,1.87064,0.99792,12.849,1,0.0514152,1.39029,0,94.0067,3.77212,91.5734,0.84672,12.849,0.84672,3695.15,0,3.68392,0,2.13016,1.5869,8.91674,0.928214,11.7056,0.06048,3.68392,0.06048,456.806,0,1.34044,0,0,3.4706,2.13016,1.542240,1,0,105.15,0,0,0,105.15,0
722.9,2.89349,0,0,4.10584,0.234078,0.978268,18.144,61.308,0,0,0,1.72873,0.194347,1.53438,0.99792,12.849,1,0.0514297,0.978268,0,86.73,3.77212,83.8848,0.84672,12.849,0.84672,3695.15,0,3.68392,0,1.60674,1.58735,8.04367,0.928214,10.3095,0.06048,3.68392,0.06048,456.806,0,1.34082,0,0,2.94755,1.60674,1.542240,1,0,95.7287,0,0,0,95.7287,0
722.9,3.03161,0,0,4.02218,0.199711,0.790862,18.144,61.308,0,0,0,1.66648,0.204417,1.46207,0.99792,12.849,1,0.0538845,0.790862,0,83.7596,3.89434,80.6022,0.84672,12.849,0.84672,3695.15,0,3.68392,0,1.48424,1.58779,7.99788,0.867951,10.202,0.06048,3.68392,0.06048,456.806,0,1.41371,0,0,2.89795,1.48424,1.542240,1,0,92.2663,0,0,0,92.2663,0
722.9,3.03246,0,0,3.84368,0.19038,0.620836,18.144,61.308,0,0,0,1.46207,0.18758,1.27449,0.99792,12.849,1,0.0538997,0.620836,0,77.6779,3.30255,74.9423,0.84672,12.849,0.84672,3695.15,0,3.68392,0,1.09245,1.67045,6.33366,0.83938,8.25717,0.06048,3.68392,0.06048,456.806,0,1.41411,0,0,2.50655,1.09245,1.542240,1,0,84.474,0,0,0,84.474,0
722.9,3.03332,0,0,3.5599,0.144711,0.381879,18.144,61.308,0,0,0,1.5032,0.201615,1.30158,0.99792,12.849,1,0.0539149,0.381879,0,69.654,3.54123,66.4407,0.84672,12.849,0.84672,3695.15,0,3.68392,0,0.874725,1.67092,5.92453,0.940794,7.52939,0.06048,3.68392,0.06048,456.806,0,1.4145,0,0,2.28923,0.874725,1.542240,1,0,75.2717,0,0,0,75.2717,0
722.79,3.03417,0,0,3.43162,0.144711,0.36288,18.144,61.308,0,0,0,1.34996,0.201615,1.14834,0.99792,12.849,1,0.0539301,0.36288,0,64.0777,3.54123,60.8454,0.84672,12.849,0.84672,3695.15,0,3.68392,0,0.640571,1.67139,5.47847,0.940794,6.84964,0.06048,3.68392,0.06048,456.806,0,1.4149,0,0,2.05547,0.640571,1.542240,1,0,68.8434,0,0,0,68.8434,0
722.488,3.03502,0,0,3.24096,0.144708,0.36288,18.144,61.308,0,0,0,1.23275,0.201615,1.03113,0.99792,12.849,1,0.0539533,0.36288,0,59.6085,3.54123,56.3762,0.84672,12.849,0.84672,3695.15,0,3.68392,0,0.584894,1.67186,5.11504,0.940794,6.431,0.06048,3.68392,0.06048,456.806,0,1.4153,0,0,2.00019,0.584894,1.542240,1,0,63.8383,0,0,0,63.8383,0
721.781,3.00866,0,0,2.78792,0.123658,0.36288,18.144,61.308,0,0,0,1.03541,0.207767,0.827642,0.99792,12.849,1,0.0535071,0.36288,0,53.3237,4.0786,49.5545,0.84672,12.849,0.84672,3695.15,0,3.68392,0,0.651799,1.67233,4.78502,0.970526,6.13863,0.06048,3.68392,0.06048,456.806,0,1.45561,0,0,2.10741,0.651799,1.542240,1,0,56.5208,0,0,0,56.5208,0
720.715,3.00945,0,0,2.42146,0.115229,0.36288,18.144,61.308,0,0,0,0.95999,0.210228,0.749763,0.99792,12.849,1,0.0535737,0.36288,0,50.6059,4.29355,46.6217,0.84672,12.849,0.84672,3695.15,0,3.68392,0,0.499913,1.69845,4.55484,0.982419,5.77079,0.06048,3.68392,0.06048,456.806,0,1.45602,0,0,1.95593,0.499913,1.542240,1,0,53.1423,0,0,0,53.1423,0
719.436,3.01022,0,0,2.20476,0.110454,0.36288,18.144,61.308,0,0,0,0.907883,0.221197,0.686686,0.99792,12.849,1,0.0536667,0.36288,0,44.5481,4.43471,40.4226,0.84672,12.849,0.84672,3695.15,0,3.68392,0,0.31268,1.69893,4.42082,1.03394,5.39849,0.06048,3.68392,0.06048,456.806,0,1.45643,0,0,1.76911,0.31268,1.542240,1,0,46.5078,0,0,0,46.5078,0
718.073,3.01098,0,0,2.09318,0.0818893,0.36288,18.144,61.308,0,0,0,0.850452,0.287011,0.563441,0.99792,12.849,1,0.0537755,0.36288,0,40.1794,5.2816,35.2069,0.84672,12.849,0.84672,3695.15,0,3.68392,0,0.336514,1.69941,4.21558,1.34308,4.90843,0.06048,3.68392,0.06048,456.806,0,1.45684,0,0,1.79335,0.336514,1.542240,1,0,40.6787,0,0,0,40.6787,0
716.375,3.08201,0,0,1.8272,0.0805076,0.36288,18.144,61.308,0.0743171,0,0,0.78516,0.2958,0.415043,0.99792,12.849,1,0.0551487,0.36288,0,36.1704,5.5771,30.901,0.84672,12.849,0.84672,3695.15,0,3.68392,0.00446562,0.261274,1.69989,3.74544,1.39433,4.3078,0.06048,3.68392,0.06048,456.806,0,1.41236,0,0,1.67364,0.261274,1.542240,1,0,35.6239,0,0,0,35.6239,0
714.784,3.08275,0,0,1.93137,0.0770736,0.36288,18.144,61.308,0.0743776,0,0,0.93331,0.317771,0.541162,0.99792,12.849,1,0.0552927,0.36288,0,41.1031,6.31585,35.0948,0.84672,12.849,0.84672,3695.15,0,3.68392,0.00446926,0.261274,1.74129,3.3089,1.52248,3.78451,0.06048,3.68392,0.06048,456.806,0,1.41272,0,0,1.67399,0.261274,1.542240,1,0,39.4205,0,0,0,39.4205,0
713.059,3.0835,0,0,1.79834,0.0770568,0.36288,18.144,61.308,0,0,0,0.809723,0.317771,0.491953,0.99792,12.849,1,0.0554292,0.36288,0,34.8027,6.31585,28.7943,0.84672,12.849,0.84672,3695.15,0,3.68392,0,0.315845,1.74178,3.33942,1.52248,3.87456,0.06048,3.68392,0.06048,456.806,0,1.4937,0,0,1.80954,0.315845,1.542240,1,0,33.1608,0,0,0,33.1608,0
711.197,3.08424,0,0,1.66268,0.0770385,0.36288,18.144,61.308,0.122159,0,0,0.750902,0.317771,0.310972,0.99792,12.849,1,0.0555765,0.36288,0,33.3727,6.31585,27.3641,0.84672,12.849,0.84672,3695.15,0,3.68392,0.0073404,0.227405,1.74227,2.9036,1.52248,3.34345,0.06048,3.68392,0.06048,456.806,0,1.36191,0,0,1.58931,0.227405,1.542240,1,0,31.0186,0,0,0,31.0186,0
709.171,3.29099,0,0,1.69963,0.0721258,0.36288,18.144,61.308,0.074613,0,0,0.833898,0.320361,0.438925,0.99792,12.849,1,0.0594574,0.36288,0,31.7409,6.39063,25.6537,0.84672,12.849,0.84672,3695.15,0,3.68392,0.0044834,0.261541,1.74276,3.59153,1.53742,4.05392,0.06048,3.68392,0.06048,456.806,0,1.54224,0,0,1.80378,0.261541,1.542240,1,0,30.1466,0,0,0,30.1466,0
707.409,3.29175,0,0,1.91699,0.0246012,0.36288,18.144,61.308,0.0750339,0,0,1.04547,0.339509,0.630923,0.99792,12.849,1,0.0596411,0.36288,0,40.2186,7.02405,33.4978,0.84672,12.849,0.84672,3695.15,0,3.68392,0.00450869,0.66166,1.88197,6.15455,1.60137,7.0923,0.06048,3.68392,0.06048,456.806,0,1.54224,0,0,2.2039,0.66166,1.542240,1,0,41.221,0,0,0,41.221,0
706.122,3.29253,0,0,2.38985,0.0215701,0.36288,18.144,61.308,0.0754548,0,0,1.0713,0.340111,0.655734,0.99792,12.849,1,0.0598038,0.36288,0,50.6561,7.05484,43.9043,0.84672,12.849,0.84672,3695.15,0,3.68392,0.00453398,0.924471,1.8825,6.37019,1.59709,7.57553,0.06048,3.68392,0.06048,456.806,0,1.54224,0,0,2.46671,0.924471,1.542240,1,0,52.1356,0,0,0,52.1356,0
704.295,3.29335,0,0,1.86183,0.0317242,0.36288,18.144,61.308,0.0758759,0,0,0.774714,0.337965,0.360873,0.99792,12.849,1,0.0599277,0.36288,0,38.6764,6.99547,31.9838,0.84672,12.849,0.84672,3695.15,0,3.68392,0.00455928,0.435672,1.88303,3.93086,1.58981,4.6552,0.06048,3.68392,0.06048,456.806,0,1.54224,0,0,1.97791,0.435672,1.542240,1,0,36.9999,0,0,0,36.9999,0
701.927,3.29412,0,0,1.39064,0.101685,0.36288,18.144,61.308,0.076297,0,0,0.69266,0.31382,0.302543,0.99792,12.849,1,0.0600972,0.36288,0,28.0775,6.83418,21.5461,0.84672,12.849,0.84672,3695.15,0,3.68392,0.00458459,0.356901,1.88356,3.3743,1.52349,4.08669,0.06048,3.68392,0.06048,456.806,0,1.54224,0,0,1.89914,0.356901,1.542240,1,0,25.9353,0,0,0,25.9353,0
699.267,3.19432,0,0,1.00388,0.107011,0.36288,18.144,61.2176,0.364771,0,0,0.577903,0.303574,0,0.99792,12.849,1,0.0584731,0.36288,0,30.7406,6.41102,24.634,0.84672,12.849,0.84672,3695.15,0,3.68392,0.0219186,0.204422,1.88409,3.50609,1.5071,4.06558,0.06048,3.68392,0.06048,456.806,0,1.15373,0,0,1.35816,0.204422,1.542240,1,0,28.6996,0,0,0,28.6996,0
696.866,3.195,0,0,1.26193,0.105422,0.36288,18.144,61.308,0.214105,0,0,0.687159,0.298067,0.0845448,0.99792,12.849,1,0.058708,0.36288,0,19.8834,6.09525,14.0923,0.84672,12.849,0.84672,3695.15,0,3.68392,0.0128843,0.216518,1.80501,5.53611,1.50083,6.04392,0.06048,3.68392,0.06048,456.806,0,1.31613,0,0,1.53265,0.216518,1.542240,1,0,20.2208,0,0,0,20.2208,0
694.005,3.1957,0,0,0.802898,0.105387,0.36288,18.144,60.9993,0.493698,0,0,0.483259,0.298237,0,0.99792,12.849,1,0.0589232,0.36288,0,30.348,6.09525,24.5567,0.84672,12.849,0.84672,3695.15,0,3.68392,0.0296657,0.216518,1.80552,3.79553,1.50083,4.28708,0.06048,3.68392,0.06048,456.806,0,1.01661,0,0,1.23313,0.216518,1.542240,1,0,28.8438,0,0,0,28.8438,0
690.998,3.19636,0,0,0.658355,0.105346,0.36288,18.144,60.2885,0.854424,0,0,0.441293,0.297655,0,0.99792,12.849,1,0.0591784,0.36288,0,17.6059,6.09525,11.8144,0.84672,12.849,0.84672,3695.15,0,3.68392,0.0516011,0.216518,1.80602,2.71231,1.50083,3.18243,0.06048,3.68392,0.06048,456.806,0,0.633692,0,0,0.850211,0.216518,1.542240,1,0,14.9968,0,0,0,14.9968,0
688.438,3.11442,0,0,1.09063,0.17341,0.36288,18.144,60.0631,0.455656,0,0,0.518156,0.287898,0,0.99792,12.849,1,0.0579121,0.36288,0,21.6766,5.46975,16.5119,0.84672,12.849,0.84672,3695.15,0,3.68392,0.0278428,0.216518,1.80653,4.24169,1.36258,4.87431,0.06048,3.68392,0.06048,456.806,0,0.986802,0,0,1.20332,0.216518,1.542240,1,0,21.3862,0,0,0,21.3862,0
685.582,3.11509,0,0,0.803073,0.181185,0.36288,18.144,59.1925,1.01328,0,0,0.356247,0.213646,0,0.99792,12.849,1,0.0581399,0.36288,0,16.6964,4.3189,12.6822,0.84672,12.849,0.84672,3695.15,0,3.68392,0.06048,0.216518,1.73621,3.6087,1.08593,4.41502,0.06048,3.68392,0.06048,456.806,0,0.404412,0,0,0.620931,0.216518,1.542240,1,0,17.0972,0,0,0,17.0972,0
682.858,3.11572,0,0,1.05059,0.295869,0.36288,18.144,58.1004,1.17352,0,0,0.281788,0.200367,0,0.99792,12.849,1,0.0583941,0.36288,0,23.1327,4.43572,19.0015,0.84672,12.849,0.84672,3695.15,0,3.68392,0.06048,0.292723,1.7367,3.50225,1.23475,4.23644,0.06048,3.68392,0.06048,456.806,0,0.244594,0,0,0.537317,0.292723,1.542240,1,0,23.2379,0,0,0,23.2379,0
679.976,3.11637,0,0,0.892771,0.295758,0.36288,18.144,57.1651,1.05253,0,0,0.316245,0.198965,0,0.99792,12.849,1,0.0586392,0.36288,0,18.91,4.43572,14.7785,0.84672,12.849,0.84672,3695.15,0,3.68392,0.06048,0.292723,1.73719,3.89273,1.23475,4.62742,0.06048,3.68392,0.06048,456.806,0,0.365996,0,0,0.65872,0.292723,1.542240,1,0,19.406,0,0,0,19.406,0
679.185,2.88226,0,0,2.74982,0.29564,0.36288,18.144,57.9794,0,0,0,1.01205,0.197764,0,0.99792,12.849,1,0.0544638,0.36288,0,65.5161,4.43572,61.3888,0.84672,12.849,0.84672,3695.15,0,3.68392,0,0.775839,1.73768,9.25629,1.23475,10.5351,0.06048,3.68392,0.06048,456.806,0,1.33082,0,0,2.10666,0.775839,1.542240,1,0,71.9238,0,0,0,71.9238,0
678.511,2.883,0,0,2.86047,0.2889,0.36288,18.144,58.9409,0,0,0,1.17431,0.212818,0,0.99792,12.849,1,0.0545414,0.36288,0,97.4652,4.73372,93.0399,0.84672,12.849,0.84672,3695.15,0,3.68392,0,0.859186,1.57853,8.18329,1.11192,9.50908,0.06048,3.68392,0.06048,456.806,0,1.33119,0,0,2.19038,0.859186,1.542240,1,0,102.549,0,0,0,102.549,0
676.308,2.88376,0,0,1.33159,0.287755,0.36288,18.144,58.9196,0.508633,0,0,0.703867,0.216489,0,0.99792,12.849,1,0.0546099,0.36288,0,61.4492,4.78338,56.9741,0.84672,12.849,0.84672,3695.15,0,3.68392,0.0317905,0.412474,1.57897,5.52815,1.09145,6.39635,0.06048,3.68392,0.06048,456.806,0,0.784374,0,0,1.19685,0.412474,1.542240,1,0,63.3705,0,0,0,63.3705,0
674.218,2.8844,0,0,1.45238,0.294947,0.36288,18.144,58.8262,0.454664,0,0,0.583082,0.221832,0,0.99792,12.849,1,0.0547999,0.36288,0,45.4581,4.54773,41.2184,0.84672,12.849,0.84672,3695.15,0,3.68392,0.0284276,0.412474,1.57942,4.60757,1.09256,5.47848,0.06048,3.68392,0.06048,456.806,0,0.842348,0,0,1.25482,0.412474,1.542240,1,0,46.6969,0,0,0,46.6969,0
673.613,2.88504,0,0,2.9612,0.318778,0.36288,18.144,59.5563,0,0,0,0.942866,0.212785,0,0.99792,12.849,1,0.054982,0.36288,0,71.0037,3.71111,67.6005,0.84672,12.849,0.84672,3695.15,0,3.68392,0,1.08665,1.57986,8.52169,1.02823,10.16,0.06048,3.68392,0.06048,456.806,0,1.33231,0,0,2.41897,1.08665,1.542240,1,0,77.7605,0,0,0,77.7605,0
675.02,2.97618,0,0,5.0558,0.309628,0.36288,18.144,60.9367,0,0,0,1.56629,0.185915,0,0.99792,12.849,1,0.05677,0.36288,0,89.0317,3.4153,85.9226,0.84672,12.849,0.84672,3695.15,0,3.68392,0,1.42972,1.58031,13.516,0.994917,15.5311,0.06048,3.68392,0.06048,456.806,0,1.37577,0,0,2.80549,1.42972,1.542240,1,0,101.454,0,0,0,101.454,0
677.841,2.9771,0,0,6.44894,0.287345,0.36288,18.144,61.308,0,0,0,2.30368,0.190322,1.74205,0.99792,12.849,1,0.0566692,0.36288,0,172.608,3.46091,169.453,0.84672,12.849,0.84672,3695.15,0,3.68392,0,2.42834,1.6313,16.8308,1.0698,19.8206,0.06048,3.68392,0.06048,456.806,0,1.37614,0,0,3.80448,2.42834,1.542240,1,0,191.016,0,0,0,191.016,0
677.928,2.97814,0,0,3.71516,0.287457,0.36288,18.144,61.308,0,0,0,2.44357,0.19077,2.2528,0.99792,12.849,1,0.0564529,0.36288,0,98.0389,3.46091,94.8845,0.84672,12.849,0.84672,3695.15,0,3.68392,0,2.63755,1.63174,15.0802,1.0698,18.2797,0.06048,3.68392,0.06048,456.806,0,1.37651,0,0,4.01406,2.63755,1.542240,1,0,115.417,0,0,0,115.417,0
677.692,2.97895,0,0,3.38863,0.28263,0.36288,18.144,61.308,0,0,0,2.22197,0.192008,2.02997,0.99792,12.849,1,0.056461,0.36288,0,100.236,3.54455,96.998,0.84672,12.849,0.84672,3695.15,0,3.68392,0,2.30247,1.63217,12.2188,1.04578,15.1076,0.06048,3.68392,0.06048,456.806,0,1.37688,0,0,3.67935,2.30247,1.542240,1,0,114.136,0,0,0,114.136,0
677.691,3.27037,0,0,3.92647,0.294108,0.36288,18.144,61.308,0,0,0,2.24517,0.200195,2.04498,0.99792,12.849,1,0.0620059,0.36288,0,99.8119,3.93486,96.1779,0.84672,12.849,0.84672,3695.15,0,3.68392,0,2.38296,1.63261,14.71,0.977687,17.7479,0.06048,3.68392,0.06048,456.806,0,1.53919,0,0,3.92215,2.38296,1.542240,1,0,115.971,0,0,0,115.971,0
677.83,3.27125,0,0,4.1163,0.343534,0.36288,18.144,61.308,0,0,0,1.76985,0.168215,1.60164,0.99792,12.849,1,0.0620227,0.36288,0,84.8241,3.15756,81.9674,0.84672,12.849,0.84672,3695.15,0,3.68392,0,0.657488,1.81366,9.87129,0.840074,11.5024,0.06048,3.68392,0.06048,456.806,0,1.5396,0,0,2.19709,0.657488,1.542240,1,0,95.0714,0,0,0,95.0714,0
678.297,3.27214,0,0,4.44525,0.343541,0.36288,18.144,61.308,0,0,0,1.69844,0.168215,1.53023,0.99792,12.849,1,0.062027,0.36288,0,105.546,3.15756,102.69,0.84672,12.849,0.84672,3695.15,0,3.68392,0,0.810744,1.81415,10.5607,0.840074,12.3455,0.06048,3.68392,0.06048,456.806,0,1.54002,0,0,2.35076,0.810744,1.542240,1,0,116.565,0,0,0,116.565,0
677.689,3.27307,0,0,3.37137,0.343563,0.36288,18.144,61.308,0.390445,0,0,1.38344,0.168215,0.824776,0.99792,12.849,1,0.0620018,0.36288,0,80.1723,3.15756,77.3156,0.84672,12.849,0.84672,3695.15,0,3.68392,0.0234613,0.608429,1.81464,9.59567,0.840074,11.1552,0.06048,3.68392,0.06048,456.806,0,1.1194,0,0,1.72783,0.608429,1.542240,1,0,89.2956,0,0,0,89.2956,0
680.878,2.85891,0,0,6.74144,0.330628,0.36288,18.144,61.308,0,0,0,2.71899,0.195879,2.52311,0.99792,12.849,1,0.0542049,0.36288,0,116.599,3.81276,113.094,0.84672,12.849,0.84672,3695.15,0,3.68392,0,2.37792,1.81513,13.3077,1.04505,16.4557,0.06048,3.68392,0.06048,456.806,0,1.32329,0,0,3.70121,2.37792,1.542240,1,0,132.073,0,0,0,132.073,0
681.953,2.85993,0,0,4.63145,0.333211,0.36288,18.144,61.308,0,0,0,1.58013,0.213117,1.36702,0.99792,12.849,1,0.0539703,0.36288,0,102.819,3.96972,99.1578,0.84672,12.849,0.84672,3695.15,0,3.68392,0,1.48358,1.56829,10.7438,1.12526,12.6705,0.06048,3.68392,0.06048,456.806,0,1.32365,0,0,2.80723,1.48358,1.542240,1,0,113.195,0,0,0,113.195,0
682.955,2.86078,0,0,4.53502,0.309457,0.36288,18.144,61.308,0,0,0,1.56644,0.228695,1.33775,0.99792,12.849,1,0.0539013,0.36288,0,100.384,3.8345,96.8583,0.84672,12.849,0.84672,3695.15,0,3.68392,0,1.30853,1.56872,10.2926,1.04665,12.1232,0.06048,3.68392,0.06048,456.806,0,1.32401,0,0,2.63254,1.30853,1.542240,1,0,110.319,0,0,0,110.319,0
684.251,2.86163,0,0,4.82988,0.309028,0.36288,18.144,61.308,0,0,0,1.7374,0.173839,1.56356,0.99792,12.849,1,0.0538382,0.36288,0,107.374,3.37365,104.309,0.84672,12.849,0.84672,3695.15,0,3.68392,0,1.62501,1.56914,11.4414,0.824261,13.8113,0.06048,3.68392,0.06048,456.806,0,1.32436,0,0,2.94938,1.62501,1.542240,1,0,119.684,0,0,0,119.684,0
685.13,2.8625,0,0,4.41295,0.309083,0.36288,18.144,61.308,0,0,0,1.43389,0.173839,1.26006,0.99792,12.849,1,0.0537525,0.36288,0,97.359,3.37365,94.2945,0.84672,12.849,0.84672,3695.15,0,3.68392,0,0.978712,1.56956,9.73287,0.824261,11.4569,0.06048,3.68392,0.06048,456.806,0,1.32472,0,0,2.30343,0.978712,1.542240,1,0,107.011,0,0,0,107.011,0
687.857,2.96796,0,0,6.37715,0.318766,0.36288,18.144,61.308,0,0,0,1.97332,0.163464,1.80985,0.99792,12.849,1,0.0556614,0.36288,0,139.62,3.37677,136.55,0.84672,12.849,0.84672,3695.15,0,3.68392,0,1.42375,1.56998,15.2542,0.815272,17.4326,0.06048,3.68392,0.06048,456.806,0,1.37837,0,0,2.80212,1.42375,1.542240,1,0,155.793,0,0,0,155.793,0
690.846,2.96897,0,0,6.64705,0.326124,0.36288,18.144,61.308,0,0,0,2.5691,0.155682,2.41342,0.99792,12.849,1,0.0554596,0.36288,0,178.323,3.37911,175.251,0.84672,12.849,0.84672,3695.15,0,3.68392,0,2.43173,1.63156,22.6527,0.80853,25.9075,0.06048,3.68392,0.06048,456.806,0,1.37874,0,0,3.81047,2.43173,1.542240,1,0,203.572,0,0,0,203.572,0
692.041,2.97001,0,0,4.84835,0.320501,0.36288,18.144,61.308,0,0,0,1.78725,0.139882,1.64737,0.99792,12.849,1,0.0552389,0.36288,0,159.608,2.94744,156.968,0.84672,12.849,0.84672,3695.15,0,3.68392,0,1.45005,1.63199,14.9215,0.748142,17.2554,0.06048,3.68392,0.06048,456.806,0,1.37911,0,0,2.82916,1.45005,1.542240,1,0,175.871,0,0,0,175.871,0
692.761,2.9709,0,0,4.3227,0.269744,0.36288,18.144,61.308,0,0,0,1.43672,0.139851,1.29687,0.99792,12.849,1,0.0551601,0.36288,0,125.035,2.3779,122.964,0.84672,12.849,0.84672,3695.15,0,3.68392,0,1.14149,1.63243,12.6202,0.739747,14.6544,0.06048,3.68392,0.06048,456.806,0,1.37948,0,0,2.52097,1.14149,1.542240,1,0,138.916,0,0,0,138.916,0
692.932,2.9308,0,0,3.70331,0.237846,0.36288,18.144,61.308,0,0,0,1.31457,0.186988,1.12758,0.99792,12.849,1,0.0543591,0.36288,0,105.983,3.25301,103.038,0.84672,12.849,0.84672,3695.15,0,3.68392,0,1.7559,1.63287,9.27979,0.915021,11.7535,0.06048,3.68392,0.06048,456.806,0,1.35913,0,0,3.11503,1.7559,1.542240,1,0,115.919,0,0,0,115.919,0
692.9,2.9316,0,0,3.48862,0.226325,0.36288,18.144,61.308,0,0,0,1.2842,0.230827,1.05337,0.99792,12.849,1,0.0543605,0.36288,0,85.3986,4.48518,81.222,0.84672,12.849,0.84672,3695.15,0,3.68392,0,0.869308,1.60949,9.18812,1.08588,10.581,0.06048,3.68392,0.06048,456.806,0,1.3595,0,0,2.22881,0.869308,1.542240,1,0,92.8564,0,0,0,92.8564,0
692.491,2.93239,0,0,3.11214,0.226324,0.36288,18.144,61.308,0,0,0,1.1403,0.230827,0.909472,0.99792,12.849,1,0.0543776,0.36288,0,73.3475,4.48518,69.1709,0.84672,12.849,0.84672,3695.15,0,3.68392,0,0.583123,1.60992,7.97895,1.08588,9.08611,0.06048,3.68392,0.06048,456.806,0,1.35987,0,0,1.94299,0.583123,1.542240,1,0,79.1665,0,0,0,79.1665,0
691.853,2.93314,0,0,2.86763,0.2091,0.36288,18.144,61.308,0,0,0,1.04497,0.208072,0.836902,0.99792,12.849,1,0.0544238,0.36288,0,68.4141,4.01334,64.7092,0.84672,12.849,0.84672,3695.15,0,3.68392,0,0.464622,1.61035,7.18537,0.96621,8.29413,0.06048,3.68392,0.06048,456.806,0,1.36023,0,0,1.82485,0.464622,1.542240,1,0,73.8403,0,0,0,73.8403,0
690.948,3.07306,0,0,2.72658,0.196174,0.36288,18.144,61.308,0,0,0,0.998888,0.191005,0.807882,0.99792,12.849,1,0.0570724,0.36288,0,63.1947,3.65946,59.841,0.84672,12.849,0.84672,3695.15,0,3.68392,0,0.55616,1.61079,7.18183,0.876455,8.47232,0.06048,3.68392,0.06048,456.806,0,1.43416,0,0,1.99032,0.55616,1.542240,1,0,69.1212,0,0,0,69.1212,0
690.061,3.07381,0,0,2.75083,0.201129,0.36288,18.144,61.308,0,0,0,1.17636,0.20038,0.975982,0.99792,12.849,1,0.0571612,0.36288,0,65.7557,4.21215,61.8492,0.84672,12.849,0.84672,3695.15,0,3.68392,0,0.450642,1.69462,7.46539,0.925152,8.6855,0.06048,3.68392,0.06048,456.806,0,1.43455,0,0,1.88519,0.450642,1.542240,1,0,71.5107,0,0,0,71.5107,0
688.962,3.07457,0,0,2.51656,0.177809,0.36288,18.144,61.308,0.0859944,0,0,0.880364,0.186349,0.60802,0.99792,12.849,1,0.0572487,0.36288,0,61.1108,3.84868,57.5678,0.84672,12.849,0.84672,3695.15,0,3.68392,0.00516729,0.402797,1.69507,6.78421,0.93073,7.94619,0.06048,3.68392,0.06048,456.806,0,1.34189,0,0,1.74468,0.402797,1.542240,1,0,66.122,0,0,0,66.122,0
687.675,3.0753,0,0,2.29883,0.147247,0.36288,18.144,61.308,0,0,0,0.872934,0.189998,0.682935,0.99792,12.849,1,0.0573538,0.36288,0,54.6174,3.96238,50.9606,0.84672,12.849,0.84672,3695.15,0,3.68392,0,0.308952,1.69553,6.48017,0.895203,7.58945,0.06048,3.68392,0.06048,456.806,0,1.43532,0,0,1.74427,0.308952,1.542240,1,0,59.2329,0,0,0,59.2329,0
686.343,3.07602,0,0,2.25325,0.147221,0.36288,18.144,61.308,0.023599,0,0,0.944127,0.189998,0.73053,0.99792,12.849,1,0.0574745,0.36288,0,52.3216,3.96238,48.6646,0.84672,12.849,0.84672,3695.15,0,3.68392,0.00141803,0.30119,1.69599,6.98268,0.895203,8.08323,0.06048,3.68392,0.06048,456.806,0,1.41014,0,0,1.71133,0.30119,1.542240,1,0,57.4784,0,0,0,57.4784,0
685.062,3.04919,0,0,2.25955,0.127991,0.36288,18.144,61.308,0.0233484,0,0,0.887898,0.199694,0.664856,0.99792,12.849,1,0.0570837,0.36288,0,47.5188,4.46137,43.3632,0.84672,12.849,0.84672,3695.15,0,3.68392,0.00140298,0.30119,1.69644,6.04997,1.01809,7.02811,0.06048,3.68392,0.06048,456.806,0,1.45127,0,0,1.75246,0.30119,1.542240,1,0,51.0562,0,0,0,51.0562,0
683.748,3.0499,0,0,2.19668,0.0983011,0.36288,18.144,61.308,0,0,0,0.878291,0.234255,0.644036,0.99792,12.849,1,0.0572038,0.36288,0,43.9142,5.28559,38.9343,0.84672,12.849,0.84672,3695.15,0,3.68392,0,0.466589,1.72292,5.92913,1.20687,6.91176,0.06048,3.68392,0.06048,456.806,0,1.47697,0,0,1.94356,0.466589,1.542240,1,0,46.4901,0,0,0,46.4901,0
682.238,3.05061,0,0,2.00195,0.0982833,0.36288,18.144,61.308,0,0,0,0.888002,0.234255,0.653747,0.99792,12.849,1,0.0573272,0.36288,0,40.4146,5.28559,35.4345,0.84672,12.849,0.84672,3695.15,0,3.68392,0,0.475696,1.72338,5.82254,1.20687,6.81474,0.06048,3.68392,0.06048,456.806,0,1.47737,0,0,1.95306,0.475696,1.542240,1,0,42.903,0,0,0,42.903,0
680.681,3.05131,0,0,1.95546,0.0982629,0.36288,18.144,61.308,0,0,0,0.855498,0.234255,0.621243,0.99792,12.849,1,0.0574671,0.36288,0,38.3577,5.28559,33.3775,0.84672,12.849,0.84672,3695.15,0,3.68392,0,0.479377,1.72384,5.81018,1.20687,6.80653,0.06048,3.68392,0.06048,456.806,0,1.47776,0,0,1.95714,0.479377,1.542240,1,0,40.8053,0,0,0,40.8053,0
679.009,3.12323,0,0,1.9093,0.0954327,0.36288,18.144,61.308,0,0,0,0.826243,0.241249,0.584994,0.99792,12.849,1,0.0589562,0.36288,0,36.4207,5.35594,31.3687,0.84672,12.849,0.84672,3695.15,0,3.68392,0,0.425537,1.72431,5.66697,1.24746,6.56935,0.06048,3.68392,0.06048,456.806,0,1.51428,0,0,1.93982,0.425537,1.542240,1,0,38.523,0,0,0,38.523,0
677.405,3.12392,0,0,1.96154,0.0785604,0.36288,18.144,61.308,0,0,0,0.885272,0.283214,0.602058,0.99792,12.849,1,0.0591146,0.36288,0,35.1273,5.77804,29.653,0.84672,12.849,0.84672,3695.15,0,3.68392,0,0.44133,1.76627,4.92076,1.49096,5.6374,0.06048,3.68392,0.06048,456.806,0,1.51469,0,0,1.95602,0.44133,1.542240,1,0,35.8925,0,0,0,35.8925,0
675.675,3.12463,0,0,1.83648,0.078543,0.36288,18.144,61.308,0,0,0,0.853667,0.283214,0.570453,0.99792,12.849,1,0.0592678,0.36288,0,32.951,5.77804,27.4765,0.84672,12.849,0.84672,3695.15,0,3.68392,0,0.454816,1.76675,5.08971,1.49096,5.82031,0.06048,3.68392,0.06048,456.806,0,1.5151,0,0,1.96991,0.454816,1.542240,1,0,33.8673,0,0,0,33.8673,0
673.732,3.12532,0,0,1.62378,0.0785243,0.36288,18.144,61.308,0,0,0,0.803632,0.283214,0.520418,0.99792,12.849,1,0.0594327,0.36288,0,31.1267,5.77804,25.6521,0.84672,12.849,0.84672,3695.15,0,3.68392,0,0.250314,1.76722,4.77481,1.49096,5.30139,0.06048,3.68392,0.06048,456.806,0,1.5155,0,0,1.76582,0.250314,1.542240,1,0,31.4739,0,0,0,31.4739,0
671.433,3.33476,0,0,1.46735,0.0687666,0.36288,18.144,61.308,0.148217,0,0,0.795692,0.288394,0.359081,0.99792,12.849,1,0.0635984,0.36288,0,29.5061,5.9276,23.8778,0.84672,12.849,0.84672,3695.15,0,3.68392,0.00890616,0.227405,1.7677,4.76422,1.52084,5.22957,0.06048,3.68392,0.06048,456.806,0,1.48571,0,0,1.71311,0.227405,1.542240,1,0,29.4665,0,0,0,29.4665,0
668.93,3.33544,0,0,1.26615,0.0710444,0.36288,18.144,61.308,0.0964074,0,0,0.811892,0.26257,0.452914,0.99792,12.849,1,0.0638293,0.36288,0,32.1489,5.81961,26.6284,0.84672,12.849,0.84672,3695.15,0,3.68392,0.005793,0.432156,1.90888,5.21167,1.51273,6.03419,0.06048,3.68392,0.06048,456.806,0,1.54224,0,0,1.9744,0.432156,1.542240,1,0,33.1155,0,0,0,33.1155,0
666.314,3.3361,0,0,1.15864,0.0760377,0.36288,18.144,61.308,0.0968151,0,0,0.749624,0.251672,0.401136,0.99792,12.849,1,0.0640808,0.36288,0,29.8509,5.70706,24.4427,0.84672,12.849,0.84672,3695.15,0,3.68392,0.00581749,0.423913,1.90939,5.3078,1.5212,6.11409,0.06048,3.68392,0.06048,456.806,0,1.54224,0,0,1.96615,0.423913,1.542240,1,0,30.9579,0,0,0,30.9579,0
663.836,3.33675,0,0,1.29787,0.0760102,0.36288,18.144,61.308,0.0972227,0,0,0.768986,0.251672,0.420091,0.99792,12.849,1,0.064345,0.36288,0,29.6721,5.70706,24.2636,0.84672,12.849,0.84672,3695.15,0,3.68392,0.00584199,0.478699,1.9099,5.68891,1.5212,6.55047,0.06048,3.68392,0.06048,456.806,0,1.54224,0,0,2.02094,0.478699,1.542240,1,0,31.2341,0,0,0,31.2341,0
662.117,3.33741,0,0,2.07713,0.0961828,0.36288,18.144,61.308,0.0976304,0,0,0.945069,0.247382,0.600057,0.99792,12.849,1,0.0645979,0.36288,0,49.2946,5.58832,44.0045,0.84672,12.849,0.84672,3695.15,0,3.68392,0.00586649,0.912971,1.91042,6.20143,1.50664,7.51231,0.06048,3.68392,0.06048,456.806,0,1.54224,0,0,2.45521,0.912971,1.542240,1,0,52.1169,0,0,0,52.1169,0
661.01,3.23629,0,0,2.58278,0.0902995,0.36288,18.144,61.308,0.024946,0,0,1.07647,0.235576,0.815944,0.99792,12.849,1,0.0628033,0.36288,0,47.7469,5.39784,42.6491,0.84672,12.849,0.84672,3695.15,0,3.68392,0.00149897,0.714493,1.91093,6.75548,1.41735,7.96205,0.06048,3.68392,0.06048,456.806,0,1.54224,0,0,2.25673,0.714493,1.542240,1,0,51.4271,0,0,0,51.4271,0
660.165,3.23706,0,0,2.83481,0.0793681,0.36288,18.144,61.308,0.0253341,0,0,1.23881,0.230666,0.982811,0.99792,12.849,1,0.0629234,0.36288,0,38.5959,4.99527,33.9006,0.84672,12.849,0.84672,3695.15,0,3.68392,0.0015223,1.0852,1.8307,8.48664,1.31648,10.0845,0.06048,3.68392,0.06048,456.806,0,1.54224,0,0,2.62744,1.0852,1.542240,1,0,44.968,0,0,0,44.968,0
659.194,3.23785,0,0,2.70848,0.0793588,0.36288,18.144,61.308,0.0257226,0,0,0.988563,0.230666,0.732174,0.99792,12.849,1,0.0630192,0.36288,0,47.0276,4.99527,42.3322,0.84672,12.849,0.84672,3695.15,0,3.68392,0.00154564,0.676114,1.83119,7.38392,1.31648,8.5732,0.06048,3.68392,0.06048,456.806,0,1.54224,0,0,2.21835,0.676114,1.542240,1,0,51.6376,0,0,0,51.6376,0
657.872,3.23863,0,0,2.35916,0.0793482,0.36288,18.144,61.308,0.0261109,0,0,0.967032,0.230666,0.710255,0.99792,12.849,1,0.0631273,0.36288,0,45.2949,4.99527,40.5994,0.84672,12.849,0.84672,3695.15,0,3.68392,0.00156897,0.643982,1.83168,7.05655,1.31648,8.21417,0.06048,3.68392,0.06048,456.806,0,1.54224,0,0,2.18622,0.643982,1.542240,1,0,49.5238,0,0,0,49.5238,0
656.542,3.15569,0,0,2.39003,0.201821,0.36288,18.144,61.308,0,0,0,0.941596,0.154507,0.787089,0.99792,12.849,1,0.0616343,0.36288,0,56.3741,4.72488,51.9505,0.84672,12.849,0.84672,3695.15,0,3.68392,0,0.74078,1.83218,8.18554,1.09932,9.65917,0.06048,3.68392,0.06048,456.806,0,1.49872,0,0,2.2395,0.74078,1.542240,1,0,62.3967,0,0,0,62.3967,0
656.104,3.15642,0,0,3.28263,0.200827,0.36288,18.144,61.308,0.00913215,0,0,0.702237,0.241587,0.451517,0.99792,12.849,1,0.0617734,0.36288,0,63.5819,4.18625,59.6968,0.84672,12.849,0.84672,3695.15,0,3.68392,0.000548739,0.216518,1.76084,5.60023,1.15139,6.42565,0.06048,3.68392,0.06048,456.806,0,1.48922,0,0,1.70573,0.216518,1.542240,1,0,66.574,0,0,0,66.574,0
655.969,3.15722,0,0,3.58563,0.200815,0.36288,18.144,61.308,0,0,0,1.07335,0.241587,0.83176,0.99792,12.849,1,0.0618303,0.36288,0,59.805,4.18625,55.9198,0.84672,12.849,0.84672,3695.15,0,3.68392,0,0.763286,1.76131,6.6408,1.15139,8.014,0.06048,3.68392,0.06048,456.806,0,1.49952,0,0,2.26281,0.763286,1.542240,1,0,64.7655,0,0,0,64.7655,0
655.52,3.15806,0,0,3.29854,0.226608,0.36288,18.144,61.308,0,0,0,1.20786,0.249273,0.958583,0.99792,12.849,1,0.0618594,0.36288,0,72.0801,3.5939,68.7872,0.84672,12.849,0.84672,3695.15,0,3.68392,0,0.621144,1.76178,7.13391,1.0254,8.49144,0.06048,3.68392,0.06048,456.806,0,1.49992,0,0,2.12107,0.621144,1.542240,1,0,78.2372,0,0,0,78.2372,0
658.245,2.92096,0,0,6.24586,0.236912,0.36288,18.144,61.308,0,0,0,1.06613,0.252347,0.81378,0.99792,12.849,1,0.0572545,0.36288,0,108.907,3.35696,105.856,0.84672,12.849,0.84672,3695.15,0,3.68392,0,1.61912,1.76225,9.22749,0.975001,11.6339,0.06048,3.68392,0.06048,456.806,0,1.34962,0,0,2.96874,1.61912,1.542240,1,0,118.304,0,0,0,118.304,0
663.214,2.92198,0,0,8.53839,0.284772,0.36288,18.144,61.308,0.025843,0,0,1.32533,0.195142,1.10435,0.99792,12.849,1,0.0570373,0.36288,0,136.81,3.58398,133.532,0.84672,12.849,0.84672,3695.15,0,3.68392,0.00155287,0.292723,1.60084,10.2717,1.03087,11.1329,0.06048,3.68392,0.06048,456.806,0,1.32203,0,0,1.61476,0.292723,1.542240,1,0,145.769,0,0,0,145.769,0
667.115,2.92318,0,0,7.47636,0.28889,0.36288,18.144,61.308,0,0,0,1.6483,0.243376,1.40493,0.99792,12.849,1,0.0566333,0.36288,0,147.452,4.5865,143.172,0.84672,12.849,0.84672,3695.15,0,3.68392,0,0.505585,1.60127,8.27703,1.10542,9.27847,0.06048,3.68392,0.06048,456.806,0,1.35035,0,0,1.85593,0.505585,1.542240,1,0,153.855,0,0,0,153.855,0
669.174,2.92429,0,0,5.63509,0.289046,0.36288,18.144,61.308,0,0,0,1.50704,0.243376,1.26366,0.99792,12.849,1,0.0563235,0.36288,0,135.074,4.5865,130.794,0.84672,12.849,0.84672,3695.15,0,3.68392,0,1.36189,1.6017,8.06898,1.10542,9.92715,0.06048,3.68392,0.06048,456.806,0,1.35071,0,0,2.7126,1.36189,1.542240,1,0,141.985,0,0,0,141.985,0
671.257,2.92525,0,0,5.66008,0.289128,0.36288,18.144,61.308,0,0,0,1.76668,0.243376,1.52331,0.99792,12.849,1,0.0561685,0.36288,0,115.456,4.5865,111.177,0.84672,12.849,0.84672,3695.15,0,3.68392,0,3.79079,1.60213,13.2753,1.10542,17.5628,0.06048,3.68392,0.06048,456.806,0,1.35107,0,0,5.14186,3.79079,1.542240,1,0,130.263,0,0,0,130.263,0
674.242,2.92542,0,0,6.5543,0.280933,0.36288,18.144,61.308,0,0,0,1.66255,0.236504,1.42605,0.99792,12.849,1,0.0559975,0.36288,0,152.651,4.50949,148.448,0.84672,12.849,0.84672,3695.15,0,3.68392,0,2.83007,1.60256,9.79309,1.09159,13.1341,0.06048,3.68392,0.06048,456.806,0,1.35107,0,0,4.18115,2.83007,1.542240,1,0,163.008,0,0,0,163.008,0
675.634,3.0181,0,0,5.03391,0.260343,0.36288,18.144,61.308,0,0,0,1.30207,0.219322,1.08275,0.99792,12.849,1,0.0575158,0.36288,0,146.614,4.31697,142.602,0.84672,12.849,0.84672,3695.15,0,3.68392,0,3.27177,1.60256,8.77331,1.05703,12.5906,0.06048,3.68392,0.06048,456.806,0,1.39512,0,0,4.66689,3.27177,1.542240,1,0,156.276,0,0,0,156.276,0
676.205,3.01899,0,0,4.21305,0.260393,0.36288,18.144,61.308,0,0,0,0.975214,0.219322,0.755892,0.99792,12.849,1,0.0574143,0.36288,0,113.875,4.31697,109.864,0.84672,12.849,0.84672,3695.15,0,3.68392,0,2.73411,1.65424,6.82405,1.05703,10.1554,0.06048,3.68392,0.06048,456.806,0,1.39548,0,0,4.12959,2.73411,1.542240,1,0,120.775,0,0,0,120.775,0
676.032,3.01982,0,0,3.46976,0.260413,0.36288,18.144,61.308,0,0,0,0.754686,0.219322,0.535364,0.99792,12.849,1,0.0573814,0.36288,0,91.6393,4.31697,87.6278,0.84672,12.849,0.84672,3695.15,0,3.68392,0,1.76859,1.65467,5.82079,1.05703,8.18701,0.06048,3.68392,0.06048,456.806,0,1.39584,0,0,3.16443,1.76859,1.542240,1,0,96.3502,0,0,0,96.3502,0
676.797,3.02058,0,0,4.44868,0.30022,0.36288,18.144,61.308,0,0,0,0.749555,0.208612,0.540943,0.99792,12.849,1,0.0574106,0.36288,0,121.009,4.43091,116.884,0.84672,12.849,0.84672,3695.15,0,3.68392,0,2.03437,1.65509,8.28884,1.2557,10.7226,0.06048,3.68392,0.06048,456.806,0,1.3962,0,0,3.43056,2.03437,1.542240,1,0,128.147,0,0,0,128.147,0
678.066,3.31612,0,0,5.22636,0.278058,0.36288,18.144,61.308,0.0170671,0,0,1.224,0.246946,0.95999,0.99792,12.849,1,0.0629566,0.36288,0,140.748,4.1079,136.94,0.84672,12.849,0.84672,3695.15,0,3.68392,0.00102554,3.73422,1.65552,7.58984,1.27175,11.7068,0.06048,3.68392,0.06048,456.806,0,1.54224,0,0,5.27646,3.73422,1.542240,1,0,149.607,0,0,0,149.607,0
680.665,3.31709,0,0,6.55169,0.273301,0.36288,18.144,61.308,0.0174366,0,0,1.64532,0.253633,1.37425,0.99792,12.849,1,0.0628571,0.36288,0,176.364,4.0509,172.613,0.84672,12.849,0.84672,3695.15,0,3.68392,0.00104774,4.26022,1.83908,10.5932,1.2689,15.4226,0.06048,3.68392,0.06048,456.806,0,1.54224,0,0,5.80246,4.26022,1.542240,1,0,189.41,0,0,0,189.41,0
682.262,3.31818,0,0,5.55506,0.276891,0.36288,18.144,61.308,0.0178061,0,0,1.33157,0.235338,1.07843,0.99792,12.849,1,0.0626377,0.36288,0,176.762,3.86601,173.197,0.84672,12.849,0.84672,3695.15,0,3.68392,0.00106995,3.50846,1.83956,12.8182,1.21988,16.9453,0.06048,3.68392,0.06048,456.806,0,1.54224,0,0,5.0507,3.50846,1.542240,1,0,191.22,0,0,0,191.22,0
682.257,3.31917,0,0,3.96321,0.285684,0.36288,18.144,61.308,0.0181757,0,0,1.03607,0.189602,0.828288,0.99792,12.849,1,0.0625098,0.36288,0,163.049,3.40379,159.945,0.84672,12.849,0.84672,3695.15,0,3.68392,0.00109216,2.04556,1.84003,8.71209,1.09732,11.4993,0.06048,3.68392,0.06048,456.806,0,1.54224,0,0,3.5878,2.04556,1.542240,1,0,172.273,0,0,0,172.273,0
687.32,2.89919,0,0,8.6299,0.304933,0.36288,18.144,61.308,0,0,0,2.18507,0.204049,1.98102,0.99792,12.849,1,0.0546007,0.36288,0,188.606,3.64256,185.272,0.84672,12.849,0.84672,3695.15,0,3.68392,0,4.913,1.8405,18.3061,0.976243,24.0834,0.06048,3.68392,0.06048,456.806,0,1.34177,0,0,6.25477,4.913,1.542240,1,0,211.336,0,0,0,211.336,0
690.949,2.90033,0,0,7.20062,0.308357,0.36288,18.144,61.308,0,0,0,1.71412,0.206457,1.50767,0.99792,12.849,1,0.0542198,0.36288,0,236.146,3.68235,232.772,0.84672,12.849,0.84672,3695.15,0,3.68392,0,4.13022,1.5902,13.8928,0.956064,18.6571,0.06048,3.68392,0.06048,456.806,0,1.34212,0,0,5.47233,4.13022,1.542240,1,0,252.937,0,0,0,252.937,0
694.553,2.90135,0,0,7.17611,0.308511,0.36288,18.144,61.308,0,0,0,1.32903,0.206457,1.12257,0.99792,12.849,1,0.053954,0.36288,0,255.486,3.68235,252.112,0.84672,12.849,0.84672,3695.15,0,3.68392,0,2.99191,1.5906,12.0114,0.956064,15.6379,0.06048,3.68392,0.06048,456.806,0,1.34246,0,0,4.33438,2.99191,1.542240,1,0,268.873,0,0,0,268.873,0
696.092,2.90237,0,0,5.06515,0.260098,0.36288,18.144,61.308,0,0,0,0.910751,0.236562,0.674189,0.99792,12.849,1,0.053693,0.36288,0,166.561,4.05783,162.812,0.84672,12.849,0.84672,3695.15,0,3.68392,0,1.56685,1.59101,8.94188,1.08646,11.0133,0.06048,3.68392,0.06048,456.806,0,1.34281,0,0,2.90966,1.56685,1.542240,1,0,174.5,0,0,0,174.5,0
697.524,2.90324,0,0,4.91805,0.219821,0.36288,18.144,61.308,0,0,0,1.18289,0.23696,0.945934,0.99792,12.849,1,0.0535901,0.36288,0,148.703,4.58005,144.432,0.84672,12.849,0.84672,3695.15,0,3.68392,0,1.89885,1.59142,7.17517,1.19731,9.46813,0.06048,3.68392,0.06048,456.806,0,1.34315,0,0,3.242,1.89885,1.542240,1,0,154.846,0,0,0,154.846,0
698.345,3.0102,0,0,4.44947,0.255952,0.36288,18.144,61.308,0,0,0,1.37044,0.216693,1.15375,0.99792,12.849,1,0.0554505,0.36288,0,124.223,4.48423,120.047,0.84672,12.849,0.84672,3695.15,0,3.68392,0,1.99875,1.59183,6.60061,1.13381,9.05738,0.06048,3.68392,0.06048,456.806,0,1.39753,0,0,3.39628,1.99875,1.542240,1,0,130.258,0,0,0,130.258,0
698.604,3.01104,0,0,3.8828,0.249583,0.36288,18.144,61.308,0,0,0,1.23095,0.224479,1.00647,0.99792,12.849,1,0.0554007,0.36288,0,113.367,4.69129,108.983,0.84672,12.849,0.84672,3695.15,0,3.68392,0,1.73439,1.65424,7.13327,1.14889,9.373,0.06048,3.68392,0.06048,456.806,0,1.39789,0,0,3.13228,1.73439,1.542240,1,0,119.363,0,0,0,119.363,0
698.991,3.01183,0,0,3.99527,0.233596,0.36288,18.144,61.308,0,0,0,1.21273,0.243944,0.968784,0.99792,12.849,1,0.0553947,0.36288,0,109.523,5.20895,104.622,0.84672,12.849,0.84672,3695.15,0,3.68392,0,1.79369,1.65466,8.34304,1.1866,10.6048,0.06048,3.68392,0.06048,456.806,0,1.39825,0,0,3.19194,1.79369,1.542240,1,0,116.195,0,0,0,116.195,0
699.376,3.01263,0,0,3.98725,0.227184,0.36288,18.144,61.308,0,0,0,1.09107,0.241135,0.849933,0.99792,12.849,1,0.0553788,0.36288,0,101.836,5.01211,97.1316,0.84672,12.849,0.84672,3695.15,0,3.68392,0,1.38324,1.65509,6.60657,1.17033,8.47456,0.06048,3.68392,0.06048,456.806,0,1.39861,0,0,2.78185,1.38324,1.542240,1,0,106.456,0,0,0,106.456,0
698.888,2.9719,0,0,3.03593,0.188652,0.36288,18.144,61.308,0,0,0,0.706104,0.224282,0.481822,0.99792,12.849,1,0.0546001,0.36288,0,72.9,3.83113,69.3771,0.84672,12.849,0.84672,3695.15,0,3.68392,0,1.0773,1.65551,4.71183,1.07268,6.37196,0.06048,3.68392,0.06048,456.806,0,1.37796,0,0,2.45525,1.0773,1.542240,1,0,76.2309,0,0,0,76.2309,0
698.103,2.97263,0,0,2.73863,0.188639,0.36288,18.144,61.308,0,0,0,0.704955,0.224282,0.480673,0.99792,12.849,1,0.0546515,0.36288,0,67.2218,3.83113,63.6989,0.84672,12.849,0.84672,3695.15,0,3.68392,0,0.967421,1.63178,4.62288,1.07268,6.1494,0.06048,3.68392,0.06048,456.806,0,1.37831,0,0,2.34573,0.967421,1.542240,1,0,70.329,0,0,0,70.329,0
697.681,2.97333,0,0,3.0967,0.182557,0.36288,18.144,61.308,0,0,0,0.621612,0.227249,0.394363,0.99792,12.849,1,0.0547259,0.36288,0,71.2031,4.06506,67.4462,0.84672,12.849,0.84672,3695.15,0,3.68392,0,0.743205,1.6322,5.88472,1.0819,7.17822,0.06048,3.68392,0.06048,456.806,0,1.37867,0,0,2.12187,0.743205,1.542240,1,0,75.0188,0,0,0,75.0188,0
696.824,2.97406,0,0,2.62613,0.14618,0.36288,18.144,61.308,0,0,0,0.609998,0.245052,0.364945,0.99792,12.849,1,0.0547725,0.36288,0,59.4926,5.46861,54.3321,0.84672,12.849,0.84672,3695.15,0,3.68392,0,0.813518,1.63262,4.70316,1.13723,6.01206,0.06048,3.68392,0.06048,456.806,0,1.37902,0,0,2.19254,0.813518,1.542240,1,0,60.7091,0,0,0,60.7091,0
695.624,3.11587,0,0,2.38079,0.101659,0.36288,18.144,61.308,0,0,0,0.55577,0.275583,0.280187,0.99792,12.849,1,0.0574547,0.36288,0,54.4136,5.7024,49.0166,0.84672,12.849,0.84672,3695.15,0,3.68392,0,0.475405,1.63303,4.65359,1.2051,5.55693,0.06048,3.68392,0.06048,456.806,0,1.45395,0,0,1.92936,0.475405,1.542240,1,0,54.8537,0,0,0,54.8537,0
694.271,3.11657,0,0,2.24165,0.115691,0.36288,18.144,61.308,0,0,0,0.530264,0.27797,0.252293,0.99792,12.849,1,0.0575668,0.36288,0,54.9242,5.62884,49.6007,0.84672,12.849,0.84672,3695.15,0,3.68392,0,0.405333,1.718,4.54149,1.16125,5.50357,0.06048,3.68392,0.06048,456.806,0,1.45432,0,0,1.85966,0.405333,1.542240,1,0,55.3566,0,0,0,55.3566,0
692.833,3.11726,0,0,2.15829,0.115669,0.36288,18.144,61.308,0,0,0,0.511168,0.27797,0.233198,0.99792,12.849,1,0.0576918,0.36288,0,52.3982,5.62884,47.0746,0.84672,12.849,0.84672,3695.15,0,3.68392,0,0.385477,1.71844,3.86647,1.16125,4.80914,0.06048,3.68392,0.06048,456.806,0,1.4547,0,0,1.84017,0.385477,1.542240,1,0,52.1169,0,0,0,52.1169,0
691.314,3.11794,0,0,2.07389,0.111791,0.36288,18.144,61.308,0,0,0,0.4903,0.28377,0.20653,0.99792,12.849,1,0.0578241,0.36288,0,49.2419,5.65641,43.8905,0.84672,12.849,0.84672,3695.15,0,3.68392,0,0.490788,1.71888,3.34714,1.17495,4.38187,0.06048,3.68392,0.06048,456.806,0,1.45507,0,0,1.94586,0.490788,1.542240,1,0,48.4789,0,0,0,48.4789,0
689.582,3.11862,0,0,1.84075,0.091519,0.36288,18.144,61.308,0,0,0,0.473255,0.301681,0.171574,0.99792,12.849,1,0.0579637,0.36288,0,42.354,5.49599,37.1629,0.84672,12.849,0.84672,3695.15,0,3.68392,0,0.351881,1.71933,3.02224,1.23044,3.86301,0.06048,3.68392,0.06048,456.806,0,1.45544,0,0,1.80732,0.351881,1.542240,1,0,41.1975,0,0,0,41.1975,0
687.53,3.09134,0,0,1.49763,0.0953359,0.36288,18.144,61.308,0.167442,0,0,0.452253,0.279165,0.00564625,0.99792,12.849,1,0.057601,0.36288,0,35.1522,5.06152,30.3959,0.84672,12.849,0.84672,3695.15,0,3.68392,0.0100614,0.30119,1.71977,2.7304,1.19484,3.54646,0.06048,3.68392,0.06048,456.806,0,1.31576,0,0,1.61695,0.30119,1.542240,1,0,33.9481,0,0,0,33.9481,0
685.424,3.09196,0,0,1.42463,0.0762609,0.36288,18.144,61.2849,0.145552,0,0,0.432674,0.310254,0,0.99792,12.849,1,0.0577845,0.36288,0,33.6301,5.49587,28.4393,0.84672,12.849,0.84672,3695.15,0,3.68392,0.00874603,0.261274,1.74658,2.60097,1.34183,3.25824,0.06048,3.68392,0.06048,456.806,0,1.33976,0,0,1.60104,0.261274,1.542240,1,0,31.6976,0,0,0,31.6976,0
683.229,3.09258,0,0,1.33702,0.075683,0.36288,18.144,61.2952,0.104292,0,0,0.421604,0.307019,0,0.99792,12.849,1,0.0579737,0.36288,0,32.4512,5.84724,26.9089,0.84672,12.849,0.84672,3695.15,0,3.68392,0.00626912,0.261274,1.74703,2.58145,1.38853,3.19495,0.06048,3.68392,0.06048,456.806,0,1.38471,0,0,1.64598,0.261274,1.542240,1,0,30.1039,0,0,0,30.1039,0
680.93,3.09319,0,0,1.23221,0.0756601,0.36288,18.144,61.1983,0.196745,0,0,0.406955,0.307039,0,0.99792,12.849,1,0.0581714,0.36288,0,30.6037,5.84724,25.0612,0.84672,12.849,0.84672,3695.15,0,3.68392,0.0118247,0.261274,1.74748,2.35763,1.38853,2.96603,0.06048,3.68392,0.06048,456.806,0,1.28531,0,0,1.54659,0.261274,1.542240,1,0,28.0272,0,0,0,28.0272,0
678.579,3.16599,0,0,1.23905,0.0610867,0.36288,18.144,61.0394,0.235787,0,0,0.39159,0.314687,0,0.99792,12.849,1,0.0597416,0.36288,0,30.3229,5.78519,24.8409,0.84672,12.849,0.84672,3695.15,0,3.68392,0.0141935,0.261274,1.74793,2.41969,1.43247,2.98223,0.06048,3.68392,0.06048,456.806,0,1.28009,0,0,1.54137,0.261274,1.542240,1,0,27.8231,0,0,0,27.8231,0
676.206,3.1666,0,0,1.217,0.0610669,0.36288,18.144,60.9164,0.19347,0,0,0.384776,0.314371,0,0.99792,12.849,1,0.0599601,0.36288,0,28.3114,5.78519,22.8291,0.84672,12.849,0.84672,3695.15,0,3.68392,0.0116765,0.261274,1.79045,2.45716,1.43247,3.06474,0.06048,3.68392,0.06048,456.806,0,1.32605,0,0,1.58732,0.261274,1.542240,1,0,25.8939,0,0,0,25.8939,0
673.673,3.1672,0,0,1.05835,0.0610469,0.36288,18.144,60.6771,0.286759,0,0,0.361602,0.314126,0,0.99792,12.849,1,0.060182,0.36288,0,26.7856,5.78519,21.3031,0.84672,12.849,0.84672,3695.15,0,3.68392,0.0173418,0.227405,1.79091,2.39118,1.43247,2.95969,0.06048,3.68392,0.06048,456.806,0,1.22592,0,0,1.45333,0.227405,1.542240,1,0,24.2628,0,0,0,24.2628,0
671.056,3.16779,0,0,0.974549,0.0610256,0.36288,18.144,60.3612,0.356578,0,0,0.354298,0.313649,0,0.99792,12.849,1,0.0604195,0.36288,0,25.2625,5.78519,19.7798,0.84672,12.849,0.84672,3695.15,0,3.68392,0.0216491,0.227405,1.79137,2.36697,1.43247,2.93163,0.06048,3.68392,0.06048,456.806,0,1.15119,0,0,1.3786,0.227405,1.542240,1,0,22.7114,0,0,0,22.7114,0
668.175,3.37998,0,0,0.893739,0.031303,0.36288,18.144,59.8142,0.531667,0,0,0.318054,0.333336,0,0.99792,12.849,1,0.0647179,0.36288,0,22.8082,6.02283,17.0836,0.84672,12.849,0.84672,3695.15,0,3.68392,0.0324483,0.227405,1.79182,1.99316,1.53827,2.44167,0.06048,3.68392,0.06048,456.806,0,1.09511,0,0,1.32252,0.227405,1.542240,1,0,19.5252,0,0,0,19.5252,0
665.448,3.38057,0,0,1.05104,0.0345629,0.36288,18.144,59.6331,0.220998,0,0,0.373801,0.333891,0,0.99792,12.849,1,0.0650083,0.36288,0,27.2993,5.8085,21.7887,0.84672,12.849,0.84672,3695.15,0,3.68392,0.0136111,0.227405,1.93491,2.09019,1.53919,2.6997,0.06048,3.68392,0.06048,456.806,0,1.42941,0,0,1.65682,0.227405,1.542240,1,0,24.4884,0,0,0,24.4884,0
662.514,3.38117,0,0,0.844361,0.0345499,0.36288,18.144,58.8983,0.671746,0,0,0.270367,0.333505,0,0.99792,12.849,1,0.0652864,0.36288,0,26.6757,5.8085,21.1648,0.84672,12.849,0.84672,3695.15,0,3.68392,0.0414981,0.204422,1.9354,1.67794,1.53919,2.23708,0.06048,3.68392,0.06048,456.806,0,0.945829,0,0,1.15025,0.204422,1.542240,1,0,23.4019,0,0,0,23.4019,0
659.786,3.38176,0,0,1.05156,0.0345359,0.36288,18.144,58.9109,0.11749,0,0,0.462103,0.331939,0,0.99792,12.849,1,0.0655868,0.36288,0,24.3632,5.8085,18.852,0.84672,12.849,0.84672,3695.15,0,3.68392,0.0073487,0.633606,1.9359,2.59445,1.53919,3.61741,0.06048,3.68392,0.06048,456.806,0,1.54224,0,0,2.17585,0.633606,1.542240,1,0,22.4695,0,0,0,22.4695,0
656.885,3.38236,0,0,0.87918,0.0353883,0.36288,18.144,58.6362,0.33856,0,0,0.35258,0.288747,0,0.99792,12.849,1,0.0658696,0.36288,0,26.8804,4.80707,22.3704,0.84672,12.849,0.84672,3695.15,0,3.68392,0.0211714,0.204422,1.93639,2.6575,1.23099,3.54615,0.06048,3.68392,0.06048,456.806,0,1.30336,0,0,1.50778,0.204422,1.542240,1,0,25.9165,0,0,0,25.9165,0
655.542,3.27972,0,0,2.31915,0.0199382,0.36288,18.144,59.0902,0.044413,0,0,0.773722,0.275276,0,0.99792,12.849,1,0.064153,0.36288,0,52.7179,4.89132,48.1253,0.84672,12.849,0.84672,3695.15,0,3.68392,0.00279032,1.71651,1.93689,5.55784,1.46787,7.74058,0.06048,3.68392,0.06048,456.806,0,1.54224,0,0,3.25875,1.71651,1.542240,1,0,55.8659,0,0,0,55.8659,0
653.017,3.28043,0,0,1.13848,0.0199345,0.36288,18.144,59.2437,0.0448152,0,0,0.474377,0.27608,0,0.99792,12.849,1,0.0642984,0.36288,0,53.1141,4.89132,48.5213,0.84672,12.849,0.84672,3695.15,0,3.68392,0.00279396,0.42571,1.85555,3.1868,1.46787,3.9974,0.06048,3.68392,0.06048,456.806,0,1.54224,0,0,1.96795,0.42571,1.542240,1,0,52.5187,0,0,0,52.5187,0
650.524,3.28103,0,0,1.17091,0.0199276,0.36288,18.144,59.3622,0.1205,0,0,0.515326,0.276352,0,0.99792,12.849,1,0.0645587,0.36288,0,34.6387,4.89132,30.0457,0.84672,12.849,0.84672,3695.15,0,3.68392,0.007493,0.216518,1.85602,2.58489,1.46787,3.18207,0.06048,3.68392,0.06048,456.806,0,1.46046,0,0,1.67698,0.216518,1.542240,1,0,33.2278,0,0,0,33.2278,0
650.021,3.28162,0,0,3.27185,0.129828,0.36288,18.144,59.9877,0.0455807,0,0,0.959102,0.288016,0,0.99792,12.849,1,0.0648179,0.36288,0,56.4066,4.23963,52.465,0.84672,12.849,0.84672,3695.15,0,3.68392,0.00282867,2.83207,1.8565,7.97252,1.32004,11.3382,0.06048,3.68392,0.06048,456.806,0,1.54224,0,0,4.37431,2.83207,1.542240,1,0,63.8032,0,0,0,63.8032,0
650.058,3.19762,0,0,3.69774,0.100134,0.36288,18.144,60.8944,0,0,0,1.1109,0.204239,0,0.99792,12.849,1,0.0632075,0.36288,0,92.7392,4.17815,88.8607,0.84672,12.849,0.84672,3695.15,0,3.68392,0,2.33895,1.85697,9.99236,1.09296,13.0953,0.06048,3.68392,0.06048,456.806,0,1.51898,0,0,3.85793,2.33895,1.542240,1,0,101.956,0,0,0,101.956,0
650.619,3.19844,0,0,4.21581,0.093964,0.36288,18.144,61.308,0,0,0,0.95248,0.189806,0.349026,0.99792,12.849,1,0.0632202,0.36288,0,78.2879,4.16924,74.4183,0.84672,12.849,0.84672,3695.15,0,3.68392,0,2.20218,1.78464,9.92157,1.05863,12.8498,0.06048,3.68392,0.06048,456.806,0,1.51937,0,0,3.72155,2.20218,1.542240,1,0,87.6171,0,0,0,87.6171,0
651.034,3.19932,0,0,4.11628,0.138616,0.36288,18.144,61.308,0,0,0,0.836206,0.156454,0.679752,0.99792,12.849,1,0.0631829,0.36288,0,91.2842,3.77317,87.8107,0.84672,12.849,0.84672,3695.15,0,3.68392,0,1.62035,1.7851,9.59412,0.92868,12.0709,0.06048,3.68392,0.06048,456.806,0,1.51976,0,0,3.14011,1.62035,1.542240,1,0,100.561,0,0,0,100.561,0
652.601,3.20017,0,0,5.30216,0.172109,0.36288,18.144,61.308,0,0,0,2.63117,0.131066,2.50011,0.99792,12.849,1,0.0631595,0.36288,0,100.432,3.47613,97.2558,0.84672,12.849,0.84672,3695.15,0,3.68392,0,2.9915,1.78556,11.6462,0.831217,15.592,0.06048,3.68392,0.06048,456.806,0,1.52015,0,0,4.51165,2.9915,1.542240,1,0,115.348,0,0,0,115.348,0
660.006,2.96006,0,0,10.924,0.196499,0.36288,18.144,61.308,0,0,0,3.13278,0.175096,2.95768,0.99792,12.849,1,0.0582803,0.36288,0,166.028,3.79095,162.542,0.84672,12.849,0.84672,3695.15,0,3.68392,0,5.06835,1.78602,17.7642,0.971539,23.647,0.06048,3.68392,0.06048,456.806,0,1.3678,0,0,6.43615,5.06835,1.542240,1,0,189.146,0,0,0,189.146,0
665.817,2.96146,0,0,9.35029,0.214984,0.36288,18.144,61.308,0,0,0,4.87702,0.208118,4.6689,0.99792,12.849,1,0.0576537,0.36288,0,171.51,4.02706,167.788,0.84672,12.849,0.84672,3695.15,0,3.68392,0,5.58225,1.6224,18.741,1.07678,24.8689,0.06048,3.68392,0.06048,456.806,0,1.36815,0,0,6.9504,5.58225,1.542240,1,0,197.326,0,0,0,197.326,0
669.97,2.96271,0,0,7.69349,0.215157,0.36288,18.144,61.308,0,0,0,4.93411,0.208118,4.726,0.99792,12.849,1,0.0571746,0.36288,0,140.271,4.02706,136.55,0.84672,12.849,0.84672,3695.15,0,3.68392,0,5.32782,1.62282,18.7466,1.07678,24.6205,0.06048,3.68392,0.06048,456.806,0,1.3685,0,0,6.69633,5.32782,1.542240,1,0,165.896,0,0,0,165.896,0
673.32,2.96381,0,0,6.89189,0.21528,0.36288,18.144,61.308,0,0,0,3.32773,0.208118,3.11961,0.99792,12.849,1,0.0568415,0.36288,0,116.331,4.02706,112.61,0.84672,12.849,0.84672,3695.15,0,3.68392,0,4.74534,1.62323,18.1418,1.07678,23.4336,0.06048,3.68392,0.06048,456.806,0,1.36885,0,0,6.1142,4.74534,1.542240,1,0,139.163,0,0,0,139.163,0
675.314,2.96485,0,0,5.5377,0.215265,0.36288,18.144,61.308,0,0,0,1.70282,0.197846,1.50498,0.99792,12.849,1,0.0565784,0.36288,0,109.751,3.86613,106.191,0.84672,12.849,0.84672,3695.15,0,3.68392,0,3.39995,1.62365,13.0664,1.01356,17.0764,0.06048,3.68392,0.06048,456.806,0,1.3692,0,0,4.76916,3.39995,1.542240,1,0,124.773,0,0,0,124.773,0
681.129,3.05866,0,0,9.47362,0.23764,0.36288,18.144,61.308,0,0,0,4.00073,0.221968,3.77877,0.99792,12.849,1,0.0581962,0.36288,0,155.311,4.6409,150.975,0.84672,12.849,0.84672,3695.15,0,3.68392,0,3.78069,1.62406,17.5561,1.19407,21.7668,0.06048,3.68392,0.06048,456.806,0,1.41383,0,0,5.19451,3.78069,1.542240,1,0,176.52,0,0,0,176.52,0
686.791,3.0599,0,0,9.32308,0.237831,0.36288,18.144,61.308,0,0,0,2.07932,0.221968,1.85735,0.99792,12.849,1,0.0577228,0.36288,0,173.929,4.6409,169.594,0.84672,12.849,0.84672,3695.15,0,3.68392,0,2.71531,1.67642,15.5581,1.19407,18.7558,0.06048,3.68392,0.06048,456.806,0,1.41417,0,0,4.12949,2.71531,1.542240,1,0,190.207,0,0,0,190.207,0
690.407,3.06111,0,0,7.27825,0.238016,0.36288,18.144,61.308,0,0,0,1.67039,0.221968,1.44842,0.99792,12.849,1,0.0572696,0.36288,0,128.123,4.6409,123.787,0.84672,12.849,0.84672,3695.15,0,3.68392,0,3.01934,1.67683,13.8137,1.19407,17.3158,0.06048,3.68392,0.06048,456.806,0,1.41452,0,0,4.43386,3.01934,1.542240,1,0,142.552,0,0,0,142.552,0
692.618,3.06216,0,0,5.87364,0.238135,0.36288,18.144,61.308,0,0,0,1.36268,0.221968,1.14072,0.99792,12.849,1,0.0569891,0.36288,0,101.443,4.6409,97.1081,0.84672,12.849,0.84672,3695.15,0,3.68392,0,1.97789,1.67724,11.8414,1.19407,14.3024,0.06048,3.68392,0.06048,456.806,0,1.41487,0,0,3.39276,1.97789,1.542240,1,0,112.551,0,0,0,112.551,0
694.881,3.36185,0,0,6.23856,0.250303,0.36288,18.144,61.308,0.0362799,0,0,1.94859,0.2246,1.68771,0.99792,12.849,1,0.0623669,0.36288,0,112.086,4.53755,107.849,0.84672,12.849,0.84672,3695.15,0,3.68392,0.00218001,2.69569,1.67765,16.3375,1.17896,19.5297,0.06048,3.68392,0.06048,456.806,0,1.54224,0,0,4.23793,2.69569,1.542240,1,0,129.066,0,0,0,129.066,0
696.605,3.36288,0,0,5.70468,0.25522,0.36288,18.144,61.308,0.0366365,0,0,1.94099,0.225653,1.6787,0.99792,12.849,1,0.0621827,0.36288,0,121.25,4.4962,117.055,0.84672,12.849,0.84672,3695.15,0,3.68392,0.00220144,2.69912,1.86365,14.402,1.17291,17.7897,0.06048,3.68392,0.06048,456.806,0,1.54224,0,0,4.24136,2.69912,1.542240,1,0,136.523,0,0,0,136.523,0
699.733,3.36385,0,0,7.1151,0.260799,0.36288,18.144,61.308,0.0369933,0,0,2.22775,0.190192,2.00056,0.99792,12.849,1,0.0620468,0.36288,0,116.258,4.18136,112.378,0.84672,12.849,0.84672,3695.15,0,3.68392,0.00222288,3.20613,1.86411,15.3782,1.02833,19.4179,0.06048,3.68392,0.06048,456.806,0,1.54224,0,0,4.74837,3.20613,1.542240,1,0,133.796,0,0,0,133.796,0
701.094,3.36494,0,0,5.38504,0.295929,0.36288,18.144,61.308,0.03735,0,0,1.77898,0.196849,1.54479,0.99792,12.849,1,0.0617896,0.36288,0,125.868,4.13563,122.033,0.84672,12.849,0.84672,3695.15,0,3.68392,0.00224432,2.38031,1.86456,13.0049,1.05043,16.1971,0.06048,3.68392,0.06048,456.806,0,1.54224,0,0,3.92255,2.38031,1.542240,1,0,139.775,0,0,0,139.775,0
703.668,2.93924,0,0,6.16423,0.287986,0.36288,18.144,61.308,0,0,0,1.76717,0.204818,1.56236,0.99792,12.849,1,0.0538676,0.36288,0,109.725,3.73421,106.299,0.84672,12.849,0.84672,3695.15,0,3.68392,0,3.22671,1.86502,14.4156,0.982609,18.5247,0.06048,3.68392,0.06048,456.806,0,1.35963,0,0,4.58635,3.22671,1.542240,1,0,126.386,0,0,0,126.386,0
705.508,2.94015,0,0,5.44055,0.29729,0.36288,18.144,61.308,0,0,0,1.71335,0.211433,1.50191,0.99792,12.849,1,0.0536872,0.36288,0,137.438,3.82441,133.923,0.84672,12.849,0.84672,3695.15,0,3.68392,0,4.22337,1.61136,12.461,1.00225,17.2935,0.06048,3.68392,0.06048,456.806,0,1.35997,0,0,5.58334,4.22337,1.542240,1,0,152.718,0,0,0,152.718,0
706.902,2.94101,0,0,4.99525,0.297366,0.36288,18.144,61.308,0,0,0,1.45668,0.211433,1.24525,0.99792,12.849,1,0.0535628,0.36288,0,61.295,3.82441,57.7799,0.84672,12.849,0.84672,3695.15,0,3.68392,0,3.35107,1.61175,10.5899,1.00225,14.5504,0.06048,3.68392,0.06048,456.806,0,1.3603,0,0,4.71137,3.35107,1.542240,1,0,73.5756,0,0,0,73.5756,0
708.366,2.94183,0,0,5.06571,0.297423,0.36288,18.144,61.308,0,0,0,1.53159,0.211433,1.32015,0.99792,12.849,1,0.0534721,0.36288,0,102.202,3.82441,98.687,0.84672,12.849,0.84672,3695.15,0,3.68392,0,3.94294,1.61215,12.5389,1.00225,17.0917,0.06048,3.68392,0.06048,456.806,0,1.36063,0,0,5.30357,3.94294,1.542240,1,0,117.099,0,0,0,117.099,0
709.359,2.94266,0,0,4.59542,0.297184,0.36288,18.144,61.308,0,0,0,1.32575,0.20903,1.11672,0.99792,12.849,1,0.0533767,0.36288,0,119.548,3.76568,116.092,0.84672,12.849,0.84672,3695.15,0,3.68392,0,3.06916,1.61254,9.34917,0.98606,13.0448,0.06048,3.68392,0.06048,456.806,0,1.36096,0,0,4.43013,3.06916,1.542240,1,0,130.254,0,0,0,130.254,0
709.815,3.051,0,0,4.16625,0.296479,0.36288,18.144,61.308,0,0,0,0.989833,0.203024,0.786809,0.99792,12.849,1,0.0552644,0.36288,0,74.7662,3.61882,71.455,0.84672,12.849,0.84672,3695.15,0,3.68392,0,1.70199,1.61294,7.22356,0.945576,9.59291,0.06048,3.68392,0.06048,456.806,0,1.41605,0,0,3.11804,1.70199,1.542240,1,0,81.8348,0,0,0,81.8348,0
710.449,3.05178,0,0,4.34537,0.296498,0.36288,18.144,61.308,0,0,0,1.07381,0.203024,0.870781,0.99792,12.849,1,0.0552431,0.36288,0,126.026,3.61882,122.715,0.84672,12.849,0.84672,3695.15,0,3.68392,0,1.90038,1.67615,7.48328,0.945576,10.1142,0.06048,3.68392,0.06048,456.806,0,1.41639,0,0,3.31678,1.90038,1.542240,1,0,133.7,0,0,0,133.7,0
711.353,3.05257,0,0,4.61572,0.296524,0.36288,18.144,61.308,0,0,0,1.41101,0.203024,1.20798,0.99792,12.849,1,0.0552081,0.36288,0,90.5662,3.61882,87.2551,0.84672,12.849,0.84672,3695.15,0,3.68392,0,2.78391,1.67656,7.52786,0.945576,11.0428,0.06048,3.68392,0.06048,456.806,0,1.41674,0,0,4.20065,2.78391,1.542240,1,0,99.5058,0,0,0,99.5058,0
711.639,3.05339,0,0,3.94286,0.24047,0.36288,18.144,61.308,0,0,0,0.965995,0.229183,0.736813,0.99792,12.849,1,0.0551527,0.36288,0,60.2987,3.84946,56.757,0.84672,12.849,0.84672,3695.15,0,3.68392,0,2.2629,1.67697,6.6412,0.959347,9.62172,0.06048,3.68392,0.06048,456.806,0,1.41709,0,0,3.67998,2.2629,1.542240,1,0,67.1155,0,0,0,67.1155,0
711.287,3.01206,0,0,3.22444,0.201438,0.36288,18.144,61.308,0,0,0,0.806095,0.245256,0.560839,0.99792,12.849,1,0.0543844,0.36288,0,60.6077,3.85339,57.0628,0.84672,12.849,0.84672,3695.15,0,3.68392,0,0.857537,1.67738,4.75449,1.05896,6.23045,0.06048,3.68392,0.06048,456.806,0,1.39615,0,0,2.25368,0.857537,1.542240,1,0,63.8541,0,0,0,63.8541,0
710.554,3.01277,0,0,2.8439,0.201428,0.36288,18.144,61.308,0,0,0,0.876295,0.245256,0.631039,0.99792,12.849,1,0.0544241,0.36288,0,56.4875,3.85339,52.9426,0.84672,12.849,0.84672,3695.15,0,3.68392,0,1.03379,1.65332,4.9105,1.05896,6.53865,0.06048,3.68392,0.06048,456.806,0,1.39649,0,0,2.43028,1.03379,1.542240,1,0,60.1123,0,0,0,60.1123,0
709.878,3.01346,0,0,2.90219,0.201408,0.36288,18.144,61.308,0,0,0,0.754177,0.245256,0.508921,0.99792,12.849,1,0.0544926,0.36288,0,54.5311,3.85339,50.9861,0.84672,12.849,0.84672,3695.15,0,3.68392,0,0.604514,1.65372,4.85677,1.05896,6.05605,0.06048,3.68392,0.06048,456.806,0,1.39683,0,0,2.00134,0.604514,1.542240,1,0,57.5511,0,0,0,57.5511,0
709.298,3.01414,0,0,2.96839,0.171033,0.36288,18.144,61.308,0,0,0,0.73751,0.260092,0.477418,0.99792,12.849,1,0.0545568,0.36288,0,56.5124,5.02302,51.7977,0.84672,12.849,0.84672,3695.15,0,3.68392,0,0.692447,1.65412,6.03997,1.10507,7.28148,0.06048,3.68392,0.06048,456.806,0,1.39717,0,0,2.08962,0.692447,1.542240,1,0,59.5566,0,0,0,59.5566,0
708.292,3.15785,0,0,2.67405,0.159805,0.36288,18.144,61.308,0,0,0,0.808756,0.255367,0.553389,0.99792,12.849,1,0.0572047,0.36288,0,44.3443,4.91739,39.7326,0.84672,12.849,0.84672,3695.15,0,3.68392,0,0.669979,1.65453,4.62748,1.08993,5.86206,0.06048,3.68392,0.06048,456.806,0,1.47307,0,0,2.14305,0.669979,1.542240,1,0,46.148,0,0,0,46.148,0
707.306,3.15854,0,0,2.69656,0.160478,0.36288,18.144,61.308,0,0,0,0.844188,0.247372,0.596817,0.99792,12.849,1,0.0572985,0.36288,0,45.5992,4.48728,41.4175,0.84672,12.849,0.84672,3695.15,0,3.68392,0,0.59776,1.74059,4.3724,1.06474,5.64601,0.06048,3.68392,0.06048,456.806,0,1.47343,0,0,2.07119,0.59776,1.542240,1,0,47.6603,0,0,0,47.6603,0
706.184,3.15923,0,0,2.55964,0.160456,0.36288,18.144,61.308,0,0,0,0.770472,0.247372,0.5231,0.99792,12.849,1,0.0573909,0.36288,0,41.3225,4.48728,37.1407,0.84672,12.849,0.84672,3695.15,0,3.68392,0,0.373667,1.74102,4.10397,1.06474,5.15392,0.06048,3.68392,0.06048,456.806,0,1.47379,0,0,1.84746,0.373667,1.542240,1,0,42.8178,0,0,0,42.8178,0
704.857,3.15992,0,0,2.32038,0.124523,0.36288,18.144,61.308,0,0,0,0.735523,0.27098,0.464543,0.99792,12.849,1,0.0574946,0.36288,0,36.4356,4.75503,31.9859,0.84672,12.849,0.84672,3695.15,0,3.68392,0,0.312948,1.74144,3.99734,1.13315,4.91858,0.06048,3.68392,0.06048,456.806,0,1.47415,0,0,1.7871,0.312948,1.542240,1,0,37.369,0,0,0,37.369,0
703.533,3.16058,0,0,2.30266,0.10329,0.36288,18.144,61.308,0.212433,0,0,0.674709,0.273093,0.189183,0.99792,12.849,1,0.057615,0.36288,0,34.228,4.93584,29.5974,0.84672,12.849,0.84672,3695.15,0,3.68392,0.0127648,0.30119,1.74187,3.70743,1.16109,4.57664,0.06048,3.68392,0.06048,456.806,0,1.245,0,0,1.54619,0.30119,1.542240,1,0,34.3632,0,0,0,34.3632,0
702.373,3.13293,0,0,2.42266,0.0861504,0.36288,18.144,61.0699,0.574461,0,0,0.591149,0.254768,0,0.99792,12.849,1,0.0572185,0.36288,0,30.436,5.12011,25.6216,0.84672,12.849,0.84672,3695.15,0,3.68392,0.0345186,0.30119,1.7423,3.0957,1.1625,3.94217,0.06048,3.68392,0.06048,456.806,0,0.899044,0,0,1.20023,0.30119,1.542240,1,0,29.5638,0,0,0,29.5638,0
700.985,3.13361,0,0,2.19459,0.0861367,0.36288,18.144,60.7872,0.593184,0,0,0.564881,0.254385,0,0.99792,12.849,1,0.0573252,0.36288,0,29.9108,5.12011,25.0963,0.84672,12.849,0.84672,3695.15,0,3.68392,0.0357827,0.261274,1.76944,2.92454,1.1625,3.75697,0.06048,3.68392,0.06048,456.806,0,0.87931,0,0,1.14058,0.261274,1.542240,1,0,28.8532,0,0,0,28.8532,0
699.405,3.13426,0,0,1.99818,0.0813743,0.36288,18.144,60.3608,0.69584,0,0,0.534227,0.264862,0,0.99792,12.849,1,0.0574507,0.36288,0,26.3303,5.26127,21.3745,0.84672,12.849,0.84672,3695.15,0,3.68392,0.0421704,0.261274,1.76987,2.83849,1.21403,3.61344,0.06048,3.68392,0.06048,456.806,0,0.77036,0,0,1.03163,0.261274,1.542240,1,0,24.9879,0,0,0,24.9879,0
697.751,3.1349,0,0,1.89708,0.0528872,0.36288,18.144,59.8491,0.682537,0,0,0.500437,0.329566,0,0.99792,12.849,1,0.0575922,0.36288,0,23.7481,6.10816,17.9452,0.84672,12.849,0.84672,3695.15,0,3.68392,0.0416564,0.261274,1.77031,2.7067,1.52316,3.17346,0.06048,3.68392,0.06048,456.806,0,0.784495,0,0,1.04577,0.261274,1.542240,1,0,21.1187,0,0,0,21.1187,0
696.379,3.20871,0,0,2.24951,0.0506488,0.36288,18.144,59.6016,0.581888,0,0,0.643586,0.309226,0,0.99792,12.849,1,0.0590879,0.36288,0,24.9534,5.82016,19.437,0.84672,12.849,0.84672,3695.15,0,3.68392,0.0358172,0.261274,1.77074,2.82281,1.49023,3.32877,0.06048,3.68392,0.06048,456.806,0,0.92829,0,0,1.18956,0.261274,1.542240,1,0,22.7658,0,0,0,22.7658,0
694.898,3.20937,0,0,2.1424,0.0502683,0.36288,18.144,59.3297,0.592167,0,0,0.625856,0.305532,0,0.99792,12.849,1,0.0592167,0.36288,0,24.1047,5.77216,18.6362,0.84672,12.849,0.84672,3695.15,0,3.68392,0.0366013,0.261274,1.81379,2.89944,1.48474,3.45316,0.06048,3.68392,0.06048,456.806,0,0.917516,0,0,1.17879,0.261274,1.542240,1,0,22.0894,0,0,0,22.0894,0
693.215,3.21003,0,0,1.93981,0.0502581,0.36288,18.144,58.9494,0.673319,0,0,0.597971,0.305001,0,0.99792,12.849,1,0.059355,0.36288,0,22.702,5.77216,17.2334,0.84672,12.849,0.84672,3695.15,0,3.68392,0.0418079,0.227405,1.81424,2.69585,1.48474,3.21095,0.06048,3.68392,0.06048,456.806,0,0.83122,0,0,1.05862,0.227405,1.542240,1,0,20.4443,0,0,0,20.4443,0
691.302,3.21068,0,0,1.69645,0.0356022,0.36288,18.144,58.5419,0.689254,0,0,0.593733,0.311913,0,0.99792,12.849,1,0.0595111,0.36288,0,21.6174,5.99649,15.9242,0.84672,12.849,0.84672,3695.15,0,3.68392,0.0430735,0.227405,1.81468,2.72468,1.52956,3.19414,0.06048,3.68392,0.06048,456.806,0,0.814311,0,0,1.04172,0.227405,1.542240,1,0,19.1184,0,0,0,19.1184,0
689.154,3.42577,0,0,1.68304,0.0428889,0.36288,18.144,58.1014,0.781657,0,0,0.627415,0.286281,0,0.99792,12.849,1,0.0636736,0.36288,0,20.2306,5.47313,15.0566,0.84672,12.849,0.84672,3695.15,0,3.68392,0.049188,0.227405,1.81512,2.65573,1.40049,3.24858,0.06048,3.68392,0.06048,456.806,0,0.848379,0,0,1.07578,0.227405,1.542240,1,0,18.3052,0,0,0,18.3052,0
687.137,3.42641,0,0,1.81349,0.0409704,0.36288,18.144,57.7019,0.796149,0,0,0.665738,0.269061,0,0.99792,12.849,1,0.063884,0.36288,0,21.1891,4.91116,16.5769,0.84672,12.849,0.84672,3695.15,0,3.68392,0.0504798,0.227405,1.96004,2.65371,1.42603,3.36465,0.06048,3.68392,0.06048,456.806,0,0.832922,0,0,1.06033,0.227405,1.542240,1,0,19.9416,0,0,0,19.9416,0
685.137,3.42706,0,0,1.83036,0.040959,0.36288,18.144,57.3684,0.723132,0,0,0.657971,0.268368,0,0.99792,12.849,1,0.0640837,0.36288,0,20.8342,4.91116,16.2219,0.84672,12.849,0.84672,3695.15,0,3.68392,0.0461676,0.204422,1.96052,2.85584,1.42603,3.54859,0.06048,3.68392,0.06048,456.806,0,0.910665,0,0,1.11509,0.204422,1.542240,1,0,19.7705,0,0,0,19.7705,0
683.495,3.42771,0,0,2.19047,0.0409477,0.36288,18.144,57.0828,0.710424,0,0,0.692582,0.267789,0,0.99792,12.849,1,0.0642831,0.36288,0,20.3719,4.91116,15.7593,0.84672,12.849,0.84672,3695.15,0,3.68392,0.04562,0.204422,1.961,3.83675,1.42603,4.53052,0.06048,3.68392,0.06048,456.806,0,0.924299,0,0,1.12872,0.204422,1.542240,1,0,20.2899,0,0,0,20.2899,0
681.513,3.4284,0,0,1.86201,0.053138,0.36288,18.144,56.8469,0.657017,0,0,0.670497,0.249342,0,0.99792,12.849,1,0.0644503,0.36288,0,19.1424,4.7165,14.7244,0.84672,12.849,0.84672,3695.15,0,3.68392,0.0424015,0.204422,1.96148,2.86624,1.34516,3.64458,0.06048,3.68392,0.06048,456.806,0,0.981487,0,0,1.18591,0.204422,1.542240,1,0,18.3689,0,0,0,18.3689,0
680.928,3.32443,0,0,3.21128,0.108834,0.36288,18.144,57.4954,0.137793,0,0,0.927461,0.141142,0,0.99792,12.849,1,0.0626775,0.36288,0,23.7175,3.47077,20.5469,0.84672,12.849,0.84672,3695.15,0,3.68392,0.00892958,0.204422,1.96195,4.55744,0.875205,5.83968,0.06048,3.68392,0.06048,456.806,0,1.46091,0,0,1.66533,0.204422,1.542240,1,0,26.3866,0,0,0,26.3866,0
681.143,3.32518,0,0,4.01202,0.108825,0.36288,18.144,58.3092,0.10085,0,0,1.05635,0.141738,0,0.99792,12.849,1,0.0627457,0.36288,0,45.8281,3.47077,42.6575,0.84672,12.849,0.84672,3695.15,0,3.68392,0.00646176,0.216518,1.87954,4.96053,0.875205,6.17492,0.06048,3.68392,0.06048,456.806,0,1.50162,0,0,1.71814,0.216518,1.542240,1,0,48.8324,0,0,0,48.8324,0
680.249,3.32601,0,0,2.903,0.108829,0.36288,18.144,58.9365,0.12468,0,0,0.894499,0.142485,0,0.99792,12.849,1,0.0627415,0.36288,0,21.7466,3.47077,18.576,0.84672,12.849,0.84672,3695.15,0,3.68392,0.00787719,0.216518,1.88,3.8931,0.875205,5.10653,0.06048,3.68392,0.06048,456.806,0,1.47625,0,0,1.69277,0.216518,1.542240,1,0,23.6825,0,0,0,23.6825,0
679.328,3.32674,0,0,2.87733,0.108815,0.36288,18.144,59.6046,0.159268,0,0,0.97035,0.143061,0,0.99792,12.849,1,0.0628378,0.36288,0,16.8205,3.47077,13.6498,0.84672,12.849,0.84672,3695.15,0,3.68392,0.00995528,0.216518,1.88045,3.76368,0.875205,4.97549,0.06048,3.68392,0.06048,456.806,0,1.43924,0,0,1.65576,0.216518,1.542240,1,0,18.6253,0,0,0,18.6253,0
678.005,3.24152,0,0,2.5043,0.222436,0.36288,18.144,60.2911,0,0,0,0.827404,0.140882,0,0.99792,12.849,1,0.061311,0.36288,0,23.3613,3.54499,20.1178,0.84672,12.849,0.84672,3695.15,0,3.68392,0,0.348292,1.88091,3.56111,0.843405,4.94691,0.06048,3.68392,0.06048,456.806,0,1.53855,0,0,1.88684,0.348292,1.542240,1,0,25.0648,0,0,0,25.0648,0
679.496,3.24219,0,0,5.31848,0.221886,0.36288,18.144,60.8981,0.105593,0,0,0.879836,0.167225,0,0.99792,12.849,1,0.0614433,0.36288,0,54.5969,4.18625,50.7121,0.84672,12.849,0.84672,3695.15,0,3.68392,0.00645195,0.216518,1.80763,4.94122,0.968915,5.99,0.06048,3.68392,0.06048,456.806,0,1.42438,0,0,1.6409,0.216518,1.542240,1,0,56.7021,0,0,0,56.7021,0
686.444,3.24311,0,0,10.7752,0.221932,0.36288,18.144,61.308,0,0,0,1.91564,0.16787,1.33787,0.99792,12.849,1,0.0613259,0.36288,0,86.4879,4.18625,82.6032,0.84672,12.849,0.84672,3695.15,0,3.68392,0,2.07453,1.80807,10.3844,0.968915,13.2981,0.06048,3.68392,0.06048,456.806,0,1.5393,0,0,3.61383,2.07453,1.542240,1,0,97.2392,0,0,0,97.2392,0
689.771,3.24451,0,0,7.15637,0.222144,0.36288,18.144,61.308,0,0,0,1.8499,0.168307,1.6816,0.99792,12.849,1,0.0607315,0.36288,0,53.2311,4.18625,49.347,0.84672,12.849,0.84672,3695.15,0,3.68392,0,2.18481,1.80851,7.73418,0.968915,10.7586,0.06048,3.68392,0.06048,456.806,0,1.53967,0,0,3.72448,2.18481,1.542240,1,0,61.7872,0,0,0,61.7872,0
693.013,3.00116,0,0,6.87689,0.270533,0.36288,18.144,61.308,0,0,0,1.49041,0.160836,1.32957,0.99792,12.849,1,0.0559054,0.36288,0,76.8851,3.8867,73.3054,0.84672,12.849,0.84672,3695.15,0,3.68392,0,0.907244,1.80895,8.56194,0.949019,10.3291,0.06048,3.68392,0.06048,456.806,0,1.38535,0,0,2.2926,0.907244,1.542240,1,0,84.9641,0,0,0,84.9641,0
697.769,3.00215,0,0,8.4065,0.285504,0.36288,18.144,61.308,0,0,0,2.75889,0.134778,2.62411,0.99792,12.849,1,0.0556622,0.36288,0,90.4513,3.21667,87.5418,0.84672,12.849,0.84672,3695.15,0,3.68392,0,2.17477,1.64322,10.4113,0.859311,13.37,0.06048,3.68392,0.06048,456.806,0,1.38569,0,0,3.56046,2.17477,1.542240,1,0,103.536,0,0,0,103.536,0
709.67,3.00325,0,0,15.5525,0.285691,0.36288,18.144,61.308,0,0,0,6.48673,0.134778,6.35195,0.99792,12.849,1,0.0553031,0.36288,0,131.27,3.21667,128.361,0.84672,12.849,0.84672,3695.15,0,3.68392,0,6.04425,1.64362,19.7057,0.859311,26.5342,0.06048,3.68392,0.06048,456.806,0,1.38603,0,0,7.43028,6.04425,1.542240,1,0,161.247,0,0,0,161.247,0
715.126,3.0049,0,0,9.10725,0.283362,0.36288,18.144,61.308,0,0,0,2.9038,0.194802,2.709,0.99792,12.849,1,0.0544055,0.36288,0,125.709,3.99483,122.022,0.84672,12.849,0.84672,3695.15,0,3.68392,0,2.51465,1.64402,11.055,1.07071,14.1429,0.06048,3.68392,0.06048,456.806,0,1.38637,0,0,3.90102,2.51465,1.542240,1,0,138.874,0,0,0,138.874,0
721.038,3.00604,0,0,9.58046,0.29969,0.36288,18.144,61.308,0,0,0,2.8896,0.273027,2.61657,0.99792,12.849,1,0.0540109,0.36288,0,98.8615,5.32497,93.8454,0.84672,12.849,0.84672,3695.15,0,3.68392,0,2.46333,1.64442,13.4192,1.47558,16.0514,0.06048,3.68392,0.06048,456.806,0,1.38671,0,0,3.85004,2.46333,1.542240,1,0,112.513,0,0,0,112.513,0
720.306,3.10139,0,0,3.00289,0.269958,0.36288,18.144,61.308,0.25044,0,0,0.510836,0.162806,0.0975893,0.99792,12.849,1,0.0552673,0.36288,0,39.6038,3.40316,36.5082,0.84672,12.849,0.84672,3695.15,0,3.68392,0.0150486,0.412474,1.64482,4.17144,0.807823,5.40587,0.06048,3.68392,0.06048,456.806,0,1.16165,0,0,1.57412,0.412474,1.542240,1,0,42.0117,0,0,0,42.0117,0
719.737,3.10206,0,0,3.1659,0.269931,0.36288,18.144,61.308,0,0,0,0.696857,0.162806,0.534051,0.99792,12.849,1,0.0553353,0.36288,0,56.288,3.40316,53.1923,0.84672,12.849,0.84672,3695.15,0,3.68392,0,0.56162,1.69783,4.80133,0.807823,6.25296,0.06048,3.68392,0.06048,456.806,0,1.43222,0,0,1.99384,0.56162,1.542240,1,0,59.9794,0,0,0,59.9794,0
722.658,3.10274,0,0,6.65616,0.26991,0.36288,18.144,61.308,0,0,0,1.83855,0.162806,1.67574,0.99792,12.849,1,0.0553911,0.36288,0,136.585,3.40316,133.49,0.84672,12.849,0.84672,3695.15,0,3.68392,0,2.82135,1.69823,10.2904,0.807823,14.0022,0.06048,3.68392,0.06048,456.806,0,1.43255,0,0,4.2539,2.82135,1.542240,1,0,149.168,0,0,0,149.168,0
722.9,3.10368,0,0,6.62723,0.299972,2.98148,18.144,61.308,0,0,0,1.67047,0.177242,1.49323,0.99792,12.849,1,0.055184,2.98148,0,147.301,3.67752,146.55,0.84672,12.849,0.84672,3695.15,0,3.68392,0,3.89762,1.69862,9.22131,0.878225,13.9393,0.06048,3.68392,0.06048,456.806,0,1.43288,0,0,5.3305,3.89762,1.542240,1,0,161.982,0,0,0,161.982,0
722.9,3.40722,0,0,8.98344,0.342368,5.23385,18.144,61.308,0.054819,0,0,1.55701,0.168271,1.33392,0.99792,12.849,1,0.0605607,5.23385,0,243.276,4.18116,244.268,0.84672,12.849,0.84672,3695.15,0,3.68392,0.003294,4.28023,1.69902,12.2457,0.980758,17.2409,0.06048,3.68392,0.06048,456.806,0,1.54224,0,0,5.82247,4.28023,1.542240,1,0,262.843,0,0,0,262.843,0
722.9,3.40801,0,0,8.85557,0.344202,5.10335,18.144,61.308,0.0551626,0,0,1.7573,0.147108,1.55503,0.99792,12.849,1,0.0605748,5.10335,0,226.682,4.28453,227.44,0.84672,12.849,0.84672,3695.15,0,3.68392,0.00331465,3.97342,1.88736,12.5391,0.987255,17.4094,0.06048,3.68392,0.06048,456.806,0,1.54224,0,0,5.51566,3.97342,1.542240,1,0,246.404,0,0,0,246.404,0
722.9,3.4088,0,0,9.93591,0.344202,6.18291,18.144,61.308,0.0555062,0,0,2.35786,0.147108,2.15525,0.99792,12.849,1,0.0605889,6.18291,0,239.869,4.28453,241.707,0.84672,12.849,0.84672,3695.15,0,3.68392,0.0033353,5.15955,1.8878,16.3528,0.987255,22.4095,0.06048,3.68392,0.06048,456.806,0,1.54224,0,0,6.70179,5.15955,1.542240,1,0,266.271,0,0,0,266.271,0
722.9,3.4096,0,0,7.7055,0.3446,3.9513,18.144,61.308,0.0558498,0,0,2.07317,0.159782,1.85754,0.99792,12.849,1,0.060603,3.9513,0,176.756,4.64502,176.002,0.84672,12.849,0.84672,3695.15,0,3.68392,0.00335594,5.03273,1.88824,12.963,1.08996,18.7907,0.06048,3.68392,0.06048,456.806,0,1.54224,0,0,6.57497,5.03273,1.542240,1,0,196.65,0,0,0,196.65,0
722.9,2.9781,0,0,5.79569,0.352717,2.46488,18.144,61.308,0,0,0,1.25715,0.137711,1.11944,0.99792,12.849,1,0.0529335,2.46488,0,131.732,4.41141,129.733,0.84672,12.849,0.84672,3695.15,0,3.68392,0,2.53925,1.88868,9.37749,0.987686,12.8177,0.06048,3.68392,0.06048,456.806,0,1.37686,0,0,3.91611,2.53925,1.542240,1,0,143.67,0,0,0,143.67,0
722.446,2.9788,0,0,3.20861,0.320651,0.36288,18.144,61.308,0,0,0,0.831972,0.14158,0.690391,0.99792,12.849,1,0.0529458,0.36288,0,82.5111,4.44853,78.3725,0.84672,12.849,0.84672,3695.15,0,3.68392,0,1.17149,1.63178,5.27845,1.02274,7.05898,0.06048,3.68392,0.06048,456.806,0,1.37718,0,0,2.54867,1.17149,1.542240,1,0,86.1219,0,0,0,86.1219,0
722.9,2.97946,0,0,5.74352,0.320632,1.98971,18.144,61.308,0,0,0,1.59089,0.14158,1.44931,0.99792,12.849,1,0.0529908,1.98971,0,76.8165,4.44853,74.3047,0.84672,12.849,0.84672,3695.15,0,3.68392,0,2.7054,1.63216,8.00635,1.02274,11.3212,0.06048,3.68392,0.06048,456.806,0,1.3775,0,0,4.0829,2.7054,1.542240,1,0,87.0752,0,0,0,87.0752,0
722.9,2.98018,0,0,10.058,0.320651,6.75717,18.144,61.308,0,0,0,2.66184,0.14158,2.52026,0.99792,12.849,1,0.0529705,6.75717,0,171.424,4.44853,173.679,0.84672,12.849,0.84672,3695.15,0,3.68392,0,4.75568,1.63254,15.6709,1.02274,21.0364,0.06048,3.68392,0.06048,456.806,0,1.37782,0,0,6.1335,4.75568,1.542240,1,0,197.236,0,0,0,197.236,0
722.9,2.98087,0,0,10.1337,0.320413,6.8324,18.144,61.308,0,0,0,2.51046,0.177219,2.33324,0.99792,12.849,1,0.0529828,6.8324,0,279.953,4.37445,282.358,0.84672,12.849,0.84672,3695.15,0,3.68392,0,4.47131,1.63292,14.2583,0.984608,19.378,0.06048,3.68392,0.06048,456.806,0,1.37814,0,0,5.84945,4.47131,1.542240,1,0,304.069,0,0,0,304.069,0
722.9,3.09051,0,0,10.4396,0.308015,7.0411,18.144,61.308,0,0,0,2.5771,0.174541,2.40256,0.99792,12.849,1,0.0549314,7.0411,0,240.799,4.1286,243.657,0.84672,12.849,0.84672,3695.15,0,3.68392,0,4.62785,1.6333,15.8796,0.98394,21.1568,0.06048,3.68392,0.06048,456.806,0,1.43391,0,0,6.06175,4.62785,1.542240,1,0,267.216,0,0,0,267.216,0
722.9,3.09123,0,0,6.61949,0.308015,3.22025,18.144,61.308,0,0,0,1.5956,0.174541,1.42106,0.99792,12.849,1,0.0549442,3.22025,0,147.792,4.1286,146.828,0.84672,12.849,0.84672,3695.15,0,3.68392,0,2.70715,1.69729,11.1147,0.98394,14.5352,0.06048,3.68392,0.06048,456.806,0,1.43424,0,0,4.14139,2.70715,1.542240,1,0,162.784,0,0,0,162.784,0
722.9,3.09195,0,0,5.35793,0.308015,1.95797,18.144,61.308,0,0,0,1.32004,0.174541,1.1455,0.99792,12.849,1,0.054957,1.95797,0,102.525,4.1286,100.299,0.84672,12.849,0.84672,3695.15,0,3.68392,0,2.37873,1.69769,9.2867,0.98394,12.3792,0.06048,3.68392,0.06048,456.806,0,1.43457,0,0,3.8133,2.37873,1.542240,1,0,113.824,0,0,0,113.824,0
722.9,3.09266,0,0,4.68302,0.308015,1.28234,18.144,61.308,0,0,0,1.20321,0.174541,1.02867,0.99792,12.849,1,0.0549698,1.28234,0,87.7703,4.1286,84.8691,0.84672,12.849,0.84672,3695.15,0,3.68392,0,2.16117,1.69808,8.32162,0.98394,11.1969,0.06048,3.68392,0.06048,456.806,0,1.43491,0,0,3.59607,2.16117,1.542240,1,0,97.0947,0,0,0,97.0947,0
722.9,3.05075,0,0,5.66071,0.26863,2.34133,18.144,61.308,0,0,0,1.28861,0.210506,1.07811,0.99792,12.849,1,0.0542248,2.34133,0,117.393,4.00161,115.679,0.84672,12.849,0.84672,3695.15,0,3.68392,0,3.24152,1.69848,11.9935,1.05777,15.8758,0.06048,3.68392,0.06048,456.806,0,1.41369,0,0,4.65521,3.24152,1.542240,1,0,132.633,0,0,0,132.633,0
722.9,3.05146,0,0,4.71905,0.262066,1.40552,18.144,61.308,0,0,0,0.954694,0.2165,0.738194,0.99792,12.849,1,0.0542374,1.40552,0,84.685,3.98044,82.0558,0.84672,12.849,0.84672,3695.15,0,3.68392,0,2.22762,1.67409,6.32854,1.07007,9.16018,0.06048,3.68392,0.06048,456.806,0,1.41402,0,0,3.64164,2.22762,1.542240,1,0,91.9542,0,0,0,91.9542,0
722.9,3.05217,0,0,4.10848,0.262066,0.794241,18.144,61.308,0,0,0,0.917041,0.2165,0.700541,0.99792,12.849,1,0.05425,0.794241,0,75.2164,3.98044,71.9759,0.84672,12.849,0.84672,3695.15,0,3.68392,0,1.82946,1.67448,5.92002,1.07007,8.35388,0.06048,3.68392,0.06048,456.806,0,1.41435,0,0,3.2438,1.82946,1.542240,1,0,81.0304,0,0,0,81.0304,0
722.9,3.05288,0,0,3.6813,0.262066,0.366353,18.144,61.308,0,0,0,0.810302,0.2165,0.593803,0.99792,12.849,1,0.0542626,0.366353,0,64.5581,3.98044,60.8897,0.84672,12.849,0.84672,3695.15,0,3.68392,0,1.43008,1.67487,5.15736,1.07007,7.19224,0.06048,3.68392,0.06048,456.806,0,1.41467,0,0,2.84475,1.43008,1.542240,1,0,68.6758,0,0,0,68.6758,0
722.877,3.19844,0,0,3.75661,0.217986,0.36288,18.144,61.308,0,0,0,0.756717,0.203692,0.553025,0.99792,12.849,1,0.0568499,0.36288,0,65.8603,3.84231,62.324,0.84672,12.849,0.84672,3695.15,0,3.68392,0,1.5562,1.67526,5.07889,0.962084,7.34826,0.06048,3.68392,0.06048,456.806,0,1.49151,0,0,3.04771,1.5562,1.542240,1,0,70.2253,0,0,0,70.2253,0
722.9,3.19918,0,0,3.87344,0.179376,0.472189,18.144,61.308,0,0,0,0.783138,0.213163,0.569975,0.99792,12.849,1,0.0568648,0.472189,0,69.0051,4.20861,65.2118,0.84672,12.849,0.84672,3695.15,0,3.68392,0,1.21026,1.76238,5.36045,0.957721,7.37537,0.06048,3.68392,0.06048,456.806,0,1.49185,0,0,2.70211,1.21026,1.542240,1,0,73.1571,0,0,0,73.1571,0
722.67,3.19993,0,0,3.51257,0.179377,0.36288,18.144,61.308,0,0,0,0.695775,0.213163,0.482612,0.99792,12.849,1,0.0568763,0.36288,0,63.4928,4.20861,59.5902,0.84672,12.849,0.84672,3695.15,0,3.68392,0,0.837059,1.76279,5.00073,0.957721,6.64285,0.06048,3.68392,0.06048,456.806,0,1.4922,0,0,2.32926,0.837059,1.542240,1,0,66.7156,0,0,0,66.7156,0
722.047,3.20065,0,0,3.11937,0.179371,0.36288,18.144,61.308,0,0,0,0.678268,0.213163,0.465106,0.99792,12.849,1,0.0569073,0.36288,0,53.99,4.20861,50.0873,0.84672,12.849,0.84672,3695.15,0,3.68392,0,0.963375,1.7632,4.94162,0.957721,6.71047,0.06048,3.68392,0.06048,456.806,0,1.49255,0,0,2.45592,0.963375,1.542240,1,0,57.2629,0,0,0,57.2629,0
721.213,3.20135,0,0,2.85559,0.124734,0.36288,18.144,61.308,0,0,0,0.675814,0.256715,0.419099,0.99792,12.849,1,0.0569688,0.36288,0,51.2568,4.90027,46.6624,0.84672,12.849,0.84672,3695.15,0,3.68392,0,1.12732,1.76361,4.54832,1.13454,6.3047,0.06048,3.68392,0.06048,456.806,0,1.49289,0,0,2.62021,1.12732,1.542240,1,0,53.3862,0,0,0,53.3862,0
719.977,3.17335,0,0,2.42355,0.12368,0.36288,18.144,61.308,0,0,0,0.635964,0.291564,0.344401,0.99792,12.849,1,0.0565358,0.36288,0,50.3563,5.41264,45.25,0.84672,12.849,0.84672,3695.15,0,3.68392,0,0.827532,1.76402,3.72263,1.29528,5.0189,0.06048,3.68392,0.06048,456.806,0,1.53533,0,0,2.36287,0.827532,1.542240,1,0,50.6133,0,0,0,50.6133,0
718.584,3.17399,0,0,2.26708,0.123659,0.36288,18.144,61.308,0,0,0,0.583313,0.291564,0.291749,0.99792,12.849,1,0.0566443,0.36288,0,45.9228,5.41264,40.8164,0.84672,12.849,0.84672,3695.15,0,3.68392,0,0.561081,1.79148,3.62756,1.29528,4.68484,0.06048,3.68392,0.06048,456.806,0,1.53569,0,0,2.09677,0.561081,1.542240,1,0,45.793,0,0,0,45.793,0
717.12,3.17462,0,0,2.19741,0.123635,0.36288,18.144,61.308,0,0,0,0.561717,0.291564,0.270153,0.99792,12.849,1,0.0567654,0.36288,0,40.9364,5.41264,35.8299,0.84672,12.849,0.84672,3695.15,0,3.68392,0,0.442253,1.7919,3.58971,1.29528,4.52858,0.06048,3.68392,0.06048,456.806,0,1.53605,0,0,1.9783,0.442253,1.542240,1,0,40.6286,0,0,0,40.6286,0
715.784,3.17524,0,0,2.29438,0.0924828,0.36288,18.144,61.308,0,0,0,0.662022,0.318218,0.343804,0.99792,12.849,1,0.0568924,0.36288,0,39.5953,5.64043,34.2609,0.84672,12.849,0.84672,3695.15,0,3.68392,0,0.529212,1.79231,3.74723,1.43022,4.63853,0.06048,3.68392,0.06048,456.806,0,1.5364,0,0,2.06562,0.529212,1.542240,1,0,39.2432,0,0,0,39.2432,0
714.163,3.25,0,0,2.08486,0.0922828,0.36288,18.144,61.308,0.0295541,0,0,0.442403,0.31812,0.0947289,0.99792,12.849,1,0.0583405,0.36288,0,48.7325,5.79037,43.2466,0.84672,12.849,0.84672,3695.15,0,3.68392,0.00177587,0.300059,1.79273,3.40938,1.4712,4.02919,0.06048,3.68392,0.06048,456.806,0,1.54224,0,0,1.8423,0.300059,1.542240,1,0,47.3705,0,0,0,47.3705,0
712.373,3.25062,0,0,1.91734,0.0942633,0.36288,18.144,61.2745,0.0771053,0,0,0.359904,0.316303,0,0.99792,12.849,1,0.0584841,0.36288,0,36.6504,5.83516,31.1196,0.84672,12.849,0.84672,3695.15,0,3.68392,0.00463316,0.261274,1.8363,3.10548,1.4786,3.71982,0.06048,3.68392,0.06048,456.806,0,1.49107,0,0,1.75234,0.261274,1.542240,1,0,34.8394,0,0,0,34.8394,0
710.362,3.25123,0,0,1.69709,0.0942402,0.36288,18.144,61.1672,0.128863,0,0,0.337804,0.316236,0,0.99792,12.849,1,0.0586421,0.36288,0,34.5975,5.83516,29.0666,0.84672,12.849,0.84672,3695.15,0,3.68392,0.00774748,0.227405,1.83672,3.10723,1.4786,3.68501,0.06048,3.68392,0.06048,456.806,0,1.43542,0,0,1.66282,0.227405,1.542240,1,0,32.7516,0,0,0,32.7516,0
708.204,3.25182,0,0,1.55162,0.0942141,0.36288,18.144,60.9272,0.250321,0,0,0.326311,0.316022,0,0.99792,12.849,1,0.0588189,0.36288,0,32.4909,5.83516,26.9598,0.84672,12.849,0.84672,3695.15,0,3.68392,0.0150761,0.227405,1.83715,2.96053,1.4786,3.53141,0.06048,3.68392,0.06048,456.806,0,1.30467,0,0,1.53208,0.227405,1.542240,1,0,30.4912,0,0,0,30.4912,0
705.723,3.46962,0,0,1.43113,0.0798779,0.36288,18.144,60.5127,0.406759,0,0,0.310906,0.318583,0,0.99792,12.849,1,0.0629495,0.36288,0,30.2296,6.01162,24.5179,0.84672,12.849,0.84672,3695.15,0,3.68392,0.0245944,0.227405,1.83758,2.88194,1.51148,3.41085,0.06048,3.68392,0.06048,456.806,0,1.2716,0,0,1.49901,0.227405,1.542240,1,0,27.9288,0,0,0,27.9288,0
703.289,3.4702,0,0,1.47711,0.0783232,0.36288,18.144,60.054,0.410487,0,0,0.259042,0.30729,0,0.99792,12.849,1,0.0631815,0.36288,0,29.7799,5.92935,24.1503,0.84672,12.849,0.84672,3695.15,0,3.68392,0.0249898,0.227405,1.98426,2.15382,1.48909,2.85141,0.06048,3.68392,0.06048,456.806,0,1.26776,0,0,1.49517,0.227405,1.542240,1,0,27.0017,0,0,0,27.0017,0
700.95,3.47079,0,0,1.57291,0.078297,0.36288,18.144,59.9098,0.156389,0,0,0.318634,0.306394,0,0.99792,12.849,1,0.063411,0.36288,0,37.8961,5.92935,32.2662,0.84672,12.849,0.84672,3695.15,0,3.68392,0.00959344,0.300568,1.98472,2.40576,1.48909,3.19237,0.06048,3.68392,0.06048,456.806,0,1.54224,0,0,1.84281,0.300568,1.542240,1,0,35.4586,0,0,0,35.4586,0
698.331,3.47139,0,0,1.29403,0.0782718,0.36288,18.144,59.2264,0.609385,0,0,0.232055,0.306113,0,0.99792,12.849,1,0.0636335,0.36288,0,34.7187,5.92935,29.0886,0.84672,12.849,0.84672,3695.15,0,3.68392,0.0374717,0.204422,1.98519,1.97041,1.48909,2.63346,0.06048,3.68392,0.06048,456.806,0,1.05505,0,0,1.25947,0.204422,1.542240,1,0,31.7221,0,0,0,31.7221,0
696.031,3.47196,0,0,1.61259,0.0782436,0.36288,18.144,59.1667,0.156945,0,0,0.401993,0.304778,0,0.99792,12.849,1,0.0638827,0.36288,0,33.8424,5.92935,28.212,0.84672,12.849,0.84672,3695.15,0,3.68392,0.00976205,0.946676,1.98565,3.07319,1.48909,4.50666,0.06048,3.68392,0.06048,456.806,0,1.54224,0,0,2.48892,0.946676,1.542240,1,0,32.7187,0,0,0,32.7187,0
693.694,3.36661,0,0,1.43543,0.042419,0.36288,18.144,58.9833,0.122557,0,0,0.216785,0.277633,0,0.99792,12.849,1,0.0621489,0.36288,0,26.7258,5.73824,21.2883,0.84672,12.849,0.84672,3695.15,0,3.68392,0.00763079,0.204422,1.98611,2.66653,1.38777,3.46166,0.06048,3.68392,0.06048,456.806,0,1.4977,0,0,1.70212,0.204422,1.542240,1,0,24.7499,0,0,0,24.7499,0
691.834,3.36719,0,0,1.92236,0.0523319,0.36288,18.144,58.8975,0.0818745,0,0,0.266607,0.270508,0,0.99792,12.849,1,0.0623689,0.36288,0,35.463,5.68302,30.0805,0.84672,12.849,0.84672,3695.15,0,3.68392,0.00511364,0.711106,1.90265,3.27743,1.36881,4.51727,0.06048,3.68392,0.06048,456.806,0,1.54224,0,0,2.25335,0.711106,1.542240,1,0,34.5977,0,0,0,34.5977,0
690.473,3.3678,0,0,2.42133,0.0523185,0.36288,18.144,58.9446,0.0822124,0,0,0.399713,0.270359,0,0.99792,12.849,1,0.0625481,0.36288,0,72.1796,5.68302,66.7969,0.84672,12.849,0.84672,3695.15,0,3.68392,0.00514222,1.83859,1.90309,4.52708,1.36881,6.89482,0.06048,3.68392,0.06048,456.806,0,1.54224,0,0,3.38083,1.83859,1.542240,1,0,73.6917,0,0,0,73.6917,0
688.881,3.36846,0,0,2.26314,0.123818,0.36288,18.144,58.8845,0.0825655,0,0,0.270524,0.248095,0,0.99792,12.849,1,0.0626837,0.36288,0,56.7588,5.631,51.4279,0.84672,12.849,0.84672,3695.15,0,3.68392,0.00516018,0.712074,1.90354,2.72876,1.39216,3.94706,0.06048,3.68392,0.06048,456.806,0,1.54224,0,0,2.25431,0.712074,1.542240,1,0,55.375,0,0,0,55.375,0
686.646,3.28207,0,0,1.56617,0.1558,0.36288,18.144,59.0162,0.013918,0,0,0.391427,0.245781,0,0.99792,12.849,1,0.0612172,0.36288,0,33.2249,5.10971,28.4169,0.84672,12.849,0.84672,3695.15,0,3.68392,0.000870738,0.256141,1.90398,2.29097,1.2476,3.20263,0.06048,3.68392,0.06048,456.806,0,1.54224,0,0,1.79838,0.256141,1.542240,1,0,31.6195,0,0,0,31.6195,0
684.408,3.28264,0,0,1.54672,0.139549,0.36288,18.144,59.2512,0.0194926,0,0,0.511389,0.256899,0,0.99792,12.849,1,0.061427,0.36288,0,28.5797,4.74799,24.1332,0.84672,12.849,0.84672,3695.15,0,3.68392,0.00121677,0.216518,1.82977,3.93063,1.12604,4.84967,0.06048,3.68392,0.06048,456.806,0,1.53654,0,0,1.75306,0.216518,1.542240,1,0,28.9829,0,0,0,28.9829,0
682.743,3.2832,0,0,2.13667,0.155729,0.36288,18.144,59.6625,0.014589,0,0,0.678386,0.252505,0,0.99792,12.849,1,0.0616385,0.36288,0,48.8297,4.60501,44.526,0.84672,12.849,0.84672,3695.15,0,3.68392,0.000907067,0.748198,1.8302,3.76364,1.10527,5.23585,0.06048,3.68392,0.06048,456.806,0,1.54224,0,0,2.29044,0.748198,1.542240,1,0,49.7618,0,0,0,49.7618,0
683.656,3.28381,0,0,4.75682,0.196242,0.36288,18.144,60.7897,0.0149295,0,0,1.3833,0.241184,0,0.99792,12.849,1,0.0618003,0.36288,0,59.2292,4.24756,55.2827,0.84672,12.849,0.84672,3695.15,0,3.68392,0.000921838,1.74442,1.83062,6.91686,1.05336,9.43763,0.06048,3.68392,0.06048,456.806,0,1.54224,0,0,3.28666,1.74442,1.542240,1,0,64.7203,0,0,0,64.7203,0
684.061,3.03728,0,0,4.00785,0.203566,0.36288,18.144,61.308,0,0,0,1.12393,0.234638,0.370992,0.99792,12.849,1,0.0570843,0.36288,0,61.4962,4.27483,57.5271,0.84672,12.849,0.84672,3695.15,0,3.68392,0,1.89377,1.83105,6.87769,1.05612,9.54639,0.06048,3.68392,0.06048,456.806,0,1.40226,0,0,3.29603,1.89377,1.542240,1,0,67.4445,0,0,0,67.4445,0
686.284,3.03802,0,0,5.84632,0.221827,0.36288,18.144,61.308,0,0,0,2.08102,0.214636,1.86639,0.99792,12.849,1,0.0570644,0.36288,0,125.974,4.34301,121.937,0.84672,12.849,0.84672,3695.15,0,3.68392,0,3.22275,1.66327,12.1526,1.06301,15.9756,0.06048,3.68392,0.06048,456.806,0,1.40258,0,0,4.62533,3.22275,1.542240,1,0,139.779,0,0,0,139.779,0
687.969,3.03891,0,0,5.30893,0.221895,0.36288,18.144,61.308,0,0,0,1.5574,0.214636,1.34277,0.99792,12.849,1,0.0568961,0.36288,0,77.3155,4.34301,73.2784,0.84672,12.849,0.84672,3695.15,0,3.68392,0,2.97413,1.66366,11.3615,1.06301,14.9363,0.06048,3.68392,0.06048,456.806,0,1.40291,0,0,4.37704,2.97413,1.542240,1,0,89.5575,0,0,0,89.5575,0
688.174,3.03975,0,0,3.87751,0.26987,0.36288,18.144,61.308,0,0,0,0.722442,0.219395,0.503047,0.99792,12.849,1,0.0567725,0.36288,0,88.8477,3.84613,85.3077,0.84672,12.849,0.84672,3695.15,0,3.68392,0,1.45939,1.66404,8.36153,0.95875,10.5262,0.06048,3.68392,0.06048,456.806,0,1.40323,0,0,2.86262,1.45939,1.542240,1,0,96.3369,0,0,0,96.3369,0
688.404,3.04047,0,0,3.92178,0.289048,0.36288,18.144,61.308,0,0,0,0.665931,0.221299,0.444633,0.99792,12.849,1,0.056769,0.36288,0,106.278,3.64738,102.937,0.84672,12.849,0.84672,3695.15,0,3.68392,0,1.51235,1.66443,7.65798,0.917047,9.9177,0.06048,3.68392,0.06048,456.806,0,1.40356,0,0,2.9159,1.51235,1.542240,1,0,113.299,0,0,0,113.299,0
690.632,3.13644,0,0,6.02212,0.294385,0.36288,18.144,61.308,0,0,0,1.5344,0.226137,1.30827,0.99792,12.849,1,0.0585415,0.36288,0,143.885,4.62501,139.564,0.84672,12.849,0.84672,3695.15,0,3.68392,0,2.41538,1.66481,8.93851,1.12052,11.8982,0.06048,3.68392,0.06048,456.806,0,1.44927,0,0,3.86465,2.41538,1.542240,1,0,152.77,0,0,0,152.77,0
693.945,3.13732,0,0,7.09722,0.283873,0.36288,18.144,61.308,0,0,0,1.8361,0.210901,1.6252,0.99792,12.849,1,0.0583689,0.36288,0,165.932,4.39769,161.839,0.84672,12.849,0.84672,3695.15,0,3.68392,0,3.313,1.71845,10.4842,1.10503,14.4106,0.06048,3.68392,0.06048,456.806,0,1.44959,0,0,4.76259,3.313,1.542240,1,0,177.875,0,0,0,177.875,0
698.231,3.13829,0,0,8.06293,0.275843,0.36288,18.144,61.308,0,0,0,2.67906,0.2047,2.47436,0.99792,12.849,1,0.0581082,0.36288,0,116.718,4.1833,112.839,0.84672,12.849,0.84672,3695.15,0,3.68392,0,4.67113,1.71882,12.2837,1.07825,17.5954,0.06048,3.68392,0.06048,456.806,0,1.44991,0,0,6.12103,4.67113,1.542240,1,0,132.909,0,0,0,132.909,0
701.351,3.13933,0,0,6.89824,0.276006,0.36288,18.144,61.308,0,0,0,1.86888,0.2047,1.66418,0.99792,12.849,1,0.0577707,0.36288,0,130.434,4.1833,126.556,0.84672,12.849,0.84672,3695.15,0,3.68392,0,3.1891,1.7192,11.6495,1.07825,15.4795,0.06048,3.68392,0.06048,456.806,0,1.45023,0,0,4.63933,3.1891,1.542240,1,0,143.699,0,0,0,143.699,0
707.235,3.44657,0,0,9.97849,0.285482,0.36288,18.144,61.308,0.072668,0,0,2.5306,0.202164,2.25577,0.99792,12.849,1,0.0631424,0.36288,0,270.007,3.90107,266.406,0.84672,12.849,0.84672,3695.15,0,3.68392,0.00436653,4.25341,1.71958,17.0211,1.01391,21.9758,0.06048,3.68392,0.06048,456.806,0,1.54224,0,0,5.79565,4.25341,1.542240,1,0,290.637,0,0,0,290.637,0
711.102,3.44785,0,0,7.97558,0.298199,0.36288,18.144,61.308,0.0729978,0,0,2.92905,0.198782,2.65727,0.99792,12.849,1,0.0626403,0.36288,0,225.579,3.52475,222.355,0.84672,12.849,0.84672,3695.15,0,3.68392,0.00438634,3.36337,1.91018,14.1892,0.928133,18.5302,0.06048,3.68392,0.06048,456.806,0,1.54224,0,0,4.90561,3.36337,1.542240,1,0,243.542,0,0,0,243.542,0
712.755,3.44895,0,0,5.76365,0.298358,0.36288,18.144,61.308,0.0733277,0,0,2.2177,0.198782,1.94559,0.99792,12.849,1,0.0623195,0.36288,0,144.862,3.52475,141.638,0.84672,12.849,0.84672,3695.15,0,3.68392,0.00440617,2.25001,1.91061,10.2818,0.928133,13.5099,0.06048,3.68392,0.06048,456.806,0,1.54224,0,0,3.79225,2.25001,1.542240,1,0,157.093,0,0,0,157.093,0
713.694,3.44985,0,0,5.05324,0.301444,0.36288,18.144,61.308,0.0736576,0,0,2.20596,0.181273,1.95103,0.99792,12.849,1,0.0621913,0.36288,0,123.699,3.22228,120.777,0.84672,12.849,0.84672,3695.15,0,3.68392,0.00442599,2.78449,1.91103,9.99449,0.841406,13.8442,0.06048,3.68392,0.06048,456.806,0,1.54224,0,0,4.32673,2.78449,1.542240,1,0,136.573,0,0,0,136.573,0
715.393,3.0133,0,0,5.36649,0.291478,0.36288,18.144,61.308,0,0,0,1.89934,0.163729,1.73561,0.99792,12.849,1,0.0542499,0.36288,0,144.939,2.94914,142.299,0.84672,12.849,0.84672,3695.15,0,3.68392,0,2.65854,1.91145,9.59204,0.776372,13.3857,0.06048,3.68392,0.06048,456.806,0,1.39345,0,0,4.05199,2.65854,1.542240,1,0,157.42,0,0,0,157.42,0
717.469,3.01409,0,0,5.73787,0.284965,0.36288,18.144,61.308,0,0,0,1.61374,0.1513,1.46244,0.99792,12.849,1,0.0541353,0.36288,0,177.402,2.83516,174.875,0.84672,12.849,0.84672,3695.15,0,3.68392,0,2.50412,1.65144,9.1165,0.779609,12.4924,0.06048,3.68392,0.06048,456.806,0,1.39375,0,0,3.89788,2.50412,1.542240,1,0,188.83,0,0,0,188.83,0
718.521,3.01491,0,0,4.70524,0.275262,0.36288,18.144,61.308,0,0,0,1.49293,0.157846,1.33509,0.99792,12.849,1,0.0539933,0.36288,0,135.213,2.88739,132.635,0.84672,12.849,0.84672,3695.15,0,3.68392,0,1.89481,1.6518,7.58246,0.776387,10.3527,0.06048,3.68392,0.06048,456.806,0,1.39406,0,0,3.28887,1.89481,1.542240,1,0,144.323,0,0,0,144.323,0
719.142,3.01565,0,0,4.27487,0.275301,0.36288,18.144,61.308,0,0,0,1.32354,0.157846,1.16569,0.99792,12.849,1,0.0539275,0.36288,0,121.16,2.88739,118.581,0.84672,12.849,0.84672,3695.15,0,3.68392,0,2.21223,1.65216,7.09741,0.776387,10.1854,0.06048,3.68392,0.06048,456.806,0,1.39437,0,0,3.6066,2.21223,1.542240,1,0,129.932,0,0,0,129.932,0
721.775,3.01636,0,0,6.2876,0.275325,0.36288,18.144,61.308,0,0,0,1.61694,0.157846,1.4591,0.99792,12.849,1,0.0538937,0.36288,0,164.684,2.88739,162.106,0.84672,12.849,0.84672,3695.15,0,3.68392,0,2.61966,1.65253,10.0048,0.776387,13.5006,0.06048,3.68392,0.06048,456.806,0,1.39468,0,0,4.01433,2.61966,1.542240,1,0,177.066,0,0,0,177.066,0
721.976,3.12746,0,0,3.9797,0.288507,0.36288,18.144,61.308,0,0,0,1.58523,0.184219,1.40101,0.99792,12.849,1,0.0556749,0.36288,0,112.682,4.08188,108.907,0.84672,12.849,0.84672,3695.15,0,3.68392,0,1.87032,1.65289,8.95216,1.06969,11.4057,0.06048,3.68392,0.06048,456.806,0,1.45109,0,0,3.32141,1.87032,1.542240,1,0,121.714,0,0,0,121.714,0
722.204,3.12817,0,0,4.00765,0.288515,0.36288,18.144,61.308,0,0,0,1.7552,0.184219,1.57098,0.99792,12.849,1,0.055672,0.36288,0,113.291,4.08188,109.516,0.84672,12.849,0.84672,3695.15,0,3.68392,0,2.4915,1.71763,9.62721,1.06969,12.7666,0.06048,3.68392,0.06048,456.806,0,1.45141,0,0,3.94291,2.4915,1.542240,1,0,123.854,0,0,0,123.854,0
721.38,3.12887,0,0,2.9564,0.288524,0.36288,18.144,61.308,0,0,0,1.30237,0.184219,1.11815,0.99792,12.849,1,0.055667,0.36288,0,81.3447,4.08188,77.5701,0.84672,12.849,0.84672,3695.15,0,3.68392,0,1.13186,1.71801,6.82102,1.06969,8.6012,0.06048,3.68392,0.06048,456.806,0,1.45173,0,0,2.58359,1.13186,1.542240,1,0,87.2894,0,0,0,87.2894,0
720.243,3.1295,0,0,2.61201,0.256321,0.36288,18.144,61.308,0,0,0,1.08862,0.197676,0.890946,0.99792,12.849,1,0.0557417,0.36288,0,71.3137,4.19408,67.4268,0.84672,12.849,0.84672,3695.15,0,3.68392,0,0.887764,1.71839,5.89503,1.0838,7.41738,0.06048,3.68392,0.06048,456.806,0,1.45205,0,0,2.33982,0.887764,1.542240,1,0,75.7351,0,0,0,75.7351,0
719.458,3.08697,0,0,2.90217,0.237529,0.36288,18.144,61.308,0,0,0,1.25101,0.210128,1.04088,0.99792,12.849,1,0.0550708,0.36288,0,62.1538,4.37213,58.0895,0.84672,12.849,0.84672,3695.15,0,3.68392,0,1.24411,1.71877,6.08282,1.07933,7.96636,0.06048,3.68392,0.06048,456.806,0,1.43056,0,0,2.67467,1.24411,1.542240,1,0,67.0968,0,0,0,67.0968,0
718.233,3.08759,0,0,2.44153,0.215857,0.36288,18.144,61.308,0,0,0,1.07324,0.21508,0.858163,0.99792,12.849,1,0.055142,0.36288,0,52.1859,4.34521,48.1485,0.84672,12.849,0.84672,3695.15,0,3.68392,0,1.10597,1.69407,5.22962,1.08173,6.94794,0.06048,3.68392,0.06048,456.806,0,1.43088,0,0,2.53685,1.10597,1.542240,1,0,55.9546,0,0,0,55.9546,0
716.707,3.08818,0,0,2.14057,0.21582,0.36288,18.144,61.308,0,0,0,1.01202,0.21508,0.79694,0.99792,12.849,1,0.0552466,0.36288,0,47.65,4.34521,43.6125,0.84672,12.849,0.84672,3695.15,0,3.68392,0,0.798653,1.69444,4.87071,1.08173,6.28208,0.06048,3.68392,0.06048,456.806,0,1.43119,0,0,2.22985,0.798653,1.542240,1,0,50.6915,0,0,0,50.6915,0
715.361,3.08874,0,0,2.32173,0.215775,0.36288,18.144,61.308,0.0212026,0,0,0.971076,0.21508,0.734793,0.99792,12.849,1,0.0553744,0.36288,0,51.3673,4.34521,47.3296,0.84672,12.849,0.84672,3695.15,0,3.68392,0.00127404,0.402797,1.69482,5.33072,1.08173,6.34534,0.06048,3.68392,0.06048,456.806,0,1.40854,0,0,1.81134,0.402797,1.542240,1,0,54.4097,0,0,0,54.4097,0
713.865,3.23587,0,0,2.26794,0.165937,0.36288,18.144,61.308,0,0,0,1.00269,0.236024,0.766665,0.99792,12.849,1,0.0581212,0.36288,0,47.7105,4.7319,43.2834,0.84672,12.849,0.84672,3695.15,0,3.68392,0,0.439818,1.69519,4.85631,1.17525,5.81607,0.06048,3.68392,0.06048,456.806,0,1.50924,0,0,1.94905,0.439818,1.542240,1,0,49.8661,0,0,0,49.8661,0
712.176,3.23646,0,0,2.10439,0.193495,0.36288,18.144,61.308,0,0,0,0.976666,0.189056,0.78761,0.99792,12.849,1,0.0582537,0.36288,0,44.9973,4.578,40.7239,0.84672,12.849,0.84672,3695.15,0,3.68392,0,0.416296,1.78333,4.46876,1.14484,5.52355,0.06048,3.68392,0.06048,456.806,0,1.50957,0,0,1.92586,0.416296,1.542240,1,0,47.0351,0,0,0,47.0351,0
710.575,3.23704,0,0,2.08109,0.0827589,0.36288,18.144,61.308,0,0,0,0.93585,0.228481,0.707369,0.99792,12.849,1,0.0584023,0.36288,0,46.1099,5.10699,41.3074,0.84672,12.849,0.84672,3695.15,0,3.68392,0,0.457772,1.78372,4.61277,1.25127,5.603,0.06048,3.68392,0.06048,456.806,0,1.5099,0,0,1.96767,0.457772,1.542240,1,0,47.6177,0,0,0,47.6177,0
708.74,3.23762,0,0,1.84829,0.0827407,0.36288,18.144,61.308,0.127698,0,0,0.76286,0.228481,0.406682,0.99792,12.849,1,0.0585445,0.36288,0,41.2369,5.10699,36.4342,0.84672,12.849,0.84672,3695.15,0,3.68392,0.00767318,0.30119,1.78412,3.95608,1.25127,4.78245,0.06048,3.68392,0.06048,456.806,0,1.37201,0,0,1.6732,0.30119,1.542240,1,0,41.6234,0,0,0,41.6234,0
706.836,3.23819,0,0,1.78002,0.0827198,0.36288,18.144,61.308,0.243945,0,0,0.614099,0.228481,0.141674,0.99792,12.849,1,0.0587063,0.36288,0,38.0007,5.10699,33.1979,0.84672,12.849,0.84672,3695.15,0,3.68392,0.0146583,0.30119,1.78451,3.80333,1.25127,4.6231,0.06048,3.68392,0.06048,456.806,0,1.247,0,0,1.54819,0.30119,1.542240,1,0,37.9627,0,0,0,37.9627,0
705.031,3.20974,0,0,1.87616,0.108031,0.36288,18.144,61.308,0.287347,0,0,0.670939,0.243933,0.139659,0.99792,12.849,1,0.0583473,0.36288,0,34.9708,4.58357,30.6918,0.84672,12.849,0.84672,3695.15,0,3.68392,0.0172663,0.30119,1.7849,3.66376,1.06749,4.6651,0.06048,3.68392,0.06048,456.806,0,1.24305,0,0,1.54424,0.30119,1.542240,1,0,35.4966,0,0,0,35.4966,0
703.15,3.2103,0,0,1.78972,0.0984602,0.36288,18.144,61.308,0.241619,0,0,0.655007,0.259478,0.15391,0.99792,12.849,1,0.0585068,0.36288,0,32.8854,4.80074,28.389,0.84672,12.849,0.84672,3695.15,0,3.68392,0.0145186,0.261274,1.81267,3.66965,1.14099,4.58809,0.06048,3.68392,0.06048,456.806,0,1.2926,0,0,1.55388,0.261274,1.542240,1,0,33.131,0,0,0,33.131,0
701.067,3.21085,0,0,1.56621,0.0748895,0.36288,18.144,61.2499,0.382617,0,0,0.618875,0.29432,0,0.99792,12.849,1,0.0586735,0.36288,0,30.901,5.54706,25.6581,0.84672,12.849,0.84672,3695.15,0,3.68392,0.0229909,0.261274,1.81307,3.57103,1.40018,4.2222,0.06048,3.68392,0.06048,456.806,0,1.14145,0,0,1.40272,0.261274,1.542240,1,0,29.8803,0,0,0,29.8803,0
698.931,3.21139,0,0,1.513,0.0752785,0.36288,18.144,61.2844,0.285804,0,0,0.609098,0.288855,0,0.99792,12.849,1,0.0588576,0.36288,0,28.4483,5.81826,22.9341,0.84672,12.849,0.84672,3695.15,0,3.68392,0.0171899,0.261274,1.81347,3.56627,1.50077,4.12305,0.06048,3.68392,0.06048,456.806,0,1.24572,0,0,1.50699,0.261274,1.542240,1,0,27.0571,0,0,0,27.0571,0
696.728,3.28688,0,0,1.51849,0.0708435,0.36288,18.144,61.1898,0.416817,0,0,0.6416,0.319322,0,0.99792,12.849,1,0.0604254,0.36288,0,28.5032,5.76649,23.0391,0.84672,12.849,0.84672,3695.15,0,3.68392,0.0250556,0.261274,1.81387,3.82306,1.46311,4.41003,0.06048,3.68392,0.06048,456.806,0,1.14321,0,0,1.40448,0.261274,1.542240,1,0,27.4492,0,0,0,27.4492,0
694.532,3.28742,0,0,1.52041,0.066392,0.36288,18.144,61.2343,0.237608,0,0,0.637432,0.355345,0,0.99792,12.849,1,0.0606262,0.36288,0,28.5418,6.01377,22.8303,0.84672,12.849,0.84672,3695.15,0,3.68392,0.0143052,0.261274,1.85793,3.4613,1.5265,4.0397,0.06048,3.68392,0.06048,456.806,0,1.33611,0,0,1.59738,0.261274,1.542240,1,0,26.87,0,0,0,26.87,0
692.507,3.28795,0,0,1.69216,0.0663719,0.36288,18.144,61.308,0.151235,0,0,0.715962,0.355445,0.135601,0.99792,12.849,1,0.0608279,0.36288,0,30.0456,6.01377,24.3339,0.84672,12.849,0.84672,3695.15,0,3.68392,0.00909845,0.227405,1.85834,3.80099,1.5265,4.35113,0.06048,3.68392,0.06048,456.806,0,1.4297,0,0,1.6571,0.227405,1.542240,1,0,28.8206,0,0,0,28.8206,0
690.325,3.2885,0,0,1.53557,0.0663534,0.36288,18.144,61.1972,0.381933,0,0,0.626745,0.355611,0,0.99792,12.849,1,0.0610159,0.36288,0,33.1684,6.01377,27.4564,0.84672,12.849,0.84672,3695.15,0,3.68392,0.0229498,0.227405,1.85875,3.71573,1.5265,4.25243,0.06048,3.68392,0.06048,456.806,0,1.18167,0,0,1.40907,0.227405,1.542240,1,0,31.7089,0,0,0,31.7089,0
687.834,3.5087,0,0,1.44346,0.0630857,0.36288,18.144,60.9663,0.487994,0,0,0.613154,0.356039,0,0.99792,12.849,1,0.0653073,0.36288,0,27.7163,5.93035,22.0836,0.84672,12.849,0.84672,3695.15,0,3.68392,0.029376,0.227405,1.85916,3.44301,1.51276,3.98742,0.06048,3.68392,0.06048,456.806,0,1.20455,0,0,1.43195,0.227405,1.542240,1,0,26.071,0,0,0,26.071,0
685.551,3.50924,0,0,1.64386,0.0545984,0.36288,18.144,60.3427,0.904131,0,0,0.626175,0.345635,0,0.99792,12.849,1,0.0655539,0.36288,0,29.562,5.38461,24.4747,0.84672,12.849,0.84672,3695.15,0,3.68392,0.0546326,0.227405,2.00754,3.60463,1.43526,4.34969,0.06048,3.68392,0.06048,456.806,0,0.761841,0,0,0.989245,0.227405,1.542240,1,0,28.8244,0,0,0,28.8244,0
683.167,3.5098,0,0,1.54658,0.0578858,0.36288,18.144,60.2232,0.406712,0,0,0.618983,0.331759,0,0.99792,12.849,1,0.0657827,0.36288,0,27.87,5.49875,22.6684,0.84672,12.849,0.84672,3695.15,0,3.68392,0.0248297,0.204422,2.00798,3.94112,1.47667,4.65202,0.06048,3.68392,0.06048,456.806,0,1.29203,0,0,1.49646,0.204422,1.542240,1,0,27.3204,0,0,0,27.3204,0
680.694,3.51035,0,0,1.45812,0.0578667,0.36288,18.144,60.1599,0.32496,0,0,0.593159,0.331507,0,0.99792,12.849,1,0.0660226,0.36288,0,28.2695,5.49875,23.0676,0.84672,12.849,0.84672,3695.15,0,3.68392,0.0198782,0.204422,2.00843,3.68047,1.47667,4.39677,0.06048,3.68392,0.06048,456.806,0,1.38038,0,0,1.5848,0.204422,1.542240,1,0,27.4644,0,0,0,27.4644,0
678.19,3.51088,0,0,1.42723,0.057847,0.36288,18.144,60.0842,0.338405,0,0,0.59406,0.331373,0,0.99792,12.849,1,0.0662726,0.36288,0,26.8066,5.49875,21.6045,0.84672,12.849,0.84672,3695.15,0,3.68392,0.0207224,0.204422,2.00887,3.69257,1.47667,4.40847,0.06048,3.68392,0.06048,456.806,0,1.36623,0,0,1.57066,0.204422,1.542240,1,0,26.013,0,0,0,26.013,0
675.198,3.40428,0,0,0.843186,0.0676499,0.36288,18.144,59.0672,1.08472,0,0,0.372391,0.304683,0,0.99792,12.849,1,0.0644976,0.36288,0,15.5348,4.28573,11.5475,0.84672,12.849,0.84672,3695.15,0,3.68392,0.06048,0.204422,2.00931,2.73945,1.27171,3.621,0.06048,3.68392,0.06048,456.806,0,0.504823,0,0,0.709246,0.204422,1.542240,1,0,15.1685,0,0,0,15.1685,0
672.012,3.40475,0,0,0.651128,0.0692585,0.36288,18.144,58.4388,0.818697,0,0,0.488635,0.298316,0,0.99792,12.849,1,0.0647923,0.36288,0,13.5015,4.08355,9.716,0.84672,12.849,0.84672,3695.15,0,3.68392,0.0510607,0.216518,1.92486,2.94456,1.23755,3.79732,0.06048,3.68392,0.06048,456.806,0,0.76996,0,0,0.986478,0.216518,1.542240,1,0,13.5133,0,0,0,13.5133,0
668.715,3.4052,0,0,0.54028,0.069228,0.36288,18.144,57.1084,1.2961,0,0,0.262812,0.297114,0,0.99792,12.849,1,0.065108,0.36288,0,12.9363,4.08355,9.15054,0.84672,12.849,0.84672,3695.15,0,3.68392,0.06048,0.216518,1.92528,2.19292,1.23755,3.03669,0.06048,3.68392,0.06048,456.806,0,0.294176,0,0,0.510694,0.216518,1.542240,1,0,12.1872,0,0,0,12.1872,0
665.596,3.40563,0,0,0.777076,0.127642,0.36288,18.144,55.9497,1.23168,0,0,0.323264,0.250293,0,0.99792,12.849,1,0.0654373,0.36288,0,15.0981,3.46066,11.9349,0.84672,12.849,0.84672,3695.15,0,3.68392,0.06048,0.216518,1.92571,2.41307,1.04285,3.45197,0.06048,3.68392,0.06048,456.806,0,0.358957,0,0,0.575476,0.216518,1.542240,1,0,15.3869,0,0,0,15.3869,0
662.944,3.31809,0,0,1.19346,0.16468,0.36288,18.144,55.5349,0.790904,0,0,0.574804,0.198698,0,0.99792,12.849,1,0.0640541,0.36288,0,31.8173,3.35617,28.76,0.84672,12.849,0.84672,3695.15,0,3.68392,0.0520758,0.216518,1.92613,6.27305,0.793963,7.56966,0.06048,3.68392,0.06048,456.806,0,0.722304,0,0,0.938822,0.216518,1.542240,1,0,36.3296,0,0,0,36.3296,0
660.693,3.31857,0,0,1.63591,0.205568,0.36288,18.144,54.9687,0.77513,0,0,0.408987,0.200124,0,0.99792,12.849,1,0.0643196,0.36288,0,25.6795,4.42156,21.5565,0.84672,12.849,0.84672,3695.15,0,3.68392,0.0514184,0.216518,1.85104,4.58145,0.932243,5.66534,0.06048,3.68392,0.06048,456.806,0,0.738979,0,0,0.955498,0.216518,1.542240,1,0,27.2218,0,0,0,27.2218,0
658.129,3.31909,0,0,1.36135,0.243624,0.36288,18.144,53.9503,1.10919,0,0,0.286257,0.195458,0,0.99792,12.849,1,0.0645488,0.36288,0,20.8632,4.4605,16.701,0.84672,12.849,0.84672,3695.15,0,3.68392,0.06048,0.292723,1.85145,3.82504,0.981848,4.92688,0.06048,3.68392,0.06048,456.806,0,0.406521,0,0,0.699244,0.292723,1.542240,1,0,21.6279,0,0,0,21.6279,0
656.252,3.31957,0,0,2.04918,0.243538,0.36288,18.144,54.4181,0.0312662,0,0,0.693215,0.194148,0,0.99792,12.849,1,0.0648097,0.36288,0,32.5336,4.4605,28.3711,0.84672,12.849,0.84672,3695.15,0,3.68392,0.00213497,0.478777,1.85186,7.75602,0.981848,9.10267,0.06048,3.68392,0.06048,456.806,0,1.54224,0,0,2.02102,0.478777,1.542240,1,0,37.4738,0,0,0,37.4738,0
657.327,3.07007,0,0,4.74256,0.233972,0.36288,18.144,55.763,0,0,0,1.54029,0.195337,0,0.99792,12.849,1,0.0601102,0.36288,0,85.7658,4.37046,81.6981,0.84672,12.849,0.84672,3695.15,0,3.68392,0,1.83133,1.85226,11.9512,0.992235,14.6425,0.06048,3.68392,0.06048,456.806,0,1.41849,0,0,3.24981,1.83133,1.542240,1,0,96.3407,0,0,0,96.3407,0
655.054,3.07085,0,0,1.38556,0.224993,0.36288,18.144,55.8922,0.242135,0,0,0.56142,0.19014,0,0.99792,12.849,1,0.0600269,0.36288,0,48.1042,3.81701,44.5901,0.84672,12.849,0.84672,3695.15,0,3.68392,0.0159964,0.292723,1.68252,7.23954,1.03953,8.15926,0.06048,3.68392,0.06048,456.806,0,1.15565,0,0,1.44837,0.292723,1.542240,1,0,52.7493,0,0,0,52.7493,0
653.406,3.07132,0,0,2.07446,0.288921,0.36288,18.144,56.7733,0,0,0,1.05744,0.176309,0,0.99792,12.849,1,0.0602444,0.36288,0,90.6361,3.79943,87.1393,0.84672,12.849,0.84672,3695.15,0,3.68392,0,1.00286,1.68289,9.15702,1.01951,10.8233,0.06048,3.68392,0.06048,456.806,0,1.41911,0,0,2.42197,1.00286,1.542240,1,0,97.9626,0,0,0,97.9626,0
655.404,3.07184,0,0,5.72169,0.288855,0.36288,18.144,57.9393,0,0,0,1.34329,0.177325,0,0.99792,12.849,1,0.0604068,0.36288,0,89.9977,3.79943,86.5007,0.84672,12.849,0.84672,3695.15,0,3.68392,0,1.4867,1.68326,11.6769,1.01951,13.8273,0.06048,3.68392,0.06048,456.806,0,1.41943,0,0,2.90612,1.4867,1.542240,1,0,100.328,0,0,0,100.328,0
655.042,3.0727,0,0,3.36433,0.290756,0.36288,18.144,58.7628,0,0,0,0.999968,0.176374,0,0.99792,12.849,1,0.0602394,0.36288,0,164.686,3.82206,161.167,0.84672,12.849,0.84672,3695.15,0,3.68392,0,0.897389,1.68363,10.2767,1.00025,11.8575,0.06048,3.68392,0.06048,456.806,0,1.41974,0,0,2.31713,0.897389,1.542240,1,0,173.024,0,0,0,173.024,0
653.933,3.1696,0,0,2.73301,0.309534,0.36288,18.144,59.4696,0,0,0,0.894154,0.187401,0,0.99792,12.849,1,0.0621735,0.36288,0,87.1629,4.29543,83.1682,0.84672,12.849,0.84672,3695.15,0,3.68392,0,0.635759,1.684,7.67683,1.08187,8.91473,0.06048,3.68392,0.06048,456.806,0,1.46596,0,0,2.10171,0.635759,1.542240,1,0,92.0829,0,0,0,92.0829,0
659.071,3.17016,0,0,8.96078,0.289912,0.36288,18.144,61.0241,0,0,0,1.73517,0.180712,0,0.99792,12.849,1,0.0622899,0.36288,0,157.6,3.83019,154.07,0.84672,12.849,0.84672,3695.15,0,3.68392,0,1.84306,1.73823,13.6208,1.08575,16.1163,0.06048,3.68392,0.06048,456.806,0,1.46626,0,0,3.30932,1.84306,1.542240,1,0,170.186,0,0,0,170.186,0
659.82,3.1713,0,0,4.57381,0.290118,0.36288,18.144,61.308,0,0,0,1.07905,0.182509,0.612596,0.99792,12.849,1,0.0618265,0.36288,0,122.483,3.83019,118.954,0.84672,12.849,0.84672,3695.15,0,3.68392,0,0.84013,1.7386,8.0498,1.08575,9.54278,0.06048,3.68392,0.06048,456.806,0,1.46657,0,0,2.3067,0.84013,1.542240,1,0,129.109,0,0,0,129.109,0
660.339,3.17203,0,0,4.34418,0.290148,0.36288,18.144,61.308,0,0,0,2.00881,0.182837,1.82597,0.99792,12.849,1,0.0617705,0.36288,0,104.674,3.83019,101.145,0.84672,12.849,0.84672,3695.15,0,3.68392,0,2.77886,1.73896,11.1345,1.08575,14.5666,0.06048,3.68392,0.06048,456.806,0,1.46687,0,0,4.24574,2.77886,1.542240,1,0,117.537,0,0,0,117.537,0
661.835,3.4822,0,0,5.6239,0.283175,0.36288,18.144,61.308,0.0897959,0,0,1.53866,0.186906,1.26196,0.99792,12.849,1,0.0677573,0.36288,0,123.304,4.29627,119.303,0.84672,12.849,0.84672,3695.15,0,3.68392,0.00539572,1.72905,1.73932,12.6543,1.01722,15.1001,0.06048,3.68392,0.06048,456.806,0,1.54224,0,0,3.27129,1.72905,1.542240,1,0,135.665,0,0,0,135.665,0
664.222,3.48308,0,0,6.54953,0.316353,0.36288,18.144,61.308,0.0901115,0,0,1.40114,0.18431,1.12672,0.99792,12.849,1,0.0676212,0.36288,0,152.661,4.58325,148.373,0.84672,12.849,0.84672,3695.15,0,3.68392,0.00541469,1.93361,1.93209,13.2275,1.09811,15.9897,0.06048,3.68392,0.06048,456.806,0,1.54224,0,0,3.47585,1.93361,1.542240,1,0,165.489,0,0,0,165.489,0
667.63,3.48405,0,0,7.57166,0.316458,0.36288,18.144,61.308,0.0904271,0,0,1.21884,0.18431,0.944099,0.99792,12.849,1,0.0673969,0.36288,0,122.671,4.58325,118.383,0.84672,12.849,0.84672,3695.15,0,3.68392,0.00543365,1.44659,1.93249,9.82999,1.09811,12.1055,0.06048,3.68392,0.06048,456.806,0,1.54224,0,0,2.98883,1.44659,1.542240,1,0,131.433,0,0,0,131.433,0
668.418,3.48511,0,0,4.96315,0.327675,0.36288,18.144,61.308,0.0907427,0,0,1.0948,0.157995,0.846062,0.99792,12.849,1,0.0670733,0.36288,0,138.194,4.23363,134.256,0.84672,12.849,0.84672,3695.15,0,3.68392,0.00545261,1.11663,1.93289,8.2499,1.02368,10.2703,0.06048,3.68392,0.06048,456.806,0,1.54224,0,0,2.65887,1.11663,1.542240,1,0,145.373,0,0,0,145.373,0
672.657,3.04405,0,0,7.98502,0.33915,0.36288,18.144,61.308,0,0,0,1.91402,0.145225,1.76879,0.99792,12.849,1,0.0585159,0.36288,0,166.935,3.94333,163.296,0.84672,12.849,0.84672,3695.15,0,3.68392,0,2.50841,1.9333,12.6559,0.946663,16.1509,0.06048,3.68392,0.06048,456.806,0,1.40936,0,0,3.91776,2.50841,1.542240,1,0,181.216,0,0,0,181.216,0
676.787,3.04505,0,0,7.88581,0.347196,0.36288,18.144,61.308,0,0,0,3.08043,0.16264,2.91779,0.99792,12.849,1,0.0581662,0.36288,0,123.796,3.87314,120.227,0.84672,12.849,0.84672,3695.15,0,3.68392,0,3.47036,1.67029,14.3751,0.893681,18.622,0.06048,3.68392,0.06048,456.806,0,1.40965,0,0,4.88001,3.47036,1.542240,1,0,141.767,0,0,0,141.767,0
678.561,3.04604,0,0,5.52993,0.347394,0.36288,18.144,61.308,0,0,0,2.43383,0.16264,2.27119,0.99792,12.849,1,0.0578298,0.36288,0,125.153,3.87314,121.585,0.84672,12.849,0.84672,3695.15,0,3.68392,0,2.46338,1.67064,12.1753,0.893681,15.4157,0.06048,3.68392,0.06048,456.806,0,1.40995,0,0,3.87333,2.46338,1.542240,1,0,139.272,0,0,0,139.272,0
679.81,3.04682,0,0,4.96085,0.302442,0.36288,18.144,61.308,0,0,0,1.61759,0.138575,1.47901,0.99792,12.849,1,0.0576935,0.36288,0,105.087,3.52435,101.868,0.84672,12.849,0.84672,3695.15,0,3.68392,0,1.56876,1.67099,10.7491,0.843579,13.1453,0.06048,3.68392,0.06048,456.806,0,1.41024,0,0,2.979,1.56876,1.542240,1,0,116.493,0,0,0,116.493,0
681.369,3.04756,0,0,5.23804,0.268711,0.36288,18.144,61.308,0,0,0,2.1323,0.120526,2.01177,0.99792,12.849,1,0.0576016,0.36288,0,110.59,3.26277,107.633,0.84672,12.849,0.84672,3695.15,0,3.68392,0,2.4879,1.67134,11.2812,0.806003,14.6344,0.06048,3.68392,0.06048,456.806,0,1.41053,0,0,3.89844,2.4879,1.542240,1,0,124.279,0,0,0,124.279,0
686.679,3.1597,0,0,9.13579,0.303196,0.36288,18.144,61.308,0,0,0,3.22436,0.193176,3.03119,0.99792,12.849,1,0.0595845,0.36288,0,223.631,3.97494,219.959,0.84672,12.849,0.84672,3695.15,0,3.68392,0,3.34568,1.67169,17.8344,0.956751,21.895,0.06048,3.68392,0.06048,456.806,0,1.46757,0,0,4.81325,3.34568,1.542240,1,0,244.885,0,0,0,244.885,0
691.425,3.16082,0,0,8.57952,0.30916,0.36288,18.144,61.308,0,0,0,2.70601,0.205284,2.50073,0.99792,12.849,1,0.0591446,0.36288,0,195.837,4.09364,192.047,0.84672,12.849,0.84672,3695.15,0,3.68392,0,2.42746,1.73714,14.9519,0.981875,18.1346,0.06048,3.68392,0.06048,456.806,0,1.46788,0,0,3.89534,2.42746,1.542240,1,0,212.682,0,0,0,212.682,0
694.517,3.16187,0,0,6.89567,0.279315,0.36288,18.144,61.308,0,0,0,1.95391,0.201954,1.75196,0.99792,12.849,1,0.0587582,0.36288,0,157.035,4.29133,153.048,0.84672,12.849,0.84672,3695.15,0,3.68392,0,1.57595,1.7375,10.0246,0.994731,12.3434,0.06048,3.68392,0.06048,456.806,0,1.46818,0,0,3.04413,1.57595,1.542240,1,0,167.144,0,0,0,167.144,0
696.662,3.16279,0,0,5.92745,0.256888,0.36288,18.144,61.308,0,0,0,1.64949,0.199457,1.45003,0.99792,12.849,1,0.0585136,0.36288,0,148.686,4.43961,144.551,0.84672,12.849,0.84672,3695.15,0,3.68392,0,0.823676,1.73787,8.46815,1.00437,10.0253,0.06048,3.68392,0.06048,456.806,0,1.46849,0,0,2.29217,0.823676,1.542240,1,0,156.026,0,0,0,156.026,0
698.724,3.12003,0,0,5.77473,0.229125,0.36288,18.144,61.308,0,0,0,1.35685,0.214937,1.14191,0.99792,12.849,1,0.0575447,0.36288,0,115.946,4.34415,111.907,0.84672,12.849,0.84672,3695.15,0,3.68392,0,1.11847,1.73823,9.90256,1.03808,11.7212,0.06048,3.68392,0.06048,456.806,0,1.44674,0,0,2.56521,1.11847,1.542240,1,0,124.77,0,0,0,124.77,0
700.469,3.12084,0,0,5.43664,0.208306,0.36288,18.144,61.308,0,0,0,1.14795,0.226548,0.921406,0.99792,12.849,1,0.0573899,0.36288,0,122.604,4.27256,118.637,0.84672,12.849,0.84672,3695.15,0,3.68392,0,1.13584,1.71323,9.13447,1.06336,10.9202,0.06048,3.68392,0.06048,456.806,0,1.44704,0,0,2.58288,1.13584,1.542240,1,0,130.479,0,0,0,130.479,0
701.908,3.12163,0,0,5.13162,0.208356,0.36288,18.144,61.308,0,0,0,1.04946,0.226548,0.82291,0.99792,12.849,1,0.0572615,0.36288,0,112.955,4.27256,108.988,0.84672,12.849,0.84672,3695.15,0,3.68392,0,0.678018,1.71359,8.09758,1.06336,9.42583,0.06048,3.68392,0.06048,456.806,0,1.44734,0,0,2.12536,0.678018,1.542240,1,0,119.237,0,0,0,119.237,0
702.963,3.1224,0,0,4.74853,0.208397,0.36288,18.144,61.308,0,0,0,0.984865,0.226548,0.758317,0.99792,12.849,1,0.0571581,0.36288,0,103.659,4.27256,99.6924,0.84672,12.849,0.84672,3695.15,0,3.68392,0,0.523518,1.71394,7.11461,1.06336,8.28871,0.06048,3.68392,0.06048,456.806,0,1.44765,0,0,1.97116,0.523518,1.542240,1,0,108.739,0,0,0,108.739,0
703.38,3.27129,0,0,4.22545,0.173657,0.36288,18.144,61.308,0.0286825,0,0,0.863645,0.247634,0.587328,0.99792,12.849,1,0.0597938,0.36288,0,89.1441,4.55548,84.8917,0.84672,12.849,0.84672,3695.15,0,3.68392,0.00172349,0.402797,1.7143,6.46785,1.07651,7.50672,0.06048,3.68392,0.06048,456.806,0,1.49513,0,0,1.89792,0.402797,1.542240,1,0,92.9857,0,0,0,92.9857,0
703.625,3.27201,0,0,4.03304,0.153578,0.36288,18.144,61.308,0,0,0,0.801818,0.231962,0.569855,0.99792,12.849,1,0.0597714,0.36288,0,66.5107,4.3219,62.4919,0.84672,12.849,0.84672,3695.15,0,3.68392,0,0.505595,1.80341,5.02795,1.01489,6.32207,0.06048,3.68392,0.06048,456.806,0,1.52655,0,0,2.03215,0.505595,1.542240,1,0,69.3839,0,0,0,69.3839,0
703.483,3.27271,0,0,3.64718,0.153583,0.36288,18.144,61.308,0.303208,0,0,0.77125,0.231962,0.236079,0.99792,12.849,1,0.0597634,0.36288,0,63.9723,4.3219,59.9535,0.84672,12.849,0.84672,3695.15,0,3.68392,0.0182194,0.30119,1.80379,4.80057,1.01489,5.87245,0.06048,3.68392,0.06048,456.806,0,1.19951,0,0,1.5007,0.30119,1.542240,1,0,66.062,0,0,0,66.062,0
702.937,3.27338,0,0,3.24359,0.15358,0.36288,18.144,61.2785,0.485025,0,0,0.687485,0.231962,0,0.99792,12.849,1,0.0597877,0.36288,0,55.9148,4.3219,51.896,0.84672,12.849,0.84672,3695.15,0,3.68392,0.0291446,0.30119,1.80416,4.5286,1.01489,5.58993,0.06048,3.68392,0.06048,456.806,0,1.00507,0,0,1.30626,0.30119,1.542240,1,0,57.4859,0,0,0,57.4859,0
702.104,3.27402,0,0,2.9427,0.138052,0.36288,18.144,61.308,0.345199,0,0,0.687734,0.242701,0.0703309,0.99792,12.849,1,0.0598458,0.36288,0,49.637,4.49513,45.4449,0.84672,12.849,0.84672,3695.15,0,3.68392,0.0207525,0.30119,1.80454,4.42854,1.05775,5.45576,0.06048,3.68392,0.06048,456.806,0,1.15505,0,0,1.45624,0.30119,1.542240,1,0,50.971,0,0,0,50.971,0
701.322,3.2453,0,0,2.9275,0.101459,0.36288,18.144,61.308,0.202515,0,0,0.862531,0.267599,0.392417,0.99792,12.849,1,0.0593913,0.36288,0,52.2743,5.0153,47.5625,0.84672,12.849,0.84672,3695.15,0,3.68392,0.0121689,0.30119,1.80492,4.50369,1.17177,5.42586,0.06048,3.68392,0.06048,456.806,0,1.35175,0,0,1.65294,0.30119,1.542240,1,0,53.3808,0,0,0,53.3808,0
700.408,3.24591,0,0,2.7959,0.101816,0.36288,18.144,61.308,0.250317,0,0,0.86565,0.267248,0.348085,0.99792,12.849,1,0.0594687,0.36288,0,52.4211,5.02982,47.6947,0.84672,12.849,0.84672,3695.15,0,3.68392,0.0150412,0.261274,1.83297,4.3132,1.17291,5.2195,0.06048,3.68392,0.06048,456.806,0,1.30055,0,0,1.56183,0.261274,1.542240,1,0,53.2623,0,0,0,53.2623,0
699.375,3.24651,0,0,2.65963,0.0827232,0.36288,18.144,61.308,0.264872,0,0,0.828179,0.298337,0.264969,0.99792,12.849,1,0.0595574,0.36288,0,50.1511,5.46415,44.9903,0.84672,12.849,0.84672,3695.15,0,3.68392,0.0159158,0.261274,1.83335,4.10872,1.31991,4.86752,0.06048,3.68392,0.06048,456.806,0,1.28521,0,0,1.54648,0.261274,1.542240,1,0,50.1228,0,0,0,50.1228,0
698.179,3.2471,0,0,2.49608,0.0821561,0.36288,18.144,61.308,0.224875,0,0,0.806976,0.295147,0.286954,0.99792,12.849,1,0.0596561,0.36288,0,48.3934,5.81553,42.8811,0.84672,12.849,0.84672,3695.15,0,3.68392,0.0135125,0.261274,1.83374,4.0779,1.3666,4.79279,0.06048,3.68392,0.06048,456.806,0,1.32862,0,0,1.58989,0.261274,1.542240,1,0,47.9609,0,0,0,47.9609,0
696.637,3.32347,0,0,2.23482,0.0904538,0.36288,18.144,61.308,0.43324,0,0,0.754281,0.293811,0.0272299,0.99792,12.849,1,0.0611638,0.36288,0,43.0573,5.60691,37.7521,0.84672,12.849,0.84672,3695.15,0,3.68392,0.0260328,0.261274,1.83412,3.54535,1.36667,4.24803,0.06048,3.68392,0.06048,456.806,0,1.14327,0,0,1.40454,0.261274,1.542240,1,0,42.0273,0,0,0,42.0273,0
695.208,3.32403,0,0,2.32303,0.0653019,0.36288,18.144,61.308,0.417963,0,0,0.871275,0.323127,0.130185,0.99792,12.849,1,0.0613095,0.36288,0,43.8001,5.59451,38.5072,0.84672,12.849,0.84672,3695.15,0,3.68392,0.0251149,0.261274,1.87865,3.44359,1.52419,4.03421,0.06048,3.68392,0.06048,456.806,0,1.15997,0,0,1.42125,0.261274,1.542240,1,0,42.6716,0,0,0,42.6716,0
693.721,3.3246,0,0,2.26597,0.0652891,0.36288,18.144,61.308,0.268709,0,0,0.802742,0.323127,0.210907,0.99792,12.849,1,0.0614461,0.36288,0,43.7444,5.59451,38.4513,0.84672,12.849,0.84672,3695.15,0,3.68392,0.0161464,0.227405,1.87904,3.69007,1.52419,4.25618,0.06048,3.68392,0.06048,456.806,0,1.32065,0,0,1.54805,0.227405,1.542240,1,0,42.9184,0,0,0,42.9184,0
692.088,3.32517,0,0,2.12043,0.0652757,0.36288,18.144,61.308,0.330786,0,0,0.743066,0.323127,0.089153,0.99792,12.849,1,0.0615882,0.36288,0,39.4905,5.59451,34.1973,0.84672,12.849,0.84672,3695.15,0,3.68392,0.0198765,0.227405,1.87943,3.29335,1.52419,3.85612,0.06048,3.68392,0.06048,456.806,0,1.2542,0,0,1.4816,0.227405,1.542240,1,0,38.1426,0,0,0,38.1426,0
690.059,3.54783,0,0,1.94666,0.065261,0.36288,18.144,61.1466,0.573187,0,0,0.734884,0.323127,0,0.99792,12.849,1,0.0658674,0.36288,0,36.0989,5.59451,30.8014,0.84672,12.849,0.84672,3695.15,0,3.68392,0.0344421,0.227405,1.87982,3.22102,1.52419,3.76961,0.06048,3.68392,0.06048,456.806,0,1.13253,0,0,1.35994,0.227405,1.542240,1,0,34.571,0,0,0,34.571,0
687.956,3.54837,0,0,1.88363,0.0749771,0.36288,18.144,60.87,0.67916,0,0,0.739359,0.336814,0,0.99792,12.849,1,0.0660713,0.36288,0,29.079,5.56899,23.8068,0.84672,12.849,0.84672,3695.15,0,3.68392,0.0409176,0.227405,2.02983,3.64661,1.50631,4.35662,0.06048,3.68392,0.06048,456.806,0,1.01971,0,0,1.24711,0.227405,1.542240,1,0,28.1634,0,0,0,28.1634,0
685.907,3.54892,0,0,1.93459,0.0721728,0.36288,18.144,60.7468,0.576125,0,0,0.773453,0.320507,0,0.99792,12.849,1,0.0662833,0.36288,0,30.8762,5.5943,25.5786,0.84672,12.849,0.84672,3695.15,0,3.68392,0.0348677,0.204422,2.03026,3.11596,1.52427,3.7915,0.06048,3.68392,0.06048,456.806,0,1.12979,0,0,1.33421,0.204422,1.542240,1,0,29.3701,0,0,0,29.3701,0
683.515,3.54946,0,0,1.5931,0.0721524,0.36288,18.144,60.3777,0.721989,0,0,0.673189,0.320256,0,0.99792,12.849,1,0.0664916,0.36288,0,38.331,5.5943,33.0331,0.84672,12.849,0.84672,3695.15,0,3.68392,0.0437842,0.204422,2.03068,2.77993,1.52427,3.44697,0.06048,3.68392,0.06048,456.806,0,0.974488,0,0,1.17891,0.204422,1.542240,1,0,36.4801,0,0,0,36.4801,0
681.293,3.54997,0,0,1.76239,0.0721287,0.36288,18.144,60.6014,0.3816,0,0,0.924745,0.319507,0,0.99792,12.849,1,0.0667338,0.36288,0,32.8636,5.5943,27.5655,0.84672,12.849,0.84672,3695.15,0,3.68392,0.0232831,0.204422,2.0311,3.32205,1.52427,4.01002,0.06048,3.68392,0.06048,456.806,0,1.33886,0,0,1.54329,0.204422,1.542240,1,0,31.5755,0,0,0,31.5755,0
678.617,3.44217,0,0,1.22932,0.100398,0.36288,18.144,60.7473,0.250801,0,0,0.700489,0.303793,0,0.99792,12.849,1,0.0649184,0.36288,0,21.6845,5.294,16.6885,0.84672,12.849,0.84672,3695.15,0,3.68392,0.015246,0.204422,2.03153,3.15389,1.30802,4.06657,0.06048,3.68392,0.06048,456.806,0,1.39642,0,0,1.60085,0.204422,1.542240,1,0,20.755,0,0,0,20.755,0
675.491,3.44263,0,0,0.79164,0.111673,0.36288,18.144,60.3301,0.655703,0,0,0.536169,0.297602,0,0.99792,12.849,1,0.0651832,0.36288,0,15.8839,5.17388,11.0078,0.84672,12.849,0.84672,3695.15,0,3.68392,0.039764,0.216518,1.94612,2.45603,1.22152,3.35739,0.06048,3.68392,0.06048,456.806,0,0.962738,0,0,1.17926,0.216518,1.542240,1,0,14.3652,0,0,0,14.3652,0
672.465,3.44305,0,0,0.93058,0.150624,0.36288,18.144,59.9804,0.627747,0,0,0.544745,0.266679,0,0.99792,12.849,1,0.0654928,0.36288,0,15.9998,4.75862,11.5386,0.84672,12.849,0.84672,3695.15,0,3.68392,0.0383319,0.216518,1.94652,2.56487,1.09172,3.59786,0.06048,3.68392,0.06048,456.806,0,0.992537,0,0,1.20906,0.216518,1.542240,1,0,15.1364,0,0,0,15.1364,0
671.033,3.44348,0,0,2.62181,0.248018,0.36288,18.144,60.9951,0.116869,0,0,1.32243,0.190916,0,0.99792,12.849,1,0.0657957,0.36288,0,51.1224,3.72046,47.699,0.84672,12.849,0.84672,3695.15,0,3.68392,0.00717792,0.441642,1.94693,6.8269,0.767231,8.44106,0.06048,3.68392,0.06048,456.806,0,1.54224,0,0,1.98388,0.441642,1.542240,1,0,56.14,0,0,0,56.14,0
669.103,3.35509,0,0,2.04548,0.256714,0.36288,18.144,61.308,0.0465874,0,0,1.1157,0.194194,0.562002,0.99792,12.849,1,0.0642436,0.36288,0,48.0489,3.85889,44.4886,0.84672,12.849,0.84672,3695.15,0,3.68392,0.00281374,0.262967,1.94733,4.33376,0.823046,5.7182,0.06048,3.68392,0.06048,456.806,0,1.54224,0,0,1.80521,0.262967,1.542240,1,0,50.7688,0,0,0,50.7688,0
668.02,3.35561,0,0,2.91339,0.278502,0.36288,18.144,61.308,0.0469118,0,0,1.42267,0.199698,1.17606,0.99792,12.849,1,0.0644388,0.36288,0,76.928,4.20493,73.0215,0.84672,12.849,0.84672,3695.15,0,3.68392,0.00281887,0.849899,1.8714,7.08731,0.962585,8.8432,0.06048,3.68392,0.06048,456.806,0,1.54224,0,0,2.39214,0.849899,1.542240,1,0,83.0407,0,0,0,83.0407,0
667.351,3.35621,0,0,3.32834,0.27846,0.36288,18.144,61.308,0.0472175,0,0,1.5551,0.199698,1.30819,0.99792,12.849,1,0.0645548,0.36288,0,90.0625,4.20493,86.1559,0.84672,12.849,0.84672,3695.15,0,3.68392,0.00283724,1.14835,1.87179,8.42089,0.962585,10.4756,0.06048,3.68392,0.06048,456.806,0,1.54224,0,0,2.69059,1.14835,1.542240,1,0,97.9397,0,0,0,97.9397,0
667.139,3.35684,0,0,3.78641,0.278434,0.36288,18.144,61.308,0.0475232,0,0,2.40627,0.199698,2.15905,0.99792,12.849,1,0.0646318,0.36288,0,102.312,4.20493,98.4056,0.84672,12.849,0.84672,3695.15,0,3.68392,0.00285561,1.93679,1.87218,10.1281,0.962585,12.9716,0.06048,3.68392,0.06048,456.806,0,1.54224,0,0,3.47903,1.93679,1.542240,1,0,113.536,0,0,0,113.536,0
667.002,3.10466,0,0,3.62118,0.290597,0.36288,18.144,61.308,0,0,0,1.87999,0.172845,1.70714,0.99792,12.849,1,0.0597953,0.36288,0,98.7362,4.21761,94.8217,0.84672,12.849,0.84672,3695.15,0,3.68392,0,1.7811,1.87256,11.2399,1.04153,13.852,0.06048,3.68392,0.06048,456.806,0,1.43402,0,0,3.21512,1.7811,1.542240,1,0,110.381,0,0,0,110.381,0
665.941,3.10529,0,0,2.72289,0.315219,0.36288,18.144,61.308,0,0,0,1.52544,0.231363,1.29408,0.99792,12.849,1,0.0598198,0.36288,0,67.0366,4.44707,62.8926,0.84672,12.849,0.84672,3695.15,0,3.68392,0,1.11476,1.70094,8.1705,1.14248,9.84373,0.06048,3.68392,0.06048,456.806,0,1.43432,0,0,2.54908,1.11476,1.542240,1,0,74.0304,0,0,0,74.0304,0
668.539,3.10585,0,0,6.38179,0.315173,0.36288,18.144,61.308,0,0,0,4.22701,0.231363,3.99565,0.99792,12.849,1,0.0599257,0.36288,0,142.039,4.44707,137.895,0.84672,12.849,0.84672,3695.15,0,3.68392,0,5.04042,1.7013,11.4194,1.14248,17.0186,0.06048,3.68392,0.06048,456.806,0,1.43462,0,0,6.47504,5.04042,1.542240,1,0,158.909,0,0,0,158.909,0
670.228,3.10672,0,0,5.46216,0.304244,0.36288,18.144,61.308,0,0,0,1.45902,0.226916,1.2321,0.99792,12.849,1,0.0597097,0.36288,0,84.3912,4.21936,80.475,0.84672,12.849,0.84672,3695.15,0,3.68392,0,1.61704,1.70165,8.27038,1.10474,10.4843,0.06048,3.68392,0.06048,456.806,0,1.43491,0,0,3.05196,1.61704,1.542240,1,0,92.1914,0,0,0,92.1914,0
671.321,3.10752,0,0,4.85317,0.289589,0.36288,18.144,61.308,0,0,0,2.52188,0.220988,2.30089,0.99792,12.849,1,0.0595745,0.36288,0,65.6955,3.91576,62.0831,0.84672,12.849,0.84672,3695.15,0,3.68392,0,1.98482,1.702,7.65772,1.05442,10.2901,0.06048,3.68392,0.06048,456.806,0,1.43521,0,0,3.42003,1.98482,1.542240,1,0,74.6741,0,0,0,74.6741,0
673.999,3.20561,0,0,6.53391,0.287584,0.36288,18.144,61.308,0,0,0,2.48905,0.241102,2.24795,0.99792,12.849,1,0.061355,0.36288,0,130.26,4.12804,126.434,0.84672,12.849,0.84672,3695.15,0,3.68392,0,1.83918,1.70236,9.73166,1.01068,12.2625,0.06048,3.68392,0.06048,456.806,0,1.48192,0,0,3.32109,1.83918,1.542240,1,0,140.944,0,0,0,140.944,0
676.643,3.20648,0,0,6.51197,0.298191,0.36288,18.144,61.308,0,0,0,1.59773,0.206901,1.39083,0.99792,12.849,1,0.0611278,0.36288,0,150.652,3.27419,147.68,0.84672,12.849,0.84672,3695.15,0,3.68392,0,1.78197,1.75716,9.29949,0.703106,12.1355,0.06048,3.68392,0.06048,456.806,0,1.48221,0,0,3.26418,1.78197,1.542240,1,0,161.206,0,0,0,161.206,0
680.217,3.20735,0,0,7.436,0.291383,0.36288,18.144,61.308,0,0,0,1.46971,0.181525,1.28818,0.99792,12.849,1,0.0609054,0.36288,0,151.197,2.71499,148.784,0.84672,12.849,0.84672,3695.15,0,3.68392,0,1.72143,1.75751,9.30286,0.543295,12.2385,0.06048,3.68392,0.06048,456.806,0,1.4825,0,0,3.20393,1.72143,1.542240,1,0,162.31,0,0,0,162.31,0
681.88,3.20829,0,0,5.52497,0.291527,0.36288,18.144,61.308,0,0,0,1.31073,0.181525,1.12921,0.99792,12.849,1,0.0606032,0.36288,0,107.584,2.71499,105.171,0.84672,12.849,0.84672,3695.15,0,3.68392,0,1.42859,1.75785,7.21138,0.543295,9.85453,0.06048,3.68392,0.06048,456.806,0,1.48279,0,0,2.91139,1.42859,1.542240,1,0,116.155,0,0,0,116.155,0
686.161,3.52208,0,0,8.4655,0.299071,0.36288,18.144,61.308,0.106175,0,0,1.54795,0.180475,1.2613,0.99792,12.849,1,0.0663682,0.36288,0,140.539,2.80134,138.034,0.84672,12.849,0.84672,3695.15,0,3.68392,0.00637995,1.7658,1.7582,9.80122,0.609489,12.7093,0.06048,3.68392,0.06048,456.806,0,1.54224,0,0,3.30804,1.7658,1.542240,1,0,152.005,0,0,0,152.005,0
687.827,3.52318,0,0,5.89085,0.339363,0.36288,18.144,61.308,0.106477,0,0,1.56036,0.190796,1.26309,0.99792,12.849,1,0.0659747,0.36288,0,143.361,3.68991,139.968,0.84672,12.849,0.84672,3695.15,0,3.68392,0.00639804,1.96756,1.95303,11.1343,1.03607,14.0124,0.06048,3.68392,0.06048,456.806,0,1.54224,0,0,3.5098,1.96756,1.542240,1,0,155.243,0,0,0,155.243,0
689.505,3.52403,0,0,5.8981,0.332415,0.36288,18.144,61.308,0.106778,0,0,1.81864,0.197442,1.51442,0.99792,12.849,1,0.0658309,0.36288,0,146.119,3.98353,142.432,0.84672,12.849,0.84672,3695.15,0,3.68392,0.00641613,2.13881,1.95342,10.404,1.03302,13.4568,0.06048,3.68392,0.06048,456.806,0,1.54224,0,0,3.68105,2.13881,1.542240,1,0,157.404,0,0,0,157.404,0
697.3,3.52488,0,0,12.0137,0.331612,0.36288,18.144,61.308,0.107079,0,0,2.66933,0.176758,2.38549,0.99792,12.849,1,0.0656865,0.36288,0,173.031,3.71648,169.611,0.84672,12.849,0.84672,3695.15,0,3.68392,0.00643422,3.90963,1.9538,19.3187,0.976659,24.199,0.06048,3.68392,0.06048,456.806,0,1.54224,0,0,5.45187,3.90963,1.542240,1,0,196.196,0,0,0,196.196,0
698.946,3.07932,0,0,5.42321,0.334979,0.36288,18.144,61.308,0,0,0,1.63046,0.182739,1.44772,0.99792,12.849,1,0.0567419,0.36288,0,215.01,3.85923,211.457,0.84672,12.849,0.84672,3695.15,0,3.68392,0,1.85491,1.95419,9.91138,0.999004,12.7215,0.06048,3.68392,0.06048,456.806,0,1.42457,0,0,3.27948,1.85491,1.542240,1,0,225.626,0,0,0,225.626,0
703.269,3.08005,0,0,8.11892,0.353125,0.36288,18.144,61.308,0,0,0,3.38476,0.218626,3.16614,0.99792,12.849,1,0.0566219,0.36288,0,231.312,4.71576,226.902,0.84672,12.849,0.84672,3695.15,0,3.68392,0,4.12118,1.68832,16.208,1.13308,20.8845,0.06048,3.68392,0.06048,456.806,0,1.42485,0,0,5.54603,4.12118,1.542240,1,0,250.953,0,0,0,250.953,0
709.399,3.081,0,0,9.92736,0.353335,0.36288,18.144,61.308,0,0,0,4.92827,0.218626,4.70965,0.99792,12.849,1,0.0562912,0.36288,0,240.655,4.71576,236.246,0.84672,12.849,0.84672,3695.15,0,3.68392,0,4.96927,1.68865,20.9123,1.13308,26.4371,0.06048,3.68392,0.06048,456.806,0,1.42513,0,0,6.3944,4.96927,1.542240,1,0,267.393,0,0,0,267.393,0
716.576,3.08209,0,0,10.9755,0.353633,0.36288,18.144,61.308,0,0,0,5.5222,0.218626,5.30357,0.99792,12.849,1,0.0558244,0.36288,0,328.196,4.71576,323.787,0.84672,12.849,0.84672,3695.15,0,3.68392,0,7.40625,1.68898,24.1763,1.13308,32.1384,0.06048,3.68392,0.06048,456.806,0,1.42541,0,0,8.83166,7.40625,1.542240,1,0,361.229,0,0,0,361.229,0
722.078,3.08324,0,0,9.23504,0.286072,0.36288,18.144,61.308,0,0,0,4.02711,0.182528,3.84458,0.99792,12.849,1,0.055286,0.36288,0,260.029,4.19259,256.144,0.84672,12.849,0.84672,3695.15,0,3.68392,0,4.5323,1.68932,19.4721,1.05792,24.6358,0.06048,3.68392,0.06048,456.806,0,1.42569,0,0,5.958,4.5323,1.542240,1,0,284.625,0,0,0,284.625,0
722.9,3.19696,0,0,8.1156,0.31847,3.77867,18.144,61.308,0,0,0,4.14888,0.207896,3.94099,0.99792,12.849,1,0.0568881,3.77867,0,133.141,4.2948,132.568,0.84672,12.849,0.84672,3695.15,0,3.68392,0,3.88498,1.68965,14.8801,1.16088,19.2938,0.06048,3.68392,0.06048,456.806,0,1.48332,0,0,5.3683,3.88498,1.542240,1,0,155.802,0,0,0,155.802,0
722.9,3.19765,0,0,7.22719,0.291996,3.73754,18.144,61.308,0,0,0,3.39508,0.16701,3.22807,0.99792,12.849,1,0.0568358,3.73754,0,192.782,3.64896,192.813,0.84672,12.849,0.84672,3695.15,0,3.68392,0,2.8652,1.75579,10.1533,1.0354,13.7389,0.06048,3.68392,0.06048,456.806,0,1.48362,0,0,4.34881,2.8652,1.542240,1,0,209.78,0,0,0,209.78,0
722.9,3.19828,0,0,4.81008,0.291996,1.3198,18.144,61.308,0,0,0,2.7116,0.16701,2.54459,0.99792,12.849,1,0.056847,1.3198,0,119.418,3.64896,117.032,0.84672,12.849,0.84672,3695.15,0,3.68392,0,1.69925,1.75613,6.83001,1.0354,9.24999,0.06048,3.68392,0.06048,456.806,0,1.48391,0,0,3.18316,1.69925,1.542240,1,0,128.826,0,0,0,128.826,0
722.9,3.19891,0,0,5.45891,0.291996,1.968,18.144,61.308,0,0,0,2.93745,0.16701,2.77044,0.99792,12.849,1,0.0568582,1.968,0,101.145,3.64896,99.4072,0.84672,12.849,0.84672,3695.15,0,3.68392,0,2.07937,1.75648,8.52837,1.0354,11.3288,0.06048,3.68392,0.06048,456.806,0,1.4842,0,0,3.56357,2.07937,1.542240,1,0,113.506,0,0,0,113.506,0
722.9,3.15544,0,0,4.77919,0.2619,1.36185,18.144,61.308,0,0,0,2.21981,0.205089,2.01473,0.99792,12.849,1,0.0560856,1.36185,0,101.753,4.58924,98.4698,0.84672,12.849,0.84672,3695.15,0,3.68392,0,1.73289,1.75683,7.54214,1.18273,9.84913,0.06048,3.68392,0.06048,456.806,0,1.4622,0,0,3.19509,1.73289,1.542240,1,0,110.334,0,0,0,110.334,0
722.9,3.15606,0,0,4.34721,0.206987,0.984156,18.144,61.308,0,0,0,1.05088,0.180599,0.870285,0.99792,12.849,1,0.0560967,0.984156,0,100.491,4.25071,97.1683,0.84672,12.849,0.84672,3695.15,0,3.68392,0,1.04815,1.73154,5.47691,1.24255,7.01405,0.06048,3.68392,0.06048,456.806,0,1.46249,0,0,2.51064,1.04815,1.542240,1,0,105.053,0,0,0,105.053,0
722.9,3.15669,0,0,4.04485,0.206987,0.681178,18.144,61.308,0,0,0,1.04848,0.180599,0.867883,0.99792,12.849,1,0.0561077,0.681178,0,91.8786,4.25071,88.253,0.84672,12.849,0.84672,3695.15,0,3.68392,0,1.05733,1.73188,5.20492,1.24255,6.75158,0.06048,3.68392,0.06048,456.806,0,1.46278,0,0,2.52011,1.05733,1.542240,1,0,95.8724,0,0,0,95.8724,0
722.9,3.15731,0,0,3.88634,0.206987,0.522047,18.144,61.308,0,0,0,1.32431,0.180599,1.14371,0.99792,12.849,1,0.0561187,0.522047,0,88.0649,4.25071,84.2801,0.84672,12.849,0.84672,3695.15,0,3.68392,0,1.58058,1.73222,6.35045,1.24255,8.42071,0.06048,3.68392,0.06048,456.806,0,1.46307,0,0,3.04365,1.58058,1.542240,1,0,93.8446,0,0,0,93.8446,0
722.61,3.30773,0,0,3.57851,0.197484,0.36288,18.144,61.308,0.000212024,0,0,1.06172,0.116009,0.945497,0.99792,12.849,1,0.0587924,0.36288,0,76.6333,3.70273,73.2347,0.84672,12.849,0.84672,3695.15,0,3.68392,1.27402e-05,0.920074,1.73256,5.26237,1.00075,6.91424,0.06048,3.68392,0.06048,456.806,0,1.54224,0,0,2.46231,0.920074,1.542240,1,0,81.0944,0,0,0,81.0944,0
722.224,3.30836,0,0,3.47551,0.190527,0.36288,18.144,61.308,0.0879531,0,0,0.907762,0.280136,0.539672,0.99792,12.849,1,0.0588272,0.36288,0,65.1378,4.66781,60.7741,0.84672,12.849,0.84672,3695.15,0,3.68392,0.00528499,0.402797,1.8226,4.06131,1.15208,5.12934,0.06048,3.68392,0.06048,456.806,0,1.44746,0,0,1.85026,0.402797,1.542240,1,0,66.4431,0,0,0,66.4431,0
721.662,3.30898,0,0,3.24004,0.130814,0.36288,18.144,61.308,0.283812,0,0,0.865382,0.270943,0.310627,0.99792,12.849,1,0.0588697,0.36288,0,62.8266,4.8111,58.3195,0.84672,12.849,0.84672,3695.15,0,3.68392,0.0170539,0.402797,1.82296,3.86937,1.12585,4.95222,0.06048,3.68392,0.06048,456.806,0,1.23649,0,0,1.63928,0.402797,1.542240,1,0,63.5824,0,0,0,63.5824,0
720.883,3.30959,0,0,3.02475,0.130804,0.36288,18.144,61.308,0.212062,0,0,0.827842,0.270943,0.344836,0.99792,12.849,1,0.0589263,0.36288,0,57.6219,4.8111,53.1147,0.84672,12.849,0.84672,3695.15,0,3.68392,0.0127425,0.30119,1.82332,3.54739,1.12585,4.5333,0.06048,3.68392,0.06048,456.806,0,1.31403,0,0,1.61522,0.30119,1.542240,1,0,57.9929,0,0,0,57.9929,0
719.976,3.31017,0,0,2.89673,0.13079,0.36288,18.144,61.308,0.107547,0,0,0.821733,0.270943,0.443243,0.99792,12.849,1,0.0590005,0.36288,0,49.7511,4.8111,45.2439,0.84672,12.849,0.84672,3695.15,0,3.68392,0.00646234,0.30119,1.82368,3.28522,1.12585,4.27778,0.06048,3.68392,0.06048,456.806,0,1.42717,0,0,1.72836,0.30119,1.542240,1,0,49.9649,0,0,0,49.9649,0
718.129,3.2811,0,0,1.90718,0.110264,0.36288,18.144,61.2257,0.467271,0,0,0.65256,0.267638,0,0.99792,12.849,1,0.0585559,0.36288,0,39.8243,5.01098,35.1176,0.84672,12.849,0.84672,3695.15,0,3.68392,0.0280777,0.30119,1.82403,3.06522,1.18425,3.97812,0.06048,3.68392,0.06048,456.806,0,1.08391,0,0,1.3851,0.30119,1.542240,1,0,39.0957,0,0,0,39.0957,0
715.908,3.2816,0,0,1.52554,0.102034,0.36288,18.144,61.0741,0.48997,0,0,0.604587,0.266177,0,0.99792,12.849,1,0.0587155,0.36288,0,34.6607,5.09092,29.8739,0.84672,12.849,0.84672,3695.15,0,3.68392,0.0294813,0.30119,1.85237,3.20626,1.20761,4.12273,0.06048,3.68392,0.06048,456.806,0,1.05989,0,0,1.36109,0.30119,1.542240,1,0,33.9966,0,0,0,33.9966,0
713.65,3.28207,0,0,1.48956,0.102003,0.36288,18.144,60.9194,0.457362,0,0,0.568617,0.265922,0,0.99792,12.849,1,0.058906,0.36288,0,32.6151,5.09092,27.8282,0.84672,12.849,0.84672,3695.15,0,3.68392,0.0275876,0.261274,1.85273,3.31209,1.20761,4.1909,0.06048,3.68392,0.06048,456.806,0,1.09499,0,0,1.35626,0.261274,1.542240,1,0,32.0191,0,0,0,32.0191,0
711.314,3.28253,0,0,1.38711,0.0780827,0.36288,18.144,60.6441,0.528131,0,0,0.557236,0.304428,0,0.99792,12.849,1,0.0591007,0.36288,0,30.9781,5.63385,25.648,0.84672,12.849,0.84672,3695.15,0,3.68392,0.0319371,0.261274,1.8531,3.17322,1.39135,3.8643,0.06048,3.68392,0.06048,456.806,0,1.01955,0,0,1.28082,0.261274,1.542240,1,0,29.5123,0,0,0,29.5123,0
708.763,3.3596,0,0,1.24139,0.070488,0.36288,18.144,60.2654,0.596139,0,0,0.524966,0.307496,0,0.99792,12.849,1,0.060687,0.36288,0,28.9888,6.16236,23.1286,0.84672,12.849,0.84672,3695.15,0,3.68392,0.0362134,0.261274,1.85346,3.07006,1.56935,3.57923,0.06048,3.68392,0.06048,456.806,0,0.985548,0,0,1.24682,0.261274,1.542240,1,0,26.7078,0,0,0,26.7078,0
706.19,3.36005,0,0,1.22418,0.0739795,0.36288,18.144,59.8477,0.634699,0,0,0.512736,0.295761,0,0.99792,12.849,1,0.0609136,0.36288,0,27.4475,5.99151,21.7579,0.84672,12.849,0.84672,3695.15,0,3.68392,0.038798,0.261274,1.89844,2.74593,1.47852,3.38832,0.06048,3.68392,0.06048,456.806,0,0.944464,0,0,1.20574,0.261274,1.542240,1,0,25.1462,0,0,0,25.1462,0
703.512,3.36049,0,0,1.11989,0.0739534,0.36288,18.144,59.3787,0.655938,0,0,0.481912,0.294975,0,0.99792,12.849,1,0.0611436,0.36288,0,25.8067,5.99151,20.117,0.84672,12.849,0.84672,3695.15,0,3.68392,0.0403762,0.261274,1.89881,2.79496,1.47852,3.43615,0.06048,3.68392,0.06048,456.806,0,0.92181,0,0,1.18308,0.261274,1.542240,1,0,23.5531,0,0,0,23.5531,0
700.729,3.36092,0,0,1.014,0.0739262,0.36288,18.144,58.8077,0.737367,0,0,0.460441,0.294092,0,0.99792,12.849,1,0.0613841,0.36288,0,24.305,5.99151,18.615,0.84672,12.849,0.84672,3695.15,0,3.68392,0.045747,0.227405,1.89918,2.59872,1.47852,3.20104,0.06048,3.68392,0.06048,456.806,0,0.835065,0,0,1.06247,0.227405,1.542240,1,0,21.816,0,0,0,21.816,0
697.607,3.58584,0,0,0.886775,0.0592385,0.36288,18.144,58.0808,0.883368,0,0,0.457176,0.300665,0,0.99792,12.849,1,0.0657521,0.36288,0,23.1435,6.21584,17.2248,0.84672,12.849,0.84672,3695.15,0,3.68392,0.0553373,0.227405,1.89956,2.62652,1.52334,3.1748,0.06048,3.68392,0.06048,456.806,0,0.818113,0,0,1.04552,0.227405,1.542240,1,0,20.3996,0,0,0,20.3996,0
694.391,3.58625,0,0,0.788841,0.0563333,0.36288,18.144,57.3884,0.804139,0,0,0.41645,0.30473,0,0.99792,12.849,1,0.066054,0.36288,0,21.1702,6.20421,15.2628,0.84672,12.849,0.84672,3695.15,0,3.68392,0.0510045,0.227405,2.05112,2.50828,1.46887,3.26693,0.06048,3.68392,0.06048,456.806,0,0.901826,0,0,1.12923,0.227405,1.542240,1,0,18.5297,0,0,0,18.5297,0
691.091,3.58666,0,0,0.703849,0.0543737,0.36288,18.144,56.6095,0.841639,0,0,0.369019,0.30634,0,0.99792,12.849,1,0.0663674,0.36288,0,19.0852,6.21926,13.1625,0.84672,12.849,0.84672,3695.15,0,3.68392,0.0540271,0.227405,2.05152,2.44205,1.4845,3.18246,0.06048,3.68392,0.06048,456.806,0,0.861503,0,0,1.08891,0.227405,1.542240,1,0,16.345,0,0,0,16.345,0
687.836,3.58705,0,0,0.749399,0.054349,0.36288,18.144,55.8353,0.835325,0,0,0.366,0.304793,0,0.99792,12.849,1,0.0666917,0.36288,0,17.8282,6.21926,11.9051,0.84672,12.849,0.84672,3695.15,0,3.68392,0.0543597,0.204422,2.05193,2.57379,1.4845,3.29128,0.06048,3.68392,0.06048,456.806,0,0.867663,0,0,1.07209,0.204422,1.542240,1,0,15.1964,0,0,0,15.1964,0
684.946,3.58745,0,0,1.12481,0.0644565,0.36288,18.144,55.3333,0.636676,0,0,0.435802,0.301184,0,0.99792,12.849,1,0.0670147,0.36288,0,26.3264,6.15989,20.4624,0.84672,12.849,0.84672,3695.15,0,3.68392,0.0420068,0.204422,2.05233,2.73521,1.47721,3.47274,0.06048,3.68392,0.06048,456.806,0,1.07951,0,0,1.28393,0.204422,1.542240,1,0,23.9351,0,0,0,23.9351,0
682.182,3.4784,0,0,1.15703,0.0798038,0.36288,18.144,55.0304,0.530802,0,0,0.498296,0.270372,0,0.99792,12.849,1,0.0652519,0.36288,0,20.6661,5.50272,15.461,0.84672,12.849,0.84672,3695.15,0,3.68392,0.0353391,0.204422,2.05273,2.9689,1.27255,3.91817,0.06048,3.68392,0.06048,456.806,0,1.10887,0,0,1.31329,0.204422,1.542240,1,0,19.3792,0,0,0,19.3792,0
679.086,3.47883,0,0,0.818217,0.0723164,0.36288,18.144,54.5636,0.667424,0,0,0.452017,0.251375,0,0.99792,12.849,1,0.0655243,0.36288,0,15.5573,5.12117,10.7335,0.84672,12.849,0.84672,3695.15,0,3.68392,0.0446796,0.204422,1.96641,2.6314,1.1327,3.62485,0.06048,3.68392,0.06048,456.806,0,0.962202,0,0,1.16662,0.204422,1.542240,1,0,14.3583,0,0,0,14.3583,0
676.001,3.47922,0,0,0.8295,0.0722855,0.36288,18.144,53.9308,0.756041,0,0,0.373778,0.250603,0,0.99792,12.849,1,0.0658304,0.36288,0,15.3143,5.12117,10.4902,0.84672,12.849,0.84672,3695.15,0,3.68392,0.0510449,0.216518,1.9668,2.37502,1.1327,3.37459,0.06048,3.68392,0.06048,456.806,0,0.867205,0,0,1.08372,0.216518,1.542240,1,0,13.8648,0,0,0,13.8648,0
672.748,3.47961,0,0,0.71655,0.127129,0.36288,18.144,53.3227,0.76878,0,0,0.37699,0.216295,0,0.99792,12.849,1,0.0661382,0.36288,0,18.0328,4.80154,13.528,0.84672,12.849,0.84672,3695.15,0,3.68392,0.0525141,0.216518,1.96718,2.70221,1.01302,3.82038,0.06048,3.68392,0.06048,456.806,0,0.853183,0,0,1.0697,0.216518,1.542240,1,0,17.3484,0,0,0,17.3484,0
669.89,3.39008,0,0,1.12352,0.228208,0.36288,18.144,52.9712,0.59443,0,0,0.409406,0.166406,0,0.99792,12.849,1,0.0647481,0.36288,0,22.2331,4.99595,17.5353,0.84672,12.849,0.84672,3695.15,0,3.68392,0.0410676,0.216518,1.96757,3.89521,0.91572,5.12251,0.06048,3.68392,0.06048,456.806,0,0.963118,0,0,1.17964,0.216518,1.542240,1,0,22.6578,0,0,0,22.6578,0
668.304,3.39048,0,0,2.38068,0.213507,0.36288,18.144,52.6381,0.61959,0,0,0.508622,0.222185,0,0.99792,12.849,1,0.0650319,0.36288,0,29.086,3.5554,25.8285,0.84672,12.849,0.84672,3695.15,0,3.68392,0.0430898,0.216518,1.89082,4.73955,0.978506,5.82529,0.06048,3.68392,0.06048,456.806,0,0.93604,0,0,1.15256,0.216518,1.542240,1,0,31.6538,0,0,0,31.6538,0
667.116,3.39099,0,0,2.77878,0.21346,0.36288,18.144,53.3523,0.061627,0,0,0.997401,0.221592,0,0.99792,12.849,1,0.0651961,0.36288,0,33.8555,3.5554,30.5978,0.84672,12.849,0.84672,3695.15,0,3.68392,0.00431301,1.1234,1.89119,7.52505,0.978506,9.55682,0.06048,3.68392,0.06048,456.806,0,1.54224,0,0,2.66564,1.1234,1.542240,1,0,40.1546,0,0,0,40.1546,0
670.564,3.39154,0,0,7.41595,0.213425,0.36288,18.144,55.51,0.0619897,0,0,2.44258,0.222862,0,0.99792,12.849,1,0.0653229,0.36288,0,99.4981,3.5554,96.2402,0.84672,12.849,0.84672,3695.15,0,3.68392,0.00428033,3.44504,1.89156,14.207,0.978506,18.5608,0.06048,3.68392,0.06048,456.806,0,1.54224,0,0,4.98728,3.44504,1.542240,1,0,114.801,0,0,0,114.801,0
671.118,3.13704,0,0,4.31403,0.259677,0.36288,18.144,56.8022,0,0,0,1.48764,0.195429,0,0.99792,12.849,1,0.0601104,0.36288,0,55.4725,3.07988,52.6954,0.84672,12.849,0.84672,3695.15,0,3.68392,0,0.84116,1.89194,8.56449,0.813669,10.4839,0.06048,3.68392,0.06048,456.806,0,1.44884,0,0,2.29,0.84116,1.542240,1,0,63.1793,0,0,0,63.1793,0
670.778,3.13771,0,0,3.43931,0.278797,0.36288,18.144,57.1034,0.26643,0,0,0.786695,0.219017,0,0.99792,12.849,1,0.0600735,0.36288,0,47.0527,4.36,42.9955,0.84672,12.849,0.84672,3695.15,0,3.68392,0.0172794,0.292723,1.71852,5.93191,1.09143,6.83445,0.06048,3.68392,0.06048,456.806,0,1.15997,0,0,1.4527,0.292723,1.542240,1,0,49.8299,0,0,0,49.8299,0
672.992,3.1383,0,0,6.00315,0.288529,0.36288,18.144,59.1762,0,0,0,2.29142,0.218633,0,0.99792,12.849,1,0.0601152,0.36288,0,106.453,4.54104,102.215,0.84672,12.849,0.84672,3695.15,0,3.68392,0,2.93235,1.71886,9.51497,1.1587,13.0075,0.06048,3.68392,0.06048,456.806,0,1.44941,0,0,4.38176,2.93235,1.542240,1,0,115.222,0,0,0,115.222,0
675.212,3.13911,0,0,6.01128,0.288618,0.36288,18.144,60.4071,0,0,0,1.45247,0.221576,0,0.99792,12.849,1,0.0599329,0.36288,0,90.7658,4.54104,86.5277,0.84672,12.849,0.84672,3695.15,0,3.68392,0,1.40703,1.71919,7.64744,1.1587,9.61496,0.06048,3.68392,0.06048,456.806,0,1.44969,0,0,2.85672,1.40703,1.542240,1,0,96.1427,0,0,0,96.1427,0
677.609,3.13992,0,0,6.16261,0.262918,0.36288,18.144,61.1828,0,0,0,0.98871,0.213009,0,0.99792,12.849,1,0.0597512,0.36288,0,65.4897,4.00974,61.7831,0.84672,12.849,0.84672,3695.15,0,3.68392,0,0.922637,1.71953,6.27163,1.07064,7.84316,0.06048,3.68392,0.06048,456.806,0,1.44998,0,0,2.37261,0.922637,1.542240,1,0,69.6263,0,0,0,69.6263,0
683.883,3.14012,0,0,10.0243,0.247945,0.36288,18.144,61.308,0,0,0,4.5249,0.210518,4.18921,0.99792,12.849,1,0.0595438,0.36288,0,147.547,4.14195,143.709,0.84672,12.849,0.84672,3695.15,0,3.68392,0,2.51556,1.71987,17.2722,1.02732,20.4803,0.06048,3.68392,0.06048,456.806,0,1.44998,0,0,3.96554,2.51556,1.542240,1,0,168.378,0,0,0,168.378,0
693.414,3.23966,0,0,13.3886,0.254826,0.36288,18.144,61.308,0,0,0,3.26786,0.207065,3.06079,0.99792,12.849,1,0.0608678,0.36288,0,224.67,4.3882,220.584,0.84672,12.849,0.84672,3695.15,0,3.68392,0,6.92323,1.71987,28.9684,1.03839,36.5731,0.06048,3.68392,0.06048,456.806,0,1.49714,0,0,8.42037,6.92323,1.542240,1,0,260.218,0,0,0,260.218,0
700.732,3.24109,0,0,11.1878,0.265881,0.36288,18.144,61.308,0,0,0,2.88014,0.207507,2.67263,0.99792,12.849,1,0.0600575,0.36288,0,193.573,4.4162,189.46,0.84672,12.849,0.84672,3695.15,0,3.68392,0,5.19818,1.77521,21.9765,1.06591,27.884,0.06048,3.68392,0.06048,456.806,0,1.49742,0,0,6.6956,5.19818,1.542240,1,0,220.016,0,0,0,220.016,0
704.817,3.2423,0,0,7.95623,0.266149,0.36288,18.144,61.308,0,0,0,1.78273,0.207507,1.57523,0.99792,12.849,1,0.0594527,0.36288,0,128.56,4.4162,124.447,0.84672,12.849,0.84672,3695.15,0,3.68392,0,2.09512,1.77554,11.3247,1.06591,14.1295,0.06048,3.68392,0.06048,456.806,0,1.4977,0,0,3.59282,2.09512,1.542240,1,0,140.152,0,0,0,140.152,0
708.364,3.24324,0,0,7.43714,0.283722,0.36288,18.144,61.308,0,0,0,1.63945,0.184319,1.45513,0.99792,12.849,1,0.0591252,0.36288,0,120.2,4.02983,116.474,0.84672,12.849,0.84672,3695.15,0,3.68392,0,1.55186,1.77587,10.5786,0.975599,12.9307,0.06048,3.68392,0.06048,456.806,0,1.49798,0,0,3.04983,1.55186,1.542240,1,0,130.859,0,0,0,130.859,0
713.876,3.56056,0,0,9.76363,0.328019,0.36288,18.144,61.308,0.121797,0,0,3.79,0.172672,3.49553,0.99792,12.849,1,0.064585,0.36288,0,214.63,3.58312,211.345,0.84672,12.849,0.84672,3695.15,0,3.68392,0.0073186,5.77893,1.7762,20.2522,0.92384,26.8761,0.06048,3.68392,0.06048,456.806,0,1.54224,0,0,7.32117,5.77893,1.542240,1,0,241.717,0,0,0,241.717,0
716.785,3.56171,0,0,7.16221,0.328267,0.36288,18.144,61.308,0.122083,0,0,2.49114,0.172672,2.19638,0.99792,12.849,1,0.064107,0.36288,0,142.622,3.58312,139.338,0.84672,12.849,0.84672,3695.15,0,3.68392,0.00733582,2.03971,1.97301,12.0703,0.92384,15.1519,0.06048,3.68392,0.06048,456.806,0,1.54224,0,0,3.58195,2.03971,1.542240,1,0,156.686,0,0,0,156.686,0
718.537,3.56263,0,0,6.00528,0.328399,0.36288,18.144,61.308,0.12237,0,0,2.17785,0.172672,1.88281,0.99792,12.849,1,0.0638632,0.36288,0,102.053,3.58312,98.769,0.84672,12.849,0.84672,3695.15,0,3.68392,0.00735303,1.33078,1.97338,10.0115,0.92384,12.3845,0.06048,3.68392,0.06048,456.806,0,1.54224,0,0,2.87302,1.33078,1.542240,1,0,113.036,0,0,0,113.036,0
721.402,3.56344,0,0,7.08582,0.294298,0.36288,18.144,61.308,0.122656,0,0,2.81791,0.220013,2.47524,0.99792,12.849,1,0.0637221,0.36288,0,112.533,3.67437,109.157,0.84672,12.849,0.84672,3695.15,0,3.68392,0.00737024,2.43439,1.97374,19.0894,1.0041,22.486,0.06048,3.68392,0.06048,456.806,0,1.54224,0,0,3.97663,2.43439,1.542240,1,0,134.119,0,0,0,134.119,0
722.9,3.11255,0,0,13.0454,0.311317,8.12354,18.144,61.308,0,0,0,3.73724,0.198846,3.53839,0.99792,12.849,1,0.0554381,8.12354,0,233.758,3.49577,238.33,0.84672,12.849,0.84672,3695.15,0,3.68392,0,5.69183,1.97411,28.0189,0.922291,34.7626,0.06048,3.68392,0.06048,456.806,0,1.43907,0,0,7.1309,5.69183,1.542240,1,0,276.631,0,0,0,276.631,0
722.9,3.11324,0,0,11.6543,0.311381,8.2297,18.144,61.308,0,0,0,3.18993,0.198846,2.99108,0.99792,12.849,1,0.0553355,8.2297,0,181.894,3.49577,186.573,0.84672,12.849,0.84672,3695.15,0,3.68392,0,3.76918,1.70551,23.8961,0.922291,28.4485,0.06048,3.68392,0.06048,456.806,0,1.43934,0,0,5.20852,3.76918,1.542240,1,0,218.013,0,0,0,218.013,0
722.9,3.11382,0,0,12.0904,0.311381,8.66518,18.144,61.308,0,0,0,2.94484,0.198846,2.74599,0.99792,12.849,1,0.0553458,8.66518,0,191.246,3.49577,196.36,0.84672,12.849,0.84672,3695.15,0,3.68392,0,3.98598,1.70583,26.9861,0.922291,31.7556,0.06048,3.68392,0.06048,456.806,0,1.43961,0,0,5.42559,3.98598,1.542240,1,0,230.861,0,0,0,230.861,0
722.9,3.1144,0,0,11.1167,0.243412,7.75885,18.144,61.308,0,0,0,2.57162,0.162749,2.40887,0.99792,12.849,1,0.055356,7.75885,0,191.115,2.9726,195.846,0.84672,12.849,0.84672,3695.15,0,3.68392,0,3.71398,1.70614,25.3518,0.847139,29.9248,0.06048,3.68392,0.06048,456.806,0,1.43988,0,0,5.15385,3.71398,1.542240,1,0,228.18,0,0,0,228.18,0
722.9,3.11497,0,0,13.0726,0.287853,9.66975,18.144,61.308,0,0,0,3.30351,0.177379,3.12613,0.99792,12.849,1,0.0553663,9.66975,0,230.779,3.9683,236.425,0.84672,12.849,0.84672,3695.15,0,3.68392,0,3.76213,1.70646,26.4499,0.997622,30.9209,0.06048,3.68392,0.06048,456.806,0,1.44014,0,0,5.20227,3.76213,1.542240,1,0,270.472,0,0,0,270.472,0
722.9,3.22939,0,0,8.99986,0.272725,5.49774,18.144,61.308,0,0,0,2.91368,0.183062,2.73062,0.99792,12.849,1,0.0573999,5.49774,0,172.31,4.29387,173.457,0.84672,12.849,0.84672,3695.15,0,3.68392,0,2.65529,1.70678,23.4034,1.05445,26.7111,0.06048,3.68392,0.06048,456.806,0,1.49834,0,0,4.15364,2.65529,1.542240,1,0,202.898,0,0,0,202.898,0
722.9,3.22999,0,0,7.28464,0.272725,3.78193,18.144,61.308,0,0,0,2.41047,0.183062,2.2274,0.99792,12.849,1,0.0574106,3.78193,0,119.531,4.29387,118.962,0.84672,12.849,0.84672,3695.15,0,3.68392,0,2.32596,1.77356,19.5542,1.05445,22.5993,0.06048,3.68392,0.06048,456.806,0,1.49862,0,0,3.82458,2.32596,1.542240,1,0,143.788,0,0,0,143.788,0
722.9,3.23059,0,0,6.36707,0.272725,2.86376,18.144,61.308,0,0,0,2.19715,0.183062,2.01409,0.99792,12.849,1,0.0574212,2.86376,0,102.33,4.29387,100.843,0.84672,12.849,0.84672,3695.15,0,3.68392,0,2.10782,1.77389,17.5226,1.05445,20.3499,0.06048,3.68392,0.06048,456.806,0,1.4989,0,0,3.60672,2.10782,1.542240,1,0,123.207,0,0,0,123.207,0
722.9,3.23119,0,0,6.26591,0.250624,2.7841,18.144,61.308,0,0,0,1.88997,0.171366,1.7186,0.99792,12.849,1,0.0574319,2.7841,0,91.7369,3.82087,90.6427,0.84672,12.849,0.84672,3695.15,0,3.68392,0,1.38092,1.77422,15.7658,1.04422,17.8768,0.06048,3.68392,0.06048,456.806,0,1.49918,0,0,2.8801,1.38092,1.542240,1,0,110.238,0,0,0,110.238,0
722.9,3.18724,0,0,4.85781,0.19508,1.47548,18.144,61.308,0.0916212,0,0,1.10758,0.201278,0.81468,0.99792,12.849,1,0.0566508,1.47548,0,83.3043,4.27865,80.4445,0.84672,12.849,0.84672,3695.15,0,3.68392,0.0055054,0.528595,1.77455,8.41709,1.05328,9.66145,0.06048,3.68392,0.06048,456.806,0,1.37775,0,0,1.90635,0.528595,1.542240,1,0,90.9206,0,0,0,90.9206,0
722.9,3.18783,0,0,4.60535,0.19508,1.22244,18.144,61.308,0.153506,0,0,1.06368,0.201278,0.708895,0.99792,12.849,1,0.0566613,1.22244,0,78.1341,4.27865,75.0212,0.84672,12.849,0.84672,3695.15,0,3.68392,0.00922401,0.528595,1.74899,7.89584,1.05328,9.11092,0.06048,3.68392,0.06048,456.806,0,1.3112,0,0,1.83979,0.528595,1.542240,1,0,84.8411,0,0,0,84.8411,0
722.9,3.18843,0,0,4.26907,0.19508,0.885562,18.144,61.308,0,0,0,1.23017,0.201278,1.02889,0.99792,12.849,1,0.0566718,0.885562,0,71.2956,4.27865,67.8458,0.84672,12.849,0.84672,3695.15,0,3.68392,0,0.61654,1.74931,8.64812,1.05328,9.96069,0.06048,3.68392,0.06048,456.806,0,1.47749,0,0,2.09402,0.61654,1.542240,1,0,78.8354,0,0,0,78.8354,0
722.9,3.18902,0,0,4.02524,0.211368,0.624853,18.144,61.308,0,0,0,1.17207,0.166355,1.00571,0.99792,12.849,1,0.0566824,0.624853,0,65.9984,3.94663,62.6199,0.84672,12.849,0.84672,3695.15,0,3.68392,0,0.512309,1.74964,8.43065,0.930105,9.76249,0.06048,3.68392,0.06048,456.806,0,1.47776,0,0,1.99007,0.512309,1.542240,1,0,73.3881,0,0,0,73.3881,0
722.9,3.34091,0,0,4.02298,0.162977,0.519092,18.144,61.308,0.0144701,0,0,1.29019,0.177513,1.09821,0.99792,12.849,1,0.0593822,0.519092,0,60.6976,4.04594,57.1114,0.84672,12.849,0.84672,3695.15,0,3.68392,0.000869489,0.502364,1.74996,7.42694,0.962639,8.71576,0.06048,3.68392,0.06048,456.806,0,1.54224,0,0,2.0446,0.502364,1.542240,1,0,66.9254,0,0,0,66.9254,0
722.695,3.34153,0,0,3.65088,0.151292,0.36288,18.144,61.308,0.160083,0,0,1.09585,0.187133,0.748639,0.99792,12.849,1,0.0593932,0.36288,0,54.6176,4.13626,50.7848,0.84672,12.849,0.84672,3695.15,0,3.68392,0.00961918,0.402797,1.84088,6.39585,0.995433,7.63447,0.06048,3.68392,0.06048,456.806,0,1.38491,0,0,1.78771,0.402797,1.542240,1,0,59.1679,0,0,0,59.1679,0
722.355,3.34214,0,0,3.51607,0.151288,0.36288,18.144,61.308,0.189952,0,0,0.882161,0.187133,0.505076,0.99792,12.849,1,0.0594208,0.36288,0,50.3314,4.13626,46.4986,0.84672,12.849,0.84672,3695.15,0,3.68392,0.011414,0.30119,1.84122,6.1489,0.995433,7.28447,0.06048,3.68392,0.06048,456.806,0,1.35296,0,0,1.65415,0.30119,1.542240,1,0,54.2881,0,0,0,54.2881,0
721.797,3.34273,0,0,3.2972,0.149726,0.36288,18.144,61.308,0.248771,0,0,0.788564,0.269945,0.269848,0.99792,12.849,1,0.0594593,0.36288,0,46.406,5.54412,41.1653,0.84672,12.849,0.84672,3695.15,0,3.68392,0.0149483,0.30119,1.84157,5.90754,1.28477,6.75057,0.06048,3.68392,0.06048,456.806,0,1.28986,0,0,1.59105,0.30119,1.542240,1,0,48.1857,0,0,0,48.1857,0
720.954,3.3433,0,0,2.99077,0.127219,0.36288,18.144,61.308,0.215845,0,0,0.902128,0.262979,0.423305,0.99792,12.849,1,0.0595155,0.36288,0,50.1246,5.37003,45.0579,0.84672,12.849,0.84672,3695.15,0,3.68392,0.0129698,0.30119,1.84191,5.1947,1.26611,6.05872,0.06048,3.68392,0.06048,456.806,0,1.32562,0,0,1.62681,0.30119,1.542240,1,0,51.54,0,0,0,51.54,0
719.92,3.31391,0,0,2.75902,0.116911,0.36288,18.144,61.308,0.215825,0,0,1.00786,0.246059,0.545972,0.99792,12.849,1,0.0590611,0.36288,0,50.9775,5.04662,46.2347,0.84672,12.849,0.84672,3695.15,0,3.68392,0.0129686,0.30119,1.84225,4.87775,1.2107,5.79751,0.06048,3.68392,0.06048,456.806,0,1.36973,0,0,1.67092,0.30119,1.542240,1,0,52.5782,0,0,0,52.5782,0
718.872,3.31444,0,0,2.74673,0.116895,0.36288,18.144,61.308,0.142973,0,0,0.969667,0.246059,0.580634,0.99792,12.849,1,0.0591555,0.36288,0,48.1011,5.04662,43.3582,0.84672,12.849,0.84672,3695.15,0,3.68392,0.00859109,0.261274,1.87084,5.16486,1.2107,6.07768,0.06048,3.68392,0.06048,456.806,0,1.4487,0,0,1.70998,0.261274,1.542240,1,0,50.0166,0,0,0,50.0166,0
717.705,3.31497,0,0,2.61339,0.102534,0.36288,18.144,61.308,0.164807,0,0,0.946598,0.269376,0.512415,0.99792,12.849,1,0.0592512,0.36288,0,45.3383,5.37237,40.2696,0.84672,12.849,0.84672,3695.15,0,3.68392,0.00990307,0.261274,1.87119,5.02075,1.32095,5.82235,0.06048,3.68392,0.06048,456.806,0,1.4254,0,0,1.68667,0.261274,1.542240,1,0,46.6043,0,0,0,46.6043,0
716.183,3.31549,0,0,2.23942,0.0831242,0.36288,18.144,61.308,0.317993,0,0,0.872078,0.296235,0.257851,0.99792,12.849,1,0.0593568,0.36288,0,41.4391,5.99247,35.7501,0.84672,12.849,0.84672,3695.15,0,3.68392,0.0191078,0.261274,1.87153,4.8746,1.5437,5.44461,0.06048,3.68392,0.06048,456.806,0,1.2606,0,0,1.52188,0.261274,1.542240,1,0,41.4526,0,0,0,41.4526,0
714.708,3.39336,0,0,2.36095,0.0793164,0.36288,18.144,61.308,0.375319,0,0,0.944585,0.298987,0.270279,0.99792,12.849,1,0.0608802,0.36288,0,44.5923,5.68323,39.2111,0.84672,12.849,0.84672,3695.15,0,3.68392,0.0225525,0.261274,1.87188,4.43704,1.47007,5.07757,0.06048,3.68392,0.06048,456.806,0,1.23829,0,0,1.49957,0.261274,1.542240,1,0,44.559,0,0,0,44.559,0
713.11,3.39387,0,0,2.23759,0.0793004,0.36288,18.144,61.308,0.239796,0,0,0.845061,0.298987,0.306278,0.99792,12.849,1,0.0610149,0.36288,0,39.4015,5.68323,34.0201,0.84672,12.849,0.84672,3695.15,0,3.68392,0.014409,0.261274,1.91728,4.63435,1.47007,5.32843,0.06048,3.68392,0.06048,456.806,0,1.38443,0,0,1.6457,0.261274,1.542240,1,0,39.6549,0,0,0,39.6549,0
711.365,3.39436,0,0,2.09174,0.079283,0.36288,18.144,61.308,0.340143,0,0,0.781877,0.298987,0.142746,0.99792,12.849,1,0.0611605,0.36288,0,37.465,5.68323,32.0835,0.84672,12.849,0.84672,3695.15,0,3.68392,0.0204388,0.227405,1.91764,4.06647,1.47007,4.721,0.06048,3.68392,0.06048,456.806,0,1.27669,0,0,1.50409,0.227405,1.542240,1,0,36.9473,0,0,0,36.9473,0
709.592,3.39485,0,0,2.06364,0.079264,0.36288,18.144,61.308,0.246264,0,0,0.845925,0.298987,0.300674,0.99792,12.849,1,0.0613192,0.36288,0,34.7639,5.68323,29.3822,0.84672,12.849,0.84672,3695.15,0,3.68392,0.0147977,0.227405,1.91799,4.59869,1.47007,5.25922,0.06048,3.68392,0.06048,456.806,0,1.37806,0,0,1.60547,0.227405,1.542240,1,0,34.9421,0,0,0,34.9421,0
707.646,3.62208,0,0,2.11334,0.0736636,0.36288,18.144,61.308,0.256911,0,0,0.934658,0.296772,0.380975,0.99792,12.849,1,0.0655872,0.36288,0,38.1791,5.44646,33.03,0.84672,12.849,0.84672,3695.15,0,3.68392,0.0154374,0.227405,1.91835,4.87951,1.43367,5.57615,0.06048,3.68392,0.06048,456.806,0,1.50792,0,0,1.73533,0.227405,1.542240,1,0,38.9871,0,0,0,38.9871,0
705.447,3.62258,0,0,1.87072,0.0851057,0.36288,18.144,61.308,0.355896,0,0,0.904115,0.288634,0.259586,0.99792,12.849,1,0.0657765,0.36288,0,38.4235,5.14237,33.5782,0.84672,12.849,0.84672,3695.15,0,3.68392,0.0213853,0.227405,2.07139,4.22049,1.37728,5.12062,0.06048,3.68392,0.06048,456.806,0,1.4015,0,0,1.62891,0.227405,1.542240,1,0,38.9584,0,0,0,38.9584,0
703.373,3.62305,0,0,1.99771,0.08508,0.36288,18.144,61.308,0.225766,0,0,0.916626,0.288634,0.402226,0.99792,12.849,1,0.0659902,0.36288,0,38.4154,5.14237,33.5699,0.84672,12.849,0.84672,3695.15,0,3.68392,0.013566,0.221797,2.07177,5.09734,1.37728,6.00006,0.06048,3.68392,0.06048,456.806,0,1.54224,0,0,1.76404,0.221797,1.542240,1,0,39.9722,0,0,0,39.9722,0
701.555,3.62353,0,0,2.25297,0.0850557,0.36288,18.144,61.308,0.257722,0,0,0.947307,0.288634,0.40095,0.99792,12.849,1,0.0661934,0.36288,0,36.7461,5.14237,31.9004,0.84672,12.849,0.84672,3695.15,0,3.68392,0.0154862,0.204422,2.07216,5.66591,1.37728,6.54972,0.06048,3.68392,0.06048,456.806,0,1.50803,0,0,1.71246,0.204422,1.542240,1,0,38.8511,0,0,0,38.8511,0
699.874,3.62403,0,0,2.40577,0.0992806,0.36288,18.144,61.308,0.485105,0,0,0.814933,0.280928,0.0489012,0.99792,12.849,1,0.0663742,0.36288,0,40.7562,4.85008,36.2026,0.84672,12.849,0.84672,3695.15,0,3.68392,0.0291493,0.204422,2.07254,5.27853,1.3276,6.19874,0.06048,3.68392,0.06048,456.806,0,1.26366,0,0,1.46808,0.204422,1.542240,1,0,42.4502,0,0,0,42.4502,0
698.904,3.51396,0,0,3.01932,0.112412,0.36288,18.144,61.308,0.147399,0,0,1.15414,0.270558,0.736183,0.99792,12.849,1,0.0645127,0.36288,0,41.708,4.43447,37.5719,0.84672,12.849,0.84672,3695.15,0,3.68392,0.00885703,0.501129,2.07292,7.70083,1.26643,8.9996,0.06048,3.68392,0.06048,456.806,0,1.54224,0,0,2.04337,0.501129,1.542240,1,0,47.3077,0,0,0,47.3077,0
697.56,3.51452,0,0,2.64557,0.112397,0.36288,18.144,61.308,0.40752,0,0,0.713388,0.270558,0.0353099,0.99792,12.849,1,0.0646126,0.36288,0,42.3468,4.43447,38.2106,0.84672,12.849,0.84672,3695.15,0,3.68392,0.0244874,0.216518,1.98573,6.07097,1.26643,6.9823,0.06048,3.68392,0.06048,456.806,0,1.26212,0,0,1.47864,0.216518,1.542240,1,0,45.2282,0,0,0,45.2282,0
695.722,3.51505,0,0,2.1521,0.112376,0.36288,18.144,60.9134,0.711207,0,0,0.58717,0.270558,0,0.99792,12.849,1,0.0647469,0.36288,0,38.8866,4.43447,34.7502,0.84672,12.849,0.84672,3695.15,0,3.68392,0.0427356,0.216518,1.9861,5.48537,1.26643,6.37882,0.06048,3.68392,0.06048,456.806,0,0.93801,0,0,1.15453,0.216518,1.542240,1,0,41.1291,0,0,0,41.1291,0
695.209,3.51553,0,0,3.55567,0.190564,0.36288,18.144,61.1749,0.418286,0,0,0.889163,0.209389,0,0.99792,12.849,1,0.0649269,0.36288,0,55.3625,3.60395,52.0565,0.84672,12.849,0.84672,3695.15,0,3.68392,0.0252971,0.216518,1.98646,7.26696,1.00684,8.4378,0.06048,3.68392,0.06048,456.806,0,1.25098,0,0,1.4675,0.216518,1.542240,1,0,60.4943,0,0,0,60.4943,0
699.265,3.4253,0,0,8.06595,0.221319,0.36288,18.144,61.308,0.0763283,0,0,1.34485,0.236332,0.899084,0.99792,12.849,1,0.0633072,0.36288,0,82.155,4.39215,78.0624,0.84672,12.849,0.84672,3695.15,0,3.68392,0.00459645,1.61591,1.98683,8.18303,0.983804,10.7974,0.06048,3.68392,0.06048,456.806,0,1.54224,0,0,3.15815,1.61591,1.542240,1,0,89.7589,0,0,0,89.7589,0
702.449,3.4263,0,0,7.19392,0.221442,0.36288,18.144,61.308,0.0766186,0,0,1.31141,0.236531,0.998264,0.99792,12.849,1,0.0629582,0.36288,0,72.9665,4.39215,68.8743,0.84672,12.849,0.84672,3695.15,0,3.68392,0.00460392,0.554342,1.90931,6.94284,0.983804,8.41809,0.06048,3.68392,0.06048,456.806,0,1.54224,0,0,2.09658,0.554342,1.542240,1,0,78.2907,0,0,0,78.2907,0
706.442,3.42721,0,0,8.00493,0.221539,0.36288,18.144,61.308,0.076896,0,0,1.32199,0.236531,1.00856,0.99792,12.849,1,0.0626897,0.36288,0,81.4234,4.39215,77.3314,0.84672,12.849,0.84672,3695.15,0,3.68392,0.00462058,1.13316,1.90966,7.65884,0.983804,9.71324,0.06048,3.68392,0.06048,456.806,0,1.54224,0,0,2.6754,1.13316,1.542240,1,0,88.0532,0,0,0,88.0532,0
709.465,3.4282,0,0,7.03627,0.221661,0.36288,18.144,61.308,0.0771733,0,0,0.827375,0.236531,0.513671,0.99792,12.849,1,0.0623532,0.36288,0,72.7822,4.39215,68.6906,0.84672,12.849,0.84672,3695.15,0,3.68392,0.00463725,0.439413,1.91002,6.59218,0.983804,7.95317,0.06048,3.68392,0.06048,456.806,0,1.54224,0,0,1.98165,0.439413,1.542240,1,0,77.1575,0,0,0,77.1575,0
714.232,3.17084,0,0,8.56837,0.268215,0.36288,18.144,61.308,0,0,0,1.49873,0.228275,1.27045,0.99792,12.849,1,0.0574265,0.36288,0,79.7636,4.04362,76.0254,0.84672,12.849,0.84672,3695.15,0,3.68392,0,0.923992,1.91037,7.49119,1.01389,9.31167,0.06048,3.68392,0.06048,456.806,0,1.46294,0,0,2.38693,0.923992,1.542240,1,0,86.6076,0,0,0,86.6076,0
717.002,3.1718,0,0,6.59235,0.286988,0.36288,18.144,61.308,0,0,0,1.47404,0.224973,1.24906,0.99792,12.849,1,0.0570606,0.36288,0,55.3052,3.90421,51.7068,0.84672,12.849,0.84672,3695.15,0,3.68392,0,0.907176,1.73524,6.98858,1.02592,8.60509,0.06048,3.68392,0.06048,456.806,0,1.46321,0,0,2.37038,0.907176,1.542240,1,0,61.5609,0,0,0,61.5609,0
721.327,3.17261,0,0,8.14762,0.287097,0.36288,18.144,61.308,0,0,0,1.75791,0.224973,1.53294,0.99792,12.849,1,0.0568545,0.36288,0,107.102,3.90421,103.504,0.84672,12.849,0.84672,3695.15,0,3.68392,0,2.01897,1.73556,6.74224,1.02592,9.47086,0.06048,3.68392,0.06048,456.806,0,1.46348,0,0,3.48245,2.01897,1.542240,1,0,114.508,0,0,0,114.508,0
722.222,3.17353,0,0,4.71833,0.287268,0.36288,18.144,61.308,0,0,0,1.0251,0.224973,0.800129,0.99792,12.849,1,0.0565301,0.36288,0,61.1735,3.90421,57.5757,0.84672,12.849,0.84672,3695.15,0,3.68392,0,0.605815,1.73589,5.96189,1.02592,7.27768,0.06048,3.68392,0.06048,456.806,0,1.46375,0,0,2.06957,0.605815,1.542240,1,0,65.6535,0,0,0,65.6535,0
722.404,3.17419,0,0,4.00655,0.287675,0.36288,18.144,61.308,0.0578728,0,0,0.744063,0.213266,0.472924,0.99792,12.849,1,0.0564717,0.36288,0,65.7232,3.8737,62.1559,0.84672,12.849,0.84672,3695.15,0,3.68392,0.0034775,0.412474,1.73621,5.92376,1.05641,7.01255,0.06048,3.68392,0.06048,456.806,0,1.40135,0,0,1.81382,0.412474,1.542240,1,0,69.6414,0,0,0,69.6414,0
722.9,3.27422,0,0,5.9635,0.288611,1.9046,18.144,61.308,0,0,0,0.94678,0.184,0.76278,0.99792,12.849,1,0.0582368,1.9046,0,111.651,3.79743,109.7,0.84672,12.849,0.84672,3695.15,0,3.68392,0,1.34603,1.73653,5.43824,1.13264,7.38815,0.06048,3.68392,0.06048,456.806,0,1.51163,0,0,2.85765,1.34603,1.542240,1,0,117.851,0,0,0,117.851,0
722.9,3.27484,0,0,6.254,0.28863,2.69054,18.144,61.308,0,0,0,1.2939,0.184,1.1099,0.99792,12.849,1,0.0582077,2.69054,0,105.898,3.79743,104.733,0.84672,12.849,0.84672,3695.15,0,3.68392,0,1.99895,1.79239,7.34224,1.13264,10.0009,0.06048,3.68392,0.06048,456.806,0,1.51189,0,0,3.51084,1.99895,1.542240,1,0,115.844,0,0,0,115.844,0
722.9,3.27541,0,0,7.45528,0.28863,3.89125,18.144,61.308,0,0,0,1.02292,0.184,0.838916,0.99792,12.849,1,0.0582179,3.89125,0,55.4506,3.79743,55.4862,0.84672,12.849,0.84672,3695.15,0,3.68392,0,1.66251,1.7927,5.9215,1.13264,8.24407,0.06048,3.68392,0.06048,456.806,0,1.51216,0,0,3.17466,1.66251,1.542240,1,0,64.5692,0,0,0,64.5692,0
722.9,3.27598,0,0,10.2367,0.309584,6.65111,18.144,61.308,0,0,0,1.08495,0.210218,0.874733,0.99792,12.849,1,0.058228,6.65111,0,169.954,3.98873,172.558,0.84672,12.849,0.84672,3695.15,0,3.68392,0,1.91478,1.79301,8.83293,1.19941,11.3413,0.06048,3.68392,0.06048,456.806,0,1.51242,0,0,3.42719,1.91478,1.542240,1,0,184.774,0,0,0,184.774,0
722.9,3.59614,0,0,6.73064,0.308874,2.82563,18.144,61.308,0.136653,0,0,1.25243,0.203156,0.912619,0.99792,12.849,1,0.0639186,2.82563,0,100.882,4.26755,99.3765,0.84672,12.849,0.84672,3695.15,0,3.68392,0.00821132,1.48824,1.79333,6.79952,1.11509,8.95778,0.06048,3.68392,0.06048,456.806,0,1.54224,0,0,3.03048,1.48824,1.542240,1,0,109.247,0,0,0,109.247,0
722.9,3.59676,0,0,6.11632,0.304448,2.21511,18.144,61.308,0.136925,0,0,1.30981,0.204368,0.968513,0.99792,12.849,1,0.0639297,2.21511,0,89.0819,4.28767,86.9454,0.84672,12.849,0.84672,3695.15,0,3.68392,0.00822764,1.88726,1.99201,7.00332,1.1043,9.77006,0.06048,3.68392,0.06048,456.806,0,1.54224,0,0,3.4295,1.88726,1.542240,1,0,97.6839,0,0,0,97.6839,0
722.9,3.59739,0,0,6.07028,0.304448,2.16845,18.144,61.308,0.137196,0,0,1.24613,0.204368,0.904565,0.99792,12.849,1,0.0639409,2.16845,0,88.255,4.28767,86.0718,0.84672,12.849,0.84672,3695.15,0,3.68392,0.00824396,1.38686,1.99235,6.48552,1.1043,8.75219,0.06048,3.68392,0.06048,456.806,0,1.54224,0,0,2.9291,1.38686,1.542240,1,0,95.7286,0,0,0,95.7286,0
722.9,3.59802,0,0,6.90932,0.284097,3.02721,18.144,61.308,0.137468,0,0,1.31667,0.199836,0.979363,0.99792,12.849,1,0.063952,3.02721,0,102.139,3.94136,101.161,0.84672,12.849,0.84672,3695.15,0,3.68392,0.00826029,2.01976,1.9927,7.50272,0.982815,10.5241,0.06048,3.68392,0.06048,456.806,0,1.54224,0,0,3.562,2.01976,1.542240,1,0,112.664,0,0,0,112.664,0
722.9,3.14249,0,0,5.33348,0.300287,1.8907,18.144,61.308,0,0,0,1.29691,0.189546,1.10736,0.99792,12.849,1,0.0558554,1.8907,0,97.3426,3.87714,95.3003,0.84672,12.849,0.84672,3695.15,0,3.68392,0,1.53574,1.99305,7.10601,0.87939,9.75542,0.06048,3.68392,0.06048,456.806,0,1.45287,0,0,2.98861,1.53574,1.542240,1,0,106.163,0,0,0,106.163,0
722.9,3.14304,0,0,4.62726,0.305335,1.17888,18.144,61.308,0.00723186,0,0,0.682299,0.185644,0.489423,0.99792,12.849,1,0.0558652,1.17888,0,82.2511,3.87114,79.503,0.84672,12.849,0.84672,3695.15,0,3.68392,0.000434554,0.608429,1.72185,4.85992,0.867842,6.32193,0.06048,3.68392,0.06048,456.806,0,1.44528,0,0,2.05371,0.608429,1.542240,1,0,86.3143,0,0,0,86.3143,0
722.853,3.14359,0,0,3.76494,0.305335,0.36288,18.144,61.308,0.318351,0,0,0.613291,0.185644,0.109297,0.99792,12.849,1,0.0558749,0.36288,0,71.3327,3.87114,67.7686,0.84672,12.849,0.84672,3695.15,0,3.68392,0.0191293,0.558835,1.72215,3.75367,0.867842,5.14769,0.06048,3.68392,0.06048,456.806,0,1.11013,0,0,1.66896,0.558835,1.542240,1,0,73.0256,0,0,0,73.0256,0
722.9,3.14413,0,0,5.09503,0.305333,1.5987,18.144,61.308,0,0,0,0.85454,0.185644,0.668896,0.99792,12.849,1,0.0558882,1.5987,0,112.021,3.87114,109.693,0.84672,12.849,0.84672,3695.15,0,3.68392,0,1.00998,1.72245,4.71734,0.867842,6.58193,0.06048,3.68392,0.06048,456.806,0,1.45363,0,0,2.4636,1.00998,1.542240,1,0,116.944,0,0,0,116.944,0
722.9,3.14468,0,0,6.7273,0.301787,3.28083,18.144,61.308,0,0,0,1.11829,0.157927,0.960366,0.99792,12.849,1,0.0558944,3.28083,0,131.302,3.61469,130.912,0.84672,12.849,0.84672,3695.15,0,3.68392,0,1.39882,1.72276,7.26182,0.839674,9.54372,0.06048,3.68392,0.06048,456.806,0,1.45388,0,0,2.8527,1.39882,1.542240,1,0,141.416,0,0,0,141.416,0
722.9,3.26015,0,0,5.77919,0.301838,2.2172,18.144,61.308,0,0,0,1.1911,0.16106,1.03004,0.99792,12.849,1,0.0579468,2.2172,0,111.327,3.90033,109.586,0.84672,12.849,0.84672,3695.15,0,3.68392,0,1.0329,1.72306,8.02529,0.909603,9.87164,0.06048,3.68392,0.06048,456.806,0,1.51262,0,0,2.54552,1.0329,1.542240,1,0,120.488,0,0,0,120.488,0
722.9,3.26072,0,0,6.10355,0.301838,2.54099,18.144,61.308,0,0,0,1.73433,0.16106,1.57327,0.99792,12.849,1,0.0579568,2.54099,0,128.219,3.90033,126.802,0.84672,12.849,0.84672,3695.15,0,3.68392,0,1.69824,1.79046,9.5567,0.909603,12.1358,0.06048,3.68392,0.06048,456.806,0,1.51288,0,0,3.21112,1.69824,1.542240,1,0,140.511,0,0,0,140.511,0
722.9,3.26129,0,0,5.21055,0.301838,1.64742,18.144,61.308,0,0,0,1.38429,0.16106,1.22323,0.99792,12.849,1,0.0579669,1.64742,0,99.6529,3.90033,97.342,0.84672,12.849,0.84672,3695.15,0,3.68392,0,1.1354,1.79077,6.91727,0.909603,8.93384,0.06048,3.68392,0.06048,456.806,0,1.51314,0,0,2.64854,1.1354,1.542240,1,0,107.499,0,0,0,107.499,0
722.9,3.26186,0,0,4.55812,0.261143,1.03512,18.144,61.308,0,0,0,1.07964,0.16224,0.917397,0.99792,12.849,1,0.057977,1.03512,0,90.3727,4.11465,87.2352,0.84672,12.849,0.84672,3695.15,0,3.68392,0,0.689102,1.79108,5.93547,0.92809,7.48757,0.06048,3.68392,0.06048,456.806,0,1.51341,0,0,2.20251,0.689102,1.542240,1,0,95.6401,0,0,0,95.6401,0
722.9,3.21746,0,0,4.66729,0.228226,1.22161,18.144,61.308,0,0,0,1.43108,0.192628,1.23845,0.99792,12.849,1,0.0571879,1.22161,0,101.599,4.01667,98.7464,0.84672,12.849,0.84672,3695.15,0,3.68392,0,1.41574,1.7914,8.79307,0.949027,11.0512,0.06048,3.68392,0.06048,456.806,0,1.49094,0,0,2.90668,1.41574,1.542240,1,0,111.036,0,0,0,111.036,0
722.831,3.21802,0,0,3.7406,0.228226,0.36288,18.144,61.308,0,0,0,1.07426,0.192628,0.881635,0.99792,12.849,1,0.0571979,0.36288,0,71.4856,4.01667,67.7746,0.84672,12.849,0.84672,3695.15,0,3.68392,0,0.722005,1.76557,4.6825,0.949027,6.22105,0.06048,3.68392,0.06048,456.806,0,1.4912,0,0,2.21321,0.722005,1.542240,1,0,74.8773,0,0,0,74.8773,0
722.297,3.21858,0,0,3.27556,0.228224,0.36288,18.144,61.308,0,0,0,1.01943,0.192628,0.826806,0.99792,12.849,1,0.0572132,0.36288,0,62.9327,4.01667,59.2217,0.84672,12.849,0.84672,3695.15,0,3.68392,0,0.459029,1.76588,4.36608,0.949027,5.64196,0.06048,3.68392,0.06048,456.806,0,1.49146,0,0,1.95049,0.459029,1.542240,1,0,65.6905,0,0,0,65.6905,0
721.432,3.2191,0,0,2.94443,0.228207,0.36288,18.144,61.308,0.151145,0,0,0.903269,0.192628,0.559496,0.99792,12.849,1,0.0572647,0.36288,0,54.381,4.01667,50.67,0.84672,12.849,0.84672,3695.15,0,3.68392,0.00908209,0.402797,1.76618,3.82043,0.949027,5.0313,0.06048,3.68392,0.06048,456.806,0,1.32822,0,0,1.73102,0.402797,1.542240,1,0,56.2608,0,0,0,56.2608,0
720.279,3.37232,0,0,2.79155,0.208998,0.36288,18.144,61.308,0.261342,0,0,0.753926,0.197403,0.295181,0.99792,12.849,1,0.0600624,0.36288,0,45.2808,3.95787,41.6257,0.84672,12.849,0.84672,3695.15,0,3.68392,0.0157037,0.402797,1.76649,3.6114,1.00552,4.75947,0.06048,3.68392,0.06048,456.806,0,1.2901,0,0,1.6929,0.402797,1.542240,1,0,46.6804,0,0,0,46.6804,0
718.906,3.37281,0,0,2.53778,0.175386,0.36288,18.144,61.308,0.264348,0,0,0.714061,0.214775,0.234938,0.99792,12.849,1,0.0601673,0.36288,0,37.7565,4.32705,33.7322,0.84672,12.849,0.84672,3695.15,0,3.68392,0.0158843,0.402797,1.85825,3.4451,1.02787,4.66239,0.06048,3.68392,0.06048,456.806,0,1.28714,0,0,1.68993,0.402797,1.542240,1,0,38.6295,0,0,0,38.6295,0
717.5,3.37328,0,0,2.50595,0.175353,0.36288,18.144,61.308,0.203252,0,0,0.775587,0.214775,0.35756,0.99792,12.849,1,0.0602907,0.36288,0,36.5124,4.32705,32.4879,0.84672,12.849,0.84672,3695.15,0,3.68392,0.0122132,0.30119,1.85858,3.77711,1.02787,4.89679,0.06048,3.68392,0.06048,456.806,0,1.35324,0,0,1.65443,0.30119,1.542240,1,0,37.7423,0,0,0,37.7423,0
715.932,3.37376,0,0,2.3437,0.175319,0.36288,18.144,61.308,0.266838,0,0,0.715668,0.214775,0.234056,0.99792,12.849,1,0.0604173,0.36288,0,34.1548,4.32705,30.1302,0.84672,12.849,0.84672,3695.15,0,3.68392,0.0160339,0.30119,1.8589,3.31646,1.02787,4.43264,0.06048,3.68392,0.06048,456.806,0,1.285,0,0,1.58619,0.30119,1.542240,1,0,34.7969,0,0,0,34.7969,0
714.323,3.37421,0,0,2.28563,0.157496,0.36288,18.144,61.308,0.0743565,0,0,0.851308,0.21105,0.565902,0.99792,12.849,1,0.0605578,0.36288,0,36.033,4.33965,31.9957,0.84672,12.849,0.84672,3695.15,0,3.68392,0.00446799,0.30119,1.85922,4.30351,1.00605,5.4534,0.06048,3.68392,0.06048,456.806,0,1.4931,0,0,1.79429,0.30119,1.542240,1,0,38.015,0,0,0,38.015,0
712.715,3.34444,0,0,2.23342,0.133753,0.36288,18.144,61.308,0.0701655,0,0,1.03071,0.206082,0.754461,0.99792,12.849,1,0.0601587,0.36288,0,40.5511,4.35645,36.4973,0.84672,12.849,0.84672,3695.15,0,3.68392,0.00421616,0.578163,1.85955,5.4041,0.976958,6.86064,0.06048,3.68392,0.06048,456.806,0,1.54224,0,0,2.1204,0.578163,1.542240,1,0,44.1124,0,0,0,44.1124,0
710.912,3.34489,0,0,2.03355,0.12897,0.36288,18.144,61.308,0.0704252,0,0,0.974765,0.217051,0.687288,0.99792,12.849,1,0.0603025,0.36288,0,35.6969,4.4976,31.5019,0.84672,12.849,0.84672,3695.15,0,3.68392,0.00423176,0.375624,1.88839,5.24511,1.02848,6.47641,0.06048,3.68392,0.06048,456.806,0,1.54224,0,0,1.91786,0.375624,1.542240,1,0,38.6656,0,0,0,38.6656,0
709.034,3.34532,0,0,1.93063,0.100424,0.36288,18.144,61.308,0.0706849,0,0,0.91311,0.282866,0.559559,0.99792,12.849,1,0.0604633,0.36288,0,32.1962,5.3445,27.1541,0.84672,12.849,0.84672,3695.15,0,3.68392,0.00424736,0.401898,1.88872,5.0016,1.33761,5.95035,0.06048,3.68392,0.06048,456.806,0,1.54224,0,0,1.94414,0.401898,1.542240,1,0,33.664,0,0,0,33.664,0
706.938,3.34575,0,0,1.71348,0.100398,0.36288,18.144,61.308,0.0709447,0,0,0.860708,0.282866,0.506898,0.99792,12.849,1,0.0606311,0.36288,0,30.3686,5.3445,25.3263,0.84672,12.849,0.84672,3695.15,0,3.68392,0.00426298,0.370129,1.88905,4.79441,1.33761,5.71171,0.06048,3.68392,0.06048,456.806,0,1.54224,0,0,1.91237,0.370129,1.542240,1,0,31.5449,0,0,0,31.5449,0
704.632,3.42425,0,0,1.57748,0.0970194,0.36288,18.144,61.308,0.341339,0,0,0.842072,0.329634,0.171098,0.99792,12.849,1,0.0622376,0.36288,0,28.8937,6.12822,23.0661,0.84672,12.849,0.84672,3695.15,0,3.68392,0.0205106,0.261274,1.88937,3.53804,1.50175,4.16642,0.06048,3.68392,0.06048,456.806,0,1.29006,0,0,1.55133,0.261274,1.542240,1,0,27.4037,0,0,0,27.4037,0
702.286,3.42464,0,0,1.53873,0.0969887,0.36288,18.144,61.308,0.213151,0,0,0.775837,0.329634,0.233052,0.99792,12.849,1,0.0624486,0.36288,0,28.8568,6.12822,23.029,0.84672,12.849,0.84672,3695.15,0,3.68392,0.012808,0.261274,1.93518,3.79127,1.50175,4.47316,0.06048,3.68392,0.06048,456.806,0,1.42845,0,0,1.68972,0.261274,1.542240,1,0,27.7352,0,0,0,27.7352,0
699.841,3.42503,0,0,1.4399,0.0969574,0.36288,18.144,61.308,0.249227,0,0,0.718148,0.329634,0.139287,0.99792,12.849,1,0.0626643,0.36288,0,26.0504,6.12822,20.2224,0.84672,12.849,0.84672,3695.15,0,3.68392,0.0149757,0.227405,1.93552,3.38367,1.50175,4.02986,0.06048,3.68392,0.06048,456.806,0,1.38981,0,0,1.61722,0.227405,1.542240,1,0,24.3915,0,0,0,24.3915,0
697.278,3.42542,0,0,1.32192,0.0969248,0.36288,18.144,61.308,0.372911,0,0,0.710268,0.329634,0.00772365,0.99792,12.849,1,0.0628902,0.36288,0,23.8132,6.12822,17.985,0.84672,12.849,0.84672,3695.15,0,3.68392,0.0224077,0.227405,1.93585,3.30935,1.50175,3.94845,0.06048,3.68392,0.06048,456.806,0,1.25699,0,0,1.4844,0.227405,1.542240,1,0,21.9412,0,0,0,21.9412,0
694.789,3.65458,0,0,1.6193,0.0908511,0.36288,18.144,61.308,0.240446,0,0,0.794172,0.338227,0.215498,0.99792,12.849,1,0.0673443,0.36288,0,22.5675,6.34377,16.5193,0.84672,12.849,0.84672,3695.15,0,3.68392,0.0144481,0.385638,1.93619,4.7826,1.50202,5.58796,0.06048,3.68392,0.06048,456.806,0,1.54224,0,0,1.92788,0.385638,1.542240,1,0,22.3227,0,0,0,22.3227,0
692.481,3.65498,0,0,1.81303,0.103379,0.36288,18.144,61.308,0.240736,0,0,0.856526,0.335606,0.280185,0.99792,12.849,1,0.0675929,0.36288,0,24.1123,6.24372,18.1639,0.84672,12.849,0.84672,3695.15,0,3.68392,0.0144655,0.582362,2.09063,4.65231,1.44994,5.8609,0.06048,3.68392,0.06048,456.806,0,1.54224,0,0,2.1246,0.582362,1.542240,1,0,24.305,0,0,0,24.305,0
689.796,3.65539,0,0,1.43755,0.103346,0.36288,18.144,61.2343,0.381006,0,0,0.642894,0.335606,0,0.99792,12.849,1,0.0678259,0.36288,0,26.4764,6.24372,20.5277,0.84672,12.849,0.84672,3695.15,0,3.68392,0.0228942,0.204422,2.09099,3.73548,1.44994,4.55806,0.06048,3.68392,0.06048,456.806,0,1.39126,0,0,1.59569,0.204422,1.542240,1,0,25.0858,0,0,0,25.0858,0
687.422,3.65577,0,0,1.74727,0.103308,0.36288,18.144,61.308,0.241291,0,0,1.0336,0.33545,0.383137,0.99792,12.849,1,0.0680969,0.36288,0,23.0793,6.24372,17.1303,0.84672,12.849,0.84672,3695.15,0,3.68392,0.0145163,1.10332,2.09136,5.38235,1.44994,7.11257,0.06048,3.68392,0.06048,456.806,0,1.54224,0,0,2.64556,1.10332,1.542240,1,0,24.626,0,0,0,24.626,0
684.712,3.65617,0,0,1.41319,0.103448,0.36288,18.144,61.308,0.241603,0,0,0.678284,0.329843,0.106838,0.99792,12.849,1,0.0683397,0.36288,0,18.6194,5.84208,13.0718,0.84672,12.849,0.84672,3695.15,0,3.68392,0.0145176,0.413173,2.09172,4.49683,1.30407,5.68314,0.06048,3.68392,0.06048,456.806,0,1.54224,0,0,1.95541,0.413173,1.542240,1,0,18.8618,0,0,0,18.8618,0
682.171,3.54498,0,0,1.53475,0.168276,0.36288,18.144,61.308,0.161879,0,0,0.61864,0.321255,0.135506,0.99792,12.849,1,0.0665235,0.36288,0,11.1719,5.06761,6.40061,0.84672,12.849,0.84672,3695.15,0,3.68392,0.00972709,0.781298,2.09208,3.19771,1.18764,4.87373,0.06048,3.68392,0.06048,456.806,0,1.54224,0,0,2.32354,0.781298,1.542240,1,0,11.4098,0,0,0,11.4098,0
679.745,3.54535,0,0,1.66239,0.18048,0.36288,18.144,61.308,0.162154,0,0,0.738392,0.32528,0.250958,0.99792,12.849,1,0.0667783,0.36288,0,12.2587,5.13272,7.42208,0.84672,12.849,0.84672,3695.15,0,3.68392,0.00974364,0.878221,2.00406,3.66538,1.22491,5.31301,0.06048,3.68392,0.06048,456.806,0,1.54224,0,0,2.42046,0.878221,1.542240,1,0,12.986,0,0,0,12.986,0
677.348,3.54574,0,0,1.6923,0.18042,0.36288,18.144,61.308,0.16243,0,0,0.754963,0.32528,0.267254,0.99792,12.849,1,0.0670239,0.36288,0,17.4283,5.13272,12.5914,0.84672,12.849,0.84672,3695.15,0,3.68392,0.00976019,1.04279,2.00441,3.94803,1.22491,5.76055,0.06048,3.68392,0.06048,456.806,0,1.54224,0,0,2.58503,1.04279,1.542240,1,0,18.6192,0,0,0,18.6192,0
675.127,3.54612,0,0,1.86856,0.18036,0.36288,18.144,61.308,0.162705,0,0,1.0942,0.32528,0.606219,0.99792,12.849,1,0.0672684,0.36288,0,41.3714,5.13272,36.5343,0.84672,12.849,0.84672,3695.15,0,3.68392,0.00977675,1.63382,2.00476,5.54945,1.22491,7.95334,0.06048,3.68392,0.06048,456.806,0,1.54224,0,0,3.17606,1.63382,1.542240,1,0,45.0939,0,0,0,45.0939,0
672.676,3.4549,0,0,1.62414,0.257601,0.36288,18.144,61.308,0.0900972,0,0,0.858626,0.286372,0.482156,0.99792,12.849,1,0.0657536,0.36288,0,36.7359,5.13497,31.8981,0.84672,12.849,0.84672,3695.15,0,3.68392,0.00541383,0.528094,2.00511,4.14316,1.15859,5.51236,0.06048,3.68392,0.06048,456.806,0,1.54224,0,0,2.07033,0.528094,1.542240,1,0,37.8926,0,0,0,37.8926,0
669.816,3.45527,0,0,1.22834,0.270392,0.36288,18.144,61.308,0.0968428,0,0,0.720101,0.279888,0.34337,0.99792,12.849,1,0.0660002,0.36288,0,28.304,5.13534,23.4656,0.84672,12.849,0.84672,3695.15,0,3.68392,0.00581916,0.216518,1.92685,2.86127,1.14753,3.85128,0.06048,3.68392,0.06048,456.806,0,1.53522,0,0,1.75173,0.216518,1.542240,1,0,27.6602,0,0,0,27.6602,0
669.387,3.45559,0,0,3.63864,0.249289,0.36288,18.144,61.308,0.0906231,0,0,1.18057,0.271946,0.818001,0.99792,12.849,1,0.0662883,0.36288,0,37.0118,4.94334,32.365,0.84672,12.849,0.84672,3695.15,0,3.68392,0.00544542,1.18431,1.92718,6.65898,1.19046,8.57457,0.06048,3.68392,0.06048,456.806,0,1.54224,0,0,2.72655,1.18431,1.542240,1,0,41.7576,0,0,0,41.7576,0
671.124,3.45615,0,0,5.82786,0.271062,0.36288,18.144,61.308,0.0908859,0,0,1.71914,0.226053,1.4022,0.99792,12.849,1,0.0663415,0.36288,0,80.9955,3.95793,77.3341,0.84672,12.849,0.84672,3695.15,0,3.68392,0.00546122,2.20553,1.92752,12.941,1.00731,16.0613,0.06048,3.68392,0.06048,456.806,0,1.54224,0,0,3.74777,2.20553,1.542240,1,0,94.7976,0,0,0,94.7976,0
670.968,3.19658,0,0,3.7008,0.298045,0.36288,18.144,61.308,0,0,0,1.27271,0.222195,1.05051,0.99792,12.849,1,0.0612,0.36288,0,46.1656,3.85681,42.6105,0.84672,12.849,0.84672,3695.15,0,3.68392,0,1.35661,1.92785,6.36723,0.997545,8.65415,0.06048,3.68392,0.06048,456.806,0,1.47631,0,0,2.83292,1.35661,1.542240,1,0,52.3151,0,0,0,52.3151,0
670.438,3.19712,0,0,3.34423,0.313533,0.36288,18.144,61.308,0,0,0,1.03252,0.224293,0.80823,0.99792,12.849,1,0.0612247,0.36288,0,37.9446,3.88616,34.3601,0.84672,12.849,0.84672,3695.15,0,3.68392,0,1.01213,1.7511,5.17504,1.01714,6.92113,0.06048,3.68392,0.06048,456.806,0,1.47657,0,0,2.48869,1.01213,1.542240,1,0,42.0895,0,0,0,42.0895,0
669.218,3.19763,0,0,2.654,0.313511,0.36288,18.144,61.308,0,0,0,0.933733,0.224293,0.709441,0.99792,12.849,1,0.0612828,0.36288,0,27.7801,3.88616,24.1955,0.84672,12.849,0.84672,3695.15,0,3.68392,0,0.771987,1.75141,9.70514,1.01714,11.2114,0.06048,3.68392,0.06048,456.806,0,1.47682,0,0,2.24881,0.771987,1.542240,1,0,36.1164,0,0,0,36.1164,0
667.734,3.19807,0,0,2.38124,0.305009,0.36288,18.144,61.308,0,0,0,0.990567,0.248433,0.742135,0.99792,12.849,1,0.0614031,0.36288,0,40.088,4.71446,35.675,0.84672,12.849,0.84672,3695.15,0,3.68392,0,1.17721,1.75171,8.29275,1.20891,10.0128,0.06048,3.68392,0.06048,456.806,0,1.47708,0,0,2.65429,1.17721,1.542240,1,0,46.4299,0,0,0,46.4299,0
667.548,3.1985,0,0,3.67911,0.303194,0.36288,18.144,61.308,0,0,0,1.42727,0.250299,1.17697,0.99792,12.849,1,0.0615477,0.36288,0,63.2322,4.87276,58.6608,0.84672,12.849,0.84672,3695.15,0,3.68392,0,1.32165,1.75202,7.58141,1.23713,9.41795,0.06048,3.68392,0.06048,456.806,0,1.47734,0,0,2.79899,1.32165,1.542240,1,0,69.2557,0,0,0,69.2557,0
668.606,3.29923,0,0,5.03263,0.312941,0.36288,18.144,61.308,0,0,0,1.95957,0.20356,1.75601,0.99792,12.849,1,0.0635038,0.36288,0,102.224,3.8347,98.6888,0.84672,12.849,0.84672,3695.15,0,3.68392,0,2.19888,1.75232,11.181,0.946255,14.186,0.06048,3.68392,0.06048,456.806,0,1.52536,0,0,3.72424,2.19888,1.542240,1,0,114.631,0,0,0,114.631,0
672.103,3.29987,0,0,7.47336,0.312986,0.36288,18.144,61.308,0,0,0,2.30685,0.20356,2.10329,0.99792,12.849,1,0.0634155,0.36288,0,136.934,3.8347,133.399,0.84672,12.849,0.84672,3695.15,0,3.68392,0,3.00843,1.80867,10.9842,0.946255,14.855,0.06048,3.68392,0.06048,456.806,0,1.52561,0,0,4.53404,3.00843,1.542240,1,0,150.358,0,0,0,150.358,0
672.767,3.30073,0,0,4.63997,0.313138,0.36288,18.144,61.308,0,0,0,1.7102,0.20356,1.50664,0.99792,12.849,1,0.063102,0.36288,0,82.8481,3.8347,79.3132,0.84672,12.849,0.84672,3695.15,0,3.68392,0,1.61567,1.80896,8.45778,0.946255,10.9362,0.06048,3.68392,0.06048,456.806,0,1.52586,0,0,3.14153,1.61567,1.542240,1,0,91.756,0,0,0,91.756,0
672.106,3.30133,0,0,3.32519,0.321255,0.36288,18.144,61.308,0,0,0,1.39901,0.203724,1.19528,0.99792,12.849,1,0.0630513,0.36288,0,56.3592,3.8124,52.8466,0.84672,12.849,0.84672,3695.15,0,3.68392,0,1.22032,1.80926,6.98121,0.961459,9.04932,0.06048,3.68392,0.06048,456.806,0,1.52611,0,0,2.74642,1.22032,1.542240,1,0,63.0912,0,0,0,63.0912,0
675.064,3.62386,0,0,7.25278,0.308558,0.36288,18.144,61.308,0.150733,0,0,2.27731,0.210633,1.91594,0.99792,12.849,1,0.0692791,0.36288,0,215.266,4.23725,211.322,0.84672,12.849,0.84672,3695.15,0,3.68392,0.00905738,2.86825,1.80956,14.5975,1.1142,18.152,0.06048,3.68392,0.06048,456.806,0,1.54224,0,0,4.41049,2.86825,1.542240,1,0,231.39,0,0,0,231.39,0
678.872,3.62475,0,0,8.07961,0.284196,0.36288,18.144,61.308,0.15099,0,0,2.49642,0.213002,2.13243,0.99792,12.849,1,0.0689925,0.36288,0,174.709,4.46071,170.542,0.84672,12.849,0.84672,3695.15,0,3.68392,0.00907279,3.14415,2.01001,16.585,1.13881,20.5913,0.06048,3.68392,0.06048,456.806,0,1.54224,0,0,4.68639,3.14415,1.542240,1,0,193.265,0,0,0,193.265,0
683.261,3.62572,0,0,8.70065,0.322946,0.36288,18.144,61.308,0.151246,0,0,2.8492,0.217958,2.48,0.99792,12.849,1,0.0686239,0.36288,0,170.649,4.38152,166.561,0.84672,12.849,0.84672,3695.15,0,3.68392,0.00908819,3.24407,2.01034,18.3392,1.11792,22.4666,0.06048,3.68392,0.06048,456.806,0,1.54224,0,0,4.78631,3.24407,1.542240,1,0,191.508,0,0,0,191.508,0
687.069,3.62674,0,0,8.17292,0.37464,0.36288,18.144,61.308,0.151503,0,0,2.06955,0.224566,1.69348,0.99792,12.849,1,0.0682024,0.36288,0,198.581,4.27591,194.6,0.84672,12.849,0.84672,3695.15,0,3.68392,0.0091036,2.00595,2.01067,13.9619,1.09007,16.8793,0.06048,3.68392,0.06048,456.806,0,1.54224,0,0,3.54819,2.00595,1.542240,1,0,213.172,0,0,0,213.172,0
691.429,3.16787,0,0,8.23478,0.344876,0.36288,18.144,61.308,0,0,0,2.10026,0.21196,1.8883,0.99792,12.849,1,0.0592429,0.36288,0,193.133,4.24232,189.194,0.84672,12.849,0.84672,3695.15,0,3.68392,0,2.53332,2.011,17.4782,1.10548,20.917,0.06048,3.68392,0.06048,456.806,0,1.46593,0,0,3.99925,2.53332,1.542240,1,0,211.999,0,0,0,211.999,0
697.756,3.16875,0,0,10.1922,0.333091,0.36288,18.144,61.308,0,0,0,2.70742,0.206918,2.5005,0.99792,12.849,1,0.0588858,0.36288,0,251.023,4.22887,247.098,0.84672,12.849,0.84672,3695.15,0,3.68392,0,2.94784,1.73734,20.0932,1.11164,23.6667,0.06048,3.68392,0.06048,456.806,0,1.46617,0,0,4.41401,2.94784,1.542240,1,0,273.265,0,0,0,273.265,0
702.641,3.16979,0,0,8.73876,0.321585,0.36288,18.144,61.308,0,0,0,2.49191,0.204258,2.28765,0.99792,12.849,1,0.0583709,0.36288,0,204.022,4.34791,199.979,0.84672,12.849,0.84672,3695.15,0,3.68392,0,2.94696,1.73762,19.5557,1.13476,23.1055,0.06048,3.68392,0.06048,456.806,0,1.46641,0,0,4.41337,2.94696,1.542240,1,0,225.372,0,0,0,225.372,0
705.873,3.17071,0,0,7.05819,0.292288,0.36288,18.144,61.308,0,0,0,1.98829,0.197609,1.79068,0.99792,12.849,1,0.0579819,0.36288,0,156.982,4.64551,152.641,0.84672,12.849,0.84672,3695.15,0,3.68392,0,2.13578,1.73791,16.5879,1.19255,19.2691,0.06048,3.68392,0.06048,456.806,0,1.46665,0,0,3.60243,2.13578,1.542240,1,0,173.701,0,0,0,173.701,0
711.298,3.17149,0,0,9.25137,0.29205,0.36288,18.144,61.308,0,0,0,2.58924,0.215951,2.37329,0.99792,12.849,1,0.0577306,0.36288,0,162.767,4.62958,158.443,0.84672,12.849,0.84672,3695.15,0,3.68392,0,2.95585,1.73819,18.5414,1.20188,22.0335,0.06048,3.68392,0.06048,456.806,0,1.46689,0,0,4.42274,2.95585,1.542240,1,0,182.85,0,0,0,182.85,0
713.951,3.28835,0,0,6.5969,0.292941,0.36288,18.144,61.308,0,0,0,1.7293,0.193678,1.53563,0.99792,12.849,1,0.0594013,0.36288,0,195.804,4.27719,191.83,0.84672,12.849,0.84672,3695.15,0,3.68392,0,2.06945,1.73847,14.1734,1.11256,16.8688,0.06048,3.68392,0.06048,456.806,0,1.52613,0,0,3.59558,2.06945,1.542240,1,0,210.235,0,0,0,210.235,0
715.764,3.2891,0,0,5.75903,0.293314,0.36288,18.144,61.308,0,0,0,2.04209,0.182323,1.85977,0.99792,12.849,1,0.0591941,0.36288,0,146.477,4.2251,142.555,0.84672,12.849,0.84672,3695.15,0,3.68392,0,2.3216,1.80646,11.1828,1.09379,14.217,0.06048,3.68392,0.06048,456.806,0,1.52638,0,0,3.84798,2.3216,1.542240,1,0,158.632,0,0,0,158.632,0
717.21,3.28979,0,0,5.39199,0.293387,0.36288,18.144,61.308,0,0,0,2.75078,0.182323,2.56845,0.99792,12.849,1,0.0590564,0.36288,0,165.194,4.2251,161.273,0.84672,12.849,0.84672,3695.15,0,3.68392,0,3.76235,1.80675,13.0696,1.09379,17.545,0.06048,3.68392,0.06048,456.806,0,1.52663,0,0,5.28898,3.76235,1.542240,1,0,181.386,0,0,0,181.386,0
717.86,3.29044,0,0,4.57865,0.275603,0.36288,18.144,61.308,0,0,0,1.08161,0.191838,0.889769,0.99792,12.849,1,0.0589491,0.36288,0,122.507,4.34144,118.469,0.84672,12.849,0.84672,3695.15,0,3.68392,0,1.23808,1.80705,9.51454,1.11669,11.443,0.06048,3.68392,0.06048,456.806,0,1.52688,0,0,2.76496,1.23808,1.542240,1,0,130.802,0,0,0,130.802,0
718.378,3.24567,0,0,4.36906,0.242136,0.36288,18.144,61.308,0,0,0,1.06353,0.198595,0.864937,0.99792,12.849,1,0.0580944,0.36288,0,88.0364,3.8912,84.45,0.84672,12.849,0.84672,3695.15,0,3.68392,0,0.958774,1.80734,8.07443,1.07985,9.76069,0.06048,3.68392,0.06048,456.806,0,1.5042,0,0,2.46297,0.958774,1.542240,1,0,95.0756,0,0,0,95.0756,0
718.22,3.24624,0,0,3.69344,0.242153,0.36288,18.144,61.308,0,0,0,0.990757,0.198595,0.792163,0.99792,12.849,1,0.0580626,0.36288,0,74.9676,3.8912,71.3812,0.84672,12.849,0.84672,3695.15,0,3.68392,0,0.698879,1.78127,6.65479,1.07985,8.05508,0.06048,3.68392,0.06048,456.806,0,1.50444,0,0,2.20332,0.698879,1.542240,1,0,80.2284,0,0,0,80.2284,0
717.644,3.24676,0,0,3.27522,0.242148,0.36288,18.144,61.308,0,0,0,0.889756,0.198595,0.691161,0.99792,12.849,1,0.0580846,0.36288,0,64.6236,3.8912,61.0372,0.84672,12.849,0.84672,3695.15,0,3.68392,0,0.413031,1.78156,5.7394,1.07985,6.85413,0.06048,3.68392,0.06048,456.806,0,1.50469,0,0,1.91772,0.413031,1.542240,1,0,68.5825,0,0,0,68.5825,0
716.787,3.24724,0,0,2.98685,0.233493,0.36288,18.144,61.308,0.131822,0,0,0.802742,0.187217,0.483704,0.99792,12.849,1,0.05814,0.36288,0,58.0497,3.65528,54.6992,0.84672,12.849,0.84672,3695.15,0,3.68392,0.00792099,0.402797,1.78185,5.29401,1.02001,6.45072,0.06048,3.68392,0.06048,456.806,0,1.36226,0,0,1.76506,0.402797,1.542240,1,0,61.6336,0,0,0,61.6336,0
716.138,3.40176,0,0,3.29916,0.183853,0.36288,18.144,61.308,0.0734507,0,0,0.741125,0.199105,0.468569,0.99792,12.849,1,0.0609794,0.36288,0,63.9664,3.67538,60.5929,0.84672,12.849,0.84672,3695.15,0,3.68392,0.00441356,0.402797,1.78214,5.27168,0.982178,6.47002,0.06048,3.68392,0.06048,456.806,0,1.50689,0,0,1.90968,0.402797,1.542240,1,0,67.5315,0,0,0,67.5315,0
715.683,3.40226,0,0,3.47273,0.16282,0.36288,18.144,61.308,0.217586,0,0,0.820817,0.229354,0.373877,0.99792,12.849,1,0.0610436,0.36288,0,65.6908,4.1328,61.8598,0.84672,12.849,0.84672,3695.15,0,3.68392,0.0130745,0.402797,1.87469,5.54704,1.06599,6.74546,0.06048,3.68392,0.06048,456.806,0,1.35136,0,0,1.75415,0.402797,1.542240,1,0,68.9792,0,0,0,68.9792,0
714.911,3.40278,0,0,3.15732,0.162809,0.36288,18.144,61.2772,0.513211,0,0,0.711747,0.229354,0,0.99792,12.849,1,0.0610917,0.36288,0,62.0412,4.1328,58.2102,0.84672,12.849,0.84672,3695.15,0,3.68392,0.0308382,0.30119,1.875,5.1054,1.06599,6.18476,0.06048,3.68392,0.06048,456.806,0,1.03436,0,0,1.33555,0.30119,1.542240,1,0,64.395,0,0,0,64.395,0
713.764,3.40327,0,0,2.78177,0.162792,0.36288,18.144,61.2901,0.447582,0,0,0.689856,0.229309,0,0.99792,12.849,1,0.0611664,0.36288,0,52.687,4.1328,48.8559,0.84672,12.849,0.84672,3695.15,0,3.68392,0.0269082,0.30119,1.8753,5.03187,1.06599,6.11546,0.06048,3.68392,0.06048,456.806,0,1.10477,0,0,1.40596,0.30119,1.542240,1,0,54.9713,0,0,0,54.9713,0
712.412,3.40373,0,0,2.54249,0.128289,0.36288,18.144,61.308,0.320965,0,0,0.674916,0.245421,0.0906756,0.99792,12.849,1,0.061273,0.36288,0,46.715,4.54734,42.4693,0.84672,12.849,0.84672,3695.15,0,3.68392,0.019292,0.30119,1.87561,4.60885,1.13981,5.62655,0.06048,3.68392,0.06048,456.806,0,1.24083,0,0,1.54202,0.30119,1.542240,1,0,48.1865,0,0,0,48.1865,0
710.823,3.37368,0,0,2.27102,0.123654,0.36288,18.144,61.3041,0.367329,0,0,0.592476,0.22907,0,0.99792,12.849,1,0.0608473,0.36288,0,40.5311,4.67428,36.1589,0.84672,12.849,0.84672,3695.15,0,3.68392,0.0220723,0.30119,1.87591,3.88249,1.0993,4.93821,0.06048,3.68392,0.06048,456.806,0,1.23581,0,0,1.537,0.30119,1.542240,1,0,41.0971,0,0,0,41.0971,0
709.019,3.37409,0,0,2.05722,0.123627,0.36288,18.144,61.2396,0.401546,0,0,0.566155,0.229065,0,0.99792,12.849,1,0.0609909,0.36288,0,39.8316,4.67428,35.4592,0.84672,12.849,0.84672,3695.15,0,3.68392,0.02413,0.261274,1.90498,3.66781,1.0993,4.71063,0.06048,3.68392,0.06048,456.806,0,1.19934,0,0,1.46062,0.261274,1.542240,1,0,40.1698,0,0,0,40.1698,0
707.036,3.37449,0,0,1.87312,0.118845,0.36288,18.144,61.003,0.532107,0,0,0.535423,0.239936,0,0.99792,12.849,1,0.0611532,0.36288,0,35.0636,4.81543,30.5499,0.84672,12.849,0.84672,3695.15,0,3.68392,0.0320094,0.261274,1.90529,3.55989,1.15083,4.54362,0.06048,3.68392,0.06048,456.806,0,1.05982,0,0,1.32109,0.261274,1.542240,1,0,35.0935,0,0,0,35.0935,0
704.986,3.37487,0,0,1.77832,0.090313,0.36288,18.144,60.684,0.515253,0,0,0.501556,0.305264,0,0.99792,12.849,1,0.0613317,0.36288,0,31.6248,5.66233,26.264,0.84672,12.849,0.84672,3695.15,0,3.68392,0.0311157,0.261274,1.90561,3.39461,1.45996,4.07041,0.06048,3.68392,0.06048,456.806,0,1.07794,0,0,1.33921,0.261274,1.542240,1,0,30.3344,0,0,0,30.3344,0
702.828,3.45402,0,0,1.74044,0.0824592,0.36288,18.144,60.1302,0.779893,0,0,0.525119,0.29905,0,0.99792,12.849,1,0.0629525,0.36288,0,28.3093,5.81489,22.7943,0.84672,12.849,0.84672,3695.15,0,3.68392,0.0473446,0.261274,1.90592,3.18163,1.45535,3.84612,0.06048,3.68392,0.06048,456.806,0,0.835618,0,0,1.09689,0.261274,1.542240,1,0,26.6405,0,0,0,26.6405,0
700.684,3.45439,0,0,1.75467,0.0811304,0.36288,18.144,59.5968,0.725898,0,0,0.489582,0.297069,0,0.99792,12.849,1,0.0631527,0.36288,0,36.7945,5.84031,31.2539,0.84672,12.849,0.84672,3695.15,0,3.68392,0.0444726,0.261274,1.9521,3.46016,1.45458,4.17447,0.06048,3.68392,0.06048,456.806,0,0.892719,0,0,1.15399,0.261274,1.542240,1,0,35.4284,0,0,0,35.4284,0
698.428,3.45476,0,0,1.64301,0.0811065,0.36288,18.144,59.0421,0.713974,0,0,0.455293,0.29606,0,0.99792,12.849,1,0.0633527,0.36288,0,29.5423,5.84031,24.0015,0.84672,12.849,0.84672,3695.15,0,3.68392,0.0441336,0.227405,1.95242,3.11905,1.45458,3.80015,0.06048,3.68392,0.06048,456.806,0,0.905187,0,0,1.13259,0.227405,1.542240,1,0,27.8017,0,0,0,27.8017,0
696.025,3.45512,0,0,1.4959,0.0810813,0.36288,18.144,58.3014,0.877877,0,0,0.432242,0.295011,0,0.99792,12.849,1,0.063564,0.36288,0,26.9241,5.84031,21.3831,0.84672,12.849,0.84672,3695.15,0,3.68392,0.054775,0.227405,1.95273,2.90938,1.45458,3.58016,0.06048,3.68392,0.06048,456.806,0,0.730892,0,0,0.958297,0.227405,1.542240,1,0,24.9632,0,0,0,24.9632,0
693.598,3.68625,0,0,1.69763,0.075641,0.36288,18.144,57.8556,0.65539,0,0,0.523601,0.314089,0,0.99792,12.849,1,0.0680501,0.36288,0,27.0777,6.22494,21.1476,0.84672,12.849,0.84672,3695.15,0,3.68392,0.0414124,0.227405,1.95305,3.91472,1.52164,4.53213,0.06048,3.68392,0.06048,456.806,0,1.10959,0,0,1.337,0.227405,1.542240,1,0,25.6797,0,0,0,25.6797,0
691.14,3.68661,0,0,1.6834,0.0911789,0.36288,18.144,57.3279,0.718126,0,0,0.519028,0.328591,0,0.99792,12.849,1,0.068295,0.36288,0,26.7669,6.38883,20.6726,0.84672,12.849,0.84672,3695.15,0,3.68392,0.0457263,0.227405,2.10881,2.92118,1.54134,3.67033,0.06048,3.68392,0.06048,456.806,0,1.04237,0,0,1.26978,0.227405,1.542240,1,0,24.343,0,0,0,24.343,0
688.386,3.68697,0,0,1.38625,0.091148,0.36288,18.144,56.6173,0.834871,0,0,0.451749,0.32747,0,0.99792,12.849,1,0.0685446,0.36288,0,33.2294,6.38883,27.1349,0.84672,12.849,0.84672,3695.15,0,3.68392,0.0536493,0.204422,2.10916,2.60614,1.54134,3.32473,0.06048,3.68392,0.06048,456.806,0,0.917577,0,0,1.122,0.204422,1.542240,1,0,30.4597,0,0,0,30.4597,0
685.778,3.68731,0,0,1.53356,0.0911135,0.36288,18.144,56.4011,0.510764,0,0,0.620565,0.325961,0,0.99792,12.849,1,0.0688251,0.36288,0,28.4896,6.38883,22.3948,0.84672,12.849,0.84672,3695.15,0,3.68392,0.0332339,0.204422,2.1095,3.11438,1.54134,3.85373,0.06048,3.68392,0.06048,456.806,0,1.26435,0,0,1.46877,0.204422,1.542240,1,0,26.2486,0,0,0,26.2486,0
683.004,3.68765,0,0,1.377,0.100293,0.36288,18.144,56.47,0.254253,0,0,0.636453,0.313328,0,0.99792,12.849,1,0.0690932,0.36288,0,26.5782,6.03408,20.8379,0.84672,12.849,0.84672,3695.15,0,3.68392,0.0166069,0.4712,2.10984,3.78158,1.43127,4.91475,0.06048,3.68392,0.06048,456.806,0,1.54224,0,0,2.01344,0.4712,1.542240,1,0,25.7526,0,0,0,25.7526,0
679.779,3.57545,0,0,0.859965,0.146671,0.36288,18.144,55.9073,0.573503,0,0,0.297976,0.287179,0,0.99792,12.849,1,0.0672631,0.36288,0,17.2192,5.19949,12.3153,0.84672,12.849,0.84672,3695.15,0,3.68392,0.0374135,0.204422,2.11019,2.13296,1.27455,3.1356,0.06048,3.68392,0.06048,456.806,0,1.11057,0,0,1.31499,0.204422,1.542240,1,0,15.4509,0,0,0,15.4509,0
676.393,3.57572,0,0,0.699546,0.146606,0.36288,18.144,55.0123,0.854167,0,0,0.245256,0.286126,0,0.99792,12.849,1,0.0675872,0.36288,0,15.8122,5.19949,10.908,0.84672,12.849,0.84672,3695.15,0,3.68392,0.0562839,0.216518,2.02138,1.92723,1.27455,2.83429,0.06048,3.68392,0.06048,456.806,0,0.810216,0,0,1.02673,0.216518,1.542240,1,0,13.7423,0,0,0,13.7423,0
673.386,3.57597,0,0,1.1558,0.224546,0.36288,18.144,54.5641,0.593311,0,0,0.371397,0.226218,0,0.99792,12.849,1,0.0679303,0.36288,0,22.5118,4.36897,18.4378,0.84672,12.849,0.84672,3695.15,0,3.68392,0.0397313,0.216518,2.02171,2.55314,1.01496,3.73667,0.06048,3.68392,0.06048,456.806,0,1.08854,0,0,1.30506,0.216518,1.542240,1,0,22.1744,0,0,0,22.1744,0
671.742,3.57625,0,0,2.57816,0.282934,0.36288,18.144,54.7982,0.174642,0,0,0.590738,0.182006,0,0.99792,12.849,1,0.0682391,0.36288,0,57.5247,3.74609,54.0732,0.84672,12.849,0.84672,3695.15,0,3.68392,0.011791,0.270665,2.02204,5.45758,0.820267,6.91822,0.06048,3.68392,0.06048,456.806,0,1.54224,0,0,1.81291,0.270665,1.542240,1,0,60.9915,0,0,0,60.9915,0
668.874,3.48428,0,0,1.27451,0.295672,0.36288,18.144,54.5381,0.44252,0,0,0.39528,0.212888,0,0.99792,12.849,1,0.0666468,0.36288,0,29.8701,4.09543,26.0709,0.84672,12.849,0.84672,3695.15,0,3.68392,0.0297493,0.216518,2.02236,3.02676,0.968927,4.26696,0.06048,3.68392,0.06048,456.806,0,1.17238,0,0,1.3889,0.216518,1.542240,1,0,30.3379,0,0,0,30.3379,0
665.831,3.48456,0,0,1.1053,0.300673,0.36288,18.144,53.4496,1.12938,0,0,0.265621,0.224742,0,0.99792,12.849,1,0.0669381,0.36288,0,27.3267,4.23517,23.3874,0.84672,12.849,0.84672,3695.15,0,3.68392,0.06048,0.216518,1.94341,3.15535,1.02839,4.22641,0.06048,3.68392,0.06048,456.806,0,0.46452,0,0,0.681038,0.216518,1.542240,1,0,27.6139,0,0,0,27.6139,0
663.949,3.48483,0,0,2.26625,0.300547,0.36288,18.144,53.5725,0.240556,0,0,0.586489,0.223015,0,0.99792,12.849,1,0.0672492,0.36288,0,42.2109,4.23517,38.2713,0.84672,12.849,0.84672,3695.15,0,3.68392,0.0165799,0.292723,1.94373,4.51151,1.02839,5.70299,0.06048,3.68392,0.06048,456.806,0,1.39126,0,0,1.68398,0.292723,1.542240,1,0,43.9743,0,0,0,43.9743,0
664.326,3.48521,0,0,4.52571,0.300469,0.36288,18.144,54.3753,0.102668,0,0,1.12866,0.223233,0,0.99792,12.849,1,0.0674471,0.36288,0,77.811,4.23517,73.8712,0.84672,12.849,0.84672,3695.15,0,3.68392,0.00705995,2.10917,1.94405,7.25823,1.02839,10.276,0.06048,3.68392,0.06048,456.806,0,1.54224,0,0,3.65141,2.10917,1.542240,1,0,84.1472,0,0,0,84.1472,0
664.065,3.22329,0,0,3.64031,0.314871,0.36288,18.144,54.9031,0,0,0,0.743888,0.216026,0,0.99792,12.849,1,0.062343,0.36288,0,43.0106,4.08375,39.2274,0.84672,12.849,0.84672,3695.15,0,3.68392,0,0.718768,1.94436,5.87223,0.99149,7.54387,0.06048,3.68392,0.06048,456.806,0,1.48893,0,0,2.2077,0.718768,1.542240,1,0,46.7713,0,0,0,46.7713,0
662.585,3.22379,0,0,2.39246,0.285603,0.36288,18.144,55.2326,0,0,0,0.519359,0.189906,0,0.99792,12.849,1,0.0623772,0.36288,0,50.6263,4.31172,46.615,0.84672,12.849,0.84672,3695.15,0,3.68392,0,0.511796,1.76608,5.21513,1.09077,6.40223,0.06048,3.68392,0.06048,456.806,0,1.48918,0,0,2.00097,0.511796,1.542240,1,0,53.0173,0,0,0,53.0173,0
660.967,3.22418,0,0,2.25432,0.285545,0.36288,18.144,55.6961,0,0,0,0.653877,0.190318,0,0.99792,12.849,1,0.062524,0.36288,0,64.5395,4.31172,60.5281,0.84672,12.849,0.84672,3695.15,0,3.68392,0,0.958216,1.76637,7.73878,1.09077,9.37259,0.06048,3.68392,0.06048,456.806,0,1.48942,0,0,2.44763,0.958216,1.542240,1,0,69.9007,0,0,0,69.9007,0
659.888,3.22455,0,0,2.79704,0.288761,0.36288,18.144,56.1767,0,0,0,0.710198,0.229647,0,0.99792,12.849,1,0.0626844,0.36288,0,47.9145,4.9139,43.3008,0.84672,12.849,0.84672,3695.15,0,3.68392,0,1.22936,1.76665,6.82112,1.32828,8.48885,0.06048,3.68392,0.06048,456.806,0,1.48966,0,0,2.71902,1.22936,1.542240,1,0,51.7897,0,0,0,51.7897,0
658.746,3.22498,0,0,2.77797,0.331687,0.36288,18.144,56.5805,0,0,0,0.642703,0.238887,0,0.99792,12.849,1,0.0627951,0.36288,0,81.1966,5.16278,76.3339,0.84672,12.849,0.84672,3695.15,0,3.68392,0,1.14889,1.76694,9.02258,1.3186,10.6198,0.06048,3.68392,0.06048,456.806,0,1.4899,0,0,2.63879,1.14889,1.542240,1,0,86.9537,0,0,0,86.9537,0
664.205,3.32642,0,0,9.45537,0.307456,0.36288,18.144,58.7562,0,0,0,2.34871,0.173003,0,0.99792,12.849,1,0.0648825,0.36288,0,184.699,3.85707,181.14,0.84672,12.849,0.84672,3695.15,0,3.68392,0,3.33323,1.76723,15.8915,1.06483,19.9271,0.06048,3.68392,0.06048,456.806,0,1.53832,0,0,4.87154,3.33323,1.542240,1,0,201.067,0,0,0,201.067,0
664.931,3.32745,0,0,4.72435,0.307688,0.36288,18.144,59.9697,0,0,0,1.38894,0.175456,0,0.99792,12.849,1,0.0643692,0.36288,0,125.33,3.85707,121.772,0.84672,12.849,0.84672,3695.15,0,3.68392,0,1.66002,1.82403,9.03718,1.06483,11.4564,0.06048,3.68392,0.06048,456.806,0,1.53855,0,0,3.19857,1.66002,1.542240,1,0,133.228,0,0,0,133.228,0
665.512,3.32802,0,0,4.57969,0.307719,0.36288,18.144,61.308,0,0,0,2.70809,0.176824,1.19296,0.99792,12.849,1,0.06431,0.36288,0,116.974,3.85707,113.416,0.84672,12.849,0.84672,3695.15,0,3.68392,0,4.70153,1.82431,13.0987,1.06483,18.5597,0.06048,3.68392,0.06048,456.806,0,1.53879,0,0,6.24032,4.70153,1.542240,1,0,133.169,0,0,0,133.169,0
666.151,3.32858,0,0,4.6331,0.303051,0.36288,18.144,61.308,0,0,0,1.91657,0.18619,1.73038,0.99792,12.849,1,0.0642647,0.36288,0,96.9019,4.29199,92.9085,0.84672,12.849,0.84672,3695.15,0,3.68392,0,2.99853,1.82459,11.6545,0.966326,15.5113,0.06048,3.68392,0.06048,456.806,0,1.53902,0,0,4.53755,2.99853,1.542240,1,0,110.15,0,0,0,110.15,0
666.286,3.65387,0,0,4.45283,0.301433,0.36288,18.144,61.308,0.164015,0,0,2.36747,0.164366,2.03909,0.99792,12.849,1,0.0704773,0.36288,0,118.85,3.89996,115.243,0.84672,12.849,0.84672,3695.15,0,3.68392,0.00985545,1.82633,1.82487,9.81824,1.03175,12.4278,0.06048,3.68392,0.06048,456.806,0,1.54224,0,0,3.36857,1.82633,1.542240,1,0,129.709,0,0,0,129.709,0
667.613,3.65443,0,0,5.6241,0.279579,0.36288,18.144,61.308,0.164256,0,0,2.38608,0.146524,2.0753,0.99792,12.849,1,0.070474,0.36288,0,144.937,3.61011,141.619,0.84672,12.849,0.84672,3695.15,0,3.68392,0.00986993,3.6504,2.027,14.0181,1.05322,18.6324,0.06048,3.68392,0.06048,456.806,0,1.54224,0,0,5.19264,3.6504,1.542240,1,0,162.327,0,0,0,162.327,0
668.593,3.65513,0,0,5.31381,0.315504,0.36288,18.144,61.308,0.164497,0,0,1.87245,0.127682,1.58027,0.99792,12.849,1,0.0703473,0.36288,0,133.377,3.71954,129.95,0.84672,12.849,0.84672,3695.15,0,3.68392,0.0098844,2.86644,2.0273,10.4829,1.00531,14.3615,0.06048,3.68392,0.06048,456.806,0,1.54224,0,0,4.40868,2.86644,1.542240,1,0,145.892,0,0,0,145.892,0
672.786,3.65578,0,0,8.57625,0.365178,0.36288,18.144,61.308,0.164738,0,0,1.88298,0.168151,1.5501,0.99792,12.849,1,0.0702567,0.36288,0,185.131,3.63122,181.792,0.84672,12.849,0.84672,3695.15,0,3.68392,0.00989888,3.39684,2.02761,12.8615,1.05809,17.218,0.06048,3.68392,0.06048,456.806,0,1.54224,0,0,4.93908,3.39684,1.542240,1,0,200.56,0,0,0,200.56,0
673.23,3.19325,0,0,4.34453,0.343956,0.36288,18.144,61.308,0,0,0,1.68441,0.162866,1.52155,0.99792,12.849,1,0.0609854,0.36288,0,126.146,3.61154,122.836,0.84672,12.849,0.84672,3695.15,0,3.68392,0,1.73946,2.02792,11.1441,1.05708,13.8544,0.06048,3.68392,0.06048,456.806,0,1.47825,0,0,3.21772,1.73946,1.542240,1,0,138.212,0,0,0,138.212,0
673.325,3.19378,0,0,3.97915,0.327901,0.36288,18.144,61.308,0,0,0,1.95712,0.158901,1.79821,0.99792,12.849,1,0.0609551,0.36288,0,97.5171,3.59678,94.2222,0.84672,12.849,0.84672,3695.15,0,3.68392,0,1.58769,1.75194,11.9842,1.05632,14.2675,0.06048,3.68392,0.06048,456.806,0,1.47848,0,0,3.06616,1.58769,1.542240,1,0,110.288,0,0,0,110.288,0
675.571,3.19427,0,0,6.13168,0.327905,0.36288,18.144,61.308,0,0,0,2.80039,0.158901,2.64149,0.99792,12.849,1,0.060956,0.36288,0,177.762,3.59678,174.467,0.84672,12.849,0.84672,3695.15,0,3.68392,0,3.47903,1.75221,16.7655,1.05632,20.9404,0.06048,3.68392,0.06048,456.806,0,1.4787,0,0,4.95774,3.47903,1.542240,1,0,198.049,0,0,0,198.049,0
678.364,3.19495,0,0,6.67405,0.323258,0.36288,18.144,61.308,0,0,0,2.79153,0.118812,2.67272,0.99792,12.849,1,0.0607663,0.36288,0,199.38,2.96919,196.713,0.84672,12.849,0.84672,3695.15,0,3.68392,0,3.60218,1.75247,19.4645,0.948836,23.8704,0.06048,3.68392,0.06048,456.806,0,1.47893,0,0,5.08111,3.60218,1.542240,1,0,223.256,0,0,0,223.256,0
680.539,3.19568,0,0,6.05802,0.3242,0.36288,18.144,61.308,0,0,0,2.3607,0.128127,2.23257,0.99792,12.849,1,0.0605299,0.36288,0,215.768,2.98648,213.083,0.84672,12.849,0.84672,3695.15,0,3.68392,0,3.22336,1.75274,17.4588,0.954822,21.48,0.06048,3.68392,0.06048,456.806,0,1.47915,0,0,4.70251,3.22336,1.542240,1,0,236.796,0,0,0,236.796,0
681.682,3.31315,0,0,5.14744,0.329202,0.36288,18.144,61.308,0,0,0,1.82848,0.184021,1.64446,0.99792,12.849,1,0.0625542,0.36288,0,142.126,3.09025,139.336,0.84672,12.849,0.84672,3695.15,0,3.68392,0,2.1736,1.75301,14.1965,0.990733,17.1323,0.06048,3.68392,0.06048,456.806,0,1.53888,0,0,3.71248,2.1736,1.542240,1,0,158.113,0,0,0,158.113,0
683.112,3.31375,0,0,5.43634,0.329254,0.36288,18.144,61.308,0,0,0,2.66242,0.184021,2.4784,0.99792,12.849,1,0.0624609,0.36288,0,163.689,3.09025,160.899,0.84672,12.849,0.84672,3695.15,0,3.68392,0,3.14413,1.82154,16.9059,0.990733,20.8808,0.06048,3.68392,0.06048,456.806,0,1.53911,0,0,4.68323,3.14413,1.542240,1,0,184.259,0,0,0,184.259,0
683.746,3.31439,0,0,4.64092,0.329319,0.36288,18.144,61.308,0,0,0,2.12505,0.184021,1.94103,0.99792,12.849,1,0.0623419,0.36288,0,127.221,3.09025,124.432,0.84672,12.849,0.84672,3695.15,0,3.68392,0,2.32339,1.82182,12.2365,0.990733,15.391,0.06048,3.68392,0.06048,456.806,0,1.53934,0,0,3.86273,2.32339,1.542240,1,0,141.764,0,0,0,141.764,0
683.491,3.31495,0,0,3.71443,0.291827,0.36288,18.144,61.308,0,0,0,1.49469,0.179859,1.31484,0.99792,12.849,1,0.0622946,0.36288,0,106.848,3.33738,103.811,0.84672,12.849,0.84672,3695.15,0,3.68392,0,1.24673,1.82209,8.54384,1.0068,10.6059,0.06048,3.68392,0.06048,456.806,0,1.53958,0,0,2.7863,1.24673,1.542240,1,0,115.732,0,0,0,115.732,0
683.048,3.26973,0,0,3.44234,0.252702,0.36288,18.144,61.308,0,0,0,1.30473,0.235139,1.06959,0.99792,12.849,1,0.0614679,0.36288,0,100.229,4.27269,96.2579,0.84672,12.849,0.84672,3695.15,0,3.68392,0,1.43707,1.82237,8.98828,1.16614,11.0816,0.06048,3.68392,0.06048,456.806,0,1.51669,0,0,2.95376,1.43707,1.542240,1,0,108.409,0,0,0,108.409,0
682.261,3.27019,0,0,3.09439,0.248669,0.36288,18.144,61.308,0,0,0,1.17356,0.244629,0.928933,0.99792,12.849,1,0.0615164,0.36288,0,86.4294,4.4121,82.3186,0.84672,12.849,0.84672,3695.15,0,3.68392,0,1.13507,1.79606,7.98224,1.19163,9.72174,0.06048,3.68392,0.06048,456.806,0,1.51692,0,0,2.65199,1.13507,1.542240,1,0,92.9693,0,0,0,92.9693,0
681.187,3.27062,0,0,2.80381,0.244345,0.36288,18.144,61.308,0,0,0,1.05222,0.238941,0.813282,0.99792,12.849,1,0.0615954,0.36288,0,76.1486,4.29414,72.1558,0.84672,12.849,0.84672,3695.15,0,3.68392,0,0.893965,1.79633,7.30106,1.16171,8.82965,0.06048,3.68392,0.06048,456.806,0,1.51715,0,0,2.41111,0.893965,1.542240,1,0,81.7987,0,0,0,81.7987,0
679.904,3.27102,0,0,2.57,0.218532,0.36288,18.144,61.308,0,0,0,0.994438,0.204808,0.78963,0.99792,12.849,1,0.0617001,0.36288,0,73.3182,3.58638,70.033,0.84672,12.849,0.84672,3695.15,0,3.68392,0,0.776395,1.7966,6.64796,0.982201,8.23876,0.06048,3.68392,0.06048,456.806,0,1.51738,0,0,2.29377,0.776395,1.542240,1,0,79.0614,0,0,0,79.0614,0
678.607,3.42658,0,0,2.69015,0.198415,0.36288,18.144,61.308,0.0529086,0,0,0.980657,0.21376,0.713989,0.99792,12.849,1,0.0647564,0.36288,0,65.0359,3.813,61.521,0.84672,12.849,0.84672,3695.15,0,3.68392,0.00317921,1.4707,1.79688,7.08636,1.00664,9.34411,0.06048,3.68392,0.06048,456.806,0,1.54224,0,0,3.01294,1.4707,1.542240,1,0,71.5791,0,0,0,71.5791,0
677.079,3.42698,0,0,2.4342,0.171614,0.36288,18.144,61.308,0.0531323,0,0,0.911848,0.225696,0.63302,0.99792,12.849,1,0.0648878,0.36288,0,58.1065,4.11516,54.2893,0.84672,12.849,0.84672,3695.15,0,3.68392,0.00319265,0.857459,1.89017,6.42764,1.03923,8.13285,0.06048,3.68392,0.06048,456.806,0,1.54224,0,0,2.3997,0.857459,1.542240,1,0,63.0552,0,0,0,63.0552,0
675.33,3.42736,0,0,2.21278,0.171578,0.36288,18.144,61.308,0.0533562,0,0,0.786672,0.225696,0.50762,0.99792,12.849,1,0.0650413,0.36288,0,54.2709,4.11516,50.4535,0.84672,12.849,0.84672,3695.15,0,3.68392,0.00320611,0.398632,1.89046,5.94348,1.03923,7.19014,0.06048,3.68392,0.06048,456.806,0,1.54224,0,0,1.94087,0.398632,1.542240,1,0,58.1513,0,0,0,58.1513,0
673.327,3.42772,0,0,1.95886,0.171536,0.36288,18.144,61.308,0.0535801,0,0,0.770316,0.225696,0.49104,0.99792,12.849,1,0.0652165,0.36288,0,46.0185,4.11516,42.201,0.84672,12.849,0.84672,3695.15,0,3.68392,0.00321956,0.542402,1.89075,5.884,1.03923,7.2747,0.06048,3.68392,0.06048,456.806,0,1.54224,0,0,2.08464,0.542402,1.542240,1,0,49.9667,0,0,0,49.9667,0
671.32,3.42804,0,0,1.91047,0.126979,0.36288,18.144,61.308,0.0538039,0,0,0.814376,0.260961,0.499612,0.99792,12.849,1,0.0654169,0.36288,0,47.0109,4.70554,42.6029,0.84672,12.849,0.84672,3695.15,0,3.68392,0.00323301,0.758099,1.89103,5.49482,1.18555,6.95517,0.06048,3.68392,0.06048,456.806,0,1.54224,0,0,2.30034,0.758099,1.542240,1,0,50.0576,0,0,0,50.0576,0
669.715,3.39767,0,0,2.2862,0.130311,0.36288,18.144,61.308,0.095613,0,0,0.998663,0.28383,0.61922,0.99792,12.849,1,0.0650311,0.36288,0,68.2214,5.2165,63.3028,0.84672,12.849,0.84672,3695.15,0,3.68392,0.00574526,0.903623,1.89132,4.99802,1.31327,6.47395,0.06048,3.68392,0.06048,456.806,0,1.54224,0,0,2.44586,0.903623,1.542240,1,0,70.396,0,0,0,70.396,0
667.999,3.39803,0,0,2.1754,0.130282,0.36288,18.144,61.308,0.0958433,0,0,0.928999,0.28383,0.549326,0.99792,12.849,1,0.0651938,0.36288,0,61.8415,5.2165,56.9227,0.84672,12.849,0.84672,3695.15,0,3.68392,0.0057591,0.814985,1.92061,4.75901,1.31327,6.17558,0.06048,3.68392,0.06048,456.806,0,1.54224,0,0,2.35723,0.814985,1.542240,1,0,63.6476,0,0,0,63.6476,0
666.116,3.39838,0,0,2.00796,0.130251,0.36288,18.144,61.308,0.0960735,0,0,0.830771,0.28383,0.450867,0.99792,12.849,1,0.0653681,0.36288,0,58.5208,5.2165,53.6018,0.84672,12.849,0.84672,3695.15,0,3.68392,0.00577293,0.697654,1.9209,4.45147,1.31327,5.75098,0.06048,3.68392,0.06048,456.806,0,1.54224,0,0,2.23989,0.697654,1.542240,1,0,59.8036,0,0,0,59.8036,0
664.143,3.39872,0,0,1.91918,0.130217,0.36288,18.144,61.308,0.0963038,0,0,0.813093,0.28383,0.432959,0.99792,12.849,1,0.0655593,0.36288,0,54.8697,5.2165,49.9505,0.84672,12.849,0.84672,3695.15,0,3.68392,0.00578678,0.521631,1.9212,4.24143,1.31327,5.3652,0.06048,3.68392,0.06048,456.806,0,1.54224,0,0,2.06387,0.521631,1.542240,1,0,55.7487,0,0,0,55.7487,0
661.935,3.47837,0,0,1.73375,0.100427,0.36288,18.144,61.308,0.281684,0,0,0.842979,0.319723,0.241572,0.99792,12.849,1,0.0672951,0.36288,0,51.4706,5.78085,45.9853,0.84672,12.849,0.84672,3695.15,0,3.68392,0.016926,0.261274,1.92149,3.7172,1.43497,4.44806,0.06048,3.68392,0.06048,456.806,0,1.38229,0,0,1.64356,0.261274,1.542240,1,0,50.6749,0,0,0,50.6749,0
659.573,3.47868,0,0,1.57205,0.0929597,0.36288,18.144,61.308,0.240355,0,0,0.713388,0.32889,0.144143,0.99792,12.849,1,0.0675255,0.36288,0,48.751,5.95686,43.0895,0.84672,12.849,0.84672,3695.15,0,3.68392,0.0144426,0.261274,1.96803,3.65988,1.47534,4.39939,0.06048,3.68392,0.06048,456.806,0,1.42711,0,0,1.68839,0.261274,1.542240,1,0,47.6331,0,0,0,47.6331,0
657.109,3.47897,0,0,1.47106,0.0929293,0.36288,18.144,61.308,0.276377,0,0,0.660372,0.32889,0.0551059,0.99792,12.849,1,0.067773,0.36288,0,44.0096,5.95686,38.3478,0.84672,12.849,0.84672,3695.15,0,3.68392,0.0166071,0.227405,1.96832,3.26641,1.47534,3.97019,0.06048,3.68392,0.06048,456.806,0,1.38852,0,0,1.61592,0.227405,1.542240,1,0,42.3731,0,0,0,42.3731,0
654.524,3.47924,0,0,1.35053,0.0928977,0.36288,18.144,61.2322,0.399982,0,0,0.653115,0.32889,0,0.99792,12.849,1,0.0680326,0.36288,0,40.2301,5.95686,34.5681,0.84672,12.849,0.84672,3695.15,0,3.68392,0.0240344,0.227405,1.96862,3.19468,1.47534,3.89134,0.06048,3.68392,0.06048,456.806,0,1.25581,0,0,1.48321,0.227405,1.542240,1,0,38.4594,0,0,0,38.4594,0
651.89,3.71189,0,0,1.52298,0.0822818,0.36288,18.144,61.308,0.268472,0,0,0.787804,0.315934,0.127641,0.99792,12.849,1,0.0728683,0.36288,0,42.9261,5.90542,37.3107,0.84672,12.849,0.84672,3695.15,0,3.68392,0.0161521,0.396481,1.96892,4.40199,1.51571,5.23552,0.06048,3.68392,0.06048,456.806,0,1.54224,0,0,1.93872,0.396481,1.542240,1,0,42.6739,0,0,0,42.6739,0
648.877,3.71217,0,0,1.15266,0.0905768,0.36288,18.144,61.308,0.282815,0,0,0.706493,0.305741,0.117937,0.99792,12.849,1,0.0731681,0.36288,0,42.3236,5.2816,37.3318,0.84672,12.849,0.84672,3695.15,0,3.68392,0.016994,0.227405,2.12592,2.87416,1.48757,3.72292,0.06048,3.68392,0.06048,456.806,0,1.52705,0,0,1.75446,0.227405,1.542240,1,0,41.1726,0,0,0,41.1726,0
645.802,3.7124,0,0,1.0902,0.090539,0.36288,18.144,61.2887,0.363343,0,0,0.64978,0.305741,0,0.99792,12.849,1,0.0735124,0.36288,0,38.0366,5.2816,33.0443,0.84672,12.849,0.84672,3695.15,0,3.68392,0.0218328,0.204422,2.12625,2.84157,1.48757,3.66284,0.06048,3.68392,0.06048,456.806,0,1.44047,0,0,1.64489,0.204422,1.542240,1,0,36.7072,0,0,0,36.7072,0
643.141,3.71262,0,0,1.50553,0.0905004,0.36288,18.144,61.308,0.26926,0,0,0.719617,0.305704,0.125348,0.99792,12.849,1,0.0738669,0.36288,0,40.7997,5.2816,35.8071,0.84672,12.849,0.84672,3695.15,0,3.68392,0.0161846,0.324458,2.12657,3.16768,1.48757,4.11496,0.06048,3.68392,0.06048,456.806,0,1.54224,0,0,1.8667,0.324458,1.542240,1,0,40.0474,0,0,0,40.0474,0
641.139,3.71288,0,0,2.19195,0.11824,0.36288,18.144,61.308,0.269524,0,0,0.9579,0.298371,0.390005,0.99792,12.849,1,0.0741778,0.36288,0,68.0823,5.14169,63.2294,0.84672,12.849,0.84672,3695.15,0,3.68392,0.0161953,0.557876,2.12689,3.52268,1.46521,4.72605,0.06048,3.68392,0.06048,456.806,0,1.54224,0,0,2.10012,0.557876,1.542240,1,0,68.3454,0,0,0,68.3454,0
638.117,3.59992,0,0,1.08759,0.147449,0.36288,18.144,61.308,0.188424,0,0,0.832954,0.272073,0.372456,0.99792,12.849,1,0.0721456,0.36288,0,29.2604,4.70883,24.8423,0.84672,12.849,0.84672,3695.15,0,3.68392,0.0113222,1.16293,2.12721,3.32742,1.33522,5.27101,0.06048,3.68392,0.06048,456.806,0,1.54224,0,0,2.70517,1.16293,1.542240,1,0,30.4858,0,0,0,30.4858,0
634.928,3.60013,0,0,0.922182,0.147387,0.36288,18.144,60.9938,0.494297,0,0,0.452219,0.272073,0,0.99792,12.849,1,0.0724916,0.36288,0,29.2194,4.70883,24.8009,0.84672,12.849,0.84672,3695.15,0,3.68392,0.0297017,0.216518,2.03767,2.46113,1.33522,3.35039,0.06048,3.68392,0.06048,456.806,0,1.21321,0,0,1.42973,0.216518,1.542240,1,0,28.1513,0,0,0,28.1513,0
631.863,3.60032,0,0,1.08405,0.186103,0.36288,18.144,60.7514,0.460646,0,0,0.459448,0.241271,0,0.99792,12.849,1,0.0728594,0.36288,0,29.4327,4.29357,25.4291,0.84672,12.849,0.84672,3695.15,0,3.68392,0.0278222,0.216518,2.03798,2.5702,1.20543,3.59145,0.06048,3.68392,0.06048,456.806,0,1.24935,0,0,1.46587,0.216518,1.542240,1,0,29.0206,0,0,0,29.0206,0
630.671,3.60052,0,0,3.05421,0.282934,0.36288,18.144,61.308,0.189021,0,0,1.11536,0.165361,0.204363,0.99792,12.849,1,0.0732169,0.36288,0,94.0426,3.25542,91.0768,0.84672,12.849,0.84672,3695.15,0,3.68392,0.0114621,0.863006,2.03828,6.84117,0.880938,8.85006,0.06048,3.68392,0.06048,456.806,0,1.54224,0,0,2.40525,0.863006,1.542240,1,0,100.131,0,0,0,100.131,0
628.275,3.50791,0,0,1.79585,0.321152,0.36288,18.144,61.308,0.115302,0,0,0.68795,0.187518,0.38513,0.99792,12.849,1,0.0714685,0.36288,0,57.6288,4.08156,53.8387,0.84672,12.849,0.84672,3695.15,0,3.68392,0.00692836,0.575631,2.03859,4.41063,0.964731,6.0532,0.06048,3.68392,0.06048,456.806,0,1.54224,0,0,2.11787,0.575631,1.542240,1,0,60.277,0,0,0,60.277,0
625.116,3.50817,0,0,1.06157,0.349734,0.36288,18.144,60.6053,0.93254,0,0,0.433504,0.203699,0,0.99792,12.849,1,0.0717465,0.36288,0,34.5254,4.70117,30.1154,0.84672,12.849,0.84672,3695.15,0,3.68392,0.0560352,0.216518,1.95899,3.84096,1.02758,4.93286,0.06048,3.68392,0.06048,456.806,0,0.668874,0,0,0.885393,0.216518,1.542240,1,0,35.0483,0,0,0,35.0483,0
623.214,3.50835,0,0,2.31864,0.34958,0.36288,18.144,60.9488,0.206465,0,0,0.752759,0.202794,0,0.99792,12.849,1,0.0721127,0.36288,0,48.7198,4.70117,44.3094,0.84672,12.849,0.84672,3695.15,0,3.68392,0.0125501,0.292723,1.95928,5.49517,1.02758,6.70705,0.06048,3.68392,0.06048,456.806,0,1.44394,0,0,1.73667,0.292723,1.542240,1,0,51.0165,0,0,0,51.0165,0
623.927,3.50867,0,0,4.93465,0.349488,0.36288,18.144,61.308,0.115948,0,0,1.56028,0.203236,0.881862,0.99792,12.849,1,0.0723394,0.36288,0,106.471,4.70117,102.06,0.84672,12.849,0.84672,3695.15,0,3.68392,0.00700821,2.60847,1.95958,8.92019,1.02758,12.4537,0.06048,3.68392,0.06048,456.806,0,1.54224,0,0,4.15071,2.60847,1.542240,1,0,115.396,0,0,0,115.396,0
622.864,3.24499,0,0,2.87385,0.328642,0.36288,18.144,61.308,0,0,0,0.943091,0.203215,0.739875,0.99792,12.849,1,0.0668265,0.36288,0,48.1911,3.98273,44.5044,0.84672,12.849,0.84672,3695.15,0,3.68392,0,1.1057,1.95988,4.66469,0.853291,6.87698,0.06048,3.68392,0.06048,456.806,0,1.5008,0,0,2.6065,1.1057,1.542240,1,0,52.1213,0,0,0,52.1213,0
621.231,3.24537,0,0,2.27653,0.301717,0.36288,18.144,61.308,0,0,0,0.806465,0.185418,0.621047,0.99792,12.849,1,0.0669484,0.36288,0,35.6704,3.72925,32.2371,0.84672,12.849,0.84672,3695.15,0,3.68392,0,1.39424,1.78015,5.37144,0.885619,7.66021,0.06048,3.68392,0.06048,456.806,0,1.50103,0,0,2.89526,1.39424,1.542240,1,0,40.5183,0,0,0,40.5183,0
620.435,3.24569,0,0,3.10802,0.295644,0.36288,18.144,61.308,0,0,0,0.892253,0.178403,0.71385,0.99792,12.849,1,0.067131,0.36288,0,48.7339,3.74672,45.283,0.84672,12.849,0.84672,3695.15,0,3.68392,0,1.26217,1.78042,7.44128,0.976441,9.50743,0.06048,3.68392,0.06048,456.806,0,1.50125,0,0,2.76343,1.26217,1.542240,1,0,55.5042,0,0,0,55.5042,0
620.533,3.2461,0,0,4.00229,0.295611,0.36288,18.144,61.308,0,0,0,0.973624,0.178403,0.795222,0.99792,12.849,1,0.0672256,0.36288,0,83.4598,3.74672,80.0087,0.84672,12.849,0.84672,3695.15,0,3.68392,0,1.22818,1.78069,9.17724,0.976441,11.2097,0.06048,3.68392,0.06048,456.806,0,1.50148,0,0,2.72966,1.22818,1.542240,1,0,92.0136,0,0,0,92.0136,0
619.758,3.2466,0,0,3.1306,0.295615,0.36288,18.144,61.308,0,0,0,0.961373,0.178403,0.78297,0.99792,12.849,1,0.0672255,0.36288,0,65.7654,3.74672,62.3143,0.84672,12.849,0.84672,3695.15,0,3.68392,0,0.748838,1.78096,7.41642,0.976441,8.96978,0.06048,3.68392,0.06048,456.806,0,1.50171,0,0,2.25055,0.748838,1.542240,1,0,72.067,0,0,0,72.067,0
620.552,3.34871,0,0,4.83316,0.327698,0.36288,18.144,61.308,0.00760309,0,0,2.05212,0.207238,1.83728,0.99792,12.849,1,0.0694264,0.36288,0,131.243,3.8837,127.653,0.84672,12.849,0.84672,3695.15,0,3.68392,0.00045686,0.685567,1.78123,9.21352,0.918057,10.7618,0.06048,3.68392,0.06048,456.806,0,1.54224,0,0,2.22781,0.685567,1.542240,1,0,140.252,0,0,0,140.252,0
625.793,3.34927,0,0,9.27487,0.321339,0.36288,18.144,61.308,0.00780499,0,0,3.21172,0.24584,2.95808,0.99792,12.849,1,0.0693492,0.36288,0,139.586,5.06614,134.813,0.84672,12.849,0.84672,3695.15,0,3.68392,0.000468992,1.95167,1.83847,12.9847,1.17679,15.5976,0.06048,3.68392,0.06048,456.806,0,1.54224,0,0,3.49391,1.95167,1.542240,1,0,153.369,0,0,0,153.369,0
626.847,3.35031,0,0,5.08893,0.321573,0.36288,18.144,61.308,0.00800689,0,0,1.82861,0.24584,1.57477,0.99792,12.849,1,0.0687898,0.36288,0,128.253,5.06614,123.481,0.84672,12.849,0.84672,3695.15,0,3.68392,0.000481124,1.28433,1.83873,7.18805,1.17679,9.13383,0.06048,3.68392,0.06048,456.806,0,1.54224,0,0,2.82657,1.28433,1.542240,1,0,134.19,0,0,0,134.19,0
633.699,3.3509,0,0,10.8872,0.32162,0.36288,18.144,61.308,0.00820878,0,0,1.40666,0.24584,1.15261,0.99792,12.849,1,0.0686861,0.36288,0,102.499,5.06614,97.727,0.84672,12.849,0.84672,3695.15,0,3.68392,0.000493255,0.72106,1.83899,6.82436,1.17679,8.20713,0.06048,3.68392,0.06048,456.806,0,1.54224,0,0,2.2633,0.72106,1.542240,1,0,107.087,0,0,0,107.087,0
637.449,3.67906,0,0,8.12677,0.335268,0.36288,18.144,61.308,0.176491,0,0,1.90425,0.256985,1.47077,0.99792,12.849,1,0.0745972,0.36288,0,128.968,5.11908,124.137,0.84672,12.849,0.84672,3695.15,0,3.68392,0.0106051,0.833449,1.83925,10.3272,1.19332,11.796,0.06048,3.68392,0.06048,456.806,0,1.54224,0,0,2.37569,0.833449,1.542240,1,0,137.404,0,0,0,137.404,0
638.55,3.68001,0,0,5.51407,0.370069,0.36288,18.144,61.308,0.176717,0,0,1.78249,0.229043,1.37673,0.99792,12.849,1,0.0741776,0.36288,0,105.329,4.60587,101.012,0.84672,12.849,0.84672,3695.15,0,3.68392,0.0106187,0.923988,2.04295,7.6896,0.971361,9.67456,0.06048,3.68392,0.06048,456.806,0,1.54224,0,0,2.46623,0.923988,1.542240,1,0,112.064,0,0,0,112.064,0
641.184,3.68065,0,0,7.04949,0.371826,0.36288,18.144,61.308,0.176942,0,0,1.82475,0.223436,1.42437,0.99792,12.849,1,0.0740627,0.36288,0,136.61,4.53905,132.36,0.84672,12.849,0.84672,3695.15,0,3.68392,0.0106322,1.14724,2.04324,7.68588,0.945576,9.92015,0.06048,3.68392,0.06048,456.806,0,1.54224,0,0,2.68948,1.14724,1.542240,1,0,143.705,0,0,0,143.705,0
642.756,3.68147,0,0,5.98795,0.371962,0.36288,18.144,61.308,0.177168,0,0,2.33482,0.223436,1.93422,0.99792,12.849,1,0.0737748,0.36288,0,114.529,4.53905,110.279,0.84672,12.849,0.84672,3695.15,0,3.68392,0.0106458,1.29857,2.04353,8.59706,0.945576,10.9829,0.06048,3.68392,0.06048,456.806,0,1.54224,0,0,2.84081,1.29857,1.542240,1,0,123.196,0,0,0,123.196,0
647.133,3.21543,0,0,8.33364,0.378438,0.36288,18.144,61.308,0,0,0,4.3227,0.207106,4.11559,0.99792,12.849,1,0.064278,0.36288,0,184.377,4.28808,180.387,0.84672,12.849,0.84672,3695.15,0,3.68392,0,3.33412,2.04382,16.824,0.929612,21.2723,0.06048,3.68392,0.06048,456.806,0,1.48982,0,0,4.82395,3.33412,1.542240,1,0,205.775,0,0,0,205.775,0
654.841,3.21631,0,0,11.6745,0.3872,0.36288,18.144,61.308,0,0,0,5.50187,0.185333,5.31653,0.99792,12.849,1,0.0638608,0.36288,0,279.786,3.95346,276.131,0.84672,12.849,0.84672,3695.15,0,3.68392,0,5.10462,1.76566,21.4287,0.908326,27.3906,0.06048,3.68392,0.06048,456.806,0,1.49003,0,0,6.59465,5.10462,1.542240,1,0,308.838,0,0,0,308.838,0
661.302,3.2175,0,0,10.4297,0.387614,0.36288,18.144,61.308,0,0,0,4.69613,0.185333,4.5108,0.99792,12.849,1,0.0631324,0.36288,0,217.71,3.95346,214.056,0.84672,12.849,0.84672,3695.15,0,3.68392,0,3.3265,1.7659,18.2754,0.908326,22.4595,0.06048,3.68392,0.06048,456.806,0,1.49024,0,0,4.81675,3.3265,1.542240,1,0,241.026,0,0,0,241.026,0
668.153,3.21856,0,0,10.8201,0.38796,0.36288,18.144,61.308,0,0,0,4.33534,0.185333,4.15,0.99792,12.849,1,0.0625361,0.36288,0,228.903,3.95346,225.25,0.84672,12.849,0.84672,3695.15,0,3.68392,0,3.52714,1.76615,20.639,0.908326,25.0239,0.06048,3.68392,0.06048,456.806,0,1.49046,0,0,5.01759,3.52714,1.542240,1,0,254.424,0,0,0,254.424,0
674.198,3.21965,0,0,9.94844,0.32087,0.36288,18.144,61.308,0,0,0,3.78588,0.149235,3.63664,0.99792,12.849,1,0.0619158,0.36288,0,228.748,3.43029,225.619,0.84672,12.849,0.84672,3695.15,0,3.68392,0,3.27556,1.7664,19.389,0.833173,23.5978,0.06048,3.68392,0.06048,456.806,0,1.49067,0,0,4.76622,3.27556,1.542240,1,0,252.853,0,0,0,252.853,0
679.981,3.33832,0,0,9.78748,0.303862,0.36288,18.144,61.308,0.00792263,0,0,8.41349,0.155243,8.25033,0.99792,12.849,1,0.0636224,0.36288,0,211.702,3.7318,208.269,0.84672,12.849,0.84672,3695.15,0,3.68392,0.000476061,6.20604,1.76665,24.2371,0.883791,31.3255,0.06048,3.68392,0.06048,456.806,0,1.54224,0,0,7.74828,6.20604,1.542240,1,0,247.845,0,0,0,247.845,0
685.115,3.33932,0,0,9.1406,0.304105,0.36288,18.144,61.308,0.00812442,0,0,4.7455,0.155243,4.58214,0.99792,12.849,1,0.0631003,0.36288,0,181.975,3.7318,178.543,0.84672,12.849,0.84672,3695.15,0,3.68392,0.000488186,4.19297,1.8357,16.4901,0.883791,21.6345,0.06048,3.68392,0.06048,456.806,0,1.54224,0,0,5.73521,4.19297,1.542240,1,0,204.759,0,0,0,204.759,0
688.81,3.34026,0,0,7.66912,0.271399,0.36288,18.144,61.308,0.00832632,0,0,3.94062,0.164835,3.76746,0.99792,12.849,1,0.062645,0.36288,0,154.045,3.74185,150.604,0.84672,12.849,0.84672,3695.15,0,3.68392,0.000500318,3.19639,1.83596,15.4466,0.896856,19.5816,0.06048,3.68392,0.06048,456.806,0,1.54224,0,0,4.73863,3.19639,1.542240,1,0,173.953,0,0,0,173.953,0
692.027,3.34106,0,0,7.11072,0.189191,0.36288,18.144,61.308,0.0085281,0,0,3.80009,0.188815,3.60275,0.99792,12.849,1,0.0623239,0.36288,0,151.979,3.76698,148.513,0.84672,12.849,0.84672,3695.15,0,3.68392,0.000512443,2.92218,1.83622,15.2434,0.929518,19.0717,0.06048,3.68392,0.06048,456.806,0,1.54224,0,0,4.46442,2.92218,1.542240,1,0,171.187,0,0,0,171.187,0
694.374,3.29576,0,0,6.20634,0.20068,0.36288,18.144,61.308,0,0,0,3.09993,0.191526,2.9084,0.99792,12.849,1,0.061193,0.36288,0,126.646,3.80658,123.141,0.84672,12.849,0.84672,3695.15,0,3.68392,0,2.11579,1.83648,13.0935,0.960194,16.0856,0.06048,3.68392,0.06048,456.806,0,1.52841,0,0,3.64421,2.11579,1.542240,1,0,142.135,0,0,0,142.135,0
696.21,3.29643,0,0,5.70966,0.21464,0.36288,18.144,61.308,0,0,0,2.56872,0.202288,2.36643,0.99792,12.849,1,0.0609985,0.36288,0,118.35,4.12686,114.525,0.84672,12.849,0.84672,3695.15,0,3.68392,0,1.70308,1.80994,12.1675,0.972995,14.7076,0.06048,3.68392,0.06048,456.806,0,1.52863,0,0,3.23171,1.70308,1.542240,1,0,131.599,0,0,0,131.599,0
697.47,3.29705,0,0,5.0857,0.165972,0.36288,18.144,61.308,0,0,0,2.16727,0.221267,1.94601,0.99792,12.849,1,0.0608492,0.36288,0,105.082,4.36747,101.017,0.84672,12.849,0.84672,3695.15,0,3.68392,0,1.79543,1.8102,11.0197,0.980571,13.6448,0.06048,3.68392,0.06048,456.806,0,1.52884,0,0,3.32427,1.79543,1.542240,1,0,116.608,0,0,0,116.608,0
698.465,3.29762,0,0,4.8214,0.166001,0.36288,18.144,61.308,0,0,0,2.08138,0.221267,1.86011,0.99792,12.849,1,0.0607498,0.36288,0,98.5608,4.36747,94.4955,0.84672,12.849,0.84672,3695.15,0,3.68392,0,1.67917,1.81046,10.3376,0.980571,12.8466,0.06048,3.68392,0.06048,456.806,0,1.52906,0,0,3.20823,1.67917,1.542240,1,0,109.202,0,0,0,109.202,0
698.982,3.45463,0,0,4.49361,0.15894,0.36288,18.144,61.308,0.0642404,0,0,1.92457,0.202049,1.65828,0.99792,12.849,1,0.0635516,0.36288,0,88.4762,4.25009,84.5254,0.84672,12.849,0.84672,3695.15,0,3.68392,0.00386012,1.62588,1.81071,9.74454,0.954247,12.223,0.06048,3.68392,0.06048,456.806,0,1.54224,0,0,3.16812,1.62588,1.542240,1,0,98.4067,0,0,0,98.4067,0
699.463,3.45516,0,0,4.44009,0.14124,0.36288,18.144,61.308,0.06445,0,0,1.84419,0.154006,1.62573,0.99792,12.849,1,0.0635144,0.36288,0,80.1386,3.95661,76.4814,0.84672,12.849,0.84672,3695.15,0,3.68392,0.00387272,1.41242,1.9047,9.18864,0.888437,11.6135,0.06048,3.68392,0.06048,456.806,0,1.54224,0,0,2.95466,1.41242,1.542240,1,0,89.7205,0,0,0,89.7205,0
699.71,3.45569,0,0,4.2076,0.14125,0.36288,18.144,61.308,0.0646597,0,0,1.53364,0.154006,1.31498,0.99792,12.849,1,0.0634805,0.36288,0,74.0966,3.95661,70.4394,0.84672,12.849,0.84672,3695.15,0,3.68392,0.00388532,0.98286,1.90497,8.59671,0.888437,10.5922,0.06048,3.68392,0.06048,456.806,0,1.54224,0,0,2.5251,0.98286,1.542240,1,0,82.3466,0,0,0,82.3466,0
699.747,3.4562,0,0,3.97587,0.120271,0.36288,18.144,61.308,0.0648695,0,0,1.46169,0.183997,1.21282,0.99792,12.849,1,0.0634674,0.36288,0,67.1172,4.36407,63.0526,0.84672,12.849,0.84672,3695.15,0,3.68392,0.00389793,0.61865,1.90524,7.20835,0.997545,8.7308,0.06048,3.68392,0.06048,456.806,0,1.54224,0,0,2.16089,0.61865,1.542240,1,0,72.9962,0,0,0,72.9962,0
699.539,3.4567,0,0,3.67998,0.0678132,0.36288,18.144,61.308,0.0650792,0,0,1.38178,0.258973,1.05773,0.99792,12.849,1,0.0634731,0.36288,0,64.4319,5.38272,59.3486,0.84672,12.849,0.84672,3695.15,0,3.68392,0.00391053,0.485784,1.90551,6.67112,1.27031,7.78819,0.06048,3.68392,0.06048,456.806,0,1.54224,0,0,2.02802,0.485784,1.542240,1,0,68.1945,0,0,0,68.1945,0
699.764,3.4262,0,0,4.11938,0.10582,0.36288,18.144,61.308,0.107192,0,0,1.12488,0.225899,0.791785,0.99792,12.849,1,0.0629318,0.36288,0,52.2466,4.68899,47.8576,0.84672,12.849,0.84672,3695.15,0,3.68392,0.00644102,0.857088,1.90578,5.75135,1.08387,7.4239,0.06048,3.68392,0.06048,456.806,0,1.54224,0,0,2.39933,0.857088,1.542240,1,0,56.0732,0,0,0,56.0732,0
699.62,3.4267,0,0,3.75176,0.105823,0.36288,18.144,61.308,0.107407,0,0,1.10776,0.225899,0.774453,0.99792,12.849,1,0.0629208,0.36288,0,51.0319,4.68899,46.6429,0.84672,12.849,0.84672,3695.15,0,3.68392,0.00645398,0.893549,1.93527,5.54774,1.08387,7.28624,0.06048,3.68392,0.06048,456.806,0,1.54224,0,0,2.43579,0.893549,1.542240,1,0,54.7036,0,0,0,54.7036,0
699.106,3.42718,0,0,3.38131,0.105821,0.36288,18.144,61.308,0.107623,0,0,1.03158,0.225899,0.698059,0.99792,12.849,1,0.0629424,0.36288,0,47.2988,4.68899,42.9098,0.84672,12.849,0.84672,3695.15,0,3.68392,0.00646694,0.583399,1.93555,5.28217,1.08387,6.71077,0.06048,3.68392,0.06048,456.806,0,1.54224,0,0,2.12564,0.583399,1.542240,1,0,50.3186,0,0,0,50.3186,0
698.466,3.42761,0,0,3.23336,0.0820902,0.36288,18.144,61.308,0.107839,0,0,0.97524,0.280745,0.586656,0.99792,12.849,1,0.0629968,0.36288,0,42.6425,5.39474,37.5477,0.84672,12.849,0.84672,3695.15,0,3.68392,0.00647991,0.556502,1.93582,5.01861,1.34148,6.16297,0.06048,3.68392,0.06048,456.806,0,1.54224,0,0,2.09874,0.556502,1.542240,1,0,44.2973,0,0,0,44.2973,0
697.216,3.50804,0,0,2.69934,0.0788351,0.36288,18.144,61.308,0.183717,0,0,0.798146,0.302585,0.311844,0.99792,12.849,1,0.064534,0.36288,0,34.3068,5.59861,29.0066,0.84672,12.849,0.84672,3695.15,0,3.68392,0.0110393,0.261274,1.93609,4.21777,1.44602,4.95808,0.06048,3.68392,0.06048,456.806,0,1.5008,0,0,1.76208,0.261274,1.542240,1,0,34.2765,0,0,0,34.2765,0
696.17,3.50843,0,0,2.90909,0.0835012,0.36288,18.144,61.308,0.145641,0,0,0.974298,0.302512,0.526145,0.99792,12.849,1,0.0646568,0.36288,0,41.7791,5.5398,36.5375,0.84672,12.849,0.84672,3695.15,0,3.68392,0.00875141,0.473982,1.98296,4.4662,1.44714,5.46726,0.06048,3.68392,0.06048,456.806,0,1.54224,0,0,2.01622,0.473982,1.542240,1,0,42.5309,0,0,0,42.5309,0
694.863,3.50883,0,0,2.64793,0.0834892,0.36288,18.144,61.308,0.145862,0,0,0.803598,0.302512,0.355224,0.99792,12.849,1,0.0647613,0.36288,0,33.651,5.5398,28.4093,0.84672,12.849,0.84672,3695.15,0,3.68392,0.00876469,0.517536,1.98324,4.1501,1.44714,5.19498,0.06048,3.68392,0.06048,456.806,0,1.54224,0,0,2.05978,0.517536,1.542240,1,0,33.9595,0,0,0,33.9595,0
693.316,3.5092,0,0,2.40829,0.0834741,0.36288,18.144,61.308,0.17465,0,0,0.748397,0.302512,0.271235,0.99792,12.849,1,0.0648901,0.36288,0,31.3702,5.5398,26.1284,0.84672,12.849,0.84672,3695.15,0,3.68392,0.0104945,0.227405,1.98352,3.69857,1.44714,4.45187,0.06048,3.68392,0.06048,456.806,0,1.51133,0,0,1.73873,0.227405,1.542240,1,0,30.8515,0,0,0,30.8515,0
691.702,3.74394,0,0,2.57024,0.0769201,0.36288,18.144,61.308,0.281251,0,0,0.864233,0.309868,0.273114,0.99792,12.849,1,0.0693853,0.36288,0,30.6323,5.7195,25.2063,0.84672,12.849,0.84672,3695.15,0,3.68392,0.0169,0.621985,1.9838,4.91019,1.4874,6.01168,0.06048,3.68392,0.06048,456.806,0,1.54224,0,0,2.16422,0.621985,1.542240,1,0,31.4911,0,0,0,31.4911,0
689.859,3.74431,0,0,2.36992,0.106012,0.36288,18.144,61.308,0.281492,0,0,0.760078,0.317744,0.160843,0.99792,12.849,1,0.069554,0.36288,0,24.9822,5.75085,19.5247,0.84672,12.849,0.84672,3695.15,0,3.68392,0.0169145,0.321157,2.14197,3.26911,1.51984,4.19548,0.06048,3.68392,0.06048,456.806,0,1.54224,0,0,1.8634,0.321157,1.542240,1,0,23.881,0,0,0,23.881,0
687.725,3.74466,0,0,2.0797,0.105985,0.36288,18.144,61.308,0.281732,0,0,0.733285,0.317744,0.13381,0.99792,12.849,1,0.0697463,0.36288,0,31.7569,5.75085,26.2992,0.84672,12.849,0.84672,3695.15,0,3.68392,0.0169289,0.238144,2.14227,3.13925,1.51984,3.98289,0.06048,3.68392,0.06048,456.806,0,1.54224,0,0,1.78038,0.238144,1.542240,1,0,30.4159,0,0,0,30.4159,0
685.635,3.74497,0,0,2.12402,0.105954,0.36288,18.144,61.308,0.281972,0,0,0.841145,0.317744,0.241429,0.99792,12.849,1,0.0699686,0.36288,0,27.5094,5.75085,22.0515,0.84672,12.849,0.84672,3695.15,0,3.68392,0.0169433,0.339068,2.14257,3.26004,1.51984,4.2049,0.06048,3.68392,0.06048,456.806,0,1.54224,0,0,1.88131,0.339068,1.542240,1,0,26.4978,0,0,0,26.4978,0
683.563,3.74529,0,0,2.14311,0.107185,0.36288,18.144,61.308,0.282212,0,0,0.847524,0.310849,0.254462,0.99792,12.849,1,0.0701878,0.36288,0,27.9126,5.566,22.6393,0.84672,12.849,0.84672,3695.15,0,3.68392,0.0169578,0.79869,2.14288,4.1698,1.44789,5.64652,0.06048,3.68392,0.06048,456.806,0,1.54224,0,0,2.34093,0.79869,1.542240,1,0,28.5403,0,0,0,28.5403,0
683.28,3.63133,0,0,3.84778,0.136768,0.36288,18.144,61.308,0.200487,0,0,1.50859,0.312911,0.99519,0.99792,12.849,1,0.0682584,0.36288,0,55.2734,5.75257,49.8155,0.84672,12.849,0.84672,3695.15,0,3.68392,0.012047,1.45957,2.14318,9.0193,1.42241,11.1876,0.06048,3.68392,0.06048,456.806,0,1.54224,0,0,3.00181,1.45957,1.542240,1,0,61.9983,0,0,0,61.9983,0
684.493,3.63181,0,0,5.34812,0.140437,0.36288,18.144,61.308,0.200716,0,0,2.14508,0.320149,1.62421,0.99792,12.849,1,0.0682958,0.36288,0,46.6118,5.96851,40.9378,0.84672,12.849,0.84672,3695.15,0,3.68392,0.0120608,3.46768,2.05294,12.3207,1.49012,16.3392,0.06048,3.68392,0.06048,456.806,0,1.54224,0,0,5.00992,3.46768,1.542240,1,0,58.9012,0,0,0,58.9012,0
683.76,3.63244,0,0,3.40267,0.14046,0.36288,18.144,61.308,0.200945,0,0,1.50857,0.320149,0.987477,0.99792,12.849,1,0.0681866,0.36288,0,71.1436,5.96851,65.4698,0.84672,12.849,0.84672,3695.15,0,3.68392,0.0120745,2.48864,2.05323,8.44698,1.49012,11.4867,0.06048,3.68392,0.06048,456.806,0,1.54224,0,0,4.03088,2.48864,1.542240,1,0,77.9439,0,0,0,77.9439,0
682.414,3.63288,0,0,2.79009,0.140446,0.36288,18.144,61.308,0.201173,0,0,1.37759,0.320149,0.856265,0.99792,12.849,1,0.068268,0.36288,0,41.2724,5.96851,35.5985,0.84672,12.849,0.84672,3695.15,0,3.68392,0.0120882,1.23697,2.05352,6.03634,1.49012,7.82462,0.06048,3.68392,0.06048,456.806,0,1.54224,0,0,2.77921,1.23697,1.542240,1,0,44.2794,0,0,0,44.2794,0
680.88,3.53941,0,0,2.5697,0.201521,0.36288,18.144,61.308,0.126751,0,0,1.44533,0.291147,1.02744,0.99792,12.849,1,0.0666426,0.36288,0,55.913,5.34313,50.8661,0.84672,12.849,0.84672,3695.15,0,3.68392,0.0076163,1.22737,2.05381,8.41889,1.36188,10.3306,0.06048,3.68392,0.06048,456.806,0,1.54224,0,0,2.76961,1.22737,1.542240,1,0,62.2241,0,0,0,62.2241,0
678.097,3.53976,0,0,1.34167,0.221633,0.36288,18.144,61.308,0.183992,0,0,0.88998,0.258544,0.447444,0.99792,12.849,1,0.0667994,0.36288,0,40.938,4.93038,36.3037,0.84672,12.849,0.84672,3695.15,0,3.68392,0.0110558,0.216518,1.97358,3.96821,1.25426,4.893,0.06048,3.68392,0.06048,456.806,0,1.48054,0,0,1.69706,0.216518,1.542240,1,0,41.6442,0,0,0,41.6442,0
677.968,3.53999,0,0,3.97438,0.200528,0.36288,18.144,61.308,0.127187,0,0,1.45907,0.250602,1.08128,0.99792,12.849,1,0.0670779,0.36288,0,53.532,4.73838,49.0894,0.84672,12.849,0.84672,3695.15,0,3.68392,0.00764253,1.0992,1.97386,9.23503,1.29719,11.0033,0.06048,3.68392,0.06048,456.806,0,1.54224,0,0,2.64144,1.0992,1.542240,1,0,61.1739,0,0,0,61.1739,0
680.208,3.54048,0,0,6.36561,0.222338,0.36288,18.144,61.308,0.127406,0,0,2.12469,0.20471,1.79257,0.99792,12.849,1,0.0670999,0.36288,0,117.149,3.75297,113.692,0.84672,12.849,0.84672,3695.15,0,3.68392,0.00765566,2.08856,1.97414,17.9476,1.11403,20.8886,0.06048,3.68392,0.06048,456.806,0,1.54224,0,0,3.6308,2.08856,1.542240,1,0,136.373,0,0,0,136.373,0
679.631,3.2745,0,0,3.29694,0.236592,0.36288,18.144,61.308,0,0,0,1.30278,0.201763,1.10102,0.99792,12.849,1,0.0618547,0.36288,0,66.9734,3.77113,63.5033,0.84672,12.849,0.84672,3695.15,0,3.68392,0,0.693658,1.97442,8.07138,1.07534,9.66411,0.06048,3.68392,0.06048,456.806,0,1.51192,0,0,2.20558,0.693658,1.542240,1,0,74.2684,0,0,0,74.2684,0
676.913,3.27491,0,0,1.20385,0.284095,0.36288,18.144,61.2359,0.41638,0,0,0.568272,0.22402,0,0.99792,12.849,1,0.061915,0.36288,0,52.3833,4.72153,47.9627,0.84672,12.849,0.84672,3695.15,0,3.68392,0.0250197,0.292723,1.79334,5.62937,1.05855,6.63187,0.06048,3.68392,0.06048,456.806,0,1.06351,0,0,1.35623,0.292723,1.542240,1,0,54.5946,0,0,0,54.5946,0
675.921,3.27513,0,0,2.92989,0.283989,0.36288,18.144,61.308,0,0,0,1.79395,0.223917,1.4979,0.99792,12.849,1,0.0621677,0.36288,0,135.092,4.72153,130.672,0.84672,12.849,0.84672,3695.15,0,3.68392,0,2.27642,1.79359,8.09395,1.05855,11.1054,0.06048,3.68392,0.06048,456.806,0,1.51234,0,0,3.78876,2.27642,1.542240,1,0,143.275,0,0,0,143.275,0
674.567,3.2755,0,0,2.56098,0.276581,0.36288,18.144,61.308,0,0,0,0.657087,0.221055,0.436031,0.99792,12.849,1,0.062266,0.36288,0,84.9675,4.56974,80.6984,0.84672,12.849,0.84672,3695.15,0,3.68392,0,0.436816,1.79385,5.96522,1.03339,7.16249,0.06048,3.68392,0.06048,456.806,0,1.51256,0,0,1.94937,0.436816,1.542240,1,0,88.2969,0,0,0,88.2969,0
672.899,3.27584,0,0,2.22871,0.258111,0.36288,18.144,61.308,0,0,0,0.941563,0.213645,0.727918,0.99792,12.849,1,0.0623975,0.36288,0,64.8795,4.19024,60.9897,0.84672,12.849,0.84672,3695.15,0,3.68392,0,0.424732,1.7941,5.10212,0.970491,6.35046,0.06048,3.68392,0.06048,456.806,0,1.51277,0,0,1.9375,0.424732,1.542240,1,0,68.0681,0,0,0,68.0681,0
673.989,3.37876,0,0,5.10767,0.275462,0.36288,18.144,61.308,0.018112,0,0,2.07808,0.204544,1.85543,0.99792,12.849,1,0.0645175,0.36288,0,118.015,4.21364,114.099,0.84672,12.849,0.84672,3695.15,0,3.68392,0.00108833,3.5163,1.79435,12.7342,0.973849,17.07,0.06048,3.68392,0.06048,456.806,0,1.54224,0,0,5.05854,3.5163,1.542240,1,0,133.025,0,0,0,133.025,0
677.104,3.37931,0,0,7.13964,0.282469,0.36288,18.144,61.308,0.0183005,0,0,3.52245,0.200903,3.30325,0.99792,12.849,1,0.0644235,0.36288,0,110,4.22299,106.076,0.84672,12.849,0.84672,3695.15,0,3.68392,0.00109965,6.71758,1.85199,19.669,0.975192,27.2622,0.06048,3.68392,0.06048,456.806,0,1.54224,0,0,8.25982,6.71758,1.542240,1,0,136.641,0,0,0,136.641,0
679.187,3.38004,0,0,6.10832,0.282591,0.36288,18.144,61.308,0.018489,0,0,2.45722,0.200903,2.23782,0.99792,12.849,1,0.064141,0.36288,0,122.928,4.22299,119.004,0.84672,12.849,0.84672,3695.15,0,3.68392,0.00111098,4.71802,1.85223,18.653,0.975192,24.2469,0.06048,3.68392,0.06048,456.806,0,1.54224,0,0,6.26026,4.71802,1.542240,1,0,145.489,0,0,0,145.489,0
680.343,3.38068,0,0,5.17662,0.277361,0.36288,18.144,61.308,0.0186775,0,0,1.81896,0.185017,1.61527,0.99792,12.849,1,0.0639563,0.36288,0,141.897,4.26314,137.933,0.84672,12.849,0.84672,3695.15,0,3.68392,0.00112231,3.25063,1.85248,15.7887,0.946577,19.9441,0.06048,3.68392,0.06048,456.806,0,1.54224,0,0,4.79287,3.25063,1.542240,1,0,159.493,0,0,0,159.493,0
684.242,3.71102,0,0,8.24344,0.270584,0.36288,18.144,61.308,0.188175,0,0,2.96993,0.145102,2.63665,0.99792,12.849,1,0.0700866,0.36288,0,185.176,4.24927,181.219,0.84672,12.849,0.84672,3695.15,0,3.68392,0.0113072,5.16302,1.85272,26.0166,0.907957,32.1131,0.06048,3.68392,0.06048,456.806,0,1.54224,0,0,6.70526,5.16302,1.542240,1,0,215.969,0,0,0,215.969,0
689.706,3.7119,0,0,9.82627,0.286881,0.36288,18.144,61.308,0.188386,0,0,5.63438,0.144601,5.30139,0.99792,12.849,1,0.0697038,0.36288,0,185.006,3.96375,181.335,0.84672,12.849,0.84672,3695.15,0,3.68392,0.0113199,11.076,2.05789,37.6145,0.990244,49.7468,0.06048,3.68392,0.06048,456.806,0,1.54224,0,0,12.6182,11.076,1.542240,1,0,236.383,0,0,0,236.383,0
692.848,3.71293,0,0,7.50496,0.287097,0.36288,18.144,61.308,0.188597,0,0,3.66981,0.144601,3.33662,0.99792,12.849,1,0.0691706,0.36288,0,129.097,3.96375,125.427,0.84672,12.849,0.84672,3695.15,0,3.68392,0.0113325,4.65318,2.05816,23.0735,0.990244,28.7832,0.06048,3.68392,0.06048,456.806,0,1.54224,0,0,6.19542,4.65318,1.542240,1,0,157.547,0,0,0,157.547,0
694.804,3.71372,0,0,6.31423,0.282356,0.36288,18.144,61.308,0.188808,0,0,3.24764,0.151364,2.90747,0.99792,12.849,1,0.0688717,0.36288,0,94.9182,3.97678,91.2354,0.84672,12.849,0.84672,3695.15,0,3.68392,0.0113452,3.52844,2.05843,19.3253,1.00171,23.8992,0.06048,3.68392,0.06048,456.806,0,1.54224,0,0,5.07068,3.52844,1.542240,1,0,118.042,0,0,0,118.042,0
698.334,3.24358,0,0,7.40755,0.270712,0.36288,18.144,61.308,0,0,0,5.44739,0.181223,5.26617,0.99792,12.849,1,0.0599834,0.36288,0,111.65,3.97493,107.978,0.84672,12.849,0.84672,3695.15,0,3.68392,0,6.44146,2.0587,39.2586,1.06068,46.6981,0.06048,3.68392,0.06048,456.806,0,1.50066,0,0,7.94212,6.44146,1.542240,1,0,159.943,0,0,0,159.943,0
699.821,3.2443,0,0,5.40869,0.31457,0.36288,18.144,61.308,0,0,0,4.34968,0.154424,4.19525,0.99792,12.849,1,0.0596935,0.36288,0,97.7953,3.77475,94.3237,0.84672,12.849,0.84672,3695.15,0,3.68392,0,4.55154,1.7785,22.8393,1.03611,28.1333,0.06048,3.68392,0.06048,456.806,0,1.50085,0,0,6.0524,4.55154,1.542240,1,0,126.652,0,0,0,126.652,0
700.354,3.24485,0,0,4.45559,0.314635,0.36288,18.144,61.308,0,0,0,3.09696,0.154424,2.94254,0.99792,12.849,1,0.0595767,0.36288,0,83.7605,3.77475,80.289,0.84672,12.849,0.84672,3695.15,0,3.68392,0,3.05454,1.77873,19.3015,1.03611,23.0987,0.06048,3.68392,0.06048,456.806,0,1.50105,0,0,4.5556,3.05454,1.542240,1,0,106.33,0,0,0,106.33,0
701.238,3.24532,0,0,4.8066,0.314658,0.36288,18.144,61.308,0,0,0,3.68266,0.154424,3.52824,0.99792,12.849,1,0.05954,0.36288,0,94.8741,3.77475,91.4027,0.84672,12.849,0.84672,3695.15,0,3.68392,0,3.23927,1.77896,15.6956,1.03611,19.6777,0.06048,3.68392,0.06048,456.806,0,1.50125,0,0,4.74052,3.23927,1.542240,1,0,114.609,0,0,0,114.609,0
704.806,3.24582,0,0,7.48837,0.311972,0.36288,18.144,61.308,0,0,0,5.7178,0.131516,5.58628,0.99792,12.849,1,0.0594741,0.36288,0,175.407,3.41613,172.294,0.84672,12.849,0.84672,3695.15,0,3.68392,0,7.59769,1.77919,33.0902,0.974687,41.4924,0.06048,3.68392,0.06048,456.806,0,1.50144,0,0,9.09913,7.59769,1.542240,1,0,219.373,0,0,0,219.373,0
708.362,3.36516,0,0,7.60965,0.325026,0.36288,18.144,61.308,0.0182403,0,0,5.2865,0.171472,5.09679,0.99792,12.849,1,0.0613487,0.36288,0,123.467,3.90074,119.868,0.84672,12.849,0.84672,3695.15,0,3.68392,0.00109604,5.53686,1.77943,25.446,1.16209,31.5991,0.06048,3.68392,0.06048,456.806,0,1.54224,0,0,7.0791,5.53686,1.542240,1,0,156.564,0,0,0,156.564,0
711.629,3.3659,0,0,7.32366,0.327677,0.36288,18.144,61.308,0.0184287,0,0,5.73845,0.180995,5.53902,0.99792,12.849,1,0.0610542,0.36288,0,113.226,4.02633,109.502,0.84672,12.849,0.84672,3695.15,0,3.68392,0.00110736,6.39687,1.84896,26.6286,1.201,33.6723,0.06048,3.68392,0.06048,456.806,0,1.54224,0,0,7.93911,6.39687,1.542240,1,0,148.713,0,0,0,148.713,0
712.975,3.36662,0,0,5.40264,0.327824,0.36288,18.144,61.308,0.0186171,0,0,4.258,0.180995,4.05839,0.99792,12.849,1,0.0607868,0.36288,0,81.2998,4.02633,77.5756,0.84672,12.849,0.84672,3695.15,0,3.68392,0.00111868,3.65987,1.8492,18.8666,1.201,23.1735,0.06048,3.68392,0.06048,456.806,0,1.54224,0,0,5.20211,3.65987,1.542240,1,0,104.807,0,0,0,104.807,0
713.722,3.36717,0,0,4.77326,0.295752,0.36288,18.144,61.308,0.0188056,0,0,3.5592,0.194452,3.34595,0.99792,12.849,1,0.060682,0.36288,0,71.2714,4.13853,67.435,0.84672,12.849,0.84672,3695.15,0,3.68392,0.00113,3.16902,1.84944,16.3054,1.21512,20.1076,0.06048,3.68392,0.06048,456.806,0,1.54224,0,0,4.71126,3.16902,1.542240,1,0,90.8886,0,0,0,90.8886,0
714.291,3.32126,0,0,4.54944,0.296172,0.36288,18.144,61.308,0,0,0,2.69295,0.213478,2.47947,0.99792,12.849,1,0.059792,0.36288,0,70.3521,3.9665,66.6887,0.84672,12.849,0.84672,3695.15,0,3.68392,0,3.25277,1.84968,15.636,1.2106,19.5278,0.06048,3.68392,0.06048,456.806,0,1.53938,0,0,4.79216,3.25277,1.542240,1,0,88.696,0,0,0,88.696,0
714.56,3.32174,0,0,4.22368,0.269981,0.36288,18.144,61.308,0,0,0,2.09908,0.227694,1.87139,0.99792,12.849,1,0.059753,0.36288,0,66.026,3.65347,62.6757,0.84672,12.849,0.84672,3695.15,0,3.68392,0,2.90968,1.82294,14.8234,1.21505,18.341,0.06048,3.68392,0.06048,456.806,0,1.53959,0,0,4.44926,2.90968,1.542240,1,0,82.888,0,0,0,82.888,0
714.402,3.3222,0,0,3.79668,0.269991,0.36288,18.144,61.308,0,0,0,1.8599,0.227694,1.6322,0.99792,12.849,1,0.0597387,0.36288,0,57.0527,3.65347,53.7024,0.84672,12.849,0.84672,3695.15,0,3.68392,0,2.40883,1.82318,12.971,1.21505,15.9879,0.06048,3.68392,0.06048,456.806,0,1.53979,0,0,3.94862,2.40883,1.542240,1,0,71.3225,0,0,0,71.3225,0
713.977,3.32262,0,0,3.50451,0.24409,0.36288,18.144,61.308,0,0,0,1.74127,0.193561,1.54771,0.99792,12.849,1,0.0597595,0.36288,0,54.7523,2.94572,52.1097,0.84672,12.849,0.84672,3695.15,0,3.68392,0,2.22487,1.82341,11.7134,1.03554,14.7262,0.06048,3.68392,0.06048,456.806,0,1.53999,0,0,3.76486,2.22487,1.542240,1,0,68.3836,0,0,0,68.3836,0
713.26,3.48065,0,0,3.36339,0.236492,0.36288,18.144,61.308,0.074841,0,0,1.73261,0.187665,1.4701,0.99792,12.849,1,0.0626391,0.36288,0,49.3271,2.92566,46.7017,0.84672,12.849,0.84672,3695.15,0,3.68392,0.0044971,2.83141,1.82365,12.3291,0.996687,15.983,0.06048,3.68392,0.06048,456.806,0,1.54224,0,0,4.37365,2.83141,1.542240,1,0,64.1548,0,0,0,64.1548,0
712.09,3.48104,0,0,2.89028,0.216867,0.36288,18.144,61.308,0.0750367,0,0,1.35494,0.18642,1.09348,0.99792,12.849,1,0.0627092,0.36288,0,43.5044,3.51309,40.2915,0.84672,12.849,0.84672,3695.15,0,3.68392,0.00450886,2.27368,1.9183,11.0706,0.943076,14.315,0.06048,3.68392,0.06048,456.806,0,1.54224,0,0,3.81592,2.27368,1.542240,1,0,55.6999,0,0,0,55.6999,0
710.829,3.4814,0,0,2.80024,0.216832,0.36288,18.144,61.308,0.0752325,0,0,1.41981,0.18642,1.15816,0.99792,12.849,1,0.0628186,0.36288,0,41.2797,3.51309,38.0666,0.84672,12.849,0.84672,3695.15,0,3.68392,0.00452062,2.13483,1.91855,11.4918,0.943076,14.5976,0.06048,3.68392,0.06048,456.806,0,1.54224,0,0,3.67707,2.13483,1.542240,1,0,53.8224,0,0,0,53.8224,0
709.39,3.48175,0,0,2.62241,0.216794,0.36288,18.144,61.308,0.0754282,0,0,1.3098,0.18642,1.04795,0.99792,12.849,1,0.0629363,0.36288,0,38.6909,3.51309,35.4777,0.84672,12.849,0.84672,3695.15,0,3.68392,0.00453239,1.80124,1.9188,10.4125,0.943076,13.1849,0.06048,3.68392,0.06048,456.806,0,1.54224,0,0,3.34348,1.80124,1.542240,1,0,49.7106,0,0,0,49.7106,0
707.852,3.48208,0,0,2.4745,0.167163,0.36288,18.144,61.308,0.0756241,0,0,1.24715,0.228515,0.943011,0.99792,12.849,1,0.0630699,0.36288,0,36.3855,4.48681,32.1985,0.84672,12.849,0.84672,3695.15,0,3.68392,0.00454416,1.92848,1.91905,10.0567,1.08131,12.8184,0.06048,3.68392,0.06048,456.806,0,1.54224,0,0,3.47072,1.92848,1.542240,1,0,45.9598,0,0,0,45.9598,0
707.581,3.45121,0,0,3.66958,0.127108,0.36288,18.144,61.308,0.118019,0,0,1.30166,0.231952,0.951688,0.99792,12.849,1,0.0626466,0.36288,0,42.6517,4.76335,38.1886,0.84672,12.849,0.84672,3695.15,0,3.68392,0.00709164,1.86698,1.9193,8.81124,1.13009,11.4604,0.06048,3.68392,0.06048,456.806,0,1.54224,0,0,3.40922,1.86698,1.542240,1,0,50.6006,0,0,0,50.6006,0
707.289,3.45163,0,0,3.64656,0.123738,0.36288,18.144,61.308,0.118221,0,0,1.24475,0.229718,0.896808,0.99792,12.849,1,0.0626784,0.36288,0,43.695,4.74453,39.2507,0.84672,12.849,0.84672,3695.15,0,3.68392,0.00710374,1.66182,1.94899,9.0669,1.129,11.5416,0.06048,3.68392,0.06048,456.806,0,1.54224,0,0,3.20406,1.66182,1.542240,1,0,51.6891,0,0,0,51.6891,0
706.671,3.45206,0,0,3.32046,0.123733,0.36288,18.144,61.308,0.118422,0,0,1.23216,0.229718,0.884019,0.99792,12.849,1,0.062712,0.36288,0,43.3572,4.74453,38.9128,0.84672,12.849,0.84672,3695.15,0,3.68392,0.00711584,1.66637,1.94924,8.72649,1.129,11.206,0.06048,3.68392,0.06048,456.806,0,1.54224,0,0,3.20861,1.66637,1.542240,1,0,51.0028,0,0,0,51.0028,0
705.736,3.45246,0,0,3.00424,0.123723,0.36288,18.144,61.308,0.118623,0,0,1.14349,0.229718,0.795145,0.99792,12.849,1,0.0627741,0.36288,0,38.9351,4.74453,34.4907,0.84672,12.849,0.84672,3695.15,0,3.68392,0.00712793,1.26836,1.9495,8.36948,1.129,10.4512,0.06048,3.68392,0.06048,456.806,0,1.54224,0,0,2.8106,1.26836,1.542240,1,0,45.7371,0,0,0,45.7371,0
704.387,3.53341,0,0,2.64593,0.0987818,0.36288,18.144,61.308,0.156454,0,0,0.976458,0.299485,0.520519,0.99792,12.849,1,0.0643311,0.36288,0,32.9922,5.57438,27.7164,0.84672,12.849,0.84672,3695.15,0,3.68392,0.00940111,0.950573,1.94975,7.21941,1.43454,8.6758,0.06048,3.68392,0.06048,456.806,0,1.54224,0,0,2.49281,0.950573,1.542240,1,0,36.9127,0,0,0,36.9127,0
703.172,3.53375,0,0,2.78033,0.0987735,0.36288,18.144,61.308,0.15666,0,0,1.09435,0.315725,0.621966,0.99792,12.849,1,0.0644606,0.36288,0,38.2825,5.69279,32.8882,0.84672,12.849,0.84672,3695.15,0,3.68392,0.0094135,1.03052,1.99693,7.28585,1.48126,8.82263,0.06048,3.68392,0.06048,456.806,0,1.54224,0,0,2.57276,1.03052,1.542240,1,0,42.3328,0,0,0,42.3328,0
701.707,3.5341,0,0,2.53073,0.098757,0.36288,18.144,61.308,0.156866,0,0,0.902629,0.315725,0.430038,0.99792,12.849,1,0.0645784,0.36288,0,30.8349,5.69279,25.4404,0.84672,12.849,0.84672,3695.15,0,3.68392,0.0094259,1.08608,1.99719,6.7703,1.48126,8.36289,0.06048,3.68392,0.06048,456.806,0,1.54224,0,0,2.62832,1.08608,1.542240,1,0,34.2333,0,0,0,34.2333,0
700.012,3.53443,0,0,2.3017,0.0987371,0.36288,18.144,61.308,0.157073,0,0,0.840603,0.315725,0.367805,0.99792,12.849,1,0.0647193,0.36288,0,28.745,5.69279,23.3504,0.84672,12.849,0.84672,3695.15,0,3.68392,0.0094383,0.676434,1.99745,6.03374,1.48126,7.21693,0.06048,3.68392,0.06048,456.806,0,1.54224,0,0,2.21867,0.676434,1.542240,1,0,30.9351,0,0,0,30.9351,0
698.294,3.77081,0,0,2.50652,0.0912707,0.36288,18.144,61.308,0.293171,0,0,0.992218,0.313924,0.385123,0.99792,12.849,1,0.0692147,0.36288,0,28.8811,5.80092,23.3738,0.84672,12.849,0.84672,3695.15,0,3.68392,0.0176163,1.25371,1.99771,8.53131,1.50717,10.2579,0.06048,3.68392,0.06048,456.806,0,1.54224,0,0,2.79595,1.25371,1.542240,1,0,34.0169,0,0,0,34.0169,0
695.505,3.77114,0,0,1.44099,0.095643,0.36288,18.144,61.308,0.293395,0,0,0.768761,0.324434,0.150933,0.99792,12.849,1,0.0693911,0.36288,0,20.6546,6.20361,14.7445,0.84672,12.849,0.84672,3695.15,0,3.68392,0.0176297,0.62475,2.15697,5.40128,1.53069,6.63468,0.06048,3.68392,0.06048,456.806,0,1.54224,0,0,2.16699,0.62475,1.542240,1,0,21.5301,0,0,0,21.5301,0
692.567,3.77136,0,0,1.29194,0.0956063,0.36288,18.144,61.308,0.293619,0,0,0.696876,0.324434,0.0788238,0.99792,12.849,1,0.0696734,0.36288,0,18.4387,6.20361,12.5283,0.84672,12.849,0.84672,3695.15,0,3.68392,0.0176432,0.484039,2.15725,5.26707,1.53069,6.36003,0.06048,3.68392,0.06048,456.806,0,1.54224,0,0,2.02628,0.484039,1.542240,1,0,18.9672,0,0,0,18.9672,0
689.884,3.77156,0,0,1.54633,0.0955676,0.36288,18.144,61.308,0.293843,0,0,0.748639,0.324434,0.130362,0.99792,12.849,1,0.0699727,0.36288,0,19.0828,6.20361,13.1721,0.84672,12.849,0.84672,3695.15,0,3.68392,0.0176567,0.658351,2.15753,5.77732,1.53069,7.04486,0.06048,3.68392,0.06048,456.806,0,1.54224,0,0,2.20059,0.658351,1.542240,1,0,20.3473,0,0,0,20.3473,0
688.272,3.77179,0,0,2.64404,0.120869,0.36288,18.144,61.308,0.294068,0,0,0.961546,0.31907,0.348408,0.99792,12.849,1,0.0702491,0.36288,0,31.7132,6.05519,25.9507,0.84672,12.849,0.84672,3695.15,0,3.68392,0.0176701,1.02106,2.15781,6.39508,1.51248,8.0438,0.06048,3.68392,0.06048,456.806,0,1.54224,0,0,2.5633,1.02106,1.542240,1,0,34.3429,0,0,0,34.3429,0
686.794,3.65703,0,0,2.65521,0.113562,0.36288,18.144,61.308,0.211757,0,0,0.937984,0.292404,0.433824,0.99792,12.849,1,0.0682712,0.36288,0,27.3149,6.21462,21.3949,0.84672,12.849,0.84672,3695.15,0,3.68392,0.0127242,0.582993,2.1581,7.11327,1.41868,8.42295,0.06048,3.68392,0.06048,456.806,0,1.54224,0,0,2.12523,0.582993,1.542240,1,0,30.2517,0,0,0,30.2517,0
685.109,3.65736,0,0,2.44887,0.113434,0.36288,18.144,61.308,0.21197,0,0,0.979538,0.285212,0.482357,0.99792,12.849,1,0.0684244,0.36288,0,19.9959,6.19521,14.0951,0.84672,12.849,0.84672,3695.15,0,3.68392,0.012737,1.10965,2.0672,8.07574,1.38552,9.85434,0.06048,3.68392,0.06048,456.806,0,1.54224,0,0,2.65189,1.10965,1.542240,1,0,24.4318,0,0,0,24.4318,0
682.823,3.65767,0,0,1.8482,0.113408,0.36288,18.144,61.308,0.212184,0,0,0.773954,0.285212,0.276559,0.99792,12.849,1,0.0685985,0.36288,0,29.575,6.19521,23.6741,0.84672,12.849,0.84672,3695.15,0,3.68392,0.0127498,0.999829,2.06748,6.26657,1.38552,7.93561,0.06048,3.68392,0.06048,456.806,0,1.54224,0,0,2.54207,0.999829,1.542240,1,0,31.8862,0,0,0,31.8862,0
679.922,3.65793,0,0,1.23248,0.113372,0.36288,18.144,61.2459,0.365855,0,0,0.588965,0.285212,0,0.99792,12.849,1,0.0688329,0.36288,0,18.5527,6.19521,12.6515,0.84672,12.849,0.84672,3695.15,0,3.68392,0.0219838,0.216518,2.06775,4.22923,1.38552,5.10599,0.06048,3.68392,0.06048,456.806,0,1.37669,0,0,1.59321,0.216518,1.542240,1,0,17.7575,0,0,0,17.7575,0
677.559,3.56362,0,0,1.70517,0.141088,0.36288,18.144,61.308,0.137433,0,0,1.00135,0.280814,0.521003,0.99792,12.849,1,0.0673444,0.36288,0,32.4862,5.57297,27.2088,0.84672,12.849,0.84672,3695.15,0,3.68392,0.00826654,0.401164,2.06802,6.5703,1.31979,7.71142,0.06048,3.68392,0.06048,456.806,0,1.54224,0,0,1.9434,0.401164,1.542240,1,0,35.4412,0,0,0,35.4412,0
675.99,3.56385,0,0,2.53651,0.178701,0.36288,18.144,61.308,0.137648,0,0,1.55758,0.21233,1.20761,0.99792,12.849,1,0.0675837,0.36288,0,56.0703,3.91986,52.4458,0.84672,12.849,0.84672,3695.15,0,3.68392,0.00827106,1.15773,1.98722,8.38002,1.02364,10.4931,0.06048,3.68392,0.06048,456.806,0,1.54224,0,0,2.69997,1.15773,1.542240,1,0,64.1464,0,0,0,64.1464,0
674.438,3.56416,0,0,2.59877,0.223789,0.36288,18.144,61.308,0.137851,0,0,2.20647,0.162099,1.90652,0.99792,12.849,1,0.0677465,0.36288,0,82.2832,3.37302,79.2053,0.84672,12.849,0.84672,3695.15,0,3.68392,0.00828331,1.74319,1.98748,11.9256,0.853469,14.7945,0.06048,3.68392,0.06048,456.806,0,1.54224,0,0,3.28543,1.74319,1.542240,1,0,95.9064,0,0,0,95.9064,0
673.021,3.56448,0,0,2.73403,0.223741,0.36288,18.144,61.308,0.138055,0,0,2.62591,0.162099,2.32576,0.99792,12.849,1,0.0679083,0.36288,0,90.79,3.37302,87.7119,0.84672,12.849,0.84672,3695.15,0,3.68392,0.00829555,3.54669,1.98774,19.7508,0.853469,24.4234,0.06048,3.68392,0.06048,456.806,0,1.54224,0,0,5.08893,3.54669,1.542240,1,0,114.461,0,0,0,114.461,0
673.422,3.29633,0,0,4.28725,0.227512,0.36288,18.144,61.308,0,0,0,1.98039,0.161485,1.81891,0.99792,12.849,1,0.062932,0.36288,0,102.94,3.46049,99.7799,0.84672,12.849,0.84672,3695.15,0,3.68392,0,3.00592,1.988,15.9274,0.874619,20.0467,0.06048,3.68392,0.06048,456.806,0,1.5223,0,0,4.52822,3.00592,1.542240,1,0,121.645,0,0,0,121.645,0
673.382,3.2968,0,0,3.89667,0.276241,0.36288,18.144,61.308,0,0,0,2.24927,0.184873,2.0644,0.99792,12.849,1,0.0629035,0.36288,0,58.0145,4.15769,54.1568,0.84672,12.849,0.84672,3695.15,0,3.68392,0,2.95935,1.80566,18.8651,1.01543,22.6147,0.06048,3.68392,0.06048,456.806,0,1.5225,0,0,4.48184,2.95935,1.542240,1,0,78.8358,0,0,0,78.8358,0
673.678,3.29723,0,0,4.23143,0.27624,0.36288,18.144,61.308,0,0,0,2.00162,0.184873,1.81675,0.99792,12.849,1,0.0629153,0.36288,0,80.4864,4.15769,76.6286,0.84672,12.849,0.84672,3695.15,0,3.68392,0,2.13628,1.80589,16.9971,1.01543,19.9239,0.06048,3.68392,0.06048,456.806,0,1.5227,0,0,3.65898,2.13628,1.542240,1,0,98.3692,0,0,0,98.3692,0
673.774,3.29769,0,0,4.03292,0.276251,0.36288,18.144,61.308,0,0,0,2.10722,0.184873,1.92235,0.99792,12.849,1,0.0628965,0.36288,0,67.5742,4.15769,63.7165,0.84672,12.849,0.84672,3695.15,0,3.68392,0,2.26271,1.80613,16.9456,1.01543,19.999,0.06048,3.68392,0.06048,456.806,0,1.5229,0,0,3.78561,2.26271,1.542240,1,0,85.6379,0,0,0,85.6379,0
674.217,3.29812,0,0,4.39016,0.285646,0.36288,18.144,61.308,0,0,0,2.14821,0.1521,1.99611,0.99792,12.849,1,0.0628959,0.36288,0,59.028,3.68686,55.6411,0.84672,12.849,0.84672,3695.15,0,3.68392,0,1.84034,1.80636,16.5802,0.775013,19.4519,0.06048,3.68392,0.06048,456.806,0,1.5231,0,0,3.36344,1.84034,1.542240,1,0,77.0891,0,0,0,77.0891,0
680.297,3.29817,0,0,10.0145,0.273884,0.36288,18.144,61.308,0,0,0,3.38494,0.182635,3.2023,0.99792,12.849,1,0.0628553,0.36288,0,104.867,4.35759,100.81,0.84672,12.849,0.84672,3695.15,0,3.68392,0,3.66874,1.8066,23.7493,0.998232,28.2264,0.06048,3.68392,0.06048,456.806,0,1.5231,0,0,5.19184,3.66874,1.542240,1,0,132.238,0,0,0,132.238,0
684.832,3.40248,0,0,8.56094,0.259984,0.36288,18.144,61.308,0.0279202,0,0,2.16524,0.223971,1.91334,0.99792,12.849,1,0.0642639,0.36288,0,97.1041,5.12547,92.2772,0.84672,12.849,0.84672,3695.15,0,3.68392,0.00167769,1.95094,1.8066,12.9781,1.30088,15.433,0.06048,3.68392,0.06048,456.806,0,1.54224,0,0,3.49318,1.95094,1.542240,1,0,109.624,0,0,0,109.624,0
687.985,3.40331,0,0,7.17898,0.260147,0.36288,18.144,61.308,0.0280953,0,0,1.6069,0.223971,1.35484,0.99792,12.849,1,0.0638538,0.36288,0,113.107,5.12547,108.281,0.84672,12.849,0.84672,3695.15,0,3.68392,0.00168821,0.936351,1.86461,12.6239,1.30088,14.1223,0.06048,3.68392,0.06048,456.806,0,1.54224,0,0,2.47859,0.936351,1.542240,1,0,123.758,0,0,0,123.758,0
689.356,3.40401,0,0,5.39982,0.261678,0.36288,18.144,61.308,0.042563,0,0,1.298,0.222217,1.03322,0.99792,12.849,1,0.0635742,0.36288,0,98.3111,5.02956,93.5808,0.84672,12.849,0.84672,3695.15,0,3.68392,0.00255756,0.503194,1.86484,9.18397,1.27506,10.2744,0.06048,3.68392,0.06048,456.806,0,1.52674,0,0,2.02993,0.503194,1.542240,1,0,104.888,0,0,0,104.888,0
690.283,3.40455,0,0,4.95593,0.261817,0.36288,18.144,61.308,0.247932,0,0,1.15072,0.193179,0.709607,0.99792,12.849,1,0.0634578,0.36288,0,74.8361,4.22538,70.9101,0.84672,12.849,0.84672,3695.15,0,3.68392,0.0148979,0.503194,1.86506,6.98289,1.08717,8.24908,0.06048,3.68392,0.06048,456.806,0,1.305,0,0,1.8082,0.503194,1.542240,1,0,79.8688,0,0,0,79.8688,0
688.373,3.73716,0,0,2.44836,0.257972,0.36288,18.144,61.308,0.199077,0,0,1.88884,0.198702,1.49106,0.99792,12.849,1,0.0695639,0.36288,0,47.2886,3.89476,43.6872,0.84672,12.849,0.84672,3695.15,0,3.68392,0.0119623,1.57383,1.86529,9.61092,1.00975,12.0283,0.06048,3.68392,0.06048,456.806,0,1.54224,0,0,3.11607,1.57383,1.542240,1,0,57.2066,0,0,0,57.2066,0
691.979,3.73742,0,0,7.96417,0.257904,0.36288,18.144,61.308,0.199273,0,0,1.73642,0.198702,1.33844,0.99792,12.849,1,0.0697618,0.36288,0,101.174,3.89476,97.5719,0.84672,12.849,0.84672,3695.15,0,3.68392,0.011974,2.1545,2.07183,13.1515,1.00975,16.3562,0.06048,3.68392,0.06048,456.806,0,1.54224,0,0,3.69674,2.1545,1.542240,1,0,115.266,0,0,0,115.266,0
691.227,3.73823,0,0,3.60672,0.258032,0.36288,18.144,61.308,0.199468,0,0,1.12184,0.198702,0.723673,0.99792,12.849,1,0.0694132,0.36288,0,52.846,3.89476,49.2447,0.84672,12.849,0.84672,3695.15,0,3.68392,0.0119858,0.830987,2.07208,8.06717,1.00975,9.9485,0.06048,3.68392,0.06048,456.806,0,1.54224,0,0,2.37323,0.830987,1.542240,1,0,59.9169,0,0,0,59.9169,0
691.612,3.73861,0,0,4.72264,0.235762,0.36288,18.144,61.308,0.199664,0,0,1.09865,0.204362,0.694619,0.99792,12.849,1,0.0694958,0.36288,0,51.5272,3.72091,48.0997,0.84672,12.849,0.84672,3695.15,0,3.68392,0.0119976,0.683502,2.07233,7.9944,0.926681,9.81156,0.06048,3.68392,0.06048,456.806,0,1.54224,0,0,2.22574,0.683502,1.542240,1,0,58.6059,0,0,0,58.6059,0
704.688,3.26514,0,0,17.0582,0.354458,0.36288,18.144,61.308,0,0,0,6.443,0.15181,6.29118,0.99792,12.849,1,0.0606609,0.36288,0,200.898,3.2026,197.998,0.84672,12.849,0.84672,3695.15,0,3.68392,0,9.27951,2.07258,32.7409,0.779729,43.3133,0.06048,3.68392,0.06048,456.806,0,1.51076,0,0,10.7903,9.27951,1.542240,1,0,247.602,0,0,0,247.602,0
714.322,3.26664,0,0,13.6187,0.355096,0.36288,18.144,61.308,0,0,0,4.38452,0.15181,4.23271,0.99792,12.849,1,0.0595627,0.36288,0,210.993,3.2026,208.094,0.84672,12.849,0.84672,3695.15,0,3.68392,0,7.15351,1.79047,24.3642,0.779729,32.5284,0.06048,3.68392,0.06048,456.806,0,1.51095,0,0,8.66445,7.15351,1.542240,1,0,244.855,0,0,0,244.855,0
722.166,3.26783,0,0,11.83,0.355567,0.36288,18.144,61.308,0,0,0,3.20042,0.15181,3.04861,0.99792,12.849,1,0.0587806,0.36288,0,214.023,3.2026,211.125,0.84672,12.849,0.84672,3695.15,0,3.68392,0,4.23492,1.79069,18.0906,0.779729,23.3365,0.06048,3.68392,0.06048,456.806,0,1.51113,0,0,5.74605,4.23492,1.542240,1,0,237.51,0,0,0,237.51,0
722.9,3.26885,0,0,8.89635,0.273945,4.61919,18.144,61.308,0,0,0,2.18621,0.194973,1.99124,0.99792,12.849,1,0.0581604,4.61919,0,134.432,3.8551,135.138,0.84672,12.849,0.84672,3695.15,0,3.68392,0,2.30524,1.7909,12.2259,0.992658,15.3294,0.06048,3.68392,0.06048,456.806,0,1.51131,0,0,3.81655,2.30524,1.542240,1,0,152.459,0,0,0,152.459,0
722.9,3.2693,0,0,11.809,0.330173,8.2095,18.144,61.308,0,0,0,5.27937,0.174432,5.10494,0.99792,12.849,1,0.0581094,8.2095,0,168.181,3.31522,173.017,0.84672,12.849,0.84672,3695.15,0,3.68392,0,4.87736,1.79112,19.3155,0.906009,25.078,0.06048,3.68392,0.06048,456.806,0,1.51149,0,0,6.38886,4.87736,1.542240,1,0,203.2,0,0,0,203.2,0
722.9,3.38916,0,0,7.83104,0.366407,4.07547,18.144,61.308,0.0278587,0,0,2.61402,0.1652,2.42096,0.99792,12.849,1,0.0602398,4.07547,0,116.331,2.97245,117.373,0.84672,12.849,0.84672,3695.15,0,3.68392,0.001674,2.57917,1.79134,15.5092,0.840971,19.0371,0.06048,3.68392,0.06048,456.806,0,1.54224,0,0,4.12141,2.57917,1.542240,1,0,138.832,0,0,0,138.832,0
722.9,3.38957,0,0,7.06951,0.357479,3.32245,18.144,61.308,0.0280337,0,0,2.86387,0.169958,2.66587,0.99792,12.849,1,0.0602471,3.32245,0,126.755,3.03062,126.986,0.84672,12.849,0.84672,3695.15,0,3.68392,0.00168451,2.7049,1.86131,16.2288,0.852421,19.9409,0.06048,3.68392,0.06048,456.806,0,1.54224,0,0,4.24714,2.7049,1.542240,1,0,149.593,0,0,0,149.593,0
722.9,3.38998,0,0,6.83061,0.303912,3.13672,18.144,61.308,0.0282088,0,0,3.03933,0.198504,2.81261,0.99792,12.849,1,0.0602544,3.13672,0,103.278,3.37964,102.975,0.84672,12.849,0.84672,3695.15,0,3.68392,0.00169503,2.88903,1.86154,16.5184,0.921123,20.3461,0.06048,3.68392,0.06048,456.806,0,1.54224,0,0,4.43127,2.88903,1.542240,1,0,126.134,0,0,0,126.134,0
722.9,3.39039,0,0,6.27897,0.286471,2.60211,18.144,61.308,0.0283838,0,0,1.79395,0.207357,1.55821,0.99792,12.849,1,0.0602616,2.60211,0,88.1142,3.78796,86.8681,0.84672,12.849,0.84672,3695.15,0,3.68392,0.00170555,1.73962,1.86176,11.9119,0.978844,14.5327,0.06048,3.68392,0.06048,456.806,0,1.54224,0,0,3.28186,1.73962,1.542240,1,0,102.959,0,0,0,102.959,0
722.9,3.34407,0,0,6.50281,0.263217,2.89552,18.144,61.308,0.00678969,0,0,1.38941,0.219162,1.16346,0.99792,12.849,1,0.0594383,2.89552,0,113.6,4.3324,112.103,0.84672,12.849,0.84672,3695.15,0,3.68392,0.000407984,1.14175,1.86199,11.1275,1.05581,13.075,0.06048,3.68392,0.06048,456.806,0,1.54224,0,0,2.68399,1.14175,1.542240,1,0,126.342,0,0,0,126.342,0
722.9,3.34447,0,0,6.15082,0.263217,2.54314,18.144,61.308,0.00696203,0,0,1.26821,0.219162,1.04208,0.99792,12.849,1,0.0594455,2.54314,0,100.468,4.3324,98.6189,0.84672,12.849,0.84672,3695.15,0,3.68392,0.00041834,0.659517,1.83504,10.1691,1.05581,11.6074,0.06048,3.68392,0.06048,456.806,0,1.54224,0,0,2.20176,0.659517,1.542240,1,0,111.268,0,0,0,111.268,0
722.9,3.34488,0,0,5.64888,0.263217,2.04078,18.144,61.308,0.00713449,0,0,1.1837,0.219162,0.957401,0.99792,12.849,1,0.0594526,2.04078,0,92.1577,4.3324,89.8066,0.84672,12.849,0.84672,3695.15,0,3.68392,0.000428703,0.605932,1.83527,8.607,1.05581,9.99196,0.06048,3.68392,0.06048,456.806,0,1.54224,0,0,2.14817,0.605932,1.542240,1,0,100.756,0,0,0,100.756,0
722.9,3.34528,0,0,5.22714,0.225669,1.65619,18.144,61.308,0.00730695,0,0,1.11828,0.250724,0.860244,0.99792,12.849,1,0.0594598,1.65619,0,81.0372,4.60212,78.0318,0.84672,12.849,0.84672,3695.15,0,3.68392,0.000439065,0.537028,1.83549,8.62583,1.04711,9.9508,0.06048,3.68392,0.06048,456.806,0,1.54224,0,0,2.07927,0.537028,1.542240,1,0,88.8428,0,0,0,88.8428,0
722.9,3.50439,0,0,5.41833,0.175299,1.73864,18.144,61.308,0.184044,0,0,1.06974,0.218653,0.667039,0.99792,12.849,1,0.0622879,1.73864,0,64.9771,5.09208,61.5614,0.84672,12.849,0.84672,3695.15,0,3.68392,0.011059,0.402797,1.83571,8.36084,1.03421,9.55408,0.06048,3.68392,0.06048,456.806,0,1.43477,0,0,1.83756,0.402797,1.542240,1,0,71.7825,0,0,0,71.7825,0
722.9,3.50482,0,0,5.27157,0.175299,1.59146,18.144,61.308,0.0848977,0,0,1.0851,0.218653,0.781547,0.99792,12.849,1,0.0622954,1.59146,0,61.7417,5.09208,58.1788,0.84672,12.849,0.84672,3695.15,0,3.68392,0.00510139,0.444286,1.93096,7.96185,1.03421,9.29779,0.06048,3.68392,0.06048,456.806,0,1.54224,0,0,1.98653,0.444286,1.542240,1,0,68.2581,0,0,0,68.2581,0
722.9,3.50524,0,0,4.78652,0.194968,1.08631,18.144,61.308,0.0850795,0,0,1.02139,0.213386,0.722921,0.99792,12.849,1,0.062303,1.08631,0,58.1871,4.75362,54.4575,0.84672,12.849,0.84672,3695.15,0,3.68392,0.00511232,0.383443,1.93119,7.28438,1.04726,8.54665,0.06048,3.68392,0.06048,456.806,0,1.54224,0,0,1.92568,0.383443,1.542240,1,0,63.7271,0,0,0,63.7271,0
722.9,3.50566,0,0,4.56221,0.165281,0.891263,18.144,61.308,0.0852613,0,0,1.01939,0.226039,0.70809,0.99792,12.849,1,0.0623105,0.891263,0,54.1469,4.62799,50.3478,0.84672,12.849,0.84672,3695.15,0,3.68392,0.00512324,0.438497,1.93143,7.08031,1.09514,8.34997,0.06048,3.68392,0.06048,456.806,0,1.54224,0,0,1.98074,0.438497,1.542240,1,0,59.4059,0,0,0,59.4059,0
722.9,3.50608,0,0,4.06274,0.130614,0.426045,18.144,61.308,0.166814,0,0,0.939479,0.232336,0.540329,0.99792,12.849,1,0.062318,0.426045,0,53.5836,4.59854,49.3488,0.84672,12.849,0.84672,3695.15,0,3.68392,0.0100236,0.30119,1.93166,6.12121,1.01287,7.33117,0.06048,3.68392,0.06048,456.806,0,1.45417,0,0,1.75536,0.30119,1.542240,1,0,57.2203,0,0,0,57.2203,0
722.76,3.4751,0,0,3.82336,0.125295,0.36288,18.144,61.308,0.221257,0,0,0.890335,0.237646,0.431432,0.99792,12.849,1,0.0617673,0.36288,0,51.9153,4.65687,47.5596,0.84672,12.849,0.84672,3695.15,0,3.68392,0.0132951,0.30119,1.93189,5.87326,1.00528,7.08776,0.06048,3.68392,0.06048,456.806,0,1.44151,0,0,1.7427,0.30119,1.542240,1,0,55.0788,0,0,0,55.0788,0
722.188,3.47551,0,0,3.36344,0.0967949,0.36288,18.144,61.308,0.387706,0,0,0.842486,0.2816,0.17318,0.99792,12.849,1,0.0617865,0.36288,0,49.1179,5.44398,43.975,0.84672,12.849,0.84672,3695.15,0,3.68392,0.0232968,0.261274,1.96175,5.63699,1.27608,6.56064,0.06048,3.68392,0.06048,456.806,0,1.26248,0,0,1.52375,0.261274,1.542240,1,0,50.7088,0,0,0,50.7088,0
721.473,3.47588,0,0,3.22094,0.0973019,0.36288,18.144,61.308,0.275943,0,0,0.818389,0.274901,0.267545,0.99792,12.849,1,0.061842,0.36288,0,45.0457,5.78298,39.5637,0.84672,12.849,0.84672,3695.15,0,3.68392,0.0165811,0.261274,1.96199,5.56727,1.40182,6.37213,0.06048,3.68392,0.06048,456.806,0,1.38292,0,0,1.64419,0.261274,1.542240,1,0,46.2034,0,0,0,46.2034,0
720.459,3.47624,0,0,2.91884,0.0943306,0.36288,18.144,61.308,0.372437,0,0,0.728517,0.291081,0.0649986,0.99792,12.849,1,0.0619097,0.36288,0,39.1332,5.86557,33.5686,0.84672,12.849,0.84672,3695.15,0,3.68392,0.0223793,0.261274,1.96223,5.22718,1.4423,5.986,0.06048,3.68392,0.06048,456.806,0,1.27928,0,0,1.54056,0.261274,1.542240,1,0,39.6196,0,0,0,39.6196,0
719.404,3.55771,0,0,2.95314,0.0869141,0.36288,18.144,61.308,0.412645,0,0,0.789154,0.33153,0.0449792,0.99792,12.849,1,0.0634499,0.36288,0,41.5999,6.07204,35.8273,0.84672,12.849,0.84672,3695.15,0,3.68392,0.0247953,0.261274,1.96246,4.91733,1.54351,5.57276,0.06048,3.68392,0.06048,456.806,0,1.27714,0,0,1.53841,0.261274,1.542240,1,0,41.445,0,0,0,41.445,0
718.115,3.55805,0,0,2.71852,0.0869015,0.36288,18.144,61.308,0.3261,0,0,0.669021,0.33153,0.011391,0.99792,12.849,1,0.0635489,0.36288,0,34.1693,6.07204,28.3966,0.84672,12.849,0.84672,3695.15,0,3.68392,0.0195949,0.261274,2.00993,4.75457,1.54351,5.46267,0.06048,3.68392,0.06048,456.806,0,1.3704,0,0,1.63167,0.261274,1.542240,1,0,33.8707,0,0,0,33.8707,0
716.596,3.55837,0,0,2.48923,0.0868861,0.36288,18.144,61.0807,0.515405,0,0,0.619652,0.33153,0,0.99792,12.849,1,0.0636687,0.36288,0,32.4778,6.07204,26.7049,0.84672,12.849,0.84672,3695.15,0,3.68392,0.03097,0.227405,2.01017,4.17923,1.54351,4.84233,0.06048,3.68392,0.06048,456.806,0,1.1674,0,0,1.39481,0.227405,1.542240,1,0,31.5473,0,0,0,31.5473,0
715.227,3.55866,0,0,2.63003,0.0770748,0.36288,18.144,61.1999,0.255932,0,0,0.711357,0.336226,0,0.99792,12.849,1,0.063809,0.36288,0,31.8531,6.2216,25.9306,0.84672,12.849,0.84672,3695.15,0,3.68392,0.0154359,0.227405,2.01042,5.52861,1.57339,6.17761,0.06048,3.68392,0.06048,456.806,0,1.44637,0,0,1.67378,0.227405,1.542240,1,0,32.1082,0,0,0,32.1082,0
713.947,3.79666,0,0,2.95828,0.0789498,0.36288,18.144,60.7561,0.724654,0,0,0.585626,0.304752,0,0.99792,12.849,1,0.0682067,0.36288,0,28.164,5.81427,22.6444,0.84672,12.849,0.84672,3695.15,0,3.68392,0.0436205,0.227405,2.01066,4.44935,1.47901,5.16478,0.06048,3.68392,0.06048,456.806,0,1.09124,0,0,1.31865,0.227405,1.542240,1,0,27.8092,0,0,0,27.8092,0
713.076,3.797,0,0,3.36389,0.0748985,0.36288,18.144,60.6641,0.480419,0,0,0.696002,0.307599,0,0.99792,12.849,1,0.0683351,0.36288,0,35.2333,5.81962,29.7082,0.84672,12.849,0.84672,3695.15,0,3.68392,0.02913,0.227405,2.17092,4.51254,1.47289,5.40884,0.06048,3.68392,0.06048,456.806,0,1.35242,0,0,1.57982,0.227405,1.542240,1,0,35.1171,0,0,0,35.1171,0
711.499,3.79738,0,0,2.6576,0.0748896,0.36288,18.144,59.986,0.878703,0,0,0.50805,0.30742,0,0.99792,12.849,1,0.0684253,0.36288,0,36.3597,5.81962,30.8345,0.84672,12.849,0.84672,3695.15,0,3.68392,0.0533606,0.204422,2.17118,3.57562,1.47289,4.42497,0.06048,3.68392,0.06048,456.806,0,0.927392,0,0,1.13181,0.204422,1.542240,1,0,35.2595,0,0,0,35.2595,0
710.555,3.79768,0,0,3.29148,0.0748733,0.36288,18.144,60.2208,0.304358,0,0,0.845221,0.306097,0,0.99792,12.849,1,0.0685826,0.36288,0,32.2231,5.81962,26.6977,0.84672,12.849,0.84672,3695.15,0,3.68392,0.0186915,0.476453,2.17144,5.37309,1.47289,6.5294,0.06048,3.68392,0.06048,456.806,0,1.54224,0,0,2.01869,0.476453,1.542240,1,0,33.2271,0,0,0,33.2271,0
708.99,3.79805,0,0,2.65592,0.0600503,0.36288,18.144,60.2104,0.455846,0,0,0.725565,0.280148,0,0.99792,12.849,1,0.0686804,0.36288,0,27.1501,5.24616,22.1981,0.84672,12.849,0.84672,3695.15,0,3.68392,0.0278857,0.204422,2.17171,4.68716,1.28527,5.75013,0.06048,3.68392,0.06048,456.806,0,1.37917,0,0,1.58359,0.204422,1.542240,1,0,27.9482,0,0,0,27.9482,0
707.265,3.68247,0,0,2.36698,0.046714,0.36288,18.144,59.9814,0.628555,0,0,0.671898,0.272308,0,0.99792,12.849,1,0.0667373,0.36288,0,23.6513,5.13954,18.8079,0.84672,12.849,0.84672,3695.15,0,3.68392,0.0384576,0.204422,2.17197,4.00377,1.27048,5.07122,0.06048,3.68392,0.06048,456.806,0,1.10487,0,0,1.3093,0.204422,1.542240,1,0,23.8791,0,0,0,23.8791,0
705.622,3.68275,0,0,2.46953,0.0662878,0.36288,18.144,59.6939,0.677458,0,0,0.646834,0.256877,0,0.99792,12.849,1,0.0669052,0.36288,0,22.7336,4.93191,18.0976,0.84672,12.849,0.84672,3695.15,0,3.68392,0.0416079,0.216518,2.08047,4.02909,1.20558,5.0789,0.06048,3.68392,0.06048,456.806,0,1.05268,0,0,1.2692,0.216518,1.542240,1,0,23.1765,0,0,0,23.1765,0
708.557,3.68305,0,0,7.164,0.183756,0.36288,18.144,60.8296,0.222161,0,0,1.52424,0.166367,0,0.99792,12.849,1,0.0670663,0.36288,0,68.5201,3.68613,65.1298,0.84672,12.849,0.84672,3695.15,0,3.68392,0.0137103,0.413675,2.08072,10.5824,0.816192,12.2469,0.06048,3.68392,0.06048,456.806,0,1.54224,0,0,1.95591,0.413675,1.542240,1,0,77.3767,0,0,0,77.3767,0
709.786,3.68376,0,0,5.45826,0.182504,0.36288,18.144,61.308,0.222694,0,0,1.52042,0.179646,0.639708,0.99792,12.849,1,0.0668015,0.36288,0,61.6667,3.91434,58.0484,0.84672,12.849,0.84672,3695.15,0,3.68392,0.0134866,1.31057,2.08097,7.56861,0.879886,10.0668,0.06048,3.68392,0.06048,456.806,0,1.54224,0,0,2.85281,1.31057,1.542240,1,0,68.7549,0,0,0,68.7549,0
715.92,3.58915,0,0,10.2609,0.174581,0.36288,18.144,61.308,0.147383,0,0,3.07429,0.252845,2.67406,0.99792,12.849,1,0.064973,0.36288,0,131.411,5.2836,126.425,0.84672,12.849,0.84672,3695.15,0,3.68392,0.00885609,2.75264,2.08123,17.5813,1.26205,21.1442,0.06048,3.68392,0.06048,456.806,0,1.54224,0,0,4.29488,2.75264,1.542240,1,0,150.244,0,0,0,150.244,0
718.667,3.59013,0,0,6.9902,0.290215,0.36288,18.144,61.308,0.147573,0,0,1.50619,0.185296,1.17332,0.99792,12.849,1,0.0644339,0.36288,0,130.312,3.75469,126.856,0.84672,12.849,0.84672,3695.15,0,3.68392,0.00886745,0.759154,1.99989,12.0878,0.916477,13.9215,0.06048,3.68392,0.06048,456.806,0,1.54224,0,0,2.30139,0.759154,1.542240,1,0,141.95,0,0,0,141.95,0
722.9,3.5908,0,0,11.4362,0.290325,3.32209,18.144,61.308,0.147762,0,0,2.30024,0.185296,1.96718,0.99792,12.849,1,0.0641997,3.32209,0,157.308,3.75469,156.812,0.84672,12.849,0.84672,3695.15,0,3.68392,0.00887882,1.70847,2.00013,15.2799,0.916477,18.0632,0.06048,3.68392,0.06048,456.806,0,1.54224,0,0,3.25071,1.70847,1.542240,1,0,176.842,0,0,0,176.842,0
722.9,3.5916,0,0,8.87786,0.290493,4.99576,18.144,61.308,0.147951,0,0,2.00634,0.185296,1.67309,0.99792,12.849,1,0.063838,4.99576,0,149.706,3.75469,150.883,0.84672,12.849,0.84672,3695.15,0,3.68392,0.00889019,1.32774,2.00037,13.7247,0.916477,16.1275,0.06048,3.68392,0.06048,456.806,0,1.54224,0,0,2.86998,1.32774,1.542240,1,0,168.684,0,0,0,168.684,0
722.47,3.32151,0,0,3.53691,0.282487,0.36288,18.144,61.308,0,0,0,1.12132,0.227256,0.89406,0.99792,12.849,1,0.0590374,0.36288,0,65.7981,4.44157,61.6604,0.84672,12.849,0.84672,3695.15,0,3.68392,0,3.49076,2.00062,13.1061,1.02018,17.5773,0.06048,3.68392,0.06048,456.806,0,1.53195,0,0,5.02271,3.49076,1.542240,1,0,80.1317,0,0,0,80.1317,0
722.9,3.32188,0,0,4.44832,0.281136,0.415329,18.144,61.308,0,0,0,1.06666,0.234249,0.83241,0.99792,12.849,1,0.0590791,0.415329,0,84.4983,4.55606,80.2984,0.84672,12.849,0.84672,3695.15,0,3.68392,0,3.47664,1.8171,13.9965,1.03747,18.2527,0.06048,3.68392,0.06048,456.806,0,1.53213,0,0,5.00877,3.47664,1.542240,1,0,99.3836,0,0,0,99.3836,0
722.9,3.32232,0,0,18.856,0.281152,15.2525,18.144,61.308,0,0,0,8.20026,0.234249,7.96601,0.99792,12.849,1,0.0590516,15.2525,0,347.114,4.55606,357.751,0.84672,12.849,0.84672,3695.15,0,3.68392,0,4.2815,1.81732,39.2234,1.03747,44.2847,0.06048,3.68392,0.06048,456.806,0,1.53232,0,0,5.81381,4.2815,1.542240,1,0,410.002,0,0,0,410.002,0
722.9,3.32272,0,0,8.92291,0.237042,5.36315,18.144,61.308,0,0,0,3.21821,0.222736,2.99547,0.99792,12.849,1,0.0590588,5.36315,0,167.425,3.73894,168.99,0.84672,12.849,0.84672,3695.15,0,3.68392,0,4.07713,1.81754,20.0991,0.861717,25.132,0.06048,3.68392,0.06048,456.806,0,1.5325,0,0,5.60963,4.07713,1.542240,1,0,197.118,0,0,0,197.118,0
722.9,3.32312,0,0,6.51985,0.219555,2.97718,18.144,61.308,0,0,0,2.20524,0.238009,1.96723,0.99792,12.849,1,0.0590659,2.97718,0,138.191,3.96126,137.148,0.84672,12.849,0.84672,3695.15,0,3.68392,0,3.5012,1.81775,16.7589,0.960558,21.1173,0.06048,3.68392,0.06048,456.806,0,1.53269,0,0,5.03389,3.5012,1.542240,1,0,160.232,0,0,0,160.232,0
722.9,3.42762,0,0,7.76045,0.235065,4.09777,18.144,61.308,0.0370292,0,0,2.40905,0.201638,2.17038,0.99792,12.849,1,0.0609233,4.09777,0,135.495,3.58794,135.944,0.84672,12.849,0.84672,3695.15,0,3.68392,0.00222504,2.59733,1.81797,16.2755,1.02545,19.6631,0.06048,3.68392,0.06048,456.806,0,1.54224,0,0,4.13957,2.59733,1.542240,1,0,157.777,0,0,0,157.777,0
722.9,3.428,0,0,9.10509,0.228841,5.44825,18.144,61.308,0.0371909,0,0,2.05261,0.165596,1.84983,0.99792,12.849,1,0.06093,5.44825,0,158.083,2.80413,160.667,0.84672,12.849,0.84672,3695.15,0,3.68392,0.00223475,2.22536,1.87633,16.8867,0.803558,20.1826,0.06048,3.68392,0.06048,456.806,0,1.54224,0,0,3.7676,2.22536,1.542240,1,0,182.699,0,0,0,182.699,0
722.9,3.42838,0,0,6.71501,0.228841,3.05779,18.144,61.308,0.0373526,0,0,1.99557,0.165596,1.79262,0.99792,12.849,1,0.0609368,3.05779,0,108.019,2.80413,108.212,0.84672,12.849,0.84672,3695.15,0,3.68392,0.00224447,2.30177,1.87654,13.0394,0.803558,16.4119,0.06048,3.68392,0.06048,456.806,0,1.54224,0,0,3.84401,2.30177,1.542240,1,0,126.416,0,0,0,126.416,0
722.9,3.42876,0,0,10.3753,0.228841,6.71766,18.144,61.308,0.0375143,0,0,2.33418,0.165596,2.13107,0.99792,12.849,1,0.0609435,6.71766,0,139.62,2.80413,143.472,0.84672,12.849,0.84672,3695.15,0,3.68392,0.00225418,2.70143,1.87675,17.7157,0.803558,21.4881,0.06048,3.68392,0.06048,456.806,0,1.54224,0,0,4.24367,2.70143,1.542240,1,0,167.092,0,0,0,167.092,0
722.591,3.76361,0,0,4.08342,0.266302,0.36288,18.144,61.308,0.209197,0,0,1.69916,0.145126,1.34484,0.99792,12.849,1,0.0668952,0.36288,0,83.6646,3.37754,80.583,0.84672,12.849,0.84672,3695.15,0,3.68392,0.0125704,1.52296,1.87696,11.9135,0.819425,14.4815,0.06048,3.68392,0.06048,456.806,0,1.54224,0,0,3.0652,1.52296,1.542240,1,0,96.4093,0,0,0,96.4093,0
722.438,3.764,0,0,4.24061,0.26629,0.36288,18.144,61.308,0.209378,0,0,1.63541,0.145126,1.2809,0.99792,12.849,1,0.0669308,0.36288,0,81.3136,3.37754,78.232,0.84672,12.849,0.84672,3695.15,0,3.68392,0.0125812,1.20795,2.08477,9.5923,0.819425,12.053,0.06048,3.68392,0.06048,456.806,0,1.54224,0,0,2.75019,1.20795,1.542240,1,0,91.566,0,0,0,91.566,0
721.655,3.7644,0,0,3.59832,0.254591,0.36288,18.144,61.308,0.209558,0,0,1.86748,0.164531,1.49339,0.99792,12.849,1,0.0669521,0.36288,0,74.793,3.96516,71.1238,0.84672,12.849,0.84672,3695.15,0,3.68392,0.0125921,1.40781,2.085,10.9149,1.01143,13.3837,0.06048,3.68392,0.06048,456.806,0,1.54224,0,0,2.95005,1.40781,1.542240,1,0,86.0009,0,0,0,86.0009,0
721.589,3.76474,0,0,4.28958,0.227921,0.36288,18.144,61.308,0.209739,0,0,1.71739,0.169893,1.33776,0.99792,12.849,1,0.067031,0.36288,0,78.0002,4.55331,73.7427,0.84672,12.849,0.84672,3695.15,0,3.68392,0.012603,1.52266,2.08524,13.013,1.20109,15.4072,0.06048,3.68392,0.06048,456.806,0,1.54224,0,0,3.0649,1.52266,1.542240,1,0,90.4877,0,0,0,90.4877,0
722.9,3.2879,0,0,5.51966,0.30638,0.613942,18.144,61.308,0,0,0,1.97033,0.164795,1.80553,0.99792,12.849,1,0.0585461,0.613942,0,104.581,4.46796,100.669,0.84672,12.849,0.84672,3695.15,0,3.68392,0,2.0917,2.08547,11.7415,1.14519,14.7735,0.06048,3.68392,0.06048,456.806,0,1.52014,0,0,3.61184,2.0917,1.542240,1,0,117.248,0,0,0,117.248,0
722.9,3.28837,0,0,4.89956,0.306231,1.30496,18.144,61.308,0,0,0,1.79444,0.141286,1.65316,0.99792,12.849,1,0.0584482,1.30496,0,91.8104,4.27045,88.7864,0.84672,12.849,0.84672,3695.15,0,3.68392,0,2.03666,1.80158,11.6583,1.04988,14.4467,0.06048,3.68392,0.06048,456.806,0,1.52031,0,0,3.55697,2.03666,1.542240,1,0,104.886,0,0,0,104.886,0
722.9,3.28873,0,0,5.91384,0.306231,2.31888,18.144,61.308,0,0,0,1.75592,0.141286,1.61463,0.99792,12.849,1,0.0584547,2.31888,0,113.073,4.27045,111.063,0.84672,12.849,0.84672,3695.15,0,3.68392,0,1.70335,1.80178,11.5121,1.04988,13.9674,0.06048,3.68392,0.06048,456.806,0,1.52048,0,0,3.22383,1.70335,1.542240,1,0,126.645,0,0,0,126.645,0
722.9,3.2891,0,0,4.80431,0.311019,1.20419,18.144,61.308,0,0,0,1.57881,0.147682,1.43113,0.99792,12.849,1,0.0584612,1.20419,0,89.8957,4.08544,86.956,0.84672,12.849,0.84672,3695.15,0,3.68392,0,1.20058,1.80198,9.74203,1.04958,11.695,0.06048,3.68392,0.06048,456.806,0,1.52064,0,0,2.72123,1.20058,1.542240,1,0,100.082,0,0,0,100.082,0
722.9,3.28946,0,0,5.00287,0.322723,1.39069,18.144,61.308,0,0,0,1.92814,0.164402,1.76373,0.99792,12.849,1,0.0584677,1.39069,0,95.3813,4.09182,92.6217,0.84672,12.849,0.84672,3695.15,0,3.68392,0,1.83158,1.80218,13.4775,1.01973,16.0916,0.06048,3.68392,0.06048,456.806,0,1.52081,0,0,3.35239,1.83158,1.542240,1,0,110.477,0,0,0,110.477,0
722.9,3.41003,0,0,5.57948,0.322523,1.84693,18.144,61.308,0.0367787,0,0,2.2624,0.164948,2.06067,0.99792,12.849,1,0.0606107,1.84693,0,108.46,4.44349,105.802,0.84672,12.849,0.84672,3695.15,0,3.68392,0.00220999,3.04317,1.80238,15.8584,0.997906,19.7038,0.06048,3.68392,0.06048,456.806,0,1.54224,0,0,4.58541,3.04317,1.542240,1,0,127.567,0,0,0,127.567,0
722.721,3.41041,0,0,3.91649,0.322523,0.36288,18.144,61.308,0.0369403,0,0,1.69233,0.164948,1.49044,0.99792,12.849,1,0.0606174,0.36288,0,73.8176,4.44349,69.6763,0.84672,12.849,0.84672,3695.15,0,3.68392,0.0022197,1.40835,1.87277,11.9959,0.997906,14.2769,0.06048,3.68392,0.06048,456.806,0,1.54224,0,0,2.95059,1.40835,1.542240,1,0,85.4437,0,0,0,85.4437,0
722.059,3.41077,0,0,3.40192,0.289881,0.36288,18.144,61.308,0.0371019,0,0,1.39484,0.176473,1.18127,0.99792,12.849,1,0.0606389,0.36288,0,63.4599,4.50462,59.2576,0.84672,12.849,0.84672,3695.15,0,3.68392,0.00222941,1.10231,1.87298,9.84347,1.01149,11.805,0.06048,3.68392,0.06048,456.806,0,1.54224,0,0,2.64455,1.10231,1.542240,1,0,72.2438,0,0,0,72.2438,0
721.11,3.41109,0,0,3.13535,0.309983,0.36288,18.144,61.308,0.0372635,0,0,1.19985,0.189128,0.973454,0.99792,12.849,1,0.0607002,0.36288,0,59.099,4.62033,54.7808,0.84672,12.849,0.84672,3695.15,0,3.68392,0.00223912,0.782456,1.87318,9.08436,1.02259,10.7152,0.06048,3.68392,0.06048,456.806,0,1.54224,0,0,2.3247,0.782456,1.542240,1,0,66.4695,0,0,0,66.4695,0
720.138,3.36437,0,0,3.02511,0.270673,0.36288,18.144,61.308,0.0155227,0,0,1.147,0.215755,0.915725,0.99792,12.849,1,0.0599476,0.36288,0,57.2952,4.16861,53.4295,0.84672,12.849,0.84672,3695.15,0,3.68392,0.000932742,0.673108,1.87339,10.6315,1.07512,12.102,0.06048,3.68392,0.06048,456.806,0,1.54224,0,0,2.21535,0.673108,1.542240,1,0,66.4472,0,0,0,66.4472,0
719.258,3.36467,0,0,3.11821,0.270637,0.36288,18.144,61.308,0.015682,0,0,1.21046,0.215755,0.979027,0.99792,12.849,1,0.0600338,0.36288,0,55.1861,4.16861,51.3203,0.84672,12.849,0.84672,3695.15,0,3.68392,0.000942312,0.654998,1.84627,9.16773,1.07512,10.5929,0.06048,3.68392,0.06048,456.806,0,1.54224,0,0,2.19724,0.654998,1.542240,1,0,62.8923,0,0,0,62.8923,0
719.559,3.36497,0,0,4.28493,0.255389,0.36288,18.144,61.308,0.0158412,0,0,1.33117,0.219325,1.09601,0.99792,12.849,1,0.0601126,0.36288,0,71.9535,4.27697,67.9793,0.84672,12.849,0.84672,3695.15,0,3.68392,0.000951877,0.922277,1.84647,9.15719,1.05506,10.8699,0.06048,3.68392,0.06048,456.806,0,1.54224,0,0,2.46452,0.922277,1.542240,1,0,79.9452,0,0,0,79.9452,0
718.344,3.36537,0,0,2.72987,0.217362,0.36288,18.144,61.308,0.0160003,0,0,1.12315,0.228251,0.878897,0.99792,12.849,1,0.0600945,0.36288,0,52.6664,4.54786,48.4213,0.84672,12.849,0.84672,3695.15,0,3.68392,0.000961441,0.495806,1.84668,8.12324,1.00492,9.45985,0.06048,3.68392,0.06048,456.806,0,1.54224,0,0,2.03805,0.495806,1.542240,1,0,58.7601,0,0,0,58.7601,0
717.595,3.52529,0,0,3.31789,0.178266,0.36288,18.144,61.308,0.0938654,0,0,1.05505,0.236689,0.724494,0.99792,12.849,1,0.0630569,0.36288,0,55.08,4.2694,51.1104,0.84672,12.849,0.84672,3695.15,0,3.68392,0.00564025,0.535188,1.84688,7.36525,1.02264,8.71904,0.06048,3.68392,0.06048,456.806,0,1.54224,0,0,2.07743,0.535188,1.542240,1,0,60.554,0,0,0,60.554,0
716.638,3.52562,0,0,3.10343,0.171739,0.36288,18.144,61.308,0.404007,0,0,1.05344,0.238095,0.411338,0.99792,12.849,1,0.0631285,0.36288,0,54.0259,4.22299,50.1027,0.84672,12.849,0.84672,3695.15,0,3.68392,0.0242763,0.402797,1.94269,7.222,1.02559,8.51763,0.06048,3.68392,0.06048,456.806,0,1.20804,0,0,1.61084,0.402797,1.542240,1,0,59.0316,0,0,0,59.0316,0
715.374,3.52593,0,0,2.79646,0.171716,0.36288,18.144,61.308,0.515825,0,0,0.938935,0.238095,0.185015,0.99792,12.849,1,0.0632183,0.36288,0,48.43,4.22299,44.5067,0.84672,12.849,0.84672,3695.15,0,3.68392,0.0309952,0.30119,1.94291,6.7932,1.02559,7.98071,0.06048,3.68392,0.06048,456.806,0,1.08849,0,0,1.38968,0.30119,1.542240,1,0,52.6724,0,0,0,52.6724,0
713.828,3.52621,0,0,2.50642,0.163915,0.36288,18.144,61.308,0.405279,0,0,0.92823,0.243487,0.279464,0.99792,12.849,1,0.0633351,0.36288,0,42.0282,4.3096,38.0182,0.84672,12.849,0.84672,3695.15,0,3.68392,0.0243527,0.30119,1.94312,6.63511,1.04703,7.80805,0.06048,3.68392,0.06048,456.806,0,1.20704,0,0,1.50823,0.30119,1.542240,1,0,46.1057,0,0,0,46.1057,0
711.899,3.52647,0,0,2.07956,0.119213,0.36288,18.144,61.308,0.369288,0,0,0.770118,0.279894,0.120936,0.99792,12.849,1,0.0634769,0.36288,0,32.7513,5.02007,28.0306,0.84672,12.849,0.84672,3695.15,0,3.68392,0.02219,0.30119,1.94334,5.35257,1.23177,6.34315,0.06048,3.68392,0.06048,456.806,0,1.24585,0,0,1.54704,0.30119,1.542240,1,0,34.4947,0,0,0,34.4947,0
709.71,3.4951,0,0,1.7901,0.120644,0.36288,18.144,61.2513,0.433987,0,0,0.660191,0.282935,0,0.99792,12.849,1,0.0630828,0.36288,0,27.405,5.16317,22.5416,0.84672,12.849,0.84672,3695.15,0,3.68392,0.0260777,0.30119,1.94356,4.80628,1.27387,5.75108,0.06048,3.68392,0.06048,456.806,0,1.22267,0,0,1.52386,0.30119,1.542240,1,0,28.2927,0,0,0,28.2927,0
707.386,3.4953,0,0,1.65484,0.120608,0.36288,18.144,61.1857,0.420954,0,0,0.638245,0.282834,0,0.99792,12.849,1,0.0632809,0.36288,0,27.2394,5.16317,22.3758,0.84672,12.849,0.84672,3695.15,0,3.68392,0.025318,0.261274,1.97357,4.87355,1.27387,5.8092,0.06048,3.68392,0.06048,456.806,0,1.23681,0,0,1.49808,0.261274,1.542240,1,0,28.1851,0,0,0,28.1851,0
704.91,3.49548,0,0,1.50231,0.120569,0.36288,18.144,60.9476,0.558346,0,0,0.602942,0.282717,0,0.99792,12.849,1,0.0634921,0.36288,0,26.4298,5.16317,21.5661,0.84672,12.849,0.84672,3695.15,0,3.68392,0.0336174,0.261274,1.97379,4.58107,1.27387,5.50865,0.06048,3.68392,0.06048,456.806,0,1.08986,0,0,1.35113,0.261274,1.542240,1,0,27.0747,0,0,0,27.0747,0
702.291,3.49565,0,0,1.35126,0.111747,0.36288,18.144,60.5284,0.674824,0,0,0.5529,0.297238,0,0.99792,12.849,1,0.0637182,0.36288,0,22.5242,5.36039,17.463,0.84672,12.849,0.84672,3695.15,0,3.68392,0.0407891,0.261274,1.97401,4.30114,1.34419,5.15144,0.06048,3.68392,0.06048,456.806,0,0.96565,0,0,1.22692,0.261274,1.542240,1,0,22.6144,0,0,0,22.6144,0
699.551,3.57739,0,0,1.29268,0.0922607,0.36288,18.144,59.9626,0.80603,0,0,0.549661,0.309489,0,0.99792,12.849,1,0.0654513,0.36288,0,22.1607,5.55566,16.9024,0.84672,12.849,0.84672,3695.15,0,3.68392,0.0490571,0.261274,1.97423,3.77717,1.40546,4.55816,0.06048,3.68392,0.06048,456.806,0,0.86686,0,0,1.12813,0.261274,1.542240,1,0,21.4606,0,0,0,21.4606,0
696.743,3.57753,0,0,1.22514,0.0922259,0.36288,18.144,59.4437,0.702267,0,0,0.491753,0.308377,0,0.99792,12.849,1,0.0657103,0.36288,0,19.5809,5.55566,14.3224,0.84672,12.849,0.84672,3695.15,0,3.68392,0.0431452,0.261274,2.02196,3.94515,1.40546,4.77979,0.06048,3.68392,0.06048,456.806,0,0.97683,0,0,1.2381,0.261274,1.542240,1,0,19.1022,0,0,0,19.1022,0
693.856,3.57767,0,0,1.14528,0.0921903,0.36288,18.144,58.821,0.77028,0,0,0.454982,0.307357,0,0.99792,12.849,1,0.0659776,0.36288,0,18.6184,5.55566,13.3597,0.84672,12.849,0.84672,3695.15,0,3.68392,0.0477368,0.227405,2.02219,3.46172,1.40546,4.25812,0.06048,3.68392,0.06048,456.806,0,0.904141,0,0,1.13155,0.227405,1.542240,1,0,17.6178,0,0,0,17.6178,0
690.953,3.57779,0,0,1.12989,0.0921537,0.36288,18.144,58.3089,0.698288,0,0,0.492248,0.306132,0,0.99792,12.849,1,0.0662545,0.36288,0,17.2762,5.55566,12.0172,0.84672,12.849,0.84672,3695.15,0,3.68392,0.0437333,0.227405,2.02241,3.91485,1.40546,4.71548,0.06048,3.68392,0.06048,456.806,0,0.980407,0,0,1.20781,0.227405,1.542240,1,0,16.7326,0,0,0,16.7326,0
687.616,3.81687,0,0,0.925811,0.0827965,0.36288,18.144,57.4515,0.99035,0,0,0.4226,0.289662,0,0.99792,12.849,1,0.0709788,0.36288,0,15.0657,5.80563,9.55193,0.84672,12.849,0.84672,3695.15,0,3.68392,0.06048,0.227405,2.02263,3.61874,1.4386,4.3697,0.06048,3.68392,0.06048,456.806,0,0.83274,0,0,1.06015,0.227405,1.542240,1,0,13.9216,0,0,0,13.9216,0
684.076,3.81695,0,0,0.732456,0.0926866,0.36288,18.144,56.3864,1.14248,0,0,0.352275,0.274836,0,0.99792,12.849,1,0.0713248,0.36288,0,12.0617,5.69625,6.657,0.84672,12.849,0.84672,3695.15,0,3.68392,0.06048,0.227405,2.18383,2.87462,1.41002,3.81535,0.06048,3.68392,0.06048,456.806,0,0.680815,0,0,0.90822,0.227405,1.542240,1,0,10.4724,0,0,0,10.4724,0
680.68,3.81702,0,0,0.876684,0.0926414,0.36288,18.144,55.4503,1.04159,0,0,0.378437,0.272939,0,0.99792,12.849,1,0.071695,0.36288,0,12.4832,5.69625,7.07809,0.84672,12.849,0.84672,3695.15,0,3.68392,0.06048,0.204422,2.18407,3.15312,1.41002,4.07111,0.06048,3.68392,0.06048,456.806,0,0.78192,0,0,0.986342,0.204422,1.542240,1,0,11.1492,0,0,0,11.1492,0
677.881,3.81709,0,0,1.49902,0.117903,0.36288,18.144,54.803,0.867312,0,0,0.486068,0.266107,0,0.99792,12.849,1,0.072054,0.36288,0,20.7453,5.54782,15.4883,0.84672,12.849,0.84672,3695.15,0,3.68392,0.0576211,0.204422,2.18431,3.49026,1.39182,4.42955,0.06048,3.68392,0.06048,456.806,0,0.94449,0,0,1.14891,0.204422,1.542240,1,0,19.9179,0,0,0,19.9179,0
675.022,3.81722,0,0,1.42661,0.105939,0.36288,18.144,54.6093,0.665803,0,0,0.717746,0.245581,0,0.99792,12.849,1,0.072354,0.36288,0,19.5915,5.68522,14.1968,0.84672,12.849,0.84672,3695.15,0,3.68392,0.0447561,0.204422,2.18456,3.82032,1.38394,4.78061,0.06048,3.68392,0.06048,456.806,0,1.15976,0,0,1.36418,0.204422,1.542240,1,0,18.9775,0,0,0,18.9775,0
671.798,3.70087,0,0,0.93903,0.0993523,0.36288,18.144,53.6463,1.13737,0,0,0.404851,0.230531,0,0.99792,12.849,1,0.0704458,0.36288,0,14.8538,5.59115,9.55509,0.84672,12.849,0.84672,3695.15,0,3.68392,0.06048,0.204422,2.1848,2.87405,1.38796,3.81483,0.06048,3.68392,0.06048,456.806,0,0.596091,0,0,0.800513,0.204422,1.542240,1,0,13.3699,0,0,0,13.3699,0
668.399,3.70095,0,0,0.76388,0.099308,0.36288,18.144,52.4254,1.32513,0,0,0.333223,0.22901,0,0.99792,12.849,1,0.0707854,0.36288,0,13.6401,5.59115,8.341,0.84672,12.849,0.84672,3695.15,0,3.68392,0.06048,0.216518,2.09274,2.59684,1.38796,3.45766,0.06048,3.68392,0.06048,456.806,0,0.408526,0,0,0.625044,0.216518,1.542240,1,0,11.7987,0,0,0,11.7987,0
665.42,3.701,0,0,1.26206,0.177183,0.36288,18.144,51.6044,1.15588,0,0,0.504605,0.169652,0,0.99792,12.849,1,0.0711464,0.36288,0,19.4193,4.76063,14.9505,0.84672,12.849,0.84672,3695.15,0,3.68392,0.06048,0.216518,2.09297,3.44022,1.12837,4.56086,0.06048,3.68392,0.06048,456.806,0,0.577973,0,0,0.794491,0.216518,1.542240,1,0,19.5113,0,0,0,19.5113,0
663.935,3.7011,0,0,2.81515,0.235528,0.36288,18.144,51.4475,0.833583,0,0,0.802618,0.125965,0,0.99792,12.849,1,0.0714668,0.36288,0,49.6223,4.13773,45.776,0.84672,12.849,0.84672,3695.15,0,3.68392,0.0595075,0.216518,2.0932,7.35373,0.933676,8.67027,0.06048,3.68392,0.06048,456.806,0,0.887112,0,0,1.10363,0.216518,1.542240,1,0,54.4462,0,0,0,54.4462,0
660.943,3.60574,0,0,1.22831,0.25225,0.36288,18.144,50.6476,1.02881,0,0,0.426125,0.197233,0,0.99792,12.849,1,0.0697811,0.36288,0,30.4614,4.06382,26.6906,0.84672,12.849,0.84672,3695.15,0,3.68392,0.06048,0.216518,2.09343,3.00916,0.962883,4.29575,0.06048,3.68392,0.06048,456.806,0,0.622866,0,0,0.839385,0.216518,1.542240,1,0,30.9864,0,0,0,30.9864,0
659.087,3.60583,0,0,2.3652,0.252145,0.36288,18.144,50.2445,0.851274,0,0,0.644142,0.195955,0,0.99792,12.849,1,0.0700988,0.36288,0,55.4634,4.06382,51.6923,0.84672,12.849,0.84672,3695.15,0,3.68392,0.06048,0.216518,2.0116,4.76616,0.962883,5.97092,0.06048,3.68392,0.06048,456.806,0,0.800591,0,0,1.01711,0.216518,1.542240,1,0,57.6632,0,0,0,57.6632,0
658.448,3.60603,0,0,3.58237,0.25208,0.36288,18.144,51.1225,0.15425,0,0,1.22756,0.195311,0,0.99792,12.849,1,0.0703001,0.36288,0,60.731,4.06382,56.9598,0.84672,12.849,0.84672,3695.15,0,3.68392,0.0113096,0.323101,2.01183,6.95609,0.962883,8.31682,0.06048,3.68392,0.06048,456.806,0,1.54224,0,0,1.86534,0.323101,1.542240,1,0,65.2766,0,0,0,65.2766,0
656.434,3.60636,0,0,2.21735,0.262628,0.36288,18.144,51.2955,0.449062,0,0,0.822026,0.19993,0,0.99792,12.849,1,0.0703748,0.36288,0,50.5002,4.1218,46.6709,0.84672,12.849,0.84672,3695.15,0,3.68392,0.0323597,0.292723,2.01205,6.8893,0.976422,8.18529,0.06048,3.68392,0.06048,456.806,0,1.22058,0,0,1.5133,0.292723,1.542240,1,0,54.8562,0,0,0,54.8562,0
654.744,3.33494,0,0,2.29608,0.288055,0.36288,18.144,50.6004,0.983482,0,0,0.507575,0.219184,0,0.99792,12.849,1,0.0652779,0.36288,0,44.1591,4.35642,40.1003,0.84672,12.849,0.84672,3695.15,0,3.68392,0.06048,0.292723,2.01227,4.8493,1.07015,6.02367,0.06048,3.68392,0.06048,456.806,0,0.496895,0,0,0.789618,0.292723,1.542240,1,0,46.124,0,0,0,46.124,0
655.309,3.33514,0,0,4.53578,0.27283,0.36288,18.144,51.5111,0,0,0,1.12845,0.217811,0,0.99792,12.849,1,0.0654504,0.36288,0,109.978,4.31109,105.964,0.84672,12.849,0.84672,3695.15,0,3.68392,0,0.550275,1.82767,7.24207,1.07515,8.54487,0.06048,3.68392,0.06048,456.806,0,1.54103,0,0,2.0913,0.550275,1.542240,1,0,114.509,0,0,0,114.509,0
655.88,3.33557,0,0,4.54185,0.272852,0.36288,18.144,51.4654,0.541513,0,0,0.715292,0.219429,0,0.99792,12.849,1,0.0654022,0.36288,0,93.7699,4.31109,89.7563,0.84672,12.849,0.84672,3695.15,0,3.68392,0.0387274,0.412474,1.82787,5.82079,1.07515,6.94725,0.06048,3.68392,0.06048,456.806,0,0.950962,0,0,1.36344,0.412474,1.542240,1,0,96.7036,0,0,0,96.7036,0
656.59,3.33599,0,0,4.65629,0.247154,0.36288,18.144,50.986,0.756708,0,0,0.486914,0.209649,0,0.99792,12.849,1,0.0653537,0.36288,0,67.6574,3.77979,64.1752,0.84672,12.849,0.84672,3695.15,0,3.68392,0.0541655,0.412474,1.82807,4.7735,0.987092,5.97278,0.06048,3.68392,0.06048,456.806,0,0.719911,0,0,1.13238,0.412474,1.542240,1,0,70.1479,0,0,0,70.1479,0
657.703,3.33643,0,0,5.0672,0.254637,0.36288,18.144,51.7635,0.313436,0,0,1.29491,0.203959,0,0.99792,12.849,1,0.0652916,0.36288,0,79.0467,3.93189,75.4124,0.84672,12.849,0.84672,3695.15,0,3.68392,0.0226469,0.412474,1.82827,6.60245,1.03206,7.78849,0.06048,3.68392,0.06048,456.806,0,1.19809,0,0,1.61057,0.412474,1.542240,1,0,83.2009,0,0,0,83.2009,0
658.276,3.44142,0,0,4.68841,0.311295,0.36288,18.144,53.1123,0.0447893,0,0,1.58443,0.190808,0,0.99792,12.849,1,0.0672323,0.36288,0,133.543,4.93651,128.902,0.84672,12.849,0.84672,3695.15,0,3.68392,0.00318758,0.774662,1.82848,8.30382,1.21969,9.68408,0.06048,3.68392,0.06048,456.806,0,1.54224,0,0,2.3169,0.774662,1.542240,1,0,138.586,0,0,0,138.586,0
659.632,3.44183,0,0,5.46719,0.30621,0.36288,18.144,54.7042,0.0450403,0,0,1.81424,0.177324,0,0.99792,12.849,1,0.0671817,0.36288,0,155.984,4.65031,151.629,0.84672,12.849,0.84672,3695.15,0,3.68392,0.00312404,1.25645,1.88715,9.39825,1.18282,11.3559,0.06048,3.68392,0.06048,456.806,0,1.54224,0,0,2.79869,1.25645,1.542240,1,0,162.985,0,0,0,162.985,0
661.74,3.44231,0,0,6.21101,0.298146,0.36288,18.144,57.1326,0.045305,0,0,2.64715,0.173434,0,0.99792,12.849,1,0.067053,0.36288,0,109.72,4.43593,105.58,0.84672,12.849,0.84672,3695.15,0,3.68392,0.00305095,2.05475,1.88735,11.0118,1.15604,13.7948,0.06048,3.68392,0.06048,456.806,0,1.54224,0,0,3.59699,2.05475,1.542240,1,0,119.375,0,0,0,119.375,0
662.95,3.44287,0,0,5.31387,0.298233,0.36288,18.144,58.7574,0.0456211,0,0,1.84664,0.176212,0,0.99792,12.849,1,0.0668502,0.36288,0,122.614,4.43593,118.474,0.84672,12.849,0.84672,3695.15,0,3.68392,0.00294165,1.184,1.88754,10.4428,1.15604,12.3554,0.06048,3.68392,0.06048,456.806,0,1.54224,0,0,2.72624,1.184,1.542240,1,0,130.829,0,0,0,130.829,0
662.822,3.77919,0,0,4.32324,0.309003,0.36288,18.144,60.0946,0.217792,0,0,1.71899,0.164074,0,0.99792,12.849,1,0.0732467,0.36288,0,118.069,3.89387,114.465,0.84672,12.849,0.84672,3695.15,0,3.68392,0.0136549,1.24263,1.88773,8.92572,1.09243,10.95,0.06048,3.68392,0.06048,456.806,0,1.54224,0,0,2.78487,1.24263,1.542240,1,0,125.415,0,0,0,125.415,0
661.184,3.77956,0,0,2.81572,0.310784,0.36288,18.144,61.0152,0.218354,0,0,1.3021,0.16313,0,0.99792,12.849,1,0.073268,0.36288,0,57.8631,3.80352,54.3492,0.84672,12.849,0.84672,3695.15,0,3.68392,0.0133856,0.683286,2.09671,4.93248,1.08183,6.61726,0.06048,3.68392,0.06048,456.806,0,1.54224,0,0,2.22553,0.683286,1.542240,1,0,60.9665,0,0,0,60.9665,0
659.143,3.77977,0,0,2.41195,0.310714,0.36288,18.144,61.1536,0.900257,0,0,1.20274,0.164087,0,0.99792,12.849,1,0.0734534,0.36288,0,50.8135,3.80352,47.2994,0.84672,12.849,0.84672,3695.15,0,3.68392,0.0543549,0.608429,2.09693,4.06045,1.08183,5.62962,0.06048,3.68392,0.06048,456.806,0,0.813154,0,0,1.42158,0.608429,1.542240,1,0,52.929,0,0,0,52.929,0
658.915,3.77993,0,0,4.22558,0.310626,0.36288,18.144,61.308,0.459544,0,0,1.81121,0.164231,1.033,0.99792,12.849,1,0.073684,0.36288,0,121.601,3.80352,118.087,0.84672,12.849,0.84672,3695.15,0,3.68392,0.0276831,0.608429,2.09714,11.8712,1.08183,13.4673,0.06048,3.68392,0.06048,456.806,0,1.28307,0,0,1.8915,0.608429,1.542240,1,0,132.587,0,0,0,132.587,0
660.233,3.30111,0,0,5.28585,0.304039,0.36288,18.144,61.308,0,0,0,3.54599,0.167063,3.37892,0.99792,12.849,1,0.0643724,0.36288,0,146.596,3.36945,143.525,0.84672,12.849,0.84672,3695.15,0,3.68392,0,2.10038,2.09735,12.1119,0.884602,15.425,0.06048,3.68392,0.06048,456.806,0,1.52879,0,0,3.62916,2.10038,1.542240,1,0,162.329,0,0,0,162.329,0
662.008,3.30157,0,0,5.74252,0.302998,0.36288,18.144,61.308,0,0,0,3.5918,0.167508,3.4243,0.99792,12.849,1,0.0642528,0.36288,0,142.392,3.2971,139.393,0.84672,12.849,0.84672,3695.15,0,3.68392,0,2.98188,1.81183,14.6787,0.85173,18.6207,0.06048,3.68392,0.06048,456.806,0,1.52894,0,0,4.51082,2.98188,1.542240,1,0,161.438,0,0,0,161.438,0
665.691,3.30207,0,0,7.65141,0.303072,0.36288,18.144,61.308,0,0,0,4.26191,0.167508,4.0944,0.99792,12.849,1,0.0640903,0.36288,0,199.607,3.2971,196.609,0.84672,12.849,0.84672,3695.15,0,3.68392,0,3.27187,1.81201,16.7244,0.85173,20.9565,0.06048,3.68392,0.06048,456.806,0,1.5291,0,0,4.80096,3.27187,1.542240,1,0,221.66,0,0,0,221.66,0
670.216,3.30275,0,0,8.49263,0.302693,0.36288,18.144,61.308,0,0,0,4.48444,0.166038,4.3184,0.99792,12.849,1,0.0637489,0.36288,0,237.602,3.45841,234.442,0.84672,12.849,0.84672,3695.15,0,3.68392,0,3.42264,1.8122,22.2104,0.912095,26.5332,0.06048,3.68392,0.06048,456.806,0,1.52925,0,0,4.95189,3.42264,1.542240,1,0,265.294,0,0,0,265.294,0
674.972,3.30351,0,0,8.72627,0.303544,0.36288,18.144,61.308,0,0,0,5.1446,0.188897,4.9557,0.99792,12.849,1,0.063333,0.36288,0,225.464,3.83017,221.934,0.84672,12.849,0.84672,3695.15,0,3.68392,0,3.39734,1.81238,18.1993,0.963854,22.4452,0.06048,3.68392,0.06048,456.806,0,1.5294,0,0,4.92674,3.39734,1.542240,1,0,249.334,0,0,0,249.334,0
675.357,3.42501,0,0,4.48883,0.315715,0.36288,18.144,61.308,0.0450005,0,0,2.95771,0.197224,2.71548,0.99792,12.849,1,0.0651997,0.36288,0,119.267,3.60727,115.957,0.84672,12.849,0.84672,3695.15,0,3.68392,0.00270402,2.00763,1.81256,13.4704,0.873874,16.414,0.06048,3.68392,0.06048,456.806,0,1.54224,0,0,3.54987,2.00763,1.542240,1,0,135.086,0,0,0,135.086,0
675.994,3.42539,0,0,4.74081,0.315732,0.36288,18.144,61.308,0.0451486,0,0,4.30664,0.197224,4.06427,0.99792,12.849,1,0.0651698,0.36288,0,137.36,3.60727,134.051,0.84672,12.849,0.84672,3695.15,0,3.68392,0.00271292,2.93591,1.88333,16.0412,0.873874,19.9838,0.06048,3.68392,0.06048,456.806,0,1.54224,0,0,4.47815,2.93591,1.542240,1,0,158.099,0,0,0,158.099,0
675.937,3.4258,0,0,4.04715,0.315759,0.36288,18.144,61.308,0.0452968,0,0,3.43739,0.197224,3.19487,0.99792,12.849,1,0.0651161,0.36288,0,106.758,3.60727,103.449,0.84672,12.849,0.84672,3695.15,0,3.68392,0.00272183,2.15131,1.88352,11.6105,0.873874,14.7688,0.06048,3.68392,0.06048,456.806,0,1.54224,0,0,3.69355,2.15131,1.542240,1,0,121.413,0,0,0,121.413,0
675.209,3.42614,0,0,3.34486,0.284075,0.36288,18.144,61.308,0.0454451,0,0,2.41749,0.185013,2.18703,0.99792,12.849,1,0.0651281,0.36288,0,90.6993,3.72571,87.2713,0.84672,12.849,0.84672,3695.15,0,3.68392,0.00273074,1.359,1.88371,8.33198,0.869647,10.7023,0.06048,3.68392,0.06048,456.806,0,1.54224,0,0,2.90124,1.359,1.542240,1,0,100.161,0,0,0,100.161,0
674.712,3.37919,0,0,3.48538,0.240264,0.36288,18.144,61.308,0.0235684,0,0,2.05397,0.204133,1.82627,0.99792,12.849,1,0.064305,0.36288,0,105.872,3.94432,102.226,0.84672,12.849,0.84672,3695.15,0,3.68392,0.00141619,2.03006,1.8839,8.73037,1.0038,11.6391,0.06048,3.68392,0.06048,456.806,0,1.54224,0,0,3.5723,2.03006,1.542240,1,0,115.692,0,0,0,115.692,0
673.965,3.37949,0,0,3.2359,0.240247,0.36288,18.144,61.308,0.0237144,0,0,1.92913,0.204133,1.70128,0.99792,12.849,1,0.064358,0.36288,0,94.4637,3.94432,90.8179,0.84672,12.849,0.84672,3695.15,0,3.68392,0.00142497,1.83692,1.85661,8.15918,1.0038,10.8475,0.06048,3.68392,0.06048,456.806,0,1.54224,0,0,3.37916,1.83692,1.542240,1,0,103.367,0,0,0,103.367,0
672.946,3.37976,0,0,2.96452,0.240223,0.36288,18.144,61.308,0.0238603,0,0,1.80596,0.204133,1.57797,0.99792,12.849,1,0.0644344,0.36288,0,90.1515,3.94432,86.5056,0.84672,12.849,0.84672,3695.15,0,3.68392,0.00143374,1.73371,1.8568,7.72762,1.0038,10.3129,0.06048,3.68392,0.06048,456.806,0,1.54224,0,0,3.27595,1.73371,1.542240,1,0,98.3965,0,0,0,98.3965,0
671.656,3.38001,0,0,2.69279,0.240189,0.36288,18.144,61.308,0.0240064,0,0,1.52461,0.204133,1.29647,0.99792,12.849,1,0.0645367,0.36288,0,81.8052,3.94432,78.1593,0.84672,12.849,0.84672,3695.15,0,3.68392,0.00144252,1.31529,1.85698,6.94984,1.0038,9.11688,0.06048,3.68392,0.06048,456.806,0,1.54224,0,0,2.85753,1.31529,1.542240,1,0,88.5726,0,0,0,88.5726,0
669.991,3.54057,0,0,2.46831,0.230123,0.36288,18.144,61.308,0.10229,0,0,1.5025,0.196279,1.20393,0.99792,12.849,1,0.0677323,0.36288,0,62.4529,4.29846,58.4495,0.84672,12.849,0.84672,3695.15,0,3.68392,0.0061465,0.998197,1.85717,5.96488,0.958067,7.85604,0.06048,3.68392,0.06048,456.806,0,1.54224,0,0,2.54044,0.998197,1.542240,1,0,67.5095,0,0,0,67.5095,0
668.441,3.54077,0,0,2.50801,0.154279,0.36288,18.144,61.308,0.102444,0,0,1.62289,0.219284,1.30117,0.99792,12.849,1,0.0679044,0.36288,0,59.744,4.79352,55.2454,0.84672,12.849,0.84672,3695.15,0,3.68392,0.00615576,1.53558,1.9535,6.55399,1.02784,9.00907,0.06048,3.68392,0.06048,456.806,0,1.54224,0,0,3.07782,1.53558,1.542240,1,0,65.5556,0,0,0,65.5556,0
666.629,3.54097,0,0,2.21442,0.122811,0.36288,18.144,61.308,0.102598,0,0,1.32951,0.230548,0.996359,0.99792,12.849,1,0.0680657,0.36288,0,54.4693,4.94466,49.8195,0.84672,12.849,0.84672,3695.15,0,3.68392,0.006165,1.06474,1.9537,5.52135,1.05825,7.47537,0.06048,3.68392,0.06048,456.806,0,1.54224,0,0,2.60698,1.06474,1.542240,1,0,58.2912,0,0,0,58.2912,0
664.691,3.54115,0,0,2.08866,0.12278,0.36288,18.144,61.308,0.102752,0,0,1.06175,0.230548,0.728452,0.99792,12.849,1,0.0682542,0.36288,0,50.3233,4.94466,45.6733,0.84672,12.849,0.84672,3695.15,0,3.68392,0.00617426,0.767206,1.95389,5.18543,1.05825,6.8421,0.06048,3.68392,0.06048,456.806,0,1.54224,0,0,2.30945,0.767206,1.542240,1,0,53.2439,0,0,0,53.2439,0
662.795,3.54131,0,0,2.14123,0.132368,0.36288,18.144,61.308,0.102906,0,0,0.923158,0.2338,0.586452,0.99792,12.849,1,0.0684563,0.36288,0,49.3187,4.98261,44.6305,0.84672,12.849,0.84672,3695.15,0,3.68392,0.00618351,0.74031,1.95409,4.7432,1.0943,6.33712,0.06048,3.68392,0.06048,456.806,0,1.54224,0,0,2.28255,0.74031,1.542240,1,0,51.5541,0,0,0,51.5541,0
660.849,3.50976,0,0,2.05773,0.131691,0.36288,18.144,61.308,0.146028,0,0,0.937319,0.208916,0.582376,0.99792,12.849,1,0.0680404,0.36288,0,51.9264,4.52319,47.698,0.84672,12.849,0.84672,3695.15,0,3.68392,0.00877463,0.850859,1.95429,4.2768,1.04149,6.03169,0.06048,3.68392,0.06048,456.806,0,1.54224,0,0,2.3931,0.850859,1.542240,1,0,54.3121,0,0,0,54.3121,0
658.706,3.50991,0,0,1.86176,0.131656,0.36288,18.144,61.308,0.146186,0,0,0.869875,0.208916,0.514773,0.99792,12.849,1,0.0682439,0.36288,0,46.6305,4.52319,42.402,0.84672,12.849,0.84672,3695.15,0,3.68392,0.00878415,0.554006,1.98445,4.10185,1.04149,5.59004,0.06048,3.68392,0.06048,456.806,0,1.54224,0,0,2.09625,0.554006,1.542240,1,0,48.5068,0,0,0,48.5068,0
656.504,3.51005,0,0,1.77373,0.103307,0.36288,18.144,61.308,0.146345,0,0,0.823046,0.27473,0.401972,0.99792,12.849,1,0.0684686,0.36288,0,42.2437,5.37009,37.168,0.84672,12.849,0.84672,3695.15,0,3.68392,0.00879366,0.564261,1.98465,3.88625,1.35062,5.07575,0.06048,3.68392,0.06048,456.806,0,1.54224,0,0,2.1065,0.564261,1.542240,1,0,42.6458,0,0,0,42.6458,0
654.107,3.51018,0,0,1.5747,0.0985584,0.36288,18.144,61.308,0.146503,0,0,0.769582,0.285699,0.33738,0.99792,12.849,1,0.0687008,0.36288,0,38.6364,5.51124,33.4194,0.84672,12.849,0.84672,3695.15,0,3.68392,0.00880318,0.506658,1.98485,3.75813,1.40214,4.8387,0.06048,3.68392,0.06048,456.806,0,1.54224,0,0,2.0489,0.506658,1.542240,1,0,38.5955,0,0,0,38.5955,0
651.7,3.59221,0,0,1.63448,0.0857863,0.36288,18.144,61.308,0.18497,0,0,0.757296,0.312091,0.260235,0.99792,12.849,1,0.0705639,0.36288,0,34.6299,5.81337,29.1088,0.84672,12.849,0.84672,3695.15,0,3.68392,0.0111146,0.299799,1.98505,3.28503,1.51135,4.04742,0.06048,3.68392,0.06048,456.806,0,1.54224,0,0,1.84204,0.299799,1.542240,1,0,33.4165,0,0,0,33.4165,0
649.31,3.59232,0,0,1.6457,0.0806172,0.36288,18.144,61.308,0.185133,0,0,0.719582,0.316533,0.217916,0.99792,12.849,1,0.0708266,0.36288,0,45.361,5.85134,39.8017,0.84672,12.849,0.84672,3695.15,0,3.68392,0.0111244,0.519852,2.03303,3.61606,1.53384,4.62397,0.06048,3.68392,0.06048,456.806,0,1.54224,0,0,2.06209,0.519852,1.542240,1,0,44.6436,0,0,0,44.6436,0
646.815,3.59243,0,0,1.54096,0.0805905,0.36288,18.144,61.308,0.185295,0,0,0.669159,0.316533,0.167331,0.99792,12.849,1,0.0710894,0.36288,0,36.4207,5.85134,30.8612,0.84672,12.849,0.84672,3695.15,0,3.68392,0.0111341,0.481628,2.03323,3.2596,1.53384,4.22949,0.06048,3.68392,0.06048,456.806,0,1.54224,0,0,2.02387,0.481628,1.542240,1,0,35.258,0,0,0,35.258,0
644.182,3.59252,0,0,1.40299,0.0805627,0.36288,18.144,61.308,0.238382,0,0,0.635282,0.316533,0.0803663,0.99792,12.849,1,0.0713655,0.36288,0,33.1926,5.85134,27.6328,0.84672,12.849,0.84672,3695.15,0,3.68392,0.0143241,0.227405,2.03344,3.04047,1.53384,3.75315,0.06048,3.68392,0.06048,456.806,0,1.48503,0,0,1.71243,0.227405,1.542240,1,0,31.4663,0,0,0,31.4663,0
641.647,3.83253,0,0,1.72357,0.0636302,0.36288,18.144,61.308,0.323951,0,0,0.759344,0.335169,0.100223,0.99792,12.849,1,0.0764445,0.36288,0,33.4857,5.99582,27.7763,0.84672,12.849,0.84672,3695.15,0,3.68392,0.0194658,0.659336,2.03365,4.31266,1.54564,5.44053,0.06048,3.68392,0.06048,456.806,0,1.54224,0,0,2.20158,0.659336,1.542240,1,0,33.3171,0,0,0,33.3171,0
639.268,3.83262,0,0,1.86785,0.0509357,0.36288,18.144,61.308,0.324127,0,0,0.766333,0.349146,0.09306,0.99792,12.849,1,0.0767484,0.36288,0,34.9086,6.10418,29.0906,0.84672,12.849,0.84672,3695.15,0,3.68392,0.0194764,0.470215,2.1957,3.65729,1.55449,4.74924,0.06048,3.68392,0.06048,456.806,0,1.54224,0,0,2.01245,0.470215,1.542240,1,0,33.9329,0,0,0,33.9329,0
636.56,3.83273,0,0,1.53814,0.0509189,0.36288,18.144,61.3016,0.324304,0,0,0.667001,0.349146,0,0.99792,12.849,1,0.0770361,0.36288,0,43.337,6.10418,37.5187,0.84672,12.849,0.84672,3695.15,0,3.68392,0.019487,0.235976,2.19592,3.26287,1.55449,4.12079,0.06048,3.68392,0.06048,456.806,0,1.54224,0,0,1.77822,0.235976,1.542240,1,0,41.6395,0,0,0,41.6395,0
634.015,3.8328,0,0,1.7016,0.0508997,0.36288,18.144,61.308,0.324477,0,0,0.916248,0.349132,0.23619,0.99792,12.849,1,0.0773652,0.36288,0,37.1555,6.10418,31.3368,0.84672,12.849,0.84672,3695.15,0,3.68392,0.0194995,0.785583,2.19614,3.8992,1.55449,5.30693,0.06048,3.68392,0.06048,456.806,0,1.54224,0,0,2.32782,0.785583,1.542240,1,0,36.8799,0,0,0,36.8799,0
631.261,3.83288,0,0,1.48505,0.042926,0.36288,18.144,61.308,0.324656,0,0,0.683021,0.352672,0.00569237,0.99792,12.849,1,0.0776775,0.36288,0,32.9162,6.0928,27.1086,0.84672,12.849,0.84672,3695.15,0,3.68392,0.0195082,0.491711,2.19636,4.17458,1.55081,5.29233,0.06048,3.68392,0.06048,456.806,0,1.54224,0,0,2.03395,0.491711,1.542240,1,0,32.4067,0,0,0,32.4067,0
628.136,3.71599,0,0,1.03603,0.0820735,0.36288,18.144,60.811,0.653526,0,0,0.476643,0.320081,0,0.99792,12.849,1,0.075637,0.36288,0,18.1334,5.73309,12.6875,0.84672,12.849,0.84672,3695.15,0,3.68392,0.0392696,0.204422,2.19658,2.53778,1.42785,3.47167,0.06048,3.68392,0.06048,456.806,0,1.09909,0,0,1.30351,0.204422,1.542240,1,0,16.1592,0,0,0,16.1592,0
625.353,3.71599,0,0,1.38746,0.0918746,0.36288,18.144,60.8136,0.27145,0,0,0.586189,0.312197,0,0.99792,12.849,1,0.0760134,0.36288,0,24.0615,5.67788,18.6705,0.84672,12.849,0.84672,3695.15,0,3.68392,0.0164444,0.216518,2.10401,3.11919,1.40888,4.01439,0.06048,3.68392,0.06048,456.806,0,1.50915,0,0,1.72567,0.216518,1.542240,1,0,22.6849,0,0,0,22.6849,0
622.93,3.71604,0,0,1.74759,0.091839,0.36288,18.144,61.1392,0.24101,0,0,0.878844,0.312202,0,0.99792,12.849,1,0.0763526,0.36288,0,48.9732,5.67788,43.5818,0.84672,12.849,0.84672,3695.15,0,3.68392,0.0145997,1.04689,2.10422,4.30848,1.40888,6.03611,0.06048,3.68392,0.06048,456.806,0,1.54224,0,0,2.58913,1.04689,1.542240,1,0,49.6179,0,0,0,49.6179,0
620.321,3.71612,0,0,1.63341,0.162653,0.36288,18.144,61.1726,0.27122,0,0,0.594804,0.290186,0,0.99792,12.849,1,0.0766514,0.36288,0,38.5105,5.62585,33.1708,0.84672,12.849,0.84672,3695.15,0,3.68392,0.0163423,0.216518,2.10443,2.59701,1.43223,3.46939,0.06048,3.68392,0.06048,456.806,0,1.50988,0,0,1.7264,0.216518,1.542240,1,0,36.6402,0,0,0,36.6402,0
617.436,3.62018,0,0,1.29582,0.197857,0.36288,18.144,60.8708,0.593518,0,0,0.561203,0.269542,0,0.99792,12.849,1,0.0749865,0.36288,0,21.7549,5.06097,16.9818,0.84672,12.849,0.84672,3695.15,0,3.68392,0.0357427,0.216518,2.10465,2.10149,1.23644,3.15047,0.06048,3.68392,0.06048,456.806,0,1.08156,0,0,1.29807,0.216518,1.542240,1,0,20.1323,0,0,0,20.1323,0
614.664,3.6202,0,0,1.40565,0.194803,0.36288,18.144,60.7025,0.512116,0,0,0.612309,0.26841,0,0.99792,12.849,1,0.0753373,0.36288,0,23.2888,4.97332,18.603,0.84672,12.849,0.84672,3695.15,0,3.68392,0.0309934,0.216518,2.02236,3.74406,1.20089,4.75105,0.06048,3.68392,0.06048,456.806,0,1.16854,0,0,1.38506,0.216518,1.542240,1,0,23.354,0,0,0,23.354,0
612.449,3.62024,0,0,1.98709,0.218829,0.36288,18.144,60.9419,0.275377,0,0,0.77563,0.260885,0,0.99792,12.849,1,0.0756778,0.36288,0,37.0331,4.75886,32.5615,0.84672,12.849,0.84672,3695.15,0,3.68392,0.0167121,0.292723,2.02256,3.44985,1.16975,4.57868,0.06048,3.68392,0.06048,456.806,0,1.42311,0,0,1.71583,0.292723,1.542240,1,0,37.1401,0,0,0,37.1401,0
612.533,3.62033,0,0,4.31821,0.250886,0.36288,18.144,61.308,0.165406,0,0,1.54958,0.251614,0.766458,0.99792,12.849,1,0.0759535,0.36288,0,42.9097,4.47289,38.7237,0.84672,12.849,0.84672,3695.15,0,3.68392,0.00999875,0.926917,2.02277,6.28894,1.12821,8.10041,0.06048,3.68392,0.06048,456.806,0,1.54224,0,0,2.46916,0.926917,1.542240,1,0,47.5906,0,0,0,47.5906,0
610.837,3.34803,0,0,2.28599,0.270994,0.36288,18.144,61.308,0.330353,0,0,0.628235,0.217725,0.0801576,0.99792,12.849,1,0.070231,0.36288,0,34.9378,4.15744,31.073,0.84672,12.849,0.84672,3695.15,0,3.68392,0.0198505,0.292723,2.02297,3.46194,1.07547,4.68231,0.06048,3.68392,0.06048,456.806,0,1.19241,0,0,1.48513,0.292723,1.542240,1,0,35.8355,0,0,0,35.8355,0
608.342,3.34818,0,0,1.49176,0.27642,0.36288,18.144,61.308,0.203503,0,0,0.56019,0.195132,0.161554,0.99792,12.849,1,0.0704291,0.36288,0,26.7741,3.88548,23.181,0.84672,12.849,0.84672,3695.15,0,3.68392,0.0122283,0.292723,1.83737,3.45666,0.890289,4.68423,0.06048,3.68392,0.06048,456.806,0,1.32905,0,0,1.62177,0.292723,1.542240,1,0,28.0268,0,0,0,28.0268,0
606.37,3.34823,0,0,2.00963,0.270333,0.36288,18.144,61.308,0.0124978,0,0,0.613087,0.177326,0.423264,0.99792,12.849,1,0.0707192,0.36288,0,37.2808,4.03788,33.5351,0.84672,12.849,0.84672,3695.15,0,3.68392,0.000750979,0.412474,1.83755,4.4088,0.963617,5.69446,0.06048,3.68392,0.06048,456.806,0,1.53579,0,0,1.94826,0.412474,1.542240,1,0,39.6528,0,0,0,39.6528,0
604.611,3.34834,0,0,2.22236,0.270259,0.36288,18.144,60.8847,0.766749,0,0,0.520798,0.177326,0,0.99792,12.849,1,0.0709515,0.36288,0,41.5627,4.03788,37.8168,0.84672,12.849,0.84672,3695.15,0,3.68392,0.046073,0.412474,1.83774,3.2207,0.963617,4.46122,0.06048,3.68392,0.06048,456.806,0,0.727583,0,0,1.14006,0.412474,1.542240,1,0,42.278,0,0,0,42.278,0
604.666,3.34848,0,0,4.03463,0.268102,0.36288,18.144,61.308,0.179523,0,0,1.3021,0.175605,0.523694,0.99792,12.849,1,0.0711609,0.36288,0,73.662,4.01562,69.9381,0.84672,12.849,0.84672,3695.15,0,3.68392,0.0108623,0.412474,1.83792,4.33063,0.977117,5.59304,0.06048,3.68392,0.06048,456.806,0,1.35528,0,0,1.76775,0.412474,1.542240,1,0,76.0549,0,0,0,76.0549,0
606.847,3.45372,0,0,6.21737,0.220124,0.36288,18.144,61.308,0.0531498,0,0,0.798682,0.192355,0.553177,0.99792,12.849,1,0.0733906,0.36288,0,109.078,3.72624,105.642,0.84672,12.849,0.84672,3695.15,0,3.68392,0.0031937,2.31794,1.83811,4.87849,0.866755,8.16459,0.06048,3.68392,0.06048,456.806,0,1.54224,0,0,3.86018,2.31794,1.542240,1,0,114.359,0,0,0,114.359,0
607.962,3.45429,0,0,5.19083,0.258412,0.36288,18.144,61.308,0.053285,0,0,0.662541,0.229686,0.37957,0.99792,12.849,1,0.0731391,0.36288,0,92.5093,4.52624,88.2729,0.84672,12.849,0.84672,3695.15,0,3.68392,0.00320183,1.85884,1.89708,4.22992,1.11631,6.86632,0.06048,3.68392,0.06048,456.806,0,1.54224,0,0,3.40108,1.85884,1.542240,1,0,95.5187,0,0,0,95.5187,0
609.447,3.45474,0,0,5.56126,0.258453,0.36288,18.144,61.308,0.0534201,0,0,0.759542,0.229686,0.476436,0.99792,12.849,1,0.0730144,0.36288,0,97.9811,4.52624,93.7447,0.84672,12.849,0.84672,3695.15,0,3.68392,0.00320995,2.28296,1.89725,4.58601,1.11631,7.64669,0.06048,3.68392,0.06048,456.806,0,1.54224,0,0,3.8252,2.28296,1.542240,1,0,101.868,0,0,0,101.868,0
610.462,3.45523,0,0,5.09129,0.258506,0.36288,18.144,61.308,0.0535552,0,0,0.746962,0.229686,0.46372,0.99792,12.849,1,0.0728468,0.36288,0,89.9666,4.52624,85.7304,0.84672,12.849,0.84672,3695.15,0,3.68392,0.00321807,2.24901,1.89743,4.75563,1.11631,7.78253,0.06048,3.68392,0.06048,456.806,0,1.54224,0,0,3.79125,2.24901,1.542240,1,0,93.9766,0,0,0,93.9766,0
610.703,3.79272,0,0,4.66849,0.271452,0.36288,18.144,61.308,0.227094,0,0,0.683561,0.227154,0.229314,0.99792,12.849,1,0.0798292,0.36288,0,76.3828,4.34189,72.3239,0.84672,12.849,0.84672,3695.15,0,3.68392,0.0136458,1.11269,1.8976,4.34673,1.04635,6.29702,0.06048,3.68392,0.06048,456.806,0,1.54224,0,0,2.65493,1.11269,1.542240,1,0,78.8503,0,0,0,78.8503,0
613.48,3.7931,0,0,7.20921,0.276626,0.36288,18.144,61.308,0.227245,0,0,0.900503,0.22614,0.447117,0.99792,12.849,1,0.0798056,0.36288,0,101.08,4.26814,97.0952,0.84672,12.849,0.84672,3695.15,0,3.68392,0.0136549,1.73375,2.10766,5.72356,1.01836,8.53295,0.06048,3.68392,0.06048,456.806,0,1.54224,0,0,3.27599,1.73375,1.542240,1,0,106.075,0,0,0,106.075,0
614.259,3.7938,0,0,5.21242,0.276733,0.36288,18.144,61.308,0.227396,0,0,0.609612,0.22614,0.156075,0.99792,12.849,1,0.0794591,0.36288,0,76.2307,4.26814,72.246,0.84672,12.849,0.84672,3695.15,0,3.68392,0.013664,1.02364,2.10785,4.11262,1.01836,6.21209,0.06048,3.68392,0.06048,456.806,0,1.54224,0,0,2.56588,1.02364,1.542240,1,0,78.6142,0,0,0,78.6142,0
613.659,3.79425,0,0,3.82588,0.268553,0.36288,18.144,60.7129,0.706343,0,0,0.339748,0.228531,0,0.99792,12.849,1,0.0793677,0.36288,0,56.9143,4.2836,52.9142,0.84672,12.849,0.84672,3695.15,0,3.68392,0.0424432,0.608429,2.10805,3.43093,1.03483,5.07013,0.06048,3.68392,0.06048,456.806,0,1.02855,0,0,1.63698,0.608429,1.542240,1,0,57.9843,0,0,0,57.9843,0
613.045,3.31354,0,0,3.36634,0.303754,0.36288,18.144,61.1707,0.0338456,0,0,0.693594,0.201955,0,0.99792,12.849,1,0.0693801,0.36288,0,70.9854,3.78792,67.491,0.84672,12.849,0.84672,3695.15,0,3.68392,0.00205368,0.608429,2.10824,6.81455,0.916259,8.61291,0.06048,3.68392,0.06048,456.806,0,1.49997,0,0,2.1084,0.608429,1.542240,1,0,76.1039,0,0,0,76.1039,0
614.845,3.31378,0,0,5.81433,0.337517,0.36288,18.144,61.308,0,0,0,1.22813,0.186494,0.904307,0.99792,12.849,1,0.0694545,0.36288,0,96.2954,3.55257,93.0363,0.84672,12.849,0.84672,3695.15,0,3.68392,0,2.49219,1.82122,9.62617,0.829315,13.1103,0.06048,3.68392,0.06048,456.806,0,1.53685,0,0,4.02904,2.49219,1.542240,1,0,107.051,0,0,0,107.051,0
616.019,3.31428,0,0,5.18892,0.337602,0.36288,18.144,61.308,0,0,0,0.824638,0.186656,0.637982,0.99792,12.849,1,0.0692616,0.36288,0,78.3397,3.55257,75.0808,0.84672,12.849,0.84672,3695.15,0,3.68392,0,1.10788,1.82139,7.07736,0.829315,9.17731,0.06048,3.68392,0.06048,456.806,0,1.53699,0,0,2.64487,1.10788,1.542240,1,0,84.8961,0,0,0,84.8961,0
615.643,3.31471,0,0,3.63869,0.337657,0.36288,18.144,61.308,0,0,0,0.651543,0.186656,0.464887,0.99792,12.849,1,0.0691386,0.36288,0,79.1977,3.55257,75.9389,0.84672,12.849,0.84672,3695.15,0,3.68392,0,0.56213,1.82155,5.99434,0.829315,7.54871,0.06048,3.68392,0.06048,456.806,0,1.53713,0,0,2.09926,0.56213,1.542240,1,0,83.9525,0,0,0,83.9525,0
614.439,3.31498,0,0,2.78237,0.308865,0.36288,18.144,61.1128,0.512337,0,0,0.506324,0.189225,0,0.99792,12.849,1,0.0691864,0.36288,0,67.4836,3.48063,64.2966,0.84672,12.849,0.84672,3695.15,0,3.68392,0.0307857,0.558835,1.82172,5.81783,0.881156,7.28645,0.06048,3.68392,0.06048,456.806,0,0.98591,0,0,1.54475,0.558835,1.542240,1,0,71.5831,0,0,0,71.5831,0
613.985,3.43627,0,0,3.66048,0.315006,0.36288,18.144,61.308,0.0525154,0,0,0.963196,0.23747,0.477972,0.99792,12.849,1,0.0718586,0.36288,0,89.862,3.91114,86.2419,0.84672,12.849,0.84672,3695.15,0,3.68392,0.00316567,2.63683,1.82189,7.89002,1.09844,11.2471,0.06048,3.68392,0.06048,456.806,0,1.54224,0,0,4.17907,2.63683,1.542240,1,0,97.967,0,0,0,97.967,0
612.875,3.43654,0,0,3.00438,0.314986,0.36288,18.144,61.308,0.208982,0,0,0.691295,0.237763,0.24455,0.99792,12.849,1,0.0719172,0.36288,0,71.5107,3.91114,67.8905,0.84672,12.849,0.84672,3695.15,0,3.68392,0.0125575,0.528595,1.893,6.34349,1.09844,7.65409,0.06048,3.68392,0.06048,456.806,0,1.37317,0,0,1.90177,0.528595,1.542240,1,0,75.7891,0,0,0,75.7891,0
613.997,3.43672,0,0,5.23718,0.314937,0.36288,18.144,61.308,0.0527987,0,0,1.19922,0.237763,0.908662,0.99792,12.849,1,0.0720514,0.36288,0,114.154,3.91114,110.534,0.84672,12.849,0.84672,3695.15,0,3.68392,0.00317261,1.69013,1.89318,8.48517,1.09844,10.9669,0.06048,3.68392,0.06048,456.806,0,1.54224,0,0,3.23237,1.69013,1.542240,1,0,122.409,0,0,0,122.409,0
613.72,3.43717,0,0,3.82623,0.303327,0.36288,18.144,61.308,0.0529337,0,0,1.03813,0.246345,0.738852,0.99792,12.849,1,0.0719289,0.36288,0,83.0321,4.03797,79.2851,0.84672,12.849,0.84672,3695.15,0,3.68392,0.00318072,0.995959,1.89335,7.15159,1.14216,8.89555,0.06048,3.68392,0.06048,456.806,0,1.54224,0,0,2.5382,0.995959,1.542240,1,0,88.9195,0,0,0,88.9195,0
612.477,3.39008,0,0,2.73777,0.228633,0.36288,18.144,61.308,0.0309315,0,0,0.701957,0.231898,0.439127,0.99792,12.849,1,0.0709754,0.36288,0,60.014,4.58462,55.7212,0.84672,12.849,0.84672,3695.15,0,3.68392,0.00185864,0.776727,1.89352,5.02578,1.25426,6.43992,0.06048,3.68392,0.06048,456.806,0,1.54224,0,0,2.31897,0.776727,1.542240,1,0,62.6003,0,0,0,62.6003,0
610.937,3.39024,0,0,2.44233,0.228594,0.36288,18.144,61.308,0.0765009,0,0,0.623303,0.231898,0.314904,0.99792,12.849,1,0.0711231,0.36288,0,51.5451,4.58462,47.2523,0.84672,12.849,0.84672,3695.15,0,3.68392,0.00459684,0.528595,1.86607,4.36435,1.25426,5.50016,0.06048,3.68392,0.06048,456.806,0,1.49299,0,0,2.02159,0.528595,1.542240,1,0,53.0673,0,0,0,53.0673,0
609.223,3.39038,0,0,2.25044,0.211527,0.36288,18.144,61.308,0.0739617,0,0,0.571203,0.209143,0.288099,0.99792,12.849,1,0.0713052,0.36288,0,48.0776,4.11278,44.2564,0.84672,12.849,0.84672,3695.15,0,3.68392,0.00444427,0.402797,1.86624,3.93034,1.13458,5.06036,0.06048,3.68392,0.06048,456.806,0,1.49589,0,0,1.89868,0.402797,1.542240,1,0,49.6049,0,0,0,49.6049,0
607.41,3.39049,0,0,2.13975,0.198716,0.36288,18.144,61.308,0.0313306,0,0,0.546011,0.192076,0.322604,0.99792,12.849,1,0.0715082,0.36288,0,44.4102,3.7589,40.9427,0.84672,12.849,0.84672,3695.15,0,3.68392,0.00188262,0.528604,1.86641,3.92829,1.04483,5.27659,0.06048,3.68392,0.06048,456.806,0,1.54224,0,0,2.07084,0.528604,1.542240,1,0,46.5419,0,0,0,46.5419,0
605.408,3.55143,0,0,2.08849,0.176299,0.36288,18.144,61.308,0.109997,0,0,0.621543,0.21448,0.297066,0.99792,12.849,1,0.0751261,0.36288,0,39.596,4.15219,35.7316,0.84672,12.849,0.84672,3695.15,0,3.68392,0.00660958,0.699944,1.86658,3.86593,1.09254,5.33331,0.06048,3.68392,0.06048,456.806,0,1.54224,0,0,2.24218,0.699944,1.542240,1,0,41.3619,0,0,0,41.3619,0
603.312,3.55152,0,0,1.97707,0.159479,0.36288,18.144,61.308,0.110137,0,0,0.525841,0.231282,0.184421,0.99792,12.849,1,0.0753763,0.36288,0,37.2616,4.44717,33.102,0.84672,12.849,0.84672,3695.15,0,3.68392,0.006618,0.411359,1.96338,3.22437,1.12832,4.46417,0.06048,3.68392,0.06048,456.806,0,1.54224,0,0,1.9536,0.411359,1.542240,1,0,37.7506,0,0,0,37.7506,0
601.049,3.55159,0,0,1.81102,0.159433,0.36288,18.144,61.308,0.18622,0,0,0.480997,0.231282,0.0634954,0.99792,12.849,1,0.0756397,0.36288,0,33.4344,4.44717,29.2744,0.84672,12.849,0.84672,3695.15,0,3.68392,0.0111897,0.30119,1.96356,3.07985,1.12832,4.20509,0.06048,3.68392,0.06048,456.806,0,1.46007,0,0,1.76126,0.30119,1.542240,1,0,33.543,0,0,0,33.543,0
598.7,3.55163,0,0,1.68238,0.116916,0.36288,18.144,61.2661,0.242748,0,0,0.460471,0.259612,0,0.99792,12.849,1,0.0759255,0.36288,0,29.5821,4.76847,25.1005,0.84672,12.849,0.84672,3695.15,0,3.68392,0.0145864,0.30119,1.96374,2.94074,1.21042,3.98066,0.06048,3.68392,0.06048,456.806,0,1.3992,0,0,1.70039,0.30119,1.542240,1,0,29.0812,0,0,0,29.0812,0
596.384,3.55167,0,0,1.70266,0.103405,0.36288,18.144,61.308,0.110552,0,0,0.487062,0.276895,0.0577258,0.99792,12.849,1,0.0762241,0.36288,0,32.3235,5.07393,27.5363,0.84672,12.849,0.84672,3695.15,0,3.68392,0.00664747,0.314349,1.96392,3.18266,1.27481,4.17947,0.06048,3.68392,0.06048,456.806,0,1.54224,0,0,1.85659,0.314349,1.542240,1,0,31.7735,0,0,0,31.7735,0
594.089,3.51989,0,0,1.67467,0.0873848,0.36288,18.144,61.308,0.153881,0,0,0.545165,0.308553,0.0827308,0.99792,12.849,1,0.0758355,0.36288,0,37.548,5.7037,32.1313,0.84672,12.849,0.84672,3695.15,0,3.68392,0.00924652,0.510062,1.9641,3.02079,1.4016,4.0841,0.06048,3.68392,0.06048,456.806,0,1.54224,0,0,2.0523,0.510062,1.542240,1,0,36.2981,0,0,0,36.2981,0
591.664,3.51993,0,0,1.54511,0.0873568,0.36288,18.144,61.308,0.154025,0,0,0.530356,0.308553,0.0677776,0.99792,12.849,1,0.0761292,0.36288,0,33.9288,5.7037,28.5118,0.84672,12.849,0.84672,3695.15,0,3.68392,0.00925519,0.400957,1.9944,2.84443,1.4016,3.82893,0.06048,3.68392,0.06048,456.806,0,1.54224,0,0,1.9432,0.400957,1.542240,1,0,32.4085,0,0,0,32.4085,0
589.139,3.51994,0,0,1.44535,0.0873272,0.36288,18.144,61.2585,0.227366,0,0,0.486458,0.308553,0,0.99792,12.849,1,0.0764416,0.36288,0,30.9416,5.7037,25.5243,0.84672,12.849,0.84672,3695.15,0,3.68392,0.0136621,0.261274,1.99458,2.77181,1.4016,3.6124,0.06048,3.68392,0.06048,456.806,0,1.4631,0,0,1.72437,0.261274,1.542240,1,0,29.1367,0,0,0,29.1367,0
586.57,3.51995,0,0,1.40093,0.0872964,0.36288,18.144,61.1007,0.317852,0,0,0.468442,0.308457,0,0.99792,12.849,1,0.0767693,0.36288,0,27.5819,5.7037,22.1643,0.84672,12.849,0.84672,3695.15,0,3.68392,0.0191147,0.261274,1.99476,2.74288,1.4016,3.5782,0.06048,3.68392,0.06048,456.806,0,1.36566,0,0,1.62693,0.261274,1.542240,1,0,25.7425,0,0,0,25.7425,0
583.901,3.60209,0,0,1.36057,0.0644027,0.36288,18.144,61.1069,0.228793,0,0,0.557569,0.322508,0,0.99792,12.849,1,0.0789049,0.36288,0,26.1484,5.94949,20.4829,0.84672,12.849,0.84672,3695.15,0,3.68392,0.0137945,0.261274,1.99494,2.58947,1.51183,3.32007,0.06048,3.68392,0.06048,456.806,0,1.50343,0,0,1.7647,0.261274,1.542240,1,0,23.803,0,0,0,23.803,0
581.229,3.60206,0,0,1.35401,0.0605697,0.36288,18.144,61.1195,0.193056,0,0,0.530485,0.324914,0,0.99792,12.849,1,0.079265,0.36288,0,34.1358,5.99046,28.4289,0.84672,12.849,0.84672,3695.15,0,3.68392,0.0116386,0.444234,2.04314,2.80073,1.5302,3.74627,0.06048,3.68392,0.06048,456.806,0,1.54224,0,0,1.98647,0.444234,1.542240,1,0,32.1752,0,0,0,32.1752,0
578.472,3.60204,0,0,1.26783,0.0605471,0.36288,18.144,61.0946,0.193207,0,0,0.493333,0.32494,0,0.99792,12.849,1,0.0796287,0.36288,0,27.4078,5.99046,21.7006,0.84672,12.849,0.84672,3695.15,0,3.68392,0.0116454,0.407411,2.04333,2.52464,1.5302,3.43354,0.06048,3.68392,0.06048,456.806,0,1.54224,0,0,1.94965,0.407411,1.542240,1,0,25.1341,0,0,0,25.1341,0
575.601,3.602,0,0,1.15433,0.0605237,0.36288,18.144,60.9337,0.304436,0,0,0.468355,0.324889,0,0.99792,12.849,1,0.0800074,0.36288,0,24.9785,5.99046,19.2709,0.84672,12.849,0.84672,3695.15,0,3.68392,0.018357,0.227405,2.04351,2.35493,1.5302,3.07729,0.06048,3.68392,0.06048,456.806,0,1.42225,0,0,1.64965,0.227405,1.542240,1,0,22.3482,0,0,0,22.3482,0
572.6,3.84249,0,0,1.24813,0.0433303,0.36288,18.144,60.7701,0.332403,0,0,0.509039,0.340184,0,0.99792,12.849,1,0.0857751,0.36288,0,23.9842,6.15319,18.1081,0.84672,12.849,0.84672,3695.15,0,3.68392,0.0200964,0.493957,2.0437,2.97485,1.5465,3.94591,0.06048,3.68392,0.06048,456.806,0,1.54224,0,0,2.0362,0.493957,1.542240,1,0,22.054,0,0,0,22.054,0
569.596,3.8424,0,0,1.24435,0.0428287,0.36288,18.144,60.5871,0.332493,0,0,0.498066,0.348599,0,0.99792,12.849,1,0.0862226,0.36288,0,25.8733,6.02122,20.1287,0.84672,12.849,0.84672,3695.15,0,3.68392,0.0201559,0.279055,2.20653,2.43149,1.49852,3.3984,0.06048,3.68392,0.06048,456.806,0,1.54224,0,0,1.82129,0.279055,1.542240,1,0,23.5271,0,0,0,23.5271,0
566.348,3.84231,0,0,0.999657,0.0428107,0.36288,18.144,59.8169,0.782237,0,0,0.360244,0.348195,0,0.99792,12.849,1,0.0866752,0.36288,0,25.2825,6.02122,19.5374,0.84672,12.849,0.84672,3695.15,0,3.68392,0.0475629,0.204422,2.20674,1.95192,1.49852,2.817,0.06048,3.68392,0.06048,456.806,0,1.06002,0,0,1.26444,0.204422,1.542240,1,0,22.3544,0,0,0,22.3544,0
563.345,3.84218,0,0,1.24496,0.0427912,0.36288,18.144,59.7537,0.332394,0,0,0.615719,0.346492,0,0.99792,12.849,1,0.0871693,0.36288,0,23.0907,6.02122,17.3451,0.84672,12.849,0.84672,3695.15,0,3.68392,0.020471,0.849597,2.20694,3.01807,1.49852,4.55562,0.06048,3.68392,0.06048,456.806,0,1.54224,0,0,2.39184,0.849597,1.542240,1,0,21.9008,0,0,0,21.9008,0
560.081,3.84208,0,0,0.997332,0.0561065,0.36288,18.144,59.3972,0.494683,0,0,0.443151,0.30498,0,0.99792,12.849,1,0.0876316,0.36288,0,20.7157,5.03273,15.9582,0.84672,12.849,0.84672,3695.15,0,3.68392,0.030498,0.204422,2.20714,2.92675,1.09774,4.21007,0.06048,3.68392,0.06048,456.806,0,1.36735,0,0,1.57177,0.204422,1.542240,1,0,20.1683,0,0,0,20.1683,0
557.108,3.72471,0,0,1.20642,0.0926378,0.36288,18.144,59.145,0.559855,0,0,0.602688,0.295021,0,0.99792,12.849,1,0.0854496,0.36288,0,34.674,5.5713,29.3802,0.84672,12.849,0.84672,3695.15,0,3.68392,0.0347232,0.204422,2.20734,3.23136,1.21152,4.39688,0.06048,3.68392,0.06048,456.806,0,1.20646,0,0,1.41089,0.204422,1.542240,1,0,33.7771,0,0,0,33.7771,0
554,3.7246,0,0,1.07272,0.0925992,0.36288,18.144,59.4835,0.248391,0,0,0.88143,0.294545,0,0.99792,12.849,1,0.0859033,0.36288,0,29.415,5.5713,24.1206,0.84672,12.849,0.84672,3695.15,0,3.68392,0.0154713,0.783734,2.11429,3.71387,1.21152,5.38491,0.06048,3.68392,0.06048,456.806,0,1.54224,0,0,2.32597,0.783734,1.542240,1,0,29.5056,0,0,0,29.5056,0
550.767,3.72447,0,0,0.946339,0.0925588,0.36288,18.144,59.1107,0.573854,0,0,0.496247,0.295184,0,0.99792,12.849,1,0.0863821,0.36288,0,30.4693,5.5713,25.1745,0.84672,12.849,0.84672,3695.15,0,3.68392,0.0355398,0.216518,2.11449,2.7851,1.21152,3.86904,0.06048,3.68392,0.06048,456.806,0,1.19185,0,0,1.40837,0.216518,1.542240,1,0,29.0435,0,0,0,29.0435,0
547.39,3.72432,0,0,0.80301,0.0925167,0.36288,18.144,58.5753,0.693327,0,0,0.452354,0.29448,0,0.99792,12.849,1,0.0868857,0.36288,0,28.1543,5.5713,22.859,0.84672,12.849,0.84672,3695.15,0,3.68392,0.0432098,0.216518,2.11468,2.65016,1.21152,3.72663,0.06048,3.68392,0.06048,456.806,0,1.06389,0,0,1.28041,0.216518,1.542240,1,0,26.5856,0,0,0,26.5856,0
544.532,3.62793,0,0,1.26114,0.127875,0.36288,18.144,58.3343,0.556988,0,0,0.52663,0.210585,0,0.99792,12.849,1,0.0851592,0.36288,0,30.7272,4.15828,26.8466,0.84672,12.849,0.84672,3695.15,0,3.68392,0.0350301,0.216518,2.11487,3.83969,0.922446,5.21361,0.06048,3.68392,0.06048,456.806,0,1.12692,0,0,1.34344,0.216518,1.542240,1,0,32.0603,0,0,0,32.0603,0
541.83,3.62783,0,0,1.48235,0.193941,0.36288,18.144,57.7737,0.774584,0,0,0.40349,0.189564,0,0.99792,12.849,1,0.0856036,0.36288,0,36.6277,3.96554,32.9395,0.84672,12.849,0.84672,3695.15,0,3.68392,0.0489164,0.216518,2.03217,3.63685,1.00185,4.83478,0.06048,3.68392,0.06048,456.806,0,0.894439,0,0,1.11096,0.216518,1.542240,1,0,37.7742,0,0,0,37.7742,0
539.172,3.62774,0,0,1.52635,0.193867,0.36288,18.144,58.0012,0.17216,0,0,0.588503,0.188879,0,0.99792,12.849,1,0.0860285,0.36288,0,37.1618,3.96554,33.4731,0.84672,12.849,0.84672,3695.15,0,3.68392,0.0109778,0.653478,2.03235,5.00427,1.00185,6.67728,0.06048,3.68392,0.06048,456.806,0,1.54224,0,0,2.19572,0.653478,1.542240,1,0,40.1504,0,0,0,40.1504,0
539.266,3.62766,0,0,4.27793,0.193795,0.36288,18.144,59.4017,0.172362,0,0,1.76202,0.189157,0,0.99792,12.849,1,0.0864507,0.36288,0,115.104,3.96554,111.415,0.84672,12.849,0.84672,3695.15,0,3.68392,0.0109475,2.91411,2.03254,10.3888,1.00185,14.3227,0.06048,3.68392,0.06048,456.806,0,1.54224,0,0,4.45635,2.91411,1.542240,1,0,125.737,0,0,0,125.737,0
538.678,3.35477,0,0,3.35222,0.221915,0.36288,18.144,60.6673,0.0130965,0,0,1.4628,0.184088,0,0.99792,12.849,1,0.0799337,0.36288,0,89.1829,3.80217,85.6637,0.84672,12.849,0.84672,3695.15,0,3.68392,0.000812208,1.02883,2.03272,7.83898,0.952702,9.94702,0.06048,3.68392,0.06048,456.806,0,1.54224,0,0,2.57107,1.02883,1.542240,1,0,95.6107,0,0,0,95.6107,0
538.554,3.355,0,0,3.82736,0.233507,0.36288,18.144,61.308,0.0132498,0,0,1.49831,0.194664,0.649671,0.99792,12.849,1,0.0800262,0.36288,0,97.0211,3.83828,93.4657,0.84672,12.849,0.84672,3695.15,0,3.68392,0.000804573,1.33777,1.84621,9.22476,0.959107,11.4488,0.06048,3.68392,0.06048,456.806,0,1.54224,0,0,2.88001,1.33777,1.542240,1,0,105.564,0,0,0,105.564,0
539.223,3.35529,0,0,4.62052,0.233503,0.36288,18.144,61.308,0.0133921,0,0,2.27391,0.195456,2.06506,0.99792,12.849,1,0.0800515,0.36288,0,133.25,3.83828,129.695,0.84672,12.849,0.84672,3695.15,0,3.68392,0.000804712,2.60105,1.84638,11.3371,0.959107,14.8246,0.06048,3.68392,0.06048,456.806,0,1.54224,0,0,4.14329,2.60105,1.542240,1,0,146.585,0,0,0,146.585,0
540.099,3.35569,0,0,4.82769,0.233525,0.36288,18.144,61.308,0.0135233,0,0,2.28497,0.195456,2.07599,0.99792,12.849,1,0.0799618,0.36288,0,156.432,3.83828,152.877,0.84672,12.849,0.84672,3695.15,0,3.68392,0.0008126,2.23246,1.84655,14.6121,0.959107,17.7311,0.06048,3.68392,0.06048,456.806,0,1.54224,0,0,3.7747,2.23246,1.542240,1,0,172.684,0,0,0,172.684,0
539.102,3.35612,0,0,2.987,0.264776,0.36288,18.144,61.308,0.0136546,0,0,1.84507,0.196127,1.63529,0.99792,12.849,1,0.0798425,0.36288,0,105.29,4.2639,101.31,0.84672,12.849,0.84672,3695.15,0,3.68392,0.000820487,1.45325,1.84671,7.48103,0.958773,9.8214,0.06048,3.68392,0.06048,456.806,0,1.54224,0,0,2.99549,1.45325,1.542240,1,0,112.766,0,0,0,112.766,0
539.342,3.46141,0,0,4.34363,0.279288,0.36288,18.144,61.308,0.060174,0,0,1.43747,0.209157,1.16814,0.99792,12.849,1,0.0824996,0.36288,0,116.279,4.14435,112.415,0.84672,12.849,0.84672,3695.15,0,3.68392,0.00361578,1.26637,1.84688,10.943,0.971877,13.0808,0.06048,3.68392,0.06048,456.806,0,1.54224,0,0,2.80861,1.26637,1.542240,1,0,126.664,0,0,0,126.664,0
540.914,3.46173,0,0,5.67558,0.279298,0.36288,18.144,61.308,0.0602959,0,0,1.50425,0.209157,1.2348,0.99792,12.849,1,0.0824705,0.36288,0,126.465,4.14435,122.601,0.84672,12.849,0.84672,3695.15,0,3.68392,0.0036231,1.7333,1.90612,9.52499,0.971877,12.1889,0.06048,3.68392,0.06048,456.806,0,1.54224,0,0,3.27554,1.7333,1.542240,1,0,136.025,0,0,0,136.025,0
541.279,3.46225,0,0,4.47008,0.279359,0.36288,18.144,61.308,0.0604178,0,0,1.42017,0.209157,1.1506,0.99792,12.849,1,0.0822432,0.36288,0,121.076,4.14435,117.212,0.84672,12.849,0.84672,3695.15,0,3.68392,0.00363043,0.943929,1.90627,8.33544,0.971877,10.2101,0.06048,3.68392,0.06048,456.806,0,1.54224,0,0,2.48617,0.943929,1.542240,1,0,128.573,0,0,0,128.573,0
540.085,3.46259,0,0,2.91058,0.279374,0.36288,18.144,61.308,0.0605398,0,0,1.03032,0.209157,0.760624,0.99792,12.849,1,0.0821957,0.36288,0,65.5147,4.14435,61.651,0.84672,12.849,0.84672,3695.15,0,3.68392,0.00363776,0.520595,1.90643,6.59802,0.971877,8.04953,0.06048,3.68392,0.06048,456.806,0,1.54224,0,0,2.06283,0.520595,1.542240,1,0,70.4612,0,0,0,70.4612,0
538.963,3.80044,0,0,3.37595,0.335091,0.36288,18.144,61.308,0.382384,0,0,0.859818,0.18479,0.292645,0.99792,12.849,1,0.0904152,0.36288,0,74.8329,3.57564,71.5298,0.84672,12.849,0.84672,3695.15,0,3.68392,0.0229769,0.503194,1.90659,5.9996,0.861838,7.52457,0.06048,3.68392,0.06048,456.806,0,1.38316,0,0,1.88635,0.503194,1.542240,1,0,79.347,0,0,0,79.347,0
538.659,3.80057,0,0,4.20862,0.349067,0.36288,18.144,61.308,0.295075,0,0,0.876269,0.165939,0.415255,0.99792,12.849,1,0.0906066,0.36288,0,87.4584,3.22718,84.5035,0.84672,12.849,0.84672,3695.15,0,3.68392,0.0177307,0.503194,2.11762,5.87021,0.726095,7.74721,0.06048,3.68392,0.06048,456.806,0,1.47738,0,0,1.98057,0.503194,1.542240,1,0,92.666,0,0,0,92.666,0
538.009,3.80083,0,0,3.84756,0.333849,0.36288,18.144,61.308,0.235158,0,0,0.938235,0.18815,0.514927,0.99792,12.849,1,0.090664,0.36288,0,82.6252,4.0093,78.8881,0.84672,12.849,0.84672,3695.15,0,3.68392,0.0141303,0.527887,2.1178,6.79556,0.987115,8.44,0.06048,3.68392,0.06048,456.806,0,1.54224,0,0,2.07013,0.527887,1.542240,1,0,87.843,0,0,0,87.843,0
537.888,3.80104,0,0,4.34927,0.30628,0.36288,18.144,61.308,0.235294,0,0,0.884892,0.193268,0.45633,0.99792,12.849,1,0.0907784,0.36288,0,87.4057,4.31007,83.3677,0.84672,12.849,0.84672,3695.15,0,3.68392,0.0141385,0.624992,2.11797,7.75431,1.05704,9.4261,0.06048,3.68392,0.06048,456.806,0,1.54224,0,0,2.16723,0.624992,1.542240,1,0,93.2502,0,0,0,93.2502,0
539.104,3.31949,0,0,5.20502,0.306715,0.36288,18.144,61.308,0.00154346,0,0,2.14605,0.170115,1.9744,0.99792,12.849,1,0.0792956,0.36288,0,104.392,3.62523,101.05,0.84672,12.849,0.84672,3695.15,0,3.68392,9.27447e-05,2.82474,2.11815,11.9154,0.847674,16.0105,0.06048,3.68392,0.06048,456.806,0,1.54224,0,0,4.36698,2.82474,1.542240,1,0,119.035,0,0,0,119.035,0
541.991,3.31994,0,0,6.89323,0.323214,0.36288,18.144,61.308,0.00166045,0,0,2.73688,0.145067,2.59015,0.99792,12.849,1,0.0791274,0.36288,0,99.0032,3.39024,95.8967,0.84672,12.849,0.84672,3695.15,0,3.68392,9.97742e-05,3.18848,1.82976,12.2726,0.842818,16.4479,0.06048,3.68392,0.06048,456.806,0,1.54224,0,0,4.73072,3.18848,1.542240,1,0,114.935,0,0,0,114.935,0
543.564,3.32062,0,0,5.58032,0.323345,0.36288,18.144,61.308,0.00177754,0,0,1.93432,0.145067,1.78748,0.99792,12.849,1,0.0787221,0.36288,0,99.258,3.39024,96.152,0.84672,12.849,0.84672,3695.15,0,3.68392,0.00010681,1.48671,1.82991,8.42037,0.842818,10.8941,0.06048,3.68392,0.06048,456.806,0,1.54224,0,0,3.02895,1.48671,1.542240,1,0,108.834,0,0,0,108.834,0
543.438,3.32112,0,0,3.88149,0.323417,0.36288,18.144,61.308,0.00189464,0,0,1.38193,0.145067,1.23497,0.99792,12.849,1,0.078506,0.36288,0,92.0367,3.39024,88.9309,0.84672,12.849,0.84672,3695.15,0,3.68392,0.000113846,1.14127,1.83006,8.09499,0.842818,10.2234,0.06048,3.68392,0.06048,456.806,0,1.54224,0,0,2.68351,1.14127,1.542240,1,0,100.389,0,0,0,100.389,0
544.457,3.32137,0,0,4.96714,0.264593,0.36288,18.144,61.308,0.00201173,0,0,1.33434,0.121625,1.2107,0.99792,12.849,1,0.0785302,0.36288,0,101.209,3.09727,98.396,0.84672,12.849,0.84672,3695.15,0,3.68392,0.000120883,1.04612,1.83021,8.63361,0.81316,10.6967,0.06048,3.68392,0.06048,456.806,0,1.54224,0,0,2.58836,1.04612,1.542240,1,0,110.303,0,0,0,110.303,0
547.117,3.44316,0,0,6.76521,0.298452,0.36288,18.144,61.308,0.0593699,0,0,1.94667,0.191546,1.69575,0.99792,12.849,1,0.0812575,0.36288,0,176.077,4.39131,171.967,0.84672,12.849,0.84672,3695.15,0,3.68392,0.00356746,1.7443,1.83036,10.7178,1.0736,13.2153,0.06048,3.68392,0.06048,456.806,0,1.54224,0,0,3.28654,1.7443,1.542240,1,0,186.879,0,0,0,186.879,0
548.659,3.44383,0,0,5.64691,0.298564,0.36288,18.144,61.308,0.0594917,0,0,1.6676,0.191546,1.41656,0.99792,12.849,1,0.0808781,0.36288,0,127.011,4.39131,122.902,0.84672,12.849,0.84672,3695.15,0,3.68392,0.00357478,1.6049,1.90179,9.50521,1.0736,11.9347,0.06048,3.68392,0.06048,456.806,0,1.54224,0,0,3.14714,1.6049,1.542240,1,0,136.253,0,0,0,136.253,0
549.541,3.44434,0,0,4.98741,0.298628,0.36288,18.144,61.308,0.0596135,0,0,1.51655,0.191546,1.26539,0.99792,12.849,1,0.0806626,0.36288,0,108.001,4.39131,103.892,0.84672,12.849,0.84672,3695.15,0,3.68392,0.0035821,1.38328,1.90195,8.62203,1.0736,10.8301,0.06048,3.68392,0.06048,456.806,0,1.54224,0,0,2.92552,1.38328,1.542240,1,0,115.987,0,0,0,115.987,0
551.068,3.44475,0,0,5.59734,0.262062,0.36288,18.144,61.308,0.0597354,0,0,1.5424,0.170226,1.31243,0.99792,12.849,1,0.0805428,0.36288,0,110.254,3.5652,106.971,0.84672,12.849,0.84672,3695.15,0,3.68392,0.00358942,1.30699,1.9021,9.19624,1.06158,11.3402,0.06048,3.68392,0.06048,456.806,0,1.54224,0,0,2.84923,1.30699,1.542240,1,0,119.624,0,0,0,119.624,0
551.774,3.39776,0,0,4.665,0.198733,0.36288,18.144,61.308,0.0376181,0,0,0.992969,0.214978,0.740373,0.99792,12.849,1,0.0792241,0.36288,0,99.6278,4.46962,95.4419,0.84672,12.849,0.84672,3695.15,0,3.68392,0.00226042,0.677255,1.90226,6.90189,1.08655,8.3926,0.06048,3.68392,0.06048,456.806,0,1.54224,0,0,2.2195,0.677255,1.542240,1,0,104.575,0,0,0,104.575,0
552.141,3.39814,0,0,4.31688,0.189204,0.36288,18.144,61.308,0.115683,0,0,0.86406,0.223029,0.525349,0.99792,12.849,1,0.0791316,0.36288,0,91.0786,4.64331,86.719,0.84672,12.849,0.84672,3695.15,0,3.68392,0.00695125,0.528595,1.87466,6.19429,1.09105,7.49955,0.06048,3.68392,0.06048,456.806,0,1.45781,0,0,1.98641,0.528595,1.542240,1,0,94.7439,0,0,0,94.7439,0
552.184,3.39847,0,0,3.99403,0.189214,0.36288,18.144,61.308,0.0378581,0,0,0.939721,0.223029,0.678834,0.99792,12.849,1,0.0790867,0.36288,0,82.8472,4.64331,78.4877,0.84672,12.849,0.84672,3695.15,0,3.68392,0.00227484,0.628482,1.87482,6.39343,1.09105,7.80341,0.06048,3.68392,0.06048,456.806,0,1.54224,0,0,2.17072,0.628482,1.542240,1,0,86.97,0,0,0,86.97,0
552.002,3.39876,0,0,3.77917,0.19982,0.36288,18.144,61.308,0.0379781,0,0,1.01075,0.199747,0.773025,0.99792,12.849,1,0.0790872,0.36288,0,77.5535,4.42197,73.4153,0.84672,12.849,0.84672,3695.15,0,3.68392,0.00228206,0.709906,1.87497,6.9374,1.00893,8.51107,0.06048,3.68392,0.06048,456.806,0,1.54224,0,0,2.25215,0.709906,1.542240,1,0,82.6994,0,0,0,82.6994,0
551.364,3.56025,0,0,3.44835,0.163145,0.36288,18.144,61.308,0.241532,0,0,0.813897,0.190817,0.381547,0.99792,12.849,1,0.0828724,0.36288,0,66.8235,4.36784,62.7357,0.84672,12.849,0.84672,3695.15,0,3.68392,0.0145134,0.402797,1.87513,5.64853,0.952737,6.9592,0.06048,3.68392,0.06048,456.806,0,1.40761,0,0,1.81041,0.402797,1.542240,1,0,70.0764,0,0,0,70.0764,0
550.484,3.56045,0,0,3.19454,0.151061,0.36288,18.144,61.308,0.413851,0,0,0.724222,0.230232,0.0801387,0.99792,12.849,1,0.0829729,0.36288,0,59.464,4.68079,55.0631,0.84672,12.849,0.84672,3695.15,0,3.68392,0.0248678,0.402797,1.97235,5.23222,1.08058,6.50191,0.06048,3.68392,0.06048,456.806,0,1.22237,0,0,1.62517,0.402797,1.542240,1,0,61.6452,0,0,0,61.6452,0
549.517,3.56061,0,0,3.10797,0.151043,0.36288,18.144,61.308,0.291425,0,0,0.734616,0.230232,0.212958,0.99792,12.849,1,0.0831093,0.36288,0,56.5044,4.68079,52.1034,0.84672,12.849,0.84672,3695.15,0,3.68392,0.0175114,0.402797,1.97251,4.9826,1.08058,6.25981,0.06048,3.68392,0.06048,456.806,0,1.3541,0,0,1.7569,0.402797,1.542240,1,0,58.5761,0,0,0,58.5761,0
548.245,3.56076,0,0,2.82201,0.170223,0.36288,18.144,61.308,0.247183,0,0,0.691485,0.224965,0.219337,0.99792,12.849,1,0.083259,0.36288,0,53.2512,4.34233,49.1885,0.84672,12.849,0.84672,3695.15,0,3.68392,0.0148529,0.30119,1.97267,4.55865,1.09364,5.72401,0.06048,3.68392,0.06048,456.806,0,1.40193,0,0,1.70312,0.30119,1.542240,1,0,55.1318,0,0,0,55.1318,0
546.815,3.56087,0,0,2.63391,0.140474,0.36288,18.144,61.308,0.244266,0,0,0.676166,0.234324,0.197575,0.99792,12.849,1,0.0834546,0.36288,0,48.1236,4.27551,44.1275,0.84672,12.849,0.84672,3695.15,0,3.68392,0.0146776,0.30119,1.97283,4.28452,1.13284,5.41102,0.06048,3.68392,0.06048,456.806,0,1.40521,0,0,1.7064,0.30119,1.542240,1,0,49.7361,0,0,0,49.7361,0
544.966,3.52906,0,0,2.14595,0.103467,0.36288,18.144,61.0753,0.577152,0,0,0.571429,0.227014,0,0.99792,12.849,1,0.0829253,0.36288,0,36.2538,4.72448,31.8093,0.84672,12.849,0.84672,3695.15,0,3.68392,0.0346803,0.30119,1.973,3.29017,1.10933,4.42035,0.06048,3.68392,0.06048,456.806,0,1.09483,0,0,1.39602,0.30119,1.542240,1,0,36.2296,0,0,0,36.2296,0
542.924,3.52907,0,0,1.95333,0.10344,0.36288,18.144,60.6309,0.752183,0,0,0.534457,0.22668,0,0.99792,12.849,1,0.0832071,0.36288,0,34.8036,4.72448,30.3588,0.84672,12.849,0.84672,3695.15,0,3.68392,0.04537,0.30119,2.00341,3.09081,1.10933,4.24072,0.06048,3.68392,0.06048,456.806,0,0.908366,0,0,1.20956,0.30119,1.542240,1,0,34.5996,0,0,0,34.5996,0
540.738,3.52906,0,0,1.79614,0.0894832,0.36288,18.144,60.1623,0.720063,0,0,0.510269,0.258808,0,0.99792,12.849,1,0.0835197,0.36288,0,30.8546,5.14792,25.986,0.84672,12.849,0.84672,3695.15,0,3.68392,0.0437509,0.261274,2.00358,2.97403,1.2639,3.93123,0.06048,3.68392,0.06048,456.806,0,0.942244,0,0,1.20352,0.261274,1.542240,1,0,29.9172,0,0,0,29.9172,0
538.464,3.52902,0,0,1.68806,0.0708915,0.36288,18.144,59.5959,0.740759,0,0,0.476017,0.301597,0,0.99792,12.849,1,0.0838563,0.36288,0,27.3904,5.71253,21.9569,0.84672,12.849,0.84672,3695.15,0,3.68392,0.045359,0.261274,2.00374,2.86305,1.46999,3.61272,0.06048,3.68392,0.06048,456.806,0,0.919944,0,0,1.18122,0.261274,1.542240,1,0,25.5696,0,0,0,25.5696,0
536.244,3.61132,0,0,1.83063,0.0759932,0.36288,18.144,59.2352,0.607017,0,0,0.552684,0.306375,0,0.99792,12.849,1,0.0861745,0.36288,0,30.5762,5.83035,25.0225,0.84672,12.849,0.84672,3695.15,0,3.68392,0.0375228,0.261274,2.00391,3.06697,1.47932,3.8153,0.06048,3.68392,0.06048,456.806,0,1.10372,0,0,1.36499,0.261274,1.542240,1,0,28.8378,0,0,0,28.8378,0
534.092,3.61127,0,0,1.90001,0.0780185,0.36288,18.144,59.0082,0.50226,0,0,0.583254,0.308009,0,0.99792,12.849,1,0.08653,0.36288,0,30.2473,5.87748,24.6462,0.84672,12.849,0.84672,3695.15,0,3.68392,0.0312363,0.261274,2.0523,3.29812,1.48306,4.0974,0.06048,3.68392,0.06048,456.806,0,1.21584,0,0,1.47711,0.261274,1.542240,1,0,28.7436,0,0,0,28.7436,0
531.692,3.61122,0,0,1.65231,0.0779949,0.36288,18.144,58.6302,0.618594,0,0,0.548127,0.307561,0,0.99792,12.849,1,0.0868776,0.36288,0,28.6171,5.87748,23.0156,0.84672,12.849,0.84672,3695.15,0,3.68392,0.0386192,0.261274,2.05247,3.20959,1.48306,4.00165,0.06048,3.68392,0.06048,456.806,0,1.09114,0,0,1.35241,0.261274,1.542240,1,0,27.0172,0,0,0,27.0172,0
529.162,3.61114,0,0,1.52151,0.0779685,0.36288,18.144,58.2086,0.651792,0,0,0.537054,0.306815,0,0.99792,12.849,1,0.0872676,0.36288,0,26.9902,5.87748,21.3883,0.84672,12.849,0.84672,3695.15,0,3.68392,0.0409541,0.227405,2.05264,3.17708,1.48306,3.93311,0.06048,3.68392,0.06048,456.806,0,1.05545,0,0,1.28286,0.227405,1.542240,1,0,25.3214,0,0,0,25.3214,0
526.237,3.85219,0,0,1.35626,0.0661971,0.36288,18.144,57.5214,0.87777,0,0,0.509363,0.318793,0,0.99792,12.849,1,0.0935382,0.36288,0,24.5274,6.13047,18.6663,0.84672,12.849,0.84672,3695.15,0,3.68392,0.0555525,0.227405,2.05281,3.19442,1.50773,3.91134,0.06048,3.68392,0.06048,456.806,0,0.963757,0,0,1.19116,0.227405,1.542240,1,0,22.5776,0,0,0,22.5776,0
523.403,3.852,0,0,1.45752,0.0759899,0.36288,18.144,56.5185,1.08267,0,0,0.416133,0.336376,0,0.99792,12.849,1,0.0940535,0.36288,0,21.1676,6.11709,15.3193,0.84672,12.849,0.84672,3695.15,0,3.68392,0.06048,0.227405,2.21634,2.89854,1.56826,3.71354,0.06048,3.68392,0.06048,456.806,0,0.768623,0,0,0.996028,0.227405,1.542240,1,0,19.0328,0,0,0,19.0328,0
520.665,3.85182,0,0,1.55204,0.0759596,0.36288,18.144,55.8542,0.84194,0,0,0.511862,0.334191,0,0.99792,12.849,1,0.0945582,0.36288,0,26.9366,6.11709,21.0878,0.84672,12.849,0.84672,3695.15,0,3.68392,0.0548783,0.227405,2.21652,3.23755,1.56826,4.05834,0.06048,3.68392,0.06048,456.806,0,1.00021,0,0,1.22761,0.227405,1.542240,1,0,25.1462,0,0,0,25.1462,0
517.651,3.85165,0,0,1.27686,0.0759302,0.36288,18.144,54.6773,1.21701,0,0,0.37278,0.332744,0,0.99792,12.849,1,0.0950514,0.36288,0,24.6782,6.11709,18.8289,0.84672,12.849,0.84672,3695.15,0,3.68392,0.06048,0.204422,2.21671,2.6517,1.56826,3.44409,0.06048,3.68392,0.06048,456.806,0,0.634591,0,0,0.839013,0.204422,1.542240,1,0,22.273,0,0,0,22.273,0
514.952,3.85143,0,0,1.59119,0.0758979,0.36288,18.144,54.5736,0.419255,0,0,0.645772,0.33018,0,0.99792,12.849,1,0.0955992,0.36288,0,24.0552,6.11709,18.2054,0.84672,12.849,0.84672,3695.15,0,3.68392,0.0282476,0.204422,2.21689,4.13576,1.56826,4.96056,0.06048,3.68392,0.06048,456.806,0,1.45359,0,0,1.65802,0.204422,1.542240,1,0,23.166,0,0,0,23.166,0
512.097,3.73375,0,0,1.30855,0.0670088,0.36288,18.144,53.4841,1.25045,0,0,0.518856,0.357886,0,0.99792,12.849,1,0.093164,0.36288,0,26.3938,5.4179,21.2456,0.84672,12.849,0.84672,3695.15,0,3.68392,0.06048,0.204422,2.21707,4.67931,1.60673,5.43359,0.06048,3.68392,0.06048,456.806,0,0.509458,0,0,0.71388,0.204422,1.542240,1,0,26.6792,0,0,0,26.6792,0
509.351,3.73355,0,0,1.48503,0.134732,0.36288,18.144,52.3786,1.29674,0,0,0.500474,0.309254,0,0.99792,12.849,1,0.0936784,0.36288,0,22.2659,5.03139,17.5037,0.84672,12.849,0.84672,3695.15,0,3.68392,0.06048,0.204422,2.12359,3.52867,1.47398,4.32223,0.06048,3.68392,0.06048,456.806,0,0.463313,0,0,0.667736,0.204422,1.542240,1,0,21.8259,0,0,0,21.8259,0
507.084,3.73337,0,0,1.96453,0.134679,0.36288,18.144,51.6705,1.05268,0,0,0.651094,0.30653,0,0.99792,12.849,1,0.0941787,0.36288,0,32.4127,5.03139,27.65,0.84672,12.849,0.84672,3695.15,0,3.68392,0.06048,0.216518,2.12377,5.06561,1.47398,5.87144,0.06048,3.68392,0.06048,456.806,0,0.707521,0,0,0.924039,0.216518,1.542240,1,0,33.5215,0,0,0,33.5215,0
505.41,3.73326,0,0,2.55663,0.134636,0.36288,18.144,51.607,0.679956,0,0,0.921292,0.304785,0,0.99792,12.849,1,0.094597,0.36288,0,63.4643,5.03139,58.7012,0.84672,12.849,0.84672,3695.15,0,3.68392,0.0484784,0.216518,2.12394,6.01567,1.47398,6.83367,0.06048,3.68392,0.06048,456.806,0,1.07821,0,0,1.29473,0.216518,1.542240,1,0,65.5349,0,0,0,65.5349,0
502.816,3.63682,0,0,1.59822,0.192791,0.36288,18.144,50.9123,0.997841,0,0,0.519369,0.216217,0,0.99792,12.849,1,0.0924587,0.36288,0,40.0334,4.37033,35.9335,0.84672,12.849,0.84672,3695.15,0,3.68392,0.06048,0.216518,2.12412,3.1772,1.12887,4.32849,0.06048,3.68392,0.06048,456.806,0,0.678879,0,0,0.895398,0.216518,1.542240,1,0,40.262,0,0,0,40.262,0
501.067,3.63666,0,0,2.45659,0.205867,0.36288,18.144,50.5634,0.743127,0,0,0.552465,0.158302,0,0.99792,12.849,1,0.0929314,0.36288,0,51.2311,3.89729,47.6037,0.84672,12.849,0.84672,3695.15,0,3.68392,0.0537713,0.216518,2.04103,4.33201,0.859827,5.67596,0.06048,3.68392,0.06048,456.806,0,0.926916,0,0,1.14343,0.216518,1.542240,1,0,53.2797,0,0,0,53.2797,0
500.758,3.63664,0,0,3.8965,0.205817,0.36288,18.144,51.3852,0.176956,0,0,1.15661,0.157853,0,0.99792,12.849,1,0.0932553,0.36288,0,69.7042,3.89729,66.0766,0.84672,12.849,0.84672,3695.15,0,3.68392,0.0128926,0.417053,2.0412,6.97507,0.859827,8.5606,0.06048,3.68392,0.06048,456.806,0,1.54224,0,0,1.95929,0.417053,1.542240,1,0,74.6372,0,0,0,74.6372,0
499.056,3.63688,0,0,2.50346,0.205808,0.36288,18.144,51.7876,0.301068,0,0,0.862368,0.158911,0,0.99792,12.849,1,0.0933191,0.36288,0,47.9409,3.89729,44.3131,0.84672,12.849,0.84672,3695.15,0,3.68392,0.0215843,0.292723,2.04136,6.88183,0.859827,8.33451,0.06048,3.68392,0.06048,456.806,0,1.40673,0,0,1.69946,0.292723,1.542240,1,0,52.6476,0,0,0,52.6476,0
499.211,3.36297,0,0,4.1556,0.274827,0.36288,18.144,52.4294,0.107806,0,0,0.938857,0.189225,0,0.99792,12.849,1,0.0865851,0.36288,0,131.152,4.32169,127.107,0.84672,12.849,0.84672,3695.15,0,3.68392,0.00766883,0.292723,2.04153,9.93094,1.00861,11.2489,0.06048,3.68392,0.06048,456.806,0,1.44474,0,0,1.73746,0.292723,1.542240,1,0,138.356,0,0,0,138.356,0
499.504,3.36328,0,0,4.28527,0.266613,0.36288,18.144,53.0646,0.140813,0,0,0.98426,0.208213,0,0.99792,12.849,1,0.0865661,0.36288,0,99.9916,4.36789,95.9,0.84672,12.849,0.84672,3695.15,0,3.68392,0.00989416,0.292723,1.85419,9.31098,1.14365,10.3044,0.06048,3.68392,0.06048,456.806,0,1.40886,0,0,1.70158,0.292723,1.542240,1,0,106.204,0,0,0,106.204,0
499.966,3.3636,0,0,4.45517,0.266624,0.36288,18.144,54.2737,0.0193316,0,0,1.4377,0.209276,0,0.99792,12.849,1,0.0865237,0.36288,0,104.96,4.36789,100.868,0.84672,12.849,0.84672,3695.15,0,3.68392,0.00134206,0.313908,1.85434,10.8479,1.14365,11.8711,0.06048,3.68392,0.06048,456.806,0,1.54224,0,0,1.85615,0.313908,1.542240,1,0,112.739,0,0,0,112.739,0
502.457,3.36396,0,0,6.52642,0.307911,0.36288,18.144,55.5581,0.0194876,0,0,1.50136,0.197512,0,0.99792,12.849,1,0.0864529,0.36288,0,191.581,3.80593,188.051,0.84672,12.849,0.84672,3695.15,0,3.68392,0.00132275,0.41256,1.85449,14.8934,1.02949,16.1296,0.06048,3.68392,0.06048,456.806,0,1.54224,0,0,1.9548,0.41256,1.542240,1,0,204.181,0,0,0,204.181,0
507.38,3.36465,0,0,8.96538,0.3149,0.36288,18.144,57.369,0.0196447,0,0,2.02748,0.196893,0,0.99792,12.849,1,0.0860419,0.36288,0,220.127,3.71228,216.692,0.84672,12.849,0.84672,3695.15,0,3.68392,0.00130259,1.59264,1.85465,15.9223,1.01046,18.3578,0.06048,3.68392,0.06048,456.806,0,1.54224,0,0,3.13488,1.59264,1.542240,1,0,235.05,0,0,0,235.05,0
506.141,3.47116,0,0,2.83068,0.23563,0.36288,18.144,57.4728,0.490313,0,0,0.790275,0.196179,0,0.99792,12.849,1,0.0879045,0.36288,0,54.1753,3.6455,50.8048,0.84672,12.849,0.84672,3695.15,0,3.68392,0.0314852,0.412474,1.8548,5.06176,1.1334,6.16415,0.06048,3.68392,0.06048,456.806,0,1.08336,0,0,1.49583,0.412474,1.542240,1,0,56.9689,0,0,0,56.9689,0
503.735,3.47121,0,0,1.64987,0.222343,0.36288,18.144,57.5118,0.580911,0,0,0.815674,0.195802,0,0.99792,12.849,1,0.0881207,0.36288,0,37.1856,3.63437,33.826,0.84672,12.849,0.84672,3695.15,0,3.68392,0.0372355,0.412474,1.91427,5.61068,1.15389,6.7463,0.06048,3.68392,0.06048,456.806,0,0.98642,0,0,1.39889,0.412474,1.542240,1,0,40.5723,0,0,0,40.5723,0
502.468,3.47105,0,0,2.80937,0.242591,0.36288,18.144,58.5946,0.0663822,0,0,1.37062,0.221441,0,0.99792,12.849,1,0.0885377,0.36288,0,72.2811,3.82566,68.7298,0.84672,12.849,0.84672,3695.15,0,3.68392,0.00425212,0.781808,1.91441,10.2057,1.22066,11.677,0.06048,3.68392,0.06048,456.806,0,1.54224,0,0,2.32405,0.781808,1.542240,1,0,80.4068,0,0,0,80.4068,0
500.552,3.47109,0,0,2.18754,0.269642,0.36288,18.144,59.0896,0.103091,0,0,0.855464,0.257352,0,0.99792,12.849,1,0.0887619,0.36288,0,41.2012,4.08072,37.3946,0.84672,12.849,0.84672,3695.15,0,3.68392,0.00648145,0.503194,1.91455,4.72802,1.30968,5.82959,0.06048,3.68392,0.06048,456.806,0,1.50256,0,0,2.00575,0.503194,1.542240,1,0,43.2242,0,0,0,43.2242,0
498.054,3.80956,0,0,1.92893,0.253924,0.36288,18.144,58.9193,0.785625,0,0,0.841761,0.226384,0,0.99792,12.849,1,0.0977903,0.36288,0,36.4618,3.62401,33.1029,0.84672,12.849,0.84672,3695.15,0,3.68392,0.0489795,0.503194,1.91469,3.6441,1.06426,4.94875,0.06048,3.68392,0.06048,456.806,0,0.957433,0,0,1.46063,0.503194,1.542240,1,0,38.0517,0,0,0,38.0517,0
496.009,3.80936,0,0,2.38106,0.254016,0.36288,18.144,59.0438,0.357493,0,0,0.668362,0.186359,0,0.99792,12.849,1,0.0982755,0.36288,0,41.4046,3.47855,38.1907,0.84672,12.849,0.84672,3695.15,0,3.68392,0.0223522,0.503194,2.1266,3.9902,0.923079,5.67457,0.06048,3.68392,0.06048,456.806,0,1.41646,0,0,1.91965,0.503194,1.542240,1,0,43.8652,0,0,0,43.8652,0
494.623,3.80925,0,0,3.04008,0.253943,0.36288,18.144,59.3254,0.241421,0,0,0.709517,0.186508,0,0.99792,12.849,1,0.0986777,0.36288,0,59.4143,3.47855,56.1999,0.84672,12.849,0.84672,3695.15,0,3.68392,0.015063,0.604238,2.12676,4.45439,0.923079,6.24724,0.06048,3.68392,0.06048,456.806,0,1.54224,0,0,2.14648,0.604238,1.542240,1,0,62.4472,0,0,0,62.4472,0
493.337,3.80925,0,0,3.13995,0.253893,0.36288,18.144,59.6482,0.241636,0,0,0.751257,0.186845,0,0.99792,12.849,1,0.0989544,0.36288,0,64.5445,3.47855,61.3299,0.84672,12.849,0.84672,3695.15,0,3.68392,0.0150048,0.733458,2.12691,4.75472,0.923079,6.67701,0.06048,3.68392,0.06048,456.806,0,1.54224,0,0,2.2757,0.733458,1.542240,1,0,68.0069,0,0,0,68.0069,0
494.581,3.32643,0,0,5.20869,0.275093,0.36288,18.144,60.8099,0.00750507,0,0,1.34332,0.174148,0,0.99792,12.849,1,0.0866372,0.36288,0,85.9232,3.70399,82.4955,0.84672,12.849,0.84672,3695.15,0,3.68392,0.000463519,1.83471,2.12707,7.90137,0.934363,10.9283,0.06048,3.68392,0.06048,456.806,0,1.54224,0,0,3.37695,1.83471,1.542240,1,0,93.4238,0,0,0,93.4238,0
497.717,3.32689,0,0,7.12914,0.303475,0.36288,18.144,61.308,0.00762093,0,0,1.54575,0.157867,0.882126,0.99792,12.849,1,0.086431,0.36288,0,96.5019,4.00459,92.7737,0.84672,12.849,0.84672,3695.15,0,3.68392,0.000461683,1.86857,1.83745,9.91898,0.949407,12.6751,0.06048,3.68392,0.06048,456.806,0,1.54224,0,0,3.41081,1.86857,1.542240,1,0,106.331,0,0,0,106.331,0
499.478,3.32766,0,0,5.75525,0.303609,0.36288,18.144,61.308,0.00773007,0,0,1.09152,0.158366,0.925421,0.99792,12.849,1,0.0859064,0.36288,0,104.301,4.00459,100.574,0.84672,12.849,0.84672,3695.15,0,3.68392,0.00046449,0.705154,1.83758,6.88046,0.949407,8.47333,0.06048,3.68392,0.06048,456.806,0,1.54224,0,0,2.24739,0.705154,1.542240,1,0,109.972,0,0,0,109.972,0
499.535,3.3282,0,0,4.05149,0.303685,0.36288,18.144,61.308,0.156229,0,0,0.774282,0.158366,0.459688,0.99792,12.849,1,0.0856174,0.36288,0,92.7253,4.00459,88.998,0.84672,12.849,0.84672,3695.15,0,3.68392,0.00938759,0.558835,1.83772,6.61223,0.949407,8.04999,0.06048,3.68392,0.06048,456.806,0,1.38161,0,0,1.94044,0.558835,1.542240,1,0,97.5077,0,0,0,97.5077,0
500.54,3.32845,0,0,4.92317,0.22682,0.36288,18.144,61.308,0.0296758,0,0,0.824256,0.116252,0.678329,0.99792,12.849,1,0.0856141,0.36288,0,87.747,3.39423,84.63,0.84672,12.849,0.84672,3695.15,0,3.68392,0.00178318,0.558835,1.83785,6.62887,0.861729,8.16204,0.06048,3.68392,0.06048,456.806,0,1.51866,0,0,2.0775,0.558835,1.542240,1,0,93.4704,0,0,0,93.4704,0
503.797,3.45049,0,0,7.41023,0.339614,0.36288,18.144,61.308,0.0655218,0,0,0.967047,0.125807,0.775718,0.99792,12.849,1,0.088575,0.36288,0,120.115,3.75963,116.63,0.84672,12.849,0.84672,3695.15,0,3.68392,0.00393712,0.945847,1.83799,7.71552,0.84434,9.65108,0.06048,3.68392,0.06048,456.806,0,1.54224,0,0,2.48809,0.945847,1.542240,1,0,127.056,0,0,0,127.056,0
506.236,3.4513,0,0,6.59264,0.339771,0.36288,18.144,61.308,0.0656303,0,0,1.31993,0.125807,1.1285,0.99792,12.849,1,0.088023,0.36288,0,133.869,3.75963,130.384,0.84672,12.849,0.84672,3695.15,0,3.68392,0.00394364,1.83602,1.90969,10.8209,0.84434,13.7183,0.06048,3.68392,0.06048,456.806,0,1.54224,0,0,3.37826,1.83602,1.542240,1,0,145.231,0,0,0,145.231,0
507.259,3.45197,0,0,5.17809,0.339888,0.36288,18.144,61.308,0.0657388,0,0,1.09923,0.125807,0.907687,0.99792,12.849,1,0.0876159,0.36288,0,156.555,3.75963,153.071,0.84672,12.849,0.84672,3695.15,0,3.68392,0.00395016,1.93844,1.90983,7.98267,0.84434,10.9827,0.06048,3.68392,0.06048,456.806,0,1.54224,0,0,3.48068,1.93844,1.542240,1,0,164.961,0,0,0,164.961,0
507.117,3.45239,0,0,3.98723,0.314232,0.36288,18.144,61.308,0.0658473,0,0,0.77093,0.0882736,0.616809,0.99792,12.849,1,0.0874499,0.36288,0,110.525,2.59203,108.209,0.84672,12.849,0.84672,3695.15,0,3.68392,0.00395668,1.03369,1.90997,6.19345,0.69882,8.43434,0.06048,3.68392,0.06048,456.806,0,1.54224,0,0,2.57593,1.03369,1.542240,1,0,117.26,0,0,0,117.26,0
507.482,3.40503,0,0,4.40375,0.271082,0.36288,18.144,61.308,0.0436251,0,0,0.903208,0.189701,0.669882,0.99792,12.849,1,0.0862745,0.36288,0,92.2432,3.86171,88.6581,0.84672,12.849,0.84672,3695.15,0,3.68392,0.00262138,1.08701,1.91011,6.84033,0.978106,8.85672,0.06048,3.68392,0.06048,456.806,0,1.54224,0,0,2.62925,1.08701,1.542240,1,0,98.1847,0,0,0,98.1847,0
507.112,3.40534,0,0,3.67525,0.276254,0.36288,18.144,61.308,0.043732,0,0,0.744984,0.209751,0.491501,0.99792,12.849,1,0.0862203,0.36288,0,71.0148,4.15013,67.1413,0.84672,12.849,0.84672,3695.15,0,3.68392,0.0026278,0.814631,1.88238,6.05921,1.01635,7.73725,0.06048,3.68392,0.06048,456.806,0,1.54224,0,0,2.35687,0.814631,1.542240,1,0,75.37,0,0,0,75.37,0
506.112,3.40553,0,0,3.04447,0.27624,0.36288,18.144,61.308,0.0438388,0,0,0.680035,0.209751,0.426445,0.99792,12.849,1,0.0862878,0.36288,0,61.3089,4.15013,57.4354,0.84672,12.849,0.84672,3695.15,0,3.68392,0.00263422,0.615194,1.88252,5.37557,1.01635,6.85429,0.06048,3.68392,0.06048,456.806,0,1.54224,0,0,2.15743,0.615194,1.542240,1,0,64.7161,0,0,0,64.7161,0
504.814,3.40561,0,0,2.7468,0.276201,0.36288,18.144,61.308,0.333836,0,0,0.581574,0.209751,0.0379872,0.99792,12.849,1,0.0864604,0.36288,0,59.5913,4.15013,55.7176,0.84672,12.849,0.84672,3695.15,0,3.68392,0.0200598,0.402797,1.88266,5.4773,1.01635,6.72634,0.06048,3.68392,0.06048,456.806,0,1.22934,0,0,1.63214,0.402797,1.542240,1,0,62.4819,0,0,0,62.4819,0
504.024,3.5672,0,0,3.38776,0.248185,0.36288,18.144,61.308,0.123266,0,0,0.751773,0.218953,0.409554,0.99792,12.849,1,0.0907955,0.36288,0,65.2275,4.21427,61.2853,0.84672,12.849,0.84672,3695.15,0,3.68392,0.00740692,0.571553,1.8828,5.56875,1.04502,6.97067,0.06048,3.68392,0.06048,456.806,0,1.54224,0,0,2.11379,0.571553,1.542240,1,0,68.6655,0,0,0,68.6655,0
502.64,3.56732,0,0,2.7242,0.178252,0.36288,18.144,61.308,0.123379,0,0,0.625384,0.241957,0.260048,0.99792,12.849,1,0.090941,0.36288,0,51.7139,4.37461,47.6112,0.84672,12.849,0.84672,3695.15,0,3.68392,0.0074137,0.540268,1.9804,4.562,1.11669,5.95855,0.06048,3.68392,0.06048,456.806,0,1.54224,0,0,2.08251,0.540268,1.542240,1,0,53.8298,0,0,0,53.8298,0
501.046,3.56733,0,0,2.51462,0.178217,0.36288,18.144,61.2192,0.488063,0,0,0.641256,0.241957,0,0.99792,12.849,1,0.0911919,0.36288,0,49.5292,4.37461,45.4263,0.84672,12.849,0.84672,3695.15,0,3.68392,0.0293271,0.402797,1.98054,4.34122,1.11669,5.57854,0.06048,3.68392,0.06048,456.806,0,1.14972,0,0,1.55251,0.402797,1.542240,1,0,51.0048,0,0,0,51.0048,0
499.203,3.56731,0,0,2.26587,0.178177,0.36288,18.144,60.9565,0.592505,0,0,0.57154,0.241821,0,0.99792,12.849,1,0.0914814,0.36288,0,44.3993,4.37461,40.2961,0.84672,12.849,0.84672,3695.15,0,3.68392,0.0356545,0.30119,1.98069,4.08347,1.11669,5.213,0.06048,3.68392,0.06048,456.806,0,1.03817,0,0,1.33936,0.30119,1.542240,1,0,45.5091,0,0,0,45.5091,0
497.134,3.56724,0,0,2.03088,0.17059,0.36288,18.144,60.7891,0.485542,0,0,0.56504,0.246799,0,0.99792,12.849,1,0.0918173,0.36288,0,38.5302,4.46123,34.34,0.84672,12.849,0.84672,3695.15,0,3.68392,0.0293439,0.30119,1.98083,3.98834,1.13813,5.10289,0.06048,3.68392,0.06048,456.806,0,1.15244,0,0,1.45363,0.30119,1.542240,1,0,39.4429,0,0,0,39.4429,0
495.246,3.53518,0,0,2.14964,0.1393,0.36288,18.144,60.5359,0.654669,0,0,0.620037,0.218624,0,0.99792,12.849,1,0.0913709,0.36288,0,34.4516,3.94947,30.7736,0.84672,12.849,0.84672,3695.15,0,3.68392,0.039674,0.30119,1.98097,3.65601,0.994808,4.90369,0.06048,3.68392,0.06048,456.806,0,1.01858,0,0,1.31977,0.30119,1.542240,1,0,35.6773,0,0,0,35.6773,0
493.268,3.5351,0,0,2.0506,0.129994,0.36288,18.144,60.2606,0.646876,0,0,0.605319,0.233742,0,0.99792,12.849,1,0.0917171,0.36288,0,32.3969,4.16664,28.5014,0.84672,12.849,0.84672,3695.15,0,3.68392,0.0393657,0.30119,2.01149,3.66189,1.06831,4.8669,0.06048,3.68392,0.06048,456.806,0,1.0268,0,0,1.32799,0.30119,1.542240,1,0,33.3683,0,0,0,33.3683,0
491.058,3.535,0,0,1.79452,0.10709,0.36288,18.144,59.834,0.730587,0,0,0.571917,0.267945,0,0.99792,12.849,1,0.0920821,0.36288,0,30.4422,4.91296,25.8,0.84672,12.849,0.84672,3695.15,0,3.68392,0.0446631,0.261274,2.01164,3.56346,1.3275,4.46422,0.06048,3.68392,0.06048,456.806,0,0.937526,0,0,1.1988,0.261274,1.542240,1,0,30.2642,0,0,0,30.2642,0
488.786,3.53485,0,0,1.73354,0.107455,0.36288,18.144,59.4882,0.646723,0,0,0.562887,0.261908,0,0.99792,12.849,1,0.0924928,0.36288,0,28.026,5.18417,23.1122,0.84672,12.849,0.84672,3695.15,0,3.68392,0.0398181,0.261274,2.01179,3.55871,1.42809,4.36386,0.06048,3.68392,0.06048,456.806,0,1.02663,0,0,1.2879,0.261274,1.542240,1,0,27.4761,0,0,0,27.4761,0
486.475,3.61718,0,0,1.76551,0.0969368,0.36288,18.144,59.0803,0.738904,0,0,0.616706,0.285778,0,0.99792,12.849,1,0.0950869,0.36288,0,29.3552,5.48446,24.1385,0.84672,12.849,0.84672,3695.15,0,3.68392,0.045758,0.261274,2.01193,3.37212,1.43689,4.16268,0.06048,3.68392,0.06048,456.806,0,0.969823,0,0,1.2311,0.261274,1.542240,1,0,28.3012,0,0,0,28.3012,0
484.093,3.61701,0,0,1.68709,0.0890452,0.36288,18.144,58.5469,0.776085,0,0,0.546015,0.303321,0,0.99792,12.849,1,0.0955341,0.36288,0,27.8302,5.70969,22.3879,0.84672,12.849,0.84672,3695.15,0,3.68392,0.0483924,0.261274,2.0605,3.27884,1.4435,4.10872,0.06048,3.68392,0.06048,456.806,0,0.929966,0,0,1.19124,0.261274,1.542240,1,0,26.4966,0,0,0,26.4966,0
481.603,3.61681,0,0,1.57873,0.0890152,0.36288,18.144,57.9263,0.82374,0,0,0.505416,0.302283,0,0.99792,12.849,1,0.095999,0.36288,0,25.1238,5.70969,19.681,0.84672,12.849,0.84672,3695.15,0,3.68392,0.0518318,0.261274,2.06065,2.92633,1.4435,3.75293,0.06048,3.68392,0.06048,456.806,0,0.878852,0,0,1.14013,0.261274,1.542240,1,0,23.4339,0,0,0,23.4339,0
478.984,3.61659,0,0,1.44935,0.0889837,0.36288,18.144,57.2456,0.879478,0,0,0.499863,0.301076,0,0.99792,12.849,1,0.0964895,0.36288,0,22.9662,5.70969,17.5229,0.84672,12.849,0.84672,3695.15,0,3.68392,0.0559319,0.227405,2.0608,2.86206,1.4435,3.65084,0.06048,3.68392,0.06048,456.806,0,0.819072,0,0,1.04648,0.227405,1.542240,1,0,21.1737,0,0,0,21.1737,0
476.335,3.85786,0,0,1.64695,0.0755584,0.36288,18.144,56.7821,0.758943,0,0,0.583124,0.287622,0,0.99792,12.849,1,0.103489,0.36288,0,23.0702,5.94346,17.3861,0.84672,12.849,0.84672,3695.15,0,3.68392,0.0488402,0.227405,2.06095,4.07013,1.50822,4.80143,0.06048,3.68392,0.06048,456.806,0,1.09686,0,0,1.32426,0.227405,1.542240,1,0,22.1875,0,0,0,22.1875,0
473.005,3.85758,0,0,0.971508,0.0804084,0.36288,18.144,55.5392,1.34598,0,0,0.389173,0.286141,0,0.99792,12.849,1,0.104057,0.36288,0,15.7556,6.12213,9.89225,0.84672,12.849,0.84672,3695.15,0,3.68392,0.06048,0.227405,2.22512,2.19129,1.56161,3.02172,0.06048,3.68392,0.06048,456.806,0,0.512862,0,0,0.740267,0.227405,1.542240,1,0,12.914,0,0,0,12.914,0
469.576,3.85715,0,0,0.871016,0.0803704,0.36288,18.144,54.2139,1.3942,0,0,0.35278,0.283826,0,0.99792,12.849,1,0.104778,0.36288,0,14.0652,6.12213,8.2012,0.84672,12.849,0.84672,3695.15,0,3.68392,0.06048,0.227405,2.22528,2.13683,1.56161,2.96743,0.06048,3.68392,0.06048,456.806,0,0.46478,0,0,0.692185,0.227405,1.542240,1,0,11.1686,0,0,0,11.1686,0
466.318,3.85669,0,0,1.0425,0.0803312,0.36288,18.144,52.9998,1.31179,0,0,0.37898,0.281358,0,0.99792,12.849,1,0.105531,0.36288,0,14.5565,6.12213,8.69172,0.84672,12.849,0.84672,3695.15,0,3.68392,0.06048,0.204422,2.22544,2.34384,1.56161,3.15162,0.06048,3.68392,0.06048,456.806,0,0.547327,0,0,0.751749,0.204422,1.542240,1,0,11.8433,0,0,0,11.8433,0
463.777,3.85625,0,0,1.7826,0.104851,0.36288,18.144,52.0248,1.18804,0,0,0.486767,0.273715,0,0.99792,12.849,1,0.106256,0.36288,0,24.1912,5.97371,18.4741,0.84672,12.849,0.84672,3695.15,0,3.68392,0.06048,0.204422,2.2256,2.59445,1.5434,3.4206,0.06048,3.68392,0.06048,456.806,0,0.671224,0,0,0.875647,0.204422,1.542240,1,0,21.8947,0,0,0,21.8947,0
461.386,3.73832,0,0,1.83565,0.125509,0.36288,18.144,51.3016,1.18673,0,0,0.721017,0.257428,0,0.99792,12.849,1,0.103571,0.36288,0,37.3443,5.64436,31.9593,0.84672,12.849,0.84672,3695.15,0,3.68392,0.06048,0.204422,2.22577,3.52088,1.4714,4.41919,0.06048,3.68392,0.06048,456.806,0,0.580297,0,0,0.784719,0.204422,1.542240,1,0,36.3785,0,0,0,36.3785,0
459.818,3.73807,0,0,2.663,0.130047,0.36288,18.144,51.4862,0.64176,0,0,1.08129,0.254933,0,0.99792,12.849,1,0.1041,0.36288,0,33.0635,5.55482,27.7674,0.84672,12.849,0.84672,3695.15,0,3.68392,0.0460842,0.204422,2.1319,5.16213,1.46121,5.99116,0.06048,3.68392,0.06048,456.806,0,1.12571,0,0,1.33014,0.204422,1.542240,1,0,33.7586,0,0,0,33.7586,0
457.047,3.738,0,0,1.45989,0.130018,0.36288,18.144,50.8593,1.0711,0,0,0.699439,0.255315,0,0.99792,12.849,1,0.104453,0.36288,0,41.8473,5.55482,36.5509,0.84672,12.849,0.84672,3695.15,0,3.68392,0.06048,0.216518,2.13206,3.21419,1.46121,4.04108,0.06048,3.68392,0.06048,456.806,0,0.696194,0,0,0.912712,0.216518,1.542240,1,0,40.592,0,0,0,40.592,0
454.171,3.73765,0,0,1.35447,0.129967,0.36288,18.144,50.0329,1.28236,0,0,0.710012,0.254019,0,0.99792,12.849,1,0.105077,0.36288,0,24.856,5.55482,19.559,0.84672,12.849,0.84672,3695.15,0,3.68392,0.06048,0.216518,2.13221,2.42895,1.46121,3.25599,0.06048,3.68392,0.06048,456.806,0,0.485067,0,0,0.701585,0.216518,1.542240,1,0,22.815,0,0,0,22.815,0
451.738,3.64073,0,0,1.79023,0.21944,0.36288,18.144,49.7217,0.881084,0,0,0.798783,0.228926,0,0.99792,12.849,1,0.103,0.36288,0,38.4024,4.74623,33.916,0.84672,12.849,0.84672,3695.15,0,3.68392,0.06048,0.216518,2.13237,3.99116,1.20674,5.07283,0.06048,3.68392,0.06048,456.806,0,0.802369,0,0,1.01889,0.216518,1.542240,1,0,38.9889,0,0,0,38.9889,0
448.855,3.64046,0,0,1.36122,0.241327,0.36288,18.144,48.598,1.36176,0,0,0.434854,0.196727,0,0.99792,12.849,1,0.103547,0.36288,0,38.3733,4.30909,34.3235,0.84672,12.849,0.84672,3695.15,0,3.68392,0.06048,0.216518,2.04894,3.21153,0.987119,4.42939,0.06048,3.68392,0.06048,456.806,0,0.321823,0,0,0.538341,0.216518,1.542240,1,0,38.7529,0,0,0,38.7529,0
447.565,3.64008,0,0,2.95428,0.241228,0.36288,18.144,48.6219,0.688937,0,0,0.907712,0.194911,0,0.99792,12.849,1,0.104202,0.36288,0,57.4174,4.30909,53.367,0.84672,12.849,0.84672,3695.15,0,3.68392,0.0522241,0.216518,2.04909,4.64442,0.987119,5.87069,0.06048,3.68392,0.06048,456.806,0,0.989006,0,0,1.20552,0.216518,1.542240,1,0,59.2376,0,0,0,59.2376,0
449.357,3.64005,0,0,6.03658,0.241183,0.36288,18.144,50.0011,0.182462,0,0,1.75661,0.19495,0,0.99792,12.849,1,0.104501,0.36288,0,115.012,4.30909,110.962,0.84672,12.849,0.84672,3695.15,0,3.68392,0.0138246,1.09078,2.04924,7.45688,0.987119,9.59596,0.06048,3.68392,0.06048,456.806,0,1.54224,0,0,2.63302,1.09078,1.542240,1,0,120.557,0,0,0,120.557,0
450.69,3.36654,0,0,5.33412,0.272121,0.36288,18.144,51.1636,0.0244252,0,0,1.39838,0.21143,0,0.99792,12.849,1,0.0962633,0.36288,0,80.6509,4.09727,76.8202,0.84672,12.849,0.84672,3695.15,0,3.68392,0.00179957,0.309666,2.04939,5.69101,0.917665,7.1306,0.06048,3.68392,0.06048,456.806,0,1.54224,0,0,1.85191,0.309666,1.542240,1,0,83.9508,0,0,0,83.9508,0
454.763,3.36706,0,0,8.07235,0.269435,0.36288,18.144,52.9113,0.0245817,0,0,2.01162,0.239374,0,0.99792,12.849,1,0.0959936,0.36288,0,162.971,4.54576,158.692,0.84672,12.849,0.84672,3695.15,0,3.68392,0.00176995,1.2857,1.86131,9.43091,1.09488,11.4813,0.06048,3.68392,0.06048,456.806,0,1.54224,0,0,2.82794,1.2857,1.542240,1,0,170.174,0,0,0,170.174,0
457.7,3.36814,0,0,6.93749,0.269591,0.36288,18.144,54.2894,0.0247613,0,0,1.64566,0.242771,0,0.99792,12.849,1,0.0951644,0.36288,0,157.096,4.54576,152.818,0.84672,12.849,0.84672,3695.15,0,3.68392,0.00172399,0.955981,1.86144,9.48879,1.09488,11.2096,0.06048,3.68392,0.06048,456.806,0,1.54224,0,0,2.49822,0.955981,1.542240,1,0,164.027,0,0,0,164.027,0
460.326,3.36898,0,0,6.62816,0.269704,0.36288,18.144,55.6441,0.0249222,0,0,1.62495,0.245302,0,0.99792,12.849,1,0.0945773,0.36288,0,165.92,4.54576,161.643,0.84672,12.849,0.84672,3695.15,0,3.68392,0.00169115,0.876018,1.86158,10.5064,1.0962,12.1461,0.06048,3.68392,0.06048,456.806,0,1.54224,0,0,2.41826,0.876018,1.542240,1,0,173.789,0,0,0,173.789,0
465.614,3.36975,0,0,9.25206,0.232085,0.36288,18.144,58.1295,0.0250802,0,0,2.7466,0.23612,0,0.99792,12.849,1,0.0940592,0.36288,0,180.249,4.45813,176.06,0.84672,12.849,0.84672,3695.15,0,3.68392,0.00166044,1.23956,1.86171,11.983,1.03623,14.0464,0.06048,3.68392,0.06048,456.806,0,1.54224,0,0,2.7818,1.23956,1.542240,1,0,190.106,0,0,0,190.106,0
469.156,3.37079,0,0,7.55137,0.275335,0.36288,18.144,59.3866,0.0251726,0,0,1.50683,0.224603,0,0.99792,12.849,1,0.0930198,0.36288,0,115.212,3.95334,111.528,0.84672,12.849,0.84672,3695.15,0,3.68392,0.0015953,0.892132,1.86185,8.24999,1.10389,9.89848,0.06048,3.68392,0.06048,456.806,0,1.54224,0,0,2.43437,0.892132,1.542240,1,0,121.427,0,0,0,121.427,0
469.584,3.47733,0,0,4.56492,0.297157,0.36288,18.144,59.6662,0.286623,0,0,0.786542,0.220314,0,0.99792,12.849,1,0.0952353,0.36288,0,66.5601,3.85644,62.9713,0.84672,12.849,0.84672,3695.15,0,3.68392,0.01778,0.412474,1.86185,7.43377,1.14712,8.54319,0.06048,3.68392,0.06048,456.806,0,1.30982,0,0,1.72229,0.412474,1.542240,1,0,71.5145,0,0,0,71.5145,0
472.282,3.47763,0,0,6.83859,0.29945,0.36288,18.144,61.308,0.0720889,0,0,1.94834,0.211809,0.0226221,0.99792,12.849,1,0.0951569,0.36288,0,87.3521,3.7971,83.8228,0.84672,12.849,0.84672,3695.15,0,3.68392,0.00445092,1.06232,1.92153,10.6272,1.13296,12.4736,0.06048,3.68392,0.06048,456.806,0,1.54224,0,0,2.60456,1.06232,1.542240,1,0,96.319,0,0,0,96.319,0
474.85,3.47839,0,0,6.72201,0.313216,0.36288,18.144,61.308,0.0723399,0,0,1.50085,0.160074,1.26843,0.99792,12.849,1,0.0946336,0.36288,0,128.209,3.44106,125.036,0.84672,12.849,0.84672,3695.15,0,3.68392,0.00434681,0.768252,1.92165,7.40897,1.04798,9.04655,0.06048,3.68392,0.06048,456.806,0,1.54224,0,0,2.31049,0.768252,1.542240,1,0,135.351,0,0,0,135.351,0
477.45,3.47911,0,0,6.76261,0.320502,0.36288,18.144,61.308,0.0724352,0,0,1.36782,0.161136,1.13424,0.99792,12.849,1,0.0941414,0.36288,0,93.1746,3.3486,90.0948,0.84672,12.849,0.84672,3695.15,0,3.68392,0.00435254,0.54635,1.92177,7.59879,0.992677,9.06989,0.06048,3.68392,0.06048,456.806,0,1.54224,0,0,2.08859,0.54635,1.542240,1,0,100.299,0,0,0,100.299,0
478.15,3.81924,0,0,5.22115,0.338555,0.36288,18.144,61.308,0.24815,0,0,1.20091,0.163791,0.788967,0.99792,12.849,1,0.102782,0.36288,0,91.7732,3.11745,88.9159,0.84672,12.849,0.84672,3695.15,0,3.68392,0.014911,0.895346,1.9219,6.77112,0.85442,8.71903,0.06048,3.68392,0.06048,456.806,0,1.54224,0,0,2.43759,0.895346,1.542240,1,0,98.4239,0,0,0,98.4239,0
478.417,3.81963,0,0,4.77319,0.323515,0.36288,18.144,61.308,0.248256,0,0,1.28583,0.186003,0.851572,0.99792,12.849,1,0.102642,0.36288,0,86.7015,3.89958,83.0622,0.84672,12.849,0.84672,3695.15,0,3.68392,0.0149174,1.00556,2.13459,7.83838,1.11544,9.84817,0.06048,3.68392,0.06048,456.806,0,1.54224,0,0,2.5478,1.00556,1.542240,1,0,93.7619,0,0,0,93.7619,0
479.334,3.81993,0,0,5.3956,0.29622,0.36288,18.144,61.308,0.248362,0,0,1.21272,0.19112,0.773237,0.99792,12.849,1,0.102593,0.36288,0,91.7188,4.20034,87.7787,0.84672,12.849,0.84672,3695.15,0,3.68392,0.0149238,1.12507,2.13472,8.9443,1.18536,11.0038,0.06048,3.68392,0.06048,456.806,0,1.54224,0,0,2.66731,1.12507,1.542240,1,0,99.5558,0,0,0,99.5558,0
479.665,3.82037,0,0,4.79541,0.280972,0.36288,18.144,61.308,0.248469,0,0,1.50478,0.192802,1.06351,0.99792,12.849,1,0.102408,0.36288,0,91.9627,3.88862,88.3345,0.84672,12.849,0.84672,3695.15,0,3.68392,0.0149302,1.94965,2.13486,10.8719,0.97662,13.9648,0.06048,3.68392,0.06048,456.806,0,1.54224,0,0,3.49189,1.94965,1.542240,1,0,103.363,0,0,0,103.363,0
481.498,3.33638,0,0,5.82806,0.296038,0.36288,18.144,61.308,0.0128324,0,0,2.00561,0.171397,1.82138,0.99792,12.849,1,0.0893731,0.36288,0,76.4001,4.03809,72.6355,0.84672,12.849,0.84672,3695.15,0,3.68392,0.000771083,2.75274,2.13499,12.0788,0.961987,16.0038,0.06048,3.68392,0.06048,456.806,0,1.54224,0,0,4.29498,2.75274,1.542240,1,0,90.4606,0,0,0,90.4606,0
483.525,3.33693,0,0,6.02261,0.296115,0.36288,18.144,61.308,0.0129239,0,0,1.79537,0.171397,1.61105,0.99792,12.849,1,0.0890475,0.36288,0,118.053,4.03809,114.288,0.84672,12.849,0.84672,3695.15,0,3.68392,0.000776581,4.11967,1.84428,12.26,0.961987,17.2612,0.06048,3.68392,0.06048,456.806,0,1.54224,0,0,5.66191,4.11967,1.542240,1,0,133.161,0,0,0,133.161,0
484.677,3.3375,0,0,5.17301,0.319854,0.36288,18.144,61.308,0.0130153,0,0,1.39228,0.138914,1.24035,0.99792,12.849,1,0.0886895,0.36288,0,77.0437,3.66562,73.6523,0.84672,12.849,0.84672,3695.15,0,3.68392,0.000782073,2.36075,1.8444,8.99528,0.858468,12.3412,0.06048,3.68392,0.06048,456.806,0,1.54224,0,0,3.90299,2.36075,1.542240,1,0,87.2338,0,0,0,87.2338,0
486.302,3.33792,0,0,5.67355,0.348467,0.36288,18.144,61.308,0.0131068,0,0,1.37011,0.112263,1.24474,0.99792,12.849,1,0.0884897,0.36288,0,77.201,3.53924,73.9361,0.84672,12.849,0.84672,3695.15,0,3.68392,0.000787571,2.5498,1.84452,8.65875,0.821362,12.2309,0.06048,3.68392,0.06048,456.806,0,1.54224,0,0,4.09204,2.5498,1.542240,1,0,87.4118,0,0,0,87.4118,0
490.767,3.33842,0,0,8.49877,0.332432,0.36288,18.144,61.308,0.0131982,0,0,2.67408,0.11065,2.55023,0.99792,12.849,1,0.0882074,0.36288,0,146.053,3.37401,142.954,0.84672,12.849,0.84672,3695.15,0,3.68392,0.000793062,4.80037,1.84463,12.393,0.817527,18.2196,0.06048,3.68392,0.06048,456.806,0,1.54224,0,0,6.34261,4.80037,1.542240,1,0,163.724,0,0,0,163.724,0
492.624,3.46143,0,0,6.01315,0.331198,0.36288,18.144,61.308,0.0709796,0,0,1.56654,0.10344,1.39212,0.99792,12.849,1,0.0906254,0.36288,0,117.066,3.19221,114.146,0.84672,12.849,0.84672,3695.15,0,3.68392,0.00426507,2.83225,1.84475,10.0409,0.774839,13.9388,0.06048,3.68392,0.06048,456.806,0,1.54224,0,0,4.37449,2.83225,1.542240,1,0,129.477,0,0,0,129.477,0
493.815,3.46199,0,0,5.32906,0.313994,0.36288,18.144,61.308,0.0710747,0,0,1.25163,0.112955,1.0676,0.99792,12.849,1,0.0902981,0.36288,0,118.739,3.30855,115.703,0.84672,12.849,0.84672,3695.15,0,3.68392,0.00427079,2.32043,1.9167,9.8502,0.797739,13.2853,0.06048,3.68392,0.06048,456.806,0,1.54224,0,0,3.86267,2.32043,1.542240,1,0,130.056,0,0,0,130.056,0
494.7,3.46242,0,0,4.98121,0.27081,0.36288,18.144,61.308,0.07117,0,0,1.49767,0.136744,1.28976,0.99792,12.849,1,0.0900918,0.36288,0,90.0625,3.5994,86.7359,0.84672,12.849,0.84672,3695.15,0,3.68392,0.00427651,2.72236,1.91683,9.9398,0.854991,13.7197,0.06048,3.68392,0.06048,456.806,0,1.54224,0,0,4.2646,2.72236,1.542240,1,0,101.745,0,0,0,101.745,0
496.382,3.4628,0,0,5.74796,0.240131,0.36288,18.144,61.308,0.0712651,0,0,1.49863,0.157816,1.26954,0.99792,12.849,1,0.0899404,0.36288,0,99.7721,3.8562,96.1889,0.84672,12.849,0.84672,3695.15,0,3.68392,0.00428223,2.58206,1.91695,11.982,0.931517,15.5452,0.06048,3.68392,0.06048,456.806,0,1.54224,0,0,4.1243,2.58206,1.542240,1,0,113.004,0,0,0,113.004,0
497.438,3.41558,0,0,5.05227,0.217149,0.36288,18.144,61.308,0.0489483,0,0,1.30143,0.17362,1.07887,0.99792,12.849,1,0.0884134,0.36288,0,81.6817,4.0488,77.9074,0.84672,12.849,0.84672,3695.15,0,3.68392,0.00294124,1.83391,1.91707,7.56061,0.988912,10.3197,0.06048,3.68392,0.06048,456.806,0,1.54224,0,0,3.37615,1.83391,1.542240,1,0,89.306,0,0,0,89.306,0
497.658,3.41598,0,0,4.21551,0.217181,0.36288,18.144,61.308,0.049042,0,0,1.17957,0.17362,0.956906,0.99792,12.849,1,0.088236,0.36288,0,66.0554,4.0488,62.2812,0.84672,12.849,0.84672,3695.15,0,3.68392,0.00294687,1.3655,1.88922,6.00882,0.988912,8.27168,0.06048,3.68392,0.06048,456.806,0,1.54224,0,0,2.90774,1.3655,1.542240,1,0,71.5098,0,0,0,71.5098,0
497.399,3.41624,0,0,3.73765,0.217188,0.36288,18.144,61.308,0.0491358,0,0,1.07143,0.17362,0.848674,0.99792,12.849,1,0.0882036,0.36288,0,57.234,4.0488,53.4598,0.84672,12.849,0.84672,3695.15,0,3.68392,0.00295251,0.996745,1.88934,5.19621,0.988912,7.09043,0.06048,3.68392,0.06048,456.806,0,1.54224,0,0,2.53899,0.996745,1.542240,1,0,61.3989,0,0,0,61.3989,0
496.865,3.41641,0,0,3.45247,0.20751,0.36288,18.144,61.308,0.0492295,0,0,0.963386,0.175144,0.739013,0.99792,12.849,1,0.088254,0.36288,0,50.9208,4.04482,47.1506,0.84672,12.849,0.84672,3695.15,0,3.68392,0.00295814,0.797463,1.88947,4.93772,0.990962,6.63073,0.06048,3.68392,0.06048,456.806,0,1.54224,0,0,2.3397,0.797463,1.542240,1,0,54.5203,0,0,0,54.5203,0
496.232,3.57861,0,0,3.45764,0.149479,0.36288,18.144,61.308,0.128822,0,0,0.929439,0.184289,0.616328,0.99792,12.849,1,0.0925433,0.36288,0,48.4574,4.02097,44.7067,0.84672,12.849,0.84672,3695.15,0,3.68392,0.00774076,0.913119,1.88959,5.43904,1.00326,7.23075,0.06048,3.68392,0.06048,456.806,0,1.54224,0,0,2.45536,0.913119,1.542240,1,0,52.5538,0,0,0,52.5538,0
495.555,3.57872,0,0,3.41429,0.149465,0.36288,18.144,61.308,0.128921,0,0,1.00953,0.184289,0.696322,0.99792,12.849,1,0.0926643,0.36288,0,46.8605,4.02097,43.1097,0.84672,12.849,0.84672,3695.15,0,3.68392,0.0077467,0.861555,1.98752,5.9632,1.00326,7.80127,0.06048,3.68392,0.06048,456.806,0,1.54224,0,0,2.40379,0.861555,1.542240,1,0,51.6073,0,0,0,51.6073,0
494.657,3.57882,0,0,3.19324,0.149451,0.36288,18.144,61.308,0.12902,0,0,0.93153,0.184289,0.618222,0.99792,12.849,1,0.0927936,0.36288,0,43.8348,4.02097,40.0839,0.84672,12.849,0.84672,3695.15,0,3.68392,0.00775263,0.762411,1.98765,5.23595,1.00326,6.975,0.06048,3.68392,0.06048,456.806,0,1.54224,0,0,2.30465,0.762411,1.542240,1,0,47.6771,0,0,0,47.6771,0
493.59,3.57889,0,0,2.99576,0.120557,0.36288,18.144,61.308,0.129119,0,0,0.884071,0.209545,0.545407,0.99792,12.849,1,0.0929637,0.36288,0,40.8473,4.60521,36.512,0.84672,12.849,0.84672,3695.15,0,3.68392,0.00775857,0.700194,1.98777,5.18341,1.0862,6.77742,0.06048,3.68392,0.06048,456.806,0,1.54224,0,0,2.24243,0.700194,1.542240,1,0,43.8349,0,0,0,43.8349,0
491.784,3.57892,0,0,2.23643,0.100925,0.36288,18.144,61.308,0.129217,0,0,0.74056,0.23661,0.374733,0.99792,12.849,1,0.0931654,0.36288,0,33.8281,5.025,29.0728,0.84672,12.849,0.84672,3695.15,0,3.68392,0.00776451,0.347803,1.9879,4.54448,1.18522,5.6872,0.06048,3.68392,0.06048,456.806,0,1.54224,0,0,1.89004,0.347803,1.542240,1,0,35.1348,0,0,0,35.1348,0
489.763,3.54676,0,0,1.99256,0.104045,0.36288,18.144,61.308,0.262525,0,0,0.682309,0.235508,0.184277,0.99792,12.849,1,0.0926674,0.36288,0,32.6329,4.96514,27.938,0.84672,12.849,0.84672,3695.15,0,3.68392,0.0157748,0.30119,1.98803,4.59215,1.18329,5.68231,0.06048,3.68392,0.06048,456.806,0,1.44552,0,0,1.74671,0.30119,1.542240,1,0,33.8046,0,0,0,33.8046,0
487.562,3.54662,0,0,1.81213,0.104015,0.36288,18.144,61.308,0.246609,0,0,0.665332,0.235508,0.183215,0.99792,12.849,1,0.093046,0.36288,0,31.9944,4.96514,27.2991,0.84672,12.849,0.84672,3695.15,0,3.68392,0.0148184,0.261274,2.01864,4.40011,1.18329,5.48192,0.06048,3.68392,0.06048,456.806,0,1.46281,0,0,1.72409,0.261274,1.542240,1,0,32.9643,0,0,0,32.9643,0
485.193,3.54643,0,0,1.64479,0.103983,0.36288,18.144,61.2693,0.427345,0,0,0.624196,0.235508,0,0.99792,12.849,1,0.0934613,0.36288,0,28.5095,4.96514,23.8138,0.84672,12.849,0.84672,3695.15,0,3.68392,0.0256786,0.261274,2.01877,4.25651,1.18329,5.32759,0.06048,3.68392,0.06048,456.806,0,1.26837,0,0,1.52964,0.261274,1.542240,1,0,29.1414,0,0,0,29.1414,0
482.798,3.54621,0,0,1.58143,0.0670275,0.36288,18.144,61.0614,0.455009,0,0,0.561742,0.314659,0,0.99792,12.849,1,0.0939117,0.36288,0,25.4676,5.98306,19.7535,0.84672,12.849,0.84672,3695.15,0,3.68392,0.0273582,0.261274,2.01889,3.83605,1.52063,4.56823,0.06048,3.68392,0.06048,456.806,0,1.23878,0,0,1.50005,0.261274,1.542240,1,0,24.3217,0,0,0,24.3217,0
480.625,3.62874,0,0,1.87895,0.0607585,0.36288,18.144,61.1278,0.300488,0,0,0.684323,0.3175,0,0.99792,12.849,1,0.0965739,0.36288,0,32.0515,6.02291,26.2949,0.84672,12.849,0.84672,3695.15,0,3.68392,0.0181289,0.261274,2.01902,4.08228,1.48955,4.8549,0.06048,3.68392,0.06048,456.806,0,1.447,0,0,1.70827,0.261274,1.542240,1,0,31.1498,0,0,0,31.1498,0
478.302,3.62855,0,0,1.72967,0.0607398,0.36288,18.144,61.1778,0.212449,0,0,0.580147,0.317633,0,0.99792,12.849,1,0.0970054,0.36288,0,26.3269,6.02291,20.5699,0.84672,12.849,0.84672,3695.15,0,3.68392,0.0128034,0.269637,2.06774,3.94718,1.48955,4.7822,0.06048,3.68392,0.06048,456.806,0,1.54224,0,0,1.81188,0.269637,1.542240,1,0,25.3521,0,0,0,25.3521,0
475.834,3.62832,0,0,1.58377,0.0607198,0.36288,18.144,60.98,0.417396,0,0,0.537338,0.317734,0,0.99792,12.849,1,0.0974703,0.36288,0,25.0236,6.02291,19.2661,0.84672,12.849,0.84672,3695.15,0,3.68392,0.0251342,0.227405,2.06787,3.46953,1.48955,4.25013,0.06048,3.68392,0.06048,456.806,0,1.32142,0,0,1.54882,0.227405,1.542240,1,0,23.5162,0,0,0,23.5162,0
473.465,3.62806,0,0,1.67338,0.051229,0.36288,18.144,61.0618,0.212616,0,0,0.616854,0.322506,0,0.99792,12.849,1,0.0979689,0.36288,0,24.5423,6.17245,18.6347,0.84672,12.849,0.84672,3695.15,0,3.68392,0.0128446,0.316354,2.06801,4.58974,1.51943,5.44183,0.06048,3.68392,0.06048,456.806,0,1.54224,0,0,1.85859,0.316354,1.542240,1,0,24.0765,0,0,0,24.0765,0
470.784,3.8701,0,0,1.57963,0.0278658,0.36288,18.144,60.2582,0.917576,0,0,0.444499,0.330498,0,0.99792,12.849,1,0.105028,0.36288,0,18.951,6.03801,13.1708,0.84672,12.849,0.84672,3695.15,0,3.68392,0.0553583,0.227405,2.06814,3.32792,1.54463,4.02348,0.06048,3.68392,0.06048,456.806,0,0.938814,0,0,1.16622,0.227405,1.542240,1,0,17.1943,0,0,0,17.1943,0
468.294,3.86977,0,0,1.76505,0.0231242,0.36288,18.144,59.8362,0.636851,0,0,0.546218,0.331389,0,0.99792,12.849,1,0.105617,0.36288,0,24.1148,6.11278,18.2592,0.84672,12.849,0.84672,3695.15,0,3.68392,0.0389342,0.227405,2.23285,3.5324,1.55957,4.39416,0.06048,3.68392,0.06048,456.806,0,1.23712,0,0,1.46452,0.227405,1.542240,1,0,22.6534,0,0,0,22.6534,0
465.433,3.86946,0,0,1.39445,0.023116,0.36288,18.144,58.8835,1.02085,0,0,0.398716,0.330499,0,0.99792,12.849,1,0.10617,0.36288,0,24.8857,6.11278,19.0296,0.84672,12.849,0.84672,3695.15,0,3.68392,0.06048,0.204422,2.233,2.79896,1.55957,3.61633,0.06048,3.68392,0.06048,456.806,0,0.844767,0,0,1.04919,0.204422,1.542240,1,0,22.646,0,0,0,22.646,0
462.905,3.86908,0,0,1.72707,0.0231066,0.36288,18.144,58.8657,0.352682,0,0,0.663331,0.32849,0,0.99792,12.849,1,0.106812,0.36288,0,22.0545,6.11278,16.1977,0.84672,12.849,0.84672,3695.15,0,3.68392,0.0220648,0.329115,2.23314,4.20601,1.55957,5.18663,0.06048,3.68392,0.06048,456.806,0,1.54224,0,0,1.87135,0.329115,1.542240,1,0,21.3844,0,0,0,21.3844,0
460.736,3.86876,0,0,2.06626,0.0029881,0.36288,18.144,58.6046,0.575227,0,0,0.674739,0.360623,0,0.99792,12.849,1,0.107386,0.36288,0,27.453,6.12629,21.5822,0.84672,12.849,0.84672,3695.15,0,3.68392,0.0359987,0.204422,2.23328,4.12817,1.58177,4.94811,0.06048,3.68392,0.06048,456.806,0,1.30239,0,0,1.50682,0.204422,1.542240,1,0,26.5303,0,0,0,26.5303,0
458.727,3.75048,0,0,2.18788,0.0836383,0.36288,18.144,58.6357,0.440677,0,0,0.780788,0.30903,0,0.99792,12.849,1,0.104593,0.36288,0,27.2619,4.54154,22.9786,0.84672,12.849,0.84672,3695.15,0,3.68392,0.0277012,0.204422,2.23342,4.04787,1.18576,5.27226,0.06048,3.68392,0.06048,456.806,0,1.35521,0,0,1.55963,0.204422,1.542240,1,0,28.2509,0,0,0,28.2509,0
456.964,3.75027,0,0,2.49035,0.139881,0.36288,18.144,59.2065,0.267787,0,0,1.12907,0.290477,0,0.99792,12.849,1,0.105046,0.36288,0,26.8538,4.0194,23.0922,0.84672,12.849,0.84672,3695.15,0,3.68392,0.0168244,0.573532,2.13922,5.64844,1.08903,7.25533,0.06048,3.68392,0.06048,456.806,0,1.54224,0,0,2.11577,0.573532,1.542240,1,0,30.3476,0,0,0,30.3476,0
455.082,3.75012,0,0,2.37059,0.139846,0.36288,18.144,59.7454,0.268106,0,0,1.09859,0.291543,0,0.99792,12.849,1,0.105446,0.36288,0,34.1835,4.0194,30.4215,0.84672,12.849,0.84672,3695.15,0,3.68392,0.016682,0.44178,2.13935,5.59218,1.08903,7.0676,0.06048,3.68392,0.06048,456.806,0,1.54224,0,0,1.98402,0.44178,1.542240,1,0,37.4891,0,0,0,37.4891,0
453.296,3.74993,0,0,2.50435,0.177447,0.36288,18.144,60.3148,0.26841,0,0,1.12325,0.285487,0,0.99792,12.849,1,0.105877,0.36288,0,48.4075,4.14105,44.5235,0.84672,12.849,0.84672,3695.15,0,3.68392,0.0165502,0.507384,2.13949,6.85784,1.07913,8.40903,0.06048,3.68392,0.06048,456.806,0,1.54224,0,0,2.04962,0.507384,1.542240,1,0,52.9325,0,0,0,52.9325,0
450.981,3.6529,0,0,1.97205,0.271473,0.36288,18.144,60.1194,0.580645,0,0,0.654072,0.268806,0,0.99792,12.849,1,0.103544,0.36288,0,34.7112,4.44518,30.5254,0.84672,12.849,0.84672,3695.15,0,3.68392,0.0354648,0.216518,2.13963,4.16024,1.05437,5.42655,0.06048,3.68392,0.06048,456.806,0,1.12293,0,0,1.33945,0.216518,1.542240,1,0,35.9519,0,0,0,35.9519,0
450.977,3.65261,0,0,4.28327,0.271383,0.36288,18.144,61.308,0.191111,0,0,2.01557,0.268472,0.367367,0.99792,12.849,1,0.104067,0.36288,0,69.5987,4.44518,65.4124,0.84672,12.849,0.84672,3695.15,0,3.68392,0.0117106,2.41565,2.05589,8.7056,1.05437,12.1111,0.06048,3.68392,0.06048,456.806,0,1.54224,0,0,3.95789,2.41565,1.542240,1,0,77.8908,0,0,0,77.8908,0
449.242,3.65285,0,0,2.55126,0.271383,0.36288,18.144,61.308,0.19151,0,0,0.968259,0.270504,0.506245,0.99792,12.849,1,0.104075,0.36288,0,43.2785,4.44518,39.0922,0.84672,12.849,0.84672,3695.15,0,3.68392,0.0115076,0.293389,2.05602,4.7131,1.05437,5.99664,0.06048,3.68392,0.06048,456.806,0,1.54224,0,0,1.83563,0.293389,1.542240,1,0,45.5951,0,0,0,45.5951,0
449.586,3.65269,0,0,4.63713,0.276755,0.36288,18.144,61.308,0.191613,0,0,1.52807,0.276946,1.05951,0.99792,12.849,1,0.104472,0.36288,0,79.5181,4.58292,75.1936,0.84672,12.849,0.84672,3695.15,0,3.68392,0.0115138,0.781531,2.05616,8.02437,1.09321,9.75733,0.06048,3.68392,0.06048,456.806,0,1.54224,0,0,2.32377,0.781531,1.542240,1,0,86.0104,0,0,0,86.0104,0
450.283,3.37789,0,0,4.71622,0.279144,0.36288,18.144,61.308,0.0297138,0,0,1.51572,0.277081,1.20893,0.99792,12.849,1,0.0965386,0.36288,0,126.278,4.42459,122.12,0.84672,12.849,0.84672,3695.15,0,3.68392,0.00178546,1.0532,2.05629,7.89201,1.07909,9.92062,0.06048,3.68392,0.06048,456.806,0,1.54224,0,0,2.59544,1.0532,1.542240,1,0,133.249,0,0,0,133.249,0
450.518,3.37825,0,0,4.25559,0.279172,0.36288,18.144,61.308,0.0298062,0,0,2.65308,0.277081,2.3462,0.99792,12.849,1,0.0963996,0.36288,0,97.0151,4.42459,92.857,0.84672,12.849,0.84672,3695.15,0,3.68392,0.00179102,2.89839,1.86756,12.8192,1.07909,16.5042,0.06048,3.68392,0.06048,456.806,0,1.54224,0,0,4.44063,2.89839,1.542240,1,0,111.707,0,0,0,111.707,0
453.599,3.37851,0,0,7.10182,0.279181,0.36288,18.144,61.308,0.0298987,0,0,2.53082,0.277081,2.22384,0.99792,12.849,1,0.0963568,0.36288,0,178.237,4.42459,174.079,0.84672,12.849,0.84672,3695.15,0,3.68392,0.00179657,2.09057,1.86767,13.2882,1.07909,16.1656,0.06048,3.68392,0.06048,456.806,0,1.54224,0,0,3.63281,2.09057,1.542240,1,0,192.469,0,0,0,192.469,0
455.783,3.37936,0,0,6.20181,0.275481,0.36288,18.144,61.308,0.0299912,0,0,1.77866,0.258924,1.48975,0.99792,12.849,1,0.0957264,0.36288,0,167.43,4.54776,163.15,0.84672,12.849,0.84672,3695.15,0,3.68392,0.00180213,1.50895,1.86779,10.7455,1.10686,13.0136,0.06048,3.68392,0.06048,456.806,0,1.54224,0,0,3.05119,1.50895,1.542240,1,0,177.653,0,0,0,177.653,0
458.432,3.38002,0,0,6.65708,0.265084,0.36288,18.144,61.308,0.0300835,0,0,1.29974,0.231468,1.03819,0.99792,12.849,1,0.0952863,0.36288,0,96.0803,4.1613,92.1865,0.84672,12.849,0.84672,3695.15,0,3.68392,0.00180768,0.595935,1.86791,6.77881,1.03026,8.21059,0.06048,3.68392,0.06048,456.806,0,1.54224,0,0,2.13818,0.595935,1.542240,1,0,101.435,0,0,0,101.435,0
460.118,3.48667,0,0,5.79676,0.261145,0.36288,18.144,61.308,0.0770943,0,0,1.55587,0.229033,1.24975,0.99792,12.849,1,0.0977248,0.36288,0,80.8145,3.74829,77.3314,0.84672,12.849,0.84672,3695.15,0,3.68392,0.0046325,0.885997,1.86803,5.44603,0.945033,7.2504,0.06048,3.68392,0.06048,456.806,0,1.54224,0,0,2.42824,0.885997,1.542240,1,0,85.8315,0,0,0,85.8315,0
460.667,3.48721,0,0,4.65953,0.261208,0.36288,18.144,61.308,0.0771763,0,0,1.35538,0.229033,1.04917,0.99792,12.849,1,0.0973817,0.36288,0,46.7325,3.74829,43.2497,0.84672,12.849,0.84672,3695.15,0,3.68392,0.00463743,0.631731,1.92789,4.36462,0.945033,5.97457,0.06048,3.68392,0.06048,456.806,0,1.54224,0,0,2.17397,0.631731,1.542240,1,0,50.2734,0,0,0,50.2734,0
460.402,3.48751,0,0,3.88763,0.301813,0.36288,18.144,61.308,0.685323,0,0,0.923033,0.202571,0.035139,0.99792,12.849,1,0.0972743,0.36288,0,52.9692,3.66015,49.5747,0.84672,12.849,0.84672,3695.15,0,3.68392,0.0411802,0.503194,1.928,5.43519,0.875306,6.94989,0.06048,3.68392,0.06048,456.806,0,0.889637,0,0,1.39283,0.503194,1.542240,1,0,56.5597,0,0,0,56.5597,0
460.659,3.48765,0,0,4.43399,0.326166,0.36288,18.144,61.308,0.224237,0,0,1.06064,0.181528,0.654871,0.99792,12.849,1,0.097334,0.36288,0,83.7039,3.54862,80.4208,0.84672,12.849,0.84672,3695.15,0,3.68392,0.0134741,0.503194,1.9281,7.66958,0.797976,9.28943,0.06048,3.68392,0.06048,456.806,0,1.3834,0,0,1.8866,0.503194,1.542240,1,0,90.3651,0,0,0,90.3651,0
460.551,3.82809,0,0,4.39348,0.310666,0.36288,18.144,61.308,0.253617,0,0,0.849684,0.176946,0.419121,0.99792,12.849,1,0.106776,0.36288,0,59.6979,3.73958,56.2144,0.84672,12.849,0.84672,3695.15,0,3.68392,0.0152395,0.626391,1.92821,4.38127,0.833825,6.0868,0.06048,3.68392,0.06048,456.806,0,1.54224,0,0,2.16863,0.626391,1.542240,1,0,62.7204,0,0,0,62.7204,0
461.659,3.82828,0,0,5.60945,0.310661,0.36288,18.144,61.308,0.253708,0,0,0.902033,0.176946,0.471379,0.99792,12.849,1,0.106806,0.36288,0,85.6647,3.73958,82.1812,0.84672,12.849,0.84672,3695.15,0,3.68392,0.015245,0.882645,2.14158,4.89093,0.833825,7.06608,0.06048,3.68392,0.06048,456.806,0,1.54224,0,0,2.42489,0.882645,1.542240,1,0,89.7187,0,0,0,89.7187,0
462.95,3.82874,0,0,5.79375,0.31071,0.36288,18.144,61.308,0.2538,0,0,0.955083,0.176946,0.524337,0.99792,12.849,1,0.106562,0.36288,0,93.064,3.73958,89.5808,0.84672,12.849,0.84672,3695.15,0,3.68392,0.0152505,1.02863,2.14169,5.22068,0.833825,7.54192,0.06048,3.68392,0.06048,456.806,0,1.54224,0,0,2.57087,1.02863,1.542240,1,0,97.647,0,0,0,97.647,0
463.697,3.82924,0,0,5.25889,0.319672,0.36288,18.144,61.308,0.253892,0,0,1.07668,0.166459,0.656332,0.99792,12.849,1,0.106279,0.36288,0,75.6691,3.84524,72.0805,0.84672,12.849,0.84672,3695.15,0,3.68392,0.015256,0.935816,2.14181,6.16001,0.847713,8.37467,0.06048,3.68392,0.06048,456.806,0,1.54224,0,0,2.47806,0.935816,1.542240,1,0,81.1115,0,0,0,81.1115,0
464.552,3.34418,0,0,4.94572,0.384055,0.36288,18.144,61.308,0.017477,0,0,1.62065,0.0763725,1.5268,0.99792,12.849,1,0.092667,0.36288,0,106.581,3.59232,103.259,0.84672,12.849,0.84672,3695.15,0,3.68392,0.00105017,2.98081,2.14193,9.83396,0.679541,14.2761,0.06048,3.68392,0.06048,456.806,0,1.54224,0,0,4.52305,2.98081,1.542240,1,0,119.062,0,0,0,119.062,0
464.592,3.34453,0,0,4.0919,0.344369,0.36288,18.144,61.308,0.0175558,0,0,1.1053,0.145763,0.941979,0.99792,12.849,1,0.0925061,0.36288,0,73.4737,3.77475,69.9693,0.84672,12.849,0.84672,3695.15,0,3.68392,0.0010549,1.53514,1.85025,7.54825,0.892377,10.0402,0.06048,3.68392,0.06048,456.806,0,1.54224,0,0,3.07738,1.53514,1.542240,1,0,80.9515,0,0,0,80.9515,0
464.64,3.34472,0,0,4.09938,0.344371,0.36288,18.144,61.308,0.0176345,0,0,1.03467,0.145763,0.871277,0.99792,12.849,1,0.0925034,0.36288,0,62.8054,3.77475,59.301,0.84672,12.849,0.84672,3695.15,0,3.68392,0.00105964,1.26018,1.85036,6.50264,0.892377,8.71973,0.06048,3.68392,0.06048,456.806,0,1.54224,0,0,2.80242,1.26018,1.542240,1,0,68.892,0,0,0,68.892,0
464.859,3.34492,0,0,4.27135,0.344373,0.36288,18.144,61.308,0.0177133,0,0,1.07427,0.145763,0.910795,0.99792,12.849,1,0.0924993,0.36288,0,60.8015,3.77475,57.2971,0.84672,12.849,0.84672,3695.15,0,3.68392,0.00106437,1.45134,1.85046,6.8167,0.892377,9.22506,0.06048,3.68392,0.06048,456.806,0,1.54224,0,0,2.99358,1.45134,1.542240,1,0,67.433,0,0,0,67.433,0
465.293,3.34514,0,0,4.49713,0.355221,0.36288,18.144,61.308,0.0177921,0,0,1.18126,0.142703,1.02077,0.99792,12.849,1,0.0924619,0.36288,0,124.388,3.86295,120.796,0.84672,12.849,0.84672,3695.15,0,3.68392,0.00106911,2.04932,1.85056,7.87415,0.9486,10.8244,0.06048,3.68392,0.06048,456.806,0,1.54224,0,0,3.59156,2.04932,1.542240,1,0,132.641,0,0,0,132.641,0
464.731,3.46764,0,0,3.62847,0.359579,0.36288,18.144,61.308,0.075745,0,0,1.20449,0.141478,0.987262,0.99792,12.849,1,0.0957586,0.36288,0,82.8956,3.89823,79.2645,0.84672,12.849,0.84672,3695.15,0,3.68392,0.00455142,2.24953,1.85066,7.45416,0.971089,10.5787,0.06048,3.68392,0.06048,456.806,0,1.54224,0,0,3.79177,2.24953,1.542240,1,0,90.8305,0,0,0,90.8305,0
465.637,3.46772,0,0,5.06925,0.332455,0.36288,18.144,61.308,0.075827,0,0,1.45609,0.154558,1.22571,0.99792,12.849,1,0.0958764,0.36288,0,75.8274,4.01355,72.0809,0.84672,12.849,0.84672,3695.15,0,3.68392,0.00455635,3.46907,1.92283,8.16238,0.977975,12.5717,0.06048,3.68392,0.06048,456.806,0,1.54224,0,0,5.01131,3.46907,1.542240,1,0,85.8783,0,0,0,85.8783,0
464.628,3.46809,0,0,3.08636,0.264753,0.36288,18.144,61.308,0.0759089,0,0,0.778162,0.187256,0.514997,0.99792,12.849,1,0.0957001,0.36288,0,49.5345,4.30185,45.4998,0.84672,12.849,0.84672,3695.15,0,3.68392,0.00456127,1.33944,1.92293,5.90953,0.995189,8.17215,0.06048,3.68392,0.06048,456.806,0,1.54224,0,0,2.88168,1.33944,1.542240,1,0,54.187,0,0,0,54.187,0
463.451,3.46808,0,0,2.90932,0.255139,0.36288,18.144,61.308,0.075991,0,0,0.830831,0.183049,0.571792,0.99792,12.849,1,0.0959076,0.36288,0,50.818,4.04611,47.0388,0.84672,12.849,0.84672,3695.15,0,3.68392,0.0045662,1.20256,1.92304,4.64278,1.02695,6.73686,0.06048,3.68392,0.06048,456.806,0,1.54224,0,0,2.7448,1.20256,1.542240,1,0,54.3475,0,0,0,54.3475,0
462.211,3.42023,0,0,2.78501,0.242331,0.36288,18.144,61.308,0.0535902,0,0,0.950279,0.177438,0.71925,0.99792,12.849,1,0.0948247,0.36288,0,55.9233,3.70514,52.4862,0.84672,12.849,0.84672,3695.15,0,3.68392,0.00322016,1.30308,1.92314,6.6689,1.06931,8.82258,0.06048,3.68392,0.06048,456.806,0,1.54224,0,0,2.84532,1.30308,1.542240,1,0,62.028,0,0,0,62.028,0
462.592,3.42017,0,0,4.4068,0.242289,0.36288,18.144,61.308,0.0536709,0,0,1.17965,0.177438,0.948544,0.99792,12.849,1,0.0950775,0.36288,0,72.7483,3.70514,69.311,0.84672,12.849,0.84672,3695.15,0,3.68392,0.00322502,1.78723,1.89519,5.79779,1.06931,8.40767,0.06048,3.68392,0.06048,456.806,0,1.54224,0,0,3.32947,1.78723,1.542240,1,0,78.6672,0,0,0,78.6672,0
461.388,3.42044,0,0,2.77011,0.190927,0.36288,18.144,61.308,0.0537516,0,0,0.994334,0.189934,0.750649,0.99792,12.849,1,0.0950064,0.36288,0,57.4767,4.08439,53.6602,0.84672,12.849,0.84672,3695.15,0,3.68392,0.00322987,1.31269,1.89529,5.13435,0.999101,7.34001,0.06048,3.68392,0.06048,456.806,0,1.54224,0,0,2.85493,1.31269,1.542240,1,0,61.7509,0,0,0,61.7509,0
459.834,3.42038,0,0,2.42049,0.190894,0.36288,18.144,61.308,0.0538324,0,0,0.839929,0.189934,0.596163,0.99792,12.849,1,0.0952528,0.36288,0,48.7229,4.08439,44.9061,0.84672,12.849,0.84672,3695.15,0,3.68392,0.00323472,0.856717,1.8954,4.48289,0.999101,6.23267,0.06048,3.68392,0.06048,456.806,0,1.54224,0,0,2.39896,0.856717,1.542240,1,0,51.7349,0,0,0,51.7349,0
458.281,3.5825,0,0,2.60588,0.214064,0.36288,18.144,61.308,0.13366,0,0,0.929362,0.212816,0.582886,0.99792,12.849,1,0.100105,0.36288,0,44.8308,4.36946,40.7241,0.84672,12.849,0.84672,3695.15,0,3.68392,0.00803147,0.731108,1.8955,4.44358,1.01152,6.05064,0.06048,3.68392,0.06048,456.806,0,1.54224,0,0,2.27335,0.731108,1.542240,1,0,47.3576,0,0,0,47.3576,0
456.492,3.58237,0,0,2.33221,0.175992,0.36288,18.144,61.308,0.133745,0,0,0.736448,0.200793,0.40191,0.99792,12.849,1,0.10044,0.36288,0,39.8058,4.02223,36.046,0.84672,12.849,0.84672,3695.15,0,3.68392,0.00803658,0.707417,1.99372,4.07868,0.98892,5.78287,0.06048,3.68392,0.06048,456.806,0,1.54224,0,0,2.24966,0.707417,1.542240,1,0,42.2308,0,0,0,42.2308,0
454.577,3.58218,0,0,2.19209,0.161281,0.36288,18.144,61.308,0.13383,0,0,0.766964,0.204363,0.428771,0.99792,12.849,1,0.100829,0.36288,0,36.6653,4.13059,32.7968,0.84672,12.849,0.84672,3695.15,0,3.68392,0.0080417,0.713051,1.99383,4.14529,0.968861,5.87527,0.06048,3.68392,0.06048,456.806,0,1.54224,0,0,2.25529,0.713051,1.542240,1,0,39.1008,0,0,0,39.1008,0
452.578,3.58197,0,0,2.10644,0.161237,0.36288,18.144,61.308,0.133916,0,0,0.781307,0.204363,0.443028,0.99792,12.849,1,0.101247,0.36288,0,34.5649,4.13059,30.696,0.84672,12.849,0.84672,3695.15,0,3.68392,0.00804681,0.600782,1.99394,4.13343,0.968861,5.75124,0.06048,3.68392,0.06048,456.806,0,1.54224,0,0,2.14302,0.600782,1.542240,1,0,36.8902,0,0,0,36.8902,0
450.367,3.58173,0,0,1.86712,0.13371,0.36288,18.144,61.308,0.287359,0,0,0.698941,0.227302,0.184281,0.99792,12.849,1,0.101688,0.36288,0,31.1205,4.62702,26.7547,0.84672,12.849,0.84672,3695.15,0,3.68392,0.017267,0.30119,1.99405,3.73044,1.12666,4.88175,0.06048,3.68392,0.06048,456.806,0,1.37659,0,0,1.67778,0.30119,1.542240,1,0,31.8207,0,0,0,31.8207,0
448.023,3.54936,0,0,1.69126,0.122678,0.36288,18.144,61.308,0.418792,0,0,0.683787,0.236478,0.0285169,0.99792,12.849,1,0.101264,0.36288,0,28.4032,4.82559,23.8392,0.84672,12.849,0.84672,3695.15,0,3.68392,0.0251647,0.30119,1.99416,3.65386,1.18978,4.73427,0.06048,3.68392,0.06048,456.806,0,1.28262,0,0,1.58381,0.30119,1.542240,1,0,28.602,0,0,0,28.602,0
445.556,3.54904,0,0,1.56765,0.122637,0.36288,18.144,61.308,0.390583,0,0,0.676313,0.236478,0.0492523,0.99792,12.849,1,0.101784,0.36288,0,26.7592,4.82559,22.1947,0.84672,12.849,0.84672,3695.15,0,3.68392,0.0234697,0.261274,2.02485,3.60399,1.18978,4.67686,0.06048,3.68392,0.06048,456.806,0,1.31301,0,0,1.57429,0.261274,1.542240,1,0,26.9208,0,0,0,26.9208,0
443.057,3.54869,0,0,1.53532,0.122594,0.36288,18.144,61.308,0.384192,0,0,0.651266,0.236478,0.0305965,0.99792,12.849,1,0.102338,0.36288,0,25.2535,4.82559,20.6885,0.84672,12.849,0.84672,3695.15,0,3.68392,0.0230856,0.261274,2.02496,3.61702,1.18978,4.69038,0.06048,3.68392,0.06048,456.806,0,1.31998,0,0,1.58125,0.261274,1.542240,1,0,25.4094,0,0,0,25.4094,0
440.514,3.54832,0,0,1.4805,0.112949,0.36288,18.144,61.2225,0.435219,0,0,0.608528,0.258823,0,0.99792,12.849,1,0.102904,0.36288,0,23.6692,5.12703,18.8021,0.84672,12.849,0.84672,3695.15,0,3.68392,0.0261518,0.261274,2.02507,3.44535,1.31669,4.38884,0.06048,3.68392,0.06048,456.806,0,1.26527,0,0,1.52654,0.261274,1.542240,1,0,23.191,0,0,0,23.191,0
437.813,3.63074,0,0,1.39583,0.103112,0.36288,18.144,60.9445,0.541341,0,0,0.566127,0.302766,0,0.99792,12.849,1,0.105902,0.36288,0,22.0011,5.74728,16.5108,0.84672,12.849,0.84672,3695.15,0,3.68392,0.0325739,0.261274,2.02518,3.24285,1.53194,3.9648,0.06048,3.68392,0.06048,456.806,0,1.19366,0,0,1.45493,0.261274,1.542240,1,0,20.4756,0,0,0,20.4756,0
434.993,3.6303,0,0,1.27691,0.103072,0.36288,18.144,60.6076,0.566787,0,0,0.532095,0.302233,0,0.99792,12.849,1,0.106543,0.36288,0,20.686,5.74728,15.195,0.84672,12.849,0.84672,3695.15,0,3.68392,0.0342607,0.261274,2.07403,3.30077,1.53194,4.06988,0.06048,3.68392,0.06048,456.806,0,1.16633,0,0,1.4276,0.261274,1.542240,1,0,19.2649,0,0,0,19.2649,0
432.054,3.62983,0,0,1.15615,0.103031,0.36288,18.144,60.1432,0.671187,0,0,0.50839,0.301588,0,0.99792,12.849,1,0.107219,0.36288,0,19.4822,5.74728,13.9905,0.84672,12.849,0.84672,3695.15,0,3.68392,0.0407969,0.227405,2.07414,3.069,1.53194,3.79781,0.06048,3.68392,0.06048,456.806,0,1.05466,0,0,1.28206,0.227405,1.542240,1,0,17.7884,0,0,0,17.7884,0
428.984,3.62932,0,0,1.01111,0.0888716,0.36288,18.144,59.6495,0.690085,0,0,0.504783,0.308411,0,0.99792,12.849,1,0.107934,0.36288,0,18.5513,5.9716,12.8346,0.84672,12.849,0.84672,3695.15,0,3.68392,0.0422694,0.227405,2.07426,3.10183,1.57675,3.78447,0.06048,3.68392,0.06048,456.806,0,1.0342,0,0,1.2616,0.227405,1.542240,1,0,16.6191,0,0,0,16.6191,0
425.605,3.87112,0,0,0.972086,0.116986,0.36288,18.144,58.6227,1.09678,0,0,0.405871,0.33592,0,0.99792,12.849,1,0.115949,0.36288,0,14.0098,5.86234,8.39435,0.84672,12.849,0.84672,3695.15,0,3.68392,0.06048,0.227405,2.07437,2.55068,1.48408,3.3079,0.06048,3.68392,0.06048,456.806,0,0.774377,0,0,1.00178,0.227405,1.542240,1,0,11.7022,0,0,0,11.7022,0
422.361,3.87044,0,0,1.10438,0.114735,0.36288,18.144,57.8426,0.906402,0,0,0.46981,0.343482,0,0.99792,12.849,1,0.116848,0.36288,0,16.0931,5.94836,10.3908,0.84672,12.849,0.84672,3695.15,0,3.68392,0.0569594,0.227405,2.23956,2.5353,1.51077,3.43454,0.06048,3.68392,0.06048,456.806,0,0.95364,0,0,1.18104,0.227405,1.542240,1,0,13.8253,0,0,0,13.8253,0
418.889,3.86978,0,0,0.875655,0.114682,0.36288,18.144,56.6647,1.18878,0,0,0.352627,0.341759,0,0.99792,12.849,1,0.117726,0.36288,0,17.6709,5.94836,11.9677,0.84672,12.849,0.84672,3695.15,0,3.68392,0.06048,0.204422,2.23968,2.03566,1.51077,2.90852,0.06048,3.68392,0.06048,456.806,0,0.682595,0,0,0.887017,0.204422,1.542240,1,0,14.8762,0,0,0,14.8762,0
415.607,3.86904,0,0,1.06432,0.114625,0.36288,18.144,56.2802,0.612246,0,0,0.566937,0.339157,0,0.99792,12.849,1,0.118679,0.36288,0,15.4037,5.94836,9.6995,0.84672,12.849,0.84672,3695.15,0,3.68392,0.0398037,0.204422,2.23981,2.93313,1.51077,3.82679,0.06048,3.68392,0.06048,456.806,0,1.26623,0,0,1.47065,0.204422,1.542240,1,0,13.5263,0,0,0,13.5263,0
412.48,3.86835,0,0,1.2429,0.139091,0.36288,18.144,56.2861,0.3567,0,0,0.71592,0.353335,0,0.99792,12.849,1,0.119595,0.36288,0,23.288,5.63923,17.892,0.84672,12.849,0.84672,3695.15,0,3.68392,0.0233484,0.222929,2.23993,3.75511,1.47085,4.72377,0.06048,3.68392,0.06048,456.806,0,1.54224,0,0,1.76517,0.222929,1.542240,1,0,22.6158,0,0,0,22.6158,0
409.412,3.74967,0,0,1.20209,0.15741,0.36288,18.144,56.3794,0.271733,0,0,0.729648,0.364619,0,0.99792,12.849,1,0.116805,0.36288,0,23.4916,5.40739,18.3303,0.84672,12.849,0.84672,3695.15,0,3.68392,0.0177849,0.289855,2.24005,3.64551,1.44092,4.71672,0.06048,3.68392,0.06048,456.806,0,1.54224,0,0,1.83209,0.289855,1.542240,1,0,23.047,0,0,0,23.047,0
406.375,3.74903,0,0,1.23281,0.157341,0.36288,18.144,56.4407,0.271864,0,0,0.697985,0.364841,0,0.99792,12.849,1,0.11766,0.36288,0,25.0751,5.40739,19.9129,0.84672,12.849,0.84672,3695.15,0,3.68392,0.017764,0.253523,2.14555,4.37746,1.44092,5.31785,0.06048,3.68392,0.06048,456.806,0,1.54224,0,0,1.79576,0.253523,1.542240,1,0,25.2308,0,0,0,25.2308,0
403.559,3.74838,0,0,1.45237,0.157273,0.36288,18.144,56.7563,0.271981,0,0,0.952603,0.364987,0,0.99792,12.849,1,0.118518,0.36288,0,25.1376,5.40739,19.9746,0.84672,12.849,0.84672,3695.15,0,3.68392,0.0177524,0.668287,2.14566,5.58672,1.44092,6.942,0.06048,3.68392,0.06048,456.806,0,1.54224,0,0,2.21053,0.668287,1.542240,1,0,26.9166,0,0,0,26.9166,0
402.666,3.74779,0,0,3.41679,0.199636,0.36288,18.144,57.6036,0.272201,0,0,1.44061,0.321098,0,0.99792,12.849,1,0.119326,0.36288,0,58.6483,4.82844,54.0634,0.84672,12.849,0.84672,3695.15,0,3.68392,0.017668,1.41148,2.14578,12.3318,1.28878,14.5827,0.06048,3.68392,0.06048,456.806,0,1.54224,0,0,2.95372,1.41148,1.542240,1,0,68.6461,0,0,0,68.6461,0
401.822,3.65092,0,0,3.40724,0.237035,0.36288,18.144,59.3712,0.195032,0,0,2.16066,0.197998,0,0.99792,12.849,1,0.1165,0.36288,0,67.1928,3.70692,63.7322,0.84672,12.849,0.84672,3695.15,0,3.68392,0.0124729,3.48721,2.1459,11.8603,0.98625,16.4947,0.06048,3.68392,0.06048,456.806,0,1.54224,0,0,5.02945,3.48721,1.542240,1,0,80.2269,0,0,0,80.2269,0
401.514,3.65088,0,0,3.94291,0.237006,0.36288,18.144,60.2152,0.195604,0,0,1.23985,0.200263,0,0.99792,12.849,1,0.116744,0.36288,0,68.0663,3.70692,64.6055,0.84672,12.849,0.84672,3695.15,0,3.68392,0.012137,0.659387,2.0619,7.96456,0.98625,9.68746,0.06048,3.68392,0.06048,456.806,0,1.54224,0,0,2.20163,0.659387,1.542240,1,0,74.2929,0,0,0,74.2929,0
401.977,3.651,0,0,4.74034,0.264008,0.36288,18.144,61.308,0.195915,0,0,2.14139,0.233331,0.619357,0.99792,12.849,1,0.116837,0.36288,0,82.9325,4.39565,78.7829,0.84672,12.849,0.84672,3695.15,0,3.68392,0.0119859,2.97116,2.06201,13.7112,1.18048,17.552,0.06048,3.68392,0.06048,456.806,0,1.54224,0,0,4.5134,2.97116,1.542240,1,0,96.9542,0,0,0,96.9542,0
403.936,3.65133,0,0,6.24827,0.274831,0.36288,18.144,61.308,0.196283,0,0,2.40341,0.247838,1.95929,0.99792,12.849,1,0.116713,0.36288,0,120.454,4.67114,116.029,0.84672,12.849,0.84672,3695.15,0,3.68392,0.0117944,3.19499,2.06213,13.2356,1.25817,17.2228,0.06048,3.68392,0.06048,456.806,0,1.54224,0,0,4.73723,3.19499,1.542240,1,0,135.211,0,0,0,135.211,0
406.306,3.37703,0,0,6.37078,0.260928,0.36288,18.144,61.308,0.0339014,0,0,3.24106,0.205322,3.00184,0.99792,12.849,1,0.107422,0.36288,0,96.7884,4.57258,92.4713,0.84672,12.849,0.84672,3695.15,0,3.68392,0.00203709,3.33382,2.06224,14.8552,1.10945,19.1398,0.06048,3.68392,0.06048,456.806,0,1.54224,0,0,4.87606,3.33382,1.542240,1,0,114.613,0,0,0,114.613,0
412.92,3.37782,0,0,10.6129,0.258686,0.36288,18.144,61.308,0.0339811,0,0,4.73293,0.198236,4.50071,0.99792,12.849,1,0.10682,0.36288,0,99.8214,4.55616,95.5213,0.84672,12.849,0.84672,3695.15,0,3.68392,0.00204188,5.01981,1.87295,18.1773,1.08466,23.9833,0.06048,3.68392,0.06048,456.806,0,1.54224,0,0,6.56205,5.01981,1.542240,1,0,124.005,0,0,0,124.005,0
415.692,3.37967,0,0,6.78321,0.268153,0.36288,18.144,61.308,0.0340607,0,0,1.84312,0.199188,1.60987,0.99792,12.849,1,0.105167,0.36288,0,78.0411,4.45678,73.842,0.84672,12.849,0.84672,3695.15,0,3.68392,0.00204667,2.27194,1.87305,11.5108,1.06381,14.5899,0.06048,3.68392,0.06048,456.806,0,1.54224,0,0,3.81418,2.27194,1.542240,1,0,90.0418,0,0,0,90.0418,0
418.044,3.38053,0,0,6.4192,0.32361,0.36288,18.144,61.308,0.0341404,0,0,1.42394,0.204899,1.1849,0.99792,12.849,1,0.104492,0.36288,0,108.871,3.86054,105.269,0.84672,12.849,0.84672,3695.15,0,3.68392,0.00205145,2.10569,1.87315,11.5595,0.938702,14.5976,0.06048,3.68392,0.06048,456.806,0,1.54224,0,0,3.64793,2.10569,1.542240,1,0,121.051,0,0,0,121.051,0
418.703,3.38129,0,0,4.71382,0.310382,0.36288,18.144,61.308,0.0342199,0,0,1.1481,0.189044,0.924836,0.99792,12.849,1,0.103927,0.36288,0,68.2028,3.67721,64.7845,0.84672,12.849,0.84672,3695.15,0,3.68392,0.00205623,1.68778,1.87325,9.30493,0.891309,11.9726,0.06048,3.68392,0.06048,456.806,0,1.54224,0,0,3.23002,1.68778,1.542240,1,0,77.682,0,0,0,77.682,0
416.705,3.48755,0,0,2.14465,0.292626,0.36288,18.144,61.308,0.0813512,0,0,1.0534,0.167905,0.804141,0.99792,12.849,1,0.107025,0.36288,0,44.1932,3.43277,41.0163,0.84672,12.849,0.84672,3695.15,0,3.68392,0.00488829,0.973961,1.87336,10.8831,0.828119,12.8974,0.06048,3.68392,0.06048,456.806,0,1.54224,0,0,2.5162,0.973961,1.542240,1,0,54.7178,0,0,0,54.7178,0
416.411,3.48722,0,0,3.84847,0.292543,0.36288,18.144,61.308,0.08142,0,0,1.87142,0.167905,1.6221,0.99792,12.849,1,0.107527,0.36288,0,90.9472,3.43277,87.7698,0.84672,12.849,0.84672,3695.15,0,3.68392,0.00489242,1.65043,1.93337,12.3142,0.828119,15.065,0.06048,3.68392,0.06048,456.806,0,1.54224,0,0,3.19267,1.65043,1.542240,1,0,104.457,0,0,0,104.457,0
416.156,3.4873,0,0,3.88792,0.29253,0.36288,18.144,61.308,0.0814889,0,0,2.41417,0.167905,2.16478,0.99792,12.849,1,0.107606,0.36288,0,75.5127,3.43277,72.3352,0.84672,12.849,0.84672,3695.15,0,3.68392,0.00489656,2.91352,1.93346,14.18,0.828119,18.1939,0.06048,3.68392,0.06048,456.806,0,1.54224,0,0,4.45576,2.91352,1.542240,1,0,92.6939,0,0,0,92.6939,0
417.287,3.4874,0,0,5.29895,0.31752,0.36288,18.144,61.308,0.0815576,0,0,3.73522,0.155521,3.49814,0.99792,12.849,1,0.107675,0.36288,0,150.283,3.61682,146.922,0.84672,12.849,0.84672,3695.15,0,3.68392,0.00490069,5.10316,1.93355,16.7564,0.787461,23.0008,0.06048,3.68392,0.06048,456.806,0,1.54224,0,0,6.6454,5.10316,1.542240,1,0,173.421,0,0,0,173.421,0
414.839,3.82804,0,0,2.02854,0.285975,0.36288,18.144,61.308,0.258315,0,0,1.12443,0.144858,0.721254,0.99792,12.849,1,0.117872,0.36288,0,51.6461,3.00426,48.8869,0.84672,12.849,0.84672,3695.15,0,3.68392,0.0155218,1.151,1.93363,6.08345,0.952613,8.19995,0.06048,3.68392,0.06048,456.806,0,1.54224,0,0,2.69324,1.151,1.542240,1,0,57.8081,0,0,0,57.8081,0
412.399,3.82754,0,0,2.03618,0.285875,0.36288,18.144,61.308,0.258392,0,0,1.24646,0.144858,0.843208,0.99792,12.849,1,0.118552,0.36288,0,47.7761,3.00426,45.0162,0.84672,12.849,0.84672,3695.15,0,3.68392,0.0155264,1.23213,2.14758,6.40933,0.952613,8.82091,0.06048,3.68392,0.06048,456.806,0,1.54224,0,0,2.77437,1.23213,1.542240,1,0,54.6803,0,0,0,54.6803,0
410.133,3.82703,0,0,2.20057,0.276525,0.36288,18.144,61.308,0.258469,0,0,1.48914,0.158912,1.07176,0.99792,12.849,1,0.119238,0.36288,0,52.3489,3.42378,49.1688,0.84672,12.849,0.84672,3695.15,0,3.68392,0.0155311,1.25381,2.14768,9.46613,1.0597,11.7924,0.06048,3.68392,0.06048,456.806,0,1.54224,0,0,2.79605,1.25381,1.542240,1,0,62.0329,0,0,0,62.0329,0
408.583,3.82657,0,0,2.89499,0.255758,0.36288,18.144,61.308,0.258546,0,0,1.81188,0.165779,1.38755,0.99792,12.849,1,0.119882,0.36288,0,83.8014,4.10634,79.9381,0.84672,12.849,0.84672,3695.15,0,3.68392,0.0155357,1.61846,2.14778,11.9494,1.12827,14.5718,0.06048,3.68392,0.06048,456.806,0,1.54224,0,0,3.1607,1.61846,1.542240,1,0,95.8975,0,0,0,95.8975,0
408.745,3.34129,0,0,4.19142,0.324825,0.36288,18.144,61.308,0.0214611,0,0,1.07396,0.186909,0.86559,0.99792,12.849,1,0.105076,0.36288,0,56.8088,4.03367,53.0329,0.84672,12.849,0.84672,3695.15,0,3.68392,0.00128957,0.74113,2.14788,4.60878,1.11159,6.38491,0.06048,3.68392,0.06048,456.806,0,1.54224,0,0,2.28337,0.74113,1.542240,1,0,60.2834,0,0,0,60.2834,0
409.044,3.34149,0,0,4.30202,0.298465,0.36288,18.144,61.308,0.0215272,0,0,1.34582,0.199714,1.12458,0.99792,12.849,1,0.10504,0.36288,0,68.6419,3.56926,65.3304,0.84672,12.849,0.84672,3695.15,0,3.68392,0.00129354,1.14451,1.85538,5.90639,0.857979,8.04701,0.06048,3.68392,0.06048,456.806,0,1.54224,0,0,2.68675,1.14451,1.542240,1,0,74.502,0,0,0,74.502,0
411.38,3.34172,0,0,6.33913,0.298478,0.36288,18.144,61.308,0.0215932,0,0,2.41831,0.199714,2.197,0.99792,12.849,1,0.104971,0.36288,0,100.106,3.56926,96.7943,0.84672,12.849,0.84672,3695.15,0,3.68392,0.00129751,1.88293,1.85546,10.3359,0.857979,13.215,0.06048,3.68392,0.06048,456.806,0,1.54224,0,0,3.42517,1.88293,1.542240,1,0,112.206,0,0,0,112.206,0
413.261,3.34245,0,0,5.88487,0.298578,0.36288,18.144,61.308,0.0216594,0,0,1.5297,0.199714,1.30833,0.99792,12.849,1,0.104398,0.36288,0,120.193,3.56926,116.882,0.84672,12.849,0.84672,3695.15,0,3.68392,0.00130148,1.56307,1.85555,7.42357,0.857979,9.98291,0.06048,3.68392,0.06048,456.806,0,1.54224,0,0,3.10531,1.56307,1.542240,1,0,128.173,0,0,0,128.173,0
414.618,3.34306,0,0,5.37046,0.307489,0.36288,18.144,61.308,0.0217254,0,0,1.58078,0.184228,1.37483,0.99792,12.849,1,0.103941,0.36288,0,104.477,3.81531,100.921,0.84672,12.849,0.84672,3695.15,0,3.68392,0.00130545,1.28985,1.85563,8.8336,0.961544,11.0162,0.06048,3.68392,0.06048,456.806,0,1.54224,0,0,2.83209,1.28985,1.542240,1,0,113.312,0,0,0,113.312,0
416.928,3.46571,0,0,6.43885,0.300509,0.36288,18.144,61.308,0.0798234,0,0,1.95,0.191562,1.67862,0.99792,12.849,1,0.107402,0.36288,0,117.531,4.21711,113.569,0.84672,12.849,0.84672,3695.15,0,3.68392,0.00479649,2.09256,1.85572,10.2531,1.0996,13.097,0.06048,3.68392,0.06048,456.806,0,1.54224,0,0,3.6348,2.09256,1.542240,1,0,128.345,0,0,0,128.345,0
417.318,3.46645,0,0,4.51968,0.300609,0.36288,18.144,61.308,0.0798921,0,0,1.45864,0.191562,1.18719,0.99792,12.849,1,0.10683,0.36288,0,79.9908,4.21711,76.0298,0.84672,12.849,0.84672,3695.15,0,3.68392,0.00480062,0.79666,1.92806,7.75578,1.0996,9.3761,0.06048,3.68392,0.06048,456.806,0,1.54224,0,0,2.3389,0.79666,1.542240,1,0,86.5931,0,0,0,86.5931,0
417.145,3.4667,0,0,3.92586,0.269358,0.36288,18.144,61.308,0.0799608,0,0,1.20224,0.203087,0.919191,0.99792,12.849,1,0.106738,0.36288,0,68.7675,4.27824,64.7454,0.84672,12.849,0.84672,3695.15,0,3.68392,0.00480474,0.554049,1.92815,6.36431,1.11319,7.72851,0.06048,3.68392,0.06048,456.806,0,1.54224,0,0,2.09629,0.554049,1.542240,1,0,73.3931,0,0,0,73.3931,0
416.73,3.46682,0,0,3.69592,0.280695,0.36288,18.144,61.308,0.273481,0,0,1.07647,0.208394,0.5946,0.99792,12.849,1,0.106786,0.36288,0,63.9398,4.40343,59.7925,0.84672,12.849,0.84672,3695.15,0,3.68392,0.0164332,0.528595,1.92824,5.95465,1.10593,7.28912,0.06048,3.68392,0.06048,456.806,0,1.33323,0,0,1.86182,0.528595,1.542240,1,0,67.6762,0,0,0,67.6762,0
416.301,3.41909,0,0,3.5762,0.223194,0.36288,18.144,61.308,0.389135,0,0,1.11593,0.21665,0.51015,0.99792,12.849,1,0.10542,0.36288,0,62.9441,3.9754,59.2262,0.84672,12.849,0.84672,3695.15,0,3.68392,0.0233826,0.528595,1.92833,5.92907,1.11259,7.25002,0.06048,3.68392,0.06048,456.806,0,1.18466,0,0,1.71326,0.528595,1.542240,1,0,66.9864,0,0,0,66.9864,0
415.522,3.41914,0,0,3.226,0.22318,0.36288,18.144,61.308,0.460525,0,0,1.11415,0.21665,0.436979,0.99792,12.849,1,0.105531,0.36288,0,58.0423,3.9754,54.3243,0.84672,12.849,0.84672,3695.15,0,3.68392,0.0276724,0.528595,1.90029,5.81709,1.11259,7.1057,0.06048,3.68392,0.06048,456.806,0,1.10825,0,0,1.63685,0.528595,1.542240,1,0,61.8669,0,0,0,61.8669,0
415.171,3.41911,0,0,3.64778,0.21733,0.36288,18.144,61.308,0.489002,0,0,0.982411,0.219617,0.273793,0.99792,12.849,1,0.105727,0.36288,0,61.4809,4.20933,57.5288,0.84672,12.849,0.84672,3695.15,0,3.68392,0.0293835,0.402797,1.90037,7.40482,1.12181,8.55679,0.06048,3.68392,0.06048,456.806,0,1.07787,0,0,1.48066,0.402797,1.542240,1,0,66.3594,0,0,0,66.3594,0
414.3,3.41918,0,0,3.09347,0.182367,0.36288,18.144,61.308,0.443001,0,0,0.96406,0.23742,0.283639,0.99792,12.849,1,0.105819,0.36288,0,51.369,5.61288,46.0132,0.84672,12.849,0.84672,3695.15,0,3.68392,0.0266194,0.402797,1.90046,5.91811,1.17715,7.0176,0.06048,3.68392,0.06048,456.806,0,1.12716,0,0,1.52995,0.402797,1.542240,1,0,53.3145,0,0,0,53.3145,0
412.738,3.58131,0,0,2.54017,0.157553,0.36288,18.144,61.3041,0.66223,0,0,0.891752,0.233446,0,0.99792,12.849,1,0.11107,0.36288,0,39.2014,5.10168,34.3515,0.84672,12.849,0.84672,3695.15,0,3.68392,0.0397925,0.402797,1.90055,4.57771,1.14551,5.69574,0.06048,3.68392,0.06048,456.806,0,0.979171,0,0,1.38197,0.402797,1.542240,1,0,40.0473,0,0,0,40.0473,0
411.068,3.58107,0,0,2.43955,0.166141,0.36288,18.144,61.0961,0.796111,0,0,0.816808,0.228684,0,0.99792,12.849,1,0.111483,0.36288,0,37.0002,4.94686,32.3047,0.84672,12.849,0.84672,3695.15,0,3.68392,0.0478404,0.402797,1.99901,4.05133,1.11066,5.29464,0.06048,3.68392,0.06048,456.806,0,0.837026,0,0,1.23982,0.402797,1.542240,1,0,37.5994,0,0,0,37.5994,0
409.11,3.58079,0,0,2.13856,0.152321,0.36288,18.144,60.8399,0.779303,0,0,0.760933,0.237814,0,0.99792,12.849,1,0.111927,0.36288,0,33.0575,5.05396,28.2545,0.84672,12.849,0.84672,3695.15,0,3.68392,0.0469898,0.30119,1.9991,3.93067,1.13803,5.04595,0.06048,3.68392,0.06048,456.806,0,0.854729,0,0,1.15592,0.30119,1.542240,1,0,33.3004,0,0,0,33.3004,0
407.072,3.58043,0,0,2.02327,0.117837,0.36288,18.144,60.4787,0.83179,0,0,0.731601,0.260967,0,0.99792,12.849,1,0.112451,0.36288,0,30.219,5.32171,25.1477,0.84672,12.849,0.84672,3695.15,0,3.68392,0.0503658,0.30119,1.9992,3.78137,1.20644,4.82496,0.06048,3.68392,0.06048,456.806,0,0.798923,0,0,1.10011,0.30119,1.542240,1,0,29.9727,0,0,0,29.9727,0
404.717,3.58005,0,0,1.6929,0.105341,0.36288,18.144,60.3973,0.631206,0,0,0.797178,0.247467,0,0.99792,12.849,1,0.113002,0.36288,0,29.0168,5.25091,24.0158,0.84672,12.849,0.84672,3695.15,0,3.68392,0.0384484,0.30119,1.99929,3.74774,1.23097,4.7788,0.06048,3.68392,0.06048,456.806,0,1.01186,0,0,1.31306,0.30119,1.542240,1,0,28.7946,0,0,0,28.7946,0
402.139,3.54752,0,0,1.4288,0.095963,0.36288,18.144,60.4273,0.558493,0,0,0.826165,0.237667,0,0.99792,12.849,1,0.112627,0.36288,0,28.041,5.19782,23.0935,0.84672,12.849,0.84672,3695.15,0,3.68392,0.0340652,0.30119,1.99938,3.7344,1.24937,4.75154,0.06048,3.68392,0.06048,456.806,0,1.13679,0,0,1.43798,0.30119,1.542240,1,0,27.845,0,0,0,27.845,0
399.435,3.54698,0,0,1.30104,0.0959275,0.36288,18.144,60.488,0.519397,0,0,0.817819,0.237712,0,0.99792,12.849,1,0.113332,0.36288,0,27.8242,5.19782,22.8759,0.84672,12.849,0.84672,3695.15,0,3.68392,0.0316648,0.261274,2.03013,3.59418,1.24937,4.60455,0.06048,3.68392,0.06048,456.806,0,1.17875,0,0,1.44002,0.261274,1.542240,1,0,27.4805,0,0,0,27.4805,0
396.607,3.5464,0,0,1.17714,0.0958903,0.36288,18.144,60.3224,0.686711,0,0,0.758964,0.237804,0,0.99792,12.849,1,0.114081,0.36288,0,24.9864,5.19782,20.0373,0.84672,12.849,0.84672,3695.15,0,3.68392,0.041823,0.261274,2.03022,3.44714,1.24937,4.44745,0.06048,3.68392,0.06048,456.806,0,1.00013,0,0,1.26141,0.261274,1.542240,1,0,24.4848,0,0,0,24.4848,0
393.741,3.54578,0,0,1.11225,0.0691712,0.36288,18.144,60.045,0.695627,0,0,0.722987,0.304755,0,0.99792,12.849,1,0.114874,0.36288,0,22.2659,6.01536,16.4985,0.84672,12.849,0.84672,3695.15,0,3.68392,0.0424823,0.261274,2.03031,3.20534,1.54466,3.90978,0.06048,3.68392,0.06048,456.806,0,0.990567,0,0,1.25184,0.261274,1.542240,1,0,20.4083,0,0,0,20.4083,0
390.794,3.62786,0,0,1.11181,0.0682044,0.36288,18.144,59.9319,0.711772,0,0,0.924497,0.32586,0,0.99792,12.849,1,0.118389,0.36288,0,23.6854,5.98038,17.9495,0.84672,12.849,0.84672,3695.15,0,3.68392,0.0436691,0.261274,2.03041,2.99334,1.51316,3.72819,0.06048,3.68392,0.06048,456.806,0,1.01523,0,0,1.2765,0.261274,1.542240,1,0,21.6777,0,0,0,21.6777,0
387.789,3.62717,0,0,1.05373,0.0681755,0.36288,18.144,59.8381,0.595218,0,0,0.82709,0.325625,0,0.99792,12.849,1,0.119258,0.36288,0,20.9282,5.98038,15.1914,0.84672,12.849,0.84672,3695.15,0,3.68392,0.0365871,0.261274,2.07936,3.12644,1.51316,3.91732,0.06048,3.68392,0.06048,456.806,0,1.13966,0,0,1.40093,0.261274,1.542240,1,0,19.1087,0,0,0,19.1087,0
384.717,3.62644,0,0,0.985046,0.0681461,0.36288,18.144,59.6016,0.676358,0,0,0.765227,0.32543,0,0.99792,12.849,1,0.120158,0.36288,0,19.8997,5.98038,14.1621,0.84672,12.849,0.84672,3695.15,0,3.68392,0.0416398,0.227405,2.07946,2.74335,1.51316,3.49541,0.06048,3.68392,0.06048,456.806,0,1.05297,0,0,1.28037,0.227405,1.542240,1,0,17.6575,0,0,0,17.6575,0
381.632,3.62567,0,0,0.971801,0.068116,0.36288,18.144,59.5091,0.595487,0,0,0.827937,0.324939,0,0.99792,12.849,1,0.121092,0.36288,0,18.465,5.98038,12.7264,0.84672,12.849,0.84672,3695.15,0,3.68392,0.0368065,0.227405,2.07955,3.1024,1.51316,3.85939,0.06048,3.68392,0.06048,456.806,0,1.13927,0,0,1.36668,0.227405,1.542240,1,0,16.5858,0,0,0,16.5858,0
378.187,3.86699,0,0,0.87156,0.0868462,0.36288,18.144,59.3855,0.714266,0,0,0.892884,0.302201,0,0.99792,12.849,1,0.130196,0.36288,0,15.7745,5.69178,10.3154,0.84672,12.849,0.84672,3695.15,0,3.68392,0.0442168,0.227405,2.07965,3.40627,1.3919,4.27721,0.06048,3.68392,0.06048,456.806,0,1.16408,0,0,1.39149,0.227405,1.542240,1,0,14.5926,0,0,0,14.5926,0
374.575,3.86602,0,0,0.72392,0.107377,0.36288,18.144,59.1315,0.823868,0,0,0.855706,0.285788,0,0.99792,12.849,1,0.131349,0.36288,0,14.0955,5.36697,8.96003,0.84672,12.849,0.84672,3695.15,0,3.68392,0.0511078,0.227405,2.24524,3.00288,1.30156,4.12286,0.06048,3.68392,0.06048,456.806,0,1.04712,0,0,1.27453,0.227405,1.542240,1,0,13.0829,0,0,0,13.0829,0
371.012,3.86497,0,0,0.773064,0.107321,0.36288,18.144,59.0107,0.703081,0,0,0.867542,0.285323,0,0.99792,12.849,1,0.13258,0.36288,0,14.0923,5.36697,8.9556,0.84672,12.849,0.84672,3695.15,0,3.68392,0.0438022,0.204422,2.24534,3.62675,1.30156,4.73116,0.06048,3.68392,0.06048,456.806,0,1.17585,0,0,1.38027,0.204422,1.542240,1,0,13.6868,0,0,0,13.6868,0
367.55,3.86391,0,0,0.871854,0.107266,0.36288,18.144,58.8814,0.740792,0,0,0.896573,0.285102,0,0.99792,12.849,1,0.133816,0.36288,0,13.48,5.36697,8.34214,0.84672,12.849,0.84672,3695.15,0,3.68392,0.0462462,0.204422,2.24545,4.03132,1.30156,5.13338,0.06048,3.68392,0.06048,456.806,0,1.13551,0,0,1.33993,0.204422,1.542240,1,0,13.4755,0,0,0,13.4755,0
364.088,3.86287,0,0,0.918916,0.155311,0.36288,18.144,58.9444,0.728187,0,0,1.0324,0.241177,0,0.99792,12.849,1,0.13504,0.36288,0,15.4066,4.70631,10.9281,0.84672,12.849,0.84672,3695.15,0,3.68392,0.0455591,0.204422,2.24555,3.99228,1.16171,5.23498,0.06048,3.68392,0.06048,456.806,0,1.14894,0,0,1.35336,0.204422,1.542240,1,0,16.1631,0,0,0,16.1631,0
361.107,3.74398,0,0,1.33933,0.213766,0.36288,18.144,60.055,0.276987,0,0,1.57044,0.182907,0,0.99792,12.849,1,0.132128,0.36288,0,24.4076,3.79953,20.8388,0.84672,12.849,0.84672,3695.15,0,3.68392,0.0173112,0.242533,2.24565,5.80762,0.980327,7.29817,0.06048,3.68392,0.06048,456.806,0,1.54224,0,0,1.78477,0.242533,1.542240,1,0,28.137,0,0,0,28.137,0
358.46,3.7431,0,0,1.67329,0.213675,0.36288,18.144,61.308,0.277483,0,0,1.7887,0.184211,0.0739615,0.99792,12.849,1,0.133188,0.36288,0,47.1622,3.79953,43.5924,0.84672,12.849,0.84672,3695.15,0,3.68392,0.0170215,0.299117,2.15089,6.32129,0.980327,7.77395,0.06048,3.68392,0.06048,456.806,0,1.54224,0,0,1.84136,0.299117,1.542240,1,0,51.4403,0,0,0,51.4403,0
355.352,3.74232,0,0,1.21076,0.213593,0.36288,18.144,61.308,0.278015,0,0,1.51462,0.185681,1.05092,0.99792,12.849,1,0.134143,0.36288,0,22.3794,3.79953,18.8086,0.84672,12.849,0.84672,3695.15,0,3.68392,0.0167056,0.271935,2.15099,4.96111,0.980327,6.387,0.06048,3.68392,0.06048,456.806,0,1.54224,0,0,1.81418,0.271935,1.542240,1,0,26.2465,0,0,0,26.2465,0
352.235,3.74136,0,0,1.20004,0.213497,0.36288,18.144,61.308,0.278093,0,0,1.64306,0.185681,1.17929,0.99792,12.849,1,0.135282,0.36288,0,17.3098,3.79953,13.7379,0.84672,12.849,0.84672,3695.15,0,3.68392,0.0167103,0.23226,2.15109,4.79617,0.980327,6.18248,0.06048,3.68392,0.06048,456.806,0,1.54224,0,0,1.7745,0.23226,1.542240,1,0,21.0996,0,0,0,21.0996,0
350.375,3.64375,0,0,2.42766,0.28045,0.36288,18.144,61.308,0.199988,0,0,1.63346,0.24253,1.19094,0.99792,12.849,1,0.132919,0.36288,0,65.4439,3.63174,62.0422,0.84672,12.849,0.84672,3695.15,0,3.68392,0.012017,0.491962,2.15119,9.80078,0.961199,11.4707,0.06048,3.68392,0.06048,456.806,0,1.54224,0,0,2.0342,0.491962,1.542240,1,0,74.7038,0,0,0,74.7038,0
348.203,3.64324,0,0,2.11429,0.280375,0.36288,18.144,61.308,0.200062,0,0,3.37342,0.24253,2.93083,0.99792,12.849,1,0.133605,0.36288,0,71.0901,3.63174,67.6876,0.84672,12.849,0.84672,3695.15,0,3.68392,0.0120215,2.8532,2.06696,12.6617,0.961199,16.6086,0.06048,3.68392,0.06048,456.806,0,1.54224,0,0,4.39544,2.8532,1.542240,1,0,87.2271,0,0,0,87.2271,0
346.364,3.6426,0,0,2.44668,0.280287,0.36288,18.144,61.308,0.200136,0,0,1.93574,0.24253,1.49307,0.99792,12.849,1,0.134415,0.36288,0,72.0152,3.63174,68.6119,0.84672,12.849,0.84672,3695.15,0,3.68392,0.0120259,0.381827,2.06706,8.5027,0.961199,9.97836,0.06048,3.68392,0.06048,456.806,0,1.54224,0,0,1.92407,0.381827,1.542240,1,0,80.0833,0,0,0,80.0833,0
344.994,3.64208,0,0,2.94152,0.30701,0.36288,18.144,61.308,0.20021,0,0,3.34326,0.274738,2.86831,0.99792,12.849,1,0.13511,0.36288,0,87.7433,4.32047,83.6506,0.84672,12.849,0.84672,3695.15,0,3.68392,0.0120304,2.40218,2.06715,14.6377,1.15543,17.9396,0.06048,3.68392,0.06048,456.806,0,1.54224,0,0,3.94442,2.40218,1.542240,1,0,104.458,0,0,0,104.458,0
343.748,3.36747,0,0,2.7773,0.292237,0.36288,18.144,61.308,0.0374219,0,0,3.46969,0.24024,3.19203,0.99792,12.849,1,0.125418,0.36288,0,92.472,4.13966,88.5698,0.84672,12.849,0.84672,3695.15,0,3.68392,0.00224863,2.42149,2.06725,10.5714,1.09395,13.9639,0.06048,3.68392,0.06048,456.806,0,1.54224,0,0,3.96373,2.42149,1.542240,1,0,105.726,0,0,0,105.726,0
344,3.36718,0,0,4.26382,0.282014,0.36288,18.144,61.308,0.0374887,0,0,4.25545,0.221288,3.99667,0.99792,12.849,1,0.125862,0.36288,0,72.7222,3.95713,69.0021,0.84672,12.849,0.84672,3695.15,0,3.68392,0.00225265,2.50024,1.87748,11.5186,1.03828,14.8558,0.06048,3.68392,0.06048,456.806,0,1.54224,0,0,4.04248,2.50024,1.542240,1,0,87.8545,0,0,0,87.8545,0
344.151,3.36742,0,0,4.1674,0.285666,0.36288,18.144,61.308,0.0375555,0,0,4.01054,0.206158,3.76683,0.99792,12.849,1,0.125779,0.36288,0,125.36,3.79213,121.805,0.84672,12.849,0.84672,3695.15,0,3.68392,0.00225666,2.35587,1.87756,11.2825,0.993543,14.5202,0.06048,3.68392,0.06048,456.806,0,1.54224,0,0,3.89811,2.35587,1.542240,1,0,140.092,0,0,0,140.092,0
342.294,3.36763,0,0,2.16825,0.294777,0.36288,18.144,61.308,0.0376222,0,0,1.9366,0.168333,1.73065,0.99792,12.849,1,0.125732,0.36288,0,43.4741,3.37964,40.3317,0.84672,12.849,0.84672,3695.15,0,3.68392,0.00226067,0.798198,1.87765,8.94309,0.881699,10.735,0.06048,3.68392,0.06048,456.806,0,1.54224,0,0,2.34044,0.798198,1.542240,1,0,52.7973,0,0,0,52.7973,0
340.904,3.36713,0,0,2.62943,0.28995,0.36288,18.144,61.308,0.0376889,0,0,1.58836,0.171325,1.37935,0.99792,12.849,1,0.126395,0.36288,0,119.578,3.42947,116.385,0.84672,12.849,0.84672,3695.15,0,3.68392,0.00226468,0.560364,1.87774,8.51826,0.965329,9.98877,0.06048,3.68392,0.06048,456.806,0,1.54224,0,0,2.1026,0.560364,1.542240,1,0,127.753,0,0,0,127.753,0
341.31,3.47224,0,0,4.52815,0.286734,0.36288,18.144,61.308,0.084919,0,0,1.62484,0.167071,1.37285,0.99792,12.849,1,0.130872,0.36288,0,130.636,3.66721,127.201,0.84672,12.849,0.84672,3695.15,0,3.68392,0.00510268,1.65713,1.87782,7.77177,1.0781,10.2235,0.06048,3.68392,0.06048,456.806,0,1.54224,0,0,3.19937,1.65713,1.542240,1,0,138.797,0,0,0,138.797,0
348.616,3.47252,0,0,11.4337,0.292741,0.36288,18.144,61.308,0.0849744,0,0,4.21341,0.194516,3.93392,0.99792,12.849,1,0.130727,0.36288,0,142.331,4.19422,138.369,0.84672,12.849,0.84672,3695.15,0,3.68392,0.005106,4.63871,1.93796,19.1033,1.22959,24.4453,0.06048,3.68392,0.06048,456.806,0,1.54224,0,0,6.18095,4.63871,1.542240,1,0,166.748,0,0,0,166.748,0
362.833,3.47529,0,0,18.3505,0.294934,0.36288,18.144,61.308,0.0850297,0,0,11.264,0.218621,10.9603,0.99792,12.849,1,0.128089,0.36288,0,415.028,4.55553,410.708,0.84672,12.849,0.84672,3695.15,0,3.68392,0.00510933,11.7242,1.93803,36.1854,1.37209,48.4704,0.06048,3.68392,0.06048,456.806,0,1.54224,0,0,13.2665,11.7242,1.542240,1,0,470.138,0,0,0,470.138,0
376.306,3.48026,0,0,17.6117,0.29554,0.36288,18.144,61.308,0.0850851,0,0,12.2703,0.218621,11.9666,0.99792,12.849,1,0.123247,0.36288,0,461.028,4.55553,456.712,0.84672,12.849,0.84672,3695.15,0,3.68392,0.00511265,9.9138,1.9381,34.152,1.37209,44.6267,0.06048,3.68392,0.06048,456.806,0,1.54224,0,0,11.456,9.9138,1.542240,1,0,513.305,0,0,0,513.305,0
379.308,3.82455,0,0,7.54065,0.350995,0.36288,18.144,61.308,0.262242,0,0,5.31122,0.178689,4.87028,0.99792,12.849,1,0.130589,0.36288,0,166.955,4.1292,163.058,0.84672,12.849,0.84672,3695.15,0,3.68392,0.0157578,6.62386,1.93817,16.6424,1.04589,24.1428,0.06048,3.68392,0.06048,456.806,0,1.54224,0,0,8.1661,6.62386,1.542240,1,0,192.071,0,0,0,192.071,0
381.437,3.82569,0,0,6.67734,0.360298,0.36288,18.144,61.308,0.262304,0,0,5.77347,0.172034,5.33913,0.99792,12.849,1,0.129594,0.36288,0,158.427,4.05815,154.602,0.84672,12.849,0.84672,3695.15,0,3.68392,0.0157615,5.49374,2.15261,16.1082,0.991521,22.7473,0.06048,3.68392,0.06048,456.806,0,1.54224,0,0,7.03598,5.49374,1.542240,1,0,182.689,0,0,0,182.689,0
384.482,3.82653,0,0,7.59542,0.360408,0.36288,18.144,61.308,0.262366,0,0,6.18045,0.172034,5.74605,0.99792,12.849,1,0.1289,0.36288,0,188.561,4.05815,184.737,0.84672,12.849,0.84672,3695.15,0,3.68392,0.0157652,6.39032,2.15269,24.4616,0.991521,31.9973,0.06048,3.68392,0.06048,456.806,0,1.54224,0,0,7.93256,6.39032,1.542240,1,0,222.48,0,0,0,222.48,0
388.796,3.82765,0,0,8.86628,0.362144,0.36288,18.144,61.308,0.262428,0,0,6.08468,0.16891,5.65334,0.99792,12.849,1,0.127916,0.36288,0,240.432,3.95324,236.714,0.84672,12.849,0.84672,3695.15,0,3.68392,0.015769,6.47784,2.15276,20.8698,0.956405,28.5283,0.06048,3.68392,0.06048,456.806,0,1.54224,0,0,8.02008,6.47784,1.542240,1,0,270.896,0,0,0,270.896,0
391.218,3.3438,0,0,6.44392,0.315288,0.36288,18.144,61.308,0.0247822,0,0,4.22404,0.177321,4.02194,0.99792,12.849,1,0.110506,0.36288,0,152.842,3.52483,149.57,0.84672,12.849,0.84672,3695.15,0,3.68392,0.00148913,4.2493,2.15284,11.4,0.817628,16.983,0.06048,3.68392,0.06048,456.806,0,1.54224,0,0,5.79154,4.2493,1.542240,1,0,170.575,0,0,0,170.575,0
393.14,3.34458,0,0,5.93583,0.305969,0.36288,18.144,61.308,0.0248353,0,0,3.54353,0.181846,3.33685,0.99792,12.849,1,0.109848,0.36288,0,133.434,3.55834,130.129,0.84672,12.849,0.84672,3695.15,0,3.68392,0.00149232,4.7444,1.85965,10.9916,0.829614,16.7646,0.06048,3.68392,0.06048,456.806,0,1.54224,0,0,6.28664,4.7444,1.542240,1,0,150.231,0,0,0,150.231,0
397.792,3.34523,0,0,8.66575,0.306053,0.36288,18.144,61.308,0.0248885,0,0,4.34741,0.181846,4.14067,0.99792,12.849,1,0.109332,0.36288,0,192.253,3.55834,188.948,0.84672,12.849,0.84672,3695.15,0,3.68392,0.00149552,5.28587,1.85972,14.138,0.829614,20.4525,0.06048,3.68392,0.06048,456.806,0,1.54224,0,0,6.82811,5.28587,1.542240,1,0,213.541,0,0,0,213.541,0
402.235,3.34659,0,0,8.45804,0.305547,0.36288,18.144,61.308,0.0249417,0,0,4.16609,0.17788,3.96327,0.99792,12.849,1,0.108097,0.36288,0,193.285,3.6345,189.906,0.84672,12.849,0.84672,3695.15,0,3.68392,0.00149871,5.15574,1.85979,15.6903,0.86721,21.8371,0.06048,3.68392,0.06048,456.806,0,1.54224,0,0,6.69798,5.15574,1.542240,1,0,215.706,0,0,0,215.706,0
411.028,3.34787,0,0,12.8009,0.29742,0.36288,18.144,61.308,0.0249948,0,0,6.38661,0.192982,6.16863,0.99792,12.849,1,0.106944,0.36288,0,296.686,3.82111,293.121,0.84672,12.849,0.84672,3695.15,0,3.68392,0.00150191,7.61979,1.85986,24.2434,0.888666,32.8329,0.06048,3.68392,0.06048,456.806,0,1.54224,0,0,9.16203,7.61979,1.542240,1,0,332.123,0,0,0,332.123,0
420.998,3.47262,0,0,14.0899,0.283885,0.36288,18.144,61.308,0.0832108,0,0,5.92013,0.184535,5.65238,0.99792,12.849,1,0.108556,0.36288,0,218.573,3.3767,215.451,0.84672,12.849,0.84672,3695.15,0,3.68392,0.00500003,5.05909,1.85992,28.2737,0.754896,34.4328,0.06048,3.68392,0.06048,456.806,0,1.54224,0,0,6.60133,5.05909,1.542240,1,0,255.536,0,0,0,255.536,0
428.445,3.47524,0,0,11.5694,0.284291,0.36288,18.144,61.308,0.0832662,0,0,5.1727,0.184535,4.9049,0.99792,12.849,1,0.106065,0.36288,0,160.535,3.3767,157.415,0.84672,12.849,0.84672,3695.15,0,3.68392,0.00500336,5.53725,1.93242,20.686,0.754896,27.3957,0.06048,3.68392,0.06048,456.806,0,1.54224,0,0,7.07949,5.53725,1.542240,1,0,189.715,0,0,0,189.715,0
433.608,3.47716,0,0,9.23694,0.233915,0.36288,18.144,61.308,0.0833214,0,0,3.59809,0.178708,3.33606,0.99792,12.849,1,0.104279,0.36288,0,144.234,3.72267,140.769,0.84672,12.849,0.84672,3695.15,0,3.68392,0.00500668,3.07255,1.93249,14.5889,0.777393,18.8115,0.06048,3.68392,0.06048,456.806,0,1.54224,0,0,4.61479,3.07255,1.542240,1,0,162.917,0,0,0,162.917,0
437.765,3.47849,0,0,8.23902,0.240555,0.36288,18.144,61.308,0.0833767,0,0,3.14349,0.186365,2.87375,0.99792,12.849,1,0.103077,0.36288,0,132.787,3.67766,129.369,0.84672,12.849,0.84672,3695.15,0,3.68392,0.00501,2.39483,1.93256,13.5655,0.776616,17.1112,0.06048,3.68392,0.06048,456.806,0,1.54224,0,0,3.93707,2.39483,1.542240,1,0,149.354,0,0,0,149.354,0
444.21,3.43161,0,0,10.4964,0.25673,0.36288,18.144,61.308,0.0608389,0,0,3.23464,0.165313,3.00849,0.99792,12.849,1,0.100723,0.36288,0,197.611,2.92567,194.948,0.84672,12.849,0.84672,3695.15,0,3.68392,0.00365573,3.26618,1.93263,19.5903,0.774998,24.0104,0.06048,3.68392,0.06048,456.806,0,1.54224,0,0,4.80842,3.26618,1.542240,1,0,221.967,0,0,0,221.967,0
448.009,3.43316,0,0,7.79682,0.20187,0.36288,18.144,61.308,0.0608934,0,0,2.38808,0.211706,2.11548,0.99792,12.849,1,0.0993058,0.36288,0,106.952,3.58859,103.627,0.84672,12.849,0.84672,3695.15,0,3.68392,0.003659,2.51762,1.90451,12.7298,0.983424,16.1649,0.06048,3.68392,0.06048,456.806,0,1.54224,0,0,4.05986,2.51762,1.542240,1,0,121.907,0,0,0,121.907,0
450.602,3.43411,0,0,6.59153,0.20198,0.36288,18.144,61.308,0.0609478,0,0,2.09634,0.211706,1.82369,0.99792,12.849,1,0.0984909,0.36288,0,86.0051,3.58859,82.681,0.84672,12.849,0.84672,3695.15,0,3.68392,0.00366228,2.15736,1.90458,10.5217,0.983424,13.5966,0.06048,3.68392,0.06048,456.806,0,1.54224,0,0,3.6996,2.15736,1.542240,1,0,98.1012,0,0,0,98.1012,0
452.188,3.43478,0,0,5.58608,0.202054,0.36288,18.144,61.308,0.0610022,0,0,1.86905,0.211706,1.59634,0.99792,12.849,1,0.0979435,0.36288,0,66.341,3.58859,63.0174,0.84672,12.849,0.84672,3695.15,0,3.68392,0.00366555,1.76644,1.90465,8.67007,0.983424,11.3541,0.06048,3.68392,0.06048,456.806,0,1.54224,0,0,3.30868,1.76644,1.542240,1,0,75.9678,0,0,0,75.9678,0
453.745,3.5982,0,0,5.72208,0.203985,0.36288,18.144,61.308,0.14119,0,0,1.81271,0.200677,1.47084,0.99792,12.849,1,0.102243,0.36288,0,64.1211,4.3435,60.0382,0.84672,12.849,0.84672,3695.15,0,3.68392,0.00848392,1.25322,1.90472,7.95735,1.05195,10.0549,0.06048,3.68392,0.06048,456.806,0,1.54224,0,0,2.79546,1.25322,1.542240,1,0,71.5639,0,0,0,71.5639,0
455.512,3.59867,0,0,5.89332,0.164608,0.36288,18.144,61.308,0.141247,0,0,2.08729,0.198877,1.74716,0.99792,12.849,1,0.101906,0.36288,0,72.8352,4.75494,68.3412,0.84672,12.849,0.84672,3695.15,0,3.68392,0.00848738,1.81627,2.00338,9.05999,1.09115,11.78,0.06048,3.68392,0.06048,456.806,0,1.54224,0,0,3.35851,1.81627,1.542240,1,0,81.8684,0,0,0,81.8684,0
456.804,3.59919,0,0,5.35766,0.103629,0.36288,18.144,61.308,0.141305,0,0,1.77115,0.221406,1.40844,0.99792,12.849,1,0.101525,0.36288,0,68.9636,5.05722,64.1678,0.84672,12.849,0.84672,3695.15,0,3.68392,0.00849083,1.4457,2.00345,8.10527,1.15196,10.394,0.06048,3.68392,0.06048,456.806,0,1.54224,0,0,2.98794,1.4457,1.542240,1,0,75.9702,0,0,0,75.9702,0
457.663,3.5996,0,0,4.92486,0.103648,0.36288,18.144,61.308,0.141362,0,0,1.42785,0.221406,1.06508,0.99792,12.849,1,0.10125,0.36288,0,63.2294,5.05722,58.4338,0.84672,12.849,0.84672,3695.15,0,3.68392,0.00849427,1.00659,2.00353,7.34435,1.15196,9.19401,0.06048,3.68392,0.06048,456.806,0,1.54224,0,0,2.54883,1.00659,1.542240,1,0,68.6929,0,0,0,68.6929,0
457.907,3.59992,0,0,4.31467,0.10782,0.36288,18.144,61.308,0.14142,0,0,1.15552,0.235743,0.77836,0.99792,12.849,1,0.101069,0.36288,0,56.0695,4.94333,51.3879,0.84672,12.849,0.84672,3695.15,0,3.68392,0.00849773,0.748518,2.0036,6.56853,1.1936,8.11855,0.06048,3.68392,0.06048,456.806,0,1.54224,0,0,2.29076,0.748518,1.542240,1,0,60.2848,0,0,0,60.2848,0
457.346,3.56786,0,0,3.48337,0.113369,0.36288,18.144,61.308,0.185528,0,0,1.03195,0.254859,0.591566,0.99792,12.849,1,0.100115,0.36288,0,54.0835,4.79147,49.5548,0.84672,12.849,0.84672,3695.15,0,3.68392,0.0111481,0.399073,2.00367,5.83683,1.24912,6.97931,0.06048,3.68392,0.06048,456.806,0,1.54224,0,0,1.94131,0.399073,1.542240,1,0,57.1257,0,0,0,57.1257,0
456.503,3.56787,0,0,3.20111,0.11336,0.36288,18.144,61.308,0.185587,0,0,1.00231,0.254859,0.561863,0.99792,12.849,1,0.100238,0.36288,0,53.2291,4.79147,48.7003,0.84672,12.849,0.84672,3695.15,0,3.68392,0.0111517,0.399876,2.03447,5.88564,1.24912,7.05971,0.06048,3.68392,0.06048,456.806,0,1.54224,0,0,1.94212,0.399876,1.542240,1,0,56.3219,0,0,0,56.3219,0
455.373,3.56782,0,0,2.9138,0.113346,0.36288,18.144,61.308,0.297477,0,0,0.937449,0.254859,0.385112,0.99792,12.849,1,0.100422,0.36288,0,51.1001,4.79147,46.5711,0.84672,12.849,0.84672,3695.15,0,3.68392,0.017875,0.261274,2.03455,5.52904,1.24912,6.55786,0.06048,3.68392,0.06048,456.806,0,1.42146,0,0,1.68274,0.261274,1.542240,1,0,53.514,0,0,0,53.514,0
454.022,3.56771,0,0,2.67931,0.0995714,0.36288,18.144,61.308,0.305312,0,0,0.895009,0.287766,0.301931,0.99792,12.849,1,0.100668,0.36288,0,45.3018,5.21491,40.3491,0.84672,12.849,0.84672,3695.15,0,3.68392,0.0183458,0.261274,2.03462,5.32013,1.40369,6.19399,0.06048,3.68392,0.06048,456.806,0,1.41308,0,0,1.67435,0.261274,1.542240,1,0,46.845,0,0,0,46.845,0
452.482,3.65081,0,0,2.55753,0.0837666,0.36288,18.144,61.308,0.404941,0,0,0.946564,0.326287,0.215336,0.99792,12.849,1,0.103319,0.36288,0,43.0006,5.93355,37.3266,0.84672,12.849,0.84672,3695.15,0,3.68392,0.0243324,0.261274,2.0347,4.07857,1.504,4.8462,0.06048,3.68392,0.06048,456.806,0,1.34827,0,0,1.60955,0.261274,1.542240,1,0,42.3881,0,0,0,42.3881,0
450.88,3.6506,0,0,2.49471,0.0837482,0.36288,18.144,61.308,0.271717,0,0,0.872113,0.326287,0.274109,0.99792,12.849,1,0.103665,0.36288,0,42.9452,5.93355,37.2709,0.84672,12.849,0.84672,3695.15,0,3.68392,0.0163271,0.261274,2.08374,4.37048,1.504,5.19516,0.06048,3.68392,0.06048,456.806,0,1.49186,0,0,1.75313,0.261274,1.542240,1,0,42.7401,0,0,0,42.7401,0
449.117,3.65038,0,0,2.33448,0.0837291,0.36288,18.144,61.308,0.341528,0,0,0.80727,0.326287,0.139455,0.99792,12.849,1,0.104027,0.36288,0,38.7687,5.93355,33.094,0.84672,12.849,0.84672,3695.15,0,3.68392,0.020522,0.261274,2.08381,3.90061,1.504,4.72117,0.06048,3.68392,0.06048,456.806,0,1.41664,0,0,1.67791,0.261274,1.542240,1,0,37.9546,0,0,0,37.9546,0
447.164,3.65012,0,0,2.14316,0.0837081,0.36288,18.144,61.308,0.438239,0,0,0.798405,0.326287,0.0338796,0.99792,12.849,1,0.104428,0.36288,0,35.4395,5.93355,29.7644,0.84672,12.849,0.84672,3695.15,0,3.68392,0.0263332,0.227405,2.08389,3.81494,1.504,4.5959,0.06048,3.68392,0.06048,456.806,0,1.31269,0,0,1.5401,0.227405,1.542240,1,0,34.3941,0,0,0,34.3941,0
445.376,3.89356,0,0,2.5392,0.0708352,0.36288,18.144,61.308,0.367016,0,0,0.959844,0.343914,0.248914,0.99792,12.849,1,0.111879,0.36288,0,37.0976,6.51696,30.8316,0.84672,12.849,0.84672,3695.15,0,3.68392,0.0220535,0.477472,2.08397,5.05958,1.62716,5.9718,0.06048,3.68392,0.06048,456.806,0,1.54224,0,0,2.01971,0.477472,1.542240,1,0,37.0523,0,0,0,37.0523,0
442.806,3.89327,0,0,1.76386,0.0776822,0.36288,18.144,60.7602,0.815272,0,0,0.61557,0.34807,0,0.99792,12.849,1,0.11232,0.36288,0,39.0334,6.69281,32.5912,0.84672,12.849,0.84672,3695.15,0,3.68392,0.0489886,0.227405,2.24988,3.08634,1.66724,3.84739,0.06048,3.68392,0.06048,456.806,0,1.06223,0,0,1.28963,0.227405,1.542240,1,0,36.4386,0,0,0,36.4386,0
440.561,3.89278,0,0,2.08898,0.0776538,0.36288,18.144,60.9861,0.366887,0,0,0.939648,0.346864,0,0.99792,12.849,1,0.112958,0.36288,0,33.5034,6.69281,27.0605,0.84672,12.849,0.84672,3695.15,0,3.68392,0.0222445,0.397751,2.24997,4.17361,1.66724,5.13184,0.06048,3.68392,0.06048,456.806,0,1.54224,0,0,1.93999,0.397751,1.542240,1,0,32.1924,0,0,0,32.1924,0
437.97,3.89236,0,0,1.74535,0.0812885,0.36288,18.144,60.7811,0.567929,0,0,0.689584,0.326719,0,0.99792,12.849,1,0.113521,0.36288,0,30.5736,6.13827,24.6847,0.84672,12.849,0.84672,3695.15,0,3.68392,0.0343062,0.204422,2.25005,4.32407,1.45138,5.29285,0.06048,3.68392,0.06048,456.806,0,1.32617,0,0,1.53059,0.204422,1.542240,1,0,29.9775,0,0,0,29.9775,0
435.41,3.89185,0,0,1.78871,0.0944244,0.36288,18.144,60.5288,0.623507,0,0,0.688101,0.316891,0,0.99792,12.849,1,0.114178,0.36288,0,27.2343,5.93561,21.5474,0.84672,12.849,0.84672,3695.15,0,3.68392,0.0377905,0.204422,2.25013,4.79288,1.29976,5.90988,0.06048,3.68392,0.06048,456.806,0,1.26654,0,0,1.47096,0.204422,1.542240,1,0,27.4573,0,0,0,27.4573,0
432.829,3.77262,0,0,1.67456,0.11937,0.36288,18.144,60.0135,0.764128,0,0,0.586343,0.337508,0,0.99792,12.849,1,0.11133,0.36288,0,29.4041,6.63044,23.0252,0.84672,12.849,0.84672,3695.15,0,3.68392,0.0465066,0.204422,2.25021,4.7902,1.38842,5.8099,0.06048,3.68392,0.06048,456.806,0,1.02395,0,0,1.22837,0.204422,1.542240,1,0,28.8351,0,0,0,28.8351,0
430.409,3.77211,0,0,1.90038,0.186313,0.36288,18.144,59.4522,0.838388,0,0,0.565578,0.288493,0,0.99792,12.849,1,0.111979,0.36288,0,24.8056,6.24393,18.8126,0.84672,12.849,0.84672,3695.15,0,3.68392,0.0514644,0.204422,2.15524,3.61228,1.25567,4.66481,0.06048,3.68392,0.06048,456.806,0,0.944533,0,0,1.14896,0.204422,1.542240,1,0,23.4774,0,0,0,23.4774,0
428.602,3.77164,0,0,2.51403,0.186248,0.36288,18.144,59.4635,0.437016,0,0,0.735793,0.28746,0,0.99792,12.849,1,0.112595,0.36288,0,36.1096,6.24393,30.1159,0.84672,12.849,0.84672,3695.15,0,3.68392,0.0270795,0.216518,2.15532,5.18564,1.25567,6.27473,0.06048,3.68392,0.06048,456.806,0,1.37346,0,0,1.58998,0.216518,1.542240,1,0,36.3907,0,0,0,36.3907,0
427.553,3.77131,0,0,3.27174,0.1862,0.36288,18.144,59.9364,0.280798,0,0,1.04115,0.287481,0,0.99792,12.849,1,0.11306,0.36288,0,70.7033,6.24393,64.7092,0.84672,12.849,0.84672,3695.15,0,3.68392,0.0173962,0.685575,2.1554,6.15821,1.25567,7.72612,0.06048,3.68392,0.06048,456.806,0,1.54224,0,0,2.22782,0.685575,1.542240,1,0,72.4353,0,0,0,72.4353,0
424.777,3.67376,0,0,1.44144,0.180791,0.36288,18.144,59.6479,0.655985,0,0,0.585433,0.217882,0,0.99792,12.849,1,0.110405,0.36288,0,31.663,5.08263,26.8329,0.84672,12.849,0.84672,3695.15,0,3.68392,0.0403194,0.216518,2.15548,3.82442,1.12917,5.02693,0.06048,3.68392,0.06048,456.806,0,1.05492,0,0,1.27144,0.216518,1.542240,1,0,31.8598,0,0,0,31.8598,0
422.228,3.6732,0,0,1.75946,0.272376,0.36288,18.144,59.8571,0.465587,0,0,0.891799,0.217042,0,0.99792,12.849,1,0.11111,0.36288,0,41.576,5.03223,36.7956,0.84672,12.849,0.84672,3695.15,0,3.68392,0.0287552,0.216518,2.07107,3.70334,1.11585,4.84632,0.06048,3.68392,0.06048,456.806,0,1.25867,0,0,1.47518,0.216518,1.542240,1,0,41.6419,0,0,0,41.6419,0
421.396,3.67268,0,0,3.47566,0.272276,0.36288,18.144,60.6408,0.202939,0,0,1.20402,0.217332,0,0.99792,12.849,1,0.111765,0.36288,0,72.7114,5.03223,67.9303,0.84672,12.849,0.84672,3695.15,0,3.68392,0.01249,0.670948,2.07114,7.5775,1.11585,9.19125,0.06048,3.68392,0.06048,456.806,0,1.54224,0,0,2.21319,0.670948,1.542240,1,0,77.1215,0,0,0,77.1215,0
420.264,3.6726,0,0,3.17623,0.272244,0.36288,18.144,61.1576,0.20321,0,0,0.938408,0.218419,0,0.99792,12.849,1,0.111983,0.36288,0,94.6391,5.03223,89.8578,0.84672,12.849,0.84672,3695.15,0,3.68392,0.012345,0.784668,2.07122,7.27873,1.11585,9.00643,0.06048,3.68392,0.06048,456.806,0,1.54224,0,0,2.32691,0.784668,1.542240,1,0,98.8642,0,0,0,98.8642,0
419.157,3.39587,0,0,2.88065,0.229305,0.36288,18.144,61.308,0.0402572,0,0,1.2588,0.180075,0.888079,0.99792,12.849,1,0.103824,0.36288,0,112.027,4.20305,108.083,0.84672,12.849,0.84672,3695.15,0,3.68392,0.00242495,1.04429,2.0713,8.79077,0.892357,11.0116,0.06048,3.68392,0.06048,456.806,0,1.54224,0,0,2.58653,1.04429,1.542240,1,0,119.983,0,0,0,119.983,0
418.432,3.39573,0,0,3.31894,0.284906,0.36288,18.144,61.308,0.0403187,0,0,1.33095,0.151912,1.13872,0.99792,12.849,1,0.104094,0.36288,0,115.33,3.78788,111.801,0.84672,12.849,0.84672,3695.15,0,3.68392,0.0024227,1.06955,1.88114,8.92279,0.812605,11.0584,0.06048,3.68392,0.06048,456.806,0,1.54224,0,0,2.61179,1.06955,1.542240,1,0,123.998,0,0,0,123.998,0
417.748,3.39568,0,0,3.35859,0.284877,0.36288,18.144,61.308,0.0403724,0,0,1.54897,0.151912,1.35669,0.99792,12.849,1,0.104273,0.36288,0,138.447,3.78788,134.918,0.84672,12.849,0.84672,3695.15,0,3.68392,0.00242593,1.3299,1.88121,9.20307,0.812605,11.5991,0.06048,3.68392,0.06048,456.806,0,1.54224,0,0,2.87214,1.3299,1.542240,1,0,147.874,0,0,0,147.874,0
416.563,3.39564,0,0,2.85972,0.285483,0.36288,18.144,61.308,0.040426,0,0,1.59565,0.159947,1.39528,0.99792,12.849,1,0.104442,0.36288,0,138.844,3.90831,135.194,0.84672,12.849,0.84672,3695.15,0,3.68392,0.00242915,1.50849,1.88128,10.2022,0.860106,12.7294,0.06048,3.68392,0.06048,456.806,0,1.54224,0,0,3.05073,1.50849,1.542240,1,0,149.319,0,0,0,149.319,0
415.542,3.39547,0,0,3.01498,0.278429,0.36288,18.144,61.308,0.0404798,0,0,1.19003,0.215282,0.934266,0.99792,12.849,1,0.104734,0.36288,0,98.3396,4.54248,94.0553,0.84672,12.849,0.84672,3695.15,0,3.68392,0.00243238,0.851023,1.88135,8.03411,1.18458,9.57946,0.06048,3.68392,0.06048,456.806,0,1.54224,0,0,2.39326,0.851023,1.542240,1,0,104.569,0,0,0,104.569,0
414.305,3.5017,0,0,2.90083,0.272958,0.36288,18.144,61.0975,0.726001,0,0,0.733603,0.218112,0,0.99792,12.849,1,0.108276,0.36288,0,62.0424,4.13238,58.1646,0.84672,12.849,0.84672,3695.15,0,3.68392,0.0436245,0.412474,1.88141,5.31523,0.966198,6.5993,0.06048,3.68392,0.06048,456.806,0,0.857727,0,0,1.2702,0.412474,1.542240,1,0,64.7639,0,0,0,64.7639,0
412.836,3.50148,0,0,2.66825,0.27291,0.36288,18.144,61.308,0.335976,0,0,0.93884,0.217822,0.174532,0.99792,12.849,1,0.108593,0.36288,0,72.5601,4.13238,68.682,0.84672,12.849,0.84672,3695.15,0,3.68392,0.0202579,0.412474,1.94165,5.32816,0.966198,6.69583,0.06048,3.68392,0.06048,456.806,0,1.27431,0,0,1.68679,0.412474,1.542240,1,0,75.5524,0,0,0,75.5524,0
410.844,3.5012,0,0,2.14559,0.272853,0.36288,18.144,61.308,0.461816,0,0,0.887818,0.218112,0.20789,0.99792,12.849,1,0.108971,0.36288,0,40.1783,4.13238,36.2999,0.84672,12.849,0.84672,3695.15,0,3.68392,0.0277499,0.503194,1.9417,3.9884,0.966198,5.43935,0.06048,3.68392,0.06048,456.806,0,1.13945,0,0,1.64265,0.503194,1.542240,1,0,41.9471,0,0,0,41.9471,0
408.291,3.50079,0,0,1.61279,0.302997,0.36288,18.144,60.4007,1.21733,0,0,0.508337,0.198266,0,0.99792,12.849,1,0.109486,0.36288,0,41.7297,4.06628,37.9169,0.84672,12.849,0.84672,3695.15,0,3.68392,0.06048,0.503194,1.94176,4.41659,0.913903,5.88715,0.06048,3.68392,0.06048,456.806,0,0.359835,0,0,0.863029,0.503194,1.542240,1,0,43.804,0,0,0,43.804,0
406.314,3.84163,0,0,2.55843,0.330929,0.36288,18.144,60.1396,0.806289,0,0,0.750228,0.205072,0,0.99792,12.849,1,0.120897,0.36288,0,66.4876,3.98428,62.7453,0.84672,12.849,0.84672,3695.15,0,3.68392,0.0491766,0.503194,1.94181,6.57909,0.970053,8.00487,0.06048,3.68392,0.06048,456.806,0,0.961943,0,0,1.46514,0.503194,1.542240,1,0,70.7502,0,0,0,70.7502,0
406.006,3.84116,0,0,4.22194,0.32594,0.36288,18.144,60.9576,0.265029,0,0,1.30147,0.218409,0,0.99792,12.849,1,0.12147,0.36288,0,78.1851,3.98674,74.4398,0.84672,12.849,0.84672,3695.15,0,3.68392,0.0162346,1.01383,2.15663,6.91221,1.0204,9.04603,0.06048,3.68392,0.06048,456.806,0,1.54224,0,0,2.55607,1.01383,1.542240,1,0,83.4858,0,0,0,83.4858,0
404.278,3.84118,0,0,2.80258,0.325926,0.36288,18.144,60.7695,0.637763,0,0,0.669186,0.219547,0,0.99792,12.849,1,0.121563,0.36288,0,54.1943,3.98674,50.4489,0.84672,12.849,0.84672,3695.15,0,3.68392,0.0385427,0.503194,2.15669,5.22726,1.0204,6.8282,0.06048,3.68392,0.06048,456.806,0,1.1421,0,0,1.64529,0.503194,1.542240,1,0,57.2771,0,0,0,57.2771,0
401.953,3.84078,0,0,2.18044,0.301936,0.36288,18.144,59.966,1.07571,0,0,0.498657,0.226432,0,0.99792,12.849,1,0.12207,0.36288,0,46.3179,4.0331,42.5256,0.84672,12.849,0.84672,3695.15,0,3.68392,0.06048,0.608429,2.15675,4.92997,1.0698,6.56486,0.06048,3.68392,0.06048,456.806,0,0.694215,0,0,1.30264,0.608429,1.542240,1,0,49.0905,0,0,0,49.0905,0
400.716,3.35343,0,0,2.78815,0.308806,0.36288,18.144,60.1149,0.457347,0,0,0.81337,0.207109,0,0.99792,12.849,1,0.107197,0.36288,0,56.0752,3.08172,53.2492,0.84672,12.849,0.84672,3695.15,0,3.68392,0.0280964,0.608429,2.15681,4.50586,0.823532,6.41946,0.06048,3.68392,0.06048,456.806,0,1.07834,0,0,1.68677,0.608429,1.542240,1,0,59.6687,0,0,0,59.6687,0
401.172,3.35321,0,0,4.49665,0.324285,0.36288,18.144,60.6939,0.326815,0,0,1.10201,0.196236,0,0.99792,12.849,1,0.107521,0.36288,0,92.4788,2.67645,90.0577,0.84672,12.849,0.84672,3695.15,0,3.68392,0.0200276,0.608429,1.86306,5.23507,0.698681,6.98785,0.06048,3.68392,0.06048,456.806,0,1.21859,0,0,1.82701,0.608429,1.542240,1,0,97.0455,0,0,0,97.0455,0
402.888,3.35342,0,0,5.7558,0.324306,0.36288,18.144,61.2284,0.251617,0,0,0.98312,0.196959,0,0.99792,12.849,1,0.107405,0.36288,0,99.3246,2.67645,96.9036,0.84672,12.849,0.84672,3695.15,0,3.68392,0.0152723,0.608429,1.86311,6.02196,0.698681,7.77954,0.06048,3.68392,0.06048,456.806,0,1.29982,0,0,1.90825,0.608429,1.542240,1,0,104.683,0,0,0,104.683,0
403.251,3.35395,0,0,4.39563,0.315542,0.36288,18.144,61.308,0.250973,0,0,1.04539,0.247578,0.467281,0.99792,12.849,1,0.106965,0.36288,0,82.137,3.78714,78.6058,0.84672,12.849,0.84672,3695.15,0,3.68392,0.0151003,0.558835,1.86316,5.80287,1.00143,7.20834,0.06048,3.68392,0.06048,456.806,0,1.30073,0,0,1.85957,0.558835,1.542240,1,0,86.2814,0,0,0,86.2814,0
405.276,3.35414,0,0,6.06036,0.317794,0.36288,18.144,61.308,0.0275916,0,0,1.32176,0.237291,1.05688,0.99792,12.849,1,0.106875,0.36288,0,82.7289,3.86201,79.1229,0.84672,12.849,0.84672,3695.15,0,3.68392,0.00165794,0.593637,1.86321,6.01861,1.02277,7.45103,0.06048,3.68392,0.06048,456.806,0,1.54224,0,0,2.13588,0.593637,1.542240,1,0,87.6308,0,0,0,87.6308,0
405.903,3.47733,0,0,4.794,0.327161,0.36288,18.144,61.308,0.108964,0,0,1.23225,0.190437,0.932844,0.99792,12.849,1,0.110246,0.36288,0,83.5402,3.58638,80.2064,0.84672,12.849,0.84672,3695.15,0,3.68392,0.00654748,0.558835,1.86326,4.95137,0.94995,6.41697,0.06048,3.68392,0.06048,456.806,0,1.51725,0,0,2.07609,0.558835,1.542240,1,0,87.5562,0,0,0,87.5562,0
406.409,3.47759,0,0,4.6734,0.32719,0.36288,18.144,61.308,0.459196,0,0,1.09597,0.190437,0.446333,0.99792,12.849,1,0.110084,0.36288,0,78.5773,3.58638,75.2438,0.84672,12.849,0.84672,3695.15,0,3.68392,0.0275925,0.558835,1.93587,4.87166,0.94995,6.38882,0.06048,3.68392,0.06048,456.806,0,1.14018,0,0,1.69901,0.558835,1.542240,1,0,82.0789,0,0,0,82.0789,0
405.753,3.47782,0,0,3.44924,0.26417,0.36288,18.144,61.2981,0.663609,0,0,0.86597,0.212279,0,0.99792,12.849,1,0.109955,0.36288,0,51.5999,3.78095,48.0719,0.84672,12.849,0.84672,3695.15,0,3.68392,0.0398754,0.528595,1.93592,3.31903,0.963536,4.78014,0.06048,3.68392,0.06048,456.806,0,0.922087,0,0,1.45068,0.528595,1.542240,1,0,52.852,0,0,0,52.852,0
404.374,3.47774,0,0,2.72572,0.264146,0.36288,18.144,60.7994,0.938977,0,0,0.652538,0.212266,0,0.99792,12.849,1,0.11013,0.36288,0,41.3459,3.78095,37.8177,0.84672,12.849,0.84672,3695.15,0,3.68392,0.0564311,0.528595,1.93598,2.62197,0.963536,4.06658,0.06048,3.68392,0.06048,456.806,0,0.63053,0,0,1.15913,0.528595,1.542240,1,0,41.8842,0,0,0,41.8842,0
402.807,3.42955,0,0,2.49125,0.265986,0.36288,18.144,60.0766,1.06775,0,0,0.541216,0.196205,0,0.99792,12.849,1,0.108974,0.36288,0,33.7118,3.80298,30.1627,0.84672,12.849,0.84672,3695.15,0,3.68392,0.06048,0.528595,1.93603,2.46493,0.935286,3.93379,0.06048,3.68392,0.06048,456.806,0,0.482846,0,0,1.01144,0.528595,1.542240,1,0,34.0965,0,0,0,34.0965,0
401.191,3.42923,0,0,2.42865,0.252499,0.36288,18.144,59.4977,0.968338,0,0,0.591156,0.201794,0,0.99792,12.849,1,0.109388,0.36288,0,32.6671,3.86064,29.06,0.84672,12.849,0.84672,3695.15,0,3.68392,0.0593788,0.528595,1.90784,2.79378,0.938729,4.23211,0.06048,3.68392,0.06048,456.806,0,0.574154,0,0,1.10275,0.528595,1.542240,1,0,33.2921,0,0,0,33.2921,0
399.417,3.4289,0,0,2.27074,0.25244,0.36288,18.144,58.7825,1.09547,0,0,0.581393,0.20105,0,0.99792,12.849,1,0.109818,0.36288,0,29.7888,3.86064,26.1812,0.84672,12.849,0.84672,3695.15,0,3.68392,0.06048,0.528595,1.90789,2.50763,0.938729,3.94491,0.06048,3.68392,0.06048,456.806,0,0.455224,0,0,0.98382,0.528595,1.542240,1,0,30.1261,0,0,0,30.1261,0
397.667,3.42852,0,0,2.28569,0.24421,0.36288,18.144,58.0866,1.01284,0,0,0.505085,0.188145,0,0.99792,12.849,1,0.110293,0.36288,0,30.353,3.50274,27.1029,0.84672,12.849,0.84672,3695.15,0,3.68392,0.06048,0.402797,1.90795,2.36535,0.947067,3.66854,0.06048,3.68392,0.06048,456.806,0,0.537892,0,0,0.940689,0.402797,1.542240,1,0,30.7714,0,0,0,30.7714,0
395.546,3.59077,0,0,2.03081,0.198694,0.36288,18.144,57.247,1.14243,0,0,0.49956,0.196716,0,0.99792,12.849,1,0.116021,0.36288,0,27.2476,3.7632,23.7313,0.84672,12.849,0.84672,3695.15,0,3.68392,0.06048,0.402797,1.908,2.12064,0.935255,3.4357,0.06048,3.68392,0.06048,456.806,0,0.495461,0,0,0.898258,0.402797,1.542240,1,0,27.167,0,0,0,27.167,0
393.183,3.59026,0,0,1.78749,0.197767,0.36288,18.144,56.3596,1.17391,0,0,0.48899,0.202498,0,0.99792,12.849,1,0.116627,0.36288,0,25.5614,3.94653,21.8612,0.84672,12.849,0.84672,3695.15,0,3.68392,0.06048,0.402797,2.00681,1.99588,0.961199,3.38382,0.06048,3.68392,0.06048,456.806,0,0.464028,0,0,0.866825,0.402797,1.542240,1,0,25.245,0,0,0,25.245,0
390.608,3.58969,0,0,1.57545,0.1977,0.36288,18.144,55.3847,1.20476,0,0,0.431173,0.201332,0,0.99792,12.849,1,0.117309,0.36288,0,24.1644,3.94653,20.4634,0.84672,12.849,0.84672,3695.15,0,3.68392,0.06048,0.402797,2.00687,1.99713,0.961199,3.38512,0.06048,3.68392,0.06048,456.806,0,0.433227,0,0,0.836024,0.402797,1.542240,1,0,23.8485,0,0,0,23.8485,0
387.9,3.58904,0,0,1.43742,0.193093,0.36288,18.144,54.441,1.14269,0,0,0.403809,0.204805,0,0.99792,12.849,1,0.118061,0.36288,0,22.0995,4.04435,18.3,0.84672,12.849,0.84672,3695.15,0,3.68392,0.06048,0.30119,2.00693,1.92168,0.987892,3.18143,0.06048,3.68392,0.06048,456.806,0,0.49534,0,0,0.79653,0.30119,1.542240,1,0,21.4814,0,0,0,21.4814,0
385.07,3.58834,0,0,1.27548,0.15476,0.36288,18.144,53.3628,1.22795,0,0,0.389688,0.239943,0,0.99792,12.849,1,0.118862,0.36288,0,20.5014,4.78247,15.963,0.84672,12.849,0.84672,3695.15,0,3.68392,0.06048,0.30119,2.00698,1.80025,1.17484,2.8731,0.06048,3.68392,0.06048,456.806,0,0.410132,0,0,0.711323,0.30119,1.542240,1,0,18.8361,0,0,0,18.8361,0
382.035,3.55546,0,0,1.01057,0.127043,0.36288,18.144,52.2522,1.29196,0,0,0.439461,0.258081,0,0.99792,12.849,1,0.118639,0.36288,0,17.9907,5.16054,13.0744,0.84672,12.849,0.84672,3695.15,0,3.68392,0.06048,0.30119,2.00704,1.75916,1.24181,2.7651,0.06048,3.68392,0.06048,456.806,0,0.394053,0,0,0.695244,0.30119,1.542240,1,0,15.8395,0,0,0,15.8395,0
378.925,3.55465,0,0,0.934217,0.126987,0.36288,18.144,51.1175,1.30378,0,0,0.424859,0.255795,0,0.99792,12.849,1,0.119554,0.36288,0,17.882,5.16054,12.9648,0.84672,12.849,0.84672,3695.15,0,3.68392,0.06048,0.30119,2.03787,1.7838,1.24181,2.82056,0.06048,3.68392,0.06048,456.806,0,0.382277,0,0,0.683467,0.30119,1.542240,1,0,15.7854,0,0,0,15.7854,0
375.729,3.5538,0,0,0.848111,0.12693,0.36288,18.144,49.9344,1.33097,0,0,0.401359,0.253459,0,0.99792,12.849,1,0.120506,0.36288,0,17.3505,5.16054,12.4323,0.84672,12.849,0.84672,3695.15,0,3.68392,0.06048,0.261274,2.03792,1.67675,1.24181,2.67365,0.06048,3.68392,0.06048,456.806,0,0.355145,0,0,0.616418,0.261274,1.542240,1,0,15.106,0,0,0,15.106,0
372.472,3.5529,0,0,0.776572,0.117805,0.36288,18.144,48.6889,1.35631,0,0,0.381995,0.271278,0,0.99792,12.849,1,0.121501,0.36288,0,15.3009,5.44284,10.0995,0.84672,12.849,0.84672,3695.15,0,3.68392,0.06048,0.261274,2.03798,1.62836,1.34486,2.52228,0.06048,3.68392,0.06048,456.806,0,0.329852,0,0,0.591125,0.261274,1.542240,1,0,12.6217,0,0,0,12.6217,0
369.137,3.63487,0,0,0.762376,0.100068,0.36288,18.144,47.4705,1.36957,0,0,0.45431,0.303077,0,0.99792,12.849,1,0.125391,0.36288,0,14.6325,6.1566,8.71342,0.84672,12.849,0.84672,3695.15,0,3.68392,0.06048,0.261274,2.03804,1.75535,1.51907,2.47511,0.06048,3.68392,0.06048,456.806,0,0.359318,0,0,0.620591,0.261274,1.542240,1,0,11.1885,0,0,0,11.1885,0
365.801,3.63388,0,0,0.762497,0.100849,0.36288,18.144,46.3032,1.30064,0,0,0.430738,0.297453,0,0.99792,12.849,1,0.126489,0.36288,0,19.1835,6.15793,13.2619,0.84672,12.849,0.84672,3695.15,0,3.68392,0.06048,0.261274,2.08714,1.9496,1.50517,2.73236,0.06048,3.68392,0.06048,456.806,0,0.428293,0,0,0.689567,0.261274,1.542240,1,0,15.9943,0,0,0,15.9943,0
362.419,3.63286,0,0,0.713966,0.100801,0.36288,18.144,45.0958,1.31348,0,0,0.40057,0.294445,0,0.99792,12.849,1,0.127607,0.36288,0,15.4025,6.15793,9.47987,0.84672,12.849,0.84672,3695.15,0,3.68392,0.06048,0.261274,2.0872,1.75739,1.50517,2.54021,0.06048,3.68392,0.06048,456.806,0,0.415506,0,0,0.67678,0.261274,1.542240,1,0,12.0201,0,0,0,12.0201,0
358.973,3.63181,0,0,0.650039,0.100752,0.36288,18.144,43.8011,1.3838,0,0,0.380288,0.29116,0,0.99792,12.849,1,0.12876,0.36288,0,14.0372,6.15793,8.11342,0.84672,12.849,0.84672,3695.15,0,3.68392,0.06048,0.227405,2.08725,1.63927,1.50517,2.38827,0.06048,3.68392,0.06048,456.806,0,0.345241,0,0,0.572645,0.227405,1.542240,1,0,10.5017,0,0,0,10.5017,0
355.381,3.8732,0,0,0.736284,0.093108,0.36288,18.144,42.6238,1.35062,0,0,0.474838,0.301558,0,0.99792,12.849,1,0.138636,0.36288,0,13.9317,6.40492,7.75106,0.84672,12.849,0.84672,3695.15,0,3.68392,0.06048,0.227405,2.08731,2.6076,1.51267,3.34916,0.06048,3.68392,0.06048,456.806,0,0.532543,0,0,0.759948,0.227405,1.542240,1,0,11.1002,0,0,0,11.1002,0
351.77,3.87196,0,0,0.717843,0.0937986,0.36288,18.144,41.3562,1.43478,0,0,0.478548,0.311327,0,0.99792,12.849,1,0.139993,0.36288,0,13.2436,6.55977,6.90668,0.84672,12.849,0.84672,3695.15,0,3.68392,0.06048,0.227405,2.25348,2.34427,1.48781,3.27686,0.06048,3.68392,0.06048,456.806,0,0.448438,0,0,0.675842,0.227405,1.542240,1,0,10.1835,0,0,0,10.1835,0
348.072,3.87068,0,0,0.629945,0.0937496,0.36288,18.144,40.0454,1.46494,0,0,0.461676,0.307551,0,0.99792,12.849,1,0.141383,0.36288,0,16.835,6.55977,10.4967,0.84672,12.849,0.84672,3695.15,0,3.68392,0.06048,0.227405,2.25354,2.25116,1.48781,3.18381,0.06048,3.68392,0.06048,456.806,0,0.418331,0,0,0.645735,0.227405,1.542240,1,0,13.6805,0,0,0,13.6805,0
344.39,3.86934,0,0,0.643368,0.0936995,0.36288,18.144,38.866,1.40541,0,0,0.529589,0.303651,0,0.99792,12.849,1,0.142836,0.36288,0,14.5832,6.55977,8.24347,0.84672,12.849,0.84672,3695.15,0,3.68392,0.06048,0.204422,2.2536,2.33779,1.48781,3.24752,0.06048,3.68392,0.06048,456.806,0,0.477916,0,0,0.682338,0.204422,1.542240,1,0,11.491,0,0,0,11.491,0
340.733,3.86797,0,0,0.666487,0.0929212,0.36288,18.144,37.8623,1.23193,0,0,0.520831,0.292566,0,0.99792,12.849,1,0.144312,0.36288,0,14.7808,6.38709,8.61227,0.84672,12.849,0.84672,3695.15,0,3.68392,0.06048,0.204422,2.25366,2.9452,1.47637,3.86644,0.06048,3.68392,0.06048,456.806,0,0.651447,0,0,0.85587,0.204422,1.542240,1,0,12.4787,0,0,0,12.4787,0
337.171,3.74861,0,0,0.638175,0.0885041,0.36288,18.144,37.877,0.425535,0,0,0.684174,0.243903,0,0.99792,12.849,1,0.14136,0.36288,0,12.7722,5.35101,7.64268,0.84672,12.849,0.84672,3695.15,0,3.68392,0.0414036,0.204422,2.25373,3.05976,1.40774,4.06877,0.06048,3.68392,0.06048,456.806,0,1.36807,0,0,1.57249,0.204422,1.542240,1,0,11.7114,0,0,0,11.7114,0
333.513,3.74728,0,0,0.541129,0.0884585,0.36288,18.144,36.8412,1.16328,0,0,0.371441,0.243938,0,0.99792,12.849,1,0.142802,0.36288,0,12.7542,5.35101,7.62326,0.84672,12.849,0.84672,3695.15,0,3.68392,0.06048,0.204422,2.15858,2.2632,1.40774,3.15798,0.06048,3.68392,0.06048,456.806,0,0.626668,0,0,0.83109,0.204422,1.542240,1,0,10.7812,0,0,0,10.7812,0
329.915,3.74587,0,0,0.636115,0.125569,0.36288,18.144,35.8475,1.15442,0,0,0.377381,0.216702,0,0.99792,12.849,1,0.144314,0.36288,0,12.8473,4.93575,8.13015,0.84672,12.849,0.84672,3695.15,0,3.68392,0.06048,0.216518,2.15864,2.36348,1.27794,3.40022,0.06048,3.68392,0.06048,456.806,0,0.635584,0,0,0.852103,0.216518,1.542240,1,0,11.5304,0,0,0,11.5304,0
327.382,3.74446,0,0,1.79216,0.218349,0.36288,18.144,36.0021,0.608388,0,0,0.916136,0.153184,0,0.99792,12.849,1,0.145833,0.36288,0,41.0498,3.8976,37.3692,0.84672,12.849,0.84672,3695.15,0,3.68392,0.06048,0.216518,2.1587,6.29089,0.953455,7.65218,0.06048,3.68392,0.06048,456.806,0,1.18167,0,0,1.39819,0.216518,1.542240,1,0,45.0214,0,0,0,45.0214,0
324.636,3.64678,0,0,1.43845,0.174395,0.36288,18.144,36.0309,0.495074,0,0,0.704367,0.180426,0,0.99792,12.849,1,0.143128,0.36288,0,24.2202,4.15882,20.2811,0.84672,12.849,0.84672,3695.15,0,3.68392,0.0506585,0.216518,2.15876,4.68606,0.965371,6.04531,0.06048,3.68392,0.06048,456.806,0,1.20316,0,0,1.41968,0.216518,1.542240,1,0,26.3264,0,0,0,26.3264,0
322.699,3.64571,0,0,2.31894,0.247653,0.36288,18.144,36.017,0.522843,0,0,0.691878,0.182991,0,0.99792,12.849,1,0.144296,0.36288,0,33.6691,4.36067,29.527,0.84672,12.849,0.84672,3695.15,0,3.68392,0.0534571,0.216518,2.07421,5.90581,1.09415,7.04893,0.06048,3.68392,0.06048,456.806,0,1.17218,0,0,1.3887,0.216518,1.542240,1,0,36.576,0,0,0,36.576,0
320.337,3.64498,0,0,1.92973,0.283921,0.36288,18.144,35.4163,0.905297,0,0,0.484261,0.17965,0,0.99792,12.849,1,0.145134,0.36288,0,27.3542,4.39961,23.1724,0.84672,12.849,0.84672,3695.15,0,3.68392,0.06048,0.216518,2.07427,4.93078,1.14376,6.01733,0.06048,3.68392,0.06048,456.806,0,0.799762,0,0,1.01628,0.216518,1.542240,1,0,29.1897,0,0,0,29.1897,0
318.951,3.64405,0,0,2.90475,0.283823,0.36288,18.144,36.2158,0.194627,0,0,1.1727,0.178596,0,0.99792,12.849,1,0.146166,0.36288,0,42.6562,4.39961,38.4733,0.84672,12.849,0.84672,3695.15,0,3.68392,0.0202447,1.39511,2.07432,9.99817,1.14376,12.3036,0.06048,3.68392,0.06048,456.806,0,1.54224,0,0,2.93735,1.39511,1.542240,1,0,50.7769,0,0,0,50.7769,0
323.895,3.36914,0,0,8.95247,0.275894,0.36288,18.144,40.1298,0.0402376,0,0,4.12327,0.168999,0,0.99792,12.849,1,0.135727,0.36288,0,116.573,4.28229,112.517,0.84672,12.849,0.84672,3695.15,0,3.68392,0.00409303,5.08392,2.07438,18.3931,1.10946,24.4378,0.06048,3.68392,0.06048,456.806,0,1.54224,0,0,6.62616,5.08392,1.542240,1,0,136.955,0,0,0,136.955,0
326.23,3.37123,0,0,6.33466,0.265588,0.36288,18.144,46.0902,0.0407776,0,0,6.16141,0.160225,0,0.99792,12.849,1,0.133738,0.36288,0,95.0054,4.12587,91.1087,0.84672,12.849,0.84672,3695.15,0,3.68392,0.00374339,6.45451,1.88392,18.8285,1.06374,26.0995,0.06048,3.68392,0.06048,456.806,0,1.54224,0,0,7.99675,6.45451,1.542240,1,0,117.208,0,0,0,117.208,0
329.022,3.37225,0,0,6.7926,0.265678,0.36288,18.144,53.1873,0.041434,0,0,7.30807,0.169585,0,0.99792,12.849,1,0.13282,0.36288,0,116.77,4.12587,112.874,0.84672,12.849,0.84672,3695.15,0,3.68392,0.00331176,6.68667,1.88397,21.7262,1.06374,29.2298,0.06048,3.68392,0.06048,456.806,0,1.54224,0,0,8.22891,6.68667,1.542240,1,0,142.104,0,0,0,142.104,0
331.309,3.37342,0,0,6.28963,0.265785,0.36288,18.144,58.3977,0.0420449,0,0,5.43233,0.179868,0,0.99792,12.849,1,0.131739,0.36288,0,163.979,4.12587,160.085,0.84672,12.849,0.84672,3695.15,0,3.68392,0.00291216,5.63636,1.88403,21.5715,1.06374,28.0252,0.06048,3.68392,0.06048,456.806,0,1.54224,0,0,7.1786,5.63636,1.542240,1,0,188.11,0,0,0,188.11,0
332.812,3.37439,0,0,5.52712,0.287626,0.36288,18.144,60.3603,0.0424237,0,0,2.19,0.184906,0,0.99792,12.849,1,0.130867,0.36288,0,116.49,4.50049,112.221,0.84672,12.849,0.84672,3695.15,0,3.68392,0.00267623,2.45414,1.88408,12.9331,1.10886,16.1598,0.06048,3.68392,0.06048,456.806,0,1.54224,0,0,3.99638,2.45414,1.542240,1,0,128.381,0,0,0,128.381,0
333.024,3.48077,0,0,4.31336,0.25749,0.36288,18.144,61.308,0.0898406,0,0,3.04877,0.15287,1.85841,0.99792,12.849,1,0.134384,0.36288,0,125.169,3.25532,122.143,0.84672,12.849,0.84672,3695.15,0,3.68392,0.00548316,3.29257,1.88413,10.7389,0.879172,15.031,0.06048,3.68392,0.06048,456.806,0,1.54224,0,0,4.83481,3.29257,1.542240,1,0,139.032,0,0,0,139.032,0
333.359,3.48092,0,0,4.43625,0.257498,0.36288,18.144,61.308,0.0899798,0,0,3.00304,0.153792,2.75927,0.99792,12.849,1,0.134304,0.36288,0,104.988,3.25532,101.961,0.84672,12.849,0.84672,3695.15,0,3.68392,0.00540677,3.05038,1.94444,10.3781,0.879172,14.4883,0.06048,3.68392,0.06048,456.806,0,1.54224,0,0,4.59262,3.05038,1.542240,1,0,119.209,0,0,0,119.209,0
338.206,3.48111,0,0,8.94879,0.25751,0.36288,18.144,61.308,0.0900083,0,0,4.05017,0.153792,3.80637,0.99792,12.849,1,0.134176,0.36288,0,181.658,3.25532,178.631,0.84672,12.849,0.84672,3695.15,0,3.68392,0.00540848,4.51214,1.94447,17.2121,0.879172,22.7841,0.06048,3.68392,0.06048,456.806,0,1.54224,0,0,6.05438,4.51214,1.542240,1,0,205.222,0,0,0,205.222,0
345.8,3.48303,0,0,11.7311,0.291687,0.36288,18.144,61.308,0.0900367,0,0,4.22657,0.160831,3.9757,0.99792,12.849,1,0.132326,0.36288,0,301.335,4.13049,297.435,0.84672,12.849,0.84672,3695.15,0,3.68392,0.00541019,6.32172,1.94451,24.5162,1.08605,31.6909,0.06048,3.68392,0.06048,456.806,0,1.54224,0,0,7.86396,6.32172,1.542240,1,0,333.101,0,0,0,333.101,0
347.942,3.82591,0,0,6.656,0.324539,0.36288,18.144,61.308,0.267746,0,0,2.62576,0.177156,2.18085,0.99792,12.849,1,0.142161,0.36288,0,203.985,3.98466,200.221,0.84672,12.849,0.84672,3695.15,0,3.68392,0.0160885,2.78334,1.94454,12.0012,1.03755,15.6755,0.06048,3.68392,0.06048,456.806,0,1.54224,0,0,4.32558,2.78334,1.542240,1,0,218.078,0,0,0,218.078,0
348.767,3.82682,0,0,5.35324,0.338832,0.36288,18.144,61.308,0.267778,0,0,2.21467,0.187288,1.75961,0.99792,12.849,1,0.141319,0.36288,0,166.041,3.61273,162.65,0.84672,12.849,0.84672,3695.15,0,3.68392,0.0160904,2.7171,2.15964,8.97731,0.93911,12.8988,0.06048,3.68392,0.06048,456.806,0,1.54224,0,0,4.25934,2.7171,1.542240,1,0,177.308,0,0,0,177.308,0
352.631,3.82722,0,0,8.38348,0.329017,0.36288,18.144,61.308,0.26781,0,0,3.66317,0.209419,3.18594,0.99792,12.849,1,0.140999,0.36288,0,203.016,4.13689,199.101,0.84672,12.849,0.84672,3695.15,0,3.68392,0.0160923,4.77592,2.15969,16.6727,1.10309,22.4891,0.06048,3.68392,0.06048,456.806,0,1.54224,0,0,6.31816,4.77592,1.542240,1,0,224.776,0,0,0,224.776,0
354.461,3.82878,0,0,6.34867,0.327369,0.36288,18.144,61.308,0.267841,0,0,2.93713,0.188705,2.48059,0.99792,12.849,1,0.139511,0.36288,0,196.532,3.99324,192.762,0.84672,12.849,0.84672,3695.15,0,3.68392,0.0160943,4.11105,2.15973,13.7242,0.990632,18.9883,0.06048,3.68392,0.06048,456.806,0,1.54224,0,0,5.65329,4.11105,1.542240,1,0,214.231,0,0,0,214.231,0
358.232,3.34413,0,0,7.81472,0.336495,0.36288,18.144,61.308,0.0294056,0,0,3.922,0.195498,3.69709,0.99792,12.849,1,0.121223,0.36288,0,253.174,3.85449,249.561,0.84672,12.849,0.84672,3695.15,0,3.68392,0.00176694,5.52491,2.15977,15.6495,0.96045,22.372,0.06048,3.68392,0.06048,456.806,0,1.54224,0,0,7.06715,5.52491,1.542240,1,0,275.63,0,0,0,275.63,0
361.804,3.34542,0,0,7.6216,0.341791,0.36288,18.144,61.308,0.0294328,0,0,3.22123,0.211786,2.98001,0.99792,12.849,1,0.119993,0.36288,0,300.438,3.91146,296.769,0.84672,12.849,0.84672,3695.15,0,3.68392,0.00176858,4.14622,1.8656,13.0409,1.00845,18.0425,0.06048,3.68392,0.06048,456.806,0,1.54224,0,0,5.68846,4.14622,1.542240,1,0,317.792,0,0,0,317.792,0
368.607,3.34663,0,0,10.8551,0.341967,0.36288,18.144,61.308,0.0294602,0,0,4.43973,0.211786,4.19849,0.99792,12.849,1,0.118851,0.36288,0,254.907,3.91146,251.239,0.84672,12.849,0.84672,3695.15,0,3.68392,0.00177022,8.32654,1.86563,17.6256,1.00845,26.8076,0.06048,3.68392,0.06048,456.806,0,1.54224,0,0,9.86878,8.32654,1.542240,1,0,282.245,0,0,0,282.245,0
378.934,3.34881,0,0,14.3811,0.342556,0.36288,18.144,61.308,0.0294875,0,0,7.00507,0.200432,6.77515,0.99792,12.849,1,0.116734,0.36288,0,276.792,3.85936,273.179,0.84672,12.849,0.84672,3695.15,0,3.68392,0.00177187,9.25292,1.86567,22.7269,0.989673,32.8541,0.06048,3.68392,0.06048,456.806,0,1.54224,0,0,10.7952,9.25292,1.542240,1,0,312.808,0,0,0,312.808,0
383.689,3.35195,0,0,8.80641,0.336608,0.36288,18.144,61.308,0.0295149,0,0,2.57213,0.144767,2.39785,0.99792,12.849,1,0.113659,0.36288,0,235.26,3.61411,231.895,0.84672,12.849,0.84672,3695.15,0,3.68392,0.00177351,4.33492,1.8657,13.3437,0.89575,18.6468,0.06048,3.68392,0.06048,456.806,0,1.54224,0,0,5.87716,4.33492,1.542240,1,0,252.94,0,0,0,252.94,0
387.182,3.4759,0,0,7.621,0.288931,0.36288,18.144,61.308,0.0878857,0,0,3.50822,0.219547,3.20079,0.99792,12.849,1,0.116401,0.36288,0,233.979,4.01804,230.207,0.84672,12.849,0.84672,3695.15,0,3.68392,0.00528094,6.31247,1.86574,16.34,1.00809,23.5048,0.06048,3.68392,0.06048,456.806,0,1.54224,0,0,7.85471,6.31247,1.542240,1,0,256.913,0,0,0,256.913,0
390.817,3.47699,0,0,7.76382,0.289076,0.36288,18.144,61.308,0.0879142,0,0,2.98137,0.219547,2.67391,0.99792,12.849,1,0.115387,0.36288,0,233.483,4.01804,229.713,0.84672,12.849,0.84672,3695.15,0,3.68392,0.00528265,5.36665,1.93842,14.7715,1.00809,21.0632,0.06048,3.68392,0.06048,456.806,0,1.54224,0,0,6.90889,5.36665,1.542240,1,0,253.45,0,0,0,253.45,0
392.759,3.47809,0,0,6.06449,0.282089,0.36288,18.144,61.308,0.0879425,0,0,2.44652,0.218413,2.14016,0.99792,12.849,1,0.11435,0.36288,0,221.833,3.89784,218.184,0.84672,12.849,0.84672,3695.15,0,3.68392,0.00528435,4.38072,1.93846,11.8142,1.00808,17.1201,0.06048,3.68392,0.06048,456.806,0,1.54224,0,0,5.92296,4.38072,1.542240,1,0,237.444,0,0,0,237.444,0
394.138,3.4787,0,0,5.42697,0.206102,0.36288,18.144,61.308,0.0879709,0,0,2.30361,0.227269,1.98837,0.99792,12.849,1,0.113805,0.36288,0,169.248,3.38772,166.109,0.84672,12.849,0.84672,3695.15,0,3.68392,0.00528606,4.03804,1.93849,9.89271,1.03764,14.8263,0.06048,3.68392,0.06048,456.806,0,1.54224,0,0,5.58028,4.03804,1.542240,1,0,182.924,0,0,0,182.924,0
395.661,3.4312,0,0,5.49506,0.178172,0.36288,18.144,61.308,0.0653376,0,0,1.93299,0.214516,1.65314,0.99792,12.849,1,0.111858,0.36288,0,144.739,4.04613,140.944,0.84672,12.849,0.84672,3695.15,0,3.68392,0.00392605,3.45419,1.93853,9.87414,1.02425,14.2387,0.06048,3.68392,0.06048,456.806,0,1.54224,0,0,4.99643,3.45419,1.542240,1,0,156.836,0,0,0,156.836,0
396.951,3.43168,0,0,5.26611,0.180934,0.36288,18.144,61.308,0.0653656,0,0,1.83086,0.20891,1.55658,0.99792,12.849,1,0.111443,0.36288,0,136.51,4.10896,132.653,0.84672,12.849,0.84672,3695.15,0,3.68392,0.00392774,3.21048,1.91029,9.51964,1.01543,13.621,0.06048,3.68392,0.06048,456.806,0,1.54224,0,0,4.75272,3.21048,1.542240,1,0,147.83,0,0,0,147.83,0
398.115,3.4321,0,0,5.13794,0.179571,0.36288,18.144,61.308,0.0653936,0,0,2.02788,0.217249,1.74523,0.99792,12.849,1,0.111094,0.36288,0,131.725,4.16854,127.808,0.84672,12.849,0.84672,3695.15,0,3.68392,0.00392942,3.31684,1.91032,9.79439,1.07644,13.9412,0.06048,3.68392,0.06048,456.806,0,1.54224,0,0,4.85908,3.31684,1.542240,1,0,143.494,0,0,0,143.494,0
398.971,3.43248,0,0,4.80177,0.150344,0.36288,18.144,61.308,0.0654216,0,0,1.83296,0.230844,1.53669,0.99792,12.849,1,0.110782,0.36288,0,124.204,4.3782,120.078,0.84672,12.849,0.84672,3695.15,0,3.68392,0.0039311,3.04557,1.91036,9.34243,1.20735,13.0871,0.06048,3.68392,0.06048,456.806,0,1.54224,0,0,4.58781,3.04557,1.542240,1,0,134.702,0,0,0,134.702,0
399.683,3.59561,0,0,4.78221,0.111321,0.36288,18.144,61.308,0.14582,0,0,1.67092,0.234386,1.29072,0.99792,12.849,1,0.115798,0.36288,0,123.86,4.41238,119.694,0.84672,12.849,0.84672,3695.15,0,3.68392,0.00876215,2.75338,1.9104,8.98448,1.18254,12.4569,0.06048,3.68392,0.06048,456.806,0,1.54224,0,0,4.29562,2.75338,1.542240,1,0,133.442,0,0,0,133.442,0
399.935,3.59588,0,0,4.31539,0.105089,0.36288,18.144,61.308,0.14585,0,0,1.44603,0.251999,1.04818,0.99792,12.849,1,0.1156,0.36288,0,104.358,4.35004,100.255,0.84672,12.849,0.84672,3695.15,0,3.68392,0.00876393,2.20359,2.00932,7.74783,1.18788,10.7641,0.06048,3.68392,0.06048,456.806,0,1.54224,0,0,3.74583,2.20359,1.542240,1,0,112.068,0,0,0,112.068,0
399.849,3.59602,0,0,3.97808,0.105093,0.36288,18.144,61.308,0.145879,0,0,1.60682,0.251999,1.20895,0.99792,12.849,1,0.115532,0.36288,0,76.5798,4.35004,72.4771,0.84672,12.849,0.84672,3695.15,0,3.68392,0.0087657,2.10339,2.00936,7.25449,1.18788,10.1706,0.06048,3.68392,0.06048,456.806,0,1.54224,0,0,3.64563,2.10339,1.542240,1,0,83.8566,0,0,0,83.8566,0
399.501,3.59606,0,0,3.71618,0.105092,0.36288,18.144,61.308,0.145909,0,0,1.30375,0.251999,0.905842,0.99792,12.849,1,0.115558,0.36288,0,77.7358,4.35004,73.6331,0.84672,12.849,0.84672,3695.15,0,3.68392,0.00876747,1.12928,2.00939,6.39657,1.18788,8.3386,0.06048,3.68392,0.06048,456.806,0,1.54224,0,0,2.67152,1.12928,1.542240,1,0,82.8775,0,0,0,82.8775,0
398.732,3.59603,0,0,3.27836,0.0886873,0.36288,18.144,61.308,0.145938,0,0,1.17198,0.253986,0.772058,0.99792,12.849,1,0.115658,0.36288,0,76.248,4.62186,71.8734,0.84672,12.849,0.84672,3695.15,0,3.68392,0.00876925,0.99938,2.00943,6.16637,1.24205,7.92436,0.06048,3.68392,0.06048,456.806,0,1.54224,0,0,2.54162,0.99938,1.542240,1,0,80.5698,0,0,0,80.5698,0
397.608,3.56368,0,0,2.88173,0.0790059,0.36288,18.144,61.308,0.190145,0,0,1.08245,0.277171,0.615129,0.99792,12.849,1,0.114838,0.36288,0,62.2503,5.24925,57.2491,0.84672,12.849,0.84672,3695.15,0,3.68392,0.0114256,0.772312,2.00947,5.71719,1.24068,7.24687,0.06048,3.68392,0.06048,456.806,0,1.54224,0,0,2.31455,0.772312,1.542240,1,0,65.1111,0,0,0,65.1111,0
396.345,3.56343,0,0,2.72644,0.0628215,0.36288,18.144,61.308,0.190175,0,0,1.04098,0.300749,0.550057,0.99792,12.849,1,0.115155,0.36288,0,58.6861,5.27457,53.6592,0.84672,12.849,0.84672,3695.15,0,3.68392,0.0114274,0.696177,2.04032,5.6868,1.31879,7.09308,0.06048,3.68392,0.06048,456.806,0,1.54224,0,0,2.23842,0.696177,1.542240,1,0,61.3024,0,0,0,61.3024,0
394.933,3.56314,0,0,2.57646,0.0628101,0.36288,18.144,61.308,0.190206,0,0,0.928325,0.300749,0.43737,0.99792,12.849,1,0.115512,0.36288,0,53.2176,5.27457,48.1904,0.84672,12.849,0.84672,3695.15,0,3.68392,0.0114292,0.614874,2.04036,5.49965,1.31879,6.82467,0.06048,3.68392,0.06048,456.806,0,1.54224,0,0,2.15711,0.614874,1.542240,1,0,55.4524,0,0,0,55.4524,0
393.344,3.56281,0,0,2.39995,0.0627974,0.36288,18.144,61.308,0.190236,0,0,0.853217,0.300749,0.362232,0.99792,12.849,1,0.115915,0.36288,0,50.8641,5.27457,45.8365,0.84672,12.849,0.84672,3695.15,0,3.68392,0.011431,0.498856,2.04039,5.13465,1.31879,6.34368,0.06048,3.68392,0.06048,456.806,0,1.54224,0,0,2.0411,0.498856,1.542240,1,0,52.5424,0,0,0,52.5424,0
391.699,3.64556,0,0,2.42286,0.0596506,0.36288,18.144,61.308,0.229641,0,0,0.964155,0.314992,0.419521,0.99792,12.849,1,0.119086,0.36288,0,62.0029,5.64147,56.6052,0.84672,12.849,0.84672,3695.15,0,3.68392,0.0137988,0.564745,2.04043,5.38231,1.37685,6.59683,0.06048,3.68392,0.06048,456.806,0,1.54224,0,0,2.10698,0.564745,1.542240,1,0,63.6216,0,0,0,63.6216,0
389.987,3.64515,0,0,2.35381,0.0583838,0.36288,18.144,61.308,0.229672,0,0,0.964898,0.32069,0.414536,0.99792,12.849,1,0.119573,0.36288,0,50.2947,5.78823,44.7497,0.84672,12.849,0.84672,3695.15,0,3.68392,0.0138007,0.772062,2.08957,5.17255,1.40008,6.62031,0.06048,3.68392,0.06048,456.806,0,1.54224,0,0,2.3143,0.772062,1.542240,1,0,51.7846,0,0,0,51.7846,0
388.061,3.64471,0,0,2.14078,0.0583694,0.36288,18.144,61.308,0.229703,0,0,0.898603,0.32069,0.34821,0.99792,12.849,1,0.120083,0.36288,0,46.8859,5.78823,41.3405,0.84672,12.849,0.84672,3695.15,0,3.68392,0.0138026,0.411342,2.08961,4.60975,1.40008,5.69683,0.06048,3.68392,0.06048,456.806,0,1.54224,0,0,1.95358,0.411342,1.542240,1,0,47.3855,0,0,0,47.3855,0
386.334,3.6442,0,0,2.3313,0.0512292,0.36288,18.144,61.308,0.229734,0,0,1.06066,0.318889,0.51204,0.99792,12.849,1,0.120662,0.36288,0,47.1076,5.89637,41.4535,0.84672,12.849,0.84672,3695.15,0,3.68392,0.0138044,0.919676,2.08965,6.51791,1.42599,8.08745,0.06048,3.68392,0.06048,456.806,0,1.54224,0,0,2.46192,0.919676,1.542240,1,0,50.053,0,0,0,50.053,0
384.266,3.8871,0,0,2.23731,0.0553191,0.36288,18.144,61.308,0.371898,0,0,0.971214,0.310487,0.288829,0.99792,12.849,1,0.12928,0.36288,0,43.3679,6.02172,37.5798,0.84672,12.849,0.84672,3695.15,0,3.68392,0.0223469,0.769271,2.08969,5.72516,1.48663,7.07515,0.06048,3.68392,0.06048,456.806,0,1.54224,0,0,2.31151,0.769271,1.542240,1,0,44.9437,0,0,0,44.9437,0
381.9,3.8865,0,0,1.96488,0.0820092,0.36288,18.144,61.308,0.371931,0,0,0.789247,0.346447,0.0708686,0.99792,12.849,1,0.129956,0.36288,0,35.8579,6.13841,29.9524,0.84672,12.849,0.84672,3695.15,0,3.68392,0.0223489,0.350983,2.25603,4.13033,1.54943,5.16556,0.06048,3.68392,0.06048,456.806,0,1.54224,0,0,1.89322,0.350983,1.542240,1,0,35.1889,0,0,0,35.1889,0
379.726,3.88579,0,0,2.15637,0.0819813,0.36288,18.144,61.308,0.371965,0,0,0.974592,0.346447,0.25618,0.99792,12.849,1,0.130737,0.36288,0,46.1161,6.13841,40.2098,0.84672,12.849,0.84672,3695.15,0,3.68392,0.0223509,0.809888,2.25607,4.50569,1.54943,5.99986,0.06048,3.68392,0.06048,456.806,0,1.54224,0,0,2.35213,0.809888,1.542240,1,0,46.4659,0,0,0,46.4659,0
377.128,3.88514,0,0,1.73234,0.0819557,0.36288,18.144,61.1889,0.47757,0,0,0.704894,0.346447,0,0.99792,12.849,1,0.131464,0.36288,0,45.0628,6.13841,39.1558,0.84672,12.849,0.84672,3695.15,0,3.68392,0.0286966,0.204422,2.25611,3.61707,1.54943,4.49947,0.06048,3.68392,0.06048,456.806,0,1.42855,0,0,1.63298,0.204422,1.542240,1,0,43.6553,0,0,0,43.6553,0
374.956,3.88434,0,0,2.15743,0.081925,0.36288,18.144,61.308,0.371976,0,0,1.20481,0.346186,0.367529,0.99792,12.849,1,0.132342,0.36288,0,41.1562,6.13841,35.2483,0.84672,12.849,0.84672,3695.15,0,3.68392,0.0223951,1.54674,2.25615,5.59278,1.54943,7.82384,0.06048,3.68392,0.06048,456.806,0,1.54224,0,0,3.08898,1.54674,1.542240,1,0,43.4397,0,0,0,43.4397,0
372.472,3.76518,0,0,1.7544,0.110699,0.36288,18.144,61.308,0.285789,0,0,1.20197,0.321423,0.594758,0.99792,12.849,1,0.129025,0.36288,0,41.02,5.77511,35.4787,0.84672,12.849,0.84672,3695.15,0,3.68392,0.0171727,0.498476,2.2562,5.90781,1.54867,7.09663,0.06048,3.68392,0.06048,456.806,0,1.54224,0,0,2.04072,0.498476,1.542240,1,0,43.1701,0,0,0,43.1701,0
369.35,3.76441,0,0,1.11622,0.11066,0.36288,18.144,61.308,0.38294,0,0,0.845329,0.321423,0.140966,0.99792,12.849,1,0.129859,0.36288,0,62.609,5.77511,57.0669,0.84672,12.849,0.84672,3695.15,0,3.68392,0.0230104,0.204422,2.16093,4.05045,1.54867,4.84412,0.06048,3.68392,0.06048,456.806,0,1.4375,0,0,1.64192,0.204422,1.542240,1,0,62.052,0,0,0,62.052,0
366.029,3.76342,0,0,0.91527,0.11061,0.36288,18.144,60.887,0.871522,0,0,0.771915,0.321423,0,0.99792,12.849,1,0.130922,0.36288,0,36.3213,5.77511,30.7781,0.84672,12.849,0.84672,3695.15,0,3.68392,0.0523687,0.216518,2.16097,2.89447,1.54867,3.67092,0.06048,3.68392,0.06048,456.806,0,0.915555,0,0,1.13207,0.216518,1.542240,1,0,34.449,0,0,0,34.449,0
363.971,3.76235,0,0,2.25184,0.183952,0.36288,18.144,61.308,0.285731,0,0,1.2278,0.326471,0.194572,0.99792,12.849,1,0.132073,0.36288,0,48.3582,5.3119,43.2771,0.84672,12.849,0.84672,3695.15,0,3.68392,0.0172879,1.00273,2.16101,7.52873,1.44911,9.22608,0.06048,3.68392,0.06048,456.806,0,1.54224,0,0,2.54497,1.00273,1.542240,1,0,52.6977,0,0,0,52.6977,0
361.202,3.66452,0,0,1.52309,0.264842,0.36288,18.144,61.308,0.207378,0,0,1.3267,0.278457,0.840863,0.99792,12.849,1,0.129366,0.36288,0,60.1664,5.11863,55.2813,0.84672,12.849,0.84672,3695.15,0,3.68392,0.0124611,0.572348,2.16105,5.56939,1.27656,7.01377,0.06048,3.68392,0.06048,456.806,0,1.54224,0,0,2.11459,0.572348,1.542240,1,0,63.1359,0,0,0,63.1359,0
357.639,3.66363,0,0,0.759416,0.296022,0.36288,18.144,61.308,0.297344,0,0,0.893307,0.231325,0.364637,0.99792,12.849,1,0.130326,0.36288,0,29.0631,5.12106,24.1746,0.84672,12.849,0.84672,3695.15,0,3.68392,0.017867,0.216518,2.07639,3.5242,1.19918,4.60006,0.06048,3.68392,0.06048,456.806,0,1.44511,0,0,1.66163,0.216518,1.542240,1,0,29.1393,0,0,0,29.1393,0
355.784,3.66245,0,0,2.44113,0.270757,0.36288,18.144,61.308,0.20744,0,0,1.30747,0.221397,0.878628,0.99792,12.849,1,0.131582,0.36288,0,54.5444,4.88106,49.8946,0.84672,12.849,0.84672,3695.15,0,3.68392,0.0124648,0.764908,2.07643,7.51049,1.25284,9.08652,0.06048,3.68392,0.06048,456.806,0,1.54224,0,0,2.30715,0.764908,1.542240,1,0,59.8598,0,0,0,59.8598,0
354.687,3.66186,0,0,3.23034,0.302533,0.36288,18.144,61.308,0.20747,0,0,1.86886,0.170835,1.49055,0.99792,12.849,1,0.132247,0.36288,0,85.6202,3.80342,82.0474,0.84672,12.849,0.84672,3695.15,0,3.68392,0.0124666,1.5852,2.07647,13.1795,1.02307,15.8056,0.06048,3.68392,0.06048,456.806,0,1.54224,0,0,3.12744,1.5852,1.542240,1,0,99.3435,0,0,0,99.3435,0
352.57,3.38578,0,0,1.93396,0.30273,0.36288,18.144,61.308,0.0439134,0,0,1.24558,0.186176,1.01549,0.99792,12.849,1,0.122654,0.36288,0,65.4747,4.0067,61.7082,0.84672,12.849,0.84672,3695.15,0,3.68392,0.0026387,0.884477,2.07651,7.58946,1.07993,9.46788,0.06048,3.68392,0.06048,456.806,0,1.54224,0,0,2.42672,0.884477,1.542240,1,0,72.1916,0,0,0,72.1916,0
351.261,3.38513,0,0,2.74222,0.303251,0.36288,18.144,61.308,0.043941,0,0,0.889332,0.224528,0.620862,0.99792,12.849,1,0.123367,0.36288,0,92.3547,4.5149,88.0793,0.84672,12.849,0.84672,3695.15,0,3.68392,0.00264036,0.922087,1.88583,9.22353,1.22209,10.8067,0.06048,3.68392,0.06048,456.806,0,1.54224,0,0,2.46433,0.922087,1.542240,1,0,99.5069,0,0,0,99.5069,0
351.014,3.38475,0,0,3.80393,0.303194,0.36288,18.144,61.308,0.0439687,0,0,0.990438,0.224528,0.721941,0.99792,12.849,1,0.123813,0.36288,0,96.2842,4.5149,92.0083,0.84672,12.849,0.84672,3695.15,0,3.68392,0.00264202,0.97308,1.88587,11.3086,1.22209,12.9429,0.06048,3.68392,0.06048,456.806,0,1.54224,0,0,2.51532,0.97308,1.542240,1,0,105.673,0,0,0,105.673,0
351.07,3.38473,0,0,4.09145,0.287634,0.36288,18.144,61.308,0.0439963,0,0,2.82662,0.212127,2.5705,0.99792,12.849,1,0.123899,0.36288,0,161.397,4.08614,157.55,0.84672,12.849,0.84672,3695.15,0,3.68392,0.00264368,3.05844,1.88591,16.4919,1.16852,20.2651,0.06048,3.68392,0.06048,456.806,0,1.54224,0,0,4.60068,3.05844,1.542240,1,0,180.385,0,0,0,180.385,0
350.544,3.38481,0,0,3.49741,0.275975,0.36288,18.144,61.308,0.0440238,0,0,1.53287,0.202826,1.28602,0.99792,12.849,1,0.123883,0.36288,0,82.4861,3.76457,78.9605,0.84672,12.849,0.84672,3695.15,0,3.68392,0.00264534,1.64354,1.88594,11.9572,1.12835,14.3556,0.06048,3.68392,0.06048,456.806,0,1.54224,0,0,3.18578,1.64354,1.542240,1,0,94.6022,0,0,0,94.6022,0
351.808,3.38463,0,0,5.32227,0.310518,0.36288,18.144,61.308,0.0440238,0,0,1.96303,0.240439,1.67856,0.99792,12.849,1,0.124062,0.36288,0,136.851,4.59409,132.495,0.84672,12.849,0.84672,3695.15,0,3.68392,0.00264534,1.69448,1.88598,11.4324,1.03971,13.9705,0.06048,3.68392,0.06048,456.806,0,1.54224,0,0,3.23672,1.69448,1.542240,1,0,148.144,0,0,0,148.144,0
354.485,3.49116,0,0,6.84705,0.316337,0.36288,18.144,61.308,0.0914185,0,0,2.48063,0.246707,2.1425,0.99792,12.849,1,0.127507,0.36288,0,201.785,4.73235,197.288,0.84672,12.849,0.84672,3695.15,0,3.68392,0.00549322,2.45364,1.88598,13.1614,1.02494,16.4706,0.06048,3.68392,0.06048,456.806,0,1.54224,0,0,3.99588,2.45364,1.542240,1,0,215.902,0,0,0,215.902,0
355.584,3.49212,0,0,5.27751,0.3228,0.36288,18.144,61.308,0.0914337,0,0,2.43862,0.244922,2.10227,0.99792,12.849,1,0.126579,0.36288,0,172.457,4.75134,167.942,0.84672,12.849,0.84672,3695.15,0,3.68392,0.00549414,2.21386,1.94632,12.8103,1.05805,15.9069,0.06048,3.68392,0.06048,456.806,0,1.54224,0,0,3.7561,2.21386,1.542240,1,0,185.951,0,0,0,185.951,0
357.389,3.49253,0,0,5.99368,0.33342,0.36288,18.144,61.308,0.091449,0,0,1.86801,0.250095,1.52647,0.99792,12.849,1,0.126202,0.36288,0,111.371,4.90101,106.707,0.84672,12.849,0.84672,3695.15,0,3.68392,0.00549505,1.54667,1.94634,9.61373,1.26434,11.8369,0.06048,3.68392,0.06048,456.806,0,1.54224,0,0,3.08891,1.54667,1.542240,1,0,120.07,0,0,0,120.07,0
359.309,3.49318,0,0,6.07999,0.304192,0.36288,18.144,61.308,0.0914641,0,0,1.90446,0.2592,1.5538,0.99792,12.849,1,0.125588,0.36288,0,155.379,4.76916,150.847,0.84672,12.849,0.84672,3695.15,0,3.68392,0.00549596,1.61216,1.94636,10.3963,1.30458,12.6447,0.06048,3.68392,0.06048,456.806,0,1.54224,0,0,3.1544,1.61216,1.542240,1,0,165.046,0,0,0,165.046,0
359.475,3.83465,0,0,4.71635,0.353023,0.36288,18.144,61.308,0.269327,0,0,1.52493,0.23148,1.02412,0.99792,12.849,1,0.137128,0.36288,0,113.398,4.63019,108.994,0.84672,12.849,0.84672,3695.15,0,3.68392,0.0161835,1.01089,1.94638,7.95684,1.39301,9.50491,0.06048,3.68392,0.06048,456.806,0,1.54224,0,0,2.55313,1.01089,1.542240,1,0,119.523,0,0,0,119.523,0
360.421,3.83475,0,0,5.48145,0.337323,0.36288,18.144,61.308,0.269344,0,0,1.50079,0.239163,0.992287,0.99792,12.849,1,0.137069,0.36288,0,104.064,4.35154,99.9379,0.84672,12.849,0.84672,3695.15,0,3.68392,0.0161845,1.05733,2.16167,7.69141,1.24085,9.65338,0.06048,3.68392,0.06048,456.806,0,1.54224,0,0,2.59957,1.05733,1.542240,1,0,110.584,0,0,0,110.584,0
362.312,3.83514,0,0,6.40555,0.316422,0.36288,18.144,61.308,0.26936,0,0,1.49156,0.249407,0.97279,0.99792,12.849,1,0.136723,0.36288,0,157.877,3.98002,154.123,0.84672,12.849,0.84672,3695.15,0,3.68392,0.0161855,0.950858,2.16169,8.00107,1.03795,10.0595,0.06048,3.68392,0.06048,456.806,0,1.54224,0,0,2.4931,0.950858,1.542240,1,0,165.155,0,0,0,165.155,0
364.911,3.83587,0,0,7.11521,0.318126,0.36288,18.144,61.308,0.269378,0,0,2.26452,0.21616,1.77898,0.99792,12.849,1,0.136035,0.36288,0,150.213,3.68415,146.756,0.84672,12.849,0.84672,3695.15,0,3.68392,0.0161866,2.00313,2.16171,10.9167,1.00866,14.0567,0.06048,3.68392,0.06048,456.806,0,1.54224,0,0,3.54537,2.00313,1.542240,1,0,162.592,0,0,0,162.592,0
370.851,3.3505,0,0,9.97428,0.320404,0.36288,18.144,61.308,0.0307121,0,0,3.77655,0.171831,3.57401,0.99792,12.849,1,0.117976,0.36288,0,216.732,3.28965,213.687,0.84672,12.849,0.84672,3695.15,0,3.68392,0.00184545,5.05793,2.16173,22.3062,0.969594,28.5545,0.06048,3.68392,0.06048,456.806,0,1.54224,0,0,6.60017,5.05793,1.542240,1,0,245.816,0,0,0,245.816,0
374.689,3.35236,0,0,7.87419,0.320678,0.36288,18.144,61.308,0.0307267,0,0,2.40235,0.171831,2.19979,0.99792,12.849,1,0.11615,0.36288,0,233.861,3.28965,230.818,0.84672,12.849,0.84672,3695.15,0,3.68392,0.00184633,3.70648,1.86728,16.2817,0.969594,20.8841,0.06048,3.68392,0.06048,456.806,0,1.54224,0,0,5.24872,3.70648,1.542240,1,0,253.902,0,0,0,253.902,0
377.099,3.35354,0,0,6.44741,0.320856,0.36288,18.144,61.308,0.0307413,0,0,1.72112,0.171831,1.51855,0.99792,12.849,1,0.115001,0.36288,0,192.651,3.28965,189.609,0.84672,12.849,0.84672,3695.15,0,3.68392,0.00184721,1.73053,1.8673,11.7456,0.969594,14.372,0.06048,3.68392,0.06048,456.806,0,1.54224,0,0,3.27277,1.73053,1.542240,1,0,205.5,0,0,0,205.5,0
378.337,3.35428,0,0,5.18138,0.227006,0.36288,18.144,61.308,0.0307559,0,0,1.26022,0.221523,1.00794,0.99792,12.849,1,0.114291,0.36288,0,133.752,4.08066,129.92,0.84672,12.849,0.84672,3695.15,0,3.68392,0.00184808,0.709448,1.86731,8.09775,1.22379,9.44888,0.06048,3.68392,0.06048,456.806,0,1.54224,0,0,2.25169,0.709448,1.542240,1,0,140.377,0,0,0,140.377,0
382.006,3.35468,0,0,7.69762,0.310543,0.36288,18.144,61.308,0.0307705,0,0,1.69944,0.168708,1.49996,0.99792,12.849,1,0.113931,0.36288,0,120.837,3.49072,117.596,0.84672,12.849,0.84672,3695.15,0,3.68392,0.00184896,0.795027,1.86733,8.734,1.02695,10.3676,0.06048,3.68392,0.06048,456.806,0,1.54224,0,0,2.33727,0.795027,1.542240,1,0,129.463,0,0,0,129.463,0
384.543,3.47839,0,0,6.68846,0.310707,0.36288,18.144,61.308,0.0891787,0,0,2.12624,0.168708,1.86836,0.99792,12.849,1,0.116998,0.36288,0,133.264,3.49072,130.019,0.84672,12.849,0.84672,3695.15,0,3.68392,0.00535864,1.60091,1.86735,12.6466,1.02695,15.0826,0.06048,3.68392,0.06048,456.806,0,1.54224,0,0,3.14315,1.60091,1.542240,1,0,146.97,0,0,0,146.97,0
385.606,3.47917,0,0,5.21622,0.31082,0.36288,18.144,61.308,0.089194,0,0,1.68357,0.168708,1.42567,0.99792,12.849,1,0.116252,0.36288,0,152.743,3.49072,149.499,0.84672,12.849,0.84672,3695.15,0,3.68392,0.00535955,1.63483,1.94008,8.67698,1.02695,11.2196,0.06048,3.68392,0.06048,456.806,0,1.54224,0,0,3.17707,1.63483,1.542240,1,0,162.144,0,0,0,162.144,0
385.632,3.47951,0,0,4.14281,0.274128,0.36288,18.144,61.308,0.0892091,0,0,1.21608,0.133142,0.993729,0.99792,12.849,1,0.115943,0.36288,0,107.218,2.2347,105.23,0.84672,12.849,0.84672,3695.15,0,3.68392,0.00536046,0.83535,1.9401,6.8974,0.886881,8.78061,0.06048,3.68392,0.06048,456.806,0,1.54224,0,0,2.37759,0.83535,1.542240,1,0,115.005,0,0,0,115.005,0
386.738,3.47955,0,0,5.1489,0.200653,0.36288,18.144,61.308,0.0892243,0,0,1.51024,0.210096,1.21092,0.99792,12.849,1,0.115936,0.36288,0,102.428,3.795,98.88,0.84672,12.849,0.84672,3695.15,0,3.68392,0.00536137,1.51449,1.94012,8.95208,1.13446,11.2669,0.06048,3.68392,0.06048,456.806,0,1.54224,0,0,3.05673,1.51449,1.542240,1,0,111.358,0,0,0,111.358,0
387.717,3.43195,0,0,4.96264,0.188732,0.36288,18.144,61.308,0.0665592,0,0,1.52346,0.221143,1.23575,0.99792,12.849,1,0.114023,0.36288,0,109.468,4.1643,105.552,0.84672,12.849,0.84672,3695.15,0,3.68392,0.00399946,1.15865,1.94014,8.14061,1.1622,10.0732,0.06048,3.68392,0.06048,456.806,0,1.54224,0,0,2.70089,1.15865,1.542240,1,0,116.861,0,0,0,116.861,0
388.427,3.43226,0,0,4.69408,0.188759,0.36288,18.144,61.308,0.0665741,0,0,1.39057,0.221143,1.10286,0.99792,12.849,1,0.113746,0.36288,0,96.8112,4.1643,92.896,0.84672,12.849,0.84672,3695.15,0,3.68392,0.00400036,0.673367,1.91186,7.43947,1.1622,8.85849,0.06048,3.68392,0.06048,456.806,0,1.54224,0,0,2.21561,0.673367,1.542240,1,0,102.857,0,0,0,102.857,0
388.754,3.4325,0,0,4.31097,0.188778,0.36288,18.144,61.308,0.0665891,0,0,1.29788,0.221143,1.01015,0.99792,12.849,1,0.113545,0.36288,0,88.8062,4.1643,84.8913,0.84672,12.849,0.84672,3695.15,0,3.68392,0.00400125,0.619445,1.91188,6.29666,1.1622,7.66177,0.06048,3.68392,0.06048,456.806,0,1.54224,0,0,2.16168,0.619445,1.542240,1,0,93.5632,0,0,0,93.5632,0
388.772,3.43262,0,0,3.95168,0.138052,0.36288,18.144,61.308,0.0666041,0,0,1.19891,0.253855,0.878453,0.99792,12.849,1,0.113454,0.36288,0,77.5708,4.58033,73.2399,0.84672,12.849,0.84672,3695.15,0,3.68392,0.00400216,0.505647,1.9119,6.1555,1.14977,7.41927,0.06048,3.68392,0.06048,456.806,0,1.54224,0,0,2.04789,0.505647,1.542240,1,0,81.5376,0,0,0,81.5376,0
388.366,3.5955,0,0,3.66527,0.113142,0.36288,18.144,61.308,0.147053,0,0,1.09522,0.251415,0.696755,0.99792,12.849,1,0.118832,0.36288,0,67.8197,4.662,63.4017,0.84672,12.849,0.84672,3695.15,0,3.68392,0.00883622,0.471675,1.91191,5.85364,1.082,7.1464,0.06048,3.68392,0.06048,456.806,0,1.54224,0,0,2.01391,0.471675,1.542240,1,0,71.2449,0,0,0,71.2449,0
387.91,3.59542,0,0,3.61517,0.113135,0.36288,18.144,61.308,0.147069,0,0,1.09844,0.251415,0.699954,0.99792,12.849,1,0.118953,0.36288,0,64.1745,4.662,59.7564,0.84672,12.849,0.84672,3695.15,0,3.68392,0.00883717,0.557099,2.0109,5.57292,1.082,7.05008,0.06048,3.68392,0.06048,456.806,0,1.54224,0,0,2.09934,0.557099,1.542240,1,0,67.5064,0,0,0,67.5064,0
387.067,3.59532,0,0,3.24285,0.127201,0.36288,18.144,61.308,0.147085,0,0,1.04742,0.247465,0.652869,0.99792,12.849,1,0.11909,0.36288,0,60.6064,4.40816,56.442,0.84672,12.849,0.84672,3695.15,0,3.68392,0.00883813,0.56884,2.01092,5.13278,1.09179,6.61191,0.06048,3.68392,0.06048,456.806,0,1.54224,0,0,2.11108,0.56884,1.542240,1,0,63.7068,0,0,0,63.7068,0
386.091,3.5951,0,0,3.09545,0.114153,0.36288,18.144,61.308,0.1471,0,0,1.03629,0.25465,0.63454,0.99792,12.849,1,0.119342,0.36288,0,56.2857,4.16586,52.3634,0.84672,12.849,0.84672,3695.15,0,3.68392,0.00883907,0.605362,2.01094,4.91417,1.13341,6.38822,0.06048,3.68392,0.06048,456.806,0,1.54224,0,0,2.1476,0.605362,1.542240,1,0,59.3862,0,0,0,59.3862,0
385.021,3.59485,0,0,2.98906,0.100794,0.36288,18.144,61.308,0.172912,0,0,0.943756,0.296572,0.474272,0.99792,12.849,1,0.119636,0.36288,0,53.0579,5.35678,47.9444,0.84672,12.849,0.84672,3695.15,0,3.68392,0.01039,0.30119,2.01096,4.81211,1.17688,5.93699,0.06048,3.68392,0.06048,456.806,0,1.51432,0,0,1.81551,0.30119,1.542240,1,0,54.3556,0,0,0,54.3556,0
383.845,3.56237,0,0,2.84978,0.100779,0.36288,18.144,61.308,0.267697,0,0,0.910483,0.296572,0.346215,0.99792,12.849,1,0.118884,0.36288,0,51.6589,5.35678,46.5461,0.84672,12.849,0.84672,3695.15,0,3.68392,0.0160856,0.30119,2.01098,4.5569,1.17688,5.67611,0.06048,3.68392,0.06048,456.806,0,1.45974,0,0,1.76093,0.30119,1.542240,1,0,52.5684,0,0,0,52.5684,0
382.535,3.56205,0,0,2.69211,0.0771508,0.36288,18.144,61.308,0.236753,0,0,0.86692,0.335632,0.294535,0.99792,12.849,1,0.119238,0.36288,0,48.715,6.01562,42.943,0.84672,12.849,0.84672,3695.15,0,3.68392,0.0142262,0.261274,2.04183,4.42869,1.37922,5.33836,0.06048,3.68392,0.06048,456.806,0,1.49316,0,0,1.75444,0.261274,1.542240,1,0,48.5759,0,0,0,48.5759,0
381.029,3.56169,0,0,2.50061,0.0819704,0.36288,18.144,61.308,0.223799,0,0,0.859188,0.324471,0.310917,0.99792,12.849,1,0.119634,0.36288,0,48.3815,6.1425,42.4822,0.84672,12.849,0.84672,3695.15,0,3.68392,0.0134478,0.261274,2.04185,4.32744,1.37057,5.24655,0.06048,3.68392,0.06048,456.806,0,1.50718,0,0,1.76845,0.261274,1.542240,1,0,48.0397,0,0,0,48.0397,0
379.317,3.56127,0,0,2.28375,0.071752,0.36288,18.144,61.308,0.399092,0,0,0.755076,0.334072,0.0219117,0.99792,12.849,1,0.120093,0.36288,0,41.2479,6.0771,35.4136,0.84672,12.849,0.84672,3695.15,0,3.68392,0.0239809,0.261274,2.04187,3.75665,1.42816,4.60766,0.06048,3.68392,0.06048,456.806,0,1.31829,0,0,1.57956,0.261274,1.542240,1,0,40.0431,0,0,0,40.0431,0
377.837,3.64388,0,0,2.59121,0.0640858,0.36288,18.144,61.308,0.230809,0,0,0.958306,0.341273,0.386224,0.99792,12.849,1,0.123433,0.36288,0,53.208,6.02805,47.4194,0.84672,12.849,0.84672,3695.15,0,3.68392,0.013869,0.350698,2.0419,4.32435,1.47135,5.23173,0.06048,3.68392,0.06048,456.806,0,1.54224,0,0,1.89294,0.350698,1.542240,1,0,53.0373,0,0,0,53.0373,0
376.125,3.64345,0,0,2.35861,0.0640722,0.36288,18.144,61.308,0.230826,0,0,0.790422,0.341273,0.218323,0.99792,12.849,1,0.123902,0.36288,0,42.8563,6.02805,37.0672,0.84672,12.849,0.84672,3695.15,0,3.68392,0.01387,0.391582,2.09105,4.01831,1.47135,5.01573,0.06048,3.68392,0.06048,456.806,0,1.54224,0,0,1.93382,0.391582,1.542240,1,0,42.3013,0,0,0,42.3013,0
374.201,3.64294,0,0,2.14513,0.0640564,0.36288,18.144,61.308,0.358039,0,0,0.736102,0.341273,0.0367904,0.99792,12.849,1,0.124448,0.36288,0,39.9519,6.02805,34.1623,0.84672,12.849,0.84672,3695.15,0,3.68392,0.0215141,0.227405,2.09107,3.5811,1.47135,4.40672,0.06048,3.68392,0.06048,456.806,0,1.405,0,0,1.63241,0.227405,1.542240,1,0,38.6058,0,0,0,38.6058,0
372.365,3.64236,0,0,2.22258,0.0530831,0.36288,18.144,61.308,0.230859,0,0,0.848595,0.339334,0.278402,0.99792,12.849,1,0.125068,0.36288,0,39.1634,6.04008,33.3611,0.84672,12.849,0.84672,3695.15,0,3.68392,0.013872,0.494994,2.0911,4.85656,1.49444,5.93433,0.06048,3.68392,0.06048,456.806,0,1.54224,0,0,2.03723,0.494994,1.542240,1,0,39.5739,0,0,0,39.5739,0
369.563,3.88502,0,0,1.4985,0.0526656,0.36288,18.144,61.2489,0.441792,0,0,0.674153,0.291441,0,0.99792,12.849,1,0.134058,0.36288,0,28.0265,5.06541,23.1899,0.84672,12.849,0.84672,3695.15,0,3.68392,0.0265467,0.227405,2.09112,4.10394,1.42388,4.97203,0.06048,3.68392,0.06048,456.806,0,1.46823,0,0,1.69563,0.227405,1.542240,1,0,28.162,0,0,0,28.162,0
366.891,3.88408,0,0,1.62765,0.0526444,0.36288,18.144,61.2097,0.430068,0,0,0.682145,0.291332,0,0.99792,12.849,1,0.135042,0.36288,0,26.786,5.06541,21.9484,0.84672,12.849,0.84672,3695.15,0,3.68392,0.0258672,0.227405,2.25754,4.35904,1.42388,5.39424,0.06048,3.68392,0.06048,456.806,0,1.48084,0,0,1.70824,0.227405,1.542240,1,0,27.3427,0,0,0,27.3427,0
365.092,3.88317,0,0,2.51402,0.0671491,0.36288,18.144,61.308,0.373093,0,0,0.820498,0.288043,0.0610278,0.99792,12.849,1,0.135994,0.36288,0,43.2632,4.97636,38.5138,0.84672,12.849,0.84672,3695.15,0,3.68392,0.0224547,0.505466,2.25757,4.60669,1.41296,5.93431,0.06048,3.68392,0.06048,456.806,0,1.54224,0,0,2.04771,0.505466,1.542240,1,0,44.5091,0,0,0,44.5091,0
364.183,3.88256,0,0,3.41197,0.0747895,0.36288,18.144,61.308,0.373158,0,0,1.03732,0.27926,0.3849,0.99792,12.849,1,0.136642,0.36288,0,52.8499,5.04857,48.0276,0.84672,12.849,0.84672,3695.15,0,3.68392,0.0224226,0.561799,2.25759,4.97529,1.39581,6.37644,0.06048,3.68392,0.06048,456.806,0,1.54224,0,0,2.10404,0.561799,1.542240,1,0,54.7889,0,0,0,54.7889,0
362.789,3.88227,0,0,2.9573,0.106415,0.36288,18.144,61.308,0.373176,0,0,0.822433,0.219965,0.229292,0.99792,12.849,1,0.136973,0.36288,0,52.416,4.48542,48.1565,0.84672,12.849,0.84672,3695.15,0,3.68392,0.0224237,0.310452,2.25761,5.45059,1.24371,6.75252,0.06048,3.68392,0.06048,456.806,0,1.54224,0,0,1.85269,0.310452,1.542240,1,0,55.1383,0,0,0,55.1383,0
361.355,3.76336,0,0,2.83861,0.147034,0.36288,18.144,61.308,0.286863,0,0,1.05576,0.19808,0.570813,0.99792,12.849,1,0.133288,0.36288,0,45.3139,3.84899,41.6946,0.84672,12.849,0.84672,3695.15,0,3.68392,0.0172372,0.616879,2.25763,6.7229,1.0877,8.49247,0.06048,3.68392,0.06048,456.806,0,1.54224,0,0,2.15912,0.616879,1.542240,1,0,50.7578,0,0,0,50.7578,0
360.274,3.76289,0,0,3.192,0.147004,0.36288,18.144,61.308,0.28688,0,0,1.53885,0.19808,1.05389,0.99792,12.849,1,0.1338,0.36288,0,50.9046,3.84899,47.2847,0.84672,12.849,0.84672,3695.15,0,3.68392,0.0172382,1.40382,2.16229,8.83777,1.0877,11.2989,0.06048,3.68392,0.06048,456.806,0,1.54224,0,0,2.94606,1.40382,1.542240,1,0,59.6376,0,0,0,59.6376,0
358.835,3.76254,0,0,2.83358,0.146981,0.36288,18.144,61.308,0.286897,0,0,1.19845,0.19808,0.713468,0.99792,12.849,1,0.134189,0.36288,0,44.4013,3.84899,40.781,0.84672,12.849,0.84672,3695.15,0,3.68392,0.0172393,0.846072,2.16231,6.78059,1.0877,8.68404,0.06048,3.68392,0.06048,456.806,0,1.54224,0,0,2.38831,0.846072,1.542240,1,0,50.1785,0,0,0,50.1785,0
356.633,3.76206,0,0,2.13103,0.207975,0.36288,18.144,61.308,0.286914,0,0,1.31867,0.202437,0.829321,0.99792,12.849,1,0.13471,0.36288,0,43.1637,3.94673,39.4452,0.84672,12.849,0.84672,3695.15,0,3.68392,0.0172403,1.12686,2.16233,9.14553,1.05345,11.364,0.06048,3.68392,0.06048,456.806,0,1.54224,0,0,2.6691,1.12686,1.542240,1,0,51.6385,0,0,0,51.6385,0
353.374,3.66413,0,0,1.05673,0.28925,0.36288,18.144,60.8328,0.910354,0,0,0.643449,0.208246,0,0.99792,12.849,1,0.132014,0.36288,0,40.0655,4.07705,36.2193,0.84672,12.849,0.84672,3695.15,0,3.68392,0.054702,0.216518,2.16235,7.85238,1.00777,9.16878,0.06048,3.68392,0.06048,456.806,0,0.791536,0,0,1.00805,0.216518,1.542240,1,0,45.3881,0,0,0,45.3881,0
351.682,3.66299,0,0,2.62386,0.289114,0.36288,18.144,61.308,0.208234,0,0,1.70662,0.207621,0.81562,0.99792,12.849,1,0.13319,0.36288,0,66.1554,4.07705,62.3081,0.84672,12.849,0.84672,3695.15,0,3.68392,0.0126102,1.24448,2.07762,12.0121,1.00777,14.3138,0.06048,3.68392,0.06048,456.806,0,1.54224,0,0,2.78672,1.24448,1.542240,1,0,77.4375,0,0,0,77.4375,0
351.02,3.66241,0,0,3.65202,0.289043,0.36288,18.144,61.308,0.208378,0,0,2.36672,0.208246,1.9501,0.99792,12.849,1,0.133809,0.36288,0,99.8525,4.07705,96.0045,0.84672,12.849,0.84672,3695.15,0,3.68392,0.0125212,3.44526,2.07764,16.2689,1.00777,20.7716,0.06048,3.68392,0.06048,456.806,0,1.54224,0,0,4.9875,3.44526,1.542240,1,0,118.726,0,0,0,118.726,0
350.285,3.6622,0,0,3.62234,0.332762,0.36288,18.144,61.308,0.208394,0,0,2.2451,0.216281,1.82043,0.99792,12.849,1,0.134054,0.36288,0,65.3482,3.59541,61.9816,0.84672,12.849,0.84672,3695.15,0,3.68392,0.0125222,1.83076,2.07766,14.1017,0.888911,17.1087,0.06048,3.68392,0.06048,456.806,0,1.54224,0,0,3.373,1.83076,1.542240,1,0,80.9107,0,0,0,80.9107,0
352.015,3.38618,0,0,5.78838,0.308858,0.36288,18.144,61.308,0.0447319,0,0,3.26536,0.207981,3.01265,0.99792,12.849,1,0.124211,0.36288,0,141.683,3.8058,138.116,0.84672,12.849,0.84672,3695.15,0,3.68392,0.00268788,0.592047,2.07768,16.801,1.0965,18.3715,0.06048,3.68392,0.06048,456.806,0,1.54224,0,0,2.13429,0.592047,1.542240,1,0,159.5,0,0,0,159.5,0
352.74,3.3868,0,0,4.77702,0.302702,0.36288,18.144,61.308,0.0447466,0,0,2.9407,0.238459,2.6575,0.99792,12.849,1,0.123623,0.36288,0,131.253,4.19654,127.296,0.84672,12.849,0.84672,3695.15,0,3.68392,0.00268877,1.75791,1.88689,14.0186,1.11887,16.5418,0.06048,3.68392,0.06048,456.806,0,1.54224,0,0,3.30015,1.75791,1.542240,1,0,146.495,0,0,0,146.495,0
352.956,3.38708,0,0,4.2688,0.302733,0.36288,18.144,61.308,0.0447614,0,0,3.07615,0.238459,2.79293,0.99792,12.849,1,0.123379,0.36288,0,104.122,4.19654,100.165,0.84672,12.849,0.84672,3695.15,0,3.68392,0.00268966,4.0268,1.88691,18.6061,1.11887,23.3982,0.06048,3.68392,0.06048,456.806,0,1.54224,0,0,5.56904,4.0268,1.542240,1,0,126.356,0,0,0,126.356,0
353.237,3.38719,0,0,4.33388,0.302743,0.36288,18.144,61.308,0.0447762,0,0,3.14582,0.238459,2.86258,0.99792,12.849,1,0.123307,0.36288,0,117.291,4.19654,113.334,0.84672,12.849,0.84672,3695.15,0,3.68392,0.00269054,4.66237,1.88693,20.6461,1.11887,26.0738,0.06048,3.68392,0.06048,456.806,0,1.54224,0,0,6.20461,4.66237,1.542240,1,0,142.27,0,0,0,142.27,0
354.144,3.38732,0,0,4.94291,0.285827,0.36288,18.144,61.308,0.0447909,0,0,2.33258,0.177539,2.11025,0.99792,12.849,1,0.123214,0.36288,0,132.996,3.21838,130.018,0.84672,12.849,0.84672,3695.15,0,3.68392,0.00269143,2.49207,1.88694,13.7389,0.897411,17.2178,0.06048,3.68392,0.06048,456.806,0,1.54224,0,0,4.03431,2.49207,1.542240,1,0,149.346,0,0,0,149.346,0
353.962,3.49377,0,0,3.95369,0.279093,0.36288,18.144,61.308,0.0921973,0,0,2.00695,0.153171,1.76158,0.99792,12.849,1,0.12676,0.36288,0,105.05,2.82712,102.459,0.84672,12.849,0.84672,3695.15,0,3.68392,0.00554002,1.99691,1.88696,9.57442,0.808829,12.6439,0.06048,3.68392,0.06048,456.806,0,1.54224,0,0,3.53915,1.99691,1.542240,1,0,116.865,0,0,0,116.865,0
355.935,3.49371,0,0,6.10888,0.279086,0.36288,18.144,61.308,0.0921992,0,0,2.34751,0.153171,2.10214,0.99792,12.849,1,0.126824,0.36288,0,135.784,2.82712,133.193,0.84672,12.849,0.84672,3695.15,0,3.68392,0.00554014,2.36486,1.94733,13.0083,0.808829,16.5061,0.06048,3.68392,0.06048,456.806,0,1.54224,0,0,3.9071,2.36486,1.542240,1,0,151.801,0,0,0,151.801,0
361.005,3.49439,0,0,9.21326,0.285982,0.36288,18.144,61.308,0.0922013,0,0,3.02426,0.154578,2.77748,0.99792,12.849,1,0.126145,0.36288,0,214.283,3.00216,211.518,0.84672,12.849,0.84672,3695.15,0,3.68392,0.00554026,3.58588,1.94733,18.7329,0.850205,23.4104,0.06048,3.68392,0.06048,456.806,0,1.54224,0,0,5.12812,3.58588,1.542240,1,0,237.706,0,0,0,237.706,0
367.898,3.49611,0,0,11.0591,0.306611,0.36288,18.144,61.308,0.0922034,0,0,2.98184,0.165771,2.72386,0.99792,12.849,1,0.124435,0.36288,0,316.73,4.24698,312.722,0.84672,12.849,0.84672,3695.15,0,3.68392,0.00554039,4.71531,1.94733,23.7269,1.11835,29.2657,0.06048,3.68392,0.06048,456.806,0,1.54224,0,0,6.25755,4.71531,1.542240,1,0,344.711,0,0,0,344.711,0
370.443,3.83959,0,0,7.00291,0.255589,0.36288,18.144,61.308,0.270138,0,0,2.88273,0.172634,2.43996,0.99792,12.849,1,0.134099,0.36288,0,241.544,4.73351,237.039,0.84672,12.849,0.84672,3695.15,0,3.68392,0.0162322,3.4807,1.94733,18.1176,1.16807,22.3613,0.06048,3.68392,0.06048,456.806,0,1.54224,0,0,5.02294,3.4807,1.542240,1,0,261.841,0,0,0,261.841,0
373.827,3.84048,0,0,7.85462,0.268002,0.36288,18.144,61.308,0.27014,0,0,3.34708,0.174286,2.90266,0.99792,12.849,1,0.133209,0.36288,0,202.389,4.7071,197.911,0.84672,12.849,0.84672,3695.15,0,3.68392,0.0162324,3.68467,2.1627,20.3144,1.16111,24.9844,0.06048,3.68392,0.06048,456.806,0,1.54224,0,0,5.22691,3.68467,1.542240,1,0,225.798,0,0,0,225.798,0
376.37,3.84165,0,0,7.08964,0.342084,0.36288,18.144,61.308,0.270142,0,0,2.69,0.184198,2.23566,0.99792,12.849,1,0.132044,0.36288,0,240.837,4.54871,236.519,0.84672,12.849,0.84672,3695.15,0,3.68392,0.0162325,2.79772,2.16271,17.1775,1.11933,21.0024,0.06048,3.68392,0.06048,456.806,0,1.54224,0,0,4.33996,2.79772,1.542240,1,0,259.757,0,0,0,259.757,0
378.119,3.84252,0,0,6.2937,0.338469,0.36288,18.144,61.308,0.270145,0,0,2.25265,0.179379,1.80312,0.99792,12.849,1,0.131181,0.36288,0,223.628,4.81667,219.043,0.84672,12.849,0.84672,3695.15,0,3.68392,0.0162327,2.56732,2.16271,13.1155,1.10708,16.7222,0.06048,3.68392,0.06048,456.806,0,1.54224,0,0,4.10956,2.56732,1.542240,1,0,237.569,0,0,0,237.569,0
380.507,3.35597,0,0,6.42833,0.321948,0.36288,18.144,61.308,0.0313583,0,0,3.35597,0.210631,3.11398,0.99792,12.849,1,0.11404,0.36288,0,212.604,5.05937,207.794,0.84672,12.849,0.84672,3695.15,0,3.68392,0.00188428,3.79131,2.16271,17.9312,1.07727,22.8061,0.06048,3.68392,0.06048,456.806,0,1.54224,0,0,5.33355,3.79131,1.542240,1,0,233.714,0,0,0,233.714,0
382.051,3.35667,0,0,5.58283,0.319157,0.36288,18.144,61.308,0.0313603,0,0,2.38268,0.227951,2.12337,0.99792,12.849,1,0.113348,0.36288,0,150.013,4.88848,145.374,0.84672,12.849,0.84672,3695.15,0,3.68392,0.0018844,2.8429,1.86811,14.316,1.0776,17.9476,0.06048,3.68392,0.06048,456.806,0,1.54224,0,0,4.38514,2.8429,1.542240,1,0,165.445,0,0,0,165.445,0
382.878,3.35712,0,0,4.86667,0.319228,0.36288,18.144,61.308,0.0313623,0,0,2.05227,0.227951,1.79295,0.99792,12.849,1,0.112905,0.36288,0,121.08,4.88848,116.442,0.84672,12.849,0.84672,3695.15,0,3.68392,0.00188452,2.46176,1.86811,12.9646,1.0776,16.215,0.06048,3.68392,0.06048,456.806,0,1.54224,0,0,4.004,2.46176,1.542240,1,0,134.45,0,0,0,134.45,0
383.19,3.35736,0,0,4.35072,0.319266,0.36288,18.144,61.308,0.0313642,0,0,1.72572,0.227951,1.4664,0.99792,12.849,1,0.112669,0.36288,0,134.34,4.88848,129.702,0.84672,12.849,0.84672,3695.15,0,3.68392,0.00188464,2.11156,1.86811,11.7389,1.0776,14.6391,0.06048,3.68392,0.06048,456.806,0,1.54224,0,0,3.6538,2.11156,1.542240,1,0,145.807,0,0,0,145.807,0
382.97,3.35745,0,0,3.78533,0.284731,0.36288,18.144,61.308,0.0313662,0,0,1.2077,0.226893,0.94944,0.99792,12.849,1,0.112581,0.36288,0,137.084,5.59647,131.738,0.84672,12.849,0.84672,3695.15,0,3.68392,0.00188476,1.16274,1.86812,10.4534,1.18556,12.2968,0.06048,3.68392,0.06048,456.806,0,1.54224,0,0,2.70498,1.16274,1.542240,1,0,144.984,0,0,0,144.984,0
383.605,3.48007,0,0,4.74149,0.263534,0.36288,18.144,61.308,0.0897852,0,0,1.70136,0.205354,1.40622,0.99792,12.849,1,0.11676,0.36288,0,150.75,5.7204,145.276,0.84672,12.849,0.84672,3695.15,0,3.68392,0.00539508,1.87186,1.86812,13.0373,1.13574,15.6362,0.06048,3.68392,0.06048,456.806,0,1.54224,0,0,3.4141,1.87186,1.542240,1,0,162.318,0,0,0,162.318,0
385.021,3.48026,0,0,5.52302,0.263558,0.36288,18.144,61.308,0.0897872,0,0,2.48828,0.205354,2.19314,0.99792,12.849,1,0.116573,0.36288,0,179.289,5.7204,173.815,0.84672,12.849,0.84672,3695.15,0,3.68392,0.0053952,2.60253,1.94086,18.0831,1.13574,21.4853,0.06048,3.68392,0.06048,456.806,0,1.54224,0,0,4.14477,2.60253,1.542240,1,0,197.493,0,0,0,197.493,0
386.081,3.48068,0,0,5.16731,0.263611,0.36288,18.144,61.308,0.0897893,0,0,2.65582,0.205354,2.36068,0.99792,12.849,1,0.116158,0.36288,0,197.312,5.7204,191.838,0.84672,12.849,0.84672,3695.15,0,3.68392,0.00539533,2.81148,1.94086,18.3792,1.13574,21.9904,0.06048,3.68392,0.06048,456.806,0,1.54224,0,0,4.35372,2.81148,1.542240,1,0,216.189,0,0,0,216.189,0
385.703,3.48099,0,0,3.66898,0.203076,0.36288,18.144,61.308,0.0897913,0,0,1.36456,0.210392,1.06438,0.99792,12.849,1,0.115849,0.36288,0,116.147,4.83708,111.557,0.84672,12.849,0.84672,3695.15,0,3.68392,0.00539545,1.01916,1.94087,9.88865,1.163,11.6803,0.06048,3.68392,0.06048,456.806,0,1.54224,0,0,2.5614,1.01916,1.542240,1,0,124.301,0,0,0,124.301,0
384.78,3.43291,0,0,3.03016,0.157636,0.36288,18.144,61.308,0.0671047,0,0,1.11065,0.21417,0.829372,0.99792,12.849,1,0.114361,0.36288,0,79.5243,4.17459,75.5982,0.84672,12.849,0.84672,3695.15,0,3.68392,0.00403224,0.552398,1.94087,7.40526,1.18345,8.71104,0.06048,3.68392,0.06048,456.806,0,1.54224,0,0,2.09464,0.552398,1.542240,1,0,85.1386,0,0,0,85.1386,0
383.547,3.43265,0,0,2.72017,0.157615,0.36288,18.144,61.308,0.0671067,0,0,1.17164,0.21417,0.890359,0.99792,12.849,1,0.114627,0.36288,0,73.5333,4.17459,69.607,0.84672,12.849,0.84672,3695.15,0,3.68392,0.00403235,0.60791,1.91256,7.43757,1.18345,8.77056,0.06048,3.68392,0.06048,456.806,0,1.54224,0,0,2.15015,0.60791,1.542240,1,0,79.2679,0,0,0,79.2679,0
382.552,3.4323,0,0,2.95778,0.157587,0.36288,18.144,61.308,0.166073,0,0,1.00992,0.21417,0.629678,0.99792,12.849,1,0.114984,0.36288,0,75.8678,4.17459,71.9412,0.84672,12.849,0.84672,3695.15,0,3.68392,0.00997911,0.402797,1.91256,9.11399,1.18345,10.2359,0.06048,3.68392,0.06048,456.806,0,1.43513,0,0,1.83793,0.402797,1.542240,1,0,82.8067,0,0,0,82.8067,0
381.388,3.43201,0,0,2.75055,0.120293,0.36288,18.144,61.308,0.113707,0,0,0.983249,0.232441,0.637101,0.99792,12.849,1,0.115273,0.36288,0,76.9427,5.66517,71.5251,0.84672,12.849,0.84672,3695.15,0,3.68392,0.00683252,0.402797,1.91256,7.66454,1.21307,8.76,0.06048,3.68392,0.06048,456.806,0,1.49177,0,0,1.89456,0.402797,1.542240,1,0,80.9222,0,0,0,80.9222,0
380.072,3.59447,0,0,2.73866,0.0966309,0.36288,18.144,61.308,0.414824,0,0,0.923772,0.231483,0.277464,0.99792,12.849,1,0.121098,0.36288,0,79.2962,5.02248,74.5155,0.84672,12.849,0.84672,3695.15,0,3.68392,0.0249263,0.402797,1.91257,6.81973,1.10486,8.0053,0.06048,3.68392,0.06048,456.806,0,1.25416,0,0,1.65695,0.402797,1.542240,1,0,82.7983,0,0,0,82.7983,0
378.636,3.59407,0,0,2.58517,0.063973,0.36288,18.144,61.308,0.556009,0,0,0.862834,0.24201,0.0648145,0.99792,12.849,1,0.121504,0.36288,0,67.1311,5.20149,62.171,0.84672,12.849,0.84672,3695.15,0,3.68392,0.0334099,0.402797,2.01157,6.62239,1.18092,7.82242,0.06048,3.68392,0.06048,456.806,0,1.10297,0,0,1.50577,0.402797,1.542240,1,0,70.0582,0,0,0,70.0582,0
377.166,3.59363,0,0,2.54982,0.0639598,0.36288,18.144,61.308,0.401517,0,0,0.865374,0.24201,0.221847,0.99792,12.849,1,0.121949,0.36288,0,63.5239,5.20149,58.5633,0.84672,12.849,0.84672,3695.15,0,3.68392,0.0241266,0.30119,2.01157,6.30478,1.18092,7.41249,0.06048,3.68392,0.06048,456.806,0,1.26845,0,0,1.56964,0.30119,1.542240,1,0,66.1976,0,0,0,66.1976,0
375.419,3.59317,0,0,2.28722,0.0779967,0.36288,18.144,61.308,0.393345,0,0,0.82518,0.23806,0.193776,0.99792,12.849,1,0.122409,0.36288,0,59.992,4.94764,55.2848,0.84672,12.849,0.84672,3695.15,0,3.68392,0.0236356,0.30119,2.01157,5.80684,1.19072,6.90525,0.06048,3.68392,0.06048,456.806,0,1.27723,0,0,1.57842,0.30119,1.542240,1,0,62.3839,0,0,0,62.3839,0
373.215,3.59262,0,0,1.84154,0.0899779,0.36288,18.144,60.7782,0.886481,0,0,0.603783,0.247107,0,0.99792,12.849,1,0.12296,0.36288,0,36.7072,5.12632,31.8208,0.84672,12.849,0.84672,3695.15,0,3.68392,0.0532675,0.30119,2.01157,3.38735,1.22902,4.41782,0.06048,3.68392,0.06048,456.806,0,0.751784,0,0,1.05297,0.30119,1.542240,1,0,36.2386,0,0,0,36.2386,0
370.873,3.55976,0,0,1.66891,0.0888283,0.36288,18.144,59.9898,1.07915,0,0,0.53945,0.248657,0,0.99792,12.849,1,0.122555,0.36288,0,33.2142,5.21251,28.242,0.84672,12.849,0.84672,3695.15,0,3.68392,0.06048,0.30119,2.01158,3.0911,1.23323,4.11016,0.06048,3.68392,0.06048,456.806,0,0.61077,0,0,0.911961,0.30119,1.542240,1,0,32.3522,0,0,0,32.3522,0
368.38,3.55901,0,0,1.51778,0.0887984,0.36288,18.144,59.2174,1.05107,0,0,0.526028,0.247414,0,0.99792,12.849,1,0.123303,0.36288,0,32.5638,5.21251,27.5909,0.84672,12.849,0.84672,3695.15,0,3.68392,0.06048,0.261274,2.04242,2.96183,1.23323,3.97182,0.06048,3.68392,0.06048,456.806,0,0.63885,0,0,0.900124,0.261274,1.542240,1,0,31.5627,0,0,0,31.5627,0
365.747,3.55821,0,0,1.37762,0.0887664,0.36288,18.144,58.3121,1.15256,0,0,0.493496,0.246195,0,0.99792,12.849,1,0.12411,0.36288,0,29.0171,5.21251,24.0433,0.84672,12.849,0.84672,3695.15,0,3.68392,0.06048,0.261274,2.04242,2.86517,1.23323,3.87516,0.06048,3.68392,0.06048,456.806,0,0.537365,0,0,0.798638,0.261274,1.542240,1,0,27.9185,0,0,0,27.9185,0
363.014,3.55735,0,0,1.24986,0.063033,0.36288,18.144,57.2256,1.20616,0,0,0.433488,0.31385,0,0.99792,12.849,1,0.124973,0.36288,0,25.5698,6.03591,19.7718,0.84672,12.849,0.84672,3695.15,0,3.68392,0.06048,0.261274,2.04243,2.53114,1.54835,3.22601,0.06048,3.68392,0.06048,456.806,0,0.483762,0,0,0.745036,0.261274,1.542240,1,0,22.9978,0,0,0,22.9978,0
360.324,3.63945,0,0,1.38297,0.0709941,0.36288,18.144,56.2464,1.19077,0,0,0.514928,0.303382,0,0.99792,12.849,1,0.12882,0.36288,0,32.5641,5.81637,26.9818,0.84672,12.849,0.84672,3695.15,0,3.68392,0.06048,0.261274,2.04243,2.66578,1.48765,3.42135,0.06048,3.68392,0.06048,456.806,0,0.541927,0,0,0.8032,0.261274,1.542240,1,0,30.4031,0,0,0,30.4031,0
357.51,3.63853,0,0,1.25883,0.0709666,0.36288,18.144,55.1962,1.17343,0,0,0.424711,0.301454,0,0.99792,12.849,1,0.129748,0.36288,0,26.2286,5.81637,20.6454,0.84672,12.849,0.84672,3695.15,0,3.68392,0.06048,0.261274,2.09158,2.47712,1.48765,3.28185,0.06048,3.68392,0.06048,456.806,0,0.559276,0,0,0.820549,0.261274,1.542240,1,0,23.9272,0,0,0,23.9272,0
354.584,3.63755,0,0,1.1449,0.0709377,0.36288,18.144,54.0249,1.26746,0,0,0.395529,0.299386,0,0.99792,12.849,1,0.130734,0.36288,0,24.4511,5.81637,18.8669,0.84672,12.849,0.84672,3695.15,0,3.68392,0.06048,0.227405,2.09159,2.20761,1.48765,2.97847,0.06048,3.68392,0.06048,456.806,0,0.465247,0,0,0.692652,0.227405,1.542240,1,0,21.8454,0,0,0,21.8454,0
351.767,3.63651,0,0,1.24677,0.0638186,0.36288,18.144,53.1092,1.08723,0,0,0.466872,0.295363,0,0.99792,12.849,1,0.131776,0.36288,0,24.5667,5.92451,18.8733,0.84672,12.849,0.84672,3695.15,0,3.68392,0.06048,0.227405,2.09159,3.12139,1.51356,3.86635,0.06048,3.68392,0.06048,456.806,0,0.645479,0,0,0.872884,0.227405,1.542240,1,0,22.7397,0,0,0,22.7397,0
348.278,3.8783,0,0,0.829604,0.0774283,0.36288,18.144,51.8572,1.32384,0,0,0.37909,0.307179,0,0.99792,12.849,1,0.141663,0.36288,0,22.2367,6.43009,16.0278,0.84672,12.849,0.84672,3695.15,0,3.68392,0.06048,0.227405,2.09159,2.25233,1.54177,2.96907,0.06048,3.68392,0.06048,456.806,0,0.56325,0,0,0.790655,0.227405,1.542240,1,0,18.9969,0,0,0,18.9969,0
344.697,3.87693,0,0,0.735644,0.0773892,0.36288,18.144,50.5223,1.37209,0,0,0.341291,0.304105,0,0.99792,12.849,1,0.143031,0.36288,0,19.7619,6.43009,13.5517,0.84672,12.849,0.84672,3695.15,0,3.68392,0.06048,0.227405,2.25804,2.18595,1.54177,3.06914,0.06048,3.68392,0.06048,456.806,0,0.515004,0,0,0.742409,0.227405,1.542240,1,0,16.6208,0,0,0,16.6208,0
341.205,3.8755,0,0,0.82404,0.0773491,0.36288,18.144,49.2432,1.32845,0,0,0.350101,0.300828,0,0.99792,12.849,1,0.144464,0.36288,0,19.6435,6.43009,13.4318,0.84672,12.849,0.84672,3695.15,0,3.68392,0.06048,0.204422,2.25804,2.34289,1.54177,3.2031,0.06048,3.68392,0.06048,456.806,0,0.558654,0,0,0.763076,0.204422,1.542240,1,0,16.6349,0,0,0,16.6349,0
338.19,3.87409,0,0,1.31884,0.0966055,0.36288,18.144,48.2152,1.16446,0,0,0.430275,0.293748,0,0.99792,12.849,1,0.145889,0.36288,0,32.6337,6.31135,26.5393,0.84672,12.849,0.84672,3695.15,0,3.68392,0.06048,0.204422,2.25804,2.55396,1.52721,3.42873,0.06048,3.68392,0.06048,456.806,0,0.722641,0,0,0.927063,0.204422,1.542240,1,0,29.9681,0,0,0,29.9681,0
335.256,3.87284,0,0,1.42443,0.123269,0.36288,18.144,47.6604,0.904331,0,0,0.617873,0.268413,0,0.99792,12.849,1,0.147142,0.36288,0,47.5065,5.63469,42.0876,0.84672,12.849,0.84672,3695.15,0,3.68392,0.06048,0.204422,2.25805,2.89545,1.37105,3.92639,0.06048,3.68392,0.06048,456.806,0,0.982774,0,0,1.1872,0.204422,1.542240,1,0,46.014,0,0,0,46.014,0
331.846,3.75348,0,0,0.838054,0.131374,0.36288,18.144,46.7953,0.985569,0,0,0.380914,0.26043,0,0.99792,12.849,1,0.143856,0.36288,0,43.2389,5.34618,38.1117,0.84672,12.849,0.84672,3695.15,0,3.68392,0.06048,0.204422,2.25805,2.26247,1.31368,3.35078,0.06048,3.68392,0.06048,456.806,0,0.807831,0,0,1.01225,0.204422,1.542240,1,0,41.4625,0,0,0,41.4625,0
328.433,3.75206,0,0,0.872061,0.170136,0.36288,18.144,45.8761,1.0533,0,0,0.367534,0.233384,0,0.99792,12.849,1,0.145279,0.36288,0,34.5883,4.9571,29.8488,0.84672,12.849,0.84672,3695.15,0,3.68392,0.06048,0.216518,2.16267,2.97365,1.14707,4.14529,0.06048,3.68392,0.06048,456.806,0,0.740102,0,0,0.956621,0.216518,1.542240,1,0,33.9941,0,0,0,33.9941,0
327.067,3.75061,0,0,2.86788,0.120296,0.36288,18.144,46.0393,0.279774,0,0,0.695953,0.253051,0,0.99792,12.849,1,0.146732,0.36288,0,45.9626,5.56626,40.6125,0.84672,12.849,0.84672,3695.15,0,3.68392,0.0224663,0.219715,2.16267,6.96296,1.13154,8.19134,0.06048,3.68392,0.06048,456.806,0,1.54224,0,0,1.76196,0.219715,1.542240,1,0,48.8039,0,0,0,48.8039,0
326.549,3.75003,0,0,3.79941,0.204901,0.36288,18.144,46.5285,0.279878,0,0,0.93865,0.169555,0,0.99792,12.849,1,0.147322,0.36288,0,118.793,4.14954,114.859,0.84672,12.849,0.84672,3695.15,0,3.68392,0.0223949,0.761607,2.16267,7.45883,0.832734,9.52799,0.06048,3.68392,0.06048,456.806,0,1.54224,0,0,2.30385,0.761607,1.542240,1,0,124.387,0,0,0,124.387,0
325.833,3.65294,0,0,3.50215,0.201698,0.36288,18.144,47.2246,0.203496,0,0,1.08469,0.185037,0,0.99792,12.849,1,0.143735,0.36288,0,151.098,3.34194,147.975,0.84672,12.849,0.84672,3695.15,0,3.68392,0.0161119,1.43982,2.16268,7.03084,0.936583,9.68065,0.06048,3.68392,0.06048,456.806,0,1.54224,0,0,2.98206,1.43982,1.542240,1,0,157.656,0,0,0,157.656,0
325.748,3.65264,0,0,4.13165,0.201677,0.36288,18.144,48.0623,0.203802,0,0,1.2276,0.186155,0,0.99792,12.849,1,0.144039,0.36288,0,151.609,3.34194,148.486,0.84672,12.849,0.84672,3695.15,0,3.68392,0.0158983,1.80745,2.07791,8.17586,0.936583,11.1087,0.06048,3.68392,0.06048,456.806,0,1.54224,0,0,3.34969,1.80745,1.542240,1,0,159.594,0,0,0,159.594,0
328.093,3.65261,0,0,6.58925,0.228173,0.36288,18.144,49.3429,0.204158,0,0,1.60184,0.117051,0,0.99792,12.849,1,0.144076,0.36288,0,116.54,3.01389,113.745,0.84672,12.849,0.84672,3695.15,0,3.68392,0.0156485,2.23576,2.07791,9.43669,0.870928,12.8638,0.06048,3.68392,0.06048,456.806,0,1.54224,0,0,3.778,2.23576,1.542240,1,0,126.608,0,0,0,126.608,0
333.633,3.6536,0,0,9.795,0.238854,0.36288,18.144,51.877,0.204682,0,0,2.82864,0.0898347,0,0.99792,12.849,1,0.143085,0.36288,0,140.768,2.88267,138.105,0.84672,12.849,0.84672,3695.15,0,3.68392,0.0152814,3.98233,2.07792,17.6011,0.844666,22.8015,0.06048,3.68392,0.06048,456.806,0,1.54224,0,0,5.52457,3.98233,1.542240,1,0,160.907,0,0,0,160.907,0
334.772,3.38057,0,0,5.14121,0.259009,0.36288,18.144,53.3154,0.0442544,0,0,1.64921,0.166633,0,0.99792,12.849,1,0.130194,0.36288,0,91.33,3.50207,88.0606,0.84672,12.849,0.84672,3695.15,0,3.68392,0.00314262,1.79938,2.07792,9.85254,0.840509,12.8862,0.06048,3.68392,0.06048,456.806,0,1.54224,0,0,3.34162,1.79938,1.542240,1,0,100.947,0,0,0,100.947,0
340.651,3.381,0,0,9.88191,0.259052,0.36288,18.144,55.5904,0.0443659,0,0,2.48795,0.168567,0,0.99792,12.849,1,0.129767,0.36288,0,242.74,3.50207,239.471,0.84672,12.849,0.84672,3695.15,0,3.68392,0.00306554,3.31999,1.88709,15.1976,0.840509,19.5611,0.06048,3.68392,0.06048,456.806,0,1.54224,0,0,4.86223,3.31999,1.542240,1,0,259.032,0,0,0,259.032,0
344.01,3.38316,0,0,7.36576,0.260526,0.36288,18.144,58.1979,0.0445305,0,0,2.83875,0.186725,0,0.99792,12.849,1,0.127609,0.36288,0,180.863,3.74293,177.355,0.84672,12.849,0.84672,3695.15,0,3.68392,0.00295099,3.16458,1.88709,12.3005,0.935511,16.4137,0.06048,3.68392,0.06048,456.806,0,1.54224,0,0,4.70682,3.16458,1.542240,1,0,193.769,0,0,0,193.769,0
348.931,3.38437,0,0,8.93177,0.263789,0.36288,18.144,59.9026,0.0447046,0,0,1.9787,0.229302,0,0.99792,12.849,1,0.126408,0.36288,0,167.967,4.34511,163.858,0.84672,12.849,0.84672,3695.15,0,3.68392,0.0028298,3.30502,1.88709,12.9659,1.17302,16.9821,0.06048,3.68392,0.06048,456.806,0,1.54224,0,0,4.84726,3.30502,1.542240,1,0,180.84,0,0,0,180.84,0
354.825,3.38609,0,0,9.90545,0.262595,0.36288,18.144,61.308,0.0448117,0,0,2.00674,0.208384,0.348099,0.99792,12.849,1,0.124689,0.36288,0,132.29,4.02747,128.501,0.84672,12.849,0.84672,3695.15,0,3.68392,0.00275585,4.17155,1.88709,14.1096,1.05024,19.1152,0.06048,3.68392,0.06048,456.806,0,1.54224,0,0,5.71379,4.17155,1.542240,1,0,147.965,0,0,0,147.965,0
358.486,3.49422,0,0,7.78009,0.261782,0.36288,18.144,61.308,0.0922907,0,0,1.33441,0.192516,1.04961,0.99792,12.849,1,0.126534,0.36288,0,193.984,3.78924,190.431,0.84672,12.849,0.84672,3695.15,0,3.68392,0.00554563,2.02827,1.8871,11.1553,0.958156,14.1069,0.06048,3.68392,0.06048,456.806,0,1.54224,0,0,3.57051,2.02827,1.542240,1,0,205.587,0,0,0,205.587,0
358.848,3.49544,0,0,4.482,0.261921,0.36288,18.144,61.308,0.0922796,0,0,1.41543,0.192516,1.13064,0.99792,12.849,1,0.125285,0.36288,0,110.182,3.78924,106.63,0.84672,12.849,0.84672,3695.15,0,3.68392,0.00554497,2.22496,1.94745,9.995,0.958156,13.2037,0.06048,3.68392,0.06048,456.806,0,1.54224,0,0,3.7672,2.22496,1.542240,1,0,120.964,0,0,0,120.964,0
358.82,3.49554,0,0,4.08807,0.257316,0.36288,18.144,61.308,0.0922685,0,0,1.28709,0.193754,1.00107,0.99792,12.849,1,0.125162,0.36288,0,112.65,3.87288,109.015,0.84672,12.849,0.84672,3695.15,0,3.68392,0.0055443,1.91083,1.94743,8.09853,0.934137,11.0171,0.06048,3.68392,0.06048,456.806,0,1.54224,0,0,3.45307,1.91083,1.542240,1,0,121.033,0,0,0,121.033,0
359.642,3.4955,0,0,4.94332,0.262685,0.36288,18.144,61.308,0.0922573,0,0,1.35676,0.196318,1.06818,0.99792,12.849,1,0.125171,0.36288,0,106.13,4.0961,102.272,0.84672,12.849,0.84672,3695.15,0,3.68392,0.00554363,2.10289,1.94742,9.68872,0.868917,12.8646,0.06048,3.68392,0.06048,456.806,0,1.54224,0,0,3.64513,2.10289,1.542240,1,0,116.205,0,0,0,116.205,0
359.336,3.83672,0,0,4.13795,0.244514,0.36288,18.144,61.308,0.270184,0,0,1.97621,0.162977,1.54305,0.99792,12.849,1,0.137075,0.36288,0,87.5025,3.04888,84.6794,0.84672,12.849,0.84672,3695.15,0,3.68392,0.016235,1.10322,1.9474,9.05576,0.916558,11.1736,0.06048,3.68392,0.06048,456.806,0,1.54224,0,0,2.64546,1.10322,1.542240,1,0,97.396,0,0,0,97.396,0
359.633,3.83658,0,0,4.74091,0.244503,0.36288,18.144,61.308,0.270171,0,0,2.425,0.162977,1.99185,0.99792,12.849,1,0.137187,0.36288,0,112.423,3.04888,109.6,0.84672,12.849,0.84672,3695.15,0,3.68392,0.0162342,3.88593,2.16276,14.2586,0.916558,19.3745,0.06048,3.68392,0.06048,456.806,0,1.54224,0,0,5.42817,3.88593,1.542240,1,0,130.966,0,0,0,130.966,0
359.572,3.83666,0,0,4.41035,0.271991,0.36288,18.144,61.308,0.270159,0,0,1.66656,0.147904,1.2485,0.99792,12.849,1,0.137077,0.36288,0,122.052,3.13643,119.141,0.84672,12.849,0.84672,3695.15,0,3.68392,0.0162335,2.42735,2.16275,10.4855,0.878225,14.1811,0.06048,3.68392,0.06048,456.806,0,1.54224,0,0,3.96959,2.42735,1.542240,1,0,134.571,0,0,0,134.571,0
363.526,3.83661,0,0,8.47134,0.317164,0.36288,18.144,61.308,0.270146,0,0,1.86282,0.177333,1.41534,0.99792,12.849,1,0.137098,0.36288,0,145.431,3.08051,142.576,0.84672,12.849,0.84672,3695.15,0,3.68392,0.0162327,4.60204,2.16273,13.2112,0.909389,19.0503,0.06048,3.68392,0.06048,456.806,0,1.54224,0,0,6.14428,4.60204,1.542240,1,0,163.042,0,0,0,163.042,0
363.932,3.35153,0,0,4.41583,0.295879,0.36288,18.144,61.308,0.031347,0,0,1.59067,0.181707,1.37761,0.99792,12.849,1,0.118461,0.36288,0,116.726,3.0115,113.958,0.84672,12.849,0.84672,3695.15,0,3.68392,0.0018836,1.65149,2.16271,9.22078,0.909141,12.124,0.06048,3.68392,0.06048,456.806,0,1.54224,0,0,3.19373,1.65149,1.542240,1,0,127.46,0,0,0,127.46,0
364.692,3.35163,0,0,4.77097,0.295896,0.36288,18.144,61.308,0.0313362,0,0,1.63497,0.181707,1.42193,0.99792,12.849,1,0.118333,0.36288,0,83.6084,3.0115,80.8415,0.84672,12.849,0.84672,3695.15,0,3.68392,0.00188295,1.8952,1.86809,10.0017,0.909141,12.854,0.06048,3.68392,0.06048,456.806,0,1.54224,0,0,3.43744,1.8952,1.542240,1,0,95.1174,0,0,0,95.1174,0
364.295,3.35184,0,0,3.61345,0.295929,0.36288,18.144,61.308,0.0313256,0,0,1.25687,0.181707,1.04384,0.99792,12.849,1,0.118094,0.36288,0,79.7524,3.0115,76.9857,0.84672,12.849,0.84672,3695.15,0,3.68392,0.00188231,1.11465,1.86808,8.85522,0.909141,10.9269,0.06048,3.68392,0.06048,456.806,0,1.54224,0,0,2.65689,1.11465,1.542240,1,0,88.9564,0,0,0,88.9564,0
364.706,3.35169,0,0,4.3965,0.271214,0.36288,18.144,61.308,0.0313149,0,0,1.37269,0.175816,1.16556,0.99792,12.849,1,0.118217,0.36288,0,90.8919,3.01838,88.1182,0.84672,12.849,0.84672,3695.15,0,3.68392,0.00188167,1.46986,1.86807,8.13076,0.926192,10.5406,0.06048,3.68392,0.06048,456.806,0,1.54224,0,0,3.0121,1.46986,1.542240,1,0,99.8244,0,0,0,99.8244,0
367.142,3.3518,0,0,6.43277,0.282163,0.36288,18.144,61.308,0.0313043,0,0,2.57079,0.180153,2.35933,0.99792,12.849,1,0.118088,0.36288,0,179.48,3.6486,176.077,0.84672,12.849,0.84672,3695.15,0,3.68392,0.00188103,3.89075,1.86805,12.1485,1.06686,16.8386,0.06048,3.68392,0.06048,456.806,0,1.54224,0,0,5.43299,3.89075,1.542240,1,0,195.275,0,0,0,195.275,0
367.969,3.47503,0,0,4.95008,0.285593,0.36288,18.144,61.308,0.0897076,0,0,2.54106,0.162335,2.28902,0.99792,12.849,1,0.121617,0.36288,0,149.399,3.39591,146.244,0.84672,12.849,0.84672,3695.15,0,3.68392,0.00539042,3.14549,1.86804,9.69788,1.01206,13.694,0.06048,3.68392,0.06048,456.806,0,1.54224,0,0,4.68773,3.14549,1.542240,1,0,162.227,0,0,0,162.227,0
369.307,3.47526,0,0,5.46207,0.285627,0.36288,18.144,61.308,0.0896965,0,0,2.63881,0.162335,2.38678,0.99792,12.849,1,0.121352,0.36288,0,112.928,3.39591,109.774,0.84672,12.849,0.84672,3695.15,0,3.68392,0.00538975,3.45343,1.94076,11.4247,1.01206,15.8014,0.06048,3.68392,0.06048,456.806,0,1.54224,0,0,4.99567,3.45343,1.542240,1,0,127.962,0,0,0,127.962,0
369.987,3.47566,0,0,4.8135,0.294727,0.36288,18.144,61.308,0.0896854,0,0,2.71904,0.210718,2.41864,0.99792,12.849,1,0.120926,0.36288,0,107.916,4.41948,103.739,0.84672,12.849,0.84672,3695.15,0,3.68392,0.00538908,3.63109,1.94075,11.6015,1.09988,16.0681,0.06048,3.68392,0.06048,456.806,0,1.54224,0,0,5.17333,3.63109,1.542240,1,0,122.225,0,0,0,122.225,0
370.25,3.47585,0,0,4.35266,0.250736,0.36288,18.144,61.308,0.0896743,0,0,1.90197,0.196911,1.61538,0.99792,12.849,1,0.12071,0.36288,0,98.5392,4.09238,94.689,0.84672,12.849,0.84672,3695.15,0,3.68392,0.00538842,2.33408,1.94073,8.15884,1.04095,11.3873,0.06048,3.68392,0.06048,456.806,0,1.54224,0,0,3.87632,2.33408,1.542240,1,0,107.692,0,0,0,107.692,0
369.664,3.428,0,0,3.40866,0.203822,0.36288,18.144,61.308,0.0669764,0,0,1.20701,0.224823,0.915209,0.99792,12.849,1,0.118964,0.36288,0,86.3732,5.10058,81.5165,0.84672,12.849,0.84672,3695.15,0,3.68392,0.00402453,1.52442,1.94072,6.1847,1.16853,8.47728,0.06048,3.68392,0.06048,456.806,0,1.54224,0,0,3.06666,1.52442,1.542240,1,0,90.909,0,0,0,90.909,0
368.723,3.4278,0,0,3.053,0.203804,0.36288,18.144,61.308,0.0669655,0,0,1.21031,0.224823,0.91852,0.99792,12.849,1,0.119145,0.36288,0,79.6228,5.10058,74.7659,0.84672,12.849,0.84672,3695.15,0,3.68392,0.00402387,1.52924,1.91239,6.162,1.16853,8.43107,0.06048,3.68392,0.06048,456.806,0,1.54224,0,0,3.07148,1.52924,1.542240,1,0,84.1155,0,0,0,84.1155,0
367.469,3.42748,0,0,2.74067,0.203777,0.36288,18.144,61.308,0.0669545,0,0,1.27676,0.224823,0.984981,0.99792,12.849,1,0.119438,0.36288,0,73.6249,5.10058,68.7677,0.84672,12.849,0.84672,3695.15,0,3.68392,0.00402321,1.61061,1.91238,6.18886,1.16853,8.53929,0.06048,3.68392,0.06048,456.806,0,1.54224,0,0,3.15285,1.61061,1.542240,1,0,78.292,0,0,0,78.292,0
366.456,3.42706,0,0,2.98008,0.20374,0.36288,18.144,61.308,0.0669437,0,0,1.10052,0.224823,0.808753,0.99792,12.849,1,0.119831,0.36288,0,75.9637,5.10058,71.1062,0.84672,12.849,0.84672,3695.15,0,3.68392,0.00402256,1.15281,1.91237,7.58373,1.16853,9.47634,0.06048,3.68392,0.06048,456.806,0,1.54224,0,0,2.69505,1.15281,1.542240,1,0,81.3913,0,0,0,81.3913,0
364.737,3.58927,0,0,2.41063,0.1773,0.36288,18.144,61.308,0.147384,0,0,0.922406,0.237029,0.537994,0.99792,12.849,1,0.12585,0.36288,0,57.1323,4.67586,52.6934,0.84672,12.849,0.84672,3695.15,0,3.68392,0.00885609,1.04205,1.91235,4.73723,1.09246,6.59032,0.06048,3.68392,0.06048,456.806,0,1.54224,0,0,2.58429,1.04205,1.542240,1,0,59.8217,0,0,0,59.8217,0
362.816,3.58867,0,0,2.20818,0.177256,0.36288,18.144,61.308,0.147372,0,0,0.843731,0.237029,0.459329,0.99792,12.849,1,0.126422,0.36288,0,51.264,4.67586,46.8246,0.84672,12.849,0.84672,3695.15,0,3.68392,0.0088554,0.787631,2.01132,4.5249,1.09246,6.22254,0.06048,3.68392,0.06048,456.806,0,1.54224,0,0,2.32987,0.787631,1.542240,1,0,53.5064,0,0,0,53.5064,0
360.78,3.58799,0,0,2.05131,0.136151,0.36288,18.144,61.308,0.14736,0,0,0.807728,0.265359,0.395008,0.99792,12.849,1,0.127067,0.36288,0,45.3574,4.99716,40.5961,0.84672,12.849,0.84672,3695.15,0,3.68392,0.00885471,0.707089,2.01131,4.32049,1.17455,5.85548,0.06048,3.68392,0.06048,456.806,0,1.54224,0,0,2.24933,0.707089,1.542240,1,0,46.8466,0,0,0,46.8466,0
358.632,3.58727,0,0,1.9311,0.129271,0.36288,18.144,61.308,0.147349,0,0,0.771448,0.270081,0.354018,0.99792,12.849,1,0.127759,0.36288,0,44.6921,5.05071,39.8765,0.84672,12.849,0.84672,3695.15,0,3.68392,0.00885401,0.55093,2.01129,4.37628,1.18823,5.74142,0.06048,3.68392,0.06048,456.806,0,1.54224,0,0,2.09317,0.55093,1.542240,1,0,45.972,0,0,0,45.972,0
356.765,3.58651,0,0,2.18878,0.106166,0.36288,18.144,61.308,0.147337,0,0,0.829362,0.264071,0.417954,0.99792,12.849,1,0.128497,0.36288,0,48.5004,5.09413,43.6406,0.84672,12.849,0.84672,3695.15,0,3.68392,0.00885332,0.3874,2.01128,4.63051,1.19543,5.82491,0.06048,3.68392,0.06048,456.806,0,1.54224,0,0,1.92964,0.3874,1.542240,1,0,49.8835,0,0,0,49.8835,0
355.044,3.55372,0,0,2.29197,0.0969137,0.36288,18.144,61.308,0.191541,0,0,0.874083,0.261667,0.420875,0.99792,12.849,1,0.127988,0.36288,0,47.952,5.11151,43.0754,0.84672,12.849,0.84672,3695.15,0,3.68392,0.0115095,0.490363,2.01126,5.1065,1.19831,6.3983,0.06048,3.68392,0.06048,456.806,0,1.54224,0,0,2.0326,0.490363,1.542240,1,0,49.8946,0,0,0,49.8946,0
353.25,3.55309,0,0,2.21905,0.0968896,0.36288,18.144,61.308,0.19153,0,0,0.828982,0.261667,0.375786,0.99792,12.849,1,0.128586,0.36288,0,45.0176,5.11151,40.1404,0.84672,12.849,0.84672,3695.15,0,3.68392,0.0115088,0.487331,2.04209,5.18366,1.19831,6.50326,0.06048,3.68392,0.06048,456.806,0,1.54224,0,0,2.02957,0.487331,1.542240,1,0,47.0194,0,0,0,47.0194,0
351.247,3.55244,0,0,1.97696,0.0651701,0.36288,18.144,61.308,0.191518,0,0,0.803978,0.314733,0.297727,0.99792,12.849,1,0.129215,0.36288,0,42.7131,5.9394,37.0074,0.84672,12.849,0.84672,3695.15,0,3.68392,0.0115081,0.286744,2.04207,5.04116,1.48071,5.87776,0.06048,3.68392,0.06048,456.806,0,1.54224,0,0,1.82898,0.286744,1.542240,1,0,43.1829,0,0,0,43.1829,0
349.055,3.5517,0,0,1.78831,0.0647919,0.36288,18.144,61.308,0.206643,0,0,0.744517,0.316438,0.221436,0.99792,12.849,1,0.129925,0.36288,0,37.9734,6.26079,31.9456,0.84672,12.849,0.84672,3695.15,0,3.68392,0.0124169,0.261274,2.04206,4.56811,1.61152,5.24751,0.06048,3.68392,0.06048,456.806,0,1.52587,0,0,1.78714,0.261274,1.542240,1,0,37.4145,0,0,0,37.4145,0
346.827,3.63376,0,0,1.83073,0.0624085,0.36288,18.144,61.308,0.281541,0,0,0.920376,0.340796,0.298039,0.99792,12.849,1,0.133761,0.36288,0,43.2378,6.04727,37.4196,0.84672,12.849,0.84672,3695.15,0,3.68392,0.0169175,0.261274,2.04204,4.13713,1.56133,4.86219,0.06048,3.68392,0.06048,456.806,0,1.48753,0,0,1.74881,0.261274,1.542240,1,0,42.5798,0,0,0,42.5798,0
344.474,3.6329,0,0,1.70464,0.0623884,0.36288,18.144,61.308,0.230886,0,0,0.798483,0.340796,0.2268,0.99792,12.849,1,0.134589,0.36288,0,36.6103,6.04727,30.7913,0.84672,12.849,0.84672,3695.15,0,3.68392,0.0138737,0.348166,2.09117,4.17527,1.56133,5.0394,0.06048,3.68392,0.06048,456.806,0,1.54224,0,0,1.89041,0.348166,1.542240,1,0,36.0575,0,0,0,36.0575,0
341.992,3.63199,0,0,1.57603,0.0623672,0.36288,18.144,61.308,0.332139,0,0,0.740483,0.340796,0.0675477,0.99792,12.849,1,0.135475,0.36288,0,35.106,6.04727,29.2861,0.84672,12.849,0.84672,3695.15,0,3.68392,0.0199578,0.227405,2.09115,3.63036,1.56133,4.36763,0.06048,3.68392,0.06048,456.806,0,1.43294,0,0,1.66034,0.227405,1.542240,1,0,33.7213,0,0,0,33.7213,0
339.552,3.63101,0,0,1.61107,0.0577001,0.36288,18.144,61.308,0.230862,0,0,0.822329,0.343386,0.248081,0.99792,12.849,1,0.136421,0.36288,0,33.3894,6.12204,27.4938,0.84672,12.849,0.84672,3695.15,0,3.68392,0.0138722,0.342135,2.09114,4.49044,1.57627,5.33357,0.06048,3.68392,0.06048,456.806,0,1.54224,0,0,1.88438,0.342135,1.542240,1,0,33.0754,0,0,0,33.0754,0
336.515,3.87248,0,0,1.23391,0.0356004,0.36288,18.144,61.2638,0.391432,0,0,0.709309,0.362071,0,0.99792,12.849,1,0.146539,0.36288,0,28.7036,5.99064,22.9293,0.84672,12.849,0.84672,3695.15,0,3.68392,0.0235206,0.227405,2.09112,3.9642,1.59865,4.66056,0.06048,3.68392,0.06048,456.806,0,1.52245,0,0,1.74985,0.227405,1.542240,1,0,27.5899,0,0,0,27.5899,0
333.269,3.87118,0,0,1.02437,0.0365476,0.36288,18.144,61.0024,0.515915,0,0,0.616984,0.362494,0,0.99792,12.849,1,0.147811,0.36288,0,24.7511,5.89396,19.0722,0.84672,12.849,0.84672,3695.15,0,3.68392,0.031023,0.227405,2.25751,3.59888,1.58744,4.46532,0.06048,3.68392,0.06048,456.806,0,1.38847,0,0,1.61588,0.227405,1.542240,1,0,23.5375,0,0,0,23.5375,0
330.147,3.86976,0,0,1.14748,0.0365304,0.36288,18.144,60.8209,0.452482,0,0,0.632907,0.361894,0,0.99792,12.849,1,0.149197,0.36288,0,24.6027,5.89396,18.9225,0.84672,12.849,0.84672,3695.15,0,3.68392,0.0273253,0.204422,2.25749,3.85728,1.58744,4.70442,0.06048,3.68392,0.06048,456.806,0,1.45648,0,0,1.6609,0.204422,1.542240,1,0,23.6269,0,0,0,23.6269,0
327.696,3.86838,0,0,1.83643,0.0557784,0.36288,18.144,60.8688,0.372802,0,0,0.777851,0.357201,0,0.99792,12.849,1,0.150553,0.36288,0,40.8727,5.77523,35.3098,0.84672,12.849,0.84672,3695.15,0,3.68392,0.0225806,0.47558,2.25747,4.20477,1.57288,5.34236,0.06048,3.68392,0.06048,456.806,0,1.54224,0,0,2.01782,0.47558,1.542240,1,0,40.6522,0,0,0,40.6522,0
326.151,3.86726,0,0,2.68943,0.00491153,0.36288,18.144,61.053,0.372812,0,0,0.902595,0.345543,0,0.99792,12.849,1,0.151636,0.36288,0,41.5485,5.9508,35.809,0.84672,12.849,0.84672,3695.15,0,3.68392,0.0225634,0.636587,2.25746,5.40503,1.60495,6.67156,0.06048,3.68392,0.06048,456.806,0,1.54224,0,0,2.17883,0.636587,1.542240,1,0,42.4806,0,0,0,42.4806,0
324.396,3.74857,0,0,2.42133,0.0641933,0.36288,18.144,61.308,0.286593,0,0,0.88884,0.277718,0.0695304,0.99792,12.849,1,0.147678,0.36288,0,39.3924,4.39478,35.2129,0.84672,12.849,0.84672,3695.15,0,3.68392,0.017293,1.06276,2.25744,6.64405,1.24181,8.70515,0.06048,3.68392,0.06048,456.806,0,1.54224,0,0,2.605,1.06276,1.542240,1,0,43.9875,0,0,0,43.9875,0
322.833,3.74778,0,0,2.62274,0.0758352,0.36288,18.144,61.308,0.286675,0,0,1.06088,0.282191,0.492014,0.99792,12.849,1,0.148445,0.36288,0,43.2246,4.45987,38.9792,0.84672,12.849,0.84672,3695.15,0,3.68392,0.0172259,1.17141,2.16207,7.61581,1.27909,9.65298,0.06048,3.68392,0.06048,456.806,0,1.54224,0,0,2.71365,1.17141,1.542240,1,0,49.1242,0,0,0,49.1242,0
321.317,3.74706,0,0,2.66994,0.075818,0.36288,18.144,61.308,0.286662,0,0,1.08467,0.282191,0.515821,0.99792,12.849,1,0.149136,0.36288,0,61.4532,4.45987,57.2071,0.84672,12.849,0.84672,3695.15,0,3.68392,0.0172252,1.35589,2.16205,8.20316,1.27909,10.4248,0.06048,3.68392,0.06048,456.806,0,1.54224,0,0,2.89813,1.35589,1.542240,1,0,68.1477,0,0,0,68.1477,0
320.183,3.74635,0,0,3.06893,0.0935951,0.36288,18.144,61.308,0.28665,0,0,1.62483,0.268971,1.06921,0.99792,12.849,1,0.149811,0.36288,0,144.25,4.45745,140.006,0.84672,12.849,0.84672,3695.15,0,3.68392,0.0172244,2.3997,2.16204,11.5462,1.25513,14.8356,0.06048,3.68392,0.06048,456.806,0,1.54224,0,0,3.94194,2.3997,1.542240,1,0,155.91,0,0,0,155.91,0
321.215,3.64905,0,0,5.24457,0.200325,0.36288,18.144,61.308,0.208064,0,0,2.98023,0.18965,2.58252,0.99792,12.849,1,0.146437,0.36288,0,157.491,4.44286,153.264,0.84672,12.849,0.84672,3695.15,0,3.68392,0.0125023,5.81121,2.16202,25.0682,1.1114,31.9175,0.06048,3.68392,0.06048,456.806,0,1.54224,0,0,7.35345,5.81121,1.542240,1,0,187.764,0,0,0,187.764,0
321.53,3.64948,0,0,4.52758,0.200355,0.36288,18.144,61.308,0.208052,0,0,2.3451,0.18965,1.9474,0.99792,12.849,1,0.145984,0.36288,0,131.084,4.44286,126.858,0.84672,12.849,0.84672,3695.15,0,3.68392,0.0125016,3.72782,2.07726,14.7606,1.1114,19.4418,0.06048,3.68392,0.06048,456.806,0,1.54224,0,0,5.27006,3.72782,1.542240,1,0,148.248,0,0,0,148.248,0
320.341,3.64959,0,0,3.02345,0.200364,0.36288,18.144,61.308,0.20804,0,0,1.71493,0.18965,1.31724,0.99792,12.849,1,0.145845,0.36288,0,65.7539,4.44286,61.5281,0.84672,12.849,0.84672,3695.15,0,3.68392,0.0125009,2.60468,2.07725,8.31384,1.1114,11.8719,0.06048,3.68392,0.06048,456.806,0,1.54224,0,0,4.14692,2.60468,1.542240,1,0,74.7172,0,0,0,74.7172,0
320.398,3.64904,0,0,4.26718,0.198453,0.36288,18.144,61.308,0.208028,0,0,2.39126,0.214061,1.96917,0.99792,12.849,1,0.146365,0.36288,0,94.8188,4.4278,90.6075,0.84672,12.849,0.84672,3695.15,0,3.68392,0.0125002,4.54606,2.07723,9.9976,1.14922,15.4592,0.06048,3.68392,0.06048,456.806,0,1.54224,0,0,6.0883,4.54606,1.542240,1,0,108.036,0,0,0,108.036,0
320.821,3.37422,0,0,4.36901,0.208698,0.36288,18.144,61.308,0.0443772,0,0,2.17069,0.169172,1.95714,0.99792,12.849,1,0.135318,0.36288,0,85.6803,3.55681,82.351,0.84672,12.849,0.84672,3695.15,0,3.68392,0.00266657,4.10992,2.07722,12.9365,0.94926,18.1717,0.06048,3.68392,0.06048,456.806,0,1.54224,0,0,5.65216,4.10992,1.542240,1,0,102.48,0,0,0,102.48,0
320.231,3.37437,0,0,3.4099,0.262659,0.36288,18.144,61.308,0.0443664,0,0,1.78534,0.15911,1.58186,0.99792,12.849,1,0.135145,0.36288,0,63.0516,3.53499,59.7444,0.84672,12.849,0.84672,3695.15,0,3.68392,0.00266592,2.66998,1.88643,9.14354,0.849592,12.8477,0.06048,3.68392,0.06048,456.806,0,1.54224,0,0,4.21222,2.66998,1.542240,1,0,74.1739,0,0,0,74.1739,0
319.732,3.37411,0,0,3.50896,0.270312,0.36288,18.144,61.308,0.0443557,0,0,2.41217,0.162463,2.20535,0.99792,12.849,1,0.135383,0.36288,0,65.235,3.55352,61.909,0.84672,12.849,0.84672,3695.15,0,3.68392,0.00266528,5.81294,1.88642,13.3993,0.835021,20.261,0.06048,3.68392,0.06048,456.806,0,1.54224,0,0,7.35518,5.81294,1.542240,1,0,84.3754,0,0,0,84.3754,0
321.127,3.37388,0,0,5.40207,0.270292,0.36288,18.144,61.308,0.0443449,0,0,2.49639,0.162463,2.28958,0.99792,12.849,1,0.135585,0.36288,0,106.983,3.55352,103.657,0.84672,12.849,0.84672,3695.15,0,3.68392,0.00266463,5.65624,1.8864,15.5601,0.835021,22.2651,0.06048,3.68392,0.06048,456.806,0,1.54224,0,0,7.19848,5.65624,1.542240,1,0,128.212,0,0,0,128.212,0
332.833,3.37442,0,0,15.7097,0.266607,0.36288,18.144,61.308,0.0443341,0,0,8.05129,0.203703,7.80325,0.99792,12.849,1,0.135018,0.36288,0,298.144,4.1818,294.19,0.84672,12.849,0.84672,3695.15,0,3.68392,0.00266398,5.43696,1.88639,35.0432,1.00665,41.3573,0.06048,3.68392,0.06048,456.806,0,1.54224,0,0,6.9792,5.43696,1.542240,1,0,343.351,0,0,0,343.351,0
333.909,3.48481,0,0,5.18575,0.262065,0.36288,18.144,61.308,0.0916994,0,0,1.63832,0.258689,1.28793,0.99792,12.849,1,0.134531,0.36288,0,99.2771,5.01952,94.4859,0.84672,12.849,0.84672,3695.15,0,3.68392,0.0055101,1.92465,1.88638,10.2998,1.23548,12.8699,0.06048,3.68392,0.06048,456.806,0,1.54224,0,0,3.46689,1.92465,1.542240,1,0,108.644,0,0,0,108.644,0
333.226,3.48517,0,0,3.42733,0.262106,0.36288,18.144,61.308,0.0916753,0,0,1.87066,0.258689,1.5203,0.99792,12.849,1,0.134111,0.36288,0,75.5888,5.01952,70.798,0.84672,12.849,0.84672,3695.15,0,3.68392,0.00550865,2.21608,1.94668,6.33555,1.23548,9.25732,0.06048,3.68392,0.06048,456.806,0,1.54224,0,0,3.75832,2.21608,1.542240,1,0,81.5756,0,0,0,81.5756,0
341.913,3.48485,0,0,12.7775,0.243056,0.36288,18.144,61.308,0.0916511,0,0,5.12304,0.246646,4.78475,0.99792,12.849,1,0.134374,0.36288,0,228.962,4.3077,224.883,0.84672,12.849,0.84672,3695.15,0,3.68392,0.0055072,9.40514,1.94665,27.1825,1.08966,37.4391,0.06048,3.68392,0.06048,456.806,0,1.54224,0,0,10.9474,9.40514,1.542240,1,0,267.106,0,0,0,267.106,0
344.307,3.48808,0,0,6.48101,0.235743,0.36288,18.144,61.308,0.0916268,0,0,2.99867,0.241828,2.66521,0.99792,12.849,1,0.131081,0.36288,0,121.395,4.02297,117.603,0.84672,12.849,0.84672,3695.15,0,3.68392,0.00550574,4.56416,1.94662,10.9341,1.03133,16.408,0.06048,3.68392,0.06048,456.806,0,1.54224,0,0,6.1064,4.56416,1.542240,1,0,136.677,0,0,0,136.677,0
345.501,3.8292,0,0,5.65185,0.2665,0.36288,18.144,61.308,0.269464,0,0,1.91175,0.264045,1.37824,0.99792,12.849,1,0.1429,0.36288,0,94.6296,4.16882,90.6808,0.84672,12.849,0.84672,3695.15,0,3.68392,0.0161918,2.89547,1.94659,10.0866,1.14354,13.7689,0.06048,3.68392,0.06048,456.806,0,1.54224,0,0,4.43771,2.89547,1.542240,1,0,105.828,0,0,0,105.828,0
346.663,3.82962,0,0,5.62101,0.266546,0.36288,18.144,61.308,0.269437,0,0,2.12134,0.264045,1.58785,0.99792,12.849,1,0.142422,0.36288,0,93.1971,4.16882,89.2487,0.84672,12.849,0.84672,3695.15,0,3.68392,0.0161901,3.84234,2.16184,10.7931,1.14354,15.6375,0.06048,3.68392,0.06048,456.806,0,1.54224,0,0,5.38458,3.84234,1.542240,1,0,106.474,0,0,0,106.474,0
347.195,3.83002,0,0,4.99166,0.26659,0.36288,18.144,61.308,0.26941,0,0,1.61445,0.264045,1.081,0.99792,12.849,1,0.141959,0.36288,0,100.562,4.16882,96.6139,0.84672,12.849,0.84672,3695.15,0,3.68392,0.0161885,1.56345,2.16181,9.48041,1.14354,12.0459,0.06048,3.68392,0.06048,456.806,0,1.54224,0,0,3.10569,1.56345,1.542240,1,0,109.741,0,0,0,109.741,0
349.027,3.83017,0,0,6.35525,0.329544,0.36288,18.144,61.308,0.269383,0,0,1.79283,0.237966,1.28548,0.99792,12.849,1,0.141747,0.36288,0,96.1874,4.33055,92.078,0.84672,12.849,0.84672,3695.15,0,3.68392,0.0161869,2.35238,2.16177,11.1104,1.13903,14.4694,0.06048,3.68392,0.06048,456.806,0,1.54224,0,0,3.89462,2.35238,1.542240,1,0,107.833,0,0,0,107.833,0
349.19,3.34524,0,0,4.15198,0.28114,0.36288,18.144,61.308,0.0306791,0,0,1.81891,0.187412,1.60082,0.99792,12.849,1,0.123151,0.36288,0,132.568,2.89919,129.908,0.84672,12.849,0.84672,3695.15,0,3.68392,0.00184347,2.25513,2.16174,9.69745,0.79116,13.3213,0.06048,3.68392,0.06048,456.806,0,1.54224,0,0,3.79737,2.25513,1.542240,1,0,144.831,0,0,0,144.831,0
349.632,3.34524,0,0,4.43129,0.280961,0.36288,18.144,61.308,0.0306558,0,0,1.46807,0.181643,1.25577,0.99792,12.849,1,0.123093,0.36288,0,99.9588,2.7467,97.4518,0.84672,12.849,0.84672,3695.15,0,3.68392,0.00184207,1.89235,1.86723,7.59767,0.729872,10.6255,0.06048,3.68392,0.06048,456.806,0,1.54224,0,0,3.43459,1.89235,1.542240,1,0,109.333,0,0,0,109.333,0
350.027,3.34534,0,0,4.38335,0.280979,0.36288,18.144,61.308,0.0306327,0,0,1.34729,0.181643,1.13501,0.99792,12.849,1,0.122941,0.36288,0,97.4445,2.7467,94.9378,0.84672,12.849,0.84672,3695.15,0,3.68392,0.00184068,1.63175,1.8672,7.91467,0.729872,10.6819,0.06048,3.68392,0.06048,456.806,0,1.54224,0,0,3.17399,1.63175,1.542240,1,0,106.755,0,0,0,106.755,0
353.05,3.34542,0,0,7.0128,0.280995,0.36288,18.144,61.308,0.0306095,0,0,2.04282,0.181643,1.83057,0.99792,12.849,1,0.122806,0.36288,0,166.654,2.7467,164.148,0.84672,12.849,0.84672,3695.15,0,3.68392,0.00183928,3.3615,1.86717,12.0398,0.729872,16.5367,0.06048,3.68392,0.06048,456.806,0,1.54224,0,0,4.90374,3.3615,1.542240,1,0,182.515,0,0,0,182.515,0
356.089,3.34638,0,0,7.03833,0.289831,0.36288,18.144,61.308,0.0305862,0,0,2.52276,0.164234,2.32794,0.99792,12.849,1,0.121789,0.36288,0,141.736,2.83189,139.145,0.84672,12.849,0.84672,3695.15,0,3.68392,0.00183789,3.77241,1.86714,15.7803,0.745165,20.6728,0.06048,3.68392,0.06048,456.806,0,1.54224,0,0,5.31465,3.77241,1.542240,1,0,162.146,0,0,0,162.146,0
357.245,3.46964,0,0,5.28477,0.296496,0.36288,18.144,61.308,0.0889477,0,0,2.36243,0.151178,2.1223,0.99792,12.849,1,0.125197,0.36288,0,119.675,2.89579,117.017,0.84672,12.849,0.84672,3695.15,0,3.68392,0.00534475,3.12207,1.86712,12.0313,0.756635,16.2585,0.06048,3.68392,0.06048,456.806,0,1.54224,0,0,4.66431,3.12207,1.542240,1,0,135.398,0,0,0,135.398,0
357.128,3.46997,0,0,4.0121,0.296545,0.36288,18.144,61.308,0.0889235,0,0,1.92518,0.151178,1.68508,0.99792,12.849,1,0.124804,0.36288,0,81.3853,2.89579,78.7276,0.84672,12.849,0.84672,3695.15,0,3.68392,0.0053433,2.08869,1.93979,8.68044,0.756635,11.9469,0.06048,3.68392,0.06048,456.806,0,1.54224,0,0,3.63093,2.08869,1.542240,1,0,92.3596,0,0,0,92.3596,0
356.606,3.46988,0,0,3.60767,0.29654,0.36288,18.144,61.308,0.0888994,0,0,1.73219,0.151178,1.49211,0.99792,12.849,1,0.124842,0.36288,0,67.862,2.89579,65.2043,0.84672,12.849,0.84672,3695.15,0,3.68392,0.00534185,1.72542,1.93975,7.15376,0.756635,10.057,0.06048,3.68392,0.06048,456.806,0,1.54224,0,0,3.26766,1.72542,1.542240,1,0,76.7533,0,0,0,76.7533,0
356.035,3.46964,0,0,3.5295,0.26811,0.36288,18.144,61.308,0.0888752,0,0,1.61121,0.16769,1.35465,0.99792,12.849,1,0.125016,0.36288,0,76.5772,3.08277,73.7323,0.84672,12.849,0.84672,3695.15,0,3.68392,0.0053404,2.28633,1.93972,7.25017,0.831993,10.6389,0.06048,3.68392,0.06048,456.806,0,1.54224,0,0,3.82857,2.28633,1.542240,1,0,85.7258,0,0,0,85.7258,0
354.715,3.42158,0,0,2.71239,0.248359,0.36288,18.144,61.308,0.0661765,0,0,1.10732,0.201931,0.839212,0.99792,12.849,1,0.123482,0.36288,0,56.785,3.98128,53.0431,0.84672,12.849,0.84672,3695.15,0,3.68392,0.00397646,0.766014,1.93969,5.67433,0.851051,7.52501,0.06048,3.68392,0.06048,456.806,0,1.54224,0,0,2.30825,0.766014,1.542240,1,0,61.4074,0,0,0,61.4074,0
353.133,3.42108,0,0,2.4508,0.248312,0.36288,18.144,61.308,0.0661528,0,0,1.09186,0.201931,0.823778,0.99792,12.849,1,0.123923,0.36288,0,51.0341,3.98128,47.2917,0.84672,12.849,0.84672,3695.15,0,3.68392,0.00397504,0.767249,1.91137,7.01915,0.851051,8.84274,0.06048,3.68392,0.06048,456.806,0,1.54224,0,0,2.30949,0.767249,1.542240,1,0,56.9583,0,0,0,56.9583,0
352.679,3.42049,0,0,3.5777,0.248255,0.36288,18.144,61.308,0.0661289,0,0,1.27767,0.201931,1.00961,0.99792,12.849,1,0.124457,0.36288,0,60.153,3.98128,56.4101,0.84672,12.849,0.84672,3695.15,0,3.68392,0.0039736,1.03947,1.91133,6.32078,0.851051,8.41656,0.06048,3.68392,0.06048,456.806,0,1.54224,0,0,2.58171,1.03947,1.542240,1,0,65.8363,0,0,0,65.8363,0
351.353,3.42028,0,0,2.66941,0.212116,0.36288,18.144,61.308,0.0661052,0,0,1.16868,0.210857,0.891719,0.99792,12.849,1,0.12461,0.36288,0,58.3791,4.25218,54.3652,0.84672,12.849,0.84672,3695.15,0,3.68392,0.00397218,0.781091,1.9113,5.62861,0.800903,7.51613,0.06048,3.68392,0.06048,456.806,0,1.54224,0,0,2.32333,0.781091,1.542240,1,0,62.773,0,0,0,62.773,0
349.897,3.582,0,0,2.64918,0.160344,0.36288,18.144,61.308,0.146486,0,0,1.17117,0.185266,0.839417,0.99792,12.849,1,0.130994,0.36288,0,47.2605,4.05923,43.4332,0.84672,12.849,0.84672,3695.15,0,3.68392,0.00880217,0.659958,1.91127,4.56407,0.903598,6.2229,0.06048,3.68392,0.06048,456.806,0,1.54224,0,0,2.2022,0.659958,1.542240,1,0,50.4955,0,0,0,50.4955,0
348.188,3.58141,0,0,2.38894,0.154098,0.36288,18.144,61.308,0.2206,0,0,1.00503,0.180406,0.604025,0.99792,12.849,1,0.131517,0.36288,0,41.3199,4.009,37.5422,0.84672,12.849,0.84672,3695.15,0,3.68392,0.0132556,0.402797,2.01017,3.82957,0.924057,5.30522,0.06048,3.68392,0.06048,456.806,0,1.46207,0,0,1.86487,0.402797,1.542240,1,0,43.4515,0,0,0,43.4515,0
346.161,3.58073,0,0,2.07039,0.15406,0.36288,18.144,61.308,0.196114,0,0,0.922605,0.180406,0.546085,0.99792,12.849,1,0.132138,0.36288,0,38.7752,4.009,34.9969,0.84672,12.849,0.84672,3695.15,0,3.68392,0.0117842,0.402797,2.01014,3.87607,0.924057,5.35316,0.06048,3.68392,0.06048,456.806,0,1.4885,0,0,1.8913,0.402797,1.542240,1,0,40.8962,0,0,0,40.8962,0
343.941,3.57993,0,0,1.87715,0.154014,0.36288,18.144,61.308,0.291043,0,0,0.802466,0.180406,0.331017,0.99792,12.849,1,0.132882,0.36288,0,35.7057,4.009,31.9267,0.84672,12.849,0.84672,3695.15,0,3.68392,0.0174884,0.30119,2.01011,3.66507,0.924057,5.03482,0.06048,3.68392,0.06048,456.806,0,1.38602,0,0,1.68721,0.30119,1.542240,1,0,37.2926,0,0,0,37.2926,0
341.574,3.57905,0,0,1.69937,0.123904,0.36288,18.144,61.2742,0.632169,0,0,0.832084,0.233701,0,0.99792,12.849,1,0.133707,0.36288,0,32.4991,4.78123,27.947,0.84672,12.849,0.84672,3695.15,0,3.68392,0.0379862,0.30119,2.01008,3.06196,1.1164,4.21884,0.06048,3.68392,0.06048,456.806,0,1.02043,0,0,1.32162,0.30119,1.542240,1,0,32.1659,0,0,0,32.1659,0
339.098,3.54605,0,0,1.54954,0.117079,0.36288,18.144,60.9089,0.952774,0,0,0.843774,0.256331,0,0.99792,12.849,1,0.133392,0.36288,0,31.5688,5.01806,26.7803,0.84672,12.849,0.84672,3695.15,0,3.68392,0.0572826,0.30119,2.01004,2.8666,1.16723,3.95332,0.06048,3.68392,0.06048,456.806,0,0.727661,0,0,1.02885,0.30119,1.542240,1,0,30.7336,0,0,0,30.7336,0
336.484,3.54505,0,0,1.41127,0.117037,0.36288,18.144,60.5465,0.937574,0,0,0.830935,0.255739,0,0.99792,12.849,1,0.134328,0.36288,0,30.8349,5.01806,26.0454,0.84672,12.849,0.84672,3695.15,0,3.68392,0.0567068,0.30119,2.04083,2.76512,1.16723,3.8832,0.06048,3.68392,0.06048,456.806,0,0.743282,0,0,1.04447,0.30119,1.542240,1,0,29.9286,0,0,0,29.9286,0
333.732,3.54399,0,0,1.27191,0.116993,0.36288,18.144,60.0268,1.0383,0,0,0.773781,0.255152,0,0.99792,12.849,1,0.135331,0.36288,0,28.5793,5.01806,23.7888,0.84672,12.849,0.84672,3695.15,0,3.68392,0.06048,0.261274,2.0408,2.63275,1.16723,3.70711,0.06048,3.68392,0.06048,456.806,0,0.650195,0,0,0.911468,0.261274,1.542240,1,0,27.4959,0,0,0,27.4959,0
330.904,3.54286,0,0,1.17533,0.0982074,0.36288,18.144,59.3698,1.07712,0,0,0.722468,0.302384,0,0.99792,12.849,1,0.136403,0.36288,0,25.5313,5.69088,20.0669,0.84672,12.849,0.84672,3695.15,0,3.68392,0.06048,0.261274,2.04076,2.45256,1.40169,3.29242,0.06048,3.68392,0.06048,456.806,0,0.611349,0,0,0.872623,0.261274,1.542240,1,0,23.3593,0,0,0,23.3593,0
328.004,3.62434,0,0,1.16548,0.0775091,0.36288,18.144,58.6678,1.18926,0,0,0.802924,0.315702,0,0.99792,12.849,1,0.140733,0.36288,0,25.8373,6.04139,20.0181,0.84672,12.849,0.84672,3695.15,0,3.68392,0.06048,0.261274,2.04073,2.12185,1.52327,2.84011,0.06048,3.68392,0.06048,456.806,0,0.541918,0,0,0.803192,0.261274,1.542240,1,0,22.8582,0,0,0,22.8582,0
325.078,3.62308,0,0,1.13684,0.0774765,0.36288,18.144,57.9757,1.11756,0,0,0.739791,0.314284,0,0.99792,12.849,1,0.141928,0.36288,0,25.8042,6.04139,19.9838,0.84672,12.849,0.84672,3695.15,0,3.68392,0.06048,0.261274,2.08981,2.27371,1.52327,3.04104,0.06048,3.68392,0.06048,456.806,0,0.613587,0,0,0.87486,0.261274,1.542240,1,0,23.0248,0,0,0,23.0248,0
322.08,3.6218,0,0,1.06383,0.0774436,0.36288,18.144,57.1925,1.15509,0,0,0.68478,0.312886,0,0.99792,12.849,1,0.143155,0.36288,0,23.2947,6.04139,17.4731,0.84672,12.849,0.84672,3695.15,0,3.68392,0.06048,0.261274,2.08977,2.02926,1.52327,2.79656,0.06048,3.68392,0.06048,456.806,0,0.576029,0,0,0.837302,0.261274,1.542240,1,0,20.2696,0,0,0,20.2696,0
318.995,3.62046,0,0,0.97664,0.0774099,0.36288,18.144,56.3685,1.18995,0,0,0.677255,0.311303,0,0.99792,12.849,1,0.144434,0.36288,0,21.2942,6.04139,15.4713,0.84672,12.849,0.84672,3695.15,0,3.68392,0.06048,0.227405,2.08974,1.98469,1.52327,2.71808,0.06048,3.68392,0.06048,456.806,0,0.54114,0,0,0.768545,0.227405,1.542240,1,0,18.1894,0,0,0,18.1894,0
315.589,3.86076,0,0,0.895329,0.0783796,0.36288,18.144,55.2522,1.41386,0,0,0.607439,0.309905,0,0.99792,12.849,1,0.15551,0.36288,0,18.1097,6.30786,12.0092,0.84672,12.849,0.84672,3695.15,0,3.68392,0.06048,0.227405,2.08971,2.18455,1.55668,2.8845,0.06048,3.68392,0.06048,456.806,0,0.471446,0,0,0.698851,0.227405,1.542240,1,0,14.8937,0,0,0,14.8937,0
312.117,3.85908,0,0,0.835453,0.0852202,0.36288,18.144,54.0249,1.5113,0,0,0.588313,0.304266,0,0.99792,12.849,1,0.15712,0.36288,0,19.3323,6.30976,13.2283,0.84672,12.849,0.84672,3695.15,0,3.68392,0.06048,0.227405,2.25596,1.79124,1.54913,2.665,0.06048,3.68392,0.06048,456.806,0,0.373971,0,0,0.601376,0.227405,1.542240,1,0,15.8933,0,0,0,15.8933,0
308.474,3.85734,0,0,0.66242,0.0851772,0.36288,18.144,52.5037,1.66099,0,0,0.441577,0.301812,0,0.99792,12.849,1,0.158796,0.36288,0,21.2277,6.30976,15.122,0.84672,12.849,0.84672,3695.15,0,3.68392,0.06048,0.227405,2.25593,1.43824,1.54913,2.31196,0.06048,3.68392,0.06048,456.806,0,0.224257,0,0,0.451662,0.227405,1.542240,1,0,17.434,0,0,0,17.434,0
304.976,3.85548,0,0,0.805162,0.0851321,0.36288,18.144,51.5746,1.34079,0,0,0.70993,0.298245,0,0.99792,12.849,1,0.160594,0.36288,0,18.5039,6.30976,12.3965,0.84672,12.849,0.84672,3695.15,0,3.68392,0.06048,0.204422,2.25589,2.07231,1.54913,2.92301,0.06048,3.68392,0.06048,456.806,0,0.544418,0,0,0.748841,0.204422,1.542240,1,0,15.3195,0,0,0,15.3195,0
301.359,3.85365,0,0,0.668909,0.0694133,0.36288,18.144,50.0304,1.65438,0,0,0.429387,0.319168,0,0.99792,12.849,1,0.162359,0.36288,0,16.3375,6.41742,10.1207,0.84672,12.849,0.84672,3695.15,0,3.68392,0.06048,0.204422,2.25585,1.76136,1.56146,2.59969,0.06048,3.68392,0.06048,456.806,0,0.230803,0,0,0.435225,0.204422,1.542240,1,0,12.7203,0,0,0,12.7203,0
297.78,3.7342,0,0,0.650825,0.132383,0.36288,18.144,48.3253,1.73359,0,0,0.328958,0.300517,0,0.99792,12.849,1,0.159215,0.36288,0,12.9473,5.40212,7.74885,0.84672,12.849,0.84672,3695.15,0,3.68392,0.06048,0.204422,2.25582,1.36561,1.3409,2.42448,0.06048,3.68392,0.06048,456.806,0,0.0579511,0,0,0.262373,0.204422,1.542240,1,0,10.1733,0,0,0,10.1733,0
294.238,3.73231,0,0,0.740802,0.187294,0.36288,18.144,46.8819,1.64,0,0,0.475694,0.279067,0,0.99792,12.849,1,0.161046,0.36288,0,12.7537,4.87998,8.07553,0.84672,12.849,0.84672,3695.15,0,3.68392,0.06048,0.204422,2.16049,1.90559,1.24418,2.96585,0.06048,3.68392,0.06048,456.806,0,0.151509,0,0,0.355932,0.204422,1.542240,1,0,11.0414,0,0,0,11.0414,0
290.663,3.73039,0,0,0.70518,0.187197,0.36288,18.144,45.3948,1.67423,0,0,0.462853,0.27572,0,0.99792,12.849,1,0.162901,0.36288,0,16.2347,4.87998,11.5547,0.84672,12.849,0.84672,3695.15,0,3.68392,0.06048,0.216518,2.16046,1.8866,1.24418,2.95893,0.06048,3.68392,0.06048,456.806,0,0.117252,0,0,0.33377,0.216518,1.542240,1,0,14.5137,0,0,0,14.5137,0
287.177,3.72841,0,0,0.792668,0.1871,0.36288,18.144,44.1317,1.59896,0,0,0.607821,0.271981,0,0.99792,12.849,1,0.164817,0.36288,0,32.1917,4.87998,27.5098,0.84672,12.849,0.84672,3695.15,0,3.68392,0.06048,0.216518,2.16043,2.50575,1.24418,3.57803,0.06048,3.68392,0.06048,456.806,0,0.192489,0,0,0.409007,0.216518,1.542240,1,0,31.0878,0,0,0,31.0878,0
283.861,3.63017,0,0,0.904945,0.227968,0.36288,18.144,42.9024,1.33894,0,0,0.347052,0.237404,0,0.99792,12.849,1,0.162423,0.36288,0,19.9897,5.06614,15.124,0.84672,12.849,0.84672,3695.15,0,3.68392,0.06048,0.216518,2.16039,1.54824,1.21157,2.6531,0.06048,3.68392,0.06048,456.806,0,0.367275,0,0,0.583794,0.216518,1.542240,1,0,17.7771,0,0,0,17.7771,0
280.875,3.6283,0,0,1.23325,0.227858,0.36288,18.144,41.9337,1.18907,0,0,0.45501,0.234652,0,0.99792,12.849,1,0.164235,0.36288,0,30.9586,5.06614,26.0911,0.84672,12.849,0.84672,3695.15,0,3.68392,0.06048,0.216518,2.07568,3.07059,1.21157,4.09073,0.06048,3.68392,0.06048,456.806,0,0.517118,0,0,0.733636,0.216518,1.542240,1,0,30.1818,0,0,0,30.1818,0
278.562,3.62657,0,0,1.94213,0.266059,0.36288,18.144,41.3535,1.00963,0,0,0.651523,0.222075,0,0.99792,12.849,1,0.165902,0.36288,0,43.7381,4.7087,39.2264,0.84672,12.849,0.84672,3695.15,0,3.68392,0.06048,0.216518,2.07565,2.85435,1.15966,3.92638,0.06048,3.68392,0.06048,456.806,0,0.696522,0,0,0.913041,0.216518,1.542240,1,0,43.1528,0,0,0,43.1528,0
277.525,3.6252,0,0,3.23272,0.281285,0.36288,18.144,41.115,0.896163,0,0,0.874337,0.216694,0,0.99792,12.849,1,0.167216,0.36288,0,46.1772,4.56572,41.8071,0.84672,12.849,0.84672,3695.15,0,3.68392,0.06048,0.292723,2.07561,4.7548,1.13889,5.92376,0.06048,3.68392,0.06048,456.806,0,0.809965,0,0,1.10269,0.292723,1.542240,1,0,47.7309,0,0,0,47.7309,0
277.935,3.35157,0,0,4.39858,0.274592,0.36288,18.144,40.709,1.08021,0,0,0.870765,0.196517,0,0.99792,12.849,1,0.155173,0.36288,0,104.04,4.06845,100.179,0.84672,12.849,0.84672,3695.15,0,3.68392,0.06048,0.292723,2.07558,4.67271,1.0485,5.93203,0.06048,3.68392,0.06048,456.806,0,0.448441,0,0,0.741164,0.292723,1.542240,1,0,106.111,0,0,0,106.111,0
278.419,3.35174,0,0,4.46513,0.266193,0.36288,18.144,40.4582,0.901528,0,0,0.862764,0.212058,0,0.99792,12.849,1,0.154952,0.36288,0,113.411,4.23423,109.385,0.84672,12.849,0.84672,3695.15,0,3.68392,0.06048,0.292723,1.88493,4.06862,1.03323,5.15256,0.06048,3.68392,0.06048,456.806,0,0.6271,0,0,0.919823,0.292723,1.542240,1,0,114.537,0,0,0,114.537,0
278.042,3.35194,0,0,3.60386,0.266211,0.36288,18.144,40.7624,0.335007,0,0,0.850755,0.21154,0,0.99792,12.849,1,0.154691,0.36288,0,93.5626,4.23423,89.5365,0.84672,12.849,0.84672,3695.15,0,3.68392,0.0305041,0.292723,1.8849,4.91301,1.03323,6.0269,0.06048,3.68392,0.06048,456.806,0,1.21352,0,0,1.50625,0.292723,1.542240,1,0,95.5634,0,0,0,95.5634,0
277.822,3.35169,0,0,3.76062,0.266197,0.36288,18.144,41.4896,0.0414966,0,0,0.98083,0.212169,0,0.99792,12.849,1,0.15489,0.36288,0,100.473,4.23423,96.4466,0.84672,12.849,0.84672,3695.15,0,3.68392,0.00375027,0.417191,1.88487,6.71091,1.03323,7.97599,0.06048,3.68392,0.06048,456.806,0,1.54224,0,0,1.95943,0.417191,1.542240,1,0,104.423,0,0,0,104.423,0
274.108,3.35152,0,0,4.19956e-322,4.94999e-319,0.36288,18.144,39.5486,1.94103,0,0,1.8524e-319,1.21268e-316,0,0.99792,12.6953,1,0.155004,0.36288,0,1.8524e-319,2.7786e-315,3.20544,0.84672,12.6953,0.84672,3692.31,0,3.68392,0.06048,0.412474,1.88484,1.8524e-319,7.19e-316,2.23683,0.06048,3.68392,0.06048,456.806,0,-0.412474,0,0,1.8524e-319,0.412474,1.542240,1,0,5.44227,0,0,0,5.44227,0
