0cont_fund,0ins_pout,0ins_price,0infra_npv,0debt_serv,0gross_rev,0cont_contrib,0drought_cost,0water_price
0,0,0,0,0.000745969,2.27965e+07,-827527,827527,1.21551e+07
0,0,0,0,0,2.27125e+07,-770781,770781,1.21551e+07
0,0,0,0,0,2.27155e+07,-770007,770007,1.21551e+07
0,0,0,0,0,2.27185e+07,-769232,769232,1.21551e+07
0,0,0,0,0,2.5057e+07,-768458,768458,1.21551e+07
0,0,0,0,0,2.43428e+07,-306363,306363,1.21551e+07
0,0,0,0,0,2.43461e+07,-305497,305497,1.21551e+07
0,0,0,0,0,2.43495e+07,-304631,304631,1.21551e+07
0,0,0,0,0,2.11359e+07,-303764,303764,1.21551e+07
0,0,0,0,0,2.19549e+07,-827527,827527,1.21551e+07
0,0,0,0,0,2.1959e+07,-827527,827527,1.21551e+07
0,0,0,0,0,2.19631e+07,-827527,827527,1.21551e+07
0,0,0,0,0,2.19672e+07,-827527,827527,1.21551e+07
0,0,0,0,0,2.27686e+07,-827527,827527,1.21551e+07
0,0,0,0,0,2.26788e+07,-767035,767035,1.21551e+07
0,0,0,0,0,2.26818e+07,-766260,766260,1.21551e+07
0,0,0,0,0,2.26848e+07,-765484,765484,1.21551e+07
0,0,0,0,0,2.2377e+07,-764708,764708,1.21551e+07
0,0,0,0,0,2.24718e+07,-822907,822907,1.21551e+07
0,0,0,0,0,2.24748e+07,-822142,822142,1.21551e+07
0,0,0,0,0,2.24778e+07,-821377,821377,1.21551e+07
0,0,0,0,0,2.35636e+07,-820612,820612,1.21551e+07
0,0,0,0,0,2.32412e+07,-610543,610543,1.21551e+07
0,0,0,0,0,2.32443e+07,-609736,609736,1.21551e+07
0,0,0,0,0,2.32475e+07,-608929,608929,1.21551e+07
0,0,0,0,0,2.32506e+07,-608122,608122,1.21551e+07
0,0,0,0,0,2.3509e+07,-607314,607314,1.21551e+07
0,0,0,0,0,2.3333e+07,-491356,491356,1.21551e+07
0,0,0,0,0,2.33362e+07,-490525,490525,1.21551e+07
0,0,0,0,0,2.33394e+07,-489694,489694,1.21551e+07
0,0,0,0,0,2.38834e+07,-488863,488863,1.21551e+07
0,0,0,0,0,2.37269e+07,-385326,385326,1.21551e+07
0,0,0,0,0,2.37301e+07,-384474,384474,1.21551e+07
0,0,0,0,0,2.37334e+07,-383622,383622,1.21551e+07
0,0,0,0,0,2.55317e+07,-382770,382770,1.21551e+07
0,0,0,0,0,2.49581e+07,-10908.8,10908.8,1.21551e+07
0,0,0,0,0,2.49616e+07,-9982.63,9982.63,1.21551e+07
0,0,0,0,0,2.4965e+07,-9056.49,9056.49,1.21551e+07
0,0,0,0,0,2.45647e+07,-411943,411943,1.21551e+07
0,0,0,0,0,2.3188e+07,-782339,782339,1.21551e+07
0,0,0,0,0,2.35419e+07,-1.00698e+06,1.00698e+06,1.21551e+07
0,0,0,0,0,2.23819e+07,-2.16941e+06,2.16941e+06,1.37461e+07
0,0,0,0,0,2.23849e+07,-2.16891e+06,2.16891e+06,1.37461e+07
0,0,0,0,0,2.15705e+07,-2.09647e+06,2.09647e+06,1.37461e+07
0,0,0,0,0,2.18929e+07,-2.3013e+06,2.3013e+06,1.37461e+07
0,0,0,0,0,2.18957e+07,-2.30082e+06,2.30082e+06,1.37461e+07
0,0,0,0,0,2.18986e+07,-2.30035e+06,2.30035e+06,1.37461e+07
0,0,0,0,0,2.00074e+07,-2.13314e+06,2.13314e+06,1.37461e+07
0,0,0,0,0,2.06282e+07,-2.53003e+06,2.53003e+06,1.37461e+07
0,0,0,0,0,2.0632e+07,-2.53037e+06,2.53037e+06,1.37461e+07
0,0,0,0,0,2.06358e+07,-2.53071e+06,2.53071e+06,1.37461e+07
0,0,0,0,0,2.06397e+07,-2.53105e+06,2.53105e+06,1.37461e+07
0,0,0,8.32589e+07,0.000745969,2.12605e+07,-2.58569e+06,2.58569e+06,1.37461e+07
0,0,0,8.32589e+07,0,2.1113e+07,-2.48879e+06,2.48879e+06,1.37461e+07
0,0,0,8.32589e+07,0,2.11157e+07,-2.48837e+06,2.48837e+06,1.37461e+07
0,0,0,8.32589e+07,0,2.11183e+07,-2.48795e+06,2.48795e+06,1.37461e+07
0,0,0,8.32589e+07,0,2.32896e+07,-2.67842e+06,2.67842e+06,1.37461e+07
0,0,0,8.32589e+07,0,2.3738e+07,-1.04148e+06,1.04148e+06,1.21551e+07
0,0,0,8.32589e+07,0,2.45216e+07,-260320,260320,1.21551e+07
0,0,0,8.32589e+07,0,2.45249e+07,-259469,259469,1.21551e+07
0,0,0,8.32589e+07,0,2.12782e+07,-258618,258618,1.21551e+07
0,0,0,8.32589e+07,0,2.21673e+07,-827527,827527,1.21551e+07
0,0,0,8.32589e+07,0,2.21713e+07,-827527,827527,1.21551e+07
0,0,0,8.32589e+07,0,2.21753e+07,-827527,827527,1.21551e+07
0,0,0,8.32589e+07,0,2.21794e+07,-827527,827527,1.21551e+07
0,0,0,8.32589e+07,0,2.29889e+07,-827527,827527,1.21551e+07
0,0,0,8.32589e+07,0,2.28364e+07,-726788,726788,1.21551e+07
0,0,0,8.32589e+07,0,2.28394e+07,-726027,726027,1.21551e+07
0,0,0,8.32589e+07,0,2.28423e+07,-725266,725266,1.21551e+07
0,0,0,8.32589e+07,0,2.25313e+07,-724504,724504,1.21551e+07
0,0,0,8.32589e+07,0,2.26269e+07,-783320,783320,1.21551e+07
0,0,0,8.32589e+07,0,2.26299e+07,-782569,782569,1.21551e+07
0,0,0,8.32589e+07,0,2.26328e+07,-781818,781818,1.21551e+07
0,0,0,8.32589e+07,0,2.37296e+07,-781067,781067,1.21551e+07
0,0,0,8.32589e+07,0,2.34038e+07,-568874,568874,1.21551e+07
0,0,0,8.32589e+07,0,2.25231e+07,0,0,1.21551e+07
0,0,0,8.32589e+07,0,2.25274e+07,0,0,1.21551e+07
0,0,0,8.32589e+07,0,2.34131e+07,-566497,566497,1.21551e+07
0,0,0,8.32589e+07,0,2.3674e+07,-565704,565704,1.21551e+07
0,0,0,8.32589e+07,0,2.34962e+07,-448588,448588,1.21551e+07
0,0,0,8.32589e+07,0,2.34993e+07,-447772,447772,1.21551e+07
0,0,0,8.32589e+07,0,2.35024e+07,-446957,446957,1.21551e+07
0,0,0,8.32589e+07,0,2.40519e+07,-446141,446141,1.21551e+07
0,0,0,8.32589e+07,0,2.38937e+07,-341575,341575,1.21551e+07
0,0,0,8.32589e+07,0,2.38969e+07,-340739,340739,1.21551e+07
0,0,0,8.32589e+07,0,2.39001e+07,-339903,339903,1.21551e+07
0,0,0,8.32589e+07,0,2.57165e+07,-339066,339066,1.21551e+07
0,0,0,8.32589e+07,0,2.51938e+07,0,0,1.21551e+07
0,0,0,8.32589e+07,0,2.51987e+07,0,0,1.21551e+07
0,0,0,8.32589e+07,0,2.52035e+07,0,0,1.21551e+07
0,0,0,8.32589e+07,0,2.52083e+07,0,0,1.21551e+07
0,0,0,8.32589e+07,0,2.41941e+07,0,0,1.21551e+07
0,0,0,8.32589e+07,0,2.44891e+07,-186601,186601,1.21551e+07
0,0,0,8.32589e+07,0,2.44924e+07,-185735,185735,1.21551e+07
0,0,0,8.32589e+07,0,2.44957e+07,-184869,184869,1.21551e+07
0,0,0,8.32589e+07,0,2.36007e+07,-184002,184002,1.21551e+07
0,0,0,8.32589e+07,0,2.39266e+07,-390550,390550,1.21551e+07
0,0,0,8.32589e+07,0,2.39298e+07,-389722,389722,1.21551e+07
0,0,0,8.32589e+07,0,2.35555e+07,-766365,766365,1.21551e+07
0,0,0,8.32589e+07,0,2.18546e+07,-388067,388067,1.21551e+07
0,0,0,8.32589e+07,0,2.253e+07,-819556,819556,1.21551e+07
0,0,0,8.32589e+07,0,2.25329e+07,-818811,818811,1.21551e+07
0,0,0,8.32589e+07,0,2.21918e+07,-1.16212e+06,1.16212e+06,1.21551e+07
0,0,0,8.32589e+07,0,2.21947e+07,-1.16145e+06,1.16145e+06,1.21551e+07
0,0,0,8.32589e+07,0.000745969,2.28646e+07,-1.17174e+06,1.17174e+06,1.21551e+07
0,0,0,8.32589e+07,0,2.30277e+07,-690532,690532,1.21551e+07
0,0,0,8.32589e+07,0,2.30306e+07,-689788,689788,1.21551e+07
0,0,0,8.32589e+07,0,2.30336e+07,-689043,689043,1.21551e+07
0,0,0,8.32589e+07,0,2.54196e+07,-688298,688298,1.21551e+07
0,0,0,8.32589e+07,0,2.46906e+07,-216811,216811,1.21551e+07
0,0,0,8.32589e+07,0,2.46938e+07,-215978,215978,1.21551e+07
0,0,0,8.32589e+07,0,2.46971e+07,-215145,215145,1.21551e+07
0,0,0,8.32589e+07,0,2.14178e+07,-214312,214312,1.21551e+07
0,0,0,8.32589e+07,0,2.23758e+07,-827527,827527,1.21551e+07
0,0,0,8.32589e+07,0,2.23797e+07,-827527,827527,1.21551e+07
0,0,0,8.32589e+07,0,2.23836e+07,-827527,827527,1.21551e+07
0,0,0,8.32589e+07,0,2.23876e+07,-827527,827527,1.21551e+07
0,0,0,8.32589e+07,0,2.32051e+07,-827527,827527,1.21551e+07
0,0,0,8.32589e+07,0,2.2991e+07,-687301,687301,1.21551e+07
0,0,0,8.32589e+07,0,2.29939e+07,-686555,686555,1.21551e+07
0,0,0,8.32589e+07,0,2.29969e+07,-685810,685810,1.21551e+07
0,0,0,8.32589e+07,0,2.26826e+07,-685064,685064,1.21551e+07
0,0,0,8.32589e+07,0,2.27791e+07,-744487,744487,1.21551e+07
0,0,0,8.32589e+07,0,2.2782e+07,-743752,743752,1.21551e+07
0,0,0,8.32589e+07,0,2.27849e+07,-743017,743017,1.21551e+07
0,0,0,8.32589e+07,0,2.38925e+07,-742281,742281,1.21551e+07
0,0,0,8.32589e+07,0,2.31954e+07,-895995,895995,1.21551e+07
0,0,0,8.32589e+07,0,2.31983e+07,-895288,895288,1.21551e+07
0,0,0,8.32589e+07,0,2.35694e+07,-526456,526456,1.21551e+07
0,0,0,8.32589e+07,0,2.35724e+07,-525680,525680,1.21551e+07
0,0,0,8.32589e+07,0,2.38358e+07,-524903,524903,1.21551e+07
0,0,0,8.32589e+07,0,2.36562e+07,-406654,406654,1.21551e+07
0,0,0,8.32589e+07,0,2.36592e+07,-405855,405855,1.21551e+07
0,0,0,8.32589e+07,0,2.36623e+07,-405056,405056,1.21551e+07
0,0,0,8.32589e+07,0,2.4217e+07,-404257,404257,1.21551e+07
0,0,0,8.32589e+07,0,2.40572e+07,-298686,298686,1.21551e+07
0,0,0,8.32589e+07,0,2.40603e+07,-297867,297867,1.21551e+07
0,0,0,8.32589e+07,0,2.40634e+07,-297048,297048,1.21551e+07
0,0,0,8.32589e+07,0,2.58976e+07,-296229,296229,1.21551e+07
0,0,0,8.32589e+07,0,2.54415e+07,0,0,1.21551e+07
0,0,0,8.32589e+07,0,2.54462e+07,0,0,1.21551e+07
0,0,0,8.32589e+07,0,2.5451e+07,0,0,1.21551e+07
0,0,0,8.32589e+07,0,2.54557e+07,0,0,1.21551e+07
0,0,0,8.32589e+07,0,2.44314e+07,0,0,1.21551e+07
0,0,0,8.32589e+07,0,2.46575e+07,-142422,142422,1.21551e+07
0,0,0,8.32589e+07,0,2.46608e+07,-141574,141574,1.21551e+07
0,0,0,8.32589e+07,0,2.42685e+07,-536273,536273,1.21551e+07
0,0,0,8.32589e+07,0,2.33793e+07,-520821,520821,1.21551e+07
0,0,0,8.32589e+07,0,2.37081e+07,-729487,729487,1.21551e+07
0,0,0,8.32589e+07,0,2.37112e+07,-728748,728748,1.21551e+07
0,0,0,8.32589e+07,0,2.33331e+07,-1.10917e+06,1.10917e+06,1.21551e+07
0,0,0,8.32589e+07,0,2.16494e+07,-693258,693258,1.21551e+07
0,0,0,8.32589e+07,0,2.26785e+07,-781767,781767,1.21551e+07
0,0,0,8.32589e+07,0,2.26814e+07,-781037,781037,1.21551e+07
0,0,0,8.32589e+07,0,2.26843e+07,-780308,780308,1.21551e+07
0,0,0,8.32589e+07,0,2.26871e+07,-779578,779578,1.21551e+07
0,0,0,8.32589e+07,0.000745969,2.33746e+07,-778848,778848,1.21551e+07
0,0,0,8.32589e+07,0,2.31806e+07,-651603,651603,1.21551e+07
0,0,0,8.32589e+07,0,2.31835e+07,-650875,650875,1.21551e+07
0,0,0,8.32589e+07,0,2.31864e+07,-650147,650147,1.21551e+07
0,0,0,8.32589e+07,0,2.55955e+07,-649419,649419,1.21551e+07
0,0,0,8.32589e+07,0,2.48592e+07,-173379,173379,1.21551e+07
0,0,0,8.32589e+07,0,2.48624e+07,-172565,172565,1.21551e+07
0,0,0,8.32589e+07,0,2.48656e+07,-171751,171751,1.21551e+07
0,0,0,8.32589e+07,0,2.15545e+07,-170936,170936,1.21551e+07
0,0,0,8.32589e+07,0,2.25502e+07,-808455,808455,1.21551e+07
0,0,0,8.32589e+07,0,2.25529e+07,-807755,807755,1.21551e+07
0,0,0,8.32589e+07,0,2.25557e+07,-807055,807055,1.21551e+07
0,0,0,8.32589e+07,0,2.25584e+07,-806354,806354,1.21551e+07
0,0,0,8.32589e+07,0,2.33826e+07,-805654,805654,1.21551e+07
0,0,0,8.32589e+07,0,2.31424e+07,-648653,648653,1.21551e+07
0,0,0,8.32589e+07,0,2.31452e+07,-647924,647924,1.21551e+07
0,0,0,8.32589e+07,0,2.31481e+07,-647195,647195,1.21551e+07
0,0,0,8.32589e+07,0,2.28307e+07,-646466,646466,1.21551e+07
0,0,0,8.32589e+07,0,2.2928e+07,-706486,706486,1.21551e+07
0,0,0,8.32589e+07,0,2.29309e+07,-705768,705768,1.21551e+07
0,0,0,8.32589e+07,0,2.29337e+07,-705049,705049,1.21551e+07
0,0,0,8.32589e+07,0,2.40518e+07,-704330,704330,1.21551e+07
0,0,0,8.32589e+07,0,2.37194e+07,-488022,488022,1.21551e+07
0,0,0,8.32589e+07,0,2.37224e+07,-487264,487264,1.21551e+07
0,0,0,8.32589e+07,0,2.37254e+07,-486506,486506,1.21551e+07
0,0,0,8.32589e+07,0,2.37283e+07,-485747,485747,1.21551e+07
0,0,0,8.32589e+07,0,2.39941e+07,-484989,484989,1.21551e+07
0,0,0,8.32589e+07,0,2.38126e+07,-365632,365632,1.21551e+07
0,0,0,8.32589e+07,0,2.38156e+07,-364851,364851,1.21551e+07
0,0,0,8.32589e+07,0,2.38186e+07,-364071,364071,1.21551e+07
0,0,0,8.32589e+07,0,2.43786e+07,-363290,363290,1.21551e+07
0,0,0,8.32589e+07,0,2.42171e+07,-256736,256736,1.21551e+07
0,0,0,8.32589e+07,0,2.42201e+07,-255936,255936,1.21551e+07
0,0,0,8.32589e+07,0,2.42232e+07,-255135,255135,1.21551e+07
0,0,0,8.32589e+07,0,2.60748e+07,-254335,254335,1.21551e+07
0,0,0,8.32589e+07,0,2.56837e+07,0,0,1.21551e+07
0,0,0,8.32589e+07,0,2.52727e+07,-415665,415665,1.21551e+07
0,0,0,8.32589e+07,0,2.52772e+07,-415740,415740,1.21551e+07
0,0,0,8.32589e+07,0,2.52818e+07,-415815,415815,1.21551e+07
0,0,0,8.32589e+07,0,2.42643e+07,-399080,399080,1.21551e+07
0,0,0,8.32589e+07,0,2.28265e+07,-2.09499e+06,2.09499e+06,1.37461e+07
0,0,0,8.32589e+07,0,2.28293e+07,-2.09452e+06,2.09452e+06,1.37461e+07
0,0,0,8.32589e+07,0,2.28321e+07,-2.09405e+06,2.09405e+06,1.37461e+07
0,0,0,8.32589e+07,0,2.19933e+07,-2.0195e+06,2.0195e+06,1.37461e+07
0,0,0,8.32589e+07,0,2.23249e+07,-2.23045e+06,2.23045e+06,1.37461e+07
0,0,0,8.32589e+07,0,2.23276e+07,-2.23e+06,2.23e+06,1.37461e+07
0,0,0,8.32589e+07,0,2.23303e+07,-2.22956e+06,2.22956e+06,1.37461e+07
0,0,0,8.32589e+07,0,2.03829e+07,-2.05745e+06,2.05745e+06,1.37461e+07
0,0,0,8.32589e+07,0,2.10709e+07,-2.49763e+06,2.49763e+06,1.37461e+07
0,0,0,8.32589e+07,0,2.10734e+07,-2.49724e+06,2.49724e+06,1.37461e+07
0,0,0,8.32589e+07,0,2.10759e+07,-2.49684e+06,2.49684e+06,1.37461e+07
0,0,0,8.32589e+07,0,2.10784e+07,-2.49645e+06,2.49645e+06,1.37461e+07
0,0,0,8.32589e+07,0.000745969,2.1716e+07,-2.55196e+06,2.55196e+06,1.37461e+07
0,0,0,8.32589e+07,0,2.15198e+07,-2.42386e+06,2.42386e+06,1.37461e+07
0,0,0,8.32589e+07,0,2.15223e+07,-2.42346e+06,2.42346e+06,1.37461e+07
0,0,0,8.32589e+07,0,2.15247e+07,-2.42307e+06,2.42307e+06,1.37461e+07
0,0,0,8.32589e+07,0,2.37595e+07,-2.61918e+06,2.61918e+06,1.37461e+07
0,0,0,8.32589e+07,0,2.3016e+07,-2.13904e+06,2.13904e+06,1.37461e+07
0,0,0,8.32589e+07,0,2.30187e+07,-2.13859e+06,2.13859e+06,1.37461e+07
0,0,0,8.32589e+07,0,2.30214e+07,-2.13815e+06,2.13815e+06,1.37461e+07
0,0,0,8.32589e+07,0,2.13403e+07,-476257,476257,1.21551e+07
0,0,0,8.32589e+07,0,2.19974e+07,-1.4676e+06,1.4676e+06,1.21551e+07
0,0,0,8.32589e+07,0,2.26956e+07,-771394,771394,1.21551e+07
0,0,0,8.32589e+07,0,2.26983e+07,-770711,770711,1.21551e+07
0,0,0,8.32589e+07,0,2.23531e+07,-1.11797e+06,1.11797e+06,1.21551e+07
0,0,0,8.32589e+07,0,2.35328e+07,-769345,769345,1.21551e+07
0,0,0,8.32589e+07,0,2.32902e+07,-610901,610901,1.21551e+07
0,0,0,8.32589e+07,0,2.3293e+07,-610190,610190,1.21551e+07
0,0,0,8.32589e+07,0,2.32957e+07,-609479,609479,1.21551e+07
0,0,0,8.32589e+07,0,2.29754e+07,-608768,608768,1.21551e+07
0,0,0,8.32589e+07,0,2.30735e+07,-669371,669371,1.21551e+07
0,0,0,8.32589e+07,0,2.30762e+07,-668670,668670,1.21551e+07
0,0,0,8.32589e+07,0,2.3079e+07,-667969,667969,1.21551e+07
0,0,0,8.32589e+07,0,2.42074e+07,-667268,667268,1.21551e+07
0,0,0,8.32589e+07,0,2.34969e+07,-823943,823943,1.21551e+07
0,0,0,8.32589e+07,0,2.34997e+07,-823269,823269,1.21551e+07
0,0,0,8.32589e+07,0,2.38776e+07,-447495,447495,1.21551e+07
0,0,0,8.32589e+07,0,2.38805e+07,-446755,446755,1.21551e+07
0,0,0,8.32589e+07,0,2.41487e+07,-446015,446015,1.21551e+07
0,0,0,8.32589e+07,0,2.39654e+07,-325579,325579,1.21551e+07
0,0,0,8.32589e+07,0,2.39683e+07,-324817,324817,1.21551e+07
0,0,0,8.32589e+07,0,2.39712e+07,-324056,324056,1.21551e+07
0,0,0,8.32589e+07,0,2.45363e+07,-323294,323294,1.21551e+07
0,0,0,8.32589e+07,0,2.43732e+07,-215782,215782,1.21551e+07
0,0,0,8.32589e+07,0,2.43762e+07,-215002,215002,1.21551e+07
0,0,0,8.32589e+07,0,2.43792e+07,-214221,214221,1.21551e+07
0,0,0,8.32589e+07,0,2.62477e+07,-213440,213440,1.21551e+07
0,0,0,8.32589e+07,0,2.59201e+07,0,0,1.21551e+07
0,0,0,8.32589e+07,0,2.55051e+07,-419488,419488,1.21551e+07
0,0,0,8.32589e+07,0,2.55096e+07,-419561,419561,1.21551e+07
0,0,0,8.32589e+07,0,2.5514e+07,-419635,419635,1.21551e+07
0,0,0,8.32589e+07,0,2.28761e+07,-2.01372e+06,2.01372e+06,1.37461e+07
0,0,0,8.32589e+07,0,2.29689e+07,-2.07114e+06,2.07114e+06,1.37461e+07
0,0,0,8.32589e+07,0,2.29716e+07,-2.07068e+06,2.07068e+06,1.37461e+07
0,0,0,8.32589e+07,0,2.29743e+07,-2.07023e+06,2.07023e+06,1.37461e+07
0,0,0,8.32589e+07,0,2.21278e+07,-1.99501e+06,1.99501e+06,1.37461e+07
0,0,0,8.32589e+07,0,2.24624e+07,-2.2079e+06,2.2079e+06,1.37461e+07
0,0,0,8.32589e+07,0,2.2465e+07,-2.20747e+06,2.20747e+06,1.37461e+07
0,0,0,8.32589e+07,0,2.24677e+07,-2.20704e+06,2.20704e+06,1.37461e+07
0,0,0,8.32589e+07,0,2.05024e+07,-2.03337e+06,2.03337e+06,1.37461e+07
0,0,0,8.32589e+07,0,2.11965e+07,-2.47759e+06,2.47759e+06,1.37461e+07
0,0,0,8.32589e+07,0,2.1199e+07,-2.47721e+06,2.47721e+06,1.37461e+07
0,0,0,8.32589e+07,0,2.12014e+07,-2.47682e+06,2.47682e+06,1.37461e+07
0,0,0,8.32589e+07,0,2.12038e+07,-2.47643e+06,2.47643e+06,1.37461e+07
0,0,0,8.32589e+07,0,2.29431e+07,-1.43659e+06,1.43659e+06,1.21551e+07
0,0,0,8.32589e+07,7.86998e+06,2.31358e+07,-1.55823e+06,1.55823e+06,1.21551e+07
0,0,0,8.32589e+07,0,2.31395e+07,-1.55835e+06,1.55835e+06,1.21551e+07
0,0,0,8.32589e+07,0,2.20467e+07,-2.6549e+06,2.6549e+06,1.37461e+07
0,0,0,8.32589e+07,0,2.43028e+07,-2.8535e+06,2.8535e+06,1.37461e+07
0,0,0,8.32589e+07,0,2.43067e+07,-2.85384e+06,2.85384e+06,1.37461e+07
0,0,0,8.32589e+07,0,2.55265e+07,-1.63819e+06,1.63819e+06,1.21551e+07
0,0,0,8.32589e+07,0,2.43144e+07,-2.85452e+06,2.85452e+06,1.37461e+07
0,0,0,8.32589e+07,0,2.12158e+07,-2.58176e+06,2.58176e+06,1.37461e+07
0,0,0,8.32589e+07,0,2.12191e+07,-2.58205e+06,2.58205e+06,1.37461e+07
0,0,0,8.32589e+07,0,2.12225e+07,-2.58235e+06,2.58235e+06,1.37461e+07
0,0,0,8.32589e+07,0,2.12258e+07,-2.58264e+06,2.58264e+06,1.37461e+07
0,0,0,8.32589e+07,0,2.12292e+07,-2.58294e+06,2.58294e+06,1.37461e+07
0,0,0,8.32589e+07,0,2.20015e+07,-2.65092e+06,2.65092e+06,1.37461e+07
0,0,0,8.32589e+07,0,2.20049e+07,-2.65123e+06,2.65123e+06,1.37461e+07
0,0,0,8.32589e+07,0,2.20084e+07,-2.65153e+06,2.65153e+06,1.37461e+07
0,0,0,8.32589e+07,0,2.34714e+07,-1.19239e+06,1.19239e+06,1.21551e+07
0,0,0,8.32589e+07,0,2.31543e+07,-1.18717e+06,1.18717e+06,1.21551e+07
0,0,0,8.32589e+07,0,2.3158e+07,-1.18724e+06,1.18724e+06,1.21551e+07
0,0,0,8.32589e+07,0,2.35214e+07,-827527,827527,1.21551e+07
0,0,0,8.32589e+07,0,2.35252e+07,-827527,827527,1.21551e+07
0,0,0,8.32589e+07,0,2.42864e+07,-1.2058e+06,1.2058e+06,1.21551e+07
0,0,0,8.32589e+07,0,2.46686e+07,-827527,827527,1.21551e+07
0,0,0,8.32589e+07,0,2.42942e+07,-1.20592e+06,1.20592e+06,1.21551e+07
0,0,0,8.32589e+07,0,2.46765e+07,-827527,827527,1.21551e+07
0,0,0,8.32589e+07,0,2.46804e+07,-827527,827527,1.21551e+07
0,0,0,8.32589e+07,0,2.4952e+07,-827527,827527,1.21551e+07
0,0,0,8.32589e+07,0,2.4956e+07,-827527,827527,1.21551e+07
0,0,0,8.32589e+07,0,2.496e+07,-827527,827527,1.21551e+07
0,0,0,8.32589e+07,0,2.4964e+07,-827527,827527,1.21551e+07
0,0,0,8.32589e+07,0,2.55351e+07,-827527,827527,1.21551e+07
0,0,0,8.32589e+07,0,2.55392e+07,-827527,827527,1.21551e+07
0,0,0,8.32589e+07,0,2.55433e+07,-827527,827527,1.21551e+07
0,0,0,8.32589e+07,0,2.55474e+07,-827527,827527,1.21551e+07
0,0,0,8.32589e+07,0,2.74336e+07,-827527,827527,1.21551e+07
0,0,0,8.32589e+07,0,2.73463e+07,-768565,768565,1.21551e+07
0,0,0,8.32589e+07,0,2.73494e+07,-767739,767739,1.21551e+07
0,0,0,8.32589e+07,0,2.73525e+07,-766912,766912,1.21551e+07
0,0,0,8.32589e+07,0,2.73556e+07,-766085,766085,1.21551e+07
0,0,0,8.32589e+07,0,2.63011e+07,-765258,765258,1.21551e+07
0,0,0,8.32589e+07,0,2.64022e+07,-827527,827527,1.21551e+07
0,0,0,8.32589e+07,0,2.64064e+07,-827527,827527,1.21551e+07
0,0,0,8.32589e+07,0,2.64106e+07,-827527,827527,1.21551e+07
0,0,0,8.32589e+07,0,2.46997e+07,-1.61054e+06,1.61054e+06,1.21551e+07
0,0,0,8.32589e+07,0,2.35289e+07,-2.78538e+06,2.78538e+06,1.37461e+07
0,0,0,8.32589e+07,0,2.50992e+07,-1.21916e+06,1.21916e+06,1.21551e+07
0,0,0,8.32589e+07,0,2.51032e+07,-1.21923e+06,1.21923e+06,1.21551e+07
0,0,0,8.32589e+07,0,2.3339e+07,-827527,827527,1.21551e+07
0,0,0,8.32589e+07,0,2.33427e+07,-827527,827527,1.21551e+07
0,0,0,8.32589e+07,0,2.33464e+07,-827527,827527,1.21551e+07
0,0,0,8.32589e+07,0,2.33501e+07,-827527,827527,1.21551e+07
0,0,0,8.32589e+07,0,2.33538e+07,-827527,827527,1.21551e+07
0,0,0,8.32589e+07,0,2.33538e+07,-827527,827527,1.21551e+07
0,0,0,8.32589e+07,7.86998e+06,2.4061e+07,-827527,827527,1.21551e+07
0,0,0,8.32589e+07,0,2.40647e+07,-827527,827527,1.21551e+07
0,0,0,8.32589e+07,0,2.40684e+07,-827527,827527,1.21551e+07
0,0,0,8.32589e+07,0,2.40721e+07,-827527,827527,1.21551e+07
0,0,0,8.32589e+07,0,2.65482e+07,-827527,827527,1.21551e+07
0,0,0,8.32589e+07,0,2.65523e+07,-827527,827527,1.21551e+07
0,0,0,8.32589e+07,0,2.65564e+07,-827527,827527,1.21551e+07
0,0,0,8.32589e+07,0,2.65605e+07,-827527,827527,1.21551e+07
0,0,0,8.32589e+07,0,2.31595e+07,-827527,827527,1.21551e+07
0,0,0,8.32589e+07,0,2.3163e+07,-827527,827527,1.21551e+07
0,0,0,8.32589e+07,0,2.31666e+07,-827527,827527,1.21551e+07
0,0,0,8.32589e+07,0,2.31701e+07,-827527,827527,1.21551e+07
0,0,0,8.32589e+07,0,2.31737e+07,-827527,827527,1.21551e+07
0,0,0,8.32589e+07,0,2.40211e+07,-827527,827527,1.21551e+07
0,0,0,8.32589e+07,0,2.36569e+07,-1.19544e+06,1.19544e+06,1.21551e+07
0,0,0,8.32589e+07,0,2.36605e+07,-1.1955e+06,1.1955e+06,1.21551e+07
0,0,0,8.32589e+07,0,2.36641e+07,-1.19556e+06,1.19556e+06,1.21551e+07
0,0,0,8.32589e+07,0,2.33442e+07,-1.1903e+06,1.1903e+06,1.21551e+07
0,0,0,8.32589e+07,0,2.33477e+07,-1.19036e+06,1.19036e+06,1.21551e+07
0,0,0,8.32589e+07,0,2.33513e+07,-1.19042e+06,1.19042e+06,1.21551e+07
0,0,0,8.32589e+07,0,2.37179e+07,-827527,827527,1.21551e+07
0,0,0,8.32589e+07,0,2.48671e+07,-827527,827527,1.21551e+07
0,0,0,8.32589e+07,0,2.48709e+07,-827527,827527,1.21551e+07
0,0,0,8.32589e+07,0,2.48748e+07,-827527,827527,1.21551e+07
0,0,0,8.32589e+07,0,2.48786e+07,-827527,827527,1.21551e+07
0,0,0,8.32589e+07,0,2.48824e+07,-827527,827527,1.21551e+07
0,0,0,8.32589e+07,0,2.51562e+07,-827527,827527,1.21551e+07
0,0,0,8.32589e+07,0,2.51601e+07,-827527,827527,1.21551e+07
0,0,0,8.32589e+07,0,2.5164e+07,-827527,827527,1.21551e+07
0,0,0,8.32589e+07,0,2.51679e+07,-827527,827527,1.21551e+07
0,0,0,8.32589e+07,0,2.57438e+07,-827527,827527,1.21551e+07
0,0,0,8.32589e+07,0,2.57477e+07,-827527,827527,1.21551e+07
0,0,0,8.32589e+07,0,2.57517e+07,-827527,827527,1.21551e+07
0,0,0,8.32589e+07,0,2.57557e+07,-827527,827527,1.21551e+07
0,0,0,8.32589e+07,0,2.76579e+07,-827527,827527,1.21551e+07
0,0,0,8.32589e+07,0,2.7505e+07,-726461,726461,1.21551e+07
0,0,0,8.32589e+07,0,2.7508e+07,-725657,725657,1.21551e+07
0,0,0,8.32589e+07,0,2.75111e+07,-724853,724853,1.21551e+07
0,0,0,8.32589e+07,0,2.75141e+07,-724049,724049,1.21551e+07
0,0,0,8.32589e+07,0,2.64504e+07,-723244,723244,1.21551e+07
0,0,0,8.32589e+07,0,2.62069e+07,-1.23738e+06,1.23738e+06,1.21551e+07
0,0,0,8.32589e+07,0,2.62109e+07,-1.23745e+06,1.23745e+06,1.21551e+07
0,0,0,8.32589e+07,0,2.6215e+07,-1.23751e+06,1.23751e+06,1.21551e+07
0,0,0,8.32589e+07,0,2.52941e+07,-1.22237e+06,1.22237e+06,1.21551e+07
0,0,0,8.32589e+07,0,2.5298e+07,-1.22243e+06,1.22243e+06,1.21551e+07
0,0,0,8.32589e+07,0,2.3722e+07,-2.80238e+06,2.80238e+06,1.37461e+07
0,0,0,8.32589e+07,0,2.49108e+07,-1.6176e+06,1.6176e+06,1.21551e+07
0,0,0,8.32589e+07,0,2.28067e+07,-1.54723e+06,1.54723e+06,1.21551e+07
0,0,0,8.32589e+07,0,2.31701e+07,-1.18744e+06,1.18744e+06,1.21551e+07
0,0,0,8.32589e+07,0,2.28137e+07,-1.54746e+06,1.54746e+06,1.21551e+07
0,0,0,8.32589e+07,0,2.35373e+07,-827527,827527,1.21551e+07
0,0,0,8.32589e+07,0,2.35409e+07,-827527,827527,1.21551e+07
0,0,0,1.63728e+08,7.86998e+06,2.42539e+07,-827527,827527,1.21551e+07
0,0,0,1.63728e+08,0,2.42575e+07,-827527,827527,1.21551e+07
0,0,0,1.63728e+08,0,2.42611e+07,-827527,827527,1.21551e+07
0,0,0,1.63728e+08,0,2.42647e+07,-827527,827527,1.21551e+07
0,0,0,1.63728e+08,0,2.67615e+07,-827527,827527,1.21551e+07
0,0,0,1.63728e+08,0,2.67655e+07,-827527,827527,1.21551e+07
0,0,0,1.63728e+08,0,2.67695e+07,-827527,827527,1.21551e+07
0,0,0,1.63728e+08,0,2.67734e+07,-827527,827527,1.21551e+07
0,0,0,1.63728e+08,0,2.33437e+07,-827527,827527,1.21551e+07
0,0,0,1.63728e+08,0,2.33471e+07,-827527,827527,1.21551e+07
0,0,0,1.63728e+08,0,2.29935e+07,-1.18453e+06,1.18453e+06,1.21551e+07
0,0,0,1.63728e+08,0,2.29969e+07,-1.18459e+06,1.18459e+06,1.21551e+07
0,0,0,1.63728e+08,0,2.30003e+07,-1.18464e+06,1.18464e+06,1.21551e+07
0,0,0,1.63728e+08,0,2.38409e+07,-1.19847e+06,1.19847e+06,1.21551e+07
0,0,0,1.63728e+08,0,2.38444e+07,-1.19853e+06,1.19853e+06,1.21551e+07
0,0,0,1.63728e+08,0,2.38479e+07,-1.19858e+06,1.19858e+06,1.21551e+07
0,0,0,1.63728e+08,0,2.38515e+07,-1.19864e+06,1.19864e+06,1.21551e+07
0,0,0,1.63728e+08,0,2.35287e+07,-1.19333e+06,1.19333e+06,1.21551e+07
0,0,0,1.63728e+08,0,2.35322e+07,-1.19339e+06,1.19339e+06,1.21551e+07
0,0,0,1.63728e+08,0,2.35356e+07,-1.19345e+06,1.19345e+06,1.21551e+07
0,0,0,1.63728e+08,0,2.35391e+07,-1.1935e+06,1.1935e+06,1.21551e+07
0,0,0,1.63728e+08,0,2.50638e+07,-827527,827527,1.21551e+07
0,0,0,1.63728e+08,0,2.50675e+07,-827527,827527,1.21551e+07
0,0,0,1.63728e+08,0,2.50712e+07,-827527,827527,1.21551e+07
0,0,0,1.63728e+08,0,2.50749e+07,-827527,827527,1.21551e+07
0,0,0,1.63728e+08,0,2.50787e+07,-827527,827527,1.21551e+07
0,0,0,1.63728e+08,0,2.53546e+07,-827527,827527,1.21551e+07
0,0,0,1.63728e+08,0,2.53584e+07,-827527,827527,1.21551e+07
0,0,0,1.63728e+08,0,2.53621e+07,-827527,827527,1.21551e+07
0,0,0,1.63728e+08,0,2.53659e+07,-827527,827527,1.21551e+07
0,0,0,1.63728e+08,0,2.59464e+07,-827527,827527,1.21551e+07
0,0,0,1.63728e+08,0,2.59503e+07,-827527,827527,1.21551e+07
0,0,0,1.63728e+08,0,2.59541e+07,-827527,827527,1.21551e+07
0,0,0,1.63728e+08,0,2.5958e+07,-827527,827527,1.21551e+07
0,0,0,1.63728e+08,0,2.78758e+07,-827527,827527,1.21551e+07
0,0,0,1.63728e+08,0,2.76591e+07,-685570,685570,1.21551e+07
0,0,0,1.63728e+08,0,2.7662e+07,-684790,684790,1.21551e+07
0,0,0,1.63728e+08,0,2.7665e+07,-684010,684010,1.21551e+07
0,0,0,1.63728e+08,0,2.76679e+07,-683230,683230,1.21551e+07
0,0,0,1.63728e+08,0,2.65954e+07,-682450,682450,1.21551e+07
0,0,0,1.63728e+08,0,2.68251e+07,-827527,827527,1.21551e+07
0,0,0,1.63728e+08,0,2.68291e+07,-827527,827527,1.21551e+07
0,0,0,1.63728e+08,0,2.68331e+07,-827527,827527,1.21551e+07
0,0,0,1.63728e+08,0,2.58892e+07,-827527,827527,1.21551e+07
0,0,0,1.63728e+08,0,2.54949e+07,-1.22567e+06,1.22567e+06,1.21551e+07
0,0,0,1.63728e+08,0,2.58969e+07,-827527,827527,1.21551e+07
0,0,0,1.63728e+08,0,2.59007e+07,-827527,827527,1.21551e+07
0,0,0,1.63728e+08,0,2.37084e+07,-827527,827527,1.21551e+07
0,0,0,1.63728e+08,0,2.37119e+07,-827527,827527,1.21551e+07
0,0,0,1.63728e+08,0,2.37154e+07,-827527,827527,1.21551e+07
0,0,0,1.63728e+08,0,2.37189e+07,-827527,827527,1.21551e+07
0,0,0,1.63728e+08,0,2.37224e+07,-827527,827527,1.21551e+07
0,0,0,1.63728e+08,7.86998e+06,2.40665e+07,-1.20218e+06,1.20218e+06,1.21551e+07
0,0,0,1.63728e+08,0,2.40699e+07,-1.20223e+06,1.20223e+06,1.21551e+07
0,0,0,1.63728e+08,0,2.40733e+07,-1.20229e+06,1.20229e+06,1.21551e+07
0,0,0,1.63728e+08,0,2.40767e+07,-1.20235e+06,1.20235e+06,1.21551e+07
0,0,0,1.63728e+08,0,2.61374e+07,-1.65862e+06,1.65862e+06,1.21551e+07
0,0,0,1.63728e+08,0,2.61412e+07,-1.65874e+06,1.65874e+06,1.21551e+07
0,0,0,1.63728e+08,0,2.65606e+07,-1.2432e+06,1.2432e+06,1.21551e+07
0,0,0,1.63728e+08,0,2.65644e+07,-1.24326e+06,1.24326e+06,1.21551e+07
0,0,0,1.63728e+08,0,2.31626e+07,-1.18731e+06,1.18731e+06,1.21551e+07
0,0,0,1.63728e+08,0,2.31659e+07,-1.18736e+06,1.18736e+06,1.21551e+07
0,0,0,1.63728e+08,0,2.31691e+07,-1.18742e+06,1.18742e+06,1.21551e+07
0,0,0,1.63728e+08,0,2.31724e+07,-1.18747e+06,1.18747e+06,1.21551e+07
0,0,0,1.63728e+08,0,2.31757e+07,-1.18753e+06,1.18753e+06,1.21551e+07
0,0,0,1.63728e+08,0,2.40229e+07,-1.20146e+06,1.20146e+06,1.21551e+07
0,0,0,1.63728e+08,0,2.40264e+07,-1.20152e+06,1.20152e+06,1.21551e+07
0,0,0,1.63728e+08,0,2.40298e+07,-1.20157e+06,1.20157e+06,1.21551e+07
0,0,0,1.63728e+08,0,2.40332e+07,-1.20163e+06,1.20163e+06,1.21551e+07
0,0,0,1.63728e+08,0,2.37077e+07,-1.19628e+06,1.19628e+06,1.21551e+07
0,0,0,1.63728e+08,0,2.3711e+07,-1.19633e+06,1.19633e+06,1.21551e+07
0,0,0,1.63728e+08,0,2.37144e+07,-1.19639e+06,1.19639e+06,1.21551e+07
0,0,0,1.63728e+08,0,2.37178e+07,-1.19644e+06,1.19644e+06,1.21551e+07
0,0,0,1.63728e+08,0,2.48667e+07,-1.21534e+06,1.21534e+06,1.21551e+07
0,0,0,1.63728e+08,0,2.52582e+07,-827527,827527,1.21551e+07
0,0,0,1.63728e+08,0,2.52618e+07,-827527,827527,1.21551e+07
0,0,0,1.63728e+08,0,2.52654e+07,-827527,827527,1.21551e+07
0,0,0,1.63728e+08,0,2.5269e+07,-827527,827527,1.21551e+07
0,0,0,1.63728e+08,0,2.55469e+07,-827527,827527,1.21551e+07
0,0,0,1.63728e+08,0,2.55506e+07,-827527,827527,1.21551e+07
0,0,0,1.63728e+08,0,2.55542e+07,-827527,827527,1.21551e+07
0,0,0,1.63728e+08,0,2.55579e+07,-827527,827527,1.21551e+07
0,0,0,1.63728e+08,0,2.61429e+07,-827527,827527,1.21551e+07
0,0,0,1.63728e+08,0,2.61466e+07,-827527,827527,1.21551e+07
0,0,0,1.63728e+08,0,2.61504e+07,-827527,827527,1.21551e+07
0,0,0,1.63728e+08,0,2.61541e+07,-827527,827527,1.21551e+07
0,0,0,1.63728e+08,0,2.8087e+07,-827527,827527,1.21551e+07
0,0,0,1.63728e+08,0,2.73748e+07,-1.07964e+06,1.07964e+06,1.21551e+07
0,0,0,1.63728e+08,0,2.73776e+07,-1.07895e+06,1.07895e+06,1.21551e+07
0,0,0,1.63728e+08,0,2.73804e+07,-1.07826e+06,1.07826e+06,1.21551e+07
0,0,0,1.63728e+08,0,2.73832e+07,-1.07757e+06,1.07757e+06,1.21551e+07
0,0,0,1.63728e+08,0,2.46537e+07,-2.72506e+06,2.72506e+06,1.37461e+07
0,0,0,1.63728e+08,0,2.49445e+07,-2.90999e+06,2.90999e+06,1.37461e+07
0,0,0,1.63728e+08,0,2.49481e+07,-2.9103e+06,2.9103e+06,1.37461e+07
0,0,0,1.63728e+08,0,2.49516e+07,-2.91062e+06,2.91062e+06,1.37461e+07
0,0,0,1.63728e+08,0,2.40772e+07,-2.83364e+06,2.83364e+06,1.37461e+07
0,0,0,1.63728e+08,0,2.40806e+07,-2.83394e+06,2.83394e+06,1.37461e+07
0,0,0,1.63728e+08,0,2.4084e+07,-2.83424e+06,2.83424e+06,1.37461e+07
0,0,0,1.63728e+08,0,2.40874e+07,-2.83454e+06,2.83454e+06,1.37461e+07
0,0,0,1.63728e+08,0,2.20565e+07,-2.65576e+06,2.65576e+06,1.37461e+07
0,0,0,1.63728e+08,0,2.20596e+07,-2.65604e+06,2.65604e+06,1.37461e+07
0,0,0,1.63728e+08,0,2.20627e+07,-2.65631e+06,2.65631e+06,1.37461e+07
0,0,0,1.63728e+08,0,2.20658e+07,-2.65659e+06,2.65659e+06,1.37461e+07
0,0,0,1.63728e+08,0,2.35324e+07,-1.19339e+06,1.19339e+06,1.21551e+07
0,0,0,1.63728e+08,7.86998e+06,2.42449e+07,-1.20511e+06,1.20511e+06,1.21551e+07
0,0,0,1.63728e+08,0,2.46259e+07,-827527,827527,1.21551e+07
0,0,0,1.63728e+08,0,2.46292e+07,-827527,827527,1.21551e+07
0,0,0,1.63728e+08,0,2.46326e+07,-827527,827527,1.21551e+07
0,0,0,1.63728e+08,0,2.71691e+07,-827527,827527,1.21551e+07
0,0,0,1.63728e+08,0,2.71728e+07,-827527,827527,1.21551e+07
0,0,0,1.63728e+08,0,2.71765e+07,-827527,827527,1.21551e+07
0,0,0,1.63728e+08,0,2.71803e+07,-827527,827527,1.21551e+07
0,0,0,1.63728e+08,0,2.36955e+07,-827527,827527,1.21551e+07
0,0,0,1.63728e+08,0,2.36987e+07,-827527,827527,1.21551e+07
0,0,0,1.63728e+08,0,2.37019e+07,-827527,827527,1.21551e+07
0,0,0,1.63728e+08,0,2.37051e+07,-827527,827527,1.21551e+07
0,0,0,1.63728e+08,0,2.33456e+07,-1.19032e+06,1.19032e+06,1.21551e+07
0,0,0,1.63728e+08,0,2.38224e+07,-1.5812e+06,1.5812e+06,1.21551e+07
0,0,0,1.63728e+08,0,2.38257e+07,-1.5813e+06,1.5813e+06,1.21551e+07
0,0,0,1.63728e+08,0,2.42059e+07,-1.20447e+06,1.20447e+06,1.21551e+07
0,0,0,1.63728e+08,0,2.42092e+07,-1.20452e+06,1.20452e+06,1.21551e+07
0,0,0,1.63728e+08,0,2.3881e+07,-1.19913e+06,1.19913e+06,1.21551e+07
0,0,0,1.63728e+08,0,2.38843e+07,-1.19918e+06,1.19918e+06,1.21551e+07
0,0,0,1.63728e+08,0,2.38875e+07,-1.19923e+06,1.19923e+06,1.21551e+07
0,0,0,1.63728e+08,0,2.38908e+07,-1.19929e+06,1.19929e+06,1.21551e+07
0,0,0,1.63728e+08,0,2.50485e+07,-1.21833e+06,1.21833e+06,1.21551e+07
0,0,0,1.63728e+08,0,2.54427e+07,-827527,827527,1.21551e+07
0,0,0,1.63728e+08,0,2.54462e+07,-827527,827527,1.21551e+07
0,0,0,1.63728e+08,0,2.50587e+07,-1.2185e+06,1.2185e+06,1.21551e+07
0,0,0,1.63728e+08,0,2.54532e+07,-827527,827527,1.21551e+07
0,0,0,1.63728e+08,0,2.57332e+07,-827527,827527,1.21551e+07
0,0,0,1.63728e+08,0,2.57367e+07,-827527,827527,1.21551e+07
0,0,0,1.63728e+08,0,2.57402e+07,-827527,827527,1.21551e+07
0,0,0,1.63728e+08,0,2.57437e+07,-827527,827527,1.21551e+07
0,0,0,1.63728e+08,0,2.63331e+07,-827527,827527,1.21551e+07
0,0,0,1.63728e+08,0,2.63367e+07,-827527,827527,1.21551e+07
0,0,0,1.63728e+08,0,2.63403e+07,-827527,827527,1.21551e+07
0,0,0,1.63728e+08,0,2.63439e+07,-827527,827527,1.21551e+07
0,0,0,1.63728e+08,0,2.82914e+07,-827527,827527,1.21551e+07
0,0,0,1.63728e+08,0,2.79531e+07,-607560,607560,1.21551e+07
0,0,0,1.63728e+08,0,2.79559e+07,-606829,606829,1.21551e+07
0,0,0,1.63728e+08,0,2.79586e+07,-606098,606098,1.21551e+07
0,0,0,1.63728e+08,0,2.79614e+07,-605367,605367,1.21551e+07
0,0,0,1.63728e+08,0,2.68719e+07,-604635,604635,1.21551e+07
0,0,0,1.63728e+08,0,2.72224e+07,-827527,827527,1.21551e+07
0,0,0,1.63728e+08,0,2.68064e+07,-1.24724e+06,1.24724e+06,1.21551e+07
0,0,0,1.63728e+08,0,2.68101e+07,-1.2473e+06,1.2473e+06,1.21551e+07
0,0,0,1.63728e+08,0,2.58668e+07,-1.23179e+06,1.23179e+06,1.21551e+07
0,0,0,1.63728e+08,0,2.58704e+07,-1.23185e+06,1.23185e+06,1.21551e+07
0,0,0,1.63728e+08,0,2.58739e+07,-1.2319e+06,1.2319e+06,1.21551e+07
0,0,0,1.63728e+08,0,2.62819e+07,-827527,827527,1.21551e+07
0,0,0,1.63728e+08,0,2.40553e+07,-827527,827527,1.21551e+07
0,0,0,1.63728e+08,0,2.40586e+07,-827527,827527,1.21551e+07
0,0,0,1.63728e+08,0,2.40619e+07,-827527,827527,1.21551e+07
0,0,0,1.63728e+08,0,2.40651e+07,-827527,827527,1.21551e+07
0,0,0,1.63728e+08,0,2.40684e+07,-827527,827527,1.21551e+07
0,0,0,1.63728e+08,7.86998e+06,2.4798e+07,-827527,827527,1.21551e+07
0,0,0,1.63728e+08,0,2.40403e+07,-1.58848e+06,1.58848e+06,1.21551e+07
0,0,0,1.63728e+08,0,2.4424e+07,-1.20806e+06,1.20806e+06,1.21551e+07
0,0,0,1.63728e+08,0,2.29048e+07,-2.73044e+06,2.73044e+06,1.37461e+07
0,0,0,1.63728e+08,0,2.65192e+07,-1.67139e+06,1.67139e+06,1.21551e+07
0,0,0,1.63728e+08,0,2.69447e+07,-1.24952e+06,1.24952e+06,1.21551e+07
0,0,0,1.63728e+08,0,2.69483e+07,-1.24958e+06,1.24958e+06,1.21551e+07
0,0,0,1.63728e+08,0,2.69518e+07,-1.24963e+06,1.24963e+06,1.21551e+07
0,0,0,1.63728e+08,0,2.34976e+07,-1.19282e+06,1.19282e+06,1.21551e+07
0,0,0,1.63728e+08,0,2.31354e+07,-1.55822e+06,1.55822e+06,1.21551e+07
0,0,0,1.63728e+08,0,2.20422e+07,-2.65451e+06,2.65451e+06,1.37461e+07
0,0,0,1.63728e+08,0,2.35069e+07,-1.19297e+06,1.19297e+06,1.21551e+07
0,0,0,1.63728e+08,0,2.31445e+07,-1.55852e+06,1.55852e+06,1.21551e+07
0,0,0,1.63728e+08,0,2.39902e+07,-1.58681e+06,1.58681e+06,1.21551e+07
0,0,0,1.63728e+08,0,2.39934e+07,-1.58691e+06,1.58691e+06,1.21551e+07
0,0,0,1.63728e+08,0,2.39965e+07,-1.58702e+06,1.58702e+06,1.21551e+07
0,0,0,1.63728e+08,0,2.43794e+07,-1.20733e+06,1.20733e+06,1.21551e+07
0,0,0,1.63728e+08,0,2.40487e+07,-1.20189e+06,1.20189e+06,1.21551e+07
0,0,0,1.63728e+08,0,2.40519e+07,-1.20194e+06,1.20194e+06,1.21551e+07
0,0,0,1.63728e+08,0,2.4055e+07,-1.20199e+06,1.20199e+06,1.21551e+07
0,0,0,1.63728e+08,0,2.40582e+07,-1.20204e+06,1.20204e+06,1.21551e+07
0,0,0,1.63728e+08,0,2.52243e+07,-1.22122e+06,1.22122e+06,1.21551e+07
0,0,0,1.63728e+08,0,2.48339e+07,-1.61502e+06,1.61502e+06,1.21551e+07
0,0,0,1.63728e+08,0,2.48371e+07,-1.61513e+06,1.61513e+06,1.21551e+07
0,0,0,1.63728e+08,0,2.52343e+07,-1.22138e+06,1.22138e+06,1.21551e+07
0,0,0,1.63728e+08,0,2.56315e+07,-827527,827527,1.21551e+07
0,0,0,1.63728e+08,0,2.59134e+07,-827527,827527,1.21551e+07
0,0,0,1.63728e+08,0,2.59168e+07,-827527,827527,1.21551e+07
0,0,0,1.63728e+08,0,2.59202e+07,-827527,827527,1.21551e+07
0,0,0,1.63728e+08,0,2.59236e+07,-827527,827527,1.21551e+07
0,0,0,1.63728e+08,0,2.65172e+07,-827527,827527,1.21551e+07
0,0,0,1.63728e+08,0,2.65207e+07,-827527,827527,1.21551e+07
0,0,0,1.63728e+08,0,2.65242e+07,-827527,827527,1.21551e+07
0,0,0,1.63728e+08,0,2.61193e+07,-1.23594e+06,1.23594e+06,1.21551e+07
0,0,0,1.63728e+08,0,2.80491e+07,-1.26768e+06,1.26768e+06,1.21551e+07
0,0,0,1.63728e+08,0,2.76528e+07,-1.01064e+06,1.01064e+06,1.21551e+07
0,0,0,1.63728e+08,0,2.76555e+07,-1.00999e+06,1.00999e+06,1.21551e+07
0,0,0,1.63728e+08,0,2.58967e+07,-2.7707e+06,2.7707e+06,1.37461e+07
0,0,0,1.63728e+08,0,2.58991e+07,-2.77029e+06,2.77029e+06,1.37461e+07
0,0,0,1.63728e+08,0,2.48902e+07,-2.68087e+06,2.68087e+06,1.37461e+07
0,0,0,1.63728e+08,0,2.52749e+07,-2.92628e+06,2.92628e+06,1.37461e+07
0,0,0,1.63728e+08,0,2.52772e+07,-2.9259e+06,2.9259e+06,1.37461e+07
0,0,0,1.63728e+08,0,2.52795e+07,-2.92552e+06,2.92552e+06,1.37461e+07
0,0,0,1.63728e+08,0,2.43906e+07,-2.84669e+06,2.84669e+06,1.37461e+07
0,0,0,1.63728e+08,0,2.442e+07,-2.86382e+06,2.86382e+06,1.37461e+07
0,0,0,1.63728e+08,0,2.44233e+07,-2.8641e+06,2.8641e+06,1.37461e+07
0,0,0,1.63728e+08,0,2.44265e+07,-2.86439e+06,2.86439e+06,1.37461e+07
0,0,0,1.63728e+08,0,2.2365e+07,-2.68292e+06,2.68292e+06,1.37461e+07
0,0,0,1.63728e+08,0,2.2368e+07,-2.68318e+06,2.68318e+06,1.37461e+07
0,0,0,1.63728e+08,0,2.23709e+07,-2.68344e+06,2.68344e+06,1.37461e+07
0,0,0,1.63728e+08,0,2.23738e+07,-2.6837e+06,2.6837e+06,1.37461e+07
0,0,0,1.63728e+08,0,2.23767e+07,-2.68395e+06,2.68395e+06,1.37461e+07
0,0,0,1.63728e+08,0,2.3052e+07,-2.74339e+06,2.74339e+06,1.37461e+07
0,0,0,1.63728e+08,7.86998e+06,2.30549e+07,-2.74365e+06,2.74365e+06,1.37461e+07
0,0,0,1.63728e+08,0,2.30578e+07,-2.7439e+06,2.7439e+06,1.37461e+07
0,0,0,1.63728e+08,0,2.30607e+07,-2.74416e+06,2.74416e+06,1.37461e+07
0,0,0,1.63728e+08,0,2.54261e+07,-2.95238e+06,2.95238e+06,1.37461e+07
0,0,0,1.63728e+08,0,2.54293e+07,-2.95266e+06,2.95266e+06,1.37461e+07
0,0,0,1.63728e+08,0,2.67078e+07,-1.6777e+06,1.6777e+06,1.21551e+07
0,0,0,1.63728e+08,0,2.75614e+07,-827527,827527,1.21551e+07
0,0,0,1.63728e+08,0,2.40251e+07,-827527,827527,1.21551e+07
0,0,0,1.63728e+08,0,2.40281e+07,-827527,827527,1.21551e+07
0,0,0,1.63728e+08,0,2.40311e+07,-827527,827527,1.21551e+07
0,0,0,1.63728e+08,0,2.36661e+07,-1.19559e+06,1.19559e+06,1.21551e+07
0,0,0,1.63728e+08,0,2.21966e+07,-2.6681e+06,2.6681e+06,1.37461e+07
0,0,0,1.63728e+08,0,2.41527e+07,-1.59224e+06,1.59224e+06,1.21551e+07
0,0,0,1.63728e+08,0,2.30085e+07,-2.73957e+06,2.73957e+06,1.37461e+07
0,0,0,1.63728e+08,0,2.30114e+07,-2.73982e+06,2.73982e+06,1.37461e+07
0,0,0,1.63728e+08,0,2.30143e+07,-2.74008e+06,2.74008e+06,1.37461e+07
0,0,0,1.63728e+08,0,2.38341e+07,-1.58159e+06,1.58159e+06,1.21551e+07
0,0,0,1.63728e+08,0,2.38371e+07,-1.58169e+06,1.58169e+06,1.21551e+07
0,0,0,1.63728e+08,0,2.38401e+07,-1.58179e+06,1.58179e+06,1.21551e+07
0,0,0,1.63728e+08,0,2.42203e+07,-1.20471e+06,1.20471e+06,1.21551e+07
0,0,0,1.63728e+08,0,2.53946e+07,-1.22402e+06,1.22402e+06,1.21551e+07
0,0,0,1.63728e+08,0,2.53978e+07,-1.22407e+06,1.22407e+06,1.21551e+07
0,0,0,1.63728e+08,0,2.57976e+07,-827527,827527,1.21551e+07
0,0,0,1.63728e+08,0,2.58008e+07,-827527,827527,1.21551e+07
0,0,0,1.63728e+08,0,2.58041e+07,-827527,827527,1.21551e+07
0,0,0,1.63728e+08,0,2.60879e+07,-827527,827527,1.21551e+07
0,0,0,1.63728e+08,0,2.60912e+07,-827527,827527,1.21551e+07
0,0,0,1.63728e+08,0,2.60945e+07,-827527,827527,1.21551e+07
0,0,0,1.63728e+08,0,2.60978e+07,-827527,827527,1.21551e+07
0,0,0,1.63728e+08,0,2.66954e+07,-827527,827527,1.21551e+07
0,0,0,1.63728e+08,0,2.66988e+07,-827527,827527,1.21551e+07
0,0,0,1.63728e+08,0,2.67022e+07,-827527,827527,1.21551e+07
0,0,0,1.63728e+08,0,2.67056e+07,-827527,827527,1.21551e+07
0,0,0,1.63728e+08,0,2.86809e+07,-827527,827527,1.21551e+07
0,0,0,1.63728e+08,0,2.82286e+07,-534467,534467,1.21551e+07
0,0,0,1.63728e+08,0,2.82312e+07,-533782,533782,1.21551e+07
0,0,0,1.63728e+08,0,2.82337e+07,-533096,533096,1.21551e+07
0,0,0,1.63728e+08,0,2.82363e+07,-532411,532411,1.21551e+07
0,0,0,1.63728e+08,0,2.7131e+07,-531725,531725,1.21551e+07
0,0,0,1.63728e+08,0,2.75185e+07,-778583,778583,1.21551e+07
0,0,0,1.63728e+08,0,2.7521e+07,-777931,777931,1.21551e+07
0,0,0,1.63728e+08,0,2.75235e+07,-777278,777278,1.21551e+07
0,0,0,1.63728e+08,0,2.61396e+07,-1.18668e+06,1.18668e+06,1.21551e+07
0,0,0,1.63728e+08,0,2.62221e+07,-1.23763e+06,1.23763e+06,1.21551e+07
0,0,0,1.63728e+08,0,2.62255e+07,-1.23769e+06,1.23769e+06,1.21551e+07
0,0,0,1.63728e+08,0,2.58186e+07,-1.64796e+06,1.64796e+06,1.21551e+07
0,0,0,1.63728e+08,0,2.2512e+07,-2.69586e+06,2.69586e+06,1.37461e+07
0,0,0,1.63728e+08,0,2.25148e+07,-2.69611e+06,2.69611e+06,1.37461e+07
0,0,0,1.63728e+08,0,2.25177e+07,-2.69636e+06,2.69636e+06,1.37461e+07
0,0,0,1.63728e+08,0,2.25205e+07,-2.69661e+06,2.69661e+06,1.37461e+07
0,0,0,1.63728e+08,0,2.25233e+07,-2.69686e+06,2.69686e+06,1.37461e+07
0,0,0,1.63728e+08,0,2.25233e+07,-2.69686e+06,2.69686e+06,1.37461e+07
0,0,0,1.63728e+08,1.574e+07,2.32032e+07,-2.7567e+06,2.7567e+06,1.37461e+07
0,0,0,1.63728e+08,0,2.3206e+07,-2.75695e+06,2.75695e+06,1.37461e+07
0,0,0,1.63728e+08,0,2.32088e+07,-2.7572e+06,2.7572e+06,1.37461e+07
0,0,0,1.63728e+08,0,2.32116e+07,-2.75744e+06,2.75744e+06,1.37461e+07
0,0,0,1.63728e+08,0,2.55933e+07,-2.9671e+06,2.9671e+06,1.37461e+07
0,0,0,1.63728e+08,0,2.55964e+07,-2.96737e+06,2.96737e+06,1.37461e+07
0,0,0,1.63728e+08,0,2.55995e+07,-2.96764e+06,2.96764e+06,1.37461e+07
0,0,0,1.63728e+08,0,2.56026e+07,-2.96792e+06,2.96792e+06,1.37461e+07
0,0,0,1.63728e+08,0,2.23298e+07,-2.67982e+06,2.67982e+06,1.37461e+07
0,0,0,1.63728e+08,0,2.23325e+07,-2.68006e+06,2.68006e+06,1.37461e+07
0,0,0,1.63728e+08,0,2.23351e+07,-2.68029e+06,2.68029e+06,1.37461e+07
0,0,0,1.63728e+08,0,2.23378e+07,-2.68053e+06,2.68053e+06,1.37461e+07
0,0,0,1.63728e+08,0,2.23405e+07,-2.68077e+06,2.68077e+06,1.37461e+07
0,0,0,1.63728e+08,0,2.31549e+07,-2.75246e+06,2.75246e+06,1.37461e+07
0,0,0,1.63728e+08,0,2.31577e+07,-2.7527e+06,2.7527e+06,1.37461e+07
0,0,0,1.63728e+08,0,2.31605e+07,-2.75295e+06,2.75295e+06,1.37461e+07
0,0,0,1.63728e+08,0,2.31633e+07,-2.7532e+06,2.7532e+06,1.37461e+07
0,0,0,1.63728e+08,0,2.28498e+07,-2.7256e+06,2.7256e+06,1.37461e+07
0,0,0,1.63728e+08,0,2.28526e+07,-2.72584e+06,2.72584e+06,1.37461e+07
0,0,0,1.63728e+08,0,2.28553e+07,-2.72608e+06,2.72608e+06,1.37461e+07
0,0,0,1.63728e+08,0,2.43771e+07,-1.20729e+06,1.20729e+06,1.21551e+07
0,0,0,1.63728e+08,0,2.39625e+07,-2.82354e+06,2.82354e+06,1.37461e+07
0,0,0,1.63728e+08,0,2.39654e+07,-2.8238e+06,2.8238e+06,1.37461e+07
0,0,0,1.63728e+08,0,2.39683e+07,-2.82405e+06,2.82405e+06,1.37461e+07
0,0,0,1.63728e+08,0,2.51693e+07,-1.62624e+06,1.62624e+06,1.21551e+07
0,0,0,1.63728e+08,0,2.59711e+07,-827527,827527,1.21551e+07
0,0,0,1.63728e+08,0,2.62567e+07,-827527,827527,1.21551e+07
0,0,0,1.63728e+08,0,2.62599e+07,-827527,827527,1.21551e+07
0,0,0,1.63728e+08,0,2.62631e+07,-827527,827527,1.21551e+07
0,0,0,1.63728e+08,0,2.62663e+07,-827527,827527,1.21551e+07
0,0,0,1.63728e+08,0,2.68678e+07,-827527,827527,1.21551e+07
0,0,0,1.63728e+08,0,2.68711e+07,-827527,827527,1.21551e+07
0,0,0,1.63728e+08,0,2.68744e+07,-827527,827527,1.21551e+07
0,0,0,1.63728e+08,0,2.64636e+07,-1.2416e+06,1.2416e+06,1.21551e+07
0,0,0,1.63728e+08,0,2.84199e+07,-1.27378e+06,1.27378e+06,1.21551e+07
0,0,0,1.63728e+08,0,2.84234e+07,-1.27384e+06,1.27384e+06,1.21551e+07
0,0,0,1.63728e+08,0,2.84269e+07,-1.27389e+06,1.27389e+06,1.21551e+07
0,0,0,1.63728e+08,0,2.66446e+07,-3.05965e+06,3.05965e+06,1.37461e+07
0,0,0,1.63728e+08,0,2.66479e+07,-3.05993e+06,3.05993e+06,1.37461e+07
0,0,0,1.63728e+08,0,2.5626e+07,-2.96997e+06,2.96997e+06,1.37461e+07
0,0,0,1.63728e+08,0,2.56291e+07,-2.97025e+06,2.97025e+06,1.37461e+07
0,0,0,1.63728e+08,0,2.56322e+07,-2.97052e+06,2.97052e+06,1.37461e+07
0,0,0,1.63728e+08,0,2.56353e+07,-2.9708e+06,2.9708e+06,1.37461e+07
0,0,0,1.63728e+08,0,2.4735e+07,-2.89155e+06,2.89155e+06,1.37461e+07
0,0,0,1.63728e+08,0,2.4738e+07,-2.89181e+06,2.89181e+06,1.37461e+07
0,0,0,1.63728e+08,0,2.4741e+07,-2.89208e+06,2.89208e+06,1.37461e+07
0,0,0,1.63728e+08,0,2.47441e+07,-2.89234e+06,2.89234e+06,1.37461e+07
0,0,0,1.63728e+08,0,2.26541e+07,-2.70837e+06,2.70837e+06,1.37461e+07
0,0,0,1.63728e+08,0,2.26568e+07,-2.70861e+06,2.70861e+06,1.37461e+07
0,0,0,1.63728e+08,0,2.26596e+07,-2.70885e+06,2.70885e+06,1.37461e+07
0,0,0,1.63728e+08,0,2.26623e+07,-2.70909e+06,2.70909e+06,1.37461e+07
0,0,0,1.63728e+08,0,2.2665e+07,-2.70933e+06,2.70933e+06,1.37461e+07
0,0,0,1.63728e+08,1.574e+07,2.33493e+07,-2.76957e+06,2.76957e+06,1.37461e+07
0,0,0,1.63728e+08,0.000745969,2.3352e+07,-2.7698e+06,2.7698e+06,1.37461e+07
0,0,0,1.63728e+08,0,2.49087e+07,-1.21603e+06,1.21603e+06,1.21551e+07
0,0,0,1.63728e+08,0,2.49116e+07,-1.21608e+06,1.21608e+06,1.21551e+07
0,0,0,1.63728e+08,0,2.79086e+07,-827527,827527,1.21551e+07
0,0,0,1.63728e+08,0,2.74811e+07,-1.25834e+06,1.25834e+06,1.21551e+07
0,0,0,1.63728e+08,0,2.74843e+07,-1.25839e+06,1.25839e+06,1.21551e+07
0,0,0,1.63728e+08,0,2.57638e+07,-2.98211e+06,2.98211e+06,1.37461e+07
0,0,0,1.63728e+08,0,2.24692e+07,-2.69209e+06,2.69209e+06,1.37461e+07
0,0,0,1.63728e+08,0,2.24718e+07,-2.69232e+06,2.69232e+06,1.37461e+07
0,0,0,1.63728e+08,0,2.24744e+07,-2.69255e+06,2.69255e+06,1.37461e+07
0,0,0,1.63728e+08,0,2.2477e+07,-2.69278e+06,2.69278e+06,1.37461e+07
0,0,0,1.63728e+08,0,2.24796e+07,-2.69301e+06,2.69301e+06,1.37461e+07
0,0,0,1.63728e+08,0,2.32993e+07,-2.76516e+06,2.76516e+06,1.37461e+07
0,0,0,1.63728e+08,0,2.3302e+07,-2.7654e+06,2.7654e+06,1.37461e+07
0,0,0,1.63728e+08,0,2.33047e+07,-2.76564e+06,2.76564e+06,1.37461e+07
0,0,0,1.63728e+08,0,2.33074e+07,-2.76587e+06,2.76587e+06,1.37461e+07
0,0,0,1.63728e+08,0,2.29916e+07,-2.73808e+06,2.73808e+06,1.37461e+07
0,0,0,1.63728e+08,0,2.29943e+07,-2.73832e+06,2.73832e+06,1.37461e+07
0,0,0,1.63728e+08,0,2.2997e+07,-2.73855e+06,2.73855e+06,1.37461e+07
0,0,0,1.63728e+08,0,2.29996e+07,-2.73879e+06,2.73879e+06,1.37461e+07
0,0,0,1.63728e+08,0,2.57185e+07,-1.22935e+06,1.22935e+06,1.21551e+07
0,0,0,1.63728e+08,0,2.4114e+07,-2.83688e+06,2.83688e+06,1.37461e+07
0,0,0,1.63728e+08,0,2.41168e+07,-2.83713e+06,2.83713e+06,1.37461e+07
0,0,0,1.63728e+08,0,2.41196e+07,-2.83737e+06,2.83737e+06,1.37461e+07
0,0,0,1.63728e+08,0,2.57304e+07,-1.22955e+06,1.22955e+06,1.21551e+07
0,0,0,1.63728e+08,0,2.64198e+07,-827527,827527,1.21551e+07
0,0,0,1.63728e+08,0,2.64229e+07,-827527,827527,1.21551e+07
0,0,0,1.63728e+08,0,2.64259e+07,-827527,827527,1.21551e+07
0,0,0,1.63728e+08,0,2.6429e+07,-827527,827527,1.21551e+07
0,0,0,1.63728e+08,0,2.70343e+07,-827527,827527,1.21551e+07
0,0,0,1.63728e+08,0,2.70375e+07,-827527,827527,1.21551e+07
0,0,0,1.63728e+08,0,2.70407e+07,-827527,827527,1.21551e+07
0,0,0,1.63728e+08,0,2.70438e+07,-827527,827527,1.21551e+07
0,0,0,1.63728e+08,0,2.90451e+07,-827527,827527,1.21551e+07
0,0,0,1.63728e+08,0,2.90485e+07,-827527,827527,1.21551e+07
0,0,0,1.63728e+08,0,2.90519e+07,-827527,827527,1.21551e+07
0,0,0,1.63728e+08,0,2.90553e+07,-827527,827527,1.21551e+07
0,0,0,1.63728e+08,0,2.90587e+07,-827527,827527,1.21551e+07
0,0,0,1.63728e+08,0,2.79395e+07,-827527,827527,1.21551e+07
0,0,0,1.63728e+08,0,2.70802e+07,-1.69015e+06,1.69015e+06,1.21551e+07
0,0,0,1.63728e+08,0,2.57892e+07,-2.98435e+06,2.98435e+06,1.37461e+07
0,0,0,1.63728e+08,0,2.57922e+07,-2.98461e+06,2.98461e+06,1.37461e+07
0,0,0,1.63728e+08,0,2.48861e+07,-2.90484e+06,2.90484e+06,1.37461e+07
0,0,0,1.63728e+08,0,2.4889e+07,-2.9051e+06,2.9051e+06,1.37461e+07
0,0,0,1.63728e+08,0,2.48919e+07,-2.90535e+06,2.90535e+06,1.37461e+07
0,0,0,1.63728e+08,0,2.48948e+07,-2.90561e+06,2.90561e+06,1.37461e+07
0,0,0,1.63728e+08,0,2.46842e+07,-827527,827527,1.21551e+07
0,0,0,1.63728e+08,0,2.4687e+07,-827527,827527,1.21551e+07
0,0,0,1.63728e+08,0,2.46899e+07,-827527,827527,1.21551e+07
0,0,0,1.63728e+08,0,2.46928e+07,-827527,827527,1.21551e+07
0,0,0,1.63728e+08,0,2.46957e+07,-827527,827527,1.21551e+07
0,0,0,1.63728e+08,1.574e+07,2.4663e+07,-1.60931e+06,1.60931e+06,1.21551e+07
0,0,0,1.63728e+08,0,2.46657e+07,-1.6094e+06,1.6094e+06,1.21551e+07
0,0,0,1.63728e+08,0,2.46685e+07,-1.60949e+06,1.60949e+06,1.21551e+07
0,0,0,1.63728e+08,0,2.34981e+07,-2.78267e+06,2.78267e+06,1.37461e+07
0,0,0,1.63728e+08,0,2.59107e+07,-2.99504e+06,2.99504e+06,1.37461e+07
0,0,0,1.63728e+08,0,2.76478e+07,-1.26108e+06,1.26108e+06,1.21551e+07
0,0,0,1.63728e+08,0,2.76509e+07,-1.26113e+06,1.26113e+06,1.21551e+07
0,0,0,1.63728e+08,0,2.7654e+07,-1.26118e+06,1.26118e+06,1.21551e+07
0,0,0,1.63728e+08,0,2.41048e+07,-1.20281e+06,1.20281e+06,1.21551e+07
0,0,0,1.63728e+08,0,2.37322e+07,-1.57818e+06,1.57818e+06,1.21551e+07
0,0,0,1.63728e+08,0,2.26087e+07,-2.70437e+06,2.70437e+06,1.37461e+07
0,0,0,1.63728e+08,0,2.26112e+07,-2.70459e+06,2.70459e+06,1.37461e+07
0,0,0,1.63728e+08,0,2.26137e+07,-2.70481e+06,2.70481e+06,1.37461e+07
0,0,0,1.63728e+08,0,2.34385e+07,-2.77741e+06,2.77741e+06,1.37461e+07
0,0,0,1.63728e+08,0,2.34411e+07,-2.77764e+06,2.77764e+06,1.37461e+07
0,0,0,1.63728e+08,0,2.34437e+07,-2.77787e+06,2.77787e+06,1.37461e+07
0,0,0,1.63728e+08,0,2.34463e+07,-2.7781e+06,2.7781e+06,1.37461e+07
0,0,0,1.63728e+08,0,2.31284e+07,-2.75012e+06,2.75012e+06,1.37461e+07
0,0,0,1.63728e+08,0,2.3131e+07,-2.75035e+06,2.75035e+06,1.37461e+07
0,0,0,1.63728e+08,0,2.31336e+07,-2.75058e+06,2.75058e+06,1.37461e+07
0,0,0,1.63728e+08,0,2.31361e+07,-2.7508e+06,2.7508e+06,1.37461e+07
0,0,0,1.63728e+08,0,2.58719e+07,-1.23187e+06,1.23187e+06,1.21551e+07
0,0,0,1.63728e+08,0,2.42572e+07,-2.84949e+06,2.84949e+06,1.37461e+07
0,0,0,1.63728e+08,0,2.42599e+07,-2.84973e+06,2.84973e+06,1.37461e+07
0,0,0,1.63728e+08,0,2.42626e+07,-2.84996e+06,2.84996e+06,1.37461e+07
0,0,0,1.63728e+08,0,2.58835e+07,-1.23206e+06,1.23206e+06,1.21551e+07
0,0,0,1.63728e+08,0,2.6577e+07,-827527,827527,1.21551e+07
0,0,0,1.63728e+08,0,2.65799e+07,-827527,827527,1.21551e+07
0,0,0,1.63728e+08,0,2.57643e+07,-1.64614e+06,1.64614e+06,1.21551e+07
0,0,0,1.63728e+08,0,2.61765e+07,-1.23688e+06,1.23688e+06,1.21551e+07
0,0,0,1.63728e+08,0,2.67756e+07,-1.24674e+06,1.24674e+06,1.21551e+07
0,0,0,1.63728e+08,0,2.67786e+07,-1.24678e+06,1.24678e+06,1.21551e+07
0,0,0,1.63728e+08,0,2.51044e+07,-2.92406e+06,2.92406e+06,1.37461e+07
0,0,0,1.63728e+08,0,2.51072e+07,-2.92431e+06,2.92431e+06,1.37461e+07
0,0,0,1.63728e+08,0,2.69579e+07,-3.08722e+06,3.08722e+06,1.37461e+07
0,0,0,1.63728e+08,0,2.69609e+07,-3.08748e+06,3.08748e+06,1.37461e+07
0,0,0,1.63728e+08,0,2.69639e+07,-3.08775e+06,3.08775e+06,1.37461e+07
0,0,0,1.63728e+08,0,2.69669e+07,-3.08801e+06,3.08801e+06,1.37461e+07
0,0,0,1.63728e+08,0,2.69699e+07,-3.08828e+06,3.08828e+06,1.37461e+07
0,0,0,1.63728e+08,0,2.59348e+07,-2.99716e+06,2.99716e+06,1.37461e+07
0,0,0,1.63728e+08,0,2.59377e+07,-2.99741e+06,2.99741e+06,1.37461e+07
0,0,0,1.63728e+08,0,2.59406e+07,-2.99767e+06,2.99767e+06,1.37461e+07
0,0,0,1.63728e+08,0,2.59434e+07,-2.99792e+06,2.99792e+06,1.37461e+07
0,0,0,1.63728e+08,0,2.50315e+07,-2.91765e+06,2.91765e+06,1.37461e+07
0,0,0,1.63728e+08,0,2.50343e+07,-2.9179e+06,2.9179e+06,1.37461e+07
0,0,0,1.63728e+08,0,2.50371e+07,-2.91814e+06,2.91814e+06,1.37461e+07
0,0,0,1.63728e+08,0,2.50399e+07,-2.91839e+06,2.91839e+06,1.37461e+07
0,0,0,1.63728e+08,0,2.29234e+07,-2.73207e+06,2.73207e+06,1.37461e+07
0,0,0,1.63728e+08,0,2.29259e+07,-2.7323e+06,2.7323e+06,1.37461e+07
0,0,0,1.63728e+08,0,2.29285e+07,-2.73252e+06,2.73252e+06,1.37461e+07
0,0,0,1.63728e+08,0,2.2931e+07,-2.73274e+06,2.73274e+06,1.37461e+07
0,0,0,1.63728e+08,0,2.29335e+07,-2.73297e+06,2.73297e+06,1.37461e+07
0,0,0,1.63728e+08,1.574e+07,2.36262e+07,-2.79394e+06,2.79394e+06,1.37461e+07
0,0,0,1.63728e+08,0,2.36287e+07,-2.79416e+06,2.79416e+06,1.37461e+07
0,0,0,1.63728e+08,0,2.36312e+07,-2.79438e+06,2.79438e+06,1.37461e+07
0,0,0,1.63728e+08,0,2.36337e+07,-2.7946e+06,2.7946e+06,1.37461e+07
0,0,0,1.63728e+08,0,2.60608e+07,-3.00825e+06,3.00825e+06,1.37461e+07
0,0,0,1.63728e+08,0,2.60636e+07,-3.0085e+06,3.0085e+06,1.37461e+07
0,0,0,1.63728e+08,0,2.60663e+07,-3.00874e+06,3.00874e+06,1.37461e+07
0,0,0,1.63728e+08,0,2.60691e+07,-3.00899e+06,3.00899e+06,1.37461e+07
0,0,0,1.63728e+08,0,2.27332e+07,-2.71533e+06,2.71533e+06,1.37461e+07
0,0,0,1.63728e+08,0,2.27356e+07,-2.71554e+06,2.71554e+06,1.37461e+07
0,0,0,1.63728e+08,0,2.2738e+07,-2.71575e+06,2.71575e+06,1.37461e+07
0,0,0,1.63728e+08,0,2.27404e+07,-2.71596e+06,2.71596e+06,1.37461e+07
0,0,0,1.63728e+08,0,2.27428e+07,-2.71618e+06,2.71618e+06,1.37461e+07
0,0,0,1.63728e+08,0,2.35724e+07,-2.78921e+06,2.78921e+06,1.37461e+07
0,0,0,1.63728e+08,0,2.35749e+07,-2.78943e+06,2.78943e+06,1.37461e+07
0,0,0,1.63728e+08,0,2.35774e+07,-2.78964e+06,2.78964e+06,1.37461e+07
0,0,0,1.63728e+08,0,2.35799e+07,-2.78986e+06,2.78986e+06,1.37461e+07
0,0,0,1.63728e+08,0,2.326e+07,-2.76171e+06,2.76171e+06,1.37461e+07
0,0,0,1.63728e+08,0,2.32625e+07,-2.76193e+06,2.76193e+06,1.37461e+07
0,0,0,1.63728e+08,0,2.3265e+07,-2.76214e+06,2.76214e+06,1.37461e+07
0,0,0,1.63728e+08,0,2.32674e+07,-2.76236e+06,2.76236e+06,1.37461e+07
0,0,0,1.63728e+08,0,2.43924e+07,-2.86139e+06,2.86139e+06,1.37461e+07
0,0,0,1.63728e+08,0,2.4395e+07,-2.86162e+06,2.86162e+06,1.37461e+07
0,0,0,1.63728e+08,0,2.43976e+07,-2.86185e+06,2.86185e+06,1.37461e+07
0,0,0,1.63728e+08,0,2.44002e+07,-2.86207e+06,2.86207e+06,1.37461e+07
0,0,0,1.63728e+08,0,2.44028e+07,-2.8623e+06,2.8623e+06,1.37461e+07
0,0,0,1.63728e+08,0,2.46698e+07,-2.88581e+06,2.88581e+06,1.37461e+07
0,0,0,1.63728e+08,0,2.46725e+07,-2.88604e+06,2.88604e+06,1.37461e+07
0,0,0,1.63728e+08,0,2.46751e+07,-2.88627e+06,2.88627e+06,1.37461e+07
0,0,0,1.63728e+08,0,2.46777e+07,-2.8865e+06,2.8865e+06,1.37461e+07
0,0,0,1.63728e+08,0,2.52406e+07,-2.93605e+06,2.93605e+06,1.37461e+07
0,0,0,1.63728e+08,0,2.52433e+07,-2.93629e+06,2.93629e+06,1.37461e+07
0,0,0,1.63728e+08,0,2.5246e+07,-2.93652e+06,2.93652e+06,1.37461e+07
0,0,0,1.63728e+08,0,2.52486e+07,-2.93676e+06,2.93676e+06,1.37461e+07
0,0,0,1.63728e+08,0,2.71102e+07,-3.10063e+06,3.10063e+06,1.37461e+07
0,0,0,1.63728e+08,0,2.71131e+07,-3.10088e+06,3.10088e+06,1.37461e+07
0,0,0,1.63728e+08,0,2.7116e+07,-3.10114e+06,3.10114e+06,1.37461e+07
0,0,0,1.63728e+08,0,2.71189e+07,-3.10139e+06,3.10139e+06,1.37461e+07
0,0,0,1.63728e+08,0,2.71218e+07,-3.10165e+06,3.10165e+06,1.37461e+07
0,0,0,1.63728e+08,0,2.60803e+07,-3.00997e+06,3.00997e+06,1.37461e+07
0,0,0,1.63728e+08,0,2.60831e+07,-3.01022e+06,3.01022e+06,1.37461e+07
0,0,0,1.63728e+08,0,2.60859e+07,-3.01046e+06,3.01046e+06,1.37461e+07
0,0,0,1.63728e+08,0,2.60887e+07,-3.01071e+06,3.01071e+06,1.37461e+07
0,0,0,1.63728e+08,0,2.51713e+07,-2.92995e+06,2.92995e+06,1.37461e+07
0,0,0,1.63728e+08,0,2.51739e+07,-2.93019e+06,2.93019e+06,1.37461e+07
0,0,0,1.63728e+08,0,2.51766e+07,-2.93042e+06,2.93042e+06,1.37461e+07
0,0,0,1.63728e+08,0,2.51793e+07,-2.93066e+06,2.93066e+06,1.37461e+07
0,0,0,1.63728e+08,0,2.30502e+07,-2.74324e+06,2.74324e+06,1.37461e+07
0,0,0,1.63728e+08,0,2.30527e+07,-2.74345e+06,2.74345e+06,1.37461e+07
0,0,0,1.63728e+08,0,2.30551e+07,-2.74367e+06,2.74367e+06,1.37461e+07
0,0,0,1.63728e+08,0,2.30575e+07,-2.74388e+06,2.74388e+06,1.37461e+07
0,0,0,1.63728e+08,0,2.306e+07,-2.7441e+06,2.7441e+06,1.37461e+07
0,0,0,1.63728e+08,1.574e+07,2.37565e+07,-2.80541e+06,2.80541e+06,1.37461e+07
0,0,0,1.63728e+08,0,2.37589e+07,-2.80562e+06,2.80562e+06,1.37461e+07
0,0,0,1.63728e+08,0,2.37613e+07,-2.80583e+06,2.80583e+06,1.37461e+07
0,0,0,1.63728e+08,0,2.37637e+07,-2.80604e+06,2.80604e+06,1.37461e+07
0,0,0,1.63728e+08,0,2.62048e+07,-3.02093e+06,3.02093e+06,1.37461e+07
0,0,0,1.63728e+08,0,2.62075e+07,-3.02116e+06,3.02116e+06,1.37461e+07
0,0,0,1.63728e+08,0,2.62101e+07,-3.0214e+06,3.0214e+06,1.37461e+07
0,0,0,1.63728e+08,0,2.62128e+07,-3.02163e+06,3.02163e+06,1.37461e+07
0,0,0,1.63728e+08,0,2.28574e+07,-2.72626e+06,2.72626e+06,1.37461e+07
0,0,0,1.63728e+08,0,2.28597e+07,-2.72647e+06,2.72647e+06,1.37461e+07
0,0,0,1.63728e+08,0,2.2862e+07,-2.72667e+06,2.72667e+06,1.37461e+07
0,0,0,1.63728e+08,0,2.28643e+07,-2.72687e+06,2.72687e+06,1.37461e+07
0,0,0,1.63728e+08,0,2.28666e+07,-2.72707e+06,2.72707e+06,1.37461e+07
0,0,0,1.63728e+08,0,2.37009e+07,-2.80051e+06,2.80051e+06,1.37461e+07
0,0,0,1.63728e+08,0,2.37032e+07,-2.80072e+06,2.80072e+06,1.37461e+07
0,0,0,1.63728e+08,0,2.37056e+07,-2.80093e+06,2.80093e+06,1.37461e+07
0,0,0,1.63728e+08,0,2.3708e+07,-2.80114e+06,2.80114e+06,1.37461e+07
0,0,0,1.63728e+08,0,2.33862e+07,-2.77282e+06,2.77282e+06,1.37461e+07
0,0,0,1.63728e+08,0,2.33886e+07,-2.77302e+06,2.77302e+06,1.37461e+07
0,0,0,1.63728e+08,0,2.33909e+07,-2.77323e+06,2.77323e+06,1.37461e+07
0,0,0,1.63728e+08,0,2.33933e+07,-2.77344e+06,2.77344e+06,1.37461e+07
0,0,0,1.63728e+08,0,2.45246e+07,-2.87302e+06,2.87302e+06,1.37461e+07
0,0,0,1.63728e+08,0,2.45271e+07,-2.87324e+06,2.87324e+06,1.37461e+07
0,0,0,1.63728e+08,0,2.45295e+07,-2.87346e+06,2.87346e+06,1.37461e+07
0,0,0,1.63728e+08,0,2.4532e+07,-2.87368e+06,2.87368e+06,1.37461e+07
0,0,0,1.63728e+08,0,2.57623e+07,-1.64607e+06,1.64607e+06,1.21551e+07
0,0,0,1.63728e+08,0,2.6459e+07,-1.24153e+06,1.24153e+06,1.21551e+07
0,0,0,1.63728e+08,0,2.68757e+07,-827527,827527,1.21551e+07
0,0,0,1.63728e+08,0,2.68784e+07,-827527,827527,1.21551e+07
0,0,0,1.63728e+08,0,2.68811e+07,-827527,827527,1.21551e+07
0,0,0,1.63728e+08,0,2.70728e+07,-1.25162e+06,1.25162e+06,1.21551e+07
0,0,0,1.63728e+08,0,2.66514e+07,-1.67581e+06,1.67581e+06,1.21551e+07
0,0,0,1.63728e+08,0,2.66541e+07,-1.6759e+06,1.6759e+06,1.21551e+07
0,0,0,1.63728e+08,0,2.66568e+07,-1.67599e+06,1.67599e+06,1.21551e+07
0,0,0,1.63728e+08,0,2.86276e+07,-1.7419e+06,1.7419e+06,1.21551e+07
0,0,0,1.63728e+08,0,2.72588e+07,-3.11371e+06,3.11371e+06,1.37461e+07
0,0,0,1.63728e+08,0,2.72616e+07,-3.11395e+06,3.11395e+06,1.37461e+07
0,0,0,1.63728e+08,0,2.72643e+07,-3.1142e+06,3.1142e+06,1.37461e+07
0,0,0,1.63728e+08,0,2.72671e+07,-3.11444e+06,3.11444e+06,1.37461e+07
0,0,0,1.63728e+08,0,2.62197e+07,-3.02224e+06,3.02224e+06,1.37461e+07
0,0,0,1.63728e+08,0,2.62224e+07,-3.02247e+06,3.02247e+06,1.37461e+07
0,0,0,1.63728e+08,0,2.6225e+07,-3.02271e+06,3.02271e+06,1.37461e+07
0,0,0,1.63728e+08,0,2.62277e+07,-3.02294e+06,3.02294e+06,1.37461e+07
0,0,0,1.63728e+08,0,2.5305e+07,-2.94172e+06,2.94172e+06,1.37461e+07
0,0,0,1.63728e+08,0,2.53076e+07,-2.94195e+06,2.94195e+06,1.37461e+07
0,0,0,1.63728e+08,0,2.53101e+07,-2.94217e+06,2.94217e+06,1.37461e+07
0,0,0,1.63728e+08,0,2.53127e+07,-2.9424e+06,2.9424e+06,1.37461e+07
0,0,0,1.63728e+08,0,2.31716e+07,-2.75392e+06,2.75392e+06,1.37461e+07
0,0,0,1.63728e+08,0,2.31739e+07,-2.75413e+06,2.75413e+06,1.37461e+07
0,0,0,1.63728e+08,0,2.31763e+07,-2.75433e+06,2.75433e+06,1.37461e+07
0,0,0,1.63728e+08,0,2.31786e+07,-2.75454e+06,2.75454e+06,1.37461e+07
0,0,0,1.63728e+08,0,2.31809e+07,-2.75475e+06,2.75475e+06,1.37461e+07
0,0,0,1.63728e+08,0,2.38812e+07,-2.81639e+06,2.81639e+06,1.37461e+07
0,0,0,1.63728e+08,1.574e+07,2.38835e+07,-2.81659e+06,2.81659e+06,1.37461e+07
0,0,0,1.63728e+08,0,2.38858e+07,-2.81679e+06,2.81679e+06,1.37461e+07
0,0,0,1.63728e+08,0,2.38881e+07,-2.81699e+06,2.81699e+06,1.37461e+07
0,0,0,1.63728e+08,0,2.63426e+07,-3.03306e+06,3.03306e+06,1.37461e+07
0,0,0,1.63728e+08,0,2.63451e+07,-3.03328e+06,3.03328e+06,1.37461e+07
0,0,0,1.63728e+08,0,2.63476e+07,-3.0335e+06,3.0335e+06,1.37461e+07
0,0,0,1.63728e+08,0,2.76739e+07,-1.71001e+06,1.71001e+06,1.21551e+07
0,0,0,1.63728e+08,0,2.29761e+07,-2.73672e+06,2.73672e+06,1.37461e+07
0,0,0,1.63728e+08,0,2.29783e+07,-2.73691e+06,2.73691e+06,1.37461e+07
0,0,0,1.63728e+08,0,2.29805e+07,-2.7371e+06,2.7371e+06,1.37461e+07
0,0,0,1.63728e+08,0,2.29827e+07,-2.7373e+06,2.7373e+06,1.37461e+07
0,0,0,1.63728e+08,0,2.29849e+07,-2.73749e+06,2.73749e+06,1.37461e+07
0,0,0,1.63728e+08,0,2.38236e+07,-2.81132e+06,2.81132e+06,1.37461e+07
0,0,0,1.63728e+08,0,2.38259e+07,-2.81152e+06,2.81152e+06,1.37461e+07
0,0,0,1.63728e+08,0,2.38282e+07,-2.81172e+06,2.81172e+06,1.37461e+07
0,0,0,1.63728e+08,0,2.38305e+07,-2.81192e+06,2.81192e+06,1.37461e+07
0,0,0,1.63728e+08,0,2.35068e+07,-2.78343e+06,2.78343e+06,1.37461e+07
0,0,0,1.63728e+08,0,2.3509e+07,-2.78363e+06,2.78363e+06,1.37461e+07
0,0,0,1.63728e+08,0,2.35113e+07,-2.78383e+06,2.78383e+06,1.37461e+07
0,0,0,1.63728e+08,0,2.35135e+07,-2.78402e+06,2.78402e+06,1.37461e+07
0,0,0,1.63728e+08,0,2.46509e+07,-2.88414e+06,2.88414e+06,1.37461e+07
0,0,0,1.63728e+08,0,2.46532e+07,-2.88435e+06,2.88435e+06,1.37461e+07
0,0,0,1.63728e+08,0,2.58898e+07,-1.65034e+06,1.65034e+06,1.21551e+07
0,0,0,1.63728e+08,0,2.63038e+07,-1.23897e+06,1.23897e+06,1.21551e+07
0,0,0,1.63728e+08,0,2.67178e+07,-827527,827527,1.21551e+07
0,0,0,1.63728e+08,0,2.70113e+07,-827527,827527,1.21551e+07
0,0,0,1.63728e+08,0,2.70139e+07,-827527,827527,1.21551e+07
0,0,0,1.63728e+08,0,2.70165e+07,-827527,827527,1.21551e+07
0,0,0,1.63728e+08,0,2.70191e+07,-827527,827527,1.21551e+07
0,0,0,1.63728e+08,0,2.76381e+07,-827527,827527,1.21551e+07
0,0,0,1.63728e+08,0,2.72143e+07,-1.25395e+06,1.25395e+06,1.21551e+07
0,0,0,1.63728e+08,0,2.72169e+07,-1.25399e+06,1.25399e+06,1.21551e+07
0,0,0,1.63728e+08,0,2.72195e+07,-1.25404e+06,1.25404e+06,1.21551e+07
0,0,0,1.63728e+08,0,2.92339e+07,-1.28717e+06,1.28717e+06,1.21551e+07
0,0,0,1.63728e+08,0,2.8777e+07,-1.7469e+06,1.7469e+06,1.21551e+07
0,0,0,1.63728e+08,0,2.87798e+07,-1.74699e+06,1.74699e+06,1.21551e+07
0,0,0,1.63728e+08,0,2.87826e+07,-1.74709e+06,1.74709e+06,1.21551e+07
0,0,0,1.63728e+08,0,2.87854e+07,-1.74718e+06,1.74718e+06,1.21551e+07
0,0,0,1.63728e+08,0,2.63527e+07,-3.03395e+06,3.03395e+06,1.37461e+07
0,0,0,1.63728e+08,0,2.63553e+07,-3.03417e+06,3.03417e+06,1.37461e+07
0,0,0,1.63728e+08,0,2.63578e+07,-3.0344e+06,3.0344e+06,1.37461e+07
0,0,0,1.63728e+08,0,2.63603e+07,-3.03462e+06,3.03462e+06,1.37461e+07
0,0,0,1.63728e+08,0,2.54326e+07,-2.95296e+06,2.95296e+06,1.37461e+07
0,0,0,1.63728e+08,0,2.54351e+07,-2.95317e+06,2.95317e+06,1.37461e+07
0,0,0,1.63728e+08,0,2.54375e+07,-2.95339e+06,2.95339e+06,1.37461e+07
0,0,0,1.63728e+08,0,2.544e+07,-2.9536e+06,2.9536e+06,1.37461e+07
0,0,0,1.63728e+08,0,2.32874e+07,-2.76412e+06,2.76412e+06,1.37461e+07
0,0,0,1.63728e+08,0,2.32896e+07,-2.76431e+06,2.76431e+06,1.37461e+07
0,0,0,1.63728e+08,0,2.48414e+07,-1.21492e+06,1.21492e+06,1.21551e+07
0,0,0,1.63728e+08,0,2.32941e+07,-2.76471e+06,2.76471e+06,1.37461e+07
0,0,0,1.63728e+08,0,2.44587e+07,-1.60248e+06,1.60248e+06,1.21551e+07
0,0,0,1.63728e+08,0,2.32963e+07,-2.7649e+06,2.7649e+06,1.37461e+07
0,0,0,1.63728e+08,1.574e+07,2.40002e+07,-2.82686e+06,2.82686e+06,1.37461e+07
0,0,0,1.63728e+08,0,2.40023e+07,-2.82705e+06,2.82705e+06,1.37461e+07
0,0,0,1.63728e+08,0,2.40045e+07,-2.82724e+06,2.82724e+06,1.37461e+07
0,0,0,1.63728e+08,0,2.40067e+07,-2.82743e+06,2.82743e+06,1.37461e+07
0,0,0,1.63728e+08,0,2.64739e+07,-3.04462e+06,3.04462e+06,1.37461e+07
0,0,0,1.63728e+08,0,2.64763e+07,-3.04483e+06,3.04483e+06,1.37461e+07
0,0,0,1.63728e+08,0,2.64787e+07,-3.04504e+06,3.04504e+06,1.37461e+07
0,0,0,1.63728e+08,0,2.64812e+07,-3.04525e+06,3.04525e+06,1.37461e+07
0,0,0,1.63728e+08,0,2.30894e+07,-2.74669e+06,2.74669e+06,1.37461e+07
0,0,0,1.63728e+08,0,2.30915e+07,-2.74687e+06,2.74687e+06,1.37461e+07
0,0,0,1.63728e+08,0,2.30935e+07,-2.74705e+06,2.74705e+06,1.37461e+07
0,0,0,1.63728e+08,0,2.30956e+07,-2.74724e+06,2.74724e+06,1.37461e+07
0,0,0,1.63728e+08,0,2.30977e+07,-2.74742e+06,2.74742e+06,1.37461e+07
0,0,0,1.63728e+08,0,2.39407e+07,-2.82163e+06,2.82163e+06,1.37461e+07
0,0,0,1.63728e+08,0,2.39429e+07,-2.82182e+06,2.82182e+06,1.37461e+07
0,0,0,1.63728e+08,0,2.3945e+07,-2.82201e+06,2.82201e+06,1.37461e+07
0,0,0,1.63728e+08,0,2.39472e+07,-2.8222e+06,2.8222e+06,1.37461e+07
0,0,0,1.63728e+08,0,2.36217e+07,-2.79355e+06,2.79355e+06,1.37461e+07
0,0,0,1.63728e+08,0,2.36238e+07,-2.79373e+06,2.79373e+06,1.37461e+07
0,0,0,1.63728e+08,0,2.3626e+07,-2.79392e+06,2.79392e+06,1.37461e+07
0,0,0,1.63728e+08,0,2.36281e+07,-2.79411e+06,2.79411e+06,1.37461e+07
0,0,0,1.63728e+08,0,2.47712e+07,-2.89473e+06,2.89473e+06,1.37461e+07
0,0,0,1.63728e+08,0,2.47735e+07,-2.89493e+06,2.89493e+06,1.37461e+07
0,0,0,1.63728e+08,0,2.64298e+07,-1.24105e+06,1.24105e+06,1.21551e+07
0,0,0,1.63728e+08,0,2.64322e+07,-1.24109e+06,1.24109e+06,1.21551e+07
0,0,0,1.63728e+08,0,2.68482e+07,-827527,827527,1.21551e+07
0,0,0,1.63728e+08,0,2.71431e+07,-827527,827527,1.21551e+07
0,0,0,1.63728e+08,0,2.71456e+07,-827527,827527,1.21551e+07
0,0,0,1.63728e+08,0,2.7148e+07,-827527,827527,1.21551e+07
0,0,0,1.63728e+08,0,2.71505e+07,-827527,827527,1.21551e+07
0,0,0,1.63728e+08,0,2.73439e+07,-1.25608e+06,1.25608e+06,1.21551e+07
0,0,0,1.63728e+08,0,2.7775e+07,-827527,827527,1.21551e+07
0,0,0,1.63728e+08,0,2.69203e+07,-1.6848e+06,1.6848e+06,1.21551e+07
0,0,0,1.63728e+08,0,2.69227e+07,-1.68488e+06,1.68488e+06,1.21551e+07
0,0,0,1.63728e+08,0,2.89139e+07,-1.75148e+06,1.75148e+06,1.21551e+07
0,0,0,1.63728e+08,0,2.75305e+07,-3.13762e+06,3.13762e+06,1.37461e+07
0,0,0,1.63728e+08,0,2.7533e+07,-3.13784e+06,3.13784e+06,1.37461e+07
0,0,0,1.63728e+08,0,2.75355e+07,-3.13806e+06,3.13806e+06,1.37461e+07
0,0,0,1.63728e+08,0,2.7538e+07,-3.13829e+06,3.13829e+06,1.37461e+07
0,0,0,1.63728e+08,0,2.64794e+07,-3.0451e+06,3.0451e+06,1.37461e+07
0,0,0,1.63728e+08,0,2.64818e+07,-3.04531e+06,3.04531e+06,1.37461e+07
0,0,0,1.63728e+08,0,2.64842e+07,-3.04552e+06,3.04552e+06,1.37461e+07
0,0,0,1.63728e+08,0,2.64866e+07,-3.04574e+06,3.04574e+06,1.37461e+07
0,0,0,1.63728e+08,0,2.55541e+07,-2.96365e+06,2.96365e+06,1.37461e+07
0,0,0,1.63728e+08,0,2.55564e+07,-2.96385e+06,2.96385e+06,1.37461e+07
0,0,0,1.63728e+08,0,2.55587e+07,-2.96406e+06,2.96406e+06,1.37461e+07
0,0,0,1.63728e+08,0,2.55611e+07,-2.96426e+06,2.96426e+06,1.37461e+07
0,0,0,1.63728e+08,0,2.33976e+07,-2.77382e+06,2.77382e+06,1.37461e+07
0,0,0,1.63728e+08,0,2.33997e+07,-2.774e+06,2.774e+06,1.37461e+07
0,0,0,1.63728e+08,0,2.45698e+07,-1.60619e+06,1.60619e+06,1.21551e+07
0,0,0,1.63728e+08,0,2.3404e+07,-2.77438e+06,2.77438e+06,1.37461e+07
0,0,0,1.63728e+08,0,2.34061e+07,-2.77456e+06,2.77456e+06,1.37461e+07
0,0,0,1.63728e+08,1.574e+07,2.41133e+07,-2.83682e+06,2.83682e+06,1.37461e+07
0,0,0,1.63728e+08,0,2.41154e+07,-2.837e+06,2.837e+06,1.37461e+07
0,0,0,1.63728e+08,0,2.41174e+07,-2.83718e+06,2.83718e+06,1.37461e+07
0,0,0,1.63728e+08,0,2.41195e+07,-2.83736e+06,2.83736e+06,1.37461e+07
0,0,0,1.63728e+08,0,2.65989e+07,-3.05562e+06,3.05562e+06,1.37461e+07
0,0,0,1.63728e+08,0,2.66011e+07,-3.05582e+06,3.05582e+06,1.37461e+07
0,0,0,1.63728e+08,0,2.66034e+07,-3.05602e+06,3.05602e+06,1.37461e+07
0,0,0,1.63728e+08,0,2.66057e+07,-3.05622e+06,3.05622e+06,1.37461e+07
0,0,0,1.63728e+08,0,2.3197e+07,-2.75616e+06,2.75616e+06,1.37461e+07
0,0,0,1.63728e+08,0,2.3199e+07,-2.75634e+06,2.75634e+06,1.37461e+07
0,0,0,1.63728e+08,0,2.3201e+07,-2.75651e+06,2.75651e+06,1.37461e+07
0,0,0,1.63728e+08,0,2.3203e+07,-2.75669e+06,2.75669e+06,1.37461e+07
0,0,0,1.63728e+08,0,2.3205e+07,-2.75686e+06,2.75686e+06,1.37461e+07
0,0,0,1.63728e+08,0,2.4052e+07,-2.83142e+06,2.83142e+06,1.37461e+07
0,0,0,1.63728e+08,0,2.4054e+07,-2.8316e+06,2.8316e+06,1.37461e+07
0,0,0,1.63728e+08,0,2.40561e+07,-2.83178e+06,2.83178e+06,1.37461e+07
0,0,0,1.63728e+08,0,2.40581e+07,-2.83196e+06,2.83196e+06,1.37461e+07
0,0,0,1.63728e+08,0,2.37309e+07,-2.80316e+06,2.80316e+06,1.37461e+07
0,0,0,1.63728e+08,0,2.37329e+07,-2.80334e+06,2.80334e+06,1.37461e+07
0,0,0,1.63728e+08,0,2.3735e+07,-2.80352e+06,2.80352e+06,1.37461e+07
0,0,0,1.63728e+08,0,2.3737e+07,-2.80369e+06,2.80369e+06,1.37461e+07
0,0,0,1.63728e+08,0,2.48855e+07,-2.9048e+06,2.9048e+06,1.37461e+07
0,0,0,1.63728e+08,0,2.48877e+07,-2.90498e+06,2.90498e+06,1.37461e+07
0,0,0,1.63728e+08,0,2.61364e+07,-1.65858e+06,1.65858e+06,1.21551e+07
0,0,0,1.63728e+08,0,2.65542e+07,-1.24309e+06,1.24309e+06,1.21551e+07
0,0,0,1.63728e+08,0,2.69721e+07,-827527,827527,1.21551e+07
0,0,0,1.63728e+08,0,2.72683e+07,-827527,827527,1.21551e+07
0,0,0,1.63728e+08,0,2.72706e+07,-827527,827527,1.21551e+07
0,0,0,1.63728e+08,0,2.72729e+07,-827527,827527,1.21551e+07
0,0,0,1.63728e+08,0,2.72753e+07,-827527,827527,1.21551e+07
0,0,0,1.63728e+08,0,2.74695e+07,-1.25815e+06,1.25815e+06,1.21551e+07
0,0,0,1.63728e+08,0,2.74719e+07,-1.25819e+06,1.25819e+06,1.21551e+07
0,0,0,1.63728e+08,0,2.74742e+07,-1.25823e+06,1.25823e+06,1.21551e+07
0,0,0,1.63728e+08,0,2.74766e+07,-1.25826e+06,1.25826e+06,1.21551e+07
0,0,0,1.63728e+08,0,2.76538e+07,-3.14848e+06,3.14848e+06,1.37461e+07
0,0,0,1.63728e+08,0,2.95131e+07,-1.29176e+06,1.29176e+06,1.21551e+07
0,0,0,1.63728e+08,0,2.95157e+07,-1.2918e+06,1.2918e+06,1.21551e+07
0,0,0,1.63728e+08,0,2.7661e+07,-3.14911e+06,3.14911e+06,1.37461e+07
0,0,0,1.63728e+08,0,2.76634e+07,-3.14932e+06,3.14932e+06,1.37461e+07
0,0,0,1.63728e+08,0,2.83821e+07,-1.27316e+06,1.27316e+06,1.21551e+07
0,0,0,1.63728e+08,0,2.79388e+07,-1.71887e+06,1.71887e+06,1.21551e+07
0,0,0,1.63728e+08,0,2.66041e+07,-3.05608e+06,3.05608e+06,1.37461e+07
0,0,0,1.63728e+08,0,2.66064e+07,-3.05628e+06,3.05628e+06,1.37461e+07
0,0,0,1.63728e+08,0,2.56693e+07,-2.97379e+06,2.97379e+06,1.37461e+07
0,0,0,1.63728e+08,0,2.56715e+07,-2.97399e+06,2.97399e+06,1.37461e+07
0,0,0,1.63728e+08,0,2.56737e+07,-2.97418e+06,2.97418e+06,1.37461e+07
0,0,0,1.63728e+08,0,2.56759e+07,-2.97437e+06,2.97437e+06,1.37461e+07
0,0,0,1.63728e+08,0,2.35021e+07,-2.78302e+06,2.78302e+06,1.37461e+07
0,0,0,1.63728e+08,0,2.35041e+07,-2.7832e+06,2.7832e+06,1.37461e+07
0,0,0,1.63728e+08,0,2.35061e+07,-2.78337e+06,2.78337e+06,1.37461e+07
0,0,0,1.63728e+08,0,2.35081e+07,-2.78355e+06,2.78355e+06,1.37461e+07
0,0,0,1.63728e+08,0,2.35101e+07,-2.78373e+06,2.78373e+06,1.37461e+07
0,0,0,1.63728e+08,7.86998e+06,2.42206e+07,-2.84626e+06,2.84626e+06,1.37461e+07
0,0,0,1.63728e+08,0,2.42225e+07,-2.84643e+06,2.84643e+06,1.37461e+07
0,0,0,1.63728e+08,0,2.42245e+07,-2.84661e+06,2.84661e+06,1.37461e+07
0,0,0,1.63728e+08,0,2.42264e+07,-2.84678e+06,2.84678e+06,1.37461e+07
0,0,0,1.63728e+08,0,2.67173e+07,-3.06604e+06,3.06604e+06,1.37461e+07
0,0,0,1.63728e+08,0,2.67194e+07,-3.06623e+06,3.06623e+06,1.37461e+07
0,0,0,1.63728e+08,0,2.67216e+07,-3.06642e+06,3.06642e+06,1.37461e+07
0,0,0,1.63728e+08,0,2.67237e+07,-3.06661e+06,3.06661e+06,1.37461e+07
0,0,0,1.63728e+08,0,2.32991e+07,-2.76514e+06,2.76514e+06,1.37461e+07
0,0,0,1.63728e+08,0,2.33009e+07,-2.76531e+06,2.76531e+06,1.37461e+07
0,0,0,1.63728e+08,0,2.33028e+07,-2.76547e+06,2.76547e+06,1.37461e+07
0,0,0,1.63728e+08,0,2.33047e+07,-2.76564e+06,2.76564e+06,1.37461e+07
0,0,0,1.63728e+08,0,2.33065e+07,-2.7658e+06,2.7658e+06,1.37461e+07
0,0,0,1.63728e+08,0,2.41573e+07,-2.84069e+06,2.84069e+06,1.37461e+07
0,0,0,1.63728e+08,0,2.41593e+07,-2.84086e+06,2.84086e+06,1.37461e+07
0,0,0,1.63728e+08,0,2.41612e+07,-2.84104e+06,2.84104e+06,1.37461e+07
0,0,0,1.63728e+08,0,2.41631e+07,-2.84121e+06,2.84121e+06,1.37461e+07
0,0,0,1.63728e+08,0,2.38343e+07,-2.81226e+06,2.81226e+06,1.37461e+07
0,0,0,1.63728e+08,0,2.38362e+07,-2.81243e+06,2.81243e+06,1.37461e+07
0,0,0,1.63728e+08,0,2.38381e+07,-2.8126e+06,2.8126e+06,1.37461e+07
0,0,0,1.63728e+08,0,2.384e+07,-2.81276e+06,2.81276e+06,1.37461e+07
0,0,0,1.63728e+08,0,2.49937e+07,-2.91432e+06,2.91432e+06,1.37461e+07
0,0,0,1.63728e+08,0,2.49957e+07,-2.9145e+06,2.9145e+06,1.37461e+07
0,0,0,1.63728e+08,0,2.49977e+07,-2.91467e+06,2.91467e+06,1.37461e+07
0,0,0,1.63728e+08,0,2.49997e+07,-2.91485e+06,2.91485e+06,1.37461e+07
0,0,0,1.63728e+08,0,2.50018e+07,-2.91503e+06,2.91503e+06,1.37461e+07
0,0,0,1.63728e+08,0,2.52751e+07,-2.93909e+06,2.93909e+06,1.37461e+07
0,0,0,1.63728e+08,0,2.65442e+07,-1.67222e+06,1.67222e+06,1.21551e+07
0,0,0,1.63728e+08,0,2.65463e+07,-1.67229e+06,1.67229e+06,1.21551e+07
0,0,0,1.63728e+08,0,2.65484e+07,-1.67237e+06,1.67237e+06,1.21551e+07
0,0,0,1.63728e+08,0,2.71557e+07,-1.69267e+06,1.69267e+06,1.21551e+07
0,0,0,1.63728e+08,0,2.586e+07,-2.99058e+06,2.99058e+06,1.37461e+07
0,0,0,1.63728e+08,0,2.58621e+07,-2.99076e+06,2.99076e+06,1.37461e+07
0,0,0,1.63728e+08,0,2.58642e+07,-2.99094e+06,2.99094e+06,1.37461e+07
0,0,0,1.63728e+08,0,2.77728e+07,-3.15896e+06,3.15896e+06,1.37461e+07
0,0,0,1.63728e+08,0,2.77751e+07,-3.15915e+06,3.15915e+06,1.37461e+07
0,0,0,1.63728e+08,0,2.77773e+07,-3.15935e+06,3.15935e+06,1.37461e+07
0,0,0,1.63728e+08,0,2.77796e+07,-3.15955e+06,3.15955e+06,1.37461e+07
0,0,0,1.63728e+08,0,2.77818e+07,-3.15975e+06,3.15975e+06,1.37461e+07
0,0,0,1.63728e+08,0,2.67131e+07,-3.06567e+06,3.06567e+06,1.37461e+07
0,0,0,1.63728e+08,0,2.67152e+07,-3.06586e+06,3.06586e+06,1.37461e+07
0,0,0,1.63728e+08,0,2.67174e+07,-3.06605e+06,3.06605e+06,1.37461e+07
0,0,0,1.63728e+08,0,2.67196e+07,-3.06624e+06,3.06624e+06,1.37461e+07
0,0,0,1.63728e+08,0,2.57782e+07,-2.98337e+06,2.98337e+06,1.37461e+07
0,0,0,1.63728e+08,0,2.57802e+07,-2.98355e+06,2.98355e+06,1.37461e+07
0,0,0,1.63728e+08,0,2.57823e+07,-2.98374e+06,2.98374e+06,1.37461e+07
0,0,0,1.63728e+08,0,2.57844e+07,-2.98392e+06,2.98392e+06,1.37461e+07
0,0,0,1.63728e+08,0,2.36008e+07,-2.7917e+06,2.7917e+06,1.37461e+07
0,0,0,1.63728e+08,0,2.36027e+07,-2.79187e+06,2.79187e+06,1.37461e+07
0,0,0,1.63728e+08,0,2.36046e+07,-2.79204e+06,2.79204e+06,1.37461e+07
0,0,0,1.63728e+08,0,2.36065e+07,-2.7922e+06,2.7922e+06,1.37461e+07
0,0,0,1.63728e+08,0,2.36084e+07,-2.79237e+06,2.79237e+06,1.37461e+07
0,0,0,1.63728e+08,0,2.43218e+07,-2.85517e+06,2.85517e+06,1.37461e+07
0,0,0,1.63728e+08,0,2.43236e+07,-2.85533e+06,2.85533e+06,1.37461e+07
0,0,0,1.63728e+08,0,2.43255e+07,-2.85549e+06,2.85549e+06,1.37461e+07
0,0,0,1.63728e+08,0,2.43273e+07,-2.85566e+06,2.85566e+06,1.37461e+07
0,0,0,1.63728e+08,0,2.68289e+07,-3.07587e+06,3.07587e+06,1.37461e+07
0,0,0,1.63728e+08,0,2.6831e+07,-3.07605e+06,3.07605e+06,1.37461e+07
0,0,0,1.63728e+08,0,2.6833e+07,-3.07623e+06,3.07623e+06,1.37461e+07
0,0,0,1.63728e+08,0,2.6835e+07,-3.0764e+06,3.0764e+06,1.37461e+07
0,0,0,1.63728e+08,0,2.33952e+07,-2.77361e+06,2.77361e+06,1.37461e+07
0,0,0,1.63728e+08,0,2.3397e+07,-2.77376e+06,2.77376e+06,1.37461e+07
0,0,0,1.63728e+08,0,2.33987e+07,-2.77392e+06,2.77392e+06,1.37461e+07
0,0,0,1.63728e+08,0,2.34005e+07,-2.77407e+06,2.77407e+06,1.37461e+07
0,0,0,1.63728e+08,0,2.34023e+07,-2.77423e+06,2.77423e+06,1.37461e+07
0,0,0,1.63728e+08,0,2.42566e+07,-2.84944e+06,2.84944e+06,1.37461e+07
0,0,0,1.63728e+08,0,2.42585e+07,-2.8496e+06,2.8496e+06,1.37461e+07
0,0,0,1.63728e+08,0,2.42603e+07,-2.84976e+06,2.84976e+06,1.37461e+07
0,0,0,1.63728e+08,0,2.42621e+07,-2.84992e+06,2.84992e+06,1.37461e+07
0,0,0,1.63728e+08,0,2.39317e+07,-2.82083e+06,2.82083e+06,1.37461e+07
0,0,0,1.63728e+08,0,2.39335e+07,-2.82099e+06,2.82099e+06,1.37461e+07
0,0,0,1.63728e+08,0,2.39353e+07,-2.82115e+06,2.82115e+06,1.37461e+07
0,0,0,1.63728e+08,0,2.39371e+07,-2.82131e+06,2.82131e+06,1.37461e+07
0,0,0,1.63728e+08,0,2.50956e+07,-2.92329e+06,2.92329e+06,1.37461e+07
0,0,0,1.63728e+08,0,2.50975e+07,-2.92346e+06,2.92346e+06,1.37461e+07
0,0,0,1.63728e+08,0,2.63571e+07,-1.66597e+06,1.66597e+06,1.21551e+07
0,0,0,1.63728e+08,0,2.51013e+07,-2.92379e+06,2.92379e+06,1.37461e+07
0,0,0,1.63728e+08,0,2.51032e+07,-2.92395e+06,2.92395e+06,1.37461e+07
0,0,0,1.63728e+08,0,2.53775e+07,-2.94811e+06,2.94811e+06,1.37461e+07
0,0,0,1.63728e+08,0,2.53794e+07,-2.94827e+06,2.94827e+06,1.37461e+07
0,0,0,1.63728e+08,0,2.53814e+07,-2.94844e+06,2.94844e+06,1.37461e+07
0,0,0,1.63728e+08,0,2.66559e+07,-1.67596e+06,1.67596e+06,1.21551e+07
0,0,0,1.63728e+08,0,2.72656e+07,-1.69635e+06,1.69635e+06,1.21551e+07
0,0,0,1.63728e+08,0,2.59643e+07,-2.99976e+06,2.99976e+06,1.37461e+07
0,0,0,1.63728e+08,0,2.59663e+07,-2.99993e+06,2.99993e+06,1.37461e+07
0,0,0,1.63728e+08,0,2.59682e+07,-3.0001e+06,3.0001e+06,1.37461e+07
0,0,0,1.63728e+08,0,2.78848e+07,-3.16881e+06,3.16881e+06,1.37461e+07
0,0,0,1.63728e+08,0,2.78869e+07,-3.169e+06,3.169e+06,1.37461e+07
0,0,0,1.63728e+08,0,2.7889e+07,-3.16918e+06,3.16918e+06,1.37461e+07
0,0,0,1.63728e+08,0,2.78911e+07,-3.16937e+06,3.16937e+06,1.37461e+07
0,0,0,1.63728e+08,0,2.78932e+07,-3.16956e+06,3.16956e+06,1.37461e+07
0,0,0,1.63728e+08,0,2.68199e+07,-3.07507e+06,3.07507e+06,1.37461e+07
0,0,0,1.63728e+08,0,2.68219e+07,-3.07525e+06,3.07525e+06,1.37461e+07
0,0,0,1.63728e+08,0,2.68239e+07,-3.07543e+06,3.07543e+06,1.37461e+07
0,0,0,1.63728e+08,0,2.68259e+07,-3.07561e+06,3.07561e+06,1.37461e+07
0,0,0,1.63728e+08,0,2.58805e+07,-2.99238e+06,2.99238e+06,1.37461e+07
0,0,0,1.63728e+08,0,2.58824e+07,-2.99255e+06,2.99255e+06,1.37461e+07
0,0,0,1.63728e+08,0,2.58844e+07,-2.99272e+06,2.99272e+06,1.37461e+07
0,0,0,1.63728e+08,0,2.58863e+07,-2.99289e+06,2.99289e+06,1.37461e+07
0,0,0,1.63728e+08,0,2.36935e+07,-2.79987e+06,2.79987e+06,1.37461e+07
0,0,0,1.63728e+08,0,2.36953e+07,-2.80002e+06,2.80002e+06,1.37461e+07
0,0,0,1.63728e+08,0,2.36971e+07,-2.80018e+06,2.80018e+06,1.37461e+07
0,0,0,1.63728e+08,0,2.36988e+07,-2.80034e+06,2.80034e+06,1.37461e+07
0,0,0,1.63728e+08,0,2.37006e+07,-2.80049e+06,2.80049e+06,1.37461e+07
0,0,0,1.63728e+08,0,2.44169e+07,-2.86354e+06,2.86354e+06,1.37461e+07
0,0,0,1.63728e+08,0,2.44186e+07,-2.8637e+06,2.8637e+06,1.37461e+07
0,0,0,1.63728e+08,0,2.44203e+07,-2.86385e+06,2.86385e+06,1.37461e+07
0,0,0,1.63728e+08,0,2.4422e+07,-2.864e+06,2.864e+06,1.37461e+07
0,0,0,1.63728e+08,0,2.69338e+07,-3.0851e+06,3.0851e+06,1.37461e+07
0,0,0,1.63728e+08,0,2.69357e+07,-3.08527e+06,3.08527e+06,1.37461e+07
0,0,0,1.63728e+08,0,2.69376e+07,-3.08544e+06,3.08544e+06,1.37461e+07
0,0,0,1.63728e+08,0,2.69395e+07,-3.08561e+06,3.08561e+06,1.37461e+07
0,0,0,1.63728e+08,0,2.34856e+07,-2.78156e+06,2.78156e+06,1.37461e+07
0,0,0,1.63728e+08,0,2.34872e+07,-2.78171e+06,2.78171e+06,1.37461e+07
0,0,0,1.63728e+08,0,2.34889e+07,-2.78185e+06,2.78185e+06,1.37461e+07
0,0,0,1.63728e+08,0,2.34905e+07,-2.782e+06,2.782e+06,1.37461e+07
0,0,0,1.63728e+08,0,2.34921e+07,-2.78214e+06,2.78214e+06,1.37461e+07
0,0,0,1.63728e+08,0,2.43499e+07,-2.85764e+06,2.85764e+06,1.37461e+07
0,0,0,1.63728e+08,0,2.43516e+07,-2.85779e+06,2.85779e+06,1.37461e+07
0,0,0,1.63728e+08,0,2.43533e+07,-2.85794e+06,2.85794e+06,1.37461e+07
0,0,0,1.63728e+08,0,2.4355e+07,-2.8581e+06,2.8581e+06,1.37461e+07
0,0,0,1.63728e+08,0,2.40232e+07,-2.82888e+06,2.82888e+06,1.37461e+07
0,0,0,1.63728e+08,0,2.40248e+07,-2.82903e+06,2.82903e+06,1.37461e+07
0,0,0,1.63728e+08,0,2.40265e+07,-2.82918e+06,2.82918e+06,1.37461e+07
0,0,0,1.63728e+08,0,2.40282e+07,-2.82933e+06,2.82933e+06,1.37461e+07
0,0,0,1.63728e+08,0,2.51913e+07,-2.93171e+06,2.93171e+06,1.37461e+07
0,0,0,1.63728e+08,0,2.5193e+07,-2.93186e+06,2.93186e+06,1.37461e+07
0,0,0,1.63728e+08,0,2.51948e+07,-2.93202e+06,2.93202e+06,1.37461e+07
0,0,0,1.63728e+08,0,2.51966e+07,-2.93218e+06,2.93218e+06,1.37461e+07
0,0,0,1.63728e+08,0,2.51983e+07,-2.93233e+06,2.93233e+06,1.37461e+07
0,0,0,1.63728e+08,0,2.54737e+07,-2.95657e+06,2.95657e+06,1.37461e+07
0,0,0,1.63728e+08,0,2.54755e+07,-2.95673e+06,2.95673e+06,1.37461e+07
0,0,0,1.63728e+08,0,2.54772e+07,-2.95688e+06,2.95688e+06,1.37461e+07
0,0,0,1.63728e+08,0,2.67567e+07,-1.67933e+06,1.67933e+06,1.21551e+07
0,0,0,1.63728e+08,0,2.73687e+07,-1.6998e+06,1.6998e+06,1.21551e+07
0,0,0,1.63728e+08,0,2.73706e+07,-1.69986e+06,1.69986e+06,1.21551e+07
0,0,0,1.63728e+08,0,2.60639e+07,-3.00853e+06,3.00853e+06,1.37461e+07
0,0,0,1.63728e+08,0,2.60658e+07,-3.00869e+06,3.00869e+06,1.37461e+07
0,0,0,1.63728e+08,0,2.79898e+07,-3.17805e+06,3.17805e+06,1.37461e+07
0,0,0,1.63728e+08,0,2.79918e+07,-3.17823e+06,3.17823e+06,1.37461e+07
0,0,0,1.63728e+08,0,2.79937e+07,-3.1784e+06,3.1784e+06,1.37461e+07
0,0,0,1.63728e+08,0,2.79957e+07,-3.17858e+06,3.17858e+06,1.37461e+07
0,0,0,1.63728e+08,0,2.79977e+07,-3.17875e+06,3.17875e+06,1.37461e+07
0,0,0,1.63728e+08,0,2.692e+07,-3.08388e+06,3.08388e+06,1.37461e+07
0,0,0,1.63728e+08,0,2.69219e+07,-3.08405e+06,3.08405e+06,1.37461e+07
0,0,0,1.63728e+08,0,2.69238e+07,-3.08422e+06,3.08422e+06,1.37461e+07
0,0,0,1.63728e+08,0,2.69257e+07,-3.08439e+06,3.08439e+06,1.37461e+07
0,0,0,1.63728e+08,0,2.59764e+07,-3.00082e+06,3.00082e+06,1.37461e+07
0,0,0,1.63728e+08,0,2.59782e+07,-3.00098e+06,3.00098e+06,1.37461e+07
0,0,0,1.63728e+08,0,2.598e+07,-3.00114e+06,3.00114e+06,1.37461e+07
0,0,0,1.63728e+08,0,2.59819e+07,-3.0013e+06,3.0013e+06,1.37461e+07
0,0,0,1.63728e+08,0,2.37804e+07,-2.80752e+06,2.80752e+06,1.37461e+07
0,0,0,1.63728e+08,0,2.37821e+07,-2.80766e+06,2.80766e+06,1.37461e+07
0,0,0,1.63728e+08,0,2.37837e+07,-2.80781e+06,2.80781e+06,1.37461e+07
0,0,0,1.63728e+08,0,2.37854e+07,-2.80796e+06,2.80796e+06,1.37461e+07
0,0,0,1.63728e+08,0,2.37871e+07,-2.8081e+06,2.8081e+06,1.37461e+07
0,0,0,1.63728e+08,0,2.4506e+07,-2.87139e+06,2.87139e+06,1.37461e+07
0,0,0,1.63728e+08,0,2.45076e+07,-2.87153e+06,2.87153e+06,1.37461e+07
0,0,0,1.63728e+08,0,2.45092e+07,-2.87167e+06,2.87167e+06,1.37461e+07
0,0,0,1.63728e+08,0,2.45108e+07,-2.87181e+06,2.87181e+06,1.37461e+07
0,0,0,1.63728e+08,0,2.70321e+07,-3.09375e+06,3.09375e+06,1.37461e+07
0,0,0,1.63728e+08,0,2.70339e+07,-3.09391e+06,3.09391e+06,1.37461e+07
0,0,0,1.63728e+08,0,2.70356e+07,-3.09407e+06,3.09407e+06,1.37461e+07
0,0,0,1.63728e+08,0,2.70374e+07,-3.09422e+06,3.09422e+06,1.37461e+07
0,0,0,1.63728e+08,0,2.35702e+07,-2.78901e+06,2.78901e+06,1.37461e+07
0,0,0,1.63728e+08,0,2.35717e+07,-2.78914e+06,2.78914e+06,1.37461e+07
0,0,0,1.63728e+08,0,2.35732e+07,-2.78928e+06,2.78928e+06,1.37461e+07
0,0,0,1.63728e+08,0,2.35748e+07,-2.78941e+06,2.78941e+06,1.37461e+07
0,0,0,1.63728e+08,0,2.35763e+07,-2.78955e+06,2.78955e+06,1.37461e+07
0,0,0,1.63728e+08,0,2.44372e+07,-2.86533e+06,2.86533e+06,1.37461e+07
0,0,0,1.63728e+08,0,2.44387e+07,-2.86547e+06,2.86547e+06,1.37461e+07
0,0,0,1.63728e+08,0,2.44403e+07,-2.86561e+06,2.86561e+06,1.37461e+07
0,0,0,1.63728e+08,0,2.44419e+07,-2.86575e+06,2.86575e+06,1.37461e+07
0,0,0,1.63728e+08,0,2.41087e+07,-2.83642e+06,2.83642e+06,1.37461e+07
0,0,0,1.63728e+08,0,2.41103e+07,-2.83655e+06,2.83655e+06,1.37461e+07
0,0,0,1.63728e+08,0,2.41119e+07,-2.83669e+06,2.83669e+06,1.37461e+07
0,0,0,1.63728e+08,0,2.41134e+07,-2.83683e+06,2.83683e+06,1.37461e+07
0,0,0,1.63728e+08,0,2.52807e+07,-2.93958e+06,2.93958e+06,1.37461e+07
0,0,0,1.63728e+08,0,2.52824e+07,-2.93973e+06,2.93973e+06,1.37461e+07
0,0,0,1.63728e+08,0,2.5284e+07,-2.93987e+06,2.93987e+06,1.37461e+07
0,0,0,1.63728e+08,0,2.65532e+07,-1.67252e+06,1.67252e+06,1.21551e+07
0,0,0,1.63728e+08,0,2.69774e+07,-1.25005e+06,1.25005e+06,1.21551e+07
0,0,0,1.63728e+08,0,2.55636e+07,-2.96448e+06,2.96448e+06,1.37461e+07
0,0,0,1.63728e+08,0,2.55652e+07,-2.96463e+06,2.96463e+06,1.37461e+07
0,0,0,1.63728e+08,0,2.55669e+07,-2.96478e+06,2.96478e+06,1.37461e+07
0,0,0,1.63728e+08,0,2.55686e+07,-2.96492e+06,2.96492e+06,1.37461e+07
0,0,0,1.63728e+08,0,2.74651e+07,-1.70302e+06,1.70302e+06,1.21551e+07
0,0,0,1.63728e+08,0,2.61535e+07,-3.01642e+06,3.01642e+06,1.37461e+07
0,0,0,1.63728e+08,0,2.61553e+07,-3.01657e+06,3.01657e+06,1.37461e+07
0,0,0,1.63728e+08,0,2.6157e+07,-3.01672e+06,3.01672e+06,1.37461e+07
0,0,0,1.63728e+08,0,2.80879e+07,-3.18669e+06,3.18669e+06,1.37461e+07
0,0,0,1.63728e+08,0,2.80898e+07,-3.18686e+06,3.18686e+06,1.37461e+07
0,0,0,1.63728e+08,0,2.80916e+07,-3.18702e+06,3.18702e+06,1.37461e+07
0,0,0,1.63728e+08,0,2.80934e+07,-3.18718e+06,3.18718e+06,1.37461e+07
0,0,0,1.63728e+08,0,2.80953e+07,-3.18734e+06,3.18734e+06,1.37461e+07
0,0,0,1.63728e+08,0,2.70135e+07,-3.09212e+06,3.09212e+06,1.37461e+07
0,0,0,1.63728e+08,0,2.70153e+07,-3.09227e+06,3.09227e+06,1.37461e+07
0,0,0,1.63728e+08,0,2.70171e+07,-3.09243e+06,3.09243e+06,1.37461e+07
0,0,0,1.63728e+08,0,2.70188e+07,-3.09259e+06,3.09259e+06,1.37461e+07
0,0,0,1.63728e+08,0,2.6066e+07,-3.00871e+06,3.00871e+06,1.37461e+07
0,0,0,1.63728e+08,0,2.60677e+07,-3.00886e+06,3.00886e+06,1.37461e+07
0,0,0,1.63728e+08,0,2.60694e+07,-3.00901e+06,3.00901e+06,1.37461e+07
0,0,0,1.63728e+08,0,2.60711e+07,-3.00916e+06,3.00916e+06,1.37461e+07
0,0,0,1.63728e+08,0,2.38616e+07,-2.81466e+06,2.81466e+06,1.37461e+07
0,0,0,1.63728e+08,0,2.38631e+07,-2.8148e+06,2.8148e+06,1.37461e+07
0,0,0,1.63728e+08,0,2.38647e+07,-2.81493e+06,2.81493e+06,1.37461e+07
0,0,0,1.63728e+08,0,2.38662e+07,-2.81507e+06,2.81507e+06,1.37461e+07
0,0,0,1.63728e+08,0,2.38678e+07,-2.81521e+06,2.81521e+06,1.37461e+07
0,0,0,1.63728e+08,0,2.38678e+07,-2.81521e+06,2.81521e+06,1.37461e+07
0,0,0,1.63728e+08,0,2.45892e+07,-2.87871e+06,2.87871e+06,1.37461e+07
0,0,0,1.63728e+08,0,2.45906e+07,-2.87884e+06,2.87884e+06,1.37461e+07
0,0,0,1.63728e+08,0,2.45921e+07,-2.87897e+06,2.87897e+06,1.37461e+07
0,0,0,1.63728e+08,0,2.45936e+07,-2.8791e+06,2.8791e+06,1.37461e+07
0,0,0,1.63728e+08,0,2.71238e+07,-3.10182e+06,3.10182e+06,1.37461e+07
0,0,0,1.63728e+08,0,2.71254e+07,-3.10197e+06,3.10197e+06,1.37461e+07
0,0,0,1.63728e+08,0,2.71271e+07,-3.10211e+06,3.10211e+06,1.37461e+07
0,0,0,1.63728e+08,0,2.71287e+07,-3.10226e+06,3.10226e+06,1.37461e+07
0,0,0,1.63728e+08,0,2.3649e+07,-2.79595e+06,2.79595e+06,1.37461e+07
0,0,0,1.63728e+08,0,2.36505e+07,-2.79608e+06,2.79608e+06,1.37461e+07
0,0,0,1.63728e+08,0,2.36519e+07,-2.7962e+06,2.7962e+06,1.37461e+07
0,0,0,1.63728e+08,0,2.36533e+07,-2.79633e+06,2.79633e+06,1.37461e+07
0,0,0,1.63728e+08,0,2.36547e+07,-2.79645e+06,2.79645e+06,1.37461e+07
0,0,0,1.63728e+08,0,2.45185e+07,-2.87249e+06,2.87249e+06,1.37461e+07
0,0,0,1.63728e+08,0,2.452e+07,-2.87262e+06,2.87262e+06,1.37461e+07
0,0,0,1.63728e+08,0,2.45215e+07,-2.87275e+06,2.87275e+06,1.37461e+07
0,0,0,1.63728e+08,0,2.4523e+07,-2.87288e+06,2.87288e+06,1.37461e+07
0,0,0,1.63728e+08,0,2.41885e+07,-2.84344e+06,2.84344e+06,1.37461e+07
0,0,0,1.63728e+08,0,2.41899e+07,-2.84356e+06,2.84356e+06,1.37461e+07
0,0,0,1.63728e+08,0,2.41914e+07,-2.84369e+06,2.84369e+06,1.37461e+07
0,0,0,1.63728e+08,0,2.41928e+07,-2.84382e+06,2.84382e+06,1.37461e+07
0,0,0,1.63728e+08,0,2.53641e+07,-2.94692e+06,2.94692e+06,1.37461e+07
0,0,0,1.63728e+08,0,2.53656e+07,-2.94705e+06,2.94705e+06,1.37461e+07
0,0,0,1.63728e+08,0,2.53671e+07,-2.94719e+06,2.94719e+06,1.37461e+07
0,0,0,1.63728e+08,0,2.53687e+07,-2.94733e+06,2.94733e+06,1.37461e+07
0,0,0,1.63728e+08,0,2.53702e+07,-2.94746e+06,2.94746e+06,1.37461e+07
0,0,0,1.63728e+08,0,2.56473e+07,-2.97185e+06,2.97185e+06,1.37461e+07
0,0,0,1.63728e+08,0,2.56488e+07,-2.97199e+06,2.97199e+06,1.37461e+07
0,0,0,1.63728e+08,0,2.56504e+07,-2.97212e+06,2.97212e+06,1.37461e+07
0,0,0,1.63728e+08,0,2.56519e+07,-2.97226e+06,2.97226e+06,1.37461e+07
0,0,0,1.63728e+08,0,2.6237e+07,-3.02377e+06,3.02377e+06,1.37461e+07
0,0,0,1.63728e+08,0,2.62386e+07,-3.02391e+06,3.02391e+06,1.37461e+07
0,0,0,1.63728e+08,0,2.62402e+07,-3.02405e+06,3.02405e+06,1.37461e+07
0,0,0,1.63728e+08,0,2.62418e+07,-3.02419e+06,3.02419e+06,1.37461e+07
0,0,0,1.63728e+08,0,2.81792e+07,-3.19473e+06,3.19473e+06,1.37461e+07
0,0,0,1.63728e+08,0,2.81809e+07,-3.19488e+06,3.19488e+06,1.37461e+07
0,0,0,1.63728e+08,0,2.81826e+07,-3.19503e+06,3.19503e+06,1.37461e+07
0,0,0,1.63728e+08,0,2.81844e+07,-3.19518e+06,3.19518e+06,1.37461e+07
0,0,0,1.63728e+08,0,2.81861e+07,-3.19533e+06,3.19533e+06,1.37461e+07
0,0,0,1.63728e+08,0,2.71005e+07,-3.09977e+06,3.09977e+06,1.37461e+07
0,0,0,1.63728e+08,0,2.71021e+07,-3.09992e+06,3.09992e+06,1.37461e+07
0,0,0,1.63728e+08,0,2.71038e+07,-3.10006e+06,3.10006e+06,1.37461e+07
0,0,0,1.63728e+08,0,2.71054e+07,-3.10021e+06,3.10021e+06,1.37461e+07
0,0,0,1.63728e+08,0,2.61492e+07,-3.01604e+06,3.01604e+06,1.37461e+07
0,0,0,1.63728e+08,0,2.61508e+07,-3.01618e+06,3.01618e+06,1.37461e+07
0,0,0,1.63728e+08,0,2.61524e+07,-3.01631e+06,3.01631e+06,1.37461e+07
0,0,0,1.63728e+08,0,2.6154e+07,-3.01645e+06,3.01645e+06,1.37461e+07
0,0,0,1.63728e+08,0,2.39369e+07,-2.8213e+06,2.8213e+06,1.37461e+07
0,0,0,1.63728e+08,0,2.39384e+07,-2.82142e+06,2.82142e+06,1.37461e+07
0,0,0,1.63728e+08,0,2.39398e+07,-2.82155e+06,2.82155e+06,1.37461e+07
0,0,0,1.63728e+08,0,2.39413e+07,-2.82168e+06,2.82168e+06,1.37461e+07
0,0,0,1.63728e+08,0,2.39427e+07,-2.8218e+06,2.8218e+06,1.37461e+07
0,0,0,1.63728e+08,0,2.46664e+07,-2.88551e+06,2.88551e+06,1.37461e+07
0,0,0,1.63728e+08,0,2.46677e+07,-2.88563e+06,2.88563e+06,1.37461e+07
0,0,0,1.63728e+08,0,2.46691e+07,-2.88575e+06,2.88575e+06,1.37461e+07
0,0,0,1.63728e+08,0,2.46705e+07,-2.88587e+06,2.88587e+06,1.37461e+07
0,0,0,1.63728e+08,0,2.72089e+07,-3.10931e+06,3.10931e+06,1.37461e+07
0,0,0,1.63728e+08,0,2.72104e+07,-3.10945e+06,3.10945e+06,1.37461e+07
0,0,0,1.63728e+08,0,2.72119e+07,-3.10958e+06,3.10958e+06,1.37461e+07
0,0,0,1.63728e+08,0,2.72134e+07,-3.10972e+06,3.10972e+06,1.37461e+07
0,0,0,1.63728e+08,0,2.37222e+07,-2.8024e+06,2.8024e+06,1.37461e+07
0,0,0,1.63728e+08,0,2.37236e+07,-2.80251e+06,2.80251e+06,1.37461e+07
0,0,0,1.63728e+08,0,2.37249e+07,-2.80263e+06,2.80263e+06,1.37461e+07
0,0,0,1.63728e+08,0,2.37262e+07,-2.80274e+06,2.80274e+06,1.37461e+07
0,0,0,1.63728e+08,0,2.37275e+07,-2.80286e+06,2.80286e+06,1.37461e+07
0,0,0,1.63728e+08,0,2.4594e+07,-2.87913e+06,2.87913e+06,1.37461e+07
0,0,0,1.63728e+08,0,2.45953e+07,-2.87925e+06,2.87925e+06,1.37461e+07
0,0,0,1.63728e+08,0,2.45967e+07,-2.87937e+06,2.87937e+06,1.37461e+07
0,0,0,1.63728e+08,0,2.45981e+07,-2.87949e+06,2.87949e+06,1.37461e+07
0,0,0,1.63728e+08,0,2.42624e+07,-2.84994e+06,2.84994e+06,1.37461e+07
0,0,0,1.63728e+08,0,2.42637e+07,-2.85006e+06,2.85006e+06,1.37461e+07
0,0,0,1.63728e+08,0,2.42651e+07,-2.85018e+06,2.85018e+06,1.37461e+07
0,0,0,1.63728e+08,0,2.42664e+07,-2.8503e+06,2.8503e+06,1.37461e+07
0,0,0,1.63728e+08,0,2.54413e+07,-2.95372e+06,2.95372e+06,1.37461e+07
0,0,0,1.63728e+08,0,2.54427e+07,-2.95384e+06,2.95384e+06,1.37461e+07
0,0,0,1.63728e+08,0,2.54441e+07,-2.95397e+06,2.95397e+06,1.37461e+07
0,0,0,1.63728e+08,0,2.54455e+07,-2.95409e+06,2.95409e+06,1.37461e+07
0,0,0,1.63728e+08,0,2.54469e+07,-2.95422e+06,2.95422e+06,1.37461e+07
0,0,0,1.63728e+08,0,2.57248e+07,-2.97867e+06,2.97867e+06,1.37461e+07
0,0,0,1.63728e+08,0,2.57262e+07,-2.9788e+06,2.9788e+06,1.37461e+07
0,0,0,1.63728e+08,0,2.57276e+07,-2.97892e+06,2.97892e+06,1.37461e+07
0,0,0,1.63728e+08,0,2.57291e+07,-2.97905e+06,2.97905e+06,1.37461e+07
0,0,0,1.63728e+08,0,2.63159e+07,-3.03071e+06,3.03071e+06,1.37461e+07
0,0,0,1.63728e+08,0,2.63174e+07,-3.03084e+06,3.03084e+06,1.37461e+07
0,0,0,1.63728e+08,0,2.63189e+07,-3.03097e+06,3.03097e+06,1.37461e+07
0,0,0,1.63728e+08,0,2.63203e+07,-3.0311e+06,3.0311e+06,1.37461e+07
0,0,0,1.63728e+08,0,2.82637e+07,-3.20217e+06,3.20217e+06,1.37461e+07
0,0,0,1.63728e+08,0,2.82653e+07,-3.2023e+06,3.2023e+06,1.37461e+07
0,0,0,1.63728e+08,0,2.82668e+07,-3.20244e+06,3.20244e+06,1.37461e+07
0,0,0,1.63728e+08,0,2.82684e+07,-3.20258e+06,3.20258e+06,1.37461e+07
0,0,0,1.63728e+08,0,2.827e+07,-3.20272e+06,3.20272e+06,1.37461e+07
0,0,0,1.63728e+08,0,2.71809e+07,-3.10685e+06,3.10685e+06,1.37461e+07
0,0,0,1.63728e+08,0,2.71824e+07,-3.10699e+06,3.10699e+06,1.37461e+07
0,0,0,1.63728e+08,0,2.7184e+07,-3.10712e+06,3.10712e+06,1.37461e+07
0,0,0,1.63728e+08,0,2.71855e+07,-3.10725e+06,3.10725e+06,1.37461e+07
0,0,0,1.63728e+08,0,2.62262e+07,-3.02281e+06,3.02281e+06,1.37461e+07
0,0,0,1.63728e+08,0,2.62276e+07,-3.02294e+06,3.02294e+06,1.37461e+07
0,0,0,1.63728e+08,0,2.62291e+07,-3.02307e+06,3.02307e+06,1.37461e+07
0,0,0,1.63728e+08,0,2.62306e+07,-3.0232e+06,3.0232e+06,1.37461e+07
0,0,0,1.63728e+08,0,2.40066e+07,-2.82743e+06,2.82743e+06,1.37461e+07
0,0,0,1.63728e+08,0,2.40079e+07,-2.82754e+06,2.82754e+06,1.37461e+07
0,0,0,1.63728e+08,0,2.40093e+07,-2.82766e+06,2.82766e+06,1.37461e+07
0,0,0,1.63728e+08,0,2.40106e+07,-2.82778e+06,2.82778e+06,1.37461e+07
0,0,0,1.63728e+08,0,2.40119e+07,-2.82789e+06,2.82789e+06,1.37461e+07
0,0,0,1.63728e+08,0,2.47377e+07,-2.89178e+06,2.89178e+06,1.37461e+07
0,0,0,1.63728e+08,0,2.47389e+07,-2.89189e+06,2.89189e+06,1.37461e+07
0,0,0,1.63728e+08,0,2.47402e+07,-2.892e+06,2.892e+06,1.37461e+07
0,0,0,1.63728e+08,0,2.47414e+07,-2.89211e+06,2.89211e+06,1.37461e+07
0,0,0,1.63728e+08,0,2.72874e+07,-3.11623e+06,3.11623e+06,1.37461e+07
0,0,0,1.63728e+08,0,2.72888e+07,-3.11635e+06,3.11635e+06,1.37461e+07
0,0,0,1.63728e+08,0,2.72902e+07,-3.11647e+06,3.11647e+06,1.37461e+07
0,0,0,1.63728e+08,0,2.72916e+07,-3.11659e+06,3.11659e+06,1.37461e+07
0,0,0,1.63728e+08,0,2.37898e+07,-2.80834e+06,2.80834e+06,1.37461e+07
0,0,0,1.63728e+08,0,2.3791e+07,-2.80844e+06,2.80844e+06,1.37461e+07
0,0,0,1.63728e+08,0,2.37922e+07,-2.80855e+06,2.80855e+06,1.37461e+07
0,0,0,1.63728e+08,0,2.37934e+07,-2.80866e+06,2.80866e+06,1.37461e+07
0,0,0,1.63728e+08,0,2.37946e+07,-2.80876e+06,2.80876e+06,1.37461e+07
0,0,0,1.63728e+08,0,2.46635e+07,-2.88525e+06,2.88525e+06,1.37461e+07
0,0,0,1.63728e+08,0,2.46648e+07,-2.88536e+06,2.88536e+06,1.37461e+07
0,0,0,1.63728e+08,0,2.4666e+07,-2.88547e+06,2.88547e+06,1.37461e+07
0,0,0,1.63728e+08,0,2.46673e+07,-2.88558e+06,2.88558e+06,1.37461e+07
0,0,0,1.63728e+08,0,2.43305e+07,-2.85594e+06,2.85594e+06,1.37461e+07
0,0,0,1.63728e+08,0,2.43317e+07,-2.85604e+06,2.85604e+06,1.37461e+07
0,0,0,1.63728e+08,0,2.43329e+07,-2.85615e+06,2.85615e+06,1.37461e+07
0,0,0,1.63728e+08,0,2.43342e+07,-2.85626e+06,2.85626e+06,1.37461e+07
0,0,0,1.63728e+08,0,2.55124e+07,-2.95998e+06,2.95998e+06,1.37461e+07
0,0,0,1.63728e+08,0,2.55137e+07,-2.96009e+06,2.96009e+06,1.37461e+07
0,0,0,1.63728e+08,0,2.5515e+07,-2.9602e+06,2.9602e+06,1.37461e+07
0,0,0,1.63728e+08,0,2.55163e+07,-2.96032e+06,2.96032e+06,1.37461e+07
0,0,0,1.63728e+08,0,2.55176e+07,-2.96043e+06,2.96043e+06,1.37461e+07
0,0,0,1.63728e+08,0,2.57961e+07,-2.98495e+06,2.98495e+06,1.37461e+07
0,0,0,1.63728e+08,0,2.57974e+07,-2.98507e+06,2.98507e+06,1.37461e+07
0,0,0,1.63728e+08,0,2.57987e+07,-2.98518e+06,2.98518e+06,1.37461e+07
0,0,0,1.63728e+08,0,2.58e+07,-2.9853e+06,2.9853e+06,1.37461e+07
0,0,0,1.63728e+08,0,2.63885e+07,-3.0371e+06,3.0371e+06,1.37461e+07
0,0,0,1.63728e+08,0,2.63898e+07,-3.03721e+06,3.03721e+06,1.37461e+07
0,0,0,1.63728e+08,0,2.63912e+07,-3.03733e+06,3.03733e+06,1.37461e+07
0,0,0,1.63728e+08,0,2.63925e+07,-3.03745e+06,3.03745e+06,1.37461e+07
0,0,0,1.63728e+08,0,2.83413e+07,-3.209e+06,3.209e+06,1.37461e+07
0,0,0,1.63728e+08,0,2.83428e+07,-3.20913e+06,3.20913e+06,1.37461e+07
0,0,0,1.63728e+08,0,2.83442e+07,-3.20926e+06,3.20926e+06,1.37461e+07
0,0,0,1.63728e+08,0,2.83457e+07,-3.20938e+06,3.20938e+06,1.37461e+07
0,0,0,1.63728e+08,0,2.83471e+07,-3.20951e+06,3.20951e+06,1.37461e+07
0,0,0,1.63728e+08,0,2.72548e+07,-3.11336e+06,3.11336e+06,1.37461e+07
0,0,0,1.63728e+08,0,2.72562e+07,-3.11348e+06,3.11348e+06,1.37461e+07
0,0,0,1.63728e+08,0,2.72576e+07,-3.1136e+06,3.1136e+06,1.37461e+07
0,0,0,1.63728e+08,0,2.7259e+07,-3.11372e+06,3.11372e+06,1.37461e+07
0,0,0,1.63728e+08,0,2.62968e+07,-3.02903e+06,3.02903e+06,1.37461e+07
0,0,0,1.63728e+08,0,2.62982e+07,-3.02915e+06,3.02915e+06,1.37461e+07
0,0,0,1.63728e+08,0,2.62995e+07,-3.02927e+06,3.02927e+06,1.37461e+07
0,0,0,1.63728e+08,0,2.63009e+07,-3.02938e+06,3.02938e+06,1.37461e+07
0,0,0,1.63728e+08,0,2.40705e+07,-2.83305e+06,2.83305e+06,1.37461e+07
0,0,0,1.63728e+08,0,2.40717e+07,-2.83316e+06,2.83316e+06,1.37461e+07
0,0,0,1.63728e+08,0,2.40729e+07,-2.83327e+06,2.83327e+06,1.37461e+07
0,0,0,1.63728e+08,0,2.40742e+07,-2.83337e+06,2.83337e+06,1.37461e+07
0,0,0,1.63728e+08,0,2.40754e+07,-2.83348e+06,2.83348e+06,1.37461e+07
0,0,0,1.63728e+08,0,2.4803e+07,-2.89754e+06,2.89754e+06,1.37461e+07
0,0,0,1.63728e+08,0,2.48042e+07,-2.89764e+06,2.89764e+06,1.37461e+07
0,0,0,1.63728e+08,0,2.48053e+07,-2.89774e+06,2.89774e+06,1.37461e+07
0,0,0,1.63728e+08,0,2.48065e+07,-2.89784e+06,2.89784e+06,1.37461e+07
0,0,0,1.63728e+08,0,2.73594e+07,-3.12256e+06,3.12256e+06,1.37461e+07
0,0,0,1.63728e+08,0,2.73606e+07,-3.12267e+06,3.12267e+06,1.37461e+07
0,0,0,1.63728e+08,0,2.73619e+07,-3.12279e+06,3.12279e+06,1.37461e+07
0,0,0,1.63728e+08,0,2.73632e+07,-3.1229e+06,3.1229e+06,1.37461e+07
0,0,0,1.63728e+08,0,2.38516e+07,-2.81378e+06,2.81378e+06,1.37461e+07
0,0,0,1.63728e+08,0,2.38527e+07,-2.81388e+06,2.81388e+06,1.37461e+07
0,0,0,1.63728e+08,0,2.38538e+07,-2.81398e+06,2.81398e+06,1.37461e+07
0,0,0,1.63728e+08,0,2.38549e+07,-2.81407e+06,2.81407e+06,1.37461e+07
0,0,0,1.63728e+08,0,2.3856e+07,-2.81417e+06,2.81417e+06,1.37461e+07
0,0,0,1.63728e+08,0,2.47272e+07,-2.89086e+06,2.89086e+06,1.37461e+07
0,0,0,1.63728e+08,0,2.47283e+07,-2.89096e+06,2.89096e+06,1.37461e+07
0,0,0,1.63728e+08,0,2.47295e+07,-2.89106e+06,2.89106e+06,1.37461e+07
0,0,0,1.63728e+08,0,2.47306e+07,-2.89116e+06,2.89116e+06,1.37461e+07
0,0,0,1.63728e+08,0,2.43928e+07,-2.86142e+06,2.86142e+06,1.37461e+07
0,0,0,1.63728e+08,0,2.43939e+07,-2.86152e+06,2.86152e+06,1.37461e+07
0,0,0,1.63728e+08,0,2.4395e+07,-2.86162e+06,2.86162e+06,1.37461e+07
0,0,0,1.63728e+08,0,2.43962e+07,-2.86172e+06,2.86172e+06,1.37461e+07
0,0,0,1.63728e+08,0,2.55774e+07,-2.9657e+06,2.9657e+06,1.37461e+07
0,0,0,1.63728e+08,0,2.55786e+07,-2.96581e+06,2.96581e+06,1.37461e+07
0,0,0,1.63728e+08,0,2.55798e+07,-2.96591e+06,2.96591e+06,1.37461e+07
0,0,0,1.63728e+08,0,2.5581e+07,-2.96601e+06,2.96601e+06,1.37461e+07
0,0,0,1.63728e+08,0,2.55822e+07,-2.96612e+06,2.96612e+06,1.37461e+07
0,0,0,1.63728e+08,0,2.58613e+07,-2.99069e+06,2.99069e+06,1.37461e+07
0,0,0,1.63728e+08,0,2.58625e+07,-2.99079e+06,2.99079e+06,1.37461e+07
0,0,0,1.63728e+08,0,2.58637e+07,-2.9909e+06,2.9909e+06,1.37461e+07
0,0,0,1.63728e+08,0,2.58649e+07,-2.99101e+06,2.99101e+06,1.37461e+07
0,0,0,1.63728e+08,0,2.64547e+07,-3.04293e+06,3.04293e+06,1.37461e+07
0,0,0,1.63728e+08,0,2.6456e+07,-3.04304e+06,3.04304e+06,1.37461e+07
0,0,0,1.63728e+08,0,2.64572e+07,-3.04315e+06,3.04315e+06,1.37461e+07
0,0,0,1.63728e+08,0,2.64584e+07,-3.04325e+06,3.04325e+06,1.37461e+07
0,0,0,1.63728e+08,0,2.84122e+07,-3.21524e+06,3.21524e+06,1.37461e+07
0,0,0,1.63728e+08,0,2.84136e+07,-3.21536e+06,3.21536e+06,1.37461e+07
0,0,0,1.63728e+08,0,2.84149e+07,-3.21547e+06,3.21547e+06,1.37461e+07
0,0,0,1.63728e+08,0,2.84162e+07,-3.21559e+06,3.21559e+06,1.37461e+07
0,0,0,1.63728e+08,0,2.84175e+07,-3.21571e+06,3.21571e+06,1.37461e+07
0,0,0,1.63728e+08,0,2.73222e+07,-3.11929e+06,3.11929e+06,1.37461e+07
0,0,0,1.63728e+08,0,2.73235e+07,-3.1194e+06,3.1194e+06,1.37461e+07
0,0,0,1.63728e+08,0,2.73248e+07,-3.11951e+06,3.11951e+06,1.37461e+07
0,0,0,1.63728e+08,0,2.7326e+07,-3.11963e+06,3.11963e+06,1.37461e+07
0,0,0,1.63728e+08,0,2.63613e+07,-3.0347e+06,3.0347e+06,1.37461e+07
0,0,0,1.63728e+08,0,2.63625e+07,-3.03481e+06,3.03481e+06,1.37461e+07
0,0,0,1.63728e+08,0,2.63637e+07,-3.03492e+06,3.03492e+06,1.37461e+07
0,0,0,1.63728e+08,0,2.63649e+07,-3.03502e+06,3.03502e+06,1.37461e+07
0,0,0,1.63728e+08,0,2.41288e+07,-2.83818e+06,2.83818e+06,1.37461e+07
0,0,0,1.63728e+08,0,2.41299e+07,-2.83828e+06,2.83828e+06,1.37461e+07
0,0,0,1.63728e+08,0,2.4131e+07,-2.83838e+06,2.83838e+06,1.37461e+07
0,0,0,1.63728e+08,0,2.41321e+07,-2.83847e+06,2.83847e+06,1.37461e+07
0,0,0,1.63728e+08,0,2.41332e+07,-2.83857e+06,2.83857e+06,1.37461e+07
0,0,0,1.63728e+08,0,2.48626e+07,-2.90278e+06,2.90278e+06,1.37461e+07
0,0,0,1.63728e+08,0,2.48636e+07,-2.90287e+06,2.90287e+06,1.37461e+07
0,0,0,1.63728e+08,0,2.48647e+07,-2.90296e+06,2.90296e+06,1.37461e+07
0,0,0,1.63728e+08,0,2.48657e+07,-2.90305e+06,2.90305e+06,1.37461e+07
0,0,0,1.63728e+08,0,2.74249e+07,-3.12833e+06,3.12833e+06,1.37461e+07
0,0,0,1.63728e+08,0,2.7426e+07,-3.12843e+06,3.12843e+06,1.37461e+07
0,0,0,1.63728e+08,0,2.74272e+07,-3.12853e+06,3.12853e+06,1.37461e+07
0,0,0,1.63728e+08,0,2.74283e+07,-3.12863e+06,3.12863e+06,1.37461e+07
0,0,0,1.63728e+08,0,2.39079e+07,-2.81874e+06,2.81874e+06,1.37461e+07
0,0,0,1.63728e+08,0,2.39089e+07,-2.81882e+06,2.81882e+06,1.37461e+07
0,0,0,1.63728e+08,0,2.39098e+07,-2.81891e+06,2.81891e+06,1.37461e+07
0,0,0,1.63728e+08,0,2.39108e+07,-2.819e+06,2.819e+06,1.37461e+07
0,0,0,1.63728e+08,0,2.39118e+07,-2.81908e+06,2.81908e+06,1.37461e+07
0,0,0,1.63728e+08,0,2.47851e+07,-2.89595e+06,2.89595e+06,1.37461e+07
0,0,0,1.63728e+08,0,2.47861e+07,-2.89604e+06,2.89604e+06,1.37461e+07
0,0,0,1.63728e+08,0,2.47871e+07,-2.89613e+06,2.89613e+06,1.37461e+07
0,0,0,1.63728e+08,0,2.47882e+07,-2.89622e+06,2.89622e+06,1.37461e+07
0,0,0,1.63728e+08,0,2.44494e+07,-2.8664e+06,2.8664e+06,1.37461e+07
0,0,0,1.63728e+08,0,2.44504e+07,-2.86649e+06,2.86649e+06,1.37461e+07
0,0,0,1.63728e+08,0,2.44514e+07,-2.86658e+06,2.86658e+06,1.37461e+07
0,0,0,1.63728e+08,0,2.44524e+07,-2.86667e+06,2.86667e+06,1.37461e+07
0,0,0,1.63728e+08,0,2.56364e+07,-2.9709e+06,2.9709e+06,1.37461e+07
0,0,0,1.63728e+08,0,2.56375e+07,-2.97099e+06,2.97099e+06,1.37461e+07
0,0,0,1.63728e+08,0,2.56386e+07,-2.97108e+06,2.97108e+06,1.37461e+07
0,0,0,1.63728e+08,0,2.56396e+07,-2.97118e+06,2.97118e+06,1.37461e+07
0,0,0,1.63728e+08,0,2.56407e+07,-2.97127e+06,2.97127e+06,1.37461e+07
0,0,0,1.63728e+08,0,2.59204e+07,-2.99589e+06,2.99589e+06,1.37461e+07
0,0,0,1.63728e+08,0,2.72225e+07,-1.69491e+06,1.69491e+06,1.21551e+07
0,0,0,1.63728e+08,0,2.76574e+07,-1.26124e+06,1.26124e+06,1.21551e+07
0,0,0,1.63728e+08,0,2.72248e+07,-1.69499e+06,1.69499e+06,1.21551e+07
0,0,0,1.63728e+08,0,2.78472e+07,-1.7158e+06,1.7158e+06,1.21551e+07
0,0,0,1.63728e+08,0,2.78484e+07,-1.71584e+06,1.71584e+06,1.21551e+07
0,0,0,1.63728e+08,0,2.6517e+07,-3.04841e+06,3.04841e+06,1.37461e+07
0,0,0,1.63728e+08,0,2.65181e+07,-3.04851e+06,3.04851e+06,1.37461e+07
0,0,0,1.63728e+08,0,2.84764e+07,-3.22089e+06,3.22089e+06,1.37461e+07
0,0,0,1.63728e+08,0,2.84776e+07,-3.221e+06,3.221e+06,1.37461e+07
0,0,0,1.63728e+08,0,2.84788e+07,-3.2211e+06,3.2211e+06,1.37461e+07
0,0,0,1.63728e+08,0,2.848e+07,-3.22121e+06,3.22121e+06,1.37461e+07
0,0,0,1.63728e+08,0,2.84812e+07,-3.22131e+06,3.22131e+06,1.37461e+07
0,0,0,1.63728e+08,0,2.73832e+07,-3.12466e+06,3.12466e+06,1.37461e+07
0,0,0,1.63728e+08,0,2.73843e+07,-3.12476e+06,3.12476e+06,1.37461e+07
0,0,0,1.63728e+08,0,2.73855e+07,-3.12486e+06,3.12486e+06,1.37461e+07
0,0,0,1.63728e+08,0,2.73866e+07,-3.12496e+06,3.12496e+06,1.37461e+07
0,0,0,1.63728e+08,0,2.64195e+07,-3.03983e+06,3.03983e+06,1.37461e+07
0,0,0,1.63728e+08,0,2.64206e+07,-3.03992e+06,3.03992e+06,1.37461e+07
0,0,0,1.63728e+08,0,2.64217e+07,-3.04002e+06,3.04002e+06,1.37461e+07
0,0,0,1.63728e+08,0,2.64228e+07,-3.04012e+06,3.04012e+06,1.37461e+07
0,0,0,1.63728e+08,0,2.41813e+07,-2.84281e+06,2.84281e+06,1.37461e+07
0,0,0,1.63728e+08,0,2.41824e+07,-2.8429e+06,2.8429e+06,1.37461e+07
0,0,0,1.63728e+08,0,2.41834e+07,-2.84299e+06,2.84299e+06,1.37461e+07
0,0,0,1.63728e+08,0,2.41844e+07,-2.84307e+06,2.84307e+06,1.37461e+07
0,0,0,1.63728e+08,0,2.41854e+07,-2.84316e+06,2.84316e+06,1.37461e+07
0,0,0,1.63728e+08,0,2.49163e+07,-2.90751e+06,2.90751e+06,1.37461e+07
0,0,0,1.63728e+08,0,2.49172e+07,-2.90759e+06,2.90759e+06,1.37461e+07
0,0,0,1.63728e+08,0,2.49181e+07,-2.90767e+06,2.90767e+06,1.37461e+07
0,0,0,1.63728e+08,0,2.49191e+07,-2.90775e+06,2.90775e+06,1.37461e+07
0,0,0,1.63728e+08,0,2.74839e+07,-3.13353e+06,3.13353e+06,1.37461e+07
0,0,0,1.63728e+08,0,2.74849e+07,-3.13362e+06,3.13362e+06,1.37461e+07
0,0,0,1.63728e+08,0,2.7486e+07,-3.13371e+06,3.13371e+06,1.37461e+07
0,0,0,1.63728e+08,0,2.7487e+07,-3.1338e+06,3.1338e+06,1.37461e+07
0,0,0,1.63728e+08,0,2.39585e+07,-2.82319e+06,2.82319e+06,1.37461e+07
0,0,0,1.63728e+08,0,2.39594e+07,-2.82327e+06,2.82327e+06,1.37461e+07
0,0,0,1.63728e+08,0,2.39603e+07,-2.82335e+06,2.82335e+06,1.37461e+07
0,0,0,1.63728e+08,0,2.39612e+07,-2.82343e+06,2.82343e+06,1.37461e+07
0,0,0,1.63728e+08,0,2.3962e+07,-2.8235e+06,2.8235e+06,1.37461e+07
0,0,0,1.63728e+08,0,2.48371e+07,-2.90053e+06,2.90053e+06,1.37461e+07
0,0,0,1.63728e+08,0,2.4838e+07,-2.90061e+06,2.90061e+06,1.37461e+07
0,0,0,1.63728e+08,0,2.48389e+07,-2.90069e+06,2.90069e+06,1.37461e+07
0,0,0,1.63728e+08,0,2.48399e+07,-2.90078e+06,2.90078e+06,1.37461e+07
0,0,0,1.63728e+08,0,2.45002e+07,-2.87088e+06,2.87088e+06,1.37461e+07
0,0,0,1.63728e+08,0,2.45011e+07,-2.87096e+06,2.87096e+06,1.37461e+07
0,0,0,1.63728e+08,0,2.4502e+07,-2.87104e+06,2.87104e+06,1.37461e+07
0,0,0,1.63728e+08,0,2.45029e+07,-2.87112e+06,2.87112e+06,1.37461e+07
0,0,0,1.63728e+08,0,2.56894e+07,-2.97556e+06,2.97556e+06,1.37461e+07
0,0,0,1.63728e+08,0,2.56904e+07,-2.97564e+06,2.97564e+06,1.37461e+07
0,0,0,1.63728e+08,0,2.56913e+07,-2.97573e+06,2.97573e+06,1.37461e+07
0,0,0,1.63728e+08,0,2.69812e+07,-1.68684e+06,1.68684e+06,1.21551e+07
0,0,0,1.63728e+08,0,2.56932e+07,-2.97589e+06,2.97589e+06,1.37461e+07
0,0,0,1.63728e+08,0,2.59734e+07,-3.00056e+06,3.00056e+06,1.37461e+07
0,0,0,1.63728e+08,0,2.77128e+07,-1.26215e+06,1.26215e+06,1.21551e+07
0,0,0,1.63728e+08,0,2.72792e+07,-1.69681e+06,1.69681e+06,1.21551e+07
0,0,0,1.63728e+08,0,2.72802e+07,-1.69684e+06,1.69684e+06,1.21551e+07
0,0,0,1.63728e+08,0,2.79038e+07,-1.7177e+06,1.7177e+06,1.21551e+07
0,0,0,1.63728e+08,0,2.79048e+07,-1.71773e+06,1.71773e+06,1.21551e+07
0,0,0,1.63728e+08,0,2.79059e+07,-1.71777e+06,1.71777e+06,1.21551e+07
0,0,0,1.63728e+08,0,2.79069e+07,-1.7178e+06,1.7178e+06,1.21551e+07
0,0,0,1.63728e+08,0,3.04526e+07,-1.30721e+06,1.30721e+06,1.21551e+07
0,0,0,1.63728e+08,0,3.04537e+07,-1.30723e+06,1.30723e+06,1.21551e+07
0,0,0,1.63728e+08,0,3.04548e+07,-1.30725e+06,1.30725e+06,1.21551e+07
0,0,0,1.63728e+08,0,2.99762e+07,-1.78701e+06,1.78701e+06,1.21551e+07
0,0,0,1.63728e+08,0,2.99774e+07,-1.78704e+06,1.78704e+06,1.21551e+07
0,0,0,1.63728e+08,0,2.88188e+07,-1.7483e+06,1.7483e+06,1.21551e+07
0,0,0,1.63728e+08,0,2.74387e+07,-3.12954e+06,3.12954e+06,1.37461e+07
0,0,0,1.63728e+08,0,2.74397e+07,-3.12963e+06,3.12963e+06,1.37461e+07
0,0,0,1.63728e+08,0,2.74407e+07,-3.12972e+06,3.12972e+06,1.37461e+07
0,0,0,1.63728e+08,0,2.64715e+07,-3.0444e+06,3.0444e+06,1.37461e+07
0,0,0,1.63728e+08,0,2.64724e+07,-3.04449e+06,3.04449e+06,1.37461e+07
0,0,0,1.63728e+08,0,2.64734e+07,-3.04457e+06,3.04457e+06,1.37461e+07
0,0,0,1.63728e+08,0,2.64744e+07,-3.04466e+06,3.04466e+06,1.37461e+07
0,0,0,1.63728e+08,0,2.42282e+07,-2.84694e+06,2.84694e+06,1.37461e+07
0,0,0,1.63728e+08,0,2.42291e+07,-2.84702e+06,2.84702e+06,1.37461e+07
0,0,0,1.63728e+08,0,2.423e+07,-2.84709e+06,2.84709e+06,1.37461e+07
0,0,0,1.63728e+08,0,2.42309e+07,-2.84717e+06,2.84717e+06,1.37461e+07
0,0,0,1.63728e+08,0,2.42318e+07,-2.84725e+06,2.84725e+06,1.37461e+07
0,0,0,1.63728e+08,0,2.42318e+07,-2.84725e+06,2.84725e+06,1.37461e+07
0,0,0,1.63728e+08,0,2.49641e+07,-2.91171e+06,2.91171e+06,1.37461e+07
0,0,0,1.63728e+08,0,2.49649e+07,-2.91179e+06,2.91179e+06,1.37461e+07
0,0,0,1.63728e+08,0,2.49657e+07,-2.91186e+06,2.91186e+06,1.37461e+07
0,0,0,1.63728e+08,0,2.49665e+07,-2.91193e+06,2.91193e+06,1.37461e+07
0,0,0,1.63728e+08,0,2.75364e+07,-3.13815e+06,3.13815e+06,1.37461e+07
0,0,0,1.63728e+08,0,2.75373e+07,-3.13823e+06,3.13823e+06,1.37461e+07
0,0,0,1.63728e+08,0,2.75382e+07,-3.13831e+06,3.13831e+06,1.37461e+07
0,0,0,1.63728e+08,0,2.75391e+07,-3.13838e+06,3.13838e+06,1.37461e+07
0,0,0,1.63728e+08,0,2.40035e+07,-2.82715e+06,2.82715e+06,1.37461e+07
0,0,0,1.63728e+08,0,2.40043e+07,-2.82722e+06,2.82722e+06,1.37461e+07
0,0,0,1.63728e+08,0,2.40051e+07,-2.82729e+06,2.82729e+06,1.37461e+07
0,0,0,1.63728e+08,0,2.40058e+07,-2.82736e+06,2.82736e+06,1.37461e+07
0,0,0,1.63728e+08,0,2.40066e+07,-2.82743e+06,2.82743e+06,1.37461e+07
0,0,0,1.63728e+08,0,2.48833e+07,-2.9046e+06,2.9046e+06,1.37461e+07
0,0,0,1.63728e+08,0,2.48841e+07,-2.90467e+06,2.90467e+06,1.37461e+07
0,0,0,1.63728e+08,0,2.48849e+07,-2.90474e+06,2.90474e+06,1.37461e+07
0,0,0,1.63728e+08,0,2.48857e+07,-2.90481e+06,2.90481e+06,1.37461e+07
0,0,0,1.63728e+08,0,2.45453e+07,-2.87484e+06,2.87484e+06,1.37461e+07
0,0,0,1.63728e+08,0,2.45461e+07,-2.87491e+06,2.87491e+06,1.37461e+07
0,0,0,1.63728e+08,0,2.45469e+07,-2.87498e+06,2.87498e+06,1.37461e+07
0,0,0,1.63728e+08,0,2.45477e+07,-2.87505e+06,2.87505e+06,1.37461e+07
0,0,0,1.63728e+08,0,2.57363e+07,-2.97969e+06,2.97969e+06,1.37461e+07
0,0,0,1.63728e+08,0,2.57371e+07,-2.97976e+06,2.97976e+06,1.37461e+07
0,0,0,1.63728e+08,0,2.5738e+07,-2.97983e+06,2.97983e+06,1.37461e+07
0,0,0,1.63728e+08,0,2.57388e+07,-2.97991e+06,2.97991e+06,1.37461e+07
0,0,0,1.63728e+08,0,2.57396e+07,-2.97998e+06,2.97998e+06,1.37461e+07
0,0,0,1.63728e+08,0,2.60202e+07,-3.00468e+06,3.00468e+06,1.37461e+07
0,0,0,1.63728e+08,0,2.60211e+07,-3.00475e+06,3.00475e+06,1.37461e+07
0,0,0,1.63728e+08,0,2.73283e+07,-1.69845e+06,1.69845e+06,1.21551e+07
0,0,0,1.63728e+08,0,2.73292e+07,-1.69848e+06,1.69848e+06,1.21551e+07
0,0,0,1.63728e+08,0,2.79538e+07,-1.71937e+06,1.71937e+06,1.21551e+07
0,0,0,1.63728e+08,0,2.79547e+07,-1.7194e+06,1.7194e+06,1.21551e+07
0,0,0,1.63728e+08,0,2.79556e+07,-1.71943e+06,1.71943e+06,1.21551e+07
0,0,0,1.63728e+08,0,2.79565e+07,-1.71946e+06,1.71946e+06,1.21551e+07
0,0,0,1.63728e+08,0,2.85845e+07,-3.2304e+06,3.2304e+06,1.37461e+07
0,0,0,1.63728e+08,0,2.85854e+07,-3.23049e+06,3.23049e+06,1.37461e+07
0,0,0,1.63728e+08,0,2.85863e+07,-3.23057e+06,3.23057e+06,1.37461e+07
0,0,0,1.63728e+08,0,2.85873e+07,-3.23065e+06,3.23065e+06,1.37461e+07
0,0,0,1.63728e+08,0,2.85882e+07,-3.23073e+06,3.23073e+06,1.37461e+07
0,0,0,1.63728e+08,0,2.74856e+07,-3.13367e+06,3.13367e+06,1.37461e+07
0,0,0,1.63728e+08,0,2.74865e+07,-3.13375e+06,3.13375e+06,1.37461e+07
0,0,0,1.63728e+08,0,2.74874e+07,-3.13383e+06,3.13383e+06,1.37461e+07
0,0,0,1.63728e+08,0,2.74883e+07,-3.13391e+06,3.13391e+06,1.37461e+07
0,0,0,1.63728e+08,0,2.65172e+07,-3.04842e+06,3.04842e+06,1.37461e+07
0,0,0,1.63728e+08,0,2.6518e+07,-3.0485e+06,3.0485e+06,1.37461e+07
0,0,0,1.63728e+08,0,2.65189e+07,-3.04858e+06,3.04858e+06,1.37461e+07
0,0,0,1.63728e+08,0,2.65197e+07,-3.04865e+06,3.04865e+06,1.37461e+07
0,0,0,1.63728e+08,0,2.42694e+07,-2.85056e+06,2.85056e+06,1.37461e+07
0,0,0,1.63728e+08,0,2.42702e+07,-2.85063e+06,2.85063e+06,1.37461e+07
0,0,0,1.63728e+08,0,2.4271e+07,-2.8507e+06,2.8507e+06,1.37461e+07
0,0,0,1.63728e+08,0,2.42718e+07,-2.85077e+06,2.85077e+06,1.37461e+07
0,0,0,1.63728e+08,0,2.42725e+07,-2.85084e+06,2.85084e+06,1.37461e+07
0,0,0,1.63728e+08,0,2.5006e+07,-2.91541e+06,2.91541e+06,1.37461e+07
0,0,0,1.63728e+08,0,2.50067e+07,-2.91547e+06,2.91547e+06,1.37461e+07
0,0,0,1.63728e+08,0,2.50074e+07,-2.91553e+06,2.91553e+06,1.37461e+07
0,0,0,1.63728e+08,0,2.50081e+07,-2.91559e+06,2.91559e+06,1.37461e+07
0,0,0,1.63728e+08,0,2.75824e+07,-3.14219e+06,3.14219e+06,1.37461e+07
0,0,0,1.63728e+08,0,2.75832e+07,-3.14226e+06,3.14226e+06,1.37461e+07
0,0,0,1.63728e+08,0,2.75839e+07,-3.14233e+06,3.14233e+06,1.37461e+07
0,0,0,1.63728e+08,0,2.75847e+07,-3.1424e+06,3.1424e+06,1.37461e+07
0,0,0,1.63728e+08,0,2.40429e+07,-2.83062e+06,2.83062e+06,1.37461e+07
0,0,0,1.63728e+08,0,2.40435e+07,-2.83068e+06,2.83068e+06,1.37461e+07
0,0,0,1.63728e+08,0,2.40442e+07,-2.83074e+06,2.83074e+06,1.37461e+07
0,0,0,1.63728e+08,0,2.40449e+07,-2.83079e+06,2.83079e+06,1.37461e+07
0,0,0,1.63728e+08,0,2.40455e+07,-2.83085e+06,2.83085e+06,1.37461e+07
0,0,0,1.63728e+08,0,2.49236e+07,-2.90815e+06,2.90815e+06,1.37461e+07
0,0,0,1.63728e+08,0,2.49243e+07,-2.90821e+06,2.90821e+06,1.37461e+07
0,0,0,1.63728e+08,0,2.4925e+07,-2.90827e+06,2.90827e+06,1.37461e+07
0,0,0,1.63728e+08,0,2.49257e+07,-2.90833e+06,2.90833e+06,1.37461e+07
0,0,0,1.63728e+08,0,2.45846e+07,-2.8783e+06,2.8783e+06,1.37461e+07
0,0,0,1.63728e+08,0,2.45852e+07,-2.87836e+06,2.87836e+06,1.37461e+07
0,0,0,1.63728e+08,0,2.45859e+07,-2.87842e+06,2.87842e+06,1.37461e+07
0,0,0,1.63728e+08,0,2.45866e+07,-2.87848e+06,2.87848e+06,1.37461e+07
0,0,0,1.63728e+08,0,2.57771e+07,-2.98328e+06,2.98328e+06,1.37461e+07
0,0,0,1.63728e+08,0,2.57778e+07,-2.98334e+06,2.98334e+06,1.37461e+07
0,0,0,1.63728e+08,0,2.57786e+07,-2.98341e+06,2.98341e+06,1.37461e+07
0,0,0,1.63728e+08,0,2.7504e+07,-1.25872e+06,1.25872e+06,1.21551e+07
0,0,0,1.63728e+08,0,2.75048e+07,-1.25873e+06,1.25873e+06,1.21551e+07
0,0,0,1.63728e+08,0,2.78055e+07,-1.26367e+06,1.26367e+06,1.21551e+07
0,0,0,1.63728e+08,0,2.60616e+07,-3.00833e+06,3.00833e+06,1.37461e+07
0,0,0,1.63728e+08,0,2.73709e+07,-1.69987e+06,1.69987e+06,1.21551e+07
0,0,0,1.63728e+08,0,2.60631e+07,-3.00845e+06,3.00845e+06,1.37461e+07
0,0,0,1.63728e+08,0,2.66572e+07,-3.06075e+06,3.06075e+06,1.37461e+07
0,0,0,1.63728e+08,0,2.6658e+07,-3.06082e+06,3.06082e+06,1.37461e+07
0,0,0,1.63728e+08,0,2.79987e+07,-1.72087e+06,1.72087e+06,1.21551e+07
0,0,0,1.63728e+08,0,2.79995e+07,-1.7209e+06,1.7209e+06,1.21551e+07
0,0,0,1.63728e+08,0,2.86283e+07,-3.23427e+06,3.23427e+06,1.37461e+07
0,0,0,1.63728e+08,0,2.86291e+07,-3.23434e+06,3.23434e+06,1.37461e+07
0,0,0,1.63728e+08,0,2.863e+07,-3.23441e+06,3.23441e+06,1.37461e+07
0,0,0,1.63728e+08,0,2.86308e+07,-3.23448e+06,3.23448e+06,1.37461e+07
0,0,0,1.63728e+08,0,2.86316e+07,-3.23455e+06,3.23455e+06,1.37461e+07
0,0,0,1.63728e+08,0,2.75271e+07,-3.13733e+06,3.13733e+06,1.37461e+07
0,0,0,1.63728e+08,0,2.75279e+07,-3.13739e+06,3.13739e+06,1.37461e+07
0,0,0,1.63728e+08,0,2.75286e+07,-3.13746e+06,3.13746e+06,1.37461e+07
0,0,0,1.63728e+08,0,2.75294e+07,-3.13753e+06,3.13753e+06,1.37461e+07
0,0,0,1.63728e+08,0,2.65566e+07,-3.0519e+06,3.0519e+06,1.37461e+07
0,0,0,1.63728e+08,0,2.65574e+07,-3.05196e+06,3.05196e+06,1.37461e+07
0,0,0,1.63728e+08,0,2.65581e+07,-3.05203e+06,3.05203e+06,1.37461e+07
0,0,0,1.63728e+08,0,2.65589e+07,-3.05209e+06,3.05209e+06,1.37461e+07
0,0,0,1.63728e+08,0,2.43049e+07,-2.85369e+06,2.85369e+06,1.37461e+07
0,0,0,1.63728e+08,0,2.43056e+07,-2.85375e+06,2.85375e+06,1.37461e+07
0,0,0,1.63728e+08,0,2.43063e+07,-2.85381e+06,2.85381e+06,1.37461e+07
0,0,0,1.63728e+08,0,2.4307e+07,-2.85387e+06,2.85387e+06,1.37461e+07
0,0,0,1.63728e+08,0,2.43076e+07,-2.85393e+06,2.85393e+06,1.37461e+07
0,0,0,1.63728e+08,0,2.50421e+07,-2.91858e+06,2.91858e+06,1.37461e+07
0,0,0,1.63728e+08,0,2.50427e+07,-2.91863e+06,2.91863e+06,1.37461e+07
0,0,0,1.63728e+08,0,2.50433e+07,-2.91868e+06,2.91868e+06,1.37461e+07
0,0,0,1.63728e+08,0,2.50439e+07,-2.91874e+06,2.91874e+06,1.37461e+07
0,0,0,1.63728e+08,0,2.76219e+07,-3.14567e+06,3.14567e+06,1.37461e+07
0,0,0,1.63728e+08,0,2.76226e+07,-3.14573e+06,3.14573e+06,1.37461e+07
0,0,0,1.63728e+08,0,2.76232e+07,-3.14579e+06,3.14579e+06,1.37461e+07
0,0,0,1.63728e+08,0,2.76238e+07,-3.14584e+06,3.14584e+06,1.37461e+07
0,0,0,1.63728e+08,0,2.40766e+07,-2.83359e+06,2.83359e+06,1.37461e+07
0,0,0,1.63728e+08,0,2.40772e+07,-2.83364e+06,2.83364e+06,1.37461e+07
0,0,0,1.63728e+08,0,2.40777e+07,-2.83369e+06,2.83369e+06,1.37461e+07
0,0,0,1.63728e+08,0,2.40783e+07,-2.83374e+06,2.83374e+06,1.37461e+07
0,0,0,1.63728e+08,0,2.40789e+07,-2.83379e+06,2.83379e+06,1.37461e+07
0,0,0,1.63728e+08,0,2.49581e+07,-2.91118e+06,2.91118e+06,1.37461e+07
0,0,0,1.63728e+08,0,2.49587e+07,-2.91123e+06,2.91123e+06,1.37461e+07
0,0,0,1.63728e+08,0,2.49592e+07,-2.91128e+06,2.91128e+06,1.37461e+07
0,0,0,1.63728e+08,0,2.49598e+07,-2.91134e+06,2.91134e+06,1.37461e+07
0,0,0,1.63728e+08,0,2.46181e+07,-2.88126e+06,2.88126e+06,1.37461e+07
0,0,0,1.63728e+08,0,2.46187e+07,-2.88131e+06,2.88131e+06,1.37461e+07
0,0,0,1.63728e+08,0,2.46193e+07,-2.88136e+06,2.88136e+06,1.37461e+07
0,0,0,1.63728e+08,0,2.46198e+07,-2.88141e+06,2.88141e+06,1.37461e+07
0,0,0,1.63728e+08,0,2.58119e+07,-2.98635e+06,2.98635e+06,1.37461e+07
0,0,0,1.63728e+08,0,2.58125e+07,-2.9864e+06,2.9864e+06,1.37461e+07
0,0,0,1.63728e+08,0,2.58131e+07,-2.98645e+06,2.98645e+06,1.37461e+07
0,0,0,1.63728e+08,0,2.58137e+07,-2.9865e+06,2.9865e+06,1.37461e+07
0,0,0,1.63728e+08,0,2.58143e+07,-2.98656e+06,2.98656e+06,1.37461e+07
0,0,0,1.63728e+08,0,2.60955e+07,-3.01131e+06,3.01131e+06,1.37461e+07
0,0,0,1.63728e+08,0,2.74065e+07,-1.70106e+06,1.70106e+06,1.21551e+07
0,0,0,1.63728e+08,0,2.78439e+07,-1.26431e+06,1.26431e+06,1.21551e+07
0,0,0,1.63728e+08,0,2.78445e+07,-1.26432e+06,1.26432e+06,1.21551e+07
0,0,0,1.63728e+08,0,2.66922e+07,-3.06383e+06,3.06383e+06,1.37461e+07
0,0,0,1.63728e+08,0,2.66928e+07,-3.06389e+06,3.06389e+06,1.37461e+07
0,0,0,1.63728e+08,0,2.66935e+07,-3.06394e+06,3.06394e+06,1.37461e+07
0,0,0,1.63728e+08,0,2.66941e+07,-3.064e+06,3.064e+06,1.37461e+07
0,0,0,1.63728e+08,0,2.86655e+07,-3.23754e+06,3.23754e+06,1.37461e+07
0,0,0,1.63728e+08,0,2.86662e+07,-3.2376e+06,3.2376e+06,1.37461e+07
0,0,0,1.63728e+08,0,2.86669e+07,-3.23766e+06,3.23766e+06,1.37461e+07
0,0,0,1.63728e+08,0,2.86675e+07,-3.23772e+06,3.23772e+06,1.37461e+07
0,0,0,1.63728e+08,0,2.86682e+07,-3.23777e+06,3.23777e+06,1.37461e+07
0,0,0,1.63728e+08,0,2.75621e+07,-3.14041e+06,3.14041e+06,1.37461e+07
0,0,0,1.63728e+08,0,2.75628e+07,-3.14047e+06,3.14047e+06,1.37461e+07
0,0,0,1.63728e+08,0,2.75634e+07,-3.14053e+06,3.14053e+06,1.37461e+07
0,0,0,1.63728e+08,0,2.75641e+07,-3.14058e+06,3.14058e+06,1.37461e+07
0,0,0,1.63728e+08,0,2.65899e+07,-3.05483e+06,3.05483e+06,1.37461e+07
0,0,0,1.63728e+08,0,2.65905e+07,-3.05488e+06,3.05488e+06,1.37461e+07
0,0,0,1.63728e+08,0,2.65911e+07,-3.05494e+06,3.05494e+06,1.37461e+07
0,0,0,1.63728e+08,0,2.65918e+07,-3.05499e+06,3.05499e+06,1.37461e+07
0,0,0,1.63728e+08,0,2.43348e+07,-2.85632e+06,2.85632e+06,1.37461e+07
0,0,0,1.63728e+08,0,2.43354e+07,-2.85637e+06,2.85637e+06,1.37461e+07
0,0,0,1.63728e+08,0,2.43359e+07,-2.85642e+06,2.85642e+06,1.37461e+07
0,0,0,1.63728e+08,0,2.43365e+07,-2.85647e+06,2.85647e+06,1.37461e+07
0,0,0,1.63728e+08,0,2.43371e+07,-2.85652e+06,2.85652e+06,1.37461e+07
0,0,0,1.63728e+08,0,2.50724e+07,-2.92124e+06,2.92124e+06,1.37461e+07
0,0,0,1.63728e+08,0,2.50729e+07,-2.92129e+06,2.92129e+06,1.37461e+07
0,0,0,1.63728e+08,0,2.50733e+07,-2.92133e+06,2.92133e+06,1.37461e+07
0,0,0,1.63728e+08,0,2.50738e+07,-2.92137e+06,2.92137e+06,1.37461e+07
0,0,0,1.63728e+08,0,2.76549e+07,-3.14858e+06,3.14858e+06,1.37461e+07
0,0,0,1.63728e+08,0,2.76555e+07,-3.14862e+06,3.14862e+06,1.37461e+07
0,0,0,1.63728e+08,0,2.7656e+07,-3.14867e+06,3.14867e+06,1.37461e+07
0,0,0,1.63728e+08,0,2.76565e+07,-3.14872e+06,3.14872e+06,1.37461e+07
0,0,0,1.63728e+08,0,2.41048e+07,-2.83607e+06,2.83607e+06,1.37461e+07
0,0,0,1.63728e+08,0,2.41052e+07,-2.83611e+06,2.83611e+06,1.37461e+07
0,0,0,1.63728e+08,0,2.41057e+07,-2.83615e+06,2.83615e+06,1.37461e+07
0,0,0,1.63728e+08,0,2.41061e+07,-2.83619e+06,2.83619e+06,1.37461e+07
0,0,0,1.63728e+08,0,2.41066e+07,-2.83623e+06,2.83623e+06,1.37461e+07
0,0,0,1.63728e+08,0,2.49867e+07,-2.9137e+06,2.9137e+06,1.37461e+07
0,0,0,1.63728e+08,0,2.49872e+07,-2.91375e+06,2.91375e+06,1.37461e+07
0,0,0,1.63728e+08,0,2.49877e+07,-2.91379e+06,2.91379e+06,1.37461e+07
0,0,0,1.63728e+08,0,2.49881e+07,-2.91383e+06,2.91383e+06,1.37461e+07
0,0,0,1.63728e+08,0,2.46459e+07,-2.8837e+06,2.8837e+06,1.37461e+07
0,0,0,1.63728e+08,0,2.46464e+07,-2.88374e+06,2.88374e+06,1.37461e+07
0,0,0,1.63728e+08,0,2.46468e+07,-2.88378e+06,2.88378e+06,1.37461e+07
0,0,0,1.63728e+08,0,2.46473e+07,-2.88383e+06,2.88383e+06,1.37461e+07
0,0,0,1.63728e+08,0,2.58407e+07,-2.98888e+06,2.98888e+06,1.37461e+07
0,0,0,1.63728e+08,0,2.58412e+07,-2.98892e+06,2.98892e+06,1.37461e+07
0,0,0,1.63728e+08,0,2.58416e+07,-2.98896e+06,2.98896e+06,1.37461e+07
0,0,0,1.63728e+08,0,2.58421e+07,-2.989e+06,2.989e+06,1.37461e+07
0,0,0,1.63728e+08,0,2.58426e+07,-2.98905e+06,2.98905e+06,1.37461e+07
0,0,0,1.63728e+08,0,2.6124e+07,-3.01382e+06,3.01382e+06,1.37461e+07
0,0,0,1.63728e+08,0,2.61245e+07,-3.01386e+06,3.01386e+06,1.37461e+07
0,0,0,1.63728e+08,0,2.6125e+07,-3.0139e+06,3.0139e+06,1.37461e+07
0,0,0,1.63728e+08,0,2.61255e+07,-3.01395e+06,3.01395e+06,1.37461e+07
0,0,0,1.63728e+08,0,2.67209e+07,-3.06636e+06,3.06636e+06,1.37461e+07
0,0,0,1.63728e+08,0,2.67214e+07,-3.0664e+06,3.0664e+06,1.37461e+07
0,0,0,1.63728e+08,0,2.67219e+07,-3.06644e+06,3.06644e+06,1.37461e+07
0,0,0,1.63728e+08,0,2.67224e+07,-3.06649e+06,3.06649e+06,1.37461e+07
0,0,0,1.63728e+08,0,2.86959e+07,-3.24021e+06,3.24021e+06,1.37461e+07
0,0,0,1.63728e+08,0,2.86964e+07,-3.24026e+06,3.24026e+06,1.37461e+07
0,0,0,1.63728e+08,0,2.8697e+07,-3.24031e+06,3.24031e+06,1.37461e+07
0,0,0,1.63728e+08,0,2.86975e+07,-3.24035e+06,3.24035e+06,1.37461e+07
0,0,0,1.63728e+08,0,2.8698e+07,-3.2404e+06,3.2404e+06,1.37461e+07
0,0,0,1.63728e+08,0,2.75907e+07,-3.14292e+06,3.14292e+06,1.37461e+07
0,0,0,1.63728e+08,0,2.75912e+07,-3.14297e+06,3.14297e+06,1.37461e+07
0,0,0,1.63728e+08,0,2.75917e+07,-3.14301e+06,3.14301e+06,1.37461e+07
0,0,0,1.63728e+08,0,2.75922e+07,-3.14306e+06,3.14306e+06,1.37461e+07
0,0,0,1.63728e+08,0,2.66169e+07,-3.0572e+06,3.0572e+06,1.37461e+07
0,0,0,1.63728e+08,0,2.66174e+07,-3.05724e+06,3.05724e+06,1.37461e+07
0,0,0,1.63728e+08,0,2.66179e+07,-3.05729e+06,3.05729e+06,1.37461e+07
0,0,0,1.63728e+08,0,2.66184e+07,-3.05733e+06,3.05733e+06,1.37461e+07
0,0,0,1.63728e+08,0,2.43589e+07,-2.85844e+06,2.85844e+06,1.37461e+07
0,0,0,1.63728e+08,0,2.43594e+07,-2.85848e+06,2.85848e+06,1.37461e+07
0,0,0,1.63728e+08,0,2.43598e+07,-2.85852e+06,2.85852e+06,1.37461e+07
0,0,0,1.63728e+08,0,2.43603e+07,-2.85856e+06,2.85856e+06,1.37461e+07
0,0,0,1.63728e+08,0,2.43607e+07,-2.8586e+06,2.8586e+06,1.37461e+07
0,0,0,1.63728e+08,0,2.50967e+07,-2.92338e+06,2.92338e+06,1.37461e+07
0,0,0,1.63728e+08,0,2.5097e+07,-2.92342e+06,2.92342e+06,1.37461e+07
0,0,0,1.63728e+08,0,2.50974e+07,-2.92345e+06,2.92345e+06,1.37461e+07
0,0,0,1.63728e+08,0,2.50978e+07,-2.92348e+06,2.92348e+06,1.37461e+07
0,0,0,1.63728e+08,0,2.76814e+07,-3.15091e+06,3.15091e+06,1.37461e+07
0,0,0,1.63728e+08,0,2.76818e+07,-3.15094e+06,3.15094e+06,1.37461e+07
0,0,0,1.63728e+08,0,2.76822e+07,-3.15098e+06,3.15098e+06,1.37461e+07
0,0,0,1.63728e+08,0,2.76826e+07,-3.15101e+06,3.15101e+06,1.37461e+07
0,0,0,1.63728e+08,0,2.41272e+07,-2.83804e+06,2.83804e+06,1.37461e+07
0,0,0,1.63728e+08,0,2.41275e+07,-2.83807e+06,2.83807e+06,1.37461e+07
0,0,0,1.63728e+08,0,2.41279e+07,-2.8381e+06,2.8381e+06,1.37461e+07
0,0,0,1.63728e+08,0,2.41282e+07,-2.83813e+06,2.83813e+06,1.37461e+07
0,0,0,1.63728e+08,0,2.41286e+07,-2.83816e+06,2.83816e+06,1.37461e+07
0,0,0,1.63728e+08,0,2.50095e+07,-2.91571e+06,2.91571e+06,1.37461e+07
0,0,0,1.63728e+08,0,2.50098e+07,-2.91574e+06,2.91574e+06,1.37461e+07
0,0,0,1.63728e+08,0,2.50102e+07,-2.91577e+06,2.91577e+06,1.37461e+07
0,0,0,1.63728e+08,0,2.50105e+07,-2.9158e+06,2.9158e+06,1.37461e+07
0,0,0,1.63728e+08,0,2.46679e+07,-2.88564e+06,2.88564e+06,1.37461e+07
0,0,0,1.63728e+08,0,2.46682e+07,-2.88567e+06,2.88567e+06,1.37461e+07
0,0,0,1.63728e+08,0,2.46686e+07,-2.8857e+06,2.8857e+06,1.37461e+07
0,0,0,1.63728e+08,0,2.46689e+07,-2.88573e+06,2.88573e+06,1.37461e+07
0,0,0,1.63728e+08,0,2.58633e+07,-2.99086e+06,2.99086e+06,1.37461e+07
0,0,0,1.63728e+08,0,2.71617e+07,-1.69288e+06,1.69288e+06,1.21551e+07
0,0,0,1.63728e+08,0,2.71621e+07,-1.69289e+06,1.69289e+06,1.21551e+07
0,0,0,1.63728e+08,0,2.58644e+07,-2.99096e+06,2.99096e+06,1.37461e+07
0,0,0,1.63728e+08,0,2.58647e+07,-2.99099e+06,2.99099e+06,1.37461e+07
0,0,0,1.63728e+08,0,2.74592e+07,-1.70283e+06,1.70283e+06,1.21551e+07
0,0,0,1.63728e+08,0,2.78973e+07,-1.26518e+06,1.26518e+06,1.21551e+07
0,0,0,1.63728e+08,0,2.78977e+07,-1.26519e+06,1.26519e+06,1.21551e+07
0,0,0,1.63728e+08,0,2.78981e+07,-1.2652e+06,1.2652e+06,1.21551e+07
0,0,0,1.63728e+08,0,2.85358e+07,-1.27569e+06,1.27569e+06,1.21551e+07
0,0,0,1.63728e+08,0,2.85362e+07,-1.27569e+06,1.27569e+06,1.21551e+07
0,0,0,1.63728e+08,0,2.85366e+07,-1.2757e+06,1.2757e+06,1.21551e+07
0,0,0,1.63728e+08,0,2.8537e+07,-1.27571e+06,1.27571e+06,1.21551e+07
0,0,0,1.63728e+08,0,2.87194e+07,-3.24228e+06,3.24228e+06,1.37461e+07
0,0,0,1.63728e+08,0,2.87198e+07,-3.24232e+06,3.24232e+06,1.37461e+07
0,0,0,1.63728e+08,0,2.87202e+07,-3.24235e+06,3.24235e+06,1.37461e+07
0,0,0,1.63728e+08,0,2.87206e+07,-3.24239e+06,3.24239e+06,1.37461e+07
0,0,0,1.63728e+08,0,2.8721e+07,-3.24242e+06,3.24242e+06,1.37461e+07
0,0,0,1.63728e+08,0,2.76126e+07,-3.14485e+06,3.14485e+06,1.37461e+07
0,0,0,1.63728e+08,0,2.7613e+07,-3.14489e+06,3.14489e+06,1.37461e+07
0,0,0,1.63728e+08,0,2.76134e+07,-3.14492e+06,3.14492e+06,1.37461e+07
0,0,0,1.63728e+08,0,2.76138e+07,-3.14495e+06,3.14495e+06,1.37461e+07
0,0,0,1.63728e+08,0,2.66375e+07,-3.05902e+06,3.05902e+06,1.37461e+07
0,0,0,1.63728e+08,0,2.66379e+07,-3.05905e+06,3.05905e+06,1.37461e+07
0,0,0,1.63728e+08,0,2.66382e+07,-3.05908e+06,3.05908e+06,1.37461e+07
0,0,0,1.63728e+08,0,2.66386e+07,-3.05912e+06,3.05912e+06,1.37461e+07
0,0,0,1.63728e+08,0,2.43772e+07,-2.86005e+06,2.86005e+06,1.37461e+07
0,0,0,1.63728e+08,0,2.43776e+07,-2.86008e+06,2.86008e+06,1.37461e+07
0,0,0,1.63728e+08,0,2.43779e+07,-2.86011e+06,2.86011e+06,1.37461e+07
0,0,0,1.63728e+08,0,2.43783e+07,-2.86014e+06,2.86014e+06,1.37461e+07
0,0,0,1.63728e+08,0,2.43786e+07,-2.86018e+06,2.86018e+06,1.37461e+07
0,0,0,1.63728e+08,0,2.5115e+07,-2.925e+06,2.925e+06,1.37461e+07
0,0,0,1.63728e+08,0,2.51153e+07,-2.92502e+06,2.92502e+06,1.37461e+07
0,0,0,1.63728e+08,0,2.51155e+07,-2.92504e+06,2.92504e+06,1.37461e+07
0,0,0,1.63728e+08,0,2.51158e+07,-2.92506e+06,2.92506e+06,1.37461e+07
0,0,0,1.63728e+08,0,2.77012e+07,-3.15265e+06,3.15265e+06,1.37461e+07
0,0,0,1.63728e+08,0,2.77015e+07,-3.15268e+06,3.15268e+06,1.37461e+07
0,0,0,1.63728e+08,0,2.77017e+07,-3.1527e+06,3.1527e+06,1.37461e+07
0,0,0,1.63728e+08,0,2.7702e+07,-3.15272e+06,3.15272e+06,1.37461e+07
0,0,0,1.63728e+08,0,2.41439e+07,-2.83952e+06,2.83952e+06,1.37461e+07
0,0,0,1.63728e+08,0,2.41442e+07,-2.83954e+06,2.83954e+06,1.37461e+07
0,0,0,1.63728e+08,0,2.41444e+07,-2.83956e+06,2.83956e+06,1.37461e+07
0,0,0,1.63728e+08,0,2.41446e+07,-2.83958e+06,2.83958e+06,1.37461e+07
0,0,0,1.63728e+08,0,2.41448e+07,-2.8396e+06,2.8396e+06,1.37461e+07
0,0,0,1.63728e+08,0,2.50263e+07,-2.91719e+06,2.91719e+06,1.37461e+07
0,0,0,1.63728e+08,0,2.50265e+07,-2.91721e+06,2.91721e+06,1.37461e+07
0,0,0,1.63728e+08,0,2.50268e+07,-2.91723e+06,2.91723e+06,1.37461e+07
0,0,0,1.63728e+08,0,2.5027e+07,-2.91725e+06,2.91725e+06,1.37461e+07
0,0,0,1.63728e+08,0,2.4684e+07,-2.88706e+06,2.88706e+06,1.37461e+07
0,0,0,1.63728e+08,0,2.46842e+07,-2.88708e+06,2.88708e+06,1.37461e+07
0,0,0,1.63728e+08,0,2.46845e+07,-2.8871e+06,2.8871e+06,1.37461e+07
0,0,0,1.63728e+08,0,2.46847e+07,-2.88712e+06,2.88712e+06,1.37461e+07
0,0,0,1.63728e+08,0,2.58798e+07,-2.99232e+06,2.99232e+06,1.37461e+07
0,0,0,1.63728e+08,0,2.588e+07,-2.99234e+06,2.99234e+06,1.37461e+07
0,0,0,1.63728e+08,0,2.58802e+07,-2.99236e+06,2.99236e+06,1.37461e+07
0,0,0,1.63728e+08,0,2.58805e+07,-2.99238e+06,2.99238e+06,1.37461e+07
0,0,0,1.63728e+08,0,2.58807e+07,-2.9924e+06,2.9924e+06,1.37461e+07
0,0,0,1.63728e+08,0,2.79141e+07,-1.26546e+06,1.26546e+06,1.21551e+07
0,0,0,1.63728e+08,0,2.79143e+07,-1.26546e+06,1.26546e+06,1.21551e+07
0,0,0,1.63728e+08,0,2.79146e+07,-1.26547e+06,1.26547e+06,1.21551e+07
0,0,0,1.63728e+08,0,2.61631e+07,-3.01726e+06,3.01726e+06,1.37461e+07
0,0,0,1.63728e+08,0,2.67591e+07,-3.06973e+06,3.06973e+06,1.37461e+07
0,0,0,1.63728e+08,0,2.67594e+07,-3.06975e+06,3.06975e+06,1.37461e+07
0,0,0,1.63728e+08,0,2.67597e+07,-3.06977e+06,3.06977e+06,1.37461e+07
0,0,0,1.63728e+08,0,2.67599e+07,-3.06979e+06,3.06979e+06,1.37461e+07
0,0,0,1.63728e+08,0,2.87361e+07,-3.24375e+06,3.24375e+06,1.37461e+07
0,0,0,1.63728e+08,0,2.87363e+07,-3.24377e+06,3.24377e+06,1.37461e+07
0,0,0,1.63728e+08,0,2.87366e+07,-3.2438e+06,3.2438e+06,1.37461e+07
0,0,0,1.63728e+08,0,2.87369e+07,-3.24382e+06,3.24382e+06,1.37461e+07
0,0,0,1.63728e+08,0,2.87372e+07,-3.24385e+06,3.24385e+06,1.37461e+07
0,0,0,1.63728e+08,0,2.7628e+07,-3.1462e+06,3.1462e+06,1.37461e+07
0,0,0,1.63728e+08,0,2.76282e+07,-3.14623e+06,3.14623e+06,1.37461e+07
0,0,0,1.63728e+08,0,2.76285e+07,-3.14625e+06,3.14625e+06,1.37461e+07
0,0,0,1.63728e+08,0,2.76288e+07,-3.14628e+06,3.14628e+06,1.37461e+07
0,0,0,1.63728e+08,0,2.66518e+07,-3.06028e+06,3.06028e+06,1.37461e+07
0,0,0,1.63728e+08,0,2.66521e+07,-3.0603e+06,3.0603e+06,1.37461e+07
0,0,0,1.63728e+08,0,2.66523e+07,-3.06032e+06,3.06032e+06,1.37461e+07
0,0,0,1.63728e+08,0,2.66526e+07,-3.06034e+06,3.06034e+06,1.37461e+07
0,0,0,1.63728e+08,0,2.43899e+07,-2.86116e+06,2.86116e+06,1.37461e+07
0,0,0,1.63728e+08,0,2.43901e+07,-2.86118e+06,2.86118e+06,1.37461e+07
0,0,0,1.63728e+08,0,2.43903e+07,-2.8612e+06,2.8612e+06,1.37461e+07
0,0,0,1.63728e+08,0,2.43906e+07,-2.86123e+06,2.86123e+06,1.37461e+07
0,0,0,1.63728e+08,0,2.43908e+07,-2.86125e+06,2.86125e+06,1.37461e+07
0,0,0,1.63728e+08,0,2.43908e+07,-2.86125e+06,2.86125e+06,1.37461e+07
0,0,0,1.63728e+08,0,2.51275e+07,-2.9261e+06,2.9261e+06,1.37461e+07
0,0,0,1.63728e+08,0,2.51276e+07,-2.92611e+06,2.92611e+06,1.37461e+07
0,0,0,1.63728e+08,0,2.51277e+07,-2.92612e+06,2.92612e+06,1.37461e+07
0,0,0,1.63728e+08,0,2.51279e+07,-2.92613e+06,2.92613e+06,1.37461e+07
0,0,0,1.63728e+08,0,2.77145e+07,-3.15382e+06,3.15382e+06,1.37461e+07
0,0,0,1.63728e+08,0,2.77146e+07,-3.15384e+06,3.15384e+06,1.37461e+07
0,0,0,1.63728e+08,0,2.77148e+07,-3.15385e+06,3.15385e+06,1.37461e+07
0,0,0,1.63728e+08,0,2.77149e+07,-3.15386e+06,3.15386e+06,1.37461e+07
0,0,0,1.63728e+08,0,2.4155e+07,-2.84049e+06,2.84049e+06,1.37461e+07
0,0,0,1.63728e+08,0,2.41551e+07,-2.8405e+06,2.8405e+06,1.37461e+07
0,0,0,1.63728e+08,0,2.41552e+07,-2.84051e+06,2.84051e+06,1.37461e+07
0,0,0,1.63728e+08,0,2.41554e+07,-2.84052e+06,2.84052e+06,1.37461e+07
0,0,0,1.63728e+08,0,2.41555e+07,-2.84053e+06,2.84053e+06,1.37461e+07
0,0,0,1.63728e+08,0,2.50372e+07,-2.91815e+06,2.91815e+06,1.37461e+07
0,0,0,1.63728e+08,0,2.50373e+07,-2.91816e+06,2.91816e+06,1.37461e+07
0,0,0,1.63728e+08,0,2.50375e+07,-2.91817e+06,2.91817e+06,1.37461e+07
0,0,0,1.63728e+08,0,2.50376e+07,-2.91818e+06,2.91818e+06,1.37461e+07
0,0,0,1.63728e+08,0,2.46943e+07,-2.88797e+06,2.88797e+06,1.37461e+07
0,0,0,1.63728e+08,0,2.46945e+07,-2.88798e+06,2.88798e+06,1.37461e+07
0,0,0,1.63728e+08,0,2.46946e+07,-2.88799e+06,2.88799e+06,1.37461e+07
0,0,0,1.63728e+08,0,2.46947e+07,-2.888e+06,2.888e+06,1.37461e+07
0,0,0,1.63728e+08,0,2.58902e+07,-2.99323e+06,2.99323e+06,1.37461e+07
0,0,0,1.63728e+08,0,2.58903e+07,-2.99324e+06,2.99324e+06,1.37461e+07
0,0,0,1.63728e+08,0,2.58904e+07,-2.99325e+06,2.99325e+06,1.37461e+07
0,0,0,1.63728e+08,0,2.58906e+07,-2.99327e+06,2.99327e+06,1.37461e+07
0,0,0,1.63728e+08,0,2.58907e+07,-2.99328e+06,2.99328e+06,1.37461e+07
0,0,0,1.63728e+08,0,2.61723e+07,-3.01807e+06,3.01807e+06,1.37461e+07
0,0,0,1.63728e+08,0,2.61724e+07,-3.01808e+06,3.01808e+06,1.37461e+07
0,0,0,1.63728e+08,0,2.61726e+07,-3.01809e+06,3.01809e+06,1.37461e+07
0,0,0,1.63728e+08,0,2.61727e+07,-3.0181e+06,3.0181e+06,1.37461e+07
0,0,0,1.63728e+08,0,2.67688e+07,-3.07058e+06,3.07058e+06,1.37461e+07
0,0,0,1.63728e+08,0,2.6769e+07,-3.07059e+06,3.07059e+06,1.37461e+07
0,0,0,1.63728e+08,0,2.67691e+07,-3.0706e+06,3.0706e+06,1.37461e+07
0,0,0,1.63728e+08,0,2.67693e+07,-3.07062e+06,3.07062e+06,1.37461e+07
0,0,0,1.63728e+08,0,2.8746e+07,-3.24462e+06,3.24462e+06,1.37461e+07
0,0,0,1.63728e+08,0,2.87461e+07,-3.24464e+06,3.24464e+06,1.37461e+07
0,0,0,1.63728e+08,0,2.87463e+07,-3.24465e+06,3.24465e+06,1.37461e+07
0,0,0,1.63728e+08,0,2.87464e+07,-3.24466e+06,3.24466e+06,1.37461e+07
0,0,0,1.63728e+08,0,2.87466e+07,-3.24468e+06,3.24468e+06,1.37461e+07
0,0,0,1.63728e+08,0,2.76369e+07,-3.14699e+06,3.14699e+06,1.37461e+07
0,0,0,1.63728e+08,0,2.7637e+07,-3.147e+06,3.147e+06,1.37461e+07
0,0,0,1.63728e+08,0,2.76372e+07,-3.14701e+06,3.14701e+06,1.37461e+07
0,0,0,1.63728e+08,0,2.76373e+07,-3.14703e+06,3.14703e+06,1.37461e+07
0,0,0,1.63728e+08,0,2.66599e+07,-3.06099e+06,3.06099e+06,1.37461e+07
0,0,0,1.63728e+08,0,2.666e+07,-3.061e+06,3.061e+06,1.37461e+07
0,0,0,1.63728e+08,0,2.66602e+07,-3.06101e+06,3.06101e+06,1.37461e+07
0,0,0,1.63728e+08,0,2.66603e+07,-3.06103e+06,3.06103e+06,1.37461e+07
0,0,0,1.63728e+08,0,2.43968e+07,-2.86177e+06,2.86177e+06,1.37461e+07
0,0,0,1.63728e+08,0,2.43969e+07,-2.86179e+06,2.86179e+06,1.37461e+07
0,0,0,1.63728e+08,0,2.4397e+07,-2.8618e+06,2.8618e+06,1.37461e+07
0,0,0,1.63728e+08,0,2.43972e+07,-2.86181e+06,2.86181e+06,1.37461e+07
0,0,0,1.63728e+08,0,2.43973e+07,-2.86182e+06,2.86182e+06,1.37461e+07
0,0,0,1.63728e+08,0,2.51341e+07,-2.92668e+06,2.92668e+06,1.37461e+07
0,0,0,1.63728e+08,0,2.51341e+07,-2.92668e+06,2.92668e+06,1.37461e+07
0,0,0,1.63728e+08,0,2.51341e+07,-2.92668e+06,2.92668e+06,1.37461e+07
0,0,0,1.63728e+08,0,2.51341e+07,-2.92668e+06,2.92668e+06,1.37461e+07
0,0,0,1.63728e+08,0,2.77213e+07,-3.15442e+06,3.15442e+06,1.37461e+07
0,0,0,1.63728e+08,0,2.77213e+07,-3.15443e+06,3.15443e+06,1.37461e+07
0,0,0,1.63728e+08,0,2.77214e+07,-3.15443e+06,3.15443e+06,1.37461e+07
0,0,0,1.63728e+08,0,2.77214e+07,-3.15443e+06,3.15443e+06,1.37461e+07
0,0,0,1.63728e+08,0,2.41605e+07,-2.84097e+06,2.84097e+06,1.37461e+07
0,0,0,1.63728e+08,0,2.41605e+07,-2.84097e+06,2.84097e+06,1.37461e+07
0,0,0,1.63728e+08,0,2.41605e+07,-2.84097e+06,2.84097e+06,1.37461e+07
0,0,0,1.63728e+08,0,2.41605e+07,-2.84098e+06,2.84098e+06,1.37461e+07
0,0,0,1.63728e+08,0,2.41605e+07,-2.84098e+06,2.84098e+06,1.37461e+07
0,0,0,1.63728e+08,0,2.50423e+07,-2.9186e+06,2.9186e+06,1.37461e+07
0,0,0,1.63728e+08,0,2.50424e+07,-2.9186e+06,2.9186e+06,1.37461e+07
0,0,0,1.63728e+08,0,2.50424e+07,-2.9186e+06,2.9186e+06,1.37461e+07
0,0,0,1.63728e+08,0,2.50424e+07,-2.9186e+06,2.9186e+06,1.37461e+07
0,0,0,1.63728e+08,0,2.46989e+07,-2.88837e+06,2.88837e+06,1.37461e+07
0,0,0,1.63728e+08,0,2.4699e+07,-2.88837e+06,2.88837e+06,1.37461e+07
0,0,0,1.63728e+08,0,2.4699e+07,-2.88837e+06,2.88837e+06,1.37461e+07
0,0,0,1.63728e+08,0,2.4699e+07,-2.88838e+06,2.88838e+06,1.37461e+07
0,0,0,1.63728e+08,0,2.71942e+07,-1.69396e+06,1.69396e+06,1.21551e+07
0,0,0,1.63728e+08,0,2.71942e+07,-1.69396e+06,1.69396e+06,1.21551e+07
0,0,0,1.63728e+08,0,2.76275e+07,-1.26075e+06,1.26075e+06,1.21551e+07
0,0,0,1.63728e+08,0,2.76275e+07,-1.26075e+06,1.26075e+06,1.21551e+07
0,0,0,1.63728e+08,0,2.76275e+07,-1.26075e+06,1.26075e+06,1.21551e+07
0,0,0,1.63728e+08,0,2.79288e+07,-1.2657e+06,1.2657e+06,1.21551e+07
0,0,0,1.63728e+08,0,2.79289e+07,-1.2657e+06,1.2657e+06,1.21551e+07
0,0,0,1.63728e+08,0,2.79289e+07,-1.2657e+06,1.2657e+06,1.21551e+07
0,0,0,1.63728e+08,0,2.79289e+07,-1.2657e+06,1.2657e+06,1.21551e+07
0,0,0,1.63728e+08,0,2.81183e+07,-1.72487e+06,1.72487e+06,1.21551e+07
0,0,0,1.63728e+08,0,2.8567e+07,-1.2762e+06,1.2762e+06,1.21551e+07
0,0,0,1.63728e+08,0,2.81184e+07,-1.72487e+06,1.72487e+06,1.21551e+07
0,0,0,1.63728e+08,0,2.81184e+07,-1.72487e+06,1.72487e+06,1.21551e+07
0,0,0,1.63728e+08,0,3.01997e+07,-1.79448e+06,1.79448e+06,1.21551e+07
0,0,0,1.63728e+08,0,3.06832e+07,-1.311e+06,1.311e+06,1.21551e+07
0,0,0,1.63728e+08,0,2.87493e+07,-3.24491e+06,3.24491e+06,1.37461e+07
0,0,0,1.63728e+08,0,2.87493e+07,-3.24491e+06,3.24491e+06,1.37461e+07
0,0,0,1.63728e+08,0,2.87493e+07,-3.24491e+06,3.24491e+06,1.37461e+07
0,0,0,1.63728e+08,0,2.76393e+07,-3.14721e+06,3.14721e+06,1.37461e+07
0,0,0,1.63728e+08,0,2.76394e+07,-3.14721e+06,3.14721e+06,1.37461e+07
0,0,0,1.63728e+08,0,2.76394e+07,-3.14721e+06,3.14721e+06,1.37461e+07
0,0,0,1.63728e+08,0,2.76394e+07,-3.14721e+06,3.14721e+06,1.37461e+07
0,0,0,1.63728e+08,0,2.66618e+07,-3.06116e+06,3.06116e+06,1.37461e+07
0,0,0,1.63728e+08,0,2.66618e+07,-3.06116e+06,3.06116e+06,1.37461e+07
0,0,0,1.63728e+08,0,2.66619e+07,-3.06116e+06,3.06116e+06,1.37461e+07
0,0,0,1.63728e+08,0,2.66619e+07,-3.06116e+06,3.06116e+06,1.37461e+07
0,0,0,1.63728e+08,0,2.43981e+07,-2.86189e+06,2.86189e+06,1.37461e+07
0,0,0,1.63728e+08,0,2.43981e+07,-2.86189e+06,2.86189e+06,1.37461e+07
0,0,0,1.63728e+08,0,2.43981e+07,-2.86189e+06,2.86189e+06,1.37461e+07
0,0,0,1.63728e+08,0,2.43982e+07,-2.86189e+06,2.86189e+06,1.37461e+07
0,0,0,1.63728e+08,0,2.43982e+07,-2.8619e+06,2.8619e+06,1.37461e+07
0,0,0,1.63728e+08,0,2.51349e+07,-2.92675e+06,2.92675e+06,1.37461e+07
0,0,0,1.63728e+08,0,2.51348e+07,-2.92674e+06,2.92674e+06,1.37461e+07
0,0,0,1.63728e+08,0,2.51347e+07,-2.92673e+06,2.92673e+06,1.37461e+07
0,0,0,1.63728e+08,0,2.51346e+07,-2.92672e+06,2.92672e+06,1.37461e+07
0,0,0,1.63728e+08,0,2.77217e+07,-3.15446e+06,3.15446e+06,1.37461e+07
0,0,0,1.63728e+08,0,2.77216e+07,-3.15445e+06,3.15445e+06,1.37461e+07
0,0,0,1.63728e+08,0,2.77215e+07,-3.15444e+06,3.15444e+06,1.37461e+07
0,0,0,1.63728e+08,0,2.77214e+07,-3.15443e+06,3.15443e+06,1.37461e+07
0,0,0,1.63728e+08,0,2.41604e+07,-2.84096e+06,2.84096e+06,1.37461e+07
0,0,0,1.63728e+08,0,2.41603e+07,-2.84095e+06,2.84095e+06,1.37461e+07
0,0,0,1.63728e+08,0,2.41602e+07,-2.84095e+06,2.84095e+06,1.37461e+07
0,0,0,1.63728e+08,0,2.41601e+07,-2.84094e+06,2.84094e+06,1.37461e+07
0,0,0,1.63728e+08,0,2.416e+07,-2.84093e+06,2.84093e+06,1.37461e+07
0,0,0,1.63728e+08,0,2.50417e+07,-2.91854e+06,2.91854e+06,1.37461e+07
0,0,0,1.63728e+08,0,2.50416e+07,-2.91853e+06,2.91853e+06,1.37461e+07
0,0,0,1.63728e+08,0,2.50415e+07,-2.91853e+06,2.91853e+06,1.37461e+07
0,0,0,1.63728e+08,0,2.50414e+07,-2.91852e+06,2.91852e+06,1.37461e+07
0,0,0,1.63728e+08,0,2.46979e+07,-2.88828e+06,2.88828e+06,1.37461e+07
0,0,0,1.63728e+08,0,2.46978e+07,-2.88827e+06,2.88827e+06,1.37461e+07
0,0,0,1.63728e+08,0,2.46977e+07,-2.88826e+06,2.88826e+06,1.37461e+07
0,0,0,1.63728e+08,0,2.46976e+07,-2.88825e+06,2.88825e+06,1.37461e+07
0,0,0,1.63728e+08,0,2.58929e+07,-2.99348e+06,2.99348e+06,1.37461e+07
0,0,0,1.63728e+08,0,2.58928e+07,-2.99347e+06,2.99347e+06,1.37461e+07
0,0,0,1.63728e+08,0,2.58927e+07,-2.99346e+06,2.99346e+06,1.37461e+07
0,0,0,1.63728e+08,0,2.58927e+07,-2.99345e+06,2.99345e+06,1.37461e+07
0,0,0,1.63728e+08,0,2.58926e+07,-2.99344e+06,2.99344e+06,1.37461e+07
0,0,0,1.63728e+08,0,2.61739e+07,-3.01821e+06,3.01821e+06,1.37461e+07
0,0,0,1.63728e+08,0,2.61738e+07,-3.0182e+06,3.0182e+06,1.37461e+07
0,0,0,1.63728e+08,0,2.61737e+07,-3.01819e+06,3.01819e+06,1.37461e+07
0,0,0,1.63728e+08,0,2.61736e+07,-3.01819e+06,3.01819e+06,1.37461e+07
0,0,0,1.63728e+08,0,2.67696e+07,-3.07064e+06,3.07064e+06,1.37461e+07
0,0,0,1.63728e+08,0,2.67695e+07,-3.07064e+06,3.07064e+06,1.37461e+07
0,0,0,1.63728e+08,0,2.67694e+07,-3.07063e+06,3.07063e+06,1.37461e+07
0,0,0,1.63728e+08,0,2.67693e+07,-3.07062e+06,3.07062e+06,1.37461e+07
0,0,0,1.63728e+08,0,2.87458e+07,-3.2446e+06,3.2446e+06,1.37461e+07
0,0,0,1.63728e+08,0,2.87457e+07,-3.24459e+06,3.24459e+06,1.37461e+07
0,0,0,1.63728e+08,0,2.87456e+07,-3.24458e+06,3.24458e+06,1.37461e+07
0,0,0,1.63728e+08,0,2.87454e+07,-3.24457e+06,3.24457e+06,1.37461e+07
0,0,0,1.63728e+08,0,2.87453e+07,-3.24456e+06,3.24456e+06,1.37461e+07
0,0,0,1.63728e+08,0,2.76354e+07,-3.14686e+06,3.14686e+06,1.37461e+07
0,0,0,1.63728e+08,0,2.76353e+07,-3.14685e+06,3.14685e+06,1.37461e+07
0,0,0,1.63728e+08,0,2.76352e+07,-3.14684e+06,3.14684e+06,1.37461e+07
0,0,0,1.63728e+08,0,2.76351e+07,-3.14683e+06,3.14683e+06,1.37461e+07
0,0,0,1.63728e+08,0,2.66575e+07,-3.06078e+06,3.06078e+06,1.37461e+07
0,0,0,1.63728e+08,0,2.66574e+07,-3.06077e+06,3.06077e+06,1.37461e+07
0,0,0,1.63728e+08,0,2.66573e+07,-3.06076e+06,3.06076e+06,1.37461e+07
0,0,0,1.63728e+08,0,2.66572e+07,-3.06076e+06,3.06076e+06,1.37461e+07
0,0,0,1.63728e+08,0,2.43938e+07,-2.86151e+06,2.86151e+06,1.37461e+07
0,0,0,1.63728e+08,0,2.43937e+07,-2.8615e+06,2.8615e+06,1.37461e+07
0,0,0,1.63728e+08,0,2.43936e+07,-2.86149e+06,2.86149e+06,1.37461e+07
0,0,0,1.63728e+08,0,2.43935e+07,-2.86149e+06,2.86149e+06,1.37461e+07
0,0,0,1.63728e+08,0,2.43934e+07,-2.86148e+06,2.86148e+06,1.37461e+07
0,0,0,1.63728e+08,0,2.51299e+07,-2.9263e+06,2.9263e+06,1.37461e+07
0,0,0,1.63728e+08,0,2.51297e+07,-2.92629e+06,2.92629e+06,1.37461e+07
0,0,0,1.63728e+08,0,2.51295e+07,-2.92627e+06,2.92627e+06,1.37461e+07
0,0,0,1.63728e+08,0,2.51293e+07,-2.92625e+06,2.92625e+06,1.37461e+07
0,0,0,1.63728e+08,0,2.77157e+07,-3.15392e+06,3.15392e+06,1.37461e+07
0,0,0,1.63728e+08,0,2.77154e+07,-3.15391e+06,3.15391e+06,1.37461e+07
0,0,0,1.63728e+08,0,2.77152e+07,-3.15389e+06,3.15389e+06,1.37461e+07
0,0,0,1.63728e+08,0,2.7715e+07,-3.15387e+06,3.15387e+06,1.37461e+07
0,0,0,1.63728e+08,0,2.41547e+07,-2.84046e+06,2.84046e+06,1.37461e+07
0,0,0,1.63728e+08,0,2.41545e+07,-2.84045e+06,2.84045e+06,1.37461e+07
0,0,0,1.63728e+08,0,2.41543e+07,-2.84043e+06,2.84043e+06,1.37461e+07
0,0,0,1.63728e+08,0,2.41541e+07,-2.84041e+06,2.84041e+06,1.37461e+07
0,0,0,1.63728e+08,0,2.41539e+07,-2.8404e+06,2.8404e+06,1.37461e+07
0,0,0,1.63728e+08,0,2.50353e+07,-2.91798e+06,2.91798e+06,1.37461e+07
0,0,0,1.63728e+08,0,2.5035e+07,-2.91796e+06,2.91796e+06,1.37461e+07
0,0,0,1.63728e+08,0,2.50348e+07,-2.91794e+06,2.91794e+06,1.37461e+07
0,0,0,1.63728e+08,0,2.50346e+07,-2.91792e+06,2.91792e+06,1.37461e+07
0,0,0,1.63728e+08,0,2.46911e+07,-2.88768e+06,2.88768e+06,1.37461e+07
0,0,0,1.63728e+08,0,2.46909e+07,-2.88766e+06,2.88766e+06,1.37461e+07
0,0,0,1.63728e+08,0,2.46907e+07,-2.88764e+06,2.88764e+06,1.37461e+07
0,0,0,1.63728e+08,0,2.46905e+07,-2.88763e+06,2.88763e+06,1.37461e+07
0,0,0,1.63728e+08,0,2.58854e+07,-2.99281e+06,2.99281e+06,1.37461e+07
0,0,0,1.63728e+08,0,2.58852e+07,-2.99279e+06,2.99279e+06,1.37461e+07
0,0,0,1.63728e+08,0,2.58849e+07,-2.99277e+06,2.99277e+06,1.37461e+07
0,0,0,1.63728e+08,0,2.58847e+07,-2.99275e+06,2.99275e+06,1.37461e+07
0,0,0,1.63728e+08,0,2.58845e+07,-2.99274e+06,2.99274e+06,1.37461e+07
0,0,0,1.63728e+08,0,2.74797e+07,-1.70351e+06,1.70351e+06,1.21551e+07
0,0,0,1.63728e+08,0,2.79174e+07,-1.26552e+06,1.26552e+06,1.21551e+07
0,0,0,1.63728e+08,0,2.61653e+07,-3.01745e+06,3.01745e+06,1.37461e+07
0,0,0,1.63728e+08,0,2.61651e+07,-3.01743e+06,3.01743e+06,1.37461e+07
0,0,0,1.63728e+08,0,2.67607e+07,-3.06986e+06,3.06986e+06,1.37461e+07
0,0,0,1.63728e+08,0,2.67605e+07,-3.06984e+06,3.06984e+06,1.37461e+07
0,0,0,1.63728e+08,0,2.67602e+07,-3.06982e+06,3.06982e+06,1.37461e+07
0,0,0,1.63728e+08,0,2.676e+07,-3.0698e+06,3.0698e+06,1.37461e+07
0,0,0,1.63728e+08,0,2.87357e+07,-3.24371e+06,3.24371e+06,1.37461e+07
0,0,0,1.63728e+08,0,2.87354e+07,-3.24369e+06,3.24369e+06,1.37461e+07
0,0,0,1.63728e+08,0,2.87352e+07,-3.24367e+06,3.24367e+06,1.37461e+07
0,0,0,1.63728e+08,0,2.87349e+07,-3.24365e+06,3.24365e+06,1.37461e+07
0,0,0,1.63728e+08,0,2.87347e+07,-3.24363e+06,3.24363e+06,1.37461e+07
0,0,0,1.63728e+08,0,2.76251e+07,-3.14595e+06,3.14595e+06,1.37461e+07
0,0,0,1.63728e+08,0,2.76249e+07,-3.14593e+06,3.14593e+06,1.37461e+07
0,0,0,1.63728e+08,0,2.76246e+07,-3.14591e+06,3.14591e+06,1.37461e+07
0,0,0,1.63728e+08,0,2.76244e+07,-3.14589e+06,3.14589e+06,1.37461e+07
0,0,0,1.63728e+08,0,2.66471e+07,-3.05987e+06,3.05987e+06,1.37461e+07
0,0,0,1.63728e+08,0,2.66469e+07,-3.05985e+06,3.05985e+06,1.37461e+07
0,0,0,1.63728e+08,0,2.66467e+07,-3.05983e+06,3.05983e+06,1.37461e+07
