0volume,0demand,0up_spill,0ww_inflow,0catch_inflow,0evap,0ds_spill,0treat_cap,1volume,1demand,1up_spill,1ww_inflow,1catch_inflow,1evap,1ds_spill,1treat_cap,2volume,2s_area,2demand,2up_spill,2ww_inflow,2catch_inflow,2evap,2ds_spill,2treat_cap,2valloc_0,2talloc_0,2valloc_1,2talloc_1,3volume,3demand,3up_spill,3ww_inflow,3catch_inflow,3evap,3ds_spill,3treat_cap,3valloc_1,3talloc_1,3valloc_2,3talloc_2,4demand,4up_spill,4ww_inflow,4catch_inflow,4ds_spill,4treat_cap,11volume,11s_area,11demand,11up_spill,11ww_inflow,11catch_inflow,11evap,11ds_spill,11treat_cap
72.29,2.09704,0,0,4.87272,0.322988,2.45269,3.6288,61.308,0,0,0,1.46737,0.173729,1.29364,0.66528,12.849,1,0.372733,2.45269,0,134.152,3.29709,132.934,0.84672,12.849,0.84672,3695.15,0,36.966,0,1.47484,0,9.94041,0.797759,10.6175,0.42336,36.966,0.42336,423.524,0,1.43262,0,0,2.90745,1.47484,1.028160,1,0,144.846,0,0,0,144.846,0
72.29,2.09766,0,0,7.55584,0.320309,5.13787,3.6288,61.308,0.252585,0,0,1.55321,0.165146,1.13548,0.66528,12.849,1,0.372844,5.13787,0,182.559,3.14087,184.183,0.84672,12.849,0.84672,3695.15,0,36.966,0.152297,2.39292,1.56967,12.6612,0.752831,15.7187,0.42336,36.966,0.42336,423.524,0,1.02816,0,0,3.42108,2.39292,1.028160,1,0,201.037,0,0,0,201.037,0
72.29,2.09829,0,0,5.57573,0.320309,3.15713,3.6288,61.308,0.25285,0,0,1.41264,0.165146,0.994643,0.66528,12.849,1,0.372954,3.15713,0,93.9635,3.14087,93.6068,0.84672,12.849,0.84672,3695.15,0,36.966,0.152458,1.63807,1.57014,8.3814,0.752831,10.6843,0.42336,36.966,0.42336,423.524,0,1.02816,0,0,2.66623,1.63807,1.028160,1,0,105.286,0,0,0,105.286,0
72.29,2.09891,0,0,5.29018,0.320309,2.87096,3.6288,61.308,0.253116,0,0,1.59636,0.165146,1.1781,0.66528,12.849,1,0.373065,2.87096,0,81.5754,3.14087,80.9325,0.84672,12.849,0.84672,3695.15,0,36.966,0.152618,2.13403,1.57061,9.70514,0.752831,12.5043,0.42336,36.966,0.42336,423.524,0,1.02816,0,0,3.16219,2.13403,1.028160,1,0,94.6149,0,0,0,94.6149,0
72.29,2.30432,0,0,5.05164,0.339882,2.40744,3.6288,61.308,0.358591,0,0,1.27538,0.183902,0.732892,0.66528,12.849,1,0.409575,2.40744,0,90.8159,3.59962,89.2141,0.84672,12.849,0.84672,3695.15,0,36.966,0.216214,1.82713,1.57107,9.02313,0.871603,11.3335,0.42336,36.966,0.42336,423.524,0,1.02816,0,0,2.85529,1.82713,1.028160,1,0,101.281,0,0,0,101.281,0
72.29,2.305,0,0,5.51928,0.354562,2.85971,3.6288,61.308,0.358888,0,0,1.41786,0.197968,0.861003,0.66528,12.849,1,0.409696,2.85971,0,138.637,3.9437,137.143,0.84672,12.849,0.84672,3695.15,0,36.966,0.216393,2.04023,1.74703,8.37897,0.960683,10.9892,0.42336,36.966,0.42336,423.524,0,1.02816,0,0,3.06839,2.04023,1.028160,1,0,148.993,0,0,0,148.993,0
72.29,2.30569,0,0,3.59313,0.354562,0.932887,3.6288,61.308,0.359185,0,0,1.09748,0.197968,0.540326,0.66528,12.849,1,0.409818,0.932887,0,83.4538,3.9437,80.0331,0.84672,12.849,0.84672,3695.15,0,36.966,0.216573,1.44017,1.74755,6.39291,0.960683,8.40337,0.42336,36.966,0.42336,423.524,0,1.02816,0,0,2.46833,1.44017,1.028160,1,0,88.9768,0,0,0,88.9768,0
72.29,2.30637,0,0,4.15604,0.331514,1.51815,3.6288,61.308,0.359482,0,0,1.15565,0.146187,0.649983,0.66528,12.849,1,0.40994,1.51815,0,86.6013,3.49332,84.2162,0.84672,12.849,0.84672,3695.15,0,36.966,0.216752,1.74119,1.74807,6.91079,0.778837,9.40447,0.42336,36.966,0.42336,423.524,0,1.02816,0,0,2.76935,1.74119,1.028160,1,0,94.2707,0,0,0,94.2707,0
72.29,2.01462,0,0,5.5397,0.308878,3.2162,3.6288,61.308,0.21842,0,0,1.3537,0.194751,0.940528,0.66528,12.849,1,0.358084,3.2162,0,95.1731,4.10625,93.9249,0.84672,12.849,0.84672,3695.15,0,36.966,0.131697,2.08711,1.74859,8.37216,1.0361,11.0401,0.42336,36.966,0.42336,423.524,0,1.02816,0,0,3.11527,2.08711,1.028160,1,0,105.906,0,0,0,105.906,0
72.29,2.01522,0,0,6.33667,0.29834,4.02311,3.6288,61.308,0.218675,0,0,1.63761,0.191851,1.22708,0.66528,12.849,1,0.35819,4.02311,0,104.989,4.24021,104.414,0.84672,12.849,0.84672,3695.15,0,36.966,0.131851,2.88967,1.5095,10.8098,1.06121,14.0159,0.42336,36.966,0.42336,423.524,0,1.02816,0,0,3.91783,2.88967,1.028160,1,0,119.657,0,0,0,119.657,0
72.29,2.01582,0,0,5.78965,0.29834,3.47549,3.6288,61.308,0.218931,0,0,1.35153,0.191851,0.940747,0.66528,12.849,1,0.358296,3.47549,0,95.1955,4.24021,94.0725,0.84672,12.849,0.84672,3695.15,0,36.966,0.132005,2.03163,1.50995,9.19547,1.06121,11.5438,0.42336,36.966,0.42336,423.524,0,1.02816,0,0,3.05979,2.03163,1.028160,1,0,106.557,0,0,0,106.557,0
72.29,2.01642,0,0,6.27302,0.29834,3.95826,3.6288,61.308,0.219186,0,0,1.36811,0.191851,0.957072,0.66528,12.849,1,0.358403,3.95826,0,103.969,4.24021,103.329,0.84672,12.849,0.84672,3695.15,0,36.966,0.132159,1.94784,1.5104,9.1889,1.06121,11.4538,0.42336,36.966,0.42336,423.524,0,1.02816,0,0,2.976,1.94784,1.028160,1,0,115.74,0,0,0,115.74,0
72.29,2.01702,0,0,5.59627,0.299441,3.27982,3.6288,61.308,0.219442,0,0,1.33247,0.204687,0.908341,0.66528,12.849,1,0.358509,3.27982,0,95.0806,3.89153,94.1104,0.84672,12.849,0.84672,3695.15,0,36.966,0.132314,1.86292,1.51085,8.03978,1.08797,10.1933,0.42336,36.966,0.42336,423.524,0,1.02816,0,0,2.89108,1.86292,1.028160,1,0,105.212,0,0,0,105.212,0
72.29,2.09133,0,0,6.33816,0.239017,4.00781,3.6288,61.308,0.25433,0,0,1.55299,0.192146,1.10651,0.66528,12.849,1,0.371719,4.00781,0,122.324,4.38952,121.571,0.84672,12.849,0.84672,3695.15,0,36.966,0.15335,2.36681,1.5113,8.92175,1.25273,11.3938,0.42336,36.966,0.42336,423.524,0,1.02816,0,0,3.39497,2.36681,1.028160,1,0,134.071,0,0,0,134.071,0
72.29,2.09195,0,0,5.54402,0.239017,3.21305,3.6288,61.308,0.254596,0,0,1.42898,0.192146,0.982236,0.66528,12.849,1,0.371829,3.21305,0,108.89,4.38952,107.342,0.84672,12.849,0.84672,3695.15,0,36.966,0.15351,1.75212,1.57091,9.85962,1.25273,11.7764,0.42336,36.966,0.42336,423.524,0,1.02816,0,0,2.78028,1.75212,1.028160,1,0,120.1,0,0,0,120.1,0
72.29,2.09258,0,0,4.93374,0.216547,2.62462,3.6288,61.308,0.254862,0,0,1.23999,0.219397,0.765727,0.66528,12.849,1,0.371939,2.62462,0,104.614,5.11423,101.752,0.84672,12.849,0.84672,3695.15,0,36.966,0.153671,2.04067,1.57137,9.44326,1.30553,11.5961,0.42336,36.966,0.42336,423.524,0,1.02816,0,0,3.06883,2.04067,1.028160,1,0,114.114,0,0,0,114.114,0
72.29,2.0932,0,0,6.03605,0.216547,3.72631,3.6288,61.308,0.255129,0,0,1.38571,0.219397,0.911183,0.66528,12.849,1,0.37205,3.72631,0,101.458,5.11423,99.6978,0.84672,12.849,0.84672,3695.15,0,36.966,0.153831,1.69934,1.57184,11.4774,1.30553,13.2892,0.42336,36.966,0.42336,423.524,0,1.02816,0,0,2.7275,1.69934,1.028160,1,0,113.898,0,0,0,113.898,0
72.29,2.06496,0,0,3.76276,0.182224,1.51558,3.6288,61.308,0.241928,0,0,0.802846,0.206993,0.353926,0.66528,12.849,1,0.367031,1.51558,0,71.9366,3.94973,69.1355,0.84672,12.849,0.84672,3695.15,0,36.966,0.145872,0.739428,1.57231,5.62512,1.18936,6.60162,0.42336,36.966,0.42336,423.524,0,1.02816,0,0,1.76759,0.739428,1.028160,1,0,76.091,0,0,0,76.091,0
72.29,2.06557,0,0,3.15922,0.176503,0.917148,3.6288,61.308,0.24219,0,0,0.819755,0.204925,0.372639,0.66528,12.849,1,0.36714,0.917148,0,62.8383,3.75564,59.6327,0.84672,12.849,0.84672,3695.15,0,36.966,0.14603,0.810371,1.54973,5.34375,1.17,6.38782,0.42336,36.966,0.42336,423.524,0,1.02816,0,0,1.83853,0.810371,1.028160,1,0,66.3931,0,0,0,66.3931,0
72.29,2.06619,0,0,3.22396,0.176503,0.981266,3.6288,61.308,0.242452,0,0,0.705516,0.204925,0.258139,0.66528,12.849,1,0.367249,0.981266,0,60.6626,3.75564,57.5209,0.84672,12.849,0.84672,3695.15,0,36.966,0.146188,0.485896,1.55019,5.28531,1.17,6.0052,0.42336,36.966,0.42336,423.524,0,1.02816,0,0,1.51406,0.485896,1.028160,1,0,63.7843,0,0,0,63.7843,0
72.29,2.0668,0,0,3.2975,0.146093,1.08461,3.6288,61.308,0.242714,0,0,0.689939,0.219762,0.227463,0.66528,12.849,1,0.367358,1.08461,0,62.8664,4.92526,58.6584,0.84672,12.849,0.84672,3695.15,0,36.966,0.146346,0.552684,1.55065,6.57287,1.21611,7.31374,0.42336,36.966,0.42336,423.524,0,1.02816,0,0,1.58084,0.552684,1.028160,1,0,66.1996,0,0,0,66.1996,0
72.2869,2.16549,0,0,2.65361,0.128391,0.36288,3.6288,61.308,0.290792,0,0,0.675017,0.232312,0.151913,0.66528,12.849,1,0.384899,0.36288,0,46.6327,5.20398,41.4067,0.84672,12.849,0.84672,3695.15,0,36.966,0.175335,0.491616,1.55111,4.7044,1.21712,5.35467,0.42336,36.966,0.42336,423.524,0,1.02816,0,0,1.51978,0.491616,1.028160,1,0,46.9133,0,0,0,46.9133,0
72.1499,2.16611,0,0,2.48645,0.0943654,0.36288,3.6288,61.2822,0.402729,0,0,0.626272,0.249321,0,0.66528,12.849,1,0.385027,0.36288,0,45.219,5.09103,40.1058,0.84672,12.849,0.84672,3695.15,0,36.966,0.242827,0.402797,1.63243,4.08496,1.25303,4.62432,0.42336,36.966,0.42336,423.524,0,0.849174,0,0,1.25197,0.402797,1.028160,1,0,44.7301,0,0,0,44.7301,0
71.9105,2.16614,0,0,2.38383,0.0942674,0.36288,3.6288,61.3032,0.340713,0,0,0.610978,0.249281,0,0.66528,12.849,1,0.385762,0.36288,0,41.8407,5.09103,36.7268,0.84672,12.849,0.84672,3695.15,0,36.966,0.205521,0.30119,1.63291,3.94699,1.25303,4.42254,0.42336,36.966,0.42336,423.524,0,0.94894,0,0,1.25013,0.30119,1.028160,1,0,41.1493,0,0,0,41.1493,0
71.5653,2.16569,0,0,2.2775,0.0940959,0.36288,3.6288,61.308,0.291613,0,0,0.613366,0.249314,0.0676454,0.66528,12.849,1,0.386966,0.36288,0,39.9784,5.09103,34.8633,0.84672,12.849,0.84672,3695.15,0,36.966,0.175844,0.333193,1.6334,3.75896,1.25303,4.29667,0.42336,36.966,0.42336,423.524,0,1.02816,0,0,1.36135,0.333193,1.028160,1,0,39.2276,0,0,0,39.2276,0
71.0771,2.16475,0,0,2.16243,0.123061,0.36288,3.6288,61.308,0.291899,0,0,0.589311,0.236025,0.0613875,0.66528,12.849,1,0.388664,0.36288,0,37.1377,4.5345,32.5774,0.84672,12.849,0.84672,3695.15,0,36.966,0.176002,0.328242,1.63388,3.48835,1.25406,4.02041,0.42336,36.966,0.42336,423.524,0,1.02816,0,0,1.3564,0.328242,1.028160,1,0,36.6592,0,0,0,36.6592,0
70.8558,2.14376,0,0,2.37801,0.0926024,0.36288,3.6288,61.308,0.318495,0,0,0.657461,0.211551,0.127415,0.66528,12.849,1,0.387539,0.36288,0,36.2023,4.74915,31.4285,0.84672,12.849,0.84672,3695.15,0,36.966,0.192038,0.662774,1.63437,3.93956,1.12313,4.92153,0.42336,36.966,0.42336,423.524,0,1.02816,0,0,1.69093,0.662774,1.028160,1,0,36.4774,0,0,0,36.4774,0
70.4113,2.14337,0,0,2.15414,0.0924455,0.36288,3.6288,61.308,0.31878,0,0,0.62827,0.211551,0.0979392,0.66528,12.849,1,0.388678,0.36288,0,35.5776,4.74915,30.8027,0.84672,12.849,0.84672,3695.15,0,36.966,0.19221,0.57875,1.66316,3.72174,1.12313,4.64831,0.42336,36.966,0.42336,423.524,0,1.02816,0,0,1.60691,0.57875,1.028160,1,0,35.5489,0,0,0,35.5489,0
69.7804,2.14193,0,0,1.96137,0.087438,0.36288,3.6288,61.308,0.319065,0,0,0.59416,0.22252,0.0525754,0.66528,12.849,1,0.39087,0.36288,0,31.3187,4.8903,26.4004,0.84672,12.849,0.84672,3695.15,0,36.966,0.192382,0.425269,1.66365,3.61225,1.17466,4.33413,0.42336,36.966,0.42336,423.524,0,1.02816,0,0,1.45343,0.425269,1.028160,1,0,30.7871,0,0,0,30.7871,0
69.0811,2.13958,0,0,1.86211,0.0589965,0.36288,3.6288,61.2569,0.31935,0,0,0.556579,0.288334,0,0.66528,12.849,1,0.393971,0.36288,0,28.2473,5.7372,22.479,0.84672,12.849,0.84672,3695.15,0,36.966,0.192554,0.445167,1.66415,3.44453,1.48379,3.8775,0.42336,36.966,0.42336,423.524,0,1.02816,0,0,1.47333,0.445167,1.028160,1,0,26.3565,0,0,0,26.3565,0
68.0773,2.18672,0,0,1.61068,0.0648368,0.36288,3.6288,61.1403,0.354757,0,0,0.546333,0.308186,0,0.66528,12.849,1,0.406727,0.36288,0,23.2347,5.96235,17.2285,0.84672,12.849,0.84672,3695.15,0,36.966,0.214081,0.261274,1.66464,2.82511,1.46997,3.06697,0.42336,36.966,0.42336,423.524,0,1.00932,0,0,1.2706,0.261274,1.028160,1,0,20.2955,0,0,0,20.2955,0
67.1052,2.18232,0,0,1.63983,0.0667752,0.36288,3.6288,61.0513,0.343057,0,0,0.569975,0.31593,0,0.66528,12.849,1,0.411894,0.36288,0,30.3375,6.05241,24.236,0.84672,12.849,0.84672,3695.15,0,36.966,0.207415,0.376695,1.7053,2.90498,1.46444,3.31512,0.42336,36.966,0.42336,423.524,0,1.02816,0,0,1.40486,0.376695,1.028160,1,0,27.5512,0,0,0,27.5512,0
66.0274,2.17796,0,0,1.52938,0.0662663,0.36288,3.6288,60.8972,0.34316,0,0,0.504845,0.315752,0,0.66528,12.849,1,0.417026,0.36288,0,23.9998,6.05241,17.8932,0.84672,12.849,0.84672,3695.15,0,36.966,0.20778,0.358603,1.70581,2.65156,1.46444,3.04374,0.42336,36.966,0.42336,423.524,0,1.02816,0,0,1.38676,0.358603,1.028160,1,0,20.9369,0,0,0,20.9369,0
64.8171,2.17291,0,0,1.39113,0.0657023,0.36288,3.6288,60.6594,0.396539,0,0,0.474206,0.315444,0,0.66528,12.849,1,0.422849,0.36288,0,22.0685,6.05241,15.9562,0.84672,12.849,0.84672,3695.15,0,36.966,0.240708,0.227405,1.70631,2.42677,1.46444,2.65533,0.42336,36.966,0.42336,423.524,0,0.942322,0,0,1.16973,0.227405,1.028160,1,0,18.6115,0,0,0,18.6115,0
63.6967,2.31168,0,0,1.60434,0.0501394,0.36288,3.6288,60.5304,0.427433,0,0,0.62807,0.329714,0,0.66528,12.849,1,0.458255,0.36288,0,24.2393,6.35994,17.784,0.84672,12.849,0.84672,3695.15,0,36.966,0.260479,0.602752,1.70682,3.58599,1.53134,4.10374,0.42336,36.966,0.42336,423.524,0,1.02816,0,0,1.63091,0.602752,1.028160,1,0,21.8878,0,0,0,21.8878,0
63.0024,2.30566,0,0,2.01895,0.0447694,0.36288,3.6288,60.4696,0.427404,0,0,0.714874,0.348234,0,0.66528,12.849,1,0.465101,0.36288,0,30.3243,6.60534,23.6168,0.84672,12.849,0.84672,3695.15,0,36.966,0.261017,0.726348,1.84492,3.89149,1.59399,4.60775,0.42336,36.966,0.42336,423.524,0,1.02816,0,0,1.75451,0.726348,1.028160,1,0,28.2245,0,0,0,28.2245,0
61.726,2.30208,0,0,1.44727,0.0587128,0.36288,3.6288,60.2156,0.427557,0,0,0.518418,0.344899,0,0.66528,12.849,1,0.469497,0.36288,0,21.8963,6.51628,15.2734,0.84672,12.849,0.84672,3695.15,0,36.966,0.261373,0.35106,1.84547,2.38826,1.58307,2.74035,0.42336,36.966,0.42336,423.524,0,1.02816,0,0,1.37922,0.35106,1.028160,1,0,18.0137,0,0,0,18.0137,0
60.0901,2.29473,0,0,1.1465,0.124794,0.36288,3.6288,59.9635,0.42719,0,0,0.493415,0.318321,0,0.66528,12.849,1,0.477675,0.36288,0,16.7985,6.38253,10.3012,0.84672,12.849,0.84672,3695.15,0,36.966,0.262249,0.365472,1.84602,2.12594,1.51237,2.56281,0.42336,36.966,0.42336,423.524,0,1.02816,0,0,1.39363,0.365472,1.028160,1,0,12.864,0,0,0,12.864,0
58.3851,2.28469,0,0,1.06569,0.123078,0.36288,3.6288,59.6892,0.426823,0,0,0.470374,0.31781,0,0.66528,12.849,1,0.488533,0.36288,0,19.2901,6.38253,12.7819,0.84672,12.849,0.84672,3695.15,0,36.966,0.263126,0.288351,1.84657,1.84848,1.51237,2.20789,0.42336,36.966,0.42336,423.524,0,1.02816,0,0,1.31651,0.288351,1.028160,1,0,14.9898,0,0,0,14.9898,0
56.6872,2.2043,0,0,1.0159,0.146629,0.36288,3.6288,59.1999,0.58851,0,0,0.391656,0.29245,0,0.66528,12.849,1,0.485107,0.36288,0,22.2293,5.67357,16.4335,0.84672,12.849,0.84672,3695.15,0,36.966,0.364469,0.204422,1.84711,2.9124,1.47564,3.12382,0.42336,36.966,0.42336,423.524,0,0.682949,0,0,0.887371,0.204422,1.028160,1,0,19.5574,0,0,0,19.5574,0
56.0117,2.1931,0,0,2.02472,0.144211,0.36288,3.6288,59.1832,0.374442,0,0,0.649261,0.291536,0,0.66528,12.849,1,0.4971,0.36288,0,23.8749,5.67357,18.0671,0.84672,12.849,0.84672,3695.15,0,36.966,0.233812,0.692003,1.76791,4.76417,1.47564,5.51464,0.42336,36.966,0.42336,423.524,0,1.02816,0,0,1.72016,0.692003,1.028160,1,0,23.5818,0,0,0,23.5818,0
54.2267,2.18888,0,0,0.90993,0.143249,0.36288,3.6288,58.7076,0.564013,0,0,0.379946,0.291505,0,0.66528,12.849,1,0.502125,0.36288,0,20.5027,5.67357,14.6899,0.84672,12.849,0.84672,3695.15,0,36.966,0.352284,0.216518,1.76844,2.57542,1.47564,2.73245,0.42336,36.966,0.42336,423.524,0,0.720602,0,0,0.93712,0.216518,1.028160,1,0,17.4224,0,0,0,17.4224,0
52.5766,2.17616,0,0,1.02972,0.140707,0.36288,3.6288,58.266,0.596315,0,0,0.445375,0.290616,0,0.66528,12.849,1,0.515641,0.36288,0,16.4587,5.67357,10.6324,0.84672,12.849,0.84672,3695.15,0,36.966,0.375478,0.216518,1.76896,2.86788,1.47564,3.00225,0.42336,36.966,0.42336,423.524,0,0.665591,0,0,0.882109,0.216518,1.028160,1,0,13.6346,0,0,0,13.6346,0
51.4703,2.1079,0,0,1.59875,0.234284,0.36288,3.6288,58.1881,0.326933,0,0,0.512975,0.264001,0,0.66528,12.849,1,0.515142,0.36288,0,21.0885,4.73437,16.2019,0.84672,12.849,0.84672,3695.15,0,36.966,0.207418,0.475822,1.76949,3.39108,1.22586,4.20311,0.42336,36.966,0.42336,423.524,0,1.02816,0,0,1.50398,0.475822,1.028160,1,0,20.405,0,0,0,20.405,0
49.8858,2.09966,0,0,1.09304,0.214959,0.36288,3.6288,58.1209,0.327047,0,0,0.499081,0.239253,0,0.66528,12.849,1,0.524158,0.36288,0,21.2338,4.67565,16.3968,0.84672,12.849,0.84672,3695.15,0,36.966,0.207768,0.364712,1.69875,5.36049,1.17052,6.04567,0.42336,36.966,0.42336,423.524,0,1.02816,0,0,1.39287,0.364712,1.028160,1,0,22.4425,0,0,0,22.4425,0
48.7211,2.08704,0,0,1.50993,0.224766,0.36288,3.6288,58.2213,0.327183,0,0,0.662056,0.234402,0,0.66528,12.849,1,0.537556,0.36288,0,36.2789,4.53267,31.5716,0.84672,12.849,0.84672,3695.15,0,36.966,0.208095,0.791683,1.69926,5.13277,1.14975,6.26587,0.42336,36.966,0.42336,423.524,0,1.02816,0,0,1.81984,0.791683,1.028160,1,0,37.8374,0,0,0,37.8374,0
49.3873,2.07749,0,0,3.3615,0.254944,0.36288,3.6288,59.021,0.327686,0,0,1.35001,0.222678,0,0.66528,12.849,1,0.547887,0.36288,0,44.0048,4.17522,39.6446,0.84672,12.849,0.84672,3695.15,0,36.966,0.208055,1.58324,1.69976,9.43296,1.09784,11.4101,0.42336,36.966,0.42336,423.524,0,1.02816,0,0,2.6114,1.58324,1.028160,1,0,51.0547,0,0,0,51.0547,0
49.5522,1.92702,0,0,2.695,0.240171,0.36288,3.6288,59.3731,0.233085,0,0,0.806077,0.220917,0,0.66528,12.849,1,0.501351,0.36288,0,41.7944,4.08797,37.568,0.84672,12.849,0.84672,3695.15,0,36.966,0.145985,1.19912,1.70027,6.14398,1.08357,7.81381,0.42336,36.966,0.42336,423.524,0,1.02816,0,0,2.22728,1.19912,1.028160,1,0,45.3818,0,0,0,45.3818,0
50.1296,1.92892,0,0,3.1143,0.245107,0.36288,3.6288,60.2576,0.233875,0,0,1.32006,0.201604,0,0.66528,12.849,1,0.500174,0.36288,0,74.3707,3.85444,70.379,0.84672,12.849,0.84672,3695.15,0,36.966,0.145612,2.20458,1.5423,8.82403,1.03037,11.3949,0.42336,36.966,0.42336,423.524,0,1.02816,0,0,3.23274,2.20458,1.028160,1,0,81.7739,0,0,0,81.7739,0
50.6517,1.93408,0,0,3.06566,0.24661,0.36288,3.6288,60.9692,0.235459,0,0,1.14974,0.202745,0,0.66528,12.849,1,0.495735,0.36288,0,58.2889,3.85444,54.3016,0.84672,12.849,0.84672,3695.15,0,36.966,0.144446,1.68617,1.54276,7.27402,1.03037,9.32812,0.42336,36.966,0.42336,423.524,0,1.02816,0,0,2.71433,1.68617,1.028160,1,0,63.6297,0,0,0,63.6297,0
50.8119,1.93873,0,0,2.70982,0.24797,0.36288,3.6288,61.308,0.236768,0,0,1.1789,0.203663,0.399647,0.66528,12.849,1,0.491805,0.36288,0,67.5502,3.85444,63.5668,0.84672,12.849,0.84672,3695.15,0,36.966,0.143554,1.71292,1.54322,7.52017,1.03037,9.60238,0.42336,36.966,0.42336,423.524,0,1.02816,0,0,2.74108,1.71292,1.028160,1,0,73.5689,0,0,0,73.5689,0
52.7475,1.94054,0,0,4.48545,0.246446,0.36288,3.6288,61.308,0.237524,0,0,1.21561,0.231034,0.747056,0.66528,12.849,1,0.490713,0.36288,0,61.0546,4.68132,56.2455,0.84672,12.849,0.84672,3695.15,0,36.966,0.143216,2.17566,1.54368,8.15106,1.28707,10.4401,0.42336,36.966,0.42336,423.524,0,1.02816,0,0,3.20382,2.17566,1.028160,1,0,67.4327,0,0,0,67.4327,0
52.169,2.01686,0,0,2.0762,0.274994,0.36288,3.6288,61.308,0.266208,0,0,1.667,0.187447,1.21335,0.66528,12.849,1,0.491295,0.36288,0,44.6142,3.68497,40.8008,0.84672,12.849,0.84672,3695.15,0,36.966,0.160511,2.70025,1.54413,10.0602,0.96418,13.1798,0.42336,36.966,0.42336,423.524,0,1.02816,0,0,3.72841,2.70025,1.028160,1,0,55.194,0,0,0,55.194,0
52.1877,2.01306,0,0,2.66655,0.271861,0.36288,3.6288,61.308,0.266468,0,0,1.66814,0.166775,1.2349,0.66528,12.849,1,0.495809,0.36288,0,85.3364,3.21804,81.9854,0.84672,12.849,0.84672,3695.15,0,36.966,0.160669,2.20195,1.59407,11.7388,0.827658,14.5465,0.42336,36.966,0.42336,423.524,0,1.02816,0,0,3.23011,2.20195,1.028160,1,0,97.7669,0,0,0,97.7669,0
51.6139,2.01378,0,0,2.07475,0.271913,0.36288,3.6288,61.308,0.266729,0,0,1.42654,0.166775,0.993038,0.66528,12.849,1,0.495809,0.36288,0,52.6096,3.21804,49.2587,0.84672,12.849,0.84672,3695.15,0,36.966,0.160826,1.69481,1.59452,8.52941,0.827658,10.8303,0.42336,36.966,0.42336,423.524,0,1.02816,0,0,2.72297,1.69481,1.028160,1,0,61.082,0,0,0,61.082,0
50.6077,2.00995,0,0,1.63694,0.270301,0.36288,3.6288,61.308,0.26699,0,0,1.26372,0.166775,0.829956,0.66528,12.849,1,0.500366,0.36288,0,33.516,3.21804,30.1605,0.84672,12.849,0.84672,3695.15,0,36.966,0.160983,1.3548,1.59498,7.25864,0.827658,9.21977,0.42336,36.966,0.42336,423.524,0,1.02816,0,0,2.38296,1.3548,1.028160,1,0,40.2102,0,0,0,40.2102,0
49.1364,2.19792,0,0,1.38332,0.293767,0.36288,3.6288,61.308,0.374091,0,0,1.1921,0.15137,0.666635,0.66528,12.849,1,0.558038,0.36288,0,36.6563,3.5878,32.8734,0.84672,12.849,0.84672,3695.15,0,36.966,0.22556,1.12673,1.59544,7.24691,0.916193,8.82733,0.42336,36.966,0.42336,423.524,0,1.02816,0,0,2.15489,1.12673,1.028160,1,0,42.3673,0,0,0,42.3673,0
47.7005,2.1853,0,0,1.41622,0.303946,0.36288,3.6288,61.308,0.374382,0,0,1.79217,0.142389,1.2754,0.66528,12.849,1,0.571448,0.36288,0,40.0308,3.90905,35.9132,0.84672,12.849,0.84672,3695.15,0,36.966,0.225736,2.16978,1.77411,9.6286,1.07219,12.2746,0.42336,36.966,0.42336,423.524,0,1.02816,0,0,3.19794,2.16978,1.028160,1,0,49.4632,0,0,0,49.4632,0
47.9919,2.17237,0,0,3.12587,0.299242,0.36288,3.6288,61.308,0.374674,0,0,1.51845,0.142389,1.00138,0.66528,12.849,1,0.585167,0.36288,0,70.7761,3.90905,66.6448,0.84672,12.849,0.84672,3695.15,0,36.966,0.225912,2.60336,1.77462,12.5058,1.07219,15.5857,0.42336,36.966,0.42336,423.524,0,1.02816,0,0,3.63152,2.60336,1.028160,1,0,83.2318,0,0,0,83.2318,0
46.5756,2.1758,0,0,1.41773,0.29536,0.36288,3.6288,61.308,0.374966,0,0,0.953381,0.144449,0.433966,0.66528,12.849,1,0.582532,0.36288,0,34.8839,3.89655,30.7677,0.84672,12.849,0.84672,3695.15,0,36.966,0.226088,1.10078,1.77513,7.44967,1.06382,9.03567,0.42336,36.966,0.42336,423.524,0,1.02816,0,0,2.12894,1.10078,1.028160,1,0,40.2373,0,0,0,40.2373,0
46.555,1.88842,0,0,2.50754,0.276839,0.36288,3.6288,61.308,0.231713,0,0,1.75638,0.110872,1.4138,0.66528,12.849,1,0.520966,0.36288,0,59.1462,3.62907,55.359,0.84672,12.849,0.84672,3695.15,0,36.966,0.139712,1.98463,1.77564,10.3707,0.895595,13.0956,0.42336,36.966,0.42336,423.524,0,1.02816,0,0,3.01279,1.98463,1.028160,1,0,69.8684,0,0,0,69.8684,0
47.9712,1.88878,0,0,3.94791,0.279996,0.36288,3.6288,61.308,0.231963,0,0,3.25084,0.0843198,2.93456,0.66528,12.849,1,0.521297,0.36288,0,97.2458,3.4636,93.6238,0.84672,12.849,0.84672,3695.15,0,36.966,0.139864,3.85478,1.53284,15.1654,0.844658,19.5685,0.42336,36.966,0.42336,423.524,0,1.02816,0,0,4.88294,3.85478,1.028160,1,0,116.127,0,0,0,116.127,0
48.8022,1.90147,0,0,3.35769,0.262368,0.36288,3.6288,61.308,0.232214,0,0,2.3179,0.130579,1.95511,0.66528,12.849,1,0.509304,0.36288,0,67.7808,3.58523,64.0492,0.84672,12.849,0.84672,3695.15,0,36.966,0.140015,2.3744,1.53328,11.6205,0.986549,14.4016,0.42336,36.966,0.42336,423.524,0,1.02816,0,0,3.40256,2.3744,1.028160,1,0,80.4058,0,0,0,80.4058,0
49.6785,1.90888,0,0,3.41281,0.264748,0.36288,3.6288,61.308,0.232465,0,0,2.22928,0.130579,1.86624,0.66528,12.849,1,0.502583,0.36288,0,58.7262,3.58523,55.0012,0.84672,12.849,0.84672,3695.15,0,36.966,0.140166,2.25271,1.53372,10.3921,0.986549,13.0518,0.42336,36.966,0.42336,423.524,0,1.02816,0,0,3.28087,2.25271,1.028160,1,0,69.9193,0,0,0,69.9193,0
50.7619,1.91647,0,0,3.62994,0.267252,0.36288,3.6288,61.308,0.232716,0,0,2.31245,0.130579,1.94916,0.66528,12.849,1,0.495682,0.36288,0,61.9707,3.58523,58.2526,0.84672,12.849,0.84672,3695.15,0,36.966,0.140317,2.49762,1.53416,11.1387,0.986549,14.0436,0.42336,36.966,0.42336,423.524,0,1.02816,0,0,3.52578,2.49762,1.028160,1,0,74.2454,0,0,0,74.2454,0
51.6297,1.99582,0,0,3.49047,0.263956,0.36288,3.6288,61.308,0.268134,0,0,1.97481,0.178424,1.52825,0.66528,12.849,1,0.505188,0.36288,0,79.6202,3.74777,75.7301,0.84672,12.849,0.84672,3695.15,0,36.966,0.161673,2.32865,1.5346,10.3976,1.1571,12.9421,0.42336,36.966,0.42336,423.524,0,1.02816,0,0,3.35681,2.32865,1.028160,1,0,90.2005,0,0,0,90.2005,0
52.1312,2.00319,0,0,3.13399,0.266359,0.36288,3.6288,61.308,0.268395,0,0,2.57721,0.178424,2.13039,0.66528,12.849,1,0.498532,0.36288,0,70.5456,3.74777,66.6622,0.84672,12.849,0.84672,3695.15,0,36.966,0.16183,2.39068,1.59511,11.5928,1.1571,14.2597,0.42336,36.966,0.42336,423.524,0,1.02816,0,0,3.41884,2.39068,1.028160,1,0,83.0522,0,0,0,83.0522,0
52.6294,2.00762,0,0,3.13645,0.267748,0.36288,3.6288,61.308,0.268656,0,0,2.43778,0.178424,1.9907,0.66528,12.849,1,0.494826,0.36288,0,77.741,3.74777,73.8613,0.84672,12.849,0.84672,3695.15,0,36.966,0.161988,2.76699,1.59557,11.8244,1.1571,14.8678,0.42336,36.966,0.42336,423.524,0,1.02816,0,0,3.79515,2.76699,1.028160,1,0,90.7198,0,0,0,90.7198,0
52.813,2.01196,0,0,2.8121,0.253721,0.36288,3.6288,61.308,0.268918,0,0,1.55078,0.198159,1.08371,0.66528,12.849,1,0.491202,0.36288,0,60.5127,4.00258,56.3818,0.84672,12.849,0.84672,3695.15,0,36.966,0.162145,1.54259,1.59603,7.0685,1.22838,8.81659,0.42336,36.966,0.42336,423.524,0,1.02816,0,0,2.57075,1.54259,1.028160,1,0,66.2821,0,0,0,66.2821,0
52.524,1.98616,0,0,2.31081,0.250741,0.36288,3.6288,61.308,0.255505,0,0,1.40883,0.201846,0.951479,0.66528,12.849,1,0.483217,0.36288,0,54.0875,3.77436,50.1928,0.84672,12.849,0.84672,3695.15,0,36.966,0.154058,1.55081,1.59649,8.88443,1.18347,10.6942,0.42336,36.966,0.42336,423.524,0,1.02816,0,0,2.57897,1.55081,1.028160,1,0,61.8385,0,0,0,61.8385,0
51.9866,1.98459,0,0,2.02677,0.216725,0.36288,3.6288,61.308,0.255762,0,0,0.952102,0.209746,0.486594,0.66528,12.849,1,0.485492,0.36288,0,46.1645,3.65889,42.383,0.84672,12.849,0.84672,3695.15,0,36.966,0.154213,1.12899,1.57354,6.07941,1.108,7.51974,0.42336,36.966,0.42336,423.524,0,1.02816,0,0,2.15715,1.12899,1.028160,1,0,50.3893,0,0,0,50.3893,0
51.4155,1.98113,0,0,1.95315,0.180261,0.36288,3.6288,61.308,0.25602,0,0,0.995993,0.229365,0.510609,0.66528,12.849,1,0.489657,0.36288,0,44.2122,3.83187,40.2535,0.84672,12.849,0.84672,3695.15,0,36.966,0.154369,1.21938,1.574,6.45545,1.11832,7.97613,0.42336,36.966,0.42336,423.524,0,1.02816,0,0,2.24754,1.21938,1.028160,1,0,48.7403,0,0,0,48.7403,0
50.7053,1.97735,0,0,1.80927,0.179195,0.36288,3.6288,61.308,0.256277,0,0,0.924428,0.229365,0.438786,0.66528,12.849,1,0.49415,0.36288,0,40.3422,3.83187,36.3791,0.84672,12.849,0.84672,3695.15,0,36.966,0.154524,1.08086,1.57445,6.33563,1.11832,7.7181,0.42336,36.966,0.42336,423.524,0,1.02816,0,0,2.10902,1.08086,1.028160,1,0,44.536,0,0,0,44.536,0
49.905,2.06596,0,0,1.80615,0.177614,0.36288,3.6288,61.308,0.305083,0,0,0.993764,0.227006,0.461675,0.66528,12.849,1,0.523525,0.36288,0,39.3101,3.87117,35.2783,0.84672,12.849,0.84672,3695.15,0,36.966,0.183951,0.808065,1.5749,5.56406,1.12053,6.64255,0.42336,36.966,0.42336,423.524,0,1.02816,0,0,1.83622,0.808065,1.028160,1,0,42.3825,0,0,0,42.3825,0
48.7532,2.05987,0,0,1.41455,0.143657,0.36288,3.6288,61.308,0.305355,0,0,0.735895,0.217814,0.212726,0.66528,12.849,1,0.530353,0.36288,0,28.7509,3.87975,24.7037,0.84672,12.849,0.84672,3695.15,0,36.966,0.184115,0.44064,1.65745,4.33582,1.09198,5.15782,0.42336,36.966,0.42336,423.524,0,1.02816,0,0,1.4688,0.44064,1.028160,1,0,30.0742,0,0,0,30.0742,0
47.6084,1.98187,0,0,1.32956,0.129581,0.36288,3.6288,61.308,0.27391,0,0,0.766385,0.221384,0.271091,0.66528,12.849,1,0.522326,0.36288,0,26.4826,3.98811,22.3351,0.84672,12.849,0.84672,3695.15,0,36.966,0.165155,0.444303,1.65793,4.40663,1.07192,5.27179,0.42336,36.966,0.42336,423.524,0,1.02816,0,0,1.47246,0.444303,1.028160,1,0,27.878,0,0,0,27.878,0
46.3884,2.00672,0,0,1.27762,0.127976,0.36288,3.6288,61.308,0.290035,0,0,0.780728,0.221384,0.269308,0.66528,12.849,1,0.541593,0.36288,0,24.9657,3.98811,20.7989,0.84672,12.849,0.84672,3695.15,0,36.966,0.174878,0.371019,1.60286,4.39402,1.07192,5.12111,0.42336,36.966,0.42336,423.524,0,1.02816,0,0,1.39918,0.371019,1.028160,1,0,26.1893,0,0,0,26.1893,0
45.0663,2.03013,0,0,1.19714,0.126265,0.36288,3.6288,61.308,0.32206,0,0,0.726589,0.221384,0.183145,0.66528,12.849,1,0.562321,0.36288,0,23.3878,3.98811,19.2002,0.84672,12.849,0.84672,3695.15,0,36.966,0.194188,0.30119,1.6311,4.074,1.07192,4.74019,0.42336,36.966,0.42336,423.524,0,1.00269,0,0,1.30388,0.30119,1.028160,1,0,24.1236,0,0,0,24.1236,0
43.5882,1.9998,0,0,0.989781,0.105201,0.36288,3.6288,61.0037,0.573909,0,0,0.496833,0.22719,0,0.66528,12.849,1,0.570171,0.36288,0,21.3076,4.20619,16.8941,0.84672,12.849,0.84672,3695.15,0,36.966,0.346042,0.30119,1.65936,2.41898,1.17927,2.85422,0.42336,36.966,0.42336,423.524,0,0.642254,0,0,0.943445,0.30119,1.028160,1,0,19.7484,0,0,0,19.7484,0
42.2076,1.81921,0,0,0.904936,0.103448,0.36288,3.6288,60.8059,0.456004,0,0,0.484908,0.226753,0,0.66528,12.849,1,0.536269,0.36288,0,21.0069,4.20619,16.6273,0.84672,12.849,0.84672,3695.15,0,36.966,0.276321,0.261274,1.68857,2.38925,1.17927,2.8835,0.42336,36.966,0.42336,423.524,0,0.699494,0,0,0.960768,0.261274,1.028160,1,0,19.5108,0,0,0,19.5108,0
40.6646,1.90531,0,0,0.827064,0.101811,0.36288,3.6288,60.4415,0.591406,0,0,0.453463,0.226469,0,0.66528,12.849,1,0.580022,0.36288,0,19.7589,4.20619,15.3356,0.84672,12.849,0.84672,3695.15,0,36.966,0.359536,0.261274,1.54764,2.27356,1.17927,2.54368,0.42336,36.966,0.42336,423.524,0,0.559811,0,0,0.821085,0.261274,1.028160,1,0,17.8792,0,0,0,17.8792,0
39.0217,1.95459,0,0,0.760493,0.0859275,0.36288,3.6288,59.9791,0.622478,0,0,0.429717,0.269582,0,0.66528,12.849,1,0.6176,0.36288,0,17.6909,4.7708,12.6654,0.84672,12.849,0.84672,3695.15,0,36.966,0.380708,0.261274,1.63296,2.16476,1.38536,2.29293,0.42336,36.966,0.42336,423.524,0,0.560365,0,0,0.821638,0.261274,1.028160,1,0,14.9583,0,0,0,14.9583,0
37.2545,1.98075,0,0,0.650414,0.0740073,0.36288,3.6288,59.2793,0.746761,0,0,0.367134,0.320248,0,0.66528,12.849,1,0.652219,0.36288,0,14.1553,5.74241,8.1236,0.84672,12.849,0.84672,3695.15,0,36.966,0.42336,0.261274,1.69003,1.90564,1.56124,1.87234,0.42336,36.966,0.42336,423.524,0,0.432095,0,0,0.693369,0.261274,1.028160,1,0,9.99594,0,0,0,9.99594,0
35.6829,1.79435,0,0,0.658169,0.0725373,0.36288,3.6288,58.8265,0.5809,0,0,0.461045,0.332878,0,0.66528,12.849,1,0.618867,0.36288,0,17.3791,6.15352,10.9696,0.84672,12.849,0.84672,3695.15,0,36.966,0.362244,0.261274,1.73129,2.12128,1.57723,2.17438,0.42336,36.966,0.42336,423.524,0,0.525347,0,0,0.78662,0.261274,1.028160,1,0,13.144,0,0,0,13.144,0
33.9434,1.90456,0,0,0.599081,0.0711912,0.36288,3.6288,58.2607,0.614148,0,0,0.38027,0.331912,0,0.66528,12.849,1,0.685809,0.36288,0,13.998,6.15352,7.52156,0.84672,12.849,0.84672,3695.15,0,36.966,0.385924,0.227405,1.58679,1.97115,1.57723,1.82219,0.42336,36.966,0.42336,423.524,0,0.576219,0,0,0.803624,0.227405,1.028160,1,0,9.34375,0,0,0,9.34375,0
32.144,1.91161,0,0,0.544865,0.0697012,0.36288,3.6288,57.5549,0.729271,0,0,0.354142,0.330706,0,0.66528,12.849,1,0.723626,0.36288,0,13.0493,6.15352,6.53507,0.84672,12.849,0.84672,3695.15,0,36.966,0.42336,0.227405,1.70328,1.75668,1.57723,1.68678,0.42336,36.966,0.42336,423.524,0,0.450965,0,0,0.67837,0.227405,1.028160,1,0,8.22185,0,0,0,8.22185,0
30.4568,1.84078,0,0,0.577644,0.0612594,0.36288,3.6288,57.0015,0.614354,0,0,0.397735,0.336747,0,0.66528,12.849,1,0.73582,0.36288,0,12.8333,6.43872,6.02168,0.84672,12.849,0.84672,3695.15,0,36.966,0.394584,0.227405,1.73278,2.31383,1.61003,2.2694,0.42336,36.966,0.42336,423.524,0,0.587357,0,0,0.814762,0.227405,1.028160,1,0,8.29108,0,0,0,8.29108,0
28.5815,1.97827,0,0,0.530016,0.0641627,0.36288,3.6288,56.0951,0.903845,0,0,0.342808,0.345377,0,0.66528,12.849,1,0.834584,0.36288,0,12.503,7.10304,4.92829,0.84672,12.849,0.84672,3695.15,0,36.966,0.42336,0.227405,1.71615,1.74007,1.59766,1.66261,0.42336,36.966,0.42336,423.524,0,0.415453,0,0,0.642857,0.227405,1.028160,1,0,6.59089,0,0,0,6.59089,0
26.6149,1.96694,0,0,0.425791,0.0625606,0.36288,3.6288,54.9218,1.07792,0,0,0.24795,0.343343,0,0.66528,12.849,1,0.84672,0.36288,0,12.2175,7.10304,4.6306,0.84672,12.849,0.84672,3695.15,0,36.966,0.42336,0.204422,1.87351,1.39687,1.59766,1.45378,0.42336,36.966,0.42336,423.524,0,0.241879,0,0,0.446301,0.204422,1.028160,1,0,6.08438,0,0,0,6.08438,0
24.8008,1.92061,0,0,0.530277,0.0608805,0.36288,3.6288,54.3536,0.651287,0,0,0.423787,0.340709,0,0.66528,12.849,1,0.84672,0.36288,0,11.1582,7.10304,3.57133,0.84672,12.849,0.84672,3695.15,0,36.966,0.42336,0.204422,1.87404,2.15985,1.59766,2.2173,0.42336,36.966,0.42336,423.524,0,0.639813,0,0,0.844235,0.204422,1.028160,1,0,5.78863,0,0,0,5.78863,0
22.8353,1.96855,0,0,0.429868,0.0639176,0.36288,3.6288,53.4132,0.941895,0,0,0.301342,0.299885,0,0.66528,12.0119,1,0.84672,0.36288,0,8.41959,5.99397,3.20544,0.84672,12.0119,0.84672,3694.72,0,36.966,0.42336,0.204422,1.84319,2.16128,1.16593,2.6196,0.42336,36.966,0.42336,423.524,0,0.378903,0,0,0.583325,0.204422,1.028160,1,0,5.82504,0,0,0,5.82504,0
21.8394,1.88344,0,0,1.30182,0.0514353,0.36288,3.6288,53.6593,0.373834,0,0,0.891626,0.271679,0,0.66528,12.849,1,0.84672,0.36288,0,20.0095,5.7679,12.4941,0.84672,12.849,0.84672,3695.15,0,36.966,0.258722,0.409916,1.87512,5.51481,1.35176,6.18936,0.42336,36.966,0.42336,423.524,0,1.02816,0,0,1.43808,0.409916,1.028160,1,0,18.6835,0,0,0,18.6835,0
20.3835,1.88422,0,0,0.840136,0.0488667,0.36288,3.6288,53.6193,0.418568,0,0,0.647489,0.268934,0,0.66528,12.849,1,0.84672,0.36288,0,34.7707,5.76103,28.5259,0.84672,12.849,0.84672,3695.15,0,36.966,0.288353,0.216518,1.7947,3.87903,1.39473,4.20717,0.42336,36.966,0.42336,423.524,0,0.954271,0,0,1.17079,0.216518,1.028160,1,0,32.733,0,0,0,32.733,0
18.7766,1.885,0,0,0.688878,0.0479032,0.36288,3.6288,53.2941,0.647591,0,0,0.591265,0.268849,0,0.66528,12.849,1,0.84672,0.36288,0,20.1715,5.76103,13.9267,0.84672,12.849,0.84672,3695.15,0,36.966,0.42336,0.216518,1.79521,2.77198,1.39473,2.96563,0.42336,36.966,0.42336,423.524,0,0.590717,0,0,0.807235,0.216518,1.028160,1,0,16.8923,0,0,0,16.8923,0
18.1332,1.88579,0,0,1.69487,0.0896282,0.36288,3.6288,53.5864,0.374336,0,0,0.940473,0.273767,0,0.66528,12.849,1,0.84672,0.36288,0,26.8565,5.29784,21.0748,0.84672,12.849,0.84672,3695.15,0,36.966,0.259648,0.786586,1.79573,7.21008,1.29516,8.23758,0.42336,36.966,0.42336,423.524,0,1.02816,0,0,1.81475,0.786586,1.028160,1,0,29.3124,0,0,0,29.3124,0
17.6682,1.81596,0,0,1.81109,0.0972538,0.36288,3.6288,54.1603,0.330188,0,0,1.1508,0.246749,0,0.66528,12.849,1,0.84672,0.36288,0,39.4636,4.89183,34.088,0.84672,12.849,0.84672,3695.15,0,36.966,0.227776,0.415645,1.79624,6.0655,1.12544,6.92417,0.42336,36.966,0.42336,423.524,0,1.02816,0,0,1.4438,0.415645,1.028160,1,0,41.0121,0,0,0,41.0121,0
17.414,1.81673,0,0,2.05213,0.126739,0.36288,3.6288,54.253,0.474731,0,0,0.751265,0.183868,0,0.66528,12.849,1,0.84672,0.36288,0,30.9992,4.70337,25.812,0.84672,12.849,0.84672,3695.15,0,36.966,0.324018,0.216518,1.72443,5.01382,1.1074,5.52334,0.42336,36.966,0.42336,423.524,0,0.78783,0,0,1.00435,0.216518,1.028160,1,0,31.3353,0,0,0,31.3353,0
16.8512,1.81749,0,0,1.74385,0.126276,0.36288,3.6288,54.5264,0.385687,0,0,0.843137,0.183981,0,0.66528,12.849,1,0.84672,0.36288,0,25.3403,4.70337,20.1531,0.84672,12.849,0.84672,3695.15,0,36.966,0.262793,0.292723,1.72492,5.57277,1.1074,6.22022,0.42336,36.966,0.42336,423.524,0,0.938555,0,0,1.23128,0.292723,1.028160,1,0,26.3734,0,0,0,26.3734,0
19.916,1.81825,0,0,5.37123,0.125252,0.36288,3.6288,56.707,0.333341,0,0,2.69819,0.184314,0,0.66528,12.849,1,0.84672,0.36288,0,87.7949,4.70337,82.6077,0.84672,12.849,0.84672,3695.15,0,36.966,0.225988,2.90958,1.72542,13.2514,1.1074,16.553,0.42336,36.966,0.42336,423.524,0,1.02816,0,0,3.93774,2.90958,1.028160,1,0,99.1608,0,0,0,99.1608,0
22.1115,1.61826,0,0,4.32548,0.148927,0.36288,3.6288,58.6453,0.242318,0,0,2.34953,0.16885,0,0.66528,12.849,1,0.84672,0.36288,0,71.6006,4.39608,66.7207,0.84672,12.849,0.84672,3695.15,0,36.966,0.157962,0.880053,1.72591,10.3,1.02402,11.724,0.42336,36.966,0.42336,423.524,0,1.02816,0,0,1.90821,0.880053,1.028160,1,0,78.4447,0,0,0,78.4447,0
23.7046,1.61896,0,0,3.74785,0.172907,0.36288,3.6288,60.7092,0.245772,0,0,2.47832,0.168691,0,0.66528,12.849,1,0.84672,0.36288,0,71.7664,4.07589,67.2067,0.84672,12.849,0.84672,3695.15,0,36.966,0.154918,1.53203,1.56555,11.8059,0.955303,13.7932,0.42336,36.966,0.42336,423.524,0,1.02816,0,0,2.56019,1.53203,1.028160,1,0,80.9999,0,0,0,80.9999,0
25.3059,1.61967,0,0,3.7606,0.176731,0.36288,3.6288,61.308,0.2493,0,0,2.03543,0.17093,1.01639,0.66528,12.849,1,0.84672,0.36288,0,84.0033,4.07589,79.4435,0.84672,12.849,0.84672,3695.15,0,36.966,0.151799,1.63228,1.566,10.9545,0.955303,13.0457,0.42336,36.966,0.42336,423.524,0,1.02816,0,0,2.66044,1.63228,1.028160,1,0,93.5056,0,0,0,93.5056,0
28.08,1.63628,0,0,4.95419,0.180872,0.36288,3.6288,61.308,0.250481,0,0,2.05044,0.171579,1.62838,0.66528,12.849,1,0.830817,0.36288,0,78.9592,4.07589,74.4154,0.84672,12.849,0.84672,3695.15,0,36.966,0.151029,1.59308,1.56645,8.39117,0.955303,10.4444,0.42336,36.966,0.42336,423.524,0,1.02816,0,0,2.62124,1.59308,1.028160,1,0,86.4881,0,0,0,86.4881,0
32.9882,1.69308,0,0,7.14952,0.185458,0.36288,3.6288,61.308,0.250736,0,0,4.34076,0.168479,3.92155,0.66528,12.849,1,0.774727,0.36288,0,143.612,3.9687,139.232,0.84672,12.849,0.84672,3695.15,0,36.966,0.151183,2.86329,1.5669,20.5631,0.941912,23.9002,0.42336,36.966,0.42336,423.524,0,1.02816,0,0,3.89145,2.86329,1.028160,1,0,167.054,0,0,0,167.054,0
39.71,1.83219,0,0,9.11402,0.197067,0.36288,3.6288,61.308,0.279842,0,0,3.19733,0.183439,2.73405,0.66528,12.849,1,0.713643,0.36288,0,193.457,3.72891,189.377,0.84672,12.849,0.84672,3695.15,0,36.966,0.168732,4.58553,1.56735,16.2572,0.985132,21.2562,0.42336,36.966,0.42336,423.524,0,1.02816,0,0,5.61369,4.58553,1.028160,1,0,213.367,0,0,0,213.367,0
43.9321,1.92399,0,0,6.72935,0.220395,0.36288,3.6288,61.308,0.280098,0,0,1.94299,0.196865,1.46603,0.66528,12.849,1,0.622546,0.36288,0,171.494,3.89025,167.344,0.84672,12.849,0.84672,3695.15,0,36.966,0.168886,2.59723,1.61801,11.1818,1.03456,14.1936,0.42336,36.966,0.42336,423.524,0,1.02816,0,0,3.62539,2.59723,1.028160,1,0,183.003,0,0,0,183.003,0
46.8468,1.97083,0,0,5.47997,0.231546,0.36288,3.6288,61.308,0.280353,0,0,1.46136,0.196865,0.984143,0.66528,12.849,1,0.576415,0.36288,0,129.665,3.89025,125.561,0.84672,12.849,0.84672,3695.15,0,36.966,0.16904,1.32238,1.61846,7.16687,1.03456,8.90411,0.42336,36.966,0.42336,423.524,0,1.02816,0,0,2.35054,1.32238,1.028160,1,0,135.449,0,0,0,135.449,0
50.0685,1.99952,0,0,5.851,0.266926,0.36288,3.6288,61.308,0.280609,0,0,1.70313,0.150488,1.27204,0.66528,12.849,1,0.548423,0.36288,0,131.739,3.11751,128.436,0.84672,12.849,0.84672,3695.15,0,36.966,0.169195,1.82678,1.61891,8.34546,0.853931,10.768,0.42336,36.966,0.42336,423.524,0,1.02816,0,0,2.85494,1.82678,1.028160,1,0,140.476,0,0,0,140.476,0
51.759,2.22599,0,0,4.54524,0.265874,0.36288,3.6288,61.308,0.389305,0,0,1.36575,0.146284,0.830162,0.66528,12.849,1,0.571253,0.36288,0,102.594,3.31425,99.0713,0.84672,12.849,0.84672,3695.15,0,36.966,0.234733,1.17741,1.61936,6.08031,0.870792,7.77155,0.42336,36.966,0.42336,423.524,0,1.02816,0,0,2.20557,1.17741,1.028160,1,0,107.673,0,0,0,107.673,0
52.5824,2.24156,0,0,3.65948,0.231652,0.36288,3.6288,61.308,0.38959,0,0,1.18828,0.155099,0.643588,0.66528,12.849,1,0.55646,0.36288,0,77.9509,4.12808,73.6293,0.84672,12.849,0.84672,3695.15,0,36.966,0.234906,1.02367,1.80069,6.22104,0.988206,7.82229,0.42336,36.966,0.42336,423.524,0,1.02816,0,0,2.05183,1.02367,1.028160,1,0,82.0952,0,0,0,82.0952,0
55.9877,2.24919,0,0,6.24084,0.223477,0.36288,3.6288,61.308,0.389876,0,0,1.56034,0.159218,1.01125,0.66528,12.849,1,0.54961,0.36288,0,132.662,4.10308,128.372,0.84672,12.849,0.84672,3695.15,0,36.966,0.235078,1.78627,1.80119,8.50016,0.971469,10.8811,0.42336,36.966,0.42336,423.524,0,1.02816,0,0,2.81443,1.78627,1.028160,1,0,140.265,0,0,0,140.265,0
57.9395,2.277,0,0,4.81572,0.224014,0.36288,3.6288,61.308,0.390162,0,0,1.46073,0.220651,0.849918,0.66528,12.849,1,0.522566,0.36288,0,134.428,3.71448,130.554,0.84672,12.849,0.84672,3695.15,0,36.966,0.23525,1.66871,1.80169,8.49407,1.13177,10.5974,0.42336,36.966,0.42336,423.524,0,1.02816,0,0,2.69687,1.66871,1.028160,1,0,142.001,0,0,0,142.001,0
60.0248,2.00152,0,0,4.72995,0.280275,0.36288,3.6288,61.308,0.244758,0,0,2.03165,0.187671,1.59922,0.66528,12.849,1,0.443868,0.36288,0,104.064,3.66471,100.318,0.84672,12.849,0.84672,3695.15,0,36.966,0.147578,2.84129,1.80219,9.04357,1.08183,12.4576,0.42336,36.966,0.42336,423.524,0,1.02816,0,0,3.86945,2.84129,1.028160,1,0,114.375,0,0,0,114.375,0
64.5451,2.01478,0,0,7.21017,0.312143,0.36288,3.6288,61.308,0.245004,0,0,3.47566,0.163631,3.06702,0.66528,12.849,1,0.431286,0.36288,0,126.088,3.55919,122.46,0.84672,12.849,0.84672,3695.15,0,36.966,0.147726,4.82629,1.55574,10.9658,0.893274,16.3068,0.42336,36.966,0.42336,423.524,0,1.02816,0,0,5.85445,4.82629,1.028160,1,0,141.834,0,0,0,141.834,0
67.6811,2.04053,0,0,5.86346,0.324057,0.36288,3.6288,61.308,0.245249,0,0,2.32365,0.163631,1.91477,0.66528,12.849,1,0.406209,0.36288,0,112.667,3.55919,109.065,0.84672,12.849,0.84672,3695.15,0,36.966,0.147874,2.70353,1.55617,7.67681,0.893274,10.8954,0.42336,36.966,0.42336,423.524,0,1.02816,0,0,3.73169,2.70353,1.028160,1,0,121.875,0,0,0,121.875,0
69.043,2.05692,0,0,4.11393,0.33225,0.36288,3.6288,61.308,0.245495,0,0,1.76064,0.163631,1.35152,0.66528,12.849,1,0.390498,0.36288,0,109.705,3.55919,106.118,0.84672,12.849,0.84672,3695.15,0,36.966,0.148022,2.20117,1.5566,6.933,0.893274,9.64947,0.42336,36.966,0.42336,423.524,0,1.02816,0,0,3.22933,2.20117,1.028160,1,0,117.119,0,0,0,117.119,0
70.5346,2.06399,0,0,4.19903,0.280562,0.36288,3.6288,61.308,0.245741,0,0,1.33825,0.133549,0.95896,0.66528,12.849,1,0.384111,0.36288,0,95.4521,3.12321,92.3077,0.84672,12.849,0.84672,3695.15,0,36.966,0.148171,1.63184,1.55703,6.31659,0.830646,8.52665,0.42336,36.966,0.42336,423.524,0,1.02816,0,0,2.66,1.63184,1.028160,1,0,101.793,0,0,0,101.793,0
72.1263,2.14712,0,0,4.4157,0.314005,0.36288,3.6288,61.308,0.281677,0,0,1.58406,0.174077,1.1283,0.66528,12.849,1,0.391131,0.36288,0,111.576,3.61248,107.935,0.84672,12.849,0.84672,3695.15,0,36.966,0.169839,1.99867,1.55747,7.06783,0.944932,9.5092,0.42336,36.966,0.42336,423.524,0,1.02816,0,0,3.02683,1.99867,1.028160,1,0,118.573,0,0,0,118.573,0
72.29,2.15504,0,0,3.59033,0.326713,0.944897,3.6288,61.308,0.281933,0,0,1.51587,0.182837,1.0511,0.66528,12.849,1,0.383911,0.944897,0,79.7757,3.72309,76.6136,0.84672,12.849,0.84672,3695.15,0,36.966,0.169993,2.08693,1.61886,4.80906,0.968154,7.37671,0.42336,36.966,0.42336,423.524,0,1.02816,0,0,3.11509,2.08693,1.028160,1,0,85.0414,0,0,0,85.0414,0
72.29,2.15637,0,0,3.34079,0.327119,0.857292,3.6288,61.308,0.282189,0,0,1.64025,0.182837,1.17523,0.66528,12.849,1,0.383279,0.857292,0,68.0452,3.72309,64.7961,0.84672,12.849,0.84672,3695.15,0,36.966,0.170147,1.97128,1.61931,6.25146,0.968154,8.70375,0.42336,36.966,0.42336,423.524,0,1.02816,0,0,2.99944,1.97128,1.028160,1,0,74.6751,0,0,0,74.6751,0
72.29,2.15697,0,0,3.05746,0.317398,0.583093,3.6288,61.308,0.282444,0,0,2.09311,0.179356,1.63131,0.66528,12.849,1,0.383385,0.583093,0,64.8156,3.50599,61.5093,0.84672,12.849,0.84672,3695.15,0,36.966,0.170301,2.76506,1.61976,5.52634,0.923813,8.81705,0.42336,36.966,0.42336,423.524,0,1.02816,0,0,3.79322,2.76506,1.028160,1,0,71.9576,0,0,0,71.9576,0
72.29,2.12783,0,0,2.78425,0.283888,0.372528,3.6288,61.308,0.268823,0,0,1.15311,0.224332,0.659956,0.66528,12.849,1,0.378206,0.372528,0,53.4687,4.68032,48.7827,0.84672,12.849,0.84672,3695.15,0,36.966,0.162088,1.1777,1.62021,4.3615,1.08439,5.91293,0.42336,36.966,0.42336,423.524,0,1.02816,0,0,2.20586,1.1777,1.028160,1,0,55.3556,0,0,0,55.3556,0
72.29,2.12842,0,0,2.81078,0.238285,0.444075,3.6288,61.308,0.269075,0,0,1.018,0.239659,0.509265,0.66528,12.849,1,0.378311,0.444075,0,57.2363,4.85712,52.4449,0.84672,12.849,0.84672,3695.15,0,36.966,0.16224,1.06135,1.59691,4.62046,1.11258,6.0039,0.42336,36.966,0.42336,423.524,0,1.02816,0,0,2.08951,1.06135,1.028160,1,0,58.9581,0,0,0,58.9581,0
72.1281,2.12901,0,0,2.52432,0.194298,0.36288,3.6288,61.308,0.269328,0,0,1.12696,0.226076,0.631555,0.66528,12.849,1,0.378416,0.36288,0,50.5845,4.13448,46.4345,0.84672,12.849,0.84672,3695.15,0,36.966,0.162393,0.795018,1.59735,4.34609,1.02942,5.54665,0.42336,36.966,0.42336,423.524,0,1.02816,0,0,1.82318,0.795018,1.028160,1,0,52.6127,0,0,0,52.6127,0
71.8347,2.12888,0,0,2.39243,0.194059,0.36288,3.6288,61.308,0.26958,0,0,1.02797,0.226076,0.532314,0.66528,12.849,1,0.379242,0.36288,0,43.1362,4.13448,38.9853,0.84672,12.849,0.84672,3695.15,0,36.966,0.162545,0.663025,1.5978,3.98815,1.02942,5.057,0.42336,36.966,0.42336,423.524,0,1.02816,0,0,1.69118,0.663025,1.028160,1,0,44.5746,0,0,0,44.5746,0
71.3354,2.22911,0,0,2.28564,0.192951,0.36288,3.6288,61.308,0.319099,0,0,1.05348,0.225776,0.508609,0.66528,12.849,1,0.398718,0.36288,0,42.4958,4.14486,38.3151,0.84672,12.849,0.84672,3695.15,0,36.966,0.192403,0.598951,1.59824,3.97406,1.03144,4.94741,0.42336,36.966,0.42336,423.524,0,1.02816,0,0,1.62711,0.598951,1.028160,1,0,43.7711,0,0,0,43.7711,0
70.8311,2.22736,0,0,2.26557,0.179696,0.36288,3.6288,61.308,0.319365,0,0,0.958055,0.211791,0.426899,0.66528,12.849,1,0.401194,0.36288,0,49.7698,3.84924,45.8822,0.84672,12.849,0.84672,3695.15,0,36.966,0.192563,0.663396,1.682,3.8212,1.05189,4.92214,0.42336,36.966,0.42336,423.524,0,1.02816,0,0,1.69156,0.663396,1.028160,1,0,51.2312,0,0,0,51.2312,0
70.0962,2.22556,0,0,1.98672,0.13315,0.36288,3.6288,61.308,0.319631,0,0,0.893627,0.212027,0.361968,0.66528,12.849,1,0.403724,0.36288,0,42.4278,3.86526,38.5217,0.84672,12.849,0.84672,3695.15,0,36.966,0.192723,0.673695,1.68246,3.54753,1.00549,4.70548,0.42336,36.966,0.42336,423.524,0,1.02816,0,0,1.70186,0.673695,1.028160,1,0,43.5892,0,0,0,43.5892,0
69.341,2.2226,0,0,1.96263,0.132399,0.36288,3.6288,61.308,0.319897,0,0,0.963636,0.212027,0.431712,0.66528,12.849,1,0.407414,0.36288,0,41.1632,3.86526,37.2534,0.84672,12.849,0.84672,3695.15,0,36.966,0.192884,0.642539,1.68293,3.84386,1.00549,4.97096,0.42336,36.966,0.42336,423.524,0,1.02816,0,0,1.6707,0.642539,1.028160,1,0,42.6561,0,0,0,42.6561,0
68.4658,2.21947,0,0,1.83883,0.131628,0.36288,3.6288,61.308,0.320164,0,0,0.904236,0.212027,0.372045,0.66528,12.849,1,0.411271,0.36288,0,38.4065,3.86526,34.4929,0.84672,12.849,0.84672,3695.15,0,36.966,0.193044,0.588721,1.6834,3.437,1.00549,4.51059,0.42336,36.966,0.42336,423.524,0,1.02816,0,0,1.61688,0.588721,1.028160,1,0,39.3755,0,0,0,39.3755,0
68.2613,2.19581,0,0,2.46415,0.109963,0.36288,3.6288,61.308,0.347545,0,0,0.898897,0.236529,0.314823,0.66528,12.849,1,0.412089,0.36288,0,42.9722,4.62045,38.3026,0.84672,12.849,0.84672,3695.15,0,36.966,0.209554,0.740491,1.68386,4.09387,1.19229,5.11639,0.42336,36.966,0.42336,423.524,0,1.02816,0,0,1.76865,0.740491,1.028160,1,0,43.7338,0,0,0,43.7338,0
67.9895,2.19538,0,0,2.39278,0.106331,0.36288,3.6288,61.308,0.347819,0,0,0.878653,0.240612,0.290222,0.66528,12.849,1,0.413242,0.36288,0,43.7331,4.74632,38.9364,0.84672,12.849,0.84672,3695.15,0,36.966,0.209719,0.772874,1.71349,4.28648,1.22342,5.33971,0.42336,36.966,0.42336,423.524,0,1.02816,0,0,1.80103,0.772874,1.028160,1,0,44.5663,0,0,0,44.5663,0
67.4982,2.1946,0,0,2.17224,0.106105,0.36288,3.6288,61.308,0.348093,0,0,0.830071,0.240612,0.241365,0.66528,12.849,1,0.414746,0.36288,0,42.4333,4.74632,37.6351,0.84672,12.849,0.84672,3695.15,0,36.966,0.209885,0.596203,1.71397,4.02925,1.22342,4.90611,0.42336,36.966,0.42336,423.524,0,1.02816,0,0,1.62436,0.596203,1.028160,1,0,42.7826,0,0,0,42.7826,0
66.8351,2.19267,0,0,1.98901,0.0965215,0.36288,3.6288,61.308,0.348367,0,0,0.790016,0.26255,0.179098,0.66528,12.849,1,0.417398,0.36288,0,37.4207,5.02861,32.3376,0.84672,12.849,0.84672,3695.15,0,36.966,0.21005,0.529554,1.71444,3.91299,1.32646,4.62047,0.42336,36.966,0.42336,423.524,0,1.02816,0,0,1.55771,0.529554,1.028160,1,0,37.1371,0,0,0,37.1371,0
66.1115,2.24091,0,0,1.96008,0.0799252,0.36288,3.6288,61.308,0.372834,0,0,0.708592,0.318591,0.0171677,0.66528,12.849,1,0.430813,0.36288,0,33.2294,5.80854,27.353,0.84672,12.849,0.84672,3695.15,0,36.966,0.224802,0.404715,1.71492,3.58686,1.54131,3.94038,0.42336,36.966,0.42336,423.524,0,1.02816,0,0,1.43287,0.404715,1.028160,1,0,31.3105,0,0,0,31.3105,0
65.6556,2.23758,0,0,2.22145,0.0768345,0.36288,3.6288,61.308,0.373114,0,0,0.849269,0.33055,0.145604,0.66528,12.849,1,0.434882,0.36288,0,41.5202,5.99602,35.4522,0.84672,12.849,0.84672,3695.15,0,36.966,0.224971,0.493137,1.75677,3.76326,1.53677,4.25143,0.42336,36.966,0.42336,423.524,0,1.02816,0,0,1.5213,0.493137,1.028160,1,0,39.8492,0,0,0,39.8492,0
65.0489,2.23567,0,0,2.06843,0.0765556,0.36288,3.6288,61.308,0.373395,0,0,0.736802,0.33055,0.0328564,0.66528,12.849,1,0.437528,0.36288,0,35.1562,5.99602,29.0856,0.84672,12.849,0.84672,3695.15,0,36.966,0.225141,0.6163,1.75726,3.79798,1.53677,4.40962,0.42336,36.966,0.42336,423.524,0,1.02816,0,0,1.64446,0.6163,1.028160,1,0,33.5281,0,0,0,33.5281,0
64.2894,2.23288,0,0,1.91239,0.0761846,0.36288,3.6288,61.2871,0.373676,0,0,0.683286,0.33055,0,0.66528,12.849,1,0.441057,0.36288,0,33.7116,5.99602,27.6374,0.84672,12.849,0.84672,3695.15,0,36.966,0.22531,0.416189,1.75774,3.30232,1.53677,3.71417,0.42336,36.966,0.42336,423.524,0,1.02816,0,0,1.44435,0.416189,1.028160,1,0,31.3516,0,0,0,31.3516,0
63.4322,2.37803,0,0,1.95489,0.0711166,0.36288,3.6288,61.2515,0.461317,0,0,0.758808,0.333096,0,0.66528,12.849,1,0.475278,0.36288,0,32.0633,6.0708,25.8801,0.84672,12.849,0.84672,3695.15,0,36.966,0.278249,0.611073,1.75823,4.08471,1.55171,4.62405,0.42336,36.966,0.42336,423.524,0,1.02816,0,0,1.63923,0.611073,1.028160,1,0,30.5042,0,0,0,30.5042,0
62.3694,2.37335,0,0,1.76315,0.089763,0.36288,3.6288,61.1161,0.461522,0,0,0.637741,0.311623,0,0.66528,12.849,1,0.480752,0.36288,0,26.7559,5.8465,20.7915,0.84672,12.849,0.84672,3695.15,0,36.966,0.278534,0.306012,1.90046,2.92695,1.45556,3.39932,0.42336,36.966,0.42336,423.524,0,1.02816,0,0,1.33417,0.306012,1.028160,1,0,24.1909,0,0,0,24.1909,0
61.0023,2.36721,0,0,1.45193,0.088987,0.36288,3.6288,60.8649,0.494907,0,0,0.555078,0.311356,0,0.66528,12.849,1,0.48768,0.36288,0,33.2158,5.8465,27.2445,0.84672,12.849,0.84672,3695.15,0,36.966,0.299344,0.204422,1.90098,2.6113,1.45556,2.9618,0.42336,36.966,0.42336,423.524,0,0.974454,0,0,1.17888,0.204422,1.028160,1,0,30.2063,0,0,0,30.2063,0
59.7988,2.35884,0,0,1.60621,0.0879887,0.36288,3.6288,60.8555,0.46103,0,0,0.762496,0.310861,0,0.66528,12.849,1,0.496845,0.36288,0,28.4779,5.8465,22.4974,0.84672,12.849,0.84672,3695.15,0,36.966,0.280005,0.515108,1.90151,3.12054,1.45556,3.8016,0.42336,36.966,0.42336,423.524,0,1.02816,0,0,1.54327,0.515108,1.028160,1,0,26.299,0,0,0,26.299,0
58.487,2.35126,0,0,1.49177,0.0893531,0.36288,3.6288,60.7099,0.461308,0,0,0.612863,0.297093,0,0.66528,12.849,1,0.505216,0.36288,0,27.3217,5.47681,21.7025,0.84672,12.849,0.84672,3695.15,0,36.966,0.280217,0.392843,1.90203,3.54537,1.31165,4.24838,0.42336,36.966,0.42336,423.524,0,1.02816,0,0,1.421,0.392843,1.028160,1,0,25.9509,0,0,0,25.9509,0
57.2161,2.27114,0,0,1.4513,0.0882133,0.36288,3.6288,60.7734,0.408257,0,0,0.749135,0.27737,0,0.66528,12.849,1,0.498946,0.36288,0,27.8279,5.07294,22.6189,0.84672,12.849,0.84672,3695.15,0,36.966,0.248586,0.464564,1.90256,3.20606,1.20611,4.11849,0.42336,36.966,0.42336,423.524,0,1.02816,0,0,1.49272,0.464564,1.028160,1,0,26.7374,0,0,0,26.7374,0
55.728,2.26271,0,0,1.22233,0.0848792,0.36288,3.6288,60.7959,0.408709,0,0,0.714623,0.283442,0,0.66528,12.849,1,0.508137,0.36288,0,29.0417,5.28108,23.6154,0.84672,12.849,0.84672,3695.15,0,36.966,0.248601,0.279245,1.82095,2.71724,1.30781,3.26102,0.42336,36.966,0.42336,423.524,0,1.02816,0,0,1.3074,0.279245,1.028160,1,0,26.8764,0,0,0,26.8764,0
54.736,2.25231,0,0,1.75804,0.134829,0.36288,3.6288,61.0277,0.409056,0,0,0.879016,0.238146,0,0.66528,12.849,1,0.519307,0.36288,0,33.8946,4.65819,29.08,0.84672,12.849,0.84672,3695.15,0,36.966,0.24872,0.445081,1.82145,2.99001,1.11312,3.89471,0.42336,36.966,0.42336,423.524,0,1.02816,0,0,1.47324,0.445081,1.028160,1,0,32.9747,0,0,0,32.9747,0
56.2218,2.24531,0,0,4.29504,0.201075,0.36288,3.6288,61.308,0.409935,0,0,1.80623,0.177958,0.93806,0.66528,12.849,1,0.527075,0.36288,0,102.221,3.82767,98.2288,0.84672,12.849,0.84672,3695.15,0,36.966,0.248308,1.3184,1.82196,7.96408,0.853524,10.0026,0.42336,36.966,0.42336,423.524,0,1.02816,0,0,2.34656,1.3184,1.028160,1,0,109.17,0,0,0,109.17,0
55.4946,2.19896,0,0,2.05458,0.219856,0.36288,3.6288,61.308,0.362516,0,0,0.955783,0.198751,0.394516,0.66528,12.849,1,0.502554,0.36288,0,63.3569,4.17504,59.0422,0.84672,12.849,0.84672,3695.15,0,36.966,0.218581,0.725501,1.82246,3.32682,0.917909,4.73829,0.42336,36.966,0.42336,423.524,0,1.02816,0,0,1.75366,0.725501,1.028160,1,0,64.175,0,0,0,64.175,0
53.588,2.19422,0,0,0.907865,0.257419,0.36288,3.6288,61.308,0.362794,0,0,0.744155,0.249942,0.131418,0.66528,12.849,1,0.508041,0.36288,0,43.8883,5.04346,38.6997,0.84672,12.849,0.84672,3695.15,0,36.966,0.218748,0.443171,1.74958,2.4633,1.07887,3.35842,0.42336,36.966,0.42336,423.524,0,1.02816,0,0,1.47133,0.443171,1.028160,1,0,42.1896,0,0,0,42.1896,0
53.4996,2.18025,0,0,2.68927,0.234519,0.36288,3.6288,61.308,0.363072,0,0,1.22001,0.242,0.614939,0.66528,12.849,1,0.522766,0.36288,0,57.3896,4.85147,52.3783,0.84672,12.849,0.84672,3695.15,0,36.966,0.218916,1.26194,1.75006,5.73275,1.1218,7.40404,0.42336,36.966,0.42336,423.524,0,1.02816,0,0,2.2901,1.26194,1.028160,1,0,60.3973,0,0,0,60.3973,0
55.011,2.18015,0,0,4.30737,0.252965,0.36288,3.6288,61.308,0.36335,0,0,1.77656,0.196108,1.2171,0.66528,12.849,1,0.523607,0.36288,0,125.589,3.86606,121.563,0.84672,12.849,0.84672,3695.15,0,36.966,0.219084,2.11971,1.75054,11.1412,0.938648,13.8537,0.42336,36.966,0.42336,423.524,0,1.02816,0,0,3.14787,2.11971,1.028160,1,0,136.633,0,0,0,136.633,0
54.7528,2.02731,0,0,2.39433,0.262304,0.36288,3.6288,61.308,0.262674,0,0,1.19108,0.189452,0.738958,0.66528,12.849,1,0.473521,0.36288,0,77.989,3.72582,74.1525,0.84672,12.849,0.84672,3695.15,0,36.966,0.158381,1.03447,1.75103,5.42493,0.902756,7.14929,0.42336,36.966,0.42336,423.524,0,1.02816,0,0,2.06263,1.03447,1.028160,1,0,82.0408,0,0,0,82.0408,0
56.5155,2.02606,0,0,4.38985,0.238252,0.36288,3.6288,61.308,0.262925,0,0,1.7585,0.217018,1.27856,0.66528,12.849,1,0.475461,0.36288,0,157.491,4.50799,152.87,0.84672,12.849,0.84672,3695.15,0,36.966,0.158532,1.70798,1.58832,12.9444,1.12021,14.9619,0.42336,36.966,0.42336,423.524,0,1.02816,0,0,2.73614,1.70798,1.028160,1,0,169.111,0,0,0,169.111,0
56.6537,2.0387,0,0,2.81282,0.273042,0.36288,3.6288,61.308,0.263175,0,0,1.5112,0.228583,1.01944,0.66528,12.849,1,0.463507,0.36288,0,143.356,4.20094,139.054,0.84672,12.849,0.84672,3695.15,0,36.966,0.158683,1.40308,1.58876,10.9034,1.01415,12.7224,0.42336,36.966,0.42336,423.524,0,1.02816,0,0,2.43124,1.40308,1.028160,1,0,152.796,0,0,0,152.796,0
57.3911,2.04019,0,0,3.41395,0.273416,0.36288,3.6288,61.308,0.263425,0,0,1.75447,0.228583,1.26247,0.66528,12.849,1,0.462713,0.36288,0,166.106,4.20094,161.805,0.84672,12.849,0.84672,3695.15,0,36.966,0.158834,1.75315,1.5892,12.0522,1.01415,14.2216,0.42336,36.966,0.42336,423.524,0,1.02816,0,0,2.78131,1.75315,1.028160,1,0,177.289,0,0,0,177.289,0
61.6723,2.04561,0,0,6.9651,0.275408,0.36288,3.6288,61.308,0.263675,0,0,2.13071,0.228583,1.63845,0.66528,12.849,1,0.457982,0.36288,0,153.996,4.20094,149.7,0.84672,12.849,0.84672,3695.15,0,36.966,0.158985,2.06369,1.58964,14.2547,1.01415,16.7349,0.42336,36.966,0.42336,423.524,0,1.02816,0,0,3.09185,2.06369,1.028160,1,0,168.073,0,0,0,168.073,0
65.7734,2.13741,0,0,6.89769,0.296301,0.36288,3.6288,61.308,0.293194,0,0,1.89094,0.22065,1.3771,0.66528,12.849,1,0.445315,0.36288,0,75.783,4.26635,71.4342,0.84672,12.849,0.84672,3695.15,0,36.966,0.176783,1.93214,1.59008,11.461,1.08384,13.7226,0.42336,36.966,0.42336,423.524,0,1.02816,0,0,2.9603,1.93214,1.028160,1,0,86.5339,0,0,0,86.5339,0
66.557,2.16122,0,0,3.61181,0.304154,0.36288,3.6288,61.308,0.293444,0,0,1.26439,0.218905,0.752047,0.66528,12.849,1,0.422199,0.36288,0,36.7591,4.54135,32.1584,0.84672,12.849,0.84672,3695.15,0,36.966,0.176934,1.2319,1.64146,6.58992,1.32857,7.95778,0.42336,36.966,0.42336,423.524,0,1.02816,0,0,2.26006,1.2319,1.028160,1,0,40.8682,0,0,0,40.8682,0
65.7259,2.16596,0,0,2.0038,0.306056,0.36288,3.6288,61.308,0.293693,0,0,0.985712,0.218905,0.473114,0.66528,12.849,1,0.418145,0.36288,0,58.8483,4.54135,54.2516,0.84672,12.849,0.84672,3695.15,0,36.966,0.177084,0.908004,1.6419,5.70058,1.32857,6.74483,0.42336,36.966,0.42336,423.524,0,1.02816,0,0,1.93616,0.908004,1.028160,1,0,61.4696,0,0,0,61.4696,0
64.6475,2.16212,0,0,1.75069,0.304038,0.36288,3.6288,61.308,0.293943,0,0,1.14238,0.218905,0.629533,0.66528,12.849,1,0.42268,0.36288,0,71.2645,4.54135,66.6634,0.84672,12.849,0.84672,3695.15,0,36.966,0.177235,1.05497,1.64234,5.58765,1.32857,6.77916,0.42336,36.966,0.42336,423.524,0,1.02816,0,0,2.08313,1.05497,1.028160,1,0,74.0721,0,0,0,74.0721,0
63.2314,2.36718,0,0,1.61122,0.297338,0.36288,3.6288,61.308,0.4042,0,0,1.05063,0.222259,0.424173,0.66528,12.849,1,0.470488,0.36288,0,59.7296,4.46626,55.1557,0.84672,12.849,0.84672,3695.15,0,36.966,0.243715,1.07173,1.64278,6.72518,1.3191,7.87687,0.42336,36.966,0.42336,423.524,0,1.02816,0,0,2.09989,1.07173,1.028160,1,0,63.4568,0,0,0,63.4568,0
63.6832,2.35905,0,0,3.44356,0.269733,0.36288,3.6288,61.308,0.40448,0,0,1.90104,0.242385,1.25418,0.66528,12.849,1,0.479374,0.36288,0,76.7621,4.01572,72.6299,0.84672,12.849,0.84672,3695.15,0,36.966,0.243883,2.98742,1.82672,10.1038,1.26233,13.4117,0.42336,36.966,0.42336,423.524,0,1.02816,0,0,4.01558,2.98742,1.028160,1,0,87.2957,0,0,0,87.2957,0
65.1456,2.36251,0,0,4.45852,0.270726,0.36288,3.6288,61.308,0.404759,0,0,1.49829,0.242385,0.851144,0.66528,12.849,1,0.476671,0.36288,0,97.835,4.01572,93.7055,0.84672,12.849,0.84672,3695.15,0,36.966,0.244052,2.68036,1.8272,10.7177,1.26233,13.7189,0.42336,36.966,0.42336,423.524,0,1.02816,0,0,3.70852,2.68036,1.028160,1,0,108.276,0,0,0,108.276,0
65.4809,2.37209,0,0,3.37261,0.302392,0.36288,3.6288,61.308,0.405038,0,0,1.27361,0.225148,0.643419,0.66528,12.849,1,0.467858,0.36288,0,94.3229,4.52134,89.6966,0.84672,12.849,0.84672,3695.15,0,36.966,0.24422,1.91762,1.82769,8.12506,1.40558,10.2206,0.42336,36.966,0.42336,423.524,0,1.02816,0,0,2.94578,1.91762,1.028160,1,0,100.561,0,0,0,100.561,0
67.8957,2.07371,0,0,5.14639,0.295033,0.36288,3.6288,61.308,0.257528,0,0,1.61215,0.226728,1.12789,0.66528,12.849,1,0.406914,0.36288,0,107.629,4.18791,103.397,0.84672,12.849,0.84672,3695.15,0,36.966,0.155278,3.0595,1.82818,10.5761,1.12923,14.1792,0.42336,36.966,0.42336,423.524,0,1.02816,0,0,4.08766,3.0595,1.028160,1,0,118.705,0,0,0,118.705,0
71.4501,2.08644,0,0,6.3474,0.343632,0.36288,3.6288,61.308,0.257769,0,0,2.31331,0.206216,1.84932,0.66528,12.849,1,0.39485,0.36288,0,138.654,3.81297,134.809,0.84672,12.849,0.84672,3695.15,0,36.966,0.155423,2.99672,1.57816,11.9999,0.956797,15.4626,0.42336,36.966,0.42336,423.524,0,1.02816,0,0,4.02488,2.99672,1.028160,1,0,152.121,0,0,0,152.121,0
72.29,2.10365,0,0,4.45352,0.353219,1.15677,3.6288,61.308,0.258009,0,0,1.7528,0.206216,1.28857,0.66528,12.849,1,0.378303,1.15677,0,135.008,3.81297,131.973,0.84672,12.849,0.84672,3695.15,0,36.966,0.155568,2.45491,1.57858,10.8372,0.956797,13.7584,0.42336,36.966,0.42336,423.524,0,1.02816,0,0,3.48307,2.45491,1.028160,1,0,147.02,0,0,0,147.02,0
72.29,2.10794,0,0,4.54566,0.298844,2.13887,3.6288,61.308,0.258249,0,0,1.33228,0.176135,0.897896,0.66528,12.849,1,0.374671,2.13887,0,117.469,3.377,115.856,0.84672,12.849,0.84672,3695.15,0,36.966,0.155713,1.84084,1.579,9.87379,0.89417,12.2438,0.42336,36.966,0.42336,423.524,0,1.02816,0,0,2.869,1.84084,1.028160,1,0,128.997,0,0,0,128.997,0
72.29,2.1085,0,0,4.22538,0.276187,1.84069,3.6288,61.308,0.258489,0,0,1.5913,0.164102,1.16871,0.66528,12.849,1,0.374771,1.84069,0,122.726,3.2026,120.989,0.84672,12.849,0.84672,3695.15,0,36.966,0.155857,2.38896,1.57942,9.7994,0.869119,12.7428,0.42336,36.966,0.42336,423.524,0,1.02816,0,0,3.41712,2.38896,1.028160,1,0,134.901,0,0,0,134.901,0
72.29,2.18613,0,0,8.27881,0.332948,5.75974,3.6288,61.308,0.294932,0,0,3.35886,0.131841,2.93209,0.66528,12.849,1,0.388568,5.75974,0,222.884,2.74839,225.507,0.84672,12.849,0.84672,3695.15,0,36.966,0.177831,5.53258,1.57985,14.0797,0.667144,20.3472,0.42336,36.966,0.42336,423.524,0,1.02816,0,0,6.56074,5.53258,1.028160,1,0,248.786,0,0,0,248.786,0
72.29,2.18671,0,0,5.78191,0.339079,3.25611,3.6288,61.308,0.295182,0,0,2.14709,0.115213,1.7367,0.66528,12.849,1,0.388671,3.25611,0,197.132,2.73336,197.266,0.84672,12.849,0.84672,3695.15,0,36.966,0.177982,4.49857,1.64211,10.8548,0.618719,16.1988,0.42336,36.966,0.42336,423.524,0,1.02816,0,0,5.52673,4.49857,1.028160,1,0,215.202,0,0,0,215.202,0
72.29,2.1873,0,0,4.77785,0.339079,2.25148,3.6288,61.308,0.295432,0,0,2.09619,0.115213,1.68555,0.66528,12.849,1,0.388775,2.25148,0,161.209,2.73336,160.338,0.84672,12.849,0.84672,3695.15,0,36.966,0.178133,3.99656,1.64255,9.72968,0.618719,14.5719,0.42336,36.966,0.42336,423.524,0,1.02816,0,0,5.02472,3.99656,1.028160,1,0,176.595,0,0,0,176.595,0
72.29,2.18788,0,0,4.40103,0.340574,1.87257,3.6288,61.308,0.295682,0,0,2.33538,0.116552,1.92315,0.66528,12.849,1,0.388879,1.87257,0,158.052,2.68087,156.854,0.84672,12.849,0.84672,3695.15,0,36.966,0.178283,3.94165,1.64299,12.2431,0.611802,17.0377,0.42336,36.966,0.42336,423.524,0,1.02816,0,0,4.96981,3.94165,1.028160,1,0,175.815,0,0,0,175.815,0
72.29,2.1583,0,0,4.43283,0.288979,1.98555,3.6288,61.308,0.281857,0,0,1.92343,0.144168,1.4974,0.66528,12.849,1,0.383622,1.98555,0,132.51,2.94602,131.166,0.84672,12.849,0.84672,3695.15,0,36.966,0.169947,3.79285,1.64343,9.12686,0.690041,13.7032,0.42336,36.966,0.42336,423.524,0,1.02816,0,0,4.82101,3.79285,1.028160,1,0,146.366,0,0,0,146.366,0
72.29,2.15888,0,0,3.90544,0.289421,1.45714,3.6288,61.308,0.282103,0,0,1.55726,0.133739,1.14141,0.66528,12.849,1,0.383724,1.45714,0,114.378,3.22697,112.225,0.84672,12.849,0.84672,3695.15,0,36.966,0.170096,3.13577,1.61978,7.82732,0.780572,11.6322,0.42336,36.966,0.42336,423.524,0,1.02816,0,0,4.16393,3.13577,1.028160,1,0,124.998,0,0,0,124.998,0
72.29,2.15945,0,0,3.66756,0.289421,1.21868,3.6288,61.308,0.282349,0,0,1.39746,0.133739,0.981371,0.66528,12.849,1,0.383826,1.21868,0,109.299,3.22697,106.907,0.84672,12.849,0.84672,3695.15,0,36.966,0.170244,2.88026,1.62021,7.31557,0.780572,10.8652,0.42336,36.966,0.42336,423.524,0,1.02816,0,0,3.90842,2.88026,1.028160,1,0,118.754,0,0,0,118.754,0
72.29,2.16003,0,0,3.78583,0.241913,1.38389,3.6288,61.308,0.282596,0,0,1.39883,0.150636,0.965602,0.66528,12.849,1,0.383929,1.38389,0,101.684,3.45368,99.2304,0.84672,12.849,0.84672,3695.15,0,36.966,0.170393,2.91094,1.62064,7.1394,0.826183,10.6744,0.42336,36.966,0.42336,423.524,0,1.02816,0,0,3.9391,2.91094,1.028160,1,0,110.87,0,0,0,110.87,0
72.29,2.2631,0,0,3.73962,0.178568,1.29795,3.6288,61.308,0.332813,0,0,1.30948,0.173164,0.803501,0.66528,12.849,1,0.402249,1.29795,0,100.014,3.75595,97.1538,0.84672,12.849,0.84672,3695.15,0,36.966,0.200671,2.45284,1.62107,7.10813,0.886997,10.0944,0.42336,36.966,0.42336,423.524,0,1.02816,0,0,3.481,2.45284,1.028160,1,0,108.052,0,0,0,108.052,0
72.29,2.2637,0,0,3.0252,0.198973,0.562526,3.6288,61.308,0.333073,0,0,1.13148,0.159882,0.638523,0.66528,12.849,1,0.402356,0.562526,0,69.4405,3.89015,65.7106,0.84672,12.849,0.84672,3695.15,0,36.966,0.200828,2.05883,1.70601,5.5394,0.823473,8.27993,0.42336,36.966,0.42336,423.524,0,1.02816,0,0,3.08699,2.05883,1.028160,1,0,74.629,0,0,0,74.629,0
72.184,2.26431,0,0,2.7202,0.198973,0.36288,3.6288,61.308,0.333333,0,0,0.940749,0.159882,0.447535,0.66528,12.849,1,0.402463,0.36288,0,64.5572,3.89015,60.6275,0.84672,12.849,0.84672,3695.15,0,36.966,0.200985,1.63169,1.70647,5.24518,0.823473,7.55888,0.42336,36.966,0.42336,423.524,0,1.02816,0,0,2.65985,1.63169,1.028160,1,0,68.6339,0,0,0,68.6339,0
71.9126,2.26441,0,0,2.53096,0.175081,0.36288,3.6288,61.308,0.333593,0,0,0.920713,0.184576,0.402543,0.66528,12.849,1,0.403072,0.36288,0,61.0564,4.37922,56.637,0.84672,12.849,0.84672,3695.15,0,36.966,0.201142,1.63719,1.70692,5.14456,0.956937,7.3306,0.42336,36.966,0.42336,423.524,0,1.02816,0,0,2.66535,1.63719,1.028160,1,0,64.3701,0,0,0,64.3701,0
71.4982,2.26372,0,0,2.3774,0.165247,0.36288,3.6288,61.308,0.333853,0,0,0.829483,0.194454,0.301175,0.66528,12.849,1,0.404471,0.36288,0,59.6046,4.57485,54.9882,0.84672,12.849,0.84672,3695.15,0,36.966,0.201299,1.37894,1.70738,4.78589,1.01032,6.66058,0.42336,36.966,0.42336,423.524,0,1.02816,0,0,2.4071,1.37894,1.028160,1,0,61.9499,0,0,0,61.9499,0
70.8586,2.24208,0,0,2.08485,0.119455,0.36288,3.6288,61.308,0.361615,0,0,0.796565,0.232478,0.202472,0.66528,12.849,1,0.402925,0.36288,0,45.8163,4.78275,40.9935,0.84672,12.849,0.84672,3695.15,0,36.966,0.218038,1.16205,1.70783,4.75057,1.11184,6.29057,0.42336,36.966,0.42336,423.524,0,1.02816,0,0,2.19021,1.16205,1.028160,1,0,47.4865,0,0,0,47.4865,0
70.0475,2.2396,0,0,1.89223,0.100853,0.36288,3.6288,61.308,0.361882,0,0,0.743126,0.247688,0.133557,0.66528,12.849,1,0.406112,0.36288,0,41.2085,4.86591,36.2993,0.84672,12.849,0.84672,3695.15,0,36.966,0.218199,0.908176,1.73787,4.90133,1.15245,6.17673,0.42336,36.966,0.42336,423.524,0,1.02816,0,0,1.93634,0.908176,1.028160,1,0,42.6096,0,0,0,42.6096,0
69.0691,2.23622,0,0,1.72089,0.100225,0.36288,3.6288,61.308,0.36215,0,0,0.724628,0.247688,0.114791,0.66528,12.849,1,0.410195,0.36288,0,40.402,4.86591,35.4888,0.84672,12.849,0.84672,3695.15,0,36.966,0.21836,0.883086,1.73833,4.69635,1.15245,5.94696,0.42336,36.966,0.42336,423.524,0,1.02816,0,0,1.91125,0.883086,1.028160,1,0,41.5505,0,0,0,41.5505,0
67.9368,2.23191,0,0,1.56197,0.0994682,0.36288,3.6288,61.308,0.362418,0,0,0.679821,0.247688,0.0697158,0.66528,12.849,1,0.415206,0.36288,0,36.0015,4.86591,31.0833,0.84672,12.849,0.84672,3695.15,0,36.966,0.218522,0.667544,1.7388,4.5431,1.15245,5.57847,0.42336,36.966,0.42336,423.524,0,1.02816,0,0,1.6957,0.667544,1.028160,1,0,36.7315,0,0,0,36.7315,0
66.7044,2.27866,0,0,1.47677,0.067637,0.36288,3.6288,61.2166,0.387221,0,0,0.614207,0.318405,0,0.66528,12.849,1,0.430966,0.36288,0,32.2418,5.80749,26.3662,0.84672,12.849,0.84672,3695.15,0,36.966,0.233477,0.671665,1.73926,4.18101,1.48382,4.87464,0.42336,36.966,0.42336,423.524,0,1.02816,0,0,1.69982,0.671665,1.028160,1,0,31.2409,0,0,0,31.2409,0
65.3894,2.27258,0,0,1.39058,0.0701151,0.36288,3.6288,61.0518,0.387278,0,0,0.525539,0.303065,0,0.66528,12.849,1,0.437759,0.36288,0,29.4884,5.69131,23.7222,0.84672,12.849,0.84672,3695.15,0,36.966,0.23386,0.6102,1.78169,3.89186,1.41059,4.6393,0.42336,36.966,0.42336,423.524,0,1.02816,0,0,1.63836,0.6102,1.028160,1,0,28.3615,0,0,0,28.3615,0
63.9228,2.26583,0,0,1.23146,0.0693846,0.36288,3.6288,60.8554,0.387159,0,0,0.49351,0.302749,0,0.66528,12.849,1,0.445235,0.36288,0,27.7836,5.69131,22.0099,0.84672,12.849,0.84672,3695.15,0,36.966,0.234419,0.497051,1.78217,3.85398,1.41059,4.48819,0.42336,36.966,0.42336,423.524,0,1.02816,0,0,1.52521,0.497051,1.028160,1,0,26.4981,0,0,0,26.4981,0
62.352,2.25793,0,0,1.11864,0.0685698,0.36288,3.6288,60.6462,0.386962,0,0,0.480139,0.302372,0,0.66528,12.849,1,0.453862,0.36288,0,26.1537,5.69131,20.3714,0.84672,12.849,0.84672,3695.15,0,36.966,0.235056,0.398537,1.78264,3.71641,1.41059,4.25194,0.42336,36.966,0.42336,423.524,0,1.02816,0,0,1.4267,0.398537,1.028160,1,0,24.6234,0,0,0,24.6234,0
60.4856,2.39925,0,0,0.947454,0.051748,0.36288,3.6288,60.3411,0.475025,0,0,0.477532,0.307606,0,0.66528,12.849,1,0.494418,0.36288,0,24.9249,5.96811,18.8253,0.84672,12.849,0.84672,3695.15,0,36.966,0.289545,0.386268,1.78312,3.64691,1.41109,4.11566,0.42336,36.966,0.42336,423.524,0,1.02816,0,0,1.41443,0.386268,1.028160,1,0,22.9409,0,0,0,22.9409,0
58.8748,2.38731,0,0,1.1726,0.0331894,0.36288,3.6288,59.9602,0.474414,0,0,0.404418,0.310916,0,0.66528,12.849,1,0.507137,0.36288,0,22.1291,5.7179,16.267,0.84672,12.849,0.84672,3695.15,0,36.966,0.290634,0.314375,1.92734,3.35759,1.43727,3.87139,0.42336,36.966,0.42336,423.524,0,1.02816,0,0,1.34254,0.314375,1.028160,1,0,20.1384,0,0,0,20.1384,0
57.4204,2.37655,0,0,1.31313,0.028081,0.36288,3.6288,59.6654,0.473568,0,0,0.491399,0.312562,0,0.66528,12.849,1,0.518665,0.36288,0,27.9616,5.70192,22.1039,0.84672,12.849,0.84672,3695.15,0,36.966,0.291959,0.647559,1.92785,3.80962,1.45896,4.63411,0.42336,36.966,0.42336,423.524,0,1.02816,0,0,1.67572,0.647559,1.028160,1,0,26.738,0,0,0,26.738,0
55.7438,2.36645,0,0,1.08032,0.0276862,0.36288,3.6288,59.1845,0.526891,0,0,0.357877,0.311975,0,0.66528,12.849,1,0.529541,0.36288,0,25.6173,5.70192,19.7487,0.84672,12.849,0.84672,3695.15,0,36.966,0.326438,0.204422,1.92837,3.12024,1.45896,3.46763,0.42336,36.966,0.42336,423.524,0,0.940836,0,0,1.14526,0.204422,1.028160,1,0,23.2163,0,0,0,23.2163,0
54.3458,2.35413,0,0,1.34627,0.027231,0.36288,3.6288,59.0216,0.471801,0,0,0.619956,0.311016,0,0.66528,12.849,1,0.54263,0.36288,0,24.9706,5.70192,19.0889,0.84672,12.849,0.84672,3695.15,0,36.966,0.294682,1.23506,1.92888,4.86649,1.45896,6.27679,0.42336,36.966,0.42336,423.524,0,1.02816,0,0,2.26322,1.23506,1.028160,1,0,25.3657,0,0,0,25.3657,0
52.8628,2.27196,0,0,1.16954,0.0176886,0.36288,3.6288,59.016,0.418487,0,0,0.728384,0.315535,0,0.66528,12.849,1,0.537161,0.36288,0,37.9747,5.2828,32.5176,0.84672,12.849,0.84672,3695.15,0,36.966,0.262104,1.54491,1.92939,4.71632,1.29677,6.63175,0.42336,36.966,0.42336,423.524,0,1.02816,0,0,2.57307,1.54491,1.028160,1,0,39.1494,0,0,0,39.1494,0
51.4084,2.26044,0,0,1.17399,0.00502974,0.36288,3.6288,58.9412,0.418752,0,0,0.698838,0.354829,0,0.66528,12.849,1,0.549431,0.36288,0,60.6041,5.9389,54.4786,0.84672,12.849,0.84672,3695.15,0,36.966,0.262295,1.94664,1.84661,4.0803,1.55288,6.05837,0.42336,36.966,0.42336,423.524,0,1.02816,0,0,2.9748,1.94664,1.028160,1,0,60.537,0,0,0,60.537,0
49.7545,2.24861,0,0,0.989531,0.0319437,0.36288,3.6288,58.7848,0.418827,0,0,0.596284,0.333844,0,0.66528,12.849,1,0.562016,0.36288,0,42.3887,5.60287,36.5867,0.84672,12.849,0.84672,3695.15,0,36.966,0.262675,1.57722,1.8471,5.3199,1.4657,7.01585,0.42336,36.966,0.42336,423.524,0,1.02816,0,0,2.60538,1.57722,1.028160,1,0,43.6025,0,0,0,43.6025,0
48.5889,2.23436,0,0,1.431,-0.000589957,0.36288,3.6288,58.747,0.418678,0,0,0.73573,0.354888,0,0.66528,12.849,1,0.577018,0.36288,0,42.6777,6.11577,36.3478,0.84672,12.849,0.84672,3695.15,0,36.966,0.26328,2.17215,1.8476,7.51762,1.40179,9.87229,0.42336,36.966,0.42336,423.524,0,1.02816,0,0,3.20031,2.17215,1.028160,1,0,46.2201,0,0,0,46.2201,0
51.6501,2.16655,0,0,5.64386,0.0531669,0.36288,3.6288,59.5114,0.370547,0,0,1.43151,0.296592,0,0.66528,12.849,1,0.572929,0.36288,0,113.026,5.54655,107.269,0.84672,12.849,0.84672,3695.15,0,36.966,0.233164,4.32026,1.84809,15.3735,1.19954,20.1091,0.42336,36.966,0.42336,423.524,0,1.02816,0,0,5.34842,4.32026,1.028160,1,0,127.378,0,0,0,127.378,0
54.928,2.19433,0,0,5.98075,0.145671,0.36288,3.6288,61.2945,0.372663,0,0,2.42668,0.27083,0,0.66528,12.849,1,0.545882,0.36288,0,198.065,4.51218,193.37,0.84672,12.849,0.84672,3695.15,0,36.966,0.231483,4.17337,1.77416,20.2675,1.15345,24.8301,0.42336,36.966,0.42336,423.524,0,1.02816,0,0,5.20153,4.17337,1.028160,1,0,218.2,0,0,0,218.2,0
55.4891,2.22132,0,0,3.30437,0.159091,0.36288,3.6288,61.308,0.377135,0,0,1.50523,0.223829,0.890817,0.66528,12.849,1,0.519621,0.36288,0,118.541,3.48474,114.899,0.84672,12.849,0.84672,3695.15,0,36.966,0.227446,2.64638,1.77463,12.8949,0.953374,16.135,0.42336,36.966,0.42336,423.524,0,1.02816,0,0,3.67454,2.64638,1.028160,1,0,131.925,0,0,0,131.925,0
56.2929,2.22618,0,0,3.55285,0.159988,0.36288,3.6288,61.308,0.377438,0,0,1.5,0.223848,0.898713,0.66528,12.849,1,0.515492,0.36288,0,104.376,3.48474,100.738,0.84672,12.849,0.84672,3695.15,0,36.966,0.227579,2.76572,1.77511,12.8498,0.953374,16.2097,0.42336,36.966,0.42336,423.524,0,1.02816,0,0,3.79388,2.76572,1.028160,1,0,117.847,0,0,0,117.847,0
57.8913,2.06461,0,0,4.18713,0.161274,0.36288,3.6288,61.308,0.275342,0,0,1.83794,0.223848,1.33875,0.66528,12.849,1,0.471253,0.36288,0,179.836,3.48474,176.242,0.84672,12.849,0.84672,3695.15,0,36.966,0.166019,3.54839,1.77558,15.5597,0.953374,19.7643,0.42336,36.966,0.42336,423.524,0,1.02816,0,0,4.57655,3.54839,1.028160,1,0,197.345,0,0,0,197.345,0
60.4048,2.07582,0,0,5.14278,0.190552,0.36288,3.6288,61.308,0.275587,0,0,1.55955,0.220223,1.06375,0.66528,12.849,1,0.460728,0.36288,0,185.92,3.61713,182.205,0.84672,12.849,0.84672,3695.15,0,36.966,0.166166,3.12403,1.61057,13.2226,0.909009,16.882,0.42336,36.966,0.42336,423.524,0,1.02816,0,0,4.15219,3.12403,1.028160,1,0,200.151,0,0,0,200.151,0
63.243,2.09218,0,0,5.51699,0.223762,0.36288,3.6288,61.308,0.275831,0,0,2.1061,0.24968,1.58059,0.66528,12.849,1,0.445038,0.36288,0,144.232,4.282,139.868,0.84672,12.849,0.84672,3695.15,0,36.966,0.166314,4.17393,1.611,15.0536,1.08289,19.5894,0.42336,36.966,0.42336,423.524,0,1.02816,0,0,5.20209,4.17393,1.028160,1,0,161.038,0,0,0,161.038,0
65.3349,2.10934,0,0,4.79326,0.229058,0.36288,3.6288,61.308,0.276076,0,0,1.73343,0.24968,1.20767,0.66528,12.849,1,0.428553,0.36288,0,143.715,4.282,139.367,0.84672,12.849,0.84672,3695.15,0,36.966,0.166461,3.49757,1.61143,15.1126,1.08289,18.9722,0.42336,36.966,0.42336,423.524,0,1.02816,0,0,4.52573,3.49757,1.028160,1,0,159.547,0,0,0,159.547,0
67.392,2.12138,0,0,4.7743,0.232962,0.36288,3.6288,61.308,0.27632,0,0,1.71299,0.24968,1.18699,0.66528,12.849,1,0.417197,0.36288,0,162.511,4.282,158.175,0.84672,12.849,0.84672,3695.15,0,36.966,0.166609,3.3828,1.61186,16.8888,1.08422,20.6326,0.42336,36.966,0.42336,423.524,0,1.02816,0,0,4.41096,3.3828,1.028160,1,0,179.995,0,0,0,179.995,0
71.1224,2.19944,0,0,6.5021,0.209388,0.36288,3.6288,61.308,0.306242,0,0,2.55254,0.236415,2.00988,0.66528,12.849,1,0.419346,0.36288,0,203.344,4.46772,198.82,0.84672,12.849,0.84672,3695.15,0,36.966,0.18465,4.25145,1.61229,15.704,1.1508,20.2323,0.42336,36.966,0.42336,423.524,0,1.02816,0,0,5.27961,4.25145,1.028160,1,0,221.062,0,0,0,221.062,0
72.29,2.21864,0,0,6.84728,0.234948,3.22612,3.6288,61.308,0.306485,0,0,1.61525,0.238256,1.07051,0.66528,12.849,1,0.40082,3.22612,0,101.146,4.68636,99.2848,0.84672,12.849,0.84672,3695.15,0,36.966,0.184797,4.91531,1.66438,9.53899,1.31216,14.6217,0.42336,36.966,0.42336,423.524,0,1.02816,0,0,5.94347,4.91531,1.028160,1,0,114.977,0,0,0,114.977,0
72.29,2.22471,0,0,11.4414,0.237048,8.97968,3.6288,61.308,0.306729,0,0,2.81358,0.238256,2.2686,0.66528,12.849,1,0.395424,8.97968,0,299.036,4.68636,302.933,0.84672,12.849,0.84672,3695.15,0,36.966,0.184944,8.31212,1.66481,14.3698,1.31216,22.8496,0.42336,36.966,0.42336,423.524,0,1.02816,0,0,9.34028,8.31212,1.028160,1,0,328.052,0,0,0,328.052,0
72.29,2.22528,0,0,12.2761,0.228859,9.82201,3.6288,61.308,0.306973,0,0,1.90904,0.2078,1.39427,0.66528,12.849,1,0.395526,9.82201,0,303.281,3.79498,308.913,0.84672,12.849,0.84672,3695.15,0,36.966,0.185091,5.9866,1.66524,11.3847,1.11012,17.7413,0.42336,36.966,0.42336,423.524,0,1.02816,0,0,7.01476,5.9866,1.028160,1,0,328.048,0,0,0,328.048,0
72.29,2.44295,0,0,9.28956,0.212883,6.63372,3.6288,61.308,0.418755,0,0,1.41006,0.186811,0.80449,0.66528,12.849,1,0.434216,6.63372,0,294.132,3.13246,297.199,0.84672,12.849,0.84672,3695.15,0,36.966,0.252491,4.59548,1.66566,10.0874,1.04439,15.0516,0.42336,36.966,0.42336,423.524,0,1.02816,0,0,5.62364,4.59548,1.028160,1,0,313.055,0,0,0,313.055,0
72.29,2.44358,0,0,15.3452,0.293797,12.6078,3.6288,61.308,0.419028,0,0,2.77859,0.129111,2.23045,0.66528,12.849,1,0.434328,12.6078,0,232.206,2.65493,241.725,0.84672,12.849,0.84672,3695.15,0,36.966,0.252655,7.42093,1.85214,17.8443,0.803014,26.0617,0.42336,36.966,0.42336,423.524,0,1.02816,0,0,8.44909,7.42093,1.028160,1,0,270.017,0,0,0,270.017,0
72.29,2.44421,0,0,7.16346,0.293797,4.42545,3.6288,61.308,0.4193,0,0,1.61152,0.129111,1.06311,0.66528,12.849,1,0.43444,4.42545,0,425.174,2.65493,426.51,0.84672,12.849,0.84672,3695.15,0,36.966,0.252819,4.07894,1.85262,10.5581,0.803014,15.4338,0.42336,36.966,0.42336,423.524,0,1.02816,0,0,5.1071,4.07894,1.028160,1,0,443.007,0,0,0,443.007,0
72.29,2.44484,0,0,5.0578,0.295966,2.317,3.6288,61.308,0.419573,0,0,1.1785,0.145185,0.613747,0.66528,12.849,1,0.434551,2.317,0,191.585,2.84748,190.62,0.84672,12.849,0.84672,3695.15,0,36.966,0.252984,3.11383,1.85309,7.21993,0.836298,11.0976,0.42336,36.966,0.42336,423.524,0,1.02816,0,0,4.14199,3.11383,1.028160,1,0,202.331,0,0,0,202.331,0
72.29,2.13549,0,0,4.73412,0.313534,2.28509,3.6288,61.308,0.270005,0,0,1.99422,0.225159,1.49906,0.66528,12.849,1,0.379567,2.28509,0,187.626,3.73398,185.798,0.84672,12.849,0.84672,3695.15,0,36.966,0.162801,4.49359,1.85357,9.59221,0.957065,14.8195,0.42336,36.966,0.42336,423.524,0,1.02816,0,0,5.52175,4.49359,1.028160,1,0,202.116,0,0,0,202.116,0
72.29,2.13604,0,0,6.28678,0.314825,3.83591,3.6288,61.308,0.270239,0,0,1.71952,0.165982,1.28329,0.66528,12.849,1,0.379664,3.83591,0,193.571,3.09992,193.928,0.84672,12.849,0.84672,3695.15,0,36.966,0.162942,3.74096,1.60006,9.90766,0.801792,14.284,0.42336,36.966,0.42336,423.524,0,1.02816,0,0,4.76912,3.74096,1.028160,1,0,209.495,0,0,0,209.495,0
72.29,2.13658,0,0,5.29811,0.314825,2.8467,3.6288,61.308,0.270473,0,0,1.56766,0.165982,1.1312,0.66528,12.849,1,0.379762,2.8467,0,152.833,3.09992,152.2,0.84672,12.849,0.84672,3695.15,0,36.966,0.163083,3.08868,1.60047,8.40672,0.801792,12.131,0.42336,36.966,0.42336,423.524,0,1.02816,0,0,4.11684,3.08868,1.028160,1,0,165.462,0,0,0,165.462,0
72.29,2.13713,0,0,5.45657,0.314825,3.00461,3.6288,61.308,0.270708,0,0,1.45498,0.165982,1.01829,0.66528,12.849,1,0.379859,3.00461,0,149.299,3.09992,148.824,0.84672,12.849,0.84672,3695.15,0,36.966,0.163225,3.71212,1.60089,9.4119,0.801792,13.7599,0.42336,36.966,0.42336,423.524,0,1.02816,0,0,4.74028,3.71212,1.028160,1,0,163.602,0,0,0,163.602,0
72.29,2.13768,0,0,7.27047,0.314825,4.81797,3.6288,61.308,0.270942,0,0,1.72644,0.165982,1.28952,0.66528,12.849,1,0.379957,4.81797,0,209.294,3.09992,210.632,0.84672,12.849,0.84672,3695.15,0,36.966,0.163366,4.01702,1.6013,10.7235,0.801792,15.3767,0.42336,36.966,0.42336,423.524,0,1.02816,0,0,5.04518,4.01702,1.028160,1,0,227.298,0,0,0,227.298,0
72.29,2.21636,0,0,4.3013,0.28543,1.79951,3.6288,61.308,0.30788,0,0,1.26967,0.138885,0.822909,0.66528,12.849,1,0.393941,1.79951,0,123.357,3.94265,120.82,0.84672,12.849,0.84672,3695.15,0,36.966,0.185638,2.79464,1.60171,8.67637,0.879141,12.0079,0.42336,36.966,0.42336,423.524,0,1.02816,0,0,3.8228,2.79464,1.028160,1,0,133.651,0,0,0,133.651,0
72.29,2.21693,0,0,3.20056,0.280138,0.703493,3.6288,61.308,0.308124,0,0,1.25823,0.157797,0.792305,0.66528,12.849,1,0.394042,0.703493,0,85.0573,4.33345,81.0333,0.84672,12.849,0.84672,3695.15,0,36.966,0.185785,2.3755,1.66482,8.27047,0.989988,11.135,0.42336,36.966,0.42336,423.524,0,1.02816,0,0,3.40366,2.3755,1.028160,1,0,92.9607,0,0,0,92.9607,0
72.29,2.2175,0,0,5.18352,0.282532,2.68349,3.6288,61.308,0.308368,0,0,1.92878,0.160996,1.45941,0.66528,12.849,1,0.394143,2.68349,0,143.39,4.24095,141.439,0.84672,12.849,0.84672,3695.15,0,36.966,0.185932,4.77432,1.66525,13.6285,0.989836,18.8923,0.42336,36.966,0.42336,423.524,0,1.02816,0,0,5.80248,4.77432,1.028160,1,0,161.79,0,0,0,161.79,0
72.29,2.21807,0,0,4.07815,0.282532,1.57755,3.6288,61.308,0.308612,0,0,1.71933,0.160996,1.24972,0.66528,12.849,1,0.394245,1.57755,0,110.414,4.24095,107.356,0.84672,12.849,0.84672,3695.15,0,36.966,0.186079,3.56379,1.66567,11.3759,0.989836,15.4295,0.42336,36.966,0.42336,423.524,0,1.02816,0,0,4.59195,3.56379,1.028160,1,0,124.036,0,0,0,124.036,0
72.29,2.18806,0,0,3.4169,0.257867,0.970979,3.6288,61.308,0.294586,0,0,1.36172,0.174272,0.892866,0.66528,12.849,1,0.388911,0.970979,0,91.7041,4.40184,87.8843,0.84672,12.849,0.84672,3695.15,0,36.966,0.177622,2.56516,1.6661,8.78584,1.01281,11.8267,0.42336,36.966,0.42336,423.524,0,1.02816,0,0,3.59332,2.56516,1.028160,1,0,100.604,0,0,0,100.604,0
72.29,2.18862,0,0,3.4676,0.196205,1.08278,3.6288,61.308,0.294826,0,0,1.17396,0.207464,0.671669,0.66528,12.849,1,0.389011,1.08278,0,94.8516,4.80407,90.7413,0.84672,12.849,0.84672,3695.15,0,36.966,0.177767,2.51498,1.64211,8.24049,1.07026,11.1496,0.42336,36.966,0.42336,423.524,0,1.02816,0,0,3.54314,2.51498,1.028160,1,0,102.563,0,0,0,102.563,0
72.29,2.18918,0,0,3.27529,0.196205,0.889899,3.6288,61.308,0.295067,0,0,1.17671,0.207464,0.674177,0.66528,12.849,1,0.389111,0.889899,0,88.179,4.80407,83.8757,0.84672,12.849,0.84672,3695.15,0,36.966,0.177912,2.36279,1.64253,7.78879,1.07026,10.5459,0.42336,36.966,0.42336,423.524,0,1.02816,0,0,3.39095,2.36279,1.028160,1,0,95.0958,0,0,0,95.0958,0
72.29,2.18974,0,0,3.10416,0.196205,0.718213,3.6288,61.308,0.295307,0,0,1.43475,0.207464,0.931978,0.66528,12.849,1,0.38921,0.718213,0,82.9198,4.80407,78.4447,0.84672,12.849,0.84672,3695.15,0,36.966,0.178057,3.04505,1.64295,9.14648,1.07026,12.5862,0.42336,36.966,0.42336,423.524,0,1.02816,0,0,4.07321,3.04505,1.028160,1,0,91.9629,0,0,0,91.9629,0
72.29,2.29421,0,0,2.87442,0.207515,0.372701,3.6288,61.308,0.346205,0,0,1.21057,0.154892,0.709471,0.66528,12.849,1,0.407778,0.372701,0,73.9221,4.32628,69.5607,0.84672,12.849,0.84672,3695.15,0,36.966,0.208746,2.44559,1.64337,8.03529,0.880174,11.0353,0.42336,36.966,0.42336,423.524,0,1.02816,0,0,3.47375,2.44559,1.028160,1,0,81.3055,0,0,0,81.3055,0
72.29,2.2948,0,0,2.94609,0.146183,0.505112,3.6288,61.308,0.346459,0,0,1.11905,0.206069,0.566525,0.66528,12.849,1,0.407883,0.505112,0,87.5016,5.12347,82.4754,0.84672,12.849,0.84672,3695.15,0,36.966,0.208899,3.04049,1.72946,6.84418,1.07126,10.334,0.42336,36.966,0.42336,423.524,0,1.02816,0,0,4.06865,3.04049,1.028160,1,0,93.3759,0,0,0,93.3759,0
72.29,2.29539,0,0,2.82231,0.110027,0.416894,3.6288,61.308,0.346713,0,0,1.03105,0.225128,0.459205,0.66528,12.849,1,0.407988,0.416894,0,76.1521,5.4265,70.7345,0.84672,12.849,0.84672,3695.15,0,36.966,0.209052,2.73262,1.72991,6.58636,1.19032,9.64951,0.42336,36.966,0.42336,423.524,0,1.02816,0,0,3.76078,2.73262,1.028160,1,0,80.8432,0,0,0,80.8432,0
72.29,2.29598,0,0,2.77904,0.110027,0.373035,3.6288,61.308,0.346966,0,0,1.0326,0.225128,0.460507,0.66528,12.849,1,0.408092,0.373035,0,71.6075,5.4265,66.1459,0.84672,12.849,0.84672,3695.15,0,36.966,0.209205,2.80809,1.73035,6.30271,1.19032,9.44162,0.42336,36.966,0.42336,423.524,0,1.02816,0,0,3.83625,2.80809,1.028160,1,0,76.048,0,0,0,76.048,0
71.9953,2.29657,0,0,2.48464,0.119861,0.36288,3.6288,61.308,0.34722,0,0,0.993185,0.222495,0.423471,0.66528,12.849,1,0.408197,0.36288,0,67.8845,5.25728,62.5819,0.84672,12.849,0.84672,3695.15,0,36.966,0.209358,2.97905,1.7308,5.82438,1.19685,9.12802,0.42336,36.966,0.42336,423.524,0,1.02816,0,0,4.00721,2.97905,1.028160,1,0,72.1334,0,0,0,72.1334,0
71.6023,2.27518,0,0,2.36467,0.119609,0.36288,3.6288,61.308,0.375352,0,0,0.823236,0.220636,0.227249,0.66528,12.849,1,0.406051,0.36288,0,52.7229,4.85088,47.8289,0.84672,12.849,0.84672,3695.15,0,36.966,0.22632,2.35291,1.73124,4.57366,1.17091,7.26058,0.42336,36.966,0.42336,423.524,0,1.02816,0,0,3.38107,2.35291,1.028160,1,0,55.3167,0,0,0,55.3167,0
71.045,2.27387,0,0,2.18035,0.100921,0.36288,3.6288,61.308,0.375613,0,0,0.692375,0.22418,0.092582,0.66528,12.849,1,0.408045,0.36288,0,44.3014,4.86339,39.3929,0.84672,12.849,0.84672,3695.15,0,36.966,0.226478,2.07794,1.76167,3.78127,1.13922,6.25518,0.42336,36.966,0.42336,423.524,0,1.02816,0,0,3.1061,2.07794,1.028160,1,0,45.7406,0,0,0,45.7406,0
70.3026,2.27174,0,0,1.99269,0.100492,0.36288,3.6288,61.308,0.375874,0,0,0.647464,0.22418,0.0474102,0.66528,12.849,1,0.410861,0.36288,0,41.6695,4.86339,36.7581,0.84672,12.849,0.84672,3695.15,0,36.966,0.226635,1.62633,1.76212,3.59818,1.13922,5.62078,0.42336,36.966,0.42336,423.524,0,1.02816,0,0,2.65449,1.62633,1.028160,1,0,42.4263,0,0,0,42.4263,0
69.4222,2.26866,0,0,1.83233,0.0811641,0.36288,3.6288,61.2774,0.376135,0,0,0.613567,0.268056,0,0.66528,12.849,1,0.414636,0.36288,0,37.3084,5.42799,31.8286,0.84672,12.849,0.84672,3695.15,0,36.966,0.226793,1.6281,1.76258,3.42598,1.34531,5.24456,0.42336,36.966,0.42336,423.524,0,1.02816,0,0,2.65626,1.6281,1.028160,1,0,37.0732,0,0,0,37.0732,0
68.4199,2.31766,0,0,1.74531,0.0670323,0.36288,3.6288,61.1311,0.401192,0,0,0.557229,0.302334,0,0.66528,12.849,1,0.428963,0.36288,0,33.5324,5.82532,27.641,0.84672,12.849,0.84672,3695.15,0,36.966,0.242022,1.43323,1.76303,3.23234,1.49727,4.68931,0.42336,36.966,0.42336,423.524,0,1.02816,0,0,2.46139,1.43323,1.028160,1,0,32.3303,0,0,0,32.3303,0
67.5209,2.31296,0,0,1.8456,0.0688361,0.36288,3.6288,60.8575,0.401098,0,0,0.438159,0.310621,0,0.66528,12.849,1,0.434365,0.36288,0,33.3447,5.66863,27.6046,0.84672,12.849,0.84672,3695.15,0,36.966,0.242544,0.737666,1.80602,2.78065,1.48162,3.60017,0.42336,36.966,0.42336,423.524,0,1.02816,0,0,1.76583,0.737666,1.028160,1,0,31.2047,0,0,0,31.2047,0
66.3859,2.30869,0,0,1.60498,0.0683523,0.36288,3.6288,60.5585,0.400687,0,0,0.41177,0.310083,0,0.66528,12.849,1,0.439337,0.36288,0,31.5476,5.66863,25.8025,0.84672,12.849,0.84672,3695.15,0,36.966,0.243385,0.588591,1.80648,2.70598,1.48162,3.37605,0.42336,36.966,0.42336,423.524,0,1.02816,0,0,1.61675,0.588591,1.028160,1,0,29.1785,0,0,0,29.1785,0
65.1302,2.30299,0,0,1.47793,0.0677416,0.36288,3.6288,60.2523,0.400207,0,0,0.403452,0.309495,0,0.66528,12.849,1,0.445744,0.36288,0,29.7538,5.66863,24.0023,0.84672,12.849,0.84672,3695.15,0,36.966,0.244294,0.505431,1.80695,2.67858,1.48162,3.26505,0.42336,36.966,0.42336,423.524,0,1.02816,0,0,1.53359,0.505431,1.028160,1,0,27.2674,0,0,0,27.2674,0
63.4947,2.44977,0,0,1.22701,0.0499506,0.36288,3.6288,59.8507,0.488978,0,0,0.401261,0.313814,0,0.66528,12.849,1,0.483295,0.36288,0,28.2161,5.96292,22.1327,0.84672,12.849,0.84672,3695.15,0,36.966,0.299998,0.496091,1.80741,2.55097,1.46734,3.08713,0.42336,36.966,0.42336,423.524,0,1.02816,0,0,1.52425,0.496091,1.028160,1,0,25.2199,0,0,0,25.2199,0
62.1002,2.44004,0,0,1.47,0.061561,0.36288,3.6288,59.409,0.488022,0,0,0.351955,0.305678,0,0.66528,12.849,1,0.493776,0.36288,0,28.3083,5.55924,22.6181,0.84672,12.849,0.84672,3695.15,0,36.966,0.301421,0.539689,1.95358,2.5815,1.44563,3.32772,0.42336,36.966,0.42336,423.524,0,1.02816,0,0,1.56785,0.539689,1.028160,1,0,25.9459,0,0,0,25.9459,0
61.0222,2.43148,0,0,1.77763,0.0612265,0.36288,3.6288,59.023,0.486929,0,0,0.40676,0.305796,0,0.66528,12.849,1,0.503092,0.36288,0,34.5983,5.46651,28.9916,0.84672,12.849,0.84672,3695.15,0,36.966,0.302981,0.894456,1.95408,2.75016,1.4726,3.82312,0.42336,36.966,0.42336,423.524,0,1.02816,0,0,1.92262,0.894456,1.028160,1,0,32.8147,0,0,0,32.8147,0
59.5834,2.42476,0,0,1.40947,0.0606838,0.36288,3.6288,58.5373,0.485997,0,0,0.305305,0.305041,0,0.66528,12.849,1,0.510564,0.36288,0,37.9903,5.46651,32.3761,0.84672,12.849,0.84672,3695.15,0,36.966,0.304379,0.4158,1.95458,2.20819,1.4726,2.8016,0.42336,36.966,0.42336,423.524,0,1.02816,0,0,1.44396,0.4158,1.028160,1,0,35.1777,0,0,0,35.1777,0
58.4585,2.41524,0,0,1.71317,0.0599072,0.36288,3.6288,58.2393,0.484735,0,0,0.490855,0.304091,0,0.66528,12.849,1,0.52084,0.36288,0,33.1159,5.46651,27.4914,0.84672,12.849,0.84672,3695.15,0,36.966,0.306108,1.36587,1.95508,3.18171,1.4726,4.72396,0.42336,36.966,0.42336,423.524,0,1.02816,0,0,2.39403,1.36587,1.028160,1,0,32.2154,0,0,0,32.2154,0
57.3028,2.33418,0,0,1.61173,0.0703469,0.36288,3.6288,57.9653,0.430511,0,0,0.446189,0.289679,0,0.66528,12.849,1,0.513046,0.36288,0,32.1875,4.58475,27.4525,0.84672,12.849,0.84672,3695.15,0,36.966,0.273256,1.40042,1.95558,3.08036,1.27458,4.88853,0.42336,36.966,0.42336,423.524,0,1.02816,0,0,2.42858,1.40042,1.028160,1,0,32.3411,0,0,0,32.3411,0
56.1298,2.32633,0,0,1.59777,0.0815606,0.36288,3.6288,58.036,0.429994,0,0,0.787189,0.286509,0,0.66528,12.849,1,0.521631,0.36288,0,27.8681,3.84037,23.8689,0.84672,12.849,0.84672,3695.15,0,36.966,0.274218,4.18463,1.87166,3.48748,1.17845,8.0911,0.42336,36.966,0.42336,423.524,0,1.02816,0,0,5.21279,4.18463,1.028160,1,0,31.96,0,0,0,31.96,0
54.7781,2.31805,0,0,1.40981,0.0806215,0.36288,3.6288,57.7758,0.430469,0,0,0.456851,0.28664,0,0.66528,12.849,1,0.530638,0.36288,0,28.5452,3.84037,24.537,0.84672,12.849,0.84672,3695.15,0,36.966,0.274187,2.24459,1.87214,2.6787,1.17845,5.34279,0.42336,36.966,0.42336,423.524,0,1.02816,0,0,3.27275,2.24459,1.028160,1,0,29.8798,0,0,0,29.8798,0
53.1926,2.30804,0,0,1.165,0.0795392,0.36288,3.6288,57.4621,0.429987,0,0,0.402478,0.286158,0,0.66528,12.849,1,0.541384,0.36288,0,26.3556,3.84037,22.3368,0.84672,12.849,0.84672,3695.15,0,36.966,0.275114,1.88189,1.87262,2.48068,1.17845,4.78162,0.42336,36.966,0.42336,423.524,0,1.02816,0,0,2.91005,1.88189,1.028160,1,0,27.1184,0,0,0,27.1184,0
52.5975,2.23633,0,0,2.16556,0.161431,0.36288,3.6288,57.4958,0.380803,0,0,0.626149,0.211615,0,0.66528,12.849,1,0.540198,0.36288,0,46.5347,2.80222,43.5552,0.84672,12.849,0.84672,3695.15,0,36.966,0.244975,2.60761,1.8731,4.30712,0.853962,7.68889,0.42336,36.966,0.42336,423.524,0,1.02816,0,0,3.63577,2.60761,1.028160,1,0,51.244,0,0,0,51.244,0
51.9562,2.23199,0,0,2.10346,0.149983,0.36288,3.6288,57.436,0.381149,0,0,0.561298,0.239995,0,0.66528,12.849,1,0.54525,0.36288,0,27.7798,4.22937,23.3681,0.84672,12.849,0.84672,3695.15,0,36.966,0.245054,1.47223,1.79815,4.01419,0.938034,6.10148,0.42336,36.966,0.42336,423.524,0,1.02816,0,0,2.50039,1.47223,1.028160,1,0,29.4696,0,0,0,29.4696,0
51.0431,2.22716,0,0,1.87422,0.197247,0.36288,3.6288,57.2042,0.381252,0,0,0.383432,0.233923,0,0.66528,12.849,1,0.550788,0.36288,0,24.449,4.28778,19.9734,0.84672,12.849,0.84672,3695.15,0,36.966,0.245375,0.795096,1.79861,3.35442,1.01244,4.69031,0.42336,36.966,0.42336,423.524,0,1.02816,0,0,1.82326,0.795096,1.028160,1,0,24.6637,0,0,0,24.6637,0
50.7375,2.21986,0,0,2.47253,0.195381,0.36288,3.6288,57.4623,0.380906,0,0,0.872512,0.233572,0,0.66528,12.849,1,0.558802,0.36288,0,32.7111,4.28778,28.2274,0.84672,12.849,0.84672,3695.15,0,36.966,0.246146,3.62072,1.79908,5.96243,1.01244,10.1236,0.42336,36.966,0.42336,423.524,0,1.02816,0,0,4.64888,3.62072,1.028160,1,0,38.3511,0,0,0,38.3511,0
54.8202,2.05072,0,0,6.69105,0.194757,0.36288,3.6288,58.9757,0.280637,0,0,2.02802,0.233963,0,0.66528,12.849,1,0.519334,0.36288,0,97.7007,4.28778,93.2565,0.84672,12.849,0.84672,3695.15,0,36.966,0.180536,7.37096,1.79954,10.392,1.01244,18.3695,0.42336,36.966,0.42336,423.524,0,1.02816,0,0,8.39912,7.37096,1.028160,1,0,111.626,0,0,0,111.626,0
55.5186,2.08259,0,0,3.36376,0.219917,0.36288,3.6288,59.5214,0.28372,0,0,1.02756,0.198108,0,0.66528,12.849,1,0.488127,0.36288,0,67.0703,3.67995,63.2651,0.84672,12.849,0.84672,3695.15,0,36.966,0.177836,1.75292,1.63229,5.92566,0.981631,8.1514,0.42336,36.966,0.42336,423.524,0,1.02816,0,0,2.78108,1.75292,1.028160,1,0,71.4165,0,0,0,71.4165,0
59.3182,2.08811,0,0,6.48151,0.230897,0.36288,3.6288,61.308,0.284962,0,0,3.1275,0.196161,0.859785,0.66528,12.849,1,0.483264,0.36288,0,131.014,3.79176,127.102,0.84672,12.849,0.84672,3695.15,0,36.966,0.176976,4.54461,1.63271,14.5021,1.03763,19.4648,0.42336,36.966,0.42336,423.524,0,1.02816,0,0,5.57277,4.54461,1.028160,1,0,147.427,0,0,0,147.427,0
63.209,2.1141,0,0,6.60741,0.239663,0.36288,3.6288,61.308,0.288417,0,0,1.91945,0.198402,1.43263,0.66528,12.849,1,0.457938,0.36288,0,116.51,3.79176,112.623,0.84672,12.849,0.84672,3695.15,0,36.966,0.173903,4.04654,1.63313,11.515,1.03763,15.9832,0.42336,36.966,0.42336,423.524,0,1.02816,0,0,5.0747,4.04654,1.028160,1,0,130.039,0,0,0,130.039,0
68.9018,2.13807,0,0,8.44163,0.247805,0.36288,3.6288,61.308,0.288656,0,0,1.90228,0.198402,1.41522,0.66528,12.849,1,0.434623,0.36288,0,123.283,3.79176,119.42,0.84672,12.849,0.84672,3695.15,0,36.966,0.174047,3.86755,1.63354,8.98949,1.03763,13.2789,0.42336,36.966,0.42336,423.524,0,1.02816,0,0,4.89571,3.86755,1.028160,1,0,134.114,0,0,0,134.114,0
72.29,2.23683,0,0,6.83188,0.261909,0.944968,3.6288,61.308,0.31897,0,0,2.40474,0.214629,1.87114,0.66528,12.849,1,0.41713,0.944968,0,68.8081,4.21248,65.1235,0.84672,12.849,0.84672,3695.15,0,36.966,0.192325,3.79847,1.63396,10.1915,1.17684,14.2548,0.42336,36.966,0.42336,423.524,0,1.02816,0,0,4.82663,3.79847,1.028160,1,0,81.2493,0,0,0,81.2493,0
72.29,2.25398,0,0,5.58724,0.281469,3.05178,3.6288,61.308,0.319207,0,0,2.07681,0.238299,1.51931,0.66528,12.849,1,0.400629,3.05178,0,74.634,4.68447,72.6007,0.84672,12.849,0.84672,3695.15,0,36.966,0.192468,2.1554,1.68673,9.33552,1.39065,11.5945,0.42336,36.966,0.42336,423.524,0,1.02816,0,0,3.18356,2.1554,1.028160,1,0,85.7146,0,0,0,85.7146,0
72.29,2.25454,0,0,4.47225,0.281469,1.93624,3.6288,61.308,0.319445,0,0,1.84628,0.238299,1.28854,0.66528,12.849,1,0.400728,1.93624,0,89.6962,4.68447,86.5472,0.84672,12.849,0.84672,3695.15,0,36.966,0.192611,1.77605,1.68715,8.53969,1.39065,10.4196,0.42336,36.966,0.42336,423.524,0,1.02816,0,0,2.80421,1.77605,1.028160,1,0,98.2554,0,0,0,98.2554,0
72.29,2.2551,0,0,4.04679,0.281469,1.51022,3.6288,61.308,0.319682,0,0,1.69088,0.238299,1.1329,0.66528,12.849,1,0.400827,1.51022,0,67.9666,4.68447,64.3915,0.84672,12.849,0.84672,3695.15,0,36.966,0.192754,1.62229,1.68757,9.52681,1.39065,11.2533,0.42336,36.966,0.42336,423.524,0,1.02816,0,0,2.65045,1.62229,1.028160,1,0,76.7776,0,0,0,76.7776,0
72.29,2.47567,0,0,3.83174,0.242809,1.11326,3.6288,61.308,0.432952,0,0,1.49657,0.244538,0.819079,0.66528,12.849,1,0.440031,1.11326,0,97.2959,4.32189,93.6472,0.84672,12.849,0.84672,3695.15,0,36.966,0.261051,1.30063,1.68799,8.2353,1.10111,9.86176,0.42336,36.966,0.42336,423.524,0,1.02816,0,0,2.32879,1.30063,1.028160,1,0,104.328,0,0,0,104.328,0
72.29,2.47628,0,0,5.78623,0.288438,3.02151,3.6288,61.308,0.433218,0,0,1.87543,0.232653,1.20956,0.66528,12.849,1,0.44014,3.02151,0,112.993,4.14375,111.431,0.84672,12.849,0.84672,3695.15,0,36.966,0.261211,1.84511,1.87695,7.47641,1.01794,9.91931,0.42336,36.966,0.42336,423.524,0,1.02816,0,0,2.87327,1.84511,1.028160,1,0,122.56,0,0,0,122.56,0
72.29,2.47689,0,0,3.95083,0.290959,1.18298,3.6288,61.308,0.433483,0,0,1.69728,0.232209,1.03158,0.66528,12.849,1,0.440249,1.18298,0,87.8982,4.14109,84.4998,0.84672,12.849,0.84672,3695.15,0,36.966,0.261371,1.56245,1.87741,7.66385,1.01872,9.82362,0.42336,36.966,0.42336,423.524,0,1.02816,0,0,2.59061,1.56245,1.028160,1,0,95.355,0,0,0,95.355,0
72.29,2.4775,0,0,4.3128,0.27713,1.55817,3.6288,61.308,0.433749,0,0,1.52931,0.20114,0.894425,0.66528,12.849,1,0.440357,1.55817,0,76.8093,3.87087,74.0563,0.84672,12.849,0.84672,3695.15,0,36.966,0.261531,1.56115,1.87787,6.90578,0.909611,9.17366,0.42336,36.966,0.42336,423.524,0,1.02816,0,0,2.58931,1.56115,1.028160,1,0,84.1244,0,0,0,84.1244,0
72.29,2.164,0,0,4.47754,0.258692,2.05485,3.6288,61.308,0.282174,0,0,1.6357,0.159716,1.19381,0.66528,12.849,1,0.384634,2.05485,0,73.7942,3.51057,71.9539,0.84672,12.849,0.84672,3695.15,0,36.966,0.170138,1.56703,1.87834,7.38642,0.764134,9.89752,0.42336,36.966,0.42336,423.524,0,1.02816,0,0,2.59519,1.56703,1.028160,1,0,83.0452,0,0,0,83.0452,0
72.29,2.16453,0,0,7.22506,0.32422,4.73631,3.6288,61.308,0.282402,0,0,5.77983,0.161226,5.3362,0.66528,12.849,1,0.384729,4.73631,0,160.568,3.19773,161.722,0.84672,12.849,0.84672,3695.15,0,36.966,0.170276,3.76122,1.62143,13.1885,0.748344,17.6526,0.42336,36.966,0.42336,423.524,0,1.02816,0,0,4.78938,3.76122,1.028160,1,0,184.711,0,0,0,184.711,0
72.29,2.16507,0,0,6.60891,0.335142,4.1087,3.6288,61.308,0.28263,0,0,5.94048,0.161478,5.49638,0.66528,12.849,1,0.384824,4.1087,0,135.852,3.14559,136.43,0.84672,12.849,0.84672,3695.15,0,36.966,0.170413,3.37981,1.62183,11.9864,0.745712,16.0719,0.42336,36.966,0.42336,423.524,0,1.02816,0,0,4.40797,3.37981,1.028160,1,0,157.998,0,0,0,157.998,0
72.29,2.1656,0,0,6.23401,0.335142,3.73327,3.6288,61.308,0.282858,0,0,5.33599,0.161478,4.89165,0.66528,12.849,1,0.384919,3.73327,0,124.622,3.14559,124.824,0.84672,12.849,0.84672,3695.15,0,36.966,0.170551,4.00162,1.62223,12.1879,0.745712,16.8955,0.42336,36.966,0.42336,423.524,0,1.02816,0,0,5.02978,4.00162,1.028160,1,0,146.612,0,0,0,146.612,0
72.29,2.16614,0,0,9.1012,0.335142,6.59992,3.6288,61.308,0.283087,0,0,6.54648,0.161478,6.10191,0.66528,12.849,1,0.385015,6.59992,0,179.556,3.14559,182.626,0.84672,12.849,0.84672,3695.15,0,36.966,0.170689,4.43482,1.62263,15.6768,0.745712,20.8179,0.42336,36.966,0.42336,423.524,0,1.02816,0,0,5.46298,4.43482,1.028160,1,0,209.546,0,0,0,209.546,0
72.29,2.24584,0,0,6.71991,0.347488,4.12658,3.6288,61.308,0.320507,0,0,4.52603,0.149849,4.05567,0.66528,12.849,1,0.399181,4.12658,0,124.159,2.92412,124.962,0.84672,12.849,0.84672,3695.15,0,36.966,0.193251,3.28821,1.62303,11.4881,0.691294,15.5148,0.42336,36.966,0.42336,423.524,0,1.02816,0,0,4.31637,3.28821,1.028160,1,0,144.532,0,0,0,144.532,0
72.29,2.24639,0,0,3.71805,0.367137,1.10452,3.6288,61.308,0.320744,0,0,2.38069,0.161071,1.89888,0.66528,12.849,1,0.399279,1.10452,0,63.7636,3.04721,61.4217,0.84672,12.849,0.84672,3695.15,0,36.966,0.193395,1.49301,1.68696,6.90122,0.690394,9.1974,0.42336,36.966,0.42336,423.524,0,1.02816,0,0,2.52117,1.49301,1.028160,1,0,72.5179,0,0,0,72.5179,0
72.29,2.24695,0,0,4.34083,0.367137,1.72675,3.6288,61.308,0.320982,0,0,4.52011,0.161071,4.03806,0.66528,12.849,1,0.399378,1.72675,0,84.2104,3.04721,82.4905,0.84672,12.849,0.84672,3695.15,0,36.966,0.193538,4.63973,1.68738,11.6194,0.690394,17.0626,0.42336,36.966,0.42336,423.524,0,1.02816,0,0,5.66789,4.63973,1.028160,1,0,103.591,0,0,0,103.591,0
72.29,2.2475,0,0,3.62192,0.341812,1.03261,3.6288,61.308,0.32122,0,0,3.48376,0.174416,2.98812,0.66528,12.849,1,0.399477,1.03261,0,63.2211,3.29308,60.5612,0.84672,12.849,0.84672,3695.15,0,36.966,0.193681,2.75027,1.6878,8.51126,0.735931,12.0197,0.42336,36.966,0.42336,423.524,0,1.02816,0,0,3.77843,2.75027,1.028160,1,0,75.569,0,0,0,75.569,0
72.29,2.21707,0,0,3.00382,0.290021,0.496722,3.6288,61.308,0.306998,0,0,2.45474,0.179758,1.96798,0.66528,12.849,1,0.394068,0.496722,0,43.9512,3.60199,40.4519,0.84672,12.849,0.84672,3695.15,0,36.966,0.185106,1.59475,1.68821,6.44096,0.740111,8.79871,0.42336,36.966,0.42336,423.524,0,1.02816,0,0,2.62291,1.59475,1.028160,1,0,51.2186,0,0,0,51.2186,0
72.29,2.21762,0,0,3.05038,0.281785,0.550971,3.6288,61.308,0.307233,0,0,1.49828,0.213388,0.977659,0.66528,12.849,1,0.394165,0.550971,0,51.2343,3.33722,48.0539,0.84672,12.849,0.84672,3695.15,0,36.966,0.185248,1.20823,1.66388,5.07626,0.959922,6.8032,0.42336,36.966,0.42336,423.524,0,1.02816,0,0,2.23639,1.20823,1.028160,1,0,55.8348,0,0,0,55.8348,0
71.9115,2.21817,0,0,2.48438,0.281785,0.36288,3.6288,61.308,0.307467,0,0,1.36995,0.213388,0.849095,0.66528,12.849,1,0.394263,0.36288,0,41.7294,3.33722,38.3608,0.84672,12.849,0.84672,3695.15,0,36.966,0.185389,1.07314,1.6643,5.72545,0.959922,7.31758,0.42336,36.966,0.42336,423.524,0,1.02816,0,0,2.1013,1.07314,1.028160,1,0,46.5275,0,0,0,46.5275,0
71.6116,2.21696,0,0,2.56084,0.280976,0.36288,3.6288,61.308,0.307701,0,0,1.44571,0.213388,0.924625,0.66528,12.849,1,0.396121,0.36288,0,40.1934,3.33722,36.8229,0.84672,12.849,0.84672,3695.15,0,36.966,0.18553,1.05595,1.66471,4.93708,0.959922,6.51229,0.42336,36.966,0.42336,423.524,0,1.02816,0,0,2.08411,1.05595,1.028160,1,0,44.2598,0,0,0,44.2598,0
72.1813,2.32122,0,0,3.519,0.265191,0.36288,3.6288,61.308,0.359262,0,0,1.58989,0.216958,1.01367,0.66528,12.849,1,0.416488,0.36288,0,52.4045,3.44557,48.9054,0.84672,12.849,0.84672,3695.15,0,36.966,0.216619,1.30948,1.66512,4.93145,0.939863,6.74957,0.42336,36.966,0.42336,423.524,0,1.02816,0,0,2.33764,1.30948,1.028160,1,0,56.6686,0,0,0,56.6686,0
71.5746,2.32459,0,0,2.29865,0.217858,0.36288,3.6288,61.308,0.35951,0,0,1.16213,0.228756,0.573866,0.66528,12.849,1,0.4138,0.36288,0,38.7786,4.2099,34.5177,0.84672,12.849,0.84672,3695.15,0,36.966,0.216768,0.748993,1.75233,3.91486,1.07736,5.12205,0.42336,36.966,0.42336,423.524,0,1.02816,0,0,1.77715,0.748993,1.028160,1,0,40.2137,0,0,0,40.2137,0
70.9191,2.32219,0,0,2.24224,0.212689,0.36288,3.6288,61.308,0.359757,0,0,0.999838,0.229906,0.410176,0.66528,12.849,1,0.416876,0.36288,0,35.4889,4.40727,31.0276,0.84672,12.849,0.84672,3695.15,0,36.966,0.216917,0.514106,1.75276,3.44013,1.15242,4.33766,0.42336,36.966,0.42336,423.524,0,1.02816,0,0,1.54227,0.514106,1.028160,1,0,35.7755,0,0,0,35.7755,0
70.0293,2.3195,0,0,1.98283,0.190256,0.36288,3.6288,61.308,0.360004,0,0,0.938468,0.244071,0.334393,0.66528,12.849,1,0.420242,0.36288,0,31.5472,4.56792,26.9219,0.84672,12.849,0.84672,3695.15,0,36.966,0.217066,0.427023,1.7532,3.35942,1.19347,4.12911,0.42336,36.966,0.42336,423.524,0,1.02816,0,0,1.45518,0.427023,1.028160,1,0,31.3854,0,0,0,31.3854,0
69.0671,2.31556,0,0,1.87689,0.160659,0.36288,3.6288,61.308,0.360251,0,0,0.900383,0.262958,0.277174,0.66528,12.849,1,0.424859,0.36288,0,29.1807,4.78212,24.3366,0.84672,12.849,0.84672,3695.15,0,36.966,0.217216,0.349963,1.75363,3.27046,1.2482,3.90864,0.42336,36.966,0.42336,423.524,0,1.02816,0,0,1.37812,0.349963,1.028160,1,0,28.5225,0,0,0,28.5225,0
68.2468,2.29044,0,0,1.97935,0.146309,0.36288,3.6288,61.308,0.388744,0,0,0.781255,0.26703,0.125482,0.66528,12.849,1,0.426105,0.36288,0,29.2986,4.61751,24.6179,0.84672,12.849,0.84672,3695.15,0,36.966,0.234395,0.482976,1.75406,3.42497,1.27426,4.15335,0.42336,36.966,0.42336,423.524,0,1.02816,0,0,1.51114,0.482976,1.028160,1,0,28.8967,0,0,0,28.8967,0
67.6873,2.28669,0,0,2.21799,0.127946,0.36288,3.6288,61.3008,0.388998,0,0,0.654273,0.272459,0,0.66528,12.849,1,0.430521,0.36288,0,29.6396,4.39803,25.1739,0.84672,12.849,0.84672,3695.15,0,36.966,0.234548,0.70378,1.78487,3.54699,1.309,4.49209,0.42336,36.966,0.42336,423.524,0,1.02816,0,0,1.73194,0.70378,1.028160,1,0,29.666,0,0,0,29.666,0
66.9807,2.28426,0,0,2.06792,0.127385,0.36288,3.6288,61.2678,0.389235,0,0,0.628664,0.272447,0,0.66528,12.849,1,0.433619,0.36288,0,29.2476,4.39803,24.7788,0.84672,12.849,0.84672,3695.15,0,36.966,0.234719,0.634003,1.78531,3.62439,1.309,4.49999,0.42336,36.966,0.42336,423.524,0,1.02816,0,0,1.66216,0.634003,1.028160,1,0,29.2788,0,0,0,29.2788,0
66.0834,2.28099,0,0,1.87325,0.126678,0.36288,3.6288,61.2067,0.389411,0,0,0.60074,0.27239,0,0.66528,12.849,1,0.437565,0.36288,0,28.743,4.39803,24.2703,0.84672,12.849,0.84672,3695.15,0,36.966,0.234951,0.551379,1.78575,3.42398,1.309,4.21716,0.42336,36.966,0.42336,423.524,0,1.02816,0,0,1.57954,0.551379,1.028160,1,0,28.4875,0,0,0,28.4875,0
64.9752,2.32971,0,0,1.70561,0.121243,0.36288,3.6288,61.0769,0.414701,0,0,0.568129,0.283247,0,0.66528,12.849,1,0.452979,0.36288,0,25.3022,4.53918,20.673,0.84672,12.849,0.84672,3695.15,0,36.966,0.25046,0.400499,1.7862,3.32324,1.36053,3.89895,0.42336,36.966,0.42336,423.524,0,1.02816,0,0,1.42866,0.400499,1.028160,1,0,24.5719,0,0,0,24.5719,0
64.2189,2.32383,0,0,2.03246,0.102078,0.36288,3.6288,60.9781,0.414629,0,0,0.613126,0.297347,0,0.66528,12.849,1,0.459543,0.36288,0,27.1618,5.47386,21.5913,0.84672,12.849,0.84672,3695.15,0,36.966,0.250949,0.624646,1.82973,3.50031,1.48765,4.21609,0.42336,36.966,0.42336,423.524,0,1.02816,0,0,1.65281,0.624646,1.028160,1,0,25.8074,0,0,0,25.8074,0
63.2929,2.31989,0,0,1.85827,0.101457,0.36288,3.6288,60.8585,0.414636,0,0,0.592273,0.297161,0,0.66528,12.849,1,0.464167,0.36288,0,25.508,5.47386,19.9329,0.84672,12.849,0.84672,3695.15,0,36.966,0.25136,0.494683,1.83019,3.33505,1.48765,3.92091,0.42336,36.966,0.42336,423.524,0,1.02816,0,0,1.52284,0.494683,1.028160,1,0,23.8538,0,0,0,23.8538,0
62.1244,2.31482,0,0,1.59462,0.0854168,0.36288,3.6288,60.7305,0.41459,0,0,0.589843,0.30328,0,0.66528,12.849,1,0.469928,0.36288,0,24.3312,5.73317,18.491,0.84672,12.849,0.84672,3695.15,0,36.966,0.251825,0.479779,1.83064,3.31389,1.50292,3.86956,0.42336,36.966,0.42336,423.524,0,1.02816,0,0,1.50794,0.479779,1.028160,1,0,22.3605,0,0,0,22.3605,0
60.5862,2.46221,0,0,1.3811,0.0942577,0.36288,3.6288,60.4901,0.505234,0,0,0.556639,0.291786,0,0.66528,12.849,1,0.509252,0.36288,0,22.574,5.59629,16.8313,0.84672,12.849,0.84672,3695.15,0,36.966,0.30753,0.438947,1.83109,3.18595,1.38424,3.76422,0.42336,36.966,0.42336,423.524,0,1.02816,0,0,1.46711,0.438947,1.028160,1,0,20.5955,0,0,0,20.5955,0
58.9133,2.45215,0,0,1.23879,0.0966024,0.36288,3.6288,60.2153,0.504758,0,0,0.528465,0.298532,0,0.66528,12.849,1,0.520047,0.36288,0,20.1957,5.82369,14.2148,0.84672,12.849,0.84672,3695.15,0,36.966,0.308461,0.42698,1.97915,3.11842,1.44645,3.76964,0.42336,36.966,0.42336,423.524,0,1.02816,0,0,1.45514,0.42698,1.028160,1,0,17.9844,0,0,0,17.9844,0
57.1193,2.44063,0,0,1.10716,0.097708,0.36288,3.6288,59.8967,0.504167,0,0,0.488916,0.303395,0,0.66528,12.849,1,0.532301,0.36288,0,18.4884,5.99424,12.3247,0.84672,12.849,0.84672,3695.15,0,36.966,0.309507,0.386683,1.97964,3.06777,1.49311,3.63148,0.42336,36.966,0.42336,423.524,0,1.02816,0,0,1.41484,0.386683,1.028160,1,0,15.9562,0,0,0,15.9562,0
55.4354,2.42758,0,0,1.20258,0.096014,0.36288,3.6288,59.5852,0.50343,0,0,0.494714,0.30278,0,0.66528,12.849,1,0.546085,0.36288,0,17.6698,5.99424,11.4924,0.84672,12.849,0.84672,3695.15,0,36.966,0.310698,0.397224,1.98013,3.25846,1.49311,3.832,0.42336,36.966,0.42336,423.524,0,1.02816,0,0,1.42538,0.397224,1.028160,1,0,15.3244,0,0,0,15.3244,0
54.4076,2.41471,0,0,1.85748,0.107662,0.36288,3.6288,59.3785,0.502708,0,0,0.595057,0.298995,0,0.66528,12.849,1,0.559689,0.36288,0,28.5399,5.90518,22.4379,0.84672,12.849,0.84672,3695.15,0,36.966,0.311875,0.68046,1.98062,3.44357,1.48219,4.31058,0.42336,36.966,0.42336,423.524,0,1.02816,0,0,1.70862,0.68046,1.028160,1,0,26.7485,0,0,0,26.7485,0
53.9169,2.33332,0,0,2.32565,0.120135,0.36288,3.6288,59.3703,0.447662,0,0,0.730673,0.291194,0,0.66528,12.849,1,0.55104,0.36288,0,30.6957,6.04826,24.4593,0.84672,12.849,0.84672,3695.15,0,36.966,0.278691,0.58498,1.98111,3.9601,1.44977,4.79772,0.42336,36.966,0.42336,423.524,0,1.02816,0,0,1.61314,0.58498,1.028160,1,0,29.257,0,0,0,29.257,0
52.4438,2.32984,0,0,1.35156,0.131931,0.36288,3.6288,59.2756,0.447905,0,0,0.646089,0.292949,0,0.66528,12.849,1,0.555227,0.36288,0,22.0258,6.30179,15.5316,0.84672,12.849,0.84672,3695.15,0,36.966,0.278881,0.47679,1.89607,4.46368,1.41057,5.14709,0.42336,36.966,0.42336,423.524,0,1.02816,0,0,1.50495,0.47679,1.028160,1,0,20.6787,0,0,0,20.6787,0
50.9049,2.31789,0,0,1.27185,0.129958,0.36288,3.6288,59.1946,0.447897,0,0,0.659703,0.292772,0,0.66528,12.849,1,0.567894,0.36288,0,29.2512,6.30179,22.7444,0.84672,12.849,0.84672,3695.15,0,36.966,0.279322,0.718451,1.89653,4.15095,1.41057,5.07605,0.42336,36.966,0.42336,423.524,0,1.02816,0,0,1.74661,0.718451,1.028160,1,0,27.8205,0,0,0,27.8205,0
48.8648,2.30475,0,0,0.755369,0.127896,0.36288,3.6288,58.7693,0.583468,0,0,0.45077,0.29262,0,0.66528,12.849,1,0.581745,0.36288,0,20.3356,6.30179,13.815,0.84672,12.849,0.84672,3695.15,0,36.966,0.364366,0.216518,1.897,2.69828,1.41057,3.03687,0.42336,36.966,0.42336,423.524,0,0.807978,0,0,1.0245,0.216518,1.028160,1,0,16.8518,0,0,0,16.8518,0
47.1577,2.22703,0,0,1.0431,0.160253,0.36288,3.6288,58.66,0.435717,0,0,0.618481,0.292058,0,0.66528,12.849,1,0.585596,0.36288,0,21.4034,6.02708,15.1536,0.84672,12.849,0.84672,3695.15,0,36.966,0.274067,0.216518,1.89747,3.62175,1.35927,4.1024,0.42336,36.966,0.42336,423.524,0,0.965658,0,0,1.18218,0.216518,1.028160,1,0,19.256,0,0,0,19.256,0
46.1497,2.21091,0,0,1.71979,0.154074,0.36288,3.6288,58.8271,0.397316,0,0,0.762696,0.198261,0,0.66528,12.849,1,0.602404,0.36288,0,18.8307,5.16048,13.4307,0.84672,12.849,0.84672,3695.15,0,36.966,0.250378,0.564926,1.82153,4.64483,1.14195,5.63896,0.42336,36.966,0.42336,423.524,0,1.02816,0,0,1.59309,0.564926,1.028160,1,0,19.0697,0,0,0,19.0697,0
45.2856,2.20116,0,0,1.933,0.233023,0.36288,3.6288,59.3827,0.398007,0,0,1.14666,0.193108,0,0.66528,12.849,1,0.612848,0.36288,0,26.9324,5.25199,21.4305,0.84672,12.849,0.84672,3695.15,0,36.966,0.250101,0.519947,1.82198,4.52806,1.13465,5.48523,0.42336,36.966,0.42336,423.524,0,1.02816,0,0,1.54811,0.519947,1.028160,1,0,26.9157,0,0,0,26.9157,0
46.2174,2.19259,0,0,3.71802,0.230781,0.36288,3.6288,60.3979,0.399704,0,0,1.60878,0.193797,0,0.66528,12.849,1,0.62211,0.36288,0,42.3386,5.25199,36.8274,0.84672,12.849,0.84672,3695.15,0,36.966,0.248818,1.15849,1.82243,8.85174,1.13465,10.4492,0.42336,36.966,0.42336,423.524,0,1.02816,0,0,2.18665,1.15849,1.028160,1,0,47.2766,0,0,0,47.2766,0
47.0762,2.03704,0,0,3.49192,0.233199,0.36288,3.6288,61.308,0.298055,0,0,1.46279,0.195056,0.059608,0.66528,12.849,1,0.566323,0.36288,0,71.6283,5.25199,66.1728,0.84672,12.849,0.84672,3695.15,0,36.966,0.182422,1.59273,1.82288,9.16047,1.13465,11.259,0.42336,36.966,0.42336,423.524,0,1.02816,0,0,2.62089,1.59273,1.028160,1,0,77.4915,0,0,0,77.4915,0
47.2111,2.04566,0,0,2.74994,0.206468,0.36288,3.6288,61.308,0.299977,0,0,1.83489,0.211337,1.32358,0.66528,12.849,1,0.558345,0.36288,0,81.7509,4.78456,76.7709,0.84672,12.849,0.84672,3695.15,0,36.966,0.180873,1.51115,1.65344,9.01852,1.0557,10.9465,0.42336,36.966,0.42336,423.524,0,1.02816,0,0,2.53931,1.51115,1.028160,1,0,89.041,0,0,0,89.041,0
47.7789,2.04742,0,0,3.2117,0.233604,0.36288,3.6288,61.308,0.300209,0,0,2.51853,0.223361,1.99496,0.66528,12.849,1,0.557228,0.36288,0,106.258,4.57181,101.492,0.84672,12.849,0.84672,3695.15,0,36.966,0.181013,2.13472,1.65385,9.33759,1.05507,11.8901,0.42336,36.966,0.42336,423.524,0,1.02816,0,0,3.16288,2.13472,1.028160,1,0,115.377,0,0,0,115.377,0
50.6367,2.05315,0,0,5.50888,0.235064,0.36288,3.6288,61.308,0.300441,0,0,2.37077,0.223361,1.84697,0.66528,12.849,1,0.552146,0.36288,0,110.186,4.57181,105.425,0.84672,12.849,0.84672,3695.15,0,36.966,0.181153,2.4836,1.65426,9.41803,1.05507,12.3197,0.42336,36.966,0.42336,423.524,0,1.02816,0,0,3.51176,2.4836,1.028160,1,0,119.591,0,0,0,119.591,0
53.4736,2.07852,0,0,5.52271,0.244384,0.36288,3.6288,61.308,0.300674,0,0,3.17954,0.218468,2.6604,0.66528,12.849,1,0.527421,0.36288,0,106.63,4.15599,102.309,0.84672,12.849,0.84672,3695.15,0,36.966,0.181293,2.20193,1.65467,11.3097,1.01522,13.9698,0.42336,36.966,0.42336,423.524,0,1.02816,0,0,3.23009,2.20193,1.028160,1,0,118.939,0,0,0,118.939,0
58.9709,2.10108,0,0,8.23622,0.274966,0.36288,3.6288,61.308,0.300674,0,0,4.14739,0.206236,3.64048,0.66528,12.849,1,0.504861,0.36288,0,134.831,3.59246,131.096,0.84672,12.849,0.84672,3695.15,0,36.966,0.181293,2.26164,1.65508,14.4472,1.0191,17.1636,0.42336,36.966,0.42336,423.524,0,1.02816,0,0,3.2898,2.26164,1.028160,1,0,151.9,0,0,0,151.9,0
58.903,2.20728,0,0,2.76591,0.263641,0.36288,3.6288,61.308,0.33137,0,0,0.971493,0.217025,0.423098,0.66528,12.849,1,0.480939,0.36288,0,60.1902,3.92311,56.149,0.84672,12.849,0.84672,3695.15,0,36.966,0.199801,0.433901,1.65508,6.85598,1.07537,7.66979,0.42336,36.966,0.42336,423.524,0,1.02816,0,0,1.46206,0.433901,1.028160,1,0,64.2419,0,0,0,64.2419,0
58.7816,2.20735,0,0,2.71236,0.263468,0.36288,3.6288,61.308,0.331601,0,0,1.26389,0.217025,0.71526,0.66528,12.849,1,0.481508,0.36288,0,78.732,3.92311,74.6903,0.84672,12.849,0.84672,3695.15,0,36.966,0.19994,0.814398,1.70851,6.84825,1.07537,8.09586,0.42336,36.966,0.42336,423.524,0,1.02816,0,0,1.84256,0.814398,1.028160,1,0,83.5014,0,0,0,83.5014,0
58.0798,2.20706,0,0,2.13124,0.26316,0.36288,3.6288,61.308,0.331832,0,0,1.28994,0.217025,0.741087,0.66528,12.849,1,0.482438,0.36288,0,43.9626,3.92311,39.9199,0.84672,12.849,0.84672,3695.15,0,36.966,0.20008,0.898093,1.70892,4.99168,1.07537,6.32325,0.42336,36.966,0.42336,423.524,0,1.02816,0,0,1.92625,0.898093,1.028160,1,0,46.9842,0,0,0,46.9842,0
56.7778,2.20281,0,0,1.54379,0.280102,0.36288,3.6288,61.1797,0.654742,0,0,0.730191,0.203794,0,0.66528,12.849,1,0.487328,0.36288,0,41.4234,3.87904,37.4199,0.84672,12.849,0.84672,3695.15,0,36.966,0.39478,0.503194,1.70932,5.21815,1.0405,5.99538,0.42336,36.966,0.42336,423.524,0,0.510919,0,0,1.01411,0.503194,1.028160,1,0,43.4152,0,0,0,43.4152,0
56.3346,2.40824,0,0,2.60213,0.274227,0.36288,3.6288,61.308,0.446429,0,0,1.10817,0.218712,0.314681,0.66528,12.849,1,0.544992,0.36288,0,53.3247,3.91032,49.2323,0.84672,12.849,0.84672,3695.15,0,36.966,0.269741,1.22425,1.70973,6.31344,1.16914,7.80854,0.42336,36.966,0.42336,423.524,0,1.02816,0,0,2.25241,1.22425,1.028160,1,0,57.3555,0,0,0,57.3555,0
55.8646,2.40532,0,0,2.55191,0.253693,0.36288,3.6288,61.308,0.447039,0,0,0.982385,0.238159,0.297187,0.66528,12.849,1,0.548613,0.36288,0,49.3977,3.9669,45.2451,0.84672,12.849,0.84672,3695.15,0,36.966,0.269545,1.01128,1.9011,4.79665,1.25545,6.18404,0.42336,36.966,0.42336,423.524,0,1.02816,0,0,2.03944,1.01128,1.028160,1,0,51.7263,0,0,0,51.7263,0
57.3179,2.40213,0,0,4.4708,0.252511,0.36288,3.6288,61.308,0.447297,0,0,1.47938,0.238159,0.793927,0.66528,12.849,1,0.552497,0.36288,0,118.212,3.9669,114.056,0.84672,12.849,0.84672,3695.15,0,36.966,0.2697,1.68542,1.90156,14.0235,1.25545,16.0853,0.42336,36.966,0.42336,423.524,0,1.02816,0,0,2.71358,1.68542,1.028160,1,0,130.935,0,0,0,130.935,0
58.553,2.41415,0,0,4.26796,0.255806,0.36288,3.6288,61.308,0.447556,0,0,1.4173,0.19114,0.778601,0.66528,12.849,1,0.541182,0.36288,0,136.678,3.57189,132.928,0.84672,12.849,0.84672,3695.15,0,36.966,0.269856,1.83676,1.90201,8.00384,1.06483,10.4079,0.42336,36.966,0.42336,423.524,0,1.02816,0,0,2.86492,1.83676,1.028160,1,0,144.114,0,0,0,144.114,0
60.8093,2.11682,0,0,5.01245,0.276413,0.36288,3.6288,61.308,0.294025,0,0,1.26674,0.21363,0.759091,0.66528,12.849,1,0.464519,0.36288,0,116.192,3.68351,112.407,0.84672,12.849,0.84672,3695.15,0,36.966,0.177284,1.8181,1.90246,8.26529,1.08674,10.7218,0.42336,36.966,0.42336,423.524,0,1.02816,0,0,2.84626,1.8181,1.028160,1,0,123.888,0,0,0,123.888,0
64.4582,2.13155,0,0,6.4328,0.28947,0.36288,3.6288,61.308,0.294247,0,0,2.01189,0.22576,1.49189,0.66528,12.849,1,0.450397,0.36288,0,155.952,3.75448,152.11,0.84672,12.849,0.84672,3695.15,0,36.966,0.177418,2.81136,1.64223,11.6738,1.10822,14.8417,0.42336,36.966,0.42336,423.524,0,1.02816,0,0,3.83952,2.81136,1.028160,1,0,168.444,0,0,0,168.444,0
67.6569,2.15332,0,0,6.0131,0.29825,0.36288,3.6288,61.308,0.294469,0,0,1.88224,0.22576,1.36201,0.66528,12.849,1,0.42924,0.36288,0,137.402,3.75448,133.581,0.84672,12.849,0.84672,3695.15,0,36.966,0.177552,2.76857,1.64262,10.4368,1.10822,13.5622,0.42336,36.966,0.42336,423.524,0,1.02816,0,0,3.79673,2.76857,1.028160,1,0,148.505,0,0,0,148.505,0
69.1847,2.17089,0,0,4.36749,0.305945,0.36288,3.6288,61.308,0.294691,0,0,1.41893,0.22576,0.898479,0.66528,12.849,1,0.412283,0.36288,0,117.012,3.75448,113.208,0.84672,12.849,0.84672,3695.15,0,36.966,0.177685,3.05151,1.64301,9.48983,1.10822,12.8984,0.42336,36.966,0.42336,423.524,0,1.02816,0,0,4.07967,3.05151,1.028160,1,0,127.005,0,0,0,127.005,0
71.0996,2.17909,0,0,4.77566,0.318727,0.36288,3.6288,61.308,0.294913,0,0,2.16155,0.208756,1.65788,0.66528,12.849,1,0.404701,0.36288,0,136.474,3.73956,132.693,0.84672,12.849,0.84672,3695.15,0,36.966,0.177819,4.19693,1.6434,16.7939,1.08776,21.3686,0.42336,36.966,0.42336,423.524,0,1.02816,0,0,5.22509,4.19693,1.028160,1,0,155.719,0,0,0,155.719,0
72.2715,2.26881,0,0,4.13532,0.331697,0.36288,3.6288,61.308,0.332802,0,0,0.849744,0.161647,0.355295,0.66528,12.849,1,0.410016,0.36288,0,90.0772,3.70853,86.3215,0.84672,12.849,0.84672,3695.15,0,36.966,0.200665,1.24788,1.64379,6.07891,0.974062,7.79585,0.42336,36.966,0.42336,423.524,0,1.02816,0,0,2.27604,1.24788,1.028160,1,0,94.4727,0,0,0,94.4727,0
72.29,2.275,0,0,4.63844,0.333944,2.01104,3.6288,61.308,0.333033,0,0,1.68335,0.156256,1.19406,0.66528,12.849,1,0.404467,2.01104,0,92.454,3.70073,90.3599,0.84672,12.849,0.84672,3695.15,0,36.966,0.200804,2.34234,1.70853,6.37483,0.952994,9.27189,0.42336,36.966,0.42336,423.524,0,1.02816,0,0,3.3705,2.34234,1.028160,1,0,100.826,0,0,0,100.826,0
72.29,2.27562,0,0,3.91946,0.333991,1.30984,3.6288,61.308,0.333264,0,0,1.84026,0.156256,1.35074,0.66528,12.849,1,0.404475,1.30984,0,112.453,3.70073,109.658,0.84672,12.849,0.84672,3695.15,0,36.966,0.200944,3.14333,1.70893,7.9901,0.952994,11.6884,0.42336,36.966,0.42336,423.524,0,1.02816,0,0,4.17149,3.14333,1.028160,1,0,122.697,0,0,0,122.697,0
72.1816,2.27616,0,0,2.8588,0.328209,0.36288,3.6288,61.308,0.333496,0,0,1.28022,0.140455,0.806272,0.66528,12.849,1,0.404571,0.36288,0,100.651,3.26906,97.3401,0.84672,12.849,0.84672,3695.15,0,36.966,0.201083,2.06907,1.70934,5.26315,0.892606,7.94787,0.42336,36.966,0.42336,423.524,0,1.02816,0,0,3.09723,2.06907,1.028160,1,0,106.094,0,0,0,106.094,0
72.2719,2.24482,0,0,2.97065,0.272606,0.36288,3.6288,61.308,0.319083,0,0,1.05729,0.231089,0.507113,0.66528,12.849,1,0.399599,0.36288,0,68.79,4.83052,63.9227,0.84672,12.849,0.84672,3695.15,0,36.966,0.192393,1.99009,1.70974,5.86836,1.2126,8.16319,0.42336,36.966,0.42336,423.524,0,1.02816,0,0,3.01825,1.99009,1.028160,1,0,72.593,0,0,0,72.593,0
72.0244,2.24577,0,0,2.6339,0.272793,0.36288,3.6288,61.308,0.319311,0,0,0.960345,0.231089,0.409944,0.66528,12.849,1,0.399269,0.36288,0,59.6021,4.83052,54.7352,0.84672,12.849,0.84672,3695.15,0,36.966,0.192531,1.60733,1.68509,5.07471,1.2126,6.96199,0.42336,36.966,0.42336,423.524,0,1.02816,0,0,2.63549,1.60733,1.028160,1,0,62.1071,0,0,0,62.1071,0
71.5349,2.24514,0,0,2.38658,0.267968,0.36288,3.6288,61.308,0.319539,0,0,0.861028,0.225401,0.316088,0.66528,12.849,1,0.400529,0.36288,0,52.5133,4.71256,47.7631,0.84672,12.849,0.84672,3695.15,0,36.966,0.192668,1.36797,1.68549,4.64161,1.18269,6.31971,0.42336,36.966,0.42336,423.524,0,1.02816,0,0,2.39613,1.36797,1.028160,1,0,54.3989,0,0,0,54.3989,0
70.8751,2.24335,0,0,2.18757,0.241195,0.36288,3.6288,61.308,0.319767,0,0,0.813758,0.191268,0.302724,0.66528,12.849,1,0.402947,0.36288,0,50.5604,4.0048,46.5155,0.84672,12.849,0.84672,3695.15,0,36.966,0.192805,1.25135,1.68589,4.22635,1.00318,5.9676,0.42336,36.966,0.42336,423.524,0,1.02816,0,0,2.27951,1.25135,1.028160,1,0,52.7859,0,0,0,52.7859,0
70.0445,2.347,0,0,2.10337,0.224099,0.36288,3.6288,61.308,0.371974,0,0,0.80123,0.210714,0.218542,0.66528,12.849,1,0.425489,0.36288,0,45.9365,4.21247,41.6615,0.84672,12.849,0.84672,3695.15,0,36.966,0.224284,1.52117,1.68629,4.31673,0.997525,6.30238,0.42336,36.966,0.42336,423.524,0,1.02816,0,0,2.54933,1.52117,1.028160,1,0,48.1824,0,0,0,48.1824,0
69.0834,2.34329,0,0,1.95596,0.210837,0.36288,3.6288,61.308,0.372214,0,0,0.757184,0.2253,0.15967,0.66528,12.849,1,0.429854,0.36288,0,42.058,4.36821,37.6228,0.84672,12.849,0.84672,3695.15,0,36.966,0.224429,1.02669,1.77459,3.71061,0.993287,5.29418,0.42336,36.966,0.42336,423.524,0,1.02816,0,0,2.05485,1.02669,1.028160,1,0,43.0766,0,0,0,43.0766,0
67.9012,2.3388,0,0,1.71463,0.195227,0.36288,3.6288,61.308,0.372455,0,0,0.705387,0.234743,0.0981893,0.66528,12.849,1,0.435,0.36288,0,37.5765,4.47531,33.0291,0.84672,12.849,0.84672,3695.15,0,36.966,0.224574,0.887665,1.77501,3.60009,1.02065,5.01754,0.42336,36.966,0.42336,423.524,0,1.02816,0,0,1.91583,0.887665,1.028160,1,0,38.1448,0,0,0,38.1448,0
66.6688,2.33299,0,0,1.62219,0.15864,0.36288,3.6288,61.308,0.372695,0,0,0.678188,0.258351,0.0471417,0.66528,12.849,1,0.441473,0.36288,0,34.3499,4.74306,29.5282,0.84672,12.849,0.84672,3695.15,0,36.966,0.224719,0.795165,1.77543,3.46334,1.08906,4.72016,0.42336,36.966,0.42336,423.524,0,1.02816,0,0,1.82333,0.795165,1.028160,1,0,34.2955,0,0,0,34.2955,0
65.2792,2.3267,0,0,1.44918,0.149219,0.36288,3.6288,61.308,0.372936,0,0,0.634083,0.256758,0.00438874,0.66528,12.849,1,0.448421,0.36288,0,32.4514,4.83291,27.533,0.84672,12.849,0.84672,3695.15,0,36.966,0.224864,0.595477,1.77585,3.43614,1.09249,4.49011,0.42336,36.966,0.42336,423.524,0,1.02816,0,0,1.62364,0.595477,1.028160,1,0,32.0275,0,0,0,32.0275,0
63.662,2.2985,0,0,1.17224,0.128077,0.36288,3.6288,61.2208,0.41078,0,0,0.576342,0.252776,0,0.66528,12.849,1,0.452417,0.36288,0,28.0152,5.05754,22.8681,0.84672,12.849,0.84672,3695.15,0,36.966,0.247682,0.30119,1.77627,3.24461,1.10107,3.97332,0.42336,36.966,0.42336,423.524,0,1.01373,0,0,1.31492,0.30119,1.028160,1,0,26.8414,0,0,0,26.8414,0
61.9509,2.28948,0,0,1.06764,0.126417,0.36288,3.6288,61.1339,0.401811,0,0,0.567575,0.252636,0,0.66528,12.849,1,0.462089,0.36288,0,27.3637,5.05754,22.207,0.84672,12.849,0.84672,3695.15,0,36.966,0.242619,0.306746,1.80746,3.12975,1.10107,3.90027,0.42336,36.966,0.42336,423.524,0,1.02816,0,0,1.33491,0.306746,1.028160,1,0,26.1073,0,0,0,26.1073,0
60.1461,2.27945,0,0,0.962202,0.124661,0.36288,3.6288,60.9305,0.479436,0,0,0.528538,0.252498,0,0.66528,12.849,1,0.472772,0.36288,0,25.3622,5.05754,20.1948,0.84672,12.849,0.84672,3695.15,0,36.966,0.289902,0.261274,1.80789,2.97992,1.10107,3.65811,0.42336,36.966,0.42336,423.524,0,0.903649,0,0,1.16492,0.261274,1.028160,1,0,23.8529,0,0,0,23.8529,0
58.3338,2.2683,0,0,0.920117,0.101181,0.36288,3.6288,60.6351,0.488254,0,0,0.499677,0.306887,0,0.66528,12.849,1,0.484576,0.36288,0,22.8653,5.76328,16.9803,0.84672,12.849,0.84672,3695.15,0,36.966,0.296219,0.261274,1.80831,2.83123,1.35868,3.24592,0.42336,36.966,0.42336,423.524,0,0.888909,0,0,1.15018,0.261274,1.028160,1,0,20.2263,0,0,0,20.2263,0
56.5408,2.30916,0,0,0.966419,0.0874439,0.36288,3.6288,60.3157,0.463974,0,0,0.448676,0.304039,0,0.66528,12.849,1,0.50863,0.36288,0,23.7865,6.00004,17.6407,0.84672,12.849,0.84672,3695.15,0,36.966,0.282861,0.261274,1.80874,3.09104,1.43553,3.44267,0.42336,36.966,0.42336,423.524,0,0.967844,0,0,1.22912,0.261274,1.028160,1,0,21.0834,0,0,0,21.0834,0
54.725,2.29656,0,0,0.929007,0.085348,0.36288,3.6288,60,0.445288,0,0,0.428932,0.299411,0,0.66528,12.849,1,0.521897,0.36288,0,22.8779,5.99245,16.7265,0.84672,12.849,0.84672,3695.15,0,36.966,0.272906,0.261274,1.85281,3.24973,1.43116,3.65975,0.42336,36.966,0.42336,423.524,0,0.996892,0,0,1.25817,0.261274,1.028160,1,0,20.3862,0,0,0,20.3862,0
52.8167,2.28307,0,0,0.821422,0.0838153,0.36288,3.6288,59.6006,0.504357,0,0,0.40379,0.29881,0,0.66528,12.849,1,0.536048,0.36288,0,21.6114,5.99245,15.4458,0.84672,12.849,0.84672,3695.15,0,36.966,0.310735,0.227405,1.85325,3.04868,1.43116,3.38744,0.42336,36.966,0.42336,423.524,0,0.9004,0,0,1.12781,0.227405,1.028160,1,0,18.8332,0,0,0,18.8332,0
50.8541,2.26803,0,0,0.74228,0.0739288,0.36288,3.6288,59.1731,0.524083,0,0,0.3998,0.303173,0,0.66528,12.849,1,0.551757,0.36288,0,20.4863,6.14201,14.1554,0.84672,12.849,0.84672,3695.15,0,36.966,0.325051,0.227405,1.85369,3.04192,1.46104,3.33693,0.42336,36.966,0.42336,423.524,0,0.866765,0,0,1.09417,0.227405,1.028160,1,0,17.4923,0,0,0,17.4923,0
48.626,2.40194,0,0,0.605768,0.0690432,0.36288,3.6288,58.6507,0.622979,0,0,0.397481,0.296887,0,0.66528,12.849,1,0.606884,0.36288,0,18.4743,6.29444,11.9359,0.84672,12.849,0.84672,3695.15,0,36.966,0.389181,0.227405,1.85413,3.03591,1.45553,3.27274,0.42336,36.966,0.42336,423.524,0,0.851913,0,0,1.07932,0.227405,1.028160,1,0,15.2086,0,0,0,15.2086,0
46.3589,2.38051,0,0,0.542735,0.0664817,0.36288,3.6288,58.0875,0.640897,0,0,0.372015,0.294333,0,0.66528,12.849,1,0.629029,0.36288,0,16.2026,6.40017,9.53627,0.84672,12.849,0.84672,3695.15,0,36.966,0.40394,0.227405,2.00404,3.15981,1.55658,3.43073,0.42336,36.966,0.42336,423.524,0,0.819677,0,0,1.04708,0.227405,1.028160,1,0,12.967,0,0,0,12.967,0
44.1282,2.35698,0,0,0.554075,0.0648481,0.36288,3.6288,57.4997,0.65078,0,0,0.356277,0.293267,0,0.66528,12.849,1,0.65327,0.36288,0,14.9486,6.40017,8.25802,0.84672,12.849,0.84672,3695.15,0,36.966,0.414147,0.204422,2.00451,3.2394,1.55658,3.47761,0.42336,36.966,0.42336,423.524,0,0.800029,0,0,1.00445,0.204422,1.028160,1,0,11.7356,0,0,0,11.7356,0
42.1919,2.33196,0,0,0.825706,0.0671519,0.36288,3.6288,57.1071,0.523297,0,0,0.421797,0.291108,0,0.66528,12.849,1,0.679007,0.36288,0,19.2427,6.37049,12.5561,0.84672,12.849,0.84672,3695.15,0,36.966,0.336422,0.204422,2.00499,3.55027,1.55294,3.87032,0.42336,36.966,0.42336,423.524,0,1.00568,0,0,1.2101,0.204422,1.028160,1,0,16.4265,0,0,0,16.4265,0
40.6955,2.30862,0,0,1.25982,0.0847477,0.36288,3.6288,56.8991,0.508514,0,0,0.582982,0.282553,0,0.66528,12.849,1,0.70306,0.36288,0,30.6502,6.15552,24.1545,0.84672,12.849,0.84672,3695.15,0,36.966,0.329166,0.336018,2.00546,4.52743,1.5174,5.02234,0.42336,36.966,0.42336,423.524,0,1.02816,0,0,1.36418,0.336018,1.028160,1,0,29.1769,0,0,0,29.1769,0
39.2527,2.21966,0,0,1.22565,0.0858932,0.36288,3.6288,56.8096,0.453621,0,0,0.649796,0.285603,0,0.66528,12.849,1,0.700824,0.36288,0,43.8661,5.39973,38.1285,0.84672,12.849,0.84672,3695.15,0,36.966,0.294707,0.806354,2.00594,6.34782,1.44249,7.42291,0.42336,36.966,0.42336,423.524,0,1.02816,0,0,1.83451,0.806354,1.028160,1,0,45.5514,0,0,0,45.5514,0
38.9213,2.20077,0,0,2.31672,0.0844484,0.36288,3.6288,57.1843,0.453595,0,0,1.11371,0.285437,0,0.66528,12.849,1,0.720402,0.36288,0,52.2965,5.39973,46.5392,0.84672,12.849,0.84672,3695.15,0,36.966,0.295154,2.43694,1.91981,10.8816,1.44249,13.5007,0.42336,36.966,0.42336,423.524,0,1.02816,0,0,3.4651,2.43694,1.028160,1,0,60.0399,0,0,0,60.0399,0
37.3165,2.19668,0,0,1.03881,0.0841256,0.36288,3.6288,57.075,0.455025,0,0,0.631864,0.286133,0,0.66528,12.849,1,0.725185,0.36288,0,39.7634,5.39973,34.0013,0.84672,12.849,0.84672,3695.15,0,36.966,0.294145,0.743118,1.92027,5.59507,1.44249,6.52182,0.42336,36.966,0.42336,423.524,0,1.02816,0,0,1.77128,0.743118,1.028160,1,0,40.5231,0,0,0,40.5231,0
35.9793,2.174,0,0,1.30103,0.101314,0.36288,3.6288,57.1362,0.454939,0,0,0.799543,0.2834,0,0.66528,12.849,1,0.748562,0.36288,0,37.9363,5.21926,32.3314,0.84672,12.849,0.84672,3695.15,0,36.966,0.294652,0.822761,1.92072,6.84501,1.41533,7.8785,0.42336,36.966,0.42336,423.524,0,1.02816,0,0,1.85092,0.822761,1.028160,1,0,40.2099,0,0,0,40.2099,0
38.7265,2.09836,0,0,5.35575,0.147309,0.36288,3.6288,57.8549,0.405712,0,0,1.35703,0.232617,0,0.66528,12.849,1,0.749372,0.36288,0,58.4963,4.05946,54.0503,0.84672,12.849,0.84672,3695.15,0,36.966,0.262487,2.06455,1.92118,9.29992,1.08211,11.9411,0.42336,36.966,0.42336,423.524,0,1.02816,0,0,3.09271,2.06455,1.028160,1,0,65.9914,0,0,0,65.9914,0
42.3025,2.13879,0,0,6.22296,0.145276,0.36288,3.6288,58.9075,0.407946,0,0,1.66496,0.204455,0,0.66528,12.849,1,0.709625,0.36288,0,146.155,3.78725,142.021,0.84672,12.849,0.84672,3695.15,0,36.966,0.260655,1.84436,1.84427,11.0412,1.00554,13.4637,0.42336,36.966,0.42336,423.524,0,1.02816,0,0,2.87252,1.84436,1.028160,1,0,155.485,0,0,0,155.485,0
43.5242,2.18532,0,0,3.92139,0.151496,0.36288,3.6288,59.2453,0.411055,0,0,0.954763,0.205845,0,0.66528,12.849,1,0.66377,0.36288,0,50.4854,3.78725,46.3973,0.84672,12.849,0.84672,3695.15,0,36.966,0.257948,0.66515,1.84471,7.53866,1.00554,8.78503,0.42336,36.966,0.42336,423.524,0,1.02816,0,0,1.69331,0.66515,1.028160,1,0,55.1823,0,0,0,55.1823,0
46.2012,2.20022,0,0,5.45534,0.215268,0.36288,3.6288,60.3472,0.412209,0,0,1.70251,0.188417,0,0.66528,12.849,1,0.649539,0.36288,0,66.356,3.76527,62.3041,0.84672,12.849,0.84672,3695.15,0,36.966,0.257197,1.74192,1.84515,8.49295,0.980505,10.8423,0.42336,36.966,0.42336,423.524,0,1.02816,0,0,2.77008,1.74192,1.028160,1,0,73.1464,0,0,0,73.1464,0
50.4574,2.06224,0,0,6.91232,0.231016,0.36288,3.6288,61.308,0.309603,0,0,2.02679,0.220189,0.536227,0.66528,12.849,1,0.573529,0.36288,0,92.2821,3.90264,88.1688,0.84672,12.849,0.84672,3695.15,0,36.966,0.189649,2.28026,1.84558,9.73348,1.07376,12.5959,0.42336,36.966,0.42336,423.524,0,1.02816,0,0,3.30842,2.28026,1.028160,1,0,101.301,0,0,0,101.301,0
54.6642,2.1013,0,0,6.89021,0.219221,0.36288,3.6288,61.308,0.311683,0,0,1.57554,0.272031,0.991825,0.66528,12.849,1,0.535096,0.36288,0,91.0613,4.09752,86.7915,0.84672,12.849,0.84672,3695.15,0,36.966,0.187931,2.48593,1.67402,8.35514,1.21146,11.1157,0.42336,36.966,0.42336,423.524,0,1.02816,0,0,3.51409,2.48593,1.028160,1,0,98.8991,0,0,0,98.8991,0
61.107,2.13514,0,0,9.16972,0.228926,0.36288,3.6288,61.308,0.311909,0,0,1.38387,0.272031,0.799929,0.66528,12.849,1,0.501873,0.36288,0,108.344,4.09752,104.107,0.84672,12.849,0.84672,3695.15,0,36.966,0.188067,3.05484,1.67442,10.8011,1.21146,14.1309,0.42336,36.966,0.42336,423.524,0,1.02816,0,0,4.083,3.05484,1.028160,1,0,119.038,0,0,0,119.038,0
67.8833,2.17938,0,0,9.56215,0.24356,0.36288,3.6288,61.308,0.312135,0,0,1.09215,0.272031,0.507982,0.66528,12.849,1,0.45826,0.36288,0,134.896,4.09752,130.703,0.84672,12.849,0.84672,3695.15,0,36.966,0.188204,2.67842,1.67481,9.26255,1.21146,12.2161,0.42336,36.966,0.42336,423.524,0,1.02816,0,0,3.70658,2.67842,1.028160,1,0,143.428,0,0,0,143.428,0
72.29,2.21837,0,0,10.5286,0.257244,3.64628,3.6288,61.308,0.312361,0,0,2.18674,0.272031,1.60235,0.66528,12.849,1,0.419895,3.64628,0,110.112,4.09752,109.24,0.84672,12.849,0.84672,3695.15,0,36.966,0.18834,4.17419,1.67521,15.1921,1.21146,19.6417,0.42336,36.966,0.42336,423.524,0,1.02816,0,0,5.20235,4.17419,1.028160,1,0,130.485,0,0,0,130.485,0
72.29,2.31082,0,0,6.37911,0.290291,3.778,3.6288,61.308,0.343428,0,0,2.62108,0.260874,2.01678,0.66528,12.849,1,0.41073,3.778,0,124.294,4.2693,123.392,0.84672,12.849,0.84672,3695.15,0,36.966,0.207072,3.77508,1.67561,14.1121,1.25942,18.0963,0.42336,36.966,0.42336,423.524,0,1.02816,0,0,4.80324,3.77508,1.028160,1,0,143.505,0,0,0,143.505,0
72.29,2.31134,0,0,14.4914,0.290291,11.8897,3.6288,61.308,0.343652,0,0,4.41376,0.260874,3.80923,0.66528,12.849,1,0.410824,11.8897,0,303.804,4.2693,311.014,0.84672,12.849,0.84672,3695.15,0,36.966,0.207207,4.49949,1.72969,25.3453,1.25942,30.1078,0.42336,36.966,0.42336,423.524,0,1.02816,0,0,5.52765,4.49949,1.028160,1,0,344.931,0,0,0,344.931,0
72.29,2.31187,0,0,8.61633,0.290291,6.01417,3.6288,61.308,0.343877,0,0,3.05529,0.260874,2.45053,0.66528,12.849,1,0.410917,6.01417,0,254.645,4.2693,255.979,0.84672,12.849,0.84672,3695.15,0,36.966,0.207342,3.10778,1.73008,18.5571,1.25942,21.9282,0.42336,36.966,0.42336,423.524,0,1.02816,0,0,4.13594,3.10778,1.028160,1,0,280.358,0,0,0,280.358,0
72.29,2.31239,0,0,5.51358,0.284444,2.91674,3.6288,61.308,0.344101,0,0,1.77466,0.247198,1.18337,0.66528,12.849,1,0.41101,2.91674,0,119.902,4.15413,118.254,0.84672,12.849,0.84672,3695.15,0,36.966,0.207477,2.06061,1.73048,10.2425,1.1888,12.6374,0.42336,36.966,0.42336,423.524,0,1.02816,0,0,3.08877,2.06061,1.028160,1,0,132.075,0,0,0,132.075,0
72.29,2.53852,0,0,5.23551,0.308559,2.38844,3.6288,61.308,0.460227,0,0,1.67595,0.184105,1.03162,0.66528,12.849,1,0.451202,2.38844,0,124.819,3.29823,123.458,0.84672,12.849,0.84672,3695.15,0,36.966,0.277496,1.68888,1.73087,8.74187,0.946457,10.9377,0.42336,36.966,0.42336,423.524,0,1.02816,0,0,2.71704,1.68888,1.028160,1,0,135.427,0,0,0,135.427,0
72.29,2.53909,0,0,5.77664,0.322022,2.91553,3.6288,61.308,0.460478,0,0,1.95399,0.185558,1.30795,0.66528,12.849,1,0.451305,2.91553,0,150.114,3.0911,149.487,0.84672,12.849,0.84672,3695.15,0,36.966,0.277648,1.90126,1.92459,9.78791,0.938539,12.3976,0.42336,36.966,0.42336,423.524,0,1.02816,0,0,2.92942,1.90126,1.028160,1,0,163.193,0,0,0,163.193,0
72.29,2.53967,0,0,8.60172,0.31423,5.74782,3.6288,61.308,0.460728,0,0,3.03191,0.202156,2.36903,0.66528,12.849,1,0.451407,5.74782,0,204.053,3.48422,205.866,0.84672,12.849,0.84672,3695.15,0,36.966,0.277799,3.16459,1.92503,18.0501,1.06153,21.8004,0.42336,36.966,0.42336,423.524,0,1.02816,0,0,4.19275,3.16459,1.028160,1,0,230.035,0,0,0,230.035,0
72.29,2.54025,0,0,7.49261,0.308531,4.64383,3.6288,61.308,0.460979,0,0,3.11948,0.194438,2.46406,0.66528,12.849,1,0.45151,4.64383,0,189.384,3.57896,189.998,0.84672,12.849,0.84672,3695.15,0,36.966,0.27795,3.59777,1.92547,18.1068,1.03715,22.315,0.42336,36.966,0.42336,423.524,0,1.02816,0,0,4.62593,3.59777,1.028160,1,0,214.777,0,0,0,214.777,0
72.29,2.21876,0,0,6.47313,0.302458,3.95191,3.6288,61.308,0.305546,0,0,1.80339,0.160843,1.337,0.66528,12.849,1,0.394368,3.95191,0,176.748,3.407,176.898,0.84672,12.849,0.84672,3695.15,0,36.966,0.184231,2.60118,1.92591,12.0361,0.938333,15.4406,0.42336,36.966,0.42336,423.524,0,1.02816,0,0,3.62934,2.60118,1.028160,1,0,193.676,0,0,0,193.676,0
72.29,2.21927,0,0,5.93203,0.308165,3.40459,3.6288,61.308,0.305762,0,0,3.43825,0.147635,2.98486,0.66528,12.849,1,0.394458,3.40459,0,184.205,3.31889,183.896,0.84672,12.849,0.84672,3695.15,0,36.966,0.184361,4.40769,1.66246,16.2404,0.870551,21.2557,0.42336,36.966,0.42336,423.524,0,1.02816,0,0,5.43585,4.40769,1.028160,1,0,208.137,0,0,0,208.137,0
72.29,2.21977,0,0,5.23428,0.314992,2.69952,3.6288,61.308,0.305977,0,0,2.8153,0.122936,2.38639,0.66528,12.849,1,0.394547,2.69952,0,200.48,2.91564,199.869,0.84672,12.849,0.84672,3695.15,0,36.966,0.184491,3.22528,1.66284,12.1631,0.752152,16.1146,0.42336,36.966,0.42336,423.524,0,1.02816,0,0,4.25344,3.22528,1.028160,1,0,218.37,0,0,0,218.37,0
72.29,2.22028,0,0,7.45478,0.314992,4.91951,3.6288,61.308,0.306193,0,0,3.88024,0.122936,3.45111,0.66528,12.849,1,0.394637,4.91951,0,170.098,2.91564,171.708,0.84672,12.849,0.84672,3695.15,0,36.966,0.184621,6.35128,1.66322,16.4392,0.752152,23.517,0.42336,36.966,0.42336,423.524,0,1.02816,0,0,7.37944,6.35128,1.028160,1,0,198.676,0,0,0,198.676,0
72.29,2.22078,0,0,9.84105,0.313133,7.30713,3.6288,61.308,0.306408,0,0,5.90407,0.126072,5.47159,0.66528,12.849,1,0.394727,7.30713,0,182.244,3.05619,186.1,0.84672,12.849,0.84672,3695.15,0,36.966,0.184751,6.73947,1.66359,20.8112,0.78068,28.2488,0.42336,36.966,0.42336,423.524,0,1.02816,0,0,7.76763,6.73947,1.028160,1,0,219.82,0,0,0,219.82,0
72.29,2.30245,0,0,7.46531,0.301978,4.86088,3.6288,61.308,0.344753,0,0,3.52068,0.14489,3.03104,0.66528,12.849,1,0.409243,4.86088,0,193.914,3.89949,194.466,0.84672,12.849,0.84672,3695.15,0,36.966,0.207871,4.8966,1.66397,23.073,0.951852,28.4739,0.42336,36.966,0.42336,423.524,0,1.02816,0,0,5.92476,4.8966,1.028160,1,0,225.971,0,0,0,225.971,0
72.29,2.30297,0,0,6.20785,0.301978,3.6029,3.6288,61.308,0.344978,0,0,3.04742,0.14489,2.55756,0.66528,12.849,1,0.409336,3.6029,0,173.602,3.89949,172.896,0.84672,12.849,0.84672,3695.15,0,36.966,0.208006,3.99715,1.72948,16.3673,0.951852,20.934,0.42336,36.966,0.42336,423.524,0,1.02816,0,0,5.02531,3.99715,1.028160,1,0,196.387,0,0,0,196.387,0
72.29,2.30349,0,0,5.69862,0.279345,3.11579,3.6288,61.308,0.345202,0,0,2.24877,0.142393,1.76117,0.66528,12.849,1,0.409429,3.11579,0,133.507,4.04777,132.166,0.84672,12.849,0.84672,3695.15,0,36.966,0.208141,3.00837,1.72988,11.6529,0.961494,15.2216,0.42336,36.966,0.42336,423.524,0,1.02816,0,0,4.03653,3.00837,1.028160,1,0,149.148,0,0,0,149.148,0
72.29,2.30402,0,0,4.54849,0.249166,1.99531,3.6288,61.308,0.345426,0,0,1.83331,0.139063,1.34882,0.66528,12.849,1,0.409522,1.99531,0,126.755,4.24546,124.095,0.84672,12.849,0.84672,3695.15,0,36.966,0.208277,1.94784,1.73027,9.31556,0.974349,11.811,0.42336,36.966,0.42336,423.524,0,1.02816,0,0,2.976,1.94784,1.028160,1,0,137.255,0,0,0,137.255,0
72.29,2.27278,0,0,4.45889,0.224672,1.96144,3.6288,61.308,0.330828,0,0,1.19038,0.205736,0.653821,0.66528,12.849,1,0.403969,1.96144,0,98.2748,4.75604,95.0762,0.84672,12.849,0.84672,3695.15,0,36.966,0.199475,1.49038,1.73066,8.36361,1.08749,10.2977,0.42336,36.966,0.42336,423.524,0,1.02816,0,0,2.51854,1.49038,1.028160,1,0,106.028,0,0,0,106.028,0
72.29,2.2733,0,0,4.29864,0.22059,1.80476,3.6288,61.308,0.331049,0,0,1.04882,0.216848,0.500921,0.66528,12.849,1,0.404061,1.80476,0,90.9084,4.84113,87.4679,0.84672,12.849,0.84672,3695.15,0,36.966,0.199608,1.37831,1.70569,7.80875,1.10634,9.5868,0.42336,36.966,0.42336,423.524,0,1.02816,0,0,2.40647,1.37831,1.028160,1,0,97.5556,0,0,0,97.5556,0
72.29,2.27381,0,0,3.97714,0.22059,1.48274,3.6288,61.308,0.33127,0,0,1.14062,0.216848,0.5925,0.66528,12.849,1,0.404153,1.48274,0,82.6926,4.84113,78.93,0.84672,12.849,0.84672,3695.15,0,36.966,0.199741,1.60162,1.70608,8.06,1.10634,10.0616,0.42336,36.966,0.42336,423.524,0,1.02816,0,0,2.62978,1.60162,1.028160,1,0,89.5841,0,0,0,89.5841,0
72.29,2.27433,0,0,3.76321,0.231448,1.25743,3.6288,61.308,0.331492,0,0,1.22684,0.193566,0.701779,0.66528,12.849,1,0.404245,1.25743,0,77.4084,4.61979,73.6418,0.84672,12.849,0.84672,3695.15,0,36.966,0.199875,1.70027,1.70647,8.74567,1.02423,10.9283,0.42336,36.966,0.42336,423.524,0,1.02816,0,0,2.72843,1.70027,1.028160,1,0,85.2718,0,0,0,85.2718,0
72.29,2.38276,0,0,3.78339,0.198339,1.20229,3.6288,61.308,0.384325,0,0,1.07717,0.179042,0.513799,0.66528,12.849,1,0.423518,1.20229,0,70.5603,4.21573,67.1233,0.84672,12.849,0.84672,3695.15,0,36.966,0.231731,1.28227,1.70686,7.45675,0.886081,9.32807,0.42336,36.966,0.42336,423.524,0,1.02816,0,0,2.31043,1.28227,1.028160,1,0,76.9652,0,0,0,76.9652,0
72.29,2.3833,0,0,3.67119,0.191899,1.09599,3.6288,61.308,0.384559,0,0,1.04636,0.210999,0.450807,0.66528,12.849,1,0.423614,1.09599,0,67.7601,4.06213,64.3703,0.84672,12.849,0.84672,3695.15,0,36.966,0.231872,1.23358,1.79622,7.22771,0.904658,9.12098,0.42336,36.966,0.42336,423.524,0,1.02816,0,0,2.26174,1.23358,1.028160,1,0,73.9421,0,0,0,73.9421,0
72.29,2.38384,0,0,3.25896,0.191899,0.683213,3.6288,61.308,0.384792,0,0,0.899977,0.210999,0.304186,0.66528,12.849,1,0.42371,0.683213,0,64.1218,4.06213,60.3191,0.84672,12.849,0.84672,3695.15,0,36.966,0.232012,1.0765,1.79663,7.14709,0.904658,8.88355,0.42336,36.966,0.42336,423.524,0,1.02816,0,0,2.10466,1.0765,1.028160,1,0,69.5069,0,0,0,69.5069,0
72.29,2.38439,0,0,2.99505,0.182398,0.428263,3.6288,61.308,0.385025,0,0,0.875984,0.220877,0.270081,0.66528,12.849,1,0.423807,0.428263,0,58.7515,4.25776,54.4982,0.84672,12.849,0.84672,3695.15,0,36.966,0.232153,1.05714,1.79704,6.94561,0.958043,8.60959,0.42336,36.966,0.42336,423.524,0,1.02816,0,0,2.0853,1.05714,1.028160,1,0,63.3778,0,0,0,63.3778,0
72.1862,2.38493,0,0,2.79891,0.154864,0.36288,3.6288,61.308,0.385258,0,0,0.781445,0.244207,0.151979,0.66528,12.849,1,0.423903,0.36288,0,57.6002,4.87604,52.6631,0.84672,12.849,0.84672,3695.15,0,36.966,0.232294,0.796167,1.79744,6.31903,1.093,7.58735,0.42336,36.966,0.42336,423.524,0,1.02816,0,0,1.82433,0.796167,1.028160,1,0,60.4025,0,0,0,60.4025,0
71.6452,2.36359,0,0,2.3519,0.166451,0.36288,3.6288,61.308,0.414441,0,0,0.776278,0.226799,0.135037,0.66528,12.849,1,0.420715,0.36288,0,49.8268,5.0589,44.7101,0.84672,12.849,0.84672,3695.15,0,36.966,0.24989,0.743844,1.79785,4.90067,1.12479,6.06768,0.42336,36.966,0.42336,423.524,0,1.02816,0,0,1.772,0.743844,1.028160,1,0,50.9128,0,0,0,50.9128,0
71.0486,2.36144,0,0,2.21606,0.0883795,0.36288,3.6288,61.308,0.414682,0,0,0.780892,0.255856,0.110355,0.66528,12.849,1,0.423505,0.36288,0,46.616,5.28329,41.2721,0.84672,12.849,0.84672,3695.15,0,36.966,0.250035,0.724386,1.8294,4.95361,1.19144,6.06592,0.42336,36.966,0.42336,423.524,0,1.02816,0,0,1.75255,0.724386,1.028160,1,0,47.4484,0,0,0,47.4484,0
70.2844,2.35896,0,0,2.04566,0.0880434,0.36288,3.6288,61.308,0.414922,0,0,0.772753,0.255856,0.101976,0.66528,12.849,1,0.426613,0.36288,0,42.6235,5.28329,37.2765,0.84672,12.849,0.84672,3695.15,0,36.966,0.250179,0.687675,1.82981,4.54481,1.19144,5.62068,0.42336,36.966,0.42336,423.524,0,1.02816,0,0,1.71583,0.687675,1.028160,1,0,42.9992,0,0,0,42.9992,0
69.3904,2.35557,0,0,1.91201,0.0874625,0.36288,3.6288,61.308,0.415162,0,0,0.77741,0.255856,0.106393,0.66528,12.849,1,0.430633,0.36288,0,39.6287,5.28329,34.2777,0.84672,12.849,0.84672,3695.15,0,36.966,0.250324,0.764268,1.83023,4.39316,1.19144,5.5459,0.42336,36.966,0.42336,423.524,0,1.02816,0,0,1.79243,0.764268,1.028160,1,0,39.93,0,0,0,39.93,0
68.4321,2.4063,0,0,1.8998,0.0889595,0.36288,3.6288,61.308,0.441226,0,0,0.807132,0.303826,0.0620796,0.66528,12.849,1,0.445574,0.36288,0,35.9792,5.61808,30.2784,0.84672,12.849,0.84672,3695.15,0,36.966,0.26604,0.513164,1.83065,3.82562,1.41707,4.48632,0.42336,36.966,0.42336,423.524,0,1.02816,0,0,1.54132,0.513164,1.028160,1,0,34.8268,0,0,0,34.8268,0
67.4505,2.4016,0,0,1.87197,0.0891316,0.36288,3.6288,61.2773,0.441472,0,0,0.733743,0.323014,0,0.66528,12.849,1,0.450931,0.36288,0,45.6585,5.75201,39.8185,0.84672,12.849,0.84672,3695.15,0,36.966,0.266188,0.553867,1.87523,3.98093,1.50732,4.63652,0.42336,36.966,0.42336,423.524,0,1.02816,0,0,1.58203,0.553867,1.028160,1,0,44.455,0,0,0,44.455,0
66.3553,2.39663,0,0,1.75285,0.0884477,0.36288,3.6288,61.195,0.441635,0,0,0.682335,0.322951,0,0.66528,12.849,1,0.456547,0.36288,0,36.6591,5.75201,30.8134,0.84672,12.849,0.84672,3695.15,0,36.966,0.26642,0.524543,1.87566,3.5885,1.50732,4.21497,0.42336,36.966,0.42336,423.524,0,1.02816,0,0,1.5527,0.524543,1.028160,1,0,35.0284,0,0,0,35.0284,0
65.1098,2.39086,0,0,1.59591,0.0876847,0.36288,3.6288,61.0784,0.441658,0,0,0.64781,0.322783,0,0.66528,12.849,1,0.462964,0.36288,0,33.41,5.75201,27.5579,0.84672,12.849,0.84672,3695.15,0,36.966,0.266792,0.285612,1.87608,3.34726,1.50732,3.73484,0.42336,36.966,0.42336,423.524,0,1.02816,0,0,1.31377,0.285612,1.028160,1,0,31.2928,0,0,0,31.2928,0
63.9587,2.54322,0,0,1.84026,0.0852509,0.36288,3.6288,61.0363,0.53475,0,0,0.809914,0.317196,0,0.66528,12.849,1,0.501888,0.36288,0,33.411,5.87285,27.3991,0.84672,12.849,0.84672,3695.15,0,36.966,0.323643,0.770144,1.87651,5.07541,1.52595,5.87247,0.42336,36.966,0.42336,423.524,0,1.02816,0,0,1.7983,0.770144,1.028160,1,0,33.2716,0,0,0,33.2716,0
62.6518,2.53628,0,0,1.68125,0.0890032,0.36288,3.6288,60.9271,0.534878,0,0,0.744708,0.31908,0,0.66528,12.849,1,0.509526,0.36288,0,30.3408,6.05819,24.136,0.84672,12.849,0.84672,3695.15,0,36.966,0.323943,0.508326,2.0282,3.79776,1.53414,4.47621,0.42336,36.966,0.42336,423.524,0,1.02816,0,0,1.53649,0.508326,1.028160,1,0,28.6122,0,0,0,28.6122,0
61.4631,2.52803,0,0,1.79027,0.0880611,0.36288,3.6288,60.9895,0.534784,0,0,0.916013,0.31886,0,0.66528,12.849,1,0.518464,0.36288,0,38.6097,6.05819,32.396,0.84672,12.849,0.84672,3695.15,0,36.966,0.324467,0.865581,2.02867,4.24193,1.53414,5.27757,0.42336,36.966,0.42336,423.524,0,1.02816,0,0,1.89374,0.865581,1.028160,1,0,37.6735,0,0,0,37.6735,0
59.9656,2.52031,0,0,1.47286,0.0872041,0.36288,3.6288,60.8023,0.535257,0,0,0.66712,0.318986,0,0.66528,12.849,1,0.526877,0.36288,0,35.3725,6.05819,29.1503,0.84672,12.849,0.84672,3695.15,0,36.966,0.324422,0.266095,2.02913,3.47433,1.53414,3.911,0.42336,36.966,0.42336,423.524,0,1.02816,0,0,1.29425,0.266095,1.028160,1,0,33.0613,0,0,0,33.0613,0
58.842,2.51005,0,0,1.83544,0.0860892,0.36288,3.6288,61.1045,0.534903,0,0,1.15563,0.318608,0,0.66528,12.849,1,0.537835,0.36288,0,34.4797,6.05819,28.2466,0.84672,12.849,0.84672,3695.15,0,36.966,0.325205,1.52953,2.02959,5.41877,1.53414,7.11855,0.42336,36.966,0.42336,423.524,0,1.02816,0,0,2.55769,1.52953,1.028160,1,0,35.3651,0,0,0,35.3651,0
58.2385,2.42584,0,0,2.32733,0.142152,0.36288,3.6288,61.223,0.479552,0,0,0.88954,0.291445,0,0.66528,12.849,1,0.529717,0.36288,0,43.1867,4.93941,38.0804,0.84672,12.849,0.84672,3695.15,0,36.966,0.290112,0.709197,2.03005,4.42065,1.35883,5.51095,0.42336,36.966,0.42336,423.524,0,1.02816,0,0,1.73736,0.709197,1.028160,1,0,43.5914,0,0,0,43.5914,0
57.4869,2.42189,0,0,2.17457,0.141323,0.36288,3.6288,61.308,0.480157,0,0,1.32992,0.291664,0.473104,0.66528,12.849,1,0.534336,0.36288,0,37.024,4.93941,31.9132,0.84672,12.849,0.84672,3695.15,0,36.966,0.289915,1.86077,1.94287,5.09955,1.35883,7.25444,0.42336,36.966,0.42336,423.524,0,1.02816,0,0,2.88893,1.86077,1.028160,1,0,39.6407,0,0,0,39.6407,0
56.4858,2.41673,0,0,1.91875,0.14029,0.36288,3.6288,61.3073,0.480663,0,0,0.771828,0.291821,0,0.66528,12.849,1,0.540168,0.36288,0,37.9237,4.93941,32.807,0.84672,12.849,0.84672,3695.15,0,36.966,0.289818,0.785575,1.94331,3.91699,1.35883,4.99722,0.42336,36.966,0.42336,423.524,0,1.02816,0,0,1.81373,0.785575,1.028160,1,0,37.8042,0,0,0,37.8042,0
55.1601,2.40948,0,0,1.58556,0.138913,0.36288,3.6288,61.2146,0.480916,0,0,0.679968,0.29182,0,0.66528,12.849,1,0.548092,0.36288,0,35.0149,4.93941,29.8903,0.84672,12.849,0.84672,3695.15,0,36.966,0.289974,0.584582,1.94375,3.62745,1.35883,4.50698,0.42336,36.966,0.42336,423.524,0,1.02816,0,0,1.61274,0.584582,1.028160,1,0,34.3973,0,0,0,34.3973,0
54.0486,2.33736,0,0,1.78478,0.196007,0.36288,3.6288,61.1115,0.462627,0,0,0.601775,0.242275,0,0.66528,12.849,1,0.544466,0.36288,0,28.8413,4.33524,24.3244,0.84672,12.849,0.84672,3695.15,0,36.966,0.279369,0.216518,1.9442,4.25979,1.15673,4.9844,0.42336,36.966,0.42336,423.524,0,0.97467,0,0,1.19119,0.216518,1.028160,1,0,29.3088,0,0,0,29.3088,0
52.3431,2.32884,0,0,1.19438,0.208156,0.36288,3.6288,60.3439,0.904188,0,0,0.368232,0.23161,0,0.66528,12.849,1,0.553637,0.36288,0,17.3624,4.24546,12.9262,0.84672,12.849,0.84672,3695.15,0,36.966,0.42336,0.216518,1.86635,3.77304,1.11873,4.31381,0.42336,36.966,0.42336,423.524,0,0.389508,0,0,0.606026,0.216518,1.028160,1,0,17.24,0,0,0,17.24,0
51.0364,2.31489,0,0,1.57565,0.204556,0.36288,3.6288,60.5239,0.427441,0,0,0.837926,0.230485,0,0.66528,12.849,1,0.56825,0.36288,0,23.2297,4.24546,18.7788,0.84672,12.849,0.84672,3695.15,0,36.966,0.261845,0.517063,1.86677,6.70655,1.11873,7.70981,0.42336,36.966,0.42336,423.524,0,1.02816,0,0,1.54522,0.517063,1.028160,1,0,26.4887,0,0,0,26.4887,0
52.4319,2.30379,0,0,4.2639,0.201798,0.36288,3.6288,61.308,0.428166,0,0,1.94762,0.230749,0.504589,0.66528,12.849,1,0.580005,0.36288,0,69.3824,4.24546,64.9198,0.84672,12.849,0.84672,3695.15,0,36.966,0.26151,1.76356,1.8672,11.6889,1.11873,13.9394,0.42336,36.966,0.42336,423.524,0,1.02816,0,0,2.79172,1.76356,1.028160,1,0,79.3638,0,0,0,79.3638,0
51.7714,2.14224,0,0,2.10844,0.263796,0.36288,3.6288,61.308,0.543336,0,0,0.825241,0.185702,0.0962025,0.66528,12.849,1,0.524979,0.36288,0,33.8434,3.77116,29.9101,0.84672,12.849,0.84672,3695.15,0,36.966,0.327608,0.292723,1.86762,5.29519,0.928672,6.19925,0.42336,36.966,0.42336,423.524,0,0.674692,0,0,0.967416,0.292723,1.028160,1,0,36.2056,0,0,0,36.2056,0
50.9341,2.13736,0,0,1.93854,0.275616,0.36288,3.6288,61.308,0.323046,0,0,1.00024,0.179849,0.497341,0.66528,12.849,1,0.530465,0.36288,0,32.1358,4.10896,27.8592,0.84672,12.849,0.84672,3695.15,0,36.966,0.194782,0.508257,1.694,4.92518,0.885095,6.04755,0.42336,36.966,0.42336,423.524,0,1.02816,0,0,1.53642,0.508257,1.028160,1,0,34.4041,0,0,0,34.4041,0
52.0172,2.13088,0,0,3.85062,0.273768,0.36288,3.6288,61.308,0.323265,0,0,1.66618,0.187883,1.15503,0.66528,12.849,1,0.537551,0.36288,0,65.2724,4.2294,60.8684,0.84672,12.849,0.84672,3695.15,0,36.966,0.194914,1.46318,1.69438,7.5627,0.932596,9.59276,0.42336,36.966,0.42336,423.524,0,1.02816,0,0,2.49134,1.46318,1.028160,1,0,71.6162,0,0,0,71.6162,0
52.6128,2.14034,0,0,3.37544,0.276579,0.36288,3.6288,61.308,0.323484,0,0,1.29289,0.245601,0.723805,0.66528,12.849,1,0.528695,0.36288,0,56.7585,4.94607,51.6466,0.84672,12.849,0.84672,3695.15,0,36.966,0.195046,0.614503,1.69476,7.42185,1.19538,8.3407,0.42336,36.966,0.42336,423.524,0,1.02816,0,0,1.64266,0.614503,1.028160,1,0,60.7111,0,0,0,60.7111,0
54.8002,2.14564,0,0,4.94927,0.253388,0.36288,3.6288,61.308,0.323703,0,0,2.48075,0.209296,1.94775,0.66528,12.849,1,0.524003,0.36288,0,81.4666,3.83765,77.4678,0.84672,12.849,0.84672,3695.15,0,36.966,0.195179,2.20442,1.69515,11.3221,0.825321,14.2012,0.42336,36.966,0.42336,423.524,0,1.02816,0,0,3.23258,2.20442,1.028160,1,0,93.6167,0,0,0,93.6167,0
61.4448,2.23082,0,0,9.50805,0.269751,0.36288,3.6288,61.308,0.355131,0,0,4.1032,0.190907,3.55716,0.66528,12.849,1,0.523061,0.36288,0,106.224,4.0402,102.024,0.84672,12.849,0.84672,3695.15,0,36.966,0.214128,4.08531,1.69554,18.0918,0.968325,22.6902,0.42336,36.966,0.42336,423.524,0,1.02816,0,0,5.11347,4.08531,1.028160,1,0,128.271,0,0,0,128.271,0
65.69,2.2781,0,0,7.17622,0.290015,0.36288,3.6288,61.308,0.355348,0,0,3.09572,0.218856,2.52152,0.66528,12.849,1,0.476384,0.36288,0,120.259,4.69633,115.449,0.84672,12.849,0.84672,3695.15,0,36.966,0.214259,3.2317,1.75024,15.4449,1.2053,19.0073,0.42336,36.966,0.42336,423.524,0,1.02816,0,0,4.25986,3.2317,1.028160,1,0,136.978,0,0,0,136.978,0
72.29,2.30435,0,0,11.6931,0.300195,2.48857,3.6288,61.308,0.355565,0,0,8.77356,0.218856,8.19914,0.66528,12.849,1,0.450733,2.48857,0,207.744,4.69633,205.085,0.84672,12.849,0.84672,3695.15,0,36.966,0.21439,6.77366,1.75062,26.0899,1.2053,33.1945,0.42336,36.966,0.42336,423.524,0,1.02816,0,0,7.80182,6.77366,1.028160,1,0,246.479,0,0,0,246.479,0
72.29,2.3398,0,0,9.11909,0.316021,6.46326,3.6288,61.308,0.355782,0,0,7.71736,0.218856,7.14272,0.66528,12.849,1,0.415882,6.46326,0,277.131,4.69633,278.483,0.84672,12.849,0.84672,3695.15,0,36.966,0.214521,6.01604,1.75101,23.9361,1.2053,30.2833,0.42336,36.966,0.42336,423.524,0,1.02816,0,0,7.0442,6.01604,1.028160,1,0,315.909,0,0,0,315.909,0
72.29,2.56858,0,0,7.70964,0.320781,4.82028,3.6288,61.308,0.473274,0,0,5.49006,0.215461,4.80133,0.66528,12.849,1,0.456546,4.82028,0,166.781,4.41482,166.73,0.84672,12.849,0.84672,3695.15,0,36.966,0.285363,4.27638,1.75139,23.1534,1.1705,27.7253,0.42336,36.966,0.42336,423.524,0,1.02816,0,0,5.30454,4.27638,1.028160,1,0,199.257,0,0,0,199.257,0
72.29,2.56914,0,0,7.53408,0.327128,4.63781,3.6288,61.308,0.473517,0,0,5.78877,0.210935,5.10431,0.66528,12.849,1,0.456645,4.63781,0,173.511,4.03945,173.653,0.84672,12.849,0.84672,3695.15,0,36.966,0.28551,3.71906,1.94739,19.0414,1.12411,23.2983,0.42336,36.966,0.42336,423.524,0,1.02816,0,0,4.74722,3.71906,1.028160,1,0,202.055,0,0,0,202.055,0
72.29,2.5697,0,0,6.22636,0.327128,3.32953,3.6288,61.308,0.47376,0,0,5.95779,0.210935,5.2731,0.66528,12.849,1,0.456745,3.32953,0,124.689,4.03945,123.522,0.84672,12.849,0.84672,3695.15,0,36.966,0.285656,3.0439,1.94781,15.4443,1.12411,19.0262,0.42336,36.966,0.42336,423.524,0,1.02816,0,0,4.07206,3.0439,1.028160,1,0,147.822,0,0,0,147.822,0
72.29,2.57026,0,0,7.10957,0.327128,4.21218,3.6288,61.308,0.474003,0,0,7.20036,0.210935,6.51542,0.66528,12.849,1,0.456844,4.21218,0,181.129,4.03945,180.845,0.84672,12.849,0.84672,3695.15,0,36.966,0.285803,4.66881,1.94824,22.8,1.12411,28.0071,0.42336,36.966,0.42336,423.524,0,1.02816,0,0,5.69697,4.66881,1.028160,1,0,215.367,0,0,0,215.367,0
72.29,2.24495,0,0,6.06298,0.339391,3.47864,3.6288,61.308,0.316725,0,0,5.49827,0.189948,4.9916,0.66528,12.849,1,0.399023,3.47864,0,129.311,3.67159,128.719,0.84672,12.849,0.84672,3695.15,0,36.966,0.190971,3.57017,1.94866,18.1562,0.996163,22.4879,0.42336,36.966,0.42336,423.524,0,1.02816,0,0,4.59833,3.57017,1.028160,1,0,156.199,0,0,0,156.199,0
72.29,2.24544,0,0,6.76185,0.352216,4.16419,3.6288,61.308,0.316933,0,0,4.63942,0.182393,4.14009,0.66528,12.849,1,0.39911,4.16419,0,118.022,3.53399,118.253,0.84672,12.849,0.84672,3695.15,0,36.966,0.191097,4.27661,1.68208,18.1626,0.926747,23.0034,0.42336,36.966,0.42336,423.524,0,1.02816,0,0,5.30477,4.27661,1.028160,1,0,145.397,0,0,0,145.397,0
72.29,2.24593,0,0,4.74174,0.352216,2.14359,3.6288,61.308,0.317142,0,0,3.66556,0.182393,3.16603,0.66528,12.849,1,0.399197,2.14359,0,119.317,3.53399,117.527,0.84672,12.849,0.84672,3695.15,0,36.966,0.191223,3.18236,1.68245,15.3833,0.926747,19.1301,0.42336,36.966,0.42336,423.524,0,1.02816,0,0,4.21052,3.18236,1.028160,1,0,139.823,0,0,0,139.823,0
72.29,2.24642,0,0,4.25371,0.306903,1.70039,3.6288,61.308,0.317351,0,0,2.43623,0.158328,1.96055,0.66528,12.849,1,0.399284,1.70039,0,100.187,3.18521,98.3028,0.84672,12.849,0.84672,3695.15,0,36.966,0.191349,2.21017,1.68282,13.5813,0.876645,16.4063,0.42336,36.966,0.42336,423.524,0,1.02816,0,0,3.23833,2.21017,1.028160,1,0,116.67,0,0,0,116.67,0
72.29,2.24691,0,0,4.49144,0.272918,1.97162,3.6288,61.308,0.31756,0,0,3.21145,0.140279,2.75361,0.66528,12.849,1,0.399371,1.97162,0,105.433,2.92362,104.082,0.84672,12.849,0.84672,3695.15,0,36.966,0.191474,3.20964,1.68318,14.2535,0.839069,18.1158,0.42336,36.966,0.42336,423.524,0,1.02816,0,0,4.2378,3.20964,1.028160,1,0,124.951,0,0,0,124.951,0
72.29,2.32951,0,0,6.37076,0.281284,3.75996,3.6288,61.308,0.356346,0,0,2.22714,0.172993,1.6978,0.66528,12.849,1,0.414054,3.75996,0,132.538,3.75018,132.133,0.84672,12.849,0.84672,3695.15,0,36.966,0.214861,2.12893,1.68355,19.2084,0.973752,21.8322,0.42336,36.966,0.42336,423.524,0,1.02816,0,0,3.15709,2.12893,1.028160,1,0,155.663,0,0,0,155.663,0
72.29,2.33002,0,0,6.43245,0.281284,3.82115,3.6288,61.308,0.356564,0,0,3.18497,0.172993,2.65542,0.66528,12.849,1,0.414144,3.82115,0,153.604,3.75018,153.26,0.84672,12.849,0.84672,3695.15,0,36.966,0.214992,3.02906,1.74982,22.8304,0.973752,26.4206,0.42336,36.966,0.42336,423.524,0,1.02816,0,0,4.05722,3.02906,1.028160,1,0,182.336,0,0,0,182.336,0
72.29,2.33053,0,0,5.58973,0.281284,2.97792,3.6288,61.308,0.356781,0,0,2.58885,0.172993,2.05907,0.66528,12.849,1,0.414234,2.97792,0,127.126,3.75018,125.94,0.84672,12.849,0.84672,3695.15,0,36.966,0.215123,2.1628,1.7502,18.0242,0.973752,20.7483,0.42336,36.966,0.42336,423.524,0,1.02816,0,0,3.19096,2.1628,1.028160,1,0,148.747,0,0,0,148.747,0
72.29,2.33104,0,0,4.49279,0.251106,1.91065,3.6288,61.308,0.356999,0,0,1.86927,0.169663,1.34261,0.66528,12.849,1,0.414324,1.91065,0,101.937,3.94788,99.4858,0.84672,12.849,0.84672,3695.15,0,36.966,0.215254,1.46552,1.75058,12.0845,0.986607,14.0987,0.42336,36.966,0.42336,423.524,0,1.02816,0,0,2.49368,1.46552,1.028160,1,0,114.927,0,0,0,114.927,0
72.29,2.29941,0,0,4.58387,0.184811,2.09964,3.6288,61.308,0.34222,0,0,1.83934,0.203571,1.29355,0.66528,12.849,1,0.408703,2.09964,0,88.9427,4.39113,86.2426,0.84672,12.849,0.84672,3695.15,0,36.966,0.206343,1.75461,1.75096,13.0598,1.07576,15.2833,0.42336,36.966,0.42336,423.524,0,1.02816,0,0,2.78277,1.75461,1.028160,1,0,102.819,0,0,0,102.819,0
72.29,2.29991,0,0,4.15675,0.167347,1.68949,3.6288,61.308,0.342434,0,0,1.82717,0.218133,1.2666,0.66528,12.849,1,0.408792,1.68949,0,74.5476,4.50912,71.3192,0.84672,12.849,0.84672,3695.15,0,36.966,0.206473,1.82048,1.72568,11.7179,1.10756,13.95,0.42336,36.966,0.42336,423.524,0,1.02816,0,0,2.84864,1.82048,1.028160,1,0,86.5359,0,0,0,86.5359,0
72.29,2.30041,0,0,3.68555,0.167347,1.21779,3.6288,61.308,0.342648,0,0,1.65966,0.218133,1.09888,0.66528,12.849,1,0.408881,1.21779,0,64.5917,4.50912,60.8915,0.84672,12.849,0.84672,3695.15,0,36.966,0.206602,1.45923,1.72605,10.1331,1.10756,12.0042,0.42336,36.966,0.42336,423.524,0,1.02816,0,0,2.48739,1.45923,1.028160,1,0,73.9945,0,0,0,73.9945,0
72.29,2.30091,0,0,3.33947,0.163026,0.875533,3.6288,61.308,0.342863,0,0,1.48805,0.212444,0.932743,0.66528,12.849,1,0.40897,0.875533,0,56.9095,4.39116,52.9849,0.84672,12.849,0.84672,3695.15,0,36.966,0.206731,1.23332,1.72643,9.26847,1.07765,10.9438,0.42336,36.966,0.42336,423.524,0,1.02816,0,0,2.26148,1.23332,1.028160,1,0,64.8615,0,0,0,64.8615,0
72.29,2.41059,0,0,3.13257,0.141766,0.580219,3.6288,61.308,0.396304,0,0,1.37877,0.19553,0.786937,0.66528,12.849,1,0.428463,0.580219,0,53.9469,4.02462,50.0741,0.84672,12.849,0.84672,3695.15,0,36.966,0.238954,1.13069,1.7268,8.56518,0.95833,10.2254,0.42336,36.966,0.42336,423.524,0,1.02816,0,0,2.15885,1.13069,1.028160,1,0,61.0864,0,0,0,61.0864,0
72.29,2.41111,0,0,3.42182,0.152961,0.857748,3.6288,61.308,0.39653,0,0,1.44754,0.231594,0.819413,0.66528,12.849,1,0.428557,0.857748,0,52.964,4.67163,48.7215,0.84672,12.849,0.84672,3695.15,0,36.966,0.23909,1.06347,1.81719,8.57831,1.118,10.1019,0.42336,36.966,0.42336,423.524,0,1.02816,0,0,2.09163,1.06347,1.028160,1,0,59.6428,0,0,0,59.6428,0
72.29,2.41164,0,0,2.99856,0.106126,0.480801,3.6288,61.308,0.396756,0,0,1.1521,0.224848,0.530497,0.66528,12.849,1,0.42865,0.480801,0,45.8474,4.48161,41.4179,0.84672,12.849,0.84672,3695.15,0,36.966,0.239226,1.02762,1.81759,7.83804,1.08078,9.36324,0.42336,36.966,0.42336,423.524,0,1.02816,0,0,2.05578,1.02762,1.028160,1,0,51.3117,0,0,0,51.3117,0
72.286,2.41216,0,0,2.86953,0.0985153,0.36288,3.6288,61.308,0.396982,0,0,1.21138,0.226633,0.587765,0.66528,12.849,1,0.428743,0.36288,0,43.0768,4.53579,38.4751,0.84672,12.849,0.84672,3695.15,0,36.966,0.239363,1.01609,1.81799,8.16558,1.07075,9.68954,0.42336,36.966,0.42336,423.524,0,1.02816,0,0,2.04425,1.01609,1.028160,1,0,48.7524,0,0,0,48.7524,0
72.1532,2.41267,0,0,2.74133,0.0985123,0.36288,3.6288,61.308,0.397208,0,0,1.21649,0.226633,0.592653,0.66528,12.849,1,0.428857,0.36288,0,40.4732,4.53579,35.8714,0.84672,12.849,0.84672,3695.15,0,36.966,0.239499,0.926035,1.81838,7.85169,1.07075,9.28586,0.42336,36.966,0.42336,423.524,0,1.02816,0,0,1.9542,0.926035,1.028160,1,0,45.75,0,0,0,45.75,0
71.6061,2.39091,0,0,2.29498,0.0883093,0.36288,3.6288,61.308,0.426721,0,0,1.37747,0.289298,0.661448,0.66528,12.849,1,0.425772,0.36288,0,46.3253,5.58789,40.6746,0.84672,12.849,0.84672,3695.15,0,36.966,0.257294,1.40463,1.81878,6.26744,1.30623,7.92732,0.42336,36.966,0.42336,423.524,0,1.02816,0,0,2.43279,1.40463,1.028160,1,0,49.2633,0,0,0,49.2633,0
70.8939,2.38868,0,0,2.12728,0.0879423,0.36288,3.6288,61.308,0.426953,0,0,1.30005,0.289298,0.583801,0.66528,12.849,1,0.428624,0.36288,0,42.0642,5.58789,36.4106,0.84672,12.849,0.84672,3695.15,0,36.966,0.257434,1.22442,1.85067,6.18931,1.30623,7.70073,0.42336,36.966,0.42336,423.524,0,1.02816,0,0,2.25258,1.22442,1.028160,1,0,44.6951,0,0,0,44.6951,0
70.1257,2.38555,0,0,2.06772,0.0874646,0.36288,3.6288,61.308,0.427186,0,0,1.22878,0.289298,0.512297,0.66528,12.849,1,0.432364,0.36288,0,37.8108,5.58789,32.1534,0.84672,12.849,0.84672,3695.15,0,36.966,0.257574,1.01939,1.85108,6.1,1.30623,7.40666,0.42336,36.966,0.42336,423.524,0,1.02816,0,0,2.04755,1.01939,1.028160,1,0,40.0724,0,0,0,40.0724,0
69.29,2.38207,0,0,1.97573,0.0665221,0.36288,3.6288,61.308,0.427418,0,0,1.17692,0.307068,0.442437,0.66528,12.849,1,0.436461,0.36288,0,34.7904,5.73975,28.9771,0.84672,12.849,0.84672,3695.15,0,36.966,0.257714,0.882256,1.85148,5.95805,1.39619,7.03788,0.42336,36.966,0.42336,423.524,0,1.02816,0,0,1.91042,0.882256,1.028160,1,0,36.4574,0,0,0,36.4574,0
68.499,2.43364,0,0,2.07064,0.0651496,0.36288,3.6288,61.308,0.453774,0,0,1.52272,0.321105,0.747843,0.66528,12.849,1,0.45129,0.36288,0,42.7791,5.77996,36.9108,0.84672,12.849,0.84672,3695.15,0,36.966,0.273606,0.990334,1.85188,5.37646,1.47471,6.47036,0.42336,36.966,0.42336,423.524,0,1.02816,0,0,2.01849,0.990334,1.028160,1,0,44.129,0,0,0,44.129,0
67.2436,2.42978,0,0,1.61272,0.0753922,0.36288,3.6288,61.308,0.454013,0,0,1.00504,0.321638,0.229389,0.66528,12.849,1,0.455778,0.36288,0,33.0889,5.7247,27.2713,0.84672,12.849,0.84672,3695.15,0,36.966,0.27375,0.568261,1.89697,4.07648,1.483,4.78496,0.42336,36.966,0.42336,423.524,0,1.02816,0,0,1.59642,0.568261,1.028160,1,0,32.2856,0,0,0,32.2856,0
65.892,2.42317,0,0,1.50912,0.0746528,0.36288,3.6288,61.308,0.454251,0,0,0.930321,0.321638,0.154432,0.66528,12.849,1,0.463022,0.36288,0,29.871,5.7247,24.0461,0.84672,12.849,0.84672,3695.15,0,36.966,0.273893,0.499746,1.89738,3.63823,1.483,4.27846,0.42336,36.966,0.42336,423.524,0,1.02816,0,0,1.52791,0.499746,1.028160,1,0,28.479,0,0,0,28.479,0
64.425,2.41575,0,0,1.38546,0.0738567,0.36288,3.6288,61.308,0.45449,0,0,0.920091,0.321638,0.143963,0.66528,12.849,1,0.471073,0.36288,0,27.3056,5.7247,21.4727,0.84672,12.849,0.84672,3695.15,0,36.966,0.274037,0.374268,1.89779,3.55831,1.483,4.07333,0.42336,36.966,0.42336,423.524,0,1.02816,0,0,1.40243,0.374268,1.028160,1,0,25.69,0,0,0,25.69,0
63.2223,2.35309,0,0,1.57679,0.0635479,0.36288,3.6288,61.308,0.449425,0,0,1.09626,0.310679,0.336157,0.66528,12.849,1,0.469302,0.36288,0,27.3594,5.87944,21.3736,0.84672,12.849,0.84672,3695.15,0,36.966,0.270983,0.816748,1.89821,5.1477,1.52803,6.06364,0.42336,36.966,0.42336,423.524,0,1.02816,0,0,1.84491,0.816748,1.028160,1,0,27.7734,0,0,0,27.7734,0
61.3536,2.34618,0,0,0.929336,0.0889305,0.36288,3.6288,61.308,0.449662,0,0,0.87245,0.318992,0.103796,0.66528,12.849,1,0.476826,0.36288,0,19.3065,5.5839,13.6087,0.84672,12.849,0.84672,3695.15,0,36.966,0.271127,0.465152,1.87986,3.3734,1.46328,3.98401,0.42336,36.966,0.42336,423.524,0,1.02816,0,0,1.49331,0.465152,1.028160,1,0,17.6965,0,0,0,17.6965,0
59.4475,2.33468,0,0,0.87899,0.0875765,0.36288,3.6288,61.308,0.4499,0,0,0.802397,0.318992,0.0335049,0.66528,12.849,1,0.48894,0.36288,0,17.3508,5.5839,11.6408,0.84672,12.849,0.84672,3695.15,0,36.966,0.27127,0.371891,1.88027,3.33511,1.46328,3.85272,0.42336,36.966,0.42336,423.524,0,1.02816,0,0,1.40005,0.371891,1.028160,1,0,15.527,0,0,0,15.527,0
57.89,2.32229,0,0,1.21382,0.0861062,0.36288,3.6288,61.308,0.450138,0,0,0.888641,0.318992,0.119512,0.66528,12.849,1,0.501941,0.36288,0,18.6113,5.5839,12.8883,0.84672,12.849,0.84672,3695.15,0,36.966,0.271413,0.560693,1.88068,3.71791,1.46328,4.42459,0.42336,36.966,0.42336,423.524,0,1.02816,0,0,1.58885,0.560693,1.028160,1,0,17.4324,0,0,0,17.4324,0
56.8729,2.31174,0,0,1.76724,0.109756,0.36288,3.6288,61.308,0.450375,0,0,1.18289,0.311621,0.420889,0.66528,12.849,1,0.513104,0.36288,0,31.0567,5.44398,25.4624,0.84672,12.849,0.84672,3695.15,0,36.966,0.271556,0.759378,1.88109,4.13457,1.44092,5.06256,0.42336,36.966,0.42336,423.524,0,1.02816,0,0,1.78754,0.759378,1.028160,1,0,30.9459,0,0,0,30.9459,0
56.113,2.43861,0,0,2.14265,0.101055,0.36288,3.6288,61.308,0.493055,0,0,1.02607,0.306532,0.226483,0.66528,12.849,1,0.550943,0.36288,0,33.6201,5.22493,28.2071,0.84672,12.849,0.84672,3695.15,0,36.966,0.29729,1.11031,1.8815,4.54918,1.3018,5.94189,0.42336,36.966,0.42336,423.524,0,1.02816,0,0,2.13847,1.11031,1.028160,1,0,34.3754,0,0,0,34.3754,0
55.0737,2.43307,0,0,1.85707,0.100447,0.36288,3.6288,61.308,0.493302,0,0,1.4142,0.306796,0.614097,0.66528,12.849,1,0.557135,0.36288,0,28.7345,5.15519,23.385,0.84672,12.849,0.84672,3695.15,0,36.966,0.297439,2.61985,1.96522,5.29449,1.27974,8.30237,0.42336,36.966,0.42336,423.524,0,1.02816,0,0,3.64801,2.61985,1.028160,1,0,32.3015,0,0,0,32.3015,0
53.8246,2.42507,0,0,1.63826,0.0994105,0.36288,3.6288,61.3039,0.493549,0,0,0.796202,0.306796,0,0.66528,12.849,1,0.565784,0.36288,0,29.7644,5.15519,24.4063,0.84672,12.849,0.84672,3695.15,0,36.966,0.297588,1.18066,1.96565,3.9704,1.27974,5.53938,0.42336,36.966,0.42336,423.524,0,1.02816,0,0,2.20882,1.18066,1.028160,1,0,29.9457,0,0,0,29.9457,0
52.3387,2.415,0,0,1.39014,0.0981643,0.36288,3.6288,61.2291,0.493783,0,0,0.725786,0.306788,0,0.66528,12.849,1,0.576509,0.36288,0,27.503,5.15519,22.1342,0.84672,12.849,0.84672,3695.15,0,36.966,0.297749,0.979966,1.96608,3.77802,1.27974,5.14657,0.42336,36.966,0.42336,423.524,0,1.02816,0,0,2.00813,0.979966,1.028160,1,0,27.2808,0,0,0,27.2808,0
51.4606,2.34032,0,0,2.00248,0.177322,0.36288,3.6288,61.308,0.441586,0,0,0.941675,0.204156,0.217005,0.66528,12.849,1,0.574543,0.36288,0,34.145,3.89896,30.0344,0.84672,12.849,0.84672,3695.15,0,36.966,0.2666,1.12731,1.9665,3.97189,0.913993,5.88512,0.42336,36.966,0.42336,423.524,0,1.02816,0,0,2.15547,1.12731,1.028160,1,0,36.1365,0,0,0,36.1365,0
50.7525,2.33299,0,0,2.15565,0.167898,0.36288,3.6288,61.308,0.442036,0,0,0.695787,0.173668,0.0800827,0.66528,12.849,1,0.582514,0.36288,0,43.0978,3.67742,39.2007,0.84672,12.849,0.84672,3695.15,0,36.966,0.266528,0.535628,1.88775,4.51371,0.880612,5.78994,0.42336,36.966,0.42336,423.524,0,1.02816,0,0,1.56379,0.535628,1.028160,1,0,45.0708,0,0,0,45.0708,0
52.2318,2.32701,0,0,4.33586,0.16666,0.36288,3.6288,61.308,0.442272,0,0,1.76812,0.173668,1.15218,0.66528,12.849,1,0.589128,0.36288,0,70.8658,3.67742,66.9621,0.84672,12.849,0.84672,3695.15,0,36.966,0.26667,2.63523,1.88816,7.80118,0.880612,11.1773,0.42336,36.966,0.42336,423.524,0,1.02816,0,0,3.66339,2.63523,1.028160,1,0,79.2916,0,0,0,79.2916,0
52.0168,2.34091,0,0,2.65799,0.169246,0.36288,3.6288,61.308,0.442508,0,0,1.46877,0.173668,0.85259,0.66528,12.849,1,0.575862,0.36288,0,42.2927,3.67742,38.4023,0.84672,12.849,0.84672,3695.15,0,36.966,0.266813,2.32442,1.88857,7.83773,0.880612,10.9033,0.42336,36.966,0.42336,423.524,0,1.02816,0,0,3.35258,2.32442,1.028160,1,0,50.1582,0,0,0,50.1582,0
53.2744,2.16332,0,0,4.01217,0.228369,0.36288,3.6288,61.308,0.333844,0,0,1.12437,0.193902,0.59662,0.66528,12.849,1,0.534375,0.36288,0,80.8911,3.93694,76.7827,0.84672,12.849,0.84672,3695.15,0,36.966,0.201293,1.42843,1.88898,8.88661,0.959802,11.0429,0.42336,36.966,0.42336,423.524,0,1.02816,0,0,2.45659,1.42843,1.028160,1,0,88.4222,0,0,0,88.4222,0
52.2689,2.17395,0,0,1.7725,0.24114,0.36288,3.6288,61.308,0.334056,0,0,0.637508,0.223417,0.0800351,0.66528,12.849,1,0.524325,0.36288,0,32.2669,3.73885,28.3666,0.84672,12.849,0.84672,3695.15,0,36.966,0.201421,1.2388,1.71335,4.40815,0.91827,6.24061,0.42336,36.966,0.42336,423.524,0,1.02816,0,0,2.26696,1.2388,1.028160,1,0,34.6872,0,0,0,34.6872,0
51.8235,2.16633,0,0,2.31067,0.226882,0.36288,3.6288,61.308,0.334268,0,0,0.682538,0.207448,0.140821,0.66528,12.849,1,0.532537,0.36288,0,43.3175,3.96238,39.1855,0.84672,12.849,0.84672,3695.15,0,36.966,0.201549,1.87154,1.71372,5.71209,0.996683,8.09911,0.42336,36.966,0.42336,423.524,0,1.02816,0,0,2.8997,1.87154,1.028160,1,0,47.4254,0,0,0,47.4254,0
51.6371,2.16313,0,0,2.56542,0.225838,0.36288,3.6288,61.308,0.334481,0,0,0.560278,0.207448,0.0183494,0.66528,12.849,1,0.536322,0.36288,0,48.5003,3.96238,44.3645,0.84672,12.849,0.84672,3695.15,0,36.966,0.201677,0.742392,1.7141,4.36893,0.996683,5.62706,0.42336,36.966,0.42336,423.524,0,1.02816,0,0,1.77055,0.742392,1.028160,1,0,50.0099,0,0,0,50.0099,0
52.382,2.16205,0,0,3.49526,0.225401,0.36288,3.6288,61.308,0.334693,0,0,1.393,0.207448,0.85086,0.66528,12.849,1,0.537989,0.36288,0,66.3845,3.96238,62.247,0.84672,12.849,0.84672,3695.15,0,36.966,0.201805,1.04623,1.71447,5.03283,0.996683,6.59504,0.42336,36.966,0.42336,423.524,0,1.02816,0,0,2.07439,1.04623,1.028160,1,0,69.6929,0,0,0,69.6929,0
53.7029,2.23659,0,0,4.14438,0.223987,0.36288,3.6288,61.308,0.366469,0,0,2.03689,0.207746,1.46267,0.66528,12.849,1,0.548623,0.36288,0,94.1662,3.67176,90.3087,0.84672,12.849,0.84672,3695.15,0,36.966,0.220964,2.56369,1.71484,8.5193,1.03942,11.5374,0.42336,36.966,0.42336,423.524,0,1.02816,0,0,3.59185,2.56369,1.028160,1,0,103.309,0,0,0,103.309,0
56.2358,2.24795,0,0,5.36945,0.225758,0.36288,3.6288,61.308,0.366679,0,0,1.52294,0.207866,0.948394,0.66528,12.849,1,0.537846,0.36288,0,52.7463,3.55551,49.0158,0.84672,12.849,0.84672,3695.15,0,36.966,0.221091,2.16423,1.77016,7.21112,1.05651,9.8679,0.42336,36.966,0.42336,423.524,0,1.02816,0,0,3.19239,2.16423,1.028160,1,0,59.8321,0,0,0,59.8321,0
60.7275,2.26814,0,0,7.37263,0.249886,0.36288,3.6288,61.308,0.366889,0,0,1.6153,0.234084,1.01433,0.66528,12.849,1,0.518235,0.36288,0,161.666,3.74681,157.764,0.84672,12.849,0.84672,3695.15,0,36.966,0.221218,2.41815,1.77053,10.7565,1.12328,13.6007,0.42336,36.966,0.42336,423.524,0,1.02816,0,0,3.44631,2.41815,1.028160,1,0,172.379,0,0,0,172.379,0
68.0935,2.30026,0,0,10.3137,0.284472,0.36288,3.6288,61.308,0.367099,0,0,4.19406,0.219751,3.60721,0.66528,12.849,1,0.486699,0.36288,0,215.326,3.90484,211.297,0.84672,12.849,0.84672,3695.15,0,36.966,0.221344,6.30695,1.77089,17.3292,1.10371,24.082,0.42336,36.966,0.42336,423.524,0,1.02816,0,0,7.33511,6.30695,1.028160,1,0,238.987,0,0,0,238.987,0
72.29,2.57377,0,0,11.0261,0.280446,3.97546,3.6288,61.308,0.485914,0,0,4.71551,0.223333,4.00627,0.66528,12.849,1,0.485661,3.97546,0,194.997,3.90254,194.584,0.84672,12.849,0.84672,3695.15,0,36.966,0.292985,9.56226,1.77126,19.0444,1.09149,28.9934,0.42336,36.966,0.42336,423.524,0,1.02816,0,0,10.5904,9.56226,1.028160,1,0,227.584,0,0,0,227.584,0
72.29,2.59825,0,0,5.95803,0.234272,3.12551,3.6288,61.308,0.486149,0,0,3.315,0.232289,2.59656,0.66528,12.849,1,0.461819,3.12551,0,134.334,3.89676,133.101,0.84672,12.849,0.84672,3695.15,0,36.966,0.293126,4.57884,1.96947,12.7774,1.06094,17.9717,0.42336,36.966,0.42336,423.524,0,1.02816,0,0,5.607,4.57884,1.028160,1,0,153.669,0,0,0,153.669,0
72.29,2.59879,0,0,5.771,0.234272,2.93794,3.6288,61.308,0.486384,0,0,2.79735,0.232289,2.07867,0.66528,12.849,1,0.461915,2.93794,0,138.833,3.89676,137.412,0.84672,12.849,0.84672,3695.15,0,36.966,0.293268,3.99024,1.96988,11.224,1.06094,15.8299,0.42336,36.966,0.42336,423.524,0,1.02816,0,0,5.0184,3.99024,1.028160,1,0,155.321,0,0,0,155.321,0
72.29,2.59933,0,0,6.30924,0.25143,3.45848,3.6288,61.308,0.486619,0,0,2.75933,0.188598,2.08411,0.66528,12.849,1,0.462012,3.45848,0,134.655,3.47889,134.173,0.84672,12.849,0.84672,3695.15,0,36.966,0.29341,3.87257,1.97029,10.9636,0.881369,15.6317,0.42336,36.966,0.42336,423.524,0,1.02816,0,0,4.90073,3.87257,1.028160,1,0,151.889,0,0,0,151.889,0
72.29,2.27032,0,0,6.2125,0.285803,3.65637,3.6288,61.308,0.327553,0,0,2.35884,0.20101,1.83028,0.66528,12.849,1,0.403533,3.65637,0,141.907,3.47976,141.68,0.84672,12.849,0.84672,3695.15,0,36.966,0.1975,3.31145,1.9707,10.58,0.906963,14.7577,0.42336,36.966,0.42336,423.524,0,1.02816,0,0,4.33961,3.31145,1.028160,1,0,158.268,0,0,0,158.268,0
72.29,2.2708,0,0,3.78302,0.312963,1.19926,3.6288,61.308,0.327755,0,0,2.0713,0.194824,1.54872,0.66528,12.849,1,0.403617,1.19926,0,110.359,3.33868,107.816,0.84672,12.849,0.84672,3695.15,0,36.966,0.197622,2.14155,1.70109,10.5459,0.828228,13.3627,0.42336,36.966,0.42336,423.524,0,1.02816,0,0,3.16971,2.14155,1.028160,1,0,122.727,0,0,0,122.727,0
72.29,2.27127,0,0,4.92865,0.312963,2.34442,3.6288,61.308,0.327957,0,0,2.10944,0.194824,1.58666,0.66528,12.849,1,0.403701,2.34442,0,86.6255,3.33868,85.2275,0.84672,12.849,0.84672,3695.15,0,36.966,0.197743,2.28848,1.70145,11.2558,0.828228,14.2198,0.42336,36.966,0.42336,423.524,0,1.02816,0,0,3.31664,2.28848,1.028160,1,0,101.034,0,0,0,101.034,0
72.29,2.27174,0,0,4.22299,0.312963,1.63828,3.6288,61.308,0.328159,0,0,1.66998,0.194824,1.147,0.66528,12.849,1,0.403785,1.63828,0,83.2144,3.33868,81.1102,0.84672,12.849,0.84672,3695.15,0,36.966,0.197865,1.62857,1.7018,10.5513,0.828228,12.8555,0.42336,36.966,0.42336,423.524,0,1.02816,0,0,2.65673,1.62857,1.028160,1,0,95.1128,0,0,0,95.1128,0
72.29,2.27222,0,0,4.19244,0.283668,1.63655,3.6288,61.308,0.328361,0,0,1.79822,0.195075,1.27478,0.66528,12.849,1,0.403869,1.63655,0,94.2062,3.52681,91.9121,0.84672,12.849,0.84672,3695.15,0,36.966,0.197987,2.37125,1.70216,9.19607,0.887381,12.1841,0.42336,36.966,0.42336,423.524,0,1.02816,0,0,3.39941,2.37125,1.028160,1,0,105.371,0,0,0,105.371,0
72.29,2.35573,0,0,4.66107,0.361027,1.94432,3.6288,61.308,0.367575,0,0,1.77664,0.196324,1.21274,0.66528,12.849,1,0.418713,1.94432,0,75.0246,4.33579,72.2144,0.84672,12.849,0.84672,3695.15,0,36.966,0.221631,1.89658,1.70251,9.9684,0.895459,12.4504,0.42336,36.966,0.42336,423.524,0,1.02816,0,0,2.92474,1.89658,1.028160,1,0,85.8775,0,0,0,85.8775,0
72.29,2.35622,0,0,3.23108,0.37291,0.501953,3.6288,61.308,0.367785,0,0,1.2026,0.189409,0.645407,0.66528,12.849,1,0.4188,0.501953,0,50.6488,4.29051,46.4414,0.84672,12.849,0.84672,3695.15,0,36.966,0.221758,0.913913,1.76951,6.48288,0.857545,8.087,0.42336,36.966,0.42336,423.524,0,1.02816,0,0,1.94207,0.913913,1.028160,1,0,55.1738,0,0,0,55.1738,0
71.6779,2.35671,0,0,2.48039,0.37291,0.36288,3.6288,61.308,0.375197,0,0,0.954919,0.189409,0.390313,0.66528,12.849,1,0.418888,0.36288,0,34.3159,4.29051,29.9694,0.84672,12.849,0.84672,3695.15,0,36.966,0.226227,0.528595,1.76988,6.00408,0.857545,7.21878,0.42336,36.966,0.42336,423.524,0,1.01662,0,0,1.54521,0.528595,1.028160,1,0,37.5785,0,0,0,37.5785,0
70.9475,2.35417,0,0,2.31408,0.327395,0.36288,3.6288,61.308,0.451159,0,0,0.890508,0.175826,0.263523,0.66528,12.849,1,0.422009,0.36288,0,37.3056,3.56787,33.6786,0.84672,12.849,0.84672,3695.15,0,36.966,0.272029,0.528595,1.77025,5.6599,0.774388,6.91232,0.42336,36.966,0.42336,423.524,0,0.89519,0,0,1.42379,0.528595,1.028160,1,0,40.8545,0,0,0,40.8545,0
70.4529,2.31858,0,0,2.50957,0.322717,0.36288,3.6288,61.308,0.392712,0,0,0.960612,0.165111,0.402789,0.66528,12.849,1,0.419908,0.36288,0,41.326,3.52506,37.7439,0.84672,12.849,0.84672,3695.15,0,36.966,0.236788,0.528595,1.77061,5.34933,0.833301,6.57845,0.42336,36.966,0.42336,423.524,0,0.964907,0,0,1.4935,0.528595,1.028160,1,0,44.7251,0,0,0,44.7251,0
69.7034,2.31657,0,0,2.28382,0.353906,0.36288,3.6288,61.308,0.422511,0,0,0.898992,0.183464,0.293017,0.66528,12.849,1,0.422489,0.36288,0,38.6821,4.1241,34.4984,0.84672,12.849,0.84672,3695.15,0,36.966,0.254755,0.528595,1.74503,4.37992,0.944699,5.45409,0.42336,36.966,0.42336,423.524,0,0.917473,0,0,1.44607,0.528595,1.028160,1,0,40.2455,0,0,0,40.2455,0
68.8609,2.31321,0,0,2.10288,0.269251,0.36288,3.6288,61.308,0.416266,0,0,0.79253,0.222702,0.153562,0.66528,12.849,1,0.426414,0.36288,0,35.3631,4.47006,30.8295,0.84672,12.849,0.84672,3695.15,0,36.966,0.25099,0.402797,1.74539,4.08227,0.965356,5.01412,0.42336,36.966,0.42336,423.524,0,0.927815,0,0,1.33061,0.402797,1.028160,1,0,35.9972,0,0,0,35.9972,0
67.9721,2.3093,0,0,2.05087,0.267495,0.36288,3.6288,61.308,0.353874,0,0,0.885902,0.222702,0.309327,0.66528,12.849,1,0.4309,0.36288,0,34.2542,4.47006,29.7162,0.84672,12.849,0.84672,3695.15,0,36.966,0.21337,0.472409,1.74576,4.83203,0.965356,5.87147,0.42336,36.966,0.42336,423.524,0,1.02816,0,0,1.50057,0.472409,1.028160,1,0,35.897,0,0,0,35.897,0
66.9634,2.41438,0,0,2.03081,0.262269,0.36288,3.6288,61.308,0.463253,0,0,0.904064,0.223645,0.217166,0.66528,12.849,1,0.456399,0.36288,0,33.5473,4.41871,29.0351,0.84672,12.849,0.84672,3695.15,0,36.966,0.279321,0.402797,1.74612,4.13316,0.991129,5.01163,0.42336,36.966,0.42336,423.524,0,0.939436,0,0,1.34223,0.402797,1.028160,1,0,34.2639,0,0,0,34.2639,0
66.0009,2.40912,0,0,2.01309,0.20359,0.36288,3.6288,61.308,0.408122,0,0,0.883198,0.238226,0.236851,0.66528,12.849,1,0.462264,0.36288,0,34.4809,4.38155,30,0.84672,12.849,0.84672,3695.15,0,36.966,0.246079,0.456123,1.83751,3.66605,1.09562,4.61798,0.42336,36.966,0.42336,423.524,0,1.02816,0,0,1.48428,0.456123,1.028160,1,0,34.8548,0,0,0,34.8548,0
64.9386,2.40398,0,0,1.89213,0.187545,0.36288,3.6288,61.308,0.40834,0,0,0.919797,0.241796,0.269661,0.66528,12.849,1,0.468004,0.36288,0,31.7605,4.4899,27.1654,0.84672,12.849,0.84672,3695.15,0,36.966,0.246211,0.459829,1.83789,3.72592,1.07556,4.70187,0.42336,36.966,0.42336,423.524,0,1.02816,0,0,1.48799,0.459829,1.028160,1,0,32.137,0,0,0,32.137,0
63.8099,2.39808,0,0,1.81822,0.185957,0.36288,3.6288,61.308,0.408559,0,0,0.936999,0.241796,0.286644,0.66528,12.849,1,0.474494,0.36288,0,29.9413,4.4899,25.3398,0.84672,12.849,0.84672,3695.15,0,36.966,0.246343,0.385767,1.83827,3.71525,1.07556,4.61739,0.42336,36.966,0.42336,423.524,0,1.02816,0,0,1.41393,0.385767,1.028160,1,0,30.2438,0,0,0,30.2438,0
62.5749,2.3916,0,0,1.70369,0.184271,0.36288,3.6288,61.308,0.416092,0,0,0.872044,0.241796,0.214156,0.66528,12.849,1,0.481581,0.36288,0,28.0491,4.4899,23.4405,0.84672,12.849,0.84672,3695.15,0,36.966,0.250885,0.30119,1.83865,3.44466,1.07556,4.25807,0.42336,36.966,0.42336,423.524,0,1.01644,0,0,1.31763,0.30119,1.028160,1,0,27.9127,0,0,0,27.9127,0
61.2819,2.36285,0,0,1.57004,0.137257,0.36288,3.6288,61.308,0.438609,0,0,0.893341,0.212511,0.242222,0.66528,12.849,1,0.485184,0.36288,0,29.2074,4.22161,24.8635,0.84672,12.849,0.84672,3695.15,0,36.966,0.264462,1.15957,1.83904,4.32981,0.989786,6.07416,0.42336,36.966,0.42336,423.524,0,1.02816,0,0,2.18773,1.15957,1.028160,1,0,31.1799,0,0,0,31.1799,0
59.8588,2.35488,0,0,1.42305,0.128355,0.36288,3.6288,61.308,0.438834,0,0,0.843454,0.20763,0.19699,0.66528,12.849,1,0.493749,0.36288,0,28.4146,4.1769,24.1069,0.84672,12.849,0.84672,3695.15,0,36.966,0.264597,0.972899,1.87127,4.21776,0.97549,5.82184,0.42336,36.966,0.42336,423.524,0,1.02816,0,0,2.00106,0.972899,1.028160,1,0,30.1257,0,0,0,30.1257,0
58.345,2.34571,0,0,1.30854,0.113848,0.36288,3.6288,61.308,0.439059,0,0,0.805274,0.240537,0.125678,0.66528,12.849,1,0.503517,0.36288,0,25.1904,4.60035,20.4495,0.84672,12.849,0.84672,3695.15,0,36.966,0.264733,0.962911,1.87166,4.05841,1.13006,5.49819,0.42336,36.966,0.42336,423.524,0,1.02816,0,0,1.99107,0.962911,1.028160,1,0,26.0733,0,0,0,26.0733,0
56.7812,2.33549,0,0,1.22979,0.0952116,0.36288,3.6288,61.308,0.439284,0,0,0.751231,0.284414,0.0275332,0.66528,12.849,1,0.514332,0.36288,0,22.3622,5.16495,17.0458,0.84672,12.849,0.84672,3695.15,0,36.966,0.264869,0.926009,1.87205,3.90696,1.33615,5.10401,0.42336,36.966,0.42336,423.524,0,1.02816,0,0,1.95417,0.926009,1.028160,1,0,22.1774,0,0,0,22.1774,0
55.0861,2.37867,0,0,1.14064,0.0941089,0.36288,3.6288,61.2463,0.465922,0,0,0.692669,0.288451,0,0.66528,12.849,1,0.538268,0.36288,0,21.7916,5.33739,16.2789,0.84672,12.849,0.84672,3695.15,0,36.966,0.28093,0.777617,1.87244,3.44132,1.38477,4.42567,0.42336,36.966,0.42336,423.524,0,1.02816,0,0,1.80578,0.777617,1.028160,1,0,20.7045,0,0,0,20.7045,0
53.4106,2.36573,0,0,1.146,0.0929861,0.36288,3.6288,61.1567,0.465976,0,0,0.670101,0.29372,0,0.66528,12.849,1,0.551813,0.36288,0,20.3102,5.56731,14.554,0.84672,12.849,0.84672,3695.15,0,36.966,0.281246,0.653841,1.91801,3.13215,1.44961,3.97314,0.42336,36.966,0.42336,423.524,0,1.02816,0,0,1.682,0.653841,1.028160,1,0,18.5271,0,0,0,18.5271,0
51.6183,2.35226,0,0,1.01434,0.0914226,0.36288,3.6288,61.0262,0.46595,0,0,0.628973,0.293554,0,0.66528,12.849,1,0.565885,0.36288,0,19.1726,5.56731,13.4023,0.84672,12.849,0.84672,3695.15,0,36.966,0.281642,0.567907,1.91841,3.1339,1.44961,3.88896,0.42336,36.966,0.42336,423.524,0,1.02816,0,0,1.59607,0.567907,1.028160,1,0,17.2912,0,0,0,17.2912,0
49.7561,2.33702,0,0,0.927409,0.0897502,0.36288,3.6288,60.8746,0.465805,0,0,0.607564,0.293311,0,0.66528,12.849,1,0.581738,0.36288,0,18.0052,5.56731,12.2191,0.84672,12.849,0.84672,3695.15,0,36.966,0.282157,0.442411,1.91881,2.98594,1.44961,3.61539,0.42336,36.966,0.42336,423.524,0,1.02816,0,0,1.47057,0.442411,1.028160,1,0,15.8345,0,0,0,15.8345,0
47.8465,2.26792,0,0,0.79583,0.0746023,0.36288,3.6288,60.7201,0.46025,0,0,0.605079,0.299374,0,0.66528,12.849,1,0.585667,0.36288,0,17.1746,5.82661,11.1252,0.84672,12.849,0.84672,3695.15,0,36.966,0.279486,0.428052,1.91921,2.96698,1.46488,3.56987,0.42336,36.966,0.42336,423.524,0,1.02816,0,0,1.45621,0.428052,1.028160,1,0,14.6951,0,0,0,14.6951,0
45.9112,2.24996,0,0,0.73103,0.0534916,0.36288,3.6288,60.5881,0.460037,0,0,0.6291,0.301078,0,0.66528,12.849,1,0.604219,0.36288,0,16.5303,5.84146,10.4475,0.84672,12.849,0.84672,3695.15,0,36.966,0.280068,0.958936,1.90064,3.3974,1.54305,4.43386,0.42336,36.966,0.42336,423.524,0,1.02816,0,0,1.9871,0.958936,1.028160,1,0,14.8814,0,0,0,14.8814,0
44.0438,2.23053,0,0,0.778352,0.0523601,0.36288,3.6288,60.4513,0.459887,0,0,0.623966,0.300825,0,0.66528,12.849,1,0.624249,0.36288,0,15.4415,5.84146,9.33866,0.84672,12.849,0.84672,3695.15,0,36.966,0.280586,0.928221,1.90104,3.58069,1.54305,4.58631,0.42336,36.966,0.42336,423.524,0,1.02816,0,0,1.95638,0.928221,1.028160,1,0,13.925,0,0,0,13.925,0
42.5796,2.2105,0,0,1.16825,0.0590826,0.36288,3.6288,60.4361,0.459722,0,0,0.742954,0.29843,0,0.66528,12.849,1,0.644874,0.36288,0,22.802,5.78209,16.7379,0.84672,12.849,0.84672,3695.15,0,36.966,0.28112,1.31481,1.90143,3.80524,1.53577,5.20459,0.42336,36.966,0.42336,423.524,0,1.02816,0,0,2.34297,1.31481,1.028160,1,0,21.9425,0,0,0,21.9425,0
41.5979,2.19392,0,0,1.645,0.0698746,0.36288,3.6288,60.6405,0.459906,0,0,0.953605,0.289351,0,0.66528,12.849,1,0.662047,0.36288,0,29.7624,5.78643,23.6768,0.84672,12.849,0.84672,3695.15,0,36.966,0.281304,1.42599,1.90183,4.18967,1.5155,5.72069,0.42336,36.966,0.42336,423.524,0,1.02816,0,0,2.45415,1.42599,1.028160,1,0,29.3975,0,0,0,29.3975,0
39.8842,2.30919,0,0,1.01273,0.0543609,0.36288,3.6288,60.5525,0.503456,0,0,0.686966,0.27145,0,0.66528,12.849,1,0.713274,0.36288,0,25.2914,5.34518,19.5959,0.84672,12.849,0.84672,3695.15,0,36.966,0.306903,1.00426,1.90222,3.08603,1.47251,4.21309,0.42336,36.966,0.42336,423.524,0,1.02816,0,0,2.03242,1.00426,1.028160,1,0,23.809,0,0,0,23.809,0
39.133,2.28648,0,0,1.94778,0.0496587,0.36288,3.6288,60.9611,0.503417,0,0,1.17706,0.265108,0,0.66528,12.849,1,0.736607,0.36288,0,28.7448,5.12285,23.2483,0.84672,12.849,0.84672,3695.15,0,36.966,0.307325,2.70651,1.98685,5.62662,1.45594,8.55672,0.42336,36.966,0.42336,423.524,0,1.02816,0,0,3.73467,2.70651,1.028160,1,0,31.805,0,0,0,31.805,0
37.3179,2.27631,0,0,0.873374,0.0492295,0.36288,3.6288,60.8581,0.504938,0,0,0.667803,0.265796,0,0.66528,12.849,1,0.747409,0.36288,0,21.8562,5.12285,16.3488,0.84672,12.849,0.84672,3695.15,0,36.966,0.306188,0.880908,1.98726,2.89312,1.45594,3.99916,0.42336,36.966,0.42336,423.524,0,1.02816,0,0,1.90907,0.880908,1.028160,1,0,20.348,0,0,0,20.348,0
35.7322,2.24974,0,0,1.09383,0.0669489,0.36288,3.6288,60.9353,0.504854,0,0,0.845029,0.26303,0,0.66528,12.849,1,0.774611,0.36288,0,20.852,4.94238,15.4979,0.84672,12.849,0.84672,3695.15,0,36.966,0.306655,0.966755,1.98768,3.53944,1.42878,4.75843,0.42336,36.966,0.42336,423.524,0,1.02816,0,0,1.99492,0.966755,1.028160,1,0,20.2564,0,0,0,20.2564,0
36.4346,2.16744,0,0,3.37649,0.143789,0.36288,3.6288,61.308,0.45264,0,0,1.48986,0.276994,0.387492,0.66528,12.849,1,0.779394,0.36288,0,29.3967,4.5138,24.4663,0.84672,12.849,0.84672,3695.15,0,36.966,0.274591,3.94572,1.98809,8.40086,1.22592,12.8342,0.42336,36.966,0.42336,423.524,0,1.02816,0,0,4.97388,3.94572,1.028160,1,0,37.688,0,0,0,37.688,0
37.3903,2.179,0,0,3.678,0.180365,0.36288,3.6288,61.308,0.45391,0,0,0.792172,0.256129,0.082134,0.66528,12.849,1,0.768447,0.36288,0,40.744,4.64047,35.698,0.84672,12.849,0.84672,3695.15,0,36.966,0.273687,1.11967,1.90845,6.36903,1.07322,8.05025,0.42336,36.966,0.42336,423.524,0,1.02816,0,0,2.14783,1.11967,1.028160,1,0,43.8303,0,0,0,43.8303,0
40.1654,2.19408,0,0,5.5145,0.182421,0.36288,3.6288,61.308,0.454138,0,0,2.33779,0.256129,1.62752,0.66528,12.849,1,0.753985,0.36288,0,70.753,4.64047,65.7214,0.84672,12.849,0.84672,3695.15,0,36.966,0.273825,5.17489,1.90885,12.0166,1.07322,17.7533,0.42336,36.966,0.42336,423.524,0,1.02816,0,0,6.20305,5.17489,1.028160,1,0,85.1022,0,0,0,85.1022,0
41.0459,2.23401,0,0,3.66582,0.188423,0.36288,3.6288,61.308,0.454366,0,0,1.07583,0.256129,0.365332,0.66528,12.849,1,0.714665,0.36288,0,45.5026,4.64047,40.5104,0.84672,12.849,0.84672,3695.15,0,36.966,0.273962,1.70284,1.90925,5.39171,1.07322,7.65661,0.42336,36.966,0.42336,423.524,0,1.02816,0,0,2.731,1.70284,1.028160,1,0,48.5323,0,0,0,48.5323,0
45.2823,2.077,0,0,6.87505,0.198783,0.36288,3.6288,61.308,0.344503,0,0,1.9511,0.269012,1.33759,0.66528,12.849,1,0.650181,0.36288,0,83.8699,4.91596,78.6667,0.84672,12.849,0.84672,3695.15,0,36.966,0.20772,3.13045,1.90965,12.1284,1.15091,15.8098,0.42336,36.966,0.42336,423.524,0,1.02816,0,0,4.15861,3.13045,1.028160,1,0,95.8141,0,0,0,95.8141,0
49.1766,2.12482,0,0,6.5946,0.212603,0.36288,3.6288,61.308,0.344709,0,0,2.08581,0.225712,1.51539,0.66528,12.849,1,0.602924,0.36288,0,75.8118,3.75711,71.8146,0.84672,12.849,0.84672,3695.15,0,36.966,0.207844,3.52184,1.73208,7.21405,0.987554,11.2726,0.42336,36.966,0.42336,423.524,0,1.02816,0,0,4.55,3.52184,1.028160,1,0,84.6026,0,0,0,84.6026,0
52.5996,2.16313,0,0,6.17092,0.221914,0.36288,3.6288,61.308,0.344914,0,0,1.87128,0.225712,1.30065,0.66528,12.849,1,0.565187,0.36288,0,52.3871,3.75711,48.4277,0.84672,12.849,0.84672,3695.15,0,36.966,0.207968,3.03643,1.73244,6.53222,0.987554,10.1056,0.42336,36.966,0.42336,423.524,0,1.02816,0,0,4.06459,3.03643,1.028160,1,0,59.8339,0,0,0,59.8339,0
57.081,2.19314,0,0,7.26741,0.230025,0.36288,3.6288,61.308,0.345119,0,0,1.85903,0.225712,1.28819,0.66528,12.849,1,0.535739,0.36288,0,65.0175,3.75711,61.0875,0.84672,12.849,0.84672,3695.15,0,36.966,0.208092,3.12252,1.7328,6.46706,0.987554,10.1267,0.42336,36.966,0.42336,423.524,0,1.02816,0,0,4.15068,3.12252,1.028160,1,0,72.5024,0,0,0,72.5024,0
62.7002,2.22794,0,0,8.44776,0.237738,0.36288,3.6288,61.308,0.345325,0,0,1.86262,0.263418,1.25388,0.66528,12.849,1,0.501511,0.36288,0,59.6655,4.91474,54.6121,0.84672,12.849,0.84672,3695.15,0,36.966,0.208216,3.63072,1.73316,6.84219,1.34693,10.6509,0.42336,36.966,0.42336,423.524,0,1.02816,0,0,4.65888,3.63072,1.028160,1,0,66.5169,0,0,0,66.5169,0
66.3165,2.33668,0,0,6.54895,0.233124,0.36288,3.6288,61.308,0.377438,0,0,1.71838,0.20524,1.13571,0.66528,12.849,1,0.47885,0.36288,0,93.4029,4.31918,88.9677,0.84672,12.849,0.84672,3695.15,0,36.966,0.227578,2.89619,1.73352,7.71841,1.14337,10.9772,0.42336,36.966,0.42336,423.524,0,1.02816,0,0,3.92435,2.89619,1.028160,1,0,101.081,0,0,0,101.081,0
68.6781,2.35902,0,0,5.31036,0.226849,0.36288,3.6288,61.308,0.377641,0,0,1.54645,0.161606,1.0072,0.66528,12.849,1,0.457067,0.36288,0,93.2507,3.87251,89.284,0.84672,12.849,0.84672,3695.15,0,36.966,0.227701,1.8427,1.78942,10.1663,0.990706,12.58,0.42336,36.966,0.42336,423.524,0,1.02816,0,0,2.87086,1.8427,1.028160,1,0,102.871,0,0,0,102.871,0
72.29,2.37274,0,0,6.90551,0.231107,0.689736,3.6288,61.308,0.377845,0,0,2.79922,0.161606,2.25977,0.66528,12.849,1,0.443916,0.689736,0,139.227,3.87251,135.6,0.84672,12.849,0.84672,3695.15,0,36.966,0.227824,4.41743,1.78978,14.9872,0.990706,19.9759,0.42336,36.966,0.42336,423.524,0,1.02816,0,0,5.44559,4.41743,1.028160,1,0,157.836,0,0,0,157.836,0
72.29,2.39205,0,0,9.66237,0.307514,6.96281,3.6288,61.308,0.378048,0,0,2.94298,0.19529,2.36964,0.66528,12.849,1,0.425168,6.96281,0,244.752,4.51269,246.777,0.84672,12.849,0.84672,3695.15,0,36.966,0.227946,6.86241,1.79014,18.7555,1.15498,26.0252,0.42336,36.966,0.42336,423.524,0,1.02816,0,0,7.89057,6.86241,1.028160,1,0,275.172,0,0,0,275.172,0
72.29,2.62589,0,0,6.41644,0.298799,3.49176,3.6288,61.308,0.498143,0,0,3.0807,0.188462,2.3941,0.66528,12.849,1,0.466731,3.49176,0,197.847,4.31747,196.555,0.84672,12.849,0.84672,3695.15,0,36.966,0.300358,5.32043,1.79049,12.9718,1.13302,18.6493,0.42336,36.966,0.42336,423.524,0,1.02816,0,0,6.34859,5.32043,1.028160,1,0,217.598,0,0,0,217.598,0
72.227,2.62641,0,0,3.1728,0.246504,0.36288,3.6288,61.308,0.498371,0,0,3.28823,0.147493,2.64236,0.66528,12.849,1,0.466825,0.36288,0,102.029,3.14612,98.7788,0.84672,12.849,0.84672,3695.15,0,36.966,0.300495,3.90582,1.99083,15.3994,1.00125,19.9943,0.42336,36.966,0.42336,423.524,0,1.02816,0,0,4.93398,3.90582,1.028160,1,0,121.416,0,0,0,121.416,0
72.29,2.62659,0,0,4.39873,0.260838,1.4483,3.6288,61.308,0.498598,0,0,2.22063,0.139957,1.58207,0.66528,12.849,1,0.467264,1.4483,0,144.052,3.18988,141.843,0.84672,12.849,0.84672,3695.15,0,36.966,0.300633,3.63135,1.99123,12.0824,0.982081,16.4223,0.42336,36.966,0.42336,423.524,0,1.02816,0,0,4.65951,3.63135,1.028160,1,0,159.848,0,0,0,159.848,0
72.29,2.62746,0,0,6.47215,0.317421,3.52726,3.6288,61.308,0.498826,0,0,2.4967,0.148547,1.84933,0.66528,12.849,1,0.467011,3.52726,0,139.527,3.22383,139.364,0.84672,12.849,0.84672,3695.15,0,36.966,0.30077,6.84426,1.99163,15.7546,0.975277,23.3145,0.42336,36.966,0.42336,423.524,0,1.02816,0,0,7.87242,6.84426,1.028160,1,0,164.528,0,0,0,164.528,0
72.29,2.29487,0,0,4.55947,0.33238,1.93222,3.6288,61.308,0.33803,0,0,2.41199,0.176217,1.89775,0.66528,12.849,1,0.407896,1.93222,0,169.97,3.22976,168.264,0.84672,12.849,0.84672,3695.15,0,36.966,0.203817,3.38279,1.99203,14.6447,1.0114,18.8043,0.42336,36.966,0.42336,423.524,0,1.02816,0,0,4.41095,3.38279,1.028160,1,0,188.966,0,0,0,188.966,0
72.29,2.29533,0,0,5.67522,0.330731,3.04916,3.6288,61.308,0.338225,0,0,6.17984,0.218792,5.62282,0.66528,12.849,1,0.407977,3.04916,0,313.478,3.60497,312.514,0.84672,12.849,0.84672,3695.15,0,36.966,0.203935,5.63668,1.71949,21.9879,1.04314,28.0969,0.42336,36.966,0.42336,423.524,0,1.02816,0,0,6.66484,5.63668,1.028160,1,0,346.234,0,0,0,346.234,0
72.29,2.29579,0,0,5.92275,0.330731,3.29623,3.6288,61.308,0.338421,0,0,3.64875,0.218792,3.09154,0.66528,12.849,1,0.408059,3.29623,0,238.944,3.60497,238.227,0.84672,12.849,0.84672,3695.15,0,36.966,0.204053,5.90605,1.71983,19.3831,1.04314,25.7618,0.42336,36.966,0.42336,423.524,0,1.02816,0,0,6.93421,5.90605,1.028160,1,0,267.08,0,0,0,267.08,0
72.29,2.29625,0,0,10.5744,0.330731,7.94743,3.6288,61.308,0.338616,0,0,8.64985,0.218792,8.09244,0.66528,12.849,1,0.40814,7.94743,0,263.303,3.60497,267.237,0.84672,12.849,0.84672,3695.15,0,36.966,0.204171,8.90343,1.72017,28.2512,1.04314,37.6274,0.42336,36.966,0.42336,423.524,0,1.02816,0,0,9.93159,8.90343,1.028160,1,0,312.957,0,0,0,312.957,0
72.29,2.2967,0,0,7.78075,0.332061,5.15199,3.6288,61.308,0.338812,0,0,5.58922,0.162019,5.08839,0.66528,12.849,1,0.408222,5.15199,0,241.634,3.34449,243.033,0.84672,12.849,0.84672,3695.15,0,36.966,0.204289,5.92782,1.72052,23.4324,0.949271,29.9271,0.42336,36.966,0.42336,423.524,0,1.02816,0,0,6.95598,5.92782,1.028160,1,0,278.049,0,0,0,278.049,0
72.29,2.3811,0,0,5.5886,0.326888,2.88062,3.6288,61.308,0.378439,0,0,3.72737,0.178416,3.17051,0.66528,12.849,1,0.423222,2.88062,0,140.824,3.1146,140.167,0.84672,12.849,0.84672,3695.15,0,36.966,0.228182,5.07929,1.72086,12.8401,0.895711,18.5163,0.42336,36.966,0.42336,423.524,0,1.02816,0,0,6.10745,5.07929,1.028160,1,0,161.854,0,0,0,161.854,0
72.29,2.38157,0,0,4.58814,0.324606,1.88197,3.6288,61.308,0.378643,0,0,5.12473,0.194058,4.55203,0.66528,12.849,1,0.423306,1.88197,0,133.199,3.06432,131.594,0.84672,12.849,0.84672,3695.15,0,36.966,0.228305,5.95834,1.78856,15.948,0.889307,22.5773,0.42336,36.966,0.42336,423.524,0,1.02816,0,0,6.9865,5.95834,1.028160,1,0,158.723,0,0,0,158.723,0
72.29,2.38205,0,0,5.18651,0.324606,2.47986,3.6288,61.308,0.378847,0,0,5.0618,0.194058,4.48889,0.66528,12.849,1,0.423391,2.47986,0,137.651,3.06432,136.643,0.84672,12.849,0.84672,3695.15,0,36.966,0.228428,5.06635,1.78892,15.359,0.889307,21.0965,0.42336,36.966,0.42336,423.524,0,1.02816,0,0,6.09451,5.06635,1.028160,1,0,162.228,0,0,0,162.228,0
72.29,2.38252,0,0,4.19723,0.317061,1.49764,3.6288,61.308,0.37905,0,0,4.43694,0.193226,3.86467,0.66528,12.849,1,0.423475,1.49764,0,101.184,3.11374,99.1443,0.84672,12.849,0.84672,3695.15,0,36.966,0.22855,5.37093,1.78928,11.1908,0.89252,17.2299,0.42336,36.966,0.42336,423.524,0,1.02816,0,0,6.39909,5.37093,1.028160,1,0,120.239,0,0,0,120.239,0
72.29,2.35015,0,0,3.43456,0.268935,0.815466,3.6288,61.308,0.363927,0,0,2.51726,0.187062,1.96627,0.66528,12.849,1,0.417722,0.815466,0,99.4533,3.55196,96.2991,0.84672,12.849,0.84672,3695.15,0,36.966,0.219432,3.11651,1.78963,8.01628,0.954503,11.7485,0.42336,36.966,0.42336,423.524,0,1.02816,0,0,4.14467,3.11651,1.028160,1,0,110.014,0,0,0,110.014,0
72.29,2.35062,0,0,3.12307,0.265124,0.507319,3.6288,61.308,0.364128,0,0,1.46654,0.185505,0.916904,0.66528,12.849,1,0.417805,0.507319,0,105.404,3.74084,101.752,0.84672,12.849,0.84672,3695.15,0,36.966,0.219553,2.28104,1.76376,6.98829,1.01144,9.8021,0.42336,36.966,0.42336,423.524,0,1.02816,0,0,3.3092,2.28104,1.028160,1,0,112.471,0,0,0,112.471,0
72.0333,2.35109,0,0,2.72239,0.265124,0.36288,3.6288,61.308,0.364328,0,0,1.31332,0.185505,0.76349,0.66528,12.849,1,0.417889,0.36288,0,73.1349,3.74084,69.3391,0.84672,12.849,0.84672,3695.15,0,36.966,0.219674,1.76818,1.76411,6.27062,1.01144,8.5718,0.42336,36.966,0.42336,423.524,0,1.02816,0,0,2.79634,1.76818,1.028160,1,0,78.6744,0,0,0,78.6744,0
71.568,2.3503,0,0,2.51249,0.264608,0.36288,3.6288,61.308,0.364529,0,0,1.23206,0.185505,0.68203,0.66528,12.849,1,0.419236,0.36288,0,56.3806,3.74084,52.5834,0.84672,12.849,0.84672,3695.15,0,36.966,0.219795,1.58387,1.76446,5.68457,1.01144,7.80167,0.42336,36.966,0.42336,423.524,0,1.02816,0,0,2.61203,1.58387,1.028160,1,0,61.0671,0,0,0,61.0671,0
70.8038,2.45986,0,0,2.32227,0.263672,0.36288,3.6288,61.308,0.419127,0,0,1.17203,0.185505,0.567401,0.66528,12.849,1,0.441632,0.36288,0,49.1926,3.74084,45.373,0.84672,12.849,0.84672,3695.15,0,36.966,0.252715,1.44165,1.76482,5.26923,1.01144,7.21155,0.42336,36.966,0.42336,423.524,0,1.02816,0,0,2.46981,1.44165,1.028160,1,0,53.152,0,0,0,53.152,0
70.3997,2.45631,0,0,2.61243,0.197363,0.36288,3.6288,61.308,0.419339,0,0,1.31109,0.246965,0.644791,0.66528,12.849,1,0.445755,0.36288,0,61.2552,4.50944,56.6629,0.84672,12.849,0.84672,3695.15,0,36.966,0.252843,2.16556,1.85716,6.14324,1.04787,8.86525,0.42336,36.966,0.42336,423.524,0,1.02816,0,0,3.19372,2.16556,1.028160,1,0,66.1729,0,0,0,66.1729,0
70.0444,2.45464,0,0,2.65891,0.196751,0.36288,3.6288,61.308,0.419551,0,0,1.49396,0.246965,0.827444,0.66528,12.849,1,0.448009,0.36288,0,60.6233,4.50944,56.0287,0.84672,12.849,0.84672,3695.15,0,36.966,0.25297,1.72176,1.85753,5.96302,1.04787,8.24147,0.42336,36.966,0.42336,423.524,0,1.02816,0,0,2.74992,1.72176,1.028160,1,0,65.0976,0,0,0,65.0976,0
69.2841,2.45321,0,0,2.25204,0.196213,0.36288,3.6288,61.308,0.419762,0,0,1.11408,0.246965,0.447358,0.66528,12.849,1,0.450019,0.36288,0,61.8823,4.50944,57.2857,0.84672,12.849,0.84672,3695.15,0,36.966,0.253098,1.36106,1.8579,5.45492,1.04787,7.37291,0.42336,36.966,0.42336,423.524,0,1.02816,0,0,2.38922,1.36106,1.028160,1,0,65.106,0,0,0,65.106,0
68.4064,2.44953,0,0,2.08562,0.150863,0.36288,3.6288,61.308,0.419974,0,0,0.992364,0.249714,0.322676,0.66528,12.849,1,0.454275,0.36288,0,60.6272,4.94764,55.5882,0.84672,12.849,0.84672,3695.15,0,36.966,0.253226,0.992529,1.85827,5.08687,1.21287,6.47157,0.42336,36.966,0.42336,423.524,0,1.02816,0,0,2.02069,0.992529,1.028160,1,0,62.3824,0,0,0,62.3824,0
67.3851,2.42321,0,0,1.89099,0.126254,0.36288,3.6288,61.308,0.450114,0,0,0.801464,0.24171,0.10964,0.66528,12.849,1,0.45516,0.36288,0,46.2491,4.87525,41.2815,0.84672,12.849,0.84672,3695.15,0,36.966,0.271399,0.607573,1.85864,3.44013,1.24691,4.38804,0.42336,36.966,0.42336,423.524,0,1.02816,0,0,1.63573,0.607573,1.028160,1,0,45.7792,0,0,0,45.7792,0
66.2542,2.4179,0,0,1.7687,0.118792,0.36288,3.6288,61.308,0.450331,0,0,0.789083,0.238325,0.100426,0.66528,12.849,1,0.461046,0.36288,0,41.7667,4.81708,36.8515,0.84672,12.849,0.84672,3695.15,0,36.966,0.27153,0.610139,1.8912,3.20998,1.24953,4.19027,0.42336,36.966,0.42336,423.524,0,1.02816,0,0,1.6383,0.610139,1.028160,1,0,41.1422,0,0,0,41.1422,0
64.9727,2.41179,0,0,1.61086,0.117733,0.36288,3.6288,61.308,0.450549,0,0,0.777082,0.238325,0.088207,0.66528,12.849,1,0.467731,0.36288,0,40.7957,4.81708,35.8737,0.84672,12.849,0.84672,3695.15,0,36.966,0.271661,0.635031,1.89158,3.09636,1.24953,4.10178,0.42336,36.966,0.42336,423.524,0,1.02816,0,0,1.66319,0.635031,1.028160,1,0,40.0637,0,0,0,40.0637,0
63.5405,2.40457,0,0,1.4518,0.116533,0.36288,3.6288,61.308,0.450767,0,0,0.723643,0.238325,0.0345506,0.66528,12.849,1,0.475528,0.36288,0,37.8114,4.81708,32.8817,0.84672,12.849,0.84672,3695.15,0,36.966,0.271793,0.423256,1.89196,2.94814,1.24953,3.74204,0.42336,36.966,0.42336,423.524,0,1.02816,0,0,1.45142,0.423256,1.028160,1,0,36.6583,0,0,0,36.6583,0
61.9912,2.45205,0,0,1.36354,0.0978984,0.36288,3.6288,61.2111,0.477679,0,0,0.665475,0.284655,0,0.66528,12.849,1,0.495848,0.36288,0,34.0845,5.45101,28.5006,0.84672,12.849,0.84672,3695.15,0,36.966,0.288019,0.376877,1.89234,2.74801,1.46097,3.26823,0.42336,36.966,0.42336,423.524,0,1.02816,0,0,1.40504,0.376877,1.028160,1,0,31.7688,0,0,0,31.7688,0
60.4261,2.44228,0,0,1.34014,0.100052,0.36288,3.6288,61.0542,0.477618,0,0,0.605822,0.285128,0,0.66528,12.849,1,0.506214,0.36288,0,29.5213,5.55376,23.8242,0.84672,12.849,0.84672,3695.15,0,36.966,0.288438,0.377637,1.93837,2.54798,1.4486,3.12695,0.42336,36.966,0.42336,423.524,0,1.02816,0,0,1.4058,0.377637,1.028160,1,0,26.9512,0,0,0,26.9512,0
58.7187,2.43195,0,0,1.18619,0.098763,0.36288,3.6288,60.8606,0.477379,0,0,0.568627,0.284845,0,0.66528,12.849,1,0.517129,0.36288,0,27.8678,5.55376,22.1598,0.84672,12.849,0.84672,3695.15,0,36.966,0.289035,0.305813,1.93876,2.5494,1.4486,3.05634,0.42336,36.966,0.42336,423.524,0,1.02816,0,0,1.33397,0.305813,1.028160,1,0,25.2161,0,0,0,25.2161,0
56.9231,2.4201,0,0,1.08452,0.0971703,0.36288,3.6288,60.6319,0.493499,0,0,0.549281,0.284496,0,0.66528,12.849,1,0.529572,0.36288,0,26.1708,5.55376,20.4504,0.84672,12.849,0.84672,3695.15,0,36.966,0.299745,0.227405,1.93914,2.42903,1.4486,2.84723,0.42336,36.966,0.42336,423.524,0,1.00169,0,0,1.22909,0.227405,1.028160,1,0,23.2976,0,0,0,23.2976,0
55.0571,2.35271,0,0,0.930658,0.0810534,0.36288,3.6288,60.3934,0.495084,0,0,0.547033,0.290418,0,0.66528,12.849,1,0.531068,0.36288,0,24.9636,5.81307,18.9823,0.84672,12.849,0.84672,3695.15,0,36.966,0.301842,0.227405,1.93953,2.41362,1.46388,2.81483,0.42336,36.966,0.42336,423.524,0,0.989677,0,0,1.21708,0.227405,1.028160,1,0,21.7971,0,0,0,21.7971,0
53.0819,2.33859,0,0,0.81718,0.0908916,0.36288,3.6288,60.0296,0.565156,0,0,0.514059,0.312717,0,0.66528,12.849,1,0.54577,0.36288,0,23.866,5.4746,18.2085,0.84672,12.849,0.84672,3695.15,0,36.966,0.345924,0.227405,1.92075,1.86638,1.48956,2.17905,0.42336,36.966,0.42336,423.524,0,0.87588,0,0,1.10328,0.227405,1.028160,1,0,20.3876,0,0,0,20.3876,0
51.0314,2.3227,0,0,0.724473,0.0894647,0.36288,3.6288,59.5766,0.598077,0,0,0.46272,0.317641,0,0.66528,12.849,1,0.562232,0.36288,0,21.5087,5.441,15.8683,0.84672,12.849,0.84672,3695.15,0,36.966,0.368293,0.204422,1.92113,1.7416,1.51362,1.98524,0.42336,36.966,0.42336,423.524,0,0.820947,0,0,1.02537,0.204422,1.028160,1,0,17.8536,0,0,0,17.8536,0
49.0873,2.30511,0,0,0.811529,0.0875859,0.36288,3.6288,59.1556,0.578947,0,0,0.474668,0.316724,0,0.66528,12.849,1,0.580396,0.36288,0,21.3796,5.441,15.7211,0.84672,12.849,0.84672,3695.15,0,36.966,0.359224,0.204422,1.92152,1.86666,1.51362,2.11976,0.42336,36.966,0.42336,423.524,0,0.849502,0,0,1.05392,0.204422,1.028160,1,0,17.8408,0,0,0,17.8408,0
47.6335,2.28735,0,0,1.29878,0.10233,0.36288,3.6288,58.9597,0.467643,0,0,0.583369,0.311639,0,0.66528,12.849,1,0.598733,0.36288,0,35.5182,5.32225,29.9601,0.84672,12.849,0.84672,3695.15,0,36.966,0.292227,0.252262,1.9219,2.03482,1.49906,2.41769,0.42336,36.966,0.42336,423.524,0,1.02816,0,0,1.28042,0.252262,1.028160,1,0,32.3778,0,0,0,32.3778,0
46.3007,2.40545,0,0,1.55279,0.11728,0.36288,3.6288,58.6335,0.660576,0,0,0.632084,0.297731,0,0.66528,12.849,1,0.648862,0.36288,0,30.024,5.1987,24.5393,0.84672,12.849,0.84672,3695.15,0,36.966,0.414161,0.204422,1.92228,2.10974,1.49583,2.32646,0.42336,36.966,0.42336,423.524,0,0.783156,0,0,0.987578,0.204422,1.028160,1,0,26.8658,0,0,0,26.8658,0
44.7628,2.3913,0,0,1.34188,0.125568,0.36288,3.6288,58.3009,0.639465,0,0,0.599455,0.292579,0,0.66528,12.849,1,0.663615,0.36288,0,19.2269,5.03916,13.887,0.84672,12.849,0.84672,3695.15,0,36.966,0.403156,0.216518,2.00779,2.32273,1.50341,2.64047,0.42336,36.966,0.42336,423.524,0,0.815642,0,0,1.03216,0.216518,1.028160,1,0,16.5275,0,0,0,16.5275,0
42.9152,2.37406,0,0,1.01275,0.123421,0.36288,3.6288,57.8182,0.664441,0,0,0.473656,0.291953,0,0.66528,12.849,1,0.681465,0.36288,0,28.4378,5.03916,23.08,0.84672,12.849,0.84672,3695.15,0,36.966,0.421293,0.216518,2.00819,1.8024,1.50341,2.1024,0.42336,36.966,0.42336,423.524,0,0.7729,0,0,0.989418,0.216518,1.028160,1,0,25.1824,0,0,0,25.1824,0
40.7549,2.35195,0,0,0.675354,0.120841,0.36288,3.6288,56.8555,1.03205,0,0,0.360438,0.291045,0,0.66528,12.849,1,0.704185,0.36288,0,17.8393,5.03916,12.4588,0.84672,12.849,0.84672,3695.15,0,36.966,0.42336,0.216518,2.00859,1.21642,1.50341,1.51475,0.42336,36.966,0.42336,423.524,0,0.403592,0,0,0.62011,0.216518,1.028160,1,0,13.9736,0,0,0,13.9736,0
39.0062,2.264,0,0,1.02443,0.146273,0.36288,3.6288,56.3435,0.782187,0,0,0.547832,0.277642,0,0.66528,12.849,1,0.713783,0.36288,0,19.9539,4.708,14.895,0.84672,12.849,0.84672,3695.15,0,36.966,0.42336,0.216518,2.00899,2.02644,1.3692,2.45939,0.42336,36.966,0.42336,423.524,0,0.568279,0,0,0.784797,0.216518,1.028160,1,0,17.3544,0,0,0,17.3544,0
38.3918,2.24038,0,0,2.14938,0.160508,0.36288,3.6288,56.1691,0.591591,0,0,0.613061,0.195879,0,0.66528,12.849,1,0.738001,0.36288,0,24.6853,4.7414,19.5687,0.84672,12.849,0.84672,3695.15,0,36.966,0.388132,0.216518,1.92849,3.01531,1.04701,3.72518,0.42336,36.966,0.42336,423.524,0,0.794457,0,0,1.01098,0.216518,1.028160,1,0,23.2939,0,0,0,23.2939,0
37.3986,2.23197,0,0,1.78862,0.186999,0.36288,3.6288,55.5024,0.904054,0,0,0.429094,0.191703,0,0.66528,12.849,1,0.746999,0.36288,0,20.0554,4.78034,14.891,0.84672,12.849,0.84672,3695.15,0,36.966,0.42336,0.292723,1.92888,2.51749,1.09662,3.21912,0.42336,36.966,0.42336,423.524,0,0.44712,0,0,0.739843,0.292723,1.028160,1,0,18.1101,0,0,0,18.1101,0
37.3255,2.21765,0,0,2.69234,0.184835,0.36288,3.6288,55.9025,0.448209,0,0,1.03912,0.190867,0,0.66528,12.849,1,0.761916,0.36288,0,31.2739,4.78034,26.0946,0.84672,12.849,0.84672,3695.15,0,36.966,0.298518,1.1102,1.92926,5.10475,1.09662,6.74907,0.42336,36.966,0.42336,423.524,0,1.02816,0,0,2.13836,1.1102,1.028160,1,0,32.8436,0,0,0,32.8436,0
41.2461,2.05002,0,0,6.51811,0.184676,0.36288,3.6288,57.6967,0.34237,0,0,2.32794,0.191369,0,0.66528,12.849,1,0.705701,0.36288,0,81.959,4.78034,76.8359,0.84672,12.849,0.84672,3695.15,0,36.966,0.226395,2.33655,1.92965,7.72237,1.09662,10.6656,0.42336,36.966,0.42336,423.524,0,1.02816,0,0,3.36471,2.33655,1.028160,1,0,87.5014,0,0,0,87.5014,0
42.1202,2.10158,0,0,3.56748,0.228895,0.36288,3.6288,58.4694,0.346855,0,0,1.32051,0.200924,0,0.66528,12.849,1,0.654686,0.36288,0,57.6869,4.38918,53.006,0.84672,12.849,0.84672,3695.15,0,36.966,0.222228,0.804246,1.75021,6.43531,1.05647,7.71106,0.42336,36.966,0.42336,423.524,0,1.02816,0,0,1.83241,0.804246,1.028160,1,0,60.717,0,0,0,60.717,0
44.2286,2.11242,0,0,4.811,0.22727,0.36288,3.6288,60.4565,0.348849,0,0,2.54812,0.212126,0,0.66528,12.849,1,0.644404,0.36288,0,124.969,4.45095,120.236,0.84672,12.849,0.84672,3695.15,0,36.966,0.220552,1.32373,1.75055,8.02958,1.08575,9.79757,0.42336,36.966,0.42336,423.524,0,1.02816,0,0,2.35189,1.32373,1.028160,1,0,130.034,0,0,0,130.034,0
45.9896,2.13665,0,0,4.48673,0.226276,0.36288,3.6288,61.308,0.353546,0,0,2.95381,0.217764,1.53105,0.66528,12.849,1,0.620724,0.36288,0,135.18,4.02591,130.896,0.84672,12.849,0.84672,3695.15,0,36.966,0.216175,2.59374,1.7509,9.0688,1.03322,12.164,0.42336,36.966,0.42336,423.524,0,1.02816,0,0,3.6219,2.59374,1.028160,1,0,144.591,0,0,0,144.591,0
47.8569,2.15565,0,0,4.61164,0.225775,0.36288,3.6288,61.308,0.355617,0,0,1.78785,0.221149,1.21108,0.66528,12.849,1,0.602267,0.36288,0,98.75,3.70713,94.8035,0.84672,12.849,0.84672,3695.15,0,36.966,0.214421,1.8401,1.75125,8.12575,0.99383,10.5088,0.42336,36.966,0.42336,423.524,0,1.02816,0,0,2.86826,1.8401,1.028160,1,0,106.523,0,0,0,106.523,0
48.5933,2.24273,0,0,3.57959,0.237616,0.36288,3.6288,61.308,0.388057,0,0,1.1245,0.238711,0.497728,0.66528,12.849,1,0.602145,0.36288,0,64.4314,4.24623,59.9459,0.84672,12.849,0.84672,3695.15,0,36.966,0.233981,1.0768,1.7516,5.91978,1.14127,7.37294,0.42336,36.966,0.42336,423.524,0,1.02816,0,0,2.10496,1.0768,1.028160,1,0,67.8166,0,0,0,67.8166,0
47.7482,2.25038,0,0,2.01733,0.249121,0.36288,3.6288,61.308,0.388254,0,0,0.726928,0.262127,0.076547,0.66528,12.849,1,0.595043,0.36288,0,29.9853,4.96503,24.7881,0.84672,12.849,0.84672,3695.15,0,36.966,0.2341,0.484384,1.80807,3.7086,1.33786,4.4291,0.42336,36.966,0.42336,423.524,0,1.02816,0,0,1.51254,0.484384,1.028160,1,0,29.2937,0,0,0,29.2937,0
46.3094,2.24251,0,0,1.41336,0.246839,0.36288,3.6288,61.144,0.570785,0,0,0.668943,0.262127,0,0.66528,12.849,1,0.603456,0.36288,0,27.3498,4.96503,22.1442,0.84672,12.849,0.84672,3695.15,0,36.966,0.344158,0.503194,1.80842,4.22629,1.33786,4.85589,0.42336,36.966,0.42336,423.524,0,0.735886,0,0,1.23908,0.503194,1.028160,1,0,27.0001,0,0,0,27.0001,0
44.5507,2.22826,0,0,1.07546,0.242952,0.36288,3.6288,60.748,0.676134,0,0,0.541998,0.261856,0,0.66528,12.849,1,0.618252,0.36288,0,24.6065,4.96503,19.3861,0.84672,12.849,0.84672,3695.15,0,36.966,0.408772,0.503194,1.80876,3.41459,1.33786,3.97992,0.42336,36.966,0.42336,423.524,0,0.56624,0,0,1.06943,0.503194,1.028160,1,0,23.366,0,0,0,23.366,0
42.5821,2.42527,0,0,1.05315,0.233653,0.36288,3.6288,60.1598,0.878986,0,0,0.549515,0.258776,0,0.66528,12.849,1,0.699478,0.36288,0,23.6949,4.94913,18.4091,0.84672,12.849,0.84672,3695.15,0,36.966,0.42336,0.503194,1.80911,3.21935,1.31044,3.79785,0.42336,36.966,0.42336,423.524,0,0.543292,0,0,1.04649,0.503194,1.028160,1,0,22.207,0,0,0,22.207,0
41.0859,2.36068,0,0,1.45189,0.224548,0.36288,3.6288,60.2043,0.487419,0,0,0.735102,0.203177,0,0.66528,12.849,1,0.712328,0.36288,0,29.7664,3.60055,25.8164,0.84672,12.849,0.84672,3695.15,0,36.966,0.299501,1.149,2.01152,4.97475,1.08941,6.74635,0.42336,36.966,0.42336,423.524,0,1.02816,0,0,2.17716,1.149,1.028160,1,0,32.5627,0,0,0,32.5627,0
39.95,2.3015,0,0,1.74919,0.220651,0.36288,3.6288,60.2938,0.468616,0,0,0.761357,0.203235,0,0.66528,12.849,1,0.719759,0.36288,0,36.7594,3.60055,32.802,0.84672,12.849,0.84672,3695.15,0,36.966,0.287734,0.992788,1.97821,4.67389,1.08941,6.26775,0.42336,36.966,0.42336,423.524,0,1.02816,0,0,2.02095,0.992788,1.028160,1,0,39.0697,0,0,0,39.0697,0
38.9803,2.16761,0,0,1.76521,0.204456,0.36288,3.6288,60.4764,0.411582,0,0,0.803701,0.20949,0,0.66528,12.849,1,0.697161,0.36288,0,36.9441,3.56307,33.0468,0.84672,12.849,0.84672,3695.15,0,36.966,0.25234,0.854591,1.9449,4.60382,1.06431,6.08665,0.42336,36.966,0.42336,423.524,0,1.02816,0,0,1.88275,0.854591,1.028160,1,0,39.1334,0,0,0,39.1334,0
38.3905,1.88182,0,0,1.86881,0.213898,0.36288,3.6288,60.832,0.263953,0,0,0.783138,0.163609,0,0.66528,12.849,1,0.620301,0.36288,0,39.329,3.51841,35.5532,0.84672,12.849,0.84672,3695.15,0,36.966,0.16134,0.709318,1.84416,4.81025,0.925979,6.27641,0.42336,36.966,0.42336,423.524,0,1.02816,0,0,1.73748,0.709318,1.028160,1,0,41.8296,0,0,0,41.8296,0
42.3976,1.87504,0,0,6.47129,0.226309,0.36288,3.6288,61.308,0.264713,0,0,1.72518,0.155161,0.82932,0.66528,12.849,1,0.627561,0.36288,0,117.992,3.5216,114.206,0.84672,12.849,0.84672,3695.15,0,36.966,0.160859,2.93852,1.59184,12.5874,0.962123,15.9947,0.42336,36.966,0.42336,423.524,0,1.02816,0,0,3.96668,2.93852,1.028160,1,0,131.03,0,0,0,131.03,0
45.9425,1.92092,0,0,6.06596,0.237186,0.36288,3.6288,61.308,0.265665,0,0,1.2904,0.155629,0.869107,0.66528,12.849,1,0.582155,0.36288,0,94.1103,3.5216,90.3695,0.84672,12.849,0.84672,3695.15,0,36.966,0.160184,1.97435,1.59214,10.3428,0.962123,12.787,0.42336,36.966,0.42336,423.524,0,1.02816,0,0,3.00251,1.97435,1.028160,1,0,104.026,0,0,0,104.026,0
48.174,1.9564,0,0,4.79771,0.246958,0.36288,3.6288,61.308,0.265839,0,0,0.946236,0.155629,0.524768,0.66528,12.849,1,0.547157,0.36288,0,100.013,3.5216,96.3073,0.84672,12.849,0.84672,3695.15,0,36.966,0.160289,1.06963,1.59245,7.86966,0.962123,9.40932,0.42336,36.966,0.42336,423.524,0,1.02816,0,0,2.09779,1.06963,1.028160,1,0,106.241,0,0,0,106.241,0
48.9063,1.97679,0,0,3.30686,0.234899,0.36288,3.6288,61.308,0.266013,0,0,0.648452,0.143596,0.238843,0.66528,12.849,1,0.52725,0.36288,0,80.447,3.3472,76.9355,0.84672,12.849,0.84672,3695.15,0,36.966,0.160394,0.714027,1.59275,7.03063,0.937072,8.23994,0.42336,36.966,0.42336,423.524,0,1.02816,0,0,1.74219,0.714027,1.028160,1,0,85.4142,0,0,0,85.4142,0
51.7256,2.05589,0,0,5.46386,0.225775,0.36288,3.6288,61.308,0.302689,0,0,1.05094,0.141118,0.607136,0.66528,12.849,1,0.540137,0.36288,0,96.5814,3.47001,92.9341,0.84672,12.849,0.84672,3695.15,0,36.966,0.182508,1.37428,1.59305,7.28542,0.923335,9.14691,0.42336,36.966,0.42336,423.524,0,1.02816,0,0,2.40244,1.37428,1.028160,1,0,102.688,0,0,0,102.688,0
53.6381,2.07987,0,0,4.61479,0.259561,0.36288,3.6288,61.308,0.30287,0,0,1.33978,0.16182,0.875088,0.66528,12.849,1,0.516654,0.36288,0,118.325,3.88909,114.282,0.84672,12.849,0.84672,3695.15,0,36.966,0.182617,2.04237,1.65572,8.61512,0.960003,11.1706,0.42336,36.966,0.42336,423.524,0,1.02816,0,0,3.07053,2.04237,1.028160,1,0,126.328,0,0,0,126.328,0
56.0468,2.09513,0,0,5.13145,0.264716,0.36288,3.6288,61.308,0.303051,0,0,1.60012,0.16182,1.13525,0.66528,12.849,1,0.501888,0.36288,0,133.892,3.88909,129.864,0.84672,12.849,0.84672,3695.15,0,36.966,0.182726,1.8212,1.65603,9.20756,0.960003,11.5421,0.42336,36.966,0.42336,423.524,0,1.02816,0,0,2.84936,1.8212,1.028160,1,0,142.542,0,0,0,142.542,0
57.5749,2.11308,0,0,4.27523,0.271209,0.36288,3.6288,61.308,0.303231,0,0,1.37455,0.16182,0.909494,0.66528,12.849,1,0.484434,0.36288,0,100.039,3.88909,96.0285,0.84672,12.849,0.84672,3695.15,0,36.966,0.182835,1.82459,1.65635,6.90925,0.960003,9.24735,0.42336,36.966,0.42336,423.524,0,1.02816,0,0,2.85275,1.82459,1.028160,1,0,106.185,0,0,0,106.185,0
58.4585,2.09473,0,0,3.57382,0.232575,0.36288,3.6288,61.308,0.289224,0,0,1.08734,0.169697,0.628423,0.66528,12.849,1,0.46748,0.36288,0,94.5899,4.18586,90.2994,0.84672,12.849,0.84672,3695.15,0,36.966,0.174389,1.31285,1.65667,6.18299,0.998484,7.97963,0.42336,36.966,0.42336,423.524,0,1.02816,0,0,2.34101,1.31285,1.028160,1,0,98.9075,0,0,0,98.9075,0
58.9163,2.10092,0,0,3.14265,0.221106,0.36288,3.6288,61.308,0.289402,0,0,1.12002,0.201042,0.629576,0.66528,12.849,1,0.461776,0.36288,0,76.6904,4.2358,72.3557,0.84672,12.849,0.84672,3695.15,0,36.966,0.174497,1.49935,1.6327,5.43766,1.04969,7.34553,0.42336,36.966,0.42336,423.524,0,1.02816,0,0,2.52751,1.49935,1.028160,1,0,80.3308,0,0,0,80.3308,0
58.8837,2.10427,0,0,2.65668,0.222088,0.36288,3.6288,61.308,0.28958,0,0,1.04339,0.201042,0.55277,0.66528,12.849,1,0.458918,0.36288,0,65.3054,4.2358,60.9736,0.84672,12.849,0.84672,3695.15,0,36.966,0.174604,1.23289,1.63301,4.48158,1.04969,6.12319,0.42336,36.966,0.42336,423.524,0,1.02816,0,0,2.26105,1.23289,1.028160,1,0,67.6496,0,0,0,67.6496,0
58.5502,2.10446,0,0,2.35586,0.222018,0.36288,3.6288,61.308,0.289758,0,0,0.937025,0.201042,0.446225,0.66528,12.849,1,0.459214,0.36288,0,56.2954,4.2358,51.9632,0.84672,12.849,0.84672,3695.15,0,36.966,0.174711,0.939807,1.63333,3.86516,1.04969,5.21389,0.42336,36.966,0.42336,423.524,0,1.02816,0,0,1.96797,0.939807,1.028160,1,0,57.6234,0,0,0,57.6234,0
57.9197,2.20247,0,0,2.14844,0.213578,0.36288,3.6288,61.308,0.34029,0,0,0.845407,0.189665,0.315452,0.66528,12.849,1,0.483337,0.36288,0,50.568,3.99988,46.4477,0.84672,12.849,0.84672,3695.15,0,36.966,0.20518,0.783147,1.63364,3.56524,0.989856,4.78699,0.42336,36.966,0.42336,423.524,0,1.02816,0,0,1.81131,0.783147,1.028160,1,0,51.5501,0,0,0,51.5501,0
56.978,2.31912,0,0,1.89715,0.156866,0.36288,3.6288,61.308,0.394311,0,0,0.783821,0.256953,0.132556,0.66528,12.849,1,0.514477,0.36288,0,41.4415,5.25356,36.0363,0.84672,12.849,0.84672,3695.15,0,36.966,0.237752,0.753209,1.71911,3.50613,1.17301,4.56768,0.42336,36.966,0.42336,423.524,0,1.02816,0,0,1.78137,0.753209,1.028160,1,0,40.7366,0,0,0,40.7366,0
55.8391,2.31262,0,0,1.68609,0.149444,0.36288,3.6288,61.308,0.394509,0,0,0.730296,0.272909,0.062878,0.66528,12.849,1,0.521515,0.36288,0,36.8656,5.5608,31.1461,0.84672,12.849,0.84672,3695.15,0,36.966,0.237871,0.614892,1.8137,3.18971,1.22847,4.15196,0.42336,36.966,0.42336,423.524,0,1.02816,0,0,1.64305,0.614892,1.028160,1,0,35.361,0,0,0,35.361,0
54.5582,2.38427,0,0,1.61403,0.147768,0.36288,3.6288,61.2868,0.43061,0,0,0.682335,0.272909,0,0.66528,12.849,1,0.548638,0.36288,0,34.6551,5.5608,28.9086,0.84672,12.849,0.84672,3695.15,0,36.966,0.259638,0.470275,1.81405,2.95056,1.22847,3.74678,0.42336,36.966,0.42336,423.524,0,1.02816,0,0,1.49844,0.470275,1.028160,1,0,32.6553,0,0,0,32.6553,0
53.3104,2.17551,0,0,1.43641,0.145883,0.36288,3.6288,61.299,0.340997,0,0,0.626046,0.272872,0,0.66528,12.849,1,0.512353,0.36288,0,31.2517,5.5608,25.5414,0.84672,12.849,0.84672,3695.15,0,36.966,0.205677,0.33772,1.87727,2.84336,1.22847,3.6242,0.42336,36.966,0.42336,423.524,0,1.02816,0,0,1.36588,0.33772,1.028160,1,0,29.1656,0,0,0,29.1656,0
52.1614,2.26456,0,0,1.57969,0.101229,0.36288,3.6288,61.1386,0.424301,0,0,0.56859,0.304658,0,0.66528,12.849,1,0.545809,0.36288,0,32.6988,5.75625,26.7596,0.84672,12.849,0.84672,3695.15,0,36.966,0.255872,0.357031,1.72042,3.0341,1.37193,3.48375,0.42336,36.966,0.42336,423.524,0,1.02816,0,0,1.38519,0.357031,1.028160,1,0,30.2433,0,0,0,30.2433,0
50.94,2.33349,0,0,1.57497,0.09999,0.36288,3.6288,60.8877,0.463665,0,0,0.516119,0.303386,0,0.66528,12.849,1,0.574813,0.36288,0,32.8324,5.6217,26.9988,0.84672,12.849,0.84672,3695.15,0,36.966,0.280344,0.30119,1.84652,3.00184,1.40769,3.46152,0.42336,36.966,0.42336,423.524,0,1.02386,0,0,1.32505,0.30119,1.028160,1,0,30.4603,0,0,0,30.4603,0
49.61,2.32293,0,0,1.45456,0.0987274,0.36288,3.6288,60.5933,0.48408,0,0,0.492561,0.302904,0,0.66528,12.849,1,0.585931,0.36288,0,29.7613,5.6217,23.9166,0.84672,12.849,0.84672,3695.15,0,36.966,0.293894,0.261274,1.91087,2.98952,1.40769,3.46008,0.42336,36.966,0.42336,423.524,0,0.99023,0,0,1.2515,0.261274,1.028160,1,0,27.3767,0,0,0,27.3767,0
48.2467,2.3109,0,0,1.40776,0.0973526,0.36288,3.6288,60.185,0.57002,0,0,0.464086,0.302339,0,0.66528,12.849,1,0.598522,0.36288,0,26.9123,5.6217,21.055,0.84672,12.849,0.84672,3695.15,0,36.966,0.347751,0.261274,1.91124,2.91762,1.40769,3.3347,0.42336,36.966,0.42336,423.524,0,0.850772,0,0,1.11205,0.261274,1.028160,1,0,24.3897,0,0,0,24.3897,0
46.8057,2.35161,0,0,1.35739,0.0839018,0.36288,3.6288,59.7008,0.611211,0,0,0.43809,0.311117,0,0.66528,12.849,1,0.626278,0.36288,0,24.7165,5.71314,18.74,0.84672,12.849,0.84672,3695.15,0,36.966,0.37541,0.261274,1.9116,2.83306,1.45185,3.17868,0.42336,36.966,0.42336,423.524,0,0.825483,0,0,1.08676,0.261274,1.028160,1,0,21.9187,0,0,0,21.9187,0
45.311,2.33693,0,0,1.27421,0.0690923,0.36288,3.6288,59.3043,0.484837,0,0,0.394176,0.305789,0,0.66528,12.849,1,0.641529,0.36288,0,23.7598,5.73027,17.7509,0.84672,12.849,0.84672,3695.15,0,36.966,0.300205,0.261274,1.95809,2.6419,1.40195,3.15911,0.42336,36.966,0.42336,423.524,0,1.02741,0,0,1.28868,0.261274,1.028160,1,0,20.91,0,0,0,20.91,0
43.6703,2.32088,0,0,1.11107,0.0679505,0.36288,3.6288,58.8135,0.557535,0,0,0.371712,0.305015,0,0.66528,12.849,1,0.658142,0.36288,0,22.5106,5.73027,16.485,0.84672,12.849,0.84672,3695.15,0,36.966,0.347527,0.261274,1.95846,2.52438,1.40195,2.99464,0.42336,36.966,0.42336,423.524,0,0.907736,0,0,1.16901,0.261274,1.028160,1,0,19.4797,0,0,0,19.4797,0
41.967,2.30222,0,0,1.0247,0.0629508,0.36288,3.6288,58.3053,0.566896,0,0,0.365324,0.306605,0,0.66528,12.849,1,0.677376,0.36288,0,21.2368,5.80505,15.1172,0.84672,12.849,0.84672,3695.15,0,36.966,0.356311,0.227405,1.95884,2.50141,1.41689,2.91445,0.42336,36.966,0.42336,423.524,0,0.889937,0,0,1.11734,0.227405,1.028160,1,0,18.0317,0,0,0,18.0317,0
40.1551,2.2302,0,0,0.83611,0.0548694,0.36288,3.6288,57.8048,0.559573,0,0,0.363755,0.304693,0,0.66528,12.849,1,0.682819,0.36288,0,20.0803,5.96727,13.7931,0.84672,12.849,0.84672,3695.15,0,36.966,0.354774,0.227405,1.95921,2.40583,1.35797,2.87971,0.42336,36.966,0.42336,423.524,0,0.890369,0,0,1.11777,0.227405,1.028160,1,0,16.6728,0,0,0,16.6728,0
38.2517,2.20728,0,0,0.747636,0.0808903,0.36288,3.6288,57.1993,0.630077,0,0,0.313228,0.288649,0,0.66528,12.849,1,0.706295,0.36288,0,16.464,5.24588,10.8747,0.84672,12.849,0.84672,3695.15,0,36.966,0.402932,0.227405,1.94022,2.0245,1.25305,2.53614,0.42336,36.966,0.42336,423.524,0,0.772053,0,0,0.999458,0.227405,1.028160,1,0,13.4109,0,0,0,13.4109,0
36.3064,2.18139,0,0,0.686362,0.0874266,0.36288,3.6288,56.4884,0.711531,0,0,0.284711,0.284085,0,0.66528,12.849,1,0.732743,0.36288,0,14.7744,5.00314,9.40139,0.84672,12.849,0.84672,3695.15,0,36.966,0.42336,0.227405,1.94059,1.85141,1.23486,2.3612,0.42336,36.966,0.42336,423.524,0,0.670516,0,0,0.897921,0.227405,1.028160,1,0,11.7626,0,0,0,11.7626,0
34.5329,2.1528,0,0,0.827634,0.0854417,0.36288,3.6288,55.8679,0.629372,0,0,0.291659,0.282774,0,0.66528,12.849,1,0.761887,0.36288,0,14.6997,5.00314,9.29751,0.84672,12.849,0.84672,3695.15,0,36.966,0.411861,0.204422,1.94097,2.67162,1.23486,3.17029,0.42336,36.966,0.42336,423.524,0,0.764519,0,0,0.968941,0.204422,1.028160,1,0,12.4678,0,0,0,12.4678,0
32.6882,2.12469,0,0,0.726546,0.0836322,0.36288,3.6288,55.2292,0.6494,0,0,0.292371,0.28163,0,0.66528,12.849,1,0.790556,0.36288,0,13.8708,5.00314,8.44001,0.84672,12.849,0.84672,3695.15,0,36.966,0.42336,0.204422,1.94134,1.96397,1.23486,2.45151,0.42336,36.966,0.42336,423.524,0,0.733337,0,0,0.93776,0.204422,1.028160,1,0,10.8915,0,0,0,10.8915,0
30.7474,2.23843,0,0,0.765133,0.104693,0.36288,3.6288,54.417,0.788253,0,0,0.242109,0.266055,0,0.66528,12.849,1,0.84672,0.36288,0,19.2676,4.60863,14.1752,0.84672,12.849,0.84672,3695.15,0,36.966,0.42336,0.204422,1.94171,1.74869,1.15024,2.32123,0.42336,36.966,0.42336,423.524,0,0.665038,0,0,0.86946,0.204422,1.028160,1,0,16.4964,0,0,0,16.4964,0
28.8214,2.23902,0,0,0.819772,0.143812,0.36288,3.6288,53.7626,0.68342,0,0,0.267107,0.238086,0,0.66528,12.849,1,0.84672,0.36288,0,20.8672,3.79712,16.5863,0.84672,12.849,0.84672,3695.15,0,36.966,0.42336,0.204422,2.02806,1.91405,1.02714,2.69602,0.42336,36.966,0.42336,423.524,0,0.77023,0,0,0.974652,0.204422,1.028160,1,0,19.2823,0,0,0,19.2823,0
27.0589,2.23961,0,0,0.980139,0.140138,0.36288,3.6288,53.4393,0.503212,0,0,0.41695,0.237035,0,0.66528,12.849,1,0.84672,0.36288,0,25.1453,3.79712,20.8644,0.84672,12.849,0.84672,3695.15,0,36.966,0.345997,0.310833,2.02844,2.62225,1.02714,3.58839,0.42336,36.966,0.42336,423.524,0,1.02816,0,0,1.33899,0.310833,1.028160,1,0,24.4528,0,0,0,24.4528,0
25.2292,2.2402,0,0,0.91006,0.136776,0.36288,3.6288,53.0537,0.502186,0,0,0.353005,0.236426,0,0.66528,12.849,1,0.84672,0.36288,0,23.2077,3.79712,18.9268,0.84672,12.849,0.84672,3695.15,0,36.966,0.347381,0.279046,2.02883,2.10451,1.02714,3.03787,0.42336,36.966,0.42336,423.524,0,1.02816,0,0,1.30721,0.279046,1.028160,1,0,21.9646,0,0,0,21.9646,0
23.6791,2.11066,0,0,1.05678,0.133286,0.36288,3.6288,52.8704,0.432302,0,0,0.484695,0.235699,0,0.66528,12.849,1,0.84672,0.36288,0,27.6959,3.79712,23.4149,0.84672,12.849,0.84672,3695.15,0,36.966,0.301213,0.779207,2.02922,3.02187,1.02714,4.50195,0.42336,36.966,0.42336,423.524,0,1.02816,0,0,1.80737,0.779207,1.028160,1,0,27.9169,0,0,0,27.9169,0
22.3849,2.1616,0,0,1.38614,0.155825,0.36288,3.6288,52.6371,0.449545,0,0,0.432706,0.216455,0,0.66528,12.849,1,0.84672,0.36288,0,47.4327,4.37871,42.5702,0.84672,12.849,0.84672,3695.15,0,36.966,0.314314,0.27316,1.91528,2.73673,0.978968,3.63189,0.42336,36.966,0.42336,423.524,0,1.02816,0,0,1.30132,0.27316,1.028160,1,0,46.2021,0,0,0,46.2021,0
22.5392,2.16218,0,0,2.83235,0.153073,0.36288,3.6288,52.8095,0.448928,0,0,0.837382,0.216051,0,0.66528,12.849,1,0.84672,0.36288,0,95.0122,4.37871,90.1496,0.84672,12.849,0.84672,3695.15,0,36.966,0.315273,1.81405,1.94827,4.39398,0.978968,6.86206,0.42336,36.966,0.42336,423.524,0,1.02816,0,0,2.84221,1.81405,1.028160,1,0,97.0117,0,0,0,97.0117,0
22.2435,2.11236,0,0,2.35335,0.173758,0.36288,3.6288,52.8254,0.432077,0,0,0.675248,0.227279,0,0.66528,12.849,1,0.84672,0.36288,0,50.7317,4.07166,46.1762,0.84672,12.849,0.84672,3695.15,0,36.966,0.302448,1.02919,1.94865,3.1023,0.872908,4.90478,0.42336,36.966,0.42336,423.524,0,1.02816,0,0,2.05735,1.02919,1.028160,1,0,51.081,0,0,0,51.081,0
21.6186,1.89003,0,0,1.80916,0.181183,0.36288,3.6288,52.865,0.328145,0,0,0.599409,0.23168,0,0.66528,12.849,1,0.84672,0.36288,0,35.8553,3.94884,31.4226,0.84672,12.849,0.84672,3695.15,0,36.966,0.229628,0.840205,1.91638,2.96646,0.830483,4.66293,0.42336,36.966,0.42336,423.524,0,1.02816,0,0,1.86837,0.840205,1.028160,1,0,36.0856,0,0,0,36.0856,0
21.9035,1.89055,0,0,2.69829,0.159927,0.36288,3.6288,53.2725,0.328424,0,0,0.929405,0.1935,0,0.66528,12.849,1,0.84672,0.36288,0,76.9798,3.91693,72.579,0.84672,12.849,0.84672,3695.15,0,36.966,0.229652,1.43486,1.73816,4.79224,0.991234,6.74438,0.42336,36.966,0.42336,423.524,0,1.02816,0,0,2.46302,1.43486,1.028160,1,0,79.3234,0,0,0,79.3234,0
21.8628,1.89108,0,0,2.37722,0.163931,0.36288,3.6288,53.7476,0.32964,0,0,0.989703,0.184924,0,0.66528,12.849,1,0.84672,0.36288,0,106.313,3.73222,102.097,0.84672,12.849,0.84672,3695.15,0,36.966,0.228739,1.37945,1.73849,5.21929,0.99614,7.11235,0.42336,36.966,0.42336,423.524,0,1.02816,0,0,2.40761,1.37945,1.028160,1,0,109.209,0,0,0,109.209,0
22.7778,1.8916,0,0,3.33329,0.163841,0.36288,3.6288,54.4564,0.331018,0,0,1.22546,0.185625,0,0.66528,12.849,1,0.84672,0.36288,0,115.209,3.73222,110.993,0.84672,12.849,0.84672,3695.15,0,36.966,0.227664,2.29967,1.73882,6.44618,0.99614,9.26088,0.42336,36.966,0.42336,423.524,0,1.02816,0,0,3.32783,2.29967,1.028160,1,0,120.254,0,0,0,120.254,0
25.8534,1.70555,0,0,5.30667,0.162635,0.36288,3.6288,55.2348,0.268562,0,0,1.22451,0.177588,0,0.66528,12.849,1,0.84672,0.36288,0,144.969,3.6012,140.884,0.84672,12.849,0.84672,3695.15,0,36.966,0.182305,2.34473,1.73916,7.43844,0.981662,10.3584,0.42336,36.966,0.42336,423.524,0,1.02816,0,0,3.37289,2.34473,1.028160,1,0,151.242,0,0,0,151.242,0
32.2167,1.70555,0,0,8.59177,0.160054,0.36288,3.6288,55.8679,0.270102,0,0,1.05182,0.14862,0,0.66528,12.849,1,0.84672,0.36288,0,129.876,3.0717,126.32,0.84672,12.849,0.84672,3695.15,0,36.966,0.180766,1.64976,1.62099,6.21158,0.9639,8.33767,0.42336,36.966,0.42336,423.524,0,1.02816,0,0,2.67792,1.64976,1.028160,1,0,134.658,0,0,0,134.658,0
34.8287,1.88209,0,0,5.05978,0.20275,0.36288,3.6288,56.4801,0.300286,0,0,1.1219,0.209442,0,0.66528,12.849,1,0.750634,0.36288,0,83.2905,3.71332,79.1894,0.84672,12.849,0.84672,3695.15,0,36.966,0.19869,1.0898,1.62099,4.07781,1.13666,5.45325,0.42336,36.966,0.42336,423.524,0,1.02816,0,0,2.11796,1.0898,1.028160,1,0,84.6426,0,0,0,84.6426,0
36.168,2.06418,0,0,3.97571,0.209399,0.36288,3.6288,57.0456,0.369243,0,0,1.14502,0.210281,0,0.66528,12.849,1,0.761515,0.36288,0,46.5077,3.71332,42.3958,0.84672,12.849,0.84672,3695.15,0,36.966,0.241668,1.18601,1.67324,2.9723,1.13666,4.45322,0.42336,36.966,0.42336,423.524,0,1.02816,0,0,2.21417,1.18601,1.028160,1,0,46.849,0,0,0,46.849,0
36.5141,1.94331,0,0,2.87985,0.227545,0.36288,3.6288,56.9706,0.524997,0,0,0.648162,0.198183,0,0.66528,12.849,1,0.690377,0.36288,0,43.8215,3.66925,39.8247,0.84672,12.849,0.84672,3695.15,0,36.966,0.340203,0.503194,1.79588,3.10717,1.1018,3.96424,0.42336,36.966,0.42336,423.524,0,0.662496,0,0,1.16569,0.503194,1.028160,1,0,43.789,0,0,0,43.789,0
37.3856,1.94851,0,0,3.44831,0.265479,0.36288,3.6288,57.4111,0.303128,0,0,0.909548,0.165916,0,0.66528,12.849,1,0.685662,0.36288,0,73.1367,3.55908,69.2548,0.84672,12.849,0.84672,3695.15,0,36.966,0.196688,0.764554,1.67385,5.32334,1.01464,6.55041,0.42336,36.966,0.42336,423.524,0,1.02816,0,0,1.79271,0.764554,1.028160,1,0,75.8052,0,0,0,75.8052,0
38.6119,2.15201,0,0,3.98698,0.245724,0.36288,3.6288,57.7936,0.413525,0,0,0.976215,0.180115,0,0.66528,12.849,1,0.739621,0.36288,0,68.0641,4.1808,63.5066,0.84672,12.849,0.84672,3695.15,0,36.966,0.266262,0.866782,1.67416,4.07188,1.11471,5.23184,0.42336,36.966,0.42336,423.524,0,1.02816,0,0,1.89494,0.866782,1.028160,1,0,68.7384,0,0,0,68.7384,0
38.9403,2.17003,0,0,3.10676,0.24547,0.36288,3.6288,57.8213,0.437112,0,0,0.647635,0.182855,0,0.66528,12.849,1,0.722127,0.36288,0,57.5553,4.28442,52.9116,0.84672,12.849,0.84672,3695.15,0,36.966,0.279586,0.503194,1.86145,3.12085,1.13139,4.07452,0.42336,36.966,0.42336,423.524,0,0.991561,0,0,1.49475,0.503194,1.028160,1,0,56.9861,0,0,0,56.9861,0
37.9355,2.17501,0,0,1.7664,0.233324,0.36288,3.6288,57.1014,0.972047,0,0,0.441124,0.188931,0,0.66528,12.849,1,0.71768,0.36288,0,32.1067,4.24693,27.5049,0.84672,12.849,0.84672,3695.15,0,36.966,0.42336,0.608429,1.86179,1.94727,1.10629,2.88785,0.42336,36.966,0.42336,423.524,0,0.313165,0,0,0.921594,0.608429,1.028160,1,0,30.3928,0,0,0,30.3928,0
37.6334,2.1612,0,0,2.43531,0.213369,0.36288,3.6288,56.8321,0.679827,0,0,0.606588,0.196071,0,0.66528,12.849,1,0.732014,0.36288,0,43.5918,4.19696,39.0257,0.84672,12.849,0.84672,3695.15,0,36.966,0.42336,0.608429,1.86213,3.1507,1.07281,4.12508,0.42336,36.966,0.42336,423.524,0,0.605699,0,0,1.21413,0.608429,1.028160,1,0,43.1508,0,0,0,43.1508,0
37.8686,1.88378,0,0,2.72817,0.246281,0.36288,3.6288,57.0901,0.266423,0,0,0.723431,0.199043,0,0.66528,12.849,1,0.64317,0.36288,0,42.9401,3.56434,39.0955,0.84672,12.849,0.84672,3695.15,0,36.966,0.173292,0.762437,1.86247,3.01761,0.988113,4.48111,0.42336,36.966,0.42336,423.524,0,1.02816,0,0,1.7906,0.762437,1.028160,1,0,43.5766,0,0,0,43.5766,0
37.8829,1.88711,0,0,2.51684,0.252589,0.36288,3.6288,57.1841,0.318686,0,0,0.612625,0.19993,0,0.66528,12.849,1,0.640304,0.36288,0,37.6056,3.45891,33.8693,0.84672,12.849,0.84672,3695.15,0,36.966,0.20635,0.608429,1.60763,3.33063,0.973996,4.36635,0.42336,36.966,0.42336,423.524,0,0.943108,0,0,1.55154,0.608429,1.028160,1,0,38.2356,0,0,0,38.2356,0
38.3057,1.88763,0,0,2.92595,0.252632,0.36288,3.6288,57.5444,0.267397,0,0,0.827772,0.200052,0,0.66528,12.849,1,0.640241,0.36288,0,45.886,3.45891,42.1497,0.84672,12.849,0.84672,3695.15,0,36.966,0.172856,0.860959,1.60792,4.34388,0.973996,5.66591,0.42336,36.966,0.42336,423.524,0,1.02816,0,0,1.88912,0.860959,1.028160,1,0,47.8156,0,0,0,47.8156,0
38.8011,1.89327,0,0,2.97822,0.226601,0.36288,3.6288,57.8752,0.26822,0,0,0.830028,0.231049,0,0.66528,12.849,1,0.635066,0.36288,0,47.486,4.69623,42.5176,0.84672,12.849,0.84672,3695.15,0,36.966,0.172302,0.786629,1.60822,4.22039,1.24133,5.20161,0.42336,36.966,0.42336,423.524,0,1.02816,0,0,1.81479,0.786629,1.028160,1,0,47.7192,0,0,0,47.7192,0
42.3675,1.89971,0,0,6.06707,0.23814,0.36288,3.6288,58.9374,0.268985,0,0,1.54482,0.213644,0,0.66528,12.849,1,0.629089,0.36288,0,80.0513,4.61832,75.1668,0.84672,12.849,0.84672,3695.15,0,36.966,0.171806,2.75625,1.60851,7.04135,1.15462,10.0797,0.42336,36.966,0.42336,423.524,0,1.02816,0,0,3.78441,2.75625,1.028160,1,0,85.2465,0,0,0,85.2465,0
44.161,2.01161,0,0,4.43693,0.268888,0.36288,3.6288,59.3483,0.307368,0,0,0.902543,0.184233,0,0.66528,12.849,1,0.61007,0.36288,0,80.1006,4.23948,75.6139,0.84672,12.849,0.84672,3695.15,0,36.966,0.192783,1.43746,1.60881,4.23596,0.979593,6.10985,0.42336,36.966,0.42336,423.524,0,1.02816,0,0,2.46562,1.43746,1.028160,1,0,81.7238,0,0,0,81.7238,0
44.7133,2.03117,0,0,3.22079,0.274496,0.36288,3.6288,59.5525,0.308363,0,0,0.697274,0.184719,0,0.66528,12.849,1,0.590985,0.36288,0,47.1372,4.23948,42.6696,0.84672,12.849,0.84672,3695.15,0,36.966,0.192068,0.741347,1.67208,3.68717,0.979593,4.92893,0.42336,36.966,0.42336,423.524,0,1.02816,0,0,1.76951,0.741347,1.028160,1,0,47.5985,0,0,0,47.5985,0
44.7973,2.03721,0,0,2.75186,0.267716,0.36288,3.6288,59.6641,0.308942,0,0,0.602154,0.181603,0,0.66528,12.849,1,0.585423,0.36288,0,44.5586,4.05882,40.2773,0.84672,12.849,0.84672,3695.15,0,36.966,0.191769,0.580556,1.67238,3.50557,0.958804,4.60793,0.42336,36.966,0.42336,423.524,0,1.02816,0,0,1.60872,0.580556,1.028160,1,0,44.8852,0,0,0,44.8852,0
45.134,2.03844,0,0,2.95447,0.216523,0.36288,3.6288,59.7655,0.352868,0,0,0.612719,0.158439,0,0.66528,12.849,1,0.584676,0.36288,0,48.1727,3.04684,44.904,0.84672,12.849,0.84672,3695.15,0,36.966,0.218626,0.528595,1.67269,3.33657,0.851886,4.46734,0.42336,36.966,0.42336,423.524,0,0.957658,0,0,1.48625,0.528595,1.028160,1,0,49.3714,0,0,0,49.3714,0
45.1115,2.01406,0,0,2.60207,0.247582,0.36288,3.6288,59.9189,0.340809,0,0,0.654624,0.160469,0,0.66528,12.849,1,0.573375,0.36288,0,43.6797,3.76504,39.7042,0.84672,12.849,0.84672,3695.15,0,36.966,0.210796,0.528595,1.67299,2.75261,0.987915,3.75549,0.42336,36.966,0.42336,423.524,0,0.954858,0,0,1.48345,0.528595,1.028160,1,0,43.4596,0,0,0,43.4596,0
44.8942,2.01421,0,0,2.35816,0.198359,0.36288,3.6288,59.8504,0.413808,0,0,0.541782,0.196495,0,0.66528,12.849,1,0.573702,0.36288,0,39.4959,4.10106,35.184,0.84672,12.849,0.84672,3695.15,0,36.966,0.255292,0.528595,1.64878,2.52827,1.00998,3.44037,0.42336,36.966,0.42336,423.524,0,0.837639,0,0,1.36623,0.528595,1.028160,1,0,38.6243,0,0,0,38.6243,0
44.6327,2.01242,0,0,2.28988,0.176102,0.36288,3.6288,59.9307,0.296021,0,0,0.585727,0.209368,0,0.66528,12.849,1,0.575967,0.36288,0,38.0936,4.21638,33.6641,0.84672,12.849,0.84672,3695.15,0,36.966,0.182835,0.436545,1.64908,2.79794,1.01687,3.68386,0.42336,36.966,0.42336,423.524,0,1.02816,0,0,1.4647,0.436545,1.028160,1,0,37.348,0,0,0,37.348,0
44.2137,2.01017,0,0,2.12959,0.175582,0.36288,3.6288,59.9022,0.360977,0,0,0.541988,0.209475,0,0.66528,12.849,1,0.578693,0.36288,0,34.8447,4.21638,30.4125,0.84672,12.849,0.84672,3695.15,0,36.966,0.222655,0.402797,1.64938,2.58346,1.01687,3.39612,0.42336,36.966,0.42336,423.524,0,0.923659,0,0,1.32646,0.402797,1.028160,1,0,33.8086,0,0,0,33.8086,0
43.638,2.10146,0,0,2.05642,0.167772,0.36288,3.6288,59.7447,0.51128,0,0,0.574455,0.220761,0,0.66528,12.849,1,0.610708,0.36288,0,32.5355,4.56749,27.7202,0.84672,12.849,0.84672,3695.15,0,36.966,0.315514,0.402797,1.64969,2.08583,1.13699,2.68581,0.42336,36.966,0.42336,423.524,0,0.762281,0,0,1.16508,0.402797,1.028160,1,0,30.406,0,0,0,30.406,0
42.7819,2.09562,0,0,1.73625,0.133824,0.36288,3.6288,59.4024,0.545709,0,0,0.41797,0.214543,0,0.66528,12.849,1,0.617045,0.36288,0,26.9563,4.40191,22.3002,0.84672,12.849,0.84672,3695.15,0,36.966,0.337648,0.402797,1.73598,1.74707,1.16061,2.38759,0.42336,36.966,0.42336,423.524,0,0.706009,0,0,1.10881,0.402797,1.028160,1,0,24.6878,0,0,0,24.6878,0
41.8435,2.0865,0,0,1.63193,0.120994,0.36288,3.6288,59.1397,0.480364,0,0,0.435285,0.217601,0,0.66528,12.849,1,0.626655,0.36288,0,24.8296,4.51028,20.0556,0.84672,12.849,0.84672,3695.15,0,36.966,0.29893,0.30119,1.7363,1.77559,1.14055,2.3736,0.42336,36.966,0.42336,423.524,0,0.810363,0,0,1.11155,0.30119,1.028160,1,0,22.4292,0,0,0,22.4292,0
40.8529,2.07613,0,0,1.56817,0.11968,0.36288,3.6288,58.8521,0.513769,0,0,0.443429,0.217235,0,0.66528,12.849,1,0.637524,0.36288,0,23.4072,4.51028,18.6223,0.84672,12.849,0.84672,3695.15,0,36.966,0.321138,0.30119,1.73661,1.77051,1.14055,2.34663,0.42336,36.966,0.42336,423.524,0,0.755041,0,0,1.05623,0.30119,1.028160,1,0,20.9689,0,0,0,20.9689,0
39.7092,2.06475,0,0,1.39959,0.115711,0.36288,3.6288,58.5359,0.542845,0,0,0.448316,0.221707,0,0.66528,12.849,1,0.649402,0.36288,0,22.8688,4.41789,18.1644,0.84672,12.849,0.84672,3695.15,0,36.966,0.34097,0.30119,1.73693,1.84385,1.09057,2.45044,0.42336,36.966,0.42336,423.524,0,0.706424,0,0,1.00761,0.30119,1.028160,1,0,20.6148,0,0,0,20.6148,0
38.4775,2.03262,0,0,1.27456,0.110754,0.36288,3.6288,58.1825,0.588463,0,0,0.462866,0.22774,0,0.66528,12.849,1,0.657712,0.36288,0,22.3077,4.29471,17.7182,0.84672,12.849,0.84672,3695.15,0,36.966,0.371621,0.30119,1.73725,2.14862,1.02393,2.79151,0.42336,36.966,0.42336,423.524,0,0.675285,0,0,0.976476,0.30119,1.028160,1,0,20.5097,0,0,0,20.5097,0
37.2112,2.01721,0,0,1.2127,0.0988635,0.36288,3.6288,57.8133,0.571005,0,0,0.451855,0.250078,0,0.66528,12.849,1,0.673618,0.36288,0,21.0265,4.62047,16.0953,0.84672,12.849,0.84672,3695.15,0,36.966,0.362785,0.261274,1.76766,2.08865,1.13418,2.62061,0.42336,36.966,0.42336,423.524,0,0.701879,0,0,0.963153,0.261274,1.028160,1,0,18.7159,0,0,0,18.7159,0
35.8131,2.00054,0,0,1.04938,0.0841342,0.36288,3.6288,57.3534,0.610392,0,0,0.425149,0.274644,0,0.66528,12.849,1,0.690784,0.36288,0,19.6162,5.326,13.9623,0.84672,12.849,0.84672,3695.15,0,36.966,0.390286,0.261274,1.76798,2.08603,1.38177,2.34323,0.42336,36.966,0.42336,423.524,0,0.635291,0,0,0.896564,0.261274,1.028160,1,0,16.3055,0,0,0,16.3055,0
34.4151,1.98105,0,0,1.0289,0.0829598,0.36288,3.6288,56.9282,0.575556,0,0,0.420212,0.269909,0,0.66528,12.849,1,0.710762,0.36288,0,18.1297,5.5294,12.2525,0.84672,12.849,0.84672,3695.15,0,36.966,0.370963,0.261274,1.7683,2.05653,1.45722,2.25792,0.42336,36.966,0.42336,423.524,0,0.689748,0,0,0.951022,0.261274,1.028160,1,0,14.5104,0,0,0,14.5104,0
33.0066,2.00614,0,0,1.03016,0.0695692,0.36288,3.6288,56.5169,0.611348,0,0,0.514839,0.31481,0,0.66528,12.849,1,0.749,0.36288,0,20.2547,6.02238,13.8462,0.84672,12.849,0.84672,3695.15,0,36.966,0.396975,0.261274,1.76863,1.86502,1.48917,2.00878,0.42336,36.966,0.42336,423.524,0,0.668235,0,0,0.929509,0.261274,1.028160,1,0,15.8549,0,0,0,15.8549,0
31.5682,1.9835,0,0,0.976329,0.0683721,0.36288,3.6288,56.1085,0.555008,0,0,0.460599,0.313968,0,0.66528,12.849,1,0.772147,0.36288,0,17.8968,6.02238,11.4652,0.84672,12.849,0.84672,3695.15,0,36.966,0.363014,0.261274,1.81162,1.94793,1.48917,2.16864,0.42336,36.966,0.42336,423.524,0,0.758843,0,0,1.02012,0.261274,1.028160,1,0,13.6338,0,0,0,13.6338,0
30.092,1.95885,0,0,0.912704,0.0671495,0.36288,3.6288,55.6354,0.586112,0,0,0.426157,0.313132,0,0.66528,12.849,1,0.797298,0.36288,0,17.0173,6.02238,10.5605,0.84672,12.849,0.84672,3695.15,0,36.966,0.386148,0.227405,1.81195,1.70926,1.48917,1.8733,0.42336,36.966,0.42336,423.524,0,0.704912,0,0,0.932316,0.227405,1.028160,1,0,12.4338,0,0,0,12.4338,0
28.6319,1.9318,0,0,0.900435,0.0658639,0.36288,3.6288,55.2377,0.546564,0,0,0.461062,0.312164,0,0.66528,12.849,1,0.824858,0.36288,0,15.7904,6.02238,9.30602,0.84672,12.849,0.84672,3695.15,0,36.966,0.363156,0.227405,1.81229,1.93296,1.48917,2.12032,0.42336,36.966,0.42336,423.524,0,0.767759,0,0,0.995164,0.227405,1.028160,1,0,11.4263,0,0,0,11.4263,0
26.9952,2.09458,0,0,0.869892,0.0492094,0.36288,3.6288,54.6924,0.697326,0,0,0.460414,0.308412,0,0.66528,12.849,1,0.84672,0.36288,0,15.4442,6.15164,8.8087,0.84672,12.849,0.84672,3695.15,0,36.966,0.42336,0.227405,1.81262,2.31081,1.57589,2.35158,0.42336,36.966,0.42336,423.524,0,0.701551,0,0,0.928955,0.227405,1.028160,1,0,11.1603,0,0,0,11.1603,0
25.2254,2.09512,0,0,0.733216,0.0449721,0.36288,3.6288,53.9587,0.833869,0,0,0.408257,0.30813,0,0.66528,12.849,1,0.84672,0.36288,0,12.9298,6.05934,6.38667,0.84672,12.849,0.84672,3695.15,0,36.966,0.42336,0.227405,1.95906,2.04015,1.5956,2.20765,0.42336,36.966,0.42336,423.524,0,0.565341,0,0,0.792746,0.227405,1.028160,1,0,8.59432,0,0,0,8.59432,0
23.6006,2.09565,0,0,0.877565,0.0438612,0.36288,3.6288,53.3476,0.743016,0,0,0.438577,0.306638,0,0.66528,12.849,1,0.84672,0.36288,0,13.3817,6.05934,6.83854,0.84672,12.849,0.84672,3695.15,0,36.966,0.42336,0.204422,1.95942,2.23779,1.5956,2.38267,0.42336,36.966,0.42336,423.524,0,0.656528,0,0,0.86095,0.204422,1.028160,1,0,9.22121,0,0,0,9.22121,0
22.5841,2.09619,0,0,1.50055,0.0579223,0.36288,3.6288,53.0054,0.605356,0,0,0.563312,0.300112,0,0.66528,12.849,1,0.84672,0.36288,0,22.2387,5.91092,15.8439,0.84672,12.849,0.84672,3695.15,0,36.966,0.419468,0.204422,1.95978,2.47705,1.57739,2.64439,0.42336,36.966,0.42336,423.524,0,0.798414,0,0,1.00284,0.204422,1.028160,1,0,18.4883,0,0,0,18.4883,0
21.8643,2.09673,0,0,1.79542,0.0556218,0.36288,3.6288,52.8021,0.563262,0,0,0.6458,0.285852,0,0.66528,12.849,1,0.84672,0.36288,0,26.0782,5.82874,19.7656,0.84672,12.849,0.84672,3695.15,0,36.966,0.392819,0.204422,1.96014,2.67671,1.49731,2.95114,0.42336,36.966,0.42336,423.524,0,0.867491,0,0,1.07191,0.204422,1.028160,1,0,22.7168,0,0,0,22.7168,0
21.1217,2.16393,0,0,1.84575,0.0615826,0.36288,3.6288,53.014,0.472432,0,0,0.956662,0.272358,0,0.66528,12.849,1,0.84672,0.36288,0,20.6856,5.10342,15.0984,0.84672,12.849,0.84672,3695.15,0,36.966,0.330743,0.841985,1.96049,4.09742,1.32433,5.24482,0.42336,36.966,0.42336,423.524,0,1.02816,0,0,1.87015,0.841985,1.028160,1,0,20.3432,0,0,0,20.3432,0
20.3181,2.00797,0,0,1.62824,0.0609635,0.36288,3.6288,52.7963,0.483493,0,0,0.538603,0.272821,0,0.66528,12.849,1,0.84672,0.36288,0,21.4271,5.10342,15.8399,0.84672,12.849,0.84672,3695.15,0,36.966,0.337134,0.216518,1.97908,3.07269,1.32433,3.60683,0.42336,36.966,0.42336,423.524,0,0.91584,0,0,1.13236,0.216518,1.028160,1,0,19.4467,0,0,0,19.4467,0
19.2681,2.00849,0,0,1.38166,0.0602935,0.36288,3.6288,52.4715,0.543372,0,0,0.490963,0.272346,0,0.66528,12.849,1,0.84672,0.36288,0,19.7993,5.10342,14.212,0.84672,12.849,0.84672,3695.15,0,36.966,0.380449,0.216518,1.87656,2.92379,1.32433,3.3121,0.42336,36.966,0.42336,423.524,0,0.812963,0,0,1.02948,0.216518,1.028160,1,0,17.5241,0,0,0,17.5241,0
19.5604,2.16558,0,0,2.94589,0.125167,0.36288,3.6288,52.712,0.471799,0,0,0.898144,0.185905,0,0.66528,12.849,1,0.84672,0.36288,0,43.5842,3.85764,39.2427,0.84672,12.849,0.84672,3695.15,0,36.966,0.332381,0.353825,1.87691,6.47838,0.934941,7.44179,0.42336,36.966,0.42336,423.524,0,1.02816,0,0,1.38199,0.353825,1.028160,1,0,46.6845,0,0,0,46.6845,0
18.6558,2.0883,0,0,1.70022,0.15362,0.36288,3.6288,52.231,0.76033,0,0,0.490547,0.211167,0,0.66528,12.849,1,0.84672,0.36288,0,28.1475,4.20351,23.4601,0.84672,12.849,0.84672,3695.15,0,36.966,0.42336,0.216518,1.98017,4.18958,1.00796,4.95495,0.42336,36.966,0.42336,423.524,0,0.564665,0,0,0.781183,0.216518,1.028160,1,0,28.4151,0,0,0,28.4151,0
17.3671,1.93626,0,0,1.16491,0.154465,0.36288,3.6288,51.5719,0.728135,0,0,0.285844,0.216864,0,0.66528,12.849,1,0.84672,0.36288,0,14.7288,4.29576,9.94918,0.84672,12.849,0.84672,3695.15,0,36.966,0.42336,0.216518,1.9008,3.08839,1.03094,3.75141,0.42336,36.966,0.42336,423.524,0,0.50629,0,0,0.722809,0.216518,1.028160,1,0,13.7006,0,0,0,13.7006,0
17.8779,1.93677,0,0,2.96213,0.151648,0.36288,3.6288,51.9044,0.366923,0,0,0.915153,0.215713,0,0.66528,12.849,1,0.84672,0.36288,0,41.0922,4.29576,36.3126,0.84672,12.849,0.84672,3695.15,0,36.966,0.263006,1.17129,1.80234,7.21767,1.03094,8.89734,0.42336,36.966,0.42336,423.524,0,1.02816,0,0,2.19945,1.17129,1.028160,1,0,45.2099,0,0,0,45.2099,0
18.8982,1.93728,0,0,3.48563,0.165221,0.36288,3.6288,52.5151,0.368085,0,0,1.18039,0.2016,0,0.66528,12.849,1,0.84672,0.36288,0,49.0276,4.07811,44.4656,0.84672,12.849,0.84672,3695.15,0,36.966,0.262148,0.406615,1.80267,7.3124,0.969292,8.29024,0.42336,36.966,0.42336,423.524,0,1.02816,0,0,1.43477,0.406615,1.028160,1,0,52.7559,0,0,0,52.7559,0
19.4194,1.72809,0,0,2.79309,0.180881,0.36288,3.6288,53.7412,0.272271,0,0,1.67634,0.177968,0,0.66528,12.849,1,0.84672,0.36288,0,50.0279,3.85056,45.6935,0.84672,12.849,0.84672,3695.15,0,36.966,0.191655,0.930372,1.803,7.79744,0.905791,9.43336,0.42336,36.966,0.42336,423.524,0,1.02816,0,0,1.95853,0.930372,1.028160,1,0,55.1269,0,0,0,55.1269,0
20.5657,1.72856,0,0,3.41625,0.178534,0.36288,3.6288,55.4149,0.275023,0,0,2.12573,0.177018,0,0.66528,12.849,1,0.84672,0.36288,0,56.4996,3.96795,52.0478,0.84672,12.849,0.84672,3695.15,0,36.966,0.189175,1.0353,1.6353,8.17413,0.992499,9.66306,0.42336,36.966,0.42336,423.524,0,1.02816,0,0,2.06346,1.0353,1.028160,1,0,61.7109,0,0,0,61.7109,0
21.138,1.72903,0,0,2.84561,0.1814,0.36288,3.6288,57.03,0.278614,0,0,2.07274,0.179006,0,0.66528,12.849,1,0.84672,0.36288,0,56.2735,3.96795,51.8217,0.84672,12.849,0.84672,3695.15,0,36.966,0.185857,0.928904,1.6356,8.16497,0.992499,9.55112,0.42336,36.966,0.42336,423.524,0,1.02816,0,0,1.95706,0.928904,1.028160,1,0,61.3729,0,0,0,61.3729,0
23.5804,1.7295,0,0,4.71657,0.181754,0.36288,3.6288,58.6128,0.281974,0,0,2.06668,0.201868,0,0.66528,12.849,1,0.84672,0.36288,0,52.4354,4.62945,47.3221,0.84672,12.849,0.84672,3695.15,0,36.966,0.182771,1.29272,1.6359,8.53727,1.19786,10.0853,0.42336,36.966,0.42336,423.524,0,1.02816,0,0,2.32088,1.29272,1.028160,1,0,57.4074,0,0,0,57.4074,0
25.9572,1.72997,0,0,4.65074,0.181115,0.36288,3.6288,60.7624,0.285168,0,0,2.65064,0.215861,0,0.66528,12.849,1,0.84672,0.36288,0,94.5719,4.87413,89.2139,0.84672,12.849,0.84672,3695.15,0,36.966,0.17985,1.86273,1.6362,10.6773,1.27173,12.7247,0.42336,36.966,0.42336,423.524,0,1.02816,0,0,2.89089,1.86273,1.028160,1,0,101.939,0,0,0,101.939,0
25.0035,1.81117,0,0,1.37082,0.150446,0.36288,3.6288,61.308,0.319314,0,0,2.13414,0.194707,1.07455,0.66528,12.849,1,0.84672,0.36288,0,40.1954,3.36546,36.3461,0.84672,12.849,0.84672,3695.15,0,36.966,0.194261,1.3093,1.6365,7.03214,0.790869,8.99281,0.42336,36.966,0.42336,423.524,0,1.02816,0,0,2.33746,1.3093,1.028160,1,0,46.4135,0,0,0,46.4135,0
24.6651,1.81163,0,0,1.98448,0.148414,0.36288,3.6288,61.308,0.320561,0,0,2.18802,0.195381,1.67208,0.66528,12.849,1,0.84672,0.36288,0,40.3904,3.36546,36.5411,0.84672,12.849,0.84672,3695.15,0,36.966,0.193284,1.55843,1.68923,7.34906,0.790869,9.61257,0.42336,36.966,0.42336,423.524,0,1.02816,0,0,2.58659,1.55843,1.028160,1,0,47.8258,0,0,0,47.8258,0
25.5168,1.8121,0,0,3.17438,0.147693,0.36288,3.6288,61.308,0.32073,0,0,2.47371,0.195381,1.9576,0.66528,12.849,1,0.84672,0.36288,0,63.9442,3.36546,60.0949,0.84672,12.849,0.84672,3695.15,0,36.966,0.193386,1.81324,1.68953,9.94844,0.790869,12.467,0.42336,36.966,0.42336,423.524,0,1.02816,0,0,2.8414,1.81324,1.028160,1,0,74.5195,0,0,0,74.5195,0
27.2282,1.81257,0,0,4.08669,0.199858,0.36288,3.6288,61.308,0.320898,0,0,2.42349,0.203602,1.89898,0.66528,12.849,1,0.84672,0.36288,0,91.8847,3.83712,87.5637,0.84672,12.849,0.84672,3695.15,0,36.966,0.193487,1.79126,1.68982,10.5533,1.05477,12.7862,0.42336,36.966,0.42336,423.524,0,1.02816,0,0,2.81942,1.79126,1.028160,1,0,102.249,0,0,0,102.249,0
26.8446,2.07246,0,0,2.25535,0.203581,0.36288,3.6288,61.308,0.434234,0,0,1.73761,0.191636,1.11174,0.66528,12.849,1,0.84672,0.36288,0,53.1134,3.44652,49.1831,0.84672,12.849,0.84672,3695.15,0,36.966,0.261824,1.28816,1.69012,5.85799,0.931343,7.64311,0.42336,36.966,0.42336,423.524,0,1.02816,0,0,2.31632,1.28816,1.028160,1,0,57.9379,0,0,0,57.9379,0
26.9227,2.07297,0,0,2.71603,0.202037,0.36288,3.6288,61.308,0.434423,0,0,1.42161,0.186849,0.800337,0.66528,12.849,1,0.84672,0.36288,0,70.1872,3.29028,66.4131,0.84672,12.849,0.84672,3695.15,0,36.966,0.261938,1.21644,1.87918,5.03926,0.881971,6.99098,0.42336,36.966,0.42336,423.524,0,1.02816,0,0,2.2446,1.21644,1.028160,1,0,74.2044,0,0,0,74.2044,0
26.8749,2.07348,0,0,2.59078,0.202257,0.36288,3.6288,61.308,0.434611,0,0,1.62871,0.186849,1.00725,0.66528,12.849,1,0.84672,0.36288,0,62.6367,3.29028,58.8626,0.84672,12.849,0.84672,3695.15,0,36.966,0.262051,1.23107,1.87951,5.15338,0.881971,7.11994,0.42336,36.966,0.42336,423.524,0,1.02816,0,0,2.25923,1.23107,1.028160,1,0,66.9898,0,0,0,66.9898,0
27.4319,2.07399,0,0,3.18725,0.19335,0.36288,3.6288,61.308,0.4348,0,0,2.21644,0.203892,1.57775,0.66528,12.849,1,0.84672,0.36288,0,79.0574,3.86724,74.7063,0.84672,12.849,0.84672,3695.15,0,36.966,0.262165,1.49405,1.87984,9.02497,1.01415,11.1225,0.42336,36.966,0.42336,423.524,0,1.02816,0,0,2.52221,1.49405,1.028160,1,0,87.4066,0,0,0,87.4066,0
28.4948,1.73723,0,0,3.38199,0.218975,0.36288,3.6288,61.308,0.28301,0,0,2.03988,0.168223,1.58865,0.66528,12.849,1,0.813711,0.36288,0,87.9565,3.50661,83.9991,0.84672,12.849,0.84672,3695.15,0,36.966,0.170642,1.70025,1.88017,8.76053,0.872228,11.2981,0.42336,36.966,0.42336,423.524,0,1.02816,0,0,2.72841,1.70025,1.028160,1,0,96.8858,0,0,0,96.8858,0
30.1046,1.75846,0,0,3.96747,0.236347,0.36288,3.6288,61.308,0.283172,0,0,1.95734,0.152405,1.52176,0.66528,12.849,1,0.79293,0.36288,0,97.4912,3.15231,93.9088,0.84672,12.849,0.84672,3695.15,0,36.966,0.17074,1.79899,1.62289,9.66125,0.798069,12.1143,0.42336,36.966,0.42336,423.524,0,1.02816,0,0,2.82715,1.79899,1.028160,1,0,107.545,0,0,0,107.545,0
31.6934,1.78849,0,0,3.97968,0.239548,0.36288,3.6288,61.308,0.283334,0,0,1.74067,0.169063,1.28828,0.66528,12.849,1,0.763347,0.36288,0,76.5271,3.52254,72.6041,0.84672,12.849,0.84672,3695.15,0,36.966,0.170838,1.8636,1.62318,8.48673,0.898987,10.9037,0.42336,36.966,0.42336,423.524,0,1.02816,0,0,2.89176,1.8636,1.028160,1,0,84.796,0,0,0,84.796,0
33.5575,1.81603,0,0,4.28249,0.239463,0.36288,3.6288,61.308,0.283496,0,0,2.24167,0.21071,1.74747,0.66528,12.849,1,0.736248,0.36288,0,79.5761,4.44811,74.7546,0.84672,12.849,0.84672,3695.15,0,36.966,0.170935,2.18735,1.62346,10.0635,1.15128,12.5521,0.42336,36.966,0.42336,423.524,0,1.02816,0,0,3.21551,2.18735,1.028160,1,0,89.0542,0,0,0,89.0542,0
34.485,1.84593,0,0,3.37704,0.240728,0.36288,3.6288,61.308,0.283658,0,0,1.66016,0.197901,1.1786,0.66528,12.849,1,0.706798,0.36288,0,76.5625,4.35301,71.8656,0.84672,12.849,0.84672,3695.15,0,36.966,0.171033,1.94162,1.62375,8.10968,1.08827,10.4157,0.42336,36.966,0.42336,423.524,0,1.02816,0,0,2.96978,1.94162,1.028160,1,0,83.4599,0,0,0,83.4599,0
36.5342,1.92807,0,0,4.57256,0.232419,0.36288,3.6288,61.308,0.321032,0,0,1.62355,0.16588,1.13664,0.66528,12.849,1,0.718393,0.36288,0,104.732,4.11527,100.262,0.84672,12.849,0.84672,3695.15,0,36.966,0.193568,2.93155,1.62403,10.6021,0.930741,14.0333,0.42336,36.966,0.42336,423.524,0,1.02816,0,0,3.95971,2.93155,1.028160,1,0,115.432,0,0,0,115.432,0
37.3238,1.95822,0,0,3.34067,0.22991,0.36288,3.6288,61.308,0.3212,0,0,1.40545,0.174462,0.909789,0.66528,12.849,1,0.688703,0.36288,0,76.1806,4.24209,71.6127,0.84672,12.849,0.84672,3695.15,0,36.966,0.19367,2.08119,1.68788,8.93592,0.974466,11.5369,0.42336,36.966,0.42336,423.524,0,1.02816,0,0,3.10935,2.08119,1.028160,1,0,84.0593,0,0,0,84.0593,0
37.3221,1.96941,0,0,2.51218,0.181666,0.36288,3.6288,61.308,0.321369,0,0,1.00283,0.225953,0.455505,0.66528,12.849,1,0.677982,0.36288,0,65.2317,5.00304,59.9135,0.84672,12.849,0.84672,3695.15,0,36.966,0.193771,1.15524,1.68818,6.38379,1.23681,7.79663,0.42336,36.966,0.42336,423.524,0,1.02816,0,0,2.1834,1.15524,1.028160,1,0,68.1656,0,0,0,68.1656,0
37.1376,1.96973,0,0,2.3298,0.181663,0.36288,3.6288,61.308,0.321538,0,0,0.886084,0.225953,0.338593,0.66528,12.849,1,0.678125,0.36288,0,61.8443,5.00304,56.5261,0.84672,12.849,0.84672,3695.15,0,36.966,0.193873,0.950702,1.68847,6.1132,1.23681,7.32169,0.42336,36.966,0.42336,423.524,0,1.02816,0,0,1.97886,0.950702,1.028160,1,0,64.1863,0,0,0,64.1863,0
37.8643,1.94045,0,0,3.18043,0.150438,0.36288,3.6288,61.308,0.307243,0,0,1.52283,0.214341,1.00124,0.66528,12.849,1,0.671365,0.36288,0,78.8478,4.22552,74.3138,0.84672,12.849,0.84672,3695.15,0,36.966,0.185254,3.20047,1.68877,8.65123,1.17171,12.1835,0.42336,36.966,0.42336,423.524,0,1.02816,0,0,4.22863,3.20047,1.028160,1,0,87.4985,0,0,0,87.4985,0
37.9978,1.95041,0,0,2.59852,0.15173,0.36288,3.6288,61.308,0.307409,0,0,1.30596,0.214341,0.784211,0.66528,12.849,1,0.661861,0.36288,0,59.5514,4.22552,55.0269,0.84672,12.849,0.84672,3695.15,0,36.966,0.185354,2.58973,1.66431,5.81521,1.17171,8.71219,0.42336,36.966,0.42336,423.524,0,1.02816,0,0,3.61789,2.58973,1.028160,1,0,64.5233,0,0,0,64.5233,0
37.8237,1.95249,0,0,2.29332,0.151968,0.36288,3.6288,61.308,0.307576,0,0,1.22203,0.214341,0.700116,0.66528,12.849,1,0.660239,0.36288,0,51.9074,4.22552,47.3845,0.84672,12.849,0.84672,3695.15,0,36.966,0.185454,2.13729,1.66461,5.1387,1.17171,7.58343,0.42336,36.966,0.42336,423.524,0,1.02816,0,0,3.16545,2.13729,1.028160,1,0,55.6681,0,0,0,55.6681,0
37.4251,1.95057,0,0,2.06645,0.151658,0.36288,3.6288,61.308,0.307742,0,0,1.08298,0.214341,0.560898,0.66528,12.849,1,0.662622,0.36288,0,45.3108,4.22552,40.7856,0.84672,12.849,0.84672,3695.15,0,36.966,0.185555,1.81649,1.6649,4.6405,1.17171,6.76462,0.42336,36.966,0.42336,423.524,0,1.02816,0,0,2.84465,1.81649,1.028160,1,0,48.1111,0,0,0,48.1111,0
36.7756,2.03795,0,0,1.88843,0.137071,0.36288,3.6288,61.308,0.359234,0,0,1.15268,0.166391,0.627056,0.66528,12.849,1,0.699681,0.36288,0,42.3859,3.7694,38.2797,0.84672,12.849,0.84672,3695.15,0,36.966,0.216602,1.97372,1.66519,4.54676,1.02582,6.94325,0.42336,36.966,0.42336,423.524,0,1.02816,0,0,3.00188,1.97372,1.028160,1,0,45.85,0,0,0,45.85,0
36.2069,2.02915,0,0,1.89802,0.0746871,0.36288,3.6288,61.308,0.359409,0,0,1.19012,0.194087,0.636621,0.66528,12.849,1,0.708962,0.36288,0,42.5174,4.50002,37.6713,0.84672,12.849,0.84672,3695.15,0,36.966,0.216707,2.17637,1.75228,4.98453,1.16469,7.53178,0.42336,36.966,0.42336,423.524,0,1.02816,0,0,3.20453,2.17637,1.028160,1,0,45.8397,0,0,0,45.8397,0
35.4281,2.02128,0,0,1.66841,0.0630912,0.36288,3.6288,61.308,0.359584,0,0,0.980312,0.199719,0.421008,0.66528,12.849,1,0.717307,0.36288,0,38.2225,4.57558,33.2925,0.84672,12.849,0.84672,3695.15,0,36.966,0.216813,1.72293,1.75259,4.24536,1.17989,6.32417,0.42336,36.966,0.42336,423.524,0,1.02816,0,0,2.75109,1.72293,1.028160,1,0,40.0377,0,0,0,40.0377,0
34.583,2.01006,0,0,1.59037,0.0625037,0.36288,3.6288,61.308,0.359759,0,0,0.785877,0.199719,0.226398,0.66528,12.849,1,0.729007,0.36288,0,35.3705,4.57558,30.4288,0.84672,12.849,0.84672,3695.15,0,36.966,0.216919,1.45418,1.75289,4.04459,1.17989,5.85485,0.42336,36.966,0.42336,423.524,0,1.02816,0,0,2.48234,1.45418,1.028160,1,0,36.5101,0,0,0,36.5101,0
33.5922,1.99742,0,0,1.43572,0.066244,0.36288,3.6288,61.308,0.359935,0,0,0.653149,0.251623,0.0415905,0.66528,12.849,1,0.742125,0.36288,0,29.4881,5.29999,23.8089,0.84672,12.849,0.84672,3695.15,0,36.966,0.217025,1.08651,1.7532,3.43022,1.31278,4.74013,0.42336,36.966,0.42336,423.524,0,1.02816,0,0,2.11467,1.08651,1.028160,1,0,28.5906,0,0,0,28.5906,0
32.3747,1.96419,0,0,1.17906,0.0694422,0.36288,3.6288,61.2271,0.388344,0,0,0.546564,0.23915,0,0.66528,12.849,1,0.751301,0.36288,0,21.2611,4.681,16.1916,0.84672,12.849,0.84672,3695.15,0,36.966,0.234154,0.478535,1.75351,2.48619,1.14913,3.33494,0.42336,36.966,0.42336,423.524,0,1.02816,0,0,1.5067,0.478535,1.028160,1,0,19.5266,0,0,0,19.5266,0
31.1407,1.9443,0,0,1.14153,0.0683988,0.36288,3.6288,61.1181,0.388331,0,0,0.518347,0.239028,0,0.66528,12.849,1,0.771662,0.36288,0,19.9601,4.681,14.8703,0.84672,12.849,0.84672,3695.15,0,36.966,0.234456,0.476289,1.78418,2.52375,1.14913,3.40063,0.42336,36.966,0.42336,423.524,0,1.02816,0,0,1.50445,0.476289,1.028160,1,0,18.271,0,0,0,18.271,0
29.8264,1.92299,0,0,1.01701,0.0453772,0.36288,3.6288,60.9407,0.388251,0,0,0.502716,0.291866,0,0.66528,12.849,1,0.793448,0.36288,0,18.9384,5.5089,12.9989,0.84672,12.849,0.84672,3695.15,0,36.966,0.234825,0.327586,1.78449,2.45437,1.43153,2.9001,0.42336,36.966,0.42336,423.524,0,1.02816,0,0,1.35575,0.327586,1.028160,1,0,15.899,0,0,0,15.899,0
28.4735,1.89889,0,0,0.953839,0.0449909,0.36288,3.6288,60.7454,0.388005,0,0,0.476277,0.283518,0,0.66528,12.849,1,0.818027,0.36288,0,17.3387,5.9157,10.9678,0.84672,12.849,0.84672,3695.15,0,36.966,0.23536,0.394157,1.78481,2.40399,1.58242,2.76518,0.42336,36.966,0.42336,423.524,0,1.02816,0,0,1.42232,0.394157,1.028160,1,0,13.733,0,0,0,13.733,0
27.2561,1.93409,0,0,1.11296,0.0334155,0.36288,3.6288,60.5502,0.412808,0,0,0.522158,0.304544,0,0.66528,12.849,1,0.84672,0.36288,0,20.1618,5.63661,14.0413,0.84672,12.849,0.84672,3695.15,0,36.966,0.25121,0.561626,1.78512,2.46614,1.47564,3.08604,0.42336,36.966,0.42336,423.524,0,1.02816,0,0,1.58979,0.561626,1.028160,1,0,17.1274,0,0,0,17.1274,0
25.9334,1.93458,0,0,1.00589,0.031096,0.36288,3.6288,60.3225,0.412489,0,0,0.492525,0.307725,0,0.66528,12.849,1,0.84672,0.36288,0,19.61,5.5901,13.5361,0.84672,12.849,0.84672,3695.15,0,36.966,0.251825,0.531023,1.8285,2.36193,1.45784,3.01179,0.42336,36.966,0.42336,423.524,0,1.02816,0,0,1.55918,0.531023,1.028160,1,0,16.5479,0,0,0,16.5479,0
24.5526,1.93506,0,0,0.947661,0.030524,0.36288,3.6288,60.0762,0.412083,0,0,0.472998,0.30728,0,0.66528,12.849,1,0.84672,0.36288,0,18.6448,5.5901,12.5708,0.84672,12.849,0.84672,3695.15,0,36.966,0.252527,0.392265,1.82882,2.30586,1.45784,2.81658,0.42336,36.966,0.42336,423.524,0,1.02816,0,0,1.42042,0.392265,1.028160,1,0,15.3874,0,0,0,15.3874,0
23.0863,1.93555,0,0,0.861996,0.0299268,0.36288,3.6288,59.8089,0.411625,0,0,0.451113,0.306799,0,0.66528,12.849,1,0.84672,0.36288,0,15.3281,5.5901,9.2542,0.84672,12.849,0.84672,3695.15,0,36.966,0.253281,0.275521,1.82914,2.17359,1.45784,2.56713,0.42336,36.966,0.42336,423.524,0,1.02816,0,0,1.30368,0.275521,1.028160,1,0,11.8213,0,0,0,11.8213,0
21.4372,2.12188,0,0,0.859861,0.0241851,0.36288,3.6288,59.4011,0.519329,0,0,0.431342,0.319769,0,0.66528,12.849,1,0.84672,0.36288,0,14.2017,5.73125,7.98657,0.84672,12.849,0.84672,3695.15,0,36.966,0.320981,0.227405,1.82946,2.12554,1.54495,2.31648,0.42336,36.966,0.42336,423.524,0,0.998845,0,0,1.22625,0.227405,1.028160,1,0,10.303,0,0,0,10.303,0
20.025,2.1224,0,0,1.09109,0.0179888,0.36288,3.6288,59.1186,0.500099,0,0,0.551941,0.334323,0,0.66528,12.849,1,0.84672,0.36288,0,20.2924,5.91392,13.8947,0.84672,12.849,0.84672,3695.15,0,36.966,0.311217,0.460244,1.97725,2.67507,1.61836,3.18298,0.42336,36.966,0.42336,423.524,0,1.02816,0,0,1.4884,0.460244,1.028160,1,0,17.0777,0,0,0,17.0777,0
18.3835,2.12292,0,0,0.861996,0.0176429,0.36288,3.6288,58.5861,0.601683,0,0,0.402894,0.333718,0,0.66528,12.849,1,0.84672,0.36288,0,20.9413,5.91392,14.5435,0.84672,12.849,0.84672,3695.15,0,36.966,0.376223,0.204422,1.97759,2.11963,1.61836,2.30706,0.42336,36.966,0.42336,423.524,0,0.861892,0,0,1.06631,0.204422,1.028160,1,0,16.8506,0,0,0,16.8506,0
16.9476,2.12344,0,0,1.06761,0.0172408,0.36288,3.6288,58.426,0.497839,0,0,0.670277,0.332579,0,0.66528,12.849,1,0.84672,0.36288,0,18.5585,5.91392,12.1607,0.84672,12.849,0.84672,3695.15,0,36.966,0.314121,0.873694,1.97794,3.18521,1.61836,4.10435,0.42336,36.966,0.42336,423.524,0,1.02816,0,0,1.90185,0.873694,1.028160,1,0,16.2651,0,0,0,16.2651,0
15.3714,2.12396,0,0,0.923426,0.0127338,0.36288,3.6288,58.0666,0.497509,0,0,0.450077,0.31195,0,0.66528,12.849,1,0.84672,0.36288,0,15.4233,5.29507,9.64435,0.84672,12.849,0.84672,3695.15,0,36.966,0.314773,0.377905,1.97829,3.03535,1.35619,3.72058,0.42336,36.966,0.42336,423.524,0,1.02816,0,0,1.40606,0.377905,1.028160,1,0,13.3649,0,0,0,13.3649,0
14.3067,2.03383,0,0,1.34015,0.00814104,0.36288,3.6288,57.6446,0.4424,0,0,0.348385,0.327997,0,0.66528,12.849,1,0.84672,0.36288,0,14.6335,5.48557,8.66407,0.84672,12.849,0.84672,3695.15,0,36.966,0.281638,0.934476,1.97863,2.64443,1.47393,3.80196,0.42336,36.966,0.42336,423.524,0,1.02816,0,0,1.96264,0.934476,1.028160,1,0,12.466,0,0,0,12.466,0
13.3737,2.03433,0,0,1.50998,0.0458017,0.36288,3.6288,57.3963,0.44133,0,0,0.487986,0.294936,0,0.66528,12.849,1,0.84672,0.36288,0,14.1107,4.62913,8.9977,0.84672,12.849,0.84672,3695.15,0,36.966,0.283014,1.52998,1.89356,3.53152,1.28691,5.38514,0.42336,36.966,0.42336,423.524,0,1.02816,0,0,2.55814,1.52998,1.028160,1,0,14.3828,0,0,0,14.3828,0
12.346,2.03484,0,0,1.41649,0.0464392,0.36288,3.6288,57.1558,0.440772,0,0,0.495772,0.295443,0,0.66528,12.849,1,0.84672,0.36288,0,17.368,4.64541,12.2387,0.84672,12.849,0.84672,3695.15,0,36.966,0.283879,1.45387,1.89389,3.57318,1.29623,5.34083,0.42336,36.966,0.42336,423.524,0,1.02816,0,0,2.48203,1.45387,1.028160,1,0,17.5795,0,0,0,17.5795,0
11.4927,2.03534,0,0,1.59027,0.0453978,0.36288,3.6288,57.0381,0.440233,0,0,0.617435,0.294983,0,0.66528,12.849,1,0.84672,0.36288,0,27.942,4.64541,22.8128,0.84672,12.849,0.84672,3695.15,0,36.966,0.284724,1.9359,1.89423,4.5489,1.29623,6.79806,0.42336,36.966,0.42336,423.524,0,1.02816,0,0,2.96406,1.9359,1.028160,1,0,29.6108,0,0,0,29.6108,0
11.17,1.96138,0,0,2.08991,0.0883642,0.36288,3.6288,56.9078,0.391112,0,0,0.507998,0.247192,0,0.66528,12.849,1,0.84672,0.36288,0,41.7514,4.40954,36.858,0.84672,12.849,0.84672,3695.15,0,36.966,0.253477,0.928886,1.89456,4.62372,1.07507,6.11862,0.42336,36.966,0.42336,423.524,0,1.02816,0,0,1.95705,0.928886,1.028160,1,0,42.9767,0,0,0,42.9767,0
10.5293,1.96187,0,0,1.7892,0.105119,0.36288,3.6288,56.6216,0.390938,0,0,0.332759,0.227973,0,0.66528,12.849,1,0.84672,0.36288,0,22.3704,4.31518,17.5714,0.84672,12.849,0.84672,3695.15,0,36.966,0.253944,0.391573,1.8186,3.79922,0.986603,4.76885,0.42336,36.966,0.42336,423.524,0,1.02816,0,0,1.41973,0.391573,1.028160,1,0,22.3402,0,0,0,22.3402,0
11.4436,1.96237,0,0,3.34308,0.103575,0.36288,3.6288,56.9116,0.390339,0,0,0.907885,0.227549,0,0.66528,12.849,1,0.84672,0.36288,0,44.5678,4.31518,39.7688,0.84672,12.849,0.84672,3695.15,0,36.966,0.254837,3.32078,1.81892,8.38166,0.986603,12.2799,0.42336,36.966,0.42336,423.524,0,1.02816,0,0,4.34894,3.32078,1.028160,1,0,52.0487,0,0,0,52.0487,0
15.143,1.96286,0,0,6.13645,0.111262,0.36288,3.6288,57.9439,0.391303,0,0,1.64394,0.220365,0,0.66528,12.849,1,0.84672,0.36288,0,85.691,4.20636,81.0008,0.84672,12.849,0.84672,3695.15,0,36.966,0.254165,3.25504,1.81924,10.9694,0.955777,14.8338,0.42336,36.966,0.42336,423.524,0,1.02816,0,0,4.2832,3.25504,1.028160,1,0,95.8346,0,0,0,95.8346,0
17.1912,1.75172,0,0,4.30269,0.139937,0.36288,3.6288,58.8779,0.291595,0,0,1.43255,0.206916,0,0.66528,12.849,1,0.84672,0.36288,0,65.8183,4.01359,61.3209,0.84672,12.849,0.84672,3695.15,0,36.966,0.186026,2.10197,1.81956,8.6601,0.9013,11.4943,0.42336,36.966,0.42336,423.524,0,1.02816,0,0,3.13013,2.10197,1.028160,1,0,72.8152,0,0,0,72.8152,0
18.8638,1.75217,0,0,3.92335,0.13564,0.36288,3.6288,60.0484,0.29357,0,0,1.69729,0.233267,0,0.66528,12.849,1,0.84672,0.36288,0,89.5199,4.46712,84.5689,0.84672,12.849,0.84672,3695.15,0,36.966,0.184315,2.77792,1.65031,9.40162,1.10026,12.5453,0.42336,36.966,0.42336,423.524,0,1.02816,0,0,3.80608,2.77792,1.028160,1,0,97.1142,0,0,0,97.1142,0
20.4968,1.75263,0,0,3.88739,0.138919,0.36288,3.6288,60.9742,0.295957,0,0,1.45679,0.23502,0,0.66528,12.849,1,0.84672,0.36288,0,71.6852,4.46712,66.7343,0.84672,12.849,0.84672,3695.15,0,36.966,0.182192,2.06442,1.6506,10.8386,1.10026,13.2712,0.42336,36.966,0.42336,423.524,0,1.02816,0,0,3.09258,2.06442,1.028160,1,0,80.0055,0,0,0,80.0055,0
22.4955,1.75308,0,0,4.24996,0.135256,0.36288,3.6288,61.308,0.297843,0,0,1.70266,0.243088,0.827915,0.66528,12.849,1,0.84672,0.36288,0,93.42,4.01697,88.9192,0.84672,12.849,0.84672,3695.15,0,36.966,0.180569,3.33787,1.65089,10.5312,1.03488,14.3045,0.42336,36.966,0.42336,423.524,0,1.02816,0,0,4.36603,3.33787,1.028160,1,0,104.052,0,0,0,104.052,0
28.7679,1.75354,0,0,8.52764,0.138828,0.36288,3.6288,61.308,0.298621,0,0,2.8176,0.25005,2.26893,0.66528,12.849,1,0.84672,0.36288,0,142.095,4.37923,137.232,0.84672,12.849,0.84672,3695.15,0,36.966,0.180055,7.19328,1.65118,18.2903,1.05529,25.8994,0.42336,36.966,0.42336,423.524,0,1.02816,0,0,8.22144,7.19328,1.028160,1,0,165.4,0,0,0,165.4,0
34.8737,1.85407,0,0,8.49055,0.167761,0.36288,3.6288,61.308,0.329182,0,0,3.1317,0.219092,2.58342,0.66528,12.849,1,0.828108,0.36288,0,156.646,4.49684,151.684,0.84672,12.849,0.84672,3695.15,0,36.966,0.198482,4.78425,1.65147,13.9426,1.06953,19.1103,0.42336,36.966,0.42336,423.524,0,1.02816,0,0,5.81241,4.78425,1.028160,1,0,173.377,0,0,0,173.377,0
40.7247,1.96035,0,0,8.35559,0.181405,0.36288,3.6288,61.308,0.329344,0,0,1.62767,0.219092,1.07924,0.66528,12.849,1,0.722278,0.36288,0,175.427,4.49684,170.57,0.84672,12.849,0.84672,3695.15,0,36.966,0.19858,3.59247,1.70467,12.3558,1.06953,16.3848,0.42336,36.966,0.42336,423.524,0,1.02816,0,0,4.62063,3.59247,1.028160,1,0,188.034,0,0,0,188.034,0
44.5389,2.15139,0,0,6.52288,0.194393,0.36288,3.6288,61.308,0.382738,0,0,1.30755,0.219092,0.705721,0.66528,12.849,1,0.678783,0.36288,0,129.225,4.49684,124.412,0.84672,12.849,0.84672,3695.15,0,36.966,0.230774,3.93304,1.70495,10.9705,1.06953,15.3082,0.42336,36.966,0.42336,423.524,0,1.02816,0,0,4.9612,3.93304,1.028160,1,0,140.426,0,0,0,140.426,0
47.002,2.23494,0,0,5.26409,0.203181,0.36288,3.6288,61.308,0.400656,0,0,1.06669,0.219092,0.446946,0.66528,12.849,1,0.644755,0.36288,0,102.316,4.49684,97.537,0.84672,12.849,0.84672,3695.15,0,36.966,0.241578,2.76817,1.79873,9.40421,1.06953,12.66,0.42336,36.966,0.42336,423.524,0,1.02816,0,0,3.79633,2.76817,1.028160,1,0,110.644,0,0,0,110.644,0
49.0543,2.44019,0,0,5.07038,0.214973,0.36288,3.6288,61.308,0.50354,0,0,1.5961,0.180736,0.911826,0.66528,12.849,1,0.667077,0.36288,0,97.1706,3.90568,92.9607,0.84672,12.849,0.84672,3695.15,0,36.966,0.303612,2.14677,1.8302,9.67006,1.02701,12.3164,0.42336,36.966,0.42336,423.524,0,1.02816,0,0,3.17493,2.14677,1.028160,1,0,106.189,0,0,0,106.189,0
51.8145,2.33471,0,0,5.67279,0.215047,0.36288,3.6288,61.308,0.444211,0,0,1.94606,0.155093,1.34676,0.66528,12.849,1,0.611541,0.36288,0,132.047,3.42909,128.369,0.84672,12.849,0.84672,3695.15,0,36.966,0.267839,4.68045,2.00026,12.1687,0.93718,17.6444,0.42336,36.966,0.42336,423.524,0,1.02816,0,0,5.70861,4.68045,1.028160,1,0,147.36,0,0,0,147.36,0
54.026,2.53382,0,0,5.35982,0.251597,0.36288,3.6288,61.308,0.523766,0,0,1.52716,0.136252,0.867145,0.66528,12.849,1,0.628338,0.36288,0,121.516,3.53851,117.712,0.84672,12.849,0.84672,3695.15,0,36.966,0.315808,3.8185,1.89661,9.09991,0.889264,13.6099,0.42336,36.966,0.42336,423.524,0,1.02816,0,0,4.84666,3.8185,1.028160,1,0,132.189,0,0,0,132.189,0
59.5021,2.51151,0,0,8.65053,0.300105,0.36288,3.6288,61.308,0.504114,0,0,1.53573,0.176721,0.854899,0.66528,12.849,1,0.597312,0.36288,0,168.666,3.45019,164.981,0.84672,12.849,0.84672,3695.15,0,36.966,0.303958,4.40166,2.0356,11.1648,0.942044,16.356,0.42336,36.966,0.42336,423.524,0,1.02816,0,0,5.42982,4.40166,1.028160,1,0,182.192,0,0,0,182.192,0
61.6933,2.2717,0,0,5.14468,0.318826,0.36288,3.6288,61.308,0.359588,0,0,1.70031,0.173513,1.16721,0.66528,12.849,1,0.490556,0.36288,0,121.948,3.41761,118.403,0.84672,12.849,0.84672,3695.15,0,36.966,0.216815,3.65261,2.00127,10.2823,0.920013,14.7993,0.42336,36.966,0.42336,423.524,0,1.02816,0,0,4.68077,3.65261,1.028160,1,0,134.37,0,0,0,134.37,0
63.8443,2.32544,0,0,5.16591,0.326579,0.36288,3.6288,61.308,0.376805,0,0,1.70353,0.171108,1.15562,0.66528,12.849,1,0.484325,0.36288,0,114.322,3.39318,110.807,0.84672,12.849,0.84672,3695.15,0,36.966,0.227197,2.85481,1.75733,8.82896,0.903489,12.3104,0.42336,36.966,0.42336,423.524,0,1.02816,0,0,3.88297,2.85481,1.028160,1,0,124.273,0,0,0,124.273,0
64.4342,2.33942,0,0,3.6245,0.332375,0.36288,3.6288,61.308,0.376975,0,0,1.29077,0.171108,0.74269,0.66528,12.849,1,0.47082,0.36288,0,111.315,3.39318,107.814,0.84672,12.849,0.84672,3695.15,0,36.966,0.227299,2.33209,1.78756,7.97368,0.903489,10.9625,0.42336,36.966,0.42336,423.524,0,1.02816,0,0,3.36025,2.33209,1.028160,1,0,119.519,0,0,0,119.519,0
65.1859,2.30416,0,0,3.69947,0.2807,0.36288,3.6288,61.308,0.36009,0,0,0.981124,0.141026,0.480008,0.66528,12.849,1,0.45948,0.36288,0,96.8535,2.95721,93.7997,0.84672,12.849,0.84672,3695.15,0,36.966,0.217118,1.73968,1.78786,7.26468,0.840862,9.73424,0.42336,36.966,0.42336,423.524,0,1.02816,0,0,2.76784,1.73968,1.028160,1,0,104.014,0,0,0,104.014,0
66.1975,2.26965,0,0,3.91039,0.266213,0.36288,3.6288,61.308,0.343198,0,0,1.25985,0.137942,0.77871,0.66528,12.849,1,0.447378,0.36288,0,107.546,2.90547,104.556,0.84672,12.849,0.84672,3695.15,0,36.966,0.206933,2.5522,1.75821,7.80123,0.832308,11.0724,0.42336,36.966,0.42336,423.524,0,1.02816,0,0,3.58036,2.5522,1.028160,1,0,116.408,0,0,0,116.408,0
70.0744,2.2363,0,0,6.7762,0.300104,0.36288,3.6288,61.308,0.329727,0,0,2.4588,0.191632,1.93744,0.66528,12.849,1,0.434068,0.36288,0,180.677,3.6414,176.965,0.84672,12.849,0.84672,3695.15,0,36.966,0.19881,4.68064,1.72856,16.1379,0.931285,21.417,0.42336,36.966,0.42336,423.524,0,1.02816,0,0,5.7088,4.68064,1.028160,1,0,200.319,0,0,0,200.319,0
72.29,2.46321,0,0,6.26655,0.30936,1.27842,3.6288,61.308,0.418643,0,0,2.43111,0.191632,1.82084,0.66528,12.849,1,0.451659,1.27842,0,174.491,3.6414,171.676,0.84672,12.849,0.84672,3695.15,0,36.966,0.252423,4.35901,1.70313,15.7742,0.931285,20.6527,0.42336,36.966,0.42336,423.524,0,1.02816,0,0,5.38717,4.35901,1.028160,1,0,194.15,0,0,0,194.15,0
72.29,2.47537,0,0,5.51557,0.299561,2.74063,3.6288,61.308,0.41882,0,0,1.8359,0.189967,1.22711,0.66528,12.849,1,0.439979,2.74063,0,130.273,3.74025,128.833,0.84672,12.849,0.84672,3695.15,0,36.966,0.25253,3.43676,1.85907,9.91457,0.937712,14.0202,0.42336,36.966,0.42336,423.524,0,1.02816,0,0,4.46492,3.43676,1.028160,1,0,144.081,0,0,0,144.081,0
72.29,2.47579,0,0,4.4019,0.261838,1.66427,3.6288,61.308,0.418997,0,0,1.39415,0.185805,0.789348,0.66528,12.849,1,0.440053,1.66427,0,122.847,3.98737,120.084,0.84672,12.849,0.84672,3695.15,0,36.966,0.252637,2.15078,1.85938,7.70083,0.953781,10.5046,0.42336,36.966,0.42336,423.524,0,1.02816,0,0,3.17894,2.15078,1.028160,1,0,131.378,0,0,0,131.378,0
72.29,2.44207,0,0,4.0353,0.211471,1.38176,3.6288,61.308,0.403248,0,0,1.64405,0.207923,1.03288,0.66528,12.849,1,0.43406,1.38176,0,89.2045,3.99187,86.1604,0.84672,12.849,0.84672,3695.15,0,36.966,0.243141,2.6771,1.85969,9.29569,1.01075,12.5786,0.42336,36.966,0.42336,423.524,0,1.02816,0,0,3.70526,2.6771,1.028160,1,0,99.7718,0,0,0,99.7718,0
72.29,2.44248,0,0,4.34101,0.203076,1.69545,3.6288,61.308,0.403423,0,0,1.24286,0.21161,0.627832,0.66528,12.849,1,0.434133,1.69545,0,106.866,3.99262,104.134,0.84672,12.849,0.84672,3695.15,0,36.966,0.243246,2.2691,1.83274,6.91722,1.02024,9.75557,0.42336,36.966,0.42336,423.524,0,1.02816,0,0,3.29726,2.2691,1.028160,1,0,114.518,0,0,0,114.518,0
72.29,2.44289,0,0,3.38923,0.203076,0.743263,3.6288,61.308,0.403597,0,0,0.920212,0.21161,0.305005,0.66528,12.849,1,0.434205,0.743263,0,85.7736,3.99262,82.09,0.84672,12.849,0.84672,3695.15,0,36.966,0.243351,2.05716,1.83305,6.30081,1.02024,8.92742,0.42336,36.966,0.42336,423.524,0,1.02816,0,0,3.08532,2.05716,1.028160,1,0,91.3225,0,0,0,91.3225,0
72.29,2.4433,0,0,3.13543,0.203076,0.489055,3.6288,61.308,0.403772,0,0,0.738003,0.21161,0.122621,0.66528,12.849,1,0.434278,0.489055,0,60.7343,3.99262,56.7964,0.84672,12.849,0.84672,3695.15,0,36.966,0.243457,1.34814,1.83336,5.31067,1.02024,7.22847,0.42336,36.966,0.42336,423.524,0,1.02816,0,0,2.3763,1.34814,1.028160,1,0,64.1475,0,0,0,64.1475,0
72.1645,2.55963,0,0,2.94713,0.150117,0.36288,3.6288,61.308,0.460465,0,0,0.763249,0.229108,0.0736767,0.66528,12.849,1,0.454955,0.36288,0,59.9116,4.4787,55.3408,0.84672,12.849,0.84672,3695.15,0,36.966,0.27764,1.17609,1.83366,5.22178,1.08328,6.87062,0.42336,36.966,0.42336,423.524,0,1.02816,0,0,2.20425,1.17609,1.028160,1,0,62.2851,0,0,0,62.2851,0
72.1591,2.55939,0,0,3.02196,0.105129,0.36288,3.6288,61.308,0.460649,0,0,0.800885,0.246611,0.093625,0.66528,12.849,1,0.455702,0.36288,0,60.646,5.00986,55.5433,0.84672,12.849,0.84672,3695.15,0,36.966,0.277751,1.01472,1.92955,5.35271,1.12585,6.89339,0.42336,36.966,0.42336,423.524,0,1.02816,0,0,2.04288,1.01472,1.028160,1,0,62.5303,0,0,0,62.5303,0
72.1069,2.55978,0,0,2.97563,0.105124,0.36288,3.6288,61.308,0.460833,0,0,0.802103,0.246611,0.0946591,0.66528,12.849,1,0.455808,0.36288,0,57.0275,5.00986,51.9247,0.84672,12.849,0.84672,3695.15,0,36.966,0.277862,1.05572,1.92987,5.12221,1.12585,6.70409,0.42336,36.966,0.42336,423.524,0,1.02816,0,0,2.08388,1.05572,1.028160,1,0,58.7234,0,0,0,58.7234,0
71.7296,2.55993,0,0,2.6604,0.114903,0.36288,3.6288,61.308,0.461017,0,0,0.771466,0.243977,0.066471,0.66528,12.849,1,0.456164,0.36288,0,54.0636,4.84064,49.1297,0.84672,12.849,0.84672,3695.15,0,36.966,0.277973,1.14859,1.93019,4.73343,1.13238,6.40187,0.42336,36.966,0.42336,423.524,0,1.02816,0,0,2.17675,1.14859,1.028160,1,0,55.598,0,0,0,55.598,0
71.2613,2.55832,0,0,2.5762,0.123274,0.36288,3.6288,61.308,0.461201,0,0,0.791433,0.240274,0.089957,0.66528,12.849,1,0.458275,0.36288,0,51.2997,4.52061,46.6837,0.84672,12.849,0.84672,3695.15,0,36.966,0.278084,1.13638,1.93052,4.61152,1.16663,6.2337,0.42336,36.966,0.42336,423.524,0,1.02816,0,0,2.16454,1.13638,1.028160,1,0,53.0074,0,0,0,53.0074,0
70.8661,2.53331,0,0,2.6066,0.105646,0.36288,3.6288,61.308,0.492475,0,0,0.985815,0.228502,0.264838,0.66528,12.849,1,0.456776,0.36288,0,54.4201,4.91453,49.4117,0.84672,12.849,0.84672,3695.15,0,36.966,0.29694,1.11934,1.93084,5.79095,1.20755,7.33664,0.42336,36.966,0.42336,423.524,0,1.02816,0,0,2.1475,1.11934,1.028160,1,0,57.0131,0,0,0,57.0131,0
70.2495,2.53157,0,0,2.38316,0.105326,0.36288,3.6288,61.308,0.492664,0,0,0.962142,0.228502,0.240975,0.66528,12.849,1,0.459009,0.36288,0,53.6517,4.91453,48.6411,0.84672,12.849,0.84672,3695.15,0,36.966,0.297055,1.15877,1.9646,5.71973,1.20755,7.3385,0.42336,36.966,0.42336,423.524,0,1.02816,0,0,2.18693,1.15877,1.028160,1,0,56.2205,0,0,0,56.2205,0
69.4312,2.52859,0,0,2.17804,0.104828,0.36288,3.6288,61.308,0.492854,0,0,0.899744,0.228502,0.178387,0.66528,12.849,1,0.462492,0.36288,0,50.4643,4.91453,45.4501,0.84672,12.849,0.84672,3695.15,0,36.966,0.297169,0.840819,1.96493,5.44279,1.20755,6.74381,0.42336,36.966,0.42336,423.524,0,1.02816,0,0,1.86898,0.840819,1.028160,1,0,52.3723,0,0,0,52.3723,0
68.4612,2.52441,0,0,2.00277,0.0855366,0.36288,3.6288,61.308,0.493043,0,0,0.852638,0.272379,0.0872163,0.66528,12.849,1,0.46717,0.36288,0,45.1827,5.47912,39.5993,0.84672,12.849,0.84672,3695.15,0,36.966,0.297283,0.842046,1.96526,5.18231,1.41364,6.27869,0.42336,36.966,0.42336,423.524,0,1.02816,0,0,1.87021,0.842046,1.028160,1,0,45.9652,0,0,0,45.9652,0
67.5608,2.57805,0,0,2.10982,0.0692909,0.36288,3.6288,61.308,0.520959,0,0,0.872225,0.313725,0.0375412,0.66528,12.849,1,0.483857,0.36288,0,45.8699,5.56628,40.1827,0.84672,12.849,0.84672,3695.15,0,36.966,0.314115,0.586449,1.96559,4.31395,1.51181,5.04006,0.42336,36.966,0.42336,423.524,0,1.02816,0,0,1.61461,0.586449,1.028160,1,0,45.2603,0,0,0,45.2603,0
66.5518,2.57307,0,0,1.99506,0.0681145,0.36288,3.6288,61.2317,0.521153,0,0,0.761918,0.317101,0,0.66528,12.849,1,0.489357,0.36288,0,44.7774,5.43175,39.2192,0.84672,12.849,0.84672,3695.15,0,36.966,0.314232,0.559578,2.01334,4.21938,1.48925,4.98881,0.42336,36.966,0.42336,423.524,0,1.02816,0,0,1.58774,0.559578,1.028160,1,0,44.208,0,0,0,44.208,0
65.421,2.56728,0,0,1.86692,0.0675736,0.36288,3.6288,61.0989,0.521103,0,0,0.705257,0.316948,0,0.66528,12.849,1,0.495658,0.36288,0,40.4227,5.43175,34.8581,0.84672,12.849,0.84672,3695.15,0,36.966,0.314594,0.491452,2.01367,3.76576,1.48925,4.46704,0.42336,36.966,0.42336,423.524,0,1.02816,0,0,1.51961,0.491452,1.028160,1,0,39.3252,0,0,0,39.3252,0
64.1445,2.56054,0,0,1.71393,0.0669674,0.36288,3.6288,60.9589,0.520871,0,0,0.697533,0.316682,0,0.66528,12.849,1,0.502903,0.36288,0,36.9511,5.43175,31.3793,0.84672,12.849,0.84672,3695.15,0,36.966,0.315137,0.366621,2.01401,3.68305,1.48925,4.25929,0.42336,36.966,0.42336,423.524,0,1.02816,0,0,1.39478,0.366621,1.028160,1,0,35.6386,0,0,0,35.6386,0
63.2823,2.49512,0,0,2.05299,0.0572101,0.36288,3.6288,60.9465,0.514999,0,0,0.814951,0.312274,0,0.66528,12.849,1,0.499805,0.36288,0,37.1821,5.41741,31.6277,0.84672,12.849,0.84672,3695.15,0,36.966,0.3123,0.713042,2.01435,5.29029,1.5144,6.19097,0.42336,36.966,0.42336,423.524,0,1.02816,0,0,1.7412,0.713042,1.028160,1,0,37.8187,0,0,0,37.8187,0
62.2587,2.48987,0,0,1.88016,0.0510217,0.36288,3.6288,60.771,0.515153,0,0,0.672227,0.332595,0,0.66528,12.849,1,0.50555,0.36288,0,34.7141,5.14804,29.4233,0.84672,12.849,0.84672,3695.15,0,36.966,0.312456,0.419446,1.99478,3.33039,1.5005,3.93166,0.42336,36.966,0.42336,423.524,0,1.02816,0,0,1.44761,0.419446,1.028160,1,0,33.355,0,0,0,33.355,0
61.3639,2.4834,0,0,2.0021,0.0505963,0.36288,3.6288,60.7509,0.514784,0,0,0.826874,0.332225,0,0.66528,12.849,1,0.512526,0.36288,0,44.1747,5.14804,38.877,0.84672,12.849,0.84672,3695.15,0,36.966,0.313135,0.756043,1.99511,3.71991,1.5005,4.65743,0.42336,36.966,0.42336,423.524,0,1.02816,0,0,1.7842,0.756043,1.028160,1,0,43.5344,0,0,0,43.5344,0
60.1203,2.47763,0,0,1.64711,0.0502245,0.36288,3.6288,60.4978,0.523104,0,0,0.602197,0.332183,0,0.66528,12.849,1,0.518792,0.36288,0,40.4711,5.14804,35.1671,0.84672,12.849,0.84672,3695.15,0,36.966,0.318301,0.204422,1.99544,3.04677,1.5005,3.42783,0.42336,36.966,0.42336,423.524,0,1.01498,0,0,1.21941,0.204422,1.028160,1,0,38.5949,0,0,0,38.5949,0
59.2911,2.4692,0,0,2.0526,0.0496965,0.36288,3.6288,60.695,0.514291,0,0,1.04317,0.331649,0,0.66528,12.849,1,0.527722,0.36288,0,39.4496,5.14804,34.1367,0.84672,12.849,0.84672,3695.15,0,36.966,0.314248,1.38159,1.99578,4.7519,1.5005,6.31452,0.42336,36.966,0.42336,423.524,0,1.02816,0,0,2.40975,1.38159,1.028160,1,0,40.4512,0,0,0,40.4512,0
58.863,2.38838,0,0,2.34657,0.0233618,0.36288,3.6288,60.9616,0.45959,0,0,1.02327,0.297094,0,0.66528,12.849,1,0.517588,0.36288,0,44.0229,5.25846,38.6097,0.84672,12.849,0.84672,3695.15,0,36.966,0.279911,1.20868,1.99611,7.88452,1.45972,9.34968,0.42336,36.966,0.42336,423.524,0,1.02816,0,0,2.23684,1.20868,1.028160,1,0,47.9594,0,0,0,47.9594,0
59.3681,2.38569,0,0,3.3037,0.0500719,0.36288,3.6288,61.308,0.460536,0,0,1.11056,0.276939,0.02668,0.66528,12.849,1,0.520764,0.36288,0,49.1362,5.09282,43.8855,0.84672,12.849,0.84672,3695.15,0,36.966,0.27926,1.50217,1.91027,7.02572,1.40282,8.75608,0.42336,36.966,0.42336,423.524,0,1.02816,0,0,2.53033,1.50217,1.028160,1,0,52.6683,0,0,0,52.6683,0
61.101,2.38973,0,0,4.53586,0.0503164,0.36288,3.6288,61.308,0.461704,0,0,1.79626,0.277547,1.05701,0.66528,12.849,1,0.517209,0.36288,0,94.3989,5.09282,89.1518,0.84672,12.849,0.84672,3695.15,0,36.966,0.278387,3.14829,1.91059,12.4672,1.40282,15.8448,0.42336,36.966,0.42336,423.524,0,1.02816,0,0,4.17645,3.14829,1.028160,1,0,106.054,0,0,0,106.054,0
62.161,2.40225,0,0,3.90913,0.0839747,0.36288,3.6288,61.308,0.461889,0,0,1.32301,0.266205,0.594915,0.66528,12.849,1,0.505173,0.36288,0,106.294,5.06681,101.085,0.84672,12.849,0.84672,3695.15,0,36.966,0.278498,1.99432,1.91091,7.79751,1.4145,10.0097,0.42336,36.966,0.42336,423.524,0,1.02816,0,0,3.02248,1.99432,1.028160,1,0,111.69,0,0,0,111.69,0
64.5067,2.56205,0,0,5.43074,0.160158,0.36288,3.6288,61.308,0.507495,0,0,1.77371,0.206221,1.05999,0.66528,12.849,1,0.52959,0.36288,0,93.1167,4.51392,88.4361,0.84672,12.849,0.84672,3695.15,0,36.966,0.305997,2.4482,1.91123,11.0334,1.19784,13.889,0.42336,36.966,0.42336,423.524,0,1.02816,0,0,3.47636,2.4482,1.028160,1,0,103.385,0,0,0,103.385,0
66.2258,2.57854,0,0,4.81813,0.157555,0.36288,3.6288,61.308,0.507687,0,0,2.35519,0.1825,1.665,0.66528,12.849,1,0.513617,0.36288,0,168.512,4.14802,164.213,0.84672,12.849,0.84672,3695.15,0,36.966,0.306113,3.26174,2.00223,14.6443,1.01345,18.5887,0.42336,36.966,0.42336,423.524,0,1.02816,0,0,4.2899,3.26174,1.028160,1,0,184.467,0,0,0,184.467,0
67.5904,2.59014,0,0,4.47731,0.159739,0.36288,3.6288,61.308,0.507879,0,0,2.2167,0.1825,1.52633,0.66528,12.849,1,0.502534,0.36288,0,112.668,4.14802,108.381,0.84672,12.849,0.84672,3695.15,0,36.966,0.306228,3.29817,2.00257,12.8618,1.01345,16.8429,0.42336,36.966,0.42336,423.524,0,1.02816,0,0,4.32633,3.29817,1.028160,1,0,126.75,0,0,0,126.75,0
70.537,2.5991,0,0,6.0817,0.17307,0.36288,3.6288,61.308,0.508071,0,0,3.0618,0.171174,2.38256,0.66528,12.849,1,0.494092,0.36288,0,274.266,3.93081,270.204,0.84672,12.849,0.84672,3695.15,0,36.966,0.306344,3.69833,2.0029,20.8672,0.96581,25.2962,0.42336,36.966,0.42336,423.524,0,1.02816,0,0,4.72649,3.69833,1.028160,1,0,297.883,0,0,0,297.883,0
72.29,2.41991,0,0,6.90851,0.19561,2.54002,3.6288,61.308,0.392781,0,0,3.09366,0.161779,2.5391,0.66528,12.849,1,0.44081,2.54002,0,232.356,3.53659,230.919,0.84672,12.849,0.84672,3695.15,0,36.966,0.23683,4.21211,2.00324,22.0944,0.923533,27.1494,0.42336,36.966,0.42336,423.524,0,1.02816,0,0,5.24027,4.21211,1.028160,1,0,260.607,0,0,0,260.607,0
72.29,2.42939,0,0,3.86036,0.262075,1.16889,3.6288,61.308,0.392954,0,0,1.41076,0.160096,0.857706,0.66528,12.849,1,0.431806,1.16889,0,137.402,4.07652,134.062,0.84672,12.849,0.84672,3695.15,0,36.966,0.236934,4.85884,1.81689,14.3444,0.963862,19.8193,0.42336,36.966,0.42336,423.524,0,1.02816,0,0,5.887,4.85884,1.028160,1,0,154.74,0,0,0,154.74,0
72.29,2.4298,0,0,8.72821,0.262075,6.03633,3.6288,61.308,0.393127,0,0,4.68507,0.160096,4.13184,0.66528,12.849,1,0.431878,6.03633,0,250.954,4.07652,252.482,0.84672,12.849,0.84672,3695.15,0,36.966,0.237038,6.59723,1.8172,23.8194,0.963862,31.033,0.42336,36.966,0.42336,423.524,0,1.02816,0,0,7.62539,6.59723,1.028160,1,0,287.647,0,0,0,287.647,0
72.29,2.4302,0,0,9.81193,0.251417,7.13031,3.6288,61.308,0.3933,0,0,10.9761,0.202198,10.3806,0.66528,12.849,1,0.43195,7.13031,0,448.891,4.23186,451.358,0.84672,12.849,0.84672,3695.15,0,36.966,0.237142,6.22706,1.8175,38.5381,1.08373,45.2618,0.42336,36.966,0.42336,423.524,0,1.02816,0,0,7.25522,6.22706,1.028160,1,0,507,0,0,0,507,0
72.29,2.43061,0,0,6.49949,0.237848,3.83103,3.6288,61.308,0.393473,0,0,6.0464,0.144194,5.50873,0.66528,12.849,1,0.432022,3.83103,0,245.491,3.43654,245.453,0.84672,12.849,0.84672,3695.15,0,36.966,0.237247,3.98371,1.8178,22.8571,0.799727,27.6217,0.42336,36.966,0.42336,423.524,0,1.02816,0,0,5.01187,3.98371,1.028160,1,0,278.584,0,0,0,278.584,0
72.29,2.50716,0,0,3.5469,0.254019,0.785719,3.6288,61.308,0.427109,0,0,2.36854,0.24617,1.69526,0.66528,12.849,1,0.445629,0.785719,0,129.161,4.69609,124.805,0.84672,12.849,0.84672,3695.15,0,36.966,0.257528,3.66538,1.81811,14.5822,1.32496,18.4833,0.42336,36.966,0.42336,423.524,0,1.02816,0,0,4.69354,3.66538,1.028160,1,0,144.984,0,0,0,144.984,0
72.29,2.50756,0,0,4.56588,0.256715,1.8016,3.6288,61.308,0.427279,0,0,2.76794,0.263166,2.07749,0.66528,12.849,1,0.4457,1.8016,0,106.105,4.90602,102.555,0.84672,12.849,0.84672,3695.15,0,36.966,0.25763,3.70243,1.87666,13.6298,1.4125,17.5387,0.42336,36.966,0.42336,423.524,0,1.02816,0,0,4.73059,3.70243,1.028160,1,0,122.171,0,0,0,122.171,0
72.29,2.50796,0,0,7.84325,0.256715,5.07857,3.6288,61.308,0.427449,0,0,6.4442,0.263166,5.75359,0.66528,12.849,1,0.445771,5.07857,0,214.085,4.90602,213.812,0.84672,12.849,0.84672,3695.15,0,36.966,0.257733,7.86073,1.87696,25.6407,1.4125,33.7081,0.42336,36.966,0.42336,423.524,0,1.02816,0,0,8.88889,7.86073,1.028160,1,0,253.274,0,0,0,253.274,0
72.29,2.50836,0,0,8.40663,0.262414,5.63586,3.6288,61.308,0.42762,0,0,4.33669,0.256149,3.65292,0.66528,12.849,1,0.445842,5.63586,0,290.016,4.52238,290.684,0.84672,12.849,0.84672,3695.15,0,36.966,0.257836,5.40504,1.87726,19.5912,1.30922,25.3064,0.42336,36.966,0.42336,423.524,0,1.02816,0,0,6.4332,5.40504,1.028160,1,0,319.643,0,0,0,319.643,0
72.29,2.52292,0,0,7.65556,0.251659,4.88098,3.6288,61.308,0.45346,0,0,4.28581,0.186795,3.64556,0.66528,12.849,1,0.448431,4.88098,0,271.07,3.30159,272.201,0.84672,12.849,0.84672,3695.15,0,36.966,0.273416,5.92177,1.87756,18.0878,1.04218,24.5715,0.42336,36.966,0.42336,423.524,0,1.02816,0,0,6.94993,5.92177,1.028160,1,0,300.418,0,0,0,300.418,0
72.29,2.52332,0,0,5.44266,0.293437,2.6259,3.6288,61.308,0.453634,0,0,4.11171,0.173952,3.48412,0.66528,12.849,1,0.448502,2.6259,0,197.367,3.383,196.161,0.84672,12.849,0.84672,3695.15,0,36.966,0.273521,5.81066,1.91277,13.9902,0.957368,20.4828,0.42336,36.966,0.42336,423.524,0,1.02816,0,0,6.83882,5.81066,1.028160,1,0,220.128,0,0,0,220.128,0
72.29,2.52373,0,0,4.67522,0.27878,1.87272,3.6288,61.308,0.453809,0,0,3.51612,0.194241,2.86807,0.66528,12.849,1,0.448573,1.87272,0,159.852,3.4221,157.854,0.84672,12.849,0.84672,3695.15,0,36.966,0.273626,4.59592,1.91308,11.8568,0.991765,17.1004,0.42336,36.966,0.42336,423.524,0,1.02816,0,0,5.62408,4.59592,1.028160,1,0,177.823,0,0,0,177.823,0
72.29,2.52413,0,0,6.41615,0.259236,3.63279,3.6288,61.308,0.453983,0,0,5.33144,0.221293,4.65617,0.66528,12.849,1,0.448645,3.63279,0,190.866,3.47424,190.576,0.84672,12.849,0.84672,3695.15,0,36.966,0.273731,8.40862,1.91338,27.9178,1.03763,36.9285,0.42336,36.966,0.42336,423.524,0,1.02816,0,0,9.43678,8.40862,1.028160,1,0,232.161,0,0,0,232.161,0
72.29,2.40597,0,0,6.07903,0.291737,3.38132,3.6288,61.308,0.385447,0,0,2.98283,0.193831,2.40355,0.66528,12.849,1,0.427643,3.38132,0,137.238,3.47514,136.716,0.84672,12.849,0.84672,3695.15,0,36.966,0.232407,5.49221,1.91369,18.9874,0.937452,25.2235,0.42336,36.966,0.42336,423.524,0,1.02816,0,0,6.52037,5.49221,1.028160,1,0,164.343,0,0,0,164.343,0
72.29,2.40635,0,0,5.12178,0.335072,2.38036,3.6288,61.308,0.38561,0,0,2.52936,0.157214,1.98654,0.66528,12.849,1,0.427711,2.38036,0,93.42,3.47634,91.8963,0.84672,12.849,0.84672,3695.15,0,36.966,0.232506,4.10103,1.80273,12.9298,0.803884,17.7971,0.42336,36.966,0.42336,423.524,0,1.02816,0,0,5.12919,4.10103,1.028160,1,0,111.68,0,0,0,111.68,0
72.29,2.40674,0,0,6.3992,0.335072,3.65739,3.6288,61.308,0.385774,0,0,3.32238,0.157214,2.77939,0.66528,12.849,1,0.427779,3.65739,0,123.842,3.47634,123.596,0.84672,12.849,0.84672,3695.15,0,36.966,0.232604,5.55961,1.80302,14.7083,0.803884,21.0344,0.42336,36.966,0.42336,423.524,0,1.02816,0,0,6.58777,5.55961,1.028160,1,0,147.409,0,0,0,147.409,0
72.29,2.40712,0,0,8.60345,0.331657,5.86468,3.6288,61.308,0.385937,0,0,4.1584,0.128579,3.64388,0.66528,12.849,1,0.427847,5.86468,0,193.123,3.02806,195.532,0.84672,12.849,0.84672,3695.15,0,36.966,0.232703,8.43428,1.8033,22.2512,0.727109,31.529,0.42336,36.966,0.42336,423.524,0,1.02816,0,0,9.46244,8.43428,1.028160,1,0,230.705,0,0,0,230.705,0
72.29,2.4075,0,0,7.70895,0.330291,4.97116,3.6288,61.308,0.386101,0,0,3.37757,0.117125,2.87434,0.66528,12.849,1,0.427915,4.97116,0,205.468,2.84876,207.162,0.84672,12.849,0.84672,3695.15,0,36.966,0.232802,7.28343,1.80359,15.8541,0.696398,24.012,0.42336,36.966,0.42336,423.524,0,1.02816,0,0,8.31159,7.28343,1.028160,1,0,234.049,0,0,0,234.049,0
72.29,2.49586,0,0,7.8222,0.361932,4.9644,3.6288,61.308,0.427597,0,0,3.85322,0.157636,3.26799,0.66528,12.849,1,0.443621,4.9644,0,202.521,3.00427,204.037,0.84672,12.849,0.84672,3695.15,0,36.966,0.257822,6.42127,1.80388,20.1281,0.689874,27.4055,0.42336,36.966,0.42336,423.524,0,1.02816,0,0,7.44943,6.42127,1.028160,1,0,234.711,0,0,0,234.711,0
72.29,2.49626,0,0,6.97939,0.327309,4.15582,3.6288,61.308,0.427767,0,0,3.81472,0.15788,3.22907,0.66528,12.849,1,0.443692,4.15582,0,152.247,3.5362,152.423,0.84672,12.849,0.84672,3695.15,0,36.966,0.257924,6.23246,1.87477,15.0168,0.797351,22.0688,0.42336,36.966,0.42336,423.524,0,1.02816,0,0,7.26062,6.23246,1.028160,1,0,177.721,0,0,0,177.721,0
72.29,2.49666,0,0,5.15341,0.32139,2.33536,3.6288,61.308,0.427937,0,0,2.83727,0.15655,2.25279,0.66528,12.849,1,0.443762,2.33536,0,127.622,3.59572,125.918,0.84672,12.849,0.84672,3695.15,0,36.966,0.258027,5.24474,1.87507,11.8463,0.80891,17.8992,0.42336,36.966,0.42336,423.524,0,1.02816,0,0,6.2729,5.24474,1.028160,1,0,146.07,0,0,0,146.07,0
72.29,2.49706,0,0,4.73081,0.32139,1.91236,3.6288,61.308,0.428107,0,0,3.20844,0.15655,2.62378,0.66528,12.849,1,0.443833,1.91236,0,117.136,3.59572,115.009,0.84672,12.849,0.84672,3695.15,0,36.966,0.258129,4.98198,1.87537,14.4335,0.80891,20.2238,0.42336,36.966,0.42336,423.524,0,1.02816,0,0,6.01014,4.98198,1.028160,1,0,137.856,0,0,0,137.856,0
72.29,2.46303,0,0,4.7904,0.312722,2.01465,3.6288,61.308,0.412214,0,0,2.58443,0.188866,1.98335,0.66528,12.849,1,0.437785,2.01465,0,118.295,4.1034,115.768,0.84672,12.849,0.84672,3695.15,0,36.966,0.248547,3.55209,1.87567,11.5564,0.920385,15.8153,0.42336,36.966,0.42336,423.524,0,1.02816,0,0,4.58025,3.55209,1.028160,1,0,133.567,0,0,0,133.567,0
72.29,2.46342,0,0,4.66767,0.239031,1.96522,3.6288,61.308,0.412381,0,0,1.95757,0.23449,1.3107,0.66528,12.849,1,0.437855,1.96522,0,105.809,4.59477,102.741,0.84672,12.849,0.84672,3695.15,0,36.966,0.248648,3.03424,1.84847,10.4789,0.98219,14.1307,0.42336,36.966,0.42336,423.524,0,1.02816,0,0,4.0624,3.03424,1.028160,1,0,118.183,0,0,0,118.183,0
72.29,2.46382,0,0,4.4519,0.210941,1.77714,3.6288,61.308,0.412549,0,0,1.98679,0.24757,1.32667,0.66528,12.849,1,0.437925,1.77714,0,98.0709,4.71009,94.7,0.84672,12.849,0.84672,3695.15,0,36.966,0.248749,2.98515,1.84877,9.18311,0.989075,12.7792,0.42336,36.966,0.42336,423.524,0,1.02816,0,0,4.01331,2.98515,1.028160,1,0,108.806,0,0,0,108.806,0
72.29,2.46421,0,0,4.34724,0.210941,1.67209,3.6288,61.308,0.412717,0,0,1.90995,0.24757,1.24966,0.66528,12.849,1,0.437994,1.67209,0,92.8014,4.71009,89.3254,0.84672,12.849,0.84672,3695.15,0,36.966,0.24885,2.86643,1.84906,8.36646,0.989075,11.844,0.42336,36.966,0.42336,423.524,0,1.02816,0,0,3.89459,2.86643,1.028160,1,0,102.419,0,0,0,102.419,0
72.29,2.58151,0,0,4.51227,0.198714,1.73204,3.6288,61.308,0.469886,0,0,1.68309,0.239042,0.974162,0.66528,12.849,1,0.458845,1.73204,0,97.3244,4.887,93.7106,0.84672,12.849,0.84672,3695.15,0,36.966,0.28332,2.53085,1.84936,7.94206,0.99798,11.041,0.42336,36.966,0.42336,423.524,0,1.02816,0,0,3.55901,2.53085,1.028160,1,0,105.726,0,0,0,105.726,0
72.29,2.58192,0,0,4.17588,0.168147,1.42581,3.6288,61.308,0.470062,0,0,1.80922,0.217721,1.12143,0.66528,12.849,1,0.458918,1.42581,0,97.6156,5.32928,93.2532,0.84672,12.849,0.84672,3695.15,0,36.966,0.283427,2.41356,1.94605,8.30667,1.02024,11.3626,0.42336,36.966,0.42336,423.524,0,1.02816,0,0,3.44172,2.41356,1.028160,1,0,105.737,0,0,0,105.737,0
72.29,2.58234,0,0,3.75654,0.168147,1.00606,3.6288,61.308,0.470239,0,0,1.66806,0.217721,0.980104,0.66528,12.849,1,0.458991,1.00606,0,93.3535,5.32928,88.5713,0.84672,12.849,0.84672,3695.15,0,36.966,0.283533,2.23025,1.94636,8.16489,1.02024,11.0377,0.42336,36.966,0.42336,423.524,0,1.02816,0,0,3.25841,2.23025,1.028160,1,0,100.589,0,0,0,100.589,0
72.29,2.58275,0,0,3.56335,0.168147,0.812459,3.6288,61.308,0.470416,0,0,1.74789,0.217721,1.05975,0.66528,12.849,1,0.459064,0.812459,0,79.4647,5.32928,74.4888,0.84672,12.849,0.84672,3695.15,0,36.966,0.28364,2.34961,1.94667,7.85652,1.02024,10.8489,0.42336,36.966,0.42336,423.524,0,1.02816,0,0,3.37777,2.34961,1.028160,1,0,86.3975,0,0,0,86.3975,0
72.29,2.58316,0,0,3.24642,0.101488,0.561774,3.6288,61.308,0.470593,0,0,1.7177,0.242626,1.00448,0.66528,12.849,1,0.459137,0.561774,0,78.9852,5.5216,73.5662,0.84672,12.849,0.84672,3695.15,0,36.966,0.283747,2.39252,1.94698,7.82698,1.07737,10.8054,0.42336,36.966,0.42336,423.524,0,1.02816,0,0,3.42068,2.39252,1.028160,1,0,85.376,0,0,0,85.376,0
71.7521,2.56043,0,0,2.50205,0.116609,0.36288,3.6288,61.308,0.502124,0,0,1.13899,0.211738,0.425124,0.66528,12.849,1,0.455097,0.36288,0,42.1831,4.26069,37.8302,0.84672,12.849,0.84672,3695.15,0,36.966,0.302758,1.55112,1.94729,5.02829,1.04684,7.1771,0.42336,36.966,0.42336,423.524,0,1.02816,0,0,2.57928,1.55112,1.028160,1,0,45.4324,0,0,0,45.4324,0
70.9927,2.55794,0,0,2.27748,0.116133,0.36288,3.6288,61.308,0.502305,0,0,1.06529,0.211738,0.351251,0.66528,12.849,1,0.458063,0.36288,0,40.4957,4.26069,36.1398,0.84672,12.849,0.84672,3695.15,0,36.966,0.302868,1.20665,1.98132,4.72362,1.04684,6.56187,0.42336,36.966,0.42336,423.524,0,1.02816,0,0,2.23481,1.20665,1.028160,1,0,43.0529,0,0,0,43.0529,0
70.0685,2.5542,0,0,2.09421,0.101319,0.36288,3.6288,61.308,0.502487,0,0,1.01708,0.244645,0.269951,0.66528,12.849,1,0.462286,0.36288,0,35.9007,4.68414,31.1171,0.84672,12.849,0.84672,3695.15,0,36.966,0.302978,1.19548,1.98163,4.54514,1.20141,6.21787,0.42336,36.966,0.42336,423.524,0,1.02816,0,0,2.22364,1.19548,1.028160,1,0,37.6049,0,0,0,37.6049,0
69.0424,2.54945,0,0,1.96819,0.0818794,0.36288,3.6288,61.308,0.502669,0,0,0.94881,0.288522,0.157619,0.66528,12.849,1,0.467513,0.36288,0,31.8699,5.24874,26.5166,0.84672,12.849,0.84672,3695.15,0,36.966,0.303087,1.15429,1.98195,4.37552,1.4075,5.80117,0.42336,36.966,0.42336,423.524,0,1.02816,0,0,2.18245,1.15429,1.028160,1,0,32.4754,0,0,0,32.4754,0
67.7798,2.60337,0,0,1.78119,0.0776063,0.36288,3.6288,61.3013,0.530812,0,0,0.827945,0.303861,0,0.66528,12.849,1,0.484495,0.36288,0,28.784,5.42622,23.2362,0.84672,12.849,0.84672,3695.15,0,36.966,0.320056,0.899623,1.98226,3.97736,1.45202,5.08717,0.42336,36.966,0.42336,423.524,0,1.02816,0,0,1.92778,0.899623,1.028160,1,0,28.3233,0,0,0,28.3233,0
66.7959,2.5962,0,0,2.04939,0.0741522,0.36288,3.6288,61.308,0.530977,0,0,1.04432,0.315352,0.19126,0.66528,12.849,1,0.492161,0.36288,0,36.8161,5.55933,31.1275,0.84672,12.849,0.84672,3695.15,0,36.966,0.32019,1.19758,2.0304,4.59868,1.48542,6.02106,0.42336,36.966,0.42336,423.524,0,1.02816,0,0,2.22574,1.19758,1.028160,1,0,37.3398,0,0,0,37.3398,0
65.6344,2.59053,0,0,1.86542,0.073579,0.36288,3.6288,61.308,0.531185,0,0,0.861347,0.315366,0.0147966,0.66528,12.849,1,0.498319,0.36288,0,29.6534,5.55933,23.9587,0.84672,12.849,0.84672,3695.15,0,36.966,0.320281,1.24564,2.03073,4.27322,1.48542,5.74389,0.42336,36.966,0.42336,423.524,0,1.02816,0,0,2.2738,1.24564,1.028160,1,0,29.7173,0,0,0,29.7173,0
64.3116,2.58356,0,0,1.69658,0.0729023,0.36288,3.6288,61.2634,0.531372,0,0,0.802164,0.315366,0,0.66528,12.849,1,0.505775,0.36288,0,27.6437,5.55933,21.9415,0.84672,12.849,0.84672,3695.15,0,36.966,0.320393,0.891233,2.03105,3.80828,1.48542,4.92475,0.42336,36.966,0.42336,423.524,0,1.02816,0,0,1.91939,0.891233,1.028160,1,0,26.8662,0,0,0,26.8662,0
63.1408,2.51728,0,0,1.7706,0.0612163,0.36288,3.6288,61.308,0.525739,0,0,0.932705,0.319961,0.0424309,0.66528,12.849,1,0.502934,0.36288,0,27.6063,5.73957,21.7266,0.84672,12.849,0.84672,3695.15,0,36.966,0.317228,1.35988,2.03137,5.01628,1.52001,6.57029,0.42336,36.966,0.42336,423.524,0,1.02816,0,0,2.38804,1.35988,1.028160,1,0,28.3394,0,0,0,28.3394,0
61.4544,2.50993,0,0,1.24597,0.0596129,0.36288,3.6288,61.248,0.526069,0,0,0.777946,0.311906,0,0.66528,12.849,1,0.510764,0.36288,0,25.4379,5.77416,19.5158,0.84672,12.849,0.84672,3695.15,0,36.966,0.317196,0.945294,2.01162,3.33774,1.5184,4.45905,0.42336,36.966,0.42336,423.524,0,1.02816,0,0,1.97345,0.945294,1.028160,1,0,23.9749,0,0,0,23.9749,0
59.7535,2.49873,0,0,1.21954,0.0587932,0.36288,3.6288,61.1375,0.52606,0,0,0.727358,0.311788,0,0.66528,12.849,1,0.52244,0.36288,0,23.2129,5.77416,17.2792,0.84672,12.849,0.84672,3695.15,0,36.966,0.317502,0.834417,2.01194,3.35006,1.5184,4.36051,0.42336,36.966,0.42336,423.524,0,1.02816,0,0,1.86258,0.834417,1.028160,1,0,21.6397,0,0,0,21.6397,0
58.6176,2.48689,0,0,1.77181,0.057928,0.36288,3.6288,61.1358,0.525888,0,0,0.835782,0.31157,0,0.66528,12.849,1,0.534764,0.36288,0,26.4379,5.77416,20.4918,0.84672,12.849,0.84672,3695.15,0,36.966,0.317972,1.16548,2.01226,3.71428,1.5184,5.05565,0.42336,36.966,0.42336,423.524,0,1.02816,0,0,2.19364,1.16548,1.028160,1,0,25.5475,0,0,0,25.5475,0
58.2449,2.47878,0,0,2.55373,0.0847646,0.36288,3.6288,61.308,0.526068,0,0,1.10626,0.302199,0.105795,0.66528,12.849,1,0.54335,0.36288,0,43.1347,5.64274,37.3115,0.84672,12.849,0.84672,3695.15,0,36.966,0.318089,1.34976,2.01258,4.13511,1.49189,5.68748,0.42336,36.966,0.42336,423.524,0,1.02816,0,0,2.37792,1.34976,1.028160,1,0,43.1047,0,0,0,43.1047,0
58.0143,2.40077,0,0,2.62236,0.0893776,0.36288,3.6288,61.308,0.470603,0,0,0.929897,0.264844,0.19445,0.66528,12.849,1,0.529618,0.36288,0,41.9269,4.96943,36.7907,0.84672,12.849,0.84672,3695.15,0,36.966,0.283753,0.737666,2.0129,4.25039,1.35791,5.35929,0.42336,36.966,0.42336,423.524,0,1.02816,0,0,1.76583,0.737666,1.028160,1,0,42.3445,0,0,0,42.3445,0
57.491,2.39943,0,0,2.33086,0.0918192,0.36288,3.6288,61.308,0.47078,0,0,1.31369,0.259342,0.583573,0.66528,12.849,1,0.531426,0.36288,0,34.7499,4.82538,29.756,0.84672,12.849,0.84672,3695.15,0,36.966,0.283859,1.76343,1.92633,4.99592,1.33601,7.0658,0.42336,36.966,0.42336,423.524,0,1.02816,0,0,2.79159,1.76343,1.028160,1,0,37.4054,0,0,0,37.4054,0
56.6971,2.39586,0,0,2.05622,0.0913509,0.36288,3.6288,61.308,0.470957,0,0,0.73961,0.259342,0.00931082,0.66528,12.849,1,0.535465,0.36288,0,35.9956,4.82538,30.9977,0.84672,12.849,0.84672,3695.15,0,36.966,0.283966,0.662135,1.92663,3.74651,1.33601,4.7153,0.42336,36.966,0.42336,423.524,0,1.02816,0,0,1.69029,0.662135,1.028160,1,0,35.7223,0,0,0,35.7223,0
55.5983,2.39013,0,0,1.74479,0.0906403,0.36288,3.6288,61.2517,0.471134,0,0,0.674188,0.259342,0,0.66528,12.849,1,0.541663,0.36288,0,33.2607,4.82538,28.2566,0.84672,12.849,0.84672,3695.15,0,36.966,0.284073,0.50855,1.92694,3.56498,1.33601,4.38038,0.42336,36.966,0.42336,423.524,0,1.02816,0,0,1.53671,0.50855,1.028160,1,0,32.6369,0,0,0,32.6369,0
54.81,2.5323,0,0,2.30453,0.197566,0.36288,3.6288,61.308,0.516934,0,0,0.807716,0.185006,0.0494878,0.66528,12.849,1,0.585226,0.36288,0,43.1017,4.0607,38.8186,0.84672,12.849,0.84672,3695.15,0,36.966,0.311975,0.3759,1.92725,4.38609,1.01928,5.35797,0.42336,36.966,0.42336,423.524,0,1.02816,0,0,1.40406,0.3759,1.028160,1,0,44.2261,0,0,0,44.2261,0
53.2301,2.52588,0,0,1.52922,0.220406,0.36288,3.6288,61.0257,0.644453,0,0,0.554322,0.192173,0,0.66528,12.849,1,0.592138,0.36288,0,46.6468,4.49452,41.9231,0.84672,12.849,0.84672,3695.15,0,36.966,0.388577,0.216518,2.019,4.77618,1.05127,5.57185,0.42336,36.966,0.42336,423.524,0,0.824334,0,0,1.04085,0.216518,1.028160,1,0,47.4949,0,0,0,47.4949,0
54.6681,2.51213,0,0,4.52993,0.216902,0.36288,3.6288,61.308,0.516582,0,0,1.82404,0.19183,0.833325,0.66528,12.849,1,0.606392,0.36288,0,87.6844,4.49452,82.9464,0.84672,12.849,0.84672,3695.15,0,36.966,0.312917,2.65216,2.01932,8.41234,1.05127,11.7196,0.42336,36.966,0.42336,423.524,0,1.02816,0,0,3.68032,2.65216,1.028160,1,0,95.4994,0,0,0,95.4994,0
55.1146,2.52544,0,0,3.56091,0.226092,0.36288,3.6288,61.308,0.517665,0,0,1.41011,0.194486,0.697957,0.66528,12.849,1,0.593571,0.36288,0,99.0481,4.43311,94.3843,0.84672,12.849,0.84672,3695.15,0,36.966,0.312129,2.30266,2.01964,8.0389,1.03006,11.019,0.42336,36.966,0.42336,423.524,0,1.02816,0,0,3.33082,2.30266,1.028160,1,0,106.101,0,0,0,106.101,0
56.4372,2.33923,0,0,4.28531,0.260608,0.36288,3.6288,61.308,0.401406,0,0,1.68522,0.206304,1.07751,0.66528,12.849,1,0.545349,0.36288,0,66.2361,4.04004,62.0136,0.84672,12.849,0.84672,3695.15,0,36.966,0.24203,2.21738,2.01996,7.7522,0.909339,10.8382,0.42336,36.966,0.42336,423.524,0,1.02816,0,0,3.24554,2.21738,1.028160,1,0,73.9293,0,0,0,73.9293,0
56.5595,2.35001,0,0,3.08305,0.24785,0.36288,3.6288,61.308,0.401571,0,0,1.17604,0.193946,0.580525,0.66528,12.849,1,0.535024,0.36288,0,94.8689,3.89235,90.8044,0.84672,12.849,0.84672,3695.15,0,36.966,0.24213,1.03499,1.83204,5.07549,0.948673,6.75172,0.42336,36.966,0.42336,423.524,0,1.02816,0,0,2.06315,1.03499,1.028160,1,0,98.1367,0,0,0,98.1367,0
56.1734,2.35133,0,0,2.57628,0.24815,0.36288,3.6288,61.308,0.401737,0,0,0.973002,0.193946,0.377319,0.66528,12.849,1,0.534166,0.36288,0,37.8103,3.89235,33.7466,0.84672,12.849,0.84672,3695.15,0,36.966,0.24223,0.713681,1.83234,4.75113,0.948673,6.10624,0.42336,36.966,0.42336,423.524,0,1.02816,0,0,1.74184,0.713681,1.028160,1,0,40.2302,0,0,0,40.2302,0
58.2165,2.34871,0,0,5.00186,0.247202,0.36288,3.6288,61.308,0.401903,0,0,1.39092,0.193946,0.79507,0.66528,12.849,1,0.53724,0.36288,0,43.6793,3.89235,39.6126,0.84672,12.849,0.84672,3695.15,0,36.966,0.24233,1.29476,1.83263,6.80196,0.948673,8.73834,0.42336,36.966,0.42336,423.524,0,1.02816,0,0,2.32292,1.29476,1.028160,1,0,49.146,0,0,0,49.146,0
65.0966,2.36453,0,0,9.87094,0.263467,0.36288,3.6288,61.308,0.402069,0,0,3.85592,0.205726,3.24812,0.66528,12.849,1,0.521877,0.36288,0,152.916,4.116,148.641,0.84672,12.849,0.84672,3695.15,0,36.966,0.24243,3.71626,1.83292,14.6896,0.981503,19.0149,0.42336,36.966,0.42336,423.524,0,1.02816,0,0,4.74442,3.71626,1.028160,1,0,170.904,0,0,0,170.904,0
67.5576,2.4865,0,0,5.58887,0.278432,0.36288,3.6288,61.308,0.435976,0,0,2.3815,0.22612,1.71941,0.66528,12.849,1,0.490795,0.36288,0,125.318,4.0566,121.133,0.84672,12.849,0.84672,3695.15,0,36.966,0.262874,1.6861,1.83321,9.37622,1.07887,11.5538,0.42336,36.966,0.42336,423.524,0,1.02816,0,0,2.71426,1.6861,1.028160,1,0,134.406,0,0,0,134.406,0
69.4134,2.5019,0,0,4.98461,0.264059,0.36288,3.6288,61.308,0.436139,0,0,1.90557,0.198466,1.27096,0.66528,12.849,1,0.475844,0.36288,0,81.718,3.37176,78.2333,0.84672,12.849,0.84672,3695.15,0,36.966,0.262972,1.23618,1.89223,8.82762,0.959188,10.7339,0.42336,36.966,0.42336,423.524,0,1.02816,0,0,2.26434,1.23618,1.028160,1,0,90.2381,0,0,0,90.2381,0
70.5845,2.51301,0,0,4.31488,0.267916,0.36288,3.6288,61.308,0.436302,0,0,1.36585,0.198466,0.731087,0.66528,12.849,1,0.46518,0.36288,0,90.6941,3.37176,87.22,0.84672,12.849,0.84672,3695.15,0,36.966,0.26307,0.87842,1.89252,7.11444,0.959188,8.66312,0.42336,36.966,0.42336,423.524,0,1.02816,0,0,1.90658,0.87842,1.028160,1,0,96.6142,0,0,0,96.6142,0
72.29,2.51992,0,0,6.17236,0.270349,1.67654,3.6288,61.308,0.436464,0,0,2.16986,0.198466,1.53493,0.66528,12.849,1,0.45872,1.67654,0,87.6165,3.37176,85.4626,0.84672,12.849,0.84672,3695.15,0,36.966,0.263169,4.21015,1.8928,11.5697,0.959188,16.4503,0.42336,36.966,0.42336,423.524,0,1.02816,0,0,5.23831,4.21015,1.028160,1,0,103.448,0,0,0,103.448,0
72.29,2.54378,0,0,7.21084,0.284333,4.38273,3.6288,61.308,0.46251,0,0,1.88187,0.184283,1.23508,0.66528,12.849,1,0.452137,4.38273,0,104.045,3.05493,104.92,0.84672,12.849,0.84672,3695.15,0,36.966,0.278873,3.47103,1.89309,9.17067,0.898071,13.3578,0.42336,36.966,0.42336,423.524,0,1.02816,0,0,4.49919,3.47103,1.028160,1,0,119.513,0,0,0,119.513,0
72.29,2.54416,0,0,5.32713,0.310432,2.47254,3.6288,61.308,0.462676,0,0,1.81082,0.148827,1.19932,0.66528,12.849,1,0.452205,2.47254,0,136.378,2.26285,136.136,0.84672,12.849,0.84672,3695.15,0,36.966,0.278973,2.3402,1.92858,9.72899,0.745278,12.9735,0.42336,36.966,0.42336,423.524,0,1.02816,0,0,3.36836,2.3402,1.028160,1,0,150.308,0,0,0,150.308,0
72.29,2.54454,0,0,4.71785,0.310432,1.86287,3.6288,61.308,0.462843,0,0,1.35474,0.148827,0.743074,0.66528,12.849,1,0.452274,1.86287,0,84.564,2.26285,83.7117,0.84672,12.849,0.84672,3695.15,0,36.966,0.279074,1.21405,1.92887,8.81315,0.745278,10.9317,0.42336,36.966,0.42336,423.524,0,1.02816,0,0,2.24221,1.21405,1.028160,1,0,95.3865,0,0,0,95.3865,0
72.29,2.54493,0,0,7.618,0.305237,4.76783,3.6288,61.308,0.46301,0,0,2.34424,0.159892,1.72134,0.66528,12.849,1,0.452342,4.76783,0,134.386,2.52494,136.176,0.84672,12.849,0.84672,3695.15,0,36.966,0.279174,3.40168,1.92917,10.9216,0.827269,15.146,0.42336,36.966,0.42336,423.524,0,1.02816,0,0,4.42984,3.40168,1.028160,1,0,153.044,0,0,0,153.044,0
72.29,2.42578,0,0,6.40084,0.293817,3.68124,3.6288,61.308,0.393901,0,0,2.00189,0.168117,1.43987,0.66528,12.849,1,0.431164,3.68124,0,101.707,3.08695,101.87,0.84672,12.849,0.84672,3695.15,0,36.966,0.237505,3.17723,1.92946,13.2377,0.950917,17.156,0.42336,36.966,0.42336,423.524,0,1.02816,0,0,4.20539,3.17723,1.028160,1,0,120.466,0,0,0,120.466,0
72.29,2.42614,0,0,5.72265,0.297734,2.99877,3.6288,61.308,0.394057,0,0,1.18882,0.119519,0.675245,0.66528,12.849,1,0.431229,2.99877,0,94.5734,2.85401,94.287,0.84672,12.849,0.84672,3695.15,0,36.966,0.237599,1.41106,1.81757,12.627,0.747587,14.8705,0.42336,36.966,0.42336,423.524,0,1.02816,0,0,2.43922,1.41106,1.028160,1,0,109.833,0,0,0,109.833,0
72.29,2.42651,0,0,3.76574,0.297734,1.04149,3.6288,61.308,0.394213,0,0,1.08319,0.119519,0.569456,0.66528,12.849,1,0.431294,1.04149,0,78.0572,2.85401,75.8134,0.84672,12.849,0.84672,3695.15,0,36.966,0.237693,0.709551,1.81785,8.51653,0.747587,10.0587,0.42336,36.966,0.42336,423.524,0,1.02816,0,0,1.73771,0.709551,1.028160,1,0,86.4415,0,0,0,86.4415,0
72.29,2.42688,0,0,4.60077,0.297734,1.87615,3.6288,61.308,0.39437,0,0,2.53468,0.119519,2.02079,0.66528,12.849,1,0.431359,1.87615,0,112.202,2.85401,110.792,0.84672,12.849,0.84672,3695.15,0,36.966,0.237787,1.4903,1.81812,10.109,0.747587,12.432,0.42336,36.966,0.42336,423.524,0,1.02816,0,0,2.51846,1.4903,1.028160,1,0,125.245,0,0,0,125.245,0
72.29,2.42724,0,0,4.80285,0.256662,2.11894,3.6288,61.308,0.394526,0,0,2.06518,0.126798,1.54385,0.66528,12.849,1,0.431424,2.11894,0,84.3013,2.9609,83.028,0.84672,12.849,0.84672,3695.15,0,36.966,0.237882,1.1069,1.81839,9.3642,0.765139,11.2865,0.42336,36.966,0.42336,423.524,0,1.02816,0,0,2.13506,1.1069,1.028160,1,0,95.8583,0,0,0,95.8583,0
72.29,2.51631,0,0,5.89578,0.290579,3.08889,3.6288,61.308,0.436353,0,0,1.44927,0.158846,0.854065,0.66528,12.849,1,0.447255,3.08889,0,97.3253,3.50513,96.4618,0.84672,12.849,0.84672,3695.15,0,36.966,0.263102,0.78522,1.81867,10.6563,0.889803,12.1073,0.42336,36.966,0.42336,423.524,0,1.02816,0,0,1.81338,0.78522,1.028160,1,0,109.423,0,0,0,109.423,0
72.29,2.51669,0,0,6.87762,0.296231,4.0647,3.6288,61.308,0.436516,0,0,2.83375,0.164188,2.23304,0.66528,12.849,1,0.447323,4.0647,0,103.658,3.59583,103.68,0.84672,12.849,0.84672,3695.15,0,36.966,0.2632,1.91506,1.89013,12.0696,0.910581,14.7011,0.42336,36.966,0.42336,423.524,0,1.02816,0,0,2.94322,1.91506,1.028160,1,0,120.614,0,0,0,120.614,0
72.29,2.51707,0,0,5.81163,0.296231,2.99833,3.6288,61.308,0.436679,0,0,3.09786,0.164188,2.497,0.66528,12.849,1,0.44739,2.99833,0,126.081,3.59583,125.036,0.84672,12.849,0.84672,3695.15,0,36.966,0.263298,2.61454,1.89041,15.1279,0.910581,18.459,0.42336,36.966,0.42336,423.524,0,1.02816,0,0,3.6427,2.61454,1.028160,1,0,145.992,0,0,0,145.992,0
72.29,2.51745,0,0,4.23895,0.290449,1.43105,3.6288,61.308,0.436842,0,0,2.1551,0.148388,1.56987,0.66528,12.849,1,0.447458,1.43105,0,112.848,3.16416,110.667,0.84672,12.849,0.84672,3695.15,0,36.966,0.263396,1.67645,1.8907,9.96486,0.850193,12.4184,0.42336,36.966,0.42336,423.524,0,1.02816,0,0,2.70461,1.67645,1.028160,1,0,124.656,0,0,0,124.656,0
72.29,2.48313,0,0,4.01079,0.257937,1.26973,3.6288,61.308,0.42081,0,0,1.44989,0.180364,0.848713,0.66528,12.849,1,0.441357,1.26973,0,88.8952,3.94438,85.7792,0.84672,12.849,0.84672,3695.15,0,36.966,0.25373,1.48136,1.89098,8.42244,0.947823,10.5932,0.42336,36.966,0.42336,423.524,0,1.02816,0,0,2.50952,1.48136,1.028160,1,0,97.2212,0,0,0,97.2212,0
72.29,2.4835,0,0,3.77191,0.205906,1.0825,3.6288,61.308,0.420971,0,0,1.32655,0.222086,0.683495,0.66528,12.849,1,0.441424,1.0825,0,73.9843,4.70663,69.9188,0.84672,12.849,0.84672,3695.15,0,36.966,0.253827,1.17132,1.86355,7.93981,1.06151,9.65936,0.42336,36.966,0.42336,423.524,0,1.02816,0,0,2.19948,1.17132,1.028160,1,0,80.2616,0,0,0,80.2616,0
72.29,2.48388,0,0,3.54287,0.205906,0.853083,3.6288,61.308,0.421131,0,0,1.24962,0.222086,0.606404,0.66528,12.849,1,0.44149,0.853083,0,63.0487,4.70663,58.7536,0.84672,12.849,0.84672,3695.15,0,36.966,0.253923,1.02235,1.86384,7.24265,1.06151,8.81341,0.42336,36.966,0.42336,423.524,0,1.02816,0,0,2.05051,1.02235,1.028160,1,0,68.1735,0,0,0,68.1735,0
72.29,2.48425,0,0,3.39153,0.205906,0.70137,3.6288,61.308,0.421291,0,0,1.17003,0.222086,0.526652,0.66528,12.849,1,0.441557,0.70137,0,59.5417,4.70663,55.0949,0.84672,12.849,0.84672,3695.15,0,36.966,0.25402,0.871923,1.86412,7.2246,1.06151,8.6451,0.42336,36.966,0.42336,423.524,0,1.02816,0,0,1.90008,0.871923,1.028160,1,0,64.2666,0,0,0,64.2666,0
72.0574,2.60249,0,0,2.96231,0.22949,0.36288,3.6288,61.308,0.478916,0,0,1.15299,0.156468,0.517606,0.66528,12.849,1,0.462573,0.36288,0,55.383,4.1539,51.1294,0.84672,12.849,0.84672,3695.15,0,36.966,0.288765,0.96882,1.8644,6.8423,0.929429,8.45733,0.42336,36.966,0.42336,423.524,0,1.02816,0,0,1.99698,0.96882,1.028160,1,0,60.1043,0,0,0,60.1043,0
71.7144,2.60162,0,0,2.7727,0.151281,0.36288,3.6288,61.308,0.479085,0,0,0.945389,0.202037,0.264267,0.66528,12.849,1,0.46391,0.36288,0,47.3292,4.67995,42.5482,0.84672,12.849,0.84672,3695.15,0,36.966,0.288867,0.916609,1.96186,5.55956,1.0914,7.05775,0.42336,36.966,0.42336,423.524,0,1.02816,0,0,1.94477,0.916609,1.028160,1,0,49.8703,0,0,0,49.8703,0
71.2615,2.60013,0,0,2.6534,0.143309,0.36288,3.6288,61.308,0.479254,0,0,0.994023,0.203822,0.310947,0.66528,12.849,1,0.465862,0.36288,0,44.469,4.73414,39.6319,0.84672,12.849,0.84672,3695.15,0,36.966,0.288969,0.905723,1.96216,5.79194,1.08137,7.28948,0.42336,36.966,0.42336,423.524,0,1.02816,0,0,1.93388,0.905723,1.028160,1,0,47.2324,0,0,0,47.2324,0
70.6926,2.59801,0,0,2.53484,0.142814,0.36288,3.6288,61.308,0.479423,0,0,0.998222,0.203822,0.314977,0.66528,12.849,1,0.468442,0.36288,0,41.7811,4.73414,36.9414,0.84672,12.849,0.84672,3695.15,0,36.966,0.289071,0.820532,1.96245,5.56936,1.08137,6.9819,0.42336,36.966,0.42336,423.524,0,1.02816,0,0,1.84869,0.820532,1.028160,1,0,44.2382,0,0,0,44.2382,0
69.9621,2.59521,0,0,2.36983,0.142193,0.36288,3.6288,61.308,0.479593,0,0,0.929249,0.203822,0.245835,0.66528,12.849,1,0.471703,0.36288,0,38.9944,4.73414,34.1514,0.84672,12.849,0.84672,3695.15,0,36.966,0.289173,0.721552,1.96275,5.27558,1.08137,6.58933,0.42336,36.966,0.42336,423.524,0,1.02816,0,0,1.74971,0.721552,1.028160,1,0,40.9866,0,0,0,40.9866,0
69.2548,2.56823,0,0,2.34509,0.121328,0.36288,3.6288,61.308,0.511369,0,0,1.07269,0.227088,0.334234,0.66528,12.849,1,0.471673,0.36288,0,38.5559,4.52973,33.9174,0.84672,12.849,0.84672,3695.15,0,36.966,0.308333,0.978973,1.96304,6.04174,1.08934,7.58609,0.42336,36.966,0.42336,423.524,0,1.02816,0,0,2.00713,0.978973,1.028160,1,0,41.8377,0,0,0,41.8377,0
68.3494,2.56456,0,0,2.15076,0.128663,0.36288,3.6288,61.308,0.511543,0,0,1.08715,0.221143,0.354459,0.66528,12.849,1,0.475808,0.36288,0,38.0163,4.26846,33.6349,0.84672,12.849,0.84672,3695.15,0,36.966,0.308438,1.02538,1.99734,5.97664,1.05841,7.6325,0.42336,36.966,0.42336,423.524,0,1.02816,0,0,2.05354,1.02538,1.028160,1,0,41.6218,0,0,0,41.6218,0
67.2376,2.55964,0,0,1.93839,0.127759,0.36288,3.6288,61.308,0.511717,0,0,1.01236,0.221143,0.279497,0.66528,12.849,1,0.481186,0.36288,0,35.2354,4.26846,30.8486,0.84672,12.849,0.84672,3695.15,0,36.966,0.308543,0.763897,1.99764,5.69048,1.05841,7.08506,0.42336,36.966,0.42336,423.524,0,1.02816,0,0,1.79206,0.763897,1.028160,1,0,38.2132,0,0,0,38.2132,0
66.0712,2.55334,0,0,1.85357,0.103759,0.36288,3.6288,61.308,0.511891,0,0,0.957087,0.275989,0.169208,0.66528,12.849,1,0.48794,0.36288,0,31.7666,4.97421,26.6673,0.84672,12.849,0.84672,3695.15,0,36.966,0.308648,0.741226,1.99794,5.40656,1.31603,6.52105,0.42336,36.966,0.42336,423.524,0,1.02816,0,0,1.76939,0.741226,1.028160,1,0,33.3576,0,0,0,33.3576,0
64.7758,2.60595,0,0,1.76037,0.0869064,0.36288,3.6288,61.308,0.540251,0,0,0.923875,0.304845,0.078779,0.66528,12.849,1,0.506784,0.36288,0,30.4804,5.42828,24.9082,0.84672,12.849,0.84672,3695.15,0,36.966,0.325747,0.701628,1.99824,5.07564,1.46221,5.98755,0.42336,36.966,0.42336,423.524,0,1.02816,0,0,1.72979,0.701628,1.028160,1,0,30.9745,0,0,0,30.9745,0
63.5281,2.59788,0,0,1.79012,0.0770019,0.36288,3.6288,61.308,0.540429,0,0,0.903554,0.31407,0.0490548,0.66528,12.849,1,0.515319,0.36288,0,31.9911,5.65729,26.1813,0.84672,12.849,0.84672,3695.15,0,36.966,0.325855,0.592497,2.04675,4.39658,1.51974,5.19024,0.42336,36.966,0.42336,423.524,0,1.02816,0,0,1.62066,0.592497,1.028160,1,0,31.4206,0,0,0,31.4206,0
62.129,2.58985,0,0,1.62985,0.0762289,0.36288,3.6288,61.308,0.540608,0,0,0.857788,0.31407,0.00311037,0.66528,12.849,1,0.523816,0.36288,0,29.1555,5.65729,23.3373,0.84672,12.849,0.84672,3695.15,0,36.966,0.325962,0.343103,2.04706,4.10103,1.51974,4.64549,0.42336,36.966,0.42336,423.524,0,1.02816,0,0,1.37126,0.343103,1.028160,1,0,27.9859,0,0,0,27.9859,0
61.0355,2.58047,0,0,1.91353,0.0637343,0.36288,3.6288,61.308,0.540786,0,0,1.07159,0.303489,0.227319,0.66528,12.849,1,0.533671,0.36288,0,30.4771,5.83215,24.4741,0.84672,12.849,0.84672,3695.15,0,36.966,0.32607,0.959144,2.04737,6.2295,1.56758,7.34236,0.42336,36.966,0.42336,423.524,0,1.02816,0,0,1.9873,0.959144,1.028160,1,0,32.0438,0,0,0,32.0438,0
60.0626,2.51499,0,0,1.96324,0.0582577,0.36288,3.6288,61.308,0.535244,0,0,1.08073,0.283337,0.262145,0.66528,12.849,1,0.529447,0.36288,0,31.3378,5.89082,25.2804,0.84672,12.849,0.84672,3695.15,0,36.966,0.322728,1.02571,2.04768,5.26019,1.59652,6.41433,0.42336,36.966,0.42336,423.524,0,1.02816,0,0,2.05387,1.02571,1.028160,1,0,31.9569,0,0,0,31.9569,0
58.6761,2.5083,0,0,1.56601,0.0813485,0.36288,3.6288,61.308,0.535421,0,0,0.872061,0.307184,0.0294555,0.66528,12.849,1,0.536593,0.36288,0,21.4346,5.86297,15.3979,0.84672,12.849,0.84672,3695.15,0,36.966,0.322835,0.527014,2.02775,4.84062,1.44736,5.62519,0.42336,36.966,0.42336,423.524,0,1.02816,0,0,1.55517,0.527014,1.028160,1,0,21.0526,0,0,0,21.0526,0
57.4889,2.49827,0,0,1.74984,0.0758851,0.36288,3.6288,61.308,0.535599,0,0,1.07163,0.309774,0.226254,0.66528,12.849,1,0.547077,0.36288,0,27.2751,5.93775,21.1532,0.84672,12.849,0.84672,3695.15,0,36.966,0.322942,0.924834,2.02806,5.13801,1.4623,6.30566,0.42336,36.966,0.42336,423.524,0,1.02816,0,0,1.95299,0.924834,1.028160,1,0,27.6851,0,0,0,27.6851,0
55.944,2.48942,0,0,1.38243,0.0750125,0.36288,3.6288,61.2447,0.535777,0,0,0.782248,0.309774,0,0.66528,12.849,1,0.556395,0.36288,0,28.147,5.93775,22.0158,0.84672,12.849,0.84672,3695.15,0,36.966,0.32305,0.370984,2.02836,4.07121,1.4623,4.68521,0.42336,36.966,0.42336,423.524,0,1.02816,0,0,1.39914,0.370984,1.028160,1,0,26.701,0,0,0,26.701,0
54.7421,2.4773,0,0,1.71218,0.073877,0.36288,3.6288,61.308,0.535746,0,0,1.30139,0.30965,0.392692,0.66528,12.849,1,0.568976,0.36288,0,24.9448,5.93775,18.801,0.84672,12.849,0.84672,3695.15,0,36.966,0.323365,1.46734,2.02867,6.11789,1.4623,7.82824,0.42336,36.966,0.42336,423.524,0,1.02816,0,0,2.4955,1.46734,1.028160,1,0,27.0219,0,0,0,27.0219,0
53.3214,2.39226,0,0,1.46478,0.130416,0.36288,3.6288,61.308,0.479475,0,0,0.990446,0.302888,0.208083,0.66528,12.849,1,0.561509,0.36288,0,26.9775,5.25457,21.5243,0.84672,12.849,0.84672,3695.15,0,36.966,0.289102,0.573877,2.02898,6.65296,1.35323,7.61349,0.42336,36.966,0.42336,423.524,0,1.02816,0,0,1.60204,0.573877,1.028160,1,0,29.3459,0,0,0,29.3459,0
52.1733,2.38057,0,0,1.74661,0.151191,0.36288,3.6288,61.308,0.479644,0,0,1.14125,0.300133,0.361471,0.66528,12.849,1,0.573652,0.36288,0,24.5732,4.9813,19.3811,0.84672,12.849,0.84672,3695.15,0,36.966,0.289204,0.679458,1.9417,7.2671,1.3096,8.28945,0.42336,36.966,0.42336,423.524,0,1.02816,0,0,1.70762,0.679458,1.028160,1,0,28.032,0,0,0,28.032,0
50.7264,2.37079,0,0,1.43619,0.149418,0.36288,3.6288,61.308,0.479813,0,0,1.5951,0.300133,0.815153,0.66528,12.849,1,0.583868,0.36288,0,23.8548,4.9813,18.6525,0.84672,12.849,0.84672,3695.15,0,36.966,0.289306,1.88516,1.94199,8.20498,1.3096,10.4332,0.42336,36.966,0.42336,423.524,0,1.02816,0,0,2.91332,1.88516,1.028160,1,0,29.9009,0,0,0,29.9009,0
49.0502,2.35786,0,0,1.19168,0.147183,0.36288,3.6288,61.308,0.479983,0,0,0.857935,0.300133,0.0778186,0.66528,12.849,1,0.597246,0.36288,0,22.8563,4.9813,17.6407,0.84672,12.849,0.84672,3695.15,0,36.966,0.289408,0.480064,1.94228,6.11052,1.3096,6.93386,0.42336,36.966,0.42336,423.524,0,1.02816,0,0,1.50822,0.480064,1.028160,1,0,24.6523,0,0,0,24.6523,0
47.1998,2.49002,0,0,1.1824,0.179907,0.36288,3.6288,61.2652,0.526318,0,0,0.730801,0.247277,0,0.66528,12.849,1,0.652276,0.36288,0,21.2605,4.55803,16.4131,0.84672,12.849,0.84672,3695.15,0,36.966,0.317346,0.367165,1.94258,5.48053,1.16527,6.30766,0.42336,36.966,0.42336,423.524,0,1.02816,0,0,1.39533,0.367165,1.028160,1,0,22.7208,0,0,0,22.7208,0
45.6373,2.47029,0,0,1.47889,0.208222,0.36288,3.6288,61.308,0.526356,0,0,0.892311,0.168154,0.155007,0.66528,12.849,1,0.672478,0.36288,0,38.9169,4.22657,34.3807,0.84672,12.849,0.84672,3695.15,0,36.966,0.317591,0.944058,2.03504,5.64517,1.03157,7.2751,0.42336,36.966,0.42336,423.524,0,1.02816,0,0,1.97222,0.944058,1.028160,1,0,41.8108,0,0,0,41.8108,0
45.5581,2.4527,0,0,2.941,0.20464,0.36288,3.6288,61.308,0.52667,0,0,1.6582,0.168199,0.963332,0.66528,12.849,1,0.690548,0.36288,0,57.3952,4.22657,52.8409,0.84672,12.849,0.84672,3695.15,0,36.966,0.317559,2.0842,2.03534,11.545,1.03157,14.3155,0.42336,36.966,0.42336,423.524,0,1.02816,0,0,3.11236,2.0842,1.028160,1,0,68.1197,0,0,0,68.1197,0
44.7367,2.45213,0,0,2.19807,0.204459,0.36288,3.6288,61.308,0.526847,0,0,1.7441,0.168199,1.04905,0.66528,12.849,1,0.691588,0.36288,0,40.3091,4.22657,35.7539,0.84672,12.849,0.84672,3695.15,0,36.966,0.317665,2.39535,2.03565,9.00418,1.03157,12.0859,0.42336,36.966,0.42336,423.524,0,1.02816,0,0,3.42351,2.39535,1.028160,1,0,48.8889,0,0,0,48.8889,0
44.7311,2.25868,0,0,2.85155,0.235579,0.36288,3.6288,61.308,0.409657,0,0,1.31228,0.181996,0.720628,0.66528,12.849,1,0.648724,0.36288,0,53.8513,4.45853,49.1069,0.84672,12.849,0.84672,3695.15,0,36.966,0.247005,1.48868,2.03596,15.509,1.08572,17.7009,0.42336,36.966,0.42336,423.524,0,1.02816,0,0,2.51684,1.48868,1.028160,1,0,67.5284,0,0,0,67.5284,0
43.8499,2.25895,0,0,1.95898,0.218329,0.36288,3.6288,61.308,0.409816,0,0,1.09009,0.209676,0.4706,0.66528,12.849,1,0.648884,0.36288,0,60.3982,3.70514,56.407,0.84672,12.849,0.84672,3695.15,0,36.966,0.247101,1.11112,1.84654,9.78368,0.883139,11.6111,0.42336,36.966,0.42336,423.524,0,1.02816,0,0,2.13928,1.11112,1.028160,1,0,68.4887,0,0,0,68.4887,0
43.4982,2.24921,0,0,2.47657,0.216152,0.36288,3.6288,61.308,0.409974,0,0,1.36704,0.209676,0.747388,0.66528,12.849,1,0.659068,0.36288,0,64.0556,3.70514,60.0543,0.84672,12.849,0.84672,3695.15,0,36.966,0.247196,1.70684,1.84682,11.6577,0.883139,14.081,0.42336,36.966,0.42336,423.524,0,1.02816,0,0,2.735,1.70684,1.028160,1,0,74.8827,0,0,0,74.8827,0
43.1977,2.24543,0,0,2.52303,0.215283,0.36288,3.6288,61.308,0.410133,0,0,1.91786,0.209676,1.29805,0.66528,12.849,1,0.663282,0.36288,0,73.7597,3.70514,69.7541,0.84672,12.849,0.84672,3695.15,0,36.966,0.247292,2.59391,1.8471,14.7326,0.883139,18.0432,0.42336,36.966,0.42336,423.524,0,1.02816,0,0,3.62207,2.59391,1.028160,1,0,89.0953,0,0,0,89.0953,0
43.4834,2.24222,0,0,3.11202,0.221221,0.36288,3.6288,61.308,0.410292,0,0,2.23639,0.204563,1.62154,0.66528,12.849,1,0.66694,0.36288,0,80.784,3.78484,76.6951,0.84672,12.849,0.84672,3695.15,0,36.966,0.247388,2.59208,1.84738,15.535,0.90335,18.8237,0.42336,36.966,0.42336,423.524,0,1.02816,0,0,3.62024,2.59208,1.028160,1,0,97.1403,0,0,0,97.1403,0
45.5051,2.2775,0,0,4.90997,0.24789,0.36288,3.6288,61.308,0.426274,0,0,2.75222,0.199149,2.1268,0.66528,12.849,1,0.672984,0.36288,0,94.9977,4.25755,90.43,0.84672,12.849,0.84672,3695.15,0,36.966,0.257024,3.1172,1.84766,19.1088,1.09037,22.7263,0.42336,36.966,0.42336,423.524,0,1.02816,0,0,4.14536,3.1172,1.028160,1,0,115.283,0,0,0,115.283,0
46.2445,2.34033,0,0,3.71943,0.27675,0.36288,3.6288,61.308,0.444612,0,0,1.97708,0.147847,1.38462,0.66528,12.849,1,0.660827,0.36288,0,73.3606,3.29217,69.7705,0.84672,12.849,0.84672,3695.15,0,36.966,0.268082,2.68215,1.87519,15.1762,0.708082,18.7573,0.42336,36.966,0.42336,423.524,0,1.02816,0,0,3.71031,2.68215,1.028160,1,0,89.9124,0,0,0,89.9124,0
46.8309,2.30961,0,0,3.53788,0.279045,0.36288,3.6288,61.308,0.426579,0,0,2.12108,0.147847,1.54665,0.66528,12.849,1,0.641722,0.36288,0,74.9715,3.29217,71.4005,0.84672,12.849,0.84672,3695.15,0,36.966,0.257208,3.07643,1.9074,14.8205,0.708082,18.839,0.42336,36.966,0.42336,423.524,0,1.02816,0,0,4.10459,3.07643,1.028160,1,0,91.7862,0,0,0,91.7862,0
47.1176,2.2768,0,0,3.20722,0.280866,0.36288,3.6288,61.308,0.408541,0,0,1.77947,0.147847,1.22308,0.66528,12.849,1,0.624685,0.36288,0,51.1531,3.29217,47.5991,0.84672,12.849,0.84672,3695.15,0,36.966,0.246332,2.30278,1.87573,12.3947,0.708082,15.6188,0.42336,36.966,0.42336,423.524,0,1.02816,0,0,3.33094,2.30278,1.028160,1,0,64.441,0,0,0,64.441,0
48.0433,2.37243,0,0,3.95137,0.290317,0.36288,3.6288,61.308,0.471164,0,0,2.10776,0.145863,1.49074,0.66528,12.849,1,0.646965,0.36288,0,83.3058,3.30141,79.7203,0.84672,12.849,0.84672,3695.15,0,36.966,0.284091,3.07676,1.84405,15.1144,0.713935,19.0372,0.42336,36.966,0.42336,423.524,0,1.02816,0,0,4.10492,3.07676,1.028160,1,0,100.248,0,0,0,100.248,0
50.0407,2.38261,0,0,5.02942,0.28652,0.36288,3.6288,61.308,0.471323,0,0,1.68512,0.168639,1.04516,0.66528,12.849,1,0.63722,0.36288,0,88.0295,2.84151,84.9137,0.84672,12.849,0.84672,3695.15,0,36.966,0.284187,2.49298,1.9437,9.64941,0.862897,12.939,0.42336,36.966,0.42336,423.524,0,1.02816,0,0,3.52114,2.49298,1.028160,1,0,98.8978,0,0,0,98.8978,0
51.4699,2.40319,0,0,4.48799,0.292745,0.36288,3.6288,61.308,0.471482,0,0,1.72149,0.168639,1.08137,0.66528,12.849,1,0.61707,0.36288,0,83.3414,2.84151,80.2457,0.84672,12.849,0.84672,3695.15,0,36.966,0.284283,2.50531,1.94398,9.64941,0.862897,12.9515,0.42336,36.966,0.42336,423.524,0,1.02816,0,0,3.53347,2.50531,1.028160,1,0,94.2786,0,0,0,94.2786,0
53.141,2.41725,0,0,4.72889,0.277684,0.36288,3.6288,61.308,0.471641,0,0,1.79123,0.196463,1.12312,0.66528,12.849,1,0.603445,0.36288,0,84.1277,4.01265,79.8745,0.84672,12.849,0.84672,3695.15,0,36.966,0.284379,2.66412,1.94426,10.7477,1.26195,13.8098,0.42336,36.966,0.42336,423.524,0,1.02816,0,0,3.69228,2.66412,1.028160,1,0,94.8074,0,0,0,94.8074,0
55.5354,2.1245,0,0,5.14562,0.263754,0.36288,3.6288,61.308,0.314624,0,0,1.83407,0.206057,1.31339,0.66528,12.849,1,0.513684,0.36288,0,91.9417,3.77613,88.0148,0.84672,12.849,0.84672,3695.15,0,36.966,0.189704,2.92175,1.94454,12.0164,1.10881,15.5842,0.42336,36.966,0.42336,423.524,0,1.02816,0,0,3.94991,2.92175,1.028160,1,0,104.912,0,0,0,104.912,0
59.5939,2.14279,0,0,6.87327,0.309168,0.36288,3.6288,61.308,0.314761,0,0,2.22782,0.240987,1.67207,0.66528,12.849,1,0.495768,0.36288,0,141.071,3.81528,137.123,0.84672,12.849,0.84672,3695.15,0,36.966,0.189787,2.24596,1.6784,10.3323,1.10588,12.961,0.42336,36.966,0.42336,423.524,0,1.02816,0,0,3.27412,2.24596,1.028160,1,0,151.756,0,0,0,151.756,0
64.3085,2.17087,0,0,7.57011,0.321702,0.36288,3.6288,61.308,0.314897,0,0,4.04241,0.240987,3.48653,0.66528,12.849,1,0.468061,0.36288,0,147.75,3.81528,143.83,0.84672,12.849,0.84672,3695.15,0,36.966,0.189869,4.04345,1.67864,15.7925,1.10588,20.2189,0.42336,36.966,0.42336,423.524,0,1.02816,0,0,5.07161,4.04345,1.028160,1,0,167.535,0,0,0,167.535,0
66.4128,2.32039,0,0,5.12231,0.334724,0.36288,3.6288,61.308,0.367472,0,0,1.94318,0.240987,1.33472,0.66528,12.849,1,0.46362,0.36288,0,103.493,3.81528,99.5765,0.84672,12.849,0.84672,3695.15,0,36.966,0.221569,2.40424,1.67888,9.71205,1.10588,12.4677,0.42336,36.966,0.42336,423.524,0,1.02816,0,0,3.4324,2.40424,1.028160,1,0,113.379,0,0,0,113.379,0
69.3043,2.21177,0,0,5.80943,0.343317,0.36288,3.6288,61.308,0.315171,0,0,4.09018,0.233059,3.54195,0.66528,12.849,1,0.427915,0.36288,0,137.455,3.80011,133.589,0.84672,12.849,0.84672,3695.15,0,36.966,0.190034,5.87523,1.77117,21.5711,1.08764,27.9398,0.42336,36.966,0.42336,423.524,0,1.02816,0,0,6.90339,5.87523,1.028160,1,0,165.071,0,0,0,165.071,0
71.0131,2.47728,0,0,4.87867,0.32974,0.36288,3.6288,61.308,0.426536,0,0,3.6742,0.157615,3.09005,0.66528,12.849,1,0.459288,0.36288,0,105.367,3.10059,102.17,0.84672,12.849,0.84672,3695.15,0,36.966,0.257182,3.71145,1.67936,13.2722,0.895913,17.5099,0.42336,36.966,0.42336,423.524,0,1.02816,0,0,4.73961,3.71145,1.028160,1,0,122.77,0,0,0,122.77,0
72.29,2.487,0,0,5.28421,0.309643,1.21064,3.6288,61.308,0.426689,0,0,4.55842,0.19311,3.93862,0.66528,12.849,1,0.449994,1.21064,0,117.96,3.89382,114.827,0.84672,12.849,0.84672,3695.15,0,36.966,0.257274,3.80926,1.87291,11.2803,1.14558,15.5596,0.42336,36.966,0.42336,423.524,0,1.02816,0,0,4.83742,3.80926,1.028160,1,0,134.325,0,0,0,134.325,0
72.29,2.53658,0,0,5.89745,0.312673,3.0482,3.6288,61.308,0.445034,0,0,5.75344,0.19311,5.11529,0.66528,12.849,1,0.450857,3.0482,0,125.277,3.89382,123.981,0.84672,12.849,0.84672,3695.15,0,36.966,0.268336,4.72882,1.87318,11.6243,1.14558,16.8123,0.42336,36.966,0.42336,423.524,0,1.02816,0,0,5.75698,4.72882,1.028160,1,0,145.909,0,0,0,145.909,0
72.29,2.53694,0,0,7.36456,0.312673,4.51495,3.6288,61.308,0.44519,0,0,6.97308,0.19311,6.33479,0.66528,12.849,1,0.450922,4.51495,0,107.218,3.89382,107.388,0.84672,12.849,0.84672,3695.15,0,36.966,0.26843,6.29502,1.90535,15.3303,1.14558,22.1167,0.42336,36.966,0.42336,423.524,0,1.02816,0,0,7.32318,6.29502,1.028160,1,0,135.84,0,0,0,135.84,0
72.29,2.50233,0,0,7.3097,0.266835,4.54053,3.6288,61.308,0.429025,0,0,5.83801,0.175184,5.2338,0.66528,12.849,1,0.444771,4.54053,0,169.646,3.89064,169.851,0.84672,12.849,0.84672,3695.15,0,36.966,0.258683,4.82019,1.90562,19.3887,1.09955,24.7563,0.42336,36.966,0.42336,423.524,0,1.02816,0,0,5.84835,4.82019,1.028160,1,0,199.841,0,0,0,199.841,0
72.29,2.50269,0,0,4.48341,0.211389,1.76933,3.6288,61.308,0.429178,0,0,1.64035,0.181172,1.03,0.66528,12.849,1,0.444834,1.76933,0,89.4007,4.12335,86.6018,0.84672,12.849,0.84672,3695.15,0,36.966,0.258775,2.03544,1.87797,7.39886,1.05086,10.0026,0.42336,36.966,0.42336,423.524,0,1.02816,0,0,3.0636,2.03544,1.028160,1,0,97.6344,0,0,0,97.6344,0
72.29,2.50305,0,0,3.74085,0.211389,1.02642,3.6288,61.308,0.429331,0,0,1.48675,0.181172,0.876251,0.66528,12.849,1,0.444898,1.02642,0,72.2943,4.12335,68.7525,0.84672,12.849,0.84672,3695.15,0,36.966,0.258868,1.61038,1.87824,5.88034,1.05086,8.05922,0.42336,36.966,0.42336,423.524,0,1.02816,0,0,2.63854,1.61038,1.028160,1,0,77.688,0,0,0,77.688,0
72.29,2.50341,0,0,3.3168,0.211389,0.602007,3.6288,61.308,0.429484,0,0,1.35046,0.181172,0.739802,0.66528,12.849,1,0.444961,0.602007,0,62.6401,4.12335,58.6738,0.84672,12.849,0.84672,3695.15,0,36.966,0.25896,1.27577,1.8785,5.08506,1.05086,6.92951,0.42336,36.966,0.42336,423.524,0,1.02816,0,0,2.30393,1.27577,1.028160,1,0,66.3431,0,0,0,66.3431,0
72.1029,2.62253,0,0,3.00534,0.207068,0.36288,3.6288,61.308,0.487544,0,0,1.2108,0.175483,0.547774,0.66528,12.849,1,0.466136,0.36288,0,55.191,4.00539,51.0824,0.84672,12.849,0.84672,3695.15,0,36.966,0.293967,1.06652,1.87877,4.65108,1.02094,6.28147,0.42336,36.966,0.42336,423.524,0,1.02816,0,0,2.09468,1.06652,1.028160,1,0,57.9116,0,0,0,57.9116,0
72.29,2.62188,0,0,3.33879,0.151481,0.378282,3.6288,61.308,0.487705,0,0,1.09505,0.248025,0.35932,0.66528,12.849,1,0.467229,0.378282,0,57.173,4.63754,52.4465,0.84672,12.849,0.84672,3695.15,0,36.966,0.294065,1.14788,1.97697,5.59435,1.16057,7.26456,0.42336,36.966,0.42336,423.524,0,1.02816,0,0,2.17604,1.14788,1.028160,1,0,60.0704,0,0,0,60.0704,0
72.2106,2.62328,0,0,3.05841,0.151697,0.36288,3.6288,61.308,0.487867,0,0,1.00168,0.248025,0.265786,0.66528,12.849,1,0.466269,0.36288,0,51.3007,4.63754,46.5598,0.84672,12.849,0.84672,3695.15,0,36.966,0.294162,0.933647,1.97725,5.34359,1.16057,6.79975,0.42336,36.966,0.42336,423.524,0,1.02816,0,0,1.96181,0.933647,1.028160,1,0,53.6253,0,0,0,53.6253,0
71.9572,2.62322,0,0,2.84114,0.108442,0.36288,3.6288,61.308,0.488028,0,0,0.958928,0.276355,0.194544,0.66528,12.849,1,0.466771,0.36288,0,45.3897,4.95884,40.327,0.84672,12.849,0.84672,3695.15,0,36.966,0.294259,0.865823,1.97753,5.10222,1.24267,6.40865,0.42336,36.966,0.42336,423.524,0,1.02816,0,0,1.89398,0.865823,1.028160,1,0,46.9302,0,0,0,46.9302,0
71.5456,2.6222,0,0,2.67463,0.101054,0.36288,3.6288,61.308,0.48819,0,0,0.915849,0.281077,0.146582,0.66528,12.849,1,0.468233,0.36288,0,44.724,5.01239,39.6063,0.84672,12.849,0.84672,3695.15,0,36.966,0.294357,0.734331,1.97782,5.16809,1.25635,6.32954,0.42336,36.966,0.42336,423.524,0,1.02816,0,0,1.76249,0.734331,1.028160,1,0,46.0824,0,0,0,46.0824,0
70.0862,2.59683,0,0,1.61595,0.115704,0.36288,3.6288,61.2708,0.5202,0,0,0.751913,0.268942,0,0.66528,12.849,1,0.466368,0.36288,0,31.7054,4.87236,26.7296,0.84672,12.849,0.84672,3695.15,0,36.966,0.313658,0.389413,1.9781,3.43988,1.2735,4.22023,0.42336,36.966,0.42336,423.524,0,1.02816,0,0,1.41757,0.389413,1.028160,1,0,30.9498,0,0,0,30.9498,0
68.1776,2.58899,0,0,1.1636,0.120335,0.36288,3.6288,61.096,0.585673,0,0,0.674948,0.264025,0,0.66528,12.849,1,0.474643,0.36288,0,26.4426,4.81635,21.5145,0.84672,12.849,0.84672,3695.15,0,36.966,0.353349,0.30119,2.01264,2.81675,1.28037,3.49686,0.42336,36.966,0.42336,423.524,0,0.923262,0,0,1.22445,0.30119,1.028160,1,0,25.0114,0,0,0,25.0114,0
66.1818,2.57818,0,0,1.06385,0.118563,0.36288,3.6288,60.9447,0.546333,0,0,0.658748,0.263734,0,0.66528,12.849,1,0.485893,0.36288,0,26.0693,4.81635,21.1299,0.84672,12.849,0.84672,3695.15,0,36.966,0.330557,0.261274,2.01293,2.78212,1.28037,3.4454,0.42336,36.966,0.42336,423.524,0,0.98566,0,0,1.24693,0.261274,1.028160,1,0,24.5753,0,0,0,24.5753,0
64.1082,2.56627,0,0,0.972285,0.11671,0.36288,3.6288,60.6384,0.658839,0,0,0.61602,0.263481,0,0.66528,12.849,1,0.498234,0.36288,0,24.5205,4.81635,19.5688,0.84672,12.849,0.84672,3695.15,0,36.966,0.399619,0.261274,2.01321,2.64743,1.28037,3.24194,0.42336,36.966,0.42336,423.524,0,0.804358,0,0,1.06563,0.261274,1.028160,1,0,22.8107,0,0,0,22.8107,0
62.1335,2.39404,0,0,0.882084,0.0998925,0.36288,3.6288,60.3446,0.619558,0,0,0.624967,0.299223,0,0.66528,12.849,1,0.47983,0.36288,0,20.677,5.45142,15.1086,0.84672,12.849,0.84672,3695.15,0,36.966,0.377691,0.261274,2.0135,2.43636,1.43474,2.8987,0.42336,36.966,0.42336,423.524,0,0.751559,0,0,1.01283,0.261274,1.028160,1,0,18.0073,0,0,0,18.0073,0
60.0769,2.38175,0,0,0.780408,0.0924156,0.36288,3.6288,60.0169,0.626299,0,0,0.611394,0.312812,0,0.66528,12.849,1,0.492537,0.36288,0,22.8664,6.05105,16.6857,0.84672,12.849,0.84672,3695.15,0,36.966,0.383659,0.261274,1.88969,2.3703,1.46002,2.67759,0.42336,36.966,0.42336,423.524,0,0.7391,0,0,1.00037,0.261274,1.028160,1,0,19.3633,0,0,0,19.3633,0
57.9828,2.36819,0,0,0.727842,0.0908279,0.36288,3.6288,59.6131,0.633124,0,0,0.541537,0.31216,0,0.66528,12.849,1,0.5065,0.36288,0,18.0894,6.05105,11.8947,0.84672,12.849,0.84672,3695.15,0,36.966,0.389958,0.261274,1.88996,2.16353,1.46002,2.4648,0.42336,36.966,0.42336,423.524,0,0.726227,0,0,0.9875,0.261274,1.028160,1,0,14.3595,0,0,0,14.3595,0
55.8394,2.35356,0,0,0.66204,0.0890103,0.36288,3.6288,59.0898,0.720664,0,0,0.508671,0.311356,0,0.66528,12.849,1,0.521548,0.36288,0,16.6337,6.05105,10.424,0.84672,12.849,0.84672,3695.15,0,36.966,0.42336,0.227405,1.89023,1.9801,1.46002,2.21436,0.42336,36.966,0.42336,423.524,0,0.605534,0,0,0.832939,0.227405,1.028160,1,0,12.6384,0,0,0,12.6384,0
53.6534,2.49373,0,0,0.749027,0.0784156,0.36288,3.6288,58.7881,0.615915,0,0,0.61843,0.304211,0,0.66528,12.849,1,0.573824,0.36288,0,17.1059,6.19254,10.7024,0.84672,12.849,0.84672,3695.15,0,36.966,0.385311,0.227405,1.8905,2.90294,1.49689,3.13864,0.42336,36.966,0.42336,423.524,0,0.899234,0,0,1.12664,0.227405,1.028160,1,0,13.8411,0,0,0,13.8411,0
51.1598,2.47523,0,0,0.444615,0.100074,0.36288,3.6288,58.0587,0.876338,0,0,0.467479,0.320529,0,0.66528,12.849,1,0.592771,0.36288,0,12.9577,6.43325,6.29453,0.84672,12.849,0.84672,3695.15,0,36.966,0.42336,0.227405,2.04316,1.92459,1.44853,2.32326,0.42336,36.966,0.42336,423.524,0,0.601033,0,0,0.828438,0.227405,1.028160,1,0,8.61779,0,0,0,8.61779,0
48.5909,2.45248,0,0,0.348894,0.102425,0.36288,3.6288,57.1467,0.98251,0,0,0.396389,0.325838,0,0.66528,12.849,1,0.615951,0.36288,0,11.0765,6.45803,4.36538,0.84672,12.849,0.84672,3695.15,0,36.966,0.42336,0.227405,2.04345,1.74701,1.43382,2.16068,0.42336,36.966,0.42336,423.524,0,0.495132,0,0,0.722537,0.227405,1.028160,1,0,6.52606,0,0,0,6.52606,0
46.0803,2.42708,0,0,0.378967,0.0996672,0.36288,3.6288,56.2695,0.954434,0,0,0.40109,0.32392,0,0.66528,12.849,1,0.641797,0.36288,0,10.5861,6.45803,3.84913,0.84672,12.849,0.84672,3695.15,0,36.966,0.42336,0.204422,2.04374,1.8556,1.43382,2.24658,0.42336,36.966,0.42336,423.524,0,0.52348,0,0,0.727903,0.204422,1.028160,1,0,6.09571,0,0,0,6.09571,0
43.7937,2.40008,0,0,0.585339,0.108949,0.36288,3.6288,55.6229,0.810055,0,0,0.482443,0.318959,0,0.66528,12.849,1,0.669236,0.36288,0,17.0983,6.36897,10.423,0.84672,12.849,0.84672,3695.15,0,36.966,0.42336,0.204422,2.04403,1.96102,1.4229,2.36321,0.42336,36.966,0.42336,423.524,0,0.668131,0,0,0.872554,0.204422,1.028160,1,0,12.7862,0,0,0,12.7862,0
41.9298,2.30098,0,0,0.94729,0.147305,0.36288,3.6288,55.5217,0.565597,0,0,0.732403,0.268016,0,0.66528,12.849,1,0.675105,0.36288,0,20.5222,5.80044,14.4096,0.84672,12.849,0.84672,3695.15,0,36.966,0.375886,0.204422,2.04432,3.28057,1.24185,3.91158,0.42336,36.966,0.42336,423.524,0,0.86883,0,0,1.07325,0.204422,1.028160,1,0,18.3212,0,0,0,18.3212,0
40.2142,2.27834,0,0,1.09168,0.166144,0.36288,3.6288,55.6526,0.482213,0,0,0.848448,0.23534,0,0.66528,12.849,1,0.698175,0.36288,0,20.9618,5.39626,15.2302,0.84672,12.849,0.84672,3695.15,0,36.966,0.321055,0.204422,1.95637,3.91071,1.11789,4.63256,0.42336,36.966,0.42336,423.524,0,1.0073,0,0,1.21173,0.204422,1.028160,1,0,19.8628,0,0,0,19.8628,0
38.3399,2.25609,0,0,0.907571,0.162813,0.36288,3.6288,56.1451,0.47029,0,0,1.19836,0.235543,0,0.66528,12.849,1,0.720852,0.36288,0,19.3634,5.39626,13.6092,0.84672,12.849,0.84672,3695.15,0,36.966,0.31238,1.10743,1.95665,4.43405,1.11789,6.06786,0.42336,36.966,0.42336,423.524,0,1.02816,0,0,2.13559,1.10743,1.028160,1,0,19.6771,0,0,0,19.6771,0
36.3573,2.23001,0,0,0.769548,0.159298,0.36288,3.6288,56.0174,0.542015,0,0,0.650609,0.236303,0,0.66528,12.849,1,0.747352,0.36288,0,19.3363,5.39626,13.5556,0.84672,12.849,0.84672,3695.15,0,36.966,0.356863,0.216518,1.95693,3.27966,1.11789,3.97835,0.42336,36.966,0.42336,423.524,0,0.912211,0,0,1.12873,0.216518,1.028160,1,0,17.5339,0,0,0,17.5339,0
34.3808,2.30006,0,0,0.863568,0.177171,0.36288,3.6288,55.8201,0.582459,0,0,0.606788,0.221581,0,0.66528,12.849,1,0.812862,0.36288,0,17.3542,5.00871,11.8955,0.84672,12.849,0.84672,3695.15,0,36.966,0.384366,0.216518,1.95721,3.28221,1.03571,4.03585,0.42336,36.966,0.42336,423.524,0,0.887501,0,0,1.10402,0.216518,1.028160,1,0,15.9314,0,0,0,15.9314,0
32.5698,2.31967,0,0,1.07676,0.20514,0.36288,3.6288,54.9424,0.95576,0,0,0.314733,0.236706,0,0.66528,12.849,1,0.84672,0.36288,0,12.3211,4.13679,7.70044,0.84672,12.849,0.84672,3695.15,0,36.966,0.42336,0.216518,2.01601,2.63358,0.996928,3.44583,0.42336,36.966,0.42336,423.524,0,0.507056,0,0,0.723574,0.216518,1.028160,1,0,11.1463,0,0,0,11.1463,0
30.6543,2.26709,0,0,0.915002,0.2006,0.36288,3.6288,54.2993,0.760957,0,0,0.35322,0.235345,0,0.66528,12.849,1,0.84672,0.36288,0,10.0719,4.13679,5.45128,0.84672,12.849,0.84672,3695.15,0,36.966,0.42336,0.216518,2.05064,2.9272,0.996928,3.77407,0.42336,36.966,0.42336,423.524,0,0.670539,0,0,0.887058,0.216518,1.028160,1,0,9.22535,0,0,0,9.22535,0
30.6994,2.2145,0,0,2.8183,0.195757,0.36288,3.6288,54.7221,0.473213,0,0,1.13037,0.234349,0,0.66528,12.849,1,0.84672,0.36288,0,34.8956,4.13679,30.2749,0.84672,12.849,0.84672,3695.15,0,36.966,0.322155,1.80875,2.01659,6.96042,0.996928,9.46668,0.42336,36.966,0.42336,423.524,0,1.02816,0,0,2.83691,1.80875,1.028160,1,0,39.7416,0,0,0,39.7416,0
30.3989,2.03341,0,0,2.314,0.218202,0.36288,3.6288,55.042,0.431668,0,0,0.963987,0.212488,0,0.66528,12.849,1,0.84672,0.36288,0,28.305,3.81031,24.0108,0.84672,12.849,0.84672,3695.15,0,36.966,0.291601,0.292723,1.98253,5.26325,0.904448,6.34246,0.42336,36.966,0.42336,423.524,0,0.94575,0,0,1.23847,0.292723,1.028160,1,0,30.3533,0,0,0,30.3533,0
30.4868,2.03382,0,0,2.70642,0.221842,0.36288,3.6288,55.8573,0.383524,0,0,1.42697,0.228124,0,0.66528,12.849,1,0.84672,0.36288,0,34.7727,4.14596,30.1429,0.84672,12.849,0.84672,3695.15,0,36.966,0.257573,1.81963,1.82922,6.34633,1.18802,8.54959,0.42336,36.966,0.42336,423.524,0,1.02816,0,0,2.84779,1.81963,1.028160,1,0,38.6925,0,0,0,38.6925,0
30.2149,1.99224,0,0,2.30112,0.217907,0.36288,3.6288,56.0181,0.368821,0,0,0.766558,0.236934,0,0.66528,12.849,1,0.83965,0.36288,0,39.0501,4.27444,34.2989,0.84672,12.849,0.84672,3695.15,0,36.966,0.244083,1.1947,1.82948,4.00148,1.25583,5.52575,0.42336,36.966,0.42336,423.524,0,1.02816,0,0,2.22286,1.1947,1.028160,1,0,39.8247,0,0,0,39.8247,0
29.6199,1.88393,0,0,1.86891,0.217118,0.36288,3.6288,56.081,0.31799,0,0,0.618055,0.237184,0,0.66528,12.849,1,0.801149,0.36288,0,30.1286,4.27444,25.4159,0.84672,12.849,0.84672,3695.15,0,36.966,0.20984,0.891423,1.79858,3.71263,1.25583,4.93697,0.42336,36.966,0.42336,423.524,0,1.02816,0,0,1.91958,0.891423,1.028160,1,0,30.3529,0,0,0,30.3529,0
28.7816,1.87298,0,0,1.613,0.215392,0.36288,3.6288,56.1621,0.318266,0,0,0.636709,0.237281,0,0.66528,12.849,1,0.81249,0.36288,0,26.7965,4.27444,22.0725,0.84672,12.849,0.84672,3695.15,0,36.966,0.209786,0.915494,1.70534,8.04168,1.25583,9.1969,0.42336,36.966,0.42336,423.524,0,1.02816,0,0,1.94365,0.915494,1.028160,1,0,31.2694,0,0,0,31.2694,0
28.8873,1.85662,0,0,2.51813,0.192938,0.36288,3.6288,56.52,0.318449,0,0,0.900634,0.224299,0,0.66528,12.849,1,0.82885,0.36288,0,53.0754,4.38633,48.2231,0.84672,12.849,0.84672,3695.15,0,36.966,0.209603,1.8012,1.70559,7.82893,1.20378,9.92233,0.42336,36.966,0.42336,423.524,0,1.02816,0,0,2.82936,1.8012,1.028160,1,0,58.1455,0,0,0,58.1455,0
29.5009,1.92326,0,0,3.07629,0.176623,0.36288,3.6288,57.146,0.349808,0,0,1.13937,0.163607,0,0.66528,12.849,1,0.84672,0.36288,0,74.4781,2.98935,71.0049,0.84672,12.849,0.84672,3695.15,0,36.966,0.228786,2.37452,1.70559,6.968,0.776415,10.0429,0.42336,36.966,0.42336,423.524,0,1.02816,0,0,3.40268,2.37452,1.028160,1,0,81.0478,0,0,0,81.0478,0
29.6694,1.92982,0,0,2.63934,0.178096,0.36288,3.6288,57.6351,0.351461,0,0,1.00484,0.164275,0,0.66528,12.849,1,0.840529,0.36288,0,42.3937,2.98935,38.9267,0.84672,12.849,0.84672,3695.15,0,36.966,0.22735,1.9453,1.76047,5.86517,0.776415,8.56718,0.42336,36.966,0.42336,423.524,0,1.02816,0,0,2.97346,1.9453,1.028160,1,0,47.4939,0,0,0,47.4939,0
29.5954,1.93342,0,0,2.40752,0.185237,0.36288,3.6288,58.0391,0.352769,0,0,0.916782,0.159958,0,0.66528,12.849,1,0.83731,0.36288,0,38.2614,3.06297,34.724,0.84672,12.849,0.84672,3695.15,0,36.966,0.226259,1.6608,1.76071,5.25514,0.760151,7.69024,0.42336,36.966,0.42336,423.524,0,1.02816,0,0,2.68896,1.6608,1.028160,1,0,42.4142,0,0,0,42.4142,0
29.523,1.93222,0,0,2.4366,0.213867,0.36288,3.6288,58.3377,0.353864,0,0,0.802889,0.150429,0,0.66528,12.849,1,0.838883,0.36288,0,33.7942,3.64428,29.6739,0.84672,12.849,0.84672,3695.15,0,36.966,0.225381,1.92562,1.76095,5.45717,0.878974,8.03939,0.42336,36.966,0.42336,423.524,0,1.02816,0,0,2.95378,1.92562,1.028160,1,0,37.7133,0,0,0,37.7133,0
29.5532,2.19508,0,0,2.79807,0.209917,0.36288,3.6288,59.151,0.470408,0,0,1.40022,0.116492,0,0.66528,12.849,1,0.84672,0.36288,0,47.3132,2.92982,43.8996,0.84672,12.849,0.84672,3695.15,0,36.966,0.298076,3.11102,1.76119,6.29043,0.890991,9.97357,0.42336,36.966,0.42336,423.524,0,1.02816,0,0,4.13918,3.11102,1.028160,1,0,53.8732,0,0,0,53.8732,0
30.3992,2.19549,0,0,3.61438,0.210002,0.36288,3.6288,59.9382,0.47308,0,0,1.37731,0.117102,0,0.66528,12.849,1,0.84672,0.36288,0,69.3093,2.92982,65.8956,0.84672,12.849,0.84672,3695.15,0,36.966,0.295648,3.42146,1.95812,6.9355,0.890991,11.1284,0.42336,36.966,0.42336,423.524,0,1.02816,0,0,4.44962,3.42146,1.028160,1,0,77.0241,0,0,0,77.0241,0
30.5705,2.1959,0,0,2.94242,0.212397,0.36288,3.6288,60.7523,0.475631,0,0,1.40745,0.117693,0,0.66528,12.849,1,0.84672,0.36288,0,47.6556,2.92982,44.242,0.84672,12.849,0.84672,3695.15,0,36.966,0.293339,2.67696,1.95838,6.31649,0.890991,9.7675,0.42336,36.966,0.42336,423.524,0,1.02816,0,0,3.70512,2.67696,1.028160,1,0,54.0095,0,0,0,54.0095,0
32.8158,2.19631,0,0,4.99939,0.194905,0.36288,3.6288,61.308,0.478226,0,0,2.19401,0.144221,1.01585,0.66528,12.849,1,0.84672,0.36288,0,101.335,3.9791,96.8724,0.84672,12.849,0.84672,3695.15,0,36.966,0.290987,4.0126,1.95865,15.0236,1.09845,19.6054,0.42336,36.966,0.42336,423.524,0,1.02816,0,0,5.04076,4.0126,1.028160,1,0,117.494,0,0,0,117.494,0
34.034,1.90986,0,0,3.71403,0.223004,0.36288,3.6288,61.308,0.321686,0,0,1.09851,0.129017,0.647804,0.66528,12.849,1,0.747805,0.36288,0,59.2224,3.79798,55.0395,0.84672,12.849,0.84672,3695.15,0,36.966,0.193962,2.39739,1.95891,5.51687,1.15396,8.52526,0.42336,36.966,0.42336,423.524,0,1.02816,0,0,3.42555,2.39739,1.028160,1,0,64.2125,0,0,0,64.2125,0
35.626,1.92955,0,0,4.09578,0.211351,0.36288,3.6288,61.308,0.321816,0,0,1.3703,0.139261,0.909219,0.66528,12.849,1,0.728471,0.36288,0,73.7073,3.42647,69.9153,0.84672,12.849,0.84672,3695.15,0,36.966,0.194041,2.95107,1.69079,7.29824,0.951064,10.795,0.42336,36.966,0.42336,423.524,0,1.02816,0,0,3.97923,2.95107,1.028160,1,0,81.6195,0,0,0,81.6195,0
38.8583,1.95374,0,0,5.76438,0.215481,0.36288,3.6288,61.308,0.321946,0,0,2.51938,0.139261,2.05817,0.66528,12.849,1,0.704642,0.36288,0,113.282,3.42647,109.514,0.84672,12.849,0.84672,3695.15,0,36.966,0.194119,4.46472,1.69102,13.4423,0.951064,18.4528,0.42336,36.966,0.42336,423.524,0,1.02816,0,0,5.49288,4.46472,1.028160,1,0,130.025,0,0,0,130.025,0
41.3711,1.99806,0,0,5.09763,0.223867,0.36288,3.6288,61.308,0.322076,0,0,1.54032,0.139261,1.07899,0.66528,12.849,1,0.660684,0.36288,0,112.618,3.42647,108.894,0.84672,12.849,0.84672,3695.15,0,36.966,0.194197,3.3164,1.69125,8.5409,0.951064,12.4033,0.42336,36.966,0.42336,423.524,0,1.02816,0,0,4.34456,3.3164,1.028160,1,0,122.376,0,0,0,122.376,0
42.4478,2.02895,0,0,3.69595,0.227481,0.36288,3.6288,61.308,0.322206,0,0,1.43698,0.133311,0.981462,0.66528,12.849,1,0.630149,0.36288,0,73.827,4.01797,69.5417,0.84672,12.849,0.84672,3695.15,0,36.966,0.194276,4.88376,1.69148,7.44241,1.05405,12.7693,0.42336,36.966,0.42336,423.524,0,1.02816,0,0,5.91192,4.88376,1.028160,1,0,83.2925,0,0,0,83.2925,0
42.4613,2.11609,0,0,2.69736,0.204853,0.36288,3.6288,61.308,0.361097,0,0,1.58059,0.160342,1.05915,0.66528,12.849,1,0.640543,0.36288,0,59.2223,4.62945,54.3152,0.84672,12.849,0.84672,3695.15,0,36.966,0.217726,2.74144,1.69171,8.70142,1.24255,11.6743,0.42336,36.966,0.42336,423.524,0,1.02816,0,0,3.7696,2.74144,1.028160,1,0,67.0486,0,0,0,67.0486,0
42.0457,2.11653,0,0,2.26866,0.204885,0.36288,3.6288,61.308,0.361233,0,0,1.23205,0.160342,0.710472,0.66528,12.849,1,0.640472,0.36288,0,52.6929,4.62945,47.7859,0.84672,12.849,0.84672,3695.15,0,36.966,0.217807,1.70313,1.75815,6.52144,1.24255,8.52236,0.42336,36.966,0.42336,423.524,0,1.02816,0,0,2.73129,1.70313,1.028160,1,0,57.0187,0,0,0,57.0187,0
41.4349,2.11197,0,0,2.06797,0.203896,0.36288,3.6288,61.308,0.361368,0,0,1.08688,0.160342,0.565167,0.66528,12.849,1,0.645409,0.36288,0,42.3261,4.62945,37.4141,0.84672,12.849,0.84672,3695.15,0,36.966,0.217889,1.45412,1.75839,4.98463,1.24255,6.7367,0.42336,36.966,0.42336,423.524,0,1.02816,0,0,2.48228,1.45412,1.028160,1,0,44.716,0,0,0,44.716,0
40.8964,2.10499,0,0,2.08436,0.154991,0.36288,3.6288,61.308,0.361503,0,0,1.15333,0.177122,0.614703,0.66528,12.849,1,0.652759,0.36288,0,46.1938,4.63875,41.2651,0.84672,12.849,0.84672,3695.15,0,36.966,0.21797,1.91038,1.75862,5.09551,1.28069,7.26586,0.42336,36.966,0.42336,423.524,0,1.02816,0,0,2.93854,1.91038,1.028160,1,0,49.1457,0,0,0,49.1457,0
40.2,2.06981,0,0,1.91376,0.177492,0.36288,3.6288,61.308,0.346576,0,0,1.18612,0.153253,0.686287,0.66528,12.849,1,0.6503,0.36288,0,47.7969,3.8826,43.6269,0.84672,12.849,0.84672,3695.15,0,36.966,0.20897,2.89003,1.75886,4.77522,1.19993,8.0152,0.42336,36.966,0.42336,423.524,0,1.02816,0,0,3.91819,2.89003,1.028160,1,0,52.3284,0,0,0,52.3284,0
39.3519,2.06155,0,0,1.72133,0.145003,0.36288,3.6288,61.308,0.34671,0,0,0.983794,0.186388,0.450696,0.66528,12.849,1,0.658926,0.36288,0,42.8775,4.20867,38.3728,0.84672,12.849,0.84672,3695.15,0,36.966,0.20905,2.6101,1.73332,4.37383,1.22341,7.28478,0.42336,36.966,0.42336,423.524,0,1.02816,0,0,3.63826,2.6101,1.028160,1,0,46.1082,0,0,0,46.1082,0
38.4838,2.05112,0,0,1.65882,0.11295,0.36288,3.6288,61.308,0.346843,0,0,1.02912,0.206007,0.476269,0.66528,12.849,1,0.669722,0.36288,0,41.0641,4.38165,36.3756,0.84672,12.849,0.84672,3695.15,0,36.966,0.209131,2.76255,1.73355,4.64436,1.23374,7.6976,0.42336,36.966,0.42336,423.524,0,1.02816,0,0,3.79071,2.76255,1.028160,1,0,44.5495,0,0,0,44.5495,0
37.5056,2.04007,0,0,1.53662,0.11182,0.36288,3.6288,61.308,0.346976,0,0,0.955187,0.206007,0.402203,0.66528,12.849,1,0.68114,0.36288,0,37.4695,4.38165,32.7696,0.84672,12.849,0.84672,3695.15,0,36.966,0.209211,2.52893,1.73379,4.55819,1.23374,7.37795,0.42336,36.966,0.42336,423.524,0,1.02816,0,0,3.55709,2.52893,1.028160,1,0,40.5498,0,0,0,40.5498,0
36.3461,2.12327,0,0,1.42973,0.103058,0.36288,3.6288,61.308,0.400555,0,0,0.855256,0.220569,0.234132,0.66528,12.849,1,0.727409,0.36288,0,31.2555,4.40955,26.4815,0.84672,12.849,0.84672,3695.15,0,36.966,0.241517,2.16639,1.73402,3.95588,1.14962,6.46515,0.42336,36.966,0.42336,423.524,0,1.02816,0,0,3.19455,2.16639,1.028160,1,0,33.1807,0,0,0,33.1807,0
35.1288,2.10641,0,0,1.35233,0.10042,0.36288,3.6288,61.308,0.400695,0,0,0.734322,0.222997,0.11063,0.66528,12.849,1,0.744653,0.36288,0,27.7731,4.4142,22.9771,0.84672,12.849,0.84672,3695.15,0,36.966,0.241601,1.80927,1.82464,3.58091,1.1356,5.83761,0.42336,36.966,0.42336,423.524,0,1.02816,0,0,2.83743,1.80927,1.028160,1,0,28.9254,0,0,0,28.9254,0
33.7899,2.0878,0,0,1.19587,0.084031,0.36288,3.6288,61.308,0.400836,0,0,0.689247,0.237162,0.0512499,0.66528,12.849,1,0.763651,0.36288,0,24.6884,4.57485,19.7127,0.84672,12.849,0.84672,3695.15,0,36.966,0.241686,1.64906,1.82488,3.49689,1.17665,5.5525,0.42336,36.966,0.42336,423.524,0,1.02816,0,0,2.67722,1.64906,1.028160,1,0,25.3165,0,0,0,25.3165,0
32.4298,2.06615,0,0,1.13198,0.063085,0.36288,3.6288,61.308,0.400977,0,0,0.661262,0.256048,0.00423745,0.66528,12.849,1,0.785679,0.36288,0,22.8365,4.78905,17.6246,0.84672,12.849,0.84672,3695.15,0,36.966,0.241771,1.50729,1.82513,3.40432,1.23138,5.26359,0.42336,36.966,0.42336,423.524,0,1.02816,0,0,2.53545,1.50729,1.028160,1,0,22.8924,0,0,0,22.8924,0
31.6198,2.04283,0,0,1.66507,0.0692922,0.36288,3.6288,61.308,0.401117,0,0,0.76737,0.219095,0.147158,0.66528,12.849,1,0.809389,0.36288,0,35.4256,4.34667,30.6325,0.84672,12.849,0.84672,3695.15,0,36.966,0.241856,1.9992,1.82538,4.18713,1.08562,6.68422,0.42336,36.966,0.42336,423.524,0,1.02816,0,0,3.02736,1.9992,1.028160,1,0,37.4638,0,0,0,37.4638,0
31.1618,2.01019,0,0,1.98901,0.0739819,0.36288,3.6288,61.308,0.430652,0,0,0.806941,0.19138,0.184909,0.66528,12.849,1,0.81686,0.36288,0,44.1561,4.01488,39.6872,0.84672,12.849,0.84672,3695.15,0,36.966,0.259664,2.0479,1.82562,4.39226,0.976305,7.02981,0.42336,36.966,0.42336,423.524,0,1.02816,0,0,3.07606,2.0479,1.028160,1,0,46.902,0,0,0,46.902,0
30.5509,2.00196,0,0,1.82123,0.0672872,0.36288,3.6288,61.308,0.430797,0,0,0.767992,0.213318,0.123877,0.66528,12.849,1,0.825473,0.36288,0,38.9401,4.29718,34.1804,0.84672,12.849,0.84672,3695.15,0,36.966,0.259751,1.92167,1.85748,4.26555,1.07935,6.70561,0.42336,36.966,0.42336,423.524,0,1.02816,0,0,2.94983,1.92167,1.028160,1,0,41.0098,0,0,0,41.0098,0
29.8656,1.99061,0,0,1.71939,0.051208,0.36288,3.6288,61.308,0.430941,0,0,0.716705,0.268164,0.0176003,0.66528,12.849,1,0.837205,0.36288,0,34.634,5.00293,29.1568,0.84672,12.849,0.84672,3695.15,0,36.966,0.259839,1.8701,1.85774,4.06879,1.33696,6.19983,0.42336,36.966,0.42336,423.524,0,1.02816,0,0,2.89826,1.8701,1.028160,1,0,35.3742,0,0,0,35.3742,0
29.0018,1.98148,0,0,1.53071,0.0501218,0.36288,3.6288,61.2658,0.431086,0,0,0.664256,0.2754,0,0.66528,12.849,1,0.84672,0.36288,0,33.1033,5.10885,27.5106,0.84672,12.849,0.84672,3695.15,0,36.966,0.259926,1.73787,1.85799,3.79763,1.36573,5.76783,0.42336,36.966,0.42336,423.524,0,1.02816,0,0,2.76603,1.73787,1.028160,1,0,33.2784,0,0,0,33.2784,0
28.2257,2.04787,0,0,1.68045,0.0458665,0.36288,3.6288,61.2653,0.457323,0,0,0.775581,0.31873,0,0.66528,12.849,1,0.84672,0.36288,0,40.2951,5.74434,34.0669,0.84672,12.849,0.84672,3695.15,0,36.966,0.275936,1.64645,1.85824,3.6392,1.53835,5.3296,0.42336,36.966,0.42336,423.524,0,1.02816,0,0,2.67461,1.64645,1.028160,1,0,39.3965,0,0,0,39.3965,0
27.3338,2.04827,0,0,1.56471,0.0453832,0.36288,3.6288,61.162,0.45747,0,0,0.672875,0.318729,0,0.66528,12.849,1,0.84672,0.36288,0,34.1187,5.74434,27.8905,0.84672,12.849,0.84672,3695.15,0,36.966,0.276026,1.86299,1.90332,3.67276,1.53835,5.6247,0.42336,36.966,0.42336,423.524,0,1.02816,0,0,2.89115,1.86299,1.028160,1,0,33.5152,0,0,0,33.5152,0
26.3242,2.04866,0,0,1.44667,0.0448278,0.36288,3.6288,61.0101,0.457327,0,0,0.623989,0.318521,0,0.66528,12.849,1,0.84672,0.36288,0,32.7167,5.74434,26.4886,0.84672,12.849,0.84672,3695.15,0,36.966,0.276407,1.51115,1.90358,3.19345,1.53835,4.79342,0.42336,36.966,0.42336,423.524,0,1.02816,0,0,2.53931,1.51115,1.028160,1,0,31.282,0,0,0,31.282,0
25.3499,2.04905,0,0,1.47881,0.0411792,0.36288,3.6288,60.9252,0.457047,0,0,0.692951,0.3208,0,0.66528,12.849,1,0.84672,0.36288,0,31.1171,5.81911,24.8142,0.84672,12.849,0.84672,3695.15,0,36.966,0.276925,1.8538,1.90383,3.94999,1.55329,5.87741,0.42336,36.966,0.42336,423.524,0,1.02816,0,0,2.88196,1.8538,1.028160,1,0,30.6916,0,0,0,30.6916,0
23.9898,2.24286,0,0,1.2971,0.0514192,0.36288,3.6288,60.6219,0.55139,0,0,0.573626,0.325594,0,0.66528,12.849,1,0.84672,0.36288,0,25.0316,5.88255,18.6652,0.84672,12.849,0.84672,3695.15,0,36.966,0.334552,1.46218,1.90409,3.6498,1.52298,5.15854,0.42336,36.966,0.42336,423.524,0,1.02816,0,0,2.49034,1.46218,1.028160,1,0,23.8238,0,0,0,23.8238,0
22.6241,2.24328,0,0,1.29198,0.051542,0.36288,3.6288,60.328,0.55051,0,0,0.594363,0.337713,0,0.66528,12.849,1,0.84672,0.36288,0,25.6983,5.99582,19.2186,0.84672,12.849,0.84672,3695.15,0,36.966,0.33569,1.73114,2.05782,3.06727,1.5224,4.99814,0.42336,36.966,0.42336,423.524,0,1.02816,0,0,2.7593,1.73114,1.028160,1,0,24.2168,0,0,0,24.2168,0
21.0035,2.24369,0,0,1.03661,0.0505645,0.36288,3.6288,59.9086,0.549657,0,0,0.467365,0.337083,0,0.66528,12.849,1,0.84672,0.36288,0,30.2267,5.99582,23.747,0.84672,12.849,0.84672,3695.15,0,36.966,0.336802,1.18528,2.0581,2.54796,1.5224,3.93214,0.42336,36.966,0.42336,423.524,0,1.02816,0,0,2.21344,1.18528,1.028160,1,0,27.6792,0,0,0,27.6792,0
19.5748,2.24411,0,0,1.22767,0.0494664,0.36288,3.6288,59.7375,0.548358,0,0,0.713424,0.336183,0,0.66528,12.849,1,0.84672,0.36288,0,25.9444,5.99582,19.4647,0.84672,12.849,0.84672,3695.15,0,36.966,0.338359,2.30151,2.05838,3.44561,1.5224,5.94474,0.42336,36.966,0.42336,423.524,0,1.02816,0,0,3.32967,2.30151,1.028160,1,0,25.4095,0,0,0,25.4095,0
17.9761,2.24453,0,0,1.06565,0.0569199,0.36288,3.6288,59.7736,0.547919,0,0,0.896073,0.312056,0,0.66528,12.849,1,0.84672,0.36288,0,24.2223,5.39349,18.345,0.84672,12.849,0.84672,3695.15,0,36.966,0.339056,3.18313,2.05866,4.64128,1.40782,8.13619,0.42336,36.966,0.42336,423.524,0,1.02816,0,0,4.21129,3.18313,1.028160,1,0,26.4812,0,0,0,26.4812,0
16.4087,2.15061,0,0,1.01272,0.0666264,0.36288,3.6288,59.6188,0.491263,0,0,0.616865,0.28044,0,0.66528,12.849,1,0.84672,0.36288,0,23.1587,4.59039,18.0844,0.84672,12.849,0.84672,3695.15,0,36.966,0.303813,2.03623,2.05893,4.08599,1.25504,6.62229,0.42336,36.966,0.42336,423.524,0,1.02816,0,0,3.06439,2.03623,1.028160,1,0,24.7067,0,0,0,24.7067,0
14.6535,2.15102,0,0,0.823815,0.065134,0.36288,3.6288,59.3554,0.490927,0,0,0.50772,0.280163,0,0.66528,12.849,1,0.84672,0.36288,0,21.2664,4.59039,16.1922,0.84672,12.849,0.84672,3695.15,0,36.966,0.304395,1.36454,1.97033,3.69188,1.25504,5.46732,0.42336,36.966,0.42336,423.524,0,1.02816,0,0,2.3927,1.36454,1.028160,1,0,21.6595,0,0,0,21.6595,0
13.3968,2.15142,0,0,1.3611,0.103478,0.36288,3.6288,59.4142,0.490247,0,0,0.768843,0.219795,0,0.66528,12.849,1,0.84672,0.36288,0,30.2768,3.75987,26.0331,0.84672,12.849,0.84672,3695.15,0,36.966,0.305321,2.01314,1.9706,4.89093,0.995453,7.57389,0.42336,36.966,0.42336,423.524,0,1.02816,0,0,3.0413,2.01314,1.028160,1,0,33.607,0,0,0,33.607,0
13.7878,2.15183,0,0,3.03605,0.130362,0.36288,3.6288,59.9716,0.490585,0,0,1.22291,0.174938,0,0.66528,12.849,1,0.84672,0.36288,0,77.366,3.13698,73.7452,0.84672,12.849,0.84672,3695.15,0,36.966,0.305229,3.19658,1.97086,10.4548,0.800759,14.5162,0.42336,36.966,0.42336,423.524,0,1.02816,0,0,4.22474,3.19658,1.028160,1,0,88.2614,0,0,0,88.2614,0
12.4831,2.07476,0,0,1.26441,0.131452,0.36288,3.6288,60.2381,0.440566,0,0,0.966807,0.259769,0,0.66528,12.849,1,0.84672,0.36288,0,48.4371,5.17482,42.7785,0.84672,12.849,0.84672,3695.15,0,36.966,0.271562,1.1238,1.97113,5.5678,1.17696,7.21421,0.42336,36.966,0.42336,423.524,0,1.02816,0,0,2.15196,1.1238,1.028160,1,0,49.9927,0,0,0,49.9927,0
11.0128,2.07516,0,0,1.09546,0.127743,0.36288,3.6288,60.4744,0.441456,0,0,0.938053,0.260211,0,0.66528,12.849,1,0.84672,0.36288,0,33.4321,5.17482,27.7735,0.84672,12.849,0.84672,3695.15,0,36.966,0.270906,1.13638,1.89203,4.87336,1.17696,6.45391,0.42336,36.966,0.42336,423.524,0,1.02816,0,0,2.16454,1.13638,1.028160,1,0,34.2274,0,0,0,34.2274,0
11.9847,2.07555,0,0,3.52134,0.110945,0.36288,3.6288,61.1544,0.442259,0,0,1.37294,0.250727,0,0.66528,12.849,1,0.84672,0.36288,0,62.7446,4.93482,57.326,0.84672,12.849,0.84672,3695.15,0,36.966,0.270338,1.97731,1.89229,10.3854,1.23062,12.754,0.42336,36.966,0.42336,423.524,0,1.02816,0,0,3.00547,1.97731,1.028160,1,0,70.08,0,0,0,70.08,0
14.0758,2.07594,0,0,4.65972,0.129791,0.36288,3.6288,61.308,0.444279,0,0,1.96245,0.201297,1.16327,0.66528,12.849,1,0.84672,0.36288,0,98.4925,3.85718,94.1515,0.84672,12.849,0.84672,3695.15,0,36.966,0.268553,3.04589,1.89254,18.2245,1.00084,21.8936,0.42336,36.966,0.42336,423.524,0,1.02816,0,0,4.07405,3.04589,1.028160,1,0,117.208,0,0,0,117.208,0
15.3538,1.8562,0,0,3.62732,0.130256,0.36288,3.6288,61.308,0.335734,0,0,1.28674,0.196316,0.754688,0.66528,12.849,1,0.84672,0.36288,0,59.2341,3.72108,55.0292,0.84672,12.849,0.84672,3695.15,0,36.966,0.202433,1.97141,1.8928,9.62461,0.973282,12.3131,0.42336,36.966,0.42336,423.524,0,1.02816,0,0,2.99957,1.97141,1.028160,1,0,68.097,0,0,0,68.097,0
17.5025,1.85656,0,0,4.52235,0.15424,0.36288,3.6288,61.308,0.335866,0,0,1.35427,0.178949,0.839453,0.66528,12.849,1,0.84672,0.36288,0,71.8947,3.82893,67.582,0.84672,12.849,0.84672,3695.15,0,36.966,0.202512,1.81037,1.71667,10.4588,0.975137,12.8082,0.42336,36.966,0.42336,423.524,0,1.02816,0,0,2.83853,1.81037,1.028160,1,0,81.2296,0,0,0,81.2296,0
19.7138,1.85693,0,0,4.59111,0.159977,0.36288,3.6288,61.308,0.335998,0,0,1.41734,0.178949,0.902393,0.66528,12.849,1,0.84672,0.36288,0,71.0545,3.82893,66.7417,0.84672,12.849,0.84672,3695.15,0,36.966,0.202592,1.88037,1.7169,10.2692,0.975137,12.6888,0.42336,36.966,0.42336,423.524,0,1.02816,0,0,2.90853,1.88037,1.028160,1,0,80.3329,0,0,0,80.3329,0
23.9255,1.85729,0,0,6.59264,0.160807,0.36288,3.6288,61.308,0.33613,0,0,2.47615,0.187935,1.95208,0.66528,12.849,1,0.84672,0.36288,0,130.723,3.98491,126.254,0.84672,12.849,0.84672,3695.15,0,36.966,0.202671,3.17062,1.71713,17.1062,1.03853,20.7528,0.42336,36.966,0.42336,423.524,0,1.02816,0,0,4.19878,3.17062,1.028160,1,0,148.959,0,0,0,148.959,0
27.4164,1.85766,0,0,5.86109,0.149658,0.36288,3.6288,61.308,0.336262,0,0,2.4802,0.223116,1.92082,0.66528,12.849,1,0.84672,0.36288,0,115.073,4.34948,110.24,0.84672,12.849,0.84672,3695.15,0,36.966,0.202751,3.56162,1.71737,16.5706,1.22163,20.4252,0.42336,36.966,0.42336,423.524,0,1.02816,0,0,4.58978,3.56162,1.028160,1,0,132.586,0,0,0,132.586,0
28.1163,1.94275,0,0,3.17952,0.173931,0.36288,3.6288,61.308,0.368006,0,0,1.60677,0.176282,1.06248,0.66528,12.849,1,0.84672,0.36288,0,48.803,2.9211,45.3981,0.84672,12.849,0.84672,3695.15,0,36.966,0.221891,1.85533,1.7176,11.7967,0.728432,14.4193,0.42336,36.966,0.42336,423.524,0,1.02816,0,0,2.88349,1.85533,1.028160,1,0,60.8799,0,0,0,60.8799,0
31.1033,1.9431,0,0,5.46859,0.17562,0.36288,3.6288,61.308,0.368135,0,0,2.66477,0.176282,2.12036,0.66528,12.849,1,0.84672,0.36288,0,105.951,2.9211,102.547,0.84672,12.849,0.84672,3695.15,0,36.966,0.221969,2.49465,1.77286,13.4001,0.728432,16.7172,0.42336,36.966,0.42336,423.524,0,1.02816,0,0,3.52281,2.49465,1.028160,1,0,121.384,0,0,0,121.384,0
33.0817,1.9745,0,0,4.49857,0.182827,0.36288,3.6288,61.308,0.368263,0,0,3.1423,0.176282,2.59775,0.66528,12.849,1,0.815678,0.36288,0,80.7926,2.9211,77.4187,0.84672,12.849,0.84672,3695.15,0,36.966,0.222046,3.58103,1.77308,14.8776,0.728432,19.2813,0.42336,36.966,0.42336,423.524,0,1.02816,0,0,4.60919,3.58103,1.028160,1,0,99.2978,0,0,0,99.2978,0
38.688,2.00989,0,0,8.18055,0.20151,0.36288,3.6288,61.308,0.368391,0,0,5.57502,0.166375,5.04025,0.66528,12.849,1,0.780644,0.36288,0,152.48,3.06834,148.994,0.84672,12.849,0.84672,3695.15,0,36.966,0.222124,6.23231,1.77331,18.0986,0.695906,25.1861,0.42336,36.966,0.42336,423.524,0,1.02816,0,0,7.26047,6.23231,1.028160,1,0,179.221,0,0,0,179.221,0
39.9461,2.29942,0,0,4.13741,0.216959,0.36288,3.6288,61.308,0.487267,0,0,2.83875,0.181924,2.16956,0.66528,12.849,1,0.763681,0.36288,0,86.944,3.15393,83.3892,0.84672,12.849,0.84672,3695.15,0,36.966,0.2938,2.27821,1.77353,8.66367,0.864353,11.5573,0.42336,36.966,0.42336,423.524,0,1.02816,0,0,3.30637,2.27821,1.028160,1,0,97.1161,0,0,0,97.1161,0
40.4931,2.31791,0,0,3.47553,0.247725,0.36288,3.6288,61.308,0.48741,0,0,1.98762,0.179683,1.32053,0.66528,12.849,1,0.745576,0.36288,0,52.7843,3.74209,48.6595,0.84672,12.849,0.84672,3695.15,0,36.966,0.293887,2.08988,1.97183,7.2468,1.05409,9.96053,0.42336,36.966,0.42336,423.524,0,1.02816,0,0,3.11804,2.08988,1.028160,1,0,59.9405,0,0,0,59.9405,0
41.9925,2.32586,0,0,4.43743,0.249346,0.36288,3.6288,61.308,0.487554,0,0,2.11007,0.179683,1.44283,0.66528,12.849,1,0.738025,0.36288,0,75.7436,3.74209,71.6264,0.84672,12.849,0.84672,3695.15,0,36.966,0.293973,2.4583,1.97208,8.08989,1.05409,11.1722,0.42336,36.966,0.42336,423.524,0,1.02816,0,0,3.48646,2.4583,1.028160,1,0,84.2414,0,0,0,84.2414,0
43.6127,2.34633,0,0,4.58325,0.25379,0.36288,3.6288,61.308,0.487697,0,0,2.23416,0.179683,1.56678,0.66528,12.849,1,0.717939,0.36288,0,82.2839,3.74209,78.1868,0.84672,12.849,0.84672,3695.15,0,36.966,0.29406,2.6682,1.97234,8.63508,1.05409,11.9275,0.42336,36.966,0.42336,423.524,0,1.02816,0,0,3.69636,2.6682,1.028160,1,0,91.681,0,0,0,91.681,0
46.0411,2.06717,0,0,5.1035,0.245071,0.36288,3.6288,61.308,0.3284,0,0,2.38427,0.203427,1.85244,0.66528,12.849,1,0.609022,0.36288,0,73.459,4.269,68.9439,0.84672,12.849,0.84672,3695.15,0,36.966,0.198011,2.01511,1.97259,7.62316,1.2401,10.1727,0.42336,36.966,0.42336,423.524,0,1.02816,0,0,3.04327,2.01511,1.028160,1,0,80.9691,0,0,0,80.9691,0
48.5864,2.09255,0,0,5.25004,0.249265,0.36288,3.6288,61.308,0.328523,0,0,2.63167,0.16167,2.14148,0.66528,12.849,1,0.583983,0.36288,0,74.431,3.97278,70.2371,0.84672,12.849,0.84672,3695.15,0,36.966,0.198085,2.43823,1.70258,8.15676,1.08577,11.0137,0.42336,36.966,0.42336,423.524,0,1.02816,0,0,3.46639,2.43823,1.028160,1,0,83.3923,0,0,0,83.3923,0
51.1891,2.11702,0,0,5.33892,0.256339,0.36288,3.6288,61.308,0.328647,0,0,2.21569,0.16167,1.72538,0.66528,12.849,1,0.559859,0.36288,0,75.9505,3.97278,71.7808,0.84672,12.849,0.84672,3695.15,0,36.966,0.198159,1.68233,1.7028,7.20602,1.08577,9.30721,0.42336,36.966,0.42336,423.524,0,1.02816,0,0,2.71049,1.68233,1.028160,1,0,82.8134,0,0,0,82.8134,0
53.4417,2.14004,0,0,5.01898,0.263527,0.36288,3.6288,61.308,0.32877,0,0,2.18685,0.16167,1.69641,0.66528,12.849,1,0.537173,0.36288,0,70.9049,3.97278,66.7578,0.84672,12.849,0.84672,3695.15,0,36.966,0.198234,1.54254,1.70301,6.81782,1.08577,8.77937,0.42336,36.966,0.42336,423.524,0,1.02816,0,0,2.5707,1.54254,1.028160,1,0,77.2336,0,0,0,77.2336,0
55.8577,2.15857,0,0,5.21465,0.277203,0.36288,3.6288,61.308,0.328893,0,0,2.5726,0.177759,2.06595,0.66528,12.849,1,0.518986,0.36288,0,87.6969,3.85592,83.6848,0.84672,12.849,0.84672,3695.15,0,36.966,0.198308,1.93367,1.70323,8.69799,1.14103,10.9956,0.42336,36.966,0.42336,423.524,0,1.02816,0,0,2.96183,1.93367,1.028160,1,0,96.7463,0,0,0,96.7463,0
59.5715,2.25664,0,0,6.61303,0.279664,0.36288,3.6288,61.308,0.368047,0,0,3.51588,0.176823,2.97101,0.66528,12.849,1,0.519098,0.36288,0,130.109,4.34763,125.605,0.84672,12.849,0.84672,3695.15,0,36.966,0.221916,3.44999,1.70345,11.3971,1.21576,15.1129,0.42336,36.966,0.42336,423.524,0,1.02816,0,0,4.47815,3.44999,1.028160,1,0,143.689,0,0,0,143.689,0
61.277,2.28355,0,0,4.64194,0.290007,0.36288,3.6288,61.308,0.368175,0,0,2.62996,0.176823,2.08496,0.66528,12.849,1,0.49254,0.36288,0,88.5505,4.34763,84.0732,0.84672,12.849,0.84672,3695.15,0,36.966,0.221993,1.85342,1.77034,8.62125,1.21576,10.8073,0.42336,36.966,0.42336,423.524,0,1.02816,0,0,2.88158,1.85342,1.028160,1,0,96.9654,0,0,0,96.9654,0
62.3865,2.29518,0,0,4.03206,0.264513,0.36288,3.6288,61.308,0.368303,0,0,2.16765,0.188347,1.611,0.66528,12.849,1,0.481269,0.36288,0,76.1288,4.40875,71.6016,0.84672,12.849,0.84672,3695.15,0,36.966,0.222071,1.55453,1.77056,7.07417,1.22935,8.94785,0.42336,36.966,0.42336,423.524,0,1.02816,0,0,2.58269,1.55453,1.028160,1,0,82.1605,0,0,0,82.1605,0
63.2029,2.30257,0,0,3.76363,0.281795,0.36288,3.6288,61.308,0.368432,0,0,1.89846,0.197352,1.33267,0.66528,12.849,1,0.474232,0.36288,0,69.8069,4.63607,65.0595,0.84672,12.849,0.84672,3695.15,0,36.966,0.222148,1.3775,1.77079,6.62766,1.21935,8.33445,0.42336,36.966,0.42336,423.524,0,1.02816,0,0,2.40566,1.3775,1.028160,1,0,74.7266,0,0,0,74.7266,0
64.2494,2.27614,0,0,3.92005,0.234531,0.36288,3.6288,61.308,0.353394,0,0,1.66237,0.217512,1.09147,0.66528,12.849,1,0.462734,0.36288,0,69.3636,4.02696,65.2368,0.84672,12.849,0.84672,3695.15,0,36.966,0.213081,1.37099,1.77101,6.07093,1.2053,7.79455,0.42336,36.966,0.42336,423.524,0,1.02816,0,0,2.39915,1.37099,1.028160,1,0,74.1228,0,0,0,74.1228,0
64.8031,2.28271,0,0,3.43582,0.236531,0.36288,3.6288,61.308,0.35352,0,0,1.81846,0.217512,1.24743,0.66528,12.849,1,0.456511,0.36288,0,64.8587,4.02696,60.7382,0.84672,12.849,0.84672,3695.15,0,36.966,0.213157,1.59843,1.74528,6.38219,1.2053,8.30745,0.42336,36.966,0.42336,423.524,0,1.02816,0,0,2.62659,1.59843,1.028160,1,0,70.293,0,0,0,70.293,0
65.1365,2.28626,0,0,3.22015,0.237589,0.36288,3.6288,61.308,0.353646,0,0,1.55614,0.217512,0.984983,0.66528,12.849,1,0.453314,0.36288,0,61.3915,4.02696,57.2741,0.84672,12.849,0.84672,3695.15,0,36.966,0.213233,1.10729,1.7455,6.04167,1.2053,7.47592,0.42336,36.966,0.42336,423.524,0,1.02816,0,0,2.13545,1.10729,1.028160,1,0,65.735,0,0,0,65.735,0
66.0819,2.28849,0,0,3.81201,0.215218,0.36288,3.6288,61.308,0.353773,0,0,1.54617,0.229381,0.963017,0.66528,12.849,1,0.451433,0.36288,0,64.9439,4.96266,59.8926,0.84672,12.849,0.84672,3695.15,0,36.966,0.213309,1.21586,1.74572,7.95537,1.24218,9.46146,0.42336,36.966,0.42336,423.524,0,1.02816,0,0,2.24402,1.21586,1.028160,1,0,70.3171,0,0,0,70.3171,0
66.4597,2.40302,0,0,3.30977,0.166042,0.36288,3.6288,61.308,0.407711,0,0,1.6248,0.206487,1.0106,0.66528,12.849,1,0.467244,0.36288,0,56.9583,4.67669,52.1773,0.84672,12.849,0.84672,3695.15,0,36.966,0.245832,1.45144,1.74595,6.45417,1.05614,8.34958,0.42336,36.966,0.42336,423.524,0,1.02816,0,0,2.4796,1.45144,1.028160,1,0,61.5375,0,0,0,61.5375,0
66.4248,2.58139,0,0,3.06251,0.153133,0.36288,3.6288,61.308,0.484547,0,0,1.50939,0.193769,0.831075,0.66528,12.849,1,0.499074,0.36288,0,49.0113,4.28158,44.5936,0.84672,12.849,0.84672,3695.15,0,36.966,0.29216,1.27791,1.83717,6.03801,0.970654,7.89028,0.42336,36.966,0.42336,423.524,0,1.02816,0,0,2.30607,1.27791,1.028160,1,0,53.3149,0,0,0,53.3149,0
65.9259,2.62547,0,0,2.64247,0.15309,0.36288,3.6288,61.308,0.503868,0,0,1.32341,0.193769,0.62577,0.66528,12.849,1,0.507862,0.36288,0,44.4429,4.28158,40.0163,0.84672,12.849,0.84672,3695.15,0,36.966,0.30381,1.09839,1.97172,5.56613,0.970654,7.36178,0.42336,36.966,0.42336,423.524,0,1.02816,0,0,2.12655,1.09839,1.028160,1,0,48.0038,0,0,0,48.0038,0
65.1601,2.62258,0,0,2.37217,0.152484,0.36288,3.6288,61.308,0.504013,0,0,1.14946,0.193769,0.451675,0.66528,12.849,1,0.511143,0.36288,0,42.016,4.28158,37.5861,0.84672,12.849,0.84672,3695.15,0,36.966,0.303898,0.958452,2.00555,5.49834,0.970654,7.1878,0.42336,36.966,0.42336,423.524,0,1.02816,0,0,1.98661,0.958452,1.028160,1,0,45.2256,0,0,0,45.2256,0
64.1387,2.6179,0,0,2.09962,0.140285,0.36288,3.6288,61.308,0.504159,0,0,1.06983,0.216645,0.349027,0.66528,12.849,1,0.516227,0.36288,0,36.1632,4.4776,31.5322,0.84672,12.849,0.84672,3695.15,0,36.966,0.303985,0.607556,2.00581,4.32416,0.970549,5.66299,0.42336,36.966,0.42336,423.524,0,1.02816,0,0,1.63572,0.607556,1.028160,1,0,37.5442,0,0,0,37.5442,0
62.9809,2.58799,0,0,1.91735,0.124235,0.36288,3.6288,61.2772,0.694354,0,0,0.910725,0.247147,0,0.66528,12.849,1,0.518457,0.36288,0,30.7519,4.73897,25.8574,0.84672,12.849,0.84672,3695.15,0,36.966,0.418664,0.30119,2.00606,2.99143,0.97041,3.90961,0.42336,36.966,0.42336,423.524,0,0.775293,0,0,1.07648,0.30119,1.028160,1,0,29.767,0,0,0,29.767,0
61.7223,2.58041,0,0,1.78547,0.100841,0.36288,3.6288,61.1739,0.709865,0,0,0.892495,0.285953,0,0.66528,12.849,1,0.526439,0.36288,0,29.2084,5.28189,23.7629,0.84672,12.849,0.84672,3695.15,0,36.966,0.42336,0.261274,2.04106,2.866,1.15416,3.59081,0.42336,36.966,0.42336,423.524,0,0.755326,0,0,1.0166,0.261274,1.028160,1,0,27.3537,0,0,0,27.3537,0
60.2694,2.57185,0,0,1.57345,0.091572,0.36288,3.6288,61.012,0.712309,0,0,0.843635,0.293265,0,0.66528,12.849,1,0.535393,0.36288,0,26.8217,5.90586,20.7433,0.84672,12.849,0.84672,3695.15,0,36.966,0.42336,0.261274,2.04132,2.86944,1.37854,3.37013,0.42336,36.966,0.42336,423.524,0,0.753123,0,0,1.0144,0.261274,1.028160,1,0,24.1134,0,0,0,24.1134,0
58.803,2.56153,0,0,1.5486,0.0905638,0.36288,3.6288,60.8669,0.683369,0,0,0.829967,0.291628,0,0.66528,12.849,1,0.5461,0.36288,0,25.0432,5.97366,18.8863,0.84672,12.849,0.84672,3695.15,0,36.966,0.41404,0.261274,2.04158,2.88324,1.40369,3.36836,0.42336,36.966,0.42336,423.524,0,0.791623,0,0,1.0529,0.261274,1.028160,1,0,22.2547,0,0,0,22.2547,0
57.8089,2.39167,0,0,1.83034,0.0698676,0.36288,3.6288,61.0672,0.520884,0,0,1.04423,0.32307,0,0.66528,12.849,1,0.522601,0.36288,0,25.1408,6.02217,18.959,0.84672,12.849,0.84672,3695.15,0,36.966,0.316346,0.261274,2.04184,2.73372,1.55275,3.16774,0.42336,36.966,0.42336,423.524,0,0.936161,0,0,1.19743,0.261274,1.028160,1,0,22.1267,0,0,0,22.1267,0
56.6666,2.38462,0,0,1.67439,0.0691957,0.36288,3.6288,61.1895,0.53568,0,0,0.981444,0.32348,0,0.66528,12.849,1,0.530021,0.36288,0,23.6381,6.02217,17.4488,0.84672,12.849,0.84672,3695.15,0,36.966,0.324265,0.261274,1.91626,2.78255,1.55275,3.08306,0.42336,36.966,0.42336,423.524,0,0.913671,0,0,1.17494,0.261274,1.028160,1,0,20.5318,0,0,0,20.5318,0
55.3752,2.37621,0,0,1.51607,0.0684236,0.36288,3.6288,61.2137,0.589779,0,0,0.937716,0.32373,0,0.66528,12.849,1,0.538799,0.36288,0,22.2625,6.02217,16.0644,0.84672,12.849,0.84672,3695.15,0,36.966,0.356299,0.227405,1.9165,2.58717,1.55275,2.82203,0.42336,36.966,0.42336,423.524,0,0.827764,0,0,1.05517,0.227405,1.028160,1,0,18.8865,0,0,0,18.8865,0
53.917,2.36631,0,0,1.32584,0.0548122,0.36288,3.6288,61.2127,0.600501,0,0,0.931072,0.331545,0,0.66528,12.849,1,0.549068,0.36288,0,21.1988,6.2465,14.7662,0.84672,12.849,0.84672,3695.15,0,36.966,0.362633,0.227405,1.91674,2.61485,1.59757,2.7988,0.42336,36.966,0.42336,423.524,0,0.810933,0,0,1.03834,0.227405,1.028160,1,0,17.565,0,0,0,17.565,0
52.6711,2.51188,0,0,1.67897,0.0501022,0.36288,3.6288,61.2856,0.684902,0,0,1.07791,0.320092,0,0.66528,12.849,1,0.598607,0.36288,0,26.2454,6.33468,19.675,0.84672,12.849,0.84672,3695.15,0,36.966,0.413608,0.227405,1.91699,2.90669,1.53922,3.09826,0.42336,36.966,0.42336,423.524,0,0.828541,0,0,1.05595,0.227405,1.028160,1,0,22.7732,0,0,0,22.7732,0
51.2814,2.50081,0,0,1.51501,0.0410326,0.36288,3.6288,60.7924,0.983472,0,0,0.811382,0.321169,0,0.66528,12.849,1,0.610067,0.36288,0,33.3043,6.47724,26.5798,0.84672,12.849,0.84672,3695.15,0,36.966,0.42336,0.227405,2.07174,2.38717,1.60663,2.65634,0.42336,36.966,0.42336,423.524,0,0.520465,0,0,0.74787,0.227405,1.028160,1,0,29.2362,0,0,0,29.2362,0
50.1844,2.48791,0,0,1.79425,0.0404462,0.36288,3.6288,61.0846,0.626191,0,0,1.23854,0.320168,0,0.66528,12.849,1,0.623366,0.36288,0,28.5858,6.47724,21.8481,0.84672,12.849,0.84672,3695.15,0,36.966,0.380768,0.204422,2.07201,3.22817,1.60663,3.51721,0.42336,36.966,0.42336,423.524,0,0.920583,0,0,1.12501,0.204422,1.028160,1,0,25.3653,0,0,0,25.3653,0
48.8002,2.47737,0,0,1.4991,0.0431089,0.36288,3.6288,60.8722,0.821254,0,0,0.908954,0.300106,0,0.66528,12.849,1,0.634295,0.36288,0,26.0861,5.92271,19.892,0.84672,12.849,0.84672,3695.15,0,36.966,0.42336,0.204422,2.07227,3.34453,1.39076,3.8071,0.42336,36.966,0.42336,423.524,0,0.683173,0,0,0.887596,0.204422,1.028160,1,0,23.6991,0,0,0,23.6991,0
47.6557,2.46344,0,0,1.71688,0.0350217,0.36288,3.6288,60.9432,0.693985,0,0,1.04201,0.277033,0,0.66528,12.849,1,0.64862,0.36288,0,21.2822,5.2175,15.779,0.84672,12.849,0.84672,3695.15,0,36.966,0.421438,0.204422,2.07253,3.84979,1.18183,4.52348,0.42336,36.966,0.42336,423.524,0,0.812609,0,0,1.01703,0.204422,1.028160,1,0,20.3025,0,0,0,20.3025,0
46.5885,2.37669,0,0,1.67843,0.00604441,0.36288,3.6288,61.1684,0.577386,0,0,1.09187,0.289246,0,0.66528,12.849,1,0.640806,0.36288,0,27.2137,5.30292,21.6328,0.84672,12.849,0.84672,3695.15,0,36.966,0.350222,0.204422,2.0728,3.25203,1.37905,3.79998,0.42336,36.966,0.42336,423.524,0,0.907891,0,0,1.11231,0.204422,1.028160,1,0,25.4328,0,0,0,25.4328,0
45.4869,2.36548,0,0,1.63269,0.00597376,0.36288,3.6288,61.2436,0.6452,0,0,1.0101,0.289658,0,0.66528,12.849,1,0.652394,0.36288,0,24.859,5.30292,19.2666,0.84672,12.849,0.84672,3695.15,0,36.966,0.389915,0.216518,1.98359,3.19543,1.37905,3.62657,0.42336,36.966,0.42336,423.524,0,0.800617,0,0,1.01714,0.216518,1.028160,1,0,22.8931,0,0,0,22.8931,0
45.9397,2.35346,0,0,3.28222,0.113105,0.36288,3.6288,61.308,0.503749,0,0,2.16645,0.183711,1.41462,0.66528,12.849,1,0.664799,0.36288,0,67.5903,3.84951,63.4389,0.84672,12.849,0.84672,3695.15,0,36.966,0.304057,0.43378,1.98384,8.05127,0.924764,9.24007,0.42336,36.966,0.42336,423.524,0,1.02816,0,0,1.46194,0.43378,1.028160,1,0,74.0935,0,0,0,74.0935,0
48.2772,2.35888,0,0,5.17299,0.113679,0.36288,3.6288,61.308,0.504093,0,0,1.94467,0.183785,1.2568,0.66528,12.849,1,0.659763,0.36288,0,76.5069,3.84951,72.3606,0.84672,12.849,0.84672,3695.15,0,36.966,0.303946,0.682448,1.98409,5.23021,0.924764,6.66803,0.42336,36.966,0.42336,423.524,0,1.02816,0,0,1.71061,0.682448,1.028160,1,0,80.2854,0,0,0,80.2854,0
47.5944,2.32282,0,0,2.19668,0.193771,0.36288,3.6288,61.308,0.451527,0,0,0.94773,0.209356,0.286847,0.66528,12.849,1,0.61822,0.36288,0,48.0905,4.69677,43.1384,0.84672,12.849,0.84672,3695.15,0,36.966,0.272251,0.616473,1.98434,4.89838,1.22023,6.00671,0.42336,36.966,0.42336,423.524,0,1.02816,0,0,1.64463,0.616473,1.028160,1,0,49.432,0,0,0,49.432,0
46.9984,2.31613,0,0,2.28812,0.205091,0.36288,3.6288,61.308,0.451666,0,0,1.46188,0.213618,0.796595,0.66528,12.849,1,0.625283,0.36288,0,49.8881,4.83798,44.7878,0.84672,12.849,0.84672,3695.15,0,36.966,0.272335,1.19769,1.9047,5.3994,1.26947,6.95999,0.42336,36.966,0.42336,423.524,0,1.02816,0,0,2.22585,1.19769,1.028160,1,0,52.5443,0,0,0,52.5443,0
46.1056,2.3102,0,0,2.00047,0.220278,0.36288,3.6288,61.308,0.451805,0,0,1.43585,0.219767,0.764275,0.66528,12.849,1,0.63159,0.36288,0,50.5097,4.3641,45.8769,0.84672,12.849,0.84672,3695.15,0,36.966,0.272418,1.01588,1.90494,5.68221,1.16868,7.16194,0.42336,36.966,0.42336,423.524,0,1.02816,0,0,2.04404,1.01588,1.028160,1,0,53.8031,0,0,0,53.8031,0
47.0148,2.30092,0,0,3.80347,0.230382,0.36288,3.6288,61.308,0.451944,0,0,1.55016,0.224378,0.873841,0.66528,12.849,1,0.641237,0.36288,0,86.4631,4.00869,82.176,0.84672,12.849,0.84672,3695.15,0,36.966,0.272502,1.92116,1.90518,7.88367,1.09308,10.3444,0.42336,36.966,0.42336,423.524,0,1.02816,0,0,2.94932,1.92116,1.028160,1,0,93.3943,0,0,0,93.3943,0
49.0465,2.33218,0,0,4.96235,0.235597,0.36288,3.6288,61.308,0.432128,0,0,1.76538,0.233058,1.10019,0.66528,12.849,1,0.637377,0.36288,0,83.9212,4.08351,79.5632,0.84672,12.849,0.84672,3695.15,0,36.966,0.260554,1.07793,1.90542,6.35318,1.09464,7.98134,0.42336,36.966,0.42336,423.524,0,1.02816,0,0,2.10609,1.07793,1.028160,1,0,88.6447,0,0,0,88.6447,0
49.6806,2.3534,0,0,3.59345,0.243087,0.36288,3.6288,61.308,0.432264,0,0,1.90242,0.239568,1.23059,0.66528,12.849,1,0.616534,0.36288,0,61.1161,4.13963,56.7228,0.84672,12.849,0.84672,3695.15,0,36.966,0.260636,0.390087,1.88602,6.09388,1.0958,7.01355,0.42336,36.966,0.42336,423.524,0,1.02816,0,0,1.41825,0.390087,1.028160,1,0,64.9669,0,0,0,64.9669,0
50.8086,2.35995,0,0,4.08711,0.236313,0.36288,3.6288,61.308,0.432401,0,0,2.27327,0.244387,1.59648,0.66528,12.849,1,0.610359,0.36288,0,77.2174,3.70203,73.2679,0.84672,12.849,0.84672,3695.15,0,36.966,0.260718,1.02589,1.88626,6.32262,1.03685,7.9372,0.42336,36.966,0.42336,423.524,0,1.02816,0,0,2.05405,1.02589,1.028160,1,0,82.8016,0,0,0,82.8016,0
55.3009,2.37107,0,0,7.46371,0.237459,0.36288,3.6288,61.308,0.432537,0,0,3.5746,0.252712,2.88935,0.66528,12.849,1,0.59962,0.36288,0,116.902,4.05174,112.613,0.84672,12.849,0.84672,3695.15,0,36.966,0.260801,2.49853,1.8865,10.5214,1.05083,13.5948,0.42336,36.966,0.42336,423.524,0,1.02816,0,0,3.52669,2.49853,1.028160,1,0,129.097,0,0,0,129.097,0
58.9048,2.4109,0,0,6.63186,0.254171,0.36288,3.6288,61.308,0.432673,0,0,2.98873,0.252135,2.30392,0.66528,12.849,1,0.560166,0.36288,0,140.241,4.21027,135.833,0.84672,12.849,0.84672,3695.15,0,36.966,0.260883,2.90248,1.88674,8.77644,1.06337,12.2414,0.42336,36.966,0.42336,423.524,0,1.02816,0,0,3.93064,2.90248,1.028160,1,0,150.378,0,0,0,150.378,0
57.6136,2.51575,0,0,1.86488,0.277418,0.36288,3.6288,61.2803,0.608274,0,0,0.789388,0.208858,0,0.66528,12.849,1,0.548766,0.36288,0,36.0374,4.3189,31.5327,0.84672,12.849,0.84672,3695.15,0,36.966,0.366762,0.412474,1.88698,5.13985,0.913702,6.15884,0.42336,36.966,0.42336,423.524,0,0.80257,0,0,1.21504,0.412474,1.028160,1,0,37.6915,0,0,0,37.6915,0
57.3681,2.506,0,0,2.88228,0.258932,0.36288,3.6288,61.308,0.665632,0,0,0.927979,0.178966,0.055638,0.66528,12.849,1,0.558888,0.36288,0,74.5549,3.68697,70.6719,0.84672,12.849,0.84672,3695.15,0,36.966,0.401528,0.503194,1.94767,5.84235,0.745033,7.14665,0.42336,36.966,0.42336,423.524,0,0.710657,0,0,1.21385,0.503194,1.028160,1,0,77.8742,0,0,0,77.8742,0
56.5376,2.50434,0,0,2.29503,0.25831,0.36288,3.6288,60.99,0.889889,0,0,0.750859,0.178997,0,0.66528,12.849,1,0.560909,0.36288,0,57.3038,3.68697,53.4188,0.84672,12.849,0.84672,3695.15,0,36.966,0.42336,0.503194,1.9479,4.40141,0.745033,5.68412,0.42336,36.966,0.42336,423.524,0,0.46478,0,0,0.967974,0.503194,1.028160,1,0,59.1029,0,0,0,59.1029,0
55.2197,2.49792,0,0,1.79912,0.256205,0.36288,3.6288,60.478,1.0034,0,0,0.670049,0.178637,0,0.66528,12.849,1,0.56769,0.36288,0,32.8228,3.68697,28.931,0.84672,12.849,0.84672,3695.15,0,36.966,0.42336,0.503194,1.94813,3.67414,0.745033,4.95708,0.42336,36.966,0.42336,423.524,0,0.351484,0,0,0.854677,0.503194,1.028160,1,0,33.8881,0,0,0,33.8881,0
56.0222,2.50127,0,0,3.96091,0.29428,0.36288,3.6288,60.8498,0.492165,0,0,1.04395,0.179942,0,0.66528,12.849,1,0.582018,0.36288,0,74.2524,3.94812,70.0852,0.84672,12.849,0.84672,3695.15,0,36.966,0.300827,0.894542,1.94837,6.86021,0.968721,8.43357,0.42336,36.966,0.42336,423.524,0,1.02816,0,0,1.9227,0.894542,1.028160,1,0,78.5187,0,0,0,78.5187,0
56.4148,2.50835,0,0,3.57719,0.313345,0.36288,3.6288,61.029,0.493444,0,0,0.853738,0.181122,0,0.66528,12.849,1,0.575305,0.36288,0,67.282,4.05258,63.017,0.84672,12.849,0.84672,3695.15,0,36.966,0.299765,0.773919,1.98483,8.18951,1.0582,9.5903,0.42336,36.966,0.42336,423.524,0,1.02816,0,0,1.80208,0.773919,1.028160,1,0,72.6073,0,0,0,72.6073,0
56.3828,2.51191,0,0,3.1209,0.278092,0.36288,3.6288,61.0456,0.499029,0,0,0.708922,0.193258,0,0.66528,12.849,1,0.572112,0.36288,0,71.5986,4.12983,67.2596,0.84672,12.849,0.84672,3695.15,0,36.966,0.302268,0.608429,1.98507,7.94586,1.14052,9.09657,0.42336,36.966,0.42336,423.524,0,1.02029,0,0,1.62872,0.608429,1.028160,1,0,76.3561,0,0,0,76.3561,0
56.4319,2.51195,0,0,3.18737,0.263418,0.36288,3.6288,61.308,0.535459,0,0,0.996434,0.198051,0.000556642,0.66528,12.849,1,0.572445,0.36288,0,95.3977,4.16073,91.0274,0.84672,12.849,0.84672,3695.15,0,36.966,0.324246,0.608429,1.9853,7.02501,1.17345,8.12105,0.42336,36.966,0.42336,423.524,0,0.962099,0,0,1.57053,0.608429,1.028160,1,0,99.149,0,0,0,99.149,0
57.8919,2.19416,0,0,4.294,0.276965,0.36288,3.6288,61.308,0.334761,0,0,1.7823,0.197799,1.24974,0.66528,12.849,1,0.499589,0.36288,0,103.77,3.8056,99.8275,0.84672,12.849,0.84672,3695.15,0,36.966,0.201846,1.68808,1.98554,9.71525,1.09934,12.0877,0.42336,36.966,0.42336,423.524,0,1.02816,0,0,2.71624,1.68808,1.028160,1,0,113.165,0,0,0,113.165,0
58.6738,2.20473,0,0,3.63594,0.286414,0.36288,3.6288,61.308,0.334878,0,0,1.53384,0.197566,1.0014,0.66528,12.849,1,0.489336,0.36288,0,128.081,3.66355,124.291,0.84672,12.849,0.84672,3695.15,0,36.966,0.201916,1.94735,1.71375,8.54988,1.06969,10.9394,0.42336,36.966,0.42336,423.524,0,1.02816,0,0,2.97551,1.94735,1.028160,1,0,136.232,0,0,0,136.232,0
59.3971,2.21035,0,0,3.58507,0.2886,0.36288,3.6288,61.308,0.334994,0,0,1.55282,0.197566,1.02025,0.66528,12.849,1,0.484044,0.36288,0,73.5761,3.66355,69.7914,0.84672,12.849,0.84672,3695.15,0,36.966,0.201987,2.05154,1.71395,8.18467,1.06969,10.6785,0.42336,36.966,0.42336,423.524,0,1.02816,0,0,3.0797,2.05154,1.028160,1,0,81.4901,0,0,0,81.4901,0
60.0938,2.21546,0,0,3.56565,0.290622,0.36288,3.6288,61.308,0.33511,0,0,1.42172,0.197566,0.889044,0.66528,12.849,1,0.479256,0.36288,0,110.572,3.66355,106.792,0.84672,12.849,0.84672,3695.15,0,36.966,0.202057,1.84634,1.71416,8.5072,1.06969,10.796,0.42336,36.966,0.42336,423.524,0,1.02816,0,0,2.8745,1.84634,1.028160,1,0,118.477,0,0,0,118.477,0
60.4432,2.2203,0,0,3.20955,0.276953,0.36288,3.6288,61.308,0.335227,0,0,1.32583,0.182866,0.807733,0.66528,12.849,1,0.474735,0.36288,0,109.934,3.5737,106.249,0.84672,12.849,0.84672,3695.15,0,36.966,0.202127,1.53733,1.71436,6.80374,1.00557,8.84774,0.42336,36.966,0.42336,423.524,0,1.02816,0,0,2.56549,1.53733,1.028160,1,0,115.904,0,0,0,115.904,0
61.7829,2.30404,0,0,4.24543,0.238821,0.36288,3.6288,61.308,0.374628,0,0,2.27629,0.215279,1.68639,0.66528,12.849,1,0.489793,0.36288,0,134.6,4.52949,129.944,0.84672,12.849,0.84672,3695.15,0,36.966,0.225884,3.40737,1.71457,11.3265,1.31759,14.905,0.42336,36.966,0.42336,423.524,0,1.02816,0,0,4.43553,3.40737,1.028160,1,0,146.535,0,0,0,146.535,0
63.5911,2.31311,0,0,4.72575,0.241488,0.36288,3.6288,61.308,0.374749,0,0,1.94082,0.215279,1.35079,0.66528,12.849,1,0.481058,0.36288,0,144.834,4.52949,140.186,0.84672,12.849,0.84672,3695.15,0,36.966,0.225957,3.89797,1.78188,11.115,1.31759,15.2513,0.42336,36.966,0.42336,423.524,0,1.02816,0,0,4.92613,3.89797,1.028160,1,0,156.788,0,0,0,156.788,0
64.4027,2.32477,0,0,3.74426,0.245089,0.36288,3.6288,61.308,0.37487,0,0,1.65103,0.215279,1.06088,0.66528,12.849,1,0.469734,0.36288,0,138.713,4.52949,134.076,0.84672,12.849,0.84672,3695.15,0,36.966,0.22603,3.77711,1.78209,7.83976,1.31759,11.8553,0.42336,36.966,0.42336,423.524,0,1.02816,0,0,4.80527,3.77711,1.028160,1,0,146.992,0,0,0,146.992,0
64.513,2.32998,0,0,3.03314,0.229917,0.36288,3.6288,61.308,0.374991,0,0,1.47106,0.224794,0.87127,0.66528,12.849,1,0.464855,0.36288,0,104.709,4.64583,99.9612,0.84672,12.849,0.84672,3695.15,0,36.966,0.226103,3.01883,1.7823,5.92263,1.34049,9.15717,0.42336,36.966,0.42336,423.524,0,1.02816,0,0,4.04699,3.01883,1.028160,1,0,109.99,0,0,0,109.99,0
64.0532,2.2988,0,0,2.3782,0.176375,0.36288,3.6288,61.308,0.359847,0,0,0.786741,0.205547,0.221347,0.66528,12.849,1,0.457849,0.36288,0,68.1981,2.86408,65.2391,0.84672,12.849,0.84672,3695.15,0,36.966,0.216972,1.45216,1.78251,3.91783,1.15041,5.78511,0.42336,36.966,0.42336,423.524,0,1.02816,0,0,2.48032,1.45216,1.028160,1,0,71.2455,0,0,0,71.2455,0
63.3663,2.29633,0,0,2.14808,0.175721,0.36288,3.6288,61.308,0.359967,0,0,0.687148,0.205547,0.121635,0.66528,12.849,1,0.460642,0.36288,0,63.5636,2.86408,60.6018,0.84672,12.849,0.84672,3695.15,0,36.966,0.217044,1.00094,1.7566,3.66992,1.15041,5.06001,0.42336,36.966,0.42336,423.524,0,1.02816,0,0,2.0291,1.00094,1.028160,1,0,65.7834,0,0,0,65.7834,0
63.1345,2.29245,0,0,2.58124,0.157733,0.36288,3.6288,61.308,0.360086,0,0,0.663984,0.214448,0.0894497,0.66528,12.849,1,0.464848,0.36288,0,68.4228,3.56586,64.7549,0.84672,12.849,0.84672,3695.15,0,36.966,0.217116,1.0803,1.75681,4.93013,1.17808,6.37205,0.42336,36.966,0.42336,423.524,0,1.02816,0,0,2.10846,1.0803,1.028160,1,0,71.2164,0,0,0,71.2164,0
62.3535,2.29131,0,0,1.9867,0.113547,0.36288,3.6288,61.308,0.360205,0,0,0.638591,0.233335,0.0450506,0.66528,12.849,1,0.466322,0.36288,0,49.1505,4.6209,44.4261,0.84672,12.849,0.84672,3695.15,0,36.966,0.217188,1.03038,1.75702,3.70352,1.26568,5.00806,0.42336,36.966,0.42336,423.524,0,1.02816,0,0,2.05854,1.03038,1.028160,1,0,49.4792,0,0,0,49.4792,0
61.3665,2.39521,0,0,1.8756,0.104494,0.36288,3.6288,61.2384,0.414484,0,0,0.58934,0.244485,0,0.66528,12.849,1,0.493575,0.36288,0,46.6353,4.50285,42.0017,0.84672,12.849,0.84672,3695.15,0,36.966,0.249915,0.652994,1.75723,3.62999,1.23497,4.55533,0.42336,36.966,0.42336,423.524,0,1.02816,0,0,1.68115,0.652994,1.028160,1,0,46.5571,0,0,0,46.5571,0
60.0902,2.56357,0,0,1.7376,0.087481,0.36288,3.6288,61.0734,0.491596,0,0,0.572613,0.245967,0,0.66528,12.849,1,0.536763,0.36288,0,47.6118,4.38952,43.0484,0.84672,12.849,0.84672,3695.15,0,36.966,0.296748,0.594164,1.84903,3.48612,1.05469,4.57787,0.42336,36.966,0.42336,423.524,0,1.02816,0,0,1.62232,0.594164,1.028160,1,0,47.6263,0,0,0,47.6263,0
58.9469,2.38046,0,0,1.6866,0.0865346,0.36288,3.6288,61.0217,0.414137,0,0,0.608094,0.245711,0,0.66528,12.849,1,0.509012,0.36288,0,45.3813,4.38952,40.8456,0.84672,12.849,0.84672,3695.15,0,36.966,0.250666,0.57558,1.98443,3.7085,1.05469,4.96316,0.42336,36.966,0.42336,423.524,0,1.02816,0,0,1.60374,0.57558,1.028160,1,0,45.8088,0,0,0,45.8088,0
57.7258,2.37264,0,0,1.60007,0.0855893,0.36288,3.6288,60.9528,0.414131,0,0,0.590924,0.24563,0,0.66528,12.849,1,0.517179,0.36288,0,42.6235,4.38952,38.0797,0.84672,12.849,0.84672,3695.15,0,36.966,0.250874,0.507306,1.84947,3.42873,1.05469,4.47994,0.42336,36.966,0.42336,423.524,0,1.02816,0,0,1.53547,0.507306,1.028160,1,0,42.5597,0,0,0,42.5597,0
56.387,2.49358,0,0,1.59932,0.081733,0.36288,3.6288,60.7916,0.471871,0,0,0.566486,0.255808,0,0.66528,12.849,1,0.555038,0.36288,0,38.7346,4.63438,33.908,0.84672,12.849,0.84672,3695.15,0,36.966,0.286175,0.333858,1.84969,3.09719,1.119,3.87556,0.42336,36.966,0.42336,423.524,0,1.02816,0,0,1.36202,0.333858,1.028160,1,0,37.7836,0,0,0,37.7836,0
55.2157,2.54618,0,0,1.81149,0.0736397,0.36288,3.6288,60.441,0.639387,0,0,0.570007,0.281232,0,0.66528,12.849,1,0.580202,0.36288,0,35.0268,5.24653,29.563,0.84672,12.849,0.84672,3695.15,0,36.966,0.388797,0.30119,1.95133,2.49077,1.27977,3.07472,0.42336,36.966,0.42336,423.524,0,0.872243,0,0,1.17343,0.30119,1.028160,1,0,32.6377,0,0,0,32.6377,0
54.1522,2.32413,0,0,1.69629,0.0727854,0.36288,3.6288,60.1437,0.558557,0,0,0.541884,0.280607,0,0.66528,12.849,1,0.540837,0.36288,0,34.9809,5.24653,29.5564,0.84672,12.849,0.84672,3695.15,0,36.966,0.341616,0.261274,2.05415,2.55968,1.27977,3.25372,0.42336,36.966,0.42336,423.524,0,0.841346,0,0,1.10262,0.261274,1.028160,1,0,32.8101,0,0,0,32.8101,0
52.8173,2.44278,0,0,1.5427,0.0720096,0.36288,3.6288,59.7664,0.625627,0,0,0.528403,0.280077,0,0.66528,12.849,1,0.579613,0.36288,0,34.2963,5.24653,28.833,0.84672,12.849,0.84672,3695.15,0,36.966,0.384527,0.261274,1.88239,2.45263,1.27977,2.932,0.42336,36.966,0.42336,423.524,0,0.827064,0,0,1.08834,0.261274,1.028160,1,0,31.765,0,0,0,31.765,0
51.2681,2.51554,0,0,1.40023,0.0710358,0.36288,3.6288,59.2094,0.773413,0,0,0.495724,0.279404,0,0.66528,12.849,1,0.611961,0.36288,0,30.5609,5.24653,25.0653,0.84672,12.849,0.84672,3695.15,0,36.966,0.42336,0.261274,1.98583,2.37258,1.27977,2.91655,0.42336,36.966,0.42336,423.524,0,0.704333,0,0,0.965606,0.261274,1.028160,1,0,27.9818,0,0,0,27.9818,0
49.9913,2.34513,0,0,1.48471,0.0534616,0.36288,3.6288,58.867,0.583311,0,0,0.550538,0.309559,0,0.66528,12.849,1,0.587745,0.36288,0,37.3663,5.75227,31.3891,0.84672,12.849,0.84672,3695.15,0,36.966,0.364177,0.261274,2.05489,2.73872,1.45002,3.24069,0.42336,36.966,0.42336,423.524,0,0.837225,0,0,1.0985,0.261274,1.028160,1,0,34.6298,0,0,0,34.6298,0
48.66,2.33346,0,0,1.41966,0.0545973,0.36288,3.6288,58.5239,0.543594,0,0,0.501892,0.301461,0,0.66528,12.849,1,0.599758,0.36288,0,29.76,5.67189,23.8512,0.84672,12.849,0.84672,3695.15,0,36.966,0.341354,0.261274,1.92849,2.63978,1.41828,3.06991,0.42336,36.966,0.42336,423.524,0,0.899977,0,0,1.16125,0.261274,1.028160,1,0,26.9211,0,0,0,26.9211,0
47.2137,2.32076,0,0,1.29119,0.0538238,0.36288,3.6288,58.0578,0.632666,0,0,0.467405,0.300797,0,0.66528,12.849,1,0.612812,0.36288,0,27.7432,5.67189,21.8214,0.84672,12.849,0.84672,3695.15,0,36.966,0.399617,0.227405,1.92872,2.35257,1.41828,2.69079,0.42336,36.966,0.42336,423.524,0,0.752855,0,0,0.98026,0.227405,1.028160,1,0,24.5122,0,0,0,24.5122,0
45.9036,2.30628,0,0,1.40607,0.0470413,0.36288,3.6288,57.8364,0.474992,0,0,0.551708,0.298131,0,0.66528,12.849,1,0.627643,0.36288,0,27.8743,5.78003,21.8295,0.84672,12.849,0.84672,3695.15,0,36.966,0.302433,0.227405,1.92895,3.32637,1.44419,3.7361,0.42336,36.966,0.42336,423.524,0,1.00793,0,0,1.23533,0.227405,1.028160,1,0,25.5656,0,0,0,25.5656,0
44.3832,2.44567,0,0,1.32914,0.0410349,0.36288,3.6288,57.3706,0.67634,0,0,0.497754,0.287168,0,0.66528,12.849,1,0.684573,0.36288,0,26.2799,5.85735,20.1008,0.84672,12.849,0.84672,3695.15,0,36.966,0.42336,0.227405,1.92918,2.63084,1.48283,2.88123,0.42336,36.966,0.42336,423.524,0,0.839592,0,0,1.067,0.227405,1.028160,1,0,22.982,0,0,0,22.982,0
42.968,2.42777,0,0,1.41965,0.0441364,0.36288,3.6288,56.909,0.726226,0,0,0.574553,0.309913,0,0.66528,12.849,1,0.702843,0.36288,0,31.6919,5.79327,25.5586,0.84672,12.849,0.84672,3695.15,0,36.966,0.42336,0.227405,2.0849,2.34348,1.46651,2.76592,0.42336,36.966,0.42336,423.524,0,0.789938,0,0,1.01734,0.227405,1.028160,1,0,28.3246,0,0,0,28.3246,0
41.2731,2.41024,0,0,1.12157,0.0434269,0.36288,3.6288,56.0275,0.991972,0,0,0.419399,0.308986,0,0.66528,12.849,1,0.720748,0.36288,0,32.7051,5.79327,26.5539,0.84672,12.849,0.84672,3695.15,0,36.966,0.42336,0.204422,2.08515,1.8569,1.46651,2.25661,0.42336,36.966,0.42336,423.524,0,0.524422,0,0,0.728844,0.204422,1.028160,1,0,28.8105,0,0,0,28.8105,0
39.8687,2.38795,0,0,1.38909,0.042577,0.36288,3.6288,55.8687,0.549364,0,0,0.69775,0.307215,0,0.66528,12.849,1,0.743409,0.36288,0,28.9842,5.79327,22.8104,0.84672,12.849,0.84672,3695.15,0,36.966,0.362461,0.271806,2.0854,2.79037,1.46651,3.3186,0.42336,36.966,0.42336,423.524,0,1.02816,0,0,1.29997,0.271806,1.028160,1,0,26.129,0,0,0,26.129,0
38.4037,2.36843,0,0,1.30714,0.040865,0.36288,3.6288,55.5012,0.66891,0,0,0.575241,0.273797,0,0.66528,12.849,1,0.763303,0.36288,0,26.143,4.91184,20.8307,0.84672,12.849,0.84672,3695.15,0,36.966,0.42336,0.204422,2.08565,3.00391,1.15997,3.71066,0.42336,36.966,0.42336,423.524,0,0.847947,0,0,1.05237,0.204422,1.028160,1,0,24.5414,0,0,0,24.5414,0
37.8892,2.27528,0,0,2.13233,0.00870195,0.36288,3.6288,55.4708,0.49154,0,0,0.722114,0.260987,0,0.66528,12.849,1,0.761258,0.36288,0,48.2049,4.79892,43.0076,0.84672,12.849,0.84672,3695.15,0,36.966,0.327385,0.310634,2.0859,3.51162,1.33544,4.24533,0.42336,36.966,0.42336,423.524,0,1.02816,0,0,1.33879,0.310634,1.028160,1,0,47.2529,0,0,0,47.2529,0
37.3186,2.26783,0,0,2.06882,0.00864979,0.36288,3.6288,55.2915,0.50352,0,0,0.585201,0.260935,0,0.66528,12.849,1,0.769069,0.36288,0,51.8195,4.79892,46.6144,0.84672,12.849,0.84672,3695.15,0,36.966,0.335548,0.216518,1.99611,3.07708,1.33544,3.61872,0.42336,36.966,0.42336,423.524,0,1.00824,0,0,1.22475,0.216518,1.028160,1,0,50.2331,0,0,0,50.2331,0
36.4456,2.25936,0,0,1.78085,0.0316157,0.36288,3.6288,55.117,0.522418,0,0,0.588236,0.240301,0,0.66528,12.849,1,0.777908,0.36288,0,57.5772,4.46289,52.6993,0.84672,12.849,0.84672,3695.15,0,36.966,0.349271,0.216518,1.99634,3.17625,1.24826,3.79159,0.42336,36.966,0.42336,423.524,0,0.975836,0,0,1.19235,0.216518,1.028160,1,0,56.4909,0,0,0,56.4909,0
35.7558,2.24585,0,0,2.03947,0.120549,0.36288,3.6288,55.0268,0.492591,0,0,0.570145,0.167797,0,0.66528,12.849,1,0.791779,0.36288,0,65.8463,4.91379,60.5036,0.84672,12.849,0.84672,3695.15,0,36.966,0.330372,0.216518,1.99658,4.75944,1.108,5.53417,0.42336,36.966,0.42336,423.524,0,1.02478,0,0,1.2413,0.216518,1.028160,1,0,66.0378,0,0,0,66.0378,0
34.9954,2.17714,0,0,1.90882,0.129239,0.36288,3.6288,55.0773,0.439519,0,0,0.718753,0.228771,0,0.66528,12.849,1,0.782365,0.36288,0,61.7629,4.96344,56.3799,0.84672,12.849,0.84672,3695.15,0,36.966,0.295261,0.428017,1.99682,2.96479,1.08861,4.00575,0.42336,36.966,0.42336,423.524,0,1.02816,0,0,1.45618,0.428017,1.028160,1,0,60.3857,0,0,0,60.3857,0
34.1522,2.16497,0,0,1.8166,0.131894,0.36288,3.6288,55.175,0.439807,0,0,0.79088,0.253284,0,0.66528,12.849,1,0.794895,0.36288,0,32.5435,4.9833,27.1282,0.84672,12.849,0.84672,3695.15,0,36.966,0.295184,0.557885,1.91666,2.3566,1.08086,3.45511,0.42336,36.966,0.42336,423.524,0,1.02816,0,0,1.58604,0.557885,1.028160,1,0,30.5833,0,0,0,30.5833,0
38.6677,2.15096,0,0,7.14245,0.113176,0.36288,3.6288,55.7813,0.440246,0,0,1.28214,0.235598,0,0.66528,12.849,1,0.809251,0.36288,0,81.7286,4.55506,76.7272,0.84672,12.849,0.84672,3695.15,0,36.966,0.294955,1.38211,1.91689,6.30563,1.10936,8.20032,0.42336,36.966,0.42336,423.524,0,1.02816,0,0,2.41027,1.38211,1.028160,1,0,84.9275,0,0,0,84.9275,0
41.3272,2.22216,0,0,5.38741,0.142889,0.36288,3.6288,56.5184,0.4423,0,0,1.37542,0.196081,0,0.66528,12.849,1,0.738408,0.36288,0,96.5123,3.66566,92.4711,0.84672,12.849,0.84672,3695.15,0,36.966,0.29311,1.44634,1.91712,6.60386,0.904739,8.76947,0.42336,36.966,0.42336,423.524,0,1.02816,0,0,2.4745,1.44634,1.028160,1,0,101.241,0,0,0,101.241,0
43.9509,2.20308,0,0,5.35356,0.163844,0.36288,3.6288,57.9624,0.390218,0,0,2.02928,0.195071,0,0.66528,12.849,1,0.684958,0.36288,0,119.083,3.73,115.03,0.84672,12.849,0.84672,3695.15,0,36.966,0.255223,1.34321,1.91734,6.00708,0.959305,8.05311,0.42336,36.966,0.42336,423.524,0,1.02816,0,0,2.37137,1.34321,1.028160,1,0,123.084,0,0,0,123.084,0
52.2616,2.27371,0,0,11.1388,0.191483,0.36288,3.6288,61.308,0.411929,0,0,5.52753,0.194274,1.5757,0.66528,12.849,1,0.664716,0.36288,0,215.772,3.81581,211.654,0.84672,12.849,0.84672,3695.15,0,36.966,0.262711,4.94638,1.83424,20.2739,1.03206,25.7598,0.42336,36.966,0.42336,423.524,0,1.02816,0,0,5.97454,4.94638,1.028160,1,0,238.99,0,0,0,238.99,0
57.6867,2.399,0,0,8.39652,0.209591,0.36288,3.6288,61.308,0.439093,0,0,3.72753,0.198471,3.08997,0.66528,12.849,1,0.589817,0.36288,0,188.764,3.81581,184.721,0.84672,12.849,0.84672,3695.15,0,36.966,0.264753,3.06047,1.86624,12.9783,1.03206,16.6082,0.42336,36.966,0.42336,423.524,0,1.02816,0,0,4.08863,3.06047,1.028160,1,0,204.42,0,0,0,204.42,0
64.1202,2.44466,0,0,9.46244,0.221334,0.36288,3.6288,61.308,0.439221,0,0,3.75354,0.198471,3.11585,0.66528,12.849,1,0.544518,0.36288,0,218.653,3.81581,214.656,0.84672,12.849,0.84672,3695.15,0,36.966,0.264831,2.99525,1.89825,10.6348,1.03206,14.2314,0.42336,36.966,0.42336,423.524,0,1.02816,0,0,4.02341,2.99525,1.028160,1,0,232.003,0,0,0,232.003,0
68.4435,2.49047,0,0,7.41018,0.233611,0.36288,3.6288,61.308,0.43935,0,0,3.34646,0.196021,2.71109,0.66528,12.849,1,0.499063,0.36288,0,181.138,3.76608,177.235,0.84672,12.849,0.84672,3695.15,0,36.966,0.264909,2.47717,1.89848,8.79215,1.01606,11.8868,0.42336,36.966,0.42336,423.524,0,1.02816,0,0,3.50533,2.47717,1.028160,1,0,191.833,0,0,0,191.833,0
72.29,2.59616,0,0,8.74368,0.269176,2.0318,3.6288,61.308,0.474424,0,0,2.79191,0.196554,2.12093,0.66528,12.849,1,0.487382,2.0318,0,188.196,4.07001,185.671,0.84672,12.849,0.84672,3695.15,0,36.966,0.286057,7.2452,1.89871,16.5796,0.974213,24.4633,0.42336,36.966,0.42336,423.524,0,1.02816,0,0,8.27336,7.2452,1.028160,1,0,212.255,0,0,0,212.255,0
72.29,2.61847,0,0,7.56605,0.277268,4.67031,3.6288,61.308,0.474549,0,0,2.74907,0.196554,2.07796,0.66528,12.849,1,0.465414,4.67031,0,165.685,4.07001,165.82,0.84672,12.849,0.84672,3695.15,0,36.966,0.286132,3.87201,1.95976,10.4862,0.974213,15.0576,0.42336,36.966,0.42336,423.524,0,1.02816,0,0,4.90017,3.87201,1.028160,1,0,182.955,0,0,0,182.955,0
72.29,2.61877,0,0,7.80857,0.276163,4.91364,3.6288,61.308,0.474673,0,0,1.46021,0.1707,0.814839,0.66528,12.849,1,0.465466,4.91364,0,148.468,3.73618,149.18,0.84672,12.849,0.84672,3695.15,0,36.966,0.286207,2.81594,1.95998,8.11408,0.903765,11.7,0.42336,36.966,0.42336,423.524,0,1.02816,0,0,3.8441,2.81594,1.028160,1,0,161.695,0,0,0,161.695,0
72.29,2.61906,0,0,6.12642,0.275722,3.23164,3.6288,61.308,0.474797,0,0,1.73787,0.160358,1.10271,0.66528,12.849,1,0.465518,3.23164,0,151.203,3.60266,150.367,0.84672,12.849,0.84672,3695.15,0,36.966,0.286282,2.9542,1.9602,7.41632,0.875586,11.1688,0.42336,36.966,0.42336,423.524,0,1.02816,0,0,3.98236,2.9542,1.028160,1,0,162.638,0,0,0,162.638,0
72.29,2.63414,0,0,7.19462,0.285237,4.27525,3.6288,61.308,0.501723,0,0,1.91062,0.202897,1.20599,0.66528,12.849,1,0.468198,4.27525,0,157.836,4.18459,157.459,0.84672,12.849,0.84672,3695.15,0,36.966,0.302517,3.64714,1.96042,8.34679,1.00617,12.6457,0.42336,36.966,0.42336,423.524,0,1.02816,0,0,4.6753,3.64714,1.028160,1,0,171.31,0,0,0,171.31,0
72.29,2.63443,0,0,6.51753,0.292374,3.59073,3.6288,61.308,0.501851,0,0,1.71237,0.234801,0.975718,0.66528,12.849,1,0.46825,3.59073,0,160.575,4.62105,159.077,0.84672,12.849,0.84672,3695.15,0,36.966,0.302594,3.87811,1.99709,7.4813,1.10411,11.9498,0.42336,36.966,0.42336,423.524,0,1.02816,0,0,4.90627,3.87811,1.028160,1,0,172.002,0,0,0,172.002,0
72.29,2.63472,0,0,6.3442,0.292374,3.41711,3.6288,61.308,0.501978,0,0,1.83518,0.234801,1.0984,0.66528,12.849,1,0.468302,3.41711,0,131.912,4.62105,130.24,0.84672,12.849,0.84672,3695.15,0,36.966,0.30267,3.4275,1.99731,6.57454,1.10411,10.5926,0.42336,36.966,0.42336,423.524,0,1.02816,0,0,4.45566,3.4275,1.028160,1,0,141.931,0,0,0,141.931,0
72.29,2.63502,0,0,5.70262,0.292374,2.77523,3.6288,61.308,0.502105,0,0,1.72711,0.234801,0.990204,0.66528,12.849,1,0.468354,2.77523,0,127.094,4.62105,124.779,0.84672,12.849,0.84672,3695.15,0,36.966,0.302747,3.12028,1.99753,5.91755,1.10411,9.62851,0.42336,36.966,0.42336,423.524,0,1.02816,0,0,4.14844,3.12028,1.028160,1,0,135.398,0,0,0,135.398,0
72.29,2.51155,0,0,3.9147,0.241015,1.16213,3.6288,61.308,0.430507,0,0,1.23003,0.272945,0.526582,0.66528,12.849,1,0.446409,1.16213,0,81.4065,4.67685,77.4454,0.84672,12.849,0.84672,3695.15,0,36.966,0.259577,1.64933,1.99776,4.35062,1.19561,6.54253,0.42336,36.966,0.42336,423.524,0,1.02816,0,0,2.67749,1.64933,1.028160,1,0,84.5145,0,0,0,84.5145,0
71.7815,2.51183,0,0,2.63506,0.26885,0.36288,3.6288,61.308,0.430626,0,0,0.90612,0.275474,0.200019,0.66528,12.849,1,0.446458,0.36288,0,50.1583,4.88043,45.1943,0.84672,12.849,0.84672,3695.15,0,36.966,0.259649,0.670948,1.88184,3.67238,1.25972,4.70579,0.42336,36.966,0.42336,423.524,0,1.02816,0,0,1.69911,0.670948,1.028160,1,0,50.1001,0,0,0,50.1001,0
71.9938,2.42538,0,0,3.3021,0.301496,0.36288,3.6288,61.308,0.394839,0,0,1.10073,0.249552,0.456337,0.66528,12.849,1,0.434147,0.36288,0,55.298,4.57821,50.6485,0.84672,12.849,0.84672,3695.15,0,36.966,0.23807,1.34849,1.88205,4.11213,1.14313,5.96146,0.42336,36.966,0.42336,423.524,0,1.02816,0,0,2.37665,1.34849,1.028160,1,0,57.0663,0,0,0,57.0663,0
72.29,2.30061,0,0,3.73494,0.301984,0.836199,3.6288,61.308,0.341088,0,0,1.63508,0.249552,1.04444,0.66528,12.849,1,0.410598,0.836199,0,91.724,4.57821,87.5714,0.84672,12.849,0.84672,3695.15,0,36.966,0.205661,2.48607,1.81922,5.88487,1.14313,8.84136,0.42336,36.966,0.42336,423.524,0,1.02816,0,0,3.51423,2.48607,1.028160,1,0,97.4572,0,0,0,97.4572,0
72.29,2.51267,0,0,5.37206,0.304613,2.55478,3.6288,61.308,0.430985,0,0,1.68685,0.244531,1.01133,0.66528,12.849,1,0.446608,2.55478,0,98.7129,4.59075,96.2303,0.84672,12.849,0.84672,3695.15,0,36.966,0.259865,2.29501,1.72485,7.08247,1.14835,9.69411,0.42336,36.966,0.42336,423.524,0,1.02816,0,0,3.32317,2.29501,1.028160,1,0,106.936,0,0,0,106.936,0
72.29,2.56115,0,0,4.82526,0.316311,1.9478,3.6288,61.308,0.455558,0,0,1.3627,0.214406,0.692737,0.66528,12.849,1,0.455225,1.9478,0,71.9703,4.66599,68.7969,0.84672,12.849,0.84672,3695.15,0,36.966,0.274681,1.51067,1.88267,6.10668,1.17967,8.04567,0.42336,36.966,0.42336,423.524,0,1.02816,0,0,2.53883,1.51067,1.028160,1,0,77.5353,0,0,0,77.5353,0
72.29,2.56143,0,0,6.06532,0.298455,3.20544,3.6288,61.308,0.45568,0,0,2.35959,0.223921,1.67999,0.66528,12.849,1,0.455275,3.20544,0,106.743,4.78233,104.711,0.84672,12.849,0.84672,3695.15,0,36.966,0.274755,3.56686,1.92381,9.25767,1.20257,13.271,0.42336,36.966,0.42336,423.524,0,1.02816,0,0,4.59502,3.56686,1.028160,1,0,119.662,0,0,0,119.662,0
72.29,2.56172,0,0,4.09037,0.27252,1.25614,3.6288,61.308,0.455802,0,0,1.31597,0.239902,0.620263,0.66528,12.849,1,0.455326,1.25614,0,84.7558,4.43285,81.1238,0.84672,12.849,0.84672,3695.15,0,36.966,0.274828,1.62476,1.92402,5.37692,1.2507,7.40017,0.42336,36.966,0.42336,423.524,0,1.02816,0,0,2.65292,1.62476,1.028160,1,0,89.1442,0,0,0,89.1442,0
72.29,2.60563,0,0,3.70557,0.242505,0.857435,3.6288,61.308,0.474612,0,0,1.1589,0.256761,0.427527,0.66528,12.849,1,0.463132,0.857435,0,76.1063,4.42102,72.0796,0.84672,12.849,0.84672,3695.15,0,36.966,0.28617,1.28728,1.92424,4.69129,1.29515,6.32149,0.42336,36.966,0.42336,423.524,0,1.02816,0,0,2.31544,1.28728,1.028160,1,0,78.8286,0,0,0,78.8286,0
72.1924,2.57001,0,0,3.08337,0.248087,0.36288,3.6288,61.308,0.457976,0,0,1.17178,0.208561,0.505246,0.66528,12.849,1,0.4568,0.36288,0,54.5748,3.59132,50.8896,0.84672,12.849,0.84672,3695.15,0,36.966,0.276139,1.57471,1.95722,4.23352,1.12174,6.36758,0.42336,36.966,0.42336,423.524,0,1.02816,0,0,2.60287,1.57471,1.028160,1,0,57.7624,0,0,0,57.7624,0
71.8533,2.48371,0,0,2.75627,0.248832,0.36288,3.6288,61.308,0.421275,0,0,1.15557,0.200528,0.533771,0.66528,12.849,1,0.442057,0.36288,0,47.9243,3.45303,44.3921,0.84672,12.849,0.84672,3695.15,0,36.966,0.25401,1.46933,1.92876,4.0834,1.09284,6.13464,0.42336,36.966,0.42336,423.524,0,1.02816,0,0,2.49749,1.46933,1.028160,1,0,51.0605,0,0,0,51.0605,0
71.8396,2.52522,0,0,3.11662,0.24213,0.36288,3.6288,61.308,0.439807,0,0,1.01894,0.203495,0.375639,0.66528,12.849,1,0.451567,0.36288,0,50.7634,3.68696,46.9877,0.84672,12.849,0.84672,3695.15,0,36.966,0.265184,1.231,1.86437,5.19795,1.10206,6.92607,0.42336,36.966,0.42336,423.524,0,1.02816,0,0,2.25916,1.231,1.028160,1,0,54.2894,0,0,0,54.2894,0
71.3456,2.56844,0,0,2.64304,0.205736,0.36288,3.6288,61.308,0.458343,0,0,0.999942,0.221299,0.3203,0.66528,12.849,1,0.459382,0.36288,0,42.414,5.0905,37.227,0.84672,12.849,0.84672,3695.15,0,36.966,0.27636,1.30622,1.89688,4.15431,1.15739,5.92366,0.42336,36.966,0.42336,423.524,0,1.02816,0,0,2.33438,1.30622,1.028160,1,0,43.471,0,0,0,43.471,0
70.6369,2.68775,0,0,2.4827,0.140768,0.36288,3.6288,61.308,0.517931,0,0,0.994818,0.238284,0.238604,0.66528,12.849,1,0.484051,0.36288,0,37.9867,4.98016,32.8854,0.84672,12.849,0.84672,3695.15,0,36.966,0.312289,1.15401,1.9294,3.79745,1.23539,5.33318,0.42336,36.966,0.42336,423.524,0,1.02816,0,0,2.18217,1.15401,1.028160,1,0,38.4572,0,0,0,38.4572,0
70.088,2.68394,0,0,2.65801,0.160102,0.36288,3.6288,61.308,0.51806,0,0,0.983733,0.228181,0.237492,0.66528,12.849,1,0.488214,0.36288,0,46.3488,4.27612,41.9474,0.84672,12.849,0.84672,3695.15,0,36.966,0.312367,1.0962,2.03018,3.48225,1.10276,5.19351,0.42336,36.966,0.42336,423.524,0,1.02816,0,0,2.12436,1.0962,1.028160,1,0,47.3784,0,0,0,47.3784,0
69.2113,2.68101,0,0,2.31948,0.152349,0.36288,3.6288,61.308,0.518189,0,0,0.914363,0.232903,0.163271,0.66528,12.849,1,0.4915,0.36288,0,41.4264,4.32968,36.9681,0.84672,12.849,0.84672,3695.15,0,36.966,0.312445,0.955921,2.03041,3.36804,1.11644,4.92548,0.42336,36.966,0.42336,423.524,0,1.02816,0,0,1.98408,0.955921,1.028160,1,0,42.0568,0,0,0,42.0568,0
68.2476,2.67606,0,0,2.1844,0.109139,0.36288,3.6288,61.308,0.518318,0,0,0.876277,0.261233,0.0967268,0.66528,12.849,1,0.496807,0.36288,0,37.1479,4.65097,32.363,0.84672,12.849,0.84672,3695.15,0,36.966,0.312523,0.865953,2.03063,3.18534,1.19853,4.57088,0.42336,36.966,0.42336,423.524,0,1.02816,0,0,1.89411,0.865953,1.028160,1,0,37.0306,0,0,0,37.0306,0
67.1679,2.67045,0,0,2.06116,0.107509,0.36288,3.6288,61.308,0.518447,0,0,0.864855,0.265631,0.0807776,0.66528,12.849,1,0.502766,0.36288,0,37.2737,4.7955,32.3383,0.84672,12.849,0.84672,3695.15,0,36.966,0.3126,0.784279,2.03086,3.5393,1.21458,4.82726,0.42336,36.966,0.42336,423.524,0,1.02816,0,0,1.81244,0.784279,1.028160,1,0,37.2463,0,0,0,37.2463,0
66.2567,2.41906,0,0,1.97249,0.101764,0.36288,3.6288,61.308,0.451418,0,0,0.994101,0.292019,0.250664,0.66528,12.849,1,0.462758,0.36288,0,35.3555,5.66265,29.593,0.84672,12.849,0.84672,3695.15,0,36.966,0.272185,1.0684,2.03108,4.11076,1.31085,5.6272,0.42336,36.966,0.42336,423.524,0,1.02816,0,0,2.09656,1.0684,1.028160,1,0,35.4708,0,0,0,35.4708,0
65.2005,2.414,0,0,1.8217,0.101032,0.36288,3.6288,61.308,0.45154,0,0,0.948707,0.292019,0.205147,0.66528,12.849,1,0.46814,0.36288,0,32.0484,5.66265,26.2804,0.84672,12.849,0.84672,3695.15,0,36.966,0.272259,0.95205,1.89346,4.09387,1.31085,5.35627,0.42336,36.966,0.42336,423.524,0,1.02816,0,0,1.98021,0.95205,1.028160,1,0,31.8419,0,0,0,31.8419,0
64.0926,2.40793,0,0,1.76309,0.100184,0.36288,3.6288,61.308,0.451662,0,0,0.89386,0.292019,0.150179,0.66528,12.849,1,0.474528,0.36288,0,28.9805,5.66265,23.2062,0.84672,12.849,0.84672,3695.15,0,36.966,0.272332,0.731402,1.89368,3.99542,1.31085,5.03731,0.42336,36.966,0.42336,423.524,0,1.02816,0,0,1.75956,0.731402,1.028160,1,0,28.3937,0,0,0,28.3937,0
62.9353,2.40136,0,0,1.69163,0.0846879,0.36288,3.6288,61.308,0.451783,0,0,0.852647,0.305346,0.0955174,0.66528,12.849,1,0.481415,0.36288,0,26.4718,5.77654,20.5768,0.84672,12.849,0.84672,3695.15,0,36.966,0.272405,0.637606,1.89389,3.91174,1.37832,4.79251,0.42336,36.966,0.42336,423.524,0,1.02816,0,0,1.66577,0.637606,1.028160,1,0,25.4648,0,0,0,25.4648,0
61.9223,2.45016,0,0,1.86658,0.0665606,0.36288,3.6288,61.308,0.478621,0,0,1.11792,0.316352,0.322948,0.66528,12.849,1,0.500229,0.36288,0,29.531,5.84575,23.5479,0.84672,12.849,0.84672,3695.15,0,36.966,0.288587,0.667138,1.8941,3.71732,1.41817,4.5718,0.42336,36.966,0.42336,423.524,0,1.02816,0,0,1.6953,0.667138,1.028160,1,0,28.4426,0,0,0,28.4426,0
60.7618,2.44365,0,0,1.71283,0.0667864,0.36288,3.6288,61.308,0.478746,0,0,0.909369,0.313647,0.116977,0.66528,12.849,1,0.507063,0.36288,0,29.4411,5.81269,23.4842,0.84672,12.849,0.84672,3695.15,0,36.966,0.288662,0.651033,1.94,3.60737,1.39812,4.51162,0.42336,36.966,0.42336,423.524,0,1.02816,0,0,1.67919,0.651033,1.028160,1,0,28.1128,0,0,0,28.1128,0
59.4996,2.43593,0,0,1.60282,0.0661481,0.36288,3.6288,61.308,0.47887,0,0,0.841743,0.313647,0.0492265,0.66528,12.849,1,0.515114,0.36288,0,26.578,5.81269,20.6131,0.84672,12.849,0.84672,3695.15,0,36.966,0.288737,0.578975,1.94022,3.21953,1.39812,4.05187,0.42336,36.966,0.42336,423.524,0,1.02816,0,0,1.60714,0.578975,1.028160,1,0,24.7142,0,0,0,24.7142,0
58.1156,2.42721,0,0,1.47145,0.0653904,0.36288,3.6288,61.308,0.478995,0,0,0.832516,0.313647,0.0398743,0.66528,12.849,1,0.524159,0.36288,0,24.2954,5.81269,18.3214,0.84672,12.849,0.84672,3695.15,0,36.966,0.288813,0.446964,1.94044,3.14884,1.39812,3.8493,0.42336,36.966,0.42336,423.524,0,1.02816,0,0,1.47512,0.446964,1.028160,1,0,22.2106,0,0,0,22.2106,0
56.811,2.5787,0,0,1.69291,0.0558911,0.36288,3.6288,61.308,0.575593,0,0,0.990628,0.301235,0.1138,0.66528,12.849,1,0.570134,0.36288,0,25.0867,5.90856,18.9709,0.84672,12.849,0.84672,3695.15,0,36.966,0.347057,0.858384,1.94065,4.3575,1.42283,5.38665,0.42336,36.966,0.42336,423.524,0,1.02816,0,0,1.88654,0.858384,1.028160,1,0,24.4713,0,0,0,24.4713,0
55.1765,2.5683,0,0,1.36136,0.0647389,0.36288,3.6288,61.308,0.575728,0,0,0.883328,0.291875,0.0157248,0.66528,12.849,1,0.580876,0.36288,0,23.7891,5.65299,17.9181,0.84672,12.849,0.84672,3695.15,0,36.966,0.347139,0.487564,2.09729,2.92731,1.35552,3.8095,0.42336,36.966,0.42336,423.524,0,1.02816,0,0,1.51572,0.487564,1.028160,1,0,21.7434,0,0,0,21.7434,0
53.6162,2.55463,0,0,1.42093,0.0636951,0.36288,3.6288,61.308,0.575864,0,0,0.884727,0.291875,0.016989,0.66528,12.849,1,0.594899,0.36288,0,23.7412,5.65299,17.8562,0.84672,12.849,0.84672,3695.15,0,36.966,0.34722,0.618028,2.09752,3.28386,1.35552,4.29666,0.42336,36.966,0.42336,423.524,0,1.02816,0,0,1.64619,0.618028,1.028160,1,0,22.1698,0,0,0,22.1698,0
52.2971,2.54095,0,0,1.64747,0.0626987,0.36288,3.6288,61.308,0.575999,0,0,0.924903,0.291875,0.0570295,0.66528,12.849,1,0.608933,0.36288,0,22.6527,5.65299,16.7537,0.84672,12.849,0.84672,3695.15,0,36.966,0.347302,0.562447,2.09775,4.09726,1.35552,5.05464,0.42336,36.966,0.42336,423.524,0,1.02816,0,0,1.59061,0.562447,1.028160,1,0,21.8653,0,0,0,21.8653,0
50.5509,2.5289,0,0,1.21374,0.0681787,0.36288,3.6288,61.2401,0.576135,0,0,0.800254,0.291996,0,0.66528,12.849,1,0.621331,0.36288,0,22.0264,5.68629,16.0816,0.84672,12.849,0.84672,3695.15,0,36.966,0.347384,0.498597,2.09799,2.79833,1.349,3.69853,0.42336,36.966,0.42336,423.524,0,1.02816,0,0,1.52676,0.498597,1.028160,1,0,19.7802,0,0,0,19.7802,0
48.8499,2.43542,0,0,1.12749,0.0301982,0.36288,3.6288,61.308,0.517466,0,0,0.90714,0.285839,0.0359576,0.66528,12.849,1,0.619034,0.36288,0,18.5207,5.33946,12.9251,0.84672,12.849,0.84672,3695.15,0,36.966,0.312355,0.747939,2.09822,3.26837,1.36919,4.43299,0.42336,36.966,0.42336,423.524,0,1.02816,0,0,1.7761,0.747939,1.028160,1,0,17.394,0,0,0,17.394,0
46.9705,2.41862,0,0,0.931703,0.0296561,0.36288,3.6288,61.3034,0.517811,0,0,0.799174,0.285962,0,0.66528,12.849,1,0.636171,0.36288,0,17.1002,5.33946,11.4874,0.84672,12.849,0.84672,3695.15,0,36.966,0.312217,0.551094,2.00788,3.02678,1.36919,3.90435,0.42336,36.966,0.42336,423.524,0,1.02816,0,0,1.57925,0.551094,1.028160,1,0,15.3918,0,0,0,15.3918,0
45.8337,2.3989,0,0,1.73191,0.1069,0.36288,3.6288,61.308,0.517925,0,0,1.24329,0.210149,0.510614,0.66528,12.849,1,0.656232,0.36288,0,30.1931,4.30131,25.5984,0.84672,12.849,0.84672,3695.15,0,36.966,0.312309,0.944922,2.0081,5.25525,1.0447,6.85127,0.42336,36.966,0.42336,423.524,0,1.02816,0,0,1.97308,0.944922,1.028160,1,0,32.9603,0,0,0,32.9603,0
46.3977,2.38646,0,0,3.44966,0.136307,0.36288,3.6288,61.308,0.518069,0,0,1.89353,0.179833,1.19562,0.66528,12.849,1,0.669018,0.36288,0,60.514,3.88605,56.3219,0.84672,12.849,0.84672,3695.15,0,36.966,0.312373,1.70636,2.00833,7.50824,0.914901,9.99565,0.42336,36.966,0.42336,423.524,0,1.02816,0,0,2.73452,1.70636,1.028160,1,0,67.5131,0,0,0,67.5131,0
45.3577,2.33127,0,0,1.79359,0.139442,0.36288,3.6288,61.308,0.464844,0,0,1.0272,0.213924,0.348433,0.66528,12.849,1,0.645603,0.36288,0,50.6534,3.58371,46.7869,0.84672,12.849,0.84672,3695.15,0,36.966,0.280281,1.01041,2.00855,4.2278,0.86171,6.10478,0.42336,36.966,0.42336,423.524,0,1.02816,0,0,2.03857,1.01041,1.028160,1,0,53.2402,0,0,0,53.2402,0
44.5534,2.31999,0,0,2.01812,0.139519,0.36288,3.6288,61.308,0.464968,0,0,1.12387,0.239493,0.419405,0.66528,12.849,1,0.657212,0.36288,0,85.3096,3.35696,81.6583,0.84672,12.849,0.84672,3695.15,0,36.966,0.280355,1.7418,1.92791,6.19402,0.821816,8.76156,0.42336,36.966,0.42336,423.524,0,1.02816,0,0,2.76996,1.7418,1.028160,1,0,90.8393,0,0,0,90.8393,0
44.1547,2.31104,0,0,2.41344,0.138258,0.36288,3.6288,61.308,0.465091,0,0,1.1071,0.239493,0.40252,0.66528,12.849,1,0.666494,0.36288,0,47.1785,3.35696,43.518,0.84672,12.849,0.84672,3695.15,0,36.966,0.280429,1.4551,1.92812,6.90799,0.821816,9.18896,0.42336,36.966,0.42336,423.524,0,1.02816,0,0,2.48326,1.4551,1.028160,1,0,53.1095,0,0,0,53.1095,0
44.0649,2.30664,0,0,2.74222,0.162459,0.36288,3.6288,61.308,0.465214,0,0,1.06798,0.232249,0.370519,0.66528,12.849,1,0.671231,0.36288,0,47.4871,3.34816,43.8306,0.84672,12.849,0.84672,3695.15,0,36.966,0.280503,1.19267,1.92834,4.64011,0.811802,6.66882,0.42336,36.966,0.42336,423.524,0,1.02816,0,0,2.22083,1.19267,1.028160,1,0,50.8699,0,0,0,50.8699,0
42.9267,2.28804,0,0,1.68988,0.177198,0.36288,3.6288,61.308,0.426945,0,0,0.701711,0.242372,0.032394,0.66528,12.849,1,0.667177,0.36288,0,51.2854,3.79539,47.1857,0.84672,12.849,0.84672,3695.15,0,36.966,0.257429,0.442613,1.92855,3.55682,1.02937,4.64119,0.42336,36.966,0.42336,423.524,0,1.02816,0,0,1.47077,0.442613,1.028160,1,0,51.8593,0,0,0,51.8593,0
41.8205,2.23594,0,0,1.68369,0.191062,0.36288,3.6288,61.308,0.408868,0,0,0.692769,0.243049,0.0408521,0.66528,12.849,1,0.669273,0.36288,0,60.219,4.35782,55.5548,0.84672,12.849,0.84672,3695.15,0,36.966,0.246529,0.487082,1.87691,4.40307,0.988749,5.53179,0.42336,36.966,0.42336,423.524,0,1.02816,0,0,1.51524,0.487082,1.028160,1,0,61.1274,0,0,0,61.1274,0
42.9925,2.22265,0,0,3.94617,0.18862,0.36288,3.6288,61.308,0.408985,0,0,1.91963,0.243049,1.26759,0.66528,12.849,1,0.682891,0.36288,0,127.593,4.35782,122.915,0.84672,12.849,0.84672,3695.15,0,36.966,0.246599,2.82069,1.84515,6.15387,0.988749,9.58437,0.42336,36.966,0.42336,423.524,0,1.02816,0,0,3.84885,2.82069,1.028160,1,0,133.767,0,0,0,133.767,0
43.7034,2.12095,0,0,3.37755,0.18277,0.36288,3.6288,61.308,0.3545,0,0,0.662589,0.238603,0.0694867,0.66528,12.849,1,0.633879,0.36288,0,75.8091,4.13012,71.408,0.84672,12.849,0.84672,3695.15,0,36.966,0.213748,0.785989,1.84536,4.45683,0.95101,5.92342,0.42336,36.966,0.42336,423.524,0,1.02816,0,0,1.81415,0.785989,1.028160,1,0,77.4009,0,0,0,77.4009,0
44.0394,2.12915,0,0,3.00096,0.172927,0.36288,3.6288,61.308,0.354611,0,0,1.14528,0.232675,0.557998,0.66528,12.849,1,0.62598,0.36288,0,59.0137,3.82652,54.9241,0.84672,12.849,0.84672,3695.15,0,36.966,0.213814,1.00479,1.74964,4.12679,0.900691,5.76671,0.42336,36.966,0.42336,423.524,0,1.02816,0,0,2.03295,1.00479,1.028160,1,0,61.2488,0,0,0,61.2488,0
49.3158,2.1999,0,0,8.08019,0.241029,0.36288,3.6288,61.308,0.386927,0,0,2.58735,0.232982,1.96744,0.66528,12.849,1,0.641847,0.36288,0,171.012,4.2731,166.46,0.84672,12.849,0.84672,3695.15,0,36.966,0.2333,3.2462,1.74983,12.4882,1.23204,16.0189,0.42336,36.966,0.42336,423.524,0,1.02816,0,0,4.27436,3.2462,1.028160,1,0,184.447,0,0,0,184.447,0
56.7819,2.25462,0,0,10.3511,0.267449,0.36288,3.6288,61.308,0.387034,0,0,2.68492,0.233034,2.06486,0.66528,12.849,1,0.58743,0.36288,0,213.691,4.34753,209.119,0.84672,12.849,0.84672,3695.15,0,36.966,0.233364,4.63819,1.80609,13.5746,1.28727,18.4982,0.42336,36.966,0.42336,423.524,0,1.02816,0,0,5.66635,4.63819,1.028160,1,0,229.682,0,0,0,229.682,0
61.3024,2.48728,0,0,7.647,0.276349,0.36288,3.6288,61.308,0.462329,0,0,3.25035,0.212949,2.57507,0.66528,12.849,1,0.562838,0.36288,0,186.365,3.84343,182.321,0.84672,12.849,0.84672,3695.15,0,36.966,0.278764,3.28176,1.80628,11.1369,1.14417,14.802,0.42336,36.966,0.42336,423.524,0,1.02816,0,0,4.30992,3.28176,1.028160,1,0,199.698,0,0,0,199.698,0
66.9625,2.5648,0,0,8.85885,0.271124,0.36288,3.6288,61.308,0.481242,0,0,2.98078,0.186169,2.31337,0.66528,12.849,1,0.537583,0.36288,0,186.662,3.17131,183.316,0.84672,12.849,0.84672,3695.15,0,36.966,0.290168,3.55709,1.93852,11.9222,0.953374,16.1742,0.42336,36.966,0.42336,423.524,0,1.02816,0,0,4.58525,3.55709,1.028160,1,0,201.804,0,0,0,201.804,0
72.29,2.61789,0,0,9.77466,0.300457,1.52879,3.6288,61.308,0.508315,0,0,3.56284,0.209274,2.84525,0.66528,12.849,1,0.502331,1.52879,0,205.928,3.69394,203.261,0.84672,12.849,0.84672,3695.15,0,36.966,0.306491,4.00638,1.97173,11.8104,1.08362,16.3984,0.42336,36.966,0.42336,423.524,0,1.02816,0,0,5.03454,4.00638,1.028160,1,0,222.504,0,0,0,222.504,0
72.29,2.6496,0,0,8.20817,0.336223,5.22235,3.6288,61.308,0.508434,0,0,3.12459,0.240082,2.37607,0.66528,12.849,1,0.470946,5.22235,0,158.06,4.39078,158.421,0.84672,12.849,0.84672,3695.15,0,36.966,0.306563,2.85641,2.00861,9.52154,1.25727,12.8227,0.42336,36.966,0.42336,423.524,0,1.02816,0,0,3.88457,2.85641,1.028160,1,0,173.62,0,0,0,173.62,0
72.29,2.64988,0,0,8.22027,0.336223,5.23417,3.6288,61.308,0.508554,0,0,2.68311,0.240082,1.93447,0.66528,12.849,1,0.470995,5.23417,0,159.126,4.39078,159.499,0.84672,12.849,0.84672,3695.15,0,36.966,0.306635,3.34188,2.00881,11.9472,1.25727,15.734,0.42336,36.966,0.42336,423.524,0,1.02816,0,0,4.37004,3.34188,1.028160,1,0,177.167,0,0,0,177.167,0
72.29,2.65015,0,0,6.7405,0.345004,3.74534,3.6288,61.308,0.508673,0,0,2.48091,0.194346,1.77789,0.66528,12.849,1,0.471044,3.74534,0,172.741,3.92856,172.087,0.84672,12.849,0.84672,3695.15,0,36.966,0.306707,2.23849,2.00902,11.835,1.13472,14.6411,0.42336,36.966,0.42336,423.524,0,1.02816,0,0,3.26665,2.23849,1.028160,1,0,188.506,0,0,0,188.506,0
72.29,2.52595,0,0,9.035,0.337663,6.17139,3.6288,61.308,0.436655,0,0,3.4309,0.173014,2.82123,0.66528,12.849,1,0.448969,6.17139,0,262.793,4.2933,264.222,0.84672,12.849,0.84672,3695.15,0,36.966,0.263284,2.9903,2.00923,15.9649,1.09339,19.6078,0.42336,36.966,0.42336,423.524,0,1.02816,0,0,4.01846,2.9903,1.028160,1,0,286.651,0,0,0,286.651,0
72.29,2.52622,0,0,10.963,0.315577,8.12116,3.6288,61.308,0.436767,0,0,3.88199,0.212265,3.23295,0.66528,12.849,1,0.449016,8.12116,0,217.79,4.59894,220.863,0.84672,12.849,0.84672,3695.15,0,36.966,0.263351,4.07173,1.89263,19.7484,1.10447,24.3449,0.42336,36.966,0.42336,423.524,0,1.02816,0,0,5.09989,4.07173,1.028160,1,0,248.441,0,0,0,248.441,0
72.29,2.52648,0,0,9.52111,0.312532,6.6821,3.6288,61.308,0.436879,0,0,2.75616,0.229584,2.0897,0.66528,12.849,1,0.449062,6.6821,0,153.672,4.42806,155.477,0.84672,12.849,0.84672,3695.15,0,36.966,0.263419,3.16487,1.89283,15.767,1.10479,19.4565,0.42336,36.966,0.42336,423.524,0,1.02816,0,0,4.19303,3.16487,1.028160,1,0,177.023,0,0,0,177.023,0
72.29,2.52674,0,0,8.29958,0.312532,5.46031,3.6288,61.308,0.436991,0,0,2.37395,0.229584,1.70738,0.66528,12.849,1,0.449109,5.46031,0,124.032,4.42806,124.616,0.84672,12.849,0.84672,3695.15,0,36.966,0.263486,2.80041,1.89302,14.2786,1.10479,17.6038,0.42336,36.966,0.42336,423.524,0,1.02816,0,0,3.82857,2.80041,1.028160,1,0,143.927,0,0,0,143.927,0
72.29,2.48469,0,0,7.41977,0.312532,4.62255,3.6288,61.308,0.419043,0,0,1.99623,0.229584,1.3476,0.66528,12.849,1,0.441634,4.62255,0,137.616,4.42806,137.369,0.84672,12.849,0.84672,3695.15,0,36.966,0.252664,2.46556,1.89322,12.9286,1.10479,15.93,0.42336,36.966,0.42336,423.524,0,1.02816,0,0,3.49372,2.46556,1.028160,1,0,154.647,0,0,0,154.647,0
72.29,2.53187,0,0,7.85989,0.327137,5.00088,3.6288,61.308,0.44302,0,0,2.59912,0.178472,1.97763,0.66528,12.849,1,0.450021,5.00088,0,145.842,3.74577,146.647,0.84672,12.849,0.84672,3695.15,0,36.966,0.267121,2.68377,1.86171,9.64233,0.750657,13.17,0.42336,36.966,0.42336,423.524,0,1.02816,0,0,3.71193,2.68377,1.028160,1,0,161.795,0,0,0,161.795,0
72.29,2.53214,0,0,5.90948,0.327137,3.05021,3.6288,61.308,0.443132,0,0,1.60032,0.178472,0.978714,0.66528,12.849,1,0.450068,3.05021,0,90.7675,3.74577,89.6219,0.84672,12.849,0.84672,3695.15,0,36.966,0.267189,1.661,1.90182,7.84279,0.750657,10.3878,0.42336,36.966,0.42336,423.524,0,1.02816,0,0,2.68916,1.661,1.028160,1,0,100.988,0,0,0,100.988,0
72.29,2.57627,0,0,5.57491,0.327137,2.6715,3.6288,61.308,0.462037,0,0,1.7362,0.178472,1.09569,0.66528,12.849,1,0.457913,2.6715,0,104.747,3.74577,103.215,0.84672,12.849,0.84672,3695.15,0,36.966,0.278588,1.67759,1.90202,7.88867,0.750657,10.439,0.42336,36.966,0.42336,423.524,0,1.02816,0,0,2.70575,1.67759,1.028160,1,0,114.75,0,0,0,114.75,0
72.29,2.57654,0,0,4.97839,0.273569,2.12828,3.6288,61.308,0.462151,0,0,1.63568,0.207018,0.966512,0.66528,12.849,1,0.457961,2.12828,0,96.692,4.09479,94.2675,0.84672,12.849,0.84672,3695.15,0,36.966,0.278657,1.62879,1.93517,8.1394,0.819359,10.6053,0.42336,36.966,0.42336,423.524,0,1.02816,0,0,2.65695,1.62879,1.028160,1,0,105.839,0,0,0,105.839,0
72.29,2.58457,0,0,5.71336,0.267823,2.86097,3.6288,61.308,0.464206,0,0,1.40411,0.206255,0.733651,0.66528,12.849,1,0.459388,2.86097,0,104.784,4.37646,102.809,0.84672,12.849,0.84672,3695.15,0,36.966,0.279895,1.6422,1.93537,9.71611,0.924876,12.0889,0.42336,36.966,0.42336,423.524,0,1.02816,0,0,2.67036,1.6422,1.028160,1,0,115.632,0,0,0,115.632,0
72.29,2.58484,0,0,4.65506,0.269096,1.80112,3.6288,61.308,0.46432,0,0,0.951048,0.204047,0.282681,0.66528,12.849,1,0.459436,1.80112,0,76.756,4.46586,73.6319,0.84672,12.849,0.84672,3695.15,0,36.966,0.279965,0.878256,1.93969,5.16721,0.962503,6.74269,0.42336,36.966,0.42336,423.524,0,1.02816,0,0,1.90642,0.878256,1.028160,1,0,80.6572,0,0,0,80.6572,0
72.29,2.58511,0,0,3.97307,0.269096,1.11887,3.6288,61.308,0.464435,0,0,0.898448,0.204047,0.229966,0.66528,12.849,1,0.459483,1.11887,0,67.3073,4.46586,63.5008,0.84672,12.849,0.84672,3695.15,0,36.966,0.280034,0.677929,1.93989,4.39506,0.962503,5.77034,0.42336,36.966,0.42336,423.524,0,1.02816,0,0,1.70609,0.677929,1.028160,1,0,69.5012,0,0,0,69.5012,0
72.29,2.58538,0,0,3.53452,0.269096,0.680048,3.6288,61.308,0.46455,0,0,0.803917,0.204047,0.135321,0.66528,12.849,1,0.459531,0.680048,0,57.7134,4.46586,53.468,0.84672,12.849,0.84672,3695.15,0,36.966,0.280103,0.464521,1.94009,3.75797,0.962503,4.91997,0.42336,36.966,0.42336,423.524,0,1.02816,0,0,1.49268,0.464521,1.028160,1,0,58.5233,0,0,0,58.5233,0
72.29,2.7083,0,0,3.33703,0.263043,0.365685,3.6288,61.299,0.558816,0,0,0.741061,0.191249,0,0.66528,12.849,1,0.48138,0.365685,0,51.7946,4.34649,47.3325,0.84672,12.849,0.84672,3695.15,0,36.966,0.336941,0.402797,1.94029,3.58702,0.94055,4.65261,0.42336,36.966,0.42336,423.524,0,0.973097,0,0,1.37589,0.402797,1.028160,1,0,51.9851,0,0,0,51.9851,0
72.29,2.70858,0,0,3.5921,0.215524,0.667992,3.6288,61.308,0.524557,0,0,0.878498,0.196049,0.14889,0.66528,12.849,1,0.48143,0.667992,0,53.5286,4.68763,49.0275,0.84672,12.849,0.84672,3695.15,0,36.966,0.316331,0.658187,2.04162,4.18338,1.03599,5.53086,0.42336,36.966,0.42336,423.524,0,1.02816,0,0,1.68635,0.658187,1.028160,1,0,54.7073,0,0,0,54.7073,0
72.29,2.70886,0,0,3.26556,0.15218,0.404516,3.6288,61.308,0.524707,0,0,0.745451,0.218589,0.00215528,0.66528,12.849,1,0.48148,0.404516,0,50.6828,4.98992,45.616,0.84672,12.849,0.84672,3695.15,0,36.966,0.316375,0.472115,2.04183,3.74258,1.09681,4.84335,0.42336,36.966,0.42336,423.524,0,1.02816,0,0,1.50028,0.472115,1.028160,1,0,50.4615,0,0,0,50.4615,0
72.0675,2.70914,0,0,3.00175,0.15218,0.36288,3.6288,61.1346,0.555734,0,0,0.600961,0.218589,0,0.66528,12.849,1,0.48153,0.36288,0,46.4694,4.98992,41.3608,0.84672,12.849,0.84672,3695.15,0,36.966,0.335083,0.30119,2.04205,3.39123,1.09681,4.30257,0.42336,36.966,0.42336,423.524,0,0.978618,0,0,1.27981,0.30119,1.028160,1,0,45.6634,0,0,0,45.6634,0
71.7729,2.70816,0,0,2.93269,0.15626,0.36288,3.6288,60.7965,0.591709,0,0,0.498493,0.2449,0,0.66528,12.849,1,0.482841,0.36288,0,42.1752,5.44635,36.6089,0.84672,12.849,0.84672,3695.15,0,36.966,0.357786,0.30119,2.04226,3.26388,1.18926,4.06028,0.42336,36.966,0.42336,423.524,0,0.920134,0,0,1.22132,0.30119,1.028160,1,0,40.6692,0,0,0,40.6692,0
71.0367,2.45792,0,0,2.21298,0.128449,0.36288,3.6288,60.8028,0.456093,0,0,0.69025,0.227876,0,0.66528,12.849,1,0.440025,0.36288,0,37.2884,4.86108,32.3502,0.84672,12.849,0.84672,3695.15,0,36.966,0.277317,0.560131,2.04247,3.06297,1.21535,4.1729,0.42336,36.966,0.42336,423.524,0,1.02816,0,0,1.58829,0.560131,1.028160,1,0,36.5231,0,0,0,36.5231,0
70.164,2.45432,0,0,2.07226,0.127728,0.36288,3.6288,60.7749,0.456224,0,0,0.656199,0.227885,0,0.66528,12.849,1,0.443933,0.36288,0,37.2395,4.86108,32.2974,0.84672,12.849,0.84672,3695.15,0,36.966,0.277368,0.464279,1.90406,3.14772,1.21535,4.02335,0.42336,36.966,0.42336,423.524,0,1.02816,0,0,1.49244,0.464279,1.028160,1,0,36.3207,0,0,0,36.3207,0
69.109,2.4499,0,0,1.88463,0.126875,0.36288,3.6288,60.7307,0.456259,0,0,0.639875,0.227844,0,0.66528,12.849,1,0.448646,0.36288,0,36.5107,4.86108,31.5638,0.84672,12.849,0.84672,3695.15,0,36.966,0.277517,0.444951,1.90426,3.01609,1.21535,3.87243,0.42336,36.966,0.42336,423.524,0,1.02816,0,0,1.47311,0.444951,1.028160,1,0,35.4362,0,0,0,35.4362,0
67.8864,2.44438,0,0,1.71056,0.125842,0.36288,3.6288,60.6469,0.456246,0,0,0.600297,0.227781,0,0.66528,12.849,1,0.454469,0.36288,0,32.534,4.86108,27.5813,0.84672,12.849,0.84672,3695.15,0,36.966,0.277712,0.278839,1.90446,2.91764,1.21535,3.60788,0.42336,36.966,0.42336,423.524,0,1.02816,0,0,1.307,0.278839,1.028160,1,0,31.1892,0,0,0,31.1892,0
66.5697,2.49464,0,0,1.62932,0.08855,0.36288,3.6288,60.4429,0.535285,0,0,0.636407,0.305155,0,0.66528,12.849,1,0.472166,0.36288,0,28.3311,5.98911,22.2327,0.84672,12.849,0.84672,3695.15,0,36.966,0.326271,0.261274,1.90466,2.58187,1.51347,2.90807,0.42336,36.966,0.42336,423.524,0,0.943808,0,0,1.20508,0.261274,1.028160,1,0,25.1407,0,0,0,25.1407,0
65.2022,2.48707,0,0,1.56719,0.0847491,0.36288,3.6288,60.133,0.568927,0,0,0.564525,0.305534,0,0.66528,12.849,1,0.480045,0.36288,0,34.1561,6.0941,27.9448,0.84672,12.849,0.84672,3695.15,0,36.966,0.347948,0.261274,1.9508,2.5445,1.46656,2.94206,0.42336,36.966,0.42336,423.524,0,0.888676,0,0,1.14995,0.261274,1.028160,1,0,30.8869,0,0,0,30.8869,0
63.744,2.47892,0,0,1.46743,0.0838298,0.36288,3.6288,59.7719,0.581143,0,0,0.524987,0.304932,0,0.66528,12.849,1,0.488506,0.36288,0,27.4241,6.0941,21.2043,0.84672,12.849,0.84672,3695.15,0,36.966,0.357251,0.261274,1.95101,2.29365,1.46656,2.68212,0.42336,36.966,0.42336,423.524,0,0.867344,0,0,1.12862,0.261274,1.028160,1,0,23.8864,0,0,0,23.8864,0
62.1644,2.46988,0,0,1.33607,0.0828496,0.36288,3.6288,59.2997,0.666307,0,0,0.498405,0.304231,0,0.66528,12.849,1,0.497858,0.36288,0,24.9933,6.0941,18.7642,0.84672,12.849,0.84672,3695.15,0,36.966,0.412078,0.227405,1.95121,2.13947,1.46656,2.43944,0.42336,36.966,0.42336,423.524,0,0.72754,0,0,0.954945,0.227405,1.028160,1,0,21.2036,0,0,0,21.2036,0
60.6383,2.62392,0,0,1.53075,0.0700958,0.36288,3.6288,59.0315,0.575006,0,0,0.605105,0.298314,0,0.66528,12.849,1,0.542347,0.36288,0,25.3613,6.33603,18.8458,0.84672,12.849,0.84672,3695.15,0,36.966,0.358445,0.315144,1.95141,3.22482,1.50868,3.62425,0.42336,36.966,0.42336,423.524,0,1.02816,0,0,1.3433,0.315144,1.028160,1,0,22.47,0,0,0,22.47,0
58.7989,2.61292,0,0,1.2004,0.0639518,0.36288,3.6288,58.529,0.655206,0,0,0.463262,0.310563,0,0.66528,12.849,1,0.553668,0.36288,0,21.3811,6.79718,14.3932,0.84672,12.849,0.84672,3695.15,0,36.966,0.410295,0.227405,2.1089,2.37568,1.50322,2.79847,0.42336,36.966,0.42336,423.524,0,0.896314,0,0,1.12372,0.227405,1.028160,1,0,17.1917,0,0,0,17.1917,0
57.0525,2.59898,0,0,1.27825,0.0628582,0.36288,3.6288,58.2169,0.572363,0,0,0.569836,0.309562,0,0.66528,12.849,1,0.56794,0.36288,0,27.2083,6.79718,20.2061,0.84672,12.849,0.84672,3695.15,0,36.966,0.361495,0.356823,2.10912,2.65353,1.50322,3.25475,0.42336,36.966,0.42336,423.524,0,1.02816,0,0,1.38498,0.356823,1.028160,1,0,23.4608,0,0,0,23.4608,0
55.0944,2.58506,0,0,1.05162,0.0617961,0.36288,3.6288,57.5263,0.796729,0,0,0.415001,0.308941,0,0.66528,12.849,1,0.582191,0.36288,0,24.9272,6.79718,17.9107,0.84672,12.849,0.84672,3695.15,0,36.966,0.42336,0.204422,2.10934,2.17337,1.50322,2.56055,0.42336,36.966,0.42336,423.524,0,0.742133,0,0,0.946555,0.204422,1.028160,1,0,20.4712,0,0,0,20.4712,0
53.4128,2.56855,0,0,1.31049,0.0606053,0.36288,3.6288,57.3688,0.568774,0,0,0.718898,0.307565,0,0.66528,12.849,1,0.599031,0.36288,0,24.298,6.79718,17.2647,0.84672,12.849,0.84672,3695.15,0,36.966,0.365491,0.842409,2.10955,3.38971,1.50322,4.47297,0.42336,36.966,0.42336,423.524,0,1.02816,0,0,1.87057,0.842409,1.028160,1,0,21.7377,0,0,0,21.7377,0
51.8462,2.4757,0,0,1.33066,0.0587231,0.36288,3.6288,57.0414,0.524564,0,0,0.475596,0.278486,0,0.66528,12.849,1,0.595554,0.36288,0,23.2696,6.1284,16.9085,0.84672,12.849,0.84672,3695.15,0,36.966,0.338007,0.204422,2.10977,2.94282,1.3512,3.56781,0.42336,36.966,0.42336,423.524,0,1.00563,0,0,1.21005,0.204422,1.028160,1,0,20.4763,0,0,0,20.4763,0
51.1741,2.46153,0,0,2.2087,0.0564063,0.36288,3.6288,56.9321,0.509832,0,0,0.681509,0.280938,0,0.66528,12.849,1,0.610039,0.36288,0,19.5058,6.23259,13.026,0.84672,12.849,0.84672,3695.15,0,36.966,0.3304,1.04452,2.01892,4.21995,1.40981,5.54319,0.42336,36.966,0.42336,423.524,0,1.02816,0,0,2.07268,1.04452,1.028160,1,0,18.5692,0,0,0,18.5692,0
49.5106,2.45538,0,0,1.21084,0.0560131,0.36288,3.6288,56.5826,0.509565,0,0,0.440838,0.280738,0,0.66528,12.849,1,0.616507,0.36288,0,24.6876,6.23259,18.2014,0.84672,12.849,0.84672,3695.15,0,36.966,0.33086,0.394053,2.01913,2.62751,1.40981,3.30003,0.42336,36.966,0.42336,423.524,0,1.02816,0,0,1.42221,0.394053,1.028160,1,0,21.5014,0,0,0,21.5014,0
47.7769,2.43919,0,0,1.1234,0.0550399,0.36288,3.6288,56.15,0.60005,0,0,0.447503,0.2801,0,0.66528,12.849,1,0.633018,0.36288,0,14.6638,6.23259,8.16108,0.84672,12.849,0.84672,3695.15,0,36.966,0.392019,0.216518,2.01934,1.98559,1.40981,2.41963,0.42336,36.966,0.42336,423.524,0,0.876709,0,0,1.09323,0.216518,1.028160,1,0,10.5807,0,0,0,10.5807,0
47.3425,2.35879,0,0,2.42625,0.13897,0.36288,3.6288,56.1088,0.455166,0,0,0.697343,0.283373,0,0.66528,12.849,1,0.634366,0.36288,0,46.9522,5.271,41.4097,0.84672,12.849,0.84672,3695.15,0,36.966,0.299655,0.516542,2.01955,4.50086,1.27976,5.45754,0.42336,36.966,0.42336,423.524,0,1.02816,0,0,1.5447,0.516542,1.028160,1,0,46.8672,0,0,0,46.8672,0
47.9573,2.35445,0,0,3.50257,0.170494,0.36288,3.6288,56.0838,0.455144,0,0,0.718312,0.288171,0,0.66528,12.849,1,0.63901,0.36288,0,28.4691,4.62987,23.5631,0.84672,12.849,0.84672,3695.15,0,36.966,0.299862,0.60302,1.93845,4.22513,1.22605,5.24069,0.42336,36.966,0.42336,423.524,0,1.02816,0,0,1.63118,0.60302,1.028160,1,0,28.8038,0,0,0,28.8038,0
48.8604,2.36116,0,0,3.79884,0.171646,0.36288,3.6288,56.2564,0.455175,0,0,0.915935,0.288124,0,0.66528,12.849,1,0.632615,0.36288,0,27.3271,4.62987,22.4275,0.84672,12.849,0.84672,3695.15,0,36.966,0.300016,1.51482,1.93865,4.76372,1.22605,6.69112,0.42336,36.966,0.42336,423.524,0,1.02816,0,0,2.54298,1.51482,1.028160,1,0,29.1186,0,0,0,29.1186,0
49.6485,2.37066,0,0,3.69495,0.173339,0.36288,3.6288,56.3472,0.455843,0,0,0.835056,0.288449,0,0.66528,12.849,1,0.623421,0.36288,0,33.5801,4.62987,28.6897,0.84672,12.849,0.84672,3695.15,0,36.966,0.299533,0.869486,1.93885,4.99874,1.22605,6.28149,0.42336,36.966,0.42336,423.524,0,1.02816,0,0,1.89765,0.869486,1.028160,1,0,34.9712,0,0,0,34.9712,0
50.4674,2.40061,0,0,3.75372,0.171354,0.36288,3.6288,56.4003,0.43659,0,0,0.72455,0.234833,0,0.66528,12.849,1,0.621277,0.36288,0,31.6442,4.29644,27.0893,0.84672,12.849,0.84672,3695.15,0,36.966,0.28642,0.637459,1.93905,4.35088,1.05163,5.58934,0.42336,36.966,0.42336,423.524,0,1.02816,0,0,1.66562,0.637459,1.028160,1,0,32.6787,0,0,0,32.6787,0
49.9651,2.4089,0,0,2.49178,0.222272,0.36288,3.6288,56.7706,0.436862,0,0,1.00808,0.200911,0,0.66528,12.849,1,0.613306,0.36288,0,41.5548,3.98178,37.3226,0.84672,12.849,0.84672,3695.15,0,36.966,0.286329,1.59617,1.91926,5.41718,1.02199,7.62429,0.42336,36.966,0.42336,423.524,0,1.02816,0,0,2.62433,1.59617,1.028160,1,0,44.9469,0,0,0,44.9469,0
49.8874,2.36398,0,0,2.89672,0.247565,0.36288,3.6288,57.2098,0.42034,0,0,1.05387,0.19436,0,0.66528,12.849,1,0.607921,0.36288,0,54.6245,3.97299,50.4065,0.84672,12.849,0.84672,3695.15,0,36.966,0.273703,1.56083,1.91946,5.29314,1.01198,7.48775,0.42336,36.966,0.42336,423.524,0,1.02816,0,0,2.58899,1.56083,1.028160,1,0,57.8942,0,0,0,57.8942,0
49.4294,2.36348,0,0,2.51575,0.247361,0.36288,3.6288,57.6211,0.421725,0,0,1.02793,0.194916,0,0.66528,12.849,1,0.608737,0.36288,0,45.9308,3.97299,41.7119,0.84672,12.849,0.84672,3695.15,0,36.966,0.272497,1.4481,1.88751,5.16854,1.01198,7.21967,0.42336,36.966,0.42336,423.524,0,1.02816,0,0,2.47626,1.4481,1.028160,1,0,48.9316,0,0,0,48.9316,0
49.9684,2.31907,0,0,3.46634,0.245395,0.36288,3.6288,57.9877,0.405148,0,0,0.977702,0.205958,0,0.66528,12.849,1,0.602833,0.36288,0,47.091,4.30374,42.5473,0.84672,12.849,0.84672,3695.15,0,36.966,0.259917,1.54866,1.8877,5.09572,1.11466,7.1575,0.42336,36.966,0.42336,423.524,0,1.02816,0,0,2.57682,1.54866,1.028160,1,0,49.7048,0,0,0,49.7048,0
50.3198,2.39729,0,0,3.34331,0.231733,0.36288,3.6288,58.1611,0.439693,0,0,0.79253,0.179394,0,0.66528,12.849,1,0.616445,0.36288,0,37.4342,4.21434,32.9663,0.84672,12.849,0.84672,3695.15,0,36.966,0.280296,0.940766,1.85575,4.47487,1.06874,5.92235,0.42336,36.966,0.42336,423.524,0,1.02816,0,0,1.96893,0.940766,1.028160,1,0,38.8886,0,0,0,38.8886,0
53.8143,2.40095,0,0,6.48558,0.227317,0.36288,3.6288,58.9622,0.440307,0,0,1.3996,0.158202,0,0.66528,12.849,1,0.613075,0.36288,0,86.6551,3.84783,82.5571,0.84672,12.849,0.84672,3695.15,0,36.966,0.27985,1.61931,1.91539,8.99925,0.947695,11.3064,0.42336,36.966,0.42336,423.524,0,1.02816,0,0,2.64747,1.61931,1.028160,1,0,93.8635,0,0,0,93.8635,0
60.0269,2.30685,0,0,9.11805,0.235688,0.36288,3.6288,61.2634,0.386889,0,0,2.84704,0.15902,0,0.66528,12.849,1,0.550796,0.36288,0,139.958,3.84783,135.923,0.84672,12.849,0.84672,3695.15,0,36.966,0.242557,4.15208,1.91558,15.541,0.947695,20.4184,0.42336,36.966,0.42336,423.524,0,1.02816,0,0,5.18024,4.15208,1.028160,1,0,156.341,0,0,0,156.341,0
69.4701,2.48309,0,0,12.594,0.304889,0.36288,3.6288,61.308,0.449355,0,0,2.88646,0.190231,2.20223,0.66528,12.849,1,0.531516,0.36288,0,226,4.39656,221.435,0.84672,12.849,0.84672,3695.15,0,36.966,0.271139,6.33923,1.81619,18.0592,1.0885,24.8549,0.42336,36.966,0.42336,423.524,0,1.02816,0,0,7.36739,6.33923,1.028160,1,0,248.492,0,0,0,248.492,0
72.29,2.64733,0,0,8.44578,0.32844,2.65006,3.6288,61.308,0.514489,0,0,2.66994,0.1949,1.96055,0.66528,12.849,1,0.489644,2.65006,0,210.01,4.32371,207.847,0.84672,12.849,0.84672,3695.15,0,36.966,0.310214,4.0469,1.91595,11.9941,1.1304,16.5164,0.42336,36.966,0.42336,423.524,0,1.02816,0,0,5.07506,4.0469,1.028160,1,0,226.324,0,0,0,226.324,0
72.29,2.66381,0,0,9.78186,0.309008,6.80905,3.6288,61.308,0.5146,0,0,3.76987,0.194406,3.06087,0.66528,12.849,1,0.473472,6.80905,0,134.116,3.91293,136.539,0.84672,12.849,0.84672,3695.15,0,36.966,0.310281,5.73943,2.01939,18.169,1.1765,24.441,0.42336,36.966,0.42336,423.524,0,1.02816,0,0,6.76759,5.73943,1.028160,1,0,164.041,0,0,0,164.041,0
72.29,2.66406,0,0,8.31911,0.309008,5.34604,3.6288,61.308,0.514711,0,0,2.58987,0.194406,1.88075,0.66528,12.849,1,0.473517,5.34604,0,166.4,3.91293,167.36,0.84672,12.849,0.84672,3695.15,0,36.966,0.310348,4.18963,2.01959,18.0739,1.1765,22.7963,0.42336,36.966,0.42336,423.524,0,1.02816,0,0,5.21779,4.18963,1.028160,1,0,192.037,0,0,0,192.037,0
72.29,2.66432,0,0,5.62627,0.311275,2.65068,3.6288,61.308,0.514823,0,0,2.16327,0.181274,1.46717,0.66528,12.849,1,0.473563,2.65068,0,124.829,3.68609,123.32,0.84672,12.849,0.84672,3695.15,0,36.966,0.310415,1.39201,2.01978,9.26787,1.11145,11.2578,0.42336,36.966,0.42336,423.524,0,1.02816,0,0,2.42017,1.39201,1.028160,1,0,136.045,0,0,0,136.045,0
72.29,2.53944,0,0,5.37185,0.291577,2.54083,3.6288,61.308,0.442412,0,0,2.01163,0.208244,1.36098,0.66528,12.849,1,0.451367,2.54083,0,108.238,3.79393,106.533,0.84672,12.849,0.84672,3695.15,0,36.966,0.266755,1.72095,2.01997,9.25301,1.08428,11.6429,0.42336,36.966,0.42336,423.524,0,1.02816,0,0,2.74911,1.72095,1.028160,1,0,119.537,0,0,0,119.537,0
72.29,2.53969,0,0,6.63119,0.313235,3.77827,3.6288,61.308,0.442516,0,0,3.50583,0.23222,2.83109,0.66528,12.849,1,0.45141,3.77827,0,90.4127,3.54312,90.1964,0.84672,12.849,0.84672,3695.15,0,36.966,0.266818,4.46259,1.90274,14.7283,1.07578,19.751,0.42336,36.966,0.42336,423.524,0,1.02816,0,0,5.49075,4.46259,1.028160,1,0,112.779,0,0,0,112.779,0
72.29,2.53993,0,0,6.48238,0.313235,3.62922,3.6288,61.308,0.442621,0,0,3.2876,0.23222,2.61276,0.66528,12.849,1,0.451454,3.62922,0,168.464,3.54312,168.099,0.84672,12.849,0.84672,3695.15,0,36.966,0.266881,4.17633,1.90292,14.6466,1.07578,19.3832,0.42336,36.966,0.42336,423.524,0,1.02816,0,0,5.20449,4.17633,1.028160,1,0,190.095,0,0,0,190.095,0
72.29,2.49764,0,0,5.85744,0.315321,3.04447,3.6288,61.308,0.424571,0,0,2.89956,0.194035,2.28095,0.66528,12.849,1,0.443937,3.04447,0,163.069,2.86339,162.806,0.84672,12.849,0.84672,3695.15,0,36.966,0.255998,4.00523,1.9031,12.3344,0.818808,17.1679,0.42336,36.966,0.42336,423.524,0,1.02816,0,0,5.03339,4.00523,1.028160,1,0,182.255,0,0,0,182.255,0
72.29,2.45534,0,0,6.59389,0.310395,3.82816,3.6288,61.308,0.406518,0,0,2.60447,0.184769,2.01318,0.66528,12.849,1,0.436418,3.82816,0,173.364,2.88267,173.873,0.84672,12.849,0.84672,3695.15,0,36.966,0.245112,3.67298,1.87142,13.11,0.728479,17.6808,0.42336,36.966,0.42336,423.524,0,1.02816,0,0,4.70114,3.67298,1.028160,1,0,193.567,0,0,0,193.567,0
72.29,2.5453,0,0,4.57452,0.277327,1.75189,3.6288,61.308,0.44877,0,0,3.0477,0.253415,2.34551,0.66528,12.849,1,0.452408,1.75189,0,94.4767,4.10178,91.6744,0.84672,12.849,0.84672,3695.15,0,36.966,0.270588,2.4213,1.83972,8.00289,1.14957,10.8437,0.42336,36.966,0.42336,423.524,0,1.02816,0,0,3.44946,2.4213,1.028160,1,0,104.864,0,0,0,104.864,0
72.29,2.54554,0,0,4.04399,0.27233,1.22611,3.6288,61.308,0.448875,0,0,2.72328,0.262079,2.01232,0.66528,12.849,1,0.452451,1.22611,0,84.0361,4.24326,80.5665,0.84672,12.849,0.84672,3695.15,0,36.966,0.270652,2.04918,1.9119,6.74853,1.20293,9.23603,0.42336,36.966,0.42336,423.524,0,1.02816,0,0,3.07734,2.04918,1.028160,1,0,91.8149,0,0,0,91.8149,0
72.29,2.54579,0,0,4.08898,0.27233,1.27086,3.6288,61.308,0.44898,0,0,2.50736,0.262079,1.7963,0.66528,12.849,1,0.452495,1.27086,0,76.0389,4.24326,72.614,0.84672,12.849,0.84672,3695.15,0,36.966,0.270715,2.39052,1.91209,8.19919,1.20293,11.0281,0.42336,36.966,0.42336,423.524,0,1.02816,0,0,3.41868,2.39052,1.028160,1,0,85.4385,0,0,0,85.4385,0
72.29,2.59015,0,0,3.4332,0.236618,0.606436,3.6288,61.308,0.467978,0,0,1.66303,0.28111,0.913939,0.66528,12.849,1,0.460379,0.606436,0,59.9147,4.47594,55.5848,0.84672,12.849,0.84672,3695.15,0,36.966,0.28217,1.70597,1.91227,6.0655,1.24873,8.15284,0.42336,36.966,0.42336,423.524,0,1.02816,0,0,2.73413,1.70597,1.028160,1,0,64.6516,0,0,0,64.6516,0
72.29,2.5982,0,0,3.59804,0.190656,0.809185,3.6288,61.308,0.470035,0,0,1.5269,0.266192,0.790668,0.66528,12.849,1,0.46181,0.809185,0,61.5349,4.79512,57.0871,0.84672,12.849,0.84672,3695.15,0,36.966,0.28341,1.7006,1.94559,5.77107,1.21255,7.9213,0.42336,36.966,0.42336,423.524,0,1.02816,0,0,2.72876,1.7006,1.028160,1,0,65.7991,0,0,0,65.7991,0
72.29,2.59845,0,0,3.40534,0.127109,0.679784,3.6288,61.308,0.470142,0,0,1.42474,0.267344,0.687258,0.66528,12.849,1,0.461855,0.679784,0,62.6326,4.76868,58.0818,0.84672,12.849,0.84672,3695.15,0,36.966,0.283475,1.35777,1.94991,4.88671,1.18497,6.72594,0.42336,36.966,0.42336,423.524,0,1.02816,0,0,2.38593,1.35777,1.028160,1,0,65.495,0,0,0,65.495,0
72.2514,2.5987,0,0,3.05005,0.127109,0.36288,3.6288,61.308,0.470249,0,0,1.42863,0.267344,0.691039,0.66528,12.849,1,0.461899,0.36288,0,57.7374,4.76868,52.8697,0.84672,12.849,0.84672,3695.15,0,36.966,0.28354,1.36153,1.9501,4.86873,1.18497,6.71184,0.42336,36.966,0.42336,423.524,0,1.02816,0,0,2.38969,1.36153,1.028160,1,0,60.2726,0,0,0,60.2726,0
71.9442,2.55522,0,0,2.73802,0.127072,0.36288,3.6288,61.308,0.45174,0,0,1.50707,0.267344,0.787983,0.66528,12.849,1,0.454415,0.36288,0,53.3881,4.76868,48.5279,0.84672,12.849,0.84672,3695.15,0,36.966,0.272379,1.42484,1.95029,4.88998,1.18497,6.80776,0.42336,36.966,0.42336,423.524,0,1.02816,0,0,2.453,1.42484,1.028160,1,0,56.1236,0,0,0,56.1236,0
71.6719,2.72053,0,0,2.93441,0.1233,0.36288,3.6288,61.308,0.530578,0,0,1.33212,0.266269,0.535269,0.66528,12.849,1,0.485877,0.36288,0,53.04,4.69749,48.2195,0.84672,12.849,0.84672,3695.15,0,36.966,0.319915,1.17912,1.91782,5.84179,1.16813,7.45068,0.42336,36.966,0.42336,423.524,0,1.02816,0,0,2.20728,1.17912,1.028160,1,0,56.2055,0,0,0,56.2055,0
71.3063,2.71922,0,0,2.81877,0.102234,0.36288,3.6288,61.308,0.53069,0,0,1.12882,0.259819,0.338307,0.66528,12.849,1,0.487489,0.36288,0,46.5777,4.27035,42.1828,0.84672,12.849,0.84672,3695.15,0,36.966,0.319983,1.60037,2.05233,4.38076,1.06708,6.6464,0.42336,36.966,0.42336,423.524,0,1.02816,0,0,2.62853,1.60037,1.028160,1,0,49.1675,0,0,0,49.1675,0
70.7246,2.71737,0,0,2.60045,0.101949,0.36288,3.6288,61.308,0.530803,0,0,1.15354,0.259819,0.362913,0.66528,12.849,1,0.489654,0.36288,0,44.2191,4.27035,39.822,0.84672,12.849,0.84672,3695.15,0,36.966,0.320051,0.839437,2.05252,4.17525,1.06708,5.68008,0.42336,36.966,0.42336,423.524,0,1.02816,0,0,1.8676,0.839437,1.028160,1,0,45.865,0,0,0,45.865,0
69.9042,2.71422,0,0,2.35817,0.101496,0.36288,3.6288,61.308,0.530916,0,0,1.02486,0.259819,0.234124,0.66528,12.849,1,0.49311,0.36288,0,40.6869,4.27035,36.2863,0.84672,12.849,0.84672,3695.15,0,36.966,0.320119,0.58174,2.05272,3.89508,1.06708,5.14234,0.42336,36.966,0.42336,423.524,0,1.02816,0,0,1.6099,0.58174,1.028160,1,0,41.6628,0,0,0,41.6628,0
68.825,2.70959,0,0,2.09418,0.100856,0.36288,3.6288,61.308,0.531029,0,0,0.999069,0.259819,0.208221,0.66528,12.849,1,0.498047,0.36288,0,34.5971,4.27035,30.1915,0.84672,12.849,0.84672,3695.15,0,36.966,0.320187,0.669272,2.05292,3.84903,1.06708,5.18396,0.42336,36.966,0.42336,423.524,0,1.02816,0,0,1.69743,0.669272,1.028160,1,0,35.5837,0,0,0,35.5837,0
68.2466,2.45475,0,0,2.30742,0.0682309,0.36288,3.6288,61.308,0.463257,0,0,1.25326,0.286053,0.503948,0.66528,12.849,1,0.45828,0.36288,0,45.6818,5.11626,40.4701,0.84672,12.849,0.84672,3695.15,0,36.966,0.279323,1.75206,2.05312,5.0803,1.19787,7.40829,0.42336,36.966,0.42336,423.524,0,1.02816,0,0,2.78022,1.75206,1.028160,1,0,48.3823,0,0,0,48.3823,0
67.6117,2.45172,0,0,2.24635,0.0666619,0.36288,3.6288,61.308,0.463363,0,0,1.25575,0.291012,0.501371,0.66528,12.849,1,0.461593,0.36288,0,44.3259,5.16359,39.0636,0.84672,12.849,0.84672,3695.15,0,36.966,0.279387,1.77947,1.91398,5.23413,1.21744,7.43075,0.42336,36.966,0.42336,423.524,0,1.02816,0,0,2.80763,1.77947,1.028160,1,0,46.9957,0,0,0,46.9957,0
66.8321,2.44831,0,0,2.098,0.0663306,0.36288,3.6288,61.308,0.46347,0,0,1.09961,0.291012,0.345131,0.66528,12.849,1,0.465281,0.36288,0,40.8161,5.16359,35.5502,0.84672,12.849,0.84672,3695.15,0,36.966,0.279452,1.6702,1.91416,4.96124,1.21744,7.0487,0.42336,36.966,0.42336,423.524,0,1.02816,0,0,2.69836,1.6702,1.028160,1,0,42.944,0,0,0,42.944,0
65.9379,2.444,0,0,1.97859,0.0659238,0.36288,3.6288,61.308,0.463576,0,0,1.02556,0.291012,0.270971,0.66528,12.849,1,0.469878,0.36288,0,39.0841,5.16359,33.8135,0.84672,12.849,0.84672,3695.15,0,36.966,0.279516,1.51762,1.91434,4.70154,1.21744,6.63655,0.42336,36.966,0.42336,423.524,0,1.02816,0,0,2.54578,1.51762,1.028160,1,0,40.721,0,0,0,40.721,0
64.96,2.49582,0,0,1.93834,0.057568,0.36288,3.6288,61.308,0.490686,0,0,1.05518,0.302916,0.261575,0.66528,12.849,1,0.486348,0.36288,0,36.5366,5.43183,30.9813,0.84672,12.849,0.84672,3695.15,0,36.966,0.295862,1.25836,1.91453,4.39846,1.33659,5.93891,0.42336,36.966,0.42336,423.524,0,1.02816,0,0,2.28652,1.25836,1.028160,1,0,37.1818,0,0,0,37.1818,0
64.0154,2.48995,0,0,1.95493,0.0466824,0.36288,3.6288,61.308,0.490795,0,0,1.00831,0.318788,0.198722,0.66528,12.849,1,0.492508,0.36288,0,35.1464,5.78949,29.2273,0.84672,12.849,0.84672,3695.15,0,36.966,0.295928,1.41501,1.9609,4.31713,1.49545,5.90167,0.42336,36.966,0.42336,423.524,0,1.02816,0,0,2.44317,1.41501,1.028160,1,0,35.3277,0,0,0,35.3277,0
62.9104,2.48413,0,0,1.78837,0.0463281,0.36288,3.6288,61.308,0.490904,0,0,0.947678,0.318788,0.137986,0.66528,12.849,1,0.498608,0.36288,0,33.0455,5.78949,27.1203,0.84672,12.849,0.84672,3695.15,0,36.966,0.295993,1.36911,1.96109,4.39422,1.49545,5.93298,0.42336,36.966,0.42336,423.524,0,1.02816,0,0,2.39727,1.36911,1.028160,1,0,33.1912,0,0,0,33.1912,0
61.6438,2.4771,0,0,1.61927,0.0459137,0.36288,3.6288,61.308,0.491013,0,0,0.905472,0.318788,0.0956705,0.66528,12.849,1,0.505929,0.36288,0,31.1224,5.78949,25.1899,0.84672,12.849,0.84672,3695.15,0,36.966,0.296059,1.12474,1.96128,4.08568,1.49545,5.3802,0.42336,36.966,0.42336,423.524,0,1.02816,0,0,2.1529,1.12474,1.028160,1,0,30.6657,0,0,0,30.6657,0
60.0315,2.63361,0,0,1.4161,0.0319223,0.36288,3.6288,61.2919,0.588629,0,0,0.899053,0.326558,0,0.66528,12.849,1,0.548948,0.36288,0,29.6354,6.01382,23.4355,0.84672,12.849,0.84672,3695.15,0,36.966,0.354917,1.09035,1.96147,4.12939,1.54026,5.28603,0.42336,36.966,0.42336,423.524,0,1.02816,0,0,2.11851,1.09035,1.028160,1,0,28.7215,0,0,0,28.7215,0
58.0572,2.62172,0,0,1.05466,0.0443816,0.36288,3.6288,61.1649,0.588689,0,0,0.788003,0.326296,0,0.66528,12.849,1,0.561146,0.36288,0,22.4963,6.07982,16.2182,0.84672,12.849,0.84672,3695.15,0,36.966,0.355047,1.18149,2.11975,3.78204,1.53354,5.19469,0.42336,36.966,0.42336,423.524,0,1.02816,0,0,2.20965,1.18149,1.028160,1,0,21.4129,0,0,0,21.4129,0
56.0419,2.60634,0,0,0.997523,0.0435439,0.36288,3.6288,60.9753,0.588348,0,0,0.724758,0.326034,0,0.66528,12.849,1,0.576826,0.36288,0,20.2177,6.07982,13.9239,0.84672,12.849,0.84672,3695.15,0,36.966,0.355578,1.04348,2.11996,3.73912,1.53354,5.01344,0.42336,36.966,0.42336,423.524,0,1.02816,0,0,2.07164,1.04348,1.028160,1,0,18.9374,0,0,0,18.9374,0
54.4242,2.58972,0,0,1.37754,0.0426888,0.36288,3.6288,60.8645,0.587778,0,0,0.802647,0.325643,0,0.66528,12.849,1,0.593757,0.36288,0,21.6863,6.07982,15.3756,0.84672,12.849,0.84672,3695.15,0,36.966,0.356338,1.32286,2.12016,4.16828,1.53354,5.72143,0.42336,36.966,0.42336,423.524,0,1.02816,0,0,2.35102,1.32286,1.028160,1,0,21.097,0,0,0,21.097,0
53.4251,2.57569,0,0,2.00559,0.0660979,0.36288,3.6288,61.0273,0.587492,0,0,1.06841,0.318065,0,0.66528,12.849,1,0.608094,0.36288,0,36.188,5.9399,30.0029,0.84672,12.849,0.84672,3695.15,0,36.966,0.356813,1.61683,2.12036,4.6354,1.51118,6.50461,0.42336,36.966,0.42336,423.524,0,1.02816,0,0,2.64499,1.61683,1.028160,1,0,36.5075,0,0,0,36.5075,0
51.4816,2.48845,0,0,0.971731,0.063963,0.36288,3.6288,61.1564,0.529094,0,0,0.918325,0.260133,0,0.66528,12.849,1,0.598485,0.36288,0,18.0783,5.30213,12.5406,0.84672,12.849,0.84672,3695.15,0,36.966,0.320488,0.971257,2.12057,3.09079,1.37422,4.48791,0.42336,36.966,0.42336,423.524,0,1.02816,0,0,1.99942,0.971257,1.028160,1,0,17.0285,0,0,0,17.0285,0
49.0026,2.47061,0,0,0.41986,0.0653426,0.36288,3.6288,60.5712,0.760555,0,0,0.414968,0.239692,0,0.66528,12.849,1,0.616626,0.36288,0,9.54668,4.96723,4.3257,0.84672,12.849,0.84672,3695.15,0,36.966,0.42336,0.204422,2.02924,1.88982,1.32213,2.37799,0.42336,36.966,0.42336,423.524,0,0.694008,0,0,0.89843,0.204422,1.028160,1,0,6.70369,0,0,0,6.70369,0
46.4862,2.44613,0,0,0.356271,0.0636528,0.36288,3.6288,59.8562,0.854462,0,0,0.378264,0.238804,0,0.66528,12.849,1,0.641402,0.36288,0,8.82135,4.96723,3.5756,0.84672,12.849,0.84672,3695.15,0,36.966,0.42336,0.216518,2.02943,1.79824,1.32213,2.29871,0.42336,36.966,0.42336,423.524,0,0.600281,0,0,0.8168,0.216518,1.028160,1,0,5.8743,0,0,0,5.8743,0
44.3089,2.41916,0,0,0.759627,0.154839,0.36288,3.6288,59.7834,0.617167,0,0,0.691978,0.147587,0,0.66528,12.849,1,0.668668,0.36288,0,19.4187,3.72145,15.3914,0.84672,12.849,0.84672,3695.15,0,36.966,0.381151,0.216518,2.02963,3.98441,0.93274,4.91666,0.42336,36.966,0.42336,423.524,0,0.879967,0,0,1.09649,0.216518,1.028160,1,0,20.3081,0,0,0,20.3081,0
42.5977,2.33208,0,0,1.16416,0.180465,0.36288,3.6288,60.0072,0.472015,0,0,0.835184,0.139337,0,0.66528,12.849,1,0.676273,0.36288,0,27.2325,3.6517,23.2674,0.84672,12.849,0.84672,3695.15,0,36.966,0.291862,0.407601,2.02982,3.82418,0.903249,5.06649,0.42336,36.966,0.42336,423.524,0,1.02816,0,0,1.43576,0.407601,1.028160,1,0,28.3339,0,0,0,28.3339,0
40.1979,2.31143,0,0,0.486416,0.211897,0.36288,3.6288,59.8366,0.546575,0,0,0.532599,0.156644,0,0.66528,12.849,1,0.697212,0.36288,0,15.3698,3.9964,11.039,0.84672,12.849,0.84672,3695.15,0,36.966,0.336704,0.216518,1.94829,3.1555,0.991765,3.99184,0.42336,36.966,0.42336,423.524,0,0.908931,0,0,1.12545,0.216518,1.028160,1,0,15.0309,0,0,0,15.0309,0
38.4551,2.28011,0,0,1.10621,0.206,0.36288,3.6288,59.9647,0.472389,0,0,0.756963,0.156474,0,0.66528,12.849,1,0.728823,0.36288,0,30.0218,3.9964,25.6594,0.84672,12.849,0.84672,3695.15,0,36.966,0.291834,0.443223,1.94848,5.47491,0.991765,6.58301,0.42336,36.966,0.42336,423.524,0,1.02816,0,0,1.47138,0.443223,1.028160,1,0,32.2424,0,0,0,32.2424,0
37.3894,2.25557,0,0,1.75461,0.201863,0.36288,3.6288,60.92,0.472881,0,0,1.58477,0.156601,0,0.66528,12.849,1,0.753654,0.36288,0,40.8472,3.9964,36.46,0.84672,12.849,0.84672,3695.15,0,36.966,0.291514,1.49308,1.94867,8.81531,0.991765,10.9738,0.42336,36.966,0.42336,423.524,0,1.02816,0,0,2.52124,1.49308,1.028160,1,0,47.4338,0,0,0,47.4338,0
35.8833,2.07112,0,0,1.12731,0.199358,0.36288,3.6288,61.308,0.363764,0,0,1.18159,0.157555,0.272242,0.66528,12.849,1,0.711747,0.36288,0,28.094,3.9964,23.7487,0.84672,12.849,0.84672,3695.15,0,36.966,0.22073,1.15871,1.94886,8.69754,0.991765,10.5926,0.42336,36.966,0.42336,423.524,0,1.02816,0,0,2.18687,1.15871,1.028160,1,0,34.6136,0,0,0,34.6136,0
35.3172,2.04932,0,0,2.05489,0.208859,0.36288,3.6288,61.308,0.364732,0,0,0.931764,0.17498,0.392051,0.66528,12.849,1,0.733813,0.36288,0,48.2747,3.62061,44.2832,0.84672,12.849,0.84672,3695.15,0,36.966,0.219917,1.00513,1.76745,7.49071,0.974295,9.06907,0.42336,36.966,0.42336,423.524,0,1.02816,0,0,2.03329,1.00513,1.028160,1,0,53.7443,0,0,0,53.7443,0
34.6119,2.04089,0,0,1.90592,0.20744,0.36288,3.6288,61.308,0.364829,0,0,1.15244,0.17498,0.612629,0.66528,12.849,1,0.742511,0.36288,0,60.1034,3.62061,56.1031,0.84672,12.849,0.84672,3695.15,0,36.966,0.219976,1.44776,1.76762,10.3698,0.974295,12.3909,0.42336,36.966,0.42336,423.524,0,1.02816,0,0,2.47592,1.44776,1.028160,1,0,69.1067,0,0,0,69.1067,0
34.1666,2.03005,0,0,2.15514,0.20749,0.36288,3.6288,61.308,0.364926,0,0,1.19216,0.207119,0.620111,0.66528,12.849,1,0.753617,0.36288,0,46.2573,4.10235,41.7642,0.84672,12.849,0.84672,3695.15,0,36.966,0.220034,1.57343,1.76779,9.01003,1.1643,10.9669,0.42336,36.966,0.42336,423.524,0,1.02816,0,0,2.60159,1.57343,1.028160,1,0,53.3512,0,0,0,53.3512,0
33.9412,2.02311,0,0,2.39224,0.231648,0.36288,3.6288,61.308,0.365023,0,0,1.14336,0.225167,0.553167,0.66528,12.849,1,0.760828,0.36288,0,70.6615,4.47033,65.7932,0.84672,12.849,0.84672,3695.15,0,36.966,0.220092,1.63701,1.76796,11.8721,1.21957,13.8374,0.42336,36.966,0.42336,423.524,0,1.02816,0,0,2.66517,1.63701,1.028160,1,0,80.1837,0,0,0,80.1837,0
34.2781,2.01944,0,0,2.92905,0.209837,0.36288,3.6288,61.308,0.365023,0,0,1.29362,0.210726,0.717875,0.66528,12.849,1,0.764493,0.36288,0,82.2036,4.05453,77.7474,0.84672,12.849,0.84672,3695.15,0,36.966,0.220092,2.28621,1.76813,10.5418,1.02588,13.3502,0.42336,36.966,0.42336,423.524,0,1.02816,0,0,3.31437,2.28621,1.028160,1,0,91.8155,0,0,0,91.8155,0
36.0133,2.08854,0,0,4.37905,0.192479,0.36288,3.6288,61.308,0.397662,0,0,1.48503,0.207137,0.880236,0.66528,12.849,1,0.782879,0.36288,0,135.335,3.92826,130.987,0.84672,12.849,0.84672,3695.15,0,36.966,0.239772,3.03024,1.76813,8.76666,0.930225,12.395,0.42336,36.966,0.42336,423.524,0,1.02816,0,0,4.0584,3.03024,1.028160,1,0,144.262,0,0,0,144.262,0
35.9033,2.11653,0,0,2.56605,0.196566,0.36288,3.6288,61.308,0.397754,0,0,1.01839,0.207137,0.413497,0.66528,12.849,1,0.755145,0.36288,0,74.2789,3.92826,69.9584,0.84672,12.849,0.84672,3695.15,0,36.966,0.239828,1.70361,1.82494,6.62663,0.930225,8.98513,0.42336,36.966,0.42336,423.524,0,1.02816,0,0,2.73177,1.70361,1.028160,1,0,79.357,0,0,0,79.357,0
35.1151,2.11501,0,0,1.89727,0.207675,0.36288,3.6288,61.308,0.397847,0,0,0.856932,0.207466,0.251619,0.66528,12.849,1,0.756915,0.36288,0,54.0189,3.88365,49.7412,0.84672,12.849,0.84672,3695.15,0,36.966,0.239884,1.35787,1.8251,5.52952,0.960632,7.51198,0.42336,36.966,0.42336,423.524,0,1.02816,0,0,2.38603,1.35787,1.028160,1,0,57.5048,0,0,0,57.5048,0
35.07,2.10276,0,0,2.65308,0.232521,0.36288,3.6288,61.308,0.397939,0,0,1.07469,0.208395,0.468361,0.66528,12.849,1,0.769424,0.36288,0,82.7107,3.7777,78.5265,0.84672,12.849,0.84672,3695.15,0,36.966,0.23994,2.18293,1.82527,6.66052,1.04805,9.38074,0.42336,36.966,0.42336,423.524,0,1.02816,0,0,3.21109,2.18293,1.028160,1,0,88.3756,0,0,0,88.3756,0
38.8484,2.30727,0,0,6.67295,0.224359,0.36288,3.6288,61.308,0.520248,0,0,2.04342,0.209033,1.31414,0.66528,12.849,1,0.845341,0.36288,0,194.759,3.81119,190.465,0.84672,12.849,0.84672,3695.15,0,36.966,0.313687,5.26618,1.82543,15.485,1.11642,21.1465,0.42336,36.966,0.42336,423.524,0,1.02816,0,0,6.29434,5.26618,1.028160,1,0,212.926,0,0,0,212.926,0
40.0649,2.36926,0,0,4.18322,0.234634,0.36288,3.6288,61.308,0.520352,0,0,1.30523,0.209033,0.575842,0.66528,12.849,1,0.783627,0.36288,0,132.19,3.81119,127.958,0.84672,12.849,0.84672,3695.15,0,36.966,0.313749,2.85214,2.02945,9.41829,1.11642,12.8697,0.42336,36.966,0.42336,423.524,0,1.02816,0,0,3.8803,2.85214,1.028160,1,0,141.404,0,0,0,141.404,0
41.9127,2.38749,0,0,4.83616,0.237974,0.36288,3.6288,61.308,0.520455,0,0,1.13541,0.209033,0.40592,0.66528,12.849,1,0.76568,0.36288,0,106.22,3.81119,102.006,0.84672,12.849,0.84672,3695.15,0,36.966,0.313811,2.30843,2.02963,6.99909,1.11642,9.90692,0.42336,36.966,0.42336,423.524,0,1.02816,0,0,3.33659,2.30843,1.028160,1,0,112.319,0,0,0,112.319,0
42.7946,2.41354,0,0,3.90979,0.251478,0.36288,3.6288,61.308,0.520559,0,0,1.34385,0.186864,0.636426,0.66528,12.849,1,0.73991,0.36288,0,123.905,3.53982,119.989,0.84672,12.849,0.84672,3695.15,0,36.966,0.313874,2.2,2.02982,6.78508,1.05469,9.64633,0.42336,36.966,0.42336,423.524,0,1.02816,0,0,3.22816,2.2,1.028160,1,0,130.271,0,0,0,130.271,0
46.374,2.11804,0,0,6.32019,0.259784,0.36288,3.6288,61.308,0.356587,0,0,2.33925,0.191996,1.79066,0.66528,12.849,1,0.635938,0.36288,0,108.037,3.74714,104.017,0.84672,12.849,0.84672,3695.15,0,36.966,0.215006,2.76449,2.03,10.7332,1.07507,14.2376,0.42336,36.966,0.42336,423.524,0,1.02816,0,0,3.79265,2.76449,1.028160,1,0,120.045,0,0,0,120.045,0
48.6862,2.15667,0,0,5.10221,0.270542,0.36288,3.6288,61.308,0.356676,0,0,1.65186,0.191996,1.10318,0.66528,12.849,1,0.597554,0.36288,0,116.771,3.74714,112.79,0.84672,12.849,0.84672,3695.15,0,36.966,0.21506,1.47082,1.75206,7.445,1.07507,9.37776,0.42336,36.966,0.42336,423.524,0,1.02816,0,0,2.49898,1.47082,1.028160,1,0,123.27,0,0,0,123.27,0
49.4583,2.17931,0,0,3.59181,0.277491,0.36288,3.6288,61.308,0.356765,0,0,1.17174,0.191996,0.622978,0.66528,12.849,1,0.575153,0.36288,0,103.811,3.74714,99.8519,0.84672,12.849,0.84672,3695.15,0,36.966,0.215113,1.1295,1.75222,7.15496,1.07507,8.74649,0.42336,36.966,0.42336,423.524,0,1.02816,0,0,2.15766,1.1295,1.028160,1,0,109.221,0,0,0,109.221,0
51.0581,2.18664,0,0,4.36453,0.215182,0.36288,3.6288,61.308,0.356854,0,0,1.24737,0.149882,0.74063,0.66528,12.849,1,0.568076,0.36288,0,98.2385,3.13677,94.8966,0.84672,12.849,0.84672,3695.15,0,36.966,0.215167,1.28192,1.75238,7.17293,0.987391,9.00466,0.42336,36.966,0.42336,423.524,0,1.02816,0,0,2.31008,1.28192,1.028160,1,0,104.642,0,0,0,104.642,0
51.469,2.20105,0,0,3.19146,0.216695,0.36288,3.6288,61.308,0.356943,0,0,1.13346,0.186012,0.590501,0.66528,12.849,1,0.553904,0.36288,0,62.8472,4.22029,58.4359,0.84672,12.849,0.84672,3695.15,0,36.966,0.215221,0.608939,1.75253,4.71034,1.1285,5.72809,0.42336,36.966,0.42336,423.524,0,1.02816,0,0,1.6371,0.608939,1.028160,1,0,64.7545,0,0,0,64.7545,0
52.432,2.28535,0,0,3.82798,0.216763,0.36288,3.6288,61.308,0.466041,0,0,1.22886,0.200464,0.562354,0.66528,12.849,1,0.570526,0.36288,0,57.428,4.65371,52.5667,0.84672,12.849,0.84672,3695.15,0,36.966,0.281002,0.558835,1.75269,5.33053,1.18495,6.17611,0.42336,36.966,0.42336,423.524,0,0.917793,0,0,1.47663,0.558835,1.028160,1,0,59.3051,0,0,0,59.3051,0
53.8578,2.29397,0,0,4.27912,0.196417,0.36288,3.6288,61.308,0.397281,0,0,1.99161,0.214737,1.37959,0.66528,12.849,1,0.56216,0.36288,0,77.7306,4.82822,72.7031,0.84672,12.849,0.84672,3695.15,0,36.966,0.239543,1.58524,1.82144,6.6406,1.2193,8.58844,0.42336,36.966,0.42336,423.524,0,1.02816,0,0,2.6134,1.58524,1.028160,1,0,82.6712,0,0,0,82.6712,0
53.9056,2.30619,0,0,2.90023,0.183416,0.36288,3.6288,61.308,0.502043,0,0,1.04064,0.227253,0.311349,0.66528,12.849,1,0.550193,0.36288,0,60.7709,4.32739,56.2562,0.84672,12.849,0.84672,3695.15,0,36.966,0.302709,0.528595,1.8216,3.8979,1.26102,4.68437,0.42336,36.966,0.42336,423.524,0,0.86038,0,0,1.38898,0.528595,1.028160,1,0,61.2519,0,0,0,61.2519,0
53.9691,2.30679,0,0,2.87806,0.144875,0.36288,3.6288,61.308,0.397466,0,0,1.12091,0.231321,0.492123,0.66528,12.849,1,0.549849,0.36288,0,57.9518,4.15242,53.6124,0.84672,12.849,0.84672,3695.15,0,36.966,0.239654,0.542341,1.82177,3.86688,1.24196,4.74937,0.42336,36.966,0.42336,423.524,0,1.02816,0,0,1.5705,0.542341,1.028160,1,0,58.8539,0,0,0,58.8539,0
53.9599,2.27571,0,0,2.75513,0.125772,0.36288,3.6288,61.308,0.381956,0,0,1.40276,0.215991,0.804817,0.66528,12.849,1,0.541803,0.36288,0,57.7086,3.81066,53.7191,0.84672,12.849,0.84672,3695.15,0,36.966,0.230303,1.06308,1.82193,4.45277,1.16402,5.94346,0.42336,36.966,0.42336,423.524,0,1.02816,0,0,2.09124,1.06308,1.028160,1,0,60.4673,0,0,0,60.4673,0
53.7776,2.27584,0,0,2.5822,0.12576,0.36288,3.6288,61.308,0.382047,0,0,1.20042,0.215991,0.602378,0.66528,12.849,1,0.541926,0.36288,0,54.6239,3.81066,50.6342,0.84672,12.849,0.84672,3695.15,0,36.966,0.230358,0.672037,1.79539,4.21518,1.16402,5.28822,0.42336,36.966,0.42336,423.524,0,1.02816,0,0,1.7002,0.672037,1.028160,1,0,56.5248,0,0,0,56.5248,0
54.0922,2.27456,0,0,3.05681,0.104788,0.36288,3.6288,61.308,0.382138,0,0,1.19273,0.22786,0.582728,0.66528,12.849,1,0.543457,0.36288,0,57.7848,4.74636,52.8578,0.84672,12.849,0.84672,3695.15,0,36.966,0.230412,0.758488,1.79555,5.55035,1.20091,6.67306,0.42336,36.966,0.42336,423.524,0,1.02816,0,0,1.78665,0.758488,1.028160,1,0,60.1136,0,0,0,60.1136,0
53.7143,2.27731,0,0,2.32261,0.0602252,0.36288,3.6288,61.308,0.382229,0,0,1.1256,0.247288,0.496084,0.66528,12.849,1,0.540951,0.36288,0,39.5275,5.62714,33.7223,0.84672,12.849,0.84672,3695.15,0,36.966,0.230467,0.670835,1.79571,4.13467,1.30464,5.06611,0.42336,36.966,0.42336,423.524,0,1.02816,0,0,1.699,0.670835,1.028160,1,0,39.2845,0,0,0,39.2845,0
52.9351,2.38234,0,0,2.03717,0.0712425,0.36288,3.6288,61.308,0.437669,0,0,1.00732,0.209237,0.360414,0.66528,12.849,1,0.569879,0.36288,0,40.1711,4.4479,35.5162,0.84672,12.849,0.84672,3695.15,0,36.966,0.263895,0.789152,1.79587,3.60298,1.13074,4.79337,0.42336,36.966,0.42336,423.524,0,1.02816,0,0,1.81731,0.789152,1.028160,1,0,40.67,0,0,0,40.67,0
51.9918,2.3758,0,0,1.86609,0.0706776,0.36288,3.6288,61.308,0.437765,0,0,0.921421,0.209237,0.274419,0.66528,12.849,1,0.576681,0.36288,0,36.045,4.4479,31.3833,0.84672,12.849,0.84672,3695.15,0,36.966,0.263953,0.610252,1.88963,3.44148,1.13074,4.54667,0.42336,36.966,0.42336,423.524,0,1.02816,0,0,1.63841,0.610252,1.028160,1,0,36.2044,0,0,0,36.2044,0
50.961,2.36762,0,0,1.73354,0.0338451,0.36288,3.6288,61.308,0.437861,0,0,0.882092,0.237567,0.206664,0.66528,12.849,1,0.585123,0.36288,0,31.892,4.76921,26.9005,0.84672,12.849,0.84672,3695.15,0,36.966,0.264011,0.553599,1.8898,3.28603,1.21283,4.25259,0.42336,36.966,0.42336,423.524,0,1.02816,0,0,1.58176,0.553599,1.028160,1,0,31.3598,0,0,0,31.3598,0
49.8442,2.35838,0,0,1.63195,0.0275233,0.36288,3.6288,61.308,0.437957,0,0,0.842478,0.242289,0.162232,0.66528,12.849,1,0.594628,0.36288,0,31.4241,4.82275,26.3696,0.84672,12.849,0.84672,3695.15,0,36.966,0.264069,0.443794,1.88997,3.32845,1.22652,4.17162,0.42336,36.966,0.42336,423.524,0,1.02816,0,0,1.47195,0.443794,1.028160,1,0,30.7035,0,0,0,30.7035,0
48.611,2.348,0,0,1.5327,0.055024,0.36288,3.6288,61.308,0.438053,0,0,0.701957,0.261482,0.00242104,0.66528,12.849,1,0.605275,0.36288,0,29.0637,4.96945,23.8518,0.84672,12.849,0.84672,3695.15,0,36.966,0.264127,0.448174,1.89014,2.62793,1.19698,3.50514,0.42336,36.966,0.42336,423.524,0,1.02816,0,0,1.47633,0.448174,1.028160,1,0,27.3594,0,0,0,27.3594,0
47.3179,2.31514,0,0,1.45028,0.0652828,0.36288,3.6288,61.1953,0.468584,0,0,0.625052,0.26916,0,0.66528,12.849,1,0.611944,0.36288,0,26.8002,5.02814,21.523,0.84672,12.849,0.84672,3695.15,0,36.966,0.282535,0.454887,1.8903,2.36877,1.18516,3.24626,0.42336,36.966,0.42336,423.524,0,1.02816,0,0,1.48305,0.454887,1.028160,1,0,24.7692,0,0,0,24.7692,0
45.934,2.30219,0,0,1.32264,0.0415105,0.36288,3.6288,61.02,0.468358,0,0,0.608576,0.315569,0,0.66528,12.849,1,0.625151,0.36288,0,25.4864,5.67964,19.5444,0.84672,12.849,0.84672,3695.15,0,36.966,0.282919,0.333573,1.92321,2.28302,1.40566,2.85122,0.42336,36.966,0.42336,423.524,0,1.02816,0,0,1.36173,0.333573,1.028160,1,0,22.3957,0,0,0,22.3957,0
44.4407,2.28768,0,0,1.19494,0.0376924,0.36288,3.6288,60.8136,0.46795,0,0,0.575186,0.313615,0,0.66528,12.849,1,0.639926,0.36288,0,23.3455,6.26283,16.8057,0.84672,12.849,0.84672,3695.15,0,36.966,0.283485,0.370526,1.92338,2.25806,1.61845,2.65004,0.42336,36.966,0.42336,423.524,0,1.02816,0,0,1.39869,0.370526,1.028160,1,0,19.4557,0,0,0,19.4557,0
42.9912,2.2712,0,0,1.22258,0.0379908,0.36288,3.6288,60.6239,0.46745,0,0,0.592031,0.314273,0,0.66528,12.849,1,0.656664,0.36288,0,21.7109,6.0786,15.3385,0.84672,12.849,0.84672,3695.15,0,36.966,0.284143,0.337625,1.92355,2.23454,1.56539,2.64617,0.42336,36.966,0.42336,423.524,0,1.02816,0,0,1.36579,0.337625,1.028160,1,0,17.9846,0,0,0,17.9846,0
41.4788,2.30696,0,0,1.19705,0.0396444,0.36288,3.6288,60.3323,0.507648,0,0,0.532574,0.316562,0,0.66528,12.849,1,0.689494,0.36288,0,28.5126,5.61803,22.568,0.84672,12.849,0.84672,3695.15,0,36.966,0.309543,0.261274,1.92372,2.18144,1.43276,2.62413,0.42336,36.966,0.42336,423.524,0,1.00621,0,0,1.26749,0.261274,1.028160,1,0,25.1921,0,0,0,25.1921,0
39.9054,2.28797,0,0,1.11642,0.0389523,0.36288,3.6288,59.971,0.516946,0,0,0.471718,0.315976,0,0.66528,12.849,1,0.708752,0.36288,0,22.5561,5.61803,16.5922,0.84672,12.849,0.84672,3695.15,0,36.966,0.316737,0.261274,1.9703,1.99114,1.43276,2.47321,0.42336,36.966,0.42336,423.524,0,0.989885,0,0,1.25116,0.261274,1.028160,1,0,19.0654,0,0,0,19.0654,0
38.2527,2.26704,0,0,1.01548,0.0382323,0.36288,3.6288,59.4828,0.616046,0,0,0.443089,0.31525,0,0.66528,12.849,1,0.729956,0.36288,0,20.7411,5.61803,14.756,0.84672,12.849,0.84672,3695.15,0,36.966,0.379729,0.227405,1.97047,1.82233,1.43276,2.20772,0.42336,36.966,0.42336,423.524,0,0.827954,0,0,1.05536,0.227405,1.028160,1,0,16.9637,0,0,0,16.9637,0
36.7648,2.24363,0,0,1.14891,0.0303082,0.36288,3.6288,59.2226,0.490751,0,0,0.538703,0.308149,0,0.66528,12.849,1,0.75363,0.36288,0,21.3296,5.75952,15.1793,0.84672,12.849,0.84672,3695.15,0,36.966,0.304981,0.399289,1.97065,2.67162,1.46964,3.26693,0.42336,36.966,0.42336,423.524,0,1.02816,0,0,1.42745,0.399289,1.028160,1,0,18.4462,0,0,0,18.4462,0
34.9473,2.36957,0,0,0.959308,0.0443423,0.36288,3.6288,58.6102,0.678998,0,0,0.382729,0.316213,0,0.66528,12.849,1,0.828146,0.36288,0,17.6994,5.6072,11.6269,0.84672,12.849,0.84672,3695.15,0,36.966,0.42336,0.227405,1.97083,2.13792,1.47485,2.43795,0.42336,36.966,0.42336,423.524,0,0.87874,0,0,1.10614,0.227405,1.028160,1,0,14.0649,0,0,0,14.0649,0
33.2146,2.35128,0,0,1.02816,0.046671,0.36288,3.6288,58.1486,0.584478,0,0,0.443315,0.320417,0,0.66528,12.849,1,0.84672,0.36288,0,21.9586,5.56647,15.9083,0.84672,12.849,0.84672,3695.15,0,36.966,0.368636,0.258984,2.12985,2.31491,1.46906,2.86604,0.42336,36.966,0.42336,423.524,0,1.02816,0,0,1.28714,0.258984,1.028160,1,0,18.7744,0,0,0,18.7744,0
31.2805,2.35157,0,0,0.825984,0.0456894,0.36288,3.6288,57.2809,0.868912,0,0,0.320648,0.319465,0,0.66528,12.849,1,0.84672,0.36288,0,21.4572,5.56647,15.4069,0.84672,12.849,0.84672,3695.15,0,36.966,0.42336,0.204422,2.13004,1.85833,1.46906,2.30037,0.42336,36.966,0.42336,423.524,0,0.689178,0,0,0.893601,0.204422,1.028160,1,0,17.7072,0,0,0,17.7072,0
29.5498,2.35185,0,0,1.02867,0.0445936,0.36288,3.6288,56.9317,0.579493,0,0,0.548043,0.317677,0,0.66528,12.849,1,0.84672,0.36288,0,19.597,5.56647,13.5467,0.84672,12.849,0.84672,3695.15,0,36.966,0.373974,0.662196,2.13023,2.87335,1.46906,3.82274,0.42336,36.966,0.42336,423.524,0,1.02816,0,0,1.69036,0.662196,1.028160,1,0,17.3694,0,0,0,17.3694,0
27.724,2.35214,0,0,0.932204,0.0430005,0.36288,3.6288,56.5628,0.578209,0,0,0.52469,0.315382,0,0.66528,12.849,1,0.84672,0.36288,0,22.2451,5.29944,16.4619,0.84672,12.849,0.84672,3695.15,0,36.966,0.375434,0.669617,2.13042,3.07123,1.35501,4.14082,0.42336,36.966,0.42336,423.524,0,1.02816,0,0,1.69778,0.669617,1.028160,1,0,20.6027,0,0,0,20.6027,0
26.1593,2.25481,0,0,1.11677,0.0637752,0.36288,3.6288,56.4035,0.519164,0,0,0.669936,0.310079,0,0.66528,12.849,1,0.84672,0.36288,0,22.4495,5.52527,16.4404,0.84672,12.849,0.84672,3695.15,0,36.966,0.339294,1.16029,2.13061,3.24305,1.44545,4.7492,0.42336,36.966,0.42336,423.524,0,1.02816,0,0,2.18845,1.16029,1.028160,1,0,21.1896,0,0,0,21.1896,0
25.0329,2.25509,0,0,1.57228,0.0807757,0.36288,3.6288,56.3222,0.518686,0,0,0.727099,0.289697,0,0.66528,12.849,1,0.84672,0.36288,0,25.0569,5.35962,19.2135,0.84672,12.849,0.84672,3695.15,0,36.966,0.339939,1.44742,2.03883,2.88983,1.38856,4.64758,0.42336,36.966,0.42336,423.524,0,1.02816,0,0,2.47558,1.44742,1.028160,1,0,23.8611,0,0,0,23.8611,0
24.4938,2.25536,0,0,2.15866,0.0794907,0.36288,3.6288,56.6902,0.518492,0,0,1.17602,0.289543,0,0.66528,12.849,1,0.84672,0.36288,0,48.1387,5.35962,42.2953,0.84672,12.849,0.84672,3695.15,0,36.966,0.340302,3.05795,2.03901,5.12801,1.38856,8.49611,0.42336,36.966,0.42336,423.524,0,1.02816,0,0,4.08611,3.05795,1.028160,1,0,50.7914,0,0,0,50.7914,0
23.4848,2.25564,0,0,1.7076,0.0980772,0.36288,3.6288,56.7393,0.51993,0,0,0.839494,0.270529,0,0.66528,12.849,1,0.84672,0.36288,0,51.4277,5.13837,45.8055,0.84672,12.849,0.84672,3695.15,0,36.966,0.339031,1.83394,2.03919,3.32504,1.32037,5.53877,0.42336,36.966,0.42336,423.524,0,1.02816,0,0,2.8621,1.83394,1.028160,1,0,51.3443,0,0,0,51.3443,0
22.3533,2.17577,0,0,1.54302,0.135817,0.36288,3.6288,56.5193,0.467631,0,0,0.438531,0.190872,0,0.66528,12.849,1,0.84672,0.36288,0,26.3311,3.90191,21.9453,0.84672,12.849,0.84672,3695.15,0,36.966,0.304665,0.433063,2.03937,3.28998,0.870396,4.58736,0.42336,36.966,0.42336,423.524,0,1.02816,0,0,1.46122,0.433063,1.028160,1,0,26.5327,0,0,0,26.5327,0
21.2695,2.17604,0,0,1.58883,0.133742,0.36288,3.6288,56.5013,0.467011,0,0,0.639612,0.190599,0,0.66528,12.849,1,0.84672,0.36288,0,26.715,3.90191,22.3292,0.84672,12.849,0.84672,3695.15,0,36.966,0.305445,1.85973,1.95745,4.52697,0.870396,7.1683,0.42336,36.966,0.42336,423.524,0,1.02816,0,0,2.88789,1.85973,1.028160,1,0,29.4975,0,0,0,29.4975,0
23.0516,2.17631,0,0,4.45309,0.131792,0.36288,3.6288,57.7587,0.467049,0,0,1.91505,0.190576,0,0.66528,12.849,1,0.84672,0.36288,0,82.7476,3.90191,78.3619,0.84672,12.849,0.84672,3695.15,0,36.966,0.305567,4.83305,1.95762,9.39792,0.870396,15.0126,0.42336,36.966,0.42336,423.524,0,1.02816,0,0,5.86121,4.83305,1.028160,1,0,93.3745,0,0,0,93.3745,0
23.2169,2.17657,0,0,2.86648,0.161755,0.36288,3.6288,58.2827,0.471203,0,0,1.15669,0.161517,0,0.66528,12.849,1,0.84672,0.36288,0,51.5468,3.4666,47.5964,0.84672,12.849,0.84672,3695.15,0,36.966,0.301573,1.04219,1.95779,5.58928,0.74709,7.54061,0.42336,36.966,0.42336,423.524,0,1.02816,0,0,2.07035,1.04219,1.028160,1,0,55.137,0,0,0,55.137,0
25.3234,2.20461,0,0,4.82965,0.155629,0.36288,3.6288,59.5658,0.452848,0,0,1.92654,0.190553,0,0.66528,12.849,1,0.84672,0.36288,0,80.6611,3.90812,76.2692,0.84672,12.849,0.84672,3695.15,0,36.966,0.28722,3.94856,1.95797,13.8446,0.949221,18.5147,0.42336,36.966,0.42336,423.524,0,1.02816,0,0,4.97672,3.94856,1.028160,1,0,94.7839,0,0,0,94.7839,0
27.9136,2.20488,0,0,5.32119,0.163248,0.36288,3.6288,60.7091,0.456763,0,0,1.79251,0.192472,0,0.66528,12.849,1,0.84672,0.36288,0,94.1233,3.95608,89.6834,0.84672,12.849,0.84672,3695.15,0,36.966,0.283463,3.47729,1.93795,17.0812,1.01081,21.2022,0.42336,36.966,0.42336,423.524,0,1.02816,0,0,4.50545,3.47729,1.028160,1,0,110.886,0,0,0,110.886,0
30.2474,2.20515,0,0,5.07355,0.171711,0.36288,3.6288,61.308,0.460178,0,0,1.58931,0.178806,0.351417,0.66528,12.849,1,0.84672,0.36288,0,183.552,3.79109,179.277,0.84672,12.849,0.84672,3695.15,0,36.966,0.280204,2.81514,1.93812,10.3997,0.966074,13.9067,0.42336,36.966,0.42336,423.524,0,1.02816,0,0,3.8433,2.81514,1.028160,1,0,193.535,0,0,0,193.535,0
32.1624,2.20542,0,0,4.65903,0.175695,0.36288,3.6288,61.308,0.461984,0,0,1.42348,0.159121,0.802378,0.66528,12.849,1,0.84672,0.36288,0,134.43,3.46183,130.484,0.84672,12.849,0.84672,3695.15,0,36.966,0.278556,2.31898,1.9383,8.77193,0.966249,11.7844,0.42336,36.966,0.42336,423.524,0,1.02816,0,0,3.34714,2.31898,1.028160,1,0,143.071,0,0,0,143.071,0
35.175,2.15458,0,0,5.7104,0.180418,0.36288,3.6288,61.308,0.443604,0,0,2.0561,0.178779,1.43372,0.66528,12.849,1,0.84672,0.36288,0,125.436,3.77304,121.179,0.84672,12.849,0.84672,3695.15,0,36.966,0.267474,2.90831,1.93847,11.5711,0.98958,15.1608,0.42336,36.966,0.42336,423.524,0,1.02816,0,0,3.93647,2.90831,1.028160,1,0,137.773,0,0,0,137.773,0
36.7392,2.30597,0,0,4.4246,0.191478,0.36288,3.6288,61.308,0.497861,0,0,2.3193,0.214269,1.60717,0.66528,12.849,1,0.842343,0.36288,0,105.665,4.32021,100.866,0.84672,12.849,0.84672,3695.15,0,36.966,0.300188,3.01866,1.90618,11.7352,0.968461,15.3914,0.42336,36.966,0.42336,423.524,0,1.02816,0,0,4.04682,3.01866,1.028160,1,0,117.864,0,0,0,117.864,0
38.3315,2.29367,0,0,4.4635,0.214659,0.36288,3.6288,61.308,0.478875,0,0,2.09377,0.240934,1.37396,0.66528,12.849,1,0.802176,0.36288,0,102.125,4.89164,96.7939,0.84672,12.849,0.84672,3695.15,0,36.966,0.28874,2.82469,2.00092,10.9008,1.14672,14.291,0.42336,36.966,0.42336,423.524,0,1.02816,0,0,3.85285,2.82469,1.028160,1,0,112.459,0,0,0,112.459,0
39.7861,2.3583,0,0,4.3945,0.21872,0.36288,3.6288,61.308,0.498047,0,0,2.25629,0.240934,1.51731,0.66528,12.849,1,0.79052,0.36288,0,100.628,4.89164,95.3091,0.84672,12.849,0.84672,3695.15,0,36.966,0.3003,2.93933,1.96758,12.1884,1.14672,15.6483,0.42336,36.966,0.42336,423.524,0,1.02816,0,0,3.96749,2.93933,1.028160,1,0,112.475,0,0,0,112.475,0
41.0406,2.38035,0,0,4.22008,0.222429,0.36288,3.6288,61.308,0.49814,0,0,2.35177,0.240934,1.6127,0.66528,12.849,1,0.768737,0.36288,0,90.4435,4.89164,85.146,0.84672,12.849,0.84672,3695.15,0,36.966,0.300357,3.21641,2.00125,11.7843,1.14672,15.5549,0.42336,36.966,0.42336,423.524,0,1.02816,0,0,4.24457,3.21641,1.028160,1,0,102.314,0,0,0,102.314,0
41.8042,2.41198,0,0,3.76729,0.228826,0.36288,3.6288,61.308,0.525595,0,0,1.85003,0.256246,1.06819,0.66528,12.849,1,0.755143,0.36288,0,84.1242,4.32432,79.4076,0.84672,12.849,0.84672,3695.15,0,36.966,0.316911,2.22409,2.00141,7.87199,1.15326,10.6273,0.42336,36.966,0.42336,423.524,0,1.02816,0,0,3.25225,2.22409,1.028160,1,0,91.1031,0,0,0,91.1031,0
43.0565,2.42273,0,0,4.26881,0.230889,0.36288,3.6288,61.308,0.525691,0,0,2.07271,0.256246,1.29077,0.66528,12.849,1,0.744653,0.36288,0,90.9109,4.32432,86.2048,0.84672,12.849,0.84672,3695.15,0,36.966,0.316968,2.79474,2.03879,10.4561,1.15326,13.8194,0.42336,36.966,0.42336,423.524,0,1.02816,0,0,3.8229,2.79474,1.028160,1,0,101.315,0,0,0,101.315,0
44.9323,2.43961,0,0,4.92377,0.245429,0.36288,3.6288,61.308,0.525786,0,0,2.14724,0.224665,1.39679,0.66528,12.849,1,0.728032,0.36288,0,112.459,3.78342,108.311,0.84672,12.849,0.84672,3695.15,0,36.966,0.317026,2.68107,2.03896,13.2593,1.0424,16.6199,0.42336,36.966,0.42336,423.524,0,1.02816,0,0,3.70923,2.68107,1.028160,1,0,126.327,0,0,0,126.327,0
46.8849,2.46344,0,0,5.03823,0.259286,0.36288,3.6288,61.308,0.525882,0,0,2.69222,0.200978,1.96536,0.66528,12.849,1,0.704455,0.36288,0,115.445,3.37775,111.726,0.84672,12.849,0.84672,3695.15,0,36.966,0.317083,4.07312,2.03913,14.8567,0.959243,19.6926,0.42336,36.966,0.42336,423.524,0,1.02816,0,0,5.10128,4.07312,1.028160,1,0,133.384,0,0,0,133.384,0
48.4906,2.36989,0,0,4.54289,0.204449,0.36288,3.6288,61.308,0.452763,0,0,2.80625,0.276225,2.07726,0.66528,12.849,1,0.649478,0.36288,0,99.6391,4.25277,95.0997,0.84672,12.849,0.84672,3695.15,0,36.966,0.272996,3.59884,2.0393,11.3216,1.1269,15.5598,0.42336,36.966,0.42336,423.524,0,1.02816,0,0,4.627,3.59884,1.028160,1,0,112.737,0,0,0,112.737,0
50.2893,2.38709,0,0,4.80105,0.252352,0.36288,3.6288,61.308,0.452852,0,0,3.07475,0.237929,2.38397,0.66528,12.849,1,0.632529,0.36288,0,104.968,3.76415,100.934,0.84672,12.849,0.84672,3695.15,0,36.966,0.27305,3.5428,1.92091,13.1236,0.986168,17.328,0.42336,36.966,0.42336,423.524,0,1.02816,0,0,4.57096,3.5428,1.028160,1,0,120.646,0,0,0,120.646,0
53.0481,2.40531,0,0,5.78423,0.257257,0.36288,3.6288,61.308,0.452942,0,0,3.1824,0.237929,2.49153,0.66528,12.849,1,0.614559,0.36288,0,127.958,3.76415,123.943,0.84672,12.849,0.84672,3695.15,0,36.966,0.273104,3.77863,1.92106,13.0068,0.986168,17.4472,0.42336,36.966,0.42336,423.524,0,1.02816,0,0,4.80679,3.77863,1.028160,1,0,143.881,0,0,0,143.881,0
55.2056,2.43123,0,0,5.21636,0.26474,0.36288,3.6288,61.308,0.453031,0,0,2.81445,0.237929,2.12349,0.66528,12.849,1,0.588879,0.36288,0,115.277,3.76415,111.286,0.84672,12.849,0.84672,3695.15,0,36.966,0.273158,4.16775,1.92122,11.9909,0.986168,16.8205,0.42336,36.966,0.42336,423.524,0,1.02816,0,0,5.19591,4.16775,1.028160,1,0,130.23,0,0,0,130.23,0
58.1944,2.4501,0,0,6.05019,0.248391,0.36288,3.6288,61.308,0.453121,0,0,3.77127,0.223884,3.09427,0.66528,12.849,1,0.570257,0.36288,0,119.663,4.18738,115.268,0.84672,12.849,0.84672,3695.15,0,36.966,0.273212,4.63374,1.92138,18.2034,1.06139,23.4239,0.42336,36.966,0.42336,423.524,0,1.02816,0,0,5.6619,4.63374,1.028160,1,0,141.787,0,0,0,141.787,0
59.6503,2.5647,0,0,4.62216,0.238683,0.36288,3.6288,61.308,0.497235,0,0,1.60245,0.21335,0.891866,0.66528,12.849,1,0.566272,0.36288,0,111.853,4.50482,107.144,0.84672,12.849,0.84672,3695.15,0,36.966,0.299811,2.41046,1.92154,10.1152,1.11781,13.0296,0.42336,36.966,0.42336,423.524,0,1.02816,0,0,3.43862,2.41046,1.028160,1,0,121.066,0,0,0,121.066,0
61.4958,2.57628,0,0,5.02666,0.242064,0.36288,3.6288,61.308,0.497329,0,0,2.25642,0.21335,1.54574,0.66528,12.849,1,0.554945,0.36288,0,135.619,4.50482,130.923,0.84672,12.849,0.84672,3695.15,0,36.966,0.299867,3.16291,1.9969,10.9855,1.11781,14.7276,0.42336,36.966,0.42336,423.524,0,1.02816,0,0,4.19107,3.16291,1.028160,1,0,147.196,0,0,0,147.196,0
63.7986,2.59027,0,0,5.48377,0.227806,0.36288,3.6288,61.308,0.497422,0,0,1.45705,0.223837,0.73579,0.66528,12.849,1,0.541215,0.36288,0,126.417,4.74103,121.498,0.84672,12.849,0.84672,3695.15,0,36.966,0.299923,2.5394,1.99706,12.6086,1.12217,15.723,0.42336,36.966,0.42336,423.524,0,1.02816,0,0,3.56756,2.5394,1.028160,1,0,137.956,0,0,0,137.956,0
64.6655,2.60674,0,0,4.03086,0.194318,0.36288,3.6288,61.308,0.497515,0,0,1.09915,0.21397,0.387661,0.66528,12.849,1,0.524997,0.36288,0,88.3319,4.40669,83.7631,0.84672,12.849,0.84672,3695.15,0,36.966,0.299979,1.89893,1.99723,7.75146,1.04569,10.3019,0.42336,36.966,0.42336,423.524,0,1.02816,0,0,2.92709,1.89893,1.028160,1,0,94.4527,0,0,0,94.4527,0
65.0692,2.57682,0,0,3.54457,0.201148,0.36288,3.6288,61.308,0.480504,0,0,1.03948,0.22959,0.329385,0.66528,12.849,1,0.512013,0.36288,0,79.8759,5.10151,74.6253,0.84672,12.849,0.84672,3695.15,0,36.966,0.289722,2.14005,1.99739,7.52371,1.14342,10.228,0.42336,36.966,0.42336,423.524,0,1.02816,0,0,3.16821,2.14005,1.028160,1,0,85.1827,0,0,0,85.1827,0
65.1772,2.57968,0,0,3.20036,0.149831,0.36288,3.6288,61.308,0.480595,0,0,1.13323,0.212611,0.440024,0.66528,12.849,1,0.509401,0.36288,0,72.4576,4.19822,68.1129,0.84672,12.849,0.84672,3695.15,0,36.966,0.289778,1.74599,1.96828,7.10623,1.03948,9.49124,0.42336,36.966,0.42336,423.524,0,1.02816,0,0,2.77415,1.74599,1.028160,1,0,78.0442,0,0,0,78.0442,0
65.0898,2.5806,0,0,3.00601,0.149961,0.36288,3.6288,61.308,0.480687,0,0,1.06749,0.212611,0.374191,0.66528,12.849,1,0.508738,0.36288,0,61.7469,4.19822,57.4028,0.84672,12.849,0.84672,3695.15,0,36.966,0.289833,1.55809,1.96844,6.48216,1.03948,8.67938,0.42336,36.966,0.42336,423.524,0,1.02816,0,0,2.58625,1.55809,1.028160,1,0,66.4564,0,0,0,66.4564,0
64.8744,2.58024,0,0,2.87762,0.149855,0.36288,3.6288,61.308,0.480779,0,0,0.999518,0.212611,0.306128,0.66528,12.849,1,0.50935,0.36288,0,58.312,4.19822,53.9673,0.84672,12.849,0.84672,3695.15,0,36.966,0.289888,1.36836,1.9686,6.46618,1.03948,8.47377,0.42336,36.966,0.42336,423.524,0,1.02816,0,0,2.39652,1.36836,1.028160,1,0,62.7472,0,0,0,62.7472,0
64.4815,2.70138,0,0,2.77682,0.105478,0.36288,3.6288,61.308,0.541548,0,0,0.968112,0.235719,0.190846,0.66528,12.849,1,0.535035,0.36288,0,58.0442,5.09682,52.7752,0.84672,12.849,0.84672,3695.15,0,36.966,0.326529,1.28504,1.96876,7.33156,1.19529,9.06354,0.42336,36.966,0.42336,423.524,0,1.02816,0,0,2.3132,1.28504,1.028160,1,0,62.0296,0,0,0,62.0296,0
64.0312,2.69888,0,0,2.70476,0.0932737,0.36288,3.6288,61.308,0.541644,0,0,0.931928,0.251474,0.138809,0.66528,12.849,1,0.537797,0.36288,0,55.2277,5.34429,49.7085,0.84672,12.849,0.84672,3695.15,0,36.966,0.326587,1.33824,2.07154,5.97269,1.24945,7.80644,0.42336,36.966,0.42336,423.524,0,1.02816,0,0,2.3664,1.33824,1.028160,1,0,57.6538,0,0,0,57.6538,0
63.5173,2.69595,0,0,2.62338,0.0784181,0.36288,3.6288,61.308,0.541741,0,0,0.897247,0.274673,0.0808321,0.66528,12.849,1,0.540991,0.36288,0,52.3562,5.45457,46.7236,0.84672,12.849,0.84672,3695.15,0,36.966,0.326646,1.4131,2.07171,5.56531,1.30424,7.41923,0.42336,36.966,0.42336,423.524,0,1.02816,0,0,2.44126,1.4131,1.028160,1,0,54.2236,0,0,0,54.2236,0
62.9472,2.69253,0,0,2.5525,0.0672495,0.36288,3.6288,61.308,0.541838,0,0,0.868493,0.292073,0.0345821,0.66528,12.849,1,0.544676,0.36288,0,48.5761,5.53728,42.857,0.84672,12.849,0.84672,3695.15,0,36.966,0.326704,1.31776,2.07188,5.46216,1.34533,7.17976,0.42336,36.966,0.42336,423.524,0,1.02816,0,0,2.34592,1.31776,1.028160,1,0,50.0713,0,0,0,50.0713,0
62.412,2.68866,0,0,2.59146,0.0751354,0.36288,3.6288,61.308,0.541935,0,0,0.937863,0.29266,0.103268,0.66528,12.849,1,0.548818,0.36288,0,52.5575,5.5935,46.778,0.84672,12.849,0.84672,3695.15,0,36.966,0.326763,1.34529,2.07205,5.63557,1.37289,7.35325,0.42336,36.966,0.42336,423.524,0,1.02816,0,0,2.37345,1.34529,1.028160,1,0,54.2345,0,0,0,54.2345,0
62.0241,2.43814,0,0,2.49408,0.0809283,0.36288,3.6288,61.308,0.473516,0,0,0.943773,0.293101,0.177156,0.66528,12.849,1,0.501949,0.36288,0,52.4181,5.63567,46.6434,0.84672,12.849,0.84672,3695.15,0,36.966,0.285509,1.17348,2.07221,5.41888,1.39356,6.9855,0.42336,36.966,0.42336,423.524,0,1.02816,0,0,2.20164,1.17348,1.028160,1,0,53.806,0,0,0,53.806,0
61.4482,2.43574,0,0,2.30343,0.0806708,0.36288,3.6288,61.308,0.473607,0,0,0.900711,0.293101,0.134003,0.66528,12.849,1,0.504591,0.36288,0,47.5149,5.63567,41.7375,0.84672,12.849,0.84672,3695.15,0,36.966,0.285564,1.05128,1.93175,5.39664,1.39356,6.70055,0.42336,36.966,0.42336,423.524,0,1.02816,0,0,2.07944,1.05128,1.028160,1,0,48.5721,0,0,0,48.5721,0
60.8023,2.43203,0,0,2.2293,0.0802886,0.36288,3.6288,61.308,0.473698,0,0,0.848604,0.293101,0.0818041,0.66528,12.849,1,0.508543,0.36288,0,42.9664,5.63567,37.185,0.84672,12.849,0.84672,3695.15,0,36.966,0.285619,0.819564,1.93191,5.26686,1.39356,6.33915,0.42336,36.966,0.42336,423.524,0,1.02816,0,0,1.84772,0.819564,1.028160,1,0,43.606,0,0,0,43.606,0
60.1469,2.42776,0,0,2.20235,0.0671791,0.36288,3.6288,61.308,0.47379,0,0,0.820601,0.30645,0.0403611,0.66528,12.849,1,0.513045,0.36288,0,39.9909,5.73375,34.107,0.84672,12.849,0.84672,3695.15,0,36.966,0.285674,0.804911,1.93207,5.13286,1.44958,6.13458,0.42336,36.966,0.42336,423.524,0,1.02816,0,0,1.83307,0.804911,1.028160,1,0,40.282,0,0,0,40.282,0
59.5608,2.47991,0,0,2.31386,0.0571206,0.36288,3.6288,61.2725,0.501134,0,0,0.790007,0.324353,0,0.66528,12.849,1,0.529776,0.36288,0,40.7211,5.79075,34.7634,0.84672,12.849,0.84672,3695.15,0,36.966,0.302161,1.14509,1.93223,4.82475,1.47088,6.12902,0.42336,36.966,0.42336,423.524,0,1.02816,0,0,2.17325,1.14509,1.028160,1,0,40.8925,0,0,0,40.8925,0
58.7112,2.47583,0,0,2.04587,0.056801,0.36288,3.6288,61.1908,0.501118,0,0,0.743697,0.32428,0,0.66528,12.849,1,0.534108,0.36288,0,38.4667,5.79075,32.5048,0.84672,12.849,0.84672,3695.15,0,36.966,0.302327,0.919944,1.979,4.52624,1.47088,5.65197,0.42336,36.966,0.42336,423.524,0,1.02816,0,0,1.9481,0.919944,1.028160,1,0,38.1567,0,0,0,38.1567,0
57.6798,2.46969,0,0,1.84877,0.0475617,0.36288,3.6288,61.0969,0.50096,0,0,0.736335,0.329289,0,0.66528,12.849,1,0.540493,0.36288,0,36.4638,5.9403,30.3459,0.84672,12.849,0.84672,3695.15,0,36.966,0.302635,0.861788,1.97916,4.51619,1.50076,5.55374,0.42336,36.966,0.42336,423.524,0,1.02816,0,0,1.88995,0.861788,1.028160,1,0,35.8996,0,0,0,35.8996,0
56.3263,2.46198,0,0,1.51823,0.0469181,0.36288,3.6288,60.9943,0.500763,0,0,0.720472,0.322289,0,0.66528,12.849,1,0.548442,0.36288,0,34.3033,5.97046,28.1473,0.84672,12.849,0.84672,3695.15,0,36.966,0.302981,0.835246,1.97932,4.32137,1.39719,5.43576,0.42336,36.966,0.42336,423.524,0,1.02816,0,0,1.86341,0.835246,1.028160,1,0,33.583,0,0,0,33.583,0
54.7464,2.61518,0,0,1.45525,0.057055,0.36288,3.6288,60.8138,0.59875,0,0,0.737752,0.319502,0,0.66528,12.849,1,0.596567,0.36288,0,30.056,5.836,23.9863,0.84672,12.849,0.84672,3695.15,0,36.966,0.362876,0.806881,1.97948,3.5195,1.39635,4.54663,0.42336,36.966,0.42336,423.524,0,1.02816,0,0,1.83504,0.806881,1.028160,1,0,28.5329,0,0,0,28.5329,0
53.0567,2.60145,0,0,1.33364,0.0590018,0.36288,3.6288,60.5972,0.598182,0,0,0.701024,0.319421,0,0.66528,12.849,1,0.61056,0.36288,0,26.6763,5.80514,20.6234,0.84672,12.849,0.84672,3695.15,0,36.966,0.363608,0.748872,2.13919,3.14671,1.4079,4.26326,0.42336,36.966,0.42336,423.524,0,1.02816,0,0,1.77703,0.748872,1.028160,1,0,24.8867,0,0,0,24.8867,0
51.4114,2.586,0,0,1.36151,0.057998,0.36288,3.6288,60.3522,0.597476,0,0,0.671363,0.318982,0,0.66528,12.849,1,0.626265,0.36288,0,24.6114,5.80514,18.5429,0.84672,12.849,0.84672,3695.15,0,36.966,0.364477,0.676538,2.13936,3.22594,1.4079,4.26947,0.42336,36.966,0.42336,423.524,0,1.02816,0,0,1.7047,0.676538,1.028160,1,0,22.8123,0,0,0,22.8123,0
50.446,2.57018,0,0,2.02899,0.061256,0.36288,3.6288,60.2329,0.596659,0,0,0.794828,0.317419,0,0.66528,12.849,1,0.642353,0.36288,0,31.6815,5.77545,25.6266,0.84672,12.849,0.84672,3695.15,0,36.966,0.365456,1.02555,2.13954,3.53553,1.40426,4.9309,0.42336,36.966,0.42336,423.524,0,1.02816,0,0,2.05371,1.02555,1.028160,1,0,30.5575,0,0,0,30.5575,0
49.5788,2.56059,0,0,2.12857,0.0723329,0.36288,3.6288,60.2505,0.596311,0,0,0.905472,0.291563,0,0.66528,12.849,1,0.652203,0.36288,0,38.9625,5.53727,33.1359,0.84672,12.849,0.84672,3695.15,0,36.966,0.365967,0.996555,2.13971,3.77368,1.3839,5.16008,0.42336,36.966,0.42336,423.524,0,1.02816,0,0,2.02471,0.996555,1.028160,1,0,38.296,0,0,0,38.296,0
48.0372,2.47388,0,0,1.34905,0.0538836,0.36288,3.6288,60.1765,0.53712,0,0,0.729043,0.265961,0,0.66528,12.849,1,0.64114,0.36288,0,27.2126,5.45717,21.4772,0.84672,12.849,0.84672,3695.15,0,36.966,0.329544,0.612213,2.13989,3.32236,1.38587,4.35905,0.42336,36.966,0.42336,423.524,0,1.02816,0,0,1.64037,0.612213,1.028160,1,0,25.8363,0,0,0,25.8363,0
46.5552,2.45785,0,0,1.40747,0.0687458,0.36288,3.6288,60.0906,0.536965,0,0,0.701844,0.250783,0,0.66528,12.849,1,0.657427,0.36288,0,26.1565,5.24953,20.6124,0.84672,12.849,0.84672,3695.15,0,36.966,0.329854,0.561989,2.0477,3.34337,1.32097,4.30223,0.42336,36.966,0.42336,423.524,0,1.02816,0,0,1.59015,0.561989,1.028160,1,0,24.9146,0,0,0,24.9146,0
47.6731,2.44165,0,0,4.08303,0.160623,0.36288,3.6288,61.0473,0.536769,0,0,1.65388,0.160378,0,0.66528,12.849,1,0.673883,0.36288,0,78.8359,4.00375,74.5211,0.84672,12.849,0.84672,3695.15,0,36.966,0.330205,1.42234,2.04786,8.78132,0.931583,10.9897,0.42336,36.966,0.42336,423.524,0,1.02816,0,0,2.4505,1.42234,1.028160,1,0,85.5108,0,0,0,85.5108,0
47.692,2.4543,0,0,2.99869,0.162614,0.36288,3.6288,61.308,0.540089,0,0,1.17461,0.161356,0.21245,0.66528,12.849,1,0.66149,0.36288,0,68.4307,4.00375,64.1283,0.84672,12.849,0.84672,3695.15,0,36.966,0.32704,1.42048,2.04803,4.95057,0.931583,7.16046,0.42336,36.966,0.42336,423.524,0,1.02816,0,0,2.44864,1.42048,1.028160,1,0,71.5012,0,0,0,71.5012,0
48.6531,2.39129,0,0,3.87286,0.157518,0.36288,3.6288,61.308,0.486648,0,0,2.74755,0.200453,2.06045,0.66528,12.849,1,0.644254,0.36288,0,105.267,3.17216,101.814,0.84672,12.849,0.84672,3695.15,0,36.966,0.293427,2.44569,2.0482,10.0843,0.846486,13.4383,0.42336,36.966,0.42336,423.524,0,1.02816,0,0,3.47385,2.44569,1.028160,1,0,117.312,0,0,0,117.312,0
49.6155,2.40156,0,0,3.88593,0.159176,0.36288,3.6288,61.308,0.48674,0,0,2.35818,0.200453,1.67099,0.66528,12.849,1,0.634237,0.36288,0,99.1518,3.17216,95.7083,0.84672,12.849,0.84672,3695.15,0,36.966,0.293483,3.51747,1.9659,12.8409,0.846486,17.1843,0.42336,36.966,0.42336,423.524,0,1.02816,0,0,4.54563,3.51747,1.028160,1,0,114.564,0,0,0,114.564,0
53.3429,2.41153,0,0,6.67206,0.170242,0.36288,3.6288,61.308,0.486832,0,0,1.99113,0.19861,1.30569,0.66528,12.849,1,0.624517,0.36288,0,111.379,3.43455,107.683,0.84672,12.849,0.84672,3695.15,0,36.966,0.293538,2.8418,1.96606,10.9248,0.909937,14.5292,0.42336,36.966,0.42336,423.524,0,1.02816,0,0,3.86996,2.8418,1.028160,1,0,123.518,0,0,0,123.518,0
54.5992,2.44689,0,0,4.25612,0.19002,0.36288,3.6288,61.308,0.486925,0,0,2.35464,0.196152,1.67156,0.66528,12.849,1,0.589397,0.36288,0,110.616,3.78441,106.605,0.84672,12.849,0.84672,3695.15,0,36.966,0.293594,3.03553,1.96623,11.4417,0.994537,15.1553,0.42336,36.966,0.42336,423.524,0,1.02816,0,0,4.06369,3.03553,1.028160,1,0,123.432,0,0,0,123.432,0
59.7591,2.48065,0,0,8.21557,0.212135,0.36288,3.6288,61.308,0.466424,0,0,5.92082,0.188841,5.26555,0.66528,12.849,1,0.583778,0.36288,0,195.966,3.85131,191.894,0.84672,12.849,0.84672,3695.15,0,36.966,0.281233,5.60146,1.96639,28.106,1.04172,34.3509,0.42336,36.966,0.42336,423.524,0,1.02816,0,0,6.62962,5.60146,1.028160,1,0,231.511,0,0,0,231.511,0
62.3519,2.52234,0,0,5.70946,0.231454,0.36288,3.6288,61.308,0.466515,0,0,3.87493,0.185917,3.2225,0.66528,12.849,1,0.542336,0.36288,0,167.768,3.87807,163.711,0.84672,12.849,0.84672,3695.15,0,36.966,0.281288,3.18559,1.94627,17.799,1.06059,21.589,0.42336,36.966,0.42336,423.524,0,1.02816,0,0,4.21375,3.18559,1.028160,1,0,188.522,0,0,0,188.522,0
65.89,2.54125,0,0,6.67888,0.236642,0.36288,3.6288,61.308,0.466606,0,0,4.31489,0.185917,3.66236,0.66528,12.849,1,0.52368,0.36288,0,216.433,3.87807,212.394,0.84672,12.849,0.84672,3695.15,0,36.966,0.281342,3.76679,1.94643,18.2932,1.06059,22.6645,0.42336,36.966,0.42336,423.524,0,1.02816,0,0,4.79495,3.76679,1.028160,1,0,238.721,0,0,0,238.721,0
68.6649,2.56499,0,0,5.94632,0.243513,0.36288,3.6288,61.308,0.466696,0,0,3.87903,0.185917,3.22642,0.66528,12.849,1,0.50019,0.36288,0,185.283,3.87807,181.268,0.84672,12.849,0.84672,3695.15,0,36.966,0.281397,2.93668,1.94659,13.7556,1.06059,17.2969,0.42336,36.966,0.42336,423.524,0,1.02816,0,0,3.96484,2.93668,1.028160,1,0,201.791,0,0,0,201.791,0
71.8845,2.58223,0,0,6.42832,0.26366,0.36288,3.6288,61.308,0.466787,0,0,3.60731,0.206798,2.93373,0.66528,12.849,1,0.483202,0.36288,0,189.73,3.83559,185.774,0.84672,12.849,0.84672,3695.15,0,36.966,0.281452,2.68536,1.94675,13.8558,1.02552,17.1809,0.42336,36.966,0.42336,423.524,0,1.02816,0,0,3.71352,2.68536,1.028160,1,0,205.889,0,0,0,205.889,0
72.29,2.68227,0,0,5.04402,0.311868,1.64438,3.6288,61.308,0.50271,0,0,1.92639,0.214593,1.20909,0.66528,12.849,1,0.479442,1.64438,0,141.991,4.15285,139.003,0.84672,12.849,0.84672,3695.15,0,36.966,0.303112,1.68078,1.94691,9.47108,1.07855,11.7171,0.42336,36.966,0.42336,423.524,0,1.02816,0,0,2.70894,1.68078,1.028160,1,0,151.929,0,0,0,151.929,0
72.29,2.68475,0,0,4.43271,0.312831,1.43513,3.6288,61.308,0.502795,0,0,1.70389,0.214593,0.986506,0.66528,12.849,1,0.477194,1.43513,0,116.313,4.15285,113.118,0.84672,12.849,0.84672,3695.15,0,36.966,0.303163,1.50441,2.00944,8.37233,1.07855,10.5045,0.42336,36.966,0.42336,423.524,0,1.02816,0,0,2.53257,1.50441,1.028160,1,0,124.609,0,0,0,124.609,0
72.29,2.68495,0,0,3.75911,0.312831,0.761326,3.6288,61.308,0.502881,0,0,1.14716,0.214593,0.429685,0.66528,12.849,1,0.47723,0.761326,0,91.6635,4.15285,87.7947,0.84672,12.849,0.84672,3695.15,0,36.966,0.303215,0.946391,2.00959,8.33871,1.07855,9.91293,0.42336,36.966,0.42336,423.524,0,1.02816,0,0,1.97455,0.946391,1.028160,1,0,98.1373,0,0,0,98.1373,0
72.29,2.68515,0,0,4.62732,0.35958,1.58259,3.6288,61.308,0.502966,0,0,1.282,0.202097,0.57694,0.66528,12.849,1,0.477265,1.58259,0,126.676,4.28578,123.496,0.84672,12.849,0.84672,3695.15,0,36.966,0.303266,1.07684,2.00974,9.26001,1.31034,10.733,0.42336,36.966,0.42336,423.524,0,1.02816,0,0,2.105,1.07684,1.028160,1,0,134.806,0,0,0,134.806,0
72.29,2.70051,0,0,3.47814,0.308301,0.469329,3.6288,61.308,0.530529,0,0,1.16466,0.202203,0.431931,0.66528,12.849,1,0.479996,0.469329,0,88.808,4.05862,84.7387,0.84672,12.849,0.84672,3695.15,0,36.966,0.319885,1.86211,2.00989,8.30275,1.1288,10.7261,0.42336,36.966,0.42336,423.524,0,1.02816,0,0,2.89027,1.86211,1.028160,1,0,95.8967,0,0,0,95.8967,0
71.2915,2.70072,0,0,2.36488,0.299755,0.36288,3.6288,61.308,0.530616,0,0,1.01364,0.202221,0.280808,0.66528,12.849,1,0.480032,0.36288,0,50.3921,4.02076,46.2542,0.84672,12.849,0.84672,3695.15,0,36.966,0.319938,1.07141,2.04741,5.13366,1.09854,6.83401,0.42336,36.966,0.42336,423.524,0,1.02816,0,0,2.09957,1.07141,1.028160,1,0,53.369,0,0,0,53.369,0
70.2632,2.69522,0,0,2.32722,0.297484,0.36288,3.6288,61.308,0.598807,0,0,0.915028,0.202221,0.114,0.66528,12.849,1,0.485764,0.36288,0,48.5025,4.02076,44.3588,0.84672,12.849,0.84672,3695.15,0,36.966,0.361054,0.608429,2.04757,4.40929,1.09854,5.60568,0.42336,36.966,0.42336,423.524,0,0.918994,0,0,1.52742,0.608429,1.028160,1,0,50.0785,0,0,0,50.0785,0
70.6427,2.68941,0,0,3.72699,0.295145,0.36288,3.6288,61.308,0.530792,0,0,1.44492,0.202221,0.711907,0.66528,12.849,1,0.491812,0.36288,0,125.169,4.02076,121.019,0.84672,12.849,0.84672,3695.15,0,36.966,0.320044,1.09563,2.04772,13.1598,1.09854,14.8845,0.42336,36.966,0.42336,423.524,0,1.02816,0,0,2.12379,1.09563,1.028160,1,0,136.615,0,0,0,136.615,0
72.29,2.56543,0,0,5.22074,0.299116,0.708911,3.6288,61.308,0.457357,0,0,1.67032,0.215158,0.997804,0.66528,12.849,1,0.466619,0.708911,0,117.431,3.68682,113.987,0.84672,12.849,0.84672,3695.15,0,36.966,0.275766,1.94328,2.04787,9.44438,1.04893,12.1108,0.42336,36.966,0.42336,423.524,0,1.02816,0,0,2.97144,1.94328,1.028160,1,0,127.096,0,0,0,127.096,0
72.29,2.57465,0,0,5.02116,0.311319,2.13519,3.6288,61.308,0.457439,0,0,1.47036,0.222563,0.790353,0.66528,12.849,1,0.457625,2.13519,0,131.564,3.70671,129.535,0.84672,12.849,0.84672,3695.15,0,36.966,0.275816,1.85346,1.92897,7.99165,1.08197,10.4163,0.42336,36.966,0.42336,423.524,0,1.02816,0,0,2.88162,1.85346,1.028160,1,0,140.742,0,0,0,140.742,0
72.29,2.57484,0,0,4.95088,0.311319,2.06471,3.6288,61.308,0.457522,0,0,1.48855,0.222563,0.808467,0.66528,12.849,1,0.457659,2.06471,0,75.5756,3.70671,73.476,0.84672,12.849,0.84672,3695.15,0,36.966,0.275865,1.95435,1.92912,7.65029,1.08197,10.1759,0.42336,36.966,0.42336,423.524,0,1.02816,0,0,2.98251,1.95435,1.028160,1,0,84.4604,0,0,0,84.4604,0
72.29,2.57504,0,0,4.92411,0.311319,2.03775,3.6288,61.308,0.457604,0,0,1.36286,0.222563,0.682699,0.66528,12.849,1,0.457693,2.03775,0,113.577,3.70671,111.45,0.84672,12.849,0.84672,3695.15,0,36.966,0.275915,1.75562,1.92926,7.95165,1.08197,10.2787,0.42336,36.966,0.42336,423.524,0,1.02816,0,0,2.78378,1.75562,1.028160,1,0,122.412,0,0,0,122.412,0
72.29,2.57523,0,0,5.8171,0.304814,2.93706,3.6288,61.308,0.457686,0,0,2.33348,0.204612,1.67118,0.66528,12.849,1,0.457728,2.93706,0,106.181,3.7869,104.874,0.84672,12.849,0.84672,3695.15,0,36.966,0.275964,3.01932,1.92941,11.2202,1.0078,14.8851,0.42336,36.966,0.42336,423.524,0,1.02816,0,0,4.04748,3.01932,1.028160,1,0,121.43,0,0,0,121.43,0
72.29,2.66952,0,0,6.27132,0.294518,3.30728,3.6288,61.308,0.501976,0,0,1.9463,0.210378,1.23394,0.66528,12.849,1,0.474487,3.30728,0,165.548,4.4225,163.958,0.84672,12.849,0.84672,3695.15,0,36.966,0.302669,2.95978,1.92955,12.1549,1.10876,15.6328,0.42336,36.966,0.42336,423.524,0,1.02816,0,0,3.98794,2.95978,1.028160,1,0,180.825,0,0,0,180.825,0
72.29,2.66972,0,0,4.82189,0.294518,1.85765,3.6288,61.308,0.502062,0,0,1.10259,0.210378,0.390154,0.66528,12.849,1,0.474523,1.85765,0,103.149,4.4225,100.109,0.84672,12.849,0.84672,3695.15,0,36.966,0.302721,1.50492,2.00521,6.54247,1.10876,8.64111,0.42336,36.966,0.42336,423.524,0,1.02816,0,0,2.53308,1.50492,1.028160,1,0,109.141,0,0,0,109.141,0
72.29,2.66992,0,0,4.54751,0.261131,1.61646,3.6288,61.308,0.502147,0,0,0.969978,0.232295,0.235536,0.66528,12.849,1,0.474558,1.61646,0,108.975,4.85437,105.263,0.84672,12.849,0.84672,3695.15,0,36.966,0.302772,1.18934,2.00536,5.9028,1.18842,7.60631,0.42336,36.966,0.42336,423.524,0,1.02816,0,0,2.2175,1.18934,1.028160,1,0,113.105,0,0,0,113.105,0
72.29,2.67012,0,0,4.10679,0.231507,1.20516,3.6288,61.308,0.502233,0,0,0.91482,0.244378,0.168209,0.66528,12.849,1,0.474594,1.20516,0,90.2284,5.00513,85.9538,0.84672,12.849,0.84672,3695.15,0,36.966,0.302824,0.88738,2.00551,5.26045,1.23417,6.61634,0.42336,36.966,0.42336,423.524,0,1.02816,0,0,1.91554,0.88738,1.028160,1,0,92.7384,0,0,0,92.7384,0
72.29,2.63352,0,0,4.91207,0.204008,2.07455,3.6288,61.308,0.485143,0,0,1.29456,0.218256,0.591158,0.66528,12.849,1,0.468088,2.07455,0,96.9235,3.96617,94.5638,0.84672,12.849,0.84672,3695.15,0,36.966,0.29252,1.60474,2.00566,7.31471,1.15019,9.4824,0.42336,36.966,0.42336,423.524,0,1.02816,0,0,2.6329,1.60474,1.028160,1,0,104.637,0,0,0,104.637,0
72.29,2.63371,0,0,3.91779,0.204008,1.08007,3.6288,61.308,0.485227,0,0,0.969762,0.218256,0.266279,0.66528,12.849,1,0.468123,1.08007,0,79.0629,3.96617,75.7087,0.84672,12.849,0.84672,3695.15,0,36.966,0.29257,0.824697,1.97642,6.39088,1.15019,7.74923,0.42336,36.966,0.42336,423.524,0,1.02816,0,0,1.85286,0.824697,1.028160,1,0,83.7242,0,0,0,83.7242,0
72.29,2.63391,0,0,3.98098,0.204008,1.14306,3.6288,61.308,0.485311,0,0,0.942278,0.218256,0.238711,0.66528,12.849,1,0.468158,1.14306,0,73.1091,3.96617,69.8178,0.84672,12.849,0.84672,3695.15,0,36.966,0.292621,0.769288,1.97657,6.44333,1.15019,7.74637,0.42336,36.966,0.42336,423.524,0,1.02816,0,0,1.79745,0.769288,1.028160,1,0,77.8029,0,0,0,77.8029,0
72.29,2.63411,0,0,3.35982,0.134118,0.591594,3.6288,61.308,0.485396,0,0,0.829163,0.25272,0.0910479,0.66528,12.849,1,0.468193,0.591594,0,67.2132,3.85501,63.4815,0.84672,12.849,0.84672,3695.15,0,36.966,0.292672,1.07925,1.97671,5.42753,1.08878,7.10204,0.42336,36.966,0.42336,423.524,0,1.02816,0,0,2.10741,1.07925,1.028160,1,0,70.6746,0,0,0,70.6746,0
72.0502,2.75927,0,0,2.9967,0.114316,0.36288,3.6288,61.308,0.546406,0,0,0.838555,0.247025,0.0451245,0.66528,12.849,1,0.490439,0.36288,0,59.7835,4.39704,55.2589,0.84672,12.849,0.84672,3695.15,0,36.966,0.329458,0.644691,1.97686,5.23205,1.07859,6.44556,0.42336,36.966,0.42336,423.524,0,1.02816,0,0,1.67285,0.644691,1.028160,1,0,61.7496,0,0,0,61.7496,0
71.677,2.75809,0,0,2.85857,0.110853,0.36288,3.6288,61.308,0.546494,0,0,0.838097,0.242449,0.0491533,0.66528,12.849,1,0.491861,0.36288,0,54.5214,4.62126,49.7712,0.84672,12.849,0.84672,3695.15,0,36.966,0.329512,0.451786,2.08004,4.82743,1.0786,5.95114,0.42336,36.966,0.42336,423.524,0,1.02816,0,0,1.47995,0.451786,1.028160,1,0,55.7715,0,0,0,55.7715,0
71.1554,2.75612,0,0,2.7129,0.115433,0.36288,3.6288,61.308,0.546583,0,0,0.824844,0.241133,0.0371276,0.66528,12.849,1,0.49407,0.36288,0,52.2271,4.53664,47.5592,0.84672,12.849,0.84672,3695.15,0,36.966,0.329565,0.572607,2.0802,4.51886,1.08187,5.76023,0.42336,36.966,0.42336,423.524,0,1.02816,0,0,1.60077,0.572607,1.028160,1,0,53.3566,0,0,0,53.3566,0
70.4243,2.75326,0,0,2.51824,0.133209,0.36288,3.6288,61.308,0.546672,0,0,0.792789,0.237383,0.00873434,0.66528,12.849,1,0.497174,0.36288,0,48.3413,4.06101,44.146,0.84672,12.849,0.84672,3695.15,0,36.966,0.329619,0.519091,2.08035,4.2033,1.11097,5.36215,0.42336,36.966,0.42336,423.524,0,1.02816,0,0,1.54725,0.519091,1.028160,1,0,49.5169,0,0,0,49.5169,0
69.2342,2.7491,0,0,1.99687,0.0750075,0.36288,3.6288,61.142,0.562554,0,0,0.667354,0.270774,0,0.66528,12.849,1,0.501577,0.36288,0,38.7367,4.5174,34.0807,0.84672,12.849,0.84672,3695.15,0,36.966,0.339195,0.30119,2.08051,3.46247,1.20334,4.30164,0.42336,36.966,0.42336,423.524,0,1.00284,0,0,1.30404,0.30119,1.028160,1,0,38.3823,0,0,0,38.3823,0
67.7014,2.48995,0,0,1.40524,0.0852295,0.36288,3.6288,60.5914,0.739932,0,0,0.471086,0.281793,0,0.66528,12.849,1,0.462104,0.36288,0,30.0526,4.86948,25.0839,0.84672,12.849,0.84672,3695.15,0,36.966,0.42336,0.30119,2.08067,2.47484,1.25032,3.18302,0.42336,36.966,0.42336,423.524,0,0.631169,0,0,0.93236,0.30119,1.028160,1,0,28.2669,0,0,0,28.2669,0
66.0643,2.48135,0,0,1.29137,0.0842147,0.36288,3.6288,60.0684,0.699743,0,0,0.457546,0.280811,0,0.66528,12.849,1,0.470933,0.36288,0,29.578,4.86948,24.6005,0.84672,12.849,0.84672,3695.15,0,36.966,0.42336,0.261274,1.93962,2.49557,1.25032,3.02278,0.42336,36.966,0.42336,423.524,0,0.671492,0,0,0.932766,0.261274,1.028160,1,0,27.6233,0,0,0,27.6233,0
64.322,2.47176,0,0,1.17545,0.0831309,0.36288,3.6288,59.392,0.824449,0,0,0.427944,0.279879,0,0.66528,12.849,1,0.480738,0.36288,0,28.3948,4.86948,23.4074,0.84672,12.849,0.84672,3695.15,0,36.966,0.42336,0.261274,1.93976,2.34436,1.25032,2.87172,0.42336,36.966,0.42336,423.524,0,0.546921,0,0,0.808194,0.261274,1.028160,1,0,26.2791,0,0,0,26.2791,0
62.5104,2.46109,0,0,1.08088,0.06856,0.36288,3.6288,58.6608,0.828626,0,0,0.408575,0.311181,0,0.66528,12.849,1,0.491629,0.36288,0,25.173,5.29293,19.7513,0.84672,12.849,0.84672,3695.15,0,36.966,0.42336,0.261274,1.93991,2.25579,1.40488,2.62873,0.42336,36.966,0.42336,423.524,0,0.542877,0,0,0.804151,0.261274,1.028160,1,0,22.38,0,0,0,22.38,0
60.5821,2.50662,0,0,0.997851,0.0565763,0.36288,3.6288,57.5292,1.15788,0,0,0.32401,0.297733,0,0.66528,12.849,1,0.515236,0.36288,0,22.1066,5.47302,16.4812,0.84672,12.849,0.84672,3695.15,0,36.966,0.42336,0.261274,1.94005,1.7879,1.40589,2.15997,0.42336,36.966,0.42336,423.524,0,0.257616,0,0,0.51889,0.261274,1.028160,1,0,18.6412,0,0,0,18.6412,0
58.6045,2.49328,0,0,0.934235,0.0556822,0.36288,3.6288,56.3917,1.15433,0,0,0.312447,0.295567,0,0.66528,12.849,1,0.528805,0.36288,0,20.7369,5.47302,15.098,0.84672,12.849,0.84672,3695.15,0,36.966,0.42336,0.261274,1.987,1.84929,1.40589,2.26831,0.42336,36.966,0.42336,423.524,0,0.261306,0,0,0.52258,0.261274,1.028160,1,0,17.3663,0,0,0,17.3663,0
56.5342,2.47883,0,0,0.826044,0.0546525,0.36288,3.6288,55.2177,1.17474,0,0,0.294133,0.29339,0,0.66528,12.849,1,0.543481,0.36288,0,19.5889,5.47302,13.9352,0.84672,12.849,0.84672,3695.15,0,36.966,0.42336,0.227405,1.98715,1.73487,1.40589,2.12017,0.42336,36.966,0.42336,423.524,0,0.241034,0,0,0.468439,0.227405,1.028160,1,0,16.0554,0,0,0,16.0554,0
54.41,2.46279,0,0,0.746444,0.044965,0.36288,3.6288,54.024,1.18886,0,0,0.291228,0.296123,0,0.66528,12.849,1,0.55974,0.36288,0,18.5689,5.62257,12.7495,0.84672,12.849,0.84672,3695.15,0,36.966,0.42336,0.227405,1.9873,1.73103,1.43577,2.0866,0.42336,36.966,0.42336,423.524,0,0.227055,0,0,0.45446,0.227405,1.028160,1,0,14.8361,0,0,0,14.8361,0
52.0201,2.60861,0,0,0.623677,0.0421152,0.36288,3.6288,52.5932,1.38714,0,0,0.259333,0.302945,0,0.66528,12.849,1,0.616027,0.36288,0,16.7698,5.9795,10.5372,0.84672,12.849,0.84672,3695.15,0,36.966,0.42336,0.227405,1.98744,1.44251,1.4405,1.79349,0.42336,36.966,0.42336,423.524,0,0.187271,0,0,0.414676,0.227405,1.028160,1,0,12.3307,0,0,0,12.3307,0
49.5992,2.58611,0,0,0.571277,0.0432166,0.36288,3.6288,51.0772,1.42666,0,0,0.218764,0.308079,0,0.66528,12.849,1,0.63877,0.36288,0,14.8121,6.16728,8.3689,0.84672,12.849,0.84672,3695.15,0,36.966,0.42336,0.227405,2.14778,1.25673,1.49202,1.71653,0.42336,36.966,0.42336,423.524,0,0.147907,0,0,0.375312,0.227405,1.028160,1,0,10.0854,0,0,0,10.0854,0
47.2158,2.56153,0,0,0.583213,0.0421334,0.36288,3.6288,49.5633,1.4191,0,0,0.20951,0.304331,0,0.66528,12.849,1,0.663583,0.36288,0,13.6656,6.16728,7.19765,0.84672,12.849,0.84672,3695.15,0,36.966,0.42336,0.204422,2.14794,1.28839,1.49202,1.72537,0.42336,36.966,0.42336,423.524,0,0.155613,0,0,0.360036,0.204422,1.028160,1,0,8.92301,0,0,0,8.92301,0
45.1416,2.53539,0,0,0.869131,0.0451058,0.36288,3.6288,48.1662,1.34554,0,0,0.248037,0.299601,0,0.66528,12.849,1,0.689965,0.36288,0,17.5911,6.13759,11.1264,0.84672,12.849,0.84672,3695.15,0,36.966,0.42336,0.204422,2.1481,1.41204,1.48838,1.85281,0.42336,36.966,0.42336,423.524,0,0.229322,0,0,0.433744,0.204422,1.028160,1,0,12.9793,0,0,0,12.9793,0
43.3604,2.5109,0,0,1.15576,0.0631518,0.36288,3.6288,46.9635,1.26001,0,0,0.334082,0.276751,0,0.66528,12.849,1,0.714698,0.36288,0,22.9046,5.93831,16.6145,0.84672,12.849,0.84672,3695.15,0,36.966,0.42336,0.204422,2.14826,1.56526,1.42405,2.07053,0.42336,36.966,0.42336,423.524,0,0.315004,0,0,0.519426,0.204422,1.028160,1,0,18.685,0,0,0,18.685,0
41.4124,2.41252,0,0,0.884434,0.0570235,0.36288,3.6288,46.7791,0.489168,0,0,0.548085,0.243388,0,0.66528,12.849,1,0.714901,0.36288,0,17.6761,5.75169,11.5723,0.84672,12.849,0.84672,3695.15,0,36.966,0.385035,0.259502,2.14842,1.69077,1.31963,2.39403,0.42336,36.966,0.42336,423.524,0,1.02816,0,0,1.28766,0.259502,1.028160,1,0,13.9664,0,0,0,13.9664,0
39.3635,2.38703,0,0,0.756778,0.0557467,0.36288,3.6288,45.8608,0.977982,0,0,0.302723,0.243011,0,0.66528,12.849,1,0.740622,0.36288,0,17.6586,5.75169,11.5292,0.84672,12.849,0.84672,3695.15,0,36.966,0.42336,0.216518,2.05584,1.25834,1.31963,1.78771,0.42336,36.966,0.42336,423.524,0,0.501163,0,0,0.717682,0.216518,1.028160,1,0,13.3169,0,0,0,13.3169,0
37.3634,2.35814,0,0,0.789558,0.0686822,0.36288,3.6288,44.9247,1.0001,0,0,0.291431,0.227444,0,0.66528,12.849,1,0.769742,0.36288,0,16.9735,5.54406,11.0225,0.84672,12.849,0.84672,3695.15,0,36.966,0.42336,0.216518,2.056,1.2663,1.25473,1.86073,0.42336,36.966,0.42336,423.524,0,0.479183,0,0,0.695701,0.216518,1.028160,1,0,12.8833,0,0,0,12.8833,0
36.8126,2.32765,0,0,2.29046,0.150721,0.36288,3.6288,44.8425,0.623837,0,0,0.68673,0.145051,0,0.66528,12.849,1,0.800463,0.36288,0,51.1572,4.29828,46.4213,0.84672,12.849,0.84672,3695.15,0,36.966,0.42336,0.216518,2.05615,3.3259,0.865343,4.30987,0.42336,36.966,0.42336,423.524,0,0.855593,0,0,1.07211,0.216518,1.028160,1,0,50.7312,0,0,0,50.7312,0
35.6408,2.25905,0,0,1.56751,0.117421,0.36288,3.6288,44.7559,0.492291,0,0,0.56321,0.157527,0,0.66528,12.849,1,0.788493,0.36288,0,32.7072,4.06593,28.2157,0.84672,12.849,0.84672,3695.15,0,36.966,0.405821,0.216518,2.0563,2.32248,0.774214,3.41527,0.42336,36.966,0.42336,423.524,0,0.917266,0,0,1.13378,0.216518,1.028160,1,0,31.631,0,0,0,31.631,0
34.6471,2.24016,0,0,1.79783,0.188488,0.36288,3.6288,44.3114,0.710363,0,0,0.414818,0.148977,0,0.66528,12.849,1,0.807609,0.36288,0,36.1423,4.14078,31.5568,0.84672,12.849,0.84672,3695.15,0,36.966,0.42336,0.216518,1.97367,2.12258,0.903707,2.9857,0.42336,36.966,0.42336,423.524,0,0.681791,0,0,0.898309,0.216518,1.028160,1,0,34.5425,0,0,0,34.5425,0
33.4023,2.22343,0,0,1.52776,0.186233,0.36288,3.6288,44.0448,0.583741,0,0,0.465543,0.148356,0,0.66528,12.849,1,0.824567,0.36288,0,29.5447,4.14078,24.9422,0.84672,12.849,0.84672,3695.15,0,36.966,0.42336,0.292723,1.97382,2.35923,0.903707,3.2987,0.42336,36.966,0.42336,423.524,0,0.808548,0,0,1.10127,0.292723,1.028160,1,0,28.2409,0,0,0,28.2409,0
35.3601,2.2015,0,0,4.70562,0.183409,0.36288,3.6288,44.9584,0.428224,0,0,1.48982,0.147984,0,0.66528,12.849,1,0.84672,0.36288,0,102.361,4.14078,97.7365,0.84672,12.849,0.84672,3695.15,0,36.966,0.359401,2.49382,1.97397,5.60989,0.903707,8.81457,0.42336,36.966,0.42336,423.524,0,1.02816,0,0,3.52198,2.49382,1.028160,1,0,106.551,0,0,0,106.551,0
35.9756,2.25649,0,0,3.42847,0.193606,0.36288,3.6288,45.4467,0.414121,0,0,1.06181,0.159461,0,0.66528,12.849,1,0.819953,0.36288,0,67.3173,3.9795,62.8807,0.84672,12.849,0.84672,3695.15,0,36.966,0.340501,0.591823,1.97411,4.22401,0.98944,5.46,0.42336,36.966,0.42336,423.524,0,1.02816,0,0,1.61998,0.591823,1.028160,1,0,68.3407,0,0,0,68.3407,0
36.0658,2.267,0,0,2.91943,0.199393,0.36288,3.6288,45.7012,0.416212,0,0,0.838592,0.167875,0,0.66528,12.849,1,0.809677,0.36288,0,55.7447,3.85854,51.4393,0.84672,12.849,0.84672,3695.15,0,36.966,0.338544,0.788348,1.9539,4.48906,1.05374,5.83903,0.42336,36.966,0.42336,423.524,0,1.02816,0,0,1.81651,0.788348,1.028160,1,0,57.2784,0,0,0,57.2784,0
36.4504,2.26866,0,0,3.2158,0.199608,0.36288,3.6288,45.8911,0.417328,0,0,0.775526,0.168273,0,0.66528,12.849,1,0.808245,0.36288,0,84.0662,3.85854,79.7623,0.84672,12.849,0.84672,3695.15,0,36.966,0.337561,1.02317,1.95405,4.80349,1.05374,6.3894,0.42336,36.966,0.42336,423.524,0,1.02816,0,0,2.05133,1.02317,1.028160,1,0,86.1517,0,0,0,86.1517,0
36.6965,2.27513,0,0,3.08464,0.200528,0.36288,3.6288,46.1518,0.418175,0,0,0.84748,0.16857,0,0.66528,12.849,1,0.801999,0.36288,0,62.7996,3.85854,58.5019,0.84672,12.849,0.84672,3695.15,0,36.966,0.336847,0.895113,1.9542,4.47841,1.05374,5.93713,0.42336,36.966,0.42336,423.524,0,1.02816,0,0,1.92327,0.895113,1.028160,1,0,64.439,0,0,0,64.439,0
37.5324,2.27929,0,0,3.68185,0.203837,0.36288,3.6288,46.4879,0.419306,0,0,0.915278,0.159886,0,0.66528,12.849,1,0.798075,0.36288,0,83.196,3.72849,79.0323,0.84672,12.849,0.84672,3695.15,0,36.966,0.335849,0.671475,1.95434,4.91892,0.942009,6.26687,0.42336,36.966,0.42336,423.524,0,1.02816,0,0,1.69963,0.671475,1.028160,1,0,85.2992,0,0,0,85.2992,0
42.2319,2.36452,0,0,7.62575,0.198807,0.36288,3.6288,47.7434,0.452853,0,0,1.9169,0.208546,0,0.66528,12.849,1,0.80948,0.36288,0,126.587,4.59606,121.545,0.84672,12.849,0.84672,3695.15,0,36.966,0.360097,1.53615,1.95449,7.63998,1.11308,9.65744,0.42336,36.966,0.42336,423.524,0,1.02816,0,0,2.56431,1.53615,1.028160,1,0,131.202,0,0,0,131.202,0
45.3794,2.43375,0,0,6.15413,0.21006,0.36288,3.6288,48.6382,0.45826,0,0,1.56381,0.210798,0,0.66528,12.849,1,0.740464,0.36288,0,100.227,4.59606,95.2538,0.84672,12.849,0.84672,3695.15,0,36.966,0.354814,0.934044,2.01725,6.54911,1.11308,8.03251,0.42336,36.966,0.42336,423.524,0,1.02816,0,0,1.9622,0.934044,1.028160,1,0,103.286,0,0,0,103.286,0
49.7437,2.47394,0,0,7.4449,0.243783,0.36288,3.6288,49.3408,0.46204,0,0,1.36893,0.20422,0,0.66528,12.849,1,0.700487,0.36288,0,121.222,4.69101,116.193,0.84672,12.849,0.84672,3695.15,0,36.966,0.35116,0.895562,2.01738,8.53293,1.27864,9.81608,0.42336,36.966,0.42336,423.524,0,1.02816,0,0,1.92372,0.895562,1.028160,1,0,126.009,0,0,0,126.009,0
52.1712,2.52295,0,0,5.58006,0.266646,0.36288,3.6288,49.9255,0.46497,0,0,1.25176,0.20213,0,0.66528,12.849,1,0.65169,0.36288,0,94.0032,4.72899,88.9854,0.84672,12.849,0.84672,3695.15,0,36.966,0.348354,0.658714,2.01752,5.50543,1.34487,6.48845,0.42336,36.966,0.42336,423.524,0,1.02816,0,0,1.68687,0.658714,1.028160,1,0,95.4738,0,0,0,95.4738,0
54.1328,2.56184,0,0,5.18067,0.294342,0.36288,3.6288,50.2105,0.695707,0,0,1.15068,0.169969,0,0.66528,12.849,1,0.630943,0.36288,0,102.039,3.75286,98.0183,0.84672,12.849,0.84672,3695.15,0,36.966,0.42336,0.503194,2.01766,8.10496,0.922567,9.27988,0.42336,36.966,0.42336,423.524,0,0.766757,0,0,1.26995,0.503194,1.028160,1,0,107.298,0,0,0,107.298,0
54.6189,2.58049,0,0,3.73821,0.308813,0.36288,3.6288,50.2139,0.898979,0,0,1.05948,0.157081,0,0.66528,12.849,1,0.612507,0.36288,0,122.009,3.36242,118.397,0.84672,12.849,0.84672,3695.15,0,36.966,0.42336,0.503194,2.05531,9.02517,0.753646,10.4067,0.42336,36.966,0.42336,423.524,0,0.563613,0,0,1.06681,0.503194,1.028160,1,0,128.804,0,0,0,128.804,0
58.8508,2.58508,0,0,7.47684,0.296935,0.36288,3.6288,51.6635,0.494145,0,0,2.13151,0.187804,0,0.66528,12.849,1,0.608136,0.36288,0,167.404,4.14865,163.01,0.84672,12.849,0.84672,3695.15,0,36.966,0.363775,1.3673,2.05545,12.9599,0.999621,15.0193,0.42336,36.966,0.42336,423.524,0,1.02816,0,0,2.39546,1.3673,1.028160,1,0,178.03,0,0,0,178.03,0
65.2571,2.62115,0,0,9.69758,0.307276,0.36288,3.6288,53.787,0.500169,0,0,2.81894,0.195211,0,0.66528,12.849,1,0.572281,0.36288,0,196.338,4.27969,191.849,0.84672,12.849,0.84672,3695.15,0,36.966,0.357878,2.83378,2.05559,15.3255,1.04062,18.8163,0.42336,36.966,0.42336,423.524,0,1.02816,0,0,3.86194,2.83378,1.028160,1,0,210.665,0,0,0,210.665,0
68.2209,2.54296,0,0,6.18082,0.311204,0.36288,3.6288,54.5862,0.438503,0,0,1.41051,0.172821,0,0.66528,12.849,1,0.500705,0.36288,0,85.6881,3.34902,82.2012,0.84672,12.849,0.84672,3695.15,0,36.966,0.301368,1.06962,2.05573,8.37519,0.805324,10.3939,0.42336,36.966,0.42336,423.524,0,1.02816,0,0,2.09778,1.06962,1.028160,1,0,92.5951,0,0,0,92.5951,0
71.3823,2.56144,0,0,6.39894,0.313161,0.36288,3.6288,55.5305,0.441205,0,0,1.54891,0.163396,0,0.66528,12.849,1,0.482432,0.36288,0,80.6886,2.97675,77.5923,0.84672,12.849,0.84672,3695.15,0,36.966,0.298786,1.19963,1.93636,7.57569,0.711206,9.70169,0.42336,36.966,0.42336,423.524,0,1.02816,0,0,2.22779,1.19963,1.028160,1,0,87.294,0,0,0,87.294,0
72.29,2.57972,0,0,7.25932,0.307892,3.46402,3.6288,57.1831,0.444328,0,0,2.25816,0.161298,0,0.66528,12.849,1,0.464357,3.46402,0,125.154,3.01173,125.142,0.84672,12.849,0.84672,3695.15,0,36.966,0.295784,2.45379,1.9365,12.1582,0.718752,15.534,0.42336,36.966,0.42336,423.524,0,1.02816,0,0,3.48195,2.45379,1.028160,1,0,140.676,0,0,0,140.676,0
72.29,2.58485,0,0,8.43463,0.31066,5.53912,3.6288,58.8133,0.449592,0,0,2.26493,0.185164,0,0.66528,12.849,1,0.459437,5.53912,0,174.295,3.83198,175.542,0.84672,12.849,0.84672,3695.15,0,36.966,0.290639,2.4458,1.93663,15.8531,0.851703,19.0932,0.42336,36.966,0.42336,423.524,0,1.02816,0,0,3.47396,2.4458,1.028160,1,0,194.636,0,0,0,194.636,0
72.29,2.58502,0,0,6.45201,0.280423,3.58656,3.6288,60.0497,0.454613,0,0,1.86595,0.174914,0,0.66528,12.849,1,0.459468,3.58656,0,127.373,3.99328,126.506,0.84672,12.849,0.84672,3695.15,0,36.966,0.285739,1.31557,1.93676,8.74981,0.903319,10.8131,0.42336,36.966,0.42336,423.524,0,1.02816,0,0,2.34373,1.31557,1.028160,1,0,137.319,0,0,0,137.319,0
72.29,2.67966,0,0,6.19982,0.308411,3.21175,3.6288,61.1715,0.502358,0,0,1.7928,0.168625,0,0.66528,12.849,1,0.476289,3.21175,0,89.7851,3.35496,89.1657,0.84672,12.849,0.84672,3695.15,0,36.966,0.309246,1.53312,1.93689,6.02733,0.830076,8.35802,0.42336,36.966,0.42336,423.524,0,1.02816,0,0,2.56128,1.53312,1.028160,1,0,97.5237,0,0,0,97.5237,0
72.29,2.67984,0,0,5.76895,0.308411,2.7807,3.6288,61.308,0.50597,0,0,1.9399,0.169831,1.12759,0.66528,12.849,1,0.476321,2.7807,0,76.5815,3.35496,75.5309,0.84672,12.849,0.84672,3695.15,0,36.966,0.305758,1.438,2.01283,7.83516,0.830076,10.1501,0.42336,36.966,0.42336,423.524,0,1.02816,0,0,2.46616,1.438,1.028160,1,0,86.8087,0,0,0,86.8087,0
72.29,2.68002,0,0,5.27971,0.298689,2.30099,3.6288,61.308,0.506473,0,0,2.47548,0.166496,1.80251,0.66528,12.849,1,0.476353,2.30099,0,72.9484,3.13786,71.6352,0.84672,12.849,0.84672,3695.15,0,36.966,0.305381,2.09065,2.01296,6.92643,0.785734,9.93892,0.42336,36.966,0.42336,423.524,0,1.02816,0,0,3.11881,2.09065,1.028160,1,0,83.3766,0,0,0,83.3766,0
72.29,2.6802,0,0,4.38433,0.281996,1.42213,3.6288,61.308,0.506551,0,0,1.2884,0.177455,0.604391,0.66528,12.849,1,0.476386,1.42213,0,61.4266,3.35381,59.0185,0.84672,12.849,0.84672,3695.15,0,36.966,0.305428,0.62456,2.0131,4.41216,0.825565,5.91883,0.42336,36.966,0.42336,423.524,0,1.02816,0,0,1.65272,0.62456,1.028160,1,0,65.5418,0,0,0,65.5418,0
72.29,2.64344,0,0,4.21077,0.236996,1.33034,3.6288,61.308,0.489389,0,0,1.27692,0.226639,0.560895,0.66528,12.849,1,0.469852,1.33034,0,56.6927,4.31267,53.2406,0.84672,12.849,0.84672,3695.15,0,36.966,0.29508,0.767716,2.01324,4.09832,0.965329,5.61887,0.42336,36.966,0.42336,423.524,0,1.02816,0,0,1.79588,0.767716,1.028160,1,0,59.4203,0,0,0,59.4203,0
72.29,2.64362,0,0,3.31614,0.236996,0.435527,3.6288,61.308,0.587349,0,0,0.967222,0.226639,0.153235,0.66528,12.849,1,0.469884,0.435527,0,47.0331,4.31267,42.6861,0.84672,12.849,0.84672,3695.15,0,36.966,0.354145,0.528595,1.98387,3.2298,0.965329,4.42279,0.42336,36.966,0.42336,423.524,0,0.871258,0,0,1.39985,0.528595,1.028160,1,0,47.2621,0,0,0,47.2621,0
71.9595,2.6438,0,0,2.91314,0.236996,0.36288,3.6288,61.308,0.573729,0,0,0.931954,0.226639,0.131586,0.66528,12.849,1,0.469916,0.36288,0,43.7095,4.31267,39.2898,0.84672,12.849,0.84672,3695.15,0,36.966,0.345933,0.402797,1.984,3.16958,0.965329,4.24511,0.42336,36.966,0.42336,423.524,0,0.893212,0,0,1.29601,0.402797,1.028160,1,0,43.6665,0,0,0,43.6665,0
72.0216,2.64215,0,0,3.30352,0.236401,0.36288,3.6288,61.308,0.632358,0,0,0.972847,0.226639,0.11385,0.66528,12.849,1,0.471779,0.36288,0,49.013,4.31267,44.5914,0.84672,12.849,0.84672,3695.15,0,36.966,0.381284,0.402797,1.98414,3.66667,0.965329,4.70699,0.42336,36.966,0.42336,423.524,0,0.799356,0,0,1.20215,0.402797,1.028160,1,0,49.4123,0,0,0,49.4123,0
71.9758,2.53628,0,0,3.03071,0.177291,0.36288,3.6288,61.2868,0.664553,0,0,0.893497,0.250104,0,0.66528,12.849,1,0.452485,0.36288,0,41.1492,4.57895,36.4807,0.84672,12.849,0.84672,3695.15,0,36.966,0.400696,0.402797,1.98427,3.08816,1.1055,3.96904,0.42336,36.966,0.42336,423.524,0,0.685886,0,0,1.08868,0.402797,1.028160,1,0,40.4497,0,0,0,40.4497,0
71.8138,2.53621,0,0,2.91571,0.178642,0.36288,3.6288,61.2055,0.667559,0,0,0.832723,0.246466,0,0.66528,12.849,1,0.452759,0.36288,0,38.737,4.50282,34.1443,0.84672,12.849,0.84672,3695.15,0,36.966,0.402647,0.402797,1.91302,2.89191,1.15074,3.65434,0.42336,36.966,0.42336,423.524,0,0.681048,0,0,1.08384,0.402797,1.028160,1,0,37.7987,0,0,0,37.7987,0
71.3318,2.53551,0,0,2.59484,0.178422,0.36288,3.6288,61.0595,0.663739,0,0,0.764018,0.246339,0,0.66528,12.849,1,0.453656,0.36288,0,34.9324,4.50282,30.3388,0.84672,12.849,0.84672,3695.15,0,36.966,0.400875,0.30119,1.91315,2.78684,1.15074,3.44957,0.42336,36.966,0.42336,423.524,0,0.686759,0,0,0.987949,0.30119,1.028160,1,0,33.7884,0,0,0,33.7884,0
70.7589,2.53309,0,0,2.45078,0.127747,0.36288,3.6288,60.8277,0.686422,0,0,0.733743,0.279111,0,0.66528,12.849,1,0.456285,0.36288,0,31.1355,4.87767,26.1644,0.84672,12.849,0.84672,3695.15,0,36.966,0.415566,0.30119,1.91328,2.65419,1.24651,3.20658,0.42336,36.966,0.42336,423.524,0,0.649503,0,0,0.950694,0.30119,1.028160,1,0,29.371,0,0,0,29.371,0
70.0709,2.53013,0,0,2.33569,0.130669,0.36288,3.6288,60.487,0.717022,0,0,0.6509,0.274608,0,0.66528,12.849,1,0.459443,0.36288,0,29.5497,4.91172,24.5414,0.84672,12.849,0.84672,3695.15,0,36.966,0.42336,0.30119,1.91341,2.58966,1.21446,3.16644,0.42336,36.966,0.42336,423.524,0,0.611228,0,0,0.912419,0.30119,1.028160,1,0,27.7078,0,0,0,27.7078,0
69.3821,2.50386,0,0,2.3166,0.138637,0.36288,3.6288,60.0846,0.668204,0,0,0.529606,0.263804,0,0.66528,12.849,1,0.459137,0.36288,0,26.4581,4.99684,21.365,0.84672,12.849,0.84672,3695.15,0,36.966,0.408366,0.30119,1.91354,2.4869,1.13433,3.15894,0.42336,36.966,0.42336,423.524,0,0.724542,0,0,1.02573,0.30119,1.028160,1,0,24.5239,0,0,0,24.5239,0
68.624,2.50019,0,0,2.24287,0.1379,0.36288,3.6288,59.6809,0.642821,0,0,0.502267,0.263129,0,0.66528,12.849,1,0.463014,0.36288,0,24.8391,4.99684,19.7421,0.84672,12.849,0.84672,3695.15,0,36.966,0.395485,0.261274,1.94681,2.52449,1.13433,3.20275,0.42336,36.966,0.42336,423.524,0,0.762929,0,0,1.0242,0.261274,1.028160,1,0,22.9448,0,0,0,22.9448,0
67.6587,2.49605,0,0,1.9982,0.104632,0.36288,3.6288,59.1367,0.716294,0,0,0.487119,0.314973,0,0.66528,12.849,1,0.467354,0.36288,0,23.5676,5.82474,17.6384,0.84672,12.849,0.84672,3695.15,0,36.966,0.42336,0.261274,1.94694,2.45506,1.41672,2.82319,0.42336,36.966,0.42336,423.524,0,0.661703,0,0,0.922977,0.261274,1.028160,1,0,20.4616,0,0,0,20.4616,0
66.5748,2.49061,0,0,1.87409,0.104439,0.36288,3.6288,58.6188,0.673464,0,0,0.461498,0.30595,0,0.66528,12.849,1,0.47299,0.36288,0,21.5768,6.23154,15.2352,0.84672,12.849,0.84672,3695.15,0,36.966,0.420978,0.261274,1.94707,2.40468,1.56761,2.62443,0.42336,36.966,0.42336,423.524,0,0.707037,0,0,0.968311,0.261274,1.028160,1,0,17.8596,0,0,0,17.8596,0
65.6649,2.54231,0,0,2.08532,0.0900533,0.36288,3.6288,57.9911,0.783414,0,0,0.471919,0.31623,0,0.66528,12.849,1,0.490667,0.36288,0,22.6215,5.91627,16.5775,0.84672,12.849,0.84672,3695.15,0,36.966,0.42336,0.261274,1.9472,2.42826,1.52338,2.68999,0.42336,36.966,0.42336,423.524,0,0.63885,0,0,0.900124,0.261274,1.028160,1,0,19.2674,0,0,0,19.2674,0
64.67,2.53679,0,0,1.99189,0.0871703,0.36288,3.6288,57.3236,0.801916,0,0,0.451275,0.316828,0,0.66528,12.849,1,0.496387,0.36288,0,21.6045,5.86372,15.6073,0.84672,12.849,0.84672,3695.15,0,36.966,0.42336,0.261274,1.99431,2.49054,1.51601,2.80675,0.42336,36.966,0.42336,423.524,0,0.620473,0,0,0.881747,0.261274,1.028160,1,0,18.414,0,0,0,18.414,0
63.4512,2.53059,0,0,1.7612,0.0864774,0.36288,3.6288,56.5735,0.859515,0,0,0.424824,0.315463,0,0.66528,12.849,1,0.502792,0.36288,0,20.4085,5.86372,14.4049,0.84672,12.849,0.84672,3695.15,0,36.966,0.42336,0.227405,1.99444,2.33643,1.51601,2.6189,0.42336,36.966,0.42336,423.524,0,0.563,0,0,0.790404,0.227405,1.028160,1,0,17.0238,0,0,0,17.0238,0
62.0806,2.52273,0,0,1.59152,0.0764831,0.36288,3.6288,55.7919,0.883219,0,0,0.420627,0.318953,0,0.66528,12.849,1,0.510858,0.36288,0,19.346,6.01328,13.1847,0.84672,12.849,0.84672,3695.15,0,36.966,0.42336,0.227405,1.99458,2.33126,1.54589,2.58399,0.42336,36.966,0.42336,423.524,0,0.539421,0,0,0.766826,0.227405,1.028160,1,0,15.7687,0,0,0,15.7687,0
60.3953,2.68143,0,0,1.43384,0.0748468,0.36288,3.6288,54.8791,1.02799,0,0,0.412347,0.29717,0,0.66528,12.849,1,0.554982,0.36288,0,18.3365,5.61257,12.5318,0.84672,12.849,0.84672,3695.15,0,36.966,0.42336,0.227405,1.99471,2.22509,1.44479,2.57906,0.42336,36.966,0.42336,423.524,0,0.55372,0,0,0.781125,0.227405,1.028160,1,0,15.1109,0,0,0,15.1109,0
58.769,2.66884,0,0,1.4821,0.0766973,0.36288,3.6288,53.9585,1.04776,0,0,0.401425,0.274232,0,0.66528,12.849,1,0.567791,0.36288,0,18.589,4.98078,13.4033,0.84672,12.849,0.84672,3695.15,0,36.966,0.42336,0.227405,2.15562,2.20392,1.41836,2.74522,0.42336,36.966,0.42336,423.524,0,0.534082,0,0,0.761486,0.227405,1.028160,1,0,16.1485,0,0,0,16.1485,0
57.2214,2.65612,0,0,1.54696,0.0755166,0.36288,3.6288,53.1286,0.959391,0,0,0.40206,0.272568,0,0.66528,12.849,1,0.580724,0.36288,0,18.5515,4.98078,13.3528,0.84672,12.849,0.84672,3695.15,0,36.966,0.42336,0.204422,2.15577,2.47235,1.41836,2.99082,0.42336,36.966,0.42336,423.524,0,0.62259,0,0,0.827012,0.204422,1.028160,1,0,16.3437,0,0,0,16.3437,0
55.9343,2.64348,0,0,1.79359,0.0743856,0.36288,3.6288,52.2907,0.987434,0,0,0.42032,0.270818,0,0.66528,12.849,1,0.59359,0.36288,0,17.7009,4.98078,12.4895,0.84672,12.849,0.84672,3695.15,0,36.966,0.42336,0.204422,2.15591,3.08472,1.41836,3.60333,0.42336,36.966,0.42336,423.524,0,0.594683,0,0,0.799105,0.204422,1.028160,1,0,16.0928,0,0,0,16.0928,0
54.2243,2.63255,0,0,1.36615,0.0806694,0.36288,3.6288,51.3157,1.05887,0,0,0.346308,0.262457,0,0.66528,12.849,1,0.604738,0.36288,0,17.4732,5.06401,12.1673,0.84672,12.849,0.84672,3695.15,0,36.966,0.42336,0.204422,2.15606,2.06126,1.42491,2.57347,0.42336,36.966,0.42336,423.524,0,0.523379,0,0,0.727802,0.204422,1.028160,1,0,14.7408,0,0,0,14.7408,0
53.1413,2.53745,0,0,1.91404,0.0967335,0.36288,3.6288,50.2356,1.14549,0,0,0.281493,0.216045,0,0.66528,12.849,1,0.601275,0.36288,0,23.2503,5.10229,17.9096,0.84672,12.849,0.84672,3695.15,0,36.966,0.42336,0.204422,2.1562,1.94733,1.40067,2.48392,0.42336,36.966,0.42336,423.524,0,0.340391,0,0,0.544813,0.204422,1.028160,1,0,20.3936,0,0,0,20.3936,0
51.6947,2.52776,0,0,1.57772,0.133689,0.36288,3.6288,49.1837,1.17163,0,0,0.315935,0.196186,0,0.66528,12.849,1,0.611184,0.36288,0,18.1749,4.15986,13.7668,0.84672,12.849,0.84672,3695.15,0,36.966,0.42336,0.216518,2.06328,2.22698,1.144,2.93941,0.42336,36.966,0.42336,423.524,0,0.314378,0,0,0.530896,0.216518,1.028160,1,0,16.7062,0,0,0,16.7062,0
50.5495,2.51423,0,0,1.86784,0.135957,0.36288,3.6288,48.6352,0.894794,0,0,0.539787,0.193514,0,0.66528,12.849,1,0.624925,0.36288,0,21.5606,4.13017,17.1684,0.84672,12.849,0.84672,3695.15,0,36.966,0.42336,0.216518,2.06342,3.1903,1.14036,3.90652,0.42336,36.966,0.42336,423.524,0,0.591348,0,0,0.807866,0.216518,1.028160,1,0,21.0749,0,0,0,21.0749,0
49.3663,2.50311,0,0,1.81712,0.134339,0.36288,3.6288,47.9726,0.932091,0,0,0.462135,0.192638,0,0.66528,12.849,1,0.636257,0.36288,0,21.0307,4.13017,16.6272,0.84672,12.849,0.84672,3695.15,0,36.966,0.42336,0.216518,2.06356,2.6065,1.14036,3.32286,0.42336,36.966,0.42336,423.524,0,0.554181,0,0,0.770699,0.216518,1.028160,1,0,19.95,0,0,0,19.95,0
47.865,2.42682,0,0,1.48433,0.195885,0.36288,3.6288,47.3505,0.835092,0,0,0.405795,0.192813,0,0.66528,12.849,1,0.631651,0.36288,0,21.4501,4.2222,16.9591,0.84672,12.849,0.84672,3695.15,0,36.966,0.42336,0.216518,2.0637,2.83106,1.07267,3.61525,0.42336,36.966,0.42336,423.524,0,0.563441,0,0,0.77996,0.216518,1.028160,1,0,20.5744,0,0,0,20.5744,0
46.01,2.41137,0,0,1.13687,0.217603,0.36288,3.6288,46.4244,1.01852,0,0,0.284715,0.192305,0,0.66528,12.849,1,0.647314,0.36288,0,17.5324,4.25901,12.9889,0.84672,12.849,0.84672,3695.15,0,36.966,0.42336,0.216518,1.98075,2.58686,1.04559,3.31518,0.42336,36.966,0.42336,423.524,0,0.380136,0,0,0.596654,0.216518,1.028160,1,0,16.3041,0,0,0,16.3041,0
44.7541,2.39113,0,0,1.71129,0.213192,0.36288,3.6288,46.4811,0.442018,0,0,0.689478,0.190765,0,0.66528,12.849,1,0.66776,0.36288,0,27.3394,4.25901,22.7755,0.84672,12.849,0.84672,3695.15,0,36.966,0.351962,0.696341,1.98089,5.24537,1.04559,6.52505,0.42336,36.966,0.42336,423.524,0,1.02816,0,0,1.7245,0.696341,1.028160,1,0,29.3005,0,0,0,29.3005,0
45.9473,2.37673,0,0,4.14297,0.210205,0.36288,3.6288,47.3926,0.442326,0,0,1.54464,0.190864,0,0.66528,12.849,1,0.682365,0.36288,0,71.6474,4.25901,67.0689,0.84672,12.849,0.84672,3695.15,0,36.966,0.351778,1.68534,1.98102,7.93522,1.04559,10.2042,0.42336,36.966,0.42336,423.524,0,1.02816,0,0,2.7135,1.68534,1.028160,1,0,77.2731,0,0,0,77.2731,0
45.2243,2.4127,0,0,2.30716,0.254515,0.36288,3.6288,47.5332,0.467026,0,0,0.774887,0.16719,0,0.66528,12.849,1,0.674702,0.36288,0,39.0933,3.79243,34.9891,0.84672,12.849,0.84672,3695.15,0,36.966,0.364278,0.292723,1.98116,5.41185,0.875578,6.44588,0.42336,36.966,0.42336,423.524,0,0.957826,0,0,1.25055,0.292723,1.028160,1,0,41.4349,0,0,0,41.4349,0
45.28,2.40446,0,0,3.04767,0.224702,0.36288,3.6288,47.9575,0.428136,0,0,1.05234,0.199923,0,0.66528,12.849,1,0.683148,0.36288,0,51.6801,4.18604,47.1738,0.84672,12.849,0.84672,3695.15,0,36.966,0.332956,0.568763,1.96086,7.02934,0.93661,8.2894,0.42336,36.966,0.42336,423.524,0,1.02816,0,0,1.59692,0.568763,1.028160,1,0,55.4632,0,0,0,55.4632,0
44.7908,2.40528,0,0,2.50378,0.224842,0.36288,3.6288,48.2367,0.429868,0,0,0.909688,0.200633,0,0.66528,12.849,1,0.68254,0.36288,0,62.7301,4.18604,58.2244,0.84672,12.849,0.84672,3695.15,0,36.966,0.331345,1.21348,1.96099,6.78242,0.93661,8.68894,0.42336,36.966,0.42336,423.524,0,1.02816,0,0,2.24164,1.21348,1.028160,1,0,66.9134,0,0,0,66.9134,0
43.4392,2.39965,0,0,1.63458,0.223605,0.36288,3.6288,47.9639,0.611362,0,0,0.539691,0.2011,0,0.66528,12.849,1,0.68838,0.36288,0,35.5962,4.18604,31.0847,0.84672,12.849,0.84672,3695.15,0,36.966,0.42336,0.412474,1.96113,5.70301,0.93661,6.71664,0.42336,36.966,0.42336,423.524,0,0.754773,0,0,1.16725,0.412474,1.028160,1,0,37.8013,0,0,0,37.8013,0
42.4322,2.38328,0,0,1.97624,0.237108,0.36288,3.6288,47.8342,0.483757,0,0,0.574035,0.22002,0,0.66528,12.849,1,0.704957,0.36288,0,36.1254,4.64317,31.1401,0.84672,12.849,0.84672,3695.15,0,36.966,0.372834,0.412474,1.96126,7.64781,1.07921,8.56949,0.42336,36.966,0.42336,423.524,0,0.933025,0,0,1.3455,0.412474,1.028160,1,0,39.7096,0,0,0,39.7096,0
41.3861,2.44486,0,0,1.96423,0.202618,0.36288,3.6288,47.3778,0.798533,0,0,0.530574,0.188428,0,0.66528,12.849,1,0.740333,0.36288,0,31.8451,3.61252,27.8551,0.84672,12.849,0.84672,3695.15,0,36.966,0.42336,0.412474,1.96139,2.67108,0.915526,3.70606,0.42336,36.966,0.42336,423.524,0,0.625709,0,0,1.03818,0.412474,1.028160,1,0,31.5611,0,0,0,31.5611,0
42.235,2.43072,0,0,3.84268,0.200155,0.36288,3.6288,47.128,0.674731,0,0,0.612624,0.187711,0,0.66528,12.849,1,0.75466,0.36288,0,48.199,3.61252,44.1947,0.84672,12.849,0.84672,3695.15,0,36.966,0.42336,0.412474,2.02436,4.61545,0.915526,5.7134,0.42336,36.966,0.42336,423.524,0,0.749624,0,0,1.1621,0.412474,1.028160,1,0,49.9081,0,0,0,49.9081,0
44.5512,2.4425,0,0,5.36814,0.246538,0.36288,3.6288,46.7226,0.804988,0,0,0.592174,0.192615,0,0.66528,12.849,1,0.743074,0.36288,0,74.5096,3.94942,70.18,0.84672,12.849,0.84672,3695.15,0,36.966,0.42336,0.503194,2.02449,4.69443,1.10403,5.69472,0.42336,36.966,0.42336,423.524,0,0.619479,0,0,1.12267,0.503194,1.028160,1,0,75.8747,0,0,0,75.8747,0
44.8131,2.47264,0,0,3.36881,0.271421,0.36288,3.6288,46.2786,0.824627,0,0,0.574774,0.194068,0,0.66528,12.849,1,0.713133,0.36288,0,59.2528,4.08418,54.8183,0.84672,12.849,0.84672,3695.15,0,36.966,0.42336,0.503194,2.02461,3.41372,1.17943,4.33873,0.42336,36.966,0.42336,423.524,0,0.599953,0,0,1.10315,0.503194,1.028160,1,0,59.1571,0,0,0,59.1571,0
48.243,2.49001,0,0,6.56441,0.28164,0.36288,3.6288,46.7326,0.480474,0,0,1.11944,0.184992,0,0.66528,12.849,1,0.713946,0.36288,0,94.771,4.27612,90.1438,0.84672,12.849,0.84672,3695.15,0,36.966,0.383788,1.61673,2.02473,6.27317,1.14962,8.38122,0.42336,36.966,0.42336,423.524,0,1.02816,0,0,2.64489,1.61673,1.028160,1,0,98.5251,0,0,0,98.5251,0
49.183,2.53025,0,0,4.13312,0.299895,0.36288,3.6288,46.6738,0.48262,0,0,0.603317,0.17953,0,0.66528,12.849,1,0.673904,0.36288,0,70.1565,4.42008,65.4254,0.84672,12.849,0.84672,3695.15,0,36.966,0.381758,0.667414,2.06251,4.29944,1.12726,5.52034,0.42336,36.966,0.42336,423.524,0,1.02816,0,0,1.69557,0.667414,1.028160,1,0,70.9457,0,0,0,70.9457,0
48.5525,2.54061,0,0,2.55632,0.283365,0.36288,3.6288,46.0723,0.8459,0,0,0.431222,0.186836,0,0.66528,12.849,1,0.663732,0.36288,0,42.5801,4.3701,37.9091,0.84672,12.849,0.84672,3695.15,0,36.966,0.42336,0.503194,2.06263,3.10643,1.09379,4.1551,0.42336,36.966,0.42336,423.524,0,0.623393,0,0,1.12659,0.503194,1.028160,1,0,42.0642,0,0,0,42.0642,0
49.0411,2.53395,0,0,3.65231,0.266841,0.36288,3.6288,46.0754,0.479712,0,0,0.674137,0.191322,0,0.66528,12.849,1,0.670588,0.36288,0,60.8206,4.33261,56.1803,0.84672,12.849,0.84672,3695.15,0,36.966,0.384896,0.610027,2.06276,5.00678,1.06868,6.22598,0.42336,36.966,0.42336,423.524,0,1.02816,0,0,1.63819,0.610027,1.028160,1,0,62.4062,0,0,0,62.4062,0
48.8756,2.42014,0,0,2.89244,0.274921,0.36288,3.6288,46.1918,0.413922,0,0,0.732041,0.201659,0,0.66528,12.849,1,0.634089,0.36288,0,51.8105,4.37696,47.1623,0.84672,12.849,0.84672,3695.15,0,36.966,0.332087,0.710934,2.06288,4.18501,1.07752,5.54922,0.42336,36.966,0.42336,423.524,0,1.02816,0,0,1.73909,0.710934,1.028160,1,0,52.7115,0,0,0,52.7115,0
49.4271,2.41859,0,0,3.61237,0.27942,0.36288,3.6288,45.8756,0.685465,0,0,0.578877,0.209634,0,0.66528,12.849,1,0.635828,0.36288,0,74.1666,4.41021,69.4835,0.84672,12.849,0.84672,3695.15,0,36.966,0.42336,0.608429,1.94309,5.36528,1.08414,6.4093,0.42336,36.966,0.42336,423.524,0,0.665453,0,0,1.27388,0.608429,1.028160,1,0,75.8928,0,0,0,75.8928,0
50.4,2.42437,0,0,4.04125,0.281086,0.36288,3.6288,45.4479,0.819752,0,0,0.601084,0.209021,0,0.66528,12.849,1,0.630236,0.36288,0,74.4319,4.41021,69.7543,0.84672,12.849,0.84672,3695.15,0,36.966,0.42336,0.608429,1.9432,5.02906,1.08414,6.07319,0.42336,36.966,0.42336,423.524,0,0.531274,0,0,1.1397,0.608429,1.028160,1,0,75.8275,0,0,0,75.8275,0
51.9803,2.43421,0,0,4.6458,0.268403,0.36288,3.6288,45.7031,0.411573,0,0,0.866467,0.199706,0,0.66528,12.849,1,0.620579,0.36288,0,78.8201,4.43761,74.1248,0.84672,12.849,0.84672,3695.15,0,36.966,0.334761,0.598571,1.94332,7.38008,1.03271,8.5545,0.42336,36.966,0.42336,423.524,0,1.02816,0,0,1.62673,0.598571,1.028160,1,0,82.6793,0,0,0,82.6793,0
54.0966,2.44949,0,0,5.17603,0.247372,0.36288,3.6288,46.2126,0.412666,0,0,1.11246,0.190298,0,0.66528,12.849,1,0.605488,0.36288,0,91.3336,4.63003,86.461,0.84672,12.849,0.84672,3695.15,0,36.966,0.333776,3.13044,1.94344,6.84408,0.993124,10.5911,0.42336,36.966,0.42336,423.524,0,1.02816,0,0,4.1586,3.13044,1.028160,1,0,97.052,0,0,0,97.052,0
53.1862,2.55898,0,0,2.23755,0.226061,0.36288,3.6288,45.8831,0.711215,0,0,0.581677,0.199985,0,0.66528,12.849,1,0.607809,0.36288,0,41.676,5.56531,35.8657,0.84672,12.849,0.84672,3695.15,0,36.966,0.42336,0.558835,1.94356,2.65169,1.16707,3.56366,0.42336,36.966,0.42336,423.524,0,0.711513,0,0,1.27035,0.558835,1.028160,1,0,39.4294,0,0,0,39.4294,0
53.094,2.55076,0,0,3.04533,0.223975,0.36288,3.6288,45.8996,0.49039,0,0,0.706289,0.199376,0,0.66528,12.849,1,0.616226,0.36288,0,51.6097,5.56531,45.7911,0.84672,12.849,0.84672,3695.15,0,36.966,0.395086,0.558835,2.01974,3.9684,1.16707,4.98482,0.42336,36.966,0.42336,423.524,0,0.960725,0,0,1.51956,0.558835,1.028160,1,0,50.7759,0,0,0,50.7759,0
53.1445,2.55005,0,0,3.15698,0.193532,0.36288,3.6288,46.1553,0.453178,0,0,0.925269,0.216383,0,0.66528,12.849,1,0.617126,0.36288,0,60.9446,5.798,54.8923,0.84672,12.849,0.84672,3695.15,0,36.966,0.364975,1.1723,2.01987,4.32586,1.21287,5.94018,0.42336,36.966,0.42336,423.524,0,1.02816,0,0,2.20046,1.1723,1.028160,1,0,60.8325,0,0,0,60.8325,0
52.2514,2.55068,0,0,2.2045,0.184053,0.36288,3.6288,45.7214,0.723597,0,0,0.514636,0.22499,0,0.66528,12.849,1,0.616691,0.36288,0,48.8171,5.14584,43.4175,0.84672,12.849,0.84672,3695.15,0,36.966,0.42336,0.528595,2.01999,2.62939,1.24819,3.50642,0.42336,36.966,0.42336,423.524,0,0.699469,0,0,1.22806,0.528595,1.028160,1,0,46.9239,0,0,0,46.9239,0
51.6763,2.50734,0,0,2.43785,0.142661,0.36288,3.6288,45.6649,0.437183,0,0,0.604667,0.223907,0,0.66528,12.849,1,0.616573,0.36288,0,48.3692,4.94721,43.1683,0.84672,12.849,0.84672,3695.15,0,36.966,0.353466,0.578517,2.02011,3.00109,1.19609,4.05016,0.42336,36.966,0.42336,423.524,0,1.02816,0,0,1.60668,0.578517,1.028160,1,0,47.2185,0,0,0,47.2185,0
50.7296,2.50199,0,0,2.05708,0.138958,0.36288,3.6288,45.4585,0.522634,0,0,0.537796,0.221642,0,0.66528,12.849,1,0.622105,0.36288,0,38.904,4.88502,33.7598,0.84672,12.849,0.84672,3695.15,0,36.966,0.423075,0.528595,1.99063,2.58823,1.18168,3.5027,0.42336,36.966,0.42336,423.524,0,0.87321,0,0,1.40181,0.528595,1.028160,1,0,37.2625,0,0,0,37.2625,0
49.5324,2.49288,0,0,1.75525,0.0966454,0.36288,3.6288,44.9733,0.742435,0,0,0.475439,0.218152,0,0.66528,12.849,1,0.631408,0.36288,0,32.2456,4.97076,27.0063,0.84672,12.849,0.84672,3695.15,0,36.966,0.42336,0.528595,1.99075,2.34635,1.14593,3.29641,0.42336,36.966,0.42336,423.524,0,0.653236,0,0,1.18183,0.528595,1.028160,1,0,30.3027,0,0,0,30.3027,0
48.1737,2.48092,0,0,1.5502,0.0651075,0.36288,3.6288,44.4686,0.726104,0,0,0.436259,0.214878,0,0.66528,12.849,1,0.643564,0.36288,0,30.2299,5.03507,24.9141,0.84672,12.849,0.84672,3695.15,0,36.966,0.42336,0.402797,1.99088,2.02994,1.11911,2.88114,0.42336,36.966,0.42336,423.524,0,0.669678,0,0,1.07247,0.402797,1.028160,1,0,27.7953,0,0,0,27.7953,0
46.8627,2.36743,0,0,1.4828,0.0635238,0.36288,3.6288,44.0991,0.588766,0,0,0.436765,0.217452,0,0.66528,12.849,1,0.631445,0.36288,0,28.1228,5.13591,22.7183,0.84672,12.849,0.84672,3695.15,0,36.966,0.42336,0.402797,1.991,1.94737,1.17979,2.73801,0.42336,36.966,0.42336,423.524,0,0.744932,0,0,1.14773,0.402797,1.028160,1,0,25.4563,0,0,0,25.4563,0
45.5175,2.35371,0,0,1.43318,0.0617829,0.36288,3.6288,43.8122,0.501182,0,0,0.435692,0.221465,0,0.66528,12.849,1,0.645348,0.36288,0,26.1469,5.27037,20.594,0.84672,12.849,0.84672,3695.15,0,36.966,0.420115,0.402797,1.91949,1.85972,1.2607,2.50119,0.42336,36.966,0.42336,423.524,0,0.835868,0,0,1.23866,0.402797,1.028160,1,0,23.0952,0,0,0,23.0952,0
44.1267,2.33897,0,0,1.37192,0.0608646,0.36288,3.6288,43.3913,0.607072,0,0,0.407086,0.220865,0,0.66528,12.849,1,0.660262,0.36288,0,24.5793,5.27037,19.0116,0.84672,12.849,0.84672,3695.15,0,36.966,0.42336,0.402797,1.91961,1.72028,1.2607,2.35863,0.42336,36.966,0.42336,423.524,0,0.72684,0,0,1.12964,0.402797,1.028160,1,0,21.3702,0,0,0,21.3702,0
42.6018,2.323,0,0,1.22094,0.0599152,0.36288,3.6288,42.9393,0.605512,0,0,0.373496,0.219986,0,0.66528,12.849,1,0.676421,0.36288,0,22.1653,5.27037,16.5814,0.84672,12.849,0.84672,3695.15,0,36.966,0.42336,0.30119,1.91973,1.65777,1.2607,2.19463,0.42336,36.966,0.42336,423.524,0,0.728507,0,0,1.0297,0.30119,1.028160,1,0,18.776,0,0,0,18.776,0
41.119,2.30454,0,0,1.20883,0.0242413,0.36288,3.6288,42.5273,0.55676,0,0,0.395214,0.250459,0,0.66528,12.849,1,0.695064,0.36288,0,20.4558,5.67873,14.4449,0.84672,12.849,0.84672,3695.15,0,36.966,0.42336,0.30119,1.91984,1.7458,1.36906,2.17441,0.42336,36.966,0.42336,423.524,0,0.777367,0,0,1.07856,0.30119,1.028160,1,0,16.6193,0,0,0,16.6193,0
39.6886,2.26511,0,0,1.24153,0.0439297,0.36288,3.6288,42.3039,0.482962,0,0,0.525415,0.26586,0,0.66528,12.849,1,0.707809,0.36288,0,23.9688,5.87979,17.7441,0.84672,12.849,0.84672,3695.15,0,36.966,0.419805,0.30119,1.91996,2.08026,1.44458,2.43702,0.42336,36.966,0.42336,423.524,0,0.904375,0,0,1.20557,0.30119,1.028160,1,0,20.1811,0,0,0,20.1811,0
38.1666,2.24598,0,0,1.13004,0.0431911,0.36288,3.6288,41.9784,0.564216,0,0,0.504046,0.265291,0,0.66528,12.849,1,0.727124,0.36288,0,21.6376,5.87979,15.3936,0.84672,12.849,0.84672,3695.15,0,36.966,0.42336,0.30119,1.95332,1.88575,1.44458,2.27232,0.42336,36.966,0.42336,423.524,0,0.819677,0,0,1.12087,0.30119,1.028160,1,0,17.6659,0,0,0,17.6659,0
36.5885,2.22442,0,0,1.05157,0.0424366,0.36288,3.6288,41.5543,0.629152,0,0,0.469474,0.264463,0,0.66528,12.849,1,0.748863,0.36288,0,19.6875,5.87979,13.4218,0.84672,12.849,0.84672,3695.15,0,36.966,0.42336,0.261274,1.95344,1.84725,1.44458,2.19402,0.42336,36.966,0.42336,423.524,0,0.754851,0,0,1.01612,0.261274,1.028160,1,0,15.6158,0,0,0,15.6158,0
35.007,2.20065,0,0,1.02374,0.0416542,0.36288,3.6288,41.0324,0.705484,0,0,0.446971,0.263383,0,0.66528,12.849,1,0.772815,0.36288,0,17.6171,5.87979,11.3274,0.84672,12.849,0.84672,3695.15,0,36.966,0.42336,0.261274,1.95356,1.8281,1.44458,2.17499,0.42336,36.966,0.42336,423.524,0,0.678629,0,0,0.939902,0.261274,1.028160,1,0,13.5024,0,0,0,13.5024,0
33.3757,2.22601,0,0,0.993997,0.0364214,0.36288,3.6288,40.6889,0.563399,0,0,0.479064,0.259187,0,0.66528,12.849,1,0.817035,0.36288,0,18.2426,5.58481,12.2036,0.84672,12.849,0.84672,3695.15,0,36.966,0.42336,0.261274,1.95368,1.9397,1.41567,2.31562,0.42336,36.966,0.42336,423.524,0,0.864994,0,0,1.12627,0.261274,1.028160,1,0,14.5192,0,0,0,14.5192,0
31.7588,2.19731,0,0,0.977193,0.0339564,0.36288,3.6288,40.4732,0.449606,0,0,0.491104,0.257178,0,0.66528,12.849,1,0.845921,0.36288,0,17.8618,5.46682,11.912,0.84672,12.849,0.84672,3695.15,0,36.966,0.408469,0.261274,2.00093,2.04135,1.4041,2.49098,0.42336,36.966,0.42336,423.524,0,0.99379,0,0,1.25506,0.261274,1.028160,1,0,14.4029,0,0,0,14.4029,0
30.0157,2.19669,0,0,0.849787,0.0332769,0.36288,3.6288,40.1373,0.540798,0,0,0.461525,0.256638,0,0.66528,12.849,1,0.84672,0.36288,0,16.8991,5.46682,10.9485,0.84672,12.849,0.84672,3695.15,0,36.966,0.42336,0.261274,2.00105,1.98654,1.4041,2.42141,0.42336,36.966,0.42336,423.524,0,0.887821,0,0,1.14909,0.261274,1.028160,1,0,13.3699,0,0,0,13.3699,0
28.2059,2.19688,0,0,0.782508,0.0325281,0.36288,3.6288,39.7676,0.566131,0,0,0.452201,0.255796,0,0.66528,12.849,1,0.84672,0.36288,0,15.9383,5.46682,9.98763,0.84672,12.849,0.84672,3695.15,0,36.966,0.42336,0.227405,2.00117,1.96643,1.4041,2.36755,0.42336,36.966,0.42336,423.524,0,0.8626,0,0,1.09001,0.227405,1.028160,1,0,12.3552,0,0,0,12.3552,0
26.0997,2.40035,0,0,0.676953,0.0199497,0.36288,3.6288,39.2796,0.705476,0,0,0.475671,0.25821,0,0.66528,12.849,1,0.84672,0.36288,0,16.2279,5.77323,9.97084,0.84672,12.849,0.84672,3695.15,0,36.966,0.42336,0.227405,2.0013,1.9961,1.4382,2.36324,0.42336,36.966,0.42336,423.524,0,0.882835,0,0,1.11024,0.227405,1.028160,1,0,12.3341,0,0,0,12.3341,0
23.9743,2.40054,0,0,0.664062,0.0260097,0.36288,3.6288,38.8474,0.682141,0,0,0.496635,0.246605,0,0.66528,12.849,1,0.84672,0.36288,0,17.7028,5.63168,11.5872,0.84672,12.849,0.84672,3695.15,0,36.966,0.42336,0.227405,2.16272,2.26015,1.46999,2.75692,0.42336,36.966,0.42336,423.524,0,0.906293,0,0,1.1337,0.227405,1.028160,1,0,14.3442,0,0,0,14.3442,0
21.8355,2.40074,0,0,0.649991,0.0252283,0.36288,3.6288,38.3202,0.745949,0,0,0.464342,0.245596,0,0.66528,12.849,1,0.84672,0.36288,0,16.1544,5.63168,10.0389,0.84672,12.849,0.84672,3695.15,0,36.966,0.42336,0.227405,2.16285,2.26848,1.46999,2.76539,0.42336,36.966,0.42336,423.524,0,0.842607,0,0,1.07001,0.227405,1.028160,1,0,12.8043,0,0,0,12.8043,0
19.9915,2.40094,0,0,0.944326,0.0244938,0.36288,3.6288,38.0489,0.560519,0,0,0.533549,0.244366,0,0.66528,12.849,1,0.84672,0.36288,0,18.3988,5.63168,12.2833,0.84672,12.849,0.84672,3695.15,0,36.966,0.42336,0.232036,2.16298,2.51512,1.46999,3.01679,0.42336,36.966,0.42336,423.524,0,1.02816,0,0,1.2602,0.232036,1.028160,1,0,15.3001,0,0,0,15.3001,0
18.5473,2.40114,0,0,1.36106,0.0412016,0.36288,3.6288,37.9585,0.560642,0,0,0.706232,0.235969,0,0.66528,12.849,1,0.84672,0.36288,0,30.0185,5.50026,24.0344,0.84672,12.849,0.84672,3695.15,0,36.966,0.42336,0.337902,2.16311,2.80008,1.44347,3.43426,0.42336,36.966,0.42336,423.524,0,1.02816,0,0,1.36606,0.337902,1.028160,1,0,27.4686,0,0,0,27.4686,0
17.1447,2.30223,0,0,1.29223,0.0297408,0.36288,3.6288,37.8497,0.463945,0,0,0.526375,0.171235,0,0.66528,12.849,1,0.84672,0.36288,0,23.0432,4.85018,17.7092,0.84672,12.849,0.84672,3695.15,0,36.966,0.42336,0.36815,2.16324,2.58961,1.27647,3.42118,0.42336,36.966,0.42336,423.524,0,1.02816,0,0,1.39631,0.36815,1.028160,1,0,21.1304,0,0,0,21.1304,0
15.5545,2.30243,0,0,1.12737,0.0522615,0.36288,3.6288,37.7711,0.480659,0,0,0.555786,0.153758,0,0.66528,12.849,1,0.84672,0.36288,0,19.3359,3.78456,15.0675,0.84672,12.849,0.84672,3695.15,0,36.966,0.42336,0.204422,2.07,2.98223,0.976468,3.85682,0.42336,36.966,0.42336,423.524,0,1.01156,0,0,1.21598,0.204422,1.028160,1,0,18.9243,0,0,0,18.9243,0
14.1368,2.30262,0,0,1.30406,0.0562275,0.36288,3.6288,38.1513,0.464178,0,0,0.996235,0.151871,0,0.66528,12.849,1,0.84672,0.36288,0,22.2804,3.72519,18.0714,0.84672,12.849,0.84672,3695.15,0,36.966,0.42336,0.983474,2.07013,4.31386,0.969187,5.97491,0.42336,36.966,0.42336,423.524,0,1.02816,0,0,2.01163,0.983474,1.028160,1,0,24.0463,0,0,0,24.0463,0
12.6729,2.30281,0,0,1.25632,0.0545672,0.36288,3.6288,38.4494,0.464295,0,0,0.914881,0.152425,0,0.66528,12.849,1,0.84672,0.36288,0,21.3687,3.72519,17.1597,0.84672,12.849,0.84672,3695.15,0,36.966,0.42336,0.926312,2.07025,3.70018,0.969187,5.3042,0.42336,36.966,0.42336,423.524,0,1.02816,0,0,1.95447,0.926312,1.028160,1,0,22.4639,0,0,0,22.4639,0
11.0774,2.22164,0,0,1.07011,0.0810388,0.36288,3.6288,38.5224,0.407674,0,0,0.617598,0.136961,0,0.66528,12.849,1,0.84672,0.36288,0,19.2124,3.45153,15.2771,0.84672,12.849,0.84672,3695.15,0,36.966,0.391946,0.305014,2.07038,2.73688,0.853566,3.86677,0.42336,36.966,0.42336,423.524,0,1.02816,0,0,1.33317,0.305014,1.028160,1,0,19.1438,0,0,0,19.1438,0
10.7093,2.22183,0,0,2.31511,0.098566,0.36288,3.6288,38.8009,0.40811,0,0,0.811749,0.125125,0,0.66528,12.849,1,0.84672,0.36288,0,43.6058,3.24628,39.8757,0.84672,12.849,0.84672,3695.15,0,36.966,0.391621,0.637986,1.98715,3.85968,0.766851,5.32635,0.42336,36.966,0.42336,423.524,0,1.02816,0,0,1.66615,0.637986,1.028160,1,0,45.202,0,0,0,45.202,0
12.6307,2.22201,0,0,4.60405,0.0977325,0.36288,3.6288,39.7743,0.409607,0,0,1.50848,0.125457,0,0.66528,12.849,1,0.84672,0.36288,0,64.3096,3.24628,60.5795,0.84672,12.849,0.84672,3695.15,0,36.966,0.390236,1.60119,1.98727,7.89353,0.766851,10.3249,0.42336,36.966,0.42336,423.524,0,1.02816,0,0,2.62935,1.60119,1.028160,1,0,70.9044,0,0,0,70.9044,0
13.3845,2.2222,0,0,3.44097,0.102083,0.36288,3.6288,40.8197,0.414614,0,0,1.58663,0.126618,0,0.66528,12.849,1,0.84672,0.36288,0,45.1659,3.24628,41.4357,0.84672,12.849,0.84672,3695.15,0,36.966,0.38534,1.86406,1.9874,6.15622,0.766851,8.85549,0.42336,36.966,0.42336,423.524,0,1.02816,0,0,2.89222,1.86406,1.028160,1,0,50.2912,0,0,0,50.2912,0
14.23,2.25057,0,0,3.56853,0.109536,0.36288,3.6288,41.8324,0.402344,0,0,1.56416,0.149146,0,0.66528,12.849,1,0.84672,0.36288,0,63.2745,3.3752,59.4155,0.84672,12.849,0.84672,3695.15,0,36.966,0.364359,1.24302,1.98752,8.04959,0.841887,10.0739,0.42336,36.966,0.42336,423.524,0,1.02816,0,0,2.27118,1.24302,1.028160,1,0,69.4894,0,0,0,69.4894,0
15.1212,2.25076,0,0,3.63236,0.127547,0.36288,3.6288,43.4484,0.407084,0,0,2.1831,0.160071,0,0.66528,12.849,1,0.84672,0.36288,0,52.5979,3.58134,48.5327,0.84672,12.849,0.84672,3695.15,0,36.966,0.359728,1.96848,1.96714,7.11297,0.957706,9.73115,0.42336,36.966,0.42336,423.524,0,1.02816,0,0,2.99664,1.96848,1.028160,1,0,58.2639,0,0,0,58.2639,0
16.9263,2.25095,0,0,4.56504,0.146135,0.36288,3.6288,45.5537,0.414372,0,0,2.6728,0.153039,0,0.66528,12.849,1,0.84672,0.36288,0,82.3582,3.69726,78.1771,0.84672,12.849,0.84672,3695.15,0,36.966,0.352549,1.91411,1.96726,8.72027,0.966905,11.2822,0.42336,36.966,0.42336,423.524,0,1.02816,0,0,2.94227,1.91411,1.028160,1,0,89.4593,0,0,0,89.4593,0
18.9638,2.25114,0,0,4.80258,0.151049,0.36288,3.6288,47.7565,0.423428,0,0,2.78229,0.156097,0,0.66528,12.849,1,0.84672,0.36288,0,69.0975,3.69726,64.9164,0.84672,12.849,0.84672,3695.15,0,36.966,0.343603,2.13659,1.96738,8.47264,0.966905,11.2661,0.42336,36.966,0.42336,423.524,0,1.02816,0,0,3.16475,2.13659,1.028160,1,0,76.1825,0,0,0,76.1825,0
22.6746,2.25133,0,0,6.4679,0.142867,0.36288,3.6288,52.1705,0.432423,0,0,5.03004,0.183615,0,0.66528,12.849,1,0.84672,0.36288,0,162.58,4.16522,157.931,0.84672,12.849,0.84672,3695.15,0,36.966,0.334718,3.68461,1.9675,14.9297,1.15709,19.0901,0.42336,36.966,0.42336,423.524,0,1.02816,0,0,4.71277,3.68461,1.028160,1,0,177.021,0,0,0,177.021,0
22.8351,2.34857,0,0,3.04001,0.168094,0.36288,3.6288,53.4464,0.483037,0,0,1.94263,0.183699,0,0.66528,12.849,1,0.84672,0.36288,0,82.2537,3.607,78.1628,0.84672,12.849,0.84672,3695.15,0,36.966,0.342261,1.86091,1.96762,8.61441,0.980323,11.1204,0.42336,36.966,0.42336,423.524,0,1.02816,0,0,2.88907,1.86091,1.028160,1,0,89.2832,0,0,0,89.2832,0
23.1438,2.34874,0,0,3.19465,0.174384,0.36288,3.6288,54.6824,0.487926,0,0,1.90269,0.178771,0,0.66528,12.849,1,0.84672,0.36288,0,90.1826,3.40998,86.2888,0.84672,12.849,0.84672,3695.15,0,36.966,0.337472,1.79453,2.03078,6.82603,0.908597,9.40527,0.42336,36.966,0.42336,423.524,0,1.02816,0,0,2.82269,1.79453,1.028160,1,0,95.694,0,0,0,95.694,0
27.3085,2.34891,0,0,7.05167,0.175104,0.36288,3.6288,56.4638,0.492537,0,0,2.45428,0.180331,0,0.66528,12.849,1,0.84672,0.36288,0,97.8981,3.40998,94.0043,0.84672,12.849,0.84672,3695.15,0,36.966,0.332961,2.75327,2.03089,11.5467,0.908597,15.0893,0.42336,36.966,0.42336,423.524,0,1.02816,0,0,3.78143,2.75327,1.028160,1,0,109.094,0,0,0,109.094,0
34.7763,2.34908,0,0,10.3323,0.152567,0.36288,3.6288,58.8103,0.498946,0,0,3.00764,0.16218,0,0.66528,12.849,1,0.84672,0.36288,0,173.147,3.1722,169.491,0.84672,12.849,0.84672,3695.15,0,36.966,0.326652,3.64309,2.031,15.6542,0.887847,20.1138,0.42336,36.966,0.42336,423.524,0,1.02816,0,0,4.67125,3.64309,1.028160,1,0,189.605,0,0,0,189.605,0
36.7717,2.3673,0,0,4.90216,0.176605,0.36288,3.6288,60.0667,0.534341,0,0,1.95712,0.166419,0,0.66528,12.849,1,0.84672,0.36288,0,137.661,3.18864,133.988,0.84672,12.849,0.84672,3695.15,0,36.966,0.335867,1.92994,2.03111,10.783,0.879999,13.5282,0.42336,36.966,0.42336,423.524,0,1.02816,0,0,2.9581,1.92994,1.028160,1,0,147.517,0,0,0,147.517,0
36.656,2.3819,0,0,2.8299,0.200819,0.36288,3.6288,60.7078,0.538753,0,0,1.35461,0.174734,0,0.66528,12.849,1,0.832298,0.36288,0,62.4949,3.2634,58.7621,0.84672,12.849,0.84672,3695.15,0,36.966,0.331557,1.30181,2.06899,6.1705,0.874146,8.3356,0.42336,36.966,0.42336,423.524,0,1.02816,0,0,2.32997,1.30181,1.028160,1,0,67.0977,0,0,0,67.0977,0
37.4646,2.38008,0,0,3.7521,0.200543,0.36288,3.6288,61.2855,0.540994,0,0,1.29409,0.175447,0,0.66528,12.849,1,0.834288,0.36288,0,87.5248,3.2634,83.79,0.84672,12.849,0.84672,3695.15,0,36.966,0.32942,1.56641,2.0691,6.95995,0.874146,9.39189,0.42336,36.966,0.42336,423.524,0,1.02816,0,0,2.59457,1.56641,1.028160,1,0,93.1819,0,0,0,93.1819,0
37.7278,2.39362,0,0,3.22213,0.202471,0.36288,3.6288,61.308,0.542994,0,0,1.49673,0.17609,0.755115,0.66528,12.849,1,0.820925,0.36288,0,73.3779,3.2634,69.6564,0.84672,12.849,0.84672,3695.15,0,36.966,0.327522,1.34345,2.06921,6.75758,0.874146,8.96857,0.42336,36.966,0.42336,423.524,0,1.02816,0,0,2.37161,1.34345,1.028160,1,0,79.3801,0,0,0,79.3801,0
38.3478,2.2854,0,0,3.47193,0.203627,0.36288,3.6288,61.308,0.468843,0,0,1.59456,0.180038,0.945674,0.66528,12.849,1,0.778343,0.36288,0,80.5991,3.8317,76.3519,0.84672,12.849,0.84672,3695.15,0,36.966,0.282692,1.2293,2.06932,9.02111,0.967747,11.0693,0.42336,36.966,0.42336,423.524,0,1.02816,0,0,2.25746,1.2293,1.028160,1,0,88.3669,0,0,0,88.3669,0
39.3568,2.29495,0,0,3.88142,0.214526,0.36288,3.6288,61.308,0.468903,0,0,1.76215,0.159448,1.1338,0.66528,12.849,1,0.768958,0.36288,0,90.3442,3.97793,85.9602,0.84672,12.849,0.84672,3695.15,0,36.966,0.282728,2.24251,1.94914,8.24558,0.901234,11.2533,0.42336,36.966,0.42336,423.524,0,1.02816,0,0,3.27067,2.24251,1.028160,1,0,98.3472,0,0,0,98.3472,0
40.6061,2.30994,0,0,4.13908,0.217049,0.36288,3.6288,61.308,0.468963,0,0,1.3572,0.159448,0.728786,0.66528,12.849,1,0.754136,0.36288,0,73.23,3.97793,68.8608,0.84672,12.849,0.84672,3695.15,0,36.966,0.282764,1.70302,1.94924,7.00752,0.901234,9.47579,0.42336,36.966,0.42336,423.524,0,1.02816,0,0,2.73118,1.70302,1.028160,1,0,79.0654,0,0,0,79.0654,0
40.9861,2.32769,0,0,3.29088,0.220264,0.36288,3.6288,61.308,0.469024,0,0,1.02958,0.159448,0.401106,0.66528,12.849,1,0.736553,0.36288,0,83.2956,3.97793,78.944,0.84672,12.849,0.84672,3695.15,0,36.966,0.2828,0.850392,1.94935,5.16105,0.901234,6.77676,0.42336,36.966,0.42336,423.524,0,1.02816,0,0,1.87855,0.850392,1.028160,1,0,86.1219,0,0,0,86.1219,0
40.3071,2.33302,0,0,2.22975,0.212865,0.36288,3.6288,61.308,0.488871,0,0,0.711484,0.153431,0.0691821,0.66528,12.849,1,0.731393,0.36288,0,67.1924,3.89073,62.9332,0.84672,12.849,0.84672,3695.15,0,36.966,0.294767,0.558835,1.94945,4.66075,0.888709,5.98557,0.42336,36.966,0.42336,423.524,0,0.996443,0,0,1.55528,0.558835,1.028160,1,0,68.9879,0,0,0,68.9879,0
40.0398,2.40871,0,0,2.77742,0.273167,0.36288,3.6288,61.308,0.51381,0,0,0.838685,0.203142,0.121733,0.66528,12.849,1,0.767842,0.36288,0,59.644,4.84039,54.3986,0.84672,12.849,0.84672,3695.15,0,36.966,0.309804,0.898068,1.94956,5.77638,1.05015,7.26405,0.42336,36.966,0.42336,423.524,0,1.02816,0,0,1.92623,0.898068,1.028160,1,0,61.7844,0,0,0,61.7844,0
39.2099,2.40496,0,0,2.21029,0.272297,0.36288,3.6288,61.2708,0.513872,0,0,0.67979,0.203142,0,0.66528,12.849,1,0.771765,0.36288,0,43.133,4.84039,37.8838,0.84672,12.849,0.84672,3695.15,0,36.966,0.309842,0.560347,2.02597,5.45111,1.05015,6.67742,0.42336,36.966,0.42336,423.524,0,1.02816,0,0,1.58851,0.560347,1.028160,1,0,44.5612,0,0,0,44.5612,0
38.3705,2.39278,0,0,2.14605,0.229789,0.36288,3.6288,61.1925,0.54878,0,0,0.656581,0.18612,0,0.66528,12.849,1,0.784109,0.36288,0,49.8919,3.9371,45.5335,0.84672,12.849,0.84672,3695.15,0,36.966,0.331091,0.528595,2.02608,5.22641,0.946209,6.50378,0.42336,36.966,0.42336,423.524,0,0.972104,0,0,1.5007,0.528595,1.028160,1,0,52.0373,0,0,0,52.0373,0
37.4296,2.38006,0,0,2.01382,0.21176,0.36288,3.6288,61.0165,0.595341,0,0,0.598608,0.179241,0,0.66528,12.849,1,0.797003,0.36288,0,43.7993,3.57577,39.7894,0.84672,12.849,0.84672,3695.15,0,36.966,0.359642,0.528595,2.02618,5.01612,0.904631,6.30663,0.42336,36.966,0.42336,423.524,0,0.897091,0,0,1.42569,0.528595,1.028160,1,0,46.096,0,0,0,46.096,0
36.3441,2.33268,0,0,1.82269,0.212636,0.36288,3.6288,61.014,0.503764,0,0,0.708458,0.207177,0,0.66528,12.849,1,0.80077,0.36288,0,37.1843,4.25655,32.4899,0.84672,12.849,0.84672,3695.15,0,36.966,0.305199,0.528595,2.02629,4.33528,1.026,5.55897,0.42336,36.966,0.42336,423.524,0,1.0154,0,0,1.54399,0.528595,1.028160,1,0,38.0488,0,0,0,38.0488,0
35.1957,2.31513,0,0,1.74075,0.211179,0.36288,3.6288,61.1103,0.495871,0,0,0.810579,0.218428,0,0.66528,12.849,1,0.818485,0.36288,0,34.0231,4.52886,29.0386,0.84672,12.849,0.84672,3695.15,0,36.966,0.300429,0.749313,1.99671,5.47221,1.07455,6.84325,0.42336,36.966,0.42336,423.524,0,1.02816,0,0,1.77747,0.749313,1.028160,1,0,35.8819,0,0,0,35.8819,0
34.6228,2.29569,0,0,2.29401,0.208284,0.36288,3.6288,61.3006,0.496228,0,0,0.905083,0.218561,0,0.66528,12.849,1,0.838095,0.36288,0,37.5583,4.52886,32.5542,0.84672,12.849,0.84672,3695.15,0,36.966,0.300171,0.849597,1.99682,4.76177,1.07455,6.23346,0.42336,36.966,0.42336,423.524,0,1.02816,0,0,1.87776,0.849597,1.028160,1,0,38.7876,0,0,0,38.7876,0
33.8554,2.28723,0,0,2.06855,0.185921,0.36288,3.6288,61.308,0.496871,0,0,0.882351,0.225965,0.152089,0.66528,12.849,1,0.84672,0.36288,0,40.8161,4.74558,35.5866,0.84672,12.849,0.84672,3695.15,0,36.966,0.299627,0.793619,1.99693,4.48792,1.03443,5.9444,0.42336,36.966,0.42336,423.524,0,1.02816,0,0,1.82178,0.793619,1.028160,1,0,41.6831,0,0,0,41.6831,0
32.7975,2.18042,0,0,1.64558,0.160175,0.36288,3.6288,61.308,0.458037,0,0,0.811417,0.232949,0.12043,0.66528,12.849,1,0.827526,0.36288,0,33.2676,4.85601,27.947,0.84672,12.849,0.84672,3695.15,0,36.966,0.276176,0.665531,1.99703,4.12612,1.03048,5.48202,0.42336,36.966,0.42336,423.524,0,1.02816,0,0,1.69369,0.665531,1.028160,1,0,33.5494,0,0,0,33.5494,0
31.8693,2.16139,0,0,1.73331,0.137203,0.36288,3.6288,61.308,0.458097,0,0,0.849908,0.236997,0.154814,0.66528,12.849,1,0.84672,0.36288,0,37.7065,4.72573,32.4969,0.84672,12.849,0.84672,3695.15,0,36.966,0.276212,0.746461,1.9253,3.92545,1.09583,5.22518,0.42336,36.966,0.42336,423.524,0,1.02816,0,0,1.77462,0.746461,1.028160,1,0,37.8769,0,0,0,37.8769,0
30.8546,2.16155,0,0,1.64531,0.135616,0.36288,3.6288,61.308,0.458157,0,0,0.775656,0.236997,0.0805024,0.66528,12.849,1,0.84672,0.36288,0,34.1702,4.72573,28.9607,0.84672,12.849,0.84672,3695.15,0,36.966,0.276248,0.554766,1.9254,3.68445,1.09583,4.79254,0.42336,36.966,0.42336,423.524,0,1.02816,0,0,1.58293,0.554766,1.028160,1,0,33.8337,0,0,0,33.8337,0
29.7112,2.16171,0,0,1.49151,0.110275,0.36288,3.6288,61.308,0.458216,0,0,0.740474,0.260605,0.0216524,0.66528,12.849,1,0.84672,0.36288,0,30.1292,4.99349,24.6519,0.84672,12.849,0.84672,3695.15,0,36.966,0.276284,0.503055,1.92551,3.58874,1.16424,4.57679,0.42336,36.966,0.42336,423.524,0,1.02816,0,0,1.53122,0.503055,1.028160,1,0,29.2503,0,0,0,29.2503,0
28.4966,2.16188,0,0,1.40943,0.0993107,0.36288,3.6288,61.287,0.458276,0,0,0.70734,0.270049,0,0.66528,12.849,1,0.84672,0.36288,0,29.1605,5.10058,23.5761,0.84672,12.849,0.84672,3695.15,0,36.966,0.27632,0.399358,1.92561,3.57878,1.1916,4.43583,0.42336,36.966,0.42336,423.524,0,1.02816,0,0,1.42752,0.399358,1.028160,1,0,28.0119,0,0,0,28.0119,0
27.3582,2.13509,0,0,1.45884,0.0992678,0.36288,3.6288,61.151,0.489275,0,0,0.569606,0.21631,0,0.66528,12.849,1,0.84672,0.36288,0,20.9051,4.3344,16.0868,0.84672,12.849,0.84672,3695.15,0,36.966,0.295112,0.305269,1.92572,3.15706,1.02592,4.06702,0.42336,36.966,0.42336,423.524,0,1.02816,0,0,1.33343,0.305269,1.028160,1,0,20.1539,0,0,0,20.1539,0
26.0867,2.13525,0,0,1.32437,0.0977228,0.36288,3.6288,60.9051,0.567907,0,0,0.538103,0.216124,0,0.66528,12.849,1,0.84672,0.36288,0,20.2838,4.3344,15.4655,0.84672,12.849,0.84672,3695.15,0,36.966,0.343302,0.30119,1.95917,2.96762,1.02592,3.85875,0.42336,36.966,0.42336,423.524,0,0.901437,0,0,1.20263,0.30119,1.028160,1,0,19.3243,0,0,0,19.3243,0
24.7109,2.13541,0,0,1.21265,0.0901506,0.36288,3.6288,60.6066,0.572982,0,0,0.512139,0.23767,0,0.66528,12.849,1,0.84672,0.36288,0,17.8877,4.6167,12.7872,0.84672,12.849,0.84672,3695.15,0,36.966,0.347768,0.261274,1.95927,2.882,1.12896,3.62582,0.42336,36.966,0.42336,423.524,0,0.891994,0,0,1.15327,0.261274,1.028160,1,0,16.413,0,0,0,16.413,0
23.2832,2.13558,0,0,1.14484,0.0740648,0.36288,3.6288,60.2082,0.584499,0,0,0.47794,0.291823,0,0.66528,12.849,1,0.84672,0.36288,0,15.9097,5.32245,10.1034,0.84672,12.849,0.84672,3695.15,0,36.966,0.356506,0.261274,1.95938,2.74906,1.38658,3.22663,0.42336,36.966,0.42336,423.524,0,0.871836,0,0,1.13311,0.261274,1.028160,1,0,13.33,0,0,0,13.33,0
21.707,2.20534,0,0,1.05759,0.0655808,0.36288,3.6288,59.5928,0.725944,0,0,0.418573,0.308086,0,0.66528,12.849,1,0.84672,0.36288,0,14.9706,5.62635,8.86042,0.84672,12.849,0.84672,3695.15,0,36.966,0.42336,0.261274,1.95948,2.46366,1.46989,2.79117,0.42336,36.966,0.42336,423.524,0,0.707936,0,0,0.969209,0.261274,1.028160,1,0,11.6516,0,0,0,11.6516,0
20.308,2.20551,0,0,1.22847,0.0590972,0.36288,3.6288,59.1345,0.657298,0,0,0.51863,0.319581,0,0.66528,12.849,1,0.84672,0.36288,0,19.7143,5.85427,13.3762,0.84672,12.849,0.84672,3695.15,0,36.966,0.407729,0.261274,2.00686,2.74004,1.53237,3.06807,0.42336,36.966,0.42336,423.524,0,0.792314,0,0,1.05359,0.261274,1.028160,1,0,16.4443,0,0,0,16.4443,0
18.7997,2.20567,0,0,1.11819,0.0579754,0.36288,3.6288,58.6022,0.641412,0,0,0.427765,0.318645,0,0.66528,12.849,1,0.84672,0.36288,0,15.8788,5.85427,9.54065,0.84672,12.849,0.84672,3695.15,0,36.966,0.400958,0.261274,2.00697,2.54612,1.53237,2.88104,0.42336,36.966,0.42336,423.524,0,0.815072,0,0,1.07635,0.261274,1.028160,1,0,12.4217,0,0,0,12.4217,0
17.1912,2.20584,0,0,1.01699,0.056766,0.36288,3.6288,57.93,0.753013,0,0,0.398371,0.317557,0,0.66528,12.849,1,0.84672,0.36288,0,14.8027,5.85427,8.46462,0.84672,12.849,0.84672,3695.15,0,36.966,0.42336,0.227405,2.00708,2.2691,1.53237,2.54785,0.42336,36.966,0.42336,423.524,0,0.681169,0,0,0.908574,0.227405,1.028160,1,0,11.0125,0,0,0,11.0125,0
15.5209,2.40988,0,0,1.15369,0.051169,0.36288,3.6288,57.3865,0.695951,0,0,0.469221,0.316742,0,0.66528,12.849,1,0.84672,0.36288,0,15.1221,5.92509,8.71314,0.84672,12.849,0.84672,3695.15,0,36.966,0.42336,0.227405,2.00719,3.28871,1.53326,3.56668,0.42336,36.966,0.42336,423.524,0,0.898266,0,0,1.12567,0.227405,1.028160,1,0,12.2798,0,0,0,12.2798,0
14.1176,2.41006,0,0,1.41228,0.0426846,0.36288,3.6288,56.7089,0.8162,0,0,0.439872,0.301285,0,0.66528,12.849,1,0.84672,0.36288,0,16.5425,5.82656,10.2321,0.84672,12.849,0.84672,3695.15,0,36.966,0.42336,0.227405,2.16907,3.29574,1.43401,3.83483,0.42336,36.966,0.42336,423.524,0,0.778127,0,0,1.00553,0.227405,1.028160,1,0,14.0669,0,0,0,14.0669,0
12.853,2.41023,0,0,1.54991,0.0414361,0.36288,3.6288,56.3492,0.602914,0,0,0.543173,0.299962,0,0.66528,12.849,1,0.84672,0.36288,0,21.2749,5.82656,14.9645,0.84672,12.849,0.84672,3695.15,0,36.966,0.393012,0.227405,2.16918,3.59528,1.43401,4.16484,0.42336,36.966,0.42336,423.524,0,1.02187,0,0,1.24927,0.227405,1.028160,1,0,19.1293,0,0,0,19.1293,0
11.2845,2.41041,0,0,1.24514,0.0403109,0.36288,3.6288,55.5112,0.931658,0,0,0.392873,0.299259,0,0.66528,12.849,1,0.84672,0.36288,0,20.789,5.82656,14.4787,0.84672,12.849,0.84672,3695.15,0,36.966,0.42336,0.204422,2.1693,2.8862,1.43401,3.40255,0.42336,36.966,0.42336,423.524,0,0.662887,0,0,0.867309,0.204422,1.028160,1,0,17.8812,0,0,0,17.8812,0
10.0228,2.41059,0,0,1.55067,0.0389155,0.36288,3.6288,55.2909,0.594179,0,0,0.671492,0.297623,0,0.66528,12.849,1,0.84672,0.36288,0,18.9868,5.82656,12.6764,0.84672,12.849,0.84672,3695.15,0,36.966,0.395676,0.612472,2.16942,4.4626,1.43401,5.41481,0.42336,36.966,0.42336,423.524,0,1.02816,0,0,1.64063,0.612472,1.028160,1,0,18.0912,0,0,0,18.0912,0
9.32672,2.31137,0,0,2.02382,0.0456275,0.36288,3.6288,55.0753,0.535106,0,0,0.573893,0.254364,0,0.66528,12.849,1,0.84672,0.36288,0,18.1838,4.66744,13.0325,0.84672,12.849,0.84672,3695.15,0,36.966,0.357757,0.465074,2.16954,3.83465,1.27721,4.83429,0.42336,36.966,0.42336,423.524,0,1.02816,0,0,1.49323,0.465074,1.028160,1,0,17.8668,0,0,0,17.8668,0
8.49867,2.31154,0,0,1.89239,0.0460251,0.36288,3.6288,55.1528,0.53433,0,0,0.858743,0.246875,0,0.66528,12.849,1,0.84672,0.36288,0,17.7384,4.47426,12.7803,0.84672,12.849,0.84672,3695.15,0,36.966,0.358637,1.68638,2.07601,4.43394,1.25108,6.58661,0.42336,36.966,0.42336,423.524,0,1.02816,0,0,2.71454,1.68638,1.028160,1,0,19.3669,0,0,0,19.3669,0
7.34938,2.31171,0,0,1.57023,0.0449161,0.36288,3.6288,54.833,0.534694,0,0,0.46187,0.247001,0,0.66528,12.849,1,0.84672,0.36288,0,16.9959,4.47426,12.0378,0.84672,12.849,0.84672,3695.15,0,36.966,0.358377,0.377162,2.07612,3.3021,1.25108,4.14593,0.42336,36.966,0.42336,423.524,0,1.02816,0,0,1.40532,0.377162,1.028160,1,0,16.1837,0,0,0,16.1837,0
6.86428,2.31189,0,0,2.25843,0.0687596,0.36288,3.6288,54.6648,0.533508,0,0,0.568111,0.20286,0,0.66528,12.849,1,0.84672,0.36288,0,19.8358,3.85137,15.5006,0.84672,12.849,0.84672,3695.15,0,36.966,0.359667,0.555431,2.07623,3.63362,1.05638,4.84923,0.42336,36.966,0.42336,423.524,0,1.02816,0,0,1.58359,0.555431,1.028160,1,0,20.3498,0,0,0,20.3498,0
7.82644,2.23046,0,0,3.65865,0.103155,0.36288,3.6288,55.2472,0.480169,0,0,1.2677,0.205063,0,0.66528,12.849,1,0.84672,0.36288,0,65.4516,3.71133,61.2565,0.84672,12.849,0.84672,3695.15,0,36.966,0.324705,1.30705,2.07635,10.869,0.971982,12.9557,0.42336,36.966,0.42336,423.524,0,1.02816,0,0,2.33521,1.30705,1.028160,1,0,74.2122,0,0,0,74.2122,0
8.42396,2.23062,0,0,3.30016,0.109134,0.36288,3.6288,55.5577,0.482279,0,0,1.07966,0.286862,0,0.66528,12.849,1,0.84672,0.36288,0,36.2981,4.63197,31.1823,0.84672,12.849,0.84672,3695.15,0,36.966,0.322694,0.772606,1.99286,6.76706,1.20557,8.00427,0.42336,36.966,0.42336,423.524,0,1.02816,0,0,1.80077,0.772606,1.028160,1,0,39.1866,0,0,0,39.1866,0
9.61362,2.23079,0,0,3.89445,0.111119,0.36288,3.6288,55.9358,0.483422,0,0,1.14895,0.287448,0,0.66528,12.849,1,0.84672,0.36288,0,22.3609,4.63197,17.2451,0.84672,12.849,0.84672,3695.15,0,36.966,0.32165,1.54481,1.99297,6.69832,1.20557,8.70889,0.42336,36.966,0.42336,423.524,0,1.02816,0,0,2.57297,1.54481,1.028160,1,0,25.954,0,0,0,25.954,0
10.4252,2.23096,0,0,3.52051,0.115069,0.36288,3.6288,56.4148,0.484791,0,0,1.25196,0.288161,0,0.66528,12.849,1,0.84672,0.36288,0,26.7622,4.63197,21.6464,0.84672,12.849,0.84672,3695.15,0,36.966,0.320381,1.37772,1.99308,7.4018,1.20557,9.24665,0.42336,36.966,0.42336,423.524,0,1.02816,0,0,2.40588,1.37772,1.028160,1,0,30.8931,0,0,0,30.8931,0
11.2342,2.25939,0,0,3.55526,0.124072,0.36288,3.6288,56.7471,0.466281,0,0,1.04984,0.251304,0,0.66528,12.849,1,0.84672,0.36288,0,28.9335,4.59346,23.8562,0.84672,12.849,0.84672,3695.15,0,36.966,0.305532,0.82296,1.99319,6.65755,1.09031,8.07786,0.42336,36.966,0.42336,423.524,0,1.02816,0,0,1.85112,0.82296,1.028160,1,0,31.9341,0,0,0,31.9341,0
11.7336,2.25956,0,0,3.25736,0.135457,0.36288,3.6288,57.1268,0.467423,0,0,1.03877,0.191646,0,0.66528,12.849,1,0.84672,0.36288,0,32.3651,3.91304,27.9682,0.84672,12.849,0.84672,3695.15,0,36.966,0.304487,0.802578,1.97274,5.78045,0.956091,7.29519,0.42336,36.966,0.42336,423.524,0,1.02816,0,0,1.83074,0.802578,1.028160,1,0,35.2634,0,0,0,35.2634,0
11.5813,2.25972,0,0,2.6073,0.137005,0.36288,3.6288,57.3804,0.468711,0,0,0.914492,0.19212,0,0.66528,12.849,1,0.84672,0.36288,0,23.4503,3.91304,19.0534,0.84672,12.849,0.84672,3695.15,0,36.966,0.303297,0.524759,1.97285,5.15976,0.956091,6.39798,0.42336,36.966,0.42336,423.524,0,1.02816,0,0,1.55292,0.524759,1.028160,1,0,25.4514,0,0,0,25.4514,0
11.0894,2.25989,0,0,2.26661,0.13571,0.36288,3.6288,57.6631,0.469585,0,0,0.949398,0.197145,0,0.66528,12.849,1,0.84672,0.36288,0,23.4135,4.0787,18.8509,0.84672,12.849,0.84672,3695.15,0,36.966,0.302519,0.687701,1.97296,11.7086,0.994443,13.0723,0.42336,36.966,0.42336,423.524,0,1.02816,0,0,1.71586,0.687701,1.028160,1,0,31.9232,0,0,0,31.9232,0
11.1282,2.26006,0,0,2.79101,0.129311,0.36288,3.6288,57.954,0.470549,0,0,0.987232,0.225807,0,0.66528,12.849,1,0.84672,0.36288,0,36.2314,5.07265,30.6749,0.84672,12.849,0.84672,3695.15,0,36.966,0.301654,0.705732,1.97306,9.66453,1.22456,10.8171,0.42336,36.966,0.42336,423.524,0,1.02816,0,0,1.73389,0.705732,1.028160,1,0,41.492,0,0,0,41.492,0
11.0963,2.26006,0,0,2.73189,0.140822,0.36288,3.6288,58.1865,0.471473,0,0,0.86692,0.162952,0,0.66528,12.849,1,0.84672,0.36288,0,46.398,3.64938,42.2648,0.84672,12.849,0.84672,3695.15,0,36.966,0.300729,0.762212,1.97317,10.0698,0.944998,11.5595,0.42336,36.966,0.42336,423.524,0,1.02816,0,0,1.79037,0.762212,1.028160,1,0,53.8243,0,0,0,53.8243,0
13.0897,2.35755,0,0,4.85909,0.145274,0.36288,3.6288,58.5915,0.507864,0,0,1.05074,0.137847,0,0.66528,12.849,1,0.84672,0.36288,0,100.272,3.08007,96.7085,0.84672,12.849,0.84672,3695.15,0,36.966,0.322647,1.19621,1.97317,13.7595,0.833173,15.7731,0.42336,36.966,0.42336,423.524,0,1.02816,0,0,2.22437,1.19621,1.028160,1,0,112.482,0,0,0,112.482,0
14.2143,2.3577,0,0,3.99715,0.151923,0.36288,3.6288,59.1831,0.509285,0,0,1.23903,0.138207,0,0.66528,12.849,1,0.84672,0.36288,0,76.4614,3.08007,72.8975,0.84672,12.849,0.84672,3695.15,0,36.966,0.321314,1.88215,2.03649,15.2766,0.833173,18.0408,0.42336,36.966,0.42336,423.524,0,1.02816,0,0,2.91031,1.88215,1.028160,1,0,90.9383,0,0,0,90.9383,0
18.5958,2.35786,0,0,7.2686,0.166374,0.36288,3.6288,60.741,0.511316,0,0,2.19823,0.128958,0,0.66528,12.849,1,0.84672,0.36288,0,144.308,3.22731,140.597,0.84672,12.849,0.84672,3695.15,0,36.966,0.319371,3.55628,2.03659,18.5839,0.800647,23.0568,0.42336,36.966,0.42336,423.524,0,1.02816,0,0,4.58444,3.55628,1.028160,1,0,163.654,0,0,0,163.654,0
21.8992,2.35801,0,0,6.20765,0.183377,0.36288,3.6288,61.308,0.516464,0,0,1.83588,0.140005,0.612419,0.66528,12.849,1,0.84672,0.36288,0,129.52,3.64485,125.391,0.84672,12.849,0.84672,3695.15,0,36.966,0.314311,1.82545,2.03668,15.9883,0.885584,18.6506,0.42336,36.966,0.42336,423.524,0,1.02816,0,0,2.85361,1.82545,1.028160,1,0,144.654,0,0,0,144.654,0
23.5199,2.37625,0,0,4.5391,0.17929,0.36288,3.6288,61.308,0.546176,0,0,1.17312,0.183571,0.443375,0.66528,12.849,1,0.84672,0.36288,0,97.7175,4.41262,92.8211,0.84672,12.849,0.84672,3695.15,0,36.966,0.32932,1.2785,2.03678,10.7222,1.15892,12.5492,0.42336,36.966,0.42336,423.524,0,1.02816,0,0,2.30666,1.2785,1.028160,1,0,105.814,0,0,0,105.814,0
25.9209,2.37641,0,0,5.32355,0.183285,0.36288,3.6288,61.308,0.546232,0,0,1.24148,0.183571,0.511678,0.66528,12.849,1,0.84672,0.36288,0,116.801,4.41262,111.904,0.84672,12.849,0.84672,3695.15,0,36.966,0.329354,1.27216,2.07475,11.2965,1.15892,13.1552,0.42336,36.966,0.42336,423.524,0,1.02816,0,0,2.30032,1.27216,1.028160,1,0,125.571,0,0,0,125.571,0
28.4786,2.37656,0,0,5.48352,0.186317,0.36288,3.6288,61.308,0.546289,0,0,1.28183,0.175357,0.560185,0.66528,12.849,1,0.84672,0.36288,0,120.699,4.22682,115.988,0.84672,12.849,0.84672,3695.15,0,36.966,0.329388,1.54313,2.07485,12.5321,1.10413,14.7165,0.42336,36.966,0.42336,423.524,0,1.02816,0,0,2.57129,1.54313,1.028160,1,0,131.265,0,0,0,131.265,0
31.1244,2.37671,0,0,5.57104,0.185656,0.36288,3.6288,61.308,0.546345,0,0,1.3111,0.204479,0.560279,0.66528,12.849,1,0.84672,0.36288,0,114.385,4.17846,109.723,0.84672,12.849,0.84672,3695.15,0,36.966,0.329422,1.40886,2.07495,11.7621,1.0561,13.8603,0.42336,36.966,0.42336,423.524,0,1.02816,0,0,2.43702,1.40886,1.028160,1,0,124.143,0,0,0,124.143,0
35.0301,2.22548,0,0,6.71469,0.220624,0.36288,3.6288,61.308,0.471906,0,0,1.67933,0.235272,0.972153,0.66528,12.849,1,0.84672,0.36288,0,155.455,4.52938,150.442,0.84672,12.849,0.84672,3695.15,0,36.966,0.284538,1.3675,2.07504,12.5634,1.18815,14.5333,0.42336,36.966,0.42336,423.524,0,1.02816,0,0,2.39566,1.3675,1.028160,1,0,165.947,0,0,0,165.947,0
39.8695,2.24784,0,0,7.68165,0.231593,0.36288,3.6288,61.308,0.471958,0,0,3.00904,0.235272,2.3018,0.66528,12.849,1,0.824503,0.36288,0,175.072,4.52938,170.081,0.84672,12.849,0.84672,3695.15,0,36.966,0.28457,2.66514,1.95451,18.544,1.18815,21.691,0.42336,36.966,0.42336,423.524,0,1.02816,0,0,3.6933,2.66514,1.028160,1,0,194.074,0,0,0,194.074,0
42.2711,2.32363,0,0,5.33332,0.245192,0.36288,3.6288,61.308,0.472011,0,0,1.57913,0.235272,0.871849,0.66528,12.849,1,0.748853,0.36288,0,119.378,4.52938,114.463,0.84672,12.849,0.84672,3695.15,0,36.966,0.284602,1.51927,1.95461,12.0697,1.18815,14.0709,0.42336,36.966,0.42336,423.524,0,1.02816,0,0,2.54743,1.51927,1.028160,1,0,129.405,0,0,0,129.405,0
44.843,2.35637,0,0,5.54338,0.252243,0.36288,3.6288,61.308,0.472064,0,0,2.93019,0.235272,2.22285,0.66528,12.849,1,0.716259,0.36288,0,153.218,4.52938,148.336,0.84672,12.849,0.84672,3695.15,0,36.966,0.284633,3.97532,1.9547,23.8322,1.18815,28.2895,0.42336,36.966,0.42336,423.524,0,1.02816,0,0,5.00348,3.97532,1.028160,1,0,178.848,0,0,0,178.848,0
47.3702,2.38842,0,0,5.54792,0.26936,0.36288,3.6288,61.308,0.472117,0,0,2.72149,0.208999,2.04037,0.66528,12.849,1,0.684361,0.36288,0,123.673,4.53825,118.813,0.84672,12.849,0.84672,3695.15,0,36.966,0.284665,2.85238,1.95479,17.6874,1.15794,21.0519,0.42336,36.966,0.42336,423.524,0,1.02816,0,0,3.88054,2.85238,1.028160,1,0,141.906,0,0,0,141.906,0
47.9392,2.50557,0,0,3.71323,0.275868,0.36288,3.6288,61.308,0.516957,0,0,0.937535,0.21387,0.206708,0.66528,12.849,1,0.679627,0.36288,0,97.2743,4.55742,92.4001,0.84672,12.849,0.84672,3695.15,0,36.966,0.311702,1.07165,1.95488,7.38314,1.17419,8.92379,0.42336,36.966,0.42336,423.524,0,1.02816,0,0,2.09981,1.07165,1.028160,1,0,101.531,0,0,0,101.531,0
49.9221,2.51205,0,0,5.13544,0.277592,0.36288,3.6288,61.308,0.517012,0,0,1.88411,0.21387,1.15323,0.66528,12.849,1,0.673299,0.36288,0,136.382,4.55742,131.514,0.84672,12.849,0.84672,3695.15,0,36.966,0.311735,2.17749,2.03148,13.1033,1.17419,15.8263,0.42336,36.966,0.42336,423.524,0,1.02816,0,0,3.20565,2.17749,1.028160,1,0,148.493,0,0,0,148.493,0
50.966,2.53344,0,0,4.19092,0.250649,0.36288,3.6288,61.308,0.517066,0,0,0.96584,0.221973,0.2268,0.66528,12.849,1,0.65206,0.36288,0,102.867,4.6449,97.9329,0.84672,12.849,0.84672,3695.15,0,36.966,0.311768,1.21334,2.03158,8.29241,1.14202,10.0835,0.42336,36.966,0.42336,423.524,0,1.02816,0,0,2.2415,1.21334,1.028160,1,0,108.243,0,0,0,108.243,0
51.3208,2.54423,0,0,3.46381,0.201889,0.36288,3.6288,61.308,0.517121,0,0,0.888399,0.214728,0.15655,0.66528,12.849,1,0.641424,0.36288,0,75.9931,4.28073,71.4338,0.84672,12.849,0.84672,3695.15,0,36.966,0.311801,0.812773,2.03168,7.08005,1.17843,8.43427,0.42336,36.966,0.42336,423.524,0,1.02816,0,0,1.84093,0.812773,1.028160,1,0,80.0247,0,0,0,80.0247,0
51.3172,2.51278,0,0,3.05531,0.183269,0.36288,3.6288,61.308,0.499778,0,0,0.89157,0.221631,0.170162,0.66528,12.849,1,0.629115,0.36288,0,61.9796,4.46366,57.2497,0.84672,12.849,0.84672,3695.15,0,36.966,0.301344,0.549487,2.03177,6.9736,1.27749,7.97603,0.42336,36.966,0.42336,423.524,0,1.02816,0,0,1.57765,0.549487,1.028160,1,0,65.3959,0,0,0,65.3959,0
50.9958,2.51286,0,0,2.73764,0.183262,0.36288,3.6288,61.2663,0.607875,0,0,0.787804,0.221631,0,0.66528,12.849,1,0.629181,0.36288,0,53.1957,4.46366,48.4657,0.84672,12.849,0.84672,3695.15,0,36.966,0.366522,0.528595,2.00209,6.07526,1.27749,6.96194,0.42336,36.966,0.42336,423.524,0,0.854971,0,0,1.38357,0.528595,1.028160,1,0,55.4277,0,0,0,55.4277,0
50.4897,2.50982,0,0,2.53132,0.164752,0.36288,3.6288,61.2332,0.573038,0,0,0.733035,0.193136,0,0.66528,12.849,1,0.632378,0.36288,0,50.5252,3.87386,46.3819,0.84672,12.849,0.84672,3695.15,0,36.966,0.345752,0.402797,2.00219,5.4765,1.1279,6.40784,0.42336,36.966,0.42336,423.524,0,0.910665,0,0,1.31346,0.402797,1.028160,1,0,52.7897,0,0,0,52.7897,0
49.8893,2.50488,0,0,2.42659,0.159211,0.36288,3.6288,61.2375,0.500244,0,0,0.692271,0.187657,0,0.66528,12.849,1,0.637461,0.36288,0,46.2326,3.79983,42.1582,0.84672,12.849,0.84672,3695.15,0,36.966,0.301993,0.402797,2.00228,5.55047,1.0681,6.58546,0.42336,36.966,0.42336,423.524,0,1.0273,0,0,1.4301,0.402797,1.028160,1,0,48.7437,0,0,0,48.7437,0
49.3507,2.39829,0,0,2.36905,0.146562,0.36288,3.6288,61.1447,0.532214,0,0,0.645391,0.205975,0,0.66528,12.849,1,0.617681,0.36288,0,43.1648,4.26678,38.6433,0.84672,12.849,0.84672,3695.15,0,36.966,0.321271,0.402797,2.00238,5.25011,1.06035,6.27366,0.42336,36.966,0.42336,423.524,0,0.913594,0,0,1.31639,0.402797,1.028160,1,0,44.9169,0,0,0,44.9169,0
48.6593,2.39306,0,0,2.19177,0.127136,0.36288,3.6288,61.0593,0.530369,0,0,0.656104,0.211204,0,0.66528,12.849,1,0.62306,0.36288,0,39.1046,4.42932,34.4151,0.84672,12.849,0.84672,3695.15,0,36.966,0.320643,0.402797,1.93044,5.18035,1.03027,6.16268,0.42336,36.966,0.42336,423.524,0,0.916151,0,0,1.31895,0.402797,1.028160,1,0,40.5778,0,0,0,40.5778,0
47.9076,2.38617,0,0,2.1235,0.126191,0.36288,3.6288,61.0389,0.496753,0,0,0.687511,0.21109,0,0.66528,12.849,1,0.630092,0.36288,0,37.1049,4.42932,32.4084,0.84672,12.849,0.84672,3695.15,0,36.966,0.30074,0.30119,1.93053,5.37748,1.03027,6.2782,0.42336,36.966,0.42336,423.524,0,0.969754,0,0,1.27094,0.30119,1.028160,1,0,38.6866,0,0,0,38.6866,0
47.0297,2.37848,0,0,1.98864,0.125163,0.36288,3.6288,60.8935,0.568559,0,0,0.634236,0.211063,0,0.66528,12.849,1,0.637918,0.36288,0,34.7778,4.42932,30.0735,0.84672,12.849,0.84672,3695.15,0,36.966,0.344327,0.30119,1.93062,4.87235,1.03027,5.72957,0.42336,36.966,0.42336,423.524,0,0.854444,0,0,1.15563,0.30119,1.028160,1,0,35.803,0,0,0,35.803,0
45.6663,2.36924,0,0,1.45441,0.0857108,0.36288,3.6288,60.6324,0.570314,0,0,0.51078,0.201596,0,0.66528,12.849,1,0.647302,0.36288,0,31.4551,4.95735,26.2134,0.84672,12.849,0.84672,3695.15,0,36.966,0.346215,0.30119,1.93071,3.30715,1.12114,4.0717,0.42336,36.966,0.42336,423.524,0,0.850885,0,0,1.15207,0.30119,1.028160,1,0,30.2851,0,0,0,30.2851,0
44.1478,2.33319,0,0,1.2557,0.0781426,0.36288,3.6288,60.3303,0.591313,0,0,0.488957,0.19972,0,0.66528,12.849,1,0.656483,0.36288,0,30.5256,5.04536,25.1867,0.84672,12.849,0.84672,3695.15,0,36.966,0.360508,0.30119,1.9308,2.95103,1.13628,3.68623,0.42336,36.966,0.42336,423.524,0,0.865503,0,0,1.16669,0.30119,1.028160,1,0,28.8729,0,0,0,28.8729,0
42.524,2.31581,0,0,1.1317,0.0768139,0.36288,3.6288,59.9287,0.657616,0,0,0.45533,0.199337,0,0.66528,12.849,1,0.674005,0.36288,0,28.2925,5.04536,22.9361,0.84672,12.849,0.84672,3695.15,0,36.966,0.402939,0.261274,1.96433,2.80975,1.13628,3.49613,0.42336,36.966,0.42336,423.524,0,0.756855,0,0,1.01813,0.261274,1.028160,1,0,26.4322,0,0,0,26.4322,0
40.8897,2.29615,0,0,1.08219,0.0574369,0.36288,3.6288,59.442,0.663967,0,0,0.430466,0.253195,0,0.66528,12.849,1,0.693802,0.36288,0,25.5075,5.7511,19.4255,0.84672,12.849,0.84672,3695.15,0,36.966,0.409557,0.261274,1.96442,2.66955,1.3939,3.0918,0.42336,36.966,0.42336,423.524,0,0.743973,0,0,1.00525,0.261274,1.028160,1,0,22.5173,0,0,0,22.5173,0
39.0892,2.27516,0,0,0.891899,0.054355,0.36288,3.6288,58.6986,0.818445,0,0,0.355642,0.280573,0,0.66528,12.849,1,0.714936,0.36288,0,21.3819,6.02463,15.0052,0.84672,12.849,0.84672,3695.15,0,36.966,0.42336,0.261274,1.96452,2.28085,1.50003,2.58325,0.42336,36.966,0.42336,423.524,0,0.575778,0,0,0.837052,0.261274,1.028160,1,0,17.5885,0,0,0,17.5885,0
37.2595,2.303,0,0,0.895951,0.0598148,0.36288,3.6288,57.9095,0.893161,0,0,0.39183,0.287845,0,0.66528,12.849,1,0.757019,0.36288,0,25.1775,6.01293,18.7704,0.84672,12.849,0.84672,3695.15,0,36.966,0.42336,0.261274,1.96461,2.18701,1.50414,2.48539,0.42336,36.966,0.42336,423.524,0,0.545564,0,0,0.806838,0.261274,1.028160,1,0,21.2558,0,0,0,21.2558,0
35.3873,2.27547,0,0,0.824757,0.0585499,0.36288,3.6288,57.1109,0.844329,0,0,0.33218,0.286385,0,0.66528,12.849,1,0.7847,0.36288,0,20.6804,6.01293,14.2457,0.84672,12.849,0.84672,3695.15,0,36.966,0.42336,0.261274,2.01209,2.11463,1.50414,2.4605,0.42336,36.966,0.42336,423.524,0,0.594484,0,0,0.855757,0.261274,1.028160,1,0,16.7062,0,0,0,16.7062,0
33.4773,2.24512,0,0,0.755196,0.0572556,0.36288,3.6288,56.1989,0.934783,0,0,0.30767,0.284907,0,0.66528,12.849,1,0.815194,0.36288,0,19.6568,6.01293,13.1915,0.84672,12.849,0.84672,3695.15,0,36.966,0.42336,0.227405,2.01219,1.85874,1.50414,2.17084,0.42336,36.966,0.42336,423.524,0,0.504118,0,0,0.731523,0.227405,1.028160,1,0,15.3624,0,0,0,15.3624,0
31.6493,2.21374,0,0,0.797921,0.0492942,0.36288,3.6288,55.4753,0.788562,0,0,0.353201,0.288232,0,0.66528,12.849,1,0.84672,0.36288,0,19.2787,6.16248,12.6324,0.84672,12.849,0.84672,3695.15,0,36.966,0.42336,0.227405,2.01229,2.45887,1.53402,2.74118,0.42336,36.966,0.42336,423.524,0,0.650428,0,0,0.877833,0.227405,1.028160,1,0,15.3735,0,0,0,15.3735,0
29.4135,2.41829,0,0,0.607158,0.0617865,0.36288,3.6288,54.2893,1.16914,0,0,0.277337,0.294186,0,0.66528,12.849,1,0.84672,0.36288,0,15.556,6.26838,8.80375,0.84672,12.849,0.84672,3695.15,0,36.966,0.42336,0.227405,2.01238,1.63181,1.55579,1.89244,0.42336,36.966,0.42336,423.524,0,0.430281,0,0,0.657685,0.227405,1.028160,1,0,10.6962,0,0,0,10.6962,0
27.2538,2.41844,0,0,0.678442,0.0568414,0.36288,3.6288,53.3347,1.00101,0,0,0.340805,0.294371,0,0.66528,12.849,1,0.84672,0.36288,0,19.7948,6.34315,12.9678,0.84672,12.849,0.84672,3695.15,0,36.966,0.42336,0.227405,2.17467,1.73207,1.57073,2.14005,0.42336,36.966,0.42336,423.524,0,0.59851,0,0,0.825915,0.227405,1.028160,1,0,15.1078,0,0,0,15.1078,0
24.9531,2.4186,0,0,0.535989,0.0551838,0.36288,3.6288,52.0789,1.21234,0,0,0.248772,0.292322,0,0.66528,12.849,1,0.84672,0.36288,0,20.4276,6.34315,13.6006,0.84672,12.849,0.84672,3695.15,0,36.966,0.42336,0.204422,2.17477,1.37245,1.57073,1.75754,0.42336,36.966,0.42336,423.524,0,0.387279,0,0,0.591701,0.204422,1.028160,1,0,15.3582,0,0,0,15.3582,0
22.7819,2.41875,0,0,0.663846,0.0534181,0.36288,3.6288,51.4546,0.748779,0,0,0.413876,0.289393,0,0.66528,12.849,1,0.84672,0.36288,0,18.1035,6.34315,11.2765,0.84672,12.849,0.84672,3695.15,0,36.966,0.42336,0.204422,2.17487,2.06239,1.57073,2.44759,0.42336,36.966,0.42336,423.524,0,0.850934,0,0,1.05536,0.204422,1.028160,1,0,13.7241,0,0,0,13.7241,0
20.8336,2.41891,0,0,0.904959,0.0714435,0.36288,3.6288,50.8111,0.785575,0,0,0.412493,0.270353,0,0.66528,12.849,1,0.84672,0.36288,0,22.3634,5.59031,16.2893,0.84672,12.849,0.84672,3695.15,0,36.966,0.42336,0.204422,2.17498,2.47746,1.3525,3.081,0.42336,36.966,0.42336,423.524,0,0.814234,0,0,1.01866,0.204422,1.028160,1,0,19.3703,0,0,0,19.3703,0
18.9433,2.31942,0,0,0.86921,0.0772391,0.36288,3.6288,50.6829,0.51968,0,0,0.653397,0.261948,0,0.66528,12.849,1,0.84672,0.36288,0,21.0419,5.28917,15.2689,0.84672,12.849,0.84672,3695.15,0,36.966,0.378076,0.864864,2.17508,3.1229,1.26521,4.51956,0.42336,36.966,0.42336,423.524,0,1.02816,0,0,1.89302,0.864864,1.028160,1,0,19.7885,0,0,0,19.7885,0
16.9399,2.31957,0,0,0.754315,0.0752344,0.36288,3.6288,50.1664,0.616391,0,0,0.361566,0.261674,0,0.66528,12.849,1,0.84672,0.36288,0,21.606,5.28917,15.833,0.84672,12.849,0.84672,3695.15,0,36.966,0.42336,0.216518,2.0813,2.31638,1.26521,2.92563,0.42336,36.966,0.42336,423.524,0,0.886257,0,0,1.10278,0.216518,1.028160,1,0,18.7587,0,0,0,18.7587,0
14.918,2.31972,0,0,0.733769,0.0731098,0.36288,3.6288,49.5295,0.710865,0,0,0.334489,0.260573,0,0.66528,12.849,1,0.84672,0.36288,0,19.7366,5.28917,13.9636,0.84672,12.849,0.84672,3695.15,0,36.966,0.42336,0.216518,2.0814,2.27609,1.26521,2.88544,0.42336,36.966,0.42336,423.524,0,0.791873,0,0,1.00839,0.216518,1.028160,1,0,16.849,0,0,0,16.849,0
13.4273,2.31987,0,0,1.34053,0.148489,0.36288,3.6288,49.5029,0.514234,0,0,0.664089,0.176451,0,0.66528,12.849,1,0.84672,0.36288,0,37.4499,3.84538,33.1207,0.84672,12.849,0.84672,3695.15,0,36.966,0.383796,0.649555,2.08149,4.43507,0.85003,5.93229,0.42336,36.966,0.42336,423.524,0,1.02816,0,0,1.67772,0.649555,1.028160,1,0,39.053,0,0,0,39.053,0
11.4174,2.23821,0,0,0.751015,0.159814,0.36288,3.6288,48.9784,0.784938,0,0,0.474114,0.213639,0,0.66528,12.849,1,0.84672,0.36288,0,24.3669,3.86946,20.0136,0.84672,12.849,0.84672,3695.15,0,36.966,0.42336,0.216518,2.08159,3.96354,0.947804,4.89049,0.42336,36.966,0.42336,423.524,0,0.629355,0,0,0.845873,0.216518,1.028160,1,0,24.9041,0,0,0,24.9041,0
10.3037,2.23836,0,0,1.64036,0.152813,0.36288,3.6288,49.1276,0.461367,0,0,0.823275,0.212717,0,0.66528,12.849,1,0.84672,0.36288,0,34.3848,3.86946,30.0315,0.84672,12.849,0.84672,3695.15,0,36.966,0.348213,0.630996,1.99789,5.67056,0.947804,7.00343,0.42336,36.966,0.42336,423.524,0,1.02816,0,0,1.65916,0.630996,1.028160,1,0,37.0349,0,0,0,37.0349,0
11.0445,2.2385,0,0,3.49115,0.148934,0.36288,3.6288,50.159,0.462021,0,0,1.70643,0.212979,0,0.66528,12.849,1,0.84672,0.36288,0,75.1426,3.86946,70.7893,0.84672,12.849,0.84672,3695.15,0,36.966,0.347647,2.93726,1.99798,9.20483,0.947804,12.8446,0.42336,36.966,0.42336,423.524,0,1.02816,0,0,3.96542,2.93726,1.028160,1,0,83.6339,0,0,0,83.6339,0
11.1968,2.23865,0,0,2.9186,0.164843,0.36288,3.6288,50.8529,0.466186,0,0,1.38341,0.22335,0,0.66528,12.849,1,0.84672,0.36288,0,39.7685,3.62382,35.6608,0.84672,12.849,0.84672,3695.15,0,36.966,0.343568,1.76116,1.99808,6.51466,0.862955,9.06738,0.42336,36.966,0.42336,423.524,0,1.02816,0,0,2.78932,1.76116,1.028160,1,0,44.7282,0,0,0,44.7282,0
11.9056,2.26713,0,0,3.48486,0.146047,0.36288,3.6288,50.6257,0.449528,0,0,0.463888,0.241535,0,0.66528,12.849,1,0.84672,0.36288,0,83.6836,4.02171,79.178,0.84672,12.849,0.84672,3695.15,0,36.966,0.326771,1.06643,1.99817,7.50469,0.937724,9.30479,0.42336,36.966,0.42336,423.524,0,1.02816,0,0,2.09459,1.06643,1.028160,1,0,88.4828,0,0,0,88.4828,0
12.2121,2.26728,0,0,3.08513,0.148419,0.36288,3.6288,52.1511,0.44873,0,0,2.21521,0.241089,0,0.66528,12.849,1,0.84672,0.36288,0,102.971,4.02171,98.4651,0.84672,12.849,0.84672,3695.15,0,36.966,0.327655,3.95673,1.97766,8.86613,0.937724,13.5351,0.42336,36.966,0.42336,423.524,0,1.02816,0,0,4.98489,3.95673,1.028160,1,0,112,0,0,0,112,0
12.6475,2.26743,0,0,3.21927,0.153621,0.36288,3.6288,53.0819,0.454389,0,0,1.6286,0.24336,0,0.66528,12.849,1,0.84672,0.36288,0,113.656,4.14711,109.025,0.84672,12.849,0.84672,3695.15,0,36.966,0.322082,3.05978,1.97775,7.30322,0.990442,11.0282,0.42336,36.966,0.42336,423.524,0,1.02816,0,0,4.08794,3.05978,1.028160,1,0,120.053,0,0,0,120.053,0
11.9387,2.26757,0,0,2.10214,0.180419,0.36288,3.6288,53.1564,0.457768,0,0,0.773016,0.240784,0,0.66528,12.849,1,0.84672,0.36288,0,48.4106,4.89951,43.0273,0.84672,12.849,0.84672,3695.15,0,36.966,0.318788,1.81902,1.97785,4.28699,1.30675,6.45832,0.42336,36.966,0.42336,423.524,0,1.02816,0,0,2.84718,1.81902,1.028160,1,0,49.4856,0,0,0,49.4856,0
11.9035,2.26772,0,0,2.74565,0.150283,0.36288,3.6288,53.7424,0.458082,0,0,1.25556,0.211484,0,0.66528,12.849,1,0.84672,0.36288,0,85.3786,4.17957,80.7152,0.84672,12.849,0.84672,3695.15,0,36.966,0.318559,1.83645,1.97794,7.03037,1.11311,9.41309,0.42336,36.966,0.42336,423.524,0,1.02816,0,0,2.86461,1.83645,1.028160,1,0,90.1283,0,0,0,90.1283,0
12.1591,2.36543,0,0,3.11364,0.129704,0.36288,3.6288,54.6686,0.494764,0,0,1.61121,0.190288,0,0.66528,12.849,1,0.84672,0.36288,0,92.785,3.63962,88.6615,0.84672,12.849,0.84672,3695.15,0,36.966,0.340317,2.12676,1.97804,7.62497,0.967883,10.4216,0.42336,36.966,0.42336,423.524,0,1.02816,0,0,3.15492,2.12676,1.028160,1,0,99.0831,0,0,0,99.0831,0
12.8177,2.36556,0,0,3.51745,0.130451,0.36288,3.6288,55.893,0.498249,0,0,1.91422,0.19148,0,0.66528,12.849,1,0.84672,0.36288,0,70.4172,3.63962,66.2938,0.84672,12.849,0.84672,3695.15,0,36.966,0.336908,2.91596,2.0415,9.52206,0.967883,13.1747,0.42336,36.966,0.42336,423.524,0,1.02816,0,0,3.94412,2.91596,1.028160,1,0,79.4685,0,0,0,79.4685,0
14.8149,2.36569,0,0,4.85819,0.132376,0.36288,3.6288,56.8582,0.502738,0,0,1.66091,0.193027,0,0.66528,12.849,1,0.84672,0.36288,0,117.347,3.63962,113.224,0.84672,12.849,0.84672,3695.15,0,36.966,0.332496,2.65147,2.04158,11.1745,0.967883,14.5672,0.42336,36.966,0.42336,423.524,0,1.02816,0,0,3.67963,2.65147,1.028160,1,0,127.791,0,0,0,127.791,0
17.4563,2.36582,0,0,5.53476,0.16466,0.36288,3.6288,58.207,0.506204,0,0,2.07868,0.223638,0,0.66528,12.849,1,0.84672,0.36288,0,177.354,4.07976,172.791,0.84672,12.849,0.84672,3695.15,0,36.966,0.329105,3.47026,2.04166,11.6604,1.10057,15.7426,0.42336,36.966,0.42336,423.524,0,1.02816,0,0,4.49842,3.47026,1.028160,1,0,188.533,0,0,0,188.533,0
17.7999,2.38409,0,0,3.27333,0.18274,0.36288,3.6288,59.7934,0.538278,0,0,2.31329,0.18861,0,0.66528,12.849,1,0.84672,0.36288,0,81.7897,4.33356,76.9723,0.84672,12.849,0.84672,3695.15,0,36.966,0.341848,3.13949,2.04175,11.2556,1.28773,14.8072,0.42336,36.966,0.42336,423.524,0,1.02816,0,0,4.16765,3.13949,1.028160,1,0,91.7795,0,0,0,91.7795,0
19.1073,2.38422,0,0,4.23814,0.183644,0.36288,3.6288,60.8821,0.543931,0,0,1.82319,0.19054,0,0.66528,12.849,1,0.84672,0.36288,0,104.243,4.33356,99.4259,0.84672,12.849,0.84672,3695.15,0,36.966,0.336273,2.82079,2.0798,11.9394,1.28773,15.216,0.42336,36.966,0.42336,423.524,0,1.02816,0,0,3.84895,2.82079,1.028160,1,0,114.642,0,0,0,114.642,0
19.3621,2.38436,0,0,3.20591,0.203842,0.36288,3.6288,61.308,0.54772,0,0,1.54978,0.174673,0.401538,0.66528,12.849,1,0.84672,0.36288,0,100.502,4.83918,95.1792,0.84672,12.849,0.84672,3695.15,0,36.966,0.332561,2.02917,2.07988,9.05109,1.43099,11.3966,0.42336,36.966,0.42336,423.524,0,1.02816,0,0,3.05733,2.02917,1.028160,1,0,106.977,0,0,0,106.977,0
20.8085,2.38449,0,0,4.38467,0.190899,0.36288,3.6288,61.308,0.54921,0,0,1.68797,0.185042,0.953719,0.66528,12.849,1,0.84672,0.36288,0,112.925,4.64825,107.793,0.84672,12.849,0.84672,3695.15,0,36.966,0.331149,2.78699,2.07997,10.332,1.19171,13.6761,0.42336,36.966,0.42336,423.524,0,1.02816,0,0,3.81515,2.78699,1.028160,1,0,122.422,0,0,0,122.422,0
23.3626,2.23287,0,0,5.31544,0.165641,0.36288,3.6288,61.308,0.474584,0,0,1.92993,0.167413,1.28793,0.66528,12.849,1,0.84672,0.36288,0,101.904,4.7333,96.6865,0.84672,12.849,0.84672,3695.15,0,36.966,0.286153,3.69884,2.08005,11.0284,1.05117,15.47,0.42336,36.966,0.42336,423.524,0,1.02816,0,0,4.727,3.69884,1.028160,1,0,113.444,0,0,0,113.444,0
25.3634,2.23299,0,0,4.76815,0.171432,0.36288,3.6288,61.308,0.474629,0,0,1.59195,0.159576,0.95774,0.66528,12.849,1,0.84672,0.36288,0,90.5412,4.66746,85.3899,0.84672,12.849,0.84672,3695.15,0,36.966,0.28618,2.77012,1.95922,9.44706,1.0194,12.8708,0.42336,36.966,0.42336,423.524,0,1.02816,0,0,3.79828,2.77012,1.028160,1,0,99.2184,0,0,0,99.2184,0
27.8919,2.23312,0,0,5.30097,0.176475,0.36288,3.6288,61.308,0.474675,0,0,1.61639,0.159576,0.982138,0.66528,12.849,1,0.84672,0.36288,0,101.773,4.66746,96.6219,0.84672,12.849,0.84672,3695.15,0,36.966,0.286208,2.66121,1.9593,9.6012,1.0194,12.9161,0.42336,36.966,0.42336,423.524,0,1.02816,0,0,3.68937,2.66121,1.028160,1,0,110.52,0,0,0,110.52,0
29.8975,2.23324,0,0,4.79056,0.188879,0.36288,3.6288,61.308,0.47472,0,0,1.50428,0.172369,0.857195,0.66528,12.849,1,0.84672,0.36288,0,91.0155,4.29744,86.2342,0.84672,12.849,0.84672,3695.15,0,36.966,0.286235,2.21225,1.95938,8.24662,1.01879,11.1132,0.42336,36.966,0.42336,423.524,0,1.02816,0,0,3.24041,2.21225,1.028160,1,0,98.2046,0,0,0,98.2046,0
31.1799,2.23337,0,0,4.06795,0.189305,0.36288,3.6288,61.308,0.474766,0,0,2.00641,0.169221,1.36242,0.66528,12.849,1,0.84672,0.36288,0,71.9181,4.25543,67.1788,0.84672,12.849,0.84672,3695.15,0,36.966,0.286263,2.21387,1.95946,8.24092,0.942688,11.1853,0.42336,36.966,0.42336,423.524,0,1.02816,0,0,3.24203,2.21387,1.028160,1,0,79.7265,0,0,0,79.7265,0
32.4804,2.34604,0,0,4.19812,0.188709,0.36288,3.6288,61.308,0.519705,0,0,2.0392,0.164124,1.35538,0.66528,12.849,1,0.84672,0.36288,0,72.4044,4.34962,67.5709,0.84672,12.849,0.84672,3695.15,0,36.966,0.313359,2.03867,1.95954,7.57469,0.912428,10.3471,0.42336,36.966,0.42336,423.524,0,1.02816,0,0,3.06683,2.03867,1.028160,1,0,79.2734,0,0,0,79.2734,0
33.1209,2.34617,0,0,3.5414,0.191831,0.36288,3.6288,61.308,0.519752,0,0,1.73197,0.164124,1.0481,0.66528,12.849,1,0.84672,0.36288,0,67.3613,4.34962,62.5279,0.84672,12.849,0.84672,3695.15,0,36.966,0.313387,1.74673,2.0363,6.36198,0.912428,8.9192,0.42336,36.966,0.42336,423.524,0,1.02816,0,0,2.77489,1.74673,1.028160,1,0,72.4952,0,0,0,72.4952,0
33.5841,2.3463,0,0,3.36578,0.193369,0.36288,3.6288,61.308,0.519799,0,0,1.40957,0.164124,0.72565,0.66528,12.849,1,0.84672,0.36288,0,55.648,4.34962,50.8145,0.84672,12.849,0.84672,3695.15,0,36.966,0.313416,2.32227,2.03639,5.39649,0.912428,8.5293,0.42336,36.966,0.42336,423.524,0,1.02816,0,0,3.35043,2.32227,1.028160,1,0,60.0695,0,0,0,60.0695,0
34.1424,2.34643,0,0,3.4481,0.180564,0.36288,3.6288,61.308,0.519846,0,0,1.46511,0.118785,0.826479,0.66528,12.849,1,0.84672,0.36288,0,60.3659,3.38196,56.5001,0.84672,12.849,0.84672,3695.15,0,36.966,0.313444,2.16092,2.03647,4.89831,0.816797,7.96546,0.42336,36.966,0.42336,423.524,0,1.02816,0,0,3.18908,2.16092,1.028160,1,0,65.292,0,0,0,65.292,0
33.95,2.30255,0,0,2.66182,0.188779,0.36288,3.6288,61.308,0.502455,0,0,1.41781,0.162468,0.752884,0.66528,12.849,1,0.84672,0.36288,0,46.9646,4.00736,42.4734,0.84672,12.849,0.84672,3695.15,0,36.966,0.302958,1.36923,2.03655,4.56411,0.959926,6.70701,0.42336,36.966,0.42336,423.524,0,1.02816,0,0,2.39739,1.36923,1.028160,1,0,49.9333,0,0,0,49.9333,0
33.4527,2.30267,0,0,2.35641,0.188145,0.36288,3.6288,61.308,0.502501,0,0,1.2269,0.1895,0.534896,0.66528,12.849,1,0.84672,0.36288,0,41.2715,4.31354,36.4741,0.84672,12.849,0.84672,3695.15,0,36.966,0.302986,1.18727,2.00679,4.12284,0.986234,6.02769,0.42336,36.966,0.42336,423.524,0,1.02816,0,0,2.21543,1.18727,1.028160,1,0,43.0367,0,0,0,43.0367,0
32.8301,2.3028,0,0,2.18258,0.139431,0.36288,3.6288,61.308,0.502548,0,0,1.11802,0.222198,0.39327,0.66528,12.849,1,0.84672,0.36288,0,37.8723,4.60184,32.7866,0.84672,12.849,0.84672,3695.15,0,36.966,0.303014,1.02128,2.00687,3.88969,1.00345,5.61139,0.42336,36.966,0.42336,423.524,0,1.02816,0,0,2.04944,1.02128,1.028160,1,0,38.7913,0,0,0,38.7913,0
32.1586,2.30293,0,0,2.13259,0.138358,0.36288,3.6288,61.308,0.502594,0,0,1.25476,0.222198,0.529969,0.66528,12.849,1,0.84672,0.36288,0,36.769,4.60184,31.6833,0.84672,12.849,0.84672,3695.15,0,36.966,0.303042,1.3114,2.00695,4.63047,1.00345,6.64233,0.42336,36.966,0.42336,423.524,0,1.02816,0,0,2.33956,1.3114,1.028160,1,0,38.8556,0,0,0,38.8556,0
31.5753,2.17625,0,0,2.07233,0.116514,0.36288,3.6288,61.308,0.463529,0,0,1.1536,0.221395,0.468672,0.66528,12.849,1,0.84672,0.36288,0,34.3262,4.07673,29.7656,0.84672,12.849,0.84672,3695.15,0,36.966,0.279487,1.08487,2.00704,3.61854,0.936338,5.49463,0.42336,36.966,0.42336,423.524,0,1.02816,0,0,2.11303,1.08487,1.028160,1,0,35.7289,0,0,0,35.7289,0
30.7181,2.17637,0,0,1.79776,0.11566,0.36288,3.6288,61.308,0.463574,0,0,1.06708,0.221395,0.382114,0.66528,12.849,1,0.84672,0.36288,0,31.8641,4.07673,27.3036,0.84672,12.849,0.84672,3695.15,0,36.966,0.279514,1.08897,1.93491,3.56307,0.936338,5.3711,0.42336,36.966,0.42336,423.524,0,1.02816,0,0,2.11713,1.08897,1.028160,1,0,33.0568,0,0,0,33.0568,0
29.6809,2.17649,0,0,1.61651,0.114386,0.36288,3.6288,61.308,0.463619,0,0,0.88719,0.221395,0.202176,0.66528,12.849,1,0.84672,0.36288,0,29.6228,4.07673,25.0623,0.84672,12.849,0.84672,3695.15,0,36.966,0.279542,0.796029,1.93499,3.37383,0.936338,4.88897,0.42336,36.966,0.42336,423.524,0,1.02816,0,0,1.82419,0.796029,1.028160,1,0,30.1534,0,0,0,30.1534,0
28.5479,2.17662,0,0,1.50405,0.0974847,0.36288,3.6288,61.308,0.463664,0,0,0.868303,0.24609,0.158549,0.66528,12.849,1,0.84672,0.36288,0,28.0168,4.56581,22.9671,0.84672,12.849,0.84672,3695.15,0,36.966,0.279569,0.799796,1.93507,3.30909,1.0698,4.69459,0.42336,36.966,0.42336,423.524,0,1.02816,0,0,1.82796,0.799796,1.028160,1,0,27.8203,0,0,0,27.8203,0
27.9581,2.17674,0,0,2.03072,0.0809072,0.36288,3.6288,61.308,0.463709,0,0,0.99697,0.277071,0.25619,0.66528,12.849,1,0.84672,0.36288,0,31.5808,5.04974,26.0473,0.84672,12.849,0.84672,3695.15,0,36.966,0.279596,0.868381,1.93515,4.24824,1.17141,5.60076,0.42336,36.966,0.42336,423.524,0,1.02816,0,0,1.89654,0.868381,1.028160,1,0,31.9042,0,0,0,31.9042,0
27.5319,2.14978,0,0,2.1631,0.0766626,0.36288,3.6288,61.308,0.49491,0,0,1.05191,0.285512,0.27149,0.66528,12.849,1,0.84672,0.36288,0,32.0169,5.16505,26.368,0.84672,12.849,0.84672,3695.15,0,36.966,0.298408,0.969227,1.93523,4.54012,1.19071,5.95546,0.42336,36.966,0.42336,423.524,0,1.02816,0,0,1.99739,0.969227,1.028160,1,0,32.595,0,0,0,32.595,0
27.0018,2.1499,0,0,2.04343,0.0606948,0.36288,3.6288,61.308,0.494956,0,0,1.00158,0.324572,0.182055,0.66528,12.849,1,0.84672,0.36288,0,30.1923,5.82389,23.8846,0.84672,12.849,0.84672,3695.15,0,36.966,0.298436,0.961857,1.96882,4.4124,1.39305,5.65159,0.42336,36.966,0.42336,423.524,0,1.02816,0,0,1.99002,0.961857,1.028160,1,0,29.7182,0,0,0,29.7182,0
26.3236,2.15003,0,0,1.89807,0.0634031,0.36288,3.6288,61.308,0.495002,0,0,0.992667,0.313411,0.184254,0.66528,12.849,1,0.84672,0.36288,0,29.9856,5.95077,23.5509,0.84672,12.849,0.84672,3695.15,0,36.966,0.298464,0.977772,1.9689,4.3115,1.3844,5.5753,0.42336,36.966,0.42336,423.524,0,1.02816,0,0,2.00593,0.977772,1.028160,1,0,29.3105,0,0,0,29.3105,0
25.3958,2.15015,0,0,1.64533,0.060078,0.36288,3.6288,61.308,0.495048,0,0,0.843818,0.315976,0.0327938,0.66528,12.849,1,0.84672,0.36288,0,25.3289,5.95473,18.8903,0.84672,12.849,0.84672,3695.15,0,36.966,0.298492,0.644734,1.96898,3.63877,1.40507,4.54892,0.42336,36.966,0.42336,423.524,0,1.02816,0,0,1.67289,0.644734,1.028160,1,0,23.472,0,0,0,23.472,0
24.2532,2.22021,0,0,1.49303,0.0525695,0.36288,3.6288,61.252,0.522866,0,0,0.789262,0.322388,0,0.66528,12.849,1,0.84672,0.36288,0,26.8891,5.96463,20.4406,0.84672,12.849,0.84672,3695.15,0,36.966,0.315265,0.378899,1.96906,3.45564,1.45676,4.03157,0.42336,36.966,0.42336,423.524,0,1.02816,0,0,1.40706,0.378899,1.028160,1,0,24.4722,0,0,0,24.4722,0
22.9927,2.22034,0,0,1.37441,0.0517119,0.36288,3.6288,61.0761,0.522733,0,0,0.669116,0.322273,0,0.66528,12.849,1,0.84672,0.36288,0,22.0864,5.96463,15.638,0.84672,12.849,0.84672,3695.15,0,36.966,0.315473,0.464236,2.01664,3.34128,1.45676,4.04992,0.42336,36.966,0.42336,423.524,0,1.02816,0,0,1.4924,0.464236,1.028160,1,0,19.6879,0,0,0,19.6879,0
21.617,2.22046,0,0,1.25849,0.0507869,0.36288,3.6288,60.8517,0.522215,0,0,0.619739,0.321915,0,0.66528,12.849,1,0.84672,0.36288,0,20.993,5.96463,14.5445,0.84672,12.849,0.84672,3695.15,0,36.966,0.316068,0.247562,2.01672,2.93694,1.45676,3.4284,0.42336,36.966,0.42336,423.524,0,1.02816,0,0,1.27572,0.247562,1.028160,1,0,17.9729,0,0,0,17.9729,0
20.319,2.22059,0,0,1.32966,0.0442025,0.36288,3.6288,60.715,0.521537,0,0,0.711448,0.326623,0,0.66528,12.849,1,0.84672,0.36288,0,20.5891,6.11418,13.9911,0.84672,12.849,0.84672,3695.15,0,36.966,0.316821,0.502727,2.0168,3.88521,1.48663,4.60128,0.42336,36.966,0.42336,423.524,0,1.02816,0,0,1.53089,0.502727,1.028160,1,0,18.5924,0,0,0,18.5924,0
18.9725,2.42557,0,0,1.48014,0.0381976,0.36288,3.6288,60.4117,0.707834,0,0,0.744742,0.340175,0,0.66528,12.849,1,0.84672,0.36288,0,23.887,5.97351,17.4297,0.84672,12.849,0.84672,3695.15,0,36.966,0.42336,0.227405,2.01689,3.36164,1.38743,3.79514,0.42336,36.966,0.42336,423.524,0,0.896106,0,0,1.12351,0.227405,1.028160,1,0,21.2248,0,0,0,21.2248,0
17.5617,2.42571,0,0,1.4142,0.0363634,0.36288,3.6288,60.1953,0.619903,0,0,0.739627,0.336176,0,0.66528,12.849,1,0.84672,0.36288,0,23.0105,6.15647,16.3702,0.84672,12.849,0.84672,3695.15,0,36.966,0.379319,0.480211,2.17952,3.56467,1.42882,4.41625,0.42336,36.966,0.42336,423.524,0,1.02816,0,0,1.50837,0.480211,1.028160,1,0,20.7864,0,0,0,20.7864,0
16.0678,2.42584,0,0,1.33038,0.0356405,0.36288,3.6288,59.9524,0.61911,0,0,0.71191,0.335713,0,0.66528,12.849,1,0.84672,0.36288,0,23.6594,6.15647,17.0191,0.84672,12.849,0.84672,3695.15,0,36.966,0.380196,0.687174,2.17961,3.29681,1.42882,4.35457,0.42336,36.966,0.42336,423.524,0,1.02816,0,0,1.71533,0.687174,1.028160,1,0,21.3737,0,0,0,21.3737,0
14.5394,2.42597,0,0,1.29539,0.0348458,0.36288,3.6288,59.7112,0.618208,0,0,0.712195,0.335194,0,0.66528,12.849,1,0.84672,0.36288,0,22.158,6.15647,15.5177,0.84672,12.849,0.84672,3695.15,0,36.966,0.38118,0.663008,2.1797,3.29724,1.42882,4.32994,0.42336,36.966,0.42336,423.524,0,1.02816,0,0,1.69117,0.663008,1.028160,1,0,19.8476,0,0,0,19.8476,0
12.9132,2.42611,0,0,1.19273,0.0299707,0.36288,3.6288,59.3953,0.617308,0,0,0.625132,0.323708,0,0.66528,12.849,1,0.84672,0.36288,0,26.2331,6.10882,19.6404,0.84672,12.849,0.84672,3695.15,0,36.966,0.382163,0.454127,2.17979,3.11171,1.44291,3.92056,0.42336,36.966,0.42336,423.524,0,1.02816,0,0,1.48229,0.454127,1.028160,1,0,23.561,0,0,0,23.561,0
12.5243,2.32638,0,0,2.32659,0.0261985,0.36288,3.6288,59.5266,0.55597,0,0,1.00216,0.314844,0,0.66528,12.849,1,0.84672,0.36288,0,29.9013,6.07309,23.3444,0.84672,12.849,0.84672,3695.15,0,36.966,0.346021,1.60678,2.17987,4.8911,1.45347,6.87826,0.42336,36.966,0.42336,423.524,0,1.02816,0,0,2.63494,1.60678,1.028160,1,0,30.2226,0,0,0,30.2226,0
10.9511,2.32651,0,0,1.14214,0.0259739,0.36288,3.6288,59.2695,0.55649,0,0,0.614425,0.315108,0,0.66528,12.849,1,0.84672,0.36288,0,30.126,6.07309,23.569,0.84672,12.849,0.84672,3695.15,0,36.966,0.34558,0.563052,2.08587,2.80453,1.45347,3.6544,0.42336,36.966,0.42336,423.524,0,1.02816,0,0,1.59121,0.563052,1.028160,1,0,27.2234,0,0,0,27.2234,0
9.41121,2.32664,0,0,1.17467,0.0250655,0.36288,3.6288,59.0667,0.555615,0,0,0.667466,0.31459,0,0.66528,12.849,1,0.84672,0.36288,0,19.6467,6.07309,13.0897,0.84672,12.849,0.84672,3695.15,0,36.966,0.346533,0.327776,2.08596,2.27482,1.45347,2.88855,0.42336,36.966,0.42336,423.524,0,1.02816,0,0,1.35594,0.327776,1.028160,1,0,15.9783,0,0,0,15.9783,0
9.74372,2.32677,0,0,3.09989,0.0777397,0.36288,3.6288,59.355,0.554931,0,0,1.14989,0.30669,0,0.66528,12.849,1,0.84672,0.36288,0,30.1236,5.1751,24.4647,0.84672,12.849,0.84672,3695.15,0,36.966,0.347295,2.3495,2.08604,6.8204,1.27405,9.6346,0.42336,36.966,0.42336,423.524,0,1.02816,0,0,3.37766,2.3495,1.028160,1,0,34.0993,0,0,0,34.0993,0
8.85891,2.24491,0,0,1.82142,0.0984354,0.36288,3.6288,59.1414,0.501286,0,0,0.489385,0.201676,0,0.66528,12.849,1,0.84672,0.36288,0,26.7722,3.68928,22.5991,0.84672,12.849,0.84672,3695.15,0,36.966,0.312198,0.254543,2.08613,3.6514,1.06341,4.61646,0.42336,36.966,0.42336,423.524,0,1.02816,0,0,1.2827,0.254543,1.028160,1,0,27.2156,0,0,0,27.2156,0
7.70289,2.24504,0,0,1.54782,0.0959314,0.36288,3.6288,58.9886,0.500638,0,0,0.549225,0.2014,0,0.66528,12.849,1,0.84672,0.36288,0,21.8851,3.68928,17.712,0.84672,12.849,0.84672,3695.15,0,36.966,0.312921,0.544363,2.00223,4.05848,1.06341,5.22873,0.42336,36.966,0.42336,423.524,0,1.02816,0,0,1.57252,0.544363,1.028160,1,0,22.9407,0,0,0,22.9407,0
9.76962,2.24516,0,0,4.76744,0.0926598,0.36288,3.6288,60.0448,0.500186,0,0,1.75762,0.201203,0,0.66528,12.849,1,0.84672,0.36288,0,75.823,3.68928,71.6499,0.84672,12.849,0.84672,3695.15,0,36.966,0.313448,4.00093,2.00231,9.65036,1.06341,14.2767,0.42336,36.966,0.42336,423.524,0,1.02816,0,0,5.02909,4.00093,1.028160,1,0,85.9266,0,0,0,85.9266,0
10.9615,2.24529,0,0,3.91434,0.114321,0.36288,3.6288,60.8608,0.503645,0,0,1.4989,0.17926,0,0.66528,12.849,1,0.84672,0.36288,0,61.5041,3.3628,57.6575,0.84672,12.849,0.84672,3695.15,0,36.966,0.310064,1.16732,2.00239,7.29733,0.970934,9.18603,0.42336,36.966,0.42336,423.524,0,1.02816,0,0,2.19548,1.16732,1.028160,1,0,66.8435,0,0,0,66.8435,0
12.5005,2.27381,0,0,4.2924,0.11663,0.36288,3.6288,61.308,0.485366,0,0,1.74846,0.199189,0.616736,0.66528,12.849,1,0.84672,0.36288,0,38.9205,3.69777,34.7389,0.84672,12.849,0.84672,3695.15,0,36.966,0.294804,2.3881,2.00247,9.98107,0.953871,13.123,0.42336,36.966,0.42336,423.524,0,1.02816,0,0,3.41626,2.3881,1.028160,1,0,48.4786,0,0,0,48.4786,0
14.9534,2.27394,0,0,5.23442,0.144749,0.36288,3.6288,61.308,0.486753,0,0,2.24097,0.195472,1.55875,0.66528,12.849,1,0.84672,0.36288,0,70.6081,3.81077,66.3135,0.84672,12.849,0.84672,3695.15,0,36.966,0.293491,3.09919,1.9819,11.9752,0.954053,15.8088,0.42336,36.966,0.42336,423.524,0,1.02816,0,0,4.12735,3.09919,1.028160,1,0,83.681,0,0,0,83.681,0
17.3231,2.01278,0,0,4.89804,0.152646,0.36288,3.6288,61.308,0.392339,0,0,2.01048,0.195472,1.42267,0.66528,12.849,1,0.84672,0.36288,0,48.7909,3.81077,44.4963,0.84672,12.849,0.84672,3695.15,0,36.966,0.236563,2.65888,1.98198,10.8436,0.954053,14.2939,0.42336,36.966,0.42336,423.524,0,1.02816,0,0,3.68704,2.65888,1.028160,1,0,60.2128,0,0,0,60.2128,0
20.2952,2.27419,0,0,5.76838,0.159249,0.36288,3.6288,61.308,0.486845,0,0,1.99732,0.195472,1.315,0.66528,12.849,1,0.84672,0.36288,0,60.5559,3.81077,56.2613,0.84672,12.849,0.84672,3695.15,0,36.966,0.293546,2.73695,1.81612,10.7353,0.954053,14.0408,0.42336,36.966,0.42336,423.524,0,1.02816,0,0,3.76511,2.73695,1.028160,1,0,71.6171,0,0,0,71.6171,0
23.0397,2.27432,0,0,5.54285,0.161193,0.36288,3.6288,61.308,0.486891,0,0,2.25319,0.250373,1.51593,0.66528,12.849,1,0.84672,0.36288,0,80.711,5.19105,75.0361,0.84672,12.849,0.84672,3695.15,0,36.966,0.293574,2.65208,1.98215,10.3896,1.38578,13.3445,0.42336,36.966,0.42336,423.524,0,1.02816,0,0,3.68024,2.65208,1.028160,1,0,89.8965,0,0,0,89.8965,0
23.7745,2.37222,0,0,3.63304,0.16313,0.36288,3.6288,61.308,0.523418,0,0,2.16809,0.2733,1.37137,0.66528,12.849,1,0.84672,0.36288,0,93.7284,5.48793,87.7567,0.84672,12.849,0.84672,3695.15,0,36.966,0.315598,1.36493,1.98223,6.83865,1.48224,8.38796,0.42336,36.966,0.42336,423.524,0,1.02816,0,0,2.39309,1.36493,1.028160,1,0,97.516,0,0,0,97.516,0
27.502,2.37233,0,0,6.62758,0.164843,0.36288,3.6288,61.308,0.523458,0,0,2.48797,0.2733,1.69121,0.66528,12.849,1,0.84672,0.36288,0,88.4606,5.48793,82.4889,0.84672,12.849,0.84672,3695.15,0,36.966,0.315622,1.68506,2.04581,7.64865,1.48224,9.58165,0.42336,36.966,0.42336,423.524,0,1.02816,0,0,2.71322,1.68506,1.028160,1,0,93.7617,0,0,0,93.7617,0
27.8219,2.37243,0,0,3.24064,0.185396,0.36288,3.6288,61.308,0.523498,0,0,2.37993,0.265029,1.5914,0.66528,12.849,1,0.84672,0.36288,0,71.7111,5.0322,66.1951,0.84672,12.849,0.84672,3695.15,0,36.966,0.315646,1.64953,2.04588,5.84569,1.34183,7.88362,0.42336,36.966,0.42336,423.524,0,1.02816,0,0,2.67769,1.64953,1.028160,1,0,75.6701,0,0,0,75.6701,0
28.267,2.37254,0,0,3.39574,0.215276,0.36288,3.6288,61.308,0.523537,0,0,2.58191,0.244351,1.81402,0.66528,12.849,1,0.84672,0.36288,0,64.1089,3.89287,59.7322,0.84672,12.849,0.84672,3695.15,0,36.966,0.31567,2.06748,2.04595,7.05033,0.990787,9.8573,0.42336,36.966,0.42336,423.524,0,1.02816,0,0,3.09564,2.06748,1.028160,1,0,71.4035,0,0,0,71.4035,0
28.5562,2.39083,0,0,3.25433,0.211385,0.36288,3.6288,61.308,0.551547,0,0,1.47913,0.269503,0.658084,0.66528,12.849,1,0.84672,0.36288,0,85.7114,3.98969,81.2379,0.84672,12.849,0.84672,3695.15,0,36.966,0.332558,0.609267,2.04602,5.45121,1.08833,6.68561,0.42336,36.966,0.42336,423.524,0,1.02816,0,0,1.63743,0.609267,1.028160,1,0,88.5816,0,0,0,88.5816,0
29.6646,2.39094,0,0,4.07443,0.212224,0.36288,3.6288,61.308,0.551588,0,0,2.24732,0.269503,1.42623,0.66528,12.849,1,0.84672,0.36288,0,104.088,3.98969,99.6143,0.84672,12.849,0.84672,3695.15,0,36.966,0.332583,2.16969,2.08413,7.60692,1.08833,10.4398,0.42336,36.966,0.42336,423.524,0,1.02816,0,0,3.19785,2.16969,1.028160,1,0,111.48,0,0,0,111.48,0
31.3652,2.39105,0,0,4.66995,0.215437,0.36288,3.6288,61.308,0.551628,0,0,2.82237,0.269503,2.00124,0.66528,12.849,1,0.84672,0.36288,0,112.994,3.98969,108.52,0.84672,12.849,0.84672,3695.15,0,36.966,0.332607,2.30594,2.0842,8.5968,1.08833,11.566,0.42336,36.966,0.42336,423.524,0,1.02816,0,0,3.3341,2.30594,1.028160,1,0,122.088,0,0,0,122.088,0
32.8067,2.39116,0,0,4.44683,0.251272,0.36288,3.6288,61.308,0.551669,0,0,3.03271,0.24614,2.2349,0.66528,12.849,1,0.84672,0.36288,0,97.759,3.98213,93.293,0.84672,12.849,0.84672,3695.15,0,36.966,0.332632,2.733,2.08428,10.6632,1.11381,14.0341,0.42336,36.966,0.42336,423.524,0,1.02816,0,0,3.76116,2.733,1.028160,1,0,109.562,0,0,0,109.562,0
33.8885,2.23921,0,0,3.90551,0.221605,0.36288,3.6288,61.308,0.476881,0,0,2.15433,0.206495,1.47096,0.66528,12.849,1,0.84672,0.36288,0,96.6082,2.88193,93.2424,0.84672,12.849,0.84672,3695.15,0,36.966,0.287538,1.9547,2.08435,10.5254,0.775464,13.5015,0.42336,36.966,0.42336,423.524,0,1.02816,0,0,2.98286,1.9547,1.028160,1,0,108.215,0,0,0,108.215,0
35.6459,2.23931,0,0,4.58415,0.224593,0.36288,3.6288,61.308,0.476919,0,0,2.03518,0.206495,1.35176,0.66528,12.849,1,0.84672,0.36288,0,83.7328,2.88193,80.3671,0.84672,12.849,0.84672,3695.15,0,36.966,0.287561,1.8166,1.96325,9.63559,0.775464,12.3524,0.42336,36.966,0.42336,423.524,0,1.02816,0,0,2.84476,1.8166,1.028160,1,0,94.0712,0,0,0,94.0712,0
36.4858,2.26845,0,0,3.70069,0.229447,0.36288,3.6288,61.308,0.476957,0,0,1.43712,0.206495,0.753665,0.66528,12.849,1,0.817689,0.36288,0,90.5005,2.88193,87.1638,0.84672,12.849,0.84672,3695.15,0,36.966,0.287584,0.846262,1.96332,6.68373,0.775464,8.43026,0.42336,36.966,0.42336,423.524,0,1.02816,0,0,1.87442,0.846262,1.028160,1,0,96.3477,0,0,0,96.3477,0
36.2139,2.28245,0,0,2.60518,0.231766,0.36288,3.6288,61.308,0.476995,0,0,1.01942,0.206495,0.335935,0.66528,12.849,1,0.803796,0.36288,0,80.4557,2.88193,77.1328,0.84672,12.849,0.84672,3695.15,0,36.966,0.287607,0.590242,1.96338,6.42341,0.775464,7.91396,0.42336,36.966,0.42336,423.524,0,1.02816,0,0,1.6184,0.590242,1.028160,1,0,85.3827,0,0,0,85.3827,0
37.2999,2.27807,0,0,3.91448,0.18757,0.36288,3.6288,61.308,0.477034,0,0,1.19832,0.162768,0.558515,0.66528,12.849,1,0.808278,0.36288,0,78.9005,2.61543,75.8397,0.84672,12.849,0.84672,3695.15,0,36.966,0.28763,0.98172,1.96345,7.90158,0.654374,9.90475,0.42336,36.966,0.42336,423.524,0,1.02816,0,0,2.00988,0.98172,1.028160,1,0,86.3029,0,0,0,86.3029,0
38.8056,2.37953,0,0,4.44736,0.199198,0.36288,3.6288,61.308,0.522056,0,0,1.23557,0.161558,0.551958,0.66528,12.849,1,0.819696,0.36288,0,104.185,2.87332,100.854,0.84672,12.849,0.84672,3695.15,0,36.966,0.314777,1.36325,1.96352,8.83094,0.629315,11.2136,0.42336,36.966,0.42336,423.524,0,1.02816,0,0,2.39141,1.36325,1.028160,1,0,112.62,0,0,0,112.62,0
40.3269,2.4035,0,0,4.49043,0.202738,0.36288,3.6288,61.308,0.522096,0,0,1.76694,0.161558,1.08329,0.66528,12.849,1,0.795829,0.36288,0,120.746,2.87332,117.439,0.84672,12.849,0.84672,3695.15,0,36.966,0.314801,2.04509,2.04043,10.4961,0.629315,13.6375,0.42336,36.966,0.42336,423.524,0,1.02816,0,0,3.07325,2.04509,1.028160,1,0,132.16,0,0,0,132.16,0
41.2335,2.42635,0,0,3.90216,0.206369,0.36288,3.6288,61.308,0.522136,0,0,1.43622,0.161558,0.752525,0.66528,12.849,1,0.773087,0.36288,0,99.9311,2.87332,96.6476,0.84672,12.849,0.84672,3695.15,0,36.966,0.314825,1.3889,2.0405,8.28645,0.629315,10.7717,0.42336,36.966,0.42336,423.524,0,1.02816,0,0,2.41706,1.3889,1.028160,1,0,108.172,0,0,0,108.172,0
41.3769,2.4394,0,0,3.12298,0.177285,0.36288,3.6288,61.308,0.522175,0,0,1.13096,0.170971,0.437813,0.66528,12.849,1,0.760154,0.36288,0,75.56,3.26869,71.894,0.84672,12.849,0.84672,3695.15,0,36.966,0.314848,0.798085,2.04057,5.27099,0.711439,7.08335,0.42336,36.966,0.42336,423.524,0,1.02816,0,0,1.82625,0.798085,1.028160,1,0,79.4152,0,0,0,79.4152,0
41.0757,2.40784,0,0,2.60801,0.138478,0.36288,3.6288,61.308,0.504741,0,0,1.138,0.20033,0.43293,0.66528,12.849,1,0.74772,0.36288,0,60.8646,3.91114,56.5686,0.84672,12.849,0.84672,3695.15,0,36.966,0.304336,0.589792,2.04064,4.39458,0.894252,5.82642,0.42336,36.966,0.42336,423.524,0,1.02816,0,0,1.61795,0.589792,1.028160,1,0,62.8279,0,0,0,62.8279,0
40.2421,2.40375,0,0,2.07101,0.137987,0.36288,3.6288,61.308,0.570167,0,0,0.991552,0.20033,0.221056,0.66528,12.849,1,0.751922,0.36288,0,47.0049,3.91114,42.7047,0.84672,12.849,0.84672,3695.15,0,36.966,0.343785,0.528595,2.0108,4.51829,0.894252,5.81965,0.42336,36.966,0.42336,423.524,0,0.923348,0,0,1.45194,0.528595,1.028160,1,0,48.7454,0,0,0,48.7454,0
39.2914,2.39202,0,0,1.94079,0.13663,0.36288,3.6288,61.308,0.512812,0,0,0.980994,0.20033,0.267852,0.66528,12.849,1,0.763754,0.36288,0,44.5353,3.91114,40.2233,0.84672,12.849,0.84672,3695.15,0,36.966,0.309203,0.402797,2.01087,4.2997,0.894252,5.50991,0.42336,36.966,0.42336,423.524,0,1.01535,0,0,1.41814,0.402797,1.028160,1,0,46.0011,0,0,0,46.0011,0
39.4817,2.37818,0,0,3.06094,0.12959,0.36288,3.6288,61.308,0.504858,0,0,1.25369,0.202115,0.546717,0.66528,12.849,1,0.777707,0.36288,0,58.4372,3.96533,54.0571,0.84672,12.849,0.84672,3695.15,0,36.966,0.304407,0.724792,2.01094,4.25884,0.884222,5.80594,0.42336,36.966,0.42336,423.524,0,1.02816,0,0,1.75295,0.724792,1.028160,1,0,60.4097,0,0,0,60.4097,0
38.838,2.28522,0,0,2.12085,0.116389,0.36288,3.6288,61.308,0.559398,0,0,1.1158,0.2406,0.315797,0.66528,12.849,1,0.743708,0.36288,0,48.0469,4.81663,42.8494,0.84672,12.849,0.84672,3695.15,0,36.966,0.337292,0.402797,2.01101,4.10626,1.01024,5.17253,0.42336,36.966,0.42336,423.524,0,0.877979,0,0,1.28078,0.402797,1.028160,1,0,48.3377,0,0,0,48.3377,0
38.0643,2.27604,0,0,1.9665,0.101287,0.36288,3.6288,61.308,0.577956,0,0,0.898284,0.229636,0.0906914,0.66528,12.849,1,0.752994,0.36288,0,43.9563,4.44876,39.1174,0.84672,12.849,0.84672,3695.15,0,36.966,0.348482,0.402797,1.93873,3.89452,1.03873,4.84884,0.42336,36.966,0.42336,423.524,0,0.848293,0,0,1.25109,0.402797,1.028160,1,0,44.0569,0,0,0,44.0569,0
37.1547,2.26467,0,0,1.79638,0.078415,0.36288,3.6288,61.308,0.514806,0,0,0.890689,0.233285,0.142598,0.66528,12.849,1,0.764463,0.36288,0,39.2868,4.56246,34.3227,0.84672,12.849,0.84672,3695.15,0,36.966,0.310405,0.30119,1.9388,3.7201,1.0032,4.64648,0.42336,36.966,0.42336,423.524,0,0.949579,0,0,1.25077,0.30119,1.028160,1,0,39.1118,0,0,0,39.1118,0
36.2242,2.25084,0,0,1.76075,0.0775807,0.36288,3.6288,61.308,0.529569,0,0,0.963334,0.233285,0.200479,0.66528,12.849,1,0.778396,0.36288,0,37.6354,4.56246,32.6574,0.84672,12.849,0.84672,3695.15,0,36.966,0.319307,0.30119,1.93886,4.00854,1.0032,4.92608,0.42336,36.966,0.42336,423.524,0,0.925975,0,0,1.22717,0.30119,1.028160,1,0,37.784,0,0,0,37.784,0
35.2072,2.23616,0,0,1.65358,0.0715317,0.36288,3.6288,61.2413,0.556908,0,0,0.703664,0.213431,0,0.66528,12.849,1,0.793183,0.36288,0,33.4047,4.425,28.5494,0.84672,12.849,0.84672,3695.15,0,36.966,0.335791,0.30119,1.93893,3.07654,0.988082,3.99279,0.42336,36.966,0.42336,423.524,0,0.882213,0,0,1.1834,0.30119,1.028160,1,0,32.5421,0,0,0,32.5421,0
34.0748,2.19957,0,0,1.49685,0.0668128,0.36288,3.6288,60.9941,0.602328,0,0,0.553576,0.198457,0,0.66528,12.849,1,0.802742,0.36288,0,30.9164,4.3219,26.1547,0.84672,12.849,0.84672,3695.15,0,36.966,0.363572,0.30119,1.939,2.64202,0.97674,3.54189,0.42336,36.966,0.42336,423.524,0,0.85911,0,0,1.1603,0.30119,1.028160,1,0,29.6965,0,0,0,29.6965,0
32.8319,2.18027,0,0,1.3629,0.0626479,0.36288,3.6288,60.663,0.645594,0,0,0.523527,0.209094,0,0.66528,12.849,1,0.822142,0.36288,0,27.2157,4.46305,22.2933,0.84672,12.849,0.84672,3695.15,0,36.966,0.391268,0.261274,1.97264,2.56428,1.02826,3.37866,0.42336,36.966,0.42336,423.524,0,0.78821,0,0,1.04948,0.261274,1.028160,1,0,25.672,0,0,0,25.672,0
31.5624,2.15798,0,0,1.29392,0.042494,0.36288,3.6288,60.2438,0.635372,0,0,0.490412,0.274202,0,0.66528,12.849,1,0.84454,0.36288,0,24.5465,5.30995,18.7549,0.84672,12.849,0.84672,3695.15,0,36.966,0.387175,0.261274,1.9727,2.44523,1.3374,2.95464,0.42336,36.966,0.42336,423.524,0,0.802587,0,0,1.06386,0.261274,1.028160,1,0,21.7095,0,0,0,21.7095,0
30.1646,2.1559,0,0,1.16377,0.0428031,0.36288,3.6288,59.7786,0.649002,0,0,0.458798,0.275029,0,0.66528,12.849,1,0.84672,0.36288,0,23.0597,5.35698,17.2189,0.84672,12.849,0.84672,3695.15,0,36.966,0.398232,0.261274,1.97277,2.28623,1.3505,2.77154,0.42336,36.966,0.42336,423.524,0,0.777963,0,0,1.03924,0.261274,1.028160,1,0,19.9905,0,0,0,19.9905,0
28.7639,2.22608,0,0,1.23602,0.0478081,0.36288,3.6288,59.1583,0.755326,0,0,0.418615,0.283526,0,0.66528,12.849,1,0.84672,0.36288,0,22.3369,5.63913,16.2139,0.84672,12.849,0.84672,3695.15,0,36.966,0.42336,0.261274,1.97284,1.95341,1.42912,2.33504,0.42336,36.966,0.42336,423.524,0,0.691174,0,0,0.952448,0.261274,1.028160,1,0,18.549,0,0,0,18.549,0
27.2225,2.22618,0,0,1.09458,0.046913,0.36288,3.6288,58.4479,0.821166,0,0,0.393104,0.282403,0,0.66528,12.849,1,0.84672,0.36288,0,21.0453,5.63913,14.9223,0.84672,12.849,0.84672,3695.15,0,36.966,0.42336,0.261274,2.0205,1.93438,1.42912,2.36367,0.42336,36.966,0.42336,423.524,0,0.625398,0,0,0.886671,0.261274,1.028160,1,0,17.286,0,0,0,17.286,0
25.5817,2.22629,0,0,0.994308,0.045928,0.36288,3.6288,57.7046,0.844635,0,0,0.38245,0.281117,0,0.66528,12.849,1,0.84672,0.36288,0,19.8108,5.63913,13.6879,0.84672,12.849,0.84672,3695.15,0,36.966,0.42336,0.227405,2.02057,1.86533,1.42912,2.26082,0.42336,36.966,0.42336,423.524,0,0.601992,0,0,0.829397,0.227405,1.028160,1,0,15.9487,0,0,0,15.9487,0
23.8002,2.22639,0,0,0.842158,0.0343617,0.36288,3.6288,56.9478,0.851818,0,0,0.380375,0.285301,0,0.66528,12.849,1,0.84672,0.36288,0,18.8801,5.91592,12.4804,0.84672,12.849,0.84672,3695.15,0,36.966,0.42336,0.227405,2.02063,1.83045,1.42962,2.22551,0.42336,36.966,0.42336,423.524,0,0.594873,0,0,0.822277,0.227405,1.028160,1,0,14.7059,0,0,0,14.7059,0
21.8919,2.43175,0,0,0.93452,0.048267,0.36288,3.6288,56.1199,0.9439,0,0,0.389644,0.273614,0,0.66528,12.849,1,0.84672,0.36288,0,18.6805,5.24669,12.9499,0.84672,12.849,0.84672,3695.15,0,36.966,0.42336,0.227405,2.0207,1.60865,1.37877,2.05462,0.42336,36.966,0.42336,423.524,0,0.663863,0,0,0.891268,0.227405,1.028160,1,0,15.0046,0,0,0,15.0046,0
19.9671,2.43186,0,0,0.920177,0.0501558,0.36288,3.6288,55.2458,0.977087,0,0,0.375088,0.272143,0,0.66528,12.849,1,0.84672,0.36288,0,19.181,5.04074,13.6564,0.84672,12.849,0.84672,3695.15,0,36.966,0.42336,0.227405,2.18363,1.50192,1.4,2.0896,0.42336,36.966,0.42336,423.524,0,0.630746,0,0,0.858151,0.227405,1.028160,1,0,15.746,0,0,0,15.746,0
18.1724,2.43197,0,0,1.04899,0.0488494,0.36288,3.6288,54.4777,0.882496,0,0,0.384935,0.270588,0,0.66528,12.849,1,0.84672,0.36288,0,19.4312,5.04074,13.9066,0.84672,12.849,0.84672,3695.15,0,36.966,0.42336,0.204422,2.1837,2.12063,1.4,2.6854,0.42336,36.966,0.42336,423.524,0,0.725406,0,0,0.929828,0.204422,1.028160,1,0,16.592,0,0,0,16.592,0
16.3682,2.43208,0,0,1.03836,0.0476312,0.36288,3.6288,53.6899,0.910256,0,0,0.391691,0.269222,0,0.66528,12.849,1,0.84672,0.36288,0,17.977,5.04074,12.4524,0.84672,12.849,0.84672,3695.15,0,36.966,0.42336,0.204422,2.18378,1.68382,1.4,2.24867,0.42336,36.966,0.42336,423.524,0,0.697715,0,0,0.902137,0.204422,1.028160,1,0,14.7011,0,0,0,14.7011,0
14.3897,2.43219,0,0,0.881392,0.0648778,0.36288,3.6288,52.7163,1.03135,0,0,0.329333,0.271547,0,0.66528,12.849,1,0.84672,0.36288,0,19.4902,4.99372,14.0126,0.84672,12.849,0.84672,3695.15,0,36.966,0.42336,0.204422,2.18385,1.52836,1.37772,2.11555,0.42336,36.966,0.42336,423.524,0,0.576691,0,0,0.781114,0.204422,1.028160,1,0,16.1282,0,0,0,16.1282,0
12.7455,2.33226,0,0,1.13087,0.0799355,0.36288,3.6288,51.7431,1.04061,0,0,0.341719,0.27426,0,0.66528,12.849,1,0.84672,0.36288,0,19.6976,4.87925,14.3345,0.84672,12.849,0.84672,3695.15,0,36.966,0.42336,0.204422,2.18393,1.76007,1.35816,2.36691,0.42336,36.966,0.42336,423.524,0,0.469753,0,0,0.674176,0.204422,1.028160,1,0,16.7014,0,0,0,16.7014,0
10.9244,2.33236,0,0,0.951368,0.0771299,0.36288,3.6288,51.3835,0.572308,0,0,0.484745,0.27212,0,0.66528,12.849,1,0.84672,0.36288,0,17.8629,4.87925,12.4998,0.84672,12.849,0.84672,3695.15,0,36.966,0.408864,0.216518,2.08974,1.98675,1.35816,2.52599,0.42336,36.966,0.42336,423.524,0,0.952621,0,0,1.16914,0.216518,1.028160,1,0,15.0258,0,0,0,15.0258,0
8.96912,2.33247,0,0,0.814052,0.0740226,0.36288,3.6288,50.3045,1.07539,0,0,0.267736,0.271329,0,0.66528,12.849,1,0.84672,0.36288,0,17.8454,4.87925,12.4823,0.84672,12.849,0.84672,3695.15,0,36.966,0.42336,0.216518,2.08981,1.47863,1.35816,2.00344,0.42336,36.966,0.42336,423.524,0,0.435104,0,0,0.651623,0.216518,1.028160,1,0,14.4858,0,0,0,14.4858,0
7.04374,2.33258,0,0,0.849303,0.0792259,0.36288,3.6288,49.2119,1.09542,0,0,0.257748,0.254917,0,0.66528,12.849,1,0.84672,0.36288,0,17.153,4.67161,11.9975,0.84672,12.849,0.84672,3695.15,0,36.966,0.42336,0.216518,2.08988,1.48798,1.29326,2.07776,0.42336,36.966,0.42336,423.524,0,0.415141,0,0,0.631659,0.216518,1.028160,1,0,14.0753,0,0,0,14.0753,0
5.52641,2.25056,0,0,1.19951,0.103391,0.36288,3.6288,48.8465,0.537554,0,0,0.36477,0.192585,0,0.66528,12.849,1,0.84672,0.36288,0,26.9733,4.30217,22.1873,0.84672,12.849,0.84672,3695.15,0,36.966,0.403789,0.216518,2.08995,2.45328,1.06412,3.29184,0.42336,36.966,0.42336,423.524,0,0.903664,0,0,1.12018,0.216518,1.028160,1,0,25.4791,0,0,0,25.4791,0
5.12408,2.25066,0,0,2.30971,0.0985011,0.36288,3.6288,48.7409,0.465005,0,0,0.551394,0.192005,0,0.66528,12.849,1,0.84672,0.36288,0,49.1117,4.30217,44.3257,0.84672,12.849,0.84672,3695.15,0,36.966,0.351906,0.329193,2.00588,3.88574,1.06412,4.80479,0.42336,36.966,0.42336,423.524,0,1.02816,0,0,1.35735,0.329193,1.028160,1,0,49.1305,0,0,0,49.1305,0
5.91147,2.25077,0,0,3.49825,0.0972045,0.36288,3.6288,49.1353,0.464607,0,0,1.05081,0.191837,0,0.66528,12.849,1,0.84672,0.36288,0,53.7764,4.30217,48.9904,0.84672,12.849,0.84672,3695.15,0,36.966,0.352366,1.4612,2.00595,5.67114,1.06412,7.7218,0.42336,36.966,0.42336,423.524,0,1.02816,0,0,2.48936,1.4612,1.028160,1,0,56.7122,0,0,0,56.7122,0
5.35889,2.25087,0,0,2.1653,0.104135,0.36288,3.6288,49.177,0.466256,0,0,0.70366,0.195627,0,0.66528,12.849,1,0.84672,0.36288,0,44.7174,4.36016,39.8734,0.84672,12.849,0.84672,3695.15,0,36.966,0.350779,0.991354,2.00602,5.61663,1.07766,7.18557,0.42336,36.966,0.42336,423.524,0,1.02816,0,0,2.01951,0.991354,1.028160,1,0,47.059,0,0,0,47.059,0
5.17189,2.01769,0,0,2.31733,0.12376,0.36288,3.6288,49.3025,0.36065,0,0,0.729521,0.243444,0,0.66528,12.849,1,0.84672,0.36288,0,49.9312,4.64945,44.7979,0.84672,12.849,0.84672,3695.15,0,36.966,0.271098,0.951784,2.00609,5.8876,1.16572,7.40865,0.42336,36.966,0.42336,423.524,0,1.02816,0,0,1.97994,0.951784,1.028160,1,0,52.2065,0,0,0,52.2065,0
5.64689,2.01779,0,0,2.97692,0.121248,0.36288,3.6288,49.5618,0.361077,0,0,0.875583,0.255213,0,0.66528,12.849,1,0.84672,0.36288,0,58.4638,4.62599,53.3539,0.84672,12.849,0.84672,3695.15,0,36.966,0.270728,1.78929,1.81924,6.27921,1.16845,8.44856,0.42336,36.966,0.42336,423.524,0,1.02816,0,0,2.81745,1.78929,1.028160,1,0,61.8025,0,0,0,61.8025,0
5.09664,2.01788,0,0,1.95367,0.123154,0.36288,3.6288,49.5244,0.361921,0,0,0.580362,0.255758,0,0.66528,12.849,1,0.84672,0.36288,0,44.0283,4.62599,38.9185,0.84672,12.849,0.84672,3695.15,0,36.966,0.269941,1.05978,1.8193,6.64649,1.16845,8.08718,0.42336,36.966,0.42336,423.524,0,1.02816,0,0,2.08794,1.05978,1.028160,1,0,47.0057,0,0,0,47.0057,0
4.19501,2.01798,0,0,1.59265,0.113424,0.36288,3.6288,49.3738,0.378444,0,0,0.428182,0.2004,0,0.66528,12.849,1,0.84672,0.36288,0,35.5377,3.53241,31.5215,0.84672,12.849,0.84672,3695.15,0,36.966,0.282478,0.412474,1.81936,4.05207,0.853958,5.14747,0.42336,36.966,0.42336,423.524,0,0.999155,0,0,1.41163,0.412474,1.028160,1,0,36.6689,0,0,0,36.6689,0
4.31359,2.01808,0,0,2.61246,0.112918,0.36288,3.6288,50.1021,0.361397,0,0,1.28509,0.195352,0,0.66528,12.849,1,0.84672,0.36288,0,48.4891,3.55641,44.4489,0.84672,12.849,0.84672,3695.15,0,36.966,0.270577,1.34485,1.81942,5.93385,0.957445,7.8701,0.42336,36.966,0.42336,423.524,0,1.02816,0,0,2.37301,1.34485,1.028160,1,0,52.319,0,0,0,52.319,0
8.41724,2.10792,0,0,6.69534,0.120891,0.36288,3.6288,50.9294,0.394581,0,0,1.40631,0.184453,0,0.66528,12.849,1,0.84672,0.36288,0,81.4985,3.61641,77.3983,0.84672,12.849,0.84672,3695.15,0,36.966,0.291127,3.00168,1.81948,12.4506,1.21616,15.7645,0.42336,36.966,0.42336,423.524,0,1.02816,0,0,4.02984,3.00168,1.028160,1,0,93.1627,0,0,0,93.1627,0
14.0381,2.108,0,0,8.22956,0.137869,0.36288,3.6288,51.8986,0.397348,0,0,1.55224,0.185702,0,0.66528,12.849,1,0.84672,0.36288,0,157.639,3.61641,153.538,0.84672,12.849,0.84672,3695.15,0,36.966,0.288406,5.6817,1.87783,20.0576,1.21616,26.1125,0.42336,36.966,0.42336,423.524,0,1.02816,0,0,6.70986,5.6817,1.028160,1,0,179.651,0,0,0,179.651,0
18.2224,2.10808,0,0,6.81333,0.158061,0.36288,3.6288,53.2768,0.400521,0,0,1.96595,0.187166,0,0.66528,12.849,1,0.84672,0.36288,0,145.663,3.61641,141.563,0.84672,12.849,0.84672,3695.15,0,36.966,0.28528,3.97458,1.87788,14.2901,1.21616,18.6411,0.42336,36.966,0.42336,423.524,0,1.02816,0,0,5.00274,3.97458,1.028160,1,0,160.204,0,0,0,160.204,0
23.2894,2.10816,0,0,7.70818,0.170083,0.36288,3.6288,54.027,0.404905,0,0,1.33448,0.179439,0,0.66528,12.849,1,0.84672,0.36288,0,148.882,3.48288,144.915,0.84672,12.849,0.84672,3695.15,0,36.966,0.280943,2.93231,1.87794,10.2104,1.18798,13.5517,0.42336,36.966,0.42336,423.524,0,1.02816,0,0,3.96047,2.93231,1.028160,1,0,158.467,0,0,0,158.467,0
28.9601,2.39646,0,0,8.58228,0.152226,0.36288,3.6288,55.6021,0.526911,0,0,2.2313,0.129279,0,0.66528,12.849,1,0.84672,0.36288,0,166.808,2.76096,163.563,0.84672,12.849,0.84672,3695.15,0,36.966,0.36052,4.17011,1.87799,18.4024,0.896472,23.1935,0.42336,36.966,0.42336,423.524,0,1.02816,0,0,5.19827,4.17011,1.028160,1,0,186.757,0,0,0,186.757,0
36.2298,2.39655,0,0,10.2154,0.186367,0.36288,3.6288,57.2642,0.533077,0,0,2.32932,0.134078,0,0.66528,12.849,1,0.84672,0.36288,0,239.668,3.71732,235.466,0.84672,12.849,0.84672,3695.15,0,36.966,0.354407,5.33374,2.08776,21.8288,1.10099,27.7949,0.42336,36.966,0.42336,423.524,0,1.02816,0,0,6.3619,5.33374,1.028160,1,0,263.261,0,0,0,263.261,0
38.5952,2.39664,0,0,5.32928,0.20431,0.36288,3.6288,58.0691,0.539361,0,0,1.47976,0.135539,0,0.66528,12.849,1,0.84672,0.36288,0,127.297,3.71732,123.095,0.84672,12.849,0.84672,3695.15,0,36.966,0.348176,2.27019,2.08782,11.2199,1.10099,14.1287,0.42336,36.966,0.42336,423.524,0,1.02816,0,0,3.29835,2.27019,1.028160,1,0,137.224,0,0,0,137.224,0
39.7813,2.43335,0,0,4.19242,0.210086,0.36288,3.6288,58.6226,0.542341,0,0,1.23205,0.136247,0,0.66528,12.849,1,0.810102,0.36288,0,91.7957,3.71732,87.6311,0.84672,12.849,0.84672,3695.15,0,36.966,0.345247,1.88625,2.08787,9.05783,1.10099,11.5857,0.42336,36.966,0.42336,423.524,0,1.02816,0,0,2.91441,1.88625,1.028160,1,0,99.2169,0,0,0,99.2169,0
41.9177,2.1409,0,0,4.86893,0.228743,0.36288,3.6288,59.4385,0.378484,0,0,1.30837,0.11398,0,0.66528,12.849,1,0.691492,0.36288,0,104.72,3.25822,101.133,0.84672,12.849,0.84672,3695.15,0,36.966,0.238663,1.4478,2.08793,10.0024,0.856341,12.4432,0.42336,36.966,0.42336,423.524,0,1.02816,0,0,2.47596,1.4478,1.028160,1,0,113.577,0,0,0,113.577,0
45.3919,2.16794,0,0,6.24225,0.237291,0.36288,3.6288,60.7784,0.380532,0,0,1.83127,0.110765,0,0.66528,12.849,1,0.664536,0.36288,0,156.349,3.18171,152.865,0.84672,12.849,0.84672,3695.15,0,36.966,0.236661,2.09382,1.80196,13.4146,0.815567,16.2582,0.42336,36.966,0.42336,423.524,0,1.02816,0,0,3.12198,2.09382,1.028160,1,0,169.123,0,0,0,169.123,0
50.1496,2.40936,0,0,7.77832,0.248391,0.36288,3.6288,61.308,0.477293,0,0,2.6926,0.134585,1.55117,0.66528,12.849,1,0.682015,0.36288,0,179.701,3.83137,175.55,0.84672,12.849,0.84672,3695.15,0,36.966,0.290294,3.97634,1.802,22.1325,0.915615,26.7049,0.42336,36.966,0.42336,423.524,0,1.02816,0,0,5.0045,3.97634,1.028160,1,0,203.806,0,0,0,203.806,0
52.2495,2.46094,0,0,5.18747,0.263703,0.36288,3.6288,61.308,0.478888,0,0,1.44689,0.165634,0.802367,0.66528,12.849,1,0.630526,0.36288,0,144.759,4.69759,139.794,0.84672,12.849,0.84672,3695.15,0,36.966,0.288748,1.71895,1.96672,12.5859,1.04901,14.9338,0.42336,36.966,0.42336,423.524,0,1.02816,0,0,2.74711,1.71895,1.028160,1,0,155.53,0,0,0,155.53,0
54.3236,2.27359,0,0,4.98819,0.277646,0.36288,3.6288,61.308,0.385118,0,0,2.40303,0.133887,1.88403,0.66528,12.849,1,0.559113,0.36288,0,118.311,4.65833,113.456,0.84672,12.849,0.84672,3695.15,0,36.966,0.232209,2.05514,1.96677,13.7998,0.977249,16.6123,0.42336,36.966,0.42336,423.524,0,1.02816,0,0,3.0833,2.05514,1.028160,1,0,131.953,0,0,0,131.953,0
55.7766,2.37463,0,0,4.49474,0.304197,0.36288,3.6288,61.308,0.426434,0,0,1.51605,0.106482,0.983136,0.66528,12.849,1,0.561663,0.36288,0,95.1126,4.17428,90.7395,0.84672,12.849,0.84672,3695.15,0,36.966,0.257121,1.25088,1.80215,8.89799,0.880857,10.813,0.42336,36.966,0.42336,423.524,0,1.02816,0,0,2.27904,1.25088,1.028160,1,0,102.536,0,0,0,102.536,0
58.5279,2.60466,0,0,6.0275,0.308667,0.36288,3.6288,61.308,0.524041,0,0,2.11731,0.106482,1.48679,0.66528,12.849,1,0.600023,0.36288,0,130.333,4.17428,125.921,0.84672,12.849,0.84672,3695.15,0,36.966,0.315974,2.60466,1.87273,12.838,0.880857,16.1186,0.42336,36.966,0.42336,423.524,0,1.02816,0,0,3.63282,2.60466,1.028160,1,0,143.527,0,0,0,143.527,0
59.6511,2.58386,0,0,4.38708,0.31713,0.36288,3.6288,61.308,0.504557,0,0,1.67984,0.106482,1.0688,0.66528,12.849,1,0.56725,0.36288,0,92.1793,4.17428,87.8007,0.84672,12.849,0.84672,3695.15,0,36.966,0.304226,1.39542,2.04391,9.91086,0.880857,12.1651,0.42336,36.966,0.42336,423.524,0,1.02816,0,0,2.42358,1.39542,1.028160,1,0,101.035,0,0,0,101.035,0
60.3052,2.4161,0,0,3.75221,0.319159,0.36288,3.6288,61.308,0.426521,0,0,1.33689,0.116676,0.793696,0.66528,12.849,1,0.520433,0.36288,0,78.4028,4.18296,74.0623,0.84672,12.849,0.84672,3695.15,0,36.966,0.257173,1.03404,2.00974,7.81903,0.9025,9.70313,0.42336,36.966,0.42336,423.524,0,1.02816,0,0,2.0622,1.03404,1.028160,1,0,84.5591,0,0,0,84.5591,0
60.8814,2.38745,0,0,3.57912,0.252636,0.36288,3.6288,61.308,0.410513,0,0,1.05628,0.199677,0.446093,0.66528,12.849,1,0.508685,0.36288,0,77.6805,4.42964,73.1051,0.84672,12.849,0.84672,3695.15,0,36.966,0.247521,0.946771,1.87288,7.04566,1.04594,8.57185,0.42336,36.966,0.42336,423.524,0,1.02816,0,0,1.97493,0.946771,1.028160,1,0,82.123,0,0,0,82.123,0
61.2663,2.39149,0,0,3.39313,0.253853,0.36288,3.6288,61.308,0.410542,0,0,1.01441,0.199677,0.404187,0.66528,12.849,1,0.504724,0.36288,0,72.8594,4.42964,68.2879,0.84672,12.849,0.84672,3695.15,0,36.966,0.247539,0.877833,1.84549,6.60934,1.04594,8.03918,0.42336,36.966,0.42336,423.524,0,1.02816,0,0,1.90599,0.877833,1.028160,1,0,76.7313,0,0,0,76.7313,0
61.1811,2.61295,0,0,3.14537,0.254664,0.36288,3.6288,61.308,0.506697,0,0,1.17319,0.199677,0.466817,0.66528,12.849,1,0.547998,0.36288,0,66.4788,4.42964,61.864,0.84672,12.849,0.84672,3695.15,0,36.966,0.305516,1.14121,1.84554,7.23894,1.04594,8.87422,0.42336,36.966,0.42336,423.524,0,1.02816,0,0,2.16937,1.14121,1.028160,1,0,71.205,0,0,0,71.205,0
60.9022,2.61239,0,0,2.96571,0.2694,0.36288,3.6288,61.308,0.506729,0,0,1.11777,0.164754,0.446292,0.66528,12.849,1,0.548643,0.36288,0,61.5413,4.09763,57.2579,0.84672,12.849,0.84672,3695.15,0,36.966,0.305535,1.03351,2.01423,7.05698,0.922769,8.87642,0.42336,36.966,0.42336,423.524,0,1.02816,0,0,2.06167,1.03351,1.028160,1,0,66.5806,0,0,0,66.5806,0
60.6584,2.50529,0,0,2.86996,0.24553,0.36288,3.6288,61.308,0.467507,0,0,0.953277,0.187115,0.298655,0.66528,12.849,1,0.528561,0.36288,0,63.3263,4.40649,58.7541,0.84672,12.849,0.84672,3695.15,0,36.966,0.281886,0.958219,2.01429,6.24093,0.895715,8.03584,0.42336,36.966,0.42336,423.524,0,1.02816,0,0,1.98638,0.958219,1.028160,1,0,67.0886,0,0,0,67.0886,0
60.3093,2.50361,0,0,2.69255,0.175179,0.36288,3.6288,61.308,0.467538,0,0,0.876329,0.231363,0.177429,0.66528,12.849,1,0.530328,0.36288,0,48.562,5.019,43.3755,0.84672,12.849,0.84672,3695.15,0,36.966,0.281904,0.731843,1.94188,5.8223,1.10678,7.10734,0.42336,36.966,0.42336,423.524,0,1.02816,0,0,1.76,0.731843,1.028160,1,0,50.6603,0,0,0,50.6603,0
59.8466,2.50114,0,0,2.57596,0.17467,0.36288,3.6288,61.308,0.467568,0,0,0.837216,0.231363,0.138285,0.66528,12.849,1,0.532873,0.36288,0,44.7333,5.019,39.5443,0.84672,12.849,0.84672,3695.15,0,36.966,0.281923,0.66693,1.94193,5.63081,1.10678,6.85097,0.42336,36.966,0.42336,423.524,0,1.02816,0,0,1.69509,0.66693,1.028160,1,0,46.5335,0,0,0,46.5335,0
59.2785,2.49782,0,0,2.46655,0.173899,0.36288,3.6288,61.308,0.467598,0,0,0.851126,0.231363,0.152165,0.66528,12.849,1,0.53628,0.36288,0,42.6799,5.019,37.4875,0.84672,12.849,0.84672,3695.15,0,36.966,0.281941,0.872312,1.94199,5.36115,1.10678,6.78673,0.42336,36.966,0.42336,423.524,0,1.02816,0,0,1.90047,0.872312,1.028160,1,0,44.4264,0,0,0,44.4264,0
58.6981,2.49367,0,0,2.44182,0.165661,0.36288,3.6288,61.308,0.467629,0,0,0.932282,0.22974,0.234913,0.66528,12.849,1,0.540518,0.36288,0,43.2909,4.66701,38.4462,0.84672,12.849,0.84672,3695.15,0,36.966,0.281959,1.23073,1.94204,5.70472,1.11388,7.48165,0.42336,36.966,0.42336,423.524,0,1.02816,0,0,2.25889,1.23073,1.028160,1,0,46.1628,0,0,0,46.1628,0
58.1995,2.46705,0,0,2.45551,0.124257,0.36288,3.6288,61.308,0.498925,0,0,1.08472,0.236794,0.348999,0.66528,12.849,1,0.540037,0.36288,0,45.8692,4.78999,40.902,0.84672,12.849,0.84672,3695.15,0,36.966,0.30083,1.75084,1.94209,6.81601,1.1005,9.10762,0.42336,36.966,0.42336,423.524,0,1.02816,0,0,2.779,1.75084,1.028160,1,0,50.3586,0,0,0,50.3586,0
57.4827,2.46333,0,0,2.23315,0.123656,0.36288,3.6288,61.308,0.498956,0,0,1.05772,0.236794,0.321968,0.66528,12.849,1,0.543843,0.36288,0,44.9714,4.78999,40.0004,0.84672,12.849,0.84672,3695.15,0,36.966,0.300848,1.71485,1.97578,6.53098,1.1005,8.82025,0.42336,36.966,0.42336,423.524,0,1.02816,0,0,2.74301,1.71485,1.028160,1,0,49.1426,0,0,0,49.1426,0
56.5661,2.45786,0,0,2.02693,0.122794,0.36288,3.6288,61.308,0.498987,0,0,0.992321,0.236794,0.25654,0.66528,12.849,1,0.5494,0.36288,0,40.0732,4.78999,35.0967,0.84672,12.849,0.84672,3695.15,0,36.966,0.300867,1.40551,1.97583,6.31786,1.1005,8.29784,0.42336,36.966,0.42336,423.524,0,1.02816,0,0,2.43367,1.40551,1.028160,1,0,43.651,0,0,0,43.651,0
55.5831,2.45067,0,0,1.92301,0.0924797,0.36288,3.6288,61.308,0.499019,0,0,0.930804,0.313577,0.118209,0.66528,12.849,1,0.556669,0.36288,0,36.0456,5.77804,30.0737,0.84672,12.849,0.84672,3695.15,0,36.966,0.300886,1.41501,1.97588,5.98752,1.46116,7.61637,0.42336,36.966,0.42336,423.524,0,1.02816,0,0,2.44317,1.41501,1.028160,1,0,37.8083,0,0,0,37.8083,0
54.4357,2.49975,0,0,1.80489,0.0896965,0.36288,3.6288,61.308,0.526918,0,0,0.919737,0.338723,0.0540957,0.66528,12.849,1,0.57786,0.36288,0,34.4088,6.15647,28.0374,0.84672,12.849,0.84672,3695.15,0,36.966,0.317708,1.10297,1.97594,5.33447,1.53829,6.55738,0.42336,36.966,0.42336,423.524,0,1.02816,0,0,2.13113,1.10297,1.028160,1,0,34.6488,0,0,0,34.6488,0
53.2547,2.48996,0,0,1.76056,0.0886689,0.36288,3.6288,61.2897,0.52695,0,0,0.847403,0.338723,0,0.66528,12.849,1,0.58773,0.36288,0,34.3647,6.15647,27.9834,0.84672,12.849,0.84672,3695.15,0,36.966,0.317727,1.29309,2.02366,5.71628,1.53829,7.177,0.42336,36.966,0.42336,423.524,0,1.02816,0,0,2.32125,1.29309,1.028160,1,0,35.1604,0,0,0,35.1604,0
51.9722,2.47953,0,0,1.64748,0.0876112,0.36288,3.6288,61.2085,0.526922,0,0,0.784382,0.338684,0,0.66528,12.849,1,0.598247,0.36288,0,31.0228,6.15647,24.631,0.84672,12.849,0.84672,3695.15,0,36.966,0.317806,1.19348,2.02371,5.10171,1.53829,6.4628,0.42336,36.966,0.42336,423.524,0,1.02816,0,0,2.22164,1.19348,1.028160,1,0,31.0938,0,0,0,31.0938,0
50.5676,2.46776,0,0,1.51247,0.0864625,0.36288,3.6288,61.1191,0.526692,0,0,0.775768,0.33851,0,0.66528,12.849,1,0.6101,0.36288,0,28.3586,6.15647,21.9549,0.84672,12.849,0.84672,3695.15,0,36.966,0.318088,1.01101,2.02377,4.98966,1.53829,6.16806,0.42336,36.966,0.42336,423.524,0,1.02816,0,0,2.03917,1.01101,1.028160,1,0,28.1229,0,0,0,28.1229,0
49.0814,2.61823,0,0,1.57181,0.0769109,0.36288,3.6288,61.0633,0.626916,0,0,0.903943,0.33276,0,0.66528,12.849,1,0.66528,0.36288,0,30.3985,6.1616,23.9345,0.84672,12.849,0.84672,3695.15,0,36.966,0.379171,1.67155,2.02382,6.1857,1.58036,7.92154,0.42336,36.966,0.42336,423.524,0,1.02816,0,0,2.69971,1.67155,1.028160,1,0,31.8561,0,0,0,31.8561,0
47.2317,2.60233,0,0,1.19909,0.083506,0.36288,3.6288,60.8829,0.626735,0,0,0.76572,0.319424,0,0.66528,12.849,1,0.681264,0.36288,0,26.6225,5.90373,20.4004,0.84672,12.849,0.84672,3695.15,0,36.966,0.379408,1.34101,2.18699,4.52749,1.55962,6.11645,0.42336,36.966,0.42336,423.524,0,1.02816,0,0,2.36917,1.34101,1.028160,1,0,26.5169,0,0,0,26.5169,0
45.5488,2.58143,0,0,1.34319,0.0818402,0.36288,3.6288,60.7233,0.62607,0,0,0.785514,0.319059,0,0.66528,12.849,1,0.702257,0.36288,0,26.4629,5.90373,20.2197,0.84672,12.849,0.84672,3695.15,0,36.966,0.380128,1.40701,2.18705,4.85256,1.55962,6.50687,0.42336,36.966,0.42336,423.524,0,1.02816,0,0,2.43517,1.40701,1.028160,1,0,26.7266,0,0,0,26.7266,0
44.6781,2.56126,0,0,2.14967,0.096223,0.36288,3.6288,60.7487,0.625484,0,0,0.965382,0.314461,0,0.66528,12.849,1,0.722515,0.36288,0,43.9632,5.78499,37.8185,0.84672,12.849,0.84672,3695.15,0,36.966,0.38077,1.93031,2.18711,5.28976,1.54506,7.48135,0.42336,36.966,0.42336,423.524,0,1.02816,0,0,2.95847,1.93031,1.028160,1,0,45.2999,0,0,0,45.2999,0
44.4923,2.5504,0,0,2.8333,0.105804,0.36288,3.6288,61.0033,0.625617,0,0,1.17153,0.291303,0,0.66528,12.849,1,0.73347,0.36288,0,48.3856,5.51656,42.4985,0.84672,12.849,0.84672,3695.15,0,36.966,0.380692,1.77415,2.18717,6.10952,1.48091,8.20923,0.42336,36.966,0.42336,423.524,0,1.02816,0,0,2.80231,1.77415,1.028160,1,0,50.7077,0,0,0,50.7077,0
44.1305,2.47034,0,0,2.60041,0.128962,0.36288,3.6288,61.194,0.565688,0,0,1.01109,0.254743,0,0.66528,12.849,1,0.713415,0.36288,0,41.9331,4.53348,37.0491,0.84672,12.849,0.84672,3695.15,0,36.966,0.342788,1.54972,2.18723,7.17267,1.35506,9.21177,0.42336,36.966,0.42336,423.524,0,1.02816,0,0,2.57788,1.54972,1.028160,1,0,46.2609,0,0,0,46.2609,0
43.3352,2.46588,0,0,2.16189,0.128432,0.36288,3.6288,61.308,0.566386,0,0,1.42808,0.25505,0.492635,0.66528,12.849,1,0.717964,0.36288,0,38.7355,4.53348,33.847,0.84672,12.849,0.84672,3695.15,0,36.966,0.342142,3.5152,2.09288,8.13231,1.35506,12.0432,0.42336,36.966,0.42336,423.524,0,1.02816,0,0,4.54336,3.5152,1.028160,1,0,46.3828,0,0,0,46.3828,0
42.2224,2.45579,0,0,1.83312,0.127269,0.36288,3.6288,61.2613,0.566816,0,0,0.775328,0.255234,0,0.66528,12.849,1,0.728147,0.36288,0,38.6815,4.53348,33.7827,0.84672,12.849,0.84672,3695.15,0,36.966,0.341765,1.37316,2.09294,6.01525,1.35506,7.78452,0.42336,36.966,0.42336,423.524,0,1.02816,0,0,2.40132,1.37316,1.028160,1,0,41.5672,0,0,0,41.5672,0
41.4181,2.44114,0,0,2.15488,0.155147,0.36288,3.6288,61.2575,0.566687,0,0,0.787717,0.224845,0,0.66528,12.849,1,0.742881,0.36288,0,38.9636,4.11822,34.4654,0.84672,12.849,0.84672,3695.15,0,36.966,0.341948,1.43384,2.093,6.28177,1.22526,8.2414,0.42336,36.966,0.42336,423.524,0,1.02816,0,0,2.462,1.43384,1.028160,1,0,42.7068,0,0,0,42.7068,0
44.7863,2.36742,0,0,6.32705,0.228599,0.36288,3.6288,61.308,0.51113,0,0,1.982,0.195773,1.22456,0.66528,12.849,1,0.734436,0.36288,0,126.2,4.15269,121.676,0.84672,12.849,0.84672,3695.15,0,36.966,0.308443,3.90233,2.09305,15.7296,1.04724,20.3693,0.42336,36.966,0.42336,423.524,0,1.02816,0,0,4.93049,3.90233,1.028160,1,0,143.27,0,0,0,143.27,0
46.5561,2.4104,0,0,4.78106,0.237968,0.36288,3.6288,61.308,0.51132,0,0,1.24769,0.203624,0.53275,0.66528,12.849,1,0.691535,0.36288,0,105.602,4.33146,100.941,0.84672,12.849,0.84672,3695.15,0,36.966,0.308303,1.79533,2.00885,8.25332,1.07165,10.6775,0.42336,36.966,0.42336,423.524,0,1.02816,0,0,2.82349,1.79533,1.028160,1,0,112.152,0,0,0,112.152,0
46.8366,2.43107,0,0,3.31717,0.242731,0.36288,3.6288,61.308,0.511352,0,0,0.975758,0.203624,0.260783,0.66528,12.849,1,0.670951,0.36288,0,58.4918,4.33146,53.8523,0.84672,12.849,0.84672,3695.15,0,36.966,0.308322,1.52099,2.0089,5.23657,1.07165,7.38648,0.42336,36.966,0.42336,423.524,0,1.02816,0,0,2.54915,1.52099,1.028160,1,0,61.4996,0,0,0,61.4996,0
48.8112,2.43429,0,0,5.01297,0.241126,0.36288,3.6288,61.308,0.511383,0,0,1.44576,0.24024,0.694133,0.66528,12.849,1,0.667816,0.36288,0,89.1847,4.30887,84.5709,0.84672,12.849,0.84672,3695.15,0,36.966,0.308341,2.67499,2.00896,6.53361,1.12838,9.78084,0.42336,36.966,0.42336,423.524,0,1.02816,0,0,3.70315,2.67499,1.028160,1,0,95.0458,0,0,0,95.0458,0
54.0255,2.4783,0,0,8.2962,0.240743,0.36288,3.6288,61.308,0.490377,0,0,3.04303,0.24414,2.30852,0.66528,12.849,1,0.652383,0.36288,0,170.602,4.32531,165.987,0.84672,12.849,0.84672,3695.15,0,36.966,0.295676,4.64028,2.00901,13.5815,1.12668,18.8084,0.42336,36.966,0.42336,423.524,0,1.02816,0,0,5.66844,4.64028,1.028160,1,0,187.104,0,0,0,187.104,0
60.641,2.52923,0,0,9.75983,0.25228,0.36288,3.6288,61.308,0.490408,0,0,4.02786,0.210447,3.32701,0.66528,12.849,1,0.601533,0.36288,0,165.595,4.36023,160.996,0.84672,12.849,0.84672,3695.15,0,36.966,0.295694,5.64449,1.98835,19.9454,1.06868,26.2138,0.42336,36.966,0.42336,423.524,0,1.02816,0,0,6.67265,5.64449,1.028160,1,0,190.537,0,0,0,190.537,0
65.8609,2.58345,0,0,8.4354,0.269103,0.36288,3.6288,61.308,0.490439,0,0,4.00749,0.210447,3.3066,0.66528,12.849,1,0.547399,0.36288,0,159.951,4.36023,155.407,0.84672,12.849,0.84672,3695.15,0,36.966,0.295713,5.66343,1.9884,19.0576,1.06868,25.345,0.42336,36.966,0.42336,423.524,0,1.02816,0,0,6.69159,5.66343,1.028160,1,0,184.058,0,0,0,184.058,0
72.29,2.61983,0,0,10.4473,0.273002,1.12541,3.6288,61.308,0.49047,0,0,3.99269,0.204247,3.29797,0.66528,12.849,1,0.51111,1.12541,0,148.515,4.14585,144.983,0.84672,12.849,0.84672,3695.15,0,36.966,0.295732,5.71631,1.98846,19.5039,1.0419,25.8711,0.42336,36.966,0.42336,423.524,0,1.02816,0,0,6.74447,5.71631,1.028160,1,0,174.152,0,0,0,174.152,0
72.29,2.6585,0,0,12.3525,0.263113,9.43091,3.6288,61.308,0.490501,0,0,4.35247,0.208625,3.65334,0.66528,12.849,1,0.472528,9.43091,0,236.887,3.69476,242.151,0.84672,12.849,0.84672,3695.15,0,36.966,0.29575,5.21154,1.98851,18.529,0.893801,24.5395,0.42336,36.966,0.42336,423.524,0,1.02816,0,0,6.2397,5.21154,1.028160,1,0,270.344,0,0,0,270.344,0
72.29,2.74185,0,0,5.6235,0.287444,2.59421,3.6288,61.308,0.527129,0,0,3.12994,0.216601,2.38621,0.66528,12.849,1,0.487343,2.59421,0,121.841,4.51521,119.433,0.84672,12.849,0.84672,3695.15,0,36.966,0.317835,3.26376,1.98857,9.32109,1.17554,13.08,0.42336,36.966,0.42336,423.524,0,1.02816,0,0,4.29192,3.26376,1.028160,1,0,134.899,0,0,0,134.899,0
72.29,2.7419,0,0,5.15931,0.287444,2.12996,3.6288,61.308,0.527153,0,0,3.00677,0.216601,2.26302,0.66528,12.849,1,0.487353,2.12996,0,102.05,4.51521,99.177,0.84672,12.849,0.84672,3695.15,0,36.966,0.31785,2.93532,2.05233,8.83509,1.17554,12.3293,0.42336,36.966,0.42336,423.524,0,1.02816,0,0,3.96348,2.93532,1.028160,1,0,113.769,0,0,0,113.769,0
72.29,2.74196,0,0,4.55055,0.294122,1.51447,3.6288,61.308,0.527177,0,0,1.97751,0.214816,1.23552,0.66528,12.849,1,0.487363,1.51447,0,83.0779,4.5342,79.5708,0.84672,12.849,0.84672,3695.15,0,36.966,0.317865,2.06429,2.05237,8.21897,1.20866,10.8091,0.42336,36.966,0.42336,423.524,0,1.02816,0,0,3.09245,2.06429,1.028160,1,0,91.6155,0,0,0,91.6155,0
72.29,2.74202,0,0,5.16955,0.334193,2.09334,3.6288,61.308,0.527202,0,0,2.20683,0.204106,1.47552,0.66528,12.849,1,0.487373,2.09334,0,110.457,4.64814,107.415,0.84672,12.849,0.84672,3695.15,0,36.966,0.317879,2.21937,2.05241,9.09697,1.40733,11.6435,0.42336,36.966,0.42336,423.524,0,1.02816,0,0,3.24753,2.21937,1.028160,1,0,120.534,0,0,0,120.534,0
72.29,2.75756,0,0,4.41679,0.325223,1.33402,3.6288,61.308,0.555283,0,0,2.64478,0.203035,1.88646,0.66528,12.849,1,0.490135,1.33402,0,119.347,4.20339,115.987,0.84672,12.849,0.84672,3695.15,0,36.966,0.334811,2.85651,2.05245,10.2278,1.14629,13.6556,0.42336,36.966,0.42336,423.524,0,1.02816,0,0,3.88467,2.85651,1.028160,1,0,131.529,0,0,0,131.529,0
72.29,2.75761,0,0,5.91775,0.321636,2.8385,3.6288,61.308,0.555308,0,0,2.57512,0.202606,1.8172,0.66528,12.849,1,0.490145,2.8385,0,116.1,4.02549,114.423,0.84672,12.849,0.84672,3695.15,0,36.966,0.334826,2.69614,2.09066,9.46598,1.04187,12.8761,0.42336,36.966,0.42336,423.524,0,1.02816,0,0,3.7243,2.69614,1.028160,1,0,129.116,0,0,0,129.116,0
72.29,2.75767,0,0,3.879,0.332788,0.78854,3.6288,61.308,0.555333,0,0,2.31306,0.176292,1.58143,0.66528,12.849,1,0.490155,0.78854,0,130.792,3.67587,127.415,0.84672,12.849,0.84672,3695.15,0,36.966,0.334841,2.285,2.0907,7.94431,0.967436,11.0177,0.42336,36.966,0.42336,423.524,0,1.02816,0,0,3.31316,2.285,1.028160,1,0,140.014,0,0,0,140.014,0
72.29,2.75773,0,0,6.51706,0.341152,3.41818,3.6288,61.308,0.555357,0,0,2.75343,0.156555,2.04152,0.66528,12.849,1,0.490165,3.41818,0,171.323,3.41365,170.838,0.84672,12.849,0.84672,3695.15,0,36.966,0.334856,3.01342,2.09075,10.0412,0.911613,13.8989,0.42336,36.966,0.42336,423.524,0,1.02816,0,0,4.04158,3.01342,1.028160,1,0,186.778,0,0,0,186.778,0
72.29,2.62827,0,0,6.76517,0.352199,3.7847,3.6288,61.308,0.480323,0,0,3.07207,0.183466,2.40828,0.66528,12.849,1,0.467155,3.7847,0,116.958,3.56636,116.709,0.84672,12.849,0.84672,3695.15,0,36.966,0.289614,3.96246,2.09079,13.324,0.91631,18.1713,0.42336,36.966,0.42336,423.524,0,1.02816,0,0,4.99062,3.96246,1.028160,1,0,137.289,0,0,0,137.289,0
72.29,2.62832,0,0,5.51394,0.356618,2.52899,3.6288,61.308,0.480347,0,0,2.221,0.19423,1.54642,0.66528,12.849,1,0.467165,2.52899,0,106.909,3.62743,105.343,0.84672,12.849,0.84672,3695.15,0,36.966,0.289628,2.45336,1.96929,8.94974,0.918189,12.1646,0.42336,36.966,0.42336,423.524,0,1.02816,0,0,3.48152,2.45336,1.028160,1,0,119.054,0,0,0,119.054,0
72.29,2.62838,0,0,3.86867,0.356618,0.883676,3.6288,61.308,0.48037,0,0,1.68286,0.19423,1.00826,0.66528,12.849,1,0.467174,0.883676,0,104.098,3.62743,100.887,0.84672,12.849,0.84672,3695.15,0,36.966,0.289642,1.98469,1.96933,8.08255,0.918189,10.8287,0.42336,36.966,0.42336,423.524,0,1.02816,0,0,3.01285,1.98469,1.028160,1,0,112.724,0,0,0,112.724,0
72.29,2.62843,0,0,3.94866,0.299977,1.02025,3.6288,61.308,0.480393,0,0,1.27913,0.164148,0.634585,0.66528,12.849,1,0.467184,1.02025,0,90.5731,3.19146,87.9347,0.84672,12.849,0.84672,3695.15,0,36.966,0.289656,1.45353,1.96937,7.36413,0.855561,9.64182,0.42336,36.966,0.42336,423.524,0,1.02816,0,0,2.48169,1.45353,1.028160,1,0,98.2111,0,0,0,98.2111,0
72.29,2.62849,0,0,4.26071,0.290703,1.34152,3.6288,61.308,0.480416,0,0,1.57493,0.152881,0.941628,0.66528,12.849,1,0.467194,1.34152,0,96.7922,3.02145,94.6451,0.84672,12.849,0.84672,3695.15,0,36.966,0.28967,2.26493,1.96941,7.87985,0.791991,11.0325,0.42336,36.966,0.42336,423.524,0,1.02816,0,0,3.29309,2.26493,1.028160,1,0,106.619,0,0,0,106.619,0
72.29,2.72458,0,0,5.08459,0.324158,2.03585,3.6288,61.308,0.525559,0,0,1.34685,0.154793,0.666494,0.66528,12.849,1,0.484274,2.03585,0,123.976,3.0324,122.495,0.84672,12.849,0.84672,3695.15,0,36.966,0.316889,2.39344,1.96946,7.75164,0.695692,11.1019,0.42336,36.966,0.42336,423.524,0,1.02816,0,0,3.4216,2.39344,1.028160,1,0,134.264,0,0,0,134.264,0
72.29,2.72464,0,0,4.44296,0.324158,1.39417,3.6288,61.308,0.525583,0,0,1.71142,0.154793,1.03104,0.66528,12.849,1,0.484284,1.39417,0,79.4794,3.0324,77.3568,0.84672,12.849,0.84672,3695.15,0,36.966,0.316903,2.2074,2.04657,7.52155,0.695692,10.7629,0.42336,36.966,0.42336,423.524,0,1.02816,0,0,3.23556,2.2074,1.028160,1,0,89.1508,0,0,0,89.1508,0
72.29,2.7247,0,0,3.90356,0.324158,0.854708,3.6288,61.308,0.525608,0,0,1.20007,0.154793,0.519669,0.66528,12.849,1,0.484294,0.854708,0,88.6188,3.0324,85.9568,0.84672,12.849,0.84672,3695.15,0,36.966,0.316918,1.61279,2.04661,6.65238,0.695692,9.29917,0.42336,36.966,0.42336,423.524,0,1.02816,0,0,2.64095,1.61279,1.028160,1,0,95.7756,0,0,0,95.7756,0
72.2257,2.72475,0,0,3.31173,0.288446,0.36288,3.6288,61.308,0.525632,0,0,0.942054,0.173824,0.242598,0.66528,12.849,1,0.484304,0.36288,0,82.4489,3.26508,79.0624,0.84672,12.849,0.84672,3695.15,0,36.966,0.316933,1.20625,2.04666,6.48034,0.741493,8.67482,0.42336,36.966,0.42336,423.524,0,1.02816,0,0,2.23441,1.20625,1.028160,1,0,87.9798,0,0,0,87.9798,0
72.29,2.46193,0,0,3.28473,0.279065,0.479386,3.6288,61.308,0.411884,0,0,0.99023,0.13009,0.448257,0.66528,12.849,1,0.437979,0.479386,0,55.1135,3.13698,52.0179,0.84672,12.849,0.84672,3695.15,0,36.966,0.248348,0.887708,2.0467,4.92691,0.818381,6.79459,0.42336,36.966,0.42336,423.524,0,1.02816,0,0,1.91587,0.887708,1.028160,1,0,59.2608,0,0,0,59.2608,0
71.5345,2.68731,0,0,2.61367,0.318947,0.36288,3.6288,61.308,0.515161,0,0,0.891596,0.159266,0.217169,0.66528,12.849,1,0.477649,0.36288,0,42.517,3.52915,38.8731,0.84672,12.849,0.84672,3695.15,0,36.966,0.310619,0.528595,1.84789,4.18232,0.863821,5.38437,0.42336,36.966,0.42336,423.524,0,1.01693,0,0,1.54552,0.528595,1.028160,1,0,44.4746,0,0,0,44.4746,0
70.6359,2.68309,0,0,2.38063,0.233333,0.36288,3.6288,61.259,0.595852,0,0,0.745347,0.198504,0,0.66528,12.849,1,0.481935,0.36288,0,38.5843,3.87511,34.5902,0.84672,12.849,0.84672,3695.15,0,36.966,0.359272,0.528595,2.01679,3.86143,0.884478,5.16307,0.42336,36.966,0.42336,423.524,0,0.887622,0,0,1.41622,0.528595,1.028160,1,0,39.7532,0,0,0,39.7532,0
69.698,2.67796,0,0,2.3208,0.217864,0.36288,3.6288,61.308,0.508049,0,0,0.814121,0.20498,0.0520843,0.66528,12.849,1,0.487133,0.36288,0,37.3886,3.93277,33.3315,0.84672,12.849,0.84672,3695.15,0,36.966,0.306576,0.515938,2.01683,4.3766,0.887921,5.71487,0.42336,36.966,0.42336,423.524,0,1.02816,0,0,1.5441,0.515938,1.028160,1,0,39.0985,0,0,0,39.0985,0
69.0097,2.56488,0,0,2.4134,0.173856,0.36288,3.6288,61.308,0.53722,0,0,0.807581,0.215376,0.0549853,0.66528,12.849,1,0.472842,0.36288,0,43.1203,4.5167,38.4936,0.84672,12.849,0.84672,3695.15,0,36.966,0.32392,0.402797,2.01687,4.19584,0.980098,5.3115,0.42336,36.966,0.42336,423.524,0,0.918683,0,0,1.32148,0.402797,1.028160,1,0,43.8601,0,0,0,43.8601,0
68.5138,2.56096,0,0,2.56916,0.141272,0.36288,3.6288,61.308,0.573227,0,0,0.850271,0.223125,0.0539194,0.66528,12.849,1,0.476828,0.36288,0,47.925,4.95464,42.8565,0.84672,12.849,0.84672,3695.15,0,36.966,0.34563,0.402797,1.94436,4.22096,1.04923,5.17326,0.42336,36.966,0.42336,423.524,0,0.861002,0,0,1.2638,0.402797,1.028160,1,0,48.0836,0,0,0,48.0836,0
67.9121,2.5581,0,0,2.46003,0.140726,0.36288,3.6288,61.308,0.477722,0,0,0.864389,0.223125,0.163542,0.66528,12.849,1,0.479744,0.36288,0,45.7252,4.95464,40.6537,0.84672,12.849,0.84672,3695.15,0,36.966,0.288045,0.402797,1.9444,4.01882,1.04923,5.02874,0.42336,36.966,0.42336,423.524,0,1.01413,0,0,1.41693,0.402797,1.028160,1,0,45.846,0,0,0,45.846,0
67.0921,2.55458,0,0,2.26605,0.168588,0.36288,3.6288,61.308,0.468991,0,0,0.81,0.215224,0.125784,0.66528,12.849,1,0.483328,0.36288,0,42.7444,4.44694,38.177,0.84672,12.849,0.84672,3695.15,0,36.966,0.282781,0.318825,1.94444,3.68003,1.06882,4.59169,0.42336,36.966,0.42336,423.524,0,1.02816,0,0,1.34698,0.318825,1.028160,1,0,42.8945,0,0,0,42.8945,0
66.0774,2.54968,0,0,2.00784,0.109957,0.36288,3.6288,61.308,0.469014,0,0,0.752567,0.245624,0.0379291,0.66528,12.849,1,0.488296,0.36288,0,36.0162,4.54212,31.3486,0.84672,12.849,0.84672,3695.15,0,36.966,0.282795,0.345946,1.94448,3.28895,1.14146,4.15512,0.42336,36.966,0.42336,423.524,0,1.02816,0,0,1.37411,0.345946,1.028160,1,0,35.5417,0,0,0,35.5417,0
64.6564,2.52067,0,0,1.56542,0.102856,0.36288,3.6288,61.0946,0.522312,0,0,0.575677,0.266803,0,0.66528,12.849,1,0.490154,0.36288,0,25.0391,4.54283,20.369,0.84672,12.849,0.84672,3695.15,0,36.966,0.314931,0.30119,1.94452,2.4005,1.1816,3.14968,0.42336,36.966,0.42336,423.524,0,0.992943,0,0,1.29413,0.30119,1.028160,1,0,23.5186,0,0,0,23.5186,0
63.1273,2.51174,0,0,1.44714,0.101692,0.36288,3.6288,60.8494,0.535296,0,0,0.556551,0.266443,0,0.66528,12.849,1,0.499151,0.36288,0,24.8879,4.54283,20.2088,0.84672,12.849,0.84672,3695.15,0,36.966,0.323887,0.30119,1.97823,2.43411,1.1816,3.20804,0.42336,36.966,0.42336,423.524,0,0.971041,0,0,1.27223,0.30119,1.028160,1,0,23.4168,0,0,0,23.4168,0
61.476,2.50174,0,0,1.31376,0.10044,0.36288,3.6288,60.5218,0.587309,0,0,0.525766,0.26603,0,0.66528,12.849,1,0.509208,0.36288,0,24.1482,4.54283,19.459,0.84672,12.849,0.84672,3695.15,0,36.966,0.356791,0.261274,1.97827,2.28803,1.1816,2.98918,0.42336,36.966,0.42336,423.524,0,0.886162,0,0,1.14744,0.261274,1.028160,1,0,22.4482,0,0,0,22.4482,0
59.7352,2.49048,0,0,1.20296,0.0903473,0.36288,3.6288,60.1195,0.615367,0,0,0.500399,0.287306,0,0.66528,12.849,1,0.520532,0.36288,0,21.2956,4.82513,16.3128,0.84672,12.849,0.84672,3695.15,0,36.966,0.375859,0.261274,1.97831,2.22203,1.28465,2.80111,0.42336,36.966,0.42336,423.524,0,0.839074,0,0,1.10035,0.261274,1.028160,1,0,19.1139,0,0,0,19.1139,0
57.9248,2.53588,0,0,1.16834,0.0799991,0.36288,3.6288,59.7102,0.642524,0,0,0.491781,0.258602,0,0.66528,12.849,1,0.545466,0.36288,0,20.2422,4.3505,15.7091,0.84672,12.849,0.84672,3695.15,0,36.966,0.395072,0.261274,1.97835,2.31009,1.13182,3.02282,0.42336,36.966,0.42336,423.524,0,0.837467,0,0,1.09874,0.261274,1.028160,1,0,18.732,0,0,0,18.732,0
56.0988,2.52198,0,0,1.11892,0.0600056,0.36288,3.6288,59.1305,0.743408,0,0,0.482521,0.318834,0,0.66528,12.849,1,0.559431,0.36288,0,18.9859,5.50536,13.284,0.84672,12.849,0.84672,3695.15,0,36.966,0.42336,0.261274,2.02612,1.97672,1.46458,2.37617,0.42336,36.966,0.42336,423.524,0,0.708333,0,0,0.969607,0.261274,1.028160,1,0,15.6601,0,0,0,15.6601,0
54.2692,2.50722,0,0,1.09936,0.0589365,0.36288,3.6288,58.6333,0.609132,0,0,0.429631,0.317654,0,0.66528,12.849,1,0.574259,0.36288,0,18.1033,5.50536,12.3866,0.84672,12.849,0.84672,3695.15,0,36.966,0.380805,0.261274,2.02616,1.80348,1.46458,2.24553,0.42336,36.966,0.42336,423.524,0,0.885203,0,0,1.14648,0.261274,1.028160,1,0,14.6321,0,0,0,14.6321,0
52.5991,2.49161,0,0,1.24232,0.0578653,0.36288,3.6288,58.1809,0.666208,0,0,0.530428,0.316642,0,0.66528,12.849,1,0.589925,0.36288,0,22.5376,5.50536,16.8052,0.84672,12.849,0.84672,3695.15,0,36.966,0.420018,0.227405,2.0262,2.18555,1.46458,2.55456,0.42336,36.966,0.42336,423.524,0,0.788953,0,0,1.01636,0.227405,1.028160,1,0,19.3598,0,0,0,19.3598,0
50.5635,2.64202,0,0,1.03067,0.0614178,0.36288,3.6288,57.3748,0.956199,0,0,0.46452,0.314429,0,0.66528,12.849,1,0.645396,0.36288,0,18.6906,5.24256,13.1655,0.84672,12.849,0.84672,3695.15,0,36.966,0.42336,0.227405,2.02624,1.806,1.39404,2.24225,0.42336,36.966,0.42336,423.524,0,0.657107,0,0,0.884511,0.227405,1.028160,1,0,15.4077,0,0,0,15.4077,0
48.4539,2.62135,0,0,0.956543,0.0819525,0.36288,3.6288,56.6495,0.948249,0,0,0.505594,0.282656,0,0.66528,12.849,1,0.666128,0.36288,0,16.7543,4.88626,11.5648,0.84672,12.849,0.84672,3695.15,0,36.966,0.42336,0.227405,2.18959,1.91261,1.33137,2.57488,0.42336,36.966,0.42336,423.524,0,0.665099,0,0,0.892503,0.227405,1.028160,1,0,14.1397,0,0,0,14.1397,0
46.3118,2.59848,0,0,0.89551,0.0761749,0.36288,3.6288,56.1995,0.663689,0,0,0.497519,0.28384,0,0.66528,12.849,1,0.689066,0.36288,0,16.8845,4.96104,11.5973,0.84672,12.849,0.84672,3695.15,0,36.966,0.42336,0.227405,2.18963,1.81856,1.34631,2.46593,0.42336,36.966,0.42336,423.524,0,0.9497,0,0,1.1771,0.227405,1.028160,1,0,14.0632,0,0,0,14.0632,0
44.1608,2.57359,0,0,0.859801,0.0744032,0.36288,3.6288,55.7449,0.661909,0,0,0.490356,0.283008,0,0.66528,12.849,1,0.714029,0.36288,0,15.9243,4.96104,10.6121,0.84672,12.849,0.84672,3695.15,0,36.966,0.42336,0.204422,2.18968,1.79255,1.34631,2.41698,0.42336,36.966,0.42336,423.524,0,0.951523,0,0,1.15595,0.204422,1.028160,1,0,13.0291,0,0,0,13.0291,0
42.1975,2.5467,0,0,1.02554,0.0791855,0.36288,3.6288,55.2537,0.688908,0,0,0.473352,0.275652,0,0.66528,12.849,1,0.740986,0.36288,0,19.3149,4.91591,14.0209,0.84672,12.849,0.84672,3695.15,0,36.966,0.42336,0.204422,2.18972,1.8868,1.3018,2.55579,0.42336,36.966,0.42336,423.524,0,0.924566,0,0,1.12899,0.204422,1.028160,1,0,16.5767,0,0,0,16.5767,0
40.6399,2.44342,0,0,1.38367,0.13503,0.36288,3.6288,54.6445,0.797425,0,0,0.418857,0.230634,0,0.66528,12.849,1,0.744014,0.36288,0,27.6022,4.49667,22.7244,0.84672,12.849,0.84672,3695.15,0,36.966,0.42336,0.204422,2.18977,1.99624,1.01657,2.9505,0.42336,36.966,0.42336,423.524,0,0.718088,0,0,0.92251,0.204422,1.028160,1,0,25.6749,0,0,0,25.6749,0
39.3156,2.42181,0,0,1.60055,0.140091,0.36288,3.6288,54.6244,0.543252,0,0,0.750799,0.227655,0,0.66528,12.849,1,0.765696,0.36288,0,31.8056,4.4373,26.9655,0.84672,12.849,0.84672,3695.15,0,36.966,0.3675,0.497958,2.0953,2.88761,1.00929,4.10408,0.42336,36.966,0.42336,423.524,0,1.02816,0,0,1.52612,0.497958,1.028160,1,0,31.0695,0,0,0,31.0695,0
37.9544,2.40242,0,0,1.54194,0.137926,0.36288,3.6288,54.5431,0.543196,0,0,0.689495,0.227625,0,0.66528,12.849,1,0.78515,0.36288,0,30.5041,4.4373,25.6446,0.84672,12.849,0.84672,3695.15,0,36.966,0.367597,0.454602,2.09534,2.47683,1.00929,3.64989,0.42336,36.966,0.42336,423.524,0,1.02816,0,0,1.48276,0.454602,1.028160,1,0,29.2944,0,0,0,29.2944,0
36.5912,2.38143,0,0,1.51695,0.135762,0.36288,3.6288,54.5609,0.542893,0,0,0.788217,0.227503,0,0.66528,12.849,1,0.806205,0.36288,0,29.7986,4.4373,24.918,0.84672,12.849,0.84672,3695.15,0,36.966,0.36794,0.755594,2.09539,2.80214,1.00929,4.27589,0.42336,36.966,0.42336,423.524,0,1.02816,0,0,1.78375,0.755594,1.028160,1,0,29.1938,0,0,0,29.1938,0
37.1842,2.29831,0,0,3.42633,0.17214,0.36288,3.6288,55.3788,0.489806,0,0,1.56033,0.252566,0,0.66528,12.849,1,0.807049,0.36288,0,117.987,4.6125,112.931,0.84672,12.849,0.84672,3695.15,0,36.966,0.331853,1.85422,2.09543,8.23601,1.16895,10.6849,0.42336,36.966,0.42336,423.524,0,1.02816,0,0,2.88238,1.85422,1.028160,1,0,123.616,0,0,0,123.616,0
38.4349,2.30792,0,0,4.11037,0.188883,0.36288,3.6288,56.1181,0.492768,0,0,1.496,0.263999,0,0.66528,12.849,1,0.7975,0.36288,0,60.9914,4.68258,55.8742,0.84672,12.849,0.84672,3695.15,0,36.966,0.328928,2.44262,2.01111,8.07996,1.23282,10.9719,0.42336,36.966,0.42336,423.524,0,1.02816,0,0,3.47078,2.44262,1.028160,1,0,66.8461,0,0,0,66.8461,0
39.4654,2.32742,0,0,3.9124,0.191674,0.36288,3.6288,57.4531,0.495403,0,0,2.09571,0.265281,0,0.66528,12.849,1,0.778067,0.36288,0,69.3524,4.68258,64.2546,0.84672,12.849,0.84672,3695.15,0,36.966,0.326331,4.04273,2.01115,9.79335,1.23282,14.2881,0.42336,36.966,0.42336,423.524,0,1.02816,0,0,5.07089,4.04273,1.028160,1,0,78.5427,0,0,0,78.5427,0
40.5525,2.34279,0,0,3.99021,0.197367,0.36288,3.6288,58.3268,0.500041,0,0,1.62935,0.255624,0,0.66528,12.849,1,0.762758,0.36288,0,81.4657,4.71468,76.3511,0.84672,12.849,0.84672,3695.15,0,36.966,0.321732,2.34199,2.0112,9.34356,1.19301,12.182,0.42336,36.966,0.42336,423.524,0,1.02816,0,0,3.37015,2.34199,1.028160,1,0,88.5331,0,0,0,88.5331,0
42.5984,2.38002,0,0,4.98546,0.196716,0.36288,3.6288,60.1756,0.48235,0,0,2.54342,0.21226,0,0.66528,12.849,1,0.754106,0.36288,0,83.4901,4.24904,78.8498,0.84672,12.849,0.84672,3695.15,0,36.966,0.305701,3.40387,2.01124,10.2546,1.05698,14.307,0.42336,36.966,0.42336,423.524,0,1.02816,0,0,4.43203,3.40387,1.028160,1,0,93.1568,0,0,0,93.1568,0
45.6613,2.4079,0,0,6.0449,0.211209,0.36288,3.6288,61.308,0.488191,0,0,3.33082,0.214296,1.49591,0.66528,12.849,1,0.726297,0.36288,0,99.2166,4.31518,94.538,0.84672,12.849,0.84672,3695.15,0,36.966,0.299897,4.23517,1.99054,16.2106,1.07694,21.0595,0.42336,36.966,0.42336,423.524,0,1.02816,0,0,5.26333,4.23517,1.028160,1,0,117.093,0,0,0,117.093,0
48.3943,2.44597,0,0,5.76358,0.221713,0.36288,3.6288,61.308,0.491671,0,0,2.95324,0.200711,2.26086,0.66528,12.849,1,0.688291,0.36288,0,193.485,4.15018,189.009,0.84672,12.849,0.84672,3695.15,0,36.966,0.296456,3.46165,1.99058,9.86956,1.03221,13.9931,0.42336,36.966,0.42336,423.524,0,1.02816,0,0,4.48981,3.46165,1.028160,1,0,205.263,0,0,0,205.263,0
50.6208,2.47674,0,0,5.29269,0.226592,0.36288,3.6288,61.308,0.491694,0,0,2.6451,0.180347,1.97306,0.66528,12.849,1,0.657589,0.36288,0,141.706,3.82094,137.591,0.84672,12.849,0.84672,3695.15,0,36.966,0.29647,2.88201,1.99062,8.3249,1.03238,11.8687,0.42336,36.966,0.42336,423.524,0,1.02816,0,0,3.91017,2.88201,1.028160,1,0,151.432,0,0,0,151.432,0
53.1697,2.49985,0,0,5.63973,0.228096,0.36288,3.6288,61.308,0.491718,0,0,2.68379,0.187331,2.00474,0.66528,12.849,1,0.634534,0.36288,0,102.396,3.85423,98.2702,0.84672,12.849,0.84672,3695.15,0,36.966,0.296484,3.35037,1.99066,9.9373,1.07719,13.9047,0.42336,36.966,0.42336,423.524,0,1.02816,0,0,4.37853,3.35037,1.028160,1,0,114.18,0,0,0,114.18,0
58.7522,2.60348,0,0,8.86841,0.31955,0.36288,3.6288,61.308,0.528377,0,0,3.14108,0.170781,2.44192,0.66528,12.849,1,0.629158,0.36288,0,206.521,3.74703,202.508,0.84672,12.849,0.84672,3695.15,0,36.966,0.318588,4.91303,1.99071,19.7447,0.889578,25.4403,0.42336,36.966,0.42336,423.524,0,1.02816,0,0,5.94119,4.91303,1.028160,1,0,230.39,0,0,0,230.39,0
64.915,2.65257,0,0,9.5161,0.337802,0.36288,3.6288,61.308,0.528394,0,0,3.19797,0.170781,2.49879,0.66528,12.849,1,0.580113,0.36288,0,203.224,3.74703,199.26,0.84672,12.849,0.84672,3695.15,0,36.966,0.318598,6.35094,2.05452,16.3168,0.889578,23.5141,0.42336,36.966,0.42336,423.524,0,1.02816,0,0,7.3791,6.35094,1.028160,1,0,225.273,0,0,0,225.273,0
68.1555,2.69858,0,0,6.65798,0.356074,0.36288,3.6288,61.308,0.52841,0,0,2.34083,0.170781,1.64164,0.66528,12.849,1,0.534146,0.36288,0,158.616,3.74703,154.697,0.84672,12.849,0.84672,3695.15,0,36.966,0.318608,3.40275,2.05455,10.3791,0.889578,14.6283,0.42336,36.966,0.42336,423.524,0,1.02816,0,0,4.43091,3.40275,1.028160,1,0,170.967,0,0,0,170.967,0
71.2049,2.71999,0,0,6.49769,0.365348,0.36288,3.6288,61.308,0.528427,0,0,1.41807,0.170781,0.718867,0.66528,12.849,1,0.512786,0.36288,0,125.375,3.74703,121.478,0.84672,12.849,0.84672,3695.15,0,36.966,0.318618,2.72176,2.05458,8.35142,0.889578,11.9196,0.42336,36.966,0.42336,423.524,0,1.02816,0,0,3.74992,2.72176,1.028160,1,0,134.117,0,0,0,134.117,0
72.2109,2.75409,0,0,4.51222,0.389334,0.36288,3.6288,61.308,0.55653,0,0,1.3566,0.167806,0.632265,0.66528,12.849,1,0.496979,0.36288,0,108.254,3.57303,104.547,0.84672,12.849,0.84672,3695.15,0,36.966,0.335563,1.72341,2.05461,9.22761,0.898925,11.7711,0.42336,36.966,0.42336,423.524,0,1.02816,0,0,2.75157,1.72341,1.028160,1,0,116.95,0,0,0,116.95,0
72.29,2.76001,0,0,4.25075,0.403863,1.00774,3.6288,61.308,0.556547,0,0,1.37126,0.165575,0.649141,0.66528,12.849,1,0.491108,1.00774,0,103.869,3.44253,100.943,0.84672,12.849,0.84672,3695.15,0,36.966,0.335573,1.23548,2.09284,10.375,0.905935,12.4618,0.42336,36.966,0.42336,423.524,0,1.02816,0,0,2.26364,1.23548,1.028160,1,0,114.054,0,0,0,114.054,0
72.0194,2.76051,0,0,3.25693,0.404105,0.36288,3.6288,61.308,0.556564,0,0,1.19406,0.165575,0.471918,0.66528,12.849,1,0.490659,0.36288,0,89.2987,3.44253,85.7284,0.84672,12.849,0.84672,3695.15,0,36.966,0.335583,0.775993,2.09287,9.59576,0.905935,11.2231,0.42336,36.966,0.42336,423.524,0,1.02816,0,0,1.80415,0.775993,1.028160,1,0,97.4234,0,0,0,97.4234,0
72.29,2.75898,0,0,6.51426,0.387724,3.09699,3.6288,61.308,0.55658,0,0,2.40227,0.198771,1.64691,0.66528,12.849,1,0.49223,3.09699,0,122.526,4.22877,120.902,0.84672,12.849,0.84672,3695.15,0,36.966,0.335593,3.02299,2.0929,13.7792,1.15191,17.4075,0.42336,36.966,0.42336,423.524,0,1.02816,0,0,4.05115,3.02299,1.028160,1,0,139.956,0,0,0,139.956,0
72.29,2.63094,0,0,5.5746,0.377443,2.56622,3.6288,61.308,0.481462,0,0,2.00667,0.219873,1.30534,0.66528,12.849,1,0.467629,2.56622,0,104.752,4.42983,102.421,0.84672,12.849,0.84672,3695.15,0,36.966,0.2903,3.30666,2.09293,12.6546,1.20286,16.561,0.42336,36.966,0.42336,423.524,0,1.02816,0,0,4.33482,3.30666,1.028160,1,0,120.287,0,0,0,120.287,0
72.29,2.63097,0,0,4.30714,0.371082,1.30509,3.6288,61.308,0.481478,0,0,1.10557,0.23155,0.392546,0.66528,12.849,1,0.467636,1.30509,0,81.4104,4.48234,77.7655,0.84672,12.849,0.84672,3695.15,0,36.966,0.29031,0.734564,1.97129,6.62931,1.21032,7.83453,0.42336,36.966,0.42336,423.524,0,1.02816,0,0,1.76272,0.734564,1.028160,1,0,85.9926,0,0,0,85.9926,0
72.29,2.63101,0,0,5.65201,0.364768,2.65623,3.6288,61.308,0.481494,0,0,1.54414,0.228366,0.834281,0.66528,12.849,1,0.467642,2.65623,0,92.372,4.49148,90.0691,0.84672,12.849,0.84672,3695.15,0,36.966,0.290319,1.46916,1.97132,10.7877,1.19318,12.7447,0.42336,36.966,0.42336,423.524,0,1.02816,0,0,2.49732,1.46916,1.028160,1,0,103.648,0,0,0,103.648,0
72.29,2.63105,0,0,6.44618,0.326882,3.48825,3.6288,61.308,0.481509,0,0,2.09516,0.209264,1.40438,0.66528,12.849,1,0.467649,3.48825,0,108.601,4.54629,107.076,0.84672,12.849,0.84672,3695.15,0,36.966,0.290329,5.44738,1.97135,11.3939,1.09031,17.432,0.42336,36.966,0.42336,423.524,0,1.02816,0,0,6.47554,5.44738,1.028160,1,0,125.912,0,0,0,125.912,0
72.29,2.63109,0,0,4.78667,0.32791,1.82768,3.6288,61.308,0.481525,0,0,1.39798,0.206048,0.710405,0.66528,12.849,1,0.467656,1.82768,0,83.1324,4.43754,80.0548,0.84672,12.849,0.84672,3695.15,0,36.966,0.290338,1.50111,1.97137,9.48439,1.09751,11.569,0.42336,36.966,0.42336,423.524,0,1.02816,0,0,2.52927,1.50111,1.028160,1,0,92.3343,0,0,0,92.3343,0
72.29,2.72726,0,0,4.88563,0.334079,1.82429,3.6288,61.308,0.526705,0,0,1.4351,0.186753,0.721638,0.66528,12.849,1,0.484749,1.82429,0,81.8208,3.78504,79.3753,0.84672,12.849,0.84672,3695.15,0,36.966,0.31758,1.8915,1.9714,10.7368,1.14071,13.1415,0.42336,36.966,0.42336,423.524,0,1.02816,0,0,2.91966,1.8915,1.028160,1,0,93.2384,0,0,0,93.2384,0
72.29,2.7273,0,0,4.47147,0.334079,1.41009,3.6288,61.308,0.526722,0,0,1.19701,0.186753,0.483537,0.66528,12.849,1,0.484756,1.41009,0,72.2995,3.78504,69.4398,0.84672,12.849,0.84672,3695.15,0,36.966,0.31759,1.61432,2.04858,6.9374,1.14071,9.142,0.42336,36.966,0.42336,423.524,0,1.02816,0,0,2.64248,1.61432,1.028160,1,0,79.0654,0,0,0,79.0654,0
72.29,2.72733,0,0,4.30871,0.298367,1.28301,3.6288,61.308,0.526738,0,0,1.14917,0.205783,0.416651,0.66528,12.849,1,0.484763,1.28301,0,64.4639,4.01772,61.2444,0.84672,12.849,0.84672,3695.15,0,36.966,0.3176,1.44052,2.04861,6.8205,1.18651,8.80552,0.42336,36.966,0.42336,423.524,0,1.02816,0,0,2.46868,1.44052,1.028160,1,0,70.4666,0,0,0,70.4666,0
72.29,2.72737,0,0,3.51823,0.270371,0.520481,3.6288,61.308,0.526754,0,0,0.956284,0.273838,0.155692,0.66528,12.849,1,0.48477,0.520481,0,55.4825,5.69433,49.8239,0.84672,12.849,0.84672,3695.15,0,36.966,0.31761,1.10508,2.04864,5.74335,1.38612,7.19335,0.42336,36.966,0.42336,423.524,0,1.02816,0,0,2.13324,1.10508,1.028160,1,0,57.173,0,0,0,57.173,0
72.29,2.68982,0,0,3.66388,0.216146,0.757912,3.6288,61.308,0.509228,0,0,0.843057,0.218449,0.115379,0.66528,12.849,1,0.478095,0.757912,0,56.9876,4.71936,52.5481,0.84672,12.849,0.84672,3695.15,0,36.966,0.307042,0.644302,2.04867,5.27625,1.26686,6.39531,0.42336,36.966,0.42336,423.524,0,1.02816,0,0,1.67246,0.644302,1.028160,1,0,59.0588,0,0,0,59.0588,0
72.29,2.68986,0,0,3.28669,0.207189,0.389643,3.6288,61.308,0.509245,0,0,0.913473,0.205632,0.198596,0.66528,12.849,1,0.478102,0.389643,0,53.8004,4.45673,49.2552,0.84672,12.849,0.84672,3695.15,0,36.966,0.307052,0.74755,2.01867,5.35003,1.23597,6.57323,0.42336,36.966,0.42336,423.524,0,1.02816,0,0,1.77571,0.74755,1.028160,1,0,56.0271,0,0,0,56.0271,0
71.9953,2.6899,0,0,2.96527,0.207189,0.36288,3.6288,61.308,0.540426,0,0,0.826597,0.205632,0.0805391,0.66528,12.849,1,0.478109,0.36288,0,49.7,4.45673,45.128,0.84672,12.849,0.84672,3695.15,0,36.966,0.325853,0.528595,2.0187,5.04992,1.23597,6.03539,0.42336,36.966,0.42336,423.524,0,0.978204,0,0,1.5068,0.528595,1.028160,1,0,51.2439,0,0,0,51.2439,0
72.2257,2.68827,0,0,3.47612,0.194589,0.36288,3.6288,61.308,0.509277,0,0,0.772978,0.211567,0.0521339,0.66528,12.849,1,0.479776,0.36288,0,53.9197,4.92458,48.8783,0.84672,12.849,0.84672,3695.15,0,36.966,0.307071,0.475433,2.01873,6.70965,1.25442,7.64233,0.42336,36.966,0.42336,423.524,0,1.02816,0,0,1.50359,0.475433,1.028160,1,0,56.5727,0,0,0,56.5727,0
71.9708,2.58133,0,0,2.87523,0.185944,0.36288,3.6288,61.308,0.469954,0,0,0.781453,0.220726,0.0907732,0.66528,12.849,1,0.45922,0.36288,0,49.195,5.65558,43.4431,0.84672,12.849,0.84672,3695.15,0,36.966,0.283361,0.546359,2.01876,5.11232,1.15926,6.23482,0.42336,36.966,0.42336,423.524,0,1.02816,0,0,1.57452,0.546359,1.028160,1,0,49.7687,0,0,0,49.7687,0
71.6455,2.57998,0,0,2.75198,0.134349,0.36288,3.6288,61.308,0.471306,0,0,0.773997,0.23772,0.0649709,0.66528,12.849,1,0.460606,0.36288,0,42.5477,5.48845,36.9615,0.84672,12.849,0.84672,3695.15,0,36.966,0.284177,0.402797,1.94617,4.7209,1.14837,5.63732,0.42336,36.966,0.42336,423.524,0,1.02602,0,0,1.42881,0.402797,1.028160,1,0,42.6638,0,0,0,42.6638,0
71.2032,2.57824,0,0,2.6328,0.134017,0.36288,3.6288,61.3055,0.504201,0,0,0.739446,0.23772,0,0.66528,12.849,1,0.462386,0.36288,0,39.193,5.48845,33.6051,0.84672,12.849,0.84672,3695.15,0,36.966,0.304011,0.402797,1.94619,4.56563,1.14837,5.46223,0.42336,36.966,0.42336,423.524,0,0.973313,0,0,1.37611,0.402797,1.028160,1,0,39.0673,0,0,0,39.0673,0
70.6519,2.57585,0,0,2.52097,0.133565,0.36288,3.6288,61.308,0.469993,0,0,0.75174,0.237716,0.0415552,0.66528,12.849,1,0.464826,0.36288,0,37.3939,5.48845,31.8035,0.84672,12.849,0.84672,3695.15,0,36.966,0.283397,0.514685,1.94622,4.34699,1.14837,5.37613,0.42336,36.966,0.42336,423.524,0,1.02816,0,0,1.54284,0.514685,1.028160,1,0,37.2212,0,0,0,37.2212,0
69.8525,2.57281,0,0,2.28567,0.149345,0.36288,3.6288,61.3042,0.470016,0,0,0.698596,0.232383,0,0.66528,12.849,1,0.467901,0.36288,0,35.0567,5.01206,29.9396,0.84672,12.849,0.84672,3695.15,0,36.966,0.283399,0.412957,1.94625,3.89008,1.1601,4.80579,0.42336,36.966,0.42336,423.524,0,1.02816,0,0,1.44112,0.412957,1.028160,1,0,34.7454,0,0,0,34.7454,0
68.8171,2.54533,0,0,1.9498,0.0769682,0.36288,3.6288,61.218,0.501353,0,0,0.661573,0.246439,0,0.66528,12.849,1,0.468199,0.36288,0,32.6152,5.11518,27.3947,0.84672,12.849,0.84672,3695.15,0,36.966,0.302312,0.329184,1.94628,3.39884,1.1162,4.25578,0.42336,36.966,0.42336,423.524,0,1.02816,0,0,1.35734,0.329184,1.028160,1,0,31.6505,0,0,0,31.6505,0
67.7796,2.53942,0,0,1.9411,0.0763522,0.36288,3.6288,61.1071,0.501103,0,0,0.636492,0.246305,0,0.66528,12.849,1,0.474142,0.36288,0,30.7751,5.11518,25.5486,0.84672,12.849,0.84672,3695.15,0,36.966,0.302587,0.360901,1.98,3.59891,1.1162,4.52103,0.42336,36.966,0.42336,423.524,0,1.02816,0,0,1.38906,0.360901,1.028160,1,0,30.0697,0,0,0,30.0697,0
66.6683,2.53336,0,0,1.84687,0.0618737,0.36288,3.6288,60.9582,0.500777,0,0,0.621346,0.269419,0,0.66528,12.849,1,0.48025,0.36288,0,29.0075,5.44094,23.4492,0.84672,12.849,0.84672,3695.15,0,36.966,0.302939,0.341963,1.98003,3.49848,1.22645,4.29108,0.42336,36.966,0.42336,423.524,0,1.02816,0,0,1.37012,0.341963,1.028160,1,0,27.7403,0,0,0,27.7403,0
65.3335,2.52668,0,0,1.59813,0.0434076,0.36288,3.6288,60.7389,0.509062,0,0,0.584633,0.294839,0,0.66528,12.849,1,0.486968,0.36288,0,27.0619,6.14647,20.7914,0.84672,12.849,0.84672,3695.15,0,36.966,0.308703,0.261274,1.98006,3.49409,1.47404,3.95267,0.42336,36.966,0.42336,423.524,0,1.01414,0,0,1.27541,0.261274,1.028160,1,0,24.7441,0,0,0,24.7441,0
64.1918,2.57718,0,0,1.84602,0.0476125,0.36288,3.6288,60.6146,0.527496,0,0,0.702432,0.299257,0,0.66528,12.849,1,0.506848,0.36288,0,28.6875,5.95012,22.5934,0.84672,12.849,0.84672,3695.15,0,36.966,0.321036,0.315351,1.98009,3.5953,1.49389,4.07582,0.42336,36.966,0.42336,423.524,0,1.02816,0,0,1.34351,0.315351,1.028160,1,0,26.6692,0,0,0,26.6692,0
63.1281,2.5697,0,0,1.9178,0.0489097,0.36288,3.6288,60.5348,0.527103,0,0,0.749866,0.302551,0,0.66528,12.849,1,0.514366,0.36288,0,28.2278,5.79022,22.2861,0.84672,12.849,0.84672,3695.15,0,36.966,0.321455,0.354421,2.02788,3.73657,1.47164,4.32577,0.42336,36.966,0.42336,423.524,0,1.02816,0,0,1.38258,0.354421,1.028160,1,0,26.6119,0,0,0,26.6119,0
61.8526,2.56254,0,0,1.69834,0.0484892,0.36288,3.6288,60.4083,0.528305,0,0,0.70416,0.302397,0,0.66528,12.849,1,0.521575,0.36288,0,26.5959,5.79022,20.647,0.84672,12.849,0.84672,3695.15,0,36.966,0.322613,0.261274,2.02791,3.7002,1.47164,4.19512,0.42336,36.966,0.42336,423.524,0,1.02583,0,0,1.2871,0.261274,1.028160,1,0,24.8421,0,0,0,24.8421,0
60.4308,2.55367,0,0,1.54277,0.0479848,0.36288,3.6288,60.2327,0.558475,0,0,0.685074,0.302154,0,0.66528,12.849,1,0.530489,0.36288,0,25.0356,5.79022,19.0778,0.84672,12.849,0.84672,3695.15,0,36.966,0.341751,0.227405,2.02794,3.5681,1.47164,4.01005,0.42336,36.966,0.42336,423.524,0,0.976545,0,0,1.20395,0.227405,1.028160,1,0,23.0878,0,0,0,23.0878,0
58.8137,2.71328,0,0,1.49666,0.0376076,0.36288,3.6288,59.9841,0.630363,0,0,0.692859,0.311122,0,0.66528,12.849,1,0.576906,0.36288,0,23.9281,5.97373,17.7404,0.84672,12.849,0.84672,3695.15,0,36.966,0.386866,0.227405,2.02796,4.04121,1.5154,4.39432,0.42336,36.966,0.42336,423.524,0,1.02115,0,0,1.24856,0.227405,1.028160,1,0,22.1347,0,0,0,22.1347,0
57.497,2.70029,0,0,1.79274,0.0462808,0.36288,3.6288,59.7182,0.625053,0,0,0.677454,0.318319,0,0.66528,12.849,1,0.589932,0.36288,0,24.6008,5.84787,18.5258,0.84672,12.849,0.84672,3695.15,0,36.966,0.385197,0.395971,2.19143,4.30885,1.5719,4.93916,0.42336,36.966,0.42336,423.524,0,1.02816,0,0,1.42413,0.395971,1.028160,1,0,23.465,0,0,0,23.465,0
56.3081,2.68929,0,0,1.90901,0.0456913,0.36288,3.6288,59.6097,0.624011,0,0,0.833302,0.31778,0,0.66528,12.849,1,0.600983,0.36288,0,31.3052,5.84787,25.2193,0.84672,12.849,0.84672,3695.15,0,36.966,0.386268,0.727108,2.19146,4.81283,1.5719,5.77324,0.42336,36.966,0.42336,423.524,0,1.02816,0,0,1.75527,0.727108,1.028160,1,0,30.9925,0,0,0,30.9925,0
54.7916,2.679,0,0,1.57054,0.0451591,0.36288,3.6288,59.2551,0.643935,0,0,0.606887,0.317559,0,0.66528,12.849,1,0.611323,0.36288,0,28.6807,5.84787,22.5843,0.84672,12.849,0.84672,3695.15,0,36.966,0.399326,0.204422,2.19149,3.94192,1.5719,4.36661,0.42336,36.966,0.42336,423.524,0,0.995207,0,0,1.19963,0.204422,1.028160,1,0,26.951,0,0,0,26.951,0
53.6761,2.66533,0,0,1.95715,0.0444802,0.36288,3.6288,59.3674,0.622187,0,0,1.05131,0.31684,0,0.66528,12.849,1,0.625037,0.36288,0,27.9567,5.84787,21.8467,0.84672,12.849,0.84672,3695.15,0,36.966,0.388149,1.34249,2.19153,6.14807,1.5719,7.72203,0.42336,36.966,0.42336,423.524,0,1.02816,0,0,2.37065,1.34249,1.028160,1,0,29.5687,0,0,0,29.5687,0
53.8942,2.57388,0,0,3.21025,0.0554078,0.36288,3.6288,59.3752,0.562212,0,0,0.841691,0.271698,0,0.66528,12.849,1,0.616136,0.36288,0,38.6249,4.78076,33.5909,0.84672,12.849,0.84672,3695.15,0,36.966,0.35007,1.44721,2.19156,6.78612,1.35066,8.72415,0.42336,36.966,0.42336,423.524,0,1.02816,0,0,2.47537,1.44721,1.028160,1,0,42.3151,0,0,0,42.3151,0
53.8994,2.57593,0,0,2.99956,0.0555308,0.36288,3.6288,59.7995,0.562257,0,0,1.25836,0.271712,0,0.66528,12.849,1,0.614132,0.36288,0,33.1135,4.78076,28.0815,0.84672,12.849,0.84672,3695.15,0,36.966,0.350052,3.08791,2.09699,7.82853,1.35066,11.3127,0.42336,36.966,0.42336,423.524,0,1.02816,0,0,4.11607,3.08791,1.028160,1,0,39.3942,0,0,0,39.3942,0
53.5516,2.57601,0,0,2.64667,0.0555337,0.36288,3.6288,59.6936,0.563809,0,0,0.730305,0.27245,0,0.66528,12.849,1,0.614092,0.36288,0,33.918,4.78076,28.886,0.84672,12.849,0.84672,3695.15,0,36.966,0.348527,1.55603,2.09702,6.01291,1.35066,7.96678,0.42336,36.966,0.42336,423.524,0,1.02816,0,0,2.58419,1.55603,1.028160,1,0,36.8528,0,0,0,36.8528,0
52.7477,2.57283,0,0,2.18709,0.0553376,0.36288,3.6288,59.5013,0.563444,0,0,0.643378,0.272265,0,0.66528,12.849,1,0.617317,0.36288,0,31.3164,4.78076,26.2812,0.84672,12.849,0.84672,3695.15,0,36.966,0.34892,1.26964,2.09705,5.5685,1.35066,7.23561,0.42336,36.966,0.42336,423.524,0,1.02816,0,0,2.2978,1.26964,1.028160,1,0,33.5168,0,0,0,33.5168,0
52.0531,2.49904,0,0,2.31062,0.143248,0.36288,3.6288,59.311,0.507694,0,0,0.553354,0.235927,0,0.66528,12.849,1,0.608749,0.36288,0,31.6645,4.14935,27.2693,0.84672,12.849,0.84672,3695.15,0,36.966,0.315412,0.830166,2.09708,6.32206,1.10105,7.83285,0.42336,36.966,0.42336,423.524,0,1.02816,0,0,1.85833,0.830166,1.028160,1,0,35.1021,0,0,0,35.1021,0
50.4159,2.49256,0,0,1.39746,0.179259,0.36288,3.6288,58.836,0.588853,0,0,0.348691,0.234867,0,0.66528,12.849,1,0.615273,0.36288,0,22.6752,4.03914,18.3837,0.84672,12.849,0.84672,3695.15,0,36.966,0.367007,0.216518,2.01269,5.51191,1.02741,6.3467,0.42336,36.966,0.42336,423.524,0,0.895432,0,0,1.11195,0.216518,1.028160,1,0,24.7304,0,0,0,24.7304,0
49.5037,2.47667,0,0,2.10353,0.176222,0.36288,3.6288,58.9407,0.505536,0,0,0.844412,0.234153,0,0.66528,12.849,1,0.631204,0.36288,0,35.359,4.03914,31.0516,0.84672,12.849,0.84672,3695.15,0,36.966,0.317623,2.18566,2.01272,11.1766,1.02741,14.03,0.42336,36.966,0.42336,423.524,0,1.02816,0,0,3.21382,2.18566,1.028160,1,0,45.0815,0,0,0,45.0815,0
51.5913,2.46747,0,0,5.09256,0.174529,0.36288,3.6288,60.0922,0.505899,0,0,1.89172,0.23431,0,0.66528,12.849,1,0.640448,0.36288,0,92.6639,4.03914,88.3472,0.84672,12.849,0.84672,3695.15,0,36.966,0.317286,4.02883,2.01274,16.9078,1.02741,21.6047,0.42336,36.966,0.42336,423.524,0,1.02816,0,0,5.05699,4.02883,1.028160,1,0,109.952,0,0,0,109.952,0
51.2121,2.5111,0,0,2.71774,0.222972,0.36288,3.6288,60.844,0.488761,0,0,1.43534,0.194796,0,0.66528,12.849,1,0.625399,0.36288,0,44.1048,3.20628,40.636,0.84672,12.849,0.84672,3695.15,0,36.966,0.300664,1.97268,2.01277,10.2648,0.756844,13.1928,0.42336,36.966,0.42336,423.524,0,1.02816,0,0,3.00084,1.97268,1.028160,1,0,53.8288,0,0,0,53.8288,0
51.0975,2.50743,0,0,2.99931,0.243627,0.36288,3.6288,61.308,0.491088,0,0,2.761,0.205324,1.60056,0.66528,12.849,1,0.629109,0.36288,0,39.2602,3.57833,35.4156,0.84672,12.849,0.84672,3695.15,0,36.966,0.298362,4.10174,1.99205,11.39,0.85966,16.3258,0.42336,36.966,0.42336,423.524,0,1.02816,0,0,5.1299,4.10174,1.028160,1,0,53.342,0,0,0,53.342,0
53.1411,2.50634,0,0,5.16735,0.254494,0.36288,3.6288,61.308,0.492513,0,0,3.13308,0.196795,2.44377,0.66528,12.849,1,0.630246,0.36288,0,58.4105,3.91871,54.2245,0.84672,12.849,0.84672,3695.15,0,36.966,0.296963,4.60069,1.99207,19.9313,1.06773,25.1593,0.42336,36.966,0.42336,423.524,0,1.02816,0,0,5.62885,4.60069,1.028160,1,0,81.8276,0,0,0,81.8276,0
56.2562,2.5259,0,0,6.26383,0.259931,0.36288,3.6288,61.308,0.492528,0,0,3.39847,0.196795,2.70914,0.66528,12.849,1,0.610737,0.36288,0,87.0632,3.91871,82.8966,0.84672,12.849,0.84672,3695.15,0,36.966,0.296973,4.39147,1.9921,26.0261,1.06773,31.045,0.42336,36.966,0.42336,423.524,0,1.02816,0,0,5.41963,4.39147,1.028160,1,0,116.651,0,0,0,116.651,0
58.4061,2.55346,0,0,5.3344,0.268218,0.36288,3.6288,61.308,0.492544,0,0,3.19759,0.196795,2.50825,0.66528,12.849,1,0.583214,0.36288,0,84.3817,3.91871,80.2427,0.84672,12.849,0.84672,3695.15,0,36.966,0.296982,3.30046,1.99213,19.7732,1.06773,23.7011,0.42336,36.966,0.42336,423.524,0,1.02816,0,0,4.32862,3.30046,1.028160,1,0,106.452,0,0,0,106.452,0
61.2135,2.57106,0,0,6.01813,0.276754,0.36288,3.6288,61.308,0.492544,0,0,1.56708,0.193252,0.881284,0.66528,12.849,1,0.565618,0.36288,0,81.1788,3.68363,77.2925,0.84672,12.849,0.84672,3695.15,0,36.966,0.296982,2.58642,1.99216,13.2767,0.82815,16.7302,0.42336,36.966,0.42336,423.524,0,1.02816,0,0,3.61458,2.58642,1.028160,1,0,94.904,0,0,0,94.904,0
66.1108,2.67375,0,0,8.22784,0.293888,0.36288,3.6288,61.308,0.529223,0,0,1.52969,0.229975,0.770487,0.66528,12.849,1,0.561232,0.36288,0,143.344,4.70117,138.444,0.84672,12.849,0.84672,3695.15,0,36.966,0.319098,2.96015,1.99216,14.453,1.12724,17.959,0.42336,36.966,0.42336,423.524,0,1.02816,0,0,3.98831,2.96015,1.028160,1,0,157.174,0,0,0,157.174,0
72.29,2.70858,0,0,9.8045,0.30581,0.610954,3.6288,61.308,0.529232,0,0,2.79489,0.229975,2.03569,0.66528,12.849,1,0.526426,0.610954,0,162.699,4.70117,158.082,0.84672,12.849,0.84672,3695.15,0,36.966,0.319103,4.95024,2.056,20.5569,1.12724,26.1168,0.42336,36.966,0.42336,423.524,0,1.02816,0,0,5.9784,4.95024,1.028160,1,0,186.235,0,0,0,186.235,0
72.29,2.7468,0,0,9.66686,0.320854,6.59921,3.6288,61.308,0.529241,0,0,3.83098,0.229975,3.07176,0.66528,12.849,1,0.488223,6.59921,0,310.709,4.70117,312.119,0.84672,12.849,0.84672,3695.15,0,36.966,0.319109,5.90242,2.05602,22.4013,1.12724,28.9134,0.42336,36.966,0.42336,423.524,0,1.02816,0,0,6.93058,5.90242,1.028160,1,0,344.104,0,0,0,344.104,0
72.29,2.74682,0,0,8.01075,0.328615,4.93531,3.6288,61.308,0.52925,0,0,2.37428,0.204884,1.64015,0.66528,12.849,1,0.488227,4.93531,0,214.853,4.26138,215.038,0.84672,12.849,0.84672,3695.15,0,36.966,0.319114,4.04448,2.05604,16.084,1.06735,20.798,0.42336,36.966,0.42336,423.524,0,1.02816,0,0,5.07264,4.04448,1.028160,1,0,237.476,0,0,0,237.476,0
72.29,2.76235,0,0,21.4872,0.338964,18.3858,3.6288,61.308,0.557365,0,0,5.06748,0.171429,4.33869,0.66528,12.849,1,0.490987,18.3858,0,289.784,3.675,304.004,0.84672,12.849,0.84672,3695.15,0,36.966,0.336066,8.54531,2.05605,39.8333,0.9875,49.1111,0.42336,36.966,0.42336,423.524,0,1.02816,0,0,9.57347,8.54531,1.028160,1,0,357.454,0,0,0,357.454,0
72.29,2.76237,0,0,8.51005,0.338964,5.40872,3.6288,61.308,0.557374,0,0,2.43421,0.171429,1.7054,0.66528,12.849,1,0.490991,5.40872,0,341.033,3.675,342.276,0.84672,12.849,0.84672,3695.15,0,36.966,0.336072,4.06804,2.0943,17.4192,0.9875,22.258,0.42336,36.966,0.42336,423.524,0,1.02816,0,0,5.0962,4.06804,1.028160,1,0,366.239,0,0,0,366.239,0
72.29,2.76239,0,0,6.54126,0.345472,3.43339,3.6288,61.308,0.557383,0,0,2.04146,0.219649,1.26443,0.66528,12.849,1,0.490994,3.43339,0,179.268,4.25267,177.958,0.84672,12.849,0.84672,3695.15,0,36.966,0.336077,3.46264,2.09431,14.5449,1.08735,18.6784,0.42336,36.966,0.42336,423.524,0,1.02816,0,0,4.4908,3.46264,1.028160,1,0,197.901,0,0,0,197.901,0
72.29,2.76241,0,0,6.54031,0.361468,3.41643,3.6288,61.308,0.557392,0,0,2.98776,0.223381,2.20698,0.66528,12.849,1,0.490998,3.41643,0,170.367,4.11186,169.181,0.84672,12.849,0.84672,3695.15,0,36.966,0.336083,4.82459,2.09433,18.5919,1.02175,24.153,0.42336,36.966,0.42336,423.524,0,1.02816,0,0,5.85275,4.82459,1.028160,1,0,195.541,0,0,0,195.541,0
72.29,2.6327,0,0,6.08304,0.341436,3.1089,3.6288,61.308,0.482216,0,0,2.25911,0.178208,1.59869,0.66528,12.849,1,0.467943,3.1089,0,158.028,3.34137,157.328,0.84672,12.849,0.84672,3695.15,0,36.966,0.290755,4.04737,2.09434,16.1605,0.840796,21.1707,0.42336,36.966,0.42336,423.524,0,1.02816,0,0,5.07553,4.04737,1.028160,1,0,180.097,0,0,0,180.097,0
72.29,2.63272,0,0,4.98828,0.331645,2.02391,3.6288,61.308,0.482224,0,0,2.08998,0.184755,1.423,0.66528,12.849,1,0.467947,2.02391,0,120.446,3.3936,118.608,0.84672,12.849,0.84672,3695.15,0,36.966,0.29076,3.25436,1.97261,13.4412,0.837575,17.5399,0.42336,36.966,0.42336,423.524,0,1.02816,0,0,4.28252,3.25436,1.028160,1,0,137.571,0,0,0,137.571,0
72.29,2.63274,0,0,4.53203,0.331645,1.56765,3.6288,61.308,0.482232,0,0,1.85284,0.184755,1.18585,0.66528,12.849,1,0.46795,1.56765,0,107.929,3.3936,105.635,0.84672,12.849,0.84672,3695.15,0,36.966,0.290765,3.66808,1.97263,12.5814,0.837575,17.0938,0.42336,36.966,0.42336,423.524,0,1.02816,0,0,4.69624,3.66808,1.028160,1,0,123.915,0,0,0,123.915,0
72.29,2.54459,0,0,6.6659,0.331645,3.78966,3.6288,61.308,0.444609,0,0,2.26363,0.184755,1.63426,0.66528,12.849,1,0.452282,3.78966,0,146.699,3.3936,146.642,0.84672,12.849,0.84672,3695.15,0,36.966,0.26808,4.19901,1.97264,17.7348,0.837575,22.8008,0.42336,36.966,0.42336,423.524,0,1.02816,0,0,5.22717,4.19901,1.028160,1,0,171.077,0,0,0,171.077,0
72.29,2.41235,0,0,6.35,0.346917,3.59073,3.6288,61.308,0.38817,0,0,2.87523,0.184932,2.30213,0.66528,12.849,1,0.428777,3.59073,0,174.444,3.2844,174.322,0.84672,12.849,0.84672,3695.15,0,36.966,0.234049,6.12115,1.90659,20.3528,0.882297,27.2642,0.42336,36.966,0.42336,423.524,0,1.02816,0,0,7.14931,6.12115,1.028160,1,0,203.888,0,0,0,203.888,0
72.29,2.50051,0,0,7.178,0.346917,4.33057,3.6288,61.308,0.429587,0,0,2.83996,0.184932,2.22544,0.66528,12.849,1,0.444447,4.33057,0,180.274,3.2844,180.876,0.84672,12.849,0.84672,3695.15,0,36.966,0.259022,5.20825,1.80751,19.601,0.882297,25.4754,0.42336,36.966,0.42336,423.524,0,1.02816,0,0,6.23641,5.20825,1.028160,1,0,208.577,0,0,0,208.577,0
72.29,2.50053,0,0,5.80891,0.339372,2.96901,3.6288,61.308,0.429595,0,0,2.48935,0.184099,1.87565,0.66528,12.849,1,0.44445,2.96901,0,132.516,3.33382,131.707,0.84672,12.849,0.84672,3695.15,0,36.966,0.259027,5.52004,1.87826,14.2818,0.885511,20.5356,0.42336,36.966,0.42336,423.524,0,1.02816,0,0,6.5482,5.52004,1.028160,1,0,154.118,0,0,0,154.118,0
72.29,2.50055,0,0,4.62084,0.294105,1.82619,3.6288,61.308,0.429603,0,0,1.74226,0.179104,1.13355,0.66528,12.849,1,0.444454,1.82619,0,122.516,3.63037,120.267,0.84672,12.849,0.84672,3695.15,0,36.966,0.259031,3.21038,1.87827,10.1348,0.904794,14.0596,0.42336,36.966,0.42336,423.524,0,1.02816,0,0,4.23854,3.21038,1.028160,1,0,135.461,0,0,0,135.461,0
72.29,2.68336,0,0,4.95811,0.245573,2.02917,3.6288,61.308,0.507904,0,0,1.84058,0.202973,1.1297,0.66528,12.849,1,0.476947,2.02917,0,120.012,4.26795,117.296,0.84672,12.849,0.84672,3695.15,0,36.966,0.306244,3.82162,1.87829,11.9837,1.00028,16.3771,0.42336,36.966,0.42336,423.524,0,1.02816,0,0,4.84978,3.82162,1.028160,1,0,134.803,0,0,0,134.803,0
72.29,2.6464,0,0,4.94357,0.226161,2.07101,3.6288,61.308,0.490653,0,0,1.79417,0.21252,1.09099,0.66528,12.849,1,0.470377,2.07101,0,115.732,4.52298,112.81,0.84672,12.849,0.84672,3695.15,0,36.966,0.295842,3.56708,2.01561,11.4642,1.03847,15.7125,0.42336,36.966,0.42336,423.524,0,1.02816,0,0,4.59524,3.56708,1.028160,1,0,129.613,0,0,0,129.613,0
72.29,2.64642,0,0,4.63266,0.226161,1.76009,3.6288,61.308,0.490662,0,0,1.6683,0.21252,0.965116,0.66528,12.849,1,0.470381,1.76009,0,104.559,4.52298,101.325,0.84672,12.849,0.84672,3695.15,0,36.966,0.295847,2.93998,1.98609,10.4212,1.03847,14.013,0.42336,36.966,0.42336,423.524,0,1.02816,0,0,3.96814,2.93998,1.028160,1,0,116.304,0,0,0,116.304,0
72.29,2.69151,0,0,4.21709,0.202667,1.32291,3.6288,61.308,0.50995,0,0,1.53583,0.229083,0.796796,0.66528,12.849,1,0.478395,1.32291,0,95.4444,4.80091,91.488,0.84672,12.849,0.84672,3695.15,0,36.966,0.307477,2.77072,1.9861,9.03252,1.06814,12.4137,0.42336,36.966,0.42336,423.524,0,1.02816,0,0,3.79888,2.77072,1.028160,1,0,104.698,0,0,0,104.698,0
72.29,2.69153,0,0,4.07072,0.191299,1.18789,3.6288,61.308,0.509959,0,0,1.41933,0.219058,0.69031,0.66528,12.849,1,0.478399,1.18789,0,85.0271,4.3513,81.3853,0.84672,12.849,0.84672,3695.15,0,36.966,0.307482,3.04771,2.01994,9.57416,0.953735,13.3806,0.42336,36.966,0.42336,423.524,0,1.02816,0,0,4.07587,3.04771,1.028160,1,0,95.4562,0,0,0,95.4562,0
72.29,2.58319,0,0,3.9127,0.165633,1.16388,3.6288,61.308,0.470605,0,0,1.3755,0.169779,0.735112,0.66528,12.849,1,0.459142,1.16388,0,81.2592,3.95808,78.0059,0.84672,12.849,0.84672,3695.15,0,36.966,0.283754,2.79403,2.01996,9.48421,0.909739,13.1047,0.42336,36.966,0.42336,423.524,0,1.02816,0,0,3.82219,2.79403,1.028160,1,0,91.8457,0,0,0,91.8457,0
72.29,2.5832,0,0,3.71018,0.165633,0.961342,3.6288,61.308,0.470613,0,0,1.1432,0.169779,0.502809,0.66528,12.849,1,0.459145,0.961342,0,74.4414,3.95808,70.9855,0.84672,12.849,0.84672,3695.15,0,36.966,0.283759,2.21258,1.94731,8.76735,0.909739,11.7337,0.42336,36.966,0.42336,423.524,0,1.02816,0,0,3.24074,2.21258,1.028160,1,0,83.222,0,0,0,83.222,0
72.29,2.58322,0,0,3.48517,0.155109,0.746836,3.6288,61.308,0.470622,0,0,1.09324,0.184775,0.43784,0.66528,12.849,1,0.459149,0.746836,0,67.4922,4.16181,63.6181,0.84672,12.849,0.84672,3695.15,0,36.966,0.283764,1.77018,1.94732,7.43774,0.964292,9.90719,0.42336,36.966,0.42336,423.524,0,1.02816,0,0,2.79834,1.77018,1.028160,1,0,73.9631,0,0,0,73.9631,0
72.29,2.58324,0,0,3.2522,0.0919599,0.576996,3.6288,61.308,0.47063,0,0,1.03378,0.274746,0.2884,0.66528,12.849,1,0.459152,0.576996,0,64.9521,5.38419,59.6857,0.84672,12.849,0.84672,3695.15,0,36.966,0.283769,1.56208,1.94734,6.8434,1.29162,8.77743,0.42336,36.966,0.42336,423.524,0,1.02816,0,0,2.59024,1.56208,1.028160,1,0,68.7515,0,0,0,68.7515,0
71.9521,2.58326,0,0,2.70844,0.10022,0.36288,3.6288,61.308,0.470638,0,0,0.933647,0.244661,0.218347,0.66528,12.849,1,0.459155,0.36288,0,49.3143,4.73287,44.4851,0.84672,12.849,0.84672,3695.15,0,36.966,0.283774,0.968941,1.94735,4.81711,1.1956,6.25403,0.42336,36.966,0.42336,423.524,0,1.02816,0,0,1.9971,0.968941,1.028160,1,0,50.9575,0,0,0,50.9575,0
71.4561,2.55833,0,0,2.52518,0.0999631,0.36288,3.6288,61.308,0.501997,0,0,0.897108,0.244661,0.15045,0.66528,12.849,1,0.45686,0.36288,0,48.6621,4.73287,43.8353,0.84672,12.849,0.84672,3695.15,0,36.966,0.302682,0.888477,1.94736,4.92223,1.1956,6.2598,0.42336,36.966,0.42336,423.524,0,1.02816,0,0,1.91664,0.888477,1.028160,1,0,50.2455,0,0,0,50.2455,0
70.7254,2.55566,0,0,2.28745,0.0995859,0.36288,3.6288,61.308,0.502005,0,0,0.857244,0.244661,0.110577,0.66528,12.849,1,0.459551,0.36288,0,47.8224,4.73287,42.9929,0.84672,12.849,0.84672,3695.15,0,36.966,0.302687,0.793213,1.9811,4.65006,1.1956,5.92608,0.42336,36.966,0.42336,423.524,0,1.02816,0,0,1.82137,0.793213,1.028160,1,0,49.0295,0,0,0,49.0295,0
69.7993,2.55166,0,0,2.08274,0.0943271,0.36288,3.6288,61.308,0.502014,0,0,0.810717,0.255631,0.0530725,0.66528,12.849,1,0.463572,0.36288,0,42.0975,4.87403,37.1228,0.84672,12.849,0.84672,3695.15,0,36.966,0.302692,0.619237,1.98111,4.51324,1.24712,5.56378,0.42336,36.966,0.42336,423.524,0,1.02816,0,0,1.6474,0.619237,1.028160,1,0,42.7397,0,0,0,42.7397,0
68.8768,2.54649,0,0,2.06041,0.0735075,0.36288,3.6288,61.291,0.502023,0,0,0.796371,0.311308,0,0.66528,12.849,1,0.468771,0.36288,0,38.7274,5.75939,32.8621,0.84672,12.849,0.84672,3695.15,0,36.966,0.302697,0.626538,1.98113,4.04826,1.53607,4.81716,0.42336,36.966,0.42336,423.524,0,1.02816,0,0,1.6547,0.626538,1.028160,1,0,37.6793,0,0,0,37.6793,0
67.8592,2.60052,0,0,2.02468,0.0788435,0.36288,3.6288,61.1249,0.529917,0,0,0.667431,0.303673,0,0.66528,12.849,1,0.485129,0.36288,0,49.6524,5.78823,43.742,0.84672,12.849,0.84672,3695.15,0,36.966,0.319605,0.598268,1.98114,3.99896,1.52093,4.73784,0.42336,36.966,0.42336,423.524,0,1.02816,0,0,1.62643,0.598268,1.028160,1,0,48.4798,0,0,0,48.4798,0
66.7195,2.59443,0,0,1.89582,0.0782186,0.36288,3.6288,60.9128,0.529384,0,0,0.620687,0.303354,0,0.66528,12.849,1,0.491249,0.36288,0,39.8663,5.78823,33.9497,0.84672,12.849,0.84672,3695.15,0,36.966,0.320151,0.568123,2.02895,3.60474,1.52093,4.36073,0.42336,36.966,0.42336,423.524,0,1.02816,0,0,1.59628,0.568123,1.028160,1,0,38.3104,0,0,0,38.3104,0
65.4178,2.58741,0,0,1.72608,0.0775186,0.36288,3.6288,60.6705,0.528699,0,0,0.589267,0.302947,0,0.66528,12.849,1,0.498289,0.36288,0,36.3328,5.78823,30.4091,0.84672,12.849,0.84672,3695.15,0,36.966,0.32085,0.322497,2.02896,3.36241,1.52093,3.87209,0.42336,36.966,0.42336,423.524,0,1.02816,0,0,1.35066,0.322497,1.028160,1,0,34.2812,0,0,0,34.2812,0
64.3409,2.57914,0,0,1.93495,0.0697968,0.36288,3.6288,60.565,0.527912,0,0,0.714854,0.292438,0,0.66528,12.849,1,0.506581,0.36288,0,37.0944,5.92625,31.0244,0.84672,12.849,0.84672,3695.15,0,36.966,0.321652,0.907546,2.02898,4.95914,1.55703,6.01697,0.42336,36.966,0.42336,423.524,0,1.02816,0,0,1.93571,0.907546,1.028160,1,0,37.0414,0,0,0,37.0414,0
62.4318,2.74387,0,0,1.2916,0.0940102,0.36288,3.6288,60.2087,0.627964,0,0,0.546811,0.275151,0,0.66528,12.849,1,0.547956,0.36288,0,30.9016,5.76387,24.9526,0.84672,12.849,0.84672,3695.15,0,36.966,0.383279,0.802976,2.02899,3.62403,1.5155,4.55722,0.42336,36.966,0.42336,423.524,0,1.02816,0,0,1.83114,0.802976,1.028160,1,0,29.5098,0,0,0,29.5098,0
60.468,2.73,0,0,1.22163,0.092561,0.36288,3.6288,59.8105,0.626568,0,0,0.502923,0.274528,0,0.66528,12.849,1,0.561857,0.36288,0,27.7714,5.76387,21.8085,0.84672,12.849,0.84672,3695.15,0,36.966,0.384691,0.688634,2.19253,3.5829,1.5155,4.56387,0.42336,36.966,0.42336,423.524,0,1.02816,0,0,1.71679,0.688634,1.028160,1,0,26.3724,0,0,0,26.3724,0
58.9861,2.71497,0,0,1.687,0.0910702,0.36288,3.6288,59.4686,0.624994,0,0,0.556977,0.273832,0,0.66528,12.849,1,0.576911,0.36288,0,29.7888,5.76387,23.8109,0.84672,12.849,0.84672,3695.15,0,36.966,0.386279,0.920151,2.19255,3.99414,1.5155,5.20507,0.42336,36.966,0.42336,423.524,0,1.02816,0,0,1.94831,0.920151,1.028160,1,0,29.016,0,0,0,29.016,0
58.2612,2.70309,0,0,2.45614,0.115008,0.36288,3.6288,59.3205,0.623635,0,0,0.741407,0.26595,0,0.66528,12.849,1,0.588817,0.36288,0,49.7084,5.62395,43.8585,0.84672,12.849,0.84672,3695.15,0,36.966,0.387654,1.16377,2.19256,4.44175,1.49314,5.9173,0.42336,36.966,0.42336,423.524,0,1.02816,0,0,2.19193,1.16377,1.028160,1,0,49.7758,0,0,0,49.7758,0
56.6978,2.69711,0,0,1.62467,0.128086,0.36288,3.6288,59.3217,0.623047,0,0,0.872543,0.24826,0,0.66528,12.849,1,0.594823,0.36288,0,30.3872,4.90315,25.2521,0.84672,12.849,0.84672,3695.15,0,36.966,0.388257,2.61109,2.19258,5.3501,1.34748,8.41803,0.42336,36.966,0.42336,423.524,0,1.02816,0,0,3.63925,2.61109,1.028160,1,0,33.6702,0,0,0,33.6702,0
54.8111,2.60187,0,0,1.20789,0.129833,0.36288,3.6288,58.9744,0.562606,0,0,0.461729,0.246455,0,0.66528,12.849,1,0.589642,0.36288,0,27.0573,4.74978,22.0807,0.84672,12.849,0.84672,3695.15,0,36.966,0.350585,1.06951,2.1926,4.00907,1.32433,5.59627,0.42336,36.966,0.42336,423.524,0,1.02816,0,0,2.09767,1.06951,1.028160,1,0,27.677,0,0,0,27.677,0
52.9104,2.58545,0,0,1.17497,0.127414,0.36288,3.6288,58.5943,0.561346,0,0,0.427152,0.245907,0,0.66528,12.849,1,0.606089,0.36288,0,24.7162,4.74978,19.7232,0.84672,12.849,0.84672,3695.15,0,36.966,0.35186,0.890024,2.09798,3.93933,1.32433,5.25114,0.42336,36.966,0.42336,423.524,0,1.02816,0,0,1.91818,0.890024,1.028160,1,0,24.9743,0,0,0,24.9743,0
52.1005,2.56795,0,0,2.36207,0.241066,0.36288,3.6288,58.8094,0.559955,0,0,0.91613,0.140999,0,0.66528,12.849,1,0.623612,0.36288,0,67.2025,3.29637,63.6454,0.84672,12.849,0.84672,3695.15,0,36.966,0.353265,1.72886,2.09799,9.92555,0.870043,12.5291,0.42336,36.966,0.42336,423.524,0,1.02816,0,0,2.75702,1.72886,1.028160,1,0,76.1745,0,0,0,76.1745,0
52.5134,2.56019,0,0,3.58911,0.253192,0.36288,3.6288,58.9807,0.560758,0,0,0.919668,0.187686,0,0.66528,12.849,1,0.631393,0.36288,0,71.2448,3.90229,67.074,0.84672,12.849,0.84672,3695.15,0,36.966,0.352477,2.0051,2.09801,8.66385,0.997642,11.4168,0.42336,36.966,0.42336,423.524,0,1.02816,0,0,3.03326,2.0051,1.028160,1,0,78.4909,0,0,0,78.4909,0
51.5357,2.49796,0,0,2.15635,0.273191,0.36288,3.6288,58.862,0.506486,0,0,0.637773,0.249949,0,0.66528,12.849,1,0.611202,0.36288,0,45.7759,4.7102,40.8174,0.84672,12.849,0.84672,3695.15,0,36.966,0.317439,0.820299,2.09802,6.87615,1.16777,8.30926,0.42336,36.966,0.42336,423.524,0,1.02816,0,0,1.84846,0.820299,1.028160,1,0,49.1267,0,0,0,49.1267,0
51.6468,2.4887,0,0,3.23307,0.270439,0.36288,3.6288,59.9883,0.506102,0,0,1.88213,0.249758,0,0.66528,12.849,1,0.620487,0.36288,0,79.4906,4.7102,74.5228,0.84672,12.849,0.84672,3695.15,0,36.966,0.317838,4.31031,2.01358,12.9737,1.16777,17.8119,0.42336,36.966,0.42336,423.524,0,1.02816,0,0,5.33847,4.31031,1.028160,1,0,92.3347,0,0,0,92.3347,0
50.6726,2.48978,0,0,2.14923,0.270752,0.36288,3.6288,60.093,0.509802,0,0,0.866125,0.251565,0,0.66528,12.849,1,0.619424,0.36288,0,51.1218,4.7102,46.1551,0.84672,12.849,0.84672,3695.15,0,36.966,0.314151,1.3222,2.01359,5.82102,1.16777,7.67488,0.42336,36.966,0.42336,423.524,0,1.02816,0,0,2.35036,1.3222,1.028160,1,0,53.83,0,0,0,53.83,0
52.4614,2.4803,0,0,4.90431,0.272269,0.36288,3.6288,61.308,0.51015,0,0,2.32596,0.261145,0.339682,0.66528,12.849,1,0.628928,0.36288,0,105.558,4.92269,100.37,0.84672,12.849,0.84672,3695.15,0,36.966,0.313817,3.0434,2.01361,15.8022,1.21859,19.3268,0.42336,36.966,0.42336,423.524,0,1.02816,0,0,4.07156,3.0434,1.028160,1,0,120.036,0,0,0,120.036,0
59.8776,2.52048,0,0,10.5763,0.27676,0.36288,3.6288,61.308,0.492953,0,0,6.21356,0.258888,5.46172,0.66528,12.849,1,0.617323,0.36288,0,250.08,4.71727,245.109,0.84672,12.849,0.84672,3695.15,0,36.966,0.297229,7.35326,2.01362,29.0012,1.18324,36.8876,0.42336,36.966,0.42336,423.524,0,1.02816,0,0,8.38142,7.35326,1.028160,1,0,287.458,0,0,0,287.458,0
64.4361,2.49693,0,0,7.71258,0.294304,0.36288,3.6288,61.308,0.454971,0,0,4.57078,0.23554,3.88027,0.66528,12.849,1,0.535811,0.36288,0,190.813,4.08912,186.551,0.84672,12.849,0.84672,3695.15,0,36.966,0.274327,5.18681,1.99288,24.1522,1.06401,29.9935,0.42336,36.966,0.42336,423.524,0,1.02816,0,0,6.21497,5.18681,1.028160,1,0,220.424,0,0,0,220.424,0
70.9017,2.61617,0,0,9.75033,0.3057,0.36288,3.6288,61.308,0.49297,0,0,5.73201,0.23554,5.0035,0.66528,12.849,1,0.521682,0.36288,0,202.369,4.08912,198.121,0.84672,12.849,0.84672,3695.15,0,36.966,0.297239,6.91762,1.92615,28.7783,1.06401,36.2608,0.42336,36.966,0.42336,423.524,0,1.02816,0,0,7.94578,6.91762,1.028160,1,0,239.385,0,0,0,239.385,0
72.29,2.65646,0,0,9.93332,0.321647,5.56688,3.6288,61.308,0.492978,0,0,8.04159,0.23554,7.31308,0.66528,12.849,1,0.481412,5.56688,0,233.023,4.08912,234.019,0.84672,12.849,0.84672,3695.15,0,36.966,0.297244,9.49475,1.99291,36.3688,1.06401,46.4952,0.42336,36.966,0.42336,423.524,0,1.02816,0,0,10.5229,9.49475,1.028160,1,0,287.827,0,0,0,287.827,0
72.29,2.66433,0,0,3.9434,0.309587,0.969478,3.6288,61.308,0.492987,0,0,3.28496,0.210898,2.58108,0.66528,12.849,1,0.473565,0.969478,0,117.4,3.8174,114.079,0.84672,12.849,0.84672,3695.15,0,36.966,0.297249,3.98488,1.99292,15.3467,1.05287,19.9744,0.42336,36.966,0.42336,423.524,0,1.02816,0,0,5.01304,3.98488,1.028160,1,0,136.634,0,0,0,136.634,0
71.3642,2.74782,0,0,2.49368,0.308771,0.36288,3.6288,61.308,0.529672,0,0,1.27913,0.179859,0.569594,0.66528,12.849,1,0.488403,0.36288,0,77.347,3.47771,73.7438,0.84672,12.849,0.84672,3695.15,0,36.966,0.319369,2.21464,1.99293,9.05576,0.985788,11.9582,0.42336,36.966,0.42336,423.524,0,1.02816,0,0,3.2428,2.21464,1.028160,1,0,86.2715,0,0,0,86.2715,0
71.3466,2.74245,0,0,3.39434,0.306602,0.36288,3.6288,61.308,0.529674,0,0,1.98526,0.179859,1.27573,0.66528,12.849,1,0.493773,0.36288,0,90.7952,3.47771,87.1866,0.84672,12.849,0.84672,3695.15,0,36.966,0.31937,2.77842,2.05679,8.42184,0.985788,11.9519,0.42336,36.966,0.42336,423.524,0,1.02816,0,0,3.80658,2.77842,1.028160,1,0,100.414,0,0,0,100.414,0
72.29,2.74235,0,0,7.49246,0.306561,3.50017,3.6288,61.308,0.529675,0,0,2.56078,0.179859,1.85124,0.66528,12.849,1,0.493877,3.50017,0,98.5617,3.47771,98.0902,0.84672,12.849,0.84672,3695.15,0,36.966,0.31937,4.07137,2.0568,14.2463,0.985788,19.0693,0.42336,36.966,0.42336,423.524,0,1.02816,0,0,5.09953,4.07137,1.028160,1,0,119.011,0,0,0,119.011,0
72.29,2.74782,0,0,8.49716,0.281086,5.46825,3.6288,61.308,0.529676,0,0,2.78179,0.162102,2.09001,0.66528,12.849,1,0.488405,5.46825,0,135.801,3.47528,137.306,0.84672,12.849,0.84672,3695.15,0,36.966,0.319371,4.02013,2.0568,16.393,1.01871,21.1319,0.42336,36.966,0.42336,423.524,0,1.02816,0,0,5.04829,4.02013,1.028160,1,0,160.527,0,0,0,160.527,0
72.29,2.76334,0,0,4.30343,0.336091,1.204,3.6288,61.308,0.557794,0,0,1.69142,0.166502,0.967123,0.66528,12.849,1,0.491163,1.204,0,92.6035,4.02402,89.2923,0.84672,12.849,0.84672,3695.15,0,36.966,0.336325,2.02131,2.0568,8.55092,1.14943,11.1433,0.42336,36.966,0.42336,423.524,0,1.02816,0,0,3.04947,2.02131,1.028160,1,0,101.403,0,0,0,101.403,0
72.29,2.76334,0,0,5.04718,0.336091,1.94774,3.6288,61.308,0.557795,0,0,1.78999,0.166502,1.0657,0.66528,12.849,1,0.491163,1.94774,0,110.687,4.02402,108.12,0.84672,12.849,0.84672,3695.15,0,36.966,0.336326,2.01294,2.09505,9.00901,1.14943,11.6312,0.42336,36.966,0.42336,423.524,0,1.02816,0,0,3.0411,2.01294,1.028160,1,0,120.817,0,0,0,120.817,0
72.29,2.76335,0,0,5.1988,0.330503,2.10495,3.6288,61.308,0.557796,0,0,1.84817,0.158287,1.13209,0.66528,12.849,1,0.491164,2.10495,0,114.382,3.83821,112.157,0.84672,12.849,0.84672,3695.15,0,36.966,0.336326,2.37116,2.09505,9.99415,1.09464,13.0294,0.42336,36.966,0.42336,423.524,0,1.02816,0,0,3.39932,2.37116,1.028160,1,0,126.319,0,0,0,126.319,0
72.29,2.76335,0,0,5.57692,0.306992,2.50658,3.6288,61.308,0.557797,0,0,2.08148,0.172314,1.35137,0.66528,12.849,1,0.491164,2.50658,0,128.624,3.64294,126.996,0.84672,12.849,0.84672,3695.15,0,36.966,0.336327,2.53187,2.09505,9.96486,1.00065,13.2548,0.42336,36.966,0.42336,423.524,0,1.02816,0,0,3.56003,2.53187,1.028160,1,0,141.602,0,0,0,141.602,0
72.29,2.54538,0,0,5.70674,0.320362,2.841,3.6288,61.308,0.444945,0,0,1.90106,0.165366,1.29075,0.66528,12.849,1,0.452422,2.841,0,120.166,3.62659,118.928,0.84672,12.849,0.84672,3695.15,0,36.966,0.268282,2.27971,2.09505,8.35514,1.01777,11.4438,0.42336,36.966,0.42336,423.524,0,1.02816,0,0,3.30787,2.27971,1.028160,1,0,131.663,0,0,0,131.663,0
72.29,2.54538,0,0,5.88673,0.320362,3.02098,3.6288,61.308,0.444946,0,0,1.94179,0.165366,1.33148,0.66528,12.849,1,0.452422,3.02098,0,113.613,3.62659,112.555,0.84672,12.849,0.84672,3695.15,0,36.966,0.268283,2.06831,1.90718,9.42477,1.01777,12.1142,0.42336,36.966,0.42336,423.524,0,1.02816,0,0,3.09647,2.06831,1.028160,1,0,126,0,0,0,126,0
72.29,2.41308,0,0,7.783,0.320362,5.04955,3.6288,61.308,0.388482,0,0,2.86353,0.165366,2.30968,0.66528,12.849,1,0.428907,5.04955,0,169.128,3.62659,170.122,0.84672,12.849,0.84672,3695.15,0,36.966,0.234238,3.77774,1.90719,14.2687,1.01777,18.7016,0.42336,36.966,0.42336,423.524,0,1.02816,0,0,4.8059,3.77774,1.028160,1,0,191.133,0,0,0,191.133,0
72.29,2.41309,0,0,8.56699,0.322867,5.83104,3.6288,61.308,0.388483,0,0,3.42628,0.195963,2.84183,0.66528,12.849,1,0.428908,5.83104,0,175.31,4.49281,176.219,0.84672,12.849,0.84672,3695.15,0,36.966,0.234238,4.97937,1.80806,19.7531,1.15116,25.1551,0.42336,36.966,0.42336,423.524,0,1.02816,0,0,6.00753,4.97937,1.028160,1,0,204.216,0,0,0,204.216,0
72.29,2.41309,0,0,8.33596,0.327601,5.59527,3.6288,61.308,0.388485,0,0,2.94438,0.201377,2.35452,0.66528,12.849,1,0.428908,5.59527,0,205.453,4.13628,206.483,0.84672,12.849,0.84672,3695.15,0,36.966,0.234239,5.26243,1.80806,17.5466,1.05869,23.3242,0.42336,36.966,0.42336,423.524,0,1.02816,0,0,6.29059,5.26243,1.028160,1,0,232.162,0,0,0,232.162,0
72.29,2.50126,0,0,7.182,0.328077,4.35266,3.6288,61.308,0.429907,0,0,2.54725,0.198455,1.91889,0.66528,12.849,1,0.44458,4.35266,0,188.952,3.96858,188.892,0.84672,12.849,0.84672,3695.15,0,36.966,0.259215,4.3295,1.80806,14.3256,1.0266,19.1774,0.42336,36.966,0.42336,423.524,0,1.02816,0,0,5.35766,4.3295,1.028160,1,0,209.988,0,0,0,209.988,0
72.29,2.50126,0,0,6.59297,0.305443,3.78626,3.6288,61.308,0.429908,0,0,1.87967,0.195958,1.2538,0.66528,12.849,1,0.44458,3.78626,0,145.312,4.11686,144.537,0.84672,12.849,0.84672,3695.15,0,36.966,0.259216,3.27534,1.87882,10.1993,1.03624,14.0581,0.42336,36.966,0.42336,423.524,0,1.02816,0,0,4.3035,3.27534,1.028160,1,0,159.849,0,0,0,159.849,0
72.29,2.50126,0,0,5.26242,0.275265,2.48589,3.6288,61.308,0.429909,0,0,1.53242,0.192628,0.909887,0.66528,12.849,1,0.444581,2.48589,0,137.963,4.31455,135.689,0.84672,12.849,0.84672,3695.15,0,36.966,0.259216,2.14466,1.87882,8.15357,1.04909,10.8687,0.42336,36.966,0.42336,423.524,0,1.02816,0,0,3.17282,2.14466,1.028160,1,0,147.468,0,0,0,147.468,0
72.29,2.68411,0,0,4.86937,0.252714,1.93255,3.6288,61.308,0.508225,0,0,1.29531,0.204919,0.582164,0.66528,12.849,1,0.477081,1.93255,0,110.612,4.4285,107.639,0.84672,12.849,0.84672,3695.15,0,36.966,0.306437,1.83044,1.87883,7.17267,1.10089,9.47461,0.42336,36.966,0.42336,423.524,0,1.02816,0,0,2.8586,1.83044,1.028160,1,0,117.696,0,0,0,117.696,0
72.29,2.64712,0,0,4.83443,0.235801,1.95151,3.6288,61.308,0.490963,0,0,1.17999,0.214138,0.47489,0.66528,12.849,1,0.470506,1.95151,0,105.582,4.51395,102.549,0.84672,12.849,0.84672,3695.15,0,36.966,0.296029,1.77715,2.01617,6.64407,1.13973,9.00164,0.42336,36.966,0.42336,423.524,0,1.02816,0,0,2.80531,1.77715,1.028160,1,0,112.025,0,0,0,112.025,0
72.29,2.69221,0,0,4.44847,0.235801,1.52046,3.6288,61.308,0.510249,0,0,1.16972,0.214138,0.445332,0.66528,12.849,1,0.478519,1.52046,0,95.3294,4.51395,91.8574,0.84672,12.849,0.84672,3695.15,0,36.966,0.307657,1.81952,1.98663,6.34885,1.13973,8.70761,0.42336,36.966,0.42336,423.524,0,1.02816,0,0,2.84768,1.81952,1.028160,1,0,101.01,0,0,0,101.01,0
72.29,2.69221,0,0,4.29701,0.24123,1.36357,3.6288,61.308,0.51025,0,0,1.49546,0.202497,0.782716,0.66528,12.849,1,0.47852,1.36357,0,92.0894,4.40328,88.5712,0.84672,12.849,0.84672,3695.15,0,36.966,0.307658,2.41819,2.02046,7.85765,1.09868,10.89,0.42336,36.966,0.42336,423.524,0,1.02816,0,0,3.44635,2.41819,1.028160,1,0,100.244,0,0,0,100.244,0
72.29,2.69221,0,0,4.03745,0.209972,1.13526,3.6288,61.308,0.510251,0,0,1.24451,0.1637,0.570554,0.66528,12.849,1,0.47852,1.13526,0,80.2259,4.06298,76.8196,0.84672,12.849,0.84672,3695.15,0,36.966,0.307659,1.82822,2.02047,6.48669,0.91893,9.10878,0.42336,36.966,0.42336,423.524,0,1.02816,0,0,2.85638,1.82822,1.028160,1,0,86.499,0,0,0,86.499,0
72.29,2.58382,0,0,4.05557,0.159526,1.31222,3.6288,61.308,0.47088,0,0,1.17738,0.231716,0.474785,0.66528,12.849,1,0.459255,1.31222,0,80.25,4.41829,76.6847,0.84672,12.849,0.84672,3695.15,0,36.966,0.28392,2.0392,2.02047,6.42635,0.999264,9.20283,0.42336,36.966,0.42336,423.524,0,1.02816,0,0,3.06736,2.0392,1.028160,1,0,86.3623,0,0,0,86.3623,0
72.29,2.58383,0,0,3.74143,0.159526,0.998078,3.6288,61.308,0.470881,0,0,1.20314,0.231716,0.50054,0.66528,12.849,1,0.459256,0.998078,0,76.1884,4.41829,72.3089,0.84672,12.849,0.84672,3695.15,0,36.966,0.28392,1.15124,1.94779,6.1248,0.999264,7.94064,0.42336,36.966,0.42336,423.524,0,1.02816,0,0,2.1794,1.15124,1.028160,1,0,80.7501,0,0,0,80.7501,0
72.29,2.58383,0,0,3.39285,0.159526,0.649495,3.6288,61.308,0.470882,0,0,1.06893,0.231716,0.366334,0.66528,12.849,1,0.459256,0.649495,0,70.1015,4.41829,65.8734,0.84672,12.849,0.84672,3695.15,0,36.966,0.283921,0.850513,1.94779,5.71385,0.999264,7.22897,0.42336,36.966,0.42336,423.524,0,1.02816,0,0,1.87867,0.850513,1.028160,1,0,73.4687,0,0,0,73.4687,0
72.1968,2.58383,0,0,3.01304,0.159526,0.36288,3.6288,61.308,0.470883,0,0,1.04203,0.231716,0.339428,0.66528,12.849,1,0.459257,0.36288,0,59.6099,4.41829,55.0952,0.84672,12.849,0.84672,3695.15,0,36.966,0.283922,0.952672,1.94779,5.64627,0.999264,7.26354,0.42336,36.966,0.42336,423.524,0,1.02816,0,0,1.98083,0.952672,1.028160,1,0,62.6982,0,0,0,62.6982,0
72.29,2.58333,0,0,3.29111,0.106366,0.508215,3.6288,61.308,0.470885,0,0,0.789696,0.240188,0.078623,0.66528,12.849,1,0.45976,0.508215,0,51.0246,5.10196,45.971,0.84672,12.849,0.84672,3695.15,0,36.966,0.283922,1.09982,1.94779,5.60848,1.12487,7.24731,0.42336,36.966,0.42336,423.524,0,1.02816,0,0,2.12798,1.09982,1.028160,1,0,53.297,0,0,0,53.297,0
72.29,2.5607,0,0,3.12098,0.10667,0.45361,3.6288,61.2862,0.502242,0,0,0.71572,0.23531,0,0.66528,12.849,1,0.455144,0.45361,0,48.8747,5.11487,43.7583,0.84672,12.849,0.84672,3695.15,0,36.966,0.30283,1.1111,1.9478,5.41731,1.1208,7.05259,0.42336,36.966,0.42336,423.524,0,1.02816,0,0,2.13926,1.1111,1.028160,1,0,50.8109,0,0,0,50.8109,0
72.1121,2.5607,0,0,2.85234,0.10667,0.36288,3.6288,61.218,0.502176,0,0,0.669298,0.235277,0,0.66528,12.849,1,0.455145,0.36288,0,45.9708,5.11487,40.7637,0.84672,12.849,0.84672,3695.15,0,36.966,0.302898,0.800073,1.98152,5.15501,1.1208,6.51291,0.42336,36.966,0.42336,423.524,0,1.02816,0,0,1.82823,0.800073,1.028160,1,0,47.2766,0,0,0,47.2766,0
71.7248,2.55975,0,0,2.62281,0.0875107,0.36288,3.6288,61.0713,0.501967,0,0,0.634262,0.279027,0,0.66528,12.849,1,0.456098,0.36288,0,41.1595,5.67946,35.3868,0.84672,12.849,0.84672,3695.15,0,36.966,0.303109,0.801274,1.98153,4.90831,1.32689,6.06111,0.42336,36.966,0.42336,423.524,0,1.02816,0,0,1.82943,0.801274,1.028160,1,0,41.4479,0,0,0,41.4479,0
71.0712,2.55766,0,0,2.34701,0.0800834,0.36288,3.6288,60.8027,0.501515,0,0,0.537295,0.304409,0,0.66528,12.849,1,0.458187,0.36288,0,33.8478,5.99019,27.7623,0.84672,12.849,0.84672,3695.15,0,36.966,0.303563,0.55931,1.98153,4.35101,1.44342,5.14486,0.42336,36.966,0.42336,423.524,0,1.02816,0,0,1.58747,0.55931,1.028160,1,0,32.9072,0,0,0,32.9072,0
70.4023,2.6137,0,0,2.39681,0.0890374,0.36288,3.6288,60.6118,0.528541,0,0,0.631942,0.294284,0,0.66528,12.849,1,0.472533,0.36288,0,39.9324,5.83989,33.9828,0.84672,12.849,0.84672,3695.15,0,36.966,0.321335,0.724559,1.98153,4.65554,1.39272,5.64758,0.42336,36.966,0.42336,423.524,0,1.02816,0,0,1.75272,0.724559,1.028160,1,0,39.6304,0,0,0,39.6304,0
69.5226,2.60991,0,0,2.18163,0.0885814,0.36288,3.6288,60.3112,0.527913,0,0,0.521227,0.293928,0,0.66528,12.849,1,0.47633,0.36288,0,32.1633,5.83989,26.21,0.84672,12.849,0.84672,3695.15,0,36.966,0.321965,0.762402,2.02933,4.32603,1.39272,5.40308,0.42336,36.966,0.42336,423.524,0,1.02816,0,0,1.79056,0.762402,1.028160,1,0,31.6131,0,0,0,31.6131,0
68.4511,2.60482,0,0,1.98419,0.0879815,0.36288,3.6288,59.9763,0.52692,0,0,0.485412,0.293367,0,0.66528,12.849,1,0.481417,0.36288,0,29.9837,5.83989,24.0252,0.84672,12.849,0.84672,3695.15,0,36.966,0.32296,0.483322,2.02933,3.85534,1.39272,4.65232,0.42336,36.966,0.42336,423.524,0,1.02816,0,0,1.51148,0.483322,1.028160,1,0,28.6775,0,0,0,28.6775,0
67.5705,2.59848,0,0,2.16076,0.0800018,0.36288,3.6288,59.7325,0.525805,0,0,0.57297,0.290957,0,0.66528,12.849,1,0.487763,0.36288,0,30.1254,5.94803,24.0525,0.84672,12.849,0.84672,3695.15,0,36.966,0.324077,0.876606,2.02934,5.45125,1.41862,6.61449,0.42336,36.966,0.42336,423.524,0,1.02816,0,0,1.90477,0.876606,1.028160,1,0,30.667,0,0,0,30.667,0
66.2966,2.76633,0,0,1.96607,0.110747,0.36288,3.6288,59.1801,0.659667,0,0,0.41018,0.302945,0,0.66528,12.849,1,0.526037,0.36288,0,21.8743,5.8422,15.869,0.84672,12.849,0.84672,3695.15,0,36.966,0.408241,0.227405,2.02934,2.79094,1.51957,3.11986,0.42336,36.966,0.42336,423.524,0,0.971827,0,0,1.19923,0.227405,1.028160,1,0,18.9888,0,0,0,18.9888,0
64.6853,2.75786,0,0,1.61903,0.109637,0.36288,3.6288,58.4511,0.784138,0,0,0.357012,0.301877,0,0.66528,12.849,1,0.534504,0.36288,0,27.1557,5.8422,21.1419,0.84672,12.849,0.84672,3695.15,0,36.966,0.42336,0.227405,2.19289,2.48995,1.51957,2.96731,0.42336,36.966,0.42336,423.524,0,0.832239,0,0,1.05964,0.227405,1.028160,1,0,24.1092,0,0,0,24.1092,0
63.2585,2.74676,0,0,1.79106,0.108232,0.36288,3.6288,58.0213,0.619678,0,0,0.490419,0.300466,0,0.66528,12.849,1,0.545613,0.36288,0,23.2823,5.8422,17.2574,0.84672,12.849,0.84672,3695.15,0,36.966,0.391901,0.358992,2.19289,2.97553,1.51957,3.61594,0.42336,36.966,0.42336,423.524,0,1.02816,0,0,1.38715,0.358992,1.028160,1,0,20.8733,0,0,0,20.8733,0
61.7132,2.73653,0,0,1.66345,0.109353,0.36288,3.6288,57.5115,0.617907,0,0,0.394179,0.286132,0,0.66528,12.849,1,0.555842,0.36288,0,22.3369,5.47251,16.6714,0.84672,12.849,0.84672,3695.15,0,36.966,0.393675,0.249109,2.19289,3.38063,1.37566,4.0533,0.42336,36.966,0.42336,423.524,0,1.02816,0,0,1.27727,0.249109,1.028160,1,0,20.7247,0,0,0,20.7247,0
61.0383,2.72502,0,0,2.52746,0.114419,0.36288,3.6288,57.3656,0.615783,0,0,0.725852,0.255887,0,0.66528,12.849,1,0.567363,0.36288,0,28.8033,5.11318,23.4856,0.84672,12.849,0.84672,3695.15,0,36.966,0.3958,0.553608,2.1929,5.2623,1.32061,6.29239,0.42336,36.966,0.42336,423.524,0,1.02816,0,0,1.58177,0.553608,1.028160,1,0,29.778,0,0,0,29.778,0
59.7659,2.63685,0,0,1.84131,0.114023,0.36288,3.6288,57.154,0.55549,0,0,0.601173,0.257381,0,0.66528,12.849,1,0.555076,0.36288,0,54.6882,5.33914,49.1568,0.84672,12.849,0.84672,3695.15,0,36.966,0.357954,0.438134,2.1929,4.0184,1.44249,4.84899,0.42336,36.966,0.42336,423.524,0,1.02816,0,0,1.46629,0.438134,1.028160,1,0,54.0058,0,0,0,54.0058,0
57.891,2.62713,0,0,1.22786,0.112746,0.36288,3.6288,56.5386,0.81578,0,0,0.457478,0.257027,0,0.66528,12.849,1,0.564803,0.36288,0,34.3058,5.33914,28.7647,0.84672,12.849,0.84672,3695.15,0,36.966,0.42336,0.216518,2.09825,2.71197,1.44249,3.16088,0.42336,36.966,0.42336,423.524,0,0.702467,0,0,0.918985,0.216518,1.028160,1,0,31.9256,0,0,0,31.9256,0
57.1614,2.61216,0,0,2.40974,0.164236,0.36288,3.6288,56.4093,0.552327,0,0,0.68201,0.258987,0,0.66528,12.849,1,0.579774,0.36288,0,40.1461,4.97019,34.959,0.84672,12.849,0.84672,3695.15,0,36.966,0.361122,0.34789,2.09825,4.24633,1.36706,4.96429,0.42336,36.966,0.42336,423.524,0,1.02816,0,0,1.37605,0.34789,1.028160,1,0,39.9233,0,0,0,39.9233,0
57.5173,2.60612,0,0,3.53508,0.210219,0.36288,3.6288,56.6492,0.551828,0,0,1.05426,0.262543,0,0.66528,12.849,1,0.585816,0.36288,0,57.9302,4.47984,53.2275,0.84672,12.849,0.84672,3695.15,0,36.966,0.361622,1.14134,2.09826,7.87842,1.21553,9.54085,0.42336,36.966,0.42336,423.524,0,1.02816,0,0,2.1695,1.14134,1.028160,1,0,62.7683,0,0,0,62.7683,0
55.5651,2.54169,0,0,1.15298,0.200579,0.36288,3.6288,55.869,0.939922,0,0,0.391395,0.231649,0,0.66528,12.849,1,0.567797,0.36288,0,31.3499,3.98086,27.1641,0.84672,12.849,0.84672,3695.15,0,36.966,0.42336,0.216518,2.09826,4.60607,1.0705,5.42698,0.42336,36.966,0.42336,423.524,0,0.488997,0,0,0.705516,0.216518,1.028160,1,0,32.5911,0,0,0,32.5911,0
54.844,2.52549,0,0,2.36401,0.196743,0.36288,3.6288,56.0068,0.495964,0,0,0.864196,0.230472,0,0.66528,12.849,1,0.584,0.36288,0,48.4253,3.98086,44.2233,0.84672,12.849,0.84672,3695.15,0,36.966,0.328157,0.716316,2.01379,6.58568,1.0705,7.91712,0.42336,36.966,0.42336,423.524,0,1.02816,0,0,1.74448,0.716316,1.028160,1,0,52.1404,0,0,0,52.1404,0
56.4875,2.51927,0,0,4.72098,0.195326,0.36288,3.6288,56.9428,0.496451,0,0,1.6631,0.23068,0,0.66528,12.849,1,0.590221,0.36288,0,89.267,3.98086,85.0588,0.84672,12.849,0.84672,3695.15,0,36.966,0.327671,2.75439,2.01379,10.5952,1.0705,13.9653,0.42336,36.966,0.42336,423.524,0,1.02816,0,0,3.78255,2.75439,1.028160,1,0,99.0241,0,0,0,99.0241,0
57.1728,2.53326,0,0,3.81662,0.23522,0.36288,3.6288,57.4916,0.499718,0,0,1.29411,0.245587,0,0.66528,12.849,1,0.576232,0.36288,0,45.7139,3.6124,41.8881,0.84672,12.849,0.84672,3695.15,0,36.966,0.324406,1.56161,2.01379,7.54307,0.943232,9.85083,0.42336,36.966,0.42336,423.524,0,1.02816,0,0,2.58977,1.56161,1.028160,1,0,51.739,0,0,0,51.739,0
61.4703,2.47641,0,0,7.39342,0.256603,0.36288,3.6288,58.6925,0.443963,0,0,1.8436,0.198751,0,0.66528,12.849,1,0.556548,0.36288,0,143.07,3.77331,139.103,0.84672,12.849,0.84672,3695.15,0,36.966,0.28546,0.489957,2.01379,15.2112,1.13387,16.2956,0.42336,36.966,0.42336,423.524,0,1.02816,0,0,1.51812,0.489957,1.028160,1,0,155.398,0,0,0,155.398,0
65.2915,2.55206,0,0,6.99515,0.259039,0.36288,3.6288,59.667,0.466231,0,0,1.68103,0.240263,0,0.66528,12.849,1,0.533451,0.36288,0,131.407,4.29429,126.942,0.84672,12.849,0.84672,3695.15,0,36.966,0.293644,1.22385,1.92628,11.4596,1.1637,13.1524,0.42336,36.966,0.42336,423.524,0,1.02816,0,0,2.25201,1.22385,1.028160,1,0,140.094,0,0,0,140.094,0
67.729,2.57815,0,0,5.64576,0.267221,0.36288,3.6288,60.6137,0.469193,0,0,1.65765,0.241768,0,0.66528,12.849,1,0.507365,0.36288,0,108.411,4.29429,103.972,0.84672,12.849,0.84672,3695.15,0,36.966,0.290683,2.6596,1.95966,13.8377,1.1637,17.0026,0.42336,36.966,0.42336,423.524,0,1.02816,0,0,3.68776,2.6596,1.028160,1,0,120.975,0,0,0,120.975,0
70.3473,2.63766,0,0,5.89127,0.27244,0.36288,3.6288,61.308,0.49093,0,0,1.91111,0.24323,0.48263,0.66528,12.849,1,0.500397,0.36288,0,116.415,4.29429,111.984,0.84672,12.849,0.84672,3695.15,0,36.966,0.2994,3.76916,1.95966,18.9016,1.1637,23.1674,0.42336,36.966,0.42336,423.524,0,1.02816,0,0,4.79732,3.76916,1.028160,1,0,135.634,0,0,0,135.634,0
72.29,2.65342,0,0,6.43656,0.287467,1.55295,3.6288,61.308,0.493046,0,0,2.12781,0.231987,1.40277,0.66528,12.849,1,0.484649,1.55295,0,158.465,4.50057,155.032,0.84672,12.849,0.84672,3695.15,0,36.966,0.297285,3.26773,1.99304,17.2575,1.23866,20.9823,0.42336,36.966,0.42336,423.524,0,1.02816,0,0,4.29589,3.26773,1.028160,1,0,177.417,0,0,0,177.417,0
72.29,2.74794,0,0,7.6265,0.298938,4.57962,3.6288,61.308,0.529726,0,0,2.55829,0.22275,1.80581,0.66528,12.849,1,0.488426,4.57962,0,169.601,4.65528,169.037,0.84672,12.849,0.84672,3695.15,0,36.966,0.319401,5.03943,1.99304,22.2142,1.29488,27.6324,0.42336,36.966,0.42336,423.524,0,1.02816,0,0,6.06759,5.03943,1.028160,1,0,198.476,0,0,0,198.476,0
72.29,2.74793,0,0,8.1446,0.298938,5.09774,3.6288,61.308,0.52972,0,0,2.40311,0.22275,1.65064,0.66528,12.849,1,0.488423,5.09774,0,205.428,4.65528,205.382,0.84672,12.849,0.84672,3695.15,0,36.966,0.319398,4.83768,2.05689,20.7719,1.29488,26.0522,0.42336,36.966,0.42336,423.524,0,1.02816,0,0,5.86584,4.83768,1.028160,1,0,233.085,0,0,0,233.085,0
72.29,2.74791,0,0,6.38791,0.298938,3.34107,3.6288,61.308,0.529714,0,0,2.21327,0.22275,1.4608,0.66528,12.849,1,0.48842,3.34107,0,162.046,4.65528,160.243,0.84672,12.849,0.84672,3695.15,0,36.966,0.319394,4.40548,2.05688,20.425,1.29488,25.273,0.42336,36.966,0.42336,423.524,0,1.02816,0,0,5.43364,4.40548,1.028160,1,0,186.977,0,0,0,186.977,0
72.29,2.7479,0,0,7.13463,0.277564,4.10917,3.6288,61.308,0.529707,0,0,2.87478,0.185648,2.15942,0.66528,12.849,1,0.488418,4.10917,0,187.232,3.77612,187.077,0.84672,12.849,0.84672,3695.15,0,36.966,0.31939,4.30622,2.05687,17.0965,1.0318,22.1084,0.42336,36.966,0.42336,423.524,0,1.02816,0,0,5.33438,4.30622,1.028160,1,0,211.345,0,0,0,211.345,0
72.29,2.7634,0,0,7.70394,0.313648,4.6269,3.6288,61.308,0.557818,0,0,2.35695,0.197363,1.60177,0.66528,12.849,1,0.491173,4.6269,0,143.249,4.38218,143.003,0.84672,12.849,0.84672,3695.15,0,36.966,0.336339,5.27497,2.05685,14.6776,1.12283,20.5503,0.42336,36.966,0.42336,423.524,0,1.02816,0,0,6.30313,5.27497,1.028160,1,0,165.155,0,0,0,165.155,0
72.29,2.76338,0,0,6.3875,0.313648,3.31047,3.6288,61.308,0.557811,0,0,1.95745,0.197363,1.20228,0.66528,12.849,1,0.49117,3.31047,0,144.53,4.38218,142.967,0.84672,12.849,0.84672,3695.15,0,36.966,0.336335,4.06284,2.09509,12.3074,1.12283,17.0062,0.42336,36.966,0.42336,423.524,0,1.02816,0,0,5.091,4.06284,1.028160,1,0,161.176,0,0,0,161.176,0
72.29,2.76337,0,0,5.48883,0.310462,2.415,3.6288,61.308,0.557805,0,0,1.79932,0.175972,1.06555,0.66528,12.849,1,0.491167,2.415,0,110.225,3.6179,108.531,0.84672,12.849,0.84672,3695.15,0,36.966,0.336331,3.61997,2.09508,11.1494,0.982916,15.5452,0.42336,36.966,0.42336,423.524,0,1.02816,0,0,4.64813,3.61997,1.028160,1,0,125.141,0,0,0,125.141,0
72.29,2.76335,0,0,5.61419,0.303672,2.54716,3.6288,61.308,0.557798,0,0,1.79143,0.160117,1.07351,0.66528,12.849,1,0.491165,2.54716,0,104.101,2.90892,103.248,0.84672,12.849,0.84672,3695.15,0,36.966,0.336327,3.53297,2.09507,10.851,0.872543,15.2701,0.42336,36.966,0.42336,423.524,0,1.02816,0,0,4.56113,3.53297,1.028160,1,0,119.591,0,0,0,119.591,0
72.29,2.54536,0,0,6.43728,0.324782,3.56713,3.6288,61.308,0.444939,0,0,2.35938,0.15866,1.75578,0.66528,12.849,1,0.452419,3.56713,0,137.102,2.93475,137.282,0.84672,12.849,0.84672,3695.15,0,36.966,0.268278,5.4644,2.09505,12.94,0.755711,19.4754,0.42336,36.966,0.42336,423.524,0,1.02816,0,0,6.49256,5.4644,1.028160,1,0,158.513,0,0,0,158.513,0
72.29,2.41305,0,0,5.51559,0.324782,2.77775,3.6288,61.308,0.388469,0,0,1.86784,0.15866,1.32071,0.66528,12.849,1,0.428902,2.77775,0,131.707,2.93475,131.121,0.84672,12.849,0.84672,3695.15,0,36.966,0.234229,4.17262,1.90717,12.13,0.755711,17.2199,0.42336,36.966,0.42336,423.524,0,1.02816,0,0,5.20078,4.17262,1.028160,1,0,149.662,0,0,0,149.662,0
72.29,2.41304,0,0,5.47565,0.295487,2.76713,3.6288,61.308,0.388463,0,0,2.01127,0.158911,1.4639,0.66528,12.849,1,0.428899,2.76713,0,149.103,3.12288,148.318,0.84672,12.849,0.84672,3695.15,0,36.966,0.234226,5.62646,1.80803,10.5719,0.814864,16.9573,0.42336,36.966,0.42336,423.524,0,1.02816,0,0,6.65462,5.62646,1.028160,1,0,166.74,0,0,0,166.74,0
72.29,2.41302,0,0,5.87763,0.29863,3.16597,3.6288,61.308,0.388457,0,0,2.2958,0.180088,1.72726,0.66528,12.849,1,0.428897,3.16597,0,115.673,4.17237,114.238,0.84672,12.849,0.84672,3695.15,0,36.966,0.234223,5.30741,1.80802,11.6081,0.966152,17.5232,0.42336,36.966,0.42336,423.524,0,1.02816,0,0,6.33557,5.30741,1.028160,1,0,133.488,0,0,0,133.488,0
72.29,2.41301,0,0,5.79099,0.282062,3.09591,3.6288,61.308,0.388452,0,0,1.82049,0.194451,1.23759,0.66528,12.849,1,0.428895,3.09591,0,103.18,4.40682,101.44,0.84672,12.849,0.84672,3695.15,0,36.966,0.234219,3.29572,1.80802,10.5872,1.03647,14.4202,0.42336,36.966,0.42336,423.524,0,1.02816,0,0,4.32388,3.29572,1.028160,1,0,117.098,0,0,0,117.098,0
72.29,2.50116,0,0,5.61973,0.27631,2.84226,3.6288,61.308,0.429866,0,0,2.35222,0.206666,1.71569,0.66528,12.849,1,0.444563,2.84226,0,120.526,4.50996,118.414,0.84672,12.849,0.84672,3695.15,0,36.966,0.25919,4.10886,1.80801,11.3209,1.08988,15.8887,0.42336,36.966,0.42336,423.524,0,1.02816,0,0,5.13702,4.10886,1.028160,1,0,136.018,0,0,0,136.018,0
72.29,2.50115,0,0,6.79057,0.266681,4.02273,3.6288,61.308,0.42986,0,0,1.79531,0.218345,1.1471,0.66528,12.849,1,0.444561,4.02273,0,125.756,4.82055,124.514,0.84672,12.849,0.84672,3695.15,0,36.966,0.259187,4.02754,1.87875,15.2734,1.1125,19.8081,0.42336,36.966,0.42336,423.524,0,1.02816,0,0,5.0557,4.02754,1.028160,1,0,145.469,0,0,0,145.469,0
72.29,2.50114,0,0,4.9254,0.204939,2.21932,3.6288,61.308,0.429855,0,0,1.25978,0.198321,0.631605,0.66528,12.849,1,0.444558,2.21932,0,90.1135,3.98937,87.8989,0.84672,12.849,0.84672,3695.15,0,36.966,0.259183,2.71739,1.87874,8.89263,0.962041,12.2675,0.42336,36.966,0.42336,423.524,0,1.02816,0,0,3.74555,2.71739,1.028160,1,0,100.798,0,0,0,100.798,0
72.29,2.63825,0,0,4.10883,0.206747,1.26383,3.6288,61.308,0.488581,0,0,1.10275,0.203314,0.410854,0.66528,12.849,1,0.468929,1.26383,0,85.8842,3.85005,82.829,0.84672,12.849,0.84672,3695.15,0,36.966,0.294593,2.04918,1.87873,6.86664,1.00036,9.4996,0.42336,36.966,0.42336,423.524,0,1.02816,0,0,3.07734,2.04918,1.028160,1,0,92.7395,0,0,0,92.7395,0
72.29,2.64695,0,0,3.44389,0.209157,0.587778,3.6288,61.308,0.49089,0,0,1.16702,0.209971,0.466161,0.66528,12.849,1,0.470476,0.587778,0,73.8997,3.66429,70.3527,0.84672,12.849,0.84672,3695.15,0,36.966,0.295985,2.14744,1.98172,6.83078,1.05146,9.6125,0.42336,36.966,0.42336,423.524,0,1.02816,0,0,3.1756,2.14744,1.028160,1,0,80.4313,0,0,0,80.4313,0
72.1817,2.64694,0,0,3.11068,0.209157,0.36288,3.6288,61.308,0.490884,0,0,1.0193,0.209971,0.318441,0.66528,12.849,1,0.470473,0.36288,0,68.8789,3.66429,65.1071,0.84672,12.849,0.84672,3695.15,0,36.966,0.295981,1.56975,1.9865,6.39852,1.05146,8.60734,0.42336,36.966,0.42336,423.524,0,1.02816,0,0,2.59791,1.56975,1.028160,1,0,74.0328,0,0,0,74.0328,0
72.29,2.46605,0,0,3.73792,0.190754,0.972819,3.6288,61.308,0.413744,0,0,0.984925,0.218872,0.352309,0.66528,12.849,1,0.43898,0.972819,0,74.1433,4.36606,70.3111,0.84672,12.849,0.84672,3695.15,0,36.966,0.24947,1.67135,1.98649,8.59568,1.07913,10.9249,0.42336,36.966,0.42336,423.524,0,1.02816,0,0,2.69951,1.67135,1.028160,1,0,81.5883,0,0,0,81.5883,0
71.9684,2.69199,0,0,2.87696,0.143748,0.36288,3.6288,61.308,0.510155,0,0,0.947264,0.237759,0.19935,0.66528,12.849,1,0.47848,0.36288,0,53.2592,5.42111,47.7225,0.84672,12.849,0.84672,3695.15,0,36.966,0.307601,1.60742,1.85116,6.4571,1.16672,8.44136,0.42336,36.966,0.42336,423.524,0,1.02816,0,0,2.63558,1.60742,1.028160,1,0,56.3632,0,0,0,56.3632,0
71.9984,2.58185,0,0,3.13414,0.1594,0.36288,3.6288,61.308,0.47078,0,0,1.04593,0.246274,0.328879,0.66528,12.849,1,0.460955,0.36288,0,52.8756,4.80249,47.975,0.84672,12.849,0.84672,3695.15,0,36.966,0.283859,1.56432,2.0203,5.72816,1.15916,7.86977,0.42336,36.966,0.42336,423.524,0,1.02816,0,0,2.59248,1.56432,1.028160,1,0,56.1737,0,0,0,56.1737,0
71.765,2.582,0,0,2.87092,0.159436,0.36288,3.6288,61.308,0.470774,0,0,0.95675,0.246274,0.239703,0.66528,12.849,1,0.46079,0.36288,0,47.4446,4.80249,42.5442,0.84672,12.849,0.84672,3695.15,0,36.966,0.283856,1.3091,1.94761,5.47141,1.15916,7.2851,0.42336,36.966,0.42336,423.524,0,1.02816,0,0,2.33726,1.3091,1.028160,1,0,50.069,0,0,0,50.069,0
71.3722,2.58071,0,0,2.66698,0.116136,0.36288,3.6288,61.308,0.470768,0,0,0.9159,0.274604,0.170529,0.66528,12.849,1,0.462058,0.36288,0,41.978,5.12379,36.7551,0.84672,12.849,0.84672,3695.15,0,36.966,0.283852,1.22829,1.9476,5.22429,1.24125,6.87507,0.42336,36.966,0.42336,423.524,0,1.02816,0,0,2.25645,1.22829,1.028160,1,0,43.8007,0,0,0,43.8007,0
70.8328,2.57854,0,0,2.51067,0.108641,0.36288,3.6288,61.308,0.470762,0,0,0.874774,0.279325,0.124687,0.66528,12.849,1,0.46421,0.36288,0,41.3624,5.17734,36.0837,0.84672,12.849,0.84672,3695.15,0,36.966,0.283848,1.07164,1.94759,5.29171,1.25494,6.77216,0.42336,36.966,0.42336,423.524,0,1.02816,0,0,2.0998,1.07164,1.028160,1,0,42.9805,0,0,0,42.9805,0
70.492,2.57554,0,0,2.70077,0.103153,0.36288,3.6288,61.308,0.470755,0,0,0.96755,0.269677,0.227118,0.66528,12.849,1,0.4672,0.36288,0,49.0002,5.26307,43.6328,0.84672,12.849,0.84672,3695.15,0,36.966,0.283845,1.31128,1.94758,4.78616,1.22848,6.53269,0.42336,36.966,0.42336,423.524,0,1.02816,0,0,2.33944,1.31128,1.028160,1,0,50.3926,0,0,0,50.3926,0
70.1516,2.55056,0,0,2.64881,0.0758268,0.36288,3.6288,61.308,0.502102,0,0,0.941803,0.301186,0.138515,0.66528,12.849,1,0.464906,0.36288,0,50.0982,5.33534,44.6608,0.84672,12.849,0.84672,3695.15,0,36.966,0.302745,1.368,1.94757,4.58414,1.33507,6.2619,0.42336,36.966,0.42336,423.524,0,1.02816,0,0,2.39616,1.368,1.028160,1,0,51.0612,0,0,0,51.0612,0
69.6863,2.54864,0,0,2.5177,0.0714648,0.36288,3.6288,61.308,0.502096,0,0,0.914449,0.30708,0.105273,0.66528,12.849,1,0.466811,0.36288,0,46.0483,5.34167,40.6028,0.84672,12.849,0.84672,3695.15,0,36.966,0.302742,1.28589,1.98128,4.44168,1.3546,6.05151,0.42336,36.966,0.42336,423.524,0,1.02816,0,0,2.31405,1.28589,1.028160,1,0,46.7595,0,0,0,46.7595,0
69.0508,2.546,0,0,2.34458,0.0712084,0.36288,3.6288,61.2968,0.50209,0,0,0.79799,0.30708,0,0.66528,12.849,1,0.46944,0.36288,0,42.8001,5.34167,37.3518,0.84672,12.849,0.84672,3695.15,0,36.966,0.302738,1.18702,1.98127,4.20749,1.3546,5.71844,0.42336,36.966,0.42336,423.524,0,1.02816,0,0,2.21518,1.18702,1.028160,1,0,43.0703,0,0,0,43.0703,0
68.3282,2.54234,0,0,2.25396,0.0713507,0.36288,3.6288,61.2531,0.502049,0,0,0.767111,0.308758,0,0.66528,12.849,1,0.47308,0.36288,0,39.644,5.41785,34.116,0.84672,12.849,0.84672,3695.15,0,36.966,0.302769,1.04388,1.98126,3.98866,1.38353,5.3275,0.42336,36.966,0.42336,423.524,0,1.02816,0,0,2.07204,1.04388,1.028160,1,0,39.4435,0,0,0,39.4435,0
67.8895,2.59735,0,0,2.57611,0.0545478,0.36288,3.6288,61.308,0.529841,0,0,1.05292,0.328465,0.13974,0.66528,12.849,1,0.488427,0.36288,0,44.3273,5.74119,38.4605,0.84672,12.849,0.84672,3695.15,0,36.966,0.319757,1.26676,1.98125,4.12182,1.53457,5.5155,0.42336,36.966,0.42336,423.524,0,1.02816,0,0,2.29492,1.26676,1.028160,1,0,44.1158,0,0,0,44.1158,0
67.3191,2.59468,0,0,2.44149,0.0543606,0.36288,3.6288,61.308,0.530013,0,0,0.941985,0.328579,0.0833928,0.66528,12.849,1,0.491079,0.36288,0,39.167,5.74119,33.2976,0.84672,12.849,0.84672,3695.15,0,36.966,0.319574,1.49043,2.02903,4.3051,1.53457,5.97042,0.42336,36.966,0.42336,423.524,0,1.02816,0,0,2.51859,1.49043,1.028160,1,0,39.3514,0,0,0,39.3514,0
66.5933,2.59117,0,0,2.28237,0.0541172,0.36288,3.6288,61.308,0.530006,0,0,0.871551,0.328579,0.0129659,0.66528,12.849,1,0.49457,0.36288,0,37.2423,5.74119,31.3694,0.84672,12.849,0.84672,3695.15,0,36.966,0.31957,1.27372,2.02902,3.77755,1.53457,5.22615,0.42336,36.966,0.42336,423.524,0,1.02816,0,0,2.30188,1.27372,1.028160,1,0,36.6085,0,0,0,36.6085,0
65.8416,2.58664,0,0,2.2517,0.0538075,0.36288,3.6288,61.308,0.53,0,0,0.942926,0.328579,0.0843474,0.66528,12.849,1,0.499086,0.36288,0,34.5571,5.74119,28.6797,0.84672,12.849,0.84672,3695.15,0,36.966,0.319566,1.42887,2.02901,4.27204,1.53457,5.87578,0.42336,36.966,0.42336,423.524,0,1.02816,0,0,2.45703,1.42887,1.028160,1,0,34.6398,0,0,0,34.6398,0
65.2173,2.75429,0,0,2.57089,0.0780731,0.36288,3.6288,61.2742,0.630847,0,0,0.940343,0.343274,0,0.66528,12.849,1,0.5375,0.36288,0,31.8034,5.77101,25.8578,0.84672,12.849,0.84672,3695.15,0,36.966,0.380373,1.18997,2.029,5.15196,1.48732,6.50324,0.42336,36.966,0.42336,423.524,0,1.02816,0,0,2.21813,1.18997,1.028160,1,0,32.361,0,0,0,32.361,0
64.7799,2.74998,0,0,2.76237,0.0869168,0.36288,3.6288,61.308,0.630709,0,0,1.02545,0.329366,0.031594,0.66528,12.849,1,0.541796,0.36288,0,32.8688,5.67934,27.0105,0.84672,12.849,0.84672,3695.15,0,36.966,0.380499,1.44357,2.19251,4.48779,1.47018,6.27319,0.42336,36.966,0.42336,423.524,0,1.02816,0,0,2.47173,1.44357,1.028160,1,0,33.3153,0,0,0,33.3153,0
63.8582,2.74691,0,0,2.27478,0.086612,0.36288,3.6288,61.2403,0.630833,0,0,0.892529,0.329436,0,0.66528,12.849,1,0.544846,0.36288,0,40.8047,5.67934,34.9434,0.84672,12.849,0.84672,3695.15,0,36.966,0.380364,1.15588,2.19249,4.00378,1.47018,5.50161,0.42336,36.966,0.42336,423.524,0,1.02816,0,0,2.18404,1.15588,1.028160,1,0,40.445,0,0,0,40.445,0
63.1855,2.74035,0,0,2.51649,0.0859697,0.36288,3.6288,61.308,0.630563,0,0,1.22605,0.329295,0.198453,0.66528,12.849,1,0.551389,0.36288,0,34.9844,5.67934,29.1165,0.84672,12.849,0.84672,3695.15,0,36.966,0.380622,1.83093,2.19248,4.78461,1.47018,6.95722,0.42336,36.966,0.42336,423.524,0,1.02816,0,0,2.85909,1.83093,1.028160,1,0,36.2722,0,0,0,36.2722,0
63.8915,2.73545,0,0,3.91671,0.112463,0.36288,3.6288,61.308,0.630819,0,0,1.46777,0.291595,0.545358,0.66528,12.849,1,0.556264,0.36288,0,38.8288,5.13869,33.4967,0.84672,12.849,0.84672,3695.15,0,36.966,0.380356,2.13573,2.19247,8.27033,1.30178,10.9164,0.42336,36.966,0.42336,423.524,0,1.02816,0,0,3.16389,2.13573,1.028160,1,0,44.9584,0,0,0,44.9584,0
66.2721,2.65694,0,0,5.55412,0.153655,0.36288,3.6288,61.308,0.5696,0,0,2.55207,0.270258,1.71222,0.66528,12.849,1,0.534328,0.36288,0,40.6924,4.84711,35.6739,0.84672,12.849,0.84672,3695.15,0,36.966,0.343443,3.47948,2.19246,14.1216,1.24073,18.2094,0.42336,36.966,0.42336,423.524,0,1.02816,0,0,4.50764,3.47948,1.028160,1,0,55.5955,0,0,0,55.5955,0
68.3666,2.673,0,0,5.28701,0.156619,0.36288,3.6288,61.308,0.569593,0,0,2.48319,0.270258,1.64334,0.66528,12.849,1,0.518248,0.36288,0,51.799,4.84711,46.7966,0.84672,12.849,0.84672,3695.15,0,36.966,0.343439,3.1988,2.09782,13.981,1.24073,17.6934,0.42336,36.966,0.42336,423.524,0,1.02816,0,0,4.22696,3.1988,1.028160,1,0,66.1333,0,0,0,66.1333,0
71.1012,2.68635,0,0,5.94302,0.159228,0.36288,3.6288,61.308,0.569586,0,0,3.26094,0.270258,2.4211,0.66528,12.849,1,0.50488,0.36288,0,102.711,4.84711,97.7223,0.84672,12.849,0.84672,3695.15,0,36.966,0.343435,4.15162,2.09781,18.5691,1.24073,23.2343,0.42336,36.966,0.42336,423.524,0,1.02816,0,0,5.17978,4.15162,1.028160,1,0,123.378,0,0,0,123.378,0
72.29,2.70278,0,0,5.58314,0.174109,1.51743,3.6288,61.308,0.56958,0,0,2.85656,0.262662,2.02432,0.66528,12.849,1,0.488432,1.51743,0,148.982,4.8688,145.142,0.84672,12.849,0.84672,3695.15,0,36.966,0.343431,3.15185,2.09779,17.7816,1.21802,21.4697,0.42336,36.966,0.42336,423.524,0,1.02816,0,0,4.18001,3.15185,1.028160,1,0,168.637,0,0,0,168.637,0
71.5883,2.63959,0,0,2.5072,0.206441,0.36288,3.6288,61.308,0.513855,0,0,0.955411,0.184178,0.257378,0.66528,12.849,1,0.469168,0.36288,0,34.1332,3.95154,30.0754,0.84672,12.849,0.84672,3695.15,0,36.966,0.309832,0.563371,2.09778,7.65141,0.964878,9.03785,0.42336,36.966,0.42336,423.524,0,1.02816,0,0,1.59153,0.563371,1.028160,1,0,39.3706,0,0,0,39.3706,0
70.561,2.63568,0,0,2.23398,0.262707,0.36288,3.6288,61.2162,0.566359,0,0,0.652658,0.178049,0,0.66528,12.849,1,0.473064,0.36288,0,30.0408,4.00995,25.9207,0.84672,12.849,0.84672,3695.15,0,36.966,0.341489,0.216518,2.01332,6.39396,1.03929,7.24303,0.42336,36.966,0.42336,423.524,0,0.943989,0,0,1.16051,0.216518,1.028160,1,0,33.1637,0,0,0,33.1637,0
70.2547,2.62984,0,0,2.94712,0.260649,0.36288,3.6288,61.308,0.513553,0,0,1.48514,0.177946,0.701889,0.66528,12.849,1,0.478888,0.36288,0,40.1925,4.00995,36.0665,0.84672,12.849,0.84672,3695.15,0,36.966,0.310114,1.93086,2.01331,11.3652,1.03929,13.9599,0.42336,36.966,0.42336,423.524,0,1.02816,0,0,2.95902,1.93086,1.028160,1,0,50.7284,0,0,0,50.7284,0
72.29,2.62806,0,0,7.97528,0.260035,3.05193,3.6288,61.308,0.513837,0,0,3.45197,0.178049,2.76008,0.66528,12.849,1,0.48065,3.05193,0,120.046,4.00995,118.607,0.84672,12.849,0.84672,3695.15,0,36.966,0.309821,4.31797,2.0133,19.8083,1.03929,24.7905,0.42336,36.966,0.42336,423.524,0,1.02816,0,0,5.34613,4.31797,1.028160,1,0,146.158,0,0,0,146.158,0
71.1731,2.66377,0,0,2.18718,0.277445,0.36288,3.6288,61.308,0.492748,0,0,1.05647,0.176025,0.387701,0.66528,12.849,1,0.473466,0.36288,0,31.5103,3.91545,27.4843,0.84672,12.849,0.84672,3695.15,0,36.966,0.297105,0.697576,2.01329,6.68973,0.912735,8.19075,0.42336,36.966,0.42336,423.524,0,1.02816,0,0,1.72574,0.697576,1.028160,1,0,36.0628,0,0,0,36.0628,0
70.6425,2.65747,0,0,2.76704,0.277297,0.36288,3.6288,61.308,0.492742,0,0,1.69413,0.175687,1.0257,0.66528,12.849,1,0.479757,0.36288,0,40.0769,3.8997,36.0603,0.84672,12.849,0.84672,3695.15,0,36.966,0.297101,1.47692,1.99252,8.57632,0.891643,10.857,0.42336,36.966,0.42336,423.524,0,1.02816,0,0,2.50508,1.47692,1.028160,1,0,47.943,0,0,0,47.943,0
71.3362,2.6544,0,0,3.98912,0.278131,0.36288,3.6288,61.308,0.492736,0,0,2.51327,0.199791,1.82075,0.66528,12.849,1,0.482803,0.36288,0,59.2097,4.26101,54.8287,0.84672,12.849,0.84672,3695.15,0,36.966,0.297098,2.19082,1.9925,12.1532,1.03415,15.0053,0.42336,36.966,0.42336,423.524,0,1.02816,0,0,3.21898,2.19082,1.028160,1,0,71.6548,0,0,0,71.6548,0
72.0979,2.65837,0,0,4.05128,0.268342,0.36288,3.6288,61.308,0.49273,0,0,2.46362,0.233783,1.73711,0.66528,12.849,1,0.478822,0.36288,0,58.9734,4.41842,54.439,0.84672,12.849,0.84672,3695.15,0,36.966,0.297094,1.69994,1.99249,12.5715,1.08985,14.877,0.42336,36.966,0.42336,423.524,0,1.02816,0,0,2.7281,1.69994,1.028160,1,0,71.0531,0,0,0,71.0531,0
72.29,2.66265,0,0,5.708,0.272106,2.58112,3.6288,61.308,0.492723,0,0,2.98664,0.202905,2.29101,0.66528,12.849,1,0.474526,2.58112,0,80.2215,3.84753,78.4806,0.84672,12.849,0.84672,3695.15,0,36.966,0.29709,3.01027,1.99248,15.5923,0.91494,19.383,0.42336,36.966,0.42336,423.524,0,1.02816,0,0,4.03843,3.01027,1.028160,1,0,100.155,0,0,0,100.155,0
72.29,2.74714,0,0,7.46399,0.301943,4.41491,3.6288,61.308,0.529385,0,0,1.9335,0.199934,1.20418,0.66528,12.849,1,0.488284,4.41491,0,122.9,4.13973,122.687,0.84672,12.849,0.84672,3695.15,0,36.966,0.319196,3.1477,1.99247,13.4244,1.0257,17.2197,0.42336,36.966,0.42336,423.524,0,1.02816,0,0,4.17586,3.1477,1.028160,1,0,141.11,0,0,0,141.11,0
72.29,2.74711,0,0,7.92547,0.301943,4.87642,3.6288,61.308,0.529371,0,0,3.38924,0.199934,2.65993,0.66528,12.849,1,0.488278,4.87642,0,187.021,4.13973,187.27,0.84672,12.849,0.84672,3695.15,0,36.966,0.319187,5.59856,2.05629,20.6413,1.0257,26.9513,0.42336,36.966,0.42336,423.524,0,1.02816,0,0,6.62672,5.59856,1.028160,1,0,216.881,0,0,0,216.881,0
72.29,2.74708,0,0,6.88314,0.301943,3.83412,3.6288,61.308,0.529357,0,0,3.27713,0.199934,2.54784,0.66528,12.849,1,0.488272,3.83412,0,167.587,4.13973,166.793,0.84672,12.849,0.84672,3695.15,0,36.966,0.319179,2.94326,2.05626,12.1008,1.0257,15.7555,0.42336,36.966,0.42336,423.524,0,1.02816,0,0,3.97142,2.94326,1.028160,1,0,185.096,0,0,0,185.096,0
72.29,2.74704,0,0,7.03187,0.300618,3.98421,3.6288,61.308,0.529344,0,0,1.70451,0.168909,1.00626,0.66528,12.849,1,0.488266,3.98421,0,145.082,3.73914,144.839,0.84672,12.849,0.84672,3695.15,0,36.966,0.319171,2.06074,2.05624,10.0209,0.941163,12.8776,0.42336,36.966,0.42336,423.524,0,1.02816,0,0,3.0889,2.06074,1.028160,1,0,158.723,0,0,0,158.723,0
72.29,2.76252,0,0,8.22191,0.323595,5.1358,3.6288,61.308,0.557438,0,0,3.2617,0.195799,2.50846,0.66528,12.849,1,0.491017,5.1358,0,184.893,4.03378,185.504,0.84672,12.849,0.84672,3695.15,0,36.966,0.33611,4.69148,2.05622,19.2906,1.15764,24.5446,0.42336,36.966,0.42336,423.524,0,1.02816,0,0,5.71964,4.69148,1.028160,1,0,212.557,0,0,0,212.557,0
72.29,2.76249,0,0,5.51872,0.323595,2.43264,3.6288,61.308,0.557424,0,0,2.11797,0.195799,1.36475,0.66528,12.849,1,0.491011,2.43264,0,121.262,4.03378,119.169,0.84672,12.849,0.84672,3695.15,0,36.966,0.336102,2.79107,2.09442,11.8445,1.15764,15.2362,0.42336,36.966,0.42336,423.524,0,1.02816,0,0,3.81923,2.79107,1.028160,1,0,135.77,0,0,0,135.77,0
72.29,2.76245,0,0,6.14765,0.323595,3.0616,3.6288,61.308,0.557409,0,0,1.93222,0.195799,1.17902,0.66528,12.849,1,0.491005,3.0616,0,103.023,4.03378,101.56,0.84672,12.849,0.84672,3695.15,0,36.966,0.336093,2.35495,2.0944,9.2226,1.15764,12.1782,0.42336,36.966,0.42336,423.524,0,1.02816,0,0,3.38311,2.35495,1.028160,1,0,114.917,0,0,0,114.917,0
72.29,2.76242,0,0,4.62107,0.337536,1.52111,3.6288,61.308,0.557395,0,0,1.74459,0.162905,1.02429,0.66528,12.849,1,0.490999,1.52111,0,112.715,3.59676,110.148,0.84672,12.849,0.84672,3695.15,0,36.966,0.336084,2.02197,2.09437,8.33086,1.0646,11.0465,0.42336,36.966,0.42336,423.524,0,1.02816,0,0,3.05013,2.02197,1.028160,1,0,122.219,0,0,0,122.219,0
72.29,2.41224,0,0,3.59023,0.322936,0.855057,3.6288,61.308,0.388122,0,0,1.70815,0.179902,1.14012,0.66528,12.849,1,0.428757,0.855057,0,56.6419,3.56748,53.5007,0.84672,12.849,0.84672,3695.15,0,36.966,0.23402,1.31339,2.09435,5.15347,0.954705,7.37249,0.42336,36.966,0.42336,423.524,0,1.02816,0,0,2.34155,1.31339,1.028160,1,0,62.0133,0,0,0,62.0133,0
72.29,2.41221,0,0,3.16386,0.322936,0.428711,3.6288,61.308,0.388109,0,0,2.08548,0.179902,1.51747,0.66528,12.849,1,0.428752,0.428711,0,68.9553,3.56748,65.3878,0.84672,12.849,0.84672,3695.15,0,36.966,0.234013,1.6274,1.80743,6.33984,0.954705,8.58595,0.42336,36.966,0.42336,423.524,0,1.02816,0,0,2.65556,1.6274,1.028160,1,0,75.4912,0,0,0,75.4912,0
72.29,2.41218,0,0,4.83982,0.322936,2.1047,3.6288,61.308,0.388097,0,0,2.48727,0.179902,1.91927,0.66528,12.849,1,0.428747,2.1047,0,121.244,3.56748,119.353,0.84672,12.849,0.84672,3695.15,0,36.966,0.234005,1.90315,1.8074,7.91882,0.954705,10.4407,0.42336,36.966,0.42336,423.524,0,1.02816,0,0,2.93131,1.90315,1.028160,1,0,131.713,0,0,0,131.713,0
72.29,2.41215,0,0,5.8234,0.322936,3.08832,3.6288,61.308,0.388085,0,0,2.23784,0.179902,1.66985,0.66528,12.849,1,0.428742,3.08832,0,125.621,3.56748,124.713,0.84672,12.849,0.84672,3695.15,0,36.966,0.233998,2.05279,1.80738,8.80001,0.954705,11.4715,0.42336,36.966,0.42336,423.524,0,1.02816,0,0,3.08095,2.05279,1.028160,1,0,137.855,0,0,0,137.855,0
72.29,2.41212,0,0,5.63192,0.317774,2.90203,3.6288,61.308,0.388072,0,0,2.01734,0.221335,1.40793,0.66528,12.849,1,0.428737,2.90203,0,121.727,4.43843,119.762,0.84672,12.849,0.84672,3695.15,0,36.966,0.23399,2.15282,1.80736,9.30623,1.08958,11.9428,0.42336,36.966,0.42336,423.524,0,1.02816,0,0,3.18098,2.15282,1.028160,1,0,133.113,0,0,0,133.113,0
72.29,2.50023,0,0,5.07277,0.321996,2.25055,3.6288,61.308,0.429465,0,0,1.91659,0.20868,1.27845,0.66528,12.849,1,0.444396,2.25055,0,148.111,4.11978,145.798,0.84672,12.849,0.84672,3695.15,0,36.966,0.258948,2.25695,1.80734,8.41769,0.925823,11.2972,0.42336,36.966,0.42336,423.524,0,1.02816,0,0,3.28511,2.25695,1.028160,1,0,158.373,0,0,0,158.373,0
72.29,2.5002,0,0,4.22086,0.321996,1.39866,3.6288,61.308,0.429452,0,0,1.65668,0.20868,1.01854,0.66528,12.849,1,0.444391,1.39866,0,102.762,4.11978,99.5961,0.84672,12.849,0.84672,3695.15,0,36.966,0.25894,1.95557,1.87805,7.42072,0.925823,10.0696,0.42336,36.966,0.42336,423.524,0,1.02816,0,0,2.98373,1.95557,1.028160,1,0,110.684,0,0,0,110.684,0
72.29,2.50017,0,0,3.59202,0.3121,0.779752,3.6288,61.308,0.429439,0,0,1.43308,0.16156,0.842083,0.66528,12.849,1,0.444386,0.779752,0,81.4259,3.3323,78.429,0.84672,12.849,0.84672,3695.15,0,36.966,0.258933,1.64665,1.87802,6.44414,0.958191,8.7517,0.42336,36.966,0.42336,423.524,0,1.02816,0,0,2.67481,1.64665,1.028160,1,0,88.0228,0,0,0,88.0228,0
72.29,2.63721,0,0,3.75139,0.28437,0.829814,3.6288,61.308,0.488136,0,0,1.54393,0.189157,0.86664,0.66528,12.849,1,0.468744,0.829814,0,74.5658,3.74506,71.1818,0.84672,12.849,0.84672,3695.15,0,36.966,0.294324,1.915,1.878,6.22663,1.01839,8.70691,0.42336,36.966,0.42336,423.524,0,1.02816,0,0,2.94316,1.915,1.028160,1,0,80.7553,0,0,0,80.7553,0
72.29,2.64589,0,0,4.21112,0.260757,1.30447,3.6288,61.308,0.490436,0,0,1.64978,0.208814,0.950532,0.66528,12.849,1,0.470287,1.30447,0,76.4173,4.13994,73.1116,0.84672,12.849,0.84672,3695.15,0,36.966,0.295711,2.28025,1.98094,7.09379,0.990678,10.0686,0.42336,36.966,0.42336,423.524,0,1.02816,0,0,3.30841,2.28025,1.028160,1,0,84.1307,0,0,0,84.1307,0
72.29,2.64586,0,0,3.41865,0.260757,0.512033,3.6288,61.308,0.490423,0,0,1.4617,0.208814,0.762461,0.66528,12.849,1,0.470281,0.512033,0,65.0652,4.13994,60.9671,0.84672,12.849,0.84672,3695.15,0,36.966,0.295703,1.99257,1.98571,6.09824,0.990678,8.79014,0.42336,36.966,0.42336,423.524,0,1.02816,0,0,3.02073,1.99257,1.028160,1,0,70.5197,0,0,0,70.5197,0
72.0248,2.69089,0,0,3.04931,0.260757,0.36288,3.6288,61.308,0.509685,0,0,1.24114,0.208814,0.522646,0.66528,12.849,1,0.478285,0.36288,0,62.0585,4.13994,57.8032,0.84672,12.849,0.84672,3695.15,0,36.966,0.307317,1.22049,1.98568,5.73413,0.990678,7.6423,0.42336,36.966,0.42336,423.524,0,1.02816,0,0,2.24865,1.22049,1.028160,1,0,65.9681,0,0,0,65.9681,0
72.29,2.59929,0,0,3.71376,0.247138,0.602109,3.6288,61.308,0.471121,0,0,1.40172,0.214872,0.715726,0.66528,12.849,1,0.463706,0.602109,0,69.856,4.21875,65.7756,0.84672,12.849,0.84672,3695.15,0,36.966,0.284065,1.18642,2.01948,6.61358,1.00779,8.52762,0.42336,36.966,0.42336,423.524,0,1.02816,0,0,2.21458,1.18642,1.028160,1,0,75.019,0,0,0,75.019,0
72.29,2.58249,0,0,3.16348,0.173287,0.407707,3.6288,61.308,0.470306,0,0,1.20434,0.245773,0.488259,0.66528,12.849,1,0.459018,0.407707,0,52.5379,4.59621,47.8903,0.84672,12.849,0.84672,3695.15,0,36.966,0.283573,2.14793,1.95182,5.53609,1.01114,8.34112,0.42336,36.966,0.42336,423.524,0,1.02816,0,0,3.17609,2.14793,1.028160,1,0,56.7197,0,0,0,56.7197,0
72.133,2.58246,0,0,2.9624,0.174016,0.36288,3.6288,61.308,0.470292,0,0,1.17005,0.244865,0.454889,0.66528,12.849,1,0.459013,0.36288,0,49.2124,4.58031,44.536,0.84672,12.849,0.84672,3695.15,0,36.966,0.283565,1.45986,1.94678,5.22084,0.994591,7.34932,0.42336,36.966,0.42336,423.524,0,1.02816,0,0,2.48802,1.45986,1.028160,1,0,52.3402,0,0,0,52.3402,0
71.7081,2.58158,0,0,2.69336,0.173809,0.36288,3.6288,61.308,0.470279,0,0,1.01453,0.244865,0.299391,0.66528,12.849,1,0.459855,0.36288,0,46.479,4.58031,41.8017,0.84672,12.849,0.84672,3695.15,0,36.966,0.283557,0.866125,1.94676,4.80516,0.994591,6.3399,0.42336,36.966,0.42336,423.524,0,1.02816,0,0,1.89429,0.866125,1.028160,1,0,48.441,0,0,0,48.441,0
70.9657,2.57924,0,0,2.37296,0.173248,0.36288,3.6288,61.308,0.470266,0,0,0.983362,0.244865,0.268231,0.66528,12.849,1,0.46216,0.36288,0,39.4707,4.58031,34.7911,0.84672,12.849,0.84672,3695.15,0,36.966,0.283549,0.966012,1.94674,4.73595,0.994591,6.37055,0.42336,36.966,0.42336,423.524,0,1.02816,0,0,1.99417,0.966012,1.028160,1,0,41.4299,0,0,0,41.4299,0
70.6459,2.57511,0,0,2.7621,0.143947,0.36288,3.6288,61.308,0.470253,0,0,1.00382,0.244023,0.289546,0.66528,12.849,1,0.466248,0.36288,0,41.7883,4.72122,36.9637,0.84672,12.849,0.84672,3695.15,0,36.966,0.283542,0.940766,1.94671,4.47312,1.06749,6.00956,0.42336,36.966,0.42336,423.524,0,1.02816,0,0,1.96893,0.940766,1.028160,1,0,43.2628,0,0,0,43.2628,0
70.487,2.55025,0,0,2.89005,0.13585,0.36288,3.6288,61.308,0.501578,0,0,1.02359,0.233955,0.288057,0.66528,12.849,1,0.463837,0.36288,0,44.6058,4.67533,39.8295,0.84672,12.849,0.84672,3695.15,0,36.966,0.302429,0.892019,1.94669,4.29883,1.08466,5.75045,0.42336,36.966,0.42336,423.524,0,1.02816,0,0,1.92018,0.892019,1.028160,1,0,45.868,0,0,0,45.868,0
70.0539,2.54934,0,0,2.61483,0.135684,0.36288,3.6288,61.308,0.501564,0,0,0.949916,0.233955,0.214397,0.66528,12.849,1,0.464716,0.36288,0,40.0564,4.67533,35.2793,0.84672,12.849,0.84672,3695.15,0,36.966,0.302421,0.653841,1.98037,4.12296,1.08466,5.3701,0.42336,36.966,0.42336,423.524,0,1.02816,0,0,1.682,0.653841,1.028160,1,0,40.8637,0,0,0,40.8637,0
69.5282,2.54688,0,0,2.49119,0.107155,0.36288,3.6288,61.308,0.501551,0,0,0.898785,0.299769,0.0974646,0.66528,12.849,1,0.467138,0.36288,0,36.2881,5.52223,30.6616,0.84672,12.849,0.84672,3695.15,0,36.966,0.302413,0.662066,1.98035,3.90625,1.39379,4.85246,0.42336,36.966,0.42336,423.524,0,1.02816,0,0,1.69023,0.662066,1.028160,1,0,35.6115,0,0,0,35.6115,0
68.7671,2.54387,0,0,2.24704,0.101363,0.36288,3.6288,61.308,0.501537,0,0,0.842832,0.311575,0.0297202,0.66528,12.849,1,0.470114,0.36288,0,33.1134,5.6817,27.3245,0.84672,12.849,0.84672,3695.15,0,36.966,0.302405,0.575476,1.98033,3.74788,1.44749,4.55378,0.42336,36.966,0.42336,423.524,0,1.02816,0,0,1.60364,0.575476,1.028160,1,0,31.908,0,0,0,31.908,0
68.4122,2.59872,0,0,2.70337,0.0966089,0.36288,3.6288,61.308,0.529452,0,0,1.088,0.316592,0.241956,0.66528,12.849,1,0.485565,0.36288,0,41.6959,5.79159,35.7816,0.84672,12.849,0.84672,3695.15,0,36.966,0.319236,0.562317,1.9803,4.05556,1.46056,4.81839,0.42336,36.966,0.42336,423.524,0,1.02816,0,0,1.59048,0.562317,1.028160,1,0,40.8419,0,0,0,40.8419,0
67.845,2.59657,0,0,2.48859,0.0963417,0.36288,3.6288,61.308,0.529438,0,0,0.922355,0.316592,0.0763241,0.66528,12.849,1,0.48768,0.36288,0,34.2484,5.79159,28.332,0.84672,12.849,0.84672,3695.15,0,36.966,0.319228,0.658757,2.02805,3.92134,1.46056,4.82836,0.42336,36.966,0.42336,423.524,0,1.02816,0,0,1.68692,0.658757,1.028160,1,0,33.2366,0,0,0,33.2366,0
67.0718,2.59311,0,0,2.27869,0.0959145,0.36288,3.6288,61.308,0.529424,0,0,0.854306,0.316592,0.00828952,0.66528,12.849,1,0.491102,0.36288,0,32.5528,5.79159,26.633,0.84672,12.849,0.84672,3695.15,0,36.966,0.319219,0.413856,2.02802,3.44682,1.46056,4.10892,0.42336,36.966,0.42336,423.524,0,1.02816,0,0,1.44202,0.413856,1.028160,1,0,30.7502,0,0,0,30.7502,0
66.4423,2.58833,0,0,2.40759,0.0859192,0.36288,3.6288,61.308,0.52941,0,0,0.980735,0.321772,0.129553,0.66528,12.849,1,0.495847,0.36288,0,31.9265,5.94114,25.8524,0.84672,12.849,0.84672,3695.15,0,36.966,0.319211,0.702268,2.028,4.55971,1.49044,5.48033,0.42336,36.966,0.42336,423.524,0,1.02816,0,0,1.73043,0.702268,1.028160,1,0,31.4623,0,0,0,31.4623,0
65.4283,2.75696,0,0,2.1971,0.0912487,0.36288,3.6288,61.1398,0.630198,0,0,0.78948,0.327506,0,0.66528,12.849,1,0.533156,0.36288,0,24.2354,5.85111,18.214,0.84672,12.849,0.84672,3695.15,0,36.966,0.379981,0.37095,2.02797,3.98616,1.51134,4.49376,0.42336,36.966,0.42336,423.524,0,1.02816,0,0,1.39911,0.37095,1.028160,1,0,22.7077,0,0,0,22.7077,0
64.5705,2.75002,0,0,2.34445,0.0893879,0.36288,3.6288,61.0446,0.629531,0,0,0.881738,0.347421,0,0.66528,12.849,1,0.540056,0.36288,0,27.3643,5.88619,21.301,0.84672,12.849,0.84672,3695.15,0,36.966,0.380624,0.548536,2.19139,3.98568,1.52186,4.82313,0.42336,36.966,0.42336,423.524,0,1.02816,0,0,1.5767,0.548536,1.028160,1,0,26.1241,0,0,0,26.1241,0
63.227,2.744,0,0,1.8522,0.0887741,0.36288,3.6288,60.6282,0.712777,0,0,0.643628,0.347212,0,0.66528,12.849,1,0.546034,0.36288,0,28.2391,5.88619,22.1697,0.84672,12.849,0.84672,3695.15,0,36.966,0.42336,0.227405,2.19136,3.15814,1.52186,3.6317,0.42336,36.966,0.42336,423.524,0,0.902154,0,0,1.12956,0.227405,1.028160,1,0,25.8014,0,0,0,25.8014,0
62.336,2.73433,0,0,2.294,0.0878129,0.36288,3.6288,60.7252,0.627506,0,0,1.07079,0.346296,0,0.66528,12.849,1,0.55567,0.36288,0,25.0263,5.88619,18.9473,0.84672,12.849,0.84672,3695.15,0,36.966,0.382601,0.986515,2.19134,4.74577,1.52186,6.01917,0.42336,36.966,0.42336,423.524,0,1.02816,0,0,2.01468,0.986515,1.028160,1,0,24.9665,0,0,0,24.9665,0
60.9213,2.72771,0,0,1.78867,0.112773,0.36288,3.6288,60.6143,0.627871,0,0,0.825379,0.308367,0,0.66528,12.849,1,0.562248,0.36288,0,24.4769,5.22779,19.0497,0.84672,12.849,0.84672,3695.15,0,36.966,0.382212,0.335094,2.19131,4.62151,1.29748,5.46822,0.42336,36.966,0.42336,423.524,0,1.02816,0,0,1.36325,0.335094,1.028160,1,0,24.5179,0,0,0,24.5179,0
59.8959,2.634,0,0,2.11129,0.139791,0.36288,3.6288,60.7539,0.566504,0,0,0.995389,0.289363,0,0.66528,12.849,1,0.55554,0.36288,0,25.5503,5.21251,20.1451,0.84672,12.849,0.84672,3695.15,0,36.966,0.345486,0.345911,2.19128,4.93674,1.33411,5.79434,0.42336,36.966,0.42336,423.524,0,1.02816,0,0,1.37407,0.345911,1.028160,1,0,25.9395,0,0,0,25.9395,0
58.5236,2.62614,0,0,1.75524,0.138533,0.36288,3.6288,61.3032,0.566983,0,0,1.40592,0.289619,0,0.66528,12.849,1,0.563364,0.36288,0,23.6021,5.21251,18.1891,0.84672,12.849,0.84672,3695.15,0,36.966,0.344984,1.39357,2.09668,5.5974,1.33411,7.40856,0.42336,36.966,0.42336,423.524,0,1.02816,0,0,2.42173,1.39357,1.028160,1,0,25.5976,0,0,0,25.5976,0
56.8971,2.61527,0,0,1.48831,0.136713,0.36288,3.6288,61.2069,0.568897,0,0,0.763275,0.290628,0,0.66528,12.849,1,0.574189,0.36288,0,23.569,5.21251,18.1451,0.84672,12.849,0.84672,3695.15,0,36.966,0.343047,0.251796,2.09665,4.14012,1.33411,4.81142,0.42336,36.966,0.42336,423.524,0,1.02816,0,0,1.27996,0.251796,1.028160,1,0,22.9566,0,0,0,22.9566,0
55.5128,2.60185,0,0,1.74954,0.169081,0.36288,3.6288,61.1537,0.568547,0,0,0.775483,0.260148,0,0.66528,12.849,1,0.587573,0.36288,0,23.7409,4.79725,18.719,0.84672,12.849,0.84672,3695.15,0,36.966,0.343374,0.284144,2.09663,4.32359,1.20431,5.15667,0.42336,36.966,0.42336,423.524,0,1.02816,0,0,1.3123,0.284144,1.028160,1,0,23.8756,0,0,0,23.8756,0
53.4749,2.52302,0,0,0.996304,0.148269,0.36288,3.6288,60.941,0.612221,0,0,0.601251,0.201721,0,0.66528,12.849,1,0.583978,0.36288,0,17.0109,4.47147,12.3183,0.84672,12.849,0.84672,3695.15,0,36.966,0.370074,0.216518,2.0966,3.59727,0.968449,4.57187,0.42336,36.966,0.42336,423.524,0,0.868501,0,0,1.08502,0.216518,1.028160,1,0,16.8902,0,0,0,16.8902,0
51.6671,2.50504,0,0,1.30336,0.243277,0.36288,3.6288,60.5224,0.705015,0,0,0.475588,0.189221,0,0.66528,12.849,1,0.601914,0.36288,0,23.5683,4.58829,18.741,0.84672,12.849,0.84672,3695.15,0,36.966,0.42336,0.216518,2.01218,3.49116,1.11726,4.17923,0.42336,36.966,0.42336,423.524,0,0.722399,0,0,0.938917,0.216518,1.028160,1,0,22.9202,0,0,0,22.9202,0
49.6848,2.48815,0,0,1.10757,0.238791,0.36288,3.6288,60.2986,0.568807,0,0,0.533739,0.188719,0,0.66528,12.849,1,0.618773,0.36288,0,19.2661,4.58829,14.4219,0.84672,12.849,0.84672,3695.15,0,36.966,0.347417,0.216518,2.01215,3.8804,1.11726,4.64439,0.42336,36.966,0.42336,423.524,0,0.934528,0,0,1.15105,0.216518,1.028160,1,0,19.0663,0,0,0,19.0663,0
