0st_vol,0capacity,0net_inf,0st_rof,0lt_rof,0rest_demand,0unrest_demand,0unfulf_demand,0wastewater,0treat_capacity,0agg_price,0res_price,0gross_rev,0drought_cost,0cont_contrib,0debt_serv,0infra_npv,1st_vol,1capacity,1net_inf,1st_rof,1lt_rof,1rest_demand,1unrest_demand,1unfulf_demand,1wastewater,1treat_capacity,1agg_price,1res_price,1gross_rev,1drought_cost,1cont_contrib,1debt_serv,1infra_npv
85.139,85.139,3.49704,0.05,0,2.16737,2.46977,0,0,4.47552,4.50733e+06,2.70226e+06,9.76907e+06,0,0,0,0,99.3022,98.274,4.02372,0,1,1.73502,1.43262,0,0,2.1168,9.36715e+06,3.61194e+06,1.62522e+07,0,0,0,0
85.139,85.139,5.11535,0.05,0,2.18873,2.47039,0,0.406166,4.47552,4.50733e+06,2.70226e+06,9.86533e+06,0,0,0,0,99.3022,98.274,5.63127,0,1,1.71464,1.43298,0,1.34047,2.1168,9.36715e+06,3.61194e+06,1.60613e+07,0,0,0,0
85.139,85.139,8.4776,0.05,0,2.18971,2.47101,0,0.410168,4.47552,4.50733e+06,2.70226e+06,9.86976e+06,0,0,0,0,99.3022,98.274,9.69295,0,1,1.71464,1.43334,0,1.32473,2.1168,9.36715e+06,3.61194e+06,1.60613e+07,0,0,0,0
85.139,85.139,10.3227,0.05,0,2.19069,2.47164,0,0.410352,4.47552,4.50733e+06,2.70226e+06,9.87418e+06,0,0,0,0,99.3022,98.274,8.78398,0,1,1.71464,1.4337,0,1.32473,2.1168,9.36715e+06,3.61194e+06,1.60613e+07,0,0,0,0
85.139,85.139,10.8504,0.05,0,2.43281,2.7134,0,0.410536,4.47552,4.50733e+06,2.70226e+06,1.09655e+07,0,0,0,0,99.3022,98.274,10.0178,0,1,1.88326,1.60267,0,1.32473,2.1168,9.36715e+06,3.61194e+06,1.76407e+07,0,0,0,0
85.139,85.139,16.2168,0.05,0,2.60247,2.71408,0,0.455909,4.47552,4.50733e+06,2.70226e+06,1.17302e+07,0,0,0,0,99.3022,98.274,15.3111,0,1,1.71468,1.60308,0,1.455,2.1168,9.36715e+06,3.61194e+06,1.60617e+07,0,0,0,0
85.139,85.139,7.77683,0.05,0,2.60356,2.71476,0,0.487703,4.47552,4.50733e+06,2.70226e+06,1.17351e+07,0,0,0,0,99.3022,98.274,8.28828,0,1,1.71468,1.60348,0,1.32476,2.1168,9.36715e+06,3.61194e+06,1.60617e+07,0,0,0,0
85.139,85.139,5.44781,0.05,0,2.60464,2.71544,0,0.487906,4.47552,4.50733e+06,2.70226e+06,1.174e+07,0,0,0,0,99.3022,98.274,6.81179,0,1,1.71468,1.60388,0,1.32476,2.1168,9.36715e+06,3.61194e+06,1.60617e+07,0,0,0,0
85.139,85.139,4.99734,0.05,0,2.26144,2.37184,0,0.48811,4.47552,4.50733e+06,2.70226e+06,1.01931e+07,0,0,0,0,99.3022,98.274,7.07396,0,1,1.48817,1.37777,0,1.32476,2.1168,9.36715e+06,3.61194e+06,1.39399e+07,0,0,0,0
85.139,85.139,4.01077,0.05,0,2.07004,2.37244,0,0.423794,4.47552,4.50733e+06,2.70226e+06,9.33034e+06,0,0,0,0,99.3022,98.274,6.17617,0,1,1.68052,1.37812,0,1.14976,2.1168,9.36715e+06,3.61194e+06,1.57417e+07,0,0,0,0
85.139,85.139,5.84778,0.05,0,2.07063,2.37303,0,0.387925,4.47552,4.50733e+06,2.70226e+06,9.33303e+06,0,0,0,0,99.3022,98.274,7.71215,0,1,1.68087,1.37847,0,1.29837,2.1168,9.36715e+06,3.61194e+06,1.57449e+07,0,0,0,0
85.139,85.139,5.7268,0.05,0,2.07123,2.37363,0,0.388036,4.47552,4.50733e+06,2.70226e+06,9.33572e+06,0,0,0,0,99.3022,98.274,11.1261,0,1,1.68121,1.37881,0,1.29864,2.1168,9.36715e+06,3.61194e+06,1.57482e+07,0,0,0,0
85.139,85.139,7.26218,0.05,0,2.07183,2.37423,0,0.388148,4.47552,4.50733e+06,2.70226e+06,9.33841e+06,0,0,0,0,99.3022,98.274,11.2148,0,1,1.68156,1.37916,0,1.29891,2.1168,9.36715e+06,3.61194e+06,1.57514e+07,0,0,0,0
85.139,85.139,8.83026,0.05,0,2.15919,2.46159,0,0.38826,4.47552,4.50733e+06,2.70226e+06,9.7322e+06,0,0,0,0,99.3022,98.274,14.5724,0,1,1.73739,1.43499,0,1.29917,2.1168,9.36715e+06,3.61194e+06,1.62744e+07,0,0,0,0
85.139,85.139,5.58137,0.05,0,2.18292,2.46221,0,0.404633,4.47552,4.50733e+06,2.70226e+06,9.83916e+06,0,0,0,0,99.3022,98.274,9.63113,0,1,1.71464,1.43535,0,1.34231,2.1168,9.36715e+06,3.61194e+06,1.60613e+07,0,0,0,0
85.139,85.139,4.45603,0.05,0,2.1839,2.46283,0,0.40908,4.47552,4.50733e+06,2.70226e+06,9.84357e+06,0,0,0,0,99.3022,98.274,8.48238,0,1,1.71464,1.43571,0,1.32473,2.1168,9.36715e+06,3.61194e+06,1.60613e+07,0,0,0,0
85.139,85.139,3.88811,0.05,0,2.18488,2.46345,0,0.409263,4.47552,4.50733e+06,2.70226e+06,9.84799e+06,0,0,0,0,99.3022,98.274,7.8782,0,1,1.71464,1.43607,0,1.32473,2.1168,9.36715e+06,3.61194e+06,1.60613e+07,0,0,0,0
85.139,85.139,4.07974,0.05,0,2.1519,2.43011,0,0.409447,4.47552,4.50733e+06,2.70226e+06,9.69933e+06,0,0,0,0,99.3022,98.274,7.10518,0,1,1.69307,1.41486,0,1.32473,2.1168,9.36715e+06,3.61194e+06,1.58593e+07,0,0,0,0
85.139,85.139,3.77374,0.05,0,2.1313,2.43072,0,0.403266,4.47552,4.50733e+06,2.70226e+06,9.60649e+06,0,0,0,0,99.3022,98.274,6.94288,0,1,1.71464,1.41522,0,1.30807,2.1168,9.36715e+06,3.61194e+06,1.60613e+07,0,0,0,0
85.139,85.139,3.36525,0.05,0,2.13227,2.43133,0,0.399406,4.47552,4.50733e+06,2.70226e+06,9.61085e+06,0,0,0,0,99.3022,98.274,7.42179,0,1,1.71464,1.41557,0,1.32473,2.1168,9.36715e+06,3.61194e+06,1.60613e+07,0,0,0,0
85.139,85.139,3.50031,0.04,0,2.13324,2.43194,0,0.399587,4.47552,4.50733e+06,2.70226e+06,9.61521e+06,0,0,0,0,99.3022,98.274,6.38555,0,1,1.71464,1.41593,0,1.32473,2.1168,9.36715e+06,3.61194e+06,1.60613e+07,0,0,0,0
85.139,85.139,3.47901,0.04,0,2.2496,2.54795,0,0.399769,4.47552,4.50733e+06,2.70226e+06,1.01397e+07,0,0,0,0,99.3022,98.274,5.83796,0,1,1.79121,1.49286,0,1.32473,2.1168,9.36715e+06,3.61194e+06,1.67785e+07,0,0,0,0
85.139,85.139,3.08761,0.02,0,2.32717,2.54859,0,0.421575,4.47552,4.50733e+06,2.70226e+06,1.04893e+07,0,0,0,0,99.3022,98.274,4.81452,0,1,1.71466,1.49323,0,1.38389,2.1168,9.36715e+06,3.61194e+06,1.60614e+07,0,0,0,0
85.139,85.139,2.9617,0.01,0,2.32818,2.54923,0,0.436111,4.47552,4.50733e+06,2.70226e+06,1.04939e+07,0,0,0,0,99.3022,98.274,4.87567,0,1,1.71466,1.49361,0,1.32474,2.1168,9.36715e+06,3.61194e+06,1.60614e+07,0,0,0,0
85.139,85.139,2.89634,0.01,0,2.3292,2.54987,0,0.436301,4.47552,4.50733e+06,2.70226e+06,1.04985e+07,0,0,0,0,99.3022,98.274,4.69283,0,1,1.71466,1.49398,0,1.32474,2.1168,9.36715e+06,3.61194e+06,1.60614e+07,0,0,0,0
85.139,85.139,2.95731,0.01,0,2.33022,2.55051,0,0.436492,4.47552,4.50733e+06,2.70226e+06,1.05031e+07,0,0,0,0,99.3022,98.274,4.64445,0,1,1.71466,1.49436,0,1.32474,2.1168,9.36715e+06,3.61194e+06,1.60614e+07,0,0,0,0
85.139,85.139,4.02306,0.01,0,2.30838,2.5283,0,0.436682,4.47552,4.50733e+06,2.70226e+06,1.04047e+07,0,0,0,0,99.3022,98.274,4.3542,0,1,1.75679,1.53687,0,1.32474,2.1168,9.36715e+06,3.61194e+06,1.64562e+07,0,0,0,0
85.139,85.139,3.72127,0.01,0,2.35153,2.52894,0,0.432591,4.47552,4.50733e+06,2.70226e+06,1.05991e+07,0,0,0,0,99.3022,98.274,4.16997,0,1,1.71467,1.53726,0,1.3573,2.1168,9.36715e+06,3.61194e+06,1.60615e+07,0,0,0,0
85.139,85.139,3.47518,0.01,0,2.35255,2.52957,0,0.440677,4.47552,4.50733e+06,2.70226e+06,1.06037e+07,0,0,0,0,99.3022,98.274,4.24972,0,1,1.71467,1.53765,0,1.32475,2.1168,9.36715e+06,3.61194e+06,1.60615e+07,0,0,0,0
85.139,85.139,3.26421,0.01,0,2.35358,2.53021,0,0.440869,4.47552,4.50733e+06,2.70226e+06,1.06084e+07,0,0,0,0,99.3022,98.274,4.16691,0,1,1.71467,1.53803,0,1.32475,2.1168,9.36715e+06,3.61194e+06,1.60615e+07,0,0,0,0
85.139,85.139,3.30689,0.01,0,2.41367,2.58991,0,0.44106,4.47552,4.50733e+06,2.70226e+06,1.08792e+07,0,0,0,0,99.3022,98.274,3.74123,0,1,1.75226,1.57601,0,1.32475,2.1168,9.36715e+06,3.61194e+06,1.64137e+07,0,0,0,0
85.139,85.139,3.13183,0.01,0,2.4523,2.59056,0,0.452321,4.47552,4.50733e+06,2.70226e+06,1.10533e+07,0,0,0,0,99.3022,98.274,3.35228,0,1,1.71468,1.57641,0,1.3538,2.1168,9.36715e+06,3.61194e+06,1.60616e+07,0,0,0,0
85.139,85.139,2.87448,0.01,0,2.45334,2.59121,0,0.45956,4.47552,4.50733e+06,2.70226e+06,1.1058e+07,0,0,0,0,99.3022,98.274,3.16491,0,1,1.71468,1.57681,0,1.32476,2.1168,9.36715e+06,3.61194e+06,1.60616e+07,0,0,0,0
85.139,85.139,3.42841,0.02,0,2.45439,2.59187,0,0.459756,4.47552,4.50733e+06,2.70226e+06,1.10628e+07,0,0,0,0,99.3022,98.274,4.21982,0,1,1.71468,1.5772,0,1.32476,2.1168,9.36715e+06,3.61194e+06,1.60616e+07,0,0,0,0
85.139,85.139,3.11603,0.02,0,2.62858,2.76566,0,0.459953,4.47552,4.50733e+06,2.70226e+06,1.18479e+07,0,0,0,0,99.3022,98.274,3.42212,0,1,1.8505,1.71342,0,1.32476,2.1168,9.36715e+06,3.61194e+06,1.73339e+07,0,0,0,0
85.139,85.139,3.11044,0.02,0,2.7655,2.76636,0,0.492596,4.47552,4.50733e+06,2.70226e+06,1.2465e+07,0,0,0,0,99.3022,98.274,3.51879,0,1,1.71471,1.71385,0,1.4297,2.1168,9.36715e+06,3.61194e+06,1.6062e+07,0,0,0,0
84.7518,85.139,2.57699,0.02,0,2.76662,2.76705,0,0.518254,4.47552,4.50733e+06,2.70226e+06,1.24701e+07,0,0,0,0,99.2162,98.274,2.49264,0,1,1.71471,1.71428,0,1.32479,2.1168,9.36715e+06,3.61194e+06,1.6062e+07,0,0,0,0
84.9567,85.139,3.16338,0.03,0,2.76775,2.76775,0,0.518466,4.47552,4.50733e+06,2.70226e+06,1.24752e+07,0,0,0,0,99.3022,98.274,4.64489,0,1,1.71472,1.71472,0,1.32479,2.1168,9.36715e+06,3.61194e+06,1.6062e+07,0,0,0,0
84.6768,85.139,2.63667,0.03,0,2.76844,2.76844,0,0.518676,4.47552,4.50733e+06,2.70226e+06,1.24783e+07,0,0,0,0,99.3022,98.274,3.407,0,1,1.71515,1.71515,0,1.32479,2.1168,9.36715e+06,3.61194e+06,1.6066e+07,0,0,0,0
83.3139,85.139,1.43212,0.03,0,2.68465,2.68465,0,0.518806,4.47552,4.50733e+06,2.70226e+06,1.21006e+07,0,0,0,0,99.1831,98.274,2.64116,0,1,1.63303,1.63303,0,1.32512,2.1168,9.36715e+06,3.61194e+06,1.52969e+07,0,0,0,0
81.7923,85.139,1.1915,0.03,0,2.60408,2.68532,0,0.503103,4.47552,4.50733e+06,2.70226e+06,1.17374e+07,0,0,0,0,98.9485,98.274,2.35609,0,1,1.71469,1.63344,0,1.26168,2.1168,9.36715e+06,3.61194e+06,1.60618e+07,0,0,0,0
81.1398,85.139,2.20766,0.03,0,2.60516,2.686,0,0.488004,4.47552,4.50733e+06,2.70226e+06,1.17423e+07,0,0,0,0,99.0584,98.274,3.23939,0,1,1.71469,1.63386,0,1.32477,2.1168,9.36715e+06,3.61194e+06,1.60618e+07,0,0,0,0
82.5078,85.139,4.39897,0.03,0,2.60625,2.68668,0,0.488208,4.47552,4.50733e+06,2.70226e+06,1.17472e+07,0,0,0,0,99.3022,98.274,4.61483,0,1,1.71469,1.63427,0,1.32477,2.1168,9.36715e+06,3.61194e+06,1.60618e+07,0,0,0,0
82.0775,85.139,2.39331,0.03,0,2.53792,2.61793,0,0.488411,4.47552,4.50733e+06,2.70226e+06,1.14392e+07,0,0,0,0,99.3022,98.274,3.15782,0,1,1.63948,1.55947,0,1.32477,2.1168,9.36715e+06,3.61194e+06,1.53573e+07,0,0,0,0
81.7357,85.139,2.44173,0.03,0,2.46377,2.61859,0,0.475605,4.47552,4.50733e+06,2.70226e+06,1.1105e+07,0,0,0,0,99.3022,98.274,2.8223,0,1,1.71467,1.55986,0,1.26666,2.1168,9.36715e+06,3.61194e+06,1.60616e+07,0,0,0,0
82.1321,85.139,3.24197,0.02,0,2.46482,2.61925,0,0.461711,4.47552,4.50733e+06,2.70226e+06,1.11098e+07,0,0,0,0,99.3022,98.274,3.01338,0,1,1.71467,1.56025,0,1.32476,2.1168,9.36715e+06,3.61194e+06,1.60616e+07,0,0,0,0
83.5041,85.139,4.23911,0.03,0,2.46588,2.6199,0,0.461908,4.47552,4.50733e+06,2.70226e+06,1.11145e+07,0,0,0,0,99.3022,98.274,3.68784,0,1,1.71467,1.56064,0,1.32476,2.1168,9.36715e+06,3.61194e+06,1.60616e+07,0,0,0,0
85.139,85.139,5.25983,0.03,0,2.26957,2.42321,0,0.462105,4.47552,4.50733e+06,2.70226e+06,1.02297e+07,0,0,0,0,99.3022,98.274,5.27238,0,1,1.55787,1.40423,0,1.32476,2.1168,9.36715e+06,3.61194e+06,1.45928e+07,0,0,0,0
85.139,85.139,12.5371,0.02,0,2.12141,2.42381,0,0.425317,4.47552,4.50733e+06,2.70226e+06,9.56192e+06,0,0,0,0,99.3022,98.274,13.7695,0,1,1.70699,1.40459,0,1.20361,2.1168,9.36715e+06,3.61194e+06,1.59896e+07,0,0,0,0
85.139,85.139,9.86918,0.04,0,2.12202,2.42442,0,0.397553,4.47552,4.50733e+06,2.70226e+06,9.56467e+06,0,0,0,0,99.3022,98.274,12.8405,0,1,1.70734,1.40494,0,1.31882,2.1168,9.36715e+06,3.61194e+06,1.59929e+07,0,0,0,0
85.139,85.139,12.1497,0.04,0,2.12263,2.42503,0,0.397667,4.47552,4.50733e+06,2.70226e+06,9.56741e+06,0,0,0,0,99.3022,98.274,17.2054,0,1,1.70769,1.40529,0,1.31909,2.1168,9.36715e+06,3.61194e+06,1.59962e+07,0,0,0,0
85.139,85.139,9.56577,0.05,0,2.12324,2.42564,0,0.397782,4.47552,4.50733e+06,2.70226e+06,9.57016e+06,0,0,0,0,99.3022,98.274,7.14336,0,1,1.70805,1.40565,0,1.31936,2.1168,9.36715e+06,3.61194e+06,1.59995e+07,0,0,0,0
85.139,85.139,5.35252,0.05,0,2.19985,2.50225,0,0.397896,4.47552,4.50733e+06,2.70226e+06,9.91547e+06,0,0,0,0,99.3022,98.274,4.41926,0,1,1.75386,1.45146,0,1.31964,2.1168,9.36715e+06,3.61194e+06,1.64286e+07,0,0,0,0
85.139,85.139,7.77559,0.05,0,2.24004,2.50286,0,0.412252,4.47552,4.50733e+06,2.70226e+06,1.00966e+07,0,0,0,0,99.3022,98.274,8.43139,0,1,1.71463,1.45181,0,1.35503,2.1168,9.36715e+06,3.61194e+06,1.60612e+07,0,0,0,0
85.139,85.139,8.96708,0.05,0,2.241,2.50347,0,0.419783,4.47552,4.50733e+06,2.70226e+06,1.01009e+07,0,0,0,0,99.3022,98.274,8.96659,0,1,1.71463,1.45216,0,1.32473,2.1168,9.36715e+06,3.61194e+06,1.60612e+07,0,0,0,0
85.139,85.139,9.4947,0.05,0,2.24197,2.50408,0,0.419964,4.47552,4.50733e+06,2.70226e+06,1.01053e+07,0,0,0,0,99.3022,98.274,9.96015,0,1,1.71463,1.45252,0,1.32473,2.1168,9.36715e+06,3.61194e+06,1.60612e+07,0,0,0,0
85.139,85.139,5.11264,0.05,0,2.48723,2.74899,0,0.420144,4.47552,4.50733e+06,2.70226e+06,1.12108e+07,0,0,0,0,99.3022,98.274,8.72293,0,1,1.88546,1.6237,0,1.32473,2.1168,9.36715e+06,3.61194e+06,1.76614e+07,0,0,0,0
85.139,85.139,6.12789,0.05,0,2.65908,2.74966,0,0.466107,4.47552,4.50733e+06,2.70226e+06,1.19854e+07,0,0,0,0,99.3022,98.274,9.3734,0,1,1.71468,1.62409,0,1.45671,2.1168,9.36715e+06,3.61194e+06,1.60616e+07,0,0,0,0
85.139,85.139,5.55951,0.05,0,2.66015,2.75033,0,0.498312,4.47552,4.50733e+06,2.70226e+06,1.19902e+07,0,0,0,0,99.3022,98.274,9.55675,0,1,1.71468,1.62449,0,1.32476,2.1168,9.36715e+06,3.61194e+06,1.60616e+07,0,0,0,0
85.139,85.139,8.88925,0.05,0,2.66121,2.751,0,0.498512,4.47552,4.50733e+06,2.70226e+06,1.1995e+07,0,0,0,0,99.3022,98.274,8.60154,0,1,1.71468,1.62489,0,1.32476,2.1168,9.36715e+06,3.61194e+06,1.60616e+07,0,0,0,0
85.139,85.139,5.07462,0.05,0,2.31349,2.40288,0,0.498712,4.47552,4.50733e+06,2.70226e+06,1.04277e+07,0,0,0,0,99.3022,98.274,7.63963,0,1,1.4852,1.39581,0,1.32476,2.1168,9.36715e+06,3.61194e+06,1.39121e+07,0,0,0,0
85.139,85.139,5.92168,0.05,0,2.10107,2.40347,0,0.433548,4.47552,4.50733e+06,2.70226e+06,9.47021e+06,0,0,0,0,99.3022,98.274,9.70857,0,1,1.69855,1.39615,0,1.14747,2.1168,9.36715e+06,3.61194e+06,1.59106e+07,0,0,0,0
85.139,85.139,7.63314,0.05,0,2.10165,2.40405,0,0.39374,4.47552,4.50733e+06,2.70226e+06,9.47285e+06,0,0,0,0,99.3022,98.274,10.9812,0,1,1.69889,1.39649,0,1.3123,2.1168,9.36715e+06,3.61194e+06,1.59137e+07,0,0,0,0
85.139,85.139,7.31377,0.05,0,2.10224,2.40464,0,0.39385,4.47552,4.50733e+06,2.70226e+06,9.47549e+06,0,0,0,0,99.3022,98.274,10.5333,0,1,1.69923,1.39683,0,1.31256,2.1168,9.36715e+06,3.61194e+06,1.59169e+07,0,0,0,0
85.139,85.139,12.1542,0.05,0,2.10283,2.40523,0,0.39396,4.47552,4.50733e+06,2.70226e+06,9.47813e+06,0,0,0,0,99.3022,98.274,14.7261,0,1,1.69957,1.39717,0,1.31282,2.1168,9.36715e+06,3.61194e+06,1.59201e+07,0,0,0,0
85.139,85.139,9.20764,0.05,0,2.19131,2.49371,0,0.394069,4.47552,4.50733e+06,2.70226e+06,9.87698e+06,0,0,0,0,99.3022,98.274,11.431,0,1,1.75612,1.45372,0,1.31309,2.1168,9.36715e+06,3.61194e+06,1.64498e+07,0,0,0,0
85.139,85.139,10.1808,0.05,0,2.23376,2.49432,0,0.410652,4.47552,4.50733e+06,2.70226e+06,1.00683e+07,0,0,0,0,99.3022,98.274,12.5248,0,1,1.71463,1.45407,0,1.35677,2.1168,9.36715e+06,3.61194e+06,1.60612e+07,0,0,0,0
85.139,85.139,8.4497,0.05,0,2.23472,2.49493,0,0.418606,4.47552,4.50733e+06,2.70226e+06,1.00726e+07,0,0,0,0,99.3022,98.274,9.57819,0,1,1.71463,1.45442,0,1.32473,2.1168,9.36715e+06,3.61194e+06,1.60612e+07,0,0,0,0
85.139,85.139,7.08383,0.05,0,2.23568,2.49554,0,0.418786,4.47552,4.50733e+06,2.70226e+06,1.0077e+07,0,0,0,0,99.3022,98.274,8.72536,0,1,1.71463,1.45478,0,1.32473,2.1168,9.36715e+06,3.61194e+06,1.60612e+07,0,0,0,0
85.139,85.139,6.48675,0.05,0,2.20224,2.46174,0,0.418967,4.47552,4.50733e+06,2.70226e+06,9.92623e+06,0,0,0,0,99.3022,98.274,6.98688,0,1,1.69278,1.43328,0,1.32473,2.1168,9.36715e+06,3.61194e+06,1.58566e+07,0,0,0,0
85.139,85.139,6.35281,0.05,0,2.18134,2.46234,0,0.4127,4.47552,4.50733e+06,2.70226e+06,9.83205e+06,0,0,0,0,99.3022,98.274,6.194,0,1,1.71463,1.43363,0,1.30784,2.1168,9.36715e+06,3.61194e+06,1.60612e+07,0,0,0,0
85.139,85.139,5.9577,0.05,0,2.18229,2.46294,0,0.408784,4.47552,4.50733e+06,2.70226e+06,9.83632e+06,0,0,0,0,99.3022,98.274,5.62854,0,1,1.71463,1.43398,0,1.32472,2.1168,9.36715e+06,3.61194e+06,1.60612e+07,0,0,0,0
85.139,85.139,5.39336,0.04,0,2.18324,2.46354,0,0.408962,4.47552,4.50733e+06,2.70226e+06,9.8406e+06,0,0,0,0,99.3022,98.274,6.14362,0,1,1.71463,1.43433,0,1.32472,2.1168,9.36715e+06,3.61194e+06,1.60612e+07,0,0,0,0
85.139,85.139,5.10443,0.04,0,2.30108,2.58104,0,0.40914,4.47552,4.50733e+06,2.70226e+06,1.03718e+07,0,0,0,0,99.3022,98.274,5.07008,0,1,1.7922,1.51225,0,1.32472,2.1168,9.36715e+06,3.61194e+06,1.67878e+07,0,0,0,0
85.139,85.139,4.89103,0.03,0,2.37963,2.58166,0,0.431223,4.47552,4.50733e+06,2.70226e+06,1.07258e+07,0,0,0,0,99.3022,98.274,4.52101,0,1,1.71465,1.51261,0,1.38465,2.1168,9.36715e+06,3.61194e+06,1.60614e+07,0,0,0,0
85.139,85.139,4.80226,0.02,0,2.38063,2.58229,0,0.445943,4.47552,4.50733e+06,2.70226e+06,1.07303e+07,0,0,0,0,99.3022,98.274,4.53975,0,1,1.71465,1.51298,0,1.32474,2.1168,9.36715e+06,3.61194e+06,1.60614e+07,0,0,0,0
85.139,85.139,4.30931,0.02,0,2.38163,2.58292,0,0.44613,4.47552,4.50733e+06,2.70226e+06,1.07348e+07,0,0,0,0,99.3022,98.274,4.54078,0,1,1.71465,1.51335,0,1.32474,2.1168,9.36715e+06,3.61194e+06,1.60614e+07,0,0,0,0
85.139,85.139,4.11501,0.02,0,2.38262,2.58355,0,0.446317,4.47552,4.50733e+06,2.70226e+06,1.07393e+07,0,0,0,0,99.3022,98.274,4.45545,0,1,1.71465,1.51372,0,1.32474,2.1168,9.36715e+06,3.61194e+06,1.60614e+07,0,0,0,0
85.139,85.139,3.35151,0.02,0,2.36048,2.56104,0,0.446504,4.47552,4.50733e+06,2.70226e+06,1.06395e+07,0,0,0,0,99.3022,98.274,4.09417,0,1,1.75733,1.55677,0,1.32474,2.1168,9.36715e+06,3.61194e+06,1.64612e+07,0,0,0,0
85.139,85.139,3.18139,0.02,0,2.40415,2.56166,0,0.442353,4.47552,4.50733e+06,2.70226e+06,1.08363e+07,0,0,0,0,99.3022,98.274,3.87991,0,1,1.71466,1.55715,0,1.35772,2.1168,9.36715e+06,3.61194e+06,1.60615e+07,0,0,0,0
85.139,85.139,2.90981,0.02,0,2.40516,2.56229,0,0.450538,4.47552,4.50733e+06,2.70226e+06,1.08408e+07,0,0,0,0,99.3022,98.274,3.87999,0,1,1.71466,1.55753,0,1.32475,2.1168,9.36715e+06,3.61194e+06,1.60615e+07,0,0,0,0
85.094,85.139,2.62718,0.02,0,2.40616,2.56291,0,0.450726,4.47552,4.50733e+06,2.70226e+06,1.08454e+07,0,0,0,0,99.3022,98.274,3.48744,0,1,1.71466,1.55791,0,1.32475,2.1168,9.36715e+06,3.61194e+06,1.60615e+07,0,0,0,0
84.8795,85.139,2.46405,0.03,0,2.46699,2.62336,0,0.450915,4.47552,4.50733e+06,2.70226e+06,1.11196e+07,0,0,0,0,99.3022,98.274,3.00384,0,1,1.75274,1.59637,0,1.32475,2.1168,9.36715e+06,3.61194e+06,1.64182e+07,0,0,0,0
84.9856,85.139,2.8455,0.03,0,2.50609,2.624,0,0.462314,4.47552,4.50733e+06,2.70226e+06,1.12958e+07,0,0,0,0,99.3022,98.274,3.58821,0,1,1.71467,1.59676,0,1.35416,2.1168,9.36715e+06,3.61194e+06,1.60616e+07,0,0,0,0
84.8508,85.139,2.57154,0.03,0,2.50712,2.62464,0,0.469641,4.47552,4.50733e+06,2.70226e+06,1.13004e+07,0,0,0,0,99.3022,98.274,3.4326,0,1,1.71467,1.59715,0,1.32475,2.1168,9.36715e+06,3.61194e+06,1.60616e+07,0,0,0,0
84.496,85.139,2.34204,0.03,0,2.50815,2.62528,0,0.469834,4.47552,4.50733e+06,2.70226e+06,1.13051e+07,0,0,0,0,99.2982,98.274,2.98733,0,1,1.71467,1.59754,0,1.32475,2.1168,9.36715e+06,3.61194e+06,1.60616e+07,0,0,0,0
84.114,85.139,2.46055,0.03,0,2.68455,2.80129,0,0.470027,4.47552,4.50733e+06,2.70226e+06,1.21002e+07,0,0,0,0,99.3022,98.274,3.58271,0,1,1.85224,1.7355,0,1.32475,2.1168,9.36715e+06,3.61194e+06,1.73503e+07,0,0,0,0
83.1318,85.139,1.97232,0.03,0,2.80198,2.80198,0,0.503085,4.47552,4.50733e+06,2.70226e+06,1.26294e+07,0,0,0,0,99.1295,98.274,2.39813,0,1,1.73592,1.73592,0,1.43104,2.1168,9.36715e+06,3.61194e+06,1.62607e+07,0,0,0,0
82.3379,85.139,2.18271,0.03,0,2.80266,2.80266,0,0.525091,4.47552,4.50733e+06,2.70226e+06,1.26325e+07,0,0,0,0,99.0989,98.274,2.93358,0,1,1.73635,1.73635,0,1.34117,2.1168,9.36715e+06,3.61194e+06,1.62646e+07,0,0,0,0
81.1434,85.139,1.77503,0.03,0,2.80334,2.80334,0,0.525218,4.47552,4.50733e+06,2.70226e+06,1.26356e+07,0,0,0,0,98.8624,98.274,2.09051,0,1,1.73677,1.73677,0,1.3415,2.1168,9.36715e+06,3.61194e+06,1.62686e+07,0,0,0,0
80.3617,85.139,2.17039,0.03,0,2.80403,2.80403,0,0.525346,4.47552,4.50733e+06,2.70226e+06,1.26387e+07,0,0,0,0,99.0083,98.274,3.77385,0,1,1.73719,1.73719,0,1.34183,2.1168,9.36715e+06,3.61194e+06,1.62725e+07,0,0,0,0
79.1221,85.139,1.71613,0.03,0,2.71913,2.71913,0,0.525474,4.47552,4.50733e+06,2.70226e+06,1.2256e+07,0,0,0,0,98.9221,98.274,2.49069,0,1,1.65401,1.65401,0,1.34215,2.1168,9.36715e+06,3.61194e+06,1.54934e+07,0,0,0,0
78.044,85.139,1.88291,0.04,0,2.65953,2.7198,0,0.509566,4.47552,4.50733e+06,2.70226e+06,1.19874e+07,0,0,0,0,98.8239,98.274,2.24875,0,1,1.71468,1.65441,0,1.27789,2.1168,9.36715e+06,3.61194e+06,1.60617e+07,0,0,0,0
77.5497,85.139,2.50391,0.04,0,2.66059,2.72046,0,0.498396,4.47552,4.50733e+06,2.70226e+06,1.19922e+07,0,0,0,0,98.9255,98.274,3.07384,0,1,1.71468,1.65482,0,1.32476,2.1168,9.36715e+06,3.61194e+06,1.60617e+07,0,0,0,0
77.7703,85.139,3.35195,0.04,0,2.66166,2.72112,0,0.498595,4.47552,4.50733e+06,2.70226e+06,1.1997e+07,0,0,0,0,99.3022,98.274,4.21889,0,1,1.71468,1.65522,0,1.32476,2.1168,9.36715e+06,3.61194e+06,1.60617e+07,0,0,0,0
76.8211,85.139,2.03767,0.04,0,2.59242,2.65148,0,0.498795,4.47552,4.50733e+06,2.70226e+06,1.16849e+07,0,0,0,0,99.3022,98.274,2.49731,0,1,1.63851,1.57945,0,1.32476,2.1168,9.36715e+06,3.61194e+06,1.53482e+07,0,0,0,0
75.5226,85.139,1.53497,0.04,0,2.51729,2.65212,0,0.485819,4.47552,4.50733e+06,2.70226e+06,1.13463e+07,0,0,0,0,99.2805,98.274,2.29415,0,1,1.71466,1.57983,0,1.26591,2.1168,9.36715e+06,3.61194e+06,1.60615e+07,0,0,0,0
75.1223,85.139,2.55461,0.04,0,2.51832,2.65277,0,0.47174,4.47552,4.50733e+06,2.70226e+06,1.13509e+07,0,0,0,0,99.3022,98.274,3.11033,0,1,1.71467,1.58022,0,1.32475,2.1168,9.36715e+06,3.61194e+06,1.60615e+07,0,0,0,0
75.8359,85.139,3.81455,0.03,0,2.51935,2.65341,0,0.471934,4.47552,4.50733e+06,2.70226e+06,1.13556e+07,0,0,0,0,99.3022,98.274,4.56309,0,1,1.71467,1.5806,0,1.32475,2.1168,9.36715e+06,3.61194e+06,1.60615e+07,0,0,0,0
76.639,85.139,3.73757,0.03,0,2.3205,2.45418,0,0.472127,4.47552,4.50733e+06,2.70226e+06,1.04593e+07,0,0,0,0,99.3022,98.274,4.19356,0,1,1.55586,1.42218,0,1.32475,2.1168,9.36715e+06,3.61194e+06,1.4574e+07,0,0,0,0
76.9195,85.139,2.91179,0.03,0,2.16268,2.45478,0,0.434862,4.47552,4.50733e+06,2.70226e+06,9.74793e+06,0,0,0,0,99.3022,98.274,3.48269,0,1,1.71463,1.42253,0,1.20206,2.1168,9.36715e+06,3.61194e+06,1.60612e+07,0,0,0,0
77.8425,85.139,3.7222,0.02,0,2.16363,2.45538,0,0.405287,4.47552,4.50733e+06,2.70226e+06,9.75219e+06,0,0,0,0,99.3022,98.274,4.57878,0,1,1.71463,1.42288,0,1.32472,2.1168,9.36715e+06,3.61194e+06,1.60612e+07,0,0,0,0
77.3353,85.139,2.15284,0.03,0,2.16457,2.45598,0,0.405464,4.47552,4.50733e+06,2.70226e+06,9.75645e+06,0,0,0,0,99.1686,98.274,2.88281,0,1,1.71463,1.42322,0,1.32472,2.1168,9.36715e+06,3.61194e+06,1.60612e+07,0,0,0,0
76.6669,85.139,1.95791,0.03,0,2.16552,2.45657,0,0.405641,4.47552,4.50733e+06,2.70226e+06,9.76071e+06,0,0,0,0,98.9306,98.274,2.42971,0,1,1.71463,1.42357,0,1.32472,2.1168,9.36715e+06,3.61194e+06,1.60612e+07,0,0,0,0
84.0824,85.139,10.4095,0.04,0,2.24343,2.53414,0,0.405818,4.47552,4.50733e+06,2.70226e+06,1.01119e+07,0,0,0,0,99.3022,98.274,10.2455,0,1,1.76066,1.46995,0,1.32472,2.1168,9.36715e+06,3.61194e+06,1.64924e+07,0,0,0,7.64495e+07
85.139,85.139,10.3868,0.04,0,2.29041,2.53474,0,0.420419,4.47552,4.50733e+06,2.70226e+06,1.03236e+07,0,0,0,0,99.3022,98.274,9.87093,0,1,1.71463,1.4703,0,1.36029,2.1168,9.36715e+06,3.61194e+06,1.60612e+07,0,0,0,7.64495e+07
85.139,85.139,11.2839,0.04,0,2.29135,2.53533,0,0.429223,4.47552,4.50733e+06,2.70226e+06,1.03279e+07,0,0,0,0,99.3022,98.274,8.89793,0,1,1.71463,1.47065,0,1.32472,2.1168,9.36715e+06,3.61194e+06,1.60612e+07,0,0,0,7.64495e+07
85.139,85.139,11.1228,0.05,0,2.2923,2.53593,0,0.4294,4.47552,4.50733e+06,2.70226e+06,1.03321e+07,0,0,0,0,99.3022,98.274,11.2593,0,1,1.71463,1.47099,0,1.32472,2.1168,9.36715e+06,3.61194e+06,1.60612e+07,0,0,0,7.64495e+07
85.139,85.139,6.90503,0.05,0,2.54065,2.78394,0,0.429576,4.47552,4.50733e+06,2.70226e+06,1.14515e+07,0,0,0,0,99.3022,98.274,7.31008,0,1,1.88762,1.64434,0,1.32472,2.1168,9.36715e+06,3.61194e+06,1.76817e+07,0,0,0,7.64495e+07
85.139,85.139,8.62538,0.05,0,2.71465,2.78459,0,0.476118,4.47552,4.50733e+06,2.70226e+06,1.22358e+07,0,0,0,0,99.3022,98.274,8.65259,0,1,1.71467,1.64473,0,1.45838,2.1168,9.36715e+06,3.61194e+06,1.60616e+07,0,0,0,7.64495e+07
85.139,85.139,8.92577,0.05,0,2.71569,2.78525,0,0.508725,4.47552,4.50733e+06,2.70226e+06,1.22405e+07,0,0,0,0,99.3022,98.274,8.80201,0,1,1.71467,1.64511,0,1.32475,2.1168,9.36715e+06,3.61194e+06,1.60616e+07,0,0,0,7.64495e+07
85.139,85.139,8.48518,0.05,0,2.71674,2.7859,0,0.508921,4.47552,4.50733e+06,2.70226e+06,1.22452e+07,0,0,0,0,99.3022,98.274,8.98398,0,1,1.71467,1.6455,0,1.32475,2.1168,9.36715e+06,3.61194e+06,1.60616e+07,0,0,0,7.64495e+07
85.139,85.139,7.8555,0.05,0,2.36457,2.43335,0,0.509117,4.47552,4.50733e+06,2.70226e+06,1.06579e+07,0,0,0,0,99.3022,98.274,11.7349,0,1,1.48228,1.4135,0,1.32475,2.1168,9.36715e+06,3.61194e+06,1.38848e+07,0,0,0,7.64495e+07
85.139,85.139,8.29904,0.05,0,2.13314,2.43392,0,0.44312,4.47552,4.50733e+06,2.70226e+06,9.61479e+06,0,0,0,0,99.3022,98.274,10.6884,0,1,1.71461,1.41384,0,1.14521,2.1168,9.36715e+06,3.61194e+06,1.6061e+07,0,0,0,7.64495e+07
85.139,85.139,7.94913,0.05,0,2.13405,2.43449,0,0.399751,4.47552,4.50733e+06,2.70226e+06,9.61888e+06,0,0,0,0,99.3022,98.274,12.7035,0,1,1.71461,1.41417,0,1.32471,2.1168,9.36715e+06,3.61194e+06,1.6061e+07,0,0,0,7.64495e+07
85.139,85.139,8.40569,0.05,0,2.13496,2.43507,0,0.399921,4.47552,4.50733e+06,2.70226e+06,9.62296e+06,0,0,0,0,99.3022,98.274,12.1942,0,1,1.71461,1.4145,0,1.32471,2.1168,9.36715e+06,3.61194e+06,1.6061e+07,0,0,0,7.64495e+07
85.139,85.139,9.34025,0.05,0,2.13587,2.43564,0,0.400091,4.47552,4.50733e+06,2.70226e+06,9.62705e+06,0,0,0,0,99.3022,98.274,14.1258,0,1,1.71461,1.41484,0,1.32471,2.1168,9.36715e+06,3.61194e+06,1.6061e+07,0,0,0,7.64495e+07
85.139,85.139,10.7269,0.05,0,2.22579,2.52523,0,0.400261,4.47552,4.50733e+06,2.70226e+06,1.00324e+07,0,0,0,0,99.3022,98.274,15.6444,0,1,1.77153,1.47209,0,1.32471,2.1168,9.36715e+06,3.61194e+06,1.65942e+07,0,0,0,7.64495e+07
85.139,85.139,8.20319,0.05,0,2.28363,2.52583,0,0.417112,4.47552,4.50733e+06,2.70226e+06,1.02931e+07,0,0,0,0,99.3022,98.274,13.0823,0,1,1.71463,1.47243,0,1.36868,2.1168,9.36715e+06,3.61194e+06,1.60612e+07,0,0,0,7.64495e+07
85.139,85.139,6.2492,0.05,0,2.28457,2.52642,0,0.427953,4.47552,4.50733e+06,2.70226e+06,1.02973e+07,0,0,0,0,99.3022,98.274,10.9024,0,1,1.71463,1.47278,0,1.32472,2.1168,9.36715e+06,3.61194e+06,1.60612e+07,0,0,0,7.64495e+07
85.139,85.139,5.85283,0.05,0,2.28552,2.52702,0,0.428129,4.47552,4.50733e+06,2.70226e+06,1.03016e+07,0,0,0,0,99.3022,98.274,12.2084,0,1,1.71463,1.47313,0,1.32472,2.1168,9.36715e+06,3.61194e+06,1.60612e+07,0,0,0,7.64495e+07
85.139,85.139,5.48367,0.05,0,2.25162,2.49277,0,0.428306,4.47552,4.50733e+06,2.70226e+06,1.01488e+07,0,0,0,0,99.3022,98.274,8.29717,0,1,1.6925,1.45135,0,1.32472,2.1168,9.36715e+06,3.61194e+06,1.58539e+07,0,0,0,7.64495e+07
85.139,85.139,4.89614,0.05,0,2.23043,2.49336,0,0.421954,4.47552,4.50733e+06,2.70226e+06,1.00533e+07,0,0,0,0,99.3022,98.274,6.29207,0,1,1.71462,1.45169,0,1.30763,2.1168,9.36715e+06,3.61194e+06,1.60611e+07,0,0,0,7.64495e+07
85.139,85.139,4.45417,0.05,0,2.23136,2.49395,0,0.417983,4.47552,4.50733e+06,2.70226e+06,1.00575e+07,0,0,0,0,99.3022,98.274,4.98634,0,1,1.71462,1.45203,0,1.32472,2.1168,9.36715e+06,3.61194e+06,1.60611e+07,0,0,0,7.64495e+07
85.139,85.139,3.91176,0.05,0,2.23229,2.49454,0,0.418157,4.47552,4.50733e+06,2.70226e+06,1.00617e+07,0,0,0,0,99.3022,98.274,4.645,0,1,1.71462,1.45238,0,1.32472,2.1168,9.36715e+06,3.61194e+06,1.60611e+07,0,0,0,7.64495e+07
85.139,85.139,4.03643,0.04,0,2.35158,2.61349,0,0.418331,4.47552,4.50733e+06,2.70226e+06,1.05994e+07,0,0,0,0,99.3022,98.274,4.80415,0,1,1.79316,1.53126,0,1.32472,2.1168,9.36715e+06,3.61194e+06,1.67968e+07,0,0,0,7.64495e+07
85.139,85.139,4.22936,0.04,0,2.43108,2.6141,0,0.440686,4.47552,4.50733e+06,2.70226e+06,1.09577e+07,0,0,0,0,99.3022,98.274,4.57089,0,1,1.71464,1.53162,0,1.3854,2.1168,9.36715e+06,3.61194e+06,1.60613e+07,0,0,0,7.64495e+07
85.139,85.139,3.48425,0.03,0,2.43206,2.61472,0,0.455585,4.47552,4.50733e+06,2.70226e+06,1.09621e+07,0,0,0,0,99.3022,98.274,4.35777,0,1,1.71464,1.53198,0,1.32473,2.1168,9.36715e+06,3.61194e+06,1.60613e+07,0,0,0,7.64495e+07
85.139,85.139,3.55362,0.02,0,2.43304,2.61534,0,0.455768,4.47552,4.50733e+06,2.70226e+06,1.09665e+07,0,0,0,0,99.3022,98.274,3.86995,0,1,1.71464,1.53234,0,1.32473,2.1168,9.36715e+06,3.61194e+06,1.60613e+07,0,0,0,7.64495e+07
85.139,85.139,3.03862,0.02,0,2.43401,2.61595,0,0.455951,4.47552,4.50733e+06,2.70226e+06,1.09709e+07,0,0,0,0,99.3022,98.274,3.31359,0,1,1.71464,1.5327,0,1.32473,2.1168,9.36715e+06,3.61194e+06,1.60613e+07,0,0,0,7.64495e+07
85.139,85.139,3.26844,0.02,0,2.41156,2.59313,0,0.456134,4.47552,4.50733e+06,2.70226e+06,1.08697e+07,0,0,0,0,99.3022,98.274,3.50467,0,1,1.75786,1.57628,0,1.32473,2.1168,9.36715e+06,3.61194e+06,1.64661e+07,0,0,0,7.64495e+07
85.139,85.139,3.17063,0.02,0,2.45575,2.59374,0,0.451926,4.47552,4.50733e+06,2.70226e+06,1.10689e+07,0,0,0,0,99.3022,98.274,3.50655,0,1,1.71465,1.57665,0,1.35812,2.1168,9.36715e+06,3.61194e+06,1.60614e+07,0,0,0,7.64495e+07
85.139,85.139,2.89968,0.02,0,2.45673,2.59436,0,0.460207,4.47552,4.50733e+06,2.70226e+06,1.10733e+07,0,0,0,0,99.3022,98.274,3.49987,0,1,1.71465,1.57703,0,1.32474,2.1168,9.36715e+06,3.61194e+06,1.60614e+07,0,0,0,7.64495e+07
85.0079,85.139,2.61789,0.02,0,2.45771,2.59497,0,0.460391,4.47552,4.50733e+06,2.70226e+06,1.10777e+07,0,0,0,0,99.2673,98.274,3.15893,0,1,1.71465,1.5774,0,1.32474,2.1168,9.36715e+06,3.61194e+06,1.60614e+07,0,0,0,7.64495e+07
84.5397,85.139,2.27869,0.03,0,2.51927,2.65615,0,0.460575,4.47552,4.50733e+06,2.70226e+06,1.13552e+07,0,0,0,0,99.0024,98.274,2.50296,0,1,1.75321,1.61632,0,1.32474,2.1168,9.36715e+06,3.61194e+06,1.64225e+07,0,0,0,7.64495e+07
84.1013,85.139,2.33901,0.03,0,2.55882,2.65678,0,0.472112,4.47552,4.50733e+06,2.70226e+06,1.15335e+07,0,0,0,0,99.0963,98.274,2.2589,0,1,1.71466,1.6167,0,1.35453,2.1168,9.36715e+06,3.61194e+06,1.60615e+07,0,0,0,7.64495e+07
83.4901,85.139,2.13888,0.03,0,2.55983,2.65741,0,0.479524,4.47552,4.50733e+06,2.70226e+06,1.1538e+07,0,0,0,0,98.9031,98.274,2.16158,0,1,1.71466,1.61709,0,1.32475,2.1168,9.36715e+06,3.61194e+06,1.60615e+07,0,0,0,7.64495e+07
82.711,85.139,1.9626,0.03,0,2.56084,2.65803,0,0.479712,4.47552,4.50733e+06,2.70226e+06,1.15425e+07,0,0,0,0,98.8864,98.274,1.9134,0,1,1.71466,1.61747,0,1.32475,2.1168,9.36715e+06,3.61194e+06,1.60615e+07,0,0,0,7.64495e+07
81.8997,85.139,2.06507,0.03,0,2.73941,2.83622,0,0.479901,4.47552,4.50733e+06,2.70226e+06,1.23474e+07,0,0,0,0,98.5376,98.274,2.28798,0,1,1.85395,1.75714,0,1.32475,2.1168,9.36715e+06,3.61194e+06,1.73662e+07,0,0,0,7.64495e+07
80.7963,85.139,1.8395,0.03,0,2.83689,2.83689,0,0.513365,4.47552,4.50733e+06,2.70226e+06,1.27868e+07,0,0,0,0,98.3023,98.274,1.64332,0,1,1.75755,1.75755,0,1.43236,2.1168,9.36715e+06,3.61194e+06,1.64633e+07,0,0,0,7.64495e+07
79.8124,85.139,1.97884,0.03,0,2.83756,2.83756,0,0.531633,4.47552,4.50733e+06,2.70226e+06,1.27898e+07,0,0,0,0,97.8581,98.274,1.9996,0,1,1.75797,1.75797,0,1.35788,2.1168,9.36715e+06,3.61194e+06,1.64671e+07,0,0,0,7.64495e+07
78.505,85.139,1.63946,0.03,0,2.83823,2.83823,0,0.531758,4.47552,4.50733e+06,2.70226e+06,1.27928e+07,0,0,0,0,97.8145,98.274,1.43384,0,1,1.75838,1.75838,0,1.3582,2.1168,9.36715e+06,3.61194e+06,1.6471e+07,0,0,0,7.64495e+07
77.5815,85.139,2.01253,0.04,0,2.8389,2.8389,0,0.531884,4.47552,4.50733e+06,2.70226e+06,1.27958e+07,0,0,0,0,97.671,98.274,2.61312,0,1,1.75879,1.75879,0,1.35852,2.1168,9.36715e+06,3.61194e+06,1.64749e+07,0,0,0,7.64495e+07
75.853,85.139,1.15237,0.04,0,2.75293,2.75293,0,0.532009,4.47552,4.50733e+06,2.70226e+06,1.24084e+07,0,0,0,0,97.7787,98.274,1.69752,0,1,1.67457,1.67457,0,1.35884,2.1168,9.36715e+06,3.61194e+06,1.56859e+07,0,0,0,7.64495e+07
75.1136,85.139,2.12587,0.05,0,2.71386,2.75357,0,0.515898,4.47552,4.50733e+06,2.70226e+06,1.22323e+07,0,0,0,0,97.766,98.274,2.99457,0,1,1.71467,1.67496,0,1.29377,2.1168,9.36715e+06,3.61194e+06,1.60616e+07,0,0,0,7.64495e+07
73.2721,85.139,1.00292,0.05,0,2.7149,2.75422,0,0.508577,4.47552,4.50733e+06,2.70226e+06,1.2237e+07,0,0,0,0,97.4061,98.274,1.67158,0,1,1.71467,1.67536,0,1.32476,2.1168,9.36715e+06,3.61194e+06,1.60616e+07,0,0,0,7.64495e+07
71.5623,85.139,1.10215,0.08,0,2.71595,2.75487,0,0.508773,4.47552,4.50733e+06,2.70226e+06,1.22417e+07,0,0,0,0,97.5746,98.274,1.74266,0,1,1.71467,1.67575,0,1.32476,2.1168,9.36715e+06,3.61194e+06,1.60616e+07,0,0,0,7.64495e+07
72.3408,85.139,3.70321,0.08,0,2.64581,2.68434,0,0.508969,4.47552,4.50733e+06,2.70226e+06,1.19255e+07,0,0,0,0,98.3048,98.274,4.41774,0,1,1.63756,1.59903,0,1.32476,2.1168,9.36715e+06,3.61194e+06,1.53392e+07,0,0,0,7.64495e+07
71.1895,85.139,1.72928,0.08,0,2.56972,2.68497,0,0.495825,4.47552,4.50733e+06,2.70226e+06,1.15826e+07,0,0,0,0,98.4742,98.274,3.05752,0,1,1.71466,1.5994,0,1.26518,2.1168,9.36715e+06,3.61194e+06,1.60615e+07,0,0,0,7.64495e+07
69.5653,85.139,1.19249,0.08,0,2.57073,2.68561,0,0.481565,4.47552,4.50733e+06,2.70226e+06,1.15871e+07,0,0,0,0,98.3854,98.274,2.1772,0,1,1.71466,1.59978,0,1.32474,2.1168,9.36715e+06,3.61194e+06,1.60615e+07,0,0,0,7.64495e+07
68.4485,85.139,1.74316,0.08,0,2.57174,2.68624,0,0.481755,4.47552,4.50733e+06,2.70226e+06,1.15917e+07,0,0,0,0,98.6468,98.274,3.48039,0,1,1.71466,1.60016,0,1.32474,2.1168,9.36715e+06,3.61194e+06,1.60615e+07,0,0,0,7.64495e+07
69.1018,85.139,3.42754,0.07,0,2.3704,2.48452,0,0.481944,4.47552,4.50733e+06,2.70226e+06,1.06842e+07,0,0,0,0,99.3022,98.274,4.7203,0,1,1.55389,1.43977,0,1.32474,2.1168,9.36715e+06,3.61194e+06,1.45555e+07,0,0,0,7.64495e+07
68.5222,85.139,2.00689,0.08,0,2.21059,2.48511,0,0.444212,4.47552,4.50733e+06,2.70226e+06,9.96387e+06,0,0,0,0,99.2841,98.274,2.59087,0,1,1.71462,1.44011,0,1.20053,2.1168,9.36715e+06,3.61194e+06,1.60611e+07,0,0,0,7.64495e+07
68.546,85.139,2.74079,0.08,0,2.21152,2.48569,0,0.414265,4.47552,4.50733e+06,2.70226e+06,9.96804e+06,0,0,0,0,99.3022,98.274,3.52286,0,1,1.71462,1.44044,0,1.32471,2.1168,9.36715e+06,3.61194e+06,1.60611e+07,0,0,0,7.64495e+07
69.9839,85.139,4.25199,0.08,0,2.21244,2.48628,0,0.414438,4.47552,4.50733e+06,2.70226e+06,9.97221e+06,0,0,0,0,99.3022,98.274,6.28535,0,1,1.71462,1.44078,0,1.32471,2.1168,9.36715e+06,3.61194e+06,1.60611e+07,0,0,0,7.64495e+07
71.2793,85.139,3.97548,0.07,0,2.21337,2.48686,0,0.414612,4.47552,4.50733e+06,2.70226e+06,9.97638e+06,0,0,0,0,99.3022,98.274,2.97928,0,1,1.71462,1.44112,0,1.32472,2.1168,9.36715e+06,3.61194e+06,1.60611e+07,0,0,0,7.64495e+07
74.5397,85.139,6.14707,0.09,0,2.29221,2.56536,0,0.414785,4.47552,4.50733e+06,2.70226e+06,1.03317e+07,0,0,0,0,99.3022,98.274,4.5531,0,1,1.76122,1.48807,0,1.32472,2.1168,9.36715e+06,3.61194e+06,1.64976e+07,0,0,0,7.64495e+07
76.5587,85.139,4.91484,0.04,0,2.33973,2.56595,0,0.42956,4.47552,4.50733e+06,2.70226e+06,1.0546e+07,0,0,0,0,99.3022,98.274,3.73596,0,1,1.71462,1.4884,0,1.36072,2.1168,9.36715e+06,3.61194e+06,1.60611e+07,0,0,0,7.64495e+07
77.1067,85.139,3.35104,0.05,0,2.34066,2.56653,0,0.438466,4.47552,4.50733e+06,2.70226e+06,1.05501e+07,0,0,0,0,99.3022,98.274,3.01225,0,1,1.71462,1.48874,0,1.32471,2.1168,9.36715e+06,3.61194e+06,1.60611e+07,0,0,0,7.64495e+07
77.4771,85.139,3.25651,0.06,0,2.34158,2.56712,0,0.438639,4.47552,4.50733e+06,2.70226e+06,1.05543e+07,0,0,0,0,99.3022,98.274,3.17101,0,1,1.71462,1.48908,0,1.32471,2.1168,9.36715e+06,3.61194e+06,1.60611e+07,0,0,0,7.64495e+07
79.0275,85.139,4.72498,0.06,0,2.59295,2.81815,0,0.438812,4.47552,4.50733e+06,2.70226e+06,1.16873e+07,0,0,0,0,99.3022,98.274,3.46226,0,1,1.88974,1.66454,0,1.32471,2.1168,9.36715e+06,3.61194e+06,1.77015e+07,0,0,0,7.64495e+07
80.7626,85.139,5.0077,0.07,0,2.76905,2.81879,0,0.485919,4.47552,4.50733e+06,2.70226e+06,1.2481e+07,0,0,0,0,99.0893,98.274,4.50021,0,1,1.71466,1.66492,0,1.46002,2.1168,9.36715e+06,3.61194e+06,1.60615e+07,0,0,0,7.64495e+07
80.8764,85.139,3.33102,0.05,0,2.77007,2.81943,0,0.518921,4.47552,4.50733e+06,2.70226e+06,1.24856e+07,0,0,0,0,98.7928,98.274,2.68965,0,1,1.71466,1.6653,0,1.32475,2.1168,9.36715e+06,3.61194e+06,1.60615e+07,0,0,0,7.64495e+07
80.3087,85.139,2.60383,0.04,0,2.77109,2.82007,0,0.519112,4.47552,4.50733e+06,2.70226e+06,1.24902e+07,0,0,0,0,99.0479,98.274,2.12577,0,1,1.71466,1.66568,0,1.32475,2.1168,9.36715e+06,3.61194e+06,1.60615e+07,0,0,0,7.64495e+07
81.1014,85.139,3.73859,0.04,0,2.41457,2.46317,0,0.519303,4.47552,4.50733e+06,2.70226e+06,1.08833e+07,0,0,0,0,99.3022,98.274,3.54882,0,1,1.47943,1.43083,0,1.32475,2.1168,9.36715e+06,3.61194e+06,1.3858e+07,0,0,0,7.64495e+07
85.139,85.139,7.11576,0.04,0,2.18028,2.46373,0,0.452491,4.47552,4.50733e+06,2.70226e+06,9.82724e+06,0,0,0,0,99.3022,98.274,7.04567,0,1,1.71461,1.43115,0,1.143,2.1168,9.36715e+06,3.61194e+06,1.6061e+07,0,0,0,7.64495e+07
85.139,85.139,5.11183,0.04,0,2.18116,2.46429,0,0.408584,4.47552,4.50733e+06,2.70226e+06,9.83123e+06,0,0,0,0,99.3022,98.274,5.85349,0,1,1.71461,1.43148,0,1.3247,2.1168,9.36715e+06,3.61194e+06,1.6061e+07,0,0,0,7.64495e+07
85.139,85.139,5.15328,0.04,0,2.18205,2.46485,0,0.40875,4.47552,4.50733e+06,2.70226e+06,9.83523e+06,0,0,0,0,99.3022,98.274,4.76554,0,1,1.71461,1.4318,0,1.3247,2.1168,9.36715e+06,3.61194e+06,1.6061e+07,0,0,0,7.64495e+07
85.139,85.139,4.833,0.04,0,2.18294,2.46541,0,0.408916,4.47552,4.50733e+06,2.70226e+06,9.83923e+06,0,0,0,0,99.3022,98.274,5.54105,0,1,1.71461,1.43213,0,1.3247,2.1168,9.36715e+06,3.61194e+06,1.6061e+07,0,0,0,7.64495e+07
85.139,85.139,6.48717,0.04,0,2.27393,2.55608,0,0.409083,4.47552,4.50733e+06,2.70226e+06,1.02493e+07,0,0,0,0,99.3022,98.274,7.95906,0,1,1.77222,1.49007,0,1.3247,2.1168,9.36715e+06,3.61194e+06,1.66006e+07,0,0,0,7.64495e+07
85.139,85.139,3.91384,0.05,0,2.33245,2.55666,0,0.426134,4.47552,4.50733e+06,2.70226e+06,1.05131e+07,0,0,0,0,99.3022,98.274,5.39883,0,1,1.71462,1.49041,0,1.36922,2.1168,9.36715e+06,3.61194e+06,1.60611e+07,0,0,0,7.64495e+07
85.139,85.139,3.44348,0.05,0,2.33337,2.55724,0,0.4371,4.47552,4.50733e+06,2.70226e+06,1.05173e+07,0,0,0,0,99.3022,98.274,4.87427,0,1,1.71462,1.49075,0,1.32471,2.1168,9.36715e+06,3.61194e+06,1.60611e+07,0,0,0,7.64495e+07
85.139,85.139,4.43753,0.05,0,2.33429,2.55782,0,0.437273,4.47552,4.50733e+06,2.70226e+06,1.05214e+07,0,0,0,0,99.3022,98.274,7.76878,0,1,1.71462,1.49109,0,1.32471,2.1168,9.36715e+06,3.61194e+06,1.60611e+07,0,0,0,7.64495e+07
85.139,85.139,3.46337,0.05,0,2.29995,2.52314,0,0.437446,4.47552,4.50733e+06,2.70226e+06,1.03666e+07,0,0,0,0,99.3022,98.274,5.41183,0,1,1.69222,1.46903,0,1.32471,2.1168,9.36715e+06,3.61194e+06,1.58513e+07,0,0,0,7.64495e+07
85.1234,85.139,2.72461,0.05,0,2.27847,2.52372,0,0.43101,4.47552,4.50733e+06,2.70226e+06,1.02698e+07,0,0,0,0,99.3022,98.274,3.19368,0,1,1.71461,1.46936,0,1.30741,2.1168,9.36715e+06,3.61194e+06,1.60611e+07,0,0,0,7.64495e+07
84.8469,85.139,2.43297,0.07,0,2.27937,2.52429,0,0.426984,4.47552,4.50733e+06,2.70226e+06,1.02739e+07,0,0,0,0,99.2995,98.274,2.80622,0,1,1.71461,1.4697,0,1.32471,2.1168,9.36715e+06,3.61194e+06,1.60611e+07,0,0,0,7.64495e+07
84.4237,85.139,2.25439,0.07,0,2.28028,2.52486,0,0.427155,4.47552,4.50733e+06,2.70226e+06,1.0278e+07,0,0,0,0,99.3022,98.274,2.63047,0,1,1.71461,1.47003,0,1.32471,2.1168,9.36715e+06,3.61194e+06,1.60611e+07,0,0,0,7.64495e+07
83.8265,85.139,2.15592,0.07,0,2.40099,2.64524,0,0.427325,4.47552,4.50733e+06,2.70226e+06,1.08221e+07,0,0,0,0,99.1879,98.274,2.87412,0,1,1.79411,1.54986,0,1.32471,2.1168,9.36715e+06,3.61194e+06,1.68057e+07,0,0,0,7.64495e+07
83.0514,85.139,1.99807,0.07,0,2.48142,2.64584,0,0.449946,4.47552,4.50733e+06,2.70226e+06,1.11846e+07,0,0,0,0,99.2921,98.274,2.33704,0,1,1.71463,1.55022,0,1.38613,2.1168,9.36715e+06,3.61194e+06,1.60612e+07,0,0,0,7.64495e+07
82.1639,85.139,1.84572,0.07,0,2.48238,2.64644,0,0.465019,4.47552,4.50733e+06,2.70226e+06,1.11889e+07,0,0,0,0,99.2441,98.274,2.34917,0,1,1.71463,1.55057,0,1.32473,2.1168,9.36715e+06,3.61194e+06,1.60612e+07,0,0,0,7.64495e+07
81.2272,85.139,1.78561,0.05,0,2.48333,2.64705,0,0.465198,4.47552,4.50733e+06,2.70226e+06,1.11932e+07,0,0,0,0,99.1287,98.274,2.34811,0,1,1.71463,1.55092,0,1.32473,2.1168,9.36715e+06,3.61194e+06,1.60612e+07,0,0,0,7.64495e+07
80.1898,85.139,1.67233,0.05,0,2.48429,2.64765,0,0.465377,4.47552,4.50733e+06,2.70226e+06,1.11975e+07,0,0,0,0,99.3022,98.274,2.14522,0,1,1.71463,1.55127,0,1.32473,2.1168,9.36715e+06,3.61194e+06,1.60612e+07,0,0,0,7.64495e+07
79.605,85.139,2.08971,0.05,0,2.46153,2.62453,0,0.465556,4.47552,4.50733e+06,2.70226e+06,1.10949e+07,0,0,0,0,99.3022,98.274,2.66029,0,1,1.75837,1.59537,0,1.32473,2.1168,9.36715e+06,3.61194e+06,1.6471e+07,0,0,0,7.64495e+07
79.0618,85.139,2.16504,0.03,0,2.50622,2.62513,0,0.46129,4.47552,4.50733e+06,2.70226e+06,1.12964e+07,0,0,0,0,99.3022,98.274,2.722,0,1,1.71464,1.59573,0,1.35852,2.1168,9.36715e+06,3.61194e+06,1.60613e+07,0,0,0,7.64495e+07
78.3416,85.139,1.98207,0.06,0,2.50718,2.62573,0,0.469665,4.47552,4.50733e+06,2.70226e+06,1.13007e+07,0,0,0,0,99.3022,98.274,2.72708,0,1,1.71464,1.59609,0,1.32473,2.1168,9.36715e+06,3.61194e+06,1.60613e+07,0,0,0,7.64495e+07
77.4442,85.139,1.79025,0.05,0,2.50814,2.62632,0,0.469845,4.47552,4.50733e+06,2.70226e+06,1.1305e+07,0,0,0,0,99.3022,98.274,2.44363,0,1,1.71464,1.59646,0,1.32473,2.1168,9.36715e+06,3.61194e+06,1.60613e+07,0,0,0,7.64495e+07
76.4203,85.139,1.67876,0.04,0,2.57041,2.68823,0,0.470025,4.47552,4.50733e+06,2.70226e+06,1.15857e+07,0,0,0,0,99.2207,98.274,2.37206,0,1,1.75366,1.63584,0,1.32473,2.1168,9.36715e+06,3.61194e+06,1.64268e+07,0,0,0,7.64495e+07
75.6121,85.139,1.95799,0.04,0,2.6104,2.68884,0,0.481694,4.47552,4.50733e+06,2.70226e+06,1.17659e+07,0,0,0,0,99.3022,98.274,3.04473,0,1,1.71465,1.63621,0,1.35488,2.1168,9.36715e+06,3.61194e+06,1.60614e+07,0,0,0,7.64495e+07
74.6469,85.139,1.7654,0.04,0,2.61139,2.68945,0,0.489189,4.47552,4.50733e+06,2.70226e+06,1.17704e+07,0,0,0,0,99.3022,98.274,2.90365,0,1,1.71465,1.63659,0,1.32474,2.1168,9.36715e+06,3.61194e+06,1.60614e+07,0,0,0,7.64495e+07
73.539,85.139,1.60856,0.04,0,2.61237,2.69006,0,0.489374,4.47552,4.50733e+06,2.70226e+06,1.17748e+07,0,0,0,0,99.2767,98.274,2.52922,0,1,1.71465,1.63696,0,1.32474,2.1168,9.36715e+06,3.61194e+06,1.60614e+07,0,0,0,7.64495e+07
72.4287,85.139,1.74154,0.06,0,2.79305,2.87038,0,0.489558,4.47552,4.50733e+06,2.70226e+06,1.25892e+07,0,0,0,0,99.2938,98.274,3.16362,0,1,1.85562,1.7783,0,1.32474,2.1168,9.36715e+06,3.61194e+06,1.73819e+07,0,0,0,7.64495e+07
71.2584,85.139,1.78822,0.07,0,2.87103,2.87103,0,0.523418,4.47552,4.50733e+06,2.70226e+06,1.29407e+07,0,0,0,0,99.2613,98.274,2.66189,0,1,1.7787,1.7787,0,1.43365,2.1168,9.36715e+06,3.61194e+06,1.66614e+07,0,0,0,7.64495e+07
69.9264,85.139,1.61283,0.07,0,2.87168,2.87168,0,0.538031,4.47552,4.50733e+06,2.70226e+06,1.29436e+07,0,0,0,0,99.13,98.274,2.02475,0,1,1.77911,1.77911,0,1.37423,2.1168,9.36715e+06,3.61194e+06,1.66652e+07,0,0,0,7.64495e+07
68.9687,85.139,1.97326,0.07,0,2.87234,2.87234,0,0.538153,4.47552,4.50733e+06,2.70226e+06,1.29466e+07,0,0,0,0,99.3022,98.274,3.76575,0,1,1.77951,1.77951,0,1.37454,2.1168,9.36715e+06,3.61194e+06,1.6669e+07,0,0,0,7.64495e+07
67.719,85.139,1.64121,0.07,0,2.87299,2.87299,0,0.538276,4.47552,4.50733e+06,2.70226e+06,1.29495e+07,0,0,0,0,99.2457,98.274,2.74704,0,1,1.77992,1.77992,0,1.37485,2.1168,9.36715e+06,3.61194e+06,1.66728e+07,0,0,0,7.64495e+07
66.52,85.139,1.60467,0.11,0,2.78596,2.78596,0,0.538398,4.47552,4.50733e+06,2.70226e+06,1.25573e+07,0,0,0,0,98.9464,98.274,2.09781,0,1,1.69466,1.69466,0,1.37516,2.1168,9.36715e+06,3.61194e+06,1.58742e+07,0,0,0,7.64495e+07
65.1776,85.139,1.5212,0.11,0,2.76698,2.7866,0,0.52209,4.47552,4.50733e+06,2.70226e+06,1.24717e+07,0,0,0,0,98.9531,98.274,1.94687,0,1,1.71467,1.69505,0,1.3093,2.1168,9.36715e+06,3.61194e+06,1.60615e+07,0,0,0,7.64495e+07
64.0647,85.139,1.75505,0.11,0,2.768,2.78723,0,0.518532,4.47552,4.50733e+06,2.70226e+06,1.24763e+07,0,0,0,0,99.0586,98.274,2.4671,0,1,1.71467,1.69543,0,1.32475,2.1168,9.36715e+06,3.61194e+06,1.60615e+07,0,0,0,7.64495e+07
62.9122,85.139,1.7371,0.12,0,2.76902,2.78787,0,0.518723,4.47552,4.50733e+06,2.70226e+06,1.24809e+07,0,0,0,0,99.1813,98.274,2.45706,0,1,1.71467,1.69582,0,1.32475,2.1168,9.36715e+06,3.61194e+06,1.60615e+07,0,0,0,7.64495e+07
62.0581,85.139,2.10236,0.12,0,2.69801,2.71647,0,0.518915,4.47552,4.50733e+06,2.70226e+06,1.21608e+07,0,0,0,0,99.3022,98.274,3.14104,0,1,1.63662,1.61816,0,1.32475,2.1168,9.36715e+06,3.61194e+06,1.53305e+07,0,0,0,7.64495e+07
63.6236,85.139,4.55172,0.14,0,2.62097,2.71709,0,0.505607,4.47552,4.50733e+06,2.70226e+06,1.18136e+07,0,0,0,0,99.3022,98.274,6.18641,0,1,1.71465,1.61853,0,1.26446,2.1168,9.36715e+06,3.61194e+06,1.60614e+07,0,0,0,7.64495e+07
63.4513,85.139,2.71898,0.13,0,2.62196,2.7177,0,0.49117,4.47552,4.50733e+06,2.70226e+06,1.1818e+07,0,0,0,0,99.3022,98.274,2.95979,0,1,1.71465,1.6189,0,1.32474,2.1168,9.36715e+06,3.61194e+06,1.60614e+07,0,0,0,7.64495e+07
65.3462,85.139,4.94567,0.13,0,2.62294,2.71832,0,0.491355,4.47552,4.50733e+06,2.70226e+06,1.18225e+07,0,0,0,0,99.3022,98.274,4.20547,0,1,1.71465,1.61927,0,1.32474,2.1168,9.36715e+06,3.61194e+06,1.60614e+07,0,0,0,7.64495e+07
66.8388,85.139,4.39563,0.13,0,2.41916,2.51417,0,0.49154,4.47552,4.50733e+06,2.70226e+06,1.0904e+07,0,0,0,0,99.3022,98.274,6.16124,0,1,1.55196,1.45695,0,1.32474,2.1168,9.36715e+06,3.61194e+06,1.45375e+07,0,0,0,7.64495e+07
68.5035,85.139,4.64861,0.13,0,2.25742,2.51475,0,0.453351,4.47552,4.50733e+06,2.70226e+06,1.01749e+07,0,0,0,0,99.3022,98.274,4.79554,0,1,1.71461,1.45728,0,1.19905,2.1168,9.36715e+06,3.61194e+06,1.6061e+07,0,0,0,7.64495e+07
71.3105,85.139,5.85666,0.08,0,2.25832,2.51532,0,0.42304,4.47552,4.50733e+06,2.70226e+06,1.0179e+07,0,0,0,0,99.3022,98.274,5.63972,0,1,1.71461,1.45761,0,1.32471,2.1168,9.36715e+06,3.61194e+06,1.6061e+07,0,0,0,7.64495e+07
72.5984,85.139,4.06435,0.09,0,2.25922,2.51589,0,0.423209,4.47552,4.50733e+06,2.70226e+06,1.01831e+07,0,0,0,0,99.3022,98.274,4.76727,0,1,1.71461,1.45795,0,1.32471,2.1168,9.36715e+06,3.61194e+06,1.6061e+07,0,0,0,7.64495e+07
74.9998,85.139,5.4175,0.09,0,2.26013,2.51646,0,0.423379,4.47552,4.50733e+06,2.70226e+06,1.01872e+07,0,0,0,0,99.3022,98.274,5.51682,0,1,1.71461,1.45828,0,1.32471,2.1168,9.36715e+06,3.61194e+06,1.6061e+07,0,0,0,7.64495e+07
76.7676,85.139,4.76687,0.04,0,2.33988,2.59588,0,0.423548,4.47552,4.50733e+06,2.70226e+06,1.05466e+07,0,0,0,0,99.3022,98.274,4.80719,0,1,1.76177,1.50577,0,1.32471,2.1168,9.36715e+06,3.61194e+06,1.65028e+07,0,0,0,7.64495e+07
81.7424,85.139,8.31594,0.04,0,2.38793,2.59645,0,0.438493,4.47552,4.50733e+06,2.70226e+06,1.07632e+07,0,0,0,0,99.3022,98.274,8.32843,0,1,1.71461,1.5061,0,1.36114,2.1168,9.36715e+06,3.61194e+06,1.6061e+07,0,0,0,7.64495e+07
85.139,85.139,8.16886,0.03,0,2.38883,2.59702,0,0.447499,4.47552,4.50733e+06,2.70226e+06,1.07673e+07,0,0,0,0,99.3022,98.274,7.38661,0,1,1.71461,1.50643,0,1.32471,2.1168,9.36715e+06,3.61194e+06,1.6061e+07,0,0,0,7.64495e+07
85.139,85.139,8.10552,0.03,0,2.38973,2.59759,0,0.447667,4.47552,4.50733e+06,2.70226e+06,1.07713e+07,0,0,0,0,99.3022,98.274,7.83057,0,1,1.71461,1.50676,0,1.32471,2.1168,9.36715e+06,3.61194e+06,1.6061e+07,0,0,0,7.64495e+07
85.139,85.139,7.27628,0.04,0,2.64405,2.85158,0,0.447836,4.47552,4.50733e+06,2.70226e+06,1.19176e+07,0,0,0,0,99.3022,98.274,7.22863,0,1,1.89181,1.68429,0,1.32471,2.1168,9.36715e+06,3.61194e+06,1.77209e+07,0,0,0,7.64495e+07
85.139,85.139,3.84739,0.04,0,2.82221,2.8522,0,0.495495,4.47552,4.50733e+06,2.70226e+06,1.27206e+07,0,0,0,0,99.3022,98.274,4.10865,0,1,1.71465,1.68466,0,1.46161,2.1168,9.36715e+06,3.61194e+06,1.60614e+07,0,0,0,7.64495e+07
85.139,85.139,6.42079,0.04,0,2.82321,2.85283,0,0.528882,4.47552,4.50733e+06,2.70226e+06,1.27251e+07,0,0,0,0,99.3022,98.274,4.59579,0,1,1.71465,1.68503,0,1.32474,2.1168,9.36715e+06,3.61194e+06,1.60614e+07,0,0,0,7.64495e+07
85.139,85.139,4.69029,0.04,0,2.8242,2.85345,0,0.529069,4.47552,4.50733e+06,2.70226e+06,1.27296e+07,0,0,0,0,99.3022,98.274,4.93414,0,1,1.71465,1.6854,0,1.32474,2.1168,9.36715e+06,3.61194e+06,1.60614e+07,0,0,0,7.64495e+07
85.139,85.139,4.74954,0.04,0,2.46342,2.49231,0,0.529255,4.47552,4.50733e+06,2.70226e+06,1.11035e+07,0,0,0,0,99.3022,98.274,4.38085,0,1,1.47663,1.44775,0,1.32474,2.1168,9.36715e+06,3.61194e+06,1.38319e+07,0,0,0,7.64495e+07
85.139,85.139,4.01364,0.04,0,2.22633,2.49285,0,0.461646,4.47552,4.50733e+06,2.70226e+06,1.00348e+07,0,0,0,0,99.3022,98.274,2.98272,0,1,1.7146,1.44807,0,1.14085,2.1168,9.36715e+06,3.61194e+06,1.60609e+07,0,0,0,7.64495e+07
85.139,85.139,3.99272,0.04,0,2.22719,2.4934,0,0.417214,4.47552,4.50733e+06,2.70226e+06,1.00387e+07,0,0,0,0,99.3022,98.274,3.51006,0,1,1.7146,1.44839,0,1.3247,2.1168,9.36715e+06,3.61194e+06,1.60609e+07,0,0,0,7.64495e+07
85.139,85.139,5.62997,0.04,0,2.22806,2.49395,0,0.417376,4.47552,4.50733e+06,2.70226e+06,1.00426e+07,0,0,0,0,99.3022,98.274,3.82252,0,1,1.7146,1.44871,0,1.3247,2.1168,9.36715e+06,3.61194e+06,1.60609e+07,0,0,0,7.64495e+07
85.139,85.139,5.55572,0.04,0,2.22892,2.49449,0,0.417538,4.47552,4.50733e+06,2.70226e+06,1.00465e+07,0,0,0,0,99.3022,98.274,3.66066,0,1,1.7146,1.44902,0,1.3247,2.1168,9.36715e+06,3.61194e+06,1.60609e+07,0,0,0,7.64495e+07
85.139,85.139,5.03227,0.05,0,2.32095,2.58621,0,0.4177,4.47552,4.50733e+06,2.70226e+06,1.04613e+07,0,0,0,0,99.3022,98.274,3.65241,0,1,1.77289,1.50763,0,1.3247,2.1168,9.36715e+06,3.61194e+06,1.66069e+07,0,0,0,7.64495e+07
85.139,85.139,5.09652,0.05,0,2.38013,2.58677,0,0.434946,4.47552,4.50733e+06,2.70226e+06,1.0728e+07,0,0,0,0,99.2604,98.274,3.42316,0,1,1.71461,1.50796,0,1.36973,2.1168,9.36715e+06,3.61194e+06,1.6061e+07,0,0,0,7.64495e+07
85.139,85.139,4.34524,0.06,0,2.38102,2.58734,0,0.446036,4.47552,4.50733e+06,2.70226e+06,1.07321e+07,0,0,0,0,98.9126,98.274,3.08151,0,1,1.71461,1.50829,0,1.32471,2.1168,9.36715e+06,3.61194e+06,1.6061e+07,0,0,0,7.64495e+07
85.139,85.139,3.41724,0.06,0,2.38192,2.58791,0,0.446204,4.47552,4.50733e+06,2.70226e+06,1.07361e+07,0,0,0,0,98.8914,98.274,2.31071,0,1,1.71461,1.50863,0,1.32471,2.1168,9.36715e+06,3.61194e+06,1.6061e+07,0,0,0,7.64495e+07
85.139,85.139,3.34852,0.07,0,2.34715,2.5528,0,0.446372,4.47552,4.50733e+06,2.70226e+06,1.05794e+07,0,0,0,0,98.7924,98.274,2.30279,0,1,1.69195,1.4863,0,1.32471,2.1168,9.36715e+06,3.61194e+06,1.58488e+07,0,0,0,7.64495e+07
85.139,85.139,3.21674,0.07,0,2.32538,2.55336,0,0.439855,4.47552,4.50733e+06,2.70226e+06,1.04813e+07,0,0,0,0,98.5956,98.274,2.15283,0,1,1.71461,1.48662,0,1.3072,2.1168,9.36715e+06,3.61194e+06,1.6061e+07,0,0,0,7.64495e+07
85.0234,85.139,2.62009,0.06,0,2.32626,2.55392,0,0.435776,4.47552,4.50733e+06,2.70226e+06,1.04852e+07,0,0,0,0,98.0354,98.274,1.93252,0,1,1.71461,1.48695,0,1.3247,2.1168,9.36715e+06,3.61194e+06,1.6061e+07,0,0,0,7.64495e+07
84.6448,85.139,2.34855,0.08,0,2.32715,2.55448,0,0.435942,4.47552,4.50733e+06,2.70226e+06,1.04892e+07,0,0,0,0,97.4149,98.274,1.54799,0,1,1.71461,1.48728,0,1.3247,2.1168,9.36715e+06,3.61194e+06,1.6061e+07,0,0,0,7.64495e+07
84.6509,85.139,2.84389,0.08,0,2.44924,2.67625,0,0.436108,4.47552,4.50733e+06,2.70226e+06,1.10395e+07,0,0,0,0,97.0987,98.274,1.63525,0,1,1.79503,1.56803,0,1.3247,2.1168,9.36715e+06,3.61194e+06,1.68144e+07,0,0,0,7.64495e+07
84.4089,85.139,2.58946,0.07,0,2.53058,2.67683,0,0.458988,4.47552,4.50733e+06,2.70226e+06,1.14062e+07,0,0,0,0,96.8978,98.274,2.01194,0,1,1.71462,1.56837,0,1.38684,2.1168,9.36715e+06,3.61194e+06,1.60611e+07,0,0,0,7.64495e+07
84.137,85.139,2.55325,0.07,0,2.53151,2.67742,0,0.474231,4.47552,4.50733e+06,2.70226e+06,1.14104e+07,0,0,0,0,96.6022,98.274,1.85044,0,1,1.71462,1.56872,0,1.32472,2.1168,9.36715e+06,3.61194e+06,1.60611e+07,0,0,0,7.64495e+07
83.6124,85.139,2.25867,0.07,0,2.53245,2.67801,0,0.474406,4.47552,4.50733e+06,2.70226e+06,1.14146e+07,0,0,0,0,96.2271,98.274,1.74967,0,1,1.71462,1.56906,0,1.32472,2.1168,9.36715e+06,3.61194e+06,1.60612e+07,0,0,0,7.64495e+07
83.006,85.139,2.13459,0.05,0,2.53338,2.6786,0,0.47458,4.47552,4.50733e+06,2.70226e+06,1.14188e+07,0,0,0,0,95.7914,98.274,1.6694,0,1,1.71462,1.56941,0,1.32472,2.1168,9.36715e+06,3.61194e+06,1.60612e+07,0,0,0,7.64495e+07
82.2222,85.139,1.91298,0.05,0,2.51031,2.65519,0,0.474755,4.47552,4.50733e+06,2.70226e+06,1.13148e+07,0,0,0,0,95.3695,98.274,1.71277,0,1,1.75888,1.614,0,1.32472,2.1168,9.36715e+06,3.61194e+06,1.64757e+07,0,0,0,7.64495e+07
81.2922,85.139,1.78539,0.05,0,2.55549,2.65577,0,0.470433,4.47552,4.50733e+06,2.70226e+06,1.15185e+07,0,0,0,0,95.0114,98.274,1.71979,0,1,1.71463,1.61436,0,1.35891,2.1168,9.36715e+06,3.61194e+06,1.60612e+07,0,0,0,7.64495e+07
80.2397,85.139,1.6578,0.04,0,2.55643,2.65635,0,0.4789,4.47552,4.50733e+06,2.70226e+06,1.15227e+07,0,0,0,0,94.5511,98.274,1.68707,0,1,1.71463,1.61471,0,1.32473,2.1168,9.36715e+06,3.61194e+06,1.60612e+07,0,0,0,7.64495e+07
79.0493,85.139,1.51156,0.04,0,2.55737,2.65694,0,0.479075,4.47552,4.50733e+06,2.70226e+06,1.15269e+07,0,0,0,0,94.0422,98.274,1.55728,0,1,1.71463,1.61507,0,1.32473,2.1168,9.36715e+06,3.61194e+06,1.60612e+07,0,0,0,7.64495e+07
77.7398,85.139,1.42016,0.05,0,2.62033,2.71954,0,0.479251,4.47552,4.50733e+06,2.70226e+06,1.18107e+07,0,0,0,0,93.6653,98.274,1.5235,0,1,1.75411,1.65489,0,1.32473,2.1168,9.36715e+06,3.61194e+06,1.6431e+07,0,0,0,7.64495e+07
76.5251,85.139,1.53057,0.04,0,2.66075,2.72014,0,0.491049,4.47552,4.50733e+06,2.70226e+06,1.19929e+07,0,0,0,0,93.4299,98.274,1.82611,0,1,1.71464,1.65526,0,1.35522,2.1168,9.36715e+06,3.61194e+06,1.60613e+07,0,0,0,7.64495e+07
75.1945,85.139,1.40244,0.04,0,2.66171,2.72073,0,0.498625,4.47552,4.50733e+06,2.70226e+06,1.19972e+07,0,0,0,0,93.0562,98.274,1.77204,0,1,1.71464,1.65562,0,1.32473,2.1168,9.36715e+06,3.61194e+06,1.60613e+07,0,0,0,7.64495e+07
73.747,85.139,1.27287,0.04,0,2.66267,2.72133,0,0.498805,4.47552,4.50733e+06,2.70226e+06,1.20016e+07,0,0,0,0,92.654,98.274,1.63502,0,1,1.71464,1.65598,0,1.32473,2.1168,9.36715e+06,3.61194e+06,1.60613e+07,0,0,0,7.64495e+07
72.022,85.139,1.11928,0.06,0,2.84542,2.90371,0,0.498985,4.47552,4.50733e+06,2.70226e+06,1.28253e+07,0,0,0,0,92.0022,98.274,1.61988,0,1,1.85725,1.79895,0,1.32473,2.1168,9.36715e+06,3.61194e+06,1.73971e+07,0,0,0,7.64495e+07
70.1019,85.139,0.968539,0.06,0,2.90435,2.90435,0,0.533232,4.47552,4.50733e+06,2.70226e+06,1.30909e+07,0,0,0,0,91.3364,98.274,1.46233,0,1,1.79935,1.79935,0,1.43491,2.1168,9.36715e+06,3.61194e+06,1.68548e+07,0,0,0,7.64495e+07
68.0942,85.139,0.861557,0.06,0,2.90499,2.90499,0,0.544276,4.47552,4.50733e+06,2.70226e+06,1.30938e+07,0,0,0,0,90.5918,98.274,1.31391,0,1,1.79974,1.79974,0,1.39018,2.1168,9.36715e+06,3.61194e+06,1.68585e+07,0,0,0,7.64495e+07
66.1546,85.139,0.908751,0.09,0,2.90563,2.90563,0,0.544395,4.47552,4.50733e+06,2.70226e+06,1.30966e+07,0,0,0,0,89.969,98.274,1.309,0,1,1.80014,1.80014,0,1.39048,2.1168,9.36715e+06,3.61194e+06,1.68622e+07,0,0,0,7.64495e+07
64.6478,85.139,1.3625,0.09,0,2.90626,2.90626,0,0.544514,4.47552,4.50733e+06,2.70226e+06,1.30995e+07,0,0,0,0,89.3517,98.274,1.54019,0,1,1.80053,1.80053,0,1.39079,2.1168,9.36715e+06,3.61194e+06,1.68659e+07,0,0,0,7.64495e+07
63.4704,85.139,1.5918,0.1,0,2.81821,2.81821,0,0.544634,4.47552,4.50733e+06,2.70226e+06,1.27026e+07,0,0,0,0,88.7196,98.274,1.55061,0,1,1.71428,1.71428,0,1.39109,2.1168,9.36715e+06,3.61194e+06,1.60579e+07,0,0,0,7.64495e+07
61.8162,85.139,1.06404,0.1,0,2.81882,2.81883,0,0.528132,4.47552,4.50733e+06,2.70226e+06,1.27054e+07,0,0,0,0,88.0684,98.274,1.24028,0,1,1.71466,1.71465,0,1.32445,2.1168,9.36715e+06,3.61194e+06,1.60614e+07,0,0,0,7.64495e+07
60.5678,85.139,1.48388,0.12,0,2.81945,2.81945,0,0.528248,4.47552,4.50733e+06,2.70226e+06,1.27082e+07,0,0,0,0,87.8452,98.274,1.33079,0,1,1.71503,1.71503,0,1.32474,2.1168,9.36715e+06,3.61194e+06,1.60649e+07,0,0,0,7.64495e+07
59.8653,85.139,2.06701,0.12,0,2.82007,2.82007,0,0.528364,4.47552,4.50733e+06,2.70226e+06,1.2711e+07,0,0,0,0,87.7431,98.274,2.198,0,1,1.71541,1.71541,0,1.32503,2.1168,9.36715e+06,3.61194e+06,1.60685e+07,0,0,0,7.64495e+07
58.9275,85.139,1.80893,0.12,0,2.74782,2.74782,0,0.52848,4.47552,4.50733e+06,2.70226e+06,1.23853e+07,0,0,0,0,87.8881,98.274,1.57302,0,1,1.63684,1.63684,0,1.32532,2.1168,9.36715e+06,3.61194e+06,1.53325e+07,0,0,0,7.64495e+07
58.342,85.139,2.09649,0.12,0,2.67098,2.74842,0,0.514941,4.47552,4.50733e+06,2.70226e+06,1.2039e+07,0,0,0,0,87.9839,98.274,1.86773,0,1,1.71464,1.6372,0,1.26462,2.1168,9.36715e+06,3.61194e+06,1.60613e+07,0,0,0,7.64495e+07
59.644,85.139,4.02648,0.12,0,2.67194,2.74903,0,0.500542,4.47552,4.50733e+06,2.70226e+06,1.20433e+07,0,0,0,0,88.4785,98.274,2.88988,0,1,1.71464,1.63756,0,1.32473,2.1168,9.36715e+06,3.61194e+06,1.60613e+07,0,0,0,7.64495e+07
60.2067,85.139,3.28647,0.12,0,2.67291,2.74963,0,0.500722,4.47552,4.50733e+06,2.70226e+06,1.20477e+07,0,0,0,0,89.205,98.274,3.9348,0,1,1.71464,1.63792,0,1.32473,2.1168,9.36715e+06,3.61194e+06,1.60613e+07,0,0,0,7.64495e+07
60.6088,85.139,2.99248,0.12,0,2.46674,2.54311,0,0.500903,4.47552,4.50733e+06,2.70226e+06,1.11184e+07,0,0,0,0,89.6794,98.274,2.91989,0,1,1.55008,1.47372,0,1.32473,2.1168,9.36715e+06,3.61194e+06,1.45198e+07,0,0,0,7.64495e+07
63.8622,85.139,5.91028,0.13,0,2.3031,2.54367,0,0.462268,4.47552,4.50733e+06,2.70226e+06,1.03808e+07,0,0,0,0,89.9695,98.274,3.61799,0,1,1.7146,1.47404,0,1.19759,2.1168,9.36715e+06,3.61194e+06,1.6061e+07,0,0,0,7.64495e+07
69.1829,85.139,7.97105,0.11,0,2.30398,2.54422,0,0.431601,4.47552,4.50733e+06,2.70226e+06,1.03848e+07,0,0,0,0,89.898,98.274,2.14133,0,1,1.7146,1.47436,0,1.3247,2.1168,9.36715e+06,3.61194e+06,1.6061e+07,0,0,0,7.64495e+07
73.0764,85.139,6.65301,0.1,0,2.30487,2.54478,0,0.431767,4.47552,4.50733e+06,2.70226e+06,1.03888e+07,0,0,0,0,90.2254,98.274,2.78938,0,1,1.7146,1.47469,0,1.3247,2.1168,9.36715e+06,3.61194e+06,1.6061e+07,0,0,0,7.64495e+07
78.5894,85.139,8.38943,0.1,0,2.30575,2.54534,0,0.431932,4.47552,4.50733e+06,2.70226e+06,1.03928e+07,0,0,0,0,92.5356,98.274,7.18222,0,1,1.7146,1.47501,0,1.3247,2.1168,9.36715e+06,3.61194e+06,1.6061e+07,0,0,0,7.64495e+07
81.1178,85.139,5.37326,0.05,0,2.38638,2.62565,0,0.432097,4.47552,4.50733e+06,2.70226e+06,1.07562e+07,0,0,0,0,92.9148,98.274,3.27342,0,1,1.7623,1.52303,0,1.3247,2.1168,9.36715e+06,3.61194e+06,1.65077e+07,0,0,0,7.64495e+07
82.2946,85.139,4.12092,0.04,0.02,2.43495,2.6262,0,0.447207,4.47552,4.50733e+06,2.70226e+06,1.09751e+07,0,0,0,0,93.1815,98.274,3.0936,0,1,1.7146,1.52335,0,1.36155,2.1168,9.36715e+06,3.61194e+06,1.60609e+07,0,0,0,7.64495e+07
83.1155,85.139,3.74599,0.04,0.02,2.43583,2.62676,0,0.45631,4.47552,4.50733e+06,2.70226e+06,1.09791e+07,0,0,0,0,93.396,98.274,2.82344,0,1,1.7146,1.52368,0,1.3247,2.1168,9.36715e+06,3.61194e+06,1.60609e+07,0,0,0,7.64495e+07
83.8539,85.139,3.6739,0.06,0.02,2.43671,2.62731,0,0.456474,4.47552,4.50733e+06,2.70226e+06,1.0983e+07,0,0,0,0,93.5829,98.274,2.88254,0,1,1.7146,1.524,0,1.3247,2.1168,9.36715e+06,3.61194e+06,1.60609e+07,0,0,0,7.64495e+07
84.2925,85.139,3.66973,0.06,0.02,2.6939,2.88418,0,0.456639,4.47552,4.50733e+06,2.70226e+06,1.21423e+07,0,0,0,0,93.6306,98.274,2.78718,0,1,1.89383,1.70355,0,1.3247,2.1168,9.36715e+06,3.61194e+06,1.77398e+07,0,0,0,7.64495e+07
85.139,85.139,6.4907,0.05,0.02,2.87406,2.88479,0,0.504837,4.47552,4.50733e+06,2.70226e+06,1.29543e+07,0,0,0,0,93.9504,98.274,4.543,0,1,1.71464,1.70391,0,1.46317,2.1168,9.36715e+06,3.61194e+06,1.60613e+07,0,0,0,7.64495e+07
85.139,85.139,4.46919,0.04,0.02,2.87503,2.8854,0,0.538599,4.47552,4.50733e+06,2.70226e+06,1.29587e+07,0,0,0,0,93.901,98.274,4.01024,0,1,1.71464,1.70427,0,1.32473,2.1168,9.36715e+06,3.61194e+06,1.60613e+07,0,0,0,7.64495e+07
85.0872,85.139,3.25208,0.04,0.02,2.876,2.88601,0,0.538781,4.47552,4.50733e+06,2.70226e+06,1.29631e+07,0,0,0,0,93.431,98.274,2.19464,0,1,1.71464,1.70463,0,1.32473,2.1168,9.36715e+06,3.61194e+06,1.60613e+07,0,0,0,7.64495e+07
84.8611,85.139,2.69561,0.05,0.02,2.51107,2.52072,0,0.538962,4.47552,4.50733e+06,2.70226e+06,1.13182e+07,0,0,0,0,93.8159,98.274,1.81727,0,1,1.47391,1.46426,0,1.32473,2.1168,9.36715e+06,3.61194e+06,1.38064e+07,0,0,0,7.64495e+07
85.139,85.139,4.81119,0.05,0.02,2.27124,2.52126,0,0.470575,4.47552,4.50733e+06,2.70226e+06,1.02372e+07,0,0,0,0,94.2801,98.274,3.93816,0,1,1.71459,1.46457,0,1.13874,2.1168,9.36715e+06,3.61194e+06,1.60608e+07,0,0,0,7.64495e+07
85.139,85.139,5.13369,0.04,0.02,2.27208,2.52179,0,0.42563,4.47552,4.50733e+06,2.70226e+06,1.0241e+07,0,0,0,0,94.8555,98.274,4.43331,0,1,1.71459,1.46488,0,1.32469,2.1168,9.36715e+06,3.61194e+06,1.60608e+07,0,0,0,7.64495e+07
85.139,85.139,3.815,0.04,0.02,2.27292,2.52232,0,0.425788,4.47552,4.50733e+06,2.70226e+06,1.02448e+07,0,0,0,0,95.1454,98.274,3.42023,0,1,1.71459,1.46519,0,1.32469,2.1168,9.36715e+06,3.61194e+06,1.60608e+07,0,0,0,7.64495e+07
85.139,85.139,4.92058,0.04,0.02,2.27377,2.52286,0,0.425946,4.47552,4.50733e+06,2.70226e+06,1.02486e+07,0,0,0,0,95.5305,98.274,3.81325,0,1,1.71459,1.4655,0,1.32469,2.1168,9.36715e+06,3.61194e+06,1.60608e+07,0,0,0,7.64495e+07
85.139,85.139,4.29136,0.05,0.02,2.36681,2.61559,0,0.426104,4.47552,4.50733e+06,2.70226e+06,1.0668e+07,0,0,0,0,95.7974,98.274,4.07256,0,1,1.77354,1.52476,0,1.32469,2.1168,9.36715e+06,3.61194e+06,1.66131e+07,0,0,0,7.64495e+07
85.139,85.139,6.27406,0.05,0.02,2.42662,2.61614,0,0.44354,4.47552,4.50733e+06,2.70226e+06,1.09376e+07,0,0,0,0,96.3827,98.274,4.07305,0,1,1.7146,1.52508,0,1.37024,2.1168,9.36715e+06,3.61194e+06,1.60609e+07,0,0,0,7.64495e+07
85.139,85.139,5.58016,0.06,0.02,2.4275,2.61669,0,0.454749,4.47552,4.50733e+06,2.70226e+06,1.09415e+07,0,0,0,0,97.6006,98.274,5.788,0,1,1.7146,1.52541,0,1.3247,2.1168,9.36715e+06,3.61194e+06,1.60609e+07,0,0,0,7.64495e+07
85.139,85.139,4.64558,0.06,0.02,2.42837,2.61725,0,0.454913,4.47552,4.50733e+06,2.70226e+06,1.09455e+07,0,0,0,0,98.5779,98.274,5.82084,0,1,1.7146,1.52573,0,1.3247,2.1168,9.36715e+06,3.61194e+06,1.60609e+07,0,0,0,7.64495e+07
85.139,85.139,3.59602,0.06,0.02,2.39317,2.58172,0,0.455077,4.47552,4.50733e+06,2.70226e+06,1.07868e+07,0,0,0,0,99.1222,98.274,3.99441,0,1,1.69169,1.50314,0,1.3247,2.1168,9.36715e+06,3.61194e+06,1.58463e+07,0,0,0,7.64495e+07
85.139,85.139,3.35089,0.06,0.02,2.37112,2.58227,0,0.44848,4.47552,4.50733e+06,2.70226e+06,1.06874e+07,0,0,0,0,99.3022,98.274,3.84629,0,1,1.7146,1.50345,0,1.307,2.1168,9.36715e+06,3.61194e+06,1.60609e+07,0,0,0,7.64495e+07
85.0995,85.139,2.83862,0.06,0.02,2.37199,2.58281,0,0.444348,4.47552,4.50733e+06,2.70226e+06,1.06913e+07,0,0,0,0,99.3022,98.274,3.47999,0,1,1.7146,1.50377,0,1.3247,2.1168,9.36715e+06,3.61194e+06,1.60609e+07,0,0,0,7.64495e+07
84.8313,85.139,2.60833,0.07,0.02,2.37285,2.58336,0,0.44451,4.47552,4.50733e+06,2.70226e+06,1.06952e+07,0,0,0,0,99.3022,98.274,2.87895,0,1,1.7146,1.50409,0,1.3247,2.1168,9.36715e+06,3.61194e+06,1.60609e+07,0,0,0,7.64495e+07
85.0943,85.139,3.22195,0.07,0.02,2.49629,2.70648,0,0.444672,4.47552,4.50733e+06,2.70226e+06,1.12516e+07,0,0,0,0,99.3022,98.274,3.28754,0,1,1.79593,1.58574,0,1.3247,2.1168,9.36715e+06,3.61194e+06,1.68228e+07,0,0,0,7.64495e+07
84.6048,85.139,2.44031,0.07,0.02,2.57851,2.70705,0,0.467804,4.47552,4.50733e+06,2.70226e+06,1.16222e+07,0,0,0,0,99.3022,98.274,3.00145,0,1,1.71462,1.58608,0,1.38754,2.1168,9.36715e+06,3.61194e+06,1.60611e+07,0,0,0,7.64495e+07
84.1092,85.139,2.41501,0.06,0.02,2.57942,2.70762,0,0.483213,4.47552,4.50733e+06,2.70226e+06,1.16263e+07,0,0,0,0,99.3022,98.274,2.80789,0,1,1.71462,1.58641,0,1.32471,2.1168,9.36715e+06,3.61194e+06,1.60611e+07,0,0,0,7.64495e+07
83.3952,85.139,2.14853,0.06,0.02,2.58033,2.70819,0,0.483383,4.47552,4.50733e+06,2.70226e+06,1.16304e+07,0,0,0,0,99.3022,98.274,2.68792,0,1,1.71462,1.58675,0,1.32471,2.1168,9.36715e+06,3.61194e+06,1.60611e+07,0,0,0,7.64495e+07
82.5987,85.139,2.03496,0.04,0.02,2.58124,2.70877,0,0.483554,4.47552,4.50733e+06,2.70226e+06,1.16345e+07,0,0,0,0,99.2728,98.274,2.556,0,1,1.71462,1.58708,0,1.32471,2.1168,9.36715e+06,3.61194e+06,1.60611e+07,0,0,0,7.64495e+07
82.0748,85.139,2.29309,0.04,0.02,2.55788,2.68507,0,0.483724,4.47552,4.50733e+06,2.70226e+06,1.15292e+07,0,0,0,0,99.3022,98.274,2.86013,0,1,1.75937,1.63217,0,1.32471,2.1168,9.36715e+06,3.61194e+06,1.64803e+07,0,0,0,7.64495e+07
81.935,85.139,2.71814,0.03,0.02,2.60353,2.68564,0,0.479346,4.47552,4.50733e+06,2.70226e+06,1.1735e+07,0,0,0,0,99.3022,98.274,3.30967,0,1,1.71462,1.63252,0,1.35929,2.1168,9.36715e+06,3.61194e+06,1.60612e+07,0,0,0,7.64495e+07
81.6854,85.139,2.58473,0.02,0.02,2.60445,2.68621,0,0.487902,4.47552,4.50733e+06,2.70226e+06,1.17391e+07,0,0,0,0,99.3022,98.274,3.24804,0,1,1.71463,1.63286,0,1.32472,2.1168,9.36715e+06,3.61194e+06,1.60612e+07,0,0,0,7.64495e+07
81.1276,85.139,2.24712,0.02,0.02,2.60536,2.68678,0,0.488073,4.47552,4.50733e+06,2.70226e+06,1.17432e+07,0,0,0,0,99.3022,98.274,3.06453,0,1,1.71463,1.63321,0,1.32472,2.1168,9.36715e+06,3.61194e+06,1.60612e+07,0,0,0,7.64495e+07
80.4781,85.139,2.19511,0.02,0.02,2.66899,2.75006,0,0.488244,4.47552,4.50733e+06,2.70226e+06,1.203e+07,0,0,0,0,99.3022,98.274,3.15265,0,1,1.75454,1.67347,0,1.32472,2.1168,9.36715e+06,3.61194e+06,1.64351e+07,0,0,0,7.64495e+07
80.1358,85.139,2.52434,0.02,0.02,2.70983,2.75064,0,0.500169,4.47552,4.50733e+06,2.70226e+06,1.22141e+07,0,0,0,0,99.3022,98.274,3.1514,0,1,1.71463,1.67382,0,1.35556,2.1168,9.36715e+06,3.61194e+06,1.60612e+07,0,0,0,7.64495e+07
79.5203,85.139,2.24231,0.02,0.02,2.71077,2.75123,0,0.507823,4.47552,4.50733e+06,2.70226e+06,1.22183e+07,0,0,0,0,99.3022,98.274,3.0029,0,1,1.71463,1.67418,0,1.32473,2.1168,9.36715e+06,3.61194e+06,1.60612e+07,0,0,0,7.64495e+07
78.7266,85.139,2.05328,0.02,0.02,2.7117,2.75181,0,0.507998,4.47552,4.50733e+06,2.70226e+06,1.22225e+07,0,0,0,0,99.3022,98.274,2.81475,0,1,1.71463,1.67453,0,1.32473,2.1168,9.36715e+06,3.61194e+06,1.60612e+07,0,0,0,7.64495e+07
77.5246,85.139,1.77345,0.02,0.02,2.89646,2.93621,0,0.508173,4.47552,4.50733e+06,2.70226e+06,1.30553e+07,0,0,0,0,99.2043,98.274,2.79286,0,1,1.85883,1.81908,0,1.32473,2.1168,9.36715e+06,3.61194e+06,1.7412e+07,0,0,0,7.64495e+07
76.022,85.139,1.47977,0.02,0.02,2.93683,2.93683,0,0.542796,4.47552,4.50733e+06,2.70226e+06,1.32373e+07,0,0,0,0,99.0147,98.274,2.4627,0,1,1.81947,1.81947,0,1.43614,2.1168,9.36715e+06,3.61194e+06,1.70432e+07,0,0,0,7.64495e+07
74.3249,85.139,1.25616,0.03,0.02,2.93745,2.93745,0,0.550362,4.47552,4.50733e+06,2.70226e+06,1.32401e+07,0,0,0,0,98.7261,98.274,2.15858,0,1,1.81985,1.81985,0,1.40572,2.1168,9.36715e+06,3.61194e+06,1.70468e+07,0,0,0,7.64495e+07
72.6644,85.139,1.2751,0.04,0.02,2.93807,2.93807,0,0.550478,4.47552,4.50733e+06,2.70226e+06,1.32429e+07,0,0,0,0,98.5044,98.274,2.09231,0,1,1.82024,1.82024,0,1.40602,2.1168,9.36715e+06,3.61194e+06,1.70505e+07,0,0,0,7.64495e+07
71.6029,85.139,1.88631,0.06,0.02,2.93869,2.93869,0,0.550595,4.47552,4.50733e+06,2.70226e+06,1.32457e+07,0,0,0,0,98.3627,98.274,2.47014,0,1,1.82062,1.82062,0,1.40632,2.1168,9.36715e+06,3.61194e+06,1.70541e+07,0,0,0,7.64495e+07
71.9705,85.139,3.28707,0.06,0.02,2.84963,2.84963,0,0.550711,4.47552,4.50733e+06,2.70226e+06,1.28442e+07,0,0,0,0,99.109,98.274,4.06058,0,1,1.73339,1.73339,0,1.40661,2.1168,9.36715e+06,3.61194e+06,1.62369e+07,0,0,0,7.64495e+07
70.9486,85.139,1.93999,0.07,0.02,2.85023,2.85023,0,0.534021,4.47552,4.50733e+06,2.70226e+06,1.2847e+07,0,0,0,0,99.0556,98.274,3.3043,0,1,1.73376,1.73376,0,1.33922,2.1168,9.36715e+06,3.61194e+06,1.62404e+07,0,0,0,7.64495e+07
69.3423,85.139,1.28725,0.07,0.02,2.85084,2.85084,0,0.534134,4.47552,4.50733e+06,2.70226e+06,1.28497e+07,0,0,0,0,99.3022,98.274,2.2602,0,1,1.73412,1.73412,0,1.3395,2.1168,9.36715e+06,3.61194e+06,1.62438e+07,0,0,0,7.64495e+07
68.8369,85.139,2.44539,0.07,0.02,2.85144,2.85144,0,0.534247,4.47552,4.50733e+06,2.70226e+06,1.28524e+07,0,0,0,0,99.3022,98.274,3.39988,0,1,1.73449,1.73449,0,1.33978,2.1168,9.36715e+06,3.61194e+06,1.62472e+07,0,0,0,7.64495e+07
69.8471,85.139,4.03703,0.07,0.02,2.77837,2.77837,0,0.53436,4.47552,4.50733e+06,2.70226e+06,1.2523e+07,0,0,0,0,99.3022,98.274,5.61024,0,1,1.65504,1.65504,0,1.34007,2.1168,9.36715e+06,3.61194e+06,1.5503e+07,0,0,0,7.64495e+07
68.2413,85.139,1.36575,0.07,0.02,2.71971,2.77896,0,0.520666,4.47552,4.50733e+06,2.70226e+06,1.22586e+07,0,0,0,0,99.3022,98.274,3.03679,0,1,1.71463,1.65539,0,1.27868,2.1168,9.36715e+06,3.61194e+06,1.60612e+07,0,0,0,7.64495e+07
66.3823,85.139,1.13146,0.09,0.02,2.72065,2.77954,0,0.509674,4.47552,4.50733e+06,2.70226e+06,1.22629e+07,0,0,0,0,99.3022,98.274,2.83439,0,1,1.71463,1.65574,0,1.32472,2.1168,9.36715e+06,3.61194e+06,1.60612e+07,0,0,0,7.64495e+07
64.6556,85.139,1.18321,0.1,0.02,2.72159,2.78013,0,0.50985,4.47552,4.50733e+06,2.70226e+06,1.22671e+07,0,0,0,0,99.3022,98.274,3.19832,0,1,1.71463,1.65609,0,1.32472,2.1168,9.36715e+06,3.61194e+06,1.60612e+07,0,0,0,7.64495e+07
66.5289,85.139,4.76441,0.1,0.02,2.5131,2.5713,0,0.510025,4.47552,4.50733e+06,2.70226e+06,1.13274e+07,0,0,0,0,99.3022,98.274,5.81647,0,1,1.54825,1.49005,0,1.32472,2.1168,9.36715e+06,3.61194e+06,1.45027e+07,0,0,0,7.64495e+07
67.2392,85.139,3.52006,0.1,0.02,2.34761,2.57184,0,0.470956,4.47552,4.50733e+06,2.70226e+06,1.05815e+07,0,0,0,0,99.3022,98.274,6.20957,0,1,1.7146,1.49037,0,1.19618,2.1168,9.36715e+06,3.61194e+06,1.60609e+07,0,0,0,7.64495e+07
67.4026,85.139,2.85099,0.11,0.02,2.34847,2.57239,0,0.439943,4.47552,4.50733e+06,2.70226e+06,1.05854e+07,0,0,0,0,99.3022,98.274,5.00622,0,1,1.7146,1.49068,0,1.3247,2.1168,9.36715e+06,3.61194e+06,1.60609e+07,0,0,0,7.64495e+07
67.3994,85.139,2.68138,0.11,0.02,2.34933,2.57293,0,0.440104,4.47552,4.50733e+06,2.70226e+06,1.05892e+07,0,0,0,0,99.3022,98.274,5.88916,0,1,1.7146,1.491,0,1.3247,2.1168,9.36715e+06,3.61194e+06,1.60609e+07,0,0,0,7.64495e+07
66.77,85.139,2.00785,0.11,0.02,2.35019,2.57347,0,0.440265,4.47552,4.50733e+06,2.70226e+06,1.05931e+07,0,0,0,0,99.3022,98.274,3.14855,0,1,1.7146,1.49131,0,1.3247,2.1168,9.36715e+06,3.61194e+06,1.60609e+07,0,0,0,7.64495e+07
66.7831,85.139,2.66749,0.11,0.02,2.35051,2.57347,0,0.440426,4.47552,4.50733e+06,2.70226e+06,1.05945e+07,0,0,0,0,99.3022,98.274,3.99642,0,1,1.71428,1.49131,0,1.3247,2.1168,9.36715e+06,3.61194e+06,1.60579e+07,0,0,0,7.64495e+07
65.728,85.139,1.53186,0.11,0.02,2.35224,2.65464,0,0.440485,4.47552,4.50733e+06,2.70226e+06,1.06023e+07,0,0,0,0,99.3022,98.274,4.41561,0,1,1.84225,1.53985,0,1.32445,2.96352,9.36715e+06,3.61194e+06,1.72567e+07,0,0,0,7.64495e+07
65.3145,85.139,2.16493,0.11,0.02,2.35278,2.65518,0,0.440811,4.47552,4.50733e+06,2.70226e+06,1.06048e+07,0,0,0,0,99.3022,98.274,4.68363,0,1,1.84257,1.54017,0,1.42332,2.96352,9.36715e+06,3.61194e+06,1.72596e+07,0,0,0,7.64495e+07
66.1307,85.139,3.46106,0.11,0.02,2.35332,2.65572,0,0.440912,4.47552,4.50733e+06,2.70226e+06,1.06072e+07,0,0,0,0,99.3022,98.274,5.36359,0,1,1.84288,1.54048,0,1.42357,2.96352,9.36715e+06,3.61194e+06,1.72625e+07,0,0,0,7.64495e+07
67.8093,85.139,4.48406,0.11,0.02,2.35386,2.65626,0,0.441013,4.47552,4.50733e+06,2.70226e+06,1.06096e+07,0,0,0,0,99.3022,98.274,5.34682,0,1,1.84319,1.54079,0,1.42381,2.96352,9.36715e+06,3.61194e+06,1.72655e+07,0,0,0,7.64495e+07
69.934,85.139,5.14342,0.12,0.02,2.61354,2.91594,0,0.441114,4.47552,4.50733e+06,2.70226e+06,1.17801e+07,0,0,0,0,99.3022,98.274,5.6274,0,1,2.02471,1.72231,0,1.42405,2.96352,9.36715e+06,3.61194e+06,1.89657e+07,0,0,0,7.64495e+07
70.523,85.139,3.57477,0.1,0.02,2.61414,2.91654,0,0.489778,4.47552,4.50733e+06,2.70226e+06,1.17828e+07,0,0,0,0,99.0234,98.274,4.01523,0,1,2.02506,1.72266,0,1.56429,2.96352,9.36715e+06,3.61194e+06,1.8969e+07,0,0,0,7.64495e+07
69.8336,85.139,2.20887,0.11,0.02,2.61473,2.91713,0,0.489889,4.47552,4.50733e+06,2.70226e+06,1.17855e+07,0,0,0,0,99.3022,98.274,2.77134,0,1,2.02541,1.72301,0,1.56456,2.96352,9.36715e+06,3.61194e+06,1.89723e+07,0,0,0,7.64495e+07
70.0653,85.139,3.15583,0.11,0.02,2.61532,2.91772,0,0.49,4.47552,4.50733e+06,2.70226e+06,1.17881e+07,0,0,0,0,99.3022,98.274,4.20356,0,1,2.02576,1.72336,0,1.56483,2.96352,9.36715e+06,3.61194e+06,1.89756e+07,0,0,0,7.64495e+07
70.4305,85.139,3.01511,0.11,0.02,2.246,2.5484,0,0.490111,4.47552,4.50733e+06,2.70226e+06,1.01235e+07,0,0,0,0,99.3022,98.274,4.35486,0,1,1.78274,1.48034,0,1.5651,2.96352,9.36715e+06,3.61194e+06,1.66992e+07,0,0,0,7.64495e+07
71.9629,85.139,4.27349,0.11,0.02,2.24652,2.54892,0,0.420901,4.47552,4.50733e+06,2.70226e+06,1.01258e+07,0,0,0,0,99.3022,98.274,4.19031,0,1,1.78304,1.48064,0,1.37734,2.96352,9.36715e+06,3.61194e+06,1.6702e+07,0,0,0,7.64495e+07
73.4814,85.139,4.27159,0.15,0.02,2.24704,2.54944,0,0.420998,4.47552,4.50733e+06,2.70226e+06,1.01281e+07,0,0,0,0,99.3022,98.274,3.77349,0,1,1.78334,1.48094,0,1.37758,2.96352,9.36715e+06,3.61194e+06,1.67048e+07,0,0,0,7.64495e+07
76.3618,85.139,5.67831,0.17,0.02,2.24756,2.54996,0,0.421095,4.47552,4.50733e+06,2.70226e+06,1.01305e+07,0,0,0,0,99.3022,98.274,5.50913,0,1,1.78364,1.48124,0,1.37781,2.96352,9.36715e+06,3.61194e+06,1.67076e+07,0,0,0,7.64495e+07
79.5003,85.139,5.96679,0.12,0.02,2.24807,2.55047,0,0.421192,4.47552,4.50733e+06,2.70226e+06,1.01328e+07,0,0,0,0,99.3022,98.274,9.15196,0,1,1.78394,1.48154,0,1.37804,2.96352,9.36715e+06,3.61194e+06,1.67105e+07,0,0,0,7.64495e+07
80.8116,85.139,4.21791,0.08,0.02,2.3418,2.6442,0,0.421289,4.47552,4.50733e+06,2.70226e+06,1.05553e+07,0,0,0,0,99.3022,98.274,4.65764,0,1,1.84384,1.54144,0,1.37827,2.96352,9.36715e+06,3.61194e+06,1.72715e+07,0,0,0,7.64495e+07
82.3216,85.139,4.37306,0.08,0.02,2.34234,2.64474,0,0.438854,4.47552,4.50733e+06,2.70226e+06,1.05577e+07,0,0,0,0,99.3022,98.274,3.31047,0,1,1.84415,1.54175,0,1.42455,2.96352,9.36715e+06,3.61194e+06,1.72745e+07,0,0,0,7.64495e+07
83.1029,85.139,3.55937,0.08,0.02,2.34288,2.64528,0,0.438954,4.47552,4.50733e+06,2.70226e+06,1.05601e+07,0,0,0,0,98.9436,98.274,3.30976,0,1,1.84447,1.54207,0,1.42479,2.96352,9.36715e+06,3.61194e+06,1.72774e+07,0,0,0,7.64495e+07
83.002,85.139,2.60248,0.08,0.02,2.34341,2.64581,0,0.439055,4.47552,4.50733e+06,2.70226e+06,1.05625e+07,0,0,0,0,99.0596,98.274,2.26184,0,1,1.84478,1.54238,0,1.42504,2.96352,9.36715e+06,3.61194e+06,1.72804e+07,0,0,0,7.64495e+07
83.8971,85.139,3.60433,0.09,0.02,2.30748,2.60988,0,0.439156,4.47552,4.50733e+06,2.70226e+06,1.04006e+07,0,0,0,0,99.1284,98.274,2.92988,0,1,1.82193,1.51953,0,1.42528,2.96352,9.36715e+06,3.61194e+06,1.70663e+07,0,0,0,7.64495e+07
84.3743,85.139,3.16078,0.08,0.02,2.30801,2.61041,0,0.432422,4.47552,4.50733e+06,2.70226e+06,1.0403e+07,0,0,0,0,99.0016,98.274,2.61855,0,1,1.82224,1.51984,0,1.40762,2.96352,9.36715e+06,3.61194e+06,1.70692e+07,0,0,0,7.64495e+07
84.2931,85.139,2.56452,0.07,0.02,2.30854,2.61094,0,0.432521,4.47552,4.50733e+06,2.70226e+06,1.04054e+07,0,0,0,0,98.6629,98.274,2.18362,0,1,1.82255,1.52015,0,1.40786,2.96352,9.36715e+06,3.61194e+06,1.70721e+07,0,0,0,7.64495e+07
83.9875,85.139,2.24002,0.07,0.02,2.30907,2.61147,0,0.432621,4.47552,4.50733e+06,2.70226e+06,1.04078e+07,0,0,0,0,98.2883,98.274,1.94295,0,1,1.82286,1.52046,0,1.4081,2.96352,9.36715e+06,3.61194e+06,1.7075e+07,0,0,0,7.64495e+07
83.4354,85.139,2.10257,0.07,0.02,2.43351,2.73591,0,0.43272,4.47552,4.50733e+06,2.70226e+06,1.09686e+07,0,0,0,0,97.8443,98.274,1.83759,0,1,1.90539,1.60299,0,1.40834,2.96352,9.36715e+06,3.61194e+06,1.78481e+07,0,0,0,7.64495e+07
82.9262,85.139,2.14921,0.07,0.02,2.43407,2.73647,0,0.45604,4.47552,4.50733e+06,2.70226e+06,1.09711e+07,0,0,0,0,97.5169,98.274,1.8854,0,1,1.90571,1.60331,0,1.4721,2.96352,9.36715e+06,3.61194e+06,1.78511e+07,0,0,0,7.64495e+07
82.2906,85.139,2.01322,0.06,0.02,2.43462,2.73702,0,0.456144,4.47552,4.50733e+06,2.70226e+06,1.09737e+07,0,0,0,0,97.0685,98.274,1.7856,0,1,1.90604,1.60364,0,1.47235,2.96352,9.36715e+06,3.61194e+06,1.78542e+07,0,0,0,7.64495e+07
81.5593,85.139,1.88816,0.05,0.02,2.43518,2.73758,0,0.456248,4.47552,4.50733e+06,2.70226e+06,1.09762e+07,0,0,0,0,96.5825,98.274,1.6924,0,1,1.90637,1.60397,0,1.47261,2.96352,9.36715e+06,3.61194e+06,1.78572e+07,0,0,0,7.64495e+07
80.5764,85.139,1.58434,0.04,0.02,2.43574,2.73814,0,0.456352,4.47552,4.50733e+06,2.70226e+06,1.09787e+07,0,0,0,0,95.9087,98.274,1.56746,0,1,1.90669,1.60429,0,1.47286,2.96352,9.36715e+06,3.61194e+06,1.78603e+07,0,0,0,7.64495e+07
79.0435,85.139,1.01926,0.04,0.02,2.41176,2.71416,0,0.456457,4.47552,4.50733e+06,2.70226e+06,1.08706e+07,0,0,0,0,95.1017,98.274,1.28965,0,1,1.95225,1.64985,0,1.47311,2.96352,9.36715e+06,3.61194e+06,1.82871e+07,0,0,0,7.64495e+07
77.4543,85.139,0.953907,0.05,0.02,2.41232,2.71472,0,0.451964,4.47552,4.50733e+06,2.70226e+06,1.08731e+07,0,0,0,0,94.2456,98.274,1.24631,0,1,1.95259,1.65019,0,1.50831,2.96352,9.36715e+06,3.61194e+06,1.82902e+07,0,0,0,7.64495e+07
75.7902,85.139,0.869135,0.04,0.02,2.41287,2.71527,0,0.452068,4.47552,4.50733e+06,2.70226e+06,1.08756e+07,0,0,0,0,93.326,98.274,1.18546,0,1,1.95292,1.65052,0,1.50857,2.96352,9.36715e+06,3.61194e+06,1.82933e+07,0,0,0,7.64495e+07
74.0681,85.139,0.789411,0.03,0.02,2.41342,2.71582,0,0.452171,4.47552,4.50733e+06,2.70226e+06,1.08781e+07,0,0,0,0,92.2562,98.274,1.09445,0,1,1.95326,1.65086,0,1.50883,2.96352,9.36715e+06,3.61194e+06,1.82965e+07,0,0,0,7.64495e+07
72.1816,85.139,0.638899,0.02,0.02,2.47737,2.77977,0,0.452275,4.47552,4.50733e+06,2.70226e+06,1.11663e+07,0,0,0,0,91.1796,98.274,0.892471,0,1,1.99394,1.69154,0,1.50909,2.96352,9.36715e+06,3.61194e+06,1.86776e+07,0,0,0,7.64495e+07
70.2481,85.139,0.572475,0.05,0.02,2.47793,2.78033,0,0.464259,4.47552,4.50733e+06,2.70226e+06,1.11689e+07,0,0,0,0,90.0721,98.274,0.838894,0,1,1.99429,1.69189,0,1.54052,2.96352,9.36715e+06,3.61194e+06,1.86808e+07,0,0,0,7.64495e+07
68.2931,85.139,0.535859,0.04,0.02,2.4785,2.7809,0,0.464365,4.47552,4.50733e+06,2.70226e+06,1.11714e+07,0,0,0,0,88.9906,98.274,0.765881,0,1,1.99463,1.69223,0,1.54079,2.96352,9.36715e+06,3.61194e+06,1.8684e+07,0,0,0,7.64495e+07
66.3451,85.139,0.526234,0.06,0.02,2.47906,2.78146,0,0.464471,4.47552,4.50733e+06,2.70226e+06,1.1174e+07,0,0,0,0,87.9363,98.274,0.826401,0,1,1.99498,1.69258,0,1.54105,2.96352,9.36715e+06,3.61194e+06,1.86873e+07,0,0,0,7.64495e+07
64.2664,85.139,0.523133,0.1,0.02,2.66543,2.96783,0,0.464577,4.47552,4.50733e+06,2.70226e+06,1.2014e+07,0,0,0,0,86.814,98.274,0.849006,0,1,2.14107,1.83867,0,1.54132,2.96352,9.36715e+06,3.61194e+06,2.00558e+07,0,0,0,7.64495e+07
62.1892,85.139,0.515586,0.1,0.02,2.66603,2.96843,0,0.499501,4.47552,4.50733e+06,2.70226e+06,1.20167e+07,0,0,0,0,85.7071,98.274,0.843969,0,1,2.14145,1.83905,0,1.65419,2.96352,9.36715e+06,3.61194e+06,2.00593e+07,0,0,0,7.64495e+07
60.1258,85.139,0.507816,0.14,0.02,2.66664,2.96904,0,0.499615,4.47552,4.50733e+06,2.70226e+06,1.20194e+07,0,0,0,0,84.576,98.274,0.805397,0,1,2.14182,1.83942,0,1.65448,2.96352,9.36715e+06,3.61194e+06,2.00628e+07,0,0,0,7.64495e+07
57.9593,85.139,0.393856,0.14,0.02,2.66724,2.96964,0,0.499728,4.47552,4.50733e+06,2.70226e+06,1.20221e+07,0,0,0,0,83.5157,98.274,0.719916,0,1,2.1422,1.8398,0,1.65477,2.96352,9.36715e+06,3.61194e+06,2.00663e+07,0,0,0,7.64495e+07
55.883,85.139,0.470854,0.14,0.02,2.66784,2.97024,0,0.499841,4.47552,4.50733e+06,2.70226e+06,1.20249e+07,0,0,0,0,82.5841,98.274,0.823457,0,1,2.14257,1.84017,0,1.65506,2.96352,9.36715e+06,3.61194e+06,2.00698e+07,0,0,0,7.64495e+07
54.0098,85.139,0.658327,0.17,0.02,2.5778,2.8802,0,0.499954,4.47552,4.50733e+06,2.70226e+06,1.1619e+07,0,0,0,0,82.0097,98.274,0.989537,0,1,2.05439,1.75199,0,1.65535,2.96352,9.36715e+06,3.61194e+06,1.92438e+07,0,0,0,7.64495e+07
52.1681,85.139,0.68526,0.17,0.02,2.57839,2.88079,0,0.483081,4.47552,4.50733e+06,2.70226e+06,1.16217e+07,0,0,0,0,81.6025,98.274,1.46396,0,1,2.05474,1.75234,0,1.58722,2.96352,9.36715e+06,3.61194e+06,1.92471e+07,0,0,0,7.64495e+07
50.345,85.139,0.678413,0.17,0.02,2.57898,2.88138,0,0.48319,4.47552,4.50733e+06,2.70226e+06,1.16243e+07,0,0,0,0,81.1185,98.274,1.67458,0,1,2.0551,1.7527,0,1.5875,2.96352,9.36715e+06,3.61194e+06,1.92504e+07,0,0,0,7.64495e+07
48.4733,85.139,0.596506,0.18,0.02,2.57956,2.88196,0,0.4833,4.47552,4.50733e+06,2.70226e+06,1.16269e+07,0,0,0,0,80.6007,98.274,1.52742,0,1,2.05546,1.75306,0,1.58777,2.96352,9.36715e+06,3.61194e+06,1.92538e+07,0,0,0,7.64495e+07
46.9957,85.139,0.955497,0.2,0.02,2.50569,2.80809,0,0.48341,4.47552,4.50733e+06,2.70226e+06,1.1294e+07,0,0,0,0,79.7364,98.274,1.55414,0,1,1.97514,1.67274,0,1.58805,2.96352,9.36715e+06,3.61194e+06,1.85014e+07,0,0,0,7.64495e+07
45.3702,85.139,0.793785,0.17,0.02,2.50626,2.80866,0,0.469565,4.47552,4.50733e+06,2.70226e+06,1.12965e+07,0,0,0,0,79.602,98.274,0.9316,0,1,1.97548,1.67308,0,1.52599,2.96352,9.36715e+06,3.61194e+06,1.85046e+07,0,0,0,7.64495e+07
44.0058,85.139,1.04834,0.22,0.02,2.50683,2.80923,0,0.469672,4.47552,4.50733e+06,2.70226e+06,1.12991e+07,0,0,0,0,79.4324,98.274,2.193,0,1,1.97582,1.67342,0,1.52626,2.96352,9.36715e+06,3.61194e+06,1.85078e+07,0,0,0,7.64495e+07
44.3121,85.139,2.86036,0.21,0.02,2.5074,2.8098,0,0.46978,4.47552,4.50733e+06,2.70226e+06,1.13017e+07,0,0,0,0,79.4691,98.274,4.2034,0,1,1.97616,1.67376,0,1.52652,2.96352,9.36715e+06,3.61194e+06,1.8511e+07,0,0,0,7.64495e+07
43.613,85.139,1.62935,0.21,0.02,2.29632,2.59872,0,0.469887,4.47552,4.50733e+06,2.70226e+06,1.03503e+07,0,0,0,0,79.5756,98.274,1.56976,0,1,1.80834,1.50594,0,1.52678,2.96352,9.36715e+06,3.61194e+06,1.6939e+07,0,0,0,7.64495e+07
42.9975,85.139,1.6544,0.2,0.02,2.29685,2.59925,0,0.43033,4.47552,4.50733e+06,2.70226e+06,1.03526e+07,0,0,0,0,79.4439,98.274,3.09961,0,1,1.80865,1.50625,0,1.39713,2.96352,9.36715e+06,3.61194e+06,1.69419e+07,0,0,0,7.64495e+07
43.2535,85.139,2.58169,0.21,0.02,2.29737,2.59977,0,0.430429,4.47552,4.50733e+06,2.70226e+06,1.0355e+07,0,0,0,0,79.1755,98.274,2.85078,0,1,1.80896,1.50656,0,1.39736,2.96352,9.36715e+06,3.61194e+06,1.69448e+07,0,0,0,7.64495e+07
43.7476,85.139,2.8418,0.22,0.02,2.2979,2.6003,0,0.430528,4.47552,4.50733e+06,2.70226e+06,1.03574e+07,0,0,0,0,79.1101,98.274,2.06379,0,1,1.80926,1.50686,0,1.3976,2.96352,9.36715e+06,3.61194e+06,1.69476e+07,0,0,0,7.64495e+07
44.4272,85.139,3.05019,0.26,0.02,2.29843,2.60083,0,0.430627,4.47552,4.50733e+06,2.70226e+06,1.03598e+07,0,0,0,0,79.6623,98.274,3.5248,0,1,1.80957,1.50717,0,1.39784,2.96352,9.36715e+06,3.61194e+06,1.69505e+07,0,0,0,7.64495e+07
46.3472,85.139,4.42783,0.28,0.02,2.38044,2.68284,0,0.430726,4.47552,4.50733e+06,2.70226e+06,1.07295e+07,0,0,0,0,80.3326,98.274,4.55983,0,0,1.85861,1.55621,0,1.39807,2.96352,9.36715e+06,3.61194e+06,1.74099e+07,0,0,0,7.64495e+07
49.1164,85.139,5.28244,0.25,0.02,2.38097,2.68337,0,0.446095,4.47552,4.50733e+06,2.70226e+06,1.07318e+07,0,0,0,0,81.0987,98.274,4.99343,0,0,1.85892,1.55652,0,1.43596,2.96352,9.36715e+06,3.61194e+06,1.74127e+07,0,0,0,7.64495e+07
50.7211,85.139,4.12393,0.25,0.02,2.38149,2.68389,0,0.446194,4.47552,4.50733e+06,2.70226e+06,1.07342e+07,0,0,0,0,82.0311,98.274,5.05563,0,0,1.85922,1.55682,0,1.4362,2.96352,9.36715e+06,3.61194e+06,1.74156e+07,0,0,0,7.64495e+07
54.386,85.139,6.39258,0.27,0.02,2.38202,2.68442,0,0.446292,4.47552,4.50733e+06,2.70226e+06,1.07365e+07,0,0,0,0,83.6196,98.274,6.26066,0,0,1.85952,1.55712,0,1.43643,2.96352,9.36715e+06,3.61194e+06,1.74184e+07,0,0,0,7.64495e+07
57.7456,85.139,6.31982,0.22,0.02,2.64442,2.94682,0,0.44639,4.47552,4.50733e+06,2.70226e+06,1.19193e+07,0,0,0,0,84.9852,98.274,6.00415,0,0,2.04295,1.74055,0,1.43667,2.96352,9.36715e+06,3.61194e+06,1.91366e+07,0,0,0,7.64495e+07
59.8961,85.139,5.07876,0.18,0.02,2.645,2.9474,0,0.495565,4.47552,4.50733e+06,2.70226e+06,1.19219e+07,0,0,0,0,85.4712,98.274,4.4237,0,0,2.04329,1.74089,0,1.57838,2.96352,9.36715e+06,3.61194e+06,1.91398e+07,0,0,0,7.64495e+07
60.7401,85.139,3.73088,0.2,0.02,2.64558,2.94798,0,0.495673,4.47552,4.50733e+06,2.70226e+06,1.19245e+07,0,0,0,0,85.6691,98.274,2.85181,0,0,2.04363,1.74123,0,1.57864,2.96352,9.36715e+06,3.61194e+06,1.9143e+07,0,0,0,7.64495e+07
61.5038,85.139,3.71008,0.21,0.02,2.64615,2.94855,0,0.495781,4.47552,4.50733e+06,2.70226e+06,1.19271e+07,0,0,0,0,85.8917,98.274,3.44744,0,0,2.04397,1.74157,0,1.57891,2.96352,9.36715e+06,3.61194e+06,1.91462e+07,0,0,0,7.64495e+07
63.332,85.139,4.61408,0.24,0.02,2.27291,2.57531,0,0.495889,4.47552,4.50733e+06,2.70226e+06,1.02447e+07,0,0,0,0,87.1086,98.274,5.21573,0,0,1.79837,1.49597,0,1.57917,2.96352,9.36715e+06,3.61194e+06,1.68456e+07,0,0,0,7.64495e+07
65.8562,85.139,5.41548,0.18,0.02,2.27341,2.57581,0,0.425943,4.47552,4.50733e+06,2.70226e+06,1.0247e+07,0,0,0,0,88.607,98.274,5.63993,0,0,1.79866,1.49626,0,1.38942,2.96352,9.36715e+06,3.61194e+06,1.68483e+07,0,0,0,7.64495e+07
68.9642,85.139,6.00802,0.22,0.02,2.27391,2.57631,0,0.426037,4.47552,4.50733e+06,2.70226e+06,1.02493e+07,0,0,0,0,90.576,98.274,6.5138,0,0,1.79895,1.49655,0,1.38964,2.96352,9.36715e+06,3.61194e+06,1.68511e+07,0,0,0,7.64495e+07
71.299,85.139,5.08979,0.19,0.02,2.27442,2.57682,0,0.426131,4.47552,4.50733e+06,2.70226e+06,1.02516e+07,0,0,0,0,91.6142,98.274,4.79783,0,0,1.79924,1.49684,0,1.38987,2.96352,9.36715e+06,3.61194e+06,1.68538e+07,0,0,0,7.64495e+07
73.0243,85.139,4.57424,0.2,0.02,2.27492,2.57732,0,0.426226,4.47552,4.50733e+06,2.70226e+06,1.02538e+07,0,0,0,0,92.6544,98.274,4.52214,0,0,1.79954,1.49714,0,1.3901,2.96352,9.36715e+06,3.61194e+06,1.68565e+07,0,0,0,7.64495e+07
76.1048,85.139,6.0364,0.22,0.02,2.36961,2.67201,0,0.42632,4.47552,4.50733e+06,2.70226e+06,1.06806e+07,0,0,0,0,93.8681,98.274,5.85771,0,0,1.86005,1.55765,0,1.39032,2.96352,9.36715e+06,3.61194e+06,1.74234e+07,0,0,0,7.64495e+07
78.4976,85.139,5.31605,0.16,0.02,2.37013,2.67253,0,0.444065,4.47552,4.50733e+06,2.70226e+06,1.0683e+07,0,0,0,0,95.032,98.274,5.45844,0,0,1.86036,1.55796,0,1.43708,2.96352,9.36715e+06,3.61194e+06,1.74263e+07,0,0,0,7.64495e+07
79.7088,85.139,4.05685,0.17,0.02,2.37066,2.67306,0,0.444163,4.47552,4.50733e+06,2.70226e+06,1.06853e+07,0,0,0,0,95.7501,98.274,4.03772,0,0,1.86066,1.55826,0,1.43731,2.96352,9.36715e+06,3.61194e+06,1.74291e+07,0,0,0,7.64495e+07
80.534,85.139,3.6173,0.1,0.02,2.37118,2.67358,0,0.444261,4.47552,4.50733e+06,2.70226e+06,1.06877e+07,0,0,0,0,96.2313,98.274,3.56634,0,0,1.86097,1.55857,0,1.43755,2.96352,9.36715e+06,3.61194e+06,1.7432e+07,0,0,0,7.64495e+07
80.9716,85.139,3.13515,0.11,0.02,2.33484,2.63724,0,0.444359,4.47552,4.50733e+06,2.70226e+06,1.05239e+07,0,0,0,0,96.7042,98.274,3.39914,0,0,1.83786,1.53546,0,1.43778,2.96352,9.36715e+06,3.61194e+06,1.72155e+07,0,0,0,7.64495e+07
81.0831,85.139,2.78335,0.11,0.02,2.33536,2.63776,0,0.43755,4.47552,4.50733e+06,2.70226e+06,1.05262e+07,0,0,0,0,97.2764,98.274,3.61027,0,0,1.83816,1.53576,0,1.41993,2.96352,9.36715e+06,3.61194e+06,1.72183e+07,0,0,0,7.64495e+07
81.3082,85.139,2.89648,0.09,0.02,2.33587,2.63827,0,0.437646,4.47552,4.50733e+06,2.70226e+06,1.05286e+07,0,0,0,0,97.6641,98.274,3.19504,0,0,1.83846,1.53606,0,1.42016,2.96352,9.36715e+06,3.61194e+06,1.72212e+07,0,0,0,7.64495e+07
81.5056,85.139,2.83392,0.09,0.02,2.33639,2.63879,0,0.437743,4.47552,4.50733e+06,2.70226e+06,1.05309e+07,0,0,0,0,98.0052,98.274,3.18307,0,0,1.83876,1.53636,0,1.4204,2.96352,9.36715e+06,3.61194e+06,1.7224e+07,0,0,0,7.64495e+07
81.1241,85.139,2.27181,0.09,0.02,2.46211,2.76451,0,0.437839,4.47552,4.50733e+06,2.70226e+06,1.10975e+07,0,0,0,0,98.1478,98.274,2.94688,0,0,1.92214,1.61974,0,1.42063,2.96352,9.36715e+06,3.61194e+06,1.8005e+07,0,0,0,7.64495e+07
80.5764,85.139,2.13263,0.09,0.02,2.46265,2.76505,0,0.461399,4.47552,4.50733e+06,2.70226e+06,1.11e+07,0,0,0,0,98.1405,98.274,2.62618,0,0,1.92246,1.62006,0,1.48505,2.96352,9.36715e+06,3.61194e+06,1.8008e+07,0,0,0,7.64495e+07
79.8634,85.139,1.95106,0.09,0.02,2.46319,2.76559,0,0.4615,4.47552,4.50733e+06,2.70226e+06,1.11024e+07,0,0,0,0,98.0303,98.274,2.39983,0,0,1.92277,1.62037,0,1.48529,2.96352,9.36715e+06,3.61194e+06,1.80109e+07,0,0,0,7.64495e+07
79.0653,85.139,1.80725,0.08,0.02,2.46373,2.76613,0,0.461601,4.47552,4.50733e+06,2.70226e+06,1.11048e+07,0,0,0,0,97.9533,98.274,2.30658,0,0,1.92309,1.62069,0,1.48554,2.96352,9.36715e+06,3.61194e+06,1.80139e+07,0,0,0,7.64495e+07
78.3636,85.139,1.8961,0.09,0.02,2.46427,2.76667,0,0.461702,4.47552,4.50733e+06,2.70226e+06,1.11073e+07,0,0,0,0,97.8506,98.274,2.36767,0,0,1.92341,1.62101,0,1.48578,2.96352,9.36715e+06,3.61194e+06,1.80169e+07,0,0,0,7.64495e+07
78.2483,85.139,2.48237,0.09,0.02,2.44002,2.74242,0,0.461804,4.47552,4.50733e+06,2.70226e+06,1.0998e+07,0,0,0,0,97.5844,98.274,2.68597,0,0,1.96943,1.66703,0,1.48603,2.96352,9.36715e+06,3.61194e+06,1.8448e+07,0,0,0,7.64495e+07
77.9221,85.139,2.25847,0.07,0.02,2.44056,2.74296,0,0.45726,4.47552,4.50733e+06,2.70226e+06,1.10004e+07,0,0,0,0,97.2946,98.274,2.50693,0,0,1.96976,1.66736,0,1.52158,2.96352,9.36715e+06,3.61194e+06,1.8451e+07,0,0,0,7.64495e+07
77.4489,85.139,2.09913,0.06,0.02,2.44109,2.74349,0,0.457361,4.47552,4.50733e+06,2.70226e+06,1.10028e+07,0,0,0,0,96.9658,98.274,2.31151,0,0,1.97008,1.66768,0,1.52183,2.96352,9.36715e+06,3.61194e+06,1.84541e+07,0,0,0,7.64495e+07
76.9253,85.139,2.03499,0.04,0.02,2.44163,2.74403,0,0.457461,4.47552,4.50733e+06,2.70226e+06,1.10052e+07,0,0,0,0,96.5009,98.274,2.17391,0,0,1.97041,1.66801,0,1.52209,2.96352,9.36715e+06,3.61194e+06,1.84571e+07,0,0,0,7.64495e+07
76.1217,85.139,1.77405,0.03,0.02,2.50622,2.80862,0,0.457562,4.47552,4.50733e+06,2.70226e+06,1.12964e+07,0,0,0,0,96.1234,98.274,1.95311,0,0,2.0115,1.7091,0,1.52234,2.96352,9.36715e+06,3.61194e+06,1.8842e+07,0,0,0,7.64495e+07
75.3205,85.139,1.79034,0.03,0.02,2.50677,2.80917,0,0.469666,4.47552,4.50733e+06,2.70226e+06,1.12988e+07,0,0,0,0,95.717,98.274,2.18986,0,0,2.01183,1.70943,0,1.55409,2.96352,9.36715e+06,3.61194e+06,1.88452e+07,0,0,0,7.64495e+07
74.4099,85.139,1.65514,0.03,0.02,2.50732,2.80972,0,0.469768,4.47552,4.50733e+06,2.70226e+06,1.13013e+07,0,0,0,0,95.146,98.274,2.08716,0,0,2.01217,1.70977,0,1.55434,2.96352,9.36715e+06,3.61194e+06,1.88483e+07,0,0,0,7.64495e+07
73.3622,85.139,1.50631,0.04,0.02,2.50787,2.81027,0,0.469871,4.47552,4.50733e+06,2.70226e+06,1.13038e+07,0,0,0,0,94.6979,98.274,1.82378,0,0,2.0125,1.7101,0,1.5546,2.96352,9.36715e+06,3.61194e+06,1.88514e+07,0,0,0,7.64495e+07
72.2417,85.139,1.58069,0.07,0.02,2.69614,2.99854,0,0.469974,4.47552,4.50733e+06,2.70226e+06,1.21524e+07,0,0,0,0,93.7491,98.274,2.15453,0,0,2.1601,1.8577,0,1.55486,2.96352,9.36715e+06,3.61194e+06,2.0234e+07,0,0,0,7.64495e+07
70.7951,85.139,1.25275,0.07,0.02,2.69672,2.99912,0,0.505256,4.47552,4.50733e+06,2.70226e+06,1.2155e+07,0,0,0,0,93.0019,98.274,1.3051,0,0,2.16046,1.85806,0,1.66889,2.96352,9.36715e+06,3.61194e+06,2.02374e+07,0,0,0,7.64495e+07
69.4369,85.139,1.34388,0.07,0.02,2.69731,2.99971,0,0.505366,4.47552,4.50733e+06,2.70226e+06,1.21577e+07,0,0,0,0,91.9225,98.274,1.58652,0,0,2.16082,1.85842,0,1.66917,2.96352,9.36715e+06,3.61194e+06,2.02408e+07,0,0,0,7.64495e+07
67.8612,85.139,1.11127,0.09,0.02,2.69789,3.00029,0,0.505476,4.47552,4.50733e+06,2.70226e+06,1.21603e+07,0,0,0,0,91.4176,98.274,1.12848,0,0,2.16119,1.85879,0,1.66945,2.96352,9.36715e+06,3.61194e+06,2.02442e+07,0,0,0,7.64495e+07
66.5577,85.139,1.36977,0.11,0.02,2.69848,3.00088,0,0.505585,4.47552,4.50733e+06,2.70226e+06,1.2163e+07,0,0,0,0,90.3237,98.274,2.09539,0,0,2.16155,1.85915,0,1.66973,2.96352,9.36715e+06,3.61194e+06,2.02476e+07,0,0,0,7.64495e+07
64.7337,85.139,0.772394,0.11,0.02,2.60749,2.90989,0,0.505695,4.47552,4.50733e+06,2.70226e+06,1.17528e+07,0,0,0,0,89.4234,98.274,1.28865,0,0,2.07244,1.77004,0,1.67001,2.96352,9.36715e+06,3.61194e+06,1.94129e+07,0,0,0,7.64495e+07
62.8223,85.139,0.6755,0.11,0.02,2.60806,2.91046,0,0.488643,4.47552,4.50733e+06,2.70226e+06,1.17554e+07,0,0,0,0,88.4744,98.274,1.04347,0,0,2.07279,1.77039,0,1.60117,2.96352,9.36715e+06,3.61194e+06,1.94161e+07,0,0,0,7.64495e+07
60.8563,85.139,0.604906,0.11,0.02,2.60863,2.91103,0,0.48875,4.47552,4.50733e+06,2.70226e+06,1.17579e+07,0,0,0,0,87.533,98.274,1.02884,0,0,2.07314,1.77074,0,1.60144,2.96352,9.36715e+06,3.61194e+06,1.94194e+07,0,0,0,7.64495e+07
58.795,85.139,0.61552,0.12,0.02,2.60919,2.91159,0,0.488857,4.47552,4.50733e+06,2.70226e+06,1.17605e+07,0,0,0,0,86.9298,98.274,1.02664,0,0,2.07348,1.77108,0,1.6017,2.96352,9.36715e+06,3.61194e+06,1.94226e+07,0,0,0,7.64495e+07
57.2306,85.139,0.97904,0.13,0.02,2.53454,2.83694,0,0.488963,4.47552,4.50733e+06,2.70226e+06,1.1424e+07,0,0,0,0,86.4817,98.274,1.58802,0,0,1.99232,1.68992,0,1.60197,2.96352,9.36715e+06,3.61194e+06,1.86624e+07,0,0,0,7.64495e+07
55.9532,85.139,1.32204,0.12,0.02,2.53509,2.83749,0,0.474972,4.47552,4.50733e+06,2.70226e+06,1.14265e+07,0,0,0,0,85.9922,98.274,1.62478,0,0,1.99265,1.69025,0,1.53927,2.96352,9.36715e+06,3.61194e+06,1.86655e+07,0,0,0,7.64495e+07
54.4784,85.139,1.09067,0.15,0.02,2.53564,2.83804,0,0.475076,4.47552,4.50733e+06,2.70226e+06,1.1429e+07,0,0,0,0,85.8051,98.274,1.62977,0,0,1.99298,1.69058,0,1.53952,2.96352,9.36715e+06,3.61194e+06,1.86686e+07,0,0,0,7.64495e+07
54.5863,85.139,2.79225,0.15,0.02,2.5362,2.8386,0,0.47518,4.47552,4.50733e+06,2.70226e+06,1.14315e+07,0,0,0,0,86.3143,98.274,4.82031,0,0,1.99332,1.69092,0,1.53978,2.96352,9.36715e+06,3.61194e+06,1.86717e+07,0,0,0,7.64495e+07
55.6383,85.139,3.652,0.15,0.02,2.32293,2.62533,0,0.475284,4.47552,4.50733e+06,2.70226e+06,1.04702e+07,0,0,0,0,87.3429,98.274,4.75672,0,0,1.82377,1.52137,0,1.54004,2.96352,9.36715e+06,3.61194e+06,1.70835e+07,0,0,0,7.64495e+07
55.9988,85.139,2.9182,0.16,0.02,2.32344,2.62584,0,0.435317,4.47552,4.50733e+06,2.70226e+06,1.04725e+07,0,0,0,0,87.3219,98.274,2.65408,0,0,1.82406,1.52166,0,1.40904,2.96352,9.36715e+06,3.61194e+06,1.70863e+07,0,0,0,7.64495e+07
56.1517,85.139,2.71081,0.15,0.02,2.32396,2.62636,0,0.435414,4.47552,4.50733e+06,2.70226e+06,1.04749e+07,0,0,0,0,87.4518,98.274,3.43577,0,0,1.82436,1.52196,0,1.40927,2.96352,9.36715e+06,3.61194e+06,1.70891e+07,0,0,0,7.64495e+07
55.6638,85.139,2.00635,0.16,0.02,2.32447,2.62687,0,0.43551,4.47552,4.50733e+06,2.70226e+06,1.04772e+07,0,0,0,0,87.0885,98.274,2.13813,0,0,1.82466,1.52226,0,1.4095,2.96352,9.36715e+06,3.61194e+06,1.70918e+07,0,0,0,7.64495e+07
55.7404,85.139,2.60194,0.17,0.02,2.32498,2.62738,0,0.435606,4.47552,4.50733e+06,2.70226e+06,1.04795e+07,0,0,0,0,86.8606,98.274,2.20089,0,0,1.82495,1.52255,0,1.40973,2.96352,9.36715e+06,3.61194e+06,1.70946e+07,0,0,0,7.64495e+07
56.912,85.139,3.80056,0.18,0.02,2.40781,2.71021,0,0.435702,4.47552,4.50733e+06,2.70226e+06,1.08528e+07,0,0,0,0,86.7809,98.274,3.0252,0,0,1.87449,1.57209,0,1.40996,2.96352,9.36715e+06,3.61194e+06,1.75586e+07,0,0,0,7.64495e+07
57.442,85.139,3.16145,0.16,0.02,2.40832,2.71072,0,0.451224,4.47552,4.50733e+06,2.70226e+06,1.08551e+07,0,0,0,0,86.6221,98.274,2.56164,0,0,1.87478,1.57238,0,1.44823,2.96352,9.36715e+06,3.61194e+06,1.75614e+07,0,0,0,7.64495e+07
60.1262,85.139,5.50957,0.18,0.02,2.40883,2.71123,0,0.451319,4.47552,4.50733e+06,2.70226e+06,1.08574e+07,0,0,0,0,86.7865,98.274,3.30326,0,0,1.87508,1.57268,0,1.44846,2.96352,9.36715e+06,3.61194e+06,1.75641e+07,0,0,0,7.64495e+07
61.8628,85.139,4.51149,0.18,0.02,2.40934,2.71174,0,0.451414,4.47552,4.50733e+06,2.70226e+06,1.08597e+07,0,0,0,0,87.0953,98.274,4.11169,0,0,1.87537,1.57297,0,1.44868,2.96352,9.36715e+06,3.61194e+06,1.75669e+07,0,0,0,7.64495e+07
65.544,85.139,6.78316,0.19,0.02,2.67439,2.97679,0,0.45151,4.47552,4.50733e+06,2.70226e+06,1.20544e+07,0,0,0,0,87.4564,98.274,4.62152,0,0,2.06065,1.75825,0,1.44891,2.96352,9.36715e+06,3.61194e+06,1.93024e+07,0,0,0,7.64495e+07
68.5777,85.139,6.20821,0.14,0.02,2.67495,2.97735,0,0.501181,4.47552,4.50733e+06,2.70226e+06,1.20569e+07,0,0,0,0,87.6519,98.274,5.45322,0,0,2.06098,1.75858,0,1.59206,2.96352,9.36715e+06,3.61194e+06,1.93055e+07,0,0,0,7.64495e+07
74.495,85.139,9.08329,0.13,0.02,2.67551,2.97791,0,0.501285,4.47552,4.50733e+06,2.70226e+06,1.20594e+07,0,0,0,0,88.0133,98.274,7.10955,0,0,2.06131,1.75891,0,1.59231,2.96352,9.36715e+06,3.61194e+06,1.93086e+07,0,0,0,7.64495e+07
77.3423,85.139,6.05765,0.11,0.02,2.67606,2.97846,0,0.50139,4.47552,4.50733e+06,2.70226e+06,1.20619e+07,0,0,0,0,88.1058,98.274,4.90715,0,0,2.06164,1.75924,0,1.59257,2.96352,9.36715e+06,3.61194e+06,1.93117e+07,0,0,0,7.64495e+07
80.8954,85.139,6.49507,0.11,0.02,2.29901,2.60141,0,0.501494,4.47552,4.50733e+06,2.70226e+06,1.03624e+07,0,0,0,0,88.7609,98.274,6.77541,0,0,1.81353,1.51113,0,1.59282,2.96352,9.36715e+06,3.61194e+06,1.69876e+07,0,0,0,7.64495e+07
85.139,85.139,7.74151,0.08,0.02,2.2995,2.6019,0,0.430835,4.47552,4.50733e+06,2.70226e+06,1.03646e+07,0,0,0,0,89.5898,98.274,7.16105,0,0,1.81381,1.51141,0,1.40113,2.96352,9.36715e+06,3.61194e+06,1.69903e+07,0,0,0,7.64495e+07
85.139,85.139,9.0345,0.05,0.02,2.29999,2.60239,0,0.430926,4.47552,4.50733e+06,2.70226e+06,1.03668e+07,0,0,0,0,90.7124,98.274,7.87953,0,0,1.8141,1.5117,0,1.40135,2.96352,9.36715e+06,3.61194e+06,1.69929e+07,0,0,0,7.64495e+07
85.139,85.139,9.97849,0.06,0.02,2.30047,2.60287,0,0.431018,4.47552,4.50733e+06,2.70226e+06,1.0369e+07,0,0,0,0,91.7166,98.274,7.65992,0,0,1.81438,1.51198,0,1.40157,2.96352,9.36715e+06,3.61194e+06,1.69956e+07,0,0,0,7.64495e+07
85.139,85.139,8.79451,0.08,0.02,2.30096,2.60336,0,0.431109,4.47552,4.50733e+06,2.70226e+06,1.03712e+07,0,0,0,0,92.6642,98.274,8.25293,0,0,1.81466,1.51226,0,1.40179,2.96352,9.36715e+06,3.61194e+06,1.69982e+07,0,0,0,7.64495e+07
85.139,85.139,7.79235,0.09,0.02,2.39659,2.69899,0,0.4312,4.47552,4.50733e+06,2.70226e+06,1.08022e+07,0,0,0,0,93.6205,98.274,6.24918,0,0,1.87578,1.57338,0,1.40201,2.96352,9.36715e+06,3.61194e+06,1.75707e+07,0,0,0,7.64495e+07
85.139,85.139,6.58067,0.09,0.02,2.3971,2.6995,0,0.449121,4.47552,4.50733e+06,2.70226e+06,1.08045e+07,0,0,0,0,94.2197,98.274,5.12388,0,0,1.87608,1.57368,0,1.44923,2.96352,9.36715e+06,3.61194e+06,1.75735e+07,0,0,0,7.64495e+07
85.139,85.139,5.52049,0.08,0.02,2.3976,2.7,0,0.449216,4.47552,4.50733e+06,2.70226e+06,1.08068e+07,0,0,0,0,94.6184,98.274,4.21471,0,0,1.87637,1.57397,0,1.44946,2.96352,9.36715e+06,3.61194e+06,1.75763e+07,0,0,0,7.64495e+07
85.139,85.139,4.5085,0.08,0.02,2.39811,2.70051,0,0.44931,4.47552,4.50733e+06,2.70226e+06,1.08091e+07,0,0,0,0,94.793,98.274,3.51878,0,0,1.87667,1.57427,0,1.44968,2.96352,9.36715e+06,3.61194e+06,1.7579e+07,0,0,0,7.64495e+07
85.139,85.139,4.25698,0.08,0.02,2.36139,2.66379,0,0.449405,4.47552,4.50733e+06,2.70226e+06,1.06436e+07,0,0,0,0,94.7074,98.274,2.94526,0,0,1.85332,1.55092,0,1.44991,2.96352,9.36715e+06,3.61194e+06,1.73603e+07,0,0,0,7.64495e+07
85.139,85.139,3.58383,0.08,0.02,2.36189,2.66429,0,0.442524,4.47552,4.50733e+06,2.70226e+06,1.06458e+07,0,0,0,0,94.6135,98.274,2.42611,0,0,1.85361,1.55121,0,1.43187,2.96352,9.36715e+06,3.61194e+06,1.7363e+07,0,0,0,7.64495e+07
85.139,85.139,3.2476,0.08,0.02,2.36238,2.66478,0,0.442617,4.47552,4.50733e+06,2.70226e+06,1.06481e+07,0,0,0,0,94.4631,98.274,2.17246,0,0,1.8539,1.5515,0,1.4321,2.96352,9.36715e+06,3.61194e+06,1.73657e+07,0,0,0,7.64495e+07
85.139,85.139,3.1527,0.08,0.02,2.36288,2.66528,0,0.442711,4.47552,4.50733e+06,2.70226e+06,1.06503e+07,0,0,0,0,94.0807,98.274,2.34437,0,0,1.85419,1.55179,0,1.43232,2.96352,9.36715e+06,3.61194e+06,1.73685e+07,0,0,0,7.64495e+07
85.139,85.139,2.98495,0.08,0.02,2.48984,2.79224,0,0.442804,4.47552,4.50733e+06,2.70226e+06,1.12225e+07,0,0,0,0,93.4787,98.274,2.01482,0,0,1.93839,1.63599,0,1.43255,2.96352,9.36715e+06,3.61194e+06,1.81572e+07,0,0,0,7.64495e+07
85.139,85.139,2.94371,0.07,0.02,2.49036,2.79276,0,0.466596,4.47552,4.50733e+06,2.70226e+06,1.12249e+07,0,0,0,0,93.1164,98.274,1.74904,0,0,1.9387,1.6363,0,1.4976,2.96352,9.36715e+06,3.61194e+06,1.81601e+07,0,0,0,7.64495e+07
84.9725,85.139,2.57593,0.06,0.02,2.49089,2.79329,0,0.466694,4.47552,4.50733e+06,2.70226e+06,1.12273e+07,0,0,0,0,92.5809,98.274,1.73696,0,0,1.93901,1.63661,0,1.49784,2.96352,9.36715e+06,3.61194e+06,1.8163e+07,0,0,0,7.64495e+07
84.5856,85.139,2.34679,0.08,0.02,2.49141,2.79381,0,0.466792,4.47552,4.50733e+06,2.70226e+06,1.12296e+07,0,0,0,0,91.9122,98.274,1.59499,0,0,1.93931,1.63691,0,1.49808,2.96352,9.36715e+06,3.61194e+06,1.81658e+07,0,0,0,7.64495e+07
84.1099,85.139,2.22038,0.06,0.02,2.49193,2.79433,0,0.46689,4.47552,4.50733e+06,2.70226e+06,1.1232e+07,0,0,0,0,91.4372,98.274,1.41221,0,0,1.93962,1.63722,0,1.49831,2.96352,9.36715e+06,3.61194e+06,1.81687e+07,0,0,0,7.64495e+07
82.9644,85.139,1.50359,0.06,0.02,2.46743,2.76983,0,0.466988,4.47552,4.50733e+06,2.70226e+06,1.11215e+07,0,0,0,0,90.8973,98.274,1.70595,0,0,1.98609,1.68369,0,1.49855,2.96352,9.36715e+06,3.61194e+06,1.8604e+07,0,0,0,7.64495e+07
81.7341,85.139,1.41274,0.04,0.02,2.46795,2.77035,0,0.462396,4.47552,4.50733e+06,2.70226e+06,1.11238e+07,0,0,0,0,90.3346,98.274,1.62532,0,0,1.9864,1.684,0,1.53445,2.96352,9.36715e+06,3.61194e+06,1.8607e+07,0,0,0,7.64495e+07
80.3891,85.139,1.29024,0.03,0.02,2.46846,2.77086,0,0.462493,4.47552,4.50733e+06,2.70226e+06,1.11262e+07,0,0,0,0,89.6613,98.274,1.59317,0,0,1.98672,1.68432,0,1.5347,2.96352,9.36715e+06,3.61194e+06,1.86099e+07,0,0,0,7.64495e+07
78.9393,85.139,1.16986,0.02,0.02,2.46898,2.77138,0,0.46259,4.47552,4.50733e+06,2.70226e+06,1.11285e+07,0,0,0,0,89.0344,98.274,1.45112,0,0,1.98704,1.68464,0,1.53494,2.96352,9.36715e+06,3.61194e+06,1.86129e+07,0,0,0,7.64495e+07
77.4586,85.139,1.15565,0.05,0.02,2.53419,2.83659,0,0.462688,4.47552,4.50733e+06,2.70226e+06,1.14225e+07,0,0,0,0,88.3288,98.274,1.45656,0,0,2.02852,1.72612,0,1.53518,2.96352,9.36715e+06,3.61194e+06,1.90015e+07,0,0,0,7.64495e+07
75.9934,85.139,1.16221,0.04,0.02,2.53473,2.83713,0,0.474908,4.47552,4.50733e+06,2.70226e+06,1.14248e+07,0,0,0,0,87.6165,98.274,1.47712,0,0,2.02885,1.72645,0,1.56724,2.96352,9.36715e+06,3.61194e+06,1.90045e+07,0,0,0,7.64495e+07
74.4109,85.139,1.03252,0.04,0.02,2.53526,2.83766,0,0.475007,4.47552,4.50733e+06,2.70226e+06,1.14272e+07,0,0,0,0,86.8234,98.274,1.40634,0,0,2.02917,1.72677,0,1.56749,2.96352,9.36715e+06,3.61194e+06,1.90076e+07,0,0,0,7.64495e+07
72.7549,85.139,0.945546,0.04,0.02,2.53579,2.83819,0,0.475107,4.47552,4.50733e+06,2.70226e+06,1.14296e+07,0,0,0,0,86.0457,98.274,1.31808,0,0,2.02949,1.72709,0,1.56774,2.96352,9.36715e+06,3.61194e+06,1.90106e+07,0,0,0,7.64495e+07
70.8726,85.139,0.844382,0.07,0.02,2.72591,3.02831,0,0.475207,4.47552,4.50733e+06,2.70226e+06,1.22866e+07,0,0,0,0,85.1739,98.274,1.30226,0,0,2.17854,1.87614,0,1.56799,2.96352,9.36715e+06,3.61194e+06,2.04067e+07,0,0,0,7.64495e+07
69.0402,85.139,0.875061,0.09,0.02,2.72647,3.02887,0,0.510835,4.47552,4.50733e+06,2.70226e+06,1.22891e+07,0,0,0,0,84.4615,98.274,1.21219,0,0,2.17889,1.87649,0,1.68314,2.96352,9.36715e+06,3.61194e+06,2.041e+07,0,0,0,7.64495e+07
67.2751,85.139,0.942338,0.09,0.02,2.72704,3.02944,0,0.510941,4.47552,4.50733e+06,2.70226e+06,1.22917e+07,0,0,0,0,83.43,98.274,1.4751,0,0,2.17924,1.87684,0,1.68341,2.96352,9.36715e+06,3.61194e+06,2.04133e+07,0,0,0,7.64495e+07
65.3682,85.139,0.781295,0.12,0.02,2.72761,3.03001,0,0.511048,4.47552,4.50733e+06,2.70226e+06,1.22942e+07,0,0,0,0,83.0265,98.274,1.04742,0,0,2.1796,1.8772,0,1.68368,2.96352,9.36715e+06,3.61194e+06,2.04166e+07,0,0,0,7.64495e+07
63.6549,85.139,0.95758,0.12,0.02,2.72818,3.03058,0,0.511154,4.47552,4.50733e+06,2.70226e+06,1.22968e+07,0,0,0,0,81.9765,98.274,1.94892,0,0,2.17995,1.87755,0,1.68396,2.96352,9.36715e+06,3.61194e+06,2.04199e+07,0,0,0,7.64495e+07
61.7056,85.139,0.702649,0.12,0.02,2.63626,2.93866,0,0.51126,4.47552,4.50733e+06,2.70226e+06,1.18825e+07,0,0,0,0,81.4351,98.274,1.01299,0,0,2.08995,1.78755,0,1.68423,2.96352,9.36715e+06,3.61194e+06,1.95768e+07,0,0,0,7.64495e+07
59.8533,85.139,0.807056,0.14,0.02,2.63681,2.93921,0,0.494035,4.47552,4.50733e+06,2.70226e+06,1.1885e+07,0,0,0,0,80.8927,98.274,1.52214,0,0,2.09028,1.78788,0,1.61469,2.96352,9.36715e+06,3.61194e+06,1.958e+07,0,0,0,7.64495e+07
57.9969,85.139,0.781323,0.14,0.02,2.63736,2.93976,0,0.494139,4.47552,4.50733e+06,2.70226e+06,1.18875e+07,0,0,0,0,80.4453,98.274,1.51001,0,0,2.09062,1.78822,0,1.61495,2.96352,9.36715e+06,3.61194e+06,1.95831e+07,0,0,0,7.64495e+07
56.1321,85.139,0.749829,0.14,0.02,2.63791,2.94031,0,0.494242,4.47552,4.50733e+06,2.70226e+06,1.189e+07,0,0,0,0,80.0013,98.274,1.60675,0,0,2.09095,1.78855,0,1.61521,2.96352,9.36715e+06,3.61194e+06,1.95863e+07,0,0,0,7.64495e+07
54.6191,85.139,1.10095,0.18,0.02,2.5625,2.8649,0,0.494345,4.47552,4.50733e+06,2.70226e+06,1.155e+07,0,0,0,0,79.4702,98.274,1.67762,0,0,2.00898,1.70658,0,1.61547,2.96352,9.36715e+06,3.61194e+06,1.88184e+07,0,0,0,7.64495e+07
53.5984,85.139,1.62319,0.18,0.02,2.56303,2.86543,0,0.480212,4.47552,4.50733e+06,2.70226e+06,1.15524e+07,0,0,0,0,79.295,98.274,1.64463,0,0,2.0093,1.7069,0,1.55214,2.96352,9.36715e+06,3.61194e+06,1.88214e+07,0,0,0,7.64495e+07
52.8627,85.139,1.90056,0.16,0.02,2.56357,2.86597,0,0.480312,4.47552,4.50733e+06,2.70226e+06,1.15549e+07,0,0,0,0,79.2866,98.274,2.8443,0,0,2.00962,1.70722,0,1.55238,2.96352,9.36715e+06,3.61194e+06,1.88244e+07,0,0,0,7.64495e+07
51.6146,85.139,1.38482,0.15,0.02,2.56411,2.86651,0,0.480413,4.47552,4.50733e+06,2.70226e+06,1.15573e+07,0,0,0,0,79.0403,98.274,2.04054,0,0,2.00994,1.70754,0,1.55263,2.96352,9.36715e+06,3.61194e+06,1.88274e+07,0,0,0,7.64495e+07
52.9464,85.139,3.95746,0.15,0.02,2.34872,2.65112,0,0.480514,4.47552,4.50733e+06,2.70226e+06,1.05865e+07,0,0,0,0,79.0622,98.274,3.10492,0,0,1.83871,1.53631,0,1.55288,2.96352,9.36715e+06,3.61194e+06,1.72235e+07,0,0,0,7.64495e+07
54.0541,85.139,3.75912,0.16,0.02,2.34922,2.65162,0,0.440151,4.47552,4.50733e+06,2.70226e+06,1.05887e+07,0,0,0,0,80.0361,98.274,6.2683,0,0,1.839,1.5366,0,1.42059,2.96352,9.36715e+06,3.61194e+06,1.72262e+07,0,0,0,7.64495e+07
55.5734,85.139,4.17676,0.16,0.02,2.34972,2.65212,0,0.440244,4.47552,4.50733e+06,2.70226e+06,1.0591e+07,0,0,0,0,80.7673,98.274,7.47965,0,0,1.83929,1.53689,0,1.42081,2.96352,9.36715e+06,3.61194e+06,1.72289e+07,0,0,0,7.64495e+07
56.0995,85.139,3.16248,0.18,0.02,2.35021,2.65261,0,0.440337,4.47552,4.50733e+06,2.70226e+06,1.05932e+07,0,0,0,0,80.6597,98.274,3.56722,0,0,1.83957,1.53717,0,1.42103,2.96352,9.36715e+06,3.61194e+06,1.72316e+07,0,0,0,7.64495e+07
56.2303,85.139,2.73859,0.18,0.02,2.35071,2.65311,0,0.44043,4.47552,4.50733e+06,2.70226e+06,1.05954e+07,0,0,0,0,80.6102,98.274,3.34414,0,0,1.83986,1.53746,0,1.42126,2.96352,9.36715e+06,3.61194e+06,1.72343e+07,0,0,0,7.64495e+07
56.1137,85.139,2.63419,0.21,0.02,2.43433,2.73673,0,0.440523,4.47552,4.50733e+06,2.70226e+06,1.09723e+07,0,0,0,0,80.5475,98.274,2.79086,0,0,1.88987,1.58747,0,1.42148,2.96352,9.36715e+06,3.61194e+06,1.77027e+07,0,0,0,7.64495e+07
56.0439,85.139,2.6921,0.24,0.02,2.43482,2.73722,0,0.456193,4.47552,4.50733e+06,2.70226e+06,1.09745e+07,0,0,0,0,80.7828,98.274,3.63501,0,0,1.89015,1.58775,0,1.46011,2.96352,9.36715e+06,3.61194e+06,1.77053e+07,0,0,0,7.64495e+07
56.8467,85.139,3.61244,0.25,0.02,2.43531,2.73771,0,0.456285,4.47552,4.50733e+06,2.70226e+06,1.09768e+07,0,0,0,0,81.4652,98.274,4.44928,0,0,1.89044,1.58804,0,1.46033,2.96352,9.36715e+06,3.61194e+06,1.7708e+07,0,0,0,7.64495e+07
61.607,85.139,7.60831,0.18,0.02,2.4358,2.7382,0,0.456377,4.47552,4.50733e+06,2.70226e+06,1.0979e+07,0,0,0,0,82.5088,98.274,6.0655,0,0,1.89072,1.58832,0,1.46055,2.96352,9.36715e+06,3.61194e+06,1.77107e+07,0,0,0,7.64495e+07
67.3694,85.139,9.02671,0.19,0.02,2.70342,3.00582,0,0.456469,4.47552,4.50733e+06,2.70226e+06,1.21852e+07,0,0,0,0,83.4942,98.274,6.16956,0,0,2.07779,1.77539,0,1.46077,2.96352,9.36715e+06,3.61194e+06,1.9463e+07,0,0,0,7.64495e+07
71.0586,85.139,7.06646,0.18,0.02,2.70396,3.00636,0,0.506621,4.47552,4.50733e+06,2.70226e+06,1.21876e+07,0,0,0,0,83.6569,98.274,3.30177,0,0,2.07811,1.77571,0,1.6053,2.96352,9.36715e+06,3.61194e+06,1.9466e+07,0,0,0,7.64495e+07
73.8958,85.139,6.19368,0.13,0.02,2.7045,3.0069,0,0.506722,4.47552,4.50733e+06,2.70226e+06,1.21901e+07,0,0,0,0,83.8769,98.274,3.55379,0,0,2.07843,1.77603,0,1.60555,2.96352,9.36715e+06,3.61194e+06,1.9469e+07,0,0,0,7.64495e+07
76.2213,85.139,5.69286,0.11,0.02,2.70504,3.00744,0,0.506823,4.47552,4.50733e+06,2.70226e+06,1.21925e+07,0,0,0,0,83.9809,98.274,3.09101,0,0,2.07875,1.77635,0,1.6058,2.96352,9.36715e+06,3.61194e+06,1.9472e+07,0,0,0,7.64495e+07
82.1803,85.139,9.09065,0.13,0.02,2.3243,2.6267,0,0.506924,4.47552,4.50733e+06,2.70226e+06,1.04764e+07,0,0,0,0,85.8883,98.274,10.753,0,0,1.82822,1.52582,0,1.60604,2.96352,9.36715e+06,3.61194e+06,1.71252e+07,0,0,0,7.64495e+07
84.0844,85.139,4.94008,0.09,0.02,2.32477,2.62717,0,0.435574,4.47552,4.50733e+06,2.70226e+06,1.04785e+07,0,0,0,0,86.8245,98.274,5.43589,0,0,1.82849,1.52609,0,1.41248,2.96352,9.36715e+06,3.61194e+06,1.71278e+07,0,0,0,7.64495e+07
85.139,85.139,4.42826,0.1,0.02,2.32524,2.62764,0,0.435662,4.47552,4.50733e+06,2.70226e+06,1.04806e+07,0,0,0,0,87.4901,98.274,4.43249,0,0,1.82877,1.52637,0,1.41269,2.96352,9.36715e+06,3.61194e+06,1.71303e+07,0,0,0,7.64495e+07
85.139,85.139,4.92714,0.08,0.02,2.32571,2.62811,0,0.43575,4.47552,4.50733e+06,2.70226e+06,1.04828e+07,0,0,0,0,88.1718,98.274,4.38474,0,0,1.82904,1.52664,0,1.41291,2.96352,9.36715e+06,3.61194e+06,1.71329e+07,0,0,0,7.64495e+07
85.139,85.139,4.44928,0.08,0.02,2.32619,2.62859,0,0.435839,4.47552,4.50733e+06,2.70226e+06,1.04849e+07,0,0,0,0,88.7474,98.274,3.90934,0,0,1.82932,1.52692,0,1.41312,2.96352,9.36715e+06,3.61194e+06,1.71355e+07,0,0,0,7.64495e+07
85.139,85.139,5.22872,0.09,0.02,2.42272,2.72512,0,0.435927,4.47552,4.50733e+06,2.70226e+06,1.092e+07,0,0,0,0,89.0812,98.274,3.81801,0,0,1.89101,1.58861,0,1.41333,2.96352,9.36715e+06,3.61194e+06,1.77134e+07,0,0,0,7.64495e+07
85.139,85.139,4.66068,0.09,0.02,2.42321,2.72561,0,0.454017,4.47552,4.50733e+06,2.70226e+06,1.09222e+07,0,0,0,0,89.1878,98.274,3.21787,0,0,1.8913,1.5889,0,1.461,2.96352,9.36715e+06,3.61194e+06,1.77161e+07,0,0,0,7.64495e+07
85.139,85.139,4.08505,0.09,0.02,2.4237,2.7261,0,0.454109,4.47552,4.50733e+06,2.70226e+06,1.09244e+07,0,0,0,0,89.1902,98.274,3.01118,0,0,1.89158,1.58918,0,1.46122,2.96352,9.36715e+06,3.61194e+06,1.77188e+07,0,0,0,7.64495e+07
85.139,85.139,4.41042,0.08,0.02,2.42419,2.72659,0,0.454201,4.47552,4.50733e+06,2.70226e+06,1.09266e+07,0,0,0,0,89.1975,98.274,3.25734,0,0,1.89187,1.58947,0,1.46144,2.96352,9.36715e+06,3.61194e+06,1.77214e+07,0,0,0,7.64495e+07
85.139,85.139,4.03131,0.08,0.02,2.38709,2.68949,0,0.454293,4.47552,4.50733e+06,2.70226e+06,1.07594e+07,0,0,0,0,89.2791,98.274,2.95011,0,0,1.86828,1.56588,0,1.46166,2.96352,9.36715e+06,3.61194e+06,1.75005e+07,0,0,0,7.64495e+07
85.139,85.139,3.46367,0.08,0.02,2.38757,2.68997,0,0.447341,4.47552,4.50733e+06,2.70226e+06,1.07616e+07,0,0,0,0,89.421,98.274,3.13148,0,0,1.86856,1.56616,0,1.44343,2.96352,9.36715e+06,3.61194e+06,1.75031e+07,0,0,0,7.64495e+07
85.139,85.139,3.06843,0.08,0.02,2.38806,2.69046,0,0.447431,4.47552,4.50733e+06,2.70226e+06,1.07638e+07,0,0,0,0,89.6361,98.274,3.37246,0,0,1.86884,1.56644,0,1.44365,2.96352,9.36715e+06,3.61194e+06,1.75057e+07,0,0,0,7.64495e+07
85.139,85.139,3.11744,0.08,0.02,2.38854,2.69094,0,0.447522,4.47552,4.50733e+06,2.70226e+06,1.07659e+07,0,0,0,0,89.7209,98.274,2.85607,0,0,1.86912,1.56672,0,1.44387,2.96352,9.36715e+06,3.61194e+06,1.75084e+07,0,0,0,7.64495e+07
85.139,85.139,3.16012,0.08,0.02,2.5167,2.8191,0,0.447612,4.47552,4.50733e+06,2.70226e+06,1.13436e+07,0,0,0,0,89.7215,98.274,2.9264,0,0,1.95413,1.65173,0,1.44409,2.96352,9.36715e+06,3.61194e+06,1.83046e+07,0,0,0,7.64495e+07
85.0124,85.139,2.70767,0.08,0.02,2.5172,2.8196,0,0.471629,4.47552,4.50733e+06,2.70226e+06,1.13459e+07,0,0,0,0,89.7935,98.274,3.20707,0,0,1.95442,1.65202,0,1.50976,2.96352,9.36715e+06,3.61194e+06,1.83074e+07,0,0,0,7.64495e+07
84.7582,85.139,2.55976,0.1,0.02,2.51771,2.82011,0,0.471724,4.47552,4.50733e+06,2.70226e+06,1.13481e+07,0,0,0,0,89.7428,98.274,2.75405,0,0,1.95472,1.65232,0,1.50999,2.96352,9.36715e+06,3.61194e+06,1.83102e+07,0,0,0,7.64495e+07
84.3395,85.139,2.37713,0.09,0.02,2.51821,2.82061,0,0.471819,4.47552,4.50733e+06,2.70226e+06,1.13504e+07,0,0,0,0,89.6673,98.274,2.45792,0,0,1.95502,1.65262,0,1.51022,2.96352,9.36715e+06,3.61194e+06,1.83129e+07,0,0,0,7.64495e+07
83.8658,85.139,2.24959,0.07,0.02,2.51872,2.82112,0,0.471913,4.47552,4.50733e+06,2.70226e+06,1.13527e+07,0,0,0,0,89.4327,98.274,2.22997,0,0,1.95531,1.65291,0,1.51045,2.96352,9.36715e+06,3.61194e+06,1.83157e+07,0,0,0,7.64495e+07
83.5327,85.139,2.33627,0.06,0.02,2.49396,2.79636,0,0.472008,4.47552,4.50733e+06,2.70226e+06,1.12411e+07,0,0,0,0,89.0407,98.274,1.99085,0,0,2.00222,1.69982,0,1.51068,2.96352,9.36715e+06,3.61194e+06,1.87551e+07,0,0,0,7.64495e+07
83.1134,85.139,2.24815,0.05,0.02,2.49446,2.79686,0,0.467367,4.47552,4.50733e+06,2.70226e+06,1.12434e+07,0,0,0,0,88.6648,98.274,1.84852,0,0,2.00252,1.70012,0,1.54691,2.96352,9.36715e+06,3.61194e+06,1.87579e+07,0,0,0,7.64495e+07
82.5056,85.139,2.05507,0.03,0.02,2.49496,2.79736,0,0.467462,4.47552,4.50733e+06,2.70226e+06,1.12456e+07,0,0,0,0,88.1241,98.274,1.85247,0,0,2.00283,1.70043,0,1.54715,2.96352,9.36715e+06,3.61194e+06,1.87608e+07,0,0,0,7.64495e+07
81.7086,85.139,1.85502,0.03,0.02,2.49546,2.79786,0,0.467556,4.47552,4.50733e+06,2.70226e+06,1.12479e+07,0,0,0,0,87.4878,98.274,1.65869,0,0,2.00313,1.70073,0,1.54738,2.96352,9.36715e+06,3.61194e+06,1.87636e+07,0,0,0,7.64495e+07
80.7199,85.139,1.68596,0.02,0.02,2.56127,2.86367,0,0.46765,4.47552,4.50733e+06,2.70226e+06,1.15445e+07,0,0,0,0,86.8083,98.274,1.42494,0,0,2.045,1.7426,0,1.54762,2.96352,9.36715e+06,3.61194e+06,1.91559e+07,0,0,0,7.64495e+07
79.8817,85.139,1.84925,0.02,0.02,2.56179,2.86419,0,0.479983,4.47552,4.50733e+06,2.70226e+06,1.15468e+07,0,0,0,0,86.2225,98.274,1.48515,0,0,2.04532,1.74292,0,1.57997,2.96352,9.36715e+06,3.61194e+06,1.91588e+07,0,0,0,7.64495e+07
78.9092,85.139,1.69201,0.02,0.02,2.5623,2.8647,0,0.480079,4.47552,4.50733e+06,2.70226e+06,1.15491e+07,0,0,0,0,85.3985,98.274,1.48085,0,0,2.04563,1.74323,0,1.58021,2.96352,9.36715e+06,3.61194e+06,1.91617e+07,0,0,0,7.64495e+07
77.8064,85.139,1.55227,0.04,0.02,2.56282,2.86522,0,0.480175,4.47552,4.50733e+06,2.70226e+06,1.15515e+07,0,0,0,0,84.7943,98.274,1.2922,0,0,2.04594,1.74354,0,1.58045,2.96352,9.36715e+06,3.61194e+06,1.91647e+07,0,0,0,7.64495e+07
76.6423,85.139,1.63392,0.05,0.02,2.75472,3.05712,0,0.480272,4.47552,4.50733e+06,2.70226e+06,1.24164e+07,0,0,0,0,84.1203,98.274,1.55121,0,0,2.19639,1.89399,0,1.58069,2.96352,9.36715e+06,3.61194e+06,2.0574e+07,0,0,0,7.64495e+07
75.7909,85.139,1.99689,0.05,0.02,2.75527,3.05767,0,0.516235,4.47552,4.50733e+06,2.70226e+06,1.24189e+07,0,0,0,0,83.0825,98.274,1.58388,0,0,2.19673,1.89433,0,1.69693,2.96352,9.36715e+06,3.61194e+06,2.05771e+07,0,0,0,7.64495e+07
74.6139,85.139,1.65509,0.05,0.02,2.75582,3.05822,0,0.516338,4.47552,4.50733e+06,2.70226e+06,1.24214e+07,0,0,0,0,82.5976,98.274,1.12054,0,0,2.19707,1.89467,0,1.6972,2.96352,9.36715e+06,3.61194e+06,2.05803e+07,0,0,0,7.64495e+07
73.8223,85.139,2.02993,0.06,0.02,2.75637,3.05877,0,0.516441,4.47552,4.50733e+06,2.70226e+06,1.24239e+07,0,0,0,0,81.8646,98.274,2.0975,0,0,2.19741,1.89501,0,1.69746,2.96352,9.36715e+06,3.61194e+06,2.05835e+07,0,0,0,7.64495e+07
72.7244,85.139,1.69099,0.06,0.02,2.75692,3.05932,0,0.516543,4.47552,4.50733e+06,2.70226e+06,1.24263e+07,0,0,0,0,81.3714,98.274,1.54354,0,0,2.19775,1.89535,0,1.69772,2.96352,9.36715e+06,3.61194e+06,2.05867e+07,0,0,0,7.64495e+07
71.4765,85.139,1.4586,0.1,0.02,2.66411,2.96651,0,0.516646,4.47552,4.50733e+06,2.70226e+06,1.2008e+07,0,0,0,0,80.8741,98.274,1.92013,0,0,2.10688,1.80448,0,1.69798,2.96352,9.36715e+06,3.61194e+06,1.97355e+07,0,0,0,7.64495e+07
69.9406,85.139,1.15101,0.11,0.02,2.66464,2.96704,0,0.499254,4.47552,4.50733e+06,2.70226e+06,1.20104e+07,0,0,0,0,80.3483,98.274,1.75978,0,0,2.10721,1.80481,0,1.62778,2.96352,9.36715e+06,3.61194e+06,1.97385e+07,0,0,0,7.64495e+07
68.8414,85.139,1.63875,0.11,0.02,2.66517,2.96757,0,0.499354,4.47552,4.50733e+06,2.70226e+06,1.20128e+07,0,0,0,0,79.9324,98.274,2.00865,0,0,2.10753,1.80513,0,1.62803,2.96352,9.36715e+06,3.61194e+06,1.97416e+07,0,0,0,7.64495e+07
69.9437,85.139,4.04476,0.11,0.02,2.66571,2.96811,0,0.499453,4.47552,4.50733e+06,2.70226e+06,1.20152e+07,0,0,0,0,79.9457,98.274,3.54534,0,0,2.10786,1.80546,0,1.62828,2.96352,9.36715e+06,3.61194e+06,1.97446e+07,0,0,0,7.64495e+07
69.3328,85.139,2.22525,0.11,0.02,2.58955,2.89195,0,0.499553,4.47552,4.50733e+06,2.70226e+06,1.1672e+07,0,0,0,0,79.7381,98.274,2.6386,0,0,2.0251,1.7227,0,1.62853,2.96352,9.36715e+06,3.61194e+06,1.89694e+07,0,0,0,7.64495e+07
70.5142,85.139,4.12379,0.11,0.02,2.59007,2.89247,0,0.485282,4.47552,4.50733e+06,2.70226e+06,1.16743e+07,0,0,0,0,80.0085,98.274,4.28493,0,0,2.02541,1.72301,0,1.56459,2.96352,9.36715e+06,3.61194e+06,1.89723e+07,0,0,0,7.64495e+07
71.4601,85.139,3.89242,0.11,0.02,2.59059,2.89299,0,0.485379,4.47552,4.50733e+06,2.70226e+06,1.16767e+07,0,0,0,0,80.0715,98.274,4.02835,0,0,2.02572,1.72332,0,1.56483,2.96352,9.36715e+06,3.61194e+06,1.89752e+07,0,0,0,7.64495e+07
72.59,85.139,4.12895,0.12,0.02,2.59111,2.89351,0,0.485477,4.47552,4.50733e+06,2.70226e+06,1.1679e+07,0,0,0,0,80.527,98.274,4.93347,0,0,2.02603,1.72363,0,1.56507,2.96352,9.36715e+06,3.61194e+06,1.89781e+07,0,0,0,7.64495e+07
73.8415,85.139,4.0192,0.12,0.02,2.37368,2.67608,0,0.485574,4.47552,4.50733e+06,2.70226e+06,1.06989e+07,0,0,0,0,81.1146,98.274,5.73012,0,0,1.85317,1.55077,0,1.56531,2.96352,9.36715e+06,3.61194e+06,1.73589e+07,0,0,0,7.64495e+07
75.9646,85.139,5.05904,0.08,0.02,2.37416,2.67656,0,0.444827,4.47552,4.50733e+06,2.70226e+06,1.07011e+07,0,0,0,0,81.3545,98.274,4.61333,0,0,1.85345,1.55105,0,1.43176,2.96352,9.36715e+06,3.61194e+06,1.73616e+07,0,0,0,7.64495e+07
79.8975,85.139,6.90006,0.09,0.02,2.37464,2.67704,0,0.444917,4.47552,4.50733e+06,2.70226e+06,1.07033e+07,0,0,0,0,81.6909,98.274,4.89489,0,0,1.85373,1.55133,0,1.43198,2.96352,9.36715e+06,3.61194e+06,1.73642e+07,0,0,0,7.64495e+07
84.3119,85.139,7.63551,0.07,0.02,2.37512,2.67752,0,0.445007,4.47552,4.50733e+06,2.70226e+06,1.07054e+07,0,0,0,0,83.8196,98.274,9.70501,0,0,1.85401,1.55161,0,1.43219,2.96352,9.36715e+06,3.61194e+06,1.73668e+07,0,0,0,7.64495e+07
85.139,85.139,6.32172,0.06,0.02,2.3756,2.678,0,0.445097,4.47552,4.50733e+06,2.70226e+06,1.07076e+07,0,0,0,0,84.6865,98.274,6.33805,0,0,1.85429,1.55189,0,1.43241,2.96352,9.36715e+06,3.61194e+06,1.73694e+07,0,0,0,7.64495e+07
84.9965,85.139,2.75417,0.06,0.04,2.45998,2.76238,0,0.445187,4.47552,4.50733e+06,2.70226e+06,1.1088e+07,0,0,0,0,84.6751,98.274,3.45839,0,0,1.90475,1.60235,0,1.43262,2.96352,9.36715e+06,3.61194e+06,1.78421e+07,0,0,0,7.64495e+07
83.6314,85.139,1.45814,0.07,0.04,2.46046,2.76286,0,0.461,4.47552,4.50733e+06,2.70226e+06,1.10901e+07,0,0,0,0,84.9593,98.274,3.43567,0,0,1.90502,1.60262,0,1.47161,2.96352,9.36715e+06,3.61194e+06,1.78446e+07,0,0,0,7.64495e+07
82.6796,85.139,1.85526,0.09,0.04,2.46093,2.76333,0,0.46109,4.47552,4.50733e+06,2.70226e+06,1.10922e+07,0,0,0,0,85.2269,98.274,3.51122,0,0,1.9053,1.6029,0,1.47182,2.96352,9.36715e+06,3.61194e+06,1.78472e+07,0,0,0,7.64495e+07
82.8068,85.139,2.99841,0.09,0.04,2.46141,2.76381,0,0.461179,4.47552,4.50733e+06,2.70226e+06,1.10944e+07,0,0,0,0,85.6296,98.274,4.11407,0,0,1.90558,1.60318,0,1.47203,2.96352,9.36715e+06,3.61194e+06,1.78498e+07,0,0,0,7.64495e+07
83.6268,85.139,4.05691,0.09,0.04,2.73151,3.03391,0,0.461268,4.47552,4.50733e+06,2.70226e+06,1.23118e+07,0,0,0,0,85.8454,98.274,3.86283,0,0,2.09438,1.79198,0,1.47225,2.96352,9.36715e+06,3.61194e+06,1.96184e+07,0,0,0,7.64495e+07
82.6816,85.139,2.17136,0.09,0.04,2.73203,3.03443,0,0.511884,4.47552,4.50733e+06,2.70226e+06,1.23142e+07,0,0,0,0,85.8847,98.274,3.57126,0,0,2.09469,1.79229,0,1.61812,2.96352,9.36715e+06,3.61194e+06,1.96213e+07,0,0,0,7.64495e+07
81.6502,85.139,2.06124,0.09,0.04,2.73255,3.03495,0,0.511982,4.47552,4.50733e+06,2.70226e+06,1.23165e+07,0,0,0,0,86.0384,98.274,3.70967,0,0,2.095,1.7926,0,1.61836,2.96352,9.36715e+06,3.61194e+06,1.96242e+07,0,0,0,7.64495e+07
81.0808,85.139,2.54042,0.09,0.04,2.73307,3.03547,0,0.51208,4.47552,4.50733e+06,2.70226e+06,1.23189e+07,0,0,0,0,86.501,98.274,4.58499,0,0,2.09531,1.79291,0,1.6186,2.96352,9.36715e+06,3.61194e+06,1.96271e+07,0,0,0,7.64495e+07
81.9501,85.139,3.75615,0.09,0.04,2.34877,2.65117,0,0.512178,4.47552,4.50733e+06,2.70226e+06,1.05867e+07,0,0,0,0,87.1673,98.274,5.21915,0,0,1.84243,1.54003,0,1.61884,2.96352,9.36715e+06,3.61194e+06,1.72583e+07,0,0,0,7.64495e+07
83.0745,85.139,4.16584,0.09,0.04,2.34922,2.65162,0,0.440159,4.47552,4.50733e+06,2.70226e+06,1.05887e+07,0,0,0,0,88.2978,98.274,6.41196,0,0,1.8427,1.5403,0,1.42346,2.96352,9.36715e+06,3.61194e+06,1.72608e+07,0,0,0,7.64495e+07
84.4928,85.139,4.35029,0.1,0.04,2.34968,2.65208,0,0.440244,4.47552,4.50733e+06,2.70226e+06,1.05908e+07,0,0,0,0,89.4709,98.274,6.82142,0,0,1.84296,1.54056,0,1.42367,2.96352,9.36715e+06,3.61194e+06,1.72633e+07,0,0,0,7.64495e+07
84.9179,85.139,3.35305,0.12,0.04,2.35014,2.65254,0,0.44033,4.47552,4.50733e+06,2.70226e+06,1.05928e+07,0,0,0,0,90.221,98.274,5.34007,0,0,1.84323,1.54083,0,1.42387,2.96352,9.36715e+06,3.61194e+06,1.72658e+07,0,0,0,7.64495e+07
85.139,85.139,4.05791,0.13,0.04,2.35059,2.65299,0,0.440415,4.47552,4.50733e+06,2.70226e+06,1.05949e+07,0,0,0,0,91.1003,98.274,5.869,0,0,1.84349,1.54109,0,1.42408,2.96352,9.36715e+06,3.61194e+06,1.72683e+07,0,0,0,7.64495e+07
85.139,85.139,4.02737,0.09,0.04,2.448,2.7504,0,0.440501,4.47552,4.50733e+06,2.70226e+06,1.1034e+07,0,0,0,0,92.492,98.274,7.4438,0,0,1.90575,1.60335,0,1.42428,2.96352,9.36715e+06,3.61194e+06,1.78515e+07,0,0,0,7.64495e+07
85.139,85.139,4.08351,0.09,0.04,2.44847,2.75087,0,0.458755,4.47552,4.50733e+06,2.70226e+06,1.10361e+07,0,0,0,0,93.69,98.274,6.94158,0,0,1.90603,1.60363,0,1.47238,2.96352,9.36715e+06,3.61194e+06,1.78541e+07,0,0,0,7.64495e+07
85.139,85.139,5.24917,0.1,0.04,2.44895,2.75135,0,0.458844,4.47552,4.50733e+06,2.70226e+06,1.10382e+07,0,0,0,0,94.8739,98.274,8.54436,0,0,1.9063,1.6039,0,1.4726,2.96352,9.36715e+06,3.61194e+06,1.78566e+07,0,0,0,7.64495e+07
85.139,85.139,4.40289,0.09,0.04,2.44942,2.75182,0,0.458933,4.47552,4.50733e+06,2.70226e+06,1.10404e+07,0,0,0,0,96.0675,98.274,7.96169,0,0,1.90658,1.60418,0,1.47281,2.96352,9.36715e+06,3.61194e+06,1.78592e+07,0,0,0,7.64495e+07
85.139,85.139,3.7576,0.08,0.04,2.41196,2.71436,0,0.459022,4.47552,4.50733e+06,2.70226e+06,1.08715e+07,0,0,0,0,96.9645,98.274,6.64157,0,0,1.88276,1.58036,0,1.47302,2.96352,9.36715e+06,3.61194e+06,1.76361e+07,0,0,0,7.64495e+07
85.139,85.139,3.36294,0.08,0.04,2.41243,2.71483,0,0.452002,4.47552,4.50733e+06,2.70226e+06,1.08736e+07,0,0,0,0,97.5597,98.274,5.20293,0,0,1.88303,1.58063,0,1.45462,2.96352,9.36715e+06,3.61194e+06,1.76387e+07,0,0,0,7.64495e+07
85.1311,85.139,2.93306,0.08,0.04,2.4129,2.7153,0,0.452089,4.47552,4.50733e+06,2.70226e+06,1.08757e+07,0,0,0,0,98.0994,98.274,4.74585,0,0,1.88331,1.58091,0,1.45483,2.96352,9.36715e+06,3.61194e+06,1.76412e+07,0,0,0,7.64495e+07
84.8453,85.139,2.61816,0.11,0.04,2.41337,2.71577,0,0.452177,4.47552,4.50733e+06,2.70226e+06,1.08778e+07,0,0,0,0,98.4878,98.274,4.16825,0,0,1.88358,1.58118,0,1.45504,2.96352,9.36715e+06,3.61194e+06,1.76438e+07,0,0,0,7.64495e+07
84.2927,85.139,2.42653,0.1,0.04,2.54268,2.84508,0,0.452265,4.47552,4.50733e+06,2.70226e+06,1.14607e+07,0,0,0,0,98.771,98.274,3.91958,0,0,1.96935,1.66695,0,1.45525,2.96352,9.36715e+06,3.61194e+06,1.84472e+07,0,0,0,7.64495e+07
83.7739,85.139,2.43263,0.1,0.04,2.54317,2.84557,0,0.476499,4.47552,4.50733e+06,2.70226e+06,1.14629e+07,0,0,0,0,99.06,98.274,3.78209,0,0,1.96964,1.66724,0,1.52152,2.96352,9.36715e+06,3.61194e+06,1.84499e+07,0,0,0,7.64495e+07
83.0437,85.139,2.13689,0.1,0.04,2.54366,2.84606,0,0.476591,4.47552,4.50733e+06,2.70226e+06,1.14651e+07,0,0,0,0,99.1869,98.274,3.59504,0,0,1.96993,1.66753,0,1.52174,2.96352,9.36715e+06,3.61194e+06,1.84526e+07,0,0,0,7.64495e+07
82.26,85.139,2.07109,0.1,0.04,2.54415,2.84655,0,0.476683,4.47552,4.50733e+06,2.70226e+06,1.14673e+07,0,0,0,0,99.3022,98.274,3.64458,0,0,1.97021,1.66781,0,1.52197,2.96352,9.36715e+06,3.61194e+06,1.84553e+07,0,0,0,7.64495e+07
81.3831,85.139,1.96324,0.07,0.04,2.54464,2.84704,0,0.476775,4.47552,4.50733e+06,2.70226e+06,1.14696e+07,0,0,0,0,99.3022,98.274,3.49329,0,0,1.9705,1.6681,0,1.52219,2.96352,9.36715e+06,3.61194e+06,1.8458e+07,0,0,0,7.64495e+07
80.5765,85.139,1.94124,0.06,0.04,2.51963,2.82203,0,0.476866,4.47552,4.50733e+06,2.70226e+06,1.13568e+07,0,0,0,0,99.3022,98.274,3.39641,0,0,2.01782,1.71542,0,1.52241,2.96352,9.36715e+06,3.61194e+06,1.89013e+07,0,0,0,7.64495e+07
79.6958,85.139,1.84004,0.05,0.04,2.52012,2.82252,0,0.472179,4.47552,4.50733e+06,2.70226e+06,1.1359e+07,0,0,0,0,99.3022,98.274,3.37119,0,0,2.01812,1.71572,0,1.55897,2.96352,9.36715e+06,3.61194e+06,1.8904e+07,0,0,0,7.64495e+07
78.6622,85.139,1.67849,0.04,0.04,2.5206,2.823,0,0.47227,4.47552,4.50733e+06,2.70226e+06,1.13612e+07,0,0,0,0,99.3004,98.274,3.09185,0,0,2.01841,1.71601,0,1.5592,2.96352,9.36715e+06,3.61194e+06,1.89068e+07,0,0,0,7.64495e+07
77.5124,85.139,1.5327,0.07,0.04,2.52109,2.82349,0,0.472361,4.47552,4.50733e+06,2.70226e+06,1.13634e+07,0,0,0,0,99.2361,98.274,2.963,0,0,2.01871,1.71631,0,1.55943,2.96352,9.36715e+06,3.61194e+06,1.89096e+07,0,0,0,7.64495e+07
76.3276,85.139,1.51326,0.06,0.04,2.58748,2.88988,0,0.472452,4.47552,4.50733e+06,2.70226e+06,1.16626e+07,0,0,0,0,99.022,98.274,2.8396,0,0,2.06095,1.75855,0,1.55965,2.96352,9.36715e+06,3.61194e+06,1.93052e+07,0,0,0,7.64495e+07
75.2178,85.139,1.57801,0.05,0.04,2.58798,2.89038,0,0.484894,4.47552,4.50733e+06,2.70226e+06,1.16649e+07,0,0,0,0,98.7559,98.274,2.8049,0,0,2.06125,1.75885,0,1.59229,2.96352,9.36715e+06,3.61194e+06,1.93081e+07,0,0,0,7.64495e+07
73.9451,85.139,1.40275,0.04,0.04,2.58848,2.89088,0,0.484988,4.47552,4.50733e+06,2.70226e+06,1.16671e+07,0,0,0,0,98.4496,98.274,2.66969,0,0,2.06156,1.75916,0,1.59252,2.96352,9.36715e+06,3.61194e+06,1.93109e+07,0,0,0,7.64495e+07
72.5684,85.139,1.28491,0.05,0.04,2.58898,2.89138,0,0.485081,4.47552,4.50733e+06,2.70226e+06,1.16694e+07,0,0,0,0,98.1232,98.274,2.49733,0,0,2.06186,1.75946,0,1.59276,2.96352,9.36715e+06,3.61194e+06,1.93138e+07,0,0,0,7.64495e+07
70.8871,85.139,1.11131,0.09,0.04,2.78261,3.08501,0,0.485174,4.47552,4.50733e+06,2.70226e+06,1.25421e+07,0,0,0,0,97.7648,98.274,2.47736,0,0,2.21367,1.91127,0,1.59299,2.96352,9.36715e+06,3.61194e+06,2.07358e+07,0,0,0,7.64495e+07
69.3884,85.139,1.27471,0.09,0.04,2.78314,3.08554,0,0.521461,4.47552,4.50733e+06,2.70226e+06,1.25445e+07,0,0,0,0,97.5084,98.274,2.66866,0,0,2.214,1.9116,0,1.71028,2.96352,9.36715e+06,3.61194e+06,2.07389e+07,0,0,0,7.64495e+07
67.808,85.139,1.17219,0.1,0.04,2.78367,3.08607,0,0.521561,4.47552,4.50733e+06,2.70226e+06,1.25469e+07,0,0,0,0,97.1987,98.274,2.54656,0,0,2.21433,1.91193,0,1.71054,2.96352,9.36715e+06,3.61194e+06,2.0742e+07,0,0,0,7.64495e+07
66.31,85.139,1.23695,0.14,0.04,2.7842,3.0866,0,0.52166,4.47552,4.50733e+06,2.70226e+06,1.25493e+07,0,0,0,0,96.8844,98.274,2.52956,0,0,2.21466,1.91226,0,1.71079,2.96352,9.36715e+06,3.61194e+06,2.07451e+07,0,0,0,7.64495e+07
65.3953,85.139,1.85467,0.14,0.04,2.78474,3.08714,0,0.52176,4.47552,4.50733e+06,2.70226e+06,1.25517e+07,0,0,0,0,96.6917,98.274,2.98867,0,0,2.21499,1.91259,0,1.71105,2.96352,9.36715e+06,3.61194e+06,2.07481e+07,0,0,0,7.64495e+07
64.4983,85.139,1.81691,0.13,0.04,2.69106,2.99346,0,0.52186,4.47552,4.50733e+06,2.70226e+06,1.21295e+07,0,0,0,0,96.4084,98.274,2.3952,0,0,2.12328,1.82088,0,1.7113,2.96352,9.36715e+06,3.61194e+06,1.98891e+07,0,0,0,7.64495e+07
63.201,85.139,1.4142,0.13,0.04,2.69158,2.99398,0,0.504305,4.47552,4.50733e+06,2.70226e+06,1.21318e+07,0,0,0,0,96.1623,98.274,2.65874,0,0,2.12359,1.82119,0,1.64045,2.96352,9.36715e+06,3.61194e+06,1.9892e+07,0,0,0,7.64495e+07
61.9514,85.139,1.45121,0.12,0.04,2.69209,2.99449,0,0.504401,4.47552,4.50733e+06,2.70226e+06,1.21342e+07,0,0,0,0,96.1121,98.274,3.37887,0,0,2.12391,1.82151,0,1.64069,2.96352,9.36715e+06,3.61194e+06,1.9895e+07,0,0,0,7.64495e+07
60.5893,85.139,1.31681,0.15,0.04,2.69261,2.99501,0,0.504498,4.47552,4.50733e+06,2.70226e+06,1.21365e+07,0,0,0,0,95.8769,98.274,2.65066,0,0,2.12422,1.82182,0,1.64093,2.96352,9.36715e+06,3.61194e+06,1.98979e+07,0,0,0,7.64495e+07
59.6572,85.139,1.73982,0.17,0.04,2.61574,2.91814,0,0.504595,4.47552,4.50733e+06,2.70226e+06,1.179e+07,0,0,0,0,95.9962,98.274,4.17646,0,0,2.0407,1.7383,0,1.64117,2.96352,9.36715e+06,3.61194e+06,1.91155e+07,0,0,0,7.64495e+07
58.0163,85.139,1.06057,0.15,0.04,2.61624,2.91864,0,0.49019,4.47552,4.50733e+06,2.70226e+06,1.17923e+07,0,0,0,0,95.6246,98.274,2.22876,0,0,2.041,1.7386,0,1.57664,2.96352,9.36715e+06,3.61194e+06,1.91183e+07,0,0,0,7.64495e+07
56.8275,85.139,1.555,0.15,0.04,2.61675,2.91915,0,0.490284,4.47552,4.50733e+06,2.70226e+06,1.17945e+07,0,0,0,0,95.5733,98.274,3.55955,0,0,2.0413,1.7389,0,1.57687,2.96352,9.36715e+06,3.61194e+06,1.91211e+07,0,0,0,7.64495e+07
57.0538,85.139,3.04103,0.16,0.04,2.61725,2.91965,0,0.490378,4.47552,4.50733e+06,2.70226e+06,1.17968e+07,0,0,0,0,96.1146,98.274,4.8393,0,0,2.0416,1.7392,0,1.57711,2.96352,9.36715e+06,3.61194e+06,1.9124e+07,0,0,0,7.64495e+07
57.5505,85.139,3.14512,0.17,0.04,2.39783,2.70023,0,0.490473,4.47552,4.50733e+06,2.70226e+06,1.08078e+07,0,0,0,0,96.4582,98.274,4.41146,0,0,1.86717,1.56477,0,1.57734,2.96352,9.36715e+06,3.61194e+06,1.74901e+07,0,0,0,7.64495e+07
59.164,85.139,4.31992,0.16,0.04,2.3983,2.7007,0,0.449354,4.47552,4.50733e+06,2.70226e+06,1.08099e+07,0,0,0,0,97.3971,98.274,6.13685,0,0,1.86744,1.56504,0,1.44258,2.96352,9.36715e+06,3.61194e+06,1.74926e+07,0,0,0,7.64495e+07
59.4549,85.139,2.90961,0.17,0.04,2.39876,2.70116,0,0.449441,4.47552,4.50733e+06,2.70226e+06,1.0812e+07,0,0,0,0,97.8364,98.274,3.98921,0,0,1.86771,1.56531,0,1.44278,2.96352,9.36715e+06,3.61194e+06,1.74951e+07,0,0,0,7.64495e+07
59.7771,85.139,2.94194,0.18,0.04,2.39923,2.70163,0,0.449528,4.47552,4.50733e+06,2.70226e+06,1.08141e+07,0,0,0,0,97.9959,98.274,3.47598,0,0,1.86798,1.56558,0,1.44299,2.96352,9.36715e+06,3.61194e+06,1.74976e+07,0,0,0,7.64495e+07
60.8723,85.139,3.82436,0.18,0.04,2.39969,2.70209,0,0.449615,4.47552,4.50733e+06,2.70226e+06,1.08162e+07,0,0,0,0,98.7618,98.274,5.19105,0,0,1.86825,1.56585,0,1.4432,2.96352,9.36715e+06,3.61194e+06,1.75002e+07,0,0,0,7.64495e+07
61.4957,85.139,3.41211,0.19,0.04,2.48481,2.78721,0,0.449702,4.47552,4.50733e+06,2.70226e+06,1.11999e+07,0,0,0,0,99.0476,98.274,4.12676,0,0,1.91915,1.61675,0,1.44341,2.96352,9.36715e+06,3.61194e+06,1.7977e+07,0,0,0,7.64495e+07
61.1181,85.139,2.29281,0.21,0.04,2.48528,2.78768,0,0.465654,4.47552,4.50733e+06,2.70226e+06,1.1202e+07,0,0,0,0,99.3022,98.274,3.67107,0,0,1.91942,1.61702,0,1.48274,2.96352,9.36715e+06,3.61194e+06,1.79795e+07,0,0,0,7.64495e+07
62.2338,85.139,3.92858,0.21,0.04,2.48574,2.78814,0,0.465741,4.47552,4.50733e+06,2.70226e+06,1.1204e+07,0,0,0,0,99.3022,98.274,6.0145,0,0,1.91969,1.61729,0,1.48294,2.96352,9.36715e+06,3.61194e+06,1.7982e+07,0,0,0,7.64495e+07
65.3211,85.139,6.12139,0.23,0.04,2.4862,2.7886,0,0.465827,4.47552,4.50733e+06,2.70226e+06,1.12061e+07,0,0,0,0,99.3022,98.274,12.9041,0,0,1.91995,1.61755,0,1.48315,2.96352,9.36715e+06,3.61194e+06,1.79845e+07,0,0,0,7.64495e+07
69.8086,85.139,8.01419,0.2,0.04,2.7587,3.0611,0,0.465913,4.47552,4.50733e+06,2.70226e+06,1.24344e+07,0,0,0,0,99.3022,98.274,14.9171,0,0,2.11044,1.80804,0,1.48336,2.96352,9.36715e+06,3.61194e+06,1.97688e+07,0,0,0,7.64495e+07
71.3856,85.139,4.82868,0.16,0.04,2.7592,3.0616,0,0.51698,4.47552,4.50733e+06,2.70226e+06,1.24366e+07,0,0,0,0,99.3022,98.274,7.31808,0,0,2.11074,1.80834,0,1.63053,2.96352,9.36715e+06,3.61194e+06,1.97716e+07,0,0,0,7.64495e+07
73.3913,85.139,5.31197,0.15,0.04,2.75971,3.06211,0,0.517075,4.47552,4.50733e+06,2.70226e+06,1.24389e+07,0,0,0,0,99.3022,98.274,7.2171,0,0,2.11104,1.80864,0,1.63076,2.96352,9.36715e+06,3.61194e+06,1.97744e+07,0,0,0,7.64495e+07
74.2249,85.139,4.10584,0.17,0.04,2.76022,3.06262,0,0.51717,4.47552,4.50733e+06,2.70226e+06,1.24412e+07,0,0,0,0,99.3022,98.274,6.01211,0,0,2.11134,1.80894,0,1.63099,2.96352,9.36715e+06,3.61194e+06,1.97772e+07,0,0,0,7.64495e+07
79.1629,85.139,8.0054,0.13,0.04,2.37245,2.67485,0,0.517264,4.47552,4.50733e+06,2.70226e+06,1.06934e+07,0,0,0,0,99.3022,98.274,12.4362,0,0,1.85619,1.55379,0,1.63122,2.96352,9.36715e+06,3.61194e+06,1.73872e+07,0,0,0,7.64495e+07
82.5071,85.139,6.64594,0.13,0.04,2.37289,2.67529,0,0.444597,4.47552,4.50733e+06,2.70226e+06,1.06954e+07,0,0,0,0,99.3022,98.274,10.9596,0,0,1.85645,1.55405,0,1.43409,2.96352,9.36715e+06,3.61194e+06,1.73896e+07,0,0,0,7.64495e+07
85.102,85.139,5.83616,0.11,0.04,2.37334,2.67574,0,0.44468,4.47552,4.50733e+06,2.70226e+06,1.06974e+07,0,0,0,0,99.3022,98.274,10.1791,0,0,1.8567,1.5543,0,1.43429,2.96352,9.36715e+06,3.61194e+06,1.7392e+07,0,0,0,7.64495e+07
85.139,85.139,6.42634,0.13,0.04,2.37378,2.67618,0,0.444763,4.47552,4.50733e+06,2.70226e+06,1.06994e+07,0,0,0,0,99.3022,98.274,11.1719,0,0,1.85696,1.55456,0,1.43449,2.96352,9.36715e+06,3.61194e+06,1.73944e+07,0,0,0,7.64495e+07
85.139,85.139,7.37089,0.1,0.04,2.37422,2.67662,0,0.444846,4.47552,4.50733e+06,2.70226e+06,1.07014e+07,0,0,0,0,99.3022,98.274,13.6053,0,0,1.85722,1.55482,0,1.43469,2.96352,9.36715e+06,3.61194e+06,1.73969e+07,0,0,0,7.64495e+07
85.139,85.139,6.37822,0.1,0.04,2.47248,2.77488,0,0.444929,4.47552,4.50733e+06,2.70226e+06,1.11443e+07,0,0,0,0,99.3022,98.274,11.1461,0,0,1.92002,1.61762,0,1.43489,2.96352,9.36715e+06,3.61194e+06,1.79851e+07,0,0,0,7.64495e+07
85.139,85.139,6.52474,0.1,0.04,2.47294,2.77534,0,0.463342,4.47552,4.50733e+06,2.70226e+06,1.11463e+07,0,0,0,0,99.3022,98.274,14.7005,0,0,1.92029,1.61789,0,1.48341,2.96352,9.36715e+06,3.61194e+06,1.79876e+07,0,0,0,7.64495e+07
85.139,85.139,7.98506,0.1,0.04,2.4734,2.7758,0,0.463428,4.47552,4.50733e+06,2.70226e+06,1.11484e+07,0,0,0,0,99.3022,98.274,13.6186,0,0,1.92055,1.61815,0,1.48361,2.96352,9.36715e+06,3.61194e+06,1.79901e+07,0,0,0,7.64495e+07
85.139,85.139,6.46412,0.1,0.04,2.47385,2.77625,0,0.463514,4.47552,4.50733e+06,2.70226e+06,1.11505e+07,0,0,0,0,99.3022,98.274,10.4723,0,0,1.92082,1.61842,0,1.48382,2.96352,9.36715e+06,3.61194e+06,1.79926e+07,0,0,0,7.64495e+07
85.139,85.139,5.38275,0.08,0.04,2.43604,2.73844,0,0.4636,4.47552,4.50733e+06,2.70226e+06,1.09801e+07,0,0,0,0,99.3022,98.274,9.30956,0,0,1.89678,1.59438,0,1.48403,2.96352,9.36715e+06,3.61194e+06,1.77675e+07,0,0,0,7.64495e+07
85.139,85.139,4.33727,0.09,0.04,2.4365,2.7389,0,0.456515,4.47552,4.50733e+06,2.70226e+06,1.09821e+07,0,0,0,0,99.3022,98.274,6.00951,0,0,1.89705,1.59465,0,1.46545,2.96352,9.36715e+06,3.61194e+06,1.77699e+07,0,0,0,7.64495e+07
85.139,85.139,3.52513,0.09,0.04,2.43695,2.73935,0,0.456599,4.47552,4.50733e+06,2.70226e+06,1.09841e+07,0,0,0,0,99.3022,98.274,4.98561,0,0,1.89731,1.59491,0,1.46566,2.96352,9.36715e+06,3.61194e+06,1.77724e+07,0,0,0,7.64495e+07
85.139,85.139,3.10864,0.09,0.04,2.4374,2.7398,0,0.456684,4.47552,4.50733e+06,2.70226e+06,1.09862e+07,0,0,0,0,99.3022,98.274,4.45509,0,0,1.89757,1.59517,0,1.46586,2.96352,9.36715e+06,3.61194e+06,1.77749e+07,0,0,0,7.64495e+07
85.0361,85.139,2.79554,0.08,0.04,2.56784,2.87024,0,0.456769,4.47552,4.50733e+06,2.70226e+06,1.15741e+07,0,0,0,0,99.3022,98.274,3.98903,0,0,1.98409,1.68169,0,1.46607,2.96352,9.36715e+06,3.61194e+06,1.85853e+07,0,0,0,7.64495e+07
85.139,85.139,3.03981,0.1,0.04,2.56832,2.87072,0,0.481214,4.47552,4.50733e+06,2.70226e+06,1.15763e+07,0,0,0,0,99.3022,98.274,3.89307,0,0,1.98437,1.68197,0,1.53291,2.96352,9.36715e+06,3.61194e+06,1.85879e+07,0,0,0,7.64495e+07
85.139,85.139,2.94334,0.07,0.04,2.56879,2.87119,0,0.481303,4.47552,4.50733e+06,2.70226e+06,1.15784e+07,0,0,0,0,99.3022,98.274,3.98337,0,0,1.98465,1.68225,0,1.53313,2.96352,9.36715e+06,3.61194e+06,1.85905e+07,0,0,0,7.64495e+07
85.139,85.139,2.825,0.06,0.04,2.56927,2.87167,0,0.481392,4.47552,4.50733e+06,2.70226e+06,1.15805e+07,0,0,0,0,99.3022,98.274,3.88713,0,0,1.98493,1.68253,0,1.53334,2.96352,9.36715e+06,3.61194e+06,1.85931e+07,0,0,0,7.64495e+07
84.9733,85.139,2.64703,0.06,0.04,2.56974,2.87214,0,0.481481,4.47552,4.50733e+06,2.70226e+06,1.15827e+07,0,0,0,0,99.3022,98.274,3.61841,0,0,1.98521,1.68281,0,1.53356,2.96352,9.36715e+06,3.61194e+06,1.85957e+07,0,0,0,7.64495e+07
84.7835,85.139,2.55378,0.06,0.04,2.54449,2.84689,0,0.48157,4.47552,4.50733e+06,2.70226e+06,1.14689e+07,0,0,0,0,99.3022,98.274,3.85429,0,0,2.03293,1.73053,0,1.53377,2.96352,9.36715e+06,3.61194e+06,1.90428e+07,0,0,0,7.64495e+07
84.4617,85.139,2.42627,0.06,0.04,2.54496,2.84736,0,0.476838,4.47552,4.50733e+06,2.70226e+06,1.1471e+07,0,0,0,0,99.3022,98.274,3.74133,0,0,2.03322,1.73082,0,1.57064,2.96352,9.36715e+06,3.61194e+06,1.90455e+07,0,0,0,7.64495e+07
83.9374,85.139,2.21917,0.04,0.04,2.54543,2.84783,0,0.476926,4.47552,4.50733e+06,2.70226e+06,1.14731e+07,0,0,0,0,99.3022,98.274,3.74556,0,0,2.03351,1.73111,0,1.57087,2.96352,9.36715e+06,3.61194e+06,1.90482e+07,0,0,0,7.64495e+07
83.2102,85.139,2.00362,0.03,0.04,2.5459,2.8483,0,0.477014,4.47552,4.50733e+06,2.70226e+06,1.14752e+07,0,0,0,0,99.3022,98.274,3.36143,0,0,2.03379,1.73139,0,1.57109,2.96352,9.36715e+06,3.61194e+06,1.90508e+07,0,0,0,7.64495e+07
82.3792,85.139,1.91965,0.02,0.04,2.61286,2.91526,0,0.477102,4.47552,4.50733e+06,2.70226e+06,1.1777e+07,0,0,0,0,99.3022,98.274,3.35749,0,0,2.07639,1.77399,0,1.57131,2.96352,9.36715e+06,3.61194e+06,1.94499e+07,0,0,0,7.64495e+07
81.8216,85.139,2.18455,0.02,0.04,2.61334,2.91574,0,0.48965,4.47552,4.50733e+06,2.70226e+06,1.17792e+07,0,0,0,0,99.3022,98.274,3.92486,0,0,2.07669,1.77429,0,1.60422,2.96352,9.36715e+06,3.61194e+06,1.94526e+07,0,0,0,7.64495e+07
81.0293,85.139,1.94057,0.03,0.04,2.61382,2.91622,0,0.48974,4.47552,4.50733e+06,2.70226e+06,1.17814e+07,0,0,0,0,99.3022,98.274,3.72532,0,0,2.07698,1.77458,0,1.60445,2.96352,9.36715e+06,3.61194e+06,1.94554e+07,0,0,0,7.64495e+07
80.0842,85.139,1.77703,0.03,0.04,2.6143,2.9167,0,0.48983,4.47552,4.50733e+06,2.70226e+06,1.17835e+07,0,0,0,0,99.3022,98.274,3.49823,0,0,2.07727,1.77487,0,1.60467,2.96352,9.36715e+06,3.61194e+06,1.94581e+07,0,0,0,7.64495e+07
78.7589,85.139,1.53496,0.04,0.04,2.80961,3.11201,0,0.489921,4.47552,4.50733e+06,2.70226e+06,1.26639e+07,0,0,0,0,99.3022,98.274,3.47195,0,0,2.2304,1.928,0,1.6049,2.96352,9.36715e+06,3.61194e+06,2.08925e+07,0,0,0,7.64495e+07
77.3024,85.139,1.40711,0.07,0.04,2.81013,3.11253,0,0.526522,4.47552,4.50733e+06,2.70226e+06,1.26662e+07,0,0,0,0,99.3022,98.274,4.28696,0,0,2.23072,1.92832,0,1.72321,2.96352,9.36715e+06,3.61194e+06,2.08955e+07,0,0,0,7.64495e+07
75.7112,85.139,1.2602,0.07,0.04,2.81064,3.11304,0,0.526618,4.47552,4.50733e+06,2.70226e+06,1.26685e+07,0,0,0,0,99.3022,98.274,4.34352,0,0,2.23104,1.92864,0,1.72345,2.96352,9.36715e+06,3.61194e+06,2.08985e+07,0,0,0,7.64495e+07
74.2061,85.139,1.33031,0.08,0.04,2.81116,3.11356,0,0.526714,4.47552,4.50733e+06,2.70226e+06,1.26708e+07,0,0,0,0,99.3022,98.274,4.30572,0,0,2.23136,1.92896,0,1.7237,2.96352,9.36715e+06,3.61194e+06,2.09015e+07,0,0,0,7.64495e+07
73.3269,85.139,1.99473,0.09,0.04,2.81167,3.11407,0,0.526811,4.47552,4.50733e+06,2.70226e+06,1.26731e+07,0,0,0,0,99.3022,98.274,5.10713,0,0,2.23168,1.92928,0,1.72395,2.96352,9.36715e+06,3.61194e+06,2.09045e+07,0,0,0,7.64495e+07
73.2406,85.139,2.69704,0.11,0.04,2.71716,3.01956,0,0.526907,4.47552,4.50733e+06,2.70226e+06,1.22471e+07,0,0,0,0,99.3022,98.274,5.57753,0,0,2.13915,1.83675,0,1.72419,2.96352,9.36715e+06,3.61194e+06,2.00378e+07,0,0,0,7.64495e+07
72.7008,85.139,2.29595,0.11,0.04,2.71766,3.02006,0,0.509195,4.47552,4.50733e+06,2.70226e+06,1.22494e+07,0,0,0,0,99.3022,98.274,5.58271,0,0,2.13946,1.83706,0,1.65271,2.96352,9.36715e+06,3.61194e+06,2.00406e+07,0,0,0,7.64495e+07
72.5031,85.139,2.65266,0.11,0.04,2.71816,3.02056,0,0.509289,4.47552,4.50733e+06,2.70226e+06,1.22516e+07,0,0,0,0,99.3022,98.274,7.01652,0,0,2.13976,1.83736,0,1.65295,2.96352,9.36715e+06,3.61194e+06,2.00435e+07,0,0,0,7.64495e+07
72.229,85.139,2.61053,0.11,0.04,2.71866,3.02106,0,0.509383,4.47552,4.50733e+06,2.70226e+06,1.22539e+07,0,0,0,0,99.3022,98.274,6.9839,0,0,2.14007,1.83767,0,1.65318,2.96352,9.36715e+06,3.61194e+06,2.00463e+07,0,0,0,7.64495e+07
72.3238,85.139,3.08654,0.12,0.04,2.6411,2.9435,0,0.509476,4.47552,4.50733e+06,2.70226e+06,1.19043e+07,0,0,0,0,99.3022,98.274,9.1482,0,0,2.0558,1.7534,0,1.65341,2.96352,9.36715e+06,3.61194e+06,1.9257e+07,0,0,0,7.64495e+07
70.9736,85.139,1.47871,0.12,0.04,2.64159,2.94399,0,0.494942,4.47552,4.50733e+06,2.70226e+06,1.19065e+07,0,0,0,0,99.3022,98.274,4.05816,0,0,2.05609,1.75369,0,1.58831,2.96352,9.36715e+06,3.61194e+06,1.92598e+07,0,0,0,7.64495e+07
69.74,85.139,1.58933,0.12,0.04,2.64207,2.94447,0,0.495034,4.47552,4.50733e+06,2.70226e+06,1.19087e+07,0,0,0,0,99.3022,98.274,2.77429,0,0,2.05638,1.75398,0,1.58854,2.96352,9.36715e+06,3.61194e+06,1.92625e+07,0,0,0,7.64495e+07
70.7068,85.139,3.85264,0.12,0.04,2.64256,2.94496,0,0.495125,4.47552,4.50733e+06,2.70226e+06,1.19109e+07,0,0,0,0,99.3022,98.274,6.86203,0,0,2.05667,1.75427,0,1.58876,2.96352,9.36715e+06,3.61194e+06,1.92652e+07,0,0,0,7.64495e+07
73.2831,85.139,5.38416,0.12,0.04,2.42122,2.72362,0,0.495216,4.47552,4.50733e+06,2.70226e+06,1.09133e+07,0,0,0,0,99.3022,98.274,10.9443,0,0,1.88072,1.57832,0,1.58899,2.96352,9.36715e+06,3.61194e+06,1.7617e+07,0,0,0,7.64495e+07
73.0647,85.139,2.50049,0.13,0.04,2.42167,2.72407,0,0.453737,4.47552,4.50733e+06,2.70226e+06,1.09153e+07,0,0,0,0,99.3022,98.274,5.59666,0,0,1.88099,1.57859,0,1.45305,2.96352,9.36715e+06,3.61194e+06,1.76195e+07,0,0,0,7.64495e+07
72.1266,85.139,1.74314,0.14,0.04,2.42212,2.72452,0,0.453822,4.47552,4.50733e+06,2.70226e+06,1.09173e+07,0,0,0,0,99.3022,98.274,7.99808,0,0,1.88125,1.57885,0,1.45325,2.96352,9.36715e+06,3.61194e+06,1.76219e+07,0,0,0,7.64495e+07
72.1075,85.139,2.71946,0.14,0.04,2.42257,2.72497,0,0.453906,4.47552,4.50733e+06,2.70226e+06,1.09193e+07,0,0,0,0,99.3022,98.274,7.38488,0,0,1.88151,1.57911,0,1.45345,2.96352,9.36715e+06,3.61194e+06,1.76244e+07,0,0,0,7.64495e+07
72.346,85.139,2.99347,0.15,0.04,2.42302,2.72542,0,0.45399,4.47552,4.50733e+06,2.70226e+06,1.09214e+07,0,0,0,0,99.3022,98.274,5.54027,0,0,1.88177,1.57937,0,1.45365,2.96352,9.36715e+06,3.61194e+06,1.76268e+07,0,0,0,7.64495e+07
73.1247,85.139,3.60106,0.15,0.04,2.42302,2.72542,0,0.454075,4.47552,4.50733e+06,2.70226e+06,1.09214e+07,0,0,0,0,99.3022,98.274,8.04198,0,0,1.88177,1.57937,0,1.45385,2.96352,9.36715e+06,3.61194e+06,1.76268e+07,0,0,0,7.64495e+07
73.6418,85.139,3.51523,0.15,0.04,2.50886,2.81126,0,0.454075,4.47552,4.50733e+06,2.70226e+06,1.13083e+07,0,0,0,0,99.3022,98.274,3.84713,0,0,1.9331,1.6307,0,1.45385,2.96352,9.36715e+06,3.61194e+06,1.81077e+07,0,0,0,7.64495e+07
76.3783,85.139,5.77418,0.15,0.04,2.50931,2.81171,0,0.470161,4.47552,4.50733e+06,2.70226e+06,1.13103e+07,0,0,0,0,99.3022,98.274,9.81747,0,0,1.93336,1.63096,0,1.49351,2.96352,9.36715e+06,3.61194e+06,1.81101e+07,0,0,0,7.64495e+07
79.4473,85.139,6.17028,0.13,0.04,2.50975,2.81215,0,0.470244,4.47552,4.50733e+06,2.70226e+06,1.13123e+07,0,0,0,0,99.3022,98.274,8.47309,0,0,1.93362,1.63122,0,1.49371,2.96352,9.36715e+06,3.61194e+06,1.81125e+07,0,0,0,7.64495e+07
81.284,85.139,4.98183,0.13,0.04,2.5102,2.8126,0,0.470328,4.47552,4.50733e+06,2.70226e+06,1.13143e+07,0,0,0,0,99.3022,98.274,7.76941,0,0,1.93388,1.63148,0,1.49391,2.96352,9.36715e+06,3.61194e+06,1.81149e+07,0,0,0,7.64495e+07
82.883,85.139,5.12681,0.1,0.04,2.78502,3.08742,0,0.470411,4.47552,4.50733e+06,2.70226e+06,1.2553e+07,0,0,0,0,99.3022,98.274,3.80025,0,0,2.12599,1.82359,0,1.49411,2.96352,9.36715e+06,3.61194e+06,1.99145e+07,0,0,0,7.64495e+07
85.139,85.139,6.10887,0.1,0.04,2.78551,3.08791,0,0.521913,4.47552,4.50733e+06,2.70226e+06,1.25552e+07,0,0,0,0,99.3022,98.274,4.68102,0,0,2.12628,1.82388,0,1.64254,2.96352,9.36715e+06,3.61194e+06,1.99172e+07,0,0,0,7.64495e+07
85.139,85.139,5.23358,0.08,0.04,2.786,3.0884,0,0.522005,4.47552,4.50733e+06,2.70226e+06,1.25574e+07,0,0,0,0,99.3022,98.274,4.39099,0,0,2.12657,1.82417,0,1.64276,2.96352,9.36715e+06,3.61194e+06,1.99199e+07,0,0,0,7.64495e+07
85.139,85.139,6.92948,0.08,0.04,2.78649,3.08889,0,0.522097,4.47552,4.50733e+06,2.70226e+06,1.25596e+07,0,0,0,0,99.3022,98.274,10.2604,0,0,2.12686,1.82446,0,1.64299,2.96352,9.36715e+06,3.61194e+06,1.99226e+07,0,0,0,7.64495e+07
85.139,85.139,8.02986,0.08,0.04,2.39538,2.69778,0,0.522188,4.47552,4.50733e+06,2.70226e+06,1.07968e+07,0,0,0,0,99.3022,98.274,10.6251,0,0,1.86951,1.56711,0,1.64321,2.96352,9.36715e+06,3.61194e+06,1.7512e+07,0,0,0,7.64495e+07
85.139,85.139,7.46838,0.09,0.04,2.39581,2.69821,0,0.448895,4.47552,4.50733e+06,2.70226e+06,1.07987e+07,0,0,0,0,99.3022,98.274,9.25974,0,0,1.86976,1.56736,0,1.44438,2.96352,9.36715e+06,3.61194e+06,1.75143e+07,0,0,0,7.64495e+07
85.139,85.139,7.46752,0.09,0.04,2.39624,2.69864,0,0.448975,4.47552,4.50733e+06,2.70226e+06,1.08006e+07,0,0,0,0,99.3022,98.274,9.14878,0,0,1.87001,1.56761,0,1.44458,2.96352,9.36715e+06,3.61194e+06,1.75166e+07,0,0,0,7.64495e+07
85.139,85.139,6.46981,0.1,0.04,2.39666,2.69906,0,0.449055,4.47552,4.50733e+06,2.70226e+06,1.08026e+07,0,0,0,0,99.3022,98.274,7.57143,0,0,1.87026,1.56786,0,1.44477,2.96352,9.36715e+06,3.61194e+06,1.7519e+07,0,0,0,7.64495e+07
85.139,85.139,6.07196,0.1,0.04,2.39709,2.69949,0,0.449135,4.47552,4.50733e+06,2.70226e+06,1.08045e+07,0,0,0,0,99.3022,98.274,7.44577,0,0,1.8705,1.5681,0,1.44496,2.96352,9.36715e+06,3.61194e+06,1.75213e+07,0,0,0,7.64495e+07
85.139,85.139,7.77736,0.1,0.04,2.49617,2.79857,0,0.449215,4.47552,4.50733e+06,2.70226e+06,1.12511e+07,0,0,0,0,99.3022,98.274,9.99798,0,0,1.93383,1.63143,0,1.44515,2.96352,9.36715e+06,3.61194e+06,1.81145e+07,0,0,0,7.64495e+07
85.139,85.139,8.09392,0.1,0.04,2.49661,2.79901,0,0.467782,4.47552,4.50733e+06,2.70226e+06,1.12531e+07,0,0,0,0,99.3022,98.274,9.74605,0,0,1.93409,1.63169,0,1.49408,2.96352,9.36715e+06,3.61194e+06,1.81169e+07,0,0,0,7.64495e+07
85.139,85.139,7.09079,0.1,0.04,2.49706,2.79946,0,0.467865,4.47552,4.50733e+06,2.70226e+06,1.12551e+07,0,0,0,0,99.3022,98.274,9.23113,0,0,1.93435,1.63195,0,1.49428,2.96352,9.36715e+06,3.61194e+06,1.81193e+07,0,0,0,7.64495e+07
85.139,85.139,6.19635,0.1,0.04,2.4975,2.7999,0,0.467948,4.47552,4.50733e+06,2.70226e+06,1.12571e+07,0,0,0,0,99.3022,98.274,8.01853,0,0,1.93461,1.63221,0,1.49448,2.96352,9.36715e+06,3.61194e+06,1.81218e+07,0,0,0,7.64495e+07
85.139,85.139,4.77873,0.09,0.04,2.45935,2.76175,0,0.468032,4.47552,4.50733e+06,2.70226e+06,1.10851e+07,0,0,0,0,99.3022,98.274,4.54975,0,0,1.91035,1.60795,0,1.49468,2.96352,9.36715e+06,3.61194e+06,1.78946e+07,0,0,0,7.64495e+07
85.139,85.139,4.29473,0.09,0.04,2.45979,2.76219,0,0.460882,4.47552,4.50733e+06,2.70226e+06,1.10871e+07,0,0,0,0,99.3022,98.274,4.89382,0,0,1.91061,1.60821,0,1.47594,2.96352,9.36715e+06,3.61194e+06,1.78969e+07,0,0,0,7.64495e+07
85.139,85.139,4.61036,0.09,0.04,2.46022,2.76262,0,0.460964,4.47552,4.50733e+06,2.70226e+06,1.1089e+07,0,0,0,0,99.3022,98.274,6.37741,0,0,1.91086,1.60846,0,1.47613,2.96352,9.36715e+06,3.61194e+06,1.78993e+07,0,0,0,7.64495e+07
85.139,85.139,3.98019,0.09,0.04,2.46066,2.76306,0,0.461046,4.47552,4.50733e+06,2.70226e+06,1.1091e+07,0,0,0,0,99.3022,98.274,5.55041,0,0,1.91112,1.60872,0,1.47633,2.96352,9.36715e+06,3.61194e+06,1.79017e+07,0,0,0,7.64495e+07
85.139,85.139,3.60006,0.08,0.04,2.59219,2.89459,0,0.461128,4.47552,4.50733e+06,2.70226e+06,1.16839e+07,0,0,0,0,99.3022,98.274,4.5514,0,0,1.99836,1.69596,0,1.47653,2.96352,9.36715e+06,3.61194e+06,1.8719e+07,0,0,0,7.64495e+07
85.139,85.139,3.43549,0.08,0.04,2.59265,2.89505,0,0.485777,4.47552,4.50733e+06,2.70226e+06,1.16859e+07,0,0,0,0,99.3022,98.274,4.10073,0,0,1.99863,1.69623,0,1.54393,2.96352,9.36715e+06,3.61194e+06,1.87215e+07,0,0,0,7.64495e+07
85.139,85.139,3.08343,0.06,0.04,2.59311,2.89551,0,0.485863,4.47552,4.50733e+06,2.70226e+06,1.1688e+07,0,0,0,0,99.2846,98.274,4.15157,0,0,1.9989,1.6965,0,1.54414,2.96352,9.36715e+06,3.61194e+06,1.8724e+07,0,0,0,7.64495e+07
85.139,85.139,2.94412,0.06,0.04,2.59357,2.89597,0,0.485949,4.47552,4.50733e+06,2.70226e+06,1.16901e+07,0,0,0,0,99.2485,98.274,4.08359,0,0,1.99917,1.69677,0,1.54435,2.96352,9.36715e+06,3.61194e+06,1.87265e+07,0,0,0,7.64495e+07
84.8653,85.139,2.55561,0.04,0.04,2.59403,2.89643,0,0.486035,4.47552,4.50733e+06,2.70226e+06,1.16921e+07,0,0,0,0,99.0884,98.274,3.55675,0,0,1.99944,1.69704,0,1.54456,2.96352,9.36715e+06,3.61194e+06,1.8729e+07,0,0,0,7.64495e+07
84.2579,85.139,2.18672,0.06,0.04,2.56854,2.87094,0,0.486121,4.47552,4.50733e+06,2.70226e+06,1.15773e+07,0,0,0,0,98.7485,98.274,2.89525,0,0,2.04755,1.74515,0,1.54476,2.96352,9.36715e+06,3.61194e+06,1.91797e+07,0,0,0,7.64495e+07
83.5166,85.139,2.04778,0.04,0.04,2.569,2.8714,0,0.481345,4.47552,4.50733e+06,2.70226e+06,1.15793e+07,0,0,0,0,98.389,98.274,2.79675,0,0,2.04783,1.74543,0,1.58194,2.96352,9.36715e+06,3.61194e+06,1.91823e+07,0,0,0,7.64495e+07
82.6014,85.139,1.86754,0.04,0.04,2.56945,2.87185,0,0.48143,4.47552,4.50733e+06,2.70226e+06,1.15814e+07,0,0,0,0,98.0082,98.274,2.65888,0,0,2.04811,1.74571,0,1.58215,2.96352,9.36715e+06,3.61194e+06,1.91849e+07,0,0,0,7.64495e+07
81.5427,85.139,1.69556,0.03,0.04,2.56991,2.87231,0,0.481515,4.47552,4.50733e+06,2.70226e+06,1.15834e+07,0,0,0,0,97.5916,98.274,2.44345,0,0,2.04838,1.74598,0,1.58237,2.96352,9.36715e+06,3.61194e+06,1.91875e+07,0,0,0,7.64495e+07
80.485,85.139,1.73591,0.03,0.04,2.63741,2.93981,0,0.4816,4.47552,4.50733e+06,2.70226e+06,1.18877e+07,0,0,0,0,97.2234,98.274,2.60533,0,0,2.09133,1.78893,0,1.58258,2.96352,9.36715e+06,3.61194e+06,1.95898e+07,0,0,0,7.64495e+07
79.3938,85.139,1.69667,0.04,0.04,2.63787,2.94027,0,0.49425,4.47552,4.50733e+06,2.70226e+06,1.18898e+07,0,0,0,0,96.8109,98.274,2.73409,0,0,2.09161,1.78921,0,1.61576,2.96352,9.36715e+06,3.61194e+06,1.95925e+07,0,0,0,7.64495e+07
78.209,85.139,1.58289,0.07,0.04,2.63834,2.94074,0,0.494337,4.47552,4.50733e+06,2.70226e+06,1.18919e+07,0,0,0,0,96.3601,98.274,2.58261,0,0,2.0919,1.7895,0,1.61598,2.96352,9.36715e+06,3.61194e+06,1.95951e+07,0,0,0,7.64495e+07
76.9119,85.139,1.45265,0.07,0.04,2.6388,2.9412,0,0.494425,4.47552,4.50733e+06,2.70226e+06,1.1894e+07,0,0,0,0,95.9065,98.274,2.42052,0,0,2.09218,1.78978,0,1.6162,2.96352,9.36715e+06,3.61194e+06,1.95978e+07,0,0,0,7.64495e+07
75.6415,85.139,1.6215,0.07,0.04,2.83573,3.13813,0,0.494512,4.47552,4.50733e+06,2.70226e+06,1.27816e+07,0,0,0,0,95.5005,98.274,3.01423,0,0,2.24658,1.94418,0,1.61642,2.96352,9.36715e+06,3.61194e+06,2.10441e+07,0,0,0,7.64495e+07
74.37,85.139,1.62366,0.09,0.04,2.83623,3.13863,0,0.531416,4.47552,4.50733e+06,2.70226e+06,1.27838e+07,0,0,0,0,95.1251,98.274,3.06234,0,0,2.24689,1.94449,0,1.73571,2.96352,9.36715e+06,3.61194e+06,2.1047e+07,0,0,0,7.64495e+07
72.8083,85.139,1.34483,0.09,0.04,2.83673,3.13913,0,0.531509,4.47552,4.50733e+06,2.70226e+06,1.27861e+07,0,0,0,0,94.6243,98.274,2.4551,0,0,2.2472,1.9448,0,1.73595,2.96352,9.36715e+06,3.61194e+06,2.10499e+07,0,0,0,7.64495e+07
71.481,85.139,1.54952,0.11,0.04,2.83722,3.13962,0,0.531603,4.47552,4.50733e+06,2.70226e+06,1.27883e+07,0,0,0,0,94.369,98.274,3.66847,0,0,2.24751,1.94511,0,1.73619,2.96352,9.36715e+06,3.61194e+06,2.10527e+07,0,0,0,7.64495e+07
69.9812,85.139,1.37856,0.11,0.04,2.83772,3.14012,0,0.531696,4.47552,4.50733e+06,2.70226e+06,1.27906e+07,0,0,0,0,94.0019,98.274,3.08316,0,0,2.24782,1.94542,0,1.73642,2.96352,9.36715e+06,3.61194e+06,2.10556e+07,0,0,0,7.64495e+07
68.5869,85.139,1.40973,0.12,0.04,2.7424,3.0448,0,0.531789,4.47552,4.50733e+06,2.70226e+06,1.23609e+07,0,0,0,0,93.6974,98.274,2.81485,0,0,2.15451,1.85211,0,1.73666,2.96352,9.36715e+06,3.61194e+06,2.01816e+07,0,0,0,7.64495e+07
67.1173,85.139,1.33506,0.12,0.04,2.74288,3.04528,0,0.513925,4.47552,4.50733e+06,2.70226e+06,1.23631e+07,0,0,0,0,93.6276,98.274,4.0627,0,0,2.1548,1.8524,0,1.66457,2.96352,9.36715e+06,3.61194e+06,2.01843e+07,0,0,0,7.64495e+07
66.6367,85.139,2.48579,0.14,0.04,2.74336,3.04576,0,0.514015,4.47552,4.50733e+06,2.70226e+06,1.23652e+07,0,0,0,0,93.7628,98.274,4.47884,0,0,2.15509,1.85269,0,1.6648,2.96352,9.36715e+06,3.61194e+06,2.01871e+07,0,0,0,7.64495e+07
67.2054,85.139,3.56101,0.13,0.04,2.74384,3.04624,0,0.514106,4.47552,4.50733e+06,2.70226e+06,1.23674e+07,0,0,0,0,93.8593,98.274,4.89721,0,0,2.15539,1.85299,0,1.66503,2.96352,9.36715e+06,3.61194e+06,2.01898e+07,0,0,0,7.64495e+07
68.0748,85.139,3.82463,0.13,0.04,2.66562,2.96802,0,0.514196,4.47552,4.50733e+06,2.70226e+06,1.20148e+07,0,0,0,0,94.2639,98.274,4.95965,0,0,2.07041,1.76801,0,1.66525,2.96352,9.36715e+06,3.61194e+06,1.93939e+07,0,0,0,7.64495e+07
68.5625,85.139,3.42746,0.14,0.04,2.66609,2.96849,0,0.499538,4.47552,4.50733e+06,2.70226e+06,1.2017e+07,0,0,0,0,94.5291,98.274,5.15307,0,0,2.07069,1.76829,0,1.5996,2.96352,9.36715e+06,3.61194e+06,1.93965e+07,0,0,0,7.64495e+07
70.8371,85.139,5.34193,0.12,0.04,2.66656,2.96896,0,0.499626,4.47552,4.50733e+06,2.70226e+06,1.20191e+07,0,0,0,0,95.4147,98.274,7.28978,0,0,2.07097,1.76857,0,1.59982,2.96352,9.36715e+06,3.61194e+06,1.93991e+07,0,0,0,7.64495e+07
72.4377,85.139,4.64779,0.13,0.04,2.66703,2.96943,0,0.499714,4.47552,4.50733e+06,2.70226e+06,1.20212e+07,0,0,0,0,96.2868,98.274,7.25969,0,0,2.07125,1.76885,0,1.60003,2.96352,9.36715e+06,3.61194e+06,1.94017e+07,0,0,0,7.64495e+07
72.8177,85.139,3.21229,0.14,0.04,2.44384,2.74624,0,0.499802,4.47552,4.50733e+06,2.70226e+06,1.10152e+07,0,0,0,0,96.6249,98.274,5.2975,0,0,1.89383,1.59143,0,1.60025,2.96352,9.36715e+06,3.61194e+06,1.77398e+07,0,0,0,7.64495e+07
72.5732,85.139,2.5819,0.14,0.04,2.44427,2.74667,0,0.457975,4.47552,4.50733e+06,2.70226e+06,1.10171e+07,0,0,0,0,97.0638,98.274,8.08475,0,0,1.89408,1.59168,0,1.46317,2.96352,9.36715e+06,3.61194e+06,1.77422e+07,0,0,0,7.64495e+07
73.6795,85.139,4.05197,0.15,0.04,2.44471,2.74711,0,0.458057,4.47552,4.50733e+06,2.70226e+06,1.10191e+07,0,0,0,0,97.4401,98.274,7.47315,0,0,1.89433,1.59193,0,1.46337,2.96352,9.36715e+06,3.61194e+06,1.77445e+07,0,0,0,7.64495e+07
85.139,85.139,17.02,0.16,0.04,2.44514,2.74754,0,0.458138,4.47552,4.50733e+06,2.70226e+06,1.10211e+07,0,0,0,0,99.3022,98.274,18.9864,0,0,1.89459,1.59219,0,1.46356,2.96352,9.36715e+06,3.61194e+06,1.77469e+07,0,0,0,7.64495e+07
85.139,85.139,8.48288,0.06,0.04,2.44558,2.74798,0,0.45822,4.47552,4.50733e+06,2.70226e+06,1.1023e+07,0,0,0,0,99.3022,98.274,10.5688,0,0,1.89484,1.59244,0,1.46376,2.96352,9.36715e+06,3.61194e+06,1.77492e+07,0,0,0,7.64495e+07
85.139,85.139,11.1085,0.07,0.04,2.53211,2.83451,0,0.458301,4.47552,4.50733e+06,2.70226e+06,1.1413e+07,0,0,0,0,99.3022,98.274,13.8261,0,0,1.94658,1.64418,0,1.46395,2.96352,9.36715e+06,3.61194e+06,1.8234e+07,0,0,0,7.64495e+07
85.139,85.139,10.9724,0.08,0.04,2.53254,2.83494,0,0.474517,4.47552,4.50733e+06,2.70226e+06,1.1415e+07,0,0,0,0,99.3022,98.274,13.5017,0,0,1.94683,1.64443,0,1.50393,2.96352,9.36715e+06,3.61194e+06,1.82363e+07,0,0,0,7.64495e+07
85.139,85.139,15.6123,0.09,0.04,2.53297,2.83537,0,0.474597,4.47552,4.50733e+06,2.70226e+06,1.14169e+07,0,0,0,0,99.3022,98.274,13.762,0,0,1.94708,1.64468,0,1.50412,2.96352,9.36715e+06,3.61194e+06,1.82386e+07,0,0,0,7.64495e+07
85.139,85.139,16.4839,0.09,0.04,2.5334,2.8358,0,0.474678,4.47552,4.50733e+06,2.70226e+06,1.14189e+07,0,0,0,0,99.3022,98.274,17.7867,0,0,1.94733,1.64493,0,1.50432,2.96352,9.36715e+06,3.61194e+06,1.8241e+07,0,0,0,7.64495e+07
85.139,85.139,10.825,0.09,0.04,2.81047,3.11287,0,0.474759,4.47552,4.50733e+06,2.70226e+06,1.26677e+07,0,0,0,0,99.3022,98.274,11.9464,0,0,2.14102,1.83862,0,1.50451,2.96352,9.36715e+06,3.61194e+06,2.00553e+07,0,0,0,7.64495e+07
85.139,85.139,6.92241,0.08,0.04,2.81094,3.11334,0,0.526682,4.47552,4.50733e+06,2.70226e+06,1.26698e+07,0,0,0,0,99.3022,98.274,8.7362,0,0,2.1413,1.8389,0,1.65415,2.96352,9.36715e+06,3.61194e+06,2.00579e+07,0,0,0,7.64495e+07
85.139,85.139,12.8211,0.08,0.04,2.81141,3.11381,0,0.52677,4.47552,4.50733e+06,2.70226e+06,1.2672e+07,0,0,0,0,99.3022,98.274,12.6379,0,0,2.14158,1.83918,0,1.65437,2.96352,9.36715e+06,3.61194e+06,2.00605e+07,0,0,0,7.64495e+07
85.139,85.139,8.07984,0.08,0.04,2.81188,3.11428,0,0.526859,4.47552,4.50733e+06,2.70226e+06,1.26741e+07,0,0,0,0,99.3022,98.274,9.01853,0,0,2.14186,1.83946,0,1.65458,2.96352,9.36715e+06,3.61194e+06,2.00631e+07,0,0,0,7.64495e+07
85.139,85.139,3.17224,0.08,0.04,2.41754,2.71994,0,0.526947,4.47552,4.50733e+06,2.70226e+06,1.08967e+07,0,0,0,0,99.3022,98.274,4.57497,0,0,1.88238,1.57998,0,1.6548,2.96352,9.36715e+06,3.61194e+06,1.76326e+07,0,0,0,7.64495e+07
84.4134,85.139,2.22831,0.09,0.04,2.41795,2.72035,0,0.453047,4.47552,4.50733e+06,2.70226e+06,1.08985e+07,0,0,0,0,99.3022,98.274,3.92013,0,0,1.88262,1.58022,0,1.45433,2.96352,9.36715e+06,3.61194e+06,1.76348e+07,0,0,0,7.64495e+07
85.139,85.139,6.72013,0.14,0.04,2.41837,2.72077,0,0.453125,4.47552,4.50733e+06,2.70226e+06,1.09004e+07,0,0,0,0,99.3022,98.274,9.40016,0,0,1.88286,1.58046,0,1.45451,2.96352,9.36715e+06,3.61194e+06,1.76371e+07,0,0,0,7.64495e+07
85.139,85.139,7.41236,0.1,0.04,2.41878,2.72118,0,0.453202,4.47552,4.50733e+06,2.70226e+06,1.09022e+07,0,0,0,0,99.3022,98.274,10.9723,0,0,1.8831,1.5807,0,1.4547,2.96352,9.36715e+06,3.61194e+06,1.76393e+07,0,0,0,7.64495e+07
85.139,85.139,8.25443,0.1,0.04,2.41919,2.72159,0,0.453279,4.47552,4.50733e+06,2.70226e+06,1.09041e+07,0,0,0,0,99.3022,98.274,9.46471,0,0,1.88334,1.58094,0,1.45489,2.96352,9.36715e+06,3.61194e+06,1.76416e+07,0,0,0,7.64495e+07
85.139,85.139,8.95139,0.1,0.04,2.51906,2.82146,0,0.453357,4.47552,4.50733e+06,2.70226e+06,1.13543e+07,0,0,0,0,99.3022,98.274,7.99162,0,0,1.94718,1.64478,0,1.45507,2.96352,9.36715e+06,3.61194e+06,1.82395e+07,0,0,0,7.64495e+07
85.139,85.139,5.65948,0.1,0.04,2.51949,2.82189,0,0.472072,4.47552,4.50733e+06,2.70226e+06,1.13562e+07,0,0,0,0,99.3022,98.274,5.35405,0,0,1.94743,1.64503,0,1.50439,2.96352,9.36715e+06,3.61194e+06,1.82418e+07,0,0,0,7.64495e+07
85.139,85.139,4.52394,0.11,0.04,2.51992,2.82232,0,0.472152,4.47552,4.50733e+06,2.70226e+06,1.13581e+07,0,0,0,0,99.3022,98.274,4.69691,0,0,1.94768,1.64528,0,1.50458,2.96352,9.36715e+06,3.61194e+06,1.82442e+07,0,0,0,7.64495e+07
85.139,85.139,3.94793,0.12,0.04,2.52035,2.82275,0,0.472233,4.47552,4.50733e+06,2.70226e+06,1.136e+07,0,0,0,0,99.3022,98.274,4.34453,0,0,1.94792,1.64552,0,1.50477,2.96352,9.36715e+06,3.61194e+06,1.82465e+07,0,0,0,7.64495e+07
85.139,85.139,4.45125,0.11,0.04,2.48186,2.78426,0,0.472313,4.47552,4.50733e+06,2.70226e+06,1.11866e+07,0,0,0,0,99.3022,98.274,4.12633,0,0,1.92346,1.62106,0,1.50497,2.96352,9.36715e+06,3.61194e+06,1.80174e+07,0,0,0,7.64495e+07
85.139,85.139,3.94064,0.1,0.04,2.48229,2.78469,0,0.465101,4.47552,4.50733e+06,2.70226e+06,1.11885e+07,0,0,0,0,99.3022,98.274,4.42797,0,0,1.92371,1.62131,0,1.48607,2.96352,9.36715e+06,3.61194e+06,1.80197e+07,0,0,0,7.64495e+07
85.139,85.139,4.0063,0.1,0.04,2.48271,2.78511,0,0.465181,4.47552,4.50733e+06,2.70226e+06,1.11904e+07,0,0,0,0,99.3022,98.274,3.81201,0,0,1.92395,1.62155,0,1.48626,2.96352,9.36715e+06,3.61194e+06,1.8022e+07,0,0,0,7.64495e+07
85.139,85.139,4.10126,0.1,0.04,2.48313,2.78553,0,0.46526,4.47552,4.50733e+06,2.70226e+06,1.11923e+07,0,0,0,0,99.3022,98.274,4.05103,0,0,1.9242,1.6218,0,1.48645,2.96352,9.36715e+06,3.61194e+06,1.80243e+07,0,0,0,7.64495e+07
85.139,85.139,3.67796,0.09,0.04,2.61571,2.91811,0,0.465339,4.47552,4.50733e+06,2.70226e+06,1.17899e+07,0,0,0,0,99.3022,98.274,4.0256,0,0,2.01214,1.70974,0,1.48664,2.96352,9.36715e+06,3.61194e+06,1.8848e+07,0,0,0,7.64495e+07
85.139,85.139,3.75131,0.09,0.04,2.61616,2.91856,0,0.490184,4.47552,4.50733e+06,2.70226e+06,1.17919e+07,0,0,0,0,99.3022,98.274,3.79012,0,0,2.0124,1.71,0,1.55458,2.96352,9.36715e+06,3.61194e+06,1.88505e+07,0,0,0,7.64495e+07
85.139,85.139,3.59398,0.07,0.04,2.6166,2.919,0,0.490267,4.47552,4.50733e+06,2.70226e+06,1.17939e+07,0,0,0,0,99.3022,98.274,3.75601,0,0,2.01266,1.71026,0,1.55478,2.96352,9.36715e+06,3.61194e+06,1.88529e+07,0,0,0,7.64495e+07
85.139,85.139,3.41298,0.06,0.04,2.61704,2.91944,0,0.49035,4.47552,4.50733e+06,2.70226e+06,1.17959e+07,0,0,0,0,99.3022,98.274,3.8559,0,0,2.01292,1.71052,0,1.55498,2.96352,9.36715e+06,3.61194e+06,1.88553e+07,0,0,0,7.64495e+07
85.139,85.139,3.18351,0.05,0.04,2.61748,2.91988,0,0.490433,4.47552,4.50733e+06,2.70226e+06,1.17979e+07,0,0,0,0,99.3022,98.274,3.75463,0,0,2.01318,1.71078,0,1.55518,2.96352,9.36715e+06,3.61194e+06,1.88578e+07,0,0,0,7.64495e+07
85.139,85.139,3.22136,0.04,0.04,2.59177,2.89417,0,0.490516,4.47552,4.50733e+06,2.70226e+06,1.1682e+07,0,0,0,0,99.3022,98.274,3.82646,0,0,2.06167,1.75927,0,1.55538,2.96352,9.36715e+06,3.61194e+06,1.9312e+07,0,0,0,7.64495e+07
85.139,85.139,3.07033,0.03,0.04,2.59221,2.89461,0,0.485698,4.47552,4.50733e+06,2.70226e+06,1.1684e+07,0,0,0,0,99.3022,98.274,3.81269,0,0,2.06194,1.75954,0,1.59285,2.96352,9.36715e+06,3.61194e+06,1.93145e+07,0,0,0,7.64495e+07
85.0367,85.139,2.69846,0.02,0.04,2.59265,2.89505,0,0.48578,4.47552,4.50733e+06,2.70226e+06,1.16859e+07,0,0,0,0,99.3022,98.274,3.52907,0,0,2.06221,1.75981,0,1.59306,2.96352,9.36715e+06,3.61194e+06,1.9317e+07,0,0,0,7.64495e+07
84.8482,85.139,2.59915,0.05,0.04,2.59309,2.89549,0,0.485863,4.47552,4.50733e+06,2.70226e+06,1.16879e+07,0,0,0,0,99.3022,98.274,3.65316,0,0,2.06248,1.76008,0,1.59326,2.96352,9.36715e+06,3.61194e+06,1.93195e+07,0,0,0,7.64495e+07
84.6977,85.139,2.70709,0.04,0.04,2.66111,2.96351,0,0.485945,4.47552,4.50733e+06,2.70226e+06,1.19945e+07,0,0,0,0,99.3022,98.274,3.72626,0,0,2.10576,1.80336,0,1.59347,2.96352,9.36715e+06,3.61194e+06,1.9725e+07,0,0,0,7.64495e+07
84.4798,85.139,2.60937,0.04,0.04,2.66156,2.96396,0,0.498693,4.47552,4.50733e+06,2.70226e+06,1.19966e+07,0,0,0,0,99.3022,98.274,3.41602,0,0,2.10603,1.80363,0,1.62691,2.96352,9.36715e+06,3.61194e+06,1.97275e+07,0,0,0,7.64495e+07
84.2195,85.139,2.55973,0.05,0.04,2.66201,2.96441,0,0.498777,4.47552,4.50733e+06,2.70226e+06,1.19986e+07,0,0,0,0,99.3022,98.274,3.57433,0,0,2.1063,1.8039,0,1.62712,2.96352,9.36715e+06,3.61194e+06,1.97301e+07,0,0,0,7.64495e+07
84.2759,85.139,2.90779,0.06,0.04,2.66246,2.96486,0,0.498861,4.47552,4.50733e+06,2.70226e+06,1.20006e+07,0,0,0,0,99.3022,98.274,3.6671,0,0,2.10658,1.80418,0,1.62733,2.96352,9.36715e+06,3.61194e+06,1.97326e+07,0,0,0,7.64495e+07
83.5957,85.139,2.31398,0.07,0.04,2.86095,3.16335,0,0.498946,4.47552,4.50733e+06,2.70226e+06,1.28953e+07,0,0,0,0,99.3022,98.274,3.61485,0,0,2.26221,1.95981,0,1.62754,2.96352,9.36715e+06,3.61194e+06,2.11905e+07,0,0,0,7.64495e+07
82.5493,85.139,1.92345,0.07,0.04,2.86143,3.16383,0,0.536143,4.47552,4.50733e+06,2.70226e+06,1.28974e+07,0,0,0,0,99.3022,98.274,3.78347,0,0,2.26251,1.96011,0,1.74778,2.96352,9.36715e+06,3.61194e+06,2.11932e+07,0,0,0,7.64495e+07
81.7257,85.139,2.13987,0.07,0.04,2.86191,3.16431,0,0.536233,4.47552,4.50733e+06,2.70226e+06,1.28996e+07,0,0,0,0,99.3022,98.274,3.91117,0,0,2.2628,1.9604,0,1.74801,2.96352,9.36715e+06,3.61194e+06,2.1196e+07,0,0,0,7.64495e+07
82.1021,85.139,3.43175,0.08,0.04,2.86239,3.16479,0,0.536323,4.47552,4.50733e+06,2.70226e+06,1.29018e+07,0,0,0,0,99.3022,98.274,4.69238,0,0,2.2631,1.9607,0,1.74824,2.96352,9.36715e+06,3.61194e+06,2.11988e+07,0,0,0,7.64495e+07
83.7146,85.139,4.72823,0.09,0.04,2.86287,3.16527,0,0.536413,4.47552,4.50733e+06,2.70226e+06,1.29039e+07,0,0,0,0,99.3022,98.274,5.64346,0,0,2.2634,1.961,0,1.74847,2.96352,9.36715e+06,3.61194e+06,2.12016e+07,0,0,0,7.64495e+07
85.139,85.139,4.67675,0.09,0.04,2.76676,3.06916,0,0.536503,4.47552,4.50733e+06,2.70226e+06,1.24707e+07,0,0,0,0,99.3022,98.274,7.3305,0,0,2.16933,1.86693,0,1.7487,2.96352,9.36715e+06,3.61194e+06,2.03204e+07,0,0,0,7.64495e+07
85.139,85.139,4.01961,0.07,0.04,2.76723,3.06963,0,0.518491,4.47552,4.50733e+06,2.70226e+06,1.24728e+07,0,0,0,0,99.3022,98.274,6.4006,0,0,2.16961,1.86721,0,1.67602,2.96352,9.36715e+06,3.61194e+06,2.03231e+07,0,0,0,7.64495e+07
85.139,85.139,5.45895,0.07,0.04,2.7677,3.0701,0,0.518579,4.47552,4.50733e+06,2.70226e+06,1.24749e+07,0,0,0,0,99.3022,98.274,8.69635,0,0,2.1699,1.8675,0,1.67624,2.96352,9.36715e+06,3.61194e+06,2.03257e+07,0,0,0,7.64495e+07
85.139,85.139,8.09699,0.07,0.04,2.76816,3.07056,0,0.518666,4.47552,4.50733e+06,2.70226e+06,1.2477e+07,0,0,0,0,99.3022,98.274,11.098,0,0,2.17018,1.86778,0,1.67646,2.96352,9.36715e+06,3.61194e+06,2.03284e+07,0,0,0,7.64495e+07
85.139,85.139,8.02322,0.07,0.04,2.68929,2.99169,0,0.518753,4.47552,4.50733e+06,2.70226e+06,1.21215e+07,0,0,0,0,99.3022,98.274,8.96846,0,0,2.08451,1.78211,0,1.67668,2.96352,9.36715e+06,3.61194e+06,1.9526e+07,0,0,0,7.64495e+07
85.139,85.139,5.87957,0.07,0.04,2.68975,2.99215,0,0.503974,4.47552,4.50733e+06,2.70226e+06,1.21236e+07,0,0,0,0,99.3022,98.274,6.97051,0,0,2.08478,1.78238,0,1.61049,2.96352,9.36715e+06,3.61194e+06,1.95285e+07,0,0,0,7.64495e+07
85.139,85.139,5.9435,0.06,0.04,2.6902,2.9926,0,0.504059,4.47552,4.50733e+06,2.70226e+06,1.21256e+07,0,0,0,0,99.3022,98.274,6.11412,0,0,2.08505,1.78265,0,1.6107,2.96352,9.36715e+06,3.61194e+06,1.9531e+07,0,0,0,7.64495e+07
85.139,85.139,7.68391,0.07,0.04,2.69066,2.99306,0,0.504144,4.47552,4.50733e+06,2.70226e+06,1.21277e+07,0,0,0,0,99.3022,98.274,8.09608,0,0,2.08532,1.78292,0,1.61091,2.96352,9.36715e+06,3.61194e+06,1.95336e+07,0,0,0,7.64495e+07
85.139,85.139,6.60811,0.07,0.04,2.46567,2.76807,0,0.504229,4.47552,4.50733e+06,2.70226e+06,1.11136e+07,0,0,0,0,99.3022,98.274,9.7503,0,0,1.90648,1.60408,0,1.61112,2.96352,9.36715e+06,3.61194e+06,1.78583e+07,0,0,0,7.64495e+07
85.139,85.139,9.51147,0.07,0.04,2.46609,2.76849,0,0.462066,4.47552,4.50733e+06,2.70226e+06,1.11155e+07,0,0,0,0,99.3022,98.274,9.32975,0,0,1.90672,1.60432,0,1.47295,2.96352,9.36715e+06,3.61194e+06,1.78606e+07,0,0,0,7.64495e+07
85.139,85.139,8.96626,0.07,0.04,2.46651,2.76891,0,0.462144,4.47552,4.50733e+06,2.70226e+06,1.11174e+07,0,0,0,0,99.3022,98.274,10.6903,0,0,1.90697,1.60457,0,1.47313,2.96352,9.36715e+06,3.61194e+06,1.78628e+07,0,0,0,7.64495e+07
85.139,85.139,10.3522,0.08,0.04,2.46693,2.76933,0,0.462223,4.47552,4.50733e+06,2.70226e+06,1.11193e+07,0,0,0,0,99.3022,98.274,14.9878,0,0,1.90721,1.60481,0,1.47332,2.96352,9.36715e+06,3.61194e+06,1.78651e+07,0,0,0,7.64495e+07
85.139,85.139,6.70352,0.09,0.04,2.46735,2.76975,0,0.462302,4.47552,4.50733e+06,2.70226e+06,1.11211e+07,0,0,0,0,99.3022,98.274,8.22818,0,0,1.90745,1.60505,0,1.47351,2.96352,9.36715e+06,3.61194e+06,1.78674e+07,0,0,0,7.64495e+07
85.139,85.139,5.36505,0.09,0.04,2.55454,2.85694,0,0.462381,4.47552,4.50733e+06,2.70226e+06,1.15142e+07,0,0,0,0,99.3022,98.274,3.93455,0,0,1.9596,1.6572,0,1.4737,2.96352,9.36715e+06,3.61194e+06,1.83559e+07,0,0,0,7.64495e+07
85.139,85.139,8.33574,0.09,0.04,2.55496,2.85736,0,0.478721,4.47552,4.50733e+06,2.70226e+06,1.1516e+07,0,0,0,0,99.3022,98.274,8.30821,0,0,1.95984,1.65744,0,1.51398,2.96352,9.36715e+06,3.61194e+06,1.83581e+07,0,0,0,7.64495e+07
85.139,85.139,10.8924,0.09,0.04,2.55537,2.85777,0,0.478799,4.47552,4.50733e+06,2.70226e+06,1.15179e+07,0,0,0,0,99.3022,98.274,9.6647,0,0,1.96008,1.65768,0,1.51417,2.96352,9.36715e+06,3.61194e+06,1.83604e+07,0,0,0,7.64495e+07
85.139,85.139,9.21825,0.09,0.04,2.55578,2.85818,0,0.478876,4.47552,4.50733e+06,2.70226e+06,1.15198e+07,0,0,0,0,99.3022,98.274,9.65534,0,0,1.96032,1.65792,0,1.51436,2.96352,9.36715e+06,3.61194e+06,1.83626e+07,0,0,0,7.64495e+07
85.139,85.139,7.30217,0.09,0.04,2.83502,3.13742,0,0.478954,4.47552,4.50733e+06,2.70226e+06,1.27784e+07,0,0,0,0,99.3022,98.274,8.33403,0,0,2.15552,1.85312,0,1.51454,2.96352,9.36715e+06,3.61194e+06,2.01911e+07,0,0,0,7.64495e+07
85.139,85.139,6.97295,0.1,0.04,2.83547,3.13787,0,0.531283,4.47552,4.50733e+06,2.70226e+06,1.27804e+07,0,0,0,0,99.3022,98.274,6.44638,0,0,2.15579,1.85339,0,1.66536,2.96352,9.36715e+06,3.61194e+06,2.01936e+07,0,0,0,7.64495e+07
85.139,85.139,12.2077,0.11,0.04,2.83593,3.13833,0,0.531368,4.47552,4.50733e+06,2.70226e+06,1.27825e+07,0,0,0,0,99.3022,98.274,9.32969,0,0,2.15606,1.85366,0,1.66556,2.96352,9.36715e+06,3.61194e+06,2.01962e+07,0,0,0,7.64495e+07
85.139,85.139,5.92069,0.1,0.04,2.83638,3.13878,0,0.531453,4.47552,4.50733e+06,2.70226e+06,1.27845e+07,0,0,0,0,99.3022,98.274,5.82617,0,0,2.15633,1.85393,0,1.66577,2.96352,9.36715e+06,3.61194e+06,2.01987e+07,0,0,0,7.64495e+07
85.139,85.139,9.11427,0.1,0.04,2.43892,2.74132,0,0.531538,4.47552,4.50733e+06,2.70226e+06,1.0993e+07,0,0,0,0,99.3022,98.274,7.76628,0,0,1.8948,1.5924,0,1.66598,2.96352,9.36715e+06,3.61194e+06,1.77489e+07,0,0,0,7.64495e+07
85.139,85.139,7.67367,0.1,0.04,2.43932,2.74172,0,0.457054,4.47552,4.50733e+06,2.70226e+06,1.09948e+07,0,0,0,0,99.3022,98.274,9.66927,0,0,1.89503,1.59263,0,1.46392,2.96352,9.36715e+06,3.61194e+06,1.77511e+07,0,0,0,7.64495e+07
85.139,85.139,9.44434,0.12,0.04,2.43972,2.74212,0,0.457128,4.47552,4.50733e+06,2.70226e+06,1.09966e+07,0,0,0,0,99.3022,98.274,11.918,0,0,1.89526,1.59286,0,1.4641,2.96352,9.36715e+06,3.61194e+06,1.77532e+07,0,0,0,7.64495e+07
85.139,85.139,7.25749,0.12,0.04,2.44011,2.74251,0,0.457203,4.47552,4.50733e+06,2.70226e+06,1.09984e+07,0,0,0,0,99.3022,98.274,8.45153,0,0,1.8955,1.5931,0,1.46428,2.96352,9.36715e+06,3.61194e+06,1.77554e+07,0,0,0,7.64495e+07
85.139,85.139,6.82267,0.11,0.04,2.44051,2.74291,0,0.457277,4.47552,4.50733e+06,2.70226e+06,1.10002e+07,0,0,0,0,99.3022,98.274,7.73144,0,0,1.89573,1.59333,0,1.46446,2.96352,9.36715e+06,3.61194e+06,1.77576e+07,0,0,0,7.64495e+07
85.139,85.139,8.27487,0.12,0.04,2.54114,2.84354,0,0.457352,4.47552,4.50733e+06,2.70226e+06,1.14538e+07,0,0,0,0,99.3022,98.274,9.40367,0,0,1.96005,1.65765,0,1.46464,2.96352,9.36715e+06,3.61194e+06,1.83601e+07,0,0,0,7.64495e+07
85.139,85.139,7.1485,0.14,0.04,2.54156,2.84396,0,0.47621,4.47552,4.50733e+06,2.70226e+06,1.14556e+07,0,0,0,0,99.3022,98.274,11.1992,0,0,1.96029,1.65789,0,1.51433,2.96352,9.36715e+06,3.61194e+06,1.83623e+07,0,0,0,7.64495e+07
85.139,85.139,5.84082,0.14,0.04,2.54197,2.84437,0,0.476288,4.47552,4.50733e+06,2.70226e+06,1.14575e+07,0,0,0,0,99.3022,98.274,6.99264,0,0,1.96053,1.65813,0,1.51452,2.96352,9.36715e+06,3.61194e+06,1.83646e+07,0,0,0,7.64495e+07
85.139,85.139,5.57039,0.14,0.04,2.54238,2.84478,0,0.476365,4.47552,4.50733e+06,2.70226e+06,1.14594e+07,0,0,0,0,99.3022,98.274,6.35578,0,0,1.96077,1.65837,0,1.51471,2.96352,9.36715e+06,3.61194e+06,1.83668e+07,0,0,0,7.64495e+07
85.139,85.139,5.42308,0.12,0.04,2.50358,2.80598,0,0.476442,4.47552,4.50733e+06,2.70226e+06,1.12845e+07,0,0,0,0,99.3022,98.274,6.40898,0,0,1.9361,1.6337,0,1.51489,2.96352,9.36715e+06,3.61194e+06,1.81358e+07,0,0,0,7.64495e+07
85.139,85.139,5.09369,0.1,0.04,2.50399,2.80639,0,0.469171,4.47552,4.50733e+06,2.70226e+06,1.12863e+07,0,0,0,0,99.3022,98.274,6.05378,0,0,1.93634,1.63394,0,1.49583,2.96352,9.36715e+06,3.61194e+06,1.8138e+07,0,0,0,7.64495e+07
85.139,85.139,4.70721,0.1,0.04,2.50439,2.80679,0,0.469247,4.47552,4.50733e+06,2.70226e+06,1.12881e+07,0,0,0,0,99.3022,98.274,6.54814,0,0,1.93658,1.63418,0,1.49602,2.96352,9.36715e+06,3.61194e+06,1.81402e+07,0,0,0,7.64495e+07
85.139,85.139,4.45079,0.1,0.04,2.5048,2.8072,0,0.469323,4.47552,4.50733e+06,2.70226e+06,1.129e+07,0,0,0,0,99.3022,98.274,6.90007,0,0,1.93681,1.63441,0,1.4962,2.96352,9.36715e+06,3.61194e+06,1.81424e+07,0,0,0,7.64495e+07
85.139,85.139,3.99353,0.1,0.04,2.63839,2.94079,0,0.4694,4.47552,4.50733e+06,2.70226e+06,1.18921e+07,0,0,0,0,99.3022,98.274,5.24259,0,0,2.02543,1.72303,0,1.49638,2.96352,9.36715e+06,3.61194e+06,1.89725e+07,0,0,0,7.64495e+07
85.139,85.139,3.62014,0.1,0.04,2.63882,2.94122,0,0.494435,4.47552,4.50733e+06,2.70226e+06,1.1894e+07,0,0,0,0,99.3022,98.274,4.27483,0,0,2.02568,1.72328,0,1.56485,2.96352,9.36715e+06,3.61194e+06,1.89748e+07,0,0,0,7.64495e+07
85.139,85.139,3.51736,0.1,0.04,2.63925,2.94165,0,0.494515,4.47552,4.50733e+06,2.70226e+06,1.1896e+07,0,0,0,0,99.3022,98.274,4.46513,0,0,2.02593,1.72353,0,1.56504,2.96352,9.36715e+06,3.61194e+06,1.89772e+07,0,0,0,7.64495e+07
85.139,85.139,3.20052,0.07,0.04,2.63967,2.94207,0,0.494595,4.47552,4.50733e+06,2.70226e+06,1.18979e+07,0,0,0,0,99.3022,98.274,4.26394,0,0,2.02618,1.72378,0,1.56523,2.96352,9.36715e+06,3.61194e+06,1.89795e+07,0,0,0,7.64495e+07
85.139,85.139,3.06891,0.06,0.04,2.6401,2.9425,0,0.494675,4.47552,4.50733e+06,2.70226e+06,1.18998e+07,0,0,0,0,99.3022,98.274,4.08058,0,0,2.02643,1.72403,0,1.56543,2.96352,9.36715e+06,3.61194e+06,1.89819e+07,0,0,0,7.64495e+07
85.139,85.139,3.0581,0.04,0.04,2.61417,2.91657,0,0.494754,4.47552,4.50733e+06,2.70226e+06,1.17829e+07,0,0,0,0,99.0488,98.274,2.51952,0,0,2.07529,1.77289,0,1.56562,2.96352,9.36715e+06,3.61194e+06,1.94395e+07,0,0,0,7.64495e+07
85.0739,85.139,2.7969,0.04,0.04,2.61459,2.91699,0,0.489895,4.47552,4.50733e+06,2.70226e+06,1.17848e+07,0,0,0,0,98.7902,98.274,2.50154,0,0,2.07555,1.77315,0,1.60337,2.96352,9.36715e+06,3.61194e+06,1.9442e+07,0,0,0,7.64495e+07
84.7567,85.139,2.52955,0.07,0.04,2.61501,2.91741,0,0.489974,4.47552,4.50733e+06,2.70226e+06,1.17867e+07,0,0,0,0,98.4877,98.274,2.25317,0,0,2.0758,1.7734,0,1.60357,2.96352,9.36715e+06,3.61194e+06,1.94444e+07,0,0,0,7.64495e+07
84.3561,85.139,2.40368,0.06,0.04,2.61544,2.91784,0,0.490053,4.47552,4.50733e+06,2.70226e+06,1.17886e+07,0,0,0,0,97.9146,98.274,2.21062,0,0,2.07606,1.77366,0,1.60376,2.96352,9.36715e+06,3.61194e+06,1.94468e+07,0,0,0,7.64495e+07
83.6154,85.139,2.08549,0.06,0.04,2.68397,2.98637,0,0.490133,4.47552,4.50733e+06,2.70226e+06,1.20975e+07,0,0,0,0,97.466,98.274,1.86423,0,0,2.11966,1.81726,0,1.60396,2.96352,9.36715e+06,3.61194e+06,1.98552e+07,0,0,0,7.64495e+07
82.9176,85.139,2.15158,0.07,0.04,2.6844,2.9868,0,0.502975,4.47552,4.50733e+06,2.70226e+06,1.20995e+07,0,0,0,0,96.989,98.274,2.05154,0,0,2.11993,1.81753,0,1.63765,2.96352,9.36715e+06,3.61194e+06,1.98577e+07,0,0,0,7.64495e+07
82.087,85.139,1.98893,0.07,0.04,2.68483,2.98723,0,0.503056,4.47552,4.50733e+06,2.70226e+06,1.21014e+07,0,0,0,0,96.2615,98.274,1.95376,0,0,2.12019,1.81779,0,1.63786,2.96352,9.36715e+06,3.61194e+06,1.98602e+07,0,0,0,7.64495e+07
81.0899,85.139,1.81011,0.07,0.04,2.68527,2.98767,0,0.503138,4.47552,4.50733e+06,2.70226e+06,1.21034e+07,0,0,0,0,95.7732,98.274,1.70862,0,0,2.12045,1.81805,0,1.63806,2.96352,9.36715e+06,3.61194e+06,1.98626e+07,0,0,0,7.64495e+07
80.0315,85.139,1.89698,0.09,0.04,2.88526,3.18766,0,0.503219,4.47552,4.50733e+06,2.70226e+06,1.30048e+07,0,0,0,0,95.2515,98.274,2.21919,0,0,2.27727,1.97487,0,1.63826,2.96352,9.36715e+06,3.61194e+06,2.13315e+07,0,0,0,7.64495e+07
78.5758,85.139,1.47695,0.09,0.04,2.88572,3.18812,0,0.540698,4.47552,4.50733e+06,2.70226e+06,1.30069e+07,0,0,0,0,94.568,98.274,1.9036,0,0,2.27755,1.97515,0,1.75942,2.96352,9.36715e+06,3.61194e+06,2.13342e+07,0,0,0,7.64495e+07
77.0533,85.139,1.39328,0.12,0.04,2.88619,3.18859,0,0.540785,4.47552,4.50733e+06,2.70226e+06,1.3009e+07,0,0,0,0,93.9273,98.274,1.7913,0,0,2.27784,1.97544,0,1.75964,2.96352,9.36715e+06,3.61194e+06,2.13369e+07,0,0,0,7.64495e+07
76.0447,85.139,1.90254,0.12,0.04,2.88665,3.18905,0,0.540871,4.47552,4.50733e+06,2.70226e+06,1.30111e+07,0,0,0,0,93.3276,98.274,2.01749,0,0,2.27813,1.97573,0,1.75986,2.96352,9.36715e+06,3.61194e+06,2.13396e+07,0,0,0,7.64495e+07
75.8499,85.139,2.78588,0.12,0.04,2.88711,3.18951,0,0.540958,4.47552,4.50733e+06,2.70226e+06,1.30132e+07,0,0,0,0,92.8711,98.274,2.34977,0,0,2.27841,1.97601,0,1.76008,2.96352,9.36715e+06,3.61194e+06,2.13422e+07,0,0,0,7.64495e+07
76.2016,85.139,3.19624,0.12,0.04,2.79024,3.09264,0,0.541044,4.47552,4.50733e+06,2.70226e+06,1.25766e+07,0,0,0,0,92.4792,98.274,3.53202,0,0,2.18361,1.88121,0,1.7603,2.96352,9.36715e+06,3.61194e+06,2.04542e+07,0,0,0,7.64495e+07
76.2419,85.139,2.9983,0.12,0.04,2.79069,3.09309,0,0.522892,4.47552,4.50733e+06,2.70226e+06,1.25786e+07,0,0,0,0,92.2552,98.274,3.73746,0,0,2.18388,1.88148,0,1.68706,2.96352,9.36715e+06,3.61194e+06,2.04568e+07,0,0,0,7.64495e+07
76.7226,85.139,3.46101,0.12,0.04,2.79114,3.09354,0,0.522976,4.47552,4.50733e+06,2.70226e+06,1.25806e+07,0,0,0,0,92.2389,98.274,4.70352,0,0,2.18416,1.88176,0,1.68727,2.96352,9.36715e+06,3.61194e+06,2.04593e+07,0,0,0,7.64495e+07
77.0991,85.139,3.41841,0.12,0.04,2.79159,3.09399,0,0.52306,4.47552,4.50733e+06,2.70226e+06,1.25826e+07,0,0,0,0,92.2183,98.274,4.68423,0,0,2.18443,1.88203,0,1.68748,2.96352,9.36715e+06,3.61194e+06,2.04619e+07,0,0,0,7.64495e+07
76.2763,85.139,2.20165,0.12,0.04,2.7121,3.0145,0,0.523144,4.47552,4.50733e+06,2.70226e+06,1.22243e+07,0,0,0,0,91.8456,98.274,3.2903,0,0,2.0981,1.7957,0,1.68769,2.96352,9.36715e+06,3.61194e+06,1.96532e+07,0,0,0,7.64495e+07
75.0218,85.139,1.76084,0.12,0.04,2.71254,3.01494,0,0.508248,4.47552,4.50733e+06,2.70226e+06,1.22263e+07,0,0,0,0,91.6468,98.274,1.97816,0,0,2.09836,1.79596,0,1.62099,2.96352,9.36715e+06,3.61194e+06,1.96556e+07,0,0,0,7.64495e+07
76.3599,85.139,4.54862,0.12,0.04,2.71297,3.01537,0,0.50833,4.47552,4.50733e+06,2.70226e+06,1.22283e+07,0,0,0,0,92.4034,98.274,5.92528,0,0,2.09862,1.79622,0,1.62119,2.96352,9.36715e+06,3.61194e+06,1.96581e+07,0,0,0,7.64495e+07
76.3863,85.139,3.16892,0.13,0.04,2.71341,3.01581,0,0.508411,4.47552,4.50733e+06,2.70226e+06,1.22303e+07,0,0,0,0,92.6439,98.274,3.94244,0,0,2.09888,1.79648,0,1.62139,2.96352,9.36715e+06,3.61194e+06,1.96605e+07,0,0,0,7.64495e+07
77.7093,85.139,4.26493,0.14,0.04,2.48669,2.78909,0,0.508493,4.47552,4.50733e+06,2.70226e+06,1.12083e+07,0,0,0,0,94.2073,98.274,6.0715,0,0,1.91866,1.61626,0,1.62159,2.96352,9.36715e+06,3.61194e+06,1.79724e+07,0,0,0,7.64495e+07
84.3303,85.139,10.0587,0.14,0.04,2.4871,2.7895,0,0.466006,4.47552,4.50733e+06,2.70226e+06,1.12102e+07,0,0,0,0,97.9047,98.274,10.7798,0,0,1.9189,1.6165,0,1.48236,2.96352,9.36715e+06,3.61194e+06,1.79746e+07,0,0,0,7.64495e+07
85.139,85.139,8.86119,0.13,0.04,2.4875,2.7899,0,0.466082,4.47552,4.50733e+06,2.70226e+06,1.1212e+07,0,0,0,0,99.3022,98.274,14.4523,0,0,1.91913,1.61673,0,1.48254,2.96352,9.36715e+06,3.61194e+06,1.79768e+07,0,0,0,7.64495e+07
85.139,85.139,7.08957,0.11,0.04,2.48791,2.79031,0,0.466158,4.47552,4.50733e+06,2.70226e+06,1.12138e+07,0,0,0,0,99.3022,98.274,8.02963,0,0,1.91937,1.61697,0,1.48272,2.96352,9.36715e+06,3.61194e+06,1.7979e+07,0,0,0,7.64495e+07
85.139,85.139,13.1771,0.12,0.04,2.48831,2.79071,0,0.466233,4.47552,4.50733e+06,2.70226e+06,1.12156e+07,0,0,0,0,99.3022,98.274,16.3106,0,0,1.9196,1.6172,0,1.4829,2.96352,9.36715e+06,3.61194e+06,1.79812e+07,0,0,0,7.64495e+07
85.139,85.139,6.74524,0.13,0.04,2.57614,2.87854,0,0.466309,4.47552,4.50733e+06,2.70226e+06,1.16115e+07,0,0,0,0,99.3022,98.274,9.25398,0,0,1.97213,1.66973,0,1.48308,2.96352,9.36715e+06,3.61194e+06,1.84732e+07,0,0,0,7.64495e+07
85.139,85.139,5.26939,0.2,0.04,2.57654,2.87894,0,0.48277,4.47552,4.50733e+06,2.70226e+06,1.16133e+07,0,0,0,0,99.3022,98.274,6.75095,0,0,1.97236,1.66996,0,1.52367,2.96352,9.36715e+06,3.61194e+06,1.84754e+07,0,0,0,7.64495e+07
85.139,85.139,4.69664,0.2,0.04,2.57694,2.87934,0,0.482844,4.47552,4.50733e+06,2.70226e+06,1.16151e+07,0,0,0,0,99.3022,98.274,6.35216,0,0,1.97259,1.67019,0,1.52385,2.96352,9.36715e+06,3.61194e+06,1.84776e+07,0,0,0,7.64495e+07
85.139,85.139,3.5034,0.19,0.04,2.57734,2.87974,0,0.482919,4.47552,4.50733e+06,2.70226e+06,1.16169e+07,0,0,0,0,99.3022,98.274,4.87329,0,0,1.97282,1.67042,0,1.52402,2.96352,9.36715e+06,3.61194e+06,1.84797e+07,0,0,0,7.64495e+07
85.139,85.139,5.25649,0.17,0.04,2.85866,3.16106,0,0.482993,4.47552,4.50733e+06,2.70226e+06,1.28849e+07,0,0,0,0,99.3022,98.274,6.25941,0,0,2.16949,1.86709,0,1.5242,2.96352,9.36715e+06,3.61194e+06,2.03219e+07,0,0,0,7.64495e+07
85.139,85.139,5.34831,0.19,0.04,2.85909,3.16149,0,0.535712,4.47552,4.50733e+06,2.70226e+06,1.28869e+07,0,0,0,0,99.3022,98.274,7.52749,0,0,2.16974,1.86734,0,1.67614,2.96352,9.36715e+06,3.61194e+06,2.03243e+07,0,0,0,7.64495e+07
85.139,85.139,4.13499,0.19,0.04,2.85953,3.16193,0,0.535794,4.47552,4.50733e+06,2.70226e+06,1.28889e+07,0,0,0,0,99.3022,98.274,4.18978,0,0,2.17,1.8676,0,1.67634,2.96352,9.36715e+06,3.61194e+06,2.03267e+07,0,0,0,7.64495e+07
85.139,85.139,3.44888,0.19,0.04,2.85997,3.16237,0,0.535876,4.47552,4.50733e+06,2.70226e+06,1.28908e+07,0,0,0,0,99.3022,98.274,3.49626,0,0,2.17026,1.86786,0,1.67654,2.96352,9.36715e+06,3.61194e+06,2.03292e+07,0,0,0,7.64495e+07
85.139,85.139,4.19337,0.17,0.04,2.4595,2.7619,0,0.535958,4.47552,4.50733e+06,2.70226e+06,1.10858e+07,0,0,0,0,99.3022,98.274,5.3214,0,0,1.90676,1.60436,0,1.67674,2.96352,9.36715e+06,3.61194e+06,1.78609e+07,0,0,0,7.64495e+07
85.139,85.139,5.63325,0.19,0.04,2.45988,2.76228,0,0.46091,4.47552,4.50733e+06,2.70226e+06,1.10875e+07,0,0,0,0,99.3022,98.274,6.44854,0,0,1.90698,1.60458,0,1.47316,2.96352,9.36715e+06,3.61194e+06,1.7863e+07,0,0,0,7.64495e+07
85.139,85.139,5.06328,0.19,0.04,2.46026,2.76266,0,0.460982,4.47552,4.50733e+06,2.70226e+06,1.10892e+07,0,0,0,0,99.3022,98.274,4.56444,0,0,1.9072,1.6048,0,1.47333,2.96352,9.36715e+06,3.61194e+06,1.7865e+07,0,0,0,7.64495e+07
85.139,85.139,4.79089,0.19,0.04,2.46064,2.76304,0,0.461053,4.47552,4.50733e+06,2.70226e+06,1.10909e+07,0,0,0,0,99.3022,98.274,5.73821,0,0,1.90742,1.60502,0,1.4735,2.96352,9.36715e+06,3.61194e+06,1.78671e+07,0,0,0,7.64495e+07
85.139,85.139,5.46148,0.19,0.04,2.46103,2.76343,0,0.461125,4.47552,4.50733e+06,2.70226e+06,1.10927e+07,0,0,0,0,99.3022,98.274,5.94317,0,0,1.90764,1.60524,0,1.47367,2.96352,9.36715e+06,3.61194e+06,1.78692e+07,0,0,0,7.64495e+07
85.139,85.139,4.61876,0.18,0.04,2.56239,2.86479,0,0.461196,4.47552,4.50733e+06,2.70226e+06,1.15496e+07,0,0,0,0,99.3022,98.274,4.93169,0,0,1.97244,1.67004,0,1.47385,2.96352,9.36715e+06,3.61194e+06,1.84761e+07,0,0,0,7.64495e+07
85.139,85.139,5.14009,0.17,0.04,2.56279,2.86519,0,0.480192,4.47552,4.50733e+06,2.70226e+06,1.15513e+07,0,0,0,0,99.3022,98.274,8.47733,0,0,1.97267,1.67027,0,1.5239,2.96352,9.36715e+06,3.61194e+06,1.84783e+07,0,0,0,7.64495e+07
85.139,85.139,4.4301,0.15,0.04,2.56318,2.86558,0,0.480266,4.47552,4.50733e+06,2.70226e+06,1.15531e+07,0,0,0,0,99.3022,98.274,9.69933,0,0,1.9729,1.6705,0,1.52408,2.96352,9.36715e+06,3.61194e+06,1.84804e+07,0,0,0,7.64495e+07
85.1302,85.139,3.20467,0.15,0.04,2.56358,2.86598,0,0.480341,4.47552,4.50733e+06,2.70226e+06,1.15549e+07,0,0,0,0,99.3022,98.274,6.91492,0,0,1.97313,1.67073,0,1.52426,2.96352,9.36715e+06,3.61194e+06,1.84826e+07,0,0,0,7.64495e+07
84.8838,85.139,2.73186,0.25,0.04,2.52447,2.82687,0,0.480415,4.47552,4.50733e+06,2.70226e+06,1.13786e+07,0,0,0,0,99.3022,98.274,5.11268,0,0,1.94827,1.64587,0,1.52444,2.96352,9.36715e+06,3.61194e+06,1.82497e+07,0,0,0,7.64495e+07
84.4795,85.139,2.50897,0.21,0.04,2.52486,2.82726,0,0.473086,4.47552,4.50733e+06,2.70226e+06,1.13804e+07,0,0,0,0,99.3022,98.274,4.32862,0,0,1.94849,1.64609,0,1.50523,2.96352,9.36715e+06,3.61194e+06,1.82518e+07,0,0,0,7.64495e+07
85.139,85.139,3.91774,0.2,0.04,2.52525,2.82765,0,0.473159,4.47552,4.50733e+06,2.70226e+06,1.13821e+07,0,0,0,0,99.3022,98.274,5.01242,0,0,1.94872,1.64632,0,1.50541,2.96352,9.36715e+06,3.61194e+06,1.8254e+07,0,0,0,7.64495e+07
84.7733,85.139,2.50169,0.1,0.04,2.52564,2.82804,0,0.473232,4.47552,4.50733e+06,2.70226e+06,1.13839e+07,0,0,0,0,99.3022,98.274,4.29098,0,0,1.94895,1.64655,0,1.50558,2.96352,9.36715e+06,3.61194e+06,1.82561e+07,0,0,0,7.64495e+07
84.0494,85.139,2.22599,0.17,0.04,2.6602,2.9626,0,0.473305,4.47552,4.50733e+06,2.70226e+06,1.19904e+07,0,0,0,0,99.301,98.274,3.5966,0,0,2.03821,1.73581,0,1.50576,2.96352,9.36715e+06,3.61194e+06,1.90922e+07,0,0,0,7.64495e+07
83.3144,85.139,2.20139,0.14,0.04,2.66061,2.96301,0,0.498522,4.47552,4.50733e+06,2.70226e+06,1.19923e+07,0,0,0,0,99.2631,98.274,3.29289,0,0,2.03845,1.73605,0,1.57472,2.96352,9.36715e+06,3.61194e+06,1.90945e+07,0,0,0,7.64495e+07
82.3928,85.139,1.934,0.12,0.04,2.66102,2.96342,0,0.498599,4.47552,4.50733e+06,2.70226e+06,1.19941e+07,0,0,0,0,99.1086,98.274,3.15428,0,0,2.03869,1.73629,0,1.57491,2.96352,9.36715e+06,3.61194e+06,1.90967e+07,0,0,0,7.64495e+07
81.4236,85.139,1.87469,0.1,0.04,2.66143,2.96383,0,0.498676,4.47552,4.50733e+06,2.70226e+06,1.1996e+07,0,0,0,0,98.9969,98.274,3.18629,0,0,2.03893,1.73653,0,1.57509,2.96352,9.36715e+06,3.61194e+06,1.9099e+07,0,0,0,7.64495e+07
80.3708,85.139,1.77719,0.11,0.04,2.66184,2.96424,0,0.498753,4.47552,4.50733e+06,2.70226e+06,1.19978e+07,0,0,0,0,98.8652,98.274,3.05254,0,0,2.03917,1.73677,0,1.57528,2.96352,9.36715e+06,3.61194e+06,1.91012e+07,0,0,0,7.64495e+07
79.6791,85.139,2.12939,0.11,0.04,2.6357,2.9381,0,0.498829,4.47552,4.50733e+06,2.70226e+06,1.188e+07,0,0,0,0,98.6137,98.274,2.95531,0,0,2.08838,1.78598,0,1.57546,2.96352,9.36715e+06,3.61194e+06,1.95622e+07,0,0,0,7.64495e+07
78.7946,85.139,1.92262,0.09,0.04,2.63611,2.93851,0,0.49393,4.47552,4.50733e+06,2.70226e+06,1.18818e+07,0,0,0,0,98.3229,98.274,2.63311,0,0,2.08862,1.78622,0,1.61348,2.96352,9.36715e+06,3.61194e+06,1.95645e+07,0,0,0,7.64495e+07
77.8593,85.139,1.83158,0.15,0.04,2.63651,2.93891,0,0.494006,4.47552,4.50733e+06,2.70226e+06,1.18836e+07,0,0,0,0,97.949,98.274,2.56806,0,0,2.08887,1.78647,0,1.61367,2.96352,9.36715e+06,3.61194e+06,1.95668e+07,0,0,0,7.64495e+07
76.7518,85.139,1.63452,0.15,0.04,2.63692,2.93932,0,0.494082,4.47552,4.50733e+06,2.70226e+06,1.18855e+07,0,0,0,0,97.5231,98.274,2.49256,0,0,2.08912,1.78672,0,1.61386,2.96352,9.36715e+06,3.61194e+06,1.95691e+07,0,0,0,7.64495e+07
75.6241,85.139,1.66161,0.14,0.04,2.70593,3.00833,0,0.494158,4.47552,4.50733e+06,2.70226e+06,1.21965e+07,0,0,0,0,97.1029,98.274,2.603,0,0,2.13303,1.83063,0,1.61405,2.96352,9.36715e+06,3.61194e+06,1.99804e+07,0,0,0,7.64495e+07
74.5651,85.139,1.71624,0.14,0.04,2.70635,3.00875,0,0.507092,4.47552,4.50733e+06,2.70226e+06,1.21984e+07,0,0,0,0,96.7163,98.274,2.79765,0,0,2.13328,1.83088,0,1.64798,2.96352,9.36715e+06,3.61194e+06,1.99828e+07,0,0,0,7.64495e+07
73.3273,85.139,1.52501,0.12,0.04,2.70676,3.00916,0,0.507169,4.47552,4.50733e+06,2.70226e+06,1.22003e+07,0,0,0,0,96.2956,98.274,2.66005,0,0,2.13354,1.83114,0,1.64817,2.96352,9.36715e+06,3.61194e+06,1.99852e+07,0,0,0,7.64495e+07
71.9751,85.139,1.39668,0.18,0.04,2.70718,3.00958,0,0.507247,4.47552,4.50733e+06,2.70226e+06,1.22022e+07,0,0,0,0,95.8577,98.274,2.48141,0,0,2.13379,1.83139,0,1.64837,2.96352,9.36715e+06,3.61194e+06,1.99875e+07,0,0,0,7.64495e+07
70.2771,85.139,1.18668,0.17,0.04,2.90862,3.21102,0,0.507325,4.47552,4.50733e+06,2.70226e+06,1.31101e+07,0,0,0,0,95.4084,98.274,2.44434,0,0,2.29174,1.98934,0,1.64857,2.96352,9.36715e+06,3.61194e+06,2.14671e+07,0,0,0,7.64495e+07
68.3224,85.139,0.914045,0.17,0.04,2.90906,3.21146,0,0.545075,4.47552,4.50733e+06,2.70226e+06,1.31121e+07,0,0,0,0,94.9199,98.274,2.26448,0,0,2.29201,1.98961,0,1.7706,2.96352,9.36715e+06,3.61194e+06,2.14696e+07,0,0,0,7.64495e+07
66.2958,85.139,0.819249,0.17,0.04,2.90951,3.21191,0,0.545158,4.47552,4.50733e+06,2.70226e+06,1.31141e+07,0,0,0,0,94.3883,98.274,2.11089,0,0,2.29229,1.98989,0,1.77081,2.96352,9.36715e+06,3.61194e+06,2.14722e+07,0,0,0,7.64495e+07
64.4371,85.139,0.971456,0.21,0.04,2.90995,3.21235,0,0.545242,4.47552,4.50733e+06,2.70226e+06,1.31161e+07,0,0,0,0,93.8894,98.274,2.28928,0,0,2.29256,1.99016,0,1.77102,2.96352,9.36715e+06,3.61194e+06,2.14748e+07,0,0,0,7.64495e+07
63.2226,85.139,1.65828,0.2,0.04,2.91039,3.21279,0,0.545325,4.47552,4.50733e+06,2.70226e+06,1.31181e+07,0,0,0,0,93.527,98.274,2.71074,0,0,2.29284,1.99044,0,1.77123,2.96352,9.36715e+06,3.61194e+06,2.14774e+07,0,0,0,7.64495e+07
61.9525,85.139,1.53061,0.2,0.04,2.8128,3.1152,0,0.545408,4.47552,4.50733e+06,2.70226e+06,1.26782e+07,0,0,0,0,93.1526,98.274,2.54186,0,0,2.19733,1.89493,0,1.77145,2.96352,9.36715e+06,3.61194e+06,2.05827e+07,0,0,0,7.64495e+07
60.4931,85.139,1.32237,0.25,0.04,2.81323,3.11563,0,0.527119,4.47552,4.50733e+06,2.70226e+06,1.26802e+07,0,0,0,0,93.0093,98.274,3.77446,0,0,2.19759,1.89519,0,1.69766,2.96352,9.36715e+06,3.61194e+06,2.05852e+07,0,0,0,7.64495e+07
58.8951,85.139,1.16957,0.25,0.04,2.81366,3.11606,0,0.527199,4.47552,4.50733e+06,2.70226e+06,1.26821e+07,0,0,0,0,92.5604,98.274,2.66823,0,0,2.19786,1.89546,0,1.69786,2.96352,9.36715e+06,3.61194e+06,2.05876e+07,0,0,0,7.64495e+07
57.1116,85.139,0.959746,0.25,0.04,2.81409,3.11649,0,0.52728,4.47552,4.50733e+06,2.70226e+06,1.2684e+07,0,0,0,0,92.0247,98.274,2.13635,0,0,2.19812,1.89572,0,1.69806,2.96352,9.36715e+06,3.61194e+06,2.05901e+07,0,0,0,7.64495e+07
55.393,85.139,0.995867,0.25,0.04,2.734,3.0364,0,0.527361,4.47552,4.50733e+06,2.70226e+06,1.23231e+07,0,0,0,0,91.6042,98.274,2.31646,0,0,2.11115,1.80875,0,1.69827,2.96352,9.36715e+06,3.61194e+06,1.97754e+07,0,0,0,7.64495e+07
53.4394,85.139,0.780365,0.26,0.04,2.73442,3.03682,0,0.512352,4.47552,4.50733e+06,2.70226e+06,1.2325e+07,0,0,0,0,91.2718,98.274,2.6666,0,0,2.1114,1.809,0,1.63107,2.96352,9.36715e+06,3.61194e+06,1.97778e+07,0,0,0,7.64495e+07
51.7695,85.139,1.10307,0.26,0.04,2.73484,3.03724,0,0.512431,4.47552,4.50733e+06,2.70226e+06,1.23268e+07,0,0,0,0,91.1258,98.274,3.33868,0,0,2.11165,1.80925,0,1.63126,2.96352,9.36715e+06,3.61194e+06,1.97801e+07,0,0,0,7.64495e+07
51.2872,85.139,2.32317,0.26,0.04,2.73526,3.03766,0,0.51251,4.47552,4.50733e+06,2.70226e+06,1.23287e+07,0,0,0,0,91.751,98.274,5.40485,0,0,2.1119,1.8095,0,1.63146,2.96352,9.36715e+06,3.61194e+06,1.97824e+07,0,0,0,7.64495e+07
50.5175,85.139,1.85654,0.27,0.04,2.50688,2.80928,0,0.512588,4.47552,4.50733e+06,2.70226e+06,1.12993e+07,0,0,0,0,91.7492,98.274,3.69561,0,0,1.93036,1.62796,0,1.63165,2.96352,9.36715e+06,3.61194e+06,1.8082e+07,0,0,0,7.64495e+07
49.5894,85.139,1.6898,0.3,0.04,2.50727,2.80967,0,0.469789,4.47552,4.50733e+06,2.70226e+06,1.13011e+07,0,0,0,0,91.9073,98.274,4.25091,0,0,1.93059,1.62819,0,1.4914,2.96352,9.36715e+06,3.61194e+06,1.80841e+07,0,0,0,7.64495e+07
48.3654,85.139,1.38243,0.33,0.04,2.50766,2.81006,0,0.469862,4.47552,4.50733e+06,2.70226e+06,1.13028e+07,0,0,0,0,92.0369,98.274,4.35306,0,0,1.93081,1.62841,0,1.49157,2.96352,9.36715e+06,3.61194e+06,1.80862e+07,0,0,0,7.64495e+07
46.8488,85.139,0.994829,0.34,0.04,2.50804,2.81044,0,0.469935,4.47552,4.50733e+06,2.70226e+06,1.13046e+07,0,0,0,0,91.7891,98.274,2.43866,0,0,1.93104,1.62864,0,1.49175,2.96352,9.36715e+06,3.61194e+06,1.80883e+07,0,0,0,7.64495e+07
45.1661,85.139,0.805213,0.37,0.04,2.50843,2.81083,0,0.470008,4.47552,4.50733e+06,2.70226e+06,1.13063e+07,0,0,0,0,91.7024,98.274,2.31783,0,0,1.93126,1.62886,0,1.49192,2.96352,9.36715e+06,3.61194e+06,1.80904e+07,0,0,0,7.64495e+07
46.8747,85.139,4.21453,0.45,0.04,2.2677,2.89928,0,0.47008,4.47552,4.50733e+06,3.70142e+06,1.02213e+07,0,0,0,0,92.3415,98.274,6.58265,0,0,1.79321,1.68176,0,1.49209,2.96352,9.36715e+06,4.94745e+06,1.67973e+07,0,0,0,7.64495e+07
49.8832,85.139,5.78991,0.43,0.04,2.26804,2.89966,0,0.424967,4.47552,4.50733e+06,3.70142e+06,1.02228e+07,0,0,0,0,93.1979,98.274,7.92295,0,0,1.79341,1.68198,0,1.38544,2.96352,9.36715e+06,4.94745e+06,1.67991e+07,0,0,0,7.64495e+07
57.2428,85.139,10.282,0.46,0.04,2.26837,2.90004,0,0.42503,4.47552,4.50733e+06,3.70142e+06,1.02243e+07,0,0,0,0,95.8092,98.274,12.9798,0,0,1.7936,1.6822,0,1.38559,2.96352,9.36715e+06,4.94745e+06,1.6801e+07,0,0,0,7.64495e+07
60.7297,85.139,6.60623,0.36,0.04,2.59802,2.90042,0,0.425093,4.47552,4.50733e+06,2.70226e+06,1.17102e+07,0,0,0,0,97.2099,98.274,8.15421,0,0,1.98482,1.68242,0,1.38574,2.96352,9.36715e+06,3.61194e+06,1.85921e+07,0,0,0,7.64495e+07
64.1857,85.139,6.90027,0.38,0.04,2.88134,3.18374,0,0.48687,4.47552,4.50733e+06,2.70226e+06,1.29872e+07,0,0,0,0,98.9525,98.274,10.3481,0,0,2.18288,1.88048,0,1.53347,2.96352,9.36715e+06,3.61194e+06,2.04474e+07,0,0,0,7.64495e+07
69.6574,85.139,9.05429,0.33,0.04,2.88176,3.18416,0,0.539963,4.47552,4.50733e+06,2.70226e+06,1.2989e+07,0,0,0,0,99.3022,98.274,11.7157,0,0,2.18313,1.88073,0,1.6865,2.96352,9.36715e+06,3.61194e+06,2.04497e+07,0,0,0,7.64495e+07
72.3792,85.139,6.17753,0.27,0.04,2.88218,3.18458,0,0.540042,4.47552,4.50733e+06,2.70226e+06,1.29909e+07,0,0,0,0,99.3022,98.274,8.26786,0,0,2.18338,1.88098,0,1.68669,2.96352,9.36715e+06,3.61194e+06,2.0452e+07,0,0,0,7.64495e+07
75.368,85.139,6.37088,0.28,0.04,2.8826,3.185,0,0.54012,4.47552,4.50733e+06,2.70226e+06,1.29928e+07,0,0,0,0,99.3022,98.274,6.39453,0,0,2.18362,1.88122,0,1.68688,2.96352,9.36715e+06,3.61194e+06,2.04543e+07,0,0,0,7.64495e+07
77.1959,85.139,4.94004,0.21,0.04,2.47924,2.78164,0,0.540198,4.47552,4.50733e+06,2.70226e+06,1.11748e+07,0,0,0,0,99.3022,98.274,6.02842,0,0,1.91822,1.61582,0,1.68707,2.96352,9.36715e+06,3.61194e+06,1.79683e+07,0,0,0,7.64495e+07
78.5077,85.139,4.38449,0.25,0.04,2.47961,2.78201,0,0.46461,4.47552,4.50733e+06,2.70226e+06,1.11764e+07,0,0,0,0,99.3022,98.274,5.85754,0,0,1.91844,1.61604,0,1.48202,2.96352,9.36715e+06,3.61194e+06,1.79703e+07,0,0,0,7.64495e+07
80.1267,85.139,4.74891,0.26,0.04,2.47997,2.78237,0,0.464678,4.47552,4.50733e+06,2.70226e+06,1.11781e+07,0,0,0,0,99.3022,98.274,6.08732,0,0,1.91865,1.61625,0,1.48218,2.96352,9.36715e+06,3.61194e+06,1.79723e+07,0,0,0,7.64495e+07
84.1625,85.139,7.515,0.22,0.04,2.48034,2.78274,0,0.464747,4.47552,4.50733e+06,2.70226e+06,1.11797e+07,0,0,0,0,99.3022,98.274,11.1315,0,0,1.91886,1.61646,0,1.48235,2.96352,9.36715e+06,3.61194e+06,1.79743e+07,0,0,0,7.64495e+07
85.139,85.139,6.8162,0.23,0.04,2.4807,2.7831,0,0.464815,4.47552,4.50733e+06,2.70226e+06,1.11813e+07,0,0,0,0,99.3022,98.274,8.59403,0,0,1.91907,1.61667,0,1.48251,2.96352,9.36715e+06,3.61194e+06,1.79762e+07,0,0,0,7.64495e+07
85.139,85.139,6.92377,0.16,0.04,2.58277,2.88517,0,0.464884,4.47552,4.50733e+06,2.70226e+06,1.16414e+07,0,0,0,0,99.3022,98.274,7.77909,0,0,1.98431,1.68191,0,1.48268,2.96352,9.36715e+06,3.61194e+06,1.85874e+07,0,0,0,7.64495e+07
85.139,85.139,6.22626,0.18,0.04,2.58315,2.88555,0,0.484011,4.47552,4.50733e+06,2.70226e+06,1.16431e+07,0,0,0,0,99.3022,98.274,10.2745,0,0,1.98454,1.68214,0,1.53308,2.96352,9.36715e+06,3.61194e+06,1.85894e+07,0,0,0,7.64495e+07
85.139,85.139,5.07171,0.17,0.04,2.58353,2.88593,0,0.484082,4.47552,4.50733e+06,2.70226e+06,1.16448e+07,0,0,0,0,99.3022,98.274,9.54246,0,0,1.98476,1.68236,0,1.53325,2.96352,9.36715e+06,3.61194e+06,1.85915e+07,0,0,0,7.64495e+07
85.139,85.139,3.86995,0.16,0.04,2.58391,2.88631,0,0.484153,4.47552,4.50733e+06,2.70226e+06,1.16465e+07,0,0,0,0,99.3022,98.274,7.01019,0,0,1.98498,1.68258,0,1.53342,2.96352,9.36715e+06,3.61194e+06,1.85936e+07,0,0,0,7.64495e+07
85.139,85.139,4.25024,0.17,0.04,2.5445,2.8469,0,0.484224,4.47552,4.50733e+06,2.70226e+06,1.14689e+07,0,0,0,0,99.3022,98.274,8.42519,0,0,1.95993,1.65753,0,1.53359,2.96352,9.36715e+06,3.61194e+06,1.83589e+07,0,0,0,7.64495e+07
85.139,85.139,4.91003,0.17,0.04,2.54487,2.84727,0,0.476839,4.47552,4.50733e+06,2.70226e+06,1.14706e+07,0,0,0,0,99.3022,98.274,6.86354,0,0,1.96015,1.65775,0,1.51424,2.96352,9.36715e+06,3.61194e+06,1.8361e+07,0,0,0,7.64495e+07
85.139,85.139,3.73519,0.13,0.04,2.54525,2.84765,0,0.476909,4.47552,4.50733e+06,2.70226e+06,1.14723e+07,0,0,0,0,99.3022,98.274,6.35586,0,0,1.96036,1.65796,0,1.51441,2.96352,9.36715e+06,3.61194e+06,1.8363e+07,0,0,0,7.64495e+07
85.139,85.139,3.46065,0.12,0.04,2.54562,2.84802,0,0.476979,4.47552,4.50733e+06,2.70226e+06,1.1474e+07,0,0,0,0,99.3022,98.274,5.04281,0,0,1.96058,1.65818,0,1.51458,2.96352,9.36715e+06,3.61194e+06,1.83651e+07,0,0,0,7.64495e+07
85.139,85.139,3.0302,0.12,0.04,2.68111,2.98351,0,0.477049,4.47552,4.50733e+06,2.70226e+06,1.20847e+07,0,0,0,0,99.3022,98.274,4.66676,0,0,2.05046,1.74806,0,1.51474,2.96352,9.36715e+06,3.61194e+06,1.9207e+07,0,0,0,7.64495e+07
85.0166,85.139,2.84158,0.12,0.04,2.6815,2.9839,0,0.502441,4.47552,4.50733e+06,2.70226e+06,1.20864e+07,0,0,0,0,99.3022,98.274,4.41805,0,0,2.05069,1.74829,0,1.58419,2.96352,9.36715e+06,3.61194e+06,1.92091e+07,0,0,0,7.64495e+07
84.8613,85.139,2.8022,0.14,0.04,2.6819,2.9843,0,0.502514,4.47552,4.50733e+06,2.70226e+06,1.20882e+07,0,0,0,0,99.3022,98.274,4.51567,0,0,2.05092,1.74852,0,1.58436,2.96352,9.36715e+06,3.61194e+06,1.92113e+07,0,0,0,7.64495e+07
84.5366,85.139,2.62081,0.13,0.04,2.68229,2.98469,0,0.502587,4.47552,4.50733e+06,2.70226e+06,1.209e+07,0,0,0,0,99.3022,98.274,4.23187,0,0,2.05115,1.74875,0,1.58454,2.96352,9.36715e+06,3.61194e+06,1.92134e+07,0,0,0,7.64495e+07
84.0914,85.139,2.45768,0.14,0.04,2.68268,2.98508,0,0.502661,4.47552,4.50733e+06,2.70226e+06,1.20917e+07,0,0,0,0,99.3022,98.274,4.10111,0,0,2.05138,1.74898,0,1.58472,2.96352,9.36715e+06,3.61194e+06,1.92156e+07,0,0,0,7.64495e+07
83.6592,85.139,2.46176,0.13,0.04,2.65633,2.95873,0,0.502734,4.47552,4.50733e+06,2.70226e+06,1.1973e+07,0,0,0,0,99.3022,98.274,3.33433,0,0,2.10092,1.79852,0,1.58489,2.96352,9.36715e+06,3.61194e+06,1.96796e+07,0,0,0,7.64495e+07
83.0326,85.139,2.27216,0.11,0.04,2.65672,2.95912,0,0.497797,4.47552,4.50733e+06,2.70226e+06,1.19747e+07,0,0,0,0,99.3022,98.274,3.24786,0,0,2.10116,1.79876,0,1.62317,2.96352,9.36715e+06,3.61194e+06,1.96818e+07,0,0,0,7.64495e+07
82.2014,85.139,2.05205,0.11,0.04,2.65711,2.95951,0,0.49787,4.47552,4.50733e+06,2.70226e+06,1.19765e+07,0,0,0,0,99.2429,98.274,2.91882,0,0,2.10139,1.79899,0,1.62335,2.96352,9.36715e+06,3.61194e+06,1.96841e+07,0,0,0,7.64495e+07
81.315,85.139,1.95384,0.09,0.04,2.6575,2.9599,0,0.497942,4.47552,4.50733e+06,2.70226e+06,1.19782e+07,0,0,0,0,99.0832,98.274,2.83257,0,0,2.10163,1.79923,0,1.62353,2.96352,9.36715e+06,3.61194e+06,1.96863e+07,0,0,0,7.64495e+07
80.1374,85.139,1.68421,0.07,0.04,2.72697,3.02937,0,0.498015,4.47552,4.50733e+06,2.70226e+06,1.22914e+07,0,0,0,0,98.7712,98.274,2.40389,0,0,2.14583,1.84343,0,1.62372,2.96352,9.36715e+06,3.61194e+06,2.01004e+07,0,0,0,7.64495e+07
79.0947,85.139,1.83327,0.07,0.04,2.72737,3.02977,0,0.511035,4.47552,4.50733e+06,2.70226e+06,1.22932e+07,0,0,0,0,98.5396,98.274,2.48787,0,0,2.14608,1.84368,0,1.65787,2.96352,9.36715e+06,3.61194e+06,2.01026e+07,0,0,0,7.64495e+07
77.9235,85.139,1.67397,0.13,0.04,2.72777,3.03017,0,0.511109,4.47552,4.50733e+06,2.70226e+06,1.2295e+07,0,0,0,0,98.1964,98.274,2.45462,0,0,2.14632,1.84392,0,1.65806,2.96352,9.36715e+06,3.61194e+06,2.01049e+07,0,0,0,7.64495e+07
76.6277,85.139,1.53671,0.13,0.04,2.72817,3.03057,0,0.511184,4.47552,4.50733e+06,2.70226e+06,1.22968e+07,0,0,0,0,97.8078,98.274,2.14965,0,0,2.14656,1.84416,0,1.65825,2.96352,9.36715e+06,3.61194e+06,2.01072e+07,0,0,0,7.64495e+07
75.2616,85.139,1.61549,0.13,0.04,2.93099,3.23339,0,0.511258,4.47552,4.50733e+06,2.70226e+06,1.32109e+07,0,0,0,0,97.2178,98.274,2.58004,0,0,2.3056,2.0032,0,1.65843,2.96352,9.36715e+06,3.61194e+06,2.15969e+07,0,0,0,7.64495e+07
73.3847,85.139,1.0708,0.14,0.04,2.93141,3.23381,0,0.549267,4.47552,4.50733e+06,2.70226e+06,1.32129e+07,0,0,0,0,96.1753,98.274,1.64424,0,0,2.30586,2.00346,0,1.7813,2.96352,9.36715e+06,3.61194e+06,2.15994e+07,0,0,0,7.64495e+07
71.314,85.139,0.869958,0.17,0.04,2.93184,3.23424,0,0.549347,4.47552,4.50733e+06,2.70226e+06,1.32148e+07,0,0,0,0,95.5806,98.274,1.24669,0,0,2.30612,2.00372,0,1.78151,2.96352,9.36715e+06,3.61194e+06,2.16018e+07,0,0,0,7.64495e+07
69.4308,85.139,1.0315,0.17,0.04,2.93226,3.23466,0,0.549427,4.47552,4.50733e+06,2.70226e+06,1.32167e+07,0,0,0,0,94.7808,98.274,2.01007,0,0,2.30639,2.00399,0,1.78171,2.96352,9.36715e+06,3.61194e+06,2.16043e+07,0,0,0,7.64495e+07
67.3709,85.139,0.834752,0.16,0.04,2.93269,3.23509,0,0.549506,4.47552,4.50733e+06,2.70226e+06,1.32186e+07,0,0,0,0,93.8611,98.274,1.52269,0,0,2.30665,2.00425,0,1.78191,2.96352,9.36715e+06,3.61194e+06,2.16067e+07,0,0,0,7.64495e+07
65.4276,85.139,0.852764,0.21,0.04,2.83439,3.13679,0,0.549586,4.47552,4.50733e+06,2.70226e+06,1.27756e+07,0,0,0,0,93.1677,98.274,1.65957,0,0,2.21047,1.90807,0,1.78212,2.96352,9.36715e+06,3.61194e+06,2.07058e+07,0,0,0,7.64495e+07
63.7058,85.139,1.08692,0.2,0.04,2.8348,3.1372,0,0.531165,4.47552,4.50733e+06,2.70226e+06,1.27774e+07,0,0,0,0,92.8891,98.274,1.73424,0,0,2.21072,1.90832,0,1.70781,2.96352,9.36715e+06,3.61194e+06,2.07081e+07,0,0,0,7.64495e+07
62.4388,85.139,1.57688,0.2,0.04,2.83522,3.13762,0,0.531242,4.47552,4.50733e+06,2.70226e+06,1.27793e+07,0,0,0,0,92.8194,98.274,2.94601,0,0,2.21097,1.90857,0,1.708,2.96352,9.36715e+06,3.61194e+06,2.07105e+07,0,0,0,7.64495e+07
60.9344,85.139,1.37965,0.22,0.04,2.83563,3.13803,0,0.53132,4.47552,4.50733e+06,2.70226e+06,1.27811e+07,0,0,0,0,92.4078,98.274,2.19454,0,0,2.21122,1.90882,0,1.70819,2.96352,9.36715e+06,3.61194e+06,2.07128e+07,0,0,0,7.64495e+07
59.3209,85.139,1.23654,0.23,0.04,2.75497,3.05737,0,0.531397,4.47552,4.50733e+06,2.70226e+06,1.24175e+07,0,0,0,0,92.1257,98.274,1.93473,0,0,2.12363,1.82123,0,1.70839,2.96352,9.36715e+06,3.61194e+06,1.98924e+07,0,0,0,7.64495e+07
57.7651,85.139,1.28226,0.23,0.04,2.75537,3.05777,0,0.516281,4.47552,4.50733e+06,2.70226e+06,1.24194e+07,0,0,0,0,92.1093,98.274,2.32687,0,0,2.12387,1.82147,0,1.64072,2.96352,9.36715e+06,3.61194e+06,1.98946e+07,0,0,0,7.64495e+07
56.8754,85.139,1.97307,0.21,0.04,2.75577,3.05817,0,0.516356,4.47552,4.50733e+06,2.70226e+06,1.24212e+07,0,0,0,0,92.2015,98.274,2.86135,0,0,2.12411,1.82171,0,1.6409,2.96352,9.36715e+06,3.61194e+06,1.98969e+07,0,0,0,7.64495e+07
58.5621,85.139,4.76081,0.21,0.04,2.75617,3.05857,0,0.516431,4.47552,4.50733e+06,2.70226e+06,1.2423e+07,0,0,0,0,93.6957,98.274,6.8516,0,0,2.12435,1.82195,0,1.64109,2.96352,9.36715e+06,3.61194e+06,1.98991e+07,0,0,0,7.64495e+07
59.4258,85.139,3.62765,0.22,0.04,2.5262,2.8286,0,0.516506,4.47552,4.50733e+06,2.70226e+06,1.13864e+07,0,0,0,0,94.6417,98.274,4.66704,0,0,1.94156,1.63916,0,1.64127,2.96352,9.36715e+06,3.61194e+06,1.81869e+07,0,0,0,7.64495e+07
59.5871,85.139,2.9343,0.22,0.04,2.52657,2.82897,0,0.473409,4.47552,4.50733e+06,2.70226e+06,1.13881e+07,0,0,0,0,94.6595,98.274,2.82538,0,0,1.94177,1.63937,0,1.50005,2.96352,9.36715e+06,3.61194e+06,1.81889e+07,0,0,0,7.64495e+07
63.4325,85.139,6.83422,0.24,0.04,2.52694,2.82934,0,0.473479,4.47552,4.50733e+06,2.70226e+06,1.13898e+07,0,0,0,0,96.1109,98.274,6.77763,0,0,1.94199,1.63959,0,1.50021,2.96352,9.36715e+06,3.61194e+06,1.81909e+07,0,0,0,7.64495e+07
66.3171,85.139,5.74354,0.21,0.04,2.52731,2.82971,0,0.473548,4.47552,4.50733e+06,2.70226e+06,1.13914e+07,0,0,0,0,96.0898,98.274,3.09286,0,0,1.9422,1.6398,0,1.50038,2.96352,9.36715e+06,3.61194e+06,1.81929e+07,0,0,0,7.64495e+07
68.5709,85.139,5.07669,0.24,0.04,2.52768,2.83008,0,0.473618,4.47552,4.50733e+06,2.70226e+06,1.13931e+07,0,0,0,0,96.6385,98.274,3.83551,0,0,1.94242,1.64002,0,1.50054,2.96352,9.36715e+06,3.61194e+06,1.81949e+07,0,0,0,7.64495e+07
73.0501,85.139,7.53513,0.22,0.04,2.61672,2.91912,0,0.473688,4.47552,4.50733e+06,2.70226e+06,1.17944e+07,0,0,0,0,97.3899,98.274,4.57408,0,0,1.99566,1.69326,0,1.50071,2.96352,9.36715e+06,3.61194e+06,1.86937e+07,0,0,0,7.64495e+07
77.1912,85.139,7.34574,0.22,0.06,2.61708,2.91948,0,0.490372,4.47552,4.50733e+06,2.70226e+06,1.1796e+07,0,0,0,0,98.0185,98.274,5.33145,0,0,1.99587,1.69347,0,1.54185,2.96352,9.36715e+06,3.61194e+06,1.86957e+07,0,0,0,7.64495e+07
80.4482,85.139,6.39379,0.18,0.06,2.61744,2.91984,0,0.490441,4.47552,4.50733e+06,2.70226e+06,1.17977e+07,0,0,0,0,98.483,98.274,4.52087,0,0,1.99608,1.69368,0,1.54201,2.96352,9.36715e+06,3.61194e+06,1.86976e+07,0,0,0,7.64495e+07
84.2573,85.139,7.026,0.16,0.06,2.6178,2.9202,0,0.490509,4.47552,4.50733e+06,2.70226e+06,1.17993e+07,0,0,0,0,98.692,98.274,4.07815,0,0,1.99629,1.69389,0,1.54217,2.96352,9.36715e+06,3.61194e+06,1.86996e+07,0,0,0,7.64495e+07
85.139,85.139,6.21465,0.16,0.06,2.90303,3.20543,0,0.490577,4.47552,4.50733e+06,2.70226e+06,1.30849e+07,0,0,0,0,99.0271,98.274,4.54885,0,0,2.1957,1.8933,0,1.54234,2.96352,9.36715e+06,3.61194e+06,2.05674e+07,0,0,0,7.64495e+07
85.139,85.139,10.9445,0.12,0.06,2.90343,3.20583,0,0.544028,4.47552,4.50733e+06,2.70226e+06,1.30867e+07,0,0,0,0,99.3022,98.274,7.09512,0,0,2.19593,1.89353,0,1.69639,2.96352,9.36715e+06,3.61194e+06,2.05696e+07,0,0,0,7.64495e+07
85.139,85.139,10.3095,0.12,0.06,2.90383,3.20623,0,0.544103,4.47552,4.50733e+06,2.70226e+06,1.30885e+07,0,0,0,0,99.3022,98.274,6.50849,0,0,2.19617,1.89377,0,1.69658,2.96352,9.36715e+06,3.61194e+06,2.05718e+07,0,0,0,7.64495e+07
85.139,85.139,5.64725,0.12,0.06,2.90423,3.20663,0,0.544178,4.47552,4.50733e+06,2.70226e+06,1.30903e+07,0,0,0,0,99.3022,98.274,3.77165,0,0,2.1964,1.894,0,1.69676,2.96352,9.36715e+06,3.61194e+06,2.0574e+07,0,0,0,7.64495e+07
85.139,85.139,4.86812,0.12,0.06,2.49812,2.80052,0,0.544253,4.47552,4.50733e+06,2.70226e+06,1.12598e+07,0,0,0,0,99.3022,98.274,4.2413,0,0,1.92919,1.62679,0,1.69694,2.96352,9.36715e+06,3.61194e+06,1.8071e+07,0,0,0,7.64495e+07
85.139,85.139,8.89385,0.13,0.06,2.49847,2.80087,0,0.468147,4.47552,4.50733e+06,2.70226e+06,1.12614e+07,0,0,0,0,99.3022,98.274,8.76098,0,0,1.92939,1.62699,0,1.49049,2.96352,9.36715e+06,3.61194e+06,1.80729e+07,0,0,0,7.64495e+07
85.139,85.139,7.66517,0.15,0.06,2.49881,2.80121,0,0.468212,4.47552,4.50733e+06,2.70226e+06,1.1263e+07,0,0,0,0,99.3022,98.274,7.11503,0,0,1.92959,1.62719,0,1.49065,2.96352,9.36715e+06,3.61194e+06,1.80748e+07,0,0,0,7.64495e+07
85.139,85.139,7.66755,0.16,0.06,2.49916,2.80156,0,0.468278,4.47552,4.50733e+06,2.70226e+06,1.12646e+07,0,0,0,0,99.3022,98.274,8.37388,0,0,1.9298,1.6274,0,1.4908,2.96352,9.36715e+06,3.61194e+06,1.80767e+07,0,0,0,7.64495e+07
85.139,85.139,8.09069,0.16,0.06,2.49951,2.80191,0,0.468343,4.47552,4.50733e+06,2.70226e+06,1.12661e+07,0,0,0,0,99.3022,98.274,8.473,0,0,1.93,1.6276,0,1.49096,2.96352,9.36715e+06,3.61194e+06,1.80786e+07,0,0,0,7.64495e+07
85.139,85.139,13.6752,0.18,0.06,2.60225,2.90465,0,0.468408,4.47552,4.50733e+06,2.70226e+06,1.17292e+07,0,0,0,0,99.3022,98.274,9.799,0,0,1.99567,1.69327,0,1.49112,2.96352,9.36715e+06,3.61194e+06,1.86937e+07,0,0,0,7.64495e+07
85.139,85.139,9.34182,0.2,0.06,2.60261,2.90501,0,0.487661,4.47552,4.50733e+06,2.70226e+06,1.17308e+07,0,0,0,0,99.3022,98.274,8.08506,0,0,1.99588,1.69348,0,1.54185,2.96352,9.36715e+06,3.61194e+06,1.86957e+07,0,0,0,7.64495e+07
85.139,85.139,7.83572,0.19,0.06,2.60297,2.90537,0,0.487729,4.47552,4.50733e+06,2.70226e+06,1.17325e+07,0,0,0,0,99.3022,98.274,7.40864,0,0,1.99609,1.69369,0,1.54202,2.96352,9.36715e+06,3.61194e+06,1.86977e+07,0,0,0,7.64495e+07
85.139,85.139,6.98851,0.17,0.06,2.60333,2.90573,0,0.487797,4.47552,4.50733e+06,2.70226e+06,1.17341e+07,0,0,0,0,99.3022,98.274,6.82665,0,0,1.9963,1.6939,0,1.54218,2.96352,9.36715e+06,3.61194e+06,1.86997e+07,0,0,0,7.64495e+07
85.139,85.139,6.41714,0.18,0.06,2.56364,2.86604,0,0.487864,4.47552,4.50733e+06,2.70226e+06,1.15552e+07,0,0,0,0,99.3022,98.274,5.15807,0,0,1.97107,1.66867,0,1.54234,2.96352,9.36715e+06,3.61194e+06,1.84633e+07,0,0,0,7.64495e+07
85.139,85.139,4.09905,0.18,0.06,2.564,2.8664,0,0.480426,4.47552,4.50733e+06,2.70226e+06,1.15568e+07,0,0,0,0,99.3022,98.274,2.89464,0,0,1.97128,1.66888,0,1.52285,2.96352,9.36715e+06,3.61194e+06,1.84653e+07,0,0,0,7.64495e+07
85.139,85.139,5.92948,0.15,0.06,2.56435,2.86675,0,0.480493,4.47552,4.50733e+06,2.70226e+06,1.15584e+07,0,0,0,0,99.3022,98.274,3.20111,0,0,1.97149,1.66909,0,1.52301,2.96352,9.36715e+06,3.61194e+06,1.84672e+07,0,0,0,7.64495e+07
85.139,85.139,4.47528,0.13,0.06,2.56471,2.86711,0,0.48056,4.47552,4.50733e+06,2.70226e+06,1.156e+07,0,0,0,0,99.287,98.274,2.89333,0,0,1.97169,1.66929,0,1.52317,2.96352,9.36715e+06,3.61194e+06,1.84692e+07,0,0,0,7.64495e+07
85.139,85.139,3.63886,0.12,0.06,2.70109,3.00349,0,0.480627,4.47552,4.50733e+06,2.70226e+06,1.21747e+07,0,0,0,0,99.1569,98.274,2.54068,0,0,2.06216,1.75976,0,1.52333,2.96352,9.36715e+06,3.61194e+06,1.93166e+07,0,0,0,7.64495e+07
85.139,85.139,4.18394,0.12,0.06,2.70146,3.00386,0,0.506184,4.47552,4.50733e+06,2.70226e+06,1.21764e+07,0,0,0,0,98.9821,98.274,2.31732,0,0,2.06238,1.75998,0,1.59323,2.96352,9.36715e+06,3.61194e+06,1.93187e+07,0,0,0,7.64495e+07
85.139,85.139,3.66464,0.12,0.06,2.70184,3.00424,0,0.506254,4.47552,4.50733e+06,2.70226e+06,1.21781e+07,0,0,0,0,98.831,98.274,2.25489,0,0,2.0626,1.7602,0,1.5934,2.96352,9.36715e+06,3.61194e+06,1.93207e+07,0,0,0,7.64495e+07
85.139,85.139,3.61753,0.1,0.06,2.70221,3.00461,0,0.506324,4.47552,4.50733e+06,2.70226e+06,1.21798e+07,0,0,0,0,98.667,98.274,2.30739,0,0,2.06282,1.76042,0,1.59357,2.96352,9.36715e+06,3.61194e+06,1.93228e+07,0,0,0,7.64495e+07
85.139,85.139,3.38877,0.09,0.06,2.70258,3.00498,0,0.506394,4.47552,4.50733e+06,2.70226e+06,1.21814e+07,0,0,0,0,98.5343,98.274,2.19119,0,0,2.06304,1.76064,0,1.59374,2.96352,9.36715e+06,3.61194e+06,1.93248e+07,0,0,0,7.64495e+07
85.139,85.139,2.9088,0.07,0.06,2.67604,2.97844,0,0.506464,4.47552,4.50733e+06,2.70226e+06,1.20618e+07,0,0,0,0,98.372,98.274,2.29216,0,0,2.1129,1.8105,0,1.5939,2.96352,9.36715e+06,3.61194e+06,1.97919e+07,0,0,0,7.64495e+07
84.793,85.139,2.54985,0.06,0.06,2.67641,2.97881,0,0.50149,4.47552,4.50733e+06,2.70226e+06,1.20635e+07,0,0,0,0,98.1072,98.274,2.30449,0,0,2.11312,1.81072,0,1.63243,2.96352,9.36715e+06,3.61194e+06,1.9794e+07,0,0,0,7.64495e+07
84.2374,85.139,2.31752,0.12,0.06,2.67678,2.97918,0,0.50156,4.47552,4.50733e+06,2.70226e+06,1.20651e+07,0,0,0,0,97.8404,98.274,2.13236,0,0,2.11335,1.81095,0,1.6326,2.96352,9.36715e+06,3.61194e+06,1.97961e+07,0,0,0,7.64495e+07
83.6019,85.139,2.19452,0.11,0.06,2.67715,2.97955,0,0.501629,4.47552,4.50733e+06,2.70226e+06,1.20668e+07,0,0,0,0,97.4896,98.274,2.09397,0,0,2.11357,1.81117,0,1.63277,2.96352,9.36715e+06,3.61194e+06,1.97982e+07,0,0,0,7.64495e+07
82.8273,85.139,2.10567,0.09,0.06,2.74707,3.04947,0,0.501698,4.47552,4.50733e+06,2.70226e+06,1.2382e+07,0,0,0,0,97.1928,98.274,2.15106,0,0,2.15806,1.85566,0,1.63295,2.96352,9.36715e+06,3.61194e+06,2.02149e+07,0,0,0,7.64495e+07
82.3027,85.139,2.34669,0.11,0.06,2.74745,3.04985,0,0.514801,4.47552,4.50733e+06,2.70226e+06,1.23837e+07,0,0,0,0,97.0205,98.274,2.41547,0,0,2.15829,1.85589,0,1.66732,2.96352,9.36715e+06,3.61194e+06,2.02171e+07,0,0,0,7.64495e+07
81.5898,85.139,2.1494,0.11,0.06,2.74783,3.05023,0,0.514872,4.47552,4.50733e+06,2.70226e+06,1.23854e+07,0,0,0,0,96.7241,98.274,2.34607,0,0,2.15852,1.85612,0,1.6675,2.96352,9.36715e+06,3.61194e+06,2.02192e+07,0,0,0,7.64495e+07
80.6868,85.139,1.94971,0.11,0.06,2.74821,3.05061,0,0.514943,4.47552,4.50733e+06,2.70226e+06,1.23871e+07,0,0,0,0,96.3755,98.274,2.15929,0,0,2.15876,1.85636,0,1.66768,2.96352,9.36715e+06,3.61194e+06,2.02214e+07,0,0,0,7.64495e+07
79.3987,85.139,1.71226,0.11,0.06,2.95235,3.25475,0,0.515014,4.47552,4.50733e+06,2.70226e+06,1.33072e+07,0,0,0,0,95.9143,98.274,2.1379,0,0,2.31883,2.01643,0,1.66785,2.96352,9.36715e+06,3.61194e+06,2.17208e+07,0,0,0,7.64495e+07
78.0362,85.139,1.65189,0.15,0.06,2.95275,3.25515,0,0.55327,4.47552,4.50733e+06,2.70226e+06,1.3309e+07,0,0,0,0,95.6082,98.274,1.98075,0,0,2.31908,2.01668,0,1.79153,2.96352,9.36715e+06,3.61194e+06,2.17232e+07,0,0,0,7.64495e+07
76.9012,85.139,1.88225,0.14,0.06,2.95316,3.25556,0,0.553346,4.47552,4.50733e+06,2.70226e+06,1.33109e+07,0,0,0,0,95.1626,98.274,2.34119,0,0,2.31933,2.01693,0,1.79172,2.96352,9.36715e+06,3.61194e+06,2.17255e+07,0,0,0,7.64495e+07
75.402,85.139,1.51884,0.14,0.06,2.95356,3.25596,0,0.553422,4.47552,4.50733e+06,2.70226e+06,1.33127e+07,0,0,0,0,94.7828,98.274,1.77087,0,0,2.31958,2.01718,0,1.79192,2.96352,9.36715e+06,3.61194e+06,2.17279e+07,0,0,0,7.64495e+07
74.2203,85.139,1.8134,0.14,0.06,2.95397,3.25637,0,0.553498,4.47552,4.50733e+06,2.70226e+06,1.33145e+07,0,0,0,0,94.5856,98.274,2.86228,0,0,2.31983,2.01743,0,1.79211,2.96352,9.36715e+06,3.61194e+06,2.17302e+07,0,0,0,7.64495e+07
72.6801,85.139,1.41834,0.14,0.06,2.85501,3.15741,0,0.553574,4.47552,4.50733e+06,2.70226e+06,1.28685e+07,0,0,0,0,94.2053,98.274,1.91291,0,0,2.223,1.9206,0,1.7923,2.96352,9.36715e+06,3.61194e+06,2.08232e+07,0,0,0,7.64495e+07
71.2638,85.139,1.58369,0.18,0.06,2.8554,3.1578,0,0.535028,4.47552,4.50733e+06,2.70226e+06,1.28702e+07,0,0,0,0,93.9841,98.274,2.24111,0,0,2.22324,1.92084,0,1.71749,2.96352,9.36715e+06,3.61194e+06,2.08255e+07,0,0,0,7.64495e+07
69.7531,85.139,1.46996,0.16,0.06,2.85579,3.15819,0,0.535102,4.47552,4.50733e+06,2.70226e+06,1.2872e+07,0,0,0,0,93.7521,98.274,2.03571,0,0,2.22348,1.92108,0,1.71768,2.96352,9.36715e+06,3.61194e+06,2.08277e+07,0,0,0,7.64495e+07
68.4799,85.139,1.7096,0.18,0.06,2.85618,3.15858,0,0.535175,4.47552,4.50733e+06,2.70226e+06,1.28738e+07,0,0,0,0,93.7768,98.274,2.81961,0,0,2.22372,1.92132,0,1.71786,2.96352,9.36715e+06,3.61194e+06,2.08299e+07,0,0,0,7.64495e+07
67.8861,85.139,2.46589,0.17,0.06,2.77497,3.07737,0,0.535249,4.47552,4.50733e+06,2.70226e+06,1.25077e+07,0,0,0,0,93.7175,98.274,2.71393,0,0,2.13555,1.83315,0,1.71805,2.96352,9.36715e+06,3.61194e+06,2.0004e+07,0,0,0,7.64495e+07
68.4217,85.139,3.78612,0.21,0.06,2.77536,3.07776,0,0.52003,4.47552,4.50733e+06,2.70226e+06,1.25094e+07,0,0,0,0,94.3045,98.274,5.46102,0,0,2.13578,1.83338,0,1.64993,2.96352,9.36715e+06,3.61194e+06,2.00062e+07,0,0,0,7.64495e+07
70.0821,85.139,4.80202,0.17,0.06,2.77574,3.07814,0,0.520102,4.47552,4.50733e+06,2.70226e+06,1.25112e+07,0,0,0,0,95.1167,98.274,6.43173,0,0,2.13601,1.83361,0,1.6501,2.96352,9.36715e+06,3.61194e+06,2.00083e+07,0,0,0,7.64495e+07
72.022,85.139,4.98691,0.17,0.06,2.77612,3.07852,0,0.520173,4.47552,4.50733e+06,2.70226e+06,1.25129e+07,0,0,0,0,95.899,98.274,6.12369,0,0,2.13623,1.83383,0,1.65028,2.96352,9.36715e+06,3.61194e+06,2.00104e+07,0,0,0,7.64495e+07
72.9725,85.139,3.96178,0.17,0.06,2.54463,2.84703,0,0.520245,4.47552,4.50733e+06,2.70226e+06,1.14695e+07,0,0,0,0,96.4071,98.274,4.32459,0,0,1.95224,1.64984,0,1.65045,2.96352,9.36715e+06,3.61194e+06,1.82869e+07,0,0,0,7.64495e+07
79.156,85.139,9.64191,0.17,0.06,2.54498,2.84738,0,0.476863,4.47552,4.50733e+06,2.70226e+06,1.14711e+07,0,0,0,0,99.3022,98.274,13.8036,0,0,1.95244,1.65004,0,1.5083,2.96352,9.36715e+06,3.61194e+06,1.82888e+07,0,0,0,7.64495e+07
83.0715,85.139,7.56106,0.17,0.06,2.54534,2.84774,0,0.47693,4.47552,4.50733e+06,2.70226e+06,1.14727e+07,0,0,0,0,99.3022,98.274,9.71818,0,0,1.95265,1.65025,0,1.50846,2.96352,9.36715e+06,3.61194e+06,1.82907e+07,0,0,0,7.64495e+07
85.139,85.139,8.76483,0.15,0.06,2.54569,2.84809,0,0.476996,4.47552,4.50733e+06,2.70226e+06,1.14743e+07,0,0,0,0,99.3022,98.274,11.6039,0,0,1.95285,1.65045,0,1.50862,2.96352,9.36715e+06,3.61194e+06,1.82927e+07,0,0,0,7.64495e+07
85.139,85.139,9.24958,0.13,0.06,2.54604,2.84844,0,0.477062,4.47552,4.50733e+06,2.70226e+06,1.14759e+07,0,0,0,0,99.3022,98.274,17.6591,0,0,1.95306,1.65066,0,1.50877,2.96352,9.36715e+06,3.61194e+06,1.82946e+07,0,0,0,7.64495e+07
85.139,85.139,6.66675,0.14,0.06,2.54604,2.84844,0,0.477129,4.47552,4.50733e+06,2.70226e+06,1.14759e+07,0,0,0,0,99.3022,98.274,10.7966,0,0,1.95306,1.65066,0,1.50893,2.96352,9.36715e+06,3.61194e+06,1.82946e+07,0,0,0,7.64495e+07
85.139,85.139,5.22574,0.14,0.06,2.63564,2.93804,0,0.477129,4.47552,4.50733e+06,2.70226e+06,1.18797e+07,0,0,0,0,99.3022,98.274,4.50414,0,0,2.00664,1.70424,0,1.50893,2.96352,9.36715e+06,3.61194e+06,1.87965e+07,0,0,0,7.64495e+07
85.139,85.139,5.22061,0.14,0.06,2.63598,2.93838,0,0.493918,4.47552,4.50733e+06,2.70226e+06,1.18812e+07,0,0,0,0,99.3022,98.274,6.03287,0,0,2.00684,1.70444,0,1.55033,2.96352,9.36715e+06,3.61194e+06,1.87984e+07,0,0,0,7.64495e+07
85.139,85.139,7.2852,0.15,0.06,2.63633,2.93873,0,0.493983,4.47552,4.50733e+06,2.70226e+06,1.18828e+07,0,0,0,0,99.3022,98.274,8.86425,0,0,2.00704,1.70464,0,1.55048,2.96352,9.36715e+06,3.61194e+06,1.88002e+07,0,0,0,7.64495e+07
85.139,85.139,6.7165,0.19,0.06,2.63667,2.93907,0,0.494048,4.47552,4.50733e+06,2.70226e+06,1.18844e+07,0,0,0,0,99.3022,98.274,6.14943,0,0,2.00724,1.70484,0,1.55064,2.96352,9.36715e+06,3.61194e+06,1.88021e+07,0,0,0,7.64495e+07
84.7817,85.139,3.01091,0.23,0.06,2.92372,3.22612,0,0.494112,4.47552,4.50733e+06,2.70226e+06,1.31782e+07,0,0,0,0,99.3022,98.274,4.26245,0,0,2.20792,1.90552,0,1.55079,2.96352,9.36715e+06,3.61194e+06,2.06819e+07,0,0,0,7.64495e+07
85.139,85.139,4.22408,0.3,0.06,2.9241,3.2265,0,0.547905,4.47552,4.50733e+06,2.70226e+06,1.31799e+07,0,0,0,0,99.3022,98.274,5.1334,0,0,2.20814,1.90574,0,1.70584,2.96352,9.36715e+06,3.61194e+06,2.0684e+07,0,0,0,7.64495e+07
85.1008,85.139,3.43166,0.2,0.06,2.92448,3.22688,0,0.547977,4.47552,4.50733e+06,2.70226e+06,1.31816e+07,0,0,0,0,99.3022,98.274,4.35826,0,0,2.20836,1.90596,0,1.70601,2.96352,9.36715e+06,3.61194e+06,2.06861e+07,0,0,0,7.64495e+07
85.1319,85.139,3.46294,0.28,0.06,2.92486,3.22726,0,0.548048,4.47552,4.50733e+06,2.70226e+06,1.31833e+07,0,0,0,0,99.3022,98.274,5.19257,0,0,2.20859,1.90619,0,1.70618,2.96352,9.36715e+06,3.61194e+06,2.06882e+07,0,0,0,7.64495e+07
85.139,85.139,4.61336,0.29,0.06,2.51612,2.81852,0,0.548119,4.47552,4.50733e+06,2.70226e+06,1.1341e+07,0,0,0,0,99.3022,98.274,4.19882,0,0,1.93964,1.63724,0,1.70635,2.96352,9.36715e+06,3.61194e+06,1.81689e+07,0,0,0,7.64495e+07
85.139,85.139,4.13617,0.2,0.06,2.51645,2.81885,0,0.47152,4.47552,4.50733e+06,2.70226e+06,1.13425e+07,0,0,0,0,99.3022,98.274,3.42319,0,0,1.93984,1.63744,0,1.49857,2.96352,9.36715e+06,3.61194e+06,1.81707e+07,0,0,0,7.64495e+07
85.139,85.139,4.60113,0.2,0.06,2.51678,2.81918,0,0.471582,4.47552,4.50733e+06,2.70226e+06,1.1344e+07,0,0,0,0,99.3022,98.274,3.38311,0,0,1.94003,1.63763,0,1.49872,2.96352,9.36715e+06,3.61194e+06,1.81725e+07,0,0,0,7.64495e+07
85.139,85.139,4.15576,0.22,0.06,2.51711,2.81951,0,0.471644,4.47552,4.50733e+06,2.70226e+06,1.13455e+07,0,0,0,0,99.3022,98.274,3.00985,0,0,1.94022,1.63782,0,1.49887,2.96352,9.36715e+06,3.61194e+06,1.81744e+07,0,0,0,7.64495e+07
85.139,85.139,4.06349,0.22,0.06,2.51744,2.81984,0,0.471706,4.47552,4.50733e+06,2.70226e+06,1.13469e+07,0,0,0,0,99.3022,98.274,3.86509,0,0,1.94041,1.63801,0,1.49901,2.96352,9.36715e+06,3.61194e+06,1.81762e+07,0,0,0,7.64495e+07
85.139,85.139,3.38937,0.22,0.06,2.62082,2.92322,0,0.471768,4.47552,4.50733e+06,2.70226e+06,1.18129e+07,0,0,0,0,99.3022,98.274,3.83446,0,0,2.00649,1.70409,0,1.49916,2.96352,9.36715e+06,3.61194e+06,1.87951e+07,0,0,0,7.64495e+07
85.0758,85.139,2.99722,0.21,0.06,2.62116,2.92356,0,0.491141,4.47552,4.50733e+06,2.70226e+06,1.18144e+07,0,0,0,0,99.3022,98.274,3.27349,0,0,2.00669,1.70429,0,1.55022,2.96352,9.36715e+06,3.61194e+06,1.8797e+07,0,0,0,7.64495e+07
84.9296,85.139,2.85232,0.31,0.06,2.6215,2.9239,0,0.491205,4.47552,4.50733e+06,2.70226e+06,1.1816e+07,0,0,0,0,99.3011,98.274,3.07128,0,0,2.00689,1.70449,0,1.55037,2.96352,9.36715e+06,3.61194e+06,1.87989e+07,0,0,0,7.64495e+07
84.3293,85.139,2.35304,0.29,0.06,2.62185,2.92425,0,0.49127,4.47552,4.50733e+06,2.70226e+06,1.18175e+07,0,0,0,0,98.8979,98.274,2.50559,0,0,2.00709,1.70469,0,1.55053,2.96352,9.36715e+06,3.61194e+06,1.88008e+07,0,0,0,7.64495e+07
83.773,85.139,2.32255,0.28,0.06,2.58188,2.88428,0,0.491334,4.47552,4.50733e+06,2.70226e+06,1.16374e+07,0,0,0,0,98.7033,98.274,2.24629,0,0,1.98169,1.67929,0,1.55068,2.96352,9.36715e+06,3.61194e+06,1.85628e+07,0,0,0,7.64495e+07
82.9623,85.139,2.05586,0.26,0.06,2.58222,2.88462,0,0.483845,4.47552,4.50733e+06,2.70226e+06,1.16389e+07,0,0,0,0,98.3623,98.274,2.4625,0,0,1.98189,1.67949,0,1.53106,2.96352,9.36715e+06,3.61194e+06,1.85647e+07,0,0,0,7.64495e+07
81.9701,85.139,1.86068,0.23,0.06,2.58256,2.88496,0,0.483908,4.47552,4.50733e+06,2.70226e+06,1.16405e+07,0,0,0,0,98.0477,98.274,2.08473,0,0,1.98209,1.67969,0,1.53121,2.96352,9.36715e+06,3.61194e+06,1.85665e+07,0,0,0,7.64495e+07
81.3523,85.139,2.22068,0.21,0.06,2.5829,2.8853,0,0.483972,4.47552,4.50733e+06,2.70226e+06,1.1642e+07,0,0,0,0,97.7223,98.274,2.20893,0,0,1.98229,1.67989,0,1.53136,2.96352,9.36715e+06,3.61194e+06,1.85684e+07,0,0,0,7.64495e+07
80.2493,85.139,1.85166,0.17,0.06,2.72013,3.02253,0,0.484036,4.47552,4.50733e+06,2.70226e+06,1.22605e+07,0,0,0,0,97.6034,98.274,2.2843,0,0,2.07332,1.77092,0,1.53151,2.96352,9.36715e+06,3.61194e+06,1.94211e+07,0,0,0,7.64495e+07
79.2682,85.139,1.8862,0.17,0.06,2.72048,3.02288,0,0.509752,4.47552,4.50733e+06,2.70226e+06,1.22621e+07,0,0,0,0,97.3457,98.274,2.40062,0,0,2.07353,1.77113,0,1.60185,2.96352,9.36715e+06,3.61194e+06,1.9423e+07,0,0,0,7.64495e+07
78.0927,85.139,1.66011,0.25,0.06,2.72084,3.02324,0,0.509818,4.47552,4.50733e+06,2.70226e+06,1.22637e+07,0,0,0,0,96.8745,98.274,2.03398,0,0,2.07373,1.77133,0,1.60201,2.96352,9.36715e+06,3.61194e+06,1.9425e+07,0,0,0,7.64495e+07
76.8511,85.139,1.57983,0.21,0.06,2.72119,3.02359,0,0.509885,4.47552,4.50733e+06,2.70226e+06,1.22653e+07,0,0,0,0,96.5047,98.274,1.78624,0,0,2.07394,1.77154,0,1.60217,2.96352,9.36715e+06,3.61194e+06,1.94269e+07,0,0,0,7.64495e+07
75.6765,85.139,1.6449,0.2,0.06,2.72155,3.02395,0,0.509951,4.47552,4.50733e+06,2.70226e+06,1.22669e+07,0,0,0,0,96.2511,98.274,2.11041,0,0,2.07415,1.77175,0,1.60233,2.96352,9.36715e+06,3.61194e+06,1.94289e+07,0,0,0,7.64495e+07
74.6062,85.139,1.71274,0.2,0.06,2.69482,2.99722,0,0.510018,4.47552,4.50733e+06,2.70226e+06,1.21464e+07,0,0,0,0,96.0722,98.274,2.40321,0,0,2.12431,1.82191,0,1.60249,2.96352,9.36715e+06,3.61194e+06,1.98988e+07,0,0,0,7.64495e+07
73.4769,85.139,1.6326,0.2,0.06,2.69517,2.99757,0,0.505009,4.47552,4.50733e+06,2.70226e+06,1.2148e+07,0,0,0,0,95.8607,98.274,2.39489,0,0,2.12453,1.82213,0,1.64124,2.96352,9.36715e+06,3.61194e+06,1.99008e+07,0,0,0,7.64495e+07
72.1836,85.139,1.43423,0.26,0.06,2.69552,2.99792,0,0.505075,4.47552,4.50733e+06,2.70226e+06,1.21496e+07,0,0,0,0,95.5756,98.274,2.20905,0,0,2.12474,1.82234,0,1.64141,2.96352,9.36715e+06,3.61194e+06,1.99028e+07,0,0,0,7.64495e+07
70.8067,85.139,1.33391,0.25,0.06,2.69587,2.99827,0,0.505141,4.47552,4.50733e+06,2.70226e+06,1.21512e+07,0,0,0,0,94.9118,98.274,2.14802,0,0,2.12495,1.82255,0,1.64157,2.96352,9.36715e+06,3.61194e+06,1.99048e+07,0,0,0,7.64495e+07
69.2646,85.139,1.22148,0.24,0.06,2.76621,3.06861,0,0.505207,4.47552,4.50733e+06,2.70226e+06,1.24682e+07,0,0,0,0,94.3442,98.274,1.70835,0,0,2.16971,1.86731,0,1.64174,2.96352,9.36715e+06,3.61194e+06,2.0324e+07,0,0,0,7.64495e+07
67.6553,85.139,1.13119,0.22,0.06,2.76657,3.06897,0,0.518387,4.47552,4.50733e+06,2.70226e+06,1.24698e+07,0,0,0,0,93.5837,98.274,1.71217,0,0,2.16993,1.86753,0,1.67632,2.96352,9.36715e+06,3.61194e+06,2.03261e+07,0,0,0,7.64495e+07
65.9782,85.139,1.04797,0.26,0.06,2.76693,3.06933,0,0.518455,4.47552,4.50733e+06,2.70226e+06,1.24715e+07,0,0,0,0,92.9518,98.274,1.52639,0,0,2.17015,1.86775,0,1.67649,2.96352,9.36715e+06,3.61194e+06,2.03281e+07,0,0,0,7.64495e+07
64.3414,85.139,1.06705,0.25,0.06,2.76729,3.06969,0,0.518523,4.47552,4.50733e+06,2.70226e+06,1.24731e+07,0,0,0,0,92.2239,98.274,1.73746,0,0,2.17037,1.86797,0,1.67666,2.96352,9.36715e+06,3.61194e+06,2.03302e+07,0,0,0,7.64495e+07
62.5103,85.139,1.02432,0.23,0.06,2.97269,3.27509,0,0.51859,4.47552,4.50733e+06,2.70226e+06,1.33989e+07,0,0,0,0,91.3467,98.274,1.59513,0,0,2.33143,2.02903,0,1.67683,2.96352,9.36715e+06,3.61194e+06,2.18389e+07,0,0,0,7.64495e+07
60.5529,85.139,0.876587,0.22,0.06,2.97307,3.27547,0,0.557082,4.47552,4.50733e+06,2.70226e+06,1.34006e+07,0,0,0,0,90.4773,98.274,1.40935,0,0,2.33167,2.02927,0,1.80126,2.96352,9.36715e+06,3.61194e+06,2.18411e+07,0,0,0,7.64495e+07
58.6874,85.139,0.945517,0.24,0.06,2.97346,3.27586,0,0.557154,4.47552,4.50733e+06,2.70226e+06,1.34024e+07,0,0,0,0,89.7777,98.274,1.43009,0,0,2.33191,2.02951,0,1.80145,2.96352,9.36715e+06,3.61194e+06,2.18433e+07,0,0,0,7.64495e+07
57.3194,85.139,1.46384,0.23,0.06,2.97384,3.27624,0,0.557226,4.47552,4.50733e+06,2.70226e+06,1.34041e+07,0,0,0,0,89.2459,98.274,1.69277,0,0,2.33215,2.02975,0,1.80163,2.96352,9.36715e+06,3.61194e+06,2.18456e+07,0,0,0,7.64495e+07
56.4036,85.139,1.93169,0.23,0.06,2.97423,3.27663,0,0.557298,4.47552,4.50733e+06,2.70226e+06,1.34058e+07,0,0,0,0,88.9361,98.274,1.95603,0,0,2.33239,2.02999,0,1.80182,2.96352,9.36715e+06,3.61194e+06,2.18478e+07,0,0,0,7.64495e+07
55.0398,85.139,1.43498,0.26,0.06,2.87463,3.17703,0,0.55737,4.47552,4.50733e+06,2.70226e+06,1.29569e+07,0,0,0,0,88.7699,98.274,2.72606,0,0,2.23494,1.93254,0,1.802,2.96352,9.36715e+06,3.61194e+06,2.0935e+07,0,0,0,7.64495e+07
53.862,85.139,1.61353,0.25,0.06,2.875,3.1774,0,0.538705,4.47552,4.50733e+06,2.70226e+06,1.29586e+07,0,0,0,0,88.9264,98.274,3.77377,0,0,2.23517,1.93277,0,1.72672,2.96352,9.36715e+06,3.61194e+06,2.09372e+07,0,0,0,7.64495e+07
52.5299,85.139,1.43087,0.25,0.06,2.87538,3.17778,0,0.538775,4.47552,4.50733e+06,2.70226e+06,1.29603e+07,0,0,0,0,88.8555,98.274,3.01347,0,0,2.2354,1.933,0,1.72689,2.96352,9.36715e+06,3.61194e+06,2.09393e+07,0,0,0,7.64495e+07
51.616,85.139,1.8756,0.25,0.06,2.87575,3.17815,0,0.538845,4.47552,4.50733e+06,2.70226e+06,1.2962e+07,0,0,0,0,89.1798,98.274,4.74245,0,0,2.23562,1.93322,0,1.72707,2.96352,9.36715e+06,3.61194e+06,2.09414e+07,0,0,0,7.64495e+07
51.8679,85.139,3.06909,0.25,0.06,2.79401,3.09641,0,0.538915,4.47552,4.50733e+06,2.70226e+06,1.25935e+07,0,0,0,0,89.7841,98.274,5.29447,0,0,2.14689,1.84449,0,1.72724,2.96352,9.36715e+06,3.61194e+06,2.01103e+07,0,0,0,7.64495e+07
51.1449,85.139,2.03647,0.25,0.06,2.79438,3.09678,0,0.523598,4.47552,4.50733e+06,2.70226e+06,1.25952e+07,0,0,0,0,89.5933,98.274,2.36399,0,0,2.14711,1.84471,0,1.65869,2.96352,9.36715e+06,3.61194e+06,2.01123e+07,0,0,0,7.64495e+07
52.1099,85.139,3.81566,0.26,0.06,2.79474,3.09714,0,0.523666,4.47552,4.50733e+06,2.70226e+06,1.25968e+07,0,0,0,0,89.9401,98.274,3.94527,0,0,2.14733,1.84493,0,1.65886,2.96352,9.36715e+06,3.61194e+06,2.01143e+07,0,0,0,7.64495e+07
52.6087,85.139,3.3689,0.27,0.06,2.79511,3.09751,0,0.523735,4.47552,4.50733e+06,2.70226e+06,1.25985e+07,0,0,0,0,90.3673,98.274,4.98054,0,0,2.14754,1.84514,0,1.65902,2.96352,9.36715e+06,3.61194e+06,2.01164e+07,0,0,0,7.64495e+07
53.5296,85.139,3.63569,0.28,0.06,2.56217,2.86457,0,0.523803,4.47552,4.50733e+06,2.70226e+06,1.15485e+07,0,0,0,0,90.8682,98.274,3.71393,0,0,1.9624,1.66,0,1.65919,2.96352,9.36715e+06,3.61194e+06,1.83821e+07,0,0,0,7.64495e+07
55.8627,85.139,5.12565,0.32,0.06,2.5625,2.8649,0,0.48015,4.47552,4.50733e+06,2.70226e+06,1.155e+07,0,0,0,0,91.6532,98.274,4.56048,0,0,1.96259,1.66019,0,1.51615,2.96352,9.36715e+06,3.61194e+06,1.83839e+07,0,0,0,7.64495e+07
57.5624,85.139,4.49134,0.34,0.06,2.56284,2.86524,0,0.480213,4.47552,4.50733e+06,2.70226e+06,1.15516e+07,0,0,0,0,92.0391,98.274,3.30359,0,0,1.96279,1.66039,0,1.5163,2.96352,9.36715e+06,3.61194e+06,1.83858e+07,0,0,0,7.64495e+07
61.2543,85.139,6.57867,0.33,0.06,2.56318,2.86558,0,0.480276,4.47552,4.50733e+06,2.70226e+06,1.15531e+07,0,0,0,0,93.5382,98.274,6.28174,0,0,1.96299,1.66059,0,1.51645,2.96352,9.36715e+06,3.61194e+06,1.83876e+07,0,0,0,7.64495e+07
63.9735,85.139,5.62258,0.33,0.06,2.56351,2.86591,0,0.480339,4.47552,4.50733e+06,2.70226e+06,1.15546e+07,0,0,0,0,94.5054,98.274,5.31844,0,0,1.96318,1.66078,0,1.5166,2.96352,9.36715e+06,3.61194e+06,1.83894e+07,0,0,0,7.64495e+07
63.0224,85.139,1.95967,0.31,0.06,2.65363,2.95603,0,0.480402,4.47552,4.50733e+06,2.70226e+06,1.19608e+07,0,0,0,0,94.8225,98.274,3.79781,0,0,2.01708,1.71468,0,1.51675,2.96352,9.36715e+06,3.61194e+06,1.88943e+07,0,0,0,7.64495e+07
62.9312,85.139,2.97845,0.33,0.06,2.65396,2.95636,0,0.497291,4.47552,4.50733e+06,2.70226e+06,1.19623e+07,0,0,0,0,95.5947,98.274,4.24417,0,0,2.01727,1.71487,0,1.55839,2.96352,9.36715e+06,3.61194e+06,1.88961e+07,0,0,0,7.64495e+07
62.5186,85.139,2.58855,0.33,0.06,2.65429,2.95669,0,0.497352,4.47552,4.50733e+06,2.70226e+06,1.19638e+07,0,0,0,0,96.7432,98.274,5.49946,0,0,2.01746,1.71506,0,1.55854,2.96352,9.36715e+06,3.61194e+06,1.88978e+07,0,0,0,7.64495e+07
63.4349,85.139,4.09433,0.36,0.06,2.65462,2.95702,0,0.497414,4.47552,4.50733e+06,2.70226e+06,1.19652e+07,0,0,0,0,99.1136,98.274,8.28484,0,0,2.01765,1.71525,0,1.55869,2.96352,9.36715e+06,3.61194e+06,1.88996e+07,0,0,0,7.64495e+07
63.5599,85.139,3.62821,0.38,0.06,2.9434,3.2458,0,0.497475,4.47552,4.50733e+06,2.70226e+06,1.32669e+07,0,0,0,0,99.3022,98.274,6.78185,0,0,2.21954,1.91714,0,1.55883,2.96352,9.36715e+06,3.61194e+06,2.07907e+07,0,0,0,7.64495e+07
63.9034,85.139,3.65277,0.39,0.06,2.87004,3.24616,0,0.551593,4.47552,4.50733e+06,3.08451e+06,1.29362e+07,0,0,0,0,99.3022,98.274,4.36779,0,0,2.17621,1.91735,0,1.71481,2.96352,9.36715e+06,4.12287e+06,2.03849e+07,0,0,0,7.64495e+07
63.6422,85.139,3.09466,0.39,0.06,2.8704,3.24652,0,0.537846,4.47552,4.50733e+06,3.08451e+06,1.29378e+07,0,0,0,0,99.3022,98.274,4.7342,0,0,2.17642,1.91756,0,1.68134,2.96352,9.36715e+06,4.12287e+06,2.03868e+07,0,0,0,7.64495e+07
66.2569,85.139,5.82762,0.41,0.06,2.57583,3.24688,0,0.537912,4.47552,4.50733e+06,3.70142e+06,1.16101e+07,0,0,0,0,99.3022,98.274,8.49971,0,0,2.00243,1.91777,0,1.6815,2.96352,9.36715e+06,4.94745e+06,1.87571e+07,0,0,0,7.64495e+07
68.2158,85.139,4.84575,0.42,0.06,2.21127,2.83563,0,0.48271,4.47552,4.50733e+06,3.70142e+06,9.96695e+06,0,0,0,0,99.3022,98.274,7.38819,0,0,1.76256,1.64718,0,1.54708,2.96352,9.36715e+06,4.94745e+06,1.65102e+07,0,0,0,7.64495e+07
71.8377,85.139,6.88981,0.37,0.06,2.53354,2.83594,0,0.414393,4.47552,4.50733e+06,2.70226e+06,1.14195e+07,0,0,0,0,99.3022,98.274,9.08956,0,0,1.94977,1.64737,0,1.36176,2.96352,9.36715e+06,3.61194e+06,1.82638e+07,0,0,0,7.64495e+07
73.3024,85.139,4.299,0.45,0.06,2.21183,2.83626,0,0.474786,4.47552,4.50733e+06,3.70142e+06,9.96946e+06,0,0,0,0,99.3022,98.274,6.07209,0,0,1.76289,1.64755,0,1.50639,2.96352,9.36715e+06,4.94745e+06,1.65132e+07,0,0,0,7.64495e+07
74.6953,85.139,4.15471,0.46,0.06,2.21211,2.83657,0,0.414497,4.47552,4.50733e+06,3.70142e+06,9.97072e+06,0,0,0,0,99.3022,98.274,6.45212,0,0,1.76305,1.64773,0,1.36201,2.96352,9.36715e+06,4.94745e+06,1.65148e+07,0,0,0,7.64495e+07
75.7346,85.139,4.12001,0.38,0.06,2.53449,2.83689,0,0.414549,4.47552,4.50733e+06,2.70226e+06,1.14238e+07,0,0,0,0,99.3022,98.274,5.05068,0,0,1.95031,1.64791,0,1.36213,2.96352,9.36715e+06,3.61194e+06,1.82689e+07,0,0,0,7.64495e+07
78.3854,85.139,5.67607,0.4,0.06,2.30456,2.94087,0,0.474963,4.47552,4.50733e+06,3.70142e+06,1.03874e+07,0,0,0,0,99.3022,98.274,8.91359,0,0,1.82213,1.71438,0,1.50681,2.96352,9.36715e+06,4.94745e+06,1.70682e+07,0,0,0,7.64495e+07
81.6504,85.139,6.32999,0.43,0.06,2.30485,2.94119,0,0.431875,4.47552,4.50733e+06,3.70142e+06,1.03887e+07,0,0,0,0,99.3022,98.274,9.06507,0,0,1.8223,1.71457,0,1.40778,2.96352,9.36715e+06,4.94745e+06,1.70698e+07,0,0,0,7.64495e+07
82.827,85.139,4.48345,0.34,0.06,2.63912,2.94152,0,0.431929,4.47552,4.50733e+06,2.70226e+06,1.18954e+07,0,0,0,0,99.3022,98.274,7.3564,0,0,2.01716,1.71476,0,1.40791,2.96352,9.36715e+06,3.61194e+06,1.88951e+07,0,0,0,7.64495e+07
83.6481,85.139,4.01319,0.33,0.06,2.63944,2.94184,0,0.49457,4.47552,4.50733e+06,2.70226e+06,1.18968e+07,0,0,0,0,99.3022,98.274,6.35791,0,0,2.01735,1.71495,0,1.55846,2.96352,9.36715e+06,3.61194e+06,1.88969e+07,0,0,0,7.64495e+07
84.4579,85.139,3.89537,0.29,0.06,2.59922,2.90162,0,0.494632,4.47552,4.50733e+06,2.70226e+06,1.17155e+07,0,0,0,0,99.3022,98.274,5.68421,0,0,1.99179,1.68939,0,1.55861,2.96352,9.36715e+06,3.61194e+06,1.86574e+07,0,0,0,7.64495e+07
84.6969,85.139,3.27438,0.27,0.06,2.59954,2.90194,0,0.487094,4.47552,4.50733e+06,2.70226e+06,1.1717e+07,0,0,0,0,99.3022,98.274,5.38503,0,0,1.99197,1.68957,0,1.53885,2.96352,9.36715e+06,3.61194e+06,1.86591e+07,0,0,0,7.64495e+07
84.9349,85.139,3.25252,0.25,0.06,2.59986,2.90226,0,0.487154,4.47552,4.50733e+06,2.70226e+06,1.17184e+07,0,0,0,0,99.3022,98.274,5.38541,0,0,1.99216,1.68976,0,1.539,2.96352,9.36715e+06,3.61194e+06,1.86609e+07,0,0,0,7.64495e+07
85.0321,85.139,3.02627,0.21,0.06,2.60018,2.90258,0,0.487214,4.47552,4.50733e+06,2.70226e+06,1.17199e+07,0,0,0,0,99.3022,98.274,5.46923,0,0,1.99235,1.68995,0,1.53914,2.96352,9.36715e+06,3.61194e+06,1.86626e+07,0,0,0,7.64495e+07
84.7759,85.139,2.79403,0.19,0.06,2.73821,3.04061,0,0.487274,4.47552,4.50733e+06,2.70226e+06,1.2342e+07,0,0,0,0,99.3022,98.274,4.25774,0,0,2.08391,1.78151,0,1.53929,2.96352,9.36715e+06,3.61194e+06,1.95203e+07,0,0,0,7.64495e+07
84.3144,85.139,2.58985,0.18,0.06,2.73855,3.04095,0,0.513141,4.47552,4.50733e+06,2.70226e+06,1.23435e+07,0,0,0,0,99.3022,98.274,4.06801,0,0,2.08411,1.78171,0,1.61003,2.96352,9.36715e+06,3.61194e+06,1.95222e+07,0,0,0,7.64495e+07
83.7394,85.139,2.41481,0.15,0.06,2.73888,3.04128,0,0.513204,4.47552,4.50733e+06,2.70226e+06,1.23451e+07,0,0,0,0,99.3022,98.274,3.68575,0,0,2.08431,1.78191,0,1.61018,2.96352,9.36715e+06,3.61194e+06,1.9524e+07,0,0,0,7.64495e+07
83.0292,85.139,2.25632,0.15,0.06,2.73922,3.04162,0,0.513267,4.47552,4.50733e+06,2.70226e+06,1.23466e+07,0,0,0,0,99.3022,98.274,3.68752,0,0,2.08451,1.78211,0,1.61034,2.96352,9.36715e+06,3.61194e+06,1.95259e+07,0,0,0,7.64495e+07
82.5285,85.139,2.42144,0.14,0.06,2.73956,3.04196,0,0.51333,4.47552,4.50733e+06,2.70226e+06,1.23481e+07,0,0,0,0,99.3022,98.274,3.56518,0,0,2.0847,1.7823,0,1.61049,2.96352,9.36715e+06,3.61194e+06,1.95277e+07,0,0,0,7.64495e+07
82.3302,85.139,2.66857,0.14,0.06,2.71265,3.01505,0,0.513393,4.47552,4.50733e+06,2.70226e+06,1.22268e+07,0,0,0,0,99.2533,98.274,3.14276,0,0,2.13515,1.83275,0,1.61064,2.96352,9.36715e+06,3.61194e+06,2.00003e+07,0,0,0,7.64495e+07
81.9149,85.139,2.44904,0.13,0.06,2.71298,3.01538,0,0.50835,4.47552,4.50733e+06,2.70226e+06,1.22283e+07,0,0,0,0,99.1836,98.274,3.14972,0,0,2.13535,1.83295,0,1.64962,2.96352,9.36715e+06,3.61194e+06,2.00022e+07,0,0,0,7.64495e+07
81.302,85.139,2.24164,0.12,0.06,2.71332,3.01572,0,0.508413,4.47552,4.50733e+06,2.70226e+06,1.22298e+07,0,0,0,0,99.0589,98.274,2.8035,0,0,2.13556,1.83316,0,1.64977,2.96352,9.36715e+06,3.61194e+06,2.00041e+07,0,0,0,7.64495e+07
80.5401,85.139,2.05835,0.11,0.06,2.71365,3.01605,0,0.508475,4.47552,4.50733e+06,2.70226e+06,1.22313e+07,0,0,0,0,98.849,98.274,2.74262,0,0,2.13576,1.83336,0,1.64993,2.96352,9.36715e+06,3.61194e+06,2.0006e+07,0,0,0,7.64495e+07
79.694,85.139,2.03705,0.11,0.06,2.78438,3.08678,0,0.508538,4.47552,4.50733e+06,2.70226e+06,1.25501e+07,0,0,0,0,98.6024,98.274,2.64371,0,0,2.18077,1.87837,0,1.65009,2.96352,9.36715e+06,3.61194e+06,2.04276e+07,0,0,0,7.64495e+07
78.8053,85.139,1.98939,0.11,0.06,2.78472,3.08712,0,0.521793,4.47552,4.50733e+06,2.70226e+06,1.25517e+07,0,0,0,0,98.2978,98.274,2.7481,0,0,2.18098,1.87858,0,1.68486,2.96352,9.36715e+06,3.61194e+06,2.04295e+07,0,0,0,7.64495e+07
77.8008,85.139,1.85825,0.16,0.06,2.78507,3.08747,0,0.521857,4.47552,4.50733e+06,2.70226e+06,1.25532e+07,0,0,0,0,97.9428,98.274,2.583,0,0,2.18118,1.87878,0,1.68502,2.96352,9.36715e+06,3.61194e+06,2.04315e+07,0,0,0,7.64495e+07
76.6576,85.139,1.70561,0.16,0.06,2.78541,3.08781,0,0.521921,4.47552,4.50733e+06,2.70226e+06,1.25548e+07,0,0,0,0,97.5816,98.274,2.43729,0,0,2.18139,1.87899,0,1.68518,2.96352,9.36715e+06,3.61194e+06,2.04334e+07,0,0,0,7.64495e+07
75.398,85.139,1.77156,0.16,0.06,2.99199,3.29439,0,0.521985,4.47552,4.50733e+06,2.70226e+06,1.34859e+07,0,0,0,0,97.2849,98.274,2.83607,0,0,2.34339,2.04099,0,1.68534,2.96352,9.36715e+06,3.61194e+06,2.19509e+07,0,0,0,7.64495e+07
73.7933,85.139,1.43705,0.14,0.06,2.99236,3.29476,0,0.5607,4.47552,4.50733e+06,2.70226e+06,1.34876e+07,0,0,0,0,96.8816,98.274,2.2414,0,0,2.34362,2.04122,0,1.8105,2.96352,9.36715e+06,3.61194e+06,2.1953e+07,0,0,0,7.64495e+07
72.5325,85.139,1.77032,0.14,0.06,2.99272,3.29512,0,0.560768,4.47552,4.50733e+06,2.70226e+06,1.34892e+07,0,0,0,0,96.5136,98.274,2.58379,0,0,2.34384,2.04144,0,1.81068,2.96352,9.36715e+06,3.61194e+06,2.19552e+07,0,0,0,7.64495e+07
70.953,85.139,1.43569,0.19,0.06,2.99309,3.29549,0,0.560836,4.47552,4.50733e+06,2.70226e+06,1.34908e+07,0,0,0,0,96.1007,98.274,2.25475,0,0,2.34407,2.04167,0,1.81085,2.96352,9.36715e+06,3.61194e+06,2.19573e+07,0,0,0,7.64495e+07
69.5453,85.139,1.65954,0.19,0.06,2.99345,3.29585,0,0.560905,4.47552,4.50733e+06,2.70226e+06,1.34925e+07,0,0,0,0,95.9175,98.274,2.99684,0,0,2.3443,2.0419,0,1.81103,2.96352,9.36715e+06,3.61194e+06,2.19594e+07,0,0,0,7.64495e+07
68.8732,85.139,2.36862,0.19,0.06,2.89325,3.19565,0,0.560973,4.47552,4.50733e+06,2.70226e+06,1.30408e+07,0,0,0,0,96.3944,98.274,5.28348,0,0,2.24627,1.94387,0,1.8112,2.96352,9.36715e+06,3.61194e+06,2.10411e+07,0,0,0,7.64495e+07
68.1168,85.139,2.22879,0.19,0.06,2.8936,3.196,0,0.542195,4.47552,4.50733e+06,2.70226e+06,1.30424e+07,0,0,0,0,96.9105,98.274,5.09662,0,0,2.24648,1.94408,0,1.73547,2.96352,9.36715e+06,3.61194e+06,2.10432e+07,0,0,0,7.64495e+07
67.3127,85.139,2.23909,0.18,0.06,2.89396,3.19636,0,0.542261,4.47552,4.50733e+06,2.70226e+06,1.3044e+07,0,0,0,0,97.3894,98.274,4.62467,0,0,2.2467,1.9443,0,1.73563,2.96352,9.36715e+06,3.61194e+06,2.10452e+07,0,0,0,7.64495e+07
69.1085,85.139,5.00159,0.23,0.06,2.89431,3.19671,0,0.542327,4.47552,4.50733e+06,2.70226e+06,1.30456e+07,0,0,0,0,98.388,98.274,6.44849,0,0,2.24691,1.94451,0,1.7358,2.96352,9.36715e+06,3.61194e+06,2.10472e+07,0,0,0,7.64495e+07
70.7211,85.139,4.8158,0.17,0.06,2.81208,3.11448,0,0.542394,4.47552,4.50733e+06,2.70226e+06,1.2675e+07,0,0,0,0,99.3022,98.274,7.67491,0,0,2.15765,1.85525,0,1.73597,2.96352,9.36715e+06,3.61194e+06,2.02111e+07,0,0,0,7.64495e+07
73.254,85.139,5.86066,0.17,0.06,2.81242,3.11482,0,0.526983,4.47552,4.50733e+06,2.70226e+06,1.26765e+07,0,0,0,0,99.3022,98.274,8.78221,0,0,2.15786,1.85546,0,1.667,2.96352,9.36715e+06,3.61194e+06,2.0213e+07,0,0,0,7.64495e+07
73.7096,85.139,3.89372,0.17,0.06,2.81277,3.11517,0,0.527048,4.47552,4.50733e+06,2.70226e+06,1.26781e+07,0,0,0,0,99.3022,98.274,5.77439,0,0,2.15806,1.85566,0,1.66716,2.96352,9.36715e+06,3.61194e+06,2.02149e+07,0,0,0,7.64495e+07
77.1426,85.139,7.08541,0.18,0.06,2.81311,3.11551,0,0.527113,4.47552,4.50733e+06,2.70226e+06,1.26796e+07,0,0,0,0,99.3022,98.274,10.5152,0,0,2.15827,1.85587,0,1.66732,2.96352,9.36715e+06,3.61194e+06,2.02168e+07,0,0,0,7.64495e+07
84.7378,85.139,11.3861,0.16,0.06,2.5788,2.8812,0,0.527177,4.47552,4.50733e+06,2.70226e+06,1.16235e+07,0,0,0,0,99.3022,98.274,11.1139,0,0,1.97204,1.66964,0,1.66748,2.96352,9.36715e+06,3.61194e+06,1.84724e+07,0,0,0,7.64495e+07
85.139,85.139,10.17,0.15,0.06,2.57912,2.88152,0,0.483267,4.47552,4.50733e+06,2.70226e+06,1.16249e+07,0,0,0,0,99.3022,98.274,10.5941,0,0,1.97222,1.66982,0,1.5236,2.96352,9.36715e+06,3.61194e+06,1.84741e+07,0,0,0,7.64495e+07
85.139,85.139,12.7222,0.14,0.06,2.57944,2.88184,0,0.483327,4.47552,4.50733e+06,2.70226e+06,1.16264e+07,0,0,0,0,99.3022,98.274,13.2687,0,0,1.97241,1.67001,0,1.52374,2.96352,9.36715e+06,3.61194e+06,1.84759e+07,0,0,0,7.64495e+07
85.139,85.139,13.0538,0.13,0.06,2.57976,2.88216,0,0.483387,4.47552,4.50733e+06,2.70226e+06,1.16278e+07,0,0,0,0,99.3022,98.274,17.7348,0,0,1.97259,1.67019,0,1.52388,2.96352,9.36715e+06,3.61194e+06,1.84776e+07,0,0,0,7.64495e+07
85.139,85.139,11.1097,0.14,0.06,2.58008,2.88248,0,0.483446,4.47552,4.50733e+06,2.70226e+06,1.16293e+07,0,0,0,0,99.3022,98.274,15.0651,0,0,1.97278,1.67038,0,1.52403,2.96352,9.36715e+06,3.61194e+06,1.84793e+07,0,0,0,7.64495e+07
85.139,85.139,3.18649,0.14,0.08,2.6707,2.9731,0,0.483506,4.47552,4.50733e+06,2.70226e+06,1.20377e+07,0,0,0,0,99.3022,98.274,4.95245,0,0,2.02698,1.72458,0,1.52417,2.96352,9.36715e+06,3.61194e+06,1.8987e+07,0,0,0,7.64495e+07
84.5514,85.139,2.54398,0.14,0.08,2.67101,2.97341,0,0.500489,4.47552,4.50733e+06,2.70226e+06,1.20391e+07,0,0,0,0,99.3022,98.274,4.15059,0,0,2.02715,1.72475,0,1.56604,2.96352,9.36715e+06,3.61194e+06,1.89887e+07,0,0,0,7.64495e+07
84.337,85.139,2.89944,0.18,0.08,2.67132,2.97372,0,0.500547,4.47552,4.50733e+06,2.70226e+06,1.20405e+07,0,0,0,0,99.3022,98.274,4.75971,0,0,2.02733,1.72493,0,1.56618,2.96352,9.36715e+06,3.61194e+06,1.89904e+07,0,0,0,7.64495e+07
83.9009,85.139,2.66057,0.19,0.08,2.67163,2.97403,0,0.500605,4.47552,4.50733e+06,2.70226e+06,1.20419e+07,0,0,0,0,99.3022,98.274,5.85326,0,0,2.02751,1.72511,0,1.56632,2.96352,9.36715e+06,3.61194e+06,1.8992e+07,0,0,0,7.64495e+07
83.3674,85.139,2.84728,0.2,0.08,2.96204,3.26444,0,0.500663,4.47552,4.50733e+06,2.70226e+06,1.33509e+07,0,0,0,0,99.3022,98.274,4.00955,0,0,2.23055,1.92815,0,1.56646,2.96352,9.36715e+06,3.61194e+06,2.08939e+07,0,0,0,7.64495e+07
82.4019,85.139,2.38285,0.2,0.08,2.96238,3.26478,0,0.555087,4.47552,4.50733e+06,2.70226e+06,1.33524e+07,0,0,0,0,99.3022,98.274,3.84323,0,0,2.23075,1.92835,0,1.72332,2.96352,9.36715e+06,3.61194e+06,2.08958e+07,0,0,0,7.64495e+07
81.4714,85.139,2.36769,0.2,0.08,2.96272,3.26512,0,0.555151,4.47552,4.50733e+06,2.70226e+06,1.3354e+07,0,0,0,0,99.0395,98.274,2.83508,0,0,2.23095,1.92855,0,1.72348,2.96352,9.36715e+06,3.61194e+06,2.08977e+07,0,0,0,7.64495e+07
81.2782,85.139,3.14193,0.21,0.08,2.96306,3.26546,0,0.555214,4.47552,4.50733e+06,2.70226e+06,1.33555e+07,0,0,0,0,98.8687,98.274,4.07564,0,0,2.23115,1.92875,0,1.72363,2.96352,9.36715e+06,3.61194e+06,2.08995e+07,0,0,0,7.64495e+07
84.893,85.139,6.82507,0.23,0.08,2.54944,2.85184,0,0.555278,4.47552,4.50733e+06,2.70226e+06,1.14912e+07,0,0,0,0,99.3022,98.274,7.22874,0,0,1.959,1.6566,0,1.72379,2.96352,9.36715e+06,3.61194e+06,1.83503e+07,0,0,0,7.64495e+07
85.139,85.139,6.46724,0.26,0.08,2.54974,2.85214,0,0.477765,4.47552,4.50733e+06,2.70226e+06,1.14925e+07,0,0,0,0,99.3022,98.274,7.35157,0,0,1.95917,1.65677,0,1.51353,2.96352,9.36715e+06,3.61194e+06,1.83519e+07,0,0,0,7.64495e+07
85.139,85.139,4.50669,0.18,0.08,2.55003,2.85243,0,0.477821,4.47552,4.50733e+06,2.70226e+06,1.14939e+07,0,0,0,0,99.3022,98.274,6.78525,0,0,1.95935,1.65695,0,1.51366,2.96352,9.36715e+06,3.61194e+06,1.83535e+07,0,0,0,7.64495e+07
85.139,85.139,6.09049,0.2,0.08,2.55033,2.85273,0,0.477876,4.47552,4.50733e+06,2.70226e+06,1.14952e+07,0,0,0,0,99.3022,98.274,6.51204,0,0,1.95952,1.65712,0,1.51379,2.96352,9.36715e+06,3.61194e+06,1.83551e+07,0,0,0,7.64495e+07
85.139,85.139,6.2067,0.21,0.08,2.55063,2.85303,0,0.477932,4.47552,4.50733e+06,2.70226e+06,1.14965e+07,0,0,0,0,99.3022,98.274,7.5179,0,0,1.95969,1.65729,0,1.51392,2.96352,9.36715e+06,3.61194e+06,1.83567e+07,0,0,0,7.64495e+07
85.139,85.139,6.86164,0.22,0.08,2.65518,2.95758,0,0.477988,4.47552,4.50733e+06,2.70226e+06,1.19678e+07,0,0,0,0,99.3022,98.274,9.10274,0,0,2.02653,1.72413,0,1.51406,2.96352,9.36715e+06,3.61194e+06,1.89828e+07,0,0,0,7.64495e+07
85.139,85.139,7.63905,0.25,0.08,2.65549,2.95789,0,0.49758,4.47552,4.50733e+06,2.70226e+06,1.19692e+07,0,0,0,0,99.3022,98.274,9.16824,0,0,2.0267,1.7243,0,1.56569,2.96352,9.36715e+06,3.61194e+06,1.89845e+07,0,0,0,7.64495e+07
85.139,85.139,6.31825,0.23,0.08,2.65579,2.95819,0,0.497638,4.47552,4.50733e+06,2.70226e+06,1.19705e+07,0,0,0,0,99.3022,98.274,8.53569,0,0,2.02688,1.72448,0,1.56583,2.96352,9.36715e+06,3.61194e+06,1.89861e+07,0,0,0,7.64495e+07
85.139,85.139,5.08371,0.21,0.08,2.6561,2.9585,0,0.497696,4.47552,4.50733e+06,2.70226e+06,1.19719e+07,0,0,0,0,99.3022,98.274,5.89251,0,0,2.02706,1.72466,0,1.56597,2.96352,9.36715e+06,3.61194e+06,1.89878e+07,0,0,0,7.64495e+07
85.139,85.139,4.76627,0.2,0.08,2.61563,2.91803,0,0.497753,4.47552,4.50733e+06,2.70226e+06,1.17895e+07,0,0,0,0,99.3022,98.274,4.8774,0,0,2.00134,1.69894,0,1.56611,2.96352,9.36715e+06,3.61194e+06,1.87469e+07,0,0,0,7.64495e+07
85.139,85.139,4.71175,0.18,0.08,2.61593,2.91833,0,0.490169,4.47552,4.50733e+06,2.70226e+06,1.17909e+07,0,0,0,0,99.3022,98.274,4.59157,0,0,2.00152,1.69912,0,1.54624,2.96352,9.36715e+06,3.61194e+06,1.87485e+07,0,0,0,7.64495e+07
85.139,85.139,4.06071,0.16,0.08,2.61624,2.91864,0,0.490226,4.47552,4.50733e+06,2.70226e+06,1.17922e+07,0,0,0,0,99.3022,98.274,4.12689,0,0,2.00169,1.69929,0,1.54637,2.96352,9.36715e+06,3.61194e+06,1.87502e+07,0,0,0,7.64495e+07
85.139,85.139,3.90008,0.15,0.08,2.61654,2.91894,0,0.490283,4.47552,4.50733e+06,2.70226e+06,1.17936e+07,0,0,0,0,99.3022,98.274,4.58508,0,0,2.00187,1.69947,0,1.54651,2.96352,9.36715e+06,3.61194e+06,1.87518e+07,0,0,0,7.64495e+07
85.139,85.139,3.6544,0.13,0.08,2.75532,3.05772,0,0.49034,4.47552,4.50733e+06,2.70226e+06,1.24192e+07,0,0,0,0,99.3022,98.274,4.32204,0,0,2.09394,1.79154,0,1.54665,2.96352,9.36715e+06,3.61194e+06,1.96143e+07,0,0,0,7.64495e+07
85.139,85.139,3.14957,0.12,0.08,2.75564,3.05804,0,0.516348,4.47552,4.50733e+06,2.70226e+06,1.24206e+07,0,0,0,0,99.3022,98.274,3.56501,0,0,2.09413,1.79173,0,1.61778,2.96352,9.36715e+06,3.61194e+06,1.9616e+07,0,0,0,7.64495e+07
84.8401,85.139,2.74192,0.12,0.08,2.75596,3.05836,0,0.516407,4.47552,4.50733e+06,2.70226e+06,1.2422e+07,0,0,0,0,99.3022,98.274,3.49282,0,0,2.09431,1.79191,0,1.61792,2.96352,9.36715e+06,3.61194e+06,1.96178e+07,0,0,0,7.64495e+07
84.2814,85.139,2.47001,0.18,0.08,2.75628,3.05868,0,0.516467,4.47552,4.50733e+06,2.70226e+06,1.24235e+07,0,0,0,0,99.1679,98.274,3.01888,0,0,2.0945,1.7921,0,1.61807,2.96352,9.36715e+06,3.61194e+06,1.96195e+07,0,0,0,7.64495e+07
83.5222,85.139,2.21874,0.17,0.08,2.7566,3.059,0,0.516526,4.47552,4.50733e+06,2.70226e+06,1.24249e+07,0,0,0,0,98.9692,98.274,2.91449,0,0,2.09469,1.79229,0,1.61821,2.96352,9.36715e+06,3.61194e+06,1.96212e+07,0,0,0,7.64495e+07
82.5975,85.139,1.97843,0.17,0.08,2.72951,3.03191,0,0.516586,4.47552,4.50733e+06,2.70226e+06,1.23028e+07,0,0,0,0,98.6218,98.274,2.30089,0,0,2.1454,1.843,0,1.61835,2.96352,9.36715e+06,3.61194e+06,2.00963e+07,0,0,0,7.64495e+07
81.5367,85.139,1.83625,0.14,0.08,2.72983,3.03223,0,0.511511,4.47552,4.50733e+06,2.70226e+06,1.23042e+07,0,0,0,0,98.2373,98.274,2.26128,0,0,2.1456,1.8432,0,1.65754,2.96352,9.36715e+06,3.61194e+06,2.00981e+07,0,0,0,7.64495e+07
80.3225,85.139,1.67353,0.14,0.08,2.73014,3.03254,0,0.51157,4.47552,4.50733e+06,2.70226e+06,1.23057e+07,0,0,0,0,97.7702,98.274,2.07453,0,0,2.14579,1.84339,0,1.65769,2.96352,9.36715e+06,3.61194e+06,2.00999e+07,0,0,0,7.64495e+07
78.9923,85.139,1.52895,0.15,0.08,2.73046,3.03286,0,0.511629,4.47552,4.50733e+06,2.70226e+06,1.23071e+07,0,0,0,0,97.3281,98.274,1.98889,0,0,2.14598,1.84358,0,1.65783,2.96352,9.36715e+06,3.61194e+06,2.01017e+07,0,0,0,7.64495e+07
77.7729,85.139,1.67498,0.2,0.08,2.80156,3.10396,0,0.511688,4.47552,4.50733e+06,2.70226e+06,1.26276e+07,0,0,0,0,96.9081,98.274,2.1558,0,0,2.19122,1.88882,0,1.65798,2.96352,9.36715e+06,3.61194e+06,2.05255e+07,0,0,0,7.64495e+07
76.5588,85.139,1.66892,0.19,0.08,2.80189,3.10429,0,0.525013,4.47552,4.50733e+06,2.70226e+06,1.2629e+07,0,0,0,0,96.4942,98.274,2.21553,0,0,2.19142,1.88902,0,1.69294,2.96352,9.36715e+06,3.61194e+06,2.05274e+07,0,0,0,7.64495e+07
75.1461,85.139,1.4578,0.17,0.08,2.80221,3.10461,0,0.525073,4.47552,4.50733e+06,2.70226e+06,1.26305e+07,0,0,0,0,96.0102,98.274,2.05685,0,0,2.19162,1.88922,0,1.69309,2.96352,9.36715e+06,3.61194e+06,2.05292e+07,0,0,0,7.64495e+07
73.6339,85.139,1.34417,0.17,0.08,2.80253,3.10493,0,0.525134,4.47552,4.50733e+06,2.70226e+06,1.26319e+07,0,0,0,0,95.509,98.274,1.97776,0,0,2.19181,1.88941,0,1.69324,2.96352,9.36715e+06,3.61194e+06,2.05311e+07,0,0,0,7.64495e+07
71.7173,85.139,1.08701,0.2,0.08,3.01024,3.31264,0,0.525194,4.47552,4.50733e+06,2.70226e+06,1.35682e+07,0,0,0,0,94.9274,98.274,1.95389,0,0,2.3547,2.0523,0,1.69339,2.96352,9.36715e+06,3.61194e+06,2.20568e+07,0,0,0,7.64495e+07
69.6855,85.139,0.969677,0.2,0.08,3.01059,3.31299,0,0.564119,4.47552,4.50733e+06,2.70226e+06,1.35697e+07,0,0,0,0,94.4397,98.274,1.85475,0,0,2.35491,2.05251,0,1.81924,2.96352,9.36715e+06,3.61194e+06,2.20588e+07,0,0,0,7.64495e+07
68.0186,85.139,1.32114,0.2,0.08,3.01093,3.31333,0,0.564184,4.47552,4.50733e+06,2.70226e+06,1.35713e+07,0,0,0,0,94.0014,98.274,2.08727,0,0,2.35512,2.05272,0,1.8194,2.96352,9.36715e+06,3.61194e+06,2.20608e+07,0,0,0,7.64495e+07
66.9164,85.139,1.93677,0.23,0.08,3.01128,3.31368,0,0.564248,4.47552,4.50733e+06,2.70226e+06,1.35728e+07,0,0,0,0,93.736,98.274,2.44714,0,0,2.35534,2.05294,0,1.81957,2.96352,9.36715e+06,3.61194e+06,2.20628e+07,0,0,0,7.64495e+07
65.4443,85.139,1.57046,0.23,0.08,3.01162,3.31402,0,0.564313,4.47552,4.50733e+06,2.70226e+06,1.35744e+07,0,0,0,0,92.8649,98.274,2.04005,0,0,2.35555,2.05315,0,1.81973,2.96352,9.36715e+06,3.61194e+06,2.20648e+07,0,0,0,7.64495e+07
63.4959,85.139,1.02095,0.23,0.08,2.91084,3.21324,0,0.564378,4.47552,4.50733e+06,2.70226e+06,1.31201e+07,0,0,0,0,91.8395,98.274,1.27178,0,0,2.25697,1.95457,0,1.8199,2.96352,9.36715e+06,3.61194e+06,2.11414e+07,0,0,0,7.64495e+07
61.6099,85.139,1.06983,0.23,0.08,2.91117,3.21357,0,0.545491,4.47552,4.50733e+06,2.70226e+06,1.31216e+07,0,0,0,0,90.9918,98.274,1.28633,0,0,2.25717,1.95477,0,1.74373,2.96352,9.36715e+06,3.61194e+06,2.11433e+07,0,0,0,7.64495e+07
60.1257,85.139,1.44843,0.24,0.08,2.91151,3.21391,0,0.545554,4.47552,4.50733e+06,2.70226e+06,1.31231e+07,0,0,0,0,90.3947,98.274,1.59331,0,0,2.25737,1.95497,0,1.74389,2.96352,9.36715e+06,3.61194e+06,2.11452e+07,0,0,0,7.64495e+07
58.8736,85.139,1.76026,0.24,0.08,2.91184,3.21424,0,0.545617,4.47552,4.50733e+06,2.70226e+06,1.31246e+07,0,0,0,0,89.8638,98.274,2.08785,0,0,2.25758,1.95518,0,1.74405,2.96352,9.36715e+06,3.61194e+06,2.11471e+07,0,0,0,7.64495e+07
56.9452,85.139,0.949615,0.24,0.08,2.82914,3.13154,0,0.545679,4.47552,4.50733e+06,2.70226e+06,1.27519e+07,0,0,0,0,89.2373,98.274,1.67228,0,0,2.16781,1.86541,0,1.7442,2.96352,9.36715e+06,3.61194e+06,2.03063e+07,0,0,0,7.64495e+07
54.9662,85.139,0.888332,0.24,0.08,2.82946,3.13186,0,0.53018,4.47552,4.50733e+06,2.70226e+06,1.27533e+07,0,0,0,0,88.7057,98.274,1.82946,0,0,2.16801,1.86561,0,1.67485,2.96352,9.36715e+06,3.61194e+06,2.03081e+07,0,0,0,7.64495e+07
53.3267,85.139,1.27176,0.27,0.08,2.82979,3.13219,0,0.530241,4.47552,4.50733e+06,2.70226e+06,1.27548e+07,0,0,0,0,88.3572,98.274,2.12661,0,0,2.1682,1.8658,0,1.675,2.96352,9.36715e+06,3.61194e+06,2.03099e+07,0,0,0,7.64495e+07
53.011,85.139,2.61785,0.28,0.08,2.83011,3.13251,0,0.530302,4.47552,4.50733e+06,2.70226e+06,1.27563e+07,0,0,0,0,88.4049,98.274,3.50666,0,0,2.1684,1.866,0,1.67515,2.96352,9.36715e+06,3.61194e+06,2.03117e+07,0,0,0,7.64495e+07
53.1533,85.139,3.00859,0.29,0.08,2.5945,2.8969,0,0.530363,4.47552,4.50733e+06,2.70226e+06,1.16943e+07,0,0,0,0,88.5329,98.274,2.80173,0,0,1.98114,1.67874,0,1.6753,2.96352,9.36715e+06,3.61194e+06,1.85576e+07,0,0,0,7.64495e+07
53.9269,85.139,3.73614,0.33,0.08,2.5948,2.8972,0,0.486209,4.47552,4.50733e+06,2.70226e+06,1.16956e+07,0,0,0,0,88.9644,98.274,3.49386,0,0,1.98131,1.67891,0,1.53063,2.96352,9.36715e+06,3.61194e+06,1.85593e+07,0,0,0,7.64495e+07
54.0438,85.139,3.02248,0.34,0.08,2.5951,2.8975,0,0.486266,4.47552,4.50733e+06,2.70226e+06,1.1697e+07,0,0,0,0,89.3763,98.274,4.62653,0,0,1.98149,1.67909,0,1.53076,2.96352,9.36715e+06,3.61194e+06,1.85609e+07,0,0,0,7.64495e+07
54.2763,85.139,3.16374,0.36,0.08,2.5954,2.8978,0,0.486322,4.47552,4.50733e+06,2.70226e+06,1.16983e+07,0,0,0,0,89.9665,98.274,5.90032,0,0,1.98166,1.67926,0,1.5309,2.96352,9.36715e+06,3.61194e+06,1.85625e+07,0,0,0,7.64495e+07
54.9945,85.139,3.39736,0.42,0.08,2.26666,2.89811,0,0.486379,4.47552,4.50733e+06,3.70142e+06,1.02166e+07,0,0,0,0,90.1379,98.274,4.32111,0,0,1.79115,1.67944,0,1.53103,2.96352,9.36715e+06,4.94745e+06,1.6778e+07,0,0,0,7.64495e+07
53.7828,85.139,1.25013,0.45,0.08,2.34741,2.9892,0,0.424772,4.47552,4.50733e+06,3.70142e+06,1.05805e+07,0,0,0,0,89.8841,98.274,2.00693,0,0,1.83945,1.73391,0,1.38385,2.96352,9.36715e+06,4.94745e+06,1.72304e+07,0,0,0,7.64495e+07
53.6785,85.139,2.39796,0.46,0.08,2.34767,2.98949,0,0.439904,4.47552,4.50733e+06,3.70142e+06,1.05817e+07,0,0,0,0,89.6689,98.274,2.47814,0,0,1.8396,1.73408,0,1.42116,2.96352,9.36715e+06,4.94745e+06,1.72318e+07,0,0,0,7.64495e+07
54.4188,85.139,3.37419,0.49,0.08,2.34792,2.98978,0,0.439953,4.47552,4.50733e+06,3.70142e+06,1.05829e+07,0,0,0,0,89.423,98.274,2.42499,0,0,1.83975,1.73425,0,1.42127,2.96352,9.36715e+06,4.94745e+06,1.72332e+07,0,0,0,7.64495e+07
53.9688,85.139,2.15978,0.49,0.08,2.34818,2.99007,0,0.440001,4.47552,4.50733e+06,3.70142e+06,1.0584e+07,0,0,0,0,89.5649,98.274,2.21947,0,0,1.8399,1.73442,0,1.42139,2.96352,9.36715e+06,4.94745e+06,1.72346e+07,0,0,0,7.64495e+07
54.6413,85.139,3.51979,0.5,0.08,2.607,3.28203,0,0.440049,4.47552,4.50733e+06,3.70142e+06,1.17506e+07,0,0,0,0,90.1593,98.274,4.60614,0,0,2.02084,1.93854,0,1.4215,2.96352,9.36715e+06,4.94745e+06,1.89295e+07,0,0,0,7.64495e+07
55.1011,85.139,3.30513,0.52,0.08,2.60728,3.28235,0,0.488551,4.47552,4.50733e+06,3.70142e+06,1.17519e+07,0,0,0,0,89.73,98.274,2.89683,0,0,2.02101,1.93873,0,1.5613,2.96352,9.36715e+06,4.94745e+06,1.89311e+07,0,0,0,7.64495e+07
54.6007,85.139,2.27661,0.53,0.08,2.60756,3.28267,0,0.488604,4.47552,4.50733e+06,3.70142e+06,1.17531e+07,0,0,0,0,89.0871,98.274,2.09902,0,0,2.02117,1.93892,0,1.56143,2.96352,9.36715e+06,4.94745e+06,1.89327e+07,0,0,0,7.64495e+07
53.8691,85.139,2.01803,0.59,0.08,2.60784,3.28299,0,0.488657,4.47552,4.50733e+06,3.70142e+06,1.17544e+07,0,0,0,0,89.0041,98.274,1.88585,0,0,2.02134,1.93911,0,1.56156,2.96352,9.36715e+06,4.94745e+06,1.89342e+07,0,0,0,7.64495e+07
54.9746,85.139,3.70755,0.61,0.08,2.2392,2.86713,0,0.48871,4.47552,4.50733e+06,3.70142e+06,1.00928e+07,0,0,0,0,89.559,98.274,3.68476,0,0,1.77879,1.66548,0,1.56169,2.96352,9.36715e+06,4.94745e+06,1.66622e+07,0,0,0,7.64495e+07
56.485,85.139,4.14334,0.62,0.08,2.23945,2.86741,0,0.419626,4.47552,4.50733e+06,3.70142e+06,1.00939e+07,0,0,0,0,90.6613,98.274,4.73196,0,0,1.77893,1.66564,0,1.37429,2.96352,9.36715e+06,4.94745e+06,1.66635e+07,0,0,0,7.64495e+07
59.3282,85.139,5.67626,0.66,0.08,2.23969,2.86769,0,0.419672,4.47552,4.50733e+06,3.70142e+06,1.0095e+07,0,0,0,0,92.4467,98.274,6.66696,0,0,1.77907,1.66581,0,1.3744,2.96352,9.36715e+06,4.94745e+06,1.66649e+07,0,0,0,7.64495e+07
63.4272,85.139,7.11659,0.64,0.08,2.23994,2.86797,0,0.419718,4.47552,4.50733e+06,3.70142e+06,1.00962e+07,0,0,0,0,94.4917,98.274,7.8006,0,0,1.77922,1.66597,0,1.37451,2.96352,9.36715e+06,4.94745e+06,1.66662e+07,0,0,0,7.64495e+07
66.6246,85.139,6.28951,0.62,0.08,2.24019,2.86824,0,0.419765,4.47552,4.50733e+06,3.70142e+06,1.00973e+07,0,0,0,0,96.0839,98.274,6.80299,0,0,1.77936,1.66613,0,1.37462,2.96352,9.36715e+06,4.94745e+06,1.66675e+07,0,0,0,7.64495e+07
69.7351,85.139,6.20541,0.64,0.08,2.33334,2.97333,0,0.419811,4.47552,4.50733e+06,3.70142e+06,1.05172e+07,0,0,0,0,98.1214,98.274,8.10263,0,0,1.83891,1.73331,0,1.37473,2.96352,9.36715e+06,4.94745e+06,1.72254e+07,0,0,0,7.64495e+07
72.4087,85.139,5.80877,0.58,0.08,2.3336,2.97362,0,0.437269,4.47552,4.50733e+06,3.70142e+06,1.05183e+07,0,0,0,0,98.8662,98.274,5.23727,0,0,1.83906,1.73348,0,1.42074,2.96352,9.36715e+06,4.94745e+06,1.72268e+07,0,0,0,7.64495e+07
73.0389,85.139,3.53537,0.59,0.08,2.33386,2.97391,0,0.437317,4.47552,4.50733e+06,3.70142e+06,1.05195e+07,0,0,0,0,99.1642,98.274,3.78675,0,0,1.83921,1.73365,0,1.42086,2.96352,9.36715e+06,4.94745e+06,1.72282e+07,0,0,0,7.64495e+07
73.1696,85.139,2.97437,0.59,0.08,2.33411,2.9742,0,0.437365,4.47552,4.50733e+06,3.70142e+06,1.05206e+07,0,0,0,0,99.3022,98.274,3.53076,0,0,1.83936,1.73381,0,1.42097,2.96352,9.36715e+06,4.94745e+06,1.72296e+07,0,0,0,7.64495e+07
73.581,85.139,3.15774,0.59,0.08,2.29803,2.93349,0,0.437413,4.47552,4.50733e+06,3.70142e+06,1.0358e+07,0,0,0,0,99.3022,98.274,3.20283,0,0,1.81643,1.70794,0,1.42109,2.96352,9.36715e+06,4.94745e+06,1.70147e+07,0,0,0,7.64495e+07
73.7175,85.139,2.86453,0.6,0.08,2.29828,2.93378,0,0.43065,4.47552,4.50733e+06,3.70142e+06,1.03591e+07,0,0,0,0,99.3022,98.274,3.46162,0,0,1.81657,1.70811,0,1.40337,2.96352,9.36715e+06,4.94745e+06,1.70161e+07,0,0,0,7.64495e+07
73.6883,85.139,2.687,0.55,0.08,2.29853,2.93406,0,0.430698,4.47552,4.50733e+06,3.70142e+06,1.03603e+07,0,0,0,0,99.2691,98.274,2.90354,0,0,1.81672,1.70828,0,1.40348,2.96352,9.36715e+06,4.94745e+06,1.70175e+07,0,0,0,7.64495e+07
74.1329,85.139,3.15182,0.53,0.08,2.29879,2.93435,0,0.430745,4.47552,4.50733e+06,3.70142e+06,1.03614e+07,0,0,0,0,99.2199,98.274,3.11547,0,0,1.81687,1.70844,0,1.4036,2.96352,9.36715e+06,4.94745e+06,1.70189e+07,0,0,0,7.64495e+07
73.5324,85.139,2.46455,0.38,0.08,2.77144,3.07384,0,0.430793,4.47552,4.50733e+06,2.70226e+06,1.24918e+07,0,0,0,0,98.9771,98.274,2.95145,0,0,2.10339,1.80099,0,1.40371,2.96352,9.36715e+06,3.61194e+06,1.97027e+07,0,0,0,7.64495e+07
73.2193,85.139,2.39121,0.47,0.08,2.42271,3.07414,0,0.519369,4.47552,4.50733e+06,3.70142e+06,1.092e+07,0,0,0,0,98.8176,98.274,2.64114,0,0,1.89906,1.80116,0,1.62508,2.96352,9.36715e+06,4.94745e+06,1.77888e+07,0,0,0,7.64495e+07
72.8137,85.139,2.28022,0.44,0.08,2.42297,3.07444,0,0.454016,4.47552,4.50733e+06,3.70142e+06,1.09211e+07,0,0,0,0,98.6302,98.274,2.5403,0,0,1.89921,1.80134,0,1.46721,2.96352,9.36715e+06,4.94745e+06,1.77902e+07,0,0,0,7.64495e+07
72.322,85.139,2.18271,0.4,0.08,2.42324,3.07474,0,0.454065,4.47552,4.50733e+06,3.70142e+06,1.09223e+07,0,0,0,0,98.4538,98.274,2.72035,0,0,1.89937,1.80151,0,1.46733,2.96352,9.36715e+06,4.94745e+06,1.77917e+07,0,0,0,7.64495e+07
71.3267,85.139,1.96409,0.37,0.08,2.77264,3.07504,0,0.454115,4.47552,4.50733e+06,2.70226e+06,1.24972e+07,0,0,0,0,97.9076,98.274,2.44666,0,0,2.10409,1.80169,0,1.46745,2.96352,9.36715e+06,3.61194e+06,1.97093e+07,0,0,0,7.64495e+07
70.0668,85.139,1.58487,0.34,0.08,2.74539,3.04779,0,0.519593,4.47552,4.50733e+06,2.70226e+06,1.23744e+07,0,0,0,0,97.3584,98.274,1.82036,0,0,2.15506,1.85266,0,1.62562,2.96352,9.36715e+06,3.61194e+06,2.01868e+07,0,0,0,7.64495e+07
68.7765,85.139,1.53739,0.3,0.08,2.74569,3.04809,0,0.514487,4.47552,4.50733e+06,2.70226e+06,1.23757e+07,0,0,0,0,96.6799,98.274,1.80014,0,0,2.15524,1.85284,0,1.665,2.96352,9.36715e+06,3.61194e+06,2.01884e+07,0,0,0,7.64495e+07
67.396,85.139,1.40626,0.28,0.08,2.74599,3.04839,0,0.514542,4.47552,4.50733e+06,2.70226e+06,1.23771e+07,0,0,0,0,96.0111,98.274,1.68799,0,0,2.15542,1.85302,0,1.66514,2.96352,9.36715e+06,3.61194e+06,2.01901e+07,0,0,0,7.64495e+07
65.9046,85.139,1.27179,0.35,0.08,2.74628,3.04868,0,0.514598,4.47552,4.50733e+06,2.70226e+06,1.23784e+07,0,0,0,0,95.4626,98.274,1.68954,0,0,2.1556,1.8532,0,1.66528,2.96352,9.36715e+06,3.61194e+06,2.01918e+07,0,0,0,7.64495e+07
64.4693,85.139,1.36385,0.31,0.08,2.81774,3.12014,0,0.514654,4.47552,4.50733e+06,2.70226e+06,1.27005e+07,0,0,0,0,94.9301,98.274,1.87675,0,0,2.20107,1.89867,0,1.66541,2.96352,9.36715e+06,3.61194e+06,2.06177e+07,0,0,0,7.64495e+07
63.0375,85.139,1.34639,0.3,0.08,2.81804,3.12044,0,0.528044,4.47552,4.50733e+06,2.70226e+06,1.27018e+07,0,0,0,0,94.3385,98.274,1.95371,0,0,2.20125,1.89885,0,1.70054,2.96352,9.36715e+06,3.61194e+06,2.06195e+07,0,0,0,7.64495e+07
61.4752,85.139,1.19729,0.3,0.08,2.81834,3.12074,0,0.528101,4.47552,4.50733e+06,2.70226e+06,1.27032e+07,0,0,0,0,93.6438,98.274,1.83588,0,0,2.20143,1.89903,0,1.70069,2.96352,9.36715e+06,3.61194e+06,2.06212e+07,0,0,0,7.64495e+07
59.8263,85.139,1.09031,0.33,0.08,2.81865,3.12105,0,0.528158,4.47552,4.50733e+06,2.70226e+06,1.27046e+07,0,0,0,0,92.8782,98.274,1.73944,0,0,2.20162,1.89922,0,1.70083,2.96352,9.36715e+06,3.61194e+06,2.06229e+07,0,0,0,7.64495e+07
57.9482,85.139,0.987865,0.32,0.08,3.02741,3.32981,0,0.528214,4.47552,4.50733e+06,2.70226e+06,1.36456e+07,0,0,0,0,92.1448,98.274,1.62459,0,0,2.36533,2.06293,0,1.70097,2.96352,9.36715e+06,3.61194e+06,2.21565e+07,0,0,0,7.64495e+07
56.2777,85.139,1.19246,0.29,0.08,3.02774,3.33014,0,0.567337,4.47552,4.50733e+06,2.70226e+06,1.3647e+07,0,0,0,0,91.1384,98.274,1.73531,0,0,2.36554,2.06314,0,1.82746,2.96352,9.36715e+06,3.61194e+06,2.21583e+07,0,0,0,7.64495e+07
54.4112,85.139,0.973674,0.33,0.08,3.02806,3.33046,0,0.567398,4.47552,4.50733e+06,2.70226e+06,1.36485e+07,0,0,0,0,90.5309,98.274,1.23753,0,0,2.36574,2.06334,0,1.82761,2.96352,9.36715e+06,3.61194e+06,2.21602e+07,0,0,0,7.64495e+07
52.7865,85.139,1.1833,0.31,0.08,3.02838,3.33078,0,0.567458,4.47552,4.50733e+06,2.70226e+06,1.36499e+07,0,0,0,0,89.8687,98.274,2.23228,0,0,2.36594,2.06354,0,1.82777,2.96352,9.36715e+06,3.61194e+06,2.21621e+07,0,0,0,7.64495e+07
50.9703,85.139,0.954731,0.3,0.08,3.02871,3.33111,0,0.567519,4.47552,4.50733e+06,2.70226e+06,1.36514e+07,0,0,0,0,89.3109,98.274,1.62493,0,0,2.36614,2.06374,0,1.82792,2.96352,9.36715e+06,3.61194e+06,2.2164e+07,0,0,0,7.64495e+07
49.5997,85.139,1.37474,0.36,0.08,2.92738,3.22978,0,0.56758,4.47552,4.50733e+06,2.70226e+06,1.31947e+07,0,0,0,0,88.8479,98.274,1.98309,0,0,2.26703,1.96463,0,1.82808,2.96352,9.36715e+06,3.61194e+06,2.12356e+07,0,0,0,7.64495e+07
49.1399,85.139,2.25997,0.33,0.08,2.9277,3.2301,0,0.548592,4.47552,4.50733e+06,2.70226e+06,1.31961e+07,0,0,0,0,88.6452,98.274,3.45745,0,0,2.26722,1.96482,0,1.75151,2.96352,9.36715e+06,3.61194e+06,2.12374e+07,0,0,0,7.64495e+07
47.5991,85.139,1.1727,0.33,0.08,2.92801,3.23041,0,0.548651,4.47552,4.50733e+06,2.70226e+06,1.31975e+07,0,0,0,0,88.1293,98.274,2.08365,0,0,2.26741,1.96501,0,1.75166,2.96352,9.36715e+06,3.61194e+06,2.12392e+07,0,0,0,7.64495e+07
46.1139,85.139,1.15967,0.33,0.08,2.92833,3.23073,0,0.54871,4.47552,4.50733e+06,2.70226e+06,1.31989e+07,0,0,0,0,87.6829,98.274,1.87246,0,0,2.26761,1.96521,0,1.7518,2.96352,9.36715e+06,3.61194e+06,2.1241e+07,0,0,0,7.64495e+07
44.6575,85.139,1.20455,0.31,0.08,2.84518,3.14758,0,0.548768,4.47552,4.50733e+06,2.70226e+06,1.28242e+07,0,0,0,0,87.3509,98.274,2.21835,0,0,2.17737,1.87497,0,1.75195,2.96352,9.36715e+06,3.61194e+06,2.03957e+07,0,0,0,7.64495e+07
44.1325,85.139,1.88447,0.41,0.08,2.48807,3.14788,0,0.533186,4.47552,4.50733e+06,3.70142e+06,1.12146e+07,0,0,0,0,87.1761,98.274,2.05125,0,0,1.96465,1.87515,0,1.68224,2.96352,9.36715e+06,4.94745e+06,1.84032e+07,0,0,0,7.64495e+07
45.3944,85.139,3.74384,0.41,0.08,2.48835,3.14819,0,0.466265,4.47552,4.50733e+06,3.70142e+06,1.12158e+07,0,0,0,0,87.795,98.274,4.76481,0,0,1.96481,1.87533,0,1.51789,2.96352,9.36715e+06,4.94745e+06,1.84047e+07,0,0,0,7.64495e+07
45.2656,85.139,2.29169,0.42,0.08,2.48862,3.14849,0,0.466316,4.47552,4.50733e+06,3.70142e+06,1.1217e+07,0,0,0,0,88.1888,98.274,4.2861,0,0,1.96497,1.87552,0,1.51801,2.96352,9.36715e+06,4.94745e+06,1.84062e+07,0,0,0,7.64495e+07
46.8182,85.139,3.95057,0.42,0.08,2.27867,2.91166,0,0.466367,4.47552,4.50733e+06,3.70142e+06,1.02707e+07,0,0,0,0,88.9334,98.274,4.62519,0,0,1.79812,1.68729,0,1.51814,2.96352,9.36715e+06,4.94745e+06,1.68432e+07,0,0,0,7.64495e+07
47.6447,85.139,3.58611,0.38,0.08,2.60954,2.91194,0,0.427023,4.47552,4.50733e+06,2.70226e+06,1.17621e+07,0,0,0,0,90.3351,98.274,6.60924,0,0,1.98985,1.68745,0,1.38923,2.96352,9.36715e+06,3.61194e+06,1.86393e+07,0,0,0,7.64495e+07
49.5684,85.139,4.59854,0.4,0.08,2.27917,2.91222,0,0.489028,4.47552,4.50733e+06,3.70142e+06,1.0273e+07,0,0,0,0,92.5264,98.274,8.21583,0,0,1.79841,1.68762,0,1.53736,2.96352,9.36715e+06,4.94745e+06,1.6846e+07,0,0,0,7.64495e+07
50.6811,85.139,3.83239,0.45,0.08,2.27942,2.91251,0,0.427117,4.47552,4.50733e+06,3.70142e+06,1.02741e+07,0,0,0,0,93.1756,98.274,4.59718,0,0,1.79855,1.68778,0,1.38945,2.96352,9.36715e+06,4.94745e+06,1.68473e+07,0,0,0,7.64495e+07
51.8424,85.139,3.91459,0.5,0.08,2.27968,2.91279,0,0.427164,4.47552,4.50733e+06,3.70142e+06,1.02753e+07,0,0,0,0,93.3312,98.274,3.37992,0,0,1.7987,1.68795,0,1.38956,2.96352,9.36715e+06,4.94745e+06,1.68487e+07,0,0,0,7.64495e+07
56.079,85.139,7.11968,0.46,0.08,2.36082,3.00433,0,0.427211,4.47552,4.50733e+06,3.70142e+06,1.0641e+07,0,0,0,0,94.5551,98.274,6.71574,0,0,1.84723,1.74269,0,1.38967,2.96352,9.36715e+06,4.94745e+06,1.73033e+07,0,0,0,7.64495e+07
58.0892,85.139,4.74659,0.48,0.08,2.36106,3.0046,0,0.442417,4.47552,4.50733e+06,3.70142e+06,1.06421e+07,0,0,0,0,95.3317,98.274,6.13805,0,0,1.84737,1.74285,0,1.42717,2.96352,9.36715e+06,4.94745e+06,1.73046e+07,0,0,0,7.64495e+07
60.3976,85.139,5.08958,0.45,0.08,2.3613,3.00487,0,0.442462,4.47552,4.50733e+06,3.70142e+06,1.06432e+07,0,0,0,0,96.0441,98.274,6.07283,0,0,1.84751,1.74301,0,1.42728,2.96352,9.36715e+06,4.94745e+06,1.73059e+07,0,0,0,7.64495e+07
62.635,85.139,5.04093,0.46,0.08,2.36154,3.00514,0,0.442508,4.47552,4.50733e+06,3.70142e+06,1.06443e+07,0,0,0,0,96.812,98.274,6.2411,0,0,1.84765,1.74316,0,1.42738,2.96352,9.36715e+06,4.94745e+06,1.73072e+07,0,0,0,7.64495e+07
64.2344,85.139,4.57703,0.43,0.08,2.62164,3.29856,0,0.442553,4.47552,4.50733e+06,3.70142e+06,1.18166e+07,0,0,0,0,97.6301,98.274,6.41496,0,0,2.02949,1.9483,0,1.42749,2.96352,9.36715e+06,4.94745e+06,1.90106e+07,0,0,0,7.64495e+07
65.7441,85.139,4.42948,0.42,0.08,2.62191,3.29886,0,0.491296,4.47552,4.50733e+06,3.70142e+06,1.18178e+07,0,0,0,0,98.0169,98.274,4.5798,0,0,2.02965,1.94848,0,1.56798,2.96352,9.36715e+06,4.94745e+06,1.9012e+07,0,0,0,7.64495e+07
68.1795,85.139,5.45379,0.44,0.08,2.62217,3.29915,0,0.491345,4.47552,4.50733e+06,3.70142e+06,1.1819e+07,0,0,0,0,98.4772,98.274,4.64137,0,0,2.0298,1.94865,0,1.56811,2.96352,9.36715e+06,4.94745e+06,1.90135e+07,0,0,0,7.64495e+07
70.2556,85.139,5.54342,0.37,0.08,2.99705,3.29945,0,0.491395,4.47552,4.50733e+06,2.70226e+06,1.35087e+07,0,0,0,0,98.8481,98.274,4.45659,0,0,2.25123,1.94883,0,1.56823,2.96352,9.36715e+06,3.61194e+06,2.10876e+07,0,0,0,7.64495e+07
71.1468,85.139,3.60386,0.41,0.08,2.25193,2.88149,0,0.561648,4.47552,4.50733e+06,3.70142e+06,1.01502e+07,0,0,0,0,99.1231,98.274,3.99611,0,0,1.78618,1.67382,0,1.7393,2.96352,9.36715e+06,4.94745e+06,1.67314e+07,0,0,0,7.64495e+07
73.6123,85.139,5.26474,0.43,0.08,2.25216,2.88175,0,0.422011,4.47552,4.50733e+06,3.70142e+06,1.01512e+07,0,0,0,0,99.3022,98.274,6.55498,0,0,1.78631,1.67397,0,1.38,2.96352,9.36715e+06,4.94745e+06,1.67327e+07,0,0,0,7.64495e+07
75.0038,85.139,4.15806,0.49,0.08,2.25239,2.88201,0,0.422054,4.47552,4.50733e+06,3.70142e+06,1.01523e+07,0,0,0,0,99.3022,98.274,4.14264,0,0,1.78645,1.67413,0,1.38011,2.96352,9.36715e+06,4.94745e+06,1.67339e+07,0,0,0,7.64495e+07
75.6652,85.139,3.62672,0.39,0.08,2.51442,2.88227,0,0.422098,4.47552,4.50733e+06,3.08451e+06,1.13333e+07,0,0,0,0,99.3022,98.274,3.94149,0,0,1.93866,1.67428,0,1.38021,2.96352,9.36715e+06,4.12287e+06,1.81597e+07,0,0,0,7.64495e+07
78.8411,85.139,6.15949,0.43,0.08,2.25285,2.88253,0,0.471202,4.47552,4.50733e+06,3.70142e+06,1.01544e+07,0,0,0,0,99.3022,98.274,6.62254,0,0,1.78672,1.67443,0,1.49781,2.96352,9.36715e+06,4.94745e+06,1.67365e+07,0,0,0,7.64495e+07
81.2643,85.139,5.39422,0.48,0.08,2.34646,2.98812,0,0.422185,4.47552,4.50733e+06,3.70142e+06,1.05763e+07,0,0,0,0,99.3022,98.274,5.18996,0,0,1.84656,1.74193,0,1.38042,2.96352,9.36715e+06,4.94745e+06,1.7297e+07,0,0,0,7.64495e+07
84.3605,85.139,6.42325,0.37,0.08,2.686,2.9884,0,0.439726,4.47552,4.50733e+06,2.70226e+06,1.21067e+07,0,0,0,0,99.3022,98.274,6.3642,0,0,2.04449,1.74209,0,1.42665,2.96352,9.36715e+06,3.61194e+06,1.91511e+07,0,0,0,7.64495e+07
85.139,85.139,4.52047,0.38,0.08,2.68627,2.98867,0,0.503355,4.47552,4.50733e+06,2.70226e+06,1.21079e+07,0,0,0,0,99.3022,98.274,4.02745,0,0,2.04465,1.74225,0,1.57957,2.96352,9.36715e+06,3.61194e+06,1.91525e+07,0,0,0,7.64495e+07
85.139,85.139,4.13423,0.24,0.08,2.68654,2.98894,0,0.503406,4.47552,4.50733e+06,2.70226e+06,1.21091e+07,0,0,0,0,99.3022,98.274,4.21486,0,0,2.04481,1.74241,0,1.57969,2.96352,9.36715e+06,3.61194e+06,1.9154e+07,0,0,0,7.64495e+07
85.139,85.139,4.18662,0.22,0.08,2.64561,2.94801,0,0.503457,4.47552,4.50733e+06,2.70226e+06,1.19246e+07,0,0,0,0,99.3022,98.274,4.17442,0,0,2.0188,1.7164,0,1.57982,2.96352,9.36715e+06,3.61194e+06,1.89104e+07,0,0,0,7.64495e+07
85.139,85.139,3.31432,0.2,0.08,2.64588,2.94828,0,0.495787,4.47552,4.50733e+06,2.70226e+06,1.19258e+07,0,0,0,0,99.3022,98.274,3.56251,0,0,2.01895,1.71655,0,1.55972,2.96352,9.36715e+06,3.61194e+06,1.89118e+07,0,0,0,7.64495e+07
85.139,85.139,3.00327,0.18,0.08,2.64614,2.94854,0,0.495837,4.47552,4.50733e+06,2.70226e+06,1.1927e+07,0,0,0,0,99.1939,98.274,3.19814,0,0,2.01911,1.71671,0,1.55984,2.96352,9.36715e+06,3.61194e+06,1.89133e+07,0,0,0,7.64495e+07
85.1345,85.139,2.91523,0.18,0.08,2.64641,2.94881,0,0.495887,4.47552,4.50733e+06,2.70226e+06,1.19283e+07,0,0,0,0,99.1318,98.274,3.45067,0,0,2.01926,1.71686,0,1.55996,2.96352,9.36715e+06,3.61194e+06,1.89147e+07,0,0,0,7.64495e+07
84.6975,85.139,2.59472,0.25,0.08,2.78657,3.08897,0,0.495937,4.47552,4.50733e+06,2.70226e+06,1.256e+07,0,0,0,0,98.9065,98.274,2.96442,0,0,2.11225,1.80985,0,1.56008,2.96352,9.36715e+06,3.61194e+06,1.97858e+07,0,0,0,7.64495e+07
83.9306,85.139,2.21801,0.22,0.08,2.78685,3.08925,0,0.522204,4.47552,4.50733e+06,2.70226e+06,1.25613e+07,0,0,0,0,98.608,98.274,2.53937,0,0,2.11241,1.81001,0,1.63192,2.96352,9.36715e+06,3.61194e+06,1.97873e+07,0,0,0,7.64495e+07
83.1062,85.139,2.15095,0.2,0.08,2.78713,3.08953,0,0.522256,4.47552,4.50733e+06,2.70226e+06,1.25625e+07,0,0,0,0,98.3451,98.274,2.57655,0,0,2.11258,1.81018,0,1.63205,2.96352,9.36715e+06,3.61194e+06,1.97888e+07,0,0,0,7.64495e+07
82.1819,85.139,2.0396,0.19,0.08,2.78741,3.08981,0,0.522309,4.47552,4.50733e+06,2.70226e+06,1.25638e+07,0,0,0,0,98.0655,98.274,2.46419,0,0,2.11274,1.81034,0,1.63218,2.96352,9.36715e+06,3.61194e+06,1.97904e+07,0,0,0,7.64495e+07
81.1448,85.139,1.90455,0.19,0.08,2.78769,3.09009,0,0.522361,4.47552,4.50733e+06,2.70226e+06,1.25651e+07,0,0,0,0,97.7427,98.274,2.33224,0,0,2.11291,1.81051,0,1.6323,2.96352,9.36715e+06,3.61194e+06,1.97919e+07,0,0,0,7.64495e+07
80.0655,85.139,1.84037,0.19,0.08,2.76029,3.06269,0,0.522414,4.47552,4.50733e+06,2.70226e+06,1.24416e+07,0,0,0,0,97.6368,98.274,2.77169,0,0,2.16411,1.86171,0,1.63243,2.96352,9.36715e+06,3.61194e+06,2.02716e+07,0,0,0,7.64495e+07
78.8226,85.139,1.66163,0.16,0.08,2.76057,3.06297,0,0.517279,4.47552,4.50733e+06,2.70226e+06,1.24428e+07,0,0,0,0,97.4781,98.274,2.49331,0,0,2.16428,1.86188,0,1.67199,2.96352,9.36715e+06,3.61194e+06,2.02732e+07,0,0,0,7.64495e+07
77.5423,85.139,1.58303,0.25,0.08,2.76085,3.06325,0,0.517331,4.47552,4.50733e+06,2.70226e+06,1.24441e+07,0,0,0,0,97.2264,98.274,2.41857,0,0,2.16445,1.86205,0,1.67212,2.96352,9.36715e+06,3.61194e+06,2.02748e+07,0,0,0,7.64495e+07
76.1176,85.139,1.4127,0.24,0.08,2.76113,3.06353,0,0.517383,4.47552,4.50733e+06,2.70226e+06,1.24453e+07,0,0,0,0,96.911,98.274,2.33765,0,0,2.16462,1.86222,0,1.67226,2.96352,9.36715e+06,3.61194e+06,2.02763e+07,0,0,0,7.64495e+07
74.6266,85.139,1.39333,0.22,0.08,2.83291,3.13531,0,0.517435,4.47552,4.50733e+06,2.70226e+06,1.27689e+07,0,0,0,0,96.6064,98.274,2.32915,0,0,2.2103,1.9079,0,1.67239,2.96352,9.36715e+06,3.61194e+06,2.07042e+07,0,0,0,7.64495e+07
73.1979,85.139,1.44157,0.2,0.08,2.83319,3.13559,0,0.530887,4.47552,4.50733e+06,2.70226e+06,1.27701e+07,0,0,0,0,96.3365,98.274,2.43632,0,0,2.21047,1.90807,0,1.70768,2.96352,9.36715e+06,3.61194e+06,2.07058e+07,0,0,0,7.64495e+07
71.6025,85.139,1.2601,0.23,0.08,2.83348,3.13588,0,0.53094,4.47552,4.50733e+06,2.70226e+06,1.27714e+07,0,0,0,0,96.0049,98.274,2.26502,0,0,2.21064,1.90824,0,1.70781,2.96352,9.36715e+06,3.61194e+06,2.07074e+07,0,0,0,7.64495e+07
69.9258,85.139,1.16215,0.23,0.08,2.83376,3.13616,0,0.530993,4.47552,4.50733e+06,2.70226e+06,1.27727e+07,0,0,0,0,95.6182,98.274,2.18149,0,0,2.21082,1.90842,0,1.70794,2.96352,9.36715e+06,3.61194e+06,2.07091e+07,0,0,0,7.64495e+07
67.9282,85.139,0.983054,0.22,0.08,3.04351,3.34591,0,0.531047,4.47552,4.50733e+06,2.70226e+06,1.37181e+07,0,0,0,0,95.0782,98.274,2.12416,0,0,2.37531,2.07291,0,1.70808,2.96352,9.36715e+06,3.61194e+06,2.22499e+07,0,0,0,7.64495e+07
65.9318,85.139,0.964863,0.26,0.08,3.04382,3.34622,0,0.570355,4.47552,4.50733e+06,2.70226e+06,1.37195e+07,0,0,0,0,94.6692,98.274,1.89479,0,0,2.3755,2.0731,0,1.83517,2.96352,9.36715e+06,3.61194e+06,2.22517e+07,0,0,0,7.64495e+07
64.0429,85.139,1.06915,0.25,0.08,3.04412,3.34652,0,0.570411,4.47552,4.50733e+06,2.70226e+06,1.37209e+07,0,0,0,0,94.0742,98.274,2.31025,0,0,2.37569,2.07329,0,1.83531,2.96352,9.36715e+06,3.61194e+06,2.22534e+07,0,0,0,7.64495e+07
61.9761,85.139,0.871088,0.25,0.08,3.04442,3.34682,0,0.570468,4.47552,4.50733e+06,2.70226e+06,1.37222e+07,0,0,0,0,93.605,98.274,1.65555,0,0,2.37587,2.07347,0,1.83546,2.96352,9.36715e+06,3.61194e+06,2.22552e+07,0,0,0,7.64495e+07
60.128,85.139,1.06212,0.27,0.08,3.04473,3.34713,0,0.570525,4.47552,4.50733e+06,2.70226e+06,1.37236e+07,0,0,0,0,93.5053,98.274,2.95829,0,0,2.37606,2.07366,0,1.8356,2.96352,9.36715e+06,3.61194e+06,2.22569e+07,0,0,0,7.64495e+07
58.7424,85.139,1.52616,0.27,0.08,2.9429,3.2453,0,0.570582,4.47552,4.50733e+06,2.70226e+06,1.32646e+07,0,0,0,0,93.5054,98.274,3.12942,0,0,2.27647,1.97407,0,1.83575,2.96352,9.36715e+06,3.61194e+06,2.1324e+07,0,0,0,7.64495e+07
57.4394,85.139,1.59677,0.27,0.08,2.94319,3.24559,0,0.551499,4.47552,4.50733e+06,2.70226e+06,1.32659e+07,0,0,0,0,94.0986,98.274,4.97472,0,0,2.27665,1.97425,0,1.7588,2.96352,9.36715e+06,3.61194e+06,2.13257e+07,0,0,0,7.64495e+07
55.9659,85.139,1.41107,0.27,0.08,2.94349,3.24589,0,0.551554,4.47552,4.50733e+06,2.70226e+06,1.32673e+07,0,0,0,0,94.0984,98.274,3.488,0,0,2.27683,1.97443,0,1.75894,2.96352,9.36715e+06,3.61194e+06,2.13274e+07,0,0,0,7.64495e+07
54.2651,85.139,1.15702,0.3,0.08,2.94378,3.24618,0,0.551609,4.47552,4.50733e+06,2.70226e+06,1.32686e+07,0,0,0,0,93.9287,98.274,2.8413,0,0,2.277,1.9746,0,1.75908,2.96352,9.36715e+06,3.61194e+06,2.13291e+07,0,0,0,7.64495e+07
52.6769,85.139,1.25267,0.29,0.08,2.86021,3.16261,0,0.551664,4.47552,4.50733e+06,2.70226e+06,1.28919e+07,0,0,0,0,93.687,98.274,2.76414,0,0,2.18632,1.88392,0,1.75921,2.96352,9.36715e+06,3.61194e+06,2.04796e+07,0,0,0,7.64495e+07
50.895,85.139,1.0528,0.29,0.08,2.8605,3.1629,0,0.536003,4.47552,4.50733e+06,2.70226e+06,1.28932e+07,0,0,0,0,93.3664,98.274,2.4501,0,0,2.1865,1.8841,0,1.68915,2.96352,9.36715e+06,3.61194e+06,2.04812e+07,0,0,0,7.64495e+07
49.5517,85.139,1.48666,0.38,0.08,2.86078,3.16318,0,0.536057,4.47552,4.50733e+06,2.70226e+06,1.28945e+07,0,0,0,0,93.2596,98.274,2.35701,0,0,2.18667,1.88427,0,1.68929,2.96352,9.36715e+06,3.61194e+06,2.04828e+07,0,0,0,7.64495e+07
50.4416,85.139,3.84764,0.38,0.08,2.86107,3.16347,0,0.536111,4.47552,4.50733e+06,2.70226e+06,1.28958e+07,0,0,0,0,94.5369,98.274,6.92744,0,0,2.18684,1.88444,0,1.68942,2.96352,9.36715e+06,3.61194e+06,2.04844e+07,0,0,0,7.64495e+07
50.3406,85.139,2.65727,0.38,0.08,2.62309,2.92549,0,0.536164,4.47552,4.50733e+06,2.70226e+06,1.18231e+07,0,0,0,0,95.5034,98.274,5.30903,0,0,1.9977,1.6953,0,1.68955,2.96352,9.36715e+06,3.61194e+06,1.87128e+07,0,0,0,7.64495e+07
50.0409,85.139,2.11957,0.4,0.08,2.29117,2.92575,0,0.491567,4.47552,4.50733e+06,3.70142e+06,1.03271e+07,0,0,0,0,96.4908,98.274,4.47609,0,0,1.80536,1.69546,0,1.54343,2.96352,9.36715e+06,4.94745e+06,1.69111e+07,0,0,0,7.64495e+07
51.1001,85.139,3.67897,0.42,0.08,2.2914,2.92602,0,0.429365,4.47552,4.50733e+06,3.70142e+06,1.03281e+07,0,0,0,0,99.3022,98.274,10.3668,0,0,1.80549,1.69561,0,1.39482,2.96352,9.36715e+06,4.94745e+06,1.69123e+07,0,0,0,7.64495e+07
52.6115,85.139,4.16682,0.4,0.08,2.29164,2.92628,0,0.429409,4.47552,4.50733e+06,3.70142e+06,1.03292e+07,0,0,0,0,99.3022,98.274,8.80042,0,0,1.80563,1.69577,0,1.39492,2.96352,9.36715e+06,4.94745e+06,1.69136e+07,0,0,0,7.64495e+07
54.6758,85.139,4.61516,0.46,0.08,2.29187,2.92655,0,0.429453,4.47552,4.50733e+06,3.70142e+06,1.03302e+07,0,0,0,0,99.3022,98.274,5.84621,0,0,1.80577,1.69592,0,1.39503,2.96352,9.36715e+06,4.94745e+06,1.69149e+07,0,0,0,7.64495e+07
55.949,85.139,3.82663,0.48,0.08,2.37338,3.0185,0,0.429497,4.47552,4.50733e+06,3.70142e+06,1.06976e+07,0,0,0,0,99.1761,98.274,4.55546,0,0,1.85451,1.75091,0,1.39514,2.96352,9.36715e+06,4.94745e+06,1.73715e+07,0,0,0,7.64495e+07
56.2579,85.139,2.85397,0.5,0.08,2.37361,3.01875,0,0.444771,4.47552,4.50733e+06,3.70142e+06,1.06986e+07,0,0,0,0,99.3022,98.274,2.71753,0,0,1.85464,1.75106,0,1.4328,2.96352,9.36715e+06,4.94745e+06,1.73727e+07,0,0,0,7.64495e+07
61.1153,85.139,7.69854,0.53,0.08,2.37383,3.01901,0,0.444814,4.47552,4.50733e+06,3.70142e+06,1.06996e+07,0,0,0,0,99.3022,98.274,6.87667,0,0,1.85477,1.7512,0,1.4329,2.96352,9.36715e+06,4.94745e+06,1.7374e+07,0,0,0,7.64495e+07
65.4581,85.139,7.21627,0.48,0.08,2.37406,3.01926,0,0.444856,4.47552,4.50733e+06,3.70142e+06,1.07007e+07,0,0,0,0,99.3022,98.274,7.66976,0,0,1.85491,1.75135,0,1.433,2.96352,9.36715e+06,4.94745e+06,1.73752e+07,0,0,0,7.64495e+07
71.458,85.139,9.51406,0.44,0.08,2.63536,3.31403,0,0.444898,4.47552,4.50733e+06,3.70142e+06,1.18784e+07,0,0,0,0,99.3022,98.274,10.6062,0,0,2.03759,1.95744,0,1.4331,2.96352,9.36715e+06,4.94745e+06,1.90865e+07,0,0,0,7.64495e+07
71.9135,85.139,3.80308,0.37,0.08,3.01191,3.31431,0,0.493866,4.47552,4.50733e+06,2.70226e+06,1.35757e+07,0,0,0,0,99.3022,98.274,4.04376,0,0,2.26,1.9576,0,1.57424,2.96352,9.36715e+06,3.61194e+06,2.11698e+07,0,0,0,7.64495e+07
72.8086,85.139,4.27549,0.38,0.08,3.01219,3.31459,0,0.564432,4.47552,4.50733e+06,2.70226e+06,1.35769e+07,0,0,0,0,99.3022,98.274,4.56456,0,0,2.26017,1.95777,0,1.74608,2.96352,9.36715e+06,3.61194e+06,2.11713e+07,0,0,0,7.64495e+07
73.7464,85.139,4.32879,0.39,0.08,2.93719,3.31487,0,0.564484,4.47552,4.50733e+06,3.08451e+06,1.32389e+07,0,0,0,0,99.3022,98.274,4.25039,0,0,2.21587,1.95793,0,1.74621,2.96352,9.36715e+06,4.12287e+06,2.07564e+07,0,0,0,7.64495e+07
74.5908,85.139,3.63604,0.42,0.08,2.26384,2.89493,0,0.55043,4.47552,4.50733e+06,3.70142e+06,1.02039e+07,0,0,0,0,99.3022,98.274,3.59339,0,0,1.7931,1.68163,0,1.71198,2.96352,9.36715e+06,4.94745e+06,1.67963e+07,0,0,0,7.64495e+07
76.1271,85.139,4.63274,0.34,0.08,2.59277,2.89517,0,0.424244,4.47552,4.50733e+06,2.70226e+06,1.16865e+07,0,0,0,0,99.3022,98.274,6.07964,0,0,1.98417,1.68177,0,1.38535,2.96352,9.36715e+06,3.61194e+06,1.85861e+07,0,0,0,7.64495e+07
77.1462,85.139,4.07613,0.38,0.08,2.59302,2.89542,0,0.485886,4.47552,4.50733e+06,2.70226e+06,1.16876e+07,0,0,0,0,99.3022,98.274,3.87648,0,0,1.98432,1.68192,0,1.53297,2.96352,9.36715e+06,3.61194e+06,1.85874e+07,0,0,0,7.64495e+07
77.7503,85.139,3.36494,0.42,0.08,2.26449,2.89566,0,0.485932,4.47552,4.50733e+06,3.70142e+06,1.02068e+07,0,0,0,0,99.3022,98.274,3.44099,0,0,1.79348,1.68206,0,1.53308,2.96352,9.36715e+06,4.94745e+06,1.67998e+07,0,0,0,7.64495e+07
80.0551,85.139,5.24529,0.46,0.08,2.26471,2.89591,0,0.424366,4.47552,4.50733e+06,3.70142e+06,1.02078e+07,0,0,0,0,99.3022,98.274,5.26356,0,0,1.7936,1.6822,0,1.38564,2.96352,9.36715e+06,4.94745e+06,1.6801e+07,0,0,0,7.64495e+07
82.2378,85.139,5.70987,0.36,0.08,2.69957,3.00197,0,0.424406,4.47552,4.50733e+06,2.70226e+06,1.21679e+07,0,0,0,0,99.3022,98.274,5.64653,0,0,2.0524,1.75,0,1.38574,2.96352,9.36715e+06,3.61194e+06,1.92252e+07,0,0,0,7.64495e+07
83.7468,85.139,4.87004,0.38,0.08,2.69982,3.00222,0,0.505899,4.47552,4.50733e+06,2.70226e+06,1.2169e+07,0,0,0,0,99.3022,98.274,4.25275,0,0,2.05255,1.75015,0,1.58569,2.96352,9.36715e+06,3.61194e+06,1.92266e+07,0,0,0,7.64495e+07
85.139,85.139,4.50427,0.4,0.08,2.35918,3.00247,0,0.505947,4.47552,4.50733e+06,3.70142e+06,1.06336e+07,0,0,0,0,99.3022,98.274,3.77178,0,0,1.85397,1.7503,0,1.5858,2.96352,9.36715e+06,4.94745e+06,1.73664e+07,0,0,0,7.64495e+07
85.139,85.139,4.23646,0.25,0.08,2.70033,3.00273,0,0.44211,4.47552,4.50733e+06,2.70226e+06,1.21713e+07,0,0,0,0,99.3022,98.274,3.46549,0,0,2.05285,1.75045,0,1.43238,2.96352,9.36715e+06,3.61194e+06,1.92293e+07,0,0,0,7.64495e+07
85.139,85.139,3.77849,0.24,0.08,2.65919,2.96159,0,0.506041,4.47552,4.50733e+06,2.70226e+06,1.19859e+07,0,0,0,0,99.2415,98.274,3.03359,0,0,2.0267,1.7243,0,1.58603,2.96352,9.36715e+06,3.61194e+06,1.89845e+07,0,0,0,7.64495e+07
85.139,85.139,3.25541,0.21,0.08,2.65944,2.96184,0,0.498333,4.47552,4.50733e+06,2.70226e+06,1.1987e+07,0,0,0,0,98.9816,98.274,2.73599,0,0,2.02685,1.72445,0,1.56583,2.96352,9.36715e+06,3.61194e+06,1.89858e+07,0,0,0,7.64495e+07
84.9763,85.139,2.90772,0.19,0.08,2.65969,2.96209,0,0.498379,4.47552,4.50733e+06,2.70226e+06,1.19881e+07,0,0,0,0,98.7573,98.274,2.40221,0,0,2.02699,1.72459,0,1.56594,2.96352,9.36715e+06,3.61194e+06,1.89872e+07,0,0,0,7.64495e+07
84.6327,85.139,2.69387,0.3,0.08,2.65994,2.96234,0,0.498426,4.47552,4.50733e+06,2.70226e+06,1.19892e+07,0,0,0,0,98.605,98.274,2.24886,0,0,2.02714,1.72474,0,1.56606,2.96352,9.36715e+06,3.61194e+06,1.89885e+07,0,0,0,7.64495e+07
84.1465,85.139,2.64225,0.27,0.08,2.80073,3.10313,0,0.498473,4.47552,4.50733e+06,2.70226e+06,1.26238e+07,0,0,0,0,98.2721,98.274,2.35663,0,0,2.12054,1.81814,0,1.56617,2.96352,9.36715e+06,3.61194e+06,1.98634e+07,0,0,0,7.64495e+07
83.8979,85.139,2.86095,0.23,0.08,2.80099,3.10339,0,0.524856,4.47552,4.50733e+06,2.70226e+06,1.2625e+07,0,0,0,0,98.1224,98.274,2.40364,0,0,2.12069,1.81829,0,1.63833,2.96352,9.36715e+06,3.61194e+06,1.98649e+07,0,0,0,7.64495e+07
83.3104,85.139,2.50988,0.21,0.08,2.80125,3.10365,0,0.524905,4.47552,4.50733e+06,2.70226e+06,1.26262e+07,0,0,0,0,97.8943,98.274,2.38377,0,0,2.12085,1.81845,0,1.63845,2.96352,9.36715e+06,3.61194e+06,1.98663e+07,0,0,0,7.64495e+07
82.519,85.139,2.28701,0.2,0.08,2.80151,3.10391,0,0.524954,4.47552,4.50733e+06,2.70226e+06,1.26273e+07,0,0,0,0,97.4436,98.274,2.19006,0,0,2.121,1.8186,0,1.63857,2.96352,9.36715e+06,3.61194e+06,1.98677e+07,0,0,0,7.64495e+07
81.6488,85.139,2.16567,0.2,0.08,2.80177,3.10417,0,0.525003,4.47552,4.50733e+06,2.70226e+06,1.26285e+07,0,0,0,0,96.6754,98.274,1.94293,0,0,2.12115,1.81875,0,1.63869,2.96352,9.36715e+06,3.61194e+06,1.98692e+07,0,0,0,7.64495e+07
80.2362,85.139,1.50744,0.19,0.08,2.77423,3.07663,0,0.525052,4.47552,4.50733e+06,2.70226e+06,1.25044e+07,0,0,0,0,95.733,98.274,1.38045,0,0,2.17258,1.87018,0,1.6388,2.96352,9.36715e+06,3.61194e+06,2.03509e+07,0,0,0,7.64495e+07
78.6596,85.139,1.31962,0.16,0.08,2.77449,3.07689,0,0.51989,4.47552,4.50733e+06,2.70226e+06,1.25055e+07,0,0,0,0,94.8165,98.274,1.24236,0,0,2.17274,1.87034,0,1.67854,2.96352,9.36715e+06,3.61194e+06,2.03524e+07,0,0,0,7.64495e+07
76.9819,85.139,1.2067,0.24,0.08,2.77475,3.07715,0,0.519939,4.47552,4.50733e+06,2.70226e+06,1.25067e+07,0,0,0,0,93.8092,98.274,1.21678,0,0,2.1729,1.8705,0,1.67866,2.96352,9.36715e+06,3.61194e+06,2.03539e+07,0,0,0,7.64495e+07
75.2123,85.139,1.09374,0.23,0.08,2.77501,3.07741,0,0.519987,4.47552,4.50733e+06,2.70226e+06,1.25079e+07,0,0,0,0,92.8654,98.274,1.1113,0,0,2.17306,1.87066,0,1.67878,2.96352,9.36715e+06,3.61194e+06,2.03554e+07,0,0,0,7.64495e+07
73.4186,85.139,1.08437,0.21,0.08,2.84709,3.14949,0,0.520036,4.47552,4.50733e+06,2.70226e+06,1.28328e+07,0,0,0,0,91.8729,98.274,1.16158,0,0,2.21893,1.91653,0,1.6789,2.96352,9.36715e+06,3.61194e+06,2.0785e+07,0,0,0,7.64495e+07
71.6768,85.139,1.12362,0.25,0.08,2.84736,3.14976,0,0.533545,4.47552,4.50733e+06,2.70226e+06,1.2834e+07,0,0,0,0,90.8842,98.274,1.24101,0,0,2.21909,1.91669,0,1.71434,2.96352,9.36715e+06,3.61194e+06,2.07866e+07,0,0,0,7.64495e+07
69.8428,85.139,1.01386,0.24,0.08,2.84762,3.15002,0,0.533595,4.47552,4.50733e+06,2.70226e+06,1.28352e+07,0,0,0,0,89.8603,98.274,1.1988,0,0,2.21925,1.91685,0,1.71447,2.96352,9.36715e+06,3.61194e+06,2.07881e+07,0,0,0,7.64495e+07
67.9384,85.139,0.924682,0.24,0.08,2.84789,3.15029,0,0.533644,4.47552,4.50733e+06,2.70226e+06,1.28364e+07,0,0,0,0,88.8386,98.274,1.1082,0,0,2.21941,1.91701,0,1.71459,2.96352,9.36715e+06,3.61194e+06,2.07896e+07,0,0,0,7.64495e+07
65.7769,85.139,0.805937,0.29,0.08,3.05856,3.36096,0,0.533694,4.47552,4.50733e+06,2.70226e+06,1.3786e+07,0,0,0,0,87.6756,98.274,1.10207,0,0,2.38463,2.08223,0,1.71472,2.96352,9.36715e+06,3.61194e+06,2.23372e+07,0,0,0,7.64495e+07
63.6785,85.139,0.858175,0.28,0.08,3.05885,3.36125,0,0.573175,4.47552,4.50733e+06,2.70226e+06,1.37872e+07,0,0,0,0,86.5305,98.274,1.05505,0,0,2.38481,2.08241,0,1.84237,2.96352,9.36715e+06,3.61194e+06,2.23389e+07,0,0,0,7.64495e+07
61.5486,85.139,0.803984,0.27,0.08,3.05913,3.36153,0,0.573228,4.47552,4.50733e+06,2.70226e+06,1.37885e+07,0,0,0,0,85.4807,98.274,1.0049,0,0,2.38499,2.08259,0,1.8425,2.96352,9.36715e+06,3.61194e+06,2.23405e+07,0,0,0,7.64495e+07
59.6215,85.139,0.985718,0.3,0.08,3.05941,3.36181,0,0.573281,4.47552,4.50733e+06,2.70226e+06,1.37898e+07,0,0,0,0,84.3776,98.274,1.15793,0,0,2.38516,2.08276,0,1.84264,2.96352,9.36715e+06,3.61194e+06,2.23422e+07,0,0,0,7.64495e+07
57.5375,85.139,0.801969,0.29,0.08,3.0597,3.3621,0,0.573334,4.47552,4.50733e+06,2.70226e+06,1.37911e+07,0,0,0,0,83.3129,98.274,1.00804,0,0,2.38534,2.08294,0,1.84278,2.96352,9.36715e+06,3.61194e+06,2.23438e+07,0,0,0,7.64495e+07
55.6741,85.139,0.896303,0.29,0.08,2.95739,3.25979,0,0.573387,4.47552,4.50733e+06,2.70226e+06,1.33299e+07,0,0,0,0,82.201,98.274,1.03314,0,0,2.28528,1.98288,0,1.84291,2.96352,9.36715e+06,3.61194e+06,2.14066e+07,0,0,0,7.64495e+07
53.7835,85.139,0.82884,0.32,0.08,2.95766,3.26006,0,0.554215,4.47552,4.50733e+06,2.70226e+06,1.33312e+07,0,0,0,0,81.1559,98.274,0.892315,0,0,2.28545,1.98305,0,1.76561,2.96352,9.36715e+06,3.61194e+06,2.14082e+07,0,0,0,7.64495e+07
52.2127,85.139,1.17706,0.32,0.08,2.95794,3.26034,0,0.554266,4.47552,4.50733e+06,2.70226e+06,1.33324e+07,0,0,0,0,80.5238,98.274,1.03071,0,0,2.28562,1.98322,0,1.76574,2.96352,9.36715e+06,3.61194e+06,2.14097e+07,0,0,0,7.64495e+07
52.2123,85.139,2.91274,0.32,0.08,2.95821,3.26061,0,0.554318,4.47552,4.50733e+06,2.70226e+06,1.33336e+07,0,0,0,0,80.0574,98.274,1.96549,0,0,2.28578,1.98338,0,1.76587,2.96352,9.36715e+06,3.61194e+06,2.14113e+07,0,0,0,7.64495e+07
50.9605,85.139,1.54812,0.31,0.08,2.87425,3.17665,0,0.554369,4.47552,4.50733e+06,2.70226e+06,1.29552e+07,0,0,0,0,79.506,98.274,1.35622,0,0,2.19469,1.89229,0,1.766,2.96352,9.36715e+06,3.61194e+06,2.0558e+07,0,0,0,7.64495e+07
49.6782,85.139,1.5187,0.36,0.08,2.87452,3.17692,0,0.538635,4.47552,4.50733e+06,2.70226e+06,1.29564e+07,0,0,0,0,78.8127,98.274,1.59065,0,0,2.19485,1.89245,0,1.69562,2.96352,9.36715e+06,3.61194e+06,2.05595e+07,0,0,0,7.64495e+07
49.2898,85.139,2.15061,0.4,0.08,2.51405,3.17719,0,0.538685,4.47552,4.50733e+06,3.70142e+06,1.13317e+07,0,0,0,0,78.7261,98.274,1.51427,0,0,1.98012,1.89261,0,1.69574,2.96352,9.36715e+06,4.94745e+06,1.85481e+07,0,0,0,7.64495e+07
52.1699,85.139,5.58202,0.4,0.08,2.51429,3.17745,0,0.471133,4.47552,4.50733e+06,3.70142e+06,1.13327e+07,0,0,0,0,79.2367,98.274,4.55379,0,0,1.98026,1.89277,0,1.52984,2.96352,9.36715e+06,4.94745e+06,1.85494e+07,0,0,0,7.64495e+07
53.2794,85.139,3.8797,0.34,0.08,2.636,2.9384,0,0.471178,4.47552,4.50733e+06,2.70226e+06,1.18813e+07,0,0,0,0,79.0354,98.274,3.03303,0,0,2.00519,1.70279,0,1.52995,2.96352,9.36715e+06,3.61194e+06,1.87829e+07,0,0,0,7.64495e+07
52.9326,85.139,2.43447,0.38,0.08,2.63625,2.93865,0,0.493987,4.47552,4.50733e+06,2.70226e+06,1.18825e+07,0,0,0,0,79.0998,98.274,1.86747,0,0,2.00533,1.70293,0,1.54921,2.96352,9.36715e+06,3.61194e+06,1.87842e+07,0,0,0,7.64495e+07
53.4917,85.139,3.10084,0.4,0.08,2.30282,2.9389,0,0.494033,4.47552,4.50733e+06,3.70142e+06,1.03796e+07,0,0,0,0,79.3056,98.274,2.42727,0,0,1.81211,1.70307,0,1.54932,2.96352,9.36715e+06,4.94745e+06,1.69743e+07,0,0,0,7.64495e+07
54.027,85.139,3.12144,0.42,0.08,2.30304,2.93914,0,0.431548,4.47552,4.50733e+06,3.70142e+06,1.03806e+07,0,0,0,0,79.7508,98.274,3.03344,0,0,1.81224,1.70322,0,1.40004,2.96352,9.36715e+06,4.94745e+06,1.69755e+07,0,0,0,7.64495e+07
55.5341,85.139,4.13184,0.48,0.08,2.30326,2.93939,0,0.431589,4.47552,4.50733e+06,3.70142e+06,1.03815e+07,0,0,0,0,80.4003,98.274,3.33637,0,0,1.81236,1.70336,0,1.40013,2.96352,9.36715e+06,4.94745e+06,1.69767e+07,0,0,0,7.64495e+07
59.2866,85.139,6.53609,0.5,0.08,2.30326,2.93939,0,0.43163,4.47552,4.50733e+06,3.70142e+06,1.03815e+07,0,0,0,0,81.377,98.274,3.80688,0,0,1.81236,1.70336,0,1.40023,2.96352,9.36715e+06,4.94745e+06,1.69767e+07,0,0,0,7.64495e+07
65.0982,85.139,8.62632,0.47,0.08,2.38511,3.03172,0,0.43163,4.47552,4.50733e+06,3.70142e+06,1.07505e+07,0,0,0,0,82.3747,98.274,4.75355,0,0,1.86131,1.75858,0,1.40023,2.96352,9.36715e+06,4.94745e+06,1.74352e+07,0,0,0,7.64495e+07
66.9348,85.139,4.69702,0.42,0.08,2.38531,3.03196,0,0.446969,4.47552,4.50733e+06,3.70142e+06,1.07514e+07,0,0,0,0,82.5786,98.274,3.37674,0,0,1.86144,1.75872,0,1.43805,2.96352,9.36715e+06,4.94745e+06,1.74364e+07,0,0,0,7.64495e+07
67.9651,85.139,3.83668,0.45,0.08,2.38552,3.0322,0,0.447008,4.47552,4.50733e+06,3.70142e+06,1.07523e+07,0,0,0,0,82.6607,98.274,2.85653,0,0,1.86156,1.75886,0,1.43815,2.96352,9.36715e+06,4.94745e+06,1.74375e+07,0,0,0,7.64495e+07
68.6138,85.139,3.46154,0.46,0.08,2.38573,3.03243,0,0.447047,4.47552,4.50733e+06,3.70142e+06,1.07533e+07,0,0,0,0,82.8213,98.274,2.75794,0,0,1.86168,1.75899,0,1.43824,2.96352,9.36715e+06,4.94745e+06,1.74386e+07,0,0,0,7.64495e+07
68.2275,85.139,2.86947,0.39,0.08,2.95049,3.32847,0,0.447086,4.47552,4.50733e+06,3.08451e+06,1.32988e+07,0,0,0,0,82.8647,98.274,2.93188,0,0,2.22372,1.96597,0,1.43833,2.96352,9.36715e+06,4.12287e+06,2.083e+07,0,0,0,7.64495e+07
69.0613,85.139,3.92055,0.4,0.08,2.64839,3.32873,0,0.552921,4.47552,4.50733e+06,3.70142e+06,1.19372e+07,0,0,0,0,82.9855,98.274,3.20794,0,0,2.04529,1.96612,0,1.71805,2.96352,9.36715e+06,4.94745e+06,1.91585e+07,0,0,0,7.64495e+07
69.2128,85.139,3.18801,0.41,0.08,2.64862,3.32899,0,0.496308,4.47552,4.50733e+06,3.70142e+06,1.19382e+07,0,0,0,0,83.1491,98.274,2.89807,0,0,2.04542,1.96627,0,1.58019,2.96352,9.36715e+06,4.94745e+06,1.91598e+07,0,0,0,7.64495e+07
70.8576,85.139,4.77834,0.43,0.08,2.64885,3.32925,0,0.496351,4.47552,4.50733e+06,3.70142e+06,1.19392e+07,0,0,0,0,83.4895,98.274,4.0852,0,0,2.04556,1.96643,0,1.58029,2.96352,9.36715e+06,4.94745e+06,1.91611e+07,0,0,0,7.64495e+07
72.25,85.139,4.18414,0.46,0.08,2.27496,2.90747,0,0.496394,4.47552,4.50733e+06,3.70142e+06,1.0254e+07,0,0,0,0,83.6717,98.274,2.85442,0,0,1.79956,1.68892,0,1.5804,2.96352,9.36715e+06,4.94745e+06,1.68567e+07,0,0,0,7.64495e+07
74.2144,85.139,4.72215,0.53,0.08,2.27516,2.9077,0,0.426327,4.47552,4.50733e+06,3.70142e+06,1.02549e+07,0,0,0,0,84.0344,98.274,2.78116,0,0,1.79967,1.68905,0,1.39034,2.96352,9.36715e+06,4.94745e+06,1.68578e+07,0,0,0,7.64495e+07
75.6198,85.139,4.17966,0.43,0.08,2.27536,2.90792,0,0.426365,4.47552,4.50733e+06,3.70142e+06,1.02558e+07,0,0,0,0,84.3647,98.274,2.75473,0,0,1.79979,1.68918,0,1.39043,2.96352,9.36715e+06,4.94745e+06,1.68589e+07,0,0,0,7.64495e+07
76.0677,85.139,3.19636,0.48,0.08,2.27556,2.90815,0,0.426402,4.47552,4.50733e+06,3.70142e+06,1.02567e+07,0,0,0,0,84.6937,98.274,2.76092,0,0,1.79991,1.68931,0,1.39052,2.96352,9.36715e+06,4.94745e+06,1.686e+07,0,0,0,7.64495e+07
77.0039,85.139,3.66545,0.54,0.08,2.27576,2.90838,0,0.42644,4.47552,4.50733e+06,3.70142e+06,1.02576e+07,0,0,0,0,84.4168,98.274,2.89525,0,0,1.80002,1.68944,0,1.39061,2.96352,9.36715e+06,4.94745e+06,1.68611e+07,0,0,0,7.64495e+07
76.3649,85.139,2.096,0.55,0.08,2.37017,3.01488,0,0.426478,4.47552,4.50733e+06,3.70142e+06,1.06831e+07,0,0,0,0,84.1307,98.274,1.73801,0,0,1.86038,1.75753,0,1.3907,2.96352,9.36715e+06,4.94745e+06,1.74265e+07,0,0,0,7.64495e+07
75.487,85.139,1.83853,0.54,0.08,2.37038,3.01511,0,0.44417,4.47552,4.50733e+06,3.70142e+06,1.06841e+07,0,0,0,0,83.9877,98.274,1.82236,0,0,1.8605,1.75766,0,1.43733,2.96352,9.36715e+06,4.94745e+06,1.74276e+07,0,0,0,7.64495e+07
74.5331,85.139,1.75135,0.53,0.08,2.37059,3.01535,0,0.444209,4.47552,4.50733e+06,3.70142e+06,1.0685e+07,0,0,0,0,83.8982,98.274,2.10422,0,0,1.86062,1.7578,0,1.43742,2.96352,9.36715e+06,4.94745e+06,1.74287e+07,0,0,0,7.64495e+07
73.7166,85.139,1.85773,0.52,0.08,2.37079,3.01558,0,0.444248,4.47552,4.50733e+06,3.70142e+06,1.0686e+07,0,0,0,0,83.871,98.274,2.08334,0,0,1.86074,1.75794,0,1.43752,2.96352,9.36715e+06,4.94745e+06,1.74299e+07,0,0,0,7.64495e+07
72.9538,85.139,1.91622,0.66,0.08,2.33416,2.97425,0,0.444287,4.47552,4.50733e+06,3.70142e+06,1.05208e+07,0,0,0,0,83.7338,98.274,2.2408,0,0,1.83746,1.73167,0,1.43761,2.96352,9.36715e+06,4.94745e+06,1.72118e+07,0,0,0,7.64495e+07
72.1312,85.139,1.7636,0.65,0.08,2.33436,2.97448,0,0.437421,4.47552,4.50733e+06,3.70142e+06,1.05217e+07,0,0,0,0,83.7754,98.274,2.03515,0,0,1.83758,1.73181,0,1.41962,2.96352,9.36715e+06,4.94745e+06,1.72129e+07,0,0,0,7.64495e+07
71.2736,85.139,1.71924,0.61,0.08,2.33457,2.97471,0,0.437459,4.47552,4.50733e+06,3.70142e+06,1.05227e+07,0,0,0,0,83.6195,98.274,2.30305,0,0,1.8377,1.73194,0,1.41972,2.96352,9.36715e+06,4.94745e+06,1.7214e+07,0,0,0,7.64495e+07
70.3953,85.139,1.68859,0.57,0.08,2.33477,2.97494,0,0.437498,4.47552,4.50733e+06,3.70142e+06,1.05236e+07,0,0,0,0,83.7507,98.274,2.09407,0,0,1.83782,1.73208,0,1.41981,2.96352,9.36715e+06,4.94745e+06,1.72151e+07,0,0,0,7.64495e+07
69.2338,85.139,1.48291,0.54,0.08,2.46009,3.11631,0,0.437536,4.47552,4.50733e+06,3.70142e+06,1.10884e+07,0,0,0,0,83.6105,98.274,2.3214,0,0,1.92096,1.82587,0,1.4199,2.96352,9.36715e+06,4.94745e+06,1.79939e+07,0,0,0,7.64495e+07
68.0111,85.139,1.40356,0.51,0.08,2.4603,3.11655,0,0.46102,4.47552,4.50733e+06,3.70142e+06,1.10894e+07,0,0,0,0,83.5286,98.274,2.09932,0,0,1.92109,1.82601,0,1.48413,2.96352,9.36715e+06,4.94745e+06,1.79951e+07,0,0,0,7.64495e+07
66.7064,85.139,1.27026,0.61,0.08,2.46052,3.1168,0,0.461061,4.47552,4.50733e+06,3.70142e+06,1.10904e+07,0,0,0,0,83.2914,98.274,2.02346,0,0,1.92121,1.82615,0,1.48423,2.96352,9.36715e+06,4.94745e+06,1.79963e+07,0,0,0,7.64495e+07
65.3589,85.139,1.20208,0.57,0.08,2.46073,3.11704,0,0.461101,4.47552,4.50733e+06,3.70142e+06,1.10913e+07,0,0,0,0,83.3531,98.274,1.91801,0,0,1.92134,1.82629,0,1.48433,2.96352,9.36715e+06,4.94745e+06,1.79975e+07,0,0,0,7.64495e+07
64.5671,85.139,1.75513,0.5,0.08,2.46095,3.11728,0,0.461141,4.47552,4.50733e+06,3.70142e+06,1.10923e+07,0,0,0,0,83.5617,98.274,2.57618,0,0,1.92146,1.82643,0,1.48443,2.96352,9.36715e+06,4.94745e+06,1.79986e+07,0,0,0,7.64495e+07
63.9721,85.139,1.92374,0.47,0.08,2.43641,3.0896,0,0.461182,4.47552,4.50733e+06,3.70142e+06,1.09817e+07,0,0,0,0,83.8257,98.274,2.83985,0,0,1.96724,1.87807,0,1.48452,2.96352,9.36715e+06,4.94745e+06,1.84274e+07,0,0,0,7.64495e+07
63.2104,85.139,1.7194,0.43,0.08,2.43663,3.08984,0,0.456584,4.47552,4.50733e+06,3.70142e+06,1.09827e+07,0,0,0,0,84.0106,98.274,2.65127,0,0,1.96737,1.87822,0,1.51989,2.96352,9.36715e+06,4.94745e+06,1.84286e+07,0,0,0,7.64495e+07
62.3534,85.139,1.61056,0.4,0.08,2.43684,3.09008,0,0.456624,4.47552,4.50733e+06,3.70142e+06,1.09836e+07,0,0,0,0,84.1508,98.274,2.66096,0,0,1.9675,1.87836,0,1.51999,2.96352,9.36715e+06,4.94745e+06,1.84298e+07,0,0,0,7.64495e+07
61.4805,85.139,1.58488,0.46,0.08,2.43705,3.09032,0,0.456663,4.47552,4.50733e+06,3.70142e+06,1.09846e+07,0,0,0,0,84.275,98.274,2.63688,0,0,1.96763,1.87851,0,1.52009,2.96352,9.36715e+06,4.94745e+06,1.8431e+07,0,0,0,7.64495e+07
60.7366,85.139,1.73453,0.43,0.08,2.5012,3.16269,0,0.456703,4.47552,4.50733e+06,3.70142e+06,1.12738e+07,0,0,0,0,84.502,98.274,2.75758,0,0,2.00845,1.92456,0,1.52019,2.96352,9.36715e+06,4.94745e+06,1.88134e+07,0,0,0,7.64495e+07
60.0151,85.139,1.76949,0.4,0.08,2.50142,3.16294,0,0.468726,4.47552,4.50733e+06,3.70142e+06,1.12747e+07,0,0,0,0,84.6695,98.274,2.89835,0,0,2.00858,1.92471,0,1.55173,2.96352,9.36715e+06,4.94745e+06,1.88147e+07,0,0,0,7.64495e+07
58.9116,85.139,1.64358,0.37,0.08,2.86078,3.16318,0,0.468766,4.47552,4.50733e+06,2.70226e+06,1.28945e+07,0,0,0,0,84.6449,98.274,2.7628,0,0,2.22726,1.92486,0,1.55183,2.96352,9.36715e+06,3.61194e+06,2.08631e+07,0,0,0,7.64495e+07
57.6801,85.139,1.4965,0.37,0.08,2.86103,3.16343,0,0.536111,4.47552,4.50733e+06,2.70226e+06,1.28956e+07,0,0,0,0,84.573,98.274,2.4644,0,0,2.22741,1.92501,0,1.72078,2.96352,9.36715e+06,3.61194e+06,2.08645e+07,0,0,0,7.64495e+07
56.5132,85.139,1.7166,0.34,0.08,3.07257,3.37497,0,0.536157,4.47552,4.50733e+06,2.70226e+06,1.38491e+07,0,0,0,0,84.9653,98.274,3.47418,0,0,2.39331,2.09091,0,1.7209,2.96352,9.36715e+06,3.61194e+06,2.24185e+07,0,0,0,7.64495e+07
55.5132,85.139,1.80844,0.39,0.08,2.99618,3.37523,0,0.575799,4.47552,4.50733e+06,3.08451e+06,1.35048e+07,0,0,0,0,85.1703,98.274,3.04138,0,0,2.34599,2.09107,0,1.84907,2.96352,9.36715e+06,4.12287e+06,2.19752e+07,0,0,0,7.64495e+07
53.8919,85.139,1.23892,0.37,0.08,3.07309,3.37549,0,0.561485,4.47552,4.50733e+06,2.70226e+06,1.38514e+07,0,0,0,0,85.1277,98.274,2.40863,0,0,2.39363,2.09123,0,1.81251,2.96352,9.36715e+06,3.61194e+06,2.24215e+07,0,0,0,7.64495e+07
52.1258,85.139,1.10092,0.34,0.08,3.07335,3.37575,0,0.575897,4.47552,4.50733e+06,2.70226e+06,1.38526e+07,0,0,0,0,85.1047,98.274,2.44239,0,0,2.3938,2.0914,0,1.84932,2.96352,9.36715e+06,3.61194e+06,2.24231e+07,0,0,0,7.64495e+07
50.939,85.139,1.68217,0.35,0.08,3.07362,3.37602,0,0.575947,4.47552,4.50733e+06,2.70226e+06,1.38538e+07,0,0,0,0,84.9903,98.274,2.44207,0,0,2.39396,2.09156,0,1.84945,2.96352,9.36715e+06,3.61194e+06,2.24246e+07,0,0,0,7.64495e+07
50.1408,85.139,1.95499,0.39,0.08,2.89654,3.27327,0,0.575996,4.47552,4.50733e+06,3.08451e+06,1.30557e+07,0,0,0,0,85.1167,98.274,2.37421,0,0,2.24827,1.99108,0,1.84957,2.96352,9.36715e+06,4.12287e+06,2.10599e+07,0,0,0,7.64495e+07
49.5103,85.139,2.12715,0.39,0.08,2.89679,3.27352,0,0.542811,4.47552,4.50733e+06,3.08451e+06,1.30568e+07,0,0,0,0,85.8894,98.274,3.85409,0,0,2.24842,1.99124,0,1.73701,2.96352,9.36715e+06,4.12287e+06,2.10613e+07,0,0,0,7.64495e+07
48.7713,85.139,2.05953,0.37,0.08,2.97138,3.27378,0,0.542858,4.47552,4.50733e+06,2.70226e+06,1.3393e+07,0,0,0,0,86.6628,98.274,3.82674,0,0,2.29379,1.99139,0,1.73713,2.96352,9.36715e+06,3.61194e+06,2.14863e+07,0,0,0,7.64495e+07
47.6945,85.139,1.68598,0.37,0.08,2.97163,3.27403,0,0.556836,4.47552,4.50733e+06,2.70226e+06,1.33941e+07,0,0,0,0,86.7826,98.274,3.57233,0,0,2.29395,1.99155,0,1.77218,2.96352,9.36715e+06,3.61194e+06,2.14878e+07,0,0,0,7.64495e+07
46.3194,85.139,1.30998,0.38,0.08,2.8873,3.1897,0,0.556884,4.47552,4.50733e+06,2.70226e+06,1.3014e+07,0,0,0,0,86.1223,98.274,1.81948,0,0,2.20246,1.90006,0,1.7723,2.96352,9.36715e+06,3.61194e+06,2.06308e+07,0,0,0,7.64495e+07
45.0476,85.139,1.39261,0.39,0.08,2.81511,3.18995,0,0.541081,4.47552,4.50733e+06,3.08451e+06,1.26887e+07,0,0,0,0,86.0411,98.274,1.38396,0,0,2.15946,1.90021,0,1.70162,2.96352,9.36715e+06,4.12287e+06,2.0228e+07,0,0,0,7.64495e+07
44.2302,85.139,1.62531,0.46,0.08,2.52559,3.1902,0,0.527553,4.47552,4.50733e+06,3.70142e+06,1.13837e+07,0,0,0,0,86.2707,98.274,2.79647,0,0,1.98699,1.90036,0,1.6684,2.96352,9.36715e+06,4.94745e+06,1.86125e+07,0,0,0,7.64495e+07
46.0147,85.139,4.35785,0.46,0.08,2.52581,3.19045,0,0.473295,4.47552,4.50733e+06,3.70142e+06,1.13847e+07,0,0,0,0,87.7808,98.274,5.81251,0,0,1.98713,1.90051,0,1.53515,2.96352,9.36715e+06,4.94745e+06,1.86137e+07,0,0,0,7.64495e+07
47.2722,85.139,3.61603,0.43,0.08,2.31302,2.9504,0,0.473337,4.47552,4.50733e+06,3.70142e+06,1.04255e+07,0,0,0,0,88.5815,98.274,3.21888,0,0,1.81802,1.70974,0,1.53525,2.96352,9.36715e+06,4.94745e+06,1.70297e+07,0,0,0,7.64495e+07
48.4391,85.139,3.54596,0.45,0.08,2.31322,2.95063,0,0.433459,4.47552,4.50733e+06,3.70142e+06,1.04264e+07,0,0,0,0,89.6,98.274,4.47442,0,0,1.81814,1.70987,0,1.4046,2.96352,9.36715e+06,4.94745e+06,1.70308e+07,0,0,0,7.64495e+07
48.7158,85.139,2.63469,0.5,0.08,2.31342,2.95086,0,0.433497,4.47552,4.50733e+06,3.70142e+06,1.04274e+07,0,0,0,0,89.5977,98.274,2.54687,0,0,1.81826,1.71001,0,1.40469,2.96352,9.36715e+06,4.94745e+06,1.70319e+07,0,0,0,7.64495e+07
49.7499,85.139,3.41728,0.54,0.08,2.31363,2.95109,0,0.433536,4.47552,4.50733e+06,3.70142e+06,1.04283e+07,0,0,0,0,89.894,98.274,2.62541,0,0,1.81837,1.71014,0,1.40478,2.96352,9.36715e+06,4.94745e+06,1.7033e+07,0,0,0,7.64495e+07
51.2384,85.139,4.05564,0.56,0.08,2.31383,2.95132,0,0.433574,4.47552,4.50733e+06,3.70142e+06,1.04292e+07,0,0,0,0,91.043,98.274,4.69567,0,0,1.81849,1.71027,0,1.40488,2.96352,9.36715e+06,4.94745e+06,1.70341e+07,0,0,0,7.64495e+07
55.9105,85.139,7.44438,0.53,0.08,2.39599,3.04401,0,0.433612,4.47552,4.50733e+06,3.70142e+06,1.07995e+07,0,0,0,0,93.5609,98.274,8.16859,0,0,1.86763,1.76571,0,1.40497,2.96352,9.36715e+06,4.94745e+06,1.74944e+07,0,0,0,7.64495e+07
61.0256,85.139,8.01444,0.56,0.08,2.39619,3.04423,0,0.449009,4.47552,4.50733e+06,3.70142e+06,1.08004e+07,0,0,0,0,97.1243,98.274,10.386,0,0,1.86774,1.76583,0,1.44293,2.96352,9.36715e+06,4.94745e+06,1.74954e+07,0,0,0,7.64495e+07
64.5877,85.139,6.55137,0.51,0.08,2.39638,3.04444,0,0.449046,4.47552,4.50733e+06,3.70142e+06,1.08013e+07,0,0,0,0,98.725,98.274,6.17529,0,0,1.86786,1.76596,0,1.44302,2.96352,9.36715e+06,4.94745e+06,1.74965e+07,0,0,0,7.64495e+07
68.3306,85.139,6.69384,0.48,0.08,2.39657,3.04466,0,0.449082,4.47552,4.50733e+06,3.70142e+06,1.08022e+07,0,0,0,0,99.3022,98.274,6.27978,0,0,1.86797,1.76609,0,1.44311,2.96352,9.36715e+06,4.94745e+06,1.74975e+07,0,0,0,7.64495e+07
70.8395,85.139,5.67511,0.41,0.08,2.66004,3.34187,0,0.449118,4.47552,4.50733e+06,3.70142e+06,1.19897e+07,0,0,0,0,99.3022,98.274,5.95868,0,0,2.05217,1.97388,0,1.44319,2.96352,9.36715e+06,4.94745e+06,1.9223e+07,0,0,0,7.64495e+07
74.2486,85.139,6.66309,0.42,0.08,2.66025,3.34211,0,0.498491,4.47552,4.50733e+06,3.70142e+06,1.19906e+07,0,0,0,0,99.3022,98.274,6.11658,0,0,2.0523,1.97402,0,1.58551,2.96352,9.36715e+06,4.94745e+06,1.92242e+07,0,0,0,7.64495e+07
77.5048,85.139,6.86447,0.36,0.08,3.03995,3.34235,0,0.498531,4.47552,4.50733e+06,2.70226e+06,1.37021e+07,0,0,0,0,99.3022,98.274,6.63904,0,0,2.27657,1.97417,0,1.5856,2.96352,9.36715e+06,3.61194e+06,2.13249e+07,0,0,0,7.64495e+07
80.9826,85.139,7.10602,0.36,0.08,3.04019,3.34259,0,0.569686,4.47552,4.50733e+06,2.70226e+06,1.37031e+07,0,0,0,0,99.3022,98.274,6.39159,0,0,2.27671,1.97431,0,1.75887,2.96352,9.36715e+06,3.61194e+06,2.13263e+07,0,0,0,7.64495e+07
85.139,85.139,9.10264,0.28,0.08,2.6167,2.9191,0,0.569731,4.47552,4.50733e+06,2.70226e+06,1.17944e+07,0,0,0,0,99.3022,98.274,16.6711,0,0,1.99807,1.69567,0,1.75898,2.96352,9.36715e+06,3.61194e+06,1.87163e+07,0,0,0,7.64495e+07
85.139,85.139,11.5154,0.22,0.08,2.61691,2.91931,0,0.49037,4.47552,4.50733e+06,2.70226e+06,1.17953e+07,0,0,0,0,99.3022,98.274,24.4624,0,0,1.9982,1.6958,0,1.54371,2.96352,9.36715e+06,3.61194e+06,1.87174e+07,0,0,0,7.64495e+07
85.139,85.139,8.66087,0.22,0.08,2.61712,2.91952,0,0.490409,4.47552,4.50733e+06,2.70226e+06,1.17962e+07,0,0,0,0,99.3022,98.274,16.9674,0,0,1.99832,1.69592,0,1.54381,2.96352,9.36715e+06,3.61194e+06,1.87185e+07,0,0,0,7.64495e+07
85.139,85.139,8.85508,0.24,0.08,2.61733,2.91973,0,0.490449,4.47552,4.50733e+06,2.70226e+06,1.17972e+07,0,0,0,0,99.3022,98.274,15.3614,0,0,1.99844,1.69604,0,1.5439,2.96352,9.36715e+06,3.61194e+06,1.87197e+07,0,0,0,7.64495e+07
85.139,85.139,6.60342,0.26,0.08,2.61754,2.91994,0,0.490488,4.47552,4.50733e+06,2.70226e+06,1.17981e+07,0,0,0,0,99.3022,98.274,11.7365,0,0,1.99856,1.69616,0,1.54399,2.96352,9.36715e+06,3.61194e+06,1.87208e+07,0,0,0,7.64495e+07
85.139,85.139,5.10597,0.28,0.08,2.72444,3.02684,0,0.490527,4.47552,4.50733e+06,2.70226e+06,1.228e+07,0,0,0,0,99.3022,98.274,8.26647,0,0,2.0669,1.7645,0,1.54409,2.96352,9.36715e+06,3.61194e+06,1.9361e+07,0,0,0,7.64495e+07
85.139,85.139,7.49663,0.31,0.08,2.72466,3.02706,0,0.510561,4.47552,4.50733e+06,2.70226e+06,1.2281e+07,0,0,0,0,99.3022,98.274,14.8797,0,0,2.06703,1.76463,0,1.59689,2.96352,9.36715e+06,3.61194e+06,1.93622e+07,0,0,0,7.64495e+07
85.139,85.139,5.15094,0.28,0.08,2.72488,3.02728,0,0.510602,4.47552,4.50733e+06,2.70226e+06,1.22819e+07,0,0,0,0,99.3022,98.274,8.0177,0,0,2.06716,1.76476,0,1.59699,2.96352,9.36715e+06,3.61194e+06,1.93634e+07,0,0,0,7.64495e+07
85.139,85.139,4.7502,0.26,0.08,2.7251,3.0275,0,0.510642,4.47552,4.50733e+06,2.70226e+06,1.22829e+07,0,0,0,0,99.3022,98.274,6.7111,0,0,2.06728,1.76488,0,1.59709,2.96352,9.36715e+06,3.61194e+06,1.93646e+07,0,0,0,7.64495e+07
85.139,85.139,4.94477,0.24,0.08,2.68358,2.98598,0,0.510683,4.47552,4.50733e+06,2.70226e+06,1.20958e+07,0,0,0,0,99.3022,98.274,6.12174,0,0,2.04091,1.73851,0,1.59718,2.96352,9.36715e+06,3.61194e+06,1.91175e+07,0,0,0,7.64495e+07
85.139,85.139,4.63248,0.21,0.08,2.6838,2.9862,0,0.502903,4.47552,4.50733e+06,2.70226e+06,1.20968e+07,0,0,0,0,99.3022,98.274,5.76564,0,0,2.04103,1.73863,0,1.5768,2.96352,9.36715e+06,3.61194e+06,1.91186e+07,0,0,0,7.64495e+07
85.139,85.139,4.25785,0.2,0.08,2.68401,2.98641,0,0.502944,4.47552,4.50733e+06,2.70226e+06,1.20977e+07,0,0,0,0,99.3022,98.274,5.76689,0,0,2.04115,1.73875,0,1.5769,2.96352,9.36715e+06,3.61194e+06,1.91198e+07,0,0,0,7.64495e+07
85.139,85.139,4.11286,0.18,0.08,2.68422,2.98662,0,0.502984,4.47552,4.50733e+06,2.70226e+06,1.20987e+07,0,0,0,0,99.3022,98.274,7.12253,0,0,2.04128,1.73888,0,1.577,2.96352,9.36715e+06,3.61194e+06,1.9121e+07,0,0,0,7.64495e+07
85.139,85.139,3.88089,0.16,0.08,2.82613,3.12853,0,0.503024,4.47552,4.50733e+06,2.70226e+06,1.27383e+07,0,0,0,0,99.3022,98.274,4.77165,0,0,2.13542,1.83302,0,1.57709,2.96352,9.36715e+06,3.61194e+06,2.00028e+07,0,0,0,7.64495e+07
85.139,85.139,3.42686,0.16,0.08,2.82635,3.12875,0,0.529616,4.47552,4.50733e+06,2.70226e+06,1.27393e+07,0,0,0,0,99.3022,98.274,4.46417,0,0,2.13555,1.83315,0,1.64983,2.96352,9.36715e+06,3.61194e+06,2.00041e+07,0,0,0,7.64495e+07
85.139,85.139,3.32341,0.16,0.08,2.82657,3.12897,0,0.529658,4.47552,4.50733e+06,2.70226e+06,1.27403e+07,0,0,0,0,99.3022,98.274,4.54052,0,0,2.13569,1.83329,0,1.64993,2.96352,9.36715e+06,3.61194e+06,2.00053e+07,0,0,0,7.64495e+07
85.139,85.139,3.15144,0.13,0.08,2.8268,3.1292,0,0.5297,4.47552,4.50733e+06,2.70226e+06,1.27413e+07,0,0,0,0,99.3022,98.274,4.34866,0,0,2.13582,1.83342,0,1.65003,2.96352,9.36715e+06,3.61194e+06,2.00065e+07,0,0,0,7.64495e+07
85.0337,85.139,2.90251,0.13,0.08,2.82702,3.12942,0,0.529742,4.47552,4.50733e+06,2.70226e+06,1.27423e+07,0,0,0,0,99.3022,98.274,4.13368,0,0,2.13595,1.83355,0,1.65013,2.96352,9.36715e+06,3.61194e+06,2.00078e+07,0,0,0,7.64495e+07
84.7128,85.139,2.67456,0.19,0.08,2.79922,3.10162,0,0.529784,4.47552,4.50733e+06,2.70226e+06,1.2617e+07,0,0,0,0,99.3022,98.274,4.18484,0,0,2.18777,1.88537,0,1.65023,2.96352,9.36715e+06,3.61194e+06,2.04932e+07,0,0,0,7.64495e+07
84.178,85.139,2.44885,0.17,0.08,2.79944,3.10184,0,0.524573,4.47552,4.50733e+06,2.70226e+06,1.2618e+07,0,0,0,0,99.3022,98.274,3.70447,0,0,2.18791,1.88551,0,1.69027,2.96352,9.36715e+06,3.61194e+06,2.04945e+07,0,0,0,7.64495e+07
83.4806,85.139,2.24793,0.18,0.08,2.79966,3.10206,0,0.524615,4.47552,4.50733e+06,2.70226e+06,1.2619e+07,0,0,0,0,99.3022,98.274,3.6338,0,0,2.18804,1.88564,0,1.69038,2.96352,9.36715e+06,3.61194e+06,2.04957e+07,0,0,0,7.64495e+07
82.6481,85.139,2.08492,0.16,0.08,2.79988,3.10228,0,0.524656,4.47552,4.50733e+06,2.70226e+06,1.262e+07,0,0,0,0,99.2126,98.274,3.39615,0,0,2.18818,1.88578,0,1.69048,2.96352,9.36715e+06,3.61194e+06,2.0497e+07,0,0,0,7.64495e+07
81.6723,85.139,1.9933,0.16,0.08,2.87251,3.17491,0,0.524698,4.47552,4.50733e+06,2.70226e+06,1.29474e+07,0,0,0,0,99.0782,98.274,3.08995,0,0,2.2344,1.932,0,1.69059,2.96352,9.36715e+06,3.61194e+06,2.09299e+07,0,0,0,7.64495e+07
80.7202,85.139,2.04113,0.15,0.08,2.87274,3.17514,0,0.538308,4.47552,4.50733e+06,2.70226e+06,1.29484e+07,0,0,0,0,98.8976,98.274,3.3106,0,0,2.23453,1.93213,0,1.72629,2.96352,9.36715e+06,3.61194e+06,2.09312e+07,0,0,0,7.64495e+07
79.6532,85.139,1.89155,0.15,0.08,2.87297,3.17537,0,0.538351,4.47552,4.50733e+06,2.70226e+06,1.29494e+07,0,0,0,0,98.6613,98.274,3.18096,0,0,2.23467,1.93227,0,1.7264,2.96352,9.36715e+06,3.61194e+06,2.09325e+07,0,0,0,7.64495e+07
78.4338,85.139,1.72229,0.15,0.08,2.87319,3.17559,0,0.538394,4.47552,4.50733e+06,2.70226e+06,1.29504e+07,0,0,0,0,98.3877,98.274,2.79477,0,0,2.23481,1.93241,0,1.72651,2.96352,9.36715e+06,3.61194e+06,2.09338e+07,0,0,0,7.64495e+07
77.1506,85.139,1.83395,0.18,0.08,3.08552,3.38792,0,0.538436,4.47552,4.50733e+06,2.70226e+06,1.39075e+07,0,0,0,0,98.1602,98.274,3.30548,0,0,2.40133,2.09893,0,1.72662,2.96352,9.36715e+06,3.61194e+06,2.24937e+07,0,0,0,7.64495e+07
75.9275,85.139,1.89194,0.18,0.08,3.08576,3.38816,0,0.578226,4.47552,4.50733e+06,2.70226e+06,1.39086e+07,0,0,0,0,97.9443,98.274,3.22247,0,0,2.40148,2.09908,0,1.85527,2.96352,9.36715e+06,3.61194e+06,2.24951e+07,0,0,0,7.64495e+07
74.3601,85.139,1.55722,0.18,0.08,3.086,3.3884,0,0.578272,4.47552,4.50733e+06,2.70226e+06,1.39096e+07,0,0,0,0,97.5616,98.274,2.58016,0,0,2.40163,2.09923,0,1.85539,2.96352,9.36715e+06,3.61194e+06,2.24965e+07,0,0,0,7.64495e+07
73.0687,85.139,1.804,0.16,0.08,3.08625,3.38865,0,0.578317,4.47552,4.50733e+06,2.70226e+06,1.39107e+07,0,0,0,0,97.5038,98.274,3.86145,0,0,2.40179,2.09939,0,1.8555,2.96352,9.36715e+06,3.61194e+06,2.24979e+07,0,0,0,7.64495e+07
71.564,85.139,1.5773,0.22,0.08,3.08649,3.38889,0,0.578363,4.47552,4.50733e+06,2.70226e+06,1.39118e+07,0,0,0,0,97.2723,98.274,3.34391,0,0,2.40194,2.09954,0,1.85562,2.96352,9.36715e+06,3.61194e+06,2.24993e+07,0,0,0,7.64495e+07
70.1643,85.139,1.59904,0.22,0.08,2.98333,3.28573,0,0.578408,4.47552,4.50733e+06,2.70226e+06,1.34468e+07,0,0,0,0,97.2743,98.274,3.86665,0,0,2.30106,1.99866,0,1.85574,2.96352,9.36715e+06,3.61194e+06,2.15544e+07,0,0,0,7.64495e+07
69.3644,85.139,2.22424,0.22,0.08,2.98356,3.28596,0,0.559075,4.47552,4.50733e+06,2.70226e+06,1.34479e+07,0,0,0,0,97.3825,98.274,4.23226,0,0,2.3012,1.9988,0,1.7778,2.96352,9.36715e+06,3.61194e+06,2.15557e+07,0,0,0,7.64495e+07
69.3626,85.139,3.11045,0.22,0.08,2.9838,3.2862,0,0.55912,4.47552,4.50733e+06,2.70226e+06,1.3449e+07,0,0,0,0,98.1644,98.274,6.99341,0,0,2.30135,1.99895,0,1.77791,2.96352,9.36715e+06,3.61194e+06,2.15571e+07,0,0,0,7.64495e+07
68.9268,85.139,2.73315,0.21,0.08,2.98403,3.28643,0,0.559164,4.47552,4.50733e+06,2.70226e+06,1.345e+07,0,0,0,0,98.4908,98.274,5.02195,0,0,2.30149,1.99909,0,1.77802,2.96352,9.36715e+06,3.61194e+06,2.15584e+07,0,0,0,7.64495e+07
67.9694,85.139,1.99463,0.2,0.08,2.89937,3.20177,0,0.559208,4.47552,4.50733e+06,2.70226e+06,1.30684e+07,0,0,0,0,98.9955,98.274,3.81438,0,0,2.20965,1.90725,0,1.77813,2.96352,9.36715e+06,3.61194e+06,2.06981e+07,0,0,0,7.64495e+07
67.7686,85.139,2.8818,0.25,0.08,2.89959,3.20199,0,0.543341,4.47552,4.50733e+06,2.70226e+06,1.30694e+07,0,0,0,0,99.3022,98.274,5.09396,0,0,2.20979,1.90739,0,1.70717,2.96352,9.36715e+06,3.61194e+06,2.06994e+07,0,0,0,7.64495e+07
70.2363,85.139,5.6592,0.27,0.08,2.89982,3.20222,0,0.543384,4.47552,4.50733e+06,2.70226e+06,1.30705e+07,0,0,0,0,99.3022,98.274,7.60682,0,0,2.20992,1.90752,0,1.70728,2.96352,9.36715e+06,3.61194e+06,2.07007e+07,0,0,0,7.64495e+07
72.2138,85.139,5.27197,0.22,0.08,2.90005,3.20245,0,0.543427,4.47552,4.50733e+06,2.70226e+06,1.30715e+07,0,0,0,0,99.3022,98.274,7.08601,0,0,2.21006,1.90766,0,1.70739,2.96352,9.36715e+06,3.61194e+06,2.0702e+07,0,0,0,7.64495e+07
72.0155,85.139,2.75254,0.21,0.08,2.65908,2.96148,0,0.54347,4.47552,4.50733e+06,2.70226e+06,1.19854e+07,0,0,0,0,99.3022,98.274,4.50795,0,0,2.01856,1.71616,0,1.70749,2.96352,9.36715e+06,3.61194e+06,1.89082e+07,0,0,0,7.64495e+07
72.0271,85.139,2.94459,0.22,0.08,2.6593,2.9617,0,0.498312,4.47552,4.50733e+06,2.70226e+06,1.19863e+07,0,0,0,0,99.3022,98.274,5.28104,0,0,2.01869,1.71629,0,1.55954,2.96352,9.36715e+06,3.61194e+06,1.89094e+07,0,0,0,7.64495e+07
72.767,85.139,3.7224,0.26,0.08,2.65951,2.96191,0,0.498352,4.47552,4.50733e+06,2.70226e+06,1.19873e+07,0,0,0,0,99.3022,98.274,4.76924,0,0,2.01881,1.71641,0,1.55964,2.96352,9.36715e+06,3.61194e+06,1.89105e+07,0,0,0,7.64495e+07
74.2464,85.139,4.50751,0.27,0.08,2.65972,2.96212,0,0.498392,4.47552,4.50733e+06,2.70226e+06,1.19882e+07,0,0,0,0,99.3022,98.274,3.52912,0,0,2.01893,1.71653,0,1.55973,2.96352,9.36715e+06,3.61194e+06,1.89117e+07,0,0,0,7.64495e+07
76.6761,85.139,5.51315,0.23,0.08,2.65993,2.96233,0,0.498432,4.47552,4.50733e+06,2.70226e+06,1.19892e+07,0,0,0,0,99.3022,98.274,6.90085,0,0,2.01906,1.71666,0,1.55983,2.96352,9.36715e+06,3.61194e+06,1.89128e+07,0,0,0,7.64495e+07
78.6388,85.139,5.30774,0.25,0.08,2.75295,3.05535,0,0.498471,4.47552,4.50733e+06,2.70226e+06,1.24084e+07,0,0,0,0,99.3022,98.274,9.69303,0,0,2.07469,1.77229,0,1.55992,2.96352,9.36715e+06,3.61194e+06,1.94339e+07,0,0,0,7.64495e+07
79.1647,85.139,3.7498,0.25,0.08,2.75315,3.05555,0,0.515902,4.47552,4.50733e+06,2.70226e+06,1.24094e+07,0,0,0,0,99.3022,98.274,5.52327,0,0,2.0748,1.7724,0,1.6029,2.96352,9.36715e+06,3.61194e+06,1.9435e+07,0,0,0,7.64495e+07
83.8224,85.139,7.93217,0.27,0.08,2.75335,3.05575,0,0.51594,4.47552,4.50733e+06,2.70226e+06,1.24103e+07,0,0,0,0,99.3022,98.274,6.03485,0,0,2.07492,1.77252,0,1.60299,2.96352,9.36715e+06,3.61194e+06,1.94361e+07,0,0,0,7.64495e+07
85.139,85.139,6.02513,0.22,0.08,2.75355,3.05595,0,0.515977,4.47552,4.50733e+06,2.70226e+06,1.24112e+07,0,0,0,0,99.3022,98.274,7.10856,0,0,2.07503,1.77263,0,1.60308,2.96352,9.36715e+06,3.61194e+06,1.94372e+07,0,0,0,7.64495e+07
85.139,85.139,5.53402,0.16,0.08,3.05184,3.35424,0,0.516015,4.47552,4.50733e+06,2.70226e+06,1.37556e+07,0,0,0,0,99.3022,98.274,6.69999,0,0,2.28359,1.98119,0,1.60317,2.96352,9.36715e+06,3.61194e+06,2.13907e+07,0,0,0,7.64495e+07
85.139,85.139,6.70832,0.17,0.08,3.05206,3.35446,0,0.571914,4.47552,4.50733e+06,2.70226e+06,1.37566e+07,0,0,0,0,99.3022,98.274,6.85121,0,0,2.28372,1.98132,0,1.7643,2.96352,9.36715e+06,3.61194e+06,2.13919e+07,0,0,0,7.64495e+07
85.139,85.139,6.15351,0.16,0.08,3.05228,3.35468,0,0.571955,4.47552,4.50733e+06,2.70226e+06,1.37576e+07,0,0,0,0,99.3022,98.274,7.35622,0,0,2.28385,1.98145,0,1.7644,2.96352,9.36715e+06,3.61194e+06,2.13931e+07,0,0,0,7.64495e+07
85.139,85.139,5.66699,0.18,0.08,3.0525,3.3549,0,0.571997,4.47552,4.50733e+06,2.70226e+06,1.37586e+07,0,0,0,0,99.3022,98.274,7.58438,0,0,2.28398,1.98158,0,1.7645,2.96352,9.36715e+06,3.61194e+06,2.13944e+07,0,0,0,7.64495e+07
85.139,85.139,6.00941,0.18,0.08,2.62743,2.92983,0,0.572038,4.47552,4.50733e+06,2.70226e+06,1.18427e+07,0,0,0,0,99.3022,98.274,7.50451,0,0,2.00431,1.70191,0,1.7646,2.96352,9.36715e+06,3.61194e+06,1.87747e+07,0,0,0,7.64495e+07
85.139,85.139,5.22487,0.2,0.08,2.62762,2.93002,0,0.492381,4.47552,4.50733e+06,2.70226e+06,1.18436e+07,0,0,0,0,99.3022,98.274,6.69976,0,0,2.00442,1.70202,0,1.54853,2.96352,9.36715e+06,3.61194e+06,1.87757e+07,0,0,0,7.64495e+07
85.139,85.139,4.97786,0.2,0.08,2.62782,2.93022,0,0.492417,4.47552,4.50733e+06,2.70226e+06,1.18444e+07,0,0,0,0,99.3022,98.274,6.82327,0,0,2.00453,1.70213,0,1.54861,2.96352,9.36715e+06,3.61194e+06,1.87767e+07,0,0,0,7.64495e+07
85.139,85.139,5.07424,0.23,0.08,2.62801,2.93041,0,0.492453,4.47552,4.50733e+06,2.70226e+06,1.18453e+07,0,0,0,0,99.3022,98.274,6.43365,0,0,2.00464,1.70224,0,1.5487,2.96352,9.36715e+06,3.61194e+06,1.87778e+07,0,0,0,7.64495e+07
85.139,85.139,4.11039,0.25,0.08,2.6282,2.9306,0,0.492489,4.47552,4.50733e+06,2.70226e+06,1.18462e+07,0,0,0,0,99.3022,98.274,5.3019,0,0,2.00475,1.70235,0,1.54879,2.96352,9.36715e+06,3.61194e+06,1.87788e+07,0,0,0,7.64495e+07
85.139,85.139,4.03556,0.29,0.08,2.73548,3.03788,0,0.492525,4.47552,4.50733e+06,2.70226e+06,1.23297e+07,0,0,0,0,99.3022,98.274,4.94611,0,0,2.07334,1.77094,0,1.54887,2.96352,9.36715e+06,3.61194e+06,1.94213e+07,0,0,0,7.64495e+07
85.139,85.139,3.4236,0.29,0.08,2.73568,3.03808,0,0.512628,4.47552,4.50733e+06,2.70226e+06,1.23306e+07,0,0,0,0,99.3022,98.274,4.34324,0,0,2.07345,1.77105,0,1.60186,2.96352,9.36715e+06,3.61194e+06,1.94223e+07,0,0,0,7.64495e+07
85.139,85.139,3.22807,0.29,0.08,2.73588,3.03828,0,0.512666,4.47552,4.50733e+06,2.70226e+06,1.23315e+07,0,0,0,0,99.3022,98.274,4.51856,0,0,2.07357,1.77117,0,1.60195,2.96352,9.36715e+06,3.61194e+06,1.94234e+07,0,0,0,7.64495e+07
85.139,85.139,3.18623,0.27,0.08,2.73607,3.03847,0,0.512703,4.47552,4.50733e+06,2.70226e+06,1.23324e+07,0,0,0,0,99.3022,98.274,3.89848,0,0,2.07368,1.77128,0,1.60204,2.96352,9.36715e+06,3.61194e+06,1.94245e+07,0,0,0,7.64495e+07
84.8162,85.139,2.78383,0.25,0.08,2.69439,2.99679,0,0.51274,4.47552,4.50733e+06,2.70226e+06,1.21445e+07,0,0,0,0,99.3022,98.274,3.15436,0,0,2.0472,1.7448,0,1.60213,2.96352,9.36715e+06,3.61194e+06,1.91764e+07,0,0,0,7.64495e+07
84.1953,85.139,2.46336,0.33,0.08,2.69459,2.99699,0,0.504929,4.47552,4.50733e+06,2.70226e+06,1.21454e+07,0,0,0,0,99.2532,98.274,2.85385,0,0,2.04731,1.74491,0,1.58167,2.96352,9.36715e+06,3.61194e+06,1.91775e+07,0,0,0,7.64495e+07
83.4773,85.139,2.28036,0.32,0.08,2.69478,2.99718,0,0.504966,4.47552,4.50733e+06,2.70226e+06,1.21463e+07,0,0,0,0,99.1029,98.274,2.63608,0,0,2.04743,1.74503,0,1.58175,2.96352,9.36715e+06,3.61194e+06,1.91786e+07,0,0,0,7.64495e+07
82.7146,85.139,2.22733,0.31,0.08,2.69498,2.99738,0,0.505003,4.47552,4.50733e+06,2.70226e+06,1.21472e+07,0,0,0,0,99.0398,98.274,3.01257,0,0,2.04754,1.74514,0,1.58184,2.96352,9.36715e+06,3.61194e+06,1.91796e+07,0,0,0,7.64495e+07
81.9018,85.139,2.30158,0.28,0.08,2.83737,3.13977,0,0.505039,4.47552,4.50733e+06,2.70226e+06,1.2789e+07,0,0,0,0,98.943,98.274,2.76078,0,0,2.14201,1.83961,0,1.58193,2.96352,9.36715e+06,3.61194e+06,2.00646e+07,0,0,0,7.64495e+07
80.9756,85.139,2.12624,0.23,0.08,2.83758,3.13998,0,0.531724,4.47552,4.50733e+06,2.70226e+06,1.27899e+07,0,0,0,0,98.8046,98.274,2.70723,0,0,2.14213,1.83973,0,1.65492,2.96352,9.36715e+06,3.61194e+06,2.00657e+07,0,0,0,7.64495e+07
79.9768,85.139,2.03258,0.23,0.08,2.83778,3.14018,0,0.531762,4.47552,4.50733e+06,2.70226e+06,1.27908e+07,0,0,0,0,98.7026,98.274,2.74964,0,0,2.14225,1.83985,0,1.65501,2.96352,9.36715e+06,3.61194e+06,2.00668e+07,0,0,0,7.64495e+07
78.8991,85.139,1.93991,0.23,0.08,2.83799,3.14039,0,0.531801,4.47552,4.50733e+06,2.70226e+06,1.27918e+07,0,0,0,0,98.6041,98.274,2.66798,0,0,2.14237,1.83997,0,1.65511,2.96352,9.36715e+06,3.61194e+06,2.0068e+07,0,0,0,7.64495e+07
77.793,85.139,1.86333,0.28,0.08,2.8382,3.1406,0,0.531839,4.47552,4.50733e+06,2.70226e+06,1.27927e+07,0,0,0,0,98.4278,98.274,2.51552,0,0,2.1425,1.8401,0,1.6552,2.96352,9.36715e+06,3.61194e+06,2.00691e+07,0,0,0,7.64495e+07
76.6967,85.139,1.79686,0.27,0.08,2.81027,3.11267,0,0.531878,4.47552,4.50733e+06,2.70226e+06,1.26668e+07,0,0,0,0,98.171,98.274,2.34745,0,0,2.19449,1.89209,0,1.65529,2.96352,9.36715e+06,3.61194e+06,2.05562e+07,0,0,0,7.64495e+07
75.4561,85.139,1.64298,0.26,0.08,2.81047,3.11287,0,0.526645,4.47552,4.50733e+06,2.70226e+06,1.26677e+07,0,0,0,0,97.8957,98.274,2.35071,0,0,2.19462,1.89222,0,1.69547,2.96352,9.36715e+06,3.61194e+06,2.05573e+07,0,0,0,7.64495e+07
74.0712,85.139,1.4832,0.24,0.08,2.81068,3.11308,0,0.526683,4.47552,4.50733e+06,2.70226e+06,1.26687e+07,0,0,0,0,97.5601,98.274,2.10808,0,0,2.19474,1.89234,0,1.69556,2.96352,9.36715e+06,3.61194e+06,2.05585e+07,0,0,0,7.64495e+07
72.6567,85.139,1.41344,0.22,0.08,2.81088,3.11328,0,0.526721,4.47552,4.50733e+06,2.70226e+06,1.26696e+07,0,0,0,0,97.1631,98.274,2.04774,0,0,2.19486,1.89246,0,1.69566,2.96352,9.36715e+06,3.61194e+06,2.05596e+07,0,0,0,7.64495e+07
71.4215,85.139,1.64469,0.26,0.08,2.88375,3.18615,0,0.526759,4.47552,4.50733e+06,2.70226e+06,1.2998e+07,0,0,0,0,96.8313,98.274,2.20305,0,0,2.24124,1.93884,0,1.69575,2.96352,9.36715e+06,3.61194e+06,2.0994e+07,0,0,0,7.64495e+07
70.039,85.139,1.48313,0.25,0.08,2.88396,3.18636,0,0.540414,4.47552,4.50733e+06,2.70226e+06,1.2999e+07,0,0,0,0,96.4086,98.274,2.12607,0,0,2.24136,1.93896,0,1.73158,2.96352,9.36715e+06,3.61194e+06,2.09952e+07,0,0,0,7.64495e+07
68.5414,85.139,1.35216,0.25,0.08,2.88417,3.18657,0,0.540454,4.47552,4.50733e+06,2.70226e+06,1.29999e+07,0,0,0,0,95.9502,98.274,1.96149,0,0,2.24149,1.93909,0,1.73168,2.96352,9.36715e+06,3.61194e+06,2.09964e+07,0,0,0,7.64495e+07
66.8978,85.139,1.17692,0.23,0.08,2.88437,3.18677,0,0.540493,4.47552,4.50733e+06,2.70226e+06,1.30008e+07,0,0,0,0,95.5502,98.274,1.94883,0,0,2.24162,1.93922,0,1.73177,2.96352,9.36715e+06,3.61194e+06,2.09976e+07,0,0,0,7.64495e+07
65.3237,85.139,1.40603,0.28,0.08,3.09743,3.39983,0,0.540532,4.47552,4.50733e+06,2.70226e+06,1.39611e+07,0,0,0,0,95.0372,98.274,2.10018,0,0,2.40871,2.10631,0,1.73187,2.96352,9.36715e+06,3.61194e+06,2.25628e+07,0,0,0,7.64495e+07
63.6242,85.139,1.27774,0.27,0.08,3.09765,3.40005,0,0.580458,4.47552,4.50733e+06,2.70226e+06,1.39621e+07,0,0,0,0,94.5365,98.274,1.73237,0,0,2.40885,2.10645,0,1.86097,2.96352,9.36715e+06,3.61194e+06,2.25641e+07,0,0,0,7.64495e+07
62.0666,85.139,1.38916,0.27,0.08,3.09787,3.40027,0,0.5805,4.47552,4.50733e+06,2.70226e+06,1.39631e+07,0,0,0,0,94.2125,98.274,2.28124,0,0,2.40899,2.10659,0,1.86108,2.96352,9.36715e+06,3.61194e+06,2.25654e+07,0,0,0,7.64495e+07
60.4299,85.139,1.29276,0.29,0.08,3.0981,3.4005,0,0.580541,4.47552,4.50733e+06,2.70226e+06,1.39641e+07,0,0,0,0,93.597,98.274,2.06315,0,0,2.40913,2.10673,0,1.86118,2.96352,9.36715e+06,3.61194e+06,2.25667e+07,0,0,0,7.64495e+07
58.5929,85.139,1.05892,0.29,0.08,3.09832,3.40072,0,0.580583,4.47552,4.50733e+06,2.70226e+06,1.39651e+07,0,0,0,0,92.5556,98.274,1.69689,0,0,2.40926,2.10686,0,1.86129,2.96352,9.36715e+06,3.61194e+06,2.25679e+07,0,0,0,7.64495e+07
56.2679,85.139,0.480184,0.29,0.08,2.99477,3.29717,0,0.580625,4.47552,4.50733e+06,2.70226e+06,1.34984e+07,0,0,0,0,91.4443,98.274,1.22512,0,0,2.30802,2.00562,0,1.8614,2.96352,9.36715e+06,3.61194e+06,2.16196e+07,0,0,0,7.64495e+07
53.8808,85.139,0.378941,0.33,0.08,2.99499,3.29739,0,0.561221,4.47552,4.50733e+06,2.70226e+06,1.34994e+07,0,0,0,0,90.2379,98.274,0.963219,0,0,2.30816,2.00576,0,1.78318,2.96352,9.36715e+06,3.61194e+06,2.16209e+07,0,0,0,7.64495e+07
51.5457,85.139,0.420396,0.33,0.08,2.99521,3.29761,0,0.561261,4.47552,4.50733e+06,2.70226e+06,1.35004e+07,0,0,0,0,89.576,98.274,0.950547,0,0,2.30829,2.00589,0,1.78328,2.96352,9.36715e+06,3.61194e+06,2.16221e+07,0,0,0,7.64495e+07
50.3158,85.139,1.49062,0.32,0.08,2.99542,3.29782,0,0.561302,4.47552,4.50733e+06,2.70226e+06,1.35014e+07,0,0,0,0,88.6653,98.274,1.9718,0,0,2.30842,2.00602,0,1.78338,2.96352,9.36715e+06,3.61194e+06,2.16233e+07,0,0,0,7.64495e+07
48.6841,85.139,1.14144,0.38,0.08,2.91044,3.21284,0,0.561342,4.47552,4.50733e+06,2.70226e+06,1.31183e+07,0,0,0,0,88.3289,98.274,1.24207,0,0,2.21625,1.91385,0,1.78348,2.96352,9.36715e+06,3.61194e+06,2.07599e+07,0,0,0,7.64495e+07
47.3193,85.139,1.11756,0.42,0.08,2.54585,3.21305,0,0.545417,4.47552,4.50733e+06,3.70142e+06,1.1475e+07,0,0,0,0,88.0041,98.274,2.14758,0,0,1.99906,1.91397,0,1.71227,2.96352,9.36715e+06,4.94745e+06,1.87255e+07,0,0,0,7.64495e+07
47.8576,85.139,3.15409,0.42,0.08,2.54603,3.21326,0,0.477091,4.47552,4.50733e+06,3.70142e+06,1.14758e+07,0,0,0,0,88.2389,98.274,4.80387,0,0,1.99917,1.9141,0,1.54448,2.96352,9.36715e+06,4.94745e+06,1.87266e+07,0,0,0,7.64495e+07
47.3136,85.139,2.02556,0.42,0.08,2.54622,3.21347,0,0.477126,4.47552,4.50733e+06,3.70142e+06,1.14767e+07,0,0,0,0,88.4422,98.274,2.19321,0,0,1.99928,1.91422,0,1.54456,2.96352,9.36715e+06,4.94745e+06,1.87276e+07,0,0,0,7.64495e+07
46.8922,85.139,1.96306,0.44,0.08,2.33186,2.97166,0,0.477161,4.47552,4.50733e+06,3.70142e+06,1.05105e+07,0,0,0,0,88.7309,98.274,3.13736,0,0,1.82894,1.72206,0,1.54465,2.96352,9.36715e+06,4.94745e+06,1.71319e+07,0,0,0,7.64495e+07
46.451,85.139,2.04465,0.46,0.08,2.33203,2.97185,0,0.43699,4.47552,4.50733e+06,3.70142e+06,1.05112e+07,0,0,0,0,89.1038,98.274,3.23646,0,0,1.82904,1.72217,0,1.41304,2.96352,9.36715e+06,4.94745e+06,1.71329e+07,0,0,0,7.64495e+07
45.9004,85.139,1.85612,0.51,0.08,2.3322,2.97204,0,0.437022,4.47552,4.50733e+06,3.70142e+06,1.0512e+07,0,0,0,0,89.3683,98.274,2.9002,0,0,1.82914,1.72228,0,1.41311,2.96352,9.36715e+06,4.94745e+06,1.71338e+07,0,0,0,7.64495e+07
45.66,85.139,2.19615,0.56,0.08,2.33237,2.97224,0,0.437055,4.47552,4.50733e+06,3.70142e+06,1.05128e+07,0,0,0,0,89.6252,98.274,2.92415,0,0,1.82924,1.7224,0,1.41319,2.96352,9.36715e+06,4.94745e+06,1.71347e+07,0,0,0,7.64495e+07
46.2747,85.139,3.03842,0.57,0.08,2.33255,2.97243,0,0.437087,4.47552,4.50733e+06,3.70142e+06,1.05136e+07,0,0,0,0,89.9228,98.274,3.46648,0,0,1.82934,1.72251,0,1.41327,2.96352,9.36715e+06,4.94745e+06,1.71357e+07,0,0,0,7.64495e+07
50.5038,85.139,6.90344,0.6,0.08,2.41527,3.06575,0,0.437119,4.47552,4.50733e+06,3.70142e+06,1.08864e+07,0,0,0,0,90.8372,98.274,5.86223,0,0,1.87881,1.77832,0,1.41335,2.96352,9.36715e+06,4.94745e+06,1.75991e+07,0,0,0,7.64495e+07
53.3406,85.139,5.55402,0.62,0.08,2.41543,3.06593,0,0.452621,4.47552,4.50733e+06,3.70142e+06,1.08871e+07,0,0,0,0,91.2579,98.274,4.23143,0,0,1.8789,1.77842,0,1.45157,2.96352,9.36715e+06,4.94745e+06,1.76e+07,0,0,0,7.64495e+07
55.9496,85.139,5.29952,0.57,0.08,2.41559,3.06611,0,0.452651,4.47552,4.50733e+06,3.70142e+06,1.08879e+07,0,0,0,0,91.6246,98.274,4.27002,0,0,1.879,1.77853,0,1.45164,2.96352,9.36715e+06,4.94745e+06,1.76009e+07,0,0,0,7.64495e+07
58.2274,85.139,4.98728,0.58,0.08,2.41575,3.06629,0,0.452681,4.47552,4.50733e+06,3.70142e+06,1.08886e+07,0,0,0,0,91.9019,98.274,4.00967,0,0,1.87909,1.77863,0,1.45171,2.96352,9.36715e+06,4.94745e+06,1.76017e+07,0,0,0,7.64495e+07
61.6778,85.139,6.42745,0.54,0.08,2.68105,3.36557,0,0.452712,4.47552,4.50733e+06,3.70142e+06,1.20844e+07,0,0,0,0,92.1809,98.274,4.54823,0,0,2.06458,1.98788,0,1.45179,2.96352,9.36715e+06,4.94745e+06,1.93392e+07,0,0,0,7.64495e+07
65.43,85.139,6.94316,0.55,0.08,2.68123,3.36577,0,0.502429,4.47552,4.50733e+06,3.70142e+06,1.20852e+07,0,0,0,0,92.413,98.274,4.9008,0,0,2.06469,1.988,0,1.59509,2.96352,9.36715e+06,4.94745e+06,1.93402e+07,0,0,0,7.64495e+07
68.0321,85.139,5.67155,0.5,0.08,2.6814,3.36597,0,0.502462,4.47552,4.50733e+06,3.70142e+06,1.2086e+07,0,0,0,0,92.4048,98.274,3.60334,0,0,2.06479,1.98812,0,1.59518,2.96352,9.36715e+06,4.94745e+06,1.93412e+07,0,0,0,7.64495e+07
74.854,85.139,10.0717,0.54,0.08,2.68158,3.36617,0,0.502495,4.47552,4.50733e+06,3.70142e+06,1.20868e+07,0,0,0,0,93.0237,98.274,6.5674,0,0,2.06489,1.98824,0,1.59526,2.96352,9.36715e+06,4.94745e+06,1.93422e+07,0,0,0,7.64495e+07
79.2407,85.139,7.5331,0.39,0.08,2.57051,2.93966,0,0.502528,4.47552,4.50733e+06,3.08451e+06,1.15861e+07,0,0,0,0,93.7211,98.274,5.64879,0,0,1.97124,1.70762,0,1.59534,2.96352,9.36715e+06,4.12287e+06,1.84649e+07,0,0,0,7.64495e+07
82.8741,85.139,6.54565,0.42,0.08,2.30365,2.93984,0,0.481714,4.47552,4.50733e+06,3.70142e+06,1.03833e+07,0,0,0,0,94.0736,98.274,4.01966,0,0,1.81623,1.70772,0,1.52298,2.96352,9.36715e+06,4.94745e+06,1.70129e+07,0,0,0,7.64495e+07
85.139,85.139,5.74566,0.34,0.08,2.63761,2.94001,0,0.431705,4.47552,4.50733e+06,2.70226e+06,1.18886e+07,0,0,0,0,94.4215,98.274,3.94506,0,0,2.01022,1.70782,0,1.40322,2.96352,9.36715e+06,3.61194e+06,1.883e+07,0,0,0,7.64495e+07
85.139,85.139,10.5409,0.24,0.08,2.63779,2.94019,0,0.494289,4.47552,4.50733e+06,2.70226e+06,1.18894e+07,0,0,0,0,95.3405,98.274,6.90704,0,0,2.01032,1.70792,0,1.5531,2.96352,9.36715e+06,3.61194e+06,1.8831e+07,0,0,0,7.64495e+07
85.139,85.139,9.65398,0.27,0.08,2.63796,2.94036,0,0.494322,4.47552,4.50733e+06,2.70226e+06,1.18902e+07,0,0,0,0,96.1829,98.274,6.76224,0,0,2.01042,1.70802,0,1.55317,2.96352,9.36715e+06,3.61194e+06,1.88319e+07,0,0,0,7.64495e+07
85.139,85.139,9.98537,0.31,0.08,2.74558,3.04798,0,0.494354,4.47552,4.50733e+06,2.70226e+06,1.23752e+07,0,0,0,0,96.7997,98.274,6.08514,0,0,2.07922,1.77682,0,1.55325,2.96352,9.36715e+06,3.61194e+06,1.94764e+07,0,0,0,7.64495e+07
85.139,85.139,8.25924,0.31,0.08,2.74576,3.04816,0,0.514521,4.47552,4.50733e+06,2.70226e+06,1.23761e+07,0,0,0,0,97.2084,98.274,5.56986,0,0,2.07933,1.77693,0,1.60641,2.96352,9.36715e+06,3.61194e+06,1.94774e+07,0,0,0,7.64495e+07
85.139,85.139,6.64519,0.32,0.08,2.74594,3.04834,0,0.514555,4.47552,4.50733e+06,2.70226e+06,1.23769e+07,0,0,0,0,97.2407,98.274,3.84622,0,0,2.07944,1.77704,0,1.60649,2.96352,9.36715e+06,3.61194e+06,1.94784e+07,0,0,0,7.64495e+07
85.139,85.139,5.75026,0.3,0.08,2.74612,3.04852,0,0.514589,4.47552,4.50733e+06,2.70226e+06,1.23777e+07,0,0,0,0,97.1568,98.274,3.12632,0,0,2.07954,1.77714,0,1.60657,2.96352,9.36715e+06,3.61194e+06,1.94794e+07,0,0,0,7.64495e+07
85.139,85.139,5.43605,0.28,0.08,2.70429,3.00669,0,0.514623,4.47552,4.50733e+06,2.70226e+06,1.21891e+07,0,0,0,0,96.9541,98.274,3.09367,0,0,2.05296,1.75056,0,1.60665,2.96352,9.36715e+06,3.61194e+06,1.92304e+07,0,0,0,7.64495e+07
85.139,85.139,4.87782,0.23,0.08,2.70446,3.00686,0,0.506783,4.47552,4.50733e+06,2.70226e+06,1.21899e+07,0,0,0,0,96.7544,98.274,3.09658,0,0,2.05306,1.75066,0,1.58612,2.96352,9.36715e+06,3.61194e+06,1.92314e+07,0,0,0,7.64495e+07
85.139,85.139,4.38729,0.23,0.08,2.70464,3.00704,0,0.506816,4.47552,4.50733e+06,2.70226e+06,1.21907e+07,0,0,0,0,96.5928,98.274,3.18633,0,0,2.05317,1.75077,0,1.5862,2.96352,9.36715e+06,3.61194e+06,1.92323e+07,0,0,0,7.64495e+07
85.139,85.139,4.75438,0.21,0.08,2.70482,3.00722,0,0.50685,4.47552,4.50733e+06,2.70226e+06,1.21915e+07,0,0,0,0,96.3337,98.274,2.9217,0,0,2.05327,1.75087,0,1.58628,2.96352,9.36715e+06,3.61194e+06,1.92333e+07,0,0,0,7.64495e+07
85.139,85.139,4.34889,0.19,0.08,2.84766,3.15006,0,0.506883,4.47552,4.50733e+06,2.70226e+06,1.28354e+07,0,0,0,0,95.9744,98.274,2.70957,0,0,2.14804,1.84564,0,1.58636,2.96352,9.36715e+06,3.61194e+06,2.0121e+07,0,0,0,7.64495e+07
85.139,85.139,3.57589,0.18,0.08,2.84785,3.15025,0,0.533652,4.47552,4.50733e+06,2.70226e+06,1.28362e+07,0,0,0,0,95.5601,98.274,2.36971,0,0,2.14815,1.84575,0,1.65958,2.96352,9.36715e+06,3.61194e+06,2.01221e+07,0,0,0,7.64495e+07
85.139,85.139,3.40066,0.16,0.08,2.84804,3.15044,0,0.533687,4.47552,4.50733e+06,2.70226e+06,1.2837e+07,0,0,0,0,95.1479,98.274,2.2064,0,0,2.14826,1.84586,0,1.65966,2.96352,9.36715e+06,3.61194e+06,2.01231e+07,0,0,0,7.64495e+07
85.139,85.139,3.30453,0.15,0.08,2.84822,3.15062,0,0.533722,4.47552,4.50733e+06,2.70226e+06,1.28379e+07,0,0,0,0,94.7434,98.274,2.29908,0,0,2.14837,1.84597,0,1.65975,2.96352,9.36715e+06,3.61194e+06,2.01241e+07,0,0,0,7.64495e+07
84.9006,85.139,2.79662,0.13,0.08,2.84841,3.15081,0,0.533757,4.47552,4.50733e+06,2.70226e+06,1.28387e+07,0,0,0,0,94.3442,98.274,2.28458,0,0,2.14848,1.84608,0,1.65983,2.96352,9.36715e+06,3.61194e+06,2.01251e+07,0,0,0,7.64495e+07
84.0862,85.139,2.18229,0.19,0.08,2.82038,3.12278,0,0.533792,4.47552,4.50733e+06,2.70226e+06,1.27124e+07,0,0,0,0,94.0173,98.274,2.41601,0,0,2.20064,1.89824,0,1.65992,2.96352,9.36715e+06,3.61194e+06,2.06137e+07,0,0,0,7.64495e+07
83.1462,85.139,2.05199,0.17,0.08,2.82056,3.12296,0,0.528539,4.47552,4.50733e+06,2.70226e+06,1.27132e+07,0,0,0,0,93.6607,98.274,2.30344,0,0,2.20075,1.89835,0,1.70021,2.96352,9.36715e+06,3.61194e+06,2.06148e+07,0,0,0,7.64495e+07
82.0383,85.139,1.87583,0.17,0.08,2.82075,3.12315,0,0.528573,4.47552,4.50733e+06,2.70226e+06,1.2714e+07,0,0,0,0,93.2362,98.274,2.25774,0,0,2.20086,1.89846,0,1.7003,2.96352,9.36715e+06,3.61194e+06,2.06158e+07,0,0,0,7.64495e+07
80.776,85.139,1.70038,0.14,0.08,2.82093,3.12333,0,0.528608,4.47552,4.50733e+06,2.70226e+06,1.27149e+07,0,0,0,0,92.8312,98.274,2.05584,0,0,2.20097,1.89857,0,1.70039,2.96352,9.36715e+06,3.61194e+06,2.06169e+07,0,0,0,7.64495e+07
79.5669,85.139,1.80097,0.14,0.08,2.89402,3.19642,0,0.528643,4.47552,4.50733e+06,2.70226e+06,1.30443e+07,0,0,0,0,92.5056,98.274,2.26935,0,0,2.24748,1.94508,0,1.70047,2.96352,9.36715e+06,3.61194e+06,2.10525e+07,0,0,0,7.64495e+07
78.2743,85.139,1.69456,0.13,0.08,2.89421,3.19661,0,0.542339,4.47552,4.50733e+06,2.70226e+06,1.30451e+07,0,0,0,0,92.1158,98.274,2.3355,0,0,2.2476,1.9452,0,1.73641,2.96352,9.36715e+06,3.61194e+06,2.10536e+07,0,0,0,7.64495e+07
76.8873,85.139,1.586,0.17,0.08,2.8944,3.1968,0,0.542374,4.47552,4.50733e+06,2.70226e+06,1.3046e+07,0,0,0,0,91.6821,98.274,2.13069,0,0,2.24771,1.94531,0,1.73649,2.96352,9.36715e+06,3.61194e+06,2.10547e+07,0,0,0,7.64495e+07
75.4899,85.139,1.55809,0.17,0.08,2.89459,3.19699,0,0.54241,4.47552,4.50733e+06,2.70226e+06,1.30469e+07,0,0,0,0,91.2947,98.274,2.29843,0,0,2.24783,1.94543,0,1.73658,2.96352,9.36715e+06,3.61194e+06,2.10558e+07,0,0,0,7.64495e+07
74.0633,85.139,1.68349,0.17,0.08,3.1083,3.4107,0,0.542445,4.47552,4.50733e+06,2.70226e+06,1.40101e+07,0,0,0,0,90.9589,98.274,2.40314,0,0,2.41545,2.11305,0,1.73667,2.96352,9.36715e+06,3.61194e+06,2.26259e+07,0,0,0,7.64495e+07
72.7012,85.139,1.73149,0.17,0.08,3.1085,3.4109,0,0.582496,4.47552,4.50733e+06,2.70226e+06,1.40111e+07,0,0,0,0,90.658,98.274,2.39149,0,0,2.41557,2.11317,0,1.86618,2.96352,9.36715e+06,3.61194e+06,2.26271e+07,0,0,0,7.64495e+07
71.1496,85.139,1.55761,0.21,0.08,3.10871,3.41111,0,0.582534,4.47552,4.50733e+06,2.70226e+06,1.4012e+07,0,0,0,0,90.3348,98.274,2.29253,0,0,2.4157,2.1133,0,1.86627,2.96352,9.36715e+06,3.61194e+06,2.26282e+07,0,0,0,7.64495e+07
69.6413,85.139,1.57169,0.21,0.08,3.10891,3.41131,0,0.582572,4.47552,4.50733e+06,2.70226e+06,1.40129e+07,0,0,0,0,90.1051,98.274,2.47417,0,0,2.41583,2.11343,0,1.86637,2.96352,9.36715e+06,3.61194e+06,2.26294e+07,0,0,0,7.64495e+07
68.2013,85.139,1.61971,0.21,0.08,3.10911,3.41151,0,0.58261,4.47552,4.50733e+06,2.70226e+06,1.40138e+07,0,0,0,0,90.1441,98.274,4.2259,0,0,2.41595,2.11355,0,1.86647,2.96352,9.36715e+06,3.61194e+06,2.26306e+07,0,0,0,7.64495e+07
66.7952,85.139,1.50451,0.21,0.08,3.00522,3.30762,0,0.582648,4.47552,4.50733e+06,2.70226e+06,1.35455e+07,0,0,0,0,89.7579,98.274,2.8056,0,0,2.31438,2.01198,0,1.86656,2.96352,9.36715e+06,3.61194e+06,2.16791e+07,0,0,0,7.64495e+07
65.1375,85.139,1.23346,0.25,0.08,3.00542,3.30782,0,0.563178,4.47552,4.50733e+06,2.70226e+06,1.35464e+07,0,0,0,0,89.2802,98.274,2.2593,0,0,2.3145,2.0121,0,1.78809,2.96352,9.36715e+06,3.61194e+06,2.16803e+07,0,0,0,7.64495e+07
64.1785,85.139,2.01872,0.25,0.08,3.00561,3.30801,0,0.563215,4.47552,4.50733e+06,2.70226e+06,1.35473e+07,0,0,0,0,89.0807,98.274,2.99455,0,0,2.31462,2.01222,0,1.78818,2.96352,9.36715e+06,3.61194e+06,2.16814e+07,0,0,0,7.64495e+07
65.517,85.139,4.54182,0.25,0.08,3.00581,3.30821,0,0.563252,4.47552,4.50733e+06,2.70226e+06,1.35482e+07,0,0,0,0,89.3078,98.274,4.63098,0,0,2.31474,2.01234,0,1.78827,2.96352,9.36715e+06,3.61194e+06,2.16825e+07,0,0,0,7.64495e+07
64.1996,85.139,1.66963,0.23,0.08,2.92054,3.22294,0,0.563289,4.47552,4.50733e+06,2.70226e+06,1.31639e+07,0,0,0,0,89.0406,98.274,2.52255,0,0,2.22226,1.91986,0,1.78837,2.96352,9.36715e+06,3.61194e+06,2.08163e+07,0,0,0,7.64495e+07
63.7702,85.139,2.58953,0.24,0.08,2.92073,3.22313,0,0.54731,4.47552,4.50733e+06,2.70226e+06,1.31647e+07,0,0,0,0,88.7815,98.274,2.40715,0,0,2.22238,1.91998,0,1.71692,2.96352,9.36715e+06,3.61194e+06,2.08174e+07,0,0,0,7.64495e+07
65.8107,85.139,5.15273,0.25,0.08,2.92093,3.22333,0,0.547346,4.47552,4.50733e+06,2.70226e+06,1.31656e+07,0,0,0,0,89.3917,98.274,5.48276,0,0,2.22249,1.92009,0,1.71701,2.96352,9.36715e+06,3.61194e+06,2.08184e+07,0,0,0,7.64495e+07
65.932,85.139,3.15473,0.25,0.08,2.92112,3.22352,0,0.547381,4.47552,4.50733e+06,2.70226e+06,1.31664e+07,0,0,0,0,89.7586,98.274,4.96419,0,0,2.22261,1.92021,0,1.7171,2.96352,9.36715e+06,3.61194e+06,2.08195e+07,0,0,0,7.64495e+07
65.7337,85.139,2.77032,0.25,0.08,2.67853,2.98093,0,0.547417,4.47552,4.50733e+06,2.70226e+06,1.2073e+07,0,0,0,0,90.0027,98.274,3.74364,0,0,2.02983,1.72743,0,1.71719,2.96352,9.36715e+06,3.61194e+06,1.90137e+07,0,0,0,7.64495e+07
64.0169,85.139,1.20086,0.31,0.08,2.6787,2.9811,0,0.501956,4.47552,4.50733e+06,2.70226e+06,1.20738e+07,0,0,0,0,90.0844,98.274,2.85927,0,0,2.02993,1.72753,0,1.56825,2.96352,9.36715e+06,3.61194e+06,1.90147e+07,0,0,0,7.64495e+07
62.1759,85.139,1.00043,0.34,0.08,2.67888,2.98128,0,0.501989,4.47552,4.50733e+06,2.70226e+06,1.20746e+07,0,0,0,0,89.9695,98.274,2.45701,0,0,2.03004,1.72764,0,1.56833,2.96352,9.36715e+06,3.61194e+06,1.90157e+07,0,0,0,7.64495e+07
61.7582,85.139,2.21319,0.41,0.08,2.34055,2.98146,0,0.502022,4.47552,4.50733e+06,3.70142e+06,1.05496e+07,0,0,0,0,90.3492,98.274,4.53152,0,0,1.83397,1.72774,0,1.56841,2.96352,9.36715e+06,4.94745e+06,1.71791e+07,0,0,0,7.64495e+07
62.0323,85.139,2.98973,0.46,0.08,2.3407,2.98164,0,0.438618,4.47552,4.50733e+06,3.70142e+06,1.05503e+07,0,0,0,0,90.9858,98.274,5.44537,0,0,1.83406,1.72784,0,1.41693,2.96352,9.36715e+06,4.94745e+06,1.718e+07,0,0,0,7.64495e+07
69.0175,85.139,10.0442,0.47,0.08,2.42366,3.07522,0,0.438648,4.47552,4.50733e+06,3.70142e+06,1.09243e+07,0,0,0,0,92.2831,98.274,7.53017,0,0,1.88368,1.78381,0,1.417,2.96352,9.36715e+06,4.94745e+06,1.76447e+07,0,0,0,7.64495e+07
74.1543,85.139,8.5664,0.35,0.08,2.77298,3.07538,0,0.454194,4.47552,4.50733e+06,2.70226e+06,1.24988e+07,0,0,0,0,93.179,98.274,5.79207,0,1,2.08631,1.78391,0,1.45533,2.96352,9.36715e+06,3.61194e+06,1.95428e+07,0,0,0,7.64495e+07
78.9718,85.139,8.19759,0.26,0.08,2.77315,3.07555,0,0.519657,4.47552,4.50733e+06,2.70226e+06,1.24995e+07,0,0,0,0,93.7896,98.274,5.22126,0,1,2.0864,1.784,0,1.61188,2.96352,9.36715e+06,3.61194e+06,1.95437e+07,0,0,0,7.64495e+07
84.1827,85.139,8.67503,0.32,0.08,2.77331,3.07571,0,0.519688,4.47552,4.50733e+06,2.70226e+06,1.25002e+07,0,0,0,0,94.9018,98.274,7.49543,0,1,2.0865,1.7841,0,1.61195,2.96352,9.36715e+06,3.61194e+06,1.95446e+07,0,0,0,7.64495e+07
85.139,85.139,11.8818,0.23,0.08,3.07349,3.37589,0,0.519719,4.47552,4.50733e+06,2.70226e+06,1.38532e+07,0,0,0,0,95.9027,98.274,7.30184,0,1,2.29638,1.99398,0,1.61203,2.96352,9.36715e+06,3.61194e+06,2.15105e+07,0,0,0,7.64495e+07
85.139,85.139,10.1867,0.16,0.08,3.07367,3.37607,0,0.575972,4.47552,4.50733e+06,2.70226e+06,1.38541e+07,0,0,0,0,96.5042,98.274,5.83391,0,1,2.29648,1.99408,0,1.77418,2.96352,9.36715e+06,3.61194e+06,2.15115e+07,0,0,0,7.64495e+07
85.139,85.139,8.13469,0.16,0.08,3.07385,3.37625,0,0.576006,4.47552,4.50733e+06,2.70226e+06,1.38549e+07,0,0,0,0,96.9482,98.274,5.45901,0,1,2.29659,1.99419,0,1.77426,2.96352,9.36715e+06,3.61194e+06,2.15125e+07,0,0,0,7.64495e+07
85.139,85.139,7.6362,0.19,0.08,3.07403,3.37643,0,0.57604,4.47552,4.50733e+06,2.70226e+06,1.38557e+07,0,0,0,0,97.4183,98.274,5.65803,0,1,2.2967,1.9943,0,1.77435,2.96352,9.36715e+06,3.61194e+06,2.15135e+07,0,0,0,7.64495e+07
85.139,85.139,5.93977,0.2,0.08,2.64621,2.94861,0,0.576074,4.47552,4.50733e+06,2.70226e+06,1.19273e+07,0,0,0,0,97.9634,98.274,5.06256,0,1,2.01521,1.71281,0,1.77443,2.96352,9.36715e+06,3.61194e+06,1.88768e+07,0,0,0,7.64495e+07
85.139,85.139,7.98053,0.21,0.08,2.64636,2.94876,0,0.495899,4.47552,4.50733e+06,2.70226e+06,1.1928e+07,0,0,0,0,98.7331,98.274,6.35387,0,1,2.0153,1.7129,0,1.55695,2.96352,9.36715e+06,3.61194e+06,1.88777e+07,0,0,0,7.64495e+07
85.139,85.139,7.15683,0.22,0.08,2.64652,2.94892,0,0.495929,4.47552,4.50733e+06,2.70226e+06,1.19288e+07,0,0,0,0,99.2532,98.274,4.58702,0,1,2.01539,1.71299,0,1.55702,2.96352,9.36715e+06,3.61194e+06,1.88785e+07,0,0,0,7.64495e+07
85.139,85.139,6.74134,0.25,0.08,2.64668,2.94908,0,0.495958,4.47552,4.50733e+06,2.70226e+06,1.19295e+07,0,0,0,0,99.3022,98.274,5.65055,0,1,2.01549,1.71309,0,1.55709,2.96352,9.36715e+06,3.61194e+06,1.88794e+07,0,0,0,7.64495e+07
85.139,85.139,7.49957,0.28,0.08,2.64684,2.94924,0,0.495988,4.47552,4.50733e+06,2.70226e+06,1.19302e+07,0,0,0,0,99.3022,98.274,7.05414,0,1,2.01558,1.71318,0,1.55716,2.96352,9.36715e+06,3.61194e+06,1.88802e+07,0,0,0,7.64495e+07
85.139,85.139,9.66859,0.32,0.08,2.75476,3.05716,0,0.496017,4.47552,4.50733e+06,2.70226e+06,1.24166e+07,0,0,0,0,99.3022,98.274,7.30146,0,1,2.08458,1.78218,0,1.55724,2.96352,9.36715e+06,3.61194e+06,1.95265e+07,0,0,0,7.64495e+07
85.139,85.139,7.98838,0.3,0.08,2.75492,3.05732,0,0.516242,4.47552,4.50733e+06,2.70226e+06,1.24174e+07,0,0,0,0,99.3022,98.274,6.80453,0,1,2.08467,1.78227,0,1.61054,2.96352,9.36715e+06,3.61194e+06,1.95274e+07,0,0,0,7.64495e+07
85.139,85.139,6.43277,0.31,0.08,2.75509,3.05749,0,0.516272,4.47552,4.50733e+06,2.70226e+06,1.24181e+07,0,0,0,0,99.3022,98.274,4.69575,0,1,2.08477,1.78237,0,1.61062,2.96352,9.36715e+06,3.61194e+06,1.95283e+07,0,0,0,7.64495e+07
85.139,85.139,5.56811,0.3,0.08,2.75525,3.05765,0,0.516303,4.47552,4.50733e+06,2.70226e+06,1.24188e+07,0,0,0,0,99.3022,98.274,3.7903,0,1,2.08486,1.78246,0,1.61069,2.96352,9.36715e+06,3.61194e+06,1.95292e+07,0,0,0,7.64495e+07
85.139,85.139,5.06286,0.27,0.08,2.71327,3.01567,0,0.516334,4.47552,4.50733e+06,2.70226e+06,1.22296e+07,0,0,0,0,99.3022,98.274,4.48114,0,1,2.05819,1.75579,0,1.61076,2.96352,9.36715e+06,3.61194e+06,1.92794e+07,0,0,0,7.64495e+07
85.139,85.139,4.46365,0.25,0.08,2.71343,3.01583,0,0.508466,4.47552,4.50733e+06,2.70226e+06,1.22303e+07,0,0,0,0,99.3022,98.274,4.37901,0,1,2.05828,1.75588,0,1.59016,2.96352,9.36715e+06,3.61194e+06,1.92803e+07,0,0,0,7.64495e+07
85.139,85.139,5.30937,0.23,0.08,2.71359,3.01599,0,0.508497,4.47552,4.50733e+06,2.70226e+06,1.22311e+07,0,0,0,0,99.3022,98.274,4.6823,0,1,2.05838,1.75598,0,1.59023,2.96352,9.36715e+06,3.61194e+06,1.92811e+07,0,0,0,7.64495e+07
85.139,85.139,4.5071,0.23,0.08,2.71375,3.01615,0,0.508527,4.47552,4.50733e+06,2.70226e+06,1.22318e+07,0,0,0,0,99.3022,98.274,4.42173,0,1,2.05847,1.75607,0,1.5903,2.96352,9.36715e+06,3.61194e+06,1.9282e+07,0,0,0,7.64495e+07
85.139,85.139,4.22748,0.21,0.08,2.857,3.1594,0,0.508557,4.47552,4.50733e+06,2.70226e+06,1.28774e+07,0,0,0,0,99.3022,98.274,3.97857,0,1,2.15351,1.85111,0,1.59037,2.96352,9.36715e+06,3.61194e+06,2.01723e+07,0,0,0,7.64495e+07
85.139,85.139,3.9524,0.18,0.08,2.85717,3.15957,0,0.535401,4.47552,4.50733e+06,2.70226e+06,1.28782e+07,0,0,0,0,99.2506,98.274,3.6448,0,1,2.15361,1.85121,0,1.6638,2.96352,9.36715e+06,3.61194e+06,2.01732e+07,0,0,0,7.64495e+07
85.139,85.139,3.86245,0.18,0.08,2.85734,3.15974,0,0.535433,4.47552,4.50733e+06,2.70226e+06,1.2879e+07,0,0,0,0,99.3022,98.274,4.01031,0,1,2.15371,1.85131,0,1.66388,2.96352,9.36715e+06,3.61194e+06,2.01741e+07,0,0,0,7.64495e+07
85.139,85.139,3.65502,0.16,0.08,2.8575,3.1599,0,0.535465,4.47552,4.50733e+06,2.70226e+06,1.28797e+07,0,0,0,0,99.2018,98.274,3.44578,0,1,2.15381,1.85141,0,1.66396,2.96352,9.36715e+06,3.61194e+06,2.01751e+07,0,0,0,7.64495e+07
85.139,85.139,3.45722,0.14,0.08,2.85767,3.16007,0,0.535496,4.47552,4.50733e+06,2.70226e+06,1.28805e+07,0,0,0,0,98.6013,98.274,2.84604,0,1,2.15391,1.85151,0,1.66403,2.96352,9.36715e+06,3.61194e+06,2.0176e+07,0,0,0,7.64495e+07
85.139,85.139,3.3972,0.12,0.08,2.82954,3.13194,0,0.535528,4.47552,4.50733e+06,2.70226e+06,1.27537e+07,0,0,0,0,97.9512,98.274,1.75548,0,1,2.20621,1.90381,0,1.66411,2.96352,9.36715e+06,3.61194e+06,2.06659e+07,0,0,0,7.64495e+07
85.139,85.139,3.23096,0.11,0.08,2.82971,3.13211,0,0.530256,4.47552,4.50733e+06,2.70226e+06,1.27544e+07,0,0,0,0,97.2518,98.274,1.72178,0,1,2.20631,1.90391,0,1.70451,2.96352,9.36715e+06,3.61194e+06,2.06668e+07,0,0,0,7.64495e+07
84.9354,85.139,2.80537,0.1,0.08,2.82987,3.13227,0,0.530287,4.47552,4.50733e+06,2.70226e+06,1.27552e+07,0,0,0,0,96.5563,98.274,1.62576,0,1,2.20641,1.90401,0,1.70459,2.96352,9.36715e+06,3.61194e+06,2.06678e+07,0,0,0,7.64495e+07
84.6804,85.139,2.74321,0.13,0.08,2.83004,3.13244,0,0.530318,4.47552,4.50733e+06,2.70226e+06,1.27559e+07,0,0,0,0,95.8476,98.274,1.66601,0,1,2.20651,1.90411,0,1.70467,2.96352,9.36715e+06,3.61194e+06,2.06687e+07,0,0,0,7.64495e+07
84.3963,85.139,2.75853,0.13,0.08,2.90332,3.20572,0,0.53035,4.47552,4.50733e+06,2.70226e+06,1.30862e+07,0,0,0,0,95.0814,98.274,1.61337,0,1,2.25314,1.95074,0,1.70475,2.96352,9.36715e+06,3.61194e+06,2.11055e+07,0,0,0,7.64495e+07
84.1265,85.139,2.75982,0.14,0.08,2.90349,3.20589,0,0.544082,4.47552,4.50733e+06,2.70226e+06,1.3087e+07,0,0,0,0,94.2368,98.274,1.62965,0,1,2.25325,1.95085,0,1.74078,2.96352,9.36715e+06,3.61194e+06,2.11065e+07,0,0,0,7.64495e+07
83.5554,85.139,2.45046,0.14,0.08,2.90366,3.20606,0,0.544114,4.47552,4.50733e+06,2.70226e+06,1.30878e+07,0,0,0,0,93.3724,98.274,1.53443,0,1,2.25335,1.95095,0,1.74086,2.96352,9.36715e+06,3.61194e+06,2.11075e+07,0,0,0,7.64495e+07
82.773,85.139,2.22951,0.13,0.08,2.90383,3.20623,0,0.544146,4.47552,4.50733e+06,2.70226e+06,1.30885e+07,0,0,0,0,92.4565,98.274,1.4594,0,1,2.25346,1.95106,0,1.74094,2.96352,9.36715e+06,3.61194e+06,2.11085e+07,0,0,0,7.64495e+07
81.6404,85.139,2.02795,0.13,0.08,3.11815,3.42055,0,0.544178,4.47552,4.50733e+06,2.70226e+06,1.40545e+07,0,0,0,0,91.3313,98.274,1.4048,0,1,2.42155,2.11915,0,1.74102,2.96352,9.36715e+06,3.61194e+06,2.2683e+07,0,0,0,7.64495e+07
80.6314,85.139,2.12535,0.13,0.08,3.11833,3.42073,0,0.58434,4.47552,4.50733e+06,2.70226e+06,1.40553e+07,0,0,0,0,90.3212,98.274,1.22912,0,1,2.42166,2.11926,0,1.87089,2.96352,9.36715e+06,3.61194e+06,2.26841e+07,0,0,0,7.64495e+07
79.7609,85.139,2.28161,0.13,0.08,3.11851,3.42091,0,0.584375,4.47552,4.50733e+06,2.70226e+06,1.40562e+07,0,0,0,0,89.1268,98.274,1.48634,0,1,2.42177,2.11937,0,1.87097,2.96352,9.36715e+06,3.61194e+06,2.26851e+07,0,0,0,7.64495e+07
78.5116,85.139,1.88764,0.13,0.08,3.11869,3.42109,0,0.584409,4.47552,4.50733e+06,2.70226e+06,1.4057e+07,0,0,0,0,88.4288,98.274,1.07216,0,1,2.42189,2.11949,0,1.87106,2.96352,9.36715e+06,3.61194e+06,2.26862e+07,0,0,0,7.64495e+07
77.7099,85.139,2.32423,0.15,0.08,3.11888,3.42128,0,0.584443,4.47552,4.50733e+06,2.70226e+06,1.40578e+07,0,0,0,0,87.3848,98.274,1.94809,0,1,2.422,2.1196,0,1.87115,2.96352,9.36715e+06,3.61194e+06,2.26872e+07,0,0,0,7.64495e+07
76.5504,85.139,1.81802,0.14,0.08,3.01467,3.31707,0,0.584478,4.47552,4.50733e+06,2.70226e+06,1.35881e+07,0,0,0,0,86.5386,98.274,1.16288,0,1,2.32012,2.01772,0,1.87124,2.96352,9.36715e+06,3.61194e+06,2.1733e+07,0,0,0,7.64495e+07
75.9789,85.139,2.43372,0.17,0.08,3.01484,3.31724,0,0.564949,4.47552,4.50733e+06,2.70226e+06,1.35889e+07,0,0,0,0,86.0936,98.274,1.4864,0,1,2.32023,2.01783,0,1.79253,2.96352,9.36715e+06,3.61194e+06,2.1734e+07,0,0,0,7.64495e+07
76.0156,85.139,3.14706,0.16,0.08,3.01502,3.31742,0,0.564982,4.47552,4.50733e+06,2.70226e+06,1.35897e+07,0,0,0,0,85.3521,98.274,2.19879,0,1,2.32034,2.01794,0,1.79261,2.96352,9.36715e+06,3.61194e+06,2.1735e+07,0,0,0,7.64495e+07
75.7934,85.139,2.90968,0.14,0.08,3.0152,3.3176,0,0.565015,4.47552,4.50733e+06,2.70226e+06,1.35905e+07,0,0,0,0,84.7697,98.274,1.4497,0,1,2.32045,2.01805,0,1.7927,2.96352,9.36715e+06,3.61194e+06,2.1736e+07,0,0,0,7.64495e+07
74.8555,85.139,2.07259,0.15,0.08,2.92967,3.23207,0,0.565048,4.47552,4.50733e+06,2.70226e+06,1.3205e+07,0,0,0,0,84.416,98.274,1.7179,0,1,2.2277,1.9253,0,1.79278,2.96352,9.36715e+06,3.61194e+06,2.08672e+07,0,0,0,7.64495e+07
74.9276,85.139,3.18287,0.15,0.08,2.92984,3.23224,0,0.54902,4.47552,4.50733e+06,2.70226e+06,1.32058e+07,0,0,0,0,83.752,98.274,2.06081,0,1,2.2278,1.9254,0,1.72112,2.96352,9.36715e+06,3.61194e+06,2.08682e+07,0,0,0,7.64495e+07
74.4518,85.139,2.64599,0.14,0.08,2.93002,3.23242,0,0.549053,4.47552,4.50733e+06,2.70226e+06,1.32066e+07,0,0,0,0,83.4429,98.274,1.5244,0,1,2.22791,1.92551,0,1.7212,2.96352,9.36715e+06,3.61194e+06,2.08692e+07,0,0,0,7.64495e+07
75.2617,85.139,3.98883,0.15,0.08,2.93019,3.23259,0,0.549085,4.47552,4.50733e+06,2.70226e+06,1.32073e+07,0,0,0,0,83.5105,98.274,3.99666,0,1,2.22801,1.92561,0,1.72128,2.96352,9.36715e+06,3.61194e+06,2.08701e+07,0,0,0,7.64495e+07
82.0134,85.139,10.0331,0.16,0.08,2.6869,2.9893,0,0.549117,4.47552,4.50733e+06,2.70226e+06,1.21107e+07,0,0,0,0,84.8863,98.274,7.73293,0,1,2.03468,1.73228,0,1.72136,2.96352,9.36715e+06,3.61194e+06,1.90592e+07,0,0,0,7.64495e+07
85.139,85.139,8.12039,0.15,0.08,2.68706,2.98946,0,0.503525,4.47552,4.50733e+06,2.70226e+06,1.21115e+07,0,0,0,0,85.4155,98.274,5.47245,0,1,2.03477,1.73237,0,1.57199,2.96352,9.36715e+06,3.61194e+06,1.906e+07,0,0,0,7.64495e+07
85.139,85.139,7.42731,0.13,0.08,2.68722,2.98962,0,0.503555,4.47552,4.50733e+06,2.70226e+06,1.21122e+07,0,0,0,0,85.7386,98.274,4.34508,0,1,2.03487,1.73247,0,1.57207,2.96352,9.36715e+06,3.61194e+06,1.90609e+07,0,0,0,7.64495e+07
85.139,85.139,9.64703,0.13,0.08,2.68738,2.98978,0,0.503584,4.47552,4.50733e+06,2.70226e+06,1.21129e+07,0,0,0,0,86.5119,98.274,6.16534,0,1,2.03496,1.73256,0,1.57214,2.96352,9.36715e+06,3.61194e+06,1.90618e+07,0,0,0,7.64495e+07
85.139,85.139,8.14617,0.15,0.08,2.68754,2.98994,0,0.503614,4.47552,4.50733e+06,2.70226e+06,1.21136e+07,0,0,0,0,87.2272,98.274,5.34531,0,1,2.03505,1.73265,0,1.57221,2.96352,9.36715e+06,3.61194e+06,1.90626e+07,0,0,0,7.64495e+07
85.139,85.139,4.11026,0.15,0.08,2.78136,3.08376,0,0.503644,4.47552,4.50733e+06,2.70226e+06,1.25365e+07,0,0,0,0,87.4253,98.274,3.39582,0,1,2.09117,1.78877,0,1.57228,2.96352,9.36715e+06,3.61194e+06,1.95883e+07,0,0,0,7.64495e+07
85.139,85.139,4.38237,0.15,0.08,2.78151,3.08391,0,0.521227,4.47552,4.50733e+06,2.70226e+06,1.25372e+07,0,0,0,0,87.7882,98.274,3.96069,0,1,2.09125,1.78885,0,1.61564,2.96352,9.36715e+06,3.61194e+06,1.95891e+07,0,0,0,7.64495e+07
85.139,85.139,5.85643,0.15,0.08,2.78166,3.08406,0,0.521255,4.47552,4.50733e+06,2.70226e+06,1.25378e+07,0,0,0,0,88.6619,98.274,5.06161,0,1,2.09134,1.78894,0,1.6157,2.96352,9.36715e+06,3.61194e+06,1.95899e+07,0,0,0,7.64495e+07
85.139,85.139,10.3476,0.16,0.08,2.7818,3.0842,0,0.521282,4.47552,4.50733e+06,2.70226e+06,1.25385e+07,0,0,0,0,90.9585,98.274,8.72141,0,1,2.09142,1.78902,0,1.61577,2.96352,9.36715e+06,3.61194e+06,1.95907e+07,0,0,0,7.64495e+07
85.139,85.139,6.91348,0.17,0.08,3.08279,3.38519,0,0.52131,4.47552,4.50733e+06,2.70226e+06,1.38952e+07,0,0,0,0,91.8927,98.274,5.16543,0,1,2.30187,1.99947,0,1.61583,2.96352,9.36715e+06,3.61194e+06,2.1562e+07,0,0,0,7.64495e+07
85.139,85.139,3.81695,0.17,0.08,3.08295,3.38535,0,0.577715,4.47552,4.50733e+06,2.70226e+06,1.38959e+07,0,0,0,0,92.6132,98.274,4.52454,0,1,2.30196,1.99956,0,1.77842,2.96352,9.36715e+06,3.61194e+06,2.15628e+07,0,0,0,7.64495e+07
85.139,85.139,3.97536,0.18,0.08,3.08311,3.38551,0,0.577745,4.47552,4.50733e+06,2.70226e+06,1.38966e+07,0,0,0,0,93.2515,98.274,4.04932,0,1,2.30206,1.99966,0,1.7785,2.96352,9.36715e+06,3.61194e+06,2.15637e+07,0,0,0,7.64495e+07
84.8952,85.139,3.35331,0.18,0.08,3.08327,3.38567,0,0.577775,4.47552,4.50733e+06,2.70226e+06,1.38973e+07,0,0,0,0,94.0707,98.274,4.46954,0,1,2.30215,1.99975,0,1.77857,2.96352,9.36715e+06,3.61194e+06,2.15646e+07,0,0,0,7.64495e+07
85.139,85.139,5.2016,0.3,0.08,2.65426,2.95666,0,0.577805,4.47552,4.50733e+06,2.70226e+06,1.19636e+07,0,0,0,0,95.223,98.274,5.53242,0,1,2.01989,1.71749,0,1.77864,2.96352,9.36715e+06,3.61194e+06,1.89206e+07,0,0,0,7.64495e+07
85.139,85.139,5.61676,0.21,0.08,2.6544,2.9568,0,0.497408,4.47552,4.50733e+06,2.70226e+06,1.19642e+07,0,0,0,0,96.0978,98.274,5.30773,0,1,2.01997,1.71757,0,1.56057,2.96352,9.36715e+06,3.61194e+06,1.89214e+07,0,0,0,7.64495e+07
85.139,85.139,4.54293,0.23,0.08,2.65454,2.95694,0,0.497434,4.47552,4.50733e+06,2.70226e+06,1.19649e+07,0,0,0,0,96.5329,98.274,3.80868,0,1,2.02005,1.71765,0,1.56063,2.96352,9.36715e+06,3.61194e+06,1.89221e+07,0,0,0,7.64495e+07
85.0544,85.139,3.17645,0.26,0.08,2.65468,2.95708,0,0.49746,4.47552,4.50733e+06,2.70226e+06,1.19655e+07,0,0,0,0,96.601,98.274,3.02298,0,1,2.02013,1.71773,0,1.56069,2.96352,9.36715e+06,3.61194e+06,1.89229e+07,0,0,0,7.64495e+07
85.139,85.139,4.37093,0.41,0.08,2.31906,2.95722,0,0.497487,4.47552,4.50733e+06,3.70142e+06,1.04528e+07,0,0,0,0,97.0437,98.274,3.69785,0,1,1.82518,1.71781,0,1.56075,2.96352,9.36715e+06,4.94745e+06,1.70967e+07,0,0,0,7.64495e+07
85.139,85.139,5.31804,0.32,0.08,2.76301,3.06541,0,0.434592,4.47552,4.50733e+06,2.70226e+06,1.24538e+07,0,0,0,0,97.475,98.274,4.01465,0,1,2.08939,1.78699,0,1.41013,2.96352,9.36715e+06,3.61194e+06,1.95716e+07,0,0,0,7.64495e+07
85.139,85.139,3.6975,0.33,0.08,2.76316,3.06556,0,0.517789,4.47552,4.50733e+06,2.70226e+06,1.24545e+07,0,0,0,0,97.6958,98.274,3.28888,0,1,2.08947,1.78707,0,1.61426,2.96352,9.36715e+06,3.61194e+06,1.95724e+07,0,0,0,7.64495e+07
85.1211,85.139,3.17677,0.32,0.08,2.7633,3.0657,0,0.517816,4.47552,4.50733e+06,2.70226e+06,1.24551e+07,0,0,0,0,97.7683,98.274,2.83627,0,1,2.08956,1.78716,0,1.61433,2.96352,9.36715e+06,3.61194e+06,1.95732e+07,0,0,0,7.64495e+07
85.139,85.139,3.15617,0.42,0.08,2.41536,3.06585,0,0.517843,4.47552,4.50733e+06,3.70142e+06,1.08868e+07,0,0,0,0,97.9501,98.274,3.20712,0,1,1.88672,1.78724,0,1.61439,2.96352,9.36715e+06,4.94745e+06,1.76732e+07,0,0,0,7.64495e+07
85.139,85.139,3.29732,0.28,0.08,2.72134,3.02374,0,0.452638,4.47552,4.50733e+06,2.70226e+06,1.2266e+07,0,0,0,0,98.25,98.274,3.31757,0,1,2.06289,1.76049,0,1.45768,2.96352,9.36715e+06,3.61194e+06,1.93234e+07,0,0,0,7.64495e+07
84.9428,85.139,2.94703,0.26,0.08,2.72148,3.02388,0,0.509979,4.47552,4.50733e+06,2.70226e+06,1.22666e+07,0,0,0,0,98.5259,98.274,3.21529,0,1,2.06297,1.76057,0,1.59379,2.96352,9.36715e+06,3.61194e+06,1.93242e+07,0,0,0,7.64495e+07
84.6204,85.139,2.70203,0.34,0.08,2.72163,3.02403,0,0.510006,4.47552,4.50733e+06,2.70226e+06,1.22673e+07,0,0,0,0,98.5952,98.274,2.8914,0,1,2.06305,1.76065,0,1.59385,2.96352,9.36715e+06,3.61194e+06,1.9325e+07,0,0,0,7.64495e+07
84.2318,85.139,2.62729,0.33,0.08,2.72177,3.02417,0,0.510033,4.47552,4.50733e+06,2.70226e+06,1.22679e+07,0,0,0,0,98.7621,98.274,3.21981,0,1,2.06314,1.76074,0,1.59392,2.96352,9.36715e+06,3.61194e+06,1.93257e+07,0,0,0,7.64495e+07
83.4731,85.139,2.35254,0.29,0.08,2.86538,3.16778,0,0.51006,4.47552,4.50733e+06,2.70226e+06,1.29152e+07,0,0,0,0,98.7905,98.274,2.81518,0,1,2.15842,1.85602,0,1.59398,2.96352,9.36715e+06,3.61194e+06,2.02183e+07,0,0,0,7.64495e+07
82.6106,85.139,2.23215,0.26,0.08,2.86553,3.16793,0,0.536972,4.47552,4.50733e+06,2.70226e+06,1.29159e+07,0,0,0,0,98.8593,98.274,2.76982,0,1,2.15851,1.85611,0,1.6676,2.96352,9.36715e+06,3.61194e+06,2.02191e+07,0,0,0,7.64495e+07
81.5428,85.139,1.95436,0.24,0.08,2.86568,3.16808,0,0.537,4.47552,4.50733e+06,2.70226e+06,1.29166e+07,0,0,0,0,98.7324,98.274,2.51697,0,1,2.1586,1.8562,0,1.66766,2.96352,9.36715e+06,3.61194e+06,2.02199e+07,0,0,0,7.64495e+07
80.4108,85.139,1.8679,0.23,0.08,2.86583,3.16823,0,0.537028,4.47552,4.50733e+06,2.70226e+06,1.29172e+07,0,0,0,0,98.6446,98.274,2.56047,0,1,2.15869,1.85629,0,1.66773,2.96352,9.36715e+06,3.61194e+06,2.02207e+07,0,0,0,7.64495e+07
79.208,85.139,1.78243,0.21,0.08,2.86598,3.16838,0,0.537056,4.47552,4.50733e+06,2.70226e+06,1.29179e+07,0,0,0,0,98.5605,98.274,2.48929,0,1,2.15877,1.85637,0,1.6678,2.96352,9.36715e+06,3.61194e+06,2.02216e+07,0,0,0,7.64495e+07
78.2647,85.139,2.03471,0.26,0.08,2.83775,3.14015,0,0.537085,4.47552,4.50733e+06,2.70226e+06,1.27907e+07,0,0,0,0,98.5917,98.274,2.97262,0,1,2.2112,1.9088,0,1.66787,2.96352,9.36715e+06,3.61194e+06,2.07126e+07,0,0,0,7.64495e+07
77.2396,85.139,1.94292,0.24,0.08,2.8379,3.1403,0,0.531795,4.47552,4.50733e+06,2.70226e+06,1.27914e+07,0,0,0,0,98.5884,98.274,2.87066,0,1,2.21129,1.90889,0,1.70837,2.96352,9.36715e+06,3.61194e+06,2.07135e+07,0,0,0,7.64495e+07
76.1451,85.139,1.83518,0.23,0.08,2.83805,3.14045,0,0.531823,4.47552,4.50733e+06,2.70226e+06,1.2792e+07,0,0,0,0,98.5013,98.274,2.81097,0,1,2.21138,1.90898,0,1.70844,2.96352,9.36715e+06,3.61194e+06,2.07143e+07,0,0,0,7.64495e+07
74.9323,85.139,1.71344,0.19,0.08,2.8382,3.1406,0,0.531851,4.47552,4.50733e+06,2.70226e+06,1.27927e+07,0,0,0,0,98.4175,98.274,2.809,0,1,2.21147,1.90907,0,1.70851,2.96352,9.36715e+06,3.61194e+06,2.07152e+07,0,0,0,7.64495e+07
73.6757,85.139,1.71667,0.19,0.08,2.91165,3.21405,0,0.531878,4.47552,4.50733e+06,2.70226e+06,1.31238e+07,0,0,0,0,98.2728,98.274,2.65388,0,1,2.25821,1.95581,0,1.70858,2.96352,9.36715e+06,3.61194e+06,2.1153e+07,0,0,0,7.64495e+07
72.4647,85.139,1.74854,0.24,0.08,2.9118,3.2142,0,0.545643,4.47552,4.50733e+06,2.70226e+06,1.31244e+07,0,0,0,0,98.1101,98.274,2.67954,0,1,2.2583,1.9559,0,1.74469,2.96352,9.36715e+06,3.61194e+06,2.11539e+07,0,0,0,7.64495e+07
71.0768,85.139,1.55534,0.23,0.08,2.91195,3.21435,0,0.545671,4.47552,4.50733e+06,2.70226e+06,1.31251e+07,0,0,0,0,97.8978,98.274,2.54843,0,1,2.2584,1.956,0,1.74477,2.96352,9.36715e+06,3.61194e+06,2.11548e+07,0,0,0,7.64495e+07
69.5769,85.139,1.42507,0.21,0.08,2.9121,3.2145,0,0.5457,4.47552,4.50733e+06,2.70226e+06,1.31258e+07,0,0,0,0,97.66,98.274,2.39067,0,1,2.25849,1.95609,0,1.74484,2.96352,9.36715e+06,3.61194e+06,2.11556e+07,0,0,0,7.64495e+07
67.781,85.139,1.27114,0.2,0.08,3.12695,3.42935,0,0.545728,4.47552,4.50733e+06,2.70226e+06,1.40942e+07,0,0,0,0,97.4,98.274,2.35987,0,1,2.427,2.1246,0,1.74491,2.96352,9.36715e+06,3.61194e+06,2.27341e+07,0,0,0,7.64495e+07
66.2025,85.139,1.48028,0.24,0.08,3.12711,3.42951,0,0.585991,4.47552,4.50733e+06,2.70226e+06,1.40949e+07,0,0,0,0,97.12,98.274,2.41882,0,1,2.4271,2.1247,0,1.8751,2.96352,9.36715e+06,3.61194e+06,2.27351e+07,0,0,0,7.64495e+07
64.3948,85.139,1.25918,0.24,0.08,3.12728,3.42968,0,0.586021,4.47552,4.50733e+06,2.70226e+06,1.40957e+07,0,0,0,0,96.749,98.274,2.1301,0,1,2.4272,2.1248,0,1.87518,2.96352,9.36715e+06,3.61194e+06,2.2736e+07,0,0,0,7.64495e+07
62.7262,85.139,1.36327,0.24,0.08,3.12744,3.42984,0,0.586052,4.47552,4.50733e+06,2.70226e+06,1.40964e+07,0,0,0,0,96.6088,98.274,2.80234,0,1,2.4273,2.1249,0,1.87526,2.96352,9.36715e+06,3.61194e+06,2.27369e+07,0,0,0,7.64495e+07
60.9833,85.139,1.26927,0.24,0.08,3.1276,3.43,0,0.586082,4.47552,4.50733e+06,2.70226e+06,1.40971e+07,0,0,0,0,96.3164,98.274,2.53978,0,1,2.42741,2.12501,0,1.87534,2.96352,9.36715e+06,3.61194e+06,2.27379e+07,0,0,0,7.64495e+07
59.3751,85.139,1.27218,0.27,0.08,3.02311,3.32551,0,0.586113,4.47552,4.50733e+06,2.70226e+06,1.36261e+07,0,0,0,0,96.1879,98.274,2.6524,0,1,2.32526,2.02286,0,1.87541,2.96352,9.36715e+06,3.61194e+06,2.17811e+07,0,0,0,7.64495e+07
57.5837,85.139,1.06226,0.27,0.08,3.02326,3.32566,0,0.56653,4.47552,4.50733e+06,2.70226e+06,1.36269e+07,0,0,0,0,95.9727,98.274,2.31191,0,1,2.32535,2.02295,0,1.79649,2.96352,9.36715e+06,3.61194e+06,2.1782e+07,0,0,0,7.64495e+07
56.3932,85.139,1.73679,0.26,0.08,3.02342,3.32582,0,0.56656,4.47552,4.50733e+06,2.70226e+06,1.36276e+07,0,0,0,0,96.1947,98.274,3.12594,0,1,2.32545,2.02305,0,1.79657,2.96352,9.36715e+06,3.61194e+06,2.17829e+07,0,0,0,7.64495e+07
57.1702,85.139,3.91109,0.32,0.08,3.02358,3.32598,0,0.566589,4.47552,4.50733e+06,2.70226e+06,1.36283e+07,0,0,0,0,97.1176,98.274,4.72811,0,1,2.32555,2.02315,0,1.79664,2.96352,9.36715e+06,3.61194e+06,2.17838e+07,0,0,0,7.64495e+07
56.3171,85.139,2.11824,0.27,0.08,2.93782,3.24022,0,0.566619,4.47552,4.50733e+06,2.70226e+06,1.32417e+07,0,0,0,0,97.1561,98.274,2.9714,0,1,2.23255,1.93015,0,1.79672,2.96352,9.36715e+06,3.61194e+06,2.09127e+07,0,0,0,7.64495e+07
55.9048,85.139,2.5614,0.31,0.08,2.93797,3.24037,0,0.550547,4.47552,4.50733e+06,2.70226e+06,1.32424e+07,0,0,0,0,97.0035,98.274,2.82869,0,1,2.23265,1.93025,0,1.72487,2.96352,9.36715e+06,3.61194e+06,2.09135e+07,0,0,0,7.64495e+07
55.6307,85.139,2.7192,0.34,0.08,2.93812,3.24052,0,0.550576,4.47552,4.50733e+06,2.70226e+06,1.32431e+07,0,0,0,0,97.4812,98.274,4.1287,0,1,2.23274,1.93034,0,1.72494,2.96352,9.36715e+06,3.61194e+06,2.09144e+07,0,0,0,7.64495e+07
54.9366,85.139,2.2801,0.36,0.08,2.93828,3.24068,0,0.550604,4.47552,4.50733e+06,2.70226e+06,1.32438e+07,0,0,0,0,97.6683,98.274,3.50458,0,1,2.23283,1.93043,0,1.72501,2.96352,9.36715e+06,3.61194e+06,2.09153e+07,0,0,0,7.64495e+07
55.9858,85.139,3.99302,0.38,0.08,2.69436,2.99676,0,0.550633,4.47552,4.50733e+06,2.70226e+06,1.21444e+07,0,0,0,0,98.6018,98.274,5.40278,0,1,2.03901,1.73661,0,1.72508,2.96352,9.36715e+06,3.61194e+06,1.90997e+07,0,0,0,7.64495e+07
56.1217,85.139,3.00686,0.39,0.08,2.62645,2.9969,0,0.504923,4.47552,4.50733e+06,3.08451e+06,1.18383e+07,0,0,0,0,99.3022,98.274,5.61309,0,1,1.99965,1.73669,0,1.57534,2.96352,9.36715e+06,4.12287e+06,1.87311e+07,0,0,0,7.64495e+07
60.4485,85.139,7.04197,0.43,0.08,2.35436,2.99704,0,0.492197,4.47552,4.50733e+06,3.70142e+06,1.06119e+07,0,0,0,0,99.3022,98.274,8.15835,0,1,1.84198,1.73677,0,1.54493,2.96352,9.36715e+06,4.94745e+06,1.72541e+07,0,0,0,7.64495e+07
63.9242,85.139,6.50192,0.42,0.08,2.35449,2.99719,0,0.441208,4.47552,4.50733e+06,3.70142e+06,1.06125e+07,0,0,0,0,99.3022,98.274,6.32644,0,1,1.84205,1.73685,0,1.42311,2.96352,9.36715e+06,4.94745e+06,1.72548e+07,0,0,0,7.64495e+07
65.2507,85.139,4.36692,0.39,0.08,2.62687,2.99733,0,0.441231,4.47552,4.50733e+06,3.08451e+06,1.18402e+07,0,0,0,0,99.3022,98.274,6.31635,0,1,1.99989,1.73694,0,1.42317,2.96352,9.36715e+06,4.12287e+06,1.87333e+07,0,0,0,7.64495e+07
65.6709,85.139,3.15803,0.43,0.08,2.35462,2.99733,0,0.492275,4.47552,4.50733e+06,3.70142e+06,1.0613e+07,0,0,0,0,99.3022,98.274,4.33612,0,1,1.84213,1.73694,0,1.54512,2.96352,9.36715e+06,4.94745e+06,1.72555e+07,0,0,0,7.64495e+07
65.852,85.139,3.03565,0.44,0.08,2.43798,3.09137,0,0.441255,4.47552,4.50733e+06,3.70142e+06,1.09888e+07,0,0,0,0,99.3022,98.274,3.43441,0,1,1.89198,1.79318,0,1.42323,2.96352,9.36715e+06,4.94745e+06,1.77225e+07,0,0,0,7.64495e+07
67.1014,85.139,4.14921,0.47,0.08,2.43809,3.0915,0,0.456877,4.47552,4.50733e+06,3.70142e+06,1.09893e+07,0,0,0,0,99.3022,98.274,4.29325,0,1,1.89205,1.79325,0,1.46175,2.96352,9.36715e+06,4.94745e+06,1.77231e+07,0,0,0,7.64495e+07
73.0411,85.139,8.88577,0.48,0.08,2.43821,3.09163,0,0.456898,4.47552,4.50733e+06,3.70142e+06,1.09898e+07,0,0,0,0,99.3022,98.274,5.94323,0,1,1.89212,1.79333,0,1.4618,2.96352,9.36715e+06,4.94745e+06,1.77237e+07,0,0,0,7.64495e+07
79.2727,85.139,9.30828,0.44,0.08,2.43832,3.09175,0,0.45692,4.47552,4.50733e+06,3.70142e+06,1.09903e+07,0,0,0,0,99.08,98.274,5.70051,0,1,1.89218,1.7934,0,1.46185,2.96352,9.36715e+06,4.94745e+06,1.77244e+07,0,0,0,7.64495e+07
80.5982,85.139,4.82923,0.35,0.08,3.09106,3.39346,0,0.456941,4.47552,4.50733e+06,2.70226e+06,1.39324e+07,0,0,0,0,99.3022,98.274,2.96999,0,1,2.30675,2.00435,0,1.4619,2.96352,9.36715e+06,3.61194e+06,2.16077e+07,0,0,0,7.64495e+07
82.5726,85.139,5.57477,0.24,0.08,3.0912,3.3936,0,0.579264,4.47552,4.50733e+06,2.70226e+06,1.39331e+07,0,0,0,0,99.3022,98.274,4.84554,0,1,2.30684,2.00444,0,1.7822,2.96352,9.36715e+06,3.61194e+06,2.16085e+07,0,0,0,7.64495e+07
84.1411,85.139,5.2463,0.27,0.08,3.09134,3.39374,0,0.579291,4.47552,4.50733e+06,2.70226e+06,1.39337e+07,0,0,0,0,99.3022,98.274,3.47484,0,1,2.30692,2.00452,0,1.78226,2.96352,9.36715e+06,3.61194e+06,2.16093e+07,0,0,0,7.64495e+07
85.139,85.139,10.0308,0.3,0.08,3.09148,3.39388,0,0.579317,4.47552,4.50733e+06,2.70226e+06,1.39343e+07,0,0,0,0,99.3022,98.274,5.77878,0,1,2.307,2.0046,0,1.78233,2.96352,9.36715e+06,3.61194e+06,2.161e+07,0,0,0,7.64495e+07
85.139,85.139,4.6788,0.21,0.08,2.66141,2.96381,0,0.579343,4.47552,4.50733e+06,2.70226e+06,1.19958e+07,0,0,0,0,99.3022,98.274,4.77992,0,1,2.02404,1.72164,0,1.78239,2.96352,9.36715e+06,3.61194e+06,1.89595e+07,0,0,0,7.64495e+07
85.139,85.139,6.27336,0.23,0.08,2.66153,2.96393,0,0.498748,4.47552,4.50733e+06,2.70226e+06,1.19964e+07,0,0,0,0,99.3022,98.274,4.66524,0,1,2.02411,1.72171,0,1.56378,2.96352,9.36715e+06,3.61194e+06,1.89602e+07,0,0,0,7.64495e+07
85.139,85.139,5.3421,0.26,0.08,2.66165,2.96405,0,0.498771,4.47552,4.50733e+06,2.70226e+06,1.1997e+07,0,0,0,0,99.3022,98.274,5.46124,0,1,2.02419,1.72179,0,1.56383,2.96352,9.36715e+06,3.61194e+06,1.89609e+07,0,0,0,7.64495e+07
85.139,85.139,6.47411,0.28,0.08,2.66178,2.96418,0,0.498794,4.47552,4.50733e+06,2.70226e+06,1.19975e+07,0,0,0,0,99.3022,98.274,4.66186,0,1,2.02426,1.72186,0,1.56389,2.96352,9.36715e+06,3.61194e+06,1.89615e+07,0,0,0,7.64495e+07
85.139,85.139,7.90114,0.32,0.08,2.6619,2.9643,0,0.498817,4.47552,4.50733e+06,2.70226e+06,1.19981e+07,0,0,0,0,99.3022,98.274,7.34918,0,1,2.02433,1.72193,0,1.56394,2.96352,9.36715e+06,3.61194e+06,1.89622e+07,0,0,0,7.64495e+07
85.139,85.139,5.26836,0.33,0.08,2.77034,3.07274,0,0.49884,4.47552,4.50733e+06,2.70226e+06,1.24868e+07,0,0,0,0,99.3022,98.274,4.57437,0,1,2.09366,1.79126,0,1.564,2.96352,9.36715e+06,3.61194e+06,1.96116e+07,0,0,0,7.64495e+07
85.139,85.139,5.04332,0.32,0.08,2.77047,3.07287,0,0.519161,4.47552,4.50733e+06,2.70226e+06,1.24874e+07,0,0,0,0,99.3022,98.274,4.71056,0,1,2.09373,1.79133,0,1.61756,2.96352,9.36715e+06,3.61194e+06,1.96123e+07,0,0,0,7.64495e+07
85.139,85.139,4.51573,0.31,0.08,2.77059,3.07299,0,0.519185,4.47552,4.50733e+06,2.70226e+06,1.2488e+07,0,0,0,0,99.3022,98.274,4.58957,0,1,2.09381,1.79141,0,1.61762,2.96352,9.36715e+06,3.61194e+06,1.9613e+07,0,0,0,7.64495e+07
85.139,85.139,3.96034,0.28,0.08,2.77072,3.07312,0,0.519209,4.47552,4.50733e+06,2.70226e+06,1.24886e+07,0,0,0,0,99.3022,98.274,3.92787,0,1,2.09388,1.79148,0,1.61767,2.96352,9.36715e+06,3.61194e+06,1.96137e+07,0,0,0,7.64495e+07
85.0939,85.139,3.10985,0.26,0.08,2.72849,3.03089,0,0.519233,4.47552,4.50733e+06,2.70226e+06,1.22982e+07,0,0,0,0,99.3022,98.274,3.14862,0,1,2.06705,1.76465,0,1.61773,2.96352,9.36715e+06,3.61194e+06,1.93624e+07,0,0,0,7.64495e+07
84.649,85.139,2.68636,0.35,0.08,2.72862,3.03102,0,0.511319,4.47552,4.50733e+06,2.70226e+06,1.22988e+07,0,0,0,0,99.1385,98.274,2.85496,0,1,2.06713,1.76473,0,1.597,2.96352,9.36715e+06,3.61194e+06,1.93631e+07,0,0,0,7.64495e+07
84.2612,85.139,2.74399,0.33,0.08,2.72874,3.03114,0,0.511343,4.47552,4.50733e+06,2.70226e+06,1.22994e+07,0,0,0,0,99.2657,98.274,2.44794,0,1,2.0672,1.7648,0,1.59706,2.96352,9.36715e+06,3.61194e+06,1.93638e+07,0,0,0,7.64495e+07
84.0657,85.139,2.8968,0.3,0.08,2.72887,3.03127,0,0.511366,4.47552,4.50733e+06,2.70226e+06,1.22999e+07,0,0,0,0,99.212,98.274,2.72861,0,1,2.06727,1.76487,0,1.59712,2.96352,9.36715e+06,3.61194e+06,1.93645e+07,0,0,0,7.64495e+07
83.6287,85.139,2.75846,0.26,0.08,2.87279,3.17519,0,0.51139,4.47552,4.50733e+06,2.70226e+06,1.29486e+07,0,0,0,0,99.1487,98.274,2.46347,0,1,2.16277,1.86037,0,1.59717,2.96352,9.36715e+06,3.61194e+06,2.0259e+07,0,0,0,7.64495e+07
82.9258,85.139,2.414,0.24,0.08,2.87293,3.17533,0,0.538362,4.47552,4.50733e+06,2.70226e+06,1.29492e+07,0,0,0,0,99.1018,98.274,2.39515,0,1,2.16284,1.86044,0,1.67095,2.96352,9.36715e+06,3.61194e+06,2.02597e+07,0,0,0,7.64495e+07
82.2002,85.139,2.38169,0.23,0.08,2.87306,3.17546,0,0.538386,4.47552,4.50733e+06,2.70226e+06,1.29498e+07,0,0,0,0,99.078,98.274,2.45348,0,1,2.16292,1.86052,0,1.67101,2.96352,9.36715e+06,3.61194e+06,2.02604e+07,0,0,0,7.64495e+07
81.3395,85.139,2.2308,0.22,0.08,2.87319,3.17559,0,0.538411,4.47552,4.50733e+06,2.70226e+06,1.29504e+07,0,0,0,0,98.9792,98.274,2.33118,0,1,2.163,1.8606,0,1.67107,2.96352,9.36715e+06,3.61194e+06,2.02611e+07,0,0,0,7.64495e+07
80.4913,85.139,2.16405,0.21,0.08,2.87332,3.17572,0,0.538436,4.47552,4.50733e+06,2.70226e+06,1.2951e+07,0,0,0,0,98.5981,98.274,2.20353,0,1,2.16308,1.86068,0,1.67113,2.96352,9.36715e+06,3.61194e+06,2.02619e+07,0,0,0,7.64495e+07
79.6107,85.139,2.09043,0.18,0.08,2.84501,3.14741,0,0.538461,4.47552,4.50733e+06,2.70226e+06,1.28234e+07,0,0,0,0,98.2185,98.274,2.09675,0,1,2.21561,1.91321,0,1.67119,2.96352,9.36715e+06,3.61194e+06,2.0754e+07,0,0,0,7.64495e+07
78.5665,85.139,1.91957,0.17,0.08,2.84514,3.14754,0,0.533155,4.47552,4.50733e+06,2.70226e+06,1.2824e+07,0,0,0,0,97.6484,98.274,2.10018,0,1,2.21569,1.91329,0,1.71178,2.96352,9.36715e+06,3.61194e+06,2.07547e+07,0,0,0,7.64495e+07
77.3737,85.139,1.75742,0.19,0.08,2.84527,3.14767,0,0.53318,4.47552,4.50733e+06,2.70226e+06,1.28246e+07,0,0,0,0,96.9588,98.274,1.87089,0,1,2.21577,1.91337,0,1.71184,2.96352,9.36715e+06,3.61194e+06,2.07555e+07,0,0,0,7.64495e+07
76.0038,85.139,1.53585,0.19,0.08,2.8454,3.1478,0,0.533204,4.47552,4.50733e+06,2.70226e+06,1.28252e+07,0,0,0,0,96.2894,98.274,1.64842,0,1,2.21585,1.91345,0,1.7119,2.96352,9.36715e+06,3.61194e+06,2.07562e+07,0,0,0,7.64495e+07
74.6643,85.139,1.61639,0.18,0.08,2.919,3.2214,0,0.533229,4.47552,4.50733e+06,2.70226e+06,1.31569e+07,0,0,0,0,95.658,98.274,1.83875,0,1,2.26269,1.96029,0,1.71196,2.96352,9.36715e+06,3.61194e+06,2.11949e+07,0,0,0,7.64495e+07
73.2138,85.139,1.47809,0.17,0.08,2.91913,3.22153,0,0.547021,4.47552,4.50733e+06,2.70226e+06,1.31575e+07,0,0,0,0,94.8089,98.274,1.80735,0,1,2.26277,1.96037,0,1.74815,2.96352,9.36715e+06,3.61194e+06,2.11957e+07,0,0,0,7.64495e+07
71.6561,85.139,1.35627,0.21,0.08,2.91927,3.22167,0,0.547046,4.47552,4.50733e+06,2.70226e+06,1.31581e+07,0,0,0,0,94.1546,98.274,1.58479,0,1,2.26285,1.96045,0,1.74821,2.96352,9.36715e+06,3.61194e+06,2.11965e+07,0,0,0,7.64495e+07
70.1916,85.139,1.42709,0.2,0.08,2.9194,3.2218,0,0.547071,4.47552,4.50733e+06,2.70226e+06,1.31587e+07,0,0,0,0,93.4442,98.274,1.90407,0,1,2.26293,1.96053,0,1.74828,2.96352,9.36715e+06,3.61194e+06,2.11972e+07,0,0,0,7.64495e+07
68.8359,85.139,1.70624,0.2,0.08,3.13471,3.43711,0,0.547096,4.47552,4.50733e+06,2.70226e+06,1.41292e+07,0,0,0,0,92.6373,98.274,1.81757,0,1,2.43181,2.12941,0,1.74834,2.96352,9.36715e+06,3.61194e+06,2.27792e+07,0,0,0,7.64495e+07
67.2075,85.139,1.4447,0.19,0.08,3.13486,3.43726,0,0.587446,4.47552,4.50733e+06,2.70226e+06,1.41298e+07,0,0,0,0,92.0711,98.274,1.60098,0,1,2.4319,2.1295,0,1.87882,2.96352,9.36715e+06,3.61194e+06,2.278e+07,0,0,0,7.64495e+07
65.7349,85.139,1.56891,0.24,0.08,3.135,3.4374,0,0.587472,4.47552,4.50733e+06,2.70226e+06,1.41305e+07,0,0,0,0,91.5849,98.274,2.10159,0,1,2.43199,2.12959,0,1.87889,2.96352,9.36715e+06,3.61194e+06,2.27808e+07,0,0,0,7.64495e+07
64.1694,85.139,1.46022,0.24,0.08,3.13514,3.43754,0,0.587499,4.47552,4.50733e+06,2.70226e+06,1.41311e+07,0,0,0,0,90.9321,98.274,1.9151,0,1,2.43208,2.12968,0,1.87896,2.96352,9.36715e+06,3.61194e+06,2.27817e+07,0,0,0,7.64495e+07
62.8847,85.139,1.70728,0.24,0.08,3.13529,3.43769,0,0.587526,4.47552,4.50733e+06,2.70226e+06,1.41318e+07,0,0,0,0,90.4326,98.274,1.81858,0,1,2.43217,2.12977,0,1.87902,2.96352,9.36715e+06,3.61194e+06,2.27825e+07,0,0,0,7.64495e+07
61.8672,85.139,1.94848,0.24,0.08,3.03054,3.33294,0,0.587553,4.47552,4.50733e+06,2.70226e+06,1.36596e+07,0,0,0,0,90.1111,98.274,2.27726,0,1,2.32978,2.02738,0,1.87909,2.96352,9.36715e+06,3.61194e+06,2.18234e+07,0,0,0,7.64495e+07
60.8582,85.139,1.96266,0.26,0.08,3.03068,3.33308,0,0.567923,4.47552,4.50733e+06,2.70226e+06,1.36603e+07,0,0,0,0,89.8592,98.274,2.40558,0,1,2.32986,2.02746,0,1.79999,2.96352,9.36715e+06,3.61194e+06,2.18242e+07,0,0,0,7.64495e+07
60.0001,85.139,2.13831,0.27,0.08,3.03081,3.33321,0,0.567949,4.47552,4.50733e+06,2.70226e+06,1.36609e+07,0,0,0,0,89.6427,98.274,2.57512,0,1,2.32995,2.02755,0,1.80005,2.96352,9.36715e+06,3.61194e+06,2.1825e+07,0,0,0,7.64495e+07
59.067,85.139,2.19895,0.27,0.08,3.03095,3.33335,0,0.567975,4.47552,4.50733e+06,2.70226e+06,1.36615e+07,0,0,0,0,89.69,98.274,3.3308,0,1,2.33003,2.02763,0,1.80012,2.96352,9.36715e+06,3.61194e+06,2.18258e+07,0,0,0,7.64495e+07
58.2809,85.139,2.21559,0.27,0.08,2.94498,3.24738,0,0.568001,4.47552,4.50733e+06,2.70226e+06,1.3274e+07,0,0,0,0,89.4788,98.274,2.48619,0,1,2.23682,1.93442,0,1.80018,2.96352,9.36715e+06,3.61194e+06,2.09526e+07,0,0,0,7.64495e+07
58.6712,85.139,3.42816,0.31,0.08,2.94511,3.24751,0,0.551889,4.47552,4.50733e+06,2.70226e+06,1.32746e+07,0,0,0,0,89.393,98.274,3.07174,0,1,2.2369,1.9345,0,1.72817,2.96352,9.36715e+06,3.61194e+06,2.09534e+07,0,0,0,7.64495e+07
63.6795,85.139,8.28787,0.31,0.08,2.94525,3.24765,0,0.551914,4.47552,4.50733e+06,2.70226e+06,1.32752e+07,0,0,0,0,90.5012,98.274,7.30857,0,1,2.23698,1.93458,0,1.72823,2.96352,9.36715e+06,3.61194e+06,2.09541e+07,0,0,0,7.64495e+07
66.87,85.139,6.37011,0.28,0.08,2.94538,3.24778,0,0.55194,4.47552,4.50733e+06,2.70226e+06,1.32758e+07,0,0,0,0,91.0543,98.274,4.93932,0,1,2.23706,1.93466,0,1.72829,2.96352,9.36715e+06,3.61194e+06,2.09549e+07,0,0,0,7.64495e+07
67.8687,85.139,4.00395,0.31,0.08,2.70091,3.00331,0,0.551965,4.47552,4.50733e+06,2.70226e+06,1.21739e+07,0,0,0,0,91.4469,98.274,4.3082,0,1,2.0428,1.7404,0,1.72835,2.96352,9.36715e+06,3.61194e+06,1.91353e+07,0,0,0,7.64495e+07
70.6208,85.139,5.8057,0.33,0.08,2.70104,3.00344,0,0.506151,4.47552,4.50733e+06,2.70226e+06,1.21745e+07,0,0,0,0,92.1553,98.274,5.51522,0,1,2.04288,1.74048,0,1.57827,2.96352,9.36715e+06,3.61194e+06,1.91359e+07,0,0,0,7.64495e+07
71.21,85.139,3.65301,0.29,0.08,2.70116,3.00356,0,0.506175,4.47552,4.50733e+06,2.70226e+06,1.2175e+07,0,0,0,0,92.7143,98.274,4.38628,0,1,2.04295,1.74055,0,1.57833,2.96352,9.36715e+06,3.61194e+06,1.91366e+07,0,0,0,7.64495e+07
71.2047,85.139,3.05966,0.32,0.08,2.70129,3.00369,0,0.506198,4.47552,4.50733e+06,2.70226e+06,1.21756e+07,0,0,0,0,92.9766,98.274,3.69852,0,1,2.04302,1.74062,0,1.57838,2.96352,9.36715e+06,3.61194e+06,1.91373e+07,0,0,0,7.64495e+07
73.5288,85.139,5.47416,0.33,0.08,2.70141,3.00381,0,0.506221,4.47552,4.50733e+06,2.70226e+06,1.21762e+07,0,0,0,0,93.2844,98.274,5.85985,0,1,2.04309,1.74069,0,1.57844,2.96352,9.36715e+06,3.61194e+06,1.9138e+07,0,0,0,7.64495e+07
78.7405,85.139,8.79055,0.35,0.08,2.79564,3.09804,0,0.506245,4.47552,4.50733e+06,2.70226e+06,1.26009e+07,0,0,0,0,94.8086,98.274,13.1016,0,1,2.09945,1.79705,0,1.57849,2.96352,9.36715e+06,3.61194e+06,1.96659e+07,0,0,0,7.64495e+07
82.8117,85.139,7.6163,0.28,0.08,2.79575,3.09815,0,0.523902,4.47552,4.50733e+06,2.70226e+06,1.26014e+07,0,0,0,0,96.2875,98.274,8.78366,0,1,2.09951,1.79711,0,1.62203,2.96352,9.36715e+06,3.61194e+06,1.96665e+07,0,0,0,7.64495e+07
85.139,85.139,7.78281,0.21,0.08,2.79586,3.09826,0,0.523923,4.47552,4.50733e+06,2.70226e+06,1.26019e+07,0,0,0,0,96.6899,98.274,6.28398,0,1,2.09958,1.79718,0,1.62208,2.96352,9.36715e+06,3.61194e+06,1.96671e+07,0,0,0,7.64495e+07
85.139,85.139,6.39552,0.17,0.08,2.79597,3.09837,0,0.523944,4.47552,4.50733e+06,2.70226e+06,1.26024e+07,0,0,0,0,97.3118,98.274,6.48925,0,1,2.09964,1.79724,0,1.62213,2.96352,9.36715e+06,3.61194e+06,1.96677e+07,0,0,0,7.64495e+07
85.139,85.139,4.64924,0.17,0.08,3.0983,3.4007,0,0.523965,4.47552,4.50733e+06,2.70226e+06,1.39651e+07,0,0,0,0,97.6835,98.274,4.67043,0,1,2.31103,2.00863,0,1.62218,2.96352,9.36715e+06,3.61194e+06,2.16478e+07,0,0,0,7.64495e+07
85.139,85.139,7.49773,0.18,0.08,3.09842,3.40082,0,0.580621,4.47552,4.50733e+06,2.70226e+06,1.39656e+07,0,0,0,0,98.905,98.274,8.11099,0,1,2.3111,2.0087,0,1.7855,2.96352,9.36715e+06,3.61194e+06,2.16484e+07,0,0,0,7.64495e+07
85.139,85.139,7.9858,0.19,0.08,3.09854,3.40094,0,0.580644,4.47552,4.50733e+06,2.70226e+06,1.39662e+07,0,0,0,0,99.3022,98.274,11.3212,0,1,2.31117,2.00877,0,1.78556,2.96352,9.36715e+06,3.61194e+06,2.16491e+07,0,0,0,7.64495e+07
85.139,85.139,10.2501,0.2,0.08,3.09866,3.40106,0,0.580667,4.47552,4.50733e+06,2.70226e+06,1.39667e+07,0,0,0,0,99.3022,98.274,12.0407,0,1,2.31124,2.00884,0,1.78561,2.96352,9.36715e+06,3.61194e+06,2.16498e+07,0,0,0,7.64495e+07
85.139,85.139,5.80442,0.21,0.08,2.66766,2.97006,0,0.580689,4.47552,4.50733e+06,2.70226e+06,1.2024e+07,0,0,0,0,99.3022,98.274,6.97889,0,1,2.02768,1.72528,0,1.78567,2.96352,9.36715e+06,3.61194e+06,1.89935e+07,0,0,0,7.64495e+07
85.139,85.139,4.7518,0.23,0.08,2.66777,2.97017,0,0.49992,4.47552,4.50733e+06,2.70226e+06,1.20245e+07,0,0,0,0,99.3022,98.274,4.57405,0,1,2.02774,1.72534,0,1.56658,2.96352,9.36715e+06,3.61194e+06,1.89941e+07,0,0,0,7.64495e+07
85.139,85.139,3.42934,0.26,0.08,2.66787,2.97027,0,0.49994,4.47552,4.50733e+06,2.70226e+06,1.2025e+07,0,0,0,0,99.3022,98.274,3.85254,0,1,2.0278,1.7254,0,1.56663,2.96352,9.36715e+06,3.61194e+06,1.89947e+07,0,0,0,7.64495e+07
85.139,85.139,3.44887,0.29,0.08,2.66798,2.97038,0,0.49996,4.47552,4.50733e+06,2.70226e+06,1.20255e+07,0,0,0,0,99.2972,98.274,3.17285,0,1,2.02786,1.72546,0,1.56668,2.96352,9.36715e+06,3.61194e+06,1.89953e+07,0,0,0,7.64495e+07
85.139,85.139,5.4508,0.32,0.08,2.66809,2.97049,0,0.49998,4.47552,4.50733e+06,2.70226e+06,1.2026e+07,0,0,0,0,99.3022,98.274,5.48982,0,1,2.02792,1.72552,0,1.56672,2.96352,9.36715e+06,3.61194e+06,1.89959e+07,0,0,0,7.64495e+07
85.139,85.139,5.28458,0.34,0.08,2.77673,3.07913,0,0.499999,4.47552,4.50733e+06,2.70226e+06,1.25157e+07,0,0,0,0,99.3022,98.274,6.47084,0,1,2.09739,1.79499,0,1.56677,2.96352,9.36715e+06,3.61194e+06,1.96465e+07,0,0,0,7.64495e+07
85.139,85.139,5.88408,0.32,0.08,2.77684,3.07924,0,0.52036,4.47552,4.50733e+06,2.70226e+06,1.25161e+07,0,0,0,0,99.3022,98.274,6.04959,0,1,2.09745,1.79505,0,1.62044,2.96352,9.36715e+06,3.61194e+06,1.96471e+07,0,0,0,7.64495e+07
85.139,85.139,4.7921,0.32,0.08,2.77695,3.07935,0,0.52038,4.47552,4.50733e+06,2.70226e+06,1.25166e+07,0,0,0,0,99.3022,98.274,5.76915,0,1,2.09751,1.79511,0,1.62049,2.96352,9.36715e+06,3.61194e+06,1.96477e+07,0,0,0,7.64495e+07
85.139,85.139,4.01574,0.3,0.08,2.77706,3.07946,0,0.520401,4.47552,4.50733e+06,2.70226e+06,1.25171e+07,0,0,0,0,99.3022,98.274,4.72876,0,1,2.09758,1.79518,0,1.62054,2.96352,9.36715e+06,3.61194e+06,1.96483e+07,0,0,0,7.64495e+07
85.139,85.139,3.37606,0.26,0.08,2.73473,3.03713,0,0.520421,4.47552,4.50733e+06,2.70226e+06,1.23263e+07,0,0,0,0,99.3022,98.274,4.96638,0,1,2.07068,1.76828,0,1.62059,2.96352,9.36715e+06,3.61194e+06,1.93964e+07,0,0,0,7.64495e+07
84.9159,85.139,2.96903,0.25,0.08,2.73484,3.03724,0,0.512488,4.47552,4.50733e+06,2.70226e+06,1.23268e+07,0,0,0,0,99.3022,98.274,4.47449,0,1,2.07075,1.76835,0,1.59981,2.96352,9.36715e+06,3.61194e+06,1.9397e+07,0,0,0,7.64495e+07
84.9261,85.139,3.21879,0.34,0.08,2.73494,3.03734,0,0.512508,4.47552,4.50733e+06,2.70226e+06,1.23273e+07,0,0,0,0,99.3022,98.274,3.96695,0,1,2.07081,1.76841,0,1.59986,2.96352,9.36715e+06,3.61194e+06,1.93976e+07,0,0,0,7.64495e+07
84.7834,85.139,2.97891,0.3,0.08,2.73505,3.03745,0,0.512529,4.47552,4.50733e+06,2.70226e+06,1.23278e+07,0,0,0,0,99.3022,98.274,4.17597,0,1,2.07087,1.76847,0,1.59991,2.96352,9.36715e+06,3.61194e+06,1.93982e+07,0,0,0,7.64495e+07
84.4579,85.139,2.85095,0.28,0.08,2.87925,3.18165,0,0.512549,4.47552,4.50733e+06,2.70226e+06,1.29778e+07,0,0,0,0,99.3022,98.274,3.90358,0,1,2.16655,1.86415,0,1.59996,2.96352,9.36715e+06,3.61194e+06,2.02944e+07,0,0,0,7.64495e+07
83.7921,85.139,2.4993,0.24,0.08,2.87937,3.18177,0,0.539572,4.47552,4.50733e+06,2.70226e+06,1.29783e+07,0,0,0,0,99.3022,98.274,3.89481,0,1,2.16662,1.86422,0,1.67388,2.96352,9.36715e+06,3.61194e+06,2.0295e+07,0,0,0,7.64495e+07
82.9218,85.139,2.27726,0.23,0.08,2.87948,3.18188,0,0.539594,4.47552,4.50733e+06,2.70226e+06,1.29788e+07,0,0,0,0,99.2773,98.274,3.58086,0,1,2.16668,1.86428,0,1.67393,2.96352,9.36715e+06,3.61194e+06,2.02957e+07,0,0,0,7.64495e+07
81.9732,85.139,2.1559,0.22,0.08,2.8796,3.182,0,0.539615,4.47552,4.50733e+06,2.70226e+06,1.29793e+07,0,0,0,0,99.1211,98.274,3.17124,0,1,2.16675,1.86435,0,1.67398,2.96352,9.36715e+06,3.61194e+06,2.02963e+07,0,0,0,7.64495e+07
81.3335,85.139,2.46724,0.22,0.08,2.87971,3.18211,0,0.539636,4.47552,4.50733e+06,2.70226e+06,1.29798e+07,0,0,0,0,99.0087,98.274,3.12383,0,1,2.16682,1.86442,0,1.67403,2.96352,9.36715e+06,3.61194e+06,2.02969e+07,0,0,0,7.64495e+07
80.8336,85.139,2.57252,0.18,0.08,2.85132,3.15372,0,0.539657,4.47552,4.50733e+06,2.70226e+06,1.28519e+07,0,0,0,0,98.8811,98.274,3.07615,0,1,2.21945,1.91705,0,1.67408,2.96352,9.36715e+06,3.61194e+06,2.07899e+07,0,0,0,7.64495e+07
80.2385,85.139,2.44746,0.19,0.08,2.85143,3.15383,0,0.534338,4.47552,4.50733e+06,2.70226e+06,1.28524e+07,0,0,0,0,98.7038,98.274,2.97205,0,1,2.21951,1.91711,0,1.71474,2.96352,9.36715e+06,3.61194e+06,2.07905e+07,0,0,0,7.64495e+07
79.3476,85.139,2.12337,0.16,0.08,2.85155,3.15395,0,0.534359,4.47552,4.50733e+06,2.70226e+06,1.28529e+07,0,0,0,0,98.4653,98.274,2.86886,0,1,2.21958,1.91718,0,1.7148,2.96352,9.36715e+06,3.61194e+06,2.07912e+07,0,0,0,7.64495e+07
78.5137,85.139,2.15567,0.2,0.08,2.85166,3.15406,0,0.53438,4.47552,4.50733e+06,2.70226e+06,1.28534e+07,0,0,0,0,98.2785,98.274,2.94188,0,1,2.21965,1.91725,0,1.71485,2.96352,9.36715e+06,3.61194e+06,2.07918e+07,0,0,0,7.64495e+07
77.6444,85.139,2.19806,0.18,0.08,2.92538,3.22778,0,0.534401,4.47552,4.50733e+06,2.70226e+06,1.31857e+07,0,0,0,0,98.0573,98.274,2.93165,0,1,2.26657,1.96417,0,1.7149,2.96352,9.36715e+06,3.61194e+06,2.12313e+07,0,0,0,7.64495e+07
76.6435,85.139,2.02799,0.17,0.08,2.9255,3.2279,0,0.548217,4.47552,4.50733e+06,2.70226e+06,1.31862e+07,0,0,0,0,97.747,98.274,2.7865,0,1,2.26664,1.96424,0,1.75115,2.96352,9.36715e+06,3.61194e+06,2.1232e+07,0,0,0,7.64495e+07
75.4775,85.139,1.84588,0.17,0.08,2.92561,3.22801,0,0.548239,4.47552,4.50733e+06,2.70226e+06,1.31867e+07,0,0,0,0,97.3952,98.274,2.44151,0,1,2.26671,1.96431,0,1.75121,2.96352,9.36715e+06,3.61194e+06,2.12326e+07,0,0,0,7.64495e+07
74.5568,85.139,2.07675,0.16,0.08,2.92573,3.22813,0,0.54826,4.47552,4.50733e+06,2.70226e+06,1.31872e+07,0,0,0,0,97.1911,98.274,3.24852,0,1,2.26678,1.96438,0,1.75126,2.96352,9.36715e+06,3.61194e+06,2.12333e+07,0,0,0,7.64495e+07
73.5524,85.139,2.16193,0.17,0.08,3.14145,3.44385,0,0.548282,4.47552,4.50733e+06,2.70226e+06,1.41595e+07,0,0,0,0,96.9471,98.274,2.86962,0,1,2.43598,2.13358,0,1.75132,2.96352,9.36715e+06,3.61194e+06,2.28182e+07,0,0,0,7.64495e+07
72.4423,85.139,2.04553,0.2,0.08,3.14356,3.44397,0,0.588707,4.47552,4.50733e+06,2.70226e+06,1.41691e+07,0,0,0,0,96.6862,98.274,3.39982,0,1,2.43407,2.13366,0,1.88204,2.96352,9.36715e+06,3.61194e+06,2.28003e+07,0,0,0,7.64495e+07
71.2492,85.139,1.94784,0.2,0.08,3.14376,3.44409,0,0.589103,4.47552,4.50733e+06,2.70226e+06,1.417e+07,0,0,0,0,96.4098,98.274,3.32935,0,1,2.43407,2.13373,0,1.88056,2.96352,9.36715e+06,3.61194e+06,2.28003e+07,0,0,0,7.64495e+07
70.0835,85.139,1.96171,0.2,0.08,3.14396,3.44421,0,0.58914,4.47552,4.50733e+06,2.70226e+06,1.41709e+07,0,0,0,0,96.1093,98.274,3.28274,0,1,2.43407,2.13381,0,1.88056,2.96352,9.36715e+06,3.61194e+06,2.28003e+07,0,0,0,7.64495e+07
69.1366,85.139,2.17908,0.21,0.08,3.14416,3.44434,0,0.589178,4.47552,4.50733e+06,2.70226e+06,1.41718e+07,0,0,0,0,95.8893,98.274,4.16664,0,1,2.43407,2.13389,0,1.88056,2.96352,9.36715e+06,3.61194e+06,2.28003e+07,0,0,0,7.64495e+07
68.611,85.139,2.5288,0.22,0.08,3.03926,3.33937,0,0.589215,4.47552,4.50733e+06,2.70226e+06,1.3699e+07,0,0,0,0,95.8446,98.274,5.05983,0,1,2.33139,2.03129,0,1.88056,2.96352,9.36715e+06,3.61194e+06,2.18385e+07,0,0,0,7.64495e+07
69.0402,85.139,3.51942,0.22,0.08,3.03709,3.33949,0,0.569558,4.47552,4.50733e+06,2.70226e+06,1.36892e+07,0,0,0,0,95.8999,98.274,5.48633,0,1,2.33376,2.03136,0,1.80123,2.96352,9.36715e+06,3.61194e+06,2.18607e+07,0,0,0,7.64495e+07
70.7197,85.139,4.91757,0.2,0.08,3.0372,3.3396,0,0.56915,4.47552,4.50733e+06,2.70226e+06,1.36897e+07,0,0,0,0,96.5806,98.274,9.11132,0,1,2.33383,2.03143,0,1.80306,2.96352,9.36715e+06,3.61194e+06,2.18614e+07,0,0,0,7.64495e+07
71.504,85.139,4.11918,0.2,0.08,3.03732,3.33972,0,0.569172,4.47552,4.50733e+06,2.70226e+06,1.36902e+07,0,0,0,0,96.8328,98.274,6.40278,0,1,2.33391,2.03151,0,1.80312,2.96352,9.36715e+06,3.61194e+06,2.18621e+07,0,0,0,7.64495e+07
74.9587,85.139,6.87454,0.19,0.08,2.95117,3.25357,0,0.569195,4.47552,4.50733e+06,2.70226e+06,1.33019e+07,0,0,0,0,98.0371,98.274,9.23592,0,1,2.24051,1.93811,0,1.80318,2.96352,9.36715e+06,3.61194e+06,2.09872e+07,0,0,0,7.64495e+07
75.75,85.139,4.10646,0.15,0.08,2.95128,3.25368,0,0.553049,4.47552,4.50733e+06,2.70226e+06,1.33024e+07,0,0,0,0,98.3322,98.274,4.83755,0,1,2.24058,1.93818,0,1.73102,2.96352,9.36715e+06,3.61194e+06,2.09878e+07,0,0,0,7.64495e+07
76.2913,85.139,3.78069,0.15,0.08,2.9514,3.2538,0,0.55307,4.47552,4.50733e+06,2.70226e+06,1.33029e+07,0,0,0,0,98.5732,98.274,4.89205,0,1,2.24064,1.93824,0,1.73107,2.96352,9.36715e+06,3.61194e+06,2.09885e+07,0,0,0,7.64495e+07
77.7854,85.139,4.81676,0.16,0.08,2.95152,3.25392,0,0.553092,4.47552,4.50733e+06,2.70226e+06,1.33035e+07,0,0,0,0,99.1543,98.274,6.13371,0,1,2.24071,1.93831,0,1.73112,2.96352,9.36715e+06,3.61194e+06,2.09891e+07,0,0,0,7.64495e+07
79.5078,85.139,4.89864,0.16,0.08,2.70657,3.00897,0,0.553114,4.47552,4.50733e+06,2.70226e+06,1.21994e+07,0,0,0,0,99.3022,98.274,9.96675,0,1,2.04608,1.74368,0,1.73118,2.96352,9.36715e+06,3.61194e+06,1.91659e+07,0,0,0,7.64495e+07
80.1986,85.139,3.84439,0.15,0.08,2.70667,3.00907,0,0.50721,4.47552,4.50733e+06,2.70226e+06,1.21999e+07,0,0,0,0,99.3022,98.274,6.38322,0,1,2.04614,1.74374,0,1.5808,2.96352,9.36715e+06,3.61194e+06,1.91665e+07,0,0,0,7.64495e+07
80.7019,85.139,3.63488,0.17,0.08,2.70678,3.00918,0,0.507231,4.47552,4.50733e+06,2.70226e+06,1.22004e+07,0,0,0,0,99.3022,98.274,7.36022,0,1,2.0462,1.7438,0,1.58085,2.96352,9.36715e+06,3.61194e+06,1.91671e+07,0,0,0,7.64495e+07
83.9709,85.139,6.79755,0.18,0.08,2.70689,3.00929,0,0.507251,4.47552,4.50733e+06,2.70226e+06,1.22008e+07,0,0,0,0,99.3022,98.274,12.0156,0,1,2.04627,1.74387,0,1.5809,2.96352,9.36715e+06,3.61194e+06,1.91677e+07,0,0,0,7.64495e+07
85.139,85.139,5.20978,0.18,0.08,2.707,3.0094,0,0.507271,4.47552,4.50733e+06,2.70226e+06,1.22013e+07,0,0,0,0,99.3022,98.274,9.24902,0,1,2.04633,1.74393,0,1.58095,2.96352,9.36715e+06,3.61194e+06,1.91683e+07,0,0,0,7.64495e+07
85.139,85.139,5.83472,0.16,0.08,2.80138,3.10378,0,0.507291,4.47552,4.50733e+06,2.70226e+06,1.26267e+07,0,0,0,0,99.3022,98.274,8.5864,0,1,2.10278,1.80038,0,1.58099,2.96352,9.36715e+06,3.61194e+06,1.9697e+07,0,0,0,7.64495e+07
85.139,85.139,4.60592,0.16,0.08,2.80147,3.10387,0,0.524978,4.47552,4.50733e+06,2.70226e+06,1.26272e+07,0,0,0,0,99.3022,98.274,7.11491,0,1,2.10283,1.80043,0,1.62461,2.96352,9.36715e+06,3.61194e+06,1.96975e+07,0,0,0,7.64495e+07
85.139,85.139,4.07053,0.17,0.08,2.80156,3.10396,0,0.524996,4.47552,4.50733e+06,2.70226e+06,1.26276e+07,0,0,0,0,99.3022,98.274,6.18464,0,1,2.10289,1.80049,0,1.62465,2.96352,9.36715e+06,3.61194e+06,1.96981e+07,0,0,0,7.64495e+07
85.139,85.139,4.90226,0.16,0.08,2.80166,3.10406,0,0.525013,4.47552,4.50733e+06,2.70226e+06,1.2628e+07,0,0,0,0,99.3022,98.274,7.46192,0,1,2.10294,1.80054,0,1.62469,2.96352,9.36715e+06,3.61194e+06,1.96986e+07,0,0,0,7.64495e+07
84.6689,85.139,3.1253,0.16,0.08,3.10452,3.40692,0,0.52503,4.47552,4.50733e+06,2.70226e+06,1.39931e+07,0,0,0,0,99.1051,98.274,5.72387,0,1,2.3147,2.0123,0,1.62473,2.96352,9.36715e+06,3.61194e+06,2.16822e+07,0,0,0,7.64495e+07
85.1351,85.139,4.16783,0.27,0.08,3.10462,3.40702,0,0.581787,4.47552,4.50733e+06,2.70226e+06,1.39936e+07,0,0,0,0,99.3022,98.274,6.69469,0,1,2.31476,2.01236,0,1.78834,2.96352,9.36715e+06,3.61194e+06,2.16828e+07,0,0,0,7.64495e+07
85.139,85.139,6.0177,0.27,0.08,3.10472,3.40712,0,0.581806,4.47552,4.50733e+06,2.70226e+06,1.3994e+07,0,0,0,0,99.3022,98.274,8.709,0,1,2.31482,2.01242,0,1.78839,2.96352,9.36715e+06,3.61194e+06,2.16833e+07,0,0,0,7.64495e+07
85.139,85.139,4.05298,0.19,0.08,3.10483,3.40723,0,0.581825,4.47552,4.50733e+06,2.70226e+06,1.39945e+07,0,0,0,0,99.3022,98.274,6.03437,0,1,2.31489,2.01249,0,1.78843,2.96352,9.36715e+06,3.61194e+06,2.16839e+07,0,0,0,7.64495e+07
85.0791,85.139,3.18046,0.19,0.08,2.67303,2.97543,0,0.581844,4.47552,4.50733e+06,2.70226e+06,1.20482e+07,0,0,0,0,99.3022,98.274,3.98367,0,1,2.03079,1.72839,0,1.78848,2.96352,9.36715e+06,3.61194e+06,1.90227e+07,0,0,0,7.64495e+07
85.0191,85.139,3.17863,0.31,0.08,2.67312,2.97552,0,0.500925,4.47552,4.50733e+06,2.70226e+06,1.20486e+07,0,0,0,0,99.2958,98.274,3.49424,0,1,2.03084,1.72844,0,1.56899,2.96352,9.36715e+06,3.61194e+06,1.90232e+07,0,0,0,7.64495e+07
85.139,85.139,4.21074,0.36,0.08,2.67321,2.97561,0,0.500942,4.47552,4.50733e+06,2.70226e+06,1.2049e+07,0,0,0,0,99.3022,98.274,5.08189,0,1,2.0309,1.7285,0,1.56903,2.96352,9.36715e+06,3.61194e+06,1.90237e+07,0,0,0,7.64495e+07
85.139,85.139,4.62961,0.27,0.08,2.67329,2.97569,0,0.500959,4.47552,4.50733e+06,2.70226e+06,1.20494e+07,0,0,0,0,99.3022,98.274,10.2869,0,1,2.03095,1.72855,0,1.56907,2.96352,9.36715e+06,3.61194e+06,1.90242e+07,0,0,0,7.64495e+07
85.139,85.139,4.4688,0.3,0.08,2.67338,2.97578,0,0.500975,4.47552,4.50733e+06,2.70226e+06,1.20498e+07,0,0,0,0,99.3022,98.274,5.82468,0,1,2.031,1.7286,0,1.56911,2.96352,9.36715e+06,3.61194e+06,1.90247e+07,0,0,0,7.64495e+07
85.139,85.139,4.68988,0.32,0.08,2.7822,3.0846,0,0.500992,4.47552,4.50733e+06,2.70226e+06,1.25403e+07,0,0,0,0,99.3022,98.274,5.44079,0,1,2.10058,1.79818,0,1.56915,2.96352,9.36715e+06,3.61194e+06,1.96764e+07,0,0,0,7.64495e+07
85.139,85.139,4.11204,0.3,0.08,2.7823,3.0847,0,0.521385,4.47552,4.50733e+06,2.70226e+06,1.25407e+07,0,0,0,0,99.3022,98.274,5.11548,0,1,2.10063,1.79823,0,1.6229,2.96352,9.36715e+06,3.61194e+06,1.96769e+07,0,0,0,7.64495e+07
85.139,85.139,4.43573,0.29,0.08,2.78239,3.08479,0,0.521402,4.47552,4.50733e+06,2.70226e+06,1.25412e+07,0,0,0,0,99.3022,98.274,5.55745,0,1,2.10068,1.79828,0,1.62295,2.96352,9.36715e+06,3.61194e+06,1.96774e+07,0,0,0,7.64495e+07
85.139,85.139,4.08966,0.3,0.08,2.78248,3.08488,0,0.52142,4.47552,4.50733e+06,2.70226e+06,1.25416e+07,0,0,0,0,99.3022,98.274,4.6458,0,1,2.10074,1.79834,0,1.62299,2.96352,9.36715e+06,3.61194e+06,1.96779e+07,0,0,0,7.64495e+07
85.139,85.139,3.57065,0.25,0.08,2.74005,3.04245,0,0.521437,4.47552,4.50733e+06,2.70226e+06,1.23503e+07,0,0,0,0,99.3018,98.274,5.23074,0,1,2.07378,1.77138,0,1.62303,2.96352,9.36715e+06,3.61194e+06,1.94255e+07,0,0,0,7.64495e+07
85.139,85.139,3.31244,0.23,0.08,2.74015,3.04255,0,0.513486,4.47552,4.50733e+06,2.70226e+06,1.23507e+07,0,0,0,0,99.3022,98.274,4.87421,0,1,2.07384,1.77144,0,1.60221,2.96352,9.36715e+06,3.61194e+06,1.9426e+07,0,0,0,7.64495e+07
85.0821,85.139,3.03753,0.22,0.08,2.74024,3.04264,0,0.513503,4.47552,4.50733e+06,2.70226e+06,1.23512e+07,0,0,0,0,99.3022,98.274,4.59396,0,1,2.07389,1.77149,0,1.60225,2.96352,9.36715e+06,3.61194e+06,1.94265e+07,0,0,0,7.64495e+07
84.9316,85.139,2.91956,0.29,0.08,2.74033,3.04273,0,0.51352,4.47552,4.50733e+06,2.70226e+06,1.23516e+07,0,0,0,0,99.2924,98.274,4.19932,0,1,2.07394,1.77154,0,1.60229,2.96352,9.36715e+06,3.61194e+06,1.94269e+07,0,0,0,7.64495e+07
84.2572,85.139,2.50667,0.27,0.08,2.88476,3.18716,0,0.513537,4.47552,4.50733e+06,2.70226e+06,1.30026e+07,0,0,0,0,99.2577,98.274,4.08779,0,1,2.16978,1.86738,0,1.60233,2.96352,9.36715e+06,3.61194e+06,2.03246e+07,0,0,0,7.64495e+07
83.6636,85.139,2.51173,0.23,0.08,2.88486,3.18726,0,0.540604,4.47552,4.50733e+06,2.70226e+06,1.3003e+07,0,0,0,0,99.2505,98.274,4.70066,0,1,2.16983,1.86743,0,1.67637,2.96352,9.36715e+06,3.61194e+06,2.03252e+07,0,0,0,7.64495e+07
82.8335,85.139,2.22332,0.22,0.08,2.88495,3.18735,0,0.540622,4.47552,4.50733e+06,2.70226e+06,1.30034e+07,0,0,0,0,99.076,98.274,3.95554,0,1,2.16989,1.86749,0,1.67641,2.96352,9.36715e+06,3.61194e+06,2.03257e+07,0,0,0,7.64495e+07
81.8921,85.139,2.0936,0.21,0.08,2.88505,3.18745,0,0.54064,4.47552,4.50733e+06,2.70226e+06,1.30039e+07,0,0,0,0,98.7594,98.274,3.46238,0,1,2.16995,1.86755,0,1.67646,2.96352,9.36715e+06,3.61194e+06,2.03262e+07,0,0,0,7.64495e+07
81.0093,85.139,2.1691,0.21,0.08,2.88514,3.18754,0,0.540658,4.47552,4.50733e+06,2.70226e+06,1.30043e+07,0,0,0,0,98.5171,98.274,3.45632,0,1,2.17,1.8676,0,1.6765,2.96352,9.36715e+06,3.61194e+06,2.03267e+07,0,0,0,7.64495e+07
80.2115,85.139,2.24,0.17,0.08,2.85669,3.15909,0,0.540676,4.47552,4.50733e+06,2.70226e+06,1.2876e+07,0,0,0,0,98.3496,98.274,3.54249,0,1,2.22271,1.92031,0,1.67654,2.96352,9.36715e+06,3.61194e+06,2.08205e+07,0,0,0,7.64495e+07
79.3322,85.139,2.13465,0.16,0.08,2.85678,3.15918,0,0.535343,4.47552,4.50733e+06,2.70226e+06,1.28765e+07,0,0,0,0,98.1494,98.274,3.54059,0,1,2.22277,1.92037,0,1.71726,2.96352,9.36715e+06,3.61194e+06,2.0821e+07,0,0,0,7.64495e+07
78.233,85.139,1.87767,0.18,0.08,2.85688,3.15928,0,0.535361,4.47552,4.50733e+06,2.70226e+06,1.28769e+07,0,0,0,0,97.8752,98.274,3.25553,0,1,2.22282,1.92042,0,1.71731,2.96352,9.36715e+06,3.61194e+06,2.08215e+07,0,0,0,7.64495e+07
77.0345,85.139,1.76053,0.18,0.08,2.85697,3.15937,0,0.535379,4.47552,4.50733e+06,2.70226e+06,1.28773e+07,0,0,0,0,97.5816,98.274,3.28801,0,1,2.22288,1.92048,0,1.71735,2.96352,9.36715e+06,3.61194e+06,2.08221e+07,0,0,0,7.64495e+07
75.5031,85.139,1.45291,0.16,0.08,2.9308,3.2332,0,0.535396,4.47552,4.50733e+06,2.70226e+06,1.32101e+07,0,0,0,0,97.1522,98.274,2.59876,0,1,2.26987,1.96747,0,1.7174,2.96352,9.36715e+06,3.61194e+06,2.12622e+07,0,0,0,7.64495e+07
73.9239,85.139,1.38886,0.15,0.08,2.9309,3.2333,0,0.549232,4.47552,4.50733e+06,2.70226e+06,1.32105e+07,0,0,0,0,96.6446,98.274,2.83099,0,1,2.26993,1.96753,0,1.7537,2.96352,9.36715e+06,3.61194e+06,2.12628e+07,0,0,0,7.64495e+07
72.5725,85.139,1.62535,0.14,0.08,2.93099,3.23339,0,0.54925,4.47552,4.50733e+06,2.70226e+06,1.3211e+07,0,0,0,0,96.2675,98.274,2.85272,0,1,2.26999,1.96759,0,1.75374,2.96352,9.36715e+06,3.61194e+06,2.12633e+07,0,0,0,7.64495e+07
70.9869,85.139,1.36798,0.18,0.08,2.93109,3.23349,0,0.549268,4.47552,4.50733e+06,2.70226e+06,1.32114e+07,0,0,0,0,95.7652,98.274,2.60088,0,1,2.27004,1.96764,0,1.75379,2.96352,9.36715e+06,3.61194e+06,2.12639e+07,0,0,0,7.64495e+07
69.2133,85.139,1.33941,0.18,0.08,3.14715,3.44955,0,0.549286,4.47552,4.50733e+06,2.70226e+06,1.41852e+07,0,0,0,0,95.2401,98.274,2.1548,0,1,2.43951,2.13711,0,1.75384,2.96352,9.36715e+06,3.61194e+06,2.28513e+07,0,0,0,7.64495e+07
67.4056,85.139,1.29233,0.18,0.08,3.15277,3.44965,0,0.589775,4.47552,4.50733e+06,2.70226e+06,1.42106e+07,0,0,0,0,94.7077,98.274,2.6353,0,1,2.43406,2.13718,0,1.88477,2.96352,9.36715e+06,3.61194e+06,2.28002e+07,0,0,0,7.64495e+07
65.546,85.139,1.22444,0.22,0.08,3.15294,3.44975,0,0.590829,4.47552,4.50733e+06,2.70226e+06,1.42113e+07,0,0,0,0,94.1574,98.274,2.71036,0,1,2.43406,2.13724,0,1.88055,2.96352,9.36715e+06,3.61194e+06,2.28002e+07,0,0,0,7.64495e+07
63.6807,85.139,1.1959,0.22,0.08,3.1531,3.44985,0,0.59086,4.47552,4.50733e+06,2.70226e+06,1.42121e+07,0,0,0,0,93.609,98.274,2.69387,0,1,2.43406,2.13731,0,1.88055,2.96352,9.36715e+06,3.61194e+06,2.28002e+07,0,0,0,7.64495e+07
61.7554,85.139,1.08857,0.22,0.08,3.15327,3.44996,0,0.590892,4.47552,4.50733e+06,2.70226e+06,1.42128e+07,0,0,0,0,92.5309,98.274,2.01281,0,1,2.43406,2.13737,0,1.88055,2.96352,9.36715e+06,3.61194e+06,2.28002e+07,0,0,0,7.64495e+07
59.6848,85.139,0.896049,0.25,0.08,3.04817,3.3448,0,0.590923,4.47552,4.50733e+06,2.70226e+06,1.37391e+07,0,0,0,0,91.638,98.274,1.24768,0,1,2.33121,2.03459,0,1.88055,2.96352,9.36715e+06,3.61194e+06,2.18368e+07,0,0,0,7.64495e+07
57.7407,85.139,1.02259,0.24,0.08,3.0425,3.3449,0,0.571228,4.47552,4.50733e+06,2.70226e+06,1.37135e+07,0,0,0,0,90.7642,98.274,1.59989,0,1,2.33705,2.03465,0,1.8011,2.96352,9.36715e+06,3.61194e+06,2.18915e+07,0,0,0,7.64495e+07
55.7807,85.139,0.997298,0.25,0.08,3.0426,3.345,0,0.570164,4.47552,4.50733e+06,2.70226e+06,1.3714e+07,0,0,0,0,90.1271,98.274,1.56562,0,1,2.33711,2.03471,0,1.80561,2.96352,9.36715e+06,3.61194e+06,2.18921e+07,0,0,0,7.64495e+07
53.9845,85.139,1.21431,0.32,0.08,3.0427,3.3451,0,0.570182,4.47552,4.50733e+06,2.70226e+06,1.37144e+07,0,0,0,0,89.1435,98.274,2.02292,0,1,2.33717,2.03477,0,1.80565,2.96352,9.36715e+06,3.61194e+06,2.18927e+07,0,0,0,7.64495e+07
51.5653,85.139,0.43759,0.31,0.08,2.95638,3.25878,0,0.570201,4.47552,4.50733e+06,2.70226e+06,1.33254e+07,0,0,0,0,88.1831,98.274,1.17082,0,1,2.24361,1.94121,0,1.8057,2.96352,9.36715e+06,3.61194e+06,2.10163e+07,0,0,0,7.64495e+07
49.6187,85.139,0.927174,0.34,0.08,2.95648,3.25888,0,0.554026,4.47552,4.50733e+06,2.70226e+06,1.33258e+07,0,0,0,0,87.7804,98.274,1.23398,0,1,2.24367,1.94127,0,1.73342,2.96352,9.36715e+06,3.61194e+06,2.10168e+07,0,0,0,7.64495e+07
48.799,85.139,1.82212,0.41,0.08,2.58656,3.25898,0,0.554044,4.47552,4.50733e+06,3.70142e+06,1.16585e+07,0,0,0,0,87.7297,98.274,2.81274,0,1,2.02331,1.94133,0,1.73346,2.96352,9.36715e+06,4.94745e+06,1.89527e+07,0,0,0,7.64495e+07
47.3611,85.139,1.1139,0.4,0.08,2.58664,3.25907,0,0.48472,4.47552,4.50733e+06,3.70142e+06,1.16589e+07,0,0,0,0,87.0985,98.274,2.54745,0,1,2.02336,1.94139,0,1.56321,2.96352,9.36715e+06,4.94745e+06,1.89532e+07,0,0,0,7.64495e+07
45.9281,85.139,0.948587,0.44,0.08,2.36914,3.01372,0,0.484737,4.47552,4.50733e+06,3.70142e+06,1.06785e+07,0,0,0,0,86.883,98.274,1.33738,0,1,1.85054,1.74643,0,1.56325,2.96352,9.36715e+06,4.94745e+06,1.73343e+07,0,0,0,7.64495e+07
45.3376,85.139,1.86056,0.48,0.08,2.36922,3.01381,0,0.443978,4.47552,4.50733e+06,3.70142e+06,1.06789e+07,0,0,0,0,86.0416,98.274,1.97508,0,1,1.85059,1.74649,0,1.42973,2.96352,9.36715e+06,4.94745e+06,1.73348e+07,0,0,0,7.64495e+07
44.5176,85.139,1.60026,0.55,0.08,2.3693,3.0139,0,0.443992,4.47552,4.50733e+06,3.70142e+06,1.06792e+07,0,0,0,0,85.8474,98.274,1.56369,0,1,1.85064,1.74654,0,1.42977,2.96352,9.36715e+06,4.94745e+06,1.73352e+07,0,0,0,7.64495e+07
44.4692,85.139,2.40049,0.56,0.08,2.36938,3.01399,0,0.444007,4.47552,4.50733e+06,3.70142e+06,1.06796e+07,0,0,0,0,85.645,98.274,2.63135,0,1,1.85068,1.74659,0,1.4298,2.96352,9.36715e+06,4.94745e+06,1.73356e+07,0,0,0,7.64495e+07
44.8707,85.139,2.92457,0.57,0.08,2.36946,3.01408,0,0.444022,4.47552,4.50733e+06,3.70142e+06,1.068e+07,0,0,0,0,85.9045,98.274,3.3321,0,1,1.85073,1.74664,0,1.42984,2.96352,9.36715e+06,4.94745e+06,1.73361e+07,0,0,0,7.64495e+07
47.9001,85.139,5.89496,0.58,0.08,2.45324,3.10859,0,0.444037,4.47552,4.50733e+06,3.70142e+06,1.10576e+07,0,0,0,0,88.3143,98.274,6.92403,0,1,1.90084,1.80317,0,1.42987,2.96352,9.36715e+06,4.94745e+06,1.78055e+07,0,0,0,7.64495e+07
52.679,85.139,7.70497,0.57,0.08,2.45331,3.10866,0,0.459738,4.47552,4.50733e+06,3.70142e+06,1.10579e+07,0,0,0,0,91.5414,98.274,9.71529,0,1,1.90088,1.80321,0,1.46859,3.38688,9.36715e+06,4.94745e+06,1.78058e+07,0,0,0,7.64495e+07
57.8716,85.139,8.30891,0.53,0.08,2.45338,3.10874,0,0.45975,4.47552,4.50733e+06,3.70142e+06,1.10582e+07,0,0,0,0,94.5104,98.274,9.24082,0,1,1.90092,1.80326,0,1.46862,3.38688,9.36715e+06,4.94745e+06,1.78062e+07,0,0,0,7.64495e+07
61.351,85.139,6.51972,0.51,0.08,2.45344,3.10881,0,0.459763,4.47552,4.50733e+06,3.70142e+06,1.10585e+07,0,0,0,0,97.1708,98.274,8.61303,0,1,1.90095,1.8033,0,1.46865,3.38688,9.36715e+06,4.94745e+06,1.78065e+07,0,0,0,7.64495e+07
69.4311,85.139,11.8852,0.53,0.08,2.72231,3.41212,0,0.459775,4.47552,4.50733e+06,3.70142e+06,1.22704e+07,0,0,0,0,99.3022,98.274,13.4829,0,1,2.08895,2.01538,0,1.46868,3.38688,9.36715e+06,4.94745e+06,1.95675e+07,0,0,0,7.64495e+07
74.5968,85.139,9.05315,0.38,0.08,3.1098,3.4122,0,0.510161,4.47552,4.50733e+06,2.70226e+06,1.40169e+07,0,0,0,0,99.3022,98.274,10.2558,0,1,2.31782,2.01542,0,1.61393,3.38688,9.36715e+06,3.61194e+06,2.17114e+07,0,0,0,7.64495e+07
78.4203,85.139,7.63731,0.26,0.08,3.10989,3.41229,0,0.582777,4.47552,4.50733e+06,2.70226e+06,1.40173e+07,0,0,0,0,99.3022,98.274,10.8354,0,1,2.31787,2.01547,0,1.79075,3.38688,9.36715e+06,3.61194e+06,2.17119e+07,0,0,0,7.64495e+07
81.6328,85.139,7.02843,0.38,0.08,3.10997,3.41237,0,0.582793,4.47552,4.50733e+06,2.70226e+06,1.40177e+07,0,0,0,0,99.3022,98.274,10.2883,0,1,2.31792,2.01552,0,1.79079,3.38688,9.36715e+06,3.61194e+06,2.17123e+07,0,0,0,7.64495e+07
84.0078,85.139,5.80728,0.27,0.08,2.6775,2.9799,0,0.582808,4.47552,4.50733e+06,2.70226e+06,1.20684e+07,0,0,0,0,99.3022,98.274,7.35458,0,1,2.03339,1.73099,0,1.79083,3.38688,9.36715e+06,3.61194e+06,1.90471e+07,0,0,0,7.64495e+07
85.139,85.139,5.15057,0.3,0.08,2.67757,2.97997,0,0.501763,4.47552,4.50733e+06,2.70226e+06,1.20687e+07,0,0,0,0,99.3022,98.274,6.55337,0,1,2.03343,1.73103,0,1.571,3.38688,9.36715e+06,3.61194e+06,1.90475e+07,0,0,0,7.64495e+07
85.139,85.139,6.62962,0.14,0.08,2.67764,2.98004,0,0.501777,4.47552,4.50733e+06,2.70226e+06,1.2069e+07,0,0,0,0,99.3022,98.274,7.37488,0,1,2.03347,1.73107,0,1.57103,3.38688,9.36715e+06,3.61194e+06,1.90479e+07,0,0,0,7.64495e+07
85.139,85.139,6.36607,0.25,0.08,2.67771,2.98011,0,0.50179,4.47552,4.50733e+06,2.70226e+06,1.20693e+07,0,0,0,0,99.3022,98.274,7.06916,0,1,2.03351,1.73111,0,1.57106,3.38688,9.36715e+06,3.61194e+06,1.90482e+07,0,0,0,7.64495e+07
85.139,85.139,8.83519,0.29,0.08,2.67779,2.98019,0,0.501804,4.47552,4.50733e+06,2.70226e+06,1.20697e+07,0,0,0,0,99.3022,98.274,8.29017,0,1,2.03356,1.73116,0,1.57109,3.38688,9.36715e+06,3.61194e+06,1.90486e+07,0,0,0,7.64495e+07
85.139,85.139,7.34656,0.3,0.08,2.78675,3.08915,0,0.501817,4.47552,4.50733e+06,2.70226e+06,1.25608e+07,0,0,0,0,99.3022,98.274,7.68342,0,1,2.10322,1.80082,0,1.57113,3.38688,9.36715e+06,3.61194e+06,1.97012e+07,0,0,0,7.64495e+07
85.139,85.139,7.77556,0.3,0.08,2.78682,3.08922,0,0.522237,4.47552,4.50733e+06,2.70226e+06,1.25611e+07,0,0,0,0,99.3022,98.274,8.98114,0,1,2.10327,1.80087,0,1.62495,3.38688,9.36715e+06,3.61194e+06,1.97016e+07,0,0,0,7.64495e+07
85.139,85.139,7.88995,0.29,0.08,2.7869,3.0893,0,0.522251,4.47552,4.50733e+06,2.70226e+06,1.25615e+07,0,0,0,0,99.3022,98.274,7.49041,0,1,2.10331,1.80091,0,1.62499,3.38688,9.36715e+06,3.61194e+06,1.9702e+07,0,0,0,7.64495e+07
85.139,85.139,6.05934,0.29,0.08,2.78697,3.08937,0,0.522265,4.47552,4.50733e+06,2.70226e+06,1.25618e+07,0,0,0,0,99.3022,98.274,6.23157,0,1,2.10335,1.80095,0,1.62502,3.38688,9.36715e+06,3.61194e+06,1.97025e+07,0,0,0,7.64495e+07
85.139,85.139,4.64973,0.25,0.08,2.74447,3.04687,0,0.522279,4.47552,4.50733e+06,2.70226e+06,1.23702e+07,0,0,0,0,99.3022,98.274,5.03199,0,1,2.07635,1.77395,0,1.62505,3.38688,9.36715e+06,3.61194e+06,1.94495e+07,0,0,0,7.64495e+07
85.139,85.139,5.03727,0.23,0.08,2.74454,3.04694,0,0.514313,4.47552,4.50733e+06,2.70226e+06,1.23706e+07,0,0,0,0,99.3022,98.274,6.98102,0,1,2.0764,1.774,0,1.60419,3.38688,9.36715e+06,3.61194e+06,1.94499e+07,0,0,0,7.64495e+07
85.139,85.139,4.44158,0.22,0.08,2.74461,3.04701,0,0.514327,4.47552,4.50733e+06,2.70226e+06,1.23709e+07,0,0,0,0,99.3022,98.274,6.13328,0,1,2.07644,1.77404,0,1.60422,3.38688,9.36715e+06,3.61194e+06,1.94503e+07,0,0,0,7.64495e+07
85.139,85.139,3.95605,0.21,0.08,2.74469,3.04709,0,0.51434,4.47552,4.50733e+06,2.70226e+06,1.23712e+07,0,0,0,0,99.3022,98.274,5.51462,0,1,2.07648,1.77408,0,1.60426,3.38688,9.36715e+06,3.61194e+06,1.94507e+07,0,0,0,7.64495e+07
85.139,85.139,3.44277,0.2,0.08,2.88931,3.19171,0,0.514354,4.47552,4.50733e+06,2.70226e+06,1.30231e+07,0,0,0,0,99.3022,98.274,4.63395,0,1,2.17244,1.87004,0,1.60429,3.38688,9.36715e+06,3.61194e+06,2.03496e+07,0,0,0,7.64495e+07
85.139,85.139,3.17913,0.19,0.08,2.88938,3.19178,0,0.541456,4.47552,4.50733e+06,2.70226e+06,1.30234e+07,0,0,0,0,99.3022,98.274,4.13476,0,1,2.17249,1.87009,0,1.67843,3.38688,9.36715e+06,3.61194e+06,2.035e+07,0,0,0,7.64495e+07
85.0607,85.139,3.04583,0.16,0.08,2.88946,3.19186,0,0.54147,4.47552,4.50733e+06,2.70226e+06,1.30238e+07,0,0,0,0,99.3022,98.274,4.10294,0,1,2.17253,1.87013,0,1.67846,3.38688,9.36715e+06,3.61194e+06,2.03504e+07,0,0,0,7.64495e+07
84.8333,85.139,2.89244,0.21,0.08,2.88954,3.19194,0,0.541485,4.47552,4.50733e+06,2.70226e+06,1.30241e+07,0,0,0,0,99.3022,98.274,4.20644,0,1,2.17258,1.87018,0,1.6785,3.38688,9.36715e+06,3.61194e+06,2.03509e+07,0,0,0,7.64495e+07
84.8131,85.139,3.11131,0.21,0.08,2.88961,3.19201,0,0.541499,4.47552,4.50733e+06,2.70226e+06,1.30244e+07,0,0,0,0,99.3022,98.274,4.36797,0,1,2.17262,1.87022,0,1.67853,3.38688,9.36715e+06,3.61194e+06,2.03513e+07,0,0,0,7.64495e+07
85.1312,85.139,3.40091,0.18,0.08,2.8611,3.1635,0,0.541514,4.47552,4.50733e+06,2.70226e+06,1.28959e+07,0,0,0,0,99.3022,98.274,4.50493,0,1,2.22539,1.92299,0,1.67857,3.38688,9.36715e+06,3.61194e+06,2.08456e+07,0,0,0,7.64495e+07
85.139,85.139,3.10714,0.18,0.08,2.86118,3.16358,0,0.53617,4.47552,4.50733e+06,2.70226e+06,1.28963e+07,0,0,0,0,99.3022,98.274,4.32724,0,1,2.22544,1.92304,0,1.71934,3.38688,9.36715e+06,3.61194e+06,2.0846e+07,0,0,0,7.64495e+07
85.0898,85.139,2.995,0.11,0.08,2.86125,3.16365,0,0.536185,4.47552,4.50733e+06,2.70226e+06,1.28966e+07,0,0,0,0,99.3022,98.274,3.93936,0,1,2.22548,1.92308,0,1.71937,3.38688,9.36715e+06,3.61194e+06,2.08464e+07,0,0,0,7.64495e+07
84.9362,85.139,2.86229,0.14,0.08,2.86133,3.16373,0,0.536199,4.47552,4.50733e+06,2.70226e+06,1.2897e+07,0,0,0,0,99.3022,98.274,3.78782,0,1,2.22553,1.92313,0,1.71941,3.38688,9.36715e+06,3.61194e+06,2.08469e+07,0,0,0,7.64495e+07
84.5614,85.139,2.71458,0.14,0.08,2.93524,3.23764,0,0.536213,4.47552,4.50733e+06,2.70226e+06,1.32301e+07,0,0,0,0,99.3022,98.274,3.9175,0,1,2.27257,1.97017,0,1.71944,3.38688,9.36715e+06,3.61194e+06,2.12875e+07,0,0,0,7.64495e+07
84.0568,85.139,2.56032,0.12,0.08,2.93532,3.23772,0,0.550064,4.47552,4.50733e+06,2.70226e+06,1.32305e+07,0,0,0,0,99.3022,98.274,3.95123,0,1,2.27262,1.97022,0,1.75579,3.38688,9.36715e+06,3.61194e+06,2.1288e+07,0,0,0,7.64495e+07
83.3993,85.139,2.39618,0.12,0.08,2.9354,3.2378,0,0.550079,4.47552,4.50733e+06,2.70226e+06,1.32308e+07,0,0,0,0,99.3022,98.274,3.61146,0,1,2.27266,1.97026,0,1.75582,3.38688,9.36715e+06,3.61194e+06,2.12884e+07,0,0,0,7.64495e+07
82.7154,85.139,2.35446,0.11,0.08,2.93548,3.23788,0,0.550093,4.47552,4.50733e+06,2.70226e+06,1.32312e+07,0,0,0,0,99.3022,98.274,3.89857,0,1,2.27271,1.97031,0,1.75586,3.38688,9.36715e+06,3.61194e+06,2.12888e+07,0,0,0,7.64495e+07
82.0538,85.139,2.56243,0.11,0.08,3.1518,3.4542,0,0.550108,4.47552,4.50733e+06,2.70226e+06,1.42062e+07,0,0,0,0,99.3022,98.274,4.13568,0,1,2.4424,2.14,0,1.7559,3.38688,9.36715e+06,3.61194e+06,2.28783e+07,0,0,0,7.64495e+07
81.3031,85.139,2.46491,0.11,0.08,3.15188,3.45428,0,0.590648,4.47552,4.50733e+06,2.70226e+06,1.42066e+07,0,0,0,0,99.3022,98.274,3.88926,0,1,2.44245,2.14005,0,1.887,3.38688,9.36715e+06,3.61194e+06,2.28788e+07,0,0,0,7.64495e+07
80.2812,85.139,2.17441,0.11,0.08,3.15197,3.45437,0,0.590663,4.47552,4.50733e+06,2.70226e+06,1.4207e+07,0,0,0,0,99.3022,98.274,3.52198,0,1,2.4425,2.1401,0,1.88704,3.38688,9.36715e+06,3.61194e+06,2.28793e+07,0,0,0,7.64495e+07
79.0214,85.139,1.91038,0.11,0.08,3.15205,3.45445,0,0.590679,4.47552,4.50733e+06,2.70226e+06,1.42073e+07,0,0,0,0,99.3022,98.274,3.13761,0,1,2.44255,2.14015,0,1.88708,3.38688,9.36715e+06,3.61194e+06,2.28798e+07,0,0,0,7.64495e+07
78.0618,85.139,2.27672,0.14,0.08,3.15213,3.45453,0,0.590694,4.47552,4.50733e+06,2.70226e+06,1.42077e+07,0,0,0,0,98.9308,98.274,3.78278,0,1,2.4426,2.1402,0,1.88712,3.38688,9.36715e+06,3.61194e+06,2.28803e+07,0,0,0,7.64495e+07
76.4058,85.139,1.46614,0.15,0.08,3.04681,3.34921,0,0.59071,4.47552,4.50733e+06,2.70226e+06,1.3733e+07,0,0,0,0,98.4968,98.274,1.90549,0,1,2.33968,2.03728,0,1.88716,3.38688,9.36715e+06,3.61194e+06,2.19161e+07,0,0,0,7.64495e+07
75.0499,85.139,1.80264,0.14,0.08,3.04689,3.34929,0,0.570973,4.47552,4.50733e+06,2.70226e+06,1.37334e+07,0,0,0,0,98.4265,98.274,2.16998,0,1,2.33973,2.03733,0,1.80764,3.38688,9.36715e+06,3.61194e+06,2.19166e+07,0,0,0,7.64495e+07
73.9029,85.139,1.99005,0.13,0.08,3.04697,3.34937,0,0.570988,4.47552,4.50733e+06,2.70226e+06,1.37337e+07,0,0,0,0,98.4462,98.274,2.63124,0,1,2.33978,2.03738,0,1.80767,3.38688,9.36715e+06,3.61194e+06,2.1917e+07,0,0,0,7.64495e+07
74.5166,85.139,3.83921,0.13,0.08,3.04705,3.34945,0,0.571003,4.47552,4.50733e+06,2.70226e+06,1.37341e+07,0,0,0,0,99.3022,98.274,7.76343,0,1,2.33983,2.03743,0,1.80771,3.38688,9.36715e+06,3.61194e+06,2.19175e+07,0,0,0,7.64495e+07
73.6361,85.139,2.2972,0.13,0.08,2.96061,3.26301,0,0.571018,4.47552,4.50733e+06,2.70226e+06,1.33444e+07,0,0,0,0,98.7708,98.274,2.6894,0,1,2.24613,1.94373,0,1.80775,3.38688,9.36715e+06,3.61194e+06,2.10398e+07,0,0,0,7.64495e+07
71.7438,85.139,1.25011,0.16,0.08,2.96069,3.26309,0,0.554818,4.47552,4.50733e+06,2.70226e+06,1.33448e+07,0,0,0,0,98.4155,98.274,1.49103,0,1,2.24618,1.94378,0,1.73536,3.38688,9.36715e+06,3.61194e+06,2.10403e+07,0,0,0,7.64495e+07
71.0241,85.139,2.48748,0.17,0.08,2.96076,3.26316,0,0.554833,4.47552,4.50733e+06,2.70226e+06,1.33451e+07,0,0,0,0,98.4995,98.274,3.27703,0,1,2.24622,1.94382,0,1.7354,3.38688,9.36715e+06,3.61194e+06,2.10407e+07,0,0,0,7.64495e+07
72.5606,85.139,4.93196,0.19,0.08,2.96084,3.26324,0,0.554847,4.47552,4.50733e+06,2.70226e+06,1.33455e+07,0,0,0,0,99.3022,98.274,6.64697,0,1,2.24627,1.94387,0,1.73543,3.38688,9.36715e+06,3.61194e+06,2.10412e+07,0,0,0,7.64495e+07
72.1818,85.139,2.62793,0.21,0.08,2.71516,3.01756,0,0.554862,4.47552,4.50733e+06,2.70226e+06,1.22381e+07,0,0,0,0,99.3022,98.274,3.2985,0,1,2.05106,1.74866,0,1.73547,3.38688,9.36715e+06,3.61194e+06,1.92126e+07,0,0,0,7.64495e+07
71.4472,85.139,2.33922,0.25,0.08,2.71523,3.01763,0,0.50882,4.47552,4.50733e+06,2.70226e+06,1.22384e+07,0,0,0,0,99.3022,98.274,3.75769,0,1,2.0511,1.7487,0,1.58465,3.38688,9.36715e+06,3.61194e+06,1.9213e+07,0,0,0,7.64495e+07
71.7922,85.139,3.44852,0.3,0.08,2.7153,3.0177,0,0.508834,4.47552,4.50733e+06,2.70226e+06,1.22388e+07,0,0,0,0,99.3022,98.274,4.47944,0,1,2.05114,1.74874,0,1.58468,3.38688,9.36715e+06,3.61194e+06,1.92134e+07,0,0,0,7.64495e+07
70.7716,85.139,2.03484,0.32,0.08,2.71537,3.01777,0,0.508847,4.47552,4.50733e+06,2.70226e+06,1.22391e+07,0,0,0,0,99.3022,98.274,3.54399,0,1,2.05118,1.74878,0,1.58471,3.38688,9.36715e+06,3.61194e+06,1.92137e+07,0,0,0,7.64495e+07
70.3514,85.139,2.69158,0.32,0.08,2.71545,3.01785,0,0.508861,4.47552,4.50733e+06,2.70226e+06,1.22394e+07,0,0,0,0,99.2983,98.274,3.32469,0,1,2.05123,1.74883,0,1.58474,3.38688,9.36715e+06,3.61194e+06,1.92141e+07,0,0,0,7.64495e+07
73.4386,85.139,6.55323,0.33,0.08,2.81006,3.11246,0,0.508875,4.47552,4.50733e+06,2.70226e+06,1.26659e+07,0,0,0,0,99.3022,98.274,6.17864,0,1,2.10781,1.80541,0,1.58478,3.38688,9.36715e+06,3.61194e+06,1.97442e+07,0,0,0,7.64495e+07
77.5509,85.139,7.51447,0.37,0.1,2.81011,3.11251,0,0.526605,4.47552,4.50733e+06,2.70226e+06,1.26661e+07,0,0,0,0,99.3022,98.274,7.81425,0,0,2.10784,1.80544,0,1.6285,3.38688,9.36715e+06,3.61194e+06,1.97445e+07,0,0,0,7.64495e+07
85.139,85.139,17.9744,0.29,0.1,2.81017,3.11257,0,0.526615,4.47552,4.50733e+06,2.70226e+06,1.26664e+07,0,0,0,0,99.3022,98.274,11.1247,0,0,2.10788,1.80548,0,1.62852,3.38688,9.36715e+06,3.61194e+06,1.97448e+07,0,0,0,7.64495e+07
85.139,85.139,8.21616,0.16,0.1,2.81023,3.11263,0,0.526626,4.47552,4.50733e+06,2.70226e+06,1.26666e+07,0,0,0,0,99.3022,98.274,6.1222,0,0,2.10791,1.80551,0,1.62855,3.38688,9.36715e+06,3.61194e+06,1.97451e+07,0,0,0,7.64495e+07
85.139,85.139,8.14217,0.16,0.1,3.11389,3.41629,0,0.526636,4.47552,4.50733e+06,2.70226e+06,1.40353e+07,0,0,0,0,99.3022,98.274,7.15829,0,0,2.32024,2.01784,0,1.62857,3.38688,9.36715e+06,3.61194e+06,2.1734e+07,0,0,0,7.64495e+07
85.139,85.139,17.1677,0.17,0.1,3.11395,3.41635,0,0.583542,4.47552,4.50733e+06,2.70226e+06,1.40356e+07,0,0,0,0,99.3022,98.274,12.3426,0,0,2.32027,2.01787,0,1.79261,3.38688,9.36715e+06,3.61194e+06,2.17344e+07,0,0,0,7.64495e+07
85.139,85.139,7.49122,0.18,0.1,3.11401,3.41641,0,0.583554,4.47552,4.50733e+06,2.70226e+06,1.40359e+07,0,0,0,0,99.3022,98.274,6.14619,0,0,2.32031,2.01791,0,1.79264,3.38688,9.36715e+06,3.61194e+06,2.17347e+07,0,0,0,7.64495e+07
85.139,85.139,5.50469,0.19,0.1,3.11407,3.41647,0,0.583565,4.47552,4.50733e+06,2.70226e+06,1.40362e+07,0,0,0,0,99.3022,98.274,5.28881,0,0,2.32035,2.01795,0,1.79267,3.38688,9.36715e+06,3.61194e+06,2.1735e+07,0,0,0,7.64495e+07
85.139,85.139,6.70238,0.19,0.1,2.68107,2.98347,0,0.583577,4.47552,4.50733e+06,2.70226e+06,1.20845e+07,0,0,0,0,99.3022,98.274,6.68637,0,0,2.03546,1.73306,0,1.7927,3.38688,9.36715e+06,3.61194e+06,1.90665e+07,0,0,0,7.64495e+07
85.139,85.139,7.03505,0.21,0.1,2.68112,2.98352,0,0.502432,4.47552,4.50733e+06,2.70226e+06,1.20847e+07,0,0,0,0,99.3022,98.274,9.31843,0,0,2.03549,1.73309,0,1.5726,3.38688,9.36715e+06,3.61194e+06,1.90668e+07,0,0,0,7.64495e+07
85.139,85.139,7.1022,0.24,0.1,2.68117,2.98357,0,0.502442,4.47552,4.50733e+06,2.70226e+06,1.20849e+07,0,0,0,0,99.3022,98.274,7.98301,0,0,2.03552,1.73312,0,1.57262,3.38688,9.36715e+06,3.61194e+06,1.90671e+07,0,0,0,7.64495e+07
85.139,85.139,12.2366,0.28,0.1,2.68123,2.98363,0,0.502452,4.47552,4.50733e+06,2.70226e+06,1.20852e+07,0,0,0,0,99.3022,98.274,13.2805,0,0,2.03556,1.73316,0,1.57265,3.38688,9.36715e+06,3.61194e+06,1.90674e+07,0,0,0,7.64495e+07
85.139,85.139,10.0793,0.31,0.1,2.68128,2.98368,0,0.502462,4.47552,4.50733e+06,2.70226e+06,1.20854e+07,0,0,0,0,99.3022,98.274,10.7927,0,0,2.03559,1.73319,0,1.57267,3.38688,9.36715e+06,3.61194e+06,1.90677e+07,0,0,0,7.64495e+07
85.139,85.139,9.72704,0.32,0.1,2.79036,3.09276,0,0.502472,4.47552,4.50733e+06,2.70226e+06,1.25771e+07,0,0,0,0,99.3022,98.274,8.84795,0,0,2.10533,1.80293,0,1.57269,3.38688,9.36715e+06,3.61194e+06,1.97209e+07,0,0,0,7.64495e+07
85.139,85.139,7.80987,0.3,0.1,2.79041,3.09281,0,0.522913,4.47552,4.50733e+06,2.70226e+06,1.25773e+07,0,0,0,0,99.3022,98.274,7.9688,0,0,2.10536,1.80296,0,1.62658,3.38688,9.36715e+06,3.61194e+06,1.97212e+07,0,0,0,7.64495e+07
85.139,85.139,7.31085,0.31,0.1,2.79047,3.09287,0,0.522923,4.47552,4.50733e+06,2.70226e+06,1.25776e+07,0,0,0,0,99.3022,98.274,8.72236,0,0,2.10539,1.80299,0,1.6266,3.38688,9.36715e+06,3.61194e+06,1.97215e+07,0,0,0,7.64495e+07
85.139,85.139,7.10181,0.31,0.1,2.79052,3.09292,0,0.522934,4.47552,4.50733e+06,2.70226e+06,1.25778e+07,0,0,0,0,99.3022,98.274,8.10052,0,0,2.10543,1.80303,0,1.62663,3.38688,9.36715e+06,3.61194e+06,1.97218e+07,0,0,0,7.64495e+07
85.139,85.139,5.62488,0.28,0.1,2.74795,3.05035,0,0.522944,4.47552,4.50733e+06,2.70226e+06,1.23859e+07,0,0,0,0,99.3022,98.274,6.27235,0,0,2.07838,1.77598,0,1.62665,3.38688,9.36715e+06,3.61194e+06,1.94685e+07,0,0,0,7.64495e+07
85.139,85.139,4.85355,0.26,0.1,2.74801,3.05041,0,0.514966,4.47552,4.50733e+06,2.70226e+06,1.23862e+07,0,0,0,0,99.3022,98.274,5.14394,0,0,2.07841,1.77601,0,1.60576,3.38688,9.36715e+06,3.61194e+06,1.94688e+07,0,0,0,7.64495e+07
85.139,85.139,4.57164,0.23,0.1,2.74806,3.05046,0,0.514976,4.47552,4.50733e+06,2.70226e+06,1.23864e+07,0,0,0,0,99.3022,98.274,4.3964,0,0,2.07845,1.77605,0,1.60578,3.38688,9.36715e+06,3.61194e+06,1.94691e+07,0,0,0,7.64495e+07
85.139,85.139,4.22733,0.22,0.1,2.74812,3.05052,0,0.514987,4.47552,4.50733e+06,2.70226e+06,1.23867e+07,0,0,0,0,99.3022,98.274,4.06054,0,0,2.07848,1.77608,0,1.60581,3.38688,9.36715e+06,3.61194e+06,1.94694e+07,0,0,0,7.64495e+07
85.139,85.139,4.21385,0.21,0.1,2.89288,3.19528,0,0.514997,4.47552,4.50733e+06,2.70226e+06,1.30392e+07,0,0,0,0,99.3022,98.274,3.87209,0,0,2.17454,1.87214,0,1.60583,3.38688,9.36715e+06,3.61194e+06,2.03692e+07,0,0,0,7.64495e+07
85.139,85.139,4.19151,0.19,0.1,2.89294,3.19534,0,0.542126,4.47552,4.50733e+06,2.70226e+06,1.30394e+07,0,0,0,0,99.2857,98.274,3.5536,0,0,2.17457,1.87217,0,1.68005,3.38688,9.36715e+06,3.61194e+06,2.03695e+07,0,0,0,7.64495e+07
85.139,85.139,4.01545,0.17,0.1,2.893,3.1954,0,0.542137,4.47552,4.50733e+06,2.70226e+06,1.30397e+07,0,0,0,0,99.2598,98.274,3.52935,0,0,2.1746,1.8722,0,1.68007,3.38688,9.36715e+06,3.61194e+06,2.03699e+07,0,0,0,7.64495e+07
85.139,85.139,3.81332,0.16,0.1,2.89306,3.19546,0,0.542148,4.47552,4.50733e+06,2.70226e+06,1.304e+07,0,0,0,0,99.2212,98.274,3.65365,0,0,2.17464,1.87224,0,1.6801,3.38688,9.36715e+06,3.61194e+06,2.03702e+07,0,0,0,7.64495e+07
85.139,85.139,3.81518,0.15,0.1,2.89311,3.19551,0,0.542159,4.47552,4.50733e+06,2.70226e+06,1.30402e+07,0,0,0,0,99.2661,98.274,3.81667,0,0,2.17467,1.87227,0,1.68013,3.38688,9.36715e+06,3.61194e+06,2.03705e+07,0,0,0,7.64495e+07
85.139,85.139,4.26036,0.12,0.1,2.86455,3.16695,0,0.54217,4.47552,4.50733e+06,2.70226e+06,1.29115e+07,0,0,0,0,99.3022,98.274,4.44681,0,0,2.22749,1.92509,0,1.68015,3.38688,9.36715e+06,3.61194e+06,2.08652e+07,0,0,0,7.64495e+07
85.139,85.139,4.05442,0.12,0.1,2.86461,3.16701,0,0.536817,4.47552,4.50733e+06,2.70226e+06,1.29117e+07,0,0,0,0,99.3022,98.274,4.27762,0,0,2.22752,1.92512,0,1.72096,3.38688,9.36715e+06,3.61194e+06,2.08656e+07,0,0,0,7.64495e+07
85.139,85.139,3.84623,0.13,0.1,2.86467,3.16707,0,0.536828,4.47552,4.50733e+06,2.70226e+06,1.2912e+07,0,0,0,0,99.3022,98.274,4.16958,0,0,2.22756,1.92516,0,1.72098,3.38688,9.36715e+06,3.61194e+06,2.08659e+07,0,0,0,7.64495e+07
85.139,85.139,3.60479,0.11,0.1,2.86472,3.16712,0,0.536839,4.47552,4.50733e+06,2.70226e+06,1.29123e+07,0,0,0,0,99.3022,98.274,4.1948,0,0,2.22759,1.92519,0,1.72101,3.38688,9.36715e+06,3.61194e+06,2.08662e+07,0,0,0,7.64495e+07
85.139,85.139,3.37485,0.11,0.1,2.9387,3.2411,0,0.536849,4.47552,4.50733e+06,2.70226e+06,1.32457e+07,0,0,0,0,99.3022,98.274,3.84628,0,0,2.27467,1.97227,0,1.72104,3.38688,9.36715e+06,3.61194e+06,2.13072e+07,0,0,0,7.64495e+07
84.9923,85.139,3.00383,0.11,0.1,2.93876,3.24116,0,0.550712,4.47552,4.50733e+06,2.70226e+06,1.3246e+07,0,0,0,0,99.2496,98.274,3.62457,0,0,2.27471,1.97231,0,1.75741,3.38688,9.36715e+06,3.61194e+06,2.13075e+07,0,0,0,7.64495e+07
84.6098,85.139,2.75742,0.13,0.1,2.93882,3.24122,0,0.550723,4.47552,4.50733e+06,2.70226e+06,1.32462e+07,0,0,0,0,99.1262,98.274,3.17795,0,0,2.27474,1.97234,0,1.75744,3.38688,9.36715e+06,3.61194e+06,2.13079e+07,0,0,0,7.64495e+07
84.3846,85.139,2.89906,0.13,0.1,2.93887,3.24127,0,0.550734,4.47552,4.50733e+06,2.70226e+06,1.32465e+07,0,0,0,0,99.1296,98.274,3.81642,0,0,2.27478,1.97238,0,1.75747,3.38688,9.36715e+06,3.61194e+06,2.13082e+07,0,0,0,7.64495e+07
84.2654,85.139,3.18545,0.11,0.1,3.15541,3.45781,0,0.550745,4.47552,4.50733e+06,2.70226e+06,1.42225e+07,0,0,0,0,99.1399,98.274,3.78718,0,0,2.44463,2.14223,0,1.75749,3.38688,9.36715e+06,3.61194e+06,2.28993e+07,0,0,0,7.64495e+07
84.4985,85.139,3.55403,0.11,0.1,3.15547,3.45787,0,0.591323,4.47552,4.50733e+06,2.70226e+06,1.42228e+07,0,0,0,0,99.1422,98.274,3.6958,0,0,2.44467,2.14227,0,1.88872,3.38688,9.36715e+06,3.61194e+06,2.28996e+07,0,0,0,7.64495e+07
84.1383,85.139,3.01094,0.11,0.1,3.15553,3.45793,0,0.591335,4.47552,4.50733e+06,2.70226e+06,1.4223e+07,0,0,0,0,99.0156,98.274,3.25658,0,0,2.44471,2.14231,0,1.88875,3.38688,9.36715e+06,3.61194e+06,2.29e+07,0,0,0,7.64495e+07
84.0737,85.139,3.26858,0.11,0.1,3.1556,3.458,0,0.591347,4.47552,4.50733e+06,2.70226e+06,1.42233e+07,0,0,0,0,99.2128,98.274,4.26977,0,0,2.44475,2.14235,0,1.88878,3.38688,9.36715e+06,3.61194e+06,2.29003e+07,0,0,0,7.64495e+07
83.8739,85.139,3.13246,0.11,0.1,3.15566,3.45806,0,0.591359,4.47552,4.50733e+06,2.70226e+06,1.42236e+07,0,0,0,0,99.1967,98.274,3.86839,0,0,2.44479,2.14239,0,1.88881,3.38688,9.36715e+06,3.61194e+06,2.29007e+07,0,0,0,7.64495e+07
83.5688,85.139,2.90942,0.1,0.1,3.05021,3.35261,0,0.59137,4.47552,4.50733e+06,2.70226e+06,1.37483e+07,0,0,0,0,99.1143,98.274,3.45111,0,0,2.34175,2.03935,0,1.88884,3.38688,9.36715e+06,3.61194e+06,2.19355e+07,0,0,0,7.64495e+07
83.0157,85.139,2.6594,0.1,0.1,3.05027,3.35267,0,0.571609,4.47552,4.50733e+06,2.70226e+06,1.37486e+07,0,0,0,0,98.9341,98.274,2.913,0,0,2.34178,2.03938,0,1.80923,3.38688,9.36715e+06,3.61194e+06,2.19358e+07,0,0,0,7.64495e+07
83.2785,85.139,3.69301,0.11,0.1,3.05033,3.35273,0,0.571621,4.47552,4.50733e+06,2.70226e+06,1.37489e+07,0,0,0,0,99.3022,98.274,5.7967,0,0,2.34182,2.03942,0,1.80926,3.38688,9.36715e+06,3.61194e+06,2.19362e+07,0,0,0,7.64495e+07
85.139,85.139,7.56093,0.11,0.1,3.05039,3.35279,0,0.571632,4.47552,4.50733e+06,2.70226e+06,1.37491e+07,0,0,0,0,99.3022,98.274,5.78033,0,0,2.34186,2.03946,0,1.80929,3.38688,9.36715e+06,3.61194e+06,2.19365e+07,0,0,0,7.64495e+07
85.139,85.139,4.52972,0.1,0.1,2.96384,3.26624,0,0.571644,4.47552,4.50733e+06,2.70226e+06,1.3359e+07,0,0,0,0,99.3022,98.274,4.59635,0,0,2.24806,1.94566,0,1.80932,3.38688,9.36715e+06,3.61194e+06,2.10579e+07,0,0,0,7.64495e+07
85.139,85.139,5.96941,0.1,0.1,2.9639,3.2663,0,0.555424,4.47552,4.50733e+06,2.70226e+06,1.33593e+07,0,0,0,0,99.3022,98.274,5.69221,0,0,2.24809,1.94569,0,1.73685,3.38688,9.36715e+06,3.61194e+06,2.10582e+07,0,0,0,7.64495e+07
85.139,85.139,4.97702,0.11,0.1,2.96396,3.26636,0,0.555435,4.47552,4.50733e+06,2.70226e+06,1.33595e+07,0,0,0,0,99.3022,98.274,4.97622,0,0,2.24813,1.94573,0,1.73688,3.38688,9.36715e+06,3.61194e+06,2.10586e+07,0,0,0,7.64495e+07
85.139,85.139,4.40215,0.12,0.1,2.96402,3.26642,0,0.555446,4.47552,4.50733e+06,2.70226e+06,1.33598e+07,0,0,0,0,99.3022,98.274,4.1594,0,0,2.24816,1.94576,0,1.7369,3.38688,9.36715e+06,3.61194e+06,2.10589e+07,0,0,0,7.64495e+07
85.139,85.139,4.44571,0.13,0.1,2.71807,3.02047,0,0.555457,4.47552,4.50733e+06,2.70226e+06,1.22513e+07,0,0,0,0,99.3022,98.274,4.35352,0,0,2.05275,1.75035,0,1.73693,3.38688,9.36715e+06,3.61194e+06,1.92284e+07,0,0,0,7.64495e+07
85.139,85.139,4.24262,0.13,0.1,2.71813,3.02053,0,0.509367,4.47552,4.50733e+06,2.70226e+06,1.22515e+07,0,0,0,0,99.3022,98.274,4.14214,0,0,2.05278,1.75038,0,1.58595,3.38688,9.36715e+06,3.61194e+06,1.92287e+07,0,0,0,7.64495e+07
85.139,85.139,5.9958,0.15,0.1,2.71818,3.02058,0,0.509377,4.47552,4.50733e+06,2.70226e+06,1.22518e+07,0,0,0,0,99.3022,98.274,4.46302,0,0,2.05281,1.75041,0,1.58598,3.38688,9.36715e+06,3.61194e+06,1.9229e+07,0,0,0,7.64495e+07
85.139,85.139,5.50267,0.15,0.1,2.71824,3.02064,0,0.509388,4.47552,4.50733e+06,2.70226e+06,1.2252e+07,0,0,0,0,99.3022,98.274,4.30699,0,0,2.05284,1.75044,0,1.586,3.38688,9.36715e+06,3.61194e+06,1.92293e+07,0,0,0,7.64495e+07
85.139,85.139,6.98111,0.16,0.1,2.71829,3.02069,0,0.509398,4.47552,4.50733e+06,2.70226e+06,1.22523e+07,0,0,0,0,99.3022,98.274,4.6991,0,0,2.05288,1.75048,0,1.58603,3.38688,9.36715e+06,3.61194e+06,1.92296e+07,0,0,0,7.64495e+07
83.9854,85.139,2.07974,0.16,0.1,2.81298,3.11538,0,0.509408,4.47552,4.50733e+06,2.70226e+06,1.2679e+07,0,0,0,0,99.3022,98.274,3.9483,0,0,2.10951,1.80711,0,1.58605,3.38688,9.36715e+06,3.61194e+06,1.97601e+07,0,0,0,7.64495e+07
83.9598,85.139,3.3843,0.21,0.12,2.81301,3.11541,0,0.527152,4.47552,4.50733e+06,2.70226e+06,1.26792e+07,0,0,0,0,99.3022,98.274,4.82431,0,0,2.10953,1.80713,0,1.6298,3.38688,9.36715e+06,3.61194e+06,1.97603e+07,0,0,0,7.64495e+07
83.503,85.139,2.86518,0.22,0.12,2.81305,3.11545,0,0.527159,4.47552,4.50733e+06,2.70226e+06,1.26794e+07,0,0,0,0,99.3022,98.274,6.11178,0,0,2.10955,1.80715,0,1.62982,3.38688,9.36715e+06,3.61194e+06,1.97605e+07,0,0,0,7.64495e+07
84.7278,85.139,4.77839,0.25,0.12,2.81309,3.11549,0,0.527166,4.47552,4.50733e+06,2.70226e+06,1.26795e+07,0,0,0,0,99.3022,98.274,9.1738,0,0,2.10957,1.80717,0,1.62984,3.38688,9.36715e+06,3.61194e+06,1.97607e+07,0,0,0,7.64495e+07
85.139,85.139,6.24902,0.29,0.12,3.11701,3.41941,0,0.527173,4.47552,4.50733e+06,2.70226e+06,1.40494e+07,0,0,0,0,99.3022,98.274,10.5493,0,0,2.32208,2.01968,0,1.62986,3.38688,9.36715e+06,3.61194e+06,2.17513e+07,0,0,0,7.64495e+07
85.139,85.139,4.33084,0.2,0.12,3.11705,3.41945,0,0.584128,4.47552,4.50733e+06,2.70226e+06,1.40496e+07,0,0,0,0,99.3022,98.274,10.0545,0,0,2.32211,2.01971,0,1.79404,3.38688,9.36715e+06,3.61194e+06,2.17515e+07,0,0,0,7.64495e+07
84.6491,85.139,3.14596,0.2,0.12,3.11709,3.41949,0,0.584136,4.47552,4.50733e+06,2.70226e+06,1.40498e+07,0,0,0,0,99.3022,98.274,5.50326,0,0,2.32213,2.01973,0,1.79406,3.38688,9.36715e+06,3.61194e+06,2.17518e+07,0,0,0,7.64495e+07
83.703,85.139,2.60113,0.28,0.12,3.11714,3.41954,0,0.584144,4.47552,4.50733e+06,2.70226e+06,1.405e+07,0,0,0,0,99.3022,98.274,4.56091,0,0,2.32216,2.01976,0,1.79408,3.38688,9.36715e+06,3.61194e+06,2.1752e+07,0,0,0,7.64495e+07
84.8267,85.139,4.60368,0.3,0.12,2.68373,2.98613,0,0.584151,4.47552,4.50733e+06,2.70226e+06,1.20964e+07,0,0,0,0,99.3022,98.274,8.20993,0,0,2.03701,1.73461,0,1.7941,3.38688,9.36715e+06,3.61194e+06,1.9081e+07,0,0,0,7.64495e+07
85.139,85.139,6.34724,0.37,0.12,2.68376,2.98616,0,0.50293,4.47552,4.50733e+06,2.70226e+06,1.20966e+07,0,0,0,0,99.3022,98.274,10.9474,0,0,2.03703,1.73463,0,1.57379,3.38688,9.36715e+06,3.61194e+06,1.90812e+07,0,0,0,7.64495e+07
85.139,85.139,9.08142,0.25,0.12,2.6838,2.9862,0,0.502937,4.47552,4.50733e+06,2.70226e+06,1.20968e+07,0,0,0,0,99.3022,98.274,15.3763,0,0,2.03705,1.73465,0,1.57381,3.38688,9.36715e+06,3.61194e+06,1.90814e+07,0,0,0,7.64495e+07
85.139,85.139,6.49893,0.3,0.12,2.68384,2.98624,0,0.502944,4.47552,4.50733e+06,2.70226e+06,1.20969e+07,0,0,0,0,99.3022,98.274,18.1238,0,0,2.03707,1.73467,0,1.57382,3.38688,9.36715e+06,3.61194e+06,1.90816e+07,0,0,0,7.64495e+07
85.139,85.139,5.2166,0.32,0.12,2.68387,2.98627,0,0.502951,4.47552,4.50733e+06,2.70226e+06,1.20971e+07,0,0,0,0,99.3022,98.274,13.9533,0,0,2.03709,1.73469,0,1.57384,3.38688,9.36715e+06,3.61194e+06,1.90818e+07,0,0,0,7.64495e+07
85.139,85.139,4.20819,0.33,0.12,2.79302,3.09542,0,0.502958,4.47552,4.50733e+06,2.70226e+06,1.25891e+07,0,0,0,0,99.3022,98.274,10.783,0,0,2.10688,1.80448,0,1.57386,3.38688,9.36715e+06,3.61194e+06,1.97355e+07,0,0,0,7.64495e+07
85.139,85.139,4.45167,0.32,0.12,2.79306,3.09546,0,0.523412,4.47552,4.50733e+06,2.70226e+06,1.25893e+07,0,0,0,0,99.3022,98.274,10.0382,0,0,2.1069,1.8045,0,1.62778,3.38688,9.36715e+06,3.61194e+06,1.97357e+07,0,0,0,7.64495e+07
85.139,85.139,4.50679,0.31,0.12,2.7931,3.0955,0,0.52342,4.47552,4.50733e+06,2.70226e+06,1.25894e+07,0,0,0,0,99.3022,98.274,10.6376,0,0,2.10693,1.80453,0,1.62779,3.38688,9.36715e+06,3.61194e+06,1.97359e+07,0,0,0,7.64495e+07
85.139,85.139,5.64479,0.31,0.12,2.79314,3.09554,0,0.523427,4.47552,4.50733e+06,2.70226e+06,1.25896e+07,0,0,0,0,99.3022,98.274,12.8946,0,0,2.10695,1.80455,0,1.62781,3.38688,9.36715e+06,3.61194e+06,1.97361e+07,0,0,0,7.64495e+07
85.139,85.139,3.38694,0.29,0.12,2.75051,3.05291,0,0.523434,4.47552,4.50733e+06,2.70226e+06,1.23975e+07,0,0,0,0,99.3022,98.274,6.06371,0,0,2.07987,1.77747,0,1.62783,3.38688,9.36715e+06,3.61194e+06,1.94825e+07,0,0,0,7.64495e+07
84.8074,85.139,2.90885,0.26,0.12,2.75055,3.05295,0,0.515446,4.47552,4.50733e+06,2.70226e+06,1.23976e+07,0,0,0,0,99.3022,98.274,4.60349,0,0,2.07989,1.77749,0,1.60691,3.38688,9.36715e+06,3.61194e+06,1.94827e+07,0,0,0,7.64495e+07
84.9415,85.139,3.38473,0.34,0.12,2.75059,3.05299,0,0.515453,4.47552,4.50733e+06,2.70226e+06,1.23978e+07,0,0,0,0,99.3022,98.274,4.71683,0,0,2.07992,1.77752,0,1.60693,3.38688,9.36715e+06,3.61194e+06,1.94829e+07,0,0,0,7.64495e+07
84.505,85.139,2.69746,0.32,0.12,2.75062,3.05302,0,0.51546,4.47552,4.50733e+06,2.70226e+06,1.2398e+07,0,0,0,0,99.3022,98.274,4.50311,0,0,2.07994,1.77754,0,1.60694,3.38688,9.36715e+06,3.61194e+06,1.94831e+07,0,0,0,7.64495e+07
84.0079,85.139,2.70516,0.29,0.12,2.89549,3.19789,0,0.515467,4.47552,4.50733e+06,2.70226e+06,1.30509e+07,0,0,0,0,99.3022,98.274,4.2838,0,0,2.17606,1.87366,0,1.60696,3.38688,9.36715e+06,3.61194e+06,2.03835e+07,0,0,0,7.64495e+07
83.4203,85.139,2.62814,0.25,0.12,2.89553,3.19793,0,0.542615,4.47552,4.50733e+06,2.70226e+06,1.30511e+07,0,0,0,0,99.3022,98.274,4.22005,0,0,2.17609,1.87369,0,1.68123,3.38688,9.36715e+06,3.61194e+06,2.03837e+07,0,0,0,7.64495e+07
82.649,85.139,2.37965,0.23,0.12,2.89557,3.19797,0,0.542622,4.47552,4.50733e+06,2.70226e+06,1.30513e+07,0,0,0,0,99.3022,98.274,4.22622,0,0,2.17611,1.87371,0,1.68124,3.38688,9.36715e+06,3.61194e+06,2.0384e+07,0,0,0,7.64495e+07
81.7373,85.139,2.2366,0.22,0.12,2.89561,3.19801,0,0.542629,4.47552,4.50733e+06,2.70226e+06,1.30515e+07,0,0,0,0,99.2893,98.274,3.26571,0,0,2.17613,1.87373,0,1.68126,3.38688,9.36715e+06,3.61194e+06,2.03842e+07,0,0,0,7.64495e+07
80.6262,85.139,2.00144,0.21,0.12,2.89565,3.19805,0,0.542637,4.47552,4.50733e+06,2.70226e+06,1.30516e+07,0,0,0,0,99.1792,98.274,3.02842,0,0,2.17616,1.87376,0,1.68128,3.38688,9.36715e+06,3.61194e+06,2.03844e+07,0,0,0,7.64495e+07
79.4589,85.139,1.8323,0.19,0.12,2.86704,3.16944,0,0.542644,4.47552,4.50733e+06,2.70226e+06,1.29227e+07,0,0,0,0,98.9958,98.274,2.51771,0,0,2.229,1.9266,0,1.6813,3.38688,9.36715e+06,3.61194e+06,2.08794e+07,0,0,0,7.64495e+07
78.1599,85.139,1.69105,0.22,0.12,2.86708,3.16948,0,0.537284,4.47552,4.50733e+06,2.70226e+06,1.29229e+07,0,0,0,0,98.792,98.274,2.49966,0,0,2.22903,1.92663,0,1.72213,3.38688,9.36715e+06,3.61194e+06,2.08796e+07,0,0,0,7.64495e+07
76.7277,85.139,1.54466,0.2,0.12,2.86712,3.16952,0,0.537291,4.47552,4.50733e+06,2.70226e+06,1.29231e+07,0,0,0,0,98.543,98.274,2.23217,0,0,2.22905,1.92665,0,1.72215,3.38688,9.36715e+06,3.61194e+06,2.08799e+07,0,0,0,7.64495e+07
75.203,85.139,1.41692,0.19,0.12,2.86716,3.16956,0,0.537298,4.47552,4.50733e+06,2.70226e+06,1.29232e+07,0,0,0,0,98.1657,98.274,2.18699,0,0,2.22907,1.92667,0,1.72216,3.38688,9.36715e+06,3.61194e+06,2.08801e+07,0,0,0,7.64495e+07
73.6021,85.139,1.3723,0.19,0.12,2.94117,3.24357,0,0.537306,4.47552,4.50733e+06,2.70226e+06,1.32568e+07,0,0,0,0,97.5136,98.274,1.94415,0,0,2.27618,1.97378,0,1.72218,3.38688,9.36715e+06,3.61194e+06,2.13213e+07,0,0,0,7.64495e+07
71.8427,85.139,1.20214,0.24,0.12,2.94121,3.24361,0,0.551175,4.47552,4.50733e+06,2.70226e+06,1.3257e+07,0,0,0,0,96.7783,98.274,1.75021,0,0,2.2762,1.9738,0,1.75857,3.38688,9.36715e+06,3.61194e+06,2.13215e+07,0,0,0,7.64495e+07
70.0142,85.139,1.11026,0.25,0.12,2.94125,3.24365,0,0.551183,4.47552,4.50733e+06,2.70226e+06,1.32572e+07,0,0,0,0,96.0677,98.274,1.69238,0,0,2.27623,1.97383,0,1.75859,3.38688,9.36715e+06,3.61194e+06,2.13218e+07,0,0,0,7.64495e+07
68.0179,85.139,0.915243,0.22,0.12,2.94129,3.24369,0,0.55119,4.47552,4.50733e+06,2.70226e+06,1.32574e+07,0,0,0,0,95.2626,98.274,1.68358,0,0,2.27625,1.97385,0,1.75861,3.38688,9.36715e+06,3.61194e+06,2.1322e+07,0,0,0,7.64495e+07
65.8012,85.139,0.856168,0.27,0.12,3.15797,3.46037,0,0.551198,4.47552,4.50733e+06,2.70226e+06,1.4234e+07,0,0,0,0,94.4102,98.274,1.5153,0,0,2.44622,2.14382,0,1.75863,3.38688,9.36715e+06,3.61194e+06,2.29141e+07,0,0,0,7.64495e+07
63.7745,85.139,1.03065,0.24,0.12,3.15801,3.46041,0,0.591803,4.47552,4.50733e+06,2.70226e+06,1.42342e+07,0,0,0,0,93.3755,98.274,1.53017,0,0,2.44624,2.14384,0,1.88995,3.38688,9.36715e+06,3.61194e+06,2.29143e+07,0,0,0,7.64495e+07
61.5766,85.139,0.847737,0.24,0.12,3.15805,3.46045,0,0.591811,4.47552,4.50733e+06,2.70226e+06,1.42344e+07,0,0,0,0,92.6657,98.274,1.22473,0,0,2.44627,2.14387,0,1.88997,3.38688,9.36715e+06,3.61194e+06,2.29146e+07,0,0,0,7.64495e+07
59.5478,85.139,0.982652,0.27,0.12,3.15809,3.46049,0,0.591819,4.47552,4.50733e+06,2.70226e+06,1.42346e+07,0,0,0,0,91.8875,98.274,1.83169,0,0,2.4463,2.1439,0,1.88999,3.38688,9.36715e+06,3.61194e+06,2.29148e+07,0,0,0,7.64495e+07
57.3881,85.139,0.825336,0.27,0.12,3.15814,3.46054,0,0.591827,4.47552,4.50733e+06,2.70226e+06,1.42348e+07,0,0,0,0,91.3176,98.274,1.45654,0,0,2.44632,2.14392,0,1.89001,3.38688,9.36715e+06,3.61194e+06,2.29151e+07,0,0,0,7.64495e+07
55.7578,85.139,1.33533,0.26,0.12,3.05259,3.35499,0,0.591835,4.47552,4.50733e+06,2.70226e+06,1.3759e+07,0,0,0,0,91.1836,98.274,3.0464,0,0,2.34319,2.04079,0,1.89003,3.38688,9.36715e+06,3.61194e+06,2.19491e+07,0,0,0,7.64495e+07
54.847,85.139,2.04225,0.32,0.12,3.05263,3.35503,0,0.572056,4.47552,4.50733e+06,2.70226e+06,1.37592e+07,0,0,0,0,91.1138,98.274,2.79878,0,0,2.34322,2.04082,0,1.81035,3.38688,9.36715e+06,3.61194e+06,2.19493e+07,0,0,0,7.64495e+07
53.5279,85.139,1.63563,0.32,0.12,3.05268,3.35508,0,0.572064,4.47552,4.50733e+06,2.70226e+06,1.37594e+07,0,0,0,0,91.0415,98.274,2.86912,0,0,2.34324,2.04084,0,1.81037,3.38688,9.36715e+06,3.61194e+06,2.19495e+07,0,0,0,7.64495e+07
51.7781,85.139,1.17434,0.34,0.12,3.05272,3.35512,0,0.572071,4.47552,4.50733e+06,2.70226e+06,1.37596e+07,0,0,0,0,90.7343,98.274,2.23582,0,0,2.34327,2.04087,0,1.81039,3.38688,9.36715e+06,3.61194e+06,2.19498e+07,0,0,0,7.64495e+07
50.3729,85.139,1.46072,0.36,0.12,2.96609,3.26849,0,0.572079,4.47552,4.50733e+06,2.70226e+06,1.33691e+07,0,0,0,0,90.4546,98.274,2.30553,0,0,2.24939,1.94699,0,1.81041,3.38688,9.36715e+06,3.61194e+06,2.10704e+07,0,0,0,7.64495e+07
49.7884,85.139,2.02285,0.43,0.12,2.59502,3.26853,0,0.555845,4.47552,4.50733e+06,3.70142e+06,1.16966e+07,0,0,0,0,90.3134,98.274,2.33841,0,0,2.02836,1.94702,0,1.73788,3.38688,9.36715e+06,4.94745e+06,1.89999e+07,0,0,0,7.64495e+07
51.104,85.139,3.96618,0.44,0.12,2.59506,3.26857,0,0.486307,4.47552,4.50733e+06,3.70142e+06,1.16968e+07,0,0,0,0,90.7153,98.274,3.97871,0,0,2.02838,1.94704,0,1.56711,3.38688,9.36715e+06,4.94745e+06,1.90001e+07,0,0,0,7.64495e+07
51.4384,85.139,2.95691,0.41,0.12,2.59509,3.26861,0,0.486314,4.47552,4.50733e+06,3.70142e+06,1.16969e+07,0,0,0,0,91.1755,98.274,4.16377,0,0,2.0284,1.94707,0,1.56712,3.38688,9.36715e+06,4.94745e+06,1.90003e+07,0,0,0,7.64495e+07
52.2083,85.139,3.28591,0.41,0.12,2.37691,3.02248,0,0.48632,4.47552,4.50733e+06,3.70142e+06,1.07135e+07,0,0,0,0,91.8814,98.274,4.17749,0,0,1.85505,1.75151,0,1.56714,3.38688,9.36715e+06,4.94745e+06,1.73765e+07,0,0,0,7.64495e+07
56.3431,85.139,6.85074,0.44,0.12,2.37694,3.02252,0,0.445433,4.47552,4.50733e+06,3.70142e+06,1.07137e+07,0,0,0,0,94.0721,98.274,7.36771,0,0,1.85507,1.75153,0,1.43321,3.38688,9.36715e+06,4.94745e+06,1.73767e+07,0,0,0,7.64495e+07
60.6222,85.139,6.93252,0.5,0.12,2.37698,3.02256,0,0.445439,4.47552,4.50733e+06,3.70142e+06,1.07138e+07,0,0,0,0,96.0255,98.274,7.59473,0,0,1.85508,1.75155,0,1.43322,3.38688,9.36715e+06,4.94745e+06,1.73769e+07,0,0,0,7.64495e+07
62.6982,85.139,4.83569,0.49,0.12,2.37701,3.02259,0,0.445446,4.47552,4.50733e+06,3.70142e+06,1.0714e+07,0,0,0,0,96.3877,98.274,4.05462,0,0,1.8551,1.75158,0,1.43324,3.38688,9.36715e+06,4.94745e+06,1.7377e+07,0,0,0,7.64495e+07
64.8207,85.139,4.98602,0.46,0.12,2.37704,3.02263,0,0.445452,4.47552,4.50733e+06,3.70142e+06,1.07141e+07,0,0,0,0,96.7077,98.274,4.1169,0,0,1.85512,1.7516,0,1.43325,3.38688,9.36715e+06,4.94745e+06,1.73772e+07,0,0,0,7.64495e+07
69.5905,85.139,7.81945,0.47,0.12,2.37704,3.02263,0,0.445458,4.47552,4.50733e+06,3.70142e+06,1.07141e+07,0,0,0,0,98.1368,98.274,7.66042,0,0,1.85512,1.7516,0,1.43327,3.38688,9.36715e+06,4.94745e+06,1.73772e+07,0,0,0,7.64495e+07
73.6899,85.139,7.30376,0.41,0.12,2.46101,3.11735,0,0.445458,4.47552,4.50733e+06,3.70142e+06,1.10926e+07,0,0,0,0,99.3022,98.274,8.61372,0,0,1.90535,1.80825,0,1.43327,3.38688,9.36715e+06,4.94745e+06,1.78477e+07,0,0,0,7.64495e+07
78.3141,85.139,7.8887,0.43,0.12,2.46103,3.11737,0,0.461194,4.47552,4.50733e+06,3.70142e+06,1.10927e+07,0,0,0,0,99.3022,98.274,6.69386,0,0,1.90536,1.80826,0,1.47207,3.38688,9.36715e+06,4.94745e+06,1.78478e+07,0,0,0,7.64495e+07
81.2399,85.139,6.4461,0.34,0.12,2.81499,3.11739,0,0.461197,4.47552,4.50733e+06,2.70226e+06,1.26881e+07,0,0,0,0,99.3022,98.274,4.99551,0,0,2.11068,1.80828,0,1.47208,3.38688,9.36715e+06,3.61194e+06,1.9771e+07,0,0,0,7.64495e+07
84.0383,85.139,6.43336,0.26,0.12,2.81502,3.11742,0,0.52753,4.47552,4.50733e+06,2.70226e+06,1.26882e+07,0,0,0,0,99.3022,98.274,6.69739,0,0,2.11069,1.80829,0,1.63071,3.38688,9.36715e+06,3.61194e+06,1.97711e+07,0,0,0,7.64495e+07
85.139,85.139,8.47516,0.28,0.12,3.1191,3.4215,0,0.527534,4.47552,4.50733e+06,2.70226e+06,1.40588e+07,0,0,0,0,99.3022,98.274,10.8338,0,0,2.32332,2.02092,0,1.63072,3.38688,9.36715e+06,3.61194e+06,2.17629e+07,0,0,0,7.64495e+07
85.139,85.139,8.33313,0.18,0.12,3.11913,3.42153,0,0.58452,4.47552,4.50733e+06,2.70226e+06,1.40589e+07,0,0,0,0,99.3022,98.274,12.3362,0,0,2.32333,2.02093,0,1.795,3.38688,9.36715e+06,3.61194e+06,2.1763e+07,0,0,0,7.64495e+07
85.139,85.139,7.19521,0.2,0.12,3.11915,3.42155,0,0.584524,4.47552,4.50733e+06,2.70226e+06,1.4059e+07,0,0,0,0,99.3022,98.274,10.1988,0,0,2.32334,2.02094,0,1.79501,3.38688,9.36715e+06,3.61194e+06,2.17631e+07,0,0,0,7.64495e+07
85.139,85.139,7.60656,0.2,0.12,3.11917,3.42157,0,0.584528,4.47552,4.50733e+06,2.70226e+06,1.40591e+07,0,0,0,0,99.3022,98.274,10.2483,0,0,2.32336,2.02096,0,1.79502,3.38688,9.36715e+06,3.61194e+06,2.17633e+07,0,0,0,7.64495e+07
85.139,85.139,5.80371,0.24,0.12,2.68548,2.98788,0,0.584533,4.47552,4.50733e+06,2.70226e+06,1.21044e+07,0,0,0,0,99.3022,98.274,7.89212,0,0,2.03803,1.73563,0,1.79503,3.38688,9.36715e+06,3.61194e+06,1.90905e+07,0,0,0,7.64495e+07
85.139,85.139,8.27741,0.25,0.12,2.6855,2.9879,0,0.50326,4.47552,4.50733e+06,2.70226e+06,1.21045e+07,0,0,0,0,99.3022,98.274,13.5969,0,0,2.03804,1.73564,0,1.57458,3.38688,9.36715e+06,3.61194e+06,1.90906e+07,0,0,0,7.64495e+07
85.139,85.139,10.0214,0.29,0.12,2.68552,2.98792,0,0.503264,4.47552,4.50733e+06,2.70226e+06,1.21045e+07,0,0,0,0,99.3022,98.274,15.8499,0,0,2.03805,1.73565,0,1.57459,3.38688,9.36715e+06,3.61194e+06,1.90907e+07,0,0,0,7.64495e+07
85.139,85.139,6.40679,0.31,0.12,2.68554,2.98794,0,0.503267,4.47552,4.50733e+06,2.70226e+06,1.21046e+07,0,0,0,0,99.3022,98.274,6.76611,0,0,2.03806,1.73566,0,1.5746,3.38688,9.36715e+06,3.61194e+06,1.90908e+07,0,0,0,7.64495e+07
85.139,85.139,4.77547,0.33,0.12,2.68556,2.98796,0,0.503271,4.47552,4.50733e+06,2.70226e+06,1.21047e+07,0,0,0,0,99.3022,98.274,8.31288,0,0,2.03807,1.73567,0,1.57461,3.38688,9.36715e+06,3.61194e+06,1.9091e+07,0,0,0,7.64495e+07
85.139,85.139,3.68668,0.32,0.12,2.79476,3.09716,0,0.503275,4.47552,4.50733e+06,2.70226e+06,1.25969e+07,0,0,0,0,99.3022,98.274,6.69228,0,0,2.10789,1.80549,0,1.57462,3.38688,9.36715e+06,3.61194e+06,1.9745e+07,0,0,0,7.64495e+07
85.139,85.139,3.41928,0.31,0.12,2.79478,3.09718,0,0.523738,4.47552,4.50733e+06,2.70226e+06,1.2597e+07,0,0,0,0,99.3022,98.274,6.65572,0,0,2.10791,1.80551,0,1.62856,3.38688,9.36715e+06,3.61194e+06,1.97451e+07,0,0,0,7.64495e+07
85.139,85.139,3.64477,0.32,0.12,2.7948,3.0972,0,0.523741,4.47552,4.50733e+06,2.70226e+06,1.25971e+07,0,0,0,0,99.3022,98.274,7.49586,0,0,2.10792,1.80552,0,1.62857,3.38688,9.36715e+06,3.61194e+06,1.97452e+07,0,0,0,7.64495e+07
84.6671,85.139,2.80462,0.3,0.12,2.79482,3.09722,0,0.523745,4.47552,4.50733e+06,2.70226e+06,1.25972e+07,0,0,0,0,99.3022,98.274,5.40243,0,0,2.10793,1.80553,0,1.62858,3.38688,9.36715e+06,3.61194e+06,1.97453e+07,0,0,0,7.64495e+07
84.1461,85.139,2.60833,0.39,0.12,2.68279,3.05455,0,0.523749,4.47552,4.50733e+06,3.08451e+06,1.20922e+07,0,0,0,0,99.3022,98.274,5.73084,0,0,2.04044,1.77843,0,1.62859,3.38688,9.36715e+06,4.12287e+06,1.91131e+07,0,0,0,7.64495e+07
84.483,85.139,3.56959,0.36,0.12,2.75217,3.05457,0,0.502755,4.47552,4.50733e+06,2.70226e+06,1.2405e+07,0,0,0,0,99.3022,98.274,6.34036,0,0,2.08084,1.77844,0,1.57645,3.38688,9.36715e+06,3.61194e+06,1.94915e+07,0,0,0,7.64495e+07
83.6586,85.139,2.29992,0.33,0.12,2.75219,3.05459,0,0.515757,4.47552,4.50733e+06,2.70226e+06,1.2405e+07,0,0,0,0,99.3022,98.274,5.30052,0,0,2.08085,1.77845,0,1.60766,3.38688,9.36715e+06,3.61194e+06,1.94917e+07,0,0,0,7.64495e+07
82.6516,85.139,2.09576,0.3,0.12,2.75221,3.05461,0,0.515761,4.47552,4.50733e+06,2.70226e+06,1.24051e+07,0,0,0,0,99.3022,98.274,4.75734,0,0,2.08086,1.77846,0,1.60767,3.38688,9.36715e+06,3.61194e+06,1.94918e+07,0,0,0,7.64495e+07
81.7915,85.139,2.3856,0.26,0.12,2.89713,3.19953,0,0.515765,4.47552,4.50733e+06,2.70226e+06,1.30583e+07,0,0,0,0,99.3022,98.274,4.76783,0,0,2.17703,1.87463,0,1.60767,3.38688,9.36715e+06,3.61194e+06,2.03926e+07,0,0,0,7.64495e+07
80.7147,85.139,2.08822,0.24,0.12,2.89716,3.19956,0,0.542923,4.47552,4.50733e+06,2.70226e+06,1.30584e+07,0,0,0,0,99.3022,98.274,4.36871,0,0,2.17704,1.87464,0,1.68197,3.38688,9.36715e+06,3.61194e+06,2.03927e+07,0,0,0,7.64495e+07
79.5709,85.139,1.99513,0.22,0.12,2.89718,3.19958,0,0.542927,4.47552,4.50733e+06,2.70226e+06,1.30585e+07,0,0,0,0,99.3022,98.274,4.43111,0,0,2.17705,1.87465,0,1.68198,3.38688,9.36715e+06,3.61194e+06,2.03928e+07,0,0,0,7.64495e+07
78.3538,85.139,1.90323,0.21,0.12,2.8972,3.1996,0,0.542931,4.47552,4.50733e+06,2.70226e+06,1.30586e+07,0,0,0,0,99.3022,98.274,4.30094,0,0,2.17707,1.87467,0,1.68199,3.38688,9.36715e+06,3.61194e+06,2.03929e+07,0,0,0,7.64495e+07
78.6389,85.139,3.38186,0.25,0.12,2.89722,3.19962,0,0.542935,4.47552,4.50733e+06,2.70226e+06,1.30587e+07,0,0,0,0,99.3022,98.274,5.1573,0,0,2.17708,1.87468,0,1.682,3.38688,9.36715e+06,3.61194e+06,2.0393e+07,0,0,0,7.64495e+07
78.7574,85.139,3.19187,0.22,0.12,2.86858,3.17098,0,0.542939,4.47552,4.50733e+06,2.70226e+06,1.29297e+07,0,0,0,0,99.3022,98.274,4.88472,0,0,2.22994,1.92754,0,1.68201,3.38688,9.36715e+06,3.61194e+06,2.08882e+07,0,0,0,7.64495e+07
78.6074,85.139,2.92274,0.2,0.12,2.8686,3.171,0,0.537572,4.47552,4.50733e+06,2.70226e+06,1.29298e+07,0,0,0,0,99.3022,98.274,4.85661,0,0,2.22995,1.92755,0,1.72285,3.38688,9.36715e+06,3.61194e+06,2.08883e+07,0,0,0,7.64495e+07
78.1991,85.139,2.64307,0.19,0.12,2.86862,3.17102,0,0.537576,4.47552,4.50733e+06,2.70226e+06,1.29298e+07,0,0,0,0,99.3022,98.274,4.36105,0,0,2.22996,1.92756,0,1.72286,3.38688,9.36715e+06,3.61194e+06,2.08884e+07,0,0,0,7.64495e+07
78.0725,85.139,2.92103,0.19,0.12,2.86865,3.17105,0,0.53758,4.47552,4.50733e+06,2.70226e+06,1.29299e+07,0,0,0,0,99.3022,98.274,4.79821,0,0,2.22998,1.92758,0,1.72287,3.38688,9.36715e+06,3.61194e+06,2.08885e+07,0,0,0,7.64495e+07
77.8973,85.139,2.92986,0.16,0.12,2.94267,3.24507,0,0.537584,4.47552,4.50733e+06,2.70226e+06,1.32636e+07,0,0,0,0,99.3022,98.274,4.8367,0,0,2.27709,1.97469,0,1.72288,3.38688,9.36715e+06,3.61194e+06,2.13299e+07,0,0,0,7.64495e+07
77.5477,85.139,2.73513,0.17,0.12,2.94269,3.24509,0,0.551457,4.47552,4.50733e+06,2.70226e+06,1.32637e+07,0,0,0,0,99.3022,98.274,4.55634,0,0,2.2771,1.9747,0,1.75928,3.38688,9.36715e+06,3.61194e+06,2.133e+07,0,0,0,7.64495e+07
76.9911,85.139,2.51027,0.17,0.12,2.94272,3.24512,0,0.551461,4.47552,4.50733e+06,2.70226e+06,1.32638e+07,0,0,0,0,99.3022,98.274,4.28868,0,0,2.27712,1.97472,0,1.75929,3.38688,9.36715e+06,3.61194e+06,2.13301e+07,0,0,0,7.64495e+07
76.8353,85.139,2.89846,0.16,0.12,2.94274,3.24514,0,0.551465,4.47552,4.50733e+06,2.70226e+06,1.32639e+07,0,0,0,0,99.3022,98.274,5.36898,0,0,2.27713,1.97473,0,1.7593,3.38688,9.36715e+06,3.61194e+06,2.13302e+07,0,0,0,7.64495e+07
75.8343,85.139,2.18595,0.16,0.12,3.15949,3.46189,0,0.551469,4.47552,4.50733e+06,2.70226e+06,1.42409e+07,0,0,0,0,99.1501,98.274,3.01476,0,0,2.44716,2.14476,0,1.75931,3.38688,9.36715e+06,3.61194e+06,2.29229e+07,0,0,0,7.64495e+07
75.0414,85.139,2.42281,0.16,0.12,3.15951,3.46191,0,0.592088,4.47552,4.50733e+06,2.70226e+06,1.4241e+07,0,0,0,0,99.1942,98.274,3.67236,0,0,2.44717,2.14477,0,1.89068,3.38688,9.36715e+06,3.61194e+06,2.29231e+07,0,0,0,7.64495e+07
73.8102,85.139,1.97463,0.16,0.12,3.15953,3.46193,0,0.592092,4.47552,4.50733e+06,2.70226e+06,1.42411e+07,0,0,0,0,98.9532,98.274,2.63172,0,0,2.44719,2.14479,0,1.89069,3.38688,9.36715e+06,3.61194e+06,2.29232e+07,0,0,0,7.64495e+07
73.0342,85.139,2.40646,0.16,0.12,3.15956,3.46196,0,0.592097,4.47552,4.50733e+06,2.70226e+06,1.42412e+07,0,0,0,0,99.241,98.274,4.70874,0,0,2.4472,2.1448,0,1.8907,3.38688,9.36715e+06,3.61194e+06,2.29233e+07,0,0,0,7.64495e+07
71.9942,85.139,2.12084,0.21,0.12,3.15958,3.46198,0,0.592101,4.47552,4.50733e+06,2.70226e+06,1.42413e+07,0,0,0,0,99.2683,98.274,3.2523,0,0,2.44722,2.14482,0,1.89071,3.38688,9.36715e+06,3.61194e+06,2.29235e+07,0,0,0,7.64495e+07
71.3122,85.139,2.41394,0.21,0.12,3.05397,3.35637,0,0.592105,4.47552,4.50733e+06,2.70226e+06,1.37653e+07,0,0,0,0,99.3022,98.274,2.96394,0,0,2.34403,2.04163,0,1.89072,3.38688,9.36715e+06,3.61194e+06,2.19569e+07,0,0,0,7.64495e+07
71.901,85.139,3.76655,0.19,0.12,3.054,3.3564,0,0.572315,4.47552,4.50733e+06,2.70226e+06,1.37654e+07,0,0,0,0,99.3022,98.274,5.06948,0,0,2.34405,2.04165,0,1.811,3.38688,9.36715e+06,3.61194e+06,2.19571e+07,0,0,0,7.64495e+07
72.2011,85.139,3.66775,0.19,0.12,3.05402,3.35642,0,0.572319,4.47552,4.50733e+06,2.70226e+06,1.37655e+07,0,0,0,0,99.3022,98.274,4.57241,0,0,2.34406,2.04166,0,1.81101,3.38688,9.36715e+06,3.61194e+06,2.19572e+07,0,0,0,7.64495e+07
72.1485,85.139,3.2667,0.18,0.12,3.05404,3.35644,0,0.572323,4.47552,4.50733e+06,2.70226e+06,1.37656e+07,0,0,0,0,99.3022,98.274,3.75414,0,0,2.34407,2.04167,0,1.81102,3.38688,9.36715e+06,3.61194e+06,2.19573e+07,0,0,0,7.64495e+07
70.6249,85.139,1.7031,0.18,0.12,2.96736,3.26976,0,0.572327,4.47552,4.50733e+06,2.70226e+06,1.33749e+07,0,0,0,0,99.3022,98.274,3.39534,0,0,2.25015,1.94775,0,1.81103,3.38688,9.36715e+06,3.61194e+06,2.10775e+07,0,0,0,7.64495e+07
70.6729,85.139,3.20943,0.18,0.12,2.96738,3.26978,0,0.556082,4.47552,4.50733e+06,2.70226e+06,1.3375e+07,0,0,0,0,99.3022,98.274,4.65548,0,0,2.25016,1.94776,0,1.73847,3.38688,9.36715e+06,3.61194e+06,2.10776e+07,0,0,0,7.64495e+07
76.6669,85.139,9.4828,0.21,0.12,2.9674,3.2698,0,0.556087,4.47552,4.50733e+06,2.70226e+06,1.33751e+07,0,0,0,0,99.3022,98.274,8.22308,0,0,2.25018,1.94778,0,1.73848,3.38688,9.36715e+06,3.61194e+06,2.10777e+07,0,0,0,7.64495e+07
78.6873,85.139,5.41165,0.16,0.12,2.96742,3.26982,0,0.556091,4.47552,4.50733e+06,2.70226e+06,1.33752e+07,0,0,0,0,99.3022,98.274,5.65501,0,0,2.25019,1.94779,0,1.73849,3.38688,9.36715e+06,3.61194e+06,2.10779e+07,0,0,0,7.64495e+07
82.1839,85.139,6.91184,0.2,0.12,2.72119,3.02359,0,0.556095,4.47552,4.50733e+06,2.70226e+06,1.22653e+07,0,0,0,0,99.3022,98.274,4.85008,0,0,2.05455,1.75215,0,1.7385,3.38688,9.36715e+06,3.61194e+06,1.92453e+07,0,0,0,7.64495e+07
83.7366,85.139,4.86726,0.17,0.12,2.72121,3.02361,0,0.50995,4.47552,4.50733e+06,2.70226e+06,1.22654e+07,0,0,0,0,99.3022,98.274,3.96131,0,0,2.05456,1.75216,0,1.58735,3.38688,9.36715e+06,3.61194e+06,1.92454e+07,0,0,0,7.64495e+07
85.0717,85.139,4.76634,0.18,0.12,2.72123,3.02363,0,0.509954,4.47552,4.50733e+06,2.70226e+06,1.22655e+07,0,0,0,0,99.3022,98.274,5.72912,0,0,2.05457,1.75217,0,1.58736,3.38688,9.36715e+06,3.61194e+06,1.92455e+07,0,0,0,7.64495e+07
85.139,85.139,8.83841,0.19,0.12,2.72125,3.02365,0,0.509958,4.47552,4.50733e+06,2.70226e+06,1.22656e+07,0,0,0,0,99.3022,98.274,7.3105,0,0,2.05459,1.75219,0,1.58736,3.38688,9.36715e+06,3.61194e+06,1.92456e+07,0,0,0,7.64495e+07
85.139,85.139,6.71288,0.16,0.12,2.72126,3.02366,0,0.509961,4.47552,4.50733e+06,2.70226e+06,1.22656e+07,0,0,0,0,99.3022,98.274,3.6626,0,0,2.0546,1.7522,0,1.58737,3.38688,9.36715e+06,3.61194e+06,1.92457e+07,0,0,0,7.64495e+07
85.139,85.139,6.37041,0.16,0.12,2.816,3.1184,0,0.509965,4.47552,4.50733e+06,2.70226e+06,1.26927e+07,0,0,0,0,99.3022,98.274,3.80017,0,0,2.11126,1.80886,0,1.58738,3.38688,9.36715e+06,3.61194e+06,1.97765e+07,0,0,0,7.64495e+07
85.139,85.139,4.93896,0.18,0.12,2.81601,3.11841,0,0.527719,4.47552,4.50733e+06,2.70226e+06,1.26927e+07,0,0,0,0,98.8305,98.274,3.75909,0,0,2.11126,1.80886,0,1.63116,3.38688,9.36715e+06,3.61194e+06,1.97765e+07,0,0,0,7.64495e+07
85.139,85.139,3.6132,0.19,0.12,2.81601,3.11841,0,0.52772,4.47552,4.50733e+06,2.70226e+06,1.26927e+07,0,0,0,0,98.8711,98.274,2.24838,0,0,2.11127,1.80887,0,1.63116,3.38688,9.36715e+06,3.61194e+06,1.97765e+07,0,0,0,7.64495e+07
85.139,85.139,3.97044,0.19,0.12,2.81601,3.11841,0,0.52772,4.47552,4.50733e+06,2.70226e+06,1.26927e+07,0,0,0,0,98.5631,98.274,3.19589,0,0,2.11127,1.80887,0,1.63116,3.38688,9.36715e+06,3.61194e+06,1.97766e+07,0,0,0,7.64495e+07
83.6835,85.139,1.97352,0.19,0.12,3.12018,3.42258,0,0.527721,4.47552,4.50733e+06,2.70226e+06,1.40637e+07,0,0,0,0,98.2305,98.274,1.90271,0,0,2.32395,2.02155,0,1.63116,3.38688,9.36715e+06,3.61194e+06,2.17688e+07,0,0,0,7.64495e+07
84.657,85.139,4.45675,0.27,0.12,3.12018,3.42258,0,0.584721,4.47552,4.50733e+06,2.70226e+06,1.40637e+07,0,0,0,0,98.4136,98.274,4.08531,0,0,2.32395,2.02155,0,1.79549,3.38688,9.36715e+06,3.61194e+06,2.17688e+07,0,0,0,7.64495e+07
85.139,85.139,4.01346,0.27,0.12,3.12018,3.42258,0,0.584722,4.47552,4.50733e+06,2.70226e+06,1.40637e+07,0,0,0,0,98.2209,98.274,3.19289,0,0,2.32396,2.02156,0,1.79549,3.38688,9.36715e+06,3.61194e+06,2.17689e+07,0,0,0,7.64495e+07
85.139,85.139,5.82318,0.2,0.12,3.12019,3.42259,0,0.584722,4.47552,4.50733e+06,2.70226e+06,1.40637e+07,0,0,0,0,98.1327,98.274,3.99036,0,0,2.32396,2.02156,0,1.79549,3.38688,9.36715e+06,3.61194e+06,2.17689e+07,0,0,0,7.64495e+07
85.139,85.139,5.30725,0.23,0.12,2.68635,2.98875,0,0.584723,4.47552,4.50733e+06,2.70226e+06,1.21083e+07,0,0,0,0,98.8202,98.274,5.72365,0,0,2.03853,1.73613,0,1.79549,3.38688,9.36715e+06,3.61194e+06,1.90953e+07,0,0,0,7.64495e+07
85.139,85.139,5.59547,0.23,0.12,2.68636,2.98876,0,0.503423,4.47552,4.50733e+06,2.70226e+06,1.21083e+07,0,0,0,0,99.3022,98.274,6.09387,0,0,2.03854,1.73614,0,1.57497,3.38688,9.36715e+06,3.61194e+06,1.90953e+07,0,0,0,7.64495e+07
85.139,85.139,4.29151,0.28,0.12,2.68636,2.98876,0,0.503423,4.47552,4.50733e+06,2.70226e+06,1.21083e+07,0,0,0,0,99.3022,98.274,4.78559,0,0,2.03854,1.73614,0,1.57497,3.38688,9.36715e+06,3.61194e+06,1.90953e+07,0,0,0,7.64495e+07
85.139,85.139,5.20147,0.3,0.12,2.68636,2.98876,0,0.503424,4.47552,4.50733e+06,2.70226e+06,1.21083e+07,0,0,0,0,99.3022,98.274,5.23758,0,0,2.03854,1.73614,0,1.57497,3.38688,9.36715e+06,3.61194e+06,1.90953e+07,0,0,0,7.64495e+07
85.139,85.139,5.51554,0.31,0.12,2.68637,2.98877,0,0.503424,4.47552,4.50733e+06,2.70226e+06,1.21083e+07,0,0,0,0,99.3022,98.274,4.40794,0,0,2.03854,1.73614,0,1.57497,3.38688,9.36715e+06,3.61194e+06,1.90953e+07,0,0,0,7.64495e+07
85.139,85.139,4.92297,0.3,0.12,2.79557,3.09797,0,0.503425,4.47552,4.50733e+06,2.70226e+06,1.26006e+07,0,0,0,0,99.3022,98.274,3.93032,0,0,2.10837,1.80597,0,1.57498,3.38688,9.36715e+06,3.61194e+06,1.97494e+07,0,0,0,7.64495e+07
85.139,85.139,4.56962,0.3,0.12,2.79557,3.09797,0,0.52389,4.47552,4.50733e+06,2.70226e+06,1.26006e+07,0,0,0,0,99.3022,98.274,4.32367,0,0,2.10837,1.80597,0,1.62892,3.38688,9.36715e+06,3.61194e+06,1.97494e+07,0,0,0,7.64495e+07
85.139,85.139,4.14742,0.31,0.12,2.79558,3.09798,0,0.523891,4.47552,4.50733e+06,2.70226e+06,1.26006e+07,0,0,0,0,99.2088,98.274,4.86856,0,0,2.10837,1.80597,0,1.62893,3.38688,9.36715e+06,3.61194e+06,1.97494e+07,0,0,0,7.64495e+07
85.139,85.139,3.28535,0.3,0.12,2.79558,3.09798,0,0.523891,4.47552,4.50733e+06,2.70226e+06,1.26006e+07,0,0,0,0,99.0107,98.274,2.60751,0,0,2.10837,1.80597,0,1.62893,3.38688,9.36715e+06,3.61194e+06,1.97495e+07,0,0,0,7.64495e+07
84.9681,85.139,2.97359,0.27,0.12,2.75288,3.05528,0,0.523892,4.47552,4.50733e+06,2.70226e+06,1.24082e+07,0,0,0,0,98.83,98.274,2.62894,0,0,2.08125,1.77885,0,1.62893,3.38688,9.36715e+06,3.61194e+06,1.94954e+07,0,0,0,7.64495e+07
85.139,85.139,4.64347,0.35,0.12,2.75289,3.05529,0,0.515891,4.47552,4.50733e+06,2.70226e+06,1.24082e+07,0,0,0,0,98.8174,98.274,3.16838,0,0,2.08126,1.77886,0,1.60798,3.38688,9.36715e+06,3.61194e+06,1.94954e+07,0,0,0,7.64495e+07
84.9341,85.139,2.88449,0.22,0.12,2.75289,3.05529,0,0.515891,4.47552,4.50733e+06,2.70226e+06,1.24082e+07,0,0,0,0,98.5066,98.274,2.55863,0,0,2.08126,1.77886,0,1.60798,3.38688,9.36715e+06,3.61194e+06,1.94955e+07,0,0,0,7.64495e+07
84.4363,85.139,2.56529,0.3,0.12,2.75289,3.05529,0,0.515892,4.47552,4.50733e+06,2.70226e+06,1.24082e+07,0,0,0,0,98.1024,98.274,2.27018,0,0,2.08126,1.77886,0,1.60798,3.38688,9.36715e+06,3.61194e+06,1.94955e+07,0,0,0,7.64495e+07
83.904,85.139,2.5969,0.26,0.12,2.89783,3.20023,0,0.515892,4.47552,4.50733e+06,2.70226e+06,1.30615e+07,0,0,0,0,97.4706,98.274,2.20685,0,0,2.17744,1.87504,0,1.60798,3.38688,9.36715e+06,3.61194e+06,2.03964e+07,0,0,0,7.64495e+07
83.2208,85.139,2.41027,0.24,0.12,2.89783,3.20023,0,0.543053,4.47552,4.50733e+06,2.70226e+06,1.30615e+07,0,0,0,0,97.0917,98.274,1.99831,0,0,2.17744,1.87504,0,1.68229,3.38688,9.36715e+06,3.61194e+06,2.03964e+07,0,0,0,7.64495e+07
82.4203,85.139,2.26996,0.22,0.12,2.89784,3.20024,0,0.543054,4.47552,4.50733e+06,2.70226e+06,1.30615e+07,0,0,0,0,96.6033,98.274,2.11231,0,0,2.17744,1.87504,0,1.68229,3.38688,9.36715e+06,3.61194e+06,2.03964e+07,0,0,0,7.64495e+07
81.537,85.139,2.1752,0.21,0.12,2.89784,3.20024,0,0.543054,4.47552,4.50733e+06,2.70226e+06,1.30615e+07,0,0,0,0,95.8666,98.274,2.01132,0,0,2.17744,1.87504,0,1.68229,3.38688,9.36715e+06,3.61194e+06,2.03964e+07,0,0,0,7.64495e+07
80.0867,85.139,1.56057,0.19,0.12,2.89784,3.20024,0,0.543055,4.47552,4.50733e+06,2.70226e+06,1.30615e+07,0,0,0,0,95.0704,98.274,1.70998,0,0,2.17744,1.87504,0,1.68229,3.38688,9.36715e+06,3.61194e+06,2.03964e+07,0,0,0,7.64495e+07
78.5322,85.139,1.42038,0.18,0.12,2.86918,3.17158,0,0.543055,4.47552,4.50733e+06,2.70226e+06,1.29324e+07,0,0,0,0,94.3252,98.274,1.59131,0,0,2.2303,1.9279,0,1.68229,3.38688,9.36715e+06,3.61194e+06,2.08916e+07,0,0,0,7.64495e+07
76.8738,85.139,1.30473,0.21,0.12,2.86918,3.17158,0,0.537685,4.47552,4.50733e+06,2.70226e+06,1.29324e+07,0,0,0,0,93.418,98.274,1.59407,0,0,2.2303,1.9279,0,1.72313,3.38688,9.36715e+06,3.61194e+06,2.08916e+07,0,0,0,7.64495e+07
75.1219,85.139,1.19465,0.19,0.12,2.86919,3.17159,0,0.537685,4.47552,4.50733e+06,2.70226e+06,1.29324e+07,0,0,0,0,92.5048,98.274,1.41907,0,0,2.23031,1.92791,0,1.72313,3.38688,9.36715e+06,3.61194e+06,2.08916e+07,0,0,0,7.64495e+07
73.2968,85.139,1.08622,0.19,0.12,2.86919,3.17159,0,0.537686,4.47552,4.50733e+06,2.70226e+06,1.29324e+07,0,0,0,0,91.7025,98.274,1.37171,0,0,2.23031,1.92791,0,1.72313,3.38688,9.36715e+06,3.61194e+06,2.08916e+07,0,0,0,7.64495e+07
71.3896,85.139,1.06266,0.24,0.12,2.94321,3.24561,0,0.537686,4.47552,4.50733e+06,2.70226e+06,1.3266e+07,0,0,0,0,90.8227,98.274,1.50614,0,0,2.27742,1.97502,0,1.72314,3.38688,9.36715e+06,3.61194e+06,2.13329e+07,0,0,0,7.64495e+07
69.4315,85.139,0.980256,0.25,0.12,2.94321,3.24561,0,0.551558,4.47552,4.50733e+06,2.70226e+06,1.3266e+07,0,0,0,0,89.8039,98.274,1.42728,0,0,2.27742,1.97502,0,1.75953,3.38688,9.36715e+06,3.61194e+06,2.1333e+07,0,0,0,7.64495e+07
67.4072,85.139,0.892249,0.22,0.12,2.94322,3.24562,0,0.551558,4.47552,4.50733e+06,2.70226e+06,1.32661e+07,0,0,0,0,89.0676,98.274,1.25428,0,0,2.27742,1.97502,0,1.75954,3.38688,9.36715e+06,3.61194e+06,2.1333e+07,0,0,0,7.64495e+07
65.5198,85.139,1.00374,0.27,0.12,2.94322,3.24562,0,0.551559,4.47552,4.50733e+06,2.70226e+06,1.32661e+07,0,0,0,0,87.936,98.274,1.66248,0,0,2.27742,1.97502,0,1.75954,3.38688,9.36715e+06,3.61194e+06,2.1333e+07,0,0,0,7.64495e+07
63.3173,85.139,0.849487,0.24,0.12,3.15998,3.46238,0,0.551559,4.47552,4.50733e+06,2.70226e+06,1.42431e+07,0,0,0,0,86.9129,98.274,1.09823,0,0,2.44747,2.14507,0,1.75954,3.38688,9.36715e+06,3.61194e+06,2.29258e+07,0,0,0,7.64495e+07
61.2369,85.139,0.956482,0.24,0.12,3.15999,3.46239,0,0.592181,4.47552,4.50733e+06,2.70226e+06,1.42431e+07,0,0,0,0,85.7264,98.274,1.33826,0,0,2.44747,2.14507,0,1.89091,3.38688,9.36715e+06,3.61194e+06,2.29258e+07,0,0,0,7.64495e+07
58.9921,85.139,0.770091,0.27,0.12,3.15999,3.46239,0,0.592182,4.47552,4.50733e+06,2.70226e+06,1.42431e+07,0,0,0,0,84.9401,98.274,0.977569,0,0,2.44747,2.14507,0,1.89091,3.38688,9.36715e+06,3.61194e+06,2.29258e+07,0,0,0,7.64495e+07
56.9438,85.139,0.932071,0.27,0.12,3.15999,3.46239,0,0.592182,4.47552,4.50733e+06,2.70226e+06,1.42431e+07,0,0,0,0,84.0283,98.274,1.66842,0,0,2.44747,2.14507,0,1.89092,3.38688,9.36715e+06,3.61194e+06,2.29259e+07,0,0,0,7.64495e+07
55.2388,85.139,1.2817,0.26,0.12,3.16,3.4624,0,0.592183,4.47552,4.50733e+06,2.70226e+06,1.42432e+07,0,0,0,0,83.6882,98.274,1.55414,0,0,2.44748,2.14508,0,1.89092,3.38688,9.36715e+06,3.61194e+06,2.29259e+07,0,0,0,7.64495e+07
53.5526,85.139,1.20422,0.32,0.12,3.05436,3.35676,0,0.592183,4.47552,4.50733e+06,2.70226e+06,1.3767e+07,0,0,0,0,83.114,98.274,2.51994,0,0,2.34427,2.04187,0,1.89092,3.38688,9.36715e+06,3.61194e+06,2.19591e+07,0,0,0,7.64495e+07
51.7268,85.139,1.03994,0.32,0.12,3.05436,3.35676,0,0.572387,4.47552,4.50733e+06,2.70226e+06,1.3767e+07,0,0,0,0,82.3077,98.274,1.46121,0,0,2.34427,2.04187,0,1.81118,3.38688,9.36715e+06,3.61194e+06,2.19591e+07,0,0,0,7.64495e+07
49.9572,85.139,1.07954,0.34,0.12,3.05436,3.35676,0,0.572387,4.47552,4.50733e+06,2.70226e+06,1.3767e+07,0,0,0,0,81.877,98.274,1.42249,0,0,2.34427,2.04187,0,1.81118,3.38688,9.36715e+06,3.61194e+06,2.19592e+07,0,0,0,7.64495e+07
49.3425,85.139,2.08766,0.44,0.12,2.67324,3.35677,0,0.572388,4.47552,4.50733e+06,3.70142e+06,1.20492e+07,0,0,0,0,81.8595,98.274,2.43399,0,0,2.11244,2.04187,0,1.81118,3.38688,9.36715e+06,4.94745e+06,1.97876e+07,0,0,0,7.64495e+07
48.487,85.139,1.75494,0.44,0.12,2.59638,3.27006,0,0.500966,4.47552,4.50733e+06,3.70142e+06,1.17027e+07,0,0,0,0,81.759,98.274,2.00247,0,0,2.02916,1.94793,0,1.63207,3.38688,9.36715e+06,4.94745e+06,1.90075e+07,0,0,0,7.64495e+07
47.634,85.139,1.69839,0.45,0.12,2.59638,3.27006,0,0.486561,4.47552,4.50733e+06,3.70142e+06,1.17027e+07,0,0,0,0,81.6809,98.274,2.13216,0,0,2.02916,1.94793,0,1.56773,3.38688,9.36715e+06,4.94745e+06,1.90075e+07,0,0,0,7.64495e+07
51.5783,85.139,6.57397,0.46,0.12,2.59638,3.27006,0,0.486562,4.47552,4.50733e+06,3.70142e+06,1.17028e+07,0,0,0,0,82.0246,98.274,3.59053,0,0,2.02917,1.94793,0,1.56773,3.38688,9.36715e+06,4.94745e+06,1.90075e+07,0,0,0,7.64495e+07
53.8663,85.139,5.03686,0.43,0.12,2.59638,3.27006,0,0.486562,4.47552,4.50733e+06,3.70142e+06,1.17028e+07,0,0,0,0,82.4821,98.274,3.75011,0,0,2.02917,1.94793,0,1.56773,3.38688,9.36715e+06,4.94745e+06,1.90075e+07,0,0,0,7.64495e+07
53.7588,85.139,2.42036,0.45,0.12,2.37808,3.02379,0,0.486563,4.47552,4.50733e+06,3.70142e+06,1.07188e+07,0,0,0,0,82.4536,98.274,2.63426,0,0,1.85572,1.75227,0,1.56773,3.38688,9.36715e+06,4.94745e+06,1.73828e+07,0,0,0,7.64495e+07
54.1508,85.139,2.92045,0.51,0.12,2.37808,3.0238,0,0.445651,4.47552,4.50733e+06,3.70142e+06,1.07188e+07,0,0,0,0,82.3881,98.274,2.81441,0,0,1.85572,1.75227,0,1.43373,3.38688,9.36715e+06,4.94745e+06,1.73828e+07,0,0,0,7.64495e+07
55.2131,85.139,3.63573,0.52,0.12,2.37808,3.0238,0,0.445652,4.47552,4.50733e+06,3.70142e+06,1.07188e+07,0,0,0,0,82.0239,98.274,2.4357,0,0,1.85572,1.75228,0,1.43373,3.38688,9.36715e+06,4.94745e+06,1.73829e+07,0,0,0,7.64495e+07
56.8907,85.139,4.29398,0.55,0.12,2.37808,3.0238,0,0.445652,4.47552,4.50733e+06,3.70142e+06,1.07188e+07,0,0,0,0,82.324,98.274,2.3309,0,0,1.85573,1.75228,0,1.43373,3.38688,9.36715e+06,4.94745e+06,1.73829e+07,0,0,0,7.64495e+07
59.3849,85.139,5.16414,0.51,0.12,2.37809,3.0238,0,0.445653,4.47552,4.50733e+06,3.70142e+06,1.07188e+07,0,0,0,0,82.9677,98.274,3.98958,0,0,1.85573,1.75228,0,1.43373,3.38688,9.36715e+06,4.94745e+06,1.73829e+07,0,0,0,7.64495e+07
64.1698,85.139,7.61016,0.52,0.12,2.46206,3.11853,0,0.445653,4.47552,4.50733e+06,3.70142e+06,1.10973e+07,0,0,0,0,83.8608,98.274,5.95618,0,0,1.90595,1.80894,0,1.43373,3.38688,9.36715e+06,4.94745e+06,1.78533e+07,0,0,0,7.64495e+07
67.5003,85.139,6.2181,0.49,0.12,2.46204,3.11852,0,0.461389,4.47552,4.50733e+06,3.70142e+06,1.10972e+07,0,0,0,0,84.3401,98.274,4.37123,0,0,1.90594,1.80893,0,1.47254,3.38688,9.36715e+06,4.94745e+06,1.78533e+07,0,0,0,7.64495e+07
68.9573,85.139,4.31458,0.48,0.12,2.46203,3.1185,0,0.461387,4.47552,4.50733e+06,3.70142e+06,1.10972e+07,0,0,0,0,84.7438,98.274,4.07535,0,0,1.90594,1.80892,0,1.47253,3.38688,9.36715e+06,4.94745e+06,1.78532e+07,0,0,0,7.64495e+07
70.3609,85.139,4.36622,0.43,0.12,2.46202,3.11849,0,0.461384,4.47552,4.50733e+06,3.70142e+06,1.10971e+07,0,0,0,0,85.0936,98.274,4.119,0,0,1.90593,1.80891,0,1.47253,3.38688,9.36715e+06,4.94745e+06,1.78531e+07,0,0,0,7.64495e+07
72.2101,85.139,4.96884,0.45,0.12,2.73164,3.42264,0,0.461382,4.47552,4.50733e+06,3.70142e+06,1.23124e+07,0,0,0,0,85.2377,98.274,3.87155,0,0,2.09446,2.02159,0,1.47252,3.38688,9.36715e+06,4.94745e+06,1.96191e+07,0,0,0,7.64495e+07
77.3491,85.139,8.47289,0.47,0.12,2.73162,3.42262,0,0.511909,4.47552,4.50733e+06,3.70142e+06,1.23123e+07,0,0,0,0,85.6523,98.274,5.25635,0,0,2.09445,2.02158,0,1.61818,3.38688,9.36715e+06,4.94745e+06,1.9619e+07,0,0,0,7.64495e+07
80.3103,85.139,6.66,0.37,0.12,3.12021,3.42261,0,0.511906,4.47552,4.50733e+06,2.70226e+06,1.40638e+07,0,0,0,0,85.8701,98.274,5.03931,0,0,2.32397,2.02157,0,1.61817,3.38688,9.36715e+06,3.61194e+06,2.1769e+07,0,0,0,7.64495e+07
82.1595,85.139,5.45444,0.28,0.12,3.12019,3.42259,0,0.584727,4.47552,4.50733e+06,2.70226e+06,1.40637e+07,0,0,0,0,86.1339,98.274,4.65289,0,0,2.32396,2.02156,0,1.7955,3.38688,9.36715e+06,3.61194e+06,2.17689e+07,0,0,0,7.64495e+07
82.8169,85.139,3.96666,0.29,0.12,2.68634,2.98874,0,0.584723,4.47552,4.50733e+06,2.70226e+06,1.21082e+07,0,0,0,0,86.4477,98.274,3.43388,0,0,2.03852,1.73612,0,1.79549,3.38688,9.36715e+06,3.61194e+06,1.90952e+07,0,0,0,7.64495e+07
85.139,85.139,5.83682,0.35,0.12,2.68633,2.98873,0,0.50342,4.47552,4.50733e+06,2.70226e+06,1.21082e+07,0,0,0,0,87.2564,98.274,5.33558,0,0,2.03852,1.73612,0,1.57496,3.38688,9.36715e+06,3.61194e+06,1.90951e+07,0,0,0,7.64495e+07
85.139,85.139,4.43817,0.28,0.12,2.68631,2.98871,0,0.503417,4.47552,4.50733e+06,2.70226e+06,1.21081e+07,0,0,0,0,87.9629,98.274,4.91693,0,0,2.03851,1.73611,0,1.57496,3.38688,9.36715e+06,3.61194e+06,1.9095e+07,0,0,0,7.64495e+07
85.139,85.139,7.59078,0.3,0.12,2.6863,2.9887,0,0.503415,4.47552,4.50733e+06,2.70226e+06,1.2108e+07,0,0,0,0,89.2057,98.274,7.36036,0,0,2.0385,1.7361,0,1.57495,3.38688,9.36715e+06,3.61194e+06,1.90949e+07,0,0,0,7.64495e+07
85.139,85.139,6.5103,0.31,0.12,2.68628,2.98868,0,0.503412,4.47552,4.50733e+06,2.70226e+06,1.2108e+07,0,0,0,0,90.301,98.274,6.93221,0,0,2.03849,1.73609,0,1.57495,3.38688,9.36715e+06,3.61194e+06,1.90949e+07,0,0,0,7.64495e+07
85.139,85.139,5.09127,0.31,0.12,2.79547,3.09787,0,0.503409,4.47552,4.50733e+06,2.70226e+06,1.26001e+07,0,0,0,0,90.965,98.274,5.51512,0,0,2.10831,1.80591,0,1.57494,3.38688,9.36715e+06,3.61194e+06,1.97488e+07,0,0,0,7.64495e+07
85.139,85.139,3.74866,0.31,0.12,2.79545,3.09785,0,0.523871,4.47552,4.50733e+06,2.70226e+06,1.26e+07,0,0,0,0,91.2465,98.274,3.77507,0,0,2.1083,1.8059,0,1.62888,3.38688,9.36715e+06,3.61194e+06,1.97488e+07,0,0,0,7.64495e+07
85.139,85.139,3.31019,0.3,0.12,2.79544,3.09784,0,0.523868,4.47552,4.50733e+06,2.70226e+06,1.26e+07,0,0,0,0,91.3349,98.274,3.32422,0,0,2.10829,1.80589,0,1.62887,3.38688,9.36715e+06,3.61194e+06,1.97487e+07,0,0,0,7.64495e+07
84.6538,85.139,2.76448,0.3,0.12,2.79542,3.09782,0,0.523865,4.47552,4.50733e+06,2.70226e+06,1.25999e+07,0,0,0,0,91.262,98.274,2.82931,0,0,2.10828,1.80588,0,1.62886,3.38688,9.36715e+06,3.61194e+06,1.97486e+07,0,0,0,7.64495e+07
84.6285,85.139,3.16586,0.39,0.12,2.68334,3.05511,0,0.523862,4.47552,4.50733e+06,3.08451e+06,1.20947e+07,0,0,0,0,91.4342,98.274,3.9403,0,0,2.04076,1.77875,0,1.62886,3.38688,9.36715e+06,4.12287e+06,1.91161e+07,0,0,0,7.64495e+07
84.1186,85.139,2.64763,0.35,0.12,2.7527,3.0551,0,0.502857,4.47552,4.50733e+06,2.70226e+06,1.24073e+07,0,0,0,0,91.3338,98.274,3.29757,0,0,2.08115,1.77875,0,1.57669,3.38688,9.36715e+06,3.61194e+06,1.94944e+07,0,0,0,7.64495e+07
83.2428,85.139,2.23417,0.33,0.12,2.75268,3.05508,0,0.515856,4.47552,4.50733e+06,2.70226e+06,1.24073e+07,0,0,0,0,91.1439,98.274,2.93974,0,0,2.08114,1.77874,0,1.60789,3.38688,9.36715e+06,3.61194e+06,1.94943e+07,0,0,0,7.64495e+07
82.1801,85.139,2.02295,0.31,0.12,2.75267,3.05507,0,0.515853,4.47552,4.50733e+06,2.70226e+06,1.24072e+07,0,0,0,0,90.9417,98.274,2.78599,0,0,2.08113,1.77873,0,1.60789,3.38688,9.36715e+06,3.61194e+06,1.94943e+07,0,0,0,7.64495e+07
80.9987,85.139,2.00404,0.26,0.12,2.89758,3.19998,0,0.51585,4.47552,4.50733e+06,2.70226e+06,1.30603e+07,0,0,0,0,90.7323,98.274,2.73869,0,0,2.17729,1.87489,0,1.60788,3.38688,9.36715e+06,3.61194e+06,2.0395e+07,0,0,0,7.64495e+07
79.6944,85.139,1.82907,0.25,0.12,2.89756,3.19996,0,0.543006,4.47552,4.50733e+06,2.70226e+06,1.30603e+07,0,0,0,0,90.4096,98.274,2.57795,0,0,2.17728,1.87488,0,1.68217,3.38688,9.36715e+06,3.61194e+06,2.03949e+07,0,0,0,7.64495e+07
78.2937,85.139,1.68992,0.22,0.12,2.89755,3.19995,0,0.543003,4.47552,4.50733e+06,2.70226e+06,1.30602e+07,0,0,0,0,90.0908,98.274,2.58608,0,0,2.17727,1.87487,0,1.68216,3.38688,9.36715e+06,3.61194e+06,2.03948e+07,0,0,0,7.64495e+07
76.8542,85.139,1.63511,0.27,0.12,2.89753,3.19993,0,0.543,4.47552,4.50733e+06,2.70226e+06,1.30601e+07,0,0,0,0,89.7976,98.274,2.55762,0,0,2.17726,1.87486,0,1.68216,3.38688,9.36715e+06,3.61194e+06,2.03947e+07,0,0,0,7.64495e+07
75.5099,85.139,1.69165,0.25,0.12,2.89751,3.19991,0,0.542997,4.47552,4.50733e+06,2.70226e+06,1.30601e+07,0,0,0,0,89.4477,98.274,2.11386,0,0,2.17725,1.87485,0,1.68215,3.38688,9.36715e+06,3.61194e+06,2.03946e+07,0,0,0,7.64495e+07
74.1946,85.139,1.67116,0.22,0.12,2.86884,3.17124,0,0.542994,4.47552,4.50733e+06,2.70226e+06,1.29308e+07,0,0,0,0,88.9927,98.274,2.04849,0,0,2.2301,1.9277,0,1.68214,3.38688,9.36715e+06,3.61194e+06,2.08896e+07,0,0,0,7.64495e+07
72.7505,85.139,1.49566,0.2,0.12,2.86882,3.17122,0,0.537621,4.47552,4.50733e+06,2.70226e+06,1.29307e+07,0,0,0,0,88.5364,98.274,1.89543,0,0,2.23009,1.92769,0,1.72297,3.38688,9.36715e+06,3.61194e+06,2.08896e+07,0,0,0,7.64495e+07
71.2309,85.139,1.40025,0.26,0.12,2.86881,3.17121,0,0.537618,4.47552,4.50733e+06,2.70226e+06,1.29307e+07,0,0,0,0,88.0852,98.274,1.92557,0,0,2.23008,1.92768,0,1.72296,3.38688,9.36715e+06,3.61194e+06,2.08895e+07,0,0,0,7.64495e+07
69.7714,85.139,1.44406,0.24,0.12,2.86879,3.17119,0,0.537615,4.47552,4.50733e+06,2.70226e+06,1.29306e+07,0,0,0,0,87.5647,98.274,1.9643,0,0,2.23007,1.92767,0,1.72296,3.38688,9.36715e+06,3.61194e+06,2.08894e+07,0,0,0,7.64495e+07
68.3385,85.139,1.51481,0.22,0.12,2.94279,3.24519,0,0.537612,4.47552,4.50733e+06,2.70226e+06,1.32641e+07,0,0,0,0,86.878,98.274,1.89463,0,0,2.27716,1.97476,0,1.72295,3.38688,9.36715e+06,3.61194e+06,2.13305e+07,0,0,0,7.64495e+07
66.7547,85.139,1.34567,0.22,0.12,2.94277,3.24517,0,0.551478,4.47552,4.50733e+06,2.70226e+06,1.32641e+07,0,0,0,0,86.2017,98.274,1.72774,0,0,2.27715,1.97475,0,1.75933,3.38688,9.36715e+06,3.61194e+06,2.13304e+07,0,0,0,7.64495e+07
65.0734,85.139,1.22037,0.26,0.12,2.94276,3.24516,0,0.551475,4.47552,4.50733e+06,2.70226e+06,1.3264e+07,0,0,0,0,85.5075,98.274,1.69026,0,0,2.27714,1.97474,0,1.75933,3.38688,9.36715e+06,3.61194e+06,2.13303e+07,0,0,0,7.64495e+07
63.2067,85.139,1.01332,0.26,0.12,2.94274,3.24514,0,0.551473,4.47552,4.50733e+06,2.70226e+06,1.32639e+07,0,0,0,0,84.8865,98.274,1.65757,0,0,2.27713,1.97473,0,1.75932,3.38688,9.36715e+06,3.61194e+06,2.13303e+07,0,0,0,7.64495e+07
61.0308,85.139,0.832177,0.23,0.12,3.15945,3.46185,0,0.55147,4.47552,4.50733e+06,2.70226e+06,1.42407e+07,0,0,0,0,84.0753,98.274,1.68634,0,0,2.44714,2.14474,0,1.75931,3.38688,9.36715e+06,3.61194e+06,2.29227e+07,0,0,0,7.64495e+07
58.7937,85.139,0.733997,0.3,0.12,3.15944,3.46184,0,0.592082,4.47552,4.50733e+06,2.70226e+06,1.42406e+07,0,0,0,0,83.3362,98.274,1.58779,0,0,2.44713,2.14473,0,1.89066,3.38688,9.36715e+06,3.61194e+06,2.29226e+07,0,0,0,7.64495e+07
56.7147,85.139,0.867936,0.28,0.12,3.15942,3.46182,0,0.592078,4.47552,4.50733e+06,2.70226e+06,1.42406e+07,0,0,0,0,82.7123,98.274,1.72235,0,0,2.44712,2.14472,0,1.89065,3.38688,9.36715e+06,3.61194e+06,2.29225e+07,0,0,0,7.64495e+07
55.2108,85.139,1.48081,0.36,0.12,3.1594,3.4618,0,0.592075,4.47552,4.50733e+06,2.70226e+06,1.42405e+07,0,0,0,0,82.2011,98.274,2.03888,0,0,2.44711,2.14471,0,1.89064,3.38688,9.36715e+06,3.61194e+06,2.29224e+07,0,0,0,7.64495e+07
54.1985,85.139,1.93098,0.33,0.12,3.15939,3.46179,0,0.592072,4.47552,4.50733e+06,2.70226e+06,1.42404e+07,0,0,0,0,81.8102,98.274,2.57844,0,0,2.4471,2.1447,0,1.89064,3.38688,9.36715e+06,3.61194e+06,2.29223e+07,0,0,0,7.64495e+07
53.1622,85.139,1.83786,0.32,0.12,3.05375,3.35615,0,0.592069,4.47552,4.50733e+06,2.70226e+06,1.37643e+07,0,0,0,0,81.4717,98.274,2.79865,0,0,2.3439,2.0415,0,1.89063,3.38688,9.36715e+06,3.61194e+06,2.19556e+07,0,0,0,7.64495e+07
52.2999,85.139,2.04608,0.33,0.12,3.05373,3.35613,0,0.572272,4.47552,4.50733e+06,2.70226e+06,1.37642e+07,0,0,0,0,81.4231,98.274,3.72083,0,0,2.34389,2.04149,0,1.81089,3.38688,9.36715e+06,3.61194e+06,2.19556e+07,0,0,0,7.64495e+07
51.3307,85.139,1.96228,0.33,0.12,3.05372,3.35612,0,0.572269,4.47552,4.50733e+06,2.70226e+06,1.37641e+07,0,0,0,0,81.3883,98.274,3.66872,0,0,2.34388,2.04148,0,1.81089,3.38688,9.36715e+06,3.61194e+06,2.19555e+07,0,0,0,7.64495e+07
50.8149,85.139,2.50657,0.34,0.12,3.0537,3.3561,0,0.572266,4.47552,4.50733e+06,2.70226e+06,1.3764e+07,0,0,0,0,81.5475,98.274,4.39992,0,0,2.34387,2.04147,0,1.81088,3.38688,9.36715e+06,3.61194e+06,2.19554e+07,0,0,0,7.64495e+07
52.539,85.139,4.4554,0.44,0.12,2.59578,3.26939,0,0.572263,4.47552,4.50733e+06,3.70142e+06,1.17001e+07,0,0,0,0,82.3233,98.274,5.89788,0,0,2.02881,1.94753,0,1.81087,3.38688,9.36715e+06,4.94745e+06,1.90042e+07,0,0,0,7.64495e+07
55.1024,85.139,5.49747,0.4,0.12,2.59577,3.26937,0,0.48645,4.47552,4.50733e+06,3.70142e+06,1.17e+07,0,0,0,0,83.4295,98.274,7.16439,0,0,2.0288,1.94752,0,1.56746,3.38688,9.36715e+06,4.94745e+06,1.90041e+07,0,0,0,7.64495e+07
57.057,85.139,4.95461,0.42,0.12,2.59576,3.26936,0,0.486447,4.47552,4.50733e+06,3.70142e+06,1.16999e+07,0,0,0,0,84.324,98.274,6.4535,0,0,2.02879,1.94751,0,1.56745,3.38688,9.36715e+06,4.94745e+06,1.9004e+07,0,0,0,7.64495e+07
59.2347,85.139,5.15533,0.4,0.12,2.59574,3.26934,0,0.486445,4.47552,4.50733e+06,3.70142e+06,1.16999e+07,0,0,0,0,85.2488,98.274,6.35939,0,0,2.02878,1.9475,0,1.56745,3.38688,9.36715e+06,4.94745e+06,1.90039e+07,0,0,0,7.64495e+07
63.8353,85.139,7.83261,0.4,0.12,2.37747,3.02311,0,0.486442,4.47552,4.50733e+06,3.70142e+06,1.0716e+07,0,0,0,0,87.8418,98.274,9.63969,0,0,1.85537,1.75187,0,1.56744,3.38688,9.36715e+06,4.94745e+06,1.73795e+07,0,0,0,7.64495e+07
69.0868,85.139,8.72058,0.36,0.12,2.72069,3.02309,0,0.445537,4.47552,4.50733e+06,2.70226e+06,1.22631e+07,0,0,0,0,91.2156,98.274,11.404,0,0,2.05427,1.75187,0,1.43346,3.38688,9.36715e+06,3.61194e+06,1.92426e+07,0,0,0,7.64495e+07
73.1526,85.139,7.56574,0.32,0.12,2.72068,3.02308,0,0.509858,4.47552,4.50733e+06,2.70226e+06,1.2263e+07,0,0,0,0,93.8111,98.274,9.95322,0,0,2.05426,1.75186,0,1.58713,3.38688,9.36715e+06,3.61194e+06,1.92425e+07,0,0,0,7.64495e+07
76.8716,85.139,7.29464,0.33,0.12,2.72066,3.02306,0,0.509855,4.47552,4.50733e+06,2.70226e+06,1.22629e+07,0,0,0,0,96.3485,98.274,9.87248,0,0,2.05425,1.75185,0,1.58712,3.38688,9.36715e+06,3.61194e+06,1.92425e+07,0,0,0,7.64495e+07
81.7269,85.139,8.29,0.27,0.12,2.72065,3.02305,0,0.509852,4.47552,4.50733e+06,2.70226e+06,1.22629e+07,0,0,0,0,99.3022,98.274,9.54042,0,0,2.05424,1.75184,0,1.58711,3.38688,9.36715e+06,3.61194e+06,1.92424e+07,0,0,0,7.64495e+07
84.4632,85.139,6.12391,0.2,0.12,2.81533,3.11773,0,0.50985,4.47552,4.50733e+06,2.70226e+06,1.26896e+07,0,0,0,0,99.3022,98.274,4.09731,0,0,2.11087,1.80847,0,1.58711,3.38688,9.36715e+06,3.61194e+06,1.97729e+07,0,0,0,7.64495e+07
85.139,85.139,8.3369,0.2,0.12,2.8153,3.1177,0,0.527593,6.048,4.50733e+06,2.70226e+06,1.26895e+07,0,0,0,0,99.3022,98.274,4.65936,0,0,2.11085,1.80845,0,1.63086,3.38688,9.36715e+06,3.61194e+06,1.97727e+07,0,0,0,7.64495e+07
85.139,85.139,14.4307,0.16,0.12,2.81527,3.11767,0,0.527587,6.048,4.50733e+06,2.70226e+06,1.26893e+07,0,0,0,0,99.3022,98.274,9.42351,0,0,2.11083,1.80843,0,1.63085,3.38688,9.36715e+06,3.61194e+06,1.97725e+07,0,0,0,7.64495e+07
85.139,85.139,15.6759,0.16,0.12,2.81523,3.11763,0,0.527581,6.048,4.50733e+06,2.70226e+06,1.26892e+07,0,0,0,0,99.3022,98.274,6.69334,0,0,2.11082,1.80842,0,1.63083,3.38688,9.36715e+06,3.61194e+06,1.97723e+07,0,0,0,7.64495e+07
85.139,85.139,9.33717,0.18,0.12,3.11929,3.42169,0,0.527575,6.048,4.50733e+06,2.70226e+06,1.40597e+07,0,0,0,0,99.3022,98.274,6.85718,0,0,2.32343,2.02103,0,1.63082,3.38688,9.36715e+06,3.61194e+06,2.17639e+07,0,0,0,7.64495e+07
85.139,85.139,6.25792,0.18,0.12,3.11925,3.42165,0,0.584554,6.048,4.50733e+06,2.70226e+06,1.40595e+07,0,0,0,0,99.3022,98.274,4.49038,0,0,2.3234,2.021,0,1.79508,3.38688,9.36715e+06,3.61194e+06,2.17637e+07,0,0,0,7.64495e+07
85.139,85.139,6.86334,0.19,0.12,3.11921,3.42161,0,0.584547,6.048,4.50733e+06,2.70226e+06,1.40593e+07,0,0,0,0,99.3022,98.274,3.9587,0,0,2.32338,2.02098,0,1.79506,3.38688,9.36715e+06,3.61194e+06,2.17635e+07,0,0,0,7.64495e+07
85.139,85.139,5.27749,0.19,0.12,3.11918,3.42158,0,0.584541,6.048,4.50733e+06,2.70226e+06,1.40592e+07,0,0,0,0,99.3022,98.274,3.57153,0,0,2.32336,2.02096,0,1.79505,3.38688,9.36715e+06,3.61194e+06,2.17633e+07,0,0,0,7.64495e+07
85.139,85.139,7.36852,0.21,0.12,2.68544,2.98784,0,0.584534,6.048,4.50733e+06,2.70226e+06,1.21042e+07,0,0,0,0,99.3022,98.274,7.2831,0,0,2.038,1.7356,0,1.79503,3.38688,9.36715e+06,3.61194e+06,1.90903e+07,0,0,0,7.64495e+07
85.139,85.139,6.02541,0.23,0.12,2.68541,2.98781,0,0.503252,6.048,4.50733e+06,2.70226e+06,1.2104e+07,0,0,0,0,99.3022,98.274,4.76216,0,0,2.03798,1.73558,0,1.57456,3.38688,9.36715e+06,3.61194e+06,1.90901e+07,0,0,0,7.64495e+07
85.139,85.139,4.3279,0.28,0.12,2.68538,2.98778,0,0.503246,6.048,4.50733e+06,2.70226e+06,1.21039e+07,0,0,0,0,99.3022,98.274,3.98941,0,0,2.03797,1.73557,0,1.57455,3.38688,9.36715e+06,3.61194e+06,1.90899e+07,0,0,0,7.64495e+07
85.139,85.139,4.36334,0.3,0.12,2.68535,2.98775,0,0.50324,6.048,4.50733e+06,2.70226e+06,1.21037e+07,0,0,0,0,99.3022,98.274,3.26399,0,0,2.03795,1.73555,0,1.57453,3.38688,9.36715e+06,3.61194e+06,1.90898e+07,0,0,0,7.64495e+07
85.139,85.139,5.71413,0.31,0.12,2.68532,2.98772,0,0.503234,6.048,4.50733e+06,2.70226e+06,1.21036e+07,0,0,0,0,99.3022,98.274,6.09882,0,0,2.03793,1.73553,0,1.57452,3.38688,9.36715e+06,3.61194e+06,1.90896e+07,0,0,0,7.64495e+07
85.139,85.139,5.67764,0.31,0.12,2.79445,3.09685,0,0.503228,6.048,4.50733e+06,2.70226e+06,1.25955e+07,0,0,0,0,99.3022,98.274,5.59553,0,0,2.10771,1.80531,0,1.5745,3.38688,9.36715e+06,3.61194e+06,1.97433e+07,0,0,0,7.64495e+07
85.139,85.139,5.09531,0.31,0.12,2.79442,3.09682,0,0.52368,6.048,4.50733e+06,2.70226e+06,1.25954e+07,0,0,0,0,99.3022,98.274,4.90469,0,0,2.10769,1.80529,0,1.62842,3.38688,9.36715e+06,3.61194e+06,1.97431e+07,0,0,0,7.64495e+07
85.139,85.139,4.67386,0.31,0.12,2.79438,3.09678,0,0.523673,6.048,4.50733e+06,2.70226e+06,1.25952e+07,0,0,0,0,99.3022,98.274,5.44224,0,0,2.10767,1.80527,0,1.6284,3.38688,9.36715e+06,3.61194e+06,1.97429e+07,0,0,0,7.64495e+07
85.139,85.139,3.87334,0.31,0.12,2.79435,3.09675,0,0.523667,6.048,4.50733e+06,2.70226e+06,1.25951e+07,0,0,0,0,99.2567,98.274,3.69288,0,0,2.10766,1.80526,0,1.62839,3.38688,9.36715e+06,3.61194e+06,1.97427e+07,0,0,0,7.64495e+07
85.139,85.139,3.40127,0.27,0.12,2.75164,3.05404,0,0.523661,6.048,4.50733e+06,2.70226e+06,1.24025e+07,0,0,0,0,99.2066,98.274,2.7959,0,0,2.08053,1.77813,0,1.62837,3.38688,9.36715e+06,3.61194e+06,1.94886e+07,0,0,0,7.64495e+07
85.0705,85.139,3.05881,0.24,0.12,2.75161,3.05401,0,0.515657,6.048,4.50733e+06,2.70226e+06,1.24024e+07,0,0,0,0,99.0185,98.274,2.51316,0,0,2.08051,1.77811,0,1.60742,3.38688,9.36715e+06,3.61194e+06,1.94885e+07,0,0,0,7.64495e+07
84.9404,85.139,2.94658,0.34,0.12,2.75157,3.05397,0,0.515651,6.048,4.50733e+06,2.70226e+06,1.24023e+07,0,0,0,0,98.8339,98.274,2.62761,0,0,2.08049,1.77809,0,1.6074,3.38688,9.36715e+06,3.61194e+06,1.94883e+07,0,0,0,7.64495e+07
84.6072,85.139,2.72702,0.32,0.12,2.75154,3.05394,0,0.515645,6.048,4.50733e+06,2.70226e+06,1.24021e+07,0,0,0,0,98.4179,98.274,2.47332,0,0,2.08047,1.77807,0,1.60739,3.38688,9.36715e+06,3.61194e+06,1.94881e+07,0,0,0,7.64495e+07
84.2568,85.139,2.86294,0.28,0.12,2.89638,3.19878,0,0.515639,6.048,4.50733e+06,2.70226e+06,1.30549e+07,0,0,0,0,98.0037,98.274,2.16637,0,0,2.17658,1.87418,0,1.60737,3.38688,9.36715e+06,3.61194e+06,2.03884e+07,0,0,0,7.64495e+07
83.6245,85.139,2.50327,0.25,0.12,2.89634,3.19874,0,0.542781,6.048,4.50733e+06,2.70226e+06,1.30548e+07,0,0,0,0,97.5107,98.274,2.03257,0,0,2.17657,1.87417,0,1.68163,3.38688,9.36715e+06,3.61194e+06,2.03882e+07,0,0,0,7.64495e+07
82.9274,85.139,2.42715,0.22,0.12,2.89631,3.19871,0,0.542775,6.048,4.50733e+06,2.70226e+06,1.30546e+07,0,0,0,0,97.1116,98.274,2.06938,0,0,2.17655,1.87415,0,1.68161,3.38688,9.36715e+06,3.61194e+06,2.0388e+07,0,0,0,7.64495e+07
82.1178,85.139,2.30126,0.22,0.12,2.89628,3.19868,0,0.542769,6.048,4.50733e+06,2.70226e+06,1.30545e+07,0,0,0,0,96.621,98.274,1.98128,0,0,2.17653,1.87413,0,1.6816,3.38688,9.36715e+06,3.61194e+06,2.03879e+07,0,0,0,7.64495e+07
81.0334,85.139,1.9884,0.19,0.12,2.89624,3.19864,0,0.542762,6.048,4.50733e+06,2.70226e+06,1.30543e+07,0,0,0,0,96.1496,98.274,1.89329,0,0,2.17651,1.87411,0,1.68158,3.38688,9.36715e+06,3.61194e+06,2.03877e+07,0,0,0,7.64495e+07
79.7177,85.139,1.70469,0.18,0.12,2.86756,3.16996,0,0.542756,6.048,4.50733e+06,2.70226e+06,1.29251e+07,0,0,0,0,95.5255,98.274,1.88894,0,0,2.22932,1.92692,0,1.68157,3.38688,9.36715e+06,3.61194e+06,2.08824e+07,0,0,0,7.64495e+07
78.2639,85.139,1.54537,0.16,0.12,2.86753,3.16993,0,0.537381,6.048,4.50733e+06,2.70226e+06,1.29249e+07,0,0,0,0,94.9608,98.274,1.7217,0,0,2.2293,1.9269,0,1.72237,3.38688,9.36715e+06,3.61194e+06,2.08822e+07,0,0,0,7.64495e+07
76.7778,85.139,1.46116,0.19,0.12,2.8675,3.1699,0,0.537375,6.048,4.50733e+06,2.70226e+06,1.29248e+07,0,0,0,0,94.2809,98.274,1.68135,0,0,2.22928,1.92688,0,1.72236,3.38688,9.36715e+06,3.61194e+06,2.0882e+07,0,0,0,7.64495e+07
75.1886,85.139,1.34399,0.19,0.12,2.86746,3.16986,0,0.537369,6.048,4.50733e+06,2.70226e+06,1.29246e+07,0,0,0,0,93.7539,98.274,1.68197,0,0,2.22926,1.92686,0,1.72234,3.38688,9.36715e+06,3.61194e+06,2.08818e+07,0,0,0,7.64495e+07
73.7708,85.139,1.57698,0.16,0.12,2.94141,3.24381,0,0.537363,6.048,4.50733e+06,2.70226e+06,1.32579e+07,0,0,0,0,93.2459,98.274,2.00891,0,0,2.27632,1.97392,0,1.72233,3.38688,9.36715e+06,3.61194e+06,2.13227e+07,0,0,0,7.64495e+07
72.1946,85.139,1.4021,0.23,0.12,2.94137,3.24377,0,0.55122,6.048,4.50733e+06,2.70226e+06,1.32577e+07,0,0,0,0,92.6366,98.274,1.88747,0,0,2.2763,1.9739,0,1.75869,3.38688,9.36715e+06,3.61194e+06,2.13225e+07,0,0,0,7.64495e+07
70.5111,85.139,1.2767,0.22,0.12,2.94134,3.24374,0,0.551213,6.048,4.50733e+06,2.70226e+06,1.32576e+07,0,0,0,0,92.0677,98.274,1.7948,0,0,2.27628,1.97388,0,1.75867,3.38688,9.36715e+06,3.61194e+06,2.13223e+07,0,0,0,7.64495e+07
68.6748,85.139,1.09059,0.22,0.12,2.94131,3.24371,0,0.551207,6.048,4.50733e+06,2.70226e+06,1.32574e+07,0,0,0,0,91.4977,98.274,1.77937,0,0,2.27626,1.97386,0,1.75865,3.38688,9.36715e+06,3.61194e+06,2.13221e+07,0,0,0,7.64495e+07
66.559,85.139,1.00348,0.21,0.12,3.1579,3.4603,0,0.551201,6.048,4.50733e+06,2.70226e+06,1.42337e+07,0,0,0,0,90.9017,98.274,1.81365,0,0,2.44618,2.14378,0,1.75864,3.38688,9.36715e+06,3.61194e+06,2.29137e+07,0,0,0,7.64495e+07
64.3904,85.139,0.938944,0.24,0.12,3.15787,3.46027,0,0.591791,6.048,4.50733e+06,2.70226e+06,1.42336e+07,0,0,0,0,90.3737,98.274,1.73792,0,0,2.44616,2.14376,0,1.88992,3.38688,9.36715e+06,3.61194e+06,2.29135e+07,0,0,0,7.64495e+07
62.4243,85.139,1.11771,0.23,0.12,3.15783,3.46023,0,0.591784,6.048,4.50733e+06,2.70226e+06,1.42334e+07,0,0,0,0,89.8526,98.274,1.90176,0,0,2.44613,2.14373,0,1.8899,3.38688,9.36715e+06,3.61194e+06,2.29133e+07,0,0,0,7.64495e+07
60.3524,85.139,0.985692,0.27,0.12,3.15779,3.46019,0,0.591777,6.048,4.50733e+06,2.70226e+06,1.42332e+07,0,0,0,0,89.5832,98.274,1.80682,0,0,2.44611,2.14371,0,1.88988,3.38688,9.36715e+06,3.61194e+06,2.29131e+07,0,0,0,7.64495e+07
58.3064,85.139,0.987819,0.26,0.12,3.15776,3.46016,0,0.591771,6.048,4.50733e+06,2.70226e+06,1.42331e+07,0,0,0,0,89.6341,98.274,3.15095,0,0,2.44609,2.14369,0,1.88987,3.38688,9.36715e+06,3.61194e+06,2.29129e+07,0,0,0,7.64495e+07
56.515,85.139,1.12714,0.26,0.12,3.05215,3.35455,0,0.591764,6.048,4.50733e+06,2.70226e+06,1.37571e+07,0,0,0,0,89.1657,98.274,2.06129,0,0,2.34292,2.04052,0,1.88985,3.38688,9.36715e+06,3.61194e+06,2.19465e+07,0,0,0,7.64495e+07
54.5879,85.139,0.962175,0.32,0.12,3.05211,3.35451,0,0.571973,6.048,4.50733e+06,2.70226e+06,1.37569e+07,0,0,0,0,88.9499,98.274,1.8874,0,0,2.3429,2.0405,0,1.81014,3.38688,9.36715e+06,3.61194e+06,2.19463e+07,0,0,0,7.64495e+07
53.6092,85.139,2.05633,0.33,0.12,3.05208,3.35448,0,0.571966,6.048,4.50733e+06,2.70226e+06,1.37567e+07,0,0,0,0,89.3689,98.274,3.09659,0,0,2.34288,2.04048,0,1.81013,3.38688,9.36715e+06,3.61194e+06,2.19461e+07,0,0,0,7.64495e+07
53.9236,85.139,3.42856,0.34,0.12,3.05204,3.35444,0,0.57196,6.048,4.50733e+06,2.70226e+06,1.37566e+07,0,0,0,0,90.032,98.274,3.61942,0,0,2.34286,2.04046,0,1.81011,3.38688,9.36715e+06,3.61194e+06,2.19459e+07,0,0,0,7.64495e+07
54.9304,85.139,4.28809,0.36,0.12,2.96536,3.26776,0,0.571953,6.048,4.50733e+06,2.70226e+06,1.33658e+07,0,0,0,0,91.9079,98.274,8.69956,0,0,2.24896,1.94656,0,1.81009,3.38688,9.36715e+06,3.61194e+06,2.10663e+07,0,0,0,7.64495e+07
55.7343,85.139,4.02782,0.38,0.12,2.96532,3.26772,0,0.555708,6.048,4.50733e+06,2.70226e+06,1.33657e+07,0,0,0,0,92.9997,98.274,5.40151,0,0,2.24894,1.94654,0,1.73755,3.38688,9.36715e+06,3.61194e+06,2.10662e+07,0,0,0,7.64495e+07
57.0461,85.139,4.02437,0.4,0.12,2.59428,3.26769,0,0.555701,6.048,4.50733e+06,3.70142e+06,1.16933e+07,0,0,0,0,93.7189,98.274,4.60691,0,0,2.02791,1.94652,0,1.73753,3.38688,9.36715e+06,4.94745e+06,1.89958e+07,0,0,0,7.64495e+07
