0rest_m,1rest_m,0transf,1transf
1.000000,1.000000,0.6048,-0.6048
1.000000,1.000000,0.281663,-0.281663
1.000000,1.000000,0.281071,-0.281071
1.000000,1.000000,0.280479,-0.280479
1.000000,1.000000,0.279887,-0.279887
1.000000,1.000000,0.11057,-0.11057
1.000000,1.000000,0.109908,-0.109908
1.000000,1.000000,0.109246,-0.109246
1.000000,1.000000,0.108583,-0.108583
1.000000,1.000000,0.334723,-0.334723
1.000000,1.000000,0.334154,-0.334154
1.000000,1.000000,0.333585,-0.333585
1.000000,1.000000,0.333015,-0.333015
1.000000,1.000000,0.332445,-0.332445
1.000000,1.000000,0.276276,-0.276276
1.000000,1.000000,0.275683,-0.275683
1.000000,1.000000,0.275089,-0.275089
1.000000,1.000000,0.274496,-0.274496
1.000000,1.000000,0.295532,-0.295532
1.000000,1.000000,0.294948,-0.294948
1.000000,1.000000,0.294363,-0.294363
1.000000,1.000000,0.293778,-0.293778
1.000000,1.000000,0.216361,-0.216361
1.000000,1.000000,0.215744,-0.215744
1.000000,1.000000,0.215127,-0.215127
1.000000,1.000000,0.214509,-0.214509
1.000000,1.000000,0.213892,-0.213892
1.000000,1.000000,0.170959,-0.170959
1.000000,1.000000,0.170324,-0.170324
1.000000,1.000000,0.169689,-0.169689
1.000000,1.000000,0.169053,-0.169053
1.000000,1.000000,0.130644,-0.130644
1.000000,1.000000,0.129992,-0.129992
1.000000,1.000000,0.129341,-0.129341
1.000000,1.000000,0.128689,-0.128689
1.000000,1.000000,0,-0
1.000000,1.000000,0,-0
1.000000,1.000000,0,-0
1.000000,1.000000,0,-0
1.000000,1.000000,0,-0
1.000000,1.000000,0.0709883,-0.0709883
1.000000,1.000000,0.0703133,-0.0703133
1.000000,1.000000,0.0696382,-0.0696382
1.000000,1.000000,0.0689629,-0.0689629
1.000000,1.000000,0.144019,-0.144019
1.000000,1.000000,0.143375,-0.143375
1.000000,1.000000,0.14273,-0.14273
1.000000,1.000000,0.142085,-0.142085
1.000000,1.000000,0.299427,-0.299427
1.000000,1.000000,0.298846,-0.298846
1.000000,1.000000,0.298266,-0.298266
1.000000,1.000000,0.297685,-0.297685
1.000000,1.000000,0.297104,-0.297104
1.000000,1.000000,0.250694,-0.250694
1.000000,1.000000,0.250113,-0.250113
1.000000,1.000000,0.249531,-0.249531
1.000000,1.000000,0.248949,-0.248949
1.000000,1.000000,0.0760072,-0.0760072
1.000000,1.000000,0.0753568,-0.0753568
1.000000,1.000000,0.0747063,-0.0747063
1.000000,1.000000,0.0740555,-0.0740555
1.000000,1.000000,0.305081,-0.305081
1.000000,1.000000,0.304522,-0.304522
1.000000,1.000000,0.303963,-0.303963
1.000000,1.000000,0.303404,-0.303404
1.000000,1.000000,0.302844,-0.302844
1.000000,1.000000,0.245495,-0.245495
1.000000,1.000000,0.244913,-0.244913
1.000000,1.000000,0.24433,-0.24433
1.000000,1.000000,0.243748,-0.243748
1.000000,1.000000,0.265256,-0.265256
1.000000,1.000000,0.264682,-0.264682
1.000000,1.000000,0.264108,-0.264108
1.000000,1.000000,0.263534,-0.263534
1.000000,1.000000,0.184493,-0.184493
1.000000,1.000000,0.183887,-0.183887
1.000000,1.000000,0.183281,-0.183281
1.000000,1.000000,0.182675,-0.182675
1.000000,1.000000,0.182069,-0.182069
1.000000,1.000000,0.138251,-0.138251
1.000000,1.000000,0.137627,-0.137627
1.000000,1.000000,0.137003,-0.137003
1.000000,1.000000,0.13638,-0.13638
1.000000,1.000000,0.0971833,-0.0971833
1.000000,1.000000,0.0965439,-0.0965439
1.000000,1.000000,0.0959042,-0.0959042
1.000000,1.000000,0.0952644,-0.0952644
1.000000,1.000000,0,-0
1.000000,1.000000,0,-0
1.000000,1.000000,0,-0
1.000000,1.000000,0,-0
1.000000,1.000000,0,-0
1.000000,1.000000,0.0365065,-0.0365065
1.000000,1.000000,0.035844,-0.035844
1.000000,1.000000,0.0351812,-0.0351812
1.000000,1.000000,0.0345182,-0.0345182
1.000000,1.000000,0.111171,-0.111171
1.000000,1.000000,0.110539,-0.110539
1.000000,1.000000,0.109906,-0.109906
1.000000,1.000000,0.109273,-0.109273
1.000000,1.000000,0.269921,-0.269921
1.000000,1.000000,0.269351,-0.269351
1.000000,1.000000,0.268781,-0.268781
1.000000,1.000000,0.268211,-0.268211
1.000000,1.000000,0.267641,-0.267641
1.000000,1.000000,0.22029,-0.22029
1.000000,1.000000,0.21972,-0.21972
1.000000,1.000000,0.219151,-0.219151
1.000000,1.000000,0.218581,-0.218581
1.000000,1.000000,0.0420817,-0.0420817
1.000000,1.000000,0.0414446,-0.0414446
1.000000,1.000000,0.0408075,-0.0408075
1.000000,1.000000,0.0401701,-0.0401701
1.000000,1.000000,0.275992,-0.275992
1.000000,1.000000,0.275444,-0.275444
1.000000,1.000000,0.274896,-0.274896
1.000000,1.000000,0.274349,-0.274349
1.000000,1.000000,0.273801,-0.273801
1.000000,1.000000,0.215296,-0.215296
1.000000,1.000000,0.214725,-0.214725
1.000000,1.000000,0.214155,-0.214155
1.000000,1.000000,0.213584,-0.213584
1.000000,1.000000,0.235558,-0.235558
1.000000,1.000000,0.234995,-0.234995
1.000000,1.000000,0.234433,-0.234433
1.000000,1.000000,0.23387,-0.23387
1.000000,1.000000,0.153238,-0.153238
1.000000,1.000000,0.152645,-0.152645
1.000000,1.000000,0.152052,-0.152052
1.000000,1.000000,0.151458,-0.151458
1.000000,1.000000,0.150865,-0.150865
1.000000,1.000000,0.10618,-0.10618
1.000000,1.000000,0.105569,-0.105569
1.000000,1.000000,0.104958,-0.104958
1.000000,1.000000,0.104347,-0.104347
1.000000,1.000000,0.0643816,-0.0643816
1.000000,1.000000,0.0637554,-0.0637554
1.000000,1.000000,0.0631291,-0.0631291
1.000000,1.000000,0.0625025,-0.0625025
1.000000,1.000000,0,-0
1.000000,1.000000,0,-0
1.000000,1.000000,0,-0
1.000000,1.000000,0,-0
1.000000,1.000000,0,-0
1.000000,1.000000,0.00271856,-0.00271856
1.000000,1.000000,0.00206982,-0.00206982
1.000000,1.000000,0.00142085,-0.00142085
1.000000,1.000000,0.000771752,-0.000771752
1.000000,1.000000,0.0789907,-0.0789907
1.000000,1.000000,0.0783712,-0.0783712
1.000000,1.000000,0.0777514,-0.0777514
1.000000,1.000000,0.0771316,-0.0771316
1.000000,1.000000,0.24102,-0.24102
1.000000,1.000000,0.240462,-0.240462
1.000000,1.000000,0.239904,-0.239904
1.000000,1.000000,0.239346,-0.239346
1.000000,1.000000,0.238788,-0.238788
1.000000,1.000000,0.190517,-0.190517
1.000000,1.000000,0.18996,-0.18996
1.000000,1.000000,0.189403,-0.189403
1.000000,1.000000,0.188846,-0.188846
1.000000,1.000000,0.00886523,-0.00886523
1.000000,1.000000,0.00824248,-0.00824248
1.000000,1.000000,0.00761973,-0.00761973
1.000000,1.000000,0.00699674,-0.00699674
1.000000,1.000000,0.247515,-0.247515
1.000000,1.000000,0.246979,-0.246979
1.000000,1.000000,0.246444,-0.246444
1.000000,1.000000,0.245909,-0.245909
1.000000,1.000000,0.245373,-0.245373
1.000000,1.000000,0.185737,-0.185737
1.000000,1.000000,0.18518,-0.18518
1.000000,1.000000,0.184623,-0.184623
1.000000,1.000000,0.184065,-0.184065
1.000000,1.000000,0.206494,-0.206494
1.000000,1.000000,0.205945,-0.205945
1.000000,1.000000,0.205395,-0.205395
1.000000,1.000000,0.204845,-0.204845
1.000000,1.000000,0.122658,-0.122658
1.000000,1.000000,0.122078,-0.122078
1.000000,1.000000,0.121498,-0.121498
1.000000,1.000000,0.120918,-0.120918
1.000000,1.000000,0.120338,-0.120338
1.000000,1.000000,0.0748064,-0.0748064
1.000000,1.000000,0.0742096,-0.0742096
1.000000,1.000000,0.0736127,-0.0736127
1.000000,1.000000,0.0730156,-0.0730156
1.000000,1.000000,0.0322986,-0.0322986
1.000000,1.000000,0.0316867,-0.0316867
1.000000,1.000000,0.0310745,-0.0310745
1.000000,1.000000,0.0304623,-0.0304623
1.000000,1.000000,0,-0
1.000000,1.000000,0,-0
1.000000,1.000000,0,-0
1.000000,1.000000,0,-0
1.000000,1.000000,0,-0
1.000000,1.000000,0,-0
1.000000,1.000000,0,-0
1.000000,1.000000,0,-0
1.000000,1.000000,0,-0
1.000000,1.000000,0.0475317,-0.0475317
1.000000,1.000000,0.0469264,-0.0469264
1.000000,1.000000,0.0463209,-0.0463209
1.000000,1.000000,0.0457152,-0.0457152
1.000000,1.000000,0.212772,-0.212772
1.000000,1.000000,0.212227,-0.212227
1.000000,1.000000,0.211682,-0.211682
1.000000,1.000000,0.211137,-0.211137
1.000000,1.000000,0.210591,-0.210591
1.000000,1.000000,0.161422,-0.161422
1.000000,1.000000,0.160878,-0.160878
1.000000,1.000000,0.160335,-0.160335
1.000000,1.000000,0.159792,-0.159792
1.000000,1.000000,0,-0
1.000000,1.000000,0,-0
1.000000,1.000000,0,-0
1.000000,1.000000,0,-0
1.000000,1.000000,0.219693,-0.219693
1.000000,1.000000,0.219171,-0.219171
1.000000,1.000000,0.218649,-0.218649
1.000000,1.000000,0.218126,-0.218126
1.000000,1.000000,0.217604,-0.217604
1.000000,1.000000,0.156865,-0.156865
1.000000,1.000000,0.156321,-0.156321
1.000000,1.000000,0.155777,-0.155777
1.000000,1.000000,0.155233,-0.155233
1.000000,1.000000,0.178109,-0.178109
1.000000,1.000000,0.177573,-0.177573
1.000000,1.000000,0.177037,-0.177037
1.000000,1.000000,0.1765,-0.1765
1.000000,1.000000,0.0927943,-0.0927943
1.000000,1.000000,0.0922286,-0.0922286
1.000000,1.000000,0.0916629,-0.0916629
1.000000,1.000000,0.0910971,-0.0910971
1.000000,1.000000,0.0905311,-0.0905311
1.000000,1.000000,0.0441739,-0.0441739
1.000000,1.000000,0.0435917,-0.0435917
1.000000,1.000000,0.0430094,-0.0430094
1.000000,1.000000,0.0424268,-0.0424268
1.000000,1.000000,0.000977388,-0.000977388
1.000000,1.000000,0.000380507,-0.000380507
1.000000,1.000000,0,-0
1.000000,1.000000,0,-0
1.000000,1.000000,0,-0
1.000000,1.000000,0,-0
1.000000,1.000000,0,-0
1.000000,1.000000,0,-0
1.000000,1.000000,0,-0
1.000000,1.000000,0,-0
1.000000,1.000000,0,-0
1.000000,1.000000,0,-0
1.000000,1.000000,0,-0
1.000000,1.000000,0.0168333,-0.0168333
1.000000,1.000000,0.0162429,-0.0162429
1.000000,1.000000,0.0156522,-0.0156522
1.000000,1.000000,0.0150615,-0.0150615
1.000000,1.000000,0.185211,-0.185211
1.000000,1.000000,0.184679,-0.184679
1.000000,1.000000,0.184147,-0.184147
1.000000,1.000000,0.183616,-0.183616
1.000000,1.000000,0.183084,-0.183084
1.000000,1.000000,0.133038,-0.133038
1.000000,1.000000,0.132509,-0.132509
1.000000,1.000000,0.13198,-0.13198
1.000000,1.000000,0.13145,-0.13145
1.000000,1.000000,0,-0
1.000000,1.000000,0,-0
1.000000,1.000000,0,-0
1.000000,1.000000,0,-0
1.000000,1.000000,0.192559,-0.192559
1.000000,1.000000,0.19205,-0.19205
1.000000,1.000000,0.191541,-0.191541
1.000000,1.000000,0.191032,-0.191032
1.000000,1.000000,0.190523,-0.190523
1.000000,1.000000,0.128709,-0.128709
1.000000,1.000000,0.128179,-0.128179
1.000000,1.000000,0.127649,-0.127649
1.000000,1.000000,0.127119,-0.127119
1.000000,1.000000,0.150431,-0.150431
1.000000,1.000000,0.149908,-0.149908
1.000000,1.000000,0.149386,-0.149386
1.000000,1.000000,0.148863,-0.148863
1.000000,1.000000,0.0636775,-0.0636775
1.000000,1.000000,0.0631266,-0.0631266
1.000000,1.000000,0.0625753,-0.0625753
1.000000,1.000000,0.062024,-0.062024
1.000000,1.000000,0.0614726,-0.0614726
1.000000,1.000000,0.0143113,-0.0143113
1.000000,1.000000,0.0137441,-0.0137441
1.000000,1.000000,0.0131768,-0.0131768
1.000000,1.000000,0.0126094,-0.0126094
1.000000,1.000000,0,-0
1.000000,1.000000,0,-0
1.000000,1.000000,0,-0
1.000000,1.000000,0,-0
1.000000,1.000000,0,-0
1.000000,1.000000,0,-0
1.000000,1.000000,0,-0
1.000000,1.000000,0,-0
1.000000,1.000000,0,-0
1.000000,1.000000,0,-0
1.000000,1.000000,0,-0
1.000000,1.000000,0,-0
1.000000,1.000000,0,-0
1.000000,1.000000,0,-0
1.000000,1.000000,0,-0
1.000000,1.000000,0,-0
1.000000,1.000000,0,-0
1.000000,1.000000,0.158357,-0.158357
1.000000,1.000000,0.15784,-0.15784
1.000000,1.000000,0.157322,-0.157322
1.000000,1.000000,0.156804,-0.156804
1.000000,1.000000,0.156286,-0.156286
1.000000,1.000000,0.6048,-0.6048
1.000000,1.000000,0.6048,-0.6048
1.000000,1.000000,0.6048,-0.6048
1.000000,1.000000,0.6048,-0.6048
1.000000,1.000000,0.6048,-0.6048
1.000000,1.000000,0.6048,-0.6048
1.000000,1.000000,0.6048,-0.6048
1.000000,1.000000,0.6048,-0.6048
1.000000,1.000000,0.6048,-0.6048
1.000000,1.000000,0.6048,-0.6048
1.000000,1.000000,0.6048,-0.6048
1.000000,1.000000,0.6048,-0.6048
1.000000,1.000000,0.6048,-0.6048
1.000000,1.000000,0.6048,-0.6048
1.000000,1.000000,0.6048,-0.6048
1.000000,1.000000,0.6048,-0.6048
1.000000,1.000000,0.6048,-0.6048
1.000000,1.000000,0.6048,-0.6048
1.000000,1.000000,0.6048,-0.6048
1.000000,1.000000,0.6048,-0.6048
1.000000,1.000000,0.6048,-0.6048
1.000000,1.000000,0.6048,-0.6048
1.000000,1.000000,0.6048,-0.6048
1.000000,1.000000,0.6048,-0.6048
1.000000,1.000000,0.6048,-0.6048
1.000000,1.000000,0.6048,-0.6048
1.000000,1.000000,0.6048,-0.6048
1.000000,1.000000,0.6048,-0.6048
1.000000,1.000000,0.6048,-0.6048
1.000000,1.000000,0.6048,-0.6048
1.000000,1.000000,0.6048,-0.6048
1.000000,1.000000,0.6048,-0.6048
1.000000,1.000000,0.6048,-0.6048
1.000000,1.000000,0.6048,-0.6048
0.979475,0.979475,0,-0
0.979475,0.979475,0,-0
0.979475,0.979475,0,-0
0.979475,0.979475,0,-0
0.979475,0.979475,0,-0
1.000000,1.000000,0.502834,-0.502834
1.000000,1.000000,0.595165,-0.595165
1.000000,1.000000,0.594579,-0.594579
1.000000,1.000000,0.593993,-0.593993
1.000000,1.000000,0.593407,-0.593407
1.000000,1.000000,0.6048,-0.6048
1.000000,1.000000,0.6048,-0.6048
1.000000,1.000000,0.6048,-0.6048
1.000000,1.000000,0.6048,-0.6048
1.000000,1.000000,0.6048,-0.6048
1.000000,1.000000,0.6048,-0.6048
1.000000,1.000000,0.6048,-0.6048
1.000000,1.000000,0.6048,-0.6048
1.000000,1.000000,0.6048,-0.6048
1.000000,1.000000,0.6048,-0.6048
1.000000,1.000000,0.6048,-0.6048
1.000000,1.000000,0.6048,-0.6048
1.000000,1.000000,0.6048,-0.6048
1.000000,1.000000,0.603643,-0.603643
1.000000,1.000000,0.603084,-0.603084
1.000000,1.000000,0.602525,-0.602525
1.000000,1.000000,0.601966,-0.601966
1.000000,1.000000,0.6048,-0.6048
1.000000,1.000000,0.6048,-0.6048
1.000000,1.000000,0.6048,-0.6048
1.000000,1.000000,0.6048,-0.6048
1.000000,1.000000,0.6048,-0.6048
1.000000,1.000000,0.6048,-0.6048
1.000000,1.000000,0.6048,-0.6048
1.000000,1.000000,0.6048,-0.6048
1.000000,1.000000,0.6048,-0.6048
1.000000,1.000000,0.6048,-0.6048
1.000000,1.000000,0.6048,-0.6048
1.000000,1.000000,0.6048,-0.6048
1.000000,1.000000,0.6048,-0.6048
1.000000,1.000000,0.6048,-0.6048
1.000000,1.000000,0.6048,-0.6048
1.000000,1.000000,0.6048,-0.6048
1.000000,1.000000,0.6048,-0.6048
1.000000,1.000000,0.6048,-0.6048
1.000000,1.000000,0.6048,-0.6048
1.000000,1.000000,0.6048,-0.6048
1.000000,1.000000,0.6048,-0.6048
1.000000,1.000000,0.6048,-0.6048
1.000000,1.000000,0.6048,-0.6048
1.000000,1.000000,0.6048,-0.6048
1.000000,1.000000,0.6048,-0.6048
1.000000,1.000000,0.6048,-0.6048
1.000000,1.000000,0.474021,-0.474021
1.000000,1.000000,0.473424,-0.473424
1.000000,1.000000,0.472828,-0.472828
1.000000,1.000000,0.472231,-0.472231
1.000000,1.000000,0.471634,-0.471634
1.000000,1.000000,0.565483,-0.565483
1.000000,1.000000,0.564915,-0.564915
1.000000,1.000000,0.564346,-0.564346
1.000000,1.000000,0.563778,-0.563778
1.000000,1.000000,0.6048,-0.6048
1.000000,1.000000,0.6048,-0.6048
1.000000,1.000000,0.6048,-0.6048
1.000000,1.000000,0.6048,-0.6048
1.000000,1.000000,0.6048,-0.6048
1.000000,1.000000,0.6048,-0.6048
1.000000,1.000000,0.6048,-0.6048
1.000000,1.000000,0.6048,-0.6048
1.000000,1.000000,0.6048,-0.6048
1.000000,1.000000,0.6048,-0.6048
1.000000,1.000000,0.6048,-0.6048
1.000000,1.000000,0.6048,-0.6048
1.000000,1.000000,0.6048,-0.6048
1.000000,1.000000,0.574549,-0.574549
1.000000,1.000000,0.574008,-0.574008
1.000000,1.000000,0.573466,-0.573466
1.000000,1.000000,0.572924,-0.572924
1.000000,1.000000,0.6048,-0.6048
1.000000,1.000000,0.6048,-0.6048
1.000000,1.000000,0.6048,-0.6048
1.000000,1.000000,0.6048,-0.6048
1.000000,1.000000,0.6048,-0.6048
1.000000,1.000000,0.6048,-0.6048
1.000000,1.000000,0.6048,-0.6048
1.000000,1.000000,0.6048,-0.6048
1.000000,1.000000,0.6048,-0.6048
1.000000,1.000000,0.6048,-0.6048
1.000000,1.000000,0.6048,-0.6048
1.000000,1.000000,0.6048,-0.6048
1.000000,1.000000,0.6048,-0.6048
1.000000,1.000000,0.6048,-0.6048
1.000000,1.000000,0.6048,-0.6048
1.000000,1.000000,0.6048,-0.6048
1.000000,1.000000,0.6048,-0.6048
1.000000,1.000000,0.6048,-0.6048
1.000000,1.000000,0.6048,-0.6048
1.000000,1.000000,0.6048,-0.6048
1.000000,1.000000,0.6048,-0.6048
1.000000,1.000000,0.6048,-0.6048
1.000000,1.000000,0.603603,-0.603603
1.000000,1.000000,0.603072,-0.603072
1.000000,1.000000,0.60254,-0.60254
1.000000,1.000000,0.602008,-0.602008
1.000000,1.000000,0.443704,-0.443704
1.000000,1.000000,0.443126,-0.443126
1.000000,1.000000,0.442548,-0.442548
1.000000,1.000000,0.44197,-0.44197
1.000000,1.000000,0.441391,-0.441391
1.000000,1.000000,0.536714,-0.536714
1.000000,1.000000,0.536163,-0.536163
1.000000,1.000000,0.535612,-0.535612
1.000000,1.000000,0.535061,-0.535061
1.000000,1.000000,0.6048,-0.6048
1.000000,1.000000,0.6048,-0.6048
1.000000,1.000000,0.6048,-0.6048
1.000000,1.000000,0.6048,-0.6048
1.000000,1.000000,0.6048,-0.6048
1.000000,1.000000,0.6048,-0.6048
1.000000,1.000000,0.6048,-0.6048
1.000000,1.000000,0.6048,-0.6048
1.000000,1.000000,0.6048,-0.6048
1.000000,1.000000,0.6048,-0.6048
1.000000,1.000000,0.6048,-0.6048
1.000000,1.000000,0.6048,-0.6048
1.000000,1.000000,0.6048,-0.6048
1.000000,1.000000,0.546364,-0.546364
1.000000,1.000000,0.54584,-0.54584
1.000000,1.000000,0.545316,-0.545316
1.000000,1.000000,0.544791,-0.544791
1.000000,1.000000,0.6048,-0.6048
1.000000,1.000000,0.6048,-0.6048
1.000000,1.000000,0.6048,-0.6048
1.000000,1.000000,0.6048,-0.6048
1.000000,1.000000,0.6048,-0.6048
1.000000,1.000000,0.6048,-0.6048
1.000000,1.000000,0.6048,-0.6048
1.000000,1.000000,0.6048,-0.6048
1.000000,1.000000,0.6048,-0.6048
1.000000,1.000000,0.6048,-0.6048
1.000000,1.000000,0.6048,-0.6048
1.000000,1.000000,0.6048,-0.6048
1.000000,1.000000,0.6048,-0.6048
1.000000,1.000000,0.6048,-0.6048
1.000000,1.000000,0.6048,-0.6048
1.000000,1.000000,0.6048,-0.6048
1.000000,1.000000,0.6048,-0.6048
1.000000,1.000000,0.6048,-0.6048
1.000000,1.000000,0.6048,-0.6048
1.000000,1.000000,0.6048,-0.6048
1.000000,1.000000,0.6048,-0.6048
1.000000,1.000000,0.6048,-0.6048
1.000000,1.000000,0.576515,-0.576515
1.000000,1.000000,0.576001,-0.576001
1.000000,1.000000,0.575486,-0.575486
1.000000,1.000000,0.574972,-0.574972
1.000000,1.000000,0.414359,-0.414359
1.000000,1.000000,0.4138,-0.4138
1.000000,1.000000,0.413241,-0.413241
1.000000,1.000000,0.412681,-0.412681
1.000000,1.000000,0.412122,-0.412122
1.000000,1.000000,0.50887,-0.50887
1.000000,1.000000,0.508338,-0.508338
1.000000,1.000000,0.507805,-0.507805
1.000000,1.000000,0.507272,-0.507272
1.000000,1.000000,0.595412,-0.595412
1.000000,1.000000,0.594903,-0.594903
1.000000,1.000000,0.594395,-0.594395
1.000000,1.000000,0.593886,-0.593886
1.000000,1.000000,0.6048,-0.6048
1.000000,1.000000,0.6048,-0.6048
1.000000,1.000000,0.6048,-0.6048
1.000000,1.000000,0.6048,-0.6048
1.000000,1.000000,0.6048,-0.6048
1.000000,1.000000,0.6048,-0.6048
1.000000,1.000000,0.6048,-0.6048
1.000000,1.000000,0.6048,-0.6048
1.000000,1.000000,0.6048,-0.6048
1.000000,1.000000,0.519094,-0.519094
1.000000,1.000000,0.518587,-0.518587
1.000000,1.000000,0.518079,-0.518079
1.000000,1.000000,0.517572,-0.517572
1.000000,1.000000,0.6048,-0.6048
1.000000,1.000000,0.6048,-0.6048
1.000000,1.000000,0.6048,-0.6048
1.000000,1.000000,0.6048,-0.6048
1.000000,1.000000,0.6048,-0.6048
1.000000,1.000000,0.6048,-0.6048
1.000000,1.000000,0.6048,-0.6048
1.000000,1.000000,0.6048,-0.6048
1.000000,1.000000,0.6048,-0.6048
1.000000,1.000000,0.6048,-0.6048
1.000000,1.000000,0.6048,-0.6048
1.000000,1.000000,0.6048,-0.6048
1.000000,1.000000,0.6048,-0.6048
1.000000,1.000000,0.6048,-0.6048
1.000000,1.000000,0.6048,-0.6048
1.000000,1.000000,0.6048,-0.6048
1.000000,1.000000,0.6048,-0.6048
1.000000,1.000000,0.6048,-0.6048
1.000000,1.000000,0.597174,-0.597174
1.000000,1.000000,0.596688,-0.596688
1.000000,1.000000,0.596202,-0.596202
1.000000,1.000000,0.595716,-0.595716
1.000000,1.000000,0.550299,-0.550299
1.000000,1.000000,0.549801,-0.549801
1.000000,1.000000,0.549303,-0.549303
1.000000,1.000000,0.548805,-0.548805
1.000000,1.000000,0.385957,-0.385957
1.000000,1.000000,0.385416,-0.385416
1.000000,1.000000,0.384875,-0.384875
1.000000,1.000000,0.384333,-0.384333
1.000000,1.000000,0.383792,-0.383792
1.000000,1.000000,0.481921,-0.481921
1.000000,1.000000,0.481405,-0.481405
1.000000,1.000000,0.480889,-0.480889
1.000000,1.000000,0.480374,-0.480374
1.000000,1.000000,0.569767,-0.569767
1.000000,1.000000,0.569275,-0.569275
1.000000,1.000000,0.568783,-0.568783
1.000000,1.000000,0.56829,-0.56829
1.000000,1.000000,0.6048,-0.6048
1.000000,1.000000,0.6048,-0.6048
1.000000,1.000000,0.6048,-0.6048
1.000000,1.000000,0.6048,-0.6048
1.000000,1.000000,0.6048,-0.6048
1.000000,1.000000,0.6048,-0.6048
1.000000,1.000000,0.6048,-0.6048
1.000000,1.000000,0.6048,-0.6048
1.000000,1.000000,0.6048,-0.6048
1.000000,1.000000,0.492695,-0.492695
1.000000,1.000000,0.492203,-0.492203
1.000000,1.000000,0.491712,-0.491712
1.000000,1.000000,0.49122,-0.49122
1.000000,1.000000,0.6048,-0.6048
0.897376,0.897376,0.6048,-0.6048
1.000000,1.000000,0.6048,-0.6048
0.897376,0.897376,0.6048,-0.6048
0.897376,0.897376,0.6048,-0.6048
1.000000,1.000000,0.6048,-0.6048
0.897376,0.897376,0.6048,-0.6048
1.000000,1.000000,0.6048,-0.6048
1.000000,1.000000,0.6048,-0.6048
1.000000,1.000000,0.6048,-0.6048
1.000000,1.000000,0.6048,-0.6048
1.000000,1.000000,0.6048,-0.6048
1.000000,1.000000,0.6048,-0.6048
1.000000,1.000000,0.6048,-0.6048
1.000000,1.000000,0.6048,-0.6048
1.000000,1.000000,0.6048,-0.6048
1.000000,1.000000,0.6048,-0.6048
1.000000,1.000000,0.6048,-0.6048
1.000000,1.000000,0.572334,-0.572334
1.000000,1.000000,0.571864,-0.571864
1.000000,1.000000,0.571394,-0.571394
1.000000,1.000000,0.570923,-0.570923
1.000000,1.000000,0.524916,-0.524916
1.000000,1.000000,0.524434,-0.524434
1.000000,1.000000,0.523952,-0.523952
1.000000,1.000000,0.523469,-0.523469
1.000000,1.000000,0.358457,-0.358457
1.000000,1.000000,0.357933,-0.357933
1.000000,1.000000,0.357409,-0.357409
1.000000,1.000000,0.356885,-0.356885
1.000000,1.000000,0.356361,-0.356361
1.000000,1.000000,0.455826,-0.455826
1.000000,1.000000,0.455326,-0.455326
1.000000,1.000000,0.454827,-0.454827
1.000000,1.000000,0.454328,-0.454328
1.000000,1.000000,0.544935,-0.544935
1.000000,1.000000,0.544459,-0.544459
1.000000,1.000000,0.543982,-0.543982
1.000000,1.000000,0.543505,-0.543505
1.000000,1.000000,0.6048,-0.6048
1.000000,1.000000,0.6048,-0.6048
1.000000,1.000000,0.6048,-0.6048
1.000000,1.000000,0.6048,-0.6048
1.000000,1.000000,0.6048,-0.6048
1.000000,1.000000,0.6048,-0.6048
1.000000,1.000000,0.6048,-0.6048
1.000000,1.000000,0.6048,-0.6048
1.000000,1.000000,0.6048,-0.6048
1.000000,1.000000,0.6048,-0.6048
1.000000,1.000000,0.467135,-0.467135
1.000000,1.000000,0.46666,-0.46666
1.000000,1.000000,0.466184,-0.466184
1.000000,1.000000,0.465709,-0.465709
1.000000,1.000000,0.6048,-0.6048
1.000000,1.000000,0.6048,-0.6048
1.000000,1.000000,0.6048,-0.6048
1.000000,1.000000,0.6048,-0.6048
1.000000,1.000000,0.6048,-0.6048
1.000000,1.000000,0.6048,-0.6048
1.000000,1.000000,0.6048,-0.6048
1.000000,1.000000,0.6048,-0.6048
1.000000,1.000000,0.6048,-0.6048
1.000000,1.000000,0.6048,-0.6048
1.000000,1.000000,0.6048,-0.6048
1.000000,1.000000,0.6048,-0.6048
1.000000,1.000000,0.6048,-0.6048
1.000000,1.000000,0.602215,-0.602215
1.000000,1.000000,0.601773,-0.601773
1.000000,1.000000,0.601331,-0.601331
1.000000,1.000000,0.600889,-0.600889
1.000000,1.000000,0.600447,-0.600447
1.000000,1.000000,0.548303,-0.548303
1.000000,1.000000,0.547848,-0.547848
1.000000,1.000000,0.547393,-0.547393
1.000000,1.000000,0.546938,-0.546938
1.000000,1.000000,0.500361,-0.500361
1.000000,1.000000,0.499895,-0.499895
1.000000,1.000000,0.499429,-0.499429
1.000000,1.000000,0.498963,-0.498963
1.000000,1.000000,0.331858,-0.331858
1.000000,1.000000,0.331352,-0.331352
1.000000,1.000000,0.330845,-0.330845
1.000000,1.000000,0.330339,-0.330339
1.000000,1.000000,0.329832,-0.329832
1.000000,1.000000,0.43059,-0.43059
1.000000,1.000000,0.430107,-0.430107
1.000000,1.000000,0.429624,-0.429624
1.000000,1.000000,0.429142,-0.429142
1.000000,1.000000,0.520924,-0.520924
1.000000,1.000000,0.520463,-0.520463
1.000000,1.000000,0.520003,-0.520003
1.000000,1.000000,0.519542,-0.519542
1.000000,1.000000,0.6048,-0.6048
1.000000,1.000000,0.6048,-0.6048
1.000000,1.000000,0.6048,-0.6048
1.000000,1.000000,0.6048,-0.6048
1.000000,1.000000,0.6048,-0.6048
1.000000,1.000000,0.6048,-0.6048
1.000000,1.000000,0.6048,-0.6048
1.000000,1.000000,0.6048,-0.6048
1.000000,1.000000,0.6048,-0.6048
1.000000,1.000000,0.44243,-0.44243
1.000000,1.000000,0.441972,-0.441972
1.000000,1.000000,0.441513,-0.441513
1.000000,1.000000,0.441054,-0.441054
0.897376,0.897376,0.6048,-0.6048
0.897376,0.897376,0.6048,-0.6048
1.000000,1.000000,0.6048,-0.6048
0.897376,0.897376,0.6048,-0.6048
0.897376,0.897376,0.6048,-0.6048
0.897376,0.897376,0.6048,-0.6048
0.897376,0.897376,0.6048,-0.6048
0.897376,0.897376,0.6048,-0.6048
0.897376,0.897376,0.6048,-0.6048
0.897376,0.897376,0.6048,-0.6048
0.897376,0.897376,0.6048,-0.6048
0.897376,0.897376,0.6048,-0.6048
0.897376,0.897376,0.6048,-0.6048
0.897376,0.897376,0.579562,-0.579562
1.000000,1.000000,0.579135,-0.579135
1.000000,1.000000,0.578709,-0.578709
1.000000,1.000000,0.578282,-0.578282
1.000000,1.000000,0.577856,-0.577856
1.000000,1.000000,0.525091,-0.525091
1.000000,1.000000,0.524652,-0.524652
1.000000,1.000000,0.524213,-0.524213
1.000000,1.000000,0.523774,-0.523774
1.000000,1.000000,0.476647,-0.476647
1.000000,1.000000,0.476197,-0.476197
1.000000,1.000000,0.475747,-0.475747
1.000000,1.000000,0.475297,-0.475297
1.000000,1.000000,0.306173,-0.306173
1.000000,1.000000,0.305684,-0.305684
1.000000,1.000000,0.305195,-0.305195
1.000000,1.000000,0.304706,-0.304706
1.000000,1.000000,0.304217,-0.304217
1.000000,1.000000,0.406225,-0.406225
1.000000,1.000000,0.405759,-0.405759
1.000000,1.000000,0.405293,-0.405293
1.000000,1.000000,0.404827,-0.404827
0.897376,0.897376,0.497745,-0.497745
0.897376,0.897376,0.4973,-0.4973
0.897376,0.897376,0.496855,-0.496855
0.897376,0.897376,0.496411,-0.496411
0.897376,0.897376,0.6048,-0.6048
0.897376,0.897376,0.6048,-0.6048
0.897376,0.897376,0.6048,-0.6048
0.897376,0.897376,0.6048,-0.6048
0.897376,0.897376,0.6048,-0.6048
0.897376,0.897376,0.6048,-0.6048
0.897376,0.897376,0.6048,-0.6048
0.897376,0.897376,0.6048,-0.6048
0.897376,0.897376,0.6048,-0.6048
0.897376,0.897376,0.418592,-0.418592
1.000000,1.000000,0.41815,-0.41815
1.000000,1.000000,0.417708,-0.417708
1.000000,1.000000,0.417266,-0.417266
1.000000,1.000000,0.6048,-0.6048
1.000000,1.000000,0.6048,-0.6048
1.000000,1.000000,0.6048,-0.6048
1.000000,1.000000,0.6048,-0.6048
1.000000,1.000000,0.6048,-0.6048
1.000000,1.000000,0.6048,-0.6048
1.000000,1.000000,0.6048,-0.6048
1.000000,1.000000,0.6048,-0.6048
1.000000,1.000000,0.6048,-0.6048
1.000000,1.000000,0.6048,-0.6048
1.000000,1.000000,0.6048,-0.6048
1.000000,1.000000,0.6048,-0.6048
1.000000,1.000000,0.6048,-0.6048
1.000000,1.000000,0.557718,-0.557718
1.000000,1.000000,0.557308,-0.557308
1.000000,1.000000,0.556897,-0.556897
1.000000,1.000000,0.556486,-0.556486
1.000000,1.000000,0.556075,-0.556075
1.000000,1.000000,0.502712,-0.502712
1.000000,1.000000,0.50229,-0.50229
1.000000,1.000000,0.501867,-0.501867
1.000000,1.000000,0.501444,-0.501444
1.000000,1.000000,0.453788,-0.453788
1.000000,1.000000,0.453355,-0.453355
1.000000,1.000000,0.452922,-0.452922
1.000000,1.000000,0.452489,-0.452489
1.000000,1.000000,0.281419,-0.281419
1.000000,1.000000,0.280948,-0.280948
1.000000,1.000000,0.280477,-0.280477
1.000000,1.000000,0.280006,-0.280006
1.000000,1.000000,0.279535,-0.279535
1.000000,1.000000,0.382748,-0.382748
1.000000,1.000000,0.382299,-0.382299
1.000000,1.000000,0.381851,-0.381851
1.000000,1.000000,0.381402,-0.381402
1.000000,1.000000,0.475413,-0.475413
1.000000,1.000000,0.474985,-0.474985
1.000000,1.000000,0.474557,-0.474557
1.000000,1.000000,0.474129,-0.474129
1.000000,1.000000,0.6048,-0.6048
1.000000,1.000000,0.6048,-0.6048
1.000000,1.000000,0.6048,-0.6048
1.000000,1.000000,0.6048,-0.6048
1.000000,1.000000,0.6048,-0.6048
1.000000,1.000000,0.6048,-0.6048
1.000000,1.000000,0.6048,-0.6048
1.000000,1.000000,0.6048,-0.6048
1.000000,1.000000,0.6048,-0.6048
1.000000,1.000000,0.395641,-0.395641
1.000000,1.000000,0.395217,-0.395217
1.000000,1.000000,0.394793,-0.394793
1.000000,1.000000,0.394369,-0.394369
1.000000,1.000000,0.6048,-0.6048
1.000000,1.000000,0.6048,-0.6048
1.000000,1.000000,0.6048,-0.6048
1.000000,1.000000,0.6048,-0.6048
1.000000,1.000000,0.6048,-0.6048
1.000000,1.000000,0.6048,-0.6048
1.000000,1.000000,0.6048,-0.6048
1.000000,1.000000,0.6048,-0.6048
1.000000,1.000000,0.6048,-0.6048
1.000000,1.000000,0.6048,-0.6048
1.000000,1.000000,0.6048,-0.6048
1.000000,1.000000,0.6048,-0.6048
1.000000,1.000000,0.6048,-0.6048
1.000000,1.000000,0.53671,-0.53671
1.000000,1.000000,0.536316,-0.536316
1.000000,1.000000,0.535922,-0.535922
1.000000,1.000000,0.535527,-0.535527
1.000000,1.000000,0.535133,-0.535133
1.000000,1.000000,0.481197,-0.481197
1.000000,1.000000,0.480791,-0.480791
1.000000,1.000000,0.480385,-0.480385
1.000000,1.000000,0.479979,-0.479979
1.000000,1.000000,0.431816,-0.431816
1.000000,1.000000,0.431401,-0.431401
1.000000,1.000000,0.430985,-0.430985
1.000000,1.000000,0.430569,-0.430569
1.000000,1.000000,0.257631,-0.257631
1.000000,1.000000,0.257179,-0.257179
1.000000,1.000000,0.256727,-0.256727
1.000000,1.000000,0.256275,-0.256275
1.000000,1.000000,0.255823,-0.255823
1.000000,1.000000,0.360194,-0.360194
1.000000,1.000000,0.359763,-0.359763
1.000000,1.000000,0.359333,-0.359333
1.000000,1.000000,0.358903,-0.358903
1.000000,1.000000,0.453966,-0.453966
1.000000,1.000000,0.453555,-0.453555
1.000000,1.000000,0.453145,-0.453145
1.000000,1.000000,0.452734,-0.452734
1.000000,1.000000,0.6048,-0.6048
1.000000,1.000000,0.6048,-0.6048
1.000000,1.000000,0.6048,-0.6048
1.000000,1.000000,0.6048,-0.6048
1.000000,1.000000,0.6048,-0.6048
1.000000,1.000000,0.591838,-0.591838
1.000000,1.000000,0.591475,-0.591475
1.000000,1.000000,0.591112,-0.591112
1.000000,1.000000,0.590749,-0.590749
1.000000,1.000000,0.373618,-0.373618
1.000000,1.000000,0.373212,-0.373212
1.000000,1.000000,0.372806,-0.372806
1.000000,1.000000,0.3724,-0.3724
1.000000,1.000000,0.6048,-0.6048
1.000000,1.000000,0.6048,-0.6048
1.000000,1.000000,0.6048,-0.6048
1.000000,1.000000,0.6048,-0.6048
1.000000,1.000000,0.6048,-0.6048
1.000000,1.000000,0.590093,-0.590093
1.000000,1.000000,0.589731,-0.589731
1.000000,1.000000,0.589368,-0.589368
1.000000,1.000000,0.589005,-0.589005
1.000000,1.000000,0.6048,-0.6048
1.000000,1.000000,0.6048,-0.6048
1.000000,1.000000,0.6048,-0.6048
1.000000,1.000000,0.6048,-0.6048
1.000000,1.000000,0.516574,-0.516574
1.000000,1.000000,0.516196,-0.516196
1.000000,1.000000,0.515819,-0.515819
1.000000,1.000000,0.515442,-0.515442
1.000000,1.000000,0.515065,-0.515065
1.000000,1.000000,0.46058,-0.46058
1.000000,1.000000,0.460192,-0.460192
1.000000,1.000000,0.459804,-0.459804
1.000000,1.000000,0.459416,-0.459416
1.000000,1.000000,0.410769,-0.410769
1.000000,1.000000,0.410371,-0.410371
1.000000,1.000000,0.409973,-0.409973
1.000000,1.000000,0.409575,-0.409575
1.000000,1.000000,0.234849,-0.234849
1.000000,1.000000,0.234417,-0.234417
1.000000,1.000000,0.233985,-0.233985
1.000000,1.000000,0.233553,-0.233553
1.000000,1.000000,0.23312,-0.23312
1.000000,1.000000,0.338602,-0.338602
1.000000,1.000000,0.338191,-0.338191
1.000000,1.000000,0.337779,-0.337779
1.000000,1.000000,0.337367,-0.337367
1.000000,1.000000,0.43344,-0.43344
1.000000,1.000000,0.433047,-0.433047
1.000000,1.000000,0.432654,-0.432654
1.000000,1.000000,0.432261,-0.432261
1.000000,1.000000,0.6048,-0.6048
1.000000,1.000000,0.6048,-0.6048
1.000000,1.000000,0.6048,-0.6048
1.000000,1.000000,0.6048,-0.6048
1.000000,1.000000,0.6048,-0.6048
1.000000,1.000000,0.572926,-0.572926
1.000000,1.000000,0.57258,-0.57258
1.000000,1.000000,0.572233,-0.572233
1.000000,1.000000,0.571887,-0.571887
1.000000,1.000000,0.352556,-0.352556
1.000000,1.000000,0.352169,-0.352169
1.000000,1.000000,0.351782,-0.351782
1.000000,1.000000,0.351395,-0.351395
0.979475,0.979475,0.6048,-0.6048
1.000000,1.000000,0.6048,-0.6048
1.000000,1.000000,0.6048,-0.6048
1.000000,1.000000,0.6048,-0.6048
1.000000,1.000000,0.6048,-0.6048
1.000000,1.000000,0.571428,-0.571428
1.000000,1.000000,0.571082,-0.571082
1.000000,1.000000,0.570736,-0.570736
1.000000,1.000000,0.57039,-0.57039
1.000000,1.000000,0.598034,-0.598034
1.000000,1.000000,0.597693,-0.597693
1.000000,1.000000,0.597351,-0.597351
1.000000,1.000000,0.59701,-0.59701
0.897376,0.897376,0.497333,-0.497333
1.000000,1.000000,0.496974,-0.496974
1.000000,1.000000,0.496614,-0.496614
1.000000,1.000000,0.496254,-0.496254
1.000000,1.000000,0.495894,-0.495894
1.000000,1.000000,0.440887,-0.440887
1.000000,1.000000,0.440517,-0.440517
1.000000,1.000000,0.440147,-0.440147
1.000000,1.000000,0.439776,-0.439776
1.000000,1.000000,0.390667,-0.390667
1.000000,1.000000,0.390288,-0.390288
1.000000,1.000000,0.389909,-0.389909
1.000000,1.000000,0.389529,-0.389529
1.000000,1.000000,0.213097,-0.213097
1.000000,1.000000,0.212685,-0.212685
1.000000,1.000000,0.212273,-0.212273
1.000000,1.000000,0.21186,-0.21186
1.000000,1.000000,0.211448,-0.211448
1.000000,1.000000,0.317992,-0.317992
1.000000,1.000000,0.317599,-0.317599
1.000000,1.000000,0.317206,-0.317206
1.000000,1.000000,0.316814,-0.316814
1.000000,1.000000,0.41385,-0.41385
1.000000,1.000000,0.413475,-0.413475
1.000000,1.000000,0.4131,-0.4131
1.000000,1.000000,0.412725,-0.412725
1.000000,1.000000,0.6048,-0.6048
1.000000,1.000000,0.6048,-0.6048
0.979475,0.979475,0.6048,-0.6048
1.000000,1.000000,0.6048,-0.6048
1.000000,1.000000,0.6048,-0.6048
0.979475,0.979475,0.6048,-0.6048
1.000000,1.000000,0.554886,-0.554886
1.000000,1.000000,0.554556,-0.554556
1.000000,1.000000,0.554227,-0.554227
1.000000,1.000000,0.553897,-0.553897
1.000000,1.000000,0.33247,-0.33247
1.000000,1.000000,0.332102,-0.332102
1.000000,1.000000,0.331733,-0.331733
1.000000,1.000000,0.331365,-0.331365
1.000000,1.000000,0.6048,-0.6048
1.000000,1.000000,0.6048,-0.6048
1.000000,1.000000,0.6048,-0.6048
1.000000,1.000000,0.6048,-0.6048
1.000000,1.000000,0.6048,-0.6048
0.897376,0.897376,0.553635,-0.553635
1.000000,1.000000,0.553306,-0.553306
1.000000,1.000000,0.552977,-0.552977
1.000000,1.000000,0.552647,-0.552647
1.000000,1.000000,0.580574,-0.580574
0.897376,0.897376,0.58025,-0.58025
0.897376,0.897376,0.579925,-0.579925
0.897376,0.897376,0.579601,-0.579601
1.000000,1.000000,0.479,-0.479
1.000000,1.000000,0.478658,-0.478658
1.000000,1.000000,0.478315,-0.478315
1.000000,1.000000,0.477973,-0.477973
1.000000,1.000000,0.477631,-0.477631
1.000000,1.000000,0.422127,-0.422127
1.000000,1.000000,0.421775,-0.421775
1.000000,1.000000,0.421423,-0.421423
1.000000,1.000000,0.42107,-0.42107
1.000000,1.000000,0.371523,-0.371523
1.000000,1.000000,0.371162,-0.371162
1.000000,1.000000,0.370801,-0.370801
1.000000,1.000000,0.37044,-0.37044
1.000000,1.000000,0.192385,-0.192385
1.000000,1.000000,0.191992,-0.191992
1.000000,1.000000,0.1916,-0.1916
1.000000,1.000000,0.191208,-0.191208
1.000000,1.000000,0.190816,-0.190816
1.000000,1.000000,0.298371,-0.298371
1.000000,1.000000,0.297998,-0.297998
1.000000,1.000000,0.297624,-0.297624
1.000000,1.000000,0.29725,-0.29725
1.000000,1.000000,0.395205,-0.395205
1.000000,1.000000,0.394849,-0.394849
1.000000,1.000000,0.394492,-0.394492
1.000000,1.000000,0.394135,-0.394135
1.000000,1.000000,0.598711,-0.598711
1.000000,1.000000,0.598391,-0.598391
0.979475,0.979475,0.59807,-0.59807
0.897376,0.897376,0.597749,-0.597749
0.979475,0.979475,0.6048,-0.6048
0.897376,0.897376,0.6048,-0.6048
0.979475,0.979475,0.6048,-0.6048
0.979475,0.979475,0.6048,-0.6048
0.979475,0.979475,0.6048,-0.6048
0.979475,0.979475,0.6048,-0.6048
0.897376,0.897376,0.6048,-0.6048
0.897376,0.897376,0.6048,-0.6048
0.897376,0.897376,0.6048,-0.6048
1.000000,1.000000,0.6048,-0.6048
0.897376,0.897376,0.6048,-0.6048
0.897376,0.897376,0.6048,-0.6048
1.000000,1.000000,0.6048,-0.6048
0.979475,0.979475,0.6048,-0.6048
0.897376,0.897376,0.6048,-0.6048
0.897376,0.897376,0.6048,-0.6048
1.000000,1.000000,0.6048,-0.6048
1.000000,1.000000,0.6048,-0.6048
1.000000,1.000000,0.6048,-0.6048
1.000000,1.000000,0.6048,-0.6048
0.897376,0.897376,0.6048,-0.6048
0.897376,0.897376,0.6048,-0.6048
0.897376,0.897376,0.6048,-0.6048
1.000000,1.000000,0.6048,-0.6048
1.000000,1.000000,0.6048,-0.6048
1.000000,1.000000,0.6048,-0.6048
1.000000,1.000000,0.6048,-0.6048
1.000000,1.000000,0.6048,-0.6048
1.000000,1.000000,0.6048,-0.6048
1.000000,1.000000,0.6048,-0.6048
1.000000,1.000000,0.6048,-0.6048
1.000000,1.000000,0.6048,-0.6048
1.000000,1.000000,0.6048,-0.6048
1.000000,1.000000,0.6048,-0.6048
1.000000,1.000000,0.6048,-0.6048
1.000000,1.000000,0.532579,-0.532579
1.000000,1.000000,0.532207,-0.532207
1.000000,1.000000,0.531836,-0.531836
1.000000,1.000000,0.531464,-0.531464
1.000000,1.000000,0.531092,-0.531092
1.000000,1.000000,0.6048,-0.6048
1.000000,1.000000,0.6048,-0.6048
0.897376,0.897376,0.6048,-0.6048
0.897376,0.897376,0.6048,-0.6048
0.897376,0.897376,0.6048,-0.6048
0.897376,0.897376,0.6048,-0.6048
0.897376,0.897376,0.6048,-0.6048
0.897376,0.897376,0.6048,-0.6048
0.897376,0.897376,0.6048,-0.6048
0.897376,0.897376,0.6048,-0.6048
0.897376,0.897376,0.6048,-0.6048
0.897376,0.897376,0.6048,-0.6048
0.897376,0.897376,0.6048,-0.6048
0.897376,0.897376,0.6048,-0.6048
0.897376,0.897376,0.6048,-0.6048
0.897376,0.897376,0.6048,-0.6048
0.897376,0.897376,0.6048,-0.6048
0.897376,0.897376,0.6048,-0.6048
0.897376,0.897376,0.6048,-0.6048
0.897376,0.897376,0.6048,-0.6048
0.897376,0.897376,0.6048,-0.6048
0.897376,0.897376,0.6048,-0.6048
0.897376,0.897376,0.6048,-0.6048
0.897376,0.897376,0.6048,-0.6048
0.979475,0.979475,0.6048,-0.6048
0.897376,0.897376,0.6048,-0.6048
0.897376,0.897376,0.6048,-0.6048
0.897376,0.897376,0.6048,-0.6048
0.897376,0.897376,0.6048,-0.6048
0.897376,0.897376,0.6048,-0.6048
0.897376,0.897376,0.6048,-0.6048
0.979475,0.979475,0.6048,-0.6048
1.000000,1.000000,0.6048,-0.6048
1.000000,1.000000,0.6048,-0.6048
1.000000,1.000000,0.6048,-0.6048
1.000000,1.000000,0.6048,-0.6048
1.000000,1.000000,0.6048,-0.6048
1.000000,1.000000,0.6048,-0.6048
1.000000,1.000000,0.6048,-0.6048
1.000000,1.000000,0.6048,-0.6048
1.000000,1.000000,0.6048,-0.6048
1.000000,1.000000,0.6048,-0.6048
1.000000,1.000000,0.6048,-0.6048
1.000000,1.000000,0.6048,-0.6048
1.000000,1.000000,0.6048,-0.6048
1.000000,1.000000,0.6048,-0.6048
1.000000,1.000000,0.6048,-0.6048
1.000000,1.000000,0.513996,-0.513996
1.000000,1.000000,0.513645,-0.513645
1.000000,1.000000,0.513294,-0.513294
1.000000,1.000000,0.512943,-0.512943
1.000000,1.000000,0.512592,-0.512592
1.000000,1.000000,0.6048,-0.6048
1.000000,1.000000,0.6048,-0.6048
1.000000,1.000000,0.6048,-0.6048
1.000000,1.000000,0.6048,-0.6048
1.000000,1.000000,0.6048,-0.6048
1.000000,1.000000,0.6048,-0.6048
1.000000,1.000000,0.6048,-0.6048
1.000000,1.000000,0.6048,-0.6048
0.897376,0.897376,0.6048,-0.6048
0.897376,0.897376,0.6048,-0.6048
0.897376,0.897376,0.6048,-0.6048
0.897376,0.897376,0.6048,-0.6048
0.897376,0.897376,0.6048,-0.6048
0.897376,0.897376,0.6048,-0.6048
0.897376,0.897376,0.6048,-0.6048
1.000000,1.000000,0.6048,-0.6048
1.000000,1.000000,0.6048,-0.6048
1.000000,1.000000,0.6048,-0.6048
1.000000,1.000000,0.6048,-0.6048
1.000000,1.000000,0.6048,-0.6048
1.000000,1.000000,0.6048,-0.6048
1.000000,1.000000,0.6048,-0.6048
1.000000,1.000000,0.6048,-0.6048
0.979475,0.979475,0.6048,-0.6048
0.897376,0.897376,0.6048,-0.6048
0.897376,0.897376,0.6048,-0.6048
0.897376,0.897376,0.6048,-0.6048
0.897376,0.897376,0.6048,-0.6048
0.897376,0.897376,0.6048,-0.6048
0.897376,0.897376,0.6048,-0.6048
0.897376,0.897376,0.6048,-0.6048
0.897376,0.897376,0.6048,-0.6048
0.897376,0.897376,0.6048,-0.6048
0.897376,0.897376,0.6048,-0.6048
0.897376,0.897376,0.6048,-0.6048
1.000000,1.000000,0.6048,-0.6048
1.000000,1.000000,0.6048,-0.6048
0.897376,0.897376,0.6048,-0.6048
0.979475,0.979475,0.6048,-0.6048
1.000000,1.000000,0.6048,-0.6048
1.000000,1.000000,0.6048,-0.6048
1.000000,1.000000,0.6048,-0.6048
1.000000,1.000000,0.6048,-0.6048
1.000000,1.000000,0.6048,-0.6048
1.000000,1.000000,0.6048,-0.6048
0.897376,0.897376,0.6048,-0.6048
0.897376,0.897376,0.6048,-0.6048
1.000000,1.000000,0.49651,-0.49651
1.000000,1.000000,0.49618,-0.49618
0.897376,0.897376,0.49585,-0.49585
1.000000,1.000000,0.495521,-0.495521
0.897376,0.897376,0.495191,-0.495191
0.897376,0.897376,0.6048,-0.6048
0.897376,0.897376,0.6048,-0.6048
0.897376,0.897376,0.6048,-0.6048
0.897376,0.897376,0.604534,-0.604534
0.897376,0.897376,0.6048,-0.6048
0.897376,0.897376,0.6048,-0.6048
0.897376,0.897376,0.6048,-0.6048
0.897376,0.897376,0.6048,-0.6048
0.897376,0.897376,0.6048,-0.6048
0.897376,0.897376,0.6048,-0.6048
0.897376,0.897376,0.6048,-0.6048
0.897376,0.897376,0.6048,-0.6048
0.897376,0.897376,0.6048,-0.6048
0.897376,0.897376,0.6048,-0.6048
0.897376,0.897376,0.6048,-0.6048
0.897376,0.897376,0.6048,-0.6048
0.897376,0.897376,0.6048,-0.6048
0.897376,0.897376,0.6048,-0.6048
0.897376,0.897376,0.6048,-0.6048
0.897376,0.897376,0.6048,-0.6048
0.897376,0.897376,0.6048,-0.6048
0.897376,0.897376,0.6048,-0.6048
0.897376,0.897376,0.6048,-0.6048
0.897376,0.897376,0.6048,-0.6048
0.897376,0.897376,0.6048,-0.6048
0.897376,0.897376,0.6048,-0.6048
0.897376,0.897376,0.6048,-0.6048
0.897376,0.897376,0.6048,-0.6048
0.897376,0.897376,0.6048,-0.6048
0.897376,0.897376,0.6048,-0.6048
0.897376,0.897376,0.6048,-0.6048
0.897376,0.897376,0.6048,-0.6048
0.897376,0.897376,0.6048,-0.6048
0.897376,0.897376,0.6048,-0.6048
0.897376,0.897376,0.6048,-0.6048
0.897376,0.897376,0.6048,-0.6048
0.897376,0.897376,0.6048,-0.6048
0.897376,0.897376,0.6048,-0.6048
0.897376,0.897376,0.6048,-0.6048
0.897376,0.897376,0.6048,-0.6048
0.897376,0.897376,0.6048,-0.6048
0.897376,0.897376,0.6048,-0.6048
0.897376,0.897376,0.6048,-0.6048
0.897376,0.897376,0.6048,-0.6048
0.897376,0.897376,0.6048,-0.6048
0.897376,0.897376,0.6048,-0.6048
0.897376,0.897376,0.6048,-0.6048
0.897376,0.897376,0.480111,-0.480111
0.897376,0.897376,0.479802,-0.479802
0.897376,0.897376,0.479493,-0.479493
0.897376,0.897376,0.479184,-0.479184
0.897376,0.897376,0.478875,-0.478875
0.897376,0.897376,0.589965,-0.589965
0.897376,0.897376,0.589671,-0.589671
0.897376,0.897376,0.589377,-0.589377
0.897376,0.897376,0.589082,-0.589082
0.897376,0.897376,0.6048,-0.6048
0.897376,0.897376,0.6048,-0.6048
0.897376,0.897376,0.6048,-0.6048
0.897376,0.897376,0.6048,-0.6048
1.000000,1.000000,0.6048,-0.6048
1.000000,1.000000,0.6048,-0.6048
1.000000,1.000000,0,-0
1.000000,1.000000,0.6048,-0.6048
1.000000,1.000000,0,-0
1.000000,1.000000,0,-0
1.000000,1.000000,0,-0
1.000000,1.000000,0,-0
1.000000,1.000000,0,-0
1.000000,1.000000,0,-0
1.000000,1.000000,0,-0
1.000000,1.000000,0,-0
1.000000,1.000000,0,-0
1.000000,1.000000,0,-0
1.000000,1.000000,0,-0
1.000000,1.000000,0,-0
1.000000,1.000000,0,-0
1.000000,1.000000,0,-0
1.000000,1.000000,0,-0
1.000000,1.000000,0,-0
1.000000,1.000000,0,-0
1.000000,1.000000,0,-0
1.000000,1.000000,0,-0
1.000000,1.000000,0,-0
1.000000,1.000000,0,-0
1.000000,1.000000,0,-0
1.000000,1.000000,0,-0
1.000000,1.000000,0,-0
1.000000,1.000000,0,-0
1.000000,1.000000,0,-0
1.000000,1.000000,0,-0
1.000000,1.000000,0,-0
1.000000,1.000000,0,-0
1.000000,1.000000,0,-0
1.000000,1.000000,0,-0
1.000000,1.000000,0,-0
1.000000,1.000000,0,-0
1.000000,1.000000,0,-0
1.000000,1.000000,0,-0
1.000000,1.000000,0,-0
1.000000,1.000000,0,-0
1.000000,1.000000,0,-0
1.000000,1.000000,0.46392,-0.46392
1.000000,1.000000,0.463631,-0.463631
1.000000,1.000000,0.575474,-0.575474
0.979475,0.979475,0.575199,-0.575199
0.979475,0.979475,0.574925,-0.574925
1.000000,1.000000,0.57465,-0.57465
0.897376,0.897376,0.6048,-0.6048
0.897376,0.897376,0.6048,-0.6048
0.897376,0.897376,0.6048,-0.6048
1.000000,1.000000,0.6048,-0.6048
1.000000,1.000000,0.6048,-0.6048
1.000000,1.000000,0,-0
1.000000,1.000000,0,-0
1.000000,1.000000,0,-0
1.000000,1.000000,0,-0
1.000000,1.000000,0,-0
1.000000,1.000000,0,-0
1.000000,1.000000,0,-0
1.000000,1.000000,0,-0
1.000000,1.000000,0,-0
1.000000,1.000000,0,-0
1.000000,1.000000,0,-0
1.000000,1.000000,0,-0
1.000000,1.000000,0,-0
1.000000,1.000000,0,-0
1.000000,1.000000,0,-0
1.000000,1.000000,0,-0
1.000000,1.000000,0,-0
1.000000,1.000000,0,-0
1.000000,1.000000,0,-0
1.000000,1.000000,0,-0
1.000000,1.000000,0,-0
1.000000,1.000000,0,-0
1.000000,1.000000,0,-0
1.000000,1.000000,0,-0
1.000000,1.000000,0,-0
1.000000,1.000000,0,-0
1.000000,1.000000,0,-0
1.000000,1.000000,0,-0
1.000000,1.000000,0,-0
1.000000,1.000000,0,-0
1.000000,1.000000,0,-0
1.000000,1.000000,0,-0
1.000000,1.000000,0,-0
1.000000,1.000000,0,-0
1.000000,1.000000,0,-0
1.000000,1.000000,0,-0
1.000000,1.000000,0,-0
1.000000,1.000000,0,-0
1.000000,1.000000,0,-0
1.000000,1.000000,0,-0
1.000000,1.000000,0,-0
1.000000,1.000000,0,-0
1.000000,1.000000,0,-0
1.000000,1.000000,0,-0
1.000000,1.000000,0,-0
1.000000,1.000000,0,-0
1.000000,1.000000,0,-0
1.000000,1.000000,0,-0
1.000000,1.000000,0,-0
1.000000,1.000000,0,-0
1.000000,1.000000,0,-0
1.000000,1.000000,0,-0
1.000000,1.000000,0,-0
1.000000,1.000000,0,-0
1.000000,1.000000,0,-0
1.000000,1.000000,0,-0
1.000000,1.000000,0,-0
1.000000,1.000000,0,-0
1.000000,1.000000,0,-0
1.000000,1.000000,0,-0
1.000000,1.000000,0,-0
1.000000,1.000000,0,-0
1.000000,1.000000,0,-0
1.000000,1.000000,0,-0
1.000000,1.000000,0,-0
1.000000,1.000000,0,-0
1.000000,1.000000,0,-0
1.000000,1.000000,0,-0
1.000000,1.000000,0,-0
1.000000,1.000000,0,-0
1.000000,1.000000,0,-0
1.000000,1.000000,0,-0
1.000000,1.000000,0,-0
1.000000,1.000000,0,-0
1.000000,1.000000,0,-0
1.000000,1.000000,0,-0
1.000000,1.000000,0,-0
1.000000,1.000000,0,-0
1.000000,1.000000,0,-0
1.000000,1.000000,0,-0
1.000000,1.000000,0,-0
1.000000,1.000000,0,-0
1.000000,1.000000,0,-0
1.000000,1.000000,0,-0
1.000000,1.000000,0,-0
1.000000,1.000000,0,-0
1.000000,1.000000,0,-0
1.000000,1.000000,0,-0
1.000000,1.000000,0,-0
1.000000,1.000000,0,-0
1.000000,1.000000,0,-0
1.000000,1.000000,0,-0
1.000000,1.000000,0,-0
1.000000,1.000000,0,-0
1.000000,1.000000,0,-0
1.000000,1.000000,0,-0
1.000000,1.000000,0,-0
1.000000,1.000000,0,-0
1.000000,1.000000,0,-0
1.000000,1.000000,0,-0
1.000000,1.000000,0,-0
1.000000,1.000000,0,-0
1.000000,1.000000,0,-0
1.000000,1.000000,0,-0
1.000000,1.000000,0,-0
1.000000,1.000000,0,-0
1.000000,1.000000,0,-0
1.000000,1.000000,0,-0
1.000000,1.000000,0,-0
1.000000,1.000000,0,-0
1.000000,1.000000,0,-0
1.000000,1.000000,0,-0
1.000000,1.000000,0,-0
1.000000,1.000000,0,-0
1.000000,1.000000,0,-0
1.000000,1.000000,0,-0
1.000000,1.000000,0,-0
1.000000,1.000000,0,-0
1.000000,1.000000,0,-0
1.000000,1.000000,0,-0
1.000000,1.000000,0,-0
1.000000,1.000000,0,-0
1.000000,1.000000,0,-0
1.000000,1.000000,0.6048,-0.6048
1.000000,1.000000,0.6048,-0.6048
1.000000,1.000000,0.6048,-0.6048
1.000000,1.000000,0.6048,-0.6048
1.000000,1.000000,0.6048,-0.6048
1.000000,1.000000,0.6048,-0.6048
1.000000,1.000000,0.6048,-0.6048
1.000000,1.000000,0.6048,-0.6048
1.000000,1.000000,0.6048,-0.6048
1.000000,1.000000,0.6048,-0.6048
1.000000,1.000000,0.6048,-0.6048
1.000000,1.000000,0.6048,-0.6048
1.000000,1.000000,0.6048,-0.6048
1.000000,1.000000,0.6048,-0.6048
1.000000,1.000000,0.6048,-0.6048
1.000000,1.000000,0.6048,-0.6048
1.000000,1.000000,0.6048,-0.6048
1.000000,1.000000,0.6048,-0.6048
1.000000,1.000000,0.6048,-0.6048
1.000000,1.000000,0.6048,-0.6048
1.000000,1.000000,0.425206,-0.425206
1.000000,1.000000,0,-0
1.000000,1.000000,0,-0
1.000000,1.000000,0.424526,-0.424526
1.000000,1.000000,0.424299,-0.424299
1.000000,1.000000,0,-0
1.000000,1.000000,0,-0
1.000000,1.000000,0,-0
1.000000,1.000000,0,-0
1.000000,1.000000,0,-0
1.000000,1.000000,0,-0
1.000000,1.000000,0,-0
1.000000,1.000000,0.6048,-0.6048
1.000000,1.000000,0.6048,-0.6048
1.000000,1.000000,0.6048,-0.6048
1.000000,1.000000,0.6048,-0.6048
1.000000,1.000000,0.6048,-0.6048
1.000000,1.000000,0.6048,-0.6048
1.000000,1.000000,0.6048,-0.6048
1.000000,1.000000,0.6048,-0.6048
1.000000,1.000000,0.6048,-0.6048
1.000000,1.000000,0.6048,-0.6048
1.000000,1.000000,0.556931,-0.556931
1.000000,1.000000,0.556736,-0.556736
1.000000,1.000000,0.556542,-0.556542
1.000000,1.000000,0.556348,-0.556348
1.000000,1.000000,0.6048,-0.6048
1.000000,1.000000,0.6048,-0.6048
1.000000,1.000000,0.6048,-0.6048
1.000000,1.000000,0.6048,-0.6048
1.000000,1.000000,0.6048,-0.6048
1.000000,1.000000,0.6048,-0.6048
1.000000,1.000000,0.6048,-0.6048
1.000000,1.000000,0.6048,-0.6048
1.000000,1.000000,0.6048,-0.6048
1.000000,1.000000,0.6048,-0.6048
1.000000,1.000000,0.6048,-0.6048
1.000000,1.000000,0.6048,-0.6048
1.000000,1.000000,0.6048,-0.6048
1.000000,1.000000,0.6048,-0.6048
1.000000,1.000000,0.6048,-0.6048
1.000000,1.000000,0.6048,-0.6048
1.000000,1.000000,0.6048,-0.6048
1.000000,1.000000,0.6048,-0.6048
1.000000,1.000000,0.6048,-0.6048
1.000000,1.000000,0.6048,-0.6048
1.000000,1.000000,0.6048,-0.6048
1.000000,1.000000,0.6048,-0.6048
1.000000,1.000000,0.603534,-0.603534
1.000000,1.000000,0.603344,-0.603344
1.000000,1.000000,0.603154,-0.603154
1.000000,1.000000,0.602964,-0.602964
1.000000,1.000000,0,-0
1.000000,1.000000,0.413926,-0.413926
1.000000,1.000000,0,-0
1.000000,1.000000,0,-0
1.000000,1.000000,0,-0
1.000000,1.000000,0,-0
1.000000,1.000000,0,-0
1.000000,1.000000,0,-0
1.000000,1.000000,0,-0
1.000000,1.000000,0,-0
1.000000,1.000000,0,-0
1.000000,1.000000,0,-0
1.000000,1.000000,0,-0
1.000000,1.000000,0,-0
1.000000,1.000000,0,-0
1.000000,1.000000,0,-0
1.000000,1.000000,0,-0
1.000000,1.000000,0,-0
1.000000,1.000000,0,-0
1.000000,1.000000,0,-0
1.000000,1.000000,0,-0
1.000000,1.000000,0,-0
1.000000,1.000000,0,-0
1.000000,1.000000,0,-0
1.000000,1.000000,0,-0
1.000000,1.000000,0,-0
1.000000,1.000000,0,-0
1.000000,1.000000,0,-0
1.000000,1.000000,0,-0
1.000000,1.000000,0,-0
1.000000,1.000000,0,-0
1.000000,1.000000,0,-0
1.000000,1.000000,0,-0
1.000000,1.000000,0,-0
1.000000,1.000000,0,-0
1.000000,1.000000,0,-0
1.000000,1.000000,0,-0
1.000000,1.000000,0,-0
1.000000,1.000000,0,-0
1.000000,1.000000,0,-0
1.000000,1.000000,0,-0
1.000000,1.000000,0,-0
1.000000,1.000000,0,-0
1.000000,1.000000,0,-0
1.000000,1.000000,0,-0
1.000000,1.000000,0,-0
1.000000,1.000000,0,-0
1.000000,1.000000,0,-0
1.000000,1.000000,0,-0
1.000000,1.000000,0,-0
1.000000,1.000000,0,-0
1.000000,1.000000,0,-0
1.000000,1.000000,0,-0
1.000000,1.000000,0,-0
1.000000,1.000000,0,-0
1.000000,1.000000,0,-0
1.000000,1.000000,0,-0
1.000000,1.000000,0,-0
1.000000,1.000000,0,-0
1.000000,1.000000,0,-0
1.000000,1.000000,0,-0
1.000000,1.000000,0,-0
1.000000,1.000000,0,-0
1.000000,1.000000,0,-0
1.000000,1.000000,0,-0
1.000000,1.000000,0,-0
1.000000,1.000000,0,-0
1.000000,1.000000,0,-0
1.000000,1.000000,0,-0
1.000000,1.000000,0,-0
1.000000,1.000000,0,-0
1.000000,1.000000,0,-0
1.000000,1.000000,0,-0
1.000000,1.000000,0,-0
1.000000,1.000000,0,-0
1.000000,1.000000,0,-0
1.000000,1.000000,0,-0
1.000000,1.000000,0,-0
1.000000,1.000000,0,-0
1.000000,1.000000,0,-0
1.000000,1.000000,0,-0
1.000000,1.000000,0,-0
1.000000,1.000000,0,-0
1.000000,1.000000,0,-0
1.000000,1.000000,0,-0
1.000000,1.000000,0,-0
1.000000,1.000000,0,-0
1.000000,1.000000,0,-0
1.000000,1.000000,0,-0
1.000000,1.000000,0,-0
1.000000,1.000000,0,-0
1.000000,1.000000,0,-0
1.000000,1.000000,0,-0
1.000000,1.000000,0,-0
1.000000,1.000000,0,-0
1.000000,1.000000,0,-0
1.000000,1.000000,0,-0
1.000000,1.000000,0,-0
1.000000,1.000000,0,-0
1.000000,1.000000,0,-0
1.000000,1.000000,0,-0
1.000000,1.000000,0,-0
1.000000,1.000000,0,-0
1.000000,1.000000,0,-0
1.000000,1.000000,0,-0
1.000000,1.000000,0,-0
1.000000,1.000000,0,-0
1.000000,1.000000,0,-0
1.000000,1.000000,0,-0
1.000000,1.000000,0,-0
1.000000,1.000000,0,-0
1.000000,1.000000,0,-0
1.000000,1.000000,0,-0
1.000000,1.000000,0,-0
1.000000,1.000000,0,-0
1.000000,1.000000,0,-0
1.000000,1.000000,0,-0
1.000000,1.000000,0,-0
1.000000,1.000000,0,-0
1.000000,1.000000,0,-0
1.000000,1.000000,0,-0
1.000000,1.000000,0,-0
1.000000,1.000000,0,-0
1.000000,1.000000,0,-0
1.000000,1.000000,0,-0
1.000000,1.000000,0,-0
1.000000,1.000000,0,-0
1.000000,1.000000,0,-0
1.000000,1.000000,0,-0
1.000000,1.000000,0,-0
1.000000,1.000000,0,-0
1.000000,1.000000,0,-0
1.000000,1.000000,0,-0
1.000000,1.000000,0,-0
1.000000,1.000000,0,-0
1.000000,1.000000,0,-0
1.000000,1.000000,0,-0
1.000000,1.000000,0,-0
1.000000,1.000000,0,-0
1.000000,1.000000,0,-0
1.000000,1.000000,0,-0
1.000000,1.000000,0,-0
1.000000,1.000000,0,-0
1.000000,1.000000,0,-0
1.000000,1.000000,0,-0
1.000000,1.000000,0,-0
1.000000,1.000000,0,-0
1.000000,1.000000,0,-0
1.000000,1.000000,0,-0
1.000000,1.000000,0,-0
1.000000,1.000000,0,-0
1.000000,1.000000,0,-0
1.000000,1.000000,0,-0
1.000000,1.000000,0,-0
1.000000,1.000000,0,-0
1.000000,1.000000,0,-0
1.000000,1.000000,0,-0
1.000000,1.000000,0,-0
1.000000,1.000000,0,-0
1.000000,1.000000,0,-0
1.000000,1.000000,0,-0
1.000000,1.000000,0,-0
1.000000,1.000000,0,-0
1.000000,1.000000,0,-0
1.000000,1.000000,0,-0
1.000000,1.000000,0,-0
1.000000,1.000000,0,-0
1.000000,1.000000,0,-0
1.000000,1.000000,0,-0
1.000000,1.000000,0,-0
1.000000,1.000000,0,-0
1.000000,1.000000,0,-0
1.000000,1.000000,0,-0
1.000000,1.000000,0,-0
1.000000,1.000000,0,-0
1.000000,1.000000,0,-0
1.000000,1.000000,0,-0
1.000000,1.000000,0,-0
1.000000,1.000000,0,-0
1.000000,1.000000,0,-0
1.000000,1.000000,0,-0
1.000000,1.000000,0,-0
1.000000,1.000000,0,-0
1.000000,1.000000,0,-0
1.000000,1.000000,0,-0
1.000000,1.000000,0,-0
1.000000,1.000000,0,-0
1.000000,1.000000,0,-0
1.000000,1.000000,0,-0
1.000000,1.000000,0,-0
1.000000,1.000000,0,-0
1.000000,1.000000,0,-0
1.000000,1.000000,0,-0
1.000000,1.000000,0,-0
1.000000,1.000000,0,-0
1.000000,1.000000,0,-0
1.000000,1.000000,0,-0
1.000000,1.000000,0,-0
1.000000,1.000000,0,-0
1.000000,1.000000,0,-0
1.000000,1.000000,0,-0
1.000000,1.000000,0,-0
1.000000,1.000000,0,-0
1.000000,1.000000,0,-0
1.000000,1.000000,0,-0
1.000000,1.000000,0,-0
1.000000,1.000000,0,-0
1.000000,1.000000,0,-0
1.000000,1.000000,0,-0
1.000000,1.000000,0,-0
1.000000,1.000000,0,-0
1.000000,1.000000,0,-0
1.000000,1.000000,0,-0
1.000000,1.000000,0,-0
1.000000,1.000000,0,-0
1.000000,1.000000,0,-0
1.000000,1.000000,0,-0
1.000000,1.000000,0,-0
1.000000,1.000000,0,-0
1.000000,1.000000,0,-0
1.000000,1.000000,0,-0
1.000000,1.000000,0,-0
1.000000,1.000000,0,-0
1.000000,1.000000,0,-0
1.000000,1.000000,0,-0
1.000000,1.000000,0,-0
1.000000,1.000000,0,-0
1.000000,1.000000,0,-0
1.000000,1.000000,0,-0
1.000000,1.000000,0,-0
1.000000,1.000000,0,-0
1.000000,1.000000,0,-0
1.000000,1.000000,0,-0
1.000000,1.000000,0,-0
1.000000,1.000000,0,-0
1.000000,1.000000,0,-0
1.000000,1.000000,0,-0
1.000000,1.000000,0,-0
1.000000,1.000000,0,-0
1.000000,1.000000,0.6048,-0.6048
1.000000,1.000000,0.6048,-0.6048
1.000000,1.000000,0.6048,-0.6048
1.000000,1.000000,0.6048,-0.6048
1.000000,1.000000,0.6048,-0.6048
1.000000,1.000000,0.6048,-0.6048
1.000000,1.000000,0.6048,-0.6048
1.000000,1.000000,0.6048,-0.6048
1.000000,1.000000,0.6048,-0.6048
1.000000,1.000000,0.6048,-0.6048
1.000000,1.000000,0.6048,-0.6048
1.000000,1.000000,0.6048,-0.6048
1.000000,1.000000,0.6048,-0.6048
1.000000,1.000000,0.6048,-0.6048
1.000000,1.000000,0.6048,-0.6048
1.000000,1.000000,0,-0
1.000000,1.000000,0,-0
1.000000,1.000000,0.6048,-0.6048
1.000000,1.000000,0.566739,-0.566739
1.000000,1.000000,0,-0
1.000000,1.000000,0,-0
1.000000,1.000000,0,-0
1.000000,1.000000,0,-0
1.000000,1.000000,0,-0
1.000000,1.000000,0,-0
1.000000,1.000000,0,-0
1.000000,1.000000,0,-0
1.000000,1.000000,0,-0
1.000000,1.000000,0,-0
1.000000,1.000000,0,-0
1.000000,1.000000,0,-0
1.000000,1.000000,0,-0
1.000000,1.000000,0,-0
1.000000,1.000000,0,-0
1.000000,1.000000,0,-0
1.000000,1.000000,0,-0
1.000000,1.000000,0,-0
1.000000,1.000000,0,-0
1.000000,1.000000,0,-0
1.000000,1.000000,0,-0
1.000000,1.000000,0,-0
1.000000,1.000000,0,-0
1.000000,1.000000,0,-0
1.000000,1.000000,0,-0
1.000000,1.000000,0,-0
1.000000,1.000000,0,-0
1.000000,1.000000,0,-0
1.000000,1.000000,0,-0
1.000000,1.000000,0,-0
1.000000,1.000000,0,-0
1.000000,1.000000,0,-0
1.000000,1.000000,0,-0
1.000000,1.000000,0,-0
1.000000,1.000000,0,-0
1.000000,1.000000,0,-0
1.000000,1.000000,0,-0
1.000000,1.000000,0,-0
1.000000,1.000000,0,-0
1.000000,1.000000,0,-0
1.000000,1.000000,0,-0
1.000000,1.000000,0,-0
1.000000,1.000000,0,-0
1.000000,1.000000,0,-0
1.000000,1.000000,0,-0
1.000000,1.000000,0,-0
1.000000,1.000000,0,-0
1.000000,1.000000,0,-0
1.000000,1.000000,0,-0
1.000000,1.000000,0,-0
1.000000,1.000000,0,-0
1.000000,1.000000,0,-0
1.000000,1.000000,0,-0
1.000000,1.000000,0,-0
1.000000,1.000000,0,-0
1.000000,1.000000,0,-0
1.000000,1.000000,0,-0
1.000000,1.000000,0,-0
1.000000,1.000000,0,-0
1.000000,1.000000,0,-0
1.000000,1.000000,0,-0
1.000000,1.000000,0,-0
1.000000,1.000000,0,-0
1.000000,1.000000,0,-0
1.000000,1.000000,0,-0
1.000000,1.000000,0,-0
1.000000,1.000000,0,-0
1.000000,1.000000,0,-0
1.000000,1.000000,0,-0
1.000000,1.000000,0,-0
1.000000,1.000000,0,-0
1.000000,1.000000,0,-0
1.000000,1.000000,0,-0
1.000000,1.000000,0,-0
1.000000,1.000000,0,-0
1.000000,1.000000,0,-0
1.000000,1.000000,0,-0
1.000000,1.000000,0,-0
1.000000,1.000000,0,-0
1.000000,1.000000,0,-0
1.000000,1.000000,0,-0
1.000000,1.000000,0,-0
1.000000,1.000000,0,-0
1.000000,1.000000,0,-0
1.000000,1.000000,0,-0
1.000000,1.000000,0,-0
1.000000,1.000000,0,-0
1.000000,1.000000,0,-0
1.000000,1.000000,0,-0
1.000000,1.000000,0,-0
1.000000,1.000000,0,-0
1.000000,1.000000,0,-0
1.000000,1.000000,0,-0
1.000000,1.000000,0,-0
1.000000,1.000000,0,-0
1.000000,1.000000,0,-0
1.000000,1.000000,0,-0
1.000000,1.000000,0,-0
1.000000,1.000000,0,-0
1.000000,1.000000,0,-0
1.000000,1.000000,0,-0
1.000000,1.000000,0,-0
1.000000,1.000000,0,-0
1.000000,1.000000,0,-0
1.000000,1.000000,0,-0
1.000000,1.000000,0,-0
1.000000,1.000000,0,-0
1.000000,1.000000,0,-0
1.000000,1.000000,0,-0
1.000000,1.000000,0,-0
1.000000,1.000000,0,-0
1.000000,1.000000,0,-0
1.000000,1.000000,0,-0
1.000000,1.000000,0,-0
1.000000,1.000000,0,-0
1.000000,1.000000,0,-0
1.000000,1.000000,0,-0
1.000000,1.000000,0,-0
1.000000,1.000000,0,-0
1.000000,1.000000,0,-0
1.000000,1.000000,0,-0
1.000000,1.000000,0,-0
1.000000,1.000000,0,-0
1.000000,1.000000,0,-0
1.000000,1.000000,0,-0
1.000000,1.000000,0,-0
1.000000,1.000000,0,-0
1.000000,1.000000,0,-0
1.000000,1.000000,0,-0
1.000000,1.000000,0,-0
1.000000,1.000000,0,-0
1.000000,1.000000,0,-0
1.000000,1.000000,0,-0
1.000000,1.000000,0,-0
1.000000,1.000000,0,-0
1.000000,1.000000,0,-0
1.000000,1.000000,0,-0
1.000000,1.000000,0,-0
1.000000,1.000000,0,-0
1.000000,1.000000,0,-0
1.000000,1.000000,0,-0
1.000000,1.000000,0,-0
1.000000,1.000000,0,-0
1.000000,1.000000,0,-0
1.000000,1.000000,0,-0
1.000000,1.000000,0,-0
1.000000,1.000000,0,-0
1.000000,1.000000,0,-0
1.000000,1.000000,0,-0
1.000000,1.000000,0,-0
1.000000,1.000000,0,-0
1.000000,1.000000,0,-0
1.000000,1.000000,0,-0
1.000000,1.000000,0,-0
1.000000,1.000000,0,-0
1.000000,1.000000,0,-0
1.000000,1.000000,0,-0
1.000000,1.000000,0,-0
1.000000,1.000000,0,-0
1.000000,1.000000,0,-0
1.000000,1.000000,0,-0
1.000000,1.000000,0,-0
1.000000,1.000000,0,-0
1.000000,1.000000,0,-0
1.000000,1.000000,0,-0
1.000000,1.000000,0,-0
1.000000,1.000000,0,-0
1.000000,1.000000,0,-0
1.000000,1.000000,0,-0
1.000000,1.000000,0,-0
1.000000,1.000000,0,-0
1.000000,1.000000,0,-0
1.000000,1.000000,0,-0
1.000000,1.000000,0,-0
1.000000,1.000000,0,-0
1.000000,1.000000,0,-0
1.000000,1.000000,0,-0
1.000000,1.000000,0,-0
1.000000,1.000000,0,-0
1.000000,1.000000,0,-0
1.000000,1.000000,0,-0
1.000000,1.000000,0,-0
1.000000,1.000000,0,-0
1.000000,1.000000,0,-0
1.000000,1.000000,0,-0
1.000000,1.000000,0,-0
1.000000,1.000000,0,-0
1.000000,1.000000,0,-0
1.000000,1.000000,0,-0
1.000000,1.000000,0,-0
1.000000,1.000000,0,-0
1.000000,1.000000,0,-0
1.000000,1.000000,0,-0
1.000000,1.000000,0,-0
1.000000,1.000000,0,-0
1.000000,1.000000,0,-0
1.000000,1.000000,0,-0
1.000000,1.000000,0,-0
1.000000,1.000000,0,-0
1.000000,1.000000,0,-0
1.000000,1.000000,0,-0
1.000000,1.000000,0,-0
1.000000,1.000000,0,-0
1.000000,1.000000,0,-0
1.000000,1.000000,0,-0
1.000000,1.000000,0,-0
1.000000,1.000000,0,-0
1.000000,1.000000,0,-0
1.000000,1.000000,0,-0
1.000000,1.000000,0,-0
1.000000,1.000000,0,-0
1.000000,1.000000,0,-0
1.000000,1.000000,0,-0
1.000000,1.000000,0,-0
1.000000,1.000000,0,-0
1.000000,1.000000,0,-0
1.000000,1.000000,0,-0
1.000000,1.000000,0,-0
1.000000,1.000000,0,-0
1.000000,1.000000,0,-0
1.000000,1.000000,0,-0
1.000000,1.000000,0,-0
1.000000,1.000000,0,-0
1.000000,1.000000,0,-0
1.000000,1.000000,0,-0
1.000000,1.000000,0,-0
1.000000,1.000000,0,-0
1.000000,1.000000,0,-0
1.000000,1.000000,0,-0
1.000000,1.000000,0,-0
1.000000,1.000000,0,-0
1.000000,1.000000,0,-0
1.000000,1.000000,0,-0
1.000000,1.000000,0,-0
1.000000,1.000000,0,-0
1.000000,1.000000,0,-0
1.000000,1.000000,0,-0
1.000000,1.000000,0,-0
1.000000,1.000000,0,-0
1.000000,1.000000,0,-0
1.000000,1.000000,0,-0
1.000000,1.000000,0,-0
1.000000,1.000000,0,-0
1.000000,1.000000,0,-0
1.000000,1.000000,0,-0
1.000000,1.000000,0,-0
1.000000,1.000000,0,-0
1.000000,1.000000,0,-0
1.000000,1.000000,0,-0
1.000000,1.000000,0,-0
1.000000,1.000000,0,-0
1.000000,1.000000,0,-0
1.000000,1.000000,0,-0
1.000000,1.000000,0,-0
1.000000,1.000000,0,-0
1.000000,1.000000,0,-0
1.000000,1.000000,0,-0
1.000000,1.000000,0,-0
1.000000,1.000000,0,-0
1.000000,1.000000,0,-0
1.000000,1.000000,0,-0
1.000000,1.000000,0,-0
1.000000,1.000000,0,-0
1.000000,1.000000,0,-0
1.000000,1.000000,0,-0
1.000000,1.000000,0,-0
1.000000,1.000000,0,-0
1.000000,1.000000,0,-0
1.000000,1.000000,0,-0
1.000000,1.000000,0,-0
1.000000,1.000000,0,-0
1.000000,1.000000,0,-0
1.000000,1.000000,0,-0
1.000000,1.000000,0,-0
1.000000,1.000000,0,-0
1.000000,1.000000,0,-0
1.000000,1.000000,0,-0
1.000000,1.000000,0,-0
1.000000,1.000000,0,-0
1.000000,1.000000,0,-0
1.000000,1.000000,0,-0
1.000000,1.000000,0,-0
1.000000,1.000000,0,-0
1.000000,1.000000,0,-0
1.000000,1.000000,0,-0
1.000000,1.000000,0,-0
1.000000,1.000000,0,-0
1.000000,1.000000,0,-0
1.000000,1.000000,0,-0
1.000000,1.000000,0,-0
1.000000,1.000000,0,-0
1.000000,1.000000,0,-0
1.000000,1.000000,0,-0
1.000000,1.000000,0,-0
1.000000,1.000000,0,-0
1.000000,1.000000,0,-0
1.000000,1.000000,0,-0
1.000000,1.000000,0,-0
1.000000,1.000000,0,-0
1.000000,1.000000,0,-0
1.000000,1.000000,0,-0
1.000000,1.000000,0,-0
1.000000,1.000000,0,-0
1.000000,1.000000,0,-0
1.000000,1.000000,0,-0
1.000000,1.000000,0,-0
1.000000,1.000000,0,-0
1.000000,1.000000,0,-0
1.000000,1.000000,0,-0
1.000000,1.000000,0,-0
1.000000,1.000000,0,-0
1.000000,1.000000,0,-0
1.000000,1.000000,0,-0
1.000000,1.000000,0,-0
1.000000,1.000000,0,-0
1.000000,1.000000,0,-0
1.000000,1.000000,0,-0
1.000000,1.000000,0,-0
1.000000,1.000000,0,-0
1.000000,1.000000,0,-0
1.000000,1.000000,0,-0
1.000000,1.000000,0,-0
1.000000,1.000000,0,-0
1.000000,1.000000,0,-0
1.000000,1.000000,0,-0
1.000000,1.000000,0,-0
1.000000,1.000000,0,-0
1.000000,1.000000,0,-0
1.000000,1.000000,0,-0
1.000000,1.000000,0,-0
1.000000,1.000000,0,-0
1.000000,1.000000,0,-0
1.000000,1.000000,0,-0
1.000000,1.000000,0,-0
1.000000,1.000000,0,-0
1.000000,1.000000,0,-0
1.000000,1.000000,0,-0
1.000000,1.000000,0,-0
1.000000,1.000000,0,-0
1.000000,1.000000,0,-0
1.000000,1.000000,0,-0
1.000000,1.000000,0,-0
1.000000,1.000000,0,-0
1.000000,1.000000,0,-0
1.000000,1.000000,0,-0
1.000000,1.000000,0,-0
1.000000,1.000000,0,-0
1.000000,1.000000,0,-0
1.000000,1.000000,0,-0
1.000000,1.000000,0,-0
1.000000,1.000000,0,-0
1.000000,1.000000,0,-0
1.000000,1.000000,0,-0
1.000000,1.000000,0,-0
1.000000,1.000000,0,-0
1.000000,1.000000,0,-0
1.000000,1.000000,0,-0
1.000000,1.000000,0,-0
1.000000,1.000000,0,-0
1.000000,1.000000,0,-0
1.000000,1.000000,0,-0
1.000000,1.000000,0,-0
1.000000,1.000000,0,-0
1.000000,1.000000,0,-0
1.000000,1.000000,0,-0
1.000000,1.000000,0,-0
1.000000,1.000000,0,-0
1.000000,1.000000,0,-0
1.000000,1.000000,0,-0
1.000000,1.000000,0,-0
1.000000,1.000000,0,-0
1.000000,1.000000,0,-0
1.000000,1.000000,0,-0
1.000000,1.000000,0,-0
1.000000,1.000000,0,-0
1.000000,1.000000,0,-0
1.000000,1.000000,0,-0
1.000000,1.000000,0,-0
1.000000,1.000000,0,-0
