0cont_fund,0ins_pout,0ins_price,0infra_npv,0debt_serv,0gross_rev,0cont_contrib,0drought_cost,0water_price
0,0,0,0,1.62844e-42,2.48003e+07,-1.70428e+06,1.70428e+06,1.25166e+07
0,0,0,0,0,2.3394e+07,-793706,793706,1.25166e+07
0,0,0,0,0,2.34015e+07,-791803,791803,1.25166e+07
0,0,0,0,0,2.3409e+07,-789900,789900,1.25166e+07
0,0,0,0,0,2.5824e+07,-787997,787997,1.25166e+07
0,0,0,0,0,2.50927e+07,-310532,310532,1.25166e+07
0,0,0,0,0,2.5101e+07,-308404,308404,1.25166e+07
0,0,0,0,0,2.51093e+07,-306275,306275,1.25166e+07
0,0,0,0,0,2.17977e+07,-304146,304146,1.25166e+07
0,0,0,0,0,2.27992e+07,-941426,941426,1.25166e+07
0,0,0,0,0,2.28064e+07,-939597,939597,1.25166e+07
0,0,0,0,0,2.28136e+07,-937767,937767,1.25166e+07
0,0,0,0,0,2.28208e+07,-935936,935936,1.25166e+07
0,0,0,0,0,2.3652e+07,-934105,934105,1.25166e+07
0,0,0,0,0,2.34156e+07,-775482,775482,1.25166e+07
0,0,0,0,0,2.34231e+07,-773576,773576,1.25166e+07
0,0,0,0,0,2.34306e+07,-771670,771670,1.25166e+07
0,0,0,0,0,2.31165e+07,-769764,769764,1.25166e+07
0,0,0,0,0,2.32187e+07,-828868,828868,1.25166e+07
0,0,0,0,0,2.32261e+07,-826989,826989,1.25166e+07
0,0,0,0,0,2.32335e+07,-825109,825109,1.25166e+07
0,0,0,0,0,2.43622e+07,-823229,823229,1.25166e+07
0,0,0,0,0,2.40329e+07,-604582,604582,1.25166e+07
0,0,0,0,0,2.40406e+07,-602600,602600,1.25166e+07
0,0,0,0,0,2.40484e+07,-600617,600617,1.25166e+07
0,0,0,0,0,2.40561e+07,-598633,598633,1.25166e+07
0,0,0,0,0,2.43286e+07,-596649,596649,1.25166e+07
0,0,0,0,0,2.41506e+07,-475246,475246,1.25166e+07
0,0,0,0,0,2.41584e+07,-473205,473205,1.25166e+07
0,0,0,0,0,2.41662e+07,-471164,471164,1.25166e+07
0,0,0,0,0,2.47355e+07,-469122,469122,1.25166e+07
0,0,0,0,0,2.45777e+07,-360452,360452,1.25166e+07
0,0,0,0,0,2.45857e+07,-358359,358359,1.25166e+07
0,0,0,0,0,2.45937e+07,-356265,356265,1.25166e+07
0,0,0,0,0,2.64672e+07,-354171,354171,1.25166e+07
0,0,0,0,0,2.59283e+07,0,0,1.25166e+07
0,0,0,0,0,2.59405e+07,0,0,1.25166e+07
0,0,0,0,0,2.59526e+07,0,0,1.25166e+07
0,0,0,0,0,2.59647e+07,0,0,1.25166e+07
0,0,0,0,0,2.49269e+07,0,0,1.25166e+07
0,0,0,0,0,2.52337e+07,-189689,189689,1.25166e+07
0,0,0,0,0,2.5242e+07,-187521,187521,1.25166e+07
0,0,0,0,0,2.52502e+07,-185351,185351,1.25166e+07
0,0,0,0,0,2.4332e+07,-183182,183182,1.25166e+07
0,0,0,0,0,2.46727e+07,-394943,394943,1.25166e+07
0,0,0,0,0,2.46807e+07,-392872,392872,1.25166e+07
0,0,0,0,0,2.46888e+07,-390800,390800,1.25166e+07
0,0,0,0,0,2.25474e+07,-388728,388728,1.25166e+07
0,0,0,0,0,2.32489e+07,-833046,833046,1.25166e+07
0,0,0,0,0,2.32562e+07,-831181,831181,1.25166e+07
0,0,0,0,0,2.32636e+07,-829316,829316,1.25166e+07
0,0,0,0,0,2.32709e+07,-827450,827450,1.25166e+07
0,0,0,8.02286e+07,1.62844e-42,2.39791e+07,-825583,825583,1.25166e+07
0,0,0,8.02286e+07,0,2.3785e+07,-694197,694197,1.25166e+07
0,0,0,8.02286e+07,0,2.37923e+07,-692329,692329,1.25166e+07
0,0,0,8.02286e+07,0,2.37997e+07,-690460,690460,1.25166e+07
0,0,0,8.02286e+07,0,2.62737e+07,-688591,688591,1.25166e+07
0,0,0,8.02286e+07,0,2.55241e+07,-199477,199477,1.25166e+07
0,0,0,8.02286e+07,0,2.55322e+07,-197387,197387,1.25166e+07
0,0,0,8.02286e+07,0,2.55403e+07,-195297,195297,1.25166e+07
0,0,0,8.02286e+07,0,2.21473e+07,-193206,193206,1.25166e+07
0,0,0,8.02286e+07,0,2.3173e+07,-846183,846183,1.25166e+07
0,0,0,8.02286e+07,0,2.31801e+07,-844387,844387,1.25166e+07
0,0,0,8.02286e+07,0,2.31872e+07,-842590,842590,1.25166e+07
0,0,0,8.02286e+07,0,2.31942e+07,-840792,840792,1.25166e+07
0,0,0,8.02286e+07,0,2.40454e+07,-838995,838995,1.25166e+07
0,0,0,8.02286e+07,0,2.3803e+07,-676581,676581,1.25166e+07
0,0,0,8.02286e+07,0,2.38103e+07,-674710,674710,1.25166e+07
0,0,0,8.02286e+07,0,2.38176e+07,-672838,672838,1.25166e+07
0,0,0,8.02286e+07,0,2.34956e+07,-670966,670966,1.25166e+07
0,0,0,8.02286e+07,0,2.36e+07,-731588,731588,1.25166e+07
0,0,0,8.02286e+07,0,2.36072e+07,-729743,729743,1.25166e+07
0,0,0,8.02286e+07,0,2.36145e+07,-727898,727898,1.25166e+07
0,0,0,8.02286e+07,0,2.47703e+07,-726052,726052,1.25166e+07
0,0,0,8.02286e+07,0,2.44326e+07,-502187,502187,1.25166e+07
0,0,0,8.02286e+07,0,2.44402e+07,-500240,500240,1.25166e+07
0,0,0,8.02286e+07,0,2.44478e+07,-498293,498293,1.25166e+07
0,0,0,8.02286e+07,0,2.44555e+07,-496346,496346,1.25166e+07
0,0,0,8.02286e+07,0,2.47341e+07,-494398,494398,1.25166e+07
0,0,0,8.02286e+07,0,2.45516e+07,-370150,370150,1.25166e+07
0,0,0,8.02286e+07,0,2.45592e+07,-368146,368146,1.25166e+07
0,0,0,8.02286e+07,0,2.45669e+07,-366142,366142,1.25166e+07
0,0,0,8.02286e+07,0,2.51495e+07,-364137,364137,1.25166e+07
0,0,0,8.02286e+07,0,2.49876e+07,-252940,252940,1.25166e+07
0,0,0,8.02286e+07,0,2.49954e+07,-250885,250885,1.25166e+07
0,0,0,8.02286e+07,0,2.50033e+07,-248830,248830,1.25166e+07
0,0,0,8.02286e+07,0,2.69214e+07,-246774,246774,1.25166e+07
0,0,0,8.02286e+07,0,2.65494e+07,0,0,1.25166e+07
0,0,0,8.02286e+07,0,2.65613e+07,0,0,1.25166e+07
0,0,0,8.02286e+07,0,2.65732e+07,0,0,1.25166e+07
0,0,0,8.02286e+07,0,2.65851e+07,0,0,1.25166e+07
0,0,0,8.02286e+07,0,2.5522e+07,0,0,1.25166e+07
0,0,0,8.02286e+07,0,2.56562e+07,-78895.4,78895.4,1.25166e+07
0,0,0,8.02286e+07,0,2.56643e+07,-76766.3,76766.3,1.25166e+07
0,0,0,8.02286e+07,0,2.56724e+07,-74636.9,74636.9,1.25166e+07
0,0,0,8.02286e+07,0,2.4732e+07,-72506.8,72506.8,1.25166e+07
0,0,0,8.02286e+07,0,2.50805e+07,-289399,289399,1.25166e+07
0,0,0,8.02286e+07,0,2.50884e+07,-287366,287366,1.25166e+07
0,0,0,8.02286e+07,0,2.50962e+07,-285332,285332,1.25166e+07
0,0,0,8.02286e+07,0,2.29037e+07,-283298,283298,1.25166e+07
0,0,0,8.02286e+07,0,2.36216e+07,-738240,738240,1.25166e+07
0,0,0,8.02286e+07,0,2.36288e+07,-736409,736409,1.25166e+07
0,0,0,8.02286e+07,0,2.3636e+07,-734578,734578,1.25166e+07
0,0,0,8.02286e+07,0,2.36432e+07,-732747,732747,1.25166e+07
0,0,0,8.02286e+07,1.62844e-42,2.43678e+07,-730915,730915,1.25166e+07
0,0,0,8.02286e+07,0,2.41688e+07,-596505,596505,1.25166e+07
0,0,0,8.02286e+07,0,2.41759e+07,-594676,594676,1.25166e+07
0,0,0,8.02286e+07,0,2.41831e+07,-592845,592845,1.25166e+07
0,0,0,8.02286e+07,0,2.6715e+07,-591015,591015,1.25166e+07
0,0,0,8.02286e+07,0,2.59474e+07,-90470.6,90470.6,1.25166e+07
0,0,0,8.02286e+07,0,2.59554e+07,-88423.5,88423.5,1.25166e+07
0,0,0,8.02286e+07,0,2.59633e+07,-86376.1,86376.1,1.25166e+07
0,0,0,8.02286e+07,0,2.24904e+07,-84328.3,84328.3,1.25166e+07
0,0,0,8.02286e+07,0,2.35399e+07,-752715,752715,1.25166e+07
0,0,0,8.02286e+07,0,2.35468e+07,-750956,750956,1.25166e+07
0,0,0,8.02286e+07,0,2.35537e+07,-749195,749195,1.25166e+07
0,0,0,8.02286e+07,0,2.35606e+07,-747435,747435,1.25166e+07
0,0,0,8.02286e+07,0,2.44314e+07,-745674,745674,1.25166e+07
0,0,0,8.02286e+07,0,2.4183e+07,-579546,579546,1.25166e+07
0,0,0,8.02286e+07,0,2.41901e+07,-577713,577713,1.25166e+07
0,0,0,8.02286e+07,0,2.41973e+07,-575880,575880,1.25166e+07
0,0,0,8.02286e+07,0,2.38675e+07,-574047,574047,1.25166e+07
0,0,0,8.02286e+07,0,2.3974e+07,-636162,636162,1.25166e+07
0,0,0,8.02286e+07,0,2.39811e+07,-634355,634355,1.25166e+07
0,0,0,8.02286e+07,0,2.39882e+07,-632548,632548,1.25166e+07
0,0,0,8.02286e+07,0,2.51705e+07,-630740,630740,1.25166e+07
0,0,0,8.02286e+07,0,2.48246e+07,-401762,401762,1.25166e+07
0,0,0,8.02286e+07,0,2.48321e+07,-399856,399856,1.25166e+07
0,0,0,8.02286e+07,0,2.48395e+07,-397950,397950,1.25166e+07
0,0,0,8.02286e+07,0,2.4847e+07,-396043,396043,1.25166e+07
0,0,0,8.02286e+07,0,2.51318e+07,-394135,394135,1.25166e+07
0,0,0,8.02286e+07,0,2.49447e+07,-267102,267102,1.25166e+07
0,0,0,8.02286e+07,0,2.49522e+07,-265140,265140,1.25166e+07
0,0,0,8.02286e+07,0,2.49597e+07,-263177,263177,1.25166e+07
0,0,0,8.02286e+07,0,2.55554e+07,-261214,261214,1.25166e+07
0,0,0,8.02286e+07,0,2.53894e+07,-147544,147544,1.25166e+07
0,0,0,8.02286e+07,0,2.5397e+07,-145532,145532,1.25166e+07
0,0,0,8.02286e+07,0,2.54047e+07,-143519,143519,1.25166e+07
0,0,0,8.02286e+07,0,2.73665e+07,-141506,141506,1.25166e+07
0,0,0,8.02286e+07,0,2.7158e+07,0,0,1.25166e+07
0,0,0,8.02286e+07,0,2.71697e+07,0,0,1.25166e+07
0,0,0,8.02286e+07,0,2.71813e+07,0,0,1.25166e+07
0,0,0,8.02286e+07,0,2.7193e+07,0,0,1.25166e+07
0,0,0,8.02286e+07,0,2.61051e+07,0,0,1.25166e+07
0,0,0,8.02286e+07,0,2.61163e+07,0,0,1.25166e+07
0,0,0,8.02286e+07,0,2.61275e+07,0,0,1.25166e+07
0,0,0,8.02286e+07,0,2.61387e+07,0,0,1.25166e+07
0,0,0,8.02286e+07,0,2.51798e+07,0,0,1.25166e+07
0,0,0,8.02286e+07,0,2.54799e+07,-185999,185999,1.25166e+07
0,0,0,8.02286e+07,0,2.54876e+07,-184008,184008,1.25166e+07
0,0,0,8.02286e+07,0,2.54953e+07,-182017,182017,1.25166e+07
0,0,0,8.02286e+07,0,2.32528e+07,-180025,180025,1.25166e+07
0,0,0,8.02286e+07,0,2.39866e+07,-645379,645379,1.25166e+07
0,0,0,8.02286e+07,0,2.39937e+07,-643586,643586,1.25166e+07
0,0,0,8.02286e+07,0,2.40007e+07,-641794,641794,1.25166e+07
0,0,0,8.02286e+07,0,2.40078e+07,-640000,640000,1.25166e+07
0,0,0,8.02286e+07,1.62844e-42,2.47485e+07,-638207,638207,1.25166e+07
0,0,0,8.02286e+07,0,2.45445e+07,-500841,500841,1.25166e+07
0,0,0,8.02286e+07,0,2.45516e+07,-499052,499052,1.25166e+07
0,0,0,8.02286e+07,0,2.45586e+07,-497263,497263,1.25166e+07
0,0,0,8.02286e+07,0,2.71472e+07,-495474,495474,1.25166e+07
0,0,0,8.02286e+07,0,2.63872e+07,0,0,1.25166e+07
0,0,0,8.02286e+07,0,2.63981e+07,0,0,1.25166e+07
0,0,0,8.02286e+07,0,2.6409e+07,0,0,1.25166e+07
0,0,0,8.02286e+07,0,2.28608e+07,0,0,1.25166e+07
0,0,0,8.02286e+07,0,2.3899e+07,-661215,661215,1.25166e+07
0,0,0,8.02286e+07,0,2.39058e+07,-659495,659495,1.25166e+07
0,0,0,8.02286e+07,0,2.39125e+07,-657775,657775,1.25166e+07
0,0,0,8.02286e+07,0,2.39193e+07,-656054,656054,1.25166e+07
0,0,0,8.02286e+07,0,2.48092e+07,-654333,654333,1.25166e+07
0,0,0,8.02286e+07,0,2.45549e+07,-484573,484573,1.25166e+07
0,0,0,8.02286e+07,0,2.45619e+07,-482781,482781,1.25166e+07
0,0,0,8.02286e+07,0,2.45689e+07,-480990,480990,1.25166e+07
0,0,0,8.02286e+07,0,2.42314e+07,-479198,479198,1.25166e+07
0,0,0,8.02286e+07,0,2.434e+07,-542779,542779,1.25166e+07
0,0,0,8.02286e+07,0,2.43469e+07,-541013,541013,1.25166e+07
0,0,0,8.02286e+07,0,2.43538e+07,-539247,539247,1.25166e+07
0,0,0,8.02286e+07,0,2.5562e+07,-537480,537480,1.25166e+07
0,0,0,8.02286e+07,0,2.52082e+07,-303503,303503,1.25166e+07
0,0,0,8.02286e+07,0,2.52155e+07,-301640,301640,1.25166e+07
0,0,0,8.02286e+07,0,2.52227e+07,-299777,299777,1.25166e+07
0,0,0,8.02286e+07,0,2.523e+07,-297913,297913,1.25166e+07
0,0,0,8.02286e+07,0,2.55208e+07,-296049,296049,1.25166e+07
0,0,0,8.02286e+07,0,2.53292e+07,-166295,166295,1.25166e+07
0,0,0,8.02286e+07,0,2.53365e+07,-164378,164378,1.25166e+07
0,0,0,8.02286e+07,0,2.53438e+07,-162460,162460,1.25166e+07
0,0,0,8.02286e+07,0,2.59524e+07,-160541,160541,1.25166e+07
0,0,0,8.02286e+07,0,2.57823e+07,-44457.6,44457.6,1.25166e+07
0,0,0,8.02286e+07,0,2.57898e+07,-42491.1,42491.1,1.25166e+07
0,0,0,8.02286e+07,0,2.57973e+07,-40524.7,40524.7,1.25166e+07
0,0,0,8.02286e+07,0,2.78018e+07,-38557.5,38557.5,1.25166e+07
0,0,0,8.02286e+07,0,2.77532e+07,0,0,1.25166e+07
0,0,0,8.02286e+07,0,2.77646e+07,0,0,1.25166e+07
0,0,0,8.02286e+07,0,2.7776e+07,0,0,1.25166e+07
0,0,0,8.02286e+07,0,2.77874e+07,0,0,1.25166e+07
0,0,0,8.02286e+07,0,2.66752e+07,0,0,1.25166e+07
0,0,0,8.02286e+07,0,2.66861e+07,0,0,1.25166e+07
0,0,0,8.02286e+07,0,2.66971e+07,0,0,1.25166e+07
0,0,0,8.02286e+07,0,2.6708e+07,0,0,1.25166e+07
0,0,0,8.02286e+07,0,2.57278e+07,0,0,1.25166e+07
0,0,0,8.02286e+07,0,2.58704e+07,-84917.5,84917.5,1.25166e+07
0,0,0,8.02286e+07,0,2.58779e+07,-82972.5,82972.5,1.25166e+07
0,0,0,8.02286e+07,0,2.58855e+07,-81026.8,81026.8,1.25166e+07
0,0,0,8.02286e+07,0,2.35939e+07,-79080.8,79080.8,1.25166e+07
0,0,0,8.02286e+07,0,2.43434e+07,-554615,554615,1.25166e+07
0,0,0,8.02286e+07,0,2.43503e+07,-552864,552864,1.25166e+07
0,0,0,8.02286e+07,0,2.43571e+07,-551112,551112,1.25166e+07
0,0,0,8.02286e+07,0,2.4364e+07,-549360,549360,1.25166e+07
0,0,0,3.75529e+08,1.62844e-42,2.51204e+07,-547607,547607,1.25166e+07
0,0,0,3.75529e+08,0,2.49118e+07,-407355,407355,1.25166e+07
0,0,0,3.75529e+08,0,2.49186e+07,-405610,405610,1.25166e+07
0,0,0,3.75529e+08,0,2.49255e+07,-403864,403864,1.25166e+07
0,0,0,3.75529e+08,0,2.75694e+07,-402118,402118,1.25166e+07
0,0,0,3.75529e+08,0,2.69544e+07,0,0,1.25166e+07
0,0,0,3.75529e+08,0,2.69651e+07,0,0,1.25166e+07
0,0,0,3.75529e+08,0,2.69757e+07,0,0,1.25166e+07
0,0,0,3.75529e+08,0,2.3351e+07,0,0,1.25166e+07
0,0,0,3.75529e+08,0,2.42498e+07,-571822,571822,1.25166e+07
0,0,0,3.75529e+08,0,2.42564e+07,-570144,570144,1.25166e+07
0,0,0,3.75529e+08,0,2.4263e+07,-568466,568466,1.25166e+07
0,0,0,3.75529e+08,0,2.42696e+07,-566787,566787,1.25166e+07
0,0,0,3.75529e+08,0,2.51782e+07,-565108,565108,1.25166e+07
0,0,0,3.75529e+08,0,2.49181e+07,-391802,391802,1.25166e+07
0,0,0,3.75529e+08,0,2.4925e+07,-390055,390055,1.25166e+07
0,0,0,3.75529e+08,0,2.49318e+07,-388307,388307,1.25166e+07
0,0,0,3.75529e+08,0,2.45868e+07,-386559,386559,1.25166e+07
0,0,0,3.75529e+08,0,2.46974e+07,-451573,451573,1.25166e+07
0,0,0,3.75529e+08,0,2.47041e+07,-449851,449851,1.25166e+07
0,0,0,3.75529e+08,0,2.47109e+07,-448128,448128,1.25166e+07
0,0,0,3.75529e+08,0,2.59444e+07,-446404,446404,1.25166e+07
0,0,0,3.75529e+08,0,2.55827e+07,-207549,207549,1.25166e+07
0,0,0,3.75529e+08,0,2.55898e+07,-205731,205731,1.25166e+07
0,0,0,3.75529e+08,0,2.55969e+07,-203913,203913,1.25166e+07
0,0,0,3.75529e+08,0,2.5604e+07,-202095,202095,1.25166e+07
0,0,0,3.75529e+08,0,2.59006e+07,-200277,200277,1.25166e+07
0,0,0,3.75529e+08,0,2.57046e+07,-67869.8,67869.8,1.25166e+07
0,0,0,3.75529e+08,0,2.57118e+07,-65999,65999,1.25166e+07
0,0,0,3.75529e+08,0,2.57189e+07,-64127.9,64127.9,1.25166e+07
0,0,0,3.75529e+08,0,2.63399e+07,-62256.5,62256.5,1.25166e+07
0,0,0,3.75529e+08,0,2.62533e+07,0,0,1.25166e+07
0,0,0,3.75529e+08,0,2.62636e+07,0,0,1.25166e+07
0,0,0,3.75529e+08,0,2.62739e+07,0,0,1.25166e+07
0,0,0,3.75529e+08,0,2.83231e+07,0,0,1.25166e+07
0,0,0,3.75529e+08,0,2.83342e+07,0,0,1.25166e+07
0,0,0,3.75529e+08,0,2.83453e+07,0,0,1.25166e+07
0,0,0,3.75529e+08,0,2.83564e+07,0,0,1.25166e+07
0,0,0,3.75529e+08,0,2.83675e+07,0,0,1.25166e+07
0,0,0,3.75529e+08,0,2.72316e+07,0,0,1.25166e+07
0,0,0,3.75529e+08,0,2.72423e+07,0,0,1.25166e+07
0,0,0,3.75529e+08,0,2.7253e+07,0,0,1.25166e+07
0,0,0,3.75529e+08,0,2.72636e+07,0,0,1.25166e+07
0,0,0,3.75529e+08,0,2.62625e+07,0,0,1.25166e+07
0,0,0,3.75529e+08,0,2.62728e+07,0,0,1.25166e+07
0,0,0,3.75529e+08,0,2.62831e+07,0,0,1.25166e+07
0,0,0,3.75529e+08,0,2.62933e+07,0,0,1.25166e+07
0,0,0,3.75529e+08,0,2.39569e+07,0,0,1.25166e+07
0,0,0,3.75529e+08,0,2.46914e+07,-466058,466058,1.25166e+07
0,0,0,3.75529e+08,0,2.46981e+07,-464349,464349,1.25166e+07
0,0,0,3.75529e+08,0,2.47049e+07,-462641,462641,1.25166e+07
0,0,0,3.75529e+08,0,2.47116e+07,-460932,460932,1.25166e+07
0,0,0,3.75529e+08,0,2.54832e+07,-459222,459222,1.25166e+07
0,0,0,3.75529e+08,1.62844e-42,2.527e+07,-316156,316156,1.25166e+07
0,0,0,3.75529e+08,0,2.52767e+07,-314456,314456,1.25166e+07
0,0,0,3.75529e+08,0,2.52834e+07,-312755,312755,1.25166e+07
0,0,0,3.75529e+08,0,2.79813e+07,-311054,311054,1.25166e+07
0,0,0,3.75529e+08,0,2.75077e+07,0,0,1.25166e+07
0,0,0,3.75529e+08,0,2.75181e+07,0,0,1.25166e+07
0,0,0,3.75529e+08,0,2.75284e+07,0,0,1.25166e+07
0,0,0,3.75529e+08,0,2.3829e+07,0,0,1.25166e+07
0,0,0,3.75529e+08,0,2.4592e+07,-484635,484635,1.25166e+07
0,0,0,3.75529e+08,0,2.45984e+07,-483000,483000,1.25166e+07
0,0,0,3.75529e+08,0,2.46048e+07,-481364,481364,1.25166e+07
0,0,0,3.75529e+08,0,2.46112e+07,-479729,479729,1.25166e+07
0,0,0,3.75529e+08,0,2.5538e+07,-478093,478093,1.25166e+07
0,0,0,3.75529e+08,0,2.52724e+07,-301333,301333,1.25166e+07
0,0,0,3.75529e+08,0,2.5279e+07,-299630,299630,1.25166e+07
0,0,0,3.75529e+08,0,2.52857e+07,-297927,297927,1.25166e+07
0,0,0,3.75529e+08,0,2.49333e+07,-296224,296224,1.25166e+07
0,0,0,3.75529e+08,0,2.50459e+07,-362639,362639,1.25166e+07
0,0,0,3.75529e+08,0,2.50525e+07,-360961,360961,1.25166e+07
0,0,0,3.75529e+08,0,2.5059e+07,-359282,359282,1.25166e+07
0,0,0,3.75529e+08,0,2.63172e+07,-357603,357603,1.25166e+07
0,0,0,3.75529e+08,0,2.59479e+07,-113993,113993,1.25166e+07
0,0,0,3.75529e+08,0,2.59548e+07,-112223,112223,1.25166e+07
0,0,0,3.75529e+08,0,2.59617e+07,-110452,110452,1.25166e+07
0,0,0,3.75529e+08,0,2.59686e+07,-108680,108680,1.25166e+07
0,0,0,3.75529e+08,0,2.62708e+07,-106909,106909,1.25166e+07
0,0,0,3.75529e+08,0,2.61143e+07,0,0,1.25166e+07
0,0,0,3.75529e+08,0,2.61241e+07,0,0,1.25166e+07
0,0,0,3.75529e+08,0,2.61339e+07,0,0,1.25166e+07
0,0,0,3.75529e+08,0,2.67698e+07,0,0,1.25166e+07
0,0,0,3.75529e+08,0,2.67798e+07,0,0,1.25166e+07
0,0,0,3.75529e+08,0,2.67899e+07,0,0,1.25166e+07
0,0,0,3.75529e+08,0,2.67999e+07,0,0,1.25166e+07
0,0,0,3.75529e+08,0,2.82859e+07,-603674,603674,1.25166e+07
0,0,0,3.75529e+08,0,2.82965e+07,-603900,603900,1.25166e+07
0,0,0,3.75529e+08,0,2.83071e+07,-604126,604126,1.25166e+07
0,0,0,3.75529e+08,0,2.83177e+07,-604353,604353,1.25166e+07
0,0,0,3.75529e+08,0,2.83283e+07,-604579,604579,1.25166e+07
0,0,0,3.75529e+08,0,2.77738e+07,0,0,1.25166e+07
0,0,0,3.75529e+08,0,2.77842e+07,0,0,1.25166e+07
0,0,0,3.75529e+08,0,2.77946e+07,0,0,1.25166e+07
0,0,0,3.75529e+08,0,2.7805e+07,0,0,1.25166e+07
0,0,0,3.75529e+08,0,2.67835e+07,0,0,1.25166e+07
0,0,0,3.75529e+08,0,2.67936e+07,0,0,1.25166e+07
0,0,0,3.75529e+08,0,2.68036e+07,0,0,1.25166e+07
0,0,0,3.75529e+08,0,2.68136e+07,0,0,1.25166e+07
0,0,0,3.75529e+08,0,2.44305e+07,0,0,1.25166e+07
0,0,0,3.75529e+08,0,2.50305e+07,-379775,379775,1.25166e+07
0,0,0,3.75529e+08,0,2.50371e+07,-378111,378111,1.25166e+07
0,0,0,3.75529e+08,0,2.50436e+07,-376447,376447,1.25166e+07
0,0,0,3.75529e+08,0,2.50502e+07,-374782,374782,1.25166e+07
0,0,0,3.75529e+08,0,2.50476e+07,-373117,373117,1.25166e+07
0,0,0,3.75529e+08,1.00637e+07,2.79078e+07,-1.70428e+06,1.70428e+06,1.25166e+07
0,0,0,3.75529e+08,0,2.79168e+07,-1.70428e+06,1.70428e+06,1.25166e+07
0,0,0,3.75529e+08,0,2.79259e+07,-1.70428e+06,1.70428e+06,1.25166e+07
0,0,0,3.75529e+08,0,2.7935e+07,-1.70428e+06,1.70428e+06,1.25166e+07
0,0,0,3.75529e+08,0,3.06881e+07,-1.70428e+06,1.70428e+06,1.25166e+07
0,0,0,3.75529e+08,0,3.06982e+07,-1.70428e+06,1.70428e+06,1.25166e+07
0,0,0,3.75529e+08,0,3.07082e+07,-1.70428e+06,1.70428e+06,1.25166e+07
0,0,0,3.75529e+08,0,3.07164e+07,-1.70305e+06,1.70305e+06,1.25166e+07
0,0,0,3.75529e+08,0,2.69413e+07,-1.7012e+06,1.7012e+06,1.25166e+07
0,0,0,3.75529e+08,0,2.69549e+07,-1.70428e+06,1.70428e+06,1.25166e+07
0,0,0,3.75529e+08,0,2.69636e+07,-1.70428e+06,1.70428e+06,1.25166e+07
0,0,0,3.75529e+08,0,2.69723e+07,-1.70428e+06,1.70428e+06,1.25166e+07
0,0,0,3.75529e+08,0,2.6981e+07,-1.70428e+06,1.70428e+06,1.25166e+07
0,0,0,3.75529e+08,0,2.7928e+07,-1.70428e+06,1.70428e+06,1.25166e+07
0,0,0,3.75529e+08,0,2.79371e+07,-1.70428e+06,1.70428e+06,1.25166e+07
0,0,0,3.75529e+08,0,2.79461e+07,-1.70428e+06,1.70428e+06,1.25166e+07
0,0,0,3.75529e+08,0,2.79552e+07,-1.70428e+06,1.70428e+06,1.25166e+07
0,0,0,3.75529e+08,0,2.75983e+07,-1.70428e+06,1.70428e+06,1.25166e+07
0,0,0,3.75529e+08,0,2.76072e+07,-1.70428e+06,1.70428e+06,1.25166e+07
0,0,0,3.75529e+08,0,2.76162e+07,-1.70428e+06,1.70428e+06,1.25166e+07
0,0,0,3.75529e+08,0,2.76251e+07,-1.70428e+06,1.70428e+06,1.25166e+07
0,0,0,3.75529e+08,0,2.89098e+07,-1.70428e+06,1.70428e+06,1.25166e+07
0,0,0,3.75529e+08,0,2.89192e+07,-1.70428e+06,1.70428e+06,1.25166e+07
0,0,0,3.75529e+08,0,2.89286e+07,-1.70428e+06,1.70428e+06,1.25166e+07
0,0,0,3.75529e+08,0,2.89381e+07,-1.70428e+06,1.70428e+06,1.25166e+07
0,0,0,3.75529e+08,0,2.89475e+07,-1.70428e+06,1.70428e+06,1.25166e+07
0,0,0,3.75529e+08,0,2.92578e+07,-1.70428e+06,1.70428e+06,1.25166e+07
0,0,0,3.75529e+08,0,2.92673e+07,-1.70428e+06,1.70428e+06,1.25166e+07
0,0,0,3.75529e+08,0,2.92769e+07,-1.70428e+06,1.70428e+06,1.25166e+07
0,0,0,3.75529e+08,0,2.92864e+07,-1.70428e+06,1.70428e+06,1.25166e+07
0,0,0,3.75529e+08,0,2.99341e+07,-1.70428e+06,1.70428e+06,1.25166e+07
0,0,0,3.75529e+08,0,2.99438e+07,-1.70428e+06,1.70428e+06,1.25166e+07
0,0,0,3.75529e+08,0,2.99536e+07,-1.70428e+06,1.70428e+06,1.25166e+07
0,0,0,3.75529e+08,0,2.99633e+07,-1.70428e+06,1.70428e+06,1.25166e+07
0,0,0,3.75529e+08,0,2.88257e+07,-615193,615193,1.25166e+07
0,0,0,3.75529e+08,0,2.8836e+07,-615413,615413,1.25166e+07
0,0,0,3.75529e+08,0,2.88463e+07,-615633,615633,1.25166e+07
0,0,0,3.75529e+08,0,2.88566e+07,-615853,615853,1.25166e+07
0,0,0,3.75529e+08,0,2.88669e+07,-616073,616073,1.25166e+07
0,0,0,3.75529e+08,0,3.03631e+07,-1.32514e+06,1.32514e+06,1.25166e+07
0,0,0,3.75529e+08,0,3.07845e+07,-1.5895e+06,1.5895e+06,1.25166e+07
0,0,0,3.75529e+08,0,3.07917e+07,-1.58762e+06,1.58762e+06,1.25166e+07
0,0,0,3.75529e+08,0,3.07989e+07,-1.58574e+06,1.58574e+06,1.25166e+07
0,0,0,3.75529e+08,0,2.97546e+07,-1.58386e+06,1.58386e+06,1.25166e+07
0,0,0,3.75529e+08,0,2.99517e+07,-1.70428e+06,1.70428e+06,1.25166e+07
0,0,0,3.75529e+08,0,2.99615e+07,-1.70428e+06,1.70428e+06,1.25166e+07
0,0,0,3.75529e+08,0,2.99712e+07,-1.70428e+06,1.70428e+06,1.25166e+07
0,0,0,3.75529e+08,0,2.75427e+07,-1.70428e+06,1.70428e+06,1.25166e+07
0,0,0,3.75529e+08,0,2.75516e+07,-1.70428e+06,1.70428e+06,1.25166e+07
0,0,0,3.75529e+08,0,2.75605e+07,-1.70428e+06,1.70428e+06,1.25166e+07
0,0,0,3.75529e+08,0,2.75694e+07,-1.70428e+06,1.70428e+06,1.25166e+07
0,0,0,3.75529e+08,0,2.75783e+07,-1.70428e+06,1.70428e+06,1.25166e+07
0,0,0,3.75529e+08,1.00637e+07,2.83818e+07,-1.70428e+06,1.70428e+06,1.25166e+07
0,0,0,3.75529e+08,0,2.83906e+07,-1.70428e+06,1.70428e+06,1.25166e+07
0,0,0,3.75529e+08,0,2.83994e+07,-1.70428e+06,1.70428e+06,1.25166e+07
0,0,0,3.75529e+08,0,2.84082e+07,-1.70428e+06,1.70428e+06,1.25166e+07
0,0,0,3.75529e+08,0,3.12124e+07,-1.70428e+06,1.70428e+06,1.25166e+07
0,0,0,3.75529e+08,0,3.10761e+07,-1.61041e+06,1.61041e+06,1.25166e+07
0,0,0,3.75529e+08,0,3.10831e+07,-1.60861e+06,1.60861e+06,1.25166e+07
0,0,0,3.75529e+08,0,3.10901e+07,-1.60682e+06,1.60682e+06,1.25166e+07
0,0,0,3.75529e+08,0,2.72443e+07,-1.60502e+06,1.60502e+06,1.25166e+07
0,0,0,3.75529e+08,0,2.74072e+07,-1.70428e+06,1.70428e+06,1.25166e+07
0,0,0,3.75529e+08,0,2.74157e+07,-1.70428e+06,1.70428e+06,1.25166e+07
0,0,0,3.75529e+08,0,2.74241e+07,-1.70428e+06,1.70428e+06,1.25166e+07
0,0,0,3.75529e+08,0,2.74326e+07,-1.70428e+06,1.70428e+06,1.25166e+07
0,0,0,3.75529e+08,0,2.83968e+07,-1.70428e+06,1.70428e+06,1.25166e+07
0,0,0,3.75529e+08,0,2.84056e+07,-1.70428e+06,1.70428e+06,1.25166e+07
0,0,0,3.75529e+08,0,2.84143e+07,-1.70428e+06,1.70428e+06,1.25166e+07
0,0,0,3.75529e+08,0,2.84232e+07,-1.70428e+06,1.70428e+06,1.25166e+07
0,0,0,3.75529e+08,0,2.80592e+07,-1.70428e+06,1.70428e+06,1.25166e+07
0,0,0,3.75529e+08,0,2.80679e+07,-1.70428e+06,1.70428e+06,1.25166e+07
0,0,0,3.75529e+08,0,2.80766e+07,-1.70428e+06,1.70428e+06,1.25166e+07
0,0,0,3.75529e+08,0,2.80852e+07,-1.70428e+06,1.70428e+06,1.25166e+07
0,0,0,3.75529e+08,0,2.93932e+07,-1.70428e+06,1.70428e+06,1.25166e+07
0,0,0,3.75529e+08,0,2.94023e+07,-1.70428e+06,1.70428e+06,1.25166e+07
0,0,0,3.75529e+08,0,2.94114e+07,-1.70428e+06,1.70428e+06,1.25166e+07
0,0,0,3.75529e+08,0,2.94206e+07,-1.70428e+06,1.70428e+06,1.25166e+07
0,0,0,3.75529e+08,0,2.94297e+07,-1.70428e+06,1.70428e+06,1.25166e+07
0,0,0,3.75529e+08,0,2.97453e+07,-1.70428e+06,1.70428e+06,1.25166e+07
0,0,0,3.75529e+08,0,2.97545e+07,-1.70428e+06,1.70428e+06,1.25166e+07
0,0,0,3.75529e+08,0,2.97637e+07,-1.70428e+06,1.70428e+06,1.25166e+07
0,0,0,3.75529e+08,0,2.9773e+07,-1.70428e+06,1.70428e+06,1.25166e+07
0,0,0,3.75529e+08,0,3.0432e+07,-1.70428e+06,1.70428e+06,1.25166e+07
0,0,0,3.75529e+08,0,3.04125e+07,-1.68561e+06,1.68561e+06,1.25166e+07
0,0,0,3.75529e+08,0,3.04192e+07,-1.68385e+06,1.68385e+06,1.25166e+07
0,0,0,3.75529e+08,0,3.04259e+07,-1.68208e+06,1.68208e+06,1.25166e+07
0,0,0,3.75529e+08,0,3.25905e+07,-1.68032e+06,1.68032e+06,1.25166e+07
0,0,0,3.75529e+08,0,3.19041e+07,-1.23256e+06,1.23256e+06,1.25166e+07
0,0,0,3.75529e+08,0,3.19113e+07,-1.23064e+06,1.23064e+06,1.25166e+07
0,0,0,3.75529e+08,0,3.19185e+07,-1.22872e+06,1.22872e+06,1.25166e+07
0,0,0,3.75529e+08,0,3.19258e+07,-1.22681e+06,1.22681e+06,1.25166e+07
0,0,0,3.75529e+08,0,3.07193e+07,-1.22489e+06,1.22489e+06,1.25166e+07
0,0,0,3.75529e+08,0,3.1148e+07,-1.49413e+06,1.49413e+06,1.25166e+07
0,0,0,3.75529e+08,0,3.1155e+07,-1.49231e+06,1.49231e+06,1.25166e+07
0,0,0,3.75529e+08,0,3.1162e+07,-1.49048e+06,1.49048e+06,1.25166e+07
0,0,0,3.75529e+08,0,3.00986e+07,-1.48865e+06,1.48865e+06,1.25166e+07
0,0,0,3.75529e+08,0,3.04435e+07,-1.70428e+06,1.70428e+06,1.25166e+07
0,0,0,3.75529e+08,0,3.04529e+07,-1.70428e+06,1.70428e+06,1.25166e+07
0,0,0,3.75529e+08,0,3.04624e+07,-1.70428e+06,1.70428e+06,1.25166e+07
0,0,0,3.75529e+08,0,2.79899e+07,-1.70428e+06,1.70428e+06,1.25166e+07
0,0,0,3.75529e+08,0,2.79985e+07,-1.70428e+06,1.70428e+06,1.25166e+07
0,0,0,3.75529e+08,0,2.80071e+07,-1.70428e+06,1.70428e+06,1.25166e+07
0,0,0,3.75529e+08,0,2.80157e+07,-1.70428e+06,1.70428e+06,1.25166e+07
0,0,0,3.75529e+08,0,2.80243e+07,-1.70428e+06,1.70428e+06,1.25166e+07
0,0,0,3.75529e+08,1.00637e+07,2.88418e+07,-1.70428e+06,1.70428e+06,1.25166e+07
0,0,0,3.75529e+08,0,2.88503e+07,-1.70428e+06,1.70428e+06,1.25166e+07
0,0,0,3.75529e+08,0,2.88589e+07,-1.70428e+06,1.70428e+06,1.25166e+07
0,0,0,3.75529e+08,0,2.88674e+07,-1.70428e+06,1.70428e+06,1.25166e+07
0,0,0,3.75529e+08,0,3.17211e+07,-1.70428e+06,1.70428e+06,1.25166e+07
0,0,0,3.75529e+08,0,3.14391e+07,-1.51693e+06,1.51693e+06,1.25166e+07
0,0,0,3.75529e+08,0,3.14458e+07,-1.51519e+06,1.51519e+06,1.25166e+07
0,0,0,3.75529e+08,0,3.14526e+07,-1.51344e+06,1.51344e+06,1.25166e+07
0,0,0,3.75529e+08,0,2.75383e+07,-1.5117e+06,1.5117e+06,1.25166e+07
0,0,0,3.75529e+08,0,2.78461e+07,-1.70428e+06,1.70428e+06,1.25166e+07
0,0,0,3.75529e+08,0,2.78543e+07,-1.70428e+06,1.70428e+06,1.25166e+07
0,0,0,3.75529e+08,0,2.78625e+07,-1.70428e+06,1.70428e+06,1.25166e+07
0,0,0,3.75529e+08,0,2.78707e+07,-1.70428e+06,1.70428e+06,1.25166e+07
0,0,0,3.75529e+08,0,2.88515e+07,-1.70428e+06,1.70428e+06,1.25166e+07
0,0,0,3.75529e+08,0,2.886e+07,-1.70428e+06,1.70428e+06,1.25166e+07
0,0,0,3.75529e+08,0,2.88685e+07,-1.70428e+06,1.70428e+06,1.25166e+07
0,0,0,3.75529e+08,0,2.8877e+07,-1.70428e+06,1.70428e+06,1.25166e+07
0,0,0,3.75529e+08,0,2.85063e+07,-1.70428e+06,1.70428e+06,1.25166e+07
0,0,0,3.75529e+08,0,2.85147e+07,-1.70428e+06,1.70428e+06,1.25166e+07
0,0,0,3.75529e+08,0,2.85231e+07,-1.70428e+06,1.70428e+06,1.25166e+07
0,0,0,3.75529e+08,0,2.85315e+07,-1.70428e+06,1.70428e+06,1.25166e+07
0,0,0,3.75529e+08,0,2.98619e+07,-1.70428e+06,1.70428e+06,1.25166e+07
0,0,0,3.75529e+08,0,2.98708e+07,-1.70428e+06,1.70428e+06,1.25166e+07
0,0,0,3.75529e+08,0,2.98796e+07,-1.70428e+06,1.70428e+06,1.25166e+07
0,0,0,3.75529e+08,0,2.98884e+07,-1.70428e+06,1.70428e+06,1.25166e+07
0,0,0,3.75529e+08,0,2.98973e+07,-1.70428e+06,1.70428e+06,1.25166e+07
0,0,0,3.75529e+08,0,3.02179e+07,-1.70428e+06,1.70428e+06,1.25166e+07
0,0,0,3.75529e+08,0,3.02269e+07,-1.70428e+06,1.70428e+06,1.25166e+07
0,0,0,3.75529e+08,0,3.02359e+07,-1.70428e+06,1.70428e+06,1.25166e+07
0,0,0,3.75529e+08,0,3.02448e+07,-1.70428e+06,1.70428e+06,1.25166e+07
0,0,0,3.75529e+08,0,3.09149e+07,-1.70428e+06,1.70428e+06,1.25166e+07
0,0,0,3.75529e+08,0,3.07551e+07,-1.5957e+06,1.5957e+06,1.25166e+07
0,0,0,3.75529e+08,0,3.07616e+07,-1.59399e+06,1.59399e+06,1.25166e+07
0,0,0,3.75529e+08,0,3.07681e+07,-1.59228e+06,1.59228e+06,1.25166e+07
0,0,0,3.75529e+08,0,3.29699e+07,-1.59057e+06,1.59057e+06,1.25166e+07
0,0,0,3.75529e+08,0,3.22712e+07,-1.13515e+06,1.13515e+06,1.25166e+07
0,0,0,3.75529e+08,0,3.22782e+07,-1.13329e+06,1.13329e+06,1.25166e+07
0,0,0,3.75529e+08,0,3.22852e+07,-1.13143e+06,1.13143e+06,1.25166e+07
0,0,0,3.75529e+08,0,3.22922e+07,-1.12957e+06,1.12957e+06,1.25166e+07
0,0,0,3.75529e+08,0,3.10646e+07,-1.12772e+06,1.12772e+06,1.25166e+07
0,0,0,3.75529e+08,0,3.15004e+07,-1.40169e+06,1.40169e+06,1.25166e+07
0,0,0,3.75529e+08,0,3.15072e+07,-1.39992e+06,1.39992e+06,1.25166e+07
0,0,0,3.75529e+08,0,3.15139e+07,-1.39816e+06,1.39816e+06,1.25166e+07
0,0,0,3.75529e+08,0,3.04319e+07,-1.39639e+06,1.39639e+06,1.25166e+07
0,0,0,3.75529e+08,0,3.08295e+07,-1.64602e+06,1.64602e+06,1.25166e+07
0,0,0,3.75529e+08,0,3.0836e+07,-1.64433e+06,1.64433e+06,1.25166e+07
0,0,0,3.75529e+08,0,3.08425e+07,-1.64264e+06,1.64264e+06,1.25166e+07
0,0,0,3.75529e+08,0,2.83246e+07,-1.64095e+06,1.64095e+06,1.25166e+07
0,0,0,3.75529e+08,0,2.84315e+07,-1.70428e+06,1.70428e+06,1.25166e+07
0,0,0,3.75529e+08,0,2.84398e+07,-1.70428e+06,1.70428e+06,1.25166e+07
0,0,0,3.75529e+08,0,2.84482e+07,-1.70428e+06,1.70428e+06,1.25166e+07
0,0,0,3.75529e+08,0,2.84565e+07,-1.70428e+06,1.70428e+06,1.25166e+07
0,0,0,3.75529e+08,4.71056e+07,2.92875e+07,-1.70428e+06,1.70428e+06,1.25166e+07
0,0,0,3.75529e+08,0,2.92958e+07,-1.70428e+06,1.70428e+06,1.25166e+07
0,0,0,3.75529e+08,0,2.9304e+07,-1.70428e+06,1.70428e+06,1.25166e+07
0,0,0,3.75529e+08,0,2.93123e+07,-1.70428e+06,1.70428e+06,1.25166e+07
0,0,0,3.75529e+08,0,3.22139e+07,-1.70428e+06,1.70428e+06,1.25166e+07
0,0,0,3.75529e+08,0,3.17907e+07,-1.42636e+06,1.42636e+06,1.25166e+07
0,0,0,3.75529e+08,0,3.17972e+07,-1.42468e+06,1.42468e+06,1.25166e+07
0,0,0,3.75529e+08,0,3.18038e+07,-1.42299e+06,1.42299e+06,1.25166e+07
0,0,0,3.75529e+08,0,2.7823e+07,-1.42131e+06,1.42131e+06,1.25166e+07
0,0,0,3.75529e+08,0,2.82712e+07,-1.70428e+06,1.70428e+06,1.25166e+07
0,0,0,3.75529e+08,0,2.82791e+07,-1.70428e+06,1.70428e+06,1.25166e+07
0,0,0,3.75529e+08,0,2.82871e+07,-1.70428e+06,1.70428e+06,1.25166e+07
0,0,0,3.75529e+08,0,2.8295e+07,-1.70428e+06,1.70428e+06,1.25166e+07
0,0,0,3.75529e+08,0,2.92919e+07,-1.70428e+06,1.70428e+06,1.25166e+07
0,0,0,3.75529e+08,0,2.93001e+07,-1.70428e+06,1.70428e+06,1.25166e+07
0,0,0,3.75529e+08,0,2.93083e+07,-1.70428e+06,1.70428e+06,1.25166e+07
0,0,0,3.75529e+08,0,2.93166e+07,-1.70428e+06,1.70428e+06,1.25166e+07
0,0,0,3.75529e+08,0,2.89392e+07,-1.70428e+06,1.70428e+06,1.25166e+07
0,0,0,3.75529e+08,0,2.89473e+07,-1.70428e+06,1.70428e+06,1.25166e+07
0,0,0,3.75529e+08,0,2.89555e+07,-1.70428e+06,1.70428e+06,1.25166e+07
0,0,0,3.75529e+08,0,2.89636e+07,-1.70428e+06,1.70428e+06,1.25166e+07
0,0,0,3.75529e+08,0,3.03158e+07,-1.70428e+06,1.70428e+06,1.25166e+07
0,0,0,3.75529e+08,0,3.03244e+07,-1.70428e+06,1.70428e+06,1.25166e+07
0,0,0,3.75529e+08,0,3.03329e+07,-1.70428e+06,1.70428e+06,1.25166e+07
0,0,0,3.75529e+08,0,3.03415e+07,-1.70428e+06,1.70428e+06,1.25166e+07
0,0,0,3.75529e+08,0,3.035e+07,-1.70428e+06,1.70428e+06,1.25166e+07
0,0,0,3.75529e+08,0,3.06756e+07,-1.70428e+06,1.70428e+06,1.25166e+07
0,0,0,3.75529e+08,0,3.05885e+07,-1.64273e+06,1.64273e+06,1.25166e+07
0,0,0,3.75529e+08,0,3.05946e+07,-1.64112e+06,1.64112e+06,1.25166e+07
0,0,0,3.75529e+08,0,3.06008e+07,-1.6395e+06,1.6395e+06,1.25166e+07
0,0,0,3.75529e+08,0,3.1279e+07,-1.63789e+06,1.63789e+06,1.25166e+07
0,0,0,3.75529e+08,0,3.10868e+07,-1.50866e+06,1.50866e+06,1.25166e+07
0,0,0,3.75529e+08,0,3.10931e+07,-1.50701e+06,1.50701e+06,1.25166e+07
0,0,0,3.75529e+08,0,3.10994e+07,-1.50536e+06,1.50536e+06,1.25166e+07
0,0,0,3.75529e+08,0,3.33371e+07,-1.5037e+06,1.5037e+06,1.25166e+07
0,0,0,3.75529e+08,0,3.26265e+07,-1.04086e+06,1.04086e+06,1.25166e+07
0,0,0,3.75529e+08,0,3.26333e+07,-1.03906e+06,1.03906e+06,1.25166e+07
0,0,0,3.75529e+08,0,3.26401e+07,-1.03726e+06,1.03726e+06,1.25166e+07
0,0,0,3.75529e+08,0,3.26469e+07,-1.03547e+06,1.03547e+06,1.25166e+07
0,0,0,3.75529e+08,0,3.13988e+07,-1.03367e+06,1.03367e+06,1.25166e+07
0,0,0,3.75529e+08,0,3.18414e+07,-1.31223e+06,1.31223e+06,1.25166e+07
0,0,0,3.75529e+08,0,3.18479e+07,-1.31052e+06,1.31052e+06,1.25166e+07
0,0,0,3.75529e+08,0,3.18545e+07,-1.30881e+06,1.30881e+06,1.25166e+07
0,0,0,3.75529e+08,0,3.07545e+07,-1.3071e+06,1.3071e+06,1.25166e+07
0,0,0,3.75529e+08,0,3.11582e+07,-1.56089e+06,1.56089e+06,1.25166e+07
0,0,0,3.75529e+08,0,3.11645e+07,-1.55926e+06,1.55926e+06,1.25166e+07
0,0,0,3.75529e+08,0,3.11708e+07,-1.55763e+06,1.55763e+06,1.25166e+07
0,0,0,3.75529e+08,0,2.86116e+07,-1.55599e+06,1.55599e+06,1.25166e+07
0,0,0,3.75529e+08,0,2.88504e+07,-1.70428e+06,1.70428e+06,1.25166e+07
0,0,0,3.75529e+08,0,2.88585e+07,-1.70428e+06,1.70428e+06,1.25166e+07
0,0,0,3.75529e+08,0,2.88666e+07,-1.70428e+06,1.70428e+06,1.25166e+07
0,0,0,3.75529e+08,0,2.88747e+07,-1.70428e+06,1.70428e+06,1.25166e+07
0,0,0,7.24072e+08,4.71056e+07,2.97187e+07,-1.70428e+06,1.70428e+06,1.25166e+07
0,0,0,7.24072e+08,0,2.97267e+07,-1.70428e+06,1.70428e+06,1.25166e+07
0,0,0,7.24072e+08,0,2.97347e+07,-1.70428e+06,1.70428e+06,1.25166e+07
0,0,0,7.24072e+08,0,2.97427e+07,-1.70428e+06,1.70428e+06,1.25166e+07
0,0,0,7.24072e+08,0,3.26907e+07,-1.70428e+06,1.70428e+06,1.25166e+07
0,0,0,7.24072e+08,0,3.21309e+07,-1.33874e+06,1.33874e+06,1.25166e+07
0,0,0,7.24072e+08,0,3.21372e+07,-1.33711e+06,1.33711e+06,1.25166e+07
0,0,0,7.24072e+08,0,3.21436e+07,-1.33548e+06,1.33548e+06,1.25166e+07
0,0,0,7.24072e+08,0,2.80985e+07,-1.33385e+06,1.33385e+06,1.25166e+07
0,0,0,7.24072e+08,0,2.86825e+07,-1.70428e+06,1.70428e+06,1.25166e+07
0,0,0,7.24072e+08,0,2.86902e+07,-1.70428e+06,1.70428e+06,1.25166e+07
0,0,0,7.24072e+08,0,2.86979e+07,-1.70428e+06,1.70428e+06,1.25166e+07
0,0,0,7.24072e+08,0,2.87056e+07,-1.70428e+06,1.70428e+06,1.25166e+07
0,0,0,7.24072e+08,0,2.9718e+07,-1.70428e+06,1.70428e+06,1.25166e+07
0,0,0,7.24072e+08,0,2.9726e+07,-1.70428e+06,1.70428e+06,1.25166e+07
0,0,0,7.24072e+08,0,2.9734e+07,-1.70428e+06,1.70428e+06,1.25166e+07
0,0,0,7.24072e+08,0,2.97419e+07,-1.70428e+06,1.70428e+06,1.25166e+07
0,0,0,7.24072e+08,0,2.93581e+07,-1.70428e+06,1.70428e+06,1.25166e+07
0,0,0,7.24072e+08,0,2.9366e+07,-1.70428e+06,1.70428e+06,1.25166e+07
0,0,0,7.24072e+08,0,2.93739e+07,-1.70428e+06,1.70428e+06,1.25166e+07
0,0,0,7.24072e+08,0,2.93818e+07,-1.70428e+06,1.70428e+06,1.25166e+07
0,0,0,7.24072e+08,0,3.0755e+07,-1.70428e+06,1.70428e+06,1.25166e+07
0,0,0,7.24072e+08,0,3.07633e+07,-1.70428e+06,1.70428e+06,1.25166e+07
0,0,0,7.24072e+08,0,3.07716e+07,-1.70428e+06,1.70428e+06,1.25166e+07
0,0,0,7.24072e+08,0,3.07799e+07,-1.70428e+06,1.70428e+06,1.25166e+07
0,0,0,7.24072e+08,0,3.07882e+07,-1.70428e+06,1.70428e+06,1.25166e+07
0,0,0,7.24072e+08,0,3.11185e+07,-1.70428e+06,1.70428e+06,1.25166e+07
0,0,0,7.24072e+08,0,3.09028e+07,-1.5603e+06,1.5603e+06,1.25166e+07
0,0,0,7.24072e+08,0,3.09088e+07,-1.55874e+06,1.55874e+06,1.25166e+07
0,0,0,7.24072e+08,0,3.09147e+07,-1.55718e+06,1.55718e+06,1.25166e+07
0,0,0,7.24072e+08,0,3.16033e+07,-1.55561e+06,1.55561e+06,1.25166e+07
0,0,0,7.24072e+08,0,3.14078e+07,-1.42443e+06,1.42443e+06,1.25166e+07
0,0,0,7.24072e+08,0,3.14139e+07,-1.42283e+06,1.42283e+06,1.25166e+07
0,0,0,7.24072e+08,0,3.142e+07,-1.42123e+06,1.42123e+06,1.25166e+07
0,0,0,7.24072e+08,0,3.36925e+07,-1.41963e+06,1.41963e+06,1.25166e+07
0,0,0,7.24072e+08,0,3.29705e+07,-949599,949599,1.25166e+07
0,0,0,7.24072e+08,0,3.2977e+07,-947861,947861,1.25166e+07
0,0,0,7.24072e+08,0,3.29836e+07,-946121,946121,1.25166e+07
0,0,0,7.24072e+08,0,3.29902e+07,-944382,944382,1.25166e+07
0,0,0,7.24072e+08,0,3.17223e+07,-942642,942642,1.25166e+07
0,0,0,7.24072e+08,0,3.21715e+07,-1.22564e+06,1.22564e+06,1.25166e+07
0,0,0,7.24072e+08,0,3.21778e+07,-1.22398e+06,1.22398e+06,1.25166e+07
0,0,0,7.24072e+08,0,3.21841e+07,-1.22232e+06,1.22232e+06,1.25166e+07
0,0,0,7.24072e+08,0,3.10667e+07,-1.22067e+06,1.22067e+06,1.25166e+07
0,0,0,7.24072e+08,0,3.14764e+07,-1.4785e+06,1.4785e+06,1.25166e+07
0,0,0,7.24072e+08,0,3.14825e+07,-1.47691e+06,1.47691e+06,1.25166e+07
0,0,0,7.24072e+08,0,3.14886e+07,-1.47533e+06,1.47533e+06,1.25166e+07
0,0,0,7.24072e+08,0,2.88895e+07,-1.47375e+06,1.47375e+06,1.25166e+07
0,0,0,7.24072e+08,0,2.9256e+07,-1.70428e+06,1.70428e+06,1.25166e+07
0,0,0,7.24072e+08,0,2.92638e+07,-1.70428e+06,1.70428e+06,1.25166e+07
0,0,0,7.24072e+08,0,2.92716e+07,-1.70428e+06,1.70428e+06,1.25166e+07
0,0,0,7.24072e+08,0,2.92794e+07,-1.70428e+06,1.70428e+06,1.25166e+07
0,0,0,7.24072e+08,0,3.01361e+07,-1.70428e+06,1.70428e+06,1.25166e+07
0,0,0,7.24072e+08,4.71056e+07,3.01439e+07,-1.70428e+06,1.70428e+06,1.25166e+07
0,0,0,7.24072e+08,0,3.01516e+07,-1.70428e+06,1.70428e+06,1.25166e+07
0,0,0,7.24072e+08,0,3.01594e+07,-1.70428e+06,1.70428e+06,1.25166e+07
0,0,0,7.24072e+08,0,3.31523e+07,-1.70428e+06,1.70428e+06,1.25166e+07
0,0,0,7.24072e+08,0,3.24602e+07,-1.25392e+06,1.25392e+06,1.25166e+07
0,0,0,7.24072e+08,0,3.24664e+07,-1.25234e+06,1.25234e+06,1.25166e+07
0,0,0,7.24072e+08,0,3.24725e+07,-1.25076e+06,1.25076e+06,1.25166e+07
0,0,0,7.24072e+08,0,2.83652e+07,-1.24918e+06,1.24918e+06,1.25166e+07
0,0,0,7.24072e+08,0,2.90807e+07,-1.70428e+06,1.70428e+06,1.25166e+07
0,0,0,7.24072e+08,0,2.90882e+07,-1.70428e+06,1.70428e+06,1.25166e+07
0,0,0,7.24072e+08,0,2.90956e+07,-1.70428e+06,1.70428e+06,1.25166e+07
0,0,0,7.24072e+08,0,2.91031e+07,-1.70428e+06,1.70428e+06,1.25166e+07
0,0,0,7.24072e+08,0,3.01305e+07,-1.70428e+06,1.70428e+06,1.25166e+07
0,0,0,7.24072e+08,0,3.01383e+07,-1.70428e+06,1.70428e+06,1.25166e+07
0,0,0,7.24072e+08,0,3.0146e+07,-1.70428e+06,1.70428e+06,1.25166e+07
0,0,0,7.24072e+08,0,3.01537e+07,-1.70428e+06,1.70428e+06,1.25166e+07
0,0,0,7.24072e+08,0,2.97637e+07,-1.70428e+06,1.70428e+06,1.25166e+07
0,0,0,7.24072e+08,0,2.97713e+07,-1.70428e+06,1.70428e+06,1.25166e+07
0,0,0,7.24072e+08,0,2.9779e+07,-1.70428e+06,1.70428e+06,1.25166e+07
0,0,0,7.24072e+08,0,2.97866e+07,-1.70428e+06,1.70428e+06,1.25166e+07
0,0,0,7.24072e+08,0,3.11803e+07,-1.70428e+06,1.70428e+06,1.25166e+07
0,0,0,7.24072e+08,0,3.1081e+07,-1.63529e+06,1.63529e+06,1.25166e+07
0,0,0,7.24072e+08,0,3.10867e+07,-1.63383e+06,1.63383e+06,1.25166e+07
0,0,0,7.24072e+08,0,3.10925e+07,-1.63236e+06,1.63236e+06,1.25166e+07
0,0,0,7.24072e+08,0,3.10982e+07,-1.63089e+06,1.63089e+06,1.25166e+07
0,0,0,7.24072e+08,0,3.14308e+07,-1.62942e+06,1.62942e+06,1.25166e+07
0,0,0,7.24072e+08,0,3.12072e+07,-1.48049e+06,1.48049e+06,1.25166e+07
0,0,0,7.24072e+08,0,3.1213e+07,-1.47897e+06,1.47897e+06,1.25166e+07
0,0,0,7.24072e+08,0,3.12187e+07,-1.47746e+06,1.47746e+06,1.25166e+07
0,0,0,7.24072e+08,0,3.19173e+07,-1.47595e+06,1.47595e+06,1.25166e+07
0,0,0,7.24072e+08,0,3.17186e+07,-1.34287e+06,1.34287e+06,1.25166e+07
0,0,0,7.24072e+08,0,3.17245e+07,-1.34132e+06,1.34132e+06,1.25166e+07
0,0,0,7.24072e+08,0,3.17304e+07,-1.33977e+06,1.33977e+06,1.25166e+07
0,0,0,7.24072e+08,0,3.40366e+07,-1.33822e+06,1.33822e+06,1.25166e+07
0,0,0,7.24072e+08,0,3.33035e+07,-861239,861239,1.25166e+07
0,0,0,7.24072e+08,0,3.33098e+07,-859555,859555,1.25166e+07
0,0,0,7.24072e+08,0,3.33162e+07,-857871,857871,1.25166e+07
0,0,0,7.24072e+08,0,3.33225e+07,-856187,856187,1.25166e+07
0,0,0,7.24072e+08,0,3.20355e+07,-854502,854502,1.25166e+07
0,0,0,7.24072e+08,0,3.24911e+07,-1.14179e+06,1.14179e+06,1.25166e+07
0,0,0,7.24072e+08,0,3.24972e+07,-1.14019e+06,1.14019e+06,1.25166e+07
0,0,0,7.24072e+08,0,3.25033e+07,-1.13858e+06,1.13858e+06,1.25166e+07
0,0,0,7.24072e+08,0,3.1369e+07,-1.13698e+06,1.13698e+06,1.25166e+07
0,0,0,7.24072e+08,0,3.17846e+07,-1.39871e+06,1.39871e+06,1.25166e+07
0,0,0,7.24072e+08,0,3.17905e+07,-1.39718e+06,1.39718e+06,1.25166e+07
0,0,0,7.24072e+08,0,3.17964e+07,-1.39564e+06,1.39564e+06,1.25166e+07
0,0,0,7.24072e+08,0,2.91586e+07,-1.39411e+06,1.39411e+06,1.25166e+07
0,0,0,7.24072e+08,0,2.96487e+07,-1.70428e+06,1.70428e+06,1.25166e+07
0,0,0,7.24072e+08,0,2.96563e+07,-1.70428e+06,1.70428e+06,1.25166e+07
0,0,0,7.24072e+08,0,2.96638e+07,-1.70428e+06,1.70428e+06,1.25166e+07
0,0,0,7.24072e+08,0,2.96714e+07,-1.70428e+06,1.70428e+06,1.25166e+07
0,0,0,7.24072e+08,0,2.96714e+07,-1.70428e+06,1.70428e+06,1.25166e+07
0,0,0,8.04301e+08,4.71056e+07,3.05403e+07,-1.70428e+06,1.70428e+06,1.25166e+07
0,0,0,8.04301e+08,0,3.05478e+07,-1.70428e+06,1.70428e+06,1.25166e+07
0,0,0,8.04301e+08,0,3.05553e+07,-1.70428e+06,1.70428e+06,1.25166e+07
0,0,0,8.04301e+08,0,3.05628e+07,-1.70428e+06,1.70428e+06,1.25166e+07
0,0,0,8.04301e+08,0,3.35992e+07,-1.70428e+06,1.70428e+06,1.25166e+07
0,0,0,8.04301e+08,0,3.27791e+07,-1.17179e+06,1.17179e+06,1.25166e+07
0,0,0,8.04301e+08,0,3.2785e+07,-1.17026e+06,1.17026e+06,1.25166e+07
0,0,0,8.04301e+08,0,3.2791e+07,-1.16874e+06,1.16874e+06,1.25166e+07
0,0,0,8.04301e+08,0,2.86234e+07,-1.16721e+06,1.16721e+06,1.25166e+07
0,0,0,8.04301e+08,0,2.94662e+07,-1.70428e+06,1.70428e+06,1.25166e+07
0,0,0,8.04301e+08,0,2.94734e+07,-1.70428e+06,1.70428e+06,1.25166e+07
0,0,0,8.04301e+08,0,2.94806e+07,-1.70428e+06,1.70428e+06,1.25166e+07
0,0,0,8.04301e+08,0,2.94878e+07,-1.70428e+06,1.70428e+06,1.25166e+07
0,0,0,8.04301e+08,0,3.05298e+07,-1.70428e+06,1.70428e+06,1.25166e+07
0,0,0,8.04301e+08,0,3.05373e+07,-1.70428e+06,1.70428e+06,1.25166e+07
0,0,0,8.04301e+08,0,3.05448e+07,-1.70428e+06,1.70428e+06,1.25166e+07
0,0,0,8.04301e+08,0,3.05523e+07,-1.70428e+06,1.70428e+06,1.25166e+07
0,0,0,8.04301e+08,0,3.01562e+07,-1.70428e+06,1.70428e+06,1.25166e+07
0,0,0,8.04301e+08,0,3.01636e+07,-1.70428e+06,1.70428e+06,1.25166e+07
0,0,0,8.04301e+08,0,3.0171e+07,-1.70428e+06,1.70428e+06,1.25166e+07
0,0,0,8.04301e+08,0,3.01784e+07,-1.70428e+06,1.70428e+06,1.25166e+07
0,0,0,8.04301e+08,0,3.15918e+07,-1.70428e+06,1.70428e+06,1.25166e+07
0,0,0,8.04301e+08,0,3.1375e+07,-1.55995e+06,1.55995e+06,1.25166e+07
0,0,0,8.04301e+08,0,3.13806e+07,-1.55853e+06,1.55853e+06,1.25166e+07
0,0,0,8.04301e+08,0,3.13861e+07,-1.55711e+06,1.55711e+06,1.25166e+07
0,0,0,8.04301e+08,0,3.13916e+07,-1.55569e+06,1.55569e+06,1.25166e+07
0,0,0,8.04301e+08,0,3.17287e+07,-1.55427e+06,1.55427e+06,1.25166e+07
0,0,0,8.04301e+08,0,3.15016e+07,-1.40327e+06,1.40327e+06,1.25166e+07
0,0,0,8.04301e+08,0,3.15072e+07,-1.40181e+06,1.40181e+06,1.25166e+07
0,0,0,8.04301e+08,0,3.15128e+07,-1.40035e+06,1.40035e+06,1.25166e+07
0,0,0,8.04301e+08,0,3.22211e+07,-1.39889e+06,1.39889e+06,1.25166e+07
0,0,0,8.04301e+08,0,3.20193e+07,-1.26397e+06,1.26397e+06,1.25166e+07
0,0,0,8.04301e+08,0,3.2025e+07,-1.26247e+06,1.26247e+06,1.25166e+07
0,0,0,8.04301e+08,0,3.20307e+07,-1.26098e+06,1.26098e+06,1.25166e+07
0,0,0,8.04301e+08,0,3.43694e+07,-1.25948e+06,1.25948e+06,1.25166e+07
0,0,0,8.04301e+08,0,3.36256e+07,-775774,775774,1.25166e+07
0,0,0,8.04301e+08,0,3.36317e+07,-774146,774146,1.25166e+07
0,0,0,8.04301e+08,0,3.36378e+07,-772518,772518,1.25166e+07
0,0,0,8.04301e+08,0,3.3644e+07,-770890,770890,1.25166e+07
0,0,0,8.04301e+08,0,3.23384e+07,-769261,769261,1.25166e+07
0,0,0,8.04301e+08,0,3.28002e+07,-1.06071e+06,1.06071e+06,1.25166e+07
0,0,0,8.04301e+08,0,3.28061e+07,-1.05916e+06,1.05916e+06,1.25166e+07
0,0,0,8.04301e+08,0,3.2812e+07,-1.0576e+06,1.0576e+06,1.25166e+07
0,0,0,8.04301e+08,0,3.16614e+07,-1.05605e+06,1.05605e+06,1.25166e+07
0,0,0,8.04301e+08,0,3.14551e+07,-1.94899e+06,1.94899e+06,1.25166e+07
0,0,0,8.04301e+08,0,3.14606e+07,-1.94767e+06,1.94767e+06,1.25166e+07
0,0,0,8.04301e+08,0,2.89551e+07,-4.45742e+06,4.45742e+06,1.41549e+07
0,0,0,8.04301e+08,0,2.94187e+07,-1.31712e+06,1.31712e+06,1.25166e+07
0,0,0,8.04301e+08,0,2.94563e+07,-2.27634e+06,2.27634e+06,1.25166e+07
0,0,0,8.04301e+08,0,3.00357e+07,-1.70428e+06,1.70428e+06,1.25166e+07
0,0,0,8.04301e+08,0,2.71811e+07,-4.56612e+06,4.56612e+06,1.41549e+07
0,0,0,8.04301e+08,0,2.71877e+07,-4.56689e+06,4.56689e+06,1.41549e+07
0,0,0,8.04301e+08,4.71056e+07,2.79764e+07,-4.65891e+06,4.65891e+06,1.41549e+07
0,0,0,8.04301e+08,1.62844e-42,2.79829e+07,-4.65966e+06,4.65966e+06,1.41549e+07
0,0,0,8.04301e+08,0,3.09436e+07,-1.70304e+06,1.70304e+06,1.25166e+07
0,0,0,8.04301e+08,0,3.09488e+07,-1.70172e+06,1.70172e+06,1.25166e+07
0,0,0,8.04301e+08,0,3.40252e+07,-1.7004e+06,1.7004e+06,1.25166e+07
0,0,0,8.04301e+08,0,3.30873e+07,-1.09241e+06,1.09241e+06,1.25166e+07
0,0,0,8.04301e+08,0,3.3093e+07,-1.09094e+06,1.09094e+06,1.25166e+07
0,0,0,8.04301e+08,0,3.30987e+07,-1.08946e+06,1.08946e+06,1.25166e+07
0,0,0,8.04301e+08,0,2.8873e+07,-1.08799e+06,1.08799e+06,1.25166e+07
0,0,0,8.04301e+08,0,2.98387e+07,-1.70428e+06,1.70428e+06,1.25166e+07
0,0,0,8.04301e+08,0,2.98457e+07,-1.70428e+06,1.70428e+06,1.25166e+07
0,0,0,8.04301e+08,0,2.98526e+07,-1.70428e+06,1.70428e+06,1.25166e+07
0,0,0,8.04301e+08,0,2.98596e+07,-1.70428e+06,1.70428e+06,1.25166e+07
0,0,0,8.04301e+08,0,3.09157e+07,-1.70428e+06,1.70428e+06,1.25166e+07
0,0,0,8.04301e+08,0,3.09093e+07,-1.69554e+06,1.69554e+06,1.25166e+07
0,0,0,8.04301e+08,0,3.09145e+07,-1.69423e+06,1.69423e+06,1.25166e+07
0,0,0,8.04301e+08,0,2.79644e+07,-4.64819e+06,4.64819e+06,1.41549e+07
0,0,0,8.04301e+08,0,2.76024e+07,-4.60489e+06,4.60489e+06,1.41549e+07
0,0,0,8.04301e+08,0,2.76286e+07,-4.61832e+06,4.61832e+06,1.41549e+07
0,0,0,8.04301e+08,0,3.05497e+07,-1.70428e+06,1.70428e+06,1.25166e+07
0,0,0,8.04301e+08,0,3.05568e+07,-1.70428e+06,1.70428e+06,1.25166e+07
0,0,0,8.04301e+08,0,3.19893e+07,-1.70428e+06,1.70428e+06,1.25166e+07
0,0,0,8.04301e+08,0,3.1659e+07,-1.48716e+06,1.48716e+06,1.25166e+07
0,0,0,8.04301e+08,0,3.16644e+07,-1.48579e+06,1.48579e+06,1.25166e+07
0,0,0,8.04301e+08,0,3.16697e+07,-1.48442e+06,1.48442e+06,1.25166e+07
0,0,0,8.04301e+08,0,3.16751e+07,-1.48305e+06,1.48305e+06,1.25166e+07
0,0,0,8.04301e+08,0,3.20165e+07,-1.48168e+06,1.48168e+06,1.25166e+07
0,0,0,8.04301e+08,0,3.1786e+07,-1.32869e+06,1.32869e+06,1.25166e+07
0,0,0,8.04301e+08,0,3.17914e+07,-1.32728e+06,1.32728e+06,1.25166e+07
0,0,0,8.04301e+08,0,3.17968e+07,-1.32587e+06,1.32587e+06,1.25166e+07
0,0,0,8.04301e+08,0,3.25145e+07,-1.32446e+06,1.32446e+06,1.25166e+07
0,0,0,8.04301e+08,0,3.23096e+07,-1.18778e+06,1.18778e+06,1.25166e+07
0,0,0,8.04301e+08,0,3.23151e+07,-1.18633e+06,1.18633e+06,1.25166e+07
0,0,0,8.04301e+08,0,3.23207e+07,-1.18488e+06,1.18488e+06,1.25166e+07
0,0,0,8.04301e+08,0,3.46909e+07,-1.18344e+06,1.18344e+06,1.25166e+07
0,0,0,8.04301e+08,0,3.39366e+07,-693244,693244,1.25166e+07
0,0,0,8.04301e+08,0,3.39425e+07,-691673,691673,1.25166e+07
0,0,0,8.04301e+08,0,3.39484e+07,-690103,690103,1.25166e+07
0,0,0,8.04301e+08,0,3.39543e+07,-688531,688531,1.25166e+07
0,0,0,8.04301e+08,0,3.26308e+07,-686960,686960,1.25166e+07
0,0,0,8.04301e+08,0,3.30986e+07,-982418,982418,1.25166e+07
0,0,0,8.04301e+08,0,3.31043e+07,-980921,980921,1.25166e+07
0,0,0,8.04301e+08,0,3.311e+07,-979425,979425,1.25166e+07
0,0,0,8.04301e+08,0,3.19436e+07,-977928,977928,1.25166e+07
0,0,0,8.04301e+08,0,3.17342e+07,-1.88294e+06,1.88294e+06,1.25166e+07
0,0,0,8.04301e+08,0,2.91955e+07,-4.42576e+06,4.42576e+06,1.41549e+07
0,0,0,8.04301e+08,0,2.92002e+07,-4.42514e+06,4.42514e+06,1.41549e+07
0,0,0,8.04301e+08,0,2.67719e+07,-4.14066e+06,4.14066e+06,1.41549e+07
0,0,0,8.04301e+08,0,2.74962e+07,-4.60288e+06,4.60288e+06,1.41549e+07
0,0,0,8.04301e+08,0,2.75025e+07,-4.60362e+06,4.60362e+06,1.41549e+07
0,0,0,8.04301e+08,0,2.75089e+07,-4.60436e+06,4.60436e+06,1.41549e+07
0,0,0,8.04301e+08,0,2.75152e+07,-4.6051e+06,4.6051e+06,1.41549e+07
0,0,0,8.04301e+08,8.90377e+07,2.83141e+07,-4.69831e+06,4.69831e+06,1.41549e+07
0,0,0,8.04301e+08,0,2.82135e+07,-4.63038e+06,4.63038e+06,1.41549e+07
0,0,0,8.04301e+08,0,2.82178e+07,-4.62984e+06,4.62984e+06,1.41549e+07
0,0,0,8.04301e+08,0,2.82221e+07,-4.6293e+06,4.6293e+06,1.41549e+07
0,0,0,8.04301e+08,0,3.10132e+07,-4.9539e+06,4.9539e+06,1.41549e+07
0,0,0,8.04301e+08,0,3.00617e+07,-4.3387e+06,4.3387e+06,1.41549e+07
0,0,0,8.04301e+08,0,3.00664e+07,-4.33809e+06,4.33809e+06,1.41549e+07
0,0,0,8.04301e+08,0,3.00712e+07,-4.33748e+06,4.33748e+06,1.41549e+07
0,0,0,8.04301e+08,0,2.62363e+07,-3.88891e+06,3.88891e+06,1.41549e+07
0,0,0,8.04301e+08,0,2.73201e+07,-4.58233e+06,4.58233e+06,1.41549e+07
0,0,0,8.04301e+08,0,2.73261e+07,-4.58303e+06,4.58303e+06,1.41549e+07
0,0,0,8.04301e+08,0,2.73321e+07,-4.58373e+06,4.58373e+06,1.41549e+07
0,0,0,8.04301e+08,0,2.7338e+07,-4.58443e+06,4.58443e+06,1.41549e+07
0,0,0,8.04301e+08,0,2.8296e+07,-4.69619e+06,4.69619e+06,1.41549e+07
0,0,0,8.04301e+08,0,2.81828e+07,-4.62019e+06,4.62019e+06,1.41549e+07
0,0,0,8.04301e+08,0,2.81871e+07,-4.61965e+06,4.61965e+06,1.41549e+07
0,0,0,8.04301e+08,0,2.81913e+07,-4.6191e+06,4.6191e+06,1.41549e+07
0,0,0,8.04301e+08,0,2.78244e+07,-4.57526e+06,4.57526e+06,1.41549e+07
0,0,0,8.04301e+08,0,2.79509e+07,-4.65334e+06,4.65334e+06,1.41549e+07
0,0,0,8.04301e+08,0,2.79551e+07,-4.6528e+06,4.6528e+06,1.41549e+07
0,0,0,8.04301e+08,0,2.79593e+07,-4.65227e+06,4.65227e+06,1.41549e+07
0,0,0,8.04301e+08,0,2.92566e+07,-4.8026e+06,4.8026e+06,1.41549e+07
0,0,0,8.04301e+08,0,2.88269e+07,-4.52298e+06,4.52298e+06,1.41549e+07
0,0,0,8.04301e+08,0,2.88313e+07,-4.52241e+06,4.52241e+06,1.41549e+07
0,0,0,8.04301e+08,0,2.88357e+07,-4.52185e+06,4.52185e+06,1.41549e+07
0,0,0,8.04301e+08,0,3.19483e+07,-1.41302e+06,1.41302e+06,1.25166e+07
0,0,0,8.04301e+08,0,3.22939e+07,-1.4117e+06,1.4117e+06,1.25166e+07
0,0,0,8.04301e+08,0,2.89149e+07,-4.40212e+06,4.40212e+06,1.41549e+07
0,0,0,8.04301e+08,0,3.20654e+07,-1.25542e+06,1.25542e+06,1.25166e+07
0,0,0,8.04301e+08,0,3.20706e+07,-1.25407e+06,1.25407e+06,1.25166e+07
0,0,0,8.04301e+08,0,3.27973e+07,-1.25271e+06,1.25271e+06,1.25166e+07
0,0,0,8.04301e+08,0,3.25895e+07,-1.11433e+06,1.11433e+06,1.25166e+07
0,0,0,8.04301e+08,0,3.25948e+07,-1.11294e+06,1.11294e+06,1.25166e+07
0,0,0,8.04301e+08,0,3.26001e+07,-1.11154e+06,1.11154e+06,1.25166e+07
0,0,0,8.04301e+08,0,3.50006e+07,-1.11015e+06,1.11015e+06,1.25166e+07
0,0,0,8.04301e+08,0,3.42363e+07,-613706,613706,1.25166e+07
0,0,0,8.04301e+08,0,3.4242e+07,-612193,612193,1.25166e+07
0,0,0,8.04301e+08,0,3.42477e+07,-610680,610680,1.25166e+07
0,0,0,8.04301e+08,0,3.42534e+07,-609167,609167,1.25166e+07
0,0,0,8.04301e+08,0,3.29126e+07,-607654,607654,1.25166e+07
0,0,0,8.04301e+08,0,3.33861e+07,-906984,906984,1.25166e+07
0,0,0,8.04301e+08,0,3.33915e+07,-905542,905542,1.25166e+07
0,0,0,8.04301e+08,0,3.3397e+07,-904101,904101,1.25166e+07
0,0,0,8.04301e+08,0,2.89963e+07,-4.12179e+06,4.12179e+06,1.41549e+07
0,0,0,8.04301e+08,0,2.94272e+07,-4.39523e+06,4.39523e+06,1.41549e+07
0,0,0,8.04301e+08,0,2.94318e+07,-4.39464e+06,4.39464e+06,1.41549e+07
0,0,0,8.04301e+08,0,2.94363e+07,-4.39404e+06,4.39404e+06,1.41549e+07
0,0,0,8.04301e+08,0,2.69769e+07,-4.10597e+06,4.10597e+06,1.41549e+07
0,0,0,8.04301e+08,0,3.07478e+07,-1.70428e+06,1.70428e+06,1.25166e+07
0,0,0,8.04301e+08,0,2.78184e+07,-4.64047e+06,4.64047e+06,1.41549e+07
0,0,0,8.04301e+08,0,3.0174e+07,-2.29166e+06,2.29166e+06,1.25166e+07
0,0,0,8.04301e+08,0,2.78306e+07,-4.64189e+06,4.64189e+06,1.41549e+07
0,0,0,8.14329e+08,8.90377e+07,2.86393e+07,-4.73625e+06,4.73625e+06,1.41549e+07
0,0,0,8.14329e+08,0,3.14682e+07,-1.56944e+06,1.56944e+06,1.25166e+07
0,0,0,8.14329e+08,0,3.1473e+07,-1.56822e+06,1.56822e+06,1.25166e+07
0,0,0,8.14329e+08,0,2.84437e+07,-4.60106e+06,4.60106e+06,1.41549e+07
0,0,0,8.14329e+08,0,3.12698e+07,-4.92979e+06,4.92979e+06,1.41549e+07
0,0,0,8.14329e+08,0,3.03061e+07,-4.30686e+06,4.30686e+06,1.41549e+07
0,0,0,8.14329e+08,0,3.03106e+07,-4.30627e+06,4.30627e+06,1.41549e+07
0,0,0,8.14329e+08,0,3.03151e+07,-4.30568e+06,4.30568e+06,1.41549e+07
0,0,0,8.14329e+08,0,2.64319e+07,-3.85151e+06,3.85151e+06,1.41549e+07
0,0,0,8.14329e+08,0,2.76298e+07,-4.61847e+06,4.61847e+06,1.41549e+07
0,0,0,8.14329e+08,0,2.76356e+07,-4.61914e+06,4.61914e+06,1.41549e+07
0,0,0,8.14329e+08,0,3.05569e+07,-1.70428e+06,1.70428e+06,1.25166e+07
0,0,0,8.14329e+08,0,2.76471e+07,-4.62048e+06,4.62048e+06,1.41549e+07
0,0,0,8.14329e+08,0,3.1646e+07,-1.70428e+06,1.70428e+06,1.25166e+07
0,0,0,8.14329e+08,0,3.14315e+07,-1.56213e+06,1.56213e+06,1.25166e+07
0,0,0,8.14329e+08,0,3.14363e+07,-1.56091e+06,1.56091e+06,1.25166e+07
0,0,0,8.14329e+08,0,3.14411e+07,-1.5597e+06,1.5597e+06,1.25166e+07
0,0,0,8.14329e+08,0,3.10262e+07,-1.55848e+06,1.55848e+06,1.25166e+07
0,0,0,8.14329e+08,0,3.11548e+07,-1.63687e+06,1.63687e+06,1.25166e+07
0,0,0,8.14329e+08,0,3.11595e+07,-1.63567e+06,1.63567e+06,1.25166e+07
0,0,0,8.14329e+08,0,3.11642e+07,-1.63447e+06,1.63447e+06,1.25166e+07
0,0,0,8.14329e+08,0,2.94871e+07,-4.77703e+06,4.77703e+06,1.41549e+07
0,0,0,8.14329e+08,0,3.15673e+07,-1.97838e+06,1.97838e+06,1.25166e+07
0,0,0,8.14329e+08,0,3.22012e+07,-1.34821e+06,1.34821e+06,1.25166e+07
0,0,0,8.14329e+08,0,3.22061e+07,-1.34694e+06,1.34694e+06,1.25166e+07
0,0,0,8.14329e+08,0,3.22111e+07,-1.34568e+06,1.34568e+06,1.25166e+07
0,0,0,8.14329e+08,0,3.25607e+07,-1.34441e+06,1.34441e+06,1.25166e+07
0,0,0,8.14329e+08,0,3.23238e+07,-1.18765e+06,1.18765e+06,1.25166e+07
0,0,0,8.14329e+08,0,3.23287e+07,-1.18635e+06,1.18635e+06,1.25166e+07
0,0,0,8.14329e+08,0,3.23337e+07,-1.18504e+06,1.18504e+06,1.25166e+07
0,0,0,8.14329e+08,0,3.30691e+07,-1.18374e+06,1.18374e+06,1.25166e+07
0,0,0,8.14329e+08,0,3.28585e+07,-1.04373e+06,1.04373e+06,1.25166e+07
0,0,0,8.14329e+08,0,3.28636e+07,-1.04239e+06,1.04239e+06,1.25166e+07
0,0,0,8.14329e+08,0,3.28687e+07,-1.04106e+06,1.04106e+06,1.25166e+07
0,0,0,8.14329e+08,0,3.52983e+07,-1.03972e+06,1.03972e+06,1.25166e+07
0,0,0,8.14329e+08,0,3.45243e+07,-537272,537272,1.25166e+07
0,0,0,8.14329e+08,0,3.45298e+07,-535820,535820,1.25166e+07
0,0,0,8.14329e+08,0,3.45352e+07,-534368,534368,1.25166e+07
0,0,0,8.14329e+08,0,3.45407e+07,-532916,532916,1.25166e+07
0,0,0,8.14329e+08,0,3.31833e+07,-531463,531463,1.25166e+07
0,0,0,8.14329e+08,0,3.36622e+07,-834516,834516,1.25166e+07
0,0,0,8.14329e+08,0,3.36675e+07,-833133,833133,1.25166e+07
0,0,0,8.14329e+08,0,3.36728e+07,-831750,831750,1.25166e+07
0,0,0,8.14329e+08,0,3.24766e+07,-830366,830366,1.25166e+07
0,0,0,8.14329e+08,0,3.29132e+07,-1.10641e+06,1.10641e+06,1.25166e+07
0,0,0,8.14329e+08,0,3.29183e+07,-1.10509e+06,1.10509e+06,1.25166e+07
0,0,0,8.14329e+08,0,3.29234e+07,-1.10377e+06,1.10377e+06,1.25166e+07
0,0,0,8.14329e+08,0,3.01438e+07,-1.10245e+06,1.10245e+06,1.25166e+07
0,0,0,8.14329e+08,0,3.10481e+07,-1.67947e+06,1.67947e+06,1.25166e+07
0,0,0,8.14329e+08,0,3.10528e+07,-1.67828e+06,1.67828e+06,1.25166e+07
0,0,0,8.14329e+08,0,3.10574e+07,-1.67709e+06,1.67709e+06,1.25166e+07
0,0,0,8.14329e+08,0,3.10621e+07,-1.67591e+06,1.67591e+06,1.25166e+07
0,0,0,8.14329e+08,8.90377e+07,3.19738e+07,-1.67472e+06,1.67472e+06,1.25166e+07
0,0,0,8.14329e+08,0,3.17176e+07,-1.50591e+06,1.50591e+06,1.25166e+07
0,0,0,8.14329e+08,0,3.17222e+07,-1.50474e+06,1.50474e+06,1.25166e+07
0,0,0,8.14329e+08,0,3.17268e+07,-1.50358e+06,1.50358e+06,1.25166e+07
0,0,0,8.14329e+08,0,3.49203e+07,-1.50241e+06,1.50241e+06,1.25166e+07
0,0,0,8.14329e+08,0,3.39456e+07,-871309,871309,1.25166e+07
0,0,0,8.14329e+08,0,3.39506e+07,-870005,870005,1.25166e+07
0,0,0,8.14329e+08,0,3.39557e+07,-868702,868702,1.25166e+07
0,0,0,8.14329e+08,0,2.95677e+07,-867398,867398,1.25166e+07
0,0,0,8.14329e+08,0,3.08759e+07,-1.70428e+06,1.70428e+06,1.25166e+07
0,0,0,8.14329e+08,0,3.0882e+07,-1.70428e+06,1.70428e+06,1.25166e+07
0,0,0,8.14329e+08,0,3.08881e+07,-1.70428e+06,1.70428e+06,1.25166e+07
0,0,0,8.14329e+08,0,3.08943e+07,-1.70428e+06,1.70428e+06,1.25166e+07
0,0,0,8.14329e+08,0,3.19895e+07,-1.70428e+06,1.70428e+06,1.25166e+07
0,0,0,8.14329e+08,0,3.16771e+07,-1.49939e+06,1.49939e+06,1.25166e+07
0,0,0,8.14329e+08,0,3.10683e+07,-2.11153e+06,2.11153e+06,1.25166e+07
0,0,0,8.14329e+08,0,2.8619e+07,-4.56427e+06,4.56427e+06,1.41549e+07
0,0,0,8.14329e+08,0,3.12662e+07,-1.49589e+06,1.49589e+06,1.25166e+07
0,0,0,8.14329e+08,0,2.83718e+07,-4.59945e+06,4.59945e+06,1.41549e+07
0,0,0,8.14329e+08,0,2.83757e+07,-4.59896e+06,4.59896e+06,1.41549e+07
0,0,0,8.14329e+08,0,2.83795e+07,-4.59847e+06,4.59847e+06,1.41549e+07
0,0,0,8.14329e+08,0,2.97079e+07,-4.75251e+06,4.75251e+06,1.41549e+07
0,0,0,8.14329e+08,0,3.18124e+07,-1.92105e+06,1.92105e+06,1.25166e+07
0,0,0,8.14329e+08,0,3.24534e+07,-1.28356e+06,1.28356e+06,1.25166e+07
0,0,0,8.14329e+08,0,3.24581e+07,-1.28235e+06,1.28235e+06,1.25166e+07
0,0,0,8.14329e+08,0,3.24628e+07,-1.28114e+06,1.28114e+06,1.25166e+07
0,0,0,8.14329e+08,0,3.28162e+07,-1.27993e+06,1.27993e+06,1.25166e+07
0,0,0,8.14329e+08,0,3.25763e+07,-1.12141e+06,1.12141e+06,1.25166e+07
0,0,0,8.14329e+08,0,3.25811e+07,-1.12016e+06,1.12016e+06,1.25166e+07
0,0,0,8.14329e+08,0,3.25858e+07,-1.11891e+06,1.11891e+06,1.25166e+07
0,0,0,8.14329e+08,0,3.33295e+07,-1.11767e+06,1.11767e+06,1.25166e+07
0,0,0,8.14329e+08,0,3.31161e+07,-976101,976101,1.25166e+07
0,0,0,8.14329e+08,0,3.3121e+07,-974823,974823,1.25166e+07
0,0,0,8.14329e+08,0,3.31259e+07,-973545,973545,1.25166e+07
0,0,0,8.14329e+08,0,3.55833e+07,-972267,972267,1.25166e+07
0,0,0,8.14329e+08,0,3.48001e+07,-464072,464072,1.25166e+07
0,0,0,8.14329e+08,0,3.48053e+07,-462684,462684,1.25166e+07
0,0,0,8.14329e+08,0,3.48105e+07,-461295,461295,1.25166e+07
0,0,0,8.14329e+08,0,3.48158e+07,-459906,459906,1.25166e+07
0,0,0,8.14329e+08,0,3.34424e+07,-458516,458516,1.25166e+07
0,0,0,8.14329e+08,0,3.39266e+07,-765140,765140,1.25166e+07
0,0,0,8.14329e+08,0,3.39316e+07,-763817,763817,1.25166e+07
0,0,0,8.14329e+08,0,3.39367e+07,-762494,762494,1.25166e+07
0,0,0,8.14329e+08,0,2.9431e+07,-4.05669e+06,4.05669e+06,1.41549e+07
0,0,0,8.14329e+08,0,2.98716e+07,-4.33669e+06,4.33669e+06,1.41549e+07
0,0,0,8.14329e+08,0,2.98758e+07,-4.33615e+06,4.33615e+06,1.41549e+07
0,0,0,8.14329e+08,0,3.31776e+07,-1.03793e+06,1.03793e+06,1.25166e+07
0,0,0,8.14329e+08,0,3.0366e+07,-1.03667e+06,1.03667e+06,1.25166e+07
0,0,0,8.14329e+08,0,2.82756e+07,-4.62511e+06,4.62511e+06,1.41549e+07
0,0,0,8.14329e+08,0,2.82794e+07,-4.62463e+06,4.62463e+06,1.41549e+07
0,0,0,8.14329e+08,0,3.06881e+07,-2.21929e+06,2.21929e+06,1.25166e+07
0,0,0,8.14329e+08,0,3.12937e+07,-1.61694e+06,1.61694e+06,1.25166e+07
0,0,0,8.14329e+08,0,2.91124e+07,-4.71902e+06,4.71902e+06,1.41549e+07
0,0,0,8.14329e+08,5.71693e+07,3.17386e+07,-2.32505e+06,2.32505e+06,1.25166e+07
0,0,0,8.14329e+08,0,2.92609e+07,-4.80877e+06,4.80877e+06,1.41549e+07
0,0,0,8.14329e+08,0,2.92664e+07,-4.80941e+06,4.80941e+06,1.41549e+07
0,0,0,8.14329e+08,0,3.56027e+07,-1.70428e+06,1.70428e+06,1.25166e+07
0,0,0,8.14329e+08,0,3.56094e+07,-1.70428e+06,1.70428e+06,1.25166e+07
0,0,0,8.14329e+08,0,3.56162e+07,-1.70428e+06,1.70428e+06,1.25166e+07
0,0,0,8.14329e+08,0,3.5623e+07,-1.70428e+06,1.70428e+06,1.25166e+07
0,0,0,8.14329e+08,0,3.11872e+07,-1.70428e+06,1.70428e+06,1.25166e+07
0,0,0,8.14329e+08,0,3.11931e+07,-1.70428e+06,1.70428e+06,1.25166e+07
0,0,0,8.14329e+08,0,3.1199e+07,-1.70428e+06,1.70428e+06,1.25166e+07
0,0,0,8.14329e+08,0,3.12048e+07,-1.70428e+06,1.70428e+06,1.25166e+07
0,0,0,8.14329e+08,0,3.12107e+07,-1.70428e+06,1.70428e+06,1.25166e+07
0,0,0,8.14329e+08,0,3.23178e+07,-1.70428e+06,1.70428e+06,1.25166e+07
0,0,0,8.14329e+08,0,2.92237e+07,-4.80443e+06,4.80443e+06,1.41549e+07
0,0,0,8.14329e+08,0,2.92292e+07,-4.80506e+06,4.80506e+06,1.41549e+07
0,0,0,8.14329e+08,0,2.92346e+07,-4.8057e+06,4.8057e+06,1.41549e+07
0,0,0,8.14329e+08,0,2.88556e+07,-4.76148e+06,4.76148e+06,1.41549e+07
0,0,0,8.14329e+08,0,3.13073e+07,-2.31585e+06,2.31585e+06,1.25166e+07
0,0,0,8.14329e+08,0,3.19248e+07,-1.70428e+06,1.70428e+06,1.25166e+07
0,0,0,8.14329e+08,0,3.19308e+07,-1.70428e+06,1.70428e+06,1.25166e+07
0,0,0,8.14329e+08,0,3.34323e+07,-1.70428e+06,1.70428e+06,1.25166e+07
0,0,0,8.14329e+08,0,3.34386e+07,-1.70428e+06,1.70428e+06,1.25166e+07
0,0,0,8.14329e+08,0,3.3445e+07,-1.70428e+06,1.70428e+06,1.25166e+07
0,0,0,8.14329e+08,0,3.34513e+07,-1.70428e+06,1.70428e+06,1.25166e+07
0,0,0,8.14329e+08,0,3.34576e+07,-1.70428e+06,1.70428e+06,1.25166e+07
0,0,0,8.14329e+08,0,3.38164e+07,-1.70428e+06,1.70428e+06,1.25166e+07
0,0,0,8.14329e+08,0,3.38228e+07,-1.70428e+06,1.70428e+06,1.25166e+07
0,0,0,8.14329e+08,0,3.38292e+07,-1.70428e+06,1.70428e+06,1.25166e+07
0,0,0,8.14329e+08,0,3.38356e+07,-1.70428e+06,1.70428e+06,1.25166e+07
0,0,0,8.14329e+08,0,3.4589e+07,-1.70428e+06,1.70428e+06,1.25166e+07
0,0,0,8.14329e+08,0,3.45955e+07,-1.70428e+06,1.70428e+06,1.25166e+07
0,0,0,8.14329e+08,0,3.46021e+07,-1.70428e+06,1.70428e+06,1.25166e+07
0,0,0,8.14329e+08,0,3.46086e+07,-1.70428e+06,1.70428e+06,1.25166e+07
0,0,0,8.14329e+08,0,3.70946e+07,-1.70428e+06,1.70428e+06,1.25166e+07
0,0,0,8.14329e+08,0,3.6641e+07,-1.40823e+06,1.40823e+06,1.25166e+07
0,0,0,8.14329e+08,0,3.6646e+07,-1.4069e+06,1.4069e+06,1.25166e+07
0,0,0,8.14329e+08,0,3.6651e+07,-1.40558e+06,1.40558e+06,1.25166e+07
0,0,0,8.14329e+08,0,3.6656e+07,-1.40425e+06,1.40425e+06,1.25166e+07
0,0,0,8.14329e+08,0,3.52674e+07,-1.40293e+06,1.40293e+06,1.25166e+07
0,0,0,8.14329e+08,0,3.57431e+07,-1.70428e+06,1.70428e+06,1.25166e+07
0,0,0,8.14329e+08,0,3.57498e+07,-1.70428e+06,1.70428e+06,1.25166e+07
0,0,0,8.14329e+08,0,3.57566e+07,-1.70428e+06,1.70428e+06,1.25166e+07
0,0,0,8.14329e+08,0,3.4535e+07,-1.70428e+06,1.70428e+06,1.25166e+07
0,0,0,8.14329e+08,0,3.45415e+07,-1.70428e+06,1.70428e+06,1.25166e+07
0,0,0,8.14329e+08,0,3.12155e+07,-5.03681e+06,5.03681e+06,1.41549e+07
0,0,0,8.14329e+08,0,3.12214e+07,-5.03749e+06,5.03749e+06,1.41549e+07
0,0,0,8.14329e+08,0,3.17143e+07,-1.70428e+06,1.70428e+06,1.25166e+07
0,0,0,8.14329e+08,0,3.17203e+07,-1.70428e+06,1.70428e+06,1.25166e+07
0,0,0,8.14329e+08,0,3.17262e+07,-1.70428e+06,1.70428e+06,1.25166e+07
0,0,0,8.14329e+08,0,2.86938e+07,-4.74261e+06,4.74261e+06,1.41549e+07
0,0,0,8.14329e+08,0,2.86992e+07,-4.74323e+06,4.74323e+06,1.41549e+07
0,0,0,8.14329e+08,0,2.86992e+07,-4.74323e+06,4.74323e+06,1.41549e+07
0,0,0,8.14329e+08,0,2.95348e+07,-4.84072e+06,4.84072e+06,1.41549e+07
0,0,0,8.14329e+08,0,2.954e+07,-4.84133e+06,4.84133e+06,1.41549e+07
0,0,0,8.14329e+08,0,2.95452e+07,-4.84194e+06,4.84194e+06,1.41549e+07
0,0,0,8.14329e+08,0,2.95504e+07,-4.84254e+06,4.84254e+06,1.41549e+07
0,0,0,8.14329e+08,0,3.24745e+07,-5.18369e+06,5.18369e+06,1.41549e+07
0,0,0,8.14329e+08,0,3.24802e+07,-5.18436e+06,5.18436e+06,1.41549e+07
0,0,0,8.14329e+08,0,3.2486e+07,-5.18504e+06,5.18504e+06,1.41549e+07
0,0,0,8.14329e+08,0,3.24918e+07,-5.18571e+06,5.18571e+06,1.41549e+07
0,0,0,8.14329e+08,0,3.08874e+07,-2.30688e+06,2.30688e+06,1.25166e+07
0,0,0,8.14329e+08,0,2.8482e+07,-4.71789e+06,4.71789e+06,1.41549e+07
0,0,0,8.14329e+08,0,2.8487e+07,-4.71847e+06,4.71847e+06,1.41549e+07
0,0,0,8.14329e+08,0,3.15067e+07,-1.70428e+06,1.70428e+06,1.25166e+07
0,0,0,8.14329e+08,0,3.09092e+07,-2.30735e+06,2.30735e+06,1.25166e+07
0,0,0,8.14329e+08,0,2.94985e+07,-4.83649e+06,4.83649e+06,1.41549e+07
0,0,0,8.14329e+08,0,2.95037e+07,-4.83709e+06,4.83709e+06,1.41549e+07
0,0,0,8.14329e+08,0,2.95089e+07,-4.8377e+06,4.8377e+06,1.41549e+07
0,0,0,8.14329e+08,0,2.95141e+07,-4.8383e+06,4.8383e+06,1.41549e+07
0,0,0,8.14329e+08,0,2.91308e+07,-4.79359e+06,4.79359e+06,1.41549e+07
0,0,0,8.14329e+08,0,3.16078e+07,-2.32226e+06,2.32226e+06,1.25166e+07
0,0,0,8.14329e+08,0,3.16134e+07,-2.32238e+06,2.32238e+06,1.25166e+07
0,0,0,8.14329e+08,0,3.22372e+07,-1.70428e+06,1.70428e+06,1.25166e+07
0,0,0,8.14329e+08,0,3.37541e+07,-1.70428e+06,1.70428e+06,1.25166e+07
0,0,0,8.14329e+08,0,3.37601e+07,-1.70428e+06,1.70428e+06,1.25166e+07
0,0,0,8.14329e+08,0,3.37661e+07,-1.70428e+06,1.70428e+06,1.25166e+07
0,0,0,8.14329e+08,0,3.37721e+07,-1.70428e+06,1.70428e+06,1.25166e+07
0,0,0,8.14329e+08,0,3.37781e+07,-1.70428e+06,1.70428e+06,1.25166e+07
0,0,0,8.14329e+08,0,3.41403e+07,-1.70428e+06,1.70428e+06,1.25166e+07
0,0,0,8.14329e+08,0,3.41463e+07,-1.70428e+06,1.70428e+06,1.25166e+07
0,0,0,8.14329e+08,0,3.41524e+07,-1.70428e+06,1.70428e+06,1.25166e+07
0,0,0,8.14329e+08,0,3.41585e+07,-1.70428e+06,1.70428e+06,1.25166e+07
0,0,0,8.14329e+08,0,3.49193e+07,-1.70428e+06,1.70428e+06,1.25166e+07
0,0,0,8.14329e+08,0,3.49256e+07,-1.70428e+06,1.70428e+06,1.25166e+07
0,0,0,8.14329e+08,0,3.49318e+07,-1.70428e+06,1.70428e+06,1.25166e+07
0,0,0,8.14329e+08,0,3.4938e+07,-1.70428e+06,1.70428e+06,1.25166e+07
0,0,0,8.14329e+08,0,3.74492e+07,-1.70428e+06,1.70428e+06,1.25166e+07
0,0,0,8.14329e+08,0,3.68917e+07,-1.34167e+06,1.34167e+06,1.25166e+07
0,0,0,8.14329e+08,0,3.68965e+07,-1.34041e+06,1.34041e+06,1.25166e+07
0,0,0,8.14329e+08,0,3.69012e+07,-1.33915e+06,1.33915e+06,1.25166e+07
0,0,0,8.14329e+08,0,3.6906e+07,-1.33789e+06,1.33789e+06,1.25166e+07
0,0,0,8.14329e+08,0,3.55029e+07,-1.33663e+06,1.33663e+06,1.25166e+07
0,0,0,8.14329e+08,0,3.59968e+07,-1.64992e+06,1.64992e+06,1.25166e+07
0,0,0,8.14329e+08,0,3.60014e+07,-1.64872e+06,1.64872e+06,1.25166e+07
0,0,0,8.14329e+08,0,3.60059e+07,-1.64752e+06,1.64752e+06,1.25166e+07
0,0,0,8.14329e+08,0,3.47696e+07,-1.64632e+06,1.64632e+06,1.25166e+07
0,0,0,8.14329e+08,0,3.4866e+07,-1.70428e+06,1.70428e+06,1.25166e+07
0,0,0,8.14329e+08,0,3.48722e+07,-1.70428e+06,1.70428e+06,1.25166e+07
0,0,0,8.14329e+08,0,3.48784e+07,-1.70428e+06,1.70428e+06,1.25166e+07
0,0,0,8.14329e+08,0,3.20089e+07,-1.70428e+06,1.70428e+06,1.25166e+07
0,0,0,8.14329e+08,0,3.20146e+07,-1.70428e+06,1.70428e+06,1.25166e+07
0,0,0,8.14329e+08,0,3.20203e+07,-1.70428e+06,1.70428e+06,1.25166e+07
0,0,0,8.14329e+08,0,2.93744e+07,0,0,1.25166e+07
0,0,0,8.14329e+08,0,3.20316e+07,-1.70428e+06,1.70428e+06,1.25166e+07
0,0,0,8.14329e+08,0,3.03222e+07,0,0,1.25166e+07
0,0,0,8.14329e+08,0,3.29793e+07,-1.70428e+06,1.70428e+06,1.25166e+07
0,0,0,8.14329e+08,0,3.29848e+07,-1.70428e+06,1.70428e+06,1.25166e+07
0,0,0,8.14329e+08,0,3.29903e+07,-1.70428e+06,1.70428e+06,1.25166e+07
0,0,0,8.14329e+08,0,3.62879e+07,-1.70428e+06,1.70428e+06,1.25166e+07
0,0,0,8.14329e+08,0,3.62745e+07,-1.69176e+06,1.69176e+06,1.25166e+07
0,0,0,8.14329e+08,0,3.62789e+07,-1.69064e+06,1.69064e+06,1.25166e+07
0,0,0,8.14329e+08,0,3.62833e+07,-1.68952e+06,1.68952e+06,1.25166e+07
0,0,0,8.14329e+08,0,3.17532e+07,-1.6884e+06,1.6884e+06,1.25166e+07
0,0,0,8.14329e+08,0,3.17832e+07,-1.70428e+06,1.70428e+06,1.25166e+07
0,0,0,8.14329e+08,0,3.17884e+07,-1.70428e+06,1.70428e+06,1.25166e+07
0,0,0,8.14329e+08,0,3.17937e+07,-1.70428e+06,1.70428e+06,1.25166e+07
0,0,0,8.14329e+08,0,2.87537e+07,-4.74959e+06,4.74959e+06,1.41549e+07
0,0,0,8.14329e+08,0,2.97649e+07,-4.86757e+06,4.86757e+06,1.41549e+07
0,0,0,8.14329e+08,0,2.97698e+07,-4.86814e+06,4.86814e+06,1.41549e+07
0,0,0,8.14329e+08,0,2.97747e+07,-4.86871e+06,4.86871e+06,1.41549e+07
0,0,0,8.14329e+08,0,2.97797e+07,-4.86929e+06,4.86929e+06,1.41549e+07
0,0,0,8.14329e+08,0,2.93923e+07,-4.82409e+06,4.82409e+06,1.41549e+07
0,0,0,8.14329e+08,0,2.93971e+07,-4.82466e+06,4.82466e+06,1.41549e+07
0,0,0,8.14329e+08,0,2.9402e+07,-4.82522e+06,4.82522e+06,1.41549e+07
0,0,0,8.14329e+08,0,3.25283e+07,-1.70428e+06,1.70428e+06,1.25166e+07
0,0,0,8.14329e+08,0,3.40597e+07,-1.70428e+06,1.70428e+06,1.25166e+07
0,0,0,8.14329e+08,0,3.40654e+07,-1.70428e+06,1.70428e+06,1.25166e+07
0,0,0,8.14329e+08,0,3.40711e+07,-1.70428e+06,1.70428e+06,1.25166e+07
0,0,0,8.14329e+08,0,3.40768e+07,-1.70428e+06,1.70428e+06,1.25166e+07
0,0,0,8.14329e+08,0,3.40825e+07,-1.70428e+06,1.70428e+06,1.25166e+07
0,0,0,8.14329e+08,0,3.44478e+07,-1.70428e+06,1.70428e+06,1.25166e+07
0,0,0,8.14329e+08,0,3.44536e+07,-1.70428e+06,1.70428e+06,1.25166e+07
0,0,0,8.14329e+08,0,3.44594e+07,-1.70428e+06,1.70428e+06,1.25166e+07
0,0,0,8.14329e+08,0,3.44651e+07,-1.70428e+06,1.70428e+06,1.25166e+07
0,0,0,8.14329e+08,0,3.5233e+07,-1.70428e+06,1.70428e+06,1.25166e+07
0,0,0,8.14329e+08,0,3.52389e+07,-1.70428e+06,1.70428e+06,1.25166e+07
0,0,0,8.14329e+08,0,3.52448e+07,-1.70428e+06,1.70428e+06,1.25166e+07
0,0,0,8.14329e+08,0,3.52507e+07,-1.70428e+06,1.70428e+06,1.25166e+07
0,0,0,8.14329e+08,0,3.77858e+07,-1.70428e+06,1.70428e+06,1.25166e+07
0,0,0,8.14329e+08,0,3.71297e+07,-1.2785e+06,1.2785e+06,1.25166e+07
0,0,0,8.14329e+08,0,3.71342e+07,-1.27731e+06,1.27731e+06,1.25166e+07
0,0,0,8.14329e+08,0,3.71387e+07,-1.27611e+06,1.27611e+06,1.25166e+07
0,0,0,8.14329e+08,0,3.71432e+07,-1.27492e+06,1.27492e+06,1.25166e+07
0,0,0,8.14329e+08,0,3.57263e+07,-1.27372e+06,1.27372e+06,1.25166e+07
0,0,0,8.14329e+08,0,3.62247e+07,-1.5901e+06,1.5901e+06,1.25166e+07
0,0,0,8.14329e+08,0,3.6229e+07,-1.58896e+06,1.58896e+06,1.25166e+07
0,0,0,8.14329e+08,0,3.27058e+07,-5.11536e+06,5.11536e+06,1.41549e+07
0,0,0,8.14329e+08,0,3.15876e+07,-4.98397e+06,4.98397e+06,1.41549e+07
0,0,0,8.14329e+08,0,3.17759e+07,-5.10219e+06,5.10219e+06,1.41549e+07
0,0,0,8.14329e+08,0,3.17811e+07,-5.1028e+06,5.1028e+06,1.41549e+07
0,0,0,8.14329e+08,0,3.17864e+07,-5.10342e+06,5.10342e+06,1.41549e+07
0,0,0,8.14329e+08,0,2.91919e+07,-4.80072e+06,4.80072e+06,1.41549e+07
0,0,0,8.14329e+08,0,2.91967e+07,-4.80128e+06,4.80128e+06,1.41549e+07
0,0,0,8.14329e+08,0,2.92016e+07,-4.80184e+06,4.80184e+06,1.41549e+07
0,0,0,8.14329e+08,0,2.92064e+07,-4.8024e+06,4.8024e+06,1.41549e+07
0,0,0,8.14329e+08,0,2.92112e+07,-4.80296e+06,4.80296e+06,1.41549e+07
0,0,0,8.14329e+08,0,3.00626e+07,-4.9023e+06,4.9023e+06,1.41549e+07
0,0,0,8.14329e+08,0,3.00672e+07,-4.90284e+06,4.90284e+06,1.41549e+07
0,0,0,8.14329e+08,0,3.00719e+07,-4.90338e+06,4.90338e+06,1.41549e+07
0,0,0,8.14329e+08,0,3.00765e+07,-4.90393e+06,4.90393e+06,1.41549e+07
0,0,0,8.14329e+08,0,3.30571e+07,-5.25166e+06,5.25166e+06,1.41549e+07
0,0,0,8.14329e+08,0,3.29523e+07,-5.18158e+06,5.18158e+06,1.41549e+07
0,0,0,8.14329e+08,0,3.29558e+07,-5.18112e+06,5.18112e+06,1.41549e+07
0,0,0,8.14329e+08,0,3.29593e+07,-5.18066e+06,5.18066e+06,1.41549e+07
0,0,0,8.14329e+08,0,2.88641e+07,-4.70201e+06,4.70201e+06,1.41549e+07
0,0,0,8.14329e+08,0,3.20556e+07,-1.70428e+06,1.70428e+06,1.25166e+07
0,0,0,8.14329e+08,0,2.89879e+07,-4.77692e+06,4.77692e+06,1.41549e+07
0,0,0,8.14329e+08,0,2.89924e+07,-4.77744e+06,4.77744e+06,1.41549e+07
0,0,0,8.14329e+08,0,2.89969e+07,-4.77796e+06,4.77796e+06,1.41549e+07
0,0,0,8.14329e+08,0,3.32099e+07,-1.70428e+06,1.70428e+06,1.25166e+07
0,0,0,8.14329e+08,0,3.32151e+07,-1.70428e+06,1.70428e+06,1.25166e+07
0,0,0,8.14329e+08,0,3.32203e+07,-1.70428e+06,1.70428e+06,1.25166e+07
0,0,0,8.14329e+08,0,3.32254e+07,-1.70428e+06,1.70428e+06,1.25166e+07
0,0,0,8.14329e+08,0,3.27885e+07,-1.70428e+06,1.70428e+06,1.25166e+07
0,0,0,8.14329e+08,0,3.27936e+07,-1.70428e+06,1.70428e+06,1.25166e+07
0,0,0,8.14329e+08,0,3.01472e+07,0,0,1.25166e+07
0,0,0,8.14329e+08,0,3.01523e+07,0,0,1.25166e+07
0,0,0,8.14329e+08,0,3.4349e+07,-1.70428e+06,1.70428e+06,1.25166e+07
0,0,0,8.14329e+08,0,3.17028e+07,0,0,1.25166e+07
0,0,0,8.14329e+08,0,3.17082e+07,0,0,1.25166e+07
0,0,0,8.14329e+08,0,3.17135e+07,0,0,1.25166e+07
0,0,0,8.14329e+08,0,3.17189e+07,0,0,1.25166e+07
0,0,0,8.14329e+08,0,3.20872e+07,0,0,1.25166e+07
0,0,0,8.14329e+08,0,3.20926e+07,0,0,1.25166e+07
0,0,0,8.14329e+08,0,3.20981e+07,0,0,1.25166e+07
0,0,0,8.14329e+08,0,3.21035e+07,0,0,1.25166e+07
0,0,0,8.14329e+08,0,3.2878e+07,0,0,1.25166e+07
0,0,0,8.14329e+08,0,3.28836e+07,0,0,1.25166e+07
0,0,0,8.14329e+08,0,3.28891e+07,0,0,1.25166e+07
0,0,0,8.14329e+08,0,3.28947e+07,0,0,1.25166e+07
0,0,0,8.14329e+08,0,3.54523e+07,0,0,1.25166e+07
0,0,0,8.14329e+08,0,3.54583e+07,0,0,1.25166e+07
0,0,0,8.14329e+08,0,3.54643e+07,0,0,1.25166e+07
0,0,0,8.14329e+08,0,3.54704e+07,0,0,1.25166e+07
0,0,0,8.14329e+08,0,3.54764e+07,0,0,1.25166e+07
0,0,0,8.14329e+08,0,3.40482e+07,0,0,1.25166e+07
0,0,0,8.14329e+08,0,3.4054e+07,0,0,1.25166e+07
0,0,0,8.14329e+08,0,3.40597e+07,0,0,1.25166e+07
0,0,0,8.14329e+08,0,3.40655e+07,0,0,1.25166e+07
0,0,0,8.14329e+08,0,3.28073e+07,0,0,1.25166e+07
0,0,0,8.14329e+08,0,3.28128e+07,0,0,1.25166e+07
0,0,0,8.14329e+08,0,3.28184e+07,0,0,1.25166e+07
0,0,0,8.14329e+08,0,3.2824e+07,0,0,1.25166e+07
0,0,0,8.14329e+08,0,2.99006e+07,0,0,1.25166e+07
0,0,0,8.14329e+08,0,2.99057e+07,0,0,1.25166e+07
0,0,0,8.14329e+08,0,2.99107e+07,0,0,1.25166e+07
0,0,0,8.14329e+08,0,2.99158e+07,0,0,1.25166e+07
0,0,0,8.14329e+08,0,2.99209e+07,0,0,1.25166e+07
0,0,0,8.14329e+08,0,3.08797e+07,0,0,1.25166e+07
0,0,0,8.14329e+08,0,3.08846e+07,0,0,1.25166e+07
0,0,0,8.14329e+08,0,3.08894e+07,0,0,1.25166e+07
0,0,0,8.14329e+08,0,3.08943e+07,0,0,1.25166e+07
0,0,0,8.14329e+08,0,3.42515e+07,0,0,1.25166e+07
0,0,0,8.14329e+08,0,3.42569e+07,0,0,1.25166e+07
0,0,0,8.14329e+08,0,3.42624e+07,0,0,1.25166e+07
0,0,0,8.14329e+08,0,3.42678e+07,0,0,1.25166e+07
0,0,0,8.14329e+08,0,2.96562e+07,0,0,1.25166e+07
0,0,0,8.14329e+08,0,2.96609e+07,0,0,1.25166e+07
0,0,0,8.14329e+08,0,2.96656e+07,0,0,1.25166e+07
0,0,0,8.14329e+08,0,2.96703e+07,0,0,1.25166e+07
0,0,0,8.14329e+08,0,2.9675e+07,0,0,1.25166e+07
0,0,0,8.14329e+08,0,3.08239e+07,0,0,1.25166e+07
0,0,0,8.14329e+08,0,3.08287e+07,0,0,1.25166e+07
0,0,0,8.14329e+08,0,3.08336e+07,0,0,1.25166e+07
0,0,0,8.14329e+08,0,3.08385e+07,0,0,1.25166e+07
0,0,0,8.14329e+08,0,3.03974e+07,0,0,1.25166e+07
0,0,0,8.14329e+08,0,3.04022e+07,0,0,1.25166e+07
0,0,0,8.14329e+08,0,3.0407e+07,0,0,1.25166e+07
0,0,0,8.14329e+08,0,3.04118e+07,0,0,1.25166e+07
0,0,0,8.14329e+08,0,3.19699e+07,0,0,1.25166e+07
0,0,0,8.14329e+08,0,3.19749e+07,0,0,1.25166e+07
0,0,0,8.14329e+08,0,3.198e+07,0,0,1.25166e+07
0,0,0,8.14329e+08,0,3.1985e+07,0,0,1.25166e+07
0,0,0,8.14329e+08,0,3.19901e+07,0,0,1.25166e+07
0,0,0,8.14329e+08,0,3.23611e+07,0,0,1.25166e+07
0,0,0,8.14329e+08,0,3.23663e+07,0,0,1.25166e+07
0,0,0,8.14329e+08,0,3.23714e+07,0,0,1.25166e+07
0,0,0,8.14329e+08,0,3.23765e+07,0,0,1.25166e+07
0,0,0,8.14329e+08,0,3.31571e+07,0,0,1.25166e+07
0,0,0,8.14329e+08,0,3.31624e+07,0,0,1.25166e+07
0,0,0,8.14329e+08,0,3.31676e+07,0,0,1.25166e+07
0,0,0,8.14329e+08,0,3.31729e+07,0,0,1.25166e+07
0,0,0,8.14329e+08,0,3.57517e+07,0,0,1.25166e+07
0,0,0,8.14329e+08,0,3.57573e+07,0,0,1.25166e+07
0,0,0,8.14329e+08,0,3.5763e+07,0,0,1.25166e+07
0,0,0,8.14329e+08,0,3.57686e+07,0,0,1.25166e+07
0,0,0,8.14329e+08,0,3.57743e+07,0,0,1.25166e+07
0,0,0,8.14329e+08,0,3.43337e+07,0,0,1.25166e+07
0,0,0,8.14329e+08,0,3.43391e+07,0,0,1.25166e+07
0,0,0,8.14329e+08,0,3.43445e+07,0,0,1.25166e+07
0,0,0,8.14329e+08,0,3.435e+07,0,0,1.25166e+07
0,0,0,8.14329e+08,0,3.30809e+07,0,0,1.25166e+07
0,0,0,8.14329e+08,0,3.57376e+07,-1.70428e+06,1.70428e+06,1.25166e+07
0,0,0,8.14329e+08,0,3.57429e+07,-1.70428e+06,1.70428e+06,1.25166e+07
0,0,0,8.14329e+08,0,3.22902e+07,-5.16219e+06,5.16219e+06,1.41549e+07
0,0,0,8.14329e+08,0,2.96502e+07,-4.85419e+06,4.85419e+06,1.41549e+07
0,0,0,8.14329e+08,0,3.01533e+07,0,0,1.25166e+07
0,0,0,8.14329e+08,0,3.01581e+07,0,0,1.25166e+07
0,0,0,8.14329e+08,0,3.01628e+07,0,0,1.25166e+07
0,0,0,8.14329e+08,0,3.01676e+07,0,0,1.25166e+07
0,0,0,8.14329e+08,0,3.11339e+07,0,0,1.25166e+07
0,0,0,8.14329e+08,0,3.11385e+07,0,0,1.25166e+07
0,0,0,8.14329e+08,0,3.11431e+07,0,0,1.25166e+07
0,0,0,8.14329e+08,0,3.11477e+07,0,0,1.25166e+07
0,0,0,8.14329e+08,0,3.4532e+07,0,0,1.25166e+07
0,0,0,8.14329e+08,0,3.45371e+07,0,0,1.25166e+07
0,0,0,8.14329e+08,0,3.45422e+07,0,0,1.25166e+07
0,0,0,8.14329e+08,0,3.45472e+07,0,0,1.25166e+07
0,0,0,8.14329e+08,0,2.98978e+07,0,0,1.25166e+07
0,0,0,8.14329e+08,0,2.99021e+07,0,0,1.25166e+07
0,0,0,8.14329e+08,0,2.99065e+07,0,0,1.25166e+07
0,0,0,8.14329e+08,0,2.99109e+07,0,0,1.25166e+07
0,0,0,8.14329e+08,0,2.99153e+07,0,0,1.25166e+07
0,0,0,8.14329e+08,0,3.10732e+07,0,0,1.25166e+07
0,0,0,8.14329e+08,0,3.10777e+07,0,0,1.25166e+07
0,0,0,8.14329e+08,0,3.10823e+07,0,0,1.25166e+07
0,0,0,8.14329e+08,0,3.10869e+07,0,0,1.25166e+07
0,0,0,8.14329e+08,0,3.06419e+07,0,0,1.25166e+07
0,0,0,8.14329e+08,0,3.06464e+07,0,0,1.25166e+07
0,0,0,8.14329e+08,0,3.06509e+07,0,0,1.25166e+07
0,0,0,8.14329e+08,0,3.06554e+07,0,0,1.25166e+07
0,0,0,8.14329e+08,0,3.22256e+07,0,0,1.25166e+07
0,0,0,8.14329e+08,0,3.22303e+07,0,0,1.25166e+07
0,0,0,8.14329e+08,0,3.2235e+07,0,0,1.25166e+07
0,0,0,8.14329e+08,0,3.22398e+07,0,0,1.25166e+07
0,0,0,8.14329e+08,0,3.22445e+07,0,0,1.25166e+07
0,0,0,8.14329e+08,0,3.26182e+07,0,0,1.25166e+07
0,0,0,8.14329e+08,0,3.26229e+07,0,0,1.25166e+07
0,0,0,8.14329e+08,0,3.26277e+07,0,0,1.25166e+07
0,0,0,8.14329e+08,0,3.26325e+07,0,0,1.25166e+07
0,0,0,8.14329e+08,0,3.3419e+07,0,0,1.25166e+07
0,0,0,8.14329e+08,0,3.34239e+07,0,0,1.25166e+07
0,0,0,8.14329e+08,0,3.34288e+07,0,0,1.25166e+07
0,0,0,8.14329e+08,0,3.34337e+07,0,0,1.25166e+07
0,0,0,8.14329e+08,0,3.60324e+07,0,0,1.25166e+07
0,0,0,8.14329e+08,0,3.60377e+07,0,0,1.25166e+07
0,0,0,8.14329e+08,0,3.6043e+07,0,0,1.25166e+07
0,0,0,8.14329e+08,0,3.60483e+07,0,0,1.25166e+07
0,0,0,8.14329e+08,0,3.60536e+07,0,0,1.25166e+07
0,0,0,8.14329e+08,0,3.46014e+07,0,0,1.25166e+07
0,0,0,8.14329e+08,0,3.46065e+07,0,0,1.25166e+07
0,0,0,8.14329e+08,0,3.46115e+07,0,0,1.25166e+07
0,0,0,8.14329e+08,0,3.46166e+07,0,0,1.25166e+07
0,0,0,8.14329e+08,0,3.33373e+07,0,0,1.25166e+07
0,0,0,8.14329e+08,0,3.33422e+07,0,0,1.25166e+07
0,0,0,8.14329e+08,0,3.33471e+07,0,0,1.25166e+07
0,0,0,8.14329e+08,0,3.3352e+07,0,0,1.25166e+07
0,0,0,8.14329e+08,0,3.03809e+07,0,0,1.25166e+07
0,0,0,8.14329e+08,0,3.03854e+07,0,0,1.25166e+07
0,0,0,8.14329e+08,0,3.03898e+07,0,0,1.25166e+07
0,0,0,8.14329e+08,0,3.03943e+07,0,0,1.25166e+07
0,0,0,8.14329e+08,0,3.03987e+07,0,0,1.25166e+07
0,0,0,8.14329e+08,0,3.13722e+07,0,0,1.25166e+07
0,0,0,8.14329e+08,0,3.13764e+07,0,0,1.25166e+07
0,0,0,8.14329e+08,0,3.13807e+07,0,0,1.25166e+07
0,0,0,8.14329e+08,0,3.1385e+07,0,0,1.25166e+07
0,0,0,8.14329e+08,0,3.47947e+07,0,0,1.25166e+07
0,0,0,8.14329e+08,0,3.47995e+07,0,0,1.25166e+07
0,0,0,8.14329e+08,0,3.48042e+07,0,0,1.25166e+07
0,0,0,8.14329e+08,0,3.48089e+07,0,0,1.25166e+07
0,0,0,8.14329e+08,0,3.01239e+07,0,0,1.25166e+07
0,0,0,8.14329e+08,0,3.0128e+07,0,0,1.25166e+07
0,0,0,8.14329e+08,0,3.01321e+07,0,0,1.25166e+07
0,0,0,8.14329e+08,0,3.01362e+07,0,0,1.25166e+07
0,0,0,8.14329e+08,0,3.01403e+07,0,0,1.25166e+07
0,0,0,8.14329e+08,0,3.13065e+07,0,0,1.25166e+07
0,0,0,8.14329e+08,0,3.13108e+07,0,0,1.25166e+07
0,0,0,8.14329e+08,0,3.1315e+07,0,0,1.25166e+07
0,0,0,8.14329e+08,0,3.13193e+07,0,0,1.25166e+07
0,0,0,8.14329e+08,0,3.08707e+07,0,0,1.25166e+07
0,0,0,8.14329e+08,0,3.08749e+07,0,0,1.25166e+07
0,0,0,8.14329e+08,0,3.08791e+07,0,0,1.25166e+07
0,0,0,8.14329e+08,0,3.08833e+07,0,0,1.25166e+07
0,0,0,8.14329e+08,0,3.24648e+07,0,0,1.25166e+07
0,0,0,8.14329e+08,0,3.24692e+07,0,0,1.25166e+07
0,0,0,8.14329e+08,0,3.24736e+07,0,0,1.25166e+07
0,0,0,8.14329e+08,0,3.2478e+07,0,0,1.25166e+07
0,0,0,8.14329e+08,0,3.24824e+07,0,0,1.25166e+07
0,0,0,8.14329e+08,0,3.28585e+07,0,0,1.25166e+07
0,0,0,8.14329e+08,0,3.2863e+07,0,0,1.25166e+07
0,0,0,8.14329e+08,0,3.28674e+07,0,0,1.25166e+07
0,0,0,8.14329e+08,0,3.28719e+07,0,0,1.25166e+07
0,0,0,8.14329e+08,0,3.36638e+07,0,0,1.25166e+07
0,0,0,8.14329e+08,0,3.36684e+07,0,0,1.25166e+07
0,0,0,8.14329e+08,0,3.36729e+07,0,0,1.25166e+07
0,0,0,8.14329e+08,0,3.36775e+07,0,0,1.25166e+07
0,0,0,8.14329e+08,0,3.62948e+07,0,0,1.25166e+07
0,0,0,8.14329e+08,0,3.79499e+07,-1.06067e+06,1.06067e+06,1.25166e+07
0,0,0,8.14329e+08,0,3.79534e+07,-1.05974e+06,1.05974e+06,1.25166e+07
0,0,0,8.14329e+08,0,3.41633e+07,-4.85243e+06,4.85243e+06,1.41549e+07
0,0,0,8.14329e+08,0,3.41663e+07,-4.85201e+06,4.85201e+06,1.41549e+07
0,0,0,8.14329e+08,0,3.28546e+07,-4.69823e+06,4.69823e+06,1.41549e+07
0,0,0,8.14329e+08,0,3.33677e+07,-5.02578e+06,5.02578e+06,1.41549e+07
0,0,0,8.14329e+08,0,3.33706e+07,-5.0254e+06,5.0254e+06,1.41549e+07
0,0,0,8.14329e+08,0,3.33735e+07,-5.02501e+06,5.02501e+06,1.41549e+07
0,0,0,8.14329e+08,0,3.22179e+07,-4.88946e+06,4.88946e+06,1.41549e+07
0,0,0,8.14329e+08,0,3.26853e+07,-5.18777e+06,5.18777e+06,1.41549e+07
0,0,0,8.14329e+08,0,3.26881e+07,-5.18741e+06,5.18741e+06,1.41549e+07
0,0,0,8.14329e+08,0,3.26909e+07,-5.18704e+06,5.18704e+06,1.41549e+07
0,0,0,8.14329e+08,0,3.00096e+07,-4.87353e+06,4.87353e+06,1.41549e+07
0,0,0,8.14329e+08,0,3.00563e+07,-4.90156e+06,4.90156e+06,1.41549e+07
0,0,0,8.14329e+08,0,3.006e+07,-4.902e+06,4.902e+06,1.41549e+07
0,0,0,8.14329e+08,0,3.00637e+07,-4.90243e+06,4.90243e+06,1.41549e+07
0,0,0,8.14329e+08,0,3.00674e+07,-4.90287e+06,4.90287e+06,1.41549e+07
0,0,0,8.14329e+08,0,3.06145e+07,0,0,1.25166e+07
0,0,0,8.14329e+08,0,3.15945e+07,0,0,1.25166e+07
0,0,0,8.14329e+08,0,3.15985e+07,0,0,1.25166e+07
0,0,0,8.14329e+08,0,3.16024e+07,0,0,1.25166e+07
0,0,0,8.14329e+08,0,3.16064e+07,0,0,1.25166e+07
0,0,0,8.14329e+08,0,3.50398e+07,0,0,1.25166e+07
0,0,0,8.14329e+08,0,3.50442e+07,0,0,1.25166e+07
0,0,0,8.14329e+08,0,3.50486e+07,0,0,1.25166e+07
0,0,0,8.14329e+08,0,3.5053e+07,0,0,1.25166e+07
0,0,0,8.14329e+08,0,3.03348e+07,0,0,1.25166e+07
0,0,0,8.14329e+08,0,3.03386e+07,0,0,1.25166e+07
0,0,0,8.14329e+08,0,3.03424e+07,0,0,1.25166e+07
0,0,0,8.14329e+08,0,3.03462e+07,0,0,1.25166e+07
0,0,0,8.14329e+08,0,3.03501e+07,0,0,1.25166e+07
0,0,0,8.14329e+08,0,3.1524e+07,0,0,1.25166e+07
0,0,0,8.14329e+08,0,3.1528e+07,0,0,1.25166e+07
0,0,0,8.14329e+08,0,3.1532e+07,0,0,1.25166e+07
0,0,0,8.14329e+08,0,3.15359e+07,0,0,1.25166e+07
0,0,0,8.14329e+08,0,3.10839e+07,0,0,1.25166e+07
0,0,0,8.14329e+08,0,3.10878e+07,0,0,1.25166e+07
0,0,0,8.14329e+08,0,3.10917e+07,0,0,1.25166e+07
0,0,0,8.14329e+08,0,3.10956e+07,0,0,1.25166e+07
0,0,0,8.14329e+08,0,3.26876e+07,0,0,1.25166e+07
0,0,0,8.14329e+08,0,3.26917e+07,0,0,1.25166e+07
0,0,0,8.14329e+08,0,3.26958e+07,0,0,1.25166e+07
0,0,0,8.14329e+08,0,3.26999e+07,0,0,1.25166e+07
0,0,0,8.14329e+08,0,3.2704e+07,0,0,1.25166e+07
0,0,0,8.14329e+08,0,3.30823e+07,0,0,1.25166e+07
0,0,0,8.14329e+08,0,3.30864e+07,0,0,1.25166e+07
0,0,0,8.14329e+08,0,3.30906e+07,0,0,1.25166e+07
0,0,0,8.14329e+08,0,3.30947e+07,0,0,1.25166e+07
0,0,0,8.14329e+08,0,3.38916e+07,0,0,1.25166e+07
0,0,0,8.14329e+08,0,3.38959e+07,0,0,1.25166e+07
0,0,0,8.14329e+08,0,3.39001e+07,0,0,1.25166e+07
0,0,0,8.14329e+08,0,3.39044e+07,0,0,1.25166e+07
0,0,0,8.14329e+08,0,3.65389e+07,0,0,1.25166e+07
0,0,0,8.14329e+08,0,3.65435e+07,0,0,1.25166e+07
0,0,0,8.14329e+08,0,3.65481e+07,0,0,1.25166e+07
0,0,0,8.14329e+08,0,3.65526e+07,0,0,1.25166e+07
0,0,0,8.14329e+08,0,3.65572e+07,0,0,1.25166e+07
0,0,0,8.14329e+08,0,3.5084e+07,0,0,1.25166e+07
0,0,0,8.14329e+08,0,3.50884e+07,0,0,1.25166e+07
0,0,0,8.14329e+08,0,3.50928e+07,0,0,1.25166e+07
0,0,0,8.14329e+08,0,3.50972e+07,0,0,1.25166e+07
0,0,0,8.14329e+08,0,3.37994e+07,0,0,1.25166e+07
0,0,0,8.14329e+08,0,3.38036e+07,0,0,1.25166e+07
0,0,0,8.14329e+08,0,3.38079e+07,0,0,1.25166e+07
0,0,0,8.14329e+08,0,3.38121e+07,0,0,1.25166e+07
0,0,0,8.14329e+08,0,3.07994e+07,0,0,1.25166e+07
0,0,0,8.14329e+08,0,3.08033e+07,0,0,1.25166e+07
0,0,0,8.14329e+08,0,3.08071e+07,0,0,1.25166e+07
0,0,0,8.14329e+08,0,3.0811e+07,0,0,1.25166e+07
0,0,0,8.14329e+08,0,3.08149e+07,0,0,1.25166e+07
0,0,0,8.14329e+08,0,3.1801e+07,0,0,1.25166e+07
0,0,0,8.14329e+08,0,3.18046e+07,0,0,1.25166e+07
0,0,0,8.14329e+08,0,3.18083e+07,0,0,1.25166e+07
0,0,0,8.14329e+08,0,3.1812e+07,0,0,1.25166e+07
0,0,0,8.14329e+08,0,3.52674e+07,0,0,1.25166e+07
0,0,0,8.14329e+08,0,3.52714e+07,0,0,1.25166e+07
0,0,0,8.14329e+08,0,3.52755e+07,0,0,1.25166e+07
0,0,0,8.14329e+08,0,3.52795e+07,0,0,1.25166e+07
0,0,0,8.14329e+08,0,3.05305e+07,0,0,1.25166e+07
0,0,0,8.14329e+08,0,3.0534e+07,0,0,1.25166e+07
0,0,0,8.14329e+08,0,3.05376e+07,0,0,1.25166e+07
0,0,0,8.14329e+08,0,3.05411e+07,0,0,1.25166e+07
0,0,0,8.14329e+08,0,3.05446e+07,0,0,1.25166e+07
0,0,0,8.14329e+08,0,3.17258e+07,0,0,1.25166e+07
0,0,0,8.14329e+08,0,3.17294e+07,0,0,1.25166e+07
0,0,0,8.14329e+08,0,3.17331e+07,0,0,1.25166e+07
0,0,0,8.14329e+08,0,3.17367e+07,0,0,1.25166e+07
0,0,0,8.14329e+08,0,3.12815e+07,0,0,1.25166e+07
0,0,0,8.14329e+08,0,3.12851e+07,0,0,1.25166e+07
0,0,0,8.14329e+08,0,3.12887e+07,0,0,1.25166e+07
0,0,0,8.14329e+08,0,3.12923e+07,0,0,1.25166e+07
0,0,0,8.14329e+08,0,3.2894e+07,0,0,1.25166e+07
0,0,0,8.14329e+08,0,3.28978e+07,0,0,1.25166e+07
0,0,0,8.14329e+08,0,3.29016e+07,0,0,1.25166e+07
0,0,0,8.14329e+08,0,3.29054e+07,0,0,1.25166e+07
0,0,0,8.14329e+08,0,3.29092e+07,0,0,1.25166e+07
0,0,0,8.14329e+08,0,3.32895e+07,0,0,1.25166e+07
0,0,0,8.14329e+08,0,3.32933e+07,0,0,1.25166e+07
0,0,0,8.14329e+08,0,3.24259e+07,-5.15488e+06,5.15488e+06,1.41549e+07
0,0,0,8.14329e+08,0,3.24282e+07,-5.15456e+06,5.15456e+06,1.41549e+07
0,0,0,8.14329e+08,0,3.31448e+07,-5.23759e+06,5.23759e+06,1.41549e+07
0,0,0,8.14329e+08,0,3.29116e+07,-5.08581e+06,5.08581e+06,1.41549e+07
0,0,0,8.14329e+08,0,3.2914e+07,-5.08549e+06,5.08549e+06,1.41549e+07
0,0,0,8.14329e+08,0,3.29163e+07,-5.08517e+06,5.08517e+06,1.41549e+07
0,0,0,8.14329e+08,0,3.52887e+07,-5.36136e+06,5.36136e+06,1.41549e+07
0,0,0,8.14329e+08,0,3.44403e+07,-4.81407e+06,4.81407e+06,1.41549e+07
0,0,0,8.14329e+08,0,3.44429e+07,-4.81372e+06,4.81372e+06,1.41549e+07
0,0,0,8.14329e+08,0,3.44454e+07,-4.81336e+06,4.81336e+06,1.41549e+07
0,0,0,8.14329e+08,0,3.4448e+07,-4.81301e+06,4.81301e+06,1.41549e+07
0,0,0,8.14329e+08,0,3.3119e+07,-4.65731e+06,4.65731e+06,1.41549e+07
0,0,0,8.14329e+08,0,3.36383e+07,-4.98914e+06,4.98914e+06,1.41549e+07
0,0,0,8.14329e+08,0,3.36408e+07,-4.98881e+06,4.98881e+06,1.41549e+07
0,0,0,8.14329e+08,0,3.36432e+07,-4.98848e+06,4.98848e+06,1.41549e+07
0,0,0,8.14329e+08,0,3.24724e+07,-4.85127e+06,4.85127e+06,1.41549e+07
0,0,0,8.14329e+08,0,3.29454e+07,-5.15344e+06,5.15344e+06,1.41549e+07
0,0,0,8.14329e+08,0,3.29478e+07,-5.15313e+06,5.15313e+06,1.41549e+07
0,0,0,8.14329e+08,0,3.29502e+07,-5.15282e+06,5.15282e+06,1.41549e+07
0,0,0,8.14329e+08,0,3.34719e+07,-1.59803e+06,1.59803e+06,1.25166e+07
0,0,0,8.14329e+08,0,3.29932e+07,-2.35183e+06,2.35183e+06,1.25166e+07
0,0,0,8.14329e+08,0,3.09927e+07,0,0,1.25166e+07
0,0,0,8.14329e+08,0,3.09963e+07,0,0,1.25166e+07
0,0,0,8.14329e+08,0,3.09999e+07,0,0,1.25166e+07
0,0,0,8.14329e+08,0,3.19916e+07,0,0,1.25166e+07
0,0,0,8.14329e+08,0,3.19949e+07,0,0,1.25166e+07
0,0,0,8.14329e+08,0,3.19983e+07,0,0,1.25166e+07
0,0,0,8.14329e+08,0,3.20016e+07,0,0,1.25166e+07
0,0,0,8.14329e+08,0,3.54773e+07,0,0,1.25166e+07
0,0,0,8.14329e+08,0,3.5481e+07,0,0,1.25166e+07
0,0,0,8.14329e+08,0,3.54847e+07,0,0,1.25166e+07
0,0,0,8.14329e+08,0,3.54885e+07,0,0,1.25166e+07
0,0,0,8.14329e+08,0,3.0711e+07,0,0,1.25166e+07
0,0,0,8.14329e+08,0,3.07142e+07,0,0,1.25166e+07
0,0,0,8.14329e+08,0,3.07175e+07,0,0,1.25166e+07
0,0,0,8.14329e+08,0,3.07207e+07,0,0,1.25166e+07
0,0,0,8.14329e+08,0,3.07239e+07,0,0,1.25166e+07
0,0,0,8.14329e+08,0,3.19117e+07,0,0,1.25166e+07
0,0,0,8.14329e+08,0,3.19151e+07,0,0,1.25166e+07
0,0,0,8.14329e+08,0,3.19184e+07,0,0,1.25166e+07
0,0,0,8.14329e+08,0,3.19218e+07,0,0,1.25166e+07
0,0,0,8.14329e+08,0,3.14635e+07,0,0,1.25166e+07
0,0,0,8.14329e+08,0,3.14668e+07,0,0,1.25166e+07
0,0,0,8.14329e+08,0,3.14702e+07,0,0,1.25166e+07
0,0,0,8.14329e+08,0,3.14735e+07,0,0,1.25166e+07
0,0,0,8.14329e+08,0,3.30842e+07,0,0,1.25166e+07
0,0,0,8.14329e+08,0,3.30876e+07,0,0,1.25166e+07
0,0,0,8.14329e+08,0,3.30911e+07,0,0,1.25166e+07
0,0,0,8.14329e+08,0,3.30946e+07,0,0,1.25166e+07
0,0,0,8.14329e+08,0,3.30981e+07,0,0,1.25166e+07
0,0,0,8.14329e+08,0,3.34802e+07,0,0,1.25166e+07
0,0,0,8.14329e+08,0,3.34837e+07,0,0,1.25166e+07
0,0,0,8.14329e+08,0,3.34872e+07,0,0,1.25166e+07
0,0,0,8.14329e+08,0,3.34908e+07,0,0,1.25166e+07
0,0,0,8.14329e+08,0,3.42965e+07,0,0,1.25166e+07
0,0,0,8.14329e+08,0,3.43001e+07,0,0,1.25166e+07
0,0,0,8.14329e+08,0,3.43037e+07,0,0,1.25166e+07
0,0,0,8.14329e+08,0,3.43073e+07,0,0,1.25166e+07
0,0,0,8.14329e+08,0,3.69723e+07,0,0,1.25166e+07
0,0,0,8.14329e+08,0,3.69762e+07,0,0,1.25166e+07
0,0,0,8.14329e+08,0,3.69801e+07,0,0,1.25166e+07
0,0,0,8.14329e+08,0,3.6984e+07,0,0,1.25166e+07
0,0,0,8.14329e+08,0,3.69879e+07,0,0,1.25166e+07
0,0,0,8.14329e+08,0,3.54966e+07,0,0,1.25166e+07
0,0,0,8.14329e+08,0,3.55003e+07,0,0,1.25166e+07
0,0,0,8.14329e+08,0,3.5504e+07,0,0,1.25166e+07
0,0,0,8.14329e+08,0,3.55077e+07,0,0,1.25166e+07
0,0,0,8.14329e+08,0,3.41941e+07,0,0,1.25166e+07
0,0,0,8.14329e+08,0,3.41977e+07,0,0,1.25166e+07
0,0,0,8.14329e+08,0,3.42012e+07,0,0,1.25166e+07
0,0,0,8.14329e+08,0,3.42048e+07,0,0,1.25166e+07
0,0,0,8.14329e+08,0,3.11565e+07,0,0,1.25166e+07
0,0,0,8.14329e+08,0,3.11598e+07,0,0,1.25166e+07
0,0,0,8.14329e+08,0,3.1163e+07,0,0,1.25166e+07
0,0,0,8.14329e+08,0,3.11663e+07,0,0,1.25166e+07
0,0,0,8.14329e+08,0,3.11696e+07,0,0,1.25166e+07
0,0,0,8.14329e+08,0,3.21664e+07,0,0,1.25166e+07
0,0,0,8.14329e+08,0,3.21694e+07,0,0,1.25166e+07
0,0,0,8.14329e+08,0,3.21725e+07,0,0,1.25166e+07
0,0,0,8.14329e+08,0,3.21756e+07,0,0,1.25166e+07
0,0,0,8.14329e+08,0,3.56697e+07,0,0,1.25166e+07
0,0,0,8.14329e+08,0,3.56731e+07,0,0,1.25166e+07
0,0,0,8.14329e+08,0,3.56765e+07,0,0,1.25166e+07
0,0,0,8.14329e+08,0,3.56799e+07,0,0,1.25166e+07
0,0,0,8.14329e+08,0,3.08764e+07,0,0,1.25166e+07
0,0,0,8.14329e+08,0,3.08793e+07,0,0,1.25166e+07
0,0,0,8.14329e+08,0,3.08823e+07,0,0,1.25166e+07
0,0,0,8.14329e+08,0,3.08852e+07,0,0,1.25166e+07
0,0,0,8.14329e+08,0,3.08882e+07,0,0,1.25166e+07
0,0,0,8.14329e+08,0,3.2082e+07,0,0,1.25166e+07
0,0,0,8.14329e+08,0,3.2085e+07,0,0,1.25166e+07
0,0,0,8.14329e+08,0,3.20881e+07,0,0,1.25166e+07
0,0,0,8.14329e+08,0,3.20912e+07,0,0,1.25166e+07
0,0,0,8.14329e+08,0,3.16302e+07,0,0,1.25166e+07
0,0,0,8.14329e+08,0,3.16332e+07,0,0,1.25166e+07
0,0,0,8.14329e+08,0,3.16362e+07,0,0,1.25166e+07
0,0,0,8.14329e+08,0,3.16392e+07,0,0,1.25166e+07
0,0,0,8.14329e+08,0,3.32581e+07,0,0,1.25166e+07
0,0,0,8.14329e+08,0,3.32612e+07,0,0,1.25166e+07
0,0,0,8.14329e+08,0,3.32644e+07,0,0,1.25166e+07
0,0,0,8.14329e+08,0,3.32675e+07,0,0,1.25166e+07
0,0,0,8.14329e+08,0,3.32707e+07,0,0,1.25166e+07
0,0,0,8.14329e+08,0,3.36545e+07,0,0,1.25166e+07
0,0,0,8.14329e+08,0,3.36577e+07,0,0,1.25166e+07
0,0,0,8.14329e+08,0,3.36609e+07,0,0,1.25166e+07
0,0,0,8.14329e+08,0,3.36641e+07,0,0,1.25166e+07
0,0,0,8.14329e+08,0,3.44737e+07,0,0,1.25166e+07
0,0,0,8.14329e+08,0,3.4477e+07,0,0,1.25166e+07
0,0,0,8.14329e+08,0,3.44803e+07,0,0,1.25166e+07
0,0,0,8.14329e+08,0,3.44835e+07,0,0,1.25166e+07
0,0,0,8.14329e+08,0,3.71619e+07,0,0,1.25166e+07
0,0,0,8.14329e+08,0,3.71655e+07,0,0,1.25166e+07
0,0,0,8.14329e+08,0,3.7169e+07,0,0,1.25166e+07
0,0,0,8.14329e+08,0,3.71725e+07,0,0,1.25166e+07
0,0,0,8.14329e+08,0,3.71761e+07,0,0,1.25166e+07
0,0,0,8.14329e+08,0,3.56768e+07,0,0,1.25166e+07
0,0,0,8.14329e+08,0,3.56802e+07,0,0,1.25166e+07
0,0,0,8.14329e+08,0,3.56836e+07,0,0,1.25166e+07
0,0,0,8.14329e+08,0,3.5687e+07,0,0,1.25166e+07
0,0,0,8.14329e+08,0,3.43664e+07,0,0,1.25166e+07
0,0,0,8.14329e+08,0,3.43696e+07,0,0,1.25166e+07
0,0,0,8.14329e+08,0,3.43729e+07,0,0,1.25166e+07
0,0,0,8.14329e+08,0,3.43762e+07,0,0,1.25166e+07
0,0,0,8.14329e+08,0,3.13123e+07,0,0,1.25166e+07
0,0,0,8.14329e+08,0,3.13152e+07,0,0,1.25166e+07
0,0,0,8.14329e+08,0,3.06977e+07,-4.97639e+06,4.97639e+06,1.41549e+07
0,0,0,8.14329e+08,0,3.07003e+07,-4.9767e+06,4.9767e+06,1.41549e+07
0,0,0,8.14329e+08,0,3.0703e+07,-4.97701e+06,4.97701e+06,1.41549e+07
0,0,0,8.14329e+08,0,3.15998e+07,-5.08164e+06,5.08164e+06,1.41549e+07
0,0,0,8.14329e+08,0,3.23284e+07,0,0,1.25166e+07
0,0,0,8.14329e+08,0,3.23311e+07,0,0,1.25166e+07
0,0,0,8.14329e+08,0,3.23339e+07,0,0,1.25166e+07
0,0,0,8.14329e+08,0,3.58449e+07,0,0,1.25166e+07
0,0,0,8.14329e+08,0,3.5848e+07,0,0,1.25166e+07
0,0,0,8.14329e+08,0,3.5851e+07,0,0,1.25166e+07
0,0,0,8.14329e+08,0,3.58541e+07,0,0,1.25166e+07
0,0,0,8.14329e+08,0,3.10268e+07,0,0,1.25166e+07
0,0,0,8.14329e+08,0,3.10295e+07,0,0,1.25166e+07
0,0,0,8.14329e+08,0,3.10321e+07,0,0,1.25166e+07
0,0,0,8.14329e+08,0,3.10348e+07,0,0,1.25166e+07
0,0,0,8.14329e+08,0,3.10374e+07,0,0,1.25166e+07
0,0,0,8.14329e+08,0,3.22367e+07,0,0,1.25166e+07
0,0,0,8.14329e+08,0,3.22395e+07,0,0,1.25166e+07
0,0,0,8.14329e+08,0,3.22422e+07,0,0,1.25166e+07
0,0,0,8.14329e+08,0,3.2245e+07,0,0,1.25166e+07
0,0,0,8.14329e+08,0,3.17815e+07,0,0,1.25166e+07
0,0,0,8.14329e+08,0,3.17842e+07,0,0,1.25166e+07
0,0,0,8.14329e+08,0,3.17869e+07,0,0,1.25166e+07
0,0,0,8.14329e+08,0,3.17896e+07,0,0,1.25166e+07
0,0,0,8.14329e+08,0,3.34158e+07,0,0,1.25166e+07
0,0,0,8.14329e+08,0,3.34187e+07,0,0,1.25166e+07
0,0,0,8.14329e+08,0,3.34216e+07,0,0,1.25166e+07
0,0,0,8.14329e+08,0,3.34244e+07,0,0,1.25166e+07
0,0,0,8.14329e+08,0,3.34273e+07,0,0,1.25166e+07
0,0,0,8.14329e+08,0,3.38126e+07,0,0,1.25166e+07
0,0,0,8.14329e+08,0,3.27396e+07,-5.11238e+06,5.11238e+06,1.41549e+07
0,0,0,8.14329e+08,0,3.27414e+07,-5.11215e+06,5.11215e+06,1.41549e+07
0,0,0,8.14329e+08,0,3.27431e+07,-5.11191e+06,5.11191e+06,1.41549e+07
0,0,0,8.14329e+08,0,3.34704e+07,-5.19632e+06,5.19632e+06,1.41549e+07
0,0,0,8.14329e+08,0,3.32328e+07,-5.04225e+06,5.04225e+06,1.41549e+07
0,0,0,8.14329e+08,0,3.32346e+07,-5.04201e+06,5.04201e+06,1.41549e+07
0,0,0,8.14329e+08,0,3.32364e+07,-5.04177e+06,5.04177e+06,1.41549e+07
0,0,0,8.14329e+08,0,3.56449e+07,-5.32231e+06,5.32231e+06,1.41549e+07
0,0,0,8.14329e+08,0,3.47827e+07,-4.76663e+06,4.76663e+06,1.41549e+07
0,0,0,8.14329e+08,0,3.47846e+07,-4.76636e+06,4.76636e+06,1.41549e+07
0,0,0,8.14329e+08,0,3.47865e+07,-4.7661e+06,4.7661e+06,1.41549e+07
0,0,0,8.14329e+08,0,3.47885e+07,-4.76583e+06,4.76583e+06,1.41549e+07
0,0,0,8.14329e+08,0,3.34385e+07,-4.60784e+06,4.60784e+06,1.41549e+07
0,0,0,8.14329e+08,0,3.3965e+07,-4.94485e+06,4.94485e+06,1.41549e+07
0,0,0,8.14329e+08,0,3.39669e+07,-4.9446e+06,4.9446e+06,1.41549e+07
0,0,0,8.14329e+08,0,3.39688e+07,-4.94435e+06,4.94435e+06,1.41549e+07
0,0,0,8.14329e+08,0,3.27795e+07,-4.80514e+06,4.80514e+06,1.41549e+07
0,0,0,8.14329e+08,0,3.32591e+07,-5.112e+06,5.112e+06,1.41549e+07
0,0,0,8.14329e+08,0,3.32609e+07,-5.11176e+06,5.11176e+06,1.41549e+07
0,0,0,8.14329e+08,0,3.32627e+07,-5.11153e+06,5.11153e+06,1.41549e+07
0,0,0,8.14329e+08,0,3.31344e+07,-2.16045e+06,2.16045e+06,1.25166e+07
0,0,0,8.14329e+08,0,3.08207e+07,-4.99074e+06,4.99074e+06,1.41549e+07
0,0,0,8.14329e+08,0,3.34525e+07,-2.36163e+06,2.36163e+06,1.25166e+07
0,0,0,8.14329e+08,0,3.14609e+07,0,0,1.25166e+07
0,0,0,8.14329e+08,0,3.14636e+07,0,0,1.25166e+07
0,0,0,8.14329e+08,0,3.24692e+07,0,0,1.25166e+07
0,0,0,8.14329e+08,0,3.24717e+07,0,0,1.25166e+07
0,0,0,8.14329e+08,0,3.24741e+07,0,0,1.25166e+07
0,0,0,8.14329e+08,0,3.24766e+07,0,0,1.25166e+07
0,0,0,8.14329e+08,0,3.60027e+07,0,0,1.25166e+07
0,0,0,8.14329e+08,0,3.60055e+07,0,0,1.25166e+07
0,0,0,8.14329e+08,0,3.60082e+07,0,0,1.25166e+07
0,0,0,8.14329e+08,0,3.60109e+07,0,0,1.25166e+07
0,0,0,8.14329e+08,0,3.11622e+07,0,0,1.25166e+07
0,0,0,8.14329e+08,0,3.11646e+07,0,0,1.25166e+07
0,0,0,8.14329e+08,0,3.1167e+07,0,0,1.25166e+07
0,0,0,8.14329e+08,0,3.11693e+07,0,0,1.25166e+07
0,0,0,8.14329e+08,0,3.11717e+07,0,0,1.25166e+07
0,0,0,8.14329e+08,0,3.23758e+07,0,0,1.25166e+07
0,0,0,8.14329e+08,0,3.23783e+07,0,0,1.25166e+07
0,0,0,8.14329e+08,0,3.23808e+07,0,0,1.25166e+07
0,0,0,8.14329e+08,0,3.23832e+07,0,0,1.25166e+07
0,0,0,8.14329e+08,0,3.19174e+07,0,0,1.25166e+07
0,0,0,8.14329e+08,0,3.19198e+07,0,0,1.25166e+07
0,0,0,8.14329e+08,0,3.19222e+07,0,0,1.25166e+07
0,0,0,8.14329e+08,0,3.19247e+07,0,0,1.25166e+07
0,0,0,8.14329e+08,0,3.35575e+07,0,0,1.25166e+07
0,0,0,8.14329e+08,0,3.356e+07,0,0,1.25166e+07
0,0,0,8.14329e+08,0,3.35626e+07,0,0,1.25166e+07
0,0,0,8.14329e+08,0,3.35651e+07,0,0,1.25166e+07
0,0,0,8.14329e+08,0,3.35676e+07,0,0,1.25166e+07
0,0,0,8.14329e+08,0,3.39542e+07,0,0,1.25166e+07
0,0,0,8.14329e+08,0,3.39568e+07,0,0,1.25166e+07
0,0,0,8.14329e+08,0,3.39594e+07,0,0,1.25166e+07
0,0,0,8.14329e+08,0,3.3962e+07,0,0,1.25166e+07
0,0,0,8.14329e+08,0,3.4778e+07,0,0,1.25166e+07
0,0,0,8.14329e+08,0,3.47806e+07,0,0,1.25166e+07
0,0,0,8.14329e+08,0,3.47833e+07,0,0,1.25166e+07
0,0,0,8.14329e+08,0,3.47859e+07,0,0,1.25166e+07
0,0,0,8.14329e+08,0,3.7487e+07,0,0,1.25166e+07
0,0,0,8.14329e+08,0,3.74899e+07,0,0,1.25166e+07
0,0,0,8.14329e+08,0,3.74927e+07,0,0,1.25166e+07
0,0,0,8.14329e+08,0,3.74956e+07,0,0,1.25166e+07
0,0,0,8.14329e+08,0,3.74984e+07,0,0,1.25166e+07
0,0,0,8.14329e+08,0,3.59855e+07,0,0,1.25166e+07
0,0,0,8.14329e+08,0,3.59882e+07,0,0,1.25166e+07
0,0,0,8.14329e+08,0,3.59909e+07,0,0,1.25166e+07
0,0,0,8.14329e+08,0,3.59937e+07,0,0,1.25166e+07
0,0,0,8.14329e+08,0,3.4661e+07,0,0,1.25166e+07
0,0,0,8.14329e+08,0,3.46636e+07,0,0,1.25166e+07
0,0,0,8.14329e+08,0,3.46662e+07,0,0,1.25166e+07
0,0,0,8.14329e+08,0,3.46689e+07,0,0,1.25166e+07
0,0,0,8.14329e+08,0,3.15782e+07,0,0,1.25166e+07
0,0,0,8.14329e+08,0,3.15806e+07,0,0,1.25166e+07
0,0,0,8.14329e+08,0,3.1583e+07,0,0,1.25166e+07
0,0,0,8.14329e+08,0,3.15854e+07,0,0,1.25166e+07
0,0,0,8.14329e+08,0,3.15878e+07,0,0,1.25166e+07
0,0,0,8.14329e+08,0,3.15878e+07,0,0,1.25166e+07
0,0,0,8.14329e+08,0,3.2597e+07,0,0,1.25166e+07
0,0,0,8.14329e+08,0,3.25992e+07,0,0,1.25166e+07
0,0,0,8.14329e+08,0,3.26014e+07,0,0,1.25166e+07
0,0,0,8.14329e+08,0,3.26035e+07,0,0,1.25166e+07
0,0,0,8.14329e+08,0,3.61431e+07,0,0,1.25166e+07
0,0,0,8.14329e+08,0,3.61455e+07,0,0,1.25166e+07
0,0,0,8.14329e+08,0,3.61479e+07,0,0,1.25166e+07
0,0,0,8.14329e+08,0,3.61503e+07,0,0,1.25166e+07
0,0,0,8.14329e+08,0,3.12825e+07,0,0,1.25166e+07
0,0,0,8.14329e+08,0,3.12846e+07,0,0,1.25166e+07
0,0,0,8.14329e+08,0,3.12867e+07,0,0,1.25166e+07
0,0,0,8.14329e+08,0,3.12888e+07,0,0,1.25166e+07
0,0,0,8.14329e+08,0,3.12908e+07,0,0,1.25166e+07
0,0,0,8.14329e+08,0,3.24993e+07,0,0,1.25166e+07
0,0,0,8.14329e+08,0,3.25014e+07,0,0,1.25166e+07
0,0,0,8.14329e+08,0,3.25036e+07,0,0,1.25166e+07
0,0,0,8.14329e+08,0,3.25057e+07,0,0,1.25166e+07
0,0,0,8.14329e+08,0,3.20379e+07,0,0,1.25166e+07
0,0,0,8.14329e+08,0,3.204e+07,0,0,1.25166e+07
0,0,0,8.14329e+08,0,3.20421e+07,0,0,1.25166e+07
0,0,0,8.14329e+08,0,3.20442e+07,0,0,1.25166e+07
0,0,0,8.14329e+08,0,3.36828e+07,0,0,1.25166e+07
0,0,0,8.14329e+08,0,3.36851e+07,0,0,1.25166e+07
0,0,0,8.14329e+08,0,3.36873e+07,0,0,1.25166e+07
0,0,0,8.14329e+08,0,3.36895e+07,0,0,1.25166e+07
0,0,0,8.14329e+08,0,3.36918e+07,0,0,1.25166e+07
0,0,0,8.14329e+08,0,3.40795e+07,0,0,1.25166e+07
0,0,0,8.14329e+08,0,3.40817e+07,0,0,1.25166e+07
0,0,0,8.14329e+08,0,3.4084e+07,0,0,1.25166e+07
0,0,0,8.14329e+08,0,3.40862e+07,0,0,1.25166e+07
0,0,0,8.14329e+08,0,3.49049e+07,0,0,1.25166e+07
0,0,0,8.14329e+08,0,3.49072e+07,0,0,1.25166e+07
0,0,0,8.14329e+08,0,3.49095e+07,0,0,1.25166e+07
0,0,0,8.14329e+08,0,3.49118e+07,0,0,1.25166e+07
0,0,0,8.14329e+08,0,3.76224e+07,0,0,1.25166e+07
0,0,0,8.14329e+08,0,3.76249e+07,0,0,1.25166e+07
0,0,0,8.14329e+08,0,3.76274e+07,0,0,1.25166e+07
0,0,0,8.14329e+08,0,3.76299e+07,0,0,1.25166e+07
0,0,0,8.14329e+08,0,3.76324e+07,0,0,1.25166e+07
0,0,0,8.14329e+08,0,3.61137e+07,0,0,1.25166e+07
0,0,0,8.14329e+08,0,3.61161e+07,0,0,1.25166e+07
0,0,0,8.14329e+08,0,3.61185e+07,0,0,1.25166e+07
0,0,0,8.14329e+08,0,3.61209e+07,0,0,1.25166e+07
0,0,0,8.14329e+08,0,3.47831e+07,0,0,1.25166e+07
0,0,0,8.14329e+08,0,3.47854e+07,0,0,1.25166e+07
0,0,0,8.14329e+08,0,3.47877e+07,0,0,1.25166e+07
0,0,0,8.14329e+08,0,3.47901e+07,0,0,1.25166e+07
0,0,0,8.14329e+08,0,3.16883e+07,0,0,1.25166e+07
0,0,0,8.14329e+08,0,3.16904e+07,0,0,1.25166e+07
0,0,0,8.14329e+08,0,3.16925e+07,0,0,1.25166e+07
0,0,0,8.14329e+08,0,3.16946e+07,0,0,1.25166e+07
0,0,0,8.14329e+08,0,3.16967e+07,0,0,1.25166e+07
0,0,0,8.14329e+08,0,3.27091e+07,0,0,1.25166e+07
0,0,0,8.14329e+08,0,3.2711e+07,0,0,1.25166e+07
0,0,0,8.14329e+08,0,3.27128e+07,0,0,1.25166e+07
0,0,0,8.14329e+08,0,3.27147e+07,0,0,1.25166e+07
0,0,0,8.14329e+08,0,3.6266e+07,0,0,1.25166e+07
0,0,0,8.14329e+08,0,3.62681e+07,0,0,1.25166e+07
0,0,0,8.14329e+08,0,3.62702e+07,0,0,1.25166e+07
0,0,0,8.14329e+08,0,3.62722e+07,0,0,1.25166e+07
0,0,0,8.14329e+08,0,3.13878e+07,0,0,1.25166e+07
0,0,0,8.14329e+08,0,3.13895e+07,0,0,1.25166e+07
0,0,0,8.14329e+08,0,3.13913e+07,0,0,1.25166e+07
0,0,0,8.14329e+08,0,3.13931e+07,0,0,1.25166e+07
0,0,0,8.14329e+08,0,3.13949e+07,0,0,1.25166e+07
0,0,0,8.14329e+08,0,3.26071e+07,0,0,1.25166e+07
0,0,0,8.14329e+08,0,3.26089e+07,0,0,1.25166e+07
0,0,0,8.14329e+08,0,3.26108e+07,0,0,1.25166e+07
0,0,0,8.14329e+08,0,3.26126e+07,0,0,1.25166e+07
0,0,0,8.14329e+08,0,3.21429e+07,0,0,1.25166e+07
0,0,0,8.14329e+08,0,3.21447e+07,0,0,1.25166e+07
0,0,0,8.14329e+08,0,3.21466e+07,0,0,1.25166e+07
0,0,0,8.14329e+08,0,3.21484e+07,0,0,1.25166e+07
0,0,0,8.14329e+08,0,3.3792e+07,0,0,1.25166e+07
0,0,0,8.14329e+08,0,3.37939e+07,0,0,1.25166e+07
0,0,0,8.14329e+08,0,3.37958e+07,0,0,1.25166e+07
0,0,0,8.14329e+08,0,3.37978e+07,0,0,1.25166e+07
0,0,0,8.14329e+08,0,3.37997e+07,0,0,1.25166e+07
0,0,0,8.14329e+08,0,3.41883e+07,0,0,1.25166e+07
0,0,0,8.14329e+08,0,3.41902e+07,0,0,1.25166e+07
0,0,0,8.14329e+08,0,3.41922e+07,0,0,1.25166e+07
0,0,0,8.14329e+08,0,3.41941e+07,0,0,1.25166e+07
0,0,0,8.14329e+08,0,3.50151e+07,0,0,1.25166e+07
0,0,0,8.14329e+08,0,3.50171e+07,0,0,1.25166e+07
0,0,0,8.14329e+08,0,3.50191e+07,0,0,1.25166e+07
0,0,0,8.14329e+08,0,3.50211e+07,0,0,1.25166e+07
0,0,0,8.14329e+08,0,3.77398e+07,0,0,1.25166e+07
0,0,0,8.14329e+08,0,3.77419e+07,0,0,1.25166e+07
0,0,0,8.14329e+08,0,3.7744e+07,0,0,1.25166e+07
0,0,0,8.14329e+08,0,3.77462e+07,0,0,1.25166e+07
0,0,0,8.14329e+08,0,3.77483e+07,0,0,1.25166e+07
0,0,0,8.14329e+08,0,3.62246e+07,0,0,1.25166e+07
0,0,0,8.14329e+08,0,3.62267e+07,0,0,1.25166e+07
0,0,0,8.14329e+08,0,3.62288e+07,0,0,1.25166e+07
0,0,0,8.14329e+08,0,3.62308e+07,0,0,1.25166e+07
0,0,0,8.14329e+08,0,3.48887e+07,0,0,1.25166e+07
0,0,0,8.14329e+08,0,3.48907e+07,0,0,1.25166e+07
0,0,0,8.14329e+08,0,3.48927e+07,0,0,1.25166e+07
0,0,0,8.14329e+08,0,3.48946e+07,0,0,1.25166e+07
0,0,0,8.14329e+08,0,3.17833e+07,0,0,1.25166e+07
0,0,0,8.14329e+08,0,3.17851e+07,0,0,1.25166e+07
0,0,0,8.14329e+08,0,3.17869e+07,0,0,1.25166e+07
0,0,0,8.14329e+08,0,3.17887e+07,0,0,1.25166e+07
0,0,0,8.14329e+08,0,3.17905e+07,0,0,1.25166e+07
0,0,0,8.14329e+08,0,3.28056e+07,0,0,1.25166e+07
0,0,0,8.14329e+08,0,3.28072e+07,0,0,1.25166e+07
0,0,0,8.14329e+08,0,3.28087e+07,0,0,1.25166e+07
0,0,0,8.14329e+08,0,3.28103e+07,0,0,1.25166e+07
0,0,0,8.14329e+08,0,3.63717e+07,0,0,1.25166e+07
0,0,0,8.14329e+08,0,3.63734e+07,0,0,1.25166e+07
0,0,0,8.14329e+08,0,3.63751e+07,0,0,1.25166e+07
0,0,0,8.14329e+08,0,3.63769e+07,0,0,1.25166e+07
0,0,0,8.14329e+08,0,3.1478e+07,0,0,1.25166e+07
0,0,0,8.14329e+08,0,3.14795e+07,0,0,1.25166e+07
0,0,0,8.14329e+08,0,3.1481e+07,0,0,1.25166e+07
0,0,0,8.14329e+08,0,3.14825e+07,0,0,1.25166e+07
0,0,0,8.14329e+08,0,3.1484e+07,0,0,1.25166e+07
0,0,0,8.14329e+08,0,3.26993e+07,0,0,1.25166e+07
0,0,0,8.14329e+08,0,3.27009e+07,0,0,1.25166e+07
0,0,0,8.14329e+08,0,3.27024e+07,0,0,1.25166e+07
0,0,0,8.14329e+08,0,3.2704e+07,0,0,1.25166e+07
0,0,0,8.14329e+08,0,3.22326e+07,0,0,1.25166e+07
0,0,0,8.14329e+08,0,3.22342e+07,0,0,1.25166e+07
0,0,0,8.14329e+08,0,3.22357e+07,0,0,1.25166e+07
0,0,0,8.14329e+08,0,3.22372e+07,0,0,1.25166e+07
0,0,0,8.14329e+08,0,3.38851e+07,0,0,1.25166e+07
0,0,0,8.14329e+08,0,3.38867e+07,0,0,1.25166e+07
0,0,0,8.14329e+08,0,3.38883e+07,0,0,1.25166e+07
0,0,0,8.14329e+08,0,3.38899e+07,0,0,1.25166e+07
0,0,0,8.14329e+08,0,3.38915e+07,0,0,1.25166e+07
0,0,0,8.14329e+08,0,3.42809e+07,0,0,1.25166e+07
0,0,0,8.14329e+08,0,3.42825e+07,0,0,1.25166e+07
0,0,0,8.14329e+08,0,3.42841e+07,0,0,1.25166e+07
0,0,0,8.14329e+08,0,3.42858e+07,0,0,1.25166e+07
0,0,0,8.14329e+08,0,3.51086e+07,0,0,1.25166e+07
0,0,0,8.14329e+08,0,3.51103e+07,0,0,1.25166e+07
0,0,0,8.14329e+08,0,3.51119e+07,0,0,1.25166e+07
0,0,0,8.14329e+08,0,3.51136e+07,0,0,1.25166e+07
0,0,0,8.14329e+08,0,3.78391e+07,0,0,1.25166e+07
0,0,0,8.14329e+08,0,3.78409e+07,0,0,1.25166e+07
0,0,0,8.14329e+08,0,3.78427e+07,0,0,1.25166e+07
0,0,0,8.14329e+08,0,3.78445e+07,0,0,1.25166e+07
0,0,0,8.14329e+08,0,3.78463e+07,0,0,1.25166e+07
0,0,0,8.14329e+08,0,3.63183e+07,0,0,1.25166e+07
0,0,0,8.14329e+08,0,3.632e+07,0,0,1.25166e+07
0,0,0,8.14329e+08,0,3.63218e+07,0,0,1.25166e+07
0,0,0,8.14329e+08,0,3.63235e+07,0,0,1.25166e+07
0,0,0,8.14329e+08,0,3.49776e+07,0,0,1.25166e+07
0,0,0,8.14329e+08,0,3.71898e+07,-1.42081e+06,1.42081e+06,1.25166e+07
0,0,0,8.14329e+08,0,3.7191e+07,-1.4205e+06,1.4205e+06,1.25166e+07
0,0,0,8.14329e+08,0,3.35372e+07,-5.07516e+06,5.07516e+06,1.41549e+07
0,0,0,8.14329e+08,0,3.07432e+07,-4.74893e+06,4.74893e+06,1.41549e+07
0,0,0,8.14329e+08,0,3.1187e+07,-5.03348e+06,5.03348e+06,1.41549e+07
0,0,0,8.14329e+08,0,3.11884e+07,-5.03364e+06,5.03364e+06,1.41549e+07
0,0,0,8.14329e+08,0,3.11897e+07,-5.0338e+06,5.0338e+06,1.41549e+07
0,0,0,8.14329e+08,0,3.18692e+07,0,0,1.25166e+07
0,0,0,8.14329e+08,0,3.28865e+07,0,0,1.25166e+07
0,0,0,8.14329e+08,0,3.55393e+07,-1.70428e+06,1.70428e+06,1.25166e+07
0,0,0,8.14329e+08,0,3.2889e+07,0,0,1.25166e+07
0,0,0,8.14329e+08,0,3.28903e+07,0,0,1.25166e+07
0,0,0,8.14329e+08,0,3.646e+07,0,0,1.25166e+07
0,0,0,8.14329e+08,0,3.64614e+07,0,0,1.25166e+07
0,0,0,8.14329e+08,0,3.64628e+07,0,0,1.25166e+07
0,0,0,8.14329e+08,0,3.64641e+07,0,0,1.25166e+07
0,0,0,8.14329e+08,0,3.15532e+07,0,0,1.25166e+07
0,0,0,8.14329e+08,0,3.15544e+07,0,0,1.25166e+07
0,0,0,8.14329e+08,0,3.15556e+07,0,0,1.25166e+07
0,0,0,8.14329e+08,0,3.15569e+07,0,0,1.25166e+07
0,0,0,8.14329e+08,0,3.15581e+07,0,0,1.25166e+07
0,0,0,8.14329e+08,0,3.27759e+07,0,0,1.25166e+07
0,0,0,8.14329e+08,0,3.27772e+07,0,0,1.25166e+07
0,0,0,8.14329e+08,0,3.27784e+07,0,0,1.25166e+07
0,0,0,8.14329e+08,0,3.27797e+07,0,0,1.25166e+07
0,0,0,8.14329e+08,0,3.23069e+07,0,0,1.25166e+07
0,0,0,8.14329e+08,0,3.23082e+07,0,0,1.25166e+07
0,0,0,8.14329e+08,0,3.23094e+07,0,0,1.25166e+07
0,0,0,8.14329e+08,0,3.23106e+07,0,0,1.25166e+07
0,0,0,8.14329e+08,0,3.39619e+07,0,0,1.25166e+07
0,0,0,8.14329e+08,0,3.39632e+07,0,0,1.25166e+07
0,0,0,8.14329e+08,0,3.39645e+07,0,0,1.25166e+07
0,0,0,8.14329e+08,0,3.39658e+07,0,0,1.25166e+07
0,0,0,8.14329e+08,0,3.39671e+07,0,0,1.25166e+07
0,0,0,8.14329e+08,0,3.4357e+07,0,0,1.25166e+07
0,0,0,8.14329e+08,0,3.43583e+07,0,0,1.25166e+07
0,0,0,8.14329e+08,0,3.43596e+07,0,0,1.25166e+07
0,0,0,8.14329e+08,0,3.43609e+07,0,0,1.25166e+07
0,0,0,8.14329e+08,0,3.51852e+07,0,0,1.25166e+07
0,0,0,8.14329e+08,0,3.51866e+07,0,0,1.25166e+07
0,0,0,8.14329e+08,0,3.51879e+07,0,0,1.25166e+07
0,0,0,8.14329e+08,0,3.35668e+07,-4.99682e+06,4.99682e+06,1.41549e+07
0,0,0,8.14329e+08,0,3.60121e+07,-5.28191e+06,5.28191e+06,1.41549e+07
0,0,0,8.14329e+08,0,3.51352e+07,-4.71762e+06,4.71762e+06,1.41549e+07
0,0,0,8.14329e+08,0,3.90983e+07,-755303,755303,1.25166e+07
0,0,0,8.14329e+08,0,3.90993e+07,-755032,755032,1.25166e+07
0,0,0,8.14329e+08,0,3.51379e+07,-4.71726e+06,4.71726e+06,1.41549e+07
0,0,0,8.14329e+08,0,3.37659e+07,-4.55697e+06,4.55697e+06,1.41549e+07
0,0,0,8.14329e+08,0,3.42996e+07,-4.89936e+06,4.89936e+06,1.41549e+07
0,0,0,8.14329e+08,0,3.43005e+07,-4.89924e+06,4.89924e+06,1.41549e+07
0,0,0,8.14329e+08,0,3.43013e+07,-4.89913e+06,4.89913e+06,1.41549e+07
0,0,0,8.14329e+08,0,3.30928e+07,-4.75793e+06,4.75793e+06,1.41549e+07
0,0,0,8.14329e+08,0,3.35788e+07,-5.06963e+06,5.06963e+06,1.41549e+07
0,0,0,8.14329e+08,0,3.35796e+07,-5.06952e+06,5.06952e+06,1.41549e+07
0,0,0,8.14329e+08,0,3.35804e+07,-5.06941e+06,5.06941e+06,1.41549e+07
0,0,0,8.14329e+08,0,3.07805e+07,-4.74255e+06,4.74255e+06,1.41549e+07
0,0,0,8.14329e+08,0,3.12445e+07,-5.04019e+06,5.04019e+06,1.41549e+07
0,0,0,8.14329e+08,0,3.12456e+07,-5.04032e+06,5.04032e+06,1.41549e+07
0,0,0,8.14329e+08,0,3.12467e+07,-5.04044e+06,5.04044e+06,1.41549e+07
0,0,0,8.14329e+08,0,3.19325e+07,0,0,1.25166e+07
0,0,0,8.14329e+08,0,3.5603e+07,-1.70428e+06,1.70428e+06,1.25166e+07
0,0,0,8.14329e+08,0,3.29524e+07,0,0,1.25166e+07
0,0,0,8.14329e+08,0,3.56049e+07,-1.70428e+06,1.70428e+06,1.25166e+07
0,0,0,8.14329e+08,0,3.29543e+07,0,0,1.25166e+07
0,0,0,8.14329e+08,0,3.65307e+07,0,0,1.25166e+07
0,0,0,8.14329e+08,0,3.65317e+07,0,0,1.25166e+07
0,0,0,8.14329e+08,0,3.65328e+07,0,0,1.25166e+07
0,0,0,8.14329e+08,0,3.65338e+07,0,0,1.25166e+07
0,0,0,8.14329e+08,0,3.16132e+07,0,0,1.25166e+07
0,0,0,8.14329e+08,0,3.16141e+07,0,0,1.25166e+07
0,0,0,8.14329e+08,0,3.16151e+07,0,0,1.25166e+07
0,0,0,8.14329e+08,0,3.1616e+07,0,0,1.25166e+07
0,0,0,8.14329e+08,0,3.16169e+07,0,0,1.25166e+07
0,0,0,8.14329e+08,0,3.28367e+07,0,0,1.25166e+07
0,0,0,8.14329e+08,0,3.28376e+07,0,0,1.25166e+07
0,0,0,8.14329e+08,0,3.28386e+07,0,0,1.25166e+07
0,0,0,8.14329e+08,0,3.28395e+07,0,0,1.25166e+07
0,0,0,8.14329e+08,0,3.23656e+07,0,0,1.25166e+07
0,0,0,8.14329e+08,0,3.23666e+07,0,0,1.25166e+07
0,0,0,8.14329e+08,0,3.23675e+07,0,0,1.25166e+07
0,0,0,8.14329e+08,0,3.23684e+07,0,0,1.25166e+07
0,0,0,8.14329e+08,0,3.40224e+07,0,0,1.25166e+07
0,0,0,8.14329e+08,0,3.40233e+07,0,0,1.25166e+07
0,0,0,8.14329e+08,0,3.40243e+07,0,0,1.25166e+07
0,0,0,8.14329e+08,0,3.40253e+07,0,0,1.25166e+07
0,0,0,8.14329e+08,0,3.40263e+07,0,0,1.25166e+07
0,0,0,8.14329e+08,0,3.44165e+07,0,0,1.25166e+07
0,0,0,8.14329e+08,0,3.44175e+07,0,0,1.25166e+07
0,0,0,8.14329e+08,0,3.44185e+07,0,0,1.25166e+07
0,0,0,8.14329e+08,0,3.44195e+07,0,0,1.25166e+07
0,0,0,8.14329e+08,0,3.52449e+07,0,0,1.25166e+07
0,0,0,8.14329e+08,0,3.52459e+07,0,0,1.25166e+07
0,0,0,8.14329e+08,0,3.52469e+07,0,0,1.25166e+07
0,0,0,8.14329e+08,0,3.52479e+07,0,0,1.25166e+07
0,0,0,8.14329e+08,0,3.79832e+07,0,0,1.25166e+07
0,0,0,8.14329e+08,0,3.79843e+07,0,0,1.25166e+07
0,0,0,8.14329e+08,0,3.79854e+07,0,0,1.25166e+07
0,0,0,8.14329e+08,0,3.79864e+07,0,0,1.25166e+07
0,0,0,8.14329e+08,0,3.79875e+07,0,0,1.25166e+07
0,0,0,8.14329e+08,0,3.64532e+07,0,0,1.25166e+07
0,0,0,8.14329e+08,0,3.64542e+07,0,0,1.25166e+07
0,0,0,8.14329e+08,0,3.64553e+07,0,0,1.25166e+07
0,0,0,8.14329e+08,0,3.64563e+07,0,0,1.25166e+07
0,0,0,8.14329e+08,0,3.51049e+07,0,0,1.25166e+07
0,0,0,8.14329e+08,0,3.51059e+07,0,0,1.25166e+07
0,0,0,8.14329e+08,0,3.51069e+07,0,0,1.25166e+07
0,0,0,8.14329e+08,0,3.51079e+07,0,0,1.25166e+07
0,0,0,8.14329e+08,0,3.19767e+07,0,0,1.25166e+07
0,0,0,8.14329e+08,0,3.19776e+07,0,0,1.25166e+07
0,0,0,8.14329e+08,0,3.19785e+07,0,0,1.25166e+07
0,0,0,8.14329e+08,0,3.19794e+07,0,0,1.25166e+07
0,0,0,8.14329e+08,0,3.19803e+07,0,0,1.25166e+07
0,0,0,8.14329e+08,0,3.30006e+07,0,0,1.25166e+07
0,0,0,8.14329e+08,0,3.30012e+07,0,0,1.25166e+07
0,0,0,8.14329e+08,0,3.30019e+07,0,0,1.25166e+07
0,0,0,8.14329e+08,0,3.30025e+07,0,0,1.25166e+07
0,0,0,8.14329e+08,0,3.65837e+07,0,0,1.25166e+07
0,0,0,8.14329e+08,0,3.65844e+07,0,0,1.25166e+07
0,0,0,8.14329e+08,0,3.65851e+07,0,0,1.25166e+07
0,0,0,8.14329e+08,0,3.65859e+07,0,0,1.25166e+07
0,0,0,8.14329e+08,0,3.1658e+07,0,0,1.25166e+07
0,0,0,8.14329e+08,0,3.16586e+07,0,0,1.25166e+07
0,0,0,8.14329e+08,0,3.16592e+07,0,0,1.25166e+07
0,0,0,8.14329e+08,0,3.16598e+07,0,0,1.25166e+07
0,0,0,8.14329e+08,0,3.16604e+07,0,0,1.25166e+07
0,0,0,8.14329e+08,0,3.28816e+07,0,0,1.25166e+07
0,0,0,8.14329e+08,0,3.28823e+07,0,0,1.25166e+07
0,0,0,8.14329e+08,0,3.28829e+07,0,0,1.25166e+07
0,0,0,8.14329e+08,0,3.28836e+07,0,0,1.25166e+07
0,0,0,8.14329e+08,0,3.24087e+07,0,0,1.25166e+07
0,0,0,8.14329e+08,0,3.24094e+07,0,0,1.25166e+07
0,0,0,8.14329e+08,0,3.241e+07,0,0,1.25166e+07
0,0,0,8.14329e+08,0,3.24106e+07,0,0,1.25166e+07
0,0,0,8.14329e+08,0,3.40664e+07,0,0,1.25166e+07
0,0,0,8.14329e+08,0,3.40671e+07,0,0,1.25166e+07
0,0,0,8.14329e+08,0,3.40677e+07,0,0,1.25166e+07
0,0,0,8.14329e+08,0,3.40684e+07,0,0,1.25166e+07
0,0,0,8.14329e+08,0,3.40691e+07,0,0,1.25166e+07
0,0,0,8.14329e+08,0,3.44595e+07,0,0,1.25166e+07
0,0,0,8.14329e+08,0,3.44602e+07,0,0,1.25166e+07
0,0,0,8.14329e+08,0,3.44608e+07,0,0,1.25166e+07
0,0,0,8.14329e+08,0,3.44615e+07,0,0,1.25166e+07
0,0,0,8.14329e+08,0,3.52876e+07,0,0,1.25166e+07
0,0,0,8.14329e+08,0,3.52883e+07,0,0,1.25166e+07
0,0,0,8.14329e+08,0,3.5289e+07,0,0,1.25166e+07
0,0,0,8.14329e+08,0,3.52896e+07,0,0,1.25166e+07
0,0,0,8.14329e+08,0,3.80278e+07,0,0,1.25166e+07
0,0,0,8.14329e+08,0,3.80285e+07,0,0,1.25166e+07
0,0,0,8.14329e+08,0,3.80293e+07,0,0,1.25166e+07
0,0,0,8.14329e+08,0,3.803e+07,0,0,1.25166e+07
0,0,0,8.14329e+08,0,3.80307e+07,0,0,1.25166e+07
0,0,0,8.14329e+08,0,3.64943e+07,0,0,1.25166e+07
0,0,0,8.14329e+08,0,3.81724e+07,-1.07816e+06,1.07816e+06,1.25166e+07
0,0,0,8.14329e+08,0,3.81729e+07,-1.07802e+06,1.07802e+06,1.25166e+07
0,0,0,8.14329e+08,0,3.74108e+07,-1.84052e+06,1.84052e+06,1.25166e+07
0,0,0,8.14329e+08,0,3.682e+07,-1.07776e+06,1.07776e+06,1.25166e+07
0,0,0,8.14329e+08,0,3.3635e+07,-5.06208e+06,5.06208e+06,1.41549e+07
0,0,0,8.14329e+08,0,3.73074e+07,-1.39015e+06,1.39015e+06,1.25166e+07
0,0,0,8.14329e+08,0,3.36359e+07,-5.06197e+06,5.06197e+06,1.41549e+07
0,0,0,8.14329e+08,0,3.08284e+07,-4.73432e+06,4.73432e+06,1.41549e+07
0,0,0,8.14329e+08,0,3.46625e+07,-1.70428e+06,1.70428e+06,1.25166e+07
0,0,0,8.14329e+08,0,3.46632e+07,-1.70428e+06,1.70428e+06,1.25166e+07
0,0,0,8.14329e+08,0,3.20122e+07,0,0,1.25166e+07
0,0,0,8.14329e+08,0,3.20129e+07,0,0,1.25166e+07
0,0,0,8.14329e+08,0,3.20129e+07,0,0,1.25166e+07
0,0,0,8.14329e+08,0,3.30338e+07,0,0,1.25166e+07
0,0,0,8.14329e+08,0,3.30342e+07,0,0,1.25166e+07
0,0,0,8.14329e+08,0,3.30345e+07,0,0,1.25166e+07
0,0,0,8.14329e+08,0,3.30349e+07,0,0,1.25166e+07
0,0,0,8.14329e+08,0,3.66192e+07,0,0,1.25166e+07
0,0,0,8.14329e+08,0,3.66196e+07,0,0,1.25166e+07
0,0,0,8.14329e+08,0,3.662e+07,0,0,1.25166e+07
0,0,0,8.14329e+08,0,3.66204e+07,0,0,1.25166e+07
0,0,0,8.14329e+08,0,3.16876e+07,0,0,1.25166e+07
0,0,0,8.14329e+08,0,3.16879e+07,0,0,1.25166e+07
0,0,0,8.14329e+08,0,3.16882e+07,0,0,1.25166e+07
0,0,0,8.14329e+08,0,3.16886e+07,0,0,1.25166e+07
0,0,0,8.14329e+08,0,3.16889e+07,0,0,1.25166e+07
0,0,0,8.14329e+08,0,3.29109e+07,0,0,1.25166e+07
0,0,0,8.14329e+08,0,3.29112e+07,0,0,1.25166e+07
0,0,0,8.14329e+08,0,3.29116e+07,0,0,1.25166e+07
0,0,0,8.14329e+08,0,3.29119e+07,0,0,1.25166e+07
0,0,0,8.14329e+08,0,3.24364e+07,0,0,1.25166e+07
0,0,0,8.14329e+08,0,3.24367e+07,0,0,1.25166e+07
0,0,0,8.14329e+08,0,3.24371e+07,0,0,1.25166e+07
0,0,0,8.14329e+08,0,3.24374e+07,0,0,1.25166e+07
0,0,0,8.14329e+08,0,3.40942e+07,0,0,1.25166e+07
0,0,0,8.14329e+08,0,3.40946e+07,0,0,1.25166e+07
0,0,0,8.14329e+08,0,3.40949e+07,0,0,1.25166e+07
0,0,0,8.14329e+08,0,3.40953e+07,0,0,1.25166e+07
0,0,0,8.14329e+08,0,3.40956e+07,0,0,1.25166e+07
0,0,0,8.14329e+08,0,3.44861e+07,0,0,1.25166e+07
0,0,0,8.14329e+08,0,3.44864e+07,0,0,1.25166e+07
0,0,0,8.14329e+08,0,3.44868e+07,0,0,1.25166e+07
0,0,0,8.14329e+08,0,3.44871e+07,0,0,1.25166e+07
0,0,0,8.14329e+08,0,3.53135e+07,0,0,1.25166e+07
0,0,0,8.14329e+08,0,3.53139e+07,0,0,1.25166e+07
0,0,0,8.14329e+08,0,3.53142e+07,0,0,1.25166e+07
0,0,0,8.14329e+08,0,3.53146e+07,0,0,1.25166e+07
0,0,0,8.14329e+08,0,3.80543e+07,0,0,1.25166e+07
0,0,0,8.14329e+08,0,3.80547e+07,0,0,1.25166e+07
0,0,0,8.14329e+08,0,3.80551e+07,0,0,1.25166e+07
0,0,0,8.14329e+08,0,3.80555e+07,0,0,1.25166e+07
0,0,0,8.14329e+08,0,3.80559e+07,0,0,1.25166e+07
0,0,0,8.14329e+08,0,3.65181e+07,0,0,1.25166e+07
0,0,0,8.14329e+08,0,3.65185e+07,0,0,1.25166e+07
0,0,0,8.14329e+08,0,3.65189e+07,0,0,1.25166e+07
0,0,0,8.14329e+08,0,3.65192e+07,0,0,1.25166e+07
0,0,0,8.14329e+08,0,3.51648e+07,0,0,1.25166e+07
0,0,0,8.14329e+08,0,3.51652e+07,0,0,1.25166e+07
0,0,0,8.14329e+08,0,3.51656e+07,0,0,1.25166e+07
0,0,0,8.14329e+08,0,3.51659e+07,0,0,1.25166e+07
0,0,0,8.14329e+08,0,3.20289e+07,0,0,1.25166e+07
0,0,0,8.14329e+08,0,3.20292e+07,0,0,1.25166e+07
0,0,0,8.14329e+08,0,3.20296e+07,0,0,1.25166e+07
0,0,0,8.14329e+08,0,3.20299e+07,0,0,1.25166e+07
0,0,0,8.14329e+08,0,3.20303e+07,0,0,1.25166e+07
0,0,0,8.14329e+08,0,3.30515e+07,0,0,1.25166e+07
0,0,0,8.14329e+08,0,3.30515e+07,0,0,1.25166e+07
0,0,0,8.14329e+08,0,3.30516e+07,0,0,1.25166e+07
0,0,0,8.14329e+08,0,3.30516e+07,0,0,1.25166e+07
0,0,0,8.14329e+08,0,3.66375e+07,0,0,1.25166e+07
0,0,0,8.14329e+08,0,3.66375e+07,0,0,1.25166e+07
0,0,0,8.14329e+08,0,3.66376e+07,0,0,1.25166e+07
0,0,0,8.14329e+08,0,3.66376e+07,0,0,1.25166e+07
0,0,0,8.14329e+08,0,3.17022e+07,0,0,1.25166e+07
0,0,0,8.14329e+08,0,3.17022e+07,0,0,1.25166e+07
0,0,0,8.14329e+08,0,3.17023e+07,0,0,1.25166e+07
0,0,0,8.14329e+08,0,3.17023e+07,0,0,1.25166e+07
0,0,0,8.14329e+08,0,3.17024e+07,0,0,1.25166e+07
0,0,0,8.14329e+08,0,3.29246e+07,0,0,1.25166e+07
0,0,0,8.14329e+08,0,3.29246e+07,0,0,1.25166e+07
0,0,0,8.14329e+08,0,3.29247e+07,0,0,1.25166e+07
0,0,0,8.14329e+08,0,3.29247e+07,0,0,1.25166e+07
0,0,0,8.14329e+08,0,3.24487e+07,0,0,1.25166e+07
0,0,0,8.14329e+08,0,3.24488e+07,0,0,1.25166e+07
0,0,0,8.14329e+08,0,3.24488e+07,0,0,1.25166e+07
0,0,0,8.14329e+08,0,3.24489e+07,0,0,1.25166e+07
0,0,0,8.14329e+08,0,3.4106e+07,0,0,1.25166e+07
0,0,0,8.14329e+08,0,3.4106e+07,0,0,1.25166e+07
0,0,0,8.14329e+08,0,3.41061e+07,0,0,1.25166e+07
0,0,0,8.14329e+08,0,3.41061e+07,0,0,1.25166e+07
0,0,0,8.14329e+08,0,3.41061e+07,0,0,1.25166e+07
0,0,0,8.14329e+08,0,3.44964e+07,0,0,1.25166e+07
0,0,0,8.14329e+08,0,3.44964e+07,0,0,1.25166e+07
0,0,0,8.14329e+08,0,3.44965e+07,0,0,1.25166e+07
0,0,0,8.14329e+08,0,3.44965e+07,0,0,1.25166e+07
0,0,0,8.14329e+08,0,3.53228e+07,0,0,1.25166e+07
0,0,0,8.14329e+08,0,3.53228e+07,0,0,1.25166e+07
0,0,0,8.14329e+08,0,3.53229e+07,0,0,1.25166e+07
0,0,0,8.14329e+08,0,3.53229e+07,0,0,1.25166e+07
0,0,0,8.14329e+08,0,3.80629e+07,0,0,1.25166e+07
0,0,0,8.14329e+08,0,3.8063e+07,0,0,1.25166e+07
0,0,0,8.14329e+08,0,3.80631e+07,0,0,1.25166e+07
0,0,0,8.14329e+08,0,3.80631e+07,0,0,1.25166e+07
0,0,0,8.14329e+08,0,3.80632e+07,0,0,1.25166e+07
0,0,0,8.14329e+08,0,3.65247e+07,0,0,1.25166e+07
0,0,0,8.14329e+08,0,3.65248e+07,0,0,1.25166e+07
0,0,0,8.14329e+08,0,3.65248e+07,0,0,1.25166e+07
0,0,0,8.14329e+08,0,3.65249e+07,0,0,1.25166e+07
0,0,0,8.14329e+08,0,3.51699e+07,0,0,1.25166e+07
0,0,0,8.14329e+08,0,3.517e+07,0,0,1.25166e+07
0,0,0,8.14329e+08,0,3.517e+07,0,0,1.25166e+07
0,0,0,8.14329e+08,0,3.51701e+07,0,0,1.25166e+07
0,0,0,8.14329e+08,0,3.20324e+07,0,0,1.25166e+07
0,0,0,8.14329e+08,0,3.20325e+07,0,0,1.25166e+07
0,0,0,8.14329e+08,0,3.20325e+07,0,0,1.25166e+07
0,0,0,8.14329e+08,0,3.20325e+07,0,0,1.25166e+07
0,0,0,8.14329e+08,0,3.20326e+07,0,0,1.25166e+07
0,0,0,8.14329e+08,0,3.30536e+07,0,0,1.25166e+07
0,0,0,8.14329e+08,0,3.30533e+07,0,0,1.25166e+07
0,0,0,8.14329e+08,0,3.30531e+07,0,0,1.25166e+07
0,0,0,8.14329e+08,0,3.30528e+07,0,0,1.25166e+07
0,0,0,8.14329e+08,0,3.66385e+07,0,0,1.25166e+07
0,0,0,8.14329e+08,0,3.66382e+07,0,0,1.25166e+07
0,0,0,8.14329e+08,0,3.6638e+07,0,0,1.25166e+07
0,0,0,8.14329e+08,0,3.66377e+07,0,0,1.25166e+07
0,0,0,8.14329e+08,0,3.17019e+07,0,0,1.25166e+07
0,0,0,8.14329e+08,0,3.17017e+07,0,0,1.25166e+07
0,0,0,8.14329e+08,0,3.17015e+07,0,0,1.25166e+07
0,0,0,8.14329e+08,0,3.17012e+07,0,0,1.25166e+07
0,0,0,8.14329e+08,0,3.1701e+07,0,0,1.25166e+07
0,0,0,8.14329e+08,0,3.29228e+07,0,0,1.25166e+07
0,0,0,8.14329e+08,0,3.29226e+07,0,0,1.25166e+07
0,0,0,8.14329e+08,0,3.29223e+07,0,0,1.25166e+07
0,0,0,8.14329e+08,0,3.29221e+07,0,0,1.25166e+07
0,0,0,8.14329e+08,0,3.24458e+07,0,0,1.25166e+07
0,0,0,8.14329e+08,0,3.24456e+07,0,0,1.25166e+07
0,0,0,8.14329e+08,0,3.24453e+07,0,0,1.25166e+07
0,0,0,8.14329e+08,0,3.24451e+07,0,0,1.25166e+07
0,0,0,8.14329e+08,0,3.41017e+07,0,0,1.25166e+07
0,0,0,8.14329e+08,0,3.41014e+07,0,0,1.25166e+07
0,0,0,8.14329e+08,0,3.41012e+07,0,0,1.25166e+07
0,0,0,8.14329e+08,0,3.41009e+07,0,0,1.25166e+07
0,0,0,8.14329e+08,0,3.41006e+07,0,0,1.25166e+07
0,0,0,8.14329e+08,0,3.44905e+07,0,0,1.25166e+07
0,0,0,8.14329e+08,0,3.44902e+07,0,0,1.25166e+07
0,0,0,8.14329e+08,0,3.449e+07,0,0,1.25166e+07
0,0,0,8.14329e+08,0,3.44897e+07,0,0,1.25166e+07
0,0,0,8.14329e+08,0,3.53155e+07,0,0,1.25166e+07
0,0,0,8.14329e+08,0,3.53152e+07,0,0,1.25166e+07
0,0,0,8.14329e+08,0,3.53149e+07,0,0,1.25166e+07
0,0,0,8.14329e+08,0,3.53147e+07,0,0,1.25166e+07
0,0,0,8.14329e+08,0,3.80537e+07,0,0,1.25166e+07
0,0,0,8.14329e+08,0,3.80534e+07,0,0,1.25166e+07
0,0,0,8.14329e+08,0,3.80531e+07,0,0,1.25166e+07
0,0,0,8.14329e+08,0,3.80528e+07,0,0,1.25166e+07
0,0,0,8.14329e+08,0,3.80525e+07,0,0,1.25166e+07
0,0,0,8.14329e+08,0,3.65142e+07,0,0,1.25166e+07
0,0,0,8.14329e+08,0,3.65139e+07,0,0,1.25166e+07
0,0,0,8.14329e+08,0,3.65137e+07,0,0,1.25166e+07
0,0,0,8.14329e+08,0,3.65134e+07,0,0,1.25166e+07
0,0,0,8.14329e+08,0,3.51585e+07,0,0,1.25166e+07
0,0,0,8.14329e+08,0,3.51583e+07,0,0,1.25166e+07
0,0,0,8.14329e+08,0,3.5158e+07,0,0,1.25166e+07
0,0,0,8.14329e+08,0,3.51577e+07,0,0,1.25166e+07
0,0,0,8.14329e+08,0,3.20209e+07,0,0,1.25166e+07
0,0,0,8.14329e+08,0,3.20206e+07,0,0,1.25166e+07
0,0,0,8.14329e+08,0,3.20204e+07,0,0,1.25166e+07
0,0,0,8.14329e+08,0,3.20201e+07,0,0,1.25166e+07
0,0,0,8.14329e+08,0,3.20199e+07,0,0,1.25166e+07
0,0,0,8.14329e+08,0,3.30402e+07,0,0,1.25166e+07
0,0,0,8.14329e+08,0,3.30396e+07,0,0,1.25166e+07
0,0,0,8.14329e+08,0,3.30391e+07,0,0,1.25166e+07
0,0,0,8.14329e+08,0,3.30385e+07,0,0,1.25166e+07
0,0,0,8.14329e+08,0,3.66223e+07,0,0,1.25166e+07
0,0,0,8.14329e+08,0,3.66217e+07,0,0,1.25166e+07
0,0,0,8.14329e+08,0,3.66211e+07,0,0,1.25166e+07
0,0,0,8.14329e+08,0,3.66205e+07,0,0,1.25166e+07
0,0,0,8.14329e+08,0,3.16868e+07,0,0,1.25166e+07
0,0,0,8.14329e+08,0,3.16863e+07,0,0,1.25166e+07
0,0,0,8.14329e+08,0,3.16858e+07,0,0,1.25166e+07
0,0,0,8.14329e+08,0,3.16852e+07,0,0,1.25166e+07
0,0,0,8.14329e+08,0,3.16847e+07,0,0,1.25166e+07
0,0,0,8.14329e+08,0,3.29057e+07,0,0,1.25166e+07
0,0,0,8.14329e+08,0,3.29051e+07,0,0,1.25166e+07
0,0,0,8.14329e+08,0,3.29046e+07,0,0,1.25166e+07
0,0,0,8.14329e+08,0,3.2904e+07,0,0,1.25166e+07
0,0,0,8.14329e+08,0,3.24277e+07,0,0,1.25166e+07
0,0,0,8.14329e+08,0,3.24272e+07,0,0,1.25166e+07
0,0,0,8.14329e+08,0,3.24267e+07,0,0,1.25166e+07
0,0,0,8.14329e+08,0,3.24261e+07,0,0,1.25166e+07
0,0,0,8.14329e+08,0,3.40814e+07,0,0,1.25166e+07
0,0,0,8.14329e+08,0,3.40809e+07,0,0,1.25166e+07
0,0,0,8.14329e+08,0,3.40803e+07,0,0,1.25166e+07
0,0,0,8.14329e+08,0,3.40797e+07,0,0,1.25166e+07
0,0,0,8.14329e+08,0,3.40792e+07,0,0,1.25166e+07
0,0,0,8.14329e+08,0,3.44685e+07,0,0,1.25166e+07
0,0,0,8.14329e+08,0,3.44679e+07,0,0,1.25166e+07
0,0,0,8.14329e+08,0,3.44673e+07,0,0,1.25166e+07
0,0,0,8.14329e+08,0,3.44667e+07,0,0,1.25166e+07
0,0,0,8.14329e+08,0,3.52917e+07,0,0,1.25166e+07
0,0,0,8.14329e+08,0,3.52911e+07,0,0,1.25166e+07
0,0,0,8.14329e+08,0,3.52905e+07,0,0,1.25166e+07
0,0,0,8.14329e+08,0,3.52899e+07,0,0,1.25166e+07
0,0,0,8.14329e+08,0,3.80267e+07,0,0,1.25166e+07
0,0,0,8.14329e+08,0,3.8026e+07,0,0,1.25166e+07
0,0,0,8.14329e+08,0,3.80254e+07,0,0,1.25166e+07
0,0,0,8.14329e+08,0,3.80248e+07,0,0,1.25166e+07
0,0,0,8.14329e+08,0,3.51964e+07,-4.70871e+06,4.70871e+06,1.41549e+07
0,0,0,8.14329e+08,0,3.76319e+07,-736085,736085,1.25166e+07
0,0,0,8.14329e+08,0,3.81657e+07,-1.07958e+06,1.07958e+06,1.25166e+07
0,0,0,8.14329e+08,0,3.81652e+07,-1.07969e+06,1.07969e+06,1.25166e+07
0,0,0,8.14329e+08,0,3.43529e+07,-4.89172e+06,4.89172e+06,1.41549e+07
0,0,0,8.14329e+08,0,3.31404e+07,-4.75036e+06,4.75036e+06,1.41549e+07
0,0,0,8.14329e+08,0,3.72967e+07,-1.39257e+06,1.39257e+06,1.25166e+07
0,0,0,8.14329e+08,0,3.3626e+07,-5.06299e+06,5.06299e+06,1.41549e+07
