0cont_fund,0ins_pout,0ins_price,0infra_npv,0debt_serv,0gross_rev,0cont_contrib,0drought_cost,0water_price
0,0,0,0,1.62844e-42,2.59456e+07,-1.78299e+06,1.78299e+06,1.30946e+07
0,0,0,0,0,2.44717e+07,-830361,830361,1.30946e+07
0,0,0,0,0,2.44776e+07,-828862,828862,1.30946e+07
0,0,0,0,0,2.44835e+07,-827364,827364,1.30946e+07
0,0,0,0,0,2.70069e+07,-825865,825865,1.30946e+07
0,0,0,0,0,2.624e+07,-327075,327075,1.30946e+07
0,0,0,0,0,2.62465e+07,-325399,325399,1.30946e+07
0,0,0,0,0,2.6253e+07,-323723,323723,1.30946e+07
0,0,0,0,0,2.27896e+07,-322046,322046,1.30946e+07
0,0,0,0,0,2.38347e+07,-988686,988686,1.30946e+07
0,0,0,0,0,2.38403e+07,-987246,987246,1.30946e+07
0,0,0,0,0,2.3846e+07,-985805,985805,1.30946e+07
0,0,0,0,0,2.38516e+07,-984363,984363,1.30946e+07
0,0,0,0,0,2.47181e+07,-982921,982921,1.30946e+07
0,0,0,0,0,2.44692e+07,-817694,817694,1.30946e+07
0,0,0,0,0,2.44751e+07,-816193,816193,1.30946e+07
0,0,0,0,0,2.4481e+07,-814692,814692,1.30946e+07
0,0,0,0,0,2.41511e+07,-813191,813191,1.30946e+07
0,0,0,0,0,2.4256e+07,-875392,875392,1.30946e+07
0,0,0,0,0,2.42618e+07,-873913,873913,1.30946e+07
0,0,0,0,0,2.42676e+07,-872433,872433,1.30946e+07
0,0,0,0,0,2.54438e+07,-870952,870952,1.30946e+07
0,0,0,0,0,2.5098e+07,-643245,643245,1.30946e+07
0,0,0,0,0,2.51041e+07,-641684,641684,1.30946e+07
0,0,0,0,0,2.51102e+07,-640122,640122,1.30946e+07
0,0,0,0,0,2.51163e+07,-638560,638560,1.30946e+07
0,0,0,0,0,2.53985e+07,-636998,636998,1.30946e+07
0,0,0,0,0,2.52109e+07,-510877,510877,1.30946e+07
0,0,0,0,0,2.5217e+07,-509270,509270,1.30946e+07
0,0,0,0,0,2.52232e+07,-507662,507662,1.30946e+07
0,0,0,0,0,2.58147e+07,-506055,506055,1.30946e+07
0,0,0,0,0,2.56481e+07,-393281,393281,1.30946e+07
0,0,0,0,0,2.56544e+07,-391632,391632,1.30946e+07
0,0,0,0,0,2.56607e+07,-389984,389984,1.30946e+07
0,0,0,0,0,2.76111e+07,-388335,388335,1.30946e+07
0,0,0,0,0,2.70165e+07,0,0,1.30946e+07
0,0,0,0,0,2.7026e+07,0,0,1.30946e+07
0,0,0,0,0,2.70356e+07,0,0,1.30946e+07
0,0,0,0,0,2.70451e+07,0,0,1.30946e+07
0,0,0,0,0,2.59611e+07,0,0,1.30946e+07
0,0,0,0,0,2.63129e+07,-220223,220223,1.30946e+07
0,0,0,0,0,2.63195e+07,-218516,218516,1.30946e+07
0,0,0,0,0,2.6326e+07,-216807,216807,1.30946e+07
0,0,0,0,0,2.5368e+07,-215099,215099,1.30946e+07
0,0,0,0,0,2.57207e+07,-436096,436096,1.30946e+07
0,0,0,0,0,2.5727e+07,-434465,434465,1.30946e+07
0,0,0,0,0,2.57333e+07,-432834,432834,1.30946e+07
0,0,0,0,0,2.35031e+07,-431203,431203,1.30946e+07
0,0,0,0,0,2.42313e+07,-894059,894059,1.30946e+07
0,0,0,0,0,2.42371e+07,-892590,892590,1.30946e+07
0,0,0,0,0,2.42428e+07,-891121,891121,1.30946e+07
0,0,0,0,0,2.42486e+07,-889652,889652,1.30946e+07
0,0,0,7.68597e+07,1.62844e-42,2.49834e+07,-888183,888183,1.30946e+07
0,0,0,7.68597e+07,0,2.47796e+07,-752003,752003,1.30946e+07
0,0,0,7.68597e+07,0,2.47853e+07,-750532,750532,1.30946e+07
0,0,0,7.68597e+07,0,2.47911e+07,-749061,749061,1.30946e+07
0,0,0,7.68597e+07,0,2.7361e+07,-747589,747589,1.30946e+07
0,0,0,7.68597e+07,0,2.65796e+07,-239625,239625,1.30946e+07
0,0,0,7.68597e+07,0,2.6586e+07,-237980,237980,1.30946e+07
0,0,0,7.68597e+07,0,2.65924e+07,-236333,236333,1.30946e+07
0,0,0,7.68597e+07,0,2.30649e+07,-234687,234687,1.30946e+07
0,0,0,7.68597e+07,0,2.4129e+07,-913688,913688,1.30946e+07
0,0,0,7.68597e+07,0,2.41346e+07,-912273,912273,1.30946e+07
0,0,0,7.68597e+07,0,2.41402e+07,-910858,910858,1.30946e+07
0,0,0,7.68597e+07,0,2.41457e+07,-909443,909443,1.30946e+07
0,0,0,7.68597e+07,0,2.50279e+07,-908027,908027,1.30946e+07
0,0,0,7.68597e+07,0,2.47742e+07,-739815,739815,1.30946e+07
0,0,0,7.68597e+07,0,2.478e+07,-738341,738341,1.30946e+07
0,0,0,7.68597e+07,0,2.47858e+07,-736868,736868,1.30946e+07
0,0,0,7.68597e+07,0,2.44497e+07,-735393,735393,1.30946e+07
0,0,0,7.68597e+07,0,2.45562e+07,-798790,798790,1.30946e+07
0,0,0,7.68597e+07,0,2.45619e+07,-797337,797337,1.30946e+07
0,0,0,7.68597e+07,0,2.45676e+07,-795884,795884,1.30946e+07
0,0,0,7.68597e+07,0,2.57651e+07,-794430,794430,1.30946e+07
0,0,0,7.68597e+07,0,2.54128e+07,-562614,562614,1.30946e+07
0,0,0,7.68597e+07,0,2.54188e+07,-561081,561081,1.30946e+07
0,0,0,7.68597e+07,0,2.54248e+07,-559548,559548,1.30946e+07
0,0,0,7.68597e+07,0,2.54308e+07,-558015,558015,1.30946e+07
0,0,0,7.68597e+07,0,2.57179e+07,-556481,556481,1.30946e+07
0,0,0,7.68597e+07,0,2.55266e+07,-428120,428120,1.30946e+07
0,0,0,7.68597e+07,0,2.55327e+07,-426542,426542,1.30946e+07
0,0,0,7.68597e+07,0,2.55387e+07,-424964,424964,1.30946e+07
0,0,0,7.68597e+07,0,2.61407e+07,-423385,423385,1.30946e+07
0,0,0,7.68597e+07,0,2.59709e+07,-308621,308621,1.30946e+07
0,0,0,7.68597e+07,0,2.5977e+07,-307003,307003,1.30946e+07
0,0,0,7.68597e+07,0,2.59832e+07,-305384,305384,1.30946e+07
0,0,0,7.68597e+07,0,2.79687e+07,-303766,303766,1.30946e+07
0,0,0,7.68597e+07,0,2.75055e+07,0,0,1.30946e+07
0,0,0,7.68597e+07,0,2.75149e+07,0,0,1.30946e+07
0,0,0,7.68597e+07,0,2.75242e+07,0,0,1.30946e+07
0,0,0,7.68597e+07,0,2.75336e+07,0,0,1.30946e+07
0,0,0,7.68597e+07,0,2.64297e+07,0,0,1.30946e+07
0,0,0,7.68597e+07,0,2.66456e+07,-132980,132980,1.30946e+07
0,0,0,7.68597e+07,0,2.6652e+07,-131303,131303,1.30946e+07
0,0,0,7.68597e+07,0,2.66584e+07,-129626,129626,1.30946e+07
0,0,0,7.68597e+07,0,2.5683e+07,-127949,127949,1.30946e+07
0,0,0,7.68597e+07,0,2.60418e+07,-352986,352986,1.30946e+07
0,0,0,7.68597e+07,0,2.6048e+07,-351385,351385,1.30946e+07
0,0,0,7.68597e+07,0,2.60542e+07,-349784,349784,1.30946e+07
0,0,0,7.68597e+07,0,2.37837e+07,-348182,348182,1.30946e+07
0,0,0,7.68597e+07,0,2.45248e+07,-819405,819405,1.30946e+07
0,0,0,7.68597e+07,0,2.45304e+07,-817963,817963,1.30946e+07
0,0,0,7.68597e+07,0,2.45361e+07,-816521,816521,1.30946e+07
0,0,0,7.68597e+07,0,2.45418e+07,-815079,815079,1.30946e+07
0,0,0,7.68597e+07,1.62844e-42,2.52894e+07,-813636,813636,1.30946e+07
0,0,0,7.68597e+07,0,2.50818e+07,-675076,675076,1.30946e+07
0,0,0,7.68597e+07,0,2.50874e+07,-673636,673636,1.30946e+07
0,0,0,7.68597e+07,0,2.50931e+07,-672194,672194,1.30946e+07
0,0,0,7.68597e+07,0,2.77086e+07,-670753,670753,1.30946e+07
0,0,0,7.68597e+07,0,2.6913e+07,-153788,153788,1.30946e+07
0,0,0,7.68597e+07,0,2.69193e+07,-152177,152177,1.30946e+07
0,0,0,7.68597e+07,0,2.69256e+07,-150564,150564,1.30946e+07
0,0,0,7.68597e+07,0,2.3335e+07,-148952,148952,1.30946e+07
0,0,0,7.68597e+07,0,2.44179e+07,-840087,840087,1.30946e+07
0,0,0,7.68597e+07,0,2.44234e+07,-838701,838701,1.30946e+07
0,0,0,7.68597e+07,0,2.44288e+07,-837315,837315,1.30946e+07
0,0,0,7.68597e+07,0,2.44343e+07,-835929,835929,1.30946e+07
0,0,0,7.68597e+07,0,2.53318e+07,-834543,834543,1.30946e+07
0,0,0,7.68597e+07,0,2.50735e+07,-663405,663405,1.30946e+07
0,0,0,7.68597e+07,0,2.50791e+07,-661962,661962,1.30946e+07
0,0,0,7.68597e+07,0,2.50848e+07,-660519,660519,1.30946e+07
0,0,0,7.68597e+07,0,2.47425e+07,-659075,659075,1.30946e+07
0,0,0,7.68597e+07,0,2.48507e+07,-723647,723647,1.30946e+07
0,0,0,7.68597e+07,0,2.48563e+07,-722225,722225,1.30946e+07
0,0,0,7.68597e+07,0,2.48619e+07,-720801,720801,1.30946e+07
0,0,0,7.68597e+07,0,2.60802e+07,-719378,719378,1.30946e+07
0,0,0,7.68597e+07,0,2.57215e+07,-483536,483536,1.30946e+07
0,0,0,7.68597e+07,0,2.57274e+07,-482035,482035,1.30946e+07
0,0,0,7.68597e+07,0,2.57332e+07,-480533,480533,1.30946e+07
0,0,0,7.68597e+07,0,2.57391e+07,-479032,479032,1.30946e+07
0,0,0,7.68597e+07,0,2.6031e+07,-477530,477530,1.30946e+07
0,0,0,7.68597e+07,0,2.58362e+07,-346975,346975,1.30946e+07
0,0,0,7.68597e+07,0,2.58421e+07,-345430,345430,1.30946e+07
0,0,0,7.68597e+07,0,2.5848e+07,-343884,343884,1.30946e+07
0,0,0,7.68597e+07,0,2.64603e+07,-342338,342338,1.30946e+07
0,0,0,7.68597e+07,0,2.62873e+07,-225628,225628,1.30946e+07
0,0,0,7.68597e+07,0,2.62933e+07,-224043,224043,1.30946e+07
0,0,0,7.68597e+07,0,2.62993e+07,-222458,222458,1.30946e+07
0,0,0,7.68597e+07,0,2.83192e+07,-220873,220873,1.30946e+07
0,0,0,7.68597e+07,0,2.79848e+07,0,0,1.30946e+07
0,0,0,7.68597e+07,0,2.79939e+07,0,0,1.30946e+07
0,0,0,7.68597e+07,0,2.80031e+07,0,0,1.30946e+07
0,0,0,7.68597e+07,0,2.80123e+07,0,0,1.30946e+07
0,0,0,7.68597e+07,0,2.68889e+07,0,0,1.30946e+07
0,0,0,7.68597e+07,0,2.69716e+07,-47490.9,47490.9,1.30946e+07
0,0,0,7.68597e+07,0,2.69779e+07,-45849.4,45849.4,1.30946e+07
0,0,0,7.68597e+07,0,2.69841e+07,-44207.5,44207.5,1.30946e+07
0,0,0,7.68597e+07,0,2.59916e+07,-42565.2,42565.2,1.30946e+07
0,0,0,7.68597e+07,0,2.63563e+07,-271564,271564,1.30946e+07
0,0,0,7.68597e+07,0,2.63624e+07,-269997,269997,1.30946e+07
0,0,0,7.68597e+07,0,2.63685e+07,-268429,268429,1.30946e+07
0,0,0,7.68597e+07,0,2.40585e+07,-266861,266861,1.30946e+07
0,0,0,7.68597e+07,0,2.48122e+07,-746282,746282,1.30946e+07
0,0,0,7.68597e+07,0,2.48177e+07,-744870,744870,1.30946e+07
0,0,0,7.68597e+07,0,2.48233e+07,-743458,743458,1.30946e+07
0,0,0,7.68597e+07,0,2.48289e+07,-742046,742046,1.30946e+07
0,0,0,7.68597e+07,1.62844e-42,2.55892e+07,-740634,740634,1.30946e+07
0,0,0,7.68597e+07,0,2.53777e+07,-599746,599746,1.30946e+07
0,0,0,7.68597e+07,0,2.53832e+07,-598338,598338,1.30946e+07
0,0,0,7.68597e+07,0,2.53888e+07,-596929,596929,1.30946e+07
0,0,0,7.68597e+07,0,2.80489e+07,-595520,595520,1.30946e+07
0,0,0,7.68597e+07,0,2.72394e+07,-69746,69746,1.30946e+07
0,0,0,7.68597e+07,0,2.72455e+07,-68170.5,68170.5,1.30946e+07
0,0,0,7.68597e+07,0,2.72517e+07,-66594.7,66594.7,1.30946e+07
0,0,0,7.68597e+07,0,2.35995e+07,-65018.5,65018.5,1.30946e+07
0,0,0,7.68597e+07,0,2.47007e+07,-768035,768035,1.30946e+07
0,0,0,7.68597e+07,0,2.4706e+07,-766681,766681,1.30946e+07
0,0,0,7.68597e+07,0,2.47113e+07,-765327,765327,1.30946e+07
0,0,0,7.68597e+07,0,2.47167e+07,-763972,763972,1.30946e+07
0,0,0,7.68597e+07,0,2.56293e+07,-762617,762617,1.30946e+07
0,0,0,7.68597e+07,0,2.53663e+07,-588619,588619,1.30946e+07
0,0,0,7.68597e+07,0,2.53718e+07,-587209,587209,1.30946e+07
0,0,0,7.68597e+07,0,2.53774e+07,-585798,585798,1.30946e+07
0,0,0,7.68597e+07,0,2.5029e+07,-584387,584387,1.30946e+07
0,0,0,7.68597e+07,0,2.51389e+07,-650113,650113,1.30946e+07
0,0,0,7.68597e+07,0,2.51444e+07,-648723,648723,1.30946e+07
0,0,0,7.68597e+07,0,2.51498e+07,-647332,647332,1.30946e+07
0,0,0,7.68597e+07,0,2.63885e+07,-645941,645941,1.30946e+07
0,0,0,7.68597e+07,0,2.60235e+07,-406162,406162,1.30946e+07
0,0,0,7.68597e+07,0,2.60292e+07,-404696,404696,1.30946e+07
0,0,0,7.68597e+07,0,2.6035e+07,-403228,403228,1.30946e+07
0,0,0,7.68597e+07,0,2.60407e+07,-401761,401761,1.30946e+07
0,0,0,7.68597e+07,0,2.63373e+07,-400293,400293,1.30946e+07
0,0,0,7.68597e+07,0,2.61389e+07,-267596,267596,1.30946e+07
0,0,0,7.68597e+07,0,2.61447e+07,-266086,266086,1.30946e+07
0,0,0,7.68597e+07,0,2.61505e+07,-264576,264576,1.30946e+07
0,0,0,7.68597e+07,0,2.67729e+07,-263065,263065,1.30946e+07
0,0,0,7.68597e+07,0,2.65967e+07,-144453,144453,1.30946e+07
0,0,0,7.68597e+07,0,2.66026e+07,-142904,142904,1.30946e+07
0,0,0,7.68597e+07,0,2.66085e+07,-141356,141356,1.30946e+07
0,0,0,7.68597e+07,0,2.8662e+07,-139807,139807,1.30946e+07
0,0,0,7.68597e+07,0,2.84534e+07,0,0,1.30946e+07
0,0,0,7.68597e+07,0,2.84624e+07,0,0,1.30946e+07
0,0,0,7.68597e+07,0,2.84714e+07,0,0,1.30946e+07
0,0,0,7.68597e+07,0,2.84804e+07,0,0,1.30946e+07
0,0,0,7.68597e+07,0,2.73378e+07,0,0,1.30946e+07
0,0,0,7.68597e+07,0,2.73464e+07,0,0,1.30946e+07
0,0,0,7.68597e+07,0,2.73551e+07,0,0,1.30946e+07
0,0,0,7.68597e+07,0,2.73637e+07,0,0,1.30946e+07
0,0,0,7.68597e+07,0,2.63568e+07,0,0,1.30946e+07
0,0,0,7.68597e+07,0,2.66638e+07,-191969,191969,1.30946e+07
0,0,0,7.68597e+07,0,2.66697e+07,-190437,190437,1.30946e+07
0,0,0,7.68597e+07,0,2.66756e+07,-188905,188905,1.30946e+07
0,0,0,7.68597e+07,0,2.43272e+07,-187373,187373,1.30946e+07
0,0,0,7.68597e+07,0,2.50931e+07,-674810,674810,1.30946e+07
0,0,0,7.68597e+07,0,2.50985e+07,-673431,673431,1.30946e+07
0,0,0,7.68597e+07,0,2.5104e+07,-672052,672052,1.30946e+07
0,0,0,7.68597e+07,0,2.51094e+07,-670672,670672,1.30946e+07
0,0,0,7.68597e+07,1.62844e-42,2.5882e+07,-669292,669292,1.30946e+07
0,0,0,7.68597e+07,0,2.56668e+07,-526131,526131,1.30946e+07
0,0,0,7.68597e+07,0,2.56723e+07,-524757,524757,1.30946e+07
0,0,0,7.68597e+07,0,2.56777e+07,-523383,523383,1.30946e+07
0,0,0,7.68597e+07,0,2.83814e+07,-522008,522008,1.30946e+07
0,0,0,7.68597e+07,0,2.75776e+07,0,0,1.30946e+07
0,0,0,7.68597e+07,0,2.75859e+07,0,0,1.30946e+07
0,0,0,7.68597e+07,0,2.75943e+07,0,0,1.30946e+07
0,0,0,7.68597e+07,0,2.38843e+07,0,0,1.30946e+07
0,0,0,7.68597e+07,0,2.49769e+07,-697644,697644,1.30946e+07
0,0,0,7.68597e+07,0,2.49821e+07,-696322,696322,1.30946e+07
0,0,0,7.68597e+07,0,2.49873e+07,-695001,695001,1.30946e+07
0,0,0,7.68597e+07,0,2.49925e+07,-693679,693679,1.30946e+07
0,0,0,7.68597e+07,0,2.59199e+07,-692357,692357,1.30946e+07
0,0,0,7.68597e+07,0,2.56524e+07,-515568,515568,1.30946e+07
0,0,0,7.68597e+07,0,2.56578e+07,-514192,514192,1.30946e+07
0,0,0,7.68597e+07,0,2.56632e+07,-512816,512816,1.30946e+07
0,0,0,7.68597e+07,0,2.53089e+07,-511439,511439,1.30946e+07
0,0,0,7.68597e+07,0,2.54204e+07,-578294,578294,1.30946e+07
0,0,0,7.68597e+07,0,2.54257e+07,-576938,576938,1.30946e+07
0,0,0,7.68597e+07,0,2.5431e+07,-575581,575581,1.30946e+07
0,0,0,7.68597e+07,0,2.66896e+07,-574224,574224,1.30946e+07
0,0,0,7.68597e+07,0,2.63184e+07,-330604,330604,1.30946e+07
0,0,0,7.68597e+07,0,2.6324e+07,-329172,329172,1.30946e+07
0,0,0,7.68597e+07,0,2.63296e+07,-327741,327741,1.30946e+07
0,0,0,7.68597e+07,0,2.63352e+07,-326309,326309,1.30946e+07
0,0,0,7.68597e+07,0,2.66364e+07,-324877,324877,1.30946e+07
0,0,0,7.68597e+07,0,2.64346e+07,-190091,190091,1.30946e+07
0,0,0,7.68597e+07,0,2.64402e+07,-188619,188619,1.30946e+07
0,0,0,7.68597e+07,0,2.64458e+07,-187145,187145,1.30946e+07
0,0,0,7.68597e+07,0,2.70781e+07,-185671,185671,1.30946e+07
0,0,0,7.68597e+07,0,2.68987e+07,-65205.8,65205.8,1.30946e+07
0,0,0,7.68597e+07,0,2.69045e+07,-63695.3,63695.3,1.30946e+07
0,0,0,7.68597e+07,0,2.69103e+07,-62184.8,62184.8,1.30946e+07
0,0,0,7.68597e+07,0,2.89966e+07,-60673.7,60673.7,1.30946e+07
0,0,0,7.68597e+07,0,2.89109e+07,0,0,1.30946e+07
0,0,0,7.68597e+07,0,2.89197e+07,0,0,1.30946e+07
0,0,0,7.68597e+07,0,2.89284e+07,0,0,1.30946e+07
0,0,0,7.68597e+07,0,2.89372e+07,0,0,1.30946e+07
0,0,0,7.68597e+07,0,2.7776e+07,0,0,1.30946e+07
0,0,0,7.68597e+07,0,2.77844e+07,0,0,1.30946e+07
0,0,0,7.68597e+07,0,2.77928e+07,0,0,1.30946e+07
0,0,0,7.68597e+07,0,2.78012e+07,0,0,1.30946e+07
0,0,0,7.68597e+07,0,2.67779e+07,0,0,1.30946e+07
0,0,0,7.68597e+07,0,2.69638e+07,-114297,114297,1.30946e+07
0,0,0,7.68597e+07,0,2.69696e+07,-112803,112803,1.30946e+07
0,0,0,7.68597e+07,0,2.69754e+07,-111309,111309,1.30946e+07
0,0,0,7.68597e+07,0,2.45893e+07,-109814,109814,1.30946e+07
0,0,0,7.68597e+07,0,2.53672e+07,-605076,605076,1.30946e+07
0,0,0,7.68597e+07,0,2.53725e+07,-603731,603731,1.30946e+07
0,0,0,7.68597e+07,0,2.53778e+07,-602386,602386,1.30946e+07
0,0,0,7.68597e+07,0,2.53831e+07,-601040,601040,1.30946e+07
0,0,0,7.68597e+07,0,2.61678e+07,-599694,599694,1.30946e+07
0,0,0,3.5976e+08,1.62844e-42,2.59489e+07,-454318,454318,1.30946e+07
0,0,0,3.5976e+08,0,2.59542e+07,-452979,452979,1.30946e+07
0,0,0,3.5976e+08,0,2.59595e+07,-451639,451639,1.30946e+07
0,0,0,3.5976e+08,0,2.87057e+07,-450300,450300,1.30946e+07
0,0,0,3.5976e+08,0,2.80132e+07,0,0,1.30946e+07
0,0,0,3.5976e+08,0,2.80214e+07,0,0,1.30946e+07
0,0,0,3.5976e+08,0,2.80295e+07,0,0,1.30946e+07
0,0,0,3.5976e+08,0,2.42607e+07,0,0,1.30946e+07
0,0,0,3.5976e+08,0,2.52464e+07,-628989,628989,1.30946e+07
0,0,0,3.5976e+08,0,2.52514e+07,-627701,627701,1.30946e+07
0,0,0,3.5976e+08,0,2.52565e+07,-626414,626414,1.30946e+07
0,0,0,3.5976e+08,0,2.52616e+07,-625126,625126,1.30946e+07
0,0,0,3.5976e+08,0,2.62033e+07,-623838,623838,1.30946e+07
0,0,0,3.5976e+08,0,2.59313e+07,-444328,444328,1.30946e+07
0,0,0,3.5976e+08,0,2.59366e+07,-442987,442987,1.30946e+07
0,0,0,3.5976e+08,0,2.59418e+07,-441646,441646,1.30946e+07
0,0,0,3.5976e+08,0,2.55818e+07,-440305,440305,1.30946e+07
0,0,0,3.5976e+08,0,2.56948e+07,-508264,508264,1.30946e+07
0,0,0,3.5976e+08,0,2.57e+07,-506942,506942,1.30946e+07
0,0,0,3.5976e+08,0,2.57052e+07,-505620,505620,1.30946e+07
0,0,0,3.5976e+08,0,2.69832e+07,-504298,504298,1.30946e+07
0,0,0,3.5976e+08,0,2.6606e+07,-256934,256934,1.30946e+07
0,0,0,3.5976e+08,0,2.66114e+07,-255540,255540,1.30946e+07
0,0,0,3.5976e+08,0,2.66169e+07,-254145,254145,1.30946e+07
0,0,0,3.5976e+08,0,2.66223e+07,-252750,252750,1.30946e+07
0,0,0,3.5976e+08,0,2.69279e+07,-251355,251355,1.30946e+07
0,0,0,3.5976e+08,0,2.67228e+07,-114535,114535,1.30946e+07
0,0,0,3.5976e+08,0,2.67282e+07,-113100,113100,1.30946e+07
0,0,0,3.5976e+08,0,2.67337e+07,-111664,111664,1.30946e+07
0,0,0,3.5976e+08,0,2.73755e+07,-110229,110229,1.30946e+07
0,0,0,3.5976e+08,0,2.72119e+07,0,0,1.30946e+07
0,0,0,3.5976e+08,0,2.72198e+07,0,0,1.30946e+07
0,0,0,3.5976e+08,0,2.72277e+07,0,0,1.30946e+07
0,0,0,3.5976e+08,0,2.93483e+07,0,0,1.30946e+07
0,0,0,3.5976e+08,0,2.93568e+07,0,0,1.30946e+07
0,0,0,3.5976e+08,0,2.93653e+07,0,0,1.30946e+07
0,0,0,3.5976e+08,0,2.93738e+07,0,0,1.30946e+07
0,0,0,3.5976e+08,0,2.93824e+07,0,0,1.30946e+07
0,0,0,3.5976e+08,0,2.82029e+07,0,0,1.30946e+07
0,0,0,3.5976e+08,0,2.82111e+07,0,0,1.30946e+07
0,0,0,3.5976e+08,0,2.82193e+07,0,0,1.30946e+07
0,0,0,3.5976e+08,0,2.82275e+07,0,0,1.30946e+07
0,0,0,3.5976e+08,0,2.71882e+07,0,0,1.30946e+07
0,0,0,3.5976e+08,0,2.72562e+07,-38612.6,38612.6,1.30946e+07
0,0,0,3.5976e+08,0,2.72618e+07,-37157.3,37157.3,1.30946e+07
0,0,0,3.5976e+08,0,2.72674e+07,-35702,35702,1.30946e+07
0,0,0,3.5976e+08,0,2.48446e+07,-34246,34246,1.30946e+07
0,0,0,3.5976e+08,0,2.56342e+07,-537134,537134,1.30946e+07
0,0,0,3.5976e+08,0,2.56394e+07,-535823,535823,1.30946e+07
0,0,0,3.5976e+08,0,2.56445e+07,-534513,534513,1.30946e+07
0,0,0,3.5976e+08,0,2.56497e+07,-533202,533202,1.30946e+07
0,0,0,3.5976e+08,0,2.56476e+07,-531891,531891,1.30946e+07
0,0,0,3.5976e+08,9.21265e+06,2.83926e+07,-1.78299e+06,1.78299e+06,1.30946e+07
0,0,0,3.5976e+08,0,2.83997e+07,-1.78299e+06,1.78299e+06,1.30946e+07
0,0,0,3.5976e+08,0,2.84069e+07,-1.78299e+06,1.78299e+06,1.30946e+07
0,0,0,3.5976e+08,0,2.8414e+07,-1.78299e+06,1.78299e+06,1.30946e+07
0,0,0,3.5976e+08,0,3.12037e+07,-1.78299e+06,1.78299e+06,1.30946e+07
0,0,0,3.5976e+08,0,3.12116e+07,-1.78299e+06,1.78299e+06,1.30946e+07
0,0,0,3.5976e+08,0,3.12195e+07,-1.78299e+06,1.78299e+06,1.30946e+07
0,0,0,3.5976e+08,0,3.06592e+07,-2.3513e+06,2.3513e+06,1.30946e+07
0,0,0,3.5976e+08,0,2.49419e+07,-4.24245e+06,4.24245e+06,1.48086e+07
0,0,0,3.5976e+08,0,2.74082e+07,-1.78299e+06,1.78299e+06,1.30946e+07
0,0,0,3.5976e+08,0,2.69229e+07,-2.27515e+06,2.27515e+06,1.30946e+07
0,0,0,3.5976e+08,0,2.74219e+07,-1.78299e+06,1.78299e+06,1.30946e+07
0,0,0,3.5976e+08,0,2.49666e+07,-4.24519e+06,4.24519e+06,1.48086e+07
0,0,0,3.5976e+08,0,2.83864e+07,-1.78299e+06,1.78299e+06,1.30946e+07
0,0,0,3.5976e+08,0,2.78819e+07,-2.2947e+06,2.2947e+06,1.30946e+07
0,0,0,3.5976e+08,0,2.58414e+07,-4.34225e+06,4.34225e+06,1.48086e+07
0,0,0,3.5976e+08,0,2.84078e+07,-1.78299e+06,1.78299e+06,1.30946e+07
0,0,0,3.5976e+08,0,2.80443e+07,-1.78299e+06,1.78299e+06,1.30946e+07
0,0,0,3.5976e+08,0,2.80513e+07,-1.78299e+06,1.78299e+06,1.30946e+07
0,0,0,3.5976e+08,0,2.80583e+07,-1.78299e+06,1.78299e+06,1.30946e+07
0,0,0,3.5976e+08,0,2.80654e+07,-1.78299e+06,1.78299e+06,1.30946e+07
0,0,0,3.5976e+08,0,2.93643e+07,-1.78299e+06,1.78299e+06,1.30946e+07
0,0,0,3.5976e+08,0,2.93717e+07,-1.78299e+06,1.78299e+06,1.30946e+07
0,0,0,3.5976e+08,0,2.93791e+07,-1.78299e+06,1.78299e+06,1.30946e+07
0,0,0,3.5976e+08,0,2.93865e+07,-1.78299e+06,1.78299e+06,1.30946e+07
0,0,0,3.5976e+08,0,2.93939e+07,-1.78299e+06,1.78299e+06,1.30946e+07
0,0,0,3.5976e+08,0,2.9706e+07,-1.78299e+06,1.78299e+06,1.30946e+07
0,0,0,3.5976e+08,0,2.97135e+07,-1.78299e+06,1.78299e+06,1.30946e+07
0,0,0,3.5976e+08,0,2.9721e+07,-1.78299e+06,1.78299e+06,1.30946e+07
0,0,0,3.5976e+08,0,2.97285e+07,-1.78299e+06,1.78299e+06,1.30946e+07
0,0,0,3.5976e+08,0,3.03817e+07,-1.78299e+06,1.78299e+06,1.30946e+07
0,0,0,3.5976e+08,0,3.03894e+07,-1.78299e+06,1.78299e+06,1.30946e+07
0,0,0,3.5976e+08,0,3.03971e+07,-1.78299e+06,1.78299e+06,1.30946e+07
0,0,0,3.5976e+08,0,3.04048e+07,-1.78299e+06,1.78299e+06,1.30946e+07
0,0,0,3.5976e+08,0,3.25564e+07,-1.78299e+06,1.78299e+06,1.30946e+07
0,0,0,3.5976e+08,0,3.22577e+07,-1.5857e+06,1.5857e+06,1.30946e+07
0,0,0,3.5976e+08,0,3.22636e+07,-1.58414e+06,1.58414e+06,1.30946e+07
0,0,0,3.5976e+08,0,3.22694e+07,-1.58259e+06,1.58259e+06,1.30946e+07
0,0,0,3.5976e+08,0,3.22753e+07,-1.58103e+06,1.58103e+06,1.30946e+07
0,0,0,3.5976e+08,0,3.10757e+07,-1.57947e+06,1.57947e+06,1.30946e+07
0,0,0,3.5976e+08,0,3.14003e+07,-1.78299e+06,1.78299e+06,1.30946e+07
0,0,0,3.5976e+08,0,3.14083e+07,-1.78299e+06,1.78299e+06,1.30946e+07
0,0,0,3.5976e+08,0,3.14162e+07,-1.78299e+06,1.78299e+06,1.30946e+07
0,0,0,3.5976e+08,0,3.03613e+07,-1.78299e+06,1.78299e+06,1.30946e+07
0,0,0,3.5976e+08,0,3.0369e+07,-1.78299e+06,1.78299e+06,1.30946e+07
0,0,0,3.5976e+08,0,3.03767e+07,-1.78299e+06,1.78299e+06,1.30946e+07
0,0,0,3.5976e+08,0,3.03844e+07,-1.78299e+06,1.78299e+06,1.30946e+07
0,0,0,3.5976e+08,0,2.79281e+07,-1.78299e+06,1.78299e+06,1.30946e+07
0,0,0,3.5976e+08,0,2.79351e+07,-1.78299e+06,1.78299e+06,1.30946e+07
0,0,0,3.5976e+08,0,2.79421e+07,-1.78299e+06,1.78299e+06,1.30946e+07
0,0,0,3.5976e+08,0,2.79491e+07,-1.78299e+06,1.78299e+06,1.30946e+07
0,0,0,3.5976e+08,0,2.79561e+07,-1.78299e+06,1.78299e+06,1.30946e+07
0,0,0,3.5976e+08,9.21265e+06,2.87658e+07,-1.78299e+06,1.78299e+06,1.30946e+07
0,0,0,3.5976e+08,0,2.87728e+07,-1.78299e+06,1.78299e+06,1.30946e+07
0,0,0,3.5976e+08,0,2.87797e+07,-1.78299e+06,1.78299e+06,1.30946e+07
0,0,0,3.5976e+08,0,2.87867e+07,-1.78299e+06,1.78299e+06,1.30946e+07
0,0,0,3.5976e+08,0,3.16165e+07,-1.78299e+06,1.78299e+06,1.30946e+07
0,0,0,3.5976e+08,0,3.16242e+07,-1.78299e+06,1.78299e+06,1.30946e+07
0,0,0,3.5976e+08,0,3.16319e+07,-1.78299e+06,1.78299e+06,1.30946e+07
0,0,0,3.5976e+08,0,3.16396e+07,-1.78299e+06,1.78299e+06,1.30946e+07
0,0,0,3.5976e+08,0,2.77578e+07,-1.78299e+06,1.78299e+06,1.30946e+07
0,0,0,3.5976e+08,0,2.77644e+07,-1.78299e+06,1.78299e+06,1.30946e+07
0,0,0,3.5976e+08,0,2.77711e+07,-1.78299e+06,1.78299e+06,1.30946e+07
0,0,0,3.5976e+08,0,2.77778e+07,-1.78299e+06,1.78299e+06,1.30946e+07
0,0,0,3.5976e+08,0,2.77844e+07,-1.78299e+06,1.78299e+06,1.30946e+07
0,0,0,3.5976e+08,0,2.87555e+07,-1.78299e+06,1.78299e+06,1.30946e+07
0,0,0,3.5976e+08,0,2.87625e+07,-1.78299e+06,1.78299e+06,1.30946e+07
0,0,0,3.5976e+08,0,2.87694e+07,-1.78299e+06,1.78299e+06,1.30946e+07
0,0,0,3.5976e+08,0,2.87763e+07,-1.78299e+06,1.78299e+06,1.30946e+07
0,0,0,3.5976e+08,0,2.84072e+07,-1.78299e+06,1.78299e+06,1.30946e+07
0,0,0,3.5976e+08,0,2.8414e+07,-1.78299e+06,1.78299e+06,1.30946e+07
0,0,0,3.5976e+08,0,2.84209e+07,-1.78299e+06,1.78299e+06,1.30946e+07
0,0,0,3.5976e+08,0,2.84277e+07,-1.78299e+06,1.78299e+06,1.30946e+07
0,0,0,3.5976e+08,0,2.97449e+07,-1.78299e+06,1.78299e+06,1.30946e+07
0,0,0,3.5976e+08,0,2.97521e+07,-1.78299e+06,1.78299e+06,1.30946e+07
0,0,0,3.5976e+08,0,2.97593e+07,-1.78299e+06,1.78299e+06,1.30946e+07
0,0,0,3.5976e+08,0,2.97665e+07,-1.78299e+06,1.78299e+06,1.30946e+07
0,0,0,3.5976e+08,0,2.97737e+07,-1.78299e+06,1.78299e+06,1.30946e+07
0,0,0,3.5976e+08,0,3.00898e+07,-1.78299e+06,1.78299e+06,1.30946e+07
0,0,0,3.5976e+08,0,3.00971e+07,-1.78299e+06,1.78299e+06,1.30946e+07
0,0,0,3.5976e+08,0,3.01044e+07,-1.78299e+06,1.78299e+06,1.30946e+07
0,0,0,3.5976e+08,0,3.01117e+07,-1.78299e+06,1.78299e+06,1.30946e+07
0,0,0,3.5976e+08,0,3.07739e+07,-1.78299e+06,1.78299e+06,1.30946e+07
0,0,0,3.5976e+08,0,3.07813e+07,-1.78299e+06,1.78299e+06,1.30946e+07
0,0,0,3.5976e+08,0,3.07888e+07,-1.78299e+06,1.78299e+06,1.30946e+07
0,0,0,3.5976e+08,0,3.07962e+07,-1.78299e+06,1.78299e+06,1.30946e+07
0,0,0,3.5976e+08,0,3.29779e+07,-1.78299e+06,1.78299e+06,1.30946e+07
0,0,0,3.5976e+08,0,3.25559e+07,-1.50657e+06,1.50657e+06,1.30946e+07
0,0,0,3.5976e+08,0,3.25616e+07,-1.50506e+06,1.50506e+06,1.30946e+07
0,0,0,3.5976e+08,0,3.25673e+07,-1.50355e+06,1.50355e+06,1.30946e+07
0,0,0,3.5976e+08,0,3.2573e+07,-1.50204e+06,1.50204e+06,1.30946e+07
0,0,0,3.5976e+08,0,3.13563e+07,-1.50053e+06,1.50053e+06,1.30946e+07
0,0,0,3.5976e+08,0,3.17866e+07,-1.77215e+06,1.77215e+06,1.30946e+07
0,0,0,3.5976e+08,0,3.17921e+07,-1.77071e+06,1.77071e+06,1.30946e+07
0,0,0,3.5976e+08,0,3.17976e+07,-1.76927e+06,1.76927e+06,1.30946e+07
0,0,0,3.5976e+08,0,3.07252e+07,-1.76783e+06,1.76783e+06,1.30946e+07
0,0,0,3.5976e+08,0,3.07563e+07,-1.78299e+06,1.78299e+06,1.30946e+07
0,0,0,3.5976e+08,0,3.07637e+07,-1.78299e+06,1.78299e+06,1.30946e+07
0,0,0,3.5976e+08,0,3.07712e+07,-1.78299e+06,1.78299e+06,1.30946e+07
0,0,0,3.5976e+08,0,2.82802e+07,-1.78299e+06,1.78299e+06,1.30946e+07
0,0,0,3.5976e+08,0,2.8287e+07,-1.78299e+06,1.78299e+06,1.30946e+07
0,0,0,3.5976e+08,0,2.82937e+07,-1.78299e+06,1.78299e+06,1.30946e+07
0,0,0,3.5976e+08,0,2.83005e+07,-1.78299e+06,1.78299e+06,1.30946e+07
0,0,0,3.5976e+08,0,2.83073e+07,-1.78299e+06,1.78299e+06,1.30946e+07
0,0,0,3.5976e+08,9.21265e+06,2.91281e+07,-1.78299e+06,1.78299e+06,1.30946e+07
0,0,0,3.5976e+08,0,2.91348e+07,-1.78299e+06,1.78299e+06,1.30946e+07
0,0,0,3.5976e+08,0,2.91415e+07,-1.78299e+06,1.78299e+06,1.30946e+07
0,0,0,3.5976e+08,0,2.91482e+07,-1.78299e+06,1.78299e+06,1.30946e+07
0,0,0,3.5976e+08,0,3.20171e+07,-1.78299e+06,1.78299e+06,1.30946e+07
0,0,0,3.5976e+08,0,3.20245e+07,-1.78299e+06,1.78299e+06,1.30946e+07
0,0,0,3.5976e+08,0,3.2032e+07,-1.78299e+06,1.78299e+06,1.30946e+07
0,0,0,3.5976e+08,0,3.20395e+07,-1.78299e+06,1.78299e+06,1.30946e+07
0,0,0,3.5976e+08,0,2.81035e+07,-1.78299e+06,1.78299e+06,1.30946e+07
0,0,0,3.5976e+08,0,2.811e+07,-1.78299e+06,1.78299e+06,1.30946e+07
0,0,0,3.5976e+08,0,2.81165e+07,-1.78299e+06,1.78299e+06,1.30946e+07
0,0,0,3.5976e+08,0,2.81229e+07,-1.78299e+06,1.78299e+06,1.30946e+07
0,0,0,3.5976e+08,0,2.81294e+07,-1.78299e+06,1.78299e+06,1.30946e+07
0,0,0,3.5976e+08,0,2.91136e+07,-1.78299e+06,1.78299e+06,1.30946e+07
0,0,0,3.5976e+08,0,2.91203e+07,-1.78299e+06,1.78299e+06,1.30946e+07
0,0,0,3.5976e+08,0,2.9127e+07,-1.78299e+06,1.78299e+06,1.30946e+07
0,0,0,3.5976e+08,0,2.91337e+07,-1.78299e+06,1.78299e+06,1.30946e+07
0,0,0,3.5976e+08,0,2.87592e+07,-1.78299e+06,1.78299e+06,1.30946e+07
0,0,0,3.5976e+08,0,2.87658e+07,-1.78299e+06,1.78299e+06,1.30946e+07
0,0,0,3.5976e+08,0,2.87725e+07,-1.78299e+06,1.78299e+06,1.30946e+07
0,0,0,3.5976e+08,0,2.87791e+07,-1.78299e+06,1.78299e+06,1.30946e+07
0,0,0,3.5976e+08,0,3.0114e+07,-1.78299e+06,1.78299e+06,1.30946e+07
0,0,0,3.5976e+08,0,3.0121e+07,-1.78299e+06,1.78299e+06,1.30946e+07
0,0,0,3.5976e+08,0,3.0128e+07,-1.78299e+06,1.78299e+06,1.30946e+07
0,0,0,3.5976e+08,0,3.01349e+07,-1.78299e+06,1.78299e+06,1.30946e+07
0,0,0,3.5976e+08,0,3.01419e+07,-1.78299e+06,1.78299e+06,1.30946e+07
0,0,0,3.5976e+08,0,3.0462e+07,-1.78299e+06,1.78299e+06,1.30946e+07
0,0,0,3.5976e+08,0,3.04691e+07,-1.78299e+06,1.78299e+06,1.30946e+07
0,0,0,3.5976e+08,0,3.04761e+07,-1.78299e+06,1.78299e+06,1.30946e+07
0,0,0,3.5976e+08,0,3.04832e+07,-1.78299e+06,1.78299e+06,1.30946e+07
0,0,0,3.5976e+08,0,3.11541e+07,-1.78299e+06,1.78299e+06,1.30946e+07
0,0,0,3.5976e+08,0,3.11613e+07,-1.78299e+06,1.78299e+06,1.30946e+07
0,0,0,3.5976e+08,0,3.11685e+07,-1.78299e+06,1.78299e+06,1.30946e+07
0,0,0,3.5976e+08,0,3.11757e+07,-1.78299e+06,1.78299e+06,1.30946e+07
0,0,0,3.5976e+08,0,3.33866e+07,-1.78299e+06,1.78299e+06,1.30946e+07
0,0,0,3.5976e+08,0,3.2845e+07,-1.42987e+06,1.42987e+06,1.30946e+07
0,0,0,3.5976e+08,0,3.28505e+07,-1.4284e+06,1.4284e+06,1.30946e+07
0,0,0,3.5976e+08,0,3.2856e+07,-1.42694e+06,1.42694e+06,1.30946e+07
0,0,0,3.5976e+08,0,3.28616e+07,-1.42548e+06,1.42548e+06,1.30946e+07
0,0,0,3.5976e+08,0,3.16282e+07,-1.42402e+06,1.42402e+06,1.30946e+07
0,0,0,3.5976e+08,0,3.2064e+07,-1.69935e+06,1.69935e+06,1.30946e+07
0,0,0,3.5976e+08,0,3.20694e+07,-1.69796e+06,1.69796e+06,1.30946e+07
0,0,0,3.5976e+08,0,3.20747e+07,-1.69657e+06,1.69657e+06,1.30946e+07
0,0,0,3.5976e+08,0,3.09877e+07,-1.69517e+06,1.69517e+06,1.30946e+07
0,0,0,3.5976e+08,0,3.11316e+07,-1.78299e+06,1.78299e+06,1.30946e+07
0,0,0,3.5976e+08,0,3.11388e+07,-1.78299e+06,1.78299e+06,1.30946e+07
0,0,0,3.5976e+08,0,3.1146e+07,-1.78299e+06,1.78299e+06,1.30946e+07
0,0,0,3.5976e+08,0,2.86213e+07,-1.78299e+06,1.78299e+06,1.30946e+07
0,0,0,3.5976e+08,0,2.86279e+07,-1.78299e+06,1.78299e+06,1.30946e+07
0,0,0,3.5976e+08,0,2.86345e+07,-1.78299e+06,1.78299e+06,1.30946e+07
0,0,0,3.5976e+08,0,2.86411e+07,-1.78299e+06,1.78299e+06,1.30946e+07
0,0,0,3.5976e+08,0,2.86476e+07,-1.78299e+06,1.78299e+06,1.30946e+07
0,0,0,3.5976e+08,9.21265e+06,2.9479e+07,-1.78299e+06,1.78299e+06,1.30946e+07
0,0,0,3.5976e+08,0,2.94855e+07,-1.78299e+06,1.78299e+06,1.30946e+07
0,0,0,3.5976e+08,0,2.9492e+07,-1.78299e+06,1.78299e+06,1.30946e+07
0,0,0,3.5976e+08,0,2.94986e+07,-1.78299e+06,1.78299e+06,1.30946e+07
0,0,0,3.5976e+08,0,3.24052e+07,-1.78299e+06,1.78299e+06,1.30946e+07
0,0,0,3.5976e+08,0,3.23307e+07,-1.73047e+06,1.73047e+06,1.30946e+07
0,0,0,3.5976e+08,0,3.23358e+07,-1.72915e+06,1.72915e+06,1.30946e+07
0,0,0,3.5976e+08,0,3.2341e+07,-1.72782e+06,1.72782e+06,1.30946e+07
0,0,0,3.5976e+08,0,2.83506e+07,-1.7265e+06,1.7265e+06,1.30946e+07
0,0,0,3.5976e+08,0,2.84448e+07,-1.78299e+06,1.78299e+06,1.30946e+07
0,0,0,3.5976e+08,0,2.8451e+07,-1.78299e+06,1.78299e+06,1.30946e+07
0,0,0,3.5976e+08,0,2.84573e+07,-1.78299e+06,1.78299e+06,1.30946e+07
0,0,0,3.5976e+08,0,2.84635e+07,-1.78299e+06,1.78299e+06,1.30946e+07
0,0,0,3.5976e+08,0,2.94604e+07,-1.78299e+06,1.78299e+06,1.30946e+07
0,0,0,3.5976e+08,0,2.94669e+07,-1.78299e+06,1.78299e+06,1.30946e+07
0,0,0,3.5976e+08,0,2.94734e+07,-1.78299e+06,1.78299e+06,1.30946e+07
0,0,0,3.5976e+08,0,2.94799e+07,-1.78299e+06,1.78299e+06,1.30946e+07
0,0,0,3.5976e+08,0,2.91001e+07,-1.78299e+06,1.78299e+06,1.30946e+07
0,0,0,3.5976e+08,0,2.91065e+07,-1.78299e+06,1.78299e+06,1.30946e+07
0,0,0,3.5976e+08,0,2.91129e+07,-1.78299e+06,1.78299e+06,1.30946e+07
0,0,0,3.5976e+08,0,2.91193e+07,-1.78299e+06,1.78299e+06,1.30946e+07
0,0,0,3.5976e+08,0,3.04714e+07,-1.78299e+06,1.78299e+06,1.30946e+07
0,0,0,3.5976e+08,0,3.04782e+07,-1.78299e+06,1.78299e+06,1.30946e+07
0,0,0,3.5976e+08,0,3.04849e+07,-1.78299e+06,1.78299e+06,1.30946e+07
0,0,0,3.5976e+08,0,3.04917e+07,-1.78299e+06,1.78299e+06,1.30946e+07
0,0,0,3.5976e+08,0,3.04984e+07,-1.78299e+06,1.78299e+06,1.30946e+07
0,0,0,3.5976e+08,0,3.08224e+07,-1.78299e+06,1.78299e+06,1.30946e+07
0,0,0,3.5976e+08,0,3.08292e+07,-1.78299e+06,1.78299e+06,1.30946e+07
0,0,0,3.5976e+08,0,3.0836e+07,-1.78299e+06,1.78299e+06,1.30946e+07
0,0,0,3.5976e+08,0,3.08429e+07,-1.78299e+06,1.78299e+06,1.30946e+07
0,0,0,3.5976e+08,0,3.15221e+07,-1.78299e+06,1.78299e+06,1.30946e+07
0,0,0,3.5976e+08,0,3.15291e+07,-1.78299e+06,1.78299e+06,1.30946e+07
0,0,0,3.5976e+08,0,3.15361e+07,-1.78299e+06,1.78299e+06,1.30946e+07
0,0,0,3.5976e+08,0,3.15431e+07,-1.78299e+06,1.78299e+06,1.30946e+07
0,0,0,3.5976e+08,0,3.37822e+07,-1.78299e+06,1.78299e+06,1.30946e+07
0,0,0,3.5976e+08,0,3.31248e+07,-1.35562e+06,1.35562e+06,1.30946e+07
0,0,0,3.5976e+08,0,3.31302e+07,-1.35421e+06,1.35421e+06,1.30946e+07
0,0,0,3.5976e+08,0,3.31355e+07,-1.35279e+06,1.35279e+06,1.30946e+07
0,0,0,3.5976e+08,0,3.31408e+07,-1.35138e+06,1.35138e+06,1.30946e+07
0,0,0,3.5976e+08,0,3.18913e+07,-1.34996e+06,1.34996e+06,1.30946e+07
0,0,0,3.5976e+08,0,3.23326e+07,-1.62891e+06,1.62891e+06,1.30946e+07
0,0,0,3.5976e+08,0,3.23377e+07,-1.62756e+06,1.62756e+06,1.30946e+07
0,0,0,3.5976e+08,0,3.23429e+07,-1.62621e+06,1.62621e+06,1.30946e+07
0,0,0,3.5976e+08,0,3.12417e+07,-1.62486e+06,1.62486e+06,1.30946e+07
0,0,0,3.5976e+08,0,3.14947e+07,-1.78299e+06,1.78299e+06,1.30946e+07
0,0,0,3.5976e+08,0,3.15017e+07,-1.78299e+06,1.78299e+06,1.30946e+07
0,0,0,3.5976e+08,0,3.15087e+07,-1.78299e+06,1.78299e+06,1.30946e+07
0,0,0,3.5976e+08,0,2.89515e+07,-1.78299e+06,1.78299e+06,1.30946e+07
0,0,0,3.5976e+08,0,2.89578e+07,-1.78299e+06,1.78299e+06,1.30946e+07
0,0,0,3.5976e+08,0,2.89642e+07,-1.78299e+06,1.78299e+06,1.30946e+07
0,0,0,3.5976e+08,0,2.89705e+07,-1.78299e+06,1.78299e+06,1.30946e+07
0,0,0,3.5976e+08,0,2.89769e+07,-1.78299e+06,1.78299e+06,1.30946e+07
0,0,0,3.5976e+08,4.3122e+07,2.98186e+07,-1.78299e+06,1.78299e+06,1.30946e+07
0,0,0,3.5976e+08,0,2.98249e+07,-1.78299e+06,1.78299e+06,1.30946e+07
0,0,0,3.5976e+08,0,2.98312e+07,-1.78299e+06,1.78299e+06,1.30946e+07
0,0,0,3.5976e+08,0,2.98375e+07,-1.78299e+06,1.78299e+06,1.30946e+07
0,0,0,3.5976e+08,0,3.27806e+07,-1.78299e+06,1.78299e+06,1.30946e+07
0,0,0,3.5976e+08,0,3.25986e+07,-1.66148e+06,1.66148e+06,1.30946e+07
0,0,0,3.5976e+08,0,3.26036e+07,-1.66019e+06,1.66019e+06,1.30946e+07
0,0,0,3.5976e+08,0,3.26086e+07,-1.65891e+06,1.65891e+06,1.30946e+07
0,0,0,3.5976e+08,0,2.85676e+07,-1.65763e+06,1.65763e+06,1.30946e+07
0,0,0,3.5976e+08,0,2.87687e+07,-1.78299e+06,1.78299e+06,1.30946e+07
0,0,0,3.5976e+08,0,2.87747e+07,-1.78299e+06,1.78299e+06,1.30946e+07
0,0,0,3.5976e+08,0,2.87808e+07,-1.78299e+06,1.78299e+06,1.30946e+07
0,0,0,3.5976e+08,0,2.87868e+07,-1.78299e+06,1.78299e+06,1.30946e+07
0,0,0,3.5976e+08,0,2.97959e+07,-1.78299e+06,1.78299e+06,1.30946e+07
0,0,0,3.5976e+08,0,2.98022e+07,-1.78299e+06,1.78299e+06,1.30946e+07
0,0,0,3.5976e+08,0,2.98085e+07,-1.78299e+06,1.78299e+06,1.30946e+07
0,0,0,3.5976e+08,0,2.98148e+07,-1.78299e+06,1.78299e+06,1.30946e+07
0,0,0,3.5976e+08,0,2.943e+07,-1.78299e+06,1.78299e+06,1.30946e+07
0,0,0,3.5976e+08,0,2.94362e+07,-1.78299e+06,1.78299e+06,1.30946e+07
0,0,0,3.5976e+08,0,2.94424e+07,-1.78299e+06,1.78299e+06,1.30946e+07
0,0,0,3.5976e+08,0,2.94486e+07,-1.78299e+06,1.78299e+06,1.30946e+07
0,0,0,3.5976e+08,0,3.08173e+07,-1.78299e+06,1.78299e+06,1.30946e+07
0,0,0,3.5976e+08,0,3.08238e+07,-1.78299e+06,1.78299e+06,1.30946e+07
0,0,0,3.5976e+08,0,3.08304e+07,-1.78299e+06,1.78299e+06,1.30946e+07
0,0,0,3.5976e+08,0,3.08369e+07,-1.78299e+06,1.78299e+06,1.30946e+07
0,0,0,3.5976e+08,0,3.08434e+07,-1.78299e+06,1.78299e+06,1.30946e+07
0,0,0,3.5976e+08,0,3.11711e+07,-1.78299e+06,1.78299e+06,1.30946e+07
0,0,0,3.5976e+08,0,3.11777e+07,-1.78299e+06,1.78299e+06,1.30946e+07
0,0,0,3.5976e+08,0,3.11843e+07,-1.78299e+06,1.78299e+06,1.30946e+07
0,0,0,3.5976e+08,0,3.11909e+07,-1.78299e+06,1.78299e+06,1.30946e+07
0,0,0,3.5976e+08,0,3.18783e+07,-1.78299e+06,1.78299e+06,1.30946e+07
0,0,0,3.5976e+08,0,3.18428e+07,-1.75585e+06,1.75585e+06,1.30946e+07
0,0,0,3.5976e+08,0,3.18477e+07,-1.75459e+06,1.75459e+06,1.30946e+07
0,0,0,3.5976e+08,0,3.18525e+07,-1.75333e+06,1.75333e+06,1.30946e+07
0,0,0,3.5976e+08,0,3.4117e+07,-1.75207e+06,1.75207e+06,1.30946e+07
0,0,0,3.5976e+08,0,3.33957e+07,-1.28376e+06,1.28376e+06,1.30946e+07
0,0,0,3.5976e+08,0,3.34008e+07,-1.28239e+06,1.28239e+06,1.30946e+07
0,0,0,3.5976e+08,0,3.3406e+07,-1.28102e+06,1.28102e+06,1.30946e+07
0,0,0,3.5976e+08,0,3.34112e+07,-1.27965e+06,1.27965e+06,1.30946e+07
0,0,0,3.5976e+08,0,3.21461e+07,-1.27828e+06,1.27828e+06,1.30946e+07
0,0,0,3.5976e+08,0,3.25925e+07,-1.56072e+06,1.56072e+06,1.30946e+07
0,0,0,3.5976e+08,0,3.25975e+07,-1.55942e+06,1.55942e+06,1.30946e+07
0,0,0,3.5976e+08,0,3.26024e+07,-1.55811e+06,1.55811e+06,1.30946e+07
0,0,0,3.5976e+08,0,3.14876e+07,-1.55681e+06,1.55681e+06,1.30946e+07
0,0,0,3.5976e+08,0,3.18462e+07,-1.78299e+06,1.78299e+06,1.30946e+07
0,0,0,3.5976e+08,0,3.1853e+07,-1.78299e+06,1.78299e+06,1.30946e+07
0,0,0,3.5976e+08,0,3.18598e+07,-1.78299e+06,1.78299e+06,1.30946e+07
0,0,0,3.5976e+08,0,2.9271e+07,-1.78299e+06,1.78299e+06,1.30946e+07
0,0,0,3.5976e+08,0,2.92772e+07,-1.78299e+06,1.78299e+06,1.30946e+07
0,0,0,3.5976e+08,0,2.92833e+07,-1.78299e+06,1.78299e+06,1.30946e+07
0,0,0,3.5976e+08,0,2.92895e+07,-1.78299e+06,1.78299e+06,1.30946e+07
0,0,0,3.5976e+08,0,2.92956e+07,-1.78299e+06,1.78299e+06,1.30946e+07
0,0,0,3.5976e+08,0,3.01473e+07,-1.78299e+06,1.78299e+06,1.30946e+07
0,0,0,3.5976e+08,4.3122e+07,3.01534e+07,-1.78299e+06,1.78299e+06,1.30946e+07
0,0,0,3.5976e+08,0,3.01595e+07,-1.78299e+06,1.78299e+06,1.30946e+07
0,0,0,3.5976e+08,0,3.01656e+07,-1.78299e+06,1.78299e+06,1.30946e+07
0,0,0,3.5976e+08,0,3.31441e+07,-1.78299e+06,1.78299e+06,1.30946e+07
0,0,0,3.5976e+08,0,3.28579e+07,-1.59468e+06,1.59468e+06,1.30946e+07
0,0,0,3.5976e+08,0,3.28627e+07,-1.59344e+06,1.59344e+06,1.30946e+07
0,0,0,3.5976e+08,0,3.28676e+07,-1.5922e+06,1.5922e+06,1.30946e+07
0,0,0,3.5976e+08,0,2.87776e+07,-1.59095e+06,1.59095e+06,1.30946e+07
0,0,0,3.5976e+08,0,2.90822e+07,-1.78299e+06,1.78299e+06,1.30946e+07
0,0,0,3.5976e+08,0,2.90881e+07,-1.78299e+06,1.78299e+06,1.30946e+07
0,0,0,3.5976e+08,0,2.90939e+07,-1.78299e+06,1.78299e+06,1.30946e+07
0,0,0,3.5976e+08,0,2.90998e+07,-1.78299e+06,1.78299e+06,1.30946e+07
0,0,0,3.5976e+08,0,3.01208e+07,-1.78299e+06,1.78299e+06,1.30946e+07
0,0,0,3.5976e+08,0,3.01269e+07,-1.78299e+06,1.78299e+06,1.30946e+07
0,0,0,3.5976e+08,0,3.0133e+07,-1.78299e+06,1.78299e+06,1.30946e+07
0,0,0,3.5976e+08,0,3.01391e+07,-1.78299e+06,1.78299e+06,1.30946e+07
0,0,0,3.5976e+08,0,2.97494e+07,-1.78299e+06,1.78299e+06,1.30946e+07
0,0,0,3.5976e+08,0,2.97554e+07,-1.78299e+06,1.78299e+06,1.30946e+07
0,0,0,3.5976e+08,0,2.97614e+07,-1.78299e+06,1.78299e+06,1.30946e+07
0,0,0,3.5976e+08,0,2.97674e+07,-1.78299e+06,1.78299e+06,1.30946e+07
0,0,0,3.5976e+08,0,3.11522e+07,-1.78299e+06,1.78299e+06,1.30946e+07
0,0,0,3.5976e+08,0,3.11585e+07,-1.78299e+06,1.78299e+06,1.30946e+07
0,0,0,3.5976e+08,0,3.11648e+07,-1.78299e+06,1.78299e+06,1.30946e+07
0,0,0,3.5976e+08,0,3.11711e+07,-1.78299e+06,1.78299e+06,1.30946e+07
0,0,0,3.5976e+08,0,3.11774e+07,-1.78299e+06,1.78299e+06,1.30946e+07
0,0,0,3.5976e+08,0,3.15088e+07,-1.78299e+06,1.78299e+06,1.30946e+07
0,0,0,3.5976e+08,0,3.15152e+07,-1.78299e+06,1.78299e+06,1.30946e+07
0,0,0,3.5976e+08,0,3.15216e+07,-1.78299e+06,1.78299e+06,1.30946e+07
0,0,0,3.5976e+08,0,3.1528e+07,-1.78299e+06,1.78299e+06,1.30946e+07
0,0,0,3.5976e+08,0,3.22232e+07,-1.78299e+06,1.78299e+06,1.30946e+07
0,0,0,3.5976e+08,0,3.20876e+07,-1.69162e+06,1.69162e+06,1.30946e+07
0,0,0,3.5976e+08,0,3.20923e+07,-1.69041e+06,1.69041e+06,1.30946e+07
0,0,0,3.5976e+08,0,3.20969e+07,-1.68918e+06,1.68918e+06,1.30946e+07
0,0,0,3.5976e+08,0,3.43879e+07,-1.68796e+06,1.68796e+06,1.30946e+07
0,0,0,3.5976e+08,0,3.36579e+07,-1.21418e+06,1.21418e+06,1.30946e+07
0,0,0,3.5976e+08,0,3.36629e+07,-1.21285e+06,1.21285e+06,1.30946e+07
0,0,0,3.5976e+08,0,3.36679e+07,-1.21153e+06,1.21153e+06,1.30946e+07
0,0,0,3.5976e+08,0,3.36729e+07,-1.2102e+06,1.2102e+06,1.30946e+07
0,0,0,3.5976e+08,0,3.23927e+07,-1.20888e+06,1.20888e+06,1.30946e+07
0,0,0,3.5976e+08,0,3.28442e+07,-1.4947e+06,1.4947e+06,1.30946e+07
0,0,0,3.5976e+08,0,3.2849e+07,-1.49343e+06,1.49343e+06,1.30946e+07
0,0,0,3.5976e+08,0,3.28538e+07,-1.49217e+06,1.49217e+06,1.30946e+07
0,0,0,3.5976e+08,0,3.17257e+07,-1.49091e+06,1.49091e+06,1.30946e+07
0,0,0,3.5976e+08,0,3.21373e+07,-1.75125e+06,1.75125e+06,1.30946e+07
0,0,0,3.5976e+08,0,3.21419e+07,-1.75004e+06,1.75004e+06,1.30946e+07
0,0,0,3.5976e+08,0,3.21466e+07,-1.74884e+06,1.74884e+06,1.30946e+07
0,0,0,3.5976e+08,0,2.95254e+07,-1.74763e+06,1.74763e+06,1.30946e+07
0,0,0,3.5976e+08,0,2.95864e+07,-1.78299e+06,1.78299e+06,1.30946e+07
0,0,0,3.5976e+08,0,2.95924e+07,-1.78299e+06,1.78299e+06,1.30946e+07
0,0,0,3.5976e+08,0,2.95983e+07,-1.78299e+06,1.78299e+06,1.30946e+07
0,0,0,3.5976e+08,0,2.96043e+07,-1.78299e+06,1.78299e+06,1.30946e+07
0,0,0,3.5976e+08,0,2.96043e+07,-1.78299e+06,1.78299e+06,1.30946e+07
0,0,0,3.5976e+08,4.3122e+07,3.04656e+07,-1.78299e+06,1.78299e+06,1.30946e+07
0,0,0,3.5976e+08,0,3.04715e+07,-1.78299e+06,1.78299e+06,1.30946e+07
0,0,0,3.5976e+08,0,3.04774e+07,-1.78299e+06,1.78299e+06,1.30946e+07
0,0,0,3.5976e+08,0,3.04833e+07,-1.78299e+06,1.78299e+06,1.30946e+07
0,0,0,3.5976e+08,0,3.3496e+07,-1.78299e+06,1.78299e+06,1.30946e+07
0,0,0,3.5976e+08,0,3.3109e+07,-1.53001e+06,1.53001e+06,1.30946e+07
0,0,0,3.5976e+08,0,3.31137e+07,-1.52881e+06,1.52881e+06,1.30946e+07
0,0,0,3.5976e+08,0,3.31183e+07,-1.52761e+06,1.52761e+06,1.30946e+07
0,0,0,3.5976e+08,0,2.89809e+07,-1.52641e+06,1.52641e+06,1.30946e+07
0,0,0,3.5976e+08,0,2.93858e+07,-1.78299e+06,1.78299e+06,1.30946e+07
0,0,0,3.5976e+08,0,2.93914e+07,-1.78299e+06,1.78299e+06,1.30946e+07
0,0,0,3.5976e+08,0,2.93971e+07,-1.78299e+06,1.78299e+06,1.30946e+07
0,0,0,3.5976e+08,0,2.94028e+07,-1.78299e+06,1.78299e+06,1.30946e+07
0,0,0,3.5976e+08,0,3.04352e+07,-1.78299e+06,1.78299e+06,1.30946e+07
0,0,0,3.5976e+08,0,3.04411e+07,-1.78299e+06,1.78299e+06,1.30946e+07
0,0,0,3.5976e+08,0,3.0447e+07,-1.78299e+06,1.78299e+06,1.30946e+07
0,0,0,3.5976e+08,0,3.04529e+07,-1.78299e+06,1.78299e+06,1.30946e+07
0,0,0,3.5976e+08,0,3.00585e+07,-1.78299e+06,1.78299e+06,1.30946e+07
0,0,0,3.5976e+08,0,3.00643e+07,-1.78299e+06,1.78299e+06,1.30946e+07
0,0,0,3.5976e+08,0,3.00701e+07,-1.78299e+06,1.78299e+06,1.30946e+07
0,0,0,3.5976e+08,0,3.00759e+07,-1.78299e+06,1.78299e+06,1.30946e+07
0,0,0,3.5976e+08,0,3.14762e+07,-1.78299e+06,1.78299e+06,1.30946e+07
0,0,0,3.5976e+08,0,3.14823e+07,-1.78299e+06,1.78299e+06,1.30946e+07
0,0,0,3.5976e+08,0,3.14884e+07,-1.78299e+06,1.78299e+06,1.30946e+07
0,0,0,3.5976e+08,0,3.14945e+07,-1.78299e+06,1.78299e+06,1.30946e+07
0,0,0,3.5976e+08,0,3.15006e+07,-1.78299e+06,1.78299e+06,1.30946e+07
0,0,0,3.5976e+08,0,3.18355e+07,-1.78299e+06,1.78299e+06,1.30946e+07
0,0,0,3.5976e+08,0,3.18158e+07,-1.76639e+06,1.76639e+06,1.30946e+07
0,0,0,3.5976e+08,0,3.18202e+07,-1.76524e+06,1.76524e+06,1.30946e+07
0,0,0,3.5976e+08,0,3.18246e+07,-1.76409e+06,1.76409e+06,1.30946e+07
0,0,0,3.5976e+08,0,3.25256e+07,-1.76294e+06,1.76294e+06,1.30946e+07
0,0,0,3.5976e+08,0,3.23243e+07,-1.6295e+06,1.6295e+06,1.30946e+07
0,0,0,3.5976e+08,0,3.23288e+07,-1.62832e+06,1.62832e+06,1.30946e+07
0,0,0,3.5976e+08,0,3.23333e+07,-1.62714e+06,1.62714e+06,1.30946e+07
0,0,0,3.5976e+08,0,3.465e+07,-1.62596e+06,1.62596e+06,1.30946e+07
0,0,0,3.5976e+08,0,3.39115e+07,-1.14688e+06,1.14688e+06,1.30946e+07
0,0,0,3.5976e+08,0,3.39163e+07,-1.1456e+06,1.1456e+06,1.30946e+07
0,0,0,3.5976e+08,0,3.39212e+07,-1.14432e+06,1.14432e+06,1.30946e+07
0,0,0,3.5976e+08,0,3.3926e+07,-1.14304e+06,1.14304e+06,1.30946e+07
0,0,0,3.5976e+08,0,3.26312e+07,-1.14175e+06,1.14175e+06,1.30946e+07
0,0,0,3.5976e+08,0,3.30875e+07,-1.43085e+06,1.43085e+06,1.30946e+07
0,0,0,3.5976e+08,0,3.30922e+07,-1.42962e+06,1.42962e+06,1.30946e+07
0,0,0,3.5976e+08,0,3.30968e+07,-1.4284e+06,1.4284e+06,1.30946e+07
0,0,0,3.5976e+08,0,3.19559e+07,-1.42718e+06,1.42718e+06,1.30946e+07
0,0,0,3.5976e+08,0,3.23719e+07,-1.6905e+06,1.6905e+06,1.30946e+07
0,0,0,3.5976e+08,0,3.23764e+07,-1.68933e+06,1.68933e+06,1.30946e+07
0,0,0,3.5976e+08,0,3.23809e+07,-1.68817e+06,1.68817e+06,1.30946e+07
0,0,0,3.5976e+08,0,2.97303e+07,-1.687e+06,1.687e+06,1.30946e+07
0,0,0,3.5976e+08,0,2.98854e+07,-1.78299e+06,1.78299e+06,1.30946e+07
0,0,0,3.5976e+08,0,2.98911e+07,-1.78299e+06,1.78299e+06,1.30946e+07
0,0,0,3.5976e+08,0,2.98969e+07,-1.78299e+06,1.78299e+06,1.30946e+07
0,0,0,3.5976e+08,0,2.99027e+07,-1.78299e+06,1.78299e+06,1.30946e+07
0,0,0,3.5976e+08,4.3122e+07,3.07732e+07,-1.78299e+06,1.78299e+06,1.30946e+07
0,0,0,3.5976e+08,1.62844e-42,3.07789e+07,-1.78299e+06,1.78299e+06,1.30946e+07
0,0,0,3.5976e+08,0,3.07846e+07,-1.78299e+06,1.78299e+06,1.30946e+07
0,0,0,3.5976e+08,0,3.07903e+07,-1.78299e+06,1.78299e+06,1.30946e+07
0,0,0,3.5976e+08,0,3.38362e+07,-1.78299e+06,1.78299e+06,1.30946e+07
0,0,0,3.5976e+08,0,3.33517e+07,-1.46751e+06,1.46751e+06,1.30946e+07
0,0,0,3.5976e+08,0,3.33562e+07,-1.46635e+06,1.46635e+06,1.30946e+07
0,0,0,3.5976e+08,0,3.33607e+07,-1.46519e+06,1.46519e+06,1.30946e+07
0,0,0,3.5976e+08,0,2.91774e+07,-1.46403e+06,1.46403e+06,1.30946e+07
0,0,0,3.5976e+08,0,2.96791e+07,-1.78299e+06,1.78299e+06,1.30946e+07
0,0,0,3.5976e+08,0,2.96846e+07,-1.78299e+06,1.78299e+06,1.30946e+07
0,0,0,3.5976e+08,0,2.969e+07,-1.78299e+06,1.78299e+06,1.30946e+07
0,0,0,3.5976e+08,0,2.96955e+07,-1.78299e+06,1.78299e+06,1.30946e+07
0,0,0,3.5976e+08,0,3.0739e+07,-1.78299e+06,1.78299e+06,1.30946e+07
0,0,0,3.5976e+08,0,3.07447e+07,-1.78299e+06,1.78299e+06,1.30946e+07
0,0,0,3.5976e+08,0,3.07504e+07,-1.78299e+06,1.78299e+06,1.30946e+07
0,0,0,3.5976e+08,0,3.07561e+07,-1.78299e+06,1.78299e+06,1.30946e+07
0,0,0,3.5976e+08,0,3.03571e+07,-1.78299e+06,1.78299e+06,1.30946e+07
0,0,0,3.5976e+08,0,3.03627e+07,-1.78299e+06,1.78299e+06,1.30946e+07
0,0,0,3.5976e+08,0,3.03683e+07,-1.78299e+06,1.78299e+06,1.30946e+07
0,0,0,3.5976e+08,0,3.03739e+07,-1.78299e+06,1.78299e+06,1.30946e+07
0,0,0,3.5976e+08,0,3.17892e+07,-1.78299e+06,1.78299e+06,1.30946e+07
0,0,0,3.5976e+08,0,3.17951e+07,-1.78299e+06,1.78299e+06,1.30946e+07
0,0,0,3.5976e+08,0,3.1801e+07,-1.78299e+06,1.78299e+06,1.30946e+07
0,0,0,3.5976e+08,0,3.18069e+07,-1.78299e+06,1.78299e+06,1.30946e+07
0,0,0,3.5976e+08,0,3.18128e+07,-1.78299e+06,1.78299e+06,1.30946e+07
0,0,0,3.5976e+08,0,3.2151e+07,-1.78299e+06,1.78299e+06,1.30946e+07
0,0,0,3.5976e+08,0,3.20398e+07,-1.70766e+06,1.70766e+06,1.30946e+07
0,0,0,3.5976e+08,0,3.2044e+07,-1.70655e+06,1.70655e+06,1.30946e+07
0,0,0,3.5976e+08,0,3.20482e+07,-1.70544e+06,1.70544e+06,1.30946e+07
0,0,0,3.5976e+08,0,3.27566e+07,-1.70433e+06,1.70433e+06,1.30946e+07
0,0,0,3.5976e+08,0,3.2553e+07,-1.5695e+06,1.5695e+06,1.30946e+07
0,0,0,3.5976e+08,0,3.25573e+07,-1.56836e+06,1.56836e+06,1.30946e+07
0,0,0,3.5976e+08,0,3.25617e+07,-1.56722e+06,1.56722e+06,1.30946e+07
0,0,0,3.5976e+08,0,3.49031e+07,-1.56608e+06,1.56608e+06,1.30946e+07
0,0,0,3.5976e+08,0,3.41564e+07,-1.08189e+06,1.08189e+06,1.30946e+07
0,0,0,3.5976e+08,0,3.41611e+07,-1.08066e+06,1.08066e+06,1.30946e+07
0,0,0,3.5976e+08,0,3.41657e+07,-1.07942e+06,1.07942e+06,1.30946e+07
0,0,0,3.5976e+08,0,3.41704e+07,-1.07818e+06,1.07818e+06,1.30946e+07
0,0,0,3.5976e+08,0,3.28615e+07,-1.07695e+06,1.07695e+06,1.30946e+07
0,0,0,3.5976e+08,0,3.33225e+07,-1.3692e+06,1.3692e+06,1.30946e+07
0,0,0,3.5976e+08,0,3.3327e+07,-1.36802e+06,1.36802e+06,1.30946e+07
0,0,0,3.5976e+08,0,3.33315e+07,-1.36684e+06,1.36684e+06,1.30946e+07
0,0,0,3.5976e+08,0,3.21781e+07,-1.36566e+06,1.36566e+06,1.30946e+07
0,0,0,3.5976e+08,0,3.25983e+07,-1.63185e+06,1.63185e+06,1.30946e+07
0,0,0,3.5976e+08,0,3.26027e+07,-1.63073e+06,1.63073e+06,1.30946e+07
0,0,0,3.5976e+08,0,3.2607e+07,-1.6296e+06,1.6296e+06,1.30946e+07
0,0,0,3.5976e+08,0,2.9928e+07,-1.62848e+06,1.62848e+06,1.30946e+07
0,0,0,3.5976e+08,0,3.01739e+07,-1.78299e+06,1.78299e+06,1.30946e+07
0,0,0,3.5976e+08,0,3.01795e+07,-1.78299e+06,1.78299e+06,1.30946e+07
0,0,0,3.5976e+08,0,3.01851e+07,-1.78299e+06,1.78299e+06,1.30946e+07
0,0,0,3.5976e+08,0,3.01906e+07,-1.78299e+06,1.78299e+06,1.30946e+07
0,0,0,6.97527e+08,4.3122e+07,3.10702e+07,-1.78299e+06,1.78299e+06,1.30946e+07
0,0,0,6.97527e+08,0,3.10757e+07,-1.78299e+06,1.78299e+06,1.30946e+07
0,0,0,6.97527e+08,0,3.10811e+07,-1.78299e+06,1.78299e+06,1.30946e+07
0,0,0,6.97527e+08,0,3.10866e+07,-1.78299e+06,1.78299e+06,1.30946e+07
0,0,0,6.97527e+08,0,3.41644e+07,-1.78299e+06,1.78299e+06,1.30946e+07
0,0,0,6.97527e+08,0,3.35858e+07,-1.40719e+06,1.40719e+06,1.30946e+07
0,0,0,6.97527e+08,0,3.35902e+07,-1.40608e+06,1.40608e+06,1.30946e+07
0,0,0,6.97527e+08,0,3.35945e+07,-1.40496e+06,1.40496e+06,1.30946e+07
0,0,0,6.97527e+08,0,2.93669e+07,-1.40384e+06,1.40384e+06,1.30946e+07
0,0,0,6.97527e+08,0,2.99621e+07,-1.78299e+06,1.78299e+06,1.30946e+07
0,0,0,6.97527e+08,0,2.99674e+07,-1.78299e+06,1.78299e+06,1.30946e+07
0,0,0,6.97527e+08,0,2.99726e+07,-1.78299e+06,1.78299e+06,1.30946e+07
0,0,0,6.97527e+08,0,2.99779e+07,-1.78299e+06,1.78299e+06,1.30946e+07
0,0,0,6.97527e+08,0,3.10321e+07,-1.78299e+06,1.78299e+06,1.30946e+07
0,0,0,6.97527e+08,0,3.10376e+07,-1.78299e+06,1.78299e+06,1.30946e+07
0,0,0,6.97527e+08,0,3.10431e+07,-1.78299e+06,1.78299e+06,1.30946e+07
0,0,0,6.97527e+08,0,3.10485e+07,-1.78299e+06,1.78299e+06,1.30946e+07
0,0,0,6.97527e+08,0,3.06451e+07,-1.78299e+06,1.78299e+06,1.30946e+07
0,0,0,6.97527e+08,0,3.06505e+07,-1.78299e+06,1.78299e+06,1.30946e+07
0,0,0,6.97527e+08,0,3.06559e+07,-1.78299e+06,1.78299e+06,1.30946e+07
0,0,0,6.97527e+08,0,3.06613e+07,-1.78299e+06,1.78299e+06,1.30946e+07
0,0,0,6.97527e+08,0,3.20911e+07,-1.78299e+06,1.78299e+06,1.30946e+07
0,0,0,6.97527e+08,0,3.20968e+07,-1.78299e+06,1.78299e+06,1.30946e+07
0,0,0,6.97527e+08,0,3.21024e+07,-1.78299e+06,1.78299e+06,1.30946e+07
0,0,0,6.97527e+08,0,3.21081e+07,-1.78299e+06,1.78299e+06,1.30946e+07
0,0,0,6.97527e+08,0,3.21138e+07,-1.78299e+06,1.78299e+06,1.30946e+07
0,0,0,6.97527e+08,0,3.24552e+07,-1.78299e+06,1.78299e+06,1.30946e+07
0,0,0,6.97527e+08,0,3.22556e+07,-1.65104e+06,1.65104e+06,1.30946e+07
0,0,0,6.97527e+08,0,3.22597e+07,-1.64997e+06,1.64997e+06,1.30946e+07
0,0,0,6.97527e+08,0,3.22638e+07,-1.6489e+06,1.6489e+06,1.30946e+07
0,0,0,6.97527e+08,0,3.29793e+07,-1.64783e+06,1.64783e+06,1.30946e+07
0,0,0,6.97527e+08,0,3.27734e+07,-1.51166e+06,1.51166e+06,1.30946e+07
0,0,0,6.97527e+08,0,3.27775e+07,-1.51057e+06,1.51057e+06,1.30946e+07
0,0,0,6.97527e+08,0,3.27817e+07,-1.50947e+06,1.50947e+06,1.30946e+07
0,0,0,6.97527e+08,0,3.5147e+07,-1.50837e+06,1.50837e+06,1.30946e+07
0,0,0,6.97527e+08,0,3.43924e+07,-1.01926e+06,1.01926e+06,1.30946e+07
0,0,0,6.97527e+08,0,3.43969e+07,-1.01807e+06,1.01807e+06,1.30946e+07
0,0,0,6.97527e+08,0,3.44014e+07,-1.01688e+06,1.01688e+06,1.30946e+07
0,0,0,6.97527e+08,0,3.44059e+07,-1.01569e+06,1.01569e+06,1.30946e+07
0,0,0,6.97527e+08,0,3.30834e+07,-1.0145e+06,1.0145e+06,1.30946e+07
0,0,0,6.97527e+08,0,3.35489e+07,-1.3098e+06,1.3098e+06,1.30946e+07
0,0,0,6.97527e+08,0,3.35532e+07,-1.30866e+06,1.30866e+06,1.30946e+07
0,0,0,6.97527e+08,0,3.35575e+07,-1.30753e+06,1.30753e+06,1.30946e+07
0,0,0,6.97527e+08,0,3.23922e+07,-1.30639e+06,1.30639e+06,1.30946e+07
0,0,0,6.97527e+08,0,3.28165e+07,-1.57535e+06,1.57535e+06,1.30946e+07
0,0,0,6.97527e+08,0,3.28207e+07,-1.57427e+06,1.57427e+06,1.30946e+07
0,0,0,6.97527e+08,0,3.28249e+07,-1.57318e+06,1.57318e+06,1.30946e+07
0,0,0,6.97527e+08,0,3.01184e+07,-1.5721e+06,1.5721e+06,1.30946e+07
0,0,0,6.97527e+08,0,3.04519e+07,-1.78299e+06,1.78299e+06,1.30946e+07
0,0,0,6.97527e+08,0,3.04572e+07,-1.78299e+06,1.78299e+06,1.30946e+07
0,0,0,6.97527e+08,0,3.04626e+07,-1.78299e+06,1.78299e+06,1.30946e+07
0,0,0,6.97527e+08,0,3.04679e+07,-1.78299e+06,1.78299e+06,1.30946e+07
0,0,0,6.97527e+08,4.3122e+07,3.13561e+07,-1.78299e+06,1.78299e+06,1.30946e+07
0,0,0,6.97527e+08,0,3.13614e+07,-1.78299e+06,1.78299e+06,1.30946e+07
0,0,0,6.97527e+08,0,3.13667e+07,-1.78299e+06,1.78299e+06,1.30946e+07
0,0,0,6.97527e+08,0,3.13719e+07,-1.78299e+06,1.78299e+06,1.30946e+07
0,0,0,6.97527e+08,0,3.44804e+07,-1.78299e+06,1.78299e+06,1.30946e+07
0,0,0,6.97527e+08,0,3.38112e+07,-1.34912e+06,1.34912e+06,1.30946e+07
0,0,0,6.97527e+08,0,3.38154e+07,-1.34805e+06,1.34805e+06,1.30946e+07
0,0,0,6.97527e+08,0,3.38196e+07,-1.34698e+06,1.34698e+06,1.30946e+07
0,0,0,6.97527e+08,0,2.95494e+07,-1.3459e+06,1.3459e+06,1.30946e+07
0,0,0,6.97527e+08,0,3.02345e+07,-1.78299e+06,1.78299e+06,1.30946e+07
0,0,0,6.97527e+08,0,3.02395e+07,-1.78299e+06,1.78299e+06,1.30946e+07
0,0,0,6.97527e+08,0,3.02446e+07,-1.78299e+06,1.78299e+06,1.30946e+07
0,0,0,6.97527e+08,0,3.02496e+07,-1.78299e+06,1.78299e+06,1.30946e+07
0,0,0,6.97527e+08,0,3.13141e+07,-1.78299e+06,1.78299e+06,1.30946e+07
0,0,0,6.97527e+08,0,3.13194e+07,-1.78299e+06,1.78299e+06,1.30946e+07
0,0,0,6.97527e+08,0,3.13246e+07,-1.78299e+06,1.78299e+06,1.30946e+07
0,0,0,6.97527e+08,0,3.13299e+07,-1.78299e+06,1.78299e+06,1.30946e+07
0,0,0,6.97527e+08,0,3.09222e+07,-1.78299e+06,1.78299e+06,1.30946e+07
0,0,0,6.97527e+08,0,3.09274e+07,-1.78299e+06,1.78299e+06,1.30946e+07
0,0,0,6.97527e+08,0,3.09326e+07,-1.78299e+06,1.78299e+06,1.30946e+07
0,0,0,6.97527e+08,0,3.09377e+07,-1.78299e+06,1.78299e+06,1.30946e+07
0,0,0,6.97527e+08,0,3.23814e+07,-1.78299e+06,1.78299e+06,1.30946e+07
0,0,0,6.97527e+08,0,3.23426e+07,-1.75455e+06,1.75455e+06,1.30946e+07
0,0,0,6.97527e+08,0,3.23465e+07,-1.75356e+06,1.75356e+06,1.30946e+07
0,0,0,6.97527e+08,0,3.23504e+07,-1.75256e+06,1.75256e+06,1.30946e+07
0,0,0,6.97527e+08,0,3.23543e+07,-1.75156e+06,1.75156e+06,1.30946e+07
0,0,0,6.97527e+08,0,3.26972e+07,-1.75056e+06,1.75056e+06,1.30946e+07
0,0,0,6.97527e+08,0,3.24632e+07,-1.5966e+06,1.5966e+06,1.30946e+07
0,0,0,6.97527e+08,0,3.24671e+07,-1.59557e+06,1.59557e+06,1.30946e+07
0,0,0,6.97527e+08,0,3.2471e+07,-1.59455e+06,1.59455e+06,1.30946e+07
0,0,0,6.97527e+08,0,3.31934e+07,-1.59352e+06,1.59352e+06,1.30946e+07
0,0,0,6.97527e+08,0,3.29852e+07,-1.45607e+06,1.45607e+06,1.30946e+07
0,0,0,6.97527e+08,0,3.29892e+07,-1.45502e+06,1.45502e+06,1.30946e+07
0,0,0,6.97527e+08,0,3.29932e+07,-1.45397e+06,1.45397e+06,1.30946e+07
0,0,0,6.97527e+08,0,3.53814e+07,-1.45291e+06,1.45291e+06,1.30946e+07
0,0,0,6.97527e+08,0,3.46192e+07,-959075,959075,1.30946e+07
0,0,0,6.97527e+08,0,3.46235e+07,-957931,957931,1.30946e+07
0,0,0,6.97527e+08,0,3.46278e+07,-956788,956788,1.30946e+07
0,0,0,6.97527e+08,0,3.46321e+07,-955644,955644,1.30946e+07
0,0,0,6.97527e+08,0,3.32965e+07,-954501,954501,1.30946e+07
0,0,0,6.97527e+08,0,3.37663e+07,-1.25273e+06,1.25273e+06,1.30946e+07
0,0,0,6.97527e+08,0,3.37705e+07,-1.25164e+06,1.25164e+06,1.30946e+07
0,0,0,6.97527e+08,0,3.37747e+07,-1.25056e+06,1.25056e+06,1.30946e+07
0,0,0,6.97527e+08,0,3.25978e+07,-1.24947e+06,1.24947e+06,1.30946e+07
0,0,0,6.97527e+08,0,3.3026e+07,-1.52109e+06,1.52109e+06,1.30946e+07
0,0,0,6.97527e+08,0,3.303e+07,-1.52005e+06,1.52005e+06,1.30946e+07
0,0,0,6.97527e+08,0,3.30341e+07,-1.51901e+06,1.51901e+06,1.30946e+07
0,0,0,6.97527e+08,0,3.03013e+07,-1.51797e+06,1.51797e+06,1.30946e+07
0,0,0,6.97527e+08,0,3.07187e+07,-1.78299e+06,1.78299e+06,1.30946e+07
0,0,0,6.97527e+08,0,3.07239e+07,-1.78299e+06,1.78299e+06,1.30946e+07
0,0,0,6.97527e+08,0,3.0729e+07,-1.78299e+06,1.78299e+06,1.30946e+07
0,0,0,6.97527e+08,0,3.07341e+07,-1.78299e+06,1.78299e+06,1.30946e+07
0,0,0,6.97527e+08,4.3122e+07,2.87488e+07,-4.66481e+06,4.66481e+06,1.48086e+07
0,0,0,6.97527e+08,0,2.87533e+07,-4.66531e+06,4.66531e+06,1.48086e+07
0,0,0,6.97527e+08,0,2.87578e+07,-4.66581e+06,4.66581e+06,1.48086e+07
0,0,0,6.97527e+08,0,2.87624e+07,-4.66632e+06,4.66632e+06,1.48086e+07
0,0,0,6.97527e+08,0,3.47836e+07,-1.78299e+06,1.78299e+06,1.30946e+07
0,0,0,6.97527e+08,0,3.40275e+07,-1.2934e+06,1.2934e+06,1.30946e+07
0,0,0,6.97527e+08,0,3.40315e+07,-1.29237e+06,1.29237e+06,1.30946e+07
0,0,0,6.97527e+08,0,3.40355e+07,-1.29135e+06,1.29135e+06,1.30946e+07
0,0,0,6.97527e+08,0,2.97244e+07,-1.29032e+06,1.29032e+06,1.30946e+07
0,0,0,6.97527e+08,0,3.04958e+07,-1.78299e+06,1.78299e+06,1.30946e+07
0,0,0,6.97527e+08,0,3.05006e+07,-1.78299e+06,1.78299e+06,1.30946e+07
0,0,0,6.97527e+08,0,3.05054e+07,-1.78299e+06,1.78299e+06,1.30946e+07
0,0,0,6.97527e+08,0,3.05103e+07,-1.78299e+06,1.78299e+06,1.30946e+07
0,0,0,6.97527e+08,0,3.15846e+07,-1.78299e+06,1.78299e+06,1.30946e+07
0,0,0,6.97527e+08,0,3.15896e+07,-1.78299e+06,1.78299e+06,1.30946e+07
0,0,0,6.97527e+08,0,3.15946e+07,-1.78299e+06,1.78299e+06,1.30946e+07
0,0,0,6.97527e+08,0,3.15997e+07,-1.78299e+06,1.78299e+06,1.30946e+07
0,0,0,6.97527e+08,0,3.11878e+07,-1.78299e+06,1.78299e+06,1.30946e+07
0,0,0,6.97527e+08,0,3.11928e+07,-1.78299e+06,1.78299e+06,1.30946e+07
0,0,0,6.97527e+08,0,3.11977e+07,-1.78299e+06,1.78299e+06,1.30946e+07
0,0,0,6.97527e+08,0,3.12027e+07,-1.78299e+06,1.78299e+06,1.30946e+07
0,0,0,6.97527e+08,0,3.26597e+07,-1.78299e+06,1.78299e+06,1.30946e+07
0,0,0,6.97527e+08,0,3.25414e+07,-1.70361e+06,1.70361e+06,1.30946e+07
0,0,0,6.97527e+08,0,3.25451e+07,-1.70265e+06,1.70265e+06,1.30946e+07
0,0,0,6.97527e+08,0,3.25488e+07,-1.7017e+06,1.7017e+06,1.30946e+07
0,0,0,6.97527e+08,0,3.25525e+07,-1.70074e+06,1.70074e+06,1.30946e+07
0,0,0,6.97527e+08,0,3.28985e+07,-1.69979e+06,1.69979e+06,1.30946e+07
0,0,0,6.97527e+08,0,3.2662e+07,-1.54444e+06,1.54444e+06,1.30946e+07
0,0,0,6.97527e+08,0,3.26658e+07,-1.54346e+06,1.54346e+06,1.30946e+07
0,0,0,6.97527e+08,0,3.26695e+07,-1.54248e+06,1.54248e+06,1.30946e+07
0,0,0,6.97527e+08,0,3.33984e+07,-1.54149e+06,1.54149e+06,1.30946e+07
0,0,0,6.97527e+08,0,3.3188e+07,-1.40282e+06,1.40282e+06,1.30946e+07
0,0,0,6.97527e+08,0,3.31919e+07,-1.40181e+06,1.40181e+06,1.30946e+07
0,0,0,6.97527e+08,0,3.31957e+07,-1.4008e+06,1.4008e+06,1.30946e+07
0,0,0,6.97527e+08,0,3.56059e+07,-1.3998e+06,1.3998e+06,1.30946e+07
0,0,0,6.97527e+08,0,3.48364e+07,-901435,901435,1.30946e+07
0,0,0,6.97527e+08,0,3.48405e+07,-900341,900341,1.30946e+07
0,0,0,6.97527e+08,0,3.48446e+07,-899247,899247,1.30946e+07
0,0,0,6.97527e+08,0,3.48487e+07,-898154,898154,1.30946e+07
0,0,0,6.97527e+08,0,3.35005e+07,-897060,897060,1.30946e+07
0,0,0,6.97527e+08,0,3.39745e+07,-1.1981e+06,1.1981e+06,1.30946e+07
0,0,0,6.97527e+08,0,3.39785e+07,-1.19706e+06,1.19706e+06,1.30946e+07
0,0,0,6.97527e+08,0,3.39825e+07,-1.19602e+06,1.19602e+06,1.30946e+07
0,0,0,6.97527e+08,0,3.27946e+07,-1.19498e+06,1.19498e+06,1.30946e+07
0,0,0,6.97527e+08,0,3.32265e+07,-1.46915e+06,1.46915e+06,1.30946e+07
0,0,0,6.97527e+08,0,3.32304e+07,-1.46816e+06,1.46816e+06,1.30946e+07
0,0,0,6.97527e+08,0,3.32342e+07,-1.46716e+06,1.46716e+06,1.30946e+07
0,0,0,6.97527e+08,0,3.04762e+07,-1.46617e+06,1.46617e+06,1.30946e+07
0,0,0,6.97527e+08,0,3.09741e+07,-1.78299e+06,1.78299e+06,1.30946e+07
0,0,0,6.97527e+08,0,3.0979e+07,-1.78299e+06,1.78299e+06,1.30946e+07
0,0,0,6.97527e+08,0,2.81666e+07,-4.60022e+06,4.60022e+06,1.48086e+07
0,0,0,6.97527e+08,0,2.81711e+07,-4.60071e+06,4.60071e+06,1.48086e+07
0,0,0,6.97527e+08,0,2.89851e+07,-4.69103e+06,4.69103e+06,1.48086e+07
0,0,0,7.74387e+08,4.3122e+07,2.89894e+07,-4.69151e+06,4.69151e+06,1.48086e+07
0,0,0,7.74387e+08,0,3.19027e+07,-1.78299e+06,1.78299e+06,1.30946e+07
0,0,0,7.74387e+08,0,3.19075e+07,-1.78299e+06,1.78299e+06,1.30946e+07
0,0,0,7.74387e+08,0,3.50736e+07,-1.78299e+06,1.78299e+06,1.30946e+07
0,0,0,7.74387e+08,0,3.42343e+07,-1.24011e+06,1.24011e+06,1.30946e+07
0,0,0,7.74387e+08,0,3.42381e+07,-1.23913e+06,1.23913e+06,1.30946e+07
0,0,0,7.74387e+08,0,3.4242e+07,-1.23815e+06,1.23815e+06,1.30946e+07
0,0,0,7.74387e+08,0,2.98918e+07,-1.23717e+06,1.23717e+06,1.30946e+07
0,0,0,7.74387e+08,0,3.07456e+07,-1.78299e+06,1.78299e+06,1.30946e+07
0,0,0,7.74387e+08,0,3.07502e+07,-1.78299e+06,1.78299e+06,1.30946e+07
0,0,0,7.74387e+08,0,3.07548e+07,-1.78299e+06,1.78299e+06,1.30946e+07
0,0,0,7.74387e+08,0,3.07594e+07,-1.78299e+06,1.78299e+06,1.30946e+07
0,0,0,7.74387e+08,0,3.18431e+07,-1.78299e+06,1.78299e+06,1.30946e+07
0,0,0,7.74387e+08,0,3.18479e+07,-1.78299e+06,1.78299e+06,1.30946e+07
0,0,0,7.74387e+08,0,3.18527e+07,-1.78299e+06,1.78299e+06,1.30946e+07
0,0,0,7.74387e+08,0,3.18575e+07,-1.78299e+06,1.78299e+06,1.30946e+07
0,0,0,7.74387e+08,0,3.14417e+07,-1.78299e+06,1.78299e+06,1.30946e+07
0,0,0,7.74387e+08,0,3.14464e+07,-1.78299e+06,1.78299e+06,1.30946e+07
0,0,0,7.74387e+08,0,3.14512e+07,-1.78299e+06,1.78299e+06,1.30946e+07
0,0,0,7.74387e+08,0,3.14559e+07,-1.78299e+06,1.78299e+06,1.30946e+07
0,0,0,7.74387e+08,0,3.29255e+07,-1.78299e+06,1.78299e+06,1.30946e+07
0,0,0,7.74387e+08,0,3.27313e+07,-1.65492e+06,1.65492e+06,1.30946e+07
0,0,0,7.74387e+08,0,3.27348e+07,-1.65401e+06,1.65401e+06,1.30946e+07
0,0,0,7.74387e+08,0,3.27384e+07,-1.6531e+06,1.6531e+06,1.30946e+07
0,0,0,7.74387e+08,0,3.27419e+07,-1.65219e+06,1.65219e+06,1.30946e+07
0,0,0,7.74387e+08,0,3.30907e+07,-1.65128e+06,1.65128e+06,1.30946e+07
0,0,0,7.74387e+08,0,3.2852e+07,-1.49461e+06,1.49461e+06,1.30946e+07
0,0,0,7.74387e+08,0,3.28556e+07,-1.49368e+06,1.49368e+06,1.30946e+07
0,0,0,7.74387e+08,0,3.28591e+07,-1.49274e+06,1.49274e+06,1.30946e+07
0,0,0,7.74387e+08,0,3.35942e+07,-1.4918e+06,1.4918e+06,1.30946e+07
0,0,0,7.74387e+08,0,3.33818e+07,-1.35196e+06,1.35196e+06,1.30946e+07
0,0,0,7.74387e+08,0,3.33854e+07,-1.351e+06,1.351e+06,1.30946e+07
0,0,0,7.74387e+08,0,3.33891e+07,-1.35004e+06,1.35004e+06,1.30946e+07
0,0,0,7.74387e+08,0,3.58202e+07,-1.34908e+06,1.34908e+06,1.30946e+07
0,0,0,7.74387e+08,0,3.50437e+07,-846399,846399,1.30946e+07
0,0,0,7.74387e+08,0,3.50476e+07,-845356,845356,1.30946e+07
0,0,0,7.74387e+08,0,3.50516e+07,-844312,844312,1.30946e+07
0,0,0,7.74387e+08,0,3.50555e+07,-843269,843269,1.30946e+07
0,0,0,7.74387e+08,0,3.36953e+07,-842225,842225,1.30946e+07
0,0,0,7.74387e+08,0,3.41732e+07,-1.14596e+06,1.14596e+06,1.30946e+07
0,0,0,7.74387e+08,0,3.4177e+07,-1.14496e+06,1.14496e+06,1.30946e+07
0,0,0,7.74387e+08,0,3.41808e+07,-1.14397e+06,1.14397e+06,1.30946e+07
0,0,0,7.74387e+08,0,3.29824e+07,-1.14298e+06,1.14298e+06,1.30946e+07
0,0,0,7.74387e+08,0,3.34179e+07,-1.41959e+06,1.41959e+06,1.30946e+07
0,0,0,7.74387e+08,0,3.34215e+07,-1.41864e+06,1.41864e+06,1.30946e+07
0,0,0,7.74387e+08,0,3.34252e+07,-1.41769e+06,1.41769e+06,1.30946e+07
0,0,0,7.74387e+08,0,3.06431e+07,-1.41674e+06,1.41674e+06,1.30946e+07
0,0,0,7.74387e+08,0,3.12176e+07,-1.78299e+06,1.78299e+06,1.30946e+07
0,0,0,7.74387e+08,0,3.12223e+07,-1.78299e+06,1.78299e+06,1.30946e+07
0,0,0,7.74387e+08,0,3.1227e+07,-1.78299e+06,1.78299e+06,1.30946e+07
0,0,0,7.74387e+08,0,3.12317e+07,-1.78299e+06,1.78299e+06,1.30946e+07
0,0,0,7.74387e+08,0,3.12317e+07,-1.78299e+06,1.78299e+06,1.30946e+07
0,0,0,7.74387e+08,8.1508e+07,3.21435e+07,-1.78299e+06,1.78299e+06,1.30946e+07
0,0,0,7.74387e+08,0,3.21481e+07,-1.78299e+06,1.78299e+06,1.30946e+07
0,0,0,7.74387e+08,0,3.21527e+07,-1.78299e+06,1.78299e+06,1.30946e+07
0,0,0,7.74387e+08,0,3.21573e+07,-1.78299e+06,1.78299e+06,1.30946e+07
0,0,0,7.74387e+08,0,3.53502e+07,-1.78299e+06,1.78299e+06,1.30946e+07
0,0,0,7.74387e+08,0,3.44316e+07,-1.18929e+06,1.18929e+06,1.30946e+07
0,0,0,7.74387e+08,0,3.44352e+07,-1.18836e+06,1.18836e+06,1.30946e+07
0,0,0,7.74387e+08,0,3.44388e+07,-1.18743e+06,1.18743e+06,1.30946e+07
0,0,0,7.74387e+08,0,3.00513e+07,-1.1865e+06,1.1865e+06,1.30946e+07
0,0,0,7.74387e+08,0,3.09838e+07,-1.78299e+06,1.78299e+06,1.30946e+07
0,0,0,7.74387e+08,0,3.09882e+07,-1.78299e+06,1.78299e+06,1.30946e+07
0,0,0,7.74387e+08,0,3.09925e+07,-1.78299e+06,1.78299e+06,1.30946e+07
0,0,0,7.74387e+08,0,3.09969e+07,-1.78299e+06,1.78299e+06,1.30946e+07
0,0,0,7.74387e+08,0,3.20895e+07,-1.78299e+06,1.78299e+06,1.30946e+07
0,0,0,7.74387e+08,0,3.20941e+07,-1.78299e+06,1.78299e+06,1.30946e+07
0,0,0,7.74387e+08,0,3.20987e+07,-1.78299e+06,1.78299e+06,1.30946e+07
0,0,0,7.74387e+08,0,3.21032e+07,-1.78299e+06,1.78299e+06,1.30946e+07
0,0,0,7.74387e+08,0,3.16837e+07,-1.78299e+06,1.78299e+06,1.30946e+07
0,0,0,7.74387e+08,0,3.16882e+07,-1.78299e+06,1.78299e+06,1.30946e+07
0,0,0,7.74387e+08,0,3.16927e+07,-1.78299e+06,1.78299e+06,1.30946e+07
0,0,0,7.74387e+08,0,3.16971e+07,-1.78299e+06,1.78299e+06,1.30946e+07
0,0,0,7.74387e+08,0,3.31789e+07,-1.78299e+06,1.78299e+06,1.30946e+07
0,0,0,7.74387e+08,0,3.29122e+07,-1.60854e+06,1.60854e+06,1.30946e+07
0,0,0,7.74387e+08,0,3.29156e+07,-1.60767e+06,1.60767e+06,1.30946e+07
0,0,0,7.74387e+08,0,3.2919e+07,-1.60681e+06,1.60681e+06,1.30946e+07
0,0,0,7.74387e+08,0,3.29223e+07,-1.60594e+06,1.60594e+06,1.30946e+07
0,0,0,7.74387e+08,0,3.32738e+07,-1.60507e+06,1.60507e+06,1.30946e+07
0,0,0,7.74387e+08,0,3.30329e+07,-1.44715e+06,1.44715e+06,1.30946e+07
0,0,0,7.74387e+08,0,3.30363e+07,-1.44626e+06,1.44626e+06,1.30946e+07
0,0,0,7.74387e+08,0,3.30397e+07,-1.44536e+06,1.44536e+06,1.30946e+07
0,0,0,7.74387e+08,0,3.37807e+07,-1.44447e+06,1.44447e+06,1.30946e+07
0,0,0,7.74387e+08,0,3.35663e+07,-1.30352e+06,1.30352e+06,1.30946e+07
0,0,0,7.74387e+08,0,3.35698e+07,-1.3026e+06,1.3026e+06,1.30946e+07
0,0,0,7.74387e+08,0,3.35733e+07,-1.30169e+06,1.30169e+06,1.30946e+07
0,0,0,7.74387e+08,0,3.60243e+07,-1.30078e+06,1.30078e+06,1.30946e+07
0,0,0,7.74387e+08,0,3.52411e+07,-793992,793992,1.30946e+07
0,0,0,7.74387e+08,0,3.52448e+07,-793000,793000,1.30946e+07
0,0,0,7.74387e+08,0,3.52486e+07,-792008,792008,1.30946e+07
0,0,0,7.74387e+08,0,3.52523e+07,-791015,791015,1.30946e+07
0,0,0,7.74387e+08,0,3.38807e+07,-790022,790022,1.30946e+07
0,0,0,7.74387e+08,0,3.43623e+07,-1.09631e+06,1.09631e+06,1.30946e+07
0,0,0,7.74387e+08,0,3.4366e+07,-1.09537e+06,1.09537e+06,1.30946e+07
0,0,0,7.74387e+08,0,3.43696e+07,-1.09442e+06,1.09442e+06,1.30946e+07
0,0,0,7.74387e+08,0,3.31611e+07,-1.09348e+06,1.09348e+06,1.30946e+07
0,0,0,7.74387e+08,0,3.36e+07,-1.37241e+06,1.37241e+06,1.30946e+07
0,0,0,7.74387e+08,0,3.36034e+07,-1.37151e+06,1.37151e+06,1.30946e+07
0,0,0,7.74387e+08,0,3.36069e+07,-1.37061e+06,1.37061e+06,1.30946e+07
0,0,0,7.74387e+08,0,3.0802e+07,-1.36971e+06,1.36971e+06,1.30946e+07
0,0,0,7.74387e+08,0,3.14494e+07,-1.78299e+06,1.78299e+06,1.30946e+07
0,0,0,7.74387e+08,0,3.14539e+07,-1.78299e+06,1.78299e+06,1.30946e+07
0,0,0,7.74387e+08,0,3.14583e+07,-1.78299e+06,1.78299e+06,1.30946e+07
0,0,0,7.74387e+08,0,3.14628e+07,-1.78299e+06,1.78299e+06,1.30946e+07
0,0,0,7.83994e+08,8.1508e+07,3.23818e+07,-1.78299e+06,1.78299e+06,1.30946e+07
0,0,0,7.83994e+08,0,3.23799e+07,-1.77901e+06,1.77901e+06,1.30946e+07
0,0,0,7.83994e+08,0,3.2383e+07,-1.77822e+06,1.77822e+06,1.30946e+07
0,0,0,7.83994e+08,0,3.23861e+07,-1.77743e+06,1.77743e+06,1.30946e+07
0,0,0,7.83994e+08,0,3.56033e+07,-1.77664e+06,1.77664e+06,1.30946e+07
0,0,0,7.83994e+08,0,3.46191e+07,-1.14096e+06,1.14096e+06,1.30946e+07
0,0,0,7.83994e+08,0,3.46226e+07,-1.14007e+06,1.14007e+06,1.30946e+07
0,0,0,7.83994e+08,0,3.4626e+07,-1.13919e+06,1.13919e+06,1.30946e+07
0,0,0,7.83994e+08,0,3.02031e+07,-1.13831e+06,1.13831e+06,1.30946e+07
0,0,0,7.83994e+08,0,3.12102e+07,-1.78299e+06,1.78299e+06,1.30946e+07
0,0,0,7.83994e+08,0,3.12144e+07,-1.78299e+06,1.78299e+06,1.30946e+07
0,0,0,7.83994e+08,0,3.12185e+07,-1.78299e+06,1.78299e+06,1.30946e+07
0,0,0,7.83994e+08,0,3.12227e+07,-1.78299e+06,1.78299e+06,1.30946e+07
0,0,0,7.83994e+08,0,3.23238e+07,-1.78299e+06,1.78299e+06,1.30946e+07
0,0,0,7.83994e+08,0,3.23195e+07,-1.77744e+06,1.77744e+06,1.30946e+07
0,0,0,7.83994e+08,0,3.23226e+07,-1.77665e+06,1.77665e+06,1.30946e+07
0,0,0,7.83994e+08,0,3.23257e+07,-1.77586e+06,1.77586e+06,1.30946e+07
0,0,0,7.83994e+08,0,3.19013e+07,-1.77507e+06,1.77507e+06,1.30946e+07
0,0,0,7.83994e+08,0,3.19178e+07,-1.78299e+06,1.78299e+06,1.30946e+07
0,0,0,7.83994e+08,0,3.19221e+07,-1.78299e+06,1.78299e+06,1.30946e+07
0,0,0,7.83994e+08,0,3.19264e+07,-1.78299e+06,1.78299e+06,1.30946e+07
0,0,0,7.83994e+08,0,3.34196e+07,-1.78299e+06,1.78299e+06,1.30946e+07
0,0,0,7.83994e+08,0,3.30841e+07,-1.56447e+06,1.56447e+06,1.30946e+07
0,0,0,7.83994e+08,0,3.30873e+07,-1.56365e+06,1.56365e+06,1.30946e+07
0,0,0,7.83994e+08,0,3.30905e+07,-1.56283e+06,1.56283e+06,1.30946e+07
0,0,0,7.83994e+08,0,3.30937e+07,-1.56201e+06,1.56201e+06,1.30946e+07
0,0,0,7.83994e+08,0,3.34477e+07,-1.56119e+06,1.56119e+06,1.30946e+07
0,0,0,7.83994e+08,0,3.32047e+07,-1.40207e+06,1.40207e+06,1.30946e+07
0,0,0,7.83994e+08,0,3.32079e+07,-1.40122e+06,1.40122e+06,1.30946e+07
0,0,0,7.83994e+08,0,3.32112e+07,-1.40038e+06,1.40038e+06,1.30946e+07
0,0,0,7.83994e+08,0,3.39578e+07,-1.39953e+06,1.39953e+06,1.30946e+07
0,0,0,7.83994e+08,0,3.37415e+07,-1.25753e+06,1.25753e+06,1.30946e+07
0,0,0,7.83994e+08,0,3.37448e+07,-1.25666e+06,1.25666e+06,1.30946e+07
0,0,0,7.83994e+08,0,3.37481e+07,-1.25579e+06,1.25579e+06,1.30946e+07
0,0,0,7.83994e+08,0,3.6218e+07,-1.25493e+06,1.25493e+06,1.30946e+07
0,0,0,7.83994e+08,0,3.54285e+07,-744246,744246,1.30946e+07
0,0,0,7.83994e+08,0,3.5432e+07,-743305,743305,1.30946e+07
0,0,0,7.83994e+08,0,3.54356e+07,-742365,742365,1.30946e+07
0,0,0,7.83994e+08,0,3.54391e+07,-741424,741424,1.30946e+07
0,0,0,7.83994e+08,0,3.40567e+07,-740482,740482,1.30946e+07
0,0,0,7.83994e+08,0,3.45418e+07,-1.04921e+06,1.04921e+06,1.30946e+07
0,0,0,7.83994e+08,0,3.45452e+07,-1.04831e+06,1.04831e+06,1.30946e+07
0,0,0,7.83994e+08,0,3.45486e+07,-1.04741e+06,1.04741e+06,1.30946e+07
0,0,0,7.83994e+08,0,3.33306e+07,-1.04652e+06,1.04652e+06,1.30946e+07
0,0,0,7.83994e+08,0,3.37727e+07,-1.32766e+06,1.32766e+06,1.30946e+07
0,0,0,7.83994e+08,0,3.3776e+07,-1.3268e+06,1.3268e+06,1.30946e+07
0,0,0,7.83994e+08,0,3.37793e+07,-1.32595e+06,1.32595e+06,1.30946e+07
0,0,0,7.83994e+08,0,3.09526e+07,-1.32509e+06,1.32509e+06,1.30946e+07
0,0,0,7.83994e+08,0,3.16692e+07,-1.78299e+06,1.78299e+06,1.30946e+07
0,0,0,7.83994e+08,0,3.16735e+07,-1.78299e+06,1.78299e+06,1.30946e+07
0,0,0,7.83994e+08,0,3.16777e+07,-1.78299e+06,1.78299e+06,1.30946e+07
0,0,0,7.83994e+08,0,3.16819e+07,-1.78299e+06,1.78299e+06,1.30946e+07
0,0,0,7.83994e+08,8.1508e+07,3.26076e+07,-1.78299e+06,1.78299e+06,1.30946e+07
0,0,0,7.83994e+08,0,3.25415e+07,-1.73784e+06,1.73784e+06,1.30946e+07
0,0,0,7.83994e+08,0,3.25444e+07,-1.7371e+06,1.7371e+06,1.30946e+07
0,0,0,7.83994e+08,0,3.25474e+07,-1.73635e+06,1.73635e+06,1.30946e+07
0,0,0,7.83994e+08,0,3.57888e+07,-1.73561e+06,1.73561e+06,1.30946e+07
0,0,0,7.83994e+08,0,3.47969e+07,-1.09515e+06,1.09515e+06,1.30946e+07
0,0,0,7.83994e+08,0,3.48001e+07,-1.09432e+06,1.09432e+06,1.30946e+07
0,0,0,7.83994e+08,0,3.48034e+07,-1.09348e+06,1.09348e+06,1.30946e+07
0,0,0,7.83994e+08,0,3.03468e+07,-1.09265e+06,1.09265e+06,1.30946e+07
0,0,0,7.83994e+08,0,3.14247e+07,-1.78299e+06,1.78299e+06,1.30946e+07
0,0,0,7.83994e+08,0,3.14287e+07,-1.78299e+06,1.78299e+06,1.30946e+07
0,0,0,7.83994e+08,0,3.14326e+07,-1.78299e+06,1.78299e+06,1.30946e+07
0,0,0,7.83994e+08,0,3.14365e+07,-1.78299e+06,1.78299e+06,1.30946e+07
0,0,0,7.83994e+08,0,3.25456e+07,-1.78299e+06,1.78299e+06,1.30946e+07
0,0,0,7.83994e+08,0,3.2478e+07,-1.73692e+06,1.73692e+06,1.30946e+07
0,0,0,7.83994e+08,0,2.95069e+07,-4.71019e+06,4.71019e+06,1.48086e+07
0,0,0,7.83994e+08,0,3.24839e+07,-1.73543e+06,1.73543e+06,1.30946e+07
0,0,0,7.83994e+08,0,2.91243e+07,-4.6665e+06,4.6665e+06,1.48086e+07
0,0,0,7.83994e+08,0,3.21353e+07,-1.78299e+06,1.78299e+06,1.30946e+07
0,0,0,7.83994e+08,0,2.92067e+07,-4.71561e+06,4.71561e+06,1.48086e+07
0,0,0,7.83994e+08,0,2.92103e+07,-4.71601e+06,4.71601e+06,1.48086e+07
0,0,0,7.83994e+08,0,3.30307e+07,-2.39963e+06,2.39963e+06,1.30946e+07
0,0,0,7.83994e+08,0,3.32467e+07,-1.52277e+06,1.52277e+06,1.30946e+07
0,0,0,7.83994e+08,0,3.32497e+07,-1.52199e+06,1.52199e+06,1.30946e+07
0,0,0,7.83994e+08,0,3.32527e+07,-1.52122e+06,1.52122e+06,1.30946e+07
0,0,0,7.83994e+08,0,3.32558e+07,-1.52044e+06,1.52044e+06,1.30946e+07
0,0,0,7.83994e+08,0,3.36122e+07,-1.51967e+06,1.51967e+06,1.30946e+07
0,0,0,7.83994e+08,0,3.33672e+07,-1.35943e+06,1.35943e+06,1.30946e+07
0,0,0,7.83994e+08,0,3.33703e+07,-1.35863e+06,1.35863e+06,1.30946e+07
0,0,0,7.83994e+08,0,3.33733e+07,-1.35783e+06,1.35783e+06,1.30946e+07
0,0,0,7.83994e+08,0,3.41252e+07,-1.35703e+06,1.35703e+06,1.30946e+07
0,0,0,7.83994e+08,0,3.39071e+07,-1.21404e+06,1.21404e+06,1.30946e+07
0,0,0,7.83994e+08,0,3.39102e+07,-1.21322e+06,1.21322e+06,1.30946e+07
0,0,0,7.83994e+08,0,3.39133e+07,-1.2124e+06,1.2124e+06,1.30946e+07
0,0,0,7.83994e+08,0,3.64011e+07,-1.21159e+06,1.21159e+06,1.30946e+07
0,0,0,7.83994e+08,0,3.56055e+07,-697228,697228,1.30946e+07
0,0,0,7.83994e+08,0,3.56089e+07,-696340,696340,1.30946e+07
0,0,0,7.83994e+08,0,3.56122e+07,-695452,695452,1.30946e+07
0,0,0,7.83994e+08,0,3.56156e+07,-694565,694565,1.30946e+07
0,0,0,7.83994e+08,0,3.42229e+07,-693676,693676,1.30946e+07
0,0,0,7.83994e+08,0,3.47113e+07,-1.0047e+06,1.0047e+06,1.30946e+07
0,0,0,7.83994e+08,0,3.47145e+07,-1.00386e+06,1.00386e+06,1.30946e+07
0,0,0,7.83994e+08,0,3.47178e+07,-1.00301e+06,1.00301e+06,1.30946e+07
0,0,0,7.83994e+08,0,3.34908e+07,-1.00217e+06,1.00217e+06,1.30946e+07
0,0,0,7.83994e+08,0,3.39358e+07,-1.2854e+06,1.2854e+06,1.30946e+07
0,0,0,7.83994e+08,0,3.39389e+07,-1.28459e+06,1.28459e+06,1.30946e+07
0,0,0,7.83994e+08,0,3.3942e+07,-1.28378e+06,1.28378e+06,1.30946e+07
0,0,0,7.83994e+08,0,3.10948e+07,-1.28298e+06,1.28298e+06,1.30946e+07
0,0,0,7.83994e+08,0,3.18767e+07,-1.78299e+06,1.78299e+06,1.30946e+07
0,0,0,7.83994e+08,0,3.18807e+07,-1.78299e+06,1.78299e+06,1.30946e+07
0,0,0,7.83994e+08,0,2.89775e+07,-4.69018e+06,4.69018e+06,1.48086e+07
0,0,0,7.83994e+08,0,2.89811e+07,-4.69058e+06,4.69058e+06,1.48086e+07
0,0,0,7.83994e+08,4.3122e+07,2.98201e+07,-4.78366e+06,4.78366e+06,1.48086e+07
0,0,0,7.83994e+08,0,2.96929e+07,-4.70006e+06,4.70006e+06,1.48086e+07
0,0,0,7.83994e+08,0,2.96952e+07,-4.69975e+06,4.69975e+06,1.48086e+07
0,0,0,7.83994e+08,0,3.26994e+07,-1.6976e+06,1.6976e+06,1.30946e+07
0,0,0,7.83994e+08,0,3.59637e+07,-1.6969e+06,1.6969e+06,1.30946e+07
0,0,0,7.83994e+08,0,3.49645e+07,-1.05194e+06,1.05194e+06,1.30946e+07
0,0,0,7.83994e+08,0,3.49676e+07,-1.05116e+06,1.05116e+06,1.30946e+07
0,0,0,7.83994e+08,0,3.49706e+07,-1.05037e+06,1.05037e+06,1.30946e+07
0,0,0,7.83994e+08,0,3.04823e+07,-1.04959e+06,1.04959e+06,1.30946e+07
0,0,0,7.83994e+08,0,3.1627e+07,-1.78299e+06,1.78299e+06,1.30946e+07
0,0,0,7.83994e+08,0,3.16307e+07,-1.78299e+06,1.78299e+06,1.30946e+07
0,0,0,7.83994e+08,0,3.16344e+07,-1.78299e+06,1.78299e+06,1.30946e+07
0,0,0,7.83994e+08,0,3.10616e+07,-2.3595e+06,2.3595e+06,1.30946e+07
0,0,0,7.83994e+08,0,2.97606e+07,-4.77707e+06,4.77707e+06,1.48086e+07
0,0,0,7.83994e+08,0,2.9633e+07,-4.69319e+06,4.69319e+06,1.48086e+07
0,0,0,7.83994e+08,0,3.26302e+07,-1.69802e+06,1.69802e+06,1.30946e+07
0,0,0,7.83994e+08,0,3.26329e+07,-1.69732e+06,1.69732e+06,1.30946e+07
0,0,0,7.83994e+08,0,3.2202e+07,-1.69662e+06,1.69662e+06,1.30946e+07
0,0,0,7.83994e+08,0,3.23327e+07,-1.77821e+06,1.77821e+06,1.30946e+07
0,0,0,7.83994e+08,0,3.23354e+07,-1.77752e+06,1.77752e+06,1.30946e+07
0,0,0,7.83994e+08,0,3.23381e+07,-1.77683e+06,1.77683e+06,1.30946e+07
0,0,0,7.83994e+08,0,3.38512e+07,-1.77613e+06,1.77613e+06,1.30946e+07
0,0,0,7.83994e+08,0,3.33999e+07,-1.48349e+06,1.48349e+06,1.30946e+07
0,0,0,7.83994e+08,0,3.34027e+07,-1.48276e+06,1.48276e+06,1.30946e+07
0,0,0,7.83994e+08,0,3.34056e+07,-1.48203e+06,1.48203e+06,1.30946e+07
0,0,0,7.83994e+08,0,3.34084e+07,-1.4813e+06,1.4813e+06,1.30946e+07
0,0,0,7.83994e+08,0,3.37671e+07,-1.48057e+06,1.48057e+06,1.30946e+07
0,0,0,7.83994e+08,0,3.35202e+07,-1.31928e+06,1.31928e+06,1.30946e+07
0,0,0,7.83994e+08,0,3.35231e+07,-1.31853e+06,1.31853e+06,1.30946e+07
0,0,0,7.83994e+08,0,3.35259e+07,-1.31778e+06,1.31778e+06,1.30946e+07
0,0,0,7.83994e+08,0,3.42827e+07,-1.31703e+06,1.31703e+06,1.30946e+07
0,0,0,7.83994e+08,0,3.40629e+07,-1.17311e+06,1.17311e+06,1.30946e+07
0,0,0,7.83994e+08,0,3.40659e+07,-1.17234e+06,1.17234e+06,1.30946e+07
0,0,0,7.83994e+08,0,3.40688e+07,-1.17157e+06,1.17157e+06,1.30946e+07
0,0,0,7.83994e+08,0,3.65733e+07,-1.1708e+06,1.1708e+06,1.30946e+07
0,0,0,7.83994e+08,0,3.57721e+07,-652985,652985,1.30946e+07
0,0,0,7.83994e+08,0,3.57753e+07,-652151,652151,1.30946e+07
0,0,0,7.83994e+08,0,3.57784e+07,-651317,651317,1.30946e+07
0,0,0,7.83994e+08,0,3.57816e+07,-650483,650483,1.30946e+07
0,0,0,7.83994e+08,0,3.43792e+07,-649648,649648,1.30946e+07
0,0,0,7.83994e+08,0,3.48707e+07,-962845,962845,1.30946e+07
0,0,0,7.83994e+08,0,3.48738e+07,-962050,962050,1.30946e+07
0,0,0,7.83994e+08,0,3.48768e+07,-961255,961255,1.30946e+07
0,0,0,7.83994e+08,0,3.36413e+07,-960461,960461,1.30946e+07
0,0,0,7.83994e+08,0,3.40891e+07,-1.24566e+06,1.24566e+06,1.30946e+07
0,0,0,7.83994e+08,0,3.40921e+07,-1.2449e+06,1.2449e+06,1.30946e+07
0,0,0,7.83994e+08,0,3.4095e+07,-1.24414e+06,1.24414e+06,1.30946e+07
0,0,0,7.83994e+08,0,3.12284e+07,-1.24338e+06,1.24338e+06,1.30946e+07
0,0,0,7.83994e+08,0,3.20717e+07,-1.78299e+06,1.78299e+06,1.30946e+07
0,0,0,7.83994e+08,0,3.20755e+07,-1.78299e+06,1.78299e+06,1.30946e+07
0,0,0,7.83994e+08,0,3.20792e+07,-1.78299e+06,1.78299e+06,1.30946e+07
0,0,0,7.83994e+08,0,3.20829e+07,-1.78299e+06,1.78299e+06,1.30946e+07
0,0,0,7.83994e+08,0,3.3021e+07,-1.78299e+06,1.78299e+06,1.30946e+07
0,0,0,7.83994e+08,9.21265e+06,3.30246e+07,-1.78299e+06,1.78299e+06,1.30946e+07
0,0,0,7.83994e+08,0,3.30282e+07,-1.78299e+06,1.78299e+06,1.30946e+07
0,0,0,7.83994e+08,0,3.30318e+07,-1.78299e+06,1.78299e+06,1.30946e+07
0,0,0,7.83994e+08,0,3.63185e+07,-1.78299e+06,1.78299e+06,1.30946e+07
0,0,0,7.83994e+08,0,3.63225e+07,-1.78299e+06,1.78299e+06,1.30946e+07
0,0,0,7.83994e+08,0,3.63265e+07,-1.78299e+06,1.78299e+06,1.30946e+07
0,0,0,7.83994e+08,0,3.63305e+07,-1.78299e+06,1.78299e+06,1.30946e+07
0,0,0,7.83994e+08,0,3.12335e+07,-2.363e+06,2.363e+06,1.30946e+07
0,0,0,7.83994e+08,0,2.89165e+07,-4.68342e+06,4.68342e+06,1.48086e+07
0,0,0,7.83994e+08,0,2.89197e+07,-4.68377e+06,4.68377e+06,1.48086e+07
0,0,0,7.83994e+08,0,2.89228e+07,-4.68411e+06,4.68411e+06,1.48086e+07
0,0,0,7.83994e+08,0,2.89259e+07,-4.68446e+06,4.68446e+06,1.48086e+07
0,0,0,7.83994e+08,0,2.99373e+07,-4.79667e+06,4.79667e+06,1.48086e+07
0,0,0,7.83994e+08,0,2.99405e+07,-4.79703e+06,4.79703e+06,1.48086e+07
0,0,0,7.83994e+08,0,2.99438e+07,-4.79739e+06,4.79739e+06,1.48086e+07
0,0,0,7.83994e+08,0,3.29618e+07,-1.78299e+06,1.78299e+06,1.30946e+07
0,0,0,7.83994e+08,0,3.25289e+07,-1.78299e+06,1.78299e+06,1.30946e+07
0,0,0,7.83994e+08,0,3.25324e+07,-1.78299e+06,1.78299e+06,1.30946e+07
0,0,0,7.83994e+08,0,2.95637e+07,-4.75522e+06,4.75522e+06,1.48086e+07
0,0,0,7.83994e+08,0,2.95669e+07,-4.75558e+06,4.75558e+06,1.48086e+07
0,0,0,7.83994e+08,0,3.09385e+07,-4.90775e+06,4.90775e+06,1.48086e+07
0,0,0,7.83994e+08,0,3.34419e+07,-2.40801e+06,2.40801e+06,1.30946e+07
0,0,0,7.83994e+08,0,3.40707e+07,-1.78299e+06,1.78299e+06,1.30946e+07
0,0,0,7.83994e+08,0,3.40744e+07,-1.78299e+06,1.78299e+06,1.30946e+07
0,0,0,7.83994e+08,0,3.40781e+07,-1.78299e+06,1.78299e+06,1.30946e+07
0,0,0,7.83994e+08,0,3.444e+07,-1.78299e+06,1.78299e+06,1.30946e+07
0,0,0,7.83994e+08,0,3.44438e+07,-1.78299e+06,1.78299e+06,1.30946e+07
0,0,0,7.83994e+08,0,3.44476e+07,-1.78299e+06,1.78299e+06,1.30946e+07
0,0,0,7.83994e+08,0,3.44513e+07,-1.78299e+06,1.78299e+06,1.30946e+07
0,0,0,7.83994e+08,0,3.52139e+07,-1.78299e+06,1.78299e+06,1.30946e+07
0,0,0,7.83994e+08,0,3.52177e+07,-1.78299e+06,1.78299e+06,1.30946e+07
0,0,0,7.83994e+08,0,3.52216e+07,-1.78299e+06,1.78299e+06,1.30946e+07
0,0,0,7.83994e+08,0,3.52255e+07,-1.78299e+06,1.78299e+06,1.30946e+07
0,0,0,7.83994e+08,0,3.77468e+07,-1.78299e+06,1.78299e+06,1.30946e+07
0,0,0,7.83994e+08,0,3.75789e+07,-1.67237e+06,1.67237e+06,1.30946e+07
0,0,0,7.83994e+08,0,3.75819e+07,-1.67159e+06,1.67159e+06,1.30946e+07
0,0,0,7.83994e+08,0,3.75848e+07,-1.67081e+06,1.67081e+06,1.30946e+07
0,0,0,7.83994e+08,0,3.75878e+07,-1.67003e+06,1.67003e+06,1.30946e+07
0,0,0,7.83994e+08,0,3.61763e+07,-1.66924e+06,1.66924e+06,1.30946e+07
0,0,0,7.83994e+08,0,3.63573e+07,-1.78299e+06,1.78299e+06,1.30946e+07
0,0,0,7.83994e+08,0,3.63612e+07,-1.78299e+06,1.78299e+06,1.30946e+07
0,0,0,7.83994e+08,0,3.30106e+07,-5.13764e+06,5.13764e+06,1.48086e+07
0,0,0,7.83994e+08,0,3.18923e+07,-5.01358e+06,5.01358e+06,1.48086e+07
0,0,0,7.83994e+08,0,3.18958e+07,-5.01396e+06,5.01396e+06,1.48086e+07
0,0,0,7.83994e+08,0,3.18993e+07,-5.01435e+06,5.01435e+06,1.48086e+07
0,0,0,7.83994e+08,0,3.19027e+07,-5.01473e+06,5.01473e+06,1.48086e+07
0,0,0,7.83994e+08,0,2.93072e+07,-4.72676e+06,4.72676e+06,1.48086e+07
0,0,0,7.83994e+08,0,2.93103e+07,-4.72711e+06,4.72711e+06,1.48086e+07
0,0,0,7.83994e+08,0,2.93135e+07,-4.72746e+06,4.72746e+06,1.48086e+07
0,0,0,7.83994e+08,0,2.93166e+07,-4.72781e+06,4.72781e+06,1.48086e+07
0,0,0,7.83994e+08,0,2.93198e+07,-4.72816e+06,4.72816e+06,1.48086e+07
0,0,0,7.83994e+08,0,3.01691e+07,-4.82239e+06,4.82239e+06,1.48086e+07
0,0,0,7.83994e+08,9.21265e+06,3.01722e+07,-4.82273e+06,4.82273e+06,1.48086e+07
0,0,0,7.83994e+08,0,3.01752e+07,-4.82306e+06,4.82306e+06,1.48086e+07
0,0,0,7.83994e+08,0,3.01782e+07,-4.8234e+06,4.8234e+06,1.48086e+07
0,0,0,7.83994e+08,0,3.31547e+07,-5.15363e+06,5.15363e+06,1.48086e+07
0,0,0,7.83994e+08,0,3.31581e+07,-5.15401e+06,5.15401e+06,1.48086e+07
0,0,0,7.83994e+08,0,3.31614e+07,-5.15438e+06,5.15438e+06,1.48086e+07
0,0,0,7.83994e+08,0,3.31648e+07,-5.15475e+06,5.15475e+06,1.48086e+07
0,0,0,7.83994e+08,0,2.90737e+07,-4.70086e+06,4.70086e+06,1.48086e+07
0,0,0,7.83994e+08,0,2.90766e+07,-4.70118e+06,4.70118e+06,1.48086e+07
0,0,0,7.83994e+08,0,3.19981e+07,-1.78299e+06,1.78299e+06,1.30946e+07
0,0,0,7.83994e+08,0,3.14175e+07,-2.36675e+06,2.36675e+06,1.30946e+07
0,0,0,7.83994e+08,0,2.90854e+07,-4.70215e+06,4.70215e+06,1.48086e+07
0,0,0,7.83994e+08,0,3.01027e+07,-4.81502e+06,4.81502e+06,1.48086e+07
0,0,0,7.83994e+08,0,3.01057e+07,-4.81536e+06,4.81536e+06,1.48086e+07
0,0,0,7.83994e+08,0,3.01088e+07,-4.81569e+06,4.81569e+06,1.48086e+07
0,0,0,7.83994e+08,0,3.01118e+07,-4.81603e+06,4.81603e+06,1.48086e+07
0,0,0,7.83994e+08,0,2.97195e+07,-4.77251e+06,4.77251e+06,1.48086e+07
0,0,0,7.83994e+08,0,3.21143e+07,-2.38096e+06,2.38096e+06,1.30946e+07
0,0,0,7.83994e+08,0,3.27156e+07,-1.78299e+06,1.78299e+06,1.30946e+07
0,0,0,7.83994e+08,0,3.27189e+07,-1.78299e+06,1.78299e+06,1.30946e+07
0,0,0,7.83994e+08,0,3.42516e+07,-1.78299e+06,1.78299e+06,1.30946e+07
0,0,0,7.83994e+08,0,3.4255e+07,-1.78299e+06,1.78299e+06,1.30946e+07
0,0,0,7.83994e+08,0,3.42585e+07,-1.78299e+06,1.78299e+06,1.30946e+07
0,0,0,7.83994e+08,0,3.4262e+07,-1.78299e+06,1.78299e+06,1.30946e+07
0,0,0,7.83994e+08,0,3.42655e+07,-1.78299e+06,1.78299e+06,1.30946e+07
0,0,0,7.83994e+08,0,3.46293e+07,-1.78299e+06,1.78299e+06,1.30946e+07
0,0,0,7.83994e+08,0,3.46328e+07,-1.78299e+06,1.78299e+06,1.30946e+07
0,0,0,7.83994e+08,0,3.46363e+07,-1.78299e+06,1.78299e+06,1.30946e+07
0,0,0,7.83994e+08,0,3.46398e+07,-1.78299e+06,1.78299e+06,1.30946e+07
0,0,0,7.83994e+08,0,3.54066e+07,-1.78299e+06,1.78299e+06,1.30946e+07
0,0,0,7.83994e+08,0,3.54102e+07,-1.78299e+06,1.78299e+06,1.30946e+07
0,0,0,7.83994e+08,0,3.54138e+07,-1.78299e+06,1.78299e+06,1.30946e+07
0,0,0,7.83994e+08,0,3.54174e+07,-1.78299e+06,1.78299e+06,1.30946e+07
0,0,0,7.83994e+08,0,3.79535e+07,-1.78299e+06,1.78299e+06,1.30946e+07
0,0,0,7.83994e+08,0,3.77249e+07,-1.63359e+06,1.63359e+06,1.30946e+07
0,0,0,7.83994e+08,0,3.77277e+07,-1.63286e+06,1.63286e+06,1.30946e+07
0,0,0,7.83994e+08,0,3.77304e+07,-1.63213e+06,1.63213e+06,1.30946e+07
0,0,0,7.83994e+08,0,3.77332e+07,-1.6314e+06,1.6314e+06,1.30946e+07
0,0,0,7.83994e+08,0,3.63132e+07,-1.63068e+06,1.63068e+06,1.30946e+07
0,0,0,7.83994e+08,0,3.65539e+07,-1.78299e+06,1.78299e+06,1.30946e+07
0,0,0,7.83994e+08,0,3.65576e+07,-1.78299e+06,1.78299e+06,1.30946e+07
0,0,0,7.83994e+08,0,3.65614e+07,-1.78299e+06,1.78299e+06,1.30946e+07
0,0,0,7.83994e+08,0,3.53115e+07,-1.78299e+06,1.78299e+06,1.30946e+07
0,0,0,7.83994e+08,0,3.53151e+07,-1.78299e+06,1.78299e+06,1.30946e+07
0,0,0,7.83994e+08,0,3.53187e+07,-1.78299e+06,1.78299e+06,1.30946e+07
0,0,0,7.83994e+08,0,3.53223e+07,-1.78299e+06,1.78299e+06,1.30946e+07
0,0,0,7.83994e+08,0,3.24218e+07,-1.78299e+06,1.78299e+06,1.30946e+07
0,0,0,7.83994e+08,0,3.2425e+07,-1.78299e+06,1.78299e+06,1.30946e+07
0,0,0,7.83994e+08,0,3.24283e+07,-1.78299e+06,1.78299e+06,1.30946e+07
0,0,0,7.83994e+08,0,3.24316e+07,-1.78299e+06,1.78299e+06,1.30946e+07
0,0,0,7.83994e+08,0,3.24349e+07,-1.78299e+06,1.78299e+06,1.30946e+07
0,0,0,7.83994e+08,0,3.24349e+07,-1.78299e+06,1.78299e+06,1.30946e+07
0,0,0,7.83994e+08,1.15158e+06,3.33836e+07,-1.78299e+06,1.78299e+06,1.30946e+07
0,0,0,7.83994e+08,0,3.33867e+07,-1.78299e+06,1.78299e+06,1.30946e+07
0,0,0,7.83994e+08,0,3.33899e+07,-1.78299e+06,1.78299e+06,1.30946e+07
0,0,0,7.83994e+08,0,3.27814e+07,-2.39455e+06,2.39455e+06,1.30946e+07
0,0,0,7.83994e+08,0,3.67184e+07,-1.78299e+06,1.78299e+06,1.30946e+07
0,0,0,7.83994e+08,0,3.67218e+07,-1.78299e+06,1.78299e+06,1.30946e+07
0,0,0,7.83994e+08,0,3.67253e+07,-1.78299e+06,1.78299e+06,1.30946e+07
0,0,0,7.83994e+08,0,3.67288e+07,-1.78299e+06,1.78299e+06,1.30946e+07
0,0,0,7.83994e+08,0,3.21577e+07,-1.78299e+06,1.78299e+06,1.30946e+07
0,0,0,7.83994e+08,0,3.21607e+07,-1.78299e+06,1.78299e+06,1.30946e+07
0,0,0,7.83994e+08,0,3.21637e+07,-1.78299e+06,1.78299e+06,1.30946e+07
0,0,0,7.83994e+08,0,3.21667e+07,-1.78299e+06,1.78299e+06,1.30946e+07
0,0,0,7.83994e+08,0,3.21697e+07,-1.78299e+06,1.78299e+06,1.30946e+07
0,0,0,7.83994e+08,0,3.3306e+07,-1.78299e+06,1.78299e+06,1.30946e+07
0,0,0,7.83994e+08,0,3.33092e+07,-1.78299e+06,1.78299e+06,1.30946e+07
0,0,0,7.83994e+08,0,3.33123e+07,-1.78299e+06,1.78299e+06,1.30946e+07
0,0,0,7.83994e+08,0,3.33154e+07,-1.78299e+06,1.78299e+06,1.30946e+07
0,0,0,7.83994e+08,0,3.28769e+07,-1.78299e+06,1.78299e+06,1.30946e+07
0,0,0,7.83994e+08,0,3.288e+07,-1.78299e+06,1.78299e+06,1.30946e+07
0,0,0,7.83994e+08,0,3.2883e+07,-1.78299e+06,1.78299e+06,1.30946e+07
0,0,0,7.83994e+08,0,3.28861e+07,-1.78299e+06,1.78299e+06,1.30946e+07
0,0,0,7.83994e+08,0,3.4427e+07,-1.78299e+06,1.78299e+06,1.30946e+07
0,0,0,7.83994e+08,0,3.44303e+07,-1.78299e+06,1.78299e+06,1.30946e+07
0,0,0,7.83994e+08,0,3.44335e+07,-1.78299e+06,1.78299e+06,1.30946e+07
0,0,0,7.83994e+08,0,3.44367e+07,-1.78299e+06,1.78299e+06,1.30946e+07
0,0,0,7.83994e+08,0,3.444e+07,-1.78299e+06,1.78299e+06,1.30946e+07
0,0,0,7.83994e+08,0,3.48055e+07,-1.78299e+06,1.78299e+06,1.30946e+07
0,0,0,7.83994e+08,0,3.48088e+07,-1.78299e+06,1.78299e+06,1.30946e+07
0,0,0,7.83994e+08,0,3.4812e+07,-1.78299e+06,1.78299e+06,1.30946e+07
0,0,0,7.83994e+08,0,3.48153e+07,-1.78299e+06,1.78299e+06,1.30946e+07
0,0,0,7.83994e+08,0,3.5586e+07,-1.78299e+06,1.78299e+06,1.30946e+07
0,0,0,7.83994e+08,0,3.55894e+07,-1.78299e+06,1.78299e+06,1.30946e+07
0,0,0,7.83994e+08,0,3.55927e+07,-1.78299e+06,1.78299e+06,1.30946e+07
0,0,0,7.83994e+08,0,3.55961e+07,-1.78299e+06,1.78299e+06,1.30946e+07
0,0,0,7.83994e+08,0,3.81457e+07,-1.78299e+06,1.78299e+06,1.30946e+07
0,0,0,7.83994e+08,0,3.78607e+07,-1.59752e+06,1.59752e+06,1.30946e+07
0,0,0,7.83994e+08,0,3.78633e+07,-1.59684e+06,1.59684e+06,1.30946e+07
0,0,0,7.83994e+08,0,3.78658e+07,-1.59616e+06,1.59616e+06,1.30946e+07
0,0,0,7.83994e+08,0,3.78684e+07,-1.59548e+06,1.59548e+06,1.30946e+07
0,0,0,7.83994e+08,0,3.64405e+07,-1.59481e+06,1.59481e+06,1.30946e+07
0,0,0,7.83994e+08,0,3.67368e+07,-1.78299e+06,1.78299e+06,1.30946e+07
0,0,0,7.83994e+08,0,3.67402e+07,-1.78299e+06,1.78299e+06,1.30946e+07
0,0,0,7.83994e+08,0,3.67437e+07,-1.78299e+06,1.78299e+06,1.30946e+07
0,0,0,7.83994e+08,0,3.54868e+07,-1.78299e+06,1.78299e+06,1.30946e+07
0,0,0,7.83994e+08,0,3.54902e+07,-1.78299e+06,1.78299e+06,1.30946e+07
0,0,0,7.83994e+08,0,3.54935e+07,-1.78299e+06,1.78299e+06,1.30946e+07
0,0,0,7.83994e+08,0,3.54968e+07,-1.78299e+06,1.78299e+06,1.30946e+07
0,0,0,7.83994e+08,0,3.25805e+07,-1.78299e+06,1.78299e+06,1.30946e+07
0,0,0,7.83994e+08,0,3.25835e+07,-1.78299e+06,1.78299e+06,1.30946e+07
0,0,0,7.83994e+08,0,3.25866e+07,-1.78299e+06,1.78299e+06,1.30946e+07
0,0,0,7.83994e+08,0,3.25896e+07,-1.78299e+06,1.78299e+06,1.30946e+07
0,0,0,7.83994e+08,0,3.25926e+07,-1.78299e+06,1.78299e+06,1.30946e+07
0,0,0,7.83994e+08,1.15158e+06,3.35462e+07,-1.78299e+06,1.78299e+06,1.30946e+07
0,0,0,7.83994e+08,0,3.35491e+07,-1.78299e+06,1.78299e+06,1.30946e+07
0,0,0,7.83994e+08,0,3.3552e+07,-1.78299e+06,1.78299e+06,1.30946e+07
0,0,0,7.83994e+08,0,3.35549e+07,-1.78299e+06,1.78299e+06,1.30946e+07
0,0,0,7.83994e+08,0,3.68975e+07,-1.78299e+06,1.78299e+06,1.30946e+07
0,0,0,7.83994e+08,0,3.69007e+07,-1.78299e+06,1.78299e+06,1.30946e+07
0,0,0,7.83994e+08,0,3.69039e+07,-1.78299e+06,1.78299e+06,1.30946e+07
0,0,0,7.83994e+08,0,3.69071e+07,-1.78299e+06,1.78299e+06,1.30946e+07
0,0,0,7.83994e+08,0,3.23118e+07,-1.78299e+06,1.78299e+06,1.30946e+07
0,0,0,7.83994e+08,0,3.23146e+07,-1.78299e+06,1.78299e+06,1.30946e+07
0,0,0,7.83994e+08,0,3.23173e+07,-1.78299e+06,1.78299e+06,1.30946e+07
0,0,0,7.83994e+08,0,3.23201e+07,-1.78299e+06,1.78299e+06,1.30946e+07
0,0,0,7.83994e+08,0,3.23229e+07,-1.78299e+06,1.78299e+06,1.30946e+07
0,0,0,7.83994e+08,0,3.34649e+07,-1.78299e+06,1.78299e+06,1.30946e+07
0,0,0,7.83994e+08,0,3.34678e+07,-1.78299e+06,1.78299e+06,1.30946e+07
0,0,0,7.83994e+08,0,3.34707e+07,-1.78299e+06,1.78299e+06,1.30946e+07
0,0,0,7.83994e+08,0,3.34735e+07,-1.78299e+06,1.78299e+06,1.30946e+07
0,0,0,7.83994e+08,0,3.30325e+07,-1.78299e+06,1.78299e+06,1.30946e+07
0,0,0,7.83994e+08,0,3.30353e+07,-1.78299e+06,1.78299e+06,1.30946e+07
0,0,0,7.83994e+08,0,3.30382e+07,-1.78299e+06,1.78299e+06,1.30946e+07
0,0,0,7.83994e+08,0,3.3041e+07,-1.78299e+06,1.78299e+06,1.30946e+07
0,0,0,7.83994e+08,0,3.45896e+07,-1.78299e+06,1.78299e+06,1.30946e+07
0,0,0,7.83994e+08,0,3.45926e+07,-1.78299e+06,1.78299e+06,1.30946e+07
0,0,0,7.83994e+08,0,3.45956e+07,-1.78299e+06,1.78299e+06,1.30946e+07
0,0,0,7.83994e+08,0,3.45986e+07,-1.78299e+06,1.78299e+06,1.30946e+07
0,0,0,7.83994e+08,0,3.46015e+07,-1.78299e+06,1.78299e+06,1.30946e+07
0,0,0,7.83994e+08,0,3.49687e+07,-1.78299e+06,1.78299e+06,1.30946e+07
0,0,0,7.83994e+08,0,3.49717e+07,-1.78299e+06,1.78299e+06,1.30946e+07
0,0,0,7.83994e+08,0,3.49747e+07,-1.78299e+06,1.78299e+06,1.30946e+07
0,0,0,7.83994e+08,0,3.49777e+07,-1.78299e+06,1.78299e+06,1.30946e+07
0,0,0,7.83994e+08,0,3.57521e+07,-1.78299e+06,1.78299e+06,1.30946e+07
0,0,0,7.83994e+08,0,3.57552e+07,-1.78299e+06,1.78299e+06,1.30946e+07
0,0,0,7.83994e+08,0,3.57583e+07,-1.78299e+06,1.78299e+06,1.30946e+07
0,0,0,7.83994e+08,0,3.57614e+07,-1.78299e+06,1.78299e+06,1.30946e+07
0,0,0,7.83994e+08,0,3.83235e+07,-1.78299e+06,1.78299e+06,1.30946e+07
0,0,0,7.83994e+08,0,3.79863e+07,-1.56414e+06,1.56414e+06,1.30946e+07
0,0,0,7.83994e+08,0,3.79887e+07,-1.56351e+06,1.56351e+06,1.30946e+07
0,0,0,7.83994e+08,0,3.79911e+07,-1.56289e+06,1.56289e+06,1.30946e+07
0,0,0,7.83994e+08,0,3.79934e+07,-1.56226e+06,1.56226e+06,1.30946e+07
0,0,0,7.83994e+08,0,3.65582e+07,-1.56164e+06,1.56164e+06,1.30946e+07
0,0,0,7.83994e+08,0,3.69058e+07,-1.78299e+06,1.78299e+06,1.30946e+07
0,0,0,7.83994e+08,0,3.6909e+07,-1.78299e+06,1.78299e+06,1.30946e+07
0,0,0,7.83994e+08,0,3.69122e+07,-1.78299e+06,1.78299e+06,1.30946e+07
0,0,0,7.83994e+08,0,3.56488e+07,-1.78299e+06,1.78299e+06,1.30946e+07
0,0,0,7.83994e+08,0,3.56519e+07,-1.78299e+06,1.78299e+06,1.30946e+07
0,0,0,7.83994e+08,0,3.5655e+07,-1.78299e+06,1.78299e+06,1.30946e+07
0,0,0,7.83994e+08,0,3.56581e+07,-1.78299e+06,1.78299e+06,1.30946e+07
0,0,0,7.83994e+08,0,3.27271e+07,-1.78299e+06,1.78299e+06,1.30946e+07
0,0,0,7.83994e+08,0,3.27299e+07,-1.78299e+06,1.78299e+06,1.30946e+07
0,0,0,7.83994e+08,0,3.27327e+07,-1.78299e+06,1.78299e+06,1.30946e+07
0,0,0,7.83994e+08,0,3.27355e+07,-1.78299e+06,1.78299e+06,1.30946e+07
0,0,0,7.83994e+08,0,3.27383e+07,-1.78299e+06,1.78299e+06,1.30946e+07
0,0,0,7.83994e+08,0,3.36963e+07,-1.78299e+06,1.78299e+06,1.30946e+07
0,0,0,7.83994e+08,0,3.36989e+07,-1.78299e+06,1.78299e+06,1.30946e+07
0,0,0,7.83994e+08,0,3.37016e+07,-1.78299e+06,1.78299e+06,1.30946e+07
0,0,0,7.83994e+08,0,3.37042e+07,-1.78299e+06,1.78299e+06,1.30946e+07
0,0,0,7.83994e+08,0,3.70628e+07,-1.78299e+06,1.78299e+06,1.30946e+07
0,0,0,7.83994e+08,0,3.70658e+07,-1.78299e+06,1.78299e+06,1.30946e+07
0,0,0,7.83994e+08,0,3.70687e+07,-1.78299e+06,1.78299e+06,1.30946e+07
0,0,0,7.83994e+08,0,3.70716e+07,-1.78299e+06,1.78299e+06,1.30946e+07
0,0,0,7.83994e+08,0,3.24539e+07,-1.78299e+06,1.78299e+06,1.30946e+07
0,0,0,7.83994e+08,0,3.24565e+07,-1.78299e+06,1.78299e+06,1.30946e+07
0,0,0,7.83994e+08,0,3.2459e+07,-1.78299e+06,1.78299e+06,1.30946e+07
0,0,0,7.83994e+08,0,3.24616e+07,-1.78299e+06,1.78299e+06,1.30946e+07
0,0,0,7.83994e+08,0,3.24641e+07,-1.78299e+06,1.78299e+06,1.30946e+07
0,0,0,7.83994e+08,0,3.36113e+07,-1.78299e+06,1.78299e+06,1.30946e+07
0,0,0,7.83994e+08,0,3.3614e+07,-1.78299e+06,1.78299e+06,1.30946e+07
0,0,0,7.83994e+08,0,3.36166e+07,-1.78299e+06,1.78299e+06,1.30946e+07
0,0,0,7.83994e+08,0,3.36192e+07,-1.78299e+06,1.78299e+06,1.30946e+07
0,0,0,7.83994e+08,0,3.31759e+07,-1.78299e+06,1.78299e+06,1.30946e+07
0,0,0,7.83994e+08,0,3.31785e+07,-1.78299e+06,1.78299e+06,1.30946e+07
0,0,0,7.83994e+08,0,3.31811e+07,-1.78299e+06,1.78299e+06,1.30946e+07
0,0,0,7.83994e+08,0,3.31837e+07,-1.78299e+06,1.78299e+06,1.30946e+07
0,0,0,7.83994e+08,0,3.47393e+07,-1.78299e+06,1.78299e+06,1.30946e+07
0,0,0,7.83994e+08,0,3.4742e+07,-1.78299e+06,1.78299e+06,1.30946e+07
0,0,0,7.83994e+08,0,3.47448e+07,-1.78299e+06,1.78299e+06,1.30946e+07
0,0,0,7.83994e+08,0,3.47475e+07,-1.78299e+06,1.78299e+06,1.30946e+07
0,0,0,7.83994e+08,0,3.47502e+07,-1.78299e+06,1.78299e+06,1.30946e+07
0,0,0,7.83994e+08,0,3.51188e+07,-1.78299e+06,1.78299e+06,1.30946e+07
0,0,0,7.83994e+08,0,3.51216e+07,-1.78299e+06,1.78299e+06,1.30946e+07
0,0,0,7.83994e+08,0,3.51244e+07,-1.78299e+06,1.78299e+06,1.30946e+07
0,0,0,7.83994e+08,0,3.51271e+07,-1.78299e+06,1.78299e+06,1.30946e+07
0,0,0,7.83994e+08,0,3.59048e+07,-1.78299e+06,1.78299e+06,1.30946e+07
0,0,0,7.83994e+08,0,3.59077e+07,-1.78299e+06,1.78299e+06,1.30946e+07
0,0,0,7.83994e+08,0,3.59105e+07,-1.78299e+06,1.78299e+06,1.30946e+07
0,0,0,7.83994e+08,0,3.59133e+07,-1.78299e+06,1.78299e+06,1.30946e+07
0,0,0,7.83994e+08,0,3.8487e+07,-1.78299e+06,1.78299e+06,1.30946e+07
0,0,0,7.83994e+08,0,3.81018e+07,-1.53345e+06,1.53345e+06,1.30946e+07
0,0,0,7.83994e+08,0,3.8104e+07,-1.53288e+06,1.53288e+06,1.30946e+07
0,0,0,7.83994e+08,0,3.81061e+07,-1.53231e+06,1.53231e+06,1.30946e+07
0,0,0,7.83994e+08,0,3.81083e+07,-1.53173e+06,1.53173e+06,1.30946e+07
0,0,0,7.83994e+08,0,3.66664e+07,-1.53116e+06,1.53116e+06,1.30946e+07
0,0,0,7.83994e+08,0,3.70611e+07,-1.78299e+06,1.78299e+06,1.30946e+07
0,0,0,7.83994e+08,0,3.7064e+07,-1.78299e+06,1.78299e+06,1.30946e+07
0,0,0,7.83994e+08,0,3.7067e+07,-1.78299e+06,1.78299e+06,1.30946e+07
0,0,0,7.83994e+08,0,3.57976e+07,-1.78299e+06,1.78299e+06,1.30946e+07
0,0,0,7.83994e+08,0,3.58004e+07,-1.78299e+06,1.78299e+06,1.30946e+07
0,0,0,7.83994e+08,0,3.58032e+07,-1.78299e+06,1.78299e+06,1.30946e+07
0,0,0,7.83994e+08,0,3.58061e+07,-1.78299e+06,1.78299e+06,1.30946e+07
0,0,0,7.83994e+08,0,3.28617e+07,-1.78299e+06,1.78299e+06,1.30946e+07
0,0,0,7.83994e+08,0,3.28642e+07,-1.78299e+06,1.78299e+06,1.30946e+07
0,0,0,7.83994e+08,0,3.28668e+07,-1.78299e+06,1.78299e+06,1.30946e+07
0,0,0,7.83994e+08,0,3.28694e+07,-1.78299e+06,1.78299e+06,1.30946e+07
0,0,0,7.83994e+08,0,3.2872e+07,-1.78299e+06,1.78299e+06,1.30946e+07
0,0,0,7.83994e+08,0,3.38339e+07,-1.78299e+06,1.78299e+06,1.30946e+07
0,0,0,7.83994e+08,0,3.38364e+07,-1.78299e+06,1.78299e+06,1.30946e+07
0,0,0,7.83994e+08,0,3.38388e+07,-1.78299e+06,1.78299e+06,1.30946e+07
0,0,0,7.83994e+08,0,3.38412e+07,-1.78299e+06,1.78299e+06,1.30946e+07
0,0,0,7.83994e+08,0,3.72144e+07,-1.78299e+06,1.78299e+06,1.30946e+07
0,0,0,7.83994e+08,0,3.72171e+07,-1.78299e+06,1.78299e+06,1.30946e+07
0,0,0,7.83994e+08,0,3.72197e+07,-1.78299e+06,1.78299e+06,1.30946e+07
0,0,0,7.83994e+08,0,3.72224e+07,-1.78299e+06,1.78299e+06,1.30946e+07
0,0,0,7.83994e+08,0,3.25842e+07,-1.78299e+06,1.78299e+06,1.30946e+07
0,0,0,7.83994e+08,0,3.25865e+07,-1.78299e+06,1.78299e+06,1.30946e+07
0,0,0,7.83994e+08,0,3.25888e+07,-1.78299e+06,1.78299e+06,1.30946e+07
0,0,0,7.83994e+08,0,3.25911e+07,-1.78299e+06,1.78299e+06,1.30946e+07
0,0,0,7.83994e+08,0,3.25934e+07,-1.78299e+06,1.78299e+06,1.30946e+07
0,0,0,7.83994e+08,0,3.37454e+07,-1.78299e+06,1.78299e+06,1.30946e+07
0,0,0,7.83994e+08,0,3.37478e+07,-1.78299e+06,1.78299e+06,1.30946e+07
0,0,0,7.83994e+08,0,3.37502e+07,-1.78299e+06,1.78299e+06,1.30946e+07
0,0,0,7.83994e+08,0,3.37526e+07,-1.78299e+06,1.78299e+06,1.30946e+07
0,0,0,7.83994e+08,0,3.33071e+07,-1.78299e+06,1.78299e+06,1.30946e+07
0,0,0,7.83994e+08,0,3.33094e+07,-1.78299e+06,1.78299e+06,1.30946e+07
0,0,0,7.83994e+08,0,3.33118e+07,-1.78299e+06,1.78299e+06,1.30946e+07
0,0,0,7.83994e+08,0,3.33142e+07,-1.78299e+06,1.78299e+06,1.30946e+07
0,0,0,7.83994e+08,0,3.48762e+07,-1.78299e+06,1.78299e+06,1.30946e+07
0,0,0,7.83994e+08,0,3.48787e+07,-1.78299e+06,1.78299e+06,1.30946e+07
0,0,0,7.83994e+08,0,3.48812e+07,-1.78299e+06,1.78299e+06,1.30946e+07
0,0,0,7.83994e+08,0,3.48837e+07,-1.78299e+06,1.78299e+06,1.30946e+07
0,0,0,7.83994e+08,0,3.48862e+07,-1.78299e+06,1.78299e+06,1.30946e+07
0,0,0,7.83994e+08,0,3.52561e+07,-1.78299e+06,1.78299e+06,1.30946e+07
0,0,0,7.83994e+08,0,3.52586e+07,-1.78299e+06,1.78299e+06,1.30946e+07
0,0,0,7.83994e+08,0,3.52611e+07,-1.78299e+06,1.78299e+06,1.30946e+07
0,0,0,7.83994e+08,0,3.52637e+07,-1.78299e+06,1.78299e+06,1.30946e+07
0,0,0,7.83994e+08,0,3.60444e+07,-1.78299e+06,1.78299e+06,1.30946e+07
0,0,0,7.83994e+08,0,3.6047e+07,-1.78299e+06,1.78299e+06,1.30946e+07
0,0,0,7.83994e+08,0,3.60496e+07,-1.78299e+06,1.78299e+06,1.30946e+07
0,0,0,7.83994e+08,0,3.60521e+07,-1.78299e+06,1.78299e+06,1.30946e+07
0,0,0,7.83994e+08,0,3.86363e+07,-1.78299e+06,1.78299e+06,1.30946e+07
0,0,0,7.83994e+08,0,3.82072e+07,-1.50544e+06,1.50544e+06,1.30946e+07
0,0,0,7.83994e+08,0,3.82092e+07,-1.50491e+06,1.50491e+06,1.30946e+07
0,0,0,7.83994e+08,0,3.82112e+07,-1.50439e+06,1.50439e+06,1.30946e+07
0,0,0,7.83994e+08,0,3.82131e+07,-1.50387e+06,1.50387e+06,1.30946e+07
0,0,0,7.83994e+08,0,3.6765e+07,-1.50335e+06,1.50335e+06,1.30946e+07
0,0,0,7.83994e+08,0,3.72028e+07,-1.78299e+06,1.78299e+06,1.30946e+07
0,0,0,7.83994e+08,0,3.72054e+07,-1.78299e+06,1.78299e+06,1.30946e+07
0,0,0,7.83994e+08,0,3.72081e+07,-1.78299e+06,1.78299e+06,1.30946e+07
0,0,0,7.83994e+08,0,3.59333e+07,-1.78299e+06,1.78299e+06,1.30946e+07
0,0,0,7.83994e+08,0,3.59358e+07,-1.78299e+06,1.78299e+06,1.30946e+07
0,0,0,7.83994e+08,0,3.59384e+07,-1.78299e+06,1.78299e+06,1.30946e+07
0,0,0,7.83994e+08,0,3.26287e+07,-5.09527e+06,5.09527e+06,1.48086e+07
0,0,0,7.83994e+08,0,3.29843e+07,-1.78299e+06,1.78299e+06,1.30946e+07
0,0,0,7.83994e+08,0,2.99694e+07,-4.80023e+06,4.80023e+06,1.48086e+07
0,0,0,7.83994e+08,0,2.99715e+07,-4.80047e+06,4.80047e+06,1.48086e+07
0,0,0,7.83994e+08,0,2.99736e+07,-4.8007e+06,4.8007e+06,1.48086e+07
0,0,0,7.83994e+08,0,2.99757e+07,-4.80094e+06,4.80094e+06,1.48086e+07
0,0,0,7.83994e+08,0,3.08449e+07,-4.89737e+06,4.89737e+06,1.48086e+07
0,0,0,7.83994e+08,0,3.08469e+07,-4.89759e+06,4.89759e+06,1.48086e+07
0,0,0,7.83994e+08,0,3.39637e+07,-1.78299e+06,1.78299e+06,1.30946e+07
0,0,0,7.83994e+08,0,3.39658e+07,-1.78299e+06,1.78299e+06,1.30946e+07
0,0,0,7.83994e+08,0,3.73523e+07,-1.78299e+06,1.78299e+06,1.30946e+07
0,0,0,7.83994e+08,0,3.73547e+07,-1.78299e+06,1.78299e+06,1.30946e+07
0,0,0,7.83994e+08,0,3.73571e+07,-1.78299e+06,1.78299e+06,1.30946e+07
0,0,0,7.83994e+08,0,3.73596e+07,-1.78299e+06,1.78299e+06,1.30946e+07
0,0,0,7.83994e+08,0,3.27026e+07,-1.78299e+06,1.78299e+06,1.30946e+07
0,0,0,7.83994e+08,0,3.27047e+07,-1.78299e+06,1.78299e+06,1.30946e+07
0,0,0,7.83994e+08,0,3.27068e+07,-1.78299e+06,1.78299e+06,1.30946e+07
0,0,0,7.83994e+08,0,3.27089e+07,-1.78299e+06,1.78299e+06,1.30946e+07
0,0,0,7.83994e+08,0,3.2711e+07,-1.78299e+06,1.78299e+06,1.30946e+07
0,0,0,7.83994e+08,0,3.38672e+07,-1.78299e+06,1.78299e+06,1.30946e+07
0,0,0,7.83994e+08,0,3.38694e+07,-1.78299e+06,1.78299e+06,1.30946e+07
0,0,0,7.83994e+08,0,3.38716e+07,-1.78299e+06,1.78299e+06,1.30946e+07
0,0,0,7.83994e+08,0,3.38737e+07,-1.78299e+06,1.78299e+06,1.30946e+07
0,0,0,7.83994e+08,0,3.34262e+07,-1.78299e+06,1.78299e+06,1.30946e+07
0,0,0,7.83994e+08,0,3.34284e+07,-1.78299e+06,1.78299e+06,1.30946e+07
0,0,0,7.83994e+08,0,3.34305e+07,-1.78299e+06,1.78299e+06,1.30946e+07
0,0,0,7.83994e+08,0,3.34326e+07,-1.78299e+06,1.78299e+06,1.30946e+07
0,0,0,7.83994e+08,0,3.50005e+07,-1.78299e+06,1.78299e+06,1.30946e+07
0,0,0,7.83994e+08,0,3.50027e+07,-1.78299e+06,1.78299e+06,1.30946e+07
0,0,0,7.83994e+08,0,3.5005e+07,-1.78299e+06,1.78299e+06,1.30946e+07
0,0,0,7.83994e+08,0,3.50072e+07,-1.78299e+06,1.78299e+06,1.30946e+07
0,0,0,7.83994e+08,0,3.50095e+07,-1.78299e+06,1.78299e+06,1.30946e+07
0,0,0,7.83994e+08,0,3.53805e+07,-1.78299e+06,1.78299e+06,1.30946e+07
0,0,0,7.83994e+08,0,3.53828e+07,-1.78299e+06,1.78299e+06,1.30946e+07
0,0,0,7.83994e+08,0,3.53851e+07,-1.78299e+06,1.78299e+06,1.30946e+07
0,0,0,7.83994e+08,0,3.53874e+07,-1.78299e+06,1.78299e+06,1.30946e+07
0,0,0,7.83994e+08,0,3.61708e+07,-1.78299e+06,1.78299e+06,1.30946e+07
0,0,0,7.83994e+08,0,3.61731e+07,-1.78299e+06,1.78299e+06,1.30946e+07
0,0,0,7.83994e+08,0,3.61755e+07,-1.78299e+06,1.78299e+06,1.30946e+07
0,0,0,7.83994e+08,0,3.61778e+07,-1.78299e+06,1.78299e+06,1.30946e+07
0,0,0,7.83994e+08,0,3.87714e+07,-1.78299e+06,1.78299e+06,1.30946e+07
0,0,0,7.83994e+08,0,3.83026e+07,-1.48007e+06,1.48007e+06,1.30946e+07
0,0,0,7.83994e+08,0,3.83044e+07,-1.4796e+06,1.4796e+06,1.30946e+07
0,0,0,7.83994e+08,0,3.83062e+07,-1.47913e+06,1.47913e+06,1.30946e+07
0,0,0,7.83994e+08,0,3.8308e+07,-1.47866e+06,1.47866e+06,1.30946e+07
0,0,0,7.83994e+08,0,3.68543e+07,-1.47819e+06,1.47819e+06,1.30946e+07
0,0,0,7.83994e+08,0,3.73309e+07,-1.78299e+06,1.78299e+06,1.30946e+07
0,0,0,7.83994e+08,0,3.73333e+07,-1.78299e+06,1.78299e+06,1.30946e+07
0,0,0,7.83994e+08,0,3.73357e+07,-1.78299e+06,1.78299e+06,1.30946e+07
0,0,0,7.83994e+08,0,3.60558e+07,-1.78299e+06,1.78299e+06,1.30946e+07
0,0,0,7.83994e+08,0,3.60582e+07,-1.78299e+06,1.78299e+06,1.30946e+07
0,0,0,7.83994e+08,0,3.60605e+07,-1.78299e+06,1.78299e+06,1.30946e+07
0,0,0,7.83994e+08,0,3.60628e+07,-1.78299e+06,1.78299e+06,1.30946e+07
0,0,0,7.83994e+08,0,3.3095e+07,-1.78299e+06,1.78299e+06,1.30946e+07
0,0,0,7.83994e+08,0,3.30972e+07,-1.78299e+06,1.78299e+06,1.30946e+07
0,0,0,7.83994e+08,0,3.30993e+07,-1.78299e+06,1.78299e+06,1.30946e+07
0,0,0,7.83994e+08,0,3.31014e+07,-1.78299e+06,1.78299e+06,1.30946e+07
0,0,0,7.83994e+08,0,3.31035e+07,-1.78299e+06,1.78299e+06,1.30946e+07
0,0,0,7.83994e+08,0,3.40724e+07,-1.78299e+06,1.78299e+06,1.30946e+07
0,0,0,7.83994e+08,0,3.40743e+07,-1.78299e+06,1.78299e+06,1.30946e+07
0,0,0,7.83994e+08,0,3.40763e+07,-1.78299e+06,1.78299e+06,1.30946e+07
0,0,0,7.83994e+08,0,3.40782e+07,-1.78299e+06,1.78299e+06,1.30946e+07
0,0,0,7.83994e+08,0,3.74766e+07,-1.78299e+06,1.78299e+06,1.30946e+07
0,0,0,7.83994e+08,0,3.74788e+07,-1.78299e+06,1.78299e+06,1.30946e+07
0,0,0,7.83994e+08,0,3.74809e+07,-1.78299e+06,1.78299e+06,1.30946e+07
0,0,0,7.83994e+08,0,3.74831e+07,-1.78299e+06,1.78299e+06,1.30946e+07
0,0,0,7.83994e+08,0,3.28092e+07,-1.78299e+06,1.78299e+06,1.30946e+07
0,0,0,7.83994e+08,0,3.28111e+07,-1.78299e+06,1.78299e+06,1.30946e+07
0,0,0,7.83994e+08,0,3.2813e+07,-1.78299e+06,1.78299e+06,1.30946e+07
0,0,0,7.83994e+08,0,3.28148e+07,-1.78299e+06,1.78299e+06,1.30946e+07
0,0,0,7.83994e+08,0,3.28167e+07,-1.78299e+06,1.78299e+06,1.30946e+07
0,0,0,7.83994e+08,0,3.39768e+07,-1.78299e+06,1.78299e+06,1.30946e+07
0,0,0,7.83994e+08,0,3.39787e+07,-1.78299e+06,1.78299e+06,1.30946e+07
0,0,0,7.83994e+08,0,3.39807e+07,-1.78299e+06,1.78299e+06,1.30946e+07
0,0,0,7.83994e+08,0,3.39826e+07,-1.78299e+06,1.78299e+06,1.30946e+07
0,0,0,7.83994e+08,0,3.35333e+07,-1.78299e+06,1.78299e+06,1.30946e+07
0,0,0,7.83994e+08,0,3.35352e+07,-1.78299e+06,1.78299e+06,1.30946e+07
0,0,0,7.83994e+08,0,3.35371e+07,-1.78299e+06,1.78299e+06,1.30946e+07
0,0,0,7.83994e+08,0,3.3539e+07,-1.78299e+06,1.78299e+06,1.30946e+07
0,0,0,7.83994e+08,0,3.5112e+07,-1.78299e+06,1.78299e+06,1.30946e+07
0,0,0,7.83994e+08,0,3.5114e+07,-1.78299e+06,1.78299e+06,1.30946e+07
0,0,0,7.83994e+08,0,3.5116e+07,-1.78299e+06,1.78299e+06,1.30946e+07
0,0,0,7.83994e+08,0,3.5118e+07,-1.78299e+06,1.78299e+06,1.30946e+07
0,0,0,7.83994e+08,0,3.512e+07,-1.78299e+06,1.78299e+06,1.30946e+07
0,0,0,7.83994e+08,0,3.54921e+07,-1.78299e+06,1.78299e+06,1.30946e+07
0,0,0,7.83994e+08,0,3.54941e+07,-1.78299e+06,1.78299e+06,1.30946e+07
0,0,0,7.83994e+08,0,3.54961e+07,-1.78299e+06,1.78299e+06,1.30946e+07
0,0,0,7.83994e+08,0,3.54982e+07,-1.78299e+06,1.78299e+06,1.30946e+07
0,0,0,7.83994e+08,0,3.6284e+07,-1.78299e+06,1.78299e+06,1.30946e+07
0,0,0,7.83994e+08,0,3.62861e+07,-1.78299e+06,1.78299e+06,1.30946e+07
0,0,0,7.83994e+08,0,3.62882e+07,-1.78299e+06,1.78299e+06,1.30946e+07
0,0,0,7.83994e+08,0,3.62902e+07,-1.78299e+06,1.78299e+06,1.30946e+07
0,0,0,7.83994e+08,0,3.88923e+07,-1.78299e+06,1.78299e+06,1.30946e+07
0,0,0,7.83994e+08,0,3.83879e+07,-1.45738e+06,1.45738e+06,1.30946e+07
0,0,0,7.83994e+08,0,3.83895e+07,-1.45696e+06,1.45696e+06,1.30946e+07
0,0,0,7.83994e+08,0,3.83911e+07,-1.45654e+06,1.45654e+06,1.30946e+07
0,0,0,7.83994e+08,0,3.83927e+07,-1.45612e+06,1.45612e+06,1.30946e+07
0,0,0,7.83994e+08,0,3.6934e+07,-1.4557e+06,1.4557e+06,1.30946e+07
0,0,0,7.83994e+08,0,3.74431e+07,-1.78156e+06,1.78156e+06,1.30946e+07
0,0,0,7.83994e+08,0,3.74446e+07,-1.78116e+06,1.78116e+06,1.30946e+07
0,0,0,7.83994e+08,0,3.74461e+07,-1.78076e+06,1.78076e+06,1.30946e+07
0,0,0,7.83994e+08,0,3.61612e+07,-1.78036e+06,1.78036e+06,1.30946e+07
0,0,0,7.83994e+08,0,3.28324e+07,-5.11788e+06,5.11788e+06,1.48086e+07
0,0,0,7.83994e+08,0,3.28343e+07,-5.11808e+06,5.11808e+06,1.48086e+07
0,0,0,7.83994e+08,0,3.28361e+07,-5.11829e+06,5.11829e+06,1.48086e+07
0,0,0,7.83994e+08,0,3.01558e+07,-4.82092e+06,4.82092e+06,1.48086e+07
0,0,0,7.83994e+08,0,3.01575e+07,-4.82111e+06,4.82111e+06,1.48086e+07
0,0,0,7.83994e+08,0,3.01592e+07,-4.82129e+06,4.82129e+06,1.48086e+07
0,0,0,7.83994e+08,0,3.01609e+07,-4.82148e+06,4.82148e+06,1.48086e+07
0,0,0,7.83994e+08,0,3.01626e+07,-4.82167e+06,4.82167e+06,1.48086e+07
0,0,0,7.83994e+08,0,3.01626e+07,-4.82167e+06,4.82167e+06,1.48086e+07
0,0,0,7.83994e+08,0,3.10373e+07,-4.91872e+06,4.91872e+06,1.48086e+07
0,0,0,7.83994e+08,0,3.10389e+07,-4.91889e+06,4.91889e+06,1.48086e+07
0,0,0,7.83994e+08,0,3.10404e+07,-4.91906e+06,4.91906e+06,1.48086e+07
0,0,0,7.83994e+08,0,3.10419e+07,-4.91923e+06,4.91923e+06,1.48086e+07
0,0,0,7.83994e+08,0,3.41105e+07,-5.25967e+06,5.25967e+06,1.48086e+07
0,0,0,7.83994e+08,0,3.41122e+07,-5.25986e+06,5.25986e+06,1.48086e+07
0,0,0,7.83994e+08,0,3.41139e+07,-5.26005e+06,5.26005e+06,1.48086e+07
0,0,0,7.83994e+08,0,3.41156e+07,-5.26024e+06,5.26024e+06,1.48086e+07
0,0,0,7.83994e+08,0,2.9895e+07,-4.79198e+06,4.79198e+06,1.48086e+07
0,0,0,7.83994e+08,0,2.98964e+07,-4.79214e+06,4.79214e+06,1.48086e+07
0,0,0,7.83994e+08,0,2.98979e+07,-4.7923e+06,4.7923e+06,1.48086e+07
0,0,0,7.83994e+08,0,2.98994e+07,-4.79246e+06,4.79246e+06,1.48086e+07
0,0,0,7.83994e+08,0,2.99009e+07,-4.79263e+06,4.79263e+06,1.48086e+07
0,0,0,7.83994e+08,0,3.09482e+07,-4.90882e+06,4.90882e+06,1.48086e+07
0,0,0,7.83994e+08,0,3.09497e+07,-4.90899e+06,4.90899e+06,1.48086e+07
0,0,0,7.83994e+08,0,3.09512e+07,-4.90916e+06,4.90916e+06,1.48086e+07
0,0,0,7.83994e+08,0,3.09527e+07,-4.90933e+06,4.90933e+06,1.48086e+07
0,0,0,7.83994e+08,0,3.05468e+07,-4.86429e+06,4.86429e+06,1.48086e+07
0,0,0,7.83994e+08,0,3.36298e+07,-1.78299e+06,1.78299e+06,1.30946e+07
0,0,0,7.83994e+08,0,3.05498e+07,-4.86463e+06,4.86463e+06,1.48086e+07
0,0,0,7.83994e+08,0,3.05513e+07,-4.86479e+06,4.86479e+06,1.48086e+07
0,0,0,7.83994e+08,0,3.19714e+07,-5.02235e+06,5.02235e+06,1.48086e+07
0,0,0,7.83994e+08,0,3.45646e+07,-2.43089e+06,2.43089e+06,1.30946e+07
0,0,0,7.83994e+08,0,3.52142e+07,-1.78299e+06,1.78299e+06,1.30946e+07
0,0,0,7.83994e+08,0,3.5216e+07,-1.78299e+06,1.78299e+06,1.30946e+07
0,0,0,7.83994e+08,0,3.52178e+07,-1.78299e+06,1.78299e+06,1.30946e+07
0,0,0,7.83994e+08,0,3.55907e+07,-1.78299e+06,1.78299e+06,1.30946e+07
0,0,0,7.83994e+08,0,3.55925e+07,-1.78299e+06,1.78299e+06,1.30946e+07
0,0,0,7.83994e+08,0,3.55942e+07,-1.78299e+06,1.78299e+06,1.30946e+07
0,0,0,7.83994e+08,0,3.5596e+07,-1.78299e+06,1.78299e+06,1.30946e+07
0,0,0,7.83994e+08,0,3.63839e+07,-1.78299e+06,1.78299e+06,1.30946e+07
0,0,0,7.83994e+08,0,3.63858e+07,-1.78299e+06,1.78299e+06,1.30946e+07
0,0,0,7.83994e+08,0,3.63876e+07,-1.78299e+06,1.78299e+06,1.30946e+07
0,0,0,7.83994e+08,0,3.63894e+07,-1.78299e+06,1.78299e+06,1.30946e+07
0,0,0,7.83994e+08,0,3.89989e+07,-1.78299e+06,1.78299e+06,1.30946e+07
0,0,0,7.83994e+08,0,3.84631e+07,-1.43738e+06,1.43738e+06,1.30946e+07
0,0,0,7.83994e+08,0,3.84645e+07,-1.43701e+06,1.43701e+06,1.30946e+07
0,0,0,7.83994e+08,0,3.84659e+07,-1.43664e+06,1.43664e+06,1.30946e+07
0,0,0,7.83994e+08,0,3.84673e+07,-1.43627e+06,1.43627e+06,1.30946e+07
0,0,0,7.83994e+08,0,3.70041e+07,-1.43591e+06,1.43591e+06,1.30946e+07
0,0,0,7.83994e+08,0,3.75145e+07,-1.76276e+06,1.76276e+06,1.30946e+07
0,0,0,7.83994e+08,0,3.75159e+07,-1.76241e+06,1.76241e+06,1.30946e+07
0,0,0,7.83994e+08,0,3.75172e+07,-1.76206e+06,1.76206e+06,1.30946e+07
0,0,0,7.83994e+08,0,3.55595e+07,-2.43057e+06,2.43057e+06,1.30946e+07
0,0,0,7.83994e+08,0,3.29188e+07,-5.12746e+06,5.12746e+06,1.48086e+07
0,0,0,7.83994e+08,0,3.29204e+07,-5.12764e+06,5.12764e+06,1.48086e+07
0,0,0,7.83994e+08,0,3.29221e+07,-5.12782e+06,5.12782e+06,1.48086e+07
0,0,0,7.83994e+08,0,3.02339e+07,-4.82957e+06,4.82957e+06,1.48086e+07
0,0,0,7.83994e+08,0,3.02354e+07,-4.82974e+06,4.82974e+06,1.48086e+07
0,0,0,7.83994e+08,0,3.02368e+07,-4.8299e+06,4.8299e+06,1.48086e+07
0,0,0,7.83994e+08,0,3.02383e+07,-4.83007e+06,4.83007e+06,1.48086e+07
0,0,0,7.83994e+08,0,3.02398e+07,-4.83023e+06,4.83023e+06,1.48086e+07
0,0,0,7.83994e+08,0,3.11168e+07,-4.92753e+06,4.92753e+06,1.48086e+07
0,0,0,7.83994e+08,0,3.11181e+07,-4.92768e+06,4.92768e+06,1.48086e+07
0,0,0,7.83994e+08,0,3.11194e+07,-4.92782e+06,4.92782e+06,1.48086e+07
0,0,0,7.83994e+08,0,3.11207e+07,-4.92797e+06,4.92797e+06,1.48086e+07
0,0,0,7.83994e+08,0,3.41976e+07,-5.26934e+06,5.26934e+06,1.48086e+07
0,0,0,7.83994e+08,0,3.41991e+07,-5.2695e+06,5.2695e+06,1.48086e+07
0,0,0,7.83994e+08,0,3.42005e+07,-5.26966e+06,5.26966e+06,1.48086e+07
0,0,0,7.83994e+08,0,3.4202e+07,-5.26982e+06,5.26982e+06,1.48086e+07
0,0,0,7.83994e+08,0,2.99696e+07,-4.80025e+06,4.80025e+06,1.48086e+07
0,0,0,7.83994e+08,0,2.99708e+07,-4.80039e+06,4.80039e+06,1.48086e+07
0,0,0,7.83994e+08,0,2.99721e+07,-4.80053e+06,4.80053e+06,1.48086e+07
0,0,0,7.83994e+08,0,3.2991e+07,-1.78299e+06,1.78299e+06,1.30946e+07
0,0,0,7.83994e+08,0,3.29924e+07,-1.78299e+06,1.78299e+06,1.30946e+07
0,0,0,7.83994e+08,0,3.41589e+07,-1.78299e+06,1.78299e+06,1.30946e+07
0,0,0,7.83994e+08,0,3.41603e+07,-1.78299e+06,1.78299e+06,1.30946e+07
0,0,0,7.83994e+08,0,3.41618e+07,-1.78299e+06,1.78299e+06,1.30946e+07
0,0,0,7.83994e+08,0,3.41632e+07,-1.78299e+06,1.78299e+06,1.30946e+07
0,0,0,7.83994e+08,0,3.37108e+07,-1.78299e+06,1.78299e+06,1.30946e+07
0,0,0,7.83994e+08,0,3.37123e+07,-1.78299e+06,1.78299e+06,1.30946e+07
0,0,0,7.83994e+08,0,3.37137e+07,-1.78299e+06,1.78299e+06,1.30946e+07
0,0,0,7.83994e+08,0,3.37151e+07,-1.78299e+06,1.78299e+06,1.30946e+07
0,0,0,7.83994e+08,0,3.52967e+07,-1.78299e+06,1.78299e+06,1.30946e+07
0,0,0,7.83994e+08,0,3.52982e+07,-1.78299e+06,1.78299e+06,1.30946e+07
0,0,0,7.83994e+08,0,3.52997e+07,-1.78299e+06,1.78299e+06,1.30946e+07
0,0,0,7.83994e+08,0,3.53012e+07,-1.78299e+06,1.78299e+06,1.30946e+07
0,0,0,7.83994e+08,0,3.53027e+07,-1.78299e+06,1.78299e+06,1.30946e+07
0,0,0,7.83994e+08,0,3.56764e+07,-1.78299e+06,1.78299e+06,1.30946e+07
0,0,0,7.83994e+08,0,3.56779e+07,-1.78299e+06,1.78299e+06,1.30946e+07
0,0,0,7.83994e+08,0,3.56795e+07,-1.78299e+06,1.78299e+06,1.30946e+07
0,0,0,7.83994e+08,0,3.5681e+07,-1.78299e+06,1.78299e+06,1.30946e+07
0,0,0,7.83994e+08,0,3.64707e+07,-1.78299e+06,1.78299e+06,1.30946e+07
0,0,0,7.83994e+08,0,3.64723e+07,-1.78299e+06,1.78299e+06,1.30946e+07
0,0,0,7.83994e+08,0,3.64738e+07,-1.78299e+06,1.78299e+06,1.30946e+07
0,0,0,7.83994e+08,0,3.64754e+07,-1.78299e+06,1.78299e+06,1.30946e+07
0,0,0,7.83994e+08,0,3.90913e+07,-1.78299e+06,1.78299e+06,1.30946e+07
0,0,0,7.83994e+08,0,3.85283e+07,-1.42003e+06,1.42003e+06,1.30946e+07
0,0,0,7.83994e+08,0,3.85295e+07,-1.41972e+06,1.41972e+06,1.30946e+07
0,0,0,7.83994e+08,0,3.63223e+07,0,0,1.30946e+07
0,0,0,7.83994e+08,0,3.85319e+07,-1.41908e+06,1.41908e+06,1.30946e+07
0,0,0,7.83994e+08,0,3.48575e+07,0,0,1.30946e+07
0,0,0,7.83994e+08,0,3.48591e+07,0,0,1.30946e+07
0,0,0,7.83994e+08,0,3.48607e+07,0,0,1.30946e+07
0,0,0,7.83994e+08,0,3.48623e+07,0,0,1.30946e+07
0,0,0,7.83994e+08,0,3.35706e+07,0,0,1.30946e+07
0,0,0,7.83994e+08,0,3.35721e+07,0,0,1.30946e+07
0,0,0,7.83994e+08,0,3.35737e+07,0,0,1.30946e+07
0,0,0,7.83994e+08,0,3.35752e+07,0,0,1.30946e+07
0,0,0,7.83994e+08,0,3.05812e+07,0,0,1.30946e+07
0,0,0,7.83994e+08,0,3.05827e+07,0,0,1.30946e+07
0,0,0,7.83994e+08,0,3.05841e+07,0,0,1.30946e+07
0,0,0,7.83994e+08,0,3.05855e+07,0,0,1.30946e+07
0,0,0,7.83994e+08,0,3.05869e+07,0,0,1.30946e+07
0,0,0,7.83994e+08,0,3.15633e+07,0,0,1.30946e+07
0,0,0,7.83994e+08,0,3.15645e+07,0,0,1.30946e+07
0,0,0,7.83994e+08,0,3.15658e+07,0,0,1.30946e+07
0,0,0,7.83994e+08,0,3.1567e+07,0,0,1.30946e+07
0,0,0,7.83994e+08,0,3.49931e+07,0,0,1.30946e+07
0,0,0,7.83994e+08,0,3.49945e+07,0,0,1.30946e+07
0,0,0,7.83994e+08,0,3.49958e+07,0,0,1.30946e+07
0,0,0,7.83994e+08,0,3.49972e+07,0,0,1.30946e+07
0,0,0,7.83994e+08,0,3.02839e+07,0,0,1.30946e+07
0,0,0,7.83994e+08,0,3.02851e+07,0,0,1.30946e+07
0,0,0,7.83994e+08,0,3.02862e+07,0,0,1.30946e+07
0,0,0,7.83994e+08,0,3.02874e+07,0,0,1.30946e+07
0,0,0,7.83994e+08,0,3.02886e+07,0,0,1.30946e+07
0,0,0,7.83994e+08,0,3.14575e+07,0,0,1.30946e+07
0,0,0,7.83994e+08,0,3.14587e+07,0,0,1.30946e+07
0,0,0,7.83994e+08,0,3.14599e+07,0,0,1.30946e+07
0,0,0,7.83994e+08,0,3.14611e+07,0,0,1.30946e+07
0,0,0,7.83994e+08,0,3.10075e+07,0,0,1.30946e+07
0,0,0,7.83994e+08,0,3.10087e+07,0,0,1.30946e+07
0,0,0,7.83994e+08,0,3.10099e+07,0,0,1.30946e+07
0,0,0,7.83994e+08,0,3.10111e+07,0,0,1.30946e+07
0,0,0,7.83994e+08,0,3.2596e+07,0,0,1.30946e+07
0,0,0,7.83994e+08,0,3.25972e+07,0,0,1.30946e+07
0,0,0,7.83994e+08,0,3.25985e+07,0,0,1.30946e+07
0,0,0,7.83994e+08,0,3.25998e+07,0,0,1.30946e+07
0,0,0,7.83994e+08,0,3.2601e+07,0,0,1.30946e+07
0,0,0,7.83994e+08,0,3.29753e+07,0,0,1.30946e+07
0,0,0,7.83994e+08,0,3.29766e+07,0,0,1.30946e+07
0,0,0,7.83994e+08,0,3.29779e+07,0,0,1.30946e+07
0,0,0,7.83994e+08,0,3.29791e+07,0,0,1.30946e+07
0,0,0,7.83994e+08,0,3.37703e+07,0,0,1.30946e+07
0,0,0,7.83994e+08,0,3.37716e+07,0,0,1.30946e+07
0,0,0,7.83994e+08,0,3.37729e+07,0,0,1.30946e+07
0,0,0,7.83994e+08,0,3.37743e+07,0,0,1.30946e+07
0,0,0,7.83994e+08,0,3.63955e+07,0,0,1.30946e+07
0,0,0,7.83994e+08,0,3.63969e+07,0,0,1.30946e+07
0,0,0,7.83994e+08,0,3.63983e+07,0,0,1.30946e+07
0,0,0,7.83994e+08,0,3.63998e+07,0,0,1.30946e+07
0,0,0,7.83994e+08,0,3.64012e+07,0,0,1.30946e+07
0,0,0,7.83994e+08,0,3.49312e+07,0,0,1.30946e+07
0,0,0,7.83994e+08,0,3.49326e+07,0,0,1.30946e+07
0,0,0,7.83994e+08,0,3.4934e+07,0,0,1.30946e+07
0,0,0,7.83994e+08,0,3.49353e+07,0,0,1.30946e+07
0,0,0,7.83994e+08,0,3.36406e+07,0,0,1.30946e+07
0,0,0,7.83994e+08,0,3.36419e+07,0,0,1.30946e+07
0,0,0,7.83994e+08,0,3.36432e+07,0,0,1.30946e+07
0,0,0,7.83994e+08,0,3.36445e+07,0,0,1.30946e+07
0,0,0,7.83994e+08,0,3.06441e+07,0,0,1.30946e+07
0,0,0,7.83994e+08,0,3.06453e+07,0,0,1.30946e+07
0,0,0,7.83994e+08,0,3.06465e+07,0,0,1.30946e+07
0,0,0,7.83994e+08,0,3.06477e+07,0,0,1.30946e+07
0,0,0,7.83994e+08,0,3.06489e+07,0,0,1.30946e+07
0,0,0,7.83994e+08,0,3.1627e+07,0,0,1.30946e+07
0,0,0,7.83994e+08,0,3.1628e+07,0,0,1.30946e+07
0,0,0,7.83994e+08,0,3.1629e+07,0,0,1.30946e+07
0,0,0,7.83994e+08,0,3.16299e+07,0,0,1.30946e+07
0,0,0,7.83994e+08,0,3.50626e+07,0,0,1.30946e+07
0,0,0,7.83994e+08,0,3.50637e+07,0,0,1.30946e+07
0,0,0,7.83994e+08,0,3.50648e+07,0,0,1.30946e+07
0,0,0,7.83994e+08,0,3.50659e+07,0,0,1.30946e+07
0,0,0,7.83994e+08,0,3.03431e+07,0,0,1.30946e+07
0,0,0,7.83994e+08,0,3.03441e+07,0,0,1.30946e+07
0,0,0,7.83994e+08,0,3.0345e+07,0,0,1.30946e+07
0,0,0,7.83994e+08,0,3.0346e+07,0,0,1.30946e+07
0,0,0,7.83994e+08,0,3.03469e+07,0,0,1.30946e+07
0,0,0,7.83994e+08,0,3.15178e+07,0,0,1.30946e+07
0,0,0,7.83994e+08,0,3.15188e+07,0,0,1.30946e+07
0,0,0,7.83994e+08,0,3.15198e+07,0,0,1.30946e+07
0,0,0,7.83994e+08,0,3.15208e+07,0,0,1.30946e+07
0,0,0,7.83994e+08,0,3.1066e+07,0,0,1.30946e+07
0,0,0,7.83994e+08,0,3.1067e+07,0,0,1.30946e+07
0,0,0,7.83994e+08,0,3.10679e+07,0,0,1.30946e+07
0,0,0,7.83994e+08,0,3.10689e+07,0,0,1.30946e+07
0,0,0,7.83994e+08,0,3.26565e+07,0,0,1.30946e+07
0,0,0,7.83994e+08,0,3.26575e+07,0,0,1.30946e+07
0,0,0,7.83994e+08,0,3.26585e+07,0,0,1.30946e+07
0,0,0,7.83994e+08,0,3.26595e+07,0,0,1.30946e+07
0,0,0,7.83994e+08,0,3.26606e+07,0,0,1.30946e+07
0,0,0,7.83994e+08,0,3.30352e+07,0,0,1.30946e+07
0,0,0,7.83994e+08,0,3.30363e+07,0,0,1.30946e+07
0,0,0,7.83994e+08,0,3.30373e+07,0,0,1.30946e+07
0,0,0,7.83994e+08,0,3.30383e+07,0,0,1.30946e+07
0,0,0,7.83994e+08,0,3.38307e+07,0,0,1.30946e+07
0,0,0,7.83994e+08,0,3.38317e+07,0,0,1.30946e+07
0,0,0,7.83994e+08,0,3.38328e+07,0,0,1.30946e+07
0,0,0,7.83994e+08,0,3.38338e+07,0,0,1.30946e+07
0,0,0,7.83994e+08,0,3.64594e+07,0,0,1.30946e+07
0,0,0,7.83994e+08,0,3.64606e+07,0,0,1.30946e+07
0,0,0,7.83994e+08,0,3.64617e+07,0,0,1.30946e+07
0,0,0,7.83994e+08,0,3.64629e+07,0,0,1.30946e+07
0,0,0,7.83994e+08,0,3.6464e+07,0,0,1.30946e+07
0,0,0,7.83994e+08,0,3.49912e+07,0,0,1.30946e+07
0,0,0,7.83994e+08,0,3.49923e+07,0,0,1.30946e+07
0,0,0,7.83994e+08,0,3.49934e+07,0,0,1.30946e+07
0,0,0,7.83994e+08,0,3.49945e+07,0,0,1.30946e+07
0,0,0,7.83994e+08,0,3.36973e+07,0,0,1.30946e+07
0,0,0,7.83994e+08,0,3.36984e+07,0,0,1.30946e+07
0,0,0,7.83994e+08,0,3.36995e+07,0,0,1.30946e+07
0,0,0,7.83994e+08,0,3.37005e+07,0,0,1.30946e+07
0,0,0,7.83994e+08,0,3.06949e+07,0,0,1.30946e+07
0,0,0,7.83994e+08,0,3.06958e+07,0,0,1.30946e+07
0,0,0,7.83994e+08,0,3.06968e+07,0,0,1.30946e+07
0,0,0,7.83994e+08,0,3.06977e+07,0,0,1.30946e+07
0,0,0,7.83994e+08,0,3.06987e+07,0,0,1.30946e+07
0,0,0,7.83994e+08,0,3.16782e+07,0,0,1.30946e+07
0,0,0,7.83994e+08,0,3.16789e+07,0,0,1.30946e+07
0,0,0,7.83994e+08,0,3.16797e+07,0,0,1.30946e+07
0,0,0,7.83994e+08,0,3.16804e+07,0,0,1.30946e+07
0,0,0,7.83994e+08,0,3.51183e+07,0,0,1.30946e+07
0,0,0,7.83994e+08,0,3.51191e+07,0,0,1.30946e+07
0,0,0,7.83994e+08,0,3.512e+07,0,0,1.30946e+07
0,0,0,7.83994e+08,0,3.51208e+07,0,0,1.30946e+07
0,0,0,7.83994e+08,0,3.03904e+07,0,0,1.30946e+07
0,0,0,7.83994e+08,0,3.03911e+07,0,0,1.30946e+07
0,0,0,7.83994e+08,0,3.03918e+07,0,0,1.30946e+07
0,0,0,7.83994e+08,0,3.03925e+07,0,0,1.30946e+07
0,0,0,7.83994e+08,0,3.03932e+07,0,0,1.30946e+07
0,0,0,7.83994e+08,0,3.15657e+07,0,0,1.30946e+07
0,0,0,7.83994e+08,0,3.15664e+07,0,0,1.30946e+07
0,0,0,7.83994e+08,0,3.15672e+07,0,0,1.30946e+07
0,0,0,7.83994e+08,0,3.15679e+07,0,0,1.30946e+07
0,0,0,7.83994e+08,0,3.11122e+07,0,0,1.30946e+07
0,0,0,7.83994e+08,0,3.11129e+07,0,0,1.30946e+07
0,0,0,7.83994e+08,0,3.11137e+07,0,0,1.30946e+07
0,0,0,7.83994e+08,0,3.11144e+07,0,0,1.30946e+07
0,0,0,7.83994e+08,0,3.27041e+07,0,0,1.30946e+07
0,0,0,7.83994e+08,0,3.27048e+07,0,0,1.30946e+07
0,0,0,7.83994e+08,0,3.27056e+07,0,0,1.30946e+07
0,0,0,7.83994e+08,0,3.27064e+07,0,0,1.30946e+07
0,0,0,7.83994e+08,0,3.27072e+07,0,0,1.30946e+07
0,0,0,7.83994e+08,0,3.30821e+07,0,0,1.30946e+07
0,0,0,7.83994e+08,0,3.30829e+07,0,0,1.30946e+07
0,0,0,7.83994e+08,0,3.30837e+07,0,0,1.30946e+07
0,0,0,7.83994e+08,0,3.30845e+07,0,0,1.30946e+07
0,0,0,7.83994e+08,0,3.38776e+07,0,0,1.30946e+07
0,0,0,7.83994e+08,0,3.38784e+07,0,0,1.30946e+07
0,0,0,7.83994e+08,0,3.38792e+07,0,0,1.30946e+07
0,0,0,7.83994e+08,0,3.388e+07,0,0,1.30946e+07
0,0,0,7.83994e+08,0,3.65089e+07,0,0,1.30946e+07
0,0,0,7.83994e+08,0,3.65098e+07,0,0,1.30946e+07
0,0,0,7.83994e+08,0,3.65107e+07,0,0,1.30946e+07
0,0,0,7.83994e+08,0,3.65115e+07,0,0,1.30946e+07
0,0,0,7.83994e+08,0,3.65124e+07,0,0,1.30946e+07
0,0,0,7.83994e+08,0,3.50374e+07,0,0,1.30946e+07
0,0,0,7.83994e+08,0,3.50382e+07,0,0,1.30946e+07
0,0,0,7.83994e+08,0,3.50391e+07,0,0,1.30946e+07
0,0,0,7.83994e+08,0,3.50399e+07,0,0,1.30946e+07
0,0,0,7.83994e+08,0,3.37408e+07,0,0,1.30946e+07
0,0,0,7.83994e+08,0,3.37416e+07,0,0,1.30946e+07
0,0,0,7.83994e+08,0,3.37424e+07,0,0,1.30946e+07
0,0,0,7.83994e+08,0,3.37432e+07,0,0,1.30946e+07
0,0,0,7.83994e+08,0,3.07335e+07,0,0,1.30946e+07
0,0,0,7.83994e+08,0,3.07342e+07,0,0,1.30946e+07
0,0,0,7.83994e+08,0,3.07349e+07,0,0,1.30946e+07
0,0,0,7.83994e+08,0,3.07357e+07,0,0,1.30946e+07
0,0,0,7.83994e+08,0,3.07364e+07,0,0,1.30946e+07
0,0,0,7.83994e+08,0,3.17168e+07,0,0,1.30946e+07
0,0,0,7.83994e+08,0,3.17173e+07,0,0,1.30946e+07
0,0,0,7.83994e+08,0,3.17178e+07,0,0,1.30946e+07
0,0,0,7.83994e+08,0,3.17183e+07,0,0,1.30946e+07
0,0,0,7.83994e+08,0,3.51601e+07,0,0,1.30946e+07
0,0,0,7.83994e+08,0,3.51606e+07,0,0,1.30946e+07
0,0,0,7.83994e+08,0,3.51612e+07,0,0,1.30946e+07
0,0,0,7.83994e+08,0,3.51618e+07,0,0,1.30946e+07
0,0,0,7.83994e+08,0,3.04256e+07,0,0,1.30946e+07
0,0,0,7.83994e+08,0,3.04261e+07,0,0,1.30946e+07
0,0,0,7.83994e+08,0,3.04266e+07,0,0,1.30946e+07
0,0,0,7.83994e+08,0,3.0427e+07,0,0,1.30946e+07
0,0,0,7.83994e+08,0,3.04275e+07,0,0,1.30946e+07
0,0,0,7.83994e+08,0,3.16011e+07,0,0,1.30946e+07
0,0,0,7.83994e+08,0,3.16016e+07,0,0,1.30946e+07
0,0,0,7.83994e+08,0,3.16021e+07,0,0,1.30946e+07
0,0,0,7.83994e+08,0,3.16026e+07,0,0,1.30946e+07
0,0,0,7.83994e+08,0,3.11461e+07,0,0,1.30946e+07
0,0,0,7.83994e+08,0,3.11466e+07,0,0,1.30946e+07
0,0,0,7.83994e+08,0,3.11471e+07,0,0,1.30946e+07
0,0,0,7.83994e+08,0,3.11476e+07,0,0,1.30946e+07
0,0,0,7.83994e+08,0,3.27388e+07,0,0,1.30946e+07
0,0,0,7.83994e+08,0,3.27393e+07,0,0,1.30946e+07
0,0,0,7.83994e+08,0,3.27398e+07,0,0,1.30946e+07
0,0,0,7.83994e+08,0,3.27403e+07,0,0,1.30946e+07
0,0,0,7.83994e+08,0,3.27409e+07,0,0,1.30946e+07
0,0,0,7.83994e+08,0,3.31159e+07,0,0,1.30946e+07
0,0,0,7.83994e+08,0,3.31165e+07,0,0,1.30946e+07
0,0,0,7.83994e+08,0,3.3117e+07,0,0,1.30946e+07
0,0,0,7.83994e+08,0,3.31175e+07,0,0,1.30946e+07
0,0,0,7.83994e+08,0,3.39113e+07,0,0,1.30946e+07
0,0,0,7.83994e+08,0,3.39118e+07,0,0,1.30946e+07
0,0,0,7.83994e+08,0,3.39123e+07,0,0,1.30946e+07
0,0,0,7.83994e+08,0,3.39129e+07,0,0,1.30946e+07
0,0,0,7.83994e+08,0,3.65441e+07,0,0,1.30946e+07
0,0,0,7.83994e+08,0,3.65446e+07,0,0,1.30946e+07
0,0,0,7.83994e+08,0,3.65452e+07,0,0,1.30946e+07
0,0,0,7.83994e+08,0,3.65458e+07,0,0,1.30946e+07
0,0,0,7.83994e+08,0,3.65464e+07,0,0,1.30946e+07
0,0,0,7.83994e+08,0,3.50698e+07,0,0,1.30946e+07
0,0,0,7.83994e+08,0,3.50704e+07,0,0,1.30946e+07
0,0,0,7.83994e+08,0,3.50709e+07,0,0,1.30946e+07
0,0,0,7.83994e+08,0,3.50715e+07,0,0,1.30946e+07
0,0,0,7.83994e+08,0,3.37709e+07,0,0,1.30946e+07
0,0,0,7.83994e+08,0,3.37715e+07,0,0,1.30946e+07
0,0,0,7.83994e+08,0,3.3772e+07,0,0,1.30946e+07
0,0,0,7.83994e+08,0,3.37726e+07,0,0,1.30946e+07
0,0,0,7.83994e+08,0,3.076e+07,0,0,1.30946e+07
0,0,0,7.83994e+08,0,3.07605e+07,0,0,1.30946e+07
0,0,0,7.83994e+08,0,3.0761e+07,0,0,1.30946e+07
0,0,0,7.83994e+08,0,3.07615e+07,0,0,1.30946e+07
0,0,0,7.83994e+08,0,3.0762e+07,0,0,1.30946e+07
0,0,0,7.83994e+08,0,3.0762e+07,0,0,1.30946e+07
0,0,0,7.83994e+08,0,3.1743e+07,0,0,1.30946e+07
0,0,0,7.83994e+08,0,3.17433e+07,0,0,1.30946e+07
0,0,0,7.83994e+08,0,3.17435e+07,0,0,1.30946e+07
0,0,0,7.83994e+08,0,3.17438e+07,0,0,1.30946e+07
0,0,0,7.83994e+08,0,3.51881e+07,0,0,1.30946e+07
0,0,0,7.83994e+08,0,3.51884e+07,0,0,1.30946e+07
0,0,0,7.83994e+08,0,3.51887e+07,0,0,1.30946e+07
0,0,0,7.83994e+08,0,3.5189e+07,0,0,1.30946e+07
0,0,0,7.83994e+08,0,3.04489e+07,0,0,1.30946e+07
0,0,0,7.83994e+08,0,3.04492e+07,0,0,1.30946e+07
0,0,0,7.83994e+08,0,3.04494e+07,0,0,1.30946e+07
0,0,0,7.83994e+08,0,3.04497e+07,0,0,1.30946e+07
0,0,0,7.83994e+08,0,3.04499e+07,0,0,1.30946e+07
0,0,0,7.83994e+08,0,3.16241e+07,0,0,1.30946e+07
0,0,0,7.83994e+08,0,3.16244e+07,0,0,1.30946e+07
0,0,0,7.83994e+08,0,3.16246e+07,0,0,1.30946e+07
0,0,0,7.83994e+08,0,3.16249e+07,0,0,1.30946e+07
0,0,0,7.83994e+08,0,3.39419e+07,-1.78299e+06,1.78299e+06,1.30946e+07
0,0,0,7.83994e+08,0,3.39422e+07,-1.78299e+06,1.78299e+06,1.30946e+07
0,0,0,7.83994e+08,0,3.39425e+07,-1.78299e+06,1.78299e+06,1.30946e+07
0,0,0,7.83994e+08,0,3.39427e+07,-1.78299e+06,1.78299e+06,1.30946e+07
0,0,0,7.83994e+08,0,3.55347e+07,-1.78299e+06,1.78299e+06,1.30946e+07
0,0,0,7.83994e+08,0,3.55349e+07,-1.78299e+06,1.78299e+06,1.30946e+07
0,0,0,7.83994e+08,0,3.55352e+07,-1.78299e+06,1.78299e+06,1.30946e+07
0,0,0,7.83994e+08,0,3.55355e+07,-1.78299e+06,1.78299e+06,1.30946e+07
0,0,0,7.83994e+08,0,3.55358e+07,-1.78299e+06,1.78299e+06,1.30946e+07
0,0,0,7.83994e+08,0,3.59109e+07,-1.78299e+06,1.78299e+06,1.30946e+07
0,0,0,7.83994e+08,0,3.59112e+07,-1.78299e+06,1.78299e+06,1.30946e+07
0,0,0,7.83994e+08,0,3.59114e+07,-1.78299e+06,1.78299e+06,1.30946e+07
0,0,0,7.83994e+08,0,3.59117e+07,-1.78299e+06,1.78299e+06,1.30946e+07
0,0,0,7.83994e+08,0,3.67057e+07,-1.78299e+06,1.78299e+06,1.30946e+07
0,0,0,7.83994e+08,0,3.6706e+07,-1.78299e+06,1.78299e+06,1.30946e+07
0,0,0,7.83994e+08,0,3.67063e+07,-1.78299e+06,1.78299e+06,1.30946e+07
0,0,0,7.83994e+08,0,3.67066e+07,-1.78299e+06,1.78299e+06,1.30946e+07
0,0,0,7.83994e+08,0,3.9339e+07,-1.78299e+06,1.78299e+06,1.30946e+07
0,0,0,7.83994e+08,0,3.87023e+07,-1.37354e+06,1.37354e+06,1.30946e+07
0,0,0,7.83994e+08,0,3.87025e+07,-1.37348e+06,1.37348e+06,1.30946e+07
0,0,0,7.83994e+08,0,3.87027e+07,-1.37343e+06,1.37343e+06,1.30946e+07
0,0,0,7.83994e+08,0,3.87029e+07,-1.37337e+06,1.37337e+06,1.30946e+07
0,0,0,7.83994e+08,0,3.72252e+07,-1.37331e+06,1.37331e+06,1.30946e+07
0,0,0,7.83994e+08,0,3.77391e+07,-1.70347e+06,1.70347e+06,1.30946e+07
0,0,0,7.83994e+08,0,3.77394e+07,-1.70341e+06,1.70341e+06,1.30946e+07
0,0,0,7.83994e+08,0,3.77396e+07,-1.70336e+06,1.70336e+06,1.30946e+07
0,0,0,7.83994e+08,0,3.6438e+07,-1.7033e+06,1.7033e+06,1.30946e+07
0,0,0,7.83994e+08,0,3.65623e+07,-1.78299e+06,1.78299e+06,1.30946e+07
0,0,0,7.83994e+08,0,3.37886e+07,0,0,1.30946e+07
0,0,0,7.83994e+08,0,3.65629e+07,-1.78299e+06,1.78299e+06,1.30946e+07
0,0,0,7.83994e+08,0,3.07746e+07,0,0,1.30946e+07
0,0,0,7.83994e+08,0,3.07749e+07,0,0,1.30946e+07
0,0,0,7.83994e+08,0,3.07752e+07,0,0,1.30946e+07
0,0,0,7.83994e+08,0,3.07754e+07,0,0,1.30946e+07
0,0,0,7.83994e+08,0,3.35497e+07,-1.78299e+06,1.78299e+06,1.30946e+07
0,0,0,7.83994e+08,0,3.17569e+07,0,0,1.30946e+07
0,0,0,7.83994e+08,0,3.17569e+07,0,0,1.30946e+07
0,0,0,7.83994e+08,0,3.1757e+07,0,0,1.30946e+07
0,0,0,7.83994e+08,0,3.4531e+07,-1.78299e+06,1.78299e+06,1.30946e+07
0,0,0,7.83994e+08,0,3.79764e+07,-1.78299e+06,1.78299e+06,1.30946e+07
0,0,0,7.83994e+08,0,3.79525e+07,-1.76756e+06,1.76756e+06,1.30946e+07
0,0,0,7.83994e+08,0,3.79525e+07,-1.76756e+06,1.76756e+06,1.30946e+07
0,0,0,7.83994e+08,0,3.79525e+07,-1.76755e+06,1.76755e+06,1.30946e+07
0,0,0,7.83994e+08,0,3.32104e+07,-1.76754e+06,1.76754e+06,1.30946e+07
0,0,0,7.83994e+08,0,3.32345e+07,-1.78299e+06,1.78299e+06,1.30946e+07
0,0,0,7.83994e+08,0,3.32345e+07,-1.78299e+06,1.78299e+06,1.30946e+07
0,0,0,7.83994e+08,0,3.32345e+07,-1.78299e+06,1.78299e+06,1.30946e+07
0,0,0,7.83994e+08,0,3.32346e+07,-1.78299e+06,1.78299e+06,1.30946e+07
0,0,0,7.83994e+08,0,3.44089e+07,-1.78299e+06,1.78299e+06,1.30946e+07
0,0,0,7.83994e+08,0,3.44089e+07,-1.78299e+06,1.78299e+06,1.30946e+07
0,0,0,7.83994e+08,0,3.4409e+07,-1.78299e+06,1.78299e+06,1.30946e+07
0,0,0,7.83994e+08,0,3.4409e+07,-1.78299e+06,1.78299e+06,1.30946e+07
0,0,0,7.83994e+08,0,3.39516e+07,-1.78299e+06,1.78299e+06,1.30946e+07
0,0,0,7.83994e+08,0,3.39517e+07,-1.78299e+06,1.78299e+06,1.30946e+07
0,0,0,7.83994e+08,0,3.39517e+07,-1.78299e+06,1.78299e+06,1.30946e+07
0,0,0,7.83994e+08,0,3.39518e+07,-1.78299e+06,1.78299e+06,1.30946e+07
0,0,0,7.83994e+08,0,3.55439e+07,-1.78299e+06,1.78299e+06,1.30946e+07
0,0,0,7.83994e+08,0,3.5544e+07,-1.78299e+06,1.78299e+06,1.30946e+07
0,0,0,7.83994e+08,0,3.5544e+07,-1.78299e+06,1.78299e+06,1.30946e+07
0,0,0,7.83994e+08,0,3.5544e+07,-1.78299e+06,1.78299e+06,1.30946e+07
0,0,0,7.83994e+08,0,3.55441e+07,-1.78299e+06,1.78299e+06,1.30946e+07
0,0,0,7.83994e+08,0,3.5919e+07,-1.78299e+06,1.78299e+06,1.30946e+07
0,0,0,7.83994e+08,0,3.5919e+07,-1.78299e+06,1.78299e+06,1.30946e+07
0,0,0,7.83994e+08,0,3.59191e+07,-1.78299e+06,1.78299e+06,1.30946e+07
0,0,0,7.83994e+08,0,3.59191e+07,-1.78299e+06,1.78299e+06,1.30946e+07
0,0,0,7.83994e+08,0,3.6713e+07,-1.78299e+06,1.78299e+06,1.30946e+07
0,0,0,7.83994e+08,0,3.6713e+07,-1.78299e+06,1.78299e+06,1.30946e+07
0,0,0,7.83994e+08,0,3.67131e+07,-1.78299e+06,1.78299e+06,1.30946e+07
0,0,0,7.83994e+08,0,3.67131e+07,-1.78299e+06,1.78299e+06,1.30946e+07
0,0,0,7.83994e+08,0,3.93458e+07,-1.78299e+06,1.78299e+06,1.30946e+07
0,0,0,7.83994e+08,0,3.87068e+07,-1.37227e+06,1.37227e+06,1.30946e+07
0,0,0,7.83994e+08,0,3.87068e+07,-1.37226e+06,1.37226e+06,1.30946e+07
0,0,0,7.83994e+08,0,3.87069e+07,-1.37225e+06,1.37225e+06,1.30946e+07
0,0,0,7.83994e+08,0,3.87069e+07,-1.37224e+06,1.37224e+06,1.30946e+07
0,0,0,7.83994e+08,0,3.72287e+07,-1.37224e+06,1.37224e+06,1.30946e+07
0,0,0,7.83994e+08,0,3.77426e+07,-1.70249e+06,1.70249e+06,1.30946e+07
0,0,0,7.83994e+08,0,3.77426e+07,-1.70249e+06,1.70249e+06,1.30946e+07
0,0,0,7.83994e+08,0,3.77426e+07,-1.70248e+06,1.70248e+06,1.30946e+07
0,0,0,7.83994e+08,0,3.64408e+07,-1.70247e+06,1.70247e+06,1.30946e+07
0,0,0,7.83994e+08,0,3.65661e+07,-1.78299e+06,1.78299e+06,1.30946e+07
0,0,0,7.83994e+08,0,3.65661e+07,-1.78299e+06,1.78299e+06,1.30946e+07
0,0,0,7.83994e+08,0,3.65661e+07,-1.78299e+06,1.78299e+06,1.30946e+07
0,0,0,7.83994e+08,0,3.35514e+07,-1.78299e+06,1.78299e+06,1.30946e+07
0,0,0,7.83994e+08,0,3.35514e+07,-1.78299e+06,1.78299e+06,1.30946e+07
0,0,0,7.83994e+08,0,3.35515e+07,-1.78299e+06,1.78299e+06,1.30946e+07
0,0,0,7.83994e+08,0,3.35515e+07,-1.78299e+06,1.78299e+06,1.30946e+07
0,0,0,7.83994e+08,0,3.35515e+07,-1.78299e+06,1.78299e+06,1.30946e+07
0,0,0,7.83994e+08,0,3.45326e+07,-1.78299e+06,1.78299e+06,1.30946e+07
0,0,0,7.83994e+08,0,3.17584e+07,0,0,1.30946e+07
0,0,0,7.83994e+08,0,3.45322e+07,-1.78299e+06,1.78299e+06,1.30946e+07
0,0,0,7.83994e+08,0,3.1758e+07,0,0,1.30946e+07
0,0,0,7.83994e+08,0,3.79772e+07,-1.78299e+06,1.78299e+06,1.30946e+07
0,0,0,7.83994e+08,0,3.5203e+07,0,0,1.30946e+07
0,0,0,7.83994e+08,0,3.79526e+07,-1.76746e+06,1.76746e+06,1.30946e+07
0,0,0,7.83994e+08,0,3.52026e+07,0,0,1.30946e+07
0,0,0,7.83994e+08,0,3.04602e+07,0,0,1.30946e+07
0,0,0,7.83994e+08,0,3.3234e+07,-1.78299e+06,1.78299e+06,1.30946e+07
0,0,0,7.83994e+08,0,3.32338e+07,-1.78299e+06,1.78299e+06,1.30946e+07
0,0,0,7.83994e+08,0,3.32337e+07,-1.78299e+06,1.78299e+06,1.30946e+07
0,0,0,7.83994e+08,0,3.32335e+07,-1.78299e+06,1.78299e+06,1.30946e+07
0,0,0,7.83994e+08,0,3.44075e+07,-1.78299e+06,1.78299e+06,1.30946e+07
0,0,0,7.83994e+08,0,3.44073e+07,-1.78299e+06,1.78299e+06,1.30946e+07
0,0,0,7.83994e+08,0,3.44071e+07,-1.78299e+06,1.78299e+06,1.30946e+07
0,0,0,7.83994e+08,0,3.44069e+07,-1.78299e+06,1.78299e+06,1.30946e+07
0,0,0,7.83994e+08,0,3.39494e+07,-1.78299e+06,1.78299e+06,1.30946e+07
0,0,0,7.83994e+08,0,3.39492e+07,-1.78299e+06,1.78299e+06,1.30946e+07
0,0,0,7.83994e+08,0,3.3949e+07,-1.78299e+06,1.78299e+06,1.30946e+07
0,0,0,7.83994e+08,0,3.39488e+07,-1.78299e+06,1.78299e+06,1.30946e+07
0,0,0,7.83994e+08,0,3.55405e+07,-1.78299e+06,1.78299e+06,1.30946e+07
0,0,0,7.83994e+08,0,3.55403e+07,-1.78299e+06,1.78299e+06,1.30946e+07
0,0,0,7.83994e+08,0,3.55401e+07,-1.78299e+06,1.78299e+06,1.30946e+07
0,0,0,7.83994e+08,0,3.55399e+07,-1.78299e+06,1.78299e+06,1.30946e+07
0,0,0,7.83994e+08,0,3.55397e+07,-1.78299e+06,1.78299e+06,1.30946e+07
0,0,0,7.83994e+08,0,3.59144e+07,-1.78299e+06,1.78299e+06,1.30946e+07
0,0,0,7.83994e+08,0,3.59141e+07,-1.78299e+06,1.78299e+06,1.30946e+07
0,0,0,7.83994e+08,0,3.59139e+07,-1.78299e+06,1.78299e+06,1.30946e+07
0,0,0,7.83994e+08,0,3.59137e+07,-1.78299e+06,1.78299e+06,1.30946e+07
0,0,0,7.83994e+08,0,3.67072e+07,-1.78299e+06,1.78299e+06,1.30946e+07
0,0,0,7.83994e+08,0,3.6707e+07,-1.78299e+06,1.78299e+06,1.30946e+07
0,0,0,7.83994e+08,0,3.39328e+07,0,0,1.30946e+07
0,0,0,7.83994e+08,0,3.39326e+07,0,0,1.30946e+07
0,0,0,7.83994e+08,0,3.65645e+07,0,0,1.30946e+07
0,0,0,7.83994e+08,0,3.65643e+07,0,0,1.30946e+07
0,0,0,7.83994e+08,0,3.6564e+07,0,0,1.30946e+07
0,0,0,7.83994e+08,0,3.65638e+07,0,0,1.30946e+07
0,0,0,7.83994e+08,0,3.65636e+07,0,0,1.30946e+07
0,0,0,7.83994e+08,0,3.50855e+07,0,0,1.30946e+07
0,0,0,7.83994e+08,0,3.50853e+07,0,0,1.30946e+07
0,0,0,7.83994e+08,0,3.5085e+07,0,0,1.30946e+07
0,0,0,7.83994e+08,0,3.50848e+07,0,0,1.30946e+07
0,0,0,7.83994e+08,0,3.3783e+07,0,0,1.30946e+07
0,0,0,7.83994e+08,0,3.37828e+07,0,0,1.30946e+07
0,0,0,7.83994e+08,0,3.37826e+07,0,0,1.30946e+07
0,0,0,7.83994e+08,0,3.37824e+07,0,0,1.30946e+07
0,0,0,7.83994e+08,0,3.07683e+07,0,0,1.30946e+07
0,0,0,7.83994e+08,0,3.07681e+07,0,0,1.30946e+07
0,0,0,7.83994e+08,0,3.07679e+07,0,0,1.30946e+07
0,0,0,7.83994e+08,0,3.07677e+07,0,0,1.30946e+07
0,0,0,7.83994e+08,0,3.07675e+07,0,0,1.30946e+07
0,0,0,7.83994e+08,0,3.1748e+07,0,0,1.30946e+07
0,0,0,7.83994e+08,0,3.17476e+07,0,0,1.30946e+07
0,0,0,7.83994e+08,0,3.17471e+07,0,0,1.30946e+07
0,0,0,7.83994e+08,0,3.17467e+07,0,0,1.30946e+07
0,0,0,7.83994e+08,0,3.51905e+07,0,0,1.30946e+07
0,0,0,7.83994e+08,0,3.519e+07,0,0,1.30946e+07
0,0,0,7.83994e+08,0,3.51895e+07,0,0,1.30946e+07
0,0,0,7.83994e+08,0,3.51891e+07,0,0,1.30946e+07
0,0,0,7.83994e+08,0,3.04483e+07,0,0,1.30946e+07
0,0,0,7.83994e+08,0,3.04479e+07,0,0,1.30946e+07
0,0,0,7.83994e+08,0,3.04475e+07,0,0,1.30946e+07
0,0,0,7.83994e+08,0,3.04471e+07,0,0,1.30946e+07
0,0,0,7.83994e+08,0,3.04466e+07,0,0,1.30946e+07
0,0,0,7.83994e+08,0,3.162e+07,0,0,1.30946e+07
0,0,0,7.83994e+08,0,3.16195e+07,0,0,1.30946e+07
0,0,0,7.83994e+08,0,3.16191e+07,0,0,1.30946e+07
0,0,0,7.83994e+08,0,3.16187e+07,0,0,1.30946e+07
0,0,0,7.83994e+08,0,3.11611e+07,0,0,1.30946e+07
0,0,0,7.83994e+08,0,3.11607e+07,0,0,1.30946e+07
0,0,0,7.83994e+08,0,3.11602e+07,0,0,1.30946e+07
0,0,0,7.83994e+08,0,3.11598e+07,0,0,1.30946e+07
0,0,0,7.83994e+08,0,3.27506e+07,0,0,1.30946e+07
0,0,0,7.83994e+08,0,3.27501e+07,0,0,1.30946e+07
0,0,0,7.83994e+08,0,3.27497e+07,0,0,1.30946e+07
0,0,0,7.83994e+08,0,3.27492e+07,0,0,1.30946e+07
0,0,0,7.83994e+08,0,3.27488e+07,0,0,1.30946e+07
0,0,0,7.83994e+08,0,3.3123e+07,0,0,1.30946e+07
0,0,0,7.83994e+08,0,3.31226e+07,0,0,1.30946e+07
0,0,0,7.83994e+08,0,3.31221e+07,0,0,1.30946e+07
0,0,0,7.83994e+08,0,3.31217e+07,0,0,1.30946e+07
0,0,0,7.83994e+08,0,3.39145e+07,0,0,1.30946e+07
0,0,0,7.83994e+08,0,3.3914e+07,0,0,1.30946e+07
0,0,0,7.83994e+08,0,3.39136e+07,0,0,1.30946e+07
0,0,0,7.83994e+08,0,3.39131e+07,0,0,1.30946e+07
0,0,0,7.83994e+08,0,3.65432e+07,0,0,1.30946e+07
0,0,0,7.83994e+08,0,3.65427e+07,0,0,1.30946e+07
0,0,0,7.83994e+08,0,3.65422e+07,0,0,1.30946e+07
0,0,0,7.83994e+08,0,3.65417e+07,0,0,1.30946e+07
0,0,0,7.83994e+08,0,3.65412e+07,0,0,1.30946e+07
0,0,0,7.83994e+08,0,3.50638e+07,0,0,1.30946e+07
0,0,0,7.83994e+08,0,3.50633e+07,0,0,1.30946e+07
0,0,0,7.83994e+08,0,3.50628e+07,0,0,1.30946e+07
0,0,0,7.83994e+08,0,3.50623e+07,0,0,1.30946e+07
0,0,0,7.83994e+08,0,3.37611e+07,0,0,1.30946e+07
0,0,0,7.83994e+08,0,3.37607e+07,0,0,1.30946e+07
0,0,0,7.83994e+08,0,3.37602e+07,0,0,1.30946e+07
