0volume,0demand,0up_spill,0ww_inflow,0catch_inflow,0evap,0ds_spill,0treat_cap,1volume,1demand,1up_spill,1ww_inflow,1catch_inflow,1evap,1ds_spill,1treat_cap,2volume,2s_area,2demand,2up_spill,2ww_inflow,2catch_inflow,2evap,2ds_spill,2treat_cap,2valloc_0,2talloc_0,2valloc_1,2talloc_1,3volume,3demand,3up_spill,3ww_inflow,3catch_inflow,3evap,3ds_spill,3treat_cap,3valloc_1,3talloc_1,3valloc_2,3talloc_2,4demand,4up_spill,4ww_inflow,4catch_inflow,4ds_spill,4treat_cap,11volume,11s_area,11demand,11up_spill,11ww_inflow,11catch_inflow,11evap,11ds_spill,11treat_cap
71.7119,2.06293,0,0,2.09632,0.248621,0.36288,3.6288,61.308,0,0,0,0.801446,0.188868,0.612578,0.66528,12.849,1,0.36667,0.36288,0,41.8478,3.51729,38.3268,0.84672,12.849,0.84672,3695.15,0,0,0,0.0545283,0,3.6657,0.873222,2.84701,0.42336,0,0.42336,460.49,0,1.40931,0,0,1.46384,0.0545283,1.028160,1,0,41.7863,0,0,0,41.7863,0
72.0749,2.0613,0,0,3.03477,0.247531,0.36288,3.6288,61.308,0.381757,0,0,0.821693,0.188868,0.251067,0.66528,12.849,1,0.369335,0.36288,0,42.0508,3.51729,38.527,0.84672,12.849,0.84672,3695.15,0,0,0,0.591702,1.54414,3.83092,0.873222,5.09355,0.42336,0,0.42336,460.49,0,1.02816,0,0,1.61986,0.591702,1.028160,1,0,43.8717,0,0,0,43.8717,0
72.29,2.06377,0,0,4.85438,0.248216,2.32734,3.6288,61.308,0.382362,0,0,0.928973,0.188868,0.357742,0.66528,12.849,1,0.367914,2.32734,0,66.5727,3.51729,65.0148,0.84672,12.849,0.84672,3695.15,0,0,0,0.751274,1.5448,5.18593,0.873222,6.60878,0.42336,0,0.42336,460.49,0,1.02816,0,0,1.77943,0.751274,1.028160,1,0,71.9813,0,0,0,71.9813,0
72.29,2.06558,0,0,6.24958,0.331275,3.85272,3.6288,61.308,0.382967,0,0,0.910112,0.19709,0.330055,0.66528,12.849,1,0.367142,3.85272,0,95.6629,3.98895,95.1596,0.84672,12.849,0.84672,3695.15,0,0,0,0.73751,1.54547,5.50128,1.13713,6.64713,0.42336,0,0.42336,460.49,0,1.02816,0,0,1.76567,0.73751,1.028160,1,0,102.137,0,0,0,102.137,0
72.29,2.26803,0,0,4.99787,0.322513,2.40733,3.6288,61.308,0.549563,0,0,1.04661,0.201191,0.295852,0.66528,12.849,1,0.403125,2.40733,0,82.5485,4.27119,80.2815,0.84672,12.849,0.84672,3695.15,0,0,0,0.852664,1.54613,6.12031,1.11497,7.40413,0.42336,0,0.42336,460.49,0,1.02816,0,0,1.88082,0.852664,1.028160,1,0,87.9815,0,0,0,87.9815,0
72.29,2.269,0,0,3.77393,0.315941,1.18899,3.6288,61.308,0.550239,0,0,0.870188,0.204267,0.115682,0.66528,12.849,1,0.403298,1.18899,0,76.3386,4.48287,72.6415,0.84672,12.849,0.84672,3695.15,0,0,0,0.821586,1.71952,5.75349,1.09835,7.19624,0.42336,0,0.42336,460.49,0,1.02816,0,0,1.84975,0.821586,1.028160,1,0,79.9534,0,0,0,79.9534,0
71.505,2.26997,0,0,2.14574,0.297853,0.36288,3.6288,60.6432,1.04705,0,0,0.592699,0.210446,0,0.66528,12.849,1,0.403471,0.36288,0,42.5849,4.44539,38.0989,0.84672,12.849,0.84672,3695.15,0,0,0,0.608429,1.72026,3.58991,1.07325,4.84535,0.42336,0,0.42336,460.49,0,0.532025,0,0,1.14045,0.608429,1.028160,1,0,42.9443,0,0,0,42.9443,0
71.5612,2.26719,0,0,2.95829,0.272105,0.36288,3.6288,60.5548,0.685721,0,0,0.815041,0.217766,0,0.66528,12.849,1,0.4074,0.36288,0,57.8181,4.3954,53.3782,0.84672,12.849,0.84672,3695.15,0,0,0,0.608429,1.721,5.80857,1.03978,7.09822,0.42336,0,0.42336,460.49,0,0.894033,0,0,1.50246,0.608429,1.028160,1,0,60.4764,0,0,0,60.4764,0
72.29,1.9809,0,0,3.46732,0.297879,0.459694,3.6288,61.0973,0.3591,0,0,1.11293,0.211302,0,0.66528,12.849,1,0.355675,0.459694,0,90.6814,4.22039,86.565,0.84672,12.849,0.84672,3695.15,0,0,0,0.608429,1.72174,4.79488,1.04203,6.08302,0.42336,0,0.42336,460.49,0,0.998188,0,0,1.60662,0.608429,1.028160,1,0,92.648,0,0,0,92.648,0
72.29,1.98479,0,0,5.32043,0.318885,3.01676,3.6288,61.308,0.32971,0,0,1.61503,0.207257,0.867346,0.66528,12.849,1,0.352782,3.01676,0,105.271,4.08912,103.846,0.84672,12.849,0.84672,3695.15,0,0,0,1.2821,1.48651,11.6518,1.04371,13.3767,0.42336,0,0.42336,460.49,0,1.02816,0,0,2.31026,1.2821,1.028160,1,0,118.09,0,0,0,118.09,0
72.29,1.98564,0,0,3.90115,0.318885,1.59662,3.6288,61.308,0.330292,0,0,1.4425,0.207534,0.904675,0.66528,12.849,1,0.352933,1.59662,0,101.999,4.08912,99.1532,0.84672,12.849,0.84672,3695.15,0,0,0,1.30612,1.48715,7.32712,1.04371,9.07667,0.42336,0,0.42336,460.49,0,1.02816,0,0,2.33428,1.30612,1.028160,1,0,109.135,0,0,0,109.135,0
72.29,1.98649,0,0,7.54584,0.296229,5.26312,3.6288,61.308,0.330874,0,0,2.21524,0.195501,1.68886,0.66528,12.849,1,0.353084,5.26312,0,132.596,3.91473,133.592,0.84672,12.849,0.84672,3695.15,0,0,0,2.48894,1.48779,17.3637,1.01866,20.3218,0.42336,0,0.42336,460.49,0,1.02816,0,0,3.5171,2.48894,1.028160,1,0,155.602,0,0,0,155.602,0
72.29,1.98734,0,0,5.19272,0.35478,2.85059,3.6288,61.308,0.331456,0,0,2.31454,0.242544,1.74054,0.66528,12.849,1,0.353235,2.85059,0,131.468,4.42876,129.537,0.84672,12.849,0.84672,3695.15,0,0,0,2.2063,1.48843,11.3536,1.11203,13.9363,0.42336,0,0.42336,460.49,0,1.02816,0,0,3.23446,2.2063,1.028160,1,0,145.213,0,0,0,145.213,0
72.29,2.06084,0,0,3.76267,0.349975,1.35185,3.6288,61.308,0.386744,0,0,1.16949,0.189457,0.593292,0.66528,12.849,1,0.366299,1.35185,0,89.2089,4.2756,85.9188,0.84672,12.849,0.84672,3695.15,0,0,0,1.89727,1.48906,6.27291,0.956553,8.70269,0.42336,0,0.42336,460.49,0,1.02816,0,0,2.92543,1.89727,1.028160,1,0,95.2148,0,0,0,95.2148,0
72.29,2.06172,0,0,4.9933,0.349975,2.5816,3.6288,61.308,0.38735,0,0,1.78717,0.189457,1.21036,0.66528,12.849,1,0.366455,2.5816,0,109.139,4.2756,107.078,0.84672,12.849,0.84672,3695.15,0,0,0,2.19894,1.548,8.309,0.956553,11.0994,0.42336,0,0.42336,460.49,0,1.02816,0,0,3.2271,2.19894,1.028160,1,0,119.388,0,0,0,119.388,0
72.29,2.0626,0,0,3.76667,0.314465,1.3896,3.6288,61.308,0.387956,0,0,1.45814,0.215203,0.854979,0.66528,12.849,1,0.366612,1.3896,0,81.1918,4.65608,77.5587,0.84672,12.849,0.84672,3695.15,0,0,0,1.52262,1.54866,6.72624,1.08773,8.7098,0.42336,0,0.42336,460.49,0,1.02816,0,0,2.55078,1.52262,1.028160,1,0,87.1235,0,0,0,87.1235,0
72.29,2.06349,0,0,2.87862,0.267119,0.548017,3.6288,61.308,0.388562,0,0,0.987509,0.24953,0.349416,0.66528,12.849,1,0.366769,0.548017,0,69.0612,5.16338,64.0791,0.84672,12.849,0.84672,3695.15,0,0,0,0.708627,1.54933,4.52878,1.26262,5.52411,0.42336,0,0.42336,460.49,0,1.02816,0,0,1.73679,0.708627,1.028160,1,0,69.9526,0,0,0,69.9526,0
72.29,2.03592,0,0,2.70805,0.252371,0.419763,3.6288,61.308,0.367885,0,0,0.98223,0.247905,0.36644,0.66528,12.849,1,0.361869,0.419763,0,59.92,4.78034,55.1976,0.84672,12.849,0.84672,3695.15,0,0,0,1.20112,1.54999,4.59837,1.23463,6.11485,0.42336,0,0.42336,460.49,0,1.02816,0,0,2.22928,1.20112,1.028160,1,0,61.6789,0,0,0,61.6789,0
72.0291,2.03679,0,0,2.3887,0.249913,0.36288,3.6288,61.308,0.368482,0,0,0.886041,0.247634,0.269924,0.66528,12.849,1,0.362024,0.36288,0,51.3444,4.7165,46.6288,0.84672,12.849,0.84672,3695.15,0,0,0,1.04941,1.52793,4.13957,1.22997,5.48695,0.42336,0,0.42336,460.49,0,1.02816,0,0,2.07757,1.04941,1.028160,1,0,52.3856,0,0,0,52.3856,0
71.5029,2.03655,0,0,2.12259,0.249418,0.36288,3.6288,61.308,0.36908,0,0,0.96101,0.247634,0.344296,0.66528,12.849,1,0.363292,0.36288,0,47.6892,4.7165,42.9723,0.84672,12.849,0.84672,3695.15,0,0,0,1.18828,1.52858,4.24713,1.22997,5.73402,0.42336,0,0.42336,460.49,0,1.02816,0,0,2.21644,1.18828,1.028160,1,0,49.0506,0,0,0,49.0506,0
71.0733,2.03515,0,0,2.2169,0.24842,0.36288,3.6288,61.308,0.369678,0,0,0.823176,0.247634,0.205864,0.66528,12.849,1,0.365715,0.36288,0,47.2972,4.7165,42.5778,0.84672,12.849,0.84672,3695.15,0,0,0,0.812108,1.52924,4.98347,1.22997,6.09485,0.42336,0,0.42336,460.49,0,1.02816,0,0,1.84027,0.812108,1.028160,1,0,48.8786,0,0,0,48.8786,0
70.6056,2.13064,0,0,2.22453,0.19876,0.36288,3.6288,61.308,0.445882,0,0,0.796124,0.251867,0.0983749,0.66528,12.849,1,0.385189,0.36288,0,46.5179,5.27188,41.2237,0.84672,12.849,0.84672,3695.15,0,0,0,0.935392,1.52989,4.40979,1.19723,5.67784,0.42336,0,0.42336,460.49,0,1.02816,0,0,1.96355,0.935392,1.028160,1,0,47,0,0,0,47,0
69.8967,2.12939,0,0,1.95857,0.175184,0.36288,3.6288,61.308,0.446513,0,0,0.742962,0.23674,0.0597094,0.66528,12.849,1,0.387513,0.36288,0,40.1303,4.37493,35.7307,0.84672,12.849,0.84672,3695.15,0,0,0,0.886239,1.61031,3.73917,1.08903,5.14668,0.42336,0,0.42336,460.49,0,1.02816,0,0,1.9144,0.886239,1.028160,1,0,40.9371,0,0,0,40.9371,0
69.0917,2.12698,0,0,1.85912,0.17423,0.36288,3.6288,61.3022,0.447143,0,0,0.678076,0.23674,0,0.66528,12.849,1,0.391,0.36288,0,36.3668,4.37493,31.9637,0.84672,12.849,0.84672,3695.15,0,0,0,0.679458,1.611,3.50959,1.08903,4.71101,0.42336,0,0.42336,460.49,0,1.02816,0,0,1.70762,0.679458,1.028160,1,0,36.6748,0,0,0,36.6748,0
68.1521,2.12405,0,0,1.68533,0.138029,0.36288,3.6288,61.2414,0.447774,0,0,0.647317,0.260339,0,0.66528,12.849,1,0.39501,0.36288,0,32.066,4.64268,27.3912,0.84672,12.849,0.84672,3695.15,0,0,0,0.623652,1.61169,3.41842,1.15745,4.49632,0.42336,0,0.42336,460.49,0,1.02816,0,0,1.65181,0.623652,1.028160,1,0,31.8875,0,0,0,31.8875,0
67.2414,2.12037,0,0,1.69456,0.12196,0.36288,3.6288,61.1497,0.448405,0,0,0.633691,0.276971,0,0.66528,12.849,1,0.399763,0.36288,0,31.5134,4.89502,26.5815,0.84672,12.849,0.84672,3695.15,0,0,0,0.568192,1.61238,3.54166,1.20998,4.51224,0.42336,0,0.42336,460.49,0,1.02816,0,0,1.59635,0.568192,1.028160,1,0,31.0937,0,0,0,31.0937,0
66.5266,2.09777,0,0,1.86026,0.11444,0.36288,3.6288,60.9702,0.490679,0,0,0.631669,0.32054,0,0.66528,12.849,1,0.400859,0.36288,0,31.3284,5.76649,25.5239,0.84672,12.849,0.84672,3695.15,0,0,0,0.444407,1.61307,3.50644,1.36104,4.20288,0.42336,0,0.42336,460.49,0,1.02816,0,0,1.47257,0.444407,1.028160,1,0,29.7268,0,0,0,29.7268,0
65.6481,2.09506,0,0,1.69323,0.113795,0.36288,3.6288,60.7646,0.491328,0,0,0.605979,0.320176,0,0.66528,12.849,1,0.404642,0.36288,0,28.2813,5.76649,22.4731,0.84672,12.849,0.84672,3695.15,0,0,0,0.340934,1.6417,3.17856,1.36104,3.80016,0.42336,0,0.42336,460.49,0,1.02816,0,0,1.36909,0.340934,1.028160,1,0,26.2732,0,0,0,26.2732,0
64.6564,2.09142,0,0,1.57562,0.113002,0.36288,3.6288,60.4691,0.540241,0,0,0.564414,0.319759,0,0.66528,12.849,1,0.409345,0.36288,0,25.7325,5.76649,19.9196,0.84672,12.849,0.84672,3695.15,0,0,0,0.261274,1.6424,3.11367,1.36104,3.65631,0.42336,0,0.42336,460.49,0,0.979897,0,0,1.24117,0.261274,1.028160,1,0,23.5759,0,0,0,23.5759,0
63.6283,2.08708,0,0,1.53395,0.112106,0.36288,3.6288,60.0532,0.634012,0,0,0.537361,0.319159,0,0.66528,12.849,1,0.41476,0.36288,0,23.0264,5.76649,17.208,0.84672,12.849,0.84672,3695.15,0,0,0,0.261274,1.6431,3.08141,1.36104,3.62475,0.42336,0,0.42336,460.49,0,0.886775,0,0,1.14805,0.261274,1.028160,1,0,20.8328,0,0,0,20.8328,0
62.3578,2.13099,0,0,1.31972,0.0962887,0.36288,3.6288,59.4308,0.792608,0,0,0.494945,0.324749,0,0.66528,12.849,1,0.430329,0.36288,0,18.9416,5.86677,13.0073,0.84672,12.849,0.84672,3695.15,0,0,0,0.261274,1.6438,2.8377,1.43092,3.31186,0.42336,0,0.42336,460.49,0,0.766005,0,0,1.02728,0.261274,1.028160,1,0,16.3192,0,0,0,16.3192,0
61.0849,2.12463,0,0,1.30398,0.089401,0.36288,3.6288,58.9991,0.611808,0,0,0.506128,0.326024,0,0.66528,12.849,1,0.437785,0.36288,0,24.6478,5.90688,18.666,0.84672,12.849,0.84672,3695.15,0,0,0,0.261274,1.68418,3.10656,1.45887,3.59314,0.42336,0,0.42336,460.49,0,0.947471,0,0,1.20874,0.261274,1.028160,1,0,22.2591,0,0,0,22.2591,0
59.7317,2.11799,0,0,1.21617,0.0884672,0.36288,3.6288,58.5281,0.594157,0,0,0.448299,0.325124,0,0.66528,12.849,1,0.445513,0.36288,0,19.4986,5.90688,13.5091,0.84672,12.849,0.84672,3695.15,0,0,0,0.227405,1.68489,2.83559,1.45887,3.28901,0.42336,0,0.42336,460.49,0,0.965788,0,0,1.19319,0.227405,1.028160,1,0,16.7981,0,0,0,16.7981,0
58.2771,2.11059,0,0,1.10621,0.087414,0.36288,3.6288,57.8435,0.78155,0,0,0.42109,0.324141,0,0.66528,12.849,1,0.454012,0.36288,0,17.9297,5.90688,11.9317,0.84672,12.849,0.84672,3695.15,0,0,0,0.227405,1.68561,2.59516,1.45887,3.04931,0.42336,0,0.42336,460.49,0,0.77906,0,0,1.00646,0.227405,1.028160,1,0,14.981,0,0,0,14.981,0
56.6874,2.2426,0,0,1.09267,0.0769065,0.36288,3.6288,57.341,0.66528,0,0,0.480312,0.317568,0,0.66528,12.849,1,0.49445,0.36288,0,17.1056,6.01641,10.9576,0.84672,12.849,0.84672,3695.15,0,0,0,0.302556,1.68633,3.52718,1.516,4.00007,0.42336,0,0.42336,460.49,0,1.02816,0,0,1.33072,0.302556,1.028160,1,0,14.9577,0,0,0,14.9577,0
54.7751,2.23224,0,0,0.765798,0.0829652,0.36288,3.6288,56.6576,0.780814,0,0,0.383456,0.286038,0,0.66528,12.849,1,0.50597,0.36288,0,13.0842,5.76681,7.17434,0.84672,12.849,0.84672,3695.15,0,0,0,0.227405,1.82302,3.01483,1.55424,3.51101,0.42336,0,0.42336,460.49,0,0.912626,0,0,1.14003,0.227405,1.028160,1,0,10.6854,0,0,0,10.6854,0
53.2488,2.21888,0,0,1.14123,0.0857817,0.36288,3.6288,56.1626,0.66528,0,0,0.453974,0.283729,0,0.66528,12.849,1,0.5205,0.36288,0,16.8429,5.73713,10.9482,0.84672,12.849,0.84672,3695.15,0,0,0,0.345254,1.82379,3.30415,1.5506,3.9226,0.42336,0,0.42336,460.49,0,1.02816,0,0,1.37341,0.345254,1.028160,1,0,14.8708,0,0,0,14.8708,0
52.2017,2.2078,0,0,1.62774,0.104099,0.36288,3.6288,55.8101,0.66528,0,0,0.586676,0.273876,0,0.66528,12.849,1,0.532746,0.36288,0,24.7069,5.67358,18.8634,0.84672,12.849,0.84672,3695.15,0,0,0,0.410633,1.82457,3.61771,1.52721,4.3257,0.42336,0,0.42336,460.49,0,1.02816,0,0,1.43879,0.410633,1.028160,1,0,23.1891,0,0,0,23.1891,0
50.6378,2.20017,0,0,1.09384,0.0947245,0.36288,3.6288,55.3373,0.66528,0,0,0.462096,0.269638,0,0.66528,12.849,1,0.541552,0.36288,0,24.9272,5.82635,18.9222,0.84672,12.849,0.84672,3695.15,0,0,0,0.315619,1.82535,2.48311,1.52514,3.09894,0.42336,0,0.42336,460.49,0,1.02816,0,0,1.34378,0.315619,1.028160,1,0,22.0211,0,0,0,22.0211,0
49.9687,2.12101,0,0,1.94126,0.12649,0.36288,3.6288,54.9684,0.589393,0,0,0.40294,0.182398,0,0.66528,12.849,1,0.538192,0.36288,0,24.2517,4.28859,19.7878,0.84672,12.849,0.84672,3695.15,0,0,0,0.235984,1.82613,2.71033,1.1805,3.59194,0.42336,0,0.42336,460.49,0,1.02816,0,0,1.26414,0.235984,1.028160,1,0,23.3797,0,0,0,23.3797,0
49.3693,2.11618,0,0,2.0243,0.144637,0.36288,3.6288,54.8325,0.590083,0,0,0.629475,0.175345,0,0.66528,12.849,1,0.544156,0.36288,0,24.7414,4.01699,20.5432,0.84672,12.849,0.84672,3695.15,0,0,0,0.829613,1.74806,3.74509,1.11898,5.20379,0.42336,0,0.42336,460.49,0,1.02816,0,0,1.85777,0.829613,1.028160,1,0,25.7469,0,0,0,25.7469,0
48.7569,2.11183,0,0,2.00608,0.143718,0.36288,3.6288,54.8003,0.590773,0,0,0.733821,0.175188,0,0.66528,12.849,1,0.549633,0.36288,0,24.2158,4.01699,20.0121,0.84672,12.849,0.84672,3695.15,0,0,0,1.13084,1.7488,3.78819,1.11898,5.54885,0.42336,0,0.42336,460.49,0,1.02816,0,0,2.159,1.13084,1.028160,1,0,25.561,0,0,0,25.561,0
47.9116,2.10727,0,0,1.76758,0.142772,0.36288,3.6288,54.6835,0.591463,0,0,0.649813,0.175151,0,0.66528,12.849,1,0.555332,0.36288,0,20.7744,4.01699,16.5649,0.84672,12.849,0.84672,3695.15,0,0,0,0.979543,1.74955,3.3033,1.11898,4.91341,0.42336,0,0.42336,460.49,0,1.02816,0,0,2.0077,0.979543,1.028160,1,0,21.4783,0,0,0,21.4783,0
48.0179,2.04618,0,0,2.67643,0.161013,0.36288,3.6288,54.9451,0.517602,0,0,0.912902,0.13376,0,0.66528,12.849,1,0.548747,0.36288,0,38.032,3.83615,34.01,0.84672,12.849,0.84672,3695.15,0,0,0,1.87492,1.75029,5.60293,1.02017,8.20797,0.42336,0,0.42336,460.49,0,1.02816,0,0,2.90308,1.87492,1.028160,1,0,42.2179,0,0,0,42.2179,0
48.6929,2.04801,0,0,3.24896,0.163143,0.36288,3.6288,55.128,0.518261,0,0,0.889687,0.188509,0,0.66528,12.849,1,0.548022,0.36288,0,44.4156,4.07492,40.1556,0.84672,12.849,0.84672,3695.15,0,0,0,1.67676,1.68054,5.70827,1.00037,8.0652,0.42336,0,0.42336,460.49,0,1.02816,0,0,2.70492,1.67676,1.028160,1,0,48.2208,0,0,0,48.2208,0
50.4282,2.05489,0,0,4.35814,0.205038,0.36288,3.6288,55.4718,0.51892,0,0,1.00945,0.146692,0,0.66528,12.849,1,0.542242,0.36288,0,55.4258,3.49933,51.7471,0.84672,12.849,0.84672,3695.15,0,0,0,1.7312,1.68126,7.00652,0.810894,9.60809,0.42336,0,0.42336,460.49,0,1.02816,0,0,2.75936,1.7312,1.028160,1,0,61.3552,0,0,0,61.3552,0
53.5776,2.07065,0,0,5.79177,0.208871,0.36288,3.6288,56.1618,0.519578,0,0,1.35657,0.147024,0,0.66528,12.849,1,0.527596,0.36288,0,59.5009,3.49933,55.8369,0.84672,12.849,0.84672,3695.15,0,0,0,2.22254,1.68198,8.85972,0.810894,11.9533,0.42336,0,0.42336,460.49,0,1.02816,0,0,3.2507,2.22254,1.028160,1,0,67.7902,0,0,0,67.7902,0
55.8627,1.93866,0,0,4.80289,0.216266,0.36288,3.6288,57.3595,0.364706,0,0,1.72708,0.164625,0,0.66528,12.849,1,0.46493,0.36288,0,91.1137,3.45368,87.558,0.84672,12.849,0.84672,3695.15,0,0,0,2.12282,1.68269,10.0828,0.838254,13.0501,0.42336,0,0.42336,460.49,0,1.02816,0,0,3.15098,2.12282,1.028160,1,0,100.608,0,0,0,100.608,0
57.2741,1.95495,0,0,3.99889,0.269611,0.36288,3.6288,57.6172,0.365299,0,0,0.812886,0.18994,0,0.66528,12.849,1,0.44966,0.36288,0,46.1978,3.54239,42.5687,0.84672,12.849,0.84672,3695.15,0,0,0,1.59805,1.52656,7.05637,0.922753,9.25824,0.42336,0,0.42336,460.49,0,1.02816,0,0,2.62621,1.59805,1.028160,1,0,51.8269,0,0,0,51.8269,0
59.6261,1.96484,0,0,4.95311,0.2734,0.36288,3.6288,58.2598,0.365892,0,0,1.19879,0.190257,0,0.66528,12.849,1,0.440796,0.36288,0,82.8676,3.54239,79.2473,0.84672,12.849,0.84672,3695.15,0,0,0,1.84512,1.52721,9.07459,0.922753,11.5242,0.42336,0,0.42336,460.49,0,1.02816,0,0,2.87328,1.84512,1.028160,1,0,90.7715,0,0,0,90.7715,0
63.2104,1.97999,0,0,6.20692,0.279715,0.36288,3.6288,59.2087,0.366485,0,0,1.50637,0.191049,0,0.66528,12.849,1,0.426673,0.36288,0,85.7287,3.54239,82.1225,0.84672,12.849,0.84672,3695.15,0,0,0,2.51516,1.52786,11.1983,0.922753,14.3186,0.42336,0,0.42336,460.49,0,1.02816,0,0,3.54332,2.51516,1.028160,1,0,96.4411,0,0,0,96.4411,0
67.3059,2.00094,0,0,6.70533,0.246,0.36288,3.6288,60.7694,0.367079,0,0,2.17326,0.245417,0,0.66528,12.849,1,0.406739,0.36288,0,152.979,4.4783,148.457,0.84672,12.849,0.84672,3695.15,0,0,0,3.71506,1.52851,15.6788,1.30313,19.6193,0.42336,0,0.42336,460.49,0,1.02816,0,0,4.74322,3.71506,1.028160,1,0,168.076,0,0,0,168.076,0
72.29,2.08593,0,0,10.0022,0.252422,2.67978,3.6288,61.308,0.412792,0,0,1.79092,0.203329,0.636229,0.66528,12.849,1,0.398213,2.67978,0,136.84,4.1205,135.001,0.84672,12.849,0.84672,3695.15,0,0,0,2.31612,1.52916,10.5802,1.01456,13.4109,0.42336,0,0.42336,460.49,0,1.02816,0,0,3.34428,2.31612,1.028160,1,0,149.049,0,0,0,149.049,0
72.29,2.11011,0,0,7.27186,0.285037,4.87671,3.6288,61.308,0.413386,0,0,1.33244,0.225704,0.693353,0.66528,12.849,1,0.375056,4.87671,0,107.369,4.58033,107.291,0.84672,12.849,0.84672,3695.15,0,0,0,1.74733,1.57881,7.77496,1.10226,9.99884,0.42336,0,0.42336,460.49,0,1.02816,0,0,2.77549,1.74733,1.028160,1,0,117.983,0,0,0,117.983,0
72.29,2.11098,0,0,7.90785,0.296135,5.50073,3.6288,61.308,0.41398,0,0,1.33911,0.23637,0.688763,0.66528,12.849,1,0.375211,5.50073,0,110.69,4.8089,111.007,0.84672,12.849,0.84672,3695.15,0,0,0,1.79226,1.57946,7.67552,1.17356,9.87368,0.42336,0,0.42336,460.49,0,1.02816,0,0,2.82042,1.79226,1.028160,1,0,121.57,0,0,0,121.57,0
72.29,2.11185,0,0,7.92081,0.296135,5.51282,3.6288,61.308,0.414575,0,0,1.40676,0.23637,0.755811,0.66528,12.849,1,0.375365,5.51282,0,111.075,4.8089,111.404,0.84672,12.849,0.84672,3695.15,0,0,0,1.8521,1.58011,8.76934,1.17356,11.028,0.42336,0,0.42336,460.49,0,1.02816,0,0,2.88026,1.8521,1.028160,1,0,123.187,0,0,0,123.187,0
72.29,2.31879,0,0,8.10097,0.299355,5.48282,3.6288,61.308,0.584874,0,0,1.71232,0.208844,0.918601,0.66528,12.849,1,0.412147,5.48282,0,104.561,4.1676,105.464,0.84672,12.849,0.84672,3695.15,0,0,0,2.51916,1.58076,11.0337,1.02662,14.107,0.42336,0,0.42336,460.49,0,1.02816,0,0,3.54732,2.51916,1.028160,1,0,120.49,0,0,0,120.49,0
72.29,2.31975,0,0,8.28913,0.303648,5.66574,3.6288,61.308,0.585538,0,0,2.08329,0.172141,1.32561,0.66528,12.849,1,0.412317,5.66574,0,134.381,3.31254,136.321,0.84672,12.849,0.84672,3695.15,0,0,0,2.56939,1.75801,11.1292,0.830701,14.6259,0.42336,0,0.42336,460.49,0,1.02816,0,0,3.59755,2.56939,1.028160,1,0,152.273,0,0,0,152.273,0
72.29,2.3207,0,0,7.75846,0.303648,5.13411,3.6288,61.308,0.586203,0,0,2.64012,0.172141,1.88177,0.66528,12.849,1,0.412487,5.13411,0,115.601,3.31254,117.01,0.84672,12.849,0.84672,3695.15,0,0,0,3.12722,1.75873,8.86153,0.830701,12.9168,0.42336,0,0.42336,460.49,0,1.02816,0,0,4.15538,3.12722,1.028160,1,0,131.808,0,0,0,131.808,0
72.29,2.32166,0,0,6.54961,0.285369,3.94259,3.6288,61.308,0.586868,0,0,2.251,0.207986,1.45614,0.66528,12.849,1,0.412657,3.94259,0,146.25,4.15357,145.626,0.84672,12.849,0.84672,3695.15,0,0,0,2.28267,1.75946,9.55454,1.08703,12.5096,0.42336,0,0.42336,460.49,0,1.02816,0,0,3.31083,2.28267,1.028160,1,0,159.592,0,0,0,159.592,0
72.29,2.02821,0,0,7.84983,0.300045,5.52158,3.6288,61.308,0.359412,0,0,1.83835,0.173038,1.3059,0.66528,12.849,1,0.360498,5.52158,0,119.279,3.23233,121.207,0.84672,12.849,0.84672,3695.15,0,0,0,2.11508,1.76018,9.54936,0.860813,12.5638,0.42336,0,0.42336,460.49,0,1.02816,0,0,3.14324,2.11508,1.028160,1,0,135.077,0,0,0,135.077,0
72.29,2.02904,0,0,5.38264,0.320397,3.0332,3.6288,61.308,0.359983,0,0,1.26263,0.149518,0.753132,0.66528,12.849,1,0.360647,3.0332,0,133.915,2.61398,133.973,0.84672,12.849,0.84672,3695.15,0,0,0,1.61832,1.51968,9.30969,0.804346,11.6433,0.42336,0,0.42336,460.49,0,1.02816,0,0,2.64648,1.61832,1.028160,1,0,146.37,0,0,0,146.37,0
72.29,2.02988,0,0,7.23453,0.309068,4.89559,3.6288,61.308,0.360554,0,0,1.34887,0.143501,0.844813,0.66528,12.849,1,0.360795,4.89559,0,154.394,2.52678,156.402,0.84672,12.849,0.84672,3695.15,0,0,0,1.31787,1.52031,10.2619,0.79182,12.3083,0.42336,0,0.42336,460.49,0,1.02816,0,0,2.34603,1.31787,1.028160,1,0,169.555,0,0,0,169.555,0
72.29,2.03071,0,0,5.94317,0.288424,3.62403,3.6288,61.308,0.361126,0,0,1.51864,0.174961,0.982549,0.66528,12.849,1,0.360944,3.62403,0,136.765,3.60654,136.422,0.84672,12.849,0.84672,3695.15,0,0,0,2.28131,1.52093,9.85098,1.02336,12.6299,0.42336,0,0.42336,460.49,0,1.02816,0,0,3.30947,2.28131,1.028160,1,0,150.034,0,0,0,150.034,0
72.29,2.03155,0,0,8.53831,0.292057,6.2147,3.6288,61.308,0.361697,0,0,1.87804,0.154772,1.36157,0.66528,12.849,1,0.361092,6.2147,0,114.911,3.8282,116.937,0.84672,12.849,0.84672,3695.15,0,0,0,1.52061,1.52156,9.31781,0.951581,11.4084,0.42336,0,0.42336,460.49,0,1.02816,0,0,2.54877,1.52061,1.028160,1,0,129.707,0,0,0,129.707,0
72.29,2.10664,0,0,10.136,0.318151,7.71122,3.6288,61.308,0.418191,0,0,2.61331,0.177169,2.01795,0.66528,12.849,1,0.37444,7.71122,0,228.557,3.10725,232.786,0.84672,12.849,0.84672,3695.15,0,0,0,4.35696,1.52218,18.975,0.861469,23.9927,0.42336,0,0.42336,460.49,0,1.02816,0,0,5.38512,4.35696,1.028160,1,0,258.797,0,0,0,258.797,0
72.29,2.10751,0,0,7.19807,0.282637,4.80792,3.6288,61.308,0.418786,0,0,1.80631,0.16919,1.21834,0.66528,12.849,1,0.374594,4.80792,0,149.671,3.46437,150.64,0.84672,12.849,0.84672,3695.15,0,0,0,3.38509,1.58241,12.3588,0.930823,16.3955,0.42336,0,0.42336,460.49,0,1.02816,0,0,4.41325,3.38509,1.028160,1,0,168.254,0,0,0,168.254,0
72.29,2.10838,0,0,5.68608,0.282637,3.29507,3.6288,61.308,0.419381,0,0,1.57257,0.16919,0.983995,0.66528,12.849,1,0.374748,3.29507,0,123.263,3.46437,122.719,0.84672,12.849,0.84672,3695.15,0,0,0,2.93681,1.58306,10.3653,0.930823,13.9544,0.42336,0,0.42336,460.49,0,1.02816,0,0,3.96497,2.93681,1.028160,1,0,137.657,0,0,0,137.657,0
72.29,2.10924,0,0,5.3045,0.282637,2.91262,3.6288,61.308,0.419976,0,0,1.94693,0.16919,1.35776,0.66528,12.849,1,0.374902,2.91262,0,123.673,3.46437,122.746,0.84672,12.849,0.84672,3695.15,0,0,0,2.97574,1.58371,13.1091,0.930823,16.7377,0.42336,0,0.42336,460.49,0,1.02816,0,0,4.0039,2.97574,1.028160,1,0,140.842,0,0,0,140.842,0
72.29,2.08103,0,0,4.46685,0.250897,2.13493,3.6288,61.308,0.398816,0,0,1.35846,0.198005,0.761637,0.66528,12.849,1,0.369887,2.13493,0,91.508,3.26804,90.005,0.84672,12.849,0.84672,3695.15,0,0,0,2.31739,1.58436,8.18372,0.973045,11.1124,0.42336,0,0.42336,460.49,0,1.02816,0,0,3.34555,2.31739,1.028160,1,0,101.879,0,0,0,101.879,0
72.29,2.08188,0,0,3.95549,0.236108,1.6375,3.6288,61.308,0.399403,0,0,1.18228,0.207657,0.57522,0.66528,12.849,1,0.370039,1.6375,0,80.9974,3.26298,79.0019,0.84672,12.849,0.84672,3695.15,0,0,0,2.02265,1.56178,7.03054,0.999618,9.61536,0.42336,0,0.42336,460.49,0,1.02816,0,0,3.05081,2.02265,1.028160,1,0,89.1925,0,0,0,89.1925,0
72.29,2.08274,0,0,4.47263,0.230026,2.15986,3.6288,61.308,0.39999,0,0,1.04248,0.210624,0.431863,0.66528,12.849,1,0.370191,2.15986,0,85.7961,3.4969,84.0888,0.84672,12.849,0.84672,3695.15,0,0,0,1.73151,1.56243,8.9494,1.00884,11.2345,0.42336,0,0.42336,460.49,0,1.02816,0,0,2.75967,1.73151,1.028160,1,0,95.7552,0,0,0,95.7552,0
72.29,2.08359,0,0,3.79299,0.193533,1.51586,3.6288,61.308,0.400577,0,0,1.02301,0.228427,0.394007,0.66528,12.849,1,0.370343,1.51586,0,71.685,4.90045,67.93,0.84672,12.849,0.84672,3695.15,0,0,0,1.8234,1.56307,7.1528,1.06417,9.47509,0.42336,0,0.42336,460.49,0,1.02816,0,0,2.85156,1.8234,1.028160,1,0,77.7991,0,0,0,77.7991,0
72.29,2.18333,0,0,3.29673,0.141335,0.972065,3.6288,61.308,0.47844,0,0,0.933129,0.249665,0.205024,0.66528,12.849,1,0.38807,0.972065,0,49.5348,5.17765,44.9412,0.84672,12.849,0.84672,3695.15,0,0,0,1.31437,1.56371,6.19235,1.19834,7.87209,0.42336,0,0.42336,460.49,0,1.02816,0,0,2.34253,1.31437,1.028160,1,0,53.0183,0,0,0,53.0183,0
72.29,2.18423,0,0,3.06039,0.209942,0.666223,3.6288,61.308,0.479059,0,0,0.784115,0.230877,0.0741778,0.66528,12.849,1,0.38823,0.666223,0,48.6797,4.51737,44.4404,0.84672,12.849,0.84672,3695.15,0,0,0,0.885298,1.64588,5.01295,1.10384,6.44028,0.42336,0,0.42336,460.49,0,1.02816,0,0,1.91346,0.885298,1.028160,1,0,50.9548,0,0,0,50.9548,0
72.2788,2.18512,0,0,2.69252,0.15573,0.36288,3.6288,61.267,0.479678,0,0,0.668131,0.229408,0,0.66528,12.849,1,0.388389,0.36288,0,42.041,4.48455,37.531,0.84672,12.849,0.84672,3695.15,0,0,0,0.88573,1.64656,4.6126,1.052,6.09289,0.42336,0,0.42336,460.49,0,1.02816,0,0,1.91389,0.88573,1.028160,1,0,43.6239,0,0,0,43.6239,0
72.1877,2.18597,0,0,2.61349,0.155717,0.36288,3.6288,61.2669,0.480298,0,0,0.709534,0.229348,0,0.66528,12.849,1,0.3886,0.36288,0,40.0715,4.48455,35.5612,0.84672,12.849,0.84672,3695.15,0,0,0,0.863784,1.64723,4.90685,1.052,6.36587,0.42336,0,0.42336,460.49,0,1.02816,0,0,1.89194,0.863784,1.028160,1,0,41.9271,0,0,0,41.9271,0
71.9622,2.18645,0,0,2.4794,0.155609,0.36288,3.6288,61.2462,0.480917,0,0,0.689498,0.229348,0,0.66528,12.849,1,0.389176,0.36288,0,37.6364,4.48455,33.1256,0.84672,12.849,0.84672,3695.15,0,0,0,0.783242,1.64791,4.53667,1.052,5.91582,0.42336,0,0.42336,460.49,0,1.02816,0,0,1.8114,0.783242,1.028160,1,0,39.0414,0,0,0,39.0414,0
71.9573,2.16673,0,0,2.64482,0.120096,0.36288,3.6288,61.2957,0.524096,0,0,0.818865,0.245235,0,0.66528,12.849,1,0.386875,0.36288,0,41.6051,4.58934,36.9917,0.84672,12.849,0.84672,3695.15,0,0,0,0.573739,1.64859,4.02741,1.01184,5.23789,0.42336,0,0.42336,460.49,0,1.02816,0,0,1.6019,0.573739,1.028160,1,0,42.2296,0,0,0,42.2296,0
71.8392,2.1676,0,0,2.52297,0.110548,0.36288,3.6288,61.308,0.524733,0,0,0.799407,0.260855,0.00151888,0.66528,12.849,1,0.387056,0.36288,0,39.1235,4.80651,34.2928,0.84672,12.849,0.84672,3695.15,0,0,0,0.583744,1.67782,4.0339,1.08534,5.21012,0.42336,0,0.42336,460.49,0,1.02816,0,0,1.6119,0.583744,1.028160,1,0,39.5044,0,0,0,39.5044,0
71.4294,2.16795,0,0,2.20789,0.0869168,0.36288,3.6288,61.2422,0.525371,0,0,0.755292,0.295718,0,0.66528,12.849,1,0.387754,0.36288,0,36.7631,5.55283,31.1854,0.84672,12.849,0.84672,3695.15,0,0,0,0.426928,1.67851,3.92547,1.34453,4.68637,0.42336,0,0.42336,460.49,0,1.02816,0,0,1.45509,0.426928,1.028160,1,0,35.8718,0,0,0,35.8718,0
70.9454,2.16695,0,0,2.13291,0.0870547,0.36288,3.6288,61.1693,0.526008,0,0,0.743386,0.290238,0,0.66528,12.849,1,0.3898,0.36288,0,33.8451,5.82403,27.9942,0.84672,12.849,0.84672,3695.15,0,0,0,0.535084,1.6792,3.92024,1.44513,4.68939,0.42336,0,0.42336,460.49,0,1.02816,0,0,1.56324,0.535084,1.028160,1,0,32.6836,0,0,0,32.6836,0
70.0685,2.21613,0,0,1.78132,0.0791773,0.36288,3.6288,60.8853,0.642994,0,0,0.661766,0.30285,0,0.66528,12.849,1,0.401366,0.36288,0,30.7581,5.5994,25.1203,0.84672,12.849,0.84672,3695.15,0,0,0,0.261274,1.67989,3.21031,1.441,3.71048,0.42336,0,0.42336,460.49,0,0.949804,0,0,1.21108,0.261274,1.028160,1,0,28.8307,0,0,0,28.8307,0
68.8748,2.21279,0,0,1.45498,0.0730165,0.36288,3.6288,60.1821,0.899634,0,0,0.508279,0.311847,0,0.66528,12.849,1,0.405777,0.36288,0,26.2947,5.43091,20.8209,0.84672,12.849,0.84672,3695.15,0,0,0,0.261274,1.72111,2.72343,1.4379,3.26792,0.42336,0,0.42336,460.49,0,0.693818,0,0,0.955092,0.261274,1.028160,1,0,24.0888,0,0,0,24.0888,0
67.5933,2.20777,0,0,1.36152,0.0723438,0.36288,3.6288,59.4347,0.907406,0,0,0.470483,0.310457,0,0.66528,12.849,1,0.411872,0.36288,0,23.7375,5.43091,18.2576,0.84672,12.849,0.84672,3695.15,0,0,0,0.227405,1.72182,2.43064,1.4379,2.94197,0.42336,0,0.42336,460.49,0,0.686699,0,0,0.914103,0.227405,1.028160,1,0,21.1996,0,0,0,21.1996,0
66.2067,2.20211,0,0,1.24994,0.0716216,0.36288,3.6288,58.6079,0.983133,0,0,0.465316,0.30898,0,0.66528,12.849,1,0.418605,0.36288,0,21.6989,5.43091,16.2123,0.84672,12.849,0.84672,3695.15,0,0,0,0.227405,1.72253,2.37727,1.4379,2.8893,0.42336,0,0.42336,460.49,0,0.611626,0,0,0.83903,0.227405,1.028160,1,0,19.1016,0,0,0,19.1016,0
64.8976,2.34231,0,0,1.45909,0.0629563,0.36288,3.6288,58.0853,0.794137,0,0,0.566301,0.294719,0,0.66528,12.849,1,0.454581,0.36288,0,22.2787,5.55986,16.6271,0.84672,12.849,0.84672,3695.15,0,0,0,0.227405,1.72323,3.469,1.47444,3.94521,0.42336,0,0.42336,460.49,0,0.899303,0,0,1.12671,0.227405,1.028160,1,0,20.5723,0,0,0,20.5723,0
63.1682,2.33561,0,0,1.06776,0.0987293,0.36288,3.6288,57.3586,0.940784,0,0,0.504871,0.290787,0,0.66528,12.849,1,0.462425,0.36288,0,18.1044,5.10951,12.8954,0.84672,12.849,0.84672,3695.15,0,0,0,0.227405,1.86288,2.33826,1.35873,3.06982,0.42336,0,0.42336,460.49,0,0.752656,0,0,0.980061,0.227405,1.028160,1,0,15.9652,0,0,0,15.9652,0
61.5221,2.32604,0,0,1.14024,0.0973568,0.36288,3.6288,56.7446,0.836482,0,0,0.511855,0.289423,0,0.66528,12.849,1,0.473139,0.36288,0,18.1007,5.10951,12.8809,0.84672,12.849,0.84672,3695.15,0,0,0,0.204422,1.86364,2.82405,1.35873,3.53339,0.42336,0,0.42336,460.49,0,0.856958,0,0,1.06138,0.204422,1.028160,1,0,16.4143,0,0,0,16.4143,0
60.0326,2.31652,0,0,1.28593,0.0960504,0.36288,3.6288,56.1178,0.867508,0,0,0.528993,0.288271,0,0.66528,12.849,1,0.483809,0.36288,0,17.3143,5.10951,12.0839,0.84672,12.849,0.84672,3695.15,0,0,0,0.204422,1.8644,3.13906,1.35873,3.84916,0.42336,0,0.42336,460.49,0,0.825932,0,0,1.03035,0.204422,1.028160,1,0,15.933,0,0,0,15.933,0
58.1908,2.30758,0,0,0.932567,0.103938,0.36288,3.6288,55.3581,0.928636,0,0,0.456203,0.287252,0,0.66528,12.849,1,0.4939,0.36288,0,16.6031,5.15391,11.3181,0.84672,12.849,0.84672,3695.15,0,0,0,0.204422,1.86517,2.23408,1.35003,2.95364,0.42336,0,0.42336,460.49,0,0.764804,0,0,0.969227,0.204422,1.028160,1,0,14.2718,0,0,0,14.2718,0
56.9164,2.22567,0,0,1.45225,0.138078,0.36288,3.6288,54.8821,0.624622,0,0,0.419945,0.271305,0,0.66528,12.849,1,0.491446,0.36288,0,21.6929,5.04438,16.5199,0.84672,12.849,0.84672,3695.15,0,0,0,0.241073,1.86593,3.09015,1.18897,4.00819,0.42336,0,0.42336,460.49,0,1.02816,0,0,1.26923,0.241073,1.028160,1,0,20.5281,0,0,0,20.5281,0
55.4471,2.2176,0,0,1.25242,0.141183,0.36288,3.6288,54.5674,0.625299,0,0,0.578618,0.268025,0,0.66528,12.849,1,0.500628,0.36288,0,21.4426,5.02057,16.2843,0.84672,12.849,0.84672,3695.15,0,0,0,1.29219,1.78613,3.61449,1.16321,5.5296,0.42336,0,0.42336,460.49,0,1.02816,0,0,2.32035,1.29219,1.028160,1,0,21.8139,0,0,0,21.8139,0
53.7994,2.20773,0,0,1.06197,0.139139,0.36288,3.6288,53.9698,0.644249,0,0,0.314139,0.267469,0,0.66528,12.849,1,0.511607,0.36288,0,21.4125,5.02057,16.2432,0.84672,12.849,0.84672,3695.15,0,0,0,0.216518,1.78686,2.67348,1.16321,3.51365,0.42336,0,0.42336,460.49,0,1.00989,0,0,1.2264,0.216518,1.028160,1,0,19.7569,0,0,0,19.7569,0
52.3185,2.19598,0,0,1.24836,0.170317,0.36288,3.6288,53.4249,0.626653,0,0,0.319161,0.237498,0,0.66528,12.849,1,0.52447,0.36288,0,21.5688,4.60531,16.8019,0.84672,12.849,0.84672,3695.15,0,0,0,0.229219,1.78759,2.79195,1.03341,3.77534,0.42336,0,0.42336,460.49,0,1.02816,0,0,1.25738,0.229219,1.028160,1,0,20.5772,0,0,0,20.5772,0
51.8086,2.12852,0,0,2.21727,0.235805,0.36288,3.6288,53.3709,0.551161,0,0,0.653874,0.156639,0,0.66528,12.849,1,0.522746,0.36288,0,49.808,3.68061,45.9676,0.84672,12.849,0.84672,3695.15,0,0,0,0.650549,1.78832,6.09535,0.789619,7.7446,0.42336,0,0.42336,460.49,0,1.02816,0,0,1.67871,0.650549,1.028160,1,0,53.7122,0,0,0,53.7122,0
51.7561,2.12526,0,0,2.65111,0.215511,0.36288,3.6288,53.6098,0.551808,0,0,0.936713,0.146063,0,0.66528,12.849,1,0.527084,0.36288,0,39.4928,3.83187,35.4968,0.84672,12.849,0.84672,3695.15,0,0,0,0.691364,1.71703,6.02454,0.897213,7.53572,0.42336,0,0.42336,460.49,0,1.02816,0,0,1.71952,0.691364,1.028160,1,0,43.0325,0,0,0,43.0325,0
51.2059,2.1257,0,0,2.15382,0.215393,0.36288,3.6288,54.0551,0.552455,0,0,1.1441,0.146341,0,0.66528,12.849,1,0.527729,0.36288,0,35.7135,3.83187,31.7168,0.84672,12.849,0.84672,3695.15,0,0,0,1.70237,1.71773,5.47579,0.897213,7.99868,0.42336,0,0.42336,460.49,0,1.02816,0,0,2.73053,1.70237,1.028160,1,0,39.7155,0,0,0,39.7155,0
50.4341,2.12204,0,0,1.95387,0.240723,0.36288,3.6288,54.1932,0.553101,0,0,0.847867,0.15669,0,0.66528,12.849,1,0.532479,0.36288,0,35.0309,4.00584,30.8554,0.84672,12.849,0.84672,3695.15,0,0,0,0.813757,1.71844,6.45263,0.937829,8.04699,0.42336,0,0.42336,460.49,0,1.02816,0,0,1.84192,0.813757,1.028160,1,0,38.9024,0,0,0,38.9024,0
53.9458,1.95702,0,0,6.09918,0.267631,0.36288,3.6288,54.876,0.394851,0,0,1.24858,0.170899,0,0.66528,12.849,1,0.498586,0.36288,0,119.455,4.15197,115.168,0.84672,12.849,0.84672,3695.15,0,0,0,2.14872,1.71914,9.81844,0.973239,12.7131,0.42336,0,0.42336,460.49,0,1.02816,0,0,3.17688,2.14872,1.028160,1,0,127.881,0,0,0,127.881,0
54.6617,1.98404,0,0,3.30127,0.238457,0.36288,3.6288,55.4285,0.395433,0,0,1.12496,0.177032,0,0.66528,12.849,1,0.472567,0.36288,0,55.2112,3.63699,51.4645,0.84672,12.849,0.84672,3695.15,0,0,0,1.57564,1.5596,6.38377,0.860778,8.65823,0.42336,0,0.42336,460.49,0,1.02816,0,0,2.6038,1.57564,1.028160,1,0,60.1227,0,0,0,60.1227,0
55.4625,1.98987,0,0,3.39378,0.24019,0.36288,3.6288,56.4495,0.396015,0,0,1.59468,0.177676,0,0.66528,12.849,1,0.467747,0.36288,0,60.6199,3.63699,56.878,0.84672,12.849,0.84672,3695.15,0,0,0,2.56514,1.56024,8.16426,0.860778,11.4289,0.42336,0,0.42336,460.49,0,1.02816,0,0,3.5933,2.56514,1.028160,1,0,68.3069,0,0,0,68.3069,0
56.3374,1.99617,0,0,3.47604,0.242128,0.36288,3.6288,57.5121,0.396597,0,0,1.63814,0.178867,0,0.66528,12.849,1,0.462452,0.36288,0,71.8701,3.63699,68.1335,0.84672,12.849,0.84672,3695.15,0,0,0,2.41468,1.56087,7.94249,0.860778,11.0573,0.42336,0,0.42336,460.49,0,1.02816,0,0,3.44284,2.41468,1.028160,1,0,79.1908,0,0,0,79.1908,0
61.9421,2.00283,0,0,8.23542,0.265005,0.36288,3.6288,60.1197,0.39718,0,0,3.17475,0.169974,0,0.66528,12.849,1,0.456791,0.36288,0,98.1478,4.22043,93.8335,0.84672,12.849,0.84672,3695.15,0,0,0,4.11873,1.56151,14.6341,1.00178,19.3126,0.42336,0,0.42336,460.49,0,1.02816,0,0,5.14689,4.11873,1.028160,1,0,113.146,0,0,0,113.146,0
62.1333,2.10172,0,0,2.9309,0.275106,0.36288,3.6288,60.8153,0.443855,0,0,1.36744,0.228028,0,0.66528,12.849,1,0.435972,0.36288,0,73.5299,5.00139,68.4555,0.84672,12.849,0.84672,3695.15,0,0,0,1.03332,1.56215,6.8492,1.30141,8.14326,0.42336,0,0.42336,460.49,0,1.02816,0,0,2.06148,1.03332,1.028160,1,0,76.5987,0,0,0,76.5987,0
60.5198,2.10366,0,0,1.1252,0.272153,0.36288,3.6288,61.1428,0.634603,0,0,1.20162,0.239532,0,0.66528,12.849,1,0.435032,0.36288,0,40.1413,5.02593,35.0432,0.84672,12.849,0.84672,3695.15,0,0,0,0.503194,1.61284,3.08345,1.32661,3.87288,0.42336,0,0.42336,460.49,0,0.837994,0,0,1.34119,0.503194,1.028160,1,0,38.9161,0,0,0,38.9161,0
60.9659,2.09492,0,0,3.17247,0.268543,0.36288,3.6288,61.308,0.445018,0,0,1.573,0.240029,0.722729,0.66528,12.849,1,0.444775,0.36288,0,61.5241,5.02593,56.4163,0.84672,12.849,0.84672,3695.15,0,0,0,0.769513,1.61348,9.34569,1.32661,10.4021,0.42336,0,0.42336,460.49,0,1.02816,0,0,1.79767,0.769513,1.028160,1,0,67.5411,0,0,0,67.5411,0
65.8036,2.09844,0,0,7.56988,0.270844,0.36288,3.6288,61.308,0.4456,0,0,3.11568,0.238526,2.43155,0.66528,12.849,1,0.442262,0.36288,0,204.426,4.93002,199.416,0.84672,12.849,0.84672,3695.15,0,0,0,2.87796,1.61412,8.14874,1.30079,11.34,0.42336,0,0.42336,460.49,0,1.02816,0,0,3.90612,2.87796,1.028160,1,0,213.188,0,0,0,213.188,0
66.1934,2.3339,0,0,3.39374,0.307164,0.36288,3.6288,61.308,0.619534,0,0,2.10751,0.227652,1.26033,0.66528,12.849,1,0.455723,0.36288,0,103.283,4.16112,99.0286,0.84672,12.849,0.84672,3695.15,0,0,0,1.43971,1.61476,4.40797,1.12118,6.34126,0.42336,0,0.42336,460.49,0,1.02816,0,0,2.46787,1.43971,1.028160,1,0,106.63,0,0,0,106.63,0
67.337,2.33707,0,0,4.19505,0.351545,0.36288,3.6288,61.308,0.620185,0,0,2.13137,0.226783,1.2844,0.66528,12.849,1,0.453655,0.36288,0,143.686,3.67752,139.917,0.84672,12.849,0.84672,3695.15,0,0,0,1.34011,1.79578,6.58769,1.05945,8.66413,0.42336,0,0.42336,460.49,0,1.02816,0,0,2.36827,1.34011,1.028160,1,0,149.866,0,0,0,149.866,0
66.9694,2.34446,0,0,2.69454,0.354743,0.36288,3.6288,61.308,0.620836,0,0,1.57889,0.226783,0.731272,0.66528,12.849,1,0.447362,0.36288,0,84.03,3.67752,80.268,0.84672,12.849,0.84672,3695.15,0,0,0,0.88617,1.79649,4.88436,1.05945,6.50758,0.42336,0,0.42336,460.49,0,1.02816,0,0,1.91433,0.88617,1.028160,1,0,87.5069,0,0,0,87.5069,0
67.1471,2.34333,0,0,3.21106,0.327174,0.36288,3.6288,61.308,0.621487,0,0,1.73128,0.164646,0.94515,0.66528,12.849,1,0.449599,0.36288,0,90.5221,3.13707,87.2984,0.84672,12.849,0.84672,3695.15,0,0,0,1.10219,1.7972,5.36528,0.841231,7.42344,0.42336,0,0.42336,460.49,0,1.02816,0,0,2.13035,1.10219,1.028160,1,0,95.6669,0,0,0,95.6669,0
68.7986,2.04797,0,0,4.39361,0.331311,0.36288,3.6288,61.308,0.389131,0,0,2.45299,0.160846,1.90301,0.66528,12.849,1,0.391892,0.36288,0,108.978,3.0808,105.868,0.84672,12.849,0.84672,3695.15,0,0,0,1.95578,1.79791,7.90411,0.801702,10.8561,0.42336,0,0.42336,460.49,0,1.02816,0,0,2.98394,1.95578,1.028160,1,0,118.627,0,0,0,118.627,0
71.8934,2.05671,0,0,5.87058,0.356162,0.36288,3.6288,61.308,0.389691,0,0,2.54971,0.177235,1.98278,0.66528,12.849,1,0.384117,0.36288,0,102.262,3.16533,99.0756,0.84672,12.849,0.84672,3695.15,0,0,0,3.13307,1.55223,10.8382,0.793804,14.7297,0.42336,0,0.42336,460.49,0,1.02816,0,0,4.16123,3.13307,1.028160,1,0,115.788,0,0,0,115.788,0
72.29,2.07156,0,0,4.66758,0.364753,1.83464,3.6288,61.308,0.39025,0,0,1.93424,0.177235,1.36675,0.66528,12.849,1,0.370235,1.83464,0,116.318,3.16533,114.617,0.84672,12.849,0.84672,3695.15,0,0,0,1.834,1.55284,7.98241,0.793804,10.5755,0.42336,0,0.42336,460.49,0,1.02816,0,0,2.86216,1.834,1.028160,1,0,126.559,0,0,0,126.559,0
72.29,2.0741,0,0,3.1625,0.354526,0.733872,3.6288,61.308,0.39081,0,0,1.33661,0.171219,0.77458,0.66528,12.849,1,0.368656,0.733872,0,93.833,3.07813,91.1201,0.84672,12.849,0.84672,3695.15,0,0,0,1.34148,1.55346,7.20861,0.781278,9.32227,0.42336,0,0.42336,460.49,0,1.02816,0,0,2.36964,1.34148,1.028160,1,0,101.217,0,0,0,101.217,0
72.29,2.07492,0,0,4.29936,0.286556,1.93788,3.6288,61.308,0.39137,0,0,1.59322,0.135121,1.06673,0.66528,12.849,1,0.368801,1.93788,0,95.9947,2.55496,95.0088,0.84672,12.849,0.84672,3695.15,0,0,0,1.78174,1.55407,7.72615,0.706125,10.3558,0.42336,0,0.42336,460.49,0,1.02816,0,0,2.8099,1.78174,1.028160,1,0,106.431,0,0,0,106.431,0
72.29,2.15158,0,0,4.44824,0.307615,1.98905,3.6288,61.308,0.449045,0,0,2.15627,0.147505,1.55972,0.66528,12.849,1,0.382427,1.98905,0,87.9042,3.18602,86.3248,0.84672,12.849,0.84672,3695.15,0,0,0,1.84552,1.55468,7.43757,0.739863,10.0979,0.42336,0,0.42336,460.49,0,1.02816,0,0,2.87368,1.84552,1.028160,1,0,97.9825,0,0,0,97.9825,0
72.29,2.15243,0,0,4.00577,0.304219,1.54912,3.6288,61.308,0.449627,0,0,1.91843,0.148018,1.32079,0.66528,12.849,1,0.382578,1.54912,0,61.0127,3.36063,58.8186,0.84672,12.849,0.84672,3695.15,0,0,0,1.52435,1.61616,6.69341,0.758971,9.07494,0.42336,0,0.42336,460.49,0,1.02816,0,0,2.55251,1.52435,1.028160,1,0,69.2143,0,0,0,69.2143,0
72.29,2.15328,0,0,4.00572,0.304219,1.54822,3.6288,61.308,0.45021,0,0,1.82657,0.148018,1.22834,0.66528,12.849,1,0.382729,1.54822,0,74.2778,3.36063,72.0827,0.84672,12.849,0.84672,3695.15,0,0,0,1.41413,1.6168,6.2826,0.758971,8.55456,0.42336,0,0.42336,460.49,0,1.02816,0,0,2.44229,1.41413,1.028160,1,0,81.8656,0,0,0,81.8656,0
72.29,2.15413,0,0,3.36202,0.304219,0.903676,3.6288,61.308,0.450793,0,0,1.47305,0.148018,0.87424,0.66528,12.849,1,0.38288,0.903676,0,50.7537,3.36063,47.9139,0.84672,12.849,0.84672,3695.15,0,0,0,1.6772,1.61744,5.06555,0.758971,7.60122,0.42336,0,0.42336,460.49,0,1.02816,0,0,2.70536,1.6772,1.028160,1,0,56.3893,0,0,0,56.3893,0
72.29,2.12528,0,0,3.4452,0.260538,1.05939,3.6288,61.308,0.429158,0,0,1.51013,0.14796,0.933007,0.66528,12.849,1,0.377752,1.05939,0,63.4215,3.68031,60.4228,0.84672,12.849,0.84672,3695.15,0,0,0,1.60567,1.61807,5.14737,0.810222,7.56088,0.42336,0,0.42336,460.49,0,1.02816,0,0,2.63383,1.60567,1.028160,1,0,68.9167,0,0,0,68.9167,0
72.29,2.12611,0,0,2.87552,0.269498,0.47991,3.6288,61.308,0.429733,0,0,1.61715,0.168846,1.01857,0.66528,12.849,1,0.377901,0.47991,0,56.6519,4.20636,52.5475,0.84672,12.849,0.84672,3695.15,0,0,0,1.24471,1.59499,5.03185,0.877794,6.99376,0.42336,0,0.42336,460.49,0,1.02816,0,0,2.27287,1.24471,1.028160,1,0,60.5599,0,0,0,60.5599,0
72.1999,2.12695,0,0,2.60598,0.206227,0.36288,3.6288,61.308,0.430307,0,0,1.33841,0.205033,0.703065,0.66528,12.849,1,0.37805,0.36288,0,51.2253,4.54238,46.6677,0.84672,12.849,0.84672,3695.15,0,0,0,1.06511,1.59562,4.62177,0.899864,6.38264,0.42336,0,0.42336,460.49,0,1.02816,0,0,2.09327,1.06511,1.028160,1,0,53.7534,0,0,0,53.7534,0
72.0622,2.12739,0,0,2.53053,0.178016,0.36288,3.6288,61.308,0.430882,0,0,1.44698,0.218112,0.797982,0.66528,12.849,1,0.378599,0.36288,0,49.4066,4.65769,44.7332,0.84672,12.849,0.84672,3695.15,0,0,0,1.21598,1.59625,5.11474,0.90675,7.02023,0.42336,0,0.42336,460.49,0,1.02816,0,0,2.24414,1.21598,1.028160,1,0,52.5514,0,0,0,52.5514,0
71.6008,2.22854,0,0,2.30401,0.173964,0.36288,3.6288,61.308,0.510371,0,0,1.28428,0.218952,0.554961,0.66528,12.849,1,0.397359,0.36288,0,45.0561,4.72898,40.2927,0.84672,12.849,0.84672,3695.15,0,0,0,1.00771,1.59688,4.6728,0.940433,6.33695,0.42336,0,0.42336,460.49,0,1.02816,0,0,2.03587,1.00771,1.028160,1,0,47.1846,0,0,0,47.1846,0
71.1264,2.22725,0,0,2.266,0.150239,0.36288,3.6288,61.308,0.510978,0,0,1.24206,0.223993,0.50709,0.66528,12.849,1,0.399687,0.36288,0,45.8108,5.15666,40.6174,0.84672,12.849,0.84672,3695.15,0,0,0,0.882101,1.68076,4.04594,1.14253,5.46627,0.42336,0,0.42336,460.49,0,1.02816,0,0,1.91026,0.882101,1.028160,1,0,46.5907,0,0,0,46.5907,0
70.4046,2.22587,0,0,2.01665,0.149695,0.36288,3.6288,61.308,0.511584,0,0,1.13956,0.223993,0.403988,0.66528,12.849,1,0.402103,0.36288,0,41.3116,5.15666,36.1157,0.84672,12.849,0.84672,3695.15,0,0,0,0.713111,1.68143,3.89893,1.14253,5.15093,0.42336,0,0.42336,460.49,0,1.02816,0,0,1.74127,0.713111,1.028160,1,0,41.6706,0,0,0,41.6706,0
69.624,2.22325,0,0,1.90467,0.0992021,0.36288,3.6288,61.308,0.51219,0,0,1.09445,0.257045,0.325211,0.66528,12.849,1,0.405749,0.36288,0,36.8213,5.53151,31.247,0.84672,12.849,0.84672,3695.15,0,0,0,0.647438,1.68209,3.71337,1.23831,4.80459,0.42336,0,0.42336,460.49,0,1.02816,0,0,1.6756,0.647438,1.028160,1,0,36.3768,0,0,0,36.3768,0
68.7335,2.22029,0,0,1.79129,0.098606,0.36288,3.6288,61.308,0.512797,0,0,1.04302,0.257045,0.27318,0.66528,12.849,1,0.409751,0.36288,0,36.2893,5.53151,30.7109,0.84672,12.849,0.84672,3695.15,0,0,0,0.525614,1.68275,3.82403,1.23831,4.79409,0.42336,0,0.42336,460.49,0,1.02816,0,0,1.55377,0.525614,1.028160,1,0,35.7782,0,0,0,35.7782,0
67.7325,2.19683,0,0,1.66839,0.109652,0.36288,3.6288,60.9473,0.68126,0,0,0.571411,0.250879,0,0.66528,12.849,1,0.410675,0.36288,0,25.4502,4.95136,20.451,0.84672,12.849,0.84672,3695.15,0,0,0,0.30119,1.68341,2.67807,1.21169,3.45099,0.42336,0,0.42336,460.49,0,0.903761,0,0,1.20495,0.30119,1.028160,1,0,23.902,0,0,0,23.902,0
66.5998,2.1926,0,0,1.53355,0.110735,0.36288,3.6288,60.4145,0.761303,0,0,0.477831,0.249282,0,0.66528,12.849,1,0.41594,0.36288,0,23.4739,4.85468,18.5662,0.84672,12.849,0.84672,3695.15,0,0,0,0.261274,1.71323,2.54602,1.20725,3.31327,0.42336,0,0.42336,460.49,0,0.824342,0,0,1.08562,0.261274,1.028160,1,0,21.8795,0,0,0,21.8795,0
65.3344,2.18753,0,0,1.39469,0.109749,0.36288,3.6288,59.856,0.775985,0,0,0.465943,0.24844,0,0.66528,12.849,1,0.422036,0.36288,0,23.0145,4.85468,18.1006,0.84672,12.849,0.84672,3695.15,0,0,0,0.261274,1.71391,2.43955,1.20725,3.20748,0.42336,0,0.42336,460.49,0,0.810285,0,0,1.07156,0.261274,1.028160,1,0,21.3081,0,0,0,21.3081,0
63.9472,2.18155,0,0,1.26588,0.108648,0.36288,3.6288,59.1482,0.897439,0,0,0.437129,0.247558,0,0.66528,12.849,1,0.429036,0.36288,0,20.5077,4.85468,15.5869,0.84672,12.849,0.84672,3695.15,0,0,0,0.261274,1.71458,2.35993,1.20725,3.12854,0.42336,0,0.42336,460.49,0,0.689455,0,0,0.950728,0.261274,1.028160,1,0,18.7154,0,0,0,18.7154,0
62.6427,2.22541,0,0,1.3609,0.0771208,0.36288,3.6288,58.4278,0.82749,0,0,0.418464,0.311337,0,0.66528,12.849,1,0.447155,0.36288,0,20.2031,5.77635,14.3425,0.84672,12.849,0.84672,3695.15,0,0,0,0.261274,1.71526,2.43238,1.53046,2.87845,0.42336,0,0.42336,460.49,0,0.79882,0,0,1.06009,0.261274,1.028160,1,0,17.2209,0,0,0,17.2209,0
61.4043,2.21856,0,0,1.42057,0.0774874,0.36288,3.6288,57.7331,0.77972,0,0,0.380508,0.295515,0,0.66528,12.849,1,0.455061,0.36288,0,20.5741,5.68785,14.7941,0.84672,12.849,0.84672,3695.15,0,0,0,0.261274,1.75733,2.6219,1.48053,3.15997,0.42336,0,0.42336,460.49,0,0.84723,0,0,1.1085,0.261274,1.028160,1,0,17.954,0,0,0,17.954,0
60.0391,2.21184,0,0,1.28625,0.0767018,0.36288,3.6288,56.943,0.859485,0,0,0.363557,0.294193,0,0.66528,12.849,1,0.462832,0.36288,0,19.3768,5.68785,13.589,0.84672,12.849,0.84672,3695.15,0,0,0,0.227405,1.75802,2.43781,1.48053,2.9427,0.42336,0,0.42336,460.49,0,0.768105,0,0,0.995509,0.227405,1.028160,1,0,16.5317,0,0,0,16.5317,0
58.5346,2.20404,0,0,1.12487,0.0624784,0.36288,3.6288,56.1277,0.876014,0,0,0.360978,0.300246,0,0.66528,12.849,1,0.471686,0.36288,0,18.451,5.91217,12.43,0.84672,12.849,0.84672,3695.15,0,0,0,0.227405,1.75871,2.46389,1.52535,2.92465,0.42336,0,0.42336,460.49,0,0.752216,0,0,0.97962,0.227405,1.028160,1,0,15.3546,0,0,0,15.3546,0
56.7108,2.34155,0,0,0.950063,0.0694121,0.36288,3.6288,55.2344,0.957554,0,0,0.350679,0.286372,0,0.66528,12.849,1,0.513996,0.36288,0,17.3122,5.81028,11.3508,0.84672,12.849,0.84672,3695.15,0,0,0,0.227405,1.7594,2.35233,1.37712,2.96201,0.42336,0,0.42336,460.49,0,0.735886,0,0,0.963291,0.227405,1.028160,1,0,14.3128,0,0,0,14.3128,0
54.8756,2.32899,0,0,0.920799,0.0642159,0.36288,3.6288,54.2022,1.03731,0,0,0.305041,0.299992,0,0.66528,12.849,1,0.52768,0.36288,0,17.8496,6.14092,11.5439,0.84672,12.849,0.84672,3695.15,0,0,0,0.227405,1.90194,2.72926,1.56402,3.29459,0.42336,0,0.42336,460.49,0,0.65613,0,0,0.883535,0.227405,1.028160,1,0,14.8385,0,0,0,14.8385,0
52.9506,2.3156,0,0,0.816523,0.0630522,0.36288,3.6288,53.1106,1.06824,0,0,0.274625,0.297956,0,0.66528,12.849,1,0.542192,0.36288,0,15.863,6.14092,9.5428,0.84672,12.849,0.84672,3695.15,0,0,0,0.204422,1.90269,2.64883,1.56402,3.19191,0.42336,0,0.42336,460.49,0,0.625199,0,0,0.829621,0.204422,1.028160,1,0,12.7347,0,0,0,12.7347,0
51.1398,2.30064,0,0,0.914639,0.0618316,0.36288,3.6288,52.0516,1.04514,0,0,0.281717,0.295523,0,0.66528,12.849,1,0.558274,0.36288,0,15.7678,6.14092,9.43151,0.84672,12.849,0.84672,3695.15,0,0,0,0.204422,1.90344,2.83901,1.56402,3.38285,0.42336,0,0.42336,460.49,0,0.648302,0,0,0.852725,0.204422,1.028160,1,0,12.8144,0,0,0,12.8144,0
49.8774,2.28574,0,0,1.4638,0.0775753,0.36288,3.6288,51.247,0.861883,0,0,0.346228,0.288991,0,0.66528,12.849,1,0.574297,0.36288,0,26.1954,6.02218,19.9618,0.84672,12.849,0.84672,3695.15,0,0,0,0.204422,1.90419,3.09477,1.54946,3.65392,0.42336,0,0.42336,460.49,0,0.831557,0,0,1.03598,0.204422,1.028160,1,0,23.6157,0,0,0,23.6157,0
48.649,2.20566,0,0,1.41665,0.0765507,0.36288,3.6288,50.4516,0.847951,0,0,0.370723,0.318168,0,0.66528,12.849,1,0.568203,0.36288,0,19.5166,5.78727,13.524,0.84672,12.849,0.84672,3695.15,0,0,0,0.204422,1.90493,3.23516,1.6135,3.73102,0.42336,0,0.42336,460.49,0,0.83935,0,0,1.04377,0.204422,1.028160,1,0,17.255,0,0,0,17.255,0
46.9897,2.19517,0,0,1.00435,0.10561,0.36288,3.6288,49.5795,0.88269,0,0,0.315881,0.305269,0,0.66528,12.849,1,0.579781,0.36288,0,14.1053,5.4546,8.43382,0.84672,12.849,0.84672,3695.15,0,0,0,0.216518,1.82343,2.81399,1.56834,3.28559,0.42336,0,0.42336,460.49,0,0.805274,0,0,1.02179,0.216518,1.028160,1,0,11.7194,0,0,0,11.7194,0
45.7334,2.17995,0,0,1.41401,0.127436,0.36288,3.6288,48.889,0.749278,0,0,0.342832,0.284037,0,0.66528,12.849,1,0.596092,0.36288,0,15.7436,5.28896,10.2215,0.84672,12.849,0.84672,3695.15,0,0,0,0.216518,1.82415,2.50751,1.51145,3.03673,0.42336,0,0.42336,460.49,0,0.939349,0,0,1.15587,0.216518,1.028160,1,0,13.2582,0,0,0,13.2582,0
45.0182,2.16802,0,0,1.94136,0.125669,0.36288,3.6288,48.5,0.66113,0,0,0.554509,0.282424,0,0.66528,12.849,1,0.609114,0.36288,0,30.2466,5.28896,24.7114,0.84672,12.849,0.84672,3695.15,0,0,0,0.879647,1.82486,4.44956,1.51145,5.64262,0.42336,0,0.42336,460.49,0,1.02816,0,0,1.90781,0.879647,1.028160,1,0,30.354,0,0,0,30.354,0
44.0852,2.10551,0,0,1.64506,0.109663,0.36288,3.6288,48.0693,0.584039,0,0,0.418239,0.264856,0,0.66528,12.849,1,0.600949,0.36288,0,33.5677,4.98742,28.3422,0.84672,12.849,0.84672,3695.15,0,0,0,0.298002,1.82558,2.88077,1.34421,3.66014,0.42336,0,0.42336,460.49,0,1.02816,0,0,1.32616,0.298002,1.028160,1,0,32.0023,0,0,0,32.0023,0
43.5697,2.09648,0,0,2.11863,0.17475,0.36288,3.6288,47.3068,0.871079,0,0,0.317905,0.209409,0,0.66528,12.849,1,0.611036,0.36288,0,28.4539,4.36989,23.8359,0.84672,12.849,0.84672,3695.15,0,0,0,0.216518,1.75277,2.39782,1.09971,3.2674,0.42336,0,0.42336,460.49,0,0.741753,0,0,0.958271,0.216518,1.028160,1,0,27.1033,0,0,0,27.1033,0
42.6931,2.09172,0,0,1.75166,0.173723,0.36288,3.6288,46.5066,0.865958,0,0,0.273924,0.208079,0,0.66528,12.849,1,0.616861,0.36288,0,22.8195,4.36989,18.1957,0.84672,12.849,0.84672,3695.15,0,0,0,0.292723,1.75346,2.32588,1.09971,3.27235,0.42336,0,0.42336,460.49,0,0.747507,0,0,1.04023,0.292723,1.028160,1,0,21.468,0,0,0,21.468,0
44.5294,2.0828,0,0,4.45398,0.171977,0.36288,3.6288,46.591,0.585938,0,0,0.876981,0.206646,0,0.66528,12.849,1,0.626844,0.36288,0,63.6649,4.36989,59.031,0.84672,12.849,0.84672,3695.15,0,0,0,2.13716,1.75415,5.43561,1.09971,8.22721,0.42336,0,0.42336,460.49,0,1.02816,0,0,3.16532,2.13716,1.028160,1,0,67.2582,0,0,0,67.2582,0
47.2692,1.94525,0,0,5.24115,0.193198,0.36288,3.6288,47.1051,0.424377,0,0,1.13117,0.192745,0,0.66528,12.849,1,0.561305,0.36288,0,75.9593,4.15224,71.6086,0.84672,12.849,0.84672,3695.15,0,0,0,1.0367,1.75484,5.50696,1.03806,7.26044,0.42336,0,0.42336,460.49,0,1.02816,0,0,2.06486,1.0367,1.028160,1,0,78.869,0,0,0,78.869,0
47.9296,1.97161,0,0,3.17907,0.184227,0.36288,3.6288,46.8739,0.424947,0,0,0.376827,0.183091,0,0.66528,12.849,1,0.535934,0.36288,0,44.5831,4.10931,40.3007,0.84672,12.849,0.84672,3695.15,0,0,0,0.713819,1.59196,4.49371,1.0288,5.77068,0.42336,0,0.42336,460.49,0,1.02816,0,0,1.74198,0.713819,1.028160,1,0,46.0714,0,0,0,46.0714,0
47.8995,1.97821,0,0,2.52265,0.211614,0.36288,3.6288,46.6186,0.425517,0,0,0.365059,0.19481,0,0.66528,12.849,1,0.530319,0.36288,0,33.8418,4.18341,29.491,0.84672,12.849,0.84672,3695.15,0,0,0,0.669168,1.59258,4.05664,0.970518,5.34787,0.42336,0,0.42336,460.49,0,1.02816,0,0,1.69733,0.669168,1.028160,1,0,34.8389,0,0,0,34.8389,0
49.1271,1.97872,0,0,3.78073,0.211544,0.36288,3.6288,46.5683,0.426087,0,0,0.570135,0.194373,0,0.66528,12.849,1,0.53079,0.36288,0,54.3612,4.18341,50.0099,0.84672,12.849,0.84672,3695.15,0,0,0,2.04919,1.59321,6.20264,0.970518,8.87452,0.42336,0,0.42336,460.49,0,1.02816,0,0,3.07735,2.04919,1.028160,1,0,58.8844,0,0,0,58.8844,0
56.0652,1.99001,0,0,9.50537,0.214381,0.36288,3.6288,47.5236,0.426658,0,0,1.57623,0.194282,0,0.66528,12.849,1,0.52048,0.36288,0,143.23,4.18341,138.889,0.84672,12.849,0.84672,3695.15,0,0,0,1.55752,1.59383,12.4171,0.970518,14.5979,0.42336,0,0.42336,460.49,0,1.02816,0,0,2.58568,1.55752,1.028160,1,0,153.487,0,0,0,153.487,0
68.8718,2.1072,0,0,15.524,0.247308,0.36288,3.6288,50.1081,0.474272,0,0,3.27376,0.214989,0,0.66528,12.849,1,0.482928,0.36288,0,241.827,4.24569,237.461,0.84672,12.849,0.84672,3695.15,0,0,0,1.86,1.59446,14.832,1.0905,17.196,0.42336,0,0.42336,460.49,0,1.02816,0,0,2.88816,1.86,1.028160,1,0,254.657,0,0,0,254.657,0
71.6437,2.18371,0,0,5.60892,0.290431,0.36288,3.6288,50.7318,0.474841,0,0,1.33288,0.234283,0,0.66528,12.849,1,0.407402,0.36288,0,94.9501,4.2924,90.6132,0.84672,12.849,0.84672,3695.15,0,0,0,1.76902,1.64617,9.99726,1.18049,12.232,0.42336,0,0.42336,460.49,0,1.02816,0,0,2.79718,1.76902,1.028160,1,0,102.845,0,0,0,102.845,0
72.29,2.19791,0,0,5.59086,0.296703,2.44998,3.6288,51.5602,0.47541,0,0,1.53928,0.235479,0,0.66528,12.849,1,0.394185,2.44998,0,123.582,4.2924,121.346,0.84672,12.849,0.84672,3695.15,0,0,0,1.97905,1.64679,11.1725,1.18049,13.6178,0.42336,0,0.42336,460.49,0,1.02816,0,0,3.00721,1.97905,1.028160,1,0,134.963,0,0,0,134.963,0
72.29,2.20173,0,0,4.3565,0.298165,1.8566,3.6288,51.9155,0.475979,0,0,1.06833,0.237069,0,0.66528,12.849,1,0.391341,1.8566,0,97.7443,4.2924,94.9172,0.84672,12.849,0.84672,3695.15,0,0,0,1.36543,1.64742,7.33173,1.18049,9.16409,0.42336,0,0.42336,460.49,0,1.02816,0,0,2.39359,1.36543,1.028160,1,0,104.081,0,0,0,104.081,0
72.29,2.4174,0,0,5.11685,0.290287,2.40916,3.6288,52.0569,0.65347,0,0,1.02443,0.229535,0,0.66528,12.849,1,0.429674,2.40916,0,86.9685,4.10269,84.8453,0.84672,12.849,0.84672,3695.15,0,0,0,1.29989,1.64804,6.93438,1.14149,8.74082,0.42336,0,0.42336,460.49,0,1.02816,0,0,2.32805,1.29989,1.028160,1,0,93.5861,0,0,0,93.5861,0
72.29,2.41831,0,0,4.54862,0.243024,1.88729,3.6288,52.0318,0.897071,0,0,1.0524,0.180453,0,0.66528,12.849,1,0.429837,1.88729,0,88.8399,2.96447,87.3329,0.84672,12.849,0.84672,3695.15,0,0,0,0.503194,1.83277,5.98789,0.907483,7.41637,0.42336,0,0.42336,460.49,0,0.785195,0,0,1.28839,0.503194,1.028160,1,0,94.7493,0,0,0,94.7493,0
72.29,2.41923,0,0,4.42472,0.243024,1.76247,3.6288,52.629,0.654742,0,0,1.43238,0.180416,0,0.66528,12.849,1,0.429999,1.76247,0,100.094,2.96447,98.4615,0.84672,12.849,0.84672,3695.15,0,0,0,1.30946,1.83346,9.20653,0.907483,11.442,0.42336,0,0.42336,460.49,0,1.02816,0,0,2.33762,1.30946,1.028160,1,0,109.904,0,0,0,109.904,0
72.29,2.42014,0,0,4.52589,0.264712,1.84104,3.6288,52.7463,0.655378,0,0,0.943298,0.170617,0,0.66528,12.849,1,0.430162,1.84104,0,126.077,3.03012,124.457,0.84672,12.849,0.84672,3695.15,0,0,0,0.769461,1.83416,6.818,0.878734,8.54288,0.42336,0,0.42336,460.49,0,1.02816,0,0,1.79762,0.769461,1.028160,1,0,133,0,0,0,133,0
72.29,2.11417,0,0,7.5343,0.323845,5.09628,3.6288,53.3218,0.418225,0,0,1.17393,0.180237,0,0.66528,12.849,1,0.375778,5.09628,0,124.934,3.01511,126.639,0.84672,12.849,0.84672,3695.15,0,0,0,2.15442,1.83485,9.30822,0.878512,12.419,0.42336,0,0.42336,460.49,0,1.02816,0,0,3.18258,2.15442,1.028160,1,0,139.058,0,0,0,139.058,0
72.29,2.11497,0,0,7.67121,0.362954,5.19328,3.6288,55.1517,0.418772,0,0,2.39039,0.141691,0,0.66528,12.849,1,0.37592,5.19328,0,131.513,2.92813,133.402,0.84672,12.849,0.84672,3695.15,0,0,0,3.89985,1.58409,11.8093,0.819398,16.4739,0.42336,0,0.42336,460.49,0,1.02816,0,0,4.92801,3.89985,1.028160,1,0,149.876,0,0,0,149.876,0
72.29,2.11577,0,0,6.77069,0.362954,4.29197,3.6288,56.2056,0.419318,0,0,1.61669,0.143513,0,0.66528,12.849,1,0.376062,4.29197,0,101.981,2.92813,102.968,0.84672,12.849,0.84672,3695.15,0,0,0,2.24181,1.58469,8.98715,0.819398,11.9943,0.42336,0,0.42336,460.49,0,1.02816,0,0,3.26997,2.24181,1.028160,1,0,114.963,0,0,0,114.963,0
72.29,2.11657,0,0,5.25568,0.362954,2.77615,3.6288,56.8997,0.419866,0,0,1.25849,0.144508,0,0.66528,12.849,1,0.376205,2.77615,0,107.463,2.92813,106.935,0.84672,12.849,0.84672,3695.15,0,0,0,1.50399,1.58529,7.27177,0.819398,9.54165,0.42336,0,0.42336,460.49,0,1.02816,0,0,2.53215,1.50399,1.028160,1,0,116.477,0,0,0,116.477,0
72.29,2.11737,0,0,4.24726,0.328969,1.80092,3.6288,57.1943,0.420413,0,0,0.84259,0.127618,0,0.66528,12.849,1,0.376347,1.80092,0,87.7072,2.66655,86.4653,0.84672,12.849,0.84672,3695.15,0,0,0,0.964336,1.58589,6.42185,0.781821,8.19026,0.42336,0,0.42336,460.49,0,1.02816,0,0,1.9925,0.964336,1.028160,1,0,94.6555,0,0,0,94.6555,0
72.29,2.19557,0,0,5.44056,0.335383,2.90962,3.6288,57.6092,0.479242,0,0,1.01459,0.120412,0,0.66528,12.849,1,0.390245,2.90962,0,95.8599,2.58522,95.7941,0.84672,12.849,0.84672,3695.15,0,0,0,1.72668,1.58649,7.86724,0.764402,10.416,0.42336,0,0.42336,460.49,0,1.02816,0,0,2.75484,1.72668,1.028160,1,0,106.21,0,0,0,106.21,0
72.29,2.19639,0,0,5.36395,0.356073,2.81148,3.6288,58.2014,0.479812,0,0,1.19915,0.127149,0,0.66528,12.849,1,0.390392,2.81148,0,112.558,2.6922,112.286,0.84672,12.849,0.84672,3695.15,0,0,0,2.11285,1.6492,8.32455,0.777474,11.3091,0.42336,0,0.42336,460.49,0,1.02816,0,0,3.14101,2.11285,1.028160,1,0,123.596,0,0,0,123.596,0
72.29,2.19722,0,0,4.28611,0.356073,1.73282,3.6288,58.7754,0.480381,0,0,1.18204,0.127636,0,0.66528,12.849,1,0.39054,1.73282,0,70.1827,2.6922,68.8328,0.84672,12.849,0.84672,3695.15,0,0,0,1.41705,1.64982,7.17932,0.777474,9.46872,0.42336,0,0.42336,460.49,0,1.02816,0,0,2.44521,1.41705,1.028160,1,0,78.3015,0,0,0,78.3015,0
72.29,2.19805,0,0,3.92312,0.356073,1.36899,3.6288,59.1421,0.480951,0,0,0.975758,0.128109,0,0.66528,12.849,1,0.390687,1.36899,0,80.4168,2.6922,78.7029,0.84672,12.849,0.84672,3695.15,0,0,0,1.3015,1.65045,6.94284,0.777474,9.11732,0.42336,0,0.42336,460.49,0,1.02816,0,0,2.32966,1.3015,1.028160,1,0,87.8202,0,0,0,87.8202,0
72.29,2.16858,0,0,3.26154,0.293162,0.7998,3.6288,59.3157,0.458851,0,0,0.776572,0.144145,0,0.66528,12.849,1,0.385448,0.7998,0,71.6004,3.08989,68.9248,0.84672,12.849,0.84672,3695.15,0,0,0,0.826356,1.65107,5.87015,0.875912,7.47167,0.42336,0,0.42336,460.49,0,1.02816,0,0,1.85452,0.826356,1.028160,1,0,76.3965,0,0,0,76.3965,0
72.29,2.1694,0,0,2.84591,0.283393,0.393122,3.6288,59.4566,0.459412,0,0,0.759776,0.15946,0,0.66528,12.849,1,0.385594,0.393122,0,56.2396,3.57137,52.6757,0.84672,12.849,0.84672,3695.15,0,0,0,0.595935,1.62749,4.13957,0.976387,5.38661,0.42336,0,0.42336,460.49,0,1.02816,0,0,1.6241,0.595935,1.028160,1,0,58.0623,0,0,0,58.0623,0
72.182,2.17022,0,0,2.61022,0.18508,0.36288,3.6288,59.4424,0.459974,0,0,0.650635,0.204845,0,0.66528,12.849,1,0.385739,0.36288,0,51.3429,3.97498,47.3451,0.84672,12.849,0.84672,3695.15,0,0,0,0.46548,1.6281,3.85798,1.00049,4.95108,0.42336,0,0.42336,460.49,0,1.02816,0,0,1.49364,0.46548,1.028160,1,0,52.2962,0,0,0,52.2962,0
72.003,2.17054,0,0,2.53926,0.184928,0.36288,3.6288,59.4947,0.460535,0,0,0.717682,0.204827,0,0.66528,12.849,1,0.386375,0.36288,0,49.6207,3.97498,45.6223,0.84672,12.849,0.84672,3695.15,0,0,0,0.62945,1.62872,4.47314,1.00049,5.73082,0.42336,0,0.42336,460.49,0,1.02816,0,0,1.65761,0.62945,1.028160,1,0,51.3531,0,0,0,51.3531,0
71.6387,2.27351,0,0,2.4568,0.184677,0.36288,3.6288,59.4687,0.541614,0,0,0.720516,0.204895,0,0.66528,12.849,1,0.405711,0.36288,0,47.0436,3.97498,43.0258,0.84672,12.849,0.84672,3695.15,0,0,0,0.428665,1.62933,3.92516,1.00049,4.98267,0.42336,0,0.42336,460.49,0,1.02816,0,0,1.45683,0.428665,1.028160,1,0,48.0084,0,0,0,48.0084,0
71.3485,2.27262,0,0,2.487,0.141643,0.36288,3.6288,59.4291,0.574701,0,0,0.758557,0.223479,0,0.66528,12.849,1,0.407614,0.36288,0,43.3862,3.9711,39.3704,0.84672,12.849,0.84672,3695.15,0,0,0,0.402797,1.71489,3.6477,1.00299,4.76241,0.42336,0,0.42336,460.49,0,0.995665,0,0,1.39846,0.402797,1.028160,1,0,44.1328,0,0,0,44.1328,0
70.7297,2.27207,0,0,2.15748,0.14133,0.36288,3.6288,59.3646,0.542799,0,0,0.70168,0.223423,0,0.66528,12.849,1,0.409173,0.36288,0,40.274,3.9711,36.2566,0.84672,12.849,0.84672,3695.15,0,0,0,0.373006,1.71554,3.59178,1.00299,4.67734,0.42336,0,0.42336,460.49,0,1.02816,0,0,1.40117,0.373006,1.028160,1,0,40.9339,0,0,0,40.9339,0
69.8963,2.2699,0,0,1.93997,0.140662,0.36288,3.6288,59.0592,0.665449,0,0,0.583393,0.22333,0,0.66528,12.849,1,0.412357,0.36288,0,37.4413,3.9711,33.4207,0.84672,12.849,0.84672,3695.15,0,0,0,0.30119,1.71619,3.40102,1.00299,4.41541,0.42336,0,0.42336,460.49,0,0.906103,0,0,1.20729,0.30119,1.028160,1,0,37.8361,0,0,0,37.8361,0
68.9553,2.2666,0,0,1.805,0.116442,0.36288,3.6288,58.7194,0.663545,0,0,0.570974,0.247238,0,0.66528,12.849,1,0.416668,0.36288,0,35.4115,4.46017,30.8975,0.84672,12.849,0.84672,3695.15,0,0,0,0.30119,1.71684,3.33577,1.13645,4.21735,0.42336,0,0.42336,460.49,0,0.9086,0,0,1.20979,0.30119,1.028160,1,0,35.1149,0,0,0,35.1149,0
68.5031,2.2424,0,0,2.25229,0.099226,0.36288,3.6288,58.5804,0.588914,0,0,0.69524,0.24525,0,0.66528,12.849,1,0.417843,0.36288,0,41.7344,4.4665,37.2129,0.84672,12.849,0.84672,3695.15,0,0,0,0.335776,1.71748,3.25878,1.08521,4.22683,0.42336,0,0.42336,460.49,0,1.02816,0,0,1.36394,0.335776,1.028160,1,0,41.4398,0,0,0,41.4398,0
68.1665,2.24092,0,0,2.36322,0.0960431,0.36288,3.6288,58.4727,0.589524,0,0,0.72233,0.240569,0,0.66528,12.849,1,0.420325,0.36288,0,42.1086,4.39078,37.6604,0.84672,12.849,0.84672,3695.15,0,0,0,0.437426,1.74788,3.35859,1.04336,4.50054,0.42336,0,0.42336,460.49,0,1.02816,0,0,1.46559,0.437426,1.028160,1,0,42.1609,0,0,0,42.1609,0
67.6508,2.24002,0,0,2.1552,0.0679826,0.36288,3.6288,58.2996,0.590134,0,0,0.703296,0.2862,0,0.66528,12.849,1,0.42223,0.36288,0,40.044,5.04229,34.9423,0.84672,12.849,0.84672,3695.15,0,0,0,0.317537,1.74854,3.23702,1.26386,4.03924,0.42336,0,0.42336,460.49,0,1.02816,0,0,1.3457,0.317537,1.028160,1,0,38.9816,0,0,0,38.9816,0
66.9331,2.23815,0,0,1.94713,0.0637872,0.36288,3.6288,58.0893,0.590744,0,0,0.664701,0.284306,0,0.66528,12.849,1,0.425095,0.36288,0,36.6806,5.62548,30.9929,0.84672,12.849,0.84672,3695.15,0,0,0,0.35405,1.7492,3.20166,1.47664,3.82826,0.42336,0,0.42336,460.49,0,1.02816,0,0,1.38221,0.35405,1.028160,1,0,34.8212,0,0,0,34.8212,0
66.0897,2.28734,0,0,1.87794,0.0711235,0.36288,3.6288,57.7991,0.630928,0,0,0.632549,0.291848,0,0.66528,12.849,1,0.439095,0.36288,0,33.3608,5.68421,27.6003,0.84672,12.849,0.84672,3695.15,0,0,0,0.312448,1.74986,3.15149,1.47023,3.74357,0.42336,0,0.42336,460.49,0,1.02816,0,0,1.34061,0.312448,1.028160,1,0,31.3439,0,0,0,31.3439,0
65.2334,2.2835,0,0,1.86246,0.0724449,0.36288,3.6288,57.5294,0.641834,0,0,0.698447,0.326287,0,0.66528,12.849,1,0.443953,0.36288,0,36.0246,5.96389,29.9796,0.84672,12.849,0.84672,3695.15,0,0,0,0.261274,1.79274,3.06725,1.53291,3.58836,0.42336,0,0.42336,460.49,0,1.01788,0,0,1.27915,0.261274,1.028160,1,0,33.568,0,0,0,33.568,0
64.2842,2.27949,0,0,1.76516,0.071951,0.36288,3.6288,57.1963,0.632178,0,0,0.624849,0.325718,0,0.66528,12.849,1,0.448991,0.36288,0,31.831,5.96389,25.781,0.84672,12.849,0.84672,3695.15,0,0,0,0.375667,1.79342,3.20364,1.53291,3.83982,0.42336,0,0.42336,460.49,0,1.02816,0,0,1.40383,0.375667,1.028160,1,0,29.6208,0,0,0,29.6208,0
63.2252,2.27483,0,0,1.6501,0.0714035,0.36288,3.6288,56.8167,0.632804,0,0,0.578135,0.325015,0,0.66528,12.849,1,0.454688,0.36288,0,30.2667,5.96389,24.211,0.84672,12.849,0.84672,3695.15,0,0,0,0.254871,1.7941,2.81108,1.53291,3.32714,0.42336,0,0.42336,460.49,0,1.02816,0,0,1.28303,0.254871,1.028160,1,0,27.5381,0,0,0,27.5381,0
61.9985,2.42091,0,0,1.62793,0.0707926,0.36288,3.6288,56.4527,0.66528,0,0,0.625489,0.324214,0,0.66528,12.849,1,0.491992,0.36288,0,28.0844,5.96389,21.9914,0.84672,12.849,0.84672,3695.15,0,0,0,0.341341,1.79477,3.17901,1.53291,3.78221,0.42336,0,0.42336,460.49,0,1.02816,0,0,1.3695,0.341341,1.028160,1,0,25.7736,0,0,0,25.7736,0
61.0147,2.41376,0,0,1.84882,0.0560218,0.36288,3.6288,56.1434,0.66528,0,0,0.694578,0.338573,0,0.66528,12.849,1,0.500243,0.36288,0,30.5701,6.00006,24.4327,0.84672,12.849,0.84672,3695.15,0,0,0,0.338403,1.94015,3.56503,1.58022,4.26335,0.42336,0,0.42336,460.49,0,1.02816,0,0,1.36656,0.338403,1.028160,1,0,28.6961,0,0,0,28.6961,0
60.2772,2.408,0,0,2.09184,0.0584718,0.36288,3.6288,56.0085,0.66528,0,0,0.867862,0.337483,0,0.66528,12.849,1,0.507097,0.36288,0,38.7455,5.91885,32.6824,0.84672,12.849,0.84672,3695.15,0,0,0,0.648026,1.94088,3.76298,1.57068,4.7812,0.42336,0,0.42336,460.49,0,1.02816,0,0,1.67619,0.648026,1.028160,1,0,37.4636,0,0,0,37.4636,0
59.105,2.40379,0,0,1.65262,0.0581117,0.36288,3.6288,55.6078,0.697032,0,0,0.633502,0.337185,0,0.66528,12.849,1,0.512404,0.36288,0,39.9844,5.91885,33.916,0.84672,12.849,0.84672,3695.15,0,0,0,0.204422,1.94161,2.98165,1.57068,3.557,0.42336,0,0.42336,460.49,0,0.996408,0,0,1.20083,0.204422,1.028160,1,0,37.473,0,0,0,37.473,0
58.3351,2.39634,0,0,2.04681,0.057462,0.36288,3.6288,55.6601,0.66528,0,0,1.05394,0.336301,0,0.66528,12.849,1,0.520948,0.36288,0,35.435,5.91885,29.3581,0.84672,12.849,0.84672,3695.15,0,0,0,1.11366,1.94234,4.4806,1.57068,5.96592,0.42336,0,0.42336,460.49,0,1.02816,0,0,2.14182,1.11366,1.028160,1,0,35.324,0,0,0,35.324,0
57.5616,2.31864,0,0,1.96058,0.0526496,0.36288,3.6288,55.2945,0.66528,0,0,0.613261,0.313645,0,0.66528,12.849,1,0.510708,0.36288,0,26.7317,5.18405,21.3999,0.84672,12.849,0.84672,3695.15,0,0,0,0.7006,1.94307,3.76028,1.34696,5.05699,0.42336,0,0.42336,460.49,0,1.02816,0,0,1.72876,0.7006,1.028160,1,0,26.4568,0,0,0,26.4568,0
57.3866,2.3139,0,0,2.5652,0.0634005,0.36288,3.6288,55.0139,0.66528,0,0,0.697976,0.31327,0,0.66528,12.849,1,0.516513,0.36288,0,21.2158,5.05407,16.0081,0.84672,12.849,0.84672,3695.15,0,0,0,1.46285,1.8599,4.73183,1.36101,6.69358,0.42336,0,0.42336,460.49,0,1.02816,0,0,2.49101,1.46285,1.028160,1,0,22.7017,0,0,0,22.7017,0
57.0506,2.31348,0,0,2.40639,0.0660166,0.36288,3.6288,54.7441,0.66528,0,0,0.709102,0.313659,0,0.66528,12.849,1,0.517995,0.36288,0,26.1132,5.07035,20.8877,0.84672,12.849,0.84672,3695.15,0,0,0,1.38872,1.8606,4.78763,1.37033,6.66663,0.42336,0,0.42336,460.49,0,1.02816,0,0,2.41688,1.38872,1.028160,1,0,27.5544,0,0,0,27.5544,0
57.0116,2.31186,0,0,2.7016,0.065799,0.36288,3.6288,54.6488,0.66528,0,0,0.883146,0.313102,0,0.66528,12.849,1,0.52068,0.36288,0,42.0112,5.07035,36.7831,0.84672,12.849,0.84672,3695.15,0,0,0,1.85813,1.8613,6.09502,1.37033,8.44412,0.42336,0,0.42336,460.49,0,1.02816,0,0,2.88629,1.85813,1.028160,1,0,45.2272,0,0,0,45.2272,0
57.0771,2.25271,0,0,2.75162,0.0706265,0.36288,3.6288,54.6675,0.616179,0,0,0.933267,0.298368,0,0.66528,12.849,1,0.507704,0.36288,0,84.9789,5.04831,79.7858,0.84672,12.849,0.84672,3695.15,0,0,0,1.64166,1.862,6.72617,1.3309,8.89893,0.42336,0,0.42336,460.49,0,1.02816,0,0,2.66982,1.64166,1.028160,1,0,88.6847,0,0,0,88.6847,0
57.587,2.25403,0,0,3.25583,0.128958,0.36288,3.6288,54.7398,0.616797,0,0,0.903986,0.214918,0,0.66528,12.849,1,0.507419,0.36288,0,34.0804,4.96518,28.9707,0.84672,12.849,0.84672,3695.15,0,0,0,1.35511,1.78772,6.22928,1.09702,8.27508,0.42336,0,0.42336,460.49,0,1.02816,0,0,2.38327,1.35511,1.028160,1,0,37.2458,0,0,0,37.2458,0
60.1988,2.25855,0,0,5.43605,0.202848,0.36288,3.6288,55.4875,0.617416,0,0,1.58947,0.224389,0,0.66528,12.849,1,0.503935,0.36288,0,53.9026,5.08788,48.6737,0.84672,12.849,0.84672,3695.15,0,0,0,1.95204,1.78839,6.33391,1.10368,8.97065,0.42336,0,0.42336,460.49,0,1.02816,0,0,2.9802,1.95204,1.028160,1,0,57.6443,0,0,0,57.6443,0
65.2955,2.27742,0,0,7.94508,0.208034,0.36288,3.6288,56.5894,0.618035,0,0,1.94543,0.225496,0,0.66528,12.849,1,0.4861,0.36288,0,108.385,5.08788,103.174,0.84672,12.849,0.84672,3695.15,0,0,0,3.44436,1.78906,13.3301,1.10368,17.4598,0.42336,0,0.42336,460.49,0,1.02816,0,0,4.47252,3.44436,1.028160,1,0,120.634,0,0,0,120.634,0
70.0802,2.13603,0,0,7.48402,0.200395,0.36288,3.6288,57.3991,0.453237,0,0,1.48992,0.226944,0,0.66528,12.849,1,0.420332,0.36288,0,108.258,5.0485,103.152,0.84672,12.849,0.84672,3695.15,0,0,0,3.55416,1.78973,11.8307,1.08694,16.0876,0.42336,0,0.42336,460.49,0,1.02816,0,0,4.58232,3.55416,1.028160,1,0,119.24,0,0,0,119.24,0
71.7238,2.16109,0,0,4.41543,0.247936,0.36288,3.6288,58.3944,0.453793,0,0,1.63786,0.188772,0,0.66528,12.849,1,0.39623,0.36288,0,93.9738,3.93035,90.0101,0.84672,12.849,0.84672,3695.15,0,0,0,2.21486,1.62359,6.74741,0.941178,9.64467,0.42336,0,0.42336,460.49,0,1.02816,0,0,3.24302,2.21486,1.028160,1,0,99.6548,0,0,0,99.6548,0
72.29,2.16961,0,0,3.52446,0.275185,0.513442,3.6288,59.114,0.45435,0,0,1.35752,0.18357,0,0.66528,12.849,1,0.388676,0.513442,0,41.8761,3.78336,38.2175,0.84672,12.849,0.84672,3695.15,0,0,0,1.50955,1.6242,4.8507,0.933621,7.05083,0.42336,0,0.42336,460.49,0,1.02816,0,0,2.53771,1.50955,1.028160,1,0,45.2683,0,0,0,45.2683,0
72.29,2.17301,0,0,5.40972,0.276372,2.96034,3.6288,60.0283,0.454908,0,0,1.55363,0.184421,0,0.66528,12.849,1,0.386236,2.96034,0,38.0983,3.78336,36.8891,0.84672,12.849,0.84672,3695.15,0,0,0,1.80338,1.62481,6.33455,0.933621,8.82912,0.42336,0,0.42336,460.49,0,1.02816,0,0,2.83154,1.80338,1.028160,1,0,45.7182,0,0,0,45.7182,0
72.29,2.17382,0,0,13.3301,0.282686,10.8735,3.6288,61.308,0.455465,0,0,5.0514,0.191344,3.12489,0.66528,12.849,1,0.386381,10.8735,0,133.627,3.89518,140.219,0.84672,12.849,0.84672,3695.15,0,0,0,5.50152,1.62542,14.0677,0.950036,20.2446,0.42336,0,0.42336,460.49,0,1.02816,0,0,6.52968,5.50152,1.028160,1,0,163.588,0,0,0,163.588,0
72.29,2.24275,0,0,9.651,0.290941,7.11731,3.6288,61.308,0.503997,0,0,3.37926,0.235627,2.63963,0.66528,12.849,1,0.398631,7.11731,0,162.441,4.68368,164.476,0.84672,12.849,0.84672,3695.15,0,0,0,4.5103,1.62603,15.2063,1.18658,20.1561,0.42336,0,0.42336,460.49,0,1.02816,0,0,5.53846,4.5103,1.028160,1,0,187.271,0,0,0,187.271,0
72.29,2.24356,0,0,5.1762,0.251433,2.68121,3.6288,61.308,0.504552,0,0,1.22612,0.24547,0.476097,0.66528,12.849,1,0.398775,2.68121,0,92.1084,4.84039,89.5505,0.84672,12.849,0.84672,3695.15,0,0,0,2.18774,1.67874,8.63784,1.37065,11.1337,0.42336,0,0.42336,460.49,0,1.02816,0,0,3.2159,2.18774,1.028160,1,0,101.16,0,0,0,101.16,0
72.29,2.24437,0,0,4.54521,0.251433,2.04941,3.6288,61.308,0.505107,0,0,1.067,0.24547,0.316419,0.66528,12.849,1,0.39892,2.04941,0,111.262,4.84039,108.073,0.84672,12.849,0.84672,3695.15,0,0,0,1.8888,1.67935,9.92088,1.37065,12.1184,0.42336,0,0.42336,460.49,0,1.02816,0,0,2.91696,1.8888,1.028160,1,0,120.507,0,0,0,120.507,0
72.29,2.24518,0,0,3.78009,0.258557,1.27635,3.6288,61.308,0.505662,0,0,0.86222,0.236698,0.11986,0.66528,12.849,1,0.399064,1.27635,0,73.8971,4.36084,70.4135,0.84672,12.849,0.84672,3695.15,0,0,0,1.24854,1.67995,6.19563,1.24156,7.88257,0.42336,0,0.42336,460.49,0,1.02816,0,0,2.2767,1.24854,1.028160,1,0,78.4159,0,0,0,78.4159,0
72.107,2.46506,0,0,2.90107,0.25617,0.36288,3.6288,61.308,0.66528,0,0,0.8781,0.176953,0.0358678,0.66528,12.849,1,0.438147,0.36288,0,65.6174,3.59496,61.9472,0.84672,12.849,0.84672,3695.15,0,0,0,1.0785,1.68056,4.72485,1.19796,6.28595,0.42336,0,0.42336,460.49,0,1.02816,0,0,2.10666,1.0785,1.028160,1,0,68.269,0,0,0,68.269,0
71.5073,2.46501,0,0,2.47423,0.245951,0.36288,3.6288,61.1022,0.66528,0,0,0.694374,0.234881,0,0.66528,12.849,1,0.43925,0.36288,0,67.0724,4.33451,62.6615,0.84672,12.849,0.84672,3695.15,0,0,0,0.543283,1.86891,5.20445,1.07281,6.54383,0.42336,0,0.42336,460.49,0,1.02816,0,0,1.57144,0.543283,1.028160,1,0,69.2054,0,0,0,69.2054,0
72.29,2.46278,0,0,4.0363,0.24483,0.546025,3.6288,61.2951,0.66528,0,0,1.09275,0.234576,0,0.66528,12.849,1,0.442532,0.546025,0,88.9799,4.33451,84.7489,0.84672,12.849,0.84672,3695.15,0,0,0,1.69888,1.86958,6.29584,1.07281,8.79149,0.42336,0,0.42336,460.49,0,1.02816,0,0,2.72704,1.69888,1.028160,1,0,93.5404,0,0,0,93.5404,0
72.0027,2.46774,0,0,2.78961,0.246293,0.36288,3.6288,61.0605,0.66528,0,0,0.665515,0.234862,0,0.66528,12.849,1,0.438623,0.36288,0,63.616,4.33451,59.2057,0.84672,12.849,0.84672,3695.15,0,0,0,0.894819,1.87026,4.59149,1.07281,6.28376,0.42336,0,0.42336,460.49,0,1.02816,0,0,1.92298,0.894819,1.028160,1,0,65.4895,0,0,0,65.4895,0
71.3577,2.15442,0,0,2.10146,0.229124,0.36288,3.6288,60.6064,0.648081,0,0,0.433276,0.239287,0,0.66528,12.849,1,0.38446,0.36288,0,50.3498,4.36541,45.9628,0.84672,12.849,0.84672,3695.15,0,0,0,0.608429,1.87094,4.26254,1.10574,5.63617,0.42336,0,0.42336,460.49,0,0.826727,0,0,1.43516,0.608429,1.028160,1,0,51.599,0,0,0,51.599,0
71.6803,2.15226,0,0,3.13572,0.29806,0.36288,3.6288,60.6755,0.447182,0,0,0.710052,0.193789,0,0.66528,12.849,1,0.387545,0.36288,0,69.7296,3.11795,66.587,0.84672,12.849,0.84672,3695.15,0,0,0,0.791977,1.61522,8.06799,0.782827,9.69236,0.42336,0,0.42336,460.49,0,1.02816,0,0,1.82014,0.791977,1.028160,1,0,76.2794,0,0,0,76.2794,0
71.438,2.15451,0,0,2.56579,0.290627,0.36288,3.6288,60.5125,0.53015,0,0,0.558928,0.191783,0,0.66528,12.849,1,0.386206,0.36288,0,57.5024,3.32819,54.1509,0.84672,12.849,0.84672,3695.15,0,0,0,0.558835,1.61581,5.31346,0.776116,6.71199,0.42336,0,0.42336,460.49,0,0.945726,0,0,1.50456,0.558835,1.028160,1,0,60.8629,0,0,0,60.8629,0
71.8919,2.15418,0,0,3.26106,0.290091,0.36288,3.6288,60.5234,0.448249,0,0,0.650805,0.191585,0,0.66528,12.849,1,0.387456,0.36288,0,76.1296,3.32819,72.7769,0.84672,12.849,0.84672,3695.15,0,0,0,0.758056,1.61639,5.95757,0.776116,7.55591,0.42336,0,0.42336,460.49,0,1.02816,0,0,1.78622,0.758056,1.028160,1,0,80.3328,0,0,0,80.3328,0
72.2194,2.15704,0,0,3.13849,0.291096,0.36288,3.6288,60.5528,0.448783,0,0,0.669743,0.191598,0,0.66528,12.849,1,0.38552,0.36288,0,58.3358,3.32819,54.985,0.84672,12.849,0.84672,3695.15,0,0,0,0.679882,1.61698,5.26355,0.776116,6.78429,0.42336,0,0.42336,460.49,0,1.02816,0,0,1.70804,0.679882,1.028160,1,0,61.7693,0,0,0,61.7693,0
72.29,2.2382,0,0,3.54036,0.294004,0.937564,3.6288,60.4868,0.50874,0,0,0.612312,0.16954,0,0.66528,12.849,1,0.398212,0.937564,0,64.7523,3.55798,61.7337,0.84672,12.849,0.84672,3695.15,0,0,0,0.640025,1.61756,5.45092,0.713182,6.99533,0.42336,0,0.42336,460.49,0,1.02816,0,0,1.66819,0.640025,1.028160,1,0,68.729,0,0,0,68.729,0
72.29,2.23934,0,0,4.85534,0.322602,2.2934,3.6288,60.5417,0.509295,0,0,0.743738,0.179538,0,0.66528,12.849,1,0.398025,2.2934,0,83.2419,3.75207,81.3852,0.84672,12.849,0.84672,3695.15,0,0,0,1.0906,1.68147,7.54348,0.8044,9.51115,0.42336,0,0.42336,460.49,0,1.02816,0,0,2.11876,1.0906,1.028160,1,0,90.8964,0,0,0,90.8964,0
72.29,2.24015,0,0,3.38863,0.322602,0.825875,3.6288,60.067,0.818766,0,0,0.523614,0.179601,0,0.66528,12.849,1,0.398169,0.825875,0,56.1523,3.75207,52.8279,0.84672,12.849,0.84672,3695.15,0,0,0,0.528595,1.68208,5.75008,0.8044,7.15635,0.42336,0,0.42336,460.49,0,0.719245,0,0,1.24784,0.528595,1.028160,1,0,59.9843,0,0,0,59.9843,0
72.29,2.24096,0,0,4.20353,0.322602,1.63997,3.6288,60.4469,0.510407,0,0,1.06936,0.179059,0,0.66528,12.849,1,0.398313,1.63997,0,94.7623,3.75207,92.2519,0.84672,12.849,0.84672,3695.15,0,0,0,1.87587,1.68269,10.4556,0.8044,13.2098,0.42336,0,0.42336,460.49,0,1.02816,0,0,2.90403,1.87587,1.028160,1,0,105.462,0,0,0,105.462,0
72.29,2.21087,0,0,3.24414,0.316967,0.716302,3.6288,60.512,0.48785,0,0,0.737459,0.184455,0,0.66528,12.849,1,0.392965,0.716302,0,63.1331,3.7998,59.6566,0.84672,12.849,0.84672,3695.15,0,0,0,0.721094,1.6833,6.6823,0.848004,8.23868,0.42336,0,0.42336,460.49,0,1.02816,0,0,1.74925,0.721094,1.028160,1,0,67.8953,0,0,0,67.8953,0
71.8164,2.21167,0,0,2.3639,0.26293,0.36288,3.6288,60.151,0.774296,0,0,0.626054,0.212746,0,0.66528,12.849,1,0.393107,0.36288,0,44.1546,3.83479,40.2896,0.84672,12.849,0.84672,3695.15,0,0,0,0.528595,1.65923,4.79991,0.897982,6.08975,0.42336,0,0.42336,460.49,0,0.742262,0,0,1.27086,0.528595,1.028160,1,0,46.3794,0,0,0,46.3794,0
71.2998,2.21027,0,0,2.3045,0.247991,0.36288,3.6288,60.0818,0.534315,0,0,0.683818,0.21875,0,0.66528,12.849,1,0.395449,0.36288,0,42.7863,3.89245,38.8613,0.84672,12.849,0.84672,3695.15,0,0,0,0.402797,1.65983,5.44026,0.901425,6.60146,0.42336,0,0.42336,460.49,0,0.982791,0,0,1.38559,0.402797,1.028160,1,0,45.4628,0,0,0,45.4628,0
70.6359,2.20864,0,0,2.15468,0.247015,0.36288,3.6288,59.8514,0.684292,0,0,0.672528,0.218653,0,0.66528,12.849,1,0.398021,0.36288,0,39.0165,3.89245,35.0889,0.84672,12.849,0.84672,3695.15,0,0,0,0.402797,1.66043,4.88305,0.901425,6.04485,0.42336,0,0.42336,460.49,0,0.833363,0,0,1.23616,0.402797,1.028160,1,0,41.1338,0,0,0,41.1338,0
69.8936,2.31093,0,0,2.16885,0.237323,0.36288,3.6288,59.4082,0.82112,0,0,0.58425,0.206264,0,0.66528,12.849,1,0.420368,0.36288,0,39.7552,3.53455,36.1632,0.84672,12.849,0.84672,3695.15,0,0,0,0.402797,1.66103,4.60599,0.909762,5.76005,0.42336,0,0.42336,460.49,0,0.779164,0,0,1.18196,0.402797,1.028160,1,0,41.9232,0,0,0,41.9232,0
69.0616,2.30799,0,0,2.04283,0.204001,0.36288,3.6288,59.0116,0.827159,0,0,0.653469,0.222935,0,0.66528,12.849,1,0.424293,0.36288,0,36.0994,4.31614,31.7218,0.84672,12.849,0.84672,3695.15,0,0,0,0.402797,1.74822,4.22966,1.07417,5.30651,0.42336,0,0.42336,460.49,0,0.773703,0,0,1.1765,0.402797,1.028160,1,0,37.0283,0,0,0,37.0283,0
68.0384,2.30451,0,0,1.81069,0.166482,0.36288,3.6288,58.5771,0.740265,0,0,0.519687,0.213924,0,0.66528,12.849,1,0.428757,0.36288,0,31.6381,4.11369,27.4586,0.84672,12.849,0.84672,3695.15,0,0,0,0.30119,1.74886,3.84517,1.08594,4.80927,0.42336,0,0.42336,460.49,0,0.861175,0,0,1.16237,0.30119,1.028160,1,0,32.2678,0,0,0,32.2678,0
66.9271,2.29992,0,0,1.70192,0.150426,0.36288,3.6288,58.1635,0.737958,0,0,0.541214,0.216836,0,0.66528,12.849,1,0.434338,0.36288,0,29.1419,4.22205,24.8484,0.84672,12.849,0.84672,3695.15,0,0,0,0.30119,1.74949,3.90796,1.06589,4.89275,0.42336,0,0.42336,460.49,0,0.86406,0,0,1.16525,0.30119,1.028160,1,0,29.7412,0,0,0,29.7412,0
65.7558,2.2947,0,0,1.63541,0.149115,0.36288,3.6288,57.7021,0.796519,0,0,0.551343,0.216259,0,0.66528,12.849,1,0.440547,0.36288,0,27.4726,4.22205,23.1729,0.84672,12.849,0.84672,3695.15,0,0,0,0.30119,1.75012,3.89679,1.06589,4.88221,0.42336,0,0.42336,460.49,0,0.806077,0,0,1.10727,0.30119,1.028160,1,0,28.0551,0,0,0,28.0551,0
64.2572,2.26846,0,0,1.2506,0.117868,0.36288,3.6288,56.7365,1.14494,0,0,0.425301,0.245957,0,0.66528,12.849,1,0.443267,0.36288,0,21.9924,4.66311,17.2489,0.84672,12.849,0.84672,3695.15,0,0,0,0.30119,1.75075,2.62758,1.19268,3.48684,0.42336,0,0.42336,460.49,0,0.503435,0,0,0.804625,0.30119,1.028160,1,0,20.7358,0,0,0,20.7358,0
62.5226,2.26066,0,0,0.983258,0.0943262,0.36288,3.6288,55.4492,1.35818,0,0,0.337898,0.267035,0,0.66528,12.849,1,0.452045,0.36288,0,18.7758,4.99391,13.6928,0.84672,12.849,0.84672,3695.15,0,0,0,0.261274,1.78171,1.94489,1.28778,2.70009,0.42336,0,0.42336,460.49,0,0.290788,0,0,0.552061,0.261274,1.028160,1,0,16.3929,0,0,0,16.3929,0
60.7146,2.25107,0,0,0.898966,0.0930042,0.36288,3.6288,54.1656,1.34864,0,0,0.329788,0.264797,0,0.66528,12.849,1,0.462615,0.36288,0,18.5108,4.99391,13.4171,0.84672,12.849,0.84672,3695.15,0,0,0,0.261274,1.78235,1.92099,1.28778,2.67683,0.42336,0,0.42336,460.49,0,0.300922,0,0,0.562195,0.261274,1.028160,1,0,16.094,0,0,0,16.094,0
58.8412,2.2405,0,0,0.821604,0.0916262,0.36288,3.6288,52.7804,1.43097,0,0,0.308402,0.262566,0,0.66528,12.849,1,0.474156,0.36288,0,17.4111,4.99391,12.3059,0.84672,12.849,0.84672,3695.15,0,0,0,0.261274,1.78299,1.82796,1.28778,2.58445,0.42336,0,0.42336,460.49,0,0.219186,0,0,0.48046,0.261274,1.028160,1,0,14.8903,0,0,0,14.8903,0
56.9058,2.28093,0,0,0.782361,0.0740257,0.36288,3.6288,51.3222,1.46699,0,0,0.30566,0.2969,0,0.66528,12.849,1,0.498081,0.36288,0,16.1715,5.52682,10.5095,0.84672,12.849,0.84672,3695.15,0,0,0,0.261274,1.78364,1.79159,1.46937,2.36713,0.42336,0,0.42336,460.49,0,0.224095,0,0,0.485368,0.261274,1.028160,1,0,12.8766,0,0,0,12.8766,0
55.1135,2.26793,0,0,0.904824,0.0662834,0.36288,3.6288,50.0067,1.40066,0,0,0.383543,0.298355,0,0.66528,12.849,1,0.512086,0.36288,0,17.0281,5.76019,11.1187,0.84672,12.849,0.84672,3695.15,0,0,0,0.261274,1.82732,2.02618,1.47689,2.63788,0.42336,0,0.42336,460.49,0,0.291038,0,0,0.552312,0.261274,1.028160,1,0,13.7566,0,0,0,13.7566,0
53.2441,2.25524,0,0,0.813888,0.0651127,0.36288,3.6288,48.6863,1.38504,0,0,0.35976,0.295173,0,0.66528,12.849,1,0.52578,0.36288,0,16.0482,5.76019,10.1251,0.84672,12.849,0.84672,3695.15,0,0,0,0.227405,1.82798,2.06846,1.47689,2.64696,0.42336,0,0.42336,460.49,0,0.307263,0,0,0.534667,0.227405,1.028160,1,0,12.7721,0,0,0,12.7721,0
51.3169,2.24118,0,0,0.740664,0.0638916,0.36288,3.6288,47.3032,1.43616,0,0,0.345133,0.291979,0,0.66528,12.849,1,0.540846,0.36288,0,15.0733,5.76019,9.1351,0.84672,12.849,0.84672,3695.15,0,0,0,0.227405,1.82864,1.92297,1.47689,2.50213,0.42336,0,0.42336,460.49,0,0.256753,0,0,0.484158,0.227405,1.028160,1,0,11.6372,0,0,0,11.6372,0
49.1708,2.37438,0,0,0.640905,0.0497061,0.36288,3.6288,45.9099,1.44199,0,0,0.343685,0.295016,0,0.66528,12.849,1,0.594511,0.36288,0,14.3815,6.00201,8.1479,0.84672,12.849,0.84672,3695.15,0,0,0,0.227405,1.8293,1.94865,1.50693,2.49842,0.42336,0,0.42336,460.49,0,0.251446,0,0,0.47885,0.227405,1.028160,1,0,10.6463,0,0,0,10.6463,0
46.8451,2.35466,0,0,0.451844,0.0600068,0.36288,3.6288,44.3041,1.58818,0,0,0.260429,0.278044,0,0.66528,12.849,1,0.615304,0.36288,0,10.6447,5.86965,4.52266,0.84672,12.849,0.84672,3695.15,0,0,0,0.227405,1.97744,1.63566,1.4273,2.41321,0.42336,0,0.42336,460.49,0,0.105257,0,0,0.332662,0.227405,1.028160,1,0,6.93588,0,0,0,6.93588,0
44.4542,2.33153,0,0,0.36339,0.0599088,0.36288,3.6288,42.6025,1.63559,0,0,0.206812,0.272864,0,0.66528,12.2202,1,0.639507,0.36288,0,8.5841,5.86446,3.20544,0.84672,12.2202,0.84672,3695.02,0,0,0,0.204422,1.97815,1.51212,1.44882,2.24587,0.42336,0,0.42336,460.49,0,0.0578491,0,0,0.262272,0.204422,1.028160,1,0,5.45131,0,0,0,5.45131,0
42.0964,2.33126,0,0,0.394711,0.0583259,0.36288,3.6288,40.9096,1.63364,0,0,0.209266,0.268492,0,0.66528,11.5887,1,0.640848,0.36288,0,8.20411,5.86446,3.20544,0.84672,11.5887,0.84672,3694.51,0,0,0,0.204422,1.97886,1.60612,1.44882,2.34058,0.42336,0,0.42336,460.49,0,0.0597983,0,0,0.264221,0.204422,1.028160,1,0,5.54602,0,0,0,5.54602,0
39.9436,2.33137,0,0,0.609656,0.0682261,0.36288,3.6288,39.3188,1.58114,0,0,0.251711,0.261405,0,0.66528,12.849,1,0.641802,0.36288,0,13.2511,5.77541,5.29057,0.84672,12.849,0.84672,3695.15,0,0,0,0.204422,1.97958,1.69735,1.4379,2.44345,0.42336,0,0.42336,460.49,0,0.112304,0,0,0.316727,0.204422,1.028160,1,0,7.73402,0,0,0,7.73402,0
38.2174,2.18169,0,0,0.914224,0.0958582,0.36288,3.6288,37.8161,1.59614,0,0,0.344609,0.251184,0,0.66528,12.849,1,0.701804,0.36288,0,17.1285,5.80068,10.9888,0.84672,12.849,0.84672,3695.15,0,0,0,0.204422,1.98029,2.21715,1.37726,3.0246,0.42336,0,0.42336,460.49,0,0.0972968,0,0,0.301719,0.204422,1.028160,1,0,14.0135,0,0,0,14.0135,0
36.5489,2.15875,0,0,0.974177,0.121079,0.36288,3.6288,36.3288,1.61697,0,0,0.377461,0.247715,0,0.66528,12.849,1,0.725789,0.36288,0,19.039,5.81448,12.8616,0.84672,12.849,0.84672,3695.15,0,0,0,0.216518,1.8955,2.38487,1.31824,3.17865,0.42336,0,0.42336,460.49,0,0.0764692,0,0,0.292988,0.216518,1.028160,1,0,16.0403,0,0,0,16.0403,0
34.7333,2.135,0,0,0.801049,0.11872,0.36288,3.6288,35.2021,1.4101,0,0,0.527571,0.244178,0,0.66528,12.849,1,0.750574,0.36288,0,18.4824,5.81448,12.2803,0.84672,12.849,0.84672,3695.15,0,0,0,0.216518,1.89618,2.69264,1.31824,3.4871,0.42336,0,0.42336,460.49,0,0.283344,0,0,0.499863,0.216518,1.028160,1,0,15.7674,0,0,0,15.7674,0
32.8118,2.10712,0,0,0.664667,0.116154,0.36288,3.6288,33.5932,1.65118,0,0,0.283755,0.241499,0,0.66528,12.849,1,0.779494,0.36288,0,17.7088,5.81448,11.4777,0.84672,12.849,0.84672,3695.15,0,0,0,0.216518,1.89687,2.00531,1.31824,2.80045,0.42336,0,0.42336,460.49,0,0.04226,0,0,0.258778,0.216518,1.028160,1,0,14.2782,0,0,0,14.2782,0
31.2305,2.02146,0,0,0.95599,0.153004,0.36288,3.6288,32.14,1.60062,0,0,0.349027,0.201597,0,0.66528,12.849,1,0.791598,0.36288,0,20.6677,5.19159,15.0474,0.84672,12.849,0.84672,3695.15,0,0,0,0.216518,1.89755,2.20662,1.12355,3.19714,0.42336,0,0.42336,460.49,0,0.075085,0,0,0.291603,0.216518,1.028160,1,0,18.2446,0,0,0,18.2446,0
29.5949,1.99378,0,0,0.899934,0.178836,0.36288,3.6288,30.7382,1.43947,0,0,0.219006,0.181319,0,0.66528,12.849,1,0.820292,0.36288,0,19.8772,4.69576,14.724,0.84672,12.849,0.84672,3695.15,0,0,0,0.216518,1.82181,1.65771,1.06885,2.6272,0.42336,0,0.42336,460.49,0,0.236831,0,0,0.453349,0.216518,1.028160,1,0,17.3512,0,0,0,17.3512,0
27.8,1.96836,0,0,0.72373,0.187385,0.36288,3.6288,29.1608,1.56646,0,0,0.165948,0.17698,0,0.66528,12.849,1,0.84672,0.36288,0,15.4877,4.71523,10.2886,0.84672,12.849,0.84672,3695.15,0,0,0,0.292723,1.82247,1.42462,1.09365,2.44616,0.42336,0,0.42336,460.49,0,0.110449,0,0,0.403172,0.292723,1.028160,1,0,12.7348,0,0,0,12.7348,0
26.6372,1.96938,0,0,1.35227,0.182855,0.36288,3.6288,28.7044,0.735254,0,0,0.45277,0.173891,0,0.66528,12.849,1,0.84672,0.36288,0,30.8564,4.71523,25.6573,0.84672,12.849,0.84672,3695.15,0,0,0,0.292723,1.82313,3.14289,1.09365,4.16508,0.42336,0,0.42336,460.49,0,0.942258,0,0,1.23498,0.292723,1.028160,1,0,29.8224,0,0,0,29.8224,0
26.8113,1.75823,0,0,2.4822,0.186961,0.36288,3.6288,28.7711,0.585946,0,0,0.819837,0.167117,0,0.66528,12.849,1,0.84672,0.36288,0,59.3257,4.60641,54.2354,0.84672,12.849,0.84672,3695.15,0,0,0,0.292723,1.82378,4.11325,1.06283,5.16692,0.42336,0,0.42336,460.49,0,0.923608,0,0,1.21633,0.292723,1.028160,1,0,59.4024,0,0,0,59.4024,0
26.0827,1.76164,0,0,1.58707,0.191178,0.36288,3.6288,27.9254,1.08636,0,0,0.383801,0.143206,0,0.66528,12.849,1,0.844246,0.36288,0,78.2611,3.86331,73.9164,0.84672,12.849,0.84672,3695.15,0,0,0,0.292723,1.65445,3.0837,0.948743,4.08213,0.42336,0,0.42336,460.49,0,0.42374,0,0,0.716463,0.292723,1.028160,1,0,77.9986,0,0,0,77.9986,0
25.0775,1.76011,0,0,1.2918,0.17395,0.36288,3.6288,26.9519,1.16241,0,0,0.335233,0.1463,0,0.66528,12.849,1,0.84672,0.36288,0,49.9618,3.82725,45.6507,0.84672,12.849,0.84672,3695.15,0,0,0,0.412474,1.65504,3.17793,0.977093,4.26836,0.42336,0,0.42336,460.49,0,0.348235,0,0,0.760709,0.412474,1.028160,1,0,49.9191,0,0,0,49.9191,0
24.4323,1.76104,0,0,1.65021,0.171478,0.36288,3.6288,26.0505,1.11917,0,0,0.362474,0.144713,0,0.66528,12.849,1,0.84672,0.36288,0,37.6685,3.82725,33.3574,0.84672,12.849,0.84672,3695.15,0,0,0,0.412474,1.65564,3.90048,0.977093,4.9915,0.42336,0,0.42336,460.49,0,0.392014,0,0,0.804488,0.412474,1.028160,1,0,38.3489,0,0,0,38.3489,0
26.8994,1.76198,0,0,4.76184,0.169891,0.36288,3.6288,26.5372,0.483568,0,0,1.11353,0.143243,0,0.66528,12.849,1,0.84672,0.36288,0,120.849,3.82725,116.538,0.84672,12.849,0.84672,3695.15,0,0,0,0.745338,1.65624,8.49315,0.977093,9.91764,0.42336,0,0.42336,460.49,0,1.02816,0,0,1.7735,0.745338,1.028160,1,0,126.455,0,0,0,126.455,0
28.5351,1.84465,0,0,4.04401,0.200771,0.36288,3.6288,27.1119,0.532995,0,0,1.28736,0.179729,0,0.66528,12.849,1,0.84672,0.36288,0,170.531,4.642,165.405,0.84672,12.849,0.84672,3695.15,0,0,0,0.982282,1.65683,10.4332,1.14107,11.9313,0.42336,0,0.42336,460.49,0,1.02816,0,0,2.01044,0.982282,1.028160,1,0,177.337,0,0,0,177.337,0
29.1084,1.85639,0,0,2.99116,0.198601,0.36288,3.6288,28.2118,0.533536,0,0,1.82822,0.194697,0,0.66528,12.849,1,0.835908,0.36288,0,62.1881,4.72196,56.9931,0.84672,12.849,0.84672,3695.15,0,0,0,1.30486,1.71051,7.75656,1.26377,9.50816,0.42336,0,0.42336,460.49,0,1.02816,0,0,2.33302,1.30486,1.028160,1,0,66.5013,0,0,0,66.5013,0
29.8536,1.86846,0,0,3.17669,0.200157,0.36288,3.6288,28.9832,0.534077,0,0,1.50259,0.197122,0,0.66528,12.849,1,0.824772,0.36288,0,73.1912,4.72196,68.0073,0.84672,12.849,0.84672,3695.15,0,0,0,0.932031,1.7111,8.21897,1.26377,9.59834,0.42336,0,0.42336,460.49,0,1.02816,0,0,1.96019,0.932031,1.028160,1,0,77.6057,0,0,0,77.6057,0
30.5469,1.8835,0,0,3.1418,0.202179,0.36288,3.6288,29.7189,0.534617,0,0,1.4691,0.198853,0,0.66528,12.849,1,0.81066,0.36288,0,77.2062,4.72196,72.0364,0.84672,12.849,0.84672,3695.15,0,0,0,0.887397,1.7117,7.94699,1.26377,9.28231,0.42336,0,0.42336,460.49,0,1.02816,0,0,1.91556,0.887397,1.028160,1,0,81.3188,0,0,0,81.3188,0
31.0938,2.11125,0,0,3.21463,0.193564,0.36288,3.6288,30.411,0.66528,0,0,1.55056,0.193187,0,0.66528,12.849,1,0.84672,0.36288,0,71.9721,4.15249,67.3357,0.84672,12.849,0.84672,3695.15,0,0,0,0.977175,1.71229,8.22105,1.1471,9.76341,0.42336,0,0.42336,460.49,0,1.02816,0,0,2.00534,0.977175,1.028160,1,0,77.0991,0,0,0,77.0991,0
33.0723,2.11227,0,0,4.70382,0.25021,0.36288,3.6288,31.7302,0.66528,0,0,2.15946,0.174955,0,0.66528,12.849,1,0.84672,0.36288,0,78.4979,4.00377,74.0102,0.84672,12.849,0.84672,3695.15,0,0,0,1.95124,1.90416,8.93601,0.944353,11.8471,0.42336,0,0.42336,460.49,0,1.02816,0,0,2.9794,1.95124,1.028160,1,0,85.8573,0,0,0,85.8573,0
33.7086,2.13179,0,0,3.39829,0.267308,0.36288,3.6288,32.2217,0.66528,0,0,1.33192,0.175117,0,0.66528,12.849,1,0.828228,0.36288,0,59.9232,4.05016,55.4076,0.84672,12.849,0.84672,3695.15,0,0,0,1.13711,1.90482,6.56403,0.925144,8.68082,0.42336,0,0.42336,460.49,0,1.02816,0,0,2.16527,1.13711,1.028160,1,0,64.0885,0,0,0,64.0885,0
33.4324,2.14385,0,0,2.49432,0.263758,0.36288,3.6288,31.8656,0.92048,0,0,0.742305,0.177925,0,0.66528,12.849,1,0.817191,0.36288,0,44.739,4.06562,40.2191,0.84672,12.849,0.84672,3695.15,0,0,0,0.608429,1.90548,5.47603,0.941609,7.04833,0.42336,0,0.42336,460.49,0,0.77296,0,0,1.38139,0.608429,1.028160,1,0,47.2674,0,0,0,47.2674,0
33.3893,1.86849,0,0,2.41723,0.228998,0.36288,3.6288,32.082,0.474371,0,0,0.879167,0.188389,0,0.66528,12.849,1,0.718114,0.36288,0,66.2745,4.15831,61.761,0.84672,12.849,0.84672,3695.15,0,0,0,0.750108,1.90614,5.88327,1.0404,7.49911,0.42336,0,0.42336,460.49,0,1.02816,0,0,1.77827,0.750108,1.028160,1,0,69.2601,0,0,0,69.2601,0
34.7461,1.86847,0,0,3.81453,0.226373,0.36288,3.6288,32.9816,0.47489,0,0,1.52835,0.153917,0,0.66528,12.849,1,0.719032,0.36288,0,66.6554,3.17975,63.1195,0.84672,12.849,0.84672,3695.15,0,0,0,1.52715,1.64559,6.63001,0.875539,8.9272,0.42336,0,0.42336,460.49,0,1.02816,0,0,2.55531,1.52715,1.028160,1,0,72.0467,0,0,0,72.0467,0
36.3439,1.88962,0,0,4.0801,0.229749,0.36288,3.6288,34.2506,0.47541,0,0,1.89405,0.14955,0,0.66528,12.849,1,0.698776,0.36288,0,66.0476,3.01665,62.6951,0.84672,12.849,0.84672,3695.15,0,0,0,2.13217,1.64615,6.54819,0.848062,9.47845,0.42336,0,0.42336,460.49,0,1.02816,0,0,3.16033,2.13217,1.028160,1,0,72.1735,0,0,0,72.1735,0
40.4826,1.91298,0,0,6.64082,0.226269,0.36288,3.6288,36.5531,0.47593,0,0,2.92512,0.146752,0,0.66528,12.849,1,0.676313,0.36288,0,127.091,2.92946,123.848,0.84672,12.849,0.84672,3695.15,0,0,0,4.24644,1.64672,12.9881,0.835537,18.0457,0.42336,0,0.42336,460.49,0,1.02816,0,0,5.2746,4.24644,1.028160,1,0,141.894,0,0,0,141.894,0
44.6029,1.96614,0,0,6.68599,0.236683,0.36288,3.6288,38.9941,0.476451,0,0,3.0884,0.17091,0,0.66528,12.849,1,0.624045,0.36288,0,162.649,3.87187,158.516,0.84672,12.849,0.84672,3695.15,0,0,0,4.64114,1.64729,19.2364,0.988559,24.5363,0.42336,0,0.42336,460.49,0,1.02816,0,0,5.6693,4.64114,1.028160,1,0,183.052,0,0,0,183.052,0
46.3434,2.08509,0,0,4.4168,0.228358,0.36288,3.6288,40.5035,0.537506,0,0,2.2004,0.153494,0,0.66528,12.849,1,0.600664,0.36288,0,109.358,3.86234,105.258,0.84672,12.849,0.84672,3695.15,0,0,0,2.17319,1.64786,8.75706,0.950191,11.6279,0.42336,0,0.42336,460.49,0,1.02816,0,0,3.20135,2.17319,1.028160,1,0,116.886,0,0,0,116.886,0
46.8076,2.10348,0,0,3.16897,0.23842,0.36288,3.6288,41.0823,0.538047,0,0,1.25143,0.134568,0,0.66528,12.849,1,0.583204,0.36288,0,67.8188,3.43297,64.1655,0.84672,12.849,0.84672,3695.15,0,0,0,0.930692,1.71294,5.68652,0.818121,7.51204,0.42336,0,0.42336,460.49,0,1.02816,0,0,1.95885,0.930692,1.028160,1,0,71.6776,0,0,0,71.6776,0
47.2652,2.10875,0,0,3.16895,0.23965,0.36288,3.6288,41.5999,0.538589,0,0,1.19149,0.135329,0,0.66528,12.849,1,0.578866,0.36288,0,82.5647,3.43297,78.9157,0.84672,12.849,0.84672,3695.15,0,0,0,0.846115,1.71354,5.33758,0.818121,7.07911,0.42336,0,0.42336,460.49,0,1.02816,0,0,1.87428,0.846115,1.028160,1,0,85.9949,0,0,0,85.9949,0
47.2073,2.11389,0,0,2.6597,0.240863,0.36288,3.6288,41.8857,0.53913,0,0,0.96088,0.136009,0,0.66528,12.849,1,0.574657,0.36288,0,56.4154,3.43297,52.7706,0.84672,12.849,0.84672,3695.15,0,0,0,1.04801,1.71413,4.30356,0.818121,6.24758,0.42336,0,0.42336,460.49,0,1.02816,0,0,2.07617,1.04801,1.028160,1,0,59.0182,0,0,0,59.0182,0
47.2116,2.08492,0,0,2.68061,0.228541,0.36288,3.6288,42.0691,0.516128,0,0,0.816696,0.117097,0,0.66528,12.849,1,0.56748,0.36288,0,58.2847,2.93796,55.1422,0.84672,12.849,0.84672,3695.15,0,0,0,0.89157,1.71472,3.60155,0.756945,5.4509,0.42336,0,0.42336,460.49,0,1.02816,0,0,1.91973,0.89157,1.028160,1,0,60.5931,0,0,0,60.5931,0
46.5705,2.08568,0,0,2.0302,0.222695,0.36288,3.6288,41.5495,0.987922,0,0,0.629485,0.161215,0,0.66528,12.849,1,0.567635,0.36288,0,39.6878,3.65053,35.8325,0.84672,12.849,0.84672,3695.15,0,0,0,0.528595,1.69018,3.31188,0.905935,4.62471,0.42336,0,0.42336,460.49,0,0.5569,0,0,1.08549,0.528595,1.028160,1,0,40.4573,0,0,0,40.4573,0
45.4694,2.08028,0,0,1.56312,0.221124,0.36288,3.6288,40.7738,1.13261,0,0,0.517328,0.160409,0,0.66528,12.849,1,0.573958,0.36288,0,30.0567,3.65053,26.195,0.84672,12.849,0.84672,3695.15,0,0,0,0.528595,1.69076,2.83257,0.905935,4.14599,0.42336,0,0.42336,460.49,0,0.412741,0,0,0.941337,0.528595,1.028160,1,0,30.341,0,0,0,30.341,0
44.2567,2.07016,0,0,1.43878,0.218425,0.36288,3.6288,40.1534,0.985076,0,0,0.523955,0.159207,0,0.66528,12.849,1,0.584997,0.36288,0,28.0667,3.65053,24.194,0.84672,12.849,0.84672,3695.15,0,0,0,0.402797,1.69135,3.69991,0.905935,4.88812,0.42336,0,0.42336,460.49,0,0.560814,0,0,0.963611,0.402797,1.028160,1,0,29.0822,0,0,0,29.0822,0
43.7989,2.15609,0,0,2.27663,0.215453,0.36288,3.6288,39.7404,0.905247,0,0,0.650424,0.158245,0,0.66528,12.849,1,0.625976,0.36288,0,36.5107,3.65053,32.597,0.84672,12.849,0.84672,3695.15,0,0,0,0.402797,1.69193,3.21658,0.905935,4.40537,0.42336,0,0.42336,460.49,0,0.724784,0,0,1.12758,0.402797,1.028160,1,0,37.0024,0,0,0,37.0024,0
42.6982,2.15178,0,0,1.58335,0.16936,0.36288,3.6288,39.0541,1.0894,0,0,0.573575,0.170419,0,0.66528,12.849,1,0.631253,0.36288,0,32.2695,4.28688,27.7142,0.84672,12.849,0.84672,3695.15,0,0,0,0.402797,1.78072,2.84357,1.04832,3.97877,0.42336,0,0.42336,460.49,0,0.541192,0,0,0.943989,0.402797,1.028160,1,0,31.693,0,0,0,31.693,0
41.4968,2.14001,0,0,1.43176,0.130316,0.36288,3.6288,38.3052,1.10127,0,0,0.519277,0.166919,0,0.66528,12.849,1,0.643983,0.36288,0,28.285,4.28211,23.7218,0.84672,12.849,0.84672,3695.15,0,0,0,0.402797,1.78134,2.61654,1.09246,3.70821,0.42336,0,0.42336,460.49,0,0.529883,0,0,0.932679,0.402797,1.028160,1,0,27.43,0,0,0,27.43,0
40.2547,2.1265,0,0,1.37017,0.12283,0.36288,3.6288,37.6785,1.00547,0,0,0.545985,0.167215,0,0.66528,12.849,1,0.658447,0.36288,0,26.5757,4.33629,21.9438,0.84672,12.849,0.84672,3695.15,0,0,0,0.30119,1.78195,2.72591,1.08243,3.72662,0.42336,0,0.42336,460.49,0,0.626253,0,0,0.927444,0.30119,1.028160,1,0,25.6705,0,0,0,25.6705,0
38.9679,2.11183,0,0,1.30895,0.121038,0.36288,3.6288,37.0137,1.04691,0,0,0.548292,0.166214,0,0.66528,12.849,1,0.67408,0.36288,0,24.9692,4.33629,20.3217,0.84672,12.849,0.84672,3695.15,0,0,0,0.30119,1.78257,2.62114,1.08243,3.62247,0.42336,0,0.42336,460.49,0,0.585377,0,0,0.886568,0.30119,1.028160,1,0,23.9441,0,0,0,23.9441,0
37.692,2.07704,0,0,1.27898,0.115019,0.36288,3.6288,36.5039,0.937947,0,0,0.613675,0.185506,0,0.66528,12.849,1,0.684869,0.36288,0,25.5131,4.48025,20.7108,0.84672,12.849,0.84672,3695.15,0,0,0,0.30119,1.78318,2.48725,1.11784,3.45378,0.42336,0,0.42336,460.49,0,0.740932,0,0,1.04212,0.30119,1.028160,1,0,24.1646,0,0,0,24.1646,0
36.4998,2.06046,0,0,1.33896,0.107783,0.36288,3.6288,36.3874,0.651298,0,0,0.74634,0.211597,0,0.66528,12.849,1,0.702402,0.36288,0,27.1469,4.67219,22.1352,0.84672,12.849,0.84672,3695.15,0,0,0,0.348546,1.81468,2.62429,1.16506,3.62246,0.42336,0,0.42336,460.49,0,1.02816,0,0,1.37671,0.348546,1.028160,1,0,25.7576,0,0,0,25.7576,0
35.2938,2.0442,0,0,1.30738,0.106274,0.36288,3.6288,36.2261,0.651878,0,0,0.70194,0.211357,0,0.66528,12.849,1,0.719619,0.36288,0,25.5447,4.67219,20.5158,0.84672,12.849,0.84672,3695.15,0,0,0,0.343673,1.81531,2.71089,1.16506,3.70481,0.42336,0,0.42336,460.49,0,1.02816,0,0,1.37183,0.343673,1.028160,1,0,24.2206,0,0,0,24.2206,0
34.0333,2.02687,0,0,1.21746,0.0881758,0.36288,3.6288,36.0189,0.652458,0,0,0.687891,0.242635,0,0.66528,12.849,1,0.7379,0.36288,0,24.2625,5.21511,18.6724,0.84672,12.849,0.84672,3695.15,0,0,0,0.267356,1.81594,2.59724,1.3488,3.33172,0.42336,0,0.42336,460.49,0,1.02816,0,0,1.29552,0.267356,1.028160,1,0,22.0041,0,0,0,22.0041,0
32.608,2.05458,0,0,1.07287,0.0807263,0.36288,3.6288,35.7556,0.66528,0,0,0.650229,0.248237,0,0.66528,12.849,1,0.775691,0.36288,0,22.2799,5.83908,16.028,0.84672,12.849,0.84672,3695.15,0,0,0,0.264531,1.81656,2.60036,1.57319,3.10827,0.42336,0,0.42336,460.49,0,1.02816,0,0,1.29269,0.264531,1.028160,1,0,19.1363,0,0,0,19.1363,0
31.1601,2.03096,0,0,1.02402,0.0781049,0.36288,3.6288,35.193,0.8903,0,0,0.585161,0.257434,0,0.66528,12.849,1,0.800289,0.36288,0,20.735,5.91801,14.3795,0.84672,12.849,0.84672,3695.15,0,0,0,0.261274,1.86103,2.00074,1.47901,2.64403,0.42336,0,0.42336,460.49,0,0.80314,0,0,1.06441,0.261274,1.028160,1,0,17.0236,0,0,0,17.0236,0
29.7141,2.00532,0,0,0.998879,0.076692,0.36288,3.6288,34.6808,0.795355,0,0,0.539145,0.256015,0,0.66528,12.849,1,0.826904,0.36288,0,20.7084,5.91801,14.3264,0.84672,12.849,0.84672,3695.15,0,0,0,0.261274,1.86167,2.14394,1.47901,2.78787,0.42336,0,0.42336,460.49,0,0.898085,0,0,1.15936,0.261274,1.028160,1,0,17.1143,0,0,0,17.1143,0
28.2242,1.98648,0,0,0.93471,0.075232,0.36288,3.6288,34.1139,0.811227,0,0,0.499055,0.254724,0,0.66528,12.849,1,0.84672,0.36288,0,18.6945,5.91801,12.2927,0.84672,12.849,0.84672,3695.15,0,0,0,0.227405,1.86231,1.91345,1.47901,2.52416,0.42336,0,0.42336,460.49,0,0.882213,0,0,1.10962,0.227405,1.028160,1,0,14.8168,0,0,0,14.8168,0
26.469,2.17674,0,0,0.858116,0.0737246,0.36288,3.6288,33.4518,0.90237,0,0,0.493572,0.253295,0,0.66528,12.849,1,0.84672,0.36288,0,17.089,5.91801,10.6871,0.84672,12.849,0.84672,3695.15,0,0,0,0.227405,1.86295,1.87141,1.47901,2.48276,0.42336,0,0.42336,460.49,0,0.79107,0,0,1.01847,0.227405,1.028160,1,0,13.1699,0,0,0,13.1699,0
24.852,2.17779,0,0,0.983802,0.0600901,0.36288,3.6288,33.0211,0.728957,0,0,0.558498,0.260267,0,0.66528,12.849,1,0.84672,0.36288,0,16.7692,5.98817,10.2972,0.84672,12.849,0.84672,3695.15,0,0,0,0.227405,2.01379,2.40736,1.53596,3.11259,0.42336,0,0.42336,460.49,0,0.964483,0,0,1.19189,0.227405,1.028160,1,0,13.4098,0,0,0,13.4098,0
23.2264,2.17883,0,0,0.971309,0.0552069,0.36288,3.6288,32.4911,0.815478,0,0,0.547476,0.261992,0,0.66528,12.849,1,0.84672,0.36288,0,16.8453,5.90992,10.4516,0.84672,12.849,0.84672,3695.15,0,0,0,0.227405,2.01448,1.76144,1.55253,2.45079,0.42336,0,0.42336,460.49,0,0.877962,0,0,1.10537,0.227405,1.028160,1,0,12.9023,0,0,0,12.9023,0
21.4296,2.17987,0,0,0.799874,0.0539198,0.36288,3.6288,31.7859,0.921154,0,0,0.476504,0.260493,0,0.66528,12.849,1,0.84672,0.36288,0,20.9123,5.90992,14.5186,0.84672,12.849,0.84672,3695.15,0,0,0,0.204422,2.01517,1.57146,1.55253,2.23853,0.42336,0,0.42336,460.49,0,0.772286,0,0,0.976709,0.204422,1.028160,1,0,16.7571,0,0,0,16.7571,0
19.718,2.18092,0,0,0.884857,0.0526319,0.36288,3.6288,31.5167,0.66528,0,0,0.654571,0.258499,0,0.66528,12.849,1,0.84672,0.36288,0,17.9296,5.90992,11.5358,0.84672,12.849,0.84672,3695.15,0,0,0,0.250422,2.01587,1.87792,1.55253,2.59168,0.42336,0,0.42336,460.49,0,1.02816,0,0,1.27858,0.250422,1.028160,1,0,14.1275,0,0,0,14.1275,0
18.2199,2.08955,0,0,0.992848,0.0385111,0.36288,3.6288,31.1298,0.666412,0,0,0.54686,0.267316,0,0.66528,12.849,1,0.84672,0.36288,0,18.6854,6.02891,12.1726,0.84672,12.849,0.84672,3695.15,0,0,0,0.204422,2.01656,2.15693,1.58427,2.79365,0.42336,0,0.42336,460.49,0,1.02703,0,0,1.23145,0.204422,1.028160,1,0,14.9663,0,0,0,14.9663,0
16.9455,2.09056,0,0,1.23578,0.0567559,0.36288,3.6288,30.8625,0.66528,0,0,0.637883,0.239924,0,0.66528,12.849,1,0.84672,0.36288,0,18.2152,4.7362,12.9951,0.84672,12.849,0.84672,3695.15,0,0,0,0.241981,1.93019,2.11832,1.25874,3.03176,0.42336,0,0.42336,460.49,0,1.02816,0,0,1.27014,0.241981,1.028160,1,0,16.0269,0,0,0,16.0269,0
15.8104,2.09157,0,0,1.40664,0.0872595,0.36288,3.6288,30.895,0.66528,0,0,0.922432,0.224653,0,0.66528,12.849,1,0.84672,0.36288,0,17.9427,4.21407,13.2448,0.84672,12.849,0.84672,3695.15,0,0,0,0.694872,1.93086,2.95594,1.16201,4.41966,0.42336,0,0.42336,460.49,0,1.02816,0,0,1.72303,0.694872,1.028160,1,0,17.6644,0,0,0,17.6644,0
14.6084,2.09259,0,0,1.33899,0.0856198,0.36288,3.6288,30.9025,0.66528,0,0,0.897523,0.224734,0,0.66528,12.849,1,0.84672,0.36288,0,22.8398,4.21407,18.1419,0.84672,12.849,0.84672,3695.15,0,0,0,0.587581,1.93152,2.92648,1.16201,4.28357,0.42336,0,0.42336,460.49,0,1.02816,0,0,1.61574,0.587581,1.028160,1,0,22.4255,0,0,0,22.4255,0
13.6495,2.01764,0,0,1.50512,0.0834874,0.36288,3.6288,31.1911,0.66528,0,0,1.17863,0.224752,0,0.66528,12.849,1,0.84672,0.36288,0,45.2889,4.21407,40.591,0.84672,12.849,0.84672,3695.15,0,0,0,0.9518,1.93219,3.88688,1.16201,5.60885,0.42336,0,0.42336,460.49,0,1.02816,0,0,1.97996,0.9518,1.028160,1,0,46.1998,0,0,0,46.1998,0
13.4504,2.01863,0,0,2.28836,0.105892,0.36288,3.6288,31.6115,0.66528,0,0,1.28714,0.201476,0,0.66528,12.849,1,0.84672,0.36288,0,53.2975,4.95684,47.8568,0.84672,12.849,0.84672,3695.15,0,0,0,1.26494,1.85504,3.99248,1.09806,6.0144,0.42336,0,0.42336,460.49,0,1.02816,0,0,2.2931,1.26494,1.028160,1,0,53.8712,0,0,0,53.8712,0
12.8141,2.01962,0,0,1.85556,0.109436,0.36288,3.6288,31.8172,0.66528,0,0,1.06935,0.198392,0,0.66528,12.849,1,0.84672,0.36288,0,37.2423,5.08064,31.6778,0.84672,12.849,0.84672,3695.15,0,0,0,1.03912,1.85568,2.82913,1.0874,4.63652,0.42336,0,0.42336,460.49,0,1.02816,0,0,2.06728,1.03912,1.028160,1,0,36.3143,0,0,0,36.3143,0
15.8297,2.0206,0,0,5.49657,0.0974056,0.36288,3.6288,32.7124,0.66528,0,0,1.75313,0.192665,0,0.66528,12.849,1,0.84672,0.36288,0,48.7003,4.88864,43.3278,0.84672,12.849,0.84672,3695.15,0,0,0,2.18951,1.85632,6.58416,1.13033,9.49965,0.42336,0,0.42336,460.49,0,1.02816,0,0,3.21767,2.18951,1.028160,1,0,52.8275,0,0,0,52.8275,0
22.3494,1.80557,0,0,8.80362,0.115531,0.36288,3.6288,34.5979,0.508829,0,0,2.55288,0.158531,0,0.66528,12.849,1,0.84672,0.36288,0,106.574,3.90322,102.186,0.84672,12.849,0.84672,3695.15,0,0,0,3.39467,1.85696,12.7958,0.947179,17.1002,0.42336,0,0.42336,460.49,0,1.02816,0,0,4.42283,3.39467,1.028160,1,0,119.287,0,0,0,119.287,0
26.7723,1.80649,0,0,6.74406,0.151755,0.36288,3.6288,36.4251,0.509358,0,0,2.50592,0.169316,0,0.66528,12.849,1,0.84672,0.36288,0,103.283,4.12575,98.6738,0.84672,12.849,0.84672,3695.15,0,0,0,4.39597,1.68452,10.7774,1.02237,15.8355,0.42336,0,0.42336,460.49,0,1.02816,0,0,5.42413,4.39597,1.028160,1,0,114.509,0,0,0,114.509,0
32.3422,1.8074,0,0,7.9186,0.178452,0.36288,3.6288,38.0165,0.509887,0,0,2.28358,0.182282,0,0.66528,12.849,1,0.84672,0.36288,0,140.858,4.39782,135.976,0.84672,12.849,0.84672,3695.15,0,0,0,3.28526,1.6851,10.3173,1.10569,14.1819,0.42336,0,0.42336,460.49,0,1.02816,0,0,4.31342,3.28526,1.028160,1,0,150.158,0,0,0,150.158,0
40.6756,1.90014,0,0,10.7887,0.192257,0.36288,3.6288,42.9987,0.510417,0,0,5.67765,0.185104,0,0.66528,12.849,1,0.754893,0.36288,0,192.799,4.39782,188.009,0.84672,12.849,0.84672,3695.15,0,0,0,4.0255,1.68568,11.8851,1.10569,16.4906,0.42336,0,0.42336,460.49,0,1.02816,0,0,5.05366,4.0255,1.028160,1,0,204.5,0,0,0,204.5,0
45.6439,2.01837,0,0,7.55953,0.209999,0.36288,3.6288,47.804,0.510946,0,0,5.50536,0.189126,0,0.66528,12.849,1,0.637581,0.36288,0,133.415,4.33659,128.804,0.84672,12.849,0.84672,3695.15,0,0,0,4.67146,1.68626,12.6636,1.06156,17.9597,0.42336,0,0.42336,460.49,0,1.02816,0,0,5.69962,4.67146,1.028160,1,0,146.764,0,0,0,146.764,0
48.6595,2.07252,0,0,5.65726,0.206208,0.36288,3.6288,48.8238,0.510946,0,0,1.69913,0.168388,0,0.66528,12.849,1,0.583426,0.36288,0,108.17,3.896,104.054,0.84672,12.849,0.84672,3695.15,0,0,0,2.6417,1.68684,7.86698,0.824451,11.3711,0.42336,0,0.42336,460.49,0,1.02816,0,0,3.66986,2.6417,1.028160,1,0,115.425,0,0,0,115.425,0
50.2881,2.16767,0,0,4.36804,0.208912,0.36288,3.6288,50.097,0.561244,0,0,2.01859,0.184109,0,0.66528,12.849,1,0.572394,0.36288,0,104.486,3.4567,100.82,0.84672,12.849,0.84672,3695.15,0,0,0,2.24602,1.68684,10.4032,0.990407,13.3456,0.42336,0,0.42336,460.49,0,1.02816,0,0,3.27418,2.24602,1.028160,1,0,114.166,0,0,0,114.166,0
52.4641,2.18316,0,0,4.93459,0.21258,0.36288,3.6288,51.7474,0.56177,0,0,2.3982,0.186049,0,0.66528,12.849,1,0.557814,0.36288,0,79.2968,3.4567,75.6452,0.84672,12.849,0.84672,3695.15,0,0,0,3.06507,1.74146,12.992,0.990407,16.8081,0.42336,0,0.42336,460.49,0,1.02816,0,0,4.09323,3.06507,1.028160,1,0,92.4532,0,0,0,92.4532,0
56.4967,2.20247,0,0,6.81546,0.217457,0.36288,3.6288,53.0773,0.562296,0,0,2.08082,0.188564,0,0.66528,12.849,1,0.539409,0.36288,0,132.143,3.4567,128.51,0.84672,12.849,0.84672,3695.15,0,0,0,2.79056,1.74204,15.2463,0.990407,18.7885,0.42336,0,0.42336,460.49,0,1.02816,0,0,3.81872,2.79056,1.028160,1,0,147.299,0,0,0,147.299,0
61.893,2.23458,0,0,8.262,0.26828,0.36288,3.6288,55.3559,0.562822,0,0,3.06322,0.221852,0,0.66528,12.849,1,0.508209,0.36288,0,219.796,3.84762,215.803,0.84672,12.849,0.84672,3695.15,0,0,0,3.90369,1.74261,16.5064,1.08414,21.0685,0.42336,0,0.42336,460.49,0,1.02816,0,0,4.93185,3.90369,1.028160,1,0,236.872,0,0,0,236.872,0
67.3312,2.49363,0,0,8.58283,0.288107,0.36288,3.6288,59.0723,0.66528,0,0,4.59914,0.217421,0,0.66528,12.849,1,0.517678,0.36288,0,143.988,4.81854,139.015,0.84672,12.849,0.84672,3695.15,0,0,0,5.36952,1.74319,22.137,1.31912,27.9306,0.42336,0,0.42336,460.49,0,1.02816,0,0,6.39768,5.36952,1.028160,1,0,166.945,0,0,0,166.945,0
69.8873,2.52958,0,0,5.75248,0.303876,0.36288,3.6288,61.0672,0.66528,0,0,2.88794,0.227771,0,0.66528,12.849,1,0.482727,0.36288,0,129.777,5.22354,124.434,0.84672,12.849,0.84672,3695.15,0,0,0,3.72319,1.93849,15.9594,1.43173,20.1893,0.42336,0,0.42336,460.49,0,1.02816,0,0,4.75135,3.72319,1.028160,1,0,144.623,0,0,0,144.623,0
71.3238,2.54533,0,0,4.64367,0.299029,0.36288,3.6288,61.308,0.66528,0,0,2.5332,0.21428,1.41284,0.66528,12.849,1,0.467967,0.36288,0,143.75,4.85193,138.793,0.84672,12.849,0.84672,3695.15,0,0,0,3.31779,1.93913,9.43592,1.32215,13.3707,0.42336,0,0.42336,460.49,0,1.02816,0,0,4.34595,3.31779,1.028160,1,0,153.576,0,0,0,153.576,0
72.29,2.55416,0,0,4.50813,0.274616,0.713105,3.6288,61.308,0.66528,0,0,2.33068,0.173534,1.49187,0.66528,12.849,1,0.460134,0.713105,0,100.767,3.9229,97.0975,0.84672,12.849,0.84672,3695.15,0,0,0,2.90646,1.93978,21.5317,1.0482,25.3297,0.42336,0,0.42336,460.49,0,1.02816,0,0,3.93462,2.90646,1.028160,1,0,123.919,0,0,0,123.919,0
72.29,2.23571,0,0,4.63469,0.27087,2.12811,3.6288,61.308,0.50137,0,0,1.94448,0.21769,1.22542,0.66528,12.849,1,0.39738,2.12811,0,131.792,4.67628,128.846,0.84672,12.849,0.84672,3695.15,0,0,0,2.9039,1.94042,12.785,1.12076,16.5086,0.42336,0,0.42336,460.49,0,1.02816,0,0,3.93206,2.9039,1.028160,1,0,146.58,0,0,0,146.58,0
72.29,2.23645,0,0,7.56364,0.26856,5.05863,3.6288,61.308,0.501876,0,0,2.53899,0.235353,1.80176,0.66528,12.849,1,0.397511,5.05863,0,170.877,4.97763,170.56,0.84672,12.849,0.84672,3695.15,0,0,0,4.02876,1.67516,28.0727,1.14979,32.6268,0.42336,0,0.42336,460.49,0,1.02816,0,0,5.05692,4.02876,1.028160,1,0,204.989,0,0,0,204.989,0
72.29,2.23718,0,0,4.69065,0.26856,2.1849,3.6288,61.308,0.502381,0,0,1.60527,0.235353,0.867535,0.66528,12.849,1,0.397643,2.1849,0,113.424,4.97763,110.234,0.84672,12.849,0.84672,3695.15,0,0,0,3.40876,1.67571,6.91324,1.14979,10.8479,0.42336,0,0.42336,460.49,0,1.02816,0,0,4.43692,3.40876,1.028160,1,0,121.949,0,0,0,121.949,0
72.29,2.23792,0,0,4.68966,0.333599,2.11814,3.6288,61.308,0.502887,0,0,1.65721,0.222503,0.931822,0.66528,12.849,1,0.397774,2.11814,0,72.703,4.77702,69.6464,0.84672,12.849,0.84672,3695.15,0,0,0,3.82807,1.67626,6.2724,1.16984,10.6069,0.42336,0,0.42336,460.49,0,1.02816,0,0,4.85623,3.82807,1.028160,1,0,81.1851,0,0,0,81.1851,0
72.29,2.23866,0,0,3.80087,0.33059,1.23162,3.6288,61.308,0.503393,0,0,1.33996,0.216401,0.620166,0.66528,12.849,1,0.397905,1.23162,0,69.0388,4.67398,65.1985,0.84672,12.849,0.84672,3695.15,0,0,0,2.66389,1.67682,5.63562,1.11712,8.85921,0.42336,0,0.42336,460.49,0,1.02816,0,0,3.69205,2.66389,1.028160,1,0,74.6779,0,0,0,74.6779,0
72.29,2.32123,0,0,4.67183,0.295968,2.05464,3.6288,61.308,0.565517,0,0,1.65834,0.2065,0.886327,0.66528,12.849,1,0.41258,2.05464,0,109.531,4.49998,106.673,0.84672,12.849,0.84672,3695.15,0,0,0,3.09886,1.67737,9.75162,0.976985,13.5509,0.42336,0,0.42336,460.49,0,1.02816,0,0,4.12702,3.09886,1.028160,1,0,121.11,0,0,0,121.11,0
72.29,2.32199,0,0,4.70464,0.295968,2.08668,3.6288,61.308,0.566044,0,0,1.83614,0.2065,1.06359,0.66528,12.849,1,0.412717,2.08668,0,110.122,4.49998,107.296,0.84672,12.849,0.84672,3695.15,0,0,0,3.87109,1.74359,10.4871,0.976985,15.1248,0.42336,0,0.42336,460.49,0,1.02816,0,0,4.89925,3.87109,1.028160,1,0,123.484,0,0,0,123.484,0
72.29,2.32276,0,0,3.47059,0.295968,0.851865,3.6288,61.308,0.56657,0,0,1.36242,0.2065,0.589354,0.66528,12.849,1,0.412853,0.851865,0,79.0707,4.49998,75.0097,0.84672,12.849,0.84672,3695.15,0,0,0,2.18208,1.74417,7.43023,0.976985,10.3795,0.42336,0,0.42336,460.49,0,1.02816,0,0,3.21024,2.18208,1.028160,1,0,85.9786,0,0,0,85.9786,0
72.29,2.32353,0,0,3.06629,0.263791,0.478975,3.6288,61.308,0.567097,0,0,1.13885,0.219957,0.351793,0.66528,12.849,1,0.412989,0.478975,0,69.3179,4.61219,64.7717,0.84672,12.849,0.84672,3695.15,0,0,0,1.87917,1.74474,6.42159,0.991098,9.05441,0.42336,0,0.42336,460.49,0,1.02816,0,0,2.90733,1.87917,1.028160,1,0,74.1779,0,0,0,74.1779,0
72.29,2.29226,0,0,3.25529,0.278344,0.684689,3.6288,61.308,0.54366,0,0,1.30325,0.210133,0.549456,0.66528,12.849,1,0.407432,0.684689,0,62.7822,3.64327,59.4162,0.84672,12.849,0.84672,3695.15,0,0,0,1.74854,1.74532,7.40638,1.00094,9.8993,0.42336,0,0.42336,460.49,0,1.02816,0,0,2.7767,1.74854,1.028160,1,0,69.865,0,0,0,69.865,0
72.29,2.29302,0,0,3.40173,0.254219,0.854496,3.6288,61.308,0.544179,0,0,1.18575,0.157054,0.484512,0.66528,12.849,1,0.407566,0.854496,0,62.5984,2.59109,60.4543,0.84672,12.849,0.84672,3695.15,0,0,0,1.56906,1.72031,5.7548,0.853496,8.19067,0.42336,0,0.42336,460.49,0,1.02816,0,0,2.59722,1.56906,1.028160,1,0,69.1295,0,0,0,69.1295,0
72.29,2.29377,0,0,2.99451,0.19022,0.510517,3.6288,61.308,0.544698,0,0,1.15029,0.226124,0.379464,0.66528,12.849,1,0.407701,0.510517,0,59.4073,3.48295,56.0272,0.84672,12.849,0.84672,3695.15,0,0,0,1.30939,1.72088,4.89019,1.103,6.81746,0.42336,0,0.42336,460.49,0,1.02816,0,0,2.33755,1.30939,1.028160,1,0,63.2241,0,0,0,63.2241,0
72.1947,2.29453,0,0,2.75233,0.19022,0.36288,3.6288,61.308,0.545218,0,0,1.18975,0.226124,0.418412,0.66528,12.849,1,0.407836,0.36288,0,53.6523,3.48295,50.1244,0.84672,12.849,0.84672,3695.15,0,0,0,1.53665,1.72145,4.80076,1.103,6.95585,0.42336,0,0.42336,460.49,0,1.02816,0,0,2.56481,1.53665,1.028160,1,0,57.4987,0,0,0,57.4987,0
72.1608,2.40369,0,0,2.92244,0.189757,0.36288,3.6288,61.308,0.63083,0,0,1.19428,0.238042,0.325409,0.66528,12.849,1,0.427802,0.36288,0,59.1422,3.68497,55.3923,0.84672,12.849,0.84672,3695.15,0,0,0,1.80855,1.72202,5.05596,1.06658,7.51995,0.42336,0,0.42336,460.49,0,1.02816,0,0,2.83671,1.80855,1.028160,1,0,63.2376,0,0,0,63.2376,0
71.9148,2.40431,0,0,2.71069,0.189463,0.36288,3.6288,61.308,0.631378,0,0,1.3586,0.246981,0.480238,0.66528,12.849,1,0.428114,0.36288,0,54.3234,3.83649,50.4217,0.84672,12.849,0.84672,3695.15,0,0,0,1.39351,1.81236,5.2494,1.03926,7.41601,0.42336,0,0.42336,460.49,0,1.02816,0,0,2.42167,1.39351,1.028160,1,0,58.3179,0,0,0,58.3179,0
71.4231,2.40386,0,0,2.46409,0.189109,0.36288,3.6288,61.308,0.631925,0,0,1.17207,0.246981,0.293162,0.66528,12.849,1,0.429498,0.36288,0,50.7374,3.83649,46.8343,0.84672,12.849,0.84672,3695.15,0,0,0,0.930476,1.81296,4.854,1.03926,6.55818,0.42336,0,0.42336,460.49,0,1.02816,0,0,1.95864,0.930476,1.028160,1,0,53.6857,0,0,0,53.6857,0
70.651,2.40215,0,0,2.18136,0.188402,0.36288,3.6288,61.308,0.632473,0,0,1.14772,0.246981,0.268267,0.66528,12.849,1,0.432147,0.36288,0,43.0223,3.83649,39.1165,0.84672,12.849,0.84672,3695.15,0,0,0,1.07555,1.81355,4.80544,1.03926,6.65528,0.42336,0,0.42336,460.49,0,1.02816,0,0,2.10371,1.07555,1.028160,1,0,46.0401,0,0,0,46.0401,0
69.913,2.39895,0,0,2.15866,0.134843,0.36288,3.6288,61.308,0.633021,0,0,1.1319,0.274991,0.223889,0.66528,12.849,1,0.436286,0.36288,0,38.6962,4.51863,34.1042,0.84672,12.849,0.84672,3695.15,0,0,0,1.19307,1.81415,4.61736,1.1852,6.43939,0.42336,0,0.42336,460.49,0,1.02816,0,0,2.22123,1.19307,1.028160,1,0,40.7675,0,0,0,40.7675,0
69.4172,2.37439,0,0,2.35208,0.110648,0.36288,3.6288,61.308,0.66528,0,0,1.01212,0.269529,0.0773148,0.66528,12.849,1,0.436378,0.36288,0,35.3563,5.01144,30.2713,0.84672,12.849,0.84672,3695.15,0,0,0,0.98934,1.81475,4.81434,1.24999,6.36844,0.42336,0,0.42336,460.49,0,1.02816,0,0,2.0175,0.98934,1.028160,1,0,36.7171,0,0,0,36.7171,0
68.7459,2.37254,0,0,2.17435,0.110224,0.36288,3.6288,61.308,0.66528,0,0,0.978489,0.269529,0.0436793,0.66528,12.849,1,0.439153,0.36288,0,35.1428,5.01144,30.0551,0.84672,12.849,0.84672,3695.15,0,0,0,0.955204,1.84678,4.88173,1.24999,6.43373,0.42336,0,0.42336,460.49,0,1.02816,0,0,1.98336,0.955204,1.028160,1,0,36.5325,0,0,0,36.5325,0
67.8776,2.36971,0,0,1.97395,0.10965,0.36288,3.6288,61.2976,0.66528,0,0,0.924368,0.269529,0,0.66528,12.849,1,0.442912,0.36288,0,34.0982,5.01144,29.0067,0.84672,12.849,0.84672,3695.15,0,0,0,0.76064,1.84739,4.58876,1.24999,5.94681,0.42336,0,0.42336,460.49,0,1.02816,0,0,1.7888,0.76064,1.028160,1,0,34.9535,0,0,0,34.9535,0
66.8567,2.36572,0,0,1.80745,0.099706,0.36288,3.6288,61.2206,0.66528,0,0,0.879777,0.291448,0,0.66528,12.849,1,0.447824,0.36288,0,30.0704,5.29374,24.6917,0.84672,12.849,0.84672,3695.15,0,0,0,0.687243,1.848,4.45637,1.35304,5.63858,0.42336,0,0.42336,460.49,0,1.02816,0,0,1.7154,0.687243,1.028160,1,0,30.3303,0,0,0,30.3303,0
66.0024,2.41586,0,0,1.9993,0.0748898,0.36288,3.6288,61.0226,0.66528,0,0,0.780702,0.313471,0,0.66528,12.849,1,0.464298,0.36288,0,29.3124,6.03729,23.1737,0.84672,12.849,0.84672,3695.15,0,0,0,0.637442,1.84861,4.23041,1.46656,5.2499,0.42336,0,0.42336,460.49,0,1.02816,0,0,1.6656,0.637442,1.028160,1,0,28.4236,0,0,0,28.4236,0
65.1525,2.41163,0,0,1.99877,0.0741853,0.36288,3.6288,60.8036,0.66528,0,0,0.753961,0.307643,0,0.66528,12.849,1,0.469483,0.36288,0,27.6675,6.04359,21.5173,0.84672,12.849,0.84672,3695.15,0,0,0,0.670542,1.89383,4.28071,1.44255,5.40253,0.42336,0,0.42336,460.49,0,1.02816,0,0,1.6987,0.670542,1.028160,1,0,26.9199,0,0,0,26.9199,0
64.0468,2.4073,0,0,1.73819,0.073683,0.36288,3.6288,60.5396,0.66528,0,0,0.70854,0.307217,0,0.66528,12.849,1,0.474755,0.36288,0,26.1763,6.04359,20.0209,0.84672,12.849,0.84672,3695.15,0,0,0,0.527118,1.89445,4.16578,1.44255,5.1448,0.42336,0,0.42336,460.49,0,1.02816,0,0,1.55528,0.527118,1.028160,1,0,25.1657,0,0,0,25.1657,0
62.8102,2.40127,0,0,1.6006,0.0730294,0.36288,3.6288,60.2619,0.66528,0,0,0.694224,0.306703,0,0.66528,12.849,1,0.48174,0.36288,0,24.688,6.04359,18.5256,0.84672,12.849,0.84672,3695.15,0,0,0,0.447155,1.89508,4.12359,1.44255,5.02327,0.42336,0,0.42336,460.49,0,1.02816,0,0,1.47531,0.447155,1.028160,1,0,23.5488,0,0,0,23.5488,0
61.3881,2.55408,0,0,1.54869,0.0538066,0.36288,3.6288,59.9387,0.66528,0,0,0.673091,0.33101,0,0.66528,12.849,1,0.522485,0.36288,0,24.2017,6.68676,17.3553,0.84672,12.849,0.84672,3695.15,0,0,0,0.386778,1.8957,3.81011,1.49451,4.59808,0.42336,0,0.42336,460.49,0,1.02816,0,0,1.41494,0.386778,1.028160,1,0,21.9534,0,0,0,21.9534,0
60.4874,2.54491,0,0,2.06916,0.0620997,0.36288,3.6288,59.7237,0.66528,0,0,0.797366,0.347048,0,0.66528,12.849,1,0.532669,0.36288,0,29.2393,6.98008,22.0894,0.84672,12.849,0.84672,3695.15,0,0,0,0.618857,2.04915,4.05429,1.49368,5.22863,0.42336,0,0.42336,460.49,0,1.02816,0,0,1.64702,0.618857,1.028160,1,0,27.3181,0,0,0,27.3181,0
59.1643,2.5392,0,0,1.64061,0.061637,0.36288,3.6288,59.3103,0.66528,0,0,0.598482,0.346572,0,0.66528,12.849,1,0.539389,0.36288,0,32.106,6.98008,24.9494,0.84672,12.849,0.84672,3695.15,0,0,0,0.208829,2.04983,3.2553,1.49368,4.02028,0.42336,0,0.42336,460.49,0,1.02816,0,0,1.23699,0.208829,1.028160,1,0,28.9697,0,0,0,28.9697,0
58.2045,2.53013,0,0,1.99409,0.0608735,0.36288,3.6288,59.2616,0.66528,0,0,0.962185,0.345657,0,0.66528,12.849,1,0.54948,0.36288,0,27.9864,6.98008,20.8197,0.84672,12.849,0.84672,3695.15,0,0,0,1.0227,2.05051,4.69048,1.49368,6.27001,0.42336,0,0.42336,460.49,0,1.02816,0,0,2.05086,1.0227,1.028160,1,0,27.0898,0,0,0,27.0898,0
56.971,2.52354,0,0,1.72657,0.0736432,0.36288,3.6288,59.0251,0.66528,0,0,0.745606,0.316828,0,0.66528,12.849,1,0.557086,0.36288,0,26.6372,6.30915,20.1339,0.84672,12.849,0.84672,3695.15,0,0,0,0.599322,2.05118,4.78599,1.25432,6.18217,0.42336,0,0.42336,460.49,0,1.02816,0,0,1.62748,0.599322,1.028160,1,0,26.316,0,0,0,26.316,0
56.3931,2.4378,0,0,2.35116,0.12835,0.36288,3.6288,59.1446,0.66528,0,0,1.07181,0.286981,0,0.66528,12.849,1,0.549811,0.36288,0,43.6886,6.16528,37.3364,0.84672,12.849,0.84672,3695.15,0,0,0,1.28614,2.05186,5.26772,1.32919,7.27653,0.42336,0,0.42336,460.49,0,1.02816,0,0,2.3143,1.28614,1.028160,1,0,44.6129,0,0,0,44.6129,0
56.0393,2.43401,0,0,2.57065,0.12762,0.36288,3.6288,59.6206,0.66528,0,0,1.42841,0.287201,0,0.66528,12.849,1,0.554583,0.36288,0,42.5578,6.16528,36.2008,0.84672,12.849,0.84672,3695.15,0,0,0,1.7268,1.96394,6.31558,1.32919,8.67713,0.42336,0,0.42336,460.49,0,1.02816,0,0,2.75496,1.7268,1.028160,1,0,44.8779,0,0,0,44.8779,0
55.1466,2.43197,0,0,2.02932,0.127172,0.36288,3.6288,59.6562,0.66528,0,0,0.988995,0.288077,0,0.66528,12.849,1,0.557615,0.36288,0,33.493,6.16528,27.1329,0.84672,12.849,0.84672,3695.15,0,0,0,1.23838,1.96459,5.90435,1.32919,7.77813,0.42336,0,0.42336,460.49,0,1.02816,0,0,2.26654,1.23838,1.028160,1,0,34.9111,0,0,0,34.9111,0
54.5169,2.42544,0,0,2.31685,0.158208,0.36288,3.6288,59.6748,0.66528,0,0,0.946192,0.262301,0,0.66528,12.849,1,0.565122,0.36288,0,28.0033,5.83368,21.9674,0.84672,12.849,0.84672,3695.15,0,0,0,1.14242,1.96524,7.26754,1.14466,9.23053,0.42336,0,0.42336,460.49,0,1.02816,0,0,2.17058,1.14242,1.028160,1,0,31.1979,0,0,0,31.1979,0
55.1116,2.35842,0,0,3.48775,0.171723,0.36288,3.6288,59.6569,0.66528,0,0,0.891657,0.244293,0,0.66528,12.849,1,0.555852,0.36288,0,37.3471,5.15112,32.003,0.84672,12.849,0.84672,3695.15,0,0,0,1.17137,1.96588,7.50629,1.19875,9.44479,0.42336,0,0.42336,460.49,0,1.02816,0,0,2.19953,1.17137,1.028160,1,0,41.4478,0,0,0,41.4478,0
55.4638,2.36406,0,0,3.2798,0.200689,0.36288,3.6288,60.3867,0.66528,0,0,1.61659,0.221559,0,0.66528,12.849,1,0.551169,0.36288,0,47.5675,4.58451,42.7947,0.84672,12.849,0.84672,3695.15,0,0,0,1.78419,1.88736,5.72215,1.19674,8.19696,0.42336,0,0.42336,460.49,0,1.02816,0,0,2.81235,1.78419,1.028160,1,0,50.9917,0,0,0,50.9917,0
55.9587,2.36768,0,0,3.43587,0.210428,0.36288,3.6288,60.7245,0.66528,0,0,1.22879,0.225649,0,0.66528,12.849,1,0.548508,0.36288,0,37.9224,4.34757,33.3892,0.84672,12.849,0.84672,3695.15,0,0,0,1.57245,1.88798,7.39924,1.14634,9.71333,0.42336,0,0.42336,460.49,0,1.02816,0,0,2.60061,1.57245,1.028160,1,0,43.1026,0,0,0,43.1026,0
58.4358,2.37241,0,0,5.4466,0.234156,0.36288,3.6288,61.308,0.66528,0,0,2.21299,0.233791,0.730429,0.66528,12.849,1,0.544742,0.36288,0,72.8868,3.75522,68.9497,0.84672,12.849,0.84672,3695.15,0,0,0,2.65583,1.8886,9.03604,1.02035,12.5601,0.42336,0,0.42336,460.49,0,1.02816,0,0,3.68399,2.65583,1.028160,1,0,82.2403,0,0,0,82.2403,0
62.607,2.21197,0,0,6.99119,0.245168,0.36288,3.6288,61.308,0.535514,0,0,1.82472,0.187479,1.10172,0.66528,12.849,1,0.486373,0.36288,0,78.44,3.62166,74.6948,0.84672,12.849,0.84672,3695.15,0,0,0,2.30524,1.88923,8.5879,0.944252,11.8381,0.42336,0,0.42336,460.49,0,1.02816,0,0,3.3334,2.30524,1.028160,1,0,87.6346,0,0,0,87.6346,0
66.0824,2.23959,0,0,6.33951,0.261668,0.36288,3.6288,61.308,0.536028,0,0,3.3399,0.124575,2.67929,0.66528,12.849,1,0.459637,0.36288,0,90.6967,3.44358,87.1563,0.84672,12.849,0.84672,3695.15,0,0,0,2.26003,1.71376,11.5506,0.842791,14.6816,0.42336,0,0.42336,460.49,0,1.02816,0,0,3.28819,2.26003,1.028160,1,0,104.517,0,0,0,104.517,0
72.29,2.26057,0,0,11.5015,0.269115,2.76417,3.6288,61.308,0.536543,0,0,8.09417,0.124575,7.43305,0.66528,12.849,1,0.439544,2.76417,0,126.164,3.44358,125.045,0.84672,12.849,0.84672,3695.15,0,0,0,6.13729,1.71433,21.3014,0.842791,28.3102,0.42336,0,0.42336,460.49,0,1.02816,0,0,7.16545,6.13729,1.028160,1,0,160.788,0,0,0,160.788,0
72.29,2.29337,0,0,7.43374,0.277711,4.86266,3.6288,61.308,0.537057,0,0,3.90668,0.164849,3.20477,0.66528,12.849,1,0.40763,4.86266,0,128.021,3.92055,128.555,0.84672,12.849,0.84672,3695.15,0,0,0,3.09739,1.71489,14.4622,0.966152,18.3083,0.42336,0,0.42336,460.49,0,1.02816,0,0,4.12555,3.09739,1.028160,1,0,150.068,0,0,0,150.068,0
72.29,2.29413,0,0,6.77989,0.295748,4.19001,3.6288,61.308,0.537572,0,0,3.44187,0.262824,2.64148,0.66528,12.849,1,0.407764,4.19001,0,103.321,5.55187,101.552,0.84672,12.849,0.84672,3695.15,0,0,0,2.50068,1.71545,13.6033,1.45906,16.3604,0.42336,0,0.42336,460.49,0,1.02816,0,0,3.52884,2.50068,1.028160,1,0,120.554,0,0,0,120.554,0
72.29,2.36675,0,0,7.58074,0.280447,4.93354,3.6288,61.308,0.588715,0,0,1.81922,0.225347,1.00516,0.66528,12.849,1,0.420673,4.93354,0,100.234,4.47738,100.269,0.84672,12.849,0.84672,3695.15,0,0,0,1.48211,1.71602,7.50203,0.890409,9.80974,0.42336,0,0.42336,460.49,0,1.02816,0,0,2.51027,1.48211,1.028160,1,0,111.084,0,0,0,111.084,0
72.29,2.3675,0,0,8.1591,0.297093,5.4945,3.6288,61.308,0.589226,0,0,1.76515,0.241346,0.93458,0.66528,12.849,1,0.420806,5.4945,0,102.592,4.82024,102.846,0.84672,12.849,0.84672,3695.15,0,0,0,1.47976,1.77156,7.33838,0.997362,9.59234,0.42336,0,0.42336,460.49,0,1.02816,0,0,2.50792,1.47976,1.028160,1,0,113.373,0,0,0,113.373,0
72.29,2.36825,0,0,8.08056,0.297093,5.41522,3.6288,61.308,0.589736,0,0,1.83673,0.241346,1.00565,0.66528,12.849,1,0.420938,5.41522,0,101.715,4.82024,101.889,0.84672,12.849,0.84672,3695.15,0,0,0,1.48448,1.77212,8.32464,0.997362,10.5839,0.42336,0,0.42336,460.49,0,1.02816,0,0,2.51264,1.48448,1.028160,1,0,113.479,0,0,0,113.479,0
72.29,2.369,0,0,7.63347,0.287671,4.97681,3.6288,61.308,0.590247,0,0,1.92601,0.247113,1.08865,0.66528,12.849,1,0.421071,4.97681,0,84.2633,4.85019,83.9689,0.84672,12.849,0.84672,3695.15,0,0,0,1.72033,1.77268,8.12341,1.03508,10.5813,0.42336,0,0.42336,460.49,0,1.02816,0,0,2.74849,1.72033,1.028160,1,0,95.6389,0,0,0,95.6389,0
72.29,2.60088,0,0,7.09826,0.266017,4.23136,3.6288,61.308,0.66528,0,0,1.1807,0.267957,0.247462,0.66528,12.849,1,0.462287,4.23136,0,103.931,4.72188,102.979,0.84672,12.849,0.84672,3695.15,0,0,0,0.529243,1.77324,6.7898,1.16207,7.93022,0.42336,0,0.42336,460.49,0,1.02816,0,0,1.5574,0.529243,1.028160,1,0,111.156,0,0,0,111.156,0
72.29,2.6017,0,0,4.55143,0.292172,1.65755,3.6288,61.308,0.66528,0,0,1.35155,0.257639,0.428627,0.66528,12.849,1,0.462433,1.65755,0,82.8585,4.49085,79.5627,0.84672,12.849,0.84672,3695.15,0,0,0,0.725605,1.97188,5.00863,1.08757,6.61855,0.42336,0,0.42336,460.49,0,1.02816,0,0,1.75376,0.725605,1.028160,1,0,86.6099,0,0,0,86.6099,0
72.29,2.60253,0,0,4.65691,0.305566,1.74882,3.6288,61.308,0.74164,0,0,1.26287,0.250964,0.270261,0.66528,12.849,1,0.462579,1.74882,0,86.5918,4.48869,83.3894,0.84672,12.849,0.84672,3695.15,0,0,0,0.608429,1.9725,5.4105,1.09485,6.89658,0.42336,0,0.42336,460.49,0,0.9518,0,0,1.56023,0.608429,1.028160,1,0,90.5562,0,0,0,90.5562,0
72.29,2.60335,0,0,4.80463,0.339052,1.86223,3.6288,61.308,0.66528,0,0,1.67905,0.234276,0.779498,0.66528,12.849,1,0.462725,1.86223,0,75.3062,4.48329,72.2224,0.84672,12.849,0.84672,3695.15,0,0,0,0.892642,1.97312,6.78133,1.11305,8.53404,0.42336,0,0.42336,460.49,0,1.02816,0,0,1.9208,0.892642,1.028160,1,0,81.536,0,0,0,81.536,0
72.29,2.27407,0,0,6.22346,0.330749,3.61864,3.6288,61.308,0.527618,0,0,1.83831,0.205873,1.10482,0.66528,12.849,1,0.404199,3.61864,0,99.811,3.63633,99.3891,0.84672,12.849,0.84672,3695.15,0,0,0,2.04306,1.97375,7.68699,0.975813,10.728,0.42336,0,0.42336,460.49,0,1.02816,0,0,3.07122,2.04306,1.028160,1,0,111.222,0,0,0,111.222,0
72.29,2.27479,0,0,5.67833,0.332172,3.07137,3.6288,61.308,0.528109,0,0,1.88719,0.204818,1.15426,0.66528,12.849,1,0.404327,3.07137,0,124.019,3.63185,123.055,0.84672,12.849,0.84672,3695.15,0,0,0,1.91758,1.7039,8.77072,0.977066,11.4151,0.42336,0,0.42336,460.49,0,1.02816,0,0,2.94574,1.91758,1.028160,1,0,135.624,0,0,0,135.624,0
72.29,2.27551,0,0,4.83937,0.332172,2.23169,3.6288,61.308,0.5286,0,0,1.55175,0.204818,0.818335,0.66528,12.849,1,0.404454,2.23169,0,95.2284,3.63185,93.4238,0.84672,12.849,0.84672,3695.15,0,0,0,1.49602,1.70444,6.74382,0.977066,8.96722,0.42336,0,0.42336,460.49,0,1.02816,0,0,2.52418,1.49602,1.028160,1,0,103.209,0,0,0,103.209,0
72.29,2.27623,0,0,5.03682,0.332172,2.42842,3.6288,61.308,0.529091,0,0,1.67503,0.204818,0.941119,0.66528,12.849,1,0.404582,2.42842,0,82.6511,3.63185,81.0431,0.84672,12.849,0.84672,3695.15,0,0,0,1.79837,1.70498,7.7798,0.977066,10.3061,0.42336,0,0.42336,460.49,0,1.02816,0,0,2.82653,1.79837,1.028160,1,0,92.2903,0,0,0,92.2903,0
72.29,2.27694,0,0,4.4938,0.326457,1.8904,3.6288,61.308,0.529582,0,0,1.34959,0.205499,0.614504,0.66528,12.849,1,0.404709,1.8904,0,118.555,3.56369,116.477,0.84672,12.849,0.84672,3695.15,0,0,0,1.38288,1.70552,6.21292,0.979935,8.32138,0.42336,0,0.42336,460.49,0,1.02816,0,0,2.41104,1.38288,1.028160,1,0,125.413,0,0,0,125.413,0
72.1387,2.36088,0,0,2.86461,0.292172,0.36288,3.6288,60.6144,1.04673,0,0,0.562697,0.209585,0,0.66528,12.849,1,0.419629,0.36288,0,71.8969,3.15473,68.6854,0.84672,12.849,0.84672,3695.15,0,0,0,0.558835,1.70605,3.25819,0.997145,4.52593,0.42336,0,0.42336,460.49,0,0.574171,0,0,1.13301,0.558835,1.028160,1,0,73.2114,0,0,0,73.2114,0
72.29,2.36088,0,0,6.1916,0.291836,3.38756,3.6288,61.308,0.593255,0,0,1.74173,0.208666,0.246188,0.66528,12.849,1,0.420509,3.38756,0,113.576,3.15473,113.389,0.84672,12.849,0.84672,3695.15,0,0,0,1.23372,1.77338,5.18178,0.997145,7.19174,0.42336,0,0.42336,460.49,0,1.02816,0,0,2.26188,1.23372,1.028160,1,0,120.827,0,0,0,120.827,0
72.29,2.36237,0,0,4.83082,0.292172,2.17628,3.6288,61.308,0.593766,0,0,1.46604,0.209585,0.662693,0.66528,12.849,1,0.419894,2.17628,0,85.5913,3.15473,84.193,0.84672,12.849,0.84672,3695.15,0,0,0,1.79242,1.77394,5.6431,0.997145,8.21231,0.42336,0,0.42336,460.49,0,1.02816,0,0,2.82058,1.79242,1.028160,1,0,93.068,0,0,0,93.068,0
72.29,2.36312,0,0,3.40026,0.278279,0.758869,3.6288,61.303,0.594277,0,0,0.807348,0.218052,0,0.66528,12.849,1,0.420026,0.758869,0,71.21,3.30282,68.246,0.84672,12.849,0.84672,3695.15,0,0,0,0.649866,1.7745,3.8871,1.02515,5.28631,0.42336,0,0.42336,460.49,0,1.02816,0,0,1.67803,0.649866,1.028160,1,0,73.5323,0,0,0,73.5323,0
72.29,2.33128,0,0,3.65004,0.198017,1.12074,3.6288,61.308,0.570417,0,0,1.10417,0.247954,0.280823,0.66528,12.849,1,0.414367,1.12074,0,60.5687,3.94542,57.3297,0.84672,12.849,0.84672,3695.15,0,0,0,0.814104,1.77506,4.48025,1.06733,6.00208,0.42336,0,0.42336,460.49,0,1.02816,0,0,1.84226,0.814104,1.028160,1,0,63.6126,0,0,0,63.6126,0
72.29,2.33201,0,0,2.97801,0.198533,0.447461,3.6288,61.308,0.605904,0,0,0.904236,0.244479,0.0538533,0.66528,12.849,1,0.414498,0.447461,0,50.9511,3.90442,47.0797,0.84672,12.849,0.84672,3695.15,0,0,0,0.528595,1.74959,3.69432,1.04635,4.92616,0.42336,0,0.42336,460.49,0,0.993177,0,0,1.52177,0.528595,1.028160,1,0,52.0597,0,0,0,52.0597,0
72.012,2.33275,0,0,2.61611,0.198533,0.36288,3.6288,61.308,0.5935,0,0,0.871258,0.244479,0.0332786,0.66528,12.849,1,0.414629,0.36288,0,47.3506,3.90442,43.3944,0.84672,12.849,0.84672,3695.15,0,0,0,0.402797,1.75015,3.62546,1.04635,4.73205,0.42336,0,0.42336,460.49,0,1.00608,0,0,1.40888,0.402797,1.028160,1,0,48.1597,0,0,0,48.1597,0
72.0855,2.33213,0,0,2.96667,0.198114,0.36288,3.6288,61.277,0.696033,0,0,0.909498,0.244479,0,0.66528,12.849,1,0.416118,0.36288,0,53.0957,3.90442,49.1381,0.84672,12.849,0.84672,3695.15,0,0,0,0.402797,1.7507,4.19401,1.04635,5.30116,0.42336,0,0.42336,460.49,0,0.904055,0,0,1.30685,0.402797,1.028160,1,0,54.4392,0,0,0,54.4392,0
72.0162,2.4439,0,0,2.87539,0.137935,0.36288,3.6288,61.1945,0.749507,0,0,0.917248,0.250272,0,0.66528,12.849,1,0.435617,0.36288,0,47.1568,4.14661,42.9374,0.84672,12.849,0.84672,3695.15,0,0,0,0.402797,1.75125,3.66441,1.02909,4.78936,0.42336,0,0.42336,460.49,0,0.937621,0,0,1.34042,0.402797,1.028160,1,0,47.7268,0,0,0,47.7268,0
71.8696,2.44432,0,0,2.80977,0.149172,0.36288,3.6288,61.257,0.681446,0,0,0.959489,0.215547,0,0.66528,12.849,1,0.43611,0.36288,0,43.358,3.91786,39.3669,0.84672,12.849,0.84672,3695.15,0,0,0,0.402797,1.8431,3.65123,0.886318,5.01081,0.42336,0,0.42336,460.49,0,1.00621,0,0,1.40901,0.402797,1.028160,1,0,44.3777,0,0,0,44.3777,0
71.3406,2.44433,0,0,2.42724,0.149005,0.36288,3.6288,61.1708,0.706299,0,0,0.835756,0.215632,0,0.66528,12.849,1,0.437003,0.36288,0,39.1093,3.91786,35.1173,0.84672,12.849,0.84672,3695.15,0,0,0,0.30119,1.84368,3.32755,0.886318,4.5861,0.42336,0,0.42336,460.49,0,0.981893,0,0,1.28308,0.30119,1.028160,1,0,39.7034,0,0,0,39.7034,0
70.5417,2.44235,0,0,2.15471,0.148405,0.36288,3.6288,60.8781,0.795961,0,0,0.718839,0.215515,0,0.66528,12.849,1,0.439887,0.36288,0,37.0094,3.91786,33.0146,0.84672,12.849,0.84672,3695.15,0,0,0,0.30119,1.84426,3.29044,0.886318,4.54957,0.42336,0,0.42336,460.49,0,0.892763,0,0,1.19395,0.30119,1.028160,1,0,37.5641,0,0,0,37.5641,0
69.6298,2.43891,0,0,2.02802,0.138079,0.36288,3.6288,60.5942,0.760921,0,0,0.70181,0.224837,0,0.66528,12.849,1,0.444241,0.36288,0,34.9345,4.27528,30.5778,0.84672,12.849,0.84672,3695.15,0,0,0,0.30119,1.84484,3.27273,0.948576,4.47018,0.42336,0,0.42336,460.49,0,0.928333,0,0,1.22952,0.30119,1.028160,1,0,35.048,0,0,0,35.048,0
68.9264,2.41295,0,0,2.21971,0.147291,0.36288,3.6288,60.3009,0.679562,0,0,0.625346,0.239063,0,0.66528,12.849,1,0.44527,0.36288,0,37.5423,5.14279,32.3171,0.84672,12.849,0.84672,3695.15,0,0,0,0.30119,1.84542,3.34834,1.15813,4.33682,0.42336,0,0.42336,460.49,0,1.01388,0,0,1.31507,0.30119,1.028160,1,0,36.6539,0,0,0,36.6539,0
68.1744,2.40988,0,0,2.09148,0.0707039,0.36288,3.6288,59.9972,0.66528,0,0,0.629061,0.267489,0,0.66528,12.849,1,0.449241,0.36288,0,35.1228,5.36718,29.6693,0.84672,12.849,0.84672,3695.15,0,0,0,0.272462,1.87796,3.38451,1.22478,4.31016,0.42336,0,0.42336,460.49,0,1.02816,0,0,1.30062,0.272462,1.028160,1,0,33.9794,0,0,0,33.9794,0
67.2654,2.40647,0,0,1.93067,0.0703544,0.36288,3.6288,59.6714,0.681333,0,0,0.622529,0.266972,0,0.66528,12.849,1,0.453553,0.36288,0,32.115,5.36718,26.6571,0.84672,12.849,0.84672,3695.15,0,0,0,0.261274,1.87856,3.10521,1.22478,4.02026,0.42336,0,0.42336,460.49,0,1.01211,0,0,1.27338,0.261274,1.028160,1,0,30.6774,0,0,0,30.6774,0
66.2352,2.40208,0,0,1.80454,0.0697895,0.36288,3.6288,59.366,0.66528,0,0,0.626262,0.266417,0,0.66528,12.849,1,0.458844,0.36288,0,29.8582,5.36718,24.3951,0.84672,12.849,0.84672,3695.15,0,0,0,0.302054,1.87915,3.0016,1.22478,3.95802,0.42336,0,0.42336,460.49,0,1.02816,0,0,1.33021,0.302054,1.028160,1,0,28.3531,0,0,0,28.3531,0
65.2328,2.45279,0,0,1.88921,0.0759322,0.36288,3.6288,58.938,0.716671,0,0,0.565086,0.276414,0,0.66528,12.849,1,0.475819,0.36288,0,29.1813,5.54065,23.5277,0.84672,12.849,0.84672,3695.15,0,0,0,0.261274,1.87974,2.88774,1.35207,3.67668,0.42336,0,0.42336,460.49,0,0.976769,0,0,1.23804,0.261274,1.028160,1,0,27.2044,0,0,0,27.2044,0
64.2486,2.44746,0,0,1.90408,0.0779895,0.36288,3.6288,58.4994,0.701404,0,0,0.542697,0.279852,0,0.66528,12.849,1,0.482079,0.36288,0,27.7434,5.61004,22.0141,0.84672,12.849,0.84672,3695.15,0,0,0,0.261274,1.92569,2.97069,1.40299,3.75467,0.42336,0,0.42336,460.49,0,0.992036,0,0,1.25331,0.261274,1.028160,1,0,25.7688,0,0,0,25.7688,0
63.0221,2.44207,0,0,1.65586,0.0773741,0.36288,3.6288,57.957,0.77334,0,0,0.510012,0.279064,0,0.66528,12.849,1,0.488387,0.36288,0,26.2481,5.61004,20.5125,0.84672,12.849,0.84672,3695.15,0,0,0,0.227405,1.92629,2.89092,1.40299,3.64163,0.42336,0,0.42336,460.49,0,0.9201,0,0,1.1475,0.227405,1.028160,1,0,24.1541,0,0,0,24.1541,0
61.6725,2.43494,0,0,1.52479,0.0766073,0.36288,3.6288,57.3463,0.832352,0,0,0.499709,0.27809,0,0.66528,12.849,1,0.496438,0.36288,0,24.7556,5.61004,19.012,0.84672,12.849,0.84672,3695.15,0,0,0,0.227405,1.9269,2.86165,1.40299,3.61297,0.42336,0,0.42336,460.49,0,0.861088,0,0,1.08849,0.227405,1.028160,1,0,22.625,0,0,0,22.625,0
59.9545,2.58878,0,0,1.28924,0.0555482,0.36288,3.6288,56.7156,0.833414,0,0,0.486509,0.283788,0,0.66528,12.849,1,0.539354,0.36288,0,23.2943,5.89854,17.2193,0.84672,12.849,0.84672,3695.15,0,0,0,0.227405,1.92751,2.70588,1.44739,3.4134,0.42336,0,0.42336,460.49,0,0.860026,0,0,1.08743,0.227405,1.028160,1,0,20.6327,0,0,0,20.6327,0
58.1159,2.57687,0,0,1.15808,0.0569464,0.36288,3.6288,55.9756,0.877824,0,0,0.415726,0.277925,0,0.66528,12.849,1,0.552255,0.36288,0,20.4484,5.71221,14.5468,0.84672,12.849,0.84672,3695.15,0,0,0,0.227405,2.0835,2.57418,1.50493,3.38016,0.42336,0,0.42336,460.49,0,0.815616,0,0,1.04302,0.227405,1.028160,1,0,17.9269,0,0,0,17.9269,0
56.316,2.56336,0,0,1.18227,0.0559447,0.36288,3.6288,55.1999,0.897299,0,0,0.398141,0.276586,0,0.66528,12.849,1,0.566741,0.36288,0,18.8656,5.71221,12.9495,0.84672,12.849,0.84672,3695.15,0,0,0,0.204422,2.08416,2.63897,1.50493,3.42262,0.42336,0,0.42336,460.49,0,0.796141,0,0,1.00056,0.204422,1.028160,1,0,16.3722,0,0,0,16.3722,0
55.1061,2.54942,0,0,1.76186,0.0594158,0.36288,3.6288,54.7046,0.692444,0,0,0.471359,0.274151,0,0.66528,12.849,1,0.581672,0.36288,0,24.2851,5.68252,18.3837,0.84672,12.849,0.84672,3695.15,0,0,0,0.204422,2.08481,2.89224,1.50129,3.68019,0.42336,0,0.42336,460.49,0,1.001,0,0,1.20542,0.204422,1.028160,1,0,22.0639,0,0,0,22.0639,0
54.6376,2.53986,0,0,2.51295,0.0787119,0.36288,3.6288,54.3841,0.66528,0,0,0.609151,0.264405,0,0.66528,12.849,1,0.592214,0.36288,0,35.6238,5.61899,29.7755,0.84672,12.849,0.84672,3695.15,0,0,0,0.234628,2.08547,3.16672,1.47789,4.00892,0.42336,0,0.42336,460.49,0,1.02816,0,0,1.26279,0.234628,1.028160,1,0,33.7844,0,0,0,33.7844,0
53.4526,2.45915,0,0,1.75748,0.120481,0.36288,3.6288,53.9648,0.75174,0,0,0.587671,0.255166,0,0.66528,12.849,1,0.578313,0.36288,0,24.7584,5.38157,19.1614,0.84672,12.849,0.84672,3695.15,0,0,0,0.204422,2.08613,2.72961,1.3788,3.64135,0.42336,0,0.42336,460.49,0,0.9417,0,0,1.14612,0.204422,1.028160,1,0,22.8027,0,0,0,22.8027,0
52.1632,2.44958,0,0,1.64214,0.119042,0.36288,3.6288,53.9237,0.66528,0,0,0.878604,0.254459,0,0.66528,12.849,1,0.588834,0.36288,0,21.2255,5.38157,15.6179,0.84672,12.849,0.84672,3695.15,0,0,0,0.877643,1.99671,3.14882,1.3788,4.64437,0.42336,0,0.42336,460.49,0,1.02816,0,0,1.9058,0.877643,1.028160,1,0,20.2623,0,0,0,20.2623,0
50.6931,2.43867,0,0,1.44895,0.117476,0.36288,3.6288,53.4658,0.713457,0,0,0.509904,0.254389,0,0.66528,12.849,1,0.600701,0.36288,0,21.7412,5.38157,16.1218,0.84672,12.849,0.84672,3695.15,0,0,0,0.216518,1.99734,2.41862,1.3788,3.25367,0.42336,0,0.42336,460.49,0,0.979983,0,0,1.1965,0.216518,1.028160,1,0,19.3755,0,0,0,19.3755,0
48.9864,2.42554,0,0,1.19733,0.115691,0.36288,3.6288,52.8154,0.846046,0,0,0.449216,0.253495,0,0.66528,12.849,1,0.614792,0.36288,0,20.0736,5.38157,14.4401,0.84672,12.849,0.84672,3695.15,0,0,0,0.216518,1.99797,2.23983,1.3788,3.07551,0.42336,0,0.42336,460.49,0,0.847394,0,0,1.06391,0.216518,1.028160,1,0,17.5156,0,0,0,17.5156,0
48.0894,2.34709,0,0,1.97969,0.166691,0.36288,3.6288,52.1966,0.910695,0,0,0.479099,0.187295,0,0.66528,12.849,1,0.615635,0.36288,0,29.3612,4.35782,24.7507,0.84672,12.849,0.84672,3695.15,0,0,0,0.216518,1.9986,2.66243,1.11395,3.7636,0.42336,0,0.42336,460.49,0,0.782745,0,0,0.999264,0.216518,1.028160,1,0,28.5143,0,0,0,28.5143,0
48.6515,2.33876,0,0,3.44066,0.176918,0.36288,3.6288,52.2904,0.66528,0,0,0.921999,0.162892,0,0.66528,12.849,1,0.624892,0.36288,0,40.8633,3.95336,36.6479,0.84672,12.849,0.84672,3695.15,0,0,0,0.322497,1.91874,4.20245,1.02888,5.41481,0.42336,0,0.42336,460.49,0,1.02816,0,0,1.35066,0.322497,1.028160,1,0,42.0628,0,0,0,42.0628,0
49.8088,2.34521,0,0,4.04338,0.178002,0.36288,3.6288,52.984,0.66528,0,0,1.52193,0.163015,0,0.66528,12.849,1,0.619376,0.36288,0,44.2365,3.95336,40.0266,0.84672,12.849,0.84672,3695.15,0,0,0,1.49514,1.91934,5.10733,1.02888,7.49293,0.42336,0,0.42336,460.49,0,1.02816,0,0,2.5233,1.49514,1.028160,1,0,47.5195,0,0,0,47.5195,0
49.807,2.35739,0,0,2.91615,0.197676,0.36288,3.6288,53.1569,0.66528,0,0,1.00866,0.170453,0,0.66528,12.849,1,0.608127,0.36288,0,39.5615,4.06933,35.2469,0.84672,12.849,0.84672,3695.15,0,0,0,0.732725,1.91994,5.19634,1.05596,6.79305,0.42336,0,0.42336,460.49,0,1.02816,0,0,1.76088,0.732725,1.028160,1,0,42.04,0,0,0,42.04,0
52.7005,2.18052,0,0,5.64875,0.211796,0.36288,3.6288,53.6973,0.561415,0,0,1.3009,0.199091,0,0.66528,12.849,1,0.56252,0.36288,0,88.5179,4.24909,84.0692,0.84672,12.849,0.84672,3695.15,0,0,0,1.20337,1.92055,7.35718,1.10642,9.37469,0.42336,0,0.42336,460.49,0,1.02816,0,0,2.23153,1.20337,1.028160,1,0,93.4439,0,0,0,93.4439,0
52.9568,2.20604,0,0,3.06278,0.237606,0.36288,3.6288,54.0898,0.561914,0,0,1.16047,0.206098,0,0.66528,12.849,1,0.537858,0.36288,0,64.929,3.94286,60.8112,0.84672,12.849,0.84672,3695.15,0,0,0,0.969538,1.74215,6.03348,1.02828,7.71689,0.42336,0,0.42336,460.49,0,1.02816,0,0,1.9977,0.969538,1.028160,1,0,68.5281,0,0,0,68.5281,0
53.3998,2.20883,0,0,3.25293,0.238232,0.36288,3.6288,54.4495,0.562413,0,0,1.12875,0.206672,0,0.66528,12.849,1,0.535932,0.36288,0,65.2274,3.94286,61.1115,0.84672,12.849,0.84672,3695.15,0,0,0,0.782689,1.7427,5.35564,1.02828,6.85275,0.42336,0,0.42336,460.49,0,1.02816,0,0,1.81085,0.782689,1.028160,1,0,67.9643,0,0,0,67.9643,0
53.2941,2.21311,0,0,2.70956,0.239314,0.36288,3.6288,54.78,0.562912,0,0,1.10062,0.207164,0,0.66528,12.849,1,0.532515,0.36288,0,64.967,3.94286,60.8545,0.84672,12.849,0.84672,3695.15,0,0,0,0.689316,1.74324,5.34968,1.02828,6.75396,0.42336,0,0.42336,460.49,0,1.02816,0,0,1.71748,0.689316,1.028160,1,0,67.6085,0,0,0,67.6085,0
54.9719,2.21295,0,0,4.49112,0.237463,0.36288,3.6288,55.0857,0.563412,0,0,1.09741,0.228274,0,0.66528,12.849,1,0.533534,0.36288,0,60.535,4.60435,55.76,0.84672,12.849,0.84672,3695.15,0,0,0,1.00857,1.74379,5.59362,1.23364,7.11235,0.42336,0,0.42336,460.49,0,1.02816,0,0,2.03673,1.00857,1.028160,1,0,62.8724,0,0,0,62.8724,0
56.1652,2.29659,0,0,4.07555,0.222818,0.36288,3.6288,55.3324,0.615375,0,0,1.0945,0.232456,0,0.66528,12.849,1,0.536799,0.36288,0,81.9055,4.45563,77.2759,0.84672,12.849,0.84672,3695.15,0,0,0,2.6333,1.74434,6.52933,1.19825,9.70872,0.42336,0,0.42336,460.49,0,1.02816,0,0,3.66146,2.6333,1.028160,1,0,86.9846,0,0,0,86.9846,0
57.234,2.30656,0,0,3.96087,0.222537,0.36288,3.6288,55.5077,0.61587,0,0,1.02206,0.230863,0,0.66528,12.849,1,0.527677,0.36288,0,90.6664,4.34816,86.1535,0.84672,12.849,0.84672,3695.15,0,0,0,2.75613,1.80077,6.19046,1.16669,9.58068,0.42336,0,0.42336,460.49,0,1.02816,0,0,3.78429,2.75613,1.028160,1,0,95.7342,0,0,0,95.7342,0
59.1135,2.31531,0,0,4.78257,0.224898,0.36288,3.6288,55.6074,0.616364,0,0,0.947151,0.231129,0,0.66528,12.849,1,0.519785,0.36288,0,126.029,4.34816,121.524,0.84672,12.849,0.84672,3695.15,0,0,0,2.46914,1.80131,6.13974,1.16669,9.24351,0.42336,0,0.42336,460.49,0,1.02816,0,0,3.4973,2.46914,1.028160,1,0,130.768,0,0,0,130.768,0
59.1874,2.32958,0,0,2.99849,0.232142,0.36288,3.6288,55.4886,0.616859,0,0,0.71855,0.220471,0,0.66528,12.849,1,0.506362,0.36288,0,71.1668,4.21451,66.8088,0.84672,12.849,0.84672,3695.15,0,0,0,1.51559,1.80186,4.93788,1.11512,7.1402,0.42336,0,0.42336,460.49,0,1.02816,0,0,2.54375,1.51559,1.028160,1,0,73.949,0,0,0,73.949,0
60.2928,2.55815,0,0,4.25637,0.229903,0.36288,3.6288,55.363,0.66528,0,0,0.727122,0.187394,0,0.66528,12.849,1,0.555348,0.36288,0,83.973,3.63545,80.1451,0.84672,12.849,0.84672,3695.15,0,0,0,1.41746,1.8024,5.58149,0.986976,7.81438,0.42336,0,0.42336,460.49,0,1.02816,0,0,2.44562,1.41746,1.028160,1,0,87.9595,0,0,0,87.9595,0
60.3844,2.56731,0,0,3.2404,0.218692,0.36288,3.6288,55.4484,0.66528,0,0,0.929976,0.179378,0,0.66528,12.849,1,0.547119,0.36288,0,86.3533,3.30886,82.8602,0.84672,12.849,0.84672,3695.15,0,0,0,0.915261,2.00427,5.04325,0.988016,6.97477,0.42336,0,0.42336,460.49,0,1.02816,0,0,1.94342,0.915261,1.028160,1,0,89.835,0,0,0,89.835,0
61.2666,2.56877,0,0,4.03279,0.218864,0.36288,3.6288,55.5986,0.66528,0,0,0.994965,0.179479,0,0.66528,12.849,1,0.5466,0.36288,0,125.796,3.30886,122.303,0.84672,12.849,0.84672,3695.15,0,0,0,3.04121,2.00488,8.04065,0.988016,12.0987,0.42336,0,0.42336,460.49,0,1.02816,0,0,4.06937,3.04121,1.028160,1,0,134.402,0,0,0,134.402,0
61.8844,2.57605,0,0,3.81031,0.253599,0.36288,3.6288,55.5526,0.66528,0,0,0.78078,0.161494,0,0.66528,12.849,1,0.540256,0.36288,0,115.764,3.41829,112.168,0.84672,12.849,0.84672,3695.15,0,0,0,2.4268,2.00548,6.01292,0.940099,9.50511,0.42336,0,0.42336,460.49,0,1.02816,0,0,3.45496,2.4268,1.028160,1,0,121.673,0,0,0,121.673,0
65.6266,2.2541,0,0,6.65612,0.296949,0.36288,3.6288,55.988,0.553084,0,0,1.1745,0.18595,0,0.66528,12.849,1,0.468016,0.36288,0,135.632,3.36467,132.162,0.84672,12.849,0.84672,3695.15,0,0,0,3.64005,2.00608,8.69555,1.00865,13.333,0.42336,0,0.42336,460.49,0,1.02816,0,0,4.66821,3.64005,1.028160,1,0,145.495,0,0,0,145.495,0
67.8639,2.2771,0,0,5.17786,0.300602,0.36288,3.6288,56.5988,0.55356,0,0,1.33145,0.167103,0,0.66528,12.849,1,0.445832,0.36288,0,101.24,3.41092,97.7462,0.84672,12.849,0.84672,3695.15,0,0,0,2.5135,1.73179,11.1001,1.02967,14.3157,0.42336,0,0.42336,460.49,0,1.02816,0,0,3.54166,2.5135,1.028160,1,0,112.062,0,0,0,112.062,0
70.4906,2.29015,0,0,5.58572,0.305976,0.36288,3.6288,57.4603,0.554036,0,0,1.58326,0.16777,0,0.66528,12.849,1,0.433604,0.36288,0,114.671,3.41092,111.189,0.84672,12.849,0.84672,3695.15,0,0,0,2.65727,1.73231,9.02629,1.02967,12.3862,0.42336,0,0.42336,460.49,0,1.02816,0,0,3.68543,2.65727,1.028160,1,0,123.576,0,0,0,123.576,0
72.29,2.3045,0,0,8.70221,0.309592,4.28871,3.6288,59.2176,0.554511,0,0,2.45821,0.146361,0,0.66528,12.849,1,0.420064,4.28871,0,212.007,3.0523,212.824,0.84672,12.849,0.84672,3695.15,0,0,0,6.04578,1.73284,19.0296,0.968248,25.84,0.42336,0,0.42336,460.49,0,1.02816,0,0,7.07394,6.04578,1.028160,1,0,238.664,0,0,0,238.664,0
72.29,2.31408,0,0,7.80382,0.311829,5.17791,3.6288,60.3505,0.554987,0,0,1.81897,0.131073,0,0.66528,12.849,1,0.41131,5.17791,0,212.228,2.78334,214.211,0.84672,12.849,0.84672,3695.15,0,0,0,4.80014,1.73336,12.5082,0.922183,18.1195,0.42336,0,0.42336,460.49,0,1.02816,0,0,5.8283,4.80014,1.028160,1,0,232.331,0,0,0,232.331,0
72.29,2.39935,0,0,7.7779,0.3116,5.06695,3.6288,61.308,0.619155,0,0,3.7073,0.14412,1.98656,0.66528,12.849,1,0.426466,5.06695,0,117.093,3.30676,118.426,0.84672,12.849,0.84672,3695.15,0,0,0,4.16611,1.73388,9.50409,0.984837,14.4192,0.42336,0,0.42336,460.49,0,1.02816,0,0,5.19427,4.16611,1.028160,1,0,134.832,0,0,0,134.832,0
72.29,2.40007,0,0,6.91972,0.3116,4.20805,3.6288,61.308,0.61965,0,0,5.06015,0.144997,4.2955,0.66528,12.849,1,0.426595,4.20805,0,130.502,3.30676,130.977,0.84672,12.849,0.84672,3695.15,0,0,0,6.0245,1.80227,13.3293,0.984837,20.1712,0.42336,0,0.42336,460.49,0,1.02816,0,0,7.05266,6.0245,1.028160,1,0,155.443,0,0,0,155.443,0
72.29,2.40079,0,0,5.43503,0.3116,2.72263,3.6288,61.308,0.620145,0,0,4.21406,0.144997,3.44891,0.66528,12.849,1,0.426723,2.72263,0,152.618,3.30676,151.607,0.84672,12.849,0.84672,3695.15,0,0,0,6.23814,1.80282,9.83318,0.984837,16.8893,0.42336,0,0.42336,460.49,0,1.02816,0,0,7.2663,6.23814,1.028160,1,0,171.945,0,0,0,171.945,0
72.29,2.40151,0,0,4.18509,0.285112,1.49847,3.6288,61.308,0.620641,0,0,2.95549,0.107464,2.22739,0.66528,12.849,1,0.426851,1.49847,0,107.746,2.13916,106.678,0.84672,12.849,0.84672,3695.15,0,0,0,4.34946,1.80336,7.62921,0.839317,12.9427,0.42336,0,0.42336,460.49,0,1.02816,0,0,5.37762,4.34946,1.028160,1,0,121.849,0,0,0,121.849,0
72.29,2.36913,0,0,4.30618,0.227063,1.70999,3.6288,61.308,0.596369,0,0,1.76671,0.201126,0.969212,0.66528,12.849,1,0.421095,1.70999,0,97.1248,3.86656,94.5472,0.84672,12.849,0.84672,3695.15,0,0,0,2.55213,1.8039,6.55283,1.11354,9.79532,0.42336,0,0.42336,460.49,0,1.02816,0,0,3.58029,2.55213,1.028160,1,0,105.312,0,0,0,105.312,0
72.29,2.36984,0,0,4.05511,0.226943,1.45833,3.6288,61.308,0.596857,0,0,1.28189,0.218069,0.466965,0.66528,12.849,1,0.421221,1.45833,0,91.1382,4.33807,87.8372,0.84672,12.849,0.84672,3695.15,0,0,0,2.2498,1.778,5.96939,1.14976,8.84744,0.42336,0,0.42336,460.49,0,1.02816,0,0,3.27796,2.2498,1.028160,1,0,97.1516,0,0,0,97.1516,0
72.29,2.37055,0,0,3.75183,0.226943,1.15434,3.6288,61.308,0.597345,0,0,1.39412,0.218069,0.578701,0.66528,12.849,1,0.421348,1.15434,0,82.9025,4.33807,79.2974,0.84672,12.849,0.84672,3695.15,0,0,0,2.55398,1.77853,6.16142,1.14976,9.34417,0.42336,0,0.42336,460.49,0,1.02816,0,0,3.58214,2.55398,1.028160,1,0,89.2203,0,0,0,89.2203,0
72.29,2.37126,0,0,3.55001,0.237802,0.940947,3.6288,61.308,0.597834,0,0,1.49947,0.194787,0.706851,0.66528,12.849,1,0.421474,0.940947,0,77.6036,4.11674,74.0064,0.84672,12.849,0.84672,3695.15,0,0,0,2.68835,1.77907,6.68578,1.06764,10.0856,0.42336,0,0.42336,460.49,0,1.02816,0,0,3.71651,2.68835,1.028160,1,0,84.7988,0,0,0,84.7988,0
72.29,2.4845,0,0,3.34824,0.194889,0.668858,3.6288,61.308,0.66528,0,0,1.25107,0.1817,0.404092,0.66528,12.849,1,0.4416,0.668858,0,67.0784,4.06337,63.2423,0.84672,12.849,0.84672,3695.15,0,0,0,2.18373,1.7796,5.5147,0.994979,8.48304,0.42336,0,0.42336,460.49,0,1.02816,0,0,3.21189,2.18373,1.028160,1,0,72.1294,0,0,0,72.1294,0
72.29,2.48524,0,0,3.4192,0.18602,0.747941,3.6288,61.308,0.66528,0,0,1.09849,0.235353,0.197857,0.66528,12.849,1,0.441733,0.747941,0,57.7569,4.51983,53.5433,0.84672,12.849,0.84672,3695.15,0,0,0,1.95233,1.87291,4.75295,1.1669,7.41128,0.42336,0,0.42336,460.49,0,1.02816,0,0,2.98049,1.95233,1.028160,1,0,61.1525,0,0,0,61.1525,0
72.246,2.48599,0,0,2.98372,0.178822,0.36288,3.6288,61.308,0.66528,0,0,1.02101,0.240074,0.11566,0.66528,12.849,1,0.441865,0.36288,0,51.6228,4.57338,46.9704,0.84672,12.849,0.84672,3695.15,0,0,0,1.75553,1.87347,4.59706,1.18059,7.04547,0.42336,0,0.42336,460.49,0,1.02816,0,0,2.78369,1.75553,1.028160,1,0,54.1316,0,0,0,54.1316,0
72.071,2.48651,0,0,2.80995,0.135588,0.36288,3.6288,61.308,0.66528,0,0,0.978497,0.268405,0.0448127,0.66528,12.849,1,0.442227,0.36288,0,46.2911,4.89468,41.3171,0.84672,12.849,0.84672,3695.15,0,0,0,1.62931,1.87403,4.34771,1.26268,6.58837,0.42336,0,0.42336,460.49,0,1.02816,0,0,2.65747,1.62931,1.028160,1,0,47.9503,0,0,0,47.9503,0
71.7447,2.48634,0,0,2.65836,0.135408,0.36288,3.6288,61.3029,0.66528,0,0,0.928584,0.268405,0,0.66528,12.849,1,0.443271,0.36288,0,46.4406,4.89468,41.4655,0.84672,12.849,0.84672,3695.15,0,0,0,1.42709,1.8746,4.62764,1.26268,6.66666,0.42336,0,0.42336,460.49,0,1.02816,0,0,2.45525,1.42709,1.028160,1,0,48.1322,0,0,0,48.1322,0
71.2976,2.46312,0,0,2.51618,0.137286,0.36288,3.6288,61.2175,0.66528,0,0,0.815219,0.235318,0,0.66528,12.849,1,0.441128,0.36288,0,49.3597,4.04995,45.2315,0.84672,12.849,0.84672,3695.15,0,0,0,1.19136,1.87516,3.14326,1.06461,5.14517,0.42336,0,0.42336,460.49,0,1.02816,0,0,2.21952,1.19136,1.028160,1,0,50.3767,0,0,0,50.3767,0
70.7447,2.46151,0,0,2.39403,0.122574,0.36288,3.6288,61.0896,0.66528,0,0,0.795822,0.258495,0,0.66528,12.849,1,0.443605,0.36288,0,46.5248,4.37571,42.0683,0.84672,12.849,0.84672,3695.15,0,0,0,1.16113,1.9082,3.05554,1.17486,4.95002,0.42336,0,0.42336,460.49,0,1.02816,0,0,2.18929,1.16113,1.028160,1,0,47.0183,0,0,0,47.0183,0
69.8906,2.45932,0,0,2.0716,0.103551,0.36288,3.6288,60.8891,0.66528,0,0,0.748803,0.28398,0,0.66528,12.849,1,0.446673,0.36288,0,43.4043,5.08125,38.2392,0.84672,12.849,0.84672,3695.15,0,0,0,1.00978,1.90877,3.05171,1.42245,4.54782,0.42336,0,0.42336,460.49,0,1.02816,0,0,2.03794,1.00978,1.028160,1,0,42.787,0,0,0,42.787,0
69.0002,2.45544,0,0,2.03117,0.103175,0.36288,3.6288,60.6843,0.66528,0,0,0.74012,0.279611,0,0.66528,12.849,1,0.451419,0.36288,0,40.115,5.28465,34.7418,0.84672,12.849,0.84672,3695.15,0,0,0,1.13358,1.90935,3.00856,1.49789,4.55359,0.42336,0,0.42336,460.49,0,1.02816,0,0,2.16174,1.13358,1.028160,1,0,39.2954,0,0,0,39.2954,0
67.9361,2.50847,0,0,1.90178,0.0946021,0.36288,3.6288,60.3925,0.66528,0,0,0.670179,0.29671,0,0.66528,12.849,1,0.46712,0.36288,0,36.0932,5.59587,30.3931,0.84672,12.849,0.84672,3695.15,0,0,0,0.904081,1.90992,2.7949,1.4476,4.1613,0.42336,0,0.42336,460.49,0,1.02816,0,0,1.93224,0.904081,1.028160,1,0,34.5544,0,0,0,34.5544,0
67.1911,2.50307,0,0,2.20895,0.0879703,0.36288,3.6288,60.3088,0.66528,0,0,0.890801,0.309233,0,0.66528,12.849,1,0.473415,0.36288,0,47.8094,5.82928,41.8696,0.84672,12.849,0.84672,3695.15,0,0,0,1.21697,1.95658,3.12072,1.40989,4.88438,0.42336,0,0.42336,460.49,0,1.02816,0,0,2.24513,1.21697,1.028160,1,0,46.754,0,0,0,46.754,0
66.252,2.49941,0,0,2.01065,0.087456,0.36288,3.6288,60.0692,0.66528,0,0,0.734746,0.309068,0,0.66528,12.849,1,0.477965,0.36288,0,38.5083,5.82928,32.5639,0.84672,12.849,0.84672,3695.15,0,0,0,1.26547,1.95717,2.89984,1.40989,4.71259,0.42336,0,0.42336,460.49,0,1.02816,0,0,2.29363,1.26547,1.028160,1,0,37.2765,0,0,0,37.2765,0
65.1365,2.49449,0,0,1.82869,0.0868078,0.36288,3.6288,59.7796,0.66528,0,0,0.684245,0.308597,0,0.66528,12.849,1,0.483784,0.36288,0,35.8983,5.82928,29.9481,0.84672,12.849,0.84672,3695.15,0,0,0,0.90796,1.95775,2.58434,1.40989,4.04017,0.42336,0,0.42336,460.49,0,1.02816,0,0,1.93612,0.90796,1.028160,1,0,33.9883,0,0,0,33.9883,0
64.031,2.6545,0,0,1.98738,0.0754692,0.36288,3.6288,59.5845,0.66528,0,0,0.782663,0.312443,0,0.66528,12.849,1,0.523633,0.36288,0,35.5227,6.00108,29.3608,0.84672,12.849,0.84672,3695.15,0,0,0,1.34636,1.95834,3.42981,1.4569,5.27762,0.42336,0,0.42336,460.49,0,1.02816,0,0,2.37452,1.34636,1.028160,1,0,34.6385,0,0,0,34.6385,0
63.2619,2.64776,0,0,2.31774,0.0762629,0.36288,3.6288,59.4483,0.66528,0,0,0.831721,0.302648,0,0.66528,12.849,1,0.531322,0.36288,0,40.2164,5.985,34.063,0.84672,12.849,0.84672,3695.15,0,0,0,1.39007,2.1168,3.15032,1.52979,5.1274,0.42336,0,0.42336,460.49,0,1.02816,0,0,2.41823,1.39007,1.028160,1,0,39.1904,0,0,0,39.1904,0
62.0111,2.64318,0,0,1.83109,0.075788,0.36288,3.6288,59.0878,0.66528,0,0,0.607122,0.302385,0,0.66528,12.849,1,0.536852,0.36288,0,41.502,5.985,35.343,0.84672,12.849,0.84672,3695.15,0,0,0,0.70429,2.11744,2.49621,1.52979,3.78815,0.42336,0,0.42336,460.49,0,1.02816,0,0,1.73245,0.70429,1.028160,1,0,39.1312,0,0,0,39.1312,0
61.206,2.635,0,0,2.26784,0.0750159,0.36288,3.6288,59.1308,0.66528,0,0,1.01005,0.301688,0,0.66528,12.849,1,0.545986,0.36288,0,36.78,5.985,30.6119,0.84672,12.849,0.84672,3695.15,0,0,0,2.06182,2.11807,3.75106,1.52979,6.40116,0.42336,0,0.42336,460.49,0,1.02816,0,0,3.08998,2.06182,1.028160,1,0,37.0131,0,0,0,37.0131,0
59.9343,2.62986,0,0,1.80135,0.0803258,0.36288,3.6288,58.8969,0.66528,0,0,0.699132,0.267772,0,0.66528,12.849,1,0.552087,0.36288,0,29.7003,5.06077,24.4504,0.84672,12.849,0.84672,3695.15,0,0,0,1.0845,2.11871,3.67155,1.17002,5.70474,0.42336,0,0.42336,460.49,0,1.02816,0,0,2.11266,1.0845,1.028160,1,0,30.1551,0,0,0,30.1551,0
59.007,2.54103,0,0,2.10781,0.131214,0.36288,3.6288,59.1801,0.66528,0,0,1.18333,0.234912,0,0.66528,12.849,1,0.544757,0.36288,0,24.2194,4.44602,19.5915,0.84672,12.849,0.84672,3695.15,0,0,0,1.41643,2.11934,3.79847,1.21065,6.1236,0.42336,0,0.42336,460.49,0,1.02816,0,0,2.44459,1.41643,1.028160,1,0,25.7151,0,0,0,25.7151,0
57.8726,2.53476,0,0,1.9014,0.138222,0.36288,3.6288,59.3537,0.66528,0,0,1.07108,0.232187,0,0.66528,12.849,1,0.551953,0.36288,0,22.421,4.40517,17.8267,0.84672,12.849,0.84672,3695.15,0,0,0,0.973089,2.02848,3.12055,1.2414,4.88071,0.42336,0,0.42336,460.49,0,1.02816,0,0,2.00125,0.973089,1.028160,1,0,22.7074,0,0,0,22.7074,0
56.8679,2.52666,0,0,2.0378,0.152936,0.36288,3.6288,60.2116,0.66528,0,0,1.75258,0.229353,0,0.66528,12.849,1,0.560975,0.36288,0,39.3733,4.23759,34.9377,0.84672,12.849,0.84672,3695.15,0,0,0,2.68381,2.02908,4.31455,1.19989,7.82755,0.42336,0,0.42336,460.49,0,1.02816,0,0,3.71197,2.68381,1.028160,1,0,42.7652,0,0,0,42.7652,0
58.8101,2.51933,0,0,5.01606,0.191607,0.36288,3.6288,61.308,0.66528,0,0,2.16238,0.222839,0.177891,0.66528,12.849,1,0.569229,0.36288,0,69.0872,3.81864,65.0622,0.84672,12.849,0.84672,3695.15,0,0,0,2.65421,2.02969,6.57321,1.0961,10.161,0.42336,0,0.42336,460.49,0,1.02816,0,0,3.68237,2.65421,1.028160,1,0,75.4011,0,0,0,75.4011,0
59.1159,2.47002,0,0,3.34684,0.208178,0.36288,3.6288,61.308,0.66528,0,0,1.3809,0.211154,0.504463,0.66528,12.849,1,0.539656,0.36288,0,54.4671,4.03306,50.2572,0.84672,12.849,0.84672,3695.15,0,0,0,1.62613,2.0303,7.6977,0.997518,10.3566,0.42336,0,0.42336,460.49,0,1.02816,0,0,2.65429,1.62613,1.028160,1,0,61.1183,0,0,0,61.1183,0
58.658,2.47305,0,0,2.60406,0.226047,0.36288,3.6288,61.308,0.66528,0,0,1.52137,0.193501,0.662593,0.66528,12.849,1,0.537525,0.36288,0,32.0573,4.31897,27.5636,0.84672,12.849,0.84672,3695.15,0,0,0,1.15062,1.94915,5.97531,0.866076,8.20901,0.42336,0,0.42336,460.49,0,1.02816,0,0,2.17878,1.15062,1.028160,1,0,36.4352,0,0,0,36.4352,0
57.202,2.47035,0,0,1.61183,0.23459,0.36288,3.6288,61.308,0.66528,0,0,1.01879,0.19695,0.15656,0.66528,12.849,1,0.541129,0.36288,0,26.657,4.37696,22.1018,0.84672,12.849,0.84672,3695.15,0,0,0,0.73942,1.94973,5.91788,0.879615,7.72742,0.42336,0,0.42336,460.49,0,1.02816,0,0,1.76758,0.73942,1.028160,1,0,29.9858,0,0,0,29.9858,0
58.8464,2.45984,0,0,4.75484,0.287726,0.36288,3.6288,61.308,0.66528,0,0,1.38378,0.217646,0.500857,0.66528,12.849,1,0.552541,0.36288,0,76.9882,4.72489,72.0736,0.84672,12.849,0.84672,3695.15,0,0,0,0.996259,1.95032,8.57127,0.960846,10.557,0.42336,0,0.42336,460.49,0,1.02816,0,0,2.02442,0.996259,1.028160,1,0,83.1315,0,0,0,83.1315,0
59.9863,2.28699,0,0,4.07695,0.287145,0.36288,3.6288,61.308,0.586514,0,0,0.921849,0.210108,0.125228,0.66528,12.849,1,0.49936,0.36288,0,67.3939,4.57863,62.6788,0.84672,12.849,0.84672,3695.15,0,0,0,1.19696,1.9509,6.22801,0.964541,8.41133,0.42336,0,0.42336,460.49,0,1.02816,0,0,2.22512,1.19696,1.028160,1,0,71.2154,0,0,0,71.2154,0
59.2741,2.29549,0,0,2.20476,0.258582,0.36288,3.6288,61.308,0.586997,0,0,1.97316,0.164879,1.22128,0.66528,12.849,1,0.491691,0.36288,0,53.2234,3.70104,49.3936,0.84672,12.849,0.84672,3695.15,0,0,0,1.80009,1.76966,7.58835,0.986712,10.1714,0.42336,0,0.42336,460.49,0,1.02816,0,0,2.82825,1.80009,1.028160,1,0,60.7863,0,0,0,60.7863,0
58.3947,2.29132,0,0,2.03215,0.257416,0.36288,3.6288,61.308,0.587481,0,0,1.75323,0.172913,0.992835,0.66528,12.849,1,0.496695,0.36288,0,64.4812,3.82148,60.5259,0.84672,12.849,0.84672,3695.15,0,0,0,1.3641,1.77019,5.63576,1.03421,7.73584,0.42336,0,0.42336,460.49,0,1.02816,0,0,2.39226,1.3641,1.028160,1,0,69.2546,0,0,0,69.2546,0
58.5446,2.28587,0,0,3.06996,0.27128,0.36288,3.6288,61.308,0.587964,0,0,2.62853,0.218699,1.82187,0.66528,12.849,1,0.502977,0.36288,0,56.2518,4.54676,51.565,0.84672,12.849,0.84672,3695.15,0,0,0,2.72717,1.77072,8.23496,1.28433,11.4485,0.42336,0,0.42336,460.49,0,1.02816,0,0,3.75533,2.72717,1.028160,1,0,64.8354,0,0,0,64.8354,0
58.9989,2.28762,0,0,3.40046,0.295651,0.36288,3.6288,61.308,0.588448,0,0,2.44149,0.206443,1.6466,0.66528,12.849,1,0.502072,0.36288,0,91.3568,4.33905,86.8785,0.84672,12.849,0.84672,3695.15,0,0,0,2.6754,1.77125,11.5677,1.17031,14.844,0.42336,0,0.42336,460.49,0,1.02816,0,0,3.70356,2.6754,1.028160,1,0,103.369,0,0,0,103.369,0
62.7698,2.36324,0,0,6.75239,0.255391,0.36288,3.6288,61.308,0.641205,0,0,2.0285,0.174146,1.21315,0.66528,12.849,1,0.514676,0.36288,0,106.938,2.94472,103.841,0.84672,12.849,0.84672,3695.15,0,0,0,1.79828,1.77178,12.022,0.925098,14.6669,0.42336,0,0.42336,460.49,0,1.02816,0,0,2.82644,1.79828,1.028160,1,0,119.721,0,0,0,119.721,0
64.2864,2.38959,0,0,4.52342,0.254354,0.36288,3.6288,61.308,0.641684,0,0,1.19762,0.167428,0.388513,0.66528,12.849,1,0.48915,0.36288,0,87.6286,2.60137,84.901,0.84672,12.849,0.84672,3695.15,0,0,0,1.7857,1.82907,9.72346,0.853795,12.4844,0.42336,0,0.42336,460.49,0,1.02816,0,0,2.81386,1.7857,1.028160,1,0,97.7739,0,0,0,97.7739,0
67.7692,2.3999,0,0,6.50801,0.262411,0.36288,3.6288,61.308,0.642163,0,0,1.71475,0.164951,0.907641,0.66528,12.849,1,0.479671,0.36288,0,112.87,2.63819,110.115,0.84672,12.849,0.84672,3695.15,0,0,0,2.09383,1.8296,11.8733,0.845664,14.951,0.42336,0,0.42336,460.49,0,1.02816,0,0,3.12199,2.09383,1.028160,1,0,125.973,0,0,0,125.973,0
72.29,2.42131,0,0,8.154,0.300038,0.911854,3.6288,61.308,0.642642,0,0,2.40926,0.150091,1.61653,0.66528,12.849,1,0.45908,0.911854,0,178.165,2.85904,175.759,0.84672,12.849,0.84672,3695.15,0,0,0,4.3112,1.83012,12.2672,0.796874,17.6117,0.42336,0,0.42336,460.49,0,1.02816,0,0,5.33936,4.3112,1.028160,1,0,194.987,0,0,0,194.987,0
72.29,2.68501,0,0,5.995,0.319859,2.99014,3.6288,61.308,0.66528,0,0,1.58721,0.149069,0.772863,0.66528,12.849,1,0.47724,2.99014,0,153.253,2.8276,152.938,0.84672,12.849,0.84672,3695.15,0,0,0,1.71346,1.83065,11.582,0.775852,14.3503,0.42336,0,0.42336,460.49,0,1.02816,0,0,2.74162,1.71346,1.028160,1,0,168.061,0,0,0,168.061,0
72.29,2.68578,0,0,4.41752,0.342769,1.38897,3.6288,61.308,0.66528,0,0,0.85549,0.146513,0.0436966,0.66528,12.849,1,0.477377,1.38897,0,113.518,2.749,111.68,0.84672,12.849,0.84672,3695.15,0,0,0,0.716308,2.03566,6.76305,0.723297,8.79172,0.42336,0,0.42336,460.49,0,1.02816,0,0,1.74447,0.716308,1.028160,1,0,120.516,0,0,0,120.516,0
72.2825,2.68655,0,0,3.38469,0.342769,0.36288,3.6288,60.9949,0.911494,0,0,0.744924,0.146513,0,0.66528,12.849,1,0.477513,0.36288,0,97.594,2.749,94.7303,0.84672,12.849,0.84672,3695.15,0,0,0,0.608429,2.03624,6.25527,0.723297,8.17665,0.42336,0,0.42336,460.49,0,0.781946,0,0,1.39037,0.608429,1.028160,1,0,102.907,0,0,0,102.907,0
72.29,2.68727,0,0,6.76982,0.327167,3.74788,3.6288,61.308,0.66528,0,0,1.4987,0.179354,0.340986,0.66528,12.849,1,0.477692,3.74788,0,133.906,3.53524,133.641,0.84672,12.849,0.84672,3695.15,0,0,0,2.09383,2.03683,8.98223,0.969272,12.1436,0.42336,0,0.42336,460.49,0,1.02816,0,0,3.12199,2.09383,1.028160,1,0,146.126,0,0,0,146.126,0
72.29,2.34735,0,0,7.96631,0.328505,5.29045,3.6288,61.308,0.577753,0,0,2.20962,0.186847,1.44502,0.66528,12.849,1,0.417225,5.29045,0,152.5,3.76678,153.607,0.84672,12.849,0.84672,3695.15,0,0,0,4.15927,2.03741,11.2409,0.99541,16.4422,0.42336,0,0.42336,460.49,0,1.02816,0,0,5.18743,4.15927,1.028160,1,0,171.494,0,0,0,171.494,0
72.29,2.34803,0,0,7.28469,0.338297,4.59836,3.6288,61.308,0.578213,0,0,2.4874,0.190861,1.71833,0.66528,12.849,1,0.417344,4.59836,0,125.28,4.01804,125.443,0.84672,12.849,0.84672,3695.15,0,0,0,3.05662,1.75881,10.3098,0.958264,14.1669,0.42336,0,0.42336,460.49,0,1.02816,0,0,4.08478,3.05662,1.028160,1,0,141.328,0,0,0,141.328,0
72.29,2.3487,0,0,5.92399,0.338297,3.23699,3.6288,61.308,0.578673,0,0,1.66296,0.190861,0.893424,0.66528,12.849,1,0.417464,3.23699,0,111.945,4.01804,110.747,0.84672,12.849,0.84672,3695.15,0,0,0,1.57549,1.75931,7.2176,0.958264,9.59413,0.42336,0,0.42336,460.49,0,1.02816,0,0,2.60365,1.57549,1.028160,1,0,121.234,0,0,0,121.234,0
72.29,2.34937,0,0,4.15638,0.338297,1.46872,3.6288,61.308,0.579133,0,0,1.26002,0.190861,0.490029,0.66528,12.849,1,0.417583,1.46872,0,109.001,4.01804,106.034,0.84672,12.849,0.84672,3695.15,0,0,0,1.225,1.75982,6.51824,0.958264,8.54479,0.42336,0,0.42336,460.49,0,1.02816,0,0,2.25316,1.225,1.028160,1,0,115.069,0,0,0,115.069,0
72.29,2.35005,0,0,4.24237,0.281656,1.61067,3.6288,61.308,0.579594,0,0,0.957735,0.160779,0.217363,0.66528,12.849,1,0.417703,1.61067,0,94.8413,3.58206,92.4522,0.84672,12.849,0.84672,3695.15,0,0,0,0.827772,1.76032,5.9387,0.895637,7.63116,0.42336,0,0.42336,460.49,0,1.02816,0,0,1.85593,0.827772,1.028160,1,0,100.301,0,0,0,100.301,0
72.29,2.43661,0,0,4.00243,0.301028,1.26479,3.6288,61.308,0.644735,0,0,1.07105,0.174492,0.251822,0.66528,12.849,1,0.433089,1.26479,0,89.7376,3.90951,86.6598,0.84672,12.849,0.84672,3695.15,0,0,0,1.23419,1.76083,5.57635,0.95545,7.61592,0.42336,0,0.42336,460.49,0,1.02816,0,0,2.26235,1.23419,1.028160,1,0,94.5276,0,0,0,94.5276,0
72.29,2.43731,0,0,5.07261,0.308033,2.32727,3.6288,61.308,0.645214,0,0,1.37476,0.178783,0.550765,0.66528,12.849,1,0.433213,2.32727,0,115.476,3.99315,113.377,0.84672,12.849,0.84672,3695.15,0,0,0,2.40666,1.83026,7.53399,0.969594,10.8013,0.42336,0,0.42336,460.49,0,1.02816,0,0,3.43482,2.40666,1.028160,1,0,124.729,0,0,0,124.729,0
72.29,2.438,0,0,3.69211,0.308033,0.946068,3.6288,61.308,0.645694,0,0,1.09072,0.178783,0.266246,0.66528,12.849,1,0.433337,0.946068,0,81.6722,3.99315,78.1918,0.84672,12.849,0.84672,3695.15,0,0,0,1.26331,1.83078,5.81615,0.969594,7.94066,0.42336,0,0.42336,460.49,0,1.02816,0,0,2.29147,1.26331,1.028160,1,0,86.3987,0,0,0,86.3987,0
72.29,2.4387,0,0,3.13044,0.291486,0.400247,3.6288,61.308,0.646173,0,0,0.873495,0.183579,0.0437438,0.66528,12.849,1,0.433461,0.400247,0,68.3847,3.99817,64.3533,0.84672,12.849,0.84672,3695.15,0,0,0,0.940352,1.83131,4.56096,0.976127,6.35649,0.42336,0,0.42336,460.49,0,1.02816,0,0,1.96851,0.940352,1.028160,1,0,70.7536,0,0,0,70.7536,0
72.2058,2.40578,0,0,2.95135,0.266904,0.36288,3.6288,61.2256,0.621502,0,0,0.732819,0.193731,0,0.66528,12.849,1,0.427609,0.36288,0,60.0239,4.0135,55.9457,0.84672,12.849,0.84672,3695.15,0,0,0,0.704557,1.83183,4.20831,0.9825,5.7622,0.42336,0,0.42336,460.49,0,1.02816,0,0,1.73272,0.704557,1.028160,1,0,61.7079,0,0,0,61.7079,0
71.426,2.40605,0,0,2.25234,0.263242,0.36288,3.6288,60.8355,0.78451,0,0,0.584118,0.189685,0,0.66528,12.849,1,0.428155,0.36288,0,42.0383,3.84121,38.1318,0.84672,12.849,0.84672,3695.15,0,0,0,0.528595,1.80551,3.44892,0.978914,4.8041,0.42336,0,0.42336,460.49,0,0.865624,0,0,1.39422,0.528595,1.028160,1,0,42.9359,0,0,0,42.9359,0
70.4338,2.40277,0,0,2.03513,0.261684,0.36288,3.6288,60.5638,0.658432,0,0,0.575952,0.189217,0,0.66528,12.849,1,0.432241,0.36288,0,37.781,3.84121,33.8704,0.84672,12.849,0.84672,3695.15,0,0,0,0.402797,1.80602,4.26624,0.978914,5.49615,0.42336,0,0.42336,460.49,0,0.992174,0,0,1.39497,0.402797,1.028160,1,0,39.3666,0,0,0,39.3666,0
70.3838,2.39831,0,0,2.97089,0.259701,0.36288,3.6288,60.426,0.622919,0,0,0.673964,0.188891,0,0.66528,12.849,1,0.437515,0.36288,0,44.5318,3.84121,40.6159,0.84672,12.849,0.84672,3695.15,0,0,0,0.531222,1.80654,3.84182,0.978914,5.20067,0.42336,0,0.42336,460.49,0,1.02816,0,0,1.55938,0.531222,1.028160,1,0,45.8166,0,0,0,45.8166,0
69.5954,2.51252,0,0,2.29997,0.212969,0.36288,3.6288,60.1126,0.722537,0,0,0.612624,0.2035,0,0.66528,12.849,1,0.458676,0.36288,0,45.1361,4.19361,40.8466,0.84672,12.849,0.84672,3695.15,0,0,0,0.402797,1.80706,3.48888,0.97955,4.71919,0.42336,0,0.42336,460.49,0,0.970903,0,0,1.3737,0.402797,1.028160,1,0,45.5658,0,0,0,45.5658,0
69.0339,2.50885,0,0,2.45263,0.142337,0.36288,3.6288,59.6733,0.791484,0,0,0.594225,0.241962,0,0.66528,12.849,1,0.463195,0.36288,0,47.1851,4.79094,42.2939,0.84672,12.849,0.84672,3695.15,0,0,0,0.402797,1.90178,3.92469,1.2642,4.96507,0.42336,0,0.42336,460.49,0,0.901956,0,0,1.30475,0.402797,1.028160,1,0,47.2589,0,0,0,47.2589,0
68.438,2.50639,0,0,2.41503,0.141718,0.36288,3.6288,59.3619,0.66528,0,0,0.595128,0.241285,0,0.66528,12.849,1,0.466504,0.36288,0,44.3694,4.79094,39.4749,0.84672,12.849,0.84672,3695.15,0,0,0,0.30278,1.90232,3.75568,1.2642,4.69658,0.42336,0,0.42336,460.49,0,1.02816,0,0,1.33094,0.30278,1.028160,1,0,44.1714,0,0,0,44.1714,0
67.58,2.50369,0,0,2.15919,0.150608,0.36288,3.6288,59.0308,0.66528,0,0,0.572401,0.238204,0,0.66528,12.849,1,0.470059,0.36288,0,42.0633,4.62171,37.3344,0.84672,12.849,0.84672,3695.15,0,0,0,0.362094,1.90287,3.47064,1.27073,4.46487,0.42336,0,0.42336,460.49,0,1.02816,0,0,1.39025,0.362094,1.028160,1,0,41.7993,0,0,0,41.7993,0
66.6316,2.49939,0,0,2.06577,0.15188,0.36288,3.6288,58.6867,0.66528,0,0,0.560599,0.239392,0,0.66528,12.849,1,0.475209,0.36288,0,39.0555,4.26275,34.6804,0.84672,12.849,0.84672,3695.15,0,0,0,0.349834,1.90341,3.28174,1.30609,4.22889,0.42336,0,0.42336,460.49,0,1.02816,0,0,1.37799,0.349834,1.028160,1,0,38.9093,0,0,0,38.9093,0
65.5705,2.47209,0,0,1.8942,0.120283,0.36288,3.6288,58.1451,0.825034,0,0,0.557713,0.274295,0,0.66528,12.849,1,0.476709,0.36288,0,27.2532,5.05851,22.0809,0.84672,12.849,0.84672,3695.15,0,0,0,0.30119,1.90395,2.5475,1.31276,3.43988,0.42336,0,0.42336,460.49,0,0.868406,0,0,1.1696,0.30119,1.028160,1,0,25.5208,0,0,0,25.5208,0
64.3782,2.46635,0,0,1.7599,0.123022,0.36288,3.6288,57.5047,0.890032,0,0,0.525487,0.275835,0,0.66528,12.849,1,0.483297,0.36288,0,25.3907,5.16442,20.1059,0.84672,12.849,0.84672,3695.15,0,0,0,0.261274,1.93748,2.53727,1.30593,3.43009,0.42336,0,0.42336,460.49,0,0.803408,0,0,1.06468,0.261274,1.028160,1,0,23.536,0,0,0,23.536,0
63.0364,2.45959,0,0,1.6025,0.121849,0.36288,3.6288,56.8617,0.888529,0,0,0.520176,0.274695,0,0.66528,12.849,1,0.4909,0.36288,0,25.1945,5.16442,19.9021,0.84672,12.849,0.84672,3695.15,0,0,0,0.261274,1.93803,2.44199,1.30593,3.33536,0.42336,0,0.42336,460.49,0,0.804911,0,0,1.06618,0.261274,1.028160,1,0,23.2374,0,0,0,23.2374,0
61.5513,2.45161,0,0,1.4499,0.12053,0.36288,3.6288,56.0501,1.02079,0,0,0.482744,0.273551,0,0.66528,12.849,1,0.499723,0.36288,0,22.625,5.16442,17.3237,0.84672,12.849,0.84672,3695.15,0,0,0,0.261274,1.93858,2.34208,1.30593,3.236,0.42336,0,0.42336,460.49,0,0.67265,0,0,0.933924,0.261274,1.028160,1,0,20.5597,0,0,0,20.5597,0
59.9117,2.49933,0,0,1.31884,0.09619,0.36288,3.6288,55.0208,1.11334,0,0,0.407676,0.323637,0,0.66528,12.849,1,0.521742,0.36288,0,19.5694,6.02586,13.3847,0.84672,12.849,0.84672,3695.15,0,0,0,0.261274,1.93914,2.03323,1.55568,2.67796,0.42336,0,0.42336,460.49,0,0.580098,0,0,0.841372,0.261274,1.028160,1,0,16.0627,0,0,0,16.0627,0
58.4103,2.48828,0,0,1.44467,0.0949422,0.36288,3.6288,54.062,1.08424,0,0,0.441394,0.315972,0,0.66528,12.849,1,0.533651,0.36288,0,22.7748,6.18639,16.4176,0.84672,12.849,0.84672,3695.15,0,0,0,0.261274,1.98648,2.03032,1.52802,2.75006,0.42336,0,0.42336,460.49,0,0.609198,0,0,0.870471,0.261274,1.028160,1,0,19.1677,0,0,0,19.1677,0
56.806,2.47775,0,0,1.32989,0.0935778,0.36288,3.6288,53.1246,0.9976,0,0,0.374196,0.313978,0,0.66528,12.849,1,0.545051,0.36288,0,18.707,6.18639,12.3384,0.84672,12.849,0.84672,3695.15,0,0,0,0.227405,1.98705,1.96312,1.52802,2.64955,0.42336,0,0.42336,460.49,0,0.69584,0,0,0.923244,0.227405,1.028160,1,0,14.988,0,0,0,14.988,0
55.1028,2.4659,0,0,1.21772,0.0921199,0.36288,3.6288,52.0278,1.13163,0,0,0.346588,0.311738,0,0.66528,12.849,1,0.557764,0.36288,0,17.7809,6.18639,11.3997,0.84672,12.849,0.84672,3695.15,0,0,0,0.227405,1.98762,1.72555,1.52802,2.41256,0.42336,0,0.42336,460.49,0,0.561807,0,0,0.789212,0.227405,1.028160,1,0,13.8122,0,0,0,13.8122,0
53.328,2.61642,0,0,1.28661,0.0821028,0.36288,3.6288,51.138,0.973789,0,0,0.397875,0.31387,0,0.66528,12.849,1,0.610103,0.36288,0,17.4388,6.33594,10.8556,0.84672,12.849,0.84672,3695.15,0,0,0,0.227405,1.98819,2.28269,1.5579,2.94038,0.42336,0,0.42336,460.49,0,0.719651,0,0,0.947056,0.227405,1.028160,1,0,13.796,0,0,0,13.796,0
51.5567,2.6008,0,0,1.28382,0.0914403,0.36288,3.6288,49.9587,1.18154,0,0,0.346831,0.344657,0,0.66528,12.849,1,0.626644,0.36288,0,16.6539,6.78708,9.6031,0.84672,12.849,0.84672,3695.15,0,0,0,0.227405,2.14903,2.09549,1.59753,2.8744,0.42336,0,0.42336,460.49,0,0.511903,0,0,0.739308,0.227405,1.028160,1,0,12.4775,0,0,0,12.4775,0
49.9583,2.5843,0,0,1.43453,0.0857023,0.36288,3.6288,49.0716,0.96946,0,0,0.426196,0.343748,0,0.66528,12.849,1,0.644062,0.36288,0,21.1918,6.86186,14.0487,0.84672,12.849,0.84672,3695.15,0,0,0,0.204422,2.14965,2.22426,1.61247,2.96586,0.42336,0,0.42336,460.49,0,0.72398,0,0,0.928403,0.204422,1.028160,1,0,17.0146,0,0,0,17.0146,0
48.0759,2.56865,0,0,1.13333,0.0842772,0.36288,3.6288,47.8088,1.23273,0,0,0.311111,0.341248,0,0.66528,12.849,1,0.660642,0.36288,0,21.8692,6.86186,14.7096,0.84672,12.849,0.84672,3695.15,0,0,0,0.204422,2.15026,1.76243,1.61247,2.50465,0.42336,0,0.42336,460.49,0,0.460707,0,0,0.66513,0.204422,1.028160,1,0,17.2143,0,0,0,17.2143,0
46.4851,2.54896,0,0,1.40365,0.0825863,0.36288,3.6288,47.2771,0.711554,0,0,0.517584,0.337689,0,0.66528,12.849,1,0.681249,0.36288,0,19.3812,6.86186,12.2009,0.84672,12.849,0.84672,3695.15,0,0,0,0.204422,2.15088,2.64841,1.61247,3.39124,0.42336,0,0.42336,460.49,0,0.981886,0,0,1.18631,0.204422,1.028160,1,0,15.5922,0,0,0,15.5922,0
45.0962,2.45418,0,0,1.44541,0.0172619,0.36288,3.6288,46.4031,0.864,0,0,0.343947,0.353994,0,0.66528,12.849,1,0.678364,0.36288,0,19.758,7.03128,12.4113,0.84672,12.849,0.84672,3695.15,0,0,0,0.204422,2.15149,1.76812,1.7718,2.35223,0.42336,0,0.42336,460.49,0,0.82944,0,0,1.03386,0.204422,1.028160,1,0,14.7635,0,0,0,14.7635,0
43.6969,2.43862,0,0,1.49888,0.0966875,0.36288,3.6288,45.8093,0.706337,0,0,0.391297,0.278687,0,0.66528,12.849,1,0.694822,0.36288,0,18.4481,4.90539,13.2108,0.84672,12.849,0.84672,3695.15,0,0,0,0.216518,2.05922,1.53913,1.28732,2.52754,0.42336,0,0.42336,460.49,0,0.987103,0,0,1.20362,0.216518,1.028160,1,0,15.7383,0,0,0,15.7383,0
42.543,2.42212,0,0,1.73807,0.10695,0.36288,3.6288,45.3702,0.66528,0,0,0.50778,0.281644,0,0.66528,12.849,1,0.71222,0.36288,0,19.3766,4.98676,14.0405,0.84672,12.849,0.84672,3695.15,0,0,0,0.435793,2.05981,2.12256,1.33392,3.28424,0.42336,0,0.42336,460.49,0,1.02816,0,0,1.46395,0.435793,1.028160,1,0,17.3247,0,0,0,17.3247,0
41.352,2.40797,0,0,1.6854,0.105537,0.36288,3.6288,44.9299,0.66528,0,0,0.505459,0.280495,0,0.66528,12.849,1,0.727264,0.36288,0,26.7422,4.98676,21.391,0.84672,12.849,0.84672,3695.15,0,0,0,0.427162,2.06039,2.12818,1.33392,3.28181,0.42336,0,0.42336,460.49,0,1.02816,0,0,1.45532,0.427162,1.028160,1,0,24.6728,0,0,0,24.6728,0
40.5345,2.33086,0,0,1.99876,0.122483,0.36288,3.6288,44.6656,0.66528,0,0,0.656824,0.255807,0,0.66528,12.849,1,0.724251,0.36288,0,49.9749,4.80874,44.8048,0.84672,12.849,0.84672,3695.15,0,0,0,0.668978,2.06098,3.55381,1.26449,5.01929,0.42336,0,0.42336,460.49,0,1.02816,0,0,1.69714,0.668978,1.028160,1,0,49.8241,0,0,0,49.8241,0
40.0689,2.32043,0,0,2.3845,0.166874,0.36288,3.6288,44.4763,0.66528,0,0,0.672449,0.196476,0,0.66528,12.849,1,0.735552,0.36288,0,30.2562,4.3637,25.5199,0.84672,12.849,0.84672,3695.15,0,0,0,0.707927,1.97858,4.09947,1.09091,5.69507,0.42336,0,0.42336,460.49,0,1.02816,0,0,1.73609,0.707927,1.028160,1,0,31.2149,0,0,0,31.2149,0
40.0345,2.31462,0,0,2.80905,0.165951,0.36288,3.6288,44.0404,0.754237,0,0,0.514432,0.196127,0,0.66528,12.849,1,0.742237,0.36288,0,35.0351,4.3637,30.2921,0.84672,12.849,0.84672,3695.15,0,0,0,0.292723,1.97914,4.26071,1.09091,5.44167,0.42336,0,0.42336,460.49,0,0.939203,0,0,1.23193,0.292723,1.028160,1,0,35.7337,0,0,0,35.7337,0
45.5121,2.3148,0,0,8.32118,0.165882,0.36288,3.6288,44.8725,0.66528,0,0,1.69277,0.195324,0,0.66528,12.849,1,0.742931,0.36288,0,65.8575,4.3637,61.1138,0.84672,12.849,0.84672,3695.15,0,0,0,3.32783,1.97971,7.50451,1.09091,11.7211,0.42336,0,0.42336,460.49,0,1.02816,0,0,4.35599,3.32783,1.028160,1,0,72.8349,0,0,0,72.8349,0
49.3025,2.20558,0,0,6.54107,0.182186,0.36288,3.6288,45.3715,0.610799,0,0,1.30861,0.198902,0,0.66528,12.849,1,0.62268,0.36288,0,74.3928,4.30229,69.8307,0.84672,12.849,0.84672,3695.15,0,0,0,2.91414,1.98027,7.17121,1.0697,10.9959,0.42336,0,0.42336,460.49,0,1.02816,0,0,3.9423,2.91414,1.028160,1,0,80.8267,0,0,0,80.8267,0
56.3858,2.24419,0,0,9.9233,0.232955,0.36288,3.6288,47.8657,0.611266,0,0,3.27296,0.167479,0,0.66528,12.849,1,0.584871,0.36288,0,159.257,4.19121,154.844,0.84672,12.849,0.84672,3695.15,0,0,0,3.27857,1.79627,11.592,1.00946,15.6574,0.42336,0,0.42336,460.49,0,1.02816,0,0,4.30673,3.27857,1.028160,1,0,170.501,0,0,0,170.501,0
63.3,2.30469,0,0,9.83578,0.253968,0.36288,3.6288,50.223,0.611734,0,0,3.13806,0.168971,0,0.66528,12.849,1,0.525184,0.36288,0,126.315,4.23686,121.916,0.84672,12.849,0.84672,3695.15,0,0,0,3.21611,1.79679,9.89928,1.0088,13.9034,0.42336,0,0.42336,460.49,0,1.02816,0,0,4.24427,3.21611,1.028160,1,0,135.819,0,0,0,135.819,0
70.2669,2.35304,0,0,9.95319,0.270424,0.36288,3.6288,53.0906,0.612202,0,0,3.65211,0.172294,0,0.66528,12.849,1,0.477634,0.36288,0,151.635,4.23686,147.283,0.84672,12.849,0.84672,3695.15,0,0,0,3.63919,1.7973,10.2106,1.0088,14.6383,0.42336,0,0.42336,460.49,0,1.02816,0,0,4.66735,3.63919,1.028160,1,0,161.921,0,0,0,161.921,0
72.29,2.39376,0,0,8.47489,0.286417,3.77158,3.6288,56.0562,0.61267,0,0,3.76218,0.183946,0,0.66528,12.849,1,0.437723,3.77158,0,152.069,4.35729,151.046,0.84672,12.849,0.84672,3695.15,0,0,0,3.92941,1.79781,11.3187,1.0563,15.9897,0.42336,0,0.42336,460.49,0,1.02816,0,0,4.95757,3.92941,1.028160,1,0,167.035,0,0,0,167.035,0
72.29,2.48017,0,0,4.93609,0.278583,2.17734,3.6288,57.2906,0.66528,0,0,2.1221,0.222387,0,0.66528,12.849,1,0.440831,2.17734,0,78.4667,4.07586,76.1273,0.84672,12.849,0.84672,3695.15,0,0,0,2.09117,1.79833,7.7367,0.973503,10.6527,0.42336,0,0.42336,460.49,0,1.02816,0,0,3.11933,2.09117,1.028160,1,0,86.78,0,0,0,86.78,0
72.29,2.48085,0,0,4.42346,0.266381,1.67623,3.6288,58.9948,0.66528,0,0,2.58454,0.21512,0,0.66528,12.849,1,0.440952,1.67623,0,67.2424,3.32283,65.1548,0.84672,12.849,0.84672,3695.15,0,0,0,2.97365,1.85645,9.84433,0.697648,13.9768,0.42336,0,0.42336,460.49,0,1.02816,0,0,4.00181,2.97365,1.028160,1,0,79.1316,0,0,0,79.1316,0
72.29,2.48152,0,0,5.775,0.266381,3.0271,3.6288,61.308,0.66528,0,0,3.2954,0.217498,0.0994032,0.66528,12.849,1,0.441072,3.0271,0,114.382,3.32283,113.646,0.84672,12.849,0.84672,3695.15,0,0,0,4.29444,1.85696,11.9562,0.697648,17.41,0.42336,0,0.42336,460.49,0,1.02816,0,0,5.3226,4.29444,1.028160,1,0,131.155,0,0,0,131.155,0
72.29,2.4822,0,0,3.98271,0.266381,1.23413,3.6288,61.308,0.66528,0,0,2.02897,0.220726,1.14296,0.66528,12.849,1,0.441193,1.23413,0,89.5009,3.32283,86.971,0.84672,12.849,0.84672,3695.15,0,0,0,2.24093,1.85747,8.511,0.697648,11.9118,0.42336,0,0.42336,460.49,0,1.02816,0,0,3.26909,2.24093,1.028160,1,0,100.026,0,0,0,100.026,0
72.29,2.72506,0,0,4.27532,0.295567,1.2547,3.6288,61.308,0.66528,0,0,2.28426,0.277002,1.34198,0.66528,12.849,1,0.484358,1.2547,0,96.0967,4.2384,92.6286,0.84672,12.849,0.84672,3695.15,0,0,0,2.49897,1.85798,9.68449,1.11917,12.9223,0.42336,0,0.42336,460.49,0,1.02816,0,0,3.52713,2.49897,1.028160,1,0,106.893,0,0,0,106.893,0
72.29,2.7258,0,0,3.77527,0.263349,0.786114,3.6288,61.308,0.66528,0,0,2.52399,0.268822,1.58988,0.66528,12.849,1,0.484491,0.786114,0,70.5129,4.00879,66.8057,0.84672,12.849,0.84672,3695.15,0,0,0,2.13875,2.06602,7.13517,1.07868,10.2613,0.42336,0,0.42336,460.49,0,1.02816,0,0,3.16691,2.13875,1.028160,1,0,78.6568,0,0,0,78.6568,0
72.29,2.72655,0,0,4.34877,0.263349,1.35887,3.6288,61.308,0.66528,0,0,2.7727,0.268822,1.83859,0.66528,12.849,1,0.484623,1.35887,0,73.0956,4.00879,69.9611,0.84672,12.849,0.84672,3695.15,0,0,0,2.59515,2.06659,10.104,1.07868,13.687,0.42336,0,0.42336,460.49,0,1.02816,0,0,3.62331,2.59515,1.028160,1,0,85.4867,0,0,0,85.4867,0
72.29,2.72729,0,0,5.0505,0.281721,2.04149,3.6288,61.308,0.66528,0,0,3.0701,0.229345,2.17548,0.66528,12.849,1,0.484756,2.04149,0,93.2342,3.33267,91.4583,0.84672,12.849,0.84672,3695.15,0,0,0,2.64585,2.06715,12.1889,0.940095,15.9618,0.42336,0,0.42336,460.49,0,1.02816,0,0,3.67401,2.64585,1.028160,1,0,109.596,0,0,0,109.596,0
72.29,2.38224,0,0,5.0063,0.289115,2.33494,3.6288,61.308,0.601621,0,0,3.3768,0.212755,2.56242,0.66528,12.849,1,0.423426,2.33494,0,101.708,3.15137,100.469,0.84672,12.849,0.84672,3695.15,0,0,0,3.75855,2.06772,13.0469,0.915638,17.9575,0.42336,0,0.42336,460.49,0,1.02816,0,0,4.78671,3.75855,1.028160,1,0,120.988,0,0,0,120.988,0
72.29,2.38289,0,0,5.87697,0.289386,3.20469,3.6288,61.308,0.602066,0,0,1.88701,0.207962,1.07698,0.66528,12.849,1,0.423541,3.20469,0,114.802,3.68623,113.897,0.84672,12.849,0.84672,3695.15,0,0,0,1.85475,1.78495,8.62151,1.10151,11.1597,0.42336,0,0.42336,460.49,0,1.02816,0,0,2.88291,1.85475,1.028160,1,0,126.134,0,0,0,126.134,0
72.29,2.38354,0,0,6.84482,0.289386,4.17189,3.6288,61.308,0.602512,0,0,2.40944,0.207962,1.59896,0.66528,12.849,1,0.423657,4.17189,0,106.608,3.68623,106.67,0.84672,12.849,0.84672,3695.15,0,0,0,2.46923,1.78544,12.0352,1.10151,15.1883,0.42336,0,0.42336,460.49,0,1.02816,0,0,3.49739,2.46923,1.028160,1,0,123.457,0,0,0,123.457,0
72.29,2.3842,0,0,8.06622,0.300063,5.38196,3.6288,61.308,0.602957,0,0,2.80994,0.215009,1.99197,0.66528,12.849,1,0.423773,5.38196,0,164.729,4.06726,165.62,0.84672,12.849,0.84672,3695.15,0,0,0,3.2325,1.78593,15.4186,1.11647,19.3206,0.42336,0,0.42336,460.49,0,1.02816,0,0,4.26066,3.2325,1.028160,1,0,186.933,0,0,0,186.933,0
72.29,2.38485,0,0,7.70791,0.327989,4.99507,3.6288,61.308,0.603403,0,0,2.31961,0.221979,1.49422,0.66528,12.849,1,0.423889,4.99507,0,174.25,4.53967,174.281,0.84672,12.849,0.84672,3695.15,0,0,0,5.01294,1.78641,18.0897,1.13058,23.7585,0.42336,0,0.42336,460.49,0,1.02816,0,0,6.0411,5.01294,1.028160,1,0,199.534,0,0,0,199.534,0
72.29,2.47266,0,0,6.77688,0.303648,4.00057,3.6288,61.308,0.66528,0,0,2.77367,0.202173,1.90622,0.66528,12.849,1,0.439497,4.00057,0,107.812,4.4424,106.93,0.84672,12.849,0.84672,3695.15,0,0,0,3.28378,1.7869,13.2401,1.18251,17.1283,0.42336,0,0.42336,460.49,0,1.02816,0,0,4.31194,3.28378,1.028160,1,0,125.965,0,0,0,125.965,0
72.29,2.47334,0,0,8.30857,0.293911,5.54132,3.6288,61.308,0.66528,0,0,4.39118,0.194251,3.53165,0.66528,12.849,1,0.439617,5.54132,0,214.243,4.40349,214.941,0.84672,12.849,0.84672,3695.15,0,0,0,5.67254,1.85734,23.4123,1.20329,29.7389,0.42336,0,0.42336,460.49,0,1.02816,0,0,6.7007,5.67254,1.028160,1,0,248.211,0,0,0,248.211,0
72.29,2.47401,0,0,5.8166,0.293911,3.04867,3.6288,61.308,0.66528,0,0,1.78831,0.194251,0.928776,0.66528,12.849,1,0.439737,3.04867,0,143.681,4.40349,141.887,0.84672,12.849,0.84672,3695.15,0,0,0,2.50509,1.85785,10.0103,1.20329,13.17,0.42336,0,0.42336,460.49,0,1.02816,0,0,3.53325,2.50509,1.028160,1,0,155.986,0,0,0,155.986,0
72.29,2.47469,0,0,5.39939,0.277218,2.64749,3.6288,61.308,0.66528,0,0,1.55645,0.205209,0.685963,0.66528,12.849,1,0.439857,2.64749,0,137.596,4.61943,135.185,0.84672,12.849,0.84672,3695.15,0,0,0,2.07099,1.85836,8.86965,1.24312,11.5559,0.42336,0,0.42336,460.49,0,1.02816,0,0,3.09915,2.07099,1.028160,1,0,147.426,0,0,0,147.426,0
72.29,2.44125,0,0,4.74867,0.22538,2.08205,3.6288,61.308,0.645822,0,0,1.59841,0.228044,0.724543,0.66528,12.849,1,0.433913,2.08205,0,126.065,4.88609,122.827,0.84672,12.849,0.84672,3695.15,0,0,0,1.90551,1.85886,8.20299,1.27466,10.6927,0.42336,0,0.42336,460.49,0,1.02816,0,0,2.93367,1.90551,1.028160,1,0,134.244,0,0,0,134.244,0
72.29,2.44191,0,0,4.20157,0.211908,1.54775,3.6288,61.308,0.646279,0,0,1.72162,0.221963,0.853373,0.66528,12.849,1,0.434032,1.54775,0,99.4257,4.52183,96.0176,0.84672,12.849,0.84672,3695.15,0,0,0,2.3051,1.83212,7.92409,1.18394,10.8774,0.42336,0,0.42336,460.49,0,1.02816,0,0,3.33326,2.3051,1.028160,1,0,107.748,0,0,0,107.748,0
72.29,2.44258,0,0,3.93393,0.211908,1.27944,3.6288,61.308,0.646736,0,0,1.72701,0.221963,0.858307,0.66528,12.849,1,0.43415,1.27944,0,91.4924,4.52183,87.8159,0.84672,12.849,0.84672,3695.15,0,0,0,2.20862,1.83262,7.50298,1.18394,10.3603,0.42336,0,0.42336,460.49,0,1.02816,0,0,3.23678,2.20862,1.028160,1,0,99.0345,0,0,0,99.0345,0
72.29,2.44325,0,0,3.76559,0.211908,1.11043,3.6288,61.308,0.647194,0,0,2.14388,0.221963,1.27472,0.66528,12.849,1,0.434269,1.11043,0,87.2001,4.52183,83.3544,0.84672,12.849,0.84672,3695.15,0,0,0,2.90075,1.83312,8.99623,1.18394,12.5462,0.42336,0,0.42336,460.49,0,1.02816,0,0,3.92891,2.90075,1.028160,1,0,97.1753,0,0,0,97.1753,0
72.29,2.55985,0,0,3.46617,0.212812,0.693511,3.6288,61.308,0.66528,0,0,1.7594,0.163382,0.930736,0.66528,12.849,1,0.454993,0.693511,0,76.4865,4.00895,72.716,0.84672,12.849,0.84672,3695.15,0,0,0,2.21823,1.83362,7.66143,0.967999,10.7453,0.42336,0,0.42336,460.49,0,1.02816,0,0,3.24639,2.21823,1.028160,1,0,84.3921,0,0,0,84.3921,0
71.9235,2.56055,0,0,2.70353,0.146565,0.36288,3.6288,61.308,0.66528,0,0,1.39587,0.229418,0.501171,0.66528,12.849,1,0.455118,0.36288,0,53.9713,4.43394,49.4451,0.84672,12.849,0.84672,3695.15,0,0,0,1.39209,1.92971,5.37118,1.18571,7.50728,0.42336,0,0.42336,460.49,0,1.02816,0,0,2.42025,1.39209,1.028160,1,0,57.4536,0,0,0,57.4536,0
71.3317,2.55928,0,0,2.4765,0.146157,0.36288,3.6288,61.308,0.66528,0,0,1.27684,0.229418,0.382138,0.66528,12.849,1,0.45721,0.36288,0,48.4279,4.43394,43.8996,0.84672,12.849,0.84672,3695.15,0,0,0,1.15381,1.93024,5.13042,1.18571,7.02877,0.42336,0,0.42336,460.49,0,1.02816,0,0,2.18197,1.15381,1.028160,1,0,51.3105,0,0,0,51.3105,0
70.61,2.55676,0,0,2.30056,0.102624,0.36288,3.6288,61.308,0.66528,0,0,1.22235,0.257748,0.299324,0.66528,12.849,1,0.46055,0.36288,0,42.8479,4.75524,37.995,0.84672,12.849,0.84672,3695.15,0,0,0,1.07838,1.93077,4.89869,1.2678,6.64004,0.42336,0,0.42336,460.49,0,1.02816,0,0,2.10654,1.07838,1.028160,1,0,44.9344,0,0,0,44.9344,0
69.7645,2.55347,0,0,2.16575,0.0949519,0.36288,3.6288,61.308,0.66528,0,0,1.16745,0.26247,0.239704,0.66528,12.849,1,0.464659,0.36288,0,42.2196,4.80879,37.3091,0.84672,12.849,0.84672,3695.15,0,0,0,0.932135,1.93129,4.96192,1.28148,6.54386,0.42336,0,0.42336,460.49,0,1.02816,0,0,1.9603,0.932135,1.028160,1,0,44.0926,0,0,0,44.0926,0
69.3456,2.52658,0,0,2.5603,0.0897298,0.36288,3.6288,61.308,0.66528,0,0,1.32094,0.291825,0.363839,0.66528,12.849,1,0.465337,0.36288,0,50.2374,5.31152,44.8234,0.84672,12.849,0.84672,3695.15,0,0,0,1.58739,1.93182,6.38311,1.37504,8.52728,0.42336,0,0.42336,460.49,0,1.02816,0,0,2.61555,1.58739,1.028160,1,0,53.7145,0,0,0,53.7145,0
68.798,2.5249,0,0,2.42783,0.087603,0.36288,3.6288,61.308,0.66528,0,0,1.29279,0.303567,0.323939,0.66528,12.849,1,0.467837,0.36288,0,48.6118,5.5126,42.9942,0.84672,12.849,0.84672,3695.15,0,0,0,1.47208,1.96581,5.78769,1.41247,7.81311,0.42336,0,0.42336,460.49,0,1.02816,0,0,2.50024,1.47208,1.028160,1,0,51.1312,0,0,0,51.1312,0
68.0451,2.52245,0,0,2.21962,0.0872308,0.36288,3.6288,61.308,0.66528,0,0,1.24146,0.303567,0.272609,0.66528,12.849,1,0.471103,0.36288,0,44.002,5.5126,38.3811,0.84672,12.849,0.84672,3695.15,0,0,0,1.35365,1.96634,5.76206,1.41247,7.66958,0.42336,0,0.42336,460.49,0,1.02816,0,0,2.38181,1.35365,1.028160,1,0,46.3233,0,0,0,46.3233,0
67.2249,2.51875,0,0,2.14814,0.0867189,0.36288,3.6288,61.308,0.66528,0,0,1.16609,0.303567,0.197242,0.66528,12.849,1,0.475617,0.36288,0,40.03,5.5126,34.4046,0.84672,12.849,0.84672,3695.15,0,0,0,1.05874,1.96688,5.59964,1.41247,7.21279,0.42336,0,0.42336,460.49,0,1.02816,0,0,2.0869,1.05874,1.028160,1,0,41.8147,0,0,0,41.8147,0
66.1744,2.57325,0,0,1.96843,0.0827673,0.36288,3.6288,61.308,0.66528,0,0,1.04626,0.309203,0.0717782,0.66528,12.849,1,0.491837,0.36288,0,36.1065,5.58694,30.3906,0.84672,12.849,0.84672,3695.15,0,0,0,0.955809,1.96742,5.06392,1.4189,6.56825,0.42336,0,0.42336,460.49,0,1.02816,0,0,1.98397,0.955809,1.028160,1,0,37.0306,0,0,0,37.0306,0
64.8308,2.56741,0,0,1.66036,0.0736669,0.36288,3.6288,61.1377,0.66528,0,0,0.81826,0.323293,0,0.66528,12.849,1,0.498511,0.36288,0,33.8789,5.77279,27.9705,0.84672,12.849,0.84672,3695.15,0,0,0,0.72646,2.01542,3.52792,1.43497,4.83484,0.42336,0,0.42336,460.49,0,1.02816,0,0,1.75462,0.72646,1.028160,1,0,32.8053,0,0,0,32.8053,0
63.3458,2.55949,0,0,1.51025,0.0728794,0.36288,3.6288,60.9181,0.66528,0,0,0.768606,0.322945,0,0.66528,12.849,1,0.507272,0.36288,0,31.1528,5.77279,25.2356,0.84672,12.849,0.84672,3695.15,0,0,0,0.451863,2.01597,3.2288,1.43497,4.26167,0.42336,0,0.42336,460.49,0,1.02816,0,0,1.48002,0.451863,1.028160,1,0,29.4973,0,0,0,29.4973,0
62.0787,2.55029,0,0,1.70869,0.062657,0.36288,3.6288,60.8709,0.66528,0,0,0.934451,0.31632,0,0.66528,12.849,1,0.517299,0.36288,0,32.0368,5.91429,25.9681,0.84672,12.849,0.84672,3695.15,0,0,0,0.973685,2.01652,4.73364,1.47184,6.25201,0.42336,0,0.42336,460.49,0,1.02816,0,0,2.00184,0.973685,1.028160,1,0,32.2201,0,0,0,32.2201,0
60.6002,2.71203,0,0,1.65108,0.0546972,0.36288,3.6288,60.775,0.66528,0,0,0.86114,0.291752,0,0.66528,12.849,1,0.561333,0.36288,0,32.4594,6.00632,26.2547,0.84672,12.849,0.84672,3695.15,0,0,0,0.899917,2.01707,3.90933,1.51175,5.31457,0.42336,0,0.42336,460.49,0,1.02816,0,0,1.92808,0.899917,1.028160,1,0,31.5692,0,0,0,31.5692,0
58.6507,2.70146,0,0,1.16421,0.0493742,0.36288,3.6288,60.6605,0.66528,0,0,0.866773,0.315993,0,0.66528,12.849,1,0.572789,0.36288,0,20.324,5.95474,14.1594,0.84672,12.849,0.84672,3695.15,0,0,0,1.1804,2.18023,3.66328,1.49158,5.53233,0.42336,0,0.42336,460.49,0,1.02816,0,0,2.20856,1.1804,1.028160,1,0,19.6917,0,0,0,19.6917,0
56.4881,2.68658,0,0,0.934563,0.0477134,0.36288,3.6288,60.386,0.66528,0,0,0.710571,0.31983,0,0.66528,12.849,1,0.588567,0.36288,0,16.5412,5.94615,10.3694,0.84672,12.849,0.84672,3695.15,0,0,0,0.839341,2.18082,3.35251,1.48822,4.88446,0.42336,0,0.42336,460.49,0,1.02816,0,0,1.8675,0.839341,1.028160,1,0,15.2538,0,0,0,15.2538,0
54.7978,2.66895,0,0,1.39274,0.0511731,0.36288,3.6288,60.2437,0.66528,0,0,0.841225,0.318207,0,0.66528,12.849,1,0.607089,0.36288,0,21.2927,5.91647,15.132,0.84672,12.849,0.84672,3695.15,0,0,0,1.22167,2.18142,3.67426,1.48458,5.59277,0.42336,0,0.42336,460.49,0,1.02816,0,0,2.24983,1.22167,1.028160,1,0,20.7248,0,0,0,20.7248,0
53.6966,2.6545,0,0,1.98645,0.0702639,0.36288,3.6288,60.3568,0.66528,0,0,1.08714,0.308742,0,0.66528,12.849,1,0.622428,0.36288,0,31.2344,5.85292,25.1219,0.84672,12.849,0.84672,3695.15,0,0,0,1.32877,2.18201,4.02293,1.46118,6.07253,0.42336,0,0.42336,460.49,0,1.02816,0,0,2.35693,1.32877,1.028160,1,0,31.1944,0,0,0,31.1944,0
52.2501,2.56422,0,0,1.50628,0.0257245,0.36288,3.6288,60.2486,0.66528,0,0,0.881928,0.324881,0,0.66528,12.849,1,0.61359,0.36288,0,30.123,6.09973,23.7726,0.84672,12.849,0.84672,3695.15,0,0,0,1.37671,2.18261,3.30226,1.47842,5.38316,0.42336,0,0.42336,460.49,0,1.02816,0,0,2.40487,1.37671,1.028160,1,0,29.1557,0,0,0,29.1557,0
50.8896,2.55128,0,0,1.6417,0.088043,0.36288,3.6288,60.3595,0.66528,0,0,1.0508,0.274633,0,0.66528,12.849,1,0.627395,0.36288,0,22.174,4.54944,17.36,0.84672,12.849,0.84672,3695.15,0,0,0,2.02954,2.08897,4.15227,1.09572,7.17506,0.42336,0,0.42336,460.49,0,1.02816,0,0,3.0577,2.02954,1.028160,1,0,24.5351,0,0,0,24.5351,0
49.6693,2.53858,0,0,1.77826,0.0970102,0.36288,3.6288,60.6696,0.66528,0,0,1.25419,0.278827,0,0.66528,12.849,1,0.640962,0.36288,0,24.331,4.61454,19.4384,0.84672,12.849,0.84672,3695.15,0,0,0,2.15706,2.08954,4.75958,1.133,7.87318,0.42336,0,0.42336,460.49,0,1.02816,0,0,3.18522,2.15706,1.028160,1,0,27.3116,0,0,0,27.3116,0
48.4942,2.52676,0,0,1.81027,0.0957701,0.36288,3.6288,61.0072,0.66528,0,0,1.28232,0.279377,0,0.66528,12.849,1,0.65365,0.36288,0,34.5917,4.61454,29.6864,0.84672,12.849,0.84672,3695.15,0,0,0,2.3736,2.09011,5.1266,1.133,8.45732,0.42336,0,0.42336,460.49,0,1.02816,0,0,3.40176,2.3736,1.028160,1,0,38.1437,0,0,0,38.1437,0
47.5436,2.44996,0,0,1.95775,0.095551,0.36288,3.6288,61.308,0.66528,0,0,1.81875,0.271371,0.581345,0.66528,12.849,1,0.649139,0.36288,0,73.8153,4.52821,69.0008,0.84672,12.849,0.84672,3695.15,0,0,0,2.88326,2.09068,6.72921,1.13941,10.5637,0.42336,0,0.42336,460.49,0,1.02816,0,0,3.91142,2.88326,1.028160,1,0,80.1459,0,0,0,80.1459,0
46.2552,2.4404,0,0,1.64833,0.133382,0.36288,3.6288,61.308,0.66528,0,0,1.23839,0.205082,0.368026,0.66528,12.849,1,0.659537,0.36288,0,29.2226,3.72119,25.2047,0.84672,12.849,0.84672,3695.15,0,0,0,0.68485,2.00706,3.15478,0.926875,4.91982,0.42336,0,0.42336,460.49,0,1.02816,0,0,1.71301,0.68485,1.028160,1,0,30.4926,0,0,0,30.4926,0
45.7639,2.42669,0,0,2.4352,0.136915,0.36288,3.6288,61.308,0.66528,0,0,2.12429,0.202569,1.25644,0.66528,12.849,1,0.674097,0.36288,0,119.419,3.673,115.434,0.84672,12.849,0.84672,3695.15,0,0,0,2.2991,2.00761,9.9843,0.885041,13.406,0.42336,0,0.42336,460.49,0,1.02816,0,0,3.32726,2.2991,1.028160,1,0,130.097,0,0,0,130.097,0
46.0975,2.4217,0,0,3.25433,0.136167,0.36288,3.6288,61.308,0.66528,0,0,2.44839,0.202569,1.58055,0.66528,12.849,1,0.679932,0.36288,0,87.2628,3.673,83.2727,0.84672,12.849,0.84672,3695.15,0,0,0,2.87575,2.00815,12.5796,0.885041,16.5784,0.42336,0,0.42336,460.49,0,1.02816,0,0,3.90391,2.87575,1.028160,1,0,101.432,0,0,0,101.432,0
46.8231,2.24348,0,0,3.46857,0.136675,0.36288,3.6288,61.308,0.634307,0,0,2.40734,0.202569,1.57046,0.66528,12.849,1,0.625338,0.36288,0,56.1782,3.673,52.2428,0.84672,12.849,0.84672,3695.15,0,0,0,2.64558,2.0087,11.8233,0.885041,15.5926,0.42336,0,0.42336,460.49,0,1.02816,0,0,3.67374,2.64558,1.028160,1,0,69.4058,0,0,0,69.4058,0
47.1891,2.2517,0,0,3.16186,0.181235,0.36288,3.6288,61.308,0.63476,0,0,2.20586,0.200397,1.3707,0.66528,12.849,1,0.617903,0.36288,0,73.4953,3.82321,69.4171,0.84672,12.849,0.84672,3695.15,0,0,0,2.74465,1.82204,8.70644,0.967134,12.306,0.42336,0,0.42336,460.49,0,1.02816,0,0,3.77281,2.74465,1.028160,1,0,83.0938,0,0,0,83.0938,0
47.372,2.25608,0,0,2.99106,0.189241,0.36288,3.6288,61.308,0.635212,0,0,1.89213,0.200035,1.05689,0.66528,12.849,1,0.614303,0.36288,0,48.3612,3.84825,44.2615,0.84672,12.849,0.84672,3695.15,0,0,0,2.28995,1.82254,7.5041,0.980816,10.6358,0.42336,0,0.42336,460.49,0,1.02816,0,0,3.31811,2.28995,1.028160,1,0,55.9542,0,0,0,55.9542,0
47.2302,2.25856,0,0,2.66931,0.189621,0.36288,3.6288,61.308,0.635665,0,0,1.97078,0.200035,1.13508,0.66528,12.849,1,0.612604,0.36288,0,61.8999,3.84825,57.8019,0.84672,12.849,0.84672,3695.15,0,0,0,2.46908,1.82303,7.8713,0.980816,11.1826,0.42336,0,0.42336,460.49,0,1.02816,0,0,3.49724,2.46908,1.028160,1,0,70.1196,0,0,0,70.1196,0
49.0289,2.25773,0,0,4.60634,0.187085,0.36288,3.6288,61.308,0.636118,0,0,2.07023,0.232355,1.20176,0.66528,12.849,1,0.614217,0.36288,0,54.1892,4.8405,49.0974,0.84672,12.849,0.84672,3695.15,0,0,0,2.9654,1.82353,8.57814,1.28886,12.0782,0.42336,0,0.42336,460.49,0,1.02816,0,0,3.99356,2.9654,1.028160,1,0,62.3774,0,0,0,62.3774,0
58.288,2.3475,0,0,12.1712,0.201687,0.36288,3.6288,61.308,0.66528,0,0,9.57125,0.228436,8.67754,0.66528,12.849,1,0.615209,0.36288,0,277.339,4.76877,272.318,0.84672,12.849,0.84672,3695.15,0,0,0,4.69246,1.82402,20.2971,1.23465,25.5789,0.42336,0,0.42336,460.49,0,1.02816,0,0,5.72062,4.69246,1.028160,1,0,306.574,0,0,0,306.574,0
62.3243,2.4282,0,0,7.0263,0.198852,0.36288,3.6288,61.308,0.66528,0,0,4.90402,0.204515,4.03423,0.66528,12.849,1,0.535274,0.36288,0,165.425,3.63552,161.617,0.84672,12.849,0.84672,3695.15,0,0,0,4.58911,1.88296,14.809,0.918177,20.3629,0.42336,0,0.42336,460.49,0,1.02816,0,0,5.61727,4.58911,1.028160,1,0,186.014,0,0,0,186.014,0
63.4525,2.45759,0,0,4.15119,0.202531,0.36288,3.6288,61.308,0.66528,0,0,2.3912,0.2341,1.49182,0.66528,12.849,1,0.506665,0.36288,0,104.486,3.88933,100.453,0.84672,12.849,0.84672,3695.15,0,0,0,4.64212,1.88345,9.97445,0.915782,15.5842,0.42336,0,0.42336,460.49,0,1.02816,0,0,5.67028,4.64212,1.028160,1,0,117.529,0,0,0,117.529,0
64.7394,2.46572,0,0,4.34064,0.225113,0.36288,3.6288,61.308,0.66528,0,0,2.24764,0.255432,1.32693,0.66528,12.849,1,0.499304,0.36288,0,105.46,4.34648,100.977,0.84672,12.849,0.84672,3695.15,0,0,0,4.52516,1.88394,9.4875,1.05839,14.8382,0.42336,0,0.42336,460.49,0,1.02816,0,0,5.55332,4.52516,1.028160,1,0,117.142,0,0,0,117.142,0
65.6277,2.71602,0,0,4.19466,0.227469,0.36288,3.6288,61.308,0.66528,0,0,2.44998,0.255432,1.52926,0.66528,12.849,1,0.539056,0.36288,0,101.796,4.34648,97.273,0.84672,12.849,0.84672,3695.15,0,0,0,4.73946,1.88444,10.8373,1.05839,16.4028,0.42336,0,0.42336,460.49,0,1.02816,0,0,5.76762,4.73946,1.028160,1,0,115.205,0,0,0,115.205,0
66.7201,2.72284,0,0,4.40942,0.231364,0.36288,3.6288,61.308,0.66528,0,0,3.1563,0.230398,2.26063,0.66528,12.849,1,0.533093,0.36288,0,117.515,4.37672,112.968,0.84672,12.849,0.84672,3695.15,0,0,0,2.46745,2.09542,9.4538,1.07817,12.9385,0.42336,0,0.42336,460.49,0,1.02816,0,0,3.49561,2.46745,1.028160,1,0,128.167,0,0,0,128.167,0
70.3334,2.73087,0,0,6.94048,0.233384,0.36288,3.6288,61.308,0.66528,0,0,4.12772,0.230398,3.23204,0.66528,12.849,1,0.525912,0.36288,0,108.285,4.37672,103.745,0.84672,12.849,0.84672,3695.15,0,0,0,3.67832,2.09596,13.4139,1.07817,18.11,0.42336,0,0.42336,460.49,0,1.02816,0,0,4.70648,3.67832,1.028160,1,0,125.087,0,0,0,125.087,0
72.2634,2.75443,0,0,5.2753,0.228035,0.36288,3.6288,61.308,0.66528,0,0,3.71216,0.233272,2.81361,0.66528,12.849,1,0.503199,0.36288,0,111.598,4.27193,107.185,0.84672,12.849,0.84672,3695.15,0,0,0,2.84069,2.09651,11.6154,1.04982,15.5027,0.42336,0,0.42336,460.49,0,1.02816,0,0,3.86885,2.84069,1.028160,1,0,125.502,0,0,0,125.502,0
72.29,2.41588,0,0,5.07286,0.284759,2.3456,3.6288,61.308,0.624727,0,0,3.3999,0.207261,2.56791,0.66528,12.849,1,0.429563,2.3456,0,117.751,3.90558,115.762,0.84672,12.849,0.84672,3695.15,0,0,0,2.77745,2.09706,15.4011,1.05551,19.2201,0.42336,0,0.42336,460.49,0,1.02816,0,0,3.80561,2.77745,1.028160,1,0,137.55,0,0,0,137.55,0
72.29,2.41665,0,0,4.10022,0.253762,1.42981,3.6288,61.308,0.625159,0,0,2.87847,0.175896,2.07741,0.66528,12.849,1,0.429541,1.42981,0,68.8669,3.38048,66.4866,0.84672,12.849,0.84672,3695.15,0,0,0,1.68468,1.81026,10.7849,0.835238,13.4446,0.42336,0,0.42336,460.49,0,1.02816,0,0,2.71284,1.68468,1.028160,1,0,82.0086,0,0,0,82.0086,0
72.29,2.41728,0,0,4.98958,0.253762,2.31854,3.6288,61.308,0.62559,0,0,3.17081,0.175896,2.36932,0.66528,12.849,1,0.429653,2.31854,0,85.8099,3.38048,84.3183,0.84672,12.849,0.84672,3695.15,0,0,0,1.98058,1.81073,12.2638,0.835238,15.2199,0.42336,0,0.42336,460.49,0,1.02816,0,0,3.00874,1.98058,1.028160,1,0,101.907,0,0,0,101.907,0
72.29,2.41791,0,0,5.69608,0.253762,3.0244,3.6288,61.308,0.626022,0,0,4.17081,0.175896,3.3689,0.66528,12.849,1,0.429765,3.0244,0,102.826,3.38048,102.04,0.84672,12.849,0.84672,3695.15,0,0,0,2.35492,1.8112,13.7225,0.835238,17.0534,0.42336,0,0.42336,460.49,0,1.02816,0,0,3.38308,2.35492,1.028160,1,0,122.462,0,0,0,122.462,0
72.29,2.41854,0,0,5.85101,0.28552,3.14695,3.6288,61.308,0.626454,0,0,2.81774,0.197057,1.99423,0.66528,12.849,1,0.429877,3.14695,0,136.489,3.98139,135.224,0.84672,12.849,0.84672,3695.15,0,0,0,1.78253,1.81168,12.0639,0.826679,14.8314,0.42336,0,0.42336,460.49,0,1.02816,0,0,2.81069,1.78253,1.028160,1,0,152.05,0,0,0,152.05,0
72.29,2.50756,0,0,4.79051,0.289055,1.99389,3.6288,61.308,0.66528,0,0,2.62616,0.184373,1.77651,0.66528,12.849,1,0.4457,1.99389,0,73.209,3.9786,70.7786,0.84672,12.849,0.84672,3695.15,0,0,0,1.26729,1.81215,10.9687,0.847802,13.2004,0.42336,0,0.42336,460.49,0,1.02816,0,0,2.29545,1.26729,1.028160,1,0,85.7554,0,0,0,85.7554,0
72.29,2.50822,0,0,4.0076,0.313806,1.18558,3.6288,61.308,0.66528,0,0,2.67349,0.186003,1.82221,0.66528,12.849,1,0.445817,1.18558,0,75.7693,3.94453,72.5645,0.84672,12.849,0.84672,3695.15,0,0,0,1.06587,1.88356,10.9893,0.92365,13.0151,0.42336,0,0.42336,460.49,0,1.02816,0,0,2.09403,1.06587,1.028160,1,0,87.4018,0,0,0,87.4018,0
72.29,2.50887,0,0,3.22559,0.313806,0.402911,3.6288,61.308,0.66528,0,0,2.22419,0.186003,1.3729,0.66528,12.849,1,0.445933,0.402911,0,57.7046,3.94453,53.717,0.84672,12.849,0.84672,3695.15,0,0,0,0.928705,1.88405,8.98102,0.92365,10.8701,0.42336,0,0.42336,460.49,0,1.02816,0,0,1.95686,0.928705,1.028160,1,0,65.96,0,0,0,65.96,0
72.2855,2.50953,0,0,3.17765,0.309785,0.36288,3.6288,61.308,0.66528,0,0,1.84765,0.177156,1.00521,0.66528,12.849,1,0.446049,0.36288,0,53.8743,3.76917,50.0219,0.84672,12.849,0.84672,3695.15,0,0,0,1.29116,1.88454,7.64588,0.899076,9.92251,0.42336,0,0.42336,460.49,0,1.02816,0,0,2.31932,1.29116,1.028160,1,0,60.9497,0,0,0,60.9497,0
72.29,2.47556,0,0,3.41723,0.283479,0.653655,3.6288,61.308,0.66528,0,0,1.71979,0.137132,0.91738,0.66528,12.849,1,0.44004,0.653655,0,58.8848,2.99103,56.1074,0.84672,12.849,0.84672,3695.15,0,0,0,1.16263,1.88503,6.26417,0.80832,8.50352,0.42336,0,0.42336,460.49,0,1.02816,0,0,2.19079,1.16263,1.028160,1,0,65.5283,0,0,0,65.5283,0
72.2486,2.47623,0,0,3.09667,0.298919,0.36288,3.6288,61.308,0.66528,0,0,1.65055,0.180234,0.805038,0.66528,12.849,1,0.440131,0.36288,0,54.0753,3.8193,50.1788,0.84672,12.849,0.84672,3695.15,0,0,0,0.798474,1.85789,6.12003,0.964599,7.8118,0.42336,0,0.42336,460.49,0,1.02816,0,0,1.82663,0.798474,1.028160,1,0,58.7956,0,0,0,58.7956,0
71.8519,2.47666,0,0,2.74138,0.298549,0.36288,3.6288,61.308,0.66528,0,0,1.42831,0.207266,0.555767,0.66528,12.849,1,0.44046,0.36288,0,47.5203,4.12548,43.3172,0.84672,12.849,0.84672,3695.15,0,0,0,0.65982,1.85838,5.5283,0.990908,7.05559,0.42336,0,0.42336,460.49,0,1.02816,0,0,1.68798,0.65982,1.028160,1,0,50.9286,0,0,0,50.9286,0
71.3253,2.47524,0,0,2.53912,0.22766,0.36288,3.6288,61.308,0.66528,0,0,1.30155,0.239964,0.396303,0.66528,12.849,1,0.442638,0.36288,0,43.6063,4.41378,39.1127,0.84672,12.849,0.84672,3695.15,0,0,0,0.533365,1.85886,5.21569,1.00812,6.5998,0.42336,0,0.42336,460.49,0,1.02816,0,0,1.56152,0.533365,1.028160,1,0,46.1088,0,0,0,46.1088,0
70.6262,2.59044,0,0,2.48098,0.226747,0.36288,3.6288,61.308,0.66528,0,0,1.46076,0.239964,0.55552,0.66528,12.849,1,0.466658,0.36288,0,42.3357,4.41378,37.8182,0.84672,12.849,0.84672,3695.15,0,0,0,0.754402,1.85935,6.20895,1.00812,7.81457,0.42336,0,0.42336,460.49,0,1.02816,0,0,1.78256,0.754402,1.028160,1,0,46.1883,0,0,0,46.1883,0
70.2109,2.5872,0,0,2.73321,0.198413,0.36288,3.6288,61.308,0.66528,0,0,1.49277,0.214728,0.612759,0.66528,12.849,1,0.470689,0.36288,0,41.4935,3.83184,37.5539,0.84672,12.849,0.84672,3695.15,0,0,0,0.655223,1.95676,4.91792,0.982923,6.54698,0.42336,0,0.42336,460.49,0,1.02816,0,0,1.68338,0.655223,1.028160,1,0,44.7136,0,0,0,44.7136,0
69.5152,2.58552,0,0,2.44602,0.193274,0.36288,3.6288,61.308,0.66528,0,0,1.37659,0.210522,0.500783,0.66528,12.849,1,0.473166,0.36288,0,38.4821,3.73485,34.637,0.84672,12.849,0.84672,3695.15,0,0,0,0.581982,1.95727,4.57293,0.978724,6.13345,0.42336,0,0.42336,460.49,0,1.02816,0,0,1.61014,0.581982,1.028160,1,0,41.2712,0,0,0,41.2712,0
68.5738,2.5822,0,0,2.19583,0.192237,0.36288,3.6288,61.308,0.66528,0,0,1.19566,0.210522,0.319861,0.66528,12.849,1,0.477286,0.36288,0,36.3807,3.73485,32.5315,0.84672,12.849,0.84672,3695.15,0,0,0,0.476012,1.95778,4.51723,0.978724,5.9723,0.42336,0,0.42336,460.49,0,1.02816,0,0,1.50417,0.476012,1.028160,1,0,38.8236,0,0,0,38.8236,0
67.4585,2.57735,0,0,2.00192,0.176986,0.36288,3.6288,61.308,0.66528,0,0,1.15376,0.225339,0.26314,0.66528,12.849,1,0.482931,0.36288,0,33.6537,4.0283,29.5053,0.84672,12.849,0.84672,3695.15,0,0,0,0.458775,1.95829,4.38223,1.0588,5.74049,0.42336,0,0.42336,460.49,0,1.02816,0,0,1.48694,0.458775,1.028160,1,0,35.5089,0,0,0,35.5089,0
66.2416,2.54829,0,0,1.83329,0.138942,0.36288,3.6288,61.308,0.66528,0,0,1.01314,0.24456,0.103304,0.66528,12.849,1,0.485379,0.36288,0,31.5621,4.58275,26.8568,0.84672,12.849,0.84672,3695.15,0,0,0,0.486354,1.9588,4.25133,1.16051,5.53597,0.42336,0,0.42336,460.49,0,1.02816,0,0,1.51451,0.486354,1.028160,1,0,32.4961,0,0,0,32.4961,0
64.8609,2.54148,0,0,1.64776,0.124093,0.36288,3.6288,61.308,0.66528,0,0,0.994058,0.244158,0.0846199,0.66528,12.849,1,0.492975,0.36288,0,29.9467,4.70516,25.1114,0.84672,12.849,0.84672,3695.15,0,0,0,0.704557,1.99324,4.30102,1.15672,5.8421,0.42336,0,0.42336,460.49,0,1.02816,0,0,1.73272,0.704557,1.028160,1,0,31.0381,0,0,0,31.0381,0
63.3378,2.53338,0,0,1.4959,0.122731,0.36288,3.6288,61.308,0.66528,0,0,0.939073,0.244158,0.0296349,0.66528,12.849,1,0.501865,0.36288,0,29.0567,4.70516,24.2125,0.84672,12.849,0.84672,3695.15,0,0,0,0.534574,1.99376,4.0429,1.15672,5.41451,0.42336,0,0.42336,460.49,0,1.02816,0,0,1.56273,0.534574,1.028160,1,0,29.6567,0,0,0,29.6567,0
61.7083,2.52401,0,0,1.36972,0.112354,0.36288,3.6288,61.2704,0.66528,0,0,0.893773,0.266096,0,0.66528,12.849,1,0.512031,0.36288,0,25.6243,4.98746,20.4877,0.84672,12.849,0.84672,3695.15,0,0,0,0.470448,1.99427,3.92627,1.25976,5.13123,0.42336,0,0.42336,460.49,0,1.02816,0,0,1.49861,0.470448,1.028160,1,0,25.619,0,0,0,25.619,0
59.9683,2.57213,0,0,1.28748,0.092484,0.36288,3.6288,61.1089,0.66528,0,0,0.818424,0.314593,0,0.66528,12.849,1,0.535573,0.36288,0,22.6365,5.6597,16.8041,0.84672,12.849,0.84672,3695.15,0,0,0,0.376626,1.99479,3.59119,1.49056,4.47206,0.42336,0,0.42336,460.49,0,1.02816,0,0,1.40479,0.376626,1.028160,1,0,21.2761,0,0,0,21.2761,0
58.2197,2.56,0,0,1.25325,0.0789442,0.36288,3.6288,60.9701,0.724239,0,0,0.893151,0.307737,0,0.66528,12.849,1,0.548513,0.36288,0,24.0731,5.72439,18.1631,0.84672,12.849,0.84672,3695.15,0,0,0,0.261274,2.04345,2.75432,1.48708,3.57196,0.42336,0,0.42336,460.49,0,0.969201,0,0,1.23047,0.261274,1.028160,1,0,21.7351,0,0,0,21.7351,0
56.4545,2.54717,0,0,1.22247,0.0776237,0.36288,3.6288,60.8203,0.66528,0,0,0.8229,0.307466,0,0.66528,12.849,1,0.562155,0.36288,0,24.0424,5.72439,18.1187,0.84672,12.849,0.84672,3695.15,0,0,0,0.312094,2.04398,2.95146,1.48708,3.82045,0.42336,0,0.42336,460.49,0,1.02816,0,0,1.34025,0.312094,1.028160,1,0,21.9391,0,0,0,21.9391,0
54.6258,2.53351,0,0,1.14395,0.0762906,0.36288,3.6288,60.6095,0.66528,0,0,0.761711,0.307175,0,0.66528,12.849,1,0.576624,0.36288,0,21.7042,5.72439,15.7661,0.84672,12.849,0.84672,3695.15,0,0,0,0.254578,2.04451,2.63415,1.48708,3.44617,0.42336,0,0.42336,460.49,0,1.02816,0,0,1.28274,0.254578,1.028160,1,0,19.2122,0,0,0,19.2122,0
52.5515,2.68674,0,0,1.05019,0.0749096,0.36288,3.6288,60.3126,0.743463,0,0,0.75333,0.306764,0,0.66528,12.849,1,0.63197,0.36288,0,19.8402,5.72439,13.8467,0.84672,12.849,0.84672,3695.15,0,0,0,0.227405,2.04504,2.5763,1.48708,3.36167,0.42336,0,0.42336,460.49,0,0.949977,0,0,1.17738,0.227405,1.028160,1,0,17.2084,0,0,0,17.2084,0
50.6168,2.66739,0,0,1.16971,0.0741505,0.36288,3.6288,60.161,0.66528,0,0,0.825941,0.312333,0,0.66528,12.849,1,0.652184,0.36288,0,20.0511,6.04022,13.7216,0.84672,12.849,0.84672,3695.15,0,0,0,0.300309,2.21043,2.9062,1.46664,3.95031,0.42336,0,0.42336,460.49,0,1.02816,0,0,1.32847,0.300309,1.028160,1,0,17.6719,0,0,0,17.6719,0
48.7494,2.64819,0,0,1.2224,0.0786508,0.36288,3.6288,60.0931,0.66528,0,0,0.908297,0.310888,0,0.66528,12.849,1,0.672241,0.36288,0,23.3723,6.06186,17.0011,0.84672,12.849,0.84672,3695.15,0,0,0,0.329339,2.21101,2.42949,1.43755,3.53229,0.42336,0,0.42336,460.49,0,1.02816,0,0,1.3575,0.329339,1.028160,1,0,20.5334,0,0,0,20.5334,0
46.6502,2.6285,0,0,0.969227,0.0771017,0.36288,3.6288,59.5858,0.878291,0,0,0.681756,0.310754,0,0.66528,12.849,1,0.6928,0.36288,0,25.6638,6.06186,19.272,0.84672,12.849,0.84672,3695.15,0,0,0,0.204422,2.21158,1.9507,1.43755,2.92916,0.42336,0,0.42336,460.49,0,0.815149,0,0,1.01957,0.204422,1.028160,1,0,22.2012,0,0,0,22.2012,0
44.7853,2.60473,0,0,1.17805,0.0753499,0.36288,3.6288,59.7068,0.66528,0,0,1.09607,0.30975,0,0.66528,12.849,1,0.71743,0.36288,0,22.371,6.06186,15.9546,0.84672,12.849,0.84672,3695.15,0,0,0,0.662204,2.21216,2.81072,1.43755,4.24754,0.42336,0,0.42336,460.49,0,1.02816,0,0,1.69036,0.662204,1.028160,1,0,20.2022,0,0,0,20.2022,0
43.0569,2.50341,0,0,1.17836,0.0404381,0.36288,3.6288,59.4874,0.66528,0,0,0.777496,0.331612,0,0.66528,12.849,1,0.718233,0.36288,0,20.8875,6.28404,14.2482,0.84672,12.849,0.84672,3695.15,0,0,0,0.441703,2.21274,2.43134,1.46993,3.61585,0.42336,0,0.42336,460.49,0,1.02816,0,0,1.46986,0.441703,1.028160,1,0,17.864,0,0,0,17.864,0
41.535,2.48185,0,0,1.38644,0.0636269,0.36288,3.6288,59.2938,0.66528,0,0,0.78332,0.311643,0,0.66528,12.849,1,0.740631,0.36288,0,18.1071,5.42144,12.3079,0.84672,12.849,0.84672,3695.15,0,0,0,0.674715,2.11778,1.94526,1.2761,3.46166,0.42336,0,0.42336,460.49,0,1.02816,0,0,1.70287,0.674715,1.028160,1,0,15.7696,0,0,0,15.7696,0
40.1824,2.46176,0,0,1.57811,0.106045,0.36288,3.6288,59.4687,0.66528,0,0,1.13271,0.292563,0,0.66528,12.849,1,0.761555,0.36288,0,17.8361,4.8993,12.5381,0.84672,12.849,0.84672,3695.15,0,0,0,1.28192,2.11833,2.71443,1.17938,4.9353,0.42336,0,0.42336,460.49,0,1.02816,0,0,2.31008,1.28192,1.028160,1,0,17.4734,0,0,0,17.4734,0
38.7744,2.44297,0,0,1.50224,0.104361,0.36288,3.6288,59.6127,0.66528,0,0,1.10214,0.29289,0,0.66528,12.849,1,0.781182,0.36288,0,22.7043,4.8993,17.3867,0.84672,12.849,0.84672,3695.15,0,0,0,1.13807,2.11888,2.68738,1.17938,4.76496,0.42336,0,0.42336,460.49,0,1.02816,0,0,2.16623,1.13807,1.028160,1,0,22.1516,0,0,0,22.1516,0
37.6378,2.35972,0,0,1.68862,0.102664,0.36288,3.6288,60.1016,0.66528,0,0,1.44735,0.29316,0,0.66528,12.849,1,0.781961,0.36288,0,45.0198,4.8993,39.7015,0.84672,12.849,0.84672,3695.15,0,0,0,1.62637,2.11944,3.56932,1.17938,6.13575,0.42336,0,0.42336,460.49,0,1.02816,0,0,2.65453,1.62637,1.028160,1,0,45.8372,0,0,0,45.8372,0
36.7851,2.34273,0,0,1.98566,0.132792,0.36288,3.6288,59.937,0.66528,0,0,0.685703,0.185004,0,0.66528,12.849,1,0.799774,0.36288,0,37.6551,3.90191,33.3163,0.84672,12.849,0.84672,3695.15,0,0,0,0.356647,2.03464,2.4388,1.00663,3.82346,0.42336,0,0.42336,460.49,0,1.02816,0,0,1.38481,0.356647,1.028160,1,0,37.1398,0,0,0,37.1398,0
37.8356,2.32959,0,0,3.87444,0.131461,0.36288,3.6288,60.32,0.66528,0,0,1.23312,0.18481,0,0.66528,12.849,1,0.813726,0.36288,0,53.0303,3.90191,48.6776,0.84672,12.849,0.84672,3695.15,0,0,0,0.822727,2.03517,4.72849,1.00663,6.57976,0.42336,0,0.42336,460.49,0,1.02816,0,0,1.85089,0.822727,1.028160,1,0,55.2573,0,0,0,55.2573,0
38.1401,2.34707,0,0,3.14765,0.133101,0.36288,3.6288,60.9756,0.66528,0,0,1.5061,0.185262,0,0.66528,12.849,1,0.797068,0.36288,0,47.9552,3.90191,43.6191,0.84672,12.849,0.84672,3695.15,0,0,0,1.911,2.0357,4.29782,1.00663,7.2379,0.42336,0,0.42336,460.49,0,1.02816,0,0,2.93916,1.911,1.028160,1,0,50.857,0,0,0,50.857,0
38.3009,2.17528,0,0,2.85541,0.156501,0.36288,3.6288,61.2383,0.657071,0,0,1.11615,0.19636,0,0.66528,12.849,1,0.732827,0.36288,0,47.0384,4.07588,42.5926,0.84672,12.849,0.84672,3695.15,0,0,0,0.954495,2.03623,5.06455,1.04724,7.00803,0.42336,0,0.42336,460.49,0,1.02816,0,0,1.98266,0.954495,1.028160,1,0,49.6006,0,0,0,49.6006,0
40.2519,2.17815,0,0,4.66988,0.177848,0.36288,3.6288,61.308,0.657509,0,0,1.10928,0.215958,0.166133,0.66528,12.849,1,0.730714,0.36288,0,89.3385,3.85063,85.12,0.84672,12.849,0.84672,3695.15,0,0,0,1.05183,1.84699,6.79101,0.93366,8.75617,0.42336,0,0.42336,460.49,0,1.02816,0,0,2.07999,1.05183,1.028160,1,0,94.0423,0,0,0,94.0423,0
40.5688,2.20557,0,0,3.0634,0.178021,0.36288,3.6288,61.308,0.657947,0,0,1.29403,0.218246,0.417837,0.66528,12.849,1,0.70405,0.36288,0,64.9611,3.66775,60.9521,0.84672,12.849,0.84672,3695.15,0,0,0,1.27331,1.84747,5.74953,0.866565,8.00375,0.42336,0,0.42336,460.49,0,1.02816,0,0,2.30147,1.27331,1.028160,1,0,69.3737,0,0,0,69.3737,0
41.1968,2.21032,0,0,3.37989,0.178693,0.36288,3.6288,61.308,0.658386,0,0,1.471,0.218246,0.594372,0.66528,12.849,1,0.700055,0.36288,0,79.2228,3.66775,75.2178,0.84672,12.849,0.84672,3695.15,0,0,0,1.3985,1.84795,6.17314,0.866565,8.55302,0.42336,0,0.42336,460.49,0,1.02816,0,0,2.42666,1.3985,1.028160,1,0,84.3652,0,0,0,84.3652,0
45.3289,2.21903,0,0,6.90866,0.194632,0.36288,3.6288,61.308,0.658824,0,0,2.47831,0.205163,1.61433,0.66528,12.849,1,0.6921,0.36288,0,96.2453,4.06504,91.851,0.84672,12.849,0.84672,3695.15,0,0,0,2.11825,1.84843,9.62083,0.953618,12.6339,0.42336,0,0.42336,460.49,0,1.02816,0,0,3.14641,2.11825,1.028160,1,0,106.099,0,0,0,106.099,0
48.1421,2.26819,0,0,5.65765,0.213465,0.36288,3.6288,61.308,0.658824,0,0,2.19329,0.229473,1.30499,0.66528,12.849,1,0.642943,0.36288,0,132.802,4.66214,127.86,0.84672,12.849,0.84672,3695.15,0,0,0,2.07371,1.84891,9.12064,1.18342,11.8598,0.42336,0,0.42336,460.49,0,1.02816,0,0,3.10187,2.07371,1.028160,1,0,141.025,0,0,0,141.025,0
49.604,2.37043,0,0,4.42187,0.22665,0.36288,3.6288,61.308,0.66528,0,0,2.51086,0.210287,1.6353,0.66528,12.849,1,0.632661,0.36288,0,78.3913,3.89046,74.2311,0.84672,12.849,0.84672,3695.15,0,0,0,3.09509,1.84891,8.75725,1.03146,12.6698,0.42336,0,0.42336,460.49,0,1.02816,0,0,4.12325,3.09509,1.028160,1,0,88.5362,0,0,0,88.5362,0
52.7324,2.38583,0,0,6.10737,0.230257,0.36288,3.6288,61.308,0.66528,0,0,2.17859,0.210287,1.30303,0.66528,12.849,1,0.618006,0.36288,0,130.637,3.89046,126.491,0.84672,12.849,0.84672,3695.15,0,0,0,2.81858,1.90863,10.277,1.03146,13.9728,0.42336,0,0.42336,460.49,0,1.02816,0,0,3.84674,2.81858,1.028160,1,0,141.767,0,0,0,141.767,0
57.0789,2.41591,0,0,7.40349,0.278135,0.36288,3.6288,61.308,0.66528,0,0,3.20711,0.243296,2.29853,0.66528,12.849,1,0.588672,0.36288,0,217.291,4.28137,212.784,0.84672,12.849,0.84672,3695.15,0,0,0,3.93988,1.9091,11.1262,1.1252,15.85,0.42336,0,0.42336,460.49,0,1.02816,0,0,4.96804,3.93988,1.028160,1,0,230.932,0,0,0,230.932,0
66.9112,2.45312,0,0,12.9381,0.289771,0.36288,3.6288,61.308,0.66528,0,0,8.26286,0.222172,7.37541,0.66528,12.849,1,0.552219,0.36288,0,245.39,4.23979,240.961,0.84672,12.849,0.84672,3695.15,0,0,0,13.1079,1.90958,24.1337,1.07866,38.0725,0.42336,0,0.42336,460.49,0,1.02816,0,0,14.1361,13.1079,1.028160,1,0,286.409,0,0,0,286.409,0
72.29,2.76779,0,0,8.85678,0.283073,0.427134,3.6288,61.308,0.66528,0,0,3.49312,0.192633,2.6352,0.66528,12.849,1,0.5315,0.427134,0,227.546,3.11777,224.324,0.84672,12.849,0.84672,3695.15,0,0,0,6.31986,1.91005,12.5556,0.905287,19.8803,0.42336,0,0.42336,460.49,0,1.02816,0,0,7.34802,6.31986,1.028160,1,0,246.84,0,0,0,246.84,0
72.29,2.80207,0,0,6.9717,0.296284,3.87335,3.6288,61.308,0.66528,0,0,2.80327,0.178692,1.95929,0.66528,12.849,1,0.498046,3.87335,0,185.026,2.7805,185.621,0.84672,12.849,0.84672,3695.15,0,0,0,4.17182,2.12388,8.06103,0.84127,13.5155,0.42336,0,0.42336,460.49,0,1.02816,0,0,5.19998,4.17182,1.028160,1,0,201.096,0,0,0,201.096,0
72.29,2.80276,0,0,7.40465,0.296284,4.30561,3.6288,61.308,0.66528,0,0,3.11872,0.178692,2.27475,0.66528,12.849,1,0.49817,4.30561,0,204.828,2.7805,205.855,0.84672,12.849,0.84672,3695.15,0,0,0,5.58621,2.12441,9.9506,0.84127,16.8199,0.42336,0,0.42336,460.49,0,1.02816,0,0,6.61437,5.58621,1.028160,1,0,224.95,0,0,0,224.95,0
72.29,2.80346,0,0,11.5963,0.285895,8.50691,3.6288,61.308,0.66528,0,0,5.15851,0.200823,4.29241,0.66528,12.849,1,0.498294,8.50691,0,250.442,3.30467,255.146,0.84672,12.849,0.84672,3695.15,0,0,0,8.78351,2.12494,18.4806,1.00525,28.3838,0.42336,0,0.42336,460.49,0,1.02816,0,0,9.81167,8.78351,1.028160,1,0,287.823,0,0,0,287.823,0
72.29,2.44871,0,0,7.31012,0.318286,4.54312,3.6288,61.308,0.647097,0,0,3.04546,0.181543,2.21682,0.66528,12.849,1,0.43524,4.54312,0,133.256,3.29387,134.07,0.84672,12.849,0.84672,3695.15,0,0,0,4.47923,2.12546,10.1889,0.98986,15.8037,0.42336,0,0.42336,460.49,0,1.02816,0,0,5.50739,4.47923,1.028160,1,0,152.091,0,0,0,152.091,0
72.29,2.44932,0,0,11.9835,0.324984,9.2092,3.6288,61.308,0.647514,0,0,9.18095,0.175564,8.35787,0.66528,12.849,1,0.435349,9.2092,0,254.95,3.22655,260.497,0.84672,12.849,0.84672,3695.15,0,0,0,13.1178,1.83476,29.2321,0.966796,43.2178,0.42336,0,0.42336,460.49,0,1.02816,0,0,14.1459,13.1178,1.028160,1,0,312.073,0,0,0,312.073,0
72.29,2.44993,0,0,9.46045,0.324984,6.68554,3.6288,61.308,0.647931,0,0,5.84003,0.175564,5.01654,0.66528,12.849,1,0.435457,6.68554,0,275.096,3.22655,278.119,0.84672,12.849,0.84672,3695.15,0,0,0,10.2212,1.83521,21.3368,0.966796,32.4265,0.42336,0,0.42336,460.49,0,1.02816,0,0,11.2494,10.2212,1.028160,1,0,315.562,0,0,0,315.562,0
72.29,2.45054,0,0,7.74628,0.324984,4.97075,3.6288,61.308,0.648348,0,0,4.18403,0.175564,3.36012,0.66528,12.849,1,0.435566,4.97075,0,226.622,3.22655,227.931,0.84672,12.849,0.84672,3695.15,0,0,0,5.98631,1.83567,15.3926,0.966796,22.2478,0.42336,0,0.42336,460.49,0,1.02816,0,0,7.01447,5.98631,1.028160,1,0,253.539,0,0,0,253.539,0
72.29,2.45115,0,0,6.29872,0.283741,3.56382,3.6288,61.308,0.648765,0,0,3.29071,0.195324,2.44662,0.66528,12.849,1,0.435674,3.56382,0,167.988,3.73873,167.377,0.84672,12.849,0.84672,3695.15,0,0,0,5.27465,1.83613,10.821,1.05759,16.8742,0.42336,0,0.42336,460.49,0,1.02816,0,0,6.30281,5.27465,1.028160,1,0,186.698,0,0,0,186.698,0
72.29,2.54135,0,0,8.00652,0.342514,5.12265,3.6288,61.308,0.66528,0,0,4.16113,0.151424,3.34442,0.66528,12.849,1,0.451705,5.12265,0,169.998,3.54554,171.123,0.84672,12.849,0.84672,3695.15,0,0,0,9.13222,1.83658,15.4258,0.87439,25.5202,0.42336,0,0.42336,460.49,0,1.02816,0,0,10.1604,9.13222,1.028160,1,0,199.988,0,0,0,199.988,0
72.29,2.54198,0,0,9.48577,0.342514,6.60128,3.6288,61.308,0.66528,0,0,6.11239,0.151424,5.29569,0.66528,12.849,1,0.451817,6.60128,0,192.731,3.54554,195.335,0.84672,12.849,0.84672,3695.15,0,0,0,13.0697,1.90893,19.8832,0.87439,33.9875,0.42336,0,0.42336,460.49,0,1.02816,0,0,14.0979,13.0697,1.028160,1,0,234.618,0,0,0,234.618,0
72.29,2.54261,0,0,6.50056,0.272965,3.68499,3.6288,61.308,0.66528,0,0,3.59461,0.191432,2.7379,0.66528,12.849,1,0.45193,3.68499,0,214.974,3.93914,214.268,0.84672,12.849,0.84672,3695.15,0,0,0,7.49701,1.90941,11.8538,0.973977,20.2863,0.42336,0,0.42336,460.49,0,1.02816,0,0,8.52517,7.49701,1.028160,1,0,237.293,0,0,0,237.293,0
72.29,2.54324,0,0,5.79382,0.230065,3.02051,3.6288,61.308,0.66528,0,0,2.92308,0.230598,2.02721,0.66528,12.849,1,0.452042,3.02051,0,146.948,3.80385,145.713,0.84672,12.849,0.84672,3695.15,0,0,0,6.07554,1.90988,10.1642,1.09087,17.0587,0.42336,0,0.42336,460.49,0,1.02816,0,0,7.1037,6.07554,1.028160,1,0,164.799,0,0,0,164.799,0
72.29,2.50882,0,0,4.37106,0.2266,1.63565,3.6288,61.308,0.66528,0,0,2.00649,0.224244,1.11697,0.66528,12.849,1,0.445923,1.63565,0,90.5092,3.48138,88.2175,0.84672,12.849,0.84672,3695.15,0,0,0,3.26188,1.91036,6.06429,1.09257,10.144,0.42336,0,0.42336,460.49,0,1.02816,0,0,4.29004,3.26188,1.028160,1,0,99.4785,0,0,0,99.4785,0
72.29,2.50944,0,0,3.94359,0.2266,1.20755,3.6288,61.308,0.66528,0,0,1.81564,0.224244,0.926111,0.66528,12.849,1,0.446034,1.20755,0,83.611,3.48138,80.8911,0.84672,12.849,0.84672,3695.15,0,0,0,2.61221,1.88283,5.72404,1.09257,9.12652,0.42336,0,0.42336,460.49,0,1.02816,0,0,3.64037,2.61221,1.028160,1,0,90.9438,0,0,0,90.9438,0
72.29,2.51006,0,0,4.62299,0.214436,1.89849,3.6288,61.308,0.66528,0,0,1.6979,0.230179,0.802439,0.66528,12.849,1,0.446145,1.89849,0,90.7105,3.94923,88.2136,0.84672,12.849,0.84672,3695.15,0,0,0,2.60447,1.8833,7.60544,1.11101,10.9822,0.42336,0,0.42336,460.49,0,1.02816,0,0,3.63263,2.60447,1.028160,1,0,99.9982,0,0,0,99.9982,0
72.29,2.51069,0,0,3.70246,0.172608,1.01916,3.6288,61.308,0.66528,0,0,1.6511,0.248524,0.737291,0.66528,12.849,1,0.446256,1.01916,0,68.7976,5.17852,64.1919,0.84672,12.849,0.84672,3695.15,0,0,0,2.6123,1.88377,5.84398,1.18248,9.15757,0.42336,0,0.42336,460.49,0,1.02816,0,0,3.64046,2.6123,1.028160,1,0,74.0868,0,0,0,74.0868,0
72.29,2.63044,0,0,4.262,0.163431,1.46813,3.6288,61.308,0.66528,0,0,1.60919,0.253213,0.690699,0.66528,12.849,1,0.467541,1.46813,0,95.156,4.64517,91.5115,0.84672,12.849,0.84672,3695.15,0,0,0,2.09561,1.88424,6.01334,1.09299,8.9002,0.42336,0,0.42336,460.49,0,1.02816,0,0,3.12377,2.09561,1.028160,1,0,101.102,0,0,0,101.102,0
72.29,2.6311,0,0,3.68713,0.144395,0.911637,3.6288,61.308,0.66528,0,0,1.56009,0.261348,0.633463,0.66528,12.849,1,0.467657,0.911637,0,76.7794,4.79512,72.4282,0.84672,12.849,0.84672,3695.15,0,0,0,1.93533,1.98293,5.3385,1.08532,8.17144,0.42336,0,0.42336,460.49,0,1.02816,0,0,2.96349,1.93533,1.028160,1,0,81.2331,0,0,0,81.2331,0
72.29,2.63175,0,0,3.46236,0.0987262,0.731882,3.6288,61.308,0.66528,0,0,1.4438,0.275383,0.503141,0.66528,12.849,1,0.467774,0.731882,0,61.5235,5.03381,56.7538,0.84672,12.849,0.84672,3695.15,0,0,0,1.60512,1.98342,5.15405,1.18674,7.55586,0.42336,0,0.42336,460.49,0,1.02816,0,0,2.63328,1.60512,1.028160,1,0,64.8128,0,0,0,64.8128,0
72.29,2.6324,0,0,3.40926,0.0987262,0.678126,3.6288,61.308,0.66528,0,0,1.44598,0.275383,0.505318,0.66528,12.849,1,0.46789,0.678126,0,57.8521,5.03381,53.0286,0.84672,12.849,0.84672,3695.15,0,0,0,1.65796,1.98392,4.93211,1.18674,7.38724,0.42336,0,0.42336,460.49,0,1.02816,0,0,2.68612,1.65796,1.028160,1,0,60.9211,0,0,0,60.9211,0
72.069,2.63306,0,0,2.87578,0.100816,0.36288,3.6288,61.308,0.66528,0,0,1.18983,0.277224,0.247327,0.66528,12.849,1,0.468006,0.36288,0,51.6722,5.16971,46.3974,0.84672,12.849,0.84672,3695.15,0,0,0,1.62475,1.98441,4.35104,1.22235,6.73785,0.42336,0,0.42336,460.49,0,1.02816,0,0,2.65291,1.62475,1.028160,1,0,53.3826,0,0,0,53.3826,0
71.59,2.60892,0,0,2.59622,0.10343,0.36288,3.6288,61.2257,0.66528,0,0,0.862704,0.279679,0,0.66528,12.849,1,0.465137,0.36288,0,47.5904,5.3509,42.1373,0.84672,12.849,0.84672,3695.15,0,0,0,1.2989,1.9849,4.12768,1.26982,6.14166,0.42336,0,0.42336,460.49,0,1.02816,0,0,2.32706,1.2989,1.028160,1,0,48.2789,0,0,0,48.2789,0
70.9377,2.60693,0,0,2.42056,0.103053,0.36288,3.6288,61.1099,0.66528,0,0,0.82893,0.279534,0,0.66528,12.849,1,0.467892,0.36288,0,46.9608,5.3509,41.5049,0.84672,12.849,0.84672,3695.15,0,0,0,1.20513,2.01977,4.21775,1.26982,6.17284,0.42336,0,0.42336,460.49,0,1.02816,0,0,2.23329,1.20513,1.028160,1,0,47.6777,0,0,0,47.6777,0
70.061,2.60393,0,0,2.19267,0.10254,0.36288,3.6288,60.9574,0.66528,0,0,0.792124,0.279329,0,0.66528,12.849,1,0.471652,0.36288,0,46.1505,5.3509,40.6908,0.84672,12.849,0.84672,3695.15,0,0,0,1.09414,2.02028,3.98453,1.26982,5.82912,0.42336,0,0.42336,460.49,0,1.02816,0,0,2.1223,1.09414,1.028160,1,0,46.5199,0,0,0,46.5199,0
68.9978,2.59959,0,0,1.99644,0.0971718,0.36288,3.6288,60.7512,0.66528,0,0,0.749123,0.290004,0,0.66528,12.849,1,0.476758,0.36288,0,40.6261,5.49206,35.0201,0.84672,12.849,0.84672,3695.15,0,0,0,0.891432,2.02078,3.86729,1.32135,5.45815,0.42336,0,0.42336,460.49,0,1.02816,0,0,1.91959,0.891432,1.028160,1,0,40.4783,0,0,0,40.4783,0
67.8767,2.65458,0,0,1.97789,0.0815105,0.36288,3.6288,60.5024,0.66528,0,0,0.728999,0.31258,0,0.66528,12.849,1,0.494345,0.36288,0,37.7016,5.90614,31.664,0.84672,12.849,0.84672,3695.15,0,0,0,0.745312,2.02128,3.17875,1.42766,4.51769,0.42336,0,0.42336,460.49,0,1.02816,0,0,1.77347,0.745312,1.028160,1,0,36.1817,0,0,0,36.1817,0
66.714,2.64837,0,0,1.92931,0.0807993,0.36288,3.6288,60.1967,0.66528,0,0,0.671665,0.312086,0,0.66528,12.849,1,0.501335,0.36288,0,37.6535,5.90614,31.6089,0.84672,12.849,0.84672,3695.15,0,0,0,0.903519,2.07055,3.40625,1.42766,4.95267,0.42336,0,0.42336,460.49,0,1.02816,0,0,1.93168,0.903519,1.028160,1,0,36.5615,0,0,0,36.5615,0
65.4347,2.6417,0,0,1.80539,0.0800618,0.36288,3.6288,59.8416,0.66528,0,0,0.621715,0.31148,0,0.66528,12.849,1,0.508788,0.36288,0,33.9915,5.90614,27.9394,0.84672,12.849,0.84672,3695.15,0,0,0,0.820627,2.07107,3.04004,1.42766,4.50408,0.42336,0,0.42336,460.49,0,1.02816,0,0,1.84879,0.820627,1.028160,1,0,32.4435,0,0,0,32.4435,0
64.016,2.63404,0,0,1.65744,0.0792503,0.36288,3.6288,59.4804,0.66528,0,0,0.614887,0.310776,0,0.66528,12.849,1,0.51723,0.36288,0,31.0724,5.90614,25.0119,0.84672,12.849,0.84672,3695.15,0,0,0,0.668771,2.07158,2.97329,1.42766,4.28599,0.42336,0,0.42336,460.49,0,1.02816,0,0,1.69693,0.668771,1.028160,1,0,29.2979,0,0,0,29.2979,0
62.2997,2.80047,0,0,1.51467,0.0676576,0.36288,3.6288,59.188,0.66528,0,0,0.668436,0.295577,0,0.66528,12.849,1,0.562098,0.36288,0,29.1238,5.7413,23.1833,0.84672,12.849,0.84672,3695.15,0,0,0,1.06935,2.0721,4.02138,1.45662,5.7062,0.42336,0,0.42336,460.49,0,1.02816,0,0,2.09751,1.06935,1.028160,1,0,28.8895,0,0,0,28.8895,0
60.3197,2.78833,0,0,1.24592,0.0746621,0.36288,3.6288,58.8483,0.66528,0,0,0.600829,0.275238,0,0.66528,12.849,1,0.575079,0.36288,0,25.4895,5.35594,19.9213,0.84672,12.849,0.84672,3695.15,0,0,0,0.884226,2.23965,3.60809,1.42605,5.30591,0.42336,0,0.42336,460.49,0,1.02816,0,0,1.91239,0.884226,1.028160,1,0,25.2272,0,0,0,25.2272,0
59.0854,2.77345,0,0,1.994,0.0919589,0.36288,3.6288,58.6511,0.66528,0,0,0.738418,0.270415,0,0.66528,12.849,1,0.590787,0.36288,0,42.3459,5.23721,36.8808,0.84672,12.849,0.84672,3695.15,0,0,0,1.29519,2.24021,3.93313,1.41149,6.05703,0.42336,0,0.42336,460.49,0,1.02816,0,0,2.32335,1.29519,1.028160,1,0,42.9379,0,0,0,42.9379,0
58.3665,2.764,0,0,2.49927,0.0913264,0.36288,3.6288,58.6249,0.66528,0,0,0.900487,0.261397,0,0.66528,12.849,1,0.601073,0.36288,0,50.5018,5.37729,44.8864,0.84672,12.849,0.84672,3695.15,0,0,0,1.25258,2.24076,3.85745,1.39747,5.95332,0.42336,0,0.42336,460.49,0,1.02816,0,0,2.28074,1.25258,1.028160,1,0,50.8397,0,0,0,50.8397,0
57.848,2.75862,0,0,2.69865,0.0956202,0.36288,3.6288,58.6998,0.66528,0,0,0.995181,0.254967,0,0.66528,12.849,1,0.607292,0.36288,0,37.1035,5.17338,31.6857,0.84672,12.849,0.84672,3695.15,0,0,0,2.06473,2.24132,4.42516,1.34127,7.38993,0.42336,0,0.42336,460.49,0,1.02816,0,0,3.09289,2.06473,1.028160,1,0,39.0757,0,0,0,39.0757,0
56.9397,2.6708,0,0,2.23824,0.112858,0.36288,3.6288,58.6031,0.66528,0,0,0.810043,0.241412,0,0.66528,12.849,1,0.593228,0.36288,0,44.2472,4.56813,39.4487,0.84672,12.849,0.84672,3695.15,0,0,0,1.35117,2.24187,3.98059,1.20206,6.37157,0.42336,0,0.42336,460.49,0,1.02816,0,0,2.37933,1.35117,1.028160,1,0,45.8203,0,0,0,45.8203,0
56.146,2.66374,0,0,2.34474,0.111857,0.36288,3.6288,58.384,0.66528,0,0,0.687442,0.241262,0,0.66528,12.849,1,0.601098,0.36288,0,40.6358,4.56813,35.8295,0.84672,12.849,0.84672,3695.15,0,0,0,1.20316,2.14564,3.7082,1.20206,5.85495,0.42336,0,0.42336,460.49,0,1.02816,0,0,2.23132,1.20316,1.028160,1,0,41.6844,0,0,0,41.6844,0
54.9641,2.65748,0,0,2.01755,0.179092,0.36288,3.6288,58.2314,0.66528,0,0,0.705853,0.193177,0,0.66528,12.849,1,0.608164,0.36288,0,51.1579,4.26492,46.6477,0.84672,12.849,0.84672,3695.15,0,0,0,1.24815,2.14618,4.28198,1.04989,6.62642,0.42336,0,0.42336,460.49,0,1.02816,0,0,2.27631,1.24815,1.028160,1,0,53.2741,0,0,0,53.2741,0
54.1629,2.64754,0,0,2.4565,0.247305,0.36288,3.6288,58.1297,0.66528,0,0,0.709767,0.146258,0,0.66528,12.849,1,0.618917,0.36288,0,56.2518,4.683,51.3127,0.84672,12.849,0.84672,3695.15,0,0,0,1.37805,2.14671,5.71297,0.974621,8.26311,0.42336,0,0.42336,460.49,0,1.02816,0,0,2.40621,1.37805,1.028160,1,0,59.5758,0,0,0,59.5758,0
54.7438,2.57258,0,0,3.75463,0.238256,0.36288,3.6288,58.365,0.66528,0,0,1.1251,0.224523,0,0.66528,12.849,1,0.61029,0.36288,0,107.377,3.94563,103.184,0.84672,12.849,0.84672,3695.15,0,0,0,2.04134,2.14724,6.89748,0.812881,10.2732,0.42336,0,0.42336,460.49,0,1.02816,0,0,3.0695,2.04134,1.028160,1,0,113.457,0,0,0,113.457,0
56.3787,2.57846,0,0,4.8147,0.238475,0.36288,3.6288,58.7524,0.66528,0,0,1.29061,0.237944,0,0.66528,12.849,1,0.605195,0.36288,0,87.9963,3.82274,83.9313,0.84672,12.849,0.84672,3695.15,0,0,0,2.4722,2.06131,8.22124,0.785924,11.9688,0.42336,0,0.42336,460.49,0,1.02816,0,0,3.50036,2.4722,1.028160,1,0,95.9001,0,0,0,95.9001,0
58.7607,2.5934,0,0,5.58076,0.242401,0.36288,3.6288,59.1708,0.66528,0,0,1.32228,0.238538,0,0.66528,12.849,1,0.591049,0.36288,0,48.7352,3.82274,44.6843,0.84672,12.849,0.84672,3695.15,0,0,0,2.48562,2.06182,8.39858,0.785924,12.1601,0.42336,0,0.42336,460.49,0,1.02816,0,0,3.51378,2.48562,1.028160,1,0,56.8444,0,0,0,56.8444,0
60.0657,2.61371,0,0,4.57517,0.293626,0.36288,3.6288,59.3365,0.66528,0,0,1.06405,0.233135,0,0.66528,12.849,1,0.57153,0.36288,0,74.291,3.90543,70.177,0.84672,12.849,0.84672,3695.15,0,0,0,1.4856,2.06234,5.11699,0.871825,7.7931,0.42336,0,0.42336,460.49,0,1.02816,0,0,2.51376,1.4856,1.028160,1,0,77.9701,0,0,0,77.9701,0
62.2632,2.42693,0,0,5.25156,0.264298,0.36288,3.6288,60.065,0.66528,0,0,1.59549,0.201619,0,0.66528,12.849,1,0.519158,0.36288,0,112.476,3.55116,108.769,0.84672,12.849,0.84672,3695.15,0,0,0,2.79537,2.06285,6.58793,0.978506,10.4676,0.42336,0,0.42336,460.49,0,1.02816,0,0,3.82353,2.79537,1.028160,1,0,119.237,0,0,0,119.237,0
65.5303,2.44272,0,0,6.33864,0.265943,0.36288,3.6288,61.1019,0.66528,0,0,1.882,0.179814,0,0.66528,12.849,1,0.504094,0.36288,0,201.794,3.50109,198.152,0.84672,12.849,0.84672,3695.15,0,0,0,3.53571,1.87111,8.39912,1.01675,12.7892,0.42336,0,0.42336,460.49,0,1.02816,0,0,4.56387,3.53571,1.028160,1,0,210.941,0,0,0,210.941,0
68.9787,2.46434,0,0,6.57558,0.299887,0.36288,3.6288,61.308,0.66528,0,0,2.37059,0.213169,1.28609,0.66528,12.849,1,0.483202,0.36288,0,155.288,4.18981,150.978,0.84672,12.849,0.84672,3695.15,0,0,0,4.42818,1.87157,8.85263,1.21097,13.9414,0.42336,0,0.42336,460.49,0,1.02816,0,0,5.45634,4.42818,1.028160,1,0,166.206,0,0,0,166.206,0
71.5353,2.48532,0,0,5.71291,0.308158,0.36288,3.6288,61.308,0.66528,0,0,1.95111,0.213447,1.07238,0.66528,12.849,1,0.462953,0.36288,0,154.731,4.18981,150.441,0.84672,12.849,0.84672,3695.15,0,0,0,3.71882,1.87204,8.88728,1.21097,13.2672,0.42336,0,0.42336,460.49,0,1.02816,0,0,4.74698,3.71882,1.028160,1,0,164.781,0,0,0,164.781,0
72.29,2.49997,0,0,5.63819,0.312552,2.07095,3.6288,61.308,0.66528,0,0,1.8636,0.219722,0.978594,0.66528,12.849,1,0.449039,2.07095,0,165.432,4.26734,162.786,0.84672,12.849,0.84672,3695.15,0,0,0,3.49516,1.8725,10.0729,1.23171,14.2088,0.42336,0,0.42336,460.49,0,1.02816,0,0,4.52332,3.49516,1.028160,1,0,177.974,0,0,0,177.974,0
72.29,2.58302,0,0,3.67589,0.303868,0.789005,3.6288,61.308,0.66528,0,0,1.00341,0.257371,0.0807552,0.66528,12.849,1,0.459111,0.789005,0,88.1254,4.73245,83.7228,0.84672,12.849,0.84672,3695.15,0,0,0,1.46494,1.87297,7.27083,1.34685,9.26188,0.42336,0,0.42336,460.49,0,1.02816,0,0,2.4931,1.46494,1.028160,1,0,93.0655,0,0,0,93.0655,0
71.4691,2.58363,0,0,2.42946,0.303868,0.36288,3.6288,61.308,0.66528,0,0,1.14571,0.257371,0.223056,0.66528,12.849,1,0.45922,0.36288,0,67.0991,4.73245,62.2703,0.84672,12.849,0.84672,3695.15,0,0,0,1.67452,1.93344,4.47233,1.34685,6.73344,0.42336,0,0.42336,460.49,0,1.02816,0,0,2.70268,1.67452,1.028160,1,0,69.2268,0,0,0,69.2268,0
72.29,2.57977,0,0,9.05745,0.282002,5.37476,3.6288,61.308,0.66528,0,0,3.13768,0.245328,2.22707,0.66528,12.849,1,0.463802,5.37476,0,203.243,4.02063,204.133,0.84672,12.849,0.84672,3695.15,0,0,0,6.84441,1.9339,19.1886,1.20103,26.7659,0.42336,0,0.42336,460.49,0,1.02816,0,0,7.87257,6.84441,1.028160,1,0,233.126,0,0,0,233.126,0
72.29,2.58486,0,0,4.59398,0.27573,1.7334,3.6288,61.308,0.66528,0,0,1.83659,0.240511,0.930797,0.66528,12.849,1,0.459439,1.7334,0,107.759,3.7359,105.297,0.84672,12.849,0.84672,3695.15,0,0,0,3.36304,1.93436,7.7185,1.1427,11.8732,0.42336,0,0.42336,460.49,0,1.02816,0,0,4.3912,3.36304,1.028160,1,0,118.101,0,0,0,118.101,0
72.29,2.83765,0,0,4.79604,0.281612,1.67678,3.6288,61.308,0.66528,0,0,2.19059,0.277295,1.24801,0.66528,12.849,1,0.504371,1.67678,0,135.2,4.1583,132.214,0.84672,12.849,0.84672,3695.15,0,0,0,4.26519,1.93481,11.0274,1.20191,16.0255,0.42336,0,0.42336,460.49,0,1.02816,0,0,5.29335,4.26519,1.028160,1,0,149.487,0,0,0,149.487,0
72.29,2.83832,0,0,6.07124,0.283964,2.94895,3.6288,61.308,0.66528,0,0,2.90167,0.292008,1.94439,0.66528,12.849,1,0.504491,2.94895,0,175.801,4.32726,173.918,0.84672,12.849,0.84672,3695.15,0,0,0,7.29998,2.15138,18.1064,1.22559,26.3321,0.42336,0,0.42336,460.49,0,1.02816,0,0,8.32814,7.29998,1.028160,1,0,202.194,0,0,0,202.194,0
72.29,2.839,0,0,5.28951,0.283964,2.16655,3.6288,61.308,0.66528,0,0,2.22691,0.292008,1.26962,0.66528,12.849,1,0.50461,2.16655,0,156.027,4.32726,153.362,0.84672,12.849,0.84672,3695.15,0,0,0,4.32435,2.1519,11.9051,1.22559,17.1557,0.42336,0,0.42336,460.49,0,1.02816,0,0,5.35251,4.32435,1.028160,1,0,171.787,0,0,0,171.787,0
72.29,2.83967,0,0,5.13209,0.300143,1.99228,3.6288,61.308,0.66528,0,0,2.30887,0.27056,1.37303,0.66528,12.849,1,0.50473,1.99228,0,131.524,4.25868,128.753,0.84672,12.849,0.84672,3695.15,0,0,0,2.89877,2.15241,9.22476,1.16262,13.1133,0.42336,0,0.42336,460.49,0,1.02816,0,0,3.92693,2.89877,1.028160,1,0,143.239,0,0,0,143.239,0
72.29,2.48031,0,0,4.81785,0.324426,2.01311,3.6288,61.308,0.66528,0,0,2.27703,0.239636,1.37211,0.66528,12.849,1,0.440857,2.01311,0,110.416,3.37051,108.618,0.84672,12.849,0.84672,3695.15,0,0,0,2.14876,2.15292,11.2536,0.865234,14.6901,0.42336,0,0.42336,460.49,0,1.02816,0,0,3.17692,2.14876,1.028160,1,0,124.68,0,0,0,124.68,0
71.928,2.4809,0,0,2.80727,0.325511,0.36288,3.6288,61.308,0.66528,0,0,0.980087,0.238706,0.0761014,0.66528,12.849,1,0.440961,0.36288,0,87.588,3.05182,84.4581,0.84672,12.849,0.84672,3695.15,0,0,0,1.25582,1.85843,6.73441,0.779865,9.0688,0.42336,0,0.42336,460.49,0,1.02816,0,0,2.28398,1.25582,1.028160,1,0,93.603,0,0,0,93.603,0
71.1131,2.47961,0,0,2.35227,0.324617,0.36288,3.6288,61.2775,0.66528,0,0,0.873521,0.238706,0,0.66528,12.849,1,0.442949,0.36288,0,95.2137,3.05182,92.0818,0.84672,12.849,0.84672,3695.15,0,0,0,0.733778,1.85887,5.63015,0.779865,7.44294,0.42336,0,0.42336,460.49,0,1.02816,0,0,1.76194,0.733778,1.028160,1,0,99.5247,0,0,0,99.5247,0
72.29,2.4759,0,0,5.33379,0.318021,1.36302,3.6288,61.308,0.66528,0,0,1.48401,0.263643,0.524628,0.66528,12.849,1,0.447354,1.36302,0,91.7257,3.60717,89.0342,0.84672,12.849,0.84672,3695.15,0,0,0,2.01206,1.85931,13.2112,0.931242,16.1513,0.42336,0,0.42336,460.49,0,1.02816,0,0,3.04022,2.01206,1.028160,1,0,105.71,0,0,0,105.71,0
72.29,2.48267,0,0,4.30247,0.286523,1.53328,3.6288,61.308,0.66528,0,0,1.19209,0.252129,0.274677,0.66528,12.849,1,0.441275,1.53328,0,132.157,4.61298,128.636,0.84672,12.849,0.84672,3695.15,0,0,0,1.41273,1.85976,10.5284,1.08954,12.7113,0.42336,0,0.42336,460.49,0,1.02816,0,0,2.44089,1.41273,1.028160,1,0,141.622,0,0,0,141.622,0
72.29,2.57399,0,0,4.79119,0.29849,1.91871,3.6288,61.308,0.66528,0,0,1.7097,0.218144,0.826276,0.66528,12.849,1,0.457507,1.91871,0,87.6925,4.29629,84.8575,0.84672,12.849,0.84672,3695.15,0,0,0,2.17204,1.8602,9.6914,0.890937,12.8327,0.42336,0,0.42336,460.49,0,1.02816,0,0,3.2002,2.17204,1.028160,1,0,98.5164,0,0,0,98.5164,0
72.29,2.5746,0,0,5.81166,0.29849,2.93857,3.6288,61.308,0.66528,0,0,2.70784,0.218144,1.82441,0.66528,12.849,1,0.457616,2.93857,0,201.971,4.29629,200.156,0.84672,12.849,0.84672,3695.15,0,0,0,3.94917,1.93345,17.5391,0.890937,22.5308,0.42336,0,0.42336,460.49,0,1.02816,0,0,4.97733,3.94917,1.028160,1,0,224.511,0,0,0,224.511,0
72.29,2.57521,0,0,4.06856,0.29849,1.19486,3.6288,61.308,0.66528,0,0,1.10277,0.218144,0.219342,0.66528,12.849,1,0.457724,1.19486,0,135.453,4.29629,131.894,0.84672,12.849,0.84672,3695.15,0,0,0,1.5964,1.93391,7.49909,0.890937,10.1385,0.42336,0,0.42336,460.49,0,1.02816,0,0,2.62456,1.5964,1.028160,1,0,142.251,0,0,0,142.251,0
72.29,2.57582,0,0,3.77673,0.281796,0.919117,3.6288,61.308,0.66528,0,0,0.959792,0.229102,0.0654093,0.66528,12.849,1,0.457833,0.919117,0,129.715,4.51223,125.664,0.84672,12.849,0.84672,3695.15,0,0,0,1.27395,1.93437,6.64468,0.930768,8.92223,0.42336,0,0.42336,460.49,0,1.02816,0,0,2.30211,1.27395,1.028160,1,0,134.652,0,0,0,134.652,0
72.29,2.54092,0,0,3.32089,0.239711,0.540255,3.6288,61.308,0.66528,0,0,1.35215,0.212161,0.47471,0.66528,12.849,1,0.45163,0.540255,0,80.7347,3.82284,77.0005,0.84672,12.849,0.84672,3695.15,0,0,0,1.96141,1.93483,6.06341,0.975979,8.98367,0.42336,0,0.42336,460.49,0,1.02816,0,0,2.98957,1.96141,1.028160,1,0,86.4589,0,0,0,86.4589,0
72.0968,2.54152,0,0,2.95093,0.239711,0.36288,3.6288,61.308,0.66528,0,0,1.46654,0.212161,0.589104,0.66528,12.849,1,0.451737,0.36288,0,74.9874,3.82284,71.0757,0.84672,12.849,0.84672,3695.15,0,0,0,2.16126,1.90693,6.22101,0.975979,9.31322,0.42336,0,0.42336,460.49,0,1.02816,0,0,3.18942,2.16126,1.028160,1,0,80.9781,0,0,0,80.9781,0
72.0355,2.5411,0,0,3.08206,0.23936,0.36288,3.6288,61.308,0.66528,0,0,1.25623,0.212161,0.378789,0.66528,12.849,1,0.452871,0.36288,0,74.3705,3.82284,70.4577,0.84672,12.849,0.84672,3695.15,0,0,0,1.61997,1.90738,7.29964,0.975979,9.85101,0.42336,0,0.42336,460.49,0,1.02816,0,0,2.64813,1.61997,1.028160,1,0,80.6875,0,0,0,80.6875,0
71.9404,2.54137,0,0,3.0119,0.202826,0.36288,3.6288,61.308,0.66528,0,0,1.22501,0.229965,0.32976,0.66528,12.849,1,0.453306,0.36288,0,73.9411,5.22639,68.6243,0.84672,12.849,0.84672,3695.15,0,0,0,1.73839,1.90783,6.59478,1.03131,9.2097,0.42336,0,0.42336,460.49,0,1.02816,0,0,2.76655,1.73839,1.028160,1,0,78.1638,0,0,0,78.1638,0
71.2038,2.66203,0,0,2.45389,0.165558,0.36288,3.6288,61.308,0.66528,0,0,1.18111,0.237957,0.277877,0.66528,12.849,1,0.475455,0.36288,0,54.9622,5.24822,49.6014,0.84672,12.849,0.84672,3695.15,0,0,0,1.66421,1.90828,5.78406,1.0852,8.27135,0.42336,0,0.42336,460.49,0,1.02816,0,0,2.69237,1.66421,1.028160,1,0,58.1507,0,0,0,58.1507,0
70.3337,2.65849,0,0,2.29281,0.14147,0.36288,3.6288,61.308,0.66528,0,0,1.08124,0.241726,0.174229,0.66528,12.849,1,0.479735,0.36288,0,54.3585,5.08914,49.1525,0.84672,12.849,0.84672,3695.15,0,0,0,1.4127,2.00821,5.58725,1.1187,7.88946,0.42336,0,0.42336,460.49,0,1.02816,0,0,2.44086,1.4127,1.028160,1,0,57.2162,0,0,0,57.2162,0
69.4339,2.6541,0,0,2.25766,0.140528,0.36288,3.6288,61.308,0.66528,0,0,1.08288,0.241726,0.175871,0.66528,12.849,1,0.484868,0.36288,0,51.1148,5.08914,45.9036,0.84672,12.849,0.84672,3695.15,0,0,0,1.46168,2.00869,5.34666,1.1187,7.69832,0.42336,0,0.42336,460.49,0,1.02816,0,0,2.48984,1.46168,1.028160,1,0,53.7778,0,0,0,53.7778,0
68.2909,2.64943,0,0,2.01848,0.149175,0.36288,3.6288,61.308,0.66528,0,0,1.04153,0.239093,0.137162,0.66528,12.849,1,0.490286,0.36288,0,48.458,4.91991,43.4106,0.84672,12.849,0.84672,3695.15,0,0,0,1.57264,2.00916,4.94084,1.12523,7.39742,0.42336,0,0.42336,460.49,0,1.02816,0,0,2.6008,1.57264,1.028160,1,0,50.9452,0,0,0,50.9452,0
67.143,2.64315,0,0,2.01156,0.153378,0.36288,3.6288,61.308,0.66528,0,0,1.0936,0.242811,0.185509,0.66528,12.849,1,0.497311,0.36288,0,44.0072,4.63283,39.24,0.84672,12.849,0.84672,3695.15,0,0,0,1.55689,2.00964,4.86923,1.14728,7.28848,0.42336,0,0.42336,460.49,0,1.02816,0,0,2.58505,1.55689,1.028160,1,0,46.714,0,0,0,46.714,0
66.199,2.61302,0,0,2.13847,0.106625,0.36288,3.6288,61.308,0.66528,0,0,1.23487,0.268565,0.301027,0.66528,12.849,1,0.500047,0.36288,0,42.3208,4.9728,37.2108,0.84672,12.849,0.84672,3695.15,0,0,0,1.51641,2.01012,5.56598,1.16161,7.93091,0.42336,0,0.42336,460.49,0,1.02816,0,0,2.54457,1.51641,1.028160,1,0,45.4428,0,0,0,45.4428,0
65.0995,2.60767,0,0,1.97688,0.10583,0.36288,3.6288,61.308,0.66528,0,0,1.19385,0.268565,0.260004,0.66528,12.849,1,0.506139,0.36288,0,42.065,4.9728,36.9489,0.84672,12.849,0.84672,3695.15,0,0,0,1.47336,2.04541,5.6439,1.16161,8.00106,0.42336,0,0.42336,460.49,0,1.02816,0,0,2.50152,1.47336,1.028160,1,0,45.21,0,0,0,45.21,0
63.8252,2.60114,0,0,1.79467,0.104904,0.36288,3.6288,61.308,0.66528,0,0,1.12781,0.268565,0.193969,0.66528,12.849,1,0.5134,0.36288,0,40.8149,4.9728,35.6916,0.84672,12.849,0.84672,3695.15,0,0,0,1.22795,2.04589,5.30521,1.16161,7.41745,0.42336,0,0.42336,460.49,0,1.02816,0,0,2.25611,1.22795,1.028160,1,0,43.303,0,0,0,43.303,0
62.4175,2.59323,0,0,1.64331,0.0949215,0.36288,3.6288,61.308,0.66528,0,0,1.07338,0.290503,0.117598,0.66528,12.849,1,0.522056,0.36288,0,35.9936,5.2551,30.5794,0.84672,12.849,0.84672,3695.15,0,0,0,1.1354,2.04638,5.15213,1.26465,7.06925,0.42336,0,0.42336,460.49,0,1.02816,0,0,2.16356,1.1354,1.028160,1,0,37.7662,0,0,0,37.7662,0
61.0308,2.64438,0,0,1.69897,0.0783895,0.36288,3.6288,61.2591,0.66528,0,0,0.915348,0.299009,0,0.66528,12.849,1,0.544361,0.36288,0,33.5682,5.67573,27.711,0.84672,12.849,0.84672,3695.15,0,0,0,1.02321,2.04686,4.40001,1.39331,6.07677,0.42336,0,0.42336,460.49,0,1.02816,0,0,2.05137,1.02321,1.028160,1,0,33.7878,0,0,0,33.7878,0
59.6052,2.63479,0,0,1.65064,0.078581,0.36288,3.6288,61.1744,0.66528,0,0,0.871862,0.291195,0,0.66528,12.849,1,0.554709,0.36288,0,31.5763,5.62821,25.7563,0.84672,12.849,0.84672,3695.15,0,0,0,1.04801,2.09673,4.40759,1.37182,6.18051,0.42336,0,0.42336,460.49,0,1.02816,0,0,2.07617,1.04801,1.028160,1,0,31.9368,0,0,0,31.9368,0
57.9796,2.62449,0,0,1.43932,0.0775861,0.36288,3.6288,61.0403,0.66528,0,0,0.822156,0.291039,0,0.66528,12.849,1,0.565758,0.36288,0,29.9163,5.62821,24.0853,0.84672,12.849,0.84672,3695.15,0,0,0,0.855222,2.09723,4.21152,1.37182,5.79215,0.42336,0,0.42336,460.49,0,1.02816,0,0,1.88338,0.855222,1.028160,1,0,29.8774,0,0,0,29.8774,0
56.26,2.61213,0,0,1.32739,0.0720186,0.36288,3.6288,60.8897,0.66528,0,0,0.80803,0.293378,0,0.66528,12.849,1,0.57888,0.36288,0,28.2234,5.70298,22.3044,0.84672,12.849,0.84672,3695.15,0,0,0,0.771967,2.09773,4.17319,1.38676,5.65612,0.42336,0,0.42336,460.49,0,1.02816,0,0,1.80013,0.771967,1.028160,1,0,27.9606,0,0,0,27.9606,0
54.2923,2.77187,0,0,1.22795,0.0608767,0.36288,3.6288,60.7004,0.66528,0,0,0.784201,0.308139,0,0.66528,12.849,1,0.633057,0.36288,0,26.6612,5.92533,20.4657,0.84672,12.849,0.84672,3695.15,0,0,0,0.782888,2.09822,3.80276,1.40988,5.27399,0.42336,0,0.42336,460.49,0,1.02816,0,0,1.81105,0.782888,1.028160,1,0,25.7397,0,0,0,25.7397,0
52.7464,2.75397,0,0,1.63508,0.0640958,0.36288,3.6288,60.633,0.66528,0,0,0.920298,0.322473,0,0.66528,12.849,1,0.651764,0.36288,0,30.4127,5.89092,24.2329,0.84672,12.849,0.84672,3695.15,0,0,0,1.19723,2.26786,3.88975,1.45985,5.89498,0.42336,0,0.42336,460.49,0,1.02816,0,0,2.22539,1.19723,1.028160,1,0,30.1279,0,0,0,30.1279,0
50.8776,2.73926,0,0,1.29643,0.0630935,0.36288,3.6288,60.3361,0.66528,0,0,0.690751,0.322334,0,0.66528,12.849,1,0.667282,0.36288,0,33.3945,5.89092,27.1991,0.84672,12.849,0.84672,3695.15,0,0,0,0.643231,2.2684,3.12318,1.45985,4.57495,0.42336,0,0.42336,460.49,0,1.02816,0,0,1.67139,0.643231,1.028160,1,0,31.7741,0,0,0,31.7741,0
49.3083,2.72033,0,0,1.57575,0.0618819,0.36288,3.6288,60.4597,0.66528,0,0,1.11057,0.321727,0,0.66528,12.849,1,0.687013,0.36288,0,29.1097,5.89092,22.8947,0.84672,12.849,0.84672,3695.15,0,0,0,1.74289,2.26893,4.50011,1.45985,7.05208,0.42336,0,0.42336,460.49,0,1.02816,0,0,2.77105,1.74289,1.028160,1,0,29.9467,0,0,0,29.9467,0
47.4297,2.70363,0,0,1.25282,0.0648589,0.36288,3.6288,60.2467,0.66528,0,0,0.765953,0.313703,0,0.66528,12.849,1,0.704525,0.36288,0,28.3098,5.47535,22.4928,0.84672,12.849,0.84672,3695.15,0,0,0,0.971482,2.26947,4.33283,1.32373,6.25006,0.42336,0,0.42336,460.49,0,1.02816,0,0,1.99964,0.971482,1.028160,1,0,28.7429,0,0,0,28.7429,0
45.7446,2.60047,0,0,1.35111,0.0728758,0.36288,3.6288,59.9079,0.66528,0,0,0.686051,0.359561,0,0.66528,12.849,1,0.704482,0.36288,0,32.0015,5.56972,26.0902,0.84672,12.849,0.84672,3695.15,0,0,0,1.08112,2.27001,4.6996,1.51433,6.5364,0.42336,0,0.42336,460.49,0,1.02816,0,0,2.10928,1.08112,1.028160,1,0,32.6266,0,0,0,32.6266,0
44.2044,2.58082,0,0,1.52182,0.118326,0.36288,3.6288,59.5714,0.66528,0,0,0.6466,0.317747,0,0.66528,12.849,1,0.724914,0.36288,0,25.6405,5.23843,20.04,0.84672,12.849,0.84672,3695.15,0,0,0,0.874351,2.17255,3.75933,1.40054,5.40569,0.42336,0,0.42336,460.49,0,1.02816,0,0,1.90251,0.874351,1.028160,1,0,25.4457,0,0,0,25.4457,0
43.1938,2.56185,0,0,2.03804,0.123952,0.36288,3.6288,59.3911,0.66528,0,0,0.795208,0.31024,0,0.66528,12.849,1,0.74466,0.36288,0,34.0228,5.18322,28.4578,0.84672,12.849,0.84672,3695.15,0,0,0,1.49048,2.17306,4.62063,1.38158,6.90259,0.42336,0,0.42336,460.49,0,1.02816,0,0,2.51864,1.49048,1.028160,1,0,35.3604,0,0,0,35.3604,0
42.7264,2.54903,0,0,2.56703,0.122526,0.36288,3.6288,59.6082,0.66528,0,0,1.19221,0.309883,0,0.66528,12.849,1,0.758268,0.36288,0,69.2476,5.18322,63.669,0.84672,12.849,0.84672,3695.15,0,0,0,2.75077,2.17357,6.38234,1.38158,9.92511,0.42336,0,0.42336,460.49,0,1.02816,0,0,3.77893,2.75077,1.028160,1,0,73.5941,0,0,0,73.5941,0
41.1657,2.47755,0,0,1.45333,0.173534,0.36288,3.6288,59.5172,0.66528,0,0,0.848223,0.27386,0,0.66528,12.849,1,0.745069,0.36288,0,48.9591,4.96962,43.6073,0.84672,12.849,0.84672,3695.15,0,0,0,1.19675,2.17409,3.76612,1.26397,5.873,0.42336,0,0.42336,460.49,0,1.02816,0,0,2.22491,1.19675,1.028160,1,0,49.4803,0,0,0,49.4803,0
39.0264,2.45661,0,0,0.870895,0.190692,0.36288,3.6288,59.3577,0.66528,0,0,0.764865,0.259128,0,0.66528,12.849,1,0.766777,0.36288,0,48.5755,4.88418,43.2874,0.84672,12.849,0.84672,3695.15,0,0,0,0.818389,2.08706,3.53153,1.21692,5.22005,0.42336,0,0.42336,460.49,0,1.02816,0,0,1.84655,0.818389,1.028160,1,0,48.5074,0,0,0,48.5074,0
37.219,2.42556,0,0,1.1631,0.18213,0.36288,3.6288,59.3473,0.66528,0,0,0.911736,0.256903,0,0.66528,12.849,1,0.798587,0.36288,0,32.9232,4.83618,27.6513,0.84672,12.849,0.84672,3695.15,0,0,0,1.16403,2.08755,4.63129,1.22766,6.65522,0.42336,0,0.42336,460.49,0,1.02816,0,0,2.19219,1.16403,1.028160,1,0,34.3066,0,0,0,34.3066,0
39.0221,2.3973,0,0,4.73251,0.169235,0.36288,3.6288,60.0758,0.66528,0,0,1.61919,0.2254,0,0.66528,12.849,1,0.827612,0.36288,0,102.298,4.12747,97.7063,0.84672,12.849,0.84672,3695.15,0,0,0,2.53623,2.08805,11.1174,1.18437,14.5573,0.42336,0,0.42336,460.49,0,1.02816,0,0,3.56439,2.53623,1.028160,1,0,112.264,0,0,0,112.264,0
38.4637,2.24389,0,0,2.20813,0.15974,0.36288,3.6288,60.3443,0.66528,0,0,1.15411,0.220243,0,0.66528,12.849,1,0.738856,0.36288,0,63.4466,3.68263,59.388,0.84672,12.849,0.84672,3695.15,0,0,0,1.51267,2.08854,8.18984,1.06708,10.724,0.42336,0,0.42336,460.49,0,1.02816,0,0,2.54083,1.51267,1.028160,1,0,70.112,0,0,0,70.112,0
37.5868,2.23637,0,0,1.92081,0.198495,0.36288,3.6288,60.6602,0.66528,0,0,1.20359,0.22241,0,0.66528,12.849,1,0.747073,0.36288,0,63.5554,3.80667,59.3645,0.84672,12.849,0.84672,3695.15,0,0,0,1.63093,1.89439,7.21602,1.06705,9.67429,0.42336,0,0.42336,460.49,0,1.02816,0,0,2.65909,1.63093,1.028160,1,0,69.0388,0,0,0,69.0388,0
36.8436,2.22391,0,0,2.04007,0.196469,0.36288,3.6288,60.9428,0.66528,0,0,1.1707,0.222857,0,0.66528,12.849,1,0.760242,0.36288,0,63.8472,3.80667,59.6431,0.84672,12.849,0.84672,3695.15,0,0,0,1.38219,1.89484,6.40558,1.06705,8.61555,0.42336,0,0.42336,460.49,0,1.02816,0,0,2.41035,1.38219,1.028160,1,0,68.2587,0,0,0,68.2587,0
35.7722,2.21306,0,0,1.6993,0.194752,0.36288,3.6288,61.1958,0.66528,0,0,1.14151,0.223257,0,0.66528,12.849,1,0.771794,0.36288,0,63.5927,3.80667,59.3771,0.84672,12.849,0.84672,3695.15,0,0,0,1.25791,1.89529,6.39835,1.06705,8.48449,0.42336,0,0.42336,460.49,0,1.02816,0,0,2.28607,1.25791,1.028160,1,0,67.8616,0,0,0,67.8616,0
35.8383,2.19658,0,0,2.81655,0.190967,0.36288,3.6288,61.308,0.66528,0,0,1.13816,0.245145,0.115523,0.66528,12.849,1,0.788988,0.36288,0,59.2549,4.46817,54.3607,0.84672,12.849,0.84672,3695.15,0,0,0,1.68287,1.89574,6.69006,1.27241,8.99626,0.42336,0,0.42336,460.49,0,1.02816,0,0,2.71103,1.68287,1.028160,1,0,63.4724,0,0,0,63.4724,0
40.3584,2.26702,0,0,7.34209,0.192141,0.36288,3.6288,61.308,0.66528,0,0,2.84609,0.250237,1.93058,0.66528,12.849,1,0.812786,0.36288,0,157.143,4.78044,151.913,0.84672,12.849,0.84672,3695.15,0,0,0,5.56604,1.89618,16.8842,1.25654,23.0899,0.42336,0,0.42336,460.49,0,1.02816,0,0,6.5942,5.56604,1.028160,1,0,176.934,0,0,0,176.934,0
51.3077,2.33659,0,0,13.8515,0.202627,0.36288,3.6288,61.308,0.66528,0,0,4.40842,0.250237,3.4929,0.66528,12.849,1,0.743907,0.36288,0,429.854,4.78044,424.692,0.84672,12.849,0.84672,3695.15,0,0,0,5.6453,1.95738,29.5129,1.25654,35.8591,0.42336,0,0.42336,460.49,0,1.02816,0,0,6.67346,5.6453,1.028160,1,0,464.044,0,0,0,464.044,0
54.5855,2.46411,0,0,6.33374,0.228997,0.36288,3.6288,61.308,0.66528,0,0,1.93094,0.250237,1.01542,0.66528,12.849,1,0.617086,0.36288,0,174.57,4.78044,169.536,0.84672,12.849,0.84672,3695.15,0,0,0,3.39034,1.95782,12.7561,1.25654,16.8477,0.42336,0,0.42336,460.49,0,1.02816,0,0,4.4185,3.39034,1.028160,1,0,187.399,0,0,0,187.399,0
56.2527,2.49466,0,0,4.75672,0.231917,0.36288,3.6288,61.308,0.66528,0,0,1.48169,0.20283,0.613581,0.66528,12.849,1,0.587225,0.36288,0,118.589,4.36746,113.997,0.84672,12.849,0.84672,3695.15,0,0,0,2.74364,1.95827,9.90455,1.05632,13.5501,0.42336,0,0.42336,460.49,0,1.02816,0,0,3.7718,2.74364,1.028160,1,0,128.161,0,0,0,128.161,0
59.0473,2.75416,0,0,6.14226,0.230658,0.36288,3.6288,61.308,0.66528,0,0,2.23442,0.242456,1.32668,0.66528,12.849,1,0.629093,0.36288,0,172.116,4.19187,167.658,0.84672,12.849,0.84672,3695.15,0,0,0,3.90634,1.95871,14.6326,1.18241,19.3153,0.42336,0,0.42336,460.49,0,1.02816,0,0,4.9345,3.90634,1.028160,1,0,188.3,0,0,0,188.3,0
62.1465,2.77924,0,0,6.46531,0.223966,0.36288,3.6288,61.308,0.66528,0,0,2.41002,0.225756,1.51899,0.66528,12.849,1,0.604777,0.36288,0,188.156,3.66009,184.254,0.84672,12.849,0.84672,3695.15,0,0,0,4.51987,2.17793,16.5,1.067,22.1308,0.42336,0,0.42336,460.49,0,1.02816,0,0,5.54803,4.51987,1.028160,1,0,207.904,0,0,0,207.904,0
66.3717,2.80487,0,0,7.66083,0.267886,0.36288,3.6288,61.308,0.66528,0,0,3.37845,0.260641,2.45253,0.66528,12.849,1,0.579915,0.36288,0,177.657,3.89554,173.545,0.84672,12.849,0.84672,3695.15,0,0,0,5.27443,2.17842,21.1536,1.16249,27.4439,0.42336,0,0.42336,460.49,0,1.02816,0,0,6.30259,5.27443,1.028160,1,0,203.441,0,0,0,203.441,0
72.29,2.83644,0,0,10.6172,0.290533,1.57194,3.6288,61.308,0.66528,0,0,6.12795,0.27812,5.18455,0.66528,12.849,1,0.54911,1.57194,0,307.898,4.02308,304.898,0.84672,12.849,0.84672,3695.15,0,0,0,7.08817,2.17891,36.4108,1.20701,44.4708,0.42336,0,0.42336,460.49,0,1.02816,0,0,8.11633,7.08817,1.028160,1,0,354.554,0,0,0,354.554,0
72.29,2.5108,0,0,7.11418,0.313467,4.28992,3.6288,61.308,0.66528,0,0,4.12686,0.26701,3.19457,0.66528,12.849,1,0.446275,4.28992,0,337.649,3.69248,337.801,0.84672,12.849,0.84672,3695.15,0,0,0,5.24457,2.1794,21.7988,1.09185,28.1309,0.42336,0,0.42336,460.49,0,1.02816,0,0,6.27273,5.24457,1.028160,1,0,369.126,0,0,0,369.126,0
72.29,2.51137,0,0,5.02756,0.320423,2.19578,3.6288,61.308,0.66528,0,0,1.64532,0.258678,0.721357,0.66528,12.849,1,0.446376,2.19578,0,202.182,3.44452,200.487,0.84672,12.849,0.84672,3695.15,0,0,0,2.50639,1.88127,12.8136,1.00549,16.1958,0.42336,0,0.42336,460.49,0,1.02816,0,0,3.53455,2.50639,1.028160,1,0,217.404,0,0,0,217.404,0
72.29,2.51193,0,0,7.53057,0.320423,4.69822,3.6288,61.308,0.66528,0,0,4.68913,0.258678,3.76517,0.66528,12.849,1,0.446477,4.69822,0,218.088,3.44452,218.896,0.84672,12.849,0.84672,3695.15,0,0,0,6.08234,1.8817,19.2999,1.00549,26.2584,0.42336,0,0.42336,460.49,0,1.02816,0,0,7.1105,6.08234,1.028160,1,0,248.919,0,0,0,248.919,0
72.29,2.5125,0,0,8.79831,0.321488,5.96432,3.6288,61.308,0.66528,0,0,3.92359,0.213259,3.04505,0.66528,12.849,1,0.446578,5.96432,0,208.755,3.23614,211.037,0.84672,12.849,0.84672,3695.15,0,0,0,4.3752,1.88212,20.1231,0.930388,25.45,0.42336,0,0.42336,460.49,0,1.02816,0,0,5.40336,4.3752,1.028160,1,0,239.532,0,0,0,239.532,0
72.29,2.51307,0,0,5.07088,0.320574,2.23724,3.6288,61.308,0.66528,0,0,1.64889,0.185658,0.797954,0.66528,12.849,1,0.446679,2.23724,0,148.527,3.12237,147.195,0.84672,12.849,0.84672,3695.15,0,0,0,2.16655,1.88255,10.8674,0.88312,14.0334,0.42336,0,0.42336,460.49,0,1.02816,0,0,3.19471,2.16655,1.028160,1,0,162.026,0,0,0,162.026,0
72.29,2.60548,0,0,4.12055,0.3103,1.20478,3.6288,61.308,0.66528,0,0,2.14749,0.224437,1.25777,0.66528,12.849,1,0.463104,1.20478,0,125.045,3.37743,122.409,0.84672,12.849,0.84672,3695.15,0,0,0,2.83672,1.88297,9.06025,0.937452,12.8425,0.42336,0,0.42336,460.49,0,1.02816,0,0,3.86488,2.83672,1.028160,1,0,136.509,0,0,0,136.509,0
72.29,2.60606,0,0,4.29907,0.3103,1.38271,3.6288,61.308,0.66528,0,0,2.49511,0.224437,1.60539,0.66528,12.849,1,0.463208,1.38271,0,111.18,3.37743,108.722,0.84672,12.849,0.84672,3695.15,0,0,0,3.30967,1.95711,8.14044,0.937452,12.4698,0.42336,0,0.42336,460.49,0,1.02816,0,0,4.33783,3.30967,1.028160,1,0,122.798,0,0,0,122.798,0
72.29,2.60665,0,0,6.03182,0.305439,3.11973,3.6288,61.308,0.66528,0,0,3.33822,0.198817,2.47412,0.66528,12.849,1,0.463313,3.11973,0,182.637,3.17433,182.12,0.84672,12.849,0.84672,3695.15,0,0,0,4.2403,1.95755,16.8505,0.926584,22.1218,0.42336,0,0.42336,460.49,0,1.02816,0,0,5.26846,4.2403,1.028160,1,0,206.715,0,0,0,206.715,0
72.29,2.60724,0,0,4.20187,0.256717,1.33791,3.6288,61.308,0.66528,0,0,2.79622,0.174236,1.95671,0.66528,12.849,1,0.463417,1.33791,0,179.326,3.17622,177.024,0.84672,12.849,0.84672,3695.15,0,0,0,2.85208,1.95799,9.98516,1.04199,13.7532,0.42336,0,0.42336,460.49,0,1.02816,0,0,3.88024,2.85208,1.028160,1,0,192.734,0,0,0,192.734,0
72.29,2.57189,0,0,4.34819,0.240281,1.53602,3.6288,61.308,0.66528,0,0,2.52319,0.169589,1.68832,0.66528,12.849,1,0.457133,1.53602,0,207.38,3.28065,205.178,0.84672,12.849,0.84672,3695.15,0,0,0,4.31931,1.95843,10.3194,0.962445,15.6347,0.42336,0,0.42336,460.49,0,1.02816,0,0,5.34747,4.31931,1.028160,1,0,222.501,0,0,0,222.501,0
72.29,2.57247,0,0,3.85846,0.199447,1.08655,3.6288,61.308,0.66528,0,0,1.99634,0.209928,1.12113,0.66528,12.849,1,0.457236,1.08655,0,112.488,3.82893,109.289,0.84672,12.849,0.84672,3695.15,0,0,0,3.96453,1.93017,8.55066,1.0977,13.3477,0.42336,0,0.42336,460.49,0,1.02816,0,0,4.99269,3.96453,1.028160,1,0,123.758,0,0,0,123.758,0
72.29,2.57305,0,0,3.18944,0.199447,0.416945,3.6288,61.308,0.66528,0,0,1.7103,0.209928,0.835089,0.66528,12.849,1,0.45734,0.416945,0,94.5518,3.82893,90.6825,0.84672,12.849,0.84672,3695.15,0,0,0,3.4549,1.9306,6.86111,1.0977,11.1489,0.42336,0,0.42336,460.49,0,1.02816,0,0,4.48306,3.4549,1.028160,1,0,102.667,0,0,0,102.667,0
71.9003,2.57363,0,0,2.74627,0.199447,0.36288,3.6288,61.308,0.66528,0,0,1.54616,0.209928,0.670955,0.66528,12.849,1,0.457443,0.36288,0,70.6433,3.82893,66.7198,0.84672,12.849,0.84672,3695.15,0,0,0,3.00648,1.93104,5.79061,1.0977,9.63042,0.42336,0,0.42336,460.49,0,1.02816,0,0,4.03464,3.00648,1.028160,1,0,77.0212,0,0,0,77.0212,0
71.5922,2.69412,0,0,2.91643,0.167517,0.36288,3.6288,61.308,0.66528,0,0,1.4193,0.238241,0.51578,0.66528,12.849,1,0.481454,0.36288,0,81.3677,4.11129,77.1379,0.84672,12.849,0.84672,3695.15,0,0,0,2.90584,1.93147,6.29373,1.11353,10.0175,0.42336,0,0.42336,460.49,0,1.02816,0,0,3.934,2.90584,1.028160,1,0,87.6712,0,0,0,87.6712,0
71.3385,2.69297,0,0,2.94508,0.143,0.36288,3.6288,61.308,0.66528,0,0,1.40097,0.258084,0.477604,0.66528,12.849,1,0.48332,0.36288,0,81.8776,4.53642,77.2207,0.84672,12.849,0.84672,3695.15,0,0,0,3.0174,2.03259,6.74451,1.16373,10.6308,0.42336,0,0.42336,460.49,0,1.02816,0,0,4.04556,3.0174,1.028160,1,0,88.3291,0,0,0,88.3291,0
70.7392,2.69212,0,0,2.59845,0.142724,0.36288,3.6288,61.308,0.66528,0,0,1.47872,0.258084,0.555355,0.66528,12.849,1,0.484886,0.36288,0,55.6501,4.53642,50.9916,0.84672,12.849,0.84672,3695.15,0,0,0,3.02721,2.03305,6.51313,1.16373,10.4097,0.42336,0,0.42336,460.49,0,1.02816,0,0,4.05537,3.02721,1.028160,1,0,61.9567,0,0,0,61.9567,0
70.1478,2.68925,0,0,2.60278,0.14207,0.36288,3.6288,61.308,0.66528,0,0,1.38293,0.258084,0.459563,0.66528,12.849,1,0.488472,0.36288,0,56.1353,4.53642,51.4733,0.84672,12.849,0.84672,3695.15,0,0,0,1.85185,2.03351,5.66361,1.16373,8.38524,0.42336,0,0.42336,460.49,0,1.02816,0,0,2.88001,1.85185,1.028160,1,0,60.3181,0,0,0,60.3181,0
69.2948,2.68637,0,0,2.32389,0.127631,0.36288,3.6288,61.308,0.66528,0,0,1.1628,0.266047,0.23147,0.66528,12.849,1,0.492064,0.36288,0,58.435,4.71982,53.586,0.84672,12.849,0.84672,3695.15,0,0,0,1.90463,2.03397,5.66889,1.2209,8.38658,0.42336,0,0.42336,460.49,0,1.02816,0,0,2.93279,1.90463,1.028160,1,0,62.204,0,0,0,62.204,0
68.8669,2.65785,0,0,2.68898,0.096139,0.36288,3.6288,61.308,0.66528,0,0,1.1184,0.31062,0.142496,0.66528,12.849,1,0.492832,0.36288,0,63.339,5.30901,57.9,0.84672,12.849,0.84672,3695.15,0,0,0,2.34983,2.03443,6.07481,1.37144,9.08762,0.42336,0,0.42336,460.49,0,1.02816,0,0,3.37799,2.34983,1.028160,1,0,67.1301,0,0,0,67.1301,0
68.1874,2.65587,0,0,2.43503,0.0958196,0.36288,3.6288,61.308,0.66528,0,0,1.08155,0.31062,0.105646,0.66528,12.849,1,0.495524,0.36288,0,57.2574,5.30901,51.8157,0.84672,12.849,0.84672,3695.15,0,0,0,2.20247,2.07012,5.96328,1.37144,8.86443,0.42336,0,0.42336,460.49,0,1.02816,0,0,3.23063,2.20247,1.028160,1,0,60.7858,0,0,0,60.7858,0
67.4267,2.65231,0,0,2.34982,0.0953124,0.36288,3.6288,61.308,0.66528,0,0,1.00714,0.31062,0.0312384,0.66528,12.849,1,0.499792,0.36288,0,52.3822,5.30901,46.9362,0.84672,12.849,0.84672,3695.15,0,0,0,1.82121,2.07059,5.77531,1.37144,8.29567,0.42336,0,0.42336,460.49,0,1.02816,0,0,2.84937,1.82121,1.028160,1,0,55.2631,0,0,0,55.2631,0
66.587,2.64817,0,0,2.26113,0.0897445,0.36288,3.6288,61.291,0.66528,0,0,0.963377,0.315063,0,0.66528,12.849,1,0.504642,0.36288,0,46.9282,5.34697,41.4395,0.84672,12.849,0.84672,3695.15,0,0,0,1.66908,2.07105,5.74625,1.39393,8.09245,0.42336,0,0.42336,460.49,0,1.02816,0,0,2.69724,1.66908,1.028160,1,0,49.532,0,0,0,49.532,0
65.4549,2.70512,0,0,2.00003,0.0641567,0.36288,3.6288,61.0992,0.66528,0,0,0.795475,0.322003,0,0.66528,12.849,1,0.521995,0.36288,0,39.8477,5.80164,33.8869,0.84672,12.849,0.84672,3695.15,0,0,0,0.768131,2.07152,4.47351,1.45155,5.86161,0.42336,0,0.42336,460.49,0,1.02816,0,0,1.79629,0.768131,1.028160,1,0,39.7485,0,0,0,39.7485,0
64.2137,2.69818,0,0,1.88536,0.0654867,0.36288,3.6288,60.7771,0.66528,0,0,0.656916,0.313751,0,0.66528,12.849,1,0.529662,0.36288,0,49.4311,5.89239,43.3719,0.84672,12.849,0.84672,3695.15,0,0,0,0.570465,2.12197,4.40743,1.42062,5.67924,0.42336,0,0.42336,460.49,0,1.02816,0,0,1.59862,0.570465,1.028160,1,0,49.0511,0,0,0,49.0511,0
62.8611,2.69026,0,0,1.76535,0.0648363,0.36288,3.6288,60.4096,0.66528,0,0,0.610902,0.313112,0,0.66528,12.849,1,0.538314,0.36288,0,39.6887,5.89239,33.6209,0.84672,12.849,0.84672,3695.15,0,0,0,0.540838,2.12245,3.97295,1.42062,5.21561,0.42336,0,0.42336,460.49,0,1.02816,0,0,1.569,0.540838,1.028160,1,0,38.8365,0,0,0,38.8365,0
61.3601,2.68125,0,0,1.60731,0.0641274,0.36288,3.6288,60.0119,0.66528,0,0,0.579963,0.312382,0,0.66528,12.849,1,0.548055,0.36288,0,36.1709,5.89239,30.0934,0.84672,12.849,0.84672,3695.15,0,0,0,0.299385,2.12292,3.70587,1.42062,4.70756,0.42336,0,0.42336,460.49,0,1.02816,0,0,1.32754,0.299385,1.028160,1,0,34.8009,0,0,0,34.8009,0
59.9965,2.84913,0,0,1.90242,0.0540699,0.36288,3.6288,59.7257,0.66528,0,0,0.694761,0.315721,0,0.66528,12.849,1,0.596617,0.36288,0,36.4688,6.08029,30.1548,0.84672,12.849,0.84672,3695.15,0,0,0,0.879742,2.1234,5.47879,1.45819,7.02375,0.42336,0,0.42336,460.49,0,1.02816,0,0,1.9079,0.879742,1.028160,1,0,37.1785,0,0,0,37.1785,0
58.8071,2.8386,0,0,2.06633,0.0542207,0.36288,3.6288,59.3675,0.66528,0,0,0.638759,0.331687,0,0.66528,12.849,1,0.607922,0.36288,0,34.5984,6.17158,28.1818,0.84672,12.849,0.84672,3695.15,0,0,0,0.885315,2.29505,4.55546,1.46143,6.27439,0.42336,0,0.42336,460.49,0,1.02816,0,0,1.91347,0.885315,1.028160,1,0,34.4562,0,0,0,34.4562,0
57.2631,2.82915,0,0,1.7016,0.0536039,0.36288,3.6288,58.9272,0.66528,0,0,0.555967,0.330928,0,0.66528,12.849,1,0.618152,0.36288,0,42.952,6.17158,36.5252,0.84672,12.849,0.84672,3695.15,0,0,0,0.662593,2.29557,4.06416,1.46143,5.56089,0.42336,0,0.42336,460.49,0,1.02816,0,0,1.69075,0.662593,1.028160,1,0,42.0861,0,0,0,42.0861,0
55.9136,2.81617,0,0,1.88241,0.0528033,0.36288,3.6288,58.6957,0.66528,0,0,0.763716,0.329996,0,0.66528,12.849,1,0.631908,0.36288,0,36.8255,6.17158,30.3849,0.84672,12.849,0.84672,3695.15,0,0,0,1.18519,2.29608,4.85674,1.46143,6.87659,0.42336,0,0.42336,460.49,0,1.02816,0,0,2.21335,1.18519,1.028160,1,0,37.2615,0,0,0,37.2615,0
54.4403,2.8044,0,0,1.7483,0.0543133,0.36288,3.6288,58.3283,0.66528,0,0,0.613837,0.315944,0,0.66528,12.849,1,0.644454,0.36288,0,35.3303,5.80189,29.2469,0.84672,12.849,0.84672,3695.15,0,0,0,1.00984,2.2966,5.51799,1.31752,7.50691,0.42336,0,0.42336,460.49,0,1.02816,0,0,2.038,1.00984,1.028160,1,0,36.7538,0,0,0,36.7538,0
52.6928,2.70576,0,0,1.36296,0.0418448,0.36288,3.6288,57.7565,0.66528,0,0,0.420615,0.327156,0,0.66528,12.849,1,0.638614,0.36288,0,28.6887,6.44794,21.965,0.84672,12.849,0.84672,3695.15,0,0,0,1.12496,2.29712,3.11578,1.56049,4.97737,0.42336,0,0.42336,460.49,0,1.02816,0,0,2.15312,1.12496,1.028160,1,0,26.9424,0,0,0,26.9424,0
51.0842,2.68934,0,0,1.53516,0.0915218,0.36288,3.6288,57.2021,0.66528,0,0,0.396427,0.285476,0,0.66528,12.849,1,0.655789,0.36288,0,22.9863,6.11665,16.5767,0.84672,12.849,0.84672,3695.15,0,0,0,0.91387,2.19847,2.4924,1.4467,4.15803,0.42336,0,0.42336,460.49,0,1.02816,0,0,1.94203,0.91387,1.028160,1,0,20.7348,0,0,0,20.7348,0
50.0055,2.67344,0,0,2.05588,0.0982717,0.36288,3.6288,56.7467,0.66528,0,0,0.487539,0.27773,0,0.66528,12.849,1,0.67244,0.36288,0,30.5009,6.06144,24.1299,0.84672,12.849,0.84672,3695.15,0,0,0,1.54281,2.19896,3.0634,1.42774,5.37743,0.42336,0,0.42336,460.49,0,1.02816,0,0,2.57097,1.54281,1.028160,1,0,29.5074,0,0,0,29.5074,0
49.4725,2.6625,0,0,2.58953,0.0971635,0.36288,3.6288,56.5354,0.66528,0,0,0.730932,0.276909,0,0.66528,12.849,1,0.684135,0.36288,0,62.0792,6.06144,55.6965,0.84672,12.849,0.84672,3695.15,0,0,0,2.82928,2.19946,4.23145,1.42774,7.83245,0.42336,0,0.42336,460.49,0,1.02816,0,0,3.85744,2.82928,1.028160,1,0,63.5289,0,0,0,63.5289,0
48.2639,2.58861,0,0,1.87383,0.130962,0.36288,3.6288,56.1591,0.66528,0,0,0.514302,0.2253,0,0.66528,12.849,1,0.672313,0.36288,0,36.6048,4.8132,31.4822,0.84672,12.849,0.84672,3695.15,0,0,0,0.864104,2.19995,3.30359,1.16456,5.20309,0.42336,0,0.42336,460.49,0,1.02816,0,0,1.89226,0.864104,1.028160,1,0,36.6853,0,0,0,36.6853,0
48.4455,2.57589,0,0,3.27514,0.154687,0.36288,3.6288,56.3659,0.66528,0,0,1.0585,0.18642,0,0.66528,12.849,1,0.685764,0.36288,0,40.3708,3.87702,36.1709,0.84672,12.849,0.84672,3695.15,0,0,0,1.88486,2.11186,6.02535,0.967176,9.0549,0.42336,0,0.42336,460.49,0,1.02816,0,0,2.91302,1.88486,1.028160,1,0,45.2258,0,0,0,45.2258,0
47.3569,2.5785,0,0,2.00776,0.154993,0.36288,3.6288,56.3933,0.66528,0,0,0.879301,0.186672,0,0.66528,12.849,1,0.683885,0.36288,0,24.0931,3.87702,19.895,0.84672,12.849,0.84672,3695.15,0,0,0,1.63776,2.11234,6.05346,0.967176,8.83638,0.42336,0,0.42336,460.49,0,1.02816,0,0,2.66592,1.63776,1.028160,1,0,28.7314,0,0,0,28.7314,0
47.645,2.56672,0,0,3.42176,0.204133,0.36288,3.6288,56.3493,0.66528,0,0,0.828109,0.206758,0,0.66528,12.849,1,0.696408,0.36288,0,57.1813,4.22496,52.6228,0.84672,12.849,0.84672,3695.15,0,0,0,1.44361,2.11281,7.48576,1.04841,9.99378,0.42336,0,0.42336,460.49,0,1.02816,0,0,2.47177,1.44361,1.028160,1,0,62.6166,0,0,0,62.6166,0
51.4745,2.37701,0,0,6.7827,0.213303,0.36288,3.6288,56.506,0.66528,0,0,1.03531,0.213341,0,0.66528,12.849,1,0.641038,0.36288,0,85.0698,4.19418,80.5974,0.84672,12.849,0.84672,3695.15,0,0,0,2.43774,2.11329,7.57124,1.04536,11.0769,0.42336,0,0.42336,460.49,0,1.02816,0,0,3.4659,2.43774,1.028160,1,0,91.6744,0,0,0,91.6744,0
52.6882,2.41572,0,0,4.21454,0.222211,0.36288,3.6288,56.637,0.66528,0,0,1.01805,0.22182,0,0.66528,12.849,1,0.60301,0.36288,0,82.7024,3.97226,78.49,0.84672,12.849,0.84672,3695.15,0,0,0,1.64664,1.91682,7.94681,1.00391,10.5064,0.42336,0,0.42336,460.49,0,1.02816,0,0,2.6748,1.64664,1.028160,1,0,88.9964,0,0,0,88.9964,0
56.6212,2.42744,0,0,6.94831,0.225019,0.36288,3.6288,57.0382,0.66528,0,0,1.28849,0.22201,0,0.66528,12.849,1,0.591975,0.36288,0,73.8724,3.97226,69.6711,0.84672,12.849,0.84672,3695.15,0,0,0,2.06002,1.91725,9.95665,1.00391,12.93,0.42336,0,0.42336,460.49,0,1.02816,0,0,3.08818,2.06002,1.028160,1,0,82.6011,0,0,0,82.6011,0
60.3505,2.4615,0,0,6.79121,0.237488,0.36288,3.6288,57.3794,0.66528,0,0,1.21433,0.207868,0,0.66528,12.849,1,0.558587,0.36288,0,127.342,3.80726,123.339,0.84672,12.849,0.84672,3695.15,0,0,0,1.9497,1.91768,9.75257,0.959173,12.6608,0.42336,0,0.42336,460.49,0,1.02816,0,0,2.97786,1.9497,1.028160,1,0,136,0,0,0,136,0
60.7755,2.49052,0,0,3.5334,0.254963,0.36288,3.6288,57.129,0.66528,0,0,0.58638,0.171444,0,0.66528,12.849,1,0.530248,0.36288,0,44.1619,3.39476,40.5998,0.84672,12.849,0.84672,3695.15,0,0,0,0.759784,1.91811,7.73029,0.847329,9.56086,0.42336,0,0.42336,460.49,0,1.02816,0,0,1.78794,0.759784,1.028160,1,0,50.1606,0,0,0,50.1606,0
61.1907,2.57226,0,0,3.60353,0.253241,0.36288,3.6288,56.6555,0.974298,0,0,0.683022,0.18229,0,0.66528,12.849,1,0.543821,0.36288,0,44.647,3.91864,40.5474,0.84672,12.849,0.84672,3695.15,0,0,0,0.412474,1.91854,4.18351,1.00024,5.51429,0.42336,0,0.42336,460.49,0,0.719142,0,0,1.13162,0.412474,1.028160,1,0,46.0617,0,0,0,46.0617,0
61.1395,2.57586,0,0,3.14126,0.253676,0.36288,3.6288,56.2894,1.05402,0,0,0.87156,0.183578,0,0.66528,12.849,1,0.540887,0.36288,0,49.6352,4.00596,45.4513,0.84672,12.849,0.84672,3695.15,0,0,0,0.503194,1.98044,4.866,1.02573,6.3239,0.42336,0,0.42336,460.49,0,0.639421,0,0,1.14261,0.503194,1.028160,1,0,51.7752,0,0,0,51.7752,0
63.2767,2.57604,0,0,5.34886,0.27275,0.36288,3.6288,56.8801,0.66528,0,0,1.46451,0.208527,0,0.66528,12.849,1,0.541377,0.36288,0,96.4794,4.19726,92.1037,0.84672,12.849,0.84672,3695.15,0,0,0,0.870108,1.98086,8.85122,1.0925,10.6097,0.42336,0,0.42336,460.49,0,1.02816,0,0,1.89827,0.870108,1.028160,1,0,102.713,0,0,0,102.713,0
64.1834,2.5918,0,0,4.16498,0.30361,0.36288,3.6288,56.8856,0.66528,0,0,0.914077,0.243311,0,0.66528,12.849,1,0.526291,0.36288,0,54.996,4.45232,50.3803,0.84672,12.849,0.84672,3695.15,0,0,0,0.610139,1.98129,4.10051,1.18152,5.51042,0.42336,0,0.42336,460.49,0,1.02816,0,0,1.6383,0.610139,1.028160,1,0,55.8907,0,0,0,55.8907,0
65.1224,2.852,0,0,4.46005,0.306145,0.36288,3.6288,57.2898,0.734365,0,0,1.37853,0.240008,0,0.66528,12.849,1,0.570948,0.36288,0,55.1403,4.20864,50.7236,0.84672,12.849,0.84672,3695.15,0,0,0,0.503194,1.98171,5.31874,1.14088,6.66277,0.42336,0,0.42336,460.49,0,0.959075,0,0,1.46227,0.503194,1.028160,1,0,57.3864,0,0,0,57.3864,0
66.0481,2.85949,0,0,4.45689,0.308863,0.36288,3.6288,57.6597,0.66528,0,0,1.27142,0.236212,0,0.66528,12.849,1,0.564193,0.36288,0,66.9164,3.88374,62.8313,0.84672,12.849,0.84672,3695.15,0,0,0,0.56484,2.20348,4.83039,1.0867,6.51202,0.42336,0,0.42336,460.49,0,1.02816,0,0,1.593,0.56484,1.028160,1,0,69.3433,0,0,0,69.3433,0
65.5773,2.86673,0,0,3.06997,0.311157,0.36288,3.6288,57.0569,1.17075,0,0,0.804715,0.236779,0,0.66528,12.849,1,0.557693,0.36288,0,46.085,3.88374,42.0064,0.84672,12.849,0.84672,3695.15,0,0,0,0.608429,2.20396,4.58923,1.0867,6.31492,0.42336,0,0.42336,460.49,0,0.522685,0,0,1.13111,0.608429,1.028160,1,0,48.3213,0,0,0,48.3213,0
64.7584,2.86399,0,0,2.67838,0.270442,0.36288,3.6288,56.198,1.27956,0,0,0.668192,0.247486,0,0.66528,12.849,1,0.561161,0.36288,0,49.0419,3.96099,44.8827,0.84672,12.849,0.84672,3695.15,0,0,0,0.608429,2.20443,4.45266,1.16902,6.09649,0.42336,0,0.42336,460.49,0,0.413882,0,0,1.02231,0.608429,1.028160,1,0,50.9792,0,0,0,50.9792,0
64.7416,2.49633,0,0,3.12415,0.281678,0.36288,3.6288,55.5493,1.20132,0,0,0.794885,0.242262,0,0.66528,12.849,1,0.495307,0.36288,0,73.6223,3.95324,69.5366,0.84672,12.849,0.84672,3695.15,0,0,0,0.608429,2.2049,5.43496,1.15851,7.08978,0.42336,0,0.42336,460.49,0,0.492117,0,0,1.10055,0.608429,1.028160,1,0,76.6264,0,0,0,76.6264,0
64.4847,2.49675,0,0,2.92264,0.319932,0.36288,3.6288,54.6958,1.41054,0,0,0.786992,0.22999,0,0.66528,12.849,1,0.49552,0.36288,0,65.3271,3.9017,61.2928,0.84672,12.849,0.84672,3695.15,0,0,0,0.608429,1.90326,5.06403,1.10058,6.47514,0.42336,0,0.42336,460.49,0,0.2829,0,0,0.891328,0.608429,1.028160,1,0,67.7679,0,0,0,67.7679,0
65.5236,2.49564,0,0,4.2167,0.31927,0.36288,3.6288,54.4694,1.08118,0,0,1.08345,0.228702,0,0.66528,12.849,1,0.497273,0.36288,0,78.0287,3.9017,73.9926,0.84672,12.849,0.84672,3695.15,0,0,0,0.558835,1.90367,6.78934,1.10058,8.15126,0.42336,0,0.42336,460.49,0,0.612265,0,0,1.1711,0.558835,1.028160,1,0,82.1439,0,0,0,82.1439,0
67.3624,2.50277,0,0,4.99044,0.286004,0.36288,3.6288,55.3218,0.66528,0,0,1.72777,0.210084,0,0.66528,12.849,1,0.490786,0.36288,0,94.6253,3.9565,90.5409,0.84672,12.849,0.84672,3695.15,0,0,0,2.27053,1.90408,8.69557,0.997716,11.8725,0.42336,0,0.42336,460.49,0,1.02816,0,0,3.29869,2.27053,1.028160,1,0,102.413,0,0,0,102.413,0
67.9293,2.51456,0,0,3.72853,0.284132,0.36288,3.6288,55.4924,0.72341,0,0,1.10229,0.208204,0,0.66528,12.849,1,0.479638,0.36288,0,76.6895,3.96564,72.6071,0.84672,12.849,0.84672,3695.15,0,0,0,0.558835,1.90448,7.19862,0.980571,8.68137,0.42336,0,0.42336,460.49,0,0.97003,0,0,1.52887,0.558835,1.028160,1,0,81.2885,0,0,0,81.2885,0
69.9464,2.61048,0,0,5.30192,0.311461,0.36288,3.6288,56.0713,0.66528,0,0,1.43381,0.189684,0,0.66528,12.849,1,0.493779,0.36288,0,119.927,3.70524,116.091,0.84672,12.849,0.84672,3695.15,0,0,0,1.24477,1.90489,10.2058,0.915417,12.4401,0.42336,0,0.42336,460.49,0,1.02816,0,0,2.27293,1.24477,1.028160,1,0,128.531,0,0,0,128.531,0
71.0662,2.62308,0,0,4.42212,0.316391,0.36288,3.6288,56.7099,0.66528,0,0,1.49432,0.190404,0,0.66528,12.849,1,0.481853,0.36288,0,82.626,3.70524,78.8018,0.84672,12.849,0.84672,3695.15,0,0,0,1.40342,1.97986,7.13111,0.915417,9.59898,0.42336,0,0.42336,460.49,0,1.02816,0,0,2.43158,1.40342,1.028160,1,0,88.4008,0,0,0,88.4008,0
71.8682,2.63007,0,0,4.11856,0.323659,0.36288,3.6288,57.5575,0.66528,0,0,1.69973,0.186917,0,0.66528,12.849,1,0.475525,0.36288,0,72.8292,3.59711,69.1194,0.84672,12.849,0.84672,3695.15,0,0,0,1.47832,1.98029,9.73016,0.894857,12.2939,0.42336,0,0.42336,460.49,0,1.02816,0,0,2.50648,1.47832,1.028160,1,0,81.4133,0,0,0,81.4133,0
72.29,2.63513,0,0,3.7254,0.303078,0.365346,3.6288,58.6985,0.66528,0,0,2.00054,0.194205,0,0.66528,12.849,1,0.471124,0.365346,0,69.6341,3.59611,65.9322,0.84672,12.849,0.84672,3695.15,0,0,0,1.90568,1.98071,8.14787,0.890991,11.1433,0.42336,0,0.42336,460.49,0,1.02816,0,0,2.93384,1.90568,1.028160,1,0,77.0755,0,0,0,77.0755,0
71.9852,2.60167,0,0,2.91082,0.251083,0.36288,3.6288,59.0327,0.66528,0,0,1.19877,0.199287,0,0.66528,12.849,1,0.462428,0.36288,0,56.8774,3.91506,52.8628,0.84672,12.849,0.84672,3695.15,0,0,0,0.577895,1.98114,5.0045,1.00309,6.56044,0.42336,0,0.42336,460.49,0,1.02816,0,0,1.60606,0.577895,1.028160,1,0,59.4232,0,0,0,59.4232,0
71.2985,2.60057,0,0,2.50948,0.232695,0.36288,3.6288,59.4307,0.66528,0,0,1.26225,0.199016,0,0.66528,12.849,1,0.464189,0.36288,0,47.5044,3.99945,43.4037,0.84672,12.849,0.84672,3695.15,0,0,0,0.659457,1.95252,5.90292,1.03997,7.47493,0.42336,0,0.42336,460.49,0,1.02816,0,0,1.68762,0.659457,1.028160,1,0,50.8786,0,0,0,50.8786,0
70.6935,2.59734,0,0,2.58671,0.23148,0.36288,3.6288,59.8979,0.66528,0,0,1.33207,0.199524,0,0.66528,12.849,1,0.468077,0.36288,0,45.7557,3.99945,41.6511,0.84672,12.849,0.84672,3695.15,0,0,0,0.64565,1.95294,5.0902,1.03997,6.64883,0.42336,0,0.42336,460.49,0,1.02816,0,0,1.67381,0.64565,1.028160,1,0,48.2999,0,0,0,48.2999,0
71.0754,2.5945,0,0,3.55457,0.215372,0.36288,3.6288,60.4939,0.66528,0,0,1.46491,0.203659,0,0.66528,12.849,1,0.471567,0.36288,0,59.6575,4.10781,55.441,0.84672,12.849,0.84672,3695.15,0,0,0,0.849286,1.95336,5.08441,1.01991,6.86715,0.42336,0,0.42336,460.49,0,1.02816,0,0,1.87745,0.849286,1.028160,1,0,62.3081,0,0,0,62.3081,0
70.0527,2.72041,0,0,2.24257,0.18192,0.36288,3.6288,60.8149,0.66528,0,0,1.21084,0.224568,0,0.66528,12.849,1,0.491795,0.36288,0,42.4969,4.54125,37.8267,0.84672,12.849,0.84672,3695.15,0,0,0,0.557807,1.95378,4.59163,1.02039,6.08283,0.42336,0,0.42336,460.49,0,1.02816,0,0,1.58597,0.557807,1.028160,1,0,43.9095,0,0,0,43.9095,0
69.0374,2.71492,0,0,2.25147,0.18902,0.36288,3.6288,61.0149,0.698656,0,0,1.14492,0.24626,0,0.66528,12.849,1,0.497968,0.36288,0,39.4108,4.74156,34.5341,0.84672,12.849,0.84672,3695.15,0,0,0,0.402797,2.05604,4.43809,1.15614,5.74078,0.42336,0,0.42336,460.49,0,0.994784,0,0,1.39758,0.402797,1.028160,1,0,40.2749,0,0,0,40.2749,0
67.7963,2.70933,0,0,1.97298,0.14186,0.36288,3.6288,61.021,0.66528,0,0,0.911252,0.239839,0,0.66528,12.849,1,0.504251,0.36288,0,34.1154,4.55154,29.4225,0.84672,12.849,0.84672,3695.15,0,0,0,0.34547,2.05648,4.05505,1.11893,5.33808,0.42336,0,0.42336,460.49,0,1.02816,0,0,1.37363,0.34547,1.028160,1,0,34.7606,0,0,0,34.7606,0
66.4862,2.70215,0,0,1.88809,0.133139,0.36288,3.6288,61.0722,0.66528,0,0,0.958124,0.24163,0,0.66528,12.849,1,0.512121,0.36288,0,32.0537,4.60572,27.2987,0.84672,12.849,0.84672,3695.15,0,0,0,0.337764,2.05692,4.22454,1.1089,5.51032,0.42336,0,0.42336,460.49,0,1.02816,0,0,1.36592,0.337764,1.028160,1,0,32.8091,0,0,0,32.8091,0
65.101,2.69427,0,0,1.80373,0.131769,0.36288,3.6288,61.1038,0.688867,0,0,0.962176,0.241708,0,0.66528,12.849,1,0.520689,0.36288,0,30.1161,4.60572,25.3526,0.84672,12.849,0.84672,3695.15,0,0,0,0.30119,2.05736,4.06218,1.1089,5.31184,0.42336,0,0.42336,460.49,0,1.00457,0,0,1.30576,0.30119,1.028160,1,0,30.6644,0,0,0,30.6644,0
64.0419,2.66153,0,0,2.06694,0.101632,0.36288,3.6288,60.844,0.66528,0,0,0.698665,0.293279,0,0.66528,12.849,1,0.525307,0.36288,0,31.1779,5.3529,25.6625,0.84672,12.849,0.84672,3695.15,0,0,0,0.41707,2.0578,3.58457,1.32696,4.73248,0.42336,0,0.42336,460.49,0,1.02816,0,0,1.44523,0.41707,1.028160,1,0,30.395,0,0,0,30.395,0
62.8323,2.65487,0,0,1.90892,0.100769,0.36288,3.6288,60.5526,0.66528,0,0,0.666766,0.292797,0,0.66528,12.849,1,0.532657,0.36288,0,28.2614,5.3529,22.7388,0.84672,12.849,0.84672,3695.15,0,0,0,0.336874,2.09388,3.56986,1.32696,4.67365,0.42336,0,0.42336,460.49,0,1.02816,0,0,1.36503,0.336874,1.028160,1,0,27.4124,0,0,0,27.4124,0
61.5702,2.64692,0,0,1.8475,0.099782,0.36288,3.6288,60.1468,0.74177,0,0,0.628223,0.292256,0,0.66528,12.849,1,0.541286,0.36288,0,25.556,5.3529,20.0247,0.84672,12.849,0.84672,3695.15,0,0,0,0.261274,2.09433,3.48403,1.32696,4.51266,0.42336,0,0.42336,460.49,0,0.95167,0,0,1.21294,0.261274,1.028160,1,0,24.5374,0,0,0,24.5374,0
60.2572,2.6383,0,0,1.77263,0.0844443,0.36288,3.6288,59.635,0.806432,0,0,0.599276,0.304732,0,0.66528,12.849,1,0.550584,0.36288,0,23.3438,5.4668,17.6893,0.84672,12.849,0.84672,3695.15,0,0,0,0.261274,2.09477,3.41104,1.39443,4.37265,0.42336,0,0.42336,460.49,0,0.887008,0,0,1.14828,0.261274,1.028160,1,0,22.062,0,0,0,22.062,0
59.0502,2.69033,0,0,1.9201,0.0739691,0.36288,3.6288,59.3442,0.66528,0,0,0.694845,0.32033,0,0.66528,12.849,1,0.573675,0.36288,0,23.5307,5.82319,17.4967,0.84672,12.849,0.84672,3695.15,0,0,0,0.291349,2.09522,3.38899,1.47827,4.29729,0.42336,0,0.42336,460.49,0,1.02816,0,0,1.31951,0.291349,1.028160,1,0,21.794,0,0,0,21.794,0
57.6674,2.68127,0,0,1.7414,0.0800235,0.36288,3.6288,58.8615,0.688729,0,0,0.525081,0.318994,0,0.66528,12.849,1,0.583431,0.36288,0,22.2368,5.9766,16.0396,0.84672,12.849,0.84672,3695.15,0,0,0,0.261274,2.14622,3.13681,1.47368,4.07063,0.42336,0,0.42336,460.49,0,1.00471,0,0,1.26598,0.261274,1.028160,1,0,20.1102,0,0,0,20.1102,0
56.0736,2.6704,0,0,1.51846,0.0789556,0.36288,3.6288,58.2663,0.772442,0,0,0.495156,0.318008,0,0.66528,12.849,1,0.594999,0.36288,0,21.0677,5.9766,14.859,0.84672,12.849,0.84672,3695.15,0,0,0,0.227405,2.14668,2.99729,1.47368,3.89769,0.42336,0,0.42336,460.49,0,0.920998,0,0,1.1484,0.227405,1.028160,1,0,18.7567,0,0,0,18.7567,0
54.3805,2.65721,0,0,1.40041,0.0734493,0.36288,3.6288,57.6104,0.823176,0,0,0.486646,0.319333,0,0.66528,12.849,1,0.608888,0.36288,0,19.8755,6.05137,13.5781,0.84672,12.849,0.84672,3695.15,0,0,0,0.227405,2.14714,2.97001,1.48862,3.85593,0.42336,0,0.42336,460.49,0,0.870264,0,0,1.09767,0.227405,1.028160,1,0,17.434,0,0,0,17.434,0
52.275,2.81892,0,0,1.1397,0.0633582,0.36288,3.6288,56.9277,0.840482,0,0,0.472811,0.31505,0,0.66528,12.849,1,0.666054,0.36288,0,18.4055,6.20958,11.8928,0.84672,12.849,0.84672,3695.15,0,0,0,0.227405,2.1476,2.7725,1.44559,3.70191,0.42336,0,0.42336,460.49,0,0.852958,0,0,1.08036,0.227405,1.028160,1,0,15.5947,0,0,0,15.5947,0
50.1073,2.79799,0,0,1.05604,0.0628543,0.36288,3.6288,56.0298,0.971188,0,0,0.368442,0.295155,0,0.66528,12.849,1,0.687735,0.36288,0,15.1807,6.07089,8.785,0.84672,12.849,0.84672,3695.15,0,0,0,0.227405,2.32118,2.23594,1.48153,3.30298,0.42336,0,0.42336,460.49,0,0.722252,0,0,0.949657,0.227405,1.028160,1,0,12.088,0,0,0,12.088,0
47.9069,2.7749,0,0,0.998827,0.0614474,0.36288,3.6288,55.0677,1.00752,0,0,0.338869,0.293432,0,0.66528,12.849,1,0.711566,0.36288,0,13.6431,6.07089,7.2235,0.84672,12.849,0.84672,3695.15,0,0,0,0.204422,2.32167,2.21058,1.48153,3.25514,0.42336,0,0.42336,460.49,0,0.685921,0,0,0.890343,0.204422,1.028160,1,0,10.4786,0,0,0,10.4786,0
46.1137,2.74972,0,0,1.37933,0.060009,0.36288,3.6288,54.2639,0.88744,0,0,0.375286,0.291586,0,0.66528,12.849,1,0.737495,0.36288,0,14.6341,6.07089,8.18858,0.84672,12.849,0.84672,3695.15,0,0,0,0.204422,2.32217,2.4643,1.48153,3.50936,0.42336,0,0.42336,460.49,0,0.806,0,0,1.01042,0.204422,1.028160,1,0,11.6979,0,0,0,11.6979,0
44.9502,2.72787,0,0,2.00821,0.0808992,0.36288,3.6288,53.7194,0.761106,0,0,0.499548,0.283001,0,0.66528,12.849,1,0.760087,0.36288,0,24.4198,5.93097,18.0917,0.84672,12.849,0.84672,3695.15,0,0,0,0.204422,2.32267,2.74045,1.45917,3.80837,0.42336,0,0.42336,460.49,0,0.932334,0,0,1.13676,0.204422,1.028160,1,0,21.9,0,0,0,21.9,0
43.9603,2.63037,0,0,2.07564,0.072279,0.36288,3.6288,53.4952,0.66528,0,0,0.701558,0.260503,0,0.66528,12.849,1,0.75189,0.36288,0,25.8905,5.36911,20.1323,0.84672,12.849,0.84672,3695.15,0,0,0,0.533771,2.32316,3.78721,1.2301,5.41405,0.42336,0,0.42336,460.49,0,1.02816,0,0,1.56193,0.533771,1.028160,1,0,25.5464,0,0,0,25.5464,0
43.2613,2.61783,0,0,2.3531,0.0714608,0.36288,3.6288,53.4426,0.66528,0,0,0.870255,0.257529,0,0.66528,12.849,1,0.765155,0.36288,0,27.8932,5.24223,22.2487,0.84672,12.849,0.84672,3695.15,0,0,0,0.702112,2.22337,4.34692,1.19304,6.07936,0.42336,0,0.42336,460.49,0,1.02816,0,0,1.73027,0.702112,1.028160,1,0,28.3281,0,0,0,28.3281,0
42.5016,2.60885,0,0,2.28301,0.0708906,0.36288,3.6288,53.2252,0.66528,0,0,0.705266,0.257422,0,0.66528,12.849,1,0.774853,0.36288,0,29.9849,5.24223,24.3307,0.84672,12.849,0.84672,3695.15,0,0,0,0.55474,2.22384,3.80903,1.19304,5.39457,0.42336,0,0.42336,460.49,0,1.02816,0,0,1.5829,0.55474,1.028160,1,0,29.7252,0,0,0,29.7252,0
41.4105,2.59877,0,0,1.96523,0.0947353,0.36288,3.6288,53.0319,0.66528,0,0,0.708921,0.236941,0,0.66528,12.849,1,0.785655,0.36288,0,33.3163,4.9062,27.9873,0.84672,12.849,0.84672,3695.15,0,0,0,0.51287,2.22432,3.93179,1.10586,5.56312,0.42336,0,0.42336,460.49,0,1.02816,0,0,1.54103,0.51287,1.028160,1,0,33.5504,0,0,0,33.5504,0
40.3391,2.51679,0,0,1.99022,0.181985,0.36288,3.6288,52.9449,0.66528,0,0,0.773585,0.195296,0,0.66528,12.849,1,0.780918,0.36288,0,35.944,4.93572,30.5903,0.84672,12.849,0.84672,3695.15,0,0,0,0.732612,2.22479,4.41066,0.984988,6.38308,0.42336,0,0.42336,460.49,0,1.02816,0,0,1.76077,0.732612,1.028160,1,0,36.9734,0,0,0,36.9734,0
38.5731,2.50159,0,0,1.27005,0.171571,0.36288,3.6288,52.1728,1.03639,0,0,0.499322,0.234977,0,0.66528,12.849,1,0.796819,0.36288,0,34.5202,4.37388,29.7123,0.84672,12.849,0.84672,3695.15,0,0,0,0.216518,2.13568,4.09649,1.01084,5.43786,0.42336,0,0.42336,460.49,0,0.657055,0,0,0.873573,0.216518,1.028160,1,0,35.1502,0,0,0,35.1502,0
38.3238,2.47475,0,0,2.7564,0.168073,0.36288,3.6288,52.3163,0.66528,0,0,1.04228,0.233526,0,0.66528,12.849,1,0.82436,0.36288,0,51.652,4.37388,46.8166,0.84672,12.849,0.84672,3695.15,0,0,0,0.928066,2.13614,5.92428,1.01084,7.97764,0.42336,0,0.42336,460.49,0,1.02816,0,0,1.95623,0.928066,1.028160,1,0,54.7943,0,0,0,54.7943,0
40.9542,2.47126,0,0,5.63218,0.167585,0.36288,3.6288,53.4343,0.66528,0,0,2.01702,0.233795,0,0.66528,12.849,1,0.828553,0.36288,0,103.465,4.37388,98.6251,0.84672,12.849,0.84672,3695.15,0,0,0,3.24446,2.1366,9.5116,1.01084,13.8818,0.42336,0,0.42336,460.49,0,1.02816,0,0,4.27262,3.24446,1.028160,1,0,112.507,0,0,0,112.507,0
42.8709,2.3231,0,0,4.8034,0.200712,0.36288,3.6288,54.1195,0.66528,0,0,1.58723,0.23673,0,0.66528,12.849,1,0.728852,0.36288,0,62.9187,4.09603,58.4567,0.84672,12.849,0.84672,3695.15,0,0,0,1.83492,2.13705,7.41998,0.912044,10.4799,0.42336,0,0.42336,460.49,0,1.02816,0,0,2.86308,1.83492,1.028160,1,0,68.9366,0,0,0,68.9366,0
46.2832,2.34868,0,0,6.35223,0.228428,0.36288,3.6288,54.9445,0.66528,0,0,1.67145,0.181134,0,0.66528,12.849,1,0.703931,0.36288,0,123.607,4.14844,119.118,0.84672,12.849,0.84672,3695.15,0,0,0,1.82095,1.93835,11.3963,0.913216,14.2424,0.42336,0,0.42336,460.49,0,1.02816,0,0,2.84911,1.82095,1.028160,1,0,133.36,0,0,0,133.36,0
49.4658,2.38981,0,0,6.17274,0.237437,0.36288,3.6288,56.141,0.66528,0,0,2.04393,0.182124,0,0.66528,12.849,1,0.663452,0.36288,0,140.619,4.14844,136.17,0.84672,12.849,0.84672,3695.15,0,0,0,2.36555,1.93876,14.254,0.913216,17.6451,0.42336,0,0.42336,460.49,0,1.02816,0,0,3.39371,2.36555,1.028160,1,0,153.815,0,0,0,153.815,0
51.8295,2.42421,0,0,5.39938,0.248537,0.36288,3.6288,56.6695,0.66528,0,0,1.41617,0.222421,0,0.66528,12.849,1,0.629702,0.36288,0,108.956,4.75062,103.938,0.84672,12.849,0.84672,3695.15,0,0,0,1.41464,1.93918,10.4249,1.15072,12.6279,0.42336,0,0.42336,460.49,0,1.02816,0,0,2.4428,1.41464,1.028160,1,0,116.566,0,0,0,116.566,0
55.5271,2.44775,0,0,6.73818,0.229979,0.36288,3.6288,57.965,0.66528,0,0,2.21895,0.258169,0,0.66528,12.849,1,0.606818,0.36288,0,136.204,4.93122,131.028,0.84672,12.849,0.84672,3695.15,0,0,0,2.51247,1.93959,14.71,1.47333,17.6888,0.42336,0,0.42336,460.49,0,1.02816,0,0,3.54063,2.51247,1.028160,1,0,148.717,0,0,0,148.717,0
56.8101,2.5588,0,0,4.42768,0.222953,0.36288,3.6288,58.1141,0.66528,0,0,1.01784,0.203511,0,0.66528,12.849,1,0.592108,0.36288,0,94.0136,4.35095,89.4334,0.84672,12.849,0.84672,3695.15,0,0,0,0.977944,1.94001,7.1558,1.25579,8.81795,0.42336,0,0.42336,460.49,0,1.02816,0,0,2.0061,0.977944,1.028160,1,0,98.2513,0,0,0,98.2513,0
56.8133,2.57023,0,0,3.15566,0.21939,0.36288,3.6288,58.0426,0.66528,0,0,0.774732,0.180951,0,0.66528,12.849,1,0.58132,0.36288,0,65.8895,4.11883,61.5522,0.84672,12.849,0.84672,3695.15,0,0,0,0.530436,2.00257,4.9117,1.16878,6.27593,0.42336,0,0.42336,460.49,0,1.02816,0,0,1.5586,0.530436,1.028160,1,0,67.8282,0,0,0,67.8282,0
58.5684,2.57077,0,0,4.92045,0.231673,0.36288,3.6288,58.7697,0.66528,0,0,1.59043,0.197985,0,0.66528,12.849,1,0.581411,0.36288,0,130.042,4.24637,125.577,0.84672,12.849,0.84672,3695.15,0,0,0,1.66495,2.00298,13.433,1.21329,15.8876,0.42336,0,0.42336,460.49,0,1.02816,0,0,2.69311,1.66495,1.028160,1,0,141.465,0,0,0,141.465,0
59.7472,2.58559,0,0,4.39411,0.266906,0.36288,3.6288,58.8276,0.66528,0,0,0.965062,0.241911,0,0.66528,12.849,1,0.567238,0.36288,0,84.583,4.56519,79.8135,0.84672,12.849,0.84672,3695.15,0,0,0,1.66086,2.00339,6.20346,1.32457,8.54313,0.42336,0,0.42336,460.49,0,1.02816,0,0,2.68902,1.66086,1.028160,1,0,88.3566,0,0,0,88.3566,0
59.4234,2.84847,0,0,3.16362,0.276041,0.36288,3.6288,58.8926,0.66528,0,0,0.970851,0.240508,0,0.66528,12.849,1,0.61258,0.36288,0,53.0437,4.51611,48.2779,0.84672,12.849,0.84672,3695.15,0,0,0,0.721293,2.00379,4.45921,1.28293,5.90136,0.42336,0,0.42336,460.49,0,1.02816,0,0,1.74945,0.721293,1.028160,1,0,54.1793,0,0,0,54.1793,0
58.5479,2.8463,0,0,2.62405,0.290347,0.36288,3.6288,58.741,0.66528,0,0,0.750557,0.236875,0,0.66528,12.849,1,0.615449,0.36288,0,46.8569,4.39341,42.2109,0.84672,12.849,0.84672,3695.15,0,0,0,0.938753,2.22801,4.49036,1.17883,6.47829,0.42336,0,0.42336,460.49,0,1.02816,0,0,1.96691,0.938753,1.028160,1,0,48.6892,0,0,0,48.6892,0
59.4749,2.83933,0,0,4.41715,0.287903,0.36288,3.6288,58.8526,0.66528,0,0,1.01346,0.236645,0,0.66528,12.849,1,0.623122,0.36288,0,97.3316,4.39341,92.6779,0.84672,12.849,0.84672,3695.15,0,0,0,1.37157,2.22846,12.2999,1.17883,14.7211,0.42336,0,0.42336,460.49,0,1.02816,0,0,2.39973,1.37157,1.028160,1,0,107.399,0,0,0,107.399,0
60.3991,2.84789,0,0,4.42511,0.290185,0.36288,3.6288,59.0987,0.66528,0,0,1.10964,0.19824,0,0.66528,12.849,1,0.61526,0.36288,0,135.143,4.06424,130.826,0.84672,12.849,0.84672,3695.15,0,0,0,1.73766,2.22891,7.7544,1.01998,10.701,0.42336,0,0.42336,460.49,0,1.02816,0,0,2.76582,1.73766,1.028160,1,0,141.527,0,0,0,141.527,0
60.8743,2.49419,0,0,3.62194,0.289708,0.36288,3.6288,59.0307,0.66528,0,0,0.793762,0.196502,0,0.66528,12.849,1,0.530601,0.36288,0,88.0838,3.89149,84.0246,0.84672,12.849,0.84672,3695.15,0,0,0,1.53846,2.22936,6.77916,0.968803,9.57818,0.42336,0,0.42336,460.49,0,1.02816,0,0,2.56662,1.53846,1.028160,1,0,93.6028,0,0,0,93.6028,0
59.8425,2.49811,0,0,2.11277,0.283575,0.36288,3.6288,58.6808,0.66528,0,0,0.545263,0.229911,0,0.66528,12.849,1,0.527288,0.36288,0,60.3605,3.78882,56.4073,0.84672,12.849,0.84672,3695.15,0,0,0,1.21813,1.92435,6.86612,0.999699,9.0089,0.42336,0,0.42336,460.49,0,1.02816,0,0,2.24629,1.21813,1.028160,1,0,65.4162,0,0,0,65.4162,0
59.4869,2.49113,0,0,2.7794,0.280987,0.36288,3.6288,58.9146,0.66528,0,0,1.12856,0.229395,0,0.66528,12.849,1,0.534881,0.36288,0,57.9682,3.78882,54.0074,0.84672,12.849,0.84672,3695.15,0,0,0,1.27451,1.92474,7.25181,0.999699,9.45137,0.42336,0,0.42336,460.49,0,1.02816,0,0,2.30267,1.27451,1.028160,1,0,63.4587,0,0,0,63.4587,0
60.3552,2.48901,0,0,4.00025,0.28003,0.36288,3.6288,59.4605,0.66528,0,0,1.44091,0.22974,0,0.66528,12.849,1,0.537619,0.36288,0,73.4124,3.78882,69.4488,0.84672,12.849,0.84672,3695.15,0,0,0,1.9543,1.92513,7.37968,0.999699,10.2594,0.42336,0,0.42336,460.49,0,1.02816,0,0,2.98246,1.9543,1.028160,1,0,79.7082,0,0,0,79.7082,0
60.752,2.49589,0,0,3.53795,0.282352,0.36288,3.6288,59.7574,0.66528,0,0,1.19273,0.230545,0,0.66528,12.849,1,0.53135,0.36288,0,54.8264,3.78882,50.8691,0.84672,12.849,0.84672,3695.15,0,0,0,1.47736,1.92552,7.02509,0.999699,9.42828,0.42336,0,0.42336,460.49,0,1.02816,0,0,2.50552,1.47736,1.028160,1,0,60.2974,0,0,0,60.2974,0
62.1364,2.59058,0,0,4.64403,0.306159,0.36288,3.6288,60.6191,0.66528,0,0,1.72113,0.194171,0,0.66528,12.849,1,0.547905,0.36288,0,88.5649,3.6711,84.7088,0.84672,12.849,0.84672,3695.15,0,0,0,2.81901,1.92591,8.30021,0.857032,12.1881,0.42336,0,0.42336,460.49,0,1.02816,0,0,3.84717,2.81901,1.028160,1,0,96.8969,0,0,0,96.8969,0
62.823,2.60122,0,0,3.96424,0.31354,0.36288,3.6288,61.1383,0.66528,0,0,1.37351,0.18907,0,0.66528,12.849,1,0.537899,0.36288,0,82.4982,3.65148,78.6717,0.84672,12.849,0.84672,3695.15,0,0,0,2.02719,2.00169,7.73264,0.833255,10.9283,0.42336,0,0.42336,460.49,0,1.02816,0,0,3.05535,2.02719,1.028160,1,0,89.6,0,0,0,89.6,0
62.5025,2.60663,0,0,2.92937,0.280354,0.36288,3.6288,61.308,0.66528,0,0,1.08169,0.20216,0.0445374,0.66528,12.849,1,0.533126,0.36288,0,63.8887,3.76266,59.9558,0.84672,12.849,0.84672,3695.15,0,0,0,1.43803,2.0021,5.18662,0.841017,7.78573,0.42336,0,0.42336,460.49,0,1.02816,0,0,2.46619,1.43803,1.028160,1,0,67.7861,0,0,0,67.7861,0
61.7401,2.60489,0,0,2.45875,0.253472,0.36288,3.6288,61.2826,0.66528,0,0,0.85161,0.211738,0,0.66528,12.849,1,0.535502,0.36288,0,46.0648,3.84605,42.0462,0.84672,12.849,0.84672,3695.15,0,0,0,1.02183,2.0025,4.30853,0.84684,6.48602,0.42336,0,0.42336,460.49,0,1.02816,0,0,2.04999,1.02183,1.028160,1,0,48.5322,0,0,0,48.5322,0
60.9904,2.56411,0,0,2.4595,0.282182,0.36288,3.6288,61.2568,0.66528,0,0,0.83141,0.19192,0,0.66528,12.849,1,0.533629,0.36288,0,44.6268,3.36376,41.0923,0.84672,12.849,0.84672,3695.15,0,0,0,1.04359,2.00291,4.22223,0.926887,6.34184,0.42336,0,0.42336,460.49,0,1.02816,0,0,2.07175,1.04359,1.028160,1,0,47.4341,0,0,0,47.4341,0
60.4544,2.55921,0,0,2.62174,0.235604,0.36288,3.6288,61.2045,0.66528,0,0,0.824325,0.211375,0,0.66528,12.849,1,0.539156,0.36288,0,45.5786,3.30477,42.0975,0.84672,12.849,0.84672,3695.15,0,0,0,0.990222,1.97396,4.34938,1.005,6.30856,0.42336,0,0.42336,460.49,0,1.02816,0,0,2.01838,0.990222,1.028160,1,0,48.4061,0,0,0,48.4061,0
59.8581,2.55579,0,0,2.5569,0.234556,0.36288,3.6288,61.2493,0.66528,0,0,0.921456,0.211305,0,0.66528,12.849,1,0.543208,0.36288,0,44.1493,3.30477,40.6642,0.84672,12.849,0.84672,3695.15,0,0,0,1.248,1.97436,5.14821,1.005,7.36558,0.42336,0,0.42336,460.49,0,1.02816,0,0,2.27616,1.248,1.028160,1,0,48.0298,0,0,0,48.0298,0
59.2239,2.55185,0,0,2.51378,0.233265,0.36288,3.6288,61.2918,0.66528,0,0,0.919123,0.211365,0,0.66528,12.849,1,0.547774,0.36288,0,42.7131,3.30477,39.2235,0.84672,12.849,0.84672,3695.15,0,0,0,0.945138,1.97476,4.41575,1.005,6.33065,0.42336,0,0.42336,460.49,0,1.02816,0,0,1.9733,0.945138,1.028160,1,0,45.5541,0,0,0,45.5541,0
58.2793,2.66839,0,0,2.30258,0.215877,0.36288,3.6288,61.1508,0.66528,0,0,0.724697,0.200434,0,0.66528,12.849,1,0.578925,0.36288,0,39.1494,3.01614,35.9172,0.84672,12.849,0.84672,3695.15,0,0,0,0.854677,1.97516,4.10083,1.02663,5.90403,0.42336,0,0.42336,460.49,0,1.02816,0,0,1.88284,0.854677,1.028160,1,0,41.8212,0,0,0,41.8212,0
56.9708,2.66124,0,0,1.90295,0.187311,0.36288,3.6288,60.8561,0.66528,0,0,0.61097,0.240413,0,0.66528,12.849,1,0.586731,0.36288,0,32.1163,4.40244,27.49,0.84672,12.849,0.84672,3695.15,0,0,0,0.540976,2.07851,3.35548,1.08597,4.889,0.42336,0,0.42336,460.49,0,1.02816,0,0,1.56914,0.540976,1.028160,1,0,32.379,0,0,0,32.379,0
55.5742,2.65078,0,0,1.7886,0.17153,0.36288,3.6288,60.5835,0.66528,0,0,0.636267,0.243525,0,0.66528,12.849,1,0.597848,0.36288,0,29.5825,4.5108,24.8367,0.84672,12.849,0.84672,3695.15,0,0,0,0.544873,2.07893,3.41028,1.06591,4.96817,0.42336,0,0.42336,460.49,0,1.02816,0,0,1.57303,0.544873,1.028160,1,0,29.8049,0,0,0,29.8049,0
54.1218,2.63911,0,0,1.71874,0.169171,0.36288,3.6288,60.3233,0.66528,0,0,0.64817,0.243104,0,0.66528,12.849,1,0.610174,0.36288,0,27.8878,4.5108,23.1298,0.84672,12.849,0.84672,3695.15,0,0,0,0.466577,2.07936,3.40051,1.06591,4.88053,0.42336,0,0.42336,460.49,0,1.02816,0,0,1.49474,0.466577,1.028160,1,0,28.0103,0,0,0,28.0103,0
52.5763,2.62641,0,0,1.61048,0.166717,0.36288,3.6288,60.0186,0.66528,0,0,0.603225,0.242702,0,0.66528,12.849,1,0.623534,0.36288,0,26.1255,4.5108,21.354,0.84672,12.849,0.84672,3695.15,0,0,0,0.364763,2.07978,3.15284,1.06591,4.53147,0.42336,0,0.42336,460.49,0,1.02816,0,0,1.39292,0.364763,1.028160,1,0,25.8855,0,0,0,25.8855,0
50.9138,2.58882,0,0,1.41795,0.128735,0.36288,3.6288,59.4227,0.855852,0,0,0.512184,0.252176,0,0.66528,12.849,1,0.632675,0.36288,0,24.364,4.92822,19.166,0.84672,12.849,0.84672,3695.15,0,0,0,0.30119,2.0802,2.87725,1.13631,4.12232,0.42336,0,0.42336,460.49,0,0.837588,0,0,1.13878,0.30119,1.028160,1,0,23.2883,0,0,0,23.2883,0
49.194,2.57284,0,0,1.31567,0.0997227,0.36288,3.6288,58.6958,0.899675,0,0,0.46056,0.287816,0,0.66528,12.849,1,0.649302,0.36288,0,23.1467,5.03577,17.8245,0.84672,12.849,0.84672,3695.15,0,0,0,0.261274,2.11665,2.81987,1.26521,3.93258,0.42336,0,0.42336,460.49,0,0.793765,0,0,1.05504,0.261274,1.028160,1,0,21.7571,0,0,0,21.7571,0
47.4319,2.55536,0,0,1.25055,0.0944842,0.36288,3.6288,57.9149,0.935842,0,0,0.447184,0.292275,0,0.66528,12.849,1,0.667435,0.36288,0,21.2756,5.0421,15.9289,0.84672,12.849,0.84672,3695.15,0,0,0,0.261274,2.11707,2.73224,1.28474,3.82584,0.42336,0,0.42336,460.49,0,0.757598,0,0,1.01887,0.261274,1.028160,1,0,19.7548,0,0,0,19.7548,0
45.6045,2.53636,0,0,1.16458,0.0926907,0.36288,3.6288,57.0349,0.979396,0,0,0.390234,0.290808,0,0.66528,12.849,1,0.687085,0.36288,0,19.7749,5.0421,14.4086,0.84672,12.849,0.84672,3695.15,0,0,0,0.261274,2.1175,2.58817,1.28474,3.68221,0.42336,0,0.42336,460.49,0,0.714044,0,0,0.975318,0.261274,1.028160,1,0,18.0908,0,0,0,18.0908,0
43.7108,2.5741,0,0,1.13074,0.0874708,0.36288,3.6288,56.0508,1.04191,0,0,0.351612,0.293782,0,0.66528,12.849,1,0.725248,0.36288,0,19.0727,5.33689,13.3735,0.84672,12.849,0.84672,3695.15,0,0,0,0.261274,2.11793,2.31043,1.34983,3.3398,0.42336,0,0.42336,460.49,0,0.651534,0,0,0.912807,0.261274,1.028160,1,0,16.7133,0,0,0,16.7133,0
41.8635,2.55033,0,0,1.14716,0.0812295,0.36288,3.6288,55.0435,1.04577,0,0,0.336494,0.298034,0,0.66528,12.849,1,0.749682,0.36288,0,18.1825,5.72996,12.0658,0.84672,12.849,0.84672,3695.15,0,0,0,0.261274,2.16946,2.10965,1.43662,3.10377,0.42336,0,0.42336,460.49,0,0.647672,0,0,0.908945,0.261274,1.028160,1,0,15.1695,0,0,0,15.1695,0
39.9115,2.52553,0,0,1.01589,0.0795117,0.36288,3.6288,53.9888,1.07467,0,0,0.315987,0.296071,0,0.66528,12.849,1,0.775151,0.36288,0,17.1313,5.72996,10.9891,0.84672,12.849,0.84672,3695.15,0,0,0,0.227405,2.1699,2.08913,1.43662,3.04981,0.42336,0,0.42336,460.49,0,0.618771,0,0,0.846176,0.227405,1.028160,1,0,14.0389,0,0,0,14.0389,0
37.8964,2.49736,0,0,0.922812,0.0776965,0.36288,3.6288,52.8728,1.12933,0,0,0.307426,0.294016,0,0.66528,12.849,1,0.803992,0.36288,0,16.1264,5.72996,9.95532,0.84672,12.849,0.84672,3695.15,0,0,0,0.227405,2.17034,2.01455,1.43662,2.97567,0.42336,0,0.42336,460.49,0,0.564114,0,0,0.791519,0.227405,1.028160,1,0,12.931,0,0,0,12.931,0
35.6209,2.63062,0,0,0.781583,0.0635751,0.36288,3.6288,51.7456,1.13613,0,0,0.305756,0.296822,0,0.66528,12.849,1,0.891927,0.36288,0,15.3686,6.00675,8.83278,0.84672,12.849,0.84672,3695.15,0,0,0,0.227405,2.17078,1.97688,1.43712,2.93794,0.42336,0,0.42336,460.49,0,0.557306,0,0,0.784711,0.227405,1.028160,1,0,11.7707,0,0,0,11.7707,0
33.1989,2.58927,0,0,0.618697,0.0885131,0.36288,3.6288,50.2651,1.3959,0,0,0.203894,0.2885,0,0.66528,12.849,1,0.933989,0.36288,0,10.7304,6.10155,4.05779,0.84672,12.849,0.84672,3695.15,0,0,0,0.227405,2.3462,1.39774,1.52848,2.44286,0.42336,0,0.42336,460.49,0,0.29754,0,0,0.524945,0.227405,1.028160,1,0,6.50065,0,0,0,6.50065,0
30.7581,2.54066,0,0,0.548624,0.085932,0.36288,3.6288,48.7587,1.40495,0,0,0.183564,0.285049,0,0.66528,12.4577,1,0.983312,0.36288,0,9.53614,6.10155,3.20544,0.84672,12.4577,0.84672,3695.15,0,0,0,0.204422,2.34667,1.35655,1.52848,2.37916,0.42336,0,0.42336,460.49,0,0.288489,0,0,0.492911,0.204422,1.028160,1,0,5.5846,0,0,0,5.5846,0
28.4178,2.50863,0,0,0.614546,0.0833181,0.36288,3.6288,47.2742,1.39122,0,0,0.188302,0.281537,0,0.66528,11.9766,1,1.01605,0.36288,0,9.47903,6.10155,3.20544,0.84672,11.9766,0.84672,3695.15,0,0,0,0.204422,2.34715,1.45393,1.52848,2.47702,0.42336,0,0.42336,460.49,0,0.302221,0,0,0.506644,0.204422,1.028160,1,0,5.68246,0,0,0,5.68246,0
26.4646,2.48015,0,0,0.983526,0.0936486,0.36288,3.6288,45.9491,1.28235,0,0,0.231423,0.274201,0,0.66528,12.849,1,1.04525,0.36288,0,15.7475,5.98281,8.20993,0.84672,12.849,0.84672,3695.15,0,0,0,0.204422,2.34762,1.58492,1.51392,2.62305,0.42336,0,0.42336,460.49,0,0.411092,0,0,0.615514,0.204422,1.028160,1,0,10.833,0,0,0,10.833,0
24.6041,2.30124,0,0,0.906249,0.102662,0.36288,3.6288,44.6289,1.35034,0,0,0.270798,0.240646,0,0.66528,12.849,1,1.11729,0.36288,0,13.2229,6.07895,6.38956,0.84672,12.849,0.84672,3695.15,0,0,0,0.204422,2.3481,1.15273,1.38121,2.32405,0.42336,0,0.42336,460.49,0,0.343101,0,0,0.547524,0.204422,1.028160,1,0,8.71361,0,0,0,8.71361,0
22.9921,2.24619,0,0,1.09991,0.102861,0.36288,3.6288,43.8636,0.959662,0,0,0.422348,0.228002,0,0.66528,12.849,1,1.17303,0.36288,0,16.9965,6.09956,10.0868,0.84672,12.849,0.84672,3695.15,0,0,0,0.216518,2.24721,1.43412,1.33321,2.56463,0.42336,0,0.42336,460.49,0,0.733778,0,0,0.950296,0.216518,1.028160,1,0,12.6514,0,0,0,12.6514,0
20.828,2.19387,0,0,0.493199,0.100509,0.36288,3.6288,42.4527,1.4242,0,0,0.239614,0.226364,0,0.66528,12.849,1,1.22603,0.36288,0,12.9233,6.09956,5.96057,0.84672,12.849,0.84672,3695.15,0,0,0,0.216518,2.24766,0.737398,1.33321,1.86836,0.42336,0,0.42336,460.49,0,0.269245,0,0,0.485763,0.216518,1.028160,1,0,7.82894,0,0,0,7.82894,0
18.8546,2.11552,0,0,0.617687,0.112683,0.36288,3.6288,41.1324,1.40235,0,0,0.303207,0.221099,0,0.66528,12.849,1,1.30508,0.36288,0,12.3294,5.91909,5.46808,0.84672,12.849,0.84672,3695.15,0,0,0,0.216518,2.24811,0.902137,1.30605,2.06072,0.42336,0,0.42336,460.49,0,0.291089,0,0,0.507607,0.216518,1.028160,1,0,7.52879,0,0,0,7.52879,0
17.9855,1.98213,0,0,1.61947,0.143641,0.36288,3.6288,40.794,0.66528,0,0,0.544391,0.217572,0,0.66528,12.849,1,1.35078,0.36288,0,14.1357,5.12619,8.02164,0.84672,12.849,0.84672,3695.15,0,0,0,0.280774,2.24857,2.07825,1.09262,3.51497,0.42336,0,0.42336,460.49,0,1.02816,0,0,1.30893,0.280774,1.028160,1,0,11.5366,0,0,0,11.5366,0
16.7647,1.94445,0,0,1.2074,0.120848,0.36288,3.6288,40.538,0.671846,0,0,0.57965,0.163813,0,0.66528,12.849,1,1.38913,0.36288,0,19.9487,4.38101,14.5415,0.84672,12.849,0.84672,3695.15,0,0,0,0.216518,2.15848,2.74291,0.963093,4.15482,0.42336,0,0.42336,460.49,0,1.02159,0,0,1.23811,0.216518,1.028160,1,0,18.6963,0,0,0,18.6963,0
15.8215,1.88756,0,0,1.47783,0.17052,0.36288,3.6288,39.7793,1.02336,0,0,0.41941,0.154746,0,0.66528,12.849,1,1.44669,0.36288,0,25.61,4.47835,20.0478,0.84672,12.849,0.84672,3695.15,0,0,0,0.292723,2.15892,2.48753,1.08711,3.85206,0.42336,0,0.42336,460.49,0,0.670075,0,0,0.962798,0.292723,1.028160,1,0,23.8999,0,0,0,23.8999,0
14.9722,1.84035,0,0,1.52171,0.167795,0.36288,3.6288,39.5721,0.66528,0,0,0.611722,0.153618,0,0.66528,12.849,1,1.49458,0.36288,0,25.9833,4.47835,20.3733,0.84672,12.849,0.84672,3695.15,0,0,0,0.874688,2.15936,3.42281,1.08711,5.36974,0.42336,0,0.42336,460.49,0,1.02816,0,0,1.90285,0.874688,1.028160,1,0,25.743,0,0,0,25.743,0
17.0495,1.65989,0,0,4.26489,0.164843,0.36288,3.6288,40.585,0.66528,0,0,1.83153,0.153318,0,0.66528,12.849,1,1.4245,0.36288,0,80.4804,4.47835,74.9404,0.84672,12.849,0.84672,3695.15,0,0,0,2.83385,2.15979,7.10573,1.08711,11.0123,0.42336,0,0.42336,460.49,0,1.02816,0,0,3.86201,2.83385,1.028160,1,0,85.9527,0,0,0,85.9527,0
17.0963,1.75922,0,0,2.34281,0.173912,0.36288,3.6288,40.1036,0.799674,0,0,0.48911,0.170874,0,0.66528,12.849,1,1.3258,0.36288,0,28.7564,4.09427,23.6992,0.84672,12.849,0.84672,3695.15,0,0,0,0.292723,1.95895,3.16241,1.0263,4.38779,0.42336,0,0.42336,460.49,0,0.893766,0,0,1.18649,0.292723,1.028160,1,0,28.087,0,0,0,28.087,0
16.5876,1.76165,0,0,1.78991,0.17403,0.36288,3.6288,39.4152,0.931268,0,0,0.412991,0.170072,0,0.66528,12.849,1,1.324,0.36288,0,33.3002,4.09427,28.2448,0.84672,12.849,0.84672,3695.15,0,0,0,0.412474,1.95935,3.27453,1.0263,4.62005,0.42336,0,0.42336,460.49,0,0.762172,0,0,1.17465,0.412474,1.028160,1,0,32.8649,0,0,0,32.8649,0
18.508,1.73912,0,0,4.19507,0.172749,0.36288,3.6288,39.7254,0.66528,0,0,1.14439,0.16897,0,0.66528,12.849,1,1.34715,0.36288,0,70.5578,4.09427,65.4793,0.84672,12.849,0.84672,3695.15,0,0,0,1.95553,1.95975,4.57659,1.0263,7.46557,0.42336,0,0.42336,460.49,0,1.02816,0,0,2.98369,1.95553,1.028160,1,0,72.9448,0,0,0,72.9448,0
19.7422,1.82199,0,0,3.59058,0.171441,0.36288,3.6288,39.2551,0.699538,0,0,0.395005,0.165726,0,0.66528,12.849,1,1.2649,0.36288,0,41.9215,3.86656,37.153,0.84672,12.849,0.84672,3695.15,0,0,0,0.412474,1.96014,3.31453,0.988559,4.69858,0.42336,0,0.42336,460.49,0,0.993902,0,0,1.40638,0.412474,1.028160,1,0,41.8515,0,0,0,41.8515,0
20.9439,1.92885,0,0,3.65827,0.164864,0.36288,3.6288,39.1313,0.66528,0,0,0.711743,0.170276,0,0.66528,12.849,1,1.25537,0.36288,0,46.5731,3.8767,41.8039,0.84672,12.849,0.84672,3695.15,0,0,0,0.846565,1.96054,4.60568,1.00907,6.40372,0.42336,0,0.42336,460.49,0,1.02816,0,0,1.87472,0.846565,1.028160,1,0,48.2076,0,0,0,48.2076,0
24.3059,1.97387,0,0,5.86545,0.166678,0.36288,3.6288,39.4982,0.66528,0,0,1.20998,0.177754,0,0.66528,12.849,1,1.21096,0.36288,0,82.5483,4.11201,77.5882,0.84672,12.849,0.84672,3695.15,0,0,0,1.56171,2.02374,7.07228,1.06219,9.59554,0.42336,0,0.42336,460.49,0,1.02816,0,0,2.58987,1.56171,1.028160,1,0,87.1837,0,0,0,87.1837,0
26.0601,2.08384,0,0,4.37549,0.174614,0.36288,3.6288,40.0521,0.66528,0,0,1.39753,0.178372,0,0.66528,12.849,1,1.10159,0.36288,0,61.6575,4.11201,56.8067,0.84672,12.849,0.84672,3695.15,0,0,0,1.97796,2.02413,4.89126,1.06219,7.83116,0.42336,0,0.42336,460.49,0,1.02816,0,0,3.00612,1.97796,1.028160,1,0,64.6379,0,0,0,64.6379,0
26.5287,2.13391,0,0,3.14444,0.179057,0.36288,3.6288,40.2484,0.66528,0,0,1.04083,0.179305,0,0.66528,12.849,1,1.05213,0.36288,0,42.3172,4.11201,37.5159,0.84672,12.849,0.84672,3695.15,0,0,0,1.2022,2.02452,4.32692,1.06219,6.49144,0.42336,0,0.42336,460.49,0,1.02816,0,0,2.23036,1.2022,1.028160,1,0,44.0073,0,0,0,44.0073,0
27.1668,2.35624,0,0,3.57673,0.219489,0.36288,3.6288,40.4052,0.66528,0,0,0.970917,0.148815,0,0.66528,12.849,1,1.14123,0.36288,0,59.3863,3.93399,54.6739,0.84672,12.849,0.84672,3695.15,0,0,0,1.1093,2.02491,6.65104,0.949089,8.83615,0.42336,0,0.42336,460.49,0,1.02816,0,0,2.13746,1.1093,1.028160,1,0,63.5101,0,0,0,63.5101,0
29.2103,2.3749,0,0,5.01067,0.229372,0.36288,3.6288,40.9343,0.66528,0,0,1.35414,0.159782,0,0.66528,12.849,1,1.12325,0.36288,0,68.9971,3.6371,64.5996,0.84672,12.849,0.84672,3695.15,0,0,0,2.51569,2.25146,7.60768,0.880585,11.4942,0.42336,0,0.42336,460.49,0,1.02816,0,0,3.54385,2.51569,1.028160,1,0,76.0938,0,0,0,76.0938,0
29.8647,2.42994,0,0,3.67781,0.230554,0.36288,3.6288,40.861,0.66528,0,0,0.754688,0.162643,0,0.66528,12.849,1,1.06888,0.36288,0,51.5131,3.65255,47.1545,0.84672,12.849,0.84672,3695.15,0,0,0,1.23273,2.25189,6.34672,0.89705,8.93429,0.42336,0,0.42336,460.49,0,1.02816,0,0,2.26089,1.23273,1.028160,1,0,56.0888,0,0,0,56.0888,0
30.419,2.44678,0,0,3.56411,0.200248,0.36288,3.6288,40.9149,0.66528,0,0,0.893843,0.174723,0,0.66528,12.849,1,1.0527,0.36288,0,76.308,3.74525,71.873,0.84672,12.849,0.84672,3695.15,0,0,0,1.88228,2.25232,6.81867,0.995841,9.95743,0.42336,0,0.42336,460.49,0,1.02816,0,0,2.91044,1.88228,1.028160,1,0,81.8304,0,0,0,81.8304,0
32.1971,2.14882,0,0,4.49366,0.203815,0.36288,3.6288,41.6901,0.66528,0,0,1.61487,0.174345,0,0.66528,12.849,1,0.907665,0.36288,0,73.3078,3.72792,69.0351,0.84672,12.849,0.84672,3695.15,0,0,0,1.43137,2.25275,6.8279,0.993128,9.51889,0.42336,0,0.42336,460.49,0,1.02816,0,0,2.45953,1.43137,1.028160,1,0,78.554,0,0,0,78.554,0
35.8773,2.18507,0,0,6.44944,0.221287,0.36288,3.6288,43.2011,0.66528,0,0,2.34904,0.172822,0,0.66528,12.849,1,0.872003,0.36288,0,81.3819,3.62397,77.2488,0.84672,12.849,0.84672,3695.15,0,0,0,3.00907,1.94452,15.9231,0.976849,19.8998,0.42336,0,0.42336,460.49,0,1.02816,0,0,4.03723,3.00907,1.028160,1,0,97.1486,0,0,0,97.1486,0
39.0189,2.25136,0,0,5.98736,0.231514,0.36288,3.6288,43.8463,0.66528,0,0,1.48588,0.175343,0,0.66528,12.849,1,0.806296,0.36288,0,97.7132,3.62397,93.6458,0.84672,12.849,0.84672,3695.15,0,0,0,2.63206,1.94489,11.4368,0.976849,15.0369,0.42336,0,0.42336,460.49,0,1.02816,0,0,3.66022,2.63206,1.028160,1,0,108.683,0,0,0,108.683,0
40.8999,2.30064,0,0,4.81427,0.269753,0.36288,3.6288,44.3096,0.66528,0,0,1.25762,0.129044,0,0.66528,12.849,1,0.757604,0.36288,0,66.3938,3.0032,62.9959,0.84672,12.849,0.84672,3695.15,0,0,0,1.94124,1.94527,9.15693,0.804318,12.2391,0.42336,0,0.42336,460.49,0,1.02816,0,0,2.9694,1.94124,1.028160,1,0,75.235,0,0,0,75.235,0
43.4815,2.3276,0,0,5.55538,0.28328,0.36288,3.6288,44.892,0.66528,0,0,1.38756,0.139859,0,0.66528,12.849,1,0.731231,0.36288,0,77.4273,3.49535,73.5636,0.84672,12.849,0.84672,3695.15,0,0,0,2.22286,1.94564,10.0807,0.937142,13.3121,0.42336,0,0.42336,460.49,0,1.02816,0,0,3.25102,2.22286,1.028160,1,0,86.8757,0,0,0,86.8757,0
46.8438,2.44785,0,0,6.42359,0.250574,0.36288,3.6288,46.4651,0.66528,0,0,2.37687,0.138529,0,0.66528,12.849,1,0.72335,0.36288,0,121.143,3.39676,117.386,0.84672,12.849,0.84672,3695.15,0,0,0,3.43748,1.94601,15.0238,0.842085,19.5652,0.42336,0,0.42336,460.49,0,1.02816,0,0,4.46564,3.43748,1.028160,1,0,136.951,0,0,0,136.951,0
49.3923,2.48907,0,0,5.64499,0.244528,0.36288,3.6288,47.9276,0.66528,0,0,2.2585,0.130754,0,0.66528,12.849,1,0.682737,0.36288,0,94.9018,3.1352,91.4467,0.84672,12.849,0.84672,3695.15,0,0,0,2.62578,2.02255,11.7583,0.743512,15.6631,0.42336,0,0.42336,460.49,0,1.02816,0,0,3.65394,2.62578,1.028160,1,0,107.11,0,0,0,107.11,0
51.3365,2.5175,0,0,5.07597,0.251415,0.36288,3.6288,49.162,0.66528,0,0,2.03208,0.132397,0,0.66528,12.849,1,0.654907,0.36288,0,79.1329,3.1352,75.7057,0.84672,12.849,0.84672,3695.15,0,0,0,2.2602,2.02294,9.69054,0.743512,13.2302,0.42336,0,0.42336,460.49,0,1.02816,0,0,3.28836,2.2602,1.028160,1,0,88.9358,0,0,0,88.9358,0
53.3643,2.53783,0,0,5.16375,0.235242,0.36288,3.6288,50.4377,0.66528,0,0,2.07782,0.136835,0,0.66528,12.849,1,0.635192,0.36288,0,92.067,2.92992,88.8647,0.84672,12.849,0.84672,3695.15,0,0,0,3.04474,2.02333,10.3832,0.824149,14.6271,0.42336,0,0.42336,460.49,0,1.02816,0,0,4.0729,3.04474,1.028160,1,0,103.492,0,0,0,103.492,0
55.1287,2.52252,0,0,4.86537,0.215618,0.36288,3.6288,51.2895,0.66528,0,0,1.68133,0.164217,0,0.66528,12.849,1,0.607369,0.36288,0,86.2212,3.3267,82.65,0.84672,12.849,0.84672,3695.15,0,0,0,2.14027,2.02371,9.11805,0.902632,12.3794,0.42336,0,0.42336,460.49,0,1.02816,0,0,3.16843,2.14027,1.028160,1,0,95.0294,0,0,0,95.0294,0
55.9611,2.53877,0,0,3.93206,0.197966,0.36288,3.6288,51.5684,0.66528,0,0,1.14269,0.198521,0,0.66528,12.849,1,0.591717,0.36288,0,59.5579,3.96522,55.3639,0.84672,12.849,0.84672,3695.15,0,0,0,1.31152,1.99444,5.67086,0.964269,8.01254,0.42336,0,0.42336,460.49,0,1.02816,0,0,2.33968,1.31152,1.028160,1,0,63.3764,0,0,0,63.3764,0
55.9746,2.54641,0,0,3.12238,0.199619,0.36288,3.6288,51.6343,0.66528,0,0,0.930105,0.19897,0,0.66528,12.849,1,0.584671,0.36288,0,50.1441,3.96522,45.9571,0.84672,12.849,0.84672,3695.15,0,0,0,0.942201,1.99482,4.69194,0.964269,6.6647,0.42336,0,0.42336,460.49,0,1.02816,0,0,1.97036,0.942201,1.028160,1,0,52.6218,0,0,0,52.6218,0
55.6283,2.54701,0,0,2.76323,0.199646,0.36288,3.6288,51.5933,0.66528,0,0,0.823375,0.199076,0,0.66528,12.849,1,0.584668,0.36288,0,47.2498,3.96522,43.0628,0.84672,12.849,0.84672,3695.15,0,0,0,0.542514,1.9952,4.46857,0.964269,6.04202,0.42336,0,0.42336,460.49,0,1.02816,0,0,1.57067,0.542514,1.028160,1,0,49.1048,0,0,0,49.1048,0
55.6593,2.66525,0,0,3.25808,0.198958,0.36288,3.6288,51.6615,0.66528,0,0,0.932489,0.19901,0,0.66528,12.849,1,0.615618,0.36288,0,53.4032,3.96522,49.1853,0.84672,12.849,0.84672,3695.15,0,0,0,0.600903,1.99558,5.24535,0.964269,6.87757,0.42336,0,0.42336,460.49,0,1.02816,0,0,1.62906,0.600903,1.028160,1,0,56.0628,0,0,0,56.0628,0
55.3363,2.66604,0,0,2.82198,0.11605,0.36288,3.6288,51.6509,0.66528,0,0,0.854531,0.199807,0,0.66528,12.849,1,0.615457,0.36288,0,37.8492,4.3596,33.237,0.84672,12.849,0.84672,3695.15,0,0,0,0.550679,2.09999,3.21957,1.00108,4.86916,0.42336,0,0.42336,460.49,0,1.02816,0,0,1.57884,0.550679,1.028160,1,0,38.1061,0,0,0,38.1061,0
54.6319,2.66363,0,0,2.43778,0.115676,0.36288,3.6288,51.5302,0.66528,0,0,0.744353,0.19979,0,0.66528,12.849,1,0.618491,0.36288,0,34.1404,4.3596,29.5252,0.84672,12.849,0.84672,3695.15,0,0,0,0.409571,2.10039,2.93415,1.00108,4.44303,0.42336,0,0.42336,460.49,0,1.02816,0,0,1.43773,0.409571,1.028160,1,0,33.9683,0,0,0,33.9683,0
53.6605,2.65768,0,0,2.16404,0.11486,0.36288,3.6288,51.3055,0.66528,0,0,0.640209,0.199595,0,0.66528,12.849,1,0.625066,0.36288,0,32.3071,4.3596,27.6853,0.84672,12.849,0.84672,3695.15,0,0,0,0.309692,2.10079,2.90144,1.00108,4.31084,0.42336,0,0.42336,460.49,0,1.02816,0,0,1.33785,0.309692,1.028160,1,0,31.9962,0,0,0,31.9962,0
52.5317,2.64906,0,0,1.98881,0.105646,0.36288,3.6288,51.0512,0.669064,0,0,0.62314,0.208454,0,0.66528,12.849,1,0.634317,0.36288,0,29.6017,4.55523,24.775,0.84672,12.849,0.84672,3695.15,0,0,0,0.30119,2.10119,2.81963,1.05447,4.16754,0.42336,0,0.42336,460.49,0,1.02438,0,0,1.32557,0.30119,1.028160,1,0,28.9426,0,0,0,28.9426,0
51.4037,2.61498,0,0,1.92574,0.0759202,0.36288,3.6288,50.7241,0.674853,0,0,0.55528,0.207471,0,0.66528,12.849,1,0.639611,0.36288,0,31.5119,4.74648,26.4887,0.84672,12.849,0.84672,3695.15,0,0,0,0.30119,2.10159,3.03053,1.11882,4.31449,0.42336,0,0.42336,460.49,0,1.01859,0,0,1.31978,0.30119,1.028160,1,0,30.8032,0,0,0,30.8032,0
50.1312,2.60425,0,0,1.76629,0.0716692,0.36288,3.6288,50.3944,0.66528,0,0,0.533062,0.197521,0,0.66528,12.849,1,0.650964,0.36288,0,32.2493,4.62735,27.3339,0.84672,12.849,0.84672,3695.15,0,0,0,0.309113,2.13839,3.00808,1.09118,4.3644,0.42336,0,0.42336,460.49,0,1.02816,0,0,1.33727,0.309113,1.028160,1,0,31.6983,0,0,0,31.6983,0
48.7041,2.59159,0,0,1.59808,0.0707189,0.36288,3.6288,49.9088,0.783311,0,0,0.494702,0.19699,0,0.66528,12.849,1,0.664244,0.36288,0,28.9602,4.62735,24.0314,0.84672,12.849,0.84672,3695.15,0,0,0,0.261274,2.1388,2.88502,1.09118,4.19391,0.42336,0,0.42336,460.49,0,0.910129,0,0,1.1714,0.261274,1.028160,1,0,28.2254,0,0,0,28.2254,0
47.2405,2.57668,0,0,1.52254,0.0465574,0.36288,3.6288,49.3423,0.777583,0,0,0.468077,0.256958,0,0.66528,12.849,1,0.679774,0.36288,0,26.2357,5.47425,20.4446,0.84672,12.849,0.84672,3695.15,0,0,0,0.261274,2.13921,2.73335,1.40032,3.73352,0.42336,0,0.42336,460.49,0,0.915857,0,0,1.17713,0.261274,1.028160,1,0,24.1781,0,0,0,24.1781,0
45.569,2.62037,0,0,1.35514,0.0433428,0.36288,3.6288,48.6765,0.831522,0,0,0.436479,0.270716,0,0.66528,12.849,1,0.712719,0.36288,0,23.9426,5.65554,17.9372,0.84672,12.849,0.84672,3695.15,0,0,0,0.261274,2.13962,2.55355,1.44782,3.50662,0.42336,0,0.42336,460.49,0,0.861918,0,0,1.12319,0.261274,1.028160,1,0,21.4438,0,0,0,21.4438,0
43.8366,2.60048,0,0,1.2767,0.0457618,0.36288,3.6288,47.9334,0.883665,0,0,0.421899,0.28135,0,0.66528,12.849,1,0.733251,0.36288,0,21.9927,5.75589,15.8664,0.84672,12.849,0.84672,3695.15,0,0,0,0.261274,2.19165,2.24828,1.43779,3.26342,0.42336,0,0.42336,460.49,0,0.809775,0,0,1.07105,0.261274,1.028160,1,0,19.1298,0,0,0,19.1298,0
41.9987,2.57856,0,0,1.14838,0.0448732,0.36288,3.6288,47.1316,0.917905,0,0,0.395737,0.279618,0,0.66528,12.849,1,0.755805,0.36288,0,20.727,5.75589,14.5782,0.84672,12.849,0.84672,3695.15,0,0,0,0.261274,2.19207,2.2952,1.43779,3.31075,0.42336,0,0.42336,460.49,0,0.775535,0,0,1.03681,0.261274,1.028160,1,0,17.889,0,0,0,17.889,0
40.0832,2.55372,0,0,1.04506,0.0439304,0.36288,3.6288,46.2516,0.981979,0,0,0.379649,0.277749,0,0.66528,12.849,1,0.781281,0.36288,0,19.4677,5.75589,13.2934,0.84672,12.849,0.84672,3695.15,0,0,0,0.227405,2.19249,2.13377,1.43779,3.11587,0.42336,0,0.42336,460.49,0,0.711461,0,0,0.938866,0.227405,1.028160,1,0,16.4093,0,0,0,16.4093,0
37.8985,2.69463,0,0,0.904306,0.0315484,0.36288,3.6288,45.3554,0.992261,0,0,0.378058,0.281914,0,0.66528,12.849,1,0.863785,0.36288,0,18.5744,5.9977,12.0758,0.84672,12.849,0.84672,3695.15,0,0,0,0.227405,2.19291,2.16226,1.46784,3.11474,0.42336,0,0.42336,460.49,0,0.701179,0,0,0.928584,0.227405,1.028160,1,0,15.1906,0,0,0,15.1906,0
35.623,2.65795,0,0,0.780443,0.0351052,0.36288,3.6288,44.4965,0.955273,0,0,0.345145,0.248808,0,0.66528,12.849,1,0.901145,0.36288,0,15.4538,5.47152,9.44398,0.84672,12.849,0.84672,3695.15,0,0,0,0.227405,2.37009,2.50428,1.41564,3.68614,0.42336,0,0.42336,460.49,0,0.738167,0,0,0.965572,0.227405,1.028160,1,0,13.1301,0,0,0,13.1301,0
33.4439,2.61615,0,0,0.833682,0.0337603,0.36288,3.6288,43.6351,0.958193,0,0,0.340229,0.243488,0,0.66528,12.849,1,0.943629,0.36288,0,14.2446,5.40372,8.26013,0.84672,12.849,0.84672,3695.15,0,0,0,0.227405,2.37054,2.71649,1.42918,3.88526,0.42336,0,0.42336,460.49,0,0.735247,0,0,0.962651,0.227405,1.028160,1,0,12.1454,0,0,0,12.1454,0
31.7203,2.57222,0,0,1.25132,0.0397695,0.36288,3.6288,43.0555,0.744993,0,0,0.405113,0.239643,0,0.66528,12.849,1,0.988236,0.36288,0,21.0346,5.34435,15.0649,0.84672,12.849,0.84672,3695.15,0,0,0,0.204422,2.371,2.88683,1.4219,4.04035,0.42336,0,0.42336,460.49,0,0.948447,0,0,1.15287,0.204422,1.028160,1,0,19.1052,0,0,0,19.1052,0
30.5357,2.53449,0,0,1.76197,0.0492655,0.36288,3.6288,42.6548,0.690301,0,0,0.519969,0.230423,0,0.66528,12.849,1,1.02665,0.36288,0,27.4555,5.34868,21.443,0.84672,12.849,0.84672,3695.15,0,0,0,0.204422,2.37145,3.17847,1.40163,4.35271,0.42336,0,0.42336,460.49,0,1.00314,0,0,1.20756,0.204422,1.028160,1,0,25.7958,0,0,0,25.7958,0
28.8166,2.43044,0,0,1.11111,0.03688,0.36288,3.6288,42.3238,0.66528,0,0,0.561108,0.226811,0,0.66528,12.849,1,1.0227,0.36288,0,23.9229,5.39401,17.869,0.84672,12.849,0.84672,3695.15,0,0,0,0.95053,2.3719,3.72704,1.40233,5.64714,0.42336,0,0.42336,460.49,0,1.02816,0,0,1.97869,0.95053,1.028160,1,0,23.5162,0,0,0,23.5162,0
27.0659,2.3887,0,0,1.03194,0.0310422,0.36288,3.6288,41.7143,0.688133,0,0,0.30446,0.225863,0,0.66528,12.849,1,1.0651,0.36288,0,19.9292,5.34209,13.8849,0.84672,12.849,0.84672,3695.15,0,0,0,0.204422,2.26996,3.25791,1.40402,4.32828,0.42336,0,0.42336,460.49,0,1.00531,0,0,1.20973,0.204422,1.028160,1,0,18.2132,0,0,0,18.2132,0
25.2059,2.34243,0,0,0.875638,0.0303024,0.36288,3.6288,40.9571,0.810156,0,0,0.27753,0.224542,0,0.66528,12.849,1,1.11202,0.36288,0,18.415,5.34209,12.3237,0.84672,12.849,0.84672,3695.15,0,0,0,0.216518,2.27039,3.10005,1.40402,4.18294,0.42336,0,0.42336,460.49,0,0.883284,0,0,1.0998,0.216518,1.028160,1,0,16.5067,0,0,0,16.5067,0
24.3206,2.28852,0,0,1.867,0.100938,0.36288,3.6288,40.654,0.66528,0,0,0.507698,0.145471,0,0.66528,12.849,1,1.1666,0.36288,0,40.5373,4.09631,35.6373,0.84672,12.849,0.84672,3695.15,0,0,0,0.448243,2.27083,6.8689,1.01463,8.57334,0.42336,0,0.42336,460.49,0,1.02816,0,0,1.4764,0.448243,1.028160,1,0,44.2106,0,0,0,44.2106,0
25.126,2.20275,0,0,3.47677,0.105678,0.36288,3.6288,40.6365,0.66528,0,0,0.791983,0.144213,0,0.66528,12.849,1,1.16375,0.36288,0,67.0416,3.88661,62.3542,0.84672,12.849,0.84672,3695.15,0,0,0,1.30394,2.27126,7.68394,0.948829,10.3103,0.42336,0,0.42336,460.49,0,1.02816,0,0,2.3321,1.30394,1.028160,1,0,72.6645,0,0,0,72.6645,0
26.5501,2.22786,0,0,4.09697,0.0821194,0.36288,3.6288,40.896,0.66528,0,0,1.14415,0.219402,0,0.66528,12.849,1,1.13929,0.36288,0,130.276,4.03494,125.464,0.84672,12.849,0.84672,3695.15,0,0,0,2.34707,2.18024,10.3373,0.974279,13.8904,0.42336,0,0.42336,460.49,0,1.02816,0,0,3.37523,2.34707,1.028160,1,0,139.355,0,0,0,139.355,0
27.7575,2.26947,0,0,3.98476,0.145061,0.36288,3.6288,40.853,0.66528,0,0,0.860302,0.237996,0,0.66528,12.849,1,1.09832,0.36288,0,76.5999,4.99947,70.865,0.84672,12.849,0.84672,3695.15,0,0,0,0.650203,2.18066,7.74697,1.15954,9.41829,0.42336,0,0.42336,460.49,0,1.02816,0,0,1.67836,0.650203,1.028160,1,0,80.2833,0,0,0,80.2833,0
29.2861,2.30257,0,0,4.34156,0.147521,0.36288,3.6288,40.6897,0.66528,0,0,0.739886,0.237897,0,0.66528,12.849,1,1.06587,0.36288,0,32.6727,4.99947,26.9702,0.84672,12.849,0.84672,3695.15,0,0,0,0.873444,2.18108,6.2909,1.15954,8.18587,0.42336,0,0.42336,460.49,0,1.02816,0,0,1.9016,0.873444,1.028160,1,0,35.1561,0,0,0,35.1561,0
30.6605,2.16533,0,0,4.05324,0.150636,0.36288,3.6288,40.768,0.66528,0,0,0.981055,0.237519,0,0.66528,12.849,1,0.950019,0.36288,0,37.8502,4.99947,32.2636,0.84672,12.849,0.84672,3695.15,0,0,0,1.51953,2.18149,7.43921,1.15954,9.9807,0.42336,0,0.42336,460.49,0,1.02816,0,0,2.54769,1.51953,1.028160,1,0,42.2443,0,0,0,42.2443,0
31.7614,2.19576,0,0,3.81409,0.154524,0.36288,3.6288,40.3026,0.66528,0,0,0.424545,0.22466,0,0.66528,12.849,1,0.920185,0.36288,0,53.7837,4.41636,48.8101,0.84672,12.849,0.84672,3695.15,0,0,0,0.667604,1.97861,7.04692,0.978402,8.71474,0.42336,0,0.42336,460.49,0,1.02816,0,0,1.69576,0.667604,1.028160,1,0,57.5248,0,0,0,57.5248,0
31.9698,2.21889,0,0,2.94713,0.156918,0.36288,3.6288,40.1225,0.66528,0,0,0.706703,0.221479,0,0.66528,12.849,1,0.897647,0.36288,0,69.2729,4.31918,64.419,0.84672,12.849,0.84672,3695.15,0,0,0,0.993868,1.97899,5.81029,0.948212,7.83493,0.42336,0,0.42336,460.49,0,1.02816,0,0,2.02203,0.993868,1.028160,1,0,72.2539,0,0,0,72.2539,0
33.0141,2.22349,0,0,3.78792,0.157331,0.36288,3.6288,41.5688,0.66528,0,0,2.33264,0.221089,0,0.66528,12.849,1,0.893643,0.36288,0,94.9864,4.31918,90.1365,0.84672,12.849,0.84672,3695.15,0,0,0,3.94482,1.97937,9.21289,0.948212,14.1889,0.42336,0,0.42336,460.49,0,1.02816,0,0,4.97298,3.94482,1.028160,1,0,104.325,0,0,0,104.325,0
32.7874,2.24426,0,0,2.57428,0.193817,0.36288,3.6288,41.4773,0.66528,0,0,0.793972,0.220244,0,0.66528,12.849,1,0.873463,0.36288,0,42.1761,5.07157,36.5939,0.84672,12.849,0.84672,3695.15,0,0,0,1.4635,1.97975,4.85208,1.26452,7.03081,0.42336,0,0.42336,460.49,0,1.02816,0,0,2.49166,1.4635,1.028160,1,0,43.6247,0,0,0,43.6247,0
33.4325,2.23993,0,0,3.45281,0.204845,0.36288,3.6288,41.3842,0.66528,0,0,0.773378,0.201128,0,0.66528,12.849,1,0.877802,0.36288,0,74.0943,5.00618,68.5732,0.84672,12.849,0.84672,3695.15,0,0,0,1.06585,1.98012,6.70859,1.22172,8.53284,0.42336,0,0.42336,460.49,0,1.02816,0,0,2.09401,1.06585,1.028160,1,0,77.1061,0,0,0,77.1061,0
37.8616,2.32315,0,0,7.32943,0.21436,0.36288,3.6288,41.9316,0.66528,0,0,1.38931,0.176624,0,0.66528,12.849,1,0.892846,0.36288,0,169.354,4.75178,164.073,0.84672,12.849,0.84672,3695.15,0,0,0,2.25736,1.98012,12.9443,1.09436,16.0874,0.42336,0,0.42336,460.49,0,1.02816,0,0,3.28552,2.25736,1.028160,1,0,180.16,0,0,0,180.16,0
40.8531,2.40156,0,0,5.98207,0.226101,0.36288,3.6288,42.4774,0.66528,0,0,1.38856,0.177561,0,0.66528,12.849,1,0.815012,0.36288,0,166.008,4.75178,160.804,0.84672,12.849,0.84672,3695.15,0,0,0,2.20975,2.04394,13.218,1.09436,16.3773,0.42336,0,0.42336,460.49,0,1.02816,0,0,3.23791,2.20975,1.028160,1,0,177.182,0,0,0,177.182,0
42.0048,2.4474,0,0,4.22,0.258033,0.36288,3.6288,42.4959,0.66528,0,0,0.858427,0.17456,0,0.66528,12.849,1,0.76975,0.36288,0,101.18,4.90257,95.8701,0.84672,12.849,0.84672,3695.15,0,0,0,1.14879,2.04431,8.34814,1.32996,10.2113,0.42336,0,0.42336,460.49,0,1.02816,0,0,2.17695,1.14879,1.028160,1,0,106.081,0,0,0,106.081,0
46.7915,2.46401,0,0,7.81389,0.200321,0.36288,3.6288,42.8109,0.66528,0,0,1.18144,0.201224,0,0.66528,12.849,1,0.753724,0.36288,0,137.546,4.80929,132.346,0.84672,12.849,0.84672,3695.15,0,0,0,1.90355,2.04467,10.2372,1.27545,12.91,0.42336,0,0.42336,460.49,0,1.02816,0,0,2.93171,1.90355,1.028160,1,0,145.256,0,0,0,145.256,0
50.2869,2.77123,0,0,6.86631,0.23674,0.36288,3.6288,43.6761,0.66528,0,0,1.66311,0.132651,0,0.66528,12.849,1,0.760985,0.36288,0,197.039,4.52175,192.119,0.84672,12.849,0.84672,3695.15,0,0,0,2.11968,2.04504,14.9784,1.10249,18.0406,0.42336,0,0.42336,460.49,0,1.02816,0,0,3.14784,2.11968,1.028160,1,0,210.159,0,0,0,210.159,0
52.7341,2.81387,0,0,5.90427,0.280328,0.36288,3.6288,44.552,0.66528,0,0,1.72077,0.179561,0,0.66528,12.849,1,0.718983,0.36288,0,149.162,4.90434,143.901,0.84672,12.849,0.84672,3695.15,0,0,0,2.15239,2.27382,14.2846,1.23603,17.4748,0.42336,0,0.42336,460.49,0,1.02816,0,0,3.18055,2.15239,1.028160,1,0,161.376,0,0,0,161.376,0
54.5608,2.84121,0,0,5.31834,0.28756,0.36288,3.6288,45.2704,0.66528,0,0,1.56477,0.18105,0,0.66528,12.849,1,0.692279,0.36288,0,161.086,4.90434,155.852,0.84672,12.849,0.84672,3695.15,0,0,0,1.64743,2.27423,12.5999,1.23603,15.2855,0.42336,0,0.42336,460.49,0,1.02816,0,0,2.67559,1.64743,1.028160,1,0,171.138,0,0,0,171.138,0
55.4138,2.86049,0,0,4.36745,0.291134,0.36288,3.6288,45.8045,0.66528,0,0,1.36896,0.169625,0,0.66528,12.849,1,0.673641,0.36288,0,118.911,4.39482,114.205,0.84672,12.849,0.84672,3695.15,0,0,0,1.55267,2.27464,11.1156,1.14275,13.8002,0.42336,0,0.42336,460.49,0,1.02816,0,0,2.58083,1.55267,1.028160,1,0,128.005,0,0,0,128.005,0
56.7632,2.50571,0,0,4.50767,0.289665,0.36288,3.6288,46.1686,0.66528,0,0,1.20614,0.176728,0,0.66528,12.849,1,0.581008,0.36288,0,107.306,4.6934,102.395,0.84672,12.849,0.84672,3695.15,0,0,0,1.41786,2.27505,9.21197,1.08804,11.8168,0.42336,0,0.42336,460.49,0,1.02816,0,0,2.44602,1.41786,1.028160,1,0,114.212,0,0,0,114.212,0
57.6295,2.51742,0,0,4.04004,0.293455,0.36288,3.6288,46.3618,0.66528,0,0,1.02178,0.163308,0,0.66528,12.849,1,0.569848,0.36288,0,95.2612,4.56173,90.4925,0.84672,12.849,0.84672,3695.15,0,0,0,1.05124,1.96375,8.27107,1.02451,10.2616,0.42336,0,0.42336,460.49,0,1.02816,0,0,2.0794,1.05124,1.028160,1,0,100.754,0,0,0,100.754,0
59.1263,2.52488,0,0,4.68052,0.295964,0.36288,3.6288,46.5563,0.66528,0,0,1.02339,0.1636,0,0.66528,12.849,1,0.562945,0.36288,0,112.088,4.56173,107.326,0.84672,12.849,0.84672,3695.15,0,0,0,0.955342,1.9641,8.33173,1.02451,10.2267,0.42336,0,0.42336,460.49,0,1.02816,0,0,1.9835,0.955342,1.028160,1,0,117.552,0,0,0,117.552,0
59.9726,2.53705,0,0,4.05302,0.306754,0.36288,3.6288,46.6533,0.66528,0,0,0.934805,0.172506,0,0.66528,12.849,1,0.551337,0.36288,0,95.6595,4.28421,91.1868,0.84672,12.849,0.84672,3695.15,0,0,0,0.696686,1.96446,7.11202,1.02405,8.74911,0.42336,0,0.42336,460.49,0,1.02816,0,0,1.72485,0.696686,1.028160,1,0,99.9359,0,0,0,99.9359,0
61.3297,2.54391,0,0,4.571,0.307133,0.36288,3.6288,47.4115,0.66528,0,0,1.58403,0.160568,0,0.66528,12.849,1,0.545028,0.36288,0,99.9518,3.74817,96.0215,0.84672,12.849,0.84672,3695.15,0,0,0,1.87432,1.96481,10.3958,0.908834,13.3261,0.42336,0,0.42336,460.49,0,1.02816,0,0,2.90248,1.87432,1.028160,1,0,109.348,0,0,0,109.348,0
63.2577,2.64767,0,0,5.24111,0.302549,0.36288,3.6288,48.9705,0.66528,0,0,2.36803,0.143803,0,0.66528,12.849,1,0.554706,0.36288,0,119.489,3.62365,115.674,0.84672,12.849,0.84672,3695.15,0,0,0,2.41552,1.96517,11.9497,0.822876,15.5075,0.42336,0,0.42336,460.49,0,1.02816,0,0,3.44368,2.41552,1.028160,1,0,131.182,0,0,0,131.182,0
63.8657,2.66221,0,0,3.94051,0.307377,0.36288,3.6288,49.6176,0.66528,0,0,1.45803,0.145681,0,0.66528,12.849,1,0.540751,0.36288,0,74.3679,3.62365,70.5664,0.84672,12.849,0.84672,3695.15,0,0,0,1.46666,2.04244,9.71957,0.822876,12.4058,0.42336,0,0.42336,460.49,0,1.02816,0,0,2.49482,1.46666,1.028160,1,0,82.9722,0,0,0,82.9722,0
64.2444,2.66697,0,0,3.71746,0.308899,0.36288,3.6288,50.3876,0.66528,0,0,1.58183,0.14646,0,0.66528,12.849,1,0.536562,0.36288,0,85.8211,3.62365,82.0238,0.84672,12.849,0.84672,3695.15,0,0,0,1.48206,2.04281,9.77642,0.822876,12.4784,0.42336,0,0.42336,460.49,0,1.02816,0,0,2.51022,1.48206,1.028160,1,0,94.5022,0,0,0,94.5022,0
64.0113,2.67009,0,0,3.04909,0.249264,0.36288,3.6288,50.7159,0.66528,0,0,1.16414,0.170616,0,0.66528,12.849,1,0.534023,0.36288,0,77.0343,3.85777,73.0054,0.84672,12.849,0.84672,3695.15,0,0,0,0.952456,2.04318,8.39211,0.926673,10.4611,0.42336,0,0.42336,460.49,0,1.02816,0,0,1.98062,0.952456,1.028160,1,0,83.4665,0,0,0,83.4665,0
63.0747,2.63217,0,0,2.27323,0.214763,0.36288,3.6288,50.8299,0.66528,0,0,0.946693,0.167415,0,0.66528,12.849,1,0.528355,0.36288,0,53.2673,3.6287,49.4732,0.84672,12.849,0.84672,3695.15,0,0,0,0.682724,2.04355,6.35824,1.02586,8.05865,0.42336,0,0.42336,460.49,0,1.02816,0,0,1.71088,0.682724,1.028160,1,0,57.5318,0,0,0,57.5318,0
62.5223,2.62612,0,0,2.64972,0.213134,0.36288,3.6288,51.0079,0.66528,0,0,1.01085,0.16757,0,0.66528,12.849,1,0.534969,0.36288,0,55.0067,3.6287,51.2059,0.84672,12.849,0.84672,3695.15,0,0,0,0.679579,2.01396,5.45178,1.02586,7.11946,0.42336,0,0.42336,460.49,0,1.02816,0,0,1.70774,0.679579,1.028160,1,0,58.3254,0,0,0,58.3254,0
62.3135,2.62267,0,0,2.96781,0.191033,0.36288,3.6288,51.2098,0.66528,0,0,1.04002,0.172801,0,0.66528,12.849,1,0.538987,0.36288,0,66.063,3.79124,62.0957,0.84672,12.849,0.84672,3695.15,0,0,0,0.756155,2.01433,5.25576,0.995775,7.03047,0.42336,0,0.42336,460.49,0,1.02816,0,0,1.78432,0.756155,1.028160,1,0,69.1261,0,0,0,69.1261,0
61.1983,2.62165,0,0,2.03184,0.162566,0.36288,3.6288,51.2686,0.66528,0,0,0.903753,0.179746,0,0.66528,12.849,1,0.540582,0.36288,0,48.5987,4.00795,44.413,0.84672,12.849,0.84672,3695.15,0,0,0,0.502934,2.01469,4.72175,0.955656,6.28372,0.42336,0,0.42336,460.49,0,1.02816,0,0,1.53109,0.502934,1.028160,1,0,50.6968,0,0,0,50.6968,0
59.8538,2.73798,0,0,1.94126,0.184897,0.36288,3.6288,51.0286,0.834365,0,0,0.795277,0.200852,0,0.66528,12.849,1,0.574857,0.36288,0,39.4324,4.84486,34.3756,0.84672,12.849,0.84672,3695.15,0,0,0,0.402797,2.01505,4.13264,1.01672,5.53377,0.42336,0,0.42336,460.49,0,0.859075,0,0,1.26187,0.402797,1.028160,1,0,39.9094,0,0,0,39.9094,0
58.3665,2.72784,0,0,1.76102,0.157625,0.36288,3.6288,50.5609,0.889168,0,0,0.609298,0.187844,0,0.66528,12.849,1,0.585593,0.36288,0,34.5146,4.47993,29.812,0.84672,12.849,0.84672,3695.15,0,0,0,0.402797,2.12045,3.74857,1.01892,5.25289,0.42336,0,0.42336,460.49,0,0.804272,0,0,1.20707,0.402797,1.028160,1,0,35.0649,0,0,0,35.0649,0
56.7817,2.7161,0,0,1.62924,0.135007,0.36288,3.6288,50.203,0.785229,0,0,0.619405,0.192099,0,0.66528,12.849,1,0.597931,0.36288,0,31.2681,4.64247,26.3906,0.84672,12.849,0.84672,3695.15,0,0,0,0.30119,2.12083,3.69877,0.988831,5.13196,0.42336,0,0.42336,460.49,0,0.908211,0,0,1.2094,0.30119,1.028160,1,0,31.5225,0,0,0,31.5225,0
55.1614,2.70297,0,0,1.57848,0.132928,0.36288,3.6288,49.8312,0.829233,0,0,0.649045,0.191538,0,0.66528,12.849,1,0.61165,0.36288,0,29.6691,4.64247,24.7778,0.84672,12.849,0.84672,3695.15,0,0,0,0.30119,2.12121,3.83951,0.988831,5.27309,0.42336,0,0.42336,460.49,0,0.864207,0,0,1.1654,0.30119,1.028160,1,0,30.0509,0,0,0,30.0509,0
53.5828,2.68889,0,0,1.58745,0.11429,0.36288,3.6288,49.4689,0.800124,0,0,0.63138,0.19359,0,0.66528,12.849,1,0.626335,0.36288,0,33.2122,4.52349,28.4252,0.84672,12.849,0.84672,3695.15,0,0,0,0.30119,2.1216,3.28351,1.05232,4.65398,0.42336,0,0.42336,460.49,0,0.893316,0,0,1.19451,0.30119,1.028160,1,0,33.0792,0,0,0,33.0792,0
51.971,2.65053,0,0,1.50189,0.100293,0.36288,3.6288,49.2338,0.688548,0,0,0.648432,0.194984,0,0.66528,12.849,1,0.63559,0.36288,0,36.0918,4.43426,31.3848,0.84672,12.849,0.84672,3695.15,0,0,0,0.30119,2.12198,3.05713,1.09993,4.38037,0.42336,0,0.42336,460.49,0,1.00489,0,0,1.30608,0.30119,1.028160,1,0,35.7652,0,0,0,35.7652,0
50.2279,2.6352,0,0,1.35359,0.098646,0.36288,3.6288,48.8281,0.814925,0,0,0.603853,0.194606,0,0.66528,12.849,1,0.651511,0.36288,0,33.4517,4.43426,28.7288,0.84672,12.849,0.84672,3695.15,0,0,0,0.261274,2.15911,2.91078,1.09993,4.23123,0.42336,0,0.42336,460.49,0,0.878515,0,0,1.13979,0.261274,1.028160,1,0,32.96,0,0,0,32.96,0
48.4644,2.61767,0,0,1.29435,0.0773062,0.36288,3.6288,48.3255,0.829345,0,0,0.570876,0.244131,0,0.66528,12.849,1,0.669637,0.36288,0,30.1586,5.14,24.7118,0.84672,12.849,0.84672,3695.15,0,0,0,0.261274,2.1595,2.76553,1.35754,3.82876,0.42336,0,0.42336,460.49,0,0.864095,0,0,1.12537,0.261274,1.028160,1,0,28.5406,0,0,0,28.5406,0
46.5744,2.59888,0,0,1.14002,0.0682688,0.36288,3.6288,47.6982,0.891613,0,0,0.530137,0.265893,0,0.66528,12.849,1,0.689021,0.36288,0,26.8029,5.44337,21.0334,0.84672,12.849,0.84672,3695.15,0,0,0,0.261274,2.15989,2.61753,1.4597,3.57899,0.42336,0,0.42336,460.49,0,0.801827,0,0,1.0631,0.261274,1.028160,1,0,24.6124,0,0,0,24.6124,0
44.7033,2.63758,0,0,1.19675,0.0673741,0.36288,3.6288,47.1406,0.92937,0,0,0.652955,0.281166,0,0.66528,12.849,1,0.727659,0.36288,0,32.6227,5.56972,26.6882,0.84672,12.849,0.84672,3695.15,0,0,0,0.261274,2.16028,2.58619,1.45436,3.55338,0.42336,0,0.42336,460.49,0,0.76407,0,0,1.02534,0.261274,1.028160,1,0,30.2416,0,0,0,30.2416,0
42.7493,2.61439,0,0,1.08931,0.0659768,0.36288,3.6288,46.4921,0.907209,0,0,0.538554,0.279857,0,0.66528,12.849,1,0.751451,0.36288,0,26.2758,5.56972,20.3175,0.84672,12.849,0.84672,3695.15,0,0,0,0.261274,2.21279,2.40315,1.45436,3.42284,0.42336,0,0.42336,460.49,0,0.786231,0,0,1.0475,0.261274,1.028160,1,0,23.7403,0,0,0,23.7403,0
40.7242,2.58845,0,0,0.990723,0.0645176,0.36288,3.6288,45.6787,1.03663,0,0,0.50155,0.278279,0,0.66528,12.849,1,0.778,0.36288,0,24.4951,5.56972,18.5102,0.84672,12.849,0.84672,3695.15,0,0,0,0.227405,2.21318,2.14169,1.45436,3.12792,0.42336,0,0.42336,460.49,0,0.656813,0,0,0.884218,0.227405,1.028160,1,0,21.6382,0,0,0,21.6382,0
38.8232,2.5595,0,0,1.07889,0.0574906,0.36288,3.6288,45.1896,0.806553,0,0,0.592016,0.274588,0,0.66528,12.849,1,0.807554,0.36288,0,24.611,5.67786,18.4884,0.84672,12.849,0.84672,3695.15,0,0,0,0.227405,2.21358,3.0282,1.48027,3.98891,0.42336,0,0.42336,460.49,0,0.886887,0,0,1.11429,0.227405,1.028160,1,0,22.4773,0,0,0,22.4773,0
36.5651,2.69923,0,0,0.873763,0.069816,0.36288,3.6288,44.3637,1.02038,0,0,0.469987,0.27546,0,0.66528,12.849,1,0.893342,0.36288,0,17.6645,5.86047,11.2735,0.84672,12.849,0.84672,3695.15,0,0,0,0.227405,2.21398,2.75188,1.47895,3.71432,0.42336,0,0.42336,460.49,0,0.673065,0,0,0.900469,0.227405,1.028160,1,0,14.9879,0,0,0,14.9879,0
34.3089,2.65888,0,0,0.837035,0.071409,0.36288,3.6288,43.5741,0.988174,0,0,0.486033,0.287543,0,0.66528,12.849,1,0.934334,0.36288,0,17.2269,5.98805,10.6675,0.84672,12.849,0.84672,3695.15,0,0,0,0.227405,2.39284,2.57333,1.47898,3.71459,0.42336,0,0.42336,460.49,0,0.705266,0,0,0.932671,0.227405,1.028160,1,0,14.382,0,0,0,14.382,0
31.9335,2.61465,0,0,0.671587,0.069491,0.36288,3.6288,42.5211,1.14971,0,0,0.382182,0.285406,0,0.66528,12.849,1,0.979211,0.36288,0,20.2624,5.98805,13.6581,0.84672,12.849,0.84672,3695.15,0,0,0,0.204422,2.39327,2.13764,1.47898,3.25635,0.42336,0,0.42336,460.49,0,0.543732,0,0,0.748155,0.204422,1.028160,1,0,16.9144,0,0,0,16.9144,0
29.7353,2.56317,0,0,0.795372,0.0674716,0.36288,3.6288,42.0496,0.772408,0,0,0.583388,0.282557,0,0.66528,12.849,1,1.03134,0.36288,0,17.392,5.98805,10.7355,0.84672,12.849,0.84672,3695.15,0,0,0,0.204422,2.3937,2.89073,1.47898,4.00987,0.42336,0,0.42336,460.49,0,0.921032,0,0,1.12545,0.204422,1.028160,1,0,14.7453,0,0,0,14.7453,0
27.5491,2.51039,0,0,0.765927,0.0789299,0.36288,3.6288,41.3468,0.932005,0,0,0.509808,0.280596,0,0.66528,12.849,1,1.08477,0.36288,0,22.6473,5.8778,16.0477,0.84672,12.849,0.84672,3695.15,0,0,0,0.204422,2.39413,2.86313,1.43521,4.02648,0.42336,0,0.42336,460.49,0,0.761435,0,0,0.965857,0.204422,1.028160,1,0,20.0741,0,0,0,20.0741,0
25.6553,2.37731,0,0,0.940317,0.0939114,0.36288,3.6288,41.2504,0.66528,0,0,0.846738,0.277791,0,0.66528,12.849,1,1.10879,0.36288,0,28.4525,5.73079,21.9758,0.84672,12.849,0.84672,3695.15,0,0,0,0.218462,2.39456,3.15979,1.37685,4.39597,0.42336,0,0.42336,460.49,0,1.02816,0,0,1.24662,0.218462,1.028160,1,0,26.3717,0,0,0,26.3717,0
23.6576,2.32319,0,0,0.779872,0.0914481,0.36288,3.6288,40.711,0.856656,0,0,0.594781,0.277532,0,0.66528,12.849,1,1.16353,0.36288,0,23.7084,5.73079,17.177,0.84672,12.849,0.84672,3695.15,0,0,0,0.216518,2.29162,2.86638,1.37685,3.99767,0.42336,0,0.42336,460.49,0,0.836784,0,0,1.0533,0.216518,1.028160,1,0,21.1746,0,0,0,21.1746,0
21.7332,2.25993,0,0,0.811521,0.11318,0.36288,3.6288,40.118,0.914535,0,0,0.573883,0.252326,0,0.66528,12.849,1,1.22742,0.36288,0,18.9652,5.34171,12.759,0.84672,12.849,0.84672,3695.15,0,0,0,0.216518,2.29204,3.7674,1.21024,5.06572,0.42336,0,0.42336,460.49,0,0.778905,0,0,0.995423,0.216518,1.028160,1,0,17.8247,0,0,0,17.8247,0
21.7672,2.19202,0,0,2.6688,0.0798572,0.36288,3.6288,40.2681,0.66528,0,0,1.0867,0.271342,0,0.66528,12.849,1,1.29596,0.36288,0,25.2021,5.95087,18.3182,0.84672,12.849,0.84672,3695.15,0,0,0,0.805257,2.29245,8.82147,1.19471,10.7245,0.42336,0,0.42336,460.49,0,1.02816,0,0,1.83342,0.805257,1.028160,1,0,29.0426,0,0,0,29.0426,0
20.2814,2.13702,0,0,1.16344,0.14931,0.36288,3.6288,39.3842,1.11829,0,0,0.420805,0.186465,0,0.66528,12.849,1,1.26146,0.36288,0,20.9199,4.32722,15.6941,0.84672,12.849,0.84672,3695.15,0,0,0,0.216518,2.29286,3.25933,1.05654,4.71216,0.42336,0,0.42336,460.49,0,0.575148,0,0,0.791666,0.216518,1.028160,1,0,20.4063,0,0,0,20.4063,0
18.6162,2.08082,0,0,0.935643,0.157188,0.36288,3.6288,38.3139,1.20591,0,0,0.318857,0.183191,0,0.66528,12.849,1,1.31827,0.36288,0,16.3002,4.34669,10.9981,0.84672,12.849,0.84672,3695.15,0,0,0,0.216518,2.20095,2.80103,1.08135,4.13715,0.42336,0,0.42336,460.49,0,0.487529,0,0,0.704048,0.216518,1.028160,1,0,15.1353,0,0,0,15.1353,0
17.8366,2.01142,0,0,1.74824,0.153567,0.36288,3.6288,38.3373,0.66528,0,0,0.869962,0.181337,0,0.66528,12.849,1,1.38829,0.36288,0,32.4749,4.34669,27.1028,0.84672,12.849,0.84672,3695.15,0,0,0,1.12845,2.20135,6.1795,1.08135,8.42796,0.42336,0,0.42336,460.49,0,1.02816,0,0,2.15661,1.12845,1.028160,1,0,35.5308,0,0,0,35.5308,0
18.5481,1.9765,0,0,3.20901,0.158096,0.36288,3.6288,39.0724,0.66528,0,0,1.57525,0.174877,0,0.66528,12.849,1,1.42382,0.36288,0,62.4379,4.23786,57.1391,0.84672,12.849,0.84672,3695.15,0,0,0,1.09589,2.20174,8.08721,1.05052,10.3343,0.42336,0,0.42336,460.49,0,1.02816,0,0,2.12405,1.09589,1.028160,1,0,67.4734,0,0,0,67.4734,0
19.4034,1.85782,0,0,3.25169,0.175666,0.36288,3.6288,39.1466,0.66528,0,0,0.923545,0.184007,0,0.66528,12.849,1,1.28698,0.36288,0,44.0278,4.52788,38.5758,0.84672,12.849,0.84672,3695.15,0,0,0,1.15935,2.20214,6.03846,1.12773,8.27222,0.42336,0,0.42336,460.49,0,1.02816,0,0,2.18751,1.15935,1.028160,1,0,46.848,0,0,0,46.848,0
22.1752,1.89229,0,0,5.19596,0.168983,0.36288,3.6288,39.4964,0.66528,0,0,1.21812,0.203023,0,0.66528,12.849,1,1.25308,0.36288,0,53.8689,4.90507,48.0737,0.84672,12.849,0.84672,3695.15,0,0,0,2.55183,1.99732,6.74544,1.2326,10.062,0.42336,0,0.42336,460.49,0,1.02816,0,0,3.57999,2.55183,1.028160,1,0,58.1356,0,0,0,58.1356,0
23.0549,1.99182,0,0,3.40994,0.175543,0.36288,3.6288,39.4349,0.66528,0,0,0.807403,0.203696,0,0.66528,12.849,1,1.15412,0.36288,0,40.5687,4.90507,34.8724,0.84672,12.849,0.84672,3695.15,0,0,0,1.62492,1.99768,7.13996,1.2326,9.52995,0.42336,0,0.42336,460.49,0,1.02816,0,0,2.65308,1.62492,1.028160,1,0,44.4023,0,0,0,44.4023,0
23.2848,2.02046,0,0,2.7798,0.166599,0.36288,3.6288,39.2121,0.66528,0,0,0.595693,0.153183,0,0.66528,12.849,1,1.12604,0.36288,0,32.7448,3.8115,28.1702,0.84672,12.849,0.84672,3695.15,0,0,0,0.765565,1.99804,4.35297,0.918107,6.19846,0.42336,0,0.42336,460.49,0,1.02816,0,0,1.79372,0.765565,1.028160,1,0,34.3686,0,0,0,34.3686,0
26.1844,2.02798,0,0,5.45789,0.167458,0.36288,3.6288,39.9132,0.66528,0,0,1.54016,0.173735,0,0.66528,12.849,1,1.11908,0.36288,0,85.7834,3.98904,81.0382,0.84672,12.849,0.84672,3695.15,0,0,0,2.25846,1.9984,11.614,1.01223,14.8586,0.42336,0,0.42336,460.49,0,1.02816,0,0,3.28662,2.25846,1.028160,1,0,95.8968,0,0,0,95.8968,0
30.7386,2.17763,0,0,7.2781,0.183359,0.36288,3.6288,40.9542,0.66528,0,0,1.88145,0.175258,0,0.66528,12.849,1,1.06859,0.36288,0,184.699,3.74955,180.244,0.84672,12.849,0.84672,3695.15,0,0,0,3.27081,1.99876,11.4525,1.1224,15.5997,0.42336,0,0.42336,460.49,0,1.02816,0,0,4.29897,3.27081,1.028160,1,0,195.843,0,0,0,195.843,0
34.3671,2.28967,0,0,6.47616,0.195149,0.36288,3.6288,41.8272,0.66528,0,0,1.71541,0.177038,0,0.66528,12.849,1,0.9571,0.36288,0,199.737,3.74955,195.393,0.84672,12.849,0.84672,3695.15,0,0,0,2.24163,2.06315,15.0087,1.1224,18.1911,0.42336,0,0.42336,460.49,0,1.02816,0,0,3.26979,2.24163,1.028160,1,0,213.584,0,0,0,213.584,0
43.3628,2.36362,0,0,11.9265,0.204239,0.36288,3.6288,44.7037,0.66528,0,0,3.72028,0.178541,0,0.66528,12.849,1,0.883699,0.36288,0,233.469,3.74955,229.199,0.84672,12.849,0.84672,3695.15,0,0,0,4.20601,2.0635,18.8847,1.1224,24.0318,0.42336,0,0.42336,460.49,0,1.02816,0,0,5.23417,4.20601,1.028160,1,0,253.231,0,0,0,253.231,0
47.8268,2.50546,0,0,7.5594,0.227103,0.36288,3.6288,46.3418,0.66528,0,0,2.48689,0.183491,0,0.66528,12.849,1,0.742404,0.36288,0,179.449,3.74955,175.32,0.84672,12.849,0.84672,3695.15,0,0,0,2.21472,2.06385,11.2654,1.1224,14.4216,0.42336,0,0.42336,460.49,0,1.02816,0,0,3.24288,2.21472,1.028160,1,0,189.742,0,0,0,189.742,0
52.8986,2.81026,0,0,8.47809,0.233061,0.36288,3.6288,48.2368,0.66528,0,0,2.72613,0.165857,0,0.66528,12.849,1,0.754997,0.36288,0,207.993,3.78672,203.814,0.84672,12.849,0.84672,3695.15,0,0,0,4.43571,2.0642,16.1863,1.03924,21.6469,0.42336,0,0.42336,460.49,0,1.02816,0,0,5.46387,4.43571,1.028160,1,0,225.461,0,0,0,225.461,0
56.0654,2.86899,0,0,6.64356,0.244898,0.36288,3.6288,49.1355,0.66528,0,0,1.72902,0.165101,0,0.66528,12.849,1,0.696874,0.36288,0,152.908,3.79292,148.781,0.84672,12.849,0.84672,3695.15,0,0,0,1.67218,2.29509,10.0816,1.02537,13.0235,0.42336,0,0.42336,460.49,0,1.02816,0,0,2.70034,1.67218,1.028160,1,0,161.805,0,0,0,161.805,0
58.1184,2.90151,0,0,5.57025,0.252855,0.36288,3.6288,49.8154,0.66528,0,0,1.51158,0.166335,0,0.66528,12.849,1,0.664963,0.36288,0,109.414,3.79292,105.319,0.84672,12.849,0.84672,3695.15,0,0,0,1.13773,2.29548,8.36197,1.02537,10.7698,0.42336,0,0.42336,460.49,0,1.02816,0,0,2.16589,1.13773,1.028160,1,0,116.088,0,0,0,116.088,0
61.1792,2.92124,0,0,6.57249,0.227572,0.36288,3.6288,50.895,0.66528,0,0,1.95583,0.210933,0,0.66528,12.849,1,0.645836,0.36288,0,120.649,3.88416,116.482,0.84672,12.849,0.84672,3695.15,0,0,0,1.9697,2.29587,15.9442,1.10564,19.1041,0.42336,0,0.42336,460.49,0,1.02816,0,0,2.99786,1.9697,1.028160,1,0,135.586,0,0,0,135.586,0
64.0791,2.57471,0,0,6.1308,0.293381,0.36288,3.6288,52.0679,0.66528,0,0,2.02951,0.191319,0,0.66528,12.849,1,0.540746,0.36288,0,107.368,3.8964,103.293,0.84672,12.849,0.84672,3695.15,0,0,0,1.83964,2.29626,9.36433,0.87722,12.623,0.42336,0,0.42336,460.49,0,1.02816,0,0,2.8678,1.83964,1.028160,1,0,115.916,0,0,0,115.916,0
65.7804,2.59553,0,0,4.9703,0.310546,0.36288,3.6288,52.7883,0.66528,0,0,1.57518,0.18953,0,0.66528,12.849,1,0.52045,0.36288,0,91.336,3.89844,87.28,0.84672,12.849,0.84672,3695.15,0,0,0,1.16549,1.98203,7.19203,0.83915,9.50041,0.42336,0,0.42336,460.49,0,1.02816,0,0,2.19365,1.16549,1.028160,1,0,96.7804,0,0,0,96.7804,0
67.8573,2.60723,0,0,5.36179,0.314821,0.36288,3.6288,53.8055,0.66528,0,0,1.87311,0.190631,0,0.66528,12.849,1,0.509275,0.36288,0,103.453,3.89844,99.4079,0.84672,12.849,0.84672,3695.15,0,0,0,1.25453,1.98237,5.84846,0.83915,8.24621,0.42336,0,0.42336,460.49,0,1.02816,0,0,2.28269,1.25453,1.028160,1,0,107.654,0,0,0,107.654,0
72.29,2.62078,0,0,8.3535,0.3174,0.982584,3.6288,55.8781,0.66528,0,0,2.90822,0.170364,0,0.66528,12.849,1,0.496254,0.982584,0,191.266,3.53982,188.213,0.84672,12.849,0.84672,3695.15,0,0,0,3.35333,1.98271,12.3299,0.77773,16.8882,0.42336,0,0.42336,460.49,0,1.02816,0,0,4.38149,3.35333,1.028160,1,0,205.101,0,0,0,205.101,0
72.29,2.64707,0,0,7.03134,0.340928,4.04334,3.6288,57.0319,0.66528,0,0,1.98199,0.162884,0,0.66528,12.849,1,0.470496,4.04334,0,152.949,3.42399,153.098,0.84672,12.849,0.84672,3695.15,0,0,0,2.24371,1.98304,8.91553,0.802498,12.3398,0.42336,0,0.42336,460.49,0,1.02816,0,0,3.27187,2.24371,1.028160,1,0,165.437,0,0,0,165.437,0
72.29,2.74425,0,0,6.56295,0.3603,3.4584,3.6288,58.3488,0.66528,0,0,2.15532,0.1732,0,0.66528,12.849,1,0.48777,3.4584,0,133.826,3.62817,133.168,0.84672,12.849,0.84672,3695.15,0,0,0,1.88854,1.98338,9.07019,0.896941,12.0452,0.42336,0,0.42336,460.49,0,1.02816,0,0,2.9167,1.88854,1.028160,1,0,145.213,0,0,0,145.213,0
72.29,2.74471,0,0,4.72896,0.3603,1.62394,3.6288,58.6522,0.66528,0,0,1.14341,0.174681,0,0.66528,12.849,1,0.487852,1.62394,0,85.5947,3.62817,83.1027,0.84672,12.849,0.84672,3695.15,0,0,0,0.910034,2.06135,7.10916,0.896941,9.1836,0.42336,0,0.42336,460.49,0,1.02816,0,0,1.93819,0.910034,1.028160,1,0,92.2863,0,0,0,92.2863,0
72.29,2.74518,0,0,4.37403,0.3603,1.26855,3.6288,59.1045,0.66528,0,0,1.29263,0.175023,0,0.66528,12.849,1,0.487935,1.26855,0,98.2437,3.62817,95.3962,0.84672,12.849,0.84672,3695.15,0,0,0,0.970963,2.06169,7.36836,0.896941,9.50408,0.42336,0,0.42336,460.49,0,1.02816,0,0,1.99912,0.970963,1.028160,1,0,104.9,0,0,0,104.9,0
72.29,2.74564,0,0,4.2122,0.294748,1.17181,3.6288,59.7315,0.66528,0,0,1.49778,0.20552,0,0.66528,12.849,1,0.488018,1.17181,0,90.3727,4.0095,87.047,0.84672,12.849,0.84672,3695.15,0,0,0,1.34215,2.06204,8.1235,0.97634,10.5514,0.42336,0,0.42336,460.49,0,1.02816,0,0,2.37031,1.34215,1.028160,1,0,97.5983,0,0,0,97.5983,0
72.29,2.70826,0,0,4.39968,0.276407,1.41501,3.6288,60.934,0.66528,0,0,2.05698,0.189165,0,0.66528,12.849,1,0.481373,1.41501,0,90.5697,3.85434,87.649,0.84672,12.849,0.84672,3695.15,0,0,0,2.27254,2.06239,9.39686,0.971822,12.76,0.42336,0,0.42336,460.49,0,1.02816,0,0,3.3007,2.27254,1.028160,1,0,100.409,0,0,0,100.409,0
72.29,2.70872,0,0,3.7205,0.276407,0.735378,3.6288,61.1855,0.66528,0,0,1.10741,0.190618,0,0.66528,12.849,1,0.481454,0.735378,0,77.9674,3.85434,74.3669,0.84672,12.849,0.84672,3695.15,0,0,0,0.801325,2.03251,6.13364,0.971822,7.99566,0.42336,0,0.42336,460.49,0,1.02816,0,0,1.82949,0.801325,1.028160,1,0,82.3626,0,0,0,82.3626,0
72.29,2.70918,0,0,3.35195,0.276407,0.366363,3.6288,61.308,0.66528,0,0,1.10254,0.190922,0.123886,0.66528,12.849,1,0.481536,0.366363,0,72.9588,3.85434,68.9892,0.84672,12.849,0.84672,3695.15,0,0,0,0.724922,2.03286,5.52862,0.971822,7.31458,0.42336,0,0.42336,460.49,0,1.02816,0,0,1.75308,0.724922,1.028160,1,0,76.4277,0,0,0,76.4277,0
72.29,2.70964,0,0,4.01095,0.276407,1.0249,3.6288,61.308,0.66528,0,0,1.13467,0.191069,0.278316,0.66528,12.849,1,0.481617,1.0249,0,81.2117,3.85434,77.9006,0.84672,12.849,0.84672,3695.15,0,0,0,0.802699,2.0332,7.22148,0.971822,9.08556,0.42336,0,0.42336,460.49,0,1.02816,0,0,1.83086,0.802699,1.028160,1,0,87.2645,0,0,0,87.2645,0
72.2888,2.83865,0,0,3.4087,0.208373,0.36288,3.6288,61.308,0.66528,0,0,1.09911,0.221228,0.212604,0.66528,12.849,1,0.504549,0.36288,0,61.5198,4.2784,57.0998,0.84672,12.849,0.84672,3695.15,0,0,0,1.19931,2.03355,6.14617,1.04907,8.32995,0.42336,0,0.42336,460.49,0,1.02816,0,0,2.22747,1.19931,1.028160,1,0,65.6423,0,0,0,65.6423,0
72.1989,2.83913,0,0,3.30129,0.189164,0.36288,3.6288,61.308,0.66528,0,0,1.07715,0.236183,0.175686,0.66528,12.849,1,0.504642,0.36288,0,56.0578,4.58839,51.3276,0.84672,12.849,0.84672,3695.15,0,0,0,1.14768,2.13989,5.63882,1.09501,7.83137,0.42336,0,0.42336,460.49,0,1.02816,0,0,2.17584,1.14768,1.028160,1,0,59.3347,0,0,0,59.3347,0
71.8091,2.83908,0,0,3.00122,0.189035,0.36288,3.6288,61.308,0.66528,0,0,1.0347,0.236183,0.133238,0.66528,12.849,1,0.505261,0.36288,0,53.6839,4.58839,48.9531,0.84672,12.849,0.84672,3695.15,0,0,0,0.672909,2.14025,5.44718,1.09501,7.16533,0.42336,0,0.42336,460.49,0,1.02816,0,0,1.70107,0.672909,1.028160,1,0,56.2517,0,0,0,56.2517,0
71.0784,2.83723,0,0,2.65787,0.188476,0.36288,3.6288,61.308,0.66528,0,0,0.928066,0.236183,0.0266026,0.66528,12.849,1,0.507673,0.36288,0,46.2934,4.58839,41.5602,0.84672,12.849,0.84672,3695.15,0,0,0,0.475174,2.14061,5.12816,1.09501,6.64894,0.42336,0,0.42336,460.49,0,1.02816,0,0,1.50333,0.475174,1.028160,1,0,48.2357,0,0,0,48.2357,0
70.3356,2.83329,0,0,2.61336,0.160042,0.36288,3.6288,61.308,0.66528,0,0,0.928377,0.24488,0.0182163,0.66528,12.849,1,0.51218,0.36288,0,44.9359,4.75332,40.0332,0.84672,12.849,0.84672,3695.15,0,0,0,0.731013,2.14098,5.1742,1.13969,6.9065,0.42336,0,0.42336,460.49,0,1.02816,0,0,1.75917,0.731013,1.028160,1,0,46.958,0,0,0,46.958,0
69.7852,2.80385,0,0,2.73917,0.122826,0.36288,3.6288,61.308,0.66528,0,0,0.9403,0.256477,0.0185431,0.66528,12.849,1,0.512212,0.36288,0,47.8503,4.97322,42.7278,0.84672,12.849,0.84672,3695.15,0,0,0,0.942192,2.14134,5.56918,1.19926,7.45345,0.42336,0,0.42336,460.49,0,1.02816,0,0,1.97035,0.942192,1.028160,1,0,50.1997,0,0,0,50.1997,0
69.0034,2.80092,0,0,2.50436,0.122306,0.36288,3.6288,61.304,0.66528,0,0,0.917749,0.256477,0,0.66528,12.849,1,0.515711,0.36288,0,47.1748,4.97322,42.0488,0.84672,12.849,0.84672,3695.15,0,0,0,0.978359,2.17878,5.50073,1.19926,7.4586,0.42336,0,0.42336,460.49,0,1.02816,0,0,2.00652,0.978359,1.028160,1,0,49.5074,0,0,0,49.5074,0
68.0114,2.79646,0,0,2.28882,0.121566,0.36288,3.6288,61.2404,0.66528,0,0,0.858203,0.25647,0,0.66528,12.849,1,0.520724,0.36288,0,44.3721,4.97322,39.241,0.84672,12.849,0.84672,3695.15,0,0,0,0.686638,2.17915,5.23439,1.19926,6.90092,0.42336,0,0.42336,460.49,0,1.02816,0,0,1.7148,0.686638,1.028160,1,0,46.142,0,0,0,46.142,0
66.8604,2.79055,0,0,2.10463,0.102205,0.36288,3.6288,61.0882,0.66528,0,0,0.813283,0.300225,0,0.66528,12.849,1,0.527202,0.36288,0,39.728,5.53782,34.0259,0.84672,12.849,0.84672,3695.15,0,0,0,0.687761,2.17952,4.98387,1.40535,6.4458,0.42336,0,0.42336,460.49,0,1.02816,0,0,1.71592,0.687761,1.028160,1,0,40.4717,0,0,0,40.4717,0
65.7059,2.84836,0,0,2.14499,0.0882135,0.36288,3.6288,61.0087,0.66528,0,0,0.905437,0.319693,0,0.66528,12.849,1,0.547389,0.36288,0,47.1676,6.16161,40.8215,0.84672,12.849,0.84672,3695.15,0,0,0,0.71267,2.17989,4.35313,1.53802,5.70766,0.42336,0,0.42336,460.49,0,1.02816,0,0,1.74083,0.71267,1.028160,1,0,46.5291,0,0,0,46.5291,0
64.4233,2.8408,0,0,2.00849,0.0874076,0.36288,3.6288,60.8659,0.66528,0,0,0.842028,0.319532,0,0.66528,12.849,1,0.555528,0.36288,0,37.871,6.16161,31.5168,0.84672,12.849,0.84672,3695.15,0,0,0,0.6804,2.23285,3.92399,1.53802,5.29923,0.42336,0,0.42336,460.49,0,1.02816,0,0,1.70856,0.6804,1.028160,1,0,36.816,0,0,0,36.816,0
62.9705,2.83206,0,0,1.82866,0.0865122,0.36288,3.6288,60.6808,0.66528,0,0,0.799399,0.319243,0,0.66528,12.849,1,0.564844,0.36288,0,34.5146,6.16161,28.151,0.84672,12.849,0.84672,3695.15,0,0,0,0.417485,2.23323,3.66022,1.53802,4.77292,0.42336,0,0.42336,460.49,0,1.02816,0,0,1.44564,0.417485,1.028160,1,0,32.9239,0,0,0,32.9239,0
61.8591,2.82171,0,0,2.14694,0.0737924,0.36288,3.6288,60.7058,0.66528,0,0,0.998646,0.308329,0,0.66528,12.849,1,0.575765,0.36288,0,36.0787,6.33647,29.5294,0.84672,12.849,0.84672,3695.15,0,0,0,1.06695,2.23361,5.55997,1.58587,7.27466,0.42336,0,0.42336,460.49,0,1.02816,0,0,2.09511,1.06695,1.028160,1,0,36.8041,0,0,0,36.8041,0
60.5456,3.00153,0,0,2.1225,0.0715777,0.36288,3.6288,60.5931,0.66528,0,0,0.860388,0.30781,0,0.66528,12.849,1,0.623461,0.36288,0,34.2723,6.17144,27.8403,0.84672,12.849,0.84672,3695.15,0,0,0,0.756821,2.23399,5.0409,1.49988,6.53183,0.42336,0,0.42336,460.49,0,1.02816,0,0,1.78498,0.756821,1.028160,1,0,34.3721,0,0,0,34.3721,0
59.5141,2.99088,0,0,2.38777,0.0655065,0.36288,3.6288,60.5157,0.66528,0,0,0.914579,0.326721,0,0.66528,12.849,1,0.634726,0.36288,0,36.9122,6.13452,30.5058,0.84672,12.849,0.84672,3695.15,0,0,0,0.885738,2.41444,5.07337,1.43983,6.93372,0.42336,0,0.42336,460.49,0,1.02816,0,0,1.9139,0.885738,1.028160,1,0,37.4395,0,0,0,37.4395,0
58.0703,2.98234,0,0,1.96627,0.0648818,0.36288,3.6288,60.3199,0.66528,0,0,0.796021,0.32656,0,0.66528,12.849,1,0.643882,0.36288,0,45.8245,6.13452,39.409,0.84672,12.849,0.84672,3695.15,0,0,0,0.662964,2.41484,4.5262,1.43983,6.16418,0.42336,0,0.42336,460.49,0,1.02816,0,0,1.69112,0.662964,1.028160,1,0,45.5731,0,0,0,45.5731,0
56.8489,2.96973,0,0,2.17521,0.0639818,0.36288,3.6288,60.4219,0.66528,0,0,1.09347,0.326154,0,0.66528,12.849,1,0.657102,0.36288,0,39.2881,6.13452,32.8593,0.84672,12.849,0.84672,3695.15,0,0,0,1.18565,2.41525,5.40887,1.43983,7.56995,0.42336,0,0.42336,460.49,0,1.02816,0,0,2.21381,1.18565,1.028160,1,0,40.4293,0,0,0,40.4293,0
55.8116,2.95872,0,0,2.35055,0.0662651,0.36288,3.6288,60.2689,0.66528,0,0,0.820351,0.308098,0,0.66528,12.849,1,0.66873,0.36288,0,40.0159,6.13629,33.5738,0.84672,12.849,0.84672,3695.15,0,0,0,0.913101,2.41566,5.74125,1.42209,7.64792,0.42336,0,0.42336,460.49,0,1.02816,0,0,1.94126,0.913101,1.028160,1,0,41.2217,0,0,0,41.2217,0
54.3899,2.85913,0,0,1.88746,0.0870721,0.36288,3.6288,60.1119,0.66528,0,0,0.75905,0.250711,0,0.66528,12.849,1,0.658233,0.36288,0,43.1574,5.65593,37.2061,0.84672,12.849,0.84672,3695.15,0,0,0,0.74018,2.41607,4.25473,1.28648,6.1245,0.42336,0,0.42336,460.49,0,1.02816,0,0,1.76834,0.74018,1.028160,1,0,43.3306,0,0,0,43.3306,0
54.2217,2.8457,0,0,3.12623,0.085839,0.36288,3.6288,60.5162,0.66528,0,0,1.32005,0.250461,0,0.66528,12.849,1,0.672263,0.36288,0,42.4323,5.65593,36.4669,0.84672,12.849,0.84672,3695.15,0,0,0,1.6369,2.31218,5.72699,1.28648,8.38959,0.42336,0,0.42336,460.49,0,1.02816,0,0,2.66506,1.6369,1.028160,1,0,44.8565,0,0,0,44.8565,0
53.6187,2.84449,0,0,2.69004,0.0856931,0.36288,3.6288,60.6153,0.66528,0,0,1.01544,0.251106,0,0.66528,12.849,1,0.674063,0.36288,0,49.5431,5.65593,43.5759,0.84672,12.849,0.84672,3695.15,0,0,0,1.18073,2.31257,4.78486,1.28648,6.99168,0.42336,0,0.42336,460.49,0,1.02816,0,0,2.20889,1.18073,1.028160,1,0,50.5676,0,0,0,50.5676,0
52.7174,2.83886,0,0,2.38557,0.08517,0.36288,3.6288,60.6928,0.66528,0,0,0.994092,0.251264,0,0.66528,12.849,1,0.680293,0.36288,0,50.9328,5.65593,44.9595,0.84672,12.849,0.84672,3695.15,0,0,0,1.15212,2.31296,4.76873,1.28648,6.94733,0.42336,0,0.42336,460.49,0,1.02816,0,0,2.18028,1.15212,1.028160,1,0,51.9068,0,0,0,51.9068,0
52.4715,2.75688,0,0,3.05554,0.181673,0.36288,3.6288,60.5783,0.66528,0,0,0.784529,0.233839,0,0.66528,12.849,1,0.671944,0.36288,0,58.6948,4.17058,54.2152,0.84672,12.849,0.84672,3695.15,0,0,0,0.922942,2.31335,5.97537,1.07456,8.13711,0.42336,0,0.42336,460.49,0,1.02816,0,0,1.9511,0.922942,1.028160,1,0,62.3523,0,0,0,62.3523,0
52.4492,2.75481,0,0,3.27687,0.18147,0.36288,3.6288,61.1105,0.66528,0,0,1.44056,0.243016,0,0.66528,12.849,1,0.674587,0.36288,0,65.6626,4.11904,61.2319,0.84672,12.849,0.84672,3695.15,0,0,0,1.63561,2.2206,5.32317,1.09009,8.08929,0.42336,0,0.42336,460.49,0,1.02816,0,0,2.66377,1.63561,1.028160,1,0,69.3212,0,0,0,69.3212,0
51.8717,2.75505,0,0,2.73501,0.194565,0.36288,3.6288,61.308,0.66528,0,0,1.13177,0.248443,0.0205675,0.66528,12.849,1,0.674931,0.36288,0,57.8273,3.76364,53.7517,0.84672,12.849,0.84672,3695.15,0,0,0,1.2038,2.22097,6.94898,1.0145,9.35926,0.42336,0,0.42336,460.49,0,1.02816,0,0,2.23196,1.2038,1.028160,1,0,63.1315,0,0,0,63.1315,0
53.9043,2.74949,0,0,5.35582,0.210819,0.36288,3.6288,61.308,0.66528,0,0,1.85735,0.254902,0.937167,0.66528,12.849,1,0.681069,0.36288,0,107.819,3.28975,104.211,0.84672,12.849,0.84672,3695.15,0,0,0,2.57119,2.22135,9.29691,0.913705,13.1757,0.42336,0,0.42336,460.49,0,1.02816,0,0,3.59935,2.57119,1.028160,1,0,118.324,0,0,0,118.324,0
54.3732,2.56203,0,0,3.6265,0.232771,0.36288,3.6288,61.0024,0.66528,0,0,0.565531,0.205887,0,0.66528,12.849,1,0.610703,0.36288,0,59.815,3.70333,55.8638,0.84672,12.849,0.84672,3695.15,0,0,0,0.821776,2.22172,6.11792,0.885262,8.27616,0.42336,0,0.42336,460.49,0,1.02816,0,0,1.84994,0.821776,1.028160,1,0,64.14,0,0,0,64.14,0
53.3791,2.56672,0,0,2.18259,0.247073,0.36288,3.6288,60.9092,0.66528,0,0,0.740897,0.168799,0,0.66528,12.849,1,0.606546,0.36288,0,36.7847,4.01352,32.5275,0.84672,12.849,0.84672,3695.15,0,0,0,0.479252,2.01506,5.58654,0.86393,7.21692,0.42336,0,0.42336,460.49,0,1.02816,0,0,1.50741,0.479252,1.028160,1,0,39.7444,0,0,0,39.7444,0
53.8621,2.55805,0,0,3.64971,0.245714,0.36288,3.6288,61.2726,0.66528,0,0,1.21344,0.184729,0,0.66528,12.849,1,0.615755,0.36288,0,61.9827,4.25439,57.4754,0.84672,12.849,0.84672,3695.15,0,0,0,1.18657,2.0154,8.09807,0.958932,10.3411,0.42336,0,0.42336,460.49,0,1.02816,0,0,2.21473,1.18657,1.028160,1,0,67.8165,0,0,0,67.8165,0
54.0865,2.56294,0,0,3.39213,0.241932,0.36288,3.6288,61.308,0.66528,0,0,0.99589,0.230999,0.0642292,0.66528,12.849,1,0.611399,0.36288,0,56.9592,4.69143,52.0193,0.84672,12.849,0.84672,3695.15,0,0,0,0.547646,2.01574,7.9819,1.11817,9.42711,0.42336,0,0.42336,460.49,0,1.02816,0,0,1.57581,0.547646,1.028160,1,0,61.5106,0,0,0,61.5106,0
56.0378,2.56543,0,0,5.10117,0.221584,0.36288,3.6288,61.308,0.66528,0,0,1.62076,0.198182,0.757298,0.66528,12.849,1,0.609453,0.36288,0,86.578,3.86246,82.469,0.84672,12.849,0.84672,3695.15,0,0,0,2.09234,2.01608,12.3949,0.891993,15.6113,0.42336,0,0.42336,460.49,0,1.02816,0,0,3.1205,2.09234,1.028160,1,0,98.8375,0,0,0,98.8375,0
59.621,2.66403,0,0,6.83753,0.227405,0.36288,3.6288,61.308,0.66528,0,0,1.53509,0.195836,0.673978,0.66528,12.849,1,0.610841,0.36288,0,164.53,4.58399,159.698,0.84672,12.849,0.84672,3695.15,0,0,0,3.37325,2.01642,13.8284,1.41902,17.7991,0.42336,0,0.42336,460.49,0,1.02816,0,0,4.40141,3.37325,1.028160,1,0,178.171,0,0,0,178.171,0
64.1473,2.69466,0,0,7.81932,0.235505,0.36288,3.6288,61.308,0.66528,0,0,1.98285,0.195836,1.12174,0.66528,12.849,1,0.58073,0.36288,0,209.529,4.58399,204.727,0.84672,12.849,0.84672,3695.15,0,0,0,4.18218,2.08136,16.4379,1.41902,21.2824,0.42336,0,0.42336,460.49,0,1.02816,0,0,5.21034,4.18218,1.028160,1,0,227.131,0,0,0,227.131,0
70.0682,2.72923,0,0,9.25767,0.244654,0.36288,3.6288,61.308,0.66528,0,0,2.34967,0.195836,1.48855,0.66528,12.849,1,0.546678,0.36288,0,205.083,4.58399,200.316,0.84672,12.849,0.84672,3695.15,0,0,0,5.12321,2.08169,16.7028,1.41902,22.4887,0.42336,0,0.42336,460.49,0,1.02816,0,0,6.15137,5.12321,1.028160,1,0,224.293,0,0,0,224.293,0
72.29,2.76871,0,0,13.5103,0.244783,8.27497,3.6288,61.308,0.66528,0,0,3.24472,0.190972,2.38847,0.66528,12.849,1,0.507722,8.27497,0,311.96,4.55218,315.175,0.84672,12.849,0.84672,3695.15,0,0,0,5.86556,2.08202,23.3008,1.36418,29.8842,0.42336,0,0.42336,460.49,0,1.02816,0,0,6.89372,5.86556,1.028160,1,0,347.448,0,0,0,347.448,0
72.29,3.05379,0,0,8.10544,0.262141,4.78951,3.6288,61.308,0.66528,0,0,2.7373,0.217647,1.85437,0.66528,12.849,1,0.542788,4.78951,0,296.921,4.6887,296.479,0.84672,12.849,0.84672,3695.15,0,0,0,4.74137,2.08235,21.5127,1.29949,27.037,0.42336,0,0.42336,460.49,0,1.02816,0,0,5.76953,4.74137,1.028160,1,0,325.371,0,0,0,325.371,0
72.29,3.05427,0,0,7.00108,0.269808,3.677,3.6288,61.308,0.66528,0,0,2.38103,0.220013,1.49574,0.66528,12.849,1,0.542874,3.677,0,210.127,4.86475,208.396,0.84672,12.849,0.84672,3695.15,0,0,0,3.92347,2.31525,18.4992,1.33914,23.3988,0.42336,0,0.42336,460.49,0,1.02816,0,0,4.95163,3.92347,1.028160,1,0,233.29,0,0,0,233.29,0
72.29,3.05476,0,0,8.86538,0.275786,5.53484,3.6288,61.308,0.66528,0,0,2.56884,0.210425,1.69313,0.66528,12.849,1,0.54296,5.53484,0,192.313,4.72486,192.58,0.84672,12.849,0.84672,3695.15,0,0,0,4.45312,2.31562,19.4807,1.29121,24.9582,0.42336,0,0.42336,460.49,0,1.02816,0,0,5.48128,4.45312,1.028160,1,0,219.231,0,0,0,219.231,0
72.29,3.05524,0,0,7.97567,0.311653,4.60878,3.6288,61.308,0.66528,0,0,3.84775,0.152897,3.02958,0.66528,12.849,1,0.543046,4.60878,0,250.577,3.88553,250.757,0.84672,12.849,0.84672,3695.15,0,0,0,6.23563,2.31599,29.558,1.00367,37.1059,0.42336,0,0.42336,460.49,0,1.02816,0,0,7.26379,6.23563,1.028160,1,0,290.893,0,0,0,290.893,0
72.29,2.66839,0,0,6.21862,0.30973,3.2405,3.6288,61.308,0.66528,0,0,2.23378,0.177416,1.39108,0.66528,12.849,1,0.474287,3.2405,0,198.202,4.06506,196.904,0.84672,12.849,0.84672,3695.15,0,0,0,2.85299,2.31635,21.465,0.982675,25.6516,0.42336,0,0.42336,460.49,0,1.02816,0,0,3.88115,2.85299,1.028160,1,0,223.946,0,0,0,223.946,0
72.29,2.66882,0,0,5.39113,0.321706,2.4006,3.6288,61.308,0.66528,0,0,4.12338,0.14112,3.31698,0.66528,12.849,1,0.474362,2.4006,0,233.586,3.38415,232.128,0.84672,12.849,0.84672,3695.15,0,0,0,3.34298,1.99936,24.5758,0.753266,29.1649,0.42336,0,0.42336,460.49,0,1.02816,0,0,4.37114,3.34298,1.028160,1,0,264.61,0,0,0,264.61,0
72.29,2.66924,0,0,5.62631,0.321706,2.63536,3.6288,61.308,0.66528,0,0,2.43458,0.14112,1.62818,0.66528,12.849,1,0.474437,2.63536,0,178.048,3.38415,176.825,0.84672,12.849,0.84672,3695.15,0,0,0,3.51971,1.99967,21.6646,0.753266,26.4307,0.42336,0,0.42336,460.49,0,1.02816,0,0,4.54787,3.51971,1.028160,1,0,204.884,0,0,0,204.884,0
72.29,2.66966,0,0,10.0453,0.321706,7.05392,3.6288,61.308,0.66528,0,0,5.77148,0.14112,4.96508,0.66528,12.849,1,0.474512,7.05392,0,196.199,3.38415,199.394,0.84672,12.849,0.84672,3695.15,0,0,0,5.48548,1.99999,31.5767,0.753266,38.3089,0.42336,0,0.42336,460.49,0,1.02816,0,0,6.51364,5.48548,1.028160,1,0,242.668,0,0,0,242.668,0
72.29,2.67009,0,0,7.89601,0.325901,4.90002,3.6288,61.308,0.66528,0,0,5.62528,0.116725,4.84327,0.66528,12.849,1,0.474587,4.90002,0,180.649,3.35242,181.722,0.84672,12.849,0.84672,3695.15,0,0,0,4.81849,2.00031,27.9095,0.662669,34.0657,0.42336,0,0.42336,460.49,0,1.02816,0,0,5.84665,4.81849,1.028160,1,0,220.631,0,0,0,220.631,0
72.29,2.76808,0,0,5.95032,0.333595,2.84864,3.6288,61.308,0.66528,0,0,3.06575,0.174964,2.2255,0.66528,12.849,1,0.492006,2.84864,0,133.322,3.82011,131.859,0.84672,12.849,0.84672,3695.15,0,0,0,3.31976,2.00062,17.6786,0.633309,22.3656,0.42336,0,0.42336,460.49,0,1.02816,0,0,4.34792,3.31976,1.028160,1,0,156.45,0,0,0,156.45,0
72.29,2.76852,0,0,5.61343,0.333595,2.51131,3.6288,61.308,0.66528,0,0,3.326,0.174964,2.48576,0.66528,12.849,1,0.492084,2.51131,0,153.855,3.82011,152.054,0.84672,12.849,0.84672,3695.15,0,0,0,3.34658,2.07925,17.7819,0.633309,22.5744,0.42336,0,0.42336,460.49,0,1.02816,0,0,4.37474,3.34658,1.028160,1,0,177.114,0,0,0,177.114,0
72.29,2.76896,0,0,5.0128,0.280027,1.96381,3.6288,61.308,0.66528,0,0,3.13349,0.20351,2.2647,0.66528,12.849,1,0.492162,1.96381,0,142.023,4.16913,139.326,0.84672,12.849,0.84672,3695.15,0,0,0,3.2677,2.07958,18.347,0.702011,22.9923,0.42336,0,0.42336,460.49,0,1.02816,0,0,4.29586,3.2677,1.028160,1,0,164.583,0,0,0,164.583,0
72.29,2.7694,0,0,4.30781,0.271099,1.26731,3.6288,61.308,0.66528,0,0,2.36807,0.208268,1.49452,0.66528,12.849,1,0.49224,1.26731,0,92.9923,4.2273,89.5401,0.84672,12.849,0.84672,3695.15,0,0,0,2.50175,2.07991,13.4374,0.713461,17.3056,0.42336,0,0.42336,460.49,0,1.02816,0,0,3.52991,2.50175,1.028160,1,0,108.34,0,0,0,108.34,0
72.29,2.73166,0,0,3.84183,0.213419,0.896746,3.6288,61.308,0.66528,0,0,1.63973,0.232305,0.742149,0.66528,12.849,1,0.485532,0.896746,0,88.052,4.41378,84.0494,0.84672,12.849,0.84672,3695.15,0,0,0,1.92297,2.08024,10.099,0.959922,13.1422,0.42336,0,0.42336,460.49,0,1.02816,0,0,2.95113,1.92297,1.028160,1,0,97.9338,0,0,0,97.9338,0
72.0175,2.7321,0,0,3.03593,0.213419,0.36288,3.6288,61.308,0.66528,0,0,1.23559,0.232305,0.338004,0.66528,12.849,1,0.485609,0.36288,0,70.5551,4.41378,66.0186,0.84672,12.849,0.84672,3695.15,0,0,0,1.32985,2.05008,7.978,0.959922,10.398,0.42336,0,0.42336,460.49,0,1.02816,0,0,2.35801,1.32985,1.028160,1,0,76.7546,0,0,0,76.7546,0
71.3253,2.73097,0,0,2.61462,0.212978,0.36288,3.6288,61.308,0.66528,0,0,1.14648,0.232305,0.248891,0.66528,12.849,1,0.487245,0.36288,0,63.2794,4.41378,58.7412,0.84672,12.849,0.84672,3695.15,0,0,0,1.07091,2.0504,7.45874,0.959922,9.62013,0.42336,0,0.42336,460.49,0,1.02816,0,0,2.09907,1.07091,1.028160,1,0,68.6102,0,0,0,68.6102,0
70.695,2.72739,0,0,2.67179,0.211857,0.36288,3.6288,61.308,0.66528,0,0,1.06547,0.232305,0.167882,0.66528,12.849,1,0.49133,0.36288,0,64.317,4.41378,59.7748,0.84672,12.849,0.84672,3695.15,0,0,0,0.61744,2.05073,7.81065,0.959922,9.51889,0.42336,0,0.42336,460.49,0,1.02816,0,0,1.6456,0.61744,1.028160,1,0,69.4616,0,0,0,69.4616,0
70.3639,2.85334,0,0,3.07418,0.189054,0.36288,3.6288,61.308,0.66528,0,0,1.20063,0.225982,0.30937,0.66528,12.849,1,0.518602,0.36288,0,71.8546,4.63038,67.0685,0.84672,12.849,0.84672,3695.15,0,0,0,0.861857,2.05105,7.71837,0.956956,9.67432,0.42336,0,0.42336,460.49,0,1.02816,0,0,1.89002,0.861857,1.028160,1,0,77.0522,0,0,0,77.0522,0
69.7645,2.85173,0,0,2.75587,0.140668,0.36288,3.6288,61.308,0.66528,0,0,0.955705,0.203941,0.0864843,0.66528,12.849,1,0.520748,0.36288,0,60.8018,4.28841,56.3555,0.84672,12.849,0.84672,3695.15,0,0,0,1.00509,2.15828,6.82292,0.946756,9.03954,0.42336,0,0.42336,460.49,0,1.02816,0,0,2.03325,1.00509,1.028160,1,0,65.4815,0,0,0,65.4815,0
68.9852,2.8484,0,0,2.54963,0.117623,0.36288,3.6288,61.308,0.66528,0,0,0.971551,0.209296,0.0969748,0.66528,12.849,1,0.52461,0.36288,0,55.0822,4.45095,50.4696,0.84672,12.849,0.84672,3695.15,0,0,0,1.00905,2.15863,6.73229,0.916667,8.9833,0.42336,0,0.42336,460.49,0,1.02816,0,0,2.03721,1.00905,1.028160,1,0,59.5498,0,0,0,59.5498,0
68.1318,2.84386,0,0,2.47021,0.116914,0.36288,3.6288,61.308,0.66528,0,0,1.01806,0.209296,0.143484,0.66528,12.849,1,0.529689,0.36288,0,52.2655,4.45095,47.6478,0.84672,12.849,0.84672,3695.15,0,0,0,0.934917,2.15897,6.98846,0.916667,9.16568,0.42336,0,0.42336,460.49,0,1.02816,0,0,1.96308,0.934917,1.028160,1,0,56.9569,0,0,0,56.9569,0
67.1829,2.83872,0,0,2.37506,0.122282,0.36288,3.6288,61.308,0.66528,0,0,1.0995,0.224818,0.209403,0.66528,12.849,1,0.535356,0.36288,0,50.4751,4.62651,45.6762,0.84672,12.849,0.84672,3695.15,0,0,0,0.897307,2.15931,6.34962,0.969618,8.43662,0.42336,0,0.42336,460.49,0,1.02816,0,0,1.92547,0.897307,1.028160,1,0,54.3222,0,0,0,54.3222,0
66.2662,2.80745,0,0,2.37398,0.120349,0.36288,3.6288,61.308,0.66528,0,0,1.38582,0.2872,0.433341,0.66528,12.849,1,0.536937,0.36288,0,51.2099,5.09073,45.9451,0.84672,12.849,0.84672,3695.15,0,0,0,1.07361,2.15965,6.26607,1.18011,8.31923,0.42336,0,0.42336,460.49,0,1.02816,0,0,2.10177,1.07361,1.028160,1,0,54.6977,0,0,0,54.6977,0
65.2477,2.80168,0,0,2.25338,0.107363,0.36288,3.6288,61.308,0.66528,0,0,1.33902,0.304884,0.368854,0.66528,12.849,1,0.543244,0.36288,0,47.8374,5.10972,42.5473,0.84672,12.849,0.84672,3695.15,0,0,0,1.00178,2.19739,6.3131,1.23869,8.27359,0.42336,0,0.42336,460.49,0,1.02816,0,0,2.02994,1.00178,1.028160,1,0,51.1898,0,0,0,51.1898,0
64.0983,2.79503,0,0,2.11496,0.106493,0.36288,3.6288,61.308,0.66528,0,0,1.17839,0.304884,0.208228,0.66528,12.849,1,0.550416,0.36288,0,43.7095,5.10972,38.4122,0.84672,12.849,0.84672,3695.15,0,0,0,0.926683,2.19774,5.99132,1.23869,7.87706,0.42336,0,0.42336,460.49,0,1.02816,0,0,1.95484,0.926683,1.028160,1,0,46.4975,0,0,0,46.4975,0
62.8234,2.78725,0,0,1.98082,0.105512,0.36288,3.6288,61.308,0.66528,0,0,1.0987,0.304884,0.128533,0.66528,12.849,1,0.558727,0.36288,0,41.8278,5.10972,36.5222,0.84672,12.849,0.84672,3695.15,0,0,0,0.818856,2.19809,5.67086,1.23869,7.44911,0.42336,0,0.42336,460.49,0,1.02816,0,0,1.84702,0.818856,1.028160,1,0,44.0999,0,0,0,44.0999,0
61.357,2.84312,0,0,1.82804,0.0884382,0.36288,3.6288,61.308,0.66528,0,0,1.07976,0.316312,0.0981657,0.66528,12.849,1,0.581491,0.36288,0,35.2023,5.57989,29.4038,0.84672,12.849,0.84672,3695.15,0,0,0,0.436977,2.19844,4.85649,1.43923,6.05267,0.42336,0,0.42336,460.49,0,1.02816,0,0,1.46514,0.436977,1.028160,1,0,35.5546,0,0,0,35.5546,0
59.9806,2.83208,0,0,1.8977,0.0791909,0.36288,3.6288,61.308,0.66528,0,0,1.15617,0.3234,0.16749,0.66528,12.849,1,0.593075,0.36288,0,47.3263,5.70255,41.3935,0.84672,12.849,0.84672,3695.15,0,0,0,0.680486,2.25183,5.37863,1.4989,6.81205,0.42336,0,0.42336,460.49,0,1.02816,0,0,1.70865,0.680486,1.028160,1,0,48.3731,0,0,0,48.3731,0
58.488,2.82131,0,0,1.7699,0.0782583,0.36288,3.6288,61.308,0.66528,0,0,1.02406,0.3234,0.0353761,0.66528,12.849,1,0.60438,0.36288,0,37.44,5.70255,31.4959,0.84672,12.849,0.84672,3695.15,0,0,0,0.658489,2.25218,4.90943,1.4989,6.32121,0.42336,0,0.42336,460.49,0,1.02816,0,0,1.68665,0.658489,1.028160,1,0,37.8525,0,0,0,37.8525,0
56.8488,2.80911,0,0,1.60988,0.077141,0.36288,3.6288,61.2812,0.66528,0,0,0.9619,0.3234,0,0.66528,12.849,1,0.617123,0.36288,0,34.4272,5.70255,28.4704,0.84672,12.849,0.84672,3695.15,0,0,0,0.394528,2.25254,4.49318,1.4989,5.64135,0.42336,0,0.42336,460.49,0,1.02816,0,0,1.42269,0.394528,1.028160,1,0,34.1118,0,0,0,34.1118,0
55.0548,2.98171,0,0,1.63462,0.0840436,0.36288,3.6288,61.308,0.66528,0,0,1.14196,0.306448,0.14345,0.66528,12.849,1,0.673928,0.36288,0,32.8171,5.65317,26.8529,0.84672,12.849,0.84672,3695.15,0,0,0,0.876493,2.2529,5.21765,1.44077,6.90627,0.42336,0,0.42336,460.49,0,1.02816,0,0,1.90465,0.876493,1.028160,1,0,33.9026,0,0,0,33.9026,0
52.9007,2.96437,0,0,1.27632,0.10308,0.36288,3.6288,61.308,0.66528,0,0,1.04846,0.277922,0.105262,0.66528,12.849,1,0.691843,0.36288,0,30.2992,5.41285,24.5574,0.84672,12.849,0.84672,3695.15,0,0,0,0.586613,2.43485,3.48139,1.3284,5.17445,0.42336,0,0.42336,460.49,0,1.02816,0,0,1.61477,0.586613,1.028160,1,0,29.8371,0,0,0,29.8371,0
50.783,2.94217,0,0,1.28821,0.100851,0.36288,3.6288,61.308,0.66528,0,0,1.03623,0.277922,0.0930276,0.66528,12.849,1,0.714621,0.36288,0,29.7918,5.41285,24.0272,0.84672,12.849,0.84672,3695.15,0,0,0,0.670006,2.43523,3.74658,1.3284,5.52342,0.42336,0,0.42336,460.49,0,1.02816,0,0,1.69817,0.670006,1.028160,1,0,29.6437,0,0,0,29.6437,0
48.9443,2.91885,0,0,1.54164,0.0986596,0.36288,3.6288,61.308,0.66528,0,0,1.09075,0.277922,0.147546,0.66528,12.849,1,0.738521,0.36288,0,29.1308,5.41285,23.3423,0.84672,12.849,0.84672,3695.15,0,0,0,0.690785,2.43562,5.0334,1.3284,6.8314,0.42336,0,0.42336,460.49,0,1.02816,0,0,1.71895,0.690785,1.028160,1,0,30.3212,0,0,0,30.3212,0
46.7284,2.89734,0,0,1.14755,0.103269,0.36288,3.6288,61.308,0.66528,0,0,0.963118,0.279177,0.0186611,0.66528,12.849,1,0.760617,0.36288,0,26.1871,5.41451,20.3748,0.84672,12.849,0.84672,3695.15,0,0,0,0.710519,2.436,3.35675,1.30125,5.20203,0.42336,0,0.42336,460.49,0,1.02816,0,0,1.73868,0.710519,1.028160,1,0,25.5955,0,0,0,25.5955,0
44.4215,2.78195,0,0,0.963014,0.125073,0.36288,3.6288,61.1156,0.66528,0,0,0.759344,0.286422,0,0.66528,12.849,1,0.764958,0.36288,0,17.3153,5.34671,11.5665,0.84672,12.849,0.84672,3695.15,0,0,0,0.529753,2.43639,2.70391,1.15351,4.51655,0.42336,0,0.42336,460.49,0,1.02816,0,0,1.55791,0.529753,1.028160,1,0,16.083,0,0,0,16.083,0
41.9809,2.75157,0,0,0.795796,0.12188,0.36288,3.6288,60.8333,0.66528,0,0,0.668978,0.286074,0,0.66528,12.849,1,0.795897,0.36288,0,15.9873,5.34671,10.2076,0.84672,12.849,0.84672,3695.15,0,0,0,0.357091,2.3316,2.50404,1.15351,4.03922,0.42336,0,0.42336,460.49,0,1.02816,0,0,1.38525,0.357091,1.028160,1,0,14.2468,0,0,0,14.2468,0
40.1887,2.71657,0,0,1.47928,0.192063,0.36288,3.6288,60.9987,0.66528,0,0,1.04074,0.209984,0,0.66528,12.849,1,0.831455,0.36288,0,28.2277,4.30855,23.4506,0.84672,12.849,0.84672,3695.15,0,0,0,0.702553,2.33197,4.34764,0.82902,6.55314,0.42336,0,0.42336,460.49,0,1.02816,0,0,1.73071,0.702553,1.028160,1,0,30.0038,0,0,0,30.0038,0
39.8665,2.6889,0,0,2.94645,0.216851,0.36288,3.6288,61.308,0.66528,0,0,1.58503,0.179941,0.430546,0.66528,12.849,1,0.859687,0.36288,0,56.5751,3.89329,52.185,0.84672,12.849,0.84672,3695.15,0,0,0,1.37043,2.33234,6.21165,0.699224,9.2152,0.42336,0,0.42336,460.49,0,1.02816,0,0,2.39859,1.37043,1.028160,1,0,61.8307,0,0,0,61.8307,0
38.134,2.61474,0,0,1.46959,0.224479,0.36288,3.6288,60.9621,0.78371,0,0,0.632629,0.194865,0,0.66528,12.849,1,0.842731,0.36288,0,26.3577,4.16502,21.7128,0.84672,12.849,0.84672,3695.15,0,0,0,0.216518,2.33271,2.93446,0.994544,4.48914,0.42336,0,0.42336,460.49,0,0.90973,0,0,1.12625,0.216518,1.028160,1,0,26.202,0,0,0,26.202,0
37.3463,2.58651,0,0,2.38503,0.223335,0.36288,3.6288,61.1323,0.66528,0,0,1.03581,0.200255,0,0.66528,12.849,1,0.871507,0.36288,0,28.3939,4.27371,23.6116,0.84672,12.849,0.84672,3695.15,0,0,0,0.375641,2.23915,5.3991,1.11267,6.90122,0.42336,0,0.42336,460.49,0,1.02816,0,0,1.4038,0.375641,1.028160,1,0,30.5128,0,0,0,30.5128,0
36.1266,2.57324,0,0,1.93765,0.221279,0.36288,3.6288,61.308,0.66528,0,0,1.26512,0.200471,0.223694,0.66528,12.849,1,0.885323,0.36288,0,25.6766,4.27371,20.8805,0.84672,12.849,0.84672,3695.15,0,0,0,1.20103,2.23951,4.9074,1.11267,7.23526,0.42336,0,0.42336,460.49,0,1.02816,0,0,2.22919,1.20103,1.028160,1,0,28.3394,0,0,0,28.3394,0
34.7294,2.55159,0,0,1.75776,0.240481,0.36288,3.6288,61.308,0.66528,0,0,0.937548,0.211042,0.061226,0.66528,12.849,1,0.907516,0.36288,0,25.1859,4.44768,20.1935,0.84672,12.849,0.84672,3695.15,0,0,0,0.475568,2.23986,5.78284,1.15329,7.34498,0.42336,0,0.42336,460.49,0,1.02816,0,0,1.50373,0.475568,1.028160,1,0,27.5997,0,0,0,27.5997,0
36.4967,2.33516,0,0,4.70567,0.240271,0.36288,3.6288,61.308,0.66528,0,0,1.50999,0.239459,0.605248,0.66528,12.849,1,0.863949,0.36288,0,101.583,4.41441,96.6672,0.84672,12.849,0.84672,3695.15,0,0,0,1.0186,2.24021,9.40177,1.11985,11.5407,0.42336,0,0.42336,460.49,0,1.02816,0,0,2.04676,1.0186,1.028160,1,0,108.813,0,0,0,108.813,0
37.9567,2.36647,0,0,4.39995,0.210656,0.36288,3.6288,61.308,0.66528,0,0,1.50473,0.258951,0.580503,0.66528,12.849,1,0.833138,0.36288,0,112.886,4.06077,108.355,0.84672,12.849,0.84672,3695.15,0,0,0,1.24939,2.03181,7.44215,1.00307,9.72028,0.42336,0,0.42336,460.49,0,1.02816,0,0,2.27755,1.24939,1.028160,1,0,118.656,0,0,0,118.656,0
38.5399,2.39079,0,0,3.55125,0.21432,0.36288,3.6288,61.308,0.66528,0,0,1.48381,0.258951,0.559576,0.66528,12.849,1,0.809325,0.36288,0,93.1306,4.06077,88.6233,0.84672,12.849,0.84672,3695.15,0,0,0,2.7014,2.03213,8.98672,1.00307,12.7172,0.42336,0,0.42336,460.49,0,1.02816,0,0,3.72956,2.7014,1.028160,1,0,101.9,0,0,0,101.9,0
39.2666,2.40036,0,0,3.70571,0.215784,0.36288,3.6288,61.308,0.66528,0,0,1.71068,0.258951,0.786446,0.66528,12.849,1,0.800266,0.36288,0,100.006,4.06077,95.5081,0.84672,12.849,0.84672,3695.15,0,0,0,3.82354,2.03245,12.2754,1.00307,17.1283,0.42336,0,0.42336,460.49,0,1.02816,0,0,4.8517,3.82354,1.028160,1,0,113.423,0,0,0,113.423,0
40.2932,2.4119,0,0,4.01901,0.217608,0.36288,3.6288,61.308,0.66528,0,0,1.5215,0.258951,0.597264,0.66528,12.849,1,0.789232,0.36288,0,98.6964,4.06077,94.2093,0.84672,12.849,0.84672,3695.15,0,0,0,2.25652,2.03277,8.68432,1.00307,11.9705,0.42336,0,0.42336,460.49,0,1.02816,0,0,3.28468,2.25652,1.028160,1,0,106.777,0,0,0,106.777,0
40.4965,2.50356,0,0,3.28769,0.218019,0.36288,3.6288,61.308,0.66528,0,0,1.27746,0.244886,0.367292,0.66528,12.849,1,0.798353,0.36288,0,89.4093,4.08429,84.8895,0.84672,12.849,0.84672,3695.15,0,0,0,2.26328,2.03309,5.95572,1.01046,9.24163,0.42336,0,0.42336,460.49,0,1.02816,0,0,3.29144,2.26328,1.028160,1,0,94.4985,0,0,0,94.4985,0
41.2888,2.50697,0,0,3.88073,0.218547,0.36288,3.6288,61.308,0.66528,0,0,1.18624,0.244886,0.276071,0.66528,12.849,1,0.795429,0.36288,0,82.3306,4.08429,77.8137,0.84672,12.849,0.84672,3695.15,0,0,0,2.24688,2.09855,5.62407,1.01046,8.95903,0.42336,0,0.42336,460.49,0,1.02816,0,0,3.27504,2.24688,1.028160,1,0,87.0488,0,0,0,87.0488,0
40.5847,2.51899,0,0,2.39833,0.220605,0.36288,3.6288,61.0571,0.66528,0,0,0.659286,0.244886,0,0.66528,12.849,1,0.783903,0.36288,0,61.2395,4.08429,56.7341,0.84672,12.849,0.84672,3695.15,0,0,0,1.10015,2.09886,5.23536,1.01046,7.42391,0.42336,0,0.42336,460.49,0,1.02816,0,0,2.12831,1.10015,1.028160,1,0,64.1581,0,0,0,64.1581,0
41.6705,2.50903,0,0,4.18001,0.222251,0.36288,3.6288,61.308,0.66528,0,0,1.96054,0.226541,0.817836,0.66528,12.849,1,0.794351,0.36288,0,93.3051,3.96561,88.908,0.84672,12.849,0.84672,3695.15,0,0,0,2.80811,2.09917,7.40451,0.982132,11.3297,0.42336,0,0.42336,460.49,0,1.02816,0,0,3.83627,2.80811,1.028160,1,0,101.055,0,0,0,101.055,0
41.3833,2.77152,0,0,3.07684,0.229688,0.36288,3.6288,61.308,0.66528,0,0,1.10542,0.199967,0.240172,0.66528,12.849,1,0.854592,0.36288,0,90.082,3.91875,85.6716,0.84672,12.849,0.84672,3695.15,0,0,0,2.36988,2.09948,4.54794,1.03175,7.98555,0.42336,0,0.42336,460.49,0,1.02816,0,0,3.39804,2.36988,1.028160,1,0,93.8973,0,0,0,93.8973,0
40.1943,2.76741,0,0,2.16702,0.225756,0.36288,3.6288,61.308,0.66528,0,0,0.899493,0.21349,0.0207235,0.66528,12.849,1,0.859246,0.36288,0,44.0084,4.10613,39.4059,0.84672,12.849,0.84672,3695.15,0,0,0,0.93833,2.33427,3.25361,1.12207,5.40413,0.42336,0,0.42336,460.49,0,1.02816,0,0,1.96649,0.93833,1.028160,1,0,44.8307,0,0,0,44.8307,0
39.7704,2.74855,0,0,2.91017,0.222599,0.36288,3.6288,61.2942,0.66528,0,0,0.865011,0.21349,0,0.66528,12.849,1,0.878637,0.36288,0,53.1076,4.10613,48.4857,0.84672,12.849,0.84672,3695.15,0,0,0,0.880407,2.33461,5.381,1.12207,7.47395,0.42336,0,0.42336,460.49,0,1.02816,0,0,1.90857,0.880407,1.028160,1,0,55.9596,0,0,0,55.9596,0
39.8561,2.74188,0,0,3.41184,0.221379,0.36288,3.6288,61.308,0.66528,0,0,1.35286,0.197799,0.476022,0.66528,12.849,1,0.885845,0.36288,0,128.633,3.97446,124.136,0.84672,12.849,0.84672,3695.15,0,0,0,1.63819,2.33496,7.22926,1.05853,10.1439,0.42336,0,0.42336,460.49,0,1.02816,0,0,2.66635,1.63819,1.028160,1,0,134.756,0,0,0,134.756,0
41.1021,2.39594,0,0,4.23895,0.234149,0.36288,3.6288,61.308,0.66528,0,0,1.54507,0.164026,0.715759,0.66528,12.849,1,0.772415,0.36288,0,109.59,3.82715,105.353,0.84672,12.849,0.84672,3695.15,0,0,0,1.92024,2.3353,8.53542,0.969381,11.8216,0.42336,0,0.42336,460.49,0,1.02816,0,0,2.9484,1.92024,1.028160,1,0,117.89,0,0,0,117.89,0
42.0694,2.41414,0,0,3.99176,0.247383,0.36288,3.6288,61.308,0.66528,0,0,1.36154,0.168071,0.528192,0.66528,12.849,1,0.754688,0.36288,0,94.983,3.96354,90.6276,0.84672,12.849,0.84672,3695.15,0,0,0,1.49705,2.01569,7.81271,1.02165,10.3038,0.42336,0,0.42336,460.49,0,1.02816,0,0,2.52521,1.49705,1.028160,1,0,101.46,0,0,0,101.46,0
42.5238,2.42779,0,0,3.49525,0.250207,0.36288,3.6288,61.308,0.66528,0,0,1.51628,0.168071,0.682926,0.66528,12.849,1,0.741504,0.36288,0,87.3556,3.96354,83.0134,0.84672,12.849,0.84672,3695.15,0,0,0,1.39067,2.01599,6.92359,1.02165,9.30859,0.42336,0,0.42336,460.49,0,1.02816,0,0,2.41883,1.39067,1.028160,1,0,93.0049,0,0,0,93.0049,0
45.8317,2.43423,0,0,6.35548,0.250503,0.36288,3.6288,61.308,0.66528,0,0,2.27973,0.156617,1.45784,0.66528,12.849,1,0.735528,0.36288,0,186.373,3.78423,182.216,0.84672,12.849,0.84672,3695.15,0,0,0,3.41628,2.01629,13.0037,0.990942,17.4453,0.42336,0,0.42336,460.49,0,1.02816,0,0,4.44444,3.41628,1.028160,1,0,201.119,0,0,0,201.119,0
49.2474,2.47606,0,0,6.50813,0.253498,0.36288,3.6288,61.308,0.66528,0,0,2.24377,0.133177,1.44532,0.66528,12.849,1,0.694168,0.36288,0,199.016,3.46389,195.221,0.84672,12.849,0.84672,3695.15,0,0,0,3.09896,2.01658,12.3911,0.920339,16.5863,0.42336,0,0.42336,460.49,0,1.02816,0,0,4.12712,3.09896,1.028160,1,0,213.253,0,0,0,213.253,0
53.352,2.60649,0,0,7.31263,0.23859,0.36288,3.6288,61.308,0.66528,0,0,2.22492,0.164354,1.39529,0.66528,12.849,1,0.680053,0.36288,0,217.155,4.2315,212.606,0.84672,12.849,0.84672,3695.15,0,0,0,2.48823,2.01688,12.2577,0.957368,15.8055,0.42336,0,0.42336,460.49,0,1.02816,0,0,3.51639,2.48823,1.028160,1,0,229.807,0,0,0,229.807,0
54.7706,2.64905,0,0,4.67956,0.249035,0.36288,3.6288,61.308,0.66528,0,0,1.61787,0.164354,0.788241,0.66528,12.849,1,0.637982,0.36288,0,130.711,4.2315,126.205,0.84672,12.849,0.84672,3695.15,0,0,0,1.60198,2.09612,9.22182,0.957368,11.9625,0.42336,0,0.42336,460.49,0,1.02816,0,0,2.63014,1.60198,1.028160,1,0,138.955,0,0,0,138.955,0
55.495,2.66283,0,0,4.00271,0.252643,0.36288,3.6288,61.308,0.66528,0,0,1.46967,0.164354,0.640039,0.66528,12.849,1,0.62469,0.36288,0,109.172,4.2315,104.678,0.84672,12.849,0.84672,3695.15,0,0,0,1.60948,2.09643,8.29414,0.957368,11.0427,0.42336,0,0.42336,460.49,0,1.02816,0,0,2.63764,1.60948,1.028160,1,0,116.361,0,0,0,116.361,0
56.0918,2.66984,0,0,3.87321,0.243645,0.36288,3.6288,61.308,0.66528,0,0,1.36685,0.157247,0.544321,0.66528,12.849,1,0.61816,0.36288,0,93.9237,3.95613,89.7123,0.84672,12.849,0.84672,3695.15,0,0,0,1.33201,2.09674,7.95865,0.953362,10.434,0.42336,0,0.42336,460.49,0,1.02816,0,0,2.36017,1.33201,1.028160,1,0,100.691,0,0,0,100.691,0
56.6831,2.63871,0,0,3.76878,0.175966,0.36288,3.6288,61.308,0.66528,0,0,1.28739,0.19514,0.426966,0.66528,12.849,1,0.604452,0.36288,0,98.5427,3.94352,94.3576,0.84672,12.849,0.84672,3695.15,0,0,0,1.18199,2.09705,6.45242,1.02998,8.70148,0.42336,0,0.42336,460.49,0,1.02816,0,0,2.21015,1.18199,1.028160,1,0,103.486,0,0,0,103.486,0
56.7828,2.64424,0,0,3.27681,0.16998,0.36288,3.6288,61.308,0.66528,0,0,1.38313,0.204417,0.513429,0.66528,12.849,1,0.599401,0.36288,0,93.6049,4.05615,89.3122,0.84672,12.849,0.84672,3695.15,0,0,0,1.33375,2.06662,6.04549,1.04442,8.40145,0.42336,0,0.42336,460.49,0,1.02816,0,0,2.36191,1.33375,1.028160,1,0,98.2271,0,0,0,98.2271,0
56.9482,2.64549,0,0,3.34399,0.170147,0.36288,3.6288,61.308,0.66528,0,0,1.19039,0.204417,0.320697,0.66528,12.849,1,0.598631,0.36288,0,90.3623,4.05615,86.0704,0.84672,12.849,0.84672,3695.15,0,0,0,0.916894,2.06693,5.97932,1.04442,7.91872,0.42336,0,0.42336,460.49,0,1.02816,0,0,1.94505,0.916894,1.028160,1,0,94.3098,0,0,0,94.3098,0
57.2147,2.6473,0,0,3.42026,0.143665,0.36288,3.6288,61.308,0.66528,0,0,1.16409,0.219253,0.27956,0.66528,12.849,1,0.5973,0.36288,0,93.6446,5.22577,88.1844,0.84672,12.849,0.84672,3695.15,0,0,0,1.00268,2.06723,7.43597,1.09053,9.41536,0.42336,0,0.42336,460.49,0,1.02816,0,0,2.03084,1.00268,1.028160,1,0,97.8794,0,0,0,97.8794,0
56.5605,2.77567,0,0,2.59419,0.109837,0.36288,3.6288,61.308,0.66528,0,0,0.994922,0.234662,0.0949801,0.66528,12.849,1,0.623347,0.36288,0,59.6986,5.57356,53.8646,0.84672,12.849,0.84672,3695.15,0,0,0,0.723254,2.06754,5.14205,1.11344,6.81941,0.42336,0,0.42336,460.49,0,1.02816,0,0,1.75141,0.723254,1.028160,1,0,60.779,0,0,0,60.779,0
55.6061,2.7702,0,0,2.28016,0.101387,0.36288,3.6288,61.1715,0.690509,0,0,0.793152,0.239107,0,0.66528,12.849,1,0.629315,0.36288,0,50.8035,5.27425,45.2629,0.84672,12.849,0.84672,3695.15,0,0,0,0.402797,2.17561,4.27315,1.06023,5.79132,0.42336,0,0.42336,460.49,0,1.00293,0,0,1.40573,0.402797,1.028160,1,0,51.0542,0,0,0,51.0542,0
54.5643,2.76184,0,0,2.18332,0.10043,0.36288,3.6288,61.0737,0.66528,0,0,0.806345,0.238901,0,0.66528,12.849,1,0.638182,0.36288,0,48.4715,5.27425,42.922,0.84672,12.849,0.84672,3695.15,0,0,0,0.54788,2.17593,4.06852,1.06023,5.7321,0.42336,0,0.42336,460.49,0,1.02816,0,0,1.57604,0.54788,1.028160,1,0,48.6541,0,0,0,48.6541,0
53.3354,2.75238,0,0,2.01112,0.124737,0.36288,3.6288,60.9332,0.66528,0,0,0.755628,0.230864,0,0.66528,12.849,1,0.648141,0.36288,0,45.3119,4.76656,40.26,0.84672,12.849,0.84672,3695.15,0,0,0,0.470085,2.17626,3.72552,1.07982,5.29204,0.42336,0,0.42336,460.49,0,1.02816,0,0,1.49825,0.470085,1.028160,1,0,45.5521,0,0,0,45.5521,0
52.0592,2.74075,0,0,1.90218,0.0747913,0.36288,3.6288,60.7339,0.66528,0,0,0.723018,0.257035,0,0.66528,12.849,1,0.660272,0.36288,0,43.8958,5.00391,38.5945,0.84672,12.849,0.84672,3695.15,0,0,0,0.465359,2.17658,3.51906,1.16701,4.99399,0.42336,0,0.42336,460.49,0,1.02816,0,0,1.49352,0.465359,1.028160,1,0,43.5885,0,0,0,43.5885,0
50.6363,2.70374,0,0,1.73188,0.088167,0.36288,3.6288,60.1939,0.743921,0,0,0.481832,0.27789,0,0.66528,12.849,1,0.667323,0.36288,0,47.5732,5.81374,41.455,0.84672,12.849,0.84672,3695.15,0,0,0,0.30119,2.1769,2.24568,1.33729,3.38648,0.42336,0,0.42336,460.49,0,0.949519,0,0,1.25071,0.30119,1.028160,1,0,44.8415,0,0,0,44.8415,0
49.0657,2.68918,0,0,1.56831,0.0868687,0.36288,3.6288,59.6244,0.758557,0,0,0.465955,0.276938,0,0.66528,12.849,1,0.682381,0.36288,0,43.0065,5.81374,36.8732,0.84672,12.849,0.84672,3695.15,0,0,0,0.261274,2.21492,2.20446,1.33729,3.34336,0.42336,0,0.42336,460.49,0,0.934883,0,0,1.19616,0.261274,1.028160,1,0,40.2166,0,0,0,40.2166,0
47.4585,2.67226,0,0,1.51343,0.0854317,0.36288,3.6288,58.8826,0.899726,0,0,0.433898,0.275934,0,0.66528,12.849,1,0.699794,0.36288,0,39.3445,5.81374,33.1938,0.84672,12.849,0.84672,3695.15,0,0,0,0.261274,2.21524,2.13498,1.33729,3.27421,0.42336,0,0.42336,460.49,0,0.793714,0,0,1.05499,0.261274,1.028160,1,0,36.468,0,0,0,36.468,0
45.8181,2.654,0,0,1.45631,0.0798102,0.36288,3.6288,58.0626,0.956059,0,0,0.415041,0.279,0,0.66528,12.849,1,0.718549,0.36288,0,35.2482,5.85171,29.0408,0.84672,12.849,0.84672,3695.15,0,0,0,0.261274,2.21557,2.12423,1.35978,3.2413,0.42336,0,0.42336,460.49,0,0.737381,0,0,0.998654,0.261274,1.028160,1,0,32.2821,0,0,0,32.2821,0
43.8624,2.69578,0,0,1.16681,0.0639122,0.36288,3.6288,57.0276,1.08587,0,0,0.3496,0.298729,0,0.66528,12.849,1,0.755991,0.36288,0,28.9557,5.82711,22.7355,0.84672,12.849,0.84672,3695.15,0,0,0,0.261274,2.2159,1.67963,1.46417,2.69264,0.42336,0,0.42336,460.49,0,0.607573,0,0,0.868847,0.261274,1.028160,1,0,25.4282,0,0,0,25.4282,0
42.0036,2.6701,0,0,1.23503,0.060834,0.36288,3.6288,56.2659,0.905844,0,0,0.445031,0.300834,0,0.66528,12.849,1,0.782177,0.36288,0,36.5799,5.77931,30.3813,0.84672,12.849,0.84672,3695.15,0,0,0,0.261274,2.26969,1.81119,1.48344,2.85872,0.42336,0,0.42336,460.49,0,0.787596,0,0,1.04887,0.261274,1.028160,1,0,33.24,0,0,0,33.24,0
40.0613,2.64399,0,0,1.12416,0.0595418,0.36288,3.6288,55.4843,0.849338,0,0,0.367057,0.299346,0,0.66528,12.849,1,0.808802,0.36288,0,29.4632,5.77931,23.2379,0.84672,12.849,0.84672,3695.15,0,0,0,0.227405,2.27002,1.68299,1.48344,2.69698,0.42336,0,0.42336,460.49,0,0.844102,0,0,1.07151,0.227405,1.028160,1,0,25.9349,0,0,0,25.9349,0
38.048,2.61468,0,0,1.02241,0.0581915,0.36288,3.6288,54.512,1.01634,0,0,0.341839,0.297818,0,0.66528,12.849,1,0.838616,0.36288,0,27.4662,5.77931,21.2112,0.84672,12.849,0.84672,3695.15,0,0,0,0.227405,2.27036,1.49989,1.48344,2.51421,0.42336,0,0.42336,460.49,0,0.677099,0,0,0.904504,0.227405,1.028160,1,0,23.7254,0,0,0,23.7254,0
35.9977,2.75433,0,0,1.12395,0.0570388,0.36288,3.6288,53.8324,0.785212,0,0,0.392917,0.287257,0,0.66528,12.849,1,0.930149,0.36288,0,28.2061,5.58957,22.0492,0.84672,12.849,0.84672,3695.15,0,0,0,0.227405,2.27069,1.98396,1.46867,3.01339,0.42336,0,0.42336,460.49,0,0.908228,0,0,1.13563,0.227405,1.028160,1,0,25.0626,0,0,0,25.0626,0
33.956,2.71568,0,0,1.10494,0.0681272,0.36288,3.6288,53.0254,0.901169,0,0,0.349945,0.255776,0,0.66528,12.849,1,0.969334,0.36288,0,28.3747,4.85352,22.9147,0.84672,12.849,0.84672,3695.15,0,0,0,0.227405,2.45405,1.80994,1.37946,3.11194,0.42336,0,0.42336,460.49,0,0.792271,0,0,1.01968,0.227405,1.028160,1,0,26.0267,0,0,0,26.0267,0
32.0328,2.67379,0,0,1.17993,0.06646,0.36288,3.6288,52.3325,0.793584,0,0,0.354788,0.254137,0,0.66528,12.849,1,1.01177,0.36288,0,28.3688,4.85352,22.8664,0.84672,12.849,0.84672,3695.15,0,0,0,0.204422,2.45442,2.18597,1.37946,3.46535,0.42336,0,0.42336,460.49,0,0.899856,0,0,1.10428,0.204422,1.028160,1,0,26.3318,0,0,0,26.3318,0
30.3049,2.63083,0,0,1.33072,0.0648896,0.36288,3.6288,51.6206,0.825863,0,0,0.366663,0.252728,0,0.66528,12.849,1,1.05528,0.36288,0,27.1362,4.85352,21.5902,0.84672,12.849,0.84672,3695.15,0,0,0,0.204422,2.45478,2.42979,1.37946,3.70954,0.42336,0,0.42336,460.49,0,0.867577,0,0,1.072,0.204422,1.028160,1,0,25.2998,0,0,0,25.2998,0
28.2481,2.58896,0,0,0.965019,0.0699872,0.36288,3.6288,50.7959,0.889453,0,0,0.316212,0.251433,0,0.66528,12.849,1,1.09769,0.36288,0,26.0218,4.89792,20.389,0.84672,12.849,0.84672,3695.15,0,0,0,0.204422,2.45514,1.7293,1.37076,3.0181,0.42336,0,0.42336,460.49,0,0.803987,0,0,1.00841,0.204422,1.028160,1,0,23.4071,0,0,0,23.4071,0
27.8676,2.45707,0,0,2.48878,0.0492912,0.36288,3.6288,50.7915,0.66528,0,0,0.906708,0.245826,0,0.66528,12.849,1,1.11763,0.36288,0,51.0825,4.44077,45.887,0.84672,12.849,0.84672,3695.15,0,0,0,1.42512,2.4555,4.15785,1.23032,6.80816,0.42336,0,0.42336,460.49,0,1.02816,0,0,2.45328,1.42512,1.028160,1,0,52.6952,0,0,0,52.6952,0
27.2819,2.44698,0,0,2.27319,0.0490339,0.36288,3.6288,50.5659,0.66528,0,0,0.685454,0.245817,0,0.66528,12.849,1,1.12824,0.36288,0,57.5024,4.44077,52.2963,0.84672,12.849,0.84672,3695.15,0,0,0,1.03889,2.34987,3.42796,1.23032,5.5864,0.42336,0,0.42336,460.49,0,1.02816,0,0,2.06705,1.03889,1.028160,1,0,57.8827,0,0,0,57.8827,0
26.4433,2.43087,0,0,2.0139,0.0587671,0.36288,3.6288,50.3376,0.66528,0,0,0.672598,0.235561,0,0.66528,12.849,1,1.14487,0.36288,0,61.0914,4.27275,56.0366,0.84672,12.849,0.84672,3695.15,0,0,0,0.983042,2.35021,3.50765,1.18673,5.65418,0.42336,0,0.42336,460.49,0,1.02816,0,0,2.0112,0.983042,1.028160,1,0,61.6908,0,0,0,61.6908,0
25.6699,2.40679,0,0,2.13873,0.142471,0.36288,3.6288,50.1624,0.66528,0,0,0.648743,0.158663,0,0.66528,12.849,1,1.16948,0.36288,0,69.1744,4.37121,63.9966,0.84672,12.849,0.84672,3695.15,0,0,0,1.02743,2.35056,4.26648,0.991777,6.6527,0.42336,0,0.42336,460.49,0,1.02816,0,0,2.05559,1.02743,1.028160,1,0,70.6493,0,0,0,70.6493,0
26.0982,2.32209,0,0,3.2455,0.132242,0.36288,3.6288,50.3178,0.66528,0,0,1.001,0.180342,0,0.66528,12.849,1,1.16232,0.36288,0,81.5219,4.45686,76.2656,0.84672,12.849,0.84672,3695.15,0,0,0,1.23612,2.35091,5.90398,1.12363,8.36738,0.42336,0,0.42336,460.49,0,1.02816,0,0,2.26428,1.23612,1.028160,1,0,84.6329,0,0,0,84.6329,0
27.7664,2.33521,0,0,4.53044,0.164094,0.36288,3.6288,50.5008,0.66528,0,0,1.05379,0.205478,0,0.66528,12.849,1,1.1497,0.36288,0,74.9339,3.66482,70.4822,0.84672,12.849,0.84672,3695.15,0,0,0,0.714753,2.2566,5.30766,0.970165,7.30885,0.42336,0,0.42336,460.49,0,1.02816,0,0,1.74291,0.714753,1.028160,1,0,77.7911,0,0,0,77.7911,0
30.6365,2.38279,0,0,5.78375,0.167964,0.36288,3.6288,50.9201,0.66528,0,0,1.29038,0.205786,0,0.66528,12.849,1,1.10264,0.36288,0,146.936,3.66482,142.532,0.84672,12.849,0.84672,3695.15,0,0,0,1.10228,2.25693,5.11776,0.970165,7.5068,0.42336,0,0.42336,460.49,0,1.02816,0,0,2.13044,1.10228,1.028160,1,0,150.038,0,0,0,150.038,0
35.0426,2.45593,0,0,7.39955,0.174621,0.36288,3.6288,51.6385,0.66528,0,0,1.59015,0.20649,0,0.66528,12.849,1,1.03002,0.36288,0,131.893,3.66482,127.561,0.84672,12.849,0.84672,3695.15,0,0,0,1.93485,2.25726,6.99666,0.970165,10.2186,0.42336,0,0.42336,460.49,0,1.02816,0,0,2.96301,1.93485,1.028160,1,0,137.78,0,0,0,137.78,0
37.3395,2.35894,0,0,5.18822,0.169542,0.36288,3.6288,52.1709,0.66528,0,0,1.41289,0.215233,0,0.66528,12.849,1,0.864948,0.36288,0,98.7276,3.80948,94.416,0.84672,12.849,0.84672,3695.15,0,0,0,1.5446,2.25759,4.96366,1.00205,7.76381,0.42336,0,0.42336,460.49,0,1.02816,0,0,2.57276,1.5446,1.028160,1,0,102.18,0,0,0,102.18,0
39.2848,2.39888,0,0,4.87725,0.170182,0.36288,3.6288,52.756,0.66528,0,0,1.47523,0.224867,0,0.66528,12.849,1,0.825485,0.36288,0,99.0274,4.15794,94.4068,0.84672,12.849,0.84672,3695.15,0,0,0,1.96127,2.04755,5.6072,1.06673,8.54929,0.42336,0,0.42336,460.49,0,1.02816,0,0,2.98943,1.96127,1.028160,1,0,102.956,0,0,0,102.956,0
41.82,2.43004,0,0,5.5491,0.220997,0.36288,3.6288,53.6672,0.66528,0,0,1.78879,0.21224,0,0.66528,12.849,1,0.794801,0.36288,0,180.992,4.14036,176.419,0.84672,12.849,0.84672,3695.15,0,0,0,2.36502,2.04785,6.35402,1.0467,9.72019,0.42336,0,0.42336,460.49,0,1.02816,0,0,3.39318,2.36502,1.028160,1,0,186.139,0,0,0,186.139,0
43.9547,2.46726,0,0,5.19251,0.227691,0.36288,3.6288,54.393,0.66528,0,0,1.6048,0.21379,0,0.66528,12.849,1,0.758055,0.36288,0,125.068,4.14036,120.533,0.84672,12.849,0.84672,3695.15,0,0,0,2.00303,2.04815,5.75355,1.0467,8.75803,0.42336,0,0.42336,460.49,0,1.02816,0,0,3.03119,2.00303,1.028160,1,0,129.291,0,0,0,129.291,0
46.9775,2.49612,0,0,6.11519,0.233378,0.36288,3.6288,55.1071,0.66528,0,0,1.59429,0.214867,0,0.66528,12.849,1,0.729675,0.36288,0,155.224,4.14036,150.716,0.84672,12.849,0.84672,3695.15,0,0,0,2.06723,2.04845,5.69601,1.0467,8.76499,0.42336,0,0.42336,460.49,0,1.02816,0,0,3.09539,2.06723,1.028160,1,0,159.481,0,0,0,159.481,0
53.8949,2.61271,0,0,10.1241,0.231164,0.36288,3.6288,56.6596,0.66528,0,0,2.44607,0.228273,0,0.66528,12.849,1,0.714612,0.36288,0,183.266,5.03041,177.884,0.84672,12.849,0.84672,3695.15,0,0,0,4.16578,2.04876,12.5575,1.30219,17.4699,0.42336,0,0.42336,460.49,0,1.02816,0,0,5.19394,4.16578,1.028160,1,0,195.354,0,0,0,195.354,0
62.4699,2.68714,0,0,11.8724,0.247326,0.36288,3.6288,60.6748,0.66528,0,0,4.90701,0.226591,0,0.66528,12.849,1,0.640637,0.36288,0,365.846,4.98582,360.583,0.84672,12.849,0.84672,3695.15,0,0,0,7.9252,2.11469,18.164,1.28488,26.919,0.42336,0,0.42336,460.49,0,1.02816,0,0,8.95336,7.9252,1.028160,1,0,387.501,0,0,0,387.501,0
68.4279,2.76045,0,0,9.34948,0.26819,0.36288,3.6288,61.308,0.66528,0,0,3.87825,0.232517,2.34722,0.66528,12.849,1,0.567778,0.36288,0,328.228,4.98582,323.037,0.84672,12.849,0.84672,3695.15,0,0,0,5.1369,2.11498,14.1342,1.28488,20.1012,0.42336,0,0.42336,460.49,0,1.02816,0,0,6.16506,5.1369,1.028160,1,0,345.485,0,0,0,345.485,0
72.5534,2.80246,0,0,7.5972,0.306387,0.36288,3.6288,61.308,0.66528,0,0,2.07208,0.189838,1.21696,0.66528,12.849,1,0.52623,0.36288,0,171.77,4.5969,167.01,0.84672,12.849,0.84672,3695.15,0,0,0,2.89988,2.11527,11.8327,1.16949,15.6783,0.42336,0,0.42336,460.49,0,1.02816,0,0,3.92804,2.89988,1.028160,1,0,183.905,0,0,0,183.905,0
75.1968,3.10413,0,0,6.52553,0.415107,0.36288,3.6288,61.308,0.66528,0,0,2.94252,0.184442,2.0928,0.66528,12.849,1,0.549733,0.36288,0,165.582,4.22669,161.169,0.84672,12.849,0.84672,3695.15,0,0,0,3.02818,2.11556,11.5843,1.09958,15.6285,0.42336,0,0.42336,460.49,0,1.02816,0,0,4.05634,3.02818,1.028160,1,0,178.89,0,0,0,178.89,0
76.6909,3.12106,0,0,5.32124,0.343218,0.36288,3.6288,61.308,0.66528,0,0,2.66903,0.165259,1.83849,0.66528,12.849,1,0.533302,0.36288,0,169.891,4.26247,165.458,0.84672,12.849,0.84672,3695.15,0,0,0,2.49333,2.35213,8.90317,1.0216,12.727,0.42336,0,0.42336,460.49,0,1.02816,0,0,3.52149,2.49333,1.028160,1,0,180.024,0,0,0,180.024,0
76.965,3.13039,0,0,4.17544,0.408053,0.36288,3.6288,61.308,0.66528,0,0,2.2912,0.217696,1.40822,0.66528,12.849,1,0.524475,0.36288,0,133.079,4.64507,128.273,0.84672,12.849,0.84672,3695.15,0,0,0,1.96464,2.35245,7.45278,1.15514,10.6147,0.42336,0,0.42336,460.49,0,1.02816,0,0,2.9928,1.96464,1.028160,1,0,140.296,0,0,0,140.296,0
77.649,3.13242,0,0,4.59847,0.419137,0.36288,3.6288,61.308,0.66528,0,0,2.8079,0.226435,1.91619,0.66528,12.849,1,0.522946,0.36288,0,140.157,4.70883,135.288,0.84672,12.849,0.84672,3695.15,0,0,0,2.55089,2.35278,8.41087,1.17739,12.1371,0.42336,0,0.42336,460.49,0,1.02816,0,0,3.57905,2.55089,1.028160,1,0,149.342,0,0,0,149.342,0
78.0198,2.7392,0,0,3.90926,0.436358,0.36288,3.6288,61.308,0.66528,0,0,1.87374,0.210053,0.998407,0.66528,12.849,1,0.45327,0.36288,0,107.127,4.51411,102.523,0.84672,12.849,0.84672,3695.15,0,0,0,1.90552,2.3531,7.65893,1.10075,10.8168,0.42336,0,0.42336,460.49,0,1.02816,0,0,2.93368,1.90552,1.028160,1,0,114.338,0,0,0,114.338,0
77.2209,2.74142,0,0,2.76259,0.457175,0.36288,3.6288,61.308,0.66528,0,0,1.02062,0.188209,0.167128,0.66528,12.849,1,0.451482,0.36288,0,89.0853,4.2545,84.7422,0.84672,12.849,0.84672,3695.15,0,0,0,1.19688,2.03103,3.78001,0.998558,6.00936,0.42336,0,0.42336,460.49,0,1.02816,0,0,2.22504,1.19688,1.028160,1,0,90.9187,0,0,0,90.9187,0
79.0426,2.7378,0,0,5.34351,0.421161,0.36288,3.6288,61.308,0.66528,0,0,1.56737,0.176177,0.725917,0.66528,12.849,1,0.455549,0.36288,0,115.807,4.0801,111.634,0.84672,12.849,0.84672,3695.15,0,0,0,2.32437,2.03131,8.95795,0.973507,12.3401,0.42336,0,0.42336,460.49,0,1.02816,0,0,3.35253,2.32437,1.028160,1,0,124.7,0,0,0,124.7,0
79.3658,2.7472,0,0,3.93681,0.503564,0.36288,3.6288,61.308,0.66528,0,0,1.80658,0.228508,0.912793,0.66528,12.849,1,0.44658,0.36288,0,117.697,4.56035,113.053,0.84672,12.849,0.84672,3695.15,0,0,0,2.26447,2.03159,6.11066,1.08546,9.32126,0.42336,0,0.42336,460.49,0,1.02816,0,0,3.29263,2.26447,1.028160,1,0,123.287,0,0,0,123.287,0
81.5524,2.74915,0,0,5.73362,0.434921,0.36288,3.6288,61.308,0.66528,0,0,1.63881,0.207148,0.766381,0.66528,12.849,1,0.445076,0.36288,0,160.915,4.20441,156.628,0.84672,12.849,0.84672,3695.15,0,0,0,2.29077,2.03187,8.09145,1.04149,11.3726,0.42336,0,0.42336,460.49,0,1.02816,0,0,3.31893,2.29077,1.028160,1,0,168.767,0,0,0,168.767,0
81.7078,2.86067,0,0,3.89545,0.516505,0.36288,3.6288,61.308,0.66528,0,0,1.61641,0.174541,0.776594,0.66528,12.849,1,0.450714,0.36288,0,110.361,3.86663,106.407,0.84672,12.849,0.84672,3695.15,0,0,0,1.993,2.03215,7.17454,0.877162,10.3225,0.42336,0,0.42336,460.49,0,1.02816,0,0,3.02116,1.993,1.028160,1,0,117.506,0,0,0,117.506,0
83.2635,2.86181,0,0,5.29761,0.517272,0.36288,3.6288,61.308,0.66528,0,0,2.84867,0.174541,2.00885,0.66528,12.849,1,0.450035,0.36288,0,114.011,3.86663,110.057,0.84672,12.849,0.84672,3695.15,0,0,0,2.68771,2.11196,8.07529,0.877162,11.9978,0.42336,0,0.42336,460.49,0,1.02816,0,0,3.71587,2.68771,1.028160,1,0,124.064,0,0,0,124.064,0
83.2112,2.86948,0,0,3.70504,0.524952,0.36288,3.6288,61.308,0.66528,0,0,1.70692,0.174541,0.867097,0.66528,12.849,1,0.442811,0.36288,0,94.5527,3.86663,90.6061,0.84672,12.849,0.84672,3695.15,0,0,0,1.58052,2.11225,6.50278,0.877162,9.31839,0.42336,0,0.42336,460.49,0,1.02816,0,0,2.60868,1.58052,1.028160,1,0,100.792,0,0,0,100.792,0
82.6986,2.86964,0,0,3.20407,0.484103,0.36288,3.6288,61.308,0.66528,0,0,1.35292,0.188814,0.498826,0.66528,12.849,1,0.443113,0.36288,0,89.8007,4.04114,85.6793,0.84672,12.849,0.84672,3695.15,0,0,0,1.19641,2.11254,6.32824,0.911512,8.72568,0.42336,0,0.42336,460.49,0,1.02816,0,0,2.22457,1.19641,1.028160,1,0,94.9038,0,0,0,94.9038,0
81.641,2.82813,0,0,2.55756,0.424196,0.36288,3.6288,61.308,0.66528,0,0,1.16827,0.203491,0.299504,0.66528,12.849,1,0.439411,0.36288,0,62.8119,3.91029,58.8251,0.84672,12.849,0.84672,3695.15,0,0,0,0.957364,2.11283,4.22398,1.03153,6.26265,0.42336,0,0.42336,460.49,0,1.02816,0,0,1.98552,0.957364,1.028160,1,0,65.3873,0,0,0,65.3873,0
80.269,2.8236,0,0,2.23299,0.418485,0.36288,3.6288,61.308,0.66528,0,0,1.03403,0.201749,0.166997,0.66528,12.849,1,0.44439,0.36288,0,53.2516,3.76488,49.4052,0.84672,12.849,0.84672,3695.15,0,0,0,0.669479,2.08216,4.14477,1.06121,5.8352,0.42336,0,0.42336,460.49,0,1.02816,0,0,1.69764,0.669479,1.028160,1,0,55.4074,0,0,0,55.4074,0
79.9354,2.81744,0,0,3.25973,0.413001,0.36288,3.6288,61.308,0.66528,0,0,1.20997,0.201749,0.342942,0.66528,12.849,1,0.450999,0.36288,0,62.7668,3.76488,58.9138,0.84672,12.849,0.84672,3695.15,0,0,0,0.869573,2.08244,3.73247,1.06121,5.62328,0.42336,0,0.42336,460.49,0,1.02816,0,0,1.89773,0.869573,1.028160,1,0,64.88,0,0,0,64.88,0
78.8327,2.8162,0,0,2.43215,0.355772,0.36288,3.6288,61.308,0.66528,0,0,1.10675,0.210675,0.230795,0.66528,12.849,1,0.452683,0.36288,0,60.9155,4.03578,56.7899,0.84672,12.849,0.84672,3695.15,0,0,0,0.679648,2.08273,3.32371,1.01106,5.07503,0.42336,0,0.42336,460.49,0,1.02816,0,0,1.70781,0.679648,1.028160,1,0,62.0957,0,0,0,62.0957,0
77.2438,2.9445,0,0,2.02043,0.301993,0.36288,3.6288,61.308,0.691891,0,0,0.942944,0.222903,0.0281494,0.66528,12.849,1,0.479926,0.36288,0,48.5576,4.4238,44.0167,0.84672,12.849,0.84672,3695.15,0,0,0,0.402797,2.08302,3.00425,1.00192,4.48814,0.42336,0,0.42336,460.49,0,1.00155,0,0,1.40435,0.402797,1.028160,1,0,48.533,0,0,0,48.533,0
75.6693,2.93644,0,0,1.95359,0.228743,0.36288,3.6288,61.1396,0.820247,0,0,0.896435,0.244549,0,0.66528,12.849,1,0.488457,0.36288,0,46.4607,5.12295,41.2122,0.84672,12.849,0.84672,3695.15,0,0,0,0.402797,2.19188,3.03373,1.02921,4.5992,0.42336,0,0.42336,460.49,0,0.873193,0,0,1.27599,0.402797,1.028160,1,0,45.8114,0,0,0,45.8114,0
74.08,2.92815,0,0,1.92688,0.225153,0.36288,3.6288,61.0283,0.766135,0,0,0.89907,0.244289,0,0.66528,12.849,1,0.497214,0.36288,0,43.964,5.12295,38.7068,0.84672,12.849,0.84672,3695.15,0,0,0,0.402797,2.19218,2.88825,1.02921,4.45402,0.42336,0,0.42336,460.49,0,0.927305,0,0,1.3301,0.402797,1.028160,1,0,43.1608,0,0,0,43.1608,0
72.2841,2.91946,0,0,1.72844,0.241964,0.36288,3.6288,60.9801,0.66528,0,0,0.857313,0.240173,0,0.66528,12.849,1,0.506374,0.36288,0,41.5194,4.86911,36.5068,0.84672,12.849,0.84672,3695.15,0,0,0,0.30939,2.19248,2.66014,1.039,4.12301,0.42336,0,0.42336,460.49,0,1.02816,0,0,1.33755,0.30939,1.028160,1,0,40.6298,0,0,0,40.6298,0
70.501,2.90918,0,0,1.64988,0.160996,0.36288,3.6288,60.9158,0.66528,0,0,0.848197,0.24727,0,0.66528,12.849,1,0.517126,0.36288,0,38.5591,4.62681,33.7781,0.84672,12.849,0.84672,3695.15,0,0,0,0.332519,2.19278,2.54685,1.08062,3.99153,0.42336,0,0.42336,460.49,0,1.02816,0,0,1.36068,0.332519,1.028160,1,0,37.7696,0,0,0,37.7696,0
68.7502,2.87255,0,0,1.5987,0.114072,0.36288,3.6288,61.0959,0.66528,0,0,1.10436,0.258945,0,0.66528,12.849,1,0.523531,0.36288,0,36.8438,4.96429,31.7189,0.84672,12.849,0.84672,3695.15,0,0,0,0.63599,2.19308,3.47634,1.21163,5.09378,0.42336,0,0.42336,460.49,0,1.02816,0,0,1.66415,0.63599,1.028160,1,0,36.8126,0,0,0,36.8126,0
66.9036,2.86171,0,0,1.49053,0.112536,0.36288,3.6288,61.2326,0.66528,0,0,1.06115,0.259241,0,0.66528,12.849,1,0.534837,0.36288,0,36.3567,4.96429,31.2204,0.84672,12.849,0.84672,3695.15,0,0,0,0.568935,2.23136,3.55221,1.21163,5.14087,0.42336,0,0.42336,460.49,0,1.02816,0,0,1.5971,0.568935,1.028160,1,0,36.3613,0,0,0,36.3613,0
64.9303,2.84972,0,0,1.35022,0.110916,0.36288,3.6288,61.308,0.66528,0,0,1.01399,0.259465,0.0138036,0.66528,12.849,1,0.547296,0.36288,0,35.7293,4.96429,30.5806,0.84672,12.849,0.84672,3695.15,0,0,0,0.489577,2.23167,3.35577,1.21163,4.86538,0.42336,0,0.42336,460.49,0,1.02816,0,0,1.51774,0.489577,1.028160,1,0,35.4598,0,0,0,35.4598,0
62.8558,2.83622,0,0,1.22938,0.104689,0.36288,3.6288,61.308,0.66528,0,0,0.958954,0.270558,0.0231159,0.66528,12.849,1,0.561258,0.36288,0,31.4525,5.10545,26.1486,0.84672,12.849,0.84672,3695.15,0,0,0,0.344598,2.23197,3.25703,1.26315,4.57045,0.42336,0,0.42336,460.49,0,1.02816,0,0,1.37276,0.344598,1.028160,1,0,30.7422,0,0,0,30.7422,0
60.5979,2.88707,0,0,1.07833,0.086324,0.36288,3.6288,61.1458,0.6952,0,0,0.856371,0.323383,0,0.66528,12.849,1,0.590176,0.36288,0,27.8561,5.78242,21.8464,0.84672,12.849,0.84672,3695.15,0,0,0,0.261274,2.23228,2.65724,1.50496,3.64583,0.42336,0,0.42336,460.49,0,0.99824,0,0,1.25951,0.261274,1.028160,1,0,25.4922,0,0,0,25.4922,0
58.2171,2.86932,0,0,0.943436,0.0920177,0.36288,3.6288,60.5865,0.989652,0,0,0.743697,0.31332,0,0.66528,12.849,1,0.608403,0.36288,0,26.336,5.65498,20.4355,0.84672,12.849,0.84672,3695.15,0,0,0,0.261274,2.28644,1.99848,1.45447,3.09172,0.42336,0,0.42336,460.49,0,0.703788,0,0,0.965062,0.261274,1.028160,1,0,23.5272,0,0,0,23.5272,0
55.8457,2.84933,0,0,0.930753,0.0899652,0.36288,3.6288,60.1543,0.924601,0,0,0.804617,0.312211,0,0.66528,12.849,1,0.628871,0.36288,0,24.4372,5.65498,18.5162,0.84672,12.849,0.84672,3695.15,0,0,0,0.261274,2.28675,2.26005,1.45447,3.35361,0.42336,0,0.42336,460.49,0,0.768839,0,0,1.03011,0.261274,1.028160,1,0,21.8698,0,0,0,21.8698,0
53.5867,2.82801,0,0,1.00431,0.072458,0.36288,3.6288,59.929,0.783207,0,0,0.850046,0.292133,0,0.66528,12.849,1,0.65067,0.36288,0,25.1878,5.89656,19.0035,0.84672,12.849,0.84672,3695.15,0,0,0,0.227405,2.28707,2.78794,1.52426,3.77815,0.42336,0,0.42336,460.49,0,0.910233,0,0,1.13764,0.227405,1.028160,1,0,22.7816,0,0,0,22.7816,0
51.31,2.99369,0,0,1.14933,0.0694145,0.36288,3.6288,60.001,0.66528,0,0,1.02209,0.284873,0,0.66528,12.849,1,0.717827,0.36288,0,26.9244,5.95554,20.6139,0.84672,12.849,0.84672,3695.15,0,0,0,0.449513,2.28738,2.63829,1.53283,3.84236,0.42336,0,0.42336,460.49,0,1.02816,0,0,1.47767,0.449513,1.028160,1,0,24.4563,0,0,0,24.4563,0
48.7175,2.96863,0,0,0.799727,0.0606702,0.36288,3.6288,59.683,0.73491,0,0,0.728542,0.311597,0,0.66528,12.849,1,0.7434,0.36288,0,28.1718,6.35775,21.4336,0.84672,12.849,0.84672,3695.15,0,0,0,0.227405,2.47207,1.95865,1.54226,3.11586,0.42336,0,0.42336,460.49,0,0.95853,0,0,1.18594,0.227405,1.028160,1,0,24.5494,0,0,0,24.5494,0
46.1747,2.93773,0,0,0.816774,0.0590248,0.36288,3.6288,59.5401,0.667682,0,0,0.835717,0.310965,0,0.66528,12.849,1,0.77481,0.36288,0,24.4039,6.35775,17.6342,0.84672,12.849,0.84672,3695.15,0,0,0,0.227405,2.4724,2.03402,1.54226,3.19157,0.42336,0,0.42336,460.49,0,1.02576,0,0,1.25316,0.227405,1.028160,1,0,20.8257,0,0,0,20.8257,0
43.6728,2.90474,0,0,0.824109,0.0583972,0.36288,3.6288,59.413,0.66528,0,0,0.842037,0.303864,0,0.66528,12.849,1,0.808301,0.36288,0,24.7615,6.1729,18.1432,0.84672,12.849,0.84672,3695.15,0,0,0,0.53117,2.47274,2.60165,1.47031,4.13526,0.42336,0,0.42336,460.49,0,1.02816,0,0,1.55933,0.53117,1.028160,1,0,22.2785,0,0,0,22.2785,0
41.1631,2.86936,0,0,0.785151,0.0625883,0.36288,3.6288,59.2228,0.66528,0,0,0.73783,0.262744,0,0.66528,12.849,1,0.844196,0.36288,0,16.072,5.06384,10.5268,0.84672,12.849,0.84672,3695.15,0,0,0,0.22502,2.47308,2.82276,1.03858,4.48228,0.42336,0,0.42336,460.49,0,1.02816,0,0,1.25318,0.22502,1.028160,1,0,15.0091,0,0,0,15.0091,0
38.7517,2.74416,0,0,0.71769,0.0220145,0.36288,3.6288,59.3883,0.66528,0,0,1.11681,0.285954,0,0.66528,12.849,1,0.856585,0.36288,0,16.302,5.64951,10.1588,0.84672,12.849,0.84672,3695.15,0,0,0,1.76955,2.47342,2.44036,1.16277,5.52056,0.42336,0,0.42336,460.49,0,1.02816,0,0,2.79771,1.76955,1.028160,1,0,15.6794,0,0,0,15.6794,0
36.2865,2.7045,0,0,0.60888,0.00672685,0.36288,3.6288,59.0427,0.66528,0,0,0.617789,0.298137,0,0.66528,12.849,1,0.896737,0.36288,0,16.6975,5.81154,10.3521,0.84672,12.849,0.84672,3695.15,0,0,0,0.558541,2.36699,1.7638,1.20559,3.48373,0.42336,0,0.42336,460.49,0,1.02816,0,0,1.5867,0.558541,1.028160,1,0,13.8358,0,0,0,13.8358,0
33.8787,2.65987,0,0,0.635254,0.0202946,0.36288,3.6288,58.6896,0.66528,0,0,0.594746,0.282533,0,0.66528,12.849,1,0.941857,0.36288,0,16.0496,5.60391,9.86669,0.84672,12.849,0.84672,3695.15,0,0,0,0.509959,2.36732,1.77496,1.1407,3.51154,0.42336,0,0.42336,460.49,0,1.02816,0,0,1.53812,0.509959,1.028160,1,0,13.3782,0,0,0,13.3782,0
32.6471,2.6117,0,0,1.84285,0.0998975,0.36288,3.6288,59.2334,0.66528,0,0,1.40148,0.192431,0,0.66528,12.849,1,0.990525,0.36288,0,48.3728,4.35813,43.387,0.84672,12.849,0.84672,3695.15,0,0,0,1.34216,2.36764,4.66188,0.751309,7.62037,0.42336,0,0.42336,460.49,0,1.02816,0,0,2.37032,1.34216,1.028160,1,0,51.0074,0,0,0,51.0074,0
30.9428,2.51846,0,0,1.2692,0.0921816,0.36288,3.6288,59.221,0.66528,0,0,0.860736,0.207872,0,0.66528,12.849,1,0.991196,0.36288,0,38.5297,4.31622,33.5852,0.84672,12.849,0.84672,3695.15,0,0,0,0.991837,2.36796,2.77551,0.803523,5.33179,0.42336,0,0.42336,460.49,0,1.02816,0,0,2.02,0.991837,1.028160,1,0,38.917,0,0,0,38.917,0
28.8703,2.48022,0,0,0.911615,0.140995,0.36288,3.6288,58.519,0.886784,0,0,0.402917,0.218136,0,0.66528,12.849,1,1.02991,0.36288,0,26.3241,4.3512,21.3059,0.84672,12.849,0.84672,3695.15,0,0,0,0.216518,2.27295,2.14301,0.988885,3.64359,0.42336,0,0.42336,460.49,0,0.806656,0,0,1.02317,0.216518,1.028160,1,0,24.9495,0,0,0,24.9495,0
26.7156,2.42939,0,0,0.774662,0.13713,0.36288,3.6288,58.0887,0.66528,0,0,0.452186,0.217155,0,0.66528,12.849,1,1.08122,0.36288,0,21.5187,4.3512,16.4492,0.84672,12.849,0.84672,3695.15,0,0,0,0.226187,2.27326,2.38194,0.988885,3.8925,0.42336,0,0.42336,460.49,0,1.02816,0,0,1.25435,0.226187,1.028160,1,0,20.3417,0,0,0,20.3417,0
26.2348,2.37083,0,0,2.38604,0.13311,0.36288,3.6288,58.654,0.66528,0,0,1.44708,0.216554,0,0.66528,12.849,1,1.14027,0.36288,0,74.5541,4.3512,69.4255,0.84672,12.849,0.84672,3695.15,0,0,0,2.98343,2.27357,5.66397,0.988885,9.93208,0.42336,0,0.42336,460.49,0,1.02816,0,0,4.01159,2.98343,1.028160,1,0,79.3576,0,0,0,79.3576,0
25.8487,2.17961,0,0,2.30759,0.151152,0.36288,3.6288,59.2253,0.66528,0,0,1.43691,0.200305,0,0.66528,12.849,1,1.06751,0.36288,0,69.5585,4.0556,64.7983,0.84672,12.849,0.84672,3695.15,0,0,0,1.09255,2.27388,4.58597,0.915514,7.03688,0.42336,0,0.42336,460.49,0,1.02816,0,0,2.12071,1.09255,1.028160,1,0,71.8351,0,0,0,71.8351,0
25.7139,2.16926,0,0,2.56314,0.16585,0.36288,3.6288,59.5596,0.66528,0,0,1.20624,0.206625,0,0.66528,12.849,1,1.0783,0.36288,0,81.6031,3.80552,77.0821,0.84672,12.849,0.84672,3695.15,0,0,0,2.75086,2.0623,4.6199,0.906859,8.52621,0.42336,0,0.42336,460.49,0,1.02816,0,0,3.77902,2.75086,1.028160,1,0,85.6083,0,0,0,85.6083,0
24.593,2.16578,0,0,1.57334,0.165533,0.36288,3.6288,59.4548,0.66528,0,0,0.767529,0.207067,0,0.66528,12.849,1,1.08222,0.36288,0,46.2059,3.80552,41.6811,0.84672,12.849,0.84672,3695.15,0,0,0,1.16132,2.06258,3.9845,0.906859,6.30154,0.42336,0,0.42336,460.49,0,1.02816,0,0,2.18948,1.16132,1.028160,1,0,47.9826,0,0,0,47.9826,0
23.5243,2.13368,0,0,1.60078,0.172902,0.36288,3.6288,59.1625,0.66528,0,0,0.595658,0.22274,0,0.66528,12.849,1,1.11477,0.36288,0,41.6308,4.14837,36.7305,0.84672,12.849,0.84672,3695.15,0,0,0,0.797774,2.06287,5.04268,1.01381,6.88951,0.42336,0,0.42336,460.49,0,1.02816,0,0,1.82593,0.797774,1.028160,1,0,43.6201,0,0,0,43.6201,0
22.9321,2.10121,0,0,2.05523,0.18337,0.36288,3.6288,59.2622,0.66528,0,0,1.00835,0.243367,0,0.66528,12.849,1,1.14768,0.36288,0,67.2415,4.60551,61.8512,0.84672,12.849,0.84672,3695.15,0,0,0,1.81445,2.06315,5.12335,1.15642,7.84453,0.42336,0,0.42336,460.49,0,1.02816,0,0,2.84261,1.81445,1.028160,1,0,69.6957,0,0,0,69.6957,0
23.7208,2.14773,0,0,3.47704,0.17771,0.36288,3.6288,59.5159,0.66528,0,0,1.15431,0.235248,0,0.66528,12.849,1,1.20339,0.36288,0,41.7645,4.46449,36.4595,0.84672,12.849,0.84672,3695.15,0,0,0,1.52492,2.06343,4.95462,1.067,7.47597,0.42336,0,0.42336,460.49,0,1.02816,0,0,2.55308,1.52492,1.028160,1,0,43.9355,0,0,0,43.9355,0
25.3753,2.17396,0,0,4.35953,0.168256,0.36288,3.6288,59.8728,0.66528,0,0,1.26113,0.238967,0,0.66528,12.849,1,1.17758,0.36288,0,47.3528,4.76963,41.7685,0.84672,12.849,0.84672,3695.15,0,0,0,1.51336,2.12982,4.22729,1.33916,6.5313,0.42336,0,0.42336,460.49,0,1.02816,0,0,2.54152,1.51336,1.028160,1,0,48.2998,0,0,0,48.2998,0
25.2236,2.22521,0,0,2.60872,0.172327,0.36288,3.6288,60.1714,0.66528,0,0,1.20337,0.239512,0,0.66528,12.849,1,1.12676,0.36288,0,68.7917,4.76963,63.2582,0.84672,12.849,0.84672,3695.15,0,0,0,1.52315,2.13009,4.06872,1.33916,6.3828,0.42336,0,0.42336,460.49,0,1.02816,0,0,2.55131,1.52315,1.028160,1,0,69.641,0,0,0,69.641,0
24.7027,2.0741,0,0,2.0881,0.171954,0.36288,3.6288,60.3359,0.66528,0,0,1.06979,0.239968,0,0.66528,12.849,1,1.05656,0.36288,0,82.6762,4.76963,77.2129,0.84672,12.849,0.84672,3695.15,0,0,0,1.21914,2.13036,3.72192,1.33916,5.73226,0.42336,0,0.42336,460.49,0,1.02816,0,0,2.2473,1.21914,1.028160,1,0,82.9451,0,0,0,82.9451,0
24.1649,2.26061,0,0,2.25351,0.167877,0.36288,3.6288,60.4512,0.66528,0,0,1.01771,0.237195,0,0.66528,12.849,1,1.17584,0.36288,0,59.4115,4.56539,54.0331,0.84672,12.849,0.84672,3695.15,0,0,0,0.977365,1.9897,4.2417,1.25553,5.95325,0.42336,0,0.42336,460.49,0,1.02816,0,0,2.00553,0.977365,1.028160,1,0,59.9864,0,0,0,59.9864,0
24.2339,2.24381,0,0,2.83513,0.15936,0.36288,3.6288,60.6013,0.66528,0,0,1.04242,0.227035,0,0.66528,12.849,1,1.19308,0.36288,0,46.4084,4.07741,41.5008,0.84672,12.849,0.84672,3695.15,0,0,0,0.551111,2.21217,4.19926,1.05147,5.91108,0.42336,0,0.42336,460.49,0,1.02816,0,0,1.57927,0.551111,1.028160,1,0,47.4118,0,0,0,47.4118,0
24.2591,2.24632,0,0,2.79219,0.157826,0.36288,3.6288,60.6295,0.66528,0,0,0.904098,0.210643,0,0.66528,12.849,1,1.19101,0.36288,0,46.2656,4.21313,41.2244,0.84672,12.849,0.84672,3695.15,0,0,0,0.582293,2.21246,4.11363,1.08173,5.82666,0.42336,0,0.42336,460.49,0,1.02816,0,0,1.61045,0.582293,1.028160,1,0,47.051,0,0,0,47.051,0
25.0877,2.24741,0,0,3.59675,0.157884,0.36288,3.6288,60.863,0.66528,0,0,1.10953,0.210681,0,0.66528,12.849,1,1.19036,0.36288,0,62.4695,4.21313,57.4289,0.84672,12.849,0.84672,3695.15,0,0,0,1.09373,2.21274,5.61646,1.08173,7.8412,0.42336,0,0.42336,460.49,0,1.02816,0,0,2.12189,1.09373,1.028160,1,0,65.2701,0,0,0,65.2701,0
28.3198,1.98549,0,0,5.74709,0.166553,0.36288,3.6288,61.308,0.66528,0,0,1.38181,0.199293,0.0722755,0.66528,12.849,1,1.0169,0.36288,0,87.2343,3.83458,82.7457,0.84672,12.849,0.84672,3695.15,0,0,0,1.37427,2.21302,7.93824,1.00156,10.524,0.42336,0,0.42336,460.49,0,1.02816,0,0,2.40243,1.37427,1.028160,1,0,93.3419,0,0,0,93.3419,0
30.4047,2.06559,0,0,4.70532,0.191982,0.36288,3.6288,61.308,0.66528,0,0,1.56883,0.170524,0.733021,0.66528,12.849,1,0.93718,0.36288,0,133.768,2.88824,130.305,0.84672,12.849,0.84672,3695.15,0,0,0,2.2127,1.9101,8.39791,0.801139,11.7196,0.42336,0,0.42336,460.49,0,1.02816,0,0,3.24086,2.2127,1.028160,1,0,142.758,0,0,0,142.758,0
33.3999,2.11103,0,0,5.66654,0.197468,0.36288,3.6288,61.308,0.66528,0,0,1.50951,0.170524,0.673708,0.66528,12.849,1,0.892121,0.36288,0,139.263,2.88824,135.845,0.84672,12.849,0.84672,3695.15,0,0,0,1.70435,1.91035,10.3542,0.801139,13.1677,0.42336,0,0.42336,460.49,0,1.02816,0,0,2.73251,1.70435,1.028160,1,0,149.687,0,0,0,149.687,0
35.7587,2.16908,0,0,5.07157,0.180809,0.36288,3.6288,61.308,0.66528,0,0,1.47949,0.183058,0.631149,0.66528,12.849,1,0.834452,0.36288,0,144.759,3.43889,140.848,0.84672,12.849,0.84672,3695.15,0,0,0,2.29677,1.91059,8.52491,0.944497,11.7878,0.42336,0,0.42336,460.49,0,1.02816,0,0,3.32493,2.29677,1.028160,1,0,153.267,0,0,0,153.267,0
39.2628,2.20986,0,0,6.26879,0.191883,0.36288,3.6288,61.308,0.66528,0,0,1.80649,0.181169,0.960036,0.66528,12.849,1,0.794059,0.36288,0,110.826,4.11025,106.285,0.84672,12.849,0.84672,3695.15,0,0,0,1.82391,1.91083,9.25301,0.969443,12.0183,0.42336,0,0.42336,460.49,0,1.02816,0,0,2.85207,1.82391,1.028160,1,0,119.263,0,0,0,119.263,0
40.1024,2.51243,0,0,3.9497,0.234826,0.36288,3.6288,61.308,0.66528,0,0,1.24589,0.163094,0.417514,0.66528,12.849,1,0.822208,0.36288,0,79.5218,3.14314,75.9193,0.84672,12.849,0.84672,3695.15,0,0,0,1.48469,1.91108,5.89937,0.729833,8.5653,0.42336,0,0.42336,460.49,0,1.02816,0,0,2.51285,1.48469,1.028160,1,0,84.9021,0,0,0,84.9021,0
39.6213,2.52579,0,0,2.65072,0.243092,0.36288,3.6288,61.0869,0.860069,0,0,0.799969,0.16098,0,0.66528,12.849,1,0.809275,0.36288,0,67.2399,2.98326,63.8102,0.84672,12.849,0.84672,3695.15,0,0,0,0.558835,2.12679,4.356,0.69341,6.34822,0.42336,0,0.42336,460.49,0,0.833371,0,0,1.39221,0.558835,1.028160,1,0,70.1584,0,0,0,70.1584,0
39.5928,2.51869,0,0,3.09475,0.24172,0.36288,3.6288,61.308,0.66528,0,0,1.51889,0.160755,0.471781,0.66528,12.849,1,0.816798,0.36288,0,88.803,2.98326,85.3658,0.84672,12.849,0.84672,3695.15,0,0,0,2.10164,2.12706,7.33406,0.69341,10.8693,0.42336,0,0.42336,460.49,0,1.02816,0,0,3.1298,2.10164,1.028160,1,0,96.7069,0,0,0,96.7069,0
39.0704,2.51856,0,0,2.58219,0.223185,0.36288,3.6288,61.308,0.66528,0,0,1.17065,0.174325,0.331046,0.66528,12.849,1,0.817346,0.36288,0,66.6693,3.22914,62.9857,0.84672,12.849,0.84672,3695.15,0,0,0,1.05829,2.12733,5.3724,0.738947,7.81908,0.42336,0,0.42336,460.49,0,1.02816,0,0,2.08645,1.05829,1.028160,1,0,71.1359,0,0,0,71.1359,0
38.1508,2.47606,0,0,2.11575,0.196399,0.36288,3.6288,61.308,0.66528,0,0,0.885228,0.204218,0.01573,0.66528,12.849,1,0.814296,0.36288,0,50.3929,3.81036,46.1311,0.84672,12.849,0.84672,3695.15,0,0,0,0.653746,2.12761,3.91853,0.904413,5.79546,0.42336,0,0.42336,460.49,0,1.02816,0,0,1.68191,0.653746,1.028160,1,0,51.9423,0,0,0,51.9423,0
36.9737,2.46169,0,0,1.85692,0.209461,0.36288,3.6288,61.255,0.66528,0,0,0.813862,0.201615,0,0.66528,12.849,1,0.829085,0.36288,0,47.1988,3.78525,42.9473,0.84672,12.849,0.84672,3695.15,0,0,0,0.678033,2.09669,4.06217,0.943131,5.89376,0.42336,0,0.42336,460.49,0,1.02816,0,0,1.70619,0.678033,1.028160,1,0,48.8411,0,0,0,48.8411,0
35.8635,2.28086,0,0,1.74018,0.20658,0.36288,3.6288,61.1933,0.66528,0,0,0.805188,0.201548,0,0.66528,12.849,1,0.792639,0.36288,0,44.7189,3.78525,40.5039,0.84672,12.849,0.84672,3695.15,0,0,0,0.638297,2.09696,3.86561,0.943131,5.65774,0.42336,0,0.42336,460.49,0,1.02816,0,0,1.66646,0.638297,1.028160,1,0,46.1616,0,0,0,46.1616,0
35.7835,2.26308,0,0,2.74454,0.198554,0.36288,3.6288,61.308,0.66528,0,0,1.02902,0.203253,0.0458086,0.66528,12.849,1,0.810806,0.36288,0,58.6782,3.83943,54.3909,0.84672,12.849,0.84672,3695.15,0,0,0,1.03176,1.95851,3.82888,0.933101,5.88605,0.42336,0,0.42336,460.49,0,1.02816,0,0,2.05992,1.03176,1.028160,1,0,60.3227,0,0,0,60.3227,0
34.6444,2.36934,0,0,1.75599,0.162958,0.36288,3.6288,61.2664,0.66528,0,0,0.842452,0.218813,0,0.66528,12.849,1,0.850773,0.36288,0,43.645,4.19197,38.9652,0.84672,12.849,0.84672,3695.15,0,0,0,0.585982,1.95876,3.35832,0.899849,5.00322,0.42336,0,0.42336,460.49,0,1.02816,0,0,1.61414,0.585982,1.028160,1,0,43.9684,0,0,0,43.9684,0
33.4384,2.51563,0,0,1.81212,0.139528,0.36288,3.6288,61.1702,0.66528,0,0,0.816064,0.246958,0,0.66528,12.849,1,0.933003,0.36288,0,35.9002,4.35676,30.9733,0.84672,12.849,0.84672,3695.15,0,0,0,1.15235,2.0611,3.15678,1.0614,5.30883,0.42336,0,0.42336,460.49,0,1.02816,0,0,2.18051,1.15235,1.028160,1,0,36.2822,0,0,0,36.2822,0
32.112,2.49164,0,0,1.66558,0.137478,0.36288,3.6288,61.0977,0.66528,0,0,0.839601,0.246808,0,0.66528,12.849,1,0.957432,0.36288,0,34.0063,4.35676,29.055,0.84672,12.849,0.84672,3695.15,0,0,0,0.57354,2.20737,3.03367,1.0614,4.75318,0.42336,0,0.42336,460.49,0,1.02816,0,0,1.6017,0.57354,1.028160,1,0,33.8082,0,0,0,33.8082,0
30.6643,2.46371,0,0,1.51407,0.135223,0.36288,3.6288,60.8762,0.699157,0,0,0.724329,0.246695,0,0.66528,12.849,1,0.985803,0.36288,0,31.7616,4.35676,26.7819,0.84672,12.849,0.84672,3695.15,0,0,0,0.30119,2.20765,2.80517,1.0614,4.2526,0.42336,0,0.42336,460.49,0,0.994283,0,0,1.29547,0.30119,1.028160,1,0,31.0345,0,0,0,31.0345,0
29.2386,2.27041,0,0,1.34033,0.132736,0.36288,3.6288,60.6738,0.66528,0,0,0.70929,0.246349,0,0.66528,12.849,1,0.951349,0.36288,0,26.9319,4.35676,21.9867,0.84672,12.849,0.84672,3695.15,0,0,0,0.363269,2.20793,2.7771,1.0614,4.2869,0.42336,0,0.42336,460.49,0,1.02816,0,0,1.39143,0.363269,1.028160,1,0,26.2736,0,0,0,26.2736,0
28.2414,2.21842,0,0,1.68286,0.0987456,0.36288,3.6288,59.9992,1.02217,0,0,0.601452,0.253889,0,0.66528,12.849,1,0.97489,0.36288,0,25.7892,4.81658,20.3606,0.84672,12.849,0.84672,3695.15,0,0,0,0.30119,2.06215,2.45826,1.10866,3.71295,0.42336,0,0.42336,460.49,0,0.671268,0,0,0.972458,0.30119,1.028160,1,0,24.0736,0,0,0,24.0736,0
27.0321,2.35051,0,0,1.59632,0.0922374,0.36288,3.6288,59.1711,1.1393,0,0,0.565231,0.254105,0,0.66528,12.849,1,1.06941,0.36288,0,25.6478,4.89321,20.048,0.84672,12.849,0.84672,3695.15,0,0,0,0.30119,2.09813,2.31374,1.11653,3.59653,0.42336,0,0.42336,460.49,0,0.554144,0,0,0.855334,0.30119,1.028160,1,0,23.6445,0,0,0,23.6445,0
25.7045,2.31838,0,0,1.44431,0.0907071,0.36288,3.6288,58.2374,1.20549,0,0,0.524557,0.252764,0,0.66528,12.849,1,1.10198,0.36288,0,23.0319,4.89321,17.3996,0.84672,12.849,0.84672,3695.15,0,0,0,0.261274,2.24702,2.21911,1.11653,3.61087,0.42336,0,0.42336,460.49,0,0.487953,0,0,0.749226,0.261274,1.028160,1,0,21.0105,0,0,0,21.0105,0
24.5162,2.12986,0,0,1.37602,0.0715818,0.36288,3.6288,57.2161,1.20183,0,0,0.496326,0.315788,0,0.66528,12.849,1,1.06466,0.36288,0,20.8652,5.74011,14.4233,0.84672,12.849,0.84672,3695.15,0,0,0,0.261274,2.24731,2.10246,1.42567,3.18537,0.42336,0,0.42336,460.49,0,0.491607,0,0,0.752881,0.261274,1.028160,1,0,17.6086,0,0,0,17.6086,0
23.3168,2.14519,0,0,1.37278,0.0641041,0.36288,3.6288,56.1602,1.20778,0,0,0.469708,0.317847,0,0.66528,12.849,1,1.1243,0.36288,0,20.4393,5.85354,13.8243,0.84672,12.849,0.84672,3695.15,0,0,0,0.261274,2.09893,2.1155,1.47095,3.00476,0.42336,0,0.42336,460.49,0,0.485663,0,0,0.746937,0.261274,1.028160,1,0,16.8291,0,0,0,16.8291,0
22.1464,2.25749,0,0,1.50855,0.0585244,0.36288,3.6288,55.1454,1.17661,0,0,0.468832,0.306999,0,0.66528,12.849,1,1.24402,0.36288,0,20.7063,5.81658,14.0086,0.84672,12.849,0.84672,3695.15,0,0,0,0.261274,2.14983,2.18196,1.46262,3.13044,0.42336,0,0.42336,460.49,0,0.516828,0,0,0.778101,0.261274,1.028160,1,0,17.139,0,0,0,17.139,0
20.845,2.21617,0,0,1.33525,0.0576119,0.36288,3.6288,54.0641,1.21637,0,0,0.440045,0.304964,0,0.66528,12.849,1,1.28579,0.36288,0,19.5464,5.81658,12.807,0.84672,12.849,0.84672,3695.15,0,0,0,0.261274,2.30239,2.18319,1.46262,3.28423,0.42336,0,0.42336,460.49,0,0.477075,0,0,0.738348,0.261274,1.028160,1,0,16.0912,0,0,0,16.0912,0
19.4796,2.16678,0,0,1.22081,0.0566007,0.36288,3.6288,52.9458,1.24053,0,0,0.425074,0.302795,0,0.66528,12.849,1,1.33562,0.36288,0,18.3562,5.81658,11.5669,0.84672,12.849,0.84672,3695.15,0,0,0,0.227405,2.30269,2.08011,1.46262,3.14758,0.42336,0,0.42336,460.49,0,0.452909,0,0,0.680314,0.227405,1.028160,1,0,14.7145,0,0,0,14.7145,0
17.8663,2.2516,0,0,1.04763,0.0463551,0.36288,3.6288,51.8158,1.24719,0,0,0.423333,0.30622,0,0.66528,12.849,1,1.48519,0.36288,0,17.5095,6.07588,10.3113,0.84672,12.849,0.84672,3695.15,0,0,0,0.227405,2.30298,2.06691,1.4779,3.1194,0.42336,0,0.42336,460.49,0,0.446247,0,0,0.673652,0.227405,1.028160,1,0,13.4307,0,0,0,13.4307,0
16.5716,2.17387,0,0,1.2867,0.0447066,0.36288,3.6288,50.4987,1.39643,0,0,0.392366,0.312993,0,0.66528,12.849,1,1.56339,0.36288,0,15.1529,5.94319,8.00921,0.84672,12.849,0.84672,3695.15,0,0,0,0.227405,2.4889,2.23756,1.50145,3.45241,0.42336,0,0.42336,460.49,0,0.297009,0,0,0.524413,0.227405,1.028160,1,0,11.4616,0,0,0,11.4616,0
15.4999,2.10534,0,0,1.43774,0.0412458,0.36288,3.6288,49.4065,1.2623,0,0,0.482155,0.312066,0,0.66528,12.849,1,1.6324,0.36288,0,19.2818,6.01797,11.9943,0.84672,12.849,0.84672,3695.15,0,0,0,0.227405,2.48922,2.37503,1.51639,3.57526,0.42336,0,0.42336,460.49,0,0.431145,0,0,0.658549,0.227405,1.028160,1,0,15.5696,0,0,0,15.5696,0
14.1885,2.04389,0,0,1.13587,0.0404296,0.36288,3.6288,48.0231,1.42607,0,0,0.351954,0.309284,0,0.66528,12.849,1,1.69433,0.36288,0,19.8983,6.01797,12.5488,0.84672,12.849,0.84672,3695.15,0,0,0,0.204422,2.48953,1.8819,1.51639,3.05946,0.42336,0,0.42336,460.49,0,0.267373,0,0,0.471796,0.204422,1.028160,1,0,15.6083,0,0,0,15.6083,0
13.3609,1.83219,0,0,1.40681,0.0393241,0.36288,3.6288,47.2465,1.05637,0,0,0.585541,0.30576,0,0.66528,12.849,1,1.65921,0.36288,0,17.6342,6.01797,10.3199,0.84672,12.849,0.84672,3695.15,0,0,0,0.204422,2.48985,2.82794,1.51639,4.00582,0.42336,0,0.42336,460.49,0,0.63707,0,0,0.841493,0.204422,1.028160,1,0,14.3258,0,0,0,14.3258,0
12.6114,1.84794,0,0,1.49448,0.0331807,0.36288,3.6288,46.394,1.09121,0,0,0.554989,0.316261,0,0.66528,12.849,1,1.77714,0.36288,0,23.4046,6.25752,15.7328,0.84672,12.849,0.84672,3695.15,0,0,0,0.204422,2.32546,3.76231,1.5247,4.76749,0.42336,0,0.42336,460.49,0,0.60223,0,0,0.806652,0.204422,1.028160,1,0,20.5003,0,0,0,20.5003,0
12.1803,1.79586,0,0,1.77785,0.050222,0.36288,3.6288,45.7526,0.98788,0,0,0.640621,0.294132,0,0.66528,12.849,1,1.82969,0.36288,0,20.7505,6.13248,13.1512,0.84672,12.849,0.84672,3695.15,0,0,0,0.204422,2.38299,4.10003,1.45216,5.23527,0.42336,0,0.42336,460.49,0,0.70556,0,0,0.909982,0.204422,1.028160,1,0,18.3865,0,0,0,18.3865,0
12.4915,1.76457,0,0,2.503,0.0643951,0.36288,3.6288,45.2934,0.88058,0,0,0.695276,0.273947,0,0.66528,12.849,1,1.86144,0.36288,0,23.1607,5.96684,15.6953,0.84672,12.849,0.84672,3695.15,0,0,0,0.216518,2.38329,3.65346,1.39527,4.858,0.42336,0,0.42336,460.49,0,0.81286,0,0,1.02938,0.216518,1.028160,1,0,20.5533,0,0,0,20.5533,0
13.7126,1.78765,0,0,3.43649,0.064844,0.36288,3.6288,45.4799,0.66528,0,0,1.12457,0.272778,0,0.66528,12.849,1,1.83882,0.36288,0,44.4962,5.96684,37.0534,0.84672,12.849,0.84672,3695.15,0,0,0,0.670879,2.3836,6.48303,1.39527,8.14224,0.42336,0,0.42336,460.49,0,1.02816,0,0,1.69904,0.670879,1.028160,1,0,45.1956,0,0,0,45.1956,0
15.4415,1.82405,0,0,3.99231,0.0764988,0.36288,3.6288,45.6601,0.66528,0,0,1.08781,0.242295,0,0.66528,12.849,1,1.70918,0.36288,0,66.3742,5.34223,59.6857,0.84672,12.849,0.84672,3695.15,0,0,0,0.75962,2.3839,6.34097,1.29701,8.18747,0.42336,0,0.42336,460.49,0,1.02816,0,0,1.78778,0.75962,1.028160,1,0,67.8731,0,0,0,67.8731,0
21.7109,1.92875,0,0,8.66605,0.105022,0.36288,3.6288,47.1227,0.66528,0,0,2.29303,0.165176,0,0.66528,12.849,1,1.60493,0.36288,0,110.171,3.78074,105.148,0.84672,12.849,0.84672,3695.15,0,0,0,2.73523,2.28822,11.6535,1.05138,15.6255,0.42336,0,0.42336,460.49,0,1.02816,0,0,3.76339,2.73523,1.028160,1,0,120.774,0,0,0,120.774,0
27.728,2.22018,0,0,8.71551,0.115313,0.36288,3.6288,48.5021,0.66528,0,0,2.21207,0.167373,0,0.66528,12.849,1,1.31395,0.36288,0,135.256,3.78074,130.524,0.84672,12.849,0.84672,3695.15,0,0,0,2.77923,2.28851,10.3109,1.05138,14.3273,0.42336,0,0.42336,460.49,0,1.02816,0,0,3.80739,2.77923,1.028160,1,0,144.851,0,0,0,144.851,0
32.2561,2.41533,0,0,7.43671,0.130403,0.36288,3.6288,49.5246,0.66528,0,0,1.8525,0.16478,0,0.66528,12.849,1,1.11925,0.36288,0,118.097,3.87202,113.468,0.84672,12.849,0.84672,3695.15,0,0,0,2.31896,2.2888,11.751,1.05006,15.3087,0.42336,0,0.42336,460.49,0,1.02816,0,0,3.34712,2.31896,1.028160,1,0,128.777,0,0,0,128.777,0
36.2618,2.33763,0,0,6.85779,0.151559,0.36288,3.6288,50.3003,0.66528,0,0,1.59576,0.154755,0,0.66528,12.849,1,0.931177,0.36288,0,113.19,4.10025,108.522,0.84672,12.849,0.84672,3695.15,0,0,0,2.02613,2.28909,9.05947,1.04678,12.3279,0.42336,0,0.42336,460.49,0,1.02816,0,0,3.05429,2.02613,1.028160,1,0,120.849,0,0,0,120.849,0
50.6485,2.41388,0,0,17.3371,0.173644,0.36288,3.6288,54.5955,0.66528,0,0,5.13645,0.175988,0,0.66528,12.849,1,0.855334,0.36288,0,212.983,4.02013,208.47,0.84672,12.849,0.84672,3695.15,0,0,0,3.96989,2.07607,21.0294,1.01652,26.0589,0.42336,0,0.42336,460.49,0,1.02816,0,0,4.99805,3.96989,1.028160,1,0,234.529,0,0,0,234.529,0
60.0506,2.60801,0,0,12.5774,0.204489,0.36288,3.6288,56.99,0.66528,0,0,3.24181,0.181987,0,0.66528,12.849,1,0.661624,0.36288,0,176.062,4.02013,171.744,0.84672,12.849,0.84672,3695.15,0,0,0,2.30856,2.07634,13.1631,1.01652,16.5315,0.42336,0,0.42336,460.49,0,1.02816,0,0,3.33672,2.30856,1.028160,1,0,188.275,0,0,0,188.275,0
71.4825,2.69368,0,0,14.7131,0.224682,0.36288,3.6288,59.7498,0.66528,0,0,3.60989,0.184864,0,0.66528,12.849,1,0.576366,0.36288,0,227.133,4.02013,222.899,0.84672,12.849,0.84672,3695.15,0,0,0,2.76878,2.0766,13.5286,1.01652,17.3575,0.42336,0,0.42336,460.49,0,1.02816,0,0,3.79694,2.76878,1.028160,1,0,240.256,0,0,0,240.256,0
81.2004,2.77217,0,0,13.0992,0.246242,0.36288,3.6288,61.308,0.66528,0,0,3.24524,0.18818,0.833543,0.66528,12.849,1,0.498298,0.36288,0,194.444,4.02013,190.289,0.84672,12.849,0.84672,3695.15,0,0,0,2.11143,2.07687,10.1729,1.01652,13.3447,0.42336,0,0.42336,460.49,0,1.02816,0,0,3.13959,2.11143,1.028160,1,0,204.467,0,0,0,204.467,0
84.8459,2.82365,0,0,7.18778,0.355725,0.36288,3.6288,61.308,0.66528,0,0,1.79238,0.204554,0.922543,0.66528,12.849,1,0.44681,0.36288,0,133.236,4.21411,128.938,0.84672,12.849,0.84672,3695.15,0,0,0,1.81344,2.07713,8.48163,0.992441,11.3798,0.42336,0,0.42336,460.49,0,1.02816,0,0,2.8416,1.81344,1.028160,1,0,141.24,0,0,0,141.24,0
88.4902,2.92966,0,0,7.35737,0.420543,0.36288,3.6288,61.308,0.66528,0,0,1.50142,0.204625,0.63151,0.66528,12.849,1,0.443666,0.36288,0,134.546,3.88122,130.584,0.84672,12.849,0.84672,3695.15,0,0,0,2.50604,2.07713,12.1858,1.01543,15.7535,0.42336,0,0.42336,460.49,0,1.02816,0,0,3.5342,2.50604,1.028160,1,0,146.969,0,0,0,146.969,0
92.0555,2.94597,0,0,7.30893,0.434745,0.36288,3.6288,61.308,0.66528,0,0,1.73675,0.204625,0.866847,0.66528,12.849,1,0.427762,0.36288,0,153.176,3.88122,149.23,0.84672,12.849,0.84672,3695.15,0,0,0,2.80345,2.14394,15.0235,1.01543,18.9554,0.42336,0,0.42336,460.49,0,1.02816,0,0,3.83161,2.80345,1.028160,1,0,169.052,0,0,0,169.052,0
95.0212,2.96085,0,0,6.73807,0.448639,0.36288,3.6288,61.308,0.66528,0,0,1.67076,0.204625,0.800855,0.66528,12.849,1,0.413272,0.36288,0,179.704,3.88122,175.773,0.84672,12.849,0.84672,3695.15,0,0,0,2.93382,2.14419,14.419,1.01543,18.4815,0.42336,0,0.42336,460.49,0,1.02816,0,0,3.96198,2.93382,1.028160,1,0,195.055,0,0,0,195.055,0
97.506,2.97256,0,0,8.2394,0.463634,2.31842,3.6288,61.308,0.66528,0,0,1.18747,0.200881,0.321312,0.66528,12.849,1,0.401957,2.31842,0,194.676,3.813,192.779,0.84672,12.849,0.84672,3695.15,0,0,0,2.04957,2.14444,13.0564,1.01478,16.2357,0.42336,0,0.42336,460.49,0,1.02816,0,0,3.07773,2.04957,1.028160,1,0,209.336,0,0,0,209.336,0
97.506,3.27282,0,0,17.3896,0.494447,13.6224,3.6288,61.308,0.66528,0,0,2.77389,0.178413,1.9302,0.66528,12.849,1,0.43128,13.6224,0,243.3,3.40368,253.087,0.84672,12.849,0.84672,3695.15,0,0,0,4.93915,2.14469,27.7399,1.01087,33.8129,0.42336,0,0.42336,460.49,0,1.02816,0,0,5.96731,4.93915,1.028160,1,0,288.83,0,0,0,288.83,0
97.506,3.2732,0,0,7.36076,0.494447,3.59311,3.6288,61.308,0.66528,0,0,1.43789,0.178413,0.594193,0.66528,12.849,1,0.431331,3.59311,0,386.361,3.40368,386.119,0.84672,12.849,0.84672,3695.15,0,0,0,2.32344,2.38447,14.0936,1.01087,17.7906,0.42336,0,0.42336,460.49,0,1.02816,0,0,3.3516,2.32344,1.028160,1,0,404.504,0,0,0,404.504,0
97.506,3.27359,0,0,5.48269,0.501906,1.7072,3.6288,61.308,0.66528,0,0,1.13916,0.21056,0.263318,0.66528,12.849,1,0.431382,1.7072,0,180.728,3.78879,178.215,0.84672,12.849,0.84672,3695.15,0,0,0,1.82423,2.38475,10.5403,1.07743,13.6718,0.42336,0,0.42336,460.49,0,1.02816,0,0,2.85239,1.82423,1.028160,1,0,192.15,0,0,0,192.15,0
97.506,3.27397,0,0,5.53695,0.525905,1.73708,3.6288,61.308,0.66528,0,0,1.83014,0.254972,0.909889,0.66528,12.849,1,0.431433,1.73708,0,177.333,4.27935,174.359,0.84672,12.849,0.84672,3695.15,0,0,0,2.64395,2.38503,13.8568,1.12634,17.7595,0.42336,0,0.42336,460.49,0,1.02816,0,0,3.67211,2.64395,1.028160,1,0,193.028,0,0,0,193.028,0
97.506,2.85931,0,0,6.44276,0.514414,3.06904,3.6288,60.9629,0.66528,0,0,0.522885,0.202724,0,0.66528,12.849,1,0.37679,3.06904,0,143.187,3.90554,141.974,0.84672,12.849,0.84672,3695.15,0,0,0,0.837216,2.38531,7.94794,1.07368,10.0968,0.42336,0,0.42336,460.49,0,1.02816,0,0,1.86538,0.837216,1.028160,1,0,152.071,0,0,0,152.071,0
97.506,2.85965,0,0,6.33681,0.544985,2.93218,3.6288,61.308,0.66528,0,0,1.31668,0.233575,0.0727015,0.66528,12.849,1,0.376834,2.93218,0,167.588,4.13809,166.006,0.84672,12.849,0.84672,3695.15,0,0,0,2.01391,2.05879,11.9745,1.04895,14.9983,0.42336,0,0.42336,460.49,0,1.02816,0,0,3.04207,2.01391,1.028160,1,0,181.077,0,0,0,181.077,0
97.506,2.85998,0,0,5.59139,0.556725,2.17469,3.6288,61.308,0.66528,0,0,1.07812,0.209387,0.203451,0.66528,12.849,1,0.376879,2.17469,0,182.396,3.73485,180.459,0.84672,12.849,0.84672,3695.15,0,0,0,1.35217,2.05903,8.96823,0.930551,11.4489,0.42336,0,0.42336,460.49,0,1.02816,0,0,2.38033,1.35217,1.028160,1,0,192.112,0,0,0,192.112,0
97.506,2.86032,0,0,7.96357,0.556725,4.54652,3.6288,61.308,0.66528,0,0,1.48593,0.209387,0.611266,0.66528,12.849,1,0.376923,4.54652,0,154.755,3.73485,155.19,0.84672,12.849,0.84672,3695.15,0,0,0,3.10148,2.05927,12.1211,0.930551,16.3513,0.42336,0,0.42336,460.49,0,1.02816,0,0,4.12964,3.10148,1.028160,1,0,172.153,0,0,0,172.153,0
97.506,2.86065,0,0,7.02134,0.573949,3.58674,3.6288,61.308,0.66528,0,0,1.58206,0.180403,0.736378,0.66528,12.849,1,0.376967,3.58674,0,162.045,3.50205,161.753,0.84672,12.849,0.84672,3695.15,0,0,0,2.90902,2.05952,9.84338,0.858822,13.9531,0.42336,0,0.42336,460.49,0,1.02816,0,0,3.93718,2.90902,1.028160,1,0,176.442,0,0,0,176.442,0
97.506,2.96553,0,0,5.71238,0.580838,2.16602,3.6288,61.308,0.66528,0,0,1.82733,0.16881,0.993235,0.66528,12.849,1,0.390787,2.16602,0,95.561,3.40893,93.9273,0.84672,12.849,0.84672,3695.15,0,0,0,2.75825,2.05976,8.5714,0.83013,12.5593,0.42336,0,0.42336,460.49,0,1.02816,0,0,3.78641,2.75825,1.028160,1,0,107.48,0,0,0,107.48,0
97.506,2.96587,0,0,5.01886,0.580838,1.47215,3.6288,61.308,0.66528,0,0,1.28136,0.16881,0.447274,0.66528,12.849,1,0.390833,1.47215,0,106.55,3.40893,104.223,0.84672,12.849,0.84672,3695.15,0,0,0,2.0624,2.14062,7.58082,0.83013,10.9537,0.42336,0,0.42336,460.49,0,1.02816,0,0,3.09056,2.0624,1.028160,1,0,115.624,0,0,0,115.624,0
97.506,2.96622,0,0,4.25794,0.519437,0.77228,3.6288,61.308,0.66528,0,0,1.00587,0.187841,0.152748,0.66528,12.849,1,0.390878,0.77228,0,99.1328,3.64161,95.8726,0.84672,12.849,0.84672,3695.15,0,0,0,1.58664,2.14087,7.38495,0.875931,10.2365,0.42336,0,0.42336,460.49,0,1.02816,0,0,2.6148,1.58664,1.028160,1,0,106.262,0,0,0,106.262,0
97.506,2.96657,0,0,4.09953,0.448909,0.684053,3.6288,61.308,0.66528,0,0,1.17066,0.208081,0.297299,0.66528,12.849,1,0.390924,0.684053,0,83.3103,4.16219,79.4413,0.84672,12.849,0.84672,3695.15,0,0,0,1.73746,2.14112,6.62559,0.977322,9.52685,0.42336,0,0.42336,460.49,0,1.02816,0,0,2.76562,1.73746,1.028160,1,0,89.2654,0,0,0,89.2654,0
97.506,2.92603,0,0,3.7342,0.378503,0.429669,3.6288,61.2552,0.66528,0,0,0.835825,0.223318,0,0.66528,12.849,1,0.385582,0.429669,0,89.4059,4.68846,84.7615,0.84672,12.849,0.84672,3695.15,0,0,0,1.07387,2.14137,4.7731,1.07124,6.9171,0.42336,0,0.42336,460.49,0,1.02816,0,0,2.10203,1.07387,1.028160,1,0,91.6786,0,0,0,91.6786,0
97.3653,2.92637,0,0,3.5271,0.378503,0.36288,3.6288,61.2045,0.66528,0,0,0.837795,0.223243,0,0.66528,12.849,1,0.385627,0.36288,0,83.1177,4.68846,78.4065,0.84672,12.849,0.84672,3695.15,0,0,0,0.98356,2.11024,4.51147,1.07124,6.53403,0.42336,0,0.42336,460.49,0,1.02816,0,0,2.01172,0.98356,1.028160,1,0,84.9405,0,0,0,84.9405,0
97.041,2.92622,0,0,3.3428,0.378061,0.36288,3.6288,61.308,0.66528,0,0,1.02152,0.223172,0.0295627,0.66528,12.849,1,0.386165,0.36288,0,78.16,4.68846,73.4483,0.84672,12.849,0.84672,3695.15,0,0,0,1.38834,2.11049,5.29784,1.07124,7.72543,0.42336,0,0.42336,460.49,0,1.02816,0,0,2.4165,1.38834,1.028160,1,0,81.2033,0,0,0,81.2033,0
96.4517,2.92543,0,0,3.09541,0.396415,0.36288,3.6288,61.308,0.66528,0,0,0.861883,0.170746,0.0258574,0.66528,12.849,1,0.38735,0.36288,0,69.679,4.21068,65.4439,0.84672,12.849,0.84672,3695.15,0,0,0,1.03269,2.11074,4.65419,0.881152,6.91646,0.42336,0,0.42336,460.49,0,1.02816,0,0,2.06085,1.03269,1.028160,1,0,72.3862,0,0,0,72.3862,0
95.8759,3.06237,0,0,3.12415,0.274685,0.36288,3.6288,61.2723,0.66528,0,0,0.848422,0.218867,0,0.66528,12.849,1,0.40796,0.36288,0,69.2738,4.40349,64.8252,0.84672,12.849,0.84672,3695.15,0,0,0,0.837259,2.11098,3.88283,0.962585,5.86849,0.42336,0,0.42336,460.49,0,1.02816,0,0,1.86542,0.837259,1.028160,1,0,70.6937,0,0,0,70.6937,0
95.019,3.06057,0,0,2.83996,0.273362,0.36288,3.6288,61.1201,0.66528,0,0,0.731948,0.218818,0,0.66528,12.849,1,0.410169,0.36288,0,64.7006,4.40349,60.2499,0.84672,12.849,0.84672,3695.15,0,0,0,0.4806,2.22126,3.59036,0.962585,5.32964,0.42336,0,0.42336,460.49,0,1.02816,0,0,1.50876,0.4806,1.028160,1,0,65.5795,0,0,0,65.5795,0
93.8412,3.05767,0,0,2.51408,0.271393,0.36288,3.6288,60.953,0.66528,0,0,0.716729,0.218607,0,0.66528,12.849,1,0.413475,0.36288,0,54.8618,4.40349,50.4077,0.84672,12.849,0.84672,3695.15,0,0,0,0.592341,2.22152,3.55445,0.962585,5.40573,0.42336,0,0.42336,460.49,0,1.02816,0,0,1.6205,0.592341,1.028160,1,0,55.8134,0,0,0,55.8134,0
92.572,3.05347,0,0,2.33806,0.190872,0.36288,3.6288,60.7682,0.66528,0,0,0.731119,0.250655,0,0.66528,12.849,1,0.418089,0.36288,0,51.1479,4.92315,46.1695,0.84672,12.849,0.84672,3695.15,0,0,0,0.750868,2.22178,3.39103,1.09118,5.27249,0.42336,0,0.42336,460.49,0,1.02816,0,0,1.77903,0.750868,1.028160,1,0,51.442,0,0,0,51.442,0
91.9342,3.04879,0,0,2.95879,0.184966,0.36288,3.6288,60.5366,0.66528,0,0,0.668,0.234254,0,0.66528,12.849,1,0.423172,0.36288,0,51.4555,4.84851,46.5467,0.84672,12.849,0.84672,3695.15,0,0,0,0.828144,2.22204,3.73722,1.08463,5.70278,0.42336,0,0.42336,460.49,0,1.02816,0,0,1.8563,0.828144,1.028160,1,0,52.2495,0,0,0,52.2495,0
91.3527,3.01929,0,0,2.98818,0.187524,0.36288,3.6288,60.3256,0.66528,0,0,0.679562,0.225331,0,0.66528,12.849,1,0.421985,0.36288,0,50.8098,4.78401,45.9667,0.84672,12.849,0.84672,3695.15,0,0,0,1.00014,2.2223,3.88913,1.07344,6.03814,0.42336,0,0.42336,460.49,0,1.02816,0,0,2.0283,1.00014,1.028160,1,0,52.0048,0,0,0,52.0048,0
90.4981,3.01729,0,0,2.7122,0.186576,0.36288,3.6288,60.0728,0.66528,0,0,0.637546,0.225029,0,0.66528,12.849,1,0.424389,0.36288,0,45.2757,4.78401,40.4302,0.84672,12.849,0.84672,3695.15,0,0,0,0.771396,2.26105,3.76221,1.07344,5.72122,0.42336,0,0.42336,460.49,0,1.02816,0,0,1.79956,0.771396,1.028160,1,0,46.1514,0,0,0,46.1514,0
89.5631,3.01413,0,0,2.57316,0.131218,0.36288,3.6288,59.7047,0.66528,0,0,0.598024,0.300851,0,0.66528,12.849,1,0.427949,0.36288,0,40.7252,5.77206,34.8881,0.84672,12.849,0.84672,3695.15,0,0,0,0.778429,2.26131,3.5655,1.4341,5.17115,0.42336,0,0.42336,460.49,0,1.02816,0,0,1.80659,0.778429,1.028160,1,0,40.0593,0,0,0,40.0593,0
88.4217,3.01058,0,0,2.36229,0.13018,0.36288,3.6288,59.2951,0.66528,0,0,0.563076,0.307377,0,0.66528,12.849,1,0.431907,0.36288,0,39.0231,5.92167,33.0324,0.84672,12.849,0.84672,3695.15,0,0,0,0.702847,2.26158,3.47644,1.44914,4.99173,0.42336,0,0.42336,460.49,0,1.02816,0,0,1.73101,0.702847,1.028160,1,0,38.0241,0,0,0,38.0241,0
87.6658,3.07622,0,0,2.81218,0.128963,0.36288,3.6288,59.0158,0.66528,0,0,0.710612,0.324604,0,0.66528,12.849,1,0.447021,0.36288,0,51.7611,6.2957,45.3813,0.84672,12.849,0.84672,3695.15,0,0,0,0.851636,2.26185,3.96325,1.48675,5.58998,0.42336,0,0.42336,460.49,0,1.02816,0,0,1.8798,0.851636,1.028160,1,0,50.9713,0,0,0,50.9713,0
86.7201,3.07322,0,0,2.61848,0.128089,0.36288,3.6288,58.643,0.66528,0,0,0.616505,0.324024,0,0.66528,12.849,1,0.450435,0.36288,0,43.8279,6.2957,37.4446,0.84672,12.849,0.84672,3695.15,0,0,0,1.00381,2.31668,3.99978,1.48675,5.83352,0.42336,0,0.42336,460.49,0,1.02816,0,0,2.03197,1.00381,1.028160,1,0,43.2781,0,0,0,43.2781,0
85.5819,3.0693,0,0,2.42095,0.126995,0.36288,3.6288,58.2262,0.66528,0,0,0.57172,0.323249,0,0.66528,12.849,1,0.454767,0.36288,0,42.0271,6.2957,35.6395,0.84672,12.849,0.84672,3695.15,0,0,0,0.756553,2.31695,3.47777,1.48675,5.06453,0.42336,0,0.42336,460.49,0,1.02816,0,0,1.78471,0.756553,1.028160,1,0,40.7041,0,0,0,40.7041,0
84.5113,3.0644,0,0,2.47474,0.118085,0.36288,3.6288,57.871,0.66528,0,0,0.634914,0.324922,0,0.66528,12.849,1,0.460079,0.36288,0,39.9718,6.37047,33.5042,0.84672,12.849,0.84672,3695.15,0,0,0,0.997376,2.31722,4.30177,1.50169,6.11468,0.42336,0,0.42336,460.49,0,1.02816,0,0,2.02554,0.997376,1.028160,1,0,39.6188,0,0,0,39.6188,0
83.2937,3.26404,0,0,2.52577,0.116435,0.36288,3.6288,57.4473,0.66528,0,0,0.571447,0.329828,0,0.66528,12.849,1,0.496262,0.36288,0,38.5138,6.67566,31.7048,0.84672,12.849,0.84672,3695.15,0,0,0,0.876372,2.31749,3.2654,1.60775,4.85152,0.42336,0,0.42336,460.49,0,1.02816,0,0,1.90453,0.876372,1.028160,1,0,36.5563,0,0,0,36.5563,0
81.5624,3.25814,0,0,2.01219,0.12247,0.36288,3.6288,56.9227,0.66528,0,0,0.468053,0.327337,0,0.66528,12.849,1,0.502605,0.36288,0,46.3896,6.65175,39.5982,0.84672,12.849,0.84672,3695.15,0,0,0,0.579684,2.50456,2.58225,1.61048,4.05601,0.42336,0,0.42336,460.49,0,1.02816,0,0,1.60784,0.579684,1.028160,1,0,43.6542,0,0,0,43.6542,0
80.0557,3.24931,0,0,2.226,0.120477,0.36288,3.6288,56.5742,0.66528,0,0,0.642954,0.326224,0,0.66528,12.849,1,0.511882,0.36288,0,39.7727,6.65175,32.9719,0.84672,12.849,0.84672,3695.15,0,0,0,1.07664,2.50486,3.08581,1.61048,5.05682,0.42336,0,0.42336,460.49,0,1.02816,0,0,2.1048,1.07664,1.028160,1,0,38.0288,0,0,0,38.0288,0
78.3964,3.24139,0,0,2.06741,0.122474,0.36288,3.6288,56.1136,0.66528,0,0,0.516781,0.312108,0,0.66528,12.849,1,0.520245,0.36288,0,38.1579,6.28206,31.7184,0.84672,12.849,0.84672,3695.15,0,0,0,0.909878,2.50515,3.50593,1.46658,5.45438,0.42336,0,0.42336,460.49,0,1.02816,0,0,1.93804,0.909878,1.028160,1,0,37.1728,0,0,0,37.1728,0
76.6497,3.2323,0,0,1.954,0.105504,0.36288,3.6288,55.659,0.66528,0,0,0.511759,0.301087,0,0.66528,12.849,1,0.529768,0.36288,0,29.2901,5.72762,23.3956,0.84672,12.849,0.84672,3695.15,0,0,0,0.598182,2.50544,4.20184,1.34736,5.9581,0.42336,0,0.42336,460.49,0,1.02816,0,0,1.62634,0.598182,1.028160,1,0,29.3537,0,0,0,29.3537,0
75.0495,3.12403,0,0,2.02926,0.142552,0.36288,3.6288,55.2923,0.66528,0,0,0.589584,0.290966,0,0.66528,12.849,1,0.523689,0.36288,0,26.2131,5.78409,20.2682,0.84672,12.849,0.84672,3695.15,0,0,0,0.645512,2.50574,4.3058,1.45192,6.00513,0.42336,0,0.42336,460.49,0,1.02816,0,0,1.67367,0.645512,1.028160,1,0,26.2733,0,0,0,26.2733,0
74.2466,3.11486,0,0,2.85695,0.182097,0.36288,3.6288,54.9966,0.66528,0,0,0.639886,0.270352,0,0.66528,12.849,1,0.533285,0.36288,0,29.2576,5.61845,23.4688,0.84672,12.849,0.84672,3695.15,0,0,0,0.865097,2.39787,3.83683,1.39502,5.70477,0.42336,0,0.42336,460.49,0,1.02816,0,0,1.89326,0.865097,1.028160,1,0,29.1736,0,0,0,29.1736,0
74.5153,3.11031,0,0,3.92252,0.180607,0.36288,3.6288,55.0964,0.66528,0,0,1.03497,0.269826,0,0.66528,12.849,1,0.538265,0.36288,0,56.2095,5.61845,50.4157,0.84672,12.849,0.84672,3695.15,0,0,0,2.09679,2.39815,6.80849,1.39502,9.90841,0.42336,0,0.42336,460.49,0,1.02816,0,0,3.12495,2.09679,1.028160,1,0,60.3241,0,0,0,60.3241,0
73.7898,3.11233,0,0,2.97867,0.228961,0.36288,3.6288,54.9462,0.66528,0,0,0.768865,0.253836,0,0.66528,12.849,1,0.536672,0.36288,0,63.0479,5.38721,57.4869,0.84672,12.849,0.84672,3695.15,0,0,0,1.29772,2.39843,4.71372,1.34958,7.06028,0.42336,0,0.42336,460.49,0,1.02816,0,0,2.32588,1.29772,1.028160,1,0,64.5472,0,0,0,64.5472,0
72.1269,3.02791,0,0,2.06652,0.338632,0.36288,3.6288,54.8196,0.66528,0,0,0.733444,0.194777,0,0.66528,12.849,1,0.527248,0.36288,0,37.4394,4.0908,33.1842,0.84672,12.849,0.84672,3695.15,0,0,0,1.03608,2.39871,6.16234,1.03605,8.56108,0.42336,0,0.42336,460.49,0,1.02816,0,0,2.06424,1.03608,1.028160,1,0,41.7453,0,0,0,41.7453,0
71.4564,3.01794,0,0,2.95519,0.244873,0.36288,3.6288,54.6483,0.66528,0,0,0.688597,0.194614,0,0.66528,12.849,1,0.537629,0.36288,0,46.4169,4.0908,42.1514,0.84672,12.849,0.84672,3695.15,0,0,0,0.817966,2.30242,7.05549,1.03605,9.13982,0.42336,0,0.42336,460.49,0,1.02816,0,0,1.84613,0.817966,1.028160,1,0,51.2912,0,0,0,51.2912,0
75.582,3.01402,0,0,7.74608,0.243626,0.36288,3.6288,55.8482,0.66528,0,0,2.05958,0.194394,0,0.66528,12.849,1,0.541968,0.36288,0,103.149,4.0908,98.8788,0.84672,12.849,0.84672,3695.15,0,0,0,5.31428,2.30269,14.2707,1.03605,20.8516,0.42336,0,0.42336,460.49,0,1.02816,0,0,6.34244,5.31428,1.028160,1,0,119.73,0,0,0,119.73,0
77.1725,3.03966,0,0,5.35759,0.364524,0.36288,3.6288,56.3816,0.66528,0,0,1.39915,0.2004,0,0.66528,12.849,1,0.516745,0.36288,0,77.6721,3.96798,73.5503,0.84672,12.849,0.84672,3695.15,0,0,0,3.29136,2.30296,8.30468,0.993628,12.9054,0.42336,0,0.42336,460.49,0,1.02816,0,0,4.31952,3.29136,1.028160,1,0,86.4557,0,0,0,86.4557,0
82.4476,2.81951,0,0,8.88227,0.424769,0.36288,3.6288,57.2939,0.66528,0,0,1.79344,0.215872,0,0.66528,12.849,1,0.469441,0.36288,0,121.774,4.35096,117.316,0.84672,12.849,0.84672,3695.15,0,0,0,4.39724,2.30323,15.2633,1.10657,20.8572,0.42336,0,0.42336,460.49,0,1.02816,0,0,5.4254,4.39724,1.028160,1,0,138.173,0,0,0,138.173,0
88.7351,2.84583,0,0,9.94412,0.447914,0.36288,3.6288,58.3521,0.66528,0,0,1.94122,0.217755,0,0.66528,12.849,1,0.443507,0.36288,0,169.364,4.46596,164.817,0.84672,12.849,0.84672,3695.15,0,0,0,6.65529,2.08887,16.2366,1.14308,23.8377,0.42336,0,0.42336,460.49,0,1.02816,0,0,7.68345,6.65529,1.028160,1,0,188.655,0,0,0,188.655,0
97.506,2.87362,0,0,30.2794,0.468941,18.1659,3.6288,61.308,0.66528,0,0,15.5454,0.233022,11.6912,0.66528,12.849,1,0.416105,18.1659,0,471.73,4.51774,484.962,0.84672,12.849,0.84672,3695.15,0,0,0,11.7853,2.08912,48.1924,1.18303,60.8838,0.42336,0,0.42336,460.49,0,1.02816,0,0,12.8135,11.7853,1.028160,1,0,557.537,0,0,0,557.537,0
97.506,2.90703,0,0,17.1166,0.481768,13.7278,3.6288,61.308,0.66528,0,0,12.642,0.244678,11.732,0.66528,12.849,1,0.383079,13.7278,0,335.185,4.29525,344.235,0.84672,12.849,0.84672,3695.15,0,0,0,5.24517,2.08936,36.8043,1.15264,42.9862,0.42336,0,0.42336,460.49,0,1.02816,0,0,6.27333,5.24517,1.028160,1,0,398.953,0,0,0,398.953,0
97.506,2.90737,0,0,12.757,0.466099,9.38349,3.6288,61.308,0.66528,0,0,6.79214,0.211504,5.91535,0.66528,12.849,1,0.383123,9.38349,0,232.891,3.83858,238.053,0.84672,12.849,0.84672,3695.15,0,0,0,7.20195,2.08961,24.0676,1.05732,32.3018,0.42336,0,0.42336,460.49,0,1.02816,0,0,8.23011,7.20195,1.028160,1,0,276.27,0,0,0,276.27,0
97.506,2.99879,0,0,8.19288,0.505174,4.68892,3.6288,61.308,0.66528,0,0,3.71397,0.2417,2.80699,0.66528,12.849,1,0.39517,4.68892,0,168.016,4.38869,167.921,0.84672,12.849,0.84672,3695.15,0,0,0,4.69048,2.08985,13.109,1.32819,18.5612,0.42336,0,0.42336,460.49,0,1.02816,0,0,5.71864,4.69048,1.028160,1,0,189.289,0,0,0,189.289,0
97.506,2.99911,0,0,7.91303,0.505174,4.40874,3.6288,61.308,0.66528,0,0,3.37961,0.2417,2.47263,0.66528,12.849,1,0.395213,4.40874,0,172.688,4.38869,172.313,0.84672,12.849,0.84672,3695.15,0,0,0,3.42923,2.15705,12.6738,1.32819,16.9319,0.42336,0,0.42336,460.49,0,1.02816,0,0,4.45739,3.42923,1.028160,1,0,191.717,0,0,0,191.717,0
97.506,2.99944,0,0,7.7728,0.505174,4.26819,3.6288,61.308,0.66528,0,0,2.96367,0.2417,2.05669,0.66528,12.849,1,0.395255,4.26819,0,142.392,4.38869,141.877,0.84672,12.849,0.84672,3695.15,0,0,0,3.93453,2.15728,11.4169,1.32819,16.1805,0.42336,0,0.42336,460.49,0,1.02816,0,0,4.96269,3.93453,1.028160,1,0,160.114,0,0,0,160.114,0
97.506,2.99976,0,0,7.77225,0.493652,4.27884,3.6288,61.308,0.66528,0,0,4.00942,0.249992,3.09415,0.66528,12.849,1,0.395298,4.27884,0,155.265,4.30147,154.847,0.84672,12.849,0.84672,3695.15,0,0,0,5.49155,2.15751,15.121,1.32122,21.4489,0.42336,0,0.42336,460.49,0,1.02816,0,0,6.51971,5.49155,1.028160,1,0,179.39,0,0,0,179.39,0
97.506,3.2927,0,0,7.29361,0.369634,3.63127,3.6288,61.308,0.66528,0,0,3.06394,0.170829,2.22783,0.66528,12.849,1,0.433901,3.63127,0,169.772,3.43371,169.535,0.84672,12.849,0.84672,3695.15,0,0,0,4.05425,2.15774,12.164,0.982527,17.3935,0.42336,0,0.42336,460.49,0,1.02816,0,0,5.08241,4.05425,1.028160,1,0,189.157,0,0,0,189.157,0
97.506,3.29306,0,0,6.65305,0.452945,2.90705,3.6288,61.308,0.66528,0,0,2.96228,0.155077,2.14192,0.66528,12.849,1,0.433948,2.90705,0,144.971,3.54615,143.898,0.84672,12.849,0.84672,3695.15,0,0,0,4.50508,2.39896,10.411,0.935306,16.3798,0.42336,0,0.42336,460.49,0,1.02816,0,0,5.53324,4.50508,1.028160,1,0,162.42,0,0,0,162.42,0
97.506,3.29342,0,0,10.7203,0.517759,6.90915,3.6288,61.308,0.66528,0,0,2.58677,0.192457,1.72904,0.66528,12.849,1,0.433995,6.90915,0,211.123,3.45482,214.143,0.84672,12.849,0.84672,3695.15,0,0,0,3.76665,2.39922,12.0474,0.987391,17.2258,0.42336,0,0.42336,460.49,0,1.02816,0,0,4.79481,3.76665,1.028160,1,0,233.098,0,0,0,233.098,0
97.506,3.29377,0,0,6.9766,0.517759,3.16507,3.6288,61.308,0.66528,0,0,2.40886,0.192457,1.55112,0.66528,12.849,1,0.434042,3.16507,0,139.619,3.45482,138.895,0.84672,12.849,0.84672,3695.15,0,0,0,2.23842,2.39947,11.1107,0.987391,14.7612,0.42336,0,0.42336,460.49,0,1.02816,0,0,3.26658,2.23842,1.028160,1,0,155.207,0,0,0,155.207,0
97.506,2.87657,0,0,8.3281,0.528789,4.92273,3.6288,61.308,0.66528,0,0,2.56586,0.133787,1.7668,0.66528,12.849,1,0.379065,4.92273,0,143.49,2.77074,145.263,0.84672,12.849,0.84672,3695.15,0,0,0,5.13459,2.39973,15.1473,0.739463,21.9422,0.42336,0,0.42336,460.49,0,1.02816,0,0,6.16275,5.13459,1.028160,1,0,168.972,0,0,0,168.972,0
97.506,2.87688,0,0,8.57719,0.528789,5.17151,3.6288,61.308,0.66528,0,0,2.38147,0.133787,1.5824,0.66528,12.849,1,0.379106,5.17151,0,140.171,2.77074,142.193,0.84672,12.849,0.84672,3695.15,0,0,0,6.06779,2.07122,16.9584,0.739463,24.358,0.42336,0,0.42336,460.49,0,1.02816,0,0,7.09595,6.06779,1.028160,1,0,168.133,0,0,0,168.133,0
97.506,2.87719,0,0,11.4284,0.528789,8.0224,3.6288,61.308,0.66528,0,0,2.82576,0.133787,2.02669,0.66528,12.849,1,0.379147,8.0224,0,196.499,2.77074,201.371,0.84672,12.849,0.84672,3695.15,0,0,0,6.52415,2.07144,19.3217,0.739463,27.1778,0.42336,0,0.42336,460.49,0,1.02816,0,0,7.55231,6.52415,1.028160,1,0,230.576,0,0,0,230.576,0
97.506,2.8775,0,0,12.6849,0.527865,9.27953,3.6288,61.308,0.66528,0,0,2.97329,0.132317,2.1757,0.66528,12.849,1,0.379188,9.27953,0,233.899,2.93205,239.867,0.84672,12.849,0.84672,3695.15,0,0,0,6.76158,2.07167,25.66,0.799828,33.6934,0.42336,0,0.42336,460.49,0,1.02816,0,0,7.78974,6.76158,1.028160,1,0,275.736,0,0,0,275.736,0
97.506,2.87782,0,0,11.6047,0.560243,8.16667,3.6288,61.308,0.66528,0,0,3.1827,0.142925,2.37449,0.66528,12.849,1,0.379228,8.16667,0,231.889,3.0256,236.651,0.84672,12.849,0.84672,3695.15,0,0,0,6.44078,2.07189,17.4216,0.74343,25.1909,0.42336,0,0.42336,460.49,0,1.02816,0,0,7.46894,6.44078,1.028160,1,0,264.216,0,0,0,264.216,0
97.506,2.98329,0,0,6.46868,0.546345,2.93905,3.6288,61.308,0.66528,0,0,2.06129,0.13202,1.26399,0.66528,12.849,1,0.393127,2.93905,0,121.601,2.97801,121.169,0.84672,12.849,0.84672,3695.15,0,0,0,3.46385,2.07211,7.98336,0.667326,12.852,0.42336,0,0.42336,460.49,0,1.02816,0,0,4.49201,3.46385,1.028160,1,0,135.285,0,0,0,135.285,0
97.506,2.98361,0,0,5.9601,0.546345,2.43014,3.6288,61.308,0.66528,0,0,1.59983,0.13202,0.802526,0.66528,12.849,1,0.393169,2.43014,0,107.763,2.97801,106.822,0.84672,12.849,0.84672,3695.15,0,0,0,3.10211,2.15344,6.60886,0.667326,11.1971,0.42336,0,0.42336,460.49,0,1.02816,0,0,4.13027,3.10211,1.028160,1,0,118.822,0,0,0,118.822,0
97.506,2.98393,0,0,8.37663,0.549339,4.84336,3.6288,61.308,0.66528,0,0,1.70916,0.124287,0.919598,0.66528,12.849,1,0.393212,4.84336,0,133.966,2.75999,135.656,0.84672,12.849,0.84672,3695.15,0,0,0,4.27313,2.15367,16.1198,0.62335,21.9233,0.42336,0,0.42336,460.49,0,1.02816,0,0,5.30129,4.27313,1.028160,1,0,158.499,0,0,0,158.499,0
97.506,2.98425,0,0,6.05792,0.494786,2.57888,3.6288,61.308,0.66528,0,0,1.61901,0.14109,0.812637,0.66528,12.849,1,0.393254,2.57888,0,125.023,2.36186,124.847,0.84672,12.849,0.84672,3695.15,0,0,0,3.41857,2.1539,9.75698,0.614046,14.7154,0.42336,0,0.42336,460.49,0,1.02816,0,0,4.44673,3.41857,1.028160,1,0,140.375,0,0,0,140.375,0
97.506,2.94344,0,0,5.32811,0.445439,1.93923,3.6288,61.308,0.66528,0,0,1.50497,0.218836,0.620851,0.66528,12.849,1,0.387876,1.93923,0,99.233,3.92028,96.8641,0.84672,12.849,0.84672,3695.15,0,0,0,2.3287,2.15413,8.21146,0.921433,11.7729,0.42336,0,0.42336,460.49,0,1.02816,0,0,3.35686,2.3287,1.028160,1,0,109.258,0,0,0,109.258,0
97.506,2.94376,0,0,4.89523,0.43992,1.51155,3.6288,61.308,0.66528,0,0,1.33988,0.222729,0.451874,0.66528,12.849,1,0.387918,1.51155,0,85.4392,4.02381,82.5391,0.84672,12.849,0.84672,3695.15,0,0,0,2.03759,2.1228,7.37027,0.928975,10.6017,0.42336,0,0.42336,460.49,0,1.02816,0,0,3.06575,2.03759,1.028160,1,0,93.5926,0,0,0,93.5926,0
97.506,2.94407,0,0,4.8108,0.43992,1.42681,3.6288,61.308,0.66528,0,0,1.30817,0.222729,0.420156,0.66528,12.849,1,0.38796,1.42681,0,67.5692,4.02381,64.5842,0.84672,12.849,0.84672,3695.15,0,0,0,1.99578,2.12302,7.38927,0.928975,10.5791,0.42336,0,0.42336,460.49,0,1.02816,0,0,3.02394,1.99578,1.028160,1,0,75.5835,0,0,0,75.5835,0
97.506,2.94439,0,0,4.51178,0.389396,1.178,3.6288,61.308,0.66528,0,0,1.15512,0.218074,0.271771,0.66528,12.849,1,0.388001,1.178,0,56.4996,3.25485,54.0347,0.84672,12.849,0.84672,3695.15,0,0,0,1.67854,2.12325,6.50722,0.781992,9.52702,0.42336,0,0.42336,460.49,0,1.02816,0,0,2.7067,1.67854,1.028160,1,0,63.8335,0,0,0,63.8335,0
97.506,3.0844,0,0,4.66247,0.276858,1.30122,3.6288,61.308,0.66528,0,0,1.20051,0.218498,0.316732,0.66528,12.849,1,0.406451,1.30122,0,67.1266,4.11012,63.9112,0.84672,12.849,0.84672,3695.15,0,0,0,1.93985,2.12348,5.92652,1.02199,8.96786,0.42336,0,0.42336,460.49,0,1.02816,0,0,2.96801,1.93985,1.028160,1,0,73.1958,0,0,0,73.1958,0
97.506,3.08473,0,0,4.39312,0.264417,1.04397,3.6288,61.308,0.66528,0,0,1.15147,0.219151,0.267039,0.66528,12.849,1,0.406495,1.04397,0,67.2589,4.34879,63.5476,0.84672,12.849,0.84672,3695.15,0,0,0,1.42853,2.23439,5.51289,1.08037,8.09544,0.42336,0,0.42336,460.49,0,1.02816,0,0,2.45669,1.42853,1.028160,1,0,71.9101,0,0,0,71.9101,0
97.506,3.08506,0,0,3.99233,0.264417,0.64285,3.6288,61.308,0.66528,0,0,1.10331,0.219151,0.21888,0.66528,12.849,1,0.406539,0.64285,0,63.9462,4.34879,59.8337,0.84672,12.849,0.84672,3695.15,0,0,0,1.08698,2.23463,5.37144,1.08037,7.61269,0.42336,0,0.42336,460.49,0,1.02816,0,0,2.11514,1.08698,1.028160,1,0,67.6653,0,0,0,67.6653,0
97.3031,3.08539,0,0,3.50976,0.264417,0.36288,3.6288,61.308,0.66528,0,0,0.997514,0.219151,0.113083,0.66528,12.849,1,0.406582,0.36288,0,54.7386,4.34879,50.3461,0.84672,12.849,0.84672,3695.15,0,0,0,0.914587,2.23487,5.07535,1.08037,7.14444,0.42336,0,0.42336,460.49,0,1.02816,0,0,1.94275,0.914587,1.028160,1,0,57.6037,0,0,0,57.6037,0
97.1962,3.08498,0,0,3.5386,0.19756,0.36288,3.6288,61.308,0.66528,0,0,1.04759,0.246188,0.136123,0.66528,12.849,1,0.407375,0.36288,0,50.4548,4.80035,45.6099,0.84672,12.849,0.84672,3695.15,0,0,0,1.11177,2.23511,5.72249,1.19838,7.87099,0.42336,0,0.42336,460.49,0,1.02816,0,0,2.13993,1.11177,1.028160,1,0,53.617,0,0,0,53.617,0
97.2614,3.05728,0,0,3.63294,0.14762,0.36288,3.6288,61.308,0.66528,0,0,1.1054,0.266466,0.173656,0.66528,12.849,1,0.404162,0.36288,0,50.1299,5.13902,44.9496,0.84672,12.849,0.84672,3695.15,0,0,0,1.28326,2.23535,6.54928,1.28689,8.78102,0.42336,0,0.42336,460.49,0,1.02816,0,0,2.31142,1.28326,1.028160,1,0,53.9043,0,0,0,53.9043,0
97.0514,3.05785,0,0,3.35841,0.1477,0.36288,3.6288,61.308,0.66528,0,0,1.06867,0.266466,0.136927,0.66528,12.849,1,0.403967,0.36288,0,49.8271,5.13902,44.647,0.84672,12.849,0.84672,3695.15,0,0,0,1.24415,2.2743,6.64096,1.28689,8.87253,0.42336,0,0.42336,460.49,0,1.02816,0,0,2.27231,1.24415,1.028160,1,0,53.6565,0,0,0,53.6565,0
96.5325,3.05741,0,0,3.04888,0.147442,0.36288,3.6288,61.308,0.66528,0,0,1.00957,0.266466,0.077821,0.66528,12.849,1,0.404782,0.36288,0,48.3462,5.13902,43.1653,0.84672,12.849,0.84672,3695.15,0,0,0,1.02125,2.27455,6.24245,1.28689,8.25136,0.42336,0,0.42336,460.49,0,1.02816,0,0,2.04941,1.02125,1.028160,1,0,51.4945,0,0,0,51.4945,0
95.7985,3.05582,0,0,2.82409,0.13943,0.36288,3.6288,61.308,0.66528,0,0,0.968466,0.280353,0.0228332,0.66528,12.849,1,0.406746,0.36288,0,42.3933,5.36373,36.9857,0.84672,12.849,0.84672,3695.15,0,0,0,0.87772,2.2748,6.00729,1.33874,7.82107,0.42336,0,0.42336,460.49,0,1.02816,0,0,1.90588,0.87772,1.028160,1,0,44.8296,0,0,0,44.8296,0
95.3841,3.12466,0,0,3.16263,0.0894815,0.36288,3.6288,61.308,0.66528,0,0,1.25294,0.31799,0.269668,0.66528,12.849,1,0.419096,0.36288,0,47.2205,5.98973,41.1745,0.84672,12.849,0.84672,3695.15,0,0,0,1.00553,2.27504,5.87322,1.44659,7.7072,0.42336,0,0.42336,460.49,0,1.02816,0,0,2.03369,1.00553,1.028160,1,0,49.1514,0,0,0,49.1514,0
94.8936,3.12339,0,0,3.08495,0.0891696,0.36288,3.6288,61.308,0.66528,0,0,1.15442,0.31799,0.171146,0.66528,12.849,1,0.420746,0.36288,0,47.1595,5.98973,41.1119,0.84672,12.849,0.84672,3695.15,0,0,0,1.18696,2.33017,6.29357,1.44659,8.36411,0.42336,0,0.42336,460.49,0,1.02816,0,0,2.21512,1.18696,1.028160,1,0,49.6472,0,0,0,49.6472,0
94.2069,3.12181,0,0,2.88681,0.0888003,0.36288,3.6288,61.308,0.66528,0,0,1.06856,0.31799,0.0852903,0.66528,12.849,1,0.422707,0.36288,0,42.5734,5.98973,36.5239,0.84672,12.849,0.84672,3695.15,0,0,0,1.09191,2.33042,5.61692,1.44659,7.59265,0.42336,0,0.42336,460.49,0,1.02816,0,0,2.12007,1.09191,1.028160,1,0,44.2018,0,0,0,44.2018,0
93.2865,3.11944,0,0,2.65023,0.0882834,0.36288,3.6288,61.308,0.66528,0,0,1.05683,0.31799,0.0735572,0.66528,12.849,1,0.425464,0.36288,0,38.9172,5.98973,32.8649,0.84672,12.849,0.84672,3695.15,0,0,0,0.917775,2.33067,5.49356,1.44659,7.29542,0.42336,0,0.42336,460.49,0,1.02816,0,0,1.94594,0.917775,1.028160,1,0,40.2339,0,0,0,40.2339,0
92.26,3.3242,0,0,2.68301,0.0224368,0.36288,3.6288,61.308,0.66528,0,0,1.17225,0.307626,0.199343,0.66528,12.849,1,0.457864,0.36288,0,39.241,5.76555,33.3804,0.84672,12.849,0.84672,3695.15,0,0,0,1.23603,2.33092,6.18197,1.49161,8.25731,0.42336,0,0.42336,460.49,0,1.02816,0,0,2.26419,1.23603,1.028160,1,0,41.8371,0,0,0,41.8371,0
90.6954,3.32008,0,0,2.12598,0.00769085,0.36288,3.6288,61.308,0.66528,0,0,0.969486,0.299855,0.00435082,0.66528,12.849,1,0.462386,0.36288,0,34.5123,5.5712,28.8416,0.84672,12.849,0.84672,3695.15,0,0,0,0.819815,2.51905,4.77919,1.48871,6.62935,0.42336,0,0.42336,460.49,0,1.02816,0,0,1.84798,0.819815,1.028160,1,0,35.4753,0,0,0,35.4753,0
89.3207,3.31345,0,0,2.30921,0.00758651,0.36288,3.6288,61.308,0.66528,0,0,0.980994,0.299855,0.0158593,0.66528,12.849,1,0.469423,0.36288,0,32.9848,5.5712,27.307,0.84672,12.849,0.84672,3695.15,0,0,0,0.83357,2.51932,5.07625,1.48871,6.94044,0.42336,0,0.42336,460.49,0,1.02816,0,0,1.86173,0.83357,1.028160,1,0,34.2633,0,0,0,34.2633,0
89.1851,3.30749,0,0,3.56678,0.0319692,0.36288,3.6288,61.308,0.66528,0,0,1.17996,0.296637,0.218039,0.66528,12.849,1,0.475791,0.36288,0,53.2759,5.48214,47.6808,0.84672,12.849,0.84672,3695.15,0,0,0,1.20353,2.51959,5.36462,1.47779,7.60995,0.42336,0,0.42336,460.49,0,1.02816,0,0,2.23169,1.20353,1.028160,1,0,55.5088,0,0,0,55.5088,0
90.2779,3.30722,0,0,4.75296,-0.00992237,0.36288,3.6288,61.308,0.66528,0,0,1.7403,0.302328,0.772696,0.66528,12.849,1,0.476474,0.36288,0,53.447,5.54391,47.7894,0.84672,12.849,0.84672,3695.15,0,0,0,1.79876,2.51986,9.26694,1.51731,12.0683,0.42336,0,0.42336,460.49,0,1.02816,0,0,2.82692,1.79876,1.028160,1,0,60.6304,0,0,0,60.6304,0
90.6714,3.21155,0,0,3.95147,-0.0165053,0.36288,3.6288,61.308,0.66528,0,0,1.80807,0.287793,0.854994,0.66528,12.849,1,0.457091,0.36288,0,45.9294,5.3487,40.4865,0.84672,12.849,0.84672,3695.15,0,0,0,2.24529,2.52014,9.60206,1.50333,12.8642,0.42336,0,0.42336,460.49,0,1.02816,0,0,3.27345,2.24529,1.028160,1,0,54.2056,0,0,0,54.2056,0
93.2613,3.21363,0,0,6.14984,-0.0165626,0.36288,3.6288,61.308,0.66528,0,0,2.99777,0.287793,2.0447,0.66528,12.849,1,0.455402,0.36288,0,74.662,5.3487,69.2207,0.84672,12.849,0.84672,3695.15,0,0,0,4.61118,2.41162,17.1279,1.50333,22.6474,0.42336,0,0.42336,460.49,0,1.02816,0,0,5.63934,4.61118,1.028160,1,0,93.9128,0,0,0,93.9128,0
95.3471,3.2251,0,0,5.65683,-0.0169397,0.36288,3.6288,61.308,0.66528,0,0,2.75716,0.287793,1.80409,0.66528,12.849,1,0.444335,0.36288,0,135.277,5.3487,129.847,0.84672,12.849,0.84672,3695.15,0,0,0,4.09487,2.41188,14.4772,1.50333,19.4806,0.42336,0,0.42336,460.49,0,1.02816,0,0,5.12303,4.09487,1.028160,1,0,151.132,0,0,0,151.132,0
97.1299,3.23401,0,0,5.54437,0.164695,0.36288,3.6288,61.308,0.66528,0,0,2.00159,0.253766,1.08255,0.66528,12.849,1,0.435816,0.36288,0,88.1816,5.27067,82.838,0.84672,12.849,0.84672,3695.15,0,0,0,2.73858,2.41214,9.68743,1.53835,13.2998,0.42336,0,0.42336,460.49,0,1.02816,0,0,3.76674,2.73858,1.028160,1,0,97.2203,0,0,0,97.2203,0
96.8312,3.15769,0,0,3.51173,0.28983,0.36288,3.6288,61.308,0.66528,0,0,1.44783,0.226365,0.556185,0.66528,12.849,1,0.417721,0.36288,0,54.0753,4.9308,49.0897,0.84672,12.849,0.84672,3695.15,0,0,0,0.947022,2.4124,6.30585,1.25841,8.40686,0.42336,0,0.42336,460.49,0,1.02816,0,0,1.97518,0.947022,1.028160,1,0,58.0527,0,0,0,58.0527,0
97.506,3.15689,0,0,5.13274,0.289109,1.01197,3.6288,61.308,0.66528,0,0,1.77205,0.226365,0.880401,0.66528,12.849,1,0.418903,1.01197,0,108.734,4.9308,104.397,0.84672,12.849,0.84672,3695.15,0,0,0,1.93612,2.31553,13.2711,1.25841,16.2644,0.42336,0,0.42336,460.49,0,1.02816,0,0,2.96428,1.93612,1.028160,1,0,121.542,0,0,0,121.542,0
97.506,3.15979,0,0,4.83485,0.260731,1.41432,3.6288,61.308,0.66528,0,0,1.35712,0.226177,0.465662,0.66528,12.849,1,0.416387,1.41432,0,108.607,4.89143,104.714,0.84672,12.849,0.84672,3695.15,0,0,0,2.00889,2.31578,11.7786,1.24168,14.8616,0.42336,0,0.42336,460.49,0,1.02816,0,0,3.03705,2.00889,1.028160,1,0,120.041,0,0,0,120.041,0
97.506,3.16013,0,0,5.33497,0.191766,1.98307,3.6288,61.308,0.66528,0,0,1.60543,0.210559,0.729594,0.66528,12.849,1,0.416431,1.98307,0,90.0435,4.63759,86.9725,0.84672,12.849,0.84672,3695.15,0,0,0,2.18004,2.31603,18.1427,1.12123,21.5176,0.42336,0,0.42336,460.49,0,1.02816,0,0,3.2082,2.18004,1.028160,1,0,109.22,0,0,0,109.22,0
97.506,2.92246,0,0,7.95419,0.342961,4.68878,3.6288,61.308,0.66528,0,0,2.90028,0.182385,2.05262,0.66528,12.849,1,0.385111,4.68878,0,133.923,3.83879,134.388,0.84672,12.849,0.84672,3695.15,0,0,0,3.04317,2.31628,17.1009,0.918635,21.5417,0.42336,0,0.42336,460.49,0,1.02816,0,0,4.07133,3.04317,1.028160,1,0,157.983,0,0,0,157.983,0
97.506,2.92277,0,0,5.75516,0.370117,2.46228,3.6288,61.308,0.66528,0,0,1.66437,0.175462,0.823629,0.66528,12.849,1,0.385152,2.46228,0,132.898,3.52454,131.45,0.84672,12.849,0.84672,3695.15,0,0,0,1.851,2.10069,15.0222,0.843606,18.1303,0.42336,0,0.42336,460.49,0,1.02816,0,0,2.87916,1.851,1.028160,1,0,150.404,0,0,0,150.404,0
97.506,2.92308,0,0,4.68164,0.370117,1.38844,3.6288,61.308,0.66528,0,0,1.43446,0.175462,0.593714,0.66528,12.849,1,0.385194,1.38844,0,117.917,3.52454,115.396,0.84672,12.849,0.84672,3695.15,0,0,0,2.05176,2.10092,14.5574,0.843606,17.8665,0.42336,0,0.42336,460.49,0,1.02816,0,0,3.07992,2.05176,1.028160,1,0,133.856,0,0,0,133.856,0
97.506,2.9234,0,0,4.57701,0.434532,1.21908,3.6288,61.308,0.66528,0,0,2.35741,0.212281,1.47985,0.66528,12.849,1,0.385235,1.21908,0,136.987,3.8771,133.944,0.84672,12.849,0.84672,3695.15,0,0,0,2.74266,2.10115,16.8897,0.960749,20.7728,0.42336,0,0.42336,460.49,0,1.02816,0,0,3.77082,2.74266,1.028160,1,0,156.197,0,0,0,156.197,0
97.506,2.92371,0,0,7.45307,0.478004,4.05135,3.6288,61.308,0.66528,0,0,3.13937,0.232767,2.24132,0.66528,12.849,1,0.385277,4.05135,0,153.714,4.13755,153.242,0.84672,12.849,0.84672,3695.15,0,0,0,2.20291,2.10137,13.5465,1.01883,16.8319,0.42336,0,0.42336,460.49,0,1.02816,0,0,3.23107,2.20291,1.028160,1,0,172.315,0,0,0,172.315,0
96.8251,3.01562,0,0,3.15871,0.461063,0.36288,3.6288,61.308,0.66528,0,0,0.973927,0.247266,0.0613807,0.66528,12.849,1,0.397387,0.36288,0,47.4347,5.1199,42.2803,0.84672,12.849,0.84672,3695.15,0,0,0,0.907865,2.1016,5.68489,1.25245,7.4419,0.42336,0,0.42336,460.49,0,1.02816,0,0,1.93603,0.907865,1.028160,1,0,49.7836,0,0,0,49.7836,0
96.7408,3.01345,0,0,3.74962,0.457657,0.36288,3.6288,61.308,0.66528,0,0,1.33295,0.252653,0.415021,0.66528,12.849,1,0.399894,0.36288,0,114.049,5.28528,108.727,0.84672,12.849,0.84672,3695.15,0,0,0,1.5035,2.16915,7.76946,1.30379,10.1383,0.42336,0,0.42336,460.49,0,1.02816,0,0,2.53166,1.5035,1.028160,1,0,119.28,0,0,0,119.28,0
97.506,3.01343,0,0,5.02098,0.457335,0.784999,3.6288,61.308,0.66528,0,0,1.86654,0.252653,0.94861,0.66528,12.849,1,0.400241,0.784999,0,84.3134,5.28528,79.4129,0.84672,12.849,0.84672,3695.15,0,0,0,2.05925,2.16936,9.1546,1.30379,12.0794,0.42336,0,0.42336,460.49,0,1.02816,0,0,3.08741,2.05925,1.028160,1,0,92.4409,0,0,0,92.4409,0
97.506,3.01651,0,0,8.49782,0.460256,5.02106,3.6288,61.308,0.66528,0,0,3.26176,0.252653,2.34382,0.66528,12.849,1,0.397505,5.02106,0,241.382,5.28528,240.72,0.84672,12.849,0.84672,3695.15,0,0,0,3.759,2.16958,13.5378,1.30379,18.1626,0.42336,0,0.42336,460.49,0,1.02816,0,0,4.78716,3.759,1.028160,1,0,261.226,0,0,0,261.226,0
97.506,3.31105,0,0,7.50399,0.578939,3.61399,3.6288,61.308,0.66528,0,0,1.52321,0.222583,0.635351,0.66528,12.849,1,0.436319,3.61399,0,175.795,4.82154,174.152,0.84672,12.849,0.84672,3695.15,0,0,0,2.28722,2.16979,10.9645,1.18854,14.233,0.42336,0,0.42336,460.49,0,1.02816,0,0,3.31538,2.28722,1.028160,1,0,189.02,0,0,0,189.02,0
97.506,3.31138,0,0,5.53023,0.555551,1.6633,3.6288,61.308,0.66528,0,0,1.34552,0.204507,0.475738,0.66528,12.849,1,0.436362,1.6633,0,169.494,4.49688,166.224,0.84672,12.849,0.84672,3695.15,0,0,0,2.03628,2.41233,10.2038,1.05363,13.5988,0.42336,0,0.42336,460.49,0,1.02816,0,0,3.06444,2.03628,1.028160,1,0,180.299,0,0,0,180.299,0
97.506,3.31171,0,0,5.33092,0.558508,1.46071,3.6288,61.308,0.66528,0,0,1.30825,0.1989,0.444072,0.66528,12.849,1,0.436405,1.46071,0,153.04,4.43005,149.635,0.84672,12.849,0.84672,3695.15,0,0,0,1.80974,2.41256,9.74963,1.02785,12.9441,0.42336,0,0.42336,460.49,0,1.02816,0,0,2.8379,1.80974,1.028160,1,0,163.023,0,0,0,163.023,0
97.506,3.31203,0,0,5.6276,0.558508,1.75706,3.6288,61.308,0.66528,0,0,1.42652,0.1989,0.562336,0.66528,12.849,1,0.436448,1.75706,0,189.079,4.43005,185.969,0.84672,12.849,0.84672,3695.15,0,0,0,2.19211,2.4128,9.99052,1.02785,13.5676,0.42336,0,0.42336,460.49,0,1.02816,0,0,3.22027,2.19211,1.028160,1,0,200.099,0,0,0,200.099,0
97.506,2.8925,0,0,7.18613,0.607356,3.68628,3.6288,61.308,0.66528,0,0,2.37283,0.178732,1.52882,0.66528,12.849,1,0.381163,3.68628,0,137.812,3.8797,137.238,0.84672,12.849,0.84672,3695.15,0,0,0,4.40332,2.41304,12.686,0.898315,18.6041,0.42336,0,0.42336,460.49,0,1.02816,0,0,5.43148,4.40332,1.028160,1,0,157.371,0,0,0,157.371,0
97.506,2.89278,0,0,5.63813,0.615498,2.12985,3.6288,61.308,0.66528,0,0,2.12775,0.175371,1.2871,0.66528,12.849,1,0.3812,2.12985,0,134.567,3.78798,132.528,0.84672,12.849,0.84672,3695.15,0,0,0,4.08107,2.08268,12.0413,0.876727,17.3283,0.42336,0,0.42336,460.49,0,1.02816,0,0,5.10923,4.08107,1.028160,1,0,151.143,0,0,0,151.143,0
97.506,2.89306,0,0,5.05796,0.537589,1.62731,3.6288,61.308,0.66528,0,0,1.41415,0.151306,0.597566,0.66528,12.849,1,0.381238,1.62731,0,112.992,3.4392,110.799,0.84672,12.849,0.84672,3695.15,0,0,0,2.90139,2.08289,10.6308,0.826625,14.7885,0.42336,0,0.42336,460.49,0,1.02816,0,0,3.92955,2.90139,1.028160,1,0,126.185,0,0,0,126.185,0
97.506,2.89335,0,0,5.34056,0.479157,1.96805,3.6288,61.308,0.66528,0,0,1.86415,0.133257,1.06561,0.66528,12.849,1,0.381275,1.96805,0,118.908,3.17762,117.317,0.84672,12.849,0.84672,3695.15,0,0,0,4.11419,2.08309,11.1569,0.789049,16.5651,0.42336,0,0.42336,460.49,0,1.02816,0,0,5.14235,4.11419,1.028160,1,0,134.948,0,0,0,134.948,0
97.506,2.89363,0,0,7.48828,0.520896,4.07375,3.6288,61.308,0.66528,0,0,3.2596,0.154453,2.43987,0.66528,12.849,1,0.381313,4.07375,0,189.188,3.25195,189.629,0.84672,12.849,0.84672,3695.15,0,0,0,6.40723,2.0833,13.8702,0.826648,21.5341,0.42336,0,0.42336,460.49,0,1.02816,0,0,7.43539,6.40723,1.028160,1,0,213.603,0,0,0,213.603,0
97.506,2.99966,0,0,8.33933,0.576547,4.76312,3.6288,61.308,0.66528,0,0,1.94997,0.182714,1.10198,0.66528,12.849,1,0.395284,4.76312,0,217.022,3.35108,218.039,0.84672,12.849,0.84672,3695.15,0,0,0,4.43814,2.0835,14.5473,0.876781,20.1922,0.42336,0,0.42336,460.49,0,1.02816,0,0,5.4663,4.43814,1.028160,1,0,239.333,0,0,0,239.333,0
97.506,2.99995,0,0,6.74866,0.563575,3.18513,3.6288,61.308,0.66528,0,0,1.70923,0.181882,0.862064,0.66528,12.849,1,0.395323,3.18513,0,159.528,3.4005,158.917,0.84672,12.849,0.84672,3695.15,0,0,0,4.71131,2.16525,10.5996,0.879995,16.5962,0.42336,0,0.42336,460.49,0,1.02816,0,0,5.73947,4.71131,1.028160,1,0,176.376,0,0,0,176.376,0
97.506,3.00025,0,0,5.36843,0.485744,1.88244,3.6288,61.308,0.66528,0,0,1.19628,0.176887,0.35411,0.66528,12.849,1,0.395362,1.88244,0,147.491,3.69705,145.281,0.84672,12.849,0.84672,3695.15,0,0,0,2.68693,2.16547,7.52181,0.899278,11.4749,0.42336,0,0.42336,460.49,0,1.02816,0,0,3.71509,2.68693,1.028160,1,0,157.11,0,0,0,157.11,0
97.506,3.00054,0,0,4.65909,0.480728,1.17782,3.6288,61.308,0.66528,0,0,1.03955,0.184106,0.190162,0.66528,12.849,1,0.395401,1.17782,0,121.453,3.79597,118.44,0.84672,12.849,0.84672,3695.15,0,0,0,1.91969,2.16568,6.89489,0.914078,10.0662,0.42336,0,0.42336,460.49,0,1.02816,0,0,2.94785,1.91969,1.028160,1,0,128.696,0,0,0,128.696,0
97.506,2.95948,0,0,4.49663,0.450632,1.08652,3.6288,61.2999,0.66528,0,0,0.884641,0.227421,0,0.66528,12.849,1,0.38999,1.08652,0,100.694,4.38952,97.001,0.84672,12.849,0.84672,3695.15,0,0,0,1.79494,2.16589,7.61365,1.00288,10.5716,0.42336,0,0.42336,460.49,0,1.02816,0,0,2.8231,1.79494,1.028160,1,0,107.573,0,0,0,107.573,0
97.506,2.95977,0,0,4.31989,0.450632,0.909487,3.6288,61.2131,0.66528,0,0,0.805844,0.227409,0,0.66528,12.849,1,0.390028,0.909487,0,94.7074,4.38952,90.8373,0.84672,12.849,0.84672,3695.15,0,0,0,1.59159,2.13436,7.09275,1.00288,9.81583,0.42336,0,0.42336,460.49,0,1.02816,0,0,2.61975,1.59159,1.028160,1,0,100.653,0,0,0,100.653,0
97.506,2.96006,0,0,4.09469,0.450632,0.684003,3.6288,61.0972,0.66528,0,0,0.776684,0.227284,0,0.66528,12.849,1,0.390066,0.684003,0,72.7505,4.38952,68.6549,0.84672,12.849,0.84672,3695.15,0,0,0,1.51703,2.13457,6.93109,1.00288,9.57982,0.42336,0,0.42336,460.49,0,1.02816,0,0,2.54519,1.51703,1.028160,1,0,78.2348,0,0,0,78.2348,0
97.506,2.96035,0,0,3.81226,0.374846,0.477064,3.6288,60.9023,0.66528,0,0,0.690543,0.220144,0,0.66528,12.849,1,0.390105,0.477064,0,59.4053,3.23608,56.2561,0.84672,12.849,0.84672,3695.15,0,0,0,1.25074,2.13478,6.11105,0.782404,8.71417,0.42336,0,0.42336,460.49,0,1.02816,0,0,2.2789,1.25074,1.028160,1,0,64.9703,0,0,0,64.9703,0
97.4612,3.10109,0,0,3.71792,0.29877,0.36288,3.6288,60.6571,0.66528,0,0,0.648916,0.228885,0,0.66528,12.849,1,0.40865,0.36288,0,66.5004,4.43044,62.0241,0.84672,12.849,0.84672,3695.15,0,0,0,0.957131,2.13499,5.74768,0.972626,7.86718,0.42336,0,0.42336,460.49,0,1.02816,0,0,1.98529,0.957131,1.028160,1,0,69.8913,0,0,0,69.8913,0
97.3272,3.10123,0,0,3.60339,0.27329,0.36288,3.6288,60.3948,0.66528,0,0,0.63561,0.232592,0,0.66528,12.849,1,0.408857,0.36288,0,68.7131,4.98508,63.682,0.84672,12.849,0.84672,3695.15,0,0,0,0.876528,2.24648,5.49479,1.06341,7.55439,0.42336,0,0.42336,460.49,0,1.02816,0,0,1.90469,0.876528,1.028160,1,0,71.2364,0,0,0,71.2364,0
97.0016,3.10103,0,0,3.41974,0.281428,0.36288,3.6288,60.1242,0.66528,0,0,0.625555,0.230896,0,0.66528,12.849,1,0.409394,0.36288,0,65.8221,4.90047,60.8751,0.84672,12.849,0.84672,3695.15,0,0,0,1.03203,2.2467,5.14355,1.06668,7.3556,0.42336,0,0.42336,460.49,0,1.02816,0,0,2.06019,1.03203,1.028160,1,0,68.2307,0,0,0,68.2307,0
96.4008,3.10012,0,0,3.17436,0.312159,0.36288,3.6288,59.8334,0.66528,0,0,0.601242,0.226777,0,0.66528,12.849,1,0.410648,0.36288,0,60.9235,4.42484,56.4509,0.84672,12.849,0.84672,3695.15,0,0,0,0.963161,2.24692,4.78437,1.09578,6.89868,0.42336,0,0.42336,460.49,0,1.02816,0,0,1.99132,0.963161,1.028160,1,0,63.3496,0,0,0,63.3496,0
95.4392,3.09817,0,0,2.70308,0.203633,0.36288,3.6288,59.4683,0.66528,0,0,0.556445,0.256296,0,0.66528,12.849,1,0.412947,0.36288,0,50.399,4.89918,45.4498,0.84672,12.849,0.84672,3695.15,0,0,0,0.578612,2.24714,3.91862,1.15717,5.5872,0.42336,0,0.42336,460.49,0,1.02816,0,0,1.60677,0.578612,1.028160,1,0,51.037,0,0,0,51.037,0
93.9678,3.06709,0,0,2.14789,0.189264,0.36288,3.6288,58.7244,0.924575,0,0,0.460896,0.280183,0,0.66528,12.849,1,0.412923,0.36288,0,39.367,5.29419,34.0228,0.84672,12.849,0.84672,3695.15,0,0,0,0.30119,2.24737,2.65376,1.22144,3.98088,0.42336,0,0.42336,460.49,0,0.768865,0,0,1.07006,0.30119,1.028160,1,0,38.0037,0,0,0,38.0037,0
92.4167,3.0617,0,0,2.03214,0.158664,0.36288,3.6288,57.9457,0.919858,0,0,0.443248,0.302044,0,0.66528,12.849,1,0.418652,0.36288,0,37.113,5.31951,31.7378,0.84672,12.849,0.84672,3695.15,0,0,0,0.261274,2.2865,2.63968,1.29955,3.8879,0.42336,0,0.42336,460.49,0,0.773582,0,0,1.03486,0.261274,1.028160,1,0,35.6257,0,0,0,35.6257,0
90.7618,3.05583,0,0,1.92034,0.156561,0.36288,3.6288,57.083,0.95745,0,0,0.39528,0.300532,0,0.66528,12.849,1,0.424863,0.36288,0,33.6549,5.31951,28.2734,0.84672,12.849,0.84672,3695.15,0,0,0,0.261274,2.28673,2.55278,1.29955,3.80124,0.42336,0,0.42336,460.49,0,0.73599,0,0,0.997263,0.261274,1.028160,1,0,32.0746,0,0,0,32.0746,0
88.984,3.04935,0,0,1.78879,0.154318,0.36288,3.6288,56.1364,1.01108,0,0,0.363292,0.298858,0,0.66528,12.849,1,0.431691,0.36288,0,32.1665,5.31951,26.7781,0.84672,12.849,0.84672,3695.15,0,0,0,0.261274,2.28695,2.38337,1.29955,3.63205,0.42336,0,0.42336,460.49,0,0.682361,0,0,0.943635,0.261274,1.028160,1,0,30.4102,0,0,0,30.4102,0
87.2084,3.11311,0,0,1.82702,0.126686,0.36288,3.6288,55.3235,0.932057,0,0,0.418709,0.299543,0,0.66528,12.849,1,0.449522,0.36288,0,31.8266,5.41884,26.3211,0.84672,12.849,0.84672,3695.15,0,0,0,0.261274,2.28718,2.35981,1.46928,3.43898,0.42336,0,0.42336,460.49,0,0.761383,0,0,1.02266,0.261274,1.028160,1,0,29.7601,0,0,0,29.7601,0
85.3647,3.10544,0,0,1.74928,0.124679,0.36288,3.6288,54.5234,0.911442,0,0,0.409304,0.297952,0,0.66528,12.849,1,0.457545,0.36288,0,29.7823,5.41884,24.2687,0.84672,12.849,0.84672,3695.15,0,0,0,0.261274,2.34258,2.42534,1.46928,3.55992,0.42336,0,0.42336,460.49,0,0.781998,0,0,1.04327,0.261274,1.028160,1,0,27.8287,0,0,0,27.8287,0
83.3074,3.09715,0,0,1.52534,0.122594,0.36288,3.6288,53.6385,0.974462,0,0,0.385976,0.296385,0,0.66528,12.849,1,0.46618,0.36288,0,28.2164,5.41884,22.6943,0.84672,12.849,0.84672,3695.15,0,0,0,0.227405,2.34281,2.31746,1.46928,3.41839,0.42336,0,0.42336,460.49,0,0.718978,0,0,0.946382,0.227405,1.028160,1,0,26.1127,0,0,0,26.1127,0
81.1509,3.08748,0,0,1.40673,0.112833,0.36288,3.6288,52.7046,1.01628,0,0,0.379343,0.297043,0,0.66528,12.849,1,0.476201,0.36288,0,26.6198,5.49362,21.0128,0.84672,12.849,0.84672,3695.15,0,0,0,0.227405,2.34304,2.29637,1.48422,3.38259,0.42336,0,0.42336,460.49,0,0.67716,0,0,0.904565,0.227405,1.028160,1,0,24.3954,0,0,0,24.3954,0
78.7619,3.28235,0,0,1.35486,0.0986687,0.36288,3.6288,51.6852,1.08602,0,0,0.374209,0.307536,0,0.66528,12.849,1,0.519709,0.36288,0,25.0331,5.58122,19.2951,0.84672,12.849,0.84672,3695.15,0,0,0,0.227405,2.34327,2.29355,1.48757,3.37666,0.42336,0,0.42336,460.49,0,0.607418,0,0,0.834823,0.227405,1.028160,1,0,22.6717,0,0,0,22.6717,0
76.3827,3.26912,0,0,1.35516,0.102328,0.36288,3.6288,50.502,1.22067,0,0,0.3206,0.283123,0,0.66528,12.849,1,0.533315,0.36288,0,23.2143,5.45496,17.5889,0.84672,12.849,0.84672,3695.15,0,0,0,0.227405,2.53237,1.75806,1.50629,3.01155,0.42336,0,0.42336,460.49,0,0.472772,0,0,0.700177,0.227405,1.028160,1,0,20.6005,0,0,0,20.6005,0
74.1519,3.25522,0,0,1.48721,0.0999375,0.36288,3.6288,49.5896,1.02795,0,0,0.395894,0.280415,0,0.66528,12.849,1,0.547588,0.36288,0,29.8553,5.45496,24.2157,0.84672,12.849,0.84672,3695.15,0,0,0,0.204422,2.53262,1.91786,1.50629,3.14861,0.42336,0,0.42336,460.49,0,0.665487,0,0,0.86991,0.204422,1.028160,1,0,27.3643,0,0,0,27.3643,0
71.6446,3.2415,0,0,1.19476,0.0976957,0.36288,3.6288,48.3036,1.29393,0,0,0.286345,0.278326,0,0.66528,12.849,1,0.561685,0.36288,0,29.1736,5.45496,23.5198,0.84672,12.849,0.84672,3695.15,0,0,0,0.204422,2.53287,1.53959,1.50629,2.77059,0.42336,0,0.42336,460.49,0,0.399514,0,0,0.603937,0.204422,1.028160,1,0,26.2904,0,0,0,26.2904,0
69.6104,3.22514,0,0,1.62114,0.0672739,0.36288,3.6288,47.8844,0.674357,0,0,0.523965,0.268849,0,0.66528,12.849,1,0.578409,0.36288,0,25.2893,5.4126,19.6612,0.84672,12.849,0.84672,3695.15,0,0,0,0.204422,2.53312,2.49257,1.42541,3.80471,0.42336,0,0.42336,460.49,0,1.01908,0,0,1.22351,0.204422,1.028160,1,0,23.4659,0,0,0,23.4659,0
67.7125,3.11321,0,0,1.63738,0.0592125,0.36288,3.6288,47.6594,0.66528,0,0,0.691929,0.251636,0,0.66528,12.849,1,0.574651,0.36288,0,23.0189,5.3067,17.5004,0.84672,12.849,0.84672,3695.15,0,0,0,0.877331,2.53337,3.03234,1.2232,5.21984,0.42336,0,0.42336,460.49,0,1.02816,0,0,1.90549,0.877331,1.028160,1,0,22.7202,0,0,0,22.7202,0
65.5499,3.09998,0,0,1.35862,0.0583421,0.36288,3.6288,46.8569,0.923495,0,0,0.372152,0.251164,0,0.66528,12.849,1,0.588247,0.36288,0,22.0554,5.3067,16.5233,0.84672,12.849,0.84672,3695.15,0,0,0,0.216518,2.42426,2.25831,1.2232,3.67589,0.42336,0,0.42336,460.49,0,0.769945,0,0,0.986463,0.216518,1.028160,1,0,20.1992,0,0,0,20.1992,0
63.9438,3.08406,0,0,1.95408,0.11322,0.36288,3.6288,46.3078,0.798362,0,0,0.457759,0.208547,0,0.66528,12.849,1,0.604533,0.36288,0,25.7409,4.68381,20.8154,0.84672,12.849,0.84672,3695.15,0,0,0,0.216518,2.4245,2.48502,1.02851,4.09753,0.42336,0,0.42336,460.49,0,0.895078,0,0,1.1116,0.216518,1.028160,1,0,24.913,0,0,0,24.913,0
65.0979,3.07172,0,0,4.77396,0.185302,0.36288,3.6288,46.4299,0.66528,0,0,0.940613,0.153207,0,0.66528,12.849,1,0.617237,0.36288,0,77.6306,3.85329,73.5229,0.84672,12.849,0.84672,3695.15,0,0,0,0.742375,2.42474,6.61897,0.768916,9.01716,0.42336,0,0.42336,460.49,0,1.02816,0,0,1.77053,0.742375,1.028160,1,0,82.5401,0,0,0,82.5401,0
63.1709,3.00156,0,0,1.66909,0.231705,0.36288,3.6288,46.1905,0.66528,0,0,0.63516,0.209224,0,0.66528,12.849,1,0.592447,0.36288,0,50.4854,4.86345,45.3924,0.84672,12.849,0.84672,3695.15,0,0,0,0.504256,2.42498,2.78793,1.06326,4.6539,0.42336,0,0.42336,460.49,0,1.02816,0,0,1.53242,0.504256,1.028160,1,0,50.0463,0,0,0,50.0463,0
61.6116,2.98684,0,0,2.02104,0.230529,0.36288,3.6288,46.13,0.66528,0,0,0.820996,0.216273,0,0.66528,12.849,1,0.607525,0.36288,0,32.8792,4.98381,27.6507,0.84672,12.849,0.84672,3695.15,0,0,0,0.872657,2.32758,4.15818,1.12305,6.23537,0.42336,0,0.42336,460.49,0,1.02816,0,0,1.90082,0.872657,1.028160,1,0,33.8861,0,0,0,33.8861,0
66.282,2.97441,0,0,8.22345,0.215818,0.36288,3.6288,46.7351,0.66528,0,0,1.45807,0.18765,0,0.66528,12.849,1,0.620308,0.36288,0,102.161,4.27511,97.6282,0.84672,12.849,0.84672,3695.15,0,0,0,2.0625,2.32781,9.98183,1.07977,13.2924,0.42336,0,0.42336,460.49,0,1.02816,0,0,3.09066,2.0625,1.028160,1,0,110.921,0,0,0,110.921,0
66.965,3.01132,0,0,4.30544,0.248199,0.36288,3.6288,47.0558,0.66528,0,0,1.15071,0.164766,0,0.66528,12.849,1,0.583754,0.36288,0,76.8416,3.71416,72.9065,0.84672,12.849,0.84672,3695.15,0,0,0,1.36804,2.32804,7.92847,0.936202,10.6883,0.42336,0,0.42336,460.49,0,1.02816,0,0,2.3962,1.36804,1.028160,1,0,83.5949,0,0,0,83.5949,0
68.6717,2.78942,0,0,5.12012,0.26113,0.36288,3.6288,47.3919,0.66528,0,0,1.19965,0.198272,0,0.66528,12.849,1,0.535224,0.36288,0,123.734,4.15282,119.409,0.84672,12.849,0.84672,3695.15,0,0,0,2.84237,2.32827,8.54403,1.0487,12.666,0.42336,0,0.42336,460.49,0,1.02816,0,0,3.87053,2.84237,1.028160,1,0,132.075,0,0,0,132.075,0
71.2398,2.8009,0,0,6.0053,0.273459,0.36288,3.6288,47.6737,0.66528,0,0,1.1708,0.223697,0,0.66528,12.849,1,0.52407,0.36288,0,150.422,4.48182,145.779,0.84672,12.849,0.84672,3695.15,0,0,0,2.62685,2.11154,9.3966,1.13308,13.0019,0.42336,0,0.42336,460.49,0,1.02816,0,0,3.65501,2.62685,1.028160,1,0,158.78,0,0,0,158.78,0
75.2858,2.81719,0,0,7.50504,0.278938,0.36288,3.6288,49.3158,0.66528,0,0,2.53162,0.224225,0,0.66528,12.849,1,0.508115,0.36288,0,188.033,4.48182,183.406,0.84672,12.849,0.84672,3695.15,0,0,0,2.46467,2.11175,9.62384,1.13308,13.0672,0.42336,0,0.42336,460.49,0,1.02816,0,0,3.49283,2.46467,1.028160,1,0,196.473,0,0,0,196.473,0
78.3722,2.84079,0,0,6.68443,0.394355,0.36288,3.6288,51.537,0.66528,0,0,3.11381,0.227302,0,0.66528,12.849,1,0.484837,0.36288,0,167.612,4.48182,163.008,0.84672,12.849,0.84672,3695.15,0,0,0,3.72108,2.11196,11.608,1.13308,16.308,0.42336,0,0.42336,460.49,0,1.02816,0,0,4.74924,3.72108,1.028160,1,0,179.316,0,0,0,179.316,0
79.0875,2.85748,0,0,4.31396,0.378346,0.36288,3.6288,51.4913,0.66528,0,0,0.809934,0.190393,0,0.66528,12.849,1,0.468479,0.36288,0,107.794,4.0123,103.676,0.84672,12.849,0.84672,3695.15,0,0,0,1.80951,2.11216,6.70148,0.810971,9.81218,0.42336,0,0.42336,460.49,0,1.02816,0,0,2.83767,1.80951,1.028160,1,0,113.488,0,0,0,113.488,0
78.8581,2.95103,0,0,3.49693,0.412392,0.36288,3.6288,51.1647,0.66528,0,0,0.518201,0.179511,0,0.66528,12.849,1,0.479441,0.36288,0,108.563,3.88731,104.559,0.84672,12.849,0.84672,3695.15,0,0,0,1.12114,2.11237,6.62815,0.779221,9.08244,0.42336,0,0.42336,460.49,0,1.02816,0,0,2.1493,1.12114,1.028160,1,0,113.642,0,0,0,113.642,0
88.4153,2.95009,0,0,13.2874,0.417235,0.36288,3.6288,52.5645,0.66528,0,0,2.28901,0.223993,0,0.66528,12.849,1,0.480683,0.36288,0,245.493,4.60992,240.765,0.84672,12.849,0.84672,3695.15,0,0,0,5.24805,2.18025,24.7067,1.06423,31.0708,0.42336,0,0.42336,460.49,0,1.02816,0,0,6.27621,5.24805,1.028160,1,0,271.836,0,0,0,271.836,0
97.506,2.99572,0,0,15.3006,0.456358,2.75781,3.6288,55.8298,0.66528,0,0,4.15715,0.226538,0,0.66528,12.849,1,0.435355,2.75781,0,372.708,4.60992,370.421,0.84672,12.849,0.84672,3695.15,0,0,0,8.58963,2.18044,30.5033,1.06423,40.2091,0.42336,0,0.42336,460.49,0,1.02816,0,0,9.61779,8.58963,1.028160,1,0,410.63,0,0,0,410.63,0
97.506,3.03186,0,0,8.35471,0.49357,4.82928,3.6288,57.7387,0.66528,0,0,2.80602,0.231876,0,0.66528,12.849,1,0.399528,4.82928,0,254.095,4.60992,253.914,0.84672,12.849,0.84672,3695.15,0,0,0,4.77619,2.18064,19.8382,1.06423,25.7308,0.42336,0,0.42336,460.49,0,1.02816,0,0,5.80435,4.77619,1.028160,1,0,279.645,0,0,0,279.645,0
97.506,3.32788,0,0,5.47177,0.523149,1.62075,3.6288,58.2652,0.66528,0,0,1.38726,0.195388,0,0.66528,12.849,1,0.438536,1.62075,0,156.991,3.76936,154.403,0.84672,12.849,0.84672,3695.15,0,0,0,2.18017,2.18083,10.4837,0.901568,13.9431,0.42336,0,0.42336,460.49,0,1.02816,0,0,3.20833,2.18017,1.028160,1,0,168.346,0,0,0,168.346,0
97.506,3.32817,0,0,5.29049,0.519421,1.44289,3.6288,58.9435,0.66528,0,0,1.53879,0.195216,0,0.66528,12.849,1,0.438575,1.44289,0,176.659,3.56926,174.094,0.84672,12.849,0.84672,3695.15,0,0,0,2.74792,2.42458,10.0201,0.87689,14.3157,0.42336,0,0.42336,460.49,0,1.02816,0,0,3.77608,2.74792,1.028160,1,0,188.409,0,0,0,188.409,0
97.506,3.32847,0,0,8.28533,0.501559,4.4553,3.6288,60.6056,0.66528,0,0,2.54522,0.217869,0,0.66528,12.849,1,0.438614,4.4553,0,215.998,4.09343,215.922,0.84672,12.849,0.84672,3695.15,0,0,0,4.5732,2.4248,18.6095,1.04087,24.5666,0.42336,0,0.42336,460.49,0,1.02816,0,0,5.60136,4.5732,1.028160,1,0,240.488,0,0,0,240.488,0
97.506,3.32877,0,0,6.27436,0.498241,2.44735,3.6288,61.308,0.66528,0,0,2.04076,0.199571,0.473519,0.66528,12.849,1,0.438653,2.44735,0,209.1,3.94977,207.159,0.84672,12.849,0.84672,3695.15,0,0,0,3.98373,2.42501,15.3185,0.928412,20.7989,0.42336,0,0.42336,460.49,0,1.02816,0,0,5.01189,3.98373,1.028160,1,0,228.431,0,0,0,228.431,0
97.506,2.90708,0,0,5.70906,0.511673,2.29031,3.6288,61.308,0.66528,0,0,1.43112,0.158837,0.607004,0.66528,12.849,1,0.383085,2.29031,0,170.768,3.48366,169.191,0.84672,12.849,0.84672,3695.15,0,0,0,2.84361,2.42523,9.31712,0.858725,13.7272,0.42336,0,0.42336,460.49,0,1.02816,0,0,3.87177,2.84361,1.028160,1,0,183.526,0,0,0,183.526,0
97.506,2.90734,0,0,4.63609,0.515433,1.21331,3.6288,61.308,0.66528,0,0,1.19305,0.148157,0.379608,0.66528,12.849,1,0.383119,1.21331,0,127.725,3.3831,125.172,0.84672,12.849,0.84672,3695.15,0,0,0,2.20349,2.09319,7.12057,0.868521,10.5487,0.42336,0,0.42336,460.49,0,1.02816,0,0,3.23165,2.20349,1.028160,1,0,136.101,0,0,0,136.101,0
97.506,2.9076,0,0,5.00902,0.515433,1.58599,3.6288,61.308,0.66528,0,0,1.15181,0.148157,0.33837,0.66528,12.849,1,0.383154,1.58599,0,138.355,3.3831,136.175,0.84672,12.849,0.84672,3695.15,0,0,0,2.67898,2.09337,8.3001,0.868521,12.2039,0.42336,0,0.42336,460.49,0,1.02816,0,0,3.70714,2.67898,1.028160,1,0,148.717,0,0,0,148.717,0
97.506,2.90786,0,0,6.39475,0.515433,2.97146,3.6288,61.308,0.66528,0,0,1.32034,0.148157,0.506902,0.66528,12.849,1,0.383188,2.97146,0,173.242,3.3831,172.448,0.84672,12.849,0.84672,3695.15,0,0,0,2.84484,2.09356,8.9564,0.868521,13.0263,0.42336,0,0.42336,460.49,0,1.02816,0,0,3.873,2.84484,1.028160,1,0,185.981,0,0,0,185.981,0
97.506,2.90812,0,0,7.23552,0.54099,3.78641,3.6288,61.308,0.66528,0,0,1.49796,0.137323,0.695357,0.66528,12.849,1,0.383222,3.78641,0,202.143,3.15932,202.387,0.84672,12.849,0.84672,3695.15,0,0,0,3.28228,2.09375,13.3197,0.865044,17.8307,0.42336,0,0.42336,460.49,0,1.02816,0,0,4.31044,3.28228,1.028160,1,0,220.913,0,0,0,220.913,0
97.506,3.01465,0,0,7.67279,0.578833,4.07931,3.6288,61.308,0.66528,0,0,1.99033,0.12013,1.20492,0.66528,12.849,1,0.39726,4.07931,0,245.36,2.51187,246.531,0.84672,12.849,0.84672,3695.15,0,0,0,4.3969,2.09393,13.1229,0.759441,18.8543,0.42336,0,0.42336,460.49,0,1.02816,0,0,5.42506,4.3969,1.028160,1,0,266.59,0,0,0,266.59,0
97.506,3.01491,0,0,5.48067,0.538126,1.92763,3.6288,61.308,0.66528,0,0,1.34358,0.114811,0.56349,0.66528,12.849,1,0.397295,1.92763,0,171.658,2.74995,170.438,0.84672,12.849,0.84672,3695.15,0,0,0,3.41522,2.17607,9.26795,0.805677,14.0536,0.42336,0,0.42336,460.49,0,1.02816,0,0,4.44338,3.41522,1.028160,1,0,185.055,0,0,0,185.055,0
97.506,3.01518,0,0,4.52897,0.538126,0.975657,3.6288,61.308,0.66528,0,0,1.31172,0.114811,0.531634,0.66528,12.849,1,0.39733,0.975657,0,140.378,2.74995,138.206,0.84672,12.849,0.84672,3695.15,0,0,0,3.01163,2.17627,8.30727,0.805677,12.6895,0.42336,0,0.42336,460.49,0,1.02816,0,0,4.03979,3.01163,1.028160,1,0,151.427,0,0,0,151.427,0
97.506,3.01545,0,0,4.17177,0.540697,0.615623,3.6288,61.308,0.66528,0,0,1.4614,0.11615,0.679966,0.66528,12.849,1,0.397366,0.615623,0,137.629,2.69746,135.15,0.84672,12.849,0.84672,3695.15,0,0,0,2.96745,2.17646,10.4535,0.79876,14.7987,0.42336,0,0.42336,460.49,0,1.02816,0,0,3.99561,2.96745,1.028160,1,0,150.629,0,0,0,150.629,0
97.506,2.97416,0,0,4.29918,0.437394,0.887626,3.6288,61.308,0.66528,0,0,1.79842,0.143476,0.989668,0.66528,12.849,1,0.391924,0.887626,0,107.129,3.68757,103.937,0.84672,12.849,0.84672,3695.15,0,0,0,4.16738,2.17666,9.75707,1.06366,15.0374,0.42336,0,0.42336,460.49,0,1.02816,0,0,5.19554,4.16738,1.028160,1,0,119.964,0,0,0,119.964,0
97.2756,2.97442,0,0,3.52998,0.423043,0.36288,3.6288,61.308,0.66528,0,0,0.817646,0.148955,0.00341103,0.66528,12.849,1,0.391959,0.36288,0,89.7826,3.79554,85.9579,0.84672,12.849,0.84672,3695.15,0,0,0,1.42376,2.14495,5.83983,1.08357,8.32496,0.42336,0,0.42336,460.49,0,1.02816,0,0,2.45192,1.42376,1.028160,1,0,94.2863,0,0,0,94.2863,0
96.6052,2.97387,0,0,3.08851,0.422235,0.36288,3.6288,61.2885,0.66528,0,0,0.794742,0.148955,0,0.66528,12.849,1,0.392814,0.36288,0,83.4736,3.79554,79.6482,0.84672,12.849,0.84672,3695.15,0,0,0,1.28998,2.14514,5.08689,1.08357,7.43844,0.42336,0,0.42336,460.49,0,1.02816,0,0,2.31814,1.28998,1.028160,1,0,87.0866,0,0,0,87.0866,0
96.5528,2.97173,0,0,3.70215,0.419882,0.36288,3.6288,61.308,0.66528,0,0,0.841026,0.148937,0.00731563,0.66528,12.849,1,0.395255,0.36288,0,89.0292,3.79554,85.2012,0.84672,12.849,0.84672,3695.15,0,0,0,1.38856,2.14533,6.32388,1.08357,8.7742,0.42336,0,0.42336,460.49,0,1.02816,0,0,2.41672,1.38856,1.028160,1,0,93.9827,0,0,0,93.9827,0
95.8459,3.11278,0,0,3.1864,0.41763,0.36288,3.6288,61.308,0.66528,0,0,0.960448,0.154747,0.140421,0.66528,12.849,1,0.41424,0.36288,0,80.1282,3.75555,76.3213,0.84672,12.849,0.84672,3695.15,0,0,0,1.63515,2.14552,5.92318,0.988897,8.71496,0.42336,0,0.42336,460.49,0,1.02816,0,0,2.66331,1.63515,1.028160,1,0,85.1767,0,0,0,85.1767,0
95.3576,3.11036,0,0,3.21901,0.234134,0.36288,3.6288,61.308,0.66528,0,0,0.988295,0.200325,0.12269,0.66528,12.849,1,0.416971,0.36288,0,76.5374,4.34228,72.1411,0.84672,12.849,0.84672,3695.15,0,0,0,1.66603,2.25754,5.56032,1.03372,8.45017,0.42336,0,0.42336,460.49,0,1.02816,0,0,2.69419,1.66603,1.028160,1,0,80.7139,0,0,0,80.7139,0
94.5117,3.10875,0,0,2.85889,0.233173,0.36288,3.6288,61.248,0.66528,0,0,0.805611,0.200325,0,0.66528,12.849,1,0.41889,0.36288,0,68.4478,4.34228,64.0495,0.84672,12.849,0.84672,3695.15,0,0,0,1.26281,2.25774,4.76872,1.03372,7.25555,0.42336,0,0.42336,460.49,0,1.02816,0,0,2.29097,1.26281,1.028160,1,0,71.3051,0,0,0,71.3051,0
93.5649,3.10573,0,0,2.75333,0.231507,0.36288,3.6288,61.031,0.66528,0,0,0.648518,0.200249,0,0.66528,12.849,1,0.422229,0.36288,0,63.0763,4.34228,58.6747,0.84672,12.849,0.84672,3695.15,0,0,0,1.09165,2.25794,4.58457,1.03372,6.90045,0.42336,0,0.42336,460.49,0,1.02816,0,0,2.11981,1.09165,1.028160,1,0,65.5751,0,0,0,65.5751,0
92.283,3.10225,0,0,2.42502,0.241763,0.36288,3.6288,60.7754,0.66528,0,0,0.678842,0.269202,0,0.66528,12.849,1,0.426023,0.36288,0,57.132,5.52009,51.5488,0.84672,12.849,0.84672,3695.15,0,0,0,1.13381,2.25815,4.48751,1.27569,6.60377,0.42336,0,0.42336,460.49,0,1.02816,0,0,2.16197,1.13381,1.028160,1,0,58.1525,0,0,0,58.1525,0
90.5055,3.06959,0,0,1.88117,0.226239,0.36288,3.6288,60.6698,0.66528,0,0,0.839817,0.28014,0,0.66528,12.849,1,0.427394,0.36288,0,53.0018,5.23377,47.7035,0.84672,12.849,0.84672,3695.15,0,0,0,1.39835,2.25835,4.63895,1.31013,6.98552,0.42336,0,0.42336,460.49,0,1.02816,0,0,2.42651,1.39835,1.028160,1,0,54.6891,0,0,0,54.6891,0
88.6566,3.06251,0,0,1.78553,0.209046,0.36288,3.6288,60.5291,0.66528,0,0,0.816368,0.291694,0,0.66528,12.849,1,0.434783,0.36288,0,49.1192,5.24643,43.8008,0.84672,12.849,0.84672,3695.15,0,0,0,1.3138,2.29765,4.59906,1.34919,6.86133,0.42336,0,0.42336,460.49,0,1.02816,0,0,2.34196,1.3138,1.028160,1,0,50.6622,0,0,0,50.6622,0
86.7008,3.05487,0,0,1.66762,0.205643,0.36288,3.6288,60.2873,0.66528,0,0,0.714865,0.291434,0,0.66528,12.849,1,0.442742,0.36288,0,45.23,5.24643,39.9037,0.84672,12.849,0.84672,3695.15,0,0,0,1.22265,2.29786,4.35929,1.34919,6.5306,0.42336,0,0.42336,460.49,0,1.02816,0,0,2.25081,1.22265,1.028160,1,0,46.4343,0,0,0,46.4343,0
84.6621,3.04644,0,0,1.57269,0.202043,0.36288,3.6288,59.9978,0.66528,0,0,0.666732,0.290986,0,0.66528,12.849,1,0.45148,0.36288,0,43.3108,5.24643,37.9757,0.84672,12.849,0.84672,3695.15,0,0,0,1.09538,2.29806,4.1311,1.34919,6.17536,0.42336,0,0.42336,460.49,0,1.02816,0,0,2.12354,1.09538,1.028160,1,0,44.1511,0,0,0,44.1511,0
82.4726,3.10815,0,0,1.43856,0.157018,0.36288,3.6288,59.7641,0.66528,0,0,0.771436,0.339785,0,0.66528,12.849,1,0.471719,0.36288,0,42.2696,6.15984,36.0009,0.84672,12.849,0.84672,3695.15,0,0,0,0.933396,2.29827,3.49647,1.53964,5.18849,0.42336,0,0.42336,460.49,0,1.02816,0,0,1.96156,0.933396,1.028160,1,0,41.1894,0,0,0,41.1894,0
80.1634,3.0976,0,0,1.29833,0.147087,0.36288,3.6288,59.4056,0.66528,0,0,0.654221,0.347489,0,0.66528,12.849,1,0.482597,0.36288,0,34.539,6.31208,28.1072,0.84672,12.849,0.84672,3695.15,0,0,0,1.02656,2.35392,3.35947,1.57139,5.16856,0.42336,0,0.42336,460.49,0,1.02816,0,0,2.05472,1.02656,1.028160,1,0,33.2758,0,0,0,33.2758,0
77.7711,3.08589,0,0,1.20037,0.143869,0.36288,3.6288,59.0003,0.66528,0,0,0.606692,0.346693,0,0.66528,12.849,1,0.494622,0.36288,0,33.1199,6.31208,26.6761,0.84672,12.849,0.84672,3695.15,0,0,0,0.776503,2.35413,2.92103,1.57139,4.48027,0.42336,0,0.42336,460.49,0,1.02816,0,0,1.80466,0.776503,1.028160,1,0,31.1563,0,0,0,31.1563,0
75.4287,3.07311,0,0,1.22706,0.133488,0.36288,3.6288,58.6604,0.66528,0,0,0.673764,0.348346,0,0.66528,12.849,1,0.507725,0.36288,0,31.5003,6.38685,24.9686,0.84672,12.849,0.84672,3695.15,0,0,0,1.02003,2.35434,3.61307,1.58633,5.40111,0.42336,0,0.42336,460.49,0,1.02816,0,0,2.04819,1.02003,1.028160,1,0,30.3697,0,0,0,30.3697,0
72.9832,3.26426,0,0,1.29505,0.113401,0.36288,3.6288,58.2903,0.66528,0,0,0.624398,0.329263,0,0.66528,12.849,1,0.556055,0.36288,0,29.6935,6.2787,23.2216,0.84672,12.849,0.84672,3695.15,0,0,0,0.998205,2.35455,4.22845,1.55461,6.0266,0.42336,0,0.42336,460.49,0,1.02816,0,0,2.02637,0.998205,1.028160,1,0,29.2482,0,0,0,29.2482,0
70.5869,3.24871,0,0,1.30379,0.0884874,0.36288,3.6288,57.8163,0.66528,0,0,0.534876,0.343568,0,0.66528,12.849,1,0.571949,0.36288,0,28.7773,6.17515,22.3931,0.84672,12.849,0.84672,3695.15,0,0,0,0.98445,2.54453,3.67959,1.49031,5.71826,0.42336,0,0.42336,460.49,0,1.02816,0,0,2.01261,0.98445,1.028160,1,0,28.1114,0,0,0,28.1114,0
68.0719,3.23257,0,0,1.14415,0.06377,0.36288,3.6288,57.3245,0.66528,0,0,0.516008,0.342518,0,0.66528,12.849,1,0.588428,0.36288,0,36.5813,6.17515,30.1806,0.84672,12.849,0.84672,3695.15,0,0,0,0.89481,2.54476,3.53343,1.49031,5.48269,0.42336,0,0.42336,460.49,0,1.02816,0,0,1.92297,0.89481,1.028160,1,0,35.6633,0,0,0,35.6633,0
65.6004,3.21457,0,0,1.16852,0.0625371,0.36288,3.6288,56.9097,0.66528,0,0,0.591915,0.341429,0,0.66528,12.849,1,0.606771,0.36288,0,31.6883,6.17515,25.2693,0.84672,12.849,0.84672,3695.15,0,0,0,1.0038,2.54499,3.66936,1.49031,5.72783,0.42336,0,0.42336,460.49,0,1.02816,0,0,2.03196,1.0038,1.028160,1,0,30.9971,0,0,0,30.9971,0
63.2793,3.19574,0,0,1.30171,0.0641342,0.36288,3.6288,56.8952,0.66528,0,0,0.994386,0.343657,0,0.66528,12.849,1,0.625942,0.36288,0,34.6855,6.14493,28.2775,0.84672,12.849,0.84672,3695.15,0,0,0,2.29966,2.54521,5.47456,1.46362,8.85581,0.42336,0,0.42336,460.49,0,1.02816,0,0,3.32782,2.29966,1.028160,1,0,37.1334,0,0,0,37.1334,0
61.303,3.08001,0,0,1.54602,0.0794836,0.36288,3.6288,57.6243,0.66528,0,0,1.75689,0.362497,0,0.66528,12.849,1,0.625402,0.36288,0,57.3417,5.96358,51.1156,0.84672,12.849,0.84672,3695.15,0,0,0,4.45577,2.54544,5.83297,1.30349,11.5307,0.42336,0,0.42336,460.49,0,1.02816,0,0,5.48393,4.45577,1.028160,1,0,62.6463,0,0,0,62.6463,0
59.0274,3.06361,0,0,1.24401,0.0930723,0.36288,3.6288,58.0003,0.66528,0,0,1.3952,0.353897,0,0.66528,12.849,1,0.642127,0.36288,0,41.1464,5.79556,35.0715,0.84672,12.849,0.84672,3695.15,0,0,0,3.71569,2.43579,6.89321,1.2599,11.7848,0.42336,0,0.42336,460.49,0,1.02816,0,0,4.74385,3.71569,1.028160,1,0,46.8563,0,0,0,46.8563,0
57.1244,3.04355,0,0,1.59202,0.0886093,0.36288,3.6288,58.3873,0.66528,0,0,1.40575,0.35352,0,0.66528,12.849,1,0.662516,0.36288,0,38.5281,5.91495,32.3135,0.84672,12.849,0.84672,3695.15,0,0,0,3.96598,2.43601,8.90551,1.12672,14.1808,0.42336,0,0.42336,460.49,0,1.02816,0,0,4.99414,3.96598,1.028160,1,0,46.4943,0,0,0,46.4943,0
60.2834,3.0258,0,0,6.65273,0.105039,0.36288,3.6288,60.5653,0.66528,0,0,3.15634,0.313057,0,0.66528,12.849,1,0.680594,0.36288,0,87.4757,5.63682,81.5211,0.84672,12.849,0.84672,3695.15,0,0,0,8.80105,2.43623,20.1109,0.951177,30.397,0.42336,0,0.42336,460.49,0,1.02816,0,0,9.82921,8.80105,1.028160,1,0,111.918,0,0,0,111.918,0
60.861,2.97654,0,0,4.12938,0.21235,0.36288,3.6288,61.308,0.66528,0,0,2.5184,0.305508,0.804897,0.66528,12.849,1,0.63443,0.36288,0,88.075,4.98708,82.8163,0.84672,12.849,0.84672,3695.15,0,0,0,5.33307,2.43644,15.3381,1.17109,21.9365,0.42336,0,0.42336,460.49,0,1.02816,0,0,6.36123,5.33307,1.028160,1,0,105.558,0,0,0,105.558,0
61.192,2.98178,0,0,3.91427,0.23861,0.36288,3.6288,61.308,0.66528,0,0,1.83889,0.322243,0.851371,0.66528,12.849,1,0.629515,0.36288,0,59.4321,4.94592,54.2196,0.84672,12.849,0.84672,3695.15,0,0,0,3.71034,2.33857,10.5626,1.32713,15.2844,0.42336,0,0.42336,460.49,0,1.02816,0,0,4.7385,3.71034,1.028160,1,0,70.3553,0,0,0,70.3553,0
61.2366,2.98486,0,0,3.63163,0.239266,0.36288,3.6288,61.308,0.66528,0,0,2.22433,0.322243,1.23681,0.66528,12.849,1,0.626756,0.36288,0,69.6583,4.94592,64.4485,0.84672,12.849,0.84672,3695.15,0,0,0,3.94756,2.33878,11.8056,1.32713,16.7648,0.42336,0,0.42336,460.49,0,1.02816,0,0,4.97572,3.94756,1.028160,1,0,82.4501,0,0,0,82.4501,0
61.359,2.98551,0,0,3.71865,0.247897,0.36288,3.6288,61.308,0.66528,0,0,1.76965,0.2977,0.806673,0.66528,12.849,1,0.626435,0.36288,0,77.2209,5.01012,71.9472,0.84672,12.849,0.84672,3695.15,0,0,0,2.60046,2.33898,11.535,1.24751,15.2269,0.42336,0,0.42336,460.49,0,1.02816,0,0,3.62862,2.60046,1.028160,1,0,87.9808,0,0,0,87.9808,0
61.664,2.76186,0,0,3.65525,0.225553,0.36288,3.6288,61.308,0.66528,0,0,1.43023,0.225746,0.539205,0.66528,12.849,1,0.578353,0.36288,0,76.534,3.79629,72.5222,0.84672,12.849,0.84672,3695.15,0,0,0,2.02356,2.33919,9.33733,0.994277,12.7058,0.42336,0,0.42336,460.49,0,1.02816,0,0,3.05172,2.02356,1.028160,1,0,85.7672,0,0,0,85.7672,0
61.7013,2.76448,0,0,3.41494,0.250211,0.36288,3.6288,61.308,0.66528,0,0,1.52035,0.19334,0.661734,0.66528,12.849,1,0.576038,0.36288,0,54.8731,3.70167,50.9582,0.84672,12.849,0.84672,3695.15,0,0,0,2.42584,2.12143,9.13101,0.873548,12.8047,0.42336,0,0.42336,460.49,0,1.02816,0,0,3.454,2.42584,1.028160,1,0,64.4247,0,0,0,64.4247,0
62.405,2.76501,0,0,4.08185,0.250288,0.36288,3.6288,61.308,0.66528,0,0,2.01355,0.19334,1.15493,0.66528,12.849,1,0.5758,0.36288,0,57.7142,3.70167,53.7996,0.84672,12.849,0.84672,3695.15,0,0,0,3.57809,2.12162,10.8949,0.873548,15.721,0.42336,0,0.42336,460.49,0,1.02816,0,0,4.60625,3.57809,1.028160,1,0,70.6755,0,0,0,70.6755,0
63.1593,2.77064,0,0,4.1396,0.251741,0.36288,3.6288,61.308,0.66528,0,0,2.49377,0.19334,1.63515,0.66528,12.849,1,0.570467,0.36288,0,70.187,3.70167,66.2778,0.84672,12.849,0.84672,3695.15,0,0,0,4.21074,2.12181,12.9475,0.873548,18.4065,0.42336,0,0.42336,460.49,0,1.02816,0,0,5.2389,4.21074,1.028160,1,0,86.3194,0,0,0,86.3194,0
66.0967,2.77655,0,0,6.3446,0.267817,0.36288,3.6288,61.308,0.66528,0,0,2.96639,0.177558,2.12355,0.66528,12.849,1,0.564856,0.36288,0,74.0621,3.91281,69.9473,0.84672,12.849,0.84672,3695.15,0,0,0,4.54098,2.122,16.1952,0.906653,21.9515,0.42336,0,0.42336,460.49,0,1.02816,0,0,5.56914,4.54098,1.028160,1,0,94.0223,0,0,0,94.0223,0
67.5072,2.88545,0,0,4.93229,0.273484,0.36288,3.6288,61.308,0.66528,0,0,2.19478,0.204818,1.32469,0.66528,12.849,1,0.560923,0.36288,0,103.493,4.22278,99.0717,0.84672,12.849,0.84672,3695.15,0,0,0,3.11456,2.12219,13.505,0.785082,17.9567,0.42336,0,0.42336,460.49,0,1.02816,0,0,4.14272,3.11456,1.028160,1,0,118.353,0,0,0,118.353,0
70.417,2.89553,0,0,6.44485,0.276555,0.36288,3.6288,61.308,0.66528,0,0,2.29675,0.204818,1.42666,0.66528,12.849,1,0.551122,0.36288,0,112.558,4.22278,108.147,0.84672,12.849,0.84672,3695.15,0,0,0,3.80325,2.19036,11.755,0.785082,16.9635,0.42336,0,0.42336,460.49,0,1.02816,0,0,4.83141,3.80325,1.028160,1,0,126.537,0,0,0,126.537,0
71.9322,2.91502,0,0,5.07592,0.282891,0.36288,3.6288,61.308,0.66528,0,0,2.16838,0.204818,1.29828,0.66528,12.849,1,0.531904,0.36288,0,107.762,4.22278,103.37,0.84672,12.849,0.84672,3695.15,0,0,0,2.63893,2.19053,10.287,0.785082,14.3313,0.42336,0,0.42336,460.49,0,1.02816,0,0,3.66709,2.63893,1.028160,1,0,118.999,0,0,0,118.999,0
71.6634,2.92476,0,0,3.30503,0.28619,0.36288,3.6288,61.308,0.66528,0,0,1.57314,0.204818,0.703038,0.66528,12.849,1,0.522441,0.36288,0,58.311,4.22278,53.9287,0.84672,12.849,0.84672,3695.15,0,0,0,2.01454,2.19071,8.14277,0.785082,11.5629,0.42336,0,0.42336,460.49,0,1.02816,0,0,3.0427,2.01454,1.028160,1,0,66.1946,0,0,0,66.1946,0
71.0795,3.20847,0,0,3.30299,0.315525,0.36288,3.6288,61.308,0.66528,0,0,1.42344,0.240316,0.517844,0.66528,12.849,1,0.575268,0.36288,0,69.1565,4.27706,64.667,0.84672,12.849,0.84672,3695.15,0,0,0,1.82745,2.19089,7.11046,1.01555,10.1132,0.42336,0,0.42336,460.49,0,1.02816,0,0,2.85561,1.82745,1.028160,1,0,75.2981,0,0,0,75.2981,0
70.4929,3.20473,0,0,3.2892,0.308216,0.36288,3.6288,61.308,0.66528,0,0,1.5591,0.266364,0.627453,0.66528,12.849,1,0.579317,0.36288,0,88.776,4.39582,84.1637,0.84672,12.849,0.84672,3695.15,0,0,0,2.32387,2.43574,8.00509,1.1352,11.6295,0.42336,0,0.42336,460.49,0,1.02816,0,0,3.35203,2.32387,1.028160,1,0,96.4207,0,0,0,96.4207,0
71.1476,3.2009,0,0,4.52895,0.310456,0.36288,3.6288,61.308,0.66528,0,0,1.56829,0.258468,0.644541,0.66528,12.849,1,0.583441,0.36288,0,89.659,4.2606,85.1778,0.84672,12.849,0.84672,3695.15,0,0,0,2.31345,2.43593,9.67049,1.10748,13.3124,0.42336,0,0.42336,460.49,0,1.02816,0,0,3.34161,2.31345,1.028160,1,0,99.1348,0,0,0,99.1348,0
71.7546,3.20571,0,0,4.50945,0.333875,0.36288,3.6288,61.308,0.66528,0,0,1.99869,0.211096,1.12232,0.66528,12.849,1,0.57894,0.36288,0,109.164,3.44925,105.499,0.84672,12.849,0.84672,3695.15,0,0,0,3.01977,2.43613,12.8574,0.941174,17.3721,0.42336,0,0.42336,460.49,0,1.02816,0,0,4.04793,3.01977,1.028160,1,0,123.993,0,0,0,123.993,0
74.606,2.80322,0,0,6.32297,0.305445,0.36288,3.6288,61.308,0.66528,0,0,2.05255,0.221379,1.16589,0.66528,12.849,1,0.501969,0.36288,0,144.228,3.49665,140.593,0.84672,12.849,0.84672,3695.15,0,0,0,4.01045,2.43632,12.8352,0.972071,18.3099,0.42336,0,0.42336,460.49,0,1.02816,0,0,5.03861,4.01045,1.028160,1,0,160.068,0,0,0,160.068,0
76.8754,2.81981,0,0,5.90512,0.453021,0.36288,3.6288,61.308,0.66528,0,0,1.72578,0.255143,0.805356,0.66528,12.849,1,0.485641,0.36288,0,178.267,3.63247,174.512,0.84672,12.849,0.84672,3695.15,0,0,0,3.37539,2.10274,10.615,1.09515,14.998,0.42336,0,0.42336,460.49,0,1.02816,0,0,4.40355,3.37539,1.028160,1,0,190.316,0,0,0,190.316,0
79.1884,2.83232,0,0,5.97171,0.463546,0.36288,3.6288,61.308,0.66528,0,0,2.195,0.255143,1.27458,0.66528,12.849,1,0.473395,0.36288,0,149.284,3.63247,145.541,0.84672,12.849,0.84672,3695.15,0,0,0,4.1323,2.10291,12.4004,1.09515,17.5405,0.42336,0,0.42336,460.49,0,1.02816,0,0,5.16046,4.1323,1.028160,1,0,164.356,0,0,0,164.356,0
81.5947,2.84444,0,0,6.08791,0.474274,0.36288,3.6288,61.308,0.66528,0,0,2.67271,0.255143,1.75228,0.66528,12.849,1,0.461536,0.36288,0,160.618,3.63247,156.886,0.84672,12.849,0.84672,3695.15,0,0,0,4.77273,2.10308,13.9939,1.09515,19.7746,0.42336,0,0.42336,460.49,0,1.02816,0,0,5.80089,4.77273,1.028160,1,0,178.413,0,0,0,178.413,0
83.4199,2.85643,0,0,5.49837,0.453809,0.36288,3.6288,61.308,0.66528,0,0,2.20973,0.239831,1.30462,0.66528,12.849,1,0.449812,0.36288,0,172.179,3.50292,168.589,0.84672,12.849,0.84672,3695.15,0,0,0,4.15982,2.10325,11.6606,1.08181,16.8419,0.42336,0,0.42336,460.49,0,1.02816,0,0,5.18798,4.15982,1.028160,1,0,186.735,0,0,0,186.735,0
83.7613,2.96988,0,0,4.1836,0.509486,0.36288,3.6288,61.308,0.66528,0,0,1.83588,0.232187,0.938412,0.66528,12.849,1,0.457444,0.36288,0,123.729,3.94632,119.688,0.84672,12.849,0.84672,3695.15,0,0,0,3.96533,2.10341,8.12696,1.17712,13.0186,0.42336,0,0.42336,460.49,0,1.02816,0,0,4.99349,3.96533,1.028160,1,0,133.645,0,0,0,133.645,0
84.5731,2.97173,0,0,4.65757,0.511119,0.36288,3.6288,61.308,0.66528,0,0,1.7016,0.232187,0.804129,0.66528,12.849,1,0.455864,0.36288,0,116.932,3.94632,112.893,0.84672,12.849,0.84672,3695.15,0,0,0,4.4496,2.18591,10.351,1.17712,15.8094,0.42336,0,0.42336,460.49,0,1.02816,0,0,5.47776,4.4496,1.028160,1,0,129.506,0,0,0,129.506,0
84.4803,2.97577,0,0,3.73341,0.487595,0.36288,3.6288,61.308,0.66528,0,0,1.17452,0.241703,0.267539,0.66528,12.849,1,0.452102,0.36288,0,93.4114,4.06266,89.2595,0.84672,12.849,0.84672,3695.15,0,0,0,3.53447,2.18608,7.61253,1.20002,12.1331,0.42336,0,0.42336,460.49,0,1.02816,0,0,4.56263,3.53447,1.028160,1,0,101.66,0,0,0,101.66,0
84.4313,2.97558,0,0,3.70676,0.417305,0.36288,3.6288,61.308,0.66528,0,0,0.955092,0.272682,0.0171291,0.66528,12.849,1,0.452569,0.36288,0,78.6767,4.82889,73.7581,0.84672,12.849,0.84672,3695.15,0,0,0,3.60275,2.18626,7.43671,1.33206,11.8937,0.42336,0,0.42336,460.49,0,1.02816,0,0,4.63091,3.60275,1.028160,1,0,85.6689,0,0,0,85.6689,0
83.8276,2.93458,0,0,3.11366,0.419901,0.36288,3.6288,61.308,0.66528,0,0,0.980951,0.216383,0.0992876,0.66528,12.849,1,0.446592,0.36288,0,80.949,4.4973,76.368,0.84672,12.849,0.84672,3695.15,0,0,0,2.07916,2.18643,6.26619,1.18805,9.34374,0.42336,0,0.42336,460.49,0,1.02816,0,0,3.10732,2.07916,1.028160,1,0,85.811,0,0,0,85.811,0
83.1748,2.93202,0,0,3.06043,0.418316,0.36288,3.6288,61.308,0.66528,0,0,0.935315,0.205402,0.0646324,0.66528,12.849,1,0.449417,0.36288,0,74.6392,4.3364,70.2163,0.84672,12.849,0.84672,3695.15,0,0,0,1.61524,2.15456,6.15394,1.14742,8.77632,0.42336,0,0.42336,460.49,0,1.02816,0,0,2.6434,1.61524,1.028160,1,0,79.0573,0,0,0,79.0573,0
82.1725,2.9292,0,0,2.63496,0.345173,0.36288,3.6288,61.2002,0.66528,0,0,0.785825,0.228378,0,0.66528,12.849,1,0.452508,0.36288,0,69.3861,4.2623,65.0342,0.84672,12.849,0.84672,3695.15,0,0,0,1.90674,2.15474,5.42437,1.10648,8.37936,0.42336,0,0.42336,460.49,0,1.02816,0,0,2.9349,1.90674,1.028160,1,0,73.4135,0,0,0,73.4135,0
80.8734,2.92466,0,0,2.27794,0.289474,0.36288,3.6288,61.0533,0.66528,0,0,0.763817,0.245442,0,0.66528,12.849,1,0.457318,0.36288,0,52.5413,4.20672,48.2402,0.84672,12.849,0.84672,3695.15,0,0,0,1.96356,2.15491,4.84768,1.07578,7.89037,0.42336,0,0.42336,460.49,0,1.02816,0,0,2.99172,1.96356,1.028160,1,0,56.1305,0,0,0,56.1305,0
79.3061,3.057,0,0,2.14132,0.288793,0.36288,3.6288,60.953,0.66528,0,0,0.805697,0.240647,0,0.66528,12.849,1,0.48569,0.36288,0,42.2696,4.46385,37.6829,0.84672,12.849,0.84672,3695.15,0,0,0,1.81787,2.15508,4.62634,1.07674,7.52255,0.42336,0,0.42336,460.49,0,1.02816,0,0,2.84603,1.81787,1.028160,1,0,45.2055,0,0,0,45.2055,0
77.9062,3.04899,0,0,2.29918,0.287212,0.36288,3.6288,60.8138,0.66528,0,0,0.750012,0.223957,0,0.66528,12.849,1,0.493991,0.36288,0,51.5758,4.49763,46.947,0.84672,12.849,0.84672,3695.15,0,0,0,1.27522,2.26758,4.39678,1.09181,6.84778,0.42336,0,0.42336,460.49,0,1.02816,0,0,2.30338,1.27522,1.028160,1,0,53.7948,0,0,0,53.7948,0
76.3193,3.04161,0,0,2.0228,0.205227,0.36288,3.6288,60.5653,0.66528,0,0,0.639084,0.222295,0,0.66528,12.849,1,0.50165,0.36288,0,44.542,4.46481,39.9385,0.84672,12.849,0.84672,3695.15,0,0,0,1.27571,2.26776,4.04563,1.03997,6.54914,0.42336,0,0.42336,460.49,0,1.02816,0,0,2.30387,1.27571,1.028160,1,0,46.4876,0,0,0,46.4876,0
74.6849,3.03293,0,0,1.96343,0.202001,0.36288,3.6288,60.3568,0.66528,0,0,0.678698,0.221944,0,0.66528,12.849,1,0.510619,0.36288,0,42.4552,4.46481,37.8427,0.84672,12.849,0.84672,3695.15,0,0,0,1.24931,2.26794,4.30371,1.03997,6.781,0.42336,0,0.42336,460.49,0,1.02816,0,0,2.27747,1.24931,1.028160,1,0,44.6237,0,0,0,44.6237,0
73.0146,3.02364,0,0,1.90787,0.191621,0.36288,3.6288,60.1035,0.66528,0,0,0.646008,0.234021,0,0.66528,12.849,1,0.520195,0.36288,0,40.442,4.63623,35.6485,0.84672,12.849,0.84672,3695.15,0,0,0,1.05837,2.26812,3.96627,1.0885,6.20427,0.42336,0,0.42336,460.49,0,1.02816,0,0,2.08653,1.05837,1.028160,1,0,41.8527,0,0,0,41.8527,0
71.4623,2.98676,0,0,1.94401,0.146717,0.36288,3.6288,59.6395,0.66528,0,0,0.508993,0.30775,0,0.66528,12.849,1,0.525606,0.36288,0,40.4077,5.66475,34.5803,0.84672,12.849,0.84672,3695.15,0,0,0,0.399246,2.2683,3.09484,1.3797,4.38269,0.42336,0,0.42336,460.49,0,1.02816,0,0,1.42741,0.399246,1.028160,1,0,38.9629,0,0,0,38.9629,0
69.8093,2.97733,0,0,1.79362,0.10641,0.36288,3.6288,59.1625,0.66528,0,0,0.495167,0.306841,0,0.66528,12.849,1,0.535327,0.36288,0,36.5129,5.66475,30.6757,0.84672,12.849,0.84672,3695.15,0,0,0,0.323369,2.30776,2.91418,1.3797,4.16561,0.42336,0,0.42336,460.49,0,1.02816,0,0,1.35153,0.323369,1.028160,1,0,34.8413,0,0,0,34.8413,0
68.0523,2.96686,0,0,1.67783,0.105067,0.36288,3.6288,58.5554,0.755404,0,0,0.45418,0.305906,0,0.66528,12.849,1,0.546076,0.36288,0,33.2982,5.66475,27.4503,0.84672,12.849,0.84672,3695.15,0,0,0,0.261274,2.30795,2.83974,1.3797,4.02927,0.42336,0,0.42336,460.49,0,0.938036,0,0,1.19931,0.261274,1.028160,1,0,31.4795,0,0,0,31.4795,0
66.2568,2.95524,0,0,1.62626,0.10364,0.36288,3.6288,57.8649,0.823159,0,0,0.437362,0.304715,0,0.66528,12.849,1,0.55798,0.36288,0,29.6826,5.66475,23.8228,0.84672,12.849,0.84672,3695.15,0,0,0,0.261274,2.30813,2.81012,1.3797,3.99982,0.42336,0,0.42336,460.49,0,0.870281,0,0,1.13155,0.261274,1.028160,1,0,27.8226,0,0,0,27.8226,0
64.2501,3.01148,0,0,1.45394,0.0862478,0.36288,3.6288,57.0625,0.888166,0,0,0.397897,0.31206,0,0.66528,12.849,1,0.584009,0.36288,0,27.5645,5.68321,21.6602,0.84672,12.849,0.84672,3695.15,0,0,0,0.261274,2.30832,2.45475,1.45748,3.56686,0.42336,0,0.42336,460.49,0,0.805274,0,0,1.06655,0.261274,1.028160,1,0,25.227,0,0,0,25.227,0
62.1865,2.99652,0,0,1.38117,0.0854259,0.36288,3.6288,56.2834,0.856639,0,0,0.385386,0.307851,0,0.66528,12.849,1,0.599257,0.36288,0,25.2375,5.63745,19.3637,0.84672,12.849,0.84672,3695.15,0,0,0,0.261274,2.36419,2.29285,1.45711,3.4612,0.42336,0,0.42336,460.49,0,0.836801,0,0,1.09807,0.261274,1.028160,1,0,22.8249,0,0,0,22.8249,0
59.9818,2.98028,0,0,1.22251,0.0840014,0.36288,3.6288,55.4261,0.91273,0,0,0.361723,0.306292,0,0.66528,12.849,1,0.615788,0.36288,0,23.8239,5.63745,17.9336,0.84672,12.849,0.84672,3695.15,0,0,0,0.261274,2.36438,2.29414,1.45711,3.46269,0.42336,0,0.42336,460.49,0,0.78071,0,0,1.04198,0.261274,1.028160,1,0,21.3963,0,0,0,21.3963,0
57.6923,2.96188,0,0,1.11773,0.0824473,0.36288,3.6288,54.5102,0.960785,0,0,0.349417,0.304578,0,0.66528,12.849,1,0.634479,0.36288,0,22.3734,5.63745,16.4643,0.84672,12.849,0.84672,3695.15,0,0,0,0.227405,2.36457,2.18583,1.45711,3.3207,0.42336,0,0.42336,460.49,0,0.732655,0,0,0.96006,0.227405,1.028160,1,0,19.785,0,0,0,19.785,0
55.1689,3.13797,0,0,1.04094,0.0635314,0.36288,3.6288,53.5074,1.02806,0,0,0.334871,0.309568,0,0.66528,12.849,1,0.698877,0.36288,0,20.4681,5.75169,14.3804,0.84672,12.849,0.84672,3695.15,0,0,0,0.227405,2.36476,2.16556,1.50327,3.25445,0.42336,0,0.42336,460.49,0,0.665384,0,0,0.892788,0.227405,1.028160,1,0,17.6348,0,0,0,17.6348,0
52.7413,3.11229,0,0,1.09753,0.0499085,0.36288,3.6288,52.3309,1.15337,0,0,0.283881,0.307093,0,0.66528,12.849,1,0.724863,0.36288,0,19.2192,5.51387,13.3434,0.84672,12.849,0.84672,3695.15,0,0,0,0.227405,2.55554,1.6976,1.51408,2.96646,0.42336,0,0.42336,460.49,0,0.540069,0,0,0.767474,0.227405,1.028160,1,0,16.3099,0,0,0,16.3099,0
50.4127,3.08571,0,0,1.1687,0.0486937,0.36288,3.6288,51.4009,0.974929,0,0,0.349186,0.304214,0,0.66528,12.849,1,0.751751,0.36288,0,24.457,5.51387,18.5543,0.84672,12.849,0.84672,3695.15,0,0,0,0.227405,2.55575,1.89613,1.51408,3.1652,0.42336,0,0.42336,460.49,0,0.718511,0,0,0.945916,0.227405,1.028160,1,0,21.7195,0,0,0,21.7195,0
47.9055,3.05829,0,0,0.961485,0.0475285,0.36288,3.6288,50.1019,1.25139,0,0,0.254306,0.301939,0,0.66528,12.849,1,0.779484,0.36288,0,22.4065,5.51387,16.476,0.84672,12.849,0.84672,3695.15,0,0,0,0.204422,2.55595,1.55302,1.51408,2.79931,0.42336,0,0.42336,460.49,0,0.442054,0,0,0.646476,0.204422,1.028160,1,0,19.2753,0,0,0,19.2753,0
45.6682,3.02636,0,0,1.19817,0.046266,0.36288,3.6288,49.5784,0.66528,0,0,0.440538,0.29876,0,0.66528,12.849,1,0.811717,0.36288,0,21.8411,5.51387,15.8784,0.84672,12.849,0.84672,3695.15,0,0,0,0.249394,2.55616,2.42219,1.51408,3.71366,0.42336,0,0.42336,460.49,0,1.02816,0,0,1.27755,0.249394,1.028160,1,0,19.592,0,0,0,19.592,0
43.4887,2.90417,0,0,1.08898,0.00139648,0.36288,3.6288,48.9992,0.715539,0,0,0.413262,0.276935,0,0.66528,12.849,1,0.817104,0.36288,0,25.2901,5.48415,19.3518,0.84672,12.849,0.84672,3695.15,0,0,0,0.204422,2.55636,1.86537,1.47031,3.15584,0.42336,0,0.42336,460.49,0,0.977901,0,0,1.18232,0.204422,1.028160,1,0,22.5076,0,0,0,22.5076,0
40.7411,2.87279,0,0,0.489396,0.0013624,0.36288,3.6288,47.7116,1.25376,0,0,0.24184,0.275615,0,0.66528,12.849,1,0.848782,0.36288,0,21.7181,5.48415,15.7481,0.84672,12.849,0.84672,3695.15,0,0,0,0.204422,2.44622,1.00838,1.47031,2.18871,0.42336,0,0.42336,460.49,0,0.439684,0,0,0.644107,0.204422,1.028160,1,0,17.9368,0,0,0,17.9368,0
38.1012,2.8295,0,0,0.553819,0.00131944,0.36288,3.6288,46.4188,1.30366,0,0,0.283487,0.272683,0,0.66528,12.849,1,0.892372,0.36288,0,17.4342,5.48415,11.4206,0.84672,12.849,0.84672,3695.15,0,0,0,0.216518,2.44642,1.12289,1.47031,2.31551,0.42336,0,0.42336,460.49,0,0.389782,0,0,0.606301,0.216518,1.028160,1,0,13.7361,0,0,0,13.7361,0
36.4511,2.78348,0,0,1.58919,0.0929044,0.36288,3.6288,45.9919,0.66528,0,0,0.521048,0.28261,0,0.66528,12.849,1,0.938683,0.36288,0,28.9303,4.73822,23.6162,0.84672,12.849,0.84672,3695.15,0,0,0,0.537762,2.44661,2.50665,1.29835,4.19268,0.42336,0,0.42336,460.49,0,1.02816,0,0,1.56592,0.537762,1.028160,1,0,27.8089,0,0,0,27.8089,0
34.5137,2.68119,0,0,1.20176,0.0951085,0.36288,3.6288,45.0775,1.05413,0,0,0.350419,0.210749,0,0.66528,12.849,1,0.945117,0.36288,0,34.6149,4.03723,29.9954,0.84672,12.849,0.84672,3695.15,0,0,0,0.216518,2.44681,1.56241,1.0456,3.18014,0.42336,0,0.42336,460.49,0,0.639313,0,0,0.855832,0.216518,1.028160,1,0,33.1755,0,0,0,33.1755,0
33.4424,2.64274,0,0,2.03508,0.100732,0.36288,3.6288,44.4089,0.944317,0,0,0.428456,0.152741,0,0.66528,12.849,1,0.983856,0.36288,0,43.1717,3.44684,39.1039,0.84672,12.849,0.84672,3695.15,0,0,0,0.216518,2.34849,2.22439,0.853768,3.93564,0.42336,0,0.42336,460.49,0,0.749123,0,0,0.965642,0.216518,1.028160,1,0,43.0395,0,0,0,43.0395,0
33.4423,2.62018,0,0,3.08233,0.0994151,0.36288,3.6288,44.4083,0.66528,0,0,0.816497,0.151786,0,0.66528,12.849,1,1.00671,0.36288,0,47.2717,3.44684,43.181,0.84672,12.849,0.84672,3695.15,0,0,0,0.742807,2.34868,3.24645,0.853768,5.48417,0.42336,0,0.42336,460.49,0,1.02816,0,0,1.77097,0.742807,1.028160,1,0,48.6652,0,0,0,48.6652,0
32.2603,2.62039,0,0,1.90786,0.106637,0.36288,3.6288,44.135,0.66528,0,0,0.546774,0.15482,0,0.66528,12.849,1,1.00679,0.36288,0,39.3085,3.50482,35.1598,0.84672,12.849,0.84672,3695.15,0,0,0,0.408559,2.34887,3.2152,0.867307,5.10533,0.42336,0,0.42336,460.49,0,1.02816,0,0,1.43672,0.408559,1.028160,1,0,40.2651,0,0,0,40.2651,0
32.8766,2.39884,0,0,3.53843,0.160346,0.36288,3.6288,43.9839,0.66528,0,0,0.697744,0.183561,0,0.66528,12.849,1,0.955438,0.36288,0,77.2358,3.99295,72.6503,0.84672,12.849,0.84672,3695.15,0,0,0,0.687315,2.34906,4.50699,0.990776,6.55258,0.42336,0,0.42336,460.49,0,1.02816,0,0,1.71547,0.687315,1.028160,1,0,79.2029,0,0,0,79.2029,0
34.2503,2.41191,0,0,4.34168,0.193249,0.36288,3.6288,43.5895,0.66528,0,0,0.481551,0.210707,0,0.66528,12.849,1,0.942634,0.36288,0,101.108,4.34343,96.1853,0.84672,12.849,0.84672,3695.15,0,0,0,0.653046,2.13036,3.56945,1.09637,5.25649,0.42336,0,0.42336,460.49,0,1.02816,0,0,1.68121,0.653046,1.028160,1,0,101.442,0,0,0,101.442,0
36.7276,2.4396,0,0,5.47639,0.196555,0.36288,3.6288,43.4268,0.66528,0,0,0.712545,0.209922,0,0.66528,12.849,1,0.915216,0.36288,0,94.5353,4.34343,89.6396,0.84672,12.849,0.84672,3695.15,0,0,0,0.853701,2.13053,4.18115,1.09637,6.06901,0.42336,0,0.42336,460.49,0,1.02816,0,0,1.88186,0.853701,1.028160,1,0,95.7086,0,0,0,95.7086,0
37.0701,2.48553,0,0,3.40013,0.209284,0.36288,3.6288,42.8907,0.768865,0,0,0.40935,0.176629,0,0.66528,12.849,1,0.869552,0.36288,0,100.405,3.93093,95.9671,0.84672,12.849,0.84672,3695.15,0,0,0,0.412474,2.1307,3.33996,0.984526,4.89861,0.42336,0,0.42336,460.49,0,0.924575,0,0,1.33705,0.412474,1.028160,1,0,100.866,0,0,0,100.866,0
36.311,2.49169,0,0,2.30837,0.212854,0.36288,3.6288,41.8056,1.17435,0,0,0.251953,0.16261,0,0.66528,12.849,1,0.863656,0.36288,0,43.9725,3.76593,39.7058,0.84672,12.849,0.84672,3695.15,0,0,0,0.412474,2.13087,3.12239,0.939789,4.72595,0.42336,0,0.42336,460.49,0,0.519091,0,0,0.931565,0.412474,1.028160,1,0,44.4317,0,0,0,44.4317,0
35.9846,2.55619,0,0,2.7841,0.191456,0.36288,3.6288,42.8103,0.66528,0,0,1.89196,0.222054,0,0.66528,12.849,1,0.904533,0.36288,0,93.7556,4.578,88.6359,0.84672,12.849,0.84672,3695.15,0,0,0,2.10834,2.13104,8.20109,1.13041,11.3101,0.42336,0,0.42336,460.49,0,1.02816,0,0,3.1365,2.10834,1.028160,1,0,99.946,0,0,0,99.946,0
36.2382,2.55033,0,0,3.35432,0.187475,0.36288,3.6288,43.0674,0.66528,0,0,1.15691,0.234492,0,0.66528,12.849,1,0.910644,0.36288,0,64.4325,4.71334,59.1713,0.84672,12.849,0.84672,3695.15,0,0,0,1.25892,2.19948,5.20135,1.16218,7.49757,0.42336,0,0.42336,460.49,0,1.02816,0,0,2.28708,1.25892,1.028160,1,0,66.6689,0,0,0,66.6689,0
38.0565,2.55521,0,0,4.9224,0.18603,0.36288,3.6288,43.5746,0.66528,0,0,1.41096,0.238478,0,0.66528,12.849,1,0.906003,0.36288,0,83.9221,4.7917,78.5872,0.84672,12.849,0.84672,3695.15,0,0,0,1.4136,2.19963,8.68158,1.20044,11.0944,0.42336,0,0.42336,460.49,0,1.02816,0,0,2.44176,1.4136,1.028160,1,0,89.6816,0,0,0,89.6816,0
38.7098,2.58776,0,0,3.77301,0.169087,0.36288,3.6288,44.1983,0.66528,0,0,1.54288,0.253883,0,0.66528,12.849,1,0.873704,0.36288,0,98.3655,4.83477,93.0199,0.84672,12.849,0.84672,3695.15,0,0,0,1.95018,2.19979,7.50857,1.34255,10.316,0.42336,0,0.42336,460.49,0,1.02816,0,0,2.97834,1.95018,1.028160,1,0,103.336,0,0,0,103.336,0
39.2437,2.85251,0,0,3.93384,0.184526,0.36288,3.6288,45.6041,0.66528,0,0,2.2991,0.228079,0,0.66528,12.849,1,0.94684,0.36288,0,89.1864,4.16393,84.4385,0.84672,12.849,0.84672,3695.15,0,0,0,2.27653,2.19995,10.2681,1.11131,13.6333,0.42336,0,0.42336,460.49,0,1.02816,0,0,3.30469,2.27653,1.028160,1,0,98.0718,0,0,0,98.0718,0
39.1903,2.86242,0,0,3.39208,0.22021,0.36288,3.6288,46.3806,0.66528,0,0,1.64749,0.20564,0,0.66528,12.849,1,0.937202,0.36288,0,71.4445,4.02875,66.8414,0.84672,12.849,0.84672,3695.15,0,0,0,0.938503,2.44579,7.6191,0.958536,10.0449,0.42336,0,0.42336,460.49,0,1.02816,0,0,1.96666,0.938503,1.028160,1,0,76.8863,0,0,0,76.8863,0
38.1392,2.86166,0,0,2.39356,0.220075,0.36288,3.6288,46.3947,0.811979,0,0,1.03314,0.207125,0,0.66528,12.849,1,0.938231,0.36288,0,50.0804,4.02875,45.4763,0.84672,12.849,0.84672,3695.15,0,0,0,0.503194,2.44596,7.9165,0.958536,9.90712,0.42336,0,0.42336,460.49,0,0.881461,0,0,1.38465,0.503194,1.028160,1,0,55.3834,0,0,0,55.3834,0
36.9814,2.84252,0,0,2.2292,0.181572,0.36288,3.6288,46.4886,0.781661,0,0,1.09561,0.220005,0,0.66528,12.849,1,0.957639,0.36288,0,60.2722,4.12145,55.556,0.84672,12.849,0.84672,3695.15,0,0,0,0.608429,2.44614,7.43524,1.05733,9.43248,0.42336,0,0.42336,460.49,0,0.911779,0,0,1.52021,0.608429,1.028160,1,0,64.9885,0,0,0,64.9885,0
38.5443,2.46296,0,0,4.57477,0.186087,0.36288,3.6288,47.1978,0.66528,0,0,1.5763,0.201864,0,0.66528,12.849,1,0.855743,0.36288,0,90.8237,3.9834,86.3474,0.84672,12.849,0.84672,3695.15,0,0,0,0.996123,2.44631,14.0866,0.975875,16.5531,0.42336,0,0.42336,460.49,0,1.02816,0,0,2.02428,0.996123,1.028160,1,0,102.901,0,0,0,102.901,0
41.9144,2.48916,0,0,6.42921,0.207001,0.36288,3.6288,48.1458,0.66528,0,0,1.78891,0.175643,0,0.66528,12.849,1,0.829779,0.36288,0,99.0032,3.77874,94.7575,0.84672,12.849,0.84672,3695.15,0,0,0,1.51807,2.11134,16.8813,0.845318,19.6654,0.42336,0,0.42336,460.49,0,1.02816,0,0,2.54623,1.51807,1.028160,1,0,114.423,0,0,0,114.423,0
44.9619,2.54041,0,0,6.16607,0.215345,0.36288,3.6288,49.3962,0.66528,0,0,2.09269,0.177039,0,0.66528,12.849,1,0.77877,0.36288,0,98.1469,3.77874,93.9523,0.84672,12.849,0.84672,3695.15,0,0,0,1.48853,2.11149,13.0768,0.845318,15.8315,0.42336,0,0.42336,460.49,0,1.02816,0,0,2.51669,1.48853,1.028160,1,0,109.784,0,0,0,109.784,0
52.4105,2.58164,0,0,10.6146,0.221427,0.36288,3.6288,51.8018,0.66528,0,0,3.23397,0.16309,0,0.66528,12.849,1,0.73777,0.36288,0,205.158,3.50978,201.273,0.84672,12.849,0.84672,3695.15,0,0,0,3.84286,2.11164,30.8429,0.799253,35.9981,0.42336,0,0.42336,460.49,0,1.02816,0,0,4.87102,3.84286,1.028160,1,0,237.271,0,0,0,237.271,0
58.6667,2.66604,0,0,9.52283,0.237673,0.36288,3.6288,53.5744,0.66528,0,0,2.58282,0.144848,0,0.66528,12.849,1,0.653608,0.36288,0,195.991,3.15116,192.549,0.84672,12.849,0.84672,3695.15,0,0,0,3.16377,2.11179,19.9895,0.737833,24.5272,0.42336,0,0.42336,460.49,0,1.02816,0,0,4.19193,3.16377,1.028160,1,0,217.076,0,0,0,217.076,0
59.592,2.82292,0,0,4.36037,0.249279,0.36288,3.6288,54.4979,0.66528,0,0,1.72545,0.136706,0,0.66528,12.849,1,0.618267,0.36288,0,65.0929,4.35194,60.4856,0.84672,12.849,0.84672,3695.15,0,0,0,1.16192,2.11194,13.9822,0.944598,16.3115,0.42336,0,0.42336,460.49,0,1.02816,0,0,2.19008,1.16192,1.028160,1,0,76.797,0,0,0,76.797,0
60.0026,2.83102,0,0,3.856,0.251513,0.36288,3.6288,55.1935,0.66528,0,0,1.49843,0.137591,0,0.66528,12.849,1,0.610413,0.36288,0,75.5508,4.35194,70.9513,0.84672,12.849,0.84672,3695.15,0,0,0,1.05401,2.19475,13.0853,0.944598,15.3894,0.42336,0,0.42336,460.49,0,1.02816,0,0,2.08217,1.05401,1.028160,1,0,86.3407,0,0,0,86.3407,0
60.625,2.83466,0,0,4.07243,0.252505,0.36288,3.6288,56.5718,0.66528,0,0,2.18182,0.138224,0,0.66528,12.849,1,0.607016,0.36288,0,87.0134,4.35194,82.4174,0.84672,12.849,0.84672,3695.15,0,0,0,1.59845,2.1949,15.5827,0.944598,18.4314,0.42336,0,0.42336,460.49,0,1.02816,0,0,2.62661,1.59845,1.028160,1,0,100.849,0,0,0,100.849,0
60.6448,2.84,0,0,3.47658,0.253913,0.36288,3.6288,57.5085,0.66528,0,0,1.74145,0.139477,0,0.66528,12.849,1,0.601916,0.36288,0,67.6277,4.35194,63.0367,0.84672,12.849,0.84672,3695.15,0,0,0,1.13828,2.19506,11.2787,0.944598,13.6674,0.42336,0,0.42336,460.49,0,1.02816,0,0,2.16644,1.13828,1.028160,1,0,76.7041,0,0,0,76.7041,0
59.8666,2.80122,0,0,2.62731,0.241412,0.36288,3.6288,57.7769,0.66528,0,0,1.1196,0.185918,0,0.66528,12.849,1,0.593503,0.36288,0,54.9911,4.24971,50.5108,0.84672,12.849,0.84672,3695.15,0,0,0,0.607746,2.19522,7.18079,1.00779,8.97596,0.42336,0,0.42336,460.49,0,1.02816,0,0,1.63591,0.607746,1.028160,1,0,59.4867,0,0,0,59.4867,0
58.6965,2.79507,0,0,2.22261,0.234739,0.36288,3.6288,57.9088,0.66528,0,0,1.00171,0.204509,0,0.66528,12.849,1,0.599897,0.36288,0,46.0763,4.20882,41.6304,0.84672,12.849,0.84672,3695.15,0,0,0,0.548372,2.1632,7.97208,1.03306,9.65059,0.42336,0,0.42336,460.49,0,1.02816,0,0,1.57653,0.548372,1.028160,1,0,51.281,0,0,0,51.281,0
57.6071,2.78545,0,0,2.291,0.232109,0.36288,3.6288,58.0959,0.66528,0,0,1.05711,0.204683,0,0.66528,12.849,1,0.609751,0.36288,0,44.3801,4.20882,39.9244,0.84672,12.849,0.84672,3695.15,0,0,0,0.535473,2.16335,6.8745,1.03306,8.54027,0.42336,0,0.42336,460.49,0,1.02816,0,0,1.56363,0.535473,1.028160,1,0,48.4646,0,0,0,48.4646,0
57.4,2.77622,0,0,3.14821,0.216178,0.36288,3.6288,58.3848,0.66528,0,0,1.16253,0.208428,0,0.66528,12.849,1,0.619224,0.36288,0,57.8635,4.31718,53.2899,0.84672,12.849,0.84672,3695.15,0,0,0,0.725691,2.16351,6.86664,1.013,8.74283,0.42336,0,0.42336,460.49,0,1.02816,0,0,1.75385,0.725691,1.028160,1,0,62.0328,0,0,0,62.0328,0
55.9931,2.90621,0,0,2.04552,0.183296,0.36288,3.6288,58.4996,0.66528,0,0,1.00385,0.223732,0,0.66528,12.849,1,0.650556,0.36288,0,42.668,4.67514,37.7052,0.84672,12.849,0.84672,3695.15,0,0,0,0.562913,2.16366,6.05436,1.0021,7.77884,0.42336,0,0.42336,460.49,0,1.02816,0,0,1.59107,0.562913,1.028160,1,0,45.4841,0,0,0,45.4841,0
54.6532,2.89312,0,0,2.09974,0.183705,0.36288,3.6288,58.4676,0.66528,0,0,0.872605,0.239297,0,0.66528,12.849,1,0.663898,0.36288,0,38.279,4.89279,33.0852,0.84672,12.849,0.84672,3695.15,0,0,0,0.516352,2.27658,5.10862,1.1002,6.80135,0.42336,0,0.42336,460.49,0,1.02816,0,0,1.54451,0.516352,1.028160,1,0,39.8865,0,0,0,39.8865,0
53.0674,2.88015,0,0,1.8323,0.175066,0.36288,3.6288,58.3695,0.66528,0,0,0.811054,0.243885,0,0.66528,12.849,1,0.677125,0.36288,0,34.2136,4.94634,28.953,0.84672,12.849,0.84672,3695.15,0,0,0,0.414374,2.27675,4.94106,1.11388,6.5183,0.42336,0,0.42336,460.49,0,1.02816,0,0,1.44253,0.414374,1.028160,1,0,35.4713,0,0,0,35.4713,0
51.4303,2.86406,0,0,1.7256,0.135716,0.36288,3.6288,58.21,0.66528,0,0,0.777263,0.271535,0,0.66528,12.849,1,0.693464,0.36288,0,30.68,5.26764,25.0818,0.84672,12.849,0.84672,3695.15,0,0,0,0.348952,2.27691,4.67306,1.19598,6.10294,0.42336,0,0.42336,460.49,0,1.02816,0,0,1.37711,0.348952,1.028160,1,0,31.1848,0,0,0,31.1848,0
49.7199,2.8466,0,0,1.63251,0.133441,0.36288,3.6288,57.954,0.722304,0,0,0.73764,0.271256,0,0.66528,12.849,1,0.711176,0.36288,0,30.7792,5.26764,25.1633,0.84672,12.849,0.84672,3695.15,0,0,0,0.30119,2.27707,4.97394,1.19598,6.35623,0.42336,0,0.42336,460.49,0,0.971136,0,0,1.27233,0.30119,1.028160,1,0,31.5195,0,0,0,31.5195,0
48.283,2.80204,0,0,1.83281,0.104806,0.36288,3.6288,57.7869,0.66528,0,0,0.774732,0.276564,0,0.66528,12.849,1,0.724124,0.36288,0,32.2634,5.48688,26.4153,0.84672,12.849,0.84672,3695.15,0,0,0,0.67506,2.27723,4.04882,1.33289,5.66823,0.42336,0,0.42336,460.49,0,1.02816,0,0,1.70322,0.67506,1.028160,1,0,32.0835,0,0,0,32.0835,0
46.7656,2.78522,0,0,1.73394,0.103196,0.36288,3.6288,57.5806,0.66528,0,0,0.735221,0.276266,0,0.66528,12.849,1,0.741198,0.36288,0,32.3676,5.48688,26.5024,0.84672,12.849,0.84672,3695.15,0,0,0,0.545469,2.31683,4.30953,1.33289,5.83894,0.42336,0,0.42336,460.49,0,1.02816,0,0,1.57363,0.545469,1.028160,1,0,32.3413,0,0,0,32.3413,0
45.1139,2.76655,0,0,1.5792,0.101492,0.36288,3.6288,57.3635,0.66528,0,0,0.724023,0.275897,0,0.66528,12.849,1,0.760117,0.36288,0,31.6151,5.48688,25.7309,0.84672,12.849,0.84672,3695.15,0,0,0,0.569367,2.31699,4.15698,1.33289,5.71045,0.42336,0,0.42336,460.49,0,1.02816,0,0,1.59753,0.569367,1.028160,1,0,31.4414,0,0,0,31.4414,0
43.3296,2.74508,0,0,1.42325,0.0996379,0.36288,3.6288,57.0969,0.66528,0,0,0.674231,0.275509,0,0.66528,12.849,1,0.781833,0.36288,0,29.3024,5.48688,23.3966,0.84672,12.849,0.84672,3695.15,0,0,0,0.365973,2.31716,3.95798,1.33289,5.30822,0.42336,0,0.42336,460.49,0,1.02816,0,0,1.39413,0.365973,1.028160,1,0,28.7048,0,0,0,28.7048,0
41.4236,2.78393,0,0,1.31971,0.078886,0.36288,3.6288,56.6178,0.756225,0,0,0.584403,0.307285,0,0.66528,12.849,1,0.82555,0.36288,0,25.0478,5.82597,18.7592,0.84672,12.849,0.84672,3695.15,0,0,0,0.261274,2.31732,3.37857,1.48784,4.46932,0.42336,0,0.42336,460.49,0,0.937215,0,0,1.19849,0.261274,1.028160,1,0,23.2285,0,0,0,23.2285,0
39.7315,2.75514,0,0,1.49558,0.0696075,0.36288,3.6288,56.3818,0.66528,0,0,0.741148,0.311815,0,0.66528,12.849,1,0.854603,0.36288,0,31.4571,5.83328,25.1321,0.84672,12.849,0.84672,3695.15,0,0,0,0.391556,2.37339,3.71866,1.51389,4.96971,0.42336,0,0.42336,460.49,0,1.02816,0,0,1.41972,0.391556,1.028160,1,0,30.1018,0,0,0,30.1018,0
37.9339,2.72783,0,0,1.3613,0.0682257,0.36288,3.6288,56.0165,0.66528,0,0,0.611312,0.311336,0,0.66528,12.849,1,0.882167,0.36288,0,25.3372,5.83328,18.9847,0.84672,12.849,0.84672,3695.15,0,0,0,0.422219,2.37356,3.45547,1.51389,4.73735,0.42336,0,0.42336,460.49,0,1.02816,0,0,1.45038,0.422219,1.028160,1,0,23.722,0,0,0,23.722,0
36.0455,2.69679,0,0,1.23811,0.0668186,0.36288,3.6288,55.5787,0.696531,0,0,0.569304,0.310594,0,0.66528,12.849,1,0.913459,0.36288,0,23.6199,5.83328,17.2361,0.84672,12.849,0.84672,3695.15,0,0,0,0.227405,2.37373,3.07951,1.51389,4.16675,0.42336,0,0.42336,460.49,0,0.996909,0,0,1.22431,0.227405,1.028160,1,0,21.4028,0,0,0,21.4028,0
34.1099,2.83947,0,0,1.32818,0.0614173,0.36288,3.6288,55.2546,0.66528,0,0,0.656016,0.314875,0,0.66528,12.849,1,1.01217,0.36288,0,23.4877,5.91879,16.9196,0.84672,12.849,0.84672,3695.15,0,0,0,0.455397,2.37389,4.18542,1.52343,5.49129,0.42336,0,0.42336,460.49,0,1.02816,0,0,1.48356,0.455397,1.028160,1,0,22.4109,0,0,0,22.4109,0
32.0854,2.79794,0,0,1.19674,0.0604294,0.36288,3.6288,54.6384,0.819193,0,0,0.530791,0.327729,0,0.66528,12.849,1,1.05397,0.36288,0,21.7449,5.90846,15.1453,0.84672,12.849,0.84672,3695.15,0,0,0,0.227405,2.56539,2.91052,1.47605,4.22727,0.42336,0,0.42336,460.49,0,0.874247,0,0,1.10165,0.227405,1.028160,1,0,19.3726,0,0,0,19.3726,0
30.2263,2.75065,0,0,1.31337,0.0589291,0.36288,3.6288,54.3022,0.66528,0,0,0.655446,0.326402,0,0.66528,12.849,1,1.10153,0.36288,0,27.9657,5.90846,21.3186,0.84672,12.849,0.84672,3695.15,0,0,0,0.340528,2.56558,3.17504,1.47605,4.60509,0.42336,0,0.42336,460.49,0,1.02816,0,0,1.36869,0.340528,1.028160,1,0,25.9237,0,0,0,25.9237,0
28.1577,2.7033,0,0,1.05511,0.0575281,0.36288,3.6288,53.503,0.947652,0,0,0.474079,0.325677,0,0.66528,12.849,1,1.14916,0.36288,0,27.3269,5.90846,20.6321,0.84672,12.849,0.84672,3695.15,0,0,0,0.204422,2.56576,2.54883,1.47605,3.84297,0.42336,0,0.42336,460.49,0,0.745788,0,0,0.95021,0.204422,1.028160,1,0,24.4751,0,0,0,24.4751,0
26.4074,2.64552,0,0,1.31403,0.0559387,0.36288,3.6288,53.3241,0.66528,0,0,0.810285,0.323816,0,0.66528,12.849,1,1.20721,0.36288,0,24.9579,5.90846,18.2051,0.84672,12.849,0.84672,3695.15,0,0,0,0.769297,2.56594,3.941,1.47605,5.80019,0.42336,0,0.42336,460.49,0,1.02816,0,0,1.79746,0.769297,1.028160,1,0,24.0053,0,0,0,24.0053,0
24.9614,2.5128,0,0,1.44474,0.0150435,0.36288,3.6288,52.8456,0.66528,0,0,0.54503,0.358318,0,0.66528,12.849,1,1.22265,0.36288,0,26.4237,6.29788,19.2661,0.84672,12.849,0.84672,3695.15,0,0,0,0.436458,2.56612,3.46805,1.55642,4.91422,0.42336,0,0.42336,460.49,0,1.02816,0,0,1.46462,0.436458,1.028160,1,0,24.1803,0,0,0,24.1803,0
23.4725,2.46622,0,0,1.41707,0.0768648,0.36288,3.6288,52.4804,0.66528,0,0,0.59012,0.290037,0,0.66528,12.849,1,1.26949,0.36288,0,24.4345,4.47088,19.057,0.84672,12.849,0.84672,3695.15,0,0,0,0.539533,2.45554,3.37648,1.09326,5.27829,0.42336,0,0.42336,460.49,0,1.02816,0,0,1.56769,0.539533,1.028160,1,0,24.3353,0,0,0,24.3353,0
22.2259,2.41435,0,0,1.62763,0.0970436,0.36288,3.6288,52.3379,0.66528,0,0,0.805386,0.282636,0,0.66528,12.849,1,1.32163,0.36288,0,24.6926,4.25051,19.4833,0.84672,12.849,0.84672,3695.15,0,0,0,0.91063,2.45571,4.68233,1.0682,6.98048,0.42336,0,0.42336,460.49,0,1.02816,0,0,1.93879,0.91063,1.028160,1,0,26.4638,0,0,0,26.4638,0
20.9585,2.36754,0,0,1.55841,0.0954143,0.36288,3.6288,52.1802,0.66528,0,0,0.789938,0.282312,0,0.66528,12.849,1,1.3687,0.36288,0,32.9233,4.25051,27.667,0.84672,12.849,0.84672,3695.15,0,0,0,0.857814,2.45589,4.68113,1.0682,6.92663,0.42336,0,0.42336,460.49,0,1.02816,0,0,1.88597,0.857814,1.028160,1,0,34.5936,0,0,0,34.5936,0
19.9172,2.25656,0,0,1.65398,0.0758203,0.36288,3.6288,52.1341,0.66528,0,0,0.849718,0.230584,0,0.66528,12.849,1,1.38343,0.36288,0,35.5126,4.23025,30.2618,0.84672,12.849,0.84672,3695.15,0,0,0,0.863127,2.45606,4.55314,0.984821,6.88751,0.42336,0,0.42336,460.49,0,1.02816,0,0,1.89129,0.863127,1.028160,1,0,37.1493,0,0,0,37.1493,0
19.7679,2.21275,0,0,2.50993,0.0836199,0.36288,3.6288,52.1386,0.66528,0,0,0.82607,0.15627,0,0.66528,12.849,1,1.42749,0.36288,0,30.1569,4.26167,24.8306,0.84672,12.849,0.84672,3695.15,0,0,0,0.466819,2.35735,4.89872,0.948064,6.77483,0.42336,0,0.42336,460.49,0,1.02816,0,0,1.49498,0.466819,1.028160,1,0,31.6054,0,0,0,31.6054,0
19.7376,2.20637,0,0,2.66564,0.12668,0.36288,3.6288,51.7947,0.782689,0,0,0.587396,0.148595,0,0.66528,12.849,1,1.43413,0.36288,0,32.7284,4.33954,27.3176,0.84672,12.849,0.84672,3695.15,0,0,0,0.216518,2.35752,4.27429,1.04727,5.80105,0.42336,0,0.42336,460.49,0,0.910751,0,0,1.12727,0.216518,1.028160,1,0,33.1187,0,0,0,33.1187,0
20.1543,2.2052,0,0,3.11139,0.126627,0.36288,3.6288,52.1331,0.66528,0,0,1.15189,0.148183,0,0.66528,12.849,1,1.43556,0.36288,0,38.0955,4.33954,32.6833,0.84672,12.849,0.84672,3695.15,0,0,0,1.57893,2.35769,6.78634,1.04727,9.67569,0.42336,0,0.42336,460.49,0,1.02816,0,0,2.60709,1.57893,1.028160,1,0,42.3589,0,0,0,42.3589,0
25.1994,2.05603,0,0,7.59567,0.131664,0.36288,3.6288,53.8083,0.66528,0,0,2.4994,0.158918,0,0.66528,12.849,1,1.31078,0.36288,0,109.051,4.31346,103.79,0.84672,12.849,0.84672,3695.15,0,0,0,3.67304,2.35786,11.6188,1.01891,16.6307,0.42336,0,0.42336,460.49,0,1.02816,0,0,4.7012,3.67304,1.028160,1,0,120.42,0,0,0,120.42,0
24.5611,2.22999,0,0,2.1235,0.168937,0.36288,3.6288,53.6008,0.66528,0,0,0.681653,0.223877,0,0.66528,12.849,1,1.13706,0.36288,0,65.2777,4.15695,60.3466,0.84672,12.849,0.84672,3695.15,0,0,0,0.317079,2.13832,3.57125,0.848714,5.17793,0.42336,0,0.42336,460.49,0,1.02816,0,0,1.34524,0.317079,1.028160,1,0,65.5245,0,0,0,65.5245,0
24.7202,2.21075,0,0,2.90013,0.167393,0.36288,3.6288,53.9097,0.66528,0,0,1.19773,0.223508,0,0.66528,12.849,1,1.15654,0.36288,0,70.3529,4.15695,65.4023,0.84672,12.849,0.84672,3695.15,0,0,0,1.18889,2.13847,5.34838,0.848714,7.82703,0.42336,0,0.42336,460.49,0,1.02816,0,0,2.21705,1.18889,1.028160,1,0,73.2293,0,0,0,73.2293,0
27.5431,2.2158,0,0,5.55274,0.151149,0.36288,3.6288,53.8433,0.66528,0,0,0.778326,0.17954,0,0.66528,12.849,1,1.15172,0.36288,0,95.3778,3.50182,91.0872,0.84672,12.849,0.84672,3695.15,0,0,0,0.512119,2.13862,4.19201,0.776325,6.06642,0.42336,0,0.42336,460.49,0,1.02816,0,0,1.54028,0.512119,1.028160,1,0,97.1536,0,0,0,97.1536,0
31.0214,2.29645,0,0,6.28806,0.150378,0.36288,3.6288,54.5554,0.66528,0,0,1.53911,0.161671,0,0.66528,12.849,1,1.07131,0.36288,0,80.2656,3.23977,76.3174,0.84672,12.849,0.84672,3695.15,0,0,0,1.14588,2.13877,5.90142,0.74737,8.43871,0.42336,0,0.42336,460.49,0,1.02816,0,0,2.17404,1.14588,1.028160,1,0,84.7561,0,0,0,84.7561,0
33.5492,2.3814,0,0,5.42633,0.154321,0.36288,3.6288,55.3077,0.66528,0,0,1.62444,0.206889,0,0.66528,12.849,1,0.986368,0.36288,0,69.1776,3.34658,65.2076,0.84672,12.849,0.84672,3695.15,0,0,0,2.01938,2.13893,6.25056,0.679813,9.72904,0.42336,0,0.42336,460.49,0,1.02816,0,0,3.04754,2.01938,1.028160,1,0,74.9366,0,0,0,74.9366,0
36.0787,2.51158,0,0,5.56196,0.157933,0.36288,3.6288,56.0056,0.66528,0,0,1.58902,0.225786,0,0.66528,12.849,1,0.961912,0.36288,0,94.5707,3.3893,90.5824,0.84672,12.849,0.84672,3695.15,0,0,0,2.80437,2.13893,6.76913,0.65279,11.0596,0.42336,0,0.42336,460.49,0,1.02816,0,0,3.83253,2.80437,1.028160,1,0,101.642,0,0,0,101.642,0
37.1206,2.56147,0,0,4.12911,0.162866,0.36288,3.6288,56.1227,0.66528,0,0,1.00919,0.226822,0,0.66528,12.849,1,0.912238,0.36288,0,81.788,3.3893,77.8493,0.84672,12.849,0.84672,3695.15,0,0,0,1.43314,2.2076,5.30967,0.65279,8.29762,0.42336,0,0.42336,460.49,0,1.02816,0,0,2.4613,1.43314,1.028160,1,0,86.1469,0,0,0,86.1469,0
38.2419,2.58066,0,0,4.2507,0.18587,0.36288,3.6288,56.2257,0.66528,0,0,1.04306,0.274781,0,0.66528,12.849,1,0.893273,0.36288,0,89.983,4.20687,85.2457,0.84672,12.849,0.84672,3695.15,0,0,0,1.49456,2.20773,5.7955,1.01988,8.47791,0.42336,0,0.42336,460.49,0,1.02816,0,0,2.52272,1.49456,1.028160,1,0,93.7237,0,0,0,93.7237,0
39.7373,2.60042,0,0,4.66847,0.209761,0.36288,3.6288,56.3694,0.66528,0,0,1.06675,0.257809,0,0.66528,12.849,1,0.873722,0.36288,0,76.2031,4.11411,71.5781,0.84672,12.849,0.84672,3695.15,0,0,0,1.7671,2.20787,6.16929,1.02727,9.11699,0.42336,0,0.42336,460.49,0,1.02816,0,0,2.79526,1.7671,1.028160,1,0,80.6951,0,0,0,80.6951,0
42.1289,2.88151,0,0,5.86465,0.228725,0.36288,3.6288,56.7138,0.66528,0,0,1.25302,0.243301,0,0.66528,12.849,1,0.931731,0.36288,0,115.827,4.00019,111.258,0.84672,12.849,0.84672,3695.15,0,0,0,2.20537,2.20801,6.55732,1.03964,9.93106,0.42336,0,0.42336,460.49,0,1.02816,0,0,3.23353,2.20537,1.028160,1,0,121.189,0,0,0,121.189,0
42.5349,2.92222,0,0,3.92638,0.235277,0.36288,3.6288,56.9807,0.66528,0,0,1.17605,0.243848,0,0.66528,12.849,1,0.891256,0.36288,0,90.4297,4.00019,85.9011,0.84672,12.849,0.84672,3695.15,0,0,0,1.92631,2.45473,6.89065,1.03964,10.2321,0.42336,0,0.42336,460.49,0,1.02816,0,0,2.95447,1.92631,1.028160,1,0,96.1332,0,0,0,96.1332,0
43.3032,2.92894,0,0,4.28612,0.225958,0.36288,3.6288,57.1611,0.66528,0,0,1.05967,0.214053,0,0.66528,12.849,1,0.884778,0.36288,0,79.0208,3.72996,74.769,0.84672,12.849,0.84672,3695.15,0,0,0,1.92484,2.45488,6.20905,0.930532,9.65823,0.42336,0,0.42336,460.49,0,1.02816,0,0,2.953,1.92484,1.028160,1,0,84.4272,0,0,0,84.4272,0
43.6367,2.94123,0,0,3.85228,0.214716,0.36288,3.6288,57.2995,0.66528,0,0,0.978687,0.174995,0,0.66528,12.849,1,0.872725,0.36288,0,66.9176,3.50103,62.9067,0.84672,12.849,0.84672,3695.15,0,0,0,1.58277,2.45503,5.6622,0.845077,8.85492,0.42336,0,0.42336,460.49,0,1.02816,0,0,2.61093,1.58277,1.028160,1,0,71.7616,0,0,0,71.7616,0
44.4469,2.57307,0,0,3.96369,0.217491,0.36288,3.6288,57.5536,0.66528,0,0,1.09715,0.177729,0,0.66528,12.849,1,0.75765,0.36288,0,72.3367,3.82945,68.1124,0.84672,12.849,0.84672,3695.15,0,0,0,1.14797,2.45518,8.03486,0.995134,10.6429,0.42336,0,0.42336,460.49,0,1.02816,0,0,2.17613,1.14797,1.028160,1,0,78.7553,0,0,0,78.7553,0
45.3766,2.58394,0,0,4.09598,0.21951,0.36288,3.6288,57.6925,0.66528,0,0,0.982135,0.178022,0,0.66528,12.849,1,0.746982,0.36288,0,111.773,3.82945,107.56,0.84672,12.849,0.84672,3695.15,0,0,0,1.84054,2.11898,8.15543,0.995134,11.1198,0.42336,0,0.42336,460.49,0,1.02816,0,0,2.8687,1.84054,1.028160,1,0,118.679,0,0,0,118.679,0
45.695,2.59603,0,0,3.51818,0.240886,0.36288,3.6288,57.6424,0.66528,0,0,0.761633,0.146442,0,0.66528,12.849,1,0.735101,0.36288,0,72.9458,3.45699,69.1166,0.84672,12.849,0.84672,3695.15,0,0,0,0.949363,2.11911,5.98376,0.891616,8.16062,0.42336,0,0.42336,460.49,0,1.02816,0,0,1.97752,0.949363,1.028160,1,0,77.2772,0,0,0,77.2772,0
46.3257,2.60019,0,0,3.85862,0.264839,0.36288,3.6288,57.6063,0.66528,0,0,0.749511,0.120361,0,0.66528,12.849,1,0.731149,0.36288,0,73.0941,3.3306,69.3953,0.84672,12.849,0.84672,3695.15,0,0,0,1.04514,2.11925,5.75986,0.854509,8.06973,0.42336,0,0.42336,460.49,0,1.02816,0,0,2.0733,1.04514,1.028160,1,0,77.465,0,0,0,77.465,0
47.5489,2.60814,0,0,4.43567,0.24138,0.36288,3.6288,57.6386,0.66528,0,0,0.85517,0.157497,0,0.66528,12.849,1,0.723401,0.36288,0,92.8912,3.88495,88.6458,0.84672,12.849,0.84672,3695.15,0,0,0,1.43814,2.11938,7.69833,1.04642,10.2094,0.42336,0,0.42336,460.49,0,1.02816,0,0,2.4663,1.43814,1.028160,1,0,98.8552,0,0,0,98.8552,0
49.8712,2.71879,0,0,5.64395,0.24005,0.36288,3.6288,58.3532,0.66528,0,0,1.52454,0.144658,0,0.66528,12.849,1,0.734691,0.36288,0,93.0347,3.80489,88.858,0.84672,12.849,0.84672,3695.15,0,0,0,1.52373,2.11951,7.30944,0.987201,9.96548,0.42336,0,0.42336,460.49,0,1.02816,0,0,2.55189,1.52373,1.028160,1,0,98.8234,0,0,0,98.8234,0
51.4201,2.74617,0,0,4.90411,0.246153,0.36288,3.6288,59.45,0.66528,0,0,1.90738,0.145327,0,0.66528,12.849,1,0.707533,0.36288,0,102.601,3.80489,98.4513,0.84672,12.849,0.84672,3695.15,0,0,0,2.40361,2.20259,10.5839,0.987201,14.2029,0.42336,0,0.42336,460.49,0,1.02816,0,0,3.43177,2.40361,1.028160,1,0,112.654,0,0,0,112.654,0
51.8682,2.76339,0,0,3.82463,0.25019,0.36288,3.6288,60.1487,0.66528,0,0,1.5103,0.146354,0,0.66528,12.849,1,0.690524,0.36288,0,117.598,3.80489,113.466,0.84672,12.849,0.84672,3695.15,0,0,0,2.44065,2.20273,7.26183,0.987201,10.918,0.42336,0,0.42336,460.49,0,1.02816,0,0,3.46881,2.44065,1.028160,1,0,124.384,0,0,0,124.384,0
51.5867,2.76834,0,0,3.06542,0.215717,0.36288,3.6288,60.3623,0.66528,0,0,1.03078,0.151897,0,0.66528,12.849,1,0.685785,0.36288,0,75.3011,2.9643,72.0139,0.84672,12.849,0.84672,3695.15,0,0,0,1.43777,2.20287,5.31448,0.906975,8.04814,0.42336,0,0.42336,460.49,0,1.02816,0,0,2.46593,1.43777,1.028160,1,0,80.062,0,0,0,80.062,0
51.1858,2.7274,0,0,2.89046,0.201084,0.36288,3.6288,60.5112,0.66528,0,0,1.01117,0.197003,0,0.66528,12.849,1,0.67933,0.36288,0,63.7295,3.467,59.9461,0.84672,12.849,0.84672,3695.15,0,0,0,1.24983,2.203,4.91041,1.00532,7.35792,0.42336,0,0.42336,460.49,0,1.02816,0,0,2.27799,1.24983,1.028160,1,0,67.304,0,0,0,67.304,0
51.0423,2.72332,0,0,3.14295,0.200246,0.36288,3.6288,60.5203,0.66528,0,0,0.871603,0.197189,0,0.66528,12.849,1,0.683625,0.36288,0,65.753,3.467,61.9653,0.84672,12.849,0.84672,3695.15,0,0,0,0.919054,2.17085,6.01723,1.00532,8.10182,0.42336,0,0.42336,460.49,0,1.02816,0,0,1.94721,0.919054,1.028160,1,0,70.0671,0,0,0,70.0671,0
50.6287,2.72195,0,0,2.83589,0.164661,0.36288,3.6288,60.4904,0.66528,0,0,0.853226,0.217868,0,0.66528,12.849,1,0.685203,0.36288,0,59.6298,5.10447,54.203,0.84672,12.849,0.84672,3695.15,0,0,0,1.00287,2.17099,5.06436,1.06988,7.16834,0.42336,0,0.42336,460.49,0,1.02816,0,0,2.03103,1.00287,1.028160,1,0,61.3714,0,0,0,61.3714,0
49.8793,2.71766,0,0,2.44857,0.117459,0.36288,3.6288,60.394,0.66528,0,0,0.808471,0.239624,0,0.66528,12.849,1,0.689711,0.36288,0,40.7138,5.37265,35.0144,0.84672,12.849,0.84672,3695.15,0,0,0,0.784123,2.17112,4.52766,1.20525,6.27766,0.42336,0,0.42336,460.49,0,1.02816,0,0,1.81228,0.784123,1.028160,1,0,41.292,0,0,0,41.292,0
48.8633,2.83812,0,0,2.33209,0.147098,0.36288,3.6288,60.2157,0.66528,0,0,0.719591,0.23258,0,0.66528,12.849,1,0.731105,0.36288,0,45.8658,4.43773,41.0598,0.84672,12.849,0.84672,3695.15,0,0,0,0.772753,2.17126,4.06992,1.12755,5.88638,0.42336,0,0.42336,460.49,0,1.02816,0,0,1.80091,0.772753,1.028160,1,0,46.9462,0,0,0,46.9462,0
47.6838,2.82626,0,0,2.13034,0.120663,0.36288,3.6288,60.028,0.66528,0,0,0.713517,0.23594,0,0.66528,12.849,1,0.743188,0.36288,0,40.9932,4.55143,36.0614,0.84672,12.849,0.84672,3695.15,0,0,0,0.772304,2.28456,3.88764,1.09202,5.85248,0.42336,0,0.42336,460.49,0,1.02816,0,0,1.80046,0.772304,1.028160,1,0,41.9139,0,0,0,41.9139,0
46.4779,2.81195,0,0,2.08806,0.119124,0.36288,3.6288,59.8988,0.66528,0,0,0.771708,0.235658,0,0.66528,12.849,1,0.757716,0.36288,0,39.2701,4.55143,34.3238,0.84672,12.849,0.84672,3695.15,0,0,0,0.738314,2.2847,4.18905,1.09202,6.12004,0.42336,0,0.42336,460.49,0,1.02816,0,0,1.76647,0.738314,1.028160,1,0,40.4439,0,0,0,40.4439,0
45.1497,2.79672,0,0,1.94889,0.117551,0.36288,3.6288,59.7033,0.66528,0,0,0.70524,0.235464,0,0.66528,12.849,1,0.773165,0.36288,0,36.7102,4.55143,31.7484,0.84672,12.849,0.84672,3695.15,0,0,0,0.611539,2.28484,3.70946,1.09202,5.51382,0.42336,0,0.42336,460.49,0,1.02816,0,0,1.6397,0.611539,1.028160,1,0,37.2623,0,0,0,37.2623,0
43.7845,2.77919,0,0,1.8723,0.0954265,0.36288,3.6288,59.5645,0.66528,0,0,0.801507,0.274933,0,0.66528,12.849,1,0.790921,0.36288,0,30.325,5.00585,24.8911,0.84672,12.849,0.84672,3695.15,0,0,0,0.59019,2.28498,4.10155,1.21969,5.75704,0.42336,0,0.42336,460.49,0,1.02816,0,0,1.61835,0.59019,1.028160,1,0,30.6482,0,0,0,30.6482,0
42.3969,2.73557,0,0,1.80151,0.0906129,0.36288,3.6288,59.4013,0.66528,0,0,0.783337,0.281311,0,0.66528,12.849,1,0.802782,0.36288,0,29.3287,5.08158,23.8072,0.84672,12.849,0.84672,3695.15,0,0,0,0.498571,2.28513,4.27973,1.24097,5.82246,0.42336,0,0.42336,460.49,0,1.02816,0,0,1.52673,0.498571,1.028160,1,0,29.6296,0,0,0,29.6296,0
40.8763,2.71558,0,0,1.64708,0.0891747,0.36288,3.6288,59.2196,0.66528,0,0,0.764562,0.281017,0,0.66528,12.849,1,0.822996,0.36288,0,28.9146,5.08158,23.3729,0.84672,12.849,0.84672,3695.15,0,0,0,0.526608,2.32484,4.22713,1.24097,5.8376,0.42336,0,0.42336,460.49,0,1.02816,0,0,1.55477,0.526608,1.028160,1,0,29.2105,0,0,0,29.2105,0
39.2387,2.69245,0,0,1.50533,0.0875988,0.36288,3.6288,58.9885,0.66528,0,0,0.71496,0.28069,0,0.66528,12.849,1,0.846341,0.36288,0,27.1968,5.08158,21.6318,0.84672,12.849,0.84672,3695.15,0,0,0,0.300568,2.32498,4.02244,1.24097,5.40702,0.42336,0,0.42336,460.49,0,1.02816,0,0,1.32873,0.300568,1.028160,1,0,27.0388,0,0,0,27.0388,0
37.6618,2.66601,0,0,1.52676,0.0747976,0.36288,3.6288,58.7179,0.66528,0,0,0.703814,0.309155,0,0.66528,12.849,1,0.873004,0.36288,0,26.0512,5.62557,19.9155,0.84672,12.849,0.84672,3695.15,0,0,0,0.281284,2.32512,3.72825,1.40689,4.92777,0.42336,0,0.42336,460.49,0,1.02816,0,0,1.30944,0.281284,1.028160,1,0,24.8432,0,0,0,24.8432,0
36.1627,2.70051,0,0,1.63105,0.066781,0.36288,3.6288,58.4735,0.66528,0,0,0.742764,0.321882,0,0.66528,12.849,1,0.921326,0.36288,0,25.6556,6.02154,19.0756,0.84672,12.849,0.84672,3695.15,0,0,0,0.355242,2.32527,3.62343,1.50789,4.79605,0.42336,0,0.42336,460.49,0,1.02816,0,0,1.3834,0.355242,1.028160,1,0,23.8717,0,0,0,23.8717,0
34.5288,2.67249,0,0,1.46711,0.0656045,0.36288,3.6288,58.1836,0.66528,0,0,0.696704,0.321376,0,0.66528,12.849,1,0.949565,0.36288,0,24.1792,6.02154,17.571,0.84672,12.849,0.84672,3695.15,0,0,0,0.31104,2.38151,3.69905,1.50789,4.88371,0.42336,0,0.42336,460.49,0,1.02816,0,0,1.3392,0.31104,1.028160,1,0,22.4547,0,0,0,22.4547,0
32.7968,2.63991,0,0,1.33512,0.0643223,0.36288,3.6288,57.823,0.70816,0,0,0.668382,0.320777,0,0.66528,12.849,1,0.982373,0.36288,0,22.7102,6.02154,16.0692,0.84672,12.849,0.84672,3695.15,0,0,0,0.227405,2.38166,3.43889,1.50789,4.54006,0.42336,0,0.42336,460.49,0,0.98528,0,0,1.21268,0.227405,1.028160,1,0,20.6093,0,0,0,20.6093,0
30.934,2.60279,0,0,1.15531,0.0525152,0.36288,3.6288,57.4402,0.721449,0,0,0.665574,0.326941,0,0.66528,12.849,1,1.01971,0.36288,0,21.6683,6.26335,14.7481,0.84672,12.849,0.84672,3695.15,0,0,0,0.227405,2.3818,3.48478,1.53794,4.55605,0.42336,0,0.42336,460.49,0,0.971991,0,0,1.1994,0.227405,1.028160,1,0,19.3041,0,0,0,19.3041,0
28.9282,2.73051,0,0,1.15253,0.0648743,0.36288,3.6288,56.7087,0.958038,0,0,0.552494,0.325976,0,0.66528,12.849,1,1.13417,0.36288,0,18.3326,6.38693,11.1744,0.84672,12.849,0.84672,3695.15,0,0,0,0.227405,2.38195,2.92546,1.61299,3.92183,0.42336,0,0.42336,460.49,0,0.735402,0,0,0.962807,0.227405,1.028160,1,0,15.0962,0,0,0,15.0962,0
27.1169,2.67622,0,0,1.28783,0.0600221,0.36288,3.6288,56.3489,0.711772,0,0,0.678933,0.326945,0,0.66528,12.849,1,1.18869,0.36288,0,23.3279,6.4617,16.0404,0.84672,12.849,0.84672,3695.15,0,0,0,0.227405,2.57408,3.10518,1.62793,4.27874,0.42336,0,0.42336,460.49,0,0.981668,0,0,1.20907,0.227405,1.028160,1,0,20.3191,0,0,0,20.3191,0
25.0904,2.62251,0,0,1.01744,0.0585445,0.36288,3.6288,55.4867,1.03165,0,0,0.495591,0.32618,0,0.66528,12.849,1,1.24264,0.36288,0,24.0736,6.4617,16.7322,0.84672,12.849,0.84672,3695.15,0,0,0,0.204422,2.57424,2.46045,1.62793,3.61118,0.42336,0,0.42336,460.49,0,0.661789,0,0,0.866212,0.204422,1.028160,1,0,20.3433,0,0,0,20.3433,0
23.3745,2.5563,0,0,1.26011,0.0568913,0.36288,3.6288,55.3215,0.66528,0,0,0.824496,0.324344,0,0.66528,12.849,1,1.3091,0.36288,0,21.3348,6.4617,13.9269,0.84672,12.849,0.84672,3695.15,0,0,0,0.516802,2.5744,3.69735,1.62793,5.16062,0.42336,0,0.42336,460.49,0,1.02816,0,0,1.54496,0.516802,1.028160,1,0,19.0875,0,0,0,19.0875,0
21.7361,2.49444,0,0,1.28304,0.0640505,0.36288,3.6288,54.6696,0.965511,0,0,0.609741,0.296139,0,0.66528,12.849,1,1.3712,0.36288,0,30.8492,5.48737,24.3535,0.84672,12.849,0.84672,3695.15,0,0,0,0.204422,2.57456,3.12975,1.5378,4.37093,0.42336,0,0.42336,460.49,0,0.727929,0,0,0.932351,0.204422,1.028160,1,0,28.7244,0,0,0,28.7244,0
21.4231,2.3555,0,0,2.47131,0.0659985,0.36288,3.6288,54.7039,0.66528,0,0,0.98337,0.283777,0,0.66528,12.849,1,1.39242,0.36288,0,28.2356,5.09765,22.1084,0.84672,12.849,0.84672,3695.15,0,0,0,0.583321,2.57472,4.67075,1.50175,6.32704,0.42336,0,0.42336,460.49,0,1.02816,0,0,1.61148,0.583321,1.028160,1,0,28.4355,0,0,0,28.4355,0
20.0063,2.34293,0,0,1.35481,0.0657183,0.36288,3.6288,54.252,0.804194,0,0,0.636094,0.283841,0,0.66528,12.849,1,1.40523,0.36288,0,35.7369,5.09765,29.5969,0.84672,12.849,0.84672,3695.15,0,0,0,0.216518,2.46374,2.90824,1.50175,4.08675,0.42336,0,0.42336,460.49,0,0.889246,0,0,1.10576,0.216518,1.028160,1,0,33.6836,0,0,0,33.6836,0
18.5535,2.28248,0,0,1.25697,0.0644502,0.36288,3.6288,53.5547,1.05997,0,0,0.645716,0.282995,0,0.66528,12.849,1,1.46591,0.36288,0,21.2267,5.09765,15.026,0.84672,12.849,0.84672,3695.15,0,0,0,0.216518,2.46389,2.19773,1.50175,3.37639,0.42336,0,0.42336,460.49,0,0.633467,0,0,0.849986,0.216518,1.028160,1,0,18.4024,0,0,0,18.4024,0
17.8508,2.21479,0,0,1.97303,0.0980836,0.36288,3.6288,53.2341,0.718649,0,0,0.659684,0.261701,0,0.66528,12.849,1,1.53383,0.36288,0,27.1709,4.53306,21.4669,0.84672,12.849,0.84672,3695.15,0,0,0,0.216518,2.46405,3.37132,1.27042,4.78147,0.42336,0,0.42336,460.49,0,0.974791,0,0,1.19131,0.216518,1.028160,1,0,26.2484,0,0,0,26.2484,0
16.8109,2.12351,0,0,1.53569,0.0892055,0.36288,3.6288,52.7171,0.841605,0,0,0.521972,0.197351,0,0.66528,12.849,1,1.5285,0.36288,0,23.6949,4.45188,18.0774,0.84672,12.849,0.84672,3695.15,0,0,0,0.216518,2.4642,2.6993,1.0057,4.37432,0.42336,0,0.42336,460.49,0,0.851835,0,0,1.06835,0.216518,1.028160,1,0,22.4517,0,0,0,22.4517,0
16.1179,2.07005,0,0,1.87965,0.139693,0.36288,3.6288,51.8287,1.07918,0,0,0.377674,0.186891,0,0.66528,12.849,1,1.58219,0.36288,0,30.4192,4.54923,24.6507,0.84672,12.849,0.84672,3695.15,0,0,0,0.216518,2.36514,2.44797,1.12971,3.89993,0.42336,0,0.42336,460.49,0,0.614261,0,0,0.830779,0.216518,1.028160,1,0,28.5506,0,0,0,28.5506,0
15.5199,2.03232,0,0,1.93544,0.138211,0.36288,3.6288,51.5287,0.66528,0,0,0.550847,0.185559,0,0.66528,12.849,1,1.62014,0.36288,0,30.8627,4.54923,25.0562,0.84672,12.849,0.84672,3695.15,0,0,0,0.613803,2.36529,3.36845,1.12971,5.21784,0.42336,0,0.42336,460.49,0,1.02816,0,0,1.64196,0.613803,1.028160,1,0,30.274,0,0,0,30.274,0
18.4468,1.9983,0,0,5.42457,0.13651,0.36288,3.6288,52.3276,0.66528,0,0,1.64928,0.18511,0,0.66528,12.849,1,1.6544,0.36288,0,95.5941,4.54923,89.7533,0.84672,12.849,0.84672,3695.15,0,0,0,2.30435,2.36544,6.99275,1.12971,10.5328,0.42336,0,0.42336,460.49,0,1.02816,0,0,3.33251,2.30435,1.028160,1,0,100.286,0,0,0,100.286,0
21.6733,1.991,0,0,5.71042,0.130036,0.36288,3.6288,53.1413,0.66528,0,0,1.68047,0.201483,0,0.66528,12.849,1,1.38682,0.36288,0,78.673,3.50605,74.143,0.84672,12.849,0.84672,3695.15,0,0,0,1.93459,2.36558,7.82084,0.902092,11.2189,0.42336,0,0.42336,460.49,0,1.02816,0,0,2.96275,1.93459,1.028160,1,0,85.3619,0,0,0,85.3619,0
24.4768,2.12074,0,0,5.46767,0.180608,0.36288,3.6288,53.8381,0.66528,0,0,1.53895,0.17692,0,0.66528,12.849,1,1.25728,0.36288,0,54.5079,3.79585,49.8176,0.84672,12.849,0.84672,3695.15,0,0,0,1.55,2.14531,7.32776,0.92509,10.098,0.42336,0,0.42336,460.49,0,1.02816,0,0,2.57816,1.55,1.028160,1,0,59.9156,0,0,0,59.9156,0
27.5033,2.21531,0,0,5.79253,0.187799,0.36288,3.6288,54.9084,0.66528,0,0,1.91358,0.177903,0,0.66528,12.849,1,1.16292,0.36288,0,81.134,3.79585,76.5381,0.84672,12.849,0.84672,3695.15,0,0,0,1.70392,2.14544,7.86655,0.92509,10.7908,0.42336,0,0.42336,460.49,0,1.02816,0,0,2.73208,1.70392,1.028160,1,0,87.3289,0,0,0,87.3289,0
32.6214,2.30268,0,0,7.97968,0.196021,0.36288,3.6288,56.8304,0.66528,0,0,2.76636,0.179166,0,0.66528,12.849,1,1.07576,0.36288,0,108.238,3.79585,103.73,0.84672,12.849,0.84672,3695.15,0,0,0,2.59634,2.14557,11.4512,0.92509,15.268,0.42336,0,0.42336,460.49,0,1.02816,0,0,3.6245,2.59634,1.028160,1,0,118.998,0,0,0,118.998,0
34.6422,2.42391,0,0,4.99916,0.191584,0.36288,3.6288,58.222,0.66528,0,0,2.30131,0.244441,0,0.66528,12.849,1,0.954737,0.36288,0,99.2828,4.96371,93.7273,0.84672,12.849,0.84672,3695.15,0,0,0,2.05217,2.14571,9.11124,1.32382,11.9853,0.42336,0,0.42336,460.49,0,1.02816,0,0,3.08033,2.05217,1.028160,1,0,105.713,0,0,0,105.713,0
34.0042,2.54189,0,0,2.47654,0.209794,0.36288,3.6288,58.3554,0.66528,0,0,1.0468,0.248081,0,0.66528,12.849,1,0.942803,0.36288,0,40.3231,5.02068,34.7224,0.84672,12.849,0.84672,3695.15,0,0,0,0.891406,2.14584,5.58582,1.29004,7.33303,0.42336,0,0.42336,460.49,0,1.02816,0,0,1.91957,0.891406,1.028160,1,0,42.0555,0,0,0,42.0555,0
32.9587,2.52919,0,0,2.05963,0.213022,0.36288,3.6288,58.2632,0.698406,0,0,0.845908,0.239686,0,0.66528,12.849,1,0.955693,0.36288,0,26.7811,4.54113,21.6472,0.84672,12.849,0.84672,3695.15,0,0,0,0.503194,2.21471,3.48839,1.16094,5.04536,0.42336,0,0.42336,460.49,0,0.995034,0,0,1.49823,0.503194,1.028160,1,0,26.6926,0,0,0,26.6926,0
31.4603,2.50751,0,0,1.5807,0.20868,0.36288,3.6288,58.1334,0.810302,0,0,0.861477,0.180948,0,0.66528,12.849,1,0.977557,0.36288,0,23.7805,3.77524,19.3906,0.84672,12.849,0.84672,3695.15,0,0,0,0.503194,2.21483,2.66029,1.11735,4.26097,0.42336,0,0.42336,460.49,0,0.883138,0,0,1.38633,0.503194,1.028160,1,0,23.6515,0,0,0,23.6515,0
30.5539,2.47459,0,0,2.13673,0.205716,0.36288,3.6288,58.3701,0.66528,0,0,1.09564,0.19367,0,0.66528,12.849,1,1.01067,0.36288,0,31.6741,3.8685,27.1578,0.84672,12.849,0.84672,3695.15,0,0,0,0.852215,2.21495,4.62133,1.16027,6.52822,0.42336,0,0.42336,460.49,0,1.02816,0,0,1.88038,0.852215,1.028160,1,0,33.686,0,0,0,33.686,0
29.4355,2.69293,0,0,2.11776,0.180293,0.36288,3.6288,58.3328,0.66528,0,0,0.894427,0.266479,0,0.66528,12.849,1,1.13247,0.36288,0,41.2412,4.55574,35.9159,0.84672,12.849,0.84672,3695.15,0,0,0,0.988658,2.21507,3.61197,1.25401,5.56168,0.42336,0,0.42336,460.49,0,1.02816,0,0,2.01682,0.988658,1.028160,1,0,41.4776,0,0,0,41.4776,0
29.6667,2.66312,0,0,3.43623,0.179076,0.36288,3.6288,58.2152,0.66528,0,0,0.805983,0.258337,0,0.66528,12.849,1,1.16249,0.36288,0,36.8156,4.42133,31.5946,0.84672,12.849,0.84672,3695.15,0,0,0,0.686629,2.46255,3.60048,1.21455,5.53512,0.42336,0,0.42336,460.49,0,1.02816,0,0,1.71479,0.686629,1.028160,1,0,37.1297,0,0,0,37.1297,0
29.2174,2.66958,0,0,2.77162,0.188445,0.36288,3.6288,58.2298,0.66528,0,0,0.889609,0.209709,0,0.66528,12.849,1,1.15623,0.36288,0,34.9978,3.61484,30.5896,0.84672,12.849,0.84672,3695.15,0,0,0,0.997894,2.46269,3.60451,0.977746,6.08735,0.42336,0,0.42336,460.49,0,1.02816,0,0,2.02605,0.997894,1.028160,1,0,36.677,0,0,0,36.677,0
29.2459,2.48161,0,0,3.06328,0.19028,0.36288,3.6288,58.4068,0.66528,0,0,1.05254,0.210277,0,0.66528,12.849,1,1.09134,0.36288,0,49.6087,3.59955,45.2807,0.84672,12.849,0.84672,3695.15,0,0,0,0.93547,2.46282,4.46681,0.977796,6.8873,0.42336,0,0.42336,460.49,0,1.02816,0,0,1.96363,0.93547,1.028160,1,0,52.168,0,0,0,52.168,0
30.6958,2.16781,0,0,4.18876,0.208208,0.36288,3.6288,59.2383,0.66528,0,0,1.71058,0.213807,0,0.66528,12.849,1,0.952411,0.36288,0,67.4374,3.50784,63.34,0.84672,12.849,0.84672,3695.15,0,0,0,1.86612,2.30004,7.95537,0.978099,11.1434,0.42336,0,0.42336,460.49,0,1.02816,0,0,2.89428,1.86612,1.028160,1,0,74.4834,0,0,0,74.4834,0
32.5648,2.19964,0,0,4.64378,0.212293,0.36288,3.6288,60.2268,0.66528,0,0,1.86873,0.214951,0,0.66528,12.849,1,0.920749,0.36288,0,63.202,3.50784,59.1363,0.84672,12.849,0.84672,3695.15,0,0,0,2.04507,1.98507,7.04825,0.978099,10.1003,0.42336,0,0.42336,460.49,0,1.02816,0,0,3.07323,2.04507,1.028160,1,0,69.2366,0,0,0,69.2366,0
33.8484,2.23765,0,0,4.10587,0.221722,0.36288,3.6288,61.0018,0.66528,0,0,1.64905,0.208694,0,0.66528,12.849,1,0.882903,0.36288,0,56.4076,3.51843,52.3692,0.84672,12.849,0.84672,3695.15,0,0,0,1.90289,1.98517,7.24694,0.959118,10.1759,0.42336,0,0.42336,460.49,0,1.02816,0,0,2.93105,1.90289,1.028160,1,0,62.5451,0,0,0,62.5451,0
34.1548,2.26204,0,0,3.16754,0.236229,0.36288,3.6288,61.308,0.66528,0,0,1.63617,0.190582,0.474137,0.66528,12.849,1,0.85868,0.36288,0,47.9542,3.54491,43.9135,0.84672,12.849,0.84672,3695.15,0,0,0,2.11035,1.98528,6.45875,0.911668,9.64272,0.42336,0,0.42336,460.49,0,1.02816,0,0,3.13851,2.11035,1.028160,1,0,54.0304,0,0,0,54.0304,0
34.3473,2.26776,0,0,3.06298,0.239787,0.36288,3.6288,61.308,0.66528,0,0,1.50244,0.169539,0.667625,0.66528,12.849,1,0.853128,0.36288,0,48.5678,3.2635,44.814,0.84672,12.849,0.84672,3695.15,0,0,0,1.68865,1.98538,5.80338,0.85461,8.62281,0.42336,0,0.42336,460.49,0,1.02816,0,0,2.71681,1.68865,1.028160,1,0,54.1045,0,0,0,54.1045,0
34.609,2.35435,0,0,3.22031,0.241422,0.36288,3.6288,61.308,0.66528,0,0,1.21707,0.160974,0.390819,0.66528,12.849,1,0.880738,0.36288,0,62.9082,3.15094,59.2394,0.84672,12.849,0.84672,3695.15,0,0,0,1.0771,1.98549,4.16176,0.831787,6.39256,0.42336,0,0.42336,460.49,0,1.02816,0,0,2.10526,1.0771,1.028160,1,0,66.0228,0,0,0,66.0228,0
34.2365,2.35933,0,0,2.59191,0.242195,0.36288,3.6288,61.308,0.66528,0,0,1.01253,0.160974,0.186276,0.66528,12.849,1,0.875929,0.36288,0,47.9106,3.15094,44.2466,0.84672,12.849,0.84672,3695.15,0,0,0,0.939177,2.0633,3.40121,0.831787,5.5719,0.42336,0,0.42336,460.49,0,1.02816,0,0,1.96734,0.939177,1.028160,1,0,50.0048,0,0,0,50.0048,0
33.8362,2.35253,0,0,2.55341,0.238345,0.36288,3.6288,61.308,0.66528,0,0,0.841113,0.152128,0.023705,0.66528,12.849,1,0.882906,0.36288,0,44.7302,2.97558,41.2346,0.84672,12.849,0.84672,3695.15,0,0,0,1.30359,2.06341,2.89559,0.807214,5.45538,0.42336,0,0.42336,460.49,0,1.02816,0,0,2.33175,1.30359,1.028160,1,0,46.7137,0,0,0,46.7137,0
33.3323,2.34508,0,0,2.41408,0.209988,0.36288,3.6288,61.2439,0.66528,0,0,0.732689,0.131548,0,0.66528,12.849,1,0.890524,0.36288,0,41.1793,2.78873,37.8629,0.84672,12.849,0.84672,3695.15,0,0,0,0.733674,2.06352,2.39651,0.795965,4.39774,0.42336,0,0.42336,460.49,0,1.02816,0,0,1.76183,0.733674,1.028160,1,0,42.2606,0,0,0,42.2606,0
32.5729,2.3033,0,0,2.10272,0.195889,0.36288,3.6288,60.8627,0.803866,0,0,0.612151,0.189482,0,0.66528,12.849,1,0.88788,0.36288,0,34.3077,4.1115,29.6712,0.84672,12.849,0.84672,3695.15,0,0,0,0.528595,2.06363,2.39357,0.992328,3.99346,0.42336,0,0.42336,460.49,0,0.889574,0,0,1.41817,0.528595,1.028160,1,0,33.6647,0,0,0,33.6647,0
31.72,2.28858,0,0,1.93613,0.137591,0.36288,3.6288,60.2571,0.91711,0,0,0.539664,0.228153,0,0.66528,12.849,1,0.902772,0.36288,0,31.364,4.45746,26.3666,0.84672,12.849,0.84672,3695.15,0,0,0,0.528595,2.0335,2.2309,1.01299,3.78001,0.42336,0,0.42336,460.49,0,0.77633,0,0,1.30493,0.528595,1.028160,1,0,30.1466,0,0,0,30.1466,0
30.8378,2.27142,0,0,1.88824,0.136124,0.36288,3.6288,59.9677,0.66528,0,0,0.60324,0.227277,0,0.66528,12.849,1,0.920097,0.36288,0,30.3805,4.45746,25.3658,0.84672,12.849,0.84672,3695.15,0,0,0,0.443439,2.03361,2.64063,1.01299,4.1047,0.42336,0,0.42336,460.49,0,1.02816,0,0,1.4716,0.443439,1.028160,1,0,29.4705,0,0,0,29.4705,0
29.9438,2.25296,0,0,1.8564,0.134591,0.36288,3.6288,59.5222,0.820446,0,0,0.601728,0.226859,0,0.66528,12.849,1,0.938727,0.36288,0,29.3925,4.45746,24.3592,0.84672,12.849,0.84672,3695.15,0,0,0,0.402797,2.03372,2.26494,1.01299,3.68847,0.42336,0,0.42336,460.49,0,0.872994,0,0,1.27579,0.402797,1.028160,1,0,28.0477,0,0,0,28.0477,0
28.653,2.33942,0,0,1.53,0.11851,0.36288,3.6288,58.8358,0.963429,0,0,0.483831,0.206778,0,0.66528,12.849,1,1.00385,0.36288,0,24.4231,3.91535,19.8668,0.84672,12.849,0.84672,3695.15,0,0,0,0.402797,2.03382,1.87383,0.973701,3.33675,0.42336,0,0.42336,460.49,0,0.730011,0,0,1.13281,0.402797,1.028160,1,0,23.2035,0,0,0,23.2035,0
27.3343,2.30832,0,0,1.46416,0.111615,0.36288,3.6288,58.1671,0.969762,0,0,0.508716,0.207628,0,0.66528,12.849,1,1.03513,0.36288,0,22.9472,3.96952,18.3055,0.84672,12.849,0.84672,3695.15,0,0,0,0.402797,2.13993,1.95215,0.963671,3.53121,0.42336,0,0.42336,460.49,0,0.723678,0,0,1.12647,0.402797,1.028160,1,0,21.8367,0,0,0,21.8367,0
25.9861,2.27447,0,0,1.39876,0.109607,0.36288,3.6288,57.5535,0.917784,0,0,0.510866,0.206736,0,0.66528,12.849,1,1.06916,0.36288,0,21.5599,3.96952,16.8841,0.84672,12.849,0.84672,3695.15,0,0,0,0.30119,2.14005,1.87713,0.963671,3.35469,0.42336,0,0.42336,460.49,0,0.775656,0,0,1.07685,0.30119,1.028160,1,0,20.2388,0,0,0,20.2388,0
24.5859,2.23747,0,0,1.30769,0.107554,0.36288,3.6288,56.8477,0.975439,0,0,0.475566,0.205918,0,0.66528,12.849,1,1.10633,0.36288,0,20.122,3.96952,15.4091,0.84672,12.849,0.84672,3695.15,0,0,0,0.30119,2.14016,1.7781,0.963671,3.25578,0.42336,0,0.42336,460.49,0,0.718001,0,0,1.01919,0.30119,1.028160,1,0,18.6648,0,0,0,18.6648,0
23.025,2.19621,0,0,1.07076,0.0726025,0.36288,3.6288,56.0739,0.964198,0,0,0.426366,0.235947,0,0.66528,12.849,1,1.14778,0.36288,0,17.926,4.85432,12.2868,0.84672,12.849,0.84672,3695.15,0,0,0,0.30119,2.14027,1.77975,1.06386,3.15736,0.42336,0,0.42336,460.49,0,0.729242,0,0,1.03043,0.30119,1.028160,1,0,15.4442,0,0,0,15.4442,0
21.3951,2.12716,0,0,0.934658,0.0745067,0.36288,3.6288,55.0852,1.14499,0,0,0.380569,0.224292,0,0.66528,12.849,1,1.18705,0.36288,0,16.7393,4.66294,11.2522,0.84672,12.849,0.84672,3695.15,0,0,0,0.30119,2.14039,1.68478,1.02652,3.09985,0.42336,0,0.42336,460.49,0,0.54845,0,0,0.84964,0.30119,1.028160,1,0,14.352,0,0,0,14.352,0
19.7562,2.07077,0,0,0.859447,0.064677,0.36288,3.6288,54.0848,1.10932,0,0,0.363347,0.254455,0,0.66528,12.849,1,1.24362,0.36288,0,14.84,5.0864,8.87284,0.84672,12.849,0.84672,3695.15,0,0,0,0.261274,2.17757,1.62112,1.18108,2.87888,0.42336,0,0.42336,460.49,0,0.584116,0,0,0.845389,0.261274,1.028160,1,0,11.7517,0,0,0,11.7517,0
18.1402,2.00837,0,0,0.807745,0.0525291,0.36288,3.6288,53.0041,1.12499,0,0,0.338956,0.294653,0,0.66528,12.849,1,1.3062,0.36288,0,13.1739,5.65099,6.57961,0.84672,12.849,0.84672,3695.15,0,0,0,0.261274,2.17768,1.56063,1.38717,2.61242,0.42336,0,0.42336,460.49,0,0.568452,0,0,0.829725,0.261274,1.028160,1,0,9.19203,0,0,0,9.19203,0
16.4946,1.94035,0,0,0.707124,0.0494407,0.36288,3.6288,51.8097,1.20723,0,0,0.304284,0.291415,0,0.66528,12.849,1,1.37439,0.36288,0,12.3996,5.70898,5.67912,0.84672,12.849,0.84672,3695.15,0,0,0,0.261274,2.1778,1.43845,1.41294,2.46458,0.42336,0,0.42336,460.49,0,0.486206,0,0,0.747479,0.261274,1.028160,1,0,8.1437,0,0,0,8.1437,0
14.9372,1.90687,0,0,0.755983,0.0436292,0.36288,3.6288,50.6613,1.22137,0,0,0.359596,0.286626,0,0.66528,12.849,1,1.48541,0.36288,0,15.0305,5.85396,8.054,0.84672,12.849,0.84672,3695.15,0,0,0,0.261274,2.17791,1.58936,1.47735,2.5512,0.42336,0,0.42336,460.49,0,0.472069,0,0,0.733342,0.261274,1.028160,1,0,10.6052,0,0,0,10.6052,0
13.2751,1.95288,0,0,0.6959,0.0423116,0.36288,3.6288,49.5053,1.17689,0,0,0.304855,0.283968,0,0.66528,12.849,1,1.67987,0.36288,0,12.346,5.85396,5.17501,0.84672,12.849,0.84672,3695.15,0,0,0,0.261274,2.23057,1.53676,1.47735,2.55125,0.42336,0,0.42336,460.49,0,0.516551,0,0,0.777825,0.261274,1.028160,1,0,7.72626,0,0,0,7.72626,0
11.7846,1.72399,0,0,0.637209,0.0408277,0.36288,3.6288,48.2504,1.25595,0,0,0.282361,0.281292,0,0.66528,12.849,1,1.66866,0.36288,0,11.7348,5.85396,4.57502,0.84672,12.849,0.84672,3695.15,0,0,0,0.227405,2.38868,1.3508,1.47735,2.48954,0.42336,0,0.42336,460.49,0,0.437486,0,0,0.664891,0.227405,1.028160,1,0,7.06457,0,0,0,7.06457,0
10.4371,1.62311,0,0,0.67327,0.0347357,0.36288,3.6288,47.1685,1.12296,0,0,0.324145,0.283103,0,0.66528,12.849,1,1.76971,0.36288,0,11.5091,6.00351,4.09874,0.84672,12.849,0.84672,3695.15,0,0,0,0.227405,2.23081,1.78694,1.50723,2.73792,0.42336,0,0.42336,460.49,0,0.570483,0,0,0.797888,0.227405,1.028160,1,0,6.83666,0,0,0,6.83666,0
8.87032,1.62235,0,0,0.45306,0.0346208,0.36288,3.6288,45.8619,1.30861,0,0,0.266739,0.264696,0,0.66528,11.6598,1,1.99726,0.36288,0,9.27383,5.62318,3.20544,0.84672,11.6598,0.84672,3695.15,0,0,0,0.227405,2.23093,1.36556,1.48258,2.34131,0.42336,0,0.42336,460.49,0,0.384828,0,0,0.612233,0.227405,1.028160,1,0,5.54675,0,0,0,5.54675,0
7.27953,1.56398,0,0,0.36743,0.0313602,0.36288,3.6288,44.4594,1.36581,0,0,0.230274,0.267032,0,0.66528,9.61379,1,2.05582,0.36288,0,8.09188,5.63304,3.20544,0.84672,9.61379,0.84672,3694.76,0,0,0,0.227405,2.41085,1.21584,1.48808,2.36601,0.42336,0,0.42336,460.49,0,0.32763,0,0,0.555034,0.227405,1.028160,1,0,5.57145,0,0,0,5.57145,0
5.72596,1.5599,0,0,0.399099,0.029889,0.36288,3.6288,43.0901,1.3387,0,0,0.233004,0.263556,0,0.66528,7.56223,1,2.0601,0.36288,0,7.73358,5.63304,3.20544,0.84672,7.56223,0.84672,3694.01,0,0,0,0.204422,2.41098,1.29141,1.48808,2.41873,0.42336,0,0.42336,460.49,0,0.354738,0,0,0.55916,0.204422,1.028160,1,0,5.62417,0,0,0,5.62417,0
4.38484,1.55996,0,0,0.616429,0.0347047,0.36288,3.6288,41.8854,1.22758,0,0,0.280268,0.257367,0,0.66528,8.4625,1,2.06023,0.36288,0,12.4911,5.54399,3.20544,0.84672,8.4625,0.84672,3695.15,0,0,0,0.204422,2.41111,1.36477,1.47716,2.50314,0.42336,0,0.42336,460.49,0,0.46586,0,0,0.670283,0.204422,1.028160,1,0,5.70858,0,0,0,5.70858,0
3.44219,1.23565,0,0,0.704747,0.0488685,0.36288,3.6288,40.577,1.34741,0,0,0.294577,0.25556,0,0.66528,10.2931,1,2.38473,0.36288,0,12.5723,5.51443,3.20544,0.84672,10.2931,0.84672,3695.15,0,0,0,0.204422,2.41124,1.27202,1.39959,2.48808,0.42336,0,0.42336,460.49,0,0.346027,0,0,0.550449,0.204422,1.028160,1,0,5.69352,0,0,0,5.69352,0
2.3952,1.09091,0,0,0.4612,0.0544095,0.36288,3.6288,39.4657,1.18354,0,0,0.329548,0.257302,0,0.66528,10.6678,1,2.4192,0.36288,0,11.151,5.5145,3.20544,0.84672,10.6678,0.84672,3695.15,0,0,0,0.204422,2.41136,1.02656,1.35324,2.28911,0.42336,0,0.42336,460.49,0,0.509902,0,0,0.714324,0.204422,1.028160,1,0,5.49455,0,0,0,5.49455,0
1.29307,1.09109,0,0,0.404109,0.0522607,0.36288,3.6288,38.0218,1.39305,0,0,0.203696,0.254576,0,0.66528,11.2133,1,2.4192,0.36288,0,11.3218,5.5145,3.20544,0.84672,11.2133,0.84672,3695.15,0,0,0,0.216518,2.30741,0.809292,1.35324,1.97998,0.42336,0,0.42336,460.49,0,0.30039,0,0,0.516909,0.216518,1.028160,1,0,5.18542,0,0,0,5.18542,0
0.117646,1.09128,0,0,0.328731,0.0499987,0.36288,3.6288,36.432,1.50635,0,0,0.167657,0.251103,0,0.66528,10.8337,1,2.4192,0.36288,0,10.3966,5.5145,3.20544,0.84672,10.8337,0.84672,3695.15,0,0,0,0.216518,2.30753,0.73122,1.35324,1.90203,0.42336,0,0.42336,460.49,0,0.18709,0,0,0.403608,0.216518,1.028160,1,0,5.10747,0,0,0,5.10747,0
0.112715,0.117646,0,0,0.54913,0.0735345,0.36288,3.6288,35.0616,1.39556,0,0,0.23131,0.206145,0,0.66528,12.849,1,2.4192,0.36288,0,14.0934,4.78104,5.24069,0.84672,12.849,0.84672,3695.15,0,0,0,0.216518,2.30765,0.872605,1.15078,2.246,0.42336,0,0.42336,460.49,0,0.297879,0,0,0.514397,0.216518,1.028160,1,0,7.48669,0,0,0,7.48669,0
0.130853,0.112715,0,0,0.586663,0.0929302,0.36288,3.6288,33.9649,1.15505,0,0,0.274191,0.215913,0,0.66528,12.849,1,2.4192,0.36288,0,14.158,4.74054,7.36116,0.84672,12.849,0.84672,3695.15,0,0,0,0.216518,2.30778,1.00552,1.2989,2.23092,0.42336,0,0.42336,460.49,0,0.538393,0,0,0.754911,0.216518,1.028160,1,0,9.59208,0,0,0,9.59208,0
0.343595,0.130853,0,0,0.799478,0.0930029,0.36288,3.6288,33.1495,0.961296,0,0,0.359484,0.213579,0,0.66528,12.849,1,2.4192,0.36288,0,21.9269,4.74054,15.13,0.84672,12.849,0.84672,3695.15,0,0,0,0.216518,2.21499,1.99422,1.2989,3.12683,0.42336,0,0.42336,460.49,0,0.732144,0,0,0.948663,0.216518,1.028160,1,0,18.2568,0,0,0,18.2568,0
0.788673,0.343595,0,0,1.25902,0.107468,0.36288,3.6288,32.6565,0.80549,0,0,0.514743,0.20219,0,0.66528,12.849,1,2.4192,0.36288,0,30.9779,4.38309,24.5385,0.84672,12.849,0.84672,3695.15,0,0,0,0.292723,2.21511,1.85379,1.24698,3.11464,0.42336,0,0.42336,460.49,0,0.88795,0,0,1.18067,0.292723,1.028160,1,0,27.6532,0,0,0,27.6532,0
1.61776,0.788673,0,0,2.0957,0.115059,0.36288,3.6288,32.4847,0.66528,0,0,0.690771,0.197315,0,0.66528,12.849,1,2.4192,0.36288,0,32.7055,4.24011,26.4091,0.84672,12.849,0.84672,3695.15,0,0,0,0.39776,2.21523,3.08811,1.22622,4.47488,0.42336,0,0.42336,460.49,0,1.02816,0,0,1.42592,0.39776,1.028160,1,0,30.884,0,0,0,30.884,0
2.93154,0.744057,0,0,2.52592,0.105202,0.36288,3.6288,31.8133,0.801611,0,0,0.324793,0.194619,0,0.66528,12.849,1,2.4192,0.36288,0,47.8403,3.79335,41.9906,0.84672,12.849,0.84672,3695.15,0,0,0,0.292723,2.21534,3.52472,0.881823,5.15097,0.42336,0,0.42336,460.49,0,0.891829,0,0,1.18455,0.292723,1.028160,1,0,47.1416,0,0,0,47.1416,0
4.70733,0.744226,0,0,2.99125,0.108368,0.36288,3.6288,30.9747,0.99087,0,0,0.345151,0.192815,0,0.66528,12.849,1,2.4192,0.36288,0,68.1022,3.71889,62.327,0.84672,12.849,0.84672,3695.15,0,0,0,0.292723,2.00904,3.03114,0.824424,4.50848,0.42336,0,0.42336,460.49,0,0.70257,0,0,0.995293,0.292723,1.028160,1,0,66.8355,0,0,0,66.8355,0
6.53234,0.848245,0,0,3.15186,0.115723,0.36288,3.6288,31.3237,0.66528,0,0,1.20534,0.191047,0,0.66528,12.849,1,2.31535,0.36288,0,93.4476,3.71889,87.7763,0.84672,12.849,0.84672,3695.15,0,0,0,1.51119,2.00915,4.17176,0.824424,6.86767,0.42336,0,0.42336,460.49,0,1.02816,0,0,2.53935,1.51119,1.028160,1,0,94.644,0,0,0,94.644,0
7.55258,1.06632,0,0,2.58657,0.137135,0.36288,3.6288,30.9435,0.708273,0,0,0.517471,0.189388,0,0.66528,12.849,1,2.09744,0.36288,0,56.2,4.22049,50.245,0.84672,12.849,0.84672,3695.15,0,0,0,0.412474,2.00925,2.41968,1.0353,3.80612,0.42336,0,0.42336,460.49,0,0.985167,0,0,1.39764,0.412474,1.028160,1,0,54.0511,0,0,0,54.0511,0
7.60894,1.17127,0,0,1.73667,0.146144,0.36288,3.6288,30.322,0.976078,0,0,0.521057,0.166542,0,0.66528,12.849,1,1.99266,0.36288,0,35.4707,4.47946,29.3615,0.84672,12.849,0.84672,3695.15,0,0,0,0.412474,2.00936,1.93243,1.00379,3.35048,0.42336,0,0.42336,460.49,0,0.717362,0,0,1.12984,0.412474,1.028160,1,0,32.712,0,0,0,32.712,0
7.48897,1.21369,0,0,1.59575,0.139148,0.36288,3.6288,29.8941,0.966349,0,0,0.707754,0.16928,0,0.66528,12.849,1,2.04952,0.36288,0,45.9655,4.92534,39.3535,0.84672,12.849,0.84672,3695.15,0,0,0,0.412474,2.00947,2.30938,0.988408,3.74291,0.42336,0,0.42336,460.49,0,0.727091,0,0,1.13956,0.412474,1.028160,1,0,43.0964,0,0,0,43.0964,0
7.57568,1.20165,0,0,1.79045,0.13921,0.36288,3.6288,29.3337,1.03321,0,0,0.653512,0.180703,0,0.66528,12.849,1,2.0617,0.36288,0,37.0695,5.16621,30.2045,0.84672,12.849,0.84672,3695.15,0,0,0,0.503194,2.07395,2.56896,1.08341,4.06269,0.42336,0,0.42336,460.49,0,0.660234,0,0,1.16343,0.503194,1.028160,1,0,34.2671,0,0,0,34.2671,0
8.2814,1.21046,0,0,2.41864,0.139581,0.36288,3.6288,29.0384,0.927746,0,0,0.812022,0.179571,0,0.66528,12.849,1,2.05304,0.36288,0,61.2106,5.16621,54.3542,0.84672,12.849,0.84672,3695.15,0,0,0,0.503194,2.07404,2.72401,1.08341,4.21783,0.42336,0,0.42336,460.49,0,0.765694,0,0,1.26889,0.503194,1.028160,1,0,58.5721,0,0,0,58.5721,0
10.5657,1.27908,0,0,4.06885,0.142601,0.36288,3.6288,30.0885,0.66528,0,0,1.89437,0.178975,0,0.66528,12.849,1,1.98456,0.36288,0,70.7591,5.16621,63.9712,0.84672,12.849,0.84672,3695.15,0,0,0,2.88917,2.07413,9.17157,1.08341,13.0515,0.42336,0,0.42336,460.49,0,1.02816,0,0,3.91733,2.88917,1.028160,1,0,77.0227,0,0,0,77.0227,0
12.2416,1.61641,0,0,3.81232,0.157078,0.36288,3.6288,30.2732,0.66528,0,0,1.02848,0.178493,0,0.66528,12.849,1,1.96572,0.36288,0,79.323,4.30185,73.4183,0.84672,12.849,0.84672,3695.15,0,0,0,0.585256,2.07422,5.7105,1.10599,7.26399,0.42336,0,0.42336,460.49,0,1.02816,0,0,1.61342,0.585256,1.028160,1,0,80.6823,0,0,0,80.6823,0
14.721,1.74779,0,0,4.75323,0.163197,0.36288,3.6288,31.2621,0.66528,0,0,1.83305,0.178861,0,0.66528,12.849,1,1.8345,0.36288,0,96.5287,4.30185,90.7552,0.84672,12.849,0.84672,3695.15,0,0,0,2.78777,2.30595,8.02267,1.10599,12.0104,0.42336,0,0.42336,460.49,0,1.02816,0,0,3.81593,2.78777,1.028160,1,0,102.766,0,0,0,102.766,0
17.6892,1.91285,0,0,5.4162,0.17225,0.36288,3.6288,32.5827,0.66528,0,0,2.16665,0.180828,0,0.66528,12.849,1,1.6696,0.36288,0,104.385,4.30185,98.7765,0.84672,12.849,0.84672,3695.15,0,0,0,2.4371,2.30606,9.58651,1.10599,13.2237,0.42336,0,0.42336,460.49,0,1.02816,0,0,3.46526,2.4371,1.028160,1,0,112,0,0,0,112,0
20.3207,2.07522,0,0,5.27301,0.203478,0.36288,3.6288,34.0757,0.66528,0,0,2.32604,0.16776,0,0.66528,12.849,1,1.50739,0.36288,0,95.3346,4.29537,89.8947,0.84672,12.849,0.84672,3695.15,0,0,0,3.28822,2.30616,11.1643,1.12783,15.6308,0.42336,0,0.42336,460.49,0,1.02816,0,0,4.31638,3.28822,1.028160,1,0,105.526,0,0,0,105.526,0
23.4965,1.91669,0,0,5.66032,0.204869,0.36288,3.6288,35.7427,0.66528,0,0,2.49386,0.161571,0,0.66528,12.849,1,1.21194,0.36288,0,120.652,3.35779,116.446,0.84672,12.849,0.84672,3695.15,0,0,0,3.80133,2.30626,12.0459,0.934328,17.2192,0.42336,0,0.42336,460.49,0,1.02816,0,0,4.82949,3.80133,1.028160,1,0,133.665,0,0,0,133.665,0
25.8931,2.02268,0,0,4.99602,0.213932,0.36288,3.6288,36.5998,0.66528,0,0,1.68666,0.164253,0,0.66528,12.849,1,1.10609,0.36288,0,93.5591,3.35779,89.4581,0.84672,12.849,0.84672,3695.15,0,0,0,2.17647,1.99042,9.1673,0.934328,12.3999,0.42336,0,0.42336,460.49,0,1.02816,0,0,3.20463,2.17647,1.028160,1,0,101.858,0,0,0,101.858,0
27.0957,2.09119,0,0,3.87814,0.221455,0.36288,3.6288,37.0819,0.66528,0,0,1.31298,0.165632,0,0.66528,12.849,1,1.03772,0.36288,0,98.5884,3.35779,94.5558,0.84672,12.849,0.84672,3695.15,0,0,0,1.45339,1.99051,7.41753,0.934328,9.9271,0.42336,0,0.42336,460.49,0,1.02816,0,0,2.48155,1.45339,1.028160,1,0,104.483,0,0,0,104.483,0
27.5402,2.12253,0,0,3.13397,0.204063,0.36288,3.6288,37.1441,0.66528,0,0,0.879068,0.151604,0,0.66528,12.849,1,1.00652,0.36288,0,80.4643,3.09621,76.7245,0.84672,12.849,0.84672,3695.15,0,0,0,0.924515,1.9906,6.55059,0.896751,8.56895,0.42336,0,0.42336,460.49,0,1.02816,0,0,1.95267,0.924515,1.028160,1,0,85.2934,0,0,0,85.2934,0
29.2559,2.1337,0,0,4.40936,0.197036,0.36288,3.6288,37.7082,0.66528,0,0,1.36769,0.138327,0,0.66528,12.849,1,0.995489,0.36288,0,95.3675,2.9481,91.7867,0.84672,12.849,0.84672,3695.15,0,0,0,1.6597,1.99069,5.80319,0.893949,8.55963,0.42336,0,0.42336,460.49,0,1.02816,0,0,2.68786,1.6597,1.028160,1,0,100.346,0,0,0,100.346,0
29.5383,2.25381,0,0,3.1135,0.214467,0.36288,3.6288,38.2384,0.66528,0,0,1.33916,0.143656,0,0.66528,12.849,1,0.989858,0.36288,0,71.0875,2.94053,67.52,0.84672,12.849,0.84672,3695.15,0,0,0,1.24116,1.99077,4.53603,0.918515,6.84946,0.42336,0,0.42336,460.49,0,1.02816,0,0,2.26932,1.24116,1.028160,1,0,74.3695,0,0,0,74.3695,0
29.7379,2.26051,0,0,3.03829,0.215286,0.36288,3.6288,38.6581,0.66528,0,0,1.22936,0.144388,0,0.66528,12.849,1,0.983308,0.36288,0,60.9286,2.94053,57.3676,0.84672,12.849,0.84672,3695.15,0,0,0,1.15994,2.06877,4.20965,0.918515,6.51985,0.42336,0,0.42336,460.49,0,1.02816,0,0,2.1881,1.15994,1.028160,1,0,63.8875,0,0,0,63.8875,0
29.6519,2.26522,0,0,2.75792,0.215865,0.36288,3.6288,38.9219,0.66528,0,0,1.07405,0.144967,0,0.66528,12.849,1,0.978743,0.36288,0,68.507,2.94053,64.9506,0.84672,12.849,0.84672,3695.15,0,0,0,0.94392,2.06887,3.72368,0.918515,5.81795,0.42336,0,0.42336,460.49,0,1.02816,0,0,1.97208,0.94392,1.028160,1,0,70.7685,0,0,0,70.7685,0
29.4215,2.26333,0,0,2.59104,0.19518,0.36288,3.6288,39.0673,0.66528,0,0,0.952785,0.142121,0,0.66528,12.849,1,0.980768,0.36288,0,55.8853,3.21769,52.0498,0.84672,12.849,0.84672,3695.15,0,0,0,1.35696,2.06896,3.2906,0.939909,5.7766,0.42336,0,0.42336,460.49,0,1.02816,0,0,2.38512,1.35696,1.028160,1,0,57.8264,0,0,0,57.8264,0
29.1379,2.22697,0,0,2.46783,0.16153,0.36288,3.6288,39.3401,0.66528,0,0,1.08404,0.145944,0,0.66528,12.849,1,0.972565,0.36288,0,60.3665,4.10148,55.6553,0.84672,12.849,0.84672,3695.15,0,0,0,1.01271,2.06905,3.2752,1.01282,5.34414,0.42336,0,0.42336,460.49,0,1.02816,0,0,2.04087,1.01271,1.028160,1,0,60.9994,0,0,0,60.9994,0
28.6093,2.2205,0,0,2.20202,0.147284,0.36288,3.6288,39.4125,0.66528,0,0,0.909256,0.171534,0,0.66528,12.849,1,0.979177,0.36288,0,53.6383,4.4176,48.6044,0.84672,12.849,0.84672,3695.15,0,0,0,0.861227,2.03882,2.97379,1.03771,4.83613,0.42336,0,0.42336,460.49,0,1.02816,0,0,1.88939,0.861227,1.028160,1,0,53.4406,0,0,0,53.4406,0
28.0002,2.20811,0,0,2.07238,0.110498,0.36288,3.6288,39.4579,0.66528,0,0,0.904271,0.19359,0,0.66528,12.849,1,0.991707,0.36288,0,50.021,4.64825,44.7439,0.84672,12.849,0.84672,3695.15,0,0,0,0.832438,2.03891,2.95942,1.05149,4.77929,0.42336,0,0.42336,460.49,0,1.02816,0,0,1.8606,0.832438,1.028160,1,0,49.5232,0,0,0,49.5232,0
27.3315,2.19342,0,0,1.99716,0.109579,0.36288,3.6288,39.5027,0.66528,0,0,0.903779,0.193673,0,0.66528,12.849,1,1.00654,0.36288,0,47.8252,4.64825,42.5333,0.84672,12.849,0.84672,3695.15,0,0,0,0.897739,2.039,3.25188,1.05149,5.13714,0.42336,0,0.42336,460.49,0,1.02816,0,0,1.9259,0.897739,1.028160,1,0,47.6704,0,0,0,47.6704,0
26.2953,2.28003,0,0,1.71071,0.103948,0.36288,3.6288,39.4411,0.66528,0,0,0.792253,0.188572,0,0.66528,12.849,1,1.07188,0.36288,0,35.3846,4.66885,30.0067,0.84672,12.849,0.84672,3695.15,0,0,0,0.634781,2.0391,2.73219,1.0407,4.36537,0.42336,0,0.42336,460.49,0,1.02816,0,0,1.66294,0.634781,1.028160,1,0,34.3721,0,0,0,34.3721,0
25.2046,2.25176,0,0,1.62555,0.101693,0.36288,3.6288,39.3277,0.66528,0,0,0.739463,0.187599,0,0.66528,12.849,1,1.1003,0.36288,0,32.0665,4.67229,26.6568,0.84672,12.849,0.84672,3695.15,0,0,0,0.487002,2.14546,2.52739,1.03891,4.12095,0.42336,0,0.42336,460.49,0,1.02816,0,0,1.51516,0.487002,1.028160,1,0,30.7777,0,0,0,30.7777,0
23.9679,2.22032,0,0,1.44665,0.100129,0.36288,3.6288,39.1535,0.66528,0,0,0.678439,0.187398,0,0.66528,12.849,1,1.13189,0.36288,0,28.917,4.67229,23.4757,0.84672,12.849,0.84672,3695.15,0,0,0,0.352961,2.14556,2.43556,1.03891,3.89517,0.42336,0,0.42336,460.49,0,1.02816,0,0,1.38112,0.352961,1.028160,1,0,27.3709,0,0,0,27.3709,0
22.7206,2.18239,0,0,1.36635,0.0683402,0.36288,3.6288,38.9247,0.665608,0,0,0.65156,0.21474,0,0.66528,12.849,1,1.16996,0.36288,0,25.774,5.04714,19.9198,0.84672,12.849,0.84672,3695.15,0,0,0,0.30119,2.14565,2.31963,1.13468,3.63179,0.42336,0,0.42336,460.49,0,1.02783,0,0,1.32902,0.30119,1.028160,1,0,23.5516,0,0,0,23.5516,0
21.6816,2.14146,0,0,1.53925,0.0739245,0.36288,3.6288,38.8095,0.66528,0,0,0.772338,0.22223,0,0.66528,12.849,1,1.21104,0.36288,0,30.0211,5.28852,23.8844,0.84672,12.849,0.84672,3695.15,0,0,0,0.411454,2.14575,2.86584,1.19694,4.2261,0.42336,0,0.42336,460.49,0,1.02816,0,0,1.43961,0.411454,1.028160,1,0,28.1105,0,0,0,28.1105,0
20.7918,2.08626,0,0,1.62261,0.0632491,0.36288,3.6288,38.6993,0.66528,0,0,0.81254,0.257439,0,0.66528,12.849,1,1.23637,0.36288,0,32.2542,5.50754,25.8731,0.84672,12.849,0.84672,3695.15,0,0,0,0.506805,2.14584,3.28809,1.3608,4.57994,0.42336,0,0.42336,460.49,0,1.02816,0,0,1.53497,0.506805,1.028160,1,0,30.4531,0,0,0,30.4531,0
19.8575,2.05365,0,0,1.54229,0.0600721,0.36288,3.6288,38.5609,0.66528,0,0,0.788944,0.262079,0,0.66528,12.849,1,1.26912,0.36288,0,29.6469,5.51387,23.2268,0.84672,12.849,0.84672,3695.15,0,0,0,0.454205,2.1831,3.1859,1.38033,4.44287,0.42336,0,0.42336,460.49,0,1.02816,0,0,1.48236,0.454205,1.028160,1,0,27.6697,0,0,0,27.6697,0
18.8541,2.01749,0,0,1.43624,0.059301,0.36288,3.6288,38.3224,0.66528,0,0,0.68847,0.261734,0,0.66528,12.849,1,1.30544,0.36288,0,27.5556,5.51387,21.0991,0.84672,12.849,0.84672,3695.15,0,0,0,0.390856,2.18319,3.0179,1.38033,4.21162,0.42336,0,0.42336,460.49,0,1.02816,0,0,1.41902,0.390856,1.028160,1,0,25.3108,0,0,0,25.3108,0
17.7907,1.97626,0,0,1.3324,0.056686,0.36288,3.6288,38.0161,0.66528,0,0,0.623699,0.264754,0,0.66528,12.849,1,1.34681,0.36288,0,25.6863,5.60875,19.0936,0.84672,12.849,0.84672,3695.15,0,0,0,0.266708,2.18329,2.85353,1.40382,3.89971,0.42336,0,0.42336,460.49,0,1.02816,0,0,1.29487,0.266708,1.028160,1,0,22.9933,0,0,0,22.9933,0
16.693,1.97463,0,0,1.28518,0.0452744,0.36288,3.6288,37.5796,0.796548,0,0,0.645669,0.285609,0,0.66528,12.849,1,1.42615,0.36288,0,26.4395,6.1781,19.1982,0.84672,12.849,0.84672,3695.15,0,0,0,0.261274,2.18339,2.88832,1.54476,3.78822,0.42336,0,0.42336,460.49,0,0.896892,0,0,1.15817,0.261274,1.028160,1,0,22.9864,0,0,0,22.9864,0
15.4458,2.05784,0,0,1.21803,0.0445624,0.36288,3.6288,37.1891,0.683666,0,0,0.577638,0.284415,0,0.66528,12.849,1,1.58397,0.36288,0,23.3616,6.1781,15.9624,0.84672,12.849,0.84672,3695.15,0,0,0,0.261274,2.23616,3.01675,1.54476,3.96942,0.42336,0,0.42336,460.49,0,1.00977,0,0,1.27105,0.261274,1.028160,1,0,19.9318,0,0,0,19.9318,0
14.1899,1.98811,0,0,1.13863,0.0435541,0.36288,3.6288,36.6811,0.759162,0,0,0.534445,0.283346,0,0.66528,12.849,1,1.65386,0.36288,0,22.2135,6.1781,14.7444,0.84672,12.849,0.84672,3695.15,0,0,0,0.227405,2.39465,2.6471,1.54476,3.72439,0.42336,0,0.42336,460.49,0,0.934278,0,0,1.16168,0.227405,1.028160,1,0,18.4688,0,0,0,18.4688,0
13.123,1.78495,0,0,1.12333,0.0424122,0.36288,3.6288,36.2964,0.680884,0,0,0.578222,0.281956,0,0.66528,12.849,1,1.61628,0.36288,0,20.6119,6.1781,13.1804,0.84672,12.849,0.84672,3695.15,0,0,0,0.227405,2.39475,2.99355,1.54476,4.07095,0.42336,0,0.42336,460.49,0,1.01256,0,0,1.23996,0.227405,1.028160,1,0,17.2514,0,0,0,17.2514,0
11.862,1.83341,0,0,0.977512,0.042158,0.36288,3.6288,35.926,0.66528,0,0,0.556407,0.261604,0,0.66528,12.849,1,1.79514,0.36288,0,19.2242,6.02037,11.7715,0.84672,12.849,0.84672,3695.15,0,0,0,0.389146,2.23645,3.18159,1.55568,4.25152,0.42336,0,0.42336,460.49,0,1.02816,0,0,1.41731,0.389146,1.028160,1,0,16.0231,0,0,0,16.0231,0
10.366,1.86526,0,0,0.780062,0.0479477,0.36288,3.6288,35.4933,0.66528,0,0,0.479709,0.247086,0,0.66528,12.849,1,2.02046,0.36288,0,16.5822,5.74791,9.17674,0.84672,12.849,0.84672,3695.15,0,0,0,0.353825,2.4168,2.76371,1.51821,4.01613,0.42336,0,0.42336,460.49,0,1.02816,0,0,1.38199,0.353825,1.028160,1,0,13.1929,0,0,0,13.1929,0
9.05222,1.73514,0,0,0.830563,0.0463291,0.36288,3.6288,35.0578,0.66528,0,0,0.475786,0.246041,0,0.66528,12.849,1,2.15076,0.36288,0,15.4901,5.74791,7.95435,0.84672,12.849,0.84672,3695.15,0,0,0,0.332484,2.5881,2.9128,1.51821,4.31517,0.42336,0,0.42336,460.49,0,1.02816,0,0,1.36064,0.332484,1.028160,1,0,12.2695,0,0,0,12.2695,0
8.38669,1.49995,0,0,1.24664,0.049328,0.36288,3.6288,34.7158,0.66528,0,0,0.566521,0.243264,0,0.66528,12.849,1,2.12908,0.36288,0,22.8738,5.68854,15.4191,0.84672,12.849,0.84672,3695.15,0,0,0,0.601353,2.58821,3.09547,1.51093,4.7741,0.42336,0,0.42336,460.49,0,1.02816,0,0,1.62951,0.601353,1.028160,1,0,20.1932,0,0,0,20.1932,0
7.93772,1.43329,0,0,1.40164,0.0544447,0.36288,3.6288,34.4131,0.66528,0,0,0.589967,0.22734,0,0.66528,12.849,1,2.1959,0.36288,0,20.8853,5.43457,13.6177,0.84672,12.849,0.84672,3695.15,0,0,0,0.440061,2.41713,2.79122,1.4385,4.20991,0.42336,0,0.42336,460.49,0,1.02816,0,0,1.46822,0.440061,1.028160,1,0,17.8276,0,0,0,17.8276,0
6.80987,1.43881,0,0,0.723177,0.0493369,0.36288,3.6288,34.0996,0.66528,0,0,0.565849,0.214037,0,0.66528,12.849,1,2.32903,0.36288,0,12.8896,5.20474,5.71868,0.84672,12.849,0.84672,3695.15,0,0,0,1.10974,2.41723,1.7591,1.36739,3.91868,0.42336,0,0.42336,460.49,0,1.02816,0,0,2.1379,1.10974,1.028160,1,0,9.63737,0,0,0,9.63737,0
5.66372,1.34881,0,0,0.613189,0.0476495,0.36288,3.6288,33.4135,0.780002,0,0,0.307204,0.213371,0,0.66528,12.849,1,2.4192,0.36288,0,12.8715,5.20474,5.61046,0.84672,12.849,0.84672,3695.15,0,0,0,0.216518,2.47683,1.30112,1.36739,2.62708,0.42336,0,0.42336,460.49,0,0.913438,0,0,1.12996,0.216518,1.028160,1,0,8.23754,0,0,0,8.23754,0
4.85997,1.09973,0,0,0.720833,0.0619758,0.36288,3.6288,32.7863,0.751438,0,0,0.312116,0.187872,0,0.66528,12.849,1,2.4192,0.36288,0,12.9654,4.78948,6.11964,0.84672,12.849,0.84672,3695.15,0,0,0,0.216518,2.47694,1.3588,1.2376,2.81466,0.42336,0,0.42336,460.49,0,0.942002,0,0,1.15852,0.216518,1.028160,1,0,8.9343,0,0,0,8.9343,0
5.07939,1.34914,0,0,2.03085,0.0994062,0.36288,3.6288,32.7516,0.66528,0,0,0.757691,0.127058,0,0.66528,12.849,1,2.4192,0.36288,0,41.4271,3.75134,35.6194,0.84672,12.849,0.84672,3695.15,0,0,0,0.87277,2.31321,3.6167,0.913108,5.88957,0.42336,0,0.42336,460.49,0,1.02816,0,0,1.90093,0.87277,1.028160,1,0,41.509,0,0,0,41.509,0
4.16558,1.25196,0,0,0.813473,0.112443,0.36288,3.6288,32.2994,0.66528,0,0,0.400388,0.187324,0,0.66528,12.849,1,2.4192,0.36288,0,19.5752,4.95537,12.5635,0.84672,12.849,0.84672,3695.15,0,0,0,0.250422,2.47716,1.55816,1.12289,3.16286,0.42336,0,0.42336,460.49,0,1.02816,0,0,1.27858,0.250422,1.028160,1,0,15.7264,0,0,0,15.7264,0
3.7103,1.25213,0,0,1.26866,0.108932,0.36288,3.6288,32.0414,0.66528,0,0,0.593677,0.186407,0,0.66528,12.849,1,2.4192,0.36288,0,33.362,4.95537,26.3503,0.84672,12.849,0.84672,3695.15,0,0,0,0.782845,2.37755,3.28932,1.12289,5.32682,0.42336,0,0.42336,460.49,0,1.02816,0,0,1.811,0.782845,1.028160,1,0,31.6771,0,0,0,31.6771,0
4.24713,1.25229,0,0,2.2778,0.125794,0.36288,3.6288,32.1841,0.66528,0,0,0.982596,0.174559,0,0.66528,12.849,1,2.4192,0.36288,0,45.3781,4.52643,38.7953,0.84672,12.849,0.84672,3695.15,0,0,0,1.10235,2.37765,4.70785,1.06059,7.12726,0.42336,0,0.42336,460.49,0,1.02816,0,0,2.13051,1.10235,1.028160,1,0,45.9226,0,0,0,45.9226,0
5.18227,1.25245,0,0,2.68196,0.131493,0.36288,3.6288,32.2378,0.66528,0,0,0.891916,0.17294,0,0.66528,12.849,1,2.4192,0.36288,0,46.0884,4.45494,39.5772,0.84672,12.849,0.84672,3695.15,0,0,0,1.51743,2.37776,3.19412,1.05021,6.03911,0.42336,0,0.42336,460.49,0,1.02816,0,0,2.54559,1.51743,1.028160,1,0,45.6163,0,0,0,45.6163,0
5.76497,0.911276,0,0,1.98768,0.130817,0.36288,3.6288,32.081,0.66528,0,0,0.670833,0.162406,0,0.66528,12.849,1,2.25943,0.36288,0,32.1931,4.02692,26.2696,0.84672,12.849,0.84672,3695.15,0,0,0,0.827211,2.37786,5.05691,0.963555,7.29843,0.42336,0,0.42336,460.49,0,1.02816,0,0,1.85537,0.827211,1.028160,1,0,33.568,0,0,0,33.568,0
6.48731,0.982051,0,0,2.19859,0.131313,0.36288,3.6288,31.6874,0.66528,0,0,0.429586,0.157882,0,0.66528,12.849,1,2.1888,0.36288,0,25.2575,3.85571,19.5759,0.84672,12.849,0.84672,3695.15,0,0,0,0.80346,2.01377,4.33224,0.928894,6.22058,0.42336,0,0.42336,460.49,0,1.02816,0,0,1.83162,0.80346,1.028160,1,0,25.7964,0,0,0,25.7964,0
6.85532,1.06386,0,0,1.92914,0.134392,0.36288,3.6288,31.3365,0.66528,0,0,0.471591,0.157205,0,0.66528,12.849,1,2.10713,0.36288,0,37.3768,3.85571,31.7769,0.84672,12.849,0.84672,3695.15,0,0,0,0.980744,2.01386,4.62678,0.928894,6.69249,0.42336,0,0.42336,460.49,0,1.02816,0,0,2.0089,0.980744,1.028160,1,0,38.4694,0,0,0,38.4694,0
9.24369,1.10327,0,0,3.99048,0.135961,0.36288,3.6288,31.6507,0.66528,0,0,1.13604,0.156601,0,0.66528,12.849,1,2.06787,0.36288,0,62.5997,3.85571,57.039,0.84672,12.849,0.84672,3695.15,0,0,0,3.6867,2.01395,6.13267,0.928894,10.9044,0.42336,0,0.42336,460.49,0,1.02816,0,0,4.71486,3.6867,1.028160,1,0,67.9434,0,0,0,67.9434,0
11.6492,1.32688,0,0,4.23833,0.143017,0.36288,3.6288,32.4345,0.66528,0,0,1.60286,0.153772,0,0.66528,12.849,1,1.8444,0.36288,0,58.2007,3.75907,52.9601,0.84672,12.849,0.84672,3695.15,0,0,0,2.16275,2.01404,6.63106,0.922877,9.88497,0.42336,0,0.42336,460.49,0,1.02816,0,0,3.19091,2.16275,1.028160,1,0,62.8451,0,0,0,62.8451,0
15.2926,1.55529,0,0,5.71757,0.156068,0.36288,3.6288,34.7186,0.66528,0,0,3.10408,0.154715,0,0.66528,12.849,1,1.71547,0.36288,0,84.6815,4.0488,79.2801,0.84672,12.849,0.84672,3695.15,0,0,0,4.364,2.01413,12.3491,0.995895,17.7313,0.42336,0,0.42336,460.49,0,1.02816,0,0,5.39216,4.364,1.028160,1,0,97.0114,0,0,0,97.0114,0
19.8405,1.77744,0,0,6.8572,0.16896,0.36288,3.6288,36.4035,0.66528,0,0,2.50862,0.15845,0,0.66528,12.849,1,1.49343,0.36288,0,150.047,4.0488,144.868,0.84672,12.849,0.84672,3695.15,0,0,0,6.46985,2.07874,17.0122,0.995895,24.5649,0.42336,0,0.42336,460.49,0,1.02816,0,0,7.49801,6.46985,1.028160,1,0,169.433,0,0,0,169.433,0
23.5129,1.98529,0,0,6.2019,0.181372,0.36288,3.6288,38.9265,0.66528,0,0,3.34946,0.161091,0,0.66528,12.849,1,1.2857,0.36288,0,160.7,4.0488,155.728,0.84672,12.849,0.84672,3695.15,0,0,0,6.28993,2.07882,16.5821,0.995895,23.955,0.42336,0,0.42336,460.49,0,1.02816,0,0,7.31809,6.28993,1.028160,1,0,179.683,0,0,0,179.683,0
27.4124,2.26503,0,0,6.71806,0.190577,0.36288,3.6288,41.0742,0.66528,0,0,2.9737,0.16073,0,0.66528,12.849,1,1.23776,0.36288,0,167.616,3.98203,162.759,0.84672,12.849,0.84672,3695.15,0,0,0,4.34984,2.07889,10.6647,0.981806,16.1116,0.42336,0,0.42336,460.49,0,1.02816,0,0,5.378,4.34984,1.028160,1,0,178.871,0,0,0,178.871,0
30.3965,2.61763,0,0,6.17646,0.211847,0.36288,3.6288,43.8493,0.66528,0,0,3.62952,0.189148,0,0.66528,12.849,1,1.22696,0.36288,0,121.343,4.86583,115.613,0.84672,12.849,0.84672,3695.15,0,0,0,4.3051,2.22622,12.1714,1.32399,17.3788,0.42336,0,0.42336,460.49,0,1.02816,0,0,5.33326,4.3051,1.028160,1,0,132.992,0,0,0,132.992,0
32.1845,2.70239,0,0,5.07583,0.222563,0.36288,3.6288,46.5329,0.66528,0,0,3.55189,0.203062,0,0.66528,12.849,1,1.14233,0.36288,0,92.5474,5.0799,86.688,0.84672,12.849,0.84672,3695.15,0,0,0,3.86005,2.4749,13.3557,1.39511,18.2956,0.42336,0,0.42336,460.49,0,1.02816,0,0,4.88821,3.86005,1.028160,1,0,104.984,0,0,0,104.984,0
34.565,2.74784,0,0,5.71896,0.227749,0.36288,3.6288,48.5975,0.66528,0,0,2.9381,0.208214,0,0.66528,12.849,1,1.09702,0.36288,0,126.272,5.0799,120.458,0.84672,12.849,0.84672,3695.15,0,0,0,3.53131,2.47499,16.8909,1.39511,21.5021,0.42336,0,0.42336,460.49,0,1.02816,0,0,4.55947,3.53131,1.028160,1,0,141.96,0,0,0,141.96,0
35.3365,2.80302,0,0,4.16038,0.223049,0.36288,3.6288,50.2987,0.66528,0,0,2.55588,0.189373,0,0.66528,12.849,1,1.04198,0.36288,0,124.158,4.52249,118.956,0.84672,12.849,0.84672,3695.15,0,0,0,3.28497,2.47508,9.85867,1.23073,14.388,0.42336,0,0.42336,460.49,0,1.02816,0,0,4.31313,3.28497,1.028160,1,0,133.344,0,0,0,133.344,0
39.0761,2.46237,0,0,6.77756,0.21271,0.36288,3.6288,54.6569,0.66528,0,0,5.26178,0.238291,0,0.66528,12.849,1,0.895365,0.36288,0,168.886,4.39495,163.959,0.84672,12.849,0.84672,3695.15,0,0,0,5.77505,2.47517,19.0403,1.12706,26.1635,0.42336,0,0.42336,460.49,0,1.02816,0,0,6.80321,5.77505,1.028160,1,0,190.122,0,0,0,190.122,0
41.2237,2.52695,0,0,5.26033,0.222853,0.36288,3.6288,57.4212,0.66528,0,0,3.68931,0.259736,0,0.66528,12.849,1,0.830912,0.36288,0,154.682,4.49757,149.716,0.84672,12.849,0.84672,3695.15,0,0,0,4.09058,2.13618,13.39,1.14631,18.4705,0.42336,0,0.42336,460.49,0,1.02816,0,0,5.11874,4.09058,1.028160,1,0,168.187,0,0,0,168.187,0
43.4568,2.56004,0,0,5.39136,0.235324,0.36288,3.6288,59.7624,0.66528,0,0,3.24772,0.241273,0,0.66528,12.849,1,0.797938,0.36288,0,152.303,4.45207,147.416,0.84672,12.849,0.84672,3695.15,0,0,0,3.75312,2.13625,12.5617,1.09158,17.3595,0.42336,0,0.42336,460.49,0,1.02816,0,0,4.78128,3.75312,1.028160,1,0,164.776,0,0,0,164.776,0
45.0082,2.59178,0,0,4.75352,0.247486,0.36288,3.6288,61.308,0.66528,0,0,2.9659,0.217946,0.537039,0.66528,12.849,1,0.766319,0.36288,0,124.794,3.95551,120.435,0.84672,12.849,0.84672,3695.15,0,0,0,3.38679,2.13633,11.3061,0.965309,15.8639,0.42336,0,0.42336,460.49,0,1.02816,0,0,4.41495,3.38679,1.028160,1,0,136.836,0,0,0,136.836,0
46.2551,2.61242,0,0,4.45462,0.232449,0.36288,3.6288,61.308,0.66528,0,0,2.65594,0.220861,1.7698,0.66528,12.849,1,0.745798,0.36288,0,75.3607,4.01788,70.9599,0.84672,12.849,0.84672,3695.15,0,0,0,2.79793,2.1364,12.1655,0.959196,16.1406,0.42336,0,0.42336,460.49,0,1.02816,0,0,3.82609,2.79793,1.028160,1,0,88.8703,0,0,0,88.8703,0
49.3753,2.72428,0,0,6.42025,0.212834,0.36288,3.6288,61.308,0.66528,0,0,6.23819,0.217421,5.35549,0.66528,12.849,1,0.756766,0.36288,0,107.023,4.53695,102.092,0.84672,12.849,0.84672,3695.15,0,0,0,5.85648,2.13648,20.7554,1.00435,27.744,0.42336,0,0.42336,460.49,0,1.02816,0,0,6.88464,5.85648,1.028160,1,0,135.191,0,0,0,135.191,0
51.9721,2.76233,0,0,5.94216,0.220221,0.36288,3.6288,61.308,0.66528,0,0,4.43634,0.217421,3.55364,0.66528,12.849,1,0.718844,0.36288,0,202.427,4.53695,197.535,0.84672,12.849,0.84672,3695.15,0,0,0,5.09635,2.22017,19.4653,1.00435,25.7775,0.42336,0,0.42336,460.49,0,1.02816,0,0,6.12451,5.09635,1.028160,1,0,226.866,0,0,0,226.866,0
53.1605,2.79122,0,0,4.5689,0.226311,0.36288,3.6288,61.308,0.66528,0,0,2.5132,0.217421,1.6305,0.66528,12.849,1,0.690072,0.36288,0,126.128,4.53695,121.264,0.84672,12.849,0.84672,3695.15,0,0,0,2.86204,2.22025,10.4771,1.00435,14.5551,0.42336,0,0.42336,460.49,0,1.02816,0,0,3.8902,2.86204,1.028160,1,0,137.45,0,0,0,137.45,0
54.0758,2.80375,0,0,4.27991,0.198019,0.36288,3.6288,61.308,0.66528,0,0,2.24958,0.232899,1.3514,0.66528,12.849,1,0.677671,0.36288,0,127.827,4.83738,122.675,0.84672,12.849,0.84672,3695.15,0,0,0,2.44587,2.22033,9.47264,1.06258,13.0763,0.42336,0,0.42336,460.49,0,1.02816,0,0,3.47403,2.44587,1.028160,1,0,137.103,0,0,0,137.103,0
54.5184,2.77435,0,0,3.74134,0.161538,0.36288,3.6288,61.308,0.66528,0,0,2.08856,0.210705,1.21257,0.66528,12.849,1,0.659215,0.36288,0,77.3893,4.37262,72.7204,0.84672,12.849,0.84672,3695.15,0,0,0,2.05319,2.22041,8.3274,0.993776,11.6072,0.42336,0,0.42336,460.49,0,1.02816,0,0,3.08135,2.05319,1.028160,1,0,85.5402,0,0,0,85.5402,0
54.1239,2.77878,0,0,2.90943,0.162263,0.36288,3.6288,61.308,0.66528,0,0,1.59972,0.210705,0.723737,0.66528,12.849,1,0.654908,0.36288,0,63.571,4.37262,58.9063,0.84672,12.849,0.84672,3695.15,0,0,0,1.57796,2.18795,6.67699,0.993776,9.44912,0.42336,0,0.42336,460.49,0,1.02816,0,0,2.60612,1.57796,1.028160,1,0,69.0792,0,0,0,69.0792,0
53.3751,2.77502,0,0,2.55077,0.161617,0.36288,3.6288,61.308,0.66528,0,0,1.50847,0.210705,0.632482,0.66528,12.849,1,0.658789,0.36288,0,58.0461,4.37262,53.3776,0.84672,12.849,0.84672,3695.15,0,0,0,1.26257,2.18803,6.2188,0.993776,8.67563,0.42336,0,0.42336,460.49,0,1.02816,0,0,2.29073,1.26257,1.028160,1,0,62.6857,0,0,0,62.6857,0
52.8509,2.76767,0,0,2.76666,0.16039,0.36288,3.6288,61.308,0.66528,0,0,1.44742,0.210705,0.57144,0.66528,12.849,1,0.666261,0.36288,0,62.5748,4.37262,57.8988,0.84672,12.849,0.84672,3695.15,0,0,0,0.832628,2.18811,6.80607,0.993776,8.83302,0.42336,0,0.42336,460.49,0,1.02816,0,0,1.86079,0.832628,1.028160,1,0,67.3032,0,0,0,67.3032,0
52.2811,2.89349,0,0,2.82922,0.14257,0.36288,3.6288,61.308,0.66528,0,0,1.4862,0.216575,0.604346,0.66528,12.849,1,0.703461,0.36288,0,62.0584,4.28145,57.4364,0.84672,12.849,0.84672,3695.15,0,0,0,1.44411,2.18819,6.35771,0.973701,9.0163,0.42336,0,0.42336,460.49,0,1.02816,0,0,2.47227,1.44411,1.028160,1,0,67.0571,0,0,0,67.0571,0
51.408,2.88744,0,0,2.47914,0.101945,0.36288,3.6288,61.308,0.66528,0,0,1.14137,0.208297,0.267793,0.66528,12.849,1,0.70964,0.36288,0,53.6933,3.93897,49.4075,0.84672,12.849,0.84672,3695.15,0,0,0,1.63093,2.30231,5.52555,0.941237,8.51755,0.42336,0,0.42336,460.49,0,1.02816,0,0,2.65909,1.63093,1.028160,1,0,58.1929,0,0,0,58.1929,0
50.409,2.8779,0,0,2.33017,0.0883623,0.36288,3.6288,61.308,0.66528,0,0,1.18865,0.211867,0.311501,0.66528,12.849,1,0.719308,0.36288,0,49.457,4.04733,45.0532,0.84672,12.849,0.84672,3695.15,0,0,0,1.63757,2.30239,5.61582,0.921177,8.6346,0.42336,0,0.42336,460.49,0,1.02816,0,0,2.66573,1.63757,1.028160,1,0,53.9993,0,0,0,53.9993,0
49.3312,2.86665,0,0,2.23916,0.0874426,0.36288,3.6288,61.308,0.66528,0,0,1.2109,0.211867,0.333749,0.66528,12.849,1,0.730693,0.36288,0,46.624,4.04733,42.2089,0.84672,12.849,0.84672,3695.15,0,0,0,1.50487,2.30247,5.5997,0.921177,8.48587,0.42336,0,0.42336,460.49,0,1.02816,0,0,2.53303,1.50487,1.028160,1,0,51.0285,0,0,0,51.0285,0
48.3456,2.85408,0,0,2.33872,0.107381,0.36288,3.6288,61.308,0.66528,0,0,1.2418,0.213425,0.363096,0.66528,12.849,1,0.743386,0.36288,0,52.4061,4.36967,47.6559,0.84672,12.849,0.84672,3695.15,0,0,0,1.68401,2.30255,5.267,1.04971,8.20386,0.42336,0,0.42336,460.49,0,1.02816,0,0,2.71217,1.68401,1.028160,1,0,56.2229,0,0,0,56.2229,0
47.6041,2.81676,0,0,2.50936,0.071231,0.36288,3.6288,61.308,0.66528,0,0,1.37948,0.24456,0.46964,0.66528,12.849,1,0.74862,0.36288,0,60.5738,5.02383,55.1643,0.84672,12.849,0.84672,3695.15,0,0,0,1.94894,2.30264,5.50798,1.28773,8.47183,0.42336,0,0.42336,460.49,0,1.02816,0,0,2.9771,1.94894,1.028160,1,0,64.1057,0,0,0,64.1057,0
46.6792,2.80767,0,0,2.31641,0.0707099,0.36288,3.6288,61.308,0.66528,0,0,1.36511,0.24456,0.455272,0.66528,12.849,1,0.75783,0.36288,0,55.3872,5.02383,49.9684,0.84672,12.849,0.84672,3695.15,0,0,0,1.88655,2.34259,5.05345,1.28773,7.99486,0.42336,0,0.42336,460.49,0,1.02816,0,0,2.91471,1.88655,1.028160,1,0,58.4185,0,0,0,58.4185,0
45.6155,2.796,0,0,2.16507,0.0699406,0.36288,3.6288,61.308,0.66528,0,0,1.37333,0.24456,0.463488,0.66528,12.849,1,0.769631,0.36288,0,51.4953,5.02383,46.0648,0.84672,12.849,0.84672,3695.15,0,0,0,2.01668,2.34267,4.88483,1.28773,7.95646,0.42336,0,0.42336,460.49,0,1.02816,0,0,3.04484,2.01668,1.028160,1,0,54.4847,0,0,0,54.4847,0
44.5111,2.7821,0,0,2.10698,0.0663676,0.36288,3.6288,61.308,0.66528,0,0,1.29965,0.271985,0.362389,0.66528,12.849,1,0.783663,0.36288,0,48.1915,5.36913,42.4016,0.84672,12.849,0.84672,3695.15,0,0,0,1.88924,2.34276,4.70148,1.37058,7.5629,0.42336,0,0.42336,460.49,0,1.02816,0,0,2.9174,1.88924,1.028160,1,0,50.3269,0,0,0,50.3269,0
43.0745,2.83169,0,0,1.81239,0.0544683,0.36288,3.6288,61.308,0.66528,0,0,1.18417,0.310883,0.20801,0.66528,12.849,1,0.817421,0.36288,0,42.6027,5.91959,36.2286,0.84672,12.849,0.84672,3695.15,0,0,0,1.19051,2.34284,3.81626,1.46192,5.8877,0.42336,0,0.42336,460.49,0,1.02816,0,0,2.21867,1.19051,1.028160,1,0,42.3243,0,0,0,42.3243,0
41.6151,2.81079,0,0,1.76787,0.0535806,0.36288,3.6288,61.308,0.66528,0,0,1.09104,0.310883,0.114879,0.66528,12.849,1,0.838451,0.36288,0,42.548,5.91959,36.1529,0.84672,12.849,0.84672,3695.15,0,0,0,1.38846,2.39944,4.08938,1.46192,6.41536,0.42336,0,0.42336,460.49,0,1.02816,0,0,2.41662,1.38846,1.028160,1,0,42.6831,0,0,0,42.6831,0
40.0654,2.78842,0,0,1.65433,0.0526789,0.36288,3.6288,61.308,0.66528,0,0,1.00991,0.310883,0.0337495,0.66528,12.849,1,0.860948,0.36288,0,38.4102,5.91959,31.9925,0.84672,12.849,0.84672,3695.15,0,0,0,1.28474,2.39953,3.64974,1.46192,5.8721,0.42336,0,0.42336,460.49,0,1.02816,0,0,2.3129,1.28474,1.028160,1,0,37.8983,0,0,0,37.8983,0
38.4063,2.76331,0,0,1.51875,0.0517214,0.36288,3.6288,61.308,0.66528,0,0,0.998827,0.310883,0.0226643,0.66528,12.849,1,0.886193,0.36288,0,35.1116,5.91959,28.6687,0.84672,12.849,0.84672,3695.15,0,0,0,1.09477,2.39962,3.56959,1.46192,5.60206,0.42336,0,0.42336,460.49,0,1.02816,0,0,2.12293,1.09477,1.028160,1,0,34.2934,0,0,0,34.2934,0
36.6854,2.91736,0,0,1.60152,0.042136,0.36288,3.6288,61.2997,0.66528,0,0,0.988425,0.331458,0,0.66528,12.849,1,0.976016,0.36288,0,31.0462,6.35107,24.082,0.84672,12.849,0.84672,3695.15,0,0,0,1.07022,2.3997,4.4068,1.47348,6.40324,0.42336,0,0.42336,460.49,0,1.02816,0,0,2.09838,1.07022,1.028160,1,0,30.4852,0,0,0,30.4852,0
34.8888,2.88355,0,0,1.49691,0.0470546,0.36288,3.6288,61.1876,0.66528,0,0,0.890991,0.337806,0,0.66528,12.849,1,1.00996,0.36288,0,29.248,6.41298,22.188,0.84672,12.849,0.84672,3695.15,0,0,0,0.561056,2.59319,3.32474,1.42986,5.04913,0.42336,0,0.42336,460.49,0,1.02816,0,0,1.58922,0.561056,1.028160,1,0,27.2371,0,0,0,27.2371,0
32.8353,2.84565,0,0,1.20102,0.0460497,0.36288,3.6288,60.8854,0.66528,0,0,0.700618,0.337566,0,0.66528,12.849,1,1.04801,0.36288,0,34.4021,6.41298,27.304,0.84672,12.849,0.84672,3695.15,0,0,0,0.246672,2.59328,2.76184,1.42986,4.17194,0.42336,0,0.42336,460.49,0,1.02816,0,0,1.27483,0.246672,1.028160,1,0,31.4759,0,0,0,31.4759,0
31.0513,2.79864,0,0,1.42239,0.0449009,0.36288,3.6288,60.9526,0.66528,0,0,1.06947,0.336921,0,0.66528,12.849,1,1.09515,0.36288,0,29.5282,6.41298,22.383,0.84672,12.849,0.84672,3695.15,0,0,0,0.889549,2.59338,3.73483,1.42986,5.7879,0.42336,0,0.42336,460.49,0,1.02816,0,0,1.91771,0.889549,1.028160,1,0,28.1709,0,0,0,28.1709,0
29.1163,2.75423,0,0,1.22734,0.0452012,0.36288,3.6288,60.7585,0.66528,0,0,0.811745,0.340547,0,0.66528,12.849,1,1.1397,0.36288,0,36.674,6.41699,29.4801,0.84672,12.849,0.84672,3695.15,0,0,0,0.344157,2.59347,3.92433,1.48247,5.37948,0.42336,0,0.42336,460.49,0,1.02816,0,0,1.37232,0.344157,1.028160,1,0,34.8596,0,0,0,34.8596,0
27.3284,2.61934,0,0,1.24356,0.0492409,0.36288,3.6288,60.3229,1.00945,0,0,0.90542,0.331645,0,0.66528,12.849,1,1.15591,0.36288,0,40.6386,5.96488,33.8807,0.84672,12.849,0.84672,3695.15,0,0,0,0.204422,2.59356,4.65089,1.43413,6.01474,0.42336,0,0.42336,460.49,0,0.683994,0,0,0.888417,0.204422,1.028160,1,0,39.8954,0,0,0,39.8954,0
25.5948,2.568,0,0,1.27727,0.0799777,0.36288,3.6288,59.8262,1.07991,0,0,0.872796,0.289588,0,0.66528,12.849,1,1.2074,0.36288,0,31.0878,5.50396,24.7393,0.84672,12.849,0.84672,3695.15,0,0,0,0.204422,2.48171,4.02856,1.26735,5.44734,0.42336,0,0.42336,460.49,0,0.613526,0,0,0.817949,0.204422,1.028160,1,0,30.1866,0,0,0,30.1866,0
24.5437,2.51364,0,0,1.91563,0.0902065,0.36288,3.6288,59.6635,0.892192,0,0,1.00452,0.275,0,0.66528,12.849,1,1.26189,0.36288,0,37.8603,5.39354,31.5678,0.84672,12.849,0.84672,3695.15,0,0,0,0.216518,2.4818,4.28497,1.22942,5.75387,0.42336,0,0.42336,460.49,0,0.801248,0,0,1.01777,0.216518,1.028160,1,0,37.3216,0,0,0,37.3216,0
24.2001,2.47826,0,0,2.5864,0.0888567,0.36288,3.6288,60.3468,0.66528,0,0,1.62325,0.274715,0,0.66528,12.849,1,1.29741,0.36288,0,75.5517,5.39354,69.2236,0.84672,12.849,0.84672,3695.15,0,0,0,0.626677,2.48189,6.74984,1.22942,8.62899,0.42336,0,0.42336,460.49,0,1.02816,0,0,1.65484,0.626677,1.028160,1,0,77.8526,0,0,0,77.8526,0
23.553,2.4026,0,0,2.22475,0.106424,0.36288,3.6288,60.6939,0.66528,0,0,1.25572,0.243261,0,0.66528,12.849,1,1.27566,0.36288,0,93.176,3.7027,88.5605,0.84672,12.849,0.84672,3695.15,0,0,0,0.826191,2.48198,6.3546,0.940945,8.72182,0.42336,0,0.42336,460.49,0,1.02816,0,0,1.85435,0.826191,1.028160,1,0,97.2823,0,0,0,97.2823,0
23.2935,2.38001,0,0,2.5918,0.108397,0.36288,3.6288,61.2621,0.66528,0,0,1.47182,0.238345,0,0.66528,12.849,1,1.29838,0.36288,0,92.1318,3.4209,87.7754,0.84672,12.849,0.84672,3695.15,0,0,0,1.40982,2.38214,7.69225,0.892866,10.5914,0.42336,0,0.42336,460.49,0,1.02816,0,0,2.43798,1.40982,1.028160,1,0,98.3667,0,0,0,98.3667,0
23.6578,2.37077,0,0,3.20601,0.107984,0.36288,3.6288,61.308,0.66528,0,0,1.5098,0.239204,0.559447,0.66528,12.849,1,1.30775,0.36288,0,46.227,3.4209,41.8613,0.84672,12.849,0.84672,3695.15,0,0,0,1.39008,2.38223,8.59773,0.892866,11.4772,0.42336,0,0.42336,460.49,0,1.02816,0,0,2.41824,1.39008,1.028160,1,0,53.8979,0,0,0,53.8979,0
23.8823,2.38391,0,0,3.10631,0.135035,0.36288,3.6288,61.308,0.66528,0,0,1.23031,0.232774,0.332256,0.66528,12.849,1,1.29474,0.36288,0,66.6698,3.4731,62.2648,0.84672,12.849,0.84672,3695.15,0,0,0,0.697585,2.38231,5.11134,0.946795,7.24444,0.42336,0,0.42336,460.49,0,1.02816,0,0,1.72574,0.697585,1.028160,1,0,69.8415,0,0,0,69.8415,0
23.1859,2.21177,0,0,2.03945,0.161184,0.36288,3.6288,61.1469,0.672019,0,0,0.744834,0.233958,0,0.66528,12.849,1,1.18996,0.36288,0,62.4008,4.11377,57.4599,0.84672,12.849,0.84672,3695.15,0,0,0,0.292723,2.3824,4.80545,1.10609,6.37447,0.42336,0,0.42336,460.49,0,1.02142,0,0,1.31414,0.292723,1.028160,1,0,63.8344,0,0,0,63.8344,0
24.5164,2.18885,0,0,4.06147,0.179296,0.36288,3.6288,61.308,0.66528,0,0,1.34622,0.227783,0.292018,0.66528,12.849,1,1.213,0.36288,0,131.331,4.47332,126.007,0.84672,12.849,0.84672,3695.15,0,0,0,1.55165,2.1605,9.0847,1.09816,11.6987,0.42336,0,0.42336,460.49,0,1.02816,0,0,2.57981,1.55165,1.028160,1,0,137.998,0,0,0,137.998,0
25.436,2.23212,0,0,3.69513,0.180561,0.36288,3.6288,61.0552,0.66528,0,0,0.63898,0.226533,0,0.66528,12.849,1,1.16985,0.36288,0,94.7557,4.39741,89.5514,0.84672,12.849,0.84672,3695.15,0,0,0,0.418409,2.16058,6.57542,1.08558,8.06882,0.42336,0,0.42336,460.49,0,1.02816,0,0,1.44657,0.418409,1.028160,1,0,97.6202,0,0,0,97.6202,0
26.2087,2.2603,0,0,3.5654,0.169424,0.36288,3.6288,60.7695,0.754453,0,0,0.686089,0.217293,0,0.66528,12.849,1,1.14179,0.36288,0,67.8843,3.94202,63.1634,0.84672,12.849,0.84672,3695.15,0,0,0,0.412474,2.16065,5.48604,1.01011,7.04906,0.42336,0,0.42336,460.49,0,0.938987,0,0,1.35146,0.412474,1.028160,1,0,70.2124,0,0,0,70.2124,0
28.8417,2.28298,0,0,5.45112,0.17227,0.36288,3.6288,61.0578,0.66528,0,0,1.17408,0.220499,0,0.66528,12.849,1,1.11924,0.36288,0,87.7297,3.98811,82.9852,0.84672,12.849,0.84672,3695.15,0,0,0,0.647274,2.16073,7.54504,1.05546,9.29758,0.42336,0,0.42336,460.49,0,1.02816,0,0,1.67543,0.647274,1.028160,1,0,92.2828,0,0,0,92.2828,0
33.0771,2.42747,0,0,7.21043,0.184755,0.36288,3.6288,61.308,0.66528,0,0,1.24176,0.242537,0.083753,0.66528,12.849,1,1.08144,0.36288,0,157.127,4.26468,152.144,0.84672,12.849,0.84672,3695.15,0,0,0,0.539369,2.16081,10.6965,1.32762,12.0691,0.42336,0,0.42336,460.49,0,1.02816,0,0,1.56753,0.539369,1.028160,1,0,164.297,0,0,0,164.297,0
36.86,2.52727,0,0,6.86828,0.195225,0.36288,3.6288,61.308,0.814545,0,0,1.08982,0.242921,0.0323583,0.66528,12.849,1,0.981735,0.36288,0,154.762,4.26468,149.879,0.84672,12.849,0.84672,3695.15,0,0,0,0.412474,2.2301,9.37941,1.32762,10.6944,0.42336,0,0.42336,460.49,0,0.878895,0,0,1.29137,0.412474,1.028160,1,0,160.605,0,0,0,160.605,0
40.9319,2.60205,0,0,7.24123,0.204397,0.36288,3.6288,61.308,0.66528,0,0,1.13417,0.242921,0.225972,0.66528,12.849,1,0.907048,0.36288,0,128.781,4.26468,123.972,0.84672,12.849,0.84672,3695.15,0,0,0,0.740388,2.23016,10.5124,1.32762,12.1553,0.42336,0,0.42336,460.49,0,1.02816,0,0,1.76855,0.740388,1.028160,1,0,136.353,0,0,0,136.353,0
44.4323,2.6708,0,0,6.7411,0.206953,0.36288,3.6288,61.308,0.66528,0,0,1.23949,0.25536,0.318855,0.66528,12.849,1,0.838396,0.36288,0,137.486,4.13387,132.876,0.84672,12.849,0.84672,3695.15,0,0,0,0.626936,2.23022,10.8135,1.31717,12.3535,0.42336,0,0.42336,460.49,0,1.02816,0,0,1.6551,0.626936,1.028160,1,0,145.549,0,0,0,145.549,0
49.3408,2.98762,0,0,8.4854,0.226406,0.36288,3.6288,61.308,0.66528,0,0,1.7669,0.229824,0.871793,0.66528,12.849,1,0.863962,0.36288,0,137.3,3.69815,133.101,0.84672,12.849,0.84672,3695.15,0,0,0,2.90657,2.23028,13.831,1.19229,17.7756,0.42336,0,0.42336,460.49,0,1.02816,0,0,3.93473,2.90657,1.028160,1,0,151.748,0,0,0,151.748,0
53.571,3.05589,0,0,7.89692,0.247986,0.36288,3.6288,61.308,0.66528,0,0,1.62846,0.212975,0.750203,0.66528,12.849,1,0.795793,0.36288,0,192.285,3.59363,188.258,0.84672,12.849,0.84672,3695.15,0,0,0,2.41421,2.47941,17.19,1.14791,20.9357,0.42336,0,0.42336,460.49,0,1.02816,0,0,3.44237,2.41421,1.028160,1,0,209.944,0,0,0,209.944,0
55.3348,3.10665,0,0,5.49502,0.261732,0.36288,3.6288,61.308,0.66528,0,0,1.27668,0.195466,0.415935,0.66528,12.849,1,0.745131,0.36288,0,128.307,3.29116,124.634,0.84672,12.849,0.84672,3695.15,0,0,0,0.642384,2.47947,8.74722,1.06119,10.8079,0.42336,0,0.42336,460.49,0,1.02816,0,0,1.67054,0.642384,1.028160,1,0,135.858,0,0,0,135.858,0
56.7765,3.12601,0,0,5.16789,0.237265,0.36288,3.6288,61.0312,0.962461,0,0,0.920238,0.234623,0,0.66528,12.849,1,0.725876,0.36288,0,88.6982,3.97293,84.3623,0.84672,12.849,0.84672,3695.15,0,0,0,0.608429,2.47954,8.32827,1.11949,10.2967,0.42336,0,0.42336,460.49,0,0.730979,0,0,1.33941,0.608429,1.028160,1,0,94.6591,0,0,0,94.6591,0
59.0941,2.74297,0,0,5.68957,0.266083,0.36288,3.6288,61.308,0.66528,0,0,1.44976,0.216371,0.29126,0.66528,12.849,1,0.620758,0.36288,0,102.108,3.99653,97.854,0.84672,12.849,0.84672,3695.15,0,0,0,2.35166,2.47961,12.0912,1.02831,15.8942,0.42336,0,0.42336,460.49,0,1.02816,0,0,3.37982,2.35166,1.028160,1,0,114.039,0,0,0,114.039,0
60.9631,2.76304,0,0,5.27586,0.280987,0.36288,3.6288,61.308,0.66528,0,0,1.08969,0.204974,0.219432,0.66528,12.849,1,0.600776,0.36288,0,91.3386,3.8618,87.2389,0.84672,12.849,0.84672,3695.15,0,0,0,1.95845,2.13999,9.62539,0.968019,12.7558,0.42336,0,0.42336,460.49,0,1.02816,0,0,2.98661,1.95845,1.028160,1,0,100.214,0,0,0,100.214,0
62.1557,2.77833,0,0,4.61968,0.285832,0.36288,3.6288,61.308,0.66528,0,0,1.21354,0.204974,0.343286,0.66528,12.849,1,0.58558,0.36288,0,84.0024,3.8618,79.9179,0.84672,12.849,0.84672,3695.15,0,0,0,1.83263,2.14004,8.52993,0.968019,11.5346,0.42336,0,0.42336,460.49,0,1.02816,0,0,2.86079,1.83263,1.028160,1,0,91.7958,0,0,0,91.7958,0
67.1176,2.78772,0,0,8.39989,0.287401,0.36288,3.6288,61.308,0.66528,0,0,1.82453,0.193519,0.965735,0.66528,12.849,1,0.576285,0.36288,0,179.222,3.68248,175.326,0.84672,12.849,0.84672,3695.15,0,0,0,4.22836,2.1401,16.0209,0.937309,21.4521,0.42336,0,0.42336,460.49,0,1.02816,0,0,5.25652,4.22836,1.028160,1,0,197.744,0,0,0,197.744,0
70.8737,2.82355,0,0,7.2408,0.298296,0.36288,3.6288,61.308,0.66528,0,0,1.51975,0.159719,0.694751,0.66528,12.849,1,0.540541,0.36288,0,139.272,3.3675,135.726,0.84672,12.849,0.84672,3695.15,0,0,0,2.96838,2.14016,12.7605,0.817705,17.0513,0.42336,0,0.42336,460.49,0,1.02816,0,0,3.99654,2.96838,1.028160,1,0,153.473,0,0,0,153.473,0
72.5247,2.95193,0,0,5.27928,0.313459,0.36288,3.6288,61.308,0.66528,0,0,1.02715,0.146808,0.215061,0.66528,12.849,1,0.535169,0.36288,0,74.1433,3.70073,70.2703,0.84672,12.849,0.84672,3695.15,0,0,0,1.16463,2.14022,6.63727,0.710636,9.23148,0.42336,0,0.42336,460.49,0,1.02816,0,0,2.19279,1.16463,1.028160,1,0,79.7168,0,0,0,79.7168,0
73.2597,2.96236,0,0,4.49223,0.431928,0.36288,3.6288,61.308,0.66528,0,0,1.06418,0.146808,0.252093,0.66528,12.849,1,0.524834,0.36288,0,87.8463,3.70073,83.9837,0.84672,12.849,0.84672,3695.15,0,0,0,1.34534,2.22403,7.367,0.710636,10.2257,0.42336,0,0.42336,460.49,0,1.02816,0,0,2.3735,1.34534,1.028160,1,0,94.4615,0,0,0,94.4615,0
74.5049,2.96692,0,0,5.01025,0.435249,0.36288,3.6288,61.308,0.66528,0,0,1.16083,0.146808,0.34874,0.66528,12.849,1,0.520368,0.36288,0,95.885,3.70073,92.0268,0.84672,12.849,0.84672,3695.15,0,0,0,0.973771,2.22409,7.56755,0.710636,10.0548,0.42336,0,0.42336,460.49,0,1.02816,0,0,2.00193,0.973771,1.028160,1,0,102.43,0,0,0,102.43,0
74.8407,2.97442,0,0,4.11398,0.440876,0.36288,3.6288,61.308,0.66528,0,0,1.01428,0.146808,0.202188,0.66528,12.849,1,0.512964,0.36288,0,70.4246,3.70073,66.5738,0.84672,12.849,0.84672,3695.15,0,0,0,1.11878,2.22415,5.53673,0.710636,8.16902,0.42336,0,0.42336,460.49,0,1.02816,0,0,2.14694,1.11878,1.028160,1,0,74.945,0,0,0,74.945,0
74.7942,2.93544,0,0,3.60499,0.353213,0.36288,3.6288,61.308,0.66528,0,0,1.03064,0.184428,0.180932,0.66528,12.849,1,0.50397,0.36288,0,70.2043,3.71648,66.3468,0.84672,12.849,0.84672,3695.15,0,0,0,0.800211,2.22421,5.45956,0.876156,7.60782,0.42336,0,0.42336,460.49,0,1.02816,0,0,1.82837,0.800211,1.028160,1,0,74.1355,0,0,0,74.1355,0
74.2714,2.93526,0,0,3.12841,0.353045,0.36288,3.6288,61.308,0.66528,0,0,1.00799,0.184428,0.158286,0.66528,12.849,1,0.504252,0.36288,0,58.7813,3.71648,54.9234,0.84672,12.849,0.84672,3695.15,0,0,0,0.80714,2.19168,6.4902,0.876156,8.61286,0.42336,0,0.42336,460.49,0,1.02816,0,0,1.8353,0.80714,1.028160,1,0,63.6946,0,0,0,63.6946,0
74.2716,2.93231,0,0,3.6465,0.351159,0.36288,3.6288,61.308,0.66528,0,0,1.07629,0.184428,0.226585,0.66528,12.849,1,0.507291,0.36288,0,60.7008,3.71648,56.84,0.84672,12.849,0.84672,3695.15,0,0,0,0.803779,2.19174,5.56494,0.876156,7.6843,0.42336,0,0.42336,460.49,0,1.02816,0,0,1.83194,0.803779,1.028160,1,0,64.7508,0,0,0,64.7508,0
74.7411,2.93239,0,0,4.08429,0.319466,0.36288,3.6288,61.308,0.66528,0,0,1.10736,0.189783,0.2523,0.66528,12.849,1,0.507304,0.36288,0,72.9013,3.87902,68.8779,0.84672,12.849,0.84672,3695.15,0,0,0,0.885902,2.1918,5.36484,0.846067,7.59648,0.42336,0,0.42336,460.49,0,1.02816,0,0,1.91406,0.885902,1.028160,1,0,76.7266,0,0,0,76.7266,0
74.2003,3.07442,0,0,3.16878,0.272339,0.36288,3.6288,61.308,0.66528,0,0,1.12193,0.208838,0.247812,0.66528,12.849,1,0.528535,0.36288,0,57.7489,4.32926,53.254,0.84672,12.849,0.84672,3695.15,0,0,0,0.68891,2.19186,5.00642,0.924379,6.96281,0.42336,0,0.42336,460.49,0,1.02816,0,0,1.71707,0.68891,1.028160,1,0,60.4646,0,0,0,60.4646,0
73.5071,3.07122,0,0,2.97357,0.232592,0.36288,3.6288,61.2809,0.66528,0,0,0.840318,0.202182,0,0.66528,12.849,1,0.531833,0.36288,0,51.8491,4.04882,47.6313,0.84672,12.849,0.84672,3695.15,0,0,0,0.532837,2.30615,4.48539,1.01066,6.31371,0.42336,0,0.42336,460.49,0,1.02816,0,0,1.561,0.532837,1.028160,1,0,53.945,0,0,0,53.945,0
72.6048,3.06704,0,0,2.7163,0.188686,0.36288,3.6288,61.243,0.66528,0,0,0.833233,0.205795,0,0.66528,12.849,1,0.536116,0.36288,0,46.3407,4.16252,42.005,0.84672,12.849,0.84672,3695.15,0,0,0,0.532449,2.30621,4.28449,0.975137,6.14801,0.42336,0,0.42336,460.49,0,1.02816,0,0,1.56061,0.532449,1.028160,1,0,48.153,0,0,0,48.153,0
71.656,3.06146,0,0,2.66243,0.186923,0.36288,3.6288,61.2732,0.66528,0,0,0.901187,0.205746,0,0.66528,12.849,1,0.541792,0.36288,0,44.3928,4.16252,40.0513,0.84672,12.849,0.84672,3695.15,0,0,0,0.502995,2.30628,4.61669,0.975137,6.45082,0.42336,0,0.42336,460.49,0,1.02816,0,0,1.53115,0.502995,1.028160,1,0,46.5021,0,0,0,46.5021,0
70.7256,3.05546,0,0,2.62005,0.132101,0.36288,3.6288,61.2551,0.66528,0,0,0.861408,0.214159,0,0.66528,12.849,1,0.54789,0.36288,0,41.705,4.2556,37.2644,0.84672,12.849,0.84672,3695.15,0,0,0,0.556122,2.30634,4.34531,1.00471,6.20307,0.42336,0,0.42336,460.49,0,1.02816,0,0,1.58428,0.556122,1.028160,1,0,43.4675,0,0,0,43.4675,0
69.9845,3.02213,0,0,2.76453,0.120608,0.36288,3.6288,61.2874,0.66528,0,0,0.932558,0.235065,0,0.66528,12.849,1,0.549042,0.36288,0,41.6576,4.48833,36.9831,0.84672,12.849,0.84672,3695.15,0,0,0,0.878075,2.3064,4.94974,1.07863,7.05558,0.42336,0,0.42336,460.49,0,1.02816,0,0,1.90623,0.878075,1.028160,1,0,44.0387,0,0,0,44.0387,0
68.9942,3.0173,0,0,2.50975,0.119922,0.36288,3.6288,61.2679,0.66528,0,0,0.880986,0.235113,0,0.66528,12.849,1,0.553969,0.36288,0,40.4194,4.48833,35.74,0.84672,12.849,0.84672,3695.15,0,0,0,0.691096,2.3464,4.65268,1.07863,6.61155,0.42336,0,0.42336,460.49,0,1.02816,0,0,1.71926,0.691096,1.028160,1,0,42.3515,0,0,0,42.3515,0
67.8089,3.01068,0,0,2.29805,0.109722,0.36288,3.6288,61.1841,0.66528,0,0,0.838477,0.257017,0,0.66528,12.849,1,0.560688,0.36288,0,35.6449,4.77063,30.6765,0.84672,12.849,0.84672,3695.15,0,0,0,0.620542,2.34646,4.51844,1.18167,6.30377,0.42336,0,0.42336,460.49,0,1.02816,0,0,1.6487,0.620542,1.028160,1,0,36.9803,0,0,0,36.9803,0
66.5274,3.00252,0,0,2.16954,0.0857179,0.36288,3.6288,60.9897,0.66528,0,0,0.78249,0.311683,0,0.66528,12.849,1,0.568942,0.36288,0,31.7033,5.47638,26.0208,0.84672,12.849,0.84672,3695.15,0,0,0,0.591728,2.34653,4.31004,1.43929,5.80901,0.42336,0,0.42336,460.49,0,1.02816,0,0,1.61989,0.591728,1.028160,1,0,31.8298,0,0,0,31.8298,0
65.1862,3.06327,0,0,2.16896,0.0839619,0.36288,3.6288,60.7541,0.66528,0,0,0.738643,0.308949,0,0.66528,12.849,1,0.591636,0.36288,0,34.5632,5.77626,28.5582,0.84672,12.849,0.84672,3695.15,0,0,0,0.475252,2.34659,3.82997,1.44052,5.21129,0.42336,0,0.42336,460.49,0,1.02816,0,0,1.50341,0.475252,1.028160,1,0,33.7695,0,0,0,33.7695,0
63.7292,3.05319,0,0,2.042,0.0829212,0.36288,3.6288,60.4099,0.66528,0,0,0.629173,0.308097,0,0.66528,12.849,1,0.601821,0.36288,0,30.0027,5.82624,23.9376,0.84672,12.849,0.84672,3695.15,0,0,0,0.550973,2.40326,3.8198,1.44073,5.3333,0.42336,0,0.42336,460.49,0,1.02816,0,0,1.57913,0.550973,1.028160,1,0,29.2709,0,0,0,29.2709,0
62.1515,3.04182,0,0,1.9089,0.0819522,0.36288,3.6288,60.0193,0.66528,0,0,0.582126,0.307424,0,0.66528,12.849,1,0.613288,0.36288,0,28.5282,5.82624,22.4515,0.84672,12.849,0.84672,3695.15,0,0,0,0.415083,2.40332,3.35173,1.44073,4.72941,0.42336,0,0.42336,460.49,0,1.02816,0,0,1.44324,0.415083,1.028160,1,0,27.1809,0,0,0,27.1809,0
60.562,3.029,0,0,1.88327,0.080903,0.36288,3.6288,59.6772,0.66528,0,0,0.629814,0.306661,0,0.66528,12.849,1,0.626206,0.36288,0,26.4713,5.82624,20.3818,0.84672,12.849,0.84672,3695.15,0,0,0,0.512369,2.40339,3.79046,1.44073,5.2655,0.42336,0,0.42336,460.49,0,1.02816,0,0,1.54053,0.512369,1.028160,1,0,25.6472,0,0,0,25.6472,0
58.885,3.21692,0,0,1.96468,0.0618672,0.36288,3.6288,59.3819,0.66528,0,0,0.662679,0.292682,0,0.66528,12.849,1,0.682511,0.36288,0,28.5154,5.97309,22.2226,0.84672,12.849,0.84672,3695.15,0,0,0,0.567432,2.40345,4.48619,1.46965,5.98743,0.42336,0,0.42336,460.49,0,1.02816,0,0,1.59559,0.567432,1.028160,1,0,28.2101,0,0,0,28.2101,0
56.9237,3.20105,0,0,1.66096,0.0582943,0.36288,3.6288,59.0327,0.66528,0,0,0.604797,0.288686,0,0.66528,12.849,1,0.698485,0.36288,0,28.7678,5.83874,22.5935,0.84672,12.849,0.84672,3695.15,0,0,0,0.459717,2.59722,3.76873,1.42217,5.40351,0.42336,0,0.42336,460.49,0,1.02816,0,0,1.48788,0.459717,1.028160,1,0,27.997,0,0,0,27.997,0
55.0178,3.1815,0,0,1.69567,0.0571892,0.36288,3.6288,58.6586,0.66528,0,0,0.579212,0.288041,0,0.66528,12.849,1,0.718138,0.36288,0,26.541,5.83874,20.347,0.84672,12.849,0.84672,3695.15,0,0,0,0.399168,2.59729,3.86364,1.42217,5.43794,0.42336,0,0.42336,460.49,0,1.02816,0,0,1.42733,0.399168,1.028160,1,0,25.785,0,0,0,25.785,0
53.96,3.16142,0,0,2.52699,0.0605097,0.36288,3.6288,58.3928,0.66528,0,0,0.685723,0.286295,0,0.66528,12.849,1,0.738326,0.36288,0,34.1655,5.80905,27.981,0.84672,12.849,0.84672,3695.15,0,0,0,0.69139,2.59736,4.23441,1.41853,6.10464,0.42336,0,0.42336,460.49,0,1.02816,0,0,1.71955,0.69139,1.028160,1,0,34.0856,0,0,0,34.0856,0
54.1896,3.14981,0,0,3.81903,0.0767753,0.36288,3.6288,58.3569,0.66528,0,0,0.905757,0.276343,0,0.66528,12.849,1,0.750036,0.36288,0,49.7715,5.77203,43.6123,0.84672,12.849,0.84672,3695.15,0,0,0,0.87124,2.59744,5.22196,1.40704,7.2836,0.42336,0,0.42336,460.49,0,1.02816,0,0,1.8994,0.87124,1.028160,1,0,50.8959,0,0,0,50.8959,0
54.13,3.05628,0,0,3.43832,0.0787144,0.36288,3.6288,58.4919,0.66528,0,0,1.04789,0.247608,0,0.66528,12.849,1,0.724681,0.36288,0,60.7405,5.11434,55.2644,0.84672,12.849,0.84672,3695.15,0,0,0,1.59729,2.59751,7.1115,1.2939,10.0124,0.42336,0,0.42336,460.49,0,1.02816,0,0,2.62545,1.59729,1.028160,1,0,65.2768,0,0,0,65.2768,0
55.4571,3.05572,0,0,4.82436,0.078667,0.36288,3.6288,59.3785,0.66528,0,0,1.7997,0.247823,0,0.66528,12.849,1,0.725345,0.36288,0,58.0337,5.11434,52.5569,0.84672,12.849,0.84672,3695.15,0,0,0,2.99617,2.48546,9.10768,1.2939,13.2954,0.42336,0,0.42336,460.49,0,1.02816,0,0,4.02433,2.99617,1.028160,1,0,65.8523,0,0,0,65.8523,0
56.5539,3.0699,0,0,4.60933,0.0797247,0.36288,3.6288,59.9001,0.66528,0,0,1.43615,0.249238,0,0.66528,12.849,1,0.711272,0.36288,0,70.7098,5.11434,65.247,0.84672,12.849,0.84672,3695.15,0,0,0,2.36961,2.48553,7.92426,1.2939,11.4855,0.42336,0,0.42336,460.49,0,1.02816,0,0,3.39777,2.36961,1.028160,1,0,76.7325,0,0,0,76.7325,0
57.0441,3.08122,0,0,4.01485,0.080599,0.36288,3.6288,60.3896,0.66528,0,0,1.40486,0.25007,0,0.66528,12.849,1,0.70005,0.36288,0,68.1057,5.11434,62.6542,0.84672,12.849,0.84672,3695.15,0,0,0,2.32038,2.48559,7.57279,1.2939,11.0849,0.42336,0,0.42336,460.49,0,1.02816,0,0,3.34854,2.32038,1.028160,1,0,73.739,0,0,0,73.739,0
56.6516,3.00649,0,0,3.14467,0.16781,0.36288,3.6288,60.4972,0.66528,0,0,0.999501,0.226612,0,0.66528,12.849,1,0.677202,0.36288,0,57.678,4.49782,52.8658,0.84672,12.849,0.84672,3695.15,0,0,0,0.95942,2.48566,8.72044,1.14193,11.0236,0.42336,0,0.42336,460.49,0,1.02816,0,0,1.98758,0.95942,1.028160,1,0,63.8894,0,0,0,63.8894,0
56.7776,3.00274,0,0,3.67349,0.181831,0.36288,3.6288,60.7636,0.66528,0,0,1.16338,0.231781,0,0.66528,12.849,1,0.681045,0.36288,0,53.1452,4.48644,48.3406,0.84672,12.849,0.84672,3695.15,0,0,0,0.425537,2.38566,8.01116,1.14218,9.68018,0.42336,0,0.42336,460.49,0,1.02816,0,0,1.4537,0.425537,1.028160,1,0,58.0208,0,0,0,58.0208,0
56.6149,3.00406,0,0,3.38628,0.182058,0.36288,3.6288,61.308,0.66528,0,0,1.4759,0.232173,0.0340027,0.66528,12.849,1,0.67983,0.36288,0,45.4265,4.48644,40.6231,0.84672,12.849,0.84672,3695.15,0,0,0,0.901921,2.38572,11.0532,1.14218,13.1986,0.42336,0,0.42336,460.49,0,1.02816,0,0,1.93008,0.901921,1.028160,1,0,53.8558,0,0,0,53.8558,0
56.5918,3.00255,0,0,3.55153,0.209168,0.36288,3.6288,61.308,0.66528,0,0,1.92484,0.242198,1.01736,0.66528,12.849,1,0.681441,0.36288,0,65.4197,3.77562,61.3255,0.84672,12.849,0.84672,3695.15,0,0,0,0.889989,2.38579,10.2318,0.990989,12.5166,0.42336,0,0.42336,460.49,0,1.02816,0,0,1.91815,0.889989,1.028160,1,0,74.8595,0,0,0,74.8595,0
59.3979,2.77629,0,0,6.15975,0.214539,0.36288,3.6288,61.308,0.66528,0,0,1.94981,0.242829,1.0417,0.66528,12.849,1,0.630347,0.36288,0,85.6362,4.08666,81.2821,0.84672,12.849,0.84672,3695.15,0,0,0,1.45804,2.38585,11.7492,1.0119,14.5812,0.42336,0,0.42336,460.49,0,1.02816,0,0,2.4862,1.45804,1.028160,1,0,96.905,0,0,0,96.905,0
62.1773,2.80084,0,0,6.16571,0.222534,0.36288,3.6288,61.308,0.66528,0,0,2.02922,0.283089,1.08086,0.66528,12.849,1,0.605881,0.36288,0,85.4643,4.55859,80.6627,0.84672,12.849,0.84672,3695.15,0,0,0,1.27361,2.16361,12.7659,1.1485,15.0546,0.42336,0,0.42336,460.49,0,1.02816,0,0,2.30177,1.27361,1.028160,1,0,96.7981,0,0,0,96.7981,0
65.5606,2.82337,0,0,6.82853,0.259036,0.36288,3.6288,61.308,0.66528,0,0,1.99721,0.190143,1.14179,0.66528,12.849,1,0.583451,0.36288,0,117.393,4.16493,113.008,0.84672,12.849,0.84672,3695.15,0,0,0,1.22386,2.16367,13.9642,1.06972,16.282,0.42336,0,0.42336,460.49,0,1.02816,0,0,2.25202,1.22386,1.028160,1,0,130.432,0,0,0,130.432,0
70.594,2.84862,0,0,8.51115,0.266238,0.36288,3.6288,61.308,0.66528,0,0,4.18761,0.190143,3.33219,0.66528,12.849,1,0.558291,0.36288,0,132.801,4.16493,128.441,0.84672,12.849,0.84672,3695.15,0,0,0,3.03962,2.16373,26.6857,1.06972,30.8193,0.42336,0,0.42336,460.49,0,1.02816,0,0,4.06778,3.03962,1.028160,1,0,162.592,0,0,0,162.592,0
78.6178,2.88237,0,0,11.5461,0.276953,0.36288,3.6288,61.308,0.66528,0,0,4.97914,0.190143,4.12371,0.66528,12.849,1,0.524628,0.36288,0,190.399,4.16493,186.072,0.84672,12.849,0.84672,3695.15,0,0,0,4.19171,2.16379,27.4721,1.06972,32.7579,0.42336,0,0.42336,460.49,0,1.02816,0,0,5.21987,4.19171,1.028160,1,0,222.954,0,0,0,222.954,0
84.6823,3.0202,0,0,9.8234,0.375836,0.36288,3.6288,61.308,0.66528,0,0,3.0114,0.197078,2.14904,0.66528,12.849,1,0.49361,0.36288,0,122.805,3.27136,119.403,0.84672,12.849,0.84672,3695.15,0,0,0,3.02475,2.16385,20.7031,1.06808,24.8236,0.42336,0,0.42336,460.49,0,1.02816,0,0,4.05291,3.02475,1.028160,1,0,146.375,0,0,0,146.375,0
87.8695,3.05095,0,0,6.99295,0.391957,0.36288,3.6288,61.308,0.66528,0,0,2.13327,0.193978,1.27401,0.66528,12.849,1,0.462926,0.36288,0,175.091,3.16417,171.827,0.84672,12.849,0.84672,3695.15,0,0,0,2.26086,2.23322,13.3561,1.05469,16.7955,0.42336,0,0.42336,460.49,0,1.02816,0,0,3.28902,2.26086,1.028160,1,0,189.897,0,0,0,189.897,0
89.5372,3.06566,0,0,5.49977,0.403551,0.36288,3.6288,61.308,0.66528,0,0,3.49038,0.193978,2.63112,0.66528,12.849,1,0.448285,0.36288,0,111.923,3.16417,108.674,0.84672,12.849,0.84672,3695.15,0,0,0,4.06959,2.23326,17.316,1.05469,22.5642,0.42336,0,0.42336,460.49,0,1.02816,0,0,5.09775,4.06959,1.028160,1,0,133.869,0,0,0,133.869,0
90.6485,3.07301,0,0,4.93347,0.386203,0.36288,3.6288,61.308,0.66528,0,0,2.38124,0.197625,1.51834,0.66528,12.849,1,0.440992,0.36288,0,101.182,3.41509,97.689,0.84672,12.849,0.84672,3695.15,0,0,0,2.50334,2.2333,13.5543,0.982636,17.3083,0.42336,0,0.42336,460.49,0,1.02816,0,0,3.5315,2.50334,1.028160,1,0,116.516,0,0,0,116.516,0
93.2021,3.37801,0,0,6.74561,0.451173,0.36288,3.6288,61.308,0.66528,0,0,2.66198,0.176742,1.81995,0.66528,12.849,1,0.478817,0.36288,0,114.073,3.50502,110.452,0.84672,12.849,0.84672,3695.15,0,0,0,3.48458,2.23334,15.1019,0.909645,19.9101,0.42336,0,0.42336,460.49,0,1.02816,0,0,4.51274,3.48458,1.028160,1,0,132.182,0,0,0,132.182,0
95.7277,3.3896,0,0,6.73958,0.461485,0.36288,3.6288,61.308,0.66528,0,0,2.74272,0.156448,1.921,0.66528,12.849,1,0.467296,0.36288,0,130.162,3.43864,126.619,0.84672,12.849,0.84672,3695.15,0,0,0,3.597,2.48278,13.1959,0.847139,18.4285,0.42336,0,0.42336,460.49,0,1.02816,0,0,4.62516,3.597,1.028160,1,0,146.969,0,0,0,146.969,0
97.2132,3.40053,0,0,5.68948,0.440545,0.36288,3.6288,61.308,0.66528,0,0,2.33849,0.192293,1.48092,0.66528,12.849,1,0.456435,0.36288,0,164.673,4.27968,160.3,0.84672,12.849,0.84672,3695.15,0,0,0,2.65697,2.48283,14.2277,1.10347,18.2641,0.42336,0,0.42336,460.49,0,1.02816,0,0,3.68513,2.65697,1.028160,1,0,180.045,0,0,0,180.045,0
97.506,3.40676,0,0,4.97615,0.445046,0.831578,3.6288,61.308,0.66528,0,0,1.74788,0.174985,0.907615,0.66528,12.849,1,0.450282,0.831578,0,105.621,3.82221,102.18,0.84672,12.849,0.84672,3695.15,0,0,0,2.24688,2.48288,9.44257,0.919601,13.2527,0.42336,0,0.42336,460.49,0,1.02816,0,0,3.27504,2.24688,1.028160,1,0,116.34,0,0,0,116.34,0
97.506,2.97602,0,0,6.25418,0.485049,2.7931,3.6288,61.308,0.66528,0,0,2.35881,0.171028,1.52251,0.66528,12.849,1,0.39217,2.7931,0,125.003,3.79005,123.614,0.84672,12.849,0.84672,3695.15,0,0,0,3.24836,2.48292,12.8062,0.895272,17.6422,0.42336,0,0.42336,460.49,0,1.02816,0,0,4.27652,3.24836,1.028160,1,0,142.778,0,0,0,142.778,0
97.506,2.97608,0,0,6.57426,0.514239,3.08394,3.6288,61.308,0.66528,0,0,2.69531,0.16806,1.86197,0.66528,12.849,1,0.392177,3.08394,0,136.007,3.76593,134.933,0.84672,12.849,0.84672,3695.15,0,0,0,4.50228,2.14283,15.5231,0.877026,21.2911,0.42336,0,0.42336,460.49,0,1.02816,0,0,5.53044,4.50228,1.028160,1,0,158.086,0,0,0,158.086,0
97.506,2.97613,0,0,8.53606,0.514239,5.04569,3.6288,61.308,0.66528,0,0,2.93182,0.16806,2.09848,0.66528,12.849,1,0.392185,5.04569,0,159.219,3.76593,160.106,0.84672,12.849,0.84672,3695.15,0,0,0,5.18184,2.14287,20.1178,0.877026,26.5655,0.42336,0,0.42336,460.49,0,1.02816,0,0,6.21,5.18184,1.028160,1,0,188.77,0,0,0,188.77,0
97.506,2.97619,0,0,8.08955,0.511891,4.60147,3.6288,61.308,0.66528,0,0,2.79553,0.156606,1.97365,0.66528,12.849,1,0.392192,4.60147,0,175.902,3.58662,176.524,0.84672,12.849,0.84672,3695.15,0,0,0,5.07742,2.14291,18.0369,0.846316,24.4109,0.42336,0,0.42336,460.49,0,1.02816,0,0,6.10558,5.07742,1.028160,1,0,202.909,0,0,0,202.909,0
97.506,2.97624,0,0,12.5406,0.505701,9.05867,3.6288,61.308,0.66528,0,0,4.00272,0.183058,3.15438,0.66528,12.849,1,0.392199,9.05867,0,297.073,4.3731,301.366,0.84672,12.849,0.84672,3695.15,0,0,0,7.02479,2.14295,32.3933,1.03801,40.523,0.42336,0,0.42336,460.49,0,1.02816,0,0,8.05295,7.02479,1.028160,1,0,345.043,0,0,0,345.043,0
97.506,3.08505,0,0,8.63101,0.439512,5.10646,3.6288,61.308,0.66528,0,0,2.82774,0.168221,1.99424,0.66528,12.849,1,0.406536,5.10646,0,222.708,4.43961,222.968,0.84672,12.849,0.84672,3695.15,0,0,0,4.9,2.14298,26.4288,1.04765,32.4241,0.42336,0,0.42336,460.49,0,1.02816,0,0,5.92816,4.9,1.028160,1,0,257.387,0,0,0,257.387,0
97.506,3.0851,0,0,7.1909,0.439512,3.66629,3.6288,61.308,0.66528,0,0,2.42911,0.168221,1.59561,0.66528,12.849,1,0.406544,3.66629,0,166.399,4.43961,165.219,0.84672,12.849,0.84672,3695.15,0,0,0,4.90709,2.22689,19.8317,1.04765,25.9181,0.42336,0,0.42336,460.49,0,1.02816,0,0,5.93525,4.90709,1.028160,1,0,192.732,0,0,0,192.732,0
97.506,3.08516,0,0,5.75369,0.36168,2.30685,3.6288,61.308,0.66528,0,0,1.69102,0.163226,0.862515,0.66528,12.849,1,0.406551,2.30685,0,144.838,4.73616,142.002,0.84672,12.849,0.84672,3695.15,0,0,0,3.05151,2.22693,13.7731,1.06694,17.9846,0.42336,0,0.42336,460.49,0,1.02816,0,0,4.07967,3.05151,1.028160,1,0,160.849,0,0,0,160.849,0
97.506,3.08522,0,0,4.96865,0.348708,1.53472,3.6288,61.308,0.66528,0,0,1.46356,0.162394,0.635882,0.66528,12.849,1,0.406559,1.53472,0,128.824,4.78559,125.167,0.84672,12.849,0.84672,3695.15,0,0,0,2.14337,2.22697,11.9606,1.07015,15.2608,0.42336,0,0.42336,460.49,0,1.02816,0,0,3.17153,2.14337,1.028160,1,0,141.063,0,0,0,141.063,0
97.506,3.04275,0,0,5.96987,0.303318,2.6238,3.6288,61.308,0.66528,0,0,2.30603,0.194327,1.44643,0.66528,12.849,1,0.400963,2.6238,0,128.04,4.44881,125.814,0.84672,12.849,0.84672,3695.15,0,0,0,3.92926,2.22701,17.4357,1.06894,22.523,0.42336,0,0.42336,460.49,0,1.02816,0,0,4.95742,3.92926,1.028160,1,0,149.783,0,0,0,149.783,0
97.506,3.0428,0,0,4.98759,0.295752,1.64903,3.6288,61.308,0.66528,0,0,1.78257,0.19965,0.91764,0.66528,12.849,1,0.40097,1.64903,0,91.7499,4.39268,88.6053,0.84672,12.849,0.84672,3695.15,0,0,0,2.91324,2.19442,9.29405,1.06874,13.333,0.42336,0,0.42336,460.49,0,1.02816,0,0,3.9414,2.91324,1.028160,1,0,102.856,0,0,0,102.856,0
97.506,3.04286,0,0,4.34227,0.295752,1.00366,3.6288,61.308,0.66528,0,0,1.71226,0.19965,0.847328,0.66528,12.849,1,0.400978,1.00366,0,81.4942,4.39268,77.7042,0.84672,12.849,0.84672,3695.15,0,0,0,2.48265,2.19446,8.69409,1.06874,12.3025,0.42336,0,0.42336,460.49,0,1.02816,0,0,3.51081,2.48265,1.028160,1,0,90.854,0,0,0,90.854,0
97.506,3.04292,0,0,3.89079,0.295752,0.552122,3.6288,61.308,0.66528,0,0,1.51297,0.19965,0.648038,0.66528,12.849,1,0.400985,0.552122,0,69.9443,4.39268,65.7027,0.84672,12.849,0.84672,3695.15,0,0,0,2.05079,2.1945,7.57408,1.06874,10.7506,0.42336,0,0.42336,460.49,0,1.02816,0,0,3.07895,2.05079,1.028160,1,0,77.1014,0,0,0,77.1014,0
97.506,3.18732,0,0,3.78208,0.219296,0.375465,3.6288,61.308,0.66528,0,0,1.4795,0.182873,0.631343,0.66528,12.849,1,0.420014,0.375465,0,73.3622,4.07891,69.2388,0.84672,12.849,0.84672,3695.15,0,0,0,1.90612,2.19454,7.68666,0.995755,10.7916,0.42336,0,0.42336,460.49,0,1.02816,0,0,2.93428,1.90612,1.028160,1,0,80.6617,0,0,0,80.6617,0
97.506,3.18738,0,0,3.87487,0.152024,0.535463,3.6288,61.308,0.66528,0,0,1.60273,0.187053,0.750396,0.66528,12.849,1,0.420022,0.535463,0,75.3218,4.21102,71.2262,0.84672,12.849,0.84672,3695.15,0,0,0,2.36329,2.30895,9.3007,1.03806,12.9349,0.42336,0,0.42336,460.49,0,1.02816,0,0,3.39145,2.36329,1.028160,1,0,84.9115,0,0,0,84.9115,0
97.506,3.18744,0,0,3.77302,0.152024,0.433557,3.6288,61.308,0.66528,0,0,1.58124,0.187053,0.728909,0.66528,12.849,1,0.42003,0.433557,0,67.5138,4.21102,63.3163,0.84672,12.849,0.84672,3695.15,0,0,0,2.38772,2.30899,9.37449,1.03806,13.0331,0.42336,0,0.42336,460.49,0,1.02816,0,0,3.41588,2.38772,1.028160,1,0,77.0784,0,0,0,77.0784,0
97.3734,3.1875,0,0,3.56975,0.152024,0.36288,3.6288,61.308,0.66528,0,0,1.41233,0.187053,0.559996,0.66528,12.849,1,0.420037,0.36288,0,62.4612,4.21102,58.1931,0.84672,12.849,0.84672,3695.15,0,0,0,1.95159,2.30904,8.80044,1.03806,12.023,0.42336,0,0.42336,460.49,0,1.02816,0,0,2.97975,1.95159,1.028160,1,0,70.7761,0,0,0,70.7761,0
97.324,3.18705,0,0,3.61975,0.119212,0.36288,3.6288,61.308,0.66528,0,0,1.26829,0.223113,0.379899,0.66528,12.849,1,0.42055,0.36288,0,55.2093,4.68787,50.4638,0.84672,12.849,0.84672,3695.15,0,0,0,1.40772,2.30908,7.14791,1.16157,9.70313,0.42336,0,0.42336,460.49,0,1.02816,0,0,2.43588,1.40772,1.028160,1,0,60.5468,0,0,0,60.5468,0
97.506,3.15838,0,0,4.42879,0.176339,0.912036,3.6288,61.2,0.66528,0,0,0.786862,0.229542,0,0.66528,12.849,1,0.416978,0.912036,0,44.9184,4.69675,40.7167,0.84672,12.849,0.84672,3695.15,0,0,0,0.669963,2.30912,5.91472,1.13889,7.75491,0.42336,0,0.42336,460.49,0,1.02816,0,0,1.69812,0.669963,1.028160,1,0,48.4716,0,0,0,48.4716,0
97.506,3.15912,0,0,4.03357,0.176605,0.697839,3.6288,61.0803,0.66528,0,0,0.774887,0.229385,0,0.66528,12.849,1,0.416298,0.697839,0,43.8741,4.69675,39.4589,0.84672,12.849,0.84672,3695.15,0,0,0,0.695745,2.34915,5.70533,1.13889,7.61133,0.42336,0,0.42336,460.49,0,1.02816,0,0,1.7239,0.695745,1.028160,1,0,47.0702,0,0,0,47.0702,0
97.4426,3.15918,0,0,3.63529,0.176605,0.36288,3.6288,60.9074,0.66528,0,0,0.721587,0.229211,0,0.66528,12.849,1,0.416306,0.36288,0,40.6647,4.69675,35.9145,0.84672,12.849,0.84672,3695.15,0,0,0,0.476245,2.34919,5.43219,1.13889,7.11874,0.42336,0,0.42336,460.49,0,1.02816,0,0,1.50441,0.476245,1.028160,1,0,43.0332,0,0,0,43.0332,0
97.2614,3.159,0,0,3.47622,0.135611,0.36288,3.6288,60.6406,0.66528,0,0,0.68218,0.283667,0,0.66528,12.849,1,0.416553,0.36288,0,36.6615,5.40251,31.2053,0.84672,12.849,0.84672,3695.15,0,0,0,0.45722,2.34923,5.16116,1.3965,6.57111,0.42336,0,0.42336,460.49,0,1.02816,0,0,1.48538,0.45722,1.028160,1,0,37.7764,0,0,0,37.7764,0
97.2981,3.23208,0,0,3.7475,0.115823,0.36288,3.6288,60.2934,0.66528,0,0,0.621968,0.303913,0,0.66528,12.849,1,0.426984,0.36288,0,36.0898,5.51493,30.5108,0.84672,12.849,0.84672,3695.15,0,0,0,0.506062,2.34928,4.88268,1.4748,6.26321,0.42336,0,0.42336,460.49,0,1.02816,0,0,1.53422,0.506062,1.028160,1,0,36.774,0,0,0,36.774,0
97.48,3.23228,0,0,3.89161,0.114559,0.36288,3.6288,59.935,0.66528,0,0,0.609735,0.302796,0,0.66528,12.849,1,0.426849,0.36288,0,35.2651,5.44698,29.7542,0.84672,12.849,0.84672,3695.15,0,0,0,0.598562,2.40599,4.97495,1.46491,6.51459,0.42336,0,0.42336,460.49,0,1.02816,0,0,1.62672,0.598562,1.028160,1,0,36.2688,0,0,0,36.2688,0
97.1535,3.23305,0,0,3.38425,0.114732,0.36288,3.6288,59.5407,0.66528,0,0,0.573013,0.302105,0,0.66528,12.849,1,0.426153,0.36288,0,33.3646,5.44698,27.8543,0.84672,12.849,0.84672,3695.15,0,0,0,0.461212,2.40603,4.84136,1.46491,6.2437,0.42336,0,0.42336,460.49,0,1.02816,0,0,1.48937,0.461212,1.028160,1,0,34.098,0,0,0,34.098,0
96.5607,3.23184,0,0,3.11634,0.114421,0.36288,3.6288,59.1355,0.66528,0,0,0.561437,0.301345,0,0.66528,12.849,1,0.427426,0.36288,0,31.4675,5.44698,25.956,0.84672,12.849,0.84672,3695.15,0,0,0,0.384627,2.40608,4.79234,1.46491,6.11814,0.42336,0,0.42336,460.49,0,1.02816,0,0,1.41279,0.384627,1.028160,1,0,32.0741,0,0,0,32.0741,0
95.2195,3.44527,0,0,2.54741,0.0805177,0.36288,3.6288,58.7011,0.66528,0,0,0.531968,0.301029,0,0.66528,12.849,1,0.458451,0.36288,0,28.6336,5.74868,22.7893,0.84672,12.849,0.84672,3695.15,0,0,0,0.346118,2.40612,4.24975,1.49303,5.50896,0.42336,0,0.42336,460.49,0,1.02816,0,0,1.37428,0.346118,1.028160,1,0,28.2983,0,0,0,28.2983,0
93.4832,3.43965,0,0,2.16024,0.0940289,0.36288,3.6288,58.1733,0.673479,0,0,0.425069,0.279447,0,0.66528,12.849,1,0.464149,0.36288,0,23.1876,5.59535,17.491,0.84672,12.849,0.84672,3695.15,0,0,0,0.227405,2.60009,3.3685,1.50987,4.68612,0.42336,0,0.42336,460.49,0,1.01996,0,0,1.24737,0.227405,1.028160,1,0,22.1771,0,0,0,22.1771,0
91.71,3.43213,0,0,2.11445,0.0926486,0.36288,3.6288,57.5487,0.743541,0,0,0.397431,0.278499,0,0.66528,12.849,1,0.471737,0.36288,0,21.1594,5.59535,15.4552,0.84672,12.849,0.84672,3695.15,0,0,0,0.227405,2.60013,3.38093,1.50987,4.69859,0.42336,0,0.42336,460.49,0,0.949899,0,0,1.1773,0.227405,1.028160,1,0,20.1538,0,0,0,20.1538,0
90.9036,3.42419,0,0,3.07197,0.0912391,0.36288,3.6288,57.0627,0.66528,0,0,0.45666,0.277377,0,0.66528,12.849,1,0.479746,0.36288,0,24.0991,5.59535,18.3869,0.84672,12.849,0.84672,3695.15,0,0,0,0.358387,2.60018,3.74852,1.50987,5.19721,0.42336,0,0.42336,460.49,0,1.02816,0,0,1.38655,0.358387,1.028160,1,0,23.5841,0,0,0,23.5841,0
91.4074,3.42053,0,0,4.42766,0.140509,0.36288,3.6288,56.7344,0.66528,0,0,0.604447,0.267378,0,0.66528,12.849,1,0.483483,0.36288,0,39.3187,5.46393,33.7341,0.84672,12.849,0.84672,3695.15,0,0,0,0.474863,2.60023,4.17322,1.48336,5.76496,0.42336,0,0.42336,460.49,0,1.02816,0,0,1.50302,0.474863,1.028160,1,0,39.4991,0,0,0,39.4991,0
92.0296,3.31849,0,0,4.53007,0.226442,0.36288,3.6288,56.5628,0.66528,0,0,0.736344,0.242737,0,0.66528,12.849,1,0.466475,0.36288,0,55.7256,5.25588,50.3661,0.84672,12.849,0.84672,3695.15,0,0,0,0.42717,2.60028,6.47058,1.38215,8.11588,0.42336,0,0.42336,460.49,0,1.02816,0,0,1.45533,0.42717,1.028160,1,0,58.482,0,0,0,58.482,0
92.1458,3.32132,0,0,4.02806,0.227673,0.36288,3.6288,56.7319,0.66528,0,0,1.07689,0.242466,0,0.66528,12.849,1,0.463716,0.36288,0,47.2734,5.25588,41.9167,0.84672,12.849,0.84672,3695.15,0,0,0,1.3711,2.48809,7.43676,1.38215,9.9138,0.42336,0,0.42336,460.49,0,1.02816,0,0,2.39926,1.3711,1.028160,1,0,51.8305,0,0,0,51.8305,0
91.7865,3.32189,0,0,3.55341,0.227903,0.36288,3.6288,56.4302,0.66528,0,0,0.606292,0.242733,0,0.66528,12.849,1,0.463211,0.36288,0,48.968,5.25588,43.6118,0.84672,12.849,0.84672,3695.15,0,0,0,0.424587,2.48814,5.57696,1.38215,7.10754,0.42336,0,0.42336,460.49,0,1.02816,0,0,1.45275,0.424587,1.028160,1,0,50.7193,0,0,0,50.7193,0
90.8914,3.32036,0,0,3.01525,0.227192,0.36288,3.6288,56.0753,0.66528,0,0,0.552664,0.242256,0,0.66528,12.849,1,0.46481,0.36288,0,45.2473,5.25588,39.8895,0.84672,12.849,0.84672,3695.15,0,0,0,0.292585,2.48818,5.30675,1.38215,6.70537,0.42336,0,0.42336,460.49,0,1.02816,0,0,1.32074,0.292585,1.028160,1,0,46.5949,0,0,0,46.5949,0
90.7342,3.23074,0,0,3.79712,0.360659,0.36288,3.6288,56.0728,0.66528,0,0,0.875528,0.21274,0,0.66528,12.849,1,0.456719,0.36288,0,89.7848,4.0632,85.6278,0.84672,12.849,0.84672,3695.15,0,0,0,1.0374,2.48823,7.52624,0.974376,10.0775,0.42336,0,0.42336,460.49,0,1.02816,0,0,2.06556,1.0374,1.028160,1,0,95.7052,0,0,0,95.7052,0
90.51,3.23011,0,0,3.71877,0.349972,0.36288,3.6288,56.3549,0.66528,0,0,1.18972,0.242328,0,0.66528,12.849,1,0.45742,0.36288,0,82.0591,3.8954,78.0692,0.84672,12.849,0.84672,3695.15,0,0,0,1.7617,2.3881,9.97192,0.895692,13.226,0.42336,0,0.42336,460.49,0,1.02816,0,0,2.78986,1.7617,1.028160,1,0,91.2952,0,0,0,91.2952,0
90.8791,3.22917,0,0,4.31044,0.349283,0.36288,3.6288,56.6658,0.66528,0,0,1.21892,0.242775,0,0.66528,12.849,1,0.458421,0.36288,0,45.4475,3.8954,41.4566,0.84672,12.849,0.84672,3695.15,0,0,0,1.77241,2.38814,10.187,0.895692,13.4519,0.42336,0,0.42336,460.49,0,1.02816,0,0,2.80057,1.77241,1.028160,1,0,54.9084,0,0,0,54.9084,0
90.3862,3.23087,0,0,3.53376,0.432971,0.36288,3.6288,56.7441,0.66528,0,0,0.980873,0.237321,0,0.66528,12.849,1,0.456798,0.36288,0,69.279,3.97809,65.207,0.84672,12.849,0.84672,3695.15,0,0,0,0.975352,2.38819,6.20668,0.981592,8.58863,0.42336,0,0.42336,460.49,0,1.02816,0,0,2.00351,0.975352,1.028160,1,0,73.7956,0,0,0,73.7956,0
92.556,2.98558,0,0,5.9348,0.416467,0.36288,3.6288,57.1927,0.66528,0,0,1.356,0.242125,0,0.66528,12.849,1,0.424421,0.36288,0,96.4405,4.35771,92.0213,0.84672,12.849,0.84672,3695.15,0,0,0,1.70994,2.38823,9.76635,1.12972,12.7348,0.42336,0,0.42336,460.49,0,1.02816,0,0,2.7381,1.70994,1.028160,1,0,104.756,0,0,0,104.756,0
95.2474,2.99437,0,0,6.4811,0.432477,0.36288,3.6288,57.7613,0.66528,0,0,1.44607,0.212135,0,0.66528,12.849,1,0.415691,0.36288,0,269.06,4.30023,264.707,0.84672,12.849,0.84672,3695.15,0,0,0,1.85007,2.16575,12.7354,1.06018,15.6911,0.42336,0,0.42336,460.49,0,1.02816,0,0,2.87823,1.85007,1.028160,1,0,280.398,0,0,0,280.398,0
97.2918,3.00478,0,0,5.84694,0.434881,0.36288,3.6288,58.1516,0.66528,0,0,1.25113,0.195603,0,0.66528,12.849,1,0.405349,0.36288,0,188.142,3.83554,184.264,0.84672,12.849,0.84672,3695.15,0,0,0,1.46362,2.16579,12.0049,0.967747,14.6666,0.42336,0,0.42336,460.49,0,1.02816,0,0,2.49178,1.46362,1.028160,1,0,198.931,0,0,0,198.931,0
97.506,3.01236,0,0,7.54929,0.442396,3.88032,3.6288,58.9133,0.66528,0,0,1.62311,0.196096,0,0.66528,12.849,1,0.397832,3.88032,0,204.434,3.83554,204.081,0.84672,12.849,0.84672,3695.15,0,0,0,2.27311,2.16583,14.4149,0.967747,17.8861,0.42336,0,0.42336,460.49,0,1.02816,0,0,3.30127,2.27311,1.028160,1,0,221.967,0,0,0,221.967,0
97.506,3.01319,0,0,7.50626,0.443183,4.04989,3.6288,60.1758,0.66528,0,0,2.12481,0.19706,0,0.66528,12.849,1,0.397067,4.04989,0,238.016,3.83554,237.834,0.84672,12.849,0.84672,3695.15,0,0,0,3.00152,2.16587,17.6784,0.967747,21.878,0.42336,0,0.42336,460.49,0,1.02816,0,0,4.02968,3.00152,1.028160,1,0,259.712,0,0,0,259.712,0
97.506,3.01319,0,0,5.40865,0.489532,1.90593,3.6288,60.3992,0.66528,0,0,1.09071,0.202021,0,0.66528,12.849,1,0.397067,1.90593,0,99.5527,4.09439,96.9672,0.84672,12.849,0.84672,3695.15,0,0,0,0.881582,2.16591,7.90654,1.09253,9.86151,0.42336,0,0.42336,460.49,0,1.02816,0,0,1.90974,0.881582,1.028160,1,0,106.829,0,0,0,106.829,0
97.506,3.10762,0,0,4.10269,0.497257,0.497806,3.6288,60.5925,0.66528,0,0,1.06148,0.202869,0,0.66528,12.849,1,0.409512,0.497806,0,69.9099,4.13752,65.8606,0.84672,12.849,0.84672,3695.15,0,0,0,0.884477,2.16591,5.27288,1.11332,7.20994,0.42336,0,0.42336,460.49,0,1.02816,0,0,1.91264,0.884477,1.028160,1,0,73.0706,0,0,0,73.0706,0
96.836,3.10765,0,0,3.29778,0.497257,0.36288,3.6288,60.6488,0.66528,0,0,0.924696,0.203119,0,0.66528,12.849,1,0.409516,0.36288,0,40.4268,4.13752,36.2427,0.84672,12.849,0.84672,3695.15,0,0,0,0.684193,2.23533,4.22582,1.11332,6.03202,0.42336,0,0.42336,460.49,0,1.02816,0,0,1.71235,0.684193,1.028160,1,0,42.2747,0,0,0,42.2747,0
95.5529,3.10518,0,0,2.75148,0.566475,0.36288,3.6288,60.0022,1.09956,0,0,0.629728,0.17684,0,0.66528,12.849,1,0.412021,0.36288,0,45.8222,4.04939,41.7236,0.84672,12.849,0.84672,3695.15,0,0,0,0.503194,2.23535,5.26231,1.0436,6.95726,0.42336,0,0.42336,460.49,0,0.593883,0,0,1.09708,0.503194,1.028160,1,0,48.6809,0,0,0,48.6809,0
94.3547,3.10034,0,0,2.85409,0.58908,0.36288,3.6288,59.972,0.66528,0,0,0.791398,0.156279,0,0.66528,12.849,1,0.416902,0.36288,0,60.8676,3.52464,57.2889,0.84672,12.849,0.84672,3695.15,0,0,0,0.52609,2.23538,5.87356,0.934095,7.70093,0.42336,0,0.42336,460.49,0,1.02816,0,0,1.55425,0.52609,1.028160,1,0,64.9899,0,0,0,64.9899,0
93.2336,3.39766,0,0,3.18991,0.550473,0.36288,3.6288,60.0685,0.66528,0,0,0.917844,0.156046,0,0.66528,12.849,1,0.462685,0.36288,0,56.8955,2.91312,53.8826,0.84672,12.849,0.84672,3695.15,0,0,0,1.10307,2.2354,4.89515,0.857816,7.3758,0.42336,0,0.42336,460.49,0,1.02816,0,0,2.13123,1.10307,1.028160,1,0,61.2584,0,0,0,61.2584,0
93.0532,3.3928,0,0,4.12052,0.545217,0.36288,3.6288,60.1499,0.66528,0,0,0.902828,0.156142,0,0.66528,12.849,1,0.467579,0.36288,0,83.3475,2.91312,80.3297,0.84672,12.849,0.84672,3695.15,0,0,0,1.26292,2.48505,5.39717,0.857816,8.28731,0.42336,0,0.42336,460.49,0,1.02816,0,0,2.29108,1.26292,1.028160,1,0,88.617,0,0,0,88.617,0
92.1084,3.39204,0,0,3.35446,0.544372,0.36288,3.6288,60.251,0.66528,0,0,0.922579,0.156223,0,0.66528,12.849,1,0.46838,0.36288,0,57.3082,2.91312,54.2896,0.84672,12.849,0.84672,3695.15,0,0,0,0.879587,2.48507,4.91543,0.857816,7.42227,0.42336,0,0.42336,460.49,0,1.02816,0,0,1.90775,0.879587,1.028160,1,0,61.7118,0,0,0,61.7118,0
93.6773,3.38785,0,0,5.8571,0.537479,0.36288,3.6288,61.0488,0.66528,0,0,1.64808,0.185002,0,0.66528,12.849,1,0.472601,0.36288,0,106.744,3.81412,102.82,0.84672,12.849,0.84672,3695.15,0,0,0,2.32276,2.4851,12.5956,1.0367,16.3667,0.42336,0,0.42336,460.49,0,1.02816,0,0,3.35092,2.32276,1.028160,1,0,119.187,0,0,0,119.187,0
95.6155,2.96453,0,0,5.86198,0.596348,0.36288,3.6288,61.308,0.66528,0,0,1.60074,0.184671,0.491598,0.66528,12.849,1,0.406622,0.36288,0,123.146,3.66922,119.433,0.84672,12.849,0.84672,3695.15,0,0,0,2.02582,2.48512,9.75249,0.966796,13.2966,0.42336,0,0.42336,460.49,0,1.02816,0,0,3.05398,2.02582,1.028160,1,0,133.221,0,0,0,133.221,0
95.7875,2.97182,0,0,4.11292,0.606249,0.36288,3.6288,61.308,0.66528,0,0,1.21287,0.184974,0.36262,0.66528,12.849,1,0.399359,0.36288,0,119.909,3.66922,116.203,0.84672,12.849,0.84672,3695.15,0,0,0,1.61471,2.14471,8.80753,0.966796,11.6002,0.42336,0,0.42336,460.49,0,1.02816,0,0,2.64287,1.61471,1.028160,1,0,128.166,0,0,0,128.166,0
96.139,2.97248,0,0,4.19797,0.511129,0.36288,3.6288,61.308,0.66528,0,0,0.921905,0.154893,0.101732,0.66528,12.849,1,0.398731,0.36288,0,104.328,3.23325,101.059,0.84672,12.849,0.84672,3695.15,0,0,0,1.14877,2.14473,8.02449,0.904169,10.4138,0.42336,0,0.42336,460.49,0,1.02816,0,0,2.17693,1.14877,1.028160,1,0,111.574,0,0,0,111.574,0
96.2304,2.9738,0,0,3.90223,0.474128,0.36288,3.6288,61.308,0.66528,0,0,1.10112,0.14286,0.292976,0.66528,12.849,1,0.397449,0.36288,0,109,3.05886,105.906,0.84672,12.849,0.84672,3695.15,0,0,0,1.56468,2.14475,7.96409,0.879118,10.7944,0.42336,0,0.42336,460.49,0,1.02816,0,0,2.59284,1.56468,1.028160,1,0,116.994,0,0,0,116.994,0
96.2098,2.97416,0,0,3.84223,0.525736,0.36288,3.6288,61.308,0.66528,0,0,1.35018,0.218653,0.466249,0.66528,12.849,1,0.39712,0.36288,0,93.2878,4.18404,89.0695,0.84672,12.849,0.84672,3695.15,0,0,0,1.60746,2.14477,5.64095,1.07648,8.3167,0.42336,0,0.42336,460.49,0,1.02816,0,0,2.63562,1.60746,1.028160,1,0,97.8525,0,0,0,97.8525,0
95.8933,3.08278,0,0,3.65475,0.525645,0.36288,3.6288,61.308,0.66528,0,0,1.17964,0.218653,0.295705,0.66528,12.849,1,0.411711,0.36288,0,100.807,4.18404,96.5743,0.84672,12.849,0.84672,3695.15,0,0,0,1.54983,2.14479,4.55687,1.07648,7.17501,0.42336,0,0.42336,460.49,0,1.02816,0,0,2.57799,1.54983,1.028160,1,0,104.045,0,0,0,104.045,0
96.357,3.08162,0,0,4.41615,0.507915,0.36288,3.6288,61.308,0.66528,0,0,0.900314,0.230332,0.00470198,0.66528,12.849,1,0.412914,0.36288,0,105.18,4.49463,100.635,0.84672,12.849,0.84672,3695.15,0,0,0,1.50902,2.22875,6.14783,1.09911,8.78649,0.42336,0,0.42336,460.49,0,1.02816,0,0,2.53718,1.50902,1.028160,1,0,109.426,0,0,0,109.426,0
95.7092,3.0834,0,0,3.20318,0.404751,0.36288,3.6288,61.0642,0.66528,0,0,0.631779,0.210308,0,0.66528,12.849,1,0.411165,0.36288,0,75.3676,3.66345,71.6558,0.84672,12.849,0.84672,3695.15,0,0,0,0.851524,2.22877,3.5794,0.948646,5.71104,0.42336,0,0.42336,460.49,0,1.02816,0,0,1.87968,0.851524,1.028160,1,0,77.3669,0,0,0,77.3669,0
94.5792,3.08098,0,0,2.68523,0.37135,0.36288,3.6288,60.8558,0.686638,0,0,0.665936,0.187725,0,0.66528,12.849,1,0.413622,0.36288,0,58.5332,3.87511,54.6074,0.84672,12.849,0.84672,3695.15,0,0,0,0.528595,2.22879,3.07842,1.01933,4.81648,0.42336,0,0.42336,460.49,0,1.0068,0,0,1.5354,0.528595,1.028160,1,0,59.4239,0,0,0,59.4239,0
93.0928,3.03425,0,0,2.33155,0.420779,0.36288,3.6288,60.4748,0.843826,0,0,0.660893,0.198064,0,0.66528,12.849,1,0.412216,0.36288,0,47.3914,4.22699,43.1151,0.84672,12.849,0.84672,3695.15,0,0,0,0.528595,2.22881,2.83882,1.0748,4.52143,0.42336,0,0.42336,460.49,0,0.849614,0,0,1.37821,0.528595,1.028160,1,0,47.6365,0,0,0,47.6365,0
91.5873,3.0285,0,0,2.13845,0.252614,0.36288,3.6288,59.8431,0.95453,0,0,0.565954,0.243122,0,0.66528,12.849,1,0.418004,0.36288,0,43.2651,4.63061,38.5794,0.84672,12.849,0.84672,3695.15,0,0,0,0.528595,2.19617,2.64571,1.0989,4.27159,0.42336,0,0.42336,460.49,0,0.73891,0,0,1.26751,0.528595,1.028160,1,0,42.851,0,0,0,42.851,0
90.0329,3.0225,0,0,2.08032,0.24934,0.36288,3.6288,59.5356,0.689584,0,0,0.624275,0.242146,0,0.66528,12.849,1,0.424034,0.36288,0,41.8141,4.63061,37.1224,0.84672,12.849,0.84672,3695.15,0,0,0,0.402797,2.1962,3.06757,1.0989,4.56767,0.42336,0,0.42336,460.49,0,1.00386,0,0,1.40665,0.402797,1.028160,1,0,41.6901,0,0,0,41.6901,0
88.3181,3.01612,0,0,1.92993,0.265704,0.36288,3.6288,59.031,0.855446,0,0,0.588084,0.237248,0,0.66528,12.849,1,0.430445,0.36288,0,41.5656,4.7168,36.7812,0.84672,12.849,0.84672,3695.15,0,0,0,0.402797,2.19622,2.6624,1.06078,4.20063,0.42336,0,0.42336,460.49,0,0.837994,0,0,1.24079,0.402797,1.028160,1,0,40.9818,0,0,0,40.9818,0
86.3941,3.15159,0,0,1.79194,0.201479,0.36288,3.6288,58.3808,0.988442,0,0,0.584447,0.246212,0,0.66528,12.849,1,0.45851,0.36288,0,37.675,5.29029,32.2891,0.84672,12.849,0.84672,3695.15,0,0,0,0.402797,2.19624,2.52812,1.11761,4.00955,0.42336,0,0.42336,460.49,0,0.704998,0,0,1.10779,0.402797,1.028160,1,0,36.2986,0,0,0,36.2986,0
84.4176,3.14273,0,0,1.70923,0.180177,0.36288,3.6288,57.6282,1.0555,0,0,0.55152,0.248629,0,0.66528,12.849,1,0.467404,0.36288,0,34.3887,5.34996,28.9342,0.84672,12.849,0.84672,3695.15,0,0,0,0.402797,2.31072,2.44401,1.14297,4.01456,0.42336,0,0.42336,460.49,0,0.637943,0,0,1.04074,0.402797,1.028160,1,0,32.9487,0,0,0,32.9487,0
82.3959,3.13326,0,0,1.65144,0.176924,0.36288,3.6288,57.1028,0.840525,0,0,0.562582,0.247424,0,0.66528,12.849,1,0.476907,0.36288,0,32.7872,5.34996,27.3233,0.84672,12.849,0.84672,3695.15,0,0,0,0.30119,2.31074,2.33767,1.14297,3.80664,0.42336,0,0.42336,460.49,0,0.852915,0,0,1.15411,0.30119,1.028160,1,0,31.1299,0,0,0,31.1299,0
80.2151,3.12317,0,0,1.51577,0.210571,0.36288,3.6288,56.498,0.892045,0,0,0.527356,0.240174,0,0.66528,12.849,1,0.487034,0.36288,0,30.8283,4.92688,25.7773,0.84672,12.849,0.84672,3695.15,0,0,0,0.30119,2.31077,2.13185,1.15929,3.58452,0.42336,0,0.42336,460.49,0,0.801395,0,0,1.10258,0.30119,1.028160,1,0,29.3618,0,0,0,29.3618,0
78.5338,3.11179,0,0,1.95083,0.157473,0.36288,3.6288,56.0277,0.893609,0,0,0.633554,0.210207,0,0.66528,12.849,1,0.498452,0.36288,0,34.5038,4.45998,29.9082,0.84672,12.849,0.84672,3695.15,0,0,0,0.30119,2.31079,2.72332,1.11732,4.21798,0.42336,0,0.42336,460.49,0,0.799831,0,0,1.10102,0.30119,1.028160,1,0,34.1262,0,0,0,34.1262,0
76.7517,3.07486,0,0,1.81047,0.154813,0.36288,3.6288,55.5759,0.872009,0,0,0.629795,0.209563,0,0.66528,12.849,1,0.503081,0.36288,0,31.7104,4.45998,27.1103,0.84672,12.849,0.84672,3695.15,0,0,0,0.30119,2.31081,2.49577,1.11732,3.99045,0.42336,0,0.42336,460.49,0,0.821431,0,0,1.12262,0.30119,1.028160,1,0,31.1007,0,0,0,31.1007,0
74.8549,3.06488,0,0,1.68309,0.152098,0.36288,3.6288,55.1742,0.820308,0,0,0.627532,0.208944,0,0.66528,12.849,1,0.513092,0.36288,0,29.6041,4.45998,24.9939,0.84672,12.849,0.84672,3695.15,0,0,0,0.261274,2.35085,2.42706,1.11732,3.92186,0.42336,0,0.42336,460.49,0,0.873132,0,0,1.13441,0.261274,1.028160,1,0,28.9158,0,0,0,28.9158,0
72.9428,3.05382,0,0,1.64643,0.141835,0.36288,3.6288,54.6438,0.870757,0,0,0.588271,0.247936,0,0.66528,12.849,1,0.524194,0.36288,0,27.7595,4.97793,22.6202,0.84672,12.849,0.84672,3695.15,0,0,0,0.261274,2.35087,2.36998,1.24159,3.74053,0.42336,0,0.42336,460.49,0,0.822683,0,0,1.08396,0.261274,1.028160,1,0,26.3607,0,0,0,26.3607,0
70.8745,3.04216,0,0,1.45384,0.117134,0.36288,3.6288,53.7953,1.08065,0,0,0.495264,0.263111,0,0.66528,12.849,1,0.535882,0.36288,0,25.579,5.27497,20.131,0.84672,12.849,0.84672,3695.15,0,0,0,0.261274,2.35089,2.24881,1.35322,3.50776,0.42336,0,0.42336,460.49,0,0.612792,0,0,0.874066,0.261274,1.028160,1,0,23.6388,0,0,0,23.6388,0
68.5513,3.09965,0,0,1.21274,0.0734046,0.36288,3.6288,52.773,1.17247,0,0,0.418922,0.26869,0,0.66528,12.849,1,0.561942,0.36288,0,23.4643,5.43302,17.8323,0.84672,12.849,0.84672,3695.15,0,0,0,0.261274,2.35092,2.17119,1.42141,3.36197,0.42336,0,0.42336,460.49,0,0.520975,0,0,0.782248,0.261274,1.028160,1,0,21.1942,0,0,0,21.1942,0
66.1752,3.08364,0,0,1.14252,0.0720966,0.36288,3.6288,51.6668,1.24208,0,0,0.402315,0.266506,0,0.66528,12.849,1,0.577986,0.36288,0,22.3093,5.43302,16.6612,0.84672,12.849,0.84672,3695.15,0,0,0,0.261274,2.40765,2.11965,1.42141,3.36717,0.42336,0,0.42336,460.49,0,0.451362,0,0,0.712636,0.261274,1.028160,1,0,20.0284,0,0,0,20.0284,0
63.7145,3.06629,0,0,1.03925,0.0707588,0.36288,3.6288,50.5196,1.26678,0,0,0.383699,0.264144,0,0.66528,12.849,1,0.59537,0.36288,0,18.3407,5.43302,12.6752,0.84672,12.849,0.84672,3695.15,0,0,0,0.227405,2.40767,1.99807,1.42141,3.21174,0.42336,0,0.42336,460.49,0,0.42666,0,0,0.654065,0.227405,1.028160,1,0,15.887,0,0,0,15.887,0
61.2118,3.04718,0,0,0.982852,0.0755279,0.36288,3.6288,49.3375,1.28455,0,0,0.368575,0.266076,0,0.66528,12.849,1,0.614511,0.36288,0,15.1879,5.42299,9.51328,0.84672,12.849,0.84672,3695.15,0,0,0,0.227405,2.4077,1.92734,1.46535,3.09709,0.42336,0,0.42336,460.49,0,0.408893,0,0,0.636298,0.227405,1.028160,1,0,12.6104,0,0,0,12.6104,0
58.5279,3.22857,0,0,1.00076,0.0931641,0.36288,3.6288,48.1185,1.29065,0,0,0.356467,0.284805,0,0.66528,12.849,1,0.677711,0.36288,0,15.7243,5.83653,9.57292,0.84672,12.849,0.84672,3695.15,0,0,0,0.227405,2.40772,1.78831,1.44901,2.97442,0.42336,0,0.42336,460.49,0,0.40279,0,0,0.630195,0.227405,1.028160,1,0,12.5473,0,0,0,12.5473,0
55.9693,3.20312,0,0,1.09831,0.0908969,0.36288,3.6288,47.1389,1.1379,0,0,0.440182,0.281944,0,0.66528,12.849,1,0.703201,0.36288,0,20.2226,5.83653,14.0458,0.84672,12.849,0.84672,3695.15,0,0,0,0.227405,2.60179,1.95083,1.44901,3.33101,0.42336,0,0.42336,460.49,0,0.555543,0,0,0.782948,0.227405,1.028160,1,0,17.3768,0,0,0,17.3768,0
53.2231,3.17701,0,0,0.882334,0.088641,0.36288,3.6288,45.8233,1.3543,0,0,0.31838,0.279645,0,0.66528,12.849,1,0.729352,0.36288,0,19.7608,5.83653,13.5578,0.84672,12.849,0.84672,3695.15,0,0,0,0.204422,2.60181,1.56608,1.44901,2.9233,0.42336,0,0.42336,460.49,0,0.339142,0,0,0.543565,0.204422,1.028160,1,0,16.4811,0,0,0,16.4811,0
50.7261,3.14672,0,0,1.09884,0.0862197,0.36288,3.6288,45.2215,0.869637,0,0,0.544166,0.276356,0,0.66528,12.849,1,0.759674,0.36288,0,18.0478,5.83653,11.8144,0.84672,12.849,0.84672,3695.15,0,0,0,0.204422,2.60184,2.42146,1.44901,3.77871,0.42336,0,0.42336,460.49,0,0.823803,0,0,1.02823,0.204422,1.028160,1,0,15.5931,0,0,0,15.5931,0
48.4567,3.11692,0,0,1.34036,0.130011,0.36288,3.6288,44.0827,1.22554,0,0,0.316413,0.229644,0,0.66528,12.849,1,0.789519,0.36288,0,21.4292,4.61322,16.3893,0.84672,12.849,0.84672,3695.15,0,0,0,0.204422,2.60187,1.54252,1.16782,3.18099,0.42336,0,0.42336,460.49,0,0.467898,0,0,0.672321,0.204422,1.028160,1,0,19.5703,0,0,0,19.5703,0
46.6009,2.99351,0,0,1.64459,0.143959,0.36288,3.6288,43.6238,0.780719,0,0,0.53938,0.21756,0,0.66528,12.849,1,0.793773,0.36288,0,25.5196,4.34007,20.7487,0.84672,12.849,0.84672,3695.15,0,0,0,0.204422,2.60189,2.08726,1.11246,3.78112,0.42336,0,0.42336,460.49,0,0.912721,0,0,1.11714,0.204422,1.028160,1,0,24.5298,0,0,0,24.5298,0
44.7212,2.96876,0,0,1.59301,0.141058,0.36288,3.6288,43.1576,0.789696,0,0,0.540074,0.216618,0,0.66528,12.849,1,0.818559,0.36288,0,24.4784,4.34007,19.6827,0.84672,12.849,0.84672,3695.15,0,0,0,0.216518,2.48961,1.91108,1.11246,3.50476,0.42336,0,0.42336,460.49,0,0.903744,0,0,1.12026,0.216518,1.028160,1,0,23.1874,0,0,0,23.1874,0
42.8076,2.94206,0,0,1.52941,0.13812,0.36288,3.6288,42.8066,0.68726,0,0,0.551991,0.215661,0,0.66528,12.849,1,0.845294,0.36288,0,23.3255,4.34007,18.503,0.84672,12.849,0.84672,3695.15,0,0,0,0.216518,2.48964,1.88981,1.11246,3.48351,0.42336,0,0.42336,460.49,0,1.00618,0,0,1.2227,0.216518,1.028160,1,0,21.9865,0,0,0,21.9865,0
41.6412,2.91303,0,0,2.28842,0.178875,0.36288,3.6288,42.7534,0.66528,0,0,0.806026,0.194007,0,0.66528,12.849,1,0.874366,0.36288,0,36.7187,4.43438,31.7728,0.84672,12.849,0.84672,3695.15,0,0,0,1.0326,2.48966,4.02818,1.10329,6.44715,0.42336,0,0.42336,460.49,0,1.02816,0,0,2.06076,1.0326,1.028160,1,0,38.22,0,0,0,38.22,0
39.965,2.81957,0,0,1.70675,0.200513,0.36288,3.6288,42.4242,0.771379,0,0,0.612307,0.170138,0,0.66528,12.849,1,0.87002,0.36288,0,35.472,4.51469,30.4502,0.84672,12.849,0.84672,3695.15,0,0,0,0.216518,2.48969,4.9109,1.0332,6.5839,0.42336,0,0.42336,460.49,0,0.922061,0,0,1.13858,0.216518,1.028160,1,0,37.0341,0,0,0,37.0341,0
40.3414,2.79199,0,0,3.72781,0.196572,0.36288,3.6288,42.6525,0.66528,0,0,1.06325,0.169603,0,0.66528,12.849,1,0.897641,0.36288,0,50.0559,4.51469,45.0065,0.84672,12.849,0.84672,3695.15,0,0,0,1.20515,2.38948,7.02589,1.0332,9.58732,0.42336,0,0.42336,460.49,0,1.02816,0,0,2.23331,1.20515,1.028160,1,0,54.5938,0,0,0,54.5938,0
44.9164,2.79837,0,0,7.93373,0.197457,0.36288,3.6288,44.0211,0.66528,0,0,2.20383,0.169975,0,0.66528,12.849,1,0.891299,0.36288,0,109.39,4.51469,104.347,0.84672,12.849,0.84672,3695.15,0,0,0,4.30947,2.38951,11.405,1.0332,17.0708,0.42336,0,0.42336,460.49,0,1.02816,0,0,5.33763,4.30947,1.028160,1,0,121.418,0,0,0,121.418,0
48.5196,2.86899,0,0,7.0629,0.227818,0.36288,3.6288,44.922,0.66528,0,0,1.74299,0.17685,0,0.66528,12.849,1,0.820716,0.36288,0,64.9485,4.25298,60.2377,0.84672,12.849,0.84672,3695.15,0,0,0,2.75749,2.38953,7.7722,0.944808,11.9744,0.42336,0,0.42336,460.49,0,1.02816,0,0,3.78565,2.75749,1.028160,1,0,72.2121,0,0,0,72.2121,0
52.5001,2.6975,0,0,7.28216,0.241308,0.36288,3.6288,46.0974,0.66528,0,0,2.00424,0.163555,0,0.66528,12.849,1,0.714355,0.36288,0,99.798,3.97236,95.4742,0.84672,12.849,0.84672,3695.15,0,0,0,3.89601,2.38955,11.9215,0.859909,17.3471,0.42336,0,0.42336,460.49,0,1.02816,0,0,4.92417,3.89601,1.028160,1,0,112.821,0,0,0,112.821,0
53.8807,2.74104,0,0,4.73615,0.251652,0.36288,3.6288,46.9526,0.66528,0,0,1.68583,0.165355,0,0.66528,12.849,1,0.670849,0.36288,0,93.045,3.97236,88.7647,0.84672,12.849,0.84672,3695.15,0,0,0,3.3501,2.16693,7.44163,0.859909,12.0988,0.42336,0,0.42336,460.49,0,1.02816,0,0,4.37826,3.3501,1.028160,1,0,100.863,0,0,0,100.863,0
55.5392,2.75495,0,0,5.03161,0.255232,0.36288,3.6288,47.6634,0.66528,0,0,1.54274,0.166637,0,0.66528,12.849,1,0.656977,0.36288,0,110.415,3.97236,106.148,0.84672,12.849,0.84672,3695.15,0,0,0,2.96948,2.16695,8.44007,0.859909,12.7166,0.42336,0,0.42336,460.49,0,1.02816,0,0,3.99764,2.96948,1.028160,1,0,118.865,0,0,0,118.865,0
56.2468,2.77091,0,0,4.09481,0.253439,0.36288,3.6288,48.3202,0.66528,0,0,1.53894,0.216796,0,0.66528,12.849,1,0.64105,0.36288,0,98.1348,5.29819,92.5585,0.84672,12.849,0.84672,3695.15,0,0,0,2.4038,2.16697,7.42141,1.46227,10.5299,0.42336,0,0.42336,460.49,0,1.02816,0,0,3.43196,2.4038,1.028160,1,0,103.088,0,0,0,103.088,0
56.1724,2.7775,0,0,3.33837,0.272338,0.36288,3.6288,48.4739,0.66528,0,0,1.00719,0.188212,0,0.66528,12.849,1,0.634491,0.36288,0,69.6687,3.974,65.4231,0.84672,12.849,0.84672,3695.15,0,0,0,1.2832,2.16699,6.7537,1.12685,9.07704,0.42336,0,0.42336,460.49,0,1.02816,0,0,2.31136,1.2832,1.028160,1,0,74.5002,0,0,0,74.5002,0
55.6343,2.86382,0,0,2.97454,0.28602,0.36288,3.6288,48.6045,0.66528,0,0,0.943341,0.147545,0,0.66528,12.849,1,0.655077,0.36288,0,79.1899,3.09781,75.7999,0.84672,12.849,0.84672,3695.15,0,0,0,1.04568,2.16702,8.15659,0.898735,10.4706,0.42336,0,0.42336,460.49,0,1.02816,0,0,2.07384,1.04568,1.028160,1,0,86.2705,0,0,0,86.2705,0
56.2596,2.85868,0,0,4.13139,0.284492,0.36288,3.6288,49.2551,0.66528,0,0,1.46362,0.147705,0,0.66528,12.849,1,0.660226,0.36288,0,91.279,3.09781,87.8838,0.84672,12.849,0.84672,3695.15,0,0,0,1.36643,2.23645,7.66083,0.898735,10.365,0.42336,0,0.42336,460.49,0,1.02816,0,0,2.39459,1.36643,1.028160,1,0,98.2488,0,0,0,98.2488,0
61.9604,2.86466,0,0,9.21459,0.286267,0.36288,3.6288,50.3789,0.66528,0,0,1.93761,0.148502,0,0.66528,12.849,1,0.654252,0.36288,0,100.78,3.09781,97.3904,0.84672,12.849,0.84672,3695.15,0,0,0,2.31517,2.23645,12.116,0.898735,15.7688,0.42336,0,0.42336,460.49,0,1.02816,0,0,3.34333,2.31517,1.028160,1,0,113.159,0,0,0,113.159,0
66.5733,2.91452,0,0,8.16706,0.276735,0.36288,3.6288,51.6185,0.66528,0,0,2.04396,0.139142,0,0.66528,12.849,1,0.604396,0.36288,0,132.162,3.00448,128.916,0.84672,12.849,0.84672,3695.15,0,0,0,2.01509,2.23646,12.1683,0.922889,15.497,0.42336,0,0.42336,460.49,0,1.02816,0,0,3.04325,2.01509,1.028160,1,0,144.413,0,0,0,144.413,0
66.275,3.23732,0,0,3.61305,0.311148,0.36288,3.6288,52.442,0.66528,0,0,1.63654,0.147691,0,0.66528,12.849,1,0.624821,0.36288,0,80.0012,3.18727,76.552,0.84672,12.849,0.84672,3695.15,0,0,0,0.735826,2.23646,8.63203,1.01959,10.5847,0.42336,0,0.42336,460.49,0,1.02816,0,0,1.76399,0.735826,1.028160,1,0,87.1367,0,0,0,87.1367,0
66.8634,3.23497,0,0,4.49664,0.310412,0.36288,3.6288,53.379,0.66528,0,0,1.7509,0.148675,0,0.66528,12.849,1,0.627177,0.36288,0,116.543,3.18727,113.092,0.84672,12.849,0.84672,3695.15,0,0,0,2.66548,2.48621,13.7623,1.01959,17.8944,0.42336,0,0.42336,460.49,0,1.02816,0,0,3.69364,2.66548,1.028160,1,0,130.986,0,0,0,130.986,0
67.1629,3.23961,0,0,4.2485,0.346523,0.36288,3.6288,53.9558,0.66528,0,0,1.374,0.131908,0,0.66528,12.849,1,0.622549,0.36288,0,107.247,3.2967,103.691,0.84672,12.849,0.84672,3695.15,0,0,0,2.10781,2.48621,10.2915,0.971671,13.9139,0.42336,0,0.42336,460.49,0,1.02816,0,0,3.13597,2.10781,1.028160,1,0,117.605,0,0,0,117.605,0
71.42,3.24194,0,0,8.24012,0.378152,0.36288,3.6288,55.0591,0.66528,0,0,1.94201,0.173417,0,0.66528,12.849,1,0.620219,0.36288,0,146.079,3.4518,142.37,0.84672,12.849,0.84672,3695.15,0,0,0,3.06388,2.48622,14.7793,1.06487,19.2645,0.42336,0,0.42336,460.49,0,1.02816,0,0,4.09204,3.06388,1.028160,1,0,161.634,0,0,0,161.634,0
75.912,2.85837,0,0,8.05948,0.346285,0.36288,3.6288,57.3377,0.66528,0,0,3.12443,0.180569,0,0.66528,12.849,1,0.514242,0.36288,0,173.191,4.06035,168.979,0.84672,12.849,0.84672,3695.15,0,0,0,3.20909,2.48622,16.7291,1.16593,21.2585,0.42336,0,0.42336,460.49,0,1.02816,0,0,4.23725,3.20909,1.028160,1,0,190.237,0,0,0,190.237,0
80.9209,2.8844,0,0,8.74826,0.492007,0.36288,3.6288,59.4165,0.66528,0,0,2.92738,0.183277,0,0.66528,12.849,1,0.488219,0.36288,0,182.498,4.06035,178.312,0.84672,12.849,0.84672,3695.15,0,0,0,3.6225,2.14564,20.7103,1.16593,25.3125,0.42336,0,0.42336,460.49,0,1.02816,0,0,4.65066,3.6225,1.028160,1,0,203.624,0,0,0,203.624,0
85.0619,2.91048,0,0,7.82974,0.415406,0.36288,3.6288,61.1107,0.66528,0,0,2.50548,0.145981,0,0.66528,12.849,1,0.46214,0.36288,0,174.552,3.54267,170.91,0.84672,12.849,0.84672,3695.15,0,0,0,3.12718,2.14564,18.3841,1.09071,22.5662,0.42336,0,0.42336,460.49,0,1.02816,0,0,4.15534,3.12718,1.028160,1,0,193.476,0,0,0,193.476,0
87.8966,2.93003,0,0,6.65997,0.532314,0.36288,3.6288,61.308,0.66528,0,0,2.13813,0.158751,1.11682,0.66528,12.849,1,0.442595,0.36288,0,149.983,4.09878,145.805,0.84672,12.849,0.84672,3695.15,0,0,0,2.2247,2.14564,13.8129,1.16549,17.0177,0.42336,0,0.42336,460.49,0,1.02816,0,0,3.25286,2.2247,1.028160,1,0,163.94,0,0,0,163.94,0
92.1462,2.94249,0,0,7.97211,0.417171,0.36288,3.6288,61.308,0.66528,0,0,3.25344,0.165244,2.42291,0.66528,12.849,1,0.430142,0.36288,0,116.764,4.34904,112.347,0.84672,12.849,0.84672,3695.15,0,0,0,3.62189,2.14565,19.0788,1.21963,23.6267,0.42336,0,0.42336,460.49,0,1.02816,0,0,4.65005,3.62189,1.028160,1,0,138.397,0,0,0,138.397,0
96.3215,3.06805,0,0,7.9736,0.36738,0.36288,3.6288,61.308,0.66528,0,0,2.57309,0.152255,1.75555,0.66528,12.849,1,0.427813,0.36288,0,207.724,4.18729,203.472,0.84672,12.849,0.84672,3695.15,0,0,0,3.3162,2.14565,18.049,1.19943,22.3114,0.42336,0,0.42336,460.49,0,1.02816,0,0,4.34436,3.3162,1.028160,1,0,227.538,0,0,0,227.538,0
97.506,3.08442,0,0,5.30676,0.380694,0.657155,3.6288,61.308,0.66528,0,0,2.05509,0.152255,1.23756,0.66528,12.849,1,0.411452,0.657155,0,128.672,4.18729,124.73,0.84672,12.849,0.84672,3695.15,0,0,0,2.15175,2.22962,12.1413,1.19943,15.3232,0.42336,0,0.42336,460.49,0,1.02816,0,0,3.17991,2.15175,1.028160,1,0,141.291,0,0,0,141.291,0
97.506,3.08884,0,0,6.02265,0.384471,2.54934,3.6288,61.308,0.66528,0,0,2.22629,0.152255,1.40875,0.66528,12.849,1,0.407036,2.54934,0,108.982,4.18729,106.937,0.84672,12.849,0.84672,3695.15,0,0,0,2.53177,2.22962,15.1604,1.19943,18.7224,0.42336,0,0.42336,460.49,0,1.02816,0,0,3.55993,2.53177,1.028160,1,0,127.068,0,0,0,127.068,0
97.506,3.08884,0,0,4.97733,0.31343,1.57506,3.6288,61.308,0.66528,0,0,1.74588,0.196279,0.884318,0.66528,12.849,1,0.407037,1.57506,0,103.955,4.60416,100.519,0.84672,12.849,0.84672,3695.15,0,0,0,1.78794,2.22963,12.8107,1.23058,15.5977,0.42336,0,0.42336,460.49,0,1.02816,0,0,2.8161,1.78794,1.028160,1,0,117.001,0,0,0,117.001,0
97.506,3.04627,0,0,3.84106,0.245848,0.548939,3.6288,61.308,0.66528,0,0,1.10824,0.186961,0.255994,0.66528,12.849,1,0.401427,0.548939,0,69.5382,4.02118,65.6645,0.84672,12.849,0.84672,3695.15,0,0,0,0.881911,2.22963,7.02104,1.17709,8.95548,0.42336,0,0.42336,460.49,0,1.02816,0,0,1.91007,0.881911,1.028160,1,0,74.876,0,0,0,74.876,0
97.1727,3.04628,0,0,3.32169,0.245848,0.36288,3.6288,61.308,0.66528,0,0,1.05681,0.186961,0.204569,0.66528,12.849,1,0.401428,0.36288,0,61.6001,4.02118,57.5404,0.84672,12.849,0.84672,3695.15,0,0,0,0.692833,2.19696,6.14263,1.17709,7.85532,0.42336,0,0.42336,460.49,0,1.02816,0,0,1.72099,0.692833,1.028160,1,0,65.6003,0,0,0,65.6003,0
96.4828,3.04506,0,0,2.96321,0.245169,0.36288,3.6288,61.308,0.66528,0,0,0.938408,0.186961,0.0861662,0.66528,12.849,1,0.402644,0.36288,0,52.9074,4.02118,48.8464,0.84672,12.849,0.84672,3695.15,0,0,0,0.472141,2.19696,5.33428,1.17709,6.82629,0.42336,0,0.42336,460.49,0,1.02816,0,0,1.5003,0.472141,1.028160,1,0,55.7589,0,0,0,55.7589,0
95.5794,3.04253,0,0,2.72721,0.225167,0.36288,3.6288,61.2509,0.725708,0,0,0.844119,0.17555,0,0.66528,12.849,1,0.405186,0.36288,0,48.5514,3.77178,44.7373,0.84672,12.849,0.84672,3695.15,0,0,0,0.402797,2.19697,4.78426,1.08166,6.30236,0.42336,0,0.42336,460.49,0,0.967732,0,0,1.37053,0.402797,1.028160,1,0,51.0396,0,0,0,51.0396,0
94.3759,3.18332,0,0,2.55468,0.211984,0.36288,3.6288,60.833,0.916177,0,0,0.707538,0.209173,0,0.66528,12.849,1,0.427943,0.36288,0,42.246,4.24809,37.9328,0.84672,12.849,0.84672,3695.15,0,0,0,0.402797,2.19697,4.32579,1.12939,5.79616,0.42336,0,0.42336,460.49,0,0.777263,0,0,1.18006,0.402797,1.028160,1,0,43.729,0,0,0,43.729,0
93.0264,3.17852,0,0,2.3635,0.171594,0.36288,3.6288,60.4245,0.913896,0,0,0.71928,0.213959,0,0.66528,12.849,1,0.432747,0.36288,0,38.272,4.41063,33.7915,0.84672,12.849,0.84672,3695.15,0,0,0,0.402797,2.31147,4.2683,1.0993,5.88326,0.42336,0,0.42336,460.49,0,0.779544,0,0,1.18234,0.402797,1.028160,1,0,39.6748,0,0,0,39.6748,0
91.6108,3.17301,0,0,2.28989,0.169622,0.36288,3.6288,60.1095,0.855317,0,0,0.753719,0.213405,0,0.66528,12.849,1,0.438263,0.36288,0,36.3149,4.41063,31.8289,0.84672,12.849,0.84672,3695.15,0,0,0,0.30119,2.31147,4.43074,1.0993,5.9441,0.42336,0,0.42336,460.49,0,0.838123,0,0,1.13931,0.30119,1.028160,1,0,37.773,0,0,0,37.773,0
90.0577,3.16708,0,0,2.14447,0.167554,0.36288,3.6288,59.6331,0.958686,0,0,0.695304,0.212978,0,0.66528,12.849,1,0.444203,0.36288,0,34.0374,4.41063,29.5454,0.84672,12.849,0.84672,3695.15,0,0,0,0.30119,2.31147,4.01454,1.0993,5.5279,0.42336,0,0.42336,460.49,0,0.734754,0,0,1.03594,0.30119,1.028160,1,0,35.0733,0,0,0,35.0733,0
88.2824,3.16038,0,0,1.9026,0.154653,0.36288,3.6288,59.3387,0.683554,0,0,0.602133,0.212986,0,0.66528,12.849,1,0.450907,0.36288,0,35.1617,4.66416,30.4095,0.84672,12.849,0.84672,3695.15,0,0,0,0.30119,2.31148,3.42685,1.10846,4.93106,0.42336,0,0.42336,460.49,0,1.00989,0,0,1.31108,0.30119,1.028160,1,0,35.3406,0,0,0,35.3406,0
86.359,3.12423,0,0,1.71421,0.150482,0.36288,3.6288,58.8474,0.830244,0,0,0.551608,0.212694,0,0.66528,12.849,1,0.454714,0.36288,0,34.2179,4.70642,29.4197,0.84672,12.849,0.84672,3695.15,0,0,0,0.30119,2.31148,3.13417,1.10998,4.63686,0.42336,0,0.42336,460.49,0,0.863196,0,0,1.16439,0.30119,1.028160,1,0,34.0565,0,0,0,34.0565,0
84.3314,3.11542,0,0,1.57628,0.125598,0.36288,3.6288,58.3335,0.796141,0,0,0.526643,0.24442,0,0.66528,12.849,1,0.46353,0.36288,0,30.3352,5.12986,25.1047,0.84672,12.849,0.84672,3695.15,0,0,0,0.261274,2.35151,3.01574,1.26455,4.36397,0.42336,0,0.42336,460.49,0,0.897299,0,0,1.15857,0.261274,1.028160,1,0,29.4687,0,0,0,29.4687,0
82.2501,3.10575,0,0,1.48142,0.0941092,0.36288,3.6288,57.7205,0.817621,0,0,0.491294,0.286665,0,0.66528,12.849,1,0.473202,0.36288,0,26.9295,5.69447,21.1247,0.84672,12.849,0.84672,3695.15,0,0,0,0.261274,2.35151,2.9032,1.47064,4.04535,0.42336,0,0.42336,460.49,0,0.875819,0,0,1.13709,0.261274,1.028160,1,0,25.1701,0,0,0,25.1701,0
80.0756,3.0954,0,0,1.37762,0.0938855,0.36288,3.6288,57.1312,0.808652,0,0,0.516967,0.297624,0,0.66528,12.849,1,0.483559,0.36288,0,27.6159,5.78757,21.7077,0.84672,12.849,0.84672,3695.15,0,0,0,0.261274,2.35151,2.76652,1.48425,3.89505,0.42336,0,0.42336,460.49,0,0.884788,0,0,1.14606,0.261274,1.028160,1,0,25.6028,0,0,0,25.6028,0
77.8691,3.15607,0,0,1.40649,0.0940364,0.36288,3.6288,56.6652,0.737614,0,0,0.584238,0.312551,0,0.66528,12.849,1,0.506425,0.36288,0,27.4645,5.91171,21.4092,0.84672,12.849,0.84672,3695.15,0,0,0,0.261274,2.35152,2.76872,1.5024,3.87911,0.42336,0,0.42336,460.49,0,0.955826,0,0,1.2171,0.261274,1.028160,1,0,25.2883,0,0,0,25.2883,0
75.5571,3.14375,0,0,1.28665,0.0920247,0.36288,3.6288,56.1423,0.760467,0,0,0.549113,0.311605,0,0.66528,12.849,1,0.518744,0.36288,0,25.8228,5.91171,19.7552,0.84672,12.849,0.84672,3695.15,0,0,0,0.261274,2.40824,2.81819,1.5024,3.9853,0.42336,0,0.42336,460.49,0,0.932973,0,0,1.19425,0.261274,1.028160,1,0,23.7405,0,0,0,23.7405,0
73.1391,3.13019,0,0,1.16499,0.0899169,0.36288,3.6288,55.5081,0.848327,0,0,0.524652,0.310544,0,0.66528,12.849,1,0.53231,0.36288,0,24.3202,5.91171,18.2391,0.84672,12.849,0.84672,3695.15,0,0,0,0.227405,2.40825,2.6203,1.5024,3.75355,0.42336,0,0.42336,460.49,0,0.845113,0,0,1.07252,0.227405,1.028160,1,0,21.9926,0,0,0,21.9926,0
70.6122,3.11523,0,0,1.01882,0.06754,0.36288,3.6288,54.8468,0.865477,0,0,0.520931,0.316742,0,0.66528,12.849,1,0.54728,0.36288,0,23.158,6.13604,16.8375,0.84672,12.849,0.84672,3695.15,0,0,0,0.227405,2.40825,2.64833,1.54722,3.73677,0.42336,0,0.42336,460.49,0,0.827963,0,0,1.05537,0.227405,1.028160,1,0,20.5743,0,0,0,20.5743,0
67.6896,3.30561,0,0,0.837717,0.091865,0.36288,3.6288,53.949,1.00517,0,0,0.44922,0.34182,0,0.66528,12.849,1,0.601507,0.36288,0,13.4493,6.10585,7.1048,0.84672,12.849,0.84672,3695.15,0,0,0,0.227405,2.40825,2.15439,1.49906,3.29099,0.42336,0,0.42336,460.49,0,0.688271,0,0,0.915676,0.227405,1.028160,1,0,10.3958,0,0,0,10.3958,0
64.8725,3.28378,0,0,0.919348,0.0898016,0.36288,3.6288,53.3807,0.783216,0,0,0.554725,0.339798,0,0.66528,12.849,1,0.623335,0.36288,0,17.2967,6.10585,10.9304,0.84672,12.849,0.84672,3695.15,0,0,0,0.227405,2.60234,2.35019,1.49906,3.68088,0.42336,0,0.42336,460.49,0,0.910224,0,0,1.13763,0.227405,1.028160,1,0,14.6112,0,0,0,14.6112,0
61.8992,3.26119,0,0,0.738564,0.0878126,0.36288,3.6288,52.3356,1.10805,0,0,0.401223,0.338317,0,0.66528,12.849,1,0.64593,0.36288,0,16.9017,6.10585,10.5128,0.84672,12.849,0.84672,3695.15,0,0,0,0.204422,2.60235,1.88667,1.49906,3.19438,0.42336,0,0.42336,460.49,0,0.585386,0,0,0.789808,0.204422,1.028160,1,0,13.7071,0,0,0,13.7071,0
59.1349,3.2355,0,0,0.919797,0.0857134,0.36288,3.6288,52.0205,0.66528,0,0,0.685761,0.335497,0,0.66528,12.849,1,0.671625,0.36288,0,15.4367,6.10585,9.02206,0.84672,12.849,0.84672,3695.15,0,0,0,0.46586,2.60235,2.91716,1.49906,4.48631,0.42336,0,0.42336,460.49,0,1.02816,0,0,1.49402,0.46586,1.028160,1,0,13.5084,0,0,0,13.5084,0
56.2958,3.20972,0,0,0.807218,0.0737296,0.36288,3.6288,51.1342,1.00049,0,0,0.446883,0.332768,0,0.66528,12.849,1,0.697417,0.36288,0,14.9686,5.69998,8.93411,0.84672,12.849,0.84672,3695.15,0,0,0,0.204422,2.60235,3.21405,1.35276,4.66807,0.42336,0,0.42336,460.49,0,0.692954,0,0,0.897376,0.204422,1.028160,1,0,13.6022,0,0,0,13.6022,0
53.4808,3.08403,0,0,0.797489,0.165525,0.36288,3.6288,50.2972,1.03033,0,0,0.460297,0.266921,0,0.66528,12.849,1,0.703901,0.36288,0,13.9666,3.90451,9.72102,0.84672,12.849,0.84672,3695.15,0,0,0,0.204422,2.60236,3.33107,0.918418,5.21943,0.42336,0,0.42336,460.49,0,0.663111,0,0,0.867534,0.204422,1.028160,1,0,14.9405,0,0,0,14.9405,0
50.7875,3.05416,0,0,0.915987,0.192267,0.36288,3.6288,49.8297,0.837086,0,0,0.628208,0.258669,0,0.66528,12.849,1,0.733775,0.36288,0,14.1142,3.68414,10.0592,0.84672,12.849,0.84672,3695.15,0,0,0,0.216518,2.49004,4.61934,0.893355,6.43254,0.42336,0,0.42336,460.49,0,0.856354,0,0,1.07287,0.216518,1.028160,1,0,16.4917,0,0,0,16.4917,0
48.0916,3.02311,0,0,0.877055,0.186985,0.36288,3.6288,49.3218,0.866307,0,0,0.616164,0.257681,0,0.66528,12.849,1,0.764832,0.36288,0,18.8188,3.68414,14.7327,0.84672,12.849,0.84672,3695.15,0,0,0,0.216518,2.49004,4.61818,0.893355,6.43138,0.42336,0,0.42336,460.49,0,0.827133,0,0,1.04365,0.216518,1.028160,1,0,21.1641,0,0,0,21.1641,0
45.3713,2.98928,0,0,0.82404,0.192154,0.36288,3.6288,48.9652,0.805319,0,0,0.690237,0.241556,0,0.66528,12.849,1,0.798668,0.36288,0,24.1752,3.77315,19.9662,0.84672,12.849,0.84672,3695.15,0,0,0,0.216518,2.49005,5.04007,0.916442,6.8302,0.42336,0,0.42336,460.49,0,0.888121,0,0,1.10464,0.216518,1.028160,1,0,26.7964,0,0,0,26.7964,0
42.4775,2.87571,0,0,0.556679,0.211885,0.36288,3.6288,47.7391,1.38181,0,0,0.359057,0.203329,0,0.66528,12.849,1,0.81439,0.36288,0,11.055,3.99567,6.60779,0.84672,12.849,0.84672,3695.15,0,0,0,0.216518,2.49005,3.00219,0.974159,4.7346,0.42336,0,0.42336,460.49,0,0.311626,0,0,0.528144,0.216518,1.028160,1,0,11.3424,0,0,0,11.3424,0
40.3425,2.83311,0,0,1.26598,0.204997,0.36288,3.6288,46.8287,1.21947,0,0,0.510309,0.201268,0,0.66528,12.849,1,0.856987,0.36288,0,21.5933,3.99567,17.1036,0.84672,12.849,0.84672,3695.15,0,0,0,0.216518,2.38981,5.20899,0.974159,6.84115,0.42336,0,0.42336,460.49,0,0.473968,0,0,0.690486,0.216518,1.028160,1,0,23.9447,0,0,0,23.9447,0
38.989,2.79872,0,0,2.00805,0.199915,0.36288,3.6288,46.8943,0.80301,0,0,1.06836,0.199738,0,0.66528,12.849,1,0.891386,0.36288,0,29.3797,3.99567,24.8555,0.84672,12.849,0.84672,3695.15,0,0,0,0.292723,2.38981,8.38702,0.974159,10.0954,0.42336,0,0.42336,460.49,0,0.89043,0,0,1.18315,0.292723,1.028160,1,0,34.9509,0,0,0,34.9509,0
36.9441,2.77545,0,0,1.29013,0.196778,0.36288,3.6288,46.5311,0.959916,0,0,0.796561,0.199848,0,0.66528,12.849,1,0.914661,0.36288,0,20.2068,3.99567,15.6593,0.84672,12.849,0.84672,3695.15,0,0,0,0.292723,2.38981,8.27485,0.974159,9.98323,0.42336,0,0.42336,460.49,0,0.733524,0,0,1.02625,0.292723,1.028160,1,0,25.6426,0,0,0,25.6426,0
35.3619,2.53169,0,0,1.52609,0.213728,0.36288,3.6288,46.543,0.66528,0,0,0.854728,0.177525,0,0.66528,12.849,1,0.880513,0.36288,0,35.1085,4.18688,30.404,0.84672,12.849,0.84672,3695.15,0,0,0,0.474457,2.38982,8.59879,1.10286,10.3602,0.42336,0,0.42336,460.49,0,1.02816,0,0,1.50262,0.474457,1.028160,1,0,40.7642,0,0,0,40.7642,0
34.0749,2.5028,0,0,1.78842,0.209721,0.36288,3.6288,46.7863,0.66528,0,0,1.08609,0.177544,0,0.66528,12.849,1,0.909412,0.36288,0,60.5981,4.18688,55.8647,0.84672,12.849,0.84672,3695.15,0,0,0,1.42692,2.16715,11.0911,1.10286,13.5823,0.42336,0,0.42336,460.49,0,1.02816,0,0,2.45508,1.42692,1.028160,1,0,69.447,0,0,0,69.447,0
32.7701,2.47786,0,0,1.74239,0.206461,0.36288,3.6288,47.0413,0.66528,0,0,1.09821,0.177936,0,0.66528,12.849,1,0.934355,0.36288,0,53.7555,4.18688,48.9971,0.84672,12.849,0.84672,3695.15,0,0,0,1.0029,2.16716,9.60146,1.10286,11.6686,0.42336,0,0.42336,460.49,0,1.02816,0,0,2.03106,1.0029,1.028160,1,0,60.6658,0,0,0,60.6658,0
31.5526,2.45114,0,0,1.79969,0.203156,0.36288,3.6288,47.2376,0.66528,0,0,1.03986,0.178318,0,0.66528,12.849,1,0.961081,0.36288,0,65.6728,4.18688,60.8877,0.84672,12.849,0.84672,3695.15,0,0,0,0.827885,2.16716,9.86714,1.10286,11.7593,0.42336,0,0.42336,460.49,0,1.02816,0,0,1.85604,0.827885,1.028160,1,0,72.6471,0,0,0,72.6471,0
32.6133,2.42479,0,0,4.05859,0.210222,0.36288,3.6288,48.7736,0.66528,0,0,2.35063,0.149304,0,0.66528,12.849,1,0.987435,0.36288,0,101.278,3.11646,97.5368,0.84672,12.849,0.84672,3695.15,0,0,0,1.77344,2.16716,13.2195,0.768349,16.3918,0.42336,0,0.42336,460.49,0,1.02816,0,0,2.8016,1.77344,1.028160,1,0,113.929,0,0,0,113.929,0
33.5649,2.5245,0,0,4.05145,0.212442,0.36288,3.6288,51.0625,0.66528,0,0,3.12245,0.168296,0,0.66528,12.849,1,0.994606,0.36288,0,116.926,2.9316,113.363,0.84672,12.849,0.84672,3695.15,0,0,0,2.51093,2.16716,12.4121,0.83301,16.2572,0.42336,0,0.42336,460.49,0,1.02816,0,0,3.53909,2.51093,1.028160,1,0,129.62,0,0,0,129.62,0
35.5175,2.54488,0,0,5.0753,0.214968,0.36288,3.6288,53.5852,0.66528,0,0,3.35948,0.171486,0,0.66528,12.849,1,0.974207,0.36288,0,108.609,2.9316,105.066,0.84672,12.849,0.84672,3695.15,0,0,0,2.62312,2.23659,14.1593,0.83301,18.186,0.42336,0,0.42336,460.49,0,1.02816,0,0,3.65128,2.62312,1.028160,1,0,123.252,0,0,0,123.252,0
40.9919,2.58419,0,0,8.64164,0.22015,0.36288,3.6288,57.0917,0.66528,0,0,4.34677,0.175001,0,0.66528,12.849,1,0.934871,0.36288,0,195.563,2.9316,192.059,0.84672,12.849,0.84672,3695.15,0,0,0,3.64046,2.23657,21.4105,0.83301,26.4545,0.42336,0,0.42336,460.49,0,1.02816,0,0,4.66862,3.64046,1.028160,1,0,218.514,0,0,0,218.514,0
48.2253,2.67923,0,0,10.5408,0.26532,0.36288,3.6288,60.6326,0.66528,0,0,4.3953,0.189061,0,0.66528,12.849,1,0.839809,0.36288,0,280.957,3.99499,276.485,0.84672,12.849,0.84672,3695.15,0,0,0,4.89387,2.23655,27.3137,1.08322,33.3609,0.42336,0,0.42336,460.49,0,1.02816,0,0,5.92203,4.89387,1.028160,1,0,309.846,0,0,0,309.846,0
50.5998,3.04969,0,0,6.07163,0.28458,0.36288,3.6288,61.308,0.66528,0,0,2.43772,0.205261,0.891818,0.66528,12.849,1,0.812552,0.36288,0,108.262,4.24914,103.563,0.84672,12.849,0.84672,3695.15,0,0,0,1.71746,2.23654,11.0816,1.13634,13.8992,0.42336,0,0.42336,460.49,0,1.02816,0,0,2.74562,1.71746,1.028160,1,0,118.354,0,0,0,118.354,0
54.2533,3.08008,0,0,7.38842,0.291901,0.36288,3.6288,61.308,0.66528,0,0,2.54501,0.206141,1.67359,0.66528,12.849,1,0.782138,0.36288,0,142.97,4.24914,138.301,0.84672,12.849,0.84672,3695.15,0,0,0,1.9366,2.48627,15.1478,1.13634,18.4344,0.42336,0,0.42336,460.49,0,1.02816,0,0,2.96476,1.9366,1.028160,1,0,158.409,0,0,0,158.409,0
57.1945,3.12264,0,0,6.73548,0.308777,0.36288,3.6288,61.308,0.66528,0,0,2.92939,0.193645,2.07047,0.66528,12.849,1,0.739547,0.36288,0,147.908,3.8295,143.702,0.84672,12.849,0.84672,3695.15,0,0,0,2.49572,2.48626,12.4164,0.995876,16.4025,0.42336,0,0.42336,460.49,0,1.02816,0,0,3.52388,2.49572,1.028160,1,0,162.175,0,0,0,162.175,0
59.4369,3.15368,0,0,6.08129,0.322298,0.36288,3.6288,61.308,0.66528,0,0,2.91108,0.187815,2.05798,0.66528,12.849,1,0.708488,0.36288,0,154.929,3.60216,150.981,0.84672,12.849,0.84672,3695.15,0,0,0,2.47491,2.48624,13.5632,0.906288,17.6181,0.42336,0,0.42336,460.49,0,1.02816,0,0,3.50307,2.47491,1.028160,1,0,170.657,0,0,0,170.657,0
60.2067,2.7731,0,0,4.2349,0.329108,0.36288,3.6288,61.308,0.66528,0,0,1.63757,0.209071,0.763214,0.66528,12.849,1,0.599485,0.36288,0,75.2242,4.1265,70.8611,0.84672,12.849,0.84672,3695.15,0,0,0,1.24701,2.48622,10.6004,1.00084,13.3328,0.42336,0,0.42336,460.49,0,1.02816,0,0,2.27517,1.24701,1.028160,1,0,84.957,0,0,0,84.957,0
64.3302,2.7794,0,0,7.59731,0.331544,0.36288,3.6288,61.308,0.66528,0,0,4.37458,0.209071,3.50023,0.66528,12.849,1,0.593164,0.36288,0,90.1135,4.1265,85.7567,0.84672,12.849,0.84672,3695.15,0,0,0,4.19649,2.14562,14.7003,1.00084,20.0415,0.42336,0,0.42336,460.49,0,1.02816,0,0,5.22465,4.19649,1.028160,1,0,109.298,0,0,0,109.298,0
65.6027,2.81107,0,0,4.78945,0.343006,0.36288,3.6288,61.308,0.66528,0,0,2.3659,0.209071,1.49155,0.66528,12.849,1,0.561469,0.36288,0,149.739,4.1265,145.414,0.84672,12.849,0.84672,3695.15,0,0,0,1.62163,2.14561,8.95104,1.00084,11.7174,0.42336,0,0.42336,460.49,0,1.02816,0,0,2.64979,1.62163,1.028160,1,0,158.623,0,0,0,158.623,0
65.7069,2.82016,0,0,3.57827,0.291084,0.36288,3.6288,61.308,0.66528,0,0,1.60927,0.200544,0.743445,0.66528,12.849,1,0.552358,0.36288,0,96.158,4.29981,91.6687,0.84672,12.849,0.84672,3695.15,0,0,0,1.06049,2.14559,5.93527,1.06488,8.07647,0.42336,0,0.42336,460.49,0,1.02816,0,0,2.08865,1.06049,1.028160,1,0,100.489,0,0,0,100.489,0
66.3133,2.82087,0,0,4.09741,0.307279,0.36288,3.6288,61.308,0.66528,0,0,1.17676,0.208067,0.303412,0.66528,12.849,1,0.551621,0.36288,0,99.2952,4.64567,94.4608,0.84672,12.849,0.84672,3695.15,0,0,0,0.75174,2.14557,6.51662,1.04091,8.37303,0.42336,0,0.42336,460.49,0,1.02816,0,0,1.7799,0.75174,1.028160,1,0,103.137,0,0,0,103.137,0
66.9067,2.92829,0,0,4.19501,0.31038,0.36288,3.6288,61.308,0.66528,0,0,1.31768,0.185912,0.466486,0.66528,12.849,1,0.567393,0.36288,0,70.5853,4.12241,66.2584,0.84672,12.849,0.84672,3695.15,0,0,0,0.987008,2.14556,5.79704,0.897132,8.03248,0.42336,0,0.42336,460.49,0,1.02816,0,0,2.01517,0.987008,1.028160,1,0,74.7574,0,0,0,74.7574,0
67.1961,2.9325,0,0,3.90541,0.320617,0.36288,3.6288,61.308,0.66528,0,0,1.5006,0.17709,0.658226,0.66528,12.849,1,0.563167,0.36288,0,63.9343,3.90613,59.8279,0.84672,12.849,0.84672,3695.15,0,0,0,1.09662,2.22951,7.94857,0.856012,10.4187,0.42336,0,0.42336,460.49,0,1.02816,0,0,2.12478,1.09662,1.028160,1,0,70.9048,0,0,0,70.9048,0
67.0531,2.93451,0,0,3.44148,0.287164,0.36288,3.6288,61.308,0.66528,0,0,1.55448,0.193389,0.695814,0.66528,12.849,1,0.561126,0.36288,0,59.9367,4.12125,55.6172,0.84672,12.849,0.84672,3695.15,0,0,0,1.17318,2.22949,6.16056,0.892621,8.67062,0.42336,0,0.42336,460.49,0,1.02816,0,0,2.20134,1.17318,1.028160,1,0,64.9837,0,0,0,64.9837,0
66.8672,2.93349,0,0,3.37567,0.265206,0.36288,3.6288,61.308,0.66528,0,0,0.992684,0.171989,0.155415,0.66528,12.849,1,0.562127,0.36288,0,63.4045,3.90711,59.2981,0.84672,12.849,0.84672,3695.15,0,0,0,0.819625,2.22948,5.03104,0.917781,7.16236,0.42336,0,0.42336,460.49,0,1.02816,0,0,1.84778,0.819625,1.028160,1,0,66.6159,0,0,0,66.6159,0
66.3464,2.89174,0,0,2.9699,0.236039,0.36288,3.6288,61.308,0.66528,0,0,1.08646,0.165023,0.25616,0.66528,12.849,1,0.555669,0.36288,0,57.2102,3.90046,53.1169,0.84672,12.849,0.84672,3695.15,0,0,0,0.910284,2.22946,5.39764,0.992612,7.54478,0.42336,0,0.42336,460.49,0,1.02816,0,0,1.93844,0.910284,1.028160,1,0,60.9179,0,0,0,60.9179,0
65.4898,2.88807,0,0,2.62917,0.234803,0.36288,3.6288,61.308,0.66528,0,0,0.940179,0.192055,0.0828439,0.66528,12.849,1,0.559318,0.36288,0,50.2752,4.20664,45.8721,0.84672,12.849,0.84672,3695.15,0,0,0,0.763154,2.19677,4.87579,1.01892,6.81679,0.42336,0,0.42336,460.49,0,1.02816,0,0,1.79131,0.763154,1.028160,1,0,52.7718,0,0,0,52.7718,0
64.5136,2.88193,0,0,2.43519,0.166605,0.36288,3.6288,61.2747,0.66528,0,0,0.856725,0.224753,0,0.66528,12.849,1,0.56543,0.36288,0,46.1342,4.49494,41.4367,0.84672,12.849,0.84672,3695.15,0,0,0,0.62894,2.19676,4.60008,1.03613,6.38965,0.42336,0,0.42336,460.49,0,1.02816,0,0,1.6571,0.62894,1.028160,1,0,47.8264,0,0,0,47.8264,0
63.4901,2.87477,0,0,2.37943,0.165303,0.36288,3.6288,61.308,0.66528,0,0,0.961537,0.224706,0.0382428,0.66528,12.849,1,0.572561,0.36288,0,44.7902,4.49494,40.0856,0.84672,12.849,0.84672,3695.15,0,0,0,0.863507,2.19674,5.47613,1.03613,7.50024,0.42336,0,0.42336,460.49,0,1.02816,0,0,1.89167,0.863507,1.028160,1,0,47.6241,0,0,0,47.6241,0
62.7251,3.00308,0,0,2.76067,0.159716,0.36288,3.6288,61.308,0.66528,0,0,1.2426,0.214132,0.363192,0.66528,12.849,1,0.607758,0.36288,0,49.0857,4.16503,44.6757,0.84672,12.849,0.84672,3695.15,0,0,0,1.11318,2.19673,5.17695,1.02029,7.46656,0.42336,0,0.42336,460.49,0,1.02816,0,0,2.14134,1.11318,1.028160,1,0,52.5055,0,0,0,52.5055,0
61.5899,2.99691,0,0,2.38335,0.158722,0.36288,3.6288,61.308,0.66528,0,0,1.09607,0.214132,0.216658,0.66528,12.849,1,0.613906,0.36288,0,45.1073,4.16503,40.6912,0.84672,12.849,0.84672,3695.15,0,0,0,0.964941,2.3112,4.89645,1.02029,7.15229,0.42336,0,0.42336,460.49,0,1.02816,0,0,1.9931,0.964941,1.028160,1,0,48.0602,0,0,0,48.0602,0
60.2287,2.98753,0,0,2.14642,0.157248,0.36288,3.6288,61.308,0.66528,0,0,0.932956,0.214132,0.0535435,0.66528,12.849,1,0.623263,0.36288,0,42.2498,4.16503,37.8244,0.84672,12.849,0.84672,3695.15,0,0,0,0.76356,2.31118,4.74269,1.02029,6.79713,0.42336,0,0.42336,460.49,0,1.02816,0,0,1.79172,0.76356,1.028160,1,0,44.675,0,0,0,44.675,0
58.7271,2.97589,0,0,1.97538,0.138205,0.36288,3.6288,61.308,0.66528,0,0,0.926156,0.233888,0.0269879,0.66528,12.849,1,0.634868,0.36288,0,39.5107,4.5563,34.6824,0.84672,12.849,0.84672,3695.15,0,0,0,0.812834,2.31116,4.67363,1.12706,6.67056,0.42336,0,0.42336,460.49,0,1.02816,0,0,1.84099,0.812834,1.028160,1,0,41.38,0,0,0,41.38,0
57.2509,2.96255,0,0,1.95606,0.106796,0.36288,3.6288,61.1874,0.66528,0,0,0.78897,0.244287,0,0.66528,12.849,1,0.648183,0.36288,0,34.4821,4.94499,29.2518,0.84672,12.849,0.84672,3695.15,0,0,0,0.551629,2.31115,3.51859,1.21471,5.16665,0.42336,0,0.42336,460.49,0,1.02816,0,0,1.57979,0.551629,1.028160,1,0,34.4184,0,0,0,34.4184,0
55.7124,2.92247,0,0,1.84554,0.0986977,0.36288,3.6288,61.0158,0.66528,0,0,0.735972,0.242334,0,0.66528,12.849,1,0.6559,0.36288,0,32.0704,4.98309,26.7943,0.84672,12.849,0.84672,3695.15,0,0,0,0.467951,2.31113,3.32175,1.21774,4.88309,0.42336,0,0.42336,460.49,0,1.02816,0,0,1.49611,0.467951,1.028160,1,0,31.6774,0,0,0,31.6774,0
54.0251,2.90773,0,0,1.68049,0.0972063,0.36288,3.6288,60.8369,0.66528,0,0,0.728533,0.242071,0,0.66528,12.849,1,0.670613,0.36288,0,31.8224,4.98309,26.5316,0.84672,12.849,0.84672,3695.15,0,0,0,0.470102,2.35113,3.19703,1.21774,4.80053,0.42336,0,0.42336,460.49,0,1.02816,0,0,1.49826,0.470102,1.028160,1,0,31.3321,0,0,0,31.3321,0
52.1963,2.89079,0,0,1.52046,0.0955707,0.36288,3.6288,60.606,0.66528,0,0,0.676097,0.241797,0,0.66528,12.849,1,0.687529,0.36288,0,28.5768,4.98309,23.2691,0.84672,12.849,0.84672,3695.15,0,0,0,0.284247,2.35111,3.06622,1.21774,4.48384,0.42336,0,0.42336,460.49,0,1.02816,0,0,1.31241,0.284247,1.028160,1,0,27.7529,0,0,0,27.7529,0
50.4292,2.87144,0,0,1.53941,0.072163,0.36288,3.6288,60.3788,0.66528,0,0,0.742133,0.304032,0,0.66528,12.849,1,0.706854,0.36288,0,25.8602,5.85048,19.6658,0.84672,12.849,0.84672,3695.15,0,0,0,0.293216,2.3511,3.05061,1.49117,4.20375,0.42336,0,0.42336,460.49,0,1.02816,0,0,1.32138,0.293216,1.028160,1,0,23.8695,0,0,0,23.8695,0
48.7878,2.91823,0,0,1.71231,0.0726202,0.36288,3.6288,60.2316,0.66528,0,0,0.825284,0.307177,0,0.66528,12.849,1,0.743545,0.36288,0,34.6631,6.04285,28.2396,0.84672,12.849,0.84672,3695.15,0,0,0,0.394822,2.35108,3.51547,1.45344,4.80793,0.42336,0,0.42336,460.49,0,1.02816,0,0,1.42298,0.394822,1.028160,1,0,33.0475,0,0,0,33.0475,0
47.0521,2.89841,0,0,1.59697,0.0713601,0.36288,3.6288,59.9904,0.66528,0,0,0.730953,0.30689,0,0.66528,12.849,1,0.763341,0.36288,0,27.4216,6.04285,20.9783,0.84672,12.849,0.84672,3695.15,0,0,0,0.376505,2.40778,3.20881,1.45344,4.53965,0.42336,0,0.42336,460.49,0,1.02816,0,0,1.40467,0.376505,1.028160,1,0,25.518,0,0,0,25.518,0
45.1955,2.87627,0,0,1.45259,0.07002,0.36288,3.6288,59.6346,0.736007,0,0,0.686604,0.306419,0,0.66528,12.849,1,0.785454,0.36288,0,25.2151,6.04285,18.7496,0.84672,12.849,0.84672,3695.15,0,0,0,0.227405,2.40776,2.93674,1.45344,4.11846,0.42336,0,0.42336,460.49,0,0.957433,0,0,1.18484,0.227405,1.028160,1,0,22.8681,0,0,0,22.8681,0
43.5642,2.85113,0,0,1.64346,0.0607821,0.36288,3.6288,59.5044,0.66528,0,0,0.834736,0.299598,0,0.66528,12.849,1,0.810571,0.36288,0,25.9308,6.18435,19.2988,0.84672,12.849,0.84672,3695.15,0,0,0,0.57443,2.40774,4.30544,1.49032,5.79729,0.42336,0,0.42336,460.49,0,1.02816,0,0,1.60259,0.57443,1.028160,1,0,25.0961,0,0,0,25.0961,0
41.5787,3.01652,0,0,1.46491,0.0709975,0.36288,3.6288,59.2473,0.688461,0,0,0.752881,0.321548,0,0.66528,12.849,1,0.889704,0.36288,0,22.7836,6.51469,15.7421,0.84672,12.849,0.84672,3695.15,0,0,0,0.227405,2.40772,3.6601,1.57396,4.72127,0.42336,0,0.42336,460.49,0,1.00498,0,0,1.23238,0.227405,1.028160,1,0,20.4633,0,0,0,20.4633,0
39.3103,2.98404,0,0,1.15075,0.0722125,0.36288,3.6288,58.6103,0.932411,0,0,0.624178,0.32875,0,0.66528,12.849,1,0.922153,0.36288,0,27.2937,6.55442,20.18,0.84672,12.849,0.84672,3695.15,0,0,0,0.227405,2.60175,3.16886,1.58125,4.41676,0.42336,0,0.42336,460.49,0,0.761029,0,0,0.988433,0.227405,1.028160,1,0,24.5967,0,0,0,24.5967,0
37.2063,2.94392,0,0,1.27303,0.0703088,0.36288,3.6288,58.4751,0.66528,0,0,0.857428,0.327408,0,0.66528,12.849,1,0.962251,0.36288,0,23.4007,6.55442,16.2469,0.84672,12.849,0.84672,3695.15,0,0,0,0.265792,2.60173,3.78683,1.58125,5.07311,0.42336,0,0.42336,460.49,0,1.02816,0,0,1.29395,0.265792,1.028160,1,0,21.32,0,0,0,21.32,0
35.0519,2.90345,0,0,1.18235,0.0704024,0.36288,3.6288,58.1442,0.706415,0,0,0.68917,0.313581,0,0.66528,12.849,1,1.00269,0.36288,0,22.4505,6.18473,15.626,0.84672,12.849,0.84672,3695.15,0,0,0,0.204422,2.60171,4.30239,1.43734,5.67119,0.42336,0,0.42336,460.49,0,0.987025,0,0,1.19145,0.204422,1.028160,1,0,21.2972,0,0,0,21.2972,0
32.7005,2.85833,0,0,0.944205,0.0743852,0.36288,3.6288,57.5448,0.98375,0,0,0.68243,0.298139,0,0.66528,12.849,1,1.04778,0.36288,0,15.1357,5.62159,8.82923,0.84672,12.849,0.84672,3695.15,0,0,0,0.204422,2.60169,3.83494,1.28177,5.35929,0.42336,0,0.42336,460.49,0,0.70969,0,0,0.914112,0.204422,1.028160,1,0,14.1885,0,0,0,14.1885,0
30.6188,2.71866,0,0,1.08482,0.0849821,0.36288,3.6288,57.1203,0.933198,0,0,0.808151,0.299398,0,0.66528,12.849,1,1.06824,0.36288,0,15.3787,5.79579,8.87753,0.84672,12.849,0.84672,3695.15,0,0,0,0.204422,2.60168,2.90753,1.40174,4.31189,0.42336,0,0.42336,460.49,0,0.760242,0,0,0.964665,0.204422,1.028160,1,0,13.1894,0,0,0,13.1894,0
29.0538,2.66748,0,0,1.54811,0.0827565,0.36288,3.6288,57.4866,0.66528,0,0,1.3301,0.298575,0,0.66528,12.849,1,1.11939,0.36288,0,28.4458,5.79579,21.8935,0.84672,12.849,0.84672,3695.15,0,0,0,0.600584,2.48937,5.45072,1.40174,7.13893,0.42336,0,0.42336,460.49,0,1.02816,0,0,1.62874,0.600584,1.028160,1,0,29.0324,0,0,0,29.0324,0
27.2719,2.62566,0,0,1.29917,0.0925263,0.36288,3.6288,57.532,0.676434,0,0,1.01565,0.293751,0,0.66528,12.849,1,1.16119,0.36288,0,38.0797,5.78279,31.4986,0.84672,12.849,0.84672,3695.15,0,0,0,0.216518,2.48935,3.59339,1.40757,4.89169,0.42336,0,0.42336,460.49,0,1.01701,0,0,1.23352,0.216518,1.028160,1,0,36.3903,0,0,0,36.3903,0
25.4801,2.57407,0,0,1.30515,0.159963,0.36288,3.6288,57.0858,0.926683,0,0,0.733552,0.253071,0,0.66528,12.849,1,1.21276,0.36288,0,23.1029,5.43407,16.819,0.84672,12.849,0.84672,3695.15,0,0,0,0.216518,2.48933,2.78059,1.38773,4.09871,0.42336,0,0.42336,460.49,0,0.766757,0,0,0.983275,0.216518,1.028160,1,0,20.9177,0,0,0,20.9177,0
23.8668,2.45233,0,0,1.3719,0.170001,0.36288,3.6288,56.6339,0.698933,0,0,0.454189,0.207161,0,0.66528,12.849,1,1.23665,0.36288,0,16.9014,3.80993,12.2177,0.84672,12.849,0.84672,3695.15,0,0,0,0.216518,2.48931,3.30539,1.0585,4.95272,0.42336,0,0.42336,460.49,0,0.994507,0,0,1.21103,0.216518,1.028160,1,0,17.1704,0,0,0,17.1704,0
23.5032,2.39797,0,0,2.56338,0.16609,0.36288,3.6288,57.0013,0.66528,0,0,1.23919,0.206553,0,0.66528,12.849,1,1.29098,0.36288,0,33.6727,3.80993,28.9346,0.84672,12.849,0.84672,3695.15,0,0,0,2.68141,2.38908,7.29205,1.0585,11.304,0.42336,0,0.42336,460.49,0,1.02816,0,0,3.70957,2.68141,1.028160,1,0,40.2387,0,0,0,40.2387,0
25.2887,2.38504,0,0,4.70527,0.171941,0.36288,3.6288,58.3804,0.66528,0,0,2.24385,0.199429,0,0.66528,12.849,1,1.30388,0.36288,0,64.7412,3.7011,60.0991,0.84672,12.849,0.84672,3695.15,0,0,0,2.6254,2.38906,9.54354,1.02767,13.5303,0.42336,0,0.42336,460.49,0,1.02816,0,0,3.65356,2.6254,1.028160,1,0,73.6294,0,0,0,73.6294,0
25.1229,2.44606,0,0,2.83586,0.19263,0.36288,3.6288,58.8241,0.66528,0,0,1.29232,0.183398,0,0.66528,12.849,1,1.24283,0.36288,0,37.6845,3.32253,33.482,0.84672,12.849,0.84672,3695.15,0,0,0,1.0564,2.38905,5.9854,0.79989,8.63096,0.42336,0,0.42336,460.49,0,1.02816,0,0,2.08456,1.0564,1.028160,1,0,42.113,0,0,0,42.113,0
30.5574,2.25682,0,0,8.23993,0.18573,0.36288,3.6288,61.308,0.66528,0,0,6.31751,0.20215,2.96615,0.66528,12.849,1,1.15424,0.36288,0,158.138,4.37388,152.973,0.84672,12.849,0.84672,3695.15,0,0,0,3.0171,2.38903,21.3585,1.04251,25.7221,0.42336,0,0.42336,460.49,0,1.02816,0,0,4.04526,3.0171,1.028160,1,0,181.661,0,0,0,181.661,0
39.046,2.40131,0,0,11.4534,0.200566,0.36288,3.6288,61.308,0.66528,0,0,7.01879,0.211122,6.14239,0.66528,12.849,1,1.00972,0.36288,0,241.226,4.51185,236.068,0.84672,12.849,0.84672,3695.15,0,0,0,3.02911,2.16642,16.9352,1.06988,21.0608,0.42336,0,0.42336,460.49,0,1.02816,0,0,4.05727,3.02911,1.028160,1,0,263.271,0,0,0,263.271,0
45.9174,2.56645,0,0,10.0207,0.219985,0.36288,3.6288,61.308,0.66528,0,0,10.953,0.220778,10.067,0.66528,12.849,1,0.844551,0.36288,0,109.495,4.84317,104.17,0.84672,12.849,0.84672,3695.15,0,0,0,3.80487,2.1664,22.1589,1.14658,26.9836,0.42336,0,0.42336,460.49,0,1.02816,0,0,4.83303,3.80487,1.028160,1,0,141.22,0,0,0,141.22,0
54.2067,2.66519,0,0,11.5718,0.254421,0.36288,3.6288,61.308,0.66528,0,0,11.7944,0.239997,10.8891,0.66528,12.849,1,0.745795,0.36288,0,119.237,4.1092,114.745,0.84672,12.849,0.84672,3695.15,0,0,0,4.06355,2.16639,23.4503,1.16621,28.514,0.42336,0,0.42336,460.49,0,1.02816,0,0,5.09171,4.06355,1.028160,1,0,154.148,0,0,0,154.148,0
55.604,2.75736,0,0,4.79704,0.279509,0.36288,3.6288,61.308,0.66528,0,0,4.07489,0.254578,3.15503,0.66528,12.849,1,0.653596,0.36288,0,121.404,4.72763,116.386,0.84672,12.849,0.84672,3695.15,0,0,0,1.79173,2.16637,10.7974,1.36068,13.3948,0.42336,0,0.42336,460.49,0,1.02816,0,0,2.81989,1.79173,1.028160,1,0,132.936,0,0,0,132.936,0
55.4817,2.85747,0,0,3.35807,0.260028,0.36288,3.6288,61.308,0.66528,0,0,1.52207,0.245577,0.611208,0.66528,12.849,1,0.660305,0.36288,0,67.8026,4.94267,62.5625,0.84672,12.849,0.84672,3695.15,0,0,0,1.369,2.16636,6.28568,1.42983,8.39121,0.42336,0,0.42336,460.49,0,1.02816,0,0,2.39716,1.369,1.028160,1,0,71.5649,0,0,0,71.5649,0
54.9974,2.85624,0,0,2.99455,0.25971,0.36288,3.6288,61.308,0.66528,0,0,1.22068,0.245577,0.309819,0.66528,12.849,1,0.661476,0.36288,0,58.6653,4.94267,53.424,0.84672,12.849,0.84672,3695.15,0,0,0,0.914095,2.23574,4.7176,1.42983,6.4376,0.42336,0,0.42336,460.49,0,1.02816,0,0,1.94225,0.914095,1.028160,1,0,60.1714,0,0,0,60.1714,0
56.9874,2.85147,0,0,5.4628,0.258453,0.36288,3.6288,61.308,0.66528,0,0,1.40079,0.245577,0.489929,0.66528,12.849,1,0.666188,0.36288,0,55.3687,4.94267,50.1228,0.84672,12.849,0.84672,3695.15,0,0,0,1.1739,2.2357,5.27647,1.42983,7.25624,0.42336,0,0.42336,460.49,0,1.02816,0,0,2.20206,1.1739,1.028160,1,0,57.8689,0,0,0,57.8689,0
56.1454,2.87041,0,0,2.67111,0.279881,0.36288,3.6288,61.308,0.66528,0,0,1.33997,0.237306,0.437383,0.66528,12.849,1,0.647194,0.36288,0,44.8852,4.48693,40.114,0.84672,12.849,0.84672,3695.15,0,0,0,1.14505,2.23567,4.03258,1.28941,6.12388,0.42336,0,0.42336,460.49,0,1.02816,0,0,2.17321,1.14505,1.028160,1,0,46.6752,0,0,0,46.6752,0
56.9425,3.14167,0,0,4.60079,0.299092,0.36288,3.6288,61.308,0.66528,0,0,1.56709,0.195595,0.706213,0.66528,12.849,1,0.718978,0.36288,0,76.7538,4.10424,72.2934,0.84672,12.849,0.84672,3695.15,0,0,0,2.16213,2.23563,4.11682,1.06958,7.445,0.42336,0,0.42336,460.49,0,1.02816,0,0,3.19029,2.16213,1.028160,1,0,80.4447,0,0,0,80.4447,0
57.2576,3.14983,0,0,4.12926,0.301459,0.36288,3.6288,61.308,0.66528,0,0,1.00977,0.195595,0.148899,0.66528,12.849,1,0.710755,0.36288,0,74.3696,4.10424,69.9175,0.84672,12.849,0.84672,3695.15,0,0,0,1.5846,2.48524,3.66085,1.06958,6.66111,0.42336,0,0.42336,460.49,0,1.02816,0,0,2.61276,1.5846,1.028160,1,0,76.7275,0,0,0,76.7275,0
55.8031,3.15298,0,0,2.34778,0.28643,0.36288,3.6288,61.1287,0.66528,0,0,0.687778,0.201775,0,0.66528,12.849,1,0.70755,0.36288,0,41.4869,4.06675,37.0754,0.84672,12.849,0.84672,3695.15,0,0,0,0.582742,2.48521,2.28421,1.04448,4.30768,0.42336,0,0.42336,460.49,0,1.02816,0,0,1.6109,0.582742,1.028160,1,0,41.3831,0,0,0,41.3831,0
55.2778,3.13794,0,0,3.23684,0.261355,0.36288,3.6288,61.1994,0.66528,0,0,0.945774,0.209776,0,0.66528,12.849,1,0.722529,0.36288,0,56.3269,4.01678,51.9505,0.84672,12.849,0.84672,3695.15,0,0,0,1.09408,2.48517,3.69585,1.011,6.26409,0.42336,0,0.42336,460.49,0,1.02816,0,0,2.12224,1.09408,1.028160,1,0,58.2146,0,0,0,58.2146,0
59.1063,2.73528,0,0,7.22493,0.298249,0.36288,3.6288,61.308,0.66528,0,0,2.06122,0.178751,1.10863,0.66528,12.849,1,0.635799,0.36288,0,108.378,3.51708,104.588,0.84672,12.849,0.84672,3695.15,0,0,0,4.02148,2.48513,6.8137,0.82907,12.4912,0.42336,0,0.42336,460.49,0,1.02816,0,0,5.04964,4.02148,1.028160,1,0,118.187,0,0,0,118.187,0
61.4971,2.76906,0,0,5.83248,0.309686,0.36288,3.6288,61.308,0.66528,0,0,1.45552,0.178874,0.611366,0.66528,12.849,1,0.601961,0.36288,0,117.138,3.51708,113.382,0.84672,12.849,0.84672,3695.15,0,0,0,2.29906,2.14466,4.72642,0.82907,8.34107,0.42336,0,0.42336,460.49,0,1.02816,0,0,3.32722,2.29906,1.028160,1,0,122.334,0,0,0,122.334,0
62.1354,2.78838,0,0,4.10591,0.316385,0.36288,3.6288,61.308,0.66528,0,0,1.03247,0.178874,0.188318,0.66528,12.849,1,0.582594,0.36288,0,104.135,3.51708,100.399,0.84672,12.849,0.84672,3695.15,0,0,0,1.8446,2.14463,4.54227,0.82907,7.70243,0.42336,0,0.42336,460.49,0,1.02816,0,0,2.87276,1.8446,1.028160,1,0,108.289,0,0,0,108.289,0
63.7236,2.79329,0,0,4.98925,0.244867,0.36288,3.6288,61.308,0.66528,0,0,1.09912,0.13676,0.297081,0.66528,12.849,1,0.577626,0.36288,0,98.5452,2.90672,95.4238,0.84672,12.849,0.84672,3695.15,0,0,0,2.04753,2.14459,4.55367,0.741392,8.0044,0.42336,0,0.42336,460.49,0,1.02816,0,0,3.07569,2.04753,1.028160,1,0,103.725,0,0,0,103.725,0
65.8475,2.80523,0,0,5.56614,0.274154,0.36288,3.6288,61.308,0.66528,0,0,1.16397,0.12797,0.370722,0.66528,12.849,1,0.565636,0.36288,0,114.646,2.92706,111.516,0.84672,12.849,0.84672,3695.15,0,0,0,2.04593,2.14456,5.78423,0.698836,9.27588,0.42336,0,0.42336,460.49,0,1.02816,0,0,3.07409,2.04593,1.028160,1,0,121.163,0,0,0,121.163,0
67.6683,2.9235,0,0,5.40603,0.298784,0.36288,3.6288,61.308,0.66528,0,0,1.19008,0.121377,0.403425,0.66528,12.849,1,0.570471,0.36288,0,101.287,2.94231,98.1368,0.84672,12.849,0.84672,3695.15,0,0,0,2.23516,2.14453,4.46958,0.666919,8.18234,0.42336,0,0.42336,460.49,0,1.02816,0,0,3.26332,2.23516,1.028160,1,0,106.723,0,0,0,106.723,0
69.0682,2.93636,0,0,5.00222,0.303124,0.36288,3.6288,61.308,0.66528,0,0,1.30168,0.121377,0.515019,0.66528,12.849,1,0.557562,0.36288,0,81.6091,2.94231,78.4721,0.84672,12.849,0.84672,3695.15,0,0,0,2.14275,2.22842,5.43292,0.666919,9.13717,0.42336,0,0.42336,460.49,0,1.02816,0,0,3.17091,2.14275,1.028160,1,0,88.1243,0,0,0,88.1243,0
70.1258,2.94584,0,0,4.66699,0.300658,0.36288,3.6288,61.308,0.66528,0,0,1.64894,0.116828,0.866827,0.66528,12.849,1,0.548025,0.36288,0,76.8995,2.72538,73.9889,0.84672,12.849,0.84672,3695.15,0,0,0,2.90498,2.22838,5.10005,0.623221,9.6102,0.42336,0,0.42336,460.49,0,1.02816,0,0,3.93314,2.90498,1.028160,1,0,84.466,0,0,0,84.466,0
70.1909,2.95278,0,0,3.65678,0.276066,0.36288,3.6288,61.308,0.66528,0,0,0.987587,0.140965,0.181342,0.66528,12.849,1,0.541031,0.36288,0,61.123,3.15373,57.7911,0.84672,12.849,0.84672,3695.15,0,0,0,1.30723,2.22835,3.41903,0.713015,6.24159,0.42336,0,0.42336,460.49,0,1.02816,0,0,2.33539,1.30723,1.028160,1,0,64.214,0,0,0,64.214,0
69.8565,2.91246,0,0,3.19986,0.258861,0.36288,3.6288,61.2257,0.66528,0,0,0.754237,0.171242,0,0.66528,12.849,1,0.533148,0.36288,0,46.3161,3.68518,42.4606,0.84672,12.849,0.84672,3695.15,0,0,0,0.530557,2.22831,2.98265,0.839531,4.90199,0.42336,0,0.42336,460.49,0,1.02816,0,0,1.55872,0.530557,1.028160,1,0,47.3626,0,0,0,47.3626,0
68.7942,2.91026,0,0,2.46896,0.258193,0.36288,3.6288,60.75,0.914293,0,0,0.609708,0.171153,0,0.66528,12.849,1,0.535295,0.36288,0,35.2212,3.68518,31.3636,0.84672,12.849,0.84672,3695.15,0,0,0,0.528595,2.19562,2.52066,0.839531,4.40535,0.42336,0,0.42336,460.49,0,0.779147,0,0,1.30774,0.528595,1.028160,1,0,35.769,0,0,0,35.769,0
67.5006,2.90324,0,0,2.22859,0.256073,0.36288,3.6288,60.3311,0.859913,0,0,0.611627,0.170638,0,0.66528,12.849,1,0.542252,0.36288,0,32.3221,3.68518,28.4575,0.84672,12.849,0.84672,3695.15,0,0,0,0.528595,2.19559,3.20859,0.839531,5.09325,0.42336,0,0.42336,460.49,0,0.833527,0,0,1.36212,0.528595,1.028160,1,0,33.5508,0,0,0,33.5508,0
67.4341,2.89447,0,0,3.44443,0.253491,0.36288,3.6288,60.2426,0.66528,0,0,0.747053,0.170184,0,0.66528,12.849,1,0.550974,0.36288,0,40.6407,3.68518,36.7674,0.84672,12.849,0.84672,3695.15,0,0,0,0.547785,2.19556,2.89437,0.839531,4.79818,0.42336,0,0.42336,460.49,0,1.02816,0,0,1.57594,0.547785,1.028160,1,0,41.5656,0,0,0,41.5656,0
66.2671,3.03125,0,0,2.42902,0.201974,0.36288,3.6288,59.7309,0.902137,0,0,0.590649,0.200231,0,0.66528,12.849,1,0.577579,0.36288,0,35.8966,4.02422,31.6577,0.84672,12.849,0.84672,3695.15,0,0,0,0.402797,2.19552,2.24881,0.978339,3.86879,0.42336,0,0.42336,460.49,0,0.791303,0,0,1.1941,0.402797,1.028160,1,0,35.5265,0,0,0,35.5265,0
64.9185,3.02268,0,0,2.2117,0.174685,0.36288,3.6288,59.1477,0.955143,0,0,0.580646,0.20871,0,0.66528,12.849,1,0.58609,0.36288,0,31.828,4.20714,27.3977,0.84672,12.849,0.84672,3695.15,0,0,0,0.402797,2.30991,2.16314,0.978072,3.89777,0.42336,0,0.42336,460.49,0,0.738297,0,0,1.14109,0.402797,1.028160,1,0,31.2955,0,0,0,31.2955,0
63.5132,3.01247,0,0,2.14282,0.172812,0.36288,3.6288,58.5516,0.99665,0,0,0.608443,0.207933,0,0.66528,12.849,1,0.596244,0.36288,0,30.2004,4.20714,25.7599,0.84672,12.849,0.84672,3695.15,0,0,0,0.402797,2.30987,2.24545,0.978072,3.98005,0.42336,0,0.42336,460.49,0,0.69679,0,0,1.09959,0.402797,1.028160,1,0,29.74,0,0,0,29.74,0
61.9847,3.00145,0,0,2.00674,0.17086,0.36288,3.6288,57.9109,0.994801,0,0,0.561297,0.207138,0,0.66528,12.849,1,0.607207,0.36288,0,28.3065,4.20714,23.8551,0.84672,12.849,0.84672,3695.15,0,0,0,0.30119,2.30984,2.03452,0.978072,3.66748,0.42336,0,0.42336,460.49,0,0.698639,0,0,0.999829,0.30119,1.028160,1,0,27.5226,0,0,0,27.5226,0
60.204,2.989,0,0,1.69803,0.126834,0.36288,3.6288,57.2123,0.965252,0,0,0.523011,0.25636,0,0.66528,12.849,1,0.6196,0.36288,0,26.3768,4.86095,21.2591,0.84672,12.849,0.84672,3695.15,0,0,0,0.30119,2.3098,1.89733,1.16123,3.34709,0.42336,0,0.42336,460.49,0,0.728188,0,0,1.02938,0.30119,1.028160,1,0,24.6062,0,0,0,24.6062,0
58.2759,2.94722,0,0,1.49178,0.109788,0.36288,3.6288,56.4047,1.02686,0,0,0.497423,0.278239,0,0.66528,12.849,1,0.629008,0.36288,0,25.8392,5.01049,20.5626,0.84672,12.849,0.84672,3695.15,0,0,0,0.30119,2.30976,1.84912,1.25021,3.20987,0.42336,0,0.42336,460.49,0,0.666576,0,0,0.967766,0.30119,1.028160,1,0,23.7725,0,0,0,23.7725,0
56.2542,2.93012,0,0,1.37904,0.107768,0.36288,3.6288,55.5655,1.04323,0,0,0.480895,0.276781,0,0.66528,12.849,1,0.64605,0.36288,0,25.683,5.01049,20.3893,0.84672,12.849,0.84672,3695.15,0,0,0,0.30119,2.34972,1.87501,1.25021,3.27571,0.42336,0,0.42336,460.49,0,0.650212,0,0,0.951402,0.30119,1.028160,1,0,23.6651,0,0,0,23.6651,0
54.1264,2.91118,0,0,1.25194,0.105649,0.36288,3.6288,54.6479,1.09665,0,0,0.454299,0.275266,0,0.66528,12.849,1,0.664941,0.36288,0,24.9197,5.01049,19.6072,0.84672,12.849,0.84672,3695.15,0,0,0,0.261274,2.34968,1.76249,1.25021,3.12324,0.42336,0,0.42336,460.49,0,0.596791,0,0,0.858064,0.261274,1.028160,1,0,22.7304,0,0,0,22.7304,0
51.8988,2.89001,0,0,1.12365,0.0984063,0.36288,3.6288,53.6571,1.13631,0,0,0.424054,0.278593,0,0.66528,12.849,1,0.686055,0.36288,0,21.6099,5.06076,16.226,0.84672,12.849,0.84672,3695.15,0,0,0,0.261274,2.34965,1.73464,1.27504,3.07052,0.42336,0,0.42336,460.49,0,0.557133,0,0,0.818407,0.261274,1.028160,1,0,19.2965,0,0,0,19.2965,0
49.4326,2.93325,0,0,0.918734,0.0887364,0.36288,3.6288,52.6193,1.1897,0,0,0.399677,0.247715,0,0.66528,12.849,1,0.726209,0.36288,0,17.8398,4.60882,12.8676,0.84672,12.849,0.84672,3695.15,0,0,0,0.261274,2.34961,1.79286,1.12762,3.27612,0.42336,0,0.42336,460.49,0,0.503738,0,0,0.765012,0.261274,1.028160,1,0,16.1438,0,0,0,16.1438,0
46.9703,2.90445,0,0,0.875189,0.0702319,0.36288,3.6288,51.4572,1.23949,0,0,0.384014,0.306623,0,0.66528,12.849,1,0.754953,0.36288,0,16.7337,5.76733,10.5743,0.84672,12.849,0.84672,3695.15,0,0,0,0.261274,2.40625,1.46965,1.47148,2.66569,0.42336,0,0.42336,460.49,0,0.453954,0,0,0.715228,0.261274,1.028160,1,0,13.24,0,0,0,13.24,0
44.588,2.87333,0,0,0.922303,0.0683739,0.36288,3.6288,50.3886,1.13164,0,0,0.366748,0.303764,0,0.66528,12.849,1,0.786017,0.36288,0,16.2798,5.76733,10.0894,0.84672,12.849,0.84672,3695.15,0,0,0,0.261274,2.40621,1.44611,1.47148,2.64212,0.42336,0,0.42336,460.49,0,0.561799,0,0,0.823072,0.261274,1.028160,1,0,12.7315,0,0,0,12.7315,0
42.2378,2.84069,0,0,0.919953,0.0665762,0.36288,3.6288,49.2763,1.22134,0,0,0.410187,0.301134,0,0.66528,12.849,1,0.818606,0.36288,0,20.1583,5.76733,13.9353,0.84672,12.849,0.84672,3695.15,0,0,0,0.227405,2.40618,1.64214,1.47148,2.80424,0.42336,0,0.42336,460.49,0,0.472098,0,0,0.699503,0.227405,1.028160,1,0,16.7395,0,0,0,16.7395,0
39.446,2.9931,0,0,0.630838,0.0667051,0.36288,3.6288,47.9269,1.367,0,0,0.313038,0.295433,0,0.66528,12.849,1,0.910519,0.36288,0,13.079,5.55058,6.98075,0.84672,12.849,0.84672,3695.15,0,0,0,0.227405,2.40614,1.28981,1.42698,2.49637,0.42336,0,0.42336,460.49,0,0.326438,0,0,0.553843,0.227405,1.028160,1,0,9.47712,0,0,0,9.47712,0
36.5829,2.94444,0,0,0.509561,0.0652851,0.36288,3.6288,46.4545,1.46591,0,0,0.284525,0.290973,0,0.66528,12.849,1,0.959114,0.36288,0,11.5461,5.46389,5.48595,0.84672,12.849,0.84672,3695.15,0,0,0,0.227405,2.60002,1.18771,1.40918,2.60595,0.42336,0,0.42336,460.49,0,0.227533,0,0,0.454937,0.227405,1.028160,1,0,8.09189,0,0,0,8.09189,0
33.8489,2.88885,0,0,0.580891,0.0631337,0.36288,3.6288,45.0313,1.42791,0,0,0.291994,0.287336,0,0.66528,12.849,1,1.01465,0.36288,0,11.6967,5.46389,5.58109,0.84672,12.849,0.84672,3695.15,0,0,0,0.227405,2.59998,1.67698,1.40918,3.09518,0.42336,0,0.42336,460.49,0,0.265535,0,0,0.49294,0.227405,1.028160,1,0,8.67627,0,0,0,8.67627,0
31.1706,2.8294,0,0,0.575009,0.0610793,0.36288,3.6288,43.6253,1.4196,0,0,0.297119,0.283562,0,0.66528,12.849,1,1.07404,0.36288,0,10.8213,5.46389,4.6463,0.84672,12.849,0.84672,3695.15,0,0,0,0.204422,2.59993,1.33155,1.40918,2.72673,0.42336,0,0.42336,460.49,0,0.273836,0,0,0.478259,0.204422,1.028160,1,0,7.37303,0,0,0,7.37303,0
28.5511,2.76401,0,0,0.560914,0.0535342,0.36288,3.6288,42.4107,1.29029,0,0,0.352704,0.276956,0,0.66528,12.849,1,1.13937,0.36288,0,11.3679,5.55376,5.03766,0.84672,12.849,0.84672,3695.15,0,0,0,0.204422,2.59989,1.46493,1.31808,2.95116,0.42336,0,0.42336,460.49,0,0.403154,0,0,0.607576,0.204422,1.028160,1,0,7.98882,0,0,0,7.98882,0
26.158,2.60974,0,0,0.616625,0.0371226,0.36288,3.6288,41.3513,1.20846,0,0,0.418842,0.269812,0,0.66528,12.849,1,1.17448,0.36288,0,11.5252,5.6218,5.09184,0.84672,12.849,0.84672,3695.15,0,0,0,0.204422,2.59985,1.7389,1.20676,3.33641,0.42336,0,0.42336,460.49,0,0.48498,0,0,0.689403,0.204422,1.028160,1,0,8.42825,0,0,0,8.42825,0
23.8528,2.53765,0,0,0.643334,0.0479748,0.36288,3.6288,40.2708,1.22958,0,0,0.403216,0.254117,0,0.66528,12.849,1,1.24651,0.36288,0,11.0779,5.41418,4.78014,0.84672,12.849,0.84672,3695.15,0,0,0,0.204422,2.4876,1.74989,1.14186,3.30004,0.42336,0,0.42336,460.49,0,0.463864,0,0,0.668287,0.204422,1.028160,1,0,8.08018,0,0,0,8.08018,0
22.7804,2.45932,0,0,1.86628,0.116451,0.36288,3.6288,40.1663,0.880096,0,0,0.950155,0.174544,0,0.66528,12.849,1,1.32478,0.36288,0,33.3892,4.1684,28.2589,0.84672,12.849,0.84672,3695.15,0,0,0,0.216518,2.48756,4.5961,0.752478,6.5477,0.42336,0,0.42336,460.49,0,0.813344,0,0,1.02986,0.216518,1.028160,1,0,34.8066,0,0,0,34.8066,0
21.2541,2.41941,0,0,1.37065,0.114711,0.36288,3.6288,39.7859,0.880883,0,0,0.674812,0.174365,0,0.66528,12.849,1,1.36464,0.36288,0,28.982,4.1684,23.8119,0.84672,12.849,0.84672,3695.15,0,0,0,0.216518,2.48752,2.59108,0.752478,4.54264,0.42336,0,0.42336,460.49,0,0.812557,0,0,1.02908,0.216518,1.028160,1,0,28.3545,0,0,0,28.3545,0
19.3414,2.29737,0,0,0.889825,0.142223,0.36288,3.6288,39.0768,0.918216,0,0,0.425638,0.216554,0,0.66528,12.849,1,1.38886,0.36288,0,16.8302,4.79105,11.0132,0.84672,12.849,0.84672,3695.15,0,0,0,0.216518,2.48748,2.09179,1.09876,3.69703,0.42336,0,0.42336,460.49,0,0.775224,0,0,0.991742,0.216518,1.028160,1,0,14.7102,0,0,0,14.7102,0
18.0129,2.21482,0,0,1.38773,0.13851,0.36288,3.6288,38.8275,0.66528,0,0,0.631096,0.215107,0,0.66528,12.849,1,1.47136,0.36288,0,28.6838,4.79105,22.7842,0.84672,12.849,0.84672,3695.15,0,0,0,0.376549,2.38731,4.41578,1.09876,6.08088,0.42336,0,0.42336,460.49,0,1.02816,0,0,1.40471,0.376549,1.028160,1,0,28.8651,0,0,0,28.8651,0
17.8274,2.15145,0,0,2.49156,0.162767,0.36288,3.6288,39.0043,0.66528,0,0,1.04457,0.202477,0,0.66528,12.849,1,1.53467,0.36288,0,39.015,4.3621,33.4811,0.84672,12.849,0.84672,3695.15,0,0,0,0.62437,2.38727,6.32013,1.03646,8.29531,0.42336,0,0.42336,460.49,0,1.02816,0,0,1.65253,0.62437,1.028160,1,0,41.7764,0,0,0,41.7764,0
