0st_vol,0capacity,0net_inf,0st_rof,0lt_rof,0rest_demand,0unrest_demand,0unfulf_demand,0wastewater,0treat_capacity,0agg_price,0res_price,0gross_rev,0drought_cost,0cont_contrib,0debt_serv,0infra_npv,1st_vol,1capacity,1net_inf,1st_rof,1lt_rof,1rest_demand,1unrest_demand,1unfulf_demand,1wastewater,1treat_capacity,1agg_price,1res_price,1gross_rev,1drought_cost,1cont_contrib,1debt_serv,1infra_npv
85.139,85.139,6.78257,0.05,0,1.86497,2.46977,0,0,4.47552,4.27036e+06,2.70226e+06,7.96411e+06,0,0,0,0,62.3362,61.308,3.71777,0,1,2.03742,1.43262,0,0,2.1168,8.87469e+06,3.61194e+06,1.80814e+07,0,0,0,0
85.139,85.139,8.64743,0.05,0,2.18909,2.47075,0,0.349496,4.47552,4.27036e+06,2.70226e+06,9.34822e+06,0,0,0,0,62.3362,61.308,4.24866,0,1,1.71485,1.43319,0,1.57411,2.1168,8.87469e+06,3.61194e+06,1.52188e+07,0,0,0,0
85.139,85.139,10.0298,0.05,0,2.19064,2.47174,0,0.410236,4.47552,4.27036e+06,2.70226e+06,9.35484e+06,0,0,0,0,62.3362,61.308,4.80843,0,1,1.71485,1.43376,0,1.32489,2.1168,8.87469e+06,3.61194e+06,1.52188e+07,0,0,0,0
85.139,85.139,7.7544,0.05,0,2.19219,2.47272,0,0.410526,4.47552,4.27036e+06,2.70226e+06,9.36147e+06,0,0,0,0,62.3362,61.308,3.79531,0,1,1.71485,1.43433,0,1.32489,2.1168,8.87469e+06,3.61194e+06,1.52188e+07,0,0,0,0
85.139,85.139,9.78263,0.05,0,2.43503,2.71498,0,0.410817,4.47552,4.27036e+06,2.70226e+06,1.03984e+07,0,0,0,0,62.3362,61.308,5.66191,0,1,1.88356,1.60361,0,1.32489,2.1168,8.87469e+06,3.61194e+06,1.6716e+07,0,0,0,0
85.139,85.139,8.06699,0.05,0,2.60539,2.71606,0,0.456324,4.47552,4.27036e+06,2.70226e+06,1.1126e+07,0,0,0,0,62.3362,61.308,5.99634,0,1,1.71492,1.60425,0,1.45524,2.1168,8.87469e+06,3.61194e+06,1.52194e+07,0,0,0,0
85.139,85.139,9.55804,0.05,0,2.6071,2.71714,0,0.488249,4.47552,4.27036e+06,2.70226e+06,1.11333e+07,0,0,0,0,62.3362,61.308,6.9435,0,1,1.71492,1.60488,0,1.32494,2.1168,8.87469e+06,3.61194e+06,1.52194e+07,0,0,0,0
85.139,85.139,7.85219,0.05,0,2.60882,2.71822,0,0.488571,4.47552,4.27036e+06,2.70226e+06,1.11406e+07,0,0,0,0,62.3362,61.308,5.87986,0,1,1.71492,1.60552,0,1.32495,2.1168,8.87469e+06,3.61194e+06,1.52194e+07,0,0,0,0
85.139,85.139,6.39582,0.05,0,2.26585,2.37461,0,0.488893,4.47552,4.27036e+06,2.70226e+06,9.67599e+06,0,0,0,0,62.3362,61.308,3.57629,0,1,1.48814,1.37938,0,1.32495,2.1168,8.87469e+06,3.61194e+06,1.32068e+07,0,0,0,0
85.139,85.139,4.6584,0.05,0,2.04065,2.37555,0,0.42462,4.47552,4.27036e+06,2.70226e+06,8.71433e+06,0,0,0,0,62.2968,61.308,2.58892,0,1,1.71483,1.37993,0,1.14974,2.1168,8.87469e+06,3.61194e+06,1.52186e+07,0,0,0,0
85.139,85.139,4.83017,0.05,0,2.04214,2.37649,0,0.382418,4.47552,4.27036e+06,2.70226e+06,8.7207e+06,0,0,0,0,62.1621,61.308,2.3179,0,1,1.71483,1.38048,0,1.32488,2.1168,8.87469e+06,3.61194e+06,1.52186e+07,0,0,0,0
85.139,85.139,6.98523,0.05,0,2.04363,2.37744,0,0.382698,4.47552,4.27036e+06,2.70226e+06,8.72706e+06,0,0,0,0,62.3362,61.308,3.38121,0,1,1.71483,1.38103,0,1.32488,2.1168,8.87469e+06,3.61194e+06,1.52186e+07,0,0,0,0
85.139,85.139,6.51505,0.05,0,2.04513,2.37838,0,0.382977,4.47552,4.27036e+06,2.70226e+06,8.73343e+06,0,0,0,0,62.3362,61.308,4.75243,0,1,1.71483,1.38157,0,1.32488,2.1168,8.87469e+06,3.61194e+06,1.52186e+07,0,0,0,0
85.139,85.139,7.49254,0.05,0,2.13355,2.46626,0,0.383257,4.47552,4.27036e+06,2.70226e+06,9.11105e+06,0,0,0,0,62.3362,61.308,9.7369,0,1,1.77042,1.43771,0,1.32488,2.1168,8.87469e+06,3.61194e+06,1.57119e+07,0,0,0,0
85.139,85.139,5.30106,0.05,0,2.19067,2.46724,0,0.399828,4.47552,4.27036e+06,2.70226e+06,9.35495e+06,0,0,0,0,62.3362,61.308,6.3545,0,1,1.71485,1.43828,0,1.36782,2.1168,8.87469e+06,3.61194e+06,1.52188e+07,0,0,0,0
85.139,85.139,4.61735,0.05,0,2.19222,2.46822,0,0.410531,4.47552,4.27036e+06,2.70226e+06,9.36156e+06,0,0,0,0,62.3362,61.308,5.25019,0,1,1.71485,1.43885,0,1.32489,2.1168,8.87469e+06,3.61194e+06,1.52188e+07,0,0,0,0
85.139,85.139,4.20366,0.05,0,2.19377,2.4692,0,0.410821,4.47552,4.27036e+06,2.70226e+06,9.36818e+06,0,0,0,0,62.3362,61.308,5.8746,0,1,1.71485,1.43942,0,1.32489,2.1168,8.87469e+06,3.61194e+06,1.52188e+07,0,0,0,0
85.139,85.139,4.11814,0.05,0,2.16127,2.43613,0,0.411112,4.47552,4.27036e+06,2.70226e+06,9.22941e+06,0,0,0,0,62.3362,61.308,4.84529,0,1,1.69323,1.41837,0,1.32489,2.1168,8.87469e+06,3.61194e+06,1.50269e+07,0,0,0,0
85.139,85.139,3.34279,0.05,0,2.14118,2.4371,0,0.405022,4.47552,4.27036e+06,2.70226e+06,9.14363e+06,0,0,0,0,62.3362,61.308,3.86455,0,1,1.71484,1.41893,0,1.30819,2.1168,8.87469e+06,3.61194e+06,1.52187e+07,0,0,0,0
85.139,85.139,2.94782,0.05,0,2.14271,2.43806,0,0.401258,4.47552,4.27036e+06,2.70226e+06,9.15016e+06,0,0,0,0,62.3362,61.308,3.62653,0,1,1.71484,1.41949,0,1.32489,2.1168,8.87469e+06,3.61194e+06,1.52187e+07,0,0,0,0
85.139,85.139,3.34025,0.04,0,2.14424,2.43903,0,0.401544,4.47552,4.27036e+06,2.70226e+06,9.15669e+06,0,0,0,0,62.3362,61.308,3.50843,0,1,1.71484,1.42006,0,1.32489,2.1168,8.87469e+06,3.61194e+06,1.52187e+07,0,0,0,0
85.139,85.139,3.048,0.04,0,2.26152,2.55574,0,0.401831,4.47552,4.27036e+06,2.70226e+06,9.6575e+06,0,0,0,0,62.3362,61.308,3.35489,0,1,1.79165,1.49742,0,1.32489,2.1168,8.87469e+06,3.61194e+06,1.59003e+07,0,0,0,0
85.139,85.139,2.94117,0.03,0,2.3399,2.55675,0,0.423808,4.47552,4.27036e+06,2.70226e+06,9.99222e+06,0,0,0,0,62.3362,61.308,2.97956,0,1,1.71487,1.49802,0,1.38423,2.1168,8.87469e+06,3.61194e+06,1.5219e+07,0,0,0,0
85.0653,85.139,2.57461,0.02,0,2.3415,2.55777,0,0.438497,4.47552,4.27036e+06,2.70226e+06,9.99908e+06,0,0,0,0,62.2996,61.308,2.93149,0,1,1.71487,1.49861,0,1.32491,2.1168,8.87469e+06,3.61194e+06,1.5219e+07,0,0,0,0
84.9614,85.139,2.5406,0.04,0,2.34311,2.55878,0,0.438798,4.47552,4.27036e+06,2.70226e+06,1.00059e+07,0,0,0,0,62.3291,61.308,2.9592,0,1,1.71487,1.49921,0,1.32491,2.1168,8.87469e+06,3.61194e+06,1.5219e+07,0,0,0,0
84.7423,85.139,2.41437,0.04,0,2.34472,2.55979,0,0.439099,4.47552,4.27036e+06,2.70226e+06,1.00128e+07,0,0,0,0,62.3345,61.308,2.93548,0,1,1.71487,1.4998,0,1.32491,2.1168,8.87469e+06,3.61194e+06,1.5219e+07,0,0,0,0
84.6438,85.139,2.4977,0.03,0,2.32339,2.53787,0,0.4394,4.47552,4.27036e+06,2.70226e+06,9.92173e+06,0,0,0,0,62.3362,61.308,3.54639,0,1,1.75717,1.54269,0,1.32491,2.1168,8.87469e+06,3.61194e+06,1.55943e+07,0,0,0,0
84.3698,85.139,2.35773,0.02,0,2.36729,2.53888,0,0.435403,4.47552,4.27036e+06,2.70226e+06,1.01092e+07,0,0,0,0,62.3362,61.308,3.32225,0,1,1.71489,1.5433,0,1.35759,2.1168,8.87469e+06,3.61194e+06,1.52191e+07,0,0,0,0
83.8987,85.139,2.15944,0.03,0,2.3689,2.53988,0,0.44363,4.47552,4.27036e+06,2.70226e+06,1.01161e+07,0,0,0,0,62.3362,61.308,3.31463,0,1,1.71489,1.54391,0,1.32492,2.1168,8.87469e+06,3.61194e+06,1.52191e+07,0,0,0,0
83.2375,85.139,1.95277,0.03,0,2.37052,2.54089,0,0.443933,4.47552,4.27036e+06,2.70226e+06,1.0123e+07,0,0,0,0,62.3362,61.308,2.95862,0,1,1.71489,1.54452,0,1.32492,2.1168,8.87469e+06,3.61194e+06,1.52191e+07,0,0,0,0
82.6262,85.139,2.02875,0.03,0,2.43146,2.60122,0,0.444236,4.47552,4.27036e+06,2.70226e+06,1.03832e+07,0,0,0,0,62.3362,61.308,3.09709,0,1,1.75265,1.58289,0,1.32492,2.1168,8.87469e+06,3.61194e+06,1.55542e+07,0,0,0,0
81.9753,85.139,2.00163,0.03,0,2.47086,2.60225,0,0.455656,4.47552,4.27036e+06,2.70226e+06,1.05515e+07,0,0,0,0,62.3362,61.308,3.19404,0,1,1.71491,1.58352,0,1.3541,2.1168,8.87469e+06,3.61194e+06,1.52193e+07,0,0,0,0
81.1571,85.139,1.82196,0.03,0,2.47251,2.60328,0,0.463039,4.47552,4.27036e+06,2.70226e+06,1.05585e+07,0,0,0,0,62.3362,61.308,2.80165,0,1,1.71491,1.58414,0,1.32494,2.1168,8.87469e+06,3.61194e+06,1.52193e+07,0,0,0,0
80.5755,85.139,2.04924,0.03,0,2.47417,2.60431,0,0.463349,4.47552,4.27036e+06,2.70226e+06,1.05656e+07,0,0,0,0,62.3362,61.308,3.64529,0,1,1.71491,1.58477,0,1.32494,2.1168,8.87469e+06,3.61194e+06,1.52193e+07,0,0,0,0
79.6177,85.139,1.79899,0.03,0,2.64983,2.77933,0,0.463659,4.47552,4.27036e+06,2.70226e+06,1.13157e+07,0,0,0,0,62.3362,61.308,3.16168,0,1,1.8514,1.72189,0,1.32494,2.1168,8.87469e+06,3.61194e+06,1.64306e+07,0,0,0,0
78.5025,85.139,1.74499,0.03,0,2.78043,2.78043,0,0.496577,4.47552,4.27036e+06,2.70226e+06,1.18735e+07,0,0,0,0,62.3362,61.308,3.13718,0,1,1.72258,1.72258,0,1.43039,2.1168,8.87469e+06,3.61194e+06,1.52873e+07,0,0,0,0
77.0526,85.139,1.41412,0.04,0,2.78153,2.78153,0,0.521053,4.47552,4.27036e+06,2.70226e+06,1.18782e+07,0,0,0,0,62.117,61.308,2.35568,0,1,1.72326,1.72326,0,1.33086,2.1168,8.87469e+06,3.61194e+06,1.52934e+07,0,0,0,0
75.8922,85.139,1.68103,0.04,0,2.78263,2.78263,0,0.521259,4.47552,4.27036e+06,2.70226e+06,1.18829e+07,0,0,0,0,62.3362,61.308,3.86621,0,1,1.72394,1.72394,0,1.33139,2.1168,8.87469e+06,3.61194e+06,1.52994e+07,0,0,0,0
74.4259,85.139,1.35976,0.04,0,2.78373,2.78373,0,0.521466,4.47552,4.27036e+06,2.70226e+06,1.18876e+07,0,0,0,0,61.85,61.308,2.78192,0,1,1.72462,1.72462,0,1.33191,2.1168,8.87469e+06,3.61194e+06,1.53055e+07,0,0,0,0
72.7453,85.139,1.11004,0.04,0,2.69987,2.69987,0,0.521672,4.47552,4.27036e+06,2.70226e+06,1.15294e+07,0,0,0,0,61.1549,61.308,1.29573,0,1,1.64229,1.64229,0,1.33244,2.1168,8.87469e+06,3.61194e+06,1.45748e+07,0,0,0,0
71.2925,85.139,1.28256,0.05,0,2.62894,2.70093,0,0.505955,4.47552,4.27036e+06,2.70226e+06,1.12265e+07,0,0,0,0,60.5382,61.308,1.61392,0,1,1.71493,1.64294,0,1.26883,2.1168,8.87469e+06,3.61194e+06,1.52195e+07,0,0,0,0
69.8124,85.139,1.26193,0.05,0,2.63066,2.702,0,0.492664,4.47552,4.27036e+06,2.70226e+06,1.12339e+07,0,0,0,0,60.1503,61.308,1.6052,0,1,1.71493,1.64359,0,1.32495,2.1168,8.87469e+06,3.61194e+06,1.52195e+07,0,0,0,0
68.4899,85.139,1.49104,0.05,0,2.63238,2.70307,0,0.492986,4.47552,4.27036e+06,2.70226e+06,1.12412e+07,0,0,0,0,59.7349,61.308,2.09056,0,1,1.71493,1.64424,0,1.32495,2.1168,8.87469e+06,3.61194e+06,1.52195e+07,0,0,0,0
67.1568,85.139,1.43216,0.05,0,2.56424,2.63428,0,0.493307,4.47552,4.27036e+06,2.70226e+06,1.09502e+07,0,0,0,0,59.3285,61.308,1.41103,0,1,1.63925,1.56921,0,1.32495,2.1168,8.87469e+06,3.61194e+06,1.45478e+07,0,0,0,0
65.7776,85.139,1.30645,0.09,0,2.49025,2.63532,0,0.480539,4.47552,4.27036e+06,2.70226e+06,1.06343e+07,0,0,0,0,58.8146,61.308,1.59705,0,1,1.7149,1.56983,0,1.26648,2.1168,8.87469e+06,3.61194e+06,1.52192e+07,0,0,0,0
66.99,85.139,4.04956,0.09,0,2.49191,2.63636,0,0.466673,4.47552,4.27036e+06,2.70226e+06,1.06414e+07,0,0,0,0,59.0866,61.308,5.10831,0,1,1.7149,1.57045,0,1.32493,2.1168,8.87469e+06,3.61194e+06,1.52192e+07,0,0,0,0
67.4765,85.139,3.32262,0.09,0,2.49357,2.6374,0,0.466984,4.47552,4.27036e+06,2.70226e+06,1.06485e+07,0,0,0,0,59.2131,61.308,2.70543,0,1,1.7149,1.57107,0,1.32493,2.1168,8.87469e+06,3.61194e+06,1.52192e+07,0,0,0,0
68.3548,85.139,3.53888,0.08,0,2.29653,2.43974,0,0.467295,4.47552,4.27036e+06,2.70226e+06,9.80701e+06,0,0,0,0,59.6816,61.308,3.3089,0,1,1.55703,1.41382,0,1.32493,2.1168,8.87469e+06,3.61194e+06,1.38182e+07,0,0,0,0
70.0914,85.139,4.35275,0.03,0,2.14024,2.4407,0,0.430369,4.47552,4.27036e+06,2.70226e+06,9.13961e+06,0,0,0,0,60.8335,61.308,4.89504,0,1,1.71484,1.41437,0,1.20296,2.1168,8.87469e+06,3.61194e+06,1.52187e+07,0,0,0,0
70.8299,85.139,3.31454,0.04,0,2.14176,2.44167,0,0.401081,4.47552,4.27036e+06,2.70226e+06,9.14611e+06,0,0,0,0,61.4514,61.308,3.57051,0,1,1.71484,1.41493,0,1.32488,2.1168,8.87469e+06,3.61194e+06,1.52187e+07,0,0,0,0
72.4806,85.139,4.25988,0.04,0,2.14328,2.44263,0,0.401366,4.47552,4.27036e+06,2.70226e+06,9.15261e+06,0,0,0,0,62.3362,61.308,4.88715,0,1,1.71484,1.41549,0,1.32488,2.1168,8.87469e+06,3.61194e+06,1.52187e+07,0,0,0,0
75.7428,85.139,6.00699,0.06,0,2.14481,2.4436,0,0.401651,4.47552,4.27036e+06,2.70226e+06,9.15911e+06,0,0,0,0,62.3362,61.308,6.31105,0,1,1.71484,1.41605,0,1.32488,2.1168,8.87469e+06,3.61194e+06,1.52187e+07,0,0,0,0
80.9823,85.139,8.06975,0.03,0,2.22289,2.52112,0,0.401937,4.47552,4.27036e+06,2.70226e+06,9.49255e+06,0,0,0,0,62.3362,61.308,6.67812,0,1,1.76063,1.4624,0,1.32488,2.1168,8.87469e+06,3.61194e+06,1.56251e+07,0,0,0,0
85.139,85.139,8.79695,0.03,0,2.27021,2.52208,0,0.41657,4.47552,4.27036e+06,2.70226e+06,9.69461e+06,0,0,0,0,62.3362,61.308,7.21977,0,1,1.71484,1.46296,0,1.36026,2.1168,8.87469e+06,3.61194e+06,1.52187e+07,0,0,0,0
85.139,85.139,7.3394,0.01,0,2.27173,2.52305,0,0.425437,4.47552,4.27036e+06,2.70226e+06,9.70111e+06,0,0,0,0,62.3362,61.308,6.42107,0,1,1.71484,1.46352,0,1.32488,2.1168,8.87469e+06,3.61194e+06,1.52187e+07,0,0,0,0
85.139,85.139,8.24405,0.01,0,2.27325,2.52401,0,0.425722,4.47552,4.27036e+06,2.70226e+06,9.70762e+06,0,0,0,0,62.3362,61.308,4.79844,0,1,1.71484,1.46408,0,1.32488,2.1168,8.87469e+06,3.61194e+06,1.52187e+07,0,0,0,0
85.139,85.139,8.74294,0.02,0,2.52106,2.77126,0,0.426008,4.47552,4.27036e+06,2.70226e+06,1.07658e+07,0,0,0,0,62.3362,61.308,6.99634,0,1,1.88705,1.63685,0,1.32488,2.1168,8.87469e+06,3.61194e+06,1.6747e+07,0,0,0,0
85.139,85.139,8.77255,0.04,0,2.69489,2.77232,0,0.472446,4.47552,4.27036e+06,2.70226e+06,1.15082e+07,0,0,0,0,62.3362,61.308,4.96391,0,1,1.71491,1.63748,0,1.45793,2.1168,8.87469e+06,3.61194e+06,1.52193e+07,0,0,0,0
85.139,85.139,7.17034,0.05,0,2.69657,2.77338,0,0.505022,4.47552,4.27036e+06,2.70226e+06,1.15153e+07,0,0,0,0,62.3362,61.308,4.0952,0,1,1.71491,1.6381,0,1.32494,2.1168,8.87469e+06,3.61194e+06,1.52193e+07,0,0,0,0
85.139,85.139,6.88489,0.05,0,2.69826,2.77444,0,0.505338,4.47552,4.27036e+06,2.70226e+06,1.15225e+07,0,0,0,0,62.3362,61.308,4.30983,0,1,1.71491,1.63873,0,1.32494,2.1168,8.87469e+06,3.61194e+06,1.52193e+07,0,0,0,0
85.139,85.139,8.68626,0.05,0,2.34813,2.42368,0,0.505653,4.47552,4.27036e+06,2.70226e+06,1.00274e+07,0,0,0,0,62.3362,61.308,5.40341,0,1,1.48344,1.40789,0,1.32494,2.1168,8.87469e+06,3.61194e+06,1.31651e+07,0,0,0,0
85.139,85.139,6.4657,0.05,0,2.11822,2.42461,0,0.44004,4.47552,4.27036e+06,2.70226e+06,9.04558e+06,0,0,0,0,62.3362,61.308,3.57661,0,1,1.71482,1.40843,0,1.14611,2.1168,8.87469e+06,3.61194e+06,1.52185e+07,0,0,0,0
85.139,85.139,6.2118,0.05,0,2.11968,2.42554,0,0.396955,4.47552,4.27036e+06,2.70226e+06,9.05183e+06,0,0,0,0,62.3362,61.308,3.73557,0,1,1.71482,1.40897,0,1.32487,2.1168,8.87469e+06,3.61194e+06,1.52185e+07,0,0,0,0
85.139,85.139,10.8144,0.05,0,2.12115,2.42646,0,0.397229,4.47552,4.27036e+06,2.70226e+06,9.05808e+06,0,0,0,0,62.3362,61.308,6.72586,0,1,1.71482,1.4095,0,1.32487,2.1168,8.87469e+06,3.61194e+06,1.52185e+07,0,0,0,0
85.139,85.139,9.74234,0.05,0,2.12261,2.42739,0,0.397503,4.47552,4.27036e+06,2.70226e+06,9.06433e+06,0,0,0,0,62.3362,61.308,5.66445,0,1,1.71482,1.41004,0,1.32487,2.1168,8.87469e+06,3.61194e+06,1.52185e+07,0,0,0,0
85.139,85.139,12.4568,0.05,0,2.2128,2.51704,0,0.397778,4.47552,4.27036e+06,2.70226e+06,9.44948e+06,0,0,0,0,62.3362,61.308,4.91052,0,1,1.77155,1.46731,0,1.32487,2.1168,8.87469e+06,3.61194e+06,1.5722e+07,0,0,0,0
85.139,85.139,8.16986,0.05,0,2.27103,2.518,0,0.414679,4.47552,4.27036e+06,2.70226e+06,9.69815e+06,0,0,0,0,62.3362,61.308,3.79857,0,1,1.71484,1.46787,0,1.3687,2.1168,8.87469e+06,3.61194e+06,1.52187e+07,0,0,0,0
85.139,85.139,7.04215,0.05,0,2.27256,2.51896,0,0.425592,4.47552,4.27036e+06,2.70226e+06,9.70464e+06,0,0,0,0,62.3362,61.308,3.71077,0,1,1.71484,1.46843,0,1.32489,2.1168,8.87469e+06,3.61194e+06,1.52187e+07,0,0,0,0
85.139,85.139,6.97456,0.05,0,2.27408,2.51992,0,0.425877,4.47552,4.27036e+06,2.70226e+06,9.71114e+06,0,0,0,0,62.3362,61.308,3.33704,0,1,1.71484,1.46899,0,1.32489,2.1168,8.87469e+06,3.61194e+06,1.52187e+07,0,0,0,0
85.139,85.139,6.16825,0.05,0,2.24085,2.48614,0,0.426162,4.47552,4.27036e+06,2.70226e+06,9.56927e+06,0,0,0,0,62.3362,61.308,3.43214,0,1,1.69277,1.44749,0,1.32489,2.1168,8.87469e+06,3.61194e+06,1.50228e+07,0,0,0,0
85.139,85.139,5.4285,0.05,0,2.2203,2.48709,0,0.419936,4.47552,4.27036e+06,2.70226e+06,9.48147e+06,0,0,0,0,62.3238,61.308,2.95,0,1,1.71483,1.44804,0,1.30784,2.1168,8.87469e+06,3.61194e+06,1.52186e+07,0,0,0,0
85.139,85.139,4.98511,0.05,0,2.2218,2.48804,0,0.416083,4.47552,4.27036e+06,2.70226e+06,9.48788e+06,0,0,0,0,62.2557,61.308,2.84283,0,1,1.71483,1.44859,0,1.32488,2.1168,8.87469e+06,3.61194e+06,1.52186e+07,0,0,0,0
85.139,85.139,4.59887,0.04,0,2.2233,2.48899,0,0.416365,4.47552,4.27036e+06,2.70226e+06,9.49429e+06,0,0,0,0,62.113,61.308,2.73356,0,1,1.71483,1.44914,0,1.32488,2.1168,8.87469e+06,3.61194e+06,1.52186e+07,0,0,0,0
85.139,85.139,4.54501,0.04,0,2.34291,2.60805,0,0.416646,4.47552,4.27036e+06,2.70226e+06,1.00051e+07,0,0,0,0,61.9893,61.308,2.60862,0,1,1.79321,1.52807,0,1.32488,2.1168,8.87469e+06,3.61194e+06,1.59142e+07,0,0,0,0
85.139,85.139,4.53008,0.04,0,2.42284,2.60905,0,0.439062,4.47552,4.27036e+06,2.70226e+06,1.03464e+07,0,0,0,0,62.0825,61.308,3.10917,0,1,1.71486,1.52866,0,1.38543,2.1168,8.87469e+06,3.61194e+06,1.52189e+07,0,0,0,0
85.139,85.139,4.22617,0.03,0,2.42442,2.61004,0,0.45404,4.47552,4.27036e+06,2.70226e+06,1.03531e+07,0,0,0,0,62.0373,61.308,2.85657,0,1,1.71486,1.52924,0,1.3249,2.1168,8.87469e+06,3.61194e+06,1.52189e+07,0,0,0,0
85.139,85.139,3.84372,0.02,0,2.42599,2.61104,0,0.454336,4.47552,4.27036e+06,2.70226e+06,1.03599e+07,0,0,0,0,61.8291,61.308,2.38481,0,1,1.71486,1.52982,0,1.3249,2.1168,8.87469e+06,3.61194e+06,1.52189e+07,0,0,0,0
85.139,85.139,3.73516,0.02,0,2.42757,2.61203,0,0.454631,4.47552,4.27036e+06,2.70226e+06,1.03666e+07,0,0,0,0,61.4838,61.308,2.1739,0,1,1.71486,1.53041,0,1.3249,2.1168,8.87469e+06,3.61194e+06,1.52189e+07,0,0,0,0
85.139,85.139,3.81854,0.02,0,2.40575,2.58962,0,0.454927,4.47552,4.27036e+06,2.70226e+06,1.02734e+07,0,0,0,0,61.4356,61.308,2.7577,0,1,1.75802,1.57415,0,1.3249,2.1168,8.87469e+06,3.61194e+06,1.56019e+07,0,0,0,0
85.139,85.139,3.45757,0.02,0,2.45048,2.59061,0,0.450837,4.47552,4.27036e+06,2.70226e+06,1.04644e+07,0,0,0,0,61.3579,61.308,2.64696,0,1,1.71488,1.57475,0,1.35825,2.1168,8.87469e+06,3.61194e+06,1.5219e+07,0,0,0,0
85.139,85.139,3.32656,0.02,0,2.45206,2.5916,0,0.45922,4.47552,4.27036e+06,2.70226e+06,1.04712e+07,0,0,0,0,61.2208,61.308,2.37722,0,1,1.71488,1.57535,0,1.32492,2.1168,8.87469e+06,3.61194e+06,1.5219e+07,0,0,0,0
85.139,85.139,3.18884,0.02,0,2.45365,2.59258,0,0.459517,4.47552,4.27036e+06,2.70226e+06,1.0478e+07,0,0,0,0,60.8204,61.308,2.25828,0,1,1.71488,1.57595,0,1.32492,2.1168,8.87469e+06,3.61194e+06,1.5219e+07,0,0,0,0
85.139,85.139,2.79413,0.02,0,2.51577,2.6541,0,0.459814,4.47552,4.27036e+06,2.70226e+06,1.07432e+07,0,0,0,0,60.1516,61.308,1.72585,0,1,1.7534,1.61507,0,1.32492,2.1168,8.87469e+06,3.61194e+06,1.55609e+07,0,0,0,0
85.0756,85.139,2.68287,0.02,0,2.5559,2.65511,0,0.471455,4.47552,4.27036e+06,2.70226e+06,1.09146e+07,0,0,0,0,59.4395,61.308,1.5417,0,1,1.7149,1.61569,0,1.35468,2.1168,8.87469e+06,3.61194e+06,1.52192e+07,0,0,0,0
84.8418,85.139,2.4783,0.03,0,2.55753,2.65612,0,0.478976,4.47552,4.27036e+06,2.70226e+06,1.09216e+07,0,0,0,0,58.515,61.308,1.46097,0,1,1.7149,1.6163,0,1.32493,2.1168,8.87469e+06,3.61194e+06,1.52192e+07,0,0,0,0
84.3957,85.139,2.25557,0.03,0,2.55915,2.65713,0,0.479281,4.47552,4.27036e+06,2.70226e+06,1.09285e+07,0,0,0,0,57.8045,61.308,1.28328,0,1,1.7149,1.61692,0,1.32493,2.1168,8.87469e+06,3.61194e+06,1.52192e+07,0,0,0,0
83.9703,85.139,2.41986,0.03,0,2.73831,2.83567,0,0.479586,4.47552,4.27036e+06,2.70226e+06,1.16936e+07,0,0,0,0,56.9608,61.308,1.6256,0,1,1.85416,1.7568,0,1.32493,2.1168,8.87469e+06,3.61194e+06,1.64551e+07,0,0,0,0
82.7503,85.139,1.69595,0.03,0,2.83675,2.83675,0,0.513159,4.47552,4.27036e+06,2.70226e+06,1.2114e+07,0,0,0,0,55.9711,61.308,1.29167,0,1,1.75746,1.75746,0,1.43252,2.1168,8.87469e+06,3.61194e+06,1.5597e+07,0,0,0,0
81.4501,85.139,1.59898,0.03,0,2.83783,2.83783,0,0.531607,4.47552,4.27036e+06,2.70226e+06,1.21186e+07,0,0,0,0,55.0445,61.308,1.2022,0,1,1.75813,1.75813,0,1.35782,2.1168,8.87469e+06,3.61194e+06,1.56029e+07,0,0,0,0
80.7288,85.139,2.17834,0.03,0,2.83891,2.83891,0,0.531809,4.47552,4.27036e+06,2.70226e+06,1.21232e+07,0,0,0,0,54.2751,61.308,1.35185,0,1,1.7588,1.7588,0,1.35833,2.1168,8.87469e+06,3.61194e+06,1.56088e+07,0,0,0,0
80.9295,85.139,3.19354,0.03,0,2.83999,2.83999,0,0.532011,4.47552,4.27036e+06,2.70226e+06,1.21278e+07,0,0,0,0,53.6626,61.308,1.62475,0,1,1.75947,1.75947,0,1.35885,2.1168,8.87469e+06,3.61194e+06,1.56148e+07,0,0,0,0
80.4055,85.139,2.38979,0.03,0,2.75438,2.75438,0,0.532214,4.47552,4.27036e+06,2.70226e+06,1.17622e+07,0,0,0,0,53.2586,61.308,1.46944,0,1,1.67545,1.67545,0,1.35937,2.1168,8.87469e+06,3.61194e+06,1.48691e+07,0,0,0,0
81.3784,85.139,3.84264,0.03,0,2.71661,2.75543,0,0.516172,4.47552,4.27036e+06,2.70226e+06,1.16009e+07,0,0,0,0,52.9319,61.308,2.56738,0,1,1.71492,1.67609,0,1.29446,2.1168,8.87469e+06,3.61194e+06,1.52194e+07,0,0,0,0
80.4695,85.139,1.96909,0.03,0,2.71829,2.75648,0,0.509092,4.47552,4.27036e+06,2.70226e+06,1.16081e+07,0,0,0,0,52.1367,61.308,1.55784,0,1,1.71492,1.67673,0,1.32495,2.1168,8.87469e+06,3.61194e+06,1.52194e+07,0,0,0,0
79.6159,85.139,1.96446,0.03,0,2.71998,2.75753,0,0.509408,4.47552,4.27036e+06,2.70226e+06,1.16153e+07,0,0,0,0,51.7232,61.308,1.44303,0,1,1.71492,1.67737,0,1.32495,2.1168,8.87469e+06,3.61194e+06,1.52194e+07,0,0,0,0
80.4899,85.139,3.88376,0.03,0,2.6504,2.68732,0,0.509723,4.47552,4.27036e+06,2.70226e+06,1.13182e+07,0,0,0,0,51.7782,61.308,2.70177,0,1,1.63771,1.6008,0,1.32495,2.1168,8.87469e+06,3.61194e+06,1.45342e+07,0,0,0,0
81.0405,85.139,3.55891,0.03,0,2.57486,2.68834,0,0.496685,4.47552,4.27036e+06,2.70226e+06,1.09956e+07,0,0,0,0,52.3853,61.308,4.47816,0,1,1.71489,1.60141,0,1.2653,2.1168,8.87469e+06,3.61194e+06,1.52191e+07,0,0,0,0
83.8469,85.139,5.85237,0.03,0,2.57649,2.68936,0,0.482528,4.47552,4.27036e+06,2.70226e+06,1.10025e+07,0,0,0,0,52.5982,61.308,3.90785,0,1,1.71489,1.60202,0,1.32492,2.1168,8.87469e+06,3.61194e+06,1.52191e+07,0,0,0,0
84.9356,85.139,4.17629,0.04,0,2.57812,2.69038,0,0.482833,4.47552,4.27036e+06,2.70226e+06,1.10095e+07,0,0,0,0,52.8298,61.308,3.62589,0,1,1.71489,1.60262,0,1.32492,2.1168,8.87469e+06,3.61194e+06,1.52191e+07,0,0,0,0
85.139,85.139,4.6776,0.03,0,2.37705,2.48871,0,0.483139,4.47552,4.27036e+06,2.70226e+06,1.01509e+07,0,0,0,0,53.391,61.308,4.1545,0,1,1.55385,1.44219,0,1.32492,2.1168,8.87469e+06,3.61194e+06,1.37899e+07,0,0,0,0
85.139,85.139,3.38846,0.02,0,2.21757,2.48966,0,0.44546,4.47552,4.27036e+06,2.70226e+06,9.46983e+06,0,0,0,0,53.3828,61.308,2.2113,0,1,1.71483,1.44274,0,1.2005,2.1168,8.87469e+06,3.61194e+06,1.52186e+07,0,0,0,0
85.139,85.139,3.25215,0.03,0,2.21906,2.4906,0,0.415573,4.47552,4.27036e+06,2.70226e+06,9.47621e+06,0,0,0,0,53.587,61.308,2.73427,0,1,1.71483,1.44329,0,1.32488,2.1168,8.87469e+06,3.61194e+06,1.52186e+07,0,0,0,0
85.139,85.139,3.92172,0.03,0,2.22056,2.49155,0,0.415852,4.47552,4.27036e+06,2.70226e+06,9.48259e+06,0,0,0,0,53.8419,61.308,3.01184,0,1,1.71483,1.44384,0,1.32488,2.1168,8.87469e+06,3.61194e+06,1.52186e+07,0,0,0,0
85.139,85.139,4.01343,0.03,0,2.22205,2.49249,0,0.416132,4.47552,4.27036e+06,2.70226e+06,9.48897e+06,0,0,0,0,53.9815,61.308,2.84958,0,1,1.71483,1.44439,0,1.32488,2.1168,8.87469e+06,3.61194e+06,1.52186e+07,0,0,0,0
85.139,85.139,4.21448,0.03,0,2.30164,2.57153,0,0.416413,4.47552,4.27036e+06,2.70226e+06,9.82883e+06,0,0,0,0,54.1804,61.308,3.40188,0,1,1.76154,1.49164,0,1.32488,2.1168,8.87469e+06,3.61194e+06,1.56331e+07,0,0,0,5.83867e+07
85.0229,85.139,2.7062,0.04,0,2.34984,2.57248,0,0.431327,4.47552,4.27036e+06,2.70226e+06,1.00347e+07,0,0,0,0,53.4154,61.308,1.82536,0,1,1.71483,1.49219,0,1.36096,2.1168,8.87469e+06,3.61194e+06,1.52186e+07,0,0,0,5.83867e+07
84.1122,85.139,1.88666,0.06,0,2.35133,2.57342,0,0.44036,4.47552,4.27036e+06,2.70226e+06,1.0041e+07,0,0,0,0,52.8076,61.308,1.46168,0,1,1.71483,1.49274,0,1.32488,2.1168,8.87469e+06,3.61194e+06,1.52186e+07,0,0,0,5.83867e+07
83.4587,85.139,2.23136,0.06,0,2.35282,2.57436,0,0.440639,4.47552,4.27036e+06,2.70226e+06,1.00474e+07,0,0,0,0,52.9007,61.308,2.18775,0,1,1.71483,1.49329,0,1.32488,2.1168,8.87469e+06,3.61194e+06,1.52186e+07,0,0,0,5.83867e+07
83.1262,85.139,2.83373,0.06,0,2.60551,2.8265,0,0.440919,4.47552,4.27036e+06,2.70226e+06,1.11265e+07,0,0,0,0,52.2469,61.308,2.65946,0,1,1.89047,1.66948,0,1.32488,2.1168,8.87469e+06,3.61194e+06,1.67773e+07,0,0,0,5.83867e+07
81.0932,85.139,1.08913,0.05,0,2.78273,2.82754,0,0.488272,4.47552,4.27036e+06,2.70226e+06,1.18833e+07,0,0,0,0,52.0149,61.308,1.33072,0,1,1.71489,1.67009,0,1.46058,2.1168,8.87469e+06,3.61194e+06,1.52191e+07,0,0,0,5.83867e+07
81.2946,85.139,3.43436,0.05,0,2.78438,2.82857,0,0.521484,4.47552,4.27036e+06,2.70226e+06,1.18903e+07,0,0,0,0,51.814,61.308,3.04508,0,1,1.71489,1.6707,0,1.32493,2.1168,8.87469e+06,3.61194e+06,1.52191e+07,0,0,0,5.83867e+07
80.2204,85.139,2.09194,0.04,0,2.78604,2.82961,0,0.521794,4.47552,4.27036e+06,2.70226e+06,1.18974e+07,0,0,0,0,50.9367,61.308,1.70122,0,1,1.71489,1.67132,0,1.32493,2.1168,8.87469e+06,3.61194e+06,1.52191e+07,0,0,0,5.83867e+07
79.6761,85.139,2.30902,0.04,0,2.42888,2.47185,0,0.522103,4.47552,4.27036e+06,2.70226e+06,1.03722e+07,0,0,0,0,50.8617,61.308,1.54323,0,1,1.47883,1.43587,0,1.32493,2.1168,8.87469e+06,3.61194e+06,1.31242e+07,0,0,0,5.83867e+07
81.2352,85.139,4.40624,0.04,0,2.19434,2.47275,0,0.455173,4.47552,4.27036e+06,2.70226e+06,9.37064e+06,0,0,0,0,50.5369,61.308,2.51121,0,1,1.71481,1.43639,0,1.14255,2.1168,8.87469e+06,3.61194e+06,1.52184e+07,0,0,0,5.83867e+07
82.1535,85.139,3.63768,0.04,0,2.19578,2.47366,0,0.41122,4.47552,4.27036e+06,2.70226e+06,9.37676e+06,0,0,0,0,49.7929,61.308,1.74658,0,1,1.71481,1.43692,0,1.32486,2.1168,8.87469e+06,3.61194e+06,1.52184e+07,0,0,0,5.83867e+07
83.0992,85.139,3.64346,0.04,0,2.19721,2.47457,0,0.411488,4.47552,4.27036e+06,2.70226e+06,9.38288e+06,0,0,0,0,49.1194,61.308,1.61115,0,1,1.71481,1.43745,0,1.32486,2.1168,8.87469e+06,3.61194e+06,1.52184e+07,0,0,0,5.83867e+07
84.1855,85.139,3.79007,0.06,0,2.19864,2.47548,0,0.411757,4.47552,4.27036e+06,2.70226e+06,9.38901e+06,0,0,0,0,48.9392,61.308,1.777,0,1,1.71481,1.43798,0,1.32486,2.1168,8.87469e+06,3.61194e+06,1.52184e+07,0,0,0,5.83867e+07
85.139,85.139,4.08791,0.06,0,2.29056,2.56686,0,0.412026,4.47552,4.27036e+06,2.70226e+06,9.78153e+06,0,0,0,0,48.6455,61.308,2.59479,0,1,1.77266,1.49636,0,1.32486,2.1168,8.87469e+06,3.61194e+06,1.57318e+07,0,0,0,5.83867e+07
84.8628,85.139,2.59303,0.05,0,2.34988,2.56781,0,0.429251,4.47552,4.27036e+06,2.70226e+06,1.00349e+07,0,0,0,0,47.7782,61.308,1.78196,0,1,1.71483,1.49691,0,1.36956,2.1168,8.87469e+06,3.61194e+06,1.52186e+07,0,0,0,5.83867e+07
83.9869,85.139,1.92905,0.08,0,2.35137,2.56875,0,0.440368,4.47552,4.27036e+06,2.70226e+06,1.00412e+07,0,0,0,0,46.681,61.308,1.3694,0,1,1.71483,1.49746,0,1.32488,2.1168,8.87469e+06,3.61194e+06,1.52186e+07,0,0,0,5.83867e+07
82.9545,85.139,1.73935,0.08,0,2.35286,2.56969,0,0.440647,4.47552,4.27036e+06,2.70226e+06,1.00476e+07,0,0,0,0,45.5466,61.308,1.23352,0,1,1.71483,1.498,0,1.32488,2.1168,8.87469e+06,3.61194e+06,1.52186e+07,0,0,0,5.83867e+07
82.3389,85.139,2.09643,0.08,0,2.31892,2.5352,0,0.440927,4.47552,4.27036e+06,2.70226e+06,9.90265e+06,0,0,0,0,44.5072,61.308,1.33452,0,1,1.69233,1.47605,0,1.32488,2.1168,8.87469e+06,3.61194e+06,1.50189e+07,0,0,0,5.83867e+07
81.5338,85.139,1.91799,0.07,0,2.2979,2.53613,0,0.434566,4.47552,4.27036e+06,2.70226e+06,9.81286e+06,0,0,0,0,43.5357,61.308,1.36891,0,1,1.71482,1.47659,0,1.30749,2.1168,8.87469e+06,3.61194e+06,1.52185e+07,0,0,0,5.83867e+07
80.6558,85.139,1.74654,0.07,0,2.29937,2.53706,0,0.430626,4.47552,4.27036e+06,2.70226e+06,9.81914e+06,0,0,0,0,42.4934,61.308,1.20498,0,1,1.71482,1.47713,0,1.32487,2.1168,8.87469e+06,3.61194e+06,1.52185e+07,0,0,0,5.83867e+07
79.7546,85.139,1.70192,0.07,0,2.30084,2.53799,0,0.430902,4.47552,4.27036e+06,2.70226e+06,9.82542e+06,0,0,0,0,41.4368,61.308,1.3148,0,1,1.71482,1.47767,0,1.32487,2.1168,8.87469e+06,3.61194e+06,1.52185e+07,0,0,0,5.83867e+07
78.6582,85.139,1.58892,0.07,0,2.42275,2.65935,0,0.431177,4.47552,4.27036e+06,2.70226e+06,1.0346e+07,0,0,0,0,40.4852,61.308,1.22812,0,1,1.79474,1.55813,0,1.32487,2.1168,8.87469e+06,3.61194e+06,1.59278e+07,0,0,0,5.83867e+07
77.5035,85.139,1.561,0.09,0,2.50418,2.66033,0,0.454023,4.47552,4.27036e+06,2.70226e+06,1.06938e+07,0,0,0,0,39.6457,61.308,1.4379,0,1,1.71485,1.5587,0,1.38662,2.1168,8.87469e+06,3.61194e+06,1.52188e+07,0,0,0,5.83867e+07
76.3126,85.139,1.51163,0.09,0,2.50573,2.6613,0,0.469284,4.47552,4.27036e+06,2.70226e+06,1.07004e+07,0,0,0,0,38.7169,61.308,1.30271,0,1,1.71485,1.55927,0,1.32489,2.1168,8.87469e+06,3.61194e+06,1.52188e+07,0,0,0,5.83867e+07
74.985,85.139,1.3372,0.09,0,2.50727,2.66228,0,0.469573,4.47552,4.27036e+06,2.70226e+06,1.0707e+07,0,0,0,0,37.7064,61.308,1.22638,0,1,1.71485,1.55985,0,1.32489,2.1168,8.87469e+06,3.61194e+06,1.52188e+07,0,0,0,5.83867e+07
73.6249,85.139,1.26385,0.09,0,2.50882,2.66325,0,0.469863,4.47552,4.27036e+06,2.70226e+06,1.07136e+07,0,0,0,0,36.7675,61.308,1.16799,0,1,1.71485,1.56042,0,1.32489,2.1168,8.87469e+06,3.61194e+06,1.52188e+07,0,0,0,5.83867e+07
72.0057,85.139,0.976361,0.09,0,2.4865,2.64036,0,0.470152,4.47552,4.27036e+06,2.70226e+06,1.06183e+07,0,0,0,0,35.9186,61.308,1.28234,0,1,1.75886,1.60499,0,1.32489,2.1168,8.87469e+06,3.61194e+06,1.56093e+07,0,0,0,5.83867e+07
70.3019,85.139,0.913752,0.09,0,2.53204,2.64133,0,0.46597,4.47552,4.27036e+06,2.70226e+06,1.08128e+07,0,0,0,0,35.0046,61.308,1.27175,0,1,1.71487,1.60558,0,1.35889,2.1168,8.87469e+06,3.61194e+06,1.52189e+07,0,0,0,5.83867e+07
68.5723,85.139,0.852066,0.09,0,2.5336,2.6423,0,0.474505,4.47552,4.27036e+06,2.70226e+06,1.08194e+07,0,0,0,0,34.0498,61.308,1.21841,0,1,1.71487,1.60617,0,1.32491,2.1168,8.87469e+06,3.61194e+06,1.52189e+07,0,0,0,5.83867e+07
66.7684,85.139,0.753102,0.08,0,2.53515,2.64326,0,0.474796,4.47552,4.27036e+06,2.70226e+06,1.0826e+07,0,0,0,0,33.0345,61.308,1.19057,0,1,1.71487,1.60676,0,1.32491,2.1168,8.87469e+06,3.61194e+06,1.52189e+07,0,0,0,5.83867e+07
64.9282,85.139,0.752378,0.12,0,2.59842,2.70594,0,0.475087,4.47552,4.27036e+06,2.70226e+06,1.10962e+07,0,0,0,0,32.0185,61.308,1.1579,0,1,1.75414,1.64662,0,1.32491,2.1168,8.87469e+06,3.61194e+06,1.55675e+07,0,0,0,5.83867e+07
63.1617,85.139,0.83661,0.12,0,2.63927,2.70693,0,0.486943,4.47552,4.27036e+06,2.70226e+06,1.12707e+07,0,0,0,0,31.1814,61.308,1.26481,0,1,1.71488,1.64722,0,1.35525,2.1168,8.87469e+06,3.61194e+06,1.5219e+07,0,0,0,5.83867e+07
61.369,85.139,0.788935,0.12,0,2.64086,2.70792,0,0.494599,4.47552,4.27036e+06,2.70226e+06,1.12775e+07,0,0,0,0,30.2215,61.308,1.27638,0,1,1.71488,1.64782,0,1.32492,2.1168,8.87469e+06,3.61194e+06,1.5219e+07,0,0,0,5.83867e+07
59.5441,85.139,0.738384,0.17,0,2.64246,2.70891,0,0.494898,4.47552,4.27036e+06,2.70226e+06,1.12843e+07,0,0,0,0,29.2754,61.308,1.17211,0,1,1.71488,1.64843,0,1.32492,2.1168,8.87469e+06,3.61194e+06,1.5219e+07,0,0,0,5.83867e+07
57.585,85.139,0.725443,0.17,0,2.82503,2.89089,0,0.495196,4.47552,4.27036e+06,2.70226e+06,1.20639e+07,0,0,0,0,28.1674,61.308,1.25771,0,1,1.85686,1.791,0,1.32492,2.1168,8.87469e+06,3.61194e+06,1.6479e+07,0,0,0,5.83867e+07
55.646,85.139,0.761984,0.16,0,2.89194,2.89194,0,0.529411,4.47552,4.27036e+06,2.70226e+06,1.23496e+07,0,0,0,0,27.1898,61.308,1.0066,0,1,1.79166,1.79166,0,1.43461,2.1168,8.87469e+06,3.61194e+06,1.59004e+07,0,0,0,5.83867e+07
53.8175,85.139,0.858649,0.21,0,2.893,2.893,0,0.54195,4.47552,4.27036e+06,2.70226e+06,1.23542e+07,0,0,0,0,26.1145,61.308,1.25211,0,1,1.79231,1.79231,0,1.38424,2.1168,8.87469e+06,3.61194e+06,1.59062e+07,0,0,0,5.83867e+07
51.8438,85.139,0.692683,0.2,0,2.89406,2.89406,0,0.542148,4.47552,4.27036e+06,2.70226e+06,1.23587e+07,0,0,0,0,25.2907,61.308,0.904427,0,1,1.79297,1.79297,0,1.38474,2.1168,8.87469e+06,3.61194e+06,1.5912e+07,0,0,0,5.83867e+07
50.0472,85.139,0.836384,0.19,0,2.89511,2.89511,0,0.542346,4.47552,4.27036e+06,2.70226e+06,1.23632e+07,0,0,0,0,24.9479,61.308,1.56536,0,1,1.79362,1.79362,0,1.38525,2.1168,8.87469e+06,3.61194e+06,1.59179e+07,0,0,0,5.83867e+07
49.0498,85.139,1.53265,0.22,0,2.80781,2.80781,0,0.542544,4.47552,4.27036e+06,2.70226e+06,1.19904e+07,0,0,0,0,24.669,61.308,2.0457,0,1,1.70795,1.70795,0,1.38575,2.1168,8.87469e+06,3.61194e+06,1.51575e+07,0,0,0,5.83867e+07
47.5596,85.139,1.04914,0.22,0,2.8025,2.80883,0,0.526183,4.47552,4.27036e+06,2.70226e+06,1.19677e+07,0,0,0,0,23.8662,61.308,1.58279,0,1,1.7149,1.70857,0,1.31956,2.1168,8.87469e+06,3.61194e+06,1.52192e+07,0,0,0,5.83867e+07
45.9184,85.139,0.839281,0.21,0,2.80415,2.80986,0,0.525189,4.47552,4.27036e+06,2.70226e+06,1.19747e+07,0,0,0,0,23.6269,61.308,1.24309,0,1,1.7149,1.7092,0,1.32493,2.1168,8.87469e+06,3.61194e+06,1.52192e+07,0,0,0,5.83867e+07
45.403,85.139,2.00769,0.21,0,2.8058,2.81088,0,0.525498,4.47552,4.27036e+06,2.70226e+06,1.19818e+07,0,0,0,0,23.6475,61.308,2.38712,0,1,1.7149,1.70982,0,1.32493,2.1168,8.87469e+06,3.61194e+06,1.52192e+07,0,0,0,5.83867e+07
44.7972,85.139,1.95815,0.23,0,2.73481,2.73927,0,0.525807,4.47552,4.27036e+06,2.70226e+06,1.16787e+07,0,0,0,0,23.8802,61.308,2.17419,0,1,1.63621,1.63175,0,1.32494,2.1168,8.87469e+06,3.61194e+06,1.45208e+07,0,0,0,5.83867e+07
44.0843,85.139,1.78686,0.23,0,2.65774,2.74027,0,0.512504,4.47552,4.27036e+06,2.70226e+06,1.13495e+07,0,0,0,0,23.2739,61.308,1.91319,0,1,1.71488,1.63234,0,1.26413,2.1168,8.87469e+06,3.61194e+06,1.5219e+07,0,0,0,5.83867e+07
43.6824,85.139,2.10279,0.23,0,2.65934,2.74127,0,0.498061,4.47552,4.27036e+06,2.70226e+06,1.13563e+07,0,0,0,0,22.9287,61.308,1.39232,0,1,1.71488,1.63294,0,1.32491,2.1168,8.87469e+06,3.61194e+06,1.5219e+07,0,0,0,5.83867e+07
47.1631,85.139,6.09098,0.21,0,2.66093,2.74227,0,0.49836,4.47552,4.27036e+06,2.70226e+06,1.13632e+07,0,0,0,0,23.683,61.308,4.80552,0,1,1.71488,1.63354,0,1.32491,2.1168,8.87469e+06,3.61194e+06,1.5219e+07,0,0,0,5.83867e+07
49.473,85.139,4.87035,0.18,0,2.45593,2.53667,0,0.498659,4.47552,4.27036e+06,2.70226e+06,1.04877e+07,0,0,0,0,24.2189,61.308,4.14098,0,1,1.55073,1.46999,0,1.32491,2.1168,8.87469e+06,3.61194e+06,1.37623e+07,0,0,0,5.83867e+07
51.1529,85.139,4.17686,0.18,0,2.29331,2.5376,0,0.460241,4.47552,4.27036e+06,2.70226e+06,9.79327e+06,0,0,0,0,24.9163,61.308,3.21466,0,1,1.71482,1.47053,0,1.1981,2.1168,8.87469e+06,3.61194e+06,1.52185e+07,0,0,0,5.83867e+07
53.0238,85.139,4.35434,0.18,0,2.29477,2.53853,0,0.429766,4.47552,4.27036e+06,2.70226e+06,9.79952e+06,0,0,0,0,25.4848,61.308,2.79869,0,1,1.71482,1.47106,0,1.32487,2.1168,8.87469e+06,3.61194e+06,1.52185e+07,0,0,0,5.83867e+07
55.2704,85.139,4.82135,0.18,0,2.29624,2.53945,0,0.43004,4.47552,4.27036e+06,2.70226e+06,9.80576e+06,0,0,0,0,26.2894,61.308,3.57924,0,1,1.71482,1.4716,0,1.32487,2.1168,8.87469e+06,3.61194e+06,1.52185e+07,0,0,0,5.83867e+07
63.1615,85.139,10.6205,0.19,0,2.2977,2.54038,0,0.430315,4.47552,4.27036e+06,2.70226e+06,9.81201e+06,0,0,0,0,28.2072,61.308,6.70012,0,1,1.71482,1.47214,0,1.32487,2.1168,8.87469e+06,3.61194e+06,1.52185e+07,0,0,0,5.83867e+07
76.5488,85.139,16.9675,0.16,0,2.37875,2.6209,0,0.430589,4.47552,4.27036e+06,2.70226e+06,1.01581e+07,0,0,0,0,36.6109,61.308,14.0755,0,1,1.76242,1.52028,0,1.32487,2.1168,8.87469e+06,3.61194e+06,1.56409e+07,0,0,0,5.83867e+07
82.1079,85.139,8.7536,0.07,0,2.42782,2.62182,0,0.445778,4.47552,4.27036e+06,2.70226e+06,1.03677e+07,0,0,0,0,38.9235,61.308,8.59458,0,1,1.71482,1.52081,0,1.36165,2.1168,8.87469e+06,3.61194e+06,1.52185e+07,0,0,0,5.83867e+07
84.4737,85.139,5.42575,0.06,0,2.42928,2.62274,0,0.454973,4.47552,4.27036e+06,2.70226e+06,1.03739e+07,0,0,0,0,40.0668,61.308,7.24836,0,1,1.71482,1.52135,0,1.32487,2.1168,8.87469e+06,3.61194e+06,1.52185e+07,0,0,0,5.83867e+07
85.139,85.139,5.82018,0.08,0,2.43073,2.62367,0,0.455246,4.47552,4.27036e+06,2.70226e+06,1.03801e+07,0,0,0,0,41.1356,61.308,7.1842,0,1,1.71482,1.52188,0,1.32487,2.1168,8.87469e+06,3.61194e+06,1.52185e+07,0,0,0,5.83867e+07
85.139,85.139,6.60251,0.06,0,2.68819,2.88059,0,0.45552,4.47552,4.27036e+06,2.70226e+06,1.14796e+07,0,0,0,0,42.7121,61.308,8.13328,0,1,1.89382,1.70142,0,1.32487,2.1168,8.87469e+06,3.61194e+06,1.68071e+07,0,0,0,5.83867e+07
85.139,85.139,10.3824,0.06,0,2.86874,2.8816,0,0.503767,4.47552,4.27036e+06,2.70226e+06,1.22506e+07,0,0,0,0,46.6159,61.308,12.088,0,1,1.71488,1.70202,0,1.46317,2.1168,8.87469e+06,3.61194e+06,1.5219e+07,0,0,0,5.83867e+07
85.139,85.139,7.17567,0.05,0,2.87036,2.88261,0,0.537603,4.47552,4.27036e+06,2.70226e+06,1.22575e+07,0,0,0,0,49.3089,61.308,6.3273,0,1,1.71488,1.70262,0,1.32492,2.1168,8.87469e+06,3.61194e+06,1.5219e+07,0,0,0,5.83867e+07
85.139,85.139,5.79592,0.05,0,2.87197,2.88363,0,0.537905,4.47552,4.27036e+06,2.70226e+06,1.22644e+07,0,0,0,0,50.9114,61.308,4.53003,0,1,1.71488,1.70322,0,1.32492,2.1168,8.87469e+06,3.61194e+06,1.5219e+07,0,0,0,5.83867e+07
85.139,85.139,5.42091,0.05,0,2.50794,2.519,0,0.538207,4.47552,4.27036e+06,2.70226e+06,1.07098e+07,0,0,0,0,52.3986,61.308,4.34619,0,1,1.47432,1.46326,0,1.32492,2.1168,8.87469e+06,3.61194e+06,1.30841e+07,0,0,0,5.83867e+07
85.139,85.139,6.04552,0.05,0,2.26886,2.51988,0,0.469987,4.47552,4.27036e+06,2.70226e+06,9.68885e+06,0,0,0,0,53.2794,61.308,4.17542,0,1,1.71479,1.46377,0,1.13906,2.1168,8.87469e+06,3.61194e+06,1.52183e+07,0,0,0,5.83867e+07
85.139,85.139,5.63764,0.05,0,2.27026,2.52077,0,0.425184,4.47552,4.27036e+06,2.70226e+06,9.69483e+06,0,0,0,0,54.0056,61.308,4.11621,0,1,1.71479,1.46429,0,1.32485,2.1168,8.87469e+06,3.61194e+06,1.52183e+07,0,0,0,5.83867e+07
85.139,85.139,8.41462,0.05,0,2.27166,2.52165,0,0.425447,4.47552,4.27036e+06,2.70226e+06,9.70082e+06,0,0,0,0,55.7657,61.308,6.89565,0,1,1.71479,1.4648,0,1.32485,2.1168,8.87469e+06,3.61194e+06,1.52183e+07,0,0,0,5.83867e+07
85.139,85.139,7.58485,0.05,0,2.27306,2.52254,0,0.425709,4.47552,4.27036e+06,2.70226e+06,9.7068e+06,0,0,0,0,57.5377,61.308,6.09532,0,1,1.7148,1.46532,0,1.32485,2.1168,8.87469e+06,3.61194e+06,1.52183e+07,0,0,0,5.83867e+07
85.139,85.139,8.12288,0.06,0,2.36666,2.61563,0,0.425972,4.47552,4.27036e+06,2.70226e+06,1.01065e+07,0,0,0,0,58.998,61.308,5.65569,0,1,1.77375,1.52479,0,1.32485,2.1168,8.87469e+06,3.61194e+06,1.57415e+07,0,0,0,5.83867e+07
85.139,85.139,9.38549,0.06,0,2.42705,2.61655,0,0.443513,4.47552,4.27036e+06,2.70226e+06,1.03644e+07,0,0,0,0,61.6975,61.308,8.48249,0,1,1.71482,1.52532,0,1.3704,2.1168,8.87469e+06,3.61194e+06,1.52185e+07,0,0,0,5.83867e+07
85.139,85.139,6.79524,0.08,0,2.42851,2.61747,0,0.45483,4.47552,4.27036e+06,2.70226e+06,1.03706e+07,0,0,0,0,62.3362,61.308,4.9282,0,1,1.71482,1.52586,0,1.32487,2.1168,8.87469e+06,3.61194e+06,1.52185e+07,0,0,0,5.83867e+07
85.139,85.139,6.00799,0.08,0,2.42997,2.61839,0,0.455103,4.47552,4.27036e+06,2.70226e+06,1.03768e+07,0,0,0,0,62.3362,61.308,4.28757,0,1,1.71482,1.52639,0,1.32487,2.1168,8.87469e+06,3.61194e+06,1.52185e+07,0,0,0,5.83867e+07
85.139,85.139,6.16499,0.08,0,2.39532,2.58321,0,0.455376,4.47552,4.27036e+06,2.70226e+06,1.02289e+07,0,0,0,0,62.3362,61.308,4.69371,0,1,1.69189,1.504,0,1.32487,2.1168,8.87469e+06,3.61194e+06,1.5015e+07,0,0,0,5.83867e+07
85.139,85.139,4.87503,0.07,0,2.37384,2.58412,0,0.448883,4.47552,4.27036e+06,2.70226e+06,1.01371e+07,0,0,0,0,62.3362,61.308,4.67299,0,1,1.71481,1.50453,0,1.30715,2.1168,8.87469e+06,3.61194e+06,1.52184e+07,0,0,0,5.83867e+07
85.139,85.139,5.07328,0.07,0,2.37527,2.58502,0,0.444857,4.47552,4.27036e+06,2.70226e+06,1.01433e+07,0,0,0,0,62.3362,61.308,3.92949,0,1,1.71481,1.50506,0,1.32486,2.1168,8.87469e+06,3.61194e+06,1.52184e+07,0,0,0,5.83867e+07
85.139,85.139,4.96368,0.07,0,2.37671,2.58593,0,0.445126,4.47552,4.27036e+06,2.70226e+06,1.01494e+07,0,0,0,0,62.3362,61.308,3.99291,0,1,1.71481,1.50559,0,1.32486,2.1168,8.87469e+06,3.61194e+06,1.52184e+07,0,0,0,5.83867e+07
85.139,85.139,4.00889,0.06,0,2.50086,2.70955,0,0.445396,4.47552,4.27036e+06,2.70226e+06,1.06796e+07,0,0,0,0,62.3362,61.308,3.71212,0,1,1.79624,1.58754,0,1.32486,2.1168,8.87469e+06,3.61194e+06,1.5941e+07,0,0,0,5.83867e+07
85.139,85.139,4.39353,0.06,0,2.58377,2.7105,0,0.468661,4.47552,4.27036e+06,2.70226e+06,1.10336e+07,0,0,0,0,62.3362,61.308,3.90087,0,1,1.71484,1.5881,0,1.38777,2.1168,8.87469e+06,3.61194e+06,1.52186e+07,0,0,0,5.83867e+07
85.139,85.139,3.70026,0.05,0,2.58528,2.71146,0,0.484198,4.47552,4.27036e+06,2.70226e+06,1.10401e+07,0,0,0,0,62.3362,61.308,3.97046,0,1,1.71484,1.58866,0,1.32488,2.1168,8.87469e+06,3.61194e+06,1.52186e+07,0,0,0,5.83867e+07
85.139,85.139,3.77214,0.05,0,2.58679,2.71241,0,0.484481,4.47552,4.27036e+06,2.70226e+06,1.10465e+07,0,0,0,0,62.3362,61.308,3.18447,0,1,1.71484,1.58922,0,1.32488,2.1168,8.87469e+06,3.61194e+06,1.52187e+07,0,0,0,5.83867e+07
85.139,85.139,3.23048,0.03,0,2.5883,2.71336,0,0.484764,4.47552,4.27036e+06,2.70226e+06,1.1053e+07,0,0,0,0,62.3362,61.308,2.81596,0,1,1.71484,1.58978,0,1.32488,2.1168,8.87469e+06,3.61194e+06,1.52187e+07,0,0,0,5.83867e+07
85.139,85.139,3.72563,0.03,0,2.5655,2.69,0,0.485047,4.47552,4.27036e+06,2.70226e+06,1.09556e+07,0,0,0,0,62.3362,61.308,4.64441,0,1,1.75967,1.63517,0,1.32488,2.1168,8.87469e+06,3.61194e+06,1.56165e+07,0,0,0,5.83867e+07
85.139,85.139,3.65092,0.03,0,2.61183,2.69095,0,0.480774,4.47552,4.27036e+06,2.70226e+06,1.11535e+07,0,0,0,0,62.3362,61.308,5.27011,0,1,1.71485,1.63574,0,1.35952,2.1168,8.87469e+06,3.61194e+06,1.52188e+07,0,0,0,5.83867e+07
85.139,85.139,3.30188,0.03,0,2.61335,2.69189,0,0.489458,4.47552,4.27036e+06,2.70226e+06,1.116e+07,0,0,0,0,62.3362,61.308,4.70831,0,1,1.71485,1.63631,0,1.3249,2.1168,8.87469e+06,3.61194e+06,1.52188e+07,0,0,0,5.83867e+07
85.139,85.139,3.13715,0.03,0,2.61487,2.69284,0,0.489742,4.47552,4.27036e+06,2.70226e+06,1.11665e+07,0,0,0,0,62.3362,61.308,4.63519,0,1,1.71485,1.63689,0,1.3249,2.1168,8.87469e+06,3.61194e+06,1.52188e+07,0,0,0,5.83867e+07
85.0792,85.139,2.80482,0.03,0,2.67926,2.75665,0,0.490027,4.47552,4.27036e+06,2.70226e+06,1.14414e+07,0,0,0,0,62.3362,61.308,4.28725,0,1,1.75487,1.67748,0,1.3249,2.1168,8.87469e+06,3.61194e+06,1.55739e+07,0,0,0,5.83867e+07
85.139,85.139,3.0923,0.04,0,2.72081,2.75762,0,0.502093,4.47552,4.27036e+06,2.70226e+06,1.16189e+07,0,0,0,0,62.3362,61.308,4.53286,0,1,1.71487,1.67806,0,1.35581,2.1168,8.87469e+06,3.61194e+06,1.52189e+07,0,0,0,5.83867e+07
85.139,85.139,2.92008,0.03,0,2.72237,2.75858,0,0.50988,4.47552,4.27036e+06,2.70226e+06,1.16255e+07,0,0,0,0,62.3362,61.308,4.63389,0,1,1.71487,1.67865,0,1.32491,2.1168,8.87469e+06,3.61194e+06,1.52189e+07,0,0,0,5.83867e+07
84.9856,85.139,2.73212,0.03,0,2.72392,2.75955,0,0.510172,4.47552,4.27036e+06,2.70226e+06,1.16321e+07,0,0,0,0,62.3362,61.308,4.25209,0,1,1.71487,1.67924,0,1.32491,2.1168,8.87469e+06,3.61194e+06,1.52189e+07,0,0,0,5.83867e+07
84.6404,85.139,2.68723,0.04,0,2.90984,2.94488,0,0.510463,4.47552,4.27036e+06,2.70226e+06,1.24261e+07,0,0,0,0,62.3362,61.308,4.55884,0,1,1.8595,1.82446,0,1.32491,2.1168,8.87469e+06,3.61194e+06,1.65024e+07,0,0,0,5.83867e+07
83.8794,85.139,2.26204,0.04,0,2.94591,2.94591,0,0.545305,4.47552,4.27036e+06,2.70226e+06,1.25801e+07,0,0,0,0,62.3362,61.308,3.86922,0,1,1.8251,1.8251,0,1.43665,2.1168,8.87469e+06,3.61194e+06,1.61972e+07,0,0,0,5.83867e+07
83.2712,85.139,2.43192,0.04,0,2.94695,2.94695,0,0.552064,4.47552,4.27036e+06,2.70226e+06,1.25845e+07,0,0,0,0,62.3362,61.308,4.59901,0,1,1.82574,1.82574,0,1.41007,2.1168,8.87469e+06,3.61194e+06,1.62028e+07,0,0,0,5.83867e+07
82.1783,85.139,1.94792,0.04,0,2.94798,2.94798,0,0.552258,4.47552,4.27036e+06,2.70226e+06,1.2589e+07,0,0,0,0,62.3362,61.308,3.31462,0,1,1.82638,1.82638,0,1.41056,2.1168,8.87469e+06,3.61194e+06,1.62085e+07,0,0,0,5.83867e+07
81.5287,85.139,2.37253,0.05,0,2.94901,2.94901,0,0.552452,4.47552,4.27036e+06,2.70226e+06,1.25934e+07,0,0,0,0,62.3362,61.308,5.78369,0,1,1.82702,1.82702,0,1.41106,2.1168,8.87469e+06,3.61194e+06,1.62142e+07,0,0,0,5.83867e+07
80.4091,85.139,1.80122,0.05,0,2.86004,2.86004,0,0.552645,4.47552,4.27036e+06,2.70226e+06,1.22134e+07,0,0,0,0,62.3362,61.308,3.96039,0,1,1.73972,1.73972,0,1.41155,2.1168,8.87469e+06,3.61194e+06,1.54395e+07,0,0,0,5.83867e+07
79.3113,85.139,1.84532,0.06,0,2.86104,2.86104,0,0.535971,4.47552,4.27036e+06,2.70226e+06,1.22177e+07,0,0,0,0,62.3362,61.308,3.4675,0,1,1.74033,1.74033,0,1.34411,2.1168,8.87469e+06,3.61194e+06,1.54449e+07,0,0,0,5.83867e+07
78.8065,85.139,2.47018,0.1,0,2.86204,2.86204,0,0.536159,4.47552,4.27036e+06,2.70226e+06,1.2222e+07,0,0,0,0,62.3362,61.308,4.45557,0,1,1.74094,1.74094,0,1.34458,2.1168,8.87469e+06,3.61194e+06,1.54503e+07,0,0,0,5.83867e+07
78.9153,85.139,3.20131,0.1,0,2.86305,2.86305,0,0.536347,4.47552,4.27036e+06,2.70226e+06,1.22263e+07,0,0,0,0,62.3362,61.308,6.68302,0,1,1.74155,1.74155,0,1.34505,2.1168,8.87469e+06,3.61194e+06,1.54557e+07,0,0,0,5.83867e+07
78.8936,85.139,3.04391,0.1,0,2.79006,2.79006,0,0.536535,4.47552,4.27036e+06,2.70226e+06,1.19146e+07,0,0,0,0,62.3362,61.308,4.63467,0,1,1.662,1.662,0,1.34552,2.1168,8.87469e+06,3.61194e+06,1.47498e+07,0,0,0,5.83867e+07
78.8925,85.139,3.20282,0.1,0,2.73877,2.79104,0,0.522858,4.47552,4.27036e+06,2.70226e+06,1.16955e+07,0,0,0,0,62.3362,61.308,7.27696,0,1,1.71486,1.66259,0,1.28406,2.1168,8.87469e+06,3.61194e+06,1.52189e+07,0,0,0,5.83867e+07
80.225,85.139,4.53247,0.1,0,2.74032,2.79202,0,0.513245,4.47552,4.27036e+06,2.70226e+06,1.17022e+07,0,0,0,0,62.3362,61.308,7.05011,0,1,1.71486,1.66317,0,1.3249,2.1168,8.87469e+06,3.61194e+06,1.52189e+07,0,0,0,5.83867e+07
81.4424,85.139,4.47971,0.07,0,2.74189,2.793,0,0.513537,4.47552,4.27036e+06,2.70226e+06,1.17088e+07,0,0,0,0,62.3362,61.308,5.75687,0,1,1.71486,1.66375,0,1.3249,2.1168,8.87469e+06,3.61194e+06,1.52189e+07,0,0,0,5.83867e+07
82.3742,85.139,4.04643,0.06,0,2.53303,2.58356,0,0.513829,4.47552,4.27036e+06,2.70226e+06,1.0817e+07,0,0,0,0,62.3362,61.308,7.29487,0,1,1.54769,1.49716,0,1.3249,2.1168,8.87469e+06,3.61194e+06,1.37352e+07,0,0,0,5.83867e+07
81.9402,85.139,2.49457,0.06,0,2.36734,2.58446,0,0.474689,4.47552,4.27036e+06,2.70226e+06,1.01094e+07,0,0,0,0,62.3362,61.308,6.40983,0,1,1.7148,1.49768,0,1.19574,2.1168,8.87469e+06,3.61194e+06,1.52184e+07,0,0,0,5.83867e+07
82.5687,85.139,3.64083,0.06,0,2.36877,2.58537,0,0.443639,4.47552,4.27036e+06,2.70226e+06,1.01155e+07,0,0,0,0,62.3362,61.308,8.60708,0,1,1.7148,1.49821,0,1.32486,2.1168,8.87469e+06,3.61194e+06,1.52184e+07,0,0,0,5.83867e+07
83.8024,85.139,4.25355,0.06,0,2.3702,2.58627,0,0.443907,4.47552,4.27036e+06,2.70226e+06,1.01216e+07,0,0,0,0,62.3362,61.308,10.1484,0,1,1.7148,1.49873,0,1.32486,2.1168,8.87469e+06,3.61194e+06,1.52184e+07,0,0,0,5.83867e+07
83.8962,85.139,3.06439,0.07,0,2.37163,2.58718,0,0.444175,4.47552,4.27036e+06,2.70226e+06,1.01277e+07,0,0,0,0,62.3362,61.308,4.70745,0,1,1.7148,1.49925,0,1.32486,2.1168,8.87469e+06,3.61194e+06,1.52184e+07,0,0,0,5.83867e+07
83.862,85.139,2.97202,0.09,0.02,2.45411,2.66914,0,0.444443,4.47552,4.27036e+06,2.70226e+06,1.04799e+07,0,0,0,0,62.3362,61.308,4.32141,0,1,1.76329,1.54826,0,1.32486,2.1168,8.87469e+06,3.61194e+06,1.56486e+07,0,0,0,5.83867e+07
83.7932,85.139,3.01244,0.09,0.02,2.50402,2.67004,0,0.4599,4.47552,4.27036e+06,2.70226e+06,1.06931e+07,0,0,0,0,62.3362,61.308,3.85394,0,1,1.7148,1.54878,0,1.36231,2.1168,8.87469e+06,3.61194e+06,1.52183e+07,0,0,0,5.83867e+07
84.7788,85.139,4.11329,0.08,0.02,2.50544,2.67094,0,0.469253,4.47552,4.27036e+06,2.70226e+06,1.06991e+07,0,0,0,0,62.3362,61.308,4.86182,0,1,1.7148,1.5493,0,1.32486,2.1168,8.87469e+06,3.61194e+06,1.52183e+07,0,0,0,5.83867e+07
85.139,85.139,8.78536,0.09,0.02,2.50686,2.67184,0,0.469519,4.47552,4.27036e+06,2.70226e+06,1.07052e+07,0,0,0,0,62.3362,61.308,6.67157,0,1,1.7148,1.54983,0,1.32486,2.1168,8.87469e+06,3.61194e+06,1.52183e+07,0,0,0,5.83867e+07
85.139,85.139,12.9757,0.08,0.02,2.76898,2.93343,0,0.469786,4.47552,4.27036e+06,2.70226e+06,1.18246e+07,0,0,0,0,62.3362,61.308,8.13152,0,1,1.89709,1.73264,0,1.32486,2.1168,8.87469e+06,3.61194e+06,1.68361e+07,0,0,0,5.83867e+07
85.139,85.139,3.70717,0.11,0.02,2.93442,2.93442,0,0.518907,4.47552,4.27036e+06,2.70226e+06,1.25311e+07,0,0,0,0,62.3362,61.308,3.92507,0,1,1.73322,1.73322,0,1.46569,2.1168,8.87469e+06,3.61194e+06,1.53818e+07,0,0,0,5.83867e+07
85.139,85.139,4.67614,0.1,0.02,2.93541,2.93541,0,0.549911,4.47552,4.27036e+06,2.70226e+06,1.25353e+07,0,0,0,0,62.3362,61.308,4.05667,0,1,1.73381,1.73381,0,1.33909,2.1168,8.87469e+06,3.61194e+06,1.5387e+07,0,0,0,5.83867e+07
85.139,85.139,4.4454,0.1,0.02,2.9364,2.9364,0,0.550096,4.47552,4.27036e+06,2.70226e+06,1.25395e+07,0,0,0,0,62.3362,61.308,4.22237,0,1,1.73439,1.73439,0,1.33954,2.1168,8.87469e+06,3.61194e+06,1.53922e+07,0,0,0,5.83867e+07
85.139,85.139,5.47589,0.1,0.02,2.56506,2.56506,0,0.550282,4.47552,4.27036e+06,2.70226e+06,1.09537e+07,0,0,0,0,62.3362,61.308,4.9942,0,1,1.49001,1.49001,0,1.33999,2.1168,8.87469e+06,3.61194e+06,1.32234e+07,0,0,0,5.83867e+07
85.139,85.139,9.41296,0.1,0.02,2.34166,2.56592,0,0.480692,4.47552,4.27036e+06,2.70226e+06,9.99972e+06,0,0,0,0,62.3362,61.308,6.99389,0,1,1.71478,1.49052,0,1.15118,2.1168,8.87469e+06,3.61194e+06,1.52182e+07,0,0,0,5.83867e+07
85.139,85.139,7.53494,0.1,0.02,2.34302,2.56679,0,0.438826,4.47552,4.27036e+06,2.70226e+06,1.00056e+07,0,0,0,0,62.3362,61.308,6.19482,0,1,1.71478,1.49102,0,1.32484,2.1168,8.87469e+06,3.61194e+06,1.52182e+07,0,0,0,5.83867e+07
85.139,85.139,6.74855,0.1,0.02,2.34439,2.56765,0,0.439083,4.47552,4.27036e+06,2.70226e+06,1.00114e+07,0,0,0,0,62.3362,61.308,6.20508,0,1,1.71478,1.49152,0,1.32484,2.1168,8.87469e+06,3.61194e+06,1.52182e+07,0,0,0,5.83867e+07
85.139,85.139,9.3183,0.1,0.02,2.34576,2.56852,0,0.439339,4.47552,4.27036e+06,2.70226e+06,1.00172e+07,0,0,0,0,62.3362,61.308,6.99252,0,1,1.71478,1.49202,0,1.32484,2.1168,8.87469e+06,3.61194e+06,1.52182e+07,0,0,0,5.83867e+07
85.139,85.139,8.55827,0.1,0.02,2.44101,2.66326,0,0.439595,4.47552,4.27036e+06,2.70226e+06,1.0424e+07,0,0,0,0,62.3362,61.308,9.72728,0,1,1.77481,1.55255,0,1.32484,2.1168,8.87469e+06,3.61194e+06,1.57509e+07,0,0,0,5.83867e+07
85.139,85.139,7.23771,0.1,0.02,2.50243,2.66416,0,0.457445,4.47552,4.27036e+06,2.70226e+06,1.06863e+07,0,0,0,0,62.3362,61.308,7.83982,0,1,1.7148,1.55308,0,1.37122,2.1168,8.87469e+06,3.61194e+06,1.52183e+07,0,0,0,5.83867e+07
85.139,85.139,5.4834,0.09,0.02,2.50385,2.66506,0,0.468956,4.47552,4.27036e+06,2.70226e+06,1.06924e+07,0,0,0,0,62.3362,61.308,4.83568,0,1,1.7148,1.5536,0,1.32486,2.1168,8.87469e+06,3.61194e+06,1.52183e+07,0,0,0,5.83867e+07
85.139,85.139,5.21095,0.08,0.02,2.50528,2.66596,0,0.469222,4.47552,4.27036e+06,2.70226e+06,1.06984e+07,0,0,0,0,62.3362,61.308,4.23834,0,1,1.7148,1.55412,0,1.32486,2.1168,8.87469e+06,3.61194e+06,1.52183e+07,0,0,0,5.83867e+07
85.139,85.139,4.49651,0.08,0.02,2.46994,2.6301,0,0.469489,4.47552,4.27036e+06,2.70226e+06,1.05475e+07,0,0,0,0,62.3362,61.308,3.54621,0,1,1.69146,1.5313,0,1.32486,2.1168,8.87469e+06,3.61194e+06,1.50112e+07,0,0,0,5.83867e+07
85.139,85.139,3.99658,0.08,0.02,2.448,2.63098,0,0.462867,4.47552,4.27036e+06,2.70226e+06,1.04539e+07,0,0,0,0,62.3362,61.308,3.34478,0,1,1.7148,1.53182,0,1.30682,2.1168,8.87469e+06,3.61194e+06,1.52183e+07,0,0,0,5.83867e+07
85.139,85.139,4.0634,0.07,0.02,2.4494,2.63187,0,0.458756,4.47552,4.27036e+06,2.70226e+06,1.04599e+07,0,0,0,0,62.239,61.308,2.78826,0,1,1.7148,1.53233,0,1.32485,2.1168,8.87469e+06,3.61194e+06,1.52183e+07,0,0,0,5.83867e+07
85.139,85.139,4.15966,0.07,0.02,2.45081,2.63275,0,0.459018,4.47552,4.27036e+06,2.70226e+06,1.04658e+07,0,0,0,0,62.1098,61.308,2.85936,0,1,1.7148,1.53285,0,1.32485,2.1168,8.87469e+06,3.61194e+06,1.52183e+07,0,0,0,5.83867e+07
85.139,85.139,3.3099,0.07,0.02,2.57714,2.75857,0,0.459281,4.47552,4.27036e+06,2.70226e+06,1.10053e+07,0,0,0,0,61.922,61.308,2.68179,0,1,1.7977,1.61627,0,1.32485,2.1168,8.87469e+06,3.61194e+06,1.5954e+07,0,0,0,5.83867e+07
85.139,85.139,3.39489,0.07,0.02,2.66149,2.7595,0,0.482956,4.47552,4.27036e+06,2.70226e+06,1.13655e+07,0,0,0,0,61.8263,61.308,2.66244,0,1,1.71482,1.61681,0,1.3889,2.1168,8.87469e+06,3.61194e+06,1.52185e+07,0,0,0,5.83867e+07
85.139,85.139,3.25591,0.05,0.02,2.66296,2.76043,0,0.498763,4.47552,4.27036e+06,2.70226e+06,1.13718e+07,0,0,0,0,61.6911,61.308,2.48594,0,1,1.71482,1.61735,0,1.32487,2.1168,8.87469e+06,3.61194e+06,1.52185e+07,0,0,0,5.83867e+07
85.139,85.139,3.20443,0.05,0.02,2.66443,2.76136,0,0.499039,4.47552,4.27036e+06,2.70226e+06,1.13781e+07,0,0,0,0,61.5584,61.308,2.56097,0,1,1.71482,1.6179,0,1.32487,2.1168,8.87469e+06,3.61194e+06,1.52185e+07,0,0,0,5.83867e+07
85.0646,85.139,2.88221,0.05,0.02,2.66591,2.76229,0,0.499315,4.47552,4.27036e+06,2.70226e+06,1.13844e+07,0,0,0,0,61.394,61.308,2.53514,0,1,1.71482,1.61844,0,1.32487,2.1168,8.87469e+06,3.61194e+06,1.52185e+07,0,0,0,5.83867e+07
84.6971,85.139,2.54425,0.06,0.02,2.64263,2.73847,0,0.499591,4.47552,4.27036e+06,2.70226e+06,1.1285e+07,0,0,0,0,61.1548,61.308,2.26298,0,1,1.76047,1.66463,0,1.32487,2.1168,8.87469e+06,3.61194e+06,1.56236e+07,0,0,0,5.83867e+07
84.0522,85.139,2.28014,0.06,0.02,2.68974,2.73939,0,0.495229,4.47552,4.27036e+06,2.70226e+06,1.14862e+07,0,0,0,0,60.8452,61.308,1.96058,0,1,1.71484,1.66519,0,1.36014,2.1168,8.87469e+06,3.61194e+06,1.52187e+07,0,0,0,5.83867e+07
83.3247,85.139,2.16981,0.05,0.02,2.69122,2.74031,0,0.504057,4.47552,4.27036e+06,2.70226e+06,1.14925e+07,0,0,0,0,60.4783,61.308,1.92035,0,1,1.71484,1.66575,0,1.32489,2.1168,8.87469e+06,3.61194e+06,1.52187e+07,0,0,0,5.83867e+07
82.476,85.139,2.04006,0.04,0.02,2.6927,2.74123,0,0.504334,4.47552,4.27036e+06,2.70226e+06,1.14988e+07,0,0,0,0,60.0999,61.308,1.94212,0,1,1.71484,1.66631,0,1.32489,2.1168,8.87469e+06,3.61194e+06,1.52187e+07,0,0,0,5.83867e+07
81.491,85.139,1.94562,0.04,0.02,2.75818,2.80615,0,0.504612,4.47552,4.27036e+06,2.70226e+06,1.17784e+07,0,0,0,0,59.7123,61.308,1.87556,0,1,1.75557,1.7076,0,1.32489,2.1168,8.87469e+06,3.61194e+06,1.55801e+07,0,0,0,5.83867e+07
80.7483,85.139,2.20401,0.04,0.02,2.80041,2.80709,0,0.516883,4.47552,4.27036e+06,2.70226e+06,1.19588e+07,0,0,0,0,59.3788,61.308,2.0645,0,1,1.71485,1.70817,0,1.35635,2.1168,8.87469e+06,3.61194e+06,1.52188e+07,0,0,0,5.83867e+07
79.8315,85.139,2.0193,0.04,0.02,2.80193,2.80804,0,0.524798,4.47552,4.27036e+06,2.70226e+06,1.19653e+07,0,0,0,0,59.0076,61.308,1.99929,0,1,1.71485,1.70875,0,1.3249,2.1168,8.87469e+06,3.61194e+06,1.52188e+07,0,0,0,5.83867e+07
78.7393,85.139,1.83253,0.04,0.02,2.80345,2.80898,0,0.525082,4.47552,4.27036e+06,2.70226e+06,1.19718e+07,0,0,0,0,58.5907,61.308,1.82996,0,1,1.71485,1.70932,0,1.3249,2.1168,8.87469e+06,3.61194e+06,1.52188e+07,0,0,0,5.83867e+07
77.2934,85.139,1.61097,0.07,0.02,2.99263,2.99759,0,0.525366,4.47552,4.27036e+06,2.70226e+06,1.27796e+07,0,0,0,0,58.1825,61.308,1.80584,0,1,1.86207,1.85711,0,1.3249,2.1168,8.87469e+06,3.61194e+06,1.65253e+07,0,0,0,5.83867e+07
76.1309,85.139,1.91701,0.08,0.02,2.9986,2.9986,0,0.560819,4.47552,4.27036e+06,2.70226e+06,1.28051e+07,0,0,0,0,57.9174,61.308,2.05662,0,1,1.85774,1.85774,0,1.43863,2.1168,8.87469e+06,3.61194e+06,1.64868e+07,0,0,0,5.83867e+07
75.1375,85.139,2.08563,0.08,0.02,2.9996,2.9996,0,0.561937,4.47552,4.27036e+06,2.70226e+06,1.28094e+07,0,0,0,0,57.6819,61.308,2.12473,0,1,1.85836,1.85836,0,1.43529,2.1168,8.87469e+06,3.61194e+06,1.64924e+07,0,0,0,5.83867e+07
74.6219,85.139,2.55439,0.08,0.02,3.00061,3.00061,0,0.562126,4.47552,4.27036e+06,2.70226e+06,1.28137e+07,0,0,0,0,57.497,61.308,2.33651,0,1,1.85898,1.85898,0,1.43577,2.1168,8.87469e+06,3.61194e+06,1.64979e+07,0,0,0,5.83867e+07
73.5148,85.139,1.95568,0.09,0.02,3.00162,3.00162,0,0.562315,4.47552,4.27036e+06,2.70226e+06,1.2818e+07,0,0,0,0,57.231,61.308,2.097,0,1,1.85961,1.85961,0,1.43625,2.1168,8.87469e+06,3.61194e+06,1.65034e+07,0,0,0,5.83867e+07
72.4482,85.139,1.91211,0.11,0.02,2.91101,2.91101,0,0.562504,4.47552,4.27036e+06,2.70226e+06,1.24311e+07,0,0,0,0,56.9657,61.308,2.15476,0,1,1.77073,1.77073,0,1.43673,2.1168,8.87469e+06,3.61194e+06,1.57147e+07,0,0,0,5.83867e+07
71.9569,85.139,2.48967,0.12,0.02,2.91199,2.91199,0,0.545524,4.47552,4.27036e+06,2.70226e+06,1.24353e+07,0,0,0,0,56.9929,61.308,2.97917,0,1,1.77132,1.77132,0,1.36807,2.1168,8.87469e+06,3.61194e+06,1.57199e+07,0,0,0,5.83867e+07
71.301,85.139,2.31085,0.12,0.02,2.91297,2.91297,0,0.545707,4.47552,4.27036e+06,2.70226e+06,1.24394e+07,0,0,0,0,56.8803,61.308,2.79044,0,1,1.77192,1.77192,0,1.36852,2.1168,8.87469e+06,3.61194e+06,1.57252e+07,0,0,0,5.83867e+07
71.0005,85.139,2.68774,0.13,0.02,2.91395,2.91395,0,0.545891,4.47552,4.27036e+06,2.70226e+06,1.24436e+07,0,0,0,0,57.0556,61.308,3.8507,0,1,1.77251,1.77251,0,1.36898,2.1168,8.87469e+06,3.61194e+06,1.57305e+07,0,0,0,5.83867e+07
71.7267,85.139,3.85711,0.13,0.02,2.83963,2.83963,0,0.546074,4.47552,4.27036e+06,2.70226e+06,1.21262e+07,0,0,0,0,57.1074,61.308,3.58059,0,1,1.69153,1.69153,0,1.36944,2.1168,8.87469e+06,3.61194e+06,1.50118e+07,0,0,0,5.83867e+07
72.4794,85.139,3.734,0.13,0.02,2.81783,2.84058,0,0.532146,4.47552,4.27036e+06,2.70226e+06,1.20332e+07,0,0,0,0,57.1337,61.308,2.99197,0,1,1.71485,1.6921,0,1.30687,2.1168,8.87469e+06,3.61194e+06,1.52187e+07,0,0,0,5.83867e+07
74.704,85.139,5.49435,0.13,0.02,2.81935,2.84153,0,0.528061,4.47552,4.27036e+06,2.70226e+06,1.20397e+07,0,0,0,0,57.7334,61.308,5.36143,0,1,1.71485,1.69266,0,1.32489,2.1168,8.87469e+06,3.61194e+06,1.52187e+07,0,0,0,5.83867e+07
78.3077,85.139,6.84525,0.11,0.02,2.82087,2.84249,0,0.528346,4.47552,4.27036e+06,2.70226e+06,1.20462e+07,0,0,0,0,58.5609,61.308,6.28979,0,1,1.71485,1.69323,0,1.32489,2.1168,8.87469e+06,3.61194e+06,1.52187e+07,0,0,0,5.83867e+07
83.0992,85.139,7.74447,0.09,0.02,2.60825,2.6293,0,0.528631,4.47552,4.27036e+06,2.70226e+06,1.11382e+07,0,0,0,0,59.5775,61.308,6.34877,0,1,1.54471,1.52366,0,1.32489,2.1168,8.87469e+06,3.61194e+06,1.37088e+07,0,0,0,5.83867e+07
84.3934,85.139,4.22829,0.08,0.02,2.43956,2.63018,0,0.488786,4.47552,4.27036e+06,2.70226e+06,1.04178e+07,0,0,0,0,60.3548,61.308,4.92896,0,1,1.71479,1.52418,0,1.19344,2.1168,8.87469e+06,3.61194e+06,1.52182e+07,0,0,0,5.83867e+07
84.2884,85.139,2.73267,0.07,0.02,2.44096,2.63106,0,0.457174,4.47552,4.27036e+06,2.70226e+06,1.04238e+07,0,0,0,0,61.0013,61.308,4.3403,0,1,1.71479,1.52469,0,1.32485,2.1168,8.87469e+06,3.61194e+06,1.52182e+07,0,0,0,5.83867e+07
85.139,85.139,7.19456,0.07,0.02,2.44235,2.63195,0,0.457436,4.47552,4.27036e+06,2.70226e+06,1.04297e+07,0,0,0,0,62.3362,61.308,9.00558,0,1,1.71479,1.5252,0,1.32485,2.1168,8.87469e+06,3.61194e+06,1.52182e+07,0,0,0,5.83867e+07
85.139,85.139,10.6632,0.06,0.02,2.44375,2.63283,0,0.457697,4.47552,4.27036e+06,2.70226e+06,1.04357e+07,0,0,0,0,62.3362,61.308,13.5556,0,1,1.71479,1.52571,0,1.32485,2.1168,8.87469e+06,3.61194e+06,1.52182e+07,0,0,0,5.83867e+07
85.139,85.139,6.01629,0.09,0.02,2.52763,2.7162,0,0.457958,4.47552,4.27036e+06,2.70226e+06,1.07939e+07,0,0,0,0,62.3362,61.308,7.41102,0,1,1.76413,1.57556,0,1.32485,2.1168,8.87469e+06,3.61194e+06,1.56561e+07,0,0,0,5.83867e+07
84.3683,85.139,2.18467,0.1,0.02,2.57835,2.71707,0,0.473677,4.47552,4.27036e+06,2.70226e+06,1.10105e+07,0,0,0,0,62.3362,61.308,3.90521,0,1,1.71479,1.57607,0,1.36296,2.1168,8.87469e+06,3.61194e+06,1.52182e+07,0,0,0,5.83867e+07
84.8121,85.139,3.4894,0.12,0.02,2.57974,2.71795,0,0.483183,4.47552,4.27036e+06,2.70226e+06,1.10164e+07,0,0,0,0,62.3362,61.308,4.20748,0,1,1.71479,1.57658,0,1.32485,2.1168,8.87469e+06,3.61194e+06,1.52182e+07,0,0,0,5.83867e+07
84.5288,85.139,2.7091,0.12,0.02,2.58113,2.71883,0,0.483443,4.47552,4.27036e+06,2.70226e+06,1.10223e+07,0,0,0,0,62.3362,61.308,3.85411,0,1,1.71479,1.57708,0,1.32485,2.1168,8.87469e+06,3.61194e+06,1.52182e+07,0,0,0,5.83867e+07
83.8628,85.139,2.5381,0.12,0.02,2.84779,2.98498,0,0.483703,4.47552,4.27036e+06,2.70226e+06,1.21611e+07,0,0,0,0,62.3362,61.308,3.7427,0,1,1.90028,1.76309,0,1.32485,2.1168,8.87469e+06,3.61194e+06,1.68644e+07,0,0,0,5.83867e+07
82.9545,85.139,2.43441,0.11,0.02,2.98595,2.98595,0,0.533675,4.47552,4.27036e+06,2.70226e+06,1.27511e+07,0,0,0,0,62.2239,61.308,2.93123,0,1,1.76365,1.76365,0,1.46816,2.1168,8.87469e+06,3.61194e+06,1.56519e+07,0,0,0,5.83867e+07
82.2906,85.139,2.70604,0.11,0.02,2.98691,2.98691,0,0.559566,4.47552,4.27036e+06,2.70226e+06,1.27552e+07,0,0,0,0,62.1146,61.308,3.13337,0,1,1.76422,1.76422,0,1.3626,2.1168,8.87469e+06,3.61194e+06,1.56569e+07,0,0,0,5.83867e+07
81.3519,85.139,2.37787,0.1,0.02,2.98787,2.98787,0,0.559747,4.47552,4.27036e+06,2.70226e+06,1.27593e+07,0,0,0,0,62.0467,61.308,2.84602,0,1,1.76479,1.76479,0,1.36304,2.1168,8.87469e+06,3.61194e+06,1.5662e+07,0,0,0,5.83867e+07
82.2722,85.139,4.04464,0.1,0.02,2.60998,2.60998,0,0.559928,4.47552,4.27036e+06,2.70226e+06,1.11456e+07,0,0,0,0,62.3362,61.308,3.95188,0,1,1.51611,1.51611,0,1.36348,2.1168,8.87469e+06,3.61194e+06,1.3455e+07,0,0,0,5.83867e+07
83.9442,85.139,4.54883,0.1,0.02,2.41266,2.61083,0,0.489111,4.47552,4.27036e+06,2.70226e+06,1.03029e+07,0,0,0,0,62.3362,61.308,3.11525,0,1,1.71477,1.5166,0,1.17135,2.1168,8.87469e+06,3.61194e+06,1.5218e+07,0,0,0,5.83867e+07
85.139,85.139,5.46268,0.1,0.02,2.41399,2.61167,0,0.452132,4.47552,4.27036e+06,2.70226e+06,1.03086e+07,0,0,0,0,62.3362,61.308,4.12626,0,1,1.71477,1.51709,0,1.32483,2.1168,8.87469e+06,3.61194e+06,1.5218e+07,0,0,0,5.83867e+07
85.139,85.139,5.4804,0.07,0.02,2.41532,2.61251,0,0.452382,4.47552,4.27036e+06,2.70226e+06,1.03143e+07,0,0,0,0,62.3362,61.308,4.93614,0,1,1.71477,1.51758,0,1.32483,2.1168,8.87469e+06,3.61194e+06,1.5218e+07,0,0,0,5.83867e+07
85.139,85.139,4.59277,0.09,0.02,2.41665,2.61336,0,0.452631,4.47552,4.27036e+06,2.70226e+06,1.032e+07,0,0,0,0,62.3362,61.308,3.34423,0,1,1.71477,1.51807,0,1.32483,2.1168,8.87469e+06,3.61194e+06,1.5218e+07,0,0,0,5.83867e+07
85.139,85.139,6.44611,0.1,0.02,2.5135,2.70972,0,0.452881,4.47552,4.27036e+06,2.70226e+06,1.07336e+07,0,0,0,0,62.3362,61.308,5.62911,0,1,1.77584,1.57963,0,1.32483,2.1168,8.87469e+06,3.61194e+06,1.57601e+07,0,0,0,5.83867e+07
85.139,85.139,6.42872,0.09,0.02,2.57594,2.71059,0,0.471031,4.47552,4.27036e+06,2.70226e+06,1.10002e+07,0,0,0,0,62.3362,61.308,5.61463,0,1,1.71479,1.58014,0,1.37202,2.1168,8.87469e+06,3.61194e+06,1.52182e+07,0,0,0,5.83867e+07
85.139,85.139,5.62984,0.09,0.02,2.57733,2.71146,0,0.482732,4.47552,4.27036e+06,2.70226e+06,1.10061e+07,0,0,0,0,62.3362,61.308,4.76785,0,1,1.71479,1.58065,0,1.32485,2.1168,8.87469e+06,3.61194e+06,1.52182e+07,0,0,0,5.83867e+07
85.139,85.139,5.03738,0.09,0.02,2.57871,2.71234,0,0.482991,4.47552,4.27036e+06,2.70226e+06,1.1012e+07,0,0,0,0,62.3362,61.308,4.89831,0,1,1.71479,1.58116,0,1.32485,2.1168,8.87469e+06,3.61194e+06,1.52182e+07,0,0,0,5.83867e+07
85.139,85.139,5.83763,0.07,0.02,2.5427,2.67582,0,0.48325,4.47552,4.27036e+06,2.70226e+06,1.08583e+07,0,0,0,0,62.3362,61.308,4.49606,0,1,1.69104,1.55792,0,1.32485,2.1168,8.87469e+06,3.61194e+06,1.50074e+07,0,0,0,5.83867e+07
85.139,85.139,3.4207,0.07,0.02,2.52032,2.67668,0,0.476502,4.47552,4.27036e+06,2.70226e+06,1.07627e+07,0,0,0,0,62.2706,61.308,2.55651,0,1,1.71478,1.55842,0,1.3065,2.1168,8.87469e+06,3.61194e+06,1.52182e+07,0,0,0,5.83867e+07
85.139,85.139,3.02625,0.07,0.02,2.52169,2.67754,0,0.472308,4.47552,4.27036e+06,2.70226e+06,1.07685e+07,0,0,0,0,62.2768,61.308,2.76402,0,1,1.71478,1.55893,0,1.32484,2.1168,8.87469e+06,3.61194e+06,1.52182e+07,0,0,0,5.83867e+07
85.139,85.139,3.07878,0.06,0.02,2.52305,2.67841,0,0.472564,4.47552,4.27036e+06,2.70226e+06,1.07744e+07,0,0,0,0,62.1584,61.308,2.30939,0,1,1.71478,1.55943,0,1.32484,2.1168,8.87469e+06,3.61194e+06,1.52182e+07,0,0,0,5.83867e+07
85.139,85.139,3.15125,0.06,0.02,2.65152,2.80637,0,0.47282,4.47552,4.27036e+06,2.70226e+06,1.13229e+07,0,0,0,0,62.0083,61.308,2.36032,0,1,1.79912,1.64427,0,1.32484,2.1168,8.87469e+06,3.61194e+06,1.59666e+07,0,0,0,5.83867e+07
84.9459,85.139,2.78423,0.06,0.02,2.73726,2.80727,0,0.496894,4.47552,4.27036e+06,2.70226e+06,1.16891e+07,0,0,0,0,61.8763,61.308,2.36986,0,1,1.71481,1.6448,0,1.39,2.1168,8.87469e+06,3.61194e+06,1.52184e+07,0,0,0,5.83867e+07
84.7681,85.139,2.79649,0.07,0.02,2.7387,2.80818,0,0.512963,4.47552,4.27036e+06,2.70226e+06,1.16952e+07,0,0,0,0,61.7058,61.308,2.1698,0,1,1.71481,1.64533,0,1.32486,2.1168,8.87469e+06,3.61194e+06,1.52184e+07,0,0,0,5.83867e+07
84.327,85.139,2.48804,0.07,0.02,2.74013,2.80908,0,0.513232,4.47552,4.27036e+06,2.70226e+06,1.17014e+07,0,0,0,0,61.4651,61.308,2.07229,0,1,1.71481,1.64586,0,1.32486,2.1168,8.87469e+06,3.61194e+06,1.52184e+07,0,0,0,5.83867e+07
83.783,85.139,2.35637,0.07,0.02,2.74157,2.80999,0,0.5135,4.47552,4.27036e+06,2.70226e+06,1.17075e+07,0,0,0,0,60.9728,61.308,1.96163,0,1,1.71481,1.64639,0,1.32486,2.1168,8.87469e+06,3.61194e+06,1.52184e+07,0,0,0,5.83867e+07
82.9137,85.139,1.9912,0.05,0.02,2.71783,2.78572,0,0.513769,4.47552,4.27036e+06,2.70226e+06,1.16061e+07,0,0,0,0,60.1963,61.308,1.68877,0,1,1.76124,1.69335,0,1.32486,2.1168,8.87469e+06,3.61194e+06,1.56304e+07,0,0,0,5.83867e+07
81.5597,85.139,1.52069,0.04,0.02,2.76568,2.78661,0,0.509321,4.47552,4.27036e+06,2.70226e+06,1.18105e+07,0,0,0,0,59.3908,61.308,1.39264,0,1,1.71483,1.69389,0,1.36073,2.1168,8.87469e+06,3.61194e+06,1.52185e+07,0,0,0,5.83867e+07
80.0818,85.139,1.38842,0.03,0.02,2.76713,2.78751,0,0.518289,4.47552,4.27036e+06,2.70226e+06,1.18166e+07,0,0,0,0,58.4763,61.308,1.36843,0,1,1.71483,1.69444,0,1.32487,2.1168,8.87469e+06,3.61194e+06,1.52185e+07,0,0,0,5.83867e+07
78.4906,85.139,1.25894,0.03,0.02,2.76857,2.78841,0,0.518559,4.47552,4.27036e+06,2.70226e+06,1.18228e+07,0,0,0,0,57.5348,61.308,1.23978,0,1,1.71483,1.69499,0,1.32487,2.1168,8.87469e+06,3.61194e+06,1.52185e+07,0,0,0,5.83867e+07
76.8244,85.139,1.19113,0.05,0.02,2.83511,2.8544,0,0.51883,4.47552,4.27036e+06,2.70226e+06,1.2107e+07,0,0,0,0,56.5782,61.308,1.21347,0,1,1.75626,1.73696,0,1.32487,2.1168,8.87469e+06,3.61194e+06,1.55862e+07,0,0,0,5.83867e+07
75.3688,85.139,1.41929,0.06,0.02,2.85532,2.85532,0,0.531299,4.47552,4.27036e+06,2.70226e+06,1.21933e+07,0,0,0,0,55.6178,61.308,1.37532,0,1,1.73752,1.73752,0,1.35688,2.1168,8.87469e+06,3.61194e+06,1.542e+07,0,0,0,5.83867e+07
73.749,85.139,1.2424,0.05,0.02,2.85624,2.85624,0,0.535088,4.47552,4.27036e+06,2.70226e+06,1.21972e+07,0,0,0,0,54.629,61.308,1.2662,0,1,1.73808,1.73808,0,1.34241,2.1168,8.87469e+06,3.61194e+06,1.54249e+07,0,0,0,5.83867e+07
72.0526,85.139,1.14706,0.09,0.02,2.85716,2.85716,0,0.53526,4.47552,4.27036e+06,2.70226e+06,1.22011e+07,0,0,0,0,53.6317,61.308,1.22342,0,1,1.73864,1.73864,0,1.34284,2.1168,8.87469e+06,3.61194e+06,1.54299e+07,0,0,0,5.83867e+07
70.0189,85.139,0.943356,0.09,0.02,3.04896,3.04896,0,0.535432,4.47552,4.27036e+06,2.70226e+06,1.30202e+07,0,0,0,0,52.5255,61.308,1.22164,0,1,1.88894,1.88894,0,1.34327,2.1168,8.87469e+06,3.61194e+06,1.67637e+07,0,0,0,5.83867e+07
67.9775,85.139,0.932299,0.09,0.02,3.04994,3.04994,0,0.571375,4.47552,4.27036e+06,2.70226e+06,1.30244e+07,0,0,0,0,51.3969,61.308,1.05648,0,1,1.88955,1.88955,0,1.45939,2.1168,8.87469e+06,3.61194e+06,1.67691e+07,0,0,0,5.83867e+07
66.0713,85.139,1.06121,0.14,0.02,3.05092,3.05092,0,0.571559,4.47552,4.27036e+06,2.70226e+06,1.30286e+07,0,0,0,0,50.212,61.308,1.128,0,1,1.89015,1.89015,0,1.45986,2.1168,8.87469e+06,3.61194e+06,1.67745e+07,0,0,0,5.83867e+07
63.9829,85.139,0.870584,0.14,0.02,3.05191,3.05191,0,0.571743,4.47552,4.27036e+06,2.70226e+06,1.30327e+07,0,0,0,0,49.1952,61.308,0.897395,0,1,1.89076,1.89076,0,1.46033,2.1168,8.87469e+06,3.61194e+06,1.67799e+07,0,0,0,5.83867e+07
62.0641,85.139,1.01143,0.14,0.02,3.05289,3.05289,0,0.571927,4.47552,4.27036e+06,2.70226e+06,1.30369e+07,0,0,0,0,48.3185,61.308,1.35815,0,1,1.89137,1.89137,0,1.4608,2.1168,8.87469e+06,3.61194e+06,1.67853e+07,0,0,0,5.83867e+07
60.3613,85.139,1.1748,0.17,0.02,2.96069,2.96069,0,0.572111,4.47552,4.27036e+06,2.70226e+06,1.26432e+07,0,0,0,0,47.5822,61.308,1.25852,0,1,1.80095,1.80095,0,1.46127,2.1168,8.87469e+06,3.61194e+06,1.59828e+07,0,0,0,5.83867e+07
59.5889,85.139,2.17592,0.16,0.02,2.96165,2.96165,0,0.554834,4.47552,4.27036e+06,2.70226e+06,1.26473e+07,0,0,0,0,47.4858,61.308,1.74453,0,1,1.80153,1.80153,0,1.39141,2.1168,8.87469e+06,3.61194e+06,1.5988e+07,0,0,0,5.83867e+07
58.5449,85.139,1.87889,0.16,0.02,2.9626,2.9626,0,0.555012,4.47552,4.27036e+06,2.70226e+06,1.26514e+07,0,0,0,0,47.4314,61.308,2.77522,0,1,1.80211,1.80211,0,1.39186,2.1168,8.87469e+06,3.61194e+06,1.59931e+07,0,0,0,5.83867e+07
57.2791,85.139,1.6479,0.17,0.02,2.96355,2.96355,0,0.555191,4.47552,4.27036e+06,2.70226e+06,1.26554e+07,0,0,0,0,46.7574,61.308,1.58134,0,1,1.80269,1.80269,0,1.39231,2.1168,8.87469e+06,3.61194e+06,1.59983e+07,0,0,0,5.83867e+07
56.0463,85.139,1.59634,0.14,0.02,2.88792,2.88792,0,0.555369,4.47552,4.27036e+06,2.70226e+06,1.23325e+07,0,0,0,0,46.4463,61.308,1.45318,0,1,1.7203,1.7203,0,1.39276,2.1168,8.87469e+06,3.61194e+06,1.52671e+07,0,0,0,5.83867e+07
55.4679,85.139,2.30062,0.18,0.02,2.88885,2.88885,0,0.541197,4.47552,4.27036e+06,2.70226e+06,1.23365e+07,0,0,0,0,46.3193,61.308,2.37319,0,1,1.72085,1.72085,0,1.3291,2.1168,8.87469e+06,3.61194e+06,1.5272e+07,0,0,0,5.83867e+07
54.1334,85.139,1.46704,0.17,0.02,2.88978,2.88978,0,0.541371,4.47552,4.27036e+06,2.70226e+06,1.23404e+07,0,0,0,0,46.0487,61.308,1.75496,0,1,1.7214,1.7214,0,1.32953,2.1168,8.87469e+06,3.61194e+06,1.52769e+07,0,0,0,5.83867e+07
53.6006,85.139,2.29762,0.17,0.02,2.89071,2.89071,0,0.541545,4.47552,4.27036e+06,2.70226e+06,1.23444e+07,0,0,0,0,46.0838,61.308,2.52764,0,1,1.72196,1.72196,0,1.32996,2.1168,8.87469e+06,3.61194e+06,1.52818e+07,0,0,0,5.83867e+07
54.9411,85.139,4.07562,0.16,0.02,2.67387,2.67387,0,0.541719,4.47552,4.27036e+06,2.70226e+06,1.14184e+07,0,0,0,0,46.8892,61.308,3.4218,0,1,1.54949,1.54949,0,1.33038,2.1168,8.87469e+06,3.61194e+06,1.37512e+07,0,0,0,5.83867e+07
55.8125,85.139,3.5068,0.16,0.02,2.50994,2.67472,0,0.501082,4.47552,4.27036e+06,2.70226e+06,1.07183e+07,0,0,0,0,47.4381,61.308,3.24663,0,1,1.71478,1.54999,0,1.19714,2.1168,8.87469e+06,3.61194e+06,1.52181e+07,0,0,0,5.83867e+07
56.3383,85.139,3.25445,0.15,0.02,2.51129,2.67558,0,0.470362,4.47552,4.27036e+06,2.70226e+06,1.07241e+07,0,0,0,0,48.1482,61.308,3.28693,0,1,1.71478,1.55049,0,1.32484,2.1168,8.87469e+06,3.61194e+06,1.52181e+07,0,0,0,5.83867e+07
56.8751,85.139,3.3695,0.17,0.02,2.51265,2.67644,0,0.470616,4.47552,4.27036e+06,2.70226e+06,1.07299e+07,0,0,0,0,48.663,61.308,2.96602,0,1,1.71478,1.55098,0,1.32484,2.1168,8.87469e+06,3.61194e+06,1.52181e+07,0,0,0,5.83867e+07
64.6189,85.139,10.9201,0.16,0.02,2.51401,2.6773,0,0.470871,4.47552,4.27036e+06,2.70226e+06,1.07357e+07,0,0,0,0,51.6912,61.308,10.0845,0,1,1.71478,1.55148,0,1.32484,2.1168,8.87469e+06,3.61194e+06,1.52181e+07,0,0,0,5.83867e+07
69.4286,85.139,7.92643,0.15,0.02,2.51451,2.6773,0,0.471125,4.47552,4.27036e+06,2.70226e+06,1.07379e+07,0,0,0,0,53.573,61.308,7.64247,0,1,1.71428,1.55148,0,1.32484,2.1168,8.87469e+06,3.61194e+06,1.52137e+07,0,0,0,5.83867e+07
74.5624,85.139,7.98037,0.13,0.02,2.15724,2.76204,0,0.471219,4.47552,4.27036e+06,2.70226e+06,9.21221e+06,0,0,0,0,55.0765,61.308,8.04058,0,1,2.20695,1.60215,0,1.32445,2.96352,8.87469e+06,3.61194e+06,1.9586e+07,0,0,0,5.83867e+07
78.5849,85.139,6.82348,0.11,0.02,2.1581,2.7629,0,0.404267,4.47552,4.27036e+06,2.70226e+06,9.21585e+06,0,0,0,0,56.1412,61.308,6.76459,0,1,2.20745,1.60265,0,1.70509,2.96352,8.87469e+06,3.61194e+06,1.95904e+07,0,0,0,5.83867e+07
84.3939,85.139,8.61493,0.11,0.02,2.15895,2.76375,0,0.404427,4.47552,4.27036e+06,2.70226e+06,9.2195e+06,0,0,0,0,57.6886,61.308,8.30981,0,1,2.20794,1.60314,0,1.70547,2.96352,8.87469e+06,3.61194e+06,1.95948e+07,0,0,0,5.83867e+07
85.139,85.139,6.40315,0.1,0.02,2.1598,2.7646,0,0.404587,4.47552,4.27036e+06,2.70226e+06,9.22315e+06,0,0,0,0,58.5728,61.308,6.17963,0,1,2.20844,1.60364,0,1.70585,2.96352,8.87469e+06,3.61194e+06,1.95992e+07,0,0,0,5.83867e+07
85.139,85.139,9.19193,0.08,0.02,2.43039,3.03519,0,0.404747,4.47552,4.27036e+06,2.70226e+06,1.03787e+07,0,0,0,0,60.3188,61.308,9.43034,0,1,2.39754,1.79274,0,1.70624,2.96352,8.87469e+06,3.61194e+06,2.12774e+07,0,0,0,5.83867e+07
85.139,85.139,7.42264,0.07,0.02,2.43133,3.03613,0,0.455456,4.47552,4.27036e+06,2.70226e+06,1.03827e+07,0,0,0,0,61.6091,61.308,7.21573,0,1,2.3981,1.7933,0,1.85234,2.96352,8.87469e+06,3.61194e+06,2.12824e+07,0,0,0,5.83867e+07
85.139,85.139,6.71213,0.07,0.02,2.43227,3.03707,0,0.455631,4.47552,4.27036e+06,2.70226e+06,1.03867e+07,0,0,0,0,62.2973,61.308,5.4432,0,1,2.39865,1.79385,0,1.85277,2.96352,8.87469e+06,3.61194e+06,2.12873e+07,0,0,0,5.83867e+07
85.139,85.139,5.24505,0.08,0.02,2.43321,3.03801,0,0.455807,4.47552,4.27036e+06,2.70226e+06,1.03907e+07,0,0,0,0,62.3362,61.308,4.94605,0,1,2.3992,1.7944,0,1.8532,2.96352,8.87469e+06,3.61194e+06,2.12922e+07,0,0,0,5.83867e+07
85.139,85.139,4.16373,0.08,0.02,2.04894,2.65374,0,0.455983,4.47552,4.27036e+06,2.70226e+06,8.74972e+06,0,0,0,0,62.3362,61.308,5.04769,0,1,2.14633,1.54153,0,1.85363,2.96352,8.87469e+06,3.61194e+06,1.9048e+07,0,0,0,5.83867e+07
85.139,85.139,4.28435,0.08,0.02,2.04976,2.65456,0,0.383971,4.47552,4.27036e+06,2.70226e+06,8.75322e+06,0,0,0,0,62.3362,61.308,4.58354,0,1,2.1468,1.542,0,1.65825,2.96352,8.87469e+06,3.61194e+06,1.90522e+07,0,0,0,5.83867e+07
85.139,85.139,3.52155,0.09,0.02,2.05058,2.65538,0,0.384125,4.47552,4.27036e+06,2.70226e+06,8.75672e+06,0,0,0,0,62.3362,61.308,3.17429,0,1,2.14728,1.54248,0,1.65862,2.96352,8.87469e+06,3.61194e+06,1.90564e+07,0,0,0,5.83867e+07
85.139,85.139,3.38507,0.09,0.02,2.0514,2.6562,0,0.384278,4.47552,4.27036e+06,2.70226e+06,8.76022e+06,0,0,0,0,62.3362,61.308,3.28997,0,1,2.14776,1.54296,0,1.65899,2.96352,8.87469e+06,3.61194e+06,1.90607e+07,0,0,0,5.83867e+07
85.139,85.139,5.50615,0.1,0.02,2.05222,2.65702,0,0.384432,4.47552,4.27036e+06,2.70226e+06,8.76372e+06,0,0,0,0,62.3362,61.308,5.95778,0,1,2.14823,1.54343,0,1.65936,2.96352,8.87469e+06,3.61194e+06,1.90649e+07,0,0,0,5.83867e+07
85.139,85.139,5.00334,0.1,0.02,2.15015,2.75495,0,0.384586,4.47552,4.27036e+06,2.70226e+06,9.18192e+06,0,0,0,0,62.3362,61.308,6.23595,0,1,2.2108,1.606,0,1.65972,2.96352,8.87469e+06,3.61194e+06,1.96202e+07,0,0,0,5.83867e+07
85.139,85.139,5.37466,0.1,0.02,2.151,2.7558,0,0.402938,4.47552,4.27036e+06,2.70226e+06,9.18555e+06,0,0,0,0,62.3362,61.308,7.63728,0,1,2.2113,1.6065,0,1.70807,2.96352,8.87469e+06,3.61194e+06,1.96246e+07,0,0,0,5.83867e+07
85.139,85.139,3.79728,0.1,0.02,2.15185,2.75665,0,0.403097,4.47552,4.27036e+06,2.70226e+06,9.18918e+06,0,0,0,0,62.3362,61.308,4.51291,0,1,2.21179,1.60699,0,1.70845,2.96352,8.87469e+06,3.61194e+06,1.9629e+07,0,0,0,5.83867e+07
85.139,85.139,3.13672,0.1,0.02,2.1527,2.7575,0,0.403257,4.47552,4.27036e+06,2.70226e+06,9.19282e+06,0,0,0,0,62.3362,61.308,4.06355,0,1,2.21229,1.60749,0,1.70883,2.96352,8.87469e+06,3.61194e+06,1.96334e+07,0,0,0,5.83867e+07
85.139,85.139,2.98757,0.08,0.02,2.11553,2.72033,0,0.403416,4.47552,4.27036e+06,2.70226e+06,9.0341e+06,0,0,0,0,62.3325,61.308,3.24206,0,1,2.18864,1.58384,0,1.70921,2.96352,8.87469e+06,3.61194e+06,1.94235e+07,0,0,0,5.83867e+07
85.139,85.139,2.74968,0.08,0.02,2.11637,2.72117,0,0.396451,4.47552,4.27036e+06,2.70226e+06,9.03769e+06,0,0,0,0,62.1888,61.308,2.9504,0,1,2.18913,1.58433,0,1.69094,2.96352,8.87469e+06,3.61194e+06,1.94278e+07,0,0,0,5.83867e+07
85.139,85.139,2.68055,0.08,0.02,2.11721,2.72201,0,0.396608,4.47552,4.27036e+06,2.70226e+06,9.04127e+06,0,0,0,0,62.1337,61.308,3.3198,0,1,2.18962,1.58482,0,1.69132,2.96352,8.87469e+06,3.61194e+06,1.94322e+07,0,0,0,5.83867e+07
85.139,85.139,2.6328,0.07,0.02,2.11805,2.72285,0,0.396766,4.47552,4.27036e+06,2.70226e+06,9.04486e+06,0,0,0,0,62.0765,61.308,2.9875,0,1,2.1901,1.5853,0,1.6917,2.96352,8.87469e+06,3.61194e+06,1.94365e+07,0,0,0,5.83867e+07
84.9113,85.139,2.40619,0.07,0.02,2.2481,2.8529,0,0.396923,4.47552,4.27036e+06,2.70226e+06,9.60019e+06,0,0,0,0,61.9013,61.308,2.73688,0,1,2.27633,1.67153,0,1.69208,2.96352,8.87469e+06,3.61194e+06,2.02017e+07,0,0,0,5.83867e+07
84.4752,85.139,2.13166,0.07,0.02,2.24898,2.85378,0,0.421293,4.47552,4.27036e+06,2.70226e+06,9.60395e+06,0,0,0,0,61.6865,61.308,2.62979,0,1,2.27685,1.67205,0,1.75869,2.96352,8.87469e+06,3.61194e+06,2.02063e+07,0,0,0,5.83867e+07
83.9619,85.139,2.03777,0.07,0.02,2.24986,2.85466,0,0.421458,4.47552,4.27036e+06,2.70226e+06,9.6077e+06,0,0,0,0,61.5049,61.308,2.65349,0,1,2.27736,1.67256,0,1.75909,2.96352,8.87469e+06,3.61194e+06,2.02109e+07,0,0,0,5.83867e+07
83.3649,85.139,1.94484,0.07,0.02,2.25074,2.85554,0,0.421623,4.47552,4.27036e+06,2.70226e+06,9.61146e+06,0,0,0,0,61.3265,61.308,2.57082,0,1,2.27788,1.67308,0,1.75949,2.96352,8.87469e+06,3.61194e+06,2.02154e+07,0,0,0,5.83867e+07
82.7481,85.139,1.91918,0.07,0.02,2.25162,2.85642,0,0.421788,4.47552,4.27036e+06,2.70226e+06,9.61522e+06,0,0,0,0,61.1222,61.308,2.4773,0,1,2.27839,1.67359,0,1.75989,2.96352,8.87469e+06,3.61194e+06,2.022e+07,0,0,0,5.83867e+07
82.193,85.139,1.96523,0.05,0.02,2.22691,2.83171,0,0.421953,4.47552,4.27036e+06,2.70226e+06,9.5097e+06,0,0,0,0,60.9714,61.308,2.64155,0,1,2.3261,1.7213,0,1.76029,2.96352,8.87469e+06,3.61194e+06,2.06434e+07,0,0,0,5.83867e+07
81.4658,85.139,1.77717,0.04,0.02,2.22778,2.83258,0,0.417322,4.47552,4.27036e+06,2.70226e+06,9.51342e+06,0,0,0,0,60.7692,61.308,2.35114,0,1,2.32663,1.72183,0,1.79715,2.96352,8.87469e+06,3.61194e+06,2.06481e+07,0,0,0,5.83867e+07
80.6911,85.139,1.68749,0.03,0.02,2.22865,2.83345,0,0.417486,4.47552,4.27036e+06,2.70226e+06,9.51715e+06,0,0,0,0,60.4665,61.308,2.32365,0,1,2.32716,1.72236,0,1.79756,2.96352,8.87469e+06,3.61194e+06,2.06529e+07,0,0,0,5.83867e+07
79.7473,85.139,1.50105,0.03,0.02,2.22952,2.83432,0,0.417649,4.47552,4.27036e+06,2.70226e+06,9.52088e+06,0,0,0,0,60.1125,61.308,2.23648,0,1,2.32769,1.72289,0,1.79797,2.96352,8.87469e+06,3.61194e+06,2.06576e+07,0,0,0,5.83867e+07
78.6905,85.139,1.42383,0.03,0.02,2.29656,2.90136,0,0.417813,4.47552,4.27036e+06,2.70226e+06,9.80717e+06,0,0,0,0,59.6895,61.308,1.93606,0,1,2.37034,1.76554,0,1.79838,2.96352,8.87469e+06,3.61194e+06,2.1036e+07,0,0,0,5.83867e+07
77.6359,85.139,1.4444,0.07,0.02,2.29746,2.90226,0,0.430376,4.47552,4.27036e+06,2.70226e+06,9.81099e+06,0,0,0,0,59.2194,61.308,1.98241,0,1,2.37088,1.76608,0,1.83132,2.96352,8.87469e+06,3.61194e+06,2.10408e+07,0,0,0,5.83867e+07
76.5017,85.139,1.33779,0.08,0.02,2.29835,2.90315,0,0.430544,4.47552,4.27036e+06,2.70226e+06,9.8148e+06,0,0,0,0,58.6836,61.308,1.9195,0,1,2.37143,1.76663,0,1.83174,2.96352,8.87469e+06,3.61194e+06,2.10457e+07,0,0,0,5.83867e+07
75.2614,85.139,1.21809,0.08,0.02,2.29925,2.90405,0,0.430711,4.47552,4.27036e+06,2.70226e+06,9.81862e+06,0,0,0,0,58.156,61.308,1.67289,0,1,2.37197,1.76717,0,1.83216,2.96352,8.87469e+06,3.61194e+06,2.10505e+07,0,0,0,5.83867e+07
73.5297,85.139,1.31675,0.08,0.02,3.02878,3.09895,0,0.430879,4.47552,4.27036e+06,2.92235e+06,1.2934e+07,0,0,0,0,57.6663,61.308,2.04564,1,1,1.87643,1.91991,0,1.83258,2.96352,8.87469e+06,3.90612e+06,1.66528e+07,0,0,0,5.83867e+07
71.704,85.139,1.20701,0.11,0.02,3.02971,3.0999,0,0.567593,4.47552,4.27036e+06,2.92235e+06,1.2938e+07,0,0,0,0,57.0478,61.308,1.65667,1,1,1.87701,1.9205,0,1.44973,2.96352,8.87469e+06,3.90612e+06,1.66579e+07,0,0,0,5.83867e+07
69.7535,85.139,1.08701,0.12,0.02,3.03064,3.10086,0,0.567768,4.47552,4.27036e+06,2.92235e+06,1.2942e+07,0,0,0,0,56.4484,61.308,1.58659,1,1,1.87759,1.92109,0,1.45018,2.96352,8.87469e+06,3.90612e+06,1.6663e+07,0,0,0,5.83867e+07
67.8406,85.139,1.09625,0.11,0.02,3.03158,3.10181,0,0.567943,4.47552,4.27036e+06,2.92235e+06,1.29459e+07,0,0,0,0,55.9072,61.308,1.71142,1,1,1.87817,1.92168,0,1.45063,2.96352,8.87469e+06,3.90612e+06,1.66682e+07,0,0,0,5.83867e+07
65.9133,85.139,1.06894,0.14,0.02,3.03251,3.10277,0,0.568118,4.47552,4.27036e+06,2.92235e+06,1.29499e+07,0,0,0,0,55.1504,61.308,1.98332,1,1,1.87875,1.92227,0,1.45107,2.96352,8.87469e+06,3.90612e+06,1.66733e+07,0,0,0,5.83867e+07
64.104,85.139,0.72078,0.14,0.02,2.49731,3.00903,0,0.568293,4.47552,4.27036e+06,2.70226e+06,1.06644e+07,0,0,0,0,54.242,61.308,1.39775,0,1,2.34207,1.83035,0,1.45152,2.96352,8.87469e+06,3.61194e+06,2.07851e+07,0,0,0,5.83867e+07
62.4134,85.139,0.799179,0.14,0.02,2.40631,3.00995,0,0.467995,4.47552,4.27036e+06,2.70226e+06,1.02758e+07,0,0,0,0,53.6623,61.308,1.31853,0,1,2.43456,1.83091,0,1.80948,2.96352,8.87469e+06,3.61194e+06,2.16059e+07,0,0,0,5.83867e+07
60.9777,85.139,1.06446,0.17,0.02,2.4078,3.01088,0,0.450942,4.47552,4.27036e+06,2.70226e+06,1.02822e+07,0,0,0,0,53.1953,61.308,1.79413,0,1,2.43456,1.83147,0,1.88094,2.96352,8.87469e+06,3.61194e+06,2.16059e+07,0,0,0,5.83867e+07
59.8517,85.139,1.43735,0.17,0.02,2.40929,3.0118,0,0.451221,4.47552,4.27036e+06,2.70226e+06,1.02885e+07,0,0,0,0,52.9282,61.308,2.5205,0,1,2.43456,1.83204,0,1.88094,2.96352,8.87469e+06,3.61194e+06,2.16059e+07,0,0,0,5.83867e+07
58.4893,85.139,1.14763,0.16,0.02,2.33295,2.9349,0,0.4515,4.47552,4.27036e+06,2.70226e+06,9.96255e+06,0,0,0,0,52.4063,61.308,2.00959,0,1,2.35024,1.74828,0,1.88094,2.96352,8.87469e+06,3.61194e+06,2.08576e+07,0,0,0,5.83867e+07
57.4711,85.139,1.49681,0.16,0.02,2.33101,2.93581,0,0.437195,4.47552,4.27036e+06,2.70226e+06,9.95425e+06,0,0,0,0,51.8519,61.308,1.53895,0,1,2.35362,1.74882,0,1.81579,2.96352,8.87469e+06,3.61194e+06,2.08877e+07,0,0,0,5.83867e+07
56.3829,85.139,1.41166,0.14,0.02,2.33191,2.93671,0,0.436831,4.47552,4.27036e+06,2.70226e+06,9.95811e+06,0,0,0,0,51.6032,61.308,2.5147,0,1,2.35416,1.74936,0,1.81841,2.96352,8.87469e+06,3.61194e+06,2.08924e+07,0,0,0,5.83867e+07
55.5419,85.139,1.71227,0.17,0.02,2.33281,2.93761,0,0.437,4.47552,4.27036e+06,2.70226e+06,9.96197e+06,0,0,0,0,51.4154,61.308,2.21067,0,1,2.3547,1.7499,0,1.81882,2.96352,8.87469e+06,3.61194e+06,2.08972e+07,0,0,0,5.83867e+07
55.3955,85.139,2.31245,0.17,0.02,2.11241,2.71721,0,0.437169,4.47552,4.27036e+06,2.70226e+06,9.02078e+06,0,0,0,0,51.5166,61.308,3.17399,0,1,2.17941,1.57461,0,1.81924,2.96352,8.87469e+06,3.61194e+06,1.93416e+07,0,0,0,5.83867e+07
54.9194,85.139,2.06391,0.17,0.02,2.11325,2.71805,0,0.395866,4.47552,4.27036e+06,2.70226e+06,9.02435e+06,0,0,0,0,51.5611,61.308,3.03781,0,1,2.17989,1.57509,0,1.68381,2.96352,8.87469e+06,3.61194e+06,1.93459e+07,0,0,0,5.83867e+07
55.4014,85.139,2.9716,0.17,0.02,2.11408,2.71888,0,0.396023,4.47552,4.27036e+06,2.70226e+06,9.02791e+06,0,0,0,0,51.8489,61.308,4.20396,0,1,2.18038,1.57558,0,1.68419,2.96352,8.87469e+06,3.61194e+06,1.93502e+07,0,0,0,5.83867e+07
56.4824,85.139,3.65367,0.19,0.02,2.11492,2.71972,0,0.39618,4.47552,4.27036e+06,2.70226e+06,9.03148e+06,0,0,0,0,52.0844,61.308,4.03206,0,1,2.18086,1.57606,0,1.68456,2.96352,8.87469e+06,3.61194e+06,1.93545e+07,0,0,0,5.83867e+07
58.8768,85.139,5.00867,0.23,0.02,2.11576,2.72056,0,0.396336,4.47552,4.27036e+06,2.70226e+06,9.03505e+06,0,0,0,0,52.6594,61.308,4.23369,0,1,2.18135,1.57655,0,1.68494,2.96352,8.87469e+06,3.61194e+06,1.93588e+07,0,0,0,5.83867e+07
58.0241,85.139,1.69943,0.2,0.06,2.20182,2.80662,0,0.396493,4.47552,4.27036e+06,2.70226e+06,9.4026e+06,0,0,0,0,52.1168,61.308,1.77515,0,0,2.23281,1.62801,0,1.68531,2.96352,8.87469e+06,3.61194e+06,1.98155e+07,0,0,0,5.83867e+07
57.7798,85.139,2.36628,0.21,0.06,2.20265,2.80745,0,0.412622,4.47552,4.27036e+06,2.70226e+06,9.40613e+06,0,0,0,0,51.8948,61.308,1.98708,0,0,2.23329,1.62849,0,1.72507,2.96352,8.87469e+06,3.61194e+06,1.98198e+07,0,0,0,5.83867e+07
60.3505,85.139,5.20632,0.24,0.06,2.20348,2.80828,0,0.412777,4.47552,4.27036e+06,2.70226e+06,9.40967e+06,0,0,0,0,52.2065,61.308,3.38614,0,0,2.23377,1.62897,0,1.72544,2.96352,8.87469e+06,3.61194e+06,1.9824e+07,0,0,0,5.83867e+07
63.5164,85.139,5.90503,0.25,0.06,2.20431,2.80911,0,0.412933,4.47552,4.27036e+06,2.70226e+06,9.41321e+06,0,0,0,0,52.5398,61.308,3.13956,0,0,2.23425,1.62945,0,1.72581,2.96352,8.87469e+06,3.61194e+06,1.98283e+07,0,0,0,5.83867e+07
72.5459,85.139,12.3847,0.2,0.06,2.47921,3.08401,0,0.413088,4.47552,4.27036e+06,2.70226e+06,1.05872e+07,0,0,0,0,54.0386,61.308,6.71263,0,0,2.42638,1.82158,0,1.72618,2.96352,8.87469e+06,3.61194e+06,2.15334e+07,0,0,0,5.83867e+07
77.5899,85.139,8.22284,0.17,0.06,2.48012,3.08492,0,0.464605,4.47552,4.27036e+06,2.70226e+06,1.0591e+07,0,0,0,0,55.375,61.308,5.95724,0,0,2.42692,1.82212,0,1.87462,2.96352,8.87469e+06,3.61194e+06,2.15381e+07,0,0,0,5.83867e+07
81.1146,85.139,6.59902,0.15,0.06,2.48104,3.08584,0,0.464775,4.47552,4.27036e+06,2.70226e+06,1.05949e+07,0,0,0,0,56.1718,61.308,3.89629,0,0,2.42745,1.82265,0,1.87504,2.96352,8.87469e+06,3.61194e+06,2.15429e+07,0,0,0,5.83867e+07
83.7476,85.139,5.65067,0.12,0.06,2.48195,3.08675,0,0.464946,4.47552,4.27036e+06,2.70226e+06,1.05988e+07,0,0,0,0,56.7155,61.308,3.25688,0,0,2.42799,1.82319,0,1.87545,2.96352,8.87469e+06,3.61194e+06,2.15477e+07,0,0,0,5.83867e+07
85.139,85.139,7.67433,0.12,0.06,2.09148,2.69628,0,0.465117,4.47552,4.27036e+06,2.70226e+06,8.93137e+06,0,0,0,0,58.5249,61.308,6.00488,0,0,2.17104,1.56624,0,1.87587,2.96352,8.87469e+06,3.61194e+06,1.92673e+07,0,0,0,5.83867e+07
85.139,85.139,6.15595,0.08,0.06,2.09227,2.69707,0,0.391943,4.47552,4.27036e+06,2.70226e+06,8.93476e+06,0,0,0,0,59.5894,61.308,4.20578,0,0,2.1715,1.5667,0,1.67734,2.96352,8.87469e+06,3.61194e+06,1.92714e+07,0,0,0,5.83867e+07
85.139,85.139,4.87495,0.1,0.06,2.09307,2.69787,0,0.392092,4.47552,4.27036e+06,2.70226e+06,8.93816e+06,0,0,0,0,60.0683,61.308,3.26448,0,0,2.17196,1.56716,0,1.6777,2.96352,8.87469e+06,3.61194e+06,1.92755e+07,0,0,0,5.83867e+07
85.139,85.139,3.94247,0.11,0.06,2.09386,2.69866,0,0.392241,4.47552,4.27036e+06,2.70226e+06,8.94156e+06,0,0,0,0,60.2499,61.308,2.3972,0,0,2.17242,1.56762,0,1.67806,2.96352,8.87469e+06,3.61194e+06,1.92796e+07,0,0,0,5.83867e+07
85.139,85.139,4.74434,0.11,0.06,2.09466,2.69946,0,0.39239,4.47552,4.27036e+06,2.70226e+06,8.94495e+06,0,0,0,0,60.8311,61.308,3.24853,0,0,2.17288,1.56808,0,1.67841,2.96352,8.87469e+06,3.61194e+06,1.92837e+07,0,0,0,5.83867e+07
85.139,85.139,6.6413,0.11,0.06,2.19412,2.79892,0,0.392539,4.47552,4.27036e+06,2.70226e+06,9.36967e+06,0,0,0,0,61.6473,61.308,3.51377,0,0,2.23643,1.63163,0,1.67877,2.96352,8.87469e+06,3.61194e+06,1.98476e+07,0,0,0,5.83867e+07
85.139,85.139,5.99588,0.11,0.06,2.19494,2.79974,0,0.411177,4.47552,4.27036e+06,2.70226e+06,9.3732e+06,0,0,0,0,62.3362,61.308,3.73952,0,0,2.23691,1.63211,0,1.72787,2.96352,8.87469e+06,3.61194e+06,1.98519e+07,0,0,0,5.83867e+07
85.139,85.139,4.36302,0.12,0.06,2.19577,2.80057,0,0.411332,4.47552,4.27036e+06,2.70226e+06,9.37672e+06,0,0,0,0,62.3362,61.308,3.78123,0,0,2.23739,1.63259,0,1.72824,2.96352,8.87469e+06,3.61194e+06,1.98562e+07,0,0,0,5.83867e+07
85.139,85.139,3.99811,0.12,0.06,2.19659,2.80139,0,0.411487,4.47552,4.27036e+06,2.70226e+06,9.38025e+06,0,0,0,0,62.248,61.308,3.86954,0,0,2.23788,1.63308,0,1.72861,2.96352,8.87469e+06,3.61194e+06,1.98605e+07,0,0,0,5.83867e+07
85.139,85.139,3.10467,0.11,0.06,2.1588,2.7636,0,0.411641,4.47552,4.27036e+06,2.70226e+06,9.21885e+06,0,0,0,0,62.2334,61.308,2.41695,0,0,2.21383,1.60903,0,1.72898,2.96352,8.87469e+06,3.61194e+06,1.9647e+07,0,0,0,5.83867e+07
85.139,85.139,2.87659,0.09,0.06,2.15961,2.76441,0,0.404558,4.47552,4.27036e+06,2.70226e+06,9.22232e+06,0,0,0,0,62.1242,61.308,2.33166,0,0,2.2143,1.6095,0,1.7104,2.96352,8.87469e+06,3.61194e+06,1.96512e+07,0,0,0,5.83867e+07
85.139,85.139,2.67269,0.09,0.06,2.16042,2.76522,0,0.404711,4.47552,4.27036e+06,2.70226e+06,9.2258e+06,0,0,0,0,61.8901,61.308,2.12877,0,0,2.21478,1.60998,0,1.71077,2.96352,8.87469e+06,3.61194e+06,1.96554e+07,0,0,0,5.83867e+07
85.139,85.139,2.72836,0.08,0.06,2.16124,2.76604,0,0.404864,4.47552,4.27036e+06,2.70226e+06,9.22928e+06,0,0,0,0,61.6481,61.308,2.0775,0,0,2.21525,1.61045,0,1.71114,2.96352,8.87469e+06,3.61194e+06,1.96596e+07,0,0,0,5.83867e+07
85.0193,85.139,2.56615,0.08,0.06,2.29331,2.89811,0,0.405016,4.47552,4.27036e+06,2.70226e+06,9.79325e+06,0,0,0,0,61.2914,61.308,2.04495,0,0,2.30282,1.69802,0,1.7115,2.96352,8.87469e+06,3.61194e+06,2.04368e+07,0,0,0,5.83867e+07
84.7456,85.139,2.40465,0.11,0.06,2.29416,2.89896,0,0.429766,4.47552,4.27036e+06,2.70226e+06,9.7969e+06,0,0,0,0,60.8789,61.308,1.80725,0,0,2.30332,1.69852,0,1.77916,2.96352,8.87469e+06,3.61194e+06,2.04412e+07,0,0,0,5.83867e+07
84.2803,85.139,2.15421,0.08,0.06,2.29501,2.89981,0,0.429926,4.47552,4.27036e+06,2.70226e+06,9.80055e+06,0,0,0,0,60.4224,61.308,1.79357,0,0,2.30382,1.69902,0,1.77954,2.96352,8.87469e+06,3.61194e+06,2.04457e+07,0,0,0,5.83867e+07
83.7915,85.139,2.12441,0.08,0.06,2.29587,2.90067,0,0.430086,4.47552,4.27036e+06,2.70226e+06,9.80419e+06,0,0,0,0,60.0485,61.308,1.82492,0,0,2.30432,1.69952,0,1.77993,2.96352,8.87469e+06,3.61194e+06,2.04501e+07,0,0,0,5.83867e+07
83.3036,85.139,2.11094,0.08,0.06,2.29672,2.90152,0,0.430246,4.47552,4.27036e+06,2.70226e+06,9.80784e+06,0,0,0,0,59.8324,61.308,1.83698,0,0,2.30482,1.70002,0,1.78032,2.96352,8.87469e+06,3.61194e+06,2.04546e+07,0,0,0,5.83867e+07
83.514,85.139,2.75623,0.06,0.06,2.27158,2.87638,0,0.430406,4.47552,4.27036e+06,2.70226e+06,9.70048e+06,0,0,0,0,59.8093,61.308,2.39515,0,0,2.35326,1.74846,0,1.7807,2.96352,8.87469e+06,3.61194e+06,2.08845e+07,0,0,0,5.83867e+07
83.5673,85.139,2.59987,0.05,0.06,2.27243,2.87723,0,0.425694,4.47552,4.27036e+06,2.70226e+06,9.7041e+06,0,0,0,0,59.7345,61.308,2.24516,0,0,2.35378,1.74898,0,1.81813,2.96352,8.87469e+06,3.61194e+06,2.0889e+07,0,0,0,5.83867e+07
83.399,85.139,2.37826,0.04,0.06,2.27328,2.87808,0,0.425853,4.47552,4.27036e+06,2.70226e+06,9.70772e+06,0,0,0,0,59.5766,61.308,2.23841,0,0,2.35429,1.74949,0,1.81853,2.96352,8.87469e+06,3.61194e+06,2.08936e+07,0,0,0,5.83867e+07
83.0171,85.139,2.15089,0.05,0.06,2.27412,2.87892,0,0.426012,4.47552,4.27036e+06,2.70226e+06,9.71133e+06,0,0,0,0,59.1479,61.308,2.0051,0,0,2.35481,1.75001,0,1.81892,2.96352,8.87469e+06,3.61194e+06,2.08982e+07,0,0,0,5.83867e+07
82.532,85.139,2.0528,0.05,0.06,2.34218,2.94698,0,0.426171,4.47552,4.27036e+06,2.70226e+06,1.0002e+07,0,0,0,0,58.7222,61.308,1.70847,0,0,2.3981,1.7933,0,1.81932,2.96352,8.87469e+06,3.61194e+06,2.12823e+07,0,0,0,5.83867e+07
82.1389,85.139,2.16804,0.05,0.06,2.34305,2.94785,0,0.438924,4.47552,4.27036e+06,2.70226e+06,1.00057e+07,0,0,0,0,58.3298,61.308,1.85208,0,0,2.39862,1.79382,0,1.85277,2.96352,8.87469e+06,3.61194e+06,2.1287e+07,0,0,0,5.83867e+07
81.6099,85.139,2.00348,0.05,0.06,2.34391,2.94871,0,0.439087,4.47552,4.27036e+06,2.70226e+06,1.00094e+07,0,0,0,0,57.6809,61.308,1.75553,0,0,2.39915,1.79435,0,1.85318,2.96352,8.87469e+06,3.61194e+06,2.12917e+07,0,0,0,5.83867e+07
80.9111,85.139,1.82338,0.06,0.06,2.34478,2.94958,0,0.439249,4.47552,4.27036e+06,2.70226e+06,1.00131e+07,0,0,0,0,57.305,61.308,1.54164,0,0,2.39968,1.79488,0,1.85358,2.96352,8.87469e+06,3.61194e+06,2.12964e+07,0,0,0,5.83867e+07
80.2549,85.139,2.00428,0.06,0.06,2.5427,3.1475,0,0.439412,4.47552,4.27036e+06,2.70226e+06,1.08582e+07,0,0,0,0,57.0896,61.308,2.05786,0,0,2.55478,1.94998,0,1.85399,2.96352,8.87469e+06,3.61194e+06,2.26729e+07,0,0,0,5.83867e+07
79.6442,85.139,2.13636,0.06,0.06,2.66442,3.14842,0,0.476501,4.47552,4.27036e+06,2.70226e+06,1.1378e+07,0,0,0,0,57.0725,61.308,2.35985,0,0,2.43457,1.95056,0,1.97383,2.96352,8.87469e+06,3.61194e+06,2.1606e+07,0,0,0,5.83867e+07
79.1291,85.139,2.23115,0.08,0.06,2.66592,3.14935,0,0.499311,4.47552,4.27036e+06,2.70226e+06,1.13844e+07,0,0,0,0,56.6802,61.308,2.07071,0,0,2.43457,1.95113,0,1.88095,2.96352,8.87469e+06,3.61194e+06,2.1606e+07,0,0,0,5.83867e+07
77.9095,85.139,1.52885,0.1,0.06,2.66742,3.15028,0,0.499592,4.47552,4.27036e+06,2.70226e+06,1.13908e+07,0,0,0,0,56.1654,61.308,1.66932,0,0,2.43457,1.95171,0,1.88095,2.96352,8.87469e+06,3.61194e+06,2.1606e+07,0,0,0,5.83867e+07
76.4892,85.139,1.35873,0.1,0.06,2.66892,3.1512,0,0.499874,4.47552,4.27036e+06,2.70226e+06,1.13972e+07,0,0,0,0,55.5697,61.308,1.71398,0,0,2.43457,1.95228,0,1.88095,2.96352,8.87469e+06,3.61194e+06,2.1606e+07,0,0,0,5.83867e+07
75.0411,85.139,1.14862,0.1,0.06,2.57424,3.05595,0,0.500155,4.47552,4.27036e+06,2.70226e+06,1.0993e+07,0,0,0,0,54.9745,61.308,1.39898,0,0,2.34061,1.85889,0,1.88095,2.96352,8.87469e+06,3.61194e+06,2.07721e+07,0,0,0,5.83867e+07
74.2011,85.139,1.70407,0.11,0.06,2.48175,3.05685,0,0.482413,4.47552,4.27036e+06,2.70226e+06,1.0598e+07,0,0,0,0,54.4619,61.308,1.70301,0,0,2.43454,1.85944,0,1.80835,2.96352,8.87469e+06,3.61194e+06,2.16058e+07,0,0,0,5.83867e+07
73.9335,85.139,2.35263,0.11,0.06,2.4832,3.05775,0,0.465081,4.47552,4.27036e+06,2.70226e+06,1.06042e+07,0,0,0,0,54.237,61.308,2.76438,0,0,2.43454,1.85999,0,1.88092,2.96352,8.87469e+06,3.61194e+06,2.16058e+07,0,0,0,5.83867e+07
73.3335,85.139,2.05922,0.11,0.06,2.48465,3.05865,0,0.465352,4.47552,4.27036e+06,2.70226e+06,1.06103e+07,0,0,0,0,53.8169,61.308,1.95347,0,0,2.43454,1.86053,0,1.88092,2.96352,8.87469e+06,3.61194e+06,2.16058e+07,0,0,0,5.83867e+07
72.2131,85.139,1.54079,0.12,0.06,2.40706,2.98051,0,0.465623,4.47552,4.27036e+06,2.70226e+06,1.0279e+07,0,0,0,0,53.3627,61.308,1.73283,0,0,2.34891,1.77545,0,1.88092,2.96352,8.87469e+06,3.61194e+06,2.08458e+07,0,0,0,5.83867e+07
71.0131,85.139,1.41395,0.12,0.06,2.37659,2.98139,0,0.451082,4.47552,4.27036e+06,2.70226e+06,1.01489e+07,0,0,0,0,52.9445,61.308,1.92595,0,0,2.38077,1.77597,0,1.81477,2.96352,8.87469e+06,3.61194e+06,2.11286e+07,0,0,0,5.83867e+07
70.3745,85.139,1.99769,0.12,0.06,2.37747,2.98227,0,0.445373,4.47552,4.27036e+06,2.70226e+06,1.01526e+07,0,0,0,0,52.5771,61.308,1.74657,0,0,2.3813,1.7765,0,1.83939,2.96352,8.87469e+06,3.61194e+06,2.11333e+07,0,0,0,5.83867e+07
72.7218,85.139,5.17298,0.12,0.06,2.37834,2.98314,0,0.445537,4.47552,4.27036e+06,2.70226e+06,1.01564e+07,0,0,0,0,53.2242,61.308,5.77418,0,0,2.38182,1.77702,0,1.83979,2.96352,8.87469e+06,3.61194e+06,2.11379e+07,0,0,0,5.83867e+07
73.1832,85.139,3.07299,0.13,0.06,2.15449,2.75929,0,0.445702,4.47552,4.27036e+06,2.70226e+06,9.20045e+06,0,0,0,0,53.2909,61.308,3.63975,0,0,2.20379,1.59899,0,1.84019,2.96352,8.87469e+06,3.61194e+06,1.9558e+07,0,0,0,5.83867e+07
72.6657,85.139,2.05815,0.13,0.06,2.1553,2.7601,0,0.403751,4.47552,4.27036e+06,2.70226e+06,9.20392e+06,0,0,0,0,53.3047,61.308,3.16056,0,0,2.20426,1.59946,0,1.70265,2.96352,8.87469e+06,3.61194e+06,1.95621e+07,0,0,0,5.83867e+07
72.5119,85.139,2.4297,0.13,0.06,2.15611,2.76091,0,0.403903,4.47552,4.27036e+06,2.70226e+06,9.20738e+06,0,0,0,0,53.5996,61.308,4.20696,0,0,2.20473,1.59993,0,1.70301,2.96352,8.87469e+06,3.61194e+06,1.95663e+07,0,0,0,5.83867e+07
72.3897,85.139,2.50909,0.14,0.06,2.15692,2.76172,0,0.404055,4.47552,4.27036e+06,2.70226e+06,9.21084e+06,0,0,0,0,54.168,61.308,4.90091,0,0,2.2052,1.6004,0,1.70338,2.96352,8.87469e+06,3.61194e+06,1.95705e+07,0,0,0,5.83867e+07
73.4459,85.139,3.71614,0.14,0.06,2.15773,2.76253,0,0.404207,4.47552,4.27036e+06,2.70226e+06,9.21431e+06,0,0,0,2.14906e+08,55.0199,61.308,5.38962,0,0,2.20567,1.60087,0,1.70374,2.96352,8.87469e+06,3.61194e+06,1.95747e+07,0,0,0,5.83867e+07
76.2242,85.139,5.59007,0.15,0.06,2.24509,2.84989,0,0.404359,4.47552,4.27036e+06,2.70226e+06,9.58736e+06,0,0,0,2.14906e+08,57.6096,61.308,8.44298,0,0,2.25791,1.65311,0,1.7041,2.96352,8.87469e+06,3.61194e+06,2.00382e+07,0,0,0,5.83867e+07
78.3601,85.139,4.9678,0.13,0.06,2.24589,2.85069,0,0.42073,4.47552,4.27036e+06,2.70226e+06,9.59078e+06,0,0,0,2.14906e+08,59.2482,61.308,6.30034,0,0,2.25837,1.65357,0,1.74446,2.96352,8.87469e+06,3.61194e+06,2.00424e+07,0,0,0,5.83867e+07
80.4301,85.139,4.93699,0.13,0.06,2.2467,2.8515,0,0.42088,4.47552,4.27036e+06,2.70226e+06,9.59421e+06,0,0,0,2.14906e+08,60.8264,61.308,6.1581,0,0,2.25884,1.65404,0,1.74482,2.96352,8.87469e+06,3.61194e+06,2.00465e+07,0,0,0,5.83867e+07
82.6071,85.139,5.01682,0.11,0.06,2.2475,2.8523,0,0.421031,4.47552,4.27036e+06,2.70226e+06,9.59764e+06,0,0,0,2.14906e+08,62.3362,61.308,6.46837,0,0,2.25931,1.65451,0,1.74518,2.96352,8.87469e+06,3.61194e+06,2.00506e+07,0,0,0,5.83867e+07
84.6923,85.139,5.19422,0.11,0.06,2.52659,3.13139,0,0.421181,4.47552,4.27036e+06,2.70226e+06,1.07895e+07,0,0,0,2.14906e+08,62.3362,61.308,8.03131,0,0,2.45436,1.84956,0,1.74554,2.96352,8.87469e+06,3.61194e+06,2.17817e+07,0,0,0,5.83867e+07
85.139,85.139,4.42191,0.11,0.06,2.54784,3.13227,0,0.473483,4.47552,4.27036e+06,2.70226e+06,1.08802e+07,0,0,0,2.14906e+08,62.3362,61.308,6.04276,0,0,2.43451,1.85008,0,1.89624,2.96352,8.87469e+06,3.61194e+06,2.16055e+07,0,0,0,5.83867e+07
85.139,85.139,5.78601,0.09,0.06,2.54924,3.13315,0,0.477465,4.47552,4.27036e+06,2.70226e+06,1.08862e+07,0,0,0,2.14906e+08,62.3362,61.308,6.53307,0,0,2.43451,1.8506,0,1.8809,2.96352,8.87469e+06,3.61194e+06,2.16055e+07,0,0,0,5.83867e+07
85.139,85.139,6.04925,0.08,0.06,2.55065,3.13403,0,0.477728,4.47552,4.27036e+06,2.70226e+06,1.08922e+07,0,0,0,2.14906e+08,62.3362,61.308,7.50335,0,0,2.43451,1.85112,0,1.8809,2.96352,8.87469e+06,3.61194e+06,2.16055e+07,0,0,0,5.83867e+07
85.139,85.139,6.80788,0.09,0.06,2.15468,2.73755,0,0.477991,4.47552,4.27036e+06,2.70226e+06,9.20126e+06,0,0,0,2.14906e+08,62.3362,61.308,9.88028,0,0,2.17308,1.59021,0,1.8809,2.96352,8.87469e+06,3.61194e+06,1.92854e+07,0,0,0,5.83867e+07
85.139,85.139,6.63646,0.09,0.06,2.13352,2.73832,0,0.403787,4.47552,4.27036e+06,2.70226e+06,9.11089e+06,0,0,0,2.14906e+08,62.3362,61.308,8.1315,0,0,2.19546,1.59066,0,1.67892,2.96352,8.87469e+06,3.61194e+06,1.9484e+07,0,0,0,5.83867e+07
85.139,85.139,5.2466,0.11,0.06,2.13429,2.73909,0,0.399821,4.47552,4.27036e+06,2.70226e+06,9.11419e+06,0,0,0,2.14906e+08,62.3362,61.308,6.30937,0,0,2.1959,1.5911,0,1.69621,2.96352,8.87469e+06,3.61194e+06,1.9488e+07,0,0,0,5.83867e+07
85.139,85.139,4.24275,0.11,0.06,2.13506,2.73986,0,0.399965,4.47552,4.27036e+06,2.70226e+06,9.11748e+06,0,0,0,2.14906e+08,62.3362,61.308,4.68161,0,0,2.19635,1.59155,0,1.69656,2.96352,8.87469e+06,3.61194e+06,1.94919e+07,0,0,0,5.83867e+07
85.139,85.139,4.78554,0.12,0.06,2.13583,2.74063,0,0.40011,4.47552,4.27036e+06,2.70226e+06,9.12077e+06,0,0,0,2.14906e+08,62.3362,61.308,6.05998,0,0,2.1968,1.592,0,1.6969,2.96352,8.87469e+06,3.61194e+06,1.94959e+07,0,0,0,5.83867e+07
85.139,85.139,5.33139,0.12,0.06,2.23677,2.84157,0,0.400254,4.47552,4.27036e+06,2.70226e+06,9.55181e+06,0,0,0,2.14906e+08,62.3362,61.308,6.60416,0,0,2.2613,1.6565,0,1.69725,2.96352,8.87469e+06,3.61194e+06,2.00683e+07,0,0,0,5.83867e+07
85.139,85.139,7.12463,0.12,0.06,2.23757,2.84237,0,0.41917,4.47552,4.27036e+06,2.70226e+06,9.55522e+06,0,0,0,2.14906e+08,62.3362,61.308,9.25695,0,0,2.26176,1.65696,0,1.74708,2.96352,8.87469e+06,3.61194e+06,2.00724e+07,0,0,0,5.83867e+07
85.139,85.139,5.03448,0.12,0.06,2.23837,2.84317,0,0.41932,4.47552,4.27036e+06,2.70226e+06,9.55864e+06,0,0,0,2.14906e+08,62.3362,61.308,6.11269,0,0,2.26223,1.65743,0,1.74744,2.96352,8.87469e+06,3.61194e+06,2.00766e+07,0,0,0,5.83867e+07
85.139,85.139,4.38176,0.13,0.06,2.23917,2.84397,0,0.41947,4.47552,4.27036e+06,2.70226e+06,9.56205e+06,0,0,0,2.14906e+08,62.3362,61.308,5.0773,0,0,2.26269,1.65789,0,1.7478,2.96352,8.87469e+06,3.61194e+06,2.00807e+07,0,0,0,5.83867e+07
85.139,85.139,4.48528,0.13,0.06,2.20076,2.80556,0,0.41962,4.47552,4.27036e+06,2.70226e+06,9.39804e+06,0,0,0,2.14906e+08,62.3362,61.308,5.49465,0,0,2.23826,1.63346,0,1.74816,2.96352,8.87469e+06,3.61194e+06,1.98638e+07,0,0,0,5.83867e+07
85.139,85.139,4.19451,0.12,0.06,2.20155,2.80635,0,0.412422,4.47552,4.27036e+06,2.70226e+06,9.40141e+06,0,0,0,2.14906e+08,62.3362,61.308,4.98189,0,0,2.23872,1.63392,0,1.72928,2.96352,8.87469e+06,3.61194e+06,1.98679e+07,0,0,0,5.83867e+07
85.139,85.139,3.96724,0.09,0.06,2.20234,2.80714,0,0.41257,4.47552,4.27036e+06,2.70226e+06,9.40478e+06,0,0,0,2.14906e+08,62.3362,61.308,4.77205,0,0,2.23918,1.63438,0,1.72963,2.96352,8.87469e+06,3.61194e+06,1.9872e+07,0,0,0,5.83867e+07
85.139,85.139,3.6666,0.09,0.06,2.20313,2.80793,0,0.412718,4.47552,4.27036e+06,2.70226e+06,9.40815e+06,0,0,0,2.14906e+08,62.3362,61.308,5.20612,0,0,2.23964,1.63484,0,1.72999,2.96352,8.87469e+06,3.61194e+06,1.98761e+07,0,0,0,5.83867e+07
85.139,85.139,3.41964,0.08,0.06,2.33715,2.94195,0,0.412866,4.47552,4.27036e+06,2.70226e+06,9.98049e+06,0,0,0,2.14906e+08,62.3362,61.308,5.17589,0,0,2.32851,1.72371,0,1.73034,2.96352,8.87469e+06,3.61194e+06,2.06648e+07,0,0,0,5.83867e+07
85.139,85.139,3.42351,0.08,0.06,2.33798,2.94278,0,0.437982,4.47552,4.27036e+06,2.70226e+06,9.98402e+06,0,0,0,2.14906e+08,62.3362,61.308,4.03085,0,0,2.32899,1.72419,0,1.79901,2.96352,8.87469e+06,3.61194e+06,2.06691e+07,0,0,0,5.83867e+07
85.139,85.139,2.99797,0.08,0.06,2.33881,2.94361,0,0.438137,4.47552,4.27036e+06,2.70226e+06,9.98756e+06,0,0,0,2.14906e+08,62.3362,61.308,3.68023,0,0,2.32948,1.72468,0,1.79938,2.96352,8.87469e+06,3.61194e+06,2.06734e+07,0,0,0,5.83867e+07
85.139,85.139,2.86603,0.05,0.06,2.33963,2.94443,0,0.438292,4.47552,4.27036e+06,2.70226e+06,9.99109e+06,0,0,0,2.14906e+08,62.3362,61.308,3.72797,0,0,2.32996,1.72516,0,1.79975,2.96352,8.87469e+06,3.61194e+06,2.06777e+07,0,0,0,5.83867e+07
85.139,85.139,2.73548,0.04,0.06,2.34046,2.94526,0,0.438447,4.47552,4.27036e+06,2.70226e+06,9.99463e+06,0,0,0,2.14906e+08,62.3362,61.308,3.62458,0,0,2.33045,1.72565,0,1.80013,2.96352,8.87469e+06,3.61194e+06,2.0682e+07,0,0,0,5.83867e+07
84.5378,85.139,1.90116,0.03,0.06,2.3149,2.9197,0,0.438603,4.47552,4.27036e+06,2.70226e+06,9.88548e+06,0,0,0,2.14906e+08,62.253,61.308,2.44785,0,0,2.37959,1.77479,0,1.8005,2.96352,8.87469e+06,3.61194e+06,2.11182e+07,0,0,0,5.83867e+07
83.8414,85.139,1.80416,0.07,0.06,2.31572,2.92052,0,0.433813,4.47552,4.27036e+06,2.70226e+06,9.88899e+06,0,0,0,2.14906e+08,62.1268,61.308,2.28284,0,0,2.38009,1.77529,0,1.83847,2.96352,8.87469e+06,3.61194e+06,2.11226e+07,0,0,0,5.83867e+07
82.9953,85.139,1.64956,0.05,0.06,2.31654,2.92134,0,0.433967,4.47552,4.27036e+06,2.70226e+06,9.89249e+06,0,0,0,2.14906e+08,61.9886,61.308,2.29309,0,0,2.38059,1.77579,0,1.83886,2.96352,8.87469e+06,3.61194e+06,2.1127e+07,0,0,0,5.83867e+07
81.9991,85.139,1.4891,0.06,0.06,2.31737,2.92217,0,0.43412,4.47552,4.27036e+06,2.70226e+06,9.896e+06,0,0,0,2.14906e+08,61.7961,61.308,2.04741,0,0,2.38109,1.77629,0,1.83925,2.96352,8.87469e+06,3.61194e+06,2.11314e+07,0,0,0,5.83867e+07
81.0424,85.139,1.56177,0.05,0.06,2.3864,2.9912,0,0.434274,4.47552,4.27036e+06,2.70226e+06,1.01908e+07,0,0,0,2.14906e+08,61.5236,61.308,2.03416,0,0,2.42501,1.82021,0,1.83963,2.96352,8.87469e+06,3.61194e+06,2.15212e+07,0,0,0,5.83867e+07
80.0146,85.139,1.47835,0.06,0.06,2.38724,2.99204,0,0.447212,4.47552,4.27036e+06,2.70226e+06,1.01944e+07,0,0,0,2.14906e+08,61.1618,61.308,2.00827,0,0,2.42552,1.82072,0,1.87356,2.96352,8.87469e+06,3.61194e+06,2.15257e+07,0,0,0,5.83867e+07
78.8652,85.139,1.3476,0.07,0.06,2.38808,2.99288,0,0.44737,4.47552,4.27036e+06,2.70226e+06,1.0198e+07,0,0,0,2.14906e+08,60.7607,61.308,1.85372,0,0,2.42603,1.82123,0,1.87396,2.96352,8.87469e+06,3.61194e+06,2.15303e+07,0,0,0,5.83867e+07
77.5642,85.139,1.17248,0.11,0.06,2.38893,2.99373,0,0.447527,4.47552,4.27036e+06,2.70226e+06,1.02016e+07,0,0,0,2.14906e+08,60.364,61.308,1.83767,0,0,2.42654,1.82174,0,1.87435,2.96352,8.87469e+06,3.61194e+06,2.15348e+07,0,0,0,5.83867e+07
76.0121,85.139,1.09044,0.11,0.06,2.58976,3.19456,0,0.447685,4.47552,4.27036e+06,2.70226e+06,1.10592e+07,0,0,0,2.14906e+08,59.8712,61.308,1.8422,0,0,2.58394,1.97914,0,1.87475,2.96352,8.87469e+06,3.61194e+06,2.29317e+07,0,0,0,5.83867e+07
74.4207,85.139,1.19798,0.11,0.06,2.74061,3.19546,0,0.485321,4.47552,4.27036e+06,2.70226e+06,1.17034e+07,0,0,0,2.14906e+08,59.3993,61.308,1.62201,0,0,2.43455,1.9797,0,1.99635,2.96352,8.87469e+06,3.61194e+06,2.16059e+07,0,0,0,5.83867e+07
72.9547,85.139,1.29927,0.11,0.06,2.74206,3.19635,0,0.51359,4.47552,4.27036e+06,2.70226e+06,1.17096e+07,0,0,0,2.14906e+08,59.1143,61.308,2.15542,0,0,2.43455,1.98025,0,1.88093,2.96352,8.87469e+06,3.61194e+06,2.16059e+07,0,0,0,5.83867e+07
71.4092,85.139,1.20946,0.14,0.06,2.74351,3.19725,0,0.513862,4.47552,4.27036e+06,2.70226e+06,1.17158e+07,0,0,0,2.14906e+08,58.7093,61.308,1.90481,0,0,2.43455,1.98081,0,1.88093,2.96352,8.87469e+06,3.61194e+06,2.16059e+07,0,0,0,5.83867e+07
69.8765,85.139,1.1986,0.14,0.06,2.74497,3.19815,0,0.514134,4.47552,4.27036e+06,2.70226e+06,1.1722e+07,0,0,0,2.14906e+08,58.3045,61.308,1.77949,0,0,2.43455,1.98137,0,1.88093,2.96352,8.87469e+06,3.61194e+06,2.16059e+07,0,0,0,5.83867e+07
68.3982,85.139,1.2164,0.14,0.06,2.64881,3.10144,0,0.514407,4.47552,4.27036e+06,2.70226e+06,1.13114e+07,0,0,0,2.14906e+08,57.9424,61.308,1.7695,0,0,2.33919,1.88656,0,1.88093,2.96352,8.87469e+06,3.61194e+06,2.07596e+07,0,0,0,5.83867e+07
66.932,85.139,1.1325,0.14,0.06,2.55488,3.10231,0,0.496388,4.47552,4.27036e+06,2.70226e+06,1.09103e+07,0,0,0,2.14906e+08,57.8604,61.308,2.89693,0,0,2.43452,1.88709,0,1.80726,2.96352,8.87469e+06,3.61194e+06,2.16056e+07,0,0,0,5.83867e+07
65.3504,85.139,1.00769,0.17,0.06,2.55628,3.10318,0,0.478785,4.47552,4.27036e+06,2.70226e+06,1.09163e+07,0,0,0,2.14906e+08,57.3166,61.308,1.77828,0,0,2.43452,1.88762,0,1.88091,2.96352,8.87469e+06,3.61194e+06,2.16056e+07,0,0,0,5.83867e+07
63.6168,85.139,0.8386,0.16,0.06,2.55768,3.10405,0,0.479048,4.47552,4.27036e+06,2.70226e+06,1.09222e+07,0,0,0,2.14906e+08,56.8184,61.308,1.57715,0,0,2.43452,1.88815,0,1.88091,2.96352,8.87469e+06,3.61194e+06,2.16056e+07,0,0,0,5.83867e+07
62.8827,85.139,1.9822,0.16,0.06,2.47888,3.02472,0,0.47931,4.47552,4.27036e+06,2.70226e+06,1.05857e+07,0,0,0,2.14906e+08,56.8787,61.308,3.73594,0,0,2.34762,1.80178,0,1.88091,2.96352,8.87469e+06,3.61194e+06,2.08344e+07,0,0,0,5.83867e+07
62.9846,85.139,2.82778,0.16,0.06,2.42077,3.02557,0,0.464542,4.47552,4.27036e+06,2.70226e+06,1.03376e+07,0,0,0,2.14906e+08,57.249,61.308,4.42926,0,0,2.40709,1.80229,0,1.81377,2.96352,8.87469e+06,3.61194e+06,2.13622e+07,0,0,0,5.83867e+07
63.3649,85.139,2.99237,0.14,0.06,2.42162,3.02642,0,0.453652,4.47552,4.27036e+06,2.70226e+06,1.03412e+07,0,0,0,2.14906e+08,57.5609,61.308,5.31408,0,0,2.4076,1.8028,0,1.85972,2.96352,8.87469e+06,3.61194e+06,2.13667e+07,0,0,0,5.83867e+07
63.5332,85.139,2.80539,0.14,0.06,2.42246,3.02726,0,0.453811,4.47552,4.27036e+06,2.70226e+06,1.03448e+07,0,0,0,2.14906e+08,58.1355,61.308,5.78047,0,0,2.4081,1.8033,0,1.86011,2.96352,8.87469e+06,3.61194e+06,2.13711e+07,0,0,0,5.83867e+07
64.2031,85.139,3.18042,0.14,0.06,2.19526,2.80006,0,0.45397,4.47552,4.27036e+06,2.70226e+06,9.37457e+06,0,0,0,2.14906e+08,58.5001,61.308,4.49972,0,0,2.22742,1.62262,0,1.8605,2.96352,8.87469e+06,3.61194e+06,1.97677e+07,0,0,0,5.83867e+07
66.5484,85.139,5.09043,0.15,0.06,2.19605,2.80085,0,0.411392,4.47552,4.27036e+06,2.70226e+06,9.37792e+06,0,0,0,2.14906e+08,59.3896,61.308,5.56607,0,0,2.22788,1.62308,0,1.72091,2.96352,8.87469e+06,3.61194e+06,1.97717e+07,0,0,0,5.83867e+07
68.4629,85.139,4.59493,0.15,0.06,2.19683,2.80163,0,0.411539,4.47552,4.27036e+06,2.70226e+06,9.38128e+06,0,0,0,2.14906e+08,60.1508,61.308,5.41765,0,0,2.22833,1.62353,0,1.72126,2.96352,8.87469e+06,3.61194e+06,1.97757e+07,0,0,0,5.83867e+07
73.3523,85.139,7.76221,0.15,0.06,2.19762,2.80242,0,0.411686,4.47552,4.27036e+06,2.70226e+06,9.38463e+06,0,0,0,2.14906e+08,61.1517,61.308,5.69581,0,0,2.22879,1.62399,0,1.72161,2.96352,8.87469e+06,3.61194e+06,1.97798e+07,0,0,0,5.83867e+07
76.1695,85.139,5.68479,0.15,0.06,2.1984,2.8032,0,0.411834,4.47552,4.27036e+06,2.70226e+06,9.38799e+06,0,0,0,2.14906e+08,61.799,61.308,5.12953,0,0,2.22924,1.62444,0,1.72196,2.96352,8.87469e+06,3.61194e+06,1.97838e+07,0,0,0,5.83867e+07
80.0439,85.139,7.12128,0.14,0.06,2.28701,2.89181,0,0.411981,5.32224,4.27036e+06,2.70226e+06,9.76637e+06,0,0,0,2.14906e+08,62.3362,61.308,6.10998,0,0,2.28222,1.67742,0,1.72231,2.96352,8.87469e+06,3.61194e+06,2.0254e+07,0,0,0,5.83867e+07
82.9751,85.139,6.00095,0.11,0.06,2.28779,2.89259,0,0.428586,5.32224,4.27036e+06,2.70226e+06,9.76969e+06,0,0,0,2.14906e+08,62.3362,61.308,5.85306,0,0,2.28267,1.67787,0,1.76325,2.96352,8.87469e+06,3.61194e+06,2.0258e+07,0,0,0,5.83867e+07
85.139,85.139,6.99947,0.11,0.06,2.28856,2.89336,0,0.428731,5.32224,4.27036e+06,2.70226e+06,9.773e+06,0,0,0,2.14906e+08,62.3362,61.308,9.13086,0,0,2.28313,1.67833,0,1.76359,2.96352,8.87469e+06,3.61194e+06,2.0262e+07,0,0,0,5.83867e+07
85.139,85.139,6.14491,0.1,0.06,2.28934,2.89414,0,0.428877,5.32224,4.27036e+06,2.70226e+06,9.77632e+06,0,0,0,2.14906e+08,62.3362,61.308,5.12477,0,0,2.28358,1.67878,0,1.76394,2.96352,8.87469e+06,3.61194e+06,2.0266e+07,0,0,0,5.83867e+07
85.139,85.139,5.72209,0.1,0.06,2.57248,3.17728,0,0.429023,5.32224,4.27036e+06,2.70226e+06,1.09854e+07,0,0,0,2.14906e+08,62.3362,61.308,5.14972,0,0,2.48147,1.87667,0,1.76429,2.96352,8.87469e+06,3.61194e+06,2.20223e+07,0,0,0,5.83867e+07
85.139,85.139,5.73498,0.1,0.06,2.62081,3.17814,0,0.482083,5.32224,4.27036e+06,2.70226e+06,1.11918e+07,0,0,0,2.14906e+08,62.3362,61.308,5.92784,0,0,2.4345,1.87717,0,1.91718,2.96352,8.87469e+06,3.61194e+06,2.16054e+07,0,0,0,5.83867e+07
85.139,85.139,6.21358,0.11,0.06,2.62217,3.17899,0,0.49114,5.32224,4.27036e+06,2.70226e+06,1.11976e+07,0,0,0,2.14906e+08,62.3362,61.308,6.09636,0,0,2.4345,1.87768,0,1.88089,2.96352,8.87469e+06,3.61194e+06,2.16054e+07,0,0,0,5.83867e+07
85.139,85.139,5.83847,0.12,0.06,2.62353,3.17984,0,0.491395,5.32224,4.27036e+06,2.70226e+06,1.12034e+07,0,0,0,2.14906e+08,62.3362,61.308,5.71528,0,0,2.4345,1.87818,0,1.88089,2.96352,8.87469e+06,3.61194e+06,2.16054e+07,0,0,0,5.83867e+07
85.139,85.139,5.82008,0.11,0.06,2.22171,2.77752,0,0.491649,5.32224,4.27036e+06,2.70226e+06,9.48752e+06,0,0,0,2.14906e+08,62.3362,61.308,5.44679,0,0,2.16924,1.61343,0,1.88089,2.96352,8.87469e+06,3.61194e+06,1.92514e+07,0,0,0,5.83867e+07
85.139,85.139,4.51657,0.12,0.06,2.17347,2.77827,0,0.416349,5.32224,4.27036e+06,2.70226e+06,9.2815e+06,0,0,0,2.14906e+08,62.3362,61.308,4.48838,0,0,2.21866,1.61386,0,1.67596,2.96352,8.87469e+06,3.61194e+06,1.969e+07,0,0,0,5.83867e+07
85.139,85.139,4.11147,0.13,0.06,2.17421,2.77901,0,0.407308,5.32224,4.27036e+06,2.70226e+06,9.28469e+06,0,0,0,2.14906e+08,62.0673,61.308,2.77655,0,0,2.2191,1.6143,0,1.71414,2.96352,8.87469e+06,3.61194e+06,1.96938e+07,0,0,0,5.83867e+07
85.139,85.139,8.12233,0.14,0.06,2.17496,2.77976,0,0.407448,5.32224,4.27036e+06,2.70226e+06,9.28787e+06,0,0,0,2.14906e+08,62.3362,61.308,5.04458,0,0,2.21953,1.61473,0,1.71448,2.96352,8.87469e+06,3.61194e+06,1.96976e+07,0,0,0,5.83867e+07
85.139,85.139,4.93681,0.15,0.06,2.17571,2.78051,0,0.407588,5.32224,4.27036e+06,2.70226e+06,9.29106e+06,0,0,0,2.14906e+08,62.3362,61.308,3.7423,0,0,2.21996,1.61516,0,1.71481,2.96352,8.87469e+06,3.61194e+06,1.97015e+07,0,0,0,5.83867e+07
85.139,85.139,6.78248,0.14,0.06,2.27807,2.88287,0,0.407727,5.32224,4.27036e+06,2.70226e+06,9.72821e+06,0,0,0,2.14906e+08,62.3362,61.308,4.91594,0,0,2.28538,1.68058,0,1.71514,2.96352,8.87469e+06,3.61194e+06,2.0282e+07,0,0,0,5.83867e+07
85.139,85.139,7.40234,0.14,0.06,2.27885,2.88365,0,0.426911,5.32224,4.27036e+06,2.70226e+06,9.73151e+06,0,0,0,2.14906e+08,62.3362,61.308,4.67282,0,0,2.28583,1.68103,0,1.76568,2.96352,8.87469e+06,3.61194e+06,2.0286e+07,0,0,0,5.83867e+07
85.139,85.139,6.23302,0.15,0.06,2.27962,2.88442,0,0.427056,5.32224,4.27036e+06,2.70226e+06,9.73482e+06,0,0,0,2.14906e+08,62.3362,61.308,4.60816,0,0,2.28628,1.68148,0,1.76603,2.96352,8.87469e+06,3.61194e+06,2.029e+07,0,0,0,5.83867e+07
85.139,85.139,4.50269,0.14,0.06,2.2804,2.8852,0,0.427201,5.32224,4.27036e+06,2.70226e+06,9.73812e+06,0,0,0,2.14906e+08,62.3362,61.308,4.12461,0,0,2.28673,1.68193,0,1.76638,2.96352,8.87469e+06,3.61194e+06,2.0294e+07,0,0,0,5.83867e+07
85.139,85.139,3.61427,0.14,0.06,2.24139,2.84619,0,0.427346,5.32224,4.27036e+06,2.70226e+06,9.57157e+06,0,0,0,2.14906e+08,62.3362,61.308,3.1843,0,0,2.26192,1.65712,0,1.76673,2.96352,8.87469e+06,3.61194e+06,2.00738e+07,0,0,0,5.83867e+07
85.139,85.139,3.27173,0.14,0.06,2.24216,2.84696,0,0.420037,5.32224,4.27036e+06,2.70226e+06,9.57483e+06,0,0,0,2.14906e+08,62.3294,61.308,2.70751,0,0,2.26236,1.65756,0,1.74756,2.96352,8.87469e+06,3.61194e+06,2.00778e+07,0,0,0,5.83867e+07
85.139,85.139,2.68035,0.12,0.06,2.24292,2.84772,0,0.42018,5.32224,4.27036e+06,2.70226e+06,9.57809e+06,0,0,0,2.14906e+08,62.0636,61.308,2.3736,0,0,2.26281,1.65801,0,1.7479,2.96352,8.87469e+06,3.61194e+06,2.00817e+07,0,0,0,5.83867e+07
85.0542,85.139,2.54127,0.1,0.06,2.24368,2.84848,0,0.420323,5.32224,4.27036e+06,2.70226e+06,9.58135e+06,0,0,0,2.14906e+08,61.8163,61.308,1.9864,0,0,2.26325,1.65845,0,1.74824,2.96352,8.87469e+06,3.61194e+06,2.00856e+07,0,0,0,5.83867e+07
84.6426,85.139,2.28993,0.17,0.06,2.37961,2.98441,0,0.420467,5.32224,4.27036e+06,2.70226e+06,1.01618e+07,0,0,0,2.14906e+08,61.6391,61.308,2.01463,0,0,2.35338,1.74858,0,1.74859,2.96352,8.87469e+06,3.61194e+06,2.08856e+07,0,0,0,5.83867e+07
84.3057,85.139,2.35049,0.14,0.06,2.38041,2.98521,0,0.445939,5.32224,4.27036e+06,2.70226e+06,1.01652e+07,0,0,0,2.14906e+08,61.6303,61.308,2.37601,0,0,2.35385,1.74905,0,1.81822,2.96352,8.87469e+06,3.61194e+06,2.08897e+07,0,0,0,5.83867e+07
83.9061,85.139,2.27597,0.12,0.06,2.38121,2.98601,0,0.446089,5.32224,4.27036e+06,2.70226e+06,1.01686e+07,0,0,0,2.14906e+08,61.473,61.308,2.15121,0,0,2.35432,1.74952,0,1.81859,2.96352,8.87469e+06,3.61194e+06,2.08939e+07,0,0,0,5.83867e+07
83.284,85.139,2.01336,0.1,0.06,2.38201,2.98681,0,0.446239,5.32224,4.27036e+06,2.70226e+06,1.01721e+07,0,0,0,2.14906e+08,61.1842,61.308,2.02541,0,0,2.35479,1.74999,0,1.81895,2.96352,8.87469e+06,3.61194e+06,2.0898e+07,0,0,0,5.83867e+07
82.5927,85.139,1.90282,0.08,0.06,2.38281,2.98761,0,0.446389,5.32224,4.27036e+06,2.70226e+06,1.01755e+07,0,0,0,2.14906e+08,61.0364,61.308,1.92836,0,0,2.35526,1.75046,0,1.81931,2.96352,8.87469e+06,3.61194e+06,2.09022e+07,0,0,0,5.83867e+07
82.5658,85.139,2.54305,0.09,0.06,2.35685,2.96165,0,0.446539,5.32224,4.27036e+06,2.70226e+06,1.00646e+07,0,0,0,2.14906e+08,61.2768,61.308,3.08483,0,0,2.40509,1.80029,0,1.81967,2.96352,8.87469e+06,3.61194e+06,2.13444e+07,0,0,0,5.83867e+07
82.5074,85.139,2.51179,0.09,0.06,2.35764,2.96244,0,0.441673,5.32224,4.27036e+06,2.70226e+06,1.0068e+07,0,0,0,2.14906e+08,61.521,61.308,3.10342,0,0,2.40557,1.80077,0,1.85817,2.96352,8.87469e+06,3.61194e+06,2.13487e+07,0,0,0,5.83867e+07
82.2364,85.139,2.29848,0.08,0.06,2.35843,2.96323,0,0.441822,5.32224,4.27036e+06,2.70226e+06,1.00714e+07,0,0,0,2.14906e+08,61.753,61.308,3.09437,0,0,2.40606,1.80126,0,1.85855,2.96352,8.87469e+06,3.61194e+06,2.1353e+07,0,0,0,5.83867e+07
81.7603,85.139,2.07866,0.07,0.06,2.35923,2.96403,0,0.441971,5.32224,4.27036e+06,2.70226e+06,1.00748e+07,0,0,0,2.14906e+08,61.9014,61.308,2.77069,0,0,2.40654,1.80174,0,1.85892,2.96352,8.87469e+06,3.61194e+06,2.13573e+07,0,0,0,5.83867e+07
81.3453,85.139,2.16431,0.07,0.06,2.42922,3.03402,0,0.442119,5.32224,4.27036e+06,2.70226e+06,1.03736e+07,0,0,0,2.14906e+08,61.9949,61.308,2.81653,0,0,2.45106,1.84626,0,1.85929,2.96352,8.87469e+06,3.61194e+06,2.17524e+07,0,0,0,5.83867e+07
80.992,85.139,2.23613,0.08,0.06,2.4471,3.03483,0,0.455235,5.32224,4.27036e+06,2.70226e+06,1.045e+07,0,0,0,2.14906e+08,62.1261,61.308,2.77412,0,0,2.43449,1.84675,0,1.89369,2.96352,8.87469e+06,3.61194e+06,2.16053e+07,0,0,0,5.83867e+07
80.4719,85.139,2.06177,0.08,0.06,2.4484,3.03564,0,0.458586,5.32224,4.27036e+06,2.70226e+06,1.04556e+07,0,0,0,2.14906e+08,62.2352,61.308,2.66505,0,0,2.43449,1.84725,0,1.88088,2.96352,8.87469e+06,3.61194e+06,2.16053e+07,0,0,0,5.83867e+07
79.6398,85.139,1.72495,0.08,0.06,2.44971,3.03646,0,0.458831,5.32224,4.27036e+06,2.70226e+06,1.04612e+07,0,0,0,2.14906e+08,62.3335,61.308,2.64952,0,0,2.43449,1.84774,0,1.88088,2.96352,8.87469e+06,3.61194e+06,2.16053e+07,0,0,0,5.83867e+07
78.4432,85.139,1.53027,0.09,0.06,2.65387,3.24011,0,0.459076,5.32224,4.27036e+06,2.70226e+06,1.1333e+07,0,0,0,2.14906e+08,62.3362,61.308,2.49948,0,0,2.59361,2.00736,0,1.88088,2.96352,8.87469e+06,3.61194e+06,2.30175e+07,0,0,0,5.83867e+07
76.918,85.139,1.29561,0.13,0.06,2.81435,3.24098,0,0.497335,5.32224,4.27036e+06,2.70226e+06,1.20183e+07,0,0,0,2.14906e+08,62.3339,61.308,2.95021,0,0,2.43453,2.0079,0,2.00382,2.96352,8.87469e+06,3.61194e+06,2.16057e+07,0,0,0,5.83867e+07
75.2761,85.139,1.16126,0.13,0.06,2.81576,3.24185,0,0.52741,5.32224,4.27036e+06,2.70226e+06,1.20243e+07,0,0,0,2.14906e+08,62.2416,61.308,2.73114,0,0,2.43453,2.00844,0,1.88092,2.96352,8.87469e+06,3.61194e+06,2.16057e+07,0,0,0,5.83867e+07
73.8565,85.139,1.377,0.13,0.06,2.81717,3.24272,0,0.527674,5.32224,4.27036e+06,2.70226e+06,1.20303e+07,0,0,0,2.14906e+08,62.2143,61.308,2.95585,0,0,2.43453,2.00898,0,1.88092,2.96352,8.87469e+06,3.61194e+06,2.16057e+07,0,0,0,5.83867e+07
73.341,85.139,2.35059,0.13,0.06,2.81857,3.24359,0,0.527937,5.32224,4.27036e+06,2.70226e+06,1.20363e+07,0,0,0,2.14906e+08,62.3362,61.308,3.55507,0,0,2.43453,2.00952,0,1.88092,2.96352,8.87469e+06,3.61194e+06,2.16057e+07,0,0,0,5.83867e+07
72.8667,85.139,2.28788,0.15,0.06,2.72099,3.14546,0,0.528201,5.32224,4.27036e+06,2.70226e+06,1.16196e+07,0,0,0,2.14906e+08,62.3362,61.308,3.28501,0,0,2.33782,1.91334,0,1.88092,2.96352,8.87469e+06,3.61194e+06,2.07474e+07,0,0,0,5.83867e+07
72.2684,85.139,2.11628,0.15,0.06,2.62566,3.14631,0,0.509913,5.32224,4.27036e+06,2.70226e+06,1.12125e+07,0,0,0,2.14906e+08,62.3362,61.308,3.51017,0,0,2.4345,1.91385,0,1.8062,2.96352,8.87469e+06,3.61194e+06,2.16055e+07,0,0,0,5.83867e+07
71.998,85.139,2.43515,0.14,0.06,2.62701,3.14715,0,0.492048,5.32224,4.27036e+06,2.70226e+06,1.12183e+07,0,0,0,2.14906e+08,62.3362,61.308,3.81084,0,0,2.4345,1.91437,0,1.8809,2.96352,8.87469e+06,3.61194e+06,2.16055e+07,0,0,0,5.83867e+07
72.458,85.139,3.19337,0.14,0.06,2.62837,3.14799,0,0.492302,5.32224,4.27036e+06,2.70226e+06,1.12241e+07,0,0,0,2.14906e+08,62.3362,61.308,4.74498,0,0,2.4345,1.91488,0,1.8809,2.96352,8.87469e+06,3.61194e+06,2.16055e+07,0,0,0,5.83867e+07
74.5979,85.139,5.05351,0.14,0.06,2.54838,3.06749,0,0.492556,5.32224,4.27036e+06,2.70226e+06,1.08825e+07,0,0,0,2.14906e+08,62.3362,61.308,6.72021,0,0,2.34638,1.82726,0,1.8809,2.96352,8.87469e+06,3.61194e+06,2.08234e+07,0,0,0,5.83867e+07
77.9727,85.139,6.2946,0.12,0.06,2.46351,3.06831,0,0.477566,5.32224,4.27036e+06,2.70226e+06,1.05201e+07,0,0,0,2.14906e+08,62.3362,61.308,7.85891,0,0,2.43255,1.82775,0,1.81281,2.96352,8.87469e+06,3.61194e+06,2.15881e+07,0,0,0,5.83867e+07
83.2466,85.139,8.24923,0.12,0.06,2.46433,3.06913,0,0.461662,5.32224,4.27036e+06,2.70226e+06,1.05236e+07,0,0,0,2.14906e+08,62.3362,61.308,8.4855,0,0,2.43304,1.82824,0,1.87939,2.96352,8.87469e+06,3.61194e+06,2.15925e+07,0,0,0,5.83867e+07
85.139,85.139,5.37622,0.12,0.06,2.46516,3.06996,0,0.461816,5.32224,4.27036e+06,2.70226e+06,1.05271e+07,0,0,0,2.14906e+08,62.3362,61.308,5.93389,0,0,2.43353,1.82873,0,1.87977,2.96352,8.87469e+06,3.61194e+06,2.15968e+07,0,0,0,5.83867e+07
85.139,85.139,8.76504,0.09,0.06,2.23471,2.83951,0,0.46197,5.32224,4.27036e+06,2.70226e+06,9.54304e+06,0,0,0,2.14906e+08,62.3362,61.308,8.58152,0,0,2.25028,1.64548,0,1.88015,2.96352,8.87469e+06,3.61194e+06,1.99705e+07,0,0,0,5.83867e+07
85.139,85.139,7.15039,0.09,0.06,2.23547,2.84027,0,0.418785,5.32224,4.27036e+06,2.70226e+06,9.54628e+06,0,0,0,2.14906e+08,62.3362,61.308,12.5312,0,0,2.25072,1.64592,0,1.73857,2.96352,8.87469e+06,3.61194e+06,1.99745e+07,0,0,0,5.83867e+07
85.139,85.139,5.57975,0.09,0.06,2.23623,2.84103,0,0.418927,5.32224,4.27036e+06,2.70226e+06,9.54953e+06,0,0,0,2.14906e+08,62.3362,61.308,8.89463,0,0,2.25116,1.64636,0,1.73891,2.96352,8.87469e+06,3.61194e+06,1.99784e+07,0,0,0,5.83867e+07
85.139,85.139,7.90214,0.09,0.06,2.23699,2.84179,0,0.41907,5.32224,4.27036e+06,2.70226e+06,9.55277e+06,0,0,0,2.14906e+08,62.3362,61.308,12.7402,0,0,2.2516,1.6468,0,1.73925,2.96352,8.87469e+06,3.61194e+06,1.99823e+07,0,0,0,5.83867e+07
85.139,85.139,18.3559,0.09,0.06,2.23775,2.84255,0,0.419212,5.32224,4.27036e+06,2.70226e+06,9.55602e+06,0,0,0,2.14906e+08,62.3362,61.308,18.6454,0,0,2.25204,1.64724,0,1.73959,2.96352,8.87469e+06,3.61194e+06,1.99862e+07,0,0,0,5.83867e+07
85.139,85.139,13.5217,0.11,0,2.32757,2.93237,0,0.419355,5.32224,4.27036e+06,2.70226e+06,9.93956e+06,0,0,0,2.14906e+08,62.3362,61.308,11.7769,0,0,2.30575,1.70095,0,1.73993,2.96352,8.87469e+06,3.61194e+06,2.04628e+07,0,0,0,5.83867e+07
85.139,85.139,8.06415,0.1,0,2.32832,2.93312,0,0.436186,5.32224,4.27036e+06,2.70226e+06,9.94277e+06,0,0,0,2.14906e+08,62.3362,61.308,9.63428,0,0,2.30618,1.70138,0,1.78142,2.96352,8.87469e+06,3.61194e+06,2.04667e+07,0,0,0,5.83867e+07
85.139,85.139,7.13535,0.11,0,2.32907,2.93387,0,0.436327,5.32224,4.27036e+06,2.70226e+06,9.94598e+06,0,0,0,2.14906e+08,62.3362,61.308,8.80315,0,0,2.30662,1.70182,0,1.78176,2.96352,8.87469e+06,3.61194e+06,2.04705e+07,0,0,0,5.83867e+07
85.139,85.139,11.9223,0.11,0,2.32982,2.93462,0,0.436468,5.32224,4.27036e+06,2.70226e+06,9.94919e+06,0,0,0,2.14906e+08,62.3362,61.308,10.4307,0,0,2.30706,1.70226,0,1.7821,2.96352,8.87469e+06,3.61194e+06,2.04744e+07,0,0,0,5.83867e+07
85.139,85.139,10.0967,0.11,0,2.61689,3.22169,0,0.436609,5.32224,4.27036e+06,2.70226e+06,1.11751e+07,0,0,0,2.14906e+08,62.3362,61.308,10.2622,0,0,2.5077,1.9029,0,1.78243,2.96352,8.87469e+06,3.61194e+06,2.2255e+07,0,0,0,5.83867e+07
85.139,85.139,5.09466,0.11,0,2.69141,3.22251,0,0.490404,5.32224,4.27036e+06,2.70226e+06,1.14933e+07,0,0,0,2.14906e+08,62.3362,61.308,5.53129,0,0,2.43448,1.90338,0,1.93745,2.96352,8.87469e+06,3.61194e+06,2.16053e+07,0,0,0,5.83867e+07
85.139,85.139,6.62738,0.12,0,2.69273,3.22334,0,0.504371,5.32224,4.27036e+06,2.70226e+06,1.14989e+07,0,0,0,2.14906e+08,62.3362,61.308,6.96351,0,0,2.43448,1.90387,0,1.88088,2.96352,8.87469e+06,3.61194e+06,2.16053e+07,0,0,0,5.83867e+07
85.139,85.139,6.0172,0.12,0,2.69404,3.22416,0,0.504617,5.32224,4.27036e+06,2.70226e+06,1.15045e+07,0,0,0,2.14906e+08,62.3362,61.308,7.39015,0,0,2.43448,1.90436,0,1.88088,2.96352,8.87469e+06,3.61194e+06,2.16053e+07,0,0,0,5.83867e+07
85.139,85.139,9.98782,0.14,0,2.28657,2.8162,0,0.504864,5.32224,4.27036e+06,2.70226e+06,9.76449e+06,0,0,0,2.14906e+08,62.3362,61.308,6.75504,0,0,2.16553,1.6359,0,1.88088,2.96352,8.87469e+06,3.61194e+06,1.92184e+07,0,0,0,5.83867e+07
85.139,85.139,6.98752,0.14,0,2.21212,2.81692,0,0.428503,5.32224,4.27036e+06,2.70226e+06,9.44658e+06,0,0,0,2.14906e+08,62.3362,61.308,7.34175,0,0,2.24112,1.63632,0,1.67309,2.96352,8.87469e+06,3.61194e+06,1.98892e+07,0,0,0,5.83867e+07
85.139,85.139,6.25621,0.16,0,2.21285,2.81765,0,0.414552,5.32224,4.27036e+06,2.70226e+06,9.44966e+06,0,0,0,2.14906e+08,62.3362,61.308,7.28485,0,0,2.24154,1.63674,0,1.73149,2.96352,8.87469e+06,3.61194e+06,1.9893e+07,0,0,0,5.83867e+07
85.139,85.139,8.62711,0.16,0,2.21357,2.81837,0,0.414688,5.32224,4.27036e+06,2.70226e+06,9.45275e+06,0,0,0,2.14906e+08,62.3362,61.308,8.22657,0,0,2.24196,1.63716,0,1.73181,2.96352,8.87469e+06,3.61194e+06,1.98967e+07,0,0,0,5.83867e+07
85.139,85.139,7.52377,0.18,0,2.21429,2.81909,0,0.414823,5.32224,4.27036e+06,2.70226e+06,9.45583e+06,0,0,0,2.14906e+08,62.3362,61.308,7.66516,0,0,2.24238,1.63758,0,1.73214,2.96352,8.87469e+06,3.61194e+06,1.99004e+07,0,0,0,5.83867e+07
85.139,85.139,9.33895,0.2,0,2.31804,2.92284,0,0.414958,5.32224,4.27036e+06,2.70226e+06,9.89889e+06,0,0,0,2.14906e+08,62.3362,61.308,8.27572,0,0,2.30868,1.70388,0,1.73246,2.96352,8.87469e+06,3.61194e+06,2.04888e+07,0,0,0,5.83867e+07
85.139,85.139,5.68133,0.2,0,2.31879,2.92359,0,0.434401,5.32224,4.27036e+06,2.70226e+06,9.90209e+06,0,0,0,2.14906e+08,62.3362,61.308,5.96488,0,0,2.30911,1.70431,0,1.78368,2.96352,8.87469e+06,3.61194e+06,2.04927e+07,0,0,0,5.83867e+07
85.139,85.139,5.2726,0.2,0,2.31954,2.92434,0,0.434542,5.32224,4.27036e+06,2.70226e+06,9.90529e+06,0,0,0,2.14906e+08,62.3362,61.308,5.42607,0,0,2.30955,1.70475,0,1.78402,2.96352,8.87469e+06,3.61194e+06,2.04965e+07,0,0,0,5.83867e+07
85.139,85.139,4.57711,0.19,0,2.32029,2.92509,0,0.434682,5.32224,4.27036e+06,2.70226e+06,9.90849e+06,0,0,0,2.14906e+08,62.3362,61.308,4.86564,0,0,2.30999,1.70519,0,1.78436,2.96352,8.87469e+06,3.61194e+06,2.05004e+07,0,0,0,5.83867e+07
85.139,85.139,5.15893,0.16,0,2.28072,2.88552,0,0.434823,5.32224,4.27036e+06,2.70226e+06,9.73949e+06,0,0,0,2.14906e+08,62.3362,61.308,5.50272,0,0,2.28481,1.68001,0,1.7847,2.96352,8.87469e+06,3.61194e+06,2.0277e+07,0,0,0,5.83867e+07
85.139,85.139,4.57001,0.15,0,2.28145,2.88625,0,0.427406,5.32224,4.27036e+06,2.70226e+06,9.74264e+06,0,0,0,2.14906e+08,62.3362,61.308,4.10553,0,0,2.28524,1.68044,0,1.76524,2.96352,8.87469e+06,3.61194e+06,2.02808e+07,0,0,0,5.83867e+07
85.139,85.139,3.71381,0.15,0,2.28219,2.88699,0,0.427545,5.32224,4.27036e+06,2.70226e+06,9.7458e+06,0,0,0,2.14906e+08,62.3362,61.308,3.51486,0,0,2.28567,1.68087,0,1.76558,2.96352,8.87469e+06,3.61194e+06,2.02846e+07,0,0,0,5.83867e+07
85.139,85.139,3.27493,0.14,0,2.28293,2.88773,0,0.427683,5.32224,4.27036e+06,2.70226e+06,9.74896e+06,0,0,0,2.14906e+08,62.3362,61.308,3.13498,0,0,2.2861,1.6813,0,1.76591,2.96352,8.87469e+06,3.61194e+06,2.02884e+07,0,0,0,5.83867e+07
85.139,85.139,2.94495,0.11,0,2.42069,3.02549,0,0.427822,5.32224,4.27036e+06,2.70226e+06,1.03372e+07,0,0,0,2.14906e+08,62.3001,61.308,2.80585,0,0,2.37746,1.77266,0,1.76624,2.96352,8.87469e+06,3.61194e+06,2.10992e+07,0,0,0,5.83867e+07
85.139,85.139,3.46292,0.09,0,2.42147,3.02627,0,0.453638,5.32224,4.27036e+06,2.70226e+06,1.03406e+07,0,0,0,2.14906e+08,62.3362,61.308,3.46906,0,0,2.37791,1.77311,0,1.83682,2.96352,8.87469e+06,3.61194e+06,2.11032e+07,0,0,0,5.83867e+07
85.139,85.139,3.38036,0.08,0,2.42224,3.02704,0,0.453783,5.32224,4.27036e+06,2.70226e+06,1.03439e+07,0,0,0,2.14906e+08,62.3362,61.308,3.83369,0,0,2.37836,1.77356,0,1.83717,2.96352,8.87469e+06,3.61194e+06,2.11072e+07,0,0,0,5.83867e+07
85.139,85.139,3.19791,0.08,0,2.42302,3.02782,0,0.453928,5.32224,4.27036e+06,2.70226e+06,1.03472e+07,0,0,0,2.14906e+08,62.3362,61.308,3.25103,0,0,2.37882,1.77402,0,1.83752,2.96352,8.87469e+06,3.61194e+06,2.11113e+07,0,0,0,5.83867e+07
85.139,85.139,3.01321,0.07,0,2.42379,3.02859,0,0.454074,5.32224,4.27036e+06,2.70226e+06,1.03505e+07,0,0,0,2.14906e+08,62.3362,61.308,2.87108,0,0,2.37927,1.77447,0,1.83788,2.96352,8.87469e+06,3.61194e+06,2.11153e+07,0,0,0,5.83867e+07
85.139,85.139,2.90417,0.06,0,2.39744,3.00224,0,0.454219,5.32224,4.27036e+06,2.70226e+06,1.02379e+07,0,0,0,2.14906e+08,62.3362,61.308,3.2155,0,0,2.42976,1.82496,0,1.83823,2.96352,8.87469e+06,3.61194e+06,2.15634e+07,0,0,0,5.83867e+07
85.139,85.139,2.7441,0.05,0,2.39821,3.00301,0,0.44928,5.32224,4.27036e+06,2.70226e+06,1.02412e+07,0,0,0,2.14906e+08,62.3362,61.308,3.41539,0,0,2.43023,1.82543,0,1.87724,2.96352,8.87469e+06,3.61194e+06,2.15675e+07,0,0,0,5.83867e+07
85,85.139,2.56563,0.05,0,2.39897,3.00377,0,0.449424,5.32224,4.27036e+06,2.70226e+06,1.02445e+07,0,0,0,2.14906e+08,62.3362,61.308,3.51276,0,0,2.4307,1.8259,0,1.8776,2.96352,8.87469e+06,3.61194e+06,2.15717e+07,0,0,0,5.83867e+07
84.8044,85.139,2.49395,0.1,0,2.39974,3.00454,0,0.449568,5.32224,4.27036e+06,2.70226e+06,1.02478e+07,0,0,0,2.14906e+08,62.3362,61.308,3.33915,0,0,2.43117,1.82637,0,1.87796,2.96352,8.87469e+06,3.61194e+06,2.15758e+07,0,0,0,5.83867e+07
84.618,85.139,2.55064,0.11,0,2.47065,3.07545,0,0.449712,5.32224,4.27036e+06,2.70226e+06,1.05506e+07,0,0,0,2.14906e+08,62.3362,61.308,3.31406,0,0,2.47627,1.87147,0,1.87832,2.96352,8.87469e+06,3.61194e+06,2.19761e+07,0,0,0,5.83867e+07
84.6468,85.139,2.77822,0.11,0,2.51372,3.07624,0,0.463,5.32224,4.27036e+06,2.70226e+06,1.07345e+07,0,0,0,2.14906e+08,62.3362,61.308,3.72108,0,0,2.43447,1.87195,0,1.91317,2.96352,8.87469e+06,3.61194e+06,2.16052e+07,0,0,0,5.83867e+07
84.4497,85.139,2.54401,0.11,0,2.51498,3.07702,0,0.471071,5.32224,4.27036e+06,2.70226e+06,1.07399e+07,0,0,0,2.14906e+08,62.3362,61.308,3.47989,0,0,2.43447,1.87243,0,1.88087,2.96352,8.87469e+06,3.61194e+06,2.16052e+07,0,0,0,5.83867e+07
83.9288,85.139,2.19715,0.11,0,2.51625,3.07781,0,0.471308,5.32224,4.27036e+06,2.70226e+06,1.07453e+07,0,0,0,2.14906e+08,62.3362,61.308,3.45216,0,0,2.43447,1.87291,0,1.88087,2.96352,8.87469e+06,3.61194e+06,2.16052e+07,0,0,0,5.83867e+07
82.9497,85.139,1.91165,0.11,0,2.72312,3.2842,0,0.471545,5.32224,4.27036e+06,2.70226e+06,1.16287e+07,0,0,0,2.14906e+08,62.3362,61.308,3.3263,0,0,2.59576,2.03468,0,1.88087,2.96352,8.87469e+06,3.61194e+06,2.30366e+07,0,0,0,5.83867e+07
82.4906,85.139,2.58354,0.11,0,2.88573,3.28505,0,0.510313,5.32224,4.27036e+06,2.70226e+06,1.23231e+07,0,0,0,2.14906e+08,62.3362,61.308,3.56196,0,0,2.43451,2.0352,0,2.00549,2.96352,8.87469e+06,3.61194e+06,2.16055e+07,0,0,0,5.83867e+07
82.3525,85.139,2.95379,0.12,0,2.88709,3.28589,0,0.540786,5.32224,4.27036e+06,2.70226e+06,1.23289e+07,0,0,0,2.14906e+08,62.3362,61.308,4.54722,0,0,2.43451,2.03572,0,1.8809,2.96352,8.87469e+06,3.61194e+06,2.16055e+07,0,0,0,5.83867e+07
81.7284,85.139,2.4501,0.11,0,2.88845,3.28673,0,0.541041,5.32224,4.27036e+06,2.70226e+06,1.23348e+07,0,0,0,2.14906e+08,62.3362,61.308,3.17488,0,0,2.43451,2.03624,0,1.8809,2.96352,8.87469e+06,3.61194e+06,2.16055e+07,0,0,0,5.83867e+07
81.6618,85.139,2.99998,0.11,0,2.88982,3.28757,0,0.541296,5.32224,4.27036e+06,2.70226e+06,1.23406e+07,0,0,0,2.14906e+08,62.3362,61.308,6.00834,0,0,2.43451,2.03676,0,1.8809,2.96352,8.87469e+06,3.61194e+06,2.16055e+07,0,0,0,5.83867e+07
81.792,85.139,3.08029,0.11,0,2.79084,3.18807,0,0.541551,5.32224,4.27036e+06,2.70226e+06,1.19179e+07,0,0,0,2.14906e+08,62.3362,61.308,4.34938,0,0,2.33649,1.93926,0,1.8809,2.96352,8.87469e+06,3.61194e+06,2.07356e+07,0,0,0,5.83867e+07
82.2795,85.139,3.4157,0.12,0,2.69416,3.18889,0,0.523004,5.32224,4.27036e+06,2.70226e+06,1.1505e+07,0,0,0,2.14906e+08,62.3362,61.308,4.4375,0,0,2.43449,1.93976,0,1.80517,2.96352,8.87469e+06,3.61194e+06,2.16053e+07,0,0,0,5.83867e+07
83.0987,85.139,3.81644,0.12,0,2.69547,3.1897,0,0.504885,5.32224,4.27036e+06,2.70226e+06,1.15106e+07,0,0,0,2.14906e+08,62.3362,61.308,5.9494,0,0,2.43449,1.94025,0,1.88089,2.96352,8.87469e+06,3.61194e+06,2.16053e+07,0,0,0,5.83867e+07
83.6841,85.139,3.63598,0.12,0,2.69678,3.19052,0,0.505131,5.32224,4.27036e+06,2.70226e+06,1.15162e+07,0,0,0,2.14906e+08,62.3362,61.308,5.88126,0,0,2.43449,1.94075,0,1.88089,2.96352,8.87469e+06,3.61194e+06,2.16053e+07,0,0,0,5.83867e+07
84.9,85.139,4.33914,0.12,0,2.61565,3.1089,0,0.505377,5.32224,4.27036e+06,2.70226e+06,1.11698e+07,0,0,0,2.14906e+08,62.3362,61.308,6.4746,0,0,2.34517,1.85193,0,1.88089,2.96352,8.87469e+06,3.61194e+06,2.08127e+07,0,0,0,5.83867e+07
85.139,85.139,6.36983,0.12,0,2.52763,3.10969,0,0.490173,5.32224,4.27036e+06,2.70226e+06,1.07939e+07,0,0,0,2.14906e+08,62.3362,61.308,6.76158,0,0,2.43447,1.8524,0,1.81188,2.96352,8.87469e+06,3.61194e+06,2.16051e+07,0,0,0,5.83867e+07
85.139,85.139,6.41118,0.11,0,2.52889,3.11049,0,0.473677,5.32224,4.27036e+06,2.70226e+06,1.07993e+07,0,0,0,2.14906e+08,62.3362,61.308,6.81379,0,0,2.43447,1.85287,0,1.88087,2.96352,8.87469e+06,3.61194e+06,2.16051e+07,0,0,0,5.83867e+07
85.139,85.139,4.03816,0.11,0,2.53016,3.11128,0,0.473915,5.32224,4.27036e+06,2.70226e+06,1.08047e+07,0,0,0,2.14906e+08,62.3362,61.308,4.48199,0,0,2.43447,1.85335,0,1.88087,2.96352,8.87469e+06,3.61194e+06,2.16051e+07,0,0,0,5.83867e+07
85.139,85.139,4.82854,0.11,0,2.29706,2.8777,0,0.474153,5.32224,4.27036e+06,2.70226e+06,9.80927e+06,0,0,0,2.14906e+08,62.3362,61.308,5.81729,0,0,2.24826,1.66761,0,1.88087,2.96352,8.87469e+06,3.61194e+06,1.99526e+07,0,0,0,5.83867e+07
85.139,85.139,10.7091,0.11,0,2.27364,2.87844,0,0.430469,5.32224,4.27036e+06,2.70226e+06,9.70926e+06,0,0,0,2.14906e+08,62.3362,61.308,11.2038,0,0,2.27284,1.66804,0,1.737,2.96352,8.87469e+06,3.61194e+06,2.01707e+07,0,0,0,5.83867e+07
85.139,85.139,7.80813,0.13,0,2.27437,2.87917,0,0.426079,5.32224,4.27036e+06,2.70226e+06,9.7124e+06,0,0,0,2.14906e+08,62.3362,61.308,7.21193,0,0,2.27326,1.66846,0,1.75599,2.96352,8.87469e+06,3.61194e+06,2.01745e+07,0,0,0,5.83867e+07
85.139,85.139,8.92207,0.14,0,2.27511,2.87991,0,0.426217,5.32224,4.27036e+06,2.70226e+06,9.71554e+06,0,0,0,2.14906e+08,62.3362,61.308,7.6905,0,0,2.27369,1.66889,0,1.75632,2.96352,8.87469e+06,3.61194e+06,2.01783e+07,0,0,0,5.83867e+07
85.139,85.139,7.80865,0.2,0,2.27584,2.88064,0,0.426355,5.32224,4.27036e+06,2.70226e+06,9.71868e+06,0,0,0,2.14906e+08,62.3362,61.308,6.78872,0,0,2.27412,1.66932,0,1.75665,2.96352,8.87469e+06,3.61194e+06,2.01821e+07,0,0,0,5.83867e+07
85.139,85.139,7.73178,0.2,0,2.36683,2.97163,0,0.426493,5.32224,4.27036e+06,2.70226e+06,1.01072e+07,0,0,0,2.14906e+08,62.3362,61.308,9.46633,0,0,2.32852,1.72372,0,1.75698,2.96352,8.87469e+06,3.61194e+06,2.06649e+07,0,0,0,5.83867e+07
85.139,85.139,6.58998,0.21,0,2.36756,2.97236,0,0.443543,5.32224,4.27036e+06,2.70226e+06,1.01103e+07,0,0,0,2.14906e+08,62.3362,61.308,9.60957,0,0,2.32894,1.72414,0,1.79902,2.96352,8.87469e+06,3.61194e+06,2.06687e+07,0,0,0,5.83867e+07
85.139,85.139,4.76148,0.21,0,2.36828,2.97308,0,0.44368,5.32224,4.27036e+06,2.70226e+06,1.01134e+07,0,0,0,2.14906e+08,62.3362,61.308,7.71498,0,0,2.32937,1.72457,0,1.79934,2.96352,8.87469e+06,3.61194e+06,2.06724e+07,0,0,0,5.83867e+07
85.139,85.139,4.45826,0.21,0,2.36901,2.97381,0,0.443816,5.32224,4.27036e+06,2.70226e+06,1.01165e+07,0,0,0,2.14906e+08,62.3362,61.308,7.1442,0,0,2.32979,1.72499,0,1.79967,2.96352,8.87469e+06,3.61194e+06,2.06762e+07,0,0,0,5.83867e+07
85.139,85.139,5.63678,0.21,0,2.65987,3.26467,0,0.443953,5.32224,4.27036e+06,2.70226e+06,1.13586e+07,0,0,0,2.14906e+08,62.3362,61.308,8.84342,0,0,2.53308,1.92828,0,1.8,2.96352,8.87469e+06,3.61194e+06,2.24803e+07,0,0,0,5.83867e+07
85.139,85.139,6.48187,0.21,0,2.75976,3.26547,0,0.49846,5.32224,4.27036e+06,2.70226e+06,1.17852e+07,0,0,0,2.14906e+08,62.3362,61.308,6.81721,0,0,2.43446,1.92876,0,1.95706,2.96352,8.87469e+06,3.61194e+06,2.16051e+07,0,0,0,5.83867e+07
85.139,85.139,7.57267,0.21,0,2.76104,3.26627,0,0.51718,5.32224,4.27036e+06,2.70226e+06,1.17906e+07,0,0,0,2.14906e+08,62.3362,61.308,9.04713,0,0,2.43446,1.92923,0,1.88087,2.96352,8.87469e+06,3.61194e+06,2.16051e+07,0,0,0,5.83867e+07
85.139,85.139,6.55622,0.21,0,2.76231,3.26707,0,0.517418,5.32224,4.27036e+06,2.70226e+06,1.17961e+07,0,0,0,2.14906e+08,62.3362,61.308,7.16461,0,0,2.43446,1.9297,0,1.88087,2.96352,8.87469e+06,3.61194e+06,2.16051e+07,0,0,0,5.83867e+07
85.139,85.139,5.29724,0.21,0,2.34936,2.85365,0,0.517657,5.32224,4.27036e+06,2.70226e+06,1.00326e+07,0,0,0,2.14906e+08,62.3362,61.308,5.07893,0,0,2.16194,1.65765,0,1.88087,2.96352,8.87469e+06,3.61194e+06,1.91866e+07,0,0,0,5.83867e+07
85.139,85.139,5.27438,0.21,0,2.24955,2.85435,0,0.44027,5.32224,4.27036e+06,2.70226e+06,9.60639e+06,0,0,0,2.14906e+08,62.3362,61.308,4.2025,0,0,2.26286,1.65806,0,1.67032,2.96352,8.87469e+06,3.61194e+06,2.00822e+07,0,0,0,5.83867e+07
85.139,85.139,3.71777,0.21,0,2.25025,2.85505,0,0.421565,5.32224,4.27036e+06,2.70226e+06,9.60938e+06,0,0,0,2.14906e+08,62.3362,61.308,3.90903,0,0,2.26326,1.65846,0,1.74828,2.96352,8.87469e+06,3.61194e+06,2.00858e+07,0,0,0,5.83867e+07
85.139,85.139,4.98044,0.21,0,2.25095,2.85575,0,0.421696,5.32224,4.27036e+06,2.70226e+06,9.61237e+06,0,0,0,2.14906e+08,62.3362,61.308,3.71245,0,0,2.26367,1.65887,0,1.7486,2.96352,8.87469e+06,3.61194e+06,2.00894e+07,0,0,0,5.83867e+07
85.139,85.139,4.24328,0.21,0,2.25165,2.85645,0,0.421828,5.32224,4.27036e+06,2.70226e+06,9.61535e+06,0,0,0,2.14906e+08,62.3362,61.308,4.52367,0,0,2.26408,1.65928,0,1.74891,2.96352,8.87469e+06,3.61194e+06,2.0093e+07,0,0,0,5.83867e+07
85.139,85.139,5.63579,0.21,0,2.35674,2.96154,0,0.421959,5.32224,4.27036e+06,2.70226e+06,1.00641e+07,0,0,0,2.14906e+08,62.3362,61.308,4.1217,0,0,2.33124,1.72644,0,1.74923,2.96352,8.87469e+06,3.61194e+06,2.0689e+07,0,0,0,5.83867e+07
85.139,85.139,6.65021,0.21,0,2.35747,2.96227,0,0.441653,5.32224,4.27036e+06,2.70226e+06,1.00672e+07,0,0,0,2.14906e+08,62.3362,61.308,6.21842,0,0,2.33166,1.72686,0,1.80111,2.96352,8.87469e+06,3.61194e+06,2.06927e+07,0,0,0,5.83867e+07
85.139,85.139,5.7511,0.21,0,2.35819,2.96299,0,0.441789,5.32224,4.27036e+06,2.70226e+06,1.00703e+07,0,0,0,2.14906e+08,62.3362,61.308,4.94071,0,0,2.33208,1.72728,0,1.80144,2.96352,8.87469e+06,3.61194e+06,2.06965e+07,0,0,0,5.83867e+07
85.139,85.139,4.62144,0.21,0,2.35892,2.96372,0,0.441925,5.32224,4.27036e+06,2.70226e+06,1.00734e+07,0,0,0,2.14906e+08,62.3362,61.308,3.76932,0,0,2.3325,1.7277,0,1.80177,2.96352,8.87469e+06,3.61194e+06,2.07002e+07,0,0,0,5.83867e+07
85.139,85.139,4.32827,0.19,0,2.31879,2.92359,0,0.442061,5.32224,4.27036e+06,2.70226e+06,9.90206e+06,0,0,0,2.14906e+08,62.3362,61.308,3.20809,0,0,2.30698,1.70218,0,1.80209,2.96352,8.87469e+06,3.61194e+06,2.04737e+07,0,0,0,5.83867e+07
85.139,85.139,3.96821,0.17,0,2.3195,2.9243,0,0.43454,5.32224,4.27036e+06,2.70226e+06,9.90512e+06,0,0,0,2.14906e+08,62.3362,61.308,3.2758,0,0,2.30739,1.70259,0,1.78237,2.96352,8.87469e+06,3.61194e+06,2.04774e+07,0,0,0,5.83867e+07
85.139,85.139,3.33194,0.16,0,2.32022,2.92502,0,0.434675,5.32224,4.27036e+06,2.70226e+06,9.90817e+06,0,0,0,2.14906e+08,62.3362,61.308,2.81914,0,0,2.30781,1.70301,0,1.78269,2.96352,8.87469e+06,3.61194e+06,2.04811e+07,0,0,0,5.83867e+07
85.139,85.139,3.60865,0.14,0,2.32093,2.92573,0,0.434809,5.32224,4.27036e+06,2.70226e+06,9.91123e+06,0,0,0,2.14906e+08,62.3362,61.308,4.31419,0,0,2.30823,1.70343,0,1.78301,2.96352,8.87469e+06,3.61194e+06,2.04848e+07,0,0,0,5.83867e+07
85.139,85.139,3.18096,0.12,0,2.46047,3.06527,0,0.434943,5.32224,4.27036e+06,2.70226e+06,1.05071e+07,0,0,0,2.14906e+08,62.3362,61.308,3.82355,0,0,2.40076,1.79596,0,1.78334,2.96352,8.87469e+06,3.61194e+06,2.1306e+07,0,0,0,5.83867e+07
85.139,85.139,2.92179,0.11,0,2.46122,3.06602,0,0.461092,5.32224,4.27036e+06,2.70226e+06,1.05103e+07,0,0,0,2.14906e+08,62.3362,61.308,3.52776,0,0,2.4012,1.7964,0,1.85483,2.96352,8.87469e+06,3.61194e+06,2.13099e+07,0,0,0,5.83867e+07
85.0834,85.139,2.71694,0.09,0,2.46197,3.06677,0,0.461233,5.32224,4.27036e+06,2.70226e+06,1.05135e+07,0,0,0,2.14906e+08,62.3362,61.308,3.02706,0,0,2.40164,1.79684,0,1.85517,2.96352,8.87469e+06,3.61194e+06,2.13138e+07,0,0,0,5.83867e+07
84.8004,85.139,2.47868,0.15,0,2.46272,3.06752,0,0.461374,5.32224,4.27036e+06,2.70226e+06,1.05167e+07,0,0,0,2.14906e+08,62.3362,61.308,2.69923,0,0,2.40208,1.79728,0,1.85551,2.96352,8.87469e+06,3.61194e+06,2.13177e+07,0,0,0,5.83867e+07
84.2449,85.139,2.17404,0.13,0,2.46347,3.06827,0,0.461514,5.32224,4.27036e+06,2.70226e+06,1.05199e+07,0,0,0,2.14906e+08,62.2806,61.308,2.46601,0,0,2.40252,1.79772,0,1.85585,2.96352,8.87469e+06,3.61194e+06,2.13216e+07,0,0,0,5.83867e+07
83.5423,85.139,2.00002,0.14,0,2.43674,3.04154,0,0.461655,5.32224,4.27036e+06,2.70226e+06,1.04058e+07,0,0,0,2.14906e+08,62.223,61.308,2.40745,0,0,2.45365,1.84885,0,1.85619,2.96352,8.87469e+06,3.61194e+06,2.17754e+07,0,0,0,5.83867e+07
82.7529,85.139,1.88277,0.14,0,2.45714,3.04228,0,0.456644,5.32224,4.27036e+06,2.70226e+06,1.04929e+07,0,0,0,2.14906e+08,62.2027,61.308,2.59379,0,0,2.43444,1.84931,0,1.89569,2.96352,8.87469e+06,3.61194e+06,2.16049e+07,0,0,0,5.83867e+07
81.8694,85.139,1.7414,0.14,0,2.45834,3.04303,0,0.460468,5.32224,4.27036e+06,2.70226e+06,1.0498e+07,0,0,0,2.14906e+08,62.1604,61.308,2.48548,0,0,2.43444,1.84976,0,1.88085,2.96352,8.87469e+06,3.61194e+06,2.16049e+07,0,0,0,5.83867e+07
80.884,85.139,1.62595,0.12,0,2.45954,3.04377,0,0.460693,5.32224,4.27036e+06,2.70226e+06,1.05031e+07,0,0,0,2.14906e+08,62.1208,61.308,2.5637,0,0,2.43444,1.85021,0,1.88085,2.96352,8.87469e+06,3.61194e+06,2.16049e+07,0,0,0,5.83867e+07
79.7186,85.139,1.49188,0.13,0,2.53179,3.11557,0,0.460917,5.32224,4.27036e+06,2.70226e+06,1.08116e+07,0,0,0,2.14906e+08,62.0476,61.308,2.44776,0,0,2.47967,1.89588,0,1.88085,2.96352,8.87469e+06,3.61194e+06,2.20063e+07,0,0,0,5.83867e+07
78.4502,85.139,1.43707,0.12,0,2.57822,3.11633,0,0.474457,5.32224,4.27036e+06,2.70226e+06,1.10099e+07,0,0,0,2.14906e+08,62.1049,61.308,2.44781,0,0,2.43446,1.89635,0,1.91579,2.96352,8.87469e+06,3.61194e+06,2.1605e+07,0,0,0,5.83867e+07
77.1197,85.139,1.35365,0.17,0,2.57945,3.11709,0,0.483159,5.32224,4.27036e+06,2.70226e+06,1.10152e+07,0,0,0,2.14906e+08,62.0507,61.308,2.47216,0,0,2.43446,1.89681,0,1.88086,2.96352,8.87469e+06,3.61194e+06,2.1605e+07,0,0,0,5.83867e+07
75.7152,85.139,1.26727,0.16,0,2.58067,3.11785,0,0.483389,5.32224,4.27036e+06,2.70226e+06,1.10204e+07,0,0,0,2.14906e+08,61.926,61.308,2.27009,0,0,2.43446,1.89728,0,1.88086,2.96352,8.87469e+06,3.61194e+06,2.1605e+07,0,0,0,5.83867e+07
74.1297,85.139,1.24385,0.16,0,2.79018,3.3269,0,0.483618,5.32224,4.27036e+06,2.70226e+06,1.19151e+07,0,0,0,2.14906e+08,61.8732,61.308,2.43579,0,0,2.59784,2.06113,0,1.88086,2.96352,8.87469e+06,3.61194e+06,2.3055e+07,0,0,0,5.83867e+07
72.3487,85.139,1.15949,0.16,0,2.95484,3.32771,0,0.52288,5.32224,4.27036e+06,2.70226e+06,1.26183e+07,0,0,0,2.14906e+08,61.7744,61.308,2.26024,0,0,2.4345,2.06163,0,2.00709,2.96352,8.87469e+06,3.61194e+06,2.16054e+07,0,0,0,5.83867e+07
70.5958,85.139,1.18366,0.17,0,2.95616,3.32852,0,0.553738,5.32224,4.27036e+06,2.70226e+06,1.26239e+07,0,0,0,2.14906e+08,61.7497,61.308,2.50341,0,0,2.4345,2.06214,0,1.88089,2.96352,8.87469e+06,3.61194e+06,2.16054e+07,0,0,0,5.83867e+07
68.6391,85.139,0.982375,0.17,0,2.95748,3.32934,0,0.553985,5.32224,4.27036e+06,2.70226e+06,1.26295e+07,0,0,0,2.14906e+08,61.5389,61.308,1.99231,0,0,2.4345,2.06264,0,1.88089,2.96352,8.87469e+06,3.61194e+06,2.16054e+07,0,0,0,5.83867e+07
66.8599,85.139,1.12992,0.17,0,2.9588,3.33015,0,0.554232,5.32224,4.27036e+06,2.70226e+06,1.26351e+07,0,0,0,2.14906e+08,61.7434,61.308,3.01448,0,0,2.4345,2.06314,0,1.88089,2.96352,8.87469e+06,3.61194e+06,2.16054e+07,0,0,0,5.83867e+07
65.0626,85.139,1.01019,0.19,0,2.85849,3.22933,0,0.554479,5.32224,4.27036e+06,2.70226e+06,1.22068e+07,0,0,0,2.14906e+08,62.324,61.308,4.09493,0,0,2.33521,1.96436,0,1.88089,2.96352,8.87469e+06,3.61194e+06,2.07242e+07,0,0,0,5.83867e+07
63.3036,85.139,0.948025,0.19,0,2.76049,3.23012,0,0.53568,5.32224,4.27036e+06,2.70226e+06,1.17883e+07,0,0,0,2.14906e+08,62.3212,61.308,2.48329,0,0,2.43447,1.96484,0,1.80418,2.96352,8.87469e+06,3.61194e+06,2.16052e+07,0,0,0,5.83867e+07
61.4279,85.139,0.81039,0.19,0,2.76176,3.23091,0,0.517315,5.32224,4.27036e+06,2.70226e+06,1.17937e+07,0,0,0,2.14906e+08,62.2344,61.308,2.25994,0,0,2.43447,1.96532,0,1.88087,2.96352,8.87469e+06,3.61194e+06,2.16052e+07,0,0,0,5.83867e+07
60.3095,85.139,1.73286,0.2,0,2.76303,3.2317,0,0.517553,5.32224,4.27036e+06,2.70226e+06,1.17991e+07,0,0,0,2.14906e+08,62.3362,61.308,3.45565,0,0,2.43447,1.9658,0,1.88087,2.96352,8.87469e+06,3.61194e+06,2.16052e+07,0,0,0,5.83867e+07
60.3213,85.139,2.88442,0.2,0,2.68079,3.14899,0,0.517791,5.32224,4.27036e+06,2.70226e+06,1.1448e+07,0,0,0,2.14906e+08,62.3362,61.308,4.26007,0,0,2.344,1.87581,0,1.88087,2.96352,8.87469e+06,3.61194e+06,2.08023e+07,0,0,0,5.83867e+07
59.653,85.139,1.99253,0.21,0,2.59158,3.14976,0,0.502381,5.32224,4.27036e+06,2.70226e+06,1.1067e+07,0,0,0,2.14906e+08,62.3362,61.308,3.34985,0,0,2.43445,1.87627,0,1.81098,2.96352,8.87469e+06,3.61194e+06,2.1605e+07,0,0,0,5.83867e+07
58.6401,85.139,1.63008,0.21,0,2.5928,3.15053,0,0.485661,5.32224,4.27036e+06,2.70226e+06,1.10722e+07,0,0,0,2.14906e+08,62.3362,61.308,4.68668,0,0,2.43445,1.87673,0,1.88086,2.96352,8.87469e+06,3.61194e+06,2.1605e+07,0,0,0,5.83867e+07
57.4715,85.139,1.48695,0.21,0,2.59403,3.1513,0,0.485891,5.32224,4.27036e+06,2.70226e+06,1.10775e+07,0,0,0,2.14906e+08,62.3362,61.308,3.30172,0,0,2.43445,1.87719,0,1.88086,2.96352,8.87469e+06,3.61194e+06,2.1605e+07,0,0,0,5.83867e+07
59.7117,85.139,5.01688,0.22,0,2.35787,2.91468,0,0.486122,5.32224,4.27036e+06,2.70226e+06,1.0069e+07,0,0,0,2.14906e+08,62.3362,61.308,5.50695,0,0,2.24585,1.68904,0,1.88086,2.96352,8.87469e+06,3.61194e+06,1.99312e+07,0,0,0,5.83867e+07
60.9919,85.139,3.88655,0.23,0,2.31059,2.91539,0,0.441866,5.32224,4.27036e+06,2.70226e+06,9.86707e+06,0,0,0,2.14906e+08,62.3362,61.308,5.88098,0,0,2.29425,1.68945,0,1.73514,2.96352,8.87469e+06,3.61194e+06,2.03608e+07,0,0,0,5.83867e+07
62.3181,85.139,4.04452,0.23,0,2.3113,2.9161,0,0.433005,5.32224,4.27036e+06,2.70226e+06,9.87011e+06,0,0,0,2.14906e+08,62.3362,61.308,6.8138,0,0,2.29467,1.68987,0,1.77254,2.96352,8.87469e+06,3.61194e+06,2.03644e+07,0,0,0,5.83867e+07
66.0734,85.139,6.59511,0.26,0,2.31202,2.91682,0,0.433138,5.32224,4.27036e+06,2.70226e+06,9.87315e+06,0,0,0,2.14906e+08,62.3362,61.308,17.5005,0,0,2.29508,1.69028,0,1.77286,2.96352,8.87469e+06,3.61194e+06,2.03681e+07,0,0,0,5.83867e+07
68.5368,85.139,5.39489,0.24,0,2.31273,2.91753,0,0.433272,5.32224,4.27036e+06,2.70226e+06,9.87619e+06,0,0,0,2.14906e+08,62.3362,61.308,9.63052,0,0,2.29549,1.69069,0,1.77318,2.96352,8.87469e+06,3.61194e+06,2.03718e+07,0,0,0,5.83867e+07
71.108,85.139,5.49883,0.21,0,2.31273,2.91753,0,0.433405,5.32224,4.27036e+06,2.70226e+06,9.87619e+06,0,0,0,2.14906e+08,62.3362,61.308,6.4322,0,0,2.29549,1.69069,0,1.7735,2.96352,8.87469e+06,3.61194e+06,2.03718e+07,0,0,0,5.83867e+07
77.9773,85.139,10.1513,0.23,0,2.40484,3.00964,0,0.433405,5.32224,4.27036e+06,2.70226e+06,1.02696e+07,0,0,0,2.14906e+08,62.3362,61.308,10.6678,0,0,2.35057,1.74577,0,1.7735,2.96352,8.87469e+06,3.61194e+06,2.08606e+07,0,0,0,5.83867e+07
83.5145,85.139,8.79405,0.19,0,2.40555,3.01035,0,0.450668,5.32224,4.27036e+06,2.70226e+06,1.02726e+07,0,0,0,2.14906e+08,62.3362,61.308,8.1414,0,0,2.35098,1.74618,0,1.81605,2.96352,8.87469e+06,3.61194e+06,2.08642e+07,0,0,0,5.83867e+07
85.139,85.139,8.99529,0.14,0,2.40625,3.01105,0,0.4508,5.32224,4.27036e+06,2.70226e+06,1.02756e+07,0,0,0,2.14906e+08,62.3362,61.308,5.22792,0,0,2.35139,1.74659,0,1.81637,2.96352,8.87469e+06,3.61194e+06,2.08679e+07,0,0,0,5.83867e+07
85.139,85.139,7.18191,0.12,0,2.40696,3.01176,0,0.450932,5.32224,4.27036e+06,2.70226e+06,1.02786e+07,0,0,0,2.14906e+08,62.3362,61.308,5.79061,0,0,2.3518,1.747,0,1.81669,2.96352,8.87469e+06,3.61194e+06,2.08715e+07,0,0,0,5.83867e+07
85.139,85.139,8.82289,0.14,0,2.70149,3.30629,0,0.451064,5.32224,4.27036e+06,2.70226e+06,1.15364e+07,0,0,0,2.14906e+08,62.3362,61.308,7.45861,0,0,2.55767,1.95287,0,1.817,2.96352,8.87469e+06,3.61194e+06,2.26985e+07,0,0,0,5.83867e+07
85.139,85.139,8.90328,0.15,0,2.82594,3.30706,0,0.506259,5.32224,4.27036e+06,2.70226e+06,1.20678e+07,0,0,0,2.14906e+08,62.3362,61.308,6.99769,0,0,2.43445,1.95332,0,1.97605,2.96352,8.87469e+06,3.61194e+06,2.1605e+07,0,0,0,5.83867e+07
85.139,85.139,10.089,0.15,0,2.82717,3.30784,0,0.529581,5.32224,4.27036e+06,2.70226e+06,1.2073e+07,0,0,0,2.14906e+08,62.3362,61.308,8.80781,0,0,2.43445,1.95378,0,1.88086,2.96352,8.87469e+06,3.61194e+06,2.1605e+07,0,0,0,5.83867e+07
85.139,85.139,8.16082,0.15,0,2.8284,3.30861,0,0.529812,5.32224,4.27036e+06,2.70226e+06,1.20783e+07,0,0,0,2.14906e+08,62.3362,61.308,8.82353,0,0,2.43445,1.95424,0,1.88086,2.96352,8.87469e+06,3.61194e+06,2.1605e+07,0,0,0,5.83867e+07
85.139,85.139,5.82773,0.17,0,2.41015,2.8899,0,0.530042,5.32224,4.27036e+06,2.70226e+06,1.02922e+07,0,0,0,2.14906e+08,62.3362,61.308,4.57104,0,0,2.15846,1.67871,0,1.88086,2.96352,8.87469e+06,3.61194e+06,1.91557e+07,0,0,0,5.83867e+07
85.139,85.139,4.00992,0.2,0,2.28578,2.89058,0,0.451661,5.32224,4.27036e+06,2.70226e+06,9.7611e+06,0,0,0,2.14906e+08,62.3362,61.308,3.56911,0,0,2.2839,1.6791,0,1.66763,2.96352,8.87469e+06,3.61194e+06,2.02689e+07,0,0,0,5.83867e+07
85.139,85.139,8.09959,0.2,0,2.28645,2.89125,0,0.428354,5.32224,4.27036e+06,2.70226e+06,9.76399e+06,0,0,0,2.14906e+08,62.3362,61.308,5.95165,0,0,2.2843,1.6795,0,1.76454,2.96352,8.87469e+06,3.61194e+06,2.02724e+07,0,0,0,5.83867e+07
85.139,85.139,6.30965,0.21,0,2.28713,2.89193,0,0.428481,5.32224,4.27036e+06,2.70226e+06,9.76687e+06,0,0,0,2.14906e+08,62.3362,61.308,5.44031,0,0,2.28469,1.67989,0,1.76485,2.96352,8.87469e+06,3.61194e+06,2.02759e+07,0,0,0,5.83867e+07
85.139,85.139,8.3544,0.23,0,2.2878,2.8926,0,0.428608,5.32224,4.27036e+06,2.70226e+06,9.76976e+06,0,0,0,2.14906e+08,62.3362,61.308,6.17089,0,0,2.28508,1.68028,0,1.76515,2.96352,8.87469e+06,3.61194e+06,2.02794e+07,0,0,0,5.83867e+07
85.139,85.139,8.61748,0.24,0,2.3942,2.999,0,0.428735,5.32224,4.27036e+06,2.70226e+06,1.02241e+07,0,0,0,2.14906e+08,62.3362,61.308,5.10837,0,0,2.35307,1.74827,0,1.76545,2.96352,8.87469e+06,3.61194e+06,2.08828e+07,0,0,0,5.83867e+07
85.139,85.139,5.252,0.24,0,2.3949,2.9997,0,0.448672,5.32224,4.27036e+06,2.70226e+06,1.02271e+07,0,0,0,2.14906e+08,62.3362,61.308,3.56404,0,0,2.35348,1.74868,0,1.81798,2.96352,8.87469e+06,3.61194e+06,2.08864e+07,0,0,0,5.83867e+07
85.139,85.139,4.39491,0.24,0,2.3956,3.0004,0,0.448804,5.32224,4.27036e+06,2.70226e+06,1.02301e+07,0,0,0,2.14906e+08,62.3362,61.308,3.29174,0,0,2.35389,1.74909,0,1.8183,2.96352,8.87469e+06,3.61194e+06,2.089e+07,0,0,0,5.83867e+07
85.139,85.139,4.03237,0.22,0,2.3963,3.0011,0,0.448935,5.32224,4.27036e+06,2.70226e+06,1.02331e+07,0,0,0,2.14906e+08,62.3362,61.308,3.07473,0,0,2.3543,1.7495,0,1.81861,2.96352,8.87469e+06,3.61194e+06,2.08936e+07,0,0,0,5.83867e+07
85.139,85.139,4.29594,0.21,0,2.35563,2.96043,0,0.449067,5.32224,4.27036e+06,2.70226e+06,1.00594e+07,0,0,0,2.14906e+08,62.3362,61.308,3.32167,0,0,2.32843,1.72363,0,1.81893,2.96352,8.87469e+06,3.61194e+06,2.06641e+07,0,0,0,5.83867e+07
85.139,85.139,3.88841,0.18,0,2.35632,2.96112,0,0.441445,5.32224,4.27036e+06,2.70226e+06,1.00623e+07,0,0,0,2.14906e+08,62.3362,61.308,2.77274,0,0,2.32883,1.72403,0,1.79894,2.96352,8.87469e+06,3.61194e+06,2.06676e+07,0,0,0,5.83867e+07
85.139,85.139,4.63955,0.18,0,2.35701,2.96181,0,0.441575,5.32224,4.27036e+06,2.70226e+06,1.00653e+07,0,0,0,2.14906e+08,62.3134,61.308,2.81756,0,0,2.32923,1.72443,0,1.79925,2.96352,8.87469e+06,3.61194e+06,2.06712e+07,0,0,0,5.83867e+07
85.139,85.139,3.55638,0.14,0,2.35771,2.96251,0,0.441704,5.32224,4.27036e+06,2.70226e+06,1.00683e+07,0,0,0,2.14906e+08,62.2396,61.308,2.73854,0,0,2.32964,1.72484,0,1.79957,2.96352,8.87469e+06,3.61194e+06,2.06748e+07,0,0,0,5.83867e+07
85.139,85.139,3.60315,0.12,0,2.49896,3.10376,0,0.441834,5.32224,4.27036e+06,2.70226e+06,1.06715e+07,0,0,0,2.14906e+08,62.1717,61.308,2.39143,0,0,2.42331,1.81851,0,1.79988,2.96352,8.87469e+06,3.61194e+06,2.15062e+07,0,0,0,5.83867e+07
85.139,85.139,3.2871,0.1,0,2.49969,3.10449,0,0.468306,5.32224,4.27036e+06,2.70226e+06,1.06746e+07,0,0,0,2.14906e+08,62.0474,61.308,2.28276,0,0,2.42374,1.81894,0,1.87225,2.96352,8.87469e+06,3.61194e+06,2.15099e+07,0,0,0,5.83867e+07
85.139,85.139,3.14212,0.09,0,2.50041,3.10521,0,0.468442,5.32224,4.27036e+06,2.70226e+06,1.06777e+07,0,0,0,2.14906e+08,61.9599,61.308,2.31264,0,0,2.42416,1.81936,0,1.87258,2.96352,8.87469e+06,3.61194e+06,2.15137e+07,0,0,0,5.83867e+07
85.139,85.139,2.99872,0.1,0,2.50114,3.10594,0,0.468577,5.32224,4.27036e+06,2.70226e+06,1.06808e+07,0,0,0,2.14906e+08,61.8759,61.308,2.24878,0,0,2.42459,1.81979,0,1.87291,2.96352,8.87469e+06,3.61194e+06,2.15175e+07,0,0,0,5.83867e+07
84.983,85.139,2.58926,0.09,0,2.50186,3.10666,0,0.468713,5.32224,4.27036e+06,2.70226e+06,1.06839e+07,0,0,0,2.14906e+08,61.6413,61.308,2.01649,0,0,2.42501,1.82021,0,1.87324,2.96352,8.87469e+06,3.61194e+06,2.15213e+07,0,0,0,5.83867e+07
84.5111,85.139,2.21351,0.15,0,2.47476,3.07956,0,0.468849,5.32224,4.27036e+06,2.70226e+06,1.05681e+07,0,0,0,2.14906e+08,61.2182,61.308,1.90909,0,0,2.47677,1.87197,0,1.87357,2.96352,8.87469e+06,3.61194e+06,2.19805e+07,0,0,0,5.83867e+07
83.7855,85.139,2.00262,0.16,0,2.51825,3.08028,0,0.46377,5.32224,4.27036e+06,2.70226e+06,1.07539e+07,0,0,0,2.14906e+08,60.7441,61.308,1.72088,0,0,2.43443,1.8724,0,1.91355,2.96352,8.87469e+06,3.61194e+06,2.16048e+07,0,0,0,5.83867e+07
82.9154,85.139,1.84126,0.16,0,2.51941,3.081,0,0.471921,5.32224,4.27036e+06,2.70226e+06,1.07588e+07,0,0,0,2.14906e+08,60.2008,61.308,1.7411,0,0,2.43443,1.87284,0,1.88084,2.96352,8.87469e+06,3.61194e+06,2.16048e+07,0,0,0,5.83867e+07
82.013,85.139,1.78769,0.14,0,2.52057,3.08172,0,0.472137,5.32224,4.27036e+06,2.70226e+06,1.07637e+07,0,0,0,2.14906e+08,59.4513,61.308,1.62942,0,0,2.43443,1.87328,0,1.88084,2.96352,8.87469e+06,3.61194e+06,2.16048e+07,0,0,0,5.83867e+07
81.1697,85.139,1.89495,0.14,0,2.59366,3.15438,0,0.472354,5.32224,4.27036e+06,2.70226e+06,1.10759e+07,0,0,0,2.14906e+08,58.8869,61.308,1.60019,0,0,2.48021,1.9195,0,1.88084,2.96352,8.87469e+06,3.61194e+06,2.20111e+07,0,0,0,5.83867e+07
80.1996,85.139,1.78725,0.14,0,2.64062,3.15511,0,0.486052,5.32224,4.27036e+06,2.70226e+06,1.12764e+07,0,0,0,2.14906e+08,58.1999,61.308,1.63347,0,0,2.43444,1.91995,0,1.91621,2.96352,8.87469e+06,3.61194e+06,2.16049e+07,0,0,0,5.83867e+07
79.1252,85.139,1.67267,0.15,0,2.64181,3.15585,0,0.494852,5.32224,4.27036e+06,2.70226e+06,1.12815e+07,0,0,0,2.14906e+08,57.5409,61.308,1.49901,0,0,2.43444,1.9204,0,1.88085,2.96352,8.87469e+06,3.61194e+06,2.16049e+07,0,0,0,5.83867e+07
78.035,85.139,1.64351,0.17,0,2.64299,3.15659,0,0.495074,5.32224,4.27036e+06,2.70226e+06,1.12865e+07,0,0,0,2.14906e+08,56.8271,61.308,1.60732,0,0,2.43444,1.92085,0,1.88085,2.96352,8.87469e+06,3.61194e+06,2.16049e+07,0,0,0,5.83867e+07
76.4702,85.139,1.30781,0.17,0,2.85504,3.36819,0,0.495297,5.32224,4.27036e+06,2.70226e+06,1.21921e+07,0,0,0,2.14906e+08,55.8951,61.308,1.45313,0,0,2.59986,2.08671,0,1.88085,2.96352,8.87469e+06,3.61194e+06,2.30729e+07,0,0,0,5.83867e+07
74.4312,85.139,0.940069,0.17,0,3.02169,3.36897,0,0.535035,5.32224,4.27036e+06,2.70226e+06,1.29037e+07,0,0,0,2.14906e+08,55.0016,61.308,1.21338,0,0,2.43448,2.0872,0,2.00865,2.96352,8.87469e+06,3.61194e+06,2.16052e+07,0,0,0,5.83867e+07
72.7378,85.139,1.27726,0.17,0,3.02296,3.36976,0,0.566265,5.32224,4.27036e+06,2.70226e+06,1.29092e+07,0,0,0,2.14906e+08,54.2688,61.308,1.36608,0,0,2.43448,2.08768,0,1.88088,2.96352,8.87469e+06,3.61194e+06,2.16052e+07,0,0,0,5.83867e+07
71.5797,85.139,1.87511,0.18,0,3.02424,3.37055,0,0.566504,5.32224,4.27036e+06,2.70226e+06,1.29146e+07,0,0,0,2.14906e+08,53.4613,61.308,1.6279,0,0,2.43448,2.08817,0,1.88088,2.96352,8.87469e+06,3.61194e+06,2.16052e+07,0,0,0,5.83867e+07
70.1252,85.139,1.55088,0.18,0,3.02551,3.37133,0,0.566742,5.32224,4.27036e+06,2.70226e+06,1.292e+07,0,0,0,2.14906e+08,52.099,61.308,1.2699,0,0,2.43448,2.08866,0,1.88088,2.96352,8.87469e+06,3.61194e+06,2.16052e+07,0,0,0,5.83867e+07
68.3021,85.139,1.05452,0.18,0,2.9239,3.26923,0,0.566981,5.32224,4.27036e+06,2.70226e+06,1.24861e+07,0,0,0,2.14906e+08,50.6186,61.308,0.617903,0,0,2.33396,1.98863,0,1.88088,2.96352,8.87469e+06,3.61194e+06,2.07132e+07,0,0,0,5.83867e+07
66.6369,85.139,1.17819,0.18,0,2.82463,3.27,0,0.547939,5.32224,4.27036e+06,2.70226e+06,1.20622e+07,0,0,0,2.14906e+08,49.2475,61.308,0.827284,0,0,2.43446,1.98909,0,1.80322,2.96352,8.87469e+06,3.61194e+06,2.1605e+07,0,0,0,5.83867e+07
64.9143,85.139,1.12259,0.19,0,2.82586,3.27076,0,0.529336,5.32224,4.27036e+06,2.70226e+06,1.20674e+07,0,0,0,2.14906e+08,47.9801,61.308,0.817077,0,0,2.43446,1.98956,0,1.88086,2.96352,8.87469e+06,3.61194e+06,2.1605e+07,0,0,0,5.83867e+07
63.3362,85.139,1.29576,0.19,0,2.82709,3.27152,0,0.529566,5.32224,4.27036e+06,2.70226e+06,1.20727e+07,0,0,0,2.14906e+08,46.993,61.308,0.99215,0,0,2.43446,1.99002,0,1.88086,2.96352,8.87469e+06,3.61194e+06,2.1605e+07,0,0,0,5.83867e+07
61.8665,85.139,1.3889,0.2,0,2.74378,3.18775,0,0.529796,5.32224,4.27036e+06,2.70226e+06,1.1717e+07,0,0,0,2.14906e+08,46.5607,61.308,1.2319,0,0,2.34287,1.8989,0,1.88086,2.96352,8.87469e+06,3.61194e+06,2.07923e+07,0,0,0,5.83867e+07
61.107,85.139,2.22638,0.22,0,2.65341,3.1885,0,0.514185,5.32224,4.27036e+06,2.70226e+06,1.1331e+07,0,0,0,2.14906e+08,46.3897,61.308,2.25477,0,0,2.43444,1.89935,0,1.8101,2.96352,8.87469e+06,3.61194e+06,2.16049e+07,0,0,0,5.83867e+07
61.0529,85.139,2.81043,0.23,0,2.6546,3.18924,0,0.497249,5.32224,4.27036e+06,2.70226e+06,1.13361e+07,0,0,0,2.14906e+08,46.2858,61.308,2.41082,0,0,2.43444,1.89979,0,1.88084,2.96352,8.87469e+06,3.61194e+06,2.16049e+07,0,0,0,5.83867e+07
61.0705,85.139,2.81324,0.23,0,2.65578,3.18999,0,0.497471,5.32224,4.27036e+06,2.70226e+06,1.13412e+07,0,0,0,2.14906e+08,46.0108,61.308,2.34696,0,0,2.43444,1.90023,0,1.88084,2.96352,8.87469e+06,3.61194e+06,2.16049e+07,0,0,0,5.83867e+07
61.8928,85.139,3.69598,0.25,0,2.41667,2.95043,0,0.497694,5.32224,4.27036e+06,2.70226e+06,1.03201e+07,0,0,0,2.14906e+08,46.3414,61.308,2.3294,0,0,2.24352,1.70976,0,1.88084,2.96352,8.87469e+06,3.61194e+06,1.99105e+07,0,0,0,5.83867e+07
63.1677,85.139,4.16694,0.24,0,2.34632,2.95112,0,0.452884,5.32224,4.27036e+06,2.70226e+06,1.00196e+07,0,0,0,2.14906e+08,46.8608,61.308,2.92337,0,0,2.31496,1.71016,0,1.73334,2.96352,8.87469e+06,3.61194e+06,2.05445e+07,0,0,0,5.83867e+07
63.6576,85.139,3.32443,0.21,0,2.34701,2.95181,0,0.4397,5.32224,4.27036e+06,2.70226e+06,1.00226e+07,0,0,0,2.14906e+08,47.3301,61.308,3.78399,0,0,2.31536,1.71056,0,1.78854,2.96352,8.87469e+06,3.61194e+06,2.05481e+07,0,0,0,5.83867e+07
64.2469,85.139,3.43095,0.26,0,2.3477,2.9525,0,0.439829,5.32224,4.27036e+06,2.70226e+06,1.00255e+07,0,0,0,2.14906e+08,48.0254,61.308,5.19108,0,0,2.31576,1.71096,0,1.78884,2.96352,8.87469e+06,3.61194e+06,2.05516e+07,0,0,0,5.83867e+07
66.2964,85.139,4.95824,0.27,0,2.34839,2.95319,0,0.439958,5.32224,4.27036e+06,2.70226e+06,1.00285e+07,0,0,0,2.14906e+08,48.6793,61.308,4.5715,0,0,2.31615,1.71135,0,1.78915,2.96352,8.87469e+06,3.61194e+06,2.05551e+07,0,0,0,5.83867e+07
74.3819,85.139,11.5202,0.28,0.02,2.44159,3.04639,0,0.440087,5.32224,4.27036e+06,2.70226e+06,1.04265e+07,0,0,0,2.14906e+08,50.5058,61.308,8.0352,0,0,2.37189,1.76709,0,1.78946,2.96352,8.87469e+06,3.61194e+06,2.10498e+07,0,0,0,5.83867e+07
78.4625,85.139,7.35505,0.22,0.02,2.44227,3.04707,0,0.457555,5.32224,4.27036e+06,2.70226e+06,1.04294e+07,0,0,0,2.14906e+08,51.3157,61.308,4.49689,0,0,2.37229,1.76749,0,1.83252,2.96352,8.87469e+06,3.61194e+06,2.10533e+07,0,0,0,5.83867e+07
81.2569,85.139,5.95462,0.21,0.02,2.44295,3.04775,0,0.457682,5.32224,4.27036e+06,2.70226e+06,1.04323e+07,0,0,0,2.14906e+08,51.7119,61.308,3.08826,0,0,2.37268,1.76788,0,1.83283,2.96352,8.87469e+06,3.61194e+06,2.10568e+07,0,0,0,5.83867e+07
84.3687,85.139,6.33434,0.17,0.02,2.44363,3.04843,0,0.457809,5.32224,4.27036e+06,2.70226e+06,1.04352e+07,0,0,0,2.14906e+08,52.3577,61.308,3.68945,0,0,2.37307,1.76827,0,1.83313,2.96352,8.87469e+06,3.61194e+06,2.10603e+07,0,0,0,5.83867e+07
85.139,85.139,4.93299,0.18,0.02,2.74172,3.34652,0,0.457937,5.32224,4.27036e+06,2.70226e+06,1.17081e+07,0,0,0,2.14906e+08,52.574,61.308,3.0807,0,0,2.58143,1.97663,0,1.83344,2.96352,8.87469e+06,3.61194e+06,2.29094e+07,0,0,0,5.83867e+07
85.139,85.139,4.92345,0.15,0.02,2.8899,3.34726,0,0.513798,5.32224,4.27036e+06,2.70226e+06,1.23409e+07,0,0,0,2.14906e+08,52.5681,61.308,2.28684,0,0,2.43443,1.97707,0,1.99441,2.96352,8.87469e+06,3.61194e+06,2.16048e+07,0,0,0,5.83867e+07
85.139,85.139,4.1201,0.17,0.02,2.89109,3.34801,0,0.541567,5.32224,4.27036e+06,2.70226e+06,1.2346e+07,0,0,0,2.14906e+08,52.7837,61.308,2.53613,0,0,2.43443,1.97751,0,1.88084,2.96352,8.87469e+06,3.61194e+06,2.16048e+07,0,0,0,5.83867e+07
85.139,85.139,7.88721,0.17,0.02,2.89227,3.34876,0,0.54179,5.32224,4.27036e+06,2.70226e+06,1.23511e+07,0,0,0,2.14906e+08,53.7669,61.308,4.7337,0,0,2.43443,1.97795,0,1.88084,2.96352,8.87469e+06,3.61194e+06,2.16048e+07,0,0,0,5.83867e+07
85.139,85.139,7.46036,0.18,0.02,2.46889,2.92493,0,0.542012,5.32224,4.27036e+06,2.70226e+06,1.05431e+07,0,0,0,2.14906e+08,54.8637,61.308,5.89558,0,0,2.1551,1.69906,0,1.88084,2.96352,8.87469e+06,3.61194e+06,1.91259e+07,0,0,0,5.83867e+07
85.139,85.139,8.55419,0.19,0.02,2.32079,2.92559,0,0.46267,5.32224,4.27036e+06,2.70226e+06,9.9106e+06,0,0,0,2.14906e+08,55.7907,61.308,5.90991,0,0,2.30424,1.69944,0,1.66503,2.96352,8.87469e+06,3.61194e+06,2.04494e+07,0,0,0,5.83867e+07
85.139,85.139,7.6679,0.21,0.02,2.32144,2.92624,0,0.434915,5.32224,4.27036e+06,2.70226e+06,9.91339e+06,0,0,0,2.14906e+08,56.4407,61.308,4.0473,0,0,2.30462,1.69982,0,1.78026,2.96352,8.87469e+06,3.61194e+06,2.04528e+07,0,0,0,5.83867e+07
85.139,85.139,7.21661,0.22,0.02,2.32209,2.92689,0,0.435038,5.32224,4.27036e+06,2.70226e+06,9.91618e+06,0,0,0,2.14906e+08,57.1067,61.308,5.26488,0,0,2.305,1.7002,0,1.78055,2.96352,8.87469e+06,3.61194e+06,2.04561e+07,0,0,0,5.83867e+07
85.139,85.139,7.34722,0.23,0.02,2.32274,2.92754,0,0.43516,5.32224,4.27036e+06,2.70226e+06,9.91896e+06,0,0,0,2.14906e+08,57.787,61.308,4.73431,0,0,2.30538,1.70058,0,1.78084,2.96352,8.87469e+06,3.61194e+06,2.04595e+07,0,0,0,5.83867e+07
85.139,85.139,5.47596,0.24,0.02,2.43039,3.03519,0,0.435282,5.32224,4.27036e+06,2.70226e+06,1.03786e+07,0,0,0,2.14906e+08,57.8649,61.308,2.55998,0,0,2.37417,1.76937,0,1.78113,2.96352,8.87469e+06,3.61194e+06,2.107e+07,0,0,0,5.83867e+07
85.139,85.139,5.0725,0.24,0.02,2.43106,3.03586,0,0.455455,5.32224,4.27036e+06,2.70226e+06,1.03815e+07,0,0,0,2.14906e+08,58.017,61.308,2.57292,0,0,2.37456,1.76976,0,1.83428,2.96352,8.87469e+06,3.61194e+06,2.10735e+07,0,0,0,5.83867e+07
85.139,85.139,4.65171,0.25,0.02,2.43174,3.03654,0,0.455581,5.32224,4.27036e+06,2.70226e+06,1.03844e+07,0,0,0,2.14906e+08,57.9535,61.308,3.26506,0,0,2.37496,1.77016,0,1.83459,2.96352,8.87469e+06,3.61194e+06,2.1077e+07,0,0,0,5.83867e+07
85.139,85.139,3.8656,0.25,0.02,2.43242,3.03722,0,0.455708,5.32224,4.27036e+06,2.70226e+06,1.03873e+07,0,0,0,2.14906e+08,57.7685,61.308,1.71839,0,0,2.37535,1.77055,0,1.83489,2.96352,8.87469e+06,3.61194e+06,2.10805e+07,0,0,0,5.83867e+07
85.139,85.139,4.57811,0.23,0.02,2.39123,2.99603,0,0.455835,5.32224,4.27036e+06,2.70226e+06,1.02114e+07,0,0,0,2.14906e+08,57.8606,61.308,2.89115,0,0,2.34915,1.74435,0,1.8352,2.96352,8.87469e+06,3.61194e+06,2.0848e+07,0,0,0,5.83867e+07
85.139,85.139,4.06527,0.2,0.02,2.39189,2.99669,0,0.448116,5.32224,4.27036e+06,2.70226e+06,1.02143e+07,0,0,0,2.14906e+08,57.8848,61.308,2.39243,0,0,2.34954,1.74474,0,1.81495,2.96352,8.87469e+06,3.61194e+06,2.08514e+07,0,0,0,5.83867e+07
85.139,85.139,4.78224,0.19,0.02,2.39256,2.99736,0,0.448241,5.32224,4.27036e+06,2.70226e+06,1.02171e+07,0,0,0,2.14906e+08,58.026,61.308,2.56554,0,0,2.34993,1.74513,0,1.81526,2.96352,8.87469e+06,3.61194e+06,2.08549e+07,0,0,0,5.83867e+07
85.139,85.139,3.97172,0.17,0.02,2.39323,2.99803,0,0.448366,5.32224,4.27036e+06,2.70226e+06,1.022e+07,0,0,0,2.14906e+08,57.9425,61.308,2.44771,0,0,2.35032,1.74552,0,1.81556,2.96352,8.87469e+06,3.61194e+06,2.08583e+07,0,0,0,5.83867e+07
85.139,85.139,4.08299,0.14,0.02,2.53615,3.14095,0,0.448491,5.32224,4.27036e+06,2.70226e+06,1.08303e+07,0,0,0,2.14906e+08,58.0056,61.308,2.83512,0,0,2.4451,1.8403,0,1.81586,2.96352,8.87469e+06,3.61194e+06,2.16995e+07,0,0,0,5.83867e+07
85.139,85.139,4.20876,0.13,0.02,2.54796,3.14165,0,0.475274,5.32224,4.27036e+06,2.70226e+06,1.08807e+07,0,0,0,2.14906e+08,58.0884,61.308,2.93627,0,0,2.4344,1.84071,0,1.88909,2.96352,8.87469e+06,3.61194e+06,2.16046e+07,0,0,0,5.83867e+07
85.139,85.139,3.8185,0.12,0.02,2.54907,3.14235,0,0.477487,5.32224,4.27036e+06,2.70226e+06,1.08854e+07,0,0,0,2.14906e+08,58.0496,61.308,2.3913,0,0,2.4344,1.84112,0,1.88082,2.96352,8.87469e+06,3.61194e+06,2.16046e+07,0,0,0,5.83867e+07
85.139,85.139,3.39278,0.11,0.02,2.55018,3.14305,0,0.477695,5.32224,4.27036e+06,2.70226e+06,1.08902e+07,0,0,0,2.14906e+08,57.99,61.308,2.1016,0,0,2.4344,1.84153,0,1.88082,2.96352,8.87469e+06,3.61194e+06,2.16046e+07,0,0,0,5.83867e+07
85.139,85.139,2.88821,0.12,0.02,2.55129,3.14375,0,0.477903,5.32224,4.27036e+06,2.70226e+06,1.08949e+07,0,0,0,2.14906e+08,57.9885,61.308,2.37013,0,0,2.4344,1.84194,0,1.88082,2.96352,8.87469e+06,3.61194e+06,2.16046e+07,0,0,0,5.83867e+07
84.6442,85.139,2.24403,0.13,0.02,2.52424,3.11629,0,0.478111,5.32224,4.27036e+06,2.70226e+06,1.07794e+07,0,0,0,2.14906e+08,58.1591,61.308,2.9785,0,0,2.48634,1.89429,0,1.88082,2.96352,8.87469e+06,3.61194e+06,2.20655e+07,0,0,0,5.83867e+07
83.9168,85.139,2.04883,0.18,0.02,2.57728,3.11698,0,0.473042,5.32224,4.27036e+06,2.70226e+06,1.10059e+07,0,0,0,2.14906e+08,58.2604,61.308,2.65435,0,0,2.43441,1.89471,0,1.92095,2.96352,8.87469e+06,3.61194e+06,2.16047e+07,0,0,0,5.83867e+07
83.0515,85.139,1.88,0.18,0.02,2.57839,3.11767,0,0.482982,5.32224,4.27036e+06,2.70226e+06,1.10107e+07,0,0,0,2.14906e+08,58.2841,61.308,2.6008,0,0,2.43441,1.89513,0,1.88083,2.96352,8.87469e+06,3.61194e+06,2.16047e+07,0,0,0,5.83867e+07
82.1019,85.139,1.76133,0.16,0.02,2.57951,3.11837,0,0.483191,5.32224,4.27036e+06,2.70226e+06,1.10155e+07,0,0,0,2.14906e+08,58.2009,61.308,2.50619,0,0,2.43441,1.89556,0,1.88083,2.96352,8.87469e+06,3.61194e+06,2.16047e+07,0,0,0,5.83867e+07
81.25,85.139,1.92478,0.17,0.02,2.65342,3.19186,0,0.4834,5.32224,4.27036e+06,2.70226e+06,1.13311e+07,0,0,0,2.14906e+08,58.265,61.308,2.77922,0,0,2.48074,1.94231,0,1.88083,2.96352,8.87469e+06,3.61194e+06,2.20158e+07,0,0,0,5.83867e+07
80.4013,85.139,1.9959,0.16,0.02,2.70088,3.19257,0,0.497251,5.32224,4.27036e+06,2.70226e+06,1.15338e+07,0,0,0,2.14906e+08,58.2741,61.308,2.92405,0,0,2.43442,1.94274,0,1.91662,2.96352,8.87469e+06,3.61194e+06,2.16048e+07,0,0,0,5.83867e+07
79.4381,85.139,1.85127,0.16,0.02,2.70203,3.19328,0,0.506145,5.32224,4.27036e+06,2.70226e+06,1.15386e+07,0,0,0,2.14906e+08,58.2143,61.308,2.81917,0,0,2.43442,1.94317,0,1.88084,2.96352,8.87469e+06,3.61194e+06,2.16048e+07,0,0,0,5.83867e+07
78.3234,85.139,1.6856,0.17,0.02,2.70317,3.19399,0,0.50636,5.32224,4.27036e+06,2.70226e+06,1.15435e+07,0,0,0,2.14906e+08,58.1083,61.308,2.47982,0,0,2.43442,1.94361,0,1.88084,2.96352,8.87469e+06,3.61194e+06,2.16048e+07,0,0,0,5.83867e+07
77.5117,85.139,2.16696,0.17,0.02,2.91767,3.40806,0,0.506574,5.32224,4.27036e+06,2.70226e+06,1.24595e+07,0,0,0,2.14906e+08,58.2405,61.308,3.30247,0,0,2.6018,2.11141,0,1.88084,2.96352,8.87469e+06,3.61194e+06,2.30901e+07,0,0,0,5.83867e+07
76.9071,85.139,2.53981,0.17,0.02,3.08624,3.40882,0,0.546772,5.32224,4.27036e+06,2.70226e+06,1.31794e+07,0,0,0,2.14906e+08,58.4601,61.308,3.18349,0,0,2.43446,2.11188,0,2.01015,2.96352,8.87469e+06,3.61194e+06,2.16051e+07,0,0,0,5.83867e+07
75.8812,85.139,2.14742,0.17,0.02,3.08747,3.40958,0,0.578361,5.32224,4.27036e+06,2.70226e+06,1.31846e+07,0,0,0,2.14906e+08,58.5233,61.308,2.79702,0,0,2.43446,2.11235,0,1.88087,2.96352,8.87469e+06,3.61194e+06,2.16051e+07,0,0,0,5.83867e+07
75.0723,85.139,2.33427,0.17,0.02,3.0887,3.41034,0,0.578592,5.32224,4.27036e+06,2.70226e+06,1.31899e+07,0,0,0,2.14906e+08,58.9777,61.308,3.72921,0,0,2.43446,2.11282,0,1.88087,2.96352,8.87469e+06,3.61194e+06,2.16051e+07,0,0,0,5.83867e+07
74.2098,85.139,2.27546,0.17,0.02,3.08993,3.4111,0,0.578822,5.32224,4.27036e+06,2.70226e+06,1.31951e+07,0,0,0,2.14906e+08,59.2174,61.308,3.41174,0,0,2.43446,2.11329,0,1.88087,2.96352,8.87469e+06,3.61194e+06,2.16051e+07,0,0,0,5.83867e+07
74.1704,85.139,2.99161,0.17,0.02,2.98706,3.30776,0,0.579052,5.32224,4.27036e+06,2.70226e+06,1.27558e+07,0,0,0,2.14906e+08,59.8124,61.308,4.13363,0,0,2.33276,2.01206,0,1.88087,2.96352,8.87469e+06,3.61194e+06,2.07025e+07,0,0,0,5.83867e+07
74.5796,85.139,3.39084,0.17,0.02,2.88656,3.30849,0,0.559775,5.32224,4.27036e+06,2.70226e+06,1.23267e+07,0,0,0,2.14906e+08,60.4,61.308,3.98733,0,0,2.43444,2.01251,0,1.80229,2.96352,8.87469e+06,3.61194e+06,2.16049e+07,0,0,0,5.83867e+07
76.8014,85.139,5.28586,0.17,0.02,2.88775,3.30923,0,0.540942,5.32224,4.27036e+06,2.70226e+06,1.23317e+07,0,0,0,2.14906e+08,61.9989,61.308,6.76954,0,0,2.43444,2.01296,0,1.88085,2.96352,8.87469e+06,3.61194e+06,2.16049e+07,0,0,0,5.83867e+07
78.5984,85.139,5.04393,0.17,0.02,2.88893,3.30997,0,0.541164,5.32224,4.27036e+06,2.70226e+06,1.23368e+07,0,0,0,2.14906e+08,62.3362,61.308,6.17858,0,0,2.43444,2.01341,0,1.88085,2.96352,8.87469e+06,3.61194e+06,2.16049e+07,0,0,0,5.83867e+07
81.1748,85.139,5.72644,0.16,0.02,2.80459,3.22518,0,0.541386,5.32224,4.27036e+06,2.70226e+06,1.19766e+07,0,0,0,2.14906e+08,62.3362,61.308,5.47037,0,0,2.34178,1.9212,0,1.88085,2.96352,8.87469e+06,3.61194e+06,2.07826e+07,0,0,0,5.83867e+07
85.139,85.139,8.98515,0.13,0.02,2.7131,3.2259,0,0.52558,5.32224,4.27036e+06,2.70226e+06,1.15859e+07,0,0,0,2.14906e+08,62.3362,61.308,7.32696,0,0,2.43442,1.92162,0,1.80926,2.96352,8.87469e+06,3.61194e+06,2.16047e+07,0,0,0,5.83867e+07
85.139,85.139,9.21646,0.12,0.02,2.71425,3.22661,0,0.508435,5.32224,4.27036e+06,2.70226e+06,1.15908e+07,0,0,0,2.14906e+08,62.3362,61.308,8.8411,0,0,2.43442,1.92205,0,1.88083,2.96352,8.87469e+06,3.61194e+06,2.16047e+07,0,0,0,5.83867e+07
85.139,85.139,8.25451,0.12,0.02,2.71539,3.22733,0,0.50865,5.32224,4.27036e+06,2.70226e+06,1.15957e+07,0,0,0,2.14906e+08,62.3362,61.308,7.23859,0,0,2.43442,1.92248,0,1.88083,2.96352,8.87469e+06,3.61194e+06,2.16047e+07,0,0,0,5.83867e+07
85.139,85.139,8.2315,0.13,0.02,2.47343,2.98494,0,0.508864,5.32224,4.27036e+06,2.70226e+06,1.05624e+07,0,0,0,2.14906e+08,62.3362,61.308,8.60225,0,0,2.24127,1.72976,0,1.88083,2.96352,8.87469e+06,3.61194e+06,1.98906e+07,0,0,0,5.83867e+07
85.139,85.139,9.96875,0.14,0.02,2.38081,2.98561,0,0.46352,5.32224,4.27036e+06,2.70226e+06,1.01669e+07,0,0,0,2.14906e+08,62.3362,61.308,8.96589,0,0,2.33494,1.73014,0,1.73161,2.96352,8.87469e+06,3.61194e+06,2.07219e+07,0,0,0,5.83867e+07
85.139,85.139,12.3684,0.21,0.02,2.38147,2.98627,0,0.446163,5.32224,4.27036e+06,2.70226e+06,1.01697e+07,0,0,0,2.14906e+08,62.3362,61.308,12.158,0,0,2.33533,1.73053,0,1.80398,2.96352,8.87469e+06,3.61194e+06,2.07253e+07,0,0,0,5.83867e+07
85.139,85.139,11.6224,0.27,0.02,2.38213,2.98693,0,0.446287,5.32224,4.27036e+06,2.70226e+06,1.01726e+07,0,0,0,2.14906e+08,62.3362,61.308,19.73,0,0,2.33571,1.73091,0,1.80427,2.96352,8.87469e+06,3.61194e+06,2.07287e+07,0,0,0,5.83867e+07
85.139,85.139,7.42386,0.27,0.02,2.3828,2.9876,0,0.446412,5.32224,4.27036e+06,2.70226e+06,1.01754e+07,0,0,0,2.14906e+08,62.3362,61.308,6.87836,0,0,2.3361,1.7313,0,1.80457,2.96352,8.87469e+06,3.61194e+06,2.07321e+07,0,0,0,5.83867e+07
85.139,85.139,6.63096,0.27,0.02,2.47706,3.08186,0,0.446536,5.32224,4.27036e+06,2.70226e+06,1.05779e+07,0,0,0,2.14906e+08,62.3362,61.308,6.59613,0,1,2.39246,1.78766,0,1.80487,2.96352,8.87469e+06,3.61194e+06,2.12324e+07,0,0,0,5.83867e+07
85.139,85.139,7.61215,0.27,0.02,2.47771,3.08251,0,0.464201,5.32224,4.27036e+06,2.70226e+06,1.05807e+07,0,0,0,2.14906e+08,62.3362,61.308,8.40141,0,1,2.39284,1.78804,0,1.84842,2.96352,8.87469e+06,3.61194e+06,2.12357e+07,0,0,0,5.83867e+07
85.139,85.139,18.1955,0.27,0.02,2.47837,3.08317,0,0.464324,5.32224,4.27036e+06,2.70226e+06,1.05835e+07,0,0,0,2.14906e+08,62.3362,61.308,11.2226,0,1,2.39322,1.78842,0,1.84871,2.96352,8.87469e+06,3.61194e+06,2.12391e+07,0,0,0,5.83867e+07
85.139,85.139,8.31408,0.28,0.02,2.47902,3.08382,0,0.464446,5.32224,4.27036e+06,2.70226e+06,1.05863e+07,0,0,0,2.14906e+08,62.3362,61.308,6.39163,0,1,2.3936,1.7888,0,1.849,2.96352,8.87469e+06,3.61194e+06,2.12425e+07,0,0,0,5.83867e+07
85.139,85.139,7.61841,0.28,0.02,2.78053,3.38533,0,0.464569,5.32224,4.27036e+06,2.70226e+06,1.18739e+07,0,0,0,2.14906e+08,62.3362,61.308,6.02351,0,1,2.60435,1.99955,0,1.8493,2.96352,8.87469e+06,3.61194e+06,2.31128e+07,0,0,0,5.83867e+07
85.139,85.139,9.3868,0.28,0.02,2.95161,3.38605,0,0.521072,5.32224,4.27036e+06,2.70226e+06,1.26045e+07,0,0,0,2.14906e+08,62.3362,61.308,8.03287,0,1,2.43442,1.99998,0,2.01212,2.96352,8.87469e+06,3.61194e+06,2.16047e+07,0,0,0,5.83867e+07
85.139,85.139,7.02176,0.28,0.02,2.95276,3.38677,0,0.553132,5.32224,4.27036e+06,2.70226e+06,1.26094e+07,0,0,0,2.14906e+08,62.3362,61.308,4.6718,0,1,2.43442,2.0004,0,1.88083,2.96352,8.87469e+06,3.61194e+06,2.16047e+07,0,0,0,5.83867e+07
85.139,85.139,5.139,0.28,0.02,2.9539,3.38749,0,0.553347,5.32224,4.27036e+06,2.70226e+06,1.26142e+07,0,0,0,2.14906e+08,62.3362,61.308,2.97411,0,1,2.43442,2.00083,0,1.88083,2.96352,8.87469e+06,3.61194e+06,2.16047e+07,0,0,0,5.83867e+07
85.139,85.139,6.27978,0.28,0.02,2.52557,2.95873,0,0.553561,5.32224,4.27036e+06,2.70226e+06,1.07851e+07,0,0,0,2.14906e+08,62.3362,61.308,4.50819,0,1,2.15186,1.71869,0,1.88083,2.96352,8.87469e+06,3.61194e+06,1.90971e+07,0,0,0,5.83867e+07
85.139,85.139,6.03429,0.28,0.02,2.35456,2.95936,0,0.473292,5.32224,4.27036e+06,2.70226e+06,1.00548e+07,0,0,0,2.14906e+08,62.3362,61.308,4.29803,0,1,2.32386,1.71906,0,1.66253,2.96352,8.87469e+06,3.61194e+06,2.06235e+07,0,0,0,5.83867e+07
85.139,85.139,4.78456,0.28,0.02,2.35519,2.95999,0,0.441245,5.32224,4.27036e+06,2.70226e+06,1.00575e+07,0,0,0,2.14906e+08,62.3362,61.308,3.33346,0,1,2.32422,1.71942,0,1.79541,2.96352,8.87469e+06,3.61194e+06,2.06268e+07,0,0,0,5.83867e+07
85.139,85.139,3.86952,0.28,0.02,2.35582,2.96062,0,0.441363,5.32224,4.27036e+06,2.70226e+06,1.00602e+07,0,0,0,2.14906e+08,62.1935,61.308,2.5063,0,1,2.32459,1.71979,0,1.7957,2.96352,8.87469e+06,3.61194e+06,2.063e+07,0,0,0,5.83867e+07
85.139,85.139,4.28872,0.28,0.02,2.35645,2.96125,0,0.44148,5.32224,4.27036e+06,2.70226e+06,1.00629e+07,0,0,0,2.14906e+08,62.2475,61.308,3.11161,0,1,2.32495,1.72015,0,1.79598,2.96352,8.87469e+06,3.61194e+06,2.06332e+07,0,0,0,5.83867e+07
85.139,85.139,4.87069,0.28,0.02,2.4653,3.0701,0,0.441598,5.32224,4.27036e+06,2.70226e+06,1.05277e+07,0,0,0,2.14906e+08,62.0658,61.308,2.8299,0,1,2.39452,1.78972,0,1.79626,2.96352,8.87469e+06,3.61194e+06,2.12506e+07,0,0,0,5.83867e+07
85.139,85.139,3.19153,0.28,0.02,2.46595,3.07075,0,0.461997,5.32224,4.27036e+06,2.70226e+06,1.05305e+07,0,0,0,2.14906e+08,61.7743,61.308,1.98202,0,1,2.3949,1.7901,0,1.85,2.96352,8.87469e+06,3.61194e+06,2.1254e+07,0,0,0,5.83867e+07
85.139,85.139,4.35774,0.27,0.02,2.4666,3.0714,0,0.462119,5.32224,4.27036e+06,2.70226e+06,1.05333e+07,0,0,0,2.14906e+08,61.9477,61.308,3.93169,0,1,2.39528,1.79048,0,1.8503,2.96352,8.87469e+06,3.61194e+06,2.12573e+07,0,0,0,5.83867e+07
85.139,85.139,3.12575,0.27,0.02,2.46725,3.07205,0,0.462241,5.32224,4.27036e+06,2.70226e+06,1.05361e+07,0,0,0,2.14906e+08,61.7261,61.308,2.14934,0,1,2.39566,1.79086,0,1.85059,2.96352,8.87469e+06,3.61194e+06,2.12607e+07,0,0,0,5.83867e+07
85.139,85.139,4.12475,0.25,0.02,2.42556,3.03036,0,0.462363,5.32224,4.27036e+06,2.70226e+06,1.0358e+07,0,0,0,2.14906e+08,61.8848,61.308,3.32911,0,1,2.36914,1.76434,0,1.85089,2.96352,8.87469e+06,3.61194e+06,2.10254e+07,0,0,0,5.83867e+07
85.139,85.139,3.84983,0.22,0.02,2.4262,3.031,0,0.454549,5.32224,4.27036e+06,2.70226e+06,1.03608e+07,0,0,0,2.14906e+08,62.083,61.308,3.28093,0,1,2.36951,1.76471,0,1.8304,2.96352,8.87469e+06,3.61194e+06,2.10287e+07,0,0,0,5.83867e+07
85.139,85.139,3.43978,0.2,0.02,2.42684,3.03164,0,0.45467,5.32224,4.27036e+06,2.70226e+06,1.03635e+07,0,0,0,2.14906e+08,62.1537,61.308,2.88458,0,1,2.36989,1.76509,0,1.83069,2.96352,8.87469e+06,3.61194e+06,2.1032e+07,0,0,0,5.83867e+07
85.139,85.139,3.18613,0.19,0.02,2.42749,3.03229,0,0.45479,5.32224,4.27036e+06,2.70226e+06,1.03662e+07,0,0,0,2.14906e+08,62.1855,61.308,2.72017,0,1,2.37026,1.76546,0,1.83098,2.96352,8.87469e+06,3.61194e+06,2.10354e+07,0,0,0,5.83867e+07
85.139,85.139,3.20936,0.18,0.02,2.572,3.1768,0,0.454911,5.32224,4.27036e+06,2.70226e+06,1.09834e+07,0,0,0,2.14906e+08,62.3362,61.308,3.19385,0,1,2.46611,1.86131,0,1.83127,2.96352,8.87469e+06,3.61194e+06,2.18859e+07,0,0,0,5.83867e+07
85.139,85.139,3.37402,0.15,0.02,2.60479,3.17748,0,0.481993,5.32224,4.27036e+06,2.70226e+06,1.11234e+07,0,0,0,2.14906e+08,62.3362,61.308,3.45737,0,1,2.43439,1.8617,0,1.90532,2.96352,8.87469e+06,3.61194e+06,2.16044e+07,0,0,0,5.83867e+07
85.139,85.139,3.16193,0.13,0.02,2.60586,3.17815,0,0.488138,5.32224,4.27036e+06,2.70226e+06,1.1128e+07,0,0,0,2.14906e+08,62.3362,61.308,3.09569,0,1,2.43439,1.8621,0,1.88081,2.96352,8.87469e+06,3.61194e+06,2.16044e+07,0,0,0,5.83867e+07
85.139,85.139,2.95662,0.14,0.02,2.60693,3.17883,0,0.488339,5.32224,4.27036e+06,2.70226e+06,1.11326e+07,0,0,0,2.14906e+08,62.3362,61.308,2.88816,0,1,2.43439,1.86249,0,1.88081,2.96352,8.87469e+06,3.61194e+06,2.16044e+07,0,0,0,5.83867e+07
84.9902,85.139,2.71792,0.14,0.02,2.608,3.1795,0,0.488539,5.32224,4.27036e+06,2.70226e+06,1.11371e+07,0,0,0,2.14906e+08,62.3362,61.308,2.71874,0,1,2.43439,1.86289,0,1.88081,2.96352,8.87469e+06,3.61194e+06,2.16044e+07,0,0,0,5.83867e+07
84.6279,85.139,2.43835,0.19,0.02,2.58059,3.15169,0,0.48874,5.32224,4.27036e+06,2.70226e+06,1.10201e+07,0,0,0,2.14906e+08,62.2877,61.308,2.52319,0,1,2.48692,1.91581,0,1.88081,2.96352,8.87469e+06,3.61194e+06,2.20706e+07,0,0,0,5.83867e+07
84.1086,85.139,2.31307,0.18,0.02,2.63418,3.15236,0,0.483602,5.32224,4.27036e+06,2.70226e+06,1.12489e+07,0,0,0,2.14906e+08,62.1949,61.308,2.42334,0,1,2.4344,1.91622,0,1.92139,2.96352,8.87469e+06,3.61194e+06,2.16045e+07,0,0,0,5.83867e+07
83.4297,85.139,2.14425,0.19,0.02,2.63526,3.15303,0,0.493645,5.32224,4.27036e+06,2.70226e+06,1.12535e+07,0,0,0,2.14906e+08,62.0004,61.308,2.24805,0,1,2.4344,1.91663,0,1.88082,2.96352,8.87469e+06,3.61194e+06,2.16045e+07,0,0,0,5.83867e+07
82.6553,85.139,2.0399,0.18,0.02,2.63633,3.1537,0,0.493847,5.32224,4.27036e+06,2.70226e+06,1.12581e+07,0,0,0,2.14906e+08,61.5884,61.308,2.1205,0,1,2.4344,1.91703,0,1.88082,2.96352,8.87469e+06,3.61194e+06,2.16045e+07,0,0,0,5.83867e+07
81.9061,85.139,2.08945,0.17,0.02,2.71102,3.22798,0,0.494048,5.32224,4.27036e+06,2.70226e+06,1.15771e+07,0,0,0,2.14906e+08,61.2808,61.308,1.78642,0,1,2.48125,1.96429,0,1.88082,2.96352,8.87469e+06,3.61194e+06,2.20203e+07,0,0,0,5.83867e+07
81.2554,85.139,2.24911,0.16,0.02,2.75897,3.22867,0,0.508046,5.32224,4.27036e+06,2.70226e+06,1.17818e+07,0,0,0,2.14906e+08,60.9547,61.308,1.96928,0,1,2.43441,1.96471,0,1.91702,2.96352,8.87469e+06,3.61194e+06,2.16046e+07,0,0,0,5.83867e+07
80.4647,85.139,2.07986,0.17,0.02,2.76007,3.22935,0,0.517031,5.32224,4.27036e+06,2.70226e+06,1.17865e+07,0,0,0,2.14906e+08,60.3729,61.308,1.87533,0,1,2.43441,1.96513,0,1.88082,2.96352,8.87469e+06,3.61194e+06,2.16046e+07,0,0,0,5.83867e+07
79.4988,85.139,1.8928,0.17,0.02,2.76117,3.23004,0,0.517237,5.32224,4.27036e+06,2.70226e+06,1.17912e+07,0,0,0,2.14906e+08,59.9348,61.308,1.63925,0,1,2.43441,1.96554,0,1.88082,2.96352,8.87469e+06,3.61194e+06,2.16046e+07,0,0,0,5.83867e+07
78.598,85.139,2.13353,0.17,0.02,2.97804,3.44649,0,0.517443,5.32224,4.27036e+06,2.70226e+06,1.27173e+07,0,0,0,2.14906e+08,59.3559,61.308,1.99709,0,1,2.60367,2.13522,0,1.88082,2.96352,8.87469e+06,3.61194e+06,2.31068e+07,0,0,0,5.83867e+07
77.4857,85.139,2.06898,0.18,0.02,3.14845,3.44722,0,0.558084,5.32224,4.27036e+06,2.70226e+06,1.3445e+07,0,0,0,2.14906e+08,58.8501,61.308,1.52499,0,1,2.43444,2.13567,0,2.0116,2.96352,8.87469e+06,3.61194e+06,2.16049e+07,0,0,0,5.83867e+07
76.509,85.139,2.22211,0.18,0.02,3.14963,3.44795,0,0.590019,5.32224,4.27036e+06,2.70226e+06,1.34501e+07,0,0,0,2.14906e+08,58.0984,61.308,1.87837,0,1,2.43444,2.13613,0,1.88085,2.96352,8.87469e+06,3.61194e+06,2.16049e+07,0,0,0,5.83867e+07
75.1652,85.139,1.83898,0.18,0.02,3.15081,3.44868,0,0.590241,5.32224,4.27036e+06,2.70226e+06,1.34551e+07,0,0,0,2.14906e+08,57.5441,61.308,1.31073,0,1,2.43444,2.13658,0,1.88085,2.96352,8.87469e+06,3.61194e+06,2.16049e+07,0,0,0,5.83867e+07
74.2574,85.139,2.26282,0.17,0.02,3.152,3.44941,0,0.590463,5.32224,4.27036e+06,2.70226e+06,1.34602e+07,0,0,0,2.14906e+08,57.3125,61.308,2.48338,0,1,2.43444,2.13703,0,1.88085,2.96352,8.87469e+06,3.61194e+06,2.16049e+07,0,0,0,5.83867e+07
72.3209,85.139,1.12295,0.17,0.02,3.04792,3.34488,0,0.590685,5.32224,4.27036e+06,2.70226e+06,1.30157e+07,0,0,0,2.14906e+08,56.8918,61.308,2.60528,0,1,2.3316,2.03464,0,1.88085,2.96352,8.87469e+06,3.61194e+06,2.06922e+07,0,0,0,5.83867e+07
70.3021,85.139,0.938581,0.19,0.02,2.94623,3.34558,0,0.571179,5.32224,4.27036e+06,2.70226e+06,1.25815e+07,0,0,0,2.14906e+08,56.1698,61.308,1.36678,0,1,2.43442,2.03507,0,1.8014,2.96352,8.87469e+06,3.61194e+06,2.16047e+07,0,0,0,5.83867e+07
68.6367,85.139,1.33617,0.19,0.02,2.94737,3.34629,0,0.552124,5.32224,4.27036e+06,2.70226e+06,1.25864e+07,0,0,0,2.14906e+08,55.8511,61.308,1.58984,0,1,2.43442,2.0355,0,1.88084,2.96352,8.87469e+06,3.61194e+06,2.16047e+07,0,0,0,5.83867e+07
68.7607,85.139,3.29831,0.19,0.02,2.94851,3.347,0,0.552338,5.32224,4.27036e+06,2.70226e+06,1.25912e+07,0,0,0,2.14906e+08,56.1574,61.308,2.80594,0,1,2.43442,2.03593,0,1.88084,2.96352,8.87469e+06,3.61194e+06,2.16047e+07,0,0,0,5.83867e+07
67.3482,85.139,1.59947,0.19,0.02,2.86318,3.26123,0,0.552552,5.32224,4.27036e+06,2.70226e+06,1.22268e+07,0,0,0,2.14906e+08,55.6063,61.308,1.81097,0,1,2.34073,1.94267,0,1.88084,2.96352,8.87469e+06,3.61194e+06,2.07733e+07,0,0,0,5.83867e+07
65.756,85.139,1.36545,0.21,0.02,2.77061,3.26192,0,0.536559,5.32224,4.27036e+06,2.70226e+06,1.18315e+07,0,0,0,2.14906e+08,55.2053,61.308,1.3633,0,1,2.4344,1.94308,0,1.80845,2.96352,8.87469e+06,3.61194e+06,2.16046e+07,0,0,0,5.83867e+07
64.2187,85.139,1.40493,0.21,0.02,2.77171,3.26262,0,0.519211,5.32224,4.27036e+06,2.70226e+06,1.18362e+07,0,0,0,2.14906e+08,55.0084,61.308,2.46495,0,1,2.4344,1.9435,0,1.88082,2.96352,8.87469e+06,3.61194e+06,2.16046e+07,0,0,0,5.83867e+07
65.1041,85.139,3.95839,0.22,0.02,2.77281,3.26331,0,0.519418,5.32224,4.27036e+06,2.70226e+06,1.18409e+07,0,0,0,2.14906e+08,56.1002,61.308,5.62604,0,1,2.4344,1.94391,0,1.88082,2.96352,8.87469e+06,3.61194e+06,2.16046e+07,0,0,0,5.83867e+07
65.235,85.139,2.97406,0.24,0.02,2.5281,3.01818,0,0.519625,5.32224,4.27036e+06,2.70226e+06,1.07959e+07,0,0,0,2.14906e+08,56.4044,61.308,2.52937,0,1,2.2391,1.74902,0,1.88082,2.96352,8.87469e+06,3.61194e+06,1.98713e+07,0,0,0,5.83867e+07
66.0673,85.139,3.60749,0.24,0.02,2.41402,3.01882,0,0.473766,5.32224,4.27036e+06,2.70226e+06,1.03088e+07,0,0,0,2.14906e+08,56.6669,61.308,3.11909,0,1,2.35419,1.74939,0,1.72993,2.96352,8.87469e+06,3.61194e+06,2.08927e+07,0,0,0,5.83867e+07
66.703,85.139,3.42415,0.26,0.02,2.41466,3.01946,0,0.452388,5.32224,4.27036e+06,2.70226e+06,1.03115e+07,0,0,0,2.14906e+08,56.7899,61.308,2.77226,0,1,2.35456,1.74976,0,1.81885,2.96352,8.87469e+06,3.61194e+06,2.0896e+07,0,0,0,5.83867e+07
68.8425,85.139,4.97661,0.28,0.02,2.4153,3.0201,0,0.452507,5.32224,4.27036e+06,2.70226e+06,1.03142e+07,0,0,0,2.14906e+08,57.1559,61.308,3.66525,0,1,2.35493,1.75013,0,1.81913,2.96352,8.87469e+06,3.61194e+06,2.08993e+07,0,0,0,5.83867e+07
71.9455,85.139,6.08383,0.26,0.02,2.41594,3.02074,0,0.452627,5.32224,4.27036e+06,2.70226e+06,1.03169e+07,0,0,0,2.14906e+08,57.5939,61.308,3.83913,0,1,2.3553,1.7505,0,1.81942,2.96352,8.87469e+06,3.61194e+06,2.09026e+07,0,0,0,5.83867e+07
74.8447,85.139,5.85023,0.28,0.02,2.51121,3.11601,0,0.452747,5.32224,4.27036e+06,2.70226e+06,1.07238e+07,0,0,0,2.14906e+08,58.9305,61.308,5.56831,0,1,2.41228,1.80748,0,1.81971,2.96352,8.87469e+06,3.61194e+06,2.14082e+07,0,0,0,5.83867e+07
74.5558,85.139,2.66054,0.25,0.02,2.51184,3.11664,0,0.470601,5.32224,4.27036e+06,2.70226e+06,1.07265e+07,0,0,0,2.14906e+08,60.0994,61.308,5.52628,0,1,2.41264,1.80784,0,1.86372,2.96352,8.87469e+06,3.61194e+06,2.14114e+07,0,0,0,5.83867e+07
74.0399,85.139,2.36397,0.25,0.02,2.51247,3.11727,0,0.470719,5.32224,4.27036e+06,2.70226e+06,1.07292e+07,0,0,0,2.14906e+08,60.9522,61.308,4.53831,0,1,2.413,1.8082,0,1.86401,2.96352,8.87469e+06,3.61194e+06,2.14147e+07,0,0,0,5.83867e+07
74.0597,85.139,2.99405,0.26,0.02,2.5131,3.1179,0,0.470837,5.32224,4.27036e+06,2.70226e+06,1.07319e+07,0,0,0,2.14906e+08,62.1291,61.308,5.45455,0,1,2.41337,1.80857,0,1.86429,2.96352,8.87469e+06,3.61194e+06,2.14179e+07,0,0,0,5.83867e+07
74.1857,85.139,3.4006,0.28,0.02,2.8179,3.4227,0,0.470955,5.32224,4.27036e+06,2.70226e+06,1.20335e+07,0,0,0,2.14906e+08,62.3362,61.308,5.47286,0,1,2.62643,2.02163,0,1.86457,2.96352,8.87469e+06,3.61194e+06,2.33087e+07,0,0,0,5.83867e+07
75.1974,85.139,4.50321,0.28,0.02,3.01103,3.42339,0,0.528075,5.32224,4.27036e+06,2.70226e+06,1.28582e+07,0,0,0,2.14906e+08,62.3362,61.308,7.77164,0,1,2.4344,2.02203,0,2.02918,2.96352,8.87469e+06,3.61194e+06,2.16045e+07,0,0,0,5.83867e+07
76.4079,85.139,4.69563,0.28,0.02,3.01213,3.42408,0,0.564267,5.32224,4.27036e+06,2.70226e+06,1.28629e+07,0,0,0,2.14906e+08,62.3362,61.308,7.11804,0,1,2.4344,2.02244,0,1.88082,2.96352,8.87469e+06,3.61194e+06,2.16045e+07,0,0,0,5.83867e+07
76.9044,85.139,3.95671,0.28,0.02,3.01323,3.42478,0,0.564473,5.32224,4.27036e+06,2.70226e+06,1.28676e+07,0,0,0,2.14906e+08,62.3362,61.308,7.78924,0,1,2.4344,2.02285,0,1.88082,2.96352,8.87469e+06,3.61194e+06,2.16045e+07,0,0,0,5.83867e+07
77.9581,85.139,4.14155,0.29,0.02,2.58012,2.99127,0,0.564678,5.32224,4.27036e+06,2.70226e+06,1.10181e+07,0,0,0,2.14906e+08,62.3362,61.308,6.43631,0,1,2.14873,1.73759,0,1.88082,2.96352,8.87469e+06,3.61194e+06,1.90693e+07,0,0,0,5.83867e+07
78.1914,85.139,3.18109,0.31,0.02,2.38707,2.99187,0,0.483515,5.32224,4.27036e+06,2.70226e+06,1.01937e+07,0,0,0,2.14906e+08,62.3362,61.308,3.8853,0,1,2.34274,1.73794,0,1.66011,2.96352,8.87469e+06,3.61194e+06,2.07911e+07,0,0,0,5.83867e+07
81.7254,85.139,6.49396,0.35,0.02,2.38767,2.99247,0,0.447337,5.32224,4.27036e+06,2.70226e+06,1.01962e+07,0,0,0,2.14906e+08,62.3362,61.308,6.4976,0,1,2.34309,1.73829,0,1.81,2.96352,8.87469e+06,3.61194e+06,2.07942e+07,0,0,0,5.83867e+07
84.6833,85.139,6.07739,0.28,0.02,2.38828,2.99308,0,0.44745,5.32224,4.27036e+06,2.70226e+06,1.01988e+07,0,0,0,2.14906e+08,62.3362,61.308,5.8847,0,1,2.34344,1.73864,0,1.81027,2.96352,8.87469e+06,3.61194e+06,2.07973e+07,0,0,0,5.83867e+07
85.139,85.139,4.94076,0.29,0.02,2.38888,2.99368,0,0.447563,5.32224,4.27036e+06,2.70226e+06,1.02014e+07,0,0,0,2.14906e+08,62.3362,61.308,5.03194,0,1,2.34379,1.73899,0,1.81054,2.96352,8.87469e+06,3.61194e+06,2.08004e+07,0,0,0,5.83867e+07
85.139,85.139,3.64358,0.26,0.02,2.49889,3.10369,0,0.447676,5.32224,4.27036e+06,2.70226e+06,1.06712e+07,0,0,0,2.14906e+08,62.3362,61.308,3.96134,0,1,2.4141,1.8093,0,1.81082,2.96352,8.87469e+06,3.61194e+06,2.14244e+07,0,0,0,5.83867e+07
85.139,85.139,3.50826,0.27,0.02,2.49951,3.10431,0,0.468292,5.32224,4.27036e+06,2.70226e+06,1.06738e+07,0,0,0,2.14906e+08,62.3362,61.308,4.43033,0,1,2.41447,1.80967,0,1.86513,2.96352,8.87469e+06,3.61194e+06,2.14276e+07,0,0,0,5.83867e+07
85.139,85.139,3.61133,0.27,0.02,2.50014,3.10494,0,0.468409,5.32224,4.27036e+06,2.70226e+06,1.06765e+07,0,0,0,2.14906e+08,62.3362,61.308,4.07868,0,1,2.41483,1.81003,0,1.86542,2.96352,8.87469e+06,3.61194e+06,2.14309e+07,0,0,0,5.83867e+07
85.139,85.139,2.94149,0.28,0.02,2.50077,3.10557,0,0.468526,5.32224,4.27036e+06,2.70226e+06,1.06792e+07,0,0,0,2.14906e+08,62.3362,61.308,3.52403,0,1,2.4152,1.8104,0,1.8657,2.96352,8.87469e+06,3.61194e+06,2.14341e+07,0,0,0,5.83867e+07
85.139,85.139,3.0322,0.28,0.02,2.45858,3.06338,0,0.468644,5.32224,4.27036e+06,2.70226e+06,1.0499e+07,0,0,0,2.14906e+08,62.3362,61.308,3.1131,0,1,2.38837,1.78357,0,1.86598,2.96352,8.87469e+06,3.61194e+06,2.1196e+07,0,0,0,5.83867e+07
85.139,85.139,2.81301,0.24,0.02,2.4592,3.064,0,0.460738,5.32224,4.27036e+06,2.70226e+06,1.05017e+07,0,0,0,2.14906e+08,62.3362,61.308,3.15977,0,1,2.38873,1.78393,0,1.84525,2.96352,8.87469e+06,3.61194e+06,2.11992e+07,0,0,0,5.83867e+07
84.9106,85.139,2.54113,0.21,0.02,2.45982,3.06462,0,0.460854,5.32224,4.27036e+06,2.70226e+06,1.05043e+07,0,0,0,2.14906e+08,62.3362,61.308,3.06769,0,1,2.38909,1.78429,0,1.84553,2.96352,8.87469e+06,3.61194e+06,2.12024e+07,0,0,0,5.83867e+07
84.9996,85.139,2.86152,0.33,0.02,2.46043,3.06523,0,0.46097,5.32224,4.27036e+06,2.70226e+06,1.0507e+07,0,0,0,2.14906e+08,62.3362,61.308,2.74908,0,1,2.38945,1.78465,0,1.84581,2.96352,8.87469e+06,3.61194e+06,2.12056e+07,0,0,0,5.83867e+07
84.6265,85.139,2.46804,0.32,0.02,2.60649,3.21129,0,0.461085,5.32224,4.27036e+06,2.70226e+06,1.11306e+07,0,0,0,2.14906e+08,62.3362,61.308,2.87488,0,1,2.48631,1.88151,0,1.84609,2.96352,8.87469e+06,3.61194e+06,2.20653e+07,0,0,0,5.83867e+07
83.9574,85.139,2.19835,0.26,0.02,2.65946,3.21193,0,0.488456,5.32224,4.27036e+06,2.70226e+06,1.13568e+07,0,0,0,2.14906e+08,62.3362,61.308,2.97777,0,1,2.43437,1.88189,0,1.92093,2.96352,8.87469e+06,3.61194e+06,2.16043e+07,0,0,0,5.83867e+07
83.2358,85.139,2.13238,0.23,0.02,2.66048,3.21258,0,0.498382,5.32224,4.27036e+06,2.70226e+06,1.13612e+07,0,0,0,2.14906e+08,62.3362,61.308,2.71457,0,1,2.43437,1.88227,0,1.8808,2.96352,8.87469e+06,3.61194e+06,2.16043e+07,0,0,0,5.83867e+07
82.2856,85.139,1.87163,0.23,0.02,2.66151,3.21323,0,0.498574,5.32224,4.27036e+06,2.70226e+06,1.13656e+07,0,0,0,2.14906e+08,62.2797,61.308,2.53017,0,1,2.43437,1.88265,0,1.8808,2.96352,8.87469e+06,3.61194e+06,2.16043e+07,0,0,0,5.83867e+07
81.281,85.139,1.76678,0.21,0.02,2.66254,3.21388,0,0.498767,5.32224,4.27036e+06,2.70226e+06,1.137e+07,0,0,0,2.14906e+08,62.024,61.308,2.41649,0,1,2.43437,1.88303,0,1.8808,2.96352,8.87469e+06,3.61194e+06,2.16043e+07,0,0,0,5.83867e+07
80.1912,85.139,1.63571,0.2,0.02,2.63477,3.18573,0,0.498959,5.32224,4.27036e+06,2.70226e+06,1.12514e+07,0,0,0,2.14906e+08,61.6022,61.308,1.88087,0,1,2.48747,1.93651,0,1.8808,2.96352,8.87469e+06,3.61194e+06,2.20755e+07,0,0,0,5.83867e+07
78.9702,85.139,1.54323,0.2,0.02,2.68889,3.18637,0,0.493756,5.32224,4.27036e+06,2.70226e+06,1.14825e+07,0,0,0,2.14906e+08,61.1434,61.308,1.76285,0,1,2.43438,1.9369,0,1.92182,2.96352,8.87469e+06,3.61194e+06,2.16044e+07,0,0,0,5.83867e+07
77.6253,85.139,1.41219,0.23,0.02,2.68992,3.18702,0,0.503898,5.32224,4.27036e+06,2.70226e+06,1.14869e+07,0,0,0,2.14906e+08,60.541,61.308,1.75783,0,1,2.43438,1.93729,0,1.8808,2.96352,8.87469e+06,3.61194e+06,2.16044e+07,0,0,0,5.83867e+07
76.1612,85.139,1.27714,0.23,0.02,2.69095,3.18766,0,0.504091,5.32224,4.27036e+06,2.70226e+06,1.14913e+07,0,0,0,2.14906e+08,59.8563,61.308,1.57351,0,1,2.43438,1.93768,0,1.8808,2.96352,8.87469e+06,3.61194e+06,2.16044e+07,0,0,0,5.83867e+07
74.6138,85.139,1.22976,0.22,0.02,2.76639,3.26271,0,0.504284,5.32224,4.27036e+06,2.70226e+06,1.18135e+07,0,0,0,2.14906e+08,59.0507,61.308,1.46265,0,1,2.48174,1.98542,0,1.8808,2.96352,8.87469e+06,3.61194e+06,2.20247e+07,0,0,0,5.83867e+07
73.0192,85.139,1.21374,0.23,0.02,2.8148,3.26337,0,0.518422,5.32224,4.27036e+06,2.70226e+06,1.20202e+07,0,0,0,2.14906e+08,58.1872,61.308,1.41178,0,1,2.43439,1.98582,0,1.91739,2.96352,8.87469e+06,3.61194e+06,2.16045e+07,0,0,0,5.83867e+07
71.3034,85.139,1.07847,0.24,0.02,2.81586,3.26402,0,0.527493,5.32224,4.27036e+06,2.70226e+06,1.20247e+07,0,0,0,2.14906e+08,57.2401,61.308,1.31823,0,1,2.43439,1.98622,0,1.88081,2.96352,8.87469e+06,3.61194e+06,2.16045e+07,0,0,0,5.83867e+07
69.5062,85.139,0.981641,0.23,0.02,2.81691,3.26468,0,0.527691,5.32224,4.27036e+06,2.70226e+06,1.20292e+07,0,0,0,2.14906e+08,56.2829,61.308,1.25024,0,1,2.43439,1.98662,0,1.88081,2.96352,8.87469e+06,3.61194e+06,2.16045e+07,0,0,0,5.83867e+07
67.4336,85.139,0.857185,0.22,0.02,3.03605,3.48342,0,0.52789,5.32224,4.27036e+06,2.70226e+06,1.2965e+07,0,0,0,2.14906e+08,55.5513,61.308,1.23839,0,1,2.60547,2.1581,0,1.88081,2.96352,8.87469e+06,3.61194e+06,2.31227e+07,0,0,0,5.83867e+07
65.4207,85.139,1.07675,0.24,0.02,3.20822,3.48412,0,0.568956,5.32224,4.27036e+06,2.70226e+06,1.37003e+07,0,0,0,2.14906e+08,54.6596,61.308,1.50736,0,1,2.43443,2.15853,0,2.01298,2.96352,8.87469e+06,3.61194e+06,2.16048e+07,0,0,0,5.83867e+07
63.2271,85.139,0.888555,0.23,0.02,3.20936,3.48482,0,0.601221,5.32224,4.27036e+06,2.70226e+06,1.37051e+07,0,0,0,2.14906e+08,54.062,61.308,1.2019,0,1,2.43443,2.15897,0,1.88084,2.96352,8.87469e+06,3.61194e+06,2.16048e+07,0,0,0,5.83867e+07
61.2055,85.139,1.02707,0.22,0.02,3.2105,3.48552,0,0.601434,5.32224,4.27036e+06,2.70226e+06,1.371e+07,0,0,0,2.14906e+08,53.4228,61.308,1.81601,0,1,2.43443,2.1594,0,1.88084,2.96352,8.87469e+06,3.61194e+06,2.16048e+07,0,0,0,5.83867e+07
59.0447,85.139,0.863234,0.24,0.02,3.21163,3.48622,0,0.601647,5.32224,4.27036e+06,2.70226e+06,1.37148e+07,0,0,0,2.14906e+08,52.8549,61.308,1.40252,0,1,2.43443,2.15984,0,1.88084,2.96352,8.87469e+06,3.61194e+06,2.16048e+07,0,0,0,5.83867e+07
57.4176,85.139,1.33178,0.24,0.02,3.10638,3.38054,0,0.60186,5.32224,4.27036e+06,2.70226e+06,1.32654e+07,0,0,0,2.14906e+08,52.3384,61.308,1.55782,0,1,2.33049,2.05633,0,1.88084,2.96352,8.87469e+06,3.61194e+06,2.06823e+07,0,0,0,5.83867e+07
55.8103,85.139,1.27906,0.24,0.02,3.00356,3.38122,0,0.582136,5.32224,4.27036e+06,2.70226e+06,1.28263e+07,0,0,0,2.14906e+08,51.9334,61.308,1.89245,0,1,2.43441,2.05675,0,1.80053,2.96352,8.87469e+06,3.61194e+06,2.16046e+07,0,0,0,5.83867e+07
54.3753,85.139,1.43823,0.27,0.02,3.00465,3.3819,0,0.562866,5.32224,4.27036e+06,2.70226e+06,1.2831e+07,0,0,0,2.14906e+08,51.7376,61.308,2.62461,0,1,2.43441,2.05716,0,1.88082,2.96352,8.87469e+06,3.61194e+06,2.16046e+07,0,0,0,5.83867e+07
52.8063,85.139,1.27564,0.28,0.02,3.00574,3.38258,0,0.563071,5.32224,4.27036e+06,2.70226e+06,1.28356e+07,0,0,0,2.14906e+08,51.3952,61.308,2.10654,0,1,2.43441,2.05757,0,1.88082,2.96352,8.87469e+06,3.61194e+06,2.16046e+07,0,0,0,5.83867e+07
51.8992,85.139,1.88066,0.28,0.02,2.91944,3.29586,0,0.563276,5.32224,4.27036e+06,2.70226e+06,1.24671e+07,0,0,0,2.14906e+08,51.1587,61.308,2.66013,0,1,2.33972,1.9633,0,1.88082,2.96352,8.87469e+06,3.61194e+06,2.07643e+07,0,0,0,5.83867e+07
52.5308,85.139,3.40189,0.3,0.02,2.82583,3.29652,0,0.547103,5.32224,4.27036e+06,2.70226e+06,1.20673e+07,0,0,0,2.14906e+08,50.9885,61.308,2.6445,0,1,2.43439,1.9637,0,1.80767,2.96352,8.87469e+06,3.61194e+06,2.16044e+07,0,0,0,5.83867e+07
54.8346,85.139,5.09688,0.31,0.02,2.82689,3.29719,0,0.529561,5.32224,4.27036e+06,2.70226e+06,1.20719e+07,0,0,0,2.14906e+08,51.4248,61.308,4.89798,0,1,2.43439,1.96409,0,1.88081,2.96352,8.87469e+06,3.61194e+06,2.16044e+07,0,0,0,5.83867e+07
55.2096,85.139,3.18563,0.31,0.02,2.82795,3.29785,0,0.529759,5.32224,4.27036e+06,2.70226e+06,1.20764e+07,0,0,0,2.14906e+08,51.4359,61.308,3.79294,0,1,2.43439,1.96449,0,1.88081,2.96352,8.87469e+06,3.61194e+06,2.16044e+07,0,0,0,5.83867e+07
59.6823,85.139,7.32143,0.31,0.02,2.58059,3.0501,0,0.529958,5.32224,4.27036e+06,2.70226e+06,1.10201e+07,0,0,0,2.14906e+08,51.732,61.308,4.27501,0,1,2.23702,1.76752,0,1.88081,2.96352,8.87469e+06,3.61194e+06,1.98529e+07,0,0,0,5.83867e+07
63.4902,85.139,6.55935,0.29,0.02,2.44591,3.05071,0,0.483603,5.32224,4.27036e+06,2.70226e+06,1.04449e+07,0,0,0,2.14906e+08,52.1934,61.308,4.19437,0,1,2.37267,1.76787,0,1.72832,2.96352,8.87469e+06,3.61194e+06,2.10567e+07,0,0,0,5.83867e+07
64.8982,85.139,4.16416,0.26,0.02,2.44653,3.05133,0,0.458364,5.32224,4.27036e+06,2.70226e+06,1.04476e+07,0,0,0,2.14906e+08,52.2707,61.308,3.11992,0,1,2.37303,1.76823,0,1.83313,2.96352,8.87469e+06,3.61194e+06,2.10599e+07,0,0,0,5.83867e+07
68.5165,85.139,6.39203,0.29,0.02,2.44714,3.05194,0,0.458479,5.32224,4.27036e+06,2.70226e+06,1.04502e+07,0,0,0,2.14906e+08,52.5807,61.308,4.21647,0,1,2.37338,1.76858,0,1.8334,2.96352,8.87469e+06,3.61194e+06,2.1063e+07,0,0,0,5.83867e+07
73.5546,85.139,7.94336,0.27,0.02,2.44775,3.05255,0,0.458594,5.32224,4.27036e+06,2.70226e+06,1.04528e+07,0,0,0,2.14906e+08,53.1547,61.308,5.0392,0,1,2.37374,1.76894,0,1.83368,2.96352,8.87469e+06,3.61194e+06,2.10662e+07,0,0,0,5.83867e+07
79.6351,85.139,9.12595,0.28,0.04,2.544,3.1488,0,0.458709,5.32224,4.27036e+06,2.70226e+06,1.08638e+07,0,0,0,2.14906e+08,53.9335,61.308,6.10889,0,1,2.43129,1.82649,0,1.83395,2.96352,8.87469e+06,3.61194e+06,2.1577e+07,0,0,0,5.83867e+07
83.6558,85.139,7.19557,0.22,0.04,2.5446,3.1494,0,0.476745,5.32224,4.27036e+06,2.70226e+06,1.08664e+07,0,0,0,2.14906e+08,54.4984,61.308,3.86503,0,1,2.43164,1.82684,0,1.87842,2.96352,8.87469e+06,3.61194e+06,2.158e+07,0,0,0,5.83867e+07
85.139,85.139,5.61178,0.21,0.04,2.5452,3.15,0,0.476858,5.32224,4.27036e+06,2.70226e+06,1.08689e+07,0,0,0,2.14906e+08,54.617,61.308,2.92808,0,1,2.43199,1.82719,0,1.87869,2.96352,8.87469e+06,3.61194e+06,2.15831e+07,0,0,0,5.83867e+07
85.139,85.139,5.32366,0.15,0.04,2.5458,3.1506,0,0.47697,5.32224,4.27036e+06,2.70226e+06,1.08715e+07,0,0,0,2.14906e+08,54.6717,61.308,2.84196,0,1,2.43234,1.82754,0,1.87895,2.96352,8.87469e+06,3.61194e+06,2.15862e+07,0,0,0,5.83867e+07
85.139,85.139,5.37423,0.15,0.04,2.85376,3.45856,0,0.477083,5.32224,4.27036e+06,2.70226e+06,1.21866e+07,0,0,0,2.14906e+08,54.882,61.308,3.10015,0,1,2.64761,2.04281,0,1.87922,2.96352,8.87469e+06,3.61194e+06,2.34967e+07,0,0,0,5.83867e+07
85.139,85.139,6.22386,0.16,0.04,3.06804,3.45922,0,0.534795,5.32224,4.27036e+06,2.70226e+06,1.31017e+07,0,0,0,2.14906e+08,55.5996,61.308,3.70781,0,1,2.43438,2.0432,0,2.04554,2.96352,8.87469e+06,3.61194e+06,2.16044e+07,0,0,0,5.83867e+07
85.139,85.139,6.86622,0.18,0.04,3.06909,3.45989,0,0.574951,5.32224,4.27036e+06,2.70226e+06,1.31061e+07,0,0,0,2.14906e+08,56.3201,61.308,3.67792,0,1,2.43438,2.04359,0,1.8808,2.96352,8.87469e+06,3.61194e+06,2.16044e+07,0,0,0,5.83867e+07
85.139,85.139,7.14133,0.19,0.04,3.07014,3.46055,0,0.575148,5.32224,4.27036e+06,2.70226e+06,1.31106e+07,0,0,0,2.14906e+08,56.8232,61.308,3.43698,0,1,2.43438,2.04398,0,1.8808,2.96352,8.87469e+06,3.61194e+06,2.16044e+07,0,0,0,5.83867e+07
85.139,85.139,4.88134,0.19,0.04,2.63246,3.02248,0,0.575345,5.32224,4.27036e+06,2.70226e+06,1.12416e+07,0,0,0,2.14906e+08,56.6235,61.308,2.34357,0,1,2.14574,1.75572,0,1.8808,2.96352,8.87469e+06,3.61194e+06,1.90427e+07,0,0,0,5.83867e+07
85.139,85.139,3.98137,0.22,0.04,2.41825,3.02305,0,0.493324,5.32224,4.27036e+06,2.70226e+06,1.03268e+07,0,0,0,2.14906e+08,56.8491,61.308,2.62387,0,1,2.36086,1.75606,0,1.6578,2.96352,8.87469e+06,3.61194e+06,2.09519e+07,0,0,0,5.83867e+07
85.139,85.139,3.61606,0.22,0.04,2.41883,3.02363,0,0.453181,5.32224,4.27036e+06,2.70226e+06,1.03293e+07,0,0,0,2.14906e+08,57.353,61.308,3.10637,0,1,2.36119,1.75639,0,1.824,2.96352,8.87469e+06,3.61194e+06,2.09549e+07,0,0,0,5.83867e+07
85.139,85.139,5.3225,0.24,0.04,2.41941,3.02421,0,0.453289,5.32224,4.27036e+06,2.70226e+06,1.03318e+07,0,0,0,2.14906e+08,58.202,61.308,3.68086,0,1,2.36153,1.75673,0,1.82426,2.96352,8.87469e+06,3.61194e+06,2.09578e+07,0,0,0,5.83867e+07
85.139,85.139,6.71901,0.25,0.04,2.41999,3.02479,0,0.453397,5.32224,4.27036e+06,2.70226e+06,1.03342e+07,0,0,0,2.14906e+08,58.8634,61.308,3.58113,0,1,2.36186,1.75706,0,1.82452,2.96352,8.87469e+06,3.61194e+06,2.09608e+07,0,0,0,5.83867e+07
85.139,85.139,5.71315,0.25,0.04,2.5311,3.1359,0,0.453505,5.32224,4.27036e+06,2.70226e+06,1.08087e+07,0,0,0,2.14906e+08,59.428,61.308,3.58075,0,1,2.43288,1.82808,0,1.82478,2.96352,8.87469e+06,3.61194e+06,2.15911e+07,0,0,0,5.83867e+07
85.139,85.139,4.2288,0.27,0.04,2.5317,3.1365,0,0.474329,5.32224,4.27036e+06,2.70226e+06,1.08113e+07,0,0,0,2.14906e+08,59.8706,61.308,3.54945,0,1,2.43323,1.82843,0,1.87964,2.96352,8.87469e+06,3.61194e+06,2.15942e+07,0,0,0,5.83867e+07
85.139,85.139,3.8921,0.27,0.04,2.5323,3.1371,0,0.474441,5.32224,4.27036e+06,2.70226e+06,1.08139e+07,0,0,0,2.14906e+08,60.4415,61.308,3.65181,0,1,2.43358,1.82878,0,1.87991,2.96352,8.87469e+06,3.61194e+06,2.15973e+07,0,0,0,5.83867e+07
85.139,85.139,3.62186,0.27,0.04,2.5329,3.1377,0,0.474553,5.32224,4.27036e+06,2.70226e+06,1.08164e+07,0,0,0,2.14906e+08,61.4232,61.308,4.57642,0,1,2.43393,1.82913,0,1.88018,2.96352,8.87469e+06,3.61194e+06,2.16003e+07,0,0,0,5.83867e+07
84.9233,85.139,2.75855,0.27,0.04,2.49025,3.09505,0,0.474666,5.32224,4.27036e+06,2.70226e+06,1.06343e+07,0,0,0,2.14906e+08,61.8855,61.308,3.57769,0,1,2.4068,1.802,0,1.88045,2.96352,8.87469e+06,3.61194e+06,2.13596e+07,0,0,0,5.83867e+07
84.461,85.139,2.20209,0.4,0.04,2.14036,3.09564,0,0.466672,5.32224,4.27036e+06,3.50682e+06,9.14011e+06,0,0,0,2.14906e+08,61.9368,61.308,2.74413,0,1,2.20309,1.80235,0,1.8595,2.96352,8.87469e+06,4.68734e+06,1.95517e+07,0,0,0,5.83867e+07
84.8903,85.139,3.43076,0.35,0.04,2.49143,3.09623,0,0.401103,5.32224,4.27036e+06,2.70226e+06,1.06393e+07,0,0,0,2.14906e+08,62.2448,61.308,3.43099,0,1,2.40749,1.80269,0,1.70211,2.96352,8.87469e+06,3.61194e+06,2.13657e+07,0,0,0,5.83867e+07
84.1193,85.139,2.13672,0.34,0.04,2.49202,3.09682,0,0.466893,5.32224,4.27036e+06,2.70226e+06,1.06418e+07,0,0,0,2.14906e+08,62.2992,61.308,2.73113,0,1,2.40784,1.80304,0,1.86003,2.96352,8.87469e+06,3.61194e+06,2.13688e+07,0,0,0,5.83867e+07
83.0902,85.139,1.96756,0.32,0.04,2.63954,3.24434,0,0.467004,5.32224,4.27036e+06,2.70226e+06,1.12718e+07,0,0,0,2.14906e+08,62.2418,61.308,2.47688,0,1,2.50568,1.90088,0,1.86029,2.96352,8.87469e+06,3.61194e+06,2.22371e+07,0,0,0,5.83867e+07
82.2753,85.139,2.16389,0.3,0.04,2.71185,3.24496,0,0.49465,5.32224,4.27036e+06,2.70226e+06,1.15806e+07,0,0,0,2.14906e+08,62.1837,61.308,2.77056,0,1,2.43435,1.90124,0,1.93589,2.96352,8.87469e+06,3.61194e+06,2.16041e+07,0,0,0,5.83867e+07
81.2471,85.139,1.93509,0.25,0.04,2.71283,3.24558,0,0.5082,5.32224,4.27036e+06,2.70226e+06,1.15848e+07,0,0,0,2.14906e+08,62.0663,61.308,2.55506,0,1,2.43435,1.90161,0,1.88078,2.96352,8.87469e+06,3.61194e+06,2.16041e+07,0,0,0,5.83867e+07
80.1904,85.139,1.89262,0.24,0.04,2.71381,3.2462,0,0.508384,5.32224,4.27036e+06,2.70226e+06,1.1589e+07,0,0,0,2.14906e+08,61.8875,61.308,2.31794,0,1,2.43435,1.90197,0,1.88078,2.96352,8.87469e+06,3.61194e+06,2.16041e+07,0,0,0,5.83867e+07
78.9215,85.139,1.65416,0.21,0.04,2.71479,3.24682,0,0.508568,5.32224,4.27036e+06,2.70226e+06,1.15932e+07,0,0,0,2.14906e+08,61.6502,61.308,2.16143,0,1,2.43435,1.90233,0,1.88078,2.96352,8.87469e+06,3.61194e+06,2.16041e+07,0,0,0,5.83867e+07
79.2678,85.139,3.20032,0.28,0.04,2.68669,3.21835,0,0.508752,5.32224,4.27036e+06,2.70226e+06,1.14732e+07,0,0,0,2.14906e+08,61.66,61.308,2.7054,0,1,2.48799,1.95633,0,1.88078,2.96352,8.87469e+06,3.61194e+06,2.20802e+07,0,0,0,5.83867e+07
79.5174,85.139,3.19414,0.23,0.04,2.74131,3.21897,0,0.503486,5.32224,4.27036e+06,2.70226e+06,1.17064e+07,0,0,0,2.14906e+08,61.6118,61.308,2.66649,0,1,2.43437,1.95671,0,1.92222,2.96352,8.87469e+06,3.61194e+06,2.16042e+07,0,0,0,5.83867e+07
79.4328,85.139,2.86652,0.19,0.04,2.74229,3.21958,0,0.513721,5.32224,4.27036e+06,2.70226e+06,1.17106e+07,0,0,0,2.14906e+08,61.4709,61.308,2.46202,0,1,2.43437,1.95708,0,1.88079,2.96352,8.87469e+06,3.61194e+06,2.16042e+07,0,0,0,5.83867e+07
79.1746,85.139,2.68183,0.22,0.04,2.74328,3.22019,0,0.513906,5.32224,4.27036e+06,2.70226e+06,1.17148e+07,0,0,0,2.14906e+08,61.2916,61.308,2.38682,0,1,2.43437,1.95745,0,1.88079,2.96352,8.87469e+06,3.61194e+06,2.16042e+07,0,0,0,5.83867e+07
78.836,85.139,2.62589,0.21,0.04,2.81944,3.29598,0,0.514091,5.32224,4.27036e+06,2.70226e+06,1.204e+07,0,0,0,2.14906e+08,61.0496,61.308,2.13079,0,1,2.48221,2.00567,0,1.88079,2.96352,8.87469e+06,3.61194e+06,2.20288e+07,0,0,0,5.83867e+07
78.9596,85.139,3.13709,0.21,0.04,2.86828,3.2966,0,0.528362,5.32224,4.27036e+06,2.70226e+06,1.22486e+07,0,0,0,2.14906e+08,61.0404,61.308,2.4848,0,1,2.43437,2.00605,0,1.91775,2.96352,8.87469e+06,3.61194e+06,2.16043e+07,0,0,0,5.83867e+07
78.8456,85.139,2.87138,0.2,0.04,2.86929,3.29723,0,0.537515,5.32224,4.27036e+06,2.70226e+06,1.22529e+07,0,0,0,2.14906e+08,60.884,61.308,2.42968,0,1,2.43437,2.00643,0,1.8808,2.96352,8.87469e+06,3.61194e+06,2.16043e+07,0,0,0,5.83867e+07
78.5007,85.139,2.63395,0.2,0.04,2.8703,3.29786,0,0.537705,5.32224,4.27036e+06,2.70226e+06,1.22572e+07,0,0,0,2.14906e+08,60.6675,61.308,2.13547,0,1,2.43437,2.00681,0,1.8808,2.96352,8.87469e+06,3.61194e+06,2.16043e+07,0,0,0,5.83867e+07
78.124,85.139,2.77312,0.19,0.04,3.0916,3.51878,0,0.537894,5.32224,4.27036e+06,2.70226e+06,1.32023e+07,0,0,0,2.14906e+08,60.5586,61.308,2.52307,0,1,2.60719,2.18001,0,1.8808,2.96352,8.87469e+06,3.61194e+06,2.3138e+07,0,0,0,5.83867e+07
77.2727,85.139,2.42966,0.19,0.04,3.26547,3.51945,0,0.579367,5.32224,4.27036e+06,2.70226e+06,1.39447e+07,0,0,0,2.14906e+08,60.4477,61.308,2.11247,0,1,2.43441,2.18042,0,2.01431,2.96352,8.87469e+06,3.61194e+06,2.16046e+07,0,0,0,5.83867e+07
76.9019,85.139,2.90408,0.19,0.04,3.26656,3.52012,0,0.611949,5.32224,4.27036e+06,2.70226e+06,1.39494e+07,0,0,0,2.14906e+08,60.3571,61.308,2.23449,0,1,2.43441,2.18084,0,1.88082,2.96352,8.87469e+06,3.61194e+06,2.16046e+07,0,0,0,5.83867e+07
76.193,85.139,2.55732,0.19,0.04,3.26764,3.5208,0,0.612153,5.32224,4.27036e+06,2.70226e+06,1.3954e+07,0,0,0,2.14906e+08,60.2624,61.308,2.19181,0,1,2.43441,2.18126,0,1.88082,2.96352,8.87469e+06,3.61194e+06,2.16046e+07,0,0,0,5.83867e+07
74.9777,85.139,2.05493,0.19,0.04,3.26873,3.52147,0,0.612356,5.32224,4.27036e+06,2.70226e+06,1.39587e+07,0,0,0,2.14906e+08,60.0623,61.308,1.96102,0,1,2.43441,2.18167,0,1.88082,2.96352,8.87469e+06,3.61194e+06,2.16046e+07,0,0,0,5.83867e+07
74.4891,85.139,2.71408,0.19,0.04,3.16235,3.41467,0,0.61256,5.32224,4.27036e+06,2.70226e+06,1.35044e+07,0,0,0,2.14906e+08,59.8899,61.308,2.14348,0,1,2.32942,2.0771,0,1.88082,2.96352,8.87469e+06,3.61194e+06,2.06729e+07,0,0,0,5.83867e+07
74.3483,85.139,3.0317,0.19,0.04,3.05843,3.41532,0,0.592625,5.32224,4.27036e+06,2.70226e+06,1.30606e+07,0,0,0,2.14906e+08,59.9095,61.308,2.47474,0,1,2.43439,2.07749,0,1.79971,2.96352,8.87469e+06,3.61194e+06,2.16044e+07,0,0,0,5.83867e+07
74.6755,85.139,3.49174,0.19,0.04,3.05948,3.41598,0,0.57315,5.32224,4.27036e+06,2.70226e+06,1.30651e+07,0,0,0,2.14906e+08,60.0655,61.308,2.69954,0,1,2.43439,2.07789,0,1.88081,2.96352,8.87469e+06,3.61194e+06,2.16044e+07,0,0,0,5.83867e+07
76.0497,85.139,4.57945,0.19,0.04,3.06052,3.41663,0,0.573346,5.32224,4.27036e+06,2.70226e+06,1.30696e+07,0,0,0,2.14906e+08,60.6585,61.308,3.40097,0,1,2.43439,2.07829,0,1.88081,2.96352,8.87469e+06,3.61194e+06,2.16044e+07,0,0,0,5.83867e+07
76.6266,85.139,3.9182,0.19,0.04,2.97329,3.329,0,0.573542,5.32224,4.27036e+06,2.70226e+06,1.26971e+07,0,0,0,2.14906e+08,61.5782,61.308,3.97768,0,1,2.33875,1.98304,0,1.88081,2.96352,8.87469e+06,3.61194e+06,2.07557e+07,0,0,0,5.83867e+07
75.8422,85.139,2.35678,0.18,0.04,2.87868,3.32964,0,0.557195,5.32224,4.27036e+06,2.70226e+06,1.2293e+07,0,0,0,2.14906e+08,62.3362,61.308,4.67141,0,1,2.43437,1.98342,0,1.80692,2.96352,8.87469e+06,3.61194e+06,2.16043e+07,0,0,0,5.83867e+07
74.278,85.139,1.52144,0.18,0.04,2.8797,3.33027,0,0.539466,5.32224,4.27036e+06,2.70226e+06,1.22974e+07,0,0,0,2.14906e+08,62.3362,61.308,3.79873,0,1,2.43437,1.9838,0,1.88079,2.96352,8.87469e+06,3.61194e+06,2.16043e+07,0,0,0,5.83867e+07
74.0087,85.139,3.04041,0.18,0.04,2.88071,3.3309,0,0.539655,5.32224,4.27036e+06,2.70226e+06,1.23017e+07,0,0,0,2.14906e+08,62.3362,61.308,4.15586,0,1,2.43437,1.98418,0,1.88079,2.96352,8.87469e+06,3.61194e+06,2.16043e+07,0,0,0,5.83867e+07
75.6933,85.139,4.85428,0.18,0.04,2.63082,3.08064,0,0.539845,5.32224,4.27036e+06,2.70226e+06,1.12346e+07,0,0,0,2.14906e+08,62.3362,61.308,4.16836,0,1,2.23503,1.78521,0,1.88079,2.96352,8.87469e+06,3.61194e+06,1.98352e+07,0,0,0,5.83867e+07
77.0791,85.139,4.32862,0.19,0.04,2.47642,3.08122,0,0.493016,5.32224,4.27036e+06,2.70226e+06,1.05752e+07,0,0,0,2.14906e+08,62.3362,61.308,6.05794,0,1,2.39035,1.78555,0,1.72678,2.96352,8.87469e+06,3.61194e+06,2.12136e+07,0,0,0,5.83867e+07
78.946,85.139,5.14641,0.2,0.04,2.47701,3.08181,0,0.464082,5.32224,4.27036e+06,2.70226e+06,1.05777e+07,0,0,0,2.14906e+08,62.3362,61.308,7.11359,0,1,2.39069,1.78589,0,1.84679,2.96352,8.87469e+06,3.61194e+06,2.12166e+07,0,0,0,5.83867e+07
80.5056,85.139,4.6721,0.22,0.04,2.4776,3.0824,0,0.464192,5.32224,4.27036e+06,2.70226e+06,1.05802e+07,0,0,0,2.14906e+08,62.3362,61.308,6.36892,0,1,2.39103,1.78623,0,1.84705,2.96352,8.87469e+06,3.61194e+06,2.12197e+07,0,0,0,5.83867e+07
82.8118,85.139,5.52803,0.21,0.04,2.47818,3.08298,0,0.464302,5.32224,4.27036e+06,2.70226e+06,1.05828e+07,0,0,0,2.14906e+08,62.3362,61.308,6.41137,0,1,2.39137,1.78657,0,1.84731,2.96352,8.87469e+06,3.61194e+06,2.12227e+07,0,0,0,5.83867e+07
85.139,85.139,5.70031,0.21,0.04,2.57535,3.18015,0,0.464412,5.32224,4.27036e+06,2.70226e+06,1.09977e+07,0,0,0,2.14906e+08,62.3362,61.308,6.4033,0,1,2.44948,1.84468,0,1.84757,2.96352,8.87469e+06,3.61194e+06,2.17384e+07,0,0,0,5.83867e+07
85.139,85.139,8.44741,0.17,0.06,2.59142,3.18073,0,0.482621,6.048,4.27036e+06,2.70226e+06,1.10663e+07,0,0,0,2.14906e+08,62.3362,61.308,6.96718,0,1,2.43432,1.84501,0,1.89247,2.96352,8.87469e+06,3.61194e+06,2.16039e+07,0,0,0,5.83867e+07
85.139,85.139,8.30348,0.17,0.06,2.59232,3.1813,0,0.485631,6.048,4.27036e+06,2.70226e+06,1.10702e+07,0,0,0,2.14906e+08,62.3362,61.308,7.37758,0,1,2.43432,1.84535,0,1.88076,2.96352,8.87469e+06,3.61194e+06,2.16039e+07,0,0,0,5.83867e+07
85.139,85.139,8.89916,0.18,0.06,2.59323,3.18188,0,0.485801,6.048,4.27036e+06,2.70226e+06,1.1074e+07,0,0,0,2.14906e+08,62.3362,61.308,8.84009,0,1,2.43433,1.84568,0,1.88076,2.96352,8.87469e+06,3.61194e+06,2.16039e+07,0,0,0,5.83867e+07
85.139,85.139,9.71376,0.17,0.06,2.90455,3.49286,0,0.485971,6.048,4.27036e+06,2.70226e+06,1.24035e+07,0,0,0,2.14906e+08,62.3362,61.308,7.27783,0,1,2.65138,2.06306,0,1.88076,2.96352,8.87469e+06,3.61194e+06,2.35301e+07,0,0,0,5.83867e+07
85.139,85.139,9.12393,0.18,0.06,3.12256,3.49349,0,0.544312,6.048,4.27036e+06,2.70226e+06,1.33345e+07,0,0,0,2.14906e+08,62.3362,61.308,8.31796,0,1,2.43436,2.06344,0,2.04845,2.96352,8.87469e+06,3.61194e+06,2.16042e+07,0,0,0,5.83867e+07
85.139,85.139,7.4412,0.2,0.06,3.12356,3.49412,0,0.585168,6.048,4.27036e+06,2.70226e+06,1.33388e+07,0,0,0,2.14906e+08,62.3362,61.308,5.78358,0,1,2.43436,2.06381,0,1.88079,2.96352,8.87469e+06,3.61194e+06,2.16042e+07,0,0,0,5.83867e+07
85.139,85.139,5.35179,0.2,0.06,3.12457,3.49475,0,0.585356,6.048,4.27036e+06,2.70226e+06,1.3343e+07,0,0,0,2.14906e+08,62.3362,61.308,3.42683,0,1,2.43436,2.06418,0,1.88079,2.96352,8.87469e+06,3.61194e+06,2.16042e+07,0,0,0,5.83867e+07
85.139,85.139,6.05955,0.21,0.06,2.68251,3.05232,0,0.585544,6.048,4.27036e+06,2.70226e+06,1.14553e+07,0,0,0,2.14906e+08,62.3362,61.308,3.97309,0,1,2.14287,1.77306,0,1.88079,2.96352,8.87469e+06,3.61194e+06,1.90173e+07,0,0,0,5.83867e+07
85.139,85.139,11.7523,0.23,0.06,2.44807,3.05287,0,0.502702,6.048,4.27036e+06,2.70226e+06,1.04541e+07,0,0,0,2.14906e+08,62.3362,61.308,10.078,0,1,2.37818,1.77338,0,1.65558,2.96352,8.87469e+06,3.61194e+06,2.11056e+07,0,0,0,5.83867e+07
85.139,85.139,11.8838,0.24,0.06,2.44862,3.05342,0,0.458768,6.048,4.27036e+06,2.70226e+06,1.04565e+07,0,0,0,2.14906e+08,62.3362,61.308,9.68078,0,1,2.3785,1.7737,0,1.83738,2.96352,8.87469e+06,3.61194e+06,2.11084e+07,0,0,0,5.83867e+07
85.139,85.139,11.3938,0.25,0.06,2.44917,3.05397,0,0.458871,6.048,4.27036e+06,2.70226e+06,1.04589e+07,0,0,0,2.14906e+08,62.3362,61.308,9.26795,0,1,2.37882,1.77402,0,1.83763,2.96352,8.87469e+06,3.61194e+06,2.11113e+07,0,0,0,5.83867e+07
85.139,85.139,9.8105,0.26,0.06,2.44972,3.05452,0,0.458975,6.048,4.27036e+06,2.70226e+06,1.04612e+07,0,0,0,2.14906e+08,62.3362,61.308,7.51443,0,1,2.37914,1.77434,0,1.83787,2.96352,8.87469e+06,3.61194e+06,2.11141e+07,0,0,0,5.83867e+07
85.139,85.139,8.62494,0.28,0.06,2.5619,3.1667,0,0.459078,6.048,4.27036e+06,2.70226e+06,1.09402e+07,0,0,0,2.14906e+08,62.3362,61.308,5.92607,0,1,2.45083,1.84603,0,1.83812,2.96352,8.87469e+06,3.61194e+06,2.17504e+07,0,0,0,5.83867e+07
85.139,85.139,11.3185,0.3,0.06,2.57931,3.16727,0,0.4801,6.048,4.27036e+06,2.70226e+06,1.10146e+07,0,0,0,2.14906e+08,62.3362,61.308,9.42023,0,1,2.43432,1.84636,0,1.89351,2.96352,8.87469e+06,3.61194e+06,2.16039e+07,0,0,0,5.83867e+07
85.139,85.139,8.5864,0.31,0.06,2.58021,3.16784,0,0.483362,6.048,4.27036e+06,2.70226e+06,1.10185e+07,0,0,0,2.14906e+08,62.3362,61.308,6.92253,0,1,2.43432,1.8467,0,1.88076,2.96352,8.87469e+06,3.61194e+06,2.16039e+07,0,0,0,5.83867e+07
85.139,85.139,7.36285,0.31,0.06,2.58112,3.16841,0,0.483532,6.048,4.27036e+06,2.70226e+06,1.10223e+07,0,0,0,2.14906e+08,62.3362,61.308,5.34074,0,1,2.43433,1.84703,0,1.88076,2.96352,8.87469e+06,3.61194e+06,2.16039e+07,0,0,0,5.83867e+07
85.139,85.139,6.79547,0.3,0.06,2.53835,3.12531,0,0.483701,6.048,4.27036e+06,2.70226e+06,1.08397e+07,0,0,0,2.14906e+08,62.3362,61.308,4.77884,0,1,2.40658,1.81962,0,1.88076,2.96352,8.87469e+06,3.61194e+06,2.13577e+07,0,0,0,5.83867e+07
85.139,85.139,6.03436,0.3,0.06,2.52107,3.12587,0,0.475686,6.048,4.27036e+06,2.70226e+06,1.07659e+07,0,0,0,2.14906e+08,62.3362,61.308,4.04717,0,1,2.42475,1.81995,0,1.85933,2.96352,8.87469e+06,3.61194e+06,2.15189e+07,0,0,0,5.83867e+07
85.139,85.139,5.71829,0.29,0.06,2.52163,3.12643,0,0.472449,6.048,4.27036e+06,2.70226e+06,1.07683e+07,0,0,0,2.14906e+08,62.3362,61.308,3.45434,0,1,2.42508,1.82028,0,1.87336,2.96352,8.87469e+06,3.61194e+06,2.15218e+07,0,0,0,5.83867e+07
85.139,85.139,5.25989,0.25,0.06,2.5222,3.127,0,0.472554,6.048,4.27036e+06,2.70226e+06,1.07707e+07,0,0,0,2.14906e+08,62.3362,61.308,3.26497,0,1,2.42541,1.82061,0,1.87362,2.96352,8.87469e+06,3.61194e+06,2.15247e+07,0,0,0,5.83867e+07
85.139,85.139,4.82743,0.22,0.06,2.67112,3.27592,0,0.47266,6.048,4.27036e+06,2.70226e+06,1.14067e+07,0,0,0,2.14906e+08,62.3362,61.308,3.13015,0,1,2.52418,1.91938,0,1.87387,2.96352,8.87469e+06,3.61194e+06,2.24014e+07,0,0,0,5.83867e+07
85.139,85.139,4.88604,0.21,0.06,2.76191,3.27651,0,0.500568,6.048,4.27036e+06,2.70226e+06,1.17943e+07,0,0,0,2.14906e+08,62.3362,61.308,3.45129,0,1,2.43434,1.91973,0,1.95019,2.96352,8.87469e+06,3.61194e+06,2.1604e+07,0,0,0,5.83867e+07
85.139,85.139,4.58424,0.2,0.06,2.76284,3.2771,0,0.517581,6.048,4.27036e+06,2.70226e+06,1.17983e+07,0,0,0,2.14906e+08,62.3362,61.308,3.09264,0,1,2.43434,1.92008,0,1.88077,2.96352,8.87469e+06,3.61194e+06,2.1604e+07,0,0,0,5.83867e+07
85.139,85.139,4.33633,0.17,0.06,2.76378,3.2777,0,0.517757,6.048,4.27036e+06,2.70226e+06,1.18023e+07,0,0,0,2.14906e+08,62.3362,61.308,2.75057,0,1,2.43434,1.92042,0,1.88077,2.96352,8.87469e+06,3.61194e+06,2.1604e+07,0,0,0,5.83867e+07
85.139,85.139,4.029,0.19,0.06,2.76472,3.27829,0,0.517932,6.048,4.27036e+06,2.70226e+06,1.18063e+07,0,0,0,2.14906e+08,62.2763,61.308,2.60467,0,1,2.43434,1.92077,0,1.88077,2.96352,8.87469e+06,3.61194e+06,2.1604e+07,0,0,0,5.83867e+07
85.139,85.139,3.53306,0.18,0.06,2.73629,3.24951,0,0.518108,6.048,4.27036e+06,2.70226e+06,1.16849e+07,0,0,0,2.14906e+08,62.1286,61.308,2.6139,0,1,2.4885,1.97527,0,1.88077,2.96352,8.87469e+06,3.61194e+06,2.20846e+07,0,0,0,5.83867e+07
85.139,85.139,3.35189,0.18,0.06,2.79138,3.2501,0,0.51278,6.048,4.27036e+06,2.70226e+06,1.19202e+07,0,0,0,2.14906e+08,61.9065,61.308,2.55548,0,1,2.43435,1.97563,0,1.92261,2.96352,8.87469e+06,3.61194e+06,2.16041e+07,0,0,0,5.83867e+07
85.139,85.139,3.12425,0.18,0.06,2.79232,3.25068,0,0.523104,6.048,4.27036e+06,2.70226e+06,1.19242e+07,0,0,0,2.14906e+08,61.6321,61.308,2.43801,0,1,2.43435,1.97599,0,1.88078,2.96352,8.87469e+06,3.61194e+06,2.16041e+07,0,0,0,5.83867e+07
84.9528,85.139,2.75874,0.17,0.06,2.79326,3.25127,0,0.523281,6.048,4.27036e+06,2.70226e+06,1.19282e+07,0,0,0,2.14906e+08,61.3136,61.308,2.39695,0,1,2.43435,1.97634,0,1.88078,2.96352,8.87469e+06,3.61194e+06,2.16041e+07,0,0,0,5.83867e+07
84.7756,85.139,2.81922,0.19,0.06,2.87009,3.32774,0,0.523457,6.048,4.27036e+06,2.70226e+06,1.22563e+07,0,0,0,2.14906e+08,61.0757,61.308,2.5482,0,1,2.48265,2.025,0,1.88078,2.96352,8.87469e+06,3.61194e+06,2.20327e+07,0,0,0,5.83867e+07
84.5419,85.139,2.83757,0.18,0.06,2.91935,3.32834,0,0.537856,6.048,4.27036e+06,2.70226e+06,1.24667e+07,0,0,0,2.14906e+08,60.8819,61.308,2.76968,0,1,2.43436,2.02536,0,1.9181,2.96352,8.87469e+06,3.61194e+06,2.16042e+07,0,0,0,5.83867e+07
84.1284,85.139,2.62367,0.18,0.06,2.92032,3.32894,0,0.547086,6.048,4.27036e+06,2.70226e+06,1.24708e+07,0,0,0,2.14906e+08,60.5979,61.308,2.65366,0,1,2.43436,2.02573,0,1.88078,2.96352,8.87469e+06,3.61194e+06,2.16042e+07,0,0,0,5.83867e+07
83.4908,85.139,2.38777,0.18,0.06,2.92128,3.32954,0,0.547267,6.048,4.27036e+06,2.70226e+06,1.24749e+07,0,0,0,2.14906e+08,60.272,61.308,2.30564,0,1,2.43436,2.02609,0,1.88078,2.96352,8.87469e+06,3.61194e+06,2.16042e+07,0,0,0,5.83867e+07
82.9763,85.139,2.68944,0.18,0.06,3.14465,3.55255,0,0.547448,6.048,4.27036e+06,2.70226e+06,1.34288e+07,0,0,0,2.14906e+08,60.095,61.308,3.02832,0,1,2.60883,2.20093,0,1.88078,2.96352,8.87469e+06,3.61194e+06,2.31525e+07,0,0,0,5.83867e+07
81.6809,85.139,2.05308,0.18,0.06,3.32013,3.55319,0,0.589308,6.048,4.27036e+06,2.70226e+06,1.41782e+07,0,0,0,2.14906e+08,59.8724,61.308,2.69629,0,1,2.43439,2.20132,0,2.01558,2.96352,8.87469e+06,3.61194e+06,2.16044e+07,0,0,0,5.83867e+07
80.0788,85.139,1.72899,0.18,0.06,3.32116,3.55383,0,0.622192,6.048,4.27036e+06,2.70226e+06,1.41826e+07,0,0,0,2.14906e+08,59.569,61.308,2.43391,0,1,2.43439,2.20172,0,1.88081,2.96352,8.87469e+06,3.61194e+06,2.16044e+07,0,0,0,5.83867e+07
78.6838,85.139,1.92504,0.18,0.06,3.3222,3.55447,0,0.622386,6.048,4.27036e+06,2.70226e+06,1.4187e+07,0,0,0,2.14906e+08,59.2832,61.308,2.50035,0,1,2.43439,2.20212,0,1.88081,2.96352,8.87469e+06,3.61194e+06,2.16044e+07,0,0,0,5.83867e+07
78.3794,85.139,3.08647,0.19,0.06,3.32324,3.55511,0,0.62258,6.048,4.27036e+06,2.70226e+06,1.41914e+07,0,0,0,2.14906e+08,59.1574,61.308,3.04725,0,1,2.43439,2.20251,0,1.88081,2.96352,8.87469e+06,3.61194e+06,2.16044e+07,0,0,0,5.83867e+07
79.2608,85.139,4.17093,0.19,0.06,3.21578,3.44726,0,0.622775,6.048,4.27036e+06,2.70226e+06,1.37326e+07,0,0,0,2.14906e+08,59.1699,61.308,2.99065,0,1,2.3284,2.09692,0,1.88081,2.96352,8.87469e+06,3.61194e+06,2.06638e+07,0,0,0,5.83867e+07
79.9278,85.139,3.90877,0.19,0.06,3.11081,3.44788,0,0.602638,6.048,4.27036e+06,2.70226e+06,1.32843e+07,0,0,0,2.14906e+08,59.2594,61.308,3.27537,0,1,2.43437,2.0973,0,1.79892,2.96352,8.87469e+06,3.61194e+06,2.16043e+07,0,0,0,5.83867e+07
80.3466,85.139,3.6936,0.18,0.06,3.11181,3.4485,0,0.582966,6.048,4.27036e+06,2.70226e+06,1.32886e+07,0,0,0,2.14906e+08,59.4235,61.308,3.38329,0,1,2.43437,2.09768,0,1.88079,2.96352,8.87469e+06,3.61194e+06,2.16043e+07,0,0,0,5.83867e+07
81.1626,85.139,4.1623,0.18,0.06,3.11281,3.44912,0,0.583153,6.048,4.27036e+06,2.70226e+06,1.32928e+07,0,0,0,2.14906e+08,59.7222,61.308,3.82362,0,1,2.43437,2.09805,0,1.88079,2.96352,8.87469e+06,3.61194e+06,2.16043e+07,0,0,0,5.83867e+07
82.0532,85.139,4.40498,0.19,0.06,3.02469,3.36063,0,0.58334,6.048,4.27036e+06,2.70226e+06,1.29165e+07,0,0,0,2.14906e+08,60.2841,61.308,4.13605,0,1,2.33782,2.00188,0,1.88079,2.96352,8.87469e+06,3.61194e+06,2.07474e+07,0,0,0,5.83867e+07
82.9175,85.139,4.07871,0.18,0.06,2.92912,3.36123,0,0.566827,6.048,4.27036e+06,2.70226e+06,1.25084e+07,0,0,0,2.14906e+08,60.2439,61.308,2.94141,0,1,2.43435,2.00224,0,1.8062,2.96352,8.87469e+06,3.61194e+06,2.16041e+07,0,0,0,5.83867e+07
85.139,85.139,5.75328,0.17,0.06,2.93009,3.36184,0,0.548918,6.048,4.27036e+06,2.70226e+06,1.25126e+07,0,0,0,2.14906e+08,60.4866,61.308,4.02663,0,1,2.43435,2.0026,0,1.88078,2.96352,8.87469e+06,3.61194e+06,2.16041e+07,0,0,0,5.83867e+07
85.139,85.139,5.27132,0.15,0.06,2.93106,3.36244,0,0.549099,6.048,4.27036e+06,2.70226e+06,1.25167e+07,0,0,0,2.14906e+08,60.6449,61.308,3.62367,0,1,2.43435,2.00296,0,1.88078,2.96352,8.87469e+06,3.61194e+06,2.16041e+07,0,0,0,5.83867e+07
85.139,85.139,8.46306,0.15,0.06,2.67875,3.10977,0,0.54928,6.048,4.27036e+06,2.70226e+06,1.14392e+07,0,0,0,2.14906e+08,61.9903,61.308,5.47227,0,1,2.23313,1.8021,0,1.88078,2.96352,8.87469e+06,3.61194e+06,1.98183e+07,0,0,0,5.83867e+07
85.139,85.139,5.84825,0.16,0.06,2.50553,3.11033,0,0.501997,6.048,4.27036e+06,2.70226e+06,1.06995e+07,0,0,0,2.14906e+08,62.3362,61.308,3.85351,0,1,2.40722,1.80242,0,1.72531,2.96352,8.87469e+06,3.61194e+06,2.13633e+07,0,0,0,5.83867e+07
85.139,85.139,5.70668,0.17,0.06,2.50609,3.11089,0,0.469537,6.048,4.27036e+06,2.70226e+06,1.07019e+07,0,0,0,2.14906e+08,62.3362,61.308,4.12755,0,1,2.40755,1.80275,0,1.85982,2.96352,8.87469e+06,3.61194e+06,2.13662e+07,0,0,0,5.83867e+07
85.139,85.139,6.66539,0.17,0.06,2.50665,3.11145,0,0.469642,6.048,4.27036e+06,2.70226e+06,1.07043e+07,0,0,0,2.14906e+08,62.3362,61.308,4.38044,0,1,2.40787,1.80307,0,1.86007,2.96352,8.87469e+06,3.61194e+06,2.13691e+07,0,0,0,5.83867e+07
85.139,85.139,6.06119,0.18,0.06,2.50721,3.11201,0,0.469747,6.048,4.27036e+06,2.70226e+06,1.07067e+07,0,0,0,2.14906e+08,62.3362,61.308,4.12937,0,1,2.40819,1.80339,0,1.86032,2.96352,8.87469e+06,3.61194e+06,2.1372e+07,0,0,0,5.83867e+07
85.139,85.139,4.77797,0.22,0.06,2.50721,3.11201,0,0.469852,6.048,4.27036e+06,2.70226e+06,1.07067e+07,0,0,0,2.14906e+08,62.3362,61.308,4.36936,0,1,2.40819,1.80339,0,1.86057,2.96352,8.87469e+06,3.61194e+06,2.1372e+07,0,0,0,5.83867e+07
85.139,85.139,3.21001,0.21,0.02,2.60526,3.21006,0,0.469852,6.048,4.27036e+06,2.70226e+06,1.11254e+07,0,0,0,2.14906e+08,62.3362,61.308,3.86319,0,1,2.46683,1.86203,0,1.86057,2.96352,8.87469e+06,3.61194e+06,2.18923e+07,0,0,0,5.83867e+07
84.9012,85.139,2.86895,0.2,0.02,2.63865,3.21061,0,0.488227,6.048,4.27036e+06,2.70226e+06,1.1268e+07,0,0,0,2.14906e+08,62.3362,61.308,3.46226,0,1,2.43431,1.86235,0,1.90587,2.96352,8.87469e+06,3.61194e+06,2.16037e+07,0,0,0,5.83867e+07
84.2053,85.139,2.35522,0.26,0.02,2.63951,3.21116,0,0.494483,6.048,4.27036e+06,2.70226e+06,1.12717e+07,0,0,0,2.14906e+08,62.2061,61.308,2.72957,0,1,2.43431,1.86266,0,1.88075,2.96352,8.87469e+06,3.61194e+06,2.16037e+07,0,0,0,5.83867e+07
82.9967,85.139,1.82225,0.28,0.02,2.64037,3.2117,0,0.494644,6.048,4.27036e+06,2.70226e+06,1.12754e+07,0,0,0,2.14906e+08,62.1507,61.308,2.60009,0,1,2.43431,1.86298,0,1.88075,2.96352,8.87469e+06,3.61194e+06,2.16037e+07,0,0,0,5.83867e+07
82.269,85.139,2.62195,0.28,0.02,2.95455,3.52556,0,0.494806,6.048,4.27036e+06,2.70226e+06,1.2617e+07,0,0,0,2.14906e+08,61.9167,61.308,2.30415,0,1,2.65339,2.08238,0,1.88075,2.96352,8.87469e+06,3.61194e+06,2.3548e+07,0,0,0,5.83867e+07
82.9933,85.139,4.32802,0.27,0.02,3.17455,3.52616,0,0.553683,6.048,4.27036e+06,2.70226e+06,1.35565e+07,0,0,0,2.14906e+08,62.1261,61.308,4.20442,0,1,2.43435,2.08274,0,2.05001,2.96352,8.87469e+06,3.61194e+06,2.16041e+07,0,0,0,5.83867e+07
82.5789,85.139,3.13674,0.27,0.02,3.17551,3.52676,0,0.594911,6.048,4.27036e+06,2.70226e+06,1.35606e+07,0,0,0,2.14906e+08,61.8743,61.308,3.17355,0,1,2.43435,2.08309,0,1.88078,2.96352,8.87469e+06,3.61194e+06,2.16041e+07,0,0,0,5.83867e+07
81.3895,85.139,2.30467,0.27,0.02,3.17646,3.52736,0,0.59509,6.048,4.27036e+06,2.70226e+06,1.35647e+07,0,0,0,2.14906e+08,61.3809,61.308,1.96325,0,1,2.43435,2.08344,0,1.88078,2.96352,8.87469e+06,3.61194e+06,2.16041e+07,0,0,0,5.83867e+07
82.6932,85.139,4.65793,0.29,0.02,2.73022,3.08077,0,0.595269,6.048,4.27036e+06,2.70226e+06,1.16591e+07,0,0,0,2.14906e+08,61.4079,61.308,3.19936,0,1,2.14013,1.78959,0,1.88078,2.96352,8.87469e+06,3.61194e+06,1.8993e+07,0,0,0,5.83867e+07
84.3816,85.139,4.75224,0.3,0.02,2.4765,3.0813,0,0.511644,6.048,4.27036e+06,2.70226e+06,1.05755e+07,0,0,0,2.14906e+08,61.4283,61.308,3.4085,0,1,2.39469,1.78989,0,1.65347,2.96352,8.87469e+06,3.61194e+06,2.12521e+07,0,0,0,5.83867e+07
85.139,85.139,6.79589,0.33,0.02,2.47702,3.08182,0,0.464095,6.048,4.27036e+06,2.70226e+06,1.05778e+07,0,0,0,2.14906e+08,61.9359,61.308,5.63122,0,1,2.39499,1.79019,0,1.85014,2.96352,8.87469e+06,3.61194e+06,2.12548e+07,0,0,0,5.83867e+07
85.139,85.139,6.30107,0.28,0.02,2.47754,3.08234,0,0.464194,6.048,4.27036e+06,2.70226e+06,1.058e+07,0,0,0,2.14906e+08,62.3362,61.308,4.67672,0,1,2.3953,1.7905,0,1.85037,2.96352,8.87469e+06,3.61194e+06,2.12575e+07,0,0,0,5.83867e+07
85.139,85.139,4.96665,0.31,0.02,2.47807,3.08287,0,0.464292,6.048,4.27036e+06,2.70226e+06,1.05823e+07,0,0,0,2.14906e+08,62.3044,61.308,3.46284,0,1,2.3956,1.7908,0,1.85061,2.96352,8.87469e+06,3.61194e+06,2.12602e+07,0,0,0,5.83867e+07
85.139,85.139,5.66255,0.33,0.02,2.59125,3.19605,0,0.46439,6.048,4.27036e+06,2.70226e+06,1.10656e+07,0,0,0,2.14906e+08,62.3362,61.308,4.51328,0,1,2.46794,1.86314,0,1.85084,2.96352,8.87469e+06,3.61194e+06,2.19022e+07,0,0,0,5.83867e+07
85.139,85.139,4.01618,0.36,0.02,2.62575,3.1966,0,0.485601,6.048,4.27036e+06,2.70226e+06,1.12129e+07,0,0,0,2.14906e+08,62.2873,61.308,3.04518,0,1,2.43431,1.86346,0,1.90673,2.96352,8.87469e+06,3.61194e+06,2.16037e+07,0,0,0,5.83867e+07
85.139,85.139,3.50347,0.35,0.02,2.62661,3.19714,0,0.492065,6.048,4.27036e+06,2.70226e+06,1.12166e+07,0,0,0,2.14906e+08,62.0752,61.308,2.55358,0,1,2.43431,1.86378,0,1.88075,2.96352,8.87469e+06,3.61194e+06,2.16037e+07,0,0,0,5.83867e+07
85.1294,85.139,3.12372,0.3,0.02,2.62747,3.19768,0,0.492226,6.048,4.27036e+06,2.70226e+06,1.12202e+07,0,0,0,2.14906e+08,61.9003,61.308,2.78447,0,1,2.43431,1.86409,0,1.88075,2.96352,8.87469e+06,3.61194e+06,2.16037e+07,0,0,0,5.83867e+07
84.8818,85.139,2.50223,0.44,0.02,2.22715,3.15415,0,0.492388,6.048,4.27036e+06,3.50682e+06,9.51073e+06,0,0,0,2.14906e+08,61.5095,61.308,2.03019,0,1,2.1984,1.83641,0,1.88075,2.96352,8.87469e+06,4.68734e+06,1.95101e+07,0,0,0,5.83867e+07
85.139,85.139,3.81245,0.44,0.02,2.19994,3.15468,0,0.417367,6.048,4.27036e+06,3.50682e+06,9.39455e+06,0,0,0,2.14906e+08,61.2188,61.308,2.37786,0,1,2.22636,1.83673,0,1.69848,2.96352,8.87469e+06,4.68734e+06,1.97582e+07,0,0,0,5.83867e+07
84.7364,85.139,2.59741,0.28,0.02,2.55795,3.15522,0,0.412269,6.048,4.27036e+06,2.70226e+06,1.09234e+07,0,0,0,2.14906e+08,60.815,61.308,2.10375,0,1,2.4343,1.83704,0,1.72008,2.96352,8.87469e+06,3.61194e+06,2.16037e+07,0,0,0,5.83867e+07
83.993,85.139,2.20991,0.38,0.02,2.5588,3.15576,0,0.479361,6.048,4.27036e+06,2.70226e+06,1.0927e+07,0,0,0,2.14906e+08,60.2926,61.308,1.80822,0,1,2.4343,1.83735,0,1.88074,2.96352,8.87469e+06,3.61194e+06,2.16037e+07,0,0,0,5.83867e+07
83.2172,85.139,2.27591,0.37,0.02,2.70938,3.30602,0,0.47952,6.048,4.27036e+06,2.70226e+06,1.157e+07,0,0,0,2.14906e+08,59.7694,61.308,1.75133,0,1,2.53366,1.93702,0,1.88074,2.96352,8.87469e+06,3.61194e+06,2.24854e+07,0,0,0,5.83867e+07
82.207,85.139,2.04377,0.32,0.02,2.8096,3.30658,0,0.507737,6.048,4.27036e+06,2.70226e+06,1.1998e+07,0,0,0,2.14906e+08,59.2591,61.308,1.77028,0,1,2.43432,1.93735,0,1.9575,2.96352,8.87469e+06,3.61194e+06,2.16038e+07,0,0,0,5.83867e+07
81.1466,85.139,1.98149,0.3,0.02,2.81049,3.30714,0,0.52652,6.048,4.27036e+06,2.70226e+06,1.20018e+07,0,0,0,2.14906e+08,58.7585,61.308,1.77801,0,1,2.43432,1.93768,0,1.88076,2.96352,8.87469e+06,3.61194e+06,2.16038e+07,0,0,0,5.83867e+07
79.9975,85.139,1.87863,0.25,0.02,2.81139,3.3077,0,0.526687,6.048,4.27036e+06,2.70226e+06,1.20056e+07,0,0,0,2.14906e+08,58.1167,61.308,1.70813,0,1,2.43432,1.938,0,1.88076,2.96352,8.87469e+06,3.61194e+06,2.16038e+07,0,0,0,5.83867e+07
78.5171,85.139,1.49798,0.23,0.02,2.81228,3.30826,0,0.526854,6.048,4.27036e+06,2.70226e+06,1.20095e+07,0,0,0,2.14906e+08,57.3581,61.308,1.58298,0,1,2.43432,1.93833,0,1.88076,2.96352,8.87469e+06,3.61194e+06,2.16038e+07,0,0,0,5.83867e+07
76.8621,85.139,1.26273,0.26,0.02,2.78353,3.27919,0,0.527021,6.048,4.27036e+06,2.70226e+06,1.18867e+07,0,0,0,2.14906e+08,56.6035,61.308,1.49014,0,1,2.48897,1.99332,0,1.88076,2.96352,8.87469e+06,3.61194e+06,2.20889e+07,0,0,0,5.83867e+07
75.0832,85.139,1.17297,0.24,0.02,2.83907,3.27975,0,0.521634,6.048,4.27036e+06,2.70226e+06,1.21239e+07,0,0,0,2.14906e+08,55.732,61.308,1.4584,0,1,2.43433,1.99365,0,1.92298,2.96352,8.87469e+06,3.61194e+06,2.16039e+07,0,0,0,5.83867e+07
73.2163,85.139,1.06992,0.23,0.02,2.83997,3.28031,0,0.532042,6.048,4.27036e+06,2.70226e+06,1.21277e+07,0,0,0,2.14906e+08,54.7787,61.308,1.33193,0,1,2.43433,1.99399,0,1.88076,2.96352,8.87469e+06,3.61194e+06,2.16039e+07,0,0,0,5.83867e+07
71.2876,85.139,0.976365,0.25,0.02,2.84087,3.28086,0,0.53221,6.048,4.27036e+06,2.70226e+06,1.21315e+07,0,0,0,2.14906e+08,53.9493,61.308,1.25172,0,1,2.43433,1.99433,0,1.88076,2.96352,8.87469e+06,3.61194e+06,2.16039e+07,0,0,0,5.83867e+07
69.4169,85.139,1.07924,0.24,0.02,2.91834,3.358,0,0.532378,6.048,4.27036e+06,2.70226e+06,1.24624e+07,0,0,0,2.14906e+08,53.2815,61.308,1.51536,0,1,2.48307,2.04341,0,1.88076,2.96352,8.87469e+06,3.61194e+06,2.20365e+07,0,0,0,5.83867e+07
67.4534,85.139,0.997904,0.24,0.02,2.96799,3.35857,0,0.546897,6.048,4.27036e+06,2.70226e+06,1.26744e+07,0,0,0,2.14906e+08,52.4497,61.308,1.54139,0,1,2.43434,2.04376,0,1.91842,2.96352,8.87469e+06,3.61194e+06,2.1604e+07,0,0,0,5.83867e+07
65.4373,85.139,0.925042,0.24,0.02,2.96891,3.35914,0,0.556202,6.048,4.27036e+06,2.70226e+06,1.26783e+07,0,0,0,2.14906e+08,51.7273,61.308,1.37308,0,1,2.43434,2.04411,0,1.88077,2.96352,8.87469e+06,3.61194e+06,2.1604e+07,0,0,0,5.83867e+07
63.4632,85.139,0.940807,0.23,0.02,2.96983,3.35971,0,0.556374,6.048,4.27036e+06,2.70226e+06,1.26822e+07,0,0,0,2.14906e+08,50.9034,61.308,1.54948,0,1,2.43434,2.04445,0,1.88077,2.96352,8.87469e+06,3.61194e+06,2.1604e+07,0,0,0,5.83867e+07
61.3677,85.139,0.974357,0.23,0.02,3.19517,3.5847,0,0.556546,6.048,4.27036e+06,2.70226e+06,1.36445e+07,0,0,0,2.14906e+08,50.2162,61.308,1.40688,0,1,2.61039,2.22085,0,1.88077,2.96352,8.87469e+06,3.61194e+06,2.31664e+07,0,0,0,5.83867e+07
59.2343,85.139,1.0539,0.27,0.02,3.37217,3.58531,0,0.598774,6.048,4.27036e+06,2.70226e+06,1.44004e+07,0,0,0,2.14906e+08,49.3855,61.308,1.57817,0,1,2.43437,2.22123,0,2.01679,2.96352,8.87469e+06,3.61194e+06,2.16043e+07,0,0,0,5.83867e+07
56.9321,85.139,0.869362,0.27,0.02,3.37316,3.58592,0,0.631945,6.048,4.27036e+06,2.70226e+06,1.44046e+07,0,0,0,2.14906e+08,48.793,61.308,1.25871,0,1,2.43437,2.2216,0,1.88079,2.96352,8.87469e+06,3.61194e+06,2.16043e+07,0,0,0,5.83867e+07
54.8075,85.139,1.00522,0.27,0.02,3.37414,3.58653,0,0.632129,6.048,4.27036e+06,2.70226e+06,1.44088e+07,0,0,0,2.14906e+08,48.3926,61.308,1.90147,0,1,2.43437,2.22198,0,1.88079,2.96352,8.87469e+06,3.61194e+06,2.16043e+07,0,0,0,5.83867e+07
53.1169,85.139,1.4076,0.31,0.02,3.37513,3.58714,0,0.632314,6.048,4.27036e+06,2.70226e+06,1.4413e+07,0,0,0,2.14906e+08,48.0288,61.308,2.10863,0,1,2.43437,2.22236,0,1.88079,2.96352,8.87469e+06,3.61194e+06,2.16043e+07,0,0,0,5.83867e+07
51.8227,85.139,1.71317,0.3,0.02,3.26665,3.47828,0,0.632499,6.048,4.27036e+06,2.70226e+06,1.39498e+07,0,0,0,2.14906e+08,47.8143,61.308,2.49226,0,1,2.32742,2.11579,0,1.88079,2.96352,8.87469e+06,3.61194e+06,2.06552e+07,0,0,0,5.83867e+07
50.6515,85.139,1.73425,0.3,0.02,3.16067,3.47887,0,0.61217,6.048,4.27036e+06,2.70226e+06,1.34972e+07,0,0,0,2.14906e+08,47.4782,61.308,2.24318,0,1,2.43435,2.11615,0,1.79817,2.96352,8.87469e+06,3.61194e+06,2.16041e+07,0,0,0,5.83867e+07
49.2348,85.139,1.52476,0.34,0.02,3.16162,3.47946,0,0.59231,6.048,4.27036e+06,2.70226e+06,1.35013e+07,0,0,0,2.14906e+08,47.1791,61.308,2.22671,0,1,2.43435,2.11651,0,1.88078,2.96352,8.87469e+06,3.61194e+06,2.16041e+07,0,0,0,5.83867e+07
48.0385,85.139,1.8074,0.37,0.02,3.16257,3.48005,0,0.592488,6.048,4.27036e+06,2.70226e+06,1.35053e+07,0,0,0,2.14906e+08,46.9352,61.308,2.31866,0,1,2.43435,2.11687,0,1.88078,2.96352,8.87469e+06,3.61194e+06,2.16041e+07,0,0,0,5.83867e+07
47.1642,85.139,1.98788,0.38,0.02,3.07361,3.39073,0,0.592666,6.048,4.27036e+06,2.70226e+06,1.31254e+07,0,0,0,2.14906e+08,46.4673,61.308,1.94468,0,1,2.33694,2.01981,0,1.88078,2.96352,8.87469e+06,3.61194e+06,2.07396e+07,0,0,0,5.83867e+07
46.7386,85.139,2.43793,0.37,0.02,2.97713,3.39131,0,0.575994,6.048,4.27036e+06,2.70226e+06,1.27134e+07,0,0,0,2.14906e+08,46.0633,61.308,1.47751,0,1,2.43433,2.02016,0,1.80552,2.96352,8.87469e+06,3.61194e+06,2.1604e+07,0,0,0,5.83867e+07
46.3902,85.139,2.50873,0.38,0.02,2.97805,3.39188,0,0.557914,6.048,4.27036e+06,2.70226e+06,1.27173e+07,0,0,0,2.14906e+08,45.8735,61.308,2.67949,0,1,2.43433,2.0205,0,1.88077,2.96352,8.87469e+06,3.61194e+06,2.1604e+07,0,0,0,5.83867e+07
50.6608,85.139,7.06207,0.4,0.02,2.59488,3.39246,0,0.558086,6.048,4.27036e+06,3.50682e+06,1.10811e+07,0,0,0,2.14906e+08,47.0355,61.308,6.09187,0,1,2.20554,2.02084,0,1.88077,2.96352,8.87469e+06,4.68734e+06,1.95735e+07,0,0,0,5.83867e+07
51.4474,85.139,3.3433,0.45,0.02,2.36913,3.1375,0,0.486281,6.048,4.27036e+06,3.50682e+06,1.01171e+07,0,0,0,2.14906e+08,47.4427,61.308,2.9951,0,1,2.02547,1.81816,0,1.704,2.96352,8.87469e+06,4.68734e+06,1.79754e+07,0,0,0,5.83867e+07
52.5071,85.139,3.79992,0.38,0.02,2.53323,3.13803,0,0.443975,6.048,4.27036e+06,2.70226e+06,1.08178e+07,0,0,0,2.14906e+08,48.0642,61.308,3.68112,0,1,2.42327,1.81847,0,1.56488,2.96352,8.87469e+06,3.61194e+06,2.15058e+07,0,0,0,5.83867e+07
53.6552,85.139,3.75187,0.43,0.02,2.17843,3.13857,0,0.474728,6.048,4.27036e+06,3.50682e+06,9.30267e+06,0,0,0,2.14906e+08,48.4967,61.308,3.26184,0,1,2.21766,1.81878,0,1.87222,2.96352,8.87469e+06,4.68734e+06,1.96811e+07,0,0,0,5.83867e+07
63.1444,85.139,12.4648,0.47,0.02,2.1789,3.1391,0,0.408237,6.048,4.27036e+06,3.50682e+06,9.30469e+06,0,0,0,2.14906e+08,51.163,61.308,10.7115,0,1,2.21794,1.81909,0,1.71337,2.96352,8.87469e+06,4.68734e+06,1.96835e+07,0,0,0,5.83867e+07
67.7953,85.139,7.87975,0.36,0.02,2.53483,3.13963,0,0.408326,6.048,4.27036e+06,2.70226e+06,1.08247e+07,0,0,0,2.14906e+08,52.8696,61.308,8.40675,0,1,2.4242,1.8194,0,1.71358,2.96352,8.87469e+06,3.61194e+06,2.1514e+07,0,0,0,5.83867e+07
67.9963,85.139,3.13286,0.39,0.02,2.56039,3.23852,0,0.475027,6.048,4.27036e+06,2.92235e+06,1.09338e+07,0,0,0,2.14906e+08,53.8912,61.308,5.36532,0,1,2.4408,1.87854,0,1.87294,3.38688,8.87469e+06,3.90612e+06,2.16613e+07,0,0,0,5.83867e+07
68.0258,85.139,2.61075,0.41,0.02,2.26752,3.23904,0,0.479816,6.048,4.27036e+06,3.50682e+06,9.68315e+06,0,0,0,2.14906e+08,54.693,61.308,4.70343,0,1,2.27092,1.87884,0,1.88576,3.38688,8.87469e+06,4.68734e+06,2.01537e+07,0,0,0,5.83867e+07
67.8297,85.139,2.37996,0.44,0.02,2.26798,3.23955,0,0.424934,6.048,4.27036e+06,3.50682e+06,9.68511e+06,0,0,0,2.14906e+08,55.3555,61.308,4.26654,0,1,2.27119,1.87914,0,1.75451,3.38688,8.87469e+06,4.68734e+06,2.01561e+07,0,0,0,5.83867e+07
67.6235,85.139,2.39104,0.46,0.02,2.26844,3.24007,0,0.42502,6.048,4.27036e+06,3.50682e+06,9.68707e+06,0,0,0,2.14906e+08,55.8419,61.308,4.35515,0,1,2.27145,1.87944,0,1.75472,3.38688,8.87469e+06,4.68734e+06,2.01584e+07,0,0,0,5.83867e+07
67.1897,85.139,2.42506,0.5,0.02,2.54919,3.55667,0,0.425106,6.048,4.27036e+06,3.50682e+06,1.0886e+07,0,0,0,2.14906e+08,56.1627,61.308,3.90877,0,1,2.46771,2.10075,0,1.75492,3.38688,8.87469e+06,4.68734e+06,2.19002e+07,0,0,0,5.83867e+07
66.9495,85.139,2.64151,0.51,0.02,2.5497,3.55724,0,0.477719,6.048,4.27036e+06,3.50682e+06,1.08881e+07,0,0,0,2.14906e+08,56.3925,61.308,3.85704,0,1,2.46801,2.10109,0,1.90656,3.38688,8.87469e+06,4.68734e+06,2.19028e+07,0,0,0,5.83867e+07
66.4404,85.139,2.31843,0.53,0.02,2.5502,3.55781,0,0.477813,6.048,4.27036e+06,3.50682e+06,1.08903e+07,0,0,0,2.14906e+08,56.6824,61.308,3.52896,0,1,2.46831,2.10143,0,1.90679,3.38688,8.87469e+06,4.68734e+06,2.19055e+07,0,0,0,5.83867e+07
67.4189,85.139,3.95104,0.56,0.02,2.55071,3.55838,0,0.477908,6.048,4.27036e+06,3.50682e+06,1.08924e+07,0,0,0,2.14906e+08,57.4856,61.308,4.91622,0,1,2.46861,2.10176,0,1.90702,3.38688,8.87469e+06,4.68734e+06,2.19081e+07,0,0,0,5.83867e+07
69.2841,85.139,4.54573,0.58,0.02,2.15117,3.10783,0,0.478003,6.048,4.27036e+06,3.50682e+06,9.18627e+06,0,0,0,2.14906e+08,58.0905,61.308,5.07179,0,1,2.20571,1.8053,0,1.90725,3.38688,8.87469e+06,4.68734e+06,1.9575e+07,0,0,0,5.83867e+07
70.9707,85.139,4.36746,0.55,0.02,2.15161,3.10832,0,0.403129,6.048,4.27036e+06,3.50682e+06,9.18815e+06,0,0,0,2.14906e+08,58.7044,61.308,5.46464,0,1,2.20597,1.80559,0,1.70413,3.38688,8.87469e+06,4.68734e+06,1.95773e+07,0,0,0,5.83867e+07
73.3293,85.139,5.10798,0.58,0.02,2.15205,3.10882,0,0.403211,6.048,4.27036e+06,3.50682e+06,9.19003e+06,0,0,0,2.14906e+08,59.2173,61.308,4.78457,0,1,2.20622,1.80588,0,1.70433,3.38688,8.87469e+06,4.68734e+06,1.95795e+07,0,0,0,5.83867e+07
74.8119,85.139,4.18642,0.62,0.02,2.15249,3.10932,0,0.403294,6.048,4.27036e+06,3.50682e+06,9.19191e+06,0,0,0,2.14906e+08,59.6152,61.308,4.19615,0,1,2.20648,1.80617,0,1.70453,3.38688,8.87469e+06,4.68734e+06,1.95818e+07,0,0,0,5.83867e+07
77.0893,85.139,5.08927,0.57,0.02,2.15293,3.10981,0,0.403376,6.048,4.27036e+06,3.50682e+06,9.19379e+06,0,0,0,2.14906e+08,60.3972,61.308,5.00232,0,1,2.20673,1.80646,0,1.70472,3.38688,8.87469e+06,4.68734e+06,1.95841e+07,0,0,0,5.83867e+07
79.0493,85.139,4.91636,0.62,0.02,2.25415,3.22395,0,0.403459,6.048,4.27036e+06,3.50682e+06,9.62603e+06,0,0,0,2.14906e+08,60.8798,61.308,5.71419,0,1,2.27143,1.87941,0,1.70492,3.38688,8.87469e+06,4.68734e+06,2.01582e+07,0,0,0,5.83867e+07
80.4246,85.139,4.28745,0.63,0.02,2.25461,3.22447,0,0.422427,6.048,4.27036e+06,3.50682e+06,9.62799e+06,0,0,0,2.14906e+08,61.2063,61.308,4.46592,0,1,2.27169,1.87971,0,1.75491,3.38688,8.87469e+06,4.68734e+06,2.01606e+07,0,0,0,5.83867e+07
81.2554,85.139,3.71482,0.52,0.02,2.25506,3.22499,0,0.422513,6.048,4.27036e+06,3.50682e+06,9.62994e+06,0,0,0,2.14906e+08,61.3303,61.308,4.51081,0,1,2.27196,1.88001,0,1.75511,3.38688,8.87469e+06,4.68734e+06,2.01629e+07,0,0,0,5.83867e+07
82.7095,85.139,4.30457,0.47,0.02,2.25552,3.2255,0,0.422599,6.048,4.27036e+06,3.50682e+06,9.63189e+06,0,0,0,2.14906e+08,61.5745,61.308,4.6818,0,1,2.27223,1.88031,0,1.75532,3.38688,8.87469e+06,4.68734e+06,2.01653e+07,0,0,0,5.83867e+07
83.2409,85.139,3.22184,0.46,0.02,2.21655,3.18155,0,0.422684,6.048,4.27036e+06,3.50682e+06,9.46547e+06,0,0,0,2.14906e+08,61.4322,61.308,2.977,0,1,2.24745,1.85237,0,1.75552,3.38688,8.87469e+06,4.68734e+06,1.99454e+07,0,0,0,5.83867e+07
83.3008,85.139,2.70828,0.46,0.02,2.217,3.18206,0,0.415381,6.048,4.27036e+06,3.50682e+06,9.46739e+06,0,0,0,2.14906e+08,61.2376,61.308,2.88797,0,1,2.24771,1.85267,0,1.73638,3.38688,8.87469e+06,4.68734e+06,1.99478e+07,0,0,0,5.83867e+07
83.3606,85.139,2.69041,0.44,0.02,2.21745,3.18257,0,0.415465,6.048,4.27036e+06,3.50682e+06,9.46932e+06,0,0,0,2.14906e+08,61.0475,61.308,2.86063,0,1,2.24798,1.85296,0,1.73658,3.38688,8.87469e+06,4.68734e+06,1.99501e+07,0,0,0,5.83867e+07
83.3128,85.139,2.50349,0.43,0.02,2.2179,3.18308,0,0.41555,6.048,4.27036e+06,3.50682e+06,9.47124e+06,0,0,0,2.14906e+08,60.8571,61.308,2.93328,0,1,2.24824,1.85326,0,1.73679,3.38688,8.87469e+06,4.68734e+06,1.99524e+07,0,0,0,5.83867e+07
82.9189,85.139,2.28539,0.4,0.02,2.35227,3.33461,0,0.415634,6.048,4.27036e+06,3.50682e+06,1.00451e+07,0,0,0,2.14906e+08,60.6208,61.308,2.31475,0,1,2.33737,1.95377,0,1.73699,3.38688,8.87469e+06,4.68734e+06,2.07434e+07,0,0,0,5.83867e+07
81.9534,85.139,1.98556,0.36,0.02,2.73034,3.33514,0,0.440816,6.048,4.27036e+06,2.70226e+06,1.16595e+07,0,0,0,2.14906e+08,60.2649,61.308,2.19659,0,1,2.55888,1.95408,0,1.80585,3.38688,8.87469e+06,3.61194e+06,2.27093e+07,0,0,0,5.83867e+07
80.8978,85.139,1.86354,0.34,0.02,2.73087,3.33567,0,0.511666,6.048,4.27036e+06,2.70226e+06,1.16618e+07,0,0,0,2.14906e+08,59.9278,61.308,2.22255,0,1,2.55919,1.95439,0,1.97699,3.38688,8.87469e+06,3.61194e+06,2.2712e+07,0,0,0,5.83867e+07
79.7807,85.139,1.78833,0.28,0.02,2.73141,3.33621,0,0.511766,6.048,4.27036e+06,2.70226e+06,1.16641e+07,0,0,0,2.14906e+08,59.5672,61.308,2.14946,0,1,2.5595,1.9547,0,1.97723,3.38688,8.87469e+06,3.61194e+06,2.27148e+07,0,0,0,5.83867e+07
78.5099,85.139,1.5947,0.25,0.02,2.73194,3.33674,0,0.511865,6.048,4.27036e+06,2.70226e+06,1.16664e+07,0,0,0,2.14906e+08,58.7331,61.308,1.77811,0,1,2.55982,1.95502,0,1.97747,3.38688,8.87469e+06,3.61194e+06,2.27176e+07,0,0,0,5.83867e+07
77.1309,85.139,1.41936,0.31,0.02,2.70258,3.30738,0,0.511965,6.048,4.27036e+06,2.70226e+06,1.1541e+07,0,0,0,2.14906e+08,57.838,61.308,1.32373,0,1,2.61525,2.01045,0,1.97771,3.38688,8.87469e+06,3.61194e+06,2.32095e+07,0,0,0,5.83867e+07
75.6525,85.139,1.31023,0.26,0.02,2.70311,3.30791,0,0.506464,6.048,4.27036e+06,2.70226e+06,1.15433e+07,0,0,0,2.14906e+08,56.8103,61.308,1.31242,0,1,2.61557,2.01077,0,2.02054,3.38688,8.87469e+06,3.61194e+06,2.32124e+07,0,0,0,5.83867e+07
74.074,85.139,1.19705,0.26,0.02,2.70364,3.30844,0,0.506563,6.048,4.27036e+06,2.70226e+06,1.15455e+07,0,0,0,2.14906e+08,55.7546,61.308,1.16437,0,1,2.61589,2.01109,0,2.02079,3.38688,8.87469e+06,3.61194e+06,2.32152e+07,0,0,0,5.83867e+07
72.4294,85.139,1.0979,0.25,0.02,2.70417,3.30897,0,0.506662,6.048,4.27036e+06,2.70226e+06,1.15478e+07,0,0,0,2.14906e+08,54.5274,61.308,1.14366,0,1,2.61622,2.01142,0,2.02104,3.38688,8.87469e+06,3.61194e+06,2.32181e+07,0,0,0,5.83867e+07
70.5964,85.139,0.953396,0.26,0.02,2.78193,3.38673,0,0.506761,6.048,4.27036e+06,2.70226e+06,1.18799e+07,0,0,0,2.14906e+08,53.3333,61.308,1.00022,0,1,2.66569,2.06089,0,2.02129,3.38688,8.87469e+06,3.61194e+06,2.36572e+07,0,0,0,5.83867e+07
68.7551,85.139,0.931545,0.26,0.02,2.78247,3.38727,0,0.521334,6.048,4.27036e+06,2.70226e+06,1.18822e+07,0,0,0,2.14906e+08,52.1185,61.308,1.03325,0,1,2.66602,2.06122,0,2.05952,3.38688,8.87469e+06,3.61194e+06,2.36601e+07,0,0,0,5.83867e+07
66.8727,85.139,0.86949,0.25,0.02,2.78301,3.38781,0,0.521435,6.048,4.27036e+06,2.70226e+06,1.18845e+07,0,0,0,2.14906e+08,50.8266,61.308,0.979207,0,1,2.66635,2.06155,0,2.05977,3.38688,8.87469e+06,3.61194e+06,2.3663e+07,0,0,0,5.83867e+07
64.9393,85.139,0.798003,0.26,0.02,2.78356,3.38836,0,0.521537,6.048,4.27036e+06,2.70226e+06,1.18868e+07,0,0,0,2.14906e+08,49.6421,61.308,0.919099,0,1,2.66668,2.06188,0,2.06002,3.38688,8.87469e+06,3.61194e+06,2.3666e+07,0,0,0,5.83867e+07
62.8534,85.139,0.796979,0.25,0.02,3.01043,3.61523,0,0.521638,6.048,4.27036e+06,2.70226e+06,1.28556e+07,0,0,0,2.14906e+08,48.3105,61.308,1.03404,0,1,2.84456,2.23976,0,2.06028,3.38688,8.87469e+06,3.61194e+06,2.52446e+07,0,0,0,5.83867e+07
60.5335,85.139,0.58033,0.24,0.02,3.06171,3.6158,0,0.564154,6.048,4.27036e+06,2.70226e+06,1.30746e+07,0,0,0,2.14906e+08,46.929,61.308,0.794348,0,1,2.79421,2.24012,0,2.19771,3.38688,8.87469e+06,3.61194e+06,2.47977e+07,0,0,0,5.83867e+07
58.2728,85.139,0.611886,0.29,0.02,3.06265,3.61638,0,0.573765,6.048,4.27036e+06,2.70226e+06,1.30786e+07,0,0,0,2.14906e+08,45.6623,61.308,0.783624,0,1,2.79421,2.24047,0,2.1588,3.38688,8.87469e+06,3.61194e+06,2.47977e+07,0,0,0,5.83867e+07
56.3149,85.139,0.917358,0.29,0.02,3.06358,3.61696,0,0.57394,6.048,4.27036e+06,2.70226e+06,1.30826e+07,0,0,0,2.14906e+08,44.4584,61.308,0.937016,0,1,2.79421,2.24083,0,2.1588,3.38688,8.87469e+06,3.61194e+06,2.47977e+07,0,0,0,5.83867e+07
54.8266,85.139,1.39974,0.33,0.02,3.06452,3.61754,0,0.574116,6.048,4.27036e+06,2.70226e+06,1.30866e+07,0,0,0,2.14906e+08,43.3349,61.308,1.02839,0,1,2.79421,2.24119,0,2.1588,3.38688,8.87469e+06,3.61194e+06,2.47977e+07,0,0,0,5.83867e+07
53.1122,85.139,1.08762,0.32,0.02,2.95506,3.50772,0,0.574291,6.048,4.27036e+06,2.70226e+06,1.26192e+07,0,0,0,2.14906e+08,42.5911,61.308,1.00564,0,1,2.68636,2.1337,0,2.1588,3.38688,8.87469e+06,3.61194e+06,2.38406e+07,0,0,0,5.83867e+07
51.6456,85.139,1.28777,0.32,0.02,2.90348,3.50828,0,0.553778,6.048,4.27036e+06,2.70226e+06,1.23989e+07,0,0,0,2.14906e+08,42.0272,61.308,1.58963,0,1,2.73884,2.13404,0,2.07548,3.38688,8.87469e+06,3.61194e+06,2.43063e+07,0,0,0,5.83867e+07
50.1676,85.139,1.25302,0.33,0.02,2.90404,3.50884,0,0.544112,6.048,4.27036e+06,2.70226e+06,1.24013e+07,0,0,0,2.14906e+08,41.6321,61.308,1.46338,0,1,2.73918,2.13438,0,2.11603,3.38688,8.87469e+06,3.61194e+06,2.43093e+07,0,0,0,5.83867e+07
48.7573,85.139,1.23713,0.39,0.02,2.82514,3.5094,0,0.544217,6.048,4.27036e+06,2.92235e+06,1.20644e+07,0,0,0,2.14906e+08,41.3516,61.308,1.83812,0,1,2.69118,2.13472,0,2.11629,3.38688,8.87469e+06,3.90612e+06,2.38834e+07,0,0,0,5.83867e+07
47.9818,85.139,1.61916,0.4,0.02,2.42737,3.41929,0,0.52943,6.048,4.27036e+06,3.50682e+06,1.03657e+07,0,0,0,2.14906e+08,41.1368,61.308,2.18548,0,1,2.41102,2.03682,0,2.07921,3.38688,8.87469e+06,4.68734e+06,2.13971e+07,0,0,0,5.83867e+07
48.6449,85.139,3.11122,0.4,0.02,2.42785,3.41983,0,0.454889,6.048,4.27036e+06,3.50682e+06,1.03678e+07,0,0,0,2.14906e+08,40.9511,61.308,2.1275,0,1,2.41131,2.03715,0,1.86276,3.38688,8.87469e+06,4.68734e+06,2.13996e+07,0,0,0,5.83867e+07
52.2931,85.139,6.20304,0.42,0.02,2.42834,3.42038,0,0.454979,6.048,4.27036e+06,3.50682e+06,1.03699e+07,0,0,0,2.14906e+08,41.7673,61.308,5.11294,0,1,2.4116,2.03748,0,1.86298,3.38688,8.87469e+06,4.68734e+06,2.14022e+07,0,0,0,5.83867e+07
53.2918,85.139,3.79865,0.37,0.02,2.81613,3.42093,0,0.45507,6.048,4.27036e+06,2.70226e+06,1.20259e+07,0,0,0,2.14906e+08,42.3025,61.308,4.53973,0,1,2.6426,2.0378,0,1.8632,3.38688,8.87469e+06,3.61194e+06,2.34523e+07,0,0,0,5.83867e+07
53.3111,85.139,2.64587,0.39,0.02,2.48736,3.1638,0,0.527742,6.048,4.27036e+06,2.92235e+06,1.06219e+07,0,0,0,2.14906e+08,42.3713,61.308,2.55792,0,1,2.39669,1.8334,0,2.04167,3.38688,8.87469e+06,3.90612e+06,2.12699e+07,0,0,0,5.83867e+07
54.2202,85.139,3.32283,0.4,0.02,2.20125,3.1643,0,0.466131,6.048,4.27036e+06,3.50682e+06,9.40013e+06,0,0,0,2.14906e+08,42.15,61.308,2.71185,0,1,2.23089,1.8337,0,1.85168,3.38688,8.87469e+06,4.68734e+06,1.97984e+07,0,0,0,5.83867e+07
57.1702,85.139,5.4378,0.45,0.02,2.2017,3.16481,0,0.412514,6.048,4.27036e+06,3.50682e+06,9.40204e+06,0,0,0,2.14906e+08,41.7512,61.308,2.12545,0,1,2.23115,1.83399,0,1.72359,3.38688,8.87469e+06,4.68734e+06,1.98008e+07,0,0,0,5.83867e+07
59.6296,85.139,5.05956,0.42,0.02,2.20214,3.16531,0,0.412598,6.048,4.27036e+06,3.50682e+06,9.40396e+06,0,0,0,2.14906e+08,43.1253,61.308,6.86071,0,1,2.23141,1.83428,0,1.72379,3.38688,8.87469e+06,4.68734e+06,1.98031e+07,0,0,0,5.83867e+07
61.9477,85.139,4.92011,0.44,0.02,2.20259,3.16582,0,0.412682,6.048,4.27036e+06,3.50682e+06,9.40587e+06,0,0,0,2.14906e+08,43.4254,61.308,3.98097,0,1,2.23167,1.83457,0,1.72399,3.38688,8.87469e+06,4.68734e+06,1.98054e+07,0,0,0,5.83867e+07
69.7591,85.139,10.8133,0.45,0.02,2.29098,3.26549,0,0.412766,6.048,4.27036e+06,3.50682e+06,9.78334e+06,0,0,0,2.14906e+08,44.6612,61.308,6.14199,0,0,2.28453,1.89418,0,1.72419,3.38688,8.87469e+06,4.68734e+06,2.02745e+07,0,0,0,5.83867e+07
75.8375,85.139,9.43398,0.39,0.02,2.58723,3.26598,0,0.429331,6.048,4.27036e+06,2.92235e+06,1.10484e+07,0,0,0,2.14906e+08,46.1613,61.308,6.72012,0,0,2.45637,1.89447,0,1.76503,3.38688,8.87469e+06,3.90612e+06,2.17995e+07,0,0,0,5.83867e+07
81.623,85.139,9.32887,0.34,0.02,2.66167,3.26647,0,0.484847,6.048,4.27036e+06,2.70226e+06,1.13663e+07,0,0,0,2.14906e+08,47.5285,61.308,6.61802,0,0,2.49955,1.89475,0,1.89779,3.38688,8.87469e+06,3.61194e+06,2.21827e+07,0,0,0,5.83867e+07
85.139,85.139,13.2462,0.32,0.02,2.66216,3.26696,0,0.498797,6.048,4.27036e+06,2.70226e+06,1.13684e+07,0,0,0,2.14906e+08,48.7827,61.308,6.6072,0,0,2.49983,1.89503,0,1.93115,3.38688,8.87469e+06,3.61194e+06,2.21852e+07,0,0,0,5.83867e+07
85.139,85.139,22.5462,0.27,0.02,2.98135,3.58615,0,0.498889,6.048,4.27036e+06,2.70226e+06,1.27315e+07,0,0,0,2.14906e+08,51.9807,61.308,11.692,0,0,2.72297,2.11817,0,1.93137,3.38688,8.87469e+06,3.61194e+06,2.41655e+07,0,0,0,5.83867e+07
85.139,85.139,13.9475,0.28,0.02,2.98189,3.58669,0,0.558705,6.048,4.27036e+06,2.70226e+06,1.27337e+07,0,0,0,2.14906e+08,53.8133,61.308,7.97347,0,0,2.72328,2.11848,0,2.10376,3.38688,8.87469e+06,3.61194e+06,2.41683e+07,0,0,0,5.83867e+07
85.139,85.139,8.44281,0.28,0.02,2.98242,3.58722,0,0.558806,6.048,4.27036e+06,2.70226e+06,1.2736e+07,0,0,0,2.14906e+08,54.7273,61.308,5.63636,0,0,2.7236,2.1188,0,2.10401,3.38688,8.87469e+06,3.61194e+06,2.41711e+07,0,0,0,5.83867e+07
85.139,85.139,7.57372,0.29,0.02,2.98296,3.58776,0,0.558906,6.048,4.27036e+06,2.70226e+06,1.27383e+07,0,0,0,2.14906e+08,56.242,61.308,7.13353,0,0,2.72392,2.11912,0,2.10425,3.38688,8.87469e+06,3.61194e+06,2.41739e+07,0,0,0,5.83867e+07
85.139,85.139,8.16213,0.29,0.02,2.52866,3.13346,0,0.559007,6.048,4.27036e+06,2.70226e+06,1.07983e+07,0,0,0,2.14906e+08,58.508,61.308,8.17116,0,0,2.42499,1.82019,0,2.1045,3.38688,8.87469e+06,3.61194e+06,2.1521e+07,0,0,0,5.83867e+07
85.139,85.139,10.0273,0.3,0.02,2.52913,3.13393,0,0.47387,6.048,4.27036e+06,2.70226e+06,1.08003e+07,0,0,0,2.14906e+08,60.2341,61.308,6.99553,0,0,2.42526,1.82046,0,1.87355,3.38688,8.87469e+06,3.61194e+06,2.15234e+07,0,0,0,5.83867e+07
85.139,85.139,11.9332,0.31,0.02,2.5296,3.1344,0,0.473958,6.048,4.27036e+06,2.70226e+06,1.08023e+07,0,0,0,2.14906e+08,62.3362,61.308,9.34813,0,0,2.42553,1.82073,0,1.87376,3.38688,8.87469e+06,3.61194e+06,2.15259e+07,0,0,0,5.83867e+07
85.139,85.139,8.76446,0.34,0.02,2.53006,3.13486,0,0.474046,6.048,4.27036e+06,2.70226e+06,1.08043e+07,0,0,0,2.14906e+08,62.3362,61.308,6.07059,0,0,2.42581,1.82101,0,1.87397,3.38688,8.87469e+06,3.61194e+06,2.15283e+07,0,0,0,5.83867e+07
85.139,85.139,12.2347,0.36,0.02,2.53053,3.13533,0,0.474134,6.048,4.27036e+06,2.70226e+06,1.08063e+07,0,0,0,2.14906e+08,62.3362,61.308,6.61332,0,0,2.42608,1.82128,0,1.87418,3.38688,8.87469e+06,3.61194e+06,2.15307e+07,0,0,0,5.83867e+07
85.139,85.139,8.1069,0.4,0.02,2.27758,3.25038,0,0.474222,6.048,4.27036e+06,3.50682e+06,9.7261e+06,0,0,0,2.14906e+08,62.3362,61.308,6.86713,0,0,2.28509,1.89481,0,1.87439,3.38688,8.87469e+06,4.68734e+06,2.02794e+07,0,0,0,5.83867e+07
85.139,85.139,8.95277,0.41,0.02,2.27801,3.25086,0,0.426818,6.048,4.27036e+06,3.50682e+06,9.72794e+06,0,0,0,2.14906e+08,62.3362,61.308,7.5957,0,0,2.28534,1.8951,0,1.76546,3.38688,8.87469e+06,4.68734e+06,2.02817e+07,0,0,0,5.83867e+07
85.139,85.139,7.44442,0.43,0.02,2.27844,3.25135,0,0.426899,6.048,4.27036e+06,3.50682e+06,9.72978e+06,0,0,0,2.14906e+08,62.3362,61.308,5.79126,0,0,2.28559,1.89538,0,1.76565,3.38688,8.87469e+06,4.68734e+06,2.02839e+07,0,0,0,5.83867e+07
85.139,85.139,6.23412,0.44,0.02,2.27887,3.25184,0,0.42698,6.048,4.27036e+06,3.50682e+06,9.73162e+06,0,0,0,2.14906e+08,62.3362,61.308,5.40085,0,0,2.28584,1.89566,0,1.76585,3.38688,8.87469e+06,4.68734e+06,2.02861e+07,0,0,0,5.83867e+07
85.139,85.139,5.81124,0.36,0.02,2.6027,3.2075,0,0.427061,6.048,4.27036e+06,2.70226e+06,1.11145e+07,0,0,0,2.14906e+08,62.3362,61.308,5.19748,0,0,2.47228,1.86748,0,1.76604,3.38688,8.87469e+06,3.61194e+06,2.19407e+07,0,0,0,5.83867e+07
85.139,85.139,5.68424,0.37,0.02,2.60318,3.20798,0,0.487746,6.048,4.27036e+06,2.70226e+06,1.11165e+07,0,0,0,2.14906e+08,62.3362,61.308,5.72476,0,0,2.47256,1.86776,0,1.91008,3.38688,8.87469e+06,3.61194e+06,2.19432e+07,0,0,0,5.83867e+07
85.139,85.139,6.002,0.36,0.02,2.60366,3.20846,0,0.487836,6.048,4.27036e+06,2.70226e+06,1.11186e+07,0,0,0,2.14906e+08,62.3362,61.308,6.2416,0,0,2.47284,1.86804,0,1.9103,3.38688,8.87469e+06,3.61194e+06,2.19456e+07,0,0,0,5.83867e+07
85.139,85.139,4.7669,0.33,0.02,2.60414,3.20894,0,0.487925,6.048,4.27036e+06,2.70226e+06,1.11206e+07,0,0,0,2.14906e+08,62.3362,61.308,5.62258,0,0,2.47311,1.86831,0,1.91051,3.38688,8.87469e+06,3.61194e+06,2.19481e+07,0,0,0,5.83867e+07
85.139,85.139,4.65209,0.29,0.02,2.75686,3.36166,0,0.488015,6.048,4.27036e+06,2.70226e+06,1.17728e+07,0,0,0,2.14906e+08,62.3362,61.308,4.71751,0,0,2.57442,1.96962,0,1.91073,3.38688,8.87469e+06,3.61194e+06,2.28472e+07,0,0,0,5.83867e+07
85.139,85.139,4.52021,0.27,0.02,2.75737,3.36217,0,0.516636,6.048,4.27036e+06,2.70226e+06,1.1775e+07,0,0,0,2.14906e+08,62.3362,61.308,4.11509,0,0,2.57471,1.96991,0,1.989,3.38688,8.87469e+06,3.61194e+06,2.28498e+07,0,0,0,5.83867e+07
85.139,85.139,4.44618,0.24,0.02,2.75787,3.36267,0,0.51673,6.048,4.27036e+06,2.70226e+06,1.17771e+07,0,0,0,2.14906e+08,62.3362,61.308,4.24397,0,0,2.57501,1.97021,0,1.98922,3.38688,8.87469e+06,3.61194e+06,2.28524e+07,0,0,0,5.83867e+07
85.139,85.139,4.00197,0.25,0.02,2.75837,3.36317,0,0.516824,6.048,4.27036e+06,2.70226e+06,1.17792e+07,0,0,0,2.14906e+08,62.3362,61.308,4.20733,0,0,2.5753,1.9705,0,1.98945,3.38688,8.87469e+06,3.61194e+06,2.2855e+07,0,0,0,5.83867e+07
85.139,85.139,3.91396,0.22,0.02,2.75887,3.36367,0,0.516919,6.048,4.27036e+06,2.70226e+06,1.17814e+07,0,0,0,2.14906e+08,62.3362,61.308,4.36535,0,0,2.5756,1.9708,0,1.98968,3.38688,8.87469e+06,3.61194e+06,2.28576e+07,0,0,0,5.83867e+07
85.139,85.139,3.94148,0.22,0.02,2.72925,3.33405,0,0.517013,6.048,4.27036e+06,2.70226e+06,1.16549e+07,0,0,0,2.14906e+08,62.3362,61.308,4.49497,0,0,2.63146,2.02666,0,1.98991,3.38688,8.87469e+06,3.61194e+06,2.33534e+07,0,0,0,5.83867e+07
85.139,85.139,3.73689,0.22,0.02,2.72974,3.33454,0,0.511461,6.048,4.27036e+06,2.70226e+06,1.1657e+07,0,0,0,2.14906e+08,62.3362,61.308,4.34187,0,0,2.63176,2.02696,0,2.03307,3.38688,8.87469e+06,3.61194e+06,2.33561e+07,0,0,0,5.83867e+07
85.139,85.139,3.50054,0.2,0.02,2.73024,3.33504,0,0.511554,6.048,4.27036e+06,2.70226e+06,1.16591e+07,0,0,0,2.14906e+08,62.3362,61.308,4.07372,0,0,2.63207,2.02727,0,2.0333,3.38688,8.87469e+06,3.61194e+06,2.33588e+07,0,0,0,5.83867e+07
85.139,85.139,3.2836,0.2,0.02,2.73074,3.33554,0,0.511648,6.048,4.27036e+06,2.70226e+06,1.16613e+07,0,0,0,2.14906e+08,62.3362,61.308,3.83478,0,0,2.63237,2.02757,0,2.03353,3.38688,8.87469e+06,3.61194e+06,2.33615e+07,0,0,0,5.83867e+07
84.8444,85.139,2.7535,0.19,0.02,2.8091,3.4139,0,0.511741,6.048,4.27036e+06,2.70226e+06,1.19959e+07,0,0,0,2.14906e+08,62.2664,61.308,2.85842,0,0,2.68222,2.07742,0,2.03377,3.38688,8.87469e+06,3.61194e+06,2.38039e+07,0,0,0,5.83867e+07
84.3078,85.139,2.47236,0.22,0.02,2.80961,3.41441,0,0.526425,6.048,4.27036e+06,2.70226e+06,1.1998e+07,0,0,0,2.14906e+08,62.0446,61.308,2.7185,0,0,2.68253,2.07773,0,2.07229,3.38688,8.87469e+06,3.61194e+06,2.38067e+07,0,0,0,5.83867e+07
83.6247,85.139,2.3142,0.21,0.02,2.81012,3.41492,0,0.52652,6.048,4.27036e+06,2.70226e+06,1.20002e+07,0,0,0,2.14906e+08,61.7657,61.308,2.49326,0,0,2.68285,2.07805,0,2.07253,3.38688,8.87469e+06,3.61194e+06,2.38094e+07,0,0,0,5.83867e+07
82.9163,85.139,2.27275,0.21,0.02,2.81063,3.41543,0,0.526616,6.048,4.27036e+06,2.70226e+06,1.20024e+07,0,0,0,2.14906e+08,61.5457,61.308,2.67163,0,0,2.68316,2.07836,0,2.07277,3.38688,8.87469e+06,3.61194e+06,2.38122e+07,0,0,0,5.83867e+07
82.319,85.139,2.55423,0.21,0.02,3.03927,3.64407,0,0.526712,6.048,4.27036e+06,2.70226e+06,1.29788e+07,0,0,0,2.14906e+08,61.366,61.308,2.79375,0,0,2.86243,2.25763,0,2.07301,3.38688,8.87469e+06,3.61194e+06,2.54032e+07,0,0,0,5.83867e+07
81.9154,85.139,2.8055,0.21,0.02,3.1084,3.64462,0,0.56956,6.048,4.27036e+06,2.70226e+06,1.3274e+07,0,0,0,2.14906e+08,61.2295,61.308,2.97022,0,0,2.79419,2.25797,0,2.21151,3.38688,8.87469e+06,3.61194e+06,2.47975e+07,0,0,0,5.83867e+07
81.048,85.139,2.38007,0.21,0.02,3.10928,3.64516,0,0.582515,6.048,4.27036e+06,2.70226e+06,1.32778e+07,0,0,0,2.14906e+08,60.9846,61.308,2.61339,0,0,2.79419,2.25831,0,2.15879,3.38688,8.87469e+06,3.61194e+06,2.47975e+07,0,0,0,5.83867e+07
80.4162,85.139,2.58139,0.21,0.02,3.11017,3.64571,0,0.58268,6.048,4.27036e+06,2.70226e+06,1.32815e+07,0,0,0,2.14906e+08,61.0128,61.308,3.4683,0,0,2.79419,2.25864,0,2.15879,3.38688,8.87469e+06,3.61194e+06,2.47975e+07,0,0,0,5.83867e+07
79.5253,85.139,2.31869,0.21,0.02,3.11105,3.64625,0,0.582845,6.048,4.27036e+06,2.70226e+06,1.32853e+07,0,0,0,2.14906e+08,60.8063,61.308,3.04071,0,0,2.79419,2.25898,0,2.15879,3.38688,8.87469e+06,3.61194e+06,2.47975e+07,0,0,0,5.83867e+07
78.2191,85.139,1.82497,0.21,0.02,3.00066,3.53553,0,0.583011,6.048,4.27036e+06,2.70226e+06,1.28139e+07,0,0,0,2.14906e+08,60.3729,61.308,2.7094,0,0,2.68548,2.15061,0,2.15879,3.38688,8.87469e+06,3.61194e+06,2.38328e+07,0,0,0,5.83867e+07
76.6378,85.139,1.49933,0.22,0.02,2.93126,3.53606,0,0.562324,6.048,4.27036e+06,2.70226e+06,1.25175e+07,0,0,0,2.14906e+08,60.0175,61.308,2.71046,0,0,2.75573,2.15093,0,2.0748,3.38688,8.87469e+06,3.61194e+06,2.44563e+07,0,0,0,5.83867e+07
75.3222,85.139,1.77524,0.23,0.02,2.93179,3.53659,0,0.549318,6.048,4.27036e+06,2.70226e+06,1.25198e+07,0,0,0,2.14906e+08,60.0417,61.308,4.22427,0,0,2.75606,2.15126,0,2.12908,3.38688,8.87469e+06,3.61194e+06,2.44591e+07,0,0,0,5.83867e+07
73.9715,85.139,1.72732,0.23,0.02,2.93232,3.53712,0,0.549417,6.048,4.27036e+06,2.70226e+06,1.25221e+07,0,0,0,2.14906e+08,59.9347,61.308,3.94067,0,0,2.75638,2.15158,0,2.12933,3.38688,8.87469e+06,3.61194e+06,2.4462e+07,0,0,0,5.83867e+07
72.7122,85.139,1.71312,0.24,0.02,2.84146,3.44626,0,0.549516,6.048,4.27036e+06,2.70226e+06,1.21341e+07,0,0,0,2.14906e+08,59.692,61.308,2.55753,0,0,2.65769,2.05289,0,2.12958,3.38688,8.87469e+06,3.61194e+06,2.35862e+07,0,0,0,5.83867e+07
71.7282,85.139,2.09051,0.26,0.02,2.84197,3.44677,0,0.532489,6.048,4.27036e+06,2.70226e+06,1.21363e+07,0,0,0,2.14906e+08,59.2824,61.308,1.84225,0,0,2.658,2.0532,0,2.05333,3.38688,8.87469e+06,3.61194e+06,2.35889e+07,0,0,0,5.83867e+07
70.4536,85.139,1.77337,0.28,0.02,2.84249,3.44729,0,0.532586,6.048,4.27036e+06,2.70226e+06,1.21385e+07,0,0,0,2.14906e+08,58.9341,61.308,2.20701,0,0,2.6583,2.0535,0,2.05357,3.38688,8.87469e+06,3.61194e+06,2.35916e+07,0,0,0,5.83867e+07
72.7177,85.139,5.49219,0.3,0.02,2.843,3.4478,0,0.532682,6.048,4.27036e+06,2.70226e+06,1.21407e+07,0,0,0,2.14906e+08,59.8127,61.308,7.05939,0,0,2.65861,2.05381,0,2.05381,3.38688,8.87469e+06,3.61194e+06,2.35943e+07,0,0,0,5.83867e+07
74.6563,85.139,4.92625,0.3,0.02,2.58382,3.18862,0,0.532779,6.048,4.27036e+06,2.70226e+06,1.10339e+07,0,0,0,2.14906e+08,60.713,61.308,4.64467,0,0,2.45259,1.84779,0,2.05404,3.38688,8.87469e+06,3.61194e+06,2.1766e+07,0,0,0,5.83867e+07
75.9477,85.139,4.25765,0.28,0.02,2.5843,3.1891,0,0.484208,6.048,4.27036e+06,2.70226e+06,1.10359e+07,0,0,0,2.14906e+08,61.8205,61.308,5.34317,0,0,2.45286,1.84806,0,1.89487,3.38688,8.87469e+06,3.61194e+06,2.17684e+07,0,0,0,5.83867e+07
76.911,85.139,3.98544,0.3,0.02,2.58477,3.18957,0,0.484297,6.048,4.27036e+06,2.70226e+06,1.10379e+07,0,0,0,2.14906e+08,62.3362,61.308,4.60236,0,0,2.45314,1.84834,0,1.89508,3.38688,8.87469e+06,3.61194e+06,2.17708e+07,0,0,0,5.83867e+07
79.7544,85.139,5.85774,0.31,0.02,2.58525,3.19005,0,0.484386,6.048,4.27036e+06,2.70226e+06,1.104e+07,0,0,0,2.14906e+08,62.3362,61.308,7.10307,0,0,2.45342,1.84862,0,1.8953,3.38688,8.87469e+06,3.61194e+06,2.17733e+07,0,0,0,5.83867e+07
83.1565,85.139,6.60329,0.3,0.02,2.58573,3.19053,0,0.484476,6.048,4.27036e+06,2.70226e+06,1.1042e+07,0,0,0,2.14906e+08,62.3362,61.308,6.85677,0,0,2.45369,1.84889,0,1.89551,3.38688,8.87469e+06,3.61194e+06,2.17758e+07,0,0,0,5.83867e+07
85.139,85.139,6.91967,0.31,0.02,2.68615,3.29095,0,0.484565,6.048,4.27036e+06,2.70226e+06,1.14708e+07,0,0,0,2.14906e+08,62.3362,61.308,8.09317,0,0,2.51375,1.90895,0,1.89572,3.38688,8.87469e+06,3.61194e+06,2.23087e+07,0,0,0,5.83867e+07
85.139,85.139,4.80127,0.28,0.02,2.68661,3.29141,0,0.503384,6.048,4.27036e+06,2.70226e+06,1.14728e+07,0,0,0,2.14906e+08,62.3362,61.308,4.65262,0,0,2.51401,1.90921,0,1.94212,3.38688,8.87469e+06,3.61194e+06,2.23111e+07,0,0,0,5.83867e+07
85.139,85.139,9.01083,0.28,0.02,2.68707,3.29187,0,0.50347,6.048,4.27036e+06,2.70226e+06,1.14748e+07,0,0,0,2.14906e+08,62.3362,61.308,10.0573,0,0,2.51428,1.90948,0,1.94233,3.38688,8.87469e+06,3.61194e+06,2.23135e+07,0,0,0,5.83867e+07
85.139,85.139,5.76713,0.29,0.02,2.68753,3.29233,0,0.503556,6.048,4.27036e+06,2.70226e+06,1.14767e+07,0,0,0,2.14906e+08,62.3362,61.308,6.35257,0,0,2.51455,1.90975,0,1.94253,3.38688,8.87469e+06,3.61194e+06,2.23158e+07,0,0,0,5.83867e+07
85.139,85.139,5.70186,0.29,0.02,3.00916,3.61396,0,0.503643,6.048,4.27036e+06,2.70226e+06,1.28502e+07,0,0,0,2.14906e+08,62.3362,61.308,7.75838,0,0,2.73939,2.13459,0,1.94274,3.38688,8.87469e+06,3.61194e+06,2.43112e+07,0,0,0,5.83867e+07
85.139,85.139,7.34686,0.3,0.02,3.00966,3.61446,0,0.563916,6.048,4.27036e+06,2.70226e+06,1.28524e+07,0,0,0,2.14906e+08,62.3362,61.308,9.87939,0,0,2.73969,2.13489,0,2.11645,3.38688,8.87469e+06,3.61194e+06,2.43139e+07,0,0,0,5.83867e+07
85.139,85.139,5.93899,0.3,0.02,3.01017,3.61497,0,0.564011,6.048,4.27036e+06,2.70226e+06,1.28545e+07,0,0,0,2.14906e+08,62.3362,61.308,7.78248,0,0,2.73999,2.13519,0,2.11668,3.38688,8.87469e+06,3.61194e+06,2.43165e+07,0,0,0,5.83867e+07
85.139,85.139,6.01226,0.3,0.02,3.01067,3.61547,0,0.564105,6.048,4.27036e+06,2.70226e+06,1.28567e+07,0,0,0,2.14906e+08,62.3362,61.308,7.66576,0,0,2.74029,2.13549,0,2.11691,3.38688,8.87469e+06,3.61194e+06,2.43192e+07,0,0,0,5.83867e+07
85.139,85.139,4.91653,0.3,0.02,2.55283,3.15763,0,0.5642,6.048,4.27036e+06,2.70226e+06,1.09015e+07,0,0,0,2.14906e+08,62.3362,61.308,4.81151,0,0,2.43903,1.83423,0,2.11714,3.38688,8.87469e+06,3.61194e+06,2.16456e+07,0,0,0,5.83867e+07
85.139,85.139,4.43353,0.31,0.02,2.55327,3.15807,0,0.4784,6.048,4.27036e+06,2.70226e+06,1.09034e+07,0,0,0,2.14906e+08,62.3362,61.308,3.76205,0,0,2.43929,1.83449,0,1.88439,3.38688,8.87469e+06,3.61194e+06,2.16479e+07,0,0,0,5.83867e+07
85.139,85.139,3.89653,0.32,0.02,2.55371,3.15851,0,0.478482,6.048,4.27036e+06,2.70226e+06,1.09053e+07,0,0,0,2.14906e+08,62.3362,61.308,3.9259,0,0,2.43954,1.83474,0,1.88459,3.38688,8.87469e+06,3.61194e+06,2.16502e+07,0,0,0,5.83867e+07
85.139,85.139,7.18008,0.35,0.02,2.55415,3.15895,0,0.478565,6.048,4.27036e+06,2.70226e+06,1.09071e+07,0,0,0,2.14906e+08,62.3362,61.308,6.44405,0,0,2.4398,1.835,0,1.88479,3.38688,8.87469e+06,3.61194e+06,2.16524e+07,0,0,0,5.83867e+07
85.139,85.139,6.37965,0.39,0.02,2.48305,3.15939,0,0.478648,6.048,4.27036e+06,2.92235e+06,1.06035e+07,0,0,0,2.14906e+08,62.2958,61.308,5.61077,0,0,2.3985,1.83525,0,1.88499,3.38688,8.87469e+06,3.90612e+06,2.12859e+07,0,0,0,5.83867e+07
85.139,85.139,4.18386,0.41,0.02,2.29967,3.27528,0,0.465324,6.048,4.27036e+06,3.50682e+06,9.82041e+06,0,0,0,2.14906e+08,62.3362,61.308,3.21956,0,0,2.29796,1.90933,0,1.85308,3.38688,8.87469e+06,4.68734e+06,2.03937e+07,0,0,0,5.83867e+07
85.139,85.139,5.23334,0.43,0.02,2.30007,3.27574,0,0.430957,6.048,4.27036e+06,3.50682e+06,9.82214e+06,0,0,0,2.14906e+08,62.3362,61.308,4.53156,0,0,2.2982,1.9096,0,1.77541,3.38688,8.87469e+06,4.68734e+06,2.03958e+07,0,0,0,5.83867e+07
85.139,85.139,6.3123,0.44,0.02,2.30048,3.2762,0,0.431033,6.048,4.27036e+06,3.50682e+06,9.82387e+06,0,0,0,2.14906e+08,62.3362,61.308,5.75343,0,0,2.29844,1.90987,0,1.77559,3.38688,8.87469e+06,4.68734e+06,2.03979e+07,0,0,0,5.83867e+07
85.139,85.139,4.42045,0.44,0.02,2.30088,3.27665,0,0.431109,6.048,4.27036e+06,3.50682e+06,9.8256e+06,0,0,0,2.14906e+08,62.3362,61.308,4.00615,0,0,2.29867,1.91013,0,1.77577,3.38688,8.87469e+06,4.68734e+06,2.04e+07,0,0,0,5.83867e+07
85.139,85.139,3.50937,0.42,0.02,2.26123,3.23195,0,0.431185,6.048,4.27036e+06,3.50682e+06,9.65629e+06,0,0,0,2.14906e+08,62.3362,61.308,3.7106,0,0,2.27347,1.88171,0,1.77595,3.38688,8.87469e+06,4.68734e+06,2.01763e+07,0,0,0,5.83867e+07
85.139,85.139,3.39672,0.37,0.02,2.6276,3.2324,0,0.423755,6.048,4.27036e+06,2.70226e+06,1.12208e+07,0,0,0,2.14906e+08,62.3362,61.308,3.57303,0,0,2.48677,1.88197,0,1.75648,3.38688,8.87469e+06,3.61194e+06,2.20693e+07,0,0,0,5.83867e+07
85.139,85.139,3.02991,0.37,0.02,2.62805,3.23285,0,0.492412,6.048,4.27036e+06,2.70226e+06,1.12227e+07,0,0,0,2.14906e+08,62.3362,61.308,3.57113,0,0,2.48704,1.88224,0,1.92128,3.38688,8.87469e+06,3.61194e+06,2.20717e+07,0,0,0,5.83867e+07
85.0469,85.139,2.85452,0.35,0.02,2.6285,3.2333,0,0.492496,6.048,4.27036e+06,2.70226e+06,1.12246e+07,0,0,0,2.14906e+08,62.3362,61.308,3.21781,0,0,2.4873,1.8825,0,1.92148,3.38688,8.87469e+06,3.61194e+06,2.2074e+07,0,0,0,5.83867e+07
85.0573,85.139,2.7615,0.48,0.02,2.39887,3.38715,0,0.49258,6.048,4.27036e+06,3.50682e+06,1.0244e+07,0,0,0,2.14906e+08,62.3362,61.308,3.13933,0,0,2.36467,1.98455,0,1.92169,3.38688,8.87469e+06,4.68734e+06,2.09857e+07,0,0,0,5.83867e+07
85.0302,85.139,2.71916,0.43,0.02,2.39928,3.38762,0,0.449547,6.048,4.27036e+06,3.50682e+06,1.02458e+07,0,0,0,2.14906e+08,62.3362,61.308,3.10503,0,0,2.36491,1.98483,0,1.82694,3.38688,8.87469e+06,4.68734e+06,2.09879e+07,0,0,0,5.83867e+07
84.6095,85.139,2.64047,0.38,0.02,2.78329,3.38809,0,0.449626,6.048,4.27036e+06,2.70226e+06,1.18857e+07,0,0,0,2.14906e+08,62.3362,61.308,3.24804,0,0,2.58991,1.98511,0,1.82713,3.38688,8.87469e+06,3.61194e+06,2.29846e+07,0,0,0,5.83867e+07
83.9478,85.139,2.40477,0.37,0.02,2.78377,3.38857,0,0.521589,6.048,4.27036e+06,2.70226e+06,1.18877e+07,0,0,0,2.14906e+08,62.3362,61.308,3.1022,0,0,2.59018,1.98538,0,2.00096,3.38688,8.87469e+06,3.61194e+06,2.29871e+07,0,0,0,5.83867e+07
83.2656,85.139,2.33641,0.28,0.02,2.78424,3.38904,0,0.521678,6.048,4.27036e+06,2.70226e+06,1.18897e+07,0,0,0,2.14906e+08,62.1577,61.308,3.03415,0,0,2.59046,1.98566,0,2.00117,3.38688,8.87469e+06,3.61194e+06,2.29895e+07,0,0,0,5.83867e+07
82.87,85.139,2.54879,0.27,0.02,2.75435,3.35915,0,0.521766,6.048,4.27036e+06,2.70226e+06,1.17621e+07,0,0,0,2.14906e+08,62.1055,61.308,2.1842,0,0,2.64672,2.04192,0,2.00139,3.38688,8.87469e+06,3.61194e+06,2.34888e+07,0,0,0,5.83867e+07
82.295,85.139,2.36645,0.25,0.02,2.75482,3.35962,0,0.516166,6.048,4.27036e+06,2.70226e+06,1.17641e+07,0,0,0,2.14906e+08,61.9081,61.308,2.13041,0,0,2.64701,2.04221,0,2.04486,3.38688,8.87469e+06,3.61194e+06,2.34914e+07,0,0,0,5.83867e+07
81.5183,85.139,2.15749,0.24,0.02,2.75529,3.36009,0,0.516253,6.048,4.27036e+06,2.70226e+06,1.17661e+07,0,0,0,2.14906e+08,61.6136,61.308,1.96415,0,0,2.64729,2.04249,0,2.04508,3.38688,8.87469e+06,3.61194e+06,2.34939e+07,0,0,0,5.83867e+07
80.5853,85.139,1.97072,0.24,0.02,2.75576,3.36056,0,0.516341,6.048,4.27036e+06,2.70226e+06,1.17681e+07,0,0,0,2.14906e+08,61.318,61.308,1.87675,0,0,2.64758,2.04278,0,2.0453,3.38688,8.87469e+06,3.61194e+06,2.34964e+07,0,0,0,5.83867e+07
79.8129,85.139,2.16967,0.22,0.02,2.83467,3.43947,0,0.516429,6.048,4.27036e+06,2.70226e+06,1.21051e+07,0,0,0,2.14906e+08,61.0163,61.308,1.94276,0,0,2.69778,2.09298,0,2.04552,3.38688,8.87469e+06,3.61194e+06,2.3942e+07,0,0,0,5.83867e+07
79.102,85.139,2.22339,0.22,0.02,2.83515,3.43995,0,0.531216,6.048,4.27036e+06,2.70226e+06,1.21071e+07,0,0,0,2.14906e+08,60.6795,61.308,1.9867,0,0,2.69808,2.09328,0,2.08431,3.38688,8.87469e+06,3.61194e+06,2.39446e+07,0,0,0,5.83867e+07
78.1544,85.139,1.97576,0.23,0.02,2.83563,3.44043,0,0.531306,6.048,4.27036e+06,2.70226e+06,1.21092e+07,0,0,0,2.14906e+08,60.2232,61.308,1.85682,0,0,2.69837,2.09357,0,2.08453,3.38688,8.87469e+06,3.61194e+06,2.39472e+07,0,0,0,5.83867e+07
77.042,85.139,1.79848,0.23,0.02,2.8361,3.4409,0,0.531396,6.048,4.27036e+06,2.70226e+06,1.21112e+07,0,0,0,2.14906e+08,59.6566,61.308,1.76863,0,0,2.69866,2.09386,0,2.08476,3.38688,8.87469e+06,3.61194e+06,2.39498e+07,0,0,0,5.83867e+07
75.7009,85.139,1.73999,0.22,0.02,3.06642,3.67122,0,0.531486,6.048,4.27036e+06,2.70226e+06,1.30947e+07,0,0,0,2.14906e+08,58.8696,61.308,1.70366,0,0,2.87925,2.27445,0,2.08498,3.38688,8.87469e+06,3.61194e+06,2.55524e+07,0,0,0,5.83867e+07
74.5722,85.139,2.03649,0.22,0.02,3.15233,3.67173,0,0.574647,6.048,4.27036e+06,2.70226e+06,1.34616e+07,0,0,0,2.14906e+08,58.4642,61.308,1.5206,0,0,2.79417,2.27477,0,2.22451,3.38688,8.87469e+06,3.61194e+06,2.47973e+07,0,0,0,5.83867e+07
73.3356,85.139,1.91622,0.22,0.02,3.15316,3.67224,0,0.590747,6.048,4.27036e+06,2.70226e+06,1.34651e+07,0,0,0,2.14906e+08,58.119,61.308,1.8342,0,0,2.79417,2.27508,0,2.15877,3.38688,8.87469e+06,3.61194e+06,2.47973e+07,0,0,0,5.83867e+07
72.0056,85.139,1.81543,0.24,0.02,3.15399,3.67276,0,0.590902,6.048,4.27036e+06,2.70226e+06,1.34687e+07,0,0,0,2.14906e+08,57.729,61.308,1.85395,0,0,2.79417,2.2754,0,2.15877,3.38688,8.87469e+06,3.61194e+06,2.47973e+07,0,0,0,5.83867e+07
70.6499,85.139,1.77316,0.24,0.02,3.15482,3.67327,0,0.591058,6.048,4.27036e+06,2.70226e+06,1.34722e+07,0,0,0,2.14906e+08,57.0965,61.308,1.84618,0,0,2.79417,2.27572,0,2.15877,3.38688,8.87469e+06,3.61194e+06,2.47973e+07,0,0,0,5.83867e+07
69.824,85.139,2.15113,0.24,0.02,3.04356,3.56169,0,0.591213,6.048,4.27036e+06,2.70226e+06,1.29971e+07,0,0,0,2.14906e+08,56.2805,61.308,1.42665,0,0,2.68466,2.16652,0,2.15877,3.38688,8.87469e+06,3.61194e+06,2.38255e+07,0,0,0,5.83867e+07
68.8336,85.139,2.01748,0.26,0.02,2.95738,3.56218,0,0.570363,6.048,4.27036e+06,2.70226e+06,1.26291e+07,0,0,0,2.14906e+08,55.812,61.308,1.55527,0,0,2.77163,2.16683,0,2.07416,3.38688,8.87469e+06,3.61194e+06,2.45973e+07,0,0,0,5.83867e+07
68.1431,85.139,2.32758,0.27,0.02,2.95788,3.56268,0,0.554214,6.048,4.27036e+06,2.70226e+06,1.26312e+07,0,0,0,2.14906e+08,55.559,61.308,1.95315,0,0,2.77193,2.16713,0,2.14136,3.38688,8.87469e+06,3.61194e+06,2.46e+07,0,0,0,5.83867e+07
67.3916,85.139,2.30393,0.26,0.02,2.95838,3.56318,0,0.554307,6.048,4.27036e+06,2.70226e+06,1.26333e+07,0,0,0,2.14906e+08,55.322,61.308,1.9429,0,0,2.77223,2.16743,0,2.14159,3.38688,8.87469e+06,3.61194e+06,2.46027e+07,0,0,0,5.83867e+07
66.3757,85.139,1.90997,0.31,0.02,2.86682,3.47162,0,0.5544,6.048,4.27036e+06,2.70226e+06,1.22423e+07,0,0,0,2.14906e+08,54.7727,61.308,1.785,0,0,2.67279,2.06799,0,2.14182,3.38688,8.87469e+06,3.61194e+06,2.37202e+07,0,0,0,5.83867e+07
65.1578,85.139,1.7446,0.33,0.02,2.8673,3.4721,0,0.537241,6.048,4.27036e+06,2.70226e+06,1.22444e+07,0,0,0,2.14906e+08,53.8966,61.308,1.21874,0,0,2.67308,2.06828,0,2.065,3.38688,8.87469e+06,3.61194e+06,2.37228e+07,0,0,0,5.83867e+07
63.667,85.139,1.43997,0.33,0.02,2.86778,3.47258,0,0.537332,6.048,4.27036e+06,2.70226e+06,1.22465e+07,0,0,0,2.14906e+08,53.4194,61.308,1.22843,0,0,2.67337,2.06857,0,2.06522,3.38688,8.87469e+06,3.61194e+06,2.37253e+07,0,0,0,5.83867e+07
64.2922,85.139,3.68091,0.33,0.02,2.86827,3.47307,0,0.537422,6.048,4.27036e+06,2.70226e+06,1.22485e+07,0,0,0,2.14906e+08,53.7448,61.308,3.79574,0,0,2.67366,2.06886,0,2.06545,3.38688,8.87469e+06,3.61194e+06,2.37279e+07,0,0,0,5.83867e+07
65.6041,85.139,4.21687,0.33,0.02,2.60715,3.21195,0,0.537513,6.048,4.27036e+06,2.70226e+06,1.11335e+07,0,0,0,2.14906e+08,54.4332,61.308,3.39051,0,0,2.46611,1.86131,0,2.06567,3.38688,8.87469e+06,3.61194e+06,2.18859e+07,0,0,0,5.83867e+07
66.185,85.139,3.5584,0.33,0.02,2.6076,3.2124,0,0.48858,6.048,4.27036e+06,2.70226e+06,1.11354e+07,0,0,0,2.14906e+08,55.1202,61.308,3.57693,0,0,2.46637,1.86157,0,1.90532,3.38688,8.87469e+06,3.61194e+06,2.18882e+07,0,0,0,5.83867e+07
72.1251,85.139,8.93506,0.35,0.02,2.60805,3.21285,0,0.488664,6.048,4.27036e+06,2.70226e+06,1.11373e+07,0,0,0,2.14906e+08,56.2276,61.308,4.41546,0,0,2.46663,1.86183,0,1.90552,3.38688,8.87469e+06,3.61194e+06,2.18905e+07,0,0,0,5.83867e+07
75.4374,85.139,6.6406,0.34,0.02,2.60849,3.21329,0,0.488748,6.048,4.27036e+06,2.70226e+06,1.11392e+07,0,0,0,2.14906e+08,56.8197,61.308,3.38913,0,0,2.46689,1.86209,0,1.90572,3.38688,8.87469e+06,3.61194e+06,2.18928e+07,0,0,0,5.83867e+07
77.334,85.139,5.01874,0.32,0.02,2.60894,3.21374,0,0.488832,6.048,4.27036e+06,2.70226e+06,1.11411e+07,0,0,0,2.14906e+08,57.5309,61.308,3.65367,0,0,2.46715,1.86235,0,1.90592,3.38688,8.87469e+06,3.61194e+06,2.18951e+07,0,0,0,5.83867e+07
79.3465,85.139,5.17039,0.35,0.02,2.71006,3.31486,0,0.488916,6.048,4.27036e+06,2.70226e+06,1.1573e+07,0,0,0,2.14906e+08,58.4738,61.308,5.05023,0,0,2.52762,1.92282,0,1.90612,3.38688,8.87469e+06,3.61194e+06,2.24318e+07,0,0,0,5.83867e+07
79.895,85.139,3.63023,0.35,0.02,2.71049,3.31529,0,0.507866,6.048,4.27036e+06,2.70226e+06,1.15748e+07,0,0,0,2.14906e+08,58.2652,61.308,2.7566,0,0,2.52787,1.92307,0,1.95284,3.38688,8.87469e+06,3.61194e+06,2.24341e+07,0,0,0,5.83867e+07
79.2788,85.139,2.43041,0.33,0.02,2.71093,3.31573,0,0.507947,6.048,4.27036e+06,2.70226e+06,1.15766e+07,0,0,0,2.14906e+08,57.9167,61.308,2.18993,0,0,2.52812,1.92332,0,1.95303,3.38688,8.87469e+06,3.61194e+06,2.24363e+07,0,0,0,5.83867e+07
78.4462,85.139,2.27823,0.38,0.02,2.71136,3.31616,0,0.508027,6.048,4.27036e+06,2.70226e+06,1.15785e+07,0,0,0,2.14906e+08,57.8129,61.308,2.6343,0,0,2.52837,1.92357,0,1.95323,3.38688,8.87469e+06,3.61194e+06,2.24385e+07,0,0,0,5.83867e+07
79.8732,85.139,4.99703,0.38,0.02,3.03528,3.64008,0,0.508108,6.048,4.27036e+06,2.70226e+06,1.29617e+07,0,0,0,2.14906e+08,58.4367,61.308,5.2563,0,0,2.75482,2.15002,0,1.95342,3.38688,8.87469e+06,3.61194e+06,2.44482e+07,0,0,0,5.83867e+07
80.6818,85.139,4.30923,0.35,0.02,3.03575,3.64055,0,0.568811,6.048,4.27036e+06,2.70226e+06,1.29638e+07,0,0,0,2.14906e+08,58.7169,61.308,4.29974,0,0,2.7551,2.1503,0,2.12837,3.38688,8.87469e+06,3.61194e+06,2.44506e+07,0,0,0,5.83867e+07
80.4175,85.139,3.16639,0.35,0.02,3.03622,3.64102,0,0.5689,6.048,4.27036e+06,2.70226e+06,1.29658e+07,0,0,0,2.14906e+08,58.483,61.308,2.64995,0,0,2.75538,2.15058,0,2.12859,3.38688,8.87469e+06,3.61194e+06,2.44531e+07,0,0,0,5.83867e+07
80.1117,85.139,3.17294,0.36,0.02,3.0367,3.6415,0,0.568988,6.048,4.27036e+06,2.70226e+06,1.29678e+07,0,0,0,2.14906e+08,58.3541,61.308,3.34502,0,0,2.75566,2.15086,0,2.12881,3.38688,8.87469e+06,3.61194e+06,2.44556e+07,0,0,0,5.83867e+07
79.835,85.139,2.77101,0.37,0.02,2.57553,3.18033,0,0.569077,6.048,4.27036e+06,2.70226e+06,1.09984e+07,0,0,0,2.14906e+08,58.7967,61.308,3.57505,0,0,2.45222,1.84742,0,2.12902,3.38688,8.87469e+06,3.61194e+06,2.17626e+07,0,0,0,5.83867e+07
81.0534,85.139,4.07076,0.41,0.02,2.21582,3.18074,0,0.482654,6.048,4.27036e+06,3.50682e+06,9.46238e+06,0,0,0,2.14906e+08,59.8935,61.308,4.85194,0,0,2.24327,1.84766,0,1.89458,3.38688,8.87469e+06,4.68734e+06,1.99083e+07,0,0,0,5.83867e+07
83.3136,85.139,5.14498,0.43,0.02,2.21619,3.18115,0,0.415246,6.048,4.27036e+06,3.50682e+06,9.46394e+06,0,0,0,2.14906e+08,60.7813,61.308,4.77396,0,0,2.24348,1.84789,0,1.73315,3.38688,8.87469e+06,4.68734e+06,1.99102e+07,0,0,0,5.83867e+07
84.4327,85.139,3.95082,0.47,0.02,2.21656,3.18156,0,0.415314,6.048,4.27036e+06,3.50682e+06,9.46551e+06,0,0,0,2.14906e+08,61.7275,61.308,4.80501,0,0,2.24369,1.84813,0,1.73331,3.38688,8.87469e+06,4.68734e+06,1.99121e+07,0,0,0,5.83867e+07
85.139,85.139,4.41372,0.52,0.02,2.21692,3.18198,0,0.415383,6.048,4.27036e+06,3.50682e+06,9.46707e+06,0,0,0,2.14906e+08,62.3362,61.308,4.833,0,0,2.24391,1.84837,0,1.73348,3.38688,8.87469e+06,4.68734e+06,1.9914e+07,0,0,0,5.83867e+07
85.139,85.139,7.50392,0.41,0.02,2.3204,3.29867,0,0.415451,6.048,4.27036e+06,3.50682e+06,9.90897e+06,0,0,0,2.14906e+08,62.3362,61.308,5.7693,0,0,2.31005,1.92296,0,1.73364,3.38688,8.87469e+06,4.68734e+06,2.0501e+07,0,0,0,5.83867e+07
85.139,85.139,6.44625,0.43,0.02,2.32078,3.2991,0,0.434843,6.048,4.27036e+06,3.50682e+06,9.91059e+06,0,0,0,2.14906e+08,62.3362,61.308,6.0974,0,0,2.31027,1.92321,0,1.78475,3.38688,8.87469e+06,4.68734e+06,2.0503e+07,0,0,0,5.83867e+07
85.139,85.139,5.7358,0.44,0.02,2.32116,3.29952,0,0.434915,6.048,4.27036e+06,3.50682e+06,9.91221e+06,0,0,0,2.14906e+08,62.3362,61.308,4.68837,0,0,2.31049,1.92346,0,1.78492,3.38688,8.87469e+06,4.68734e+06,2.05049e+07,0,0,0,5.83867e+07
85.139,85.139,4.89404,0.44,0.02,2.32154,3.29995,0,0.434986,6.048,4.27036e+06,3.50682e+06,9.91383e+06,0,0,0,2.14906e+08,62.3362,61.308,3.85918,0,0,2.31072,1.92371,0,1.78509,3.38688,8.87469e+06,4.68734e+06,2.05069e+07,0,0,0,5.83867e+07
85.139,85.139,4.16237,0.42,0.02,2.28158,3.25489,0,0.435057,6.048,4.27036e+06,3.50682e+06,9.7432e+06,0,0,0,2.14906e+08,62.3362,61.308,4.4588,0,0,2.28532,1.89507,0,1.78526,3.38688,8.87469e+06,4.68734e+06,2.02815e+07,0,0,0,5.83867e+07
85.139,85.139,3.12897,0.37,0.02,2.65052,3.25532,0,0.427569,6.048,4.27036e+06,2.70226e+06,1.13187e+07,0,0,0,2.14906e+08,62.3362,61.308,3.34051,0,0,2.50012,1.89532,0,1.76564,3.38688,8.87469e+06,3.61194e+06,2.21878e+07,0,0,0,5.83867e+07
84.9833,85.139,2.8353,0.37,0.02,2.65094,3.25574,0,0.496707,6.048,4.27036e+06,2.70226e+06,1.13205e+07,0,0,0,2.14906e+08,62.3066,61.308,2.98379,0,0,2.50036,1.89556,0,1.93159,3.38688,8.87469e+06,3.61194e+06,2.21899e+07,0,0,0,5.83867e+07
85.092,85.139,2.75213,0.5,0.02,2.28271,3.25616,0,0.496786,6.048,4.27036e+06,3.50682e+06,9.748e+06,0,0,0,2.14906e+08,62.3307,61.308,3.2063,0,0,2.28597,1.89581,0,1.93178,3.38688,8.87469e+06,4.68734e+06,2.02873e+07,0,0,0,5.83867e+07
84.9033,85.139,2.56668,0.49,0.02,2.42007,3.41107,0,0.427779,6.048,4.27036e+06,3.50682e+06,1.03346e+07,0,0,0,2.14906e+08,62.2923,61.308,3.0245,0,0,2.37709,1.99857,0,1.76614,3.38688,8.87469e+06,4.68734e+06,2.1096e+07,0,0,0,5.83867e+07
84.5408,85.139,2.3838,0.44,0.02,2.42047,3.41151,0,0.453522,6.048,4.27036e+06,3.50682e+06,1.03363e+07,0,0,0,2.14906e+08,62.0711,61.308,2.96908,0,0,2.37732,1.99882,0,1.83654,3.38688,8.87469e+06,4.68734e+06,2.1098e+07,0,0,0,5.83867e+07
83.7273,85.139,2.13558,0.39,0.02,2.72989,3.41195,0,0.453596,6.048,4.27036e+06,2.92235e+06,1.16576e+07,0,0,0,2.14906e+08,61.8303,61.308,2.96145,0,0,2.55862,1.99908,0,1.83672,3.38688,8.87469e+06,3.90612e+06,2.27069e+07,0,0,0,5.83867e+07
82.8277,85.139,2.1061,0.37,0.02,2.80759,3.41239,0,0.511582,6.048,4.27036e+06,2.70226e+06,1.19894e+07,0,0,0,2.14906e+08,61.643,61.308,2.96543,0,0,2.60414,1.99934,0,1.97679,3.38688,8.87469e+06,3.61194e+06,2.3111e+07,0,0,0,5.83867e+07
81.8055,85.139,1.96975,0.28,0.02,2.80804,3.41284,0,0.526143,6.048,4.27036e+06,2.70226e+06,1.19913e+07,0,0,0,2.14906e+08,61.4041,61.308,2.81895,0,0,2.6044,1.9996,0,2.01196,3.38688,8.87469e+06,3.61194e+06,2.31133e+07,0,0,0,5.83867e+07
81.1505,85.139,2.28927,0.27,0.02,2.77791,3.38271,0,0.526226,6.048,4.27036e+06,2.70226e+06,1.18627e+07,0,0,0,2.14906e+08,61.1465,61.308,3.54258,0,0,2.66104,2.05624,0,2.01216,3.38688,8.87469e+06,3.61194e+06,2.36159e+07,0,0,0,5.83867e+07
80.466,85.139,2.24826,0.25,0.02,2.77835,3.38315,0,0.52058,6.048,4.27036e+06,2.70226e+06,1.18646e+07,0,0,0,2.14906e+08,60.8617,61.308,3.56502,0,0,2.66131,2.05651,0,2.05592,3.38688,8.87469e+06,3.61194e+06,2.36183e+07,0,0,0,5.83867e+07
79.701,85.139,2.13901,0.25,0.02,2.77879,3.38359,0,0.520662,6.048,4.27036e+06,2.70226e+06,1.18664e+07,0,0,0,2.14906e+08,60.5318,61.308,3.44141,0,0,2.66157,2.05677,0,2.05613,3.38688,8.87469e+06,3.61194e+06,2.36206e+07,0,0,0,5.83867e+07
78.6787,85.139,1.85513,0.24,0.02,2.77923,3.38403,0,0.520745,6.048,4.27036e+06,2.70226e+06,1.18683e+07,0,0,0,2.14906e+08,60.1508,61.308,3.30983,0,0,2.66184,2.05704,0,2.05633,3.38688,8.87469e+06,3.61194e+06,2.3623e+07,0,0,0,5.83867e+07
77.4193,85.139,1.66515,0.25,0.02,2.85865,3.46345,0,0.520827,6.048,4.27036e+06,2.70226e+06,1.22075e+07,0,0,0,2.14906e+08,59.6804,61.308,3.07581,0,0,2.71238,2.10758,0,2.05654,3.38688,8.87469e+06,3.61194e+06,2.40715e+07,0,0,0,5.83867e+07
76.2673,85.139,1.76768,0.25,0.02,2.8591,3.4639,0,0.535711,6.048,4.27036e+06,2.70226e+06,1.22094e+07,0,0,0,2.14906e+08,59.2691,61.308,3.46628,0,0,2.71265,2.10785,0,2.09558,3.38688,8.87469e+06,3.61194e+06,2.40739e+07,0,0,0,5.83867e+07
75.0085,85.139,1.63665,0.23,0.02,2.85955,3.46435,0,0.535795,6.048,4.27036e+06,2.70226e+06,1.22113e+07,0,0,0,2.14906e+08,58.7816,61.308,3.62276,0,0,2.71293,2.10813,0,2.0958,3.38688,8.87469e+06,3.61194e+06,2.40764e+07,0,0,0,5.83867e+07
73.6415,85.139,1.51637,0.23,0.02,2.86,3.4648,0,0.53588,6.048,4.27036e+06,2.70226e+06,1.22132e+07,0,0,0,2.14906e+08,58.2585,61.308,3.20664,0,0,2.7132,2.1084,0,2.09601,3.38688,8.87469e+06,3.61194e+06,2.40788e+07,0,0,0,5.83867e+07
72.1323,85.139,1.54964,0.25,0.02,3.09188,3.69668,0,0.535964,6.048,4.27036e+06,2.70226e+06,1.32034e+07,0,0,0,2.14906e+08,57.7698,61.308,3.51903,0,0,2.89502,2.29022,0,2.09622,3.38688,8.87469e+06,3.61194e+06,2.56924e+07,0,0,0,5.83867e+07
70.7897,85.139,1.79094,0.24,0.02,3.19353,3.69716,0,0.579418,6.048,4.27036e+06,2.70226e+06,1.36375e+07,0,0,0,2.14906e+08,57.2147,61.308,3.20263,0,0,2.79415,2.29052,0,2.23669,3.38688,8.87469e+06,3.61194e+06,2.47972e+07,0,0,0,5.83867e+07
69.1587,85.139,1.51493,0.24,0.02,3.19431,3.69764,0,0.598467,6.048,4.27036e+06,2.70226e+06,1.36408e+07,0,0,0,2.14906e+08,56.6007,61.308,2.8237,0,0,2.79415,2.29081,0,2.15876,3.38688,8.87469e+06,3.61194e+06,2.47972e+07,0,0,0,5.83867e+07
67.6899,85.139,1.64624,0.25,0.02,3.19508,3.69812,0,0.598613,6.048,4.27036e+06,2.70226e+06,1.36442e+07,0,0,0,2.14906e+08,56.1394,61.308,3.72261,0,0,2.79415,2.29111,0,2.15876,3.38688,8.87469e+06,3.61194e+06,2.47972e+07,0,0,0,5.83867e+07
66.1218,85.139,1.5321,0.3,0.02,3.19586,3.69859,0,0.598758,6.048,4.27036e+06,2.70226e+06,1.36475e+07,0,0,0,2.14906e+08,55.5832,61.308,3.36259,0,0,2.79415,2.29141,0,2.15876,3.38688,8.87469e+06,3.61194e+06,2.47972e+07,0,0,0,5.83867e+07
64.7628,85.139,1.57283,0.3,0.02,3.08377,3.58621,0,0.598904,6.048,4.27036e+06,2.70226e+06,1.31688e+07,0,0,0,2.14906e+08,54.9589,61.308,2.6219,0,0,2.68388,2.18144,0,2.15876,3.38688,8.87469e+06,3.61194e+06,2.38186e+07,0,0,0,5.83867e+07
63.3326,85.139,1.48757,0.31,0.02,2.98188,3.58668,0,0.577899,6.048,4.27036e+06,2.70226e+06,1.27337e+07,0,0,0,2.14906e+08,54.4343,61.308,2.68739,0,0,2.78652,2.18172,0,2.07357,3.38688,8.87469e+06,3.61194e+06,2.47295e+07,0,0,0,5.83867e+07
62.0956,85.139,1.69778,0.32,0.02,2.98234,3.58714,0,0.558804,6.048,4.27036e+06,2.70226e+06,1.27357e+07,0,0,0,2.14906e+08,54.0859,61.308,3.38257,0,0,2.78681,2.18201,0,2.15287,3.38688,8.87469e+06,3.61194e+06,2.4732e+07,0,0,0,5.83867e+07
60.803,85.139,1.65537,0.35,0.02,2.98281,3.58761,0,0.558891,6.048,4.27036e+06,2.70226e+06,1.27377e+07,0,0,0,2.14906e+08,53.7263,61.308,3.29548,0,0,2.78709,2.18229,0,2.15309,3.38688,8.87469e+06,3.61194e+06,2.47346e+07,0,0,0,5.83867e+07
59.7143,85.139,1.83849,0.37,0.02,2.89058,3.49538,0,0.558978,6.048,4.27036e+06,2.70226e+06,1.23438e+07,0,0,0,2.14906e+08,53.5594,61.308,4.1713,0,0,2.68695,2.08215,0,2.15331,3.38688,8.87469e+06,3.61194e+06,2.38459e+07,0,0,0,5.83867e+07
58.0488,85.139,1.26873,0.38,0.02,2.89104,3.49584,0,0.541695,6.048,4.27036e+06,2.70226e+06,1.23458e+07,0,0,0,2.14906e+08,53.1576,61.308,2.06535,0,0,2.68722,2.08242,0,2.07594,3.38688,8.87469e+06,3.61194e+06,2.38483e+07,0,0,0,5.83867e+07
57.7464,85.139,2.67145,0.37,0.02,2.89149,3.49629,0,0.54178,6.048,4.27036e+06,2.70226e+06,1.23477e+07,0,0,0,2.14906e+08,53.2577,61.308,4.55501,0,0,2.68749,2.08269,0,2.07615,3.38688,8.87469e+06,3.61194e+06,2.38507e+07,0,0,0,5.83867e+07
60.0447,85.139,5.45133,0.37,0.02,2.89194,3.49674,0,0.541865,6.048,4.27036e+06,2.70226e+06,1.23496e+07,0,0,0,2.14906e+08,54.2577,61.308,9.70918,0,0,2.68776,2.08296,0,2.07636,3.38688,8.87469e+06,3.61194e+06,2.38531e+07,0,0,0,5.83867e+07
61.4058,85.139,4.12975,0.39,0.02,2.55579,3.23382,0,0.54195,6.048,4.27036e+06,2.92235e+06,1.09142e+07,0,0,0,2.14906e+08,54.7922,61.308,6.38666,0,0,2.43635,1.87398,0,2.07657,3.38688,8.87469e+06,3.90612e+06,2.16218e+07,0,0,0,5.83867e+07
61.2784,85.139,2.47379,0.41,0.02,2.26327,3.23424,0,0.478955,6.048,4.27036e+06,3.50682e+06,9.66497e+06,0,0,0,2.14906e+08,55.2519,61.308,4.74276,0,0,2.26683,1.87422,0,1.88232,3.38688,8.87469e+06,4.68734e+06,2.01174e+07,0,0,0,5.83867e+07
61.0817,85.139,2.44504,0.45,0.02,2.26364,3.23466,0,0.424136,6.048,4.27036e+06,3.50682e+06,9.66656e+06,0,0,0,2.14906e+08,55.4515,61.308,4.49447,0,0,2.26704,1.87446,0,1.75135,3.38688,8.87469e+06,4.68734e+06,2.01193e+07,0,0,0,5.83867e+07
61.7183,85.139,3.27201,0.48,0.02,2.26401,3.23507,0,0.424206,6.048,4.27036e+06,3.50682e+06,9.66814e+06,0,0,0,2.14906e+08,55.7462,61.308,4.60083,0,0,2.26726,1.87471,0,1.75152,3.38688,8.87469e+06,4.68734e+06,2.01212e+07,0,0,0,5.83867e+07
63.5666,85.139,4.65251,0.5,0.02,2.26438,3.23549,0,0.424275,6.048,4.27036e+06,3.50682e+06,9.66973e+06,0,0,0,2.14906e+08,56.8977,61.308,6.66168,0,0,2.26747,1.87495,0,1.75168,3.38688,8.87469e+06,4.68734e+06,2.01231e+07,0,0,0,5.83867e+07
64.7233,85.139,3.92797,0.45,0.02,2.35463,3.33727,0,0.424345,6.048,4.27036e+06,3.50682e+06,1.00551e+07,0,0,0,2.14906e+08,57.5209,61.308,4.94097,0,0,2.32145,1.93582,0,1.75185,3.38688,8.87469e+06,4.68734e+06,2.06021e+07,0,0,0,5.83867e+07
65.8437,110.355,3.8365,0.55,0.02,2.35499,3.33767,0,0.441258,6.048,4.27036e+06,3.50682e+06,1.00567e+07,0,0,0,2.14906e+08,57.7477,61.308,3.83638,0,0,2.32166,1.93605,0,1.79355,3.38688,8.87469e+06,4.68734e+06,2.0604e+07,0,0,0,5.83867e+07
68.4102,110.355,5.59868,0.57,0.02,2.35535,3.33807,0,0.441325,6.048,4.27036e+06,3.50682e+06,1.00582e+07,0,0,0,2.14906e+08,58.5775,61.308,5.35744,0,0,2.32186,1.93628,0,1.79371,3.38688,8.87469e+06,4.68734e+06,2.06058e+07,0,0,0,5.83867e+07
74.6827,110.355,9.30464,0.54,0.02,2.3557,3.33847,0,0.441392,6.048,4.27036e+06,3.50682e+06,1.00597e+07,0,0,0,2.14906e+08,61.0225,61.308,9.38076,0,0,2.32207,1.93652,0,1.79387,3.38688,8.87469e+06,4.68734e+06,2.06076e+07,0,0,0,5.83867e+07
80.9892,110.355,10.1946,0.47,0.02,2.64485,3.66454,0,0.441459,6.048,4.27036e+06,3.50682e+06,1.12945e+07,0,0,0,2.14906e+08,62.3362,61.308,8.57472,0,0,2.52421,2.16447,0,1.79403,3.38688,8.87469e+06,4.68734e+06,2.24016e+07,0,0,0,5.83867e+07
84.5367,110.355,6.88828,0.43,0.02,2.64524,3.66498,0,0.495646,6.048,4.27036e+06,3.50682e+06,1.12962e+07,0,0,0,2.14906e+08,62.3362,61.308,6.31214,0,0,2.52445,2.16473,0,1.95021,3.38688,8.87469e+06,4.68734e+06,2.24037e+07,0,0,0,5.83867e+07
86.8891,110.355,6.07978,0.36,0.02,3.06062,3.66542,0,0.495719,6.048,4.27036e+06,2.70226e+06,1.307e+07,0,0,0,2.14906e+08,62.3362,61.308,5.77977,0,0,2.76979,2.16499,0,1.95039,3.38688,8.87469e+06,3.61194e+06,2.4581e+07,0,0,0,5.83867e+07
88.9694,110.355,6.05702,0.37,0.02,3.06107,3.66587,0,0.573561,6.048,4.27036e+06,2.70226e+06,1.30719e+07,0,0,0,2.14906e+08,62.3362,61.308,5.54216,0,0,2.77005,2.16525,0,2.13994,3.38688,8.87469e+06,3.61194e+06,2.45833e+07,0,0,0,5.83867e+07
92.7524,110.355,7.34063,0.38,0.02,2.59678,3.20158,0,0.573644,6.048,4.27036e+06,2.70226e+06,1.10892e+07,0,0,0,2.14906e+08,62.3362,61.308,5.94504,0,0,2.46456,1.85976,0,2.14014,3.38688,8.87469e+06,3.61194e+06,2.18722e+07,0,0,0,5.83867e+07
95.1013,110.355,5.80356,0.32,0.02,2.59716,3.20196,0,0.486636,6.048,4.27036e+06,2.70226e+06,1.10908e+07,0,0,0,2.14906e+08,62.3362,61.308,6.40868,0,0,2.46479,1.85999,0,1.90412,3.38688,8.87469e+06,3.61194e+06,2.18742e+07,0,0,0,5.83867e+07
96.85,110.355,5.14717,0.34,0.02,2.59755,3.20235,0,0.486709,6.048,4.27036e+06,2.70226e+06,1.10925e+07,0,0,0,2.14906e+08,62.3362,61.308,4.23829,0,0,2.46501,1.86021,0,1.90429,3.38688,8.87469e+06,3.61194e+06,2.18762e+07,0,0,0,5.83867e+07
97.1455,110.355,3.71179,0.3,0.02,2.59794,3.20274,0,0.486781,6.048,4.27036e+06,2.70226e+06,1.10941e+07,0,0,0,2.14906e+08,62.3362,61.308,3.35892,0,0,2.46523,1.86043,0,1.90447,3.38688,8.87469e+06,3.61194e+06,2.18782e+07,0,0,0,5.83867e+07
97.16,110.355,3.31061,0.31,0.02,2.59832,3.20312,0,0.486853,6.048,4.27036e+06,2.70226e+06,1.10958e+07,0,0,0,2.14906e+08,62.2753,61.308,2.46779,0,0,2.46546,1.86066,0,1.90464,3.38688,8.87469e+06,3.61194e+06,2.18802e+07,0,0,0,5.83867e+07
99.1625,110.355,5.5521,0.31,0.02,2.71576,3.32056,0,0.486925,6.048,4.27036e+06,2.70226e+06,1.15973e+07,0,0,0,2.14906e+08,62.3362,61.308,3.63943,0,0,2.54052,1.93572,0,1.90481,3.38688,8.87469e+06,3.61194e+06,2.25464e+07,0,0,0,5.83867e+07
99.8784,110.355,4.18904,0.33,0.02,2.71616,3.32096,0,0.508933,6.048,4.27036e+06,2.70226e+06,1.1599e+07,0,0,0,2.14906e+08,62.3362,61.308,3.16522,0,0,2.54076,1.93596,0,1.96281,3.38688,8.87469e+06,3.61194e+06,2.25484e+07,0,0,0,5.83867e+07
100.06,110.355,3.60158,0.32,0.02,2.71656,3.32136,0,0.509008,6.048,4.27036e+06,2.70226e+06,1.16007e+07,0,0,0,2.14906e+08,62.3362,61.308,2.74183,0,0,2.54099,1.93619,0,1.96299,3.38688,8.87469e+06,3.61194e+06,2.25505e+07,0,0,0,5.83867e+07
100.22,110.355,3.57585,0.32,0.02,2.71696,3.32176,0,0.509082,6.048,4.27036e+06,2.70226e+06,1.16024e+07,0,0,0,2.14906e+08,62.3362,61.308,3.21313,0,0,2.54122,1.93642,0,1.96317,3.38688,8.87469e+06,3.61194e+06,2.25526e+07,0,0,0,5.83867e+07
100.125,110.355,3.21316,0.31,0.02,2.67157,3.27637,0,0.509157,6.048,4.27036e+06,2.70226e+06,1.14086e+07,0,0,0,2.14906e+08,62.04,61.308,2.82872,0,0,2.51237,1.90757,0,1.96335,3.38688,8.87469e+06,3.61194e+06,2.22965e+07,0,0,0,5.83867e+07
99.1574,110.355,2.25533,0.27,0.02,2.67196,3.27676,0,0.500652,6.048,4.27036e+06,2.70226e+06,1.14103e+07,0,0,0,2.14906e+08,61.6843,61.308,2.02118,0,0,2.5126,1.9078,0,1.94106,3.38688,8.87469e+06,3.61194e+06,2.22986e+07,0,0,0,5.83867e+07
97.9917,110.355,2.03816,0.25,0.02,2.67236,3.27716,0,0.500726,6.048,4.27036e+06,2.70226e+06,1.14119e+07,0,0,0,2.14906e+08,61.5753,61.308,2.07602,0,0,2.51283,1.90803,0,1.94124,3.38688,8.87469e+06,3.61194e+06,2.23006e+07,0,0,0,5.83867e+07
97.8653,110.355,3.10766,0.23,0.02,2.67275,3.27755,0,0.500799,6.048,4.27036e+06,2.70226e+06,1.14136e+07,0,0,0,2.14906e+08,61.5173,61.308,2.45107,0,0,2.51306,1.90826,0,1.94141,3.38688,8.87469e+06,3.61194e+06,2.23026e+07,0,0,0,5.83867e+07
96.7304,110.355,2.14524,0.22,0.02,2.82864,3.43344,0,0.500873,6.048,4.27036e+06,2.70226e+06,1.20793e+07,0,0,0,2.14906e+08,61.1489,61.308,2.10319,0,0,2.61647,2.01167,0,1.94159,3.38688,8.87469e+06,3.61194e+06,2.32204e+07,0,0,0,5.83867e+07
95.5439,110.355,2.01212,0.19,0.02,2.82905,3.43385,0,0.530087,6.048,4.27036e+06,2.70226e+06,1.20811e+07,0,0,0,2.14906e+08,60.6376,61.308,1.78904,0,0,2.61672,2.01192,0,2.02149,3.38688,8.87469e+06,3.61194e+06,2.32225e+07,0,0,0,5.83867e+07
94.3094,110.355,1.95073,0.27,0.02,2.82947,3.43427,0,0.530165,6.048,4.27036e+06,2.70226e+06,1.20829e+07,0,0,0,2.14906e+08,60.2198,61.308,1.81558,0,0,2.61696,2.01216,0,2.02168,3.38688,8.87469e+06,3.61194e+06,2.32247e+07,0,0,0,5.83867e+07
92.9888,110.355,1.84943,0.26,0.02,2.82988,3.43468,0,0.530242,6.048,4.27036e+06,2.70226e+06,1.20846e+07,0,0,0,2.14906e+08,59.7226,61.308,1.74804,0,0,2.6172,2.0124,0,2.02186,3.38688,8.87469e+06,3.61194e+06,2.32268e+07,0,0,0,5.83867e+07
91.5768,110.355,1.72683,0.23,0.02,2.83029,3.43509,0,0.530319,6.048,4.27036e+06,2.70226e+06,1.20864e+07,0,0,0,2.14906e+08,58.9451,61.308,1.64763,0,0,2.61744,2.01264,0,2.02205,3.38688,8.87469e+06,3.61194e+06,2.3229e+07,0,0,0,5.83867e+07
89.9877,110.355,1.46492,0.22,0.02,2.79994,3.40474,0,0.530397,6.048,4.27036e+06,2.70226e+06,1.19568e+07,0,0,0,2.14906e+08,58.1033,61.308,1.42739,0,0,2.67443,2.06963,0,2.02224,3.38688,8.87469e+06,3.61194e+06,2.37347e+07,0,0,0,5.83867e+07
88.251,110.355,1.31259,0.25,0.02,2.80035,3.40515,0,0.524708,6.048,4.27036e+06,2.70226e+06,1.19585e+07,0,0,0,2.14906e+08,57.2068,61.308,1.38092,0,0,2.67468,2.06988,0,2.06627,3.38688,8.87469e+06,3.61194e+06,2.37369e+07,0,0,0,5.83867e+07
86.4058,110.355,1.18568,0.25,0.02,2.80076,3.40556,0,0.524785,6.048,4.27036e+06,2.70226e+06,1.19602e+07,0,0,0,2.14906e+08,56.2598,61.308,1.24205,0,0,2.67493,2.07013,0,2.06646,3.38688,8.87469e+06,3.61194e+06,2.37392e+07,0,0,0,5.83867e+07
84.5575,110.355,1.12842,0.24,0.02,2.80117,3.40597,0,0.524862,6.048,4.27036e+06,2.70226e+06,1.1962e+07,0,0,0,2.14906e+08,55.1649,61.308,1.20168,0,0,2.67518,2.07038,0,2.06665,3.38688,8.87469e+06,3.61194e+06,2.37414e+07,0,0,0,5.83867e+07
82.6073,110.355,1.02749,0.22,0.02,2.88107,3.48587,0,0.524938,6.048,4.27036e+06,2.70226e+06,1.23032e+07,0,0,0,2.14906e+08,54.0699,61.308,1.13906,0,0,2.72602,2.12122,0,2.06684,3.38688,8.87469e+06,3.61194e+06,2.41926e+07,0,0,0,5.83867e+07
80.6764,110.355,1.06485,0.25,0.02,2.88149,3.48629,0,0.539913,6.048,4.27036e+06,2.70226e+06,1.2305e+07,0,0,0,2.14906e+08,52.977,61.308,1.18066,0,0,2.72628,2.12148,0,2.10613,3.38688,8.87469e+06,3.61194e+06,2.41949e+07,0,0,0,5.83867e+07
78.6928,110.355,0.977927,0.24,0.02,2.88191,3.48671,0,0.539992,6.048,4.27036e+06,2.70226e+06,1.23068e+07,0,0,0,2.14906e+08,51.7613,61.308,1.10723,0,0,2.72653,2.12173,0,2.10632,3.38688,8.87469e+06,3.61194e+06,2.41971e+07,0,0,0,5.83867e+07
76.641,110.355,0.890359,0.28,0.02,2.88233,3.48713,0,0.54007,6.048,4.27036e+06,2.70226e+06,1.23086e+07,0,0,0,2.14906e+08,50.6955,61.308,0.982694,0,0,2.72679,2.12199,0,2.10652,3.38688,8.87469e+06,3.61194e+06,2.41994e+07,0,0,0,5.83867e+07
74.5252,110.355,0.999297,0.27,0.02,3.11567,3.72047,0,0.540149,6.048,4.27036e+06,2.70226e+06,1.3305e+07,0,0,0,2.14906e+08,49.5579,61.308,1.26379,0,0,2.90976,2.30496,0,2.10672,3.38688,8.87469e+06,3.61194e+06,2.58232e+07,0,0,0,5.83867e+07
72.1216,110.355,0.783319,0.26,0.02,3.23203,3.72092,0,0.583876,6.048,4.27036e+06,2.70226e+06,1.38019e+07,0,0,0,2.14906e+08,48.3785,61.308,0.915081,0,0,2.79413,2.30524,0,2.24808,3.38688,8.87469e+06,3.61194e+06,2.4797e+07,0,0,0,5.83867e+07
69.8263,110.355,0.885589,0.32,0.02,3.23275,3.72136,0,0.605682,6.048,4.27036e+06,2.70226e+06,1.3805e+07,0,0,0,2.14906e+08,47.1406,61.308,1.13795,0,0,2.79413,2.30551,0,2.15874,3.38688,8.87469e+06,3.61194e+06,2.4797e+07,0,0,0,5.83867e+07
67.3828,110.355,0.720156,0.32,0.02,3.23348,3.72181,0,0.605818,6.048,4.27036e+06,2.70226e+06,1.38081e+07,0,0,0,2.14906e+08,46.119,61.308,0.82216,0,0,2.79413,2.30579,0,2.15874,3.38688,8.87469e+06,3.61194e+06,2.4797e+07,0,0,0,5.83867e+07
65.113,110.355,0.861109,0.36,0.02,3.2342,3.72226,0,0.605954,6.048,4.27036e+06,2.70226e+06,1.38112e+07,0,0,0,2.14906e+08,44.938,61.308,1.42163,0,0,2.79413,2.30607,0,2.15874,3.38688,8.87469e+06,3.61194e+06,2.4797e+07,0,0,0,5.83867e+07
62.6784,110.355,0.565704,0.36,0.02,3.12134,3.60912,0,0.60609,6.048,4.27036e+06,2.70226e+06,1.33293e+07,0,0,0,2.14906e+08,43.3629,61.308,0.701824,0,0,2.68316,2.19538,0,2.15874,3.38688,8.87469e+06,3.61194e+06,2.38122e+07,0,0,0,5.83867e+07
60.3165,110.355,0.541375,0.36,0.02,3.01109,3.60956,0,0.58494,6.048,4.27036e+06,2.70226e+06,1.28584e+07,0,0,0,2.14906e+08,41.8032,61.308,0.614286,0,0,2.79411,2.19564,0,2.07301,3.38688,8.87469e+06,3.61194e+06,2.47969e+07,0,0,0,5.83867e+07
58.4827,110.355,0.750152,0.4,0.02,2.60307,3.60999,0,0.564278,6.048,4.27036e+06,3.50682e+06,1.11161e+07,0,0,0,2.14906e+08,40.536,61.308,0.682045,0,0,2.5455,2.19591,0,2.15873,3.38688,8.87469e+06,4.68734e+06,2.25905e+07,0,0,0,5.83867e+07
56.9308,110.355,1.05519,0.41,0.02,2.60372,3.61042,0,0.487816,6.048,4.27036e+06,3.50682e+06,1.11188e+07,0,0,0,2.14906e+08,39.4482,61.308,1.11569,0,0,2.54547,2.19617,0,1.96665,3.38688,8.87469e+06,4.68734e+06,2.25902e+07,0,0,0,5.83867e+07
55.3379,110.355,0.951902,0.43,0.02,2.52165,3.51758,0,0.487937,6.048,4.27036e+06,3.50682e+06,1.07684e+07,0,0,0,2.14906e+08,38.602,61.308,1.00897,0,0,2.45582,2.09538,0,1.96663,3.38688,8.87469e+06,4.68734e+06,2.17947e+07,0,0,0,5.83867e+07
53.9727,110.355,1.15206,0.47,0.02,2.51491,3.518,0,0.472558,6.048,4.27036e+06,3.50682e+06,1.07396e+07,0,0,0,2.14906e+08,38.1538,61.308,1.33761,0,0,2.46317,2.09563,0,1.89737,3.38688,8.87469e+06,4.68734e+06,2.18598e+07,0,0,0,5.83867e+07
52.9774,110.355,1.567,0.49,0.02,2.51528,3.51843,0,0.471293,6.048,4.27036e+06,3.50682e+06,1.07412e+07,0,0,0,2.14906e+08,37.87,61.308,1.83377,0,0,2.46339,2.09588,0,1.90304,3.38688,8.87469e+06,4.68734e+06,2.18618e+07,0,0,0,5.83867e+07
53.8081,110.355,3.45073,0.52,0.02,2.51566,3.51885,0,0.471364,6.048,4.27036e+06,3.50682e+06,1.07428e+07,0,0,0,2.14906e+08,38.1504,61.308,2.78802,0,0,2.46361,2.09613,0,1.90322,3.38688,8.87469e+06,4.68734e+06,2.18638e+07,0,0,0,5.83867e+07
54.4627,110.355,3.10716,0.54,0.02,2.281,3.25423,0,0.471434,6.048,4.27036e+06,3.50682e+06,9.74069e+06,0,0,0,2.14906e+08,38.0155,61.308,2.29443,0,0,2.2771,1.88581,0,1.90339,3.38688,8.87469e+06,4.68734e+06,2.02086e+07,0,0,0,5.83867e+07
54.6349,110.355,2.64344,0.56,0.02,2.28134,3.25462,0,0.427459,6.048,4.27036e+06,3.50682e+06,9.74217e+06,0,0,0,2.14906e+08,37.7622,61.308,1.89391,0,0,2.2773,1.88604,0,1.75929,3.38688,8.87469e+06,4.68734e+06,2.02104e+07,0,0,0,5.83867e+07
54.832,110.355,2.74835,0.57,0.02,2.28169,3.25501,0,0.427524,6.048,4.27036e+06,3.50682e+06,9.74365e+06,0,0,0,2.14906e+08,37.7401,61.308,2.5359,0,0,2.27751,1.88626,0,1.75945,3.38688,8.87469e+06,4.68734e+06,2.02122e+07,0,0,0,5.83867e+07
56.4712,110.355,4.22309,0.59,0.02,2.28204,3.25541,0,0.427589,6.048,4.27036e+06,3.50682e+06,9.74513e+06,0,0,0,2.14906e+08,37.8224,61.308,2.65143,0,0,2.27771,1.88649,0,1.7596,3.38688,8.87469e+06,4.68734e+06,2.02139e+07,0,0,0,5.83867e+07
56.2258,110.355,2.29236,0.56,0.02,2.28238,3.2558,0,0.427654,6.048,4.27036e+06,3.50682e+06,9.74662e+06,0,0,0,2.14906e+08,37.4333,61.308,2.22639,0,0,2.27791,1.88672,0,1.75976,3.38688,8.87469e+06,4.68734e+06,2.02157e+07,0,0,0,5.83867e+07
56.4698,110.355,2.76554,0.59,0.02,2.28238,3.2558,0,0.427719,6.048,4.27036e+06,3.50682e+06,9.74662e+06,0,0,0,2.14906e+08,36.8754,61.308,1.69535,0,0,2.27791,1.88672,0,1.75991,3.38688,8.87469e+06,4.68734e+06,2.02157e+07,0,0,0,5.83867e+07
57.5199,110.355,3.6532,0.6,0.02,2.37318,3.35818,0,0.427719,6.048,4.27036e+06,3.50682e+06,1.01343e+07,0,0,0,2.14906e+08,36.6466,61.308,1.74605,0,0,2.33221,1.94795,0,1.75991,3.38688,8.87469e+06,4.68734e+06,2.06976e+07,0,0,0,5.83867e+07
59.6499,110.355,4.81508,0.65,0.02,2.37351,3.35855,0,0.444733,6.048,4.27036e+06,3.50682e+06,1.01357e+07,0,0,0,2.14906e+08,36.7555,61.308,2.57559,0,0,2.3324,1.94816,0,1.80186,3.38688,8.87469e+06,4.68734e+06,2.06993e+07,0,0,0,5.83867e+07
63.2558,110.355,6.45731,0.68,0.02,2.37384,3.35893,0,0.444795,6.048,4.27036e+06,3.50682e+06,1.01372e+07,0,0,0,2.14906e+08,36.3844,61.308,2.89812,0,0,2.33259,1.94838,0,1.80201,3.38688,8.87469e+06,4.68734e+06,2.0701e+07,0,0,0,5.83867e+07
64.7379,110.355,4.2821,0.65,0.02,2.37417,3.3593,0,0.444857,6.048,4.27036e+06,3.50682e+06,1.01386e+07,0,0,0,2.14906e+08,35.9058,61.308,1.65616,0,0,2.33278,1.9486,0,1.80216,3.38688,8.87469e+06,4.68734e+06,2.07027e+07,0,0,0,5.83867e+07
66.0966,110.355,4.32552,0.66,0.02,2.66509,3.68737,0,0.444919,6.048,4.27036e+06,3.50682e+06,1.13809e+07,0,0,0,2.14906e+08,35.4896,61.308,2.02776,0,0,2.53617,2.17795,0,1.80231,3.38688,8.87469e+06,4.68734e+06,2.25077e+07,0,0,0,5.83867e+07
68.0372,110.355,4.94286,0.69,0.02,2.66546,3.68778,0,0.499439,6.048,4.27036e+06,3.50682e+06,1.13825e+07,0,0,0,2.14906e+08,35.2385,61.308,2.11308,0,0,2.53638,2.17819,0,1.95944,3.38688,8.87469e+06,4.68734e+06,2.25096e+07,0,0,0,5.83867e+07
69.7537,110.355,4.74027,0.66,0.02,2.66582,3.68819,0,0.499507,6.048,4.27036e+06,3.50682e+06,1.1384e+07,0,0,0,2.14906e+08,35.3665,61.308,2.35687,0,0,2.5366,2.17844,0,1.95961,3.38688,8.87469e+06,4.68734e+06,2.25115e+07,0,0,0,5.83867e+07
72.978,110.355,6.31667,0.67,0.02,2.66618,3.6886,0,0.499575,6.048,4.27036e+06,3.50682e+06,1.13856e+07,0,0,0,2.14906e+08,35.5716,61.308,3.18921,0,0,2.53681,2.17868,0,1.95978,3.38688,8.87469e+06,4.68734e+06,2.25134e+07,0,0,0,5.83867e+07
74.9274,110.355,4.77413,0.7,0.02,2.25188,3.2214,0,0.499643,6.048,4.27036e+06,3.50682e+06,9.61637e+06,0,0,0,2.14906e+08,35.7233,61.308,2.76428,0,0,2.26422,1.87128,0,1.95994,3.38688,8.87469e+06,4.68734e+06,2.00942e+07,0,0,0,5.83867e+07
77.5307,110.355,5.3946,0.69,0.02,2.2522,3.22176,0,0.422003,6.048,4.27036e+06,3.50682e+06,9.61772e+06,0,0,0,2.14906e+08,35.9481,61.308,2.73138,0,0,2.2644,1.87148,0,1.74933,3.38688,8.87469e+06,4.68734e+06,2.00958e+07,0,0,0,5.83867e+07
79.4927,110.355,4.77332,0.72,0.02,2.25252,3.22212,0,0.422063,6.048,4.27036e+06,3.50682e+06,9.61908e+06,0,0,0,2.14906e+08,36.099,61.308,2.6762,0,0,2.26458,1.87169,0,1.74948,3.38688,8.87469e+06,4.68734e+06,2.00975e+07,0,0,0,5.83867e+07
80.3562,110.355,3.64977,0.68,0.02,2.25284,3.22248,0,0.422122,6.048,4.27036e+06,3.50682e+06,9.62043e+06,0,0,0,2.14906e+08,36.2341,61.308,2.73983,0,0,2.26477,1.8719,0,1.74962,3.38688,8.87469e+06,4.68734e+06,2.00991e+07,0,0,0,5.83867e+07
82.3884,110.355,4.91676,0.71,0.02,2.25315,3.22283,0,0.422182,6.048,4.27036e+06,3.50682e+06,9.62179e+06,0,0,0,2.14906e+08,36.7004,61.308,3.42387,0,0,2.26495,1.87211,0,1.74976,3.38688,8.87469e+06,4.68734e+06,2.01008e+07,0,0,0,5.83867e+07
84.1909,110.355,4.73853,0.73,0.02,2.35791,3.34096,0,0.422241,6.048,4.27036e+06,3.50682e+06,1.00691e+07,0,0,0,2.14906e+08,37.0315,61.308,3.00572,0,0,2.33191,1.94762,0,1.7499,3.38688,8.87469e+06,4.68734e+06,2.0695e+07,0,0,0,5.83867e+07
85.7836,110.355,4.46647,0.73,0.02,2.35824,3.34133,0,0.441872,6.048,4.27036e+06,3.50682e+06,1.00705e+07,0,0,0,2.14906e+08,37.3301,61.308,2.88532,0,0,2.33211,1.94783,0,1.80164,3.38688,8.87469e+06,4.68734e+06,2.06967e+07,0,0,0,5.83867e+07
86.6425,110.355,3.81368,0.63,0.02,2.35857,3.3417,0,0.441933,6.048,4.27036e+06,3.50682e+06,1.00719e+07,0,0,0,2.14906e+08,37.2841,61.308,2.43397,0,0,2.3323,1.94805,0,1.80179,3.38688,8.87469e+06,4.68734e+06,2.06984e+07,0,0,0,5.83867e+07
87.042,110.355,3.27792,0.63,0.02,2.35889,3.34207,0,0.441995,6.048,4.27036e+06,3.50682e+06,1.00733e+07,0,0,0,2.14906e+08,37.1803,61.308,2.27609,0,0,2.33249,1.94827,0,1.80193,3.38688,8.87469e+06,4.68734e+06,2.07001e+07,0,0,0,5.83867e+07
86.8841,110.355,2.70218,0.6,0.02,2.31837,3.29638,0,0.442057,6.048,4.27036e+06,3.50682e+06,9.90029e+06,0,0,0,2.14906e+08,36.7569,61.308,2.14701,0,0,2.30674,1.91922,0,1.80208,3.38688,8.87469e+06,4.68734e+06,2.04716e+07,0,0,0,5.83867e+07
86.6087,110.355,2.48251,0.57,0.02,2.3187,3.29674,0,0.434463,6.048,4.27036e+06,3.50682e+06,9.90168e+06,0,0,0,2.14906e+08,36.4227,61.308,2.03508,0,0,2.30692,1.91944,0,1.78218,3.38688,8.87469e+06,4.68734e+06,2.04732e+07,0,0,0,5.83867e+07
86.1683,110.355,2.29172,0.55,0.02,2.31902,3.29711,0,0.434524,6.048,4.27036e+06,3.50682e+06,9.90307e+06,0,0,0,2.14906e+08,35.9667,61.308,1.90722,0,0,2.30711,1.91965,0,1.78233,3.38688,8.87469e+06,4.68734e+06,2.04749e+07,0,0,0,5.83867e+07
85.6546,110.355,2.20479,0.52,0.02,2.31935,3.29748,0,0.434585,6.048,4.27036e+06,3.50682e+06,9.90445e+06,0,0,0,2.14906e+08,35.3275,61.308,1.75967,0,0,2.3073,1.91986,0,1.78248,3.38688,8.87469e+06,4.68734e+06,2.04766e+07,0,0,0,5.83867e+07
84.6072,110.355,1.74943,0.47,0.02,2.4584,3.45428,0,0.434645,6.048,4.27036e+06,3.50682e+06,1.04983e+07,0,0,0,2.14906e+08,34.5219,61.308,1.46191,0,0,2.39955,2.02389,0,1.78262,3.38688,8.87469e+06,4.68734e+06,2.12952e+07,0,0,0,5.83867e+07
83.5305,110.355,1.61668,0.43,0.02,2.45874,3.45467,0,0.460704,6.048,4.27036e+06,3.50682e+06,1.04997e+07,0,0,0,2.14906e+08,33.7861,61.308,1.47147,0,0,2.39975,2.02411,0,1.85389,3.38688,8.87469e+06,4.68734e+06,2.1297e+07,0,0,0,5.83867e+07
82.412,110.355,1.56459,0.51,0.02,2.45908,3.45505,0,0.460768,6.048,4.27036e+06,3.50682e+06,1.05012e+07,0,0,0,2.14906e+08,32.9863,61.308,1.45727,0,0,2.39995,2.02434,0,1.85404,3.38688,8.87469e+06,4.68734e+06,2.12988e+07,0,0,0,5.83867e+07
81.2056,110.355,1.4653,0.44,0.02,2.45942,3.45543,0,0.460832,6.048,4.27036e+06,3.50682e+06,1.05026e+07,0,0,0,2.14906e+08,32.4225,61.308,1.33152,0,0,2.40015,2.02456,0,1.8542,3.38688,8.87469e+06,4.68734e+06,2.13006e+07,0,0,0,5.83867e+07
80.0426,110.355,1.47545,0.42,0.02,2.45976,3.45582,0,0.460895,6.048,4.27036e+06,3.50682e+06,1.05041e+07,0,0,0,2.14906e+08,31.8781,61.308,1.62953,0,0,2.40035,2.02479,0,1.85435,3.38688,8.87469e+06,4.68734e+06,2.13023e+07,0,0,0,5.83867e+07
78.503,110.355,1.37718,0.33,0.02,2.82045,3.42525,0,0.460959,6.048,4.27036e+06,2.70226e+06,1.20443e+07,0,0,0,2.14906e+08,31.2731,61.308,1.65746,0,0,2.6869,2.0821,0,1.85451,3.38688,8.87469e+06,3.61194e+06,2.38454e+07,0,0,0,5.83867e+07
77.2033,110.355,1.27489,0.42,0.02,2.43299,3.42563,0,0.528552,6.048,4.27036e+06,3.50682e+06,1.03897e+07,0,0,0,2.14906e+08,30.5433,61.308,1.54319,0,0,2.45137,2.08233,0,2.0759,3.38688,8.87469e+06,4.68734e+06,2.17552e+07,0,0,0,5.83867e+07
75.5543,110.355,1.23341,0.35,0.02,2.82121,3.42601,0,0.455942,6.048,4.27036e+06,2.70226e+06,1.20476e+07,0,0,0,2.14906e+08,29.7437,61.308,1.41901,0,0,2.68736,2.08256,0,1.89393,3.38688,8.87469e+06,3.61194e+06,2.38495e+07,0,0,0,5.83867e+07
73.8798,110.355,1.17794,0.32,0.02,2.82159,3.42639,0,0.528694,6.048,4.27036e+06,2.70226e+06,1.20492e+07,0,0,0,2.14906e+08,28.9915,61.308,1.36078,0,0,2.68759,2.08279,0,2.07625,3.38688,8.87469e+06,3.61194e+06,2.38515e+07,0,0,0,5.83867e+07
72.157,110.355,1.18236,0.3,0.02,2.90194,3.50674,0,0.528766,6.048,4.27036e+06,2.70226e+06,1.23924e+07,0,0,0,2.14906e+08,28.1448,61.308,1.44581,0,0,2.73872,2.13392,0,2.07643,3.38688,8.87469e+06,3.61194e+06,2.43053e+07,0,0,0,5.83867e+07
70.3022,110.355,1.03364,0.32,0.02,2.90233,3.50713,0,0.543824,6.048,4.27036e+06,2.70226e+06,1.2394e+07,0,0,0,2.14906e+08,27.2604,61.308,1.33401,0,0,2.73896,2.13416,0,2.11594,3.38688,8.87469e+06,3.61194e+06,2.43074e+07,0,0,0,5.83867e+07
68.3855,110.355,0.953327,0.33,0.02,2.90272,3.50752,0,0.543897,6.048,4.27036e+06,2.70226e+06,1.23957e+07,0,0,0,2.14906e+08,26.365,61.308,1.27782,0,0,2.7392,2.1344,0,2.11612,3.38688,8.87469e+06,3.61194e+06,2.43095e+07,0,0,0,5.83867e+07
66.3493,110.355,0.798952,0.34,0.02,2.90311,3.50791,0,0.54397,6.048,4.27036e+06,2.70226e+06,1.23973e+07,0,0,0,2.14906e+08,25.2819,61.308,1.27031,0,0,2.73943,2.13463,0,2.1163,3.38688,8.87469e+06,3.61194e+06,2.43116e+07,0,0,0,5.83867e+07
64.0221,110.355,0.71406,0.38,0.02,3.1378,3.7426,0,0.544043,6.048,4.27036e+06,2.70226e+06,1.33996e+07,0,0,0,2.14906e+08,24.2382,61.308,0.99229,0,0,2.92347,2.31867,0,2.11649,3.38688,8.87469e+06,3.61194e+06,2.59449e+07,0,0,0,5.83867e+07
61.675,110.355,0.791006,0.38,0.02,3.26785,3.74302,0,0.588025,6.048,4.27036e+06,2.70226e+06,1.39549e+07,0,0,0,2.14906e+08,23.0201,61.308,1.18182,0,0,2.79411,2.31893,0,2.25868,3.38688,8.87469e+06,3.61194e+06,2.47968e+07,0,0,0,5.83867e+07
59.5464,110.355,0.645739,0.43,0.02,2.8447,3.74344,0,0.612394,6.048,4.27036e+06,3.50682e+06,1.21479e+07,0,0,0,2.14906e+08,22.2231,61.308,0.830628,0,0,2.53153,2.31919,0,2.15873,3.38688,8.87469e+06,4.68734e+06,2.24666e+07,0,0,0,5.83867e+07
57.5852,110.355,0.785012,0.41,0.02,2.84532,3.74385,0,0.533097,6.048,4.27036e+06,3.50682e+06,1.21506e+07,0,0,0,2.14906e+08,21.4363,61.308,1.52511,0,0,2.5315,2.31945,0,1.95586,3.38688,8.87469e+06,4.68734e+06,2.24663e+07,0,0,0,5.83867e+07
55.6414,110.355,0.76009,0.4,0.02,2.84595,3.74427,0,0.533214,6.048,4.27036e+06,3.50682e+06,1.21532e+07,0,0,0,2.14906e+08,20.7205,61.308,1.25936,0,0,2.53148,2.3197,0,1.95584,3.38688,8.87469e+06,4.68734e+06,2.24661e+07,0,0,0,5.83867e+07
53.7982,110.355,0.82891,0.46,0.02,2.74526,3.63043,0,0.533331,6.048,4.27036e+06,3.50682e+06,1.17233e+07,0,0,0,2.14906e+08,20.2376,61.308,1.48282,0,0,2.43246,2.20834,0,1.95582,3.38688,8.87469e+06,4.68734e+06,2.15873e+07,0,0,0,5.83867e+07
52.1535,110.355,0.945742,0.47,0.02,2.63425,3.63083,0,0.514461,6.048,4.27036e+06,3.50682e+06,1.12492e+07,0,0,0,2.14906e+08,19.9052,61.308,1.88439,0,0,2.54404,2.20858,0,1.87932,3.38688,8.87469e+06,4.68734e+06,2.25776e+07,0,0,0,5.83867e+07
50.4933,110.355,0.922989,0.47,0.02,2.63485,3.63123,0,0.493658,6.048,4.27036e+06,3.50682e+06,1.12518e+07,0,0,0,2.14906e+08,19.5633,61.308,1.8374,0,0,2.54402,2.20883,0,1.96553,3.38688,8.87469e+06,4.68734e+06,2.25773e+07,0,0,0,5.83867e+07
48.9437,110.355,1.06258,0.48,0.02,2.63545,3.63164,0,0.493771,6.048,4.27036e+06,3.50682e+06,1.12544e+07,0,0,0,2.14906e+08,18.653,61.308,2.1691,0,0,2.54399,2.20907,0,1.96551,3.38688,8.87469e+06,4.68734e+06,2.25771e+07,0,0,0,5.83867e+07
47.3915,110.355,0.932965,0.55,0.02,2.55286,3.53822,0,0.493884,6.048,4.27036e+06,3.50682e+06,1.09016e+07,0,0,0,2.14906e+08,17.5447,61.308,0.826768,0,0,2.45382,2.10767,0,1.96549,3.38688,8.87469e+06,4.68734e+06,2.17769e+07,0,0,0,5.83867e+07
45.7459,110.355,0.791362,0.57,0.02,2.53318,3.53861,0,0.478405,6.048,4.27036e+06,3.50682e+06,1.08176e+07,0,0,0,2.14906e+08,17.0753,61.308,0.982403,0,0,2.47405,2.1079,0,1.89582,3.38688,8.87469e+06,4.68734e+06,2.19564e+07,0,0,0,5.83867e+07
45.6978,110.355,2.45164,0.56,0.02,2.53353,3.539,0,0.474718,6.048,4.27036e+06,3.50682e+06,1.08191e+07,0,0,0,2.14906e+08,16.9299,61.308,3.14254,0,0,2.47426,2.10814,0,1.91145,3.38688,8.87469e+06,4.68734e+06,2.19583e+07,0,0,0,5.83867e+07
45.2117,110.355,2.0117,0.58,0.02,2.53387,3.53939,0,0.474783,6.048,4.27036e+06,3.50682e+06,1.08206e+07,0,0,0,2.14906e+08,16.8323,61.308,1.82119,0,0,2.47447,2.10837,0,1.91161,3.38688,8.87469e+06,4.68734e+06,2.19601e+07,0,0,0,5.83867e+07
44.7029,110.355,1.83283,0.61,0.02,2.29782,3.2732,0,0.474848,6.048,4.27036e+06,3.50682e+06,9.81252e+06,0,0,0,2.14906e+08,16.207,61.308,1.57819,0,0,2.28685,1.8968,0,1.91177,3.38688,8.87469e+06,4.68734e+06,2.02951e+07,0,0,0,5.83867e+07
43.5518,110.355,1.17671,0.65,0.02,2.29814,3.27356,0,0.430611,6.048,4.27036e+06,3.50682e+06,9.8139e+06,0,0,0,2.14906e+08,15.4653,61.308,1.40008,0,0,2.28704,1.89701,0,1.76682,3.38688,8.87469e+06,4.68734e+06,2.02968e+07,0,0,0,5.83867e+07
42.6814,110.355,1.45499,0.68,0.02,2.29846,3.27393,0,0.430672,6.048,4.27036e+06,3.50682e+06,9.81528e+06,0,0,0,2.14906e+08,15.0065,61.308,1.55401,0,0,2.28723,1.89722,0,1.76697,3.38688,8.87469e+06,4.68734e+06,2.02984e+07,0,0,0,5.83867e+07
43.7353,110.355,3.35019,0.72,0.02,2.29879,3.27429,0,0.430732,6.048,4.27036e+06,3.50682e+06,9.81665e+06,0,0,0,2.14906e+08,14.796,61.308,1.93806,0,0,2.28741,1.89743,0,1.76711,3.38688,8.87469e+06,4.68734e+06,2.03001e+07,0,0,0,5.83867e+07
46.3299,110.355,4.98802,0.73,0.02,2.29911,3.27465,0,0.430792,6.048,4.27036e+06,3.50682e+06,9.81803e+06,0,0,0,2.14906e+08,14.9128,61.308,2.7055,0,0,2.2876,1.89764,0,1.76725,3.38688,8.87469e+06,4.68734e+06,2.03017e+07,0,0,0,5.83867e+07
49.5149,110.355,5.93366,0.73,0.02,2.3904,3.3776,0,0.430853,6.048,4.27036e+06,3.50682e+06,1.02079e+07,0,0,0,2.14906e+08,15.5773,61.308,4.08968,0,0,2.34219,1.95921,0,1.7674,3.38688,8.87469e+06,4.68734e+06,2.07862e+07,0,0,0,5.83867e+07
50.9062,110.355,4.05865,0.75,0.02,2.3907,3.37794,0,0.44796,6.048,4.27036e+06,3.50682e+06,1.02092e+07,0,0,0,2.14906e+08,16.0703,61.308,3.20288,0,0,2.34237,1.95941,0,1.80958,3.38688,8.87469e+06,4.68734e+06,2.07878e+07,0,0,0,5.83867e+07
51.0929,110.355,2.76411,0.73,0.02,2.39101,3.37829,0,0.448018,6.048,4.27036e+06,3.50682e+06,1.02105e+07,0,0,0,2.14906e+08,16.2382,61.308,2.58723,0,0,2.34255,1.95961,0,1.80972,3.38688,8.87469e+06,4.68734e+06,2.07894e+07,0,0,0,5.83867e+07
51.139,110.355,2.69221,0.74,0.02,2.39131,3.37863,0,0.448075,6.048,4.27036e+06,3.50682e+06,1.02118e+07,0,0,0,2.14906e+08,16.4415,61.308,2.75031,0,0,2.34273,1.95981,0,1.80985,3.38688,8.87469e+06,4.68734e+06,2.0791e+07,0,0,0,5.83867e+07
52.3294,110.355,4.24997,0.77,0.02,2.68388,3.70856,0,0.448132,6.048,4.27036e+06,3.50682e+06,1.14612e+07,0,0,0,2.14906e+08,16.666,61.308,3.11368,0,0,2.54727,2.19047,0,1.80999,3.38688,8.87469e+06,4.68734e+06,2.26062e+07,0,0,0,5.83867e+07
53.5647,110.355,4.17305,0.79,0.02,2.68564,3.70893,0,0.50296,6.048,4.27036e+06,3.50682e+06,1.14687e+07,0,0,0,2.14906e+08,16.7693,61.308,2.25996,0,0,2.54605,2.19069,0,1.96802,3.38688,8.87469e+06,4.68734e+06,2.25954e+07,0,0,0,5.83867e+07
56.0442,110.355,5.56417,0.8,0.02,2.6862,3.70931,0,0.503288,6.048,4.27036e+06,3.50682e+06,1.1471e+07,0,0,0,2.14906e+08,17.3135,61.308,3.59395,0,0,2.54602,2.19091,0,1.96708,3.38688,8.87469e+06,4.68734e+06,2.25952e+07,0,0,0,5.83867e+07
59.0665,110.355,6.14071,0.8,0.02,2.68676,3.70969,0,0.503393,6.048,4.27036e+06,3.50682e+06,1.14734e+07,0,0,0,2.14906e+08,18.2554,61.308,5.23751,0,0,2.546,2.19114,0,1.96706,3.38688,8.87469e+06,4.68734e+06,2.25949e+07,0,0,0,5.83867e+07
62.0131,110.355,5.95398,0.79,0.02,2.27028,3.23979,0,0.503498,6.048,4.27036e+06,3.50682e+06,9.69494e+06,0,0,0,2.14906e+08,18.6697,61.308,3.84421,0,0,2.2716,1.88196,0,1.96704,3.38688,8.87469e+06,4.68734e+06,2.01598e+07,0,0,0,5.83867e+07
64.3536,110.355,5.55893,0.78,0.02,2.26849,3.24012,0,0.425451,6.048,4.27036e+06,3.50682e+06,9.68727e+06,0,0,0,2.14906e+08,19.2958,61.308,3.89311,0,0,2.27386,1.88215,0,1.75504,3.38688,8.87469e+06,4.68734e+06,2.01798e+07,0,0,0,5.83867e+07
67.2917,110.355,6.01183,0.78,0.02,2.26878,3.24046,0,0.425115,6.048,4.27036e+06,3.50682e+06,9.68852e+06,0,0,0,2.14906e+08,19.9305,61.308,5.03159,0,0,2.27403,1.88234,0,1.75678,3.38688,8.87469e+06,4.68734e+06,2.01813e+07,0,0,0,5.83867e+07
74.8024,110.355,10.6671,0.81,0.02,2.26907,3.24079,0,0.425169,6.048,4.27036e+06,3.50682e+06,9.68977e+06,0,0,0,2.14906e+08,21.7569,61.308,7.00437,0,0,2.2742,1.88254,0,1.75692,3.38688,8.87469e+06,4.68734e+06,2.01828e+07,0,0,0,5.83867e+07
77.9179,110.355,6.20832,0.76,0.02,2.26937,3.24112,0,0.425224,6.048,4.27036e+06,3.50682e+06,9.69102e+06,0,0,0,2.14906e+08,22.5032,61.308,4.73307,0,0,2.27437,1.88273,0,1.75705,3.38688,8.87469e+06,4.68734e+06,2.01843e+07,0,0,0,5.83867e+07
80.3258,110.355,5.50836,0.77,0.02,2.37469,3.35988,0,0.425279,6.048,4.27036e+06,3.50682e+06,1.01408e+07,0,0,0,2.14906e+08,23.1738,61.308,4.64166,0,0,2.3417,1.95865,0,1.75718,3.38688,8.87469e+06,4.68734e+06,2.07818e+07,0,0,0,5.83867e+07
83.3949,110.355,6.21287,0.75,0.02,2.37499,3.36023,0,0.445016,6.048,4.27036e+06,3.50682e+06,1.01421e+07,0,0,0,2.14906e+08,23.9586,61.308,4.84633,0,0,2.34187,1.95885,0,1.8092,3.38688,8.87469e+06,4.68734e+06,2.07834e+07,0,0,0,5.83867e+07
86.2036,110.355,5.92983,0.75,0.02,2.37529,3.36057,0,0.445073,6.048,4.27036e+06,3.50682e+06,1.01434e+07,0,0,0,2.14906e+08,24.6432,61.308,4.87534,0,0,2.34205,1.95905,0,1.80933,3.38688,8.87469e+06,4.68734e+06,2.0785e+07,0,0,0,5.83867e+07
88.4574,110.355,5.88884,0.65,0.02,2.3756,3.36091,0,0.44513,6.048,4.27036e+06,3.50682e+06,1.01447e+07,0,0,0,2.14906e+08,25.131,61.308,4.12704,0,0,2.34223,1.95925,0,1.80947,3.38688,8.87469e+06,4.68734e+06,2.07865e+07,0,0,0,5.83867e+07
89.031,110.355,3.4809,0.61,0.02,2.33482,3.31493,0,0.445187,6.048,4.27036e+06,3.50682e+06,9.97054e+06,0,0,0,2.14906e+08,25.134,61.308,2.69399,0,0,2.31631,1.93002,0,1.80961,3.38688,8.87469e+06,4.68734e+06,2.05565e+07,0,0,0,5.83867e+07
89.2364,110.355,3.0809,0.58,0.02,2.33512,3.31527,0,0.437545,6.048,4.27036e+06,3.50682e+06,9.97182e+06,0,0,0,2.14906e+08,25.0609,61.308,2.38149,0,0,2.31649,1.93022,0,1.78958,3.38688,8.87469e+06,4.68734e+06,2.05581e+07,0,0,0,5.83867e+07
89.179,110.355,2.78576,0.55,0.02,2.33542,3.3156,0,0.437602,6.048,4.27036e+06,3.50682e+06,9.9731e+06,0,0,0,2.14906e+08,24.8912,61.308,2.15572,0,0,2.31666,1.93042,0,1.78972,3.38688,8.87469e+06,4.68734e+06,2.05596e+07,0,0,0,5.83867e+07
88.9432,110.355,2.56295,0.52,0.02,2.33572,3.31594,0,0.437658,6.048,4.27036e+06,3.50682e+06,9.97438e+06,0,0,0,2.14906e+08,24.6592,61.308,2.04659,0,0,2.31684,1.93061,0,1.78985,3.38688,8.87469e+06,4.68734e+06,2.05612e+07,0,0,0,5.83867e+07
88.4088,110.355,2.32224,0.47,0.02,2.47552,3.47359,0,0.437714,6.048,4.27036e+06,3.50682e+06,1.05714e+07,0,0,0,2.14906e+08,24.1308,61.308,1.90656,0,0,2.40958,2.0352,0,1.78999,3.38688,8.87469e+06,4.68734e+06,2.13843e+07,0,0,0,5.83867e+07
87.6243,110.355,2.04992,0.43,0.02,2.47584,3.47395,0,0.463913,6.048,4.27036e+06,3.50682e+06,1.05727e+07,0,0,0,2.14906e+08,23.5309,61.308,1.68683,0,0,2.40977,2.03541,0,1.86164,3.38688,8.87469e+06,4.68734e+06,2.13859e+07,0,0,0,5.83867e+07
86.4532,110.355,1.98514,0.38,0.02,2.8695,3.4743,0,0.463972,6.048,4.27036e+06,2.70226e+06,1.22538e+07,0,0,0,2.14906e+08,22.832,61.308,1.52298,0,0,2.64042,2.03562,0,1.86179,3.38688,8.87469e+06,3.61194e+06,2.34329e+07,0,0,0,5.83867e+07
85.1051,110.355,1.75607,0.28,0.02,2.86986,3.47466,0,0.537745,6.048,4.27036e+06,2.70226e+06,1.22553e+07,0,0,0,2.14906e+08,22.051,61.308,1.43473,0,0,2.64062,2.03582,0,2.03999,3.38688,8.87469e+06,3.61194e+06,2.34347e+07,0,0,0,5.83867e+07
83.7237,110.355,1.65178,0.29,0.02,2.87021,3.47501,0,0.537811,6.048,4.27036e+06,2.70226e+06,1.22569e+07,0,0,0,2.14906e+08,21.2518,61.308,1.3718,0,0,2.64083,2.03603,0,2.04015,3.38688,8.87469e+06,3.61194e+06,2.34366e+07,0,0,0,5.83867e+07
82.2269,110.355,1.51762,0.33,0.02,2.83944,3.44424,0,0.537878,6.048,4.27036e+06,2.70226e+06,1.21254e+07,0,0,0,2.14906e+08,20.3983,61.308,1.34627,0,0,2.69844,2.09364,0,2.04031,3.38688,8.87469e+06,3.61194e+06,2.39478e+07,0,0,0,5.83867e+07
80.6109,110.355,1.37535,0.3,0.02,2.83979,3.44459,0,0.532111,6.048,4.27036e+06,2.70226e+06,1.21269e+07,0,0,0,2.14906e+08,19.5245,61.308,1.21518,0,0,2.69866,2.09386,0,2.08482,3.38688,8.87469e+06,3.61194e+06,2.39497e+07,0,0,0,5.83867e+07
78.9724,110.355,1.29917,0.28,0.02,2.84014,3.44494,0,0.532177,6.048,4.27036e+06,2.70226e+06,1.21284e+07,0,0,0,2.14906e+08,18.5378,61.308,1.19478,0,0,2.69887,2.09407,0,2.08498,3.38688,8.87469e+06,3.61194e+06,2.39516e+07,0,0,0,5.83867e+07
77.1816,110.355,1.12985,0.27,0.02,2.84049,3.44529,0,0.532243,6.048,4.27036e+06,2.70226e+06,1.21299e+07,0,0,0,2.14906e+08,17.4884,61.308,1.13154,0,0,2.69908,2.09428,0,2.08515,3.38688,8.87469e+06,3.61194e+06,2.39535e+07,0,0,0,5.83867e+07
75.2506,110.355,1.06594,0.3,0.02,2.92126,3.52606,0,0.532308,6.048,4.27036e+06,2.70226e+06,1.24748e+07,0,0,0,2.14906e+08,16.5526,61.308,1.16239,0,0,2.75048,2.14568,0,2.08531,3.38688,8.87469e+06,3.61194e+06,2.44096e+07,0,0,0,5.83867e+07
73.2668,110.355,0.984183,0.29,0.02,2.92162,3.52642,0,0.547444,6.048,4.27036e+06,2.70226e+06,1.24764e+07,0,0,0,2.14906e+08,15.5004,61.308,1.1704,0,0,2.7507,2.1459,0,2.12502,3.38688,8.87469e+06,3.61194e+06,2.44116e+07,0,0,0,5.83867e+07
71.2299,110.355,0.912812,0.16,0.02,2.92198,3.52678,0,0.547511,6.048,4.27036e+06,2.70226e+06,1.24779e+07,0,0,0,2.14906e+08,14.5229,61.308,1.04512,0,0,2.75091,2.14611,0,2.12519,3.38688,8.87469e+06,3.61194e+06,2.44135e+07,0,0,0,5.83867e+07
69.232,110.355,0.927381,0.31,0.02,2.92234,3.52714,0,0.547579,6.048,4.27036e+06,2.70226e+06,1.24794e+07,0,0,0,2.14906e+08,13.5685,61.308,1.17823,0,0,2.75113,2.14633,0,2.12536,3.38688,8.87469e+06,3.61194e+06,2.44155e+07,0,0,0,5.83867e+07
66.9228,110.355,0.802209,0.19,0.02,3.15828,3.76308,0,0.547646,6.048,4.27036e+06,2.70226e+06,1.3487e+07,0,0,0,2.14906e+08,12.5581,61.308,1.1481,0,0,2.93616,2.33136,0,2.12553,3.38688,8.87469e+06,3.61194e+06,2.60575e+07,0,0,0,5.83867e+07
64.4127,110.355,0.692449,0.19,0.02,3.30098,3.76347,0,0.591862,6.048,4.27036e+06,2.70226e+06,1.40964e+07,0,0,0,2.14906e+08,11.4976,61.308,1.09537,0,0,2.79409,2.3316,0,2.26848,3.38688,8.87469e+06,3.61194e+06,2.47966e+07,0,0,0,5.83867e+07
61.8541,110.355,0.611223,0.14,0.02,3.3016,3.76385,0,0.618604,6.048,4.27036e+06,2.70226e+06,1.4099e+07,0,0,0,2.14906e+08,10.3306,61.308,1.01016,0,0,2.79409,2.33184,0,2.15871,3.38688,8.87469e+06,3.61194e+06,2.47966e+07,0,0,0,5.83867e+07
58.8921,110.355,0.536714,0,0.02,3.76423,3.76423,0,0.61872,6.048,4.27036e+06,2.70226e+06,1.60747e+07,0,0,0,2.14906e+08,9.39926,61.308,0.899334,0,0,2.33207,2.33207,0,2.15871,3.38688,8.87469e+06,3.61194e+06,2.06964e+07,0,0,0,5.83867e+07
56.2964,110.355,0.865342,0,0.02,3.76462,3.76462,0,0.705418,6.048,4.27036e+06,2.70226e+06,1.60763e+07,0,0,0,2.14906e+08,8.72734,61.308,1.23821,0,0,2.33231,2.33231,0,1.80176,3.38688,8.87469e+06,3.61194e+06,2.06985e+07,0,0,0,5.83867e+07
53.9354,110.355,1.03847,0,0.02,3.65013,3.65013,0,0.705489,6.048,4.27036e+06,2.70226e+06,1.55874e+07,0,0,0,2.14906e+08,8.29006,61.308,1.46642,0,0,2.22032,2.22032,0,1.80194,3.38688,8.87469e+06,3.61194e+06,1.97047e+07,0,0,0,5.83867e+07
51.7565,110.355,1.19582,0,0.02,3.6505,3.6505,0,0.684034,6.048,4.27036e+06,2.70226e+06,1.5589e+07,0,0,0,2.14906e+08,7.96259,61.308,1.81399,0,0,2.22055,2.22055,0,1.71542,3.38688,8.87469e+06,3.61194e+06,1.97067e+07,0,0,0,5.83867e+07
49.584,110.355,1.19264,0,0.02,3.65087,3.65087,0,0.684104,6.048,4.27036e+06,2.70226e+06,1.55906e+07,0,0,0,2.14906e+08,7.63378,61.308,1.80393,0.01,0,2.22077,2.22077,0,1.71559,3.38688,8.87469e+06,3.61194e+06,1.97087e+07,0,0,0,5.83867e+07
47.5865,110.355,1.47426,0,0.02,3.65124,3.65124,0,0.684173,6.048,4.27036e+06,2.70226e+06,1.55921e+07,0,0,0,2.14906e+08,7.42808,61.308,2.31173,0.01,0,2.221,2.221,0,1.71577,3.38688,8.87469e+06,3.61194e+06,1.97107e+07,0,0,0,5.83867e+07
45.4931,110.355,1.12148,0,0.02,3.55729,3.55729,0,0.684243,6.048,4.27036e+06,2.70226e+06,1.51909e+07,0,0,0,2.14906e+08,7.05484,61.308,1.60044,0.01,0,2.11903,2.11903,0,1.71594,3.38688,8.87469e+06,3.61194e+06,1.88057e+07,0,0,0,5.83867e+07
43.8191,110.355,1.54645,0,0.02,3.55765,3.55765,0,0.666635,6.048,4.27036e+06,2.70226e+06,1.51925e+07,0,0,0,2.14906e+08,6.81902,61.308,2.03506,0.01,0,2.11924,2.11924,0,1.63716,3.38688,8.87469e+06,3.61194e+06,1.88076e+07,0,0,0,5.83867e+07
42.9619,110.355,2.41092,0,0.02,3.55801,3.55801,0,0.666703,6.048,4.27036e+06,2.70226e+06,1.5194e+07,0,0,0,2.14906e+08,6.83827,61.308,2.64024,0.01,0,2.11946,2.11946,0,1.63733,3.38688,8.87469e+06,3.61194e+06,1.88095e+07,0,0,0,5.83867e+07
43.5769,110.355,3.88317,0,0.02,3.55837,3.55837,0,0.666771,6.048,4.27036e+06,2.70226e+06,1.51956e+07,0,0,0,2.14906e+08,7.14119,61.308,3.29905,0.01,0,2.11968,2.11968,0,1.63749,3.38688,8.87469e+06,3.61194e+06,1.88115e+07,0,0,0,5.83867e+07
42.6407,110.355,2.15685,0,0.02,3.29072,3.29072,0,0.666839,6.048,4.27036e+06,2.70226e+06,1.40526e+07,0,0,0,2.14906e+08,7.34198,61.308,3.12165,0.01,0,1.90696,1.90696,0,1.63766,3.38688,8.87469e+06,3.61194e+06,1.69236e+07,0,0,0,5.83867e+07
43.0718,110.355,3.50482,0,0.02,3.29106,3.29106,0,0.616681,6.048,4.27036e+06,2.70226e+06,1.4054e+07,0,0,0,2.14906e+08,7.23108,61.308,3.30085,0.01,0,1.90715,1.90715,0,1.47331,3.38688,8.87469e+06,3.61194e+06,1.69254e+07,0,0,0,5.83867e+07
44.1269,110.355,4.21399,0,0.02,3.29139,3.29139,0,0.616744,6.048,4.27036e+06,2.70226e+06,1.40555e+07,0,0,0,2.14906e+08,7.18999,61.308,3.0614,0.01,0,1.90734,1.90734,0,1.47346,3.38688,8.87469e+06,3.61194e+06,1.69271e+07,0,0,0,5.83867e+07
45.3663,110.355,4.53143,0,0.02,3.29173,3.29173,0,0.616807,6.048,4.27036e+06,2.70226e+06,1.40569e+07,0,0,0,2.14906e+08,8.95341,61.308,8.49195,0.01,0,1.90754,1.90754,0,1.47361,3.38688,8.87469e+06,3.61194e+06,1.69288e+07,0,0,0,5.83867e+07
46.2747,110.355,4.08229,0,0.02,3.29206,3.29206,0,0.61687,6.048,4.27036e+06,2.70226e+06,1.40583e+07,0,0,0,2.14906e+08,9.23409,61.308,4.02447,0.01,0,1.90773,1.90773,0,1.47376,3.38688,8.87469e+06,3.61194e+06,1.69305e+07,0,0,0,5.83867e+07
45.8853,110.355,2.72397,0,0.02,3.39553,3.39553,0,0.616933,6.048,4.27036e+06,2.70226e+06,1.45001e+07,0,0,0,4.74109e+08,9.17653,61.308,2.29787,0,0,1.96961,1.96961,0,1.47391,3.38688,8.87469e+06,3.61194e+06,1.74797e+07,0,0,0,5.83867e+07
47.288,110.355,4.65528,0,0.02,3.39584,3.39584,0,0.636322,6.048,4.27036e+06,2.70226e+06,1.45015e+07,0,0,0,4.74109e+08,9.59188,61.308,3.64838,0.01,0,1.96979,1.96979,0,1.52172,3.38688,8.87469e+06,3.61194e+06,1.74813e+07,0,0,0,5.83867e+07
51.0346,110.355,7.24192,0,0.02,3.39616,3.39616,0,0.636381,6.048,4.27036e+06,2.70226e+06,1.45028e+07,0,0,0,4.74109e+08,11.5341,61.308,7.99506,0,0,1.96998,1.96998,0,1.52186,3.38688,8.87469e+06,3.61194e+06,1.74829e+07,0,0,0,5.83867e+07
56.6958,110.355,9.47085,0,0.02,3.39647,3.39647,0,0.63644,6.048,4.27036e+06,2.70226e+06,1.45042e+07,0,0,0,4.74109e+08,13.2816,61.308,9.42923,0,0,1.97016,1.97016,0,1.522,3.38688,8.87469e+06,3.61194e+06,1.74846e+07,0,0,0,5.83867e+07
58.4948,110.355,5.72266,0,0.02,3.72811,3.72811,0,0.636499,6.048,4.27036e+06,2.70226e+06,1.59204e+07,0,0,0,4.74109e+08,14.1298,61.308,5.47703,0,0,2.20201,2.20201,0,1.52215,3.38688,8.87469e+06,3.61194e+06,1.95422e+07,0,0,0,5.83867e+07
60.2964,110.355,5.70426,0,0.02,3.72845,3.72845,0,0.698647,6.048,4.27036e+06,2.70226e+06,1.59219e+07,0,0,0,4.74109e+08,14.7403,61.308,4.32456,0,0,2.20222,2.20222,0,1.70128,3.38688,8.87469e+06,3.61194e+06,1.9544e+07,0,0,0,5.83867e+07
60.8268,110.355,4.40747,0,0.02,3.7288,3.7288,0,0.698712,6.048,4.27036e+06,2.70226e+06,1.59233e+07,0,0,0,4.74109e+08,15.1727,61.308,3.54784,0,0,2.20242,2.20242,0,1.70143,3.38688,8.87469e+06,3.61194e+06,1.95458e+07,0,0,0,5.83867e+07
65.4305,110.355,8.60277,0,0.02,3.72915,3.72915,0,0.698777,6.048,4.27036e+06,2.70226e+06,1.59248e+07,0,0,0,4.74109e+08,16.7917,61.308,7.68766,0,0,2.20263,2.20263,0,1.70159,3.38688,8.87469e+06,3.61194e+06,1.95476e+07,0,0,0,5.83867e+07
65.6672,110.355,3.6895,0,0.02,3.25676,3.25676,0,0.698842,6.048,4.27036e+06,2.70226e+06,1.39075e+07,0,0,0,4.74109e+08,17.2293,61.308,4.14881,0,0,1.89181,1.89181,0,1.70175,3.38688,8.87469e+06,3.61194e+06,1.67893e+07,0,0,0,5.83867e+07
66.8399,110.355,4.68872,0,0.02,3.25706,3.25706,0,0.610316,6.048,4.27036e+06,2.70226e+06,1.39088e+07,0,0,0,4.74109e+08,18.24,61.308,4.88483,0,0,1.89199,1.89199,0,1.46162,3.38688,8.87469e+06,3.61194e+06,1.67908e+07,0,0,0,5.83867e+07
67.685,110.355,4.4381,0,0.02,3.25736,3.25736,0,0.610373,6.048,4.27036e+06,2.70226e+06,1.39101e+07,0,0,0,4.74109e+08,18.5984,61.308,3.94324,0,0,1.89217,1.89217,0,1.46175,3.38688,8.87469e+06,3.61194e+06,1.67924e+07,0,0,0,5.83867e+07
67.6893,110.355,3.52168,0,0.02,3.25767,3.25767,0,0.61043,6.048,4.27036e+06,2.70226e+06,1.39114e+07,0,0,0,4.74109e+08,18.8196,61.308,3.23835,0,0,1.89234,1.89234,0,1.46189,3.38688,8.87469e+06,3.61194e+06,1.67939e+07,0,0,0,5.83867e+07
68.845,110.355,4.75852,0,0.02,3.25797,3.25797,0,0.610487,6.048,4.27036e+06,2.70226e+06,1.39127e+07,0,0,0,4.74109e+08,19.1471,61.308,3.56353,0,0,1.89252,1.89252,0,1.46202,3.38688,8.87469e+06,3.61194e+06,1.67955e+07,0,0,0,5.83867e+07
70.0646,110.355,4.9065,0,0.02,3.37732,3.37732,0,0.610544,6.048,4.27036e+06,2.70226e+06,1.44224e+07,0,0,0,4.74109e+08,19.4559,61.308,3.71489,0,0,1.96882,1.96882,0,1.46216,3.38688,8.87469e+06,3.61194e+06,1.74726e+07,0,0,0,5.83867e+07
71.0953,110.355,4.66925,0,0.02,3.37764,3.37764,0,0.632911,6.048,4.27036e+06,2.70226e+06,1.44237e+07,0,0,0,4.74109e+08,19.7131,61.308,3.47723,0,0,1.969,1.969,0,1.52111,3.38688,8.87469e+06,3.61194e+06,1.74743e+07,0,0,0,5.83867e+07
71.3479,110.355,3.85378,0,0.02,3.37795,3.37795,0,0.632969,6.048,4.27036e+06,2.70226e+06,1.44251e+07,0,0,0,4.74109e+08,19.7131,61.308,2.92703,0,0,1.96918,1.96918,0,1.52125,3.38688,8.87469e+06,3.61194e+06,1.74759e+07,0,0,0,5.83867e+07
71.4283,110.355,3.65675,0,0.02,3.37827,3.37827,0,0.633028,6.048,4.27036e+06,2.70226e+06,1.44264e+07,0,0,0,4.74109e+08,19.7135,61.308,2.84189,0,0,1.96937,1.96937,0,1.52139,3.38688,8.87469e+06,3.61194e+06,1.74775e+07,0,0,0,5.83867e+07
70.9324,110.355,3.01834,0,0.02,3.33202,3.33202,0,0.633087,6.048,4.27036e+06,2.70226e+06,1.42289e+07,0,0,0,4.74109e+08,19.7461,61.308,3.10974,0,0,1.93997,1.93997,0,1.52153,3.38688,8.87469e+06,3.61194e+06,1.72167e+07,0,0,0,5.83867e+07
70.1251,110.355,2.67099,0,0.02,3.33233,3.33233,0,0.62442,6.048,4.27036e+06,2.70226e+06,1.42303e+07,0,0,0,4.74109e+08,19.6924,61.308,2.7301,0,0,1.94015,1.94015,0,1.49882,3.38688,8.87469e+06,3.61194e+06,1.72183e+07,0,0,0,5.83867e+07
69.1155,110.355,2.43317,0,0.02,3.33264,3.33264,0,0.624478,6.048,4.27036e+06,2.70226e+06,1.42316e+07,0,0,0,4.74109e+08,19.5719,61.308,2.49891,0,0,1.94033,1.94033,0,1.49896,3.38688,8.87469e+06,3.61194e+06,1.72199e+07,0,0,0,5.83867e+07
67.9768,110.355,2.26596,0,0.02,3.33295,3.33295,0,0.624536,6.048,4.27036e+06,2.70226e+06,1.42329e+07,0,0,0,4.74109e+08,19.4356,61.308,2.45985,0,0,1.94052,1.94052,0,1.4991,3.38688,8.87469e+06,3.61194e+06,1.72215e+07,0,0,0,5.83867e+07
66.71,110.355,2.21624,0,0.02,3.49138,3.49138,0,0.624594,6.048,4.27036e+06,2.70226e+06,1.49095e+07,0,0,0,4.74109e+08,19.3226,61.308,2.68282,0,0,2.04562,2.04562,0,1.49924,3.38688,8.87469e+06,3.61194e+06,1.81542e+07,0,0,0,5.83867e+07
65.4183,110.355,2.16238,0,0.02,3.4917,3.4917,0,0.654284,6.048,4.27036e+06,2.70226e+06,1.49108e+07,0,0,0,4.74109e+08,19.2872,61.308,2.63282,0,0,2.04581,2.04581,0,1.58045,3.38688,8.87469e+06,3.61194e+06,1.81559e+07,0,0,0,5.83867e+07
64.0098,110.355,2.02239,0,0.02,3.49203,3.49203,0,0.654345,6.048,4.27036e+06,2.70226e+06,1.49122e+07,0,0,0,4.74109e+08,19.1932,61.308,2.49692,0,0,2.046,2.046,0,1.58059,3.38688,8.87469e+06,3.61194e+06,1.81576e+07,0,0,0,5.83867e+07
62.5254,110.355,1.89654,0,0.02,3.49235,3.49235,0,0.654406,6.048,4.27036e+06,2.70226e+06,1.49136e+07,0,0,0,4.74109e+08,19.0471,61.308,2.41275,0,0,2.04619,2.04619,0,1.58074,3.38688,8.87469e+06,3.61194e+06,1.81593e+07,0,0,0,5.83867e+07
61.3852,110.355,2.20424,0,0.02,3.49268,3.49268,0,0.654467,6.048,4.27036e+06,2.70226e+06,1.4915e+07,0,0,0,4.74109e+08,18.892,61.308,2.35171,0,0,2.04638,2.04638,0,1.58089,3.38688,8.87469e+06,3.61194e+06,1.8161e+07,0,0,0,5.83867e+07
60.6757,110.355,2.61609,0,0.02,3.46172,3.46172,0,0.654528,6.048,4.27036e+06,2.70226e+06,1.47828e+07,0,0,0,4.74109e+08,18.7509,61.308,2.35183,0,0,2.10427,2.10427,0,1.58103,3.38688,8.87469e+06,3.61194e+06,1.86747e+07,0,0,0,5.83867e+07
59.7795,110.355,2.39095,0,0.02,3.46204,3.46204,0,0.648726,6.048,4.27036e+06,2.70226e+06,1.47842e+07,0,0,0,4.74109e+08,18.5616,61.308,2.19732,0,0,2.10446,2.10446,0,1.62576,3.38688,8.87469e+06,3.61194e+06,1.86765e+07,0,0,0,5.83867e+07
58.6791,110.355,2.16169,0,0.02,3.46236,3.46236,0,0.648786,6.048,4.27036e+06,2.70226e+06,1.47855e+07,0,0,0,4.74109e+08,18.3373,61.308,2.20237,0,0,2.10466,2.10466,0,1.62591,3.38688,8.87469e+06,3.61194e+06,1.86782e+07,0,0,0,5.83867e+07
57.5569,110.355,2.11766,0,0.02,3.46268,3.46268,0,0.648847,6.048,4.27036e+06,2.70226e+06,1.47869e+07,0,0,0,4.74109e+08,18.1026,61.308,2.23837,0,0,2.10485,2.10485,0,1.62606,3.38688,8.87469e+06,3.61194e+06,1.86799e+07,0,0,0,5.83867e+07
56.3614,110.355,2.07884,0,0.02,3.54383,3.54383,0,0.648907,6.048,4.27036e+06,2.70226e+06,1.51334e+07,0,0,0,4.74109e+08,17.877,61.308,2.04037,0,0,2.15649,2.15649,0,1.62621,3.38688,8.87469e+06,3.61194e+06,1.91382e+07,0,0,0,5.83867e+07
55.0981,110.355,1.98014,0,0.02,3.54416,3.54416,0,0.664113,6.048,4.27036e+06,2.70226e+06,1.51348e+07,0,0,0,4.74109e+08,17.5708,61.308,2.13354,0,0,2.15669,2.15669,0,1.6661,3.38688,8.87469e+06,3.61194e+06,1.91399e+07,0,0,0,5.83867e+07
54.067,110.355,2.19818,0,0.02,3.54449,3.54449,0,0.664175,6.048,4.27036e+06,2.70226e+06,1.51362e+07,0,0,0,4.74109e+08,17.3376,61.308,2.26344,0,0,2.15689,2.15689,0,1.66626,3.38688,8.87469e+06,3.61194e+06,1.91417e+07,0,0,0,5.83867e+07
52.8577,110.355,2.01409,0,0.02,3.54482,3.54482,0,0.664237,6.048,4.27036e+06,2.70226e+06,1.51377e+07,0,0,0,4.74109e+08,17.0234,61.308,1.94108,0,0,2.15709,2.15709,0,1.66641,3.38688,8.87469e+06,3.61194e+06,1.91435e+07,0,0,0,5.83867e+07
51.2741,110.355,1.78694,0,0.02,3.78191,3.78191,0,0.664298,6.048,4.27036e+06,2.70226e+06,1.61501e+07,0,0,0,4.74109e+08,16.7277,61.308,1.84723,0,0,2.34303,2.34303,0,1.66657,3.38688,8.87469e+06,3.61194e+06,2.07936e+07,0,0,0,5.83867e+07
49.5763,110.355,1.64764,0,0.02,3.78226,3.78226,0,0.70873,6.048,4.27036e+06,2.70226e+06,1.61516e+07,0,0,0,4.74109e+08,16.4561,61.308,2.06674,0,0,2.34324,2.34324,0,1.81022,3.38688,8.87469e+06,3.61194e+06,2.07956e+07,0,0,0,5.83867e+07
47.837,110.355,1.56893,0,0.02,3.78261,3.78261,0,0.708796,6.048,4.27036e+06,2.70226e+06,1.61531e+07,0,0,0,4.74109e+08,16.1724,61.308,2.02533,0,0,2.34346,2.34346,0,1.81039,3.38688,8.87469e+06,3.61194e+06,2.07975e+07,0,0,0,5.83867e+07
46.1488,110.355,1.58093,0,0.02,3.78297,3.78297,0,0.708862,6.048,4.27036e+06,2.70226e+06,1.61546e+07,0,0,0,4.74109e+08,15.8699,61.308,1.98564,0,0,2.34368,2.34368,0,1.81056,3.38688,8.87469e+06,3.61194e+06,2.07994e+07,0,0,0,5.83867e+07
44.4412,110.355,1.56132,0,0.02,3.78332,3.78332,0,0.708928,6.048,4.27036e+06,2.70226e+06,1.61561e+07,0,0,0,4.74109e+08,15.5727,61.308,1.85171,0,0,2.3439,2.3439,0,1.81073,3.38688,8.87469e+06,3.61194e+06,2.08014e+07,0,0,0,5.83867e+07
43.129,110.355,1.87104,0,0.02,3.66823,3.66823,0,0.708994,6.048,4.27036e+06,2.70226e+06,1.56647e+07,0,0,0,4.74109e+08,15.5284,61.308,2.41734,0,0,2.23133,2.23133,0,1.81089,3.38688,8.87469e+06,3.61194e+06,1.98024e+07,0,0,0,5.83867e+07
42.0728,110.355,2.10388,0,0.02,3.66857,3.66857,0,0.687425,6.048,4.27036e+06,2.70226e+06,1.56661e+07,0,0,0,4.74109e+08,15.8383,61.308,3.37039,0,0,2.23154,2.23154,0,1.72393,3.38688,8.87469e+06,3.61194e+06,1.98042e+07,0,0,0,5.83867e+07
40.8204,110.355,1.86611,0,0.02,3.66891,3.66891,0,0.687489,6.048,4.27036e+06,2.70226e+06,1.56676e+07,0,0,0,4.74109e+08,15.8981,61.308,2.69638,0,0,2.23174,2.23174,0,1.72409,3.38688,8.87469e+06,3.61194e+06,1.9806e+07,0,0,0,5.83867e+07
40.1378,110.355,2.4445,0,0.02,3.66925,3.66925,0,0.687553,6.048,4.27036e+06,2.70226e+06,1.5669e+07,0,0,0,4.74109e+08,16.3907,61.308,4.22983,0,0,2.23195,2.23195,0,1.72425,3.38688,8.87469e+06,3.61194e+06,1.98079e+07,0,0,0,5.83867e+07
39.886,110.355,2.87522,0,0.02,3.5748,3.5748,0,0.687617,6.048,4.27036e+06,2.70226e+06,1.52657e+07,0,0,0,4.74109e+08,17.207,61.308,5.12003,0,0,2.12946,2.12946,0,1.72441,3.38688,8.87469e+06,3.61194e+06,1.88983e+07,0,0,0,5.83867e+07
38.546,110.355,1.70992,0,0.02,3.57513,3.57513,0,0.669917,6.048,4.27036e+06,2.70226e+06,1.52671e+07,0,0,0,4.74109e+08,17.2792,61.308,2.63865,0,0,2.12966,2.12966,0,1.64522,3.38688,8.87469e+06,3.61194e+06,1.89e+07,0,0,0,5.83867e+07
38.368,110.355,2.9125,0,0.02,3.57546,3.57546,0,0.669979,6.048,4.27036e+06,2.70226e+06,1.52685e+07,0,0,0,4.74109e+08,17.5893,61.308,2.87061,0,0,2.12985,2.12985,0,1.64537,3.38688,8.87469e+06,3.61194e+06,1.89018e+07,0,0,0,5.83867e+07
37.7298,110.355,2.41773,0,0.02,3.57579,3.57579,0,0.670041,6.048,4.27036e+06,2.70226e+06,1.52699e+07,0,0,0,4.74109e+08,18.3933,61.308,5.00887,0,0,2.13005,2.13005,0,1.64553,3.38688,8.87469e+06,3.61194e+06,1.89036e+07,0,0,0,5.83867e+07
38.3158,110.355,3.52616,0,0.02,3.3068,3.3068,0,0.670104,6.048,4.27036e+06,2.70226e+06,1.41213e+07,0,0,0,4.74109e+08,19.651,61.308,4.93492,0,0,1.91627,1.91627,0,1.64568,3.38688,8.87469e+06,3.61194e+06,1.70063e+07,0,0,0,5.83867e+07
38.5395,110.355,3.17936,0,0.02,3.30711,3.30711,0,0.619695,6.048,4.27036e+06,2.70226e+06,1.41226e+07,0,0,0,4.74109e+08,21.9892,61.308,6.03609,0,0,1.91645,1.91645,0,1.48051,3.38688,8.87469e+06,3.61194e+06,1.70079e+07,0,0,0,5.83867e+07
39.461,110.355,3.82375,0,0.02,3.30742,3.30742,0,0.619753,6.048,4.27036e+06,2.70226e+06,1.41239e+07,0,0,0,4.74109e+08,24.564,61.308,6.62842,0,0,1.91663,1.91663,0,1.48065,3.38688,8.87469e+06,3.61194e+06,1.70095e+07,0,0,0,5.83867e+07
40.3029,110.355,3.92413,0,0.02,3.30773,3.30773,0,0.61981,6.048,4.27036e+06,2.70226e+06,1.41252e+07,0,0,0,4.74109e+08,26.8075,61.308,6.21177,0,0,1.91681,1.91681,0,1.48079,3.38688,8.87469e+06,3.61194e+06,1.70111e+07,0,0,0,5.83867e+07
47.539,110.355,10.3761,0,0.02,3.30803,3.30803,0,0.619868,6.048,4.27036e+06,2.70226e+06,1.41265e+07,0,0,0,4.74109e+08,31.7185,61.308,10.2609,0,0,1.91699,1.91699,0,1.48093,3.38688,8.87469e+06,3.61194e+06,1.70127e+07,0,0,0,5.83867e+07
47.1645,110.355,2.8699,0,0.04,3.41197,3.41197,0,0.619925,6.048,4.27036e+06,2.70226e+06,1.45703e+07,0,0,0,4.74109e+08,32.0472,61.308,2.80416,0,0,1.97915,1.97915,0,1.48106,3.38688,8.87469e+06,3.61194e+06,1.75643e+07,0,0,0,5.83867e+07
46.4808,110.355,2.53061,0,0.04,3.41226,3.41226,0,0.639403,6.048,4.27036e+06,2.70226e+06,1.45716e+07,0,0,0,4.74109e+08,32.1804,61.308,2.56039,0,0,1.97931,1.97931,0,1.52909,3.38688,8.87469e+06,3.61194e+06,1.75658e+07,0,0,0,5.83867e+07
47.5119,110.355,4.29934,0,0.04,3.41254,3.41254,0,0.639457,6.048,4.27036e+06,2.70226e+06,1.45728e+07,0,0,0,4.74109e+08,32.4502,61.308,2.98229,0,0,1.97948,1.97948,0,1.52922,3.38688,8.87469e+06,3.61194e+06,1.75673e+07,0,0,0,5.83867e+07
49.9154,110.355,5.6983,0,0.04,3.41283,3.41283,0,0.639511,6.048,4.27036e+06,2.70226e+06,1.4574e+07,0,0,0,4.74109e+08,33.7636,61.308,7.12324,0,0,1.97965,1.97965,0,1.52935,3.38688,8.87469e+06,3.61194e+06,1.75688e+07,0,0,0,5.83867e+07
52.149,110.355,5.94904,0,0.04,3.74603,3.74603,0,0.639565,6.048,4.27036e+06,2.70226e+06,1.59969e+07,0,0,0,4.74109e+08,34.9116,61.308,5.49526,0,0,2.2126,2.2126,0,1.52948,3.38688,8.87469e+06,3.61194e+06,1.96361e+07,0,0,0,5.83867e+07
54.6079,110.355,6.22964,0,0.04,3.74634,3.74634,0,0.702006,6.048,4.27036e+06,2.70226e+06,1.59983e+07,0,0,0,4.74109e+08,35.9689,61.308,5.57731,0,0,2.21279,2.21279,0,1.70945,3.38688,8.87469e+06,3.61194e+06,1.96378e+07,0,0,0,5.83867e+07
57.2356,110.355,6.48227,0,0.04,3.74666,3.74666,0,0.702065,6.048,4.27036e+06,2.70226e+06,1.59996e+07,0,0,0,4.74109e+08,37.3444,61.308,6.6006,0,0,2.21297,2.21297,0,1.7096,3.38688,8.87469e+06,3.61194e+06,1.96394e+07,0,0,0,5.83867e+07
60.3863,110.355,7.02627,0,0.04,3.74698,3.74698,0,0.702124,6.048,4.27036e+06,2.70226e+06,1.6001e+07,0,0,0,4.74109e+08,38.8045,61.308,7.46532,0,0,2.21316,2.21316,0,1.70974,3.38688,8.87469e+06,3.61194e+06,1.96411e+07,0,0,0,5.83867e+07
65.435,110.355,8.69318,0,0.04,3.2723,3.2723,0,0.702183,6.048,4.27036e+06,2.70226e+06,1.39739e+07,0,0,0,4.74109e+08,39.9354,61.308,6.86981,0,0,1.90084,1.90084,0,1.70989,3.38688,8.87469e+06,3.61194e+06,1.68694e+07,0,0,0,5.83867e+07
70.6725,110.355,9.05722,0,0.04,3.27258,3.27258,0,0.613229,6.048,4.27036e+06,2.70226e+06,1.39751e+07,0,0,0,4.74109e+08,41.7851,61.308,8.31832,0,0,1.901,1.901,0,1.46859,3.38688,8.87469e+06,3.61194e+06,1.68708e+07,0,0,0,5.83867e+07
75.292,110.355,8.43671,0,0.04,3.27285,3.27285,0,0.613281,6.048,4.27036e+06,2.70226e+06,1.39763e+07,0,0,0,4.74109e+08,43.4573,61.308,8.08149,0,0,1.90116,1.90116,0,1.46871,3.38688,8.87469e+06,3.61194e+06,1.68722e+07,0,0,0,5.83867e+07
77.6861,110.355,6.18849,0,0.04,3.27313,3.27313,0,0.613332,6.048,4.27036e+06,2.70226e+06,1.39775e+07,0,0,0,4.74109e+08,44.5041,61.308,7.87308,0,0,1.90132,1.90132,0,1.46884,3.38688,8.87469e+06,3.61194e+06,1.68736e+07,0,0,0,5.83867e+07
80.6454,110.355,6.84037,0,0.04,3.2734,3.2734,0,0.613384,6.048,4.27036e+06,2.70226e+06,1.39786e+07,0,0,0,4.74109e+08,46.8308,61.308,11.0476,0,0,1.90148,1.90148,0,1.46896,3.38688,8.87469e+06,3.61194e+06,1.68751e+07,0,0,0,5.83867e+07
82.3435,110.355,5.59316,0,0.04,3.39329,3.39329,0,0.613436,6.048,4.27036e+06,2.70226e+06,1.44906e+07,0,0,0,4.74109e+08,47.8186,61.308,6.66256,0,0,1.97813,1.97813,0,1.46909,3.38688,8.87469e+06,3.61194e+06,1.75553e+07,0,0,0,5.83867e+07
84.5543,110.355,6.13305,0,0.04,3.39358,3.39358,0,0.635903,6.048,4.27036e+06,2.70226e+06,1.44918e+07,0,0,0,4.74109e+08,49.2184,61.308,7.69469,0,0,1.97829,1.97829,0,1.5283,3.38688,8.87469e+06,3.61194e+06,1.75567e+07,0,0,0,5.83867e+07
86.9948,110.355,6.34007,0,0.04,3.39387,3.39387,0,0.635957,6.048,4.27036e+06,2.70226e+06,1.44931e+07,0,0,0,4.74109e+08,50.982,61.308,8.72564,0,0,1.97846,1.97846,0,1.52843,3.38688,8.87469e+06,3.61194e+06,1.75582e+07,0,0,0,5.83867e+07
91.7206,110.355,8.97656,0,0.04,3.39415,3.39415,0,0.636011,6.048,4.27036e+06,2.70226e+06,1.44943e+07,0,0,0,4.74109e+08,53.6546,61.308,10.9218,0,0,1.97863,1.97863,0,1.52856,3.38688,8.87469e+06,3.61194e+06,1.75597e+07,0,0,0,5.83867e+07
92.5607,110.355,4.70806,0,0.04,3.34766,3.34766,0,0.636064,6.048,4.27036e+06,2.70226e+06,1.42957e+07,0,0,0,4.74109e+08,54.1357,61.308,4.76657,0,0,1.94908,1.94908,0,1.52869,3.38688,8.87469e+06,3.61194e+06,1.72975e+07,0,0,0,5.83867e+07
92.4714,110.355,3.74968,0,0.04,3.34794,3.34794,0,0.627351,6.048,4.27036e+06,2.70226e+06,1.42969e+07,0,0,0,4.74109e+08,54.3667,61.308,3.97639,0,0,1.94924,1.94924,0,1.50586,3.38688,8.87469e+06,3.61194e+06,1.72989e+07,0,0,0,5.83867e+07
91.9738,110.355,3.32958,0,0.04,3.34822,3.34822,0,0.627404,6.048,4.27036e+06,2.70226e+06,1.42981e+07,0,0,0,4.74109e+08,54.4721,61.308,3.26588,0,0,1.94941,1.94941,0,1.50599,3.38688,8.87469e+06,3.61194e+06,1.73004e+07,0,0,0,5.83867e+07
92.0436,110.355,3.91684,0,0.04,3.3485,3.3485,0,0.627457,6.048,4.27036e+06,2.70226e+06,1.42993e+07,0,0,0,4.74109e+08,54.7054,61.308,3.47935,0,0,1.94957,1.94957,0,1.50611,3.38688,8.87469e+06,3.61194e+06,1.73019e+07,0,0,0,5.83867e+07
91.4663,110.355,3.25565,0,0.04,3.50764,3.50764,0,0.62751,6.048,4.27036e+06,2.70226e+06,1.49789e+07,0,0,0,4.74109e+08,54.7036,61.308,3.15423,0,0,2.05515,2.05515,0,1.50624,3.38688,8.87469e+06,3.61194e+06,1.82388e+07,0,0,0,5.83867e+07
90.5424,110.355,2.84237,0,0.04,3.50794,3.50794,0,0.657332,6.048,4.27036e+06,2.70226e+06,1.49802e+07,0,0,0,4.74109e+08,54.5791,61.308,2.78082,0,0,2.05532,2.05532,0,1.58781,3.38688,8.87469e+06,3.61194e+06,1.82404e+07,0,0,0,5.83867e+07
89.5928,110.355,2.80542,0,0.04,3.50823,3.50823,0,0.657388,6.048,4.27036e+06,2.70226e+06,1.49814e+07,0,0,0,4.74109e+08,54.5137,61.308,2.80258,0,0,2.0555,2.0555,0,1.58794,3.38688,8.87469e+06,3.61194e+06,1.82419e+07,0,0,0,5.83867e+07
88.4822,110.355,2.62793,0,0.04,3.50853,3.50853,0,0.657443,6.048,4.27036e+06,2.70226e+06,1.49827e+07,0,0,0,4.74109e+08,54.3985,61.308,2.68842,0,0,2.05567,2.05567,0,1.58808,3.38688,8.87469e+06,3.61194e+06,1.82434e+07,0,0,0,5.83867e+07
87.2065,110.355,2.43509,0,0.04,3.50883,3.50883,0,0.657499,6.048,4.27036e+06,2.70226e+06,1.4984e+07,0,0,0,4.74109e+08,54.2509,61.308,2.50496,0,0,2.05584,2.05584,0,1.58821,3.38688,8.87469e+06,3.61194e+06,1.8245e+07,0,0,0,5.83867e+07
85.659,110.355,2.09604,0,0.04,3.47769,3.47769,0,0.657554,6.048,4.27036e+06,2.70226e+06,1.4851e+07,0,0,0,4.74109e+08,54.1318,61.308,2.68798,0,0,2.11398,2.11398,0,1.58835,3.38688,8.87469e+06,3.61194e+06,1.87609e+07,0,0,0,5.83867e+07
83.9286,110.355,1.89217,0,0.04,3.47799,3.47799,0,0.65172,6.048,4.27036e+06,2.70226e+06,1.48523e+07,0,0,0,4.74109e+08,53.9615,61.308,2.38958,0,0,2.11416,2.11416,0,1.63326,3.38688,8.87469e+06,3.61194e+06,1.87625e+07,0,0,0,5.83867e+07
82.2069,110.355,1.80322,0,0.04,3.47828,3.47828,0,0.651775,6.048,4.27036e+06,2.70226e+06,1.48535e+07,0,0,0,4.74109e+08,53.7014,61.308,2.33008,0,0,2.11434,2.11434,0,1.6334,3.38688,8.87469e+06,3.61194e+06,1.87641e+07,0,0,0,5.83867e+07
80.3222,110.355,1.60905,0,0.04,3.47857,3.47857,0,0.65183,6.048,4.27036e+06,2.70226e+06,1.48548e+07,0,0,0,4.74109e+08,53.3799,61.308,2.25608,0,0,2.11451,2.11451,0,1.63354,3.38688,8.87469e+06,3.61194e+06,1.87657e+07,0,0,0,5.83867e+07
78.4102,110.355,1.62136,0,0.04,3.56006,3.56006,0,0.651885,6.048,4.27036e+06,2.70226e+06,1.52027e+07,0,0,0,4.74109e+08,52.985,61.308,1.99379,0,0,2.16637,2.16637,0,1.63367,3.38688,8.87469e+06,3.61194e+06,1.92258e+07,0,0,0,5.83867e+07
76.5022,110.355,1.60343,0,0.04,3.56036,3.56036,0,0.667155,6.048,4.27036e+06,2.70226e+06,1.5204e+07,0,0,0,4.74109e+08,52.5776,61.308,1.99447,0,0,2.16655,2.16655,0,1.67373,3.38688,8.87469e+06,3.61194e+06,1.92274e+07,0,0,0,5.83867e+07
74.412,110.355,1.40096,0,0.04,3.56066,3.56066,0,0.667211,6.048,4.27036e+06,2.70226e+06,1.52053e+07,0,0,0,4.74109e+08,52.1391,61.308,1.839,0,0,2.16673,2.16673,0,1.67388,3.38688,8.87469e+06,3.61194e+06,1.92291e+07,0,0,0,5.83867e+07
72.2354,110.355,1.29187,0,0.04,3.56096,3.56096,0,0.667267,6.048,4.27036e+06,2.70226e+06,1.52066e+07,0,0,0,4.74109e+08,51.6914,61.308,1.76004,0,0,2.16691,2.16691,0,1.67402,3.38688,8.87469e+06,3.61194e+06,1.92307e+07,0,0,0,5.83867e+07
69.7111,110.355,1.08982,0,0.04,3.7991,3.7991,0,0.667324,6.048,4.27036e+06,2.70226e+06,1.62235e+07,0,0,0,4.74109e+08,51.1921,61.308,1.71679,0,0,2.35368,2.35368,0,1.67416,3.38688,8.87469e+06,3.61194e+06,2.08881e+07,0,0,0,5.83867e+07
67.2295,110.355,1.10523,0,0.04,3.79942,3.79942,0,0.711952,6.048,4.27036e+06,2.70226e+06,1.62249e+07,0,0,0,4.74109e+08,50.6262,61.308,1.79187,0,0,2.35387,2.35387,0,1.81845,3.38688,8.87469e+06,3.61194e+06,2.08899e+07,0,0,0,5.83867e+07
64.5898,110.355,0.933163,0,0.04,3.79974,3.79974,0,0.712012,6.048,4.27036e+06,2.70226e+06,1.62263e+07,0,0,0,4.74109e+08,50.0485,61.308,1.57738,0,0,2.35407,2.35407,0,1.8186,3.38688,8.87469e+06,3.61194e+06,2.08917e+07,0,0,0,5.83867e+07
62.0732,110.355,1.01531,0,0.04,3.80006,3.80006,0,0.712072,6.048,4.27036e+06,2.70226e+06,1.62277e+07,0,0,0,4.74109e+08,49.618,61.308,2.09009,0,0,2.35427,2.35427,0,1.81876,3.38688,8.87469e+06,3.61194e+06,2.08934e+07,0,0,0,5.83867e+07
59.5289,110.355,0.951902,0,0.04,3.80038,3.80038,0,0.712132,6.048,4.27036e+06,2.70226e+06,1.6229e+07,0,0,0,4.74109e+08,48.9895,61.308,1.84224,0,0,2.35447,2.35447,0,1.81891,3.38688,8.87469e+06,3.61194e+06,2.08952e+07,0,0,0,5.83867e+07
57.0074,110.355,0.830309,0,0.04,3.68474,3.68474,0,0.712192,6.048,4.27036e+06,2.70226e+06,1.57352e+07,0,0,0,4.74109e+08,48.3189,61.308,1.46293,0,0,2.24137,2.24137,0,1.81906,3.38688,8.87469e+06,3.61194e+06,1.98915e+07,0,0,0,5.83867e+07
54.4216,110.355,0.815971,0,0.04,3.68505,3.68505,0,0.69052,6.048,4.27036e+06,2.70226e+06,1.57365e+07,0,0,0,4.74109e+08,47.7832,61.308,1.72324,0,0,2.24156,2.24156,0,1.73169,3.38688,8.87469e+06,3.61194e+06,1.98932e+07,0,0,0,5.83867e+07
51.9313,110.355,0.884796,0,0.04,3.68536,3.68536,0,0.690579,6.048,4.27036e+06,2.70226e+06,1.57378e+07,0,0,0,4.74109e+08,47.3183,61.308,1.85265,0,0,2.24175,2.24175,0,1.73183,3.38688,8.87469e+06,3.61194e+06,1.98949e+07,0,0,0,5.83867e+07
49.5005,110.355,0.931488,0,0.04,3.68567,3.68567,0,0.690637,6.048,4.27036e+06,2.70226e+06,1.57392e+07,0,0,0,4.74109e+08,46.8647,61.308,1.95801,0,0,2.24194,2.24194,0,1.73198,3.38688,8.87469e+06,3.61194e+06,1.98965e+07,0,0,0,5.83867e+07
47.1102,110.355,0.830961,0,0.04,3.59077,3.59077,0,0.690695,6.048,4.27036e+06,2.70226e+06,1.53339e+07,0,0,0,4.74109e+08,46.357,61.308,1.85469,0,0,2.13897,2.13897,0,1.73212,3.38688,8.87469e+06,3.61194e+06,1.89827e+07,0,0,0,5.83867e+07
45.0926,110.355,1.23625,0,0.04,3.59107,3.59107,0,0.672909,6.048,4.27036e+06,2.70226e+06,1.53352e+07,0,0,0,4.74109e+08,45.4864,61.308,1.56606,0,0,2.13915,2.13915,0,1.65257,3.38688,8.87469e+06,3.61194e+06,1.89843e+07,0,0,0,5.83867e+07
42.9065,110.355,1.02681,0,0.04,3.59137,3.59137,0,0.672966,6.048,4.27036e+06,2.70226e+06,1.53365e+07,0,0,0,4.74109e+08,45.0151,61.308,1.12983,0,0,2.13933,2.13933,0,1.65271,3.38688,8.87469e+06,3.61194e+06,1.89859e+07,0,0,0,5.83867e+07
41.2561,110.355,1.54996,0,0.04,3.59167,3.59167,0,0.673023,6.048,4.27036e+06,2.70226e+06,1.53378e+07,0,0,0,4.74109e+08,45.0523,61.308,3.09838,0,0,2.13951,2.13951,0,1.65285,3.38688,8.87469e+06,3.61194e+06,1.89875e+07,0,0,0,5.83867e+07
41.6563,110.355,3.52246,0,0.04,3.32146,3.32146,0,0.67308,6.048,4.27036e+06,2.70226e+06,1.41838e+07,0,0,0,4.74109e+08,45.7121,61.308,5.09949,0,0,1.92477,1.92477,0,1.65299,3.38688,8.87469e+06,3.61194e+06,1.70817e+07,0,0,0,5.83867e+07
40.8436,110.355,2.24088,0,0.04,3.32174,3.32174,0,0.622442,6.048,4.27036e+06,2.70226e+06,1.4185e+07,0,0,0,4.74109e+08,45.3566,61.308,2.99175,0,0,1.92493,1.92493,0,1.48708,3.38688,8.87469e+06,3.61194e+06,1.70832e+07,0,0,0,5.83867e+07
42.7816,110.355,5.20472,0,0.04,3.32202,3.32202,0,0.622494,6.048,4.27036e+06,2.70226e+06,1.41862e+07,0,0,0,4.74109e+08,45.9129,61.308,7.71818,0,0,1.92509,1.92509,0,1.4872,3.38688,8.87469e+06,3.61194e+06,1.70846e+07,0,0,0,5.83867e+07
43.9887,110.355,4.33807,0,0.04,3.3223,3.3223,0,0.622547,6.048,4.27036e+06,2.70226e+06,1.41874e+07,0,0,0,4.74109e+08,45.5386,61.308,3.45805,0,0,1.92525,1.92525,0,1.48733,3.38688,8.87469e+06,3.61194e+06,1.7086e+07,0,0,0,5.83867e+07
44.7209,110.355,3.82525,0,0.04,3.32258,3.32258,0,0.622599,6.048,4.27036e+06,2.70226e+06,1.41886e+07,0,0,0,4.74109e+08,45.5286,61.308,4.1742,0,0,1.92542,1.92542,0,1.48745,3.38688,8.87469e+06,3.61194e+06,1.70875e+07,0,0,0,5.83867e+07
45.5914,110.355,4.14505,0,0.04,3.42694,3.42694,0,0.622652,6.048,4.27036e+06,2.70226e+06,1.46343e+07,0,0,0,4.74109e+08,46.1367,61.308,3.37745,0,0,1.98783,1.98783,0,1.48758,3.38688,8.87469e+06,3.61194e+06,1.76414e+07,0,0,0,1.16773e+08
47.0056,110.355,4.73238,0,0.04,3.4272,3.4272,0,0.642209,6.048,4.27036e+06,2.70226e+06,1.46354e+07,0,0,0,4.74109e+08,46.6765,61.308,3.52339,0,0,1.98798,1.98798,0,1.5358,3.38688,8.87469e+06,3.61194e+06,1.76427e+07,0,0,0,1.16773e+08
47.4835,110.355,3.83829,0,0.04,3.42746,3.42746,0,0.642258,6.048,4.27036e+06,2.70226e+06,1.46365e+07,0,0,0,4.74109e+08,46.8333,61.308,2.81965,0,0,1.98813,1.98813,0,1.53592,3.38688,8.87469e+06,3.61194e+06,1.76441e+07,0,0,0,1.16773e+08
50.4115,110.355,6.33249,0,0.04,3.42772,3.42772,0,0.642306,6.048,4.27036e+06,2.70226e+06,1.46376e+07,0,0,0,4.74109e+08,47.8207,61.308,7.64344,0,0,1.98829,1.98829,0,1.53603,3.38688,8.87469e+06,3.61194e+06,1.76454e+07,0,0,0,1.16773e+08
53.8725,110.355,7.19671,0,0.04,3.76234,3.76234,0,0.642355,6.048,4.27036e+06,2.70226e+06,1.60666e+07,0,0,0,4.74109e+08,49.0108,61.308,6.84193,0,0,2.22223,2.22223,0,1.53615,3.38688,8.87469e+06,3.61194e+06,1.97216e+07,0,0,0,1.16773e+08
56.0966,110.355,6.17974,0,0.04,3.76262,3.76262,0,0.705062,6.048,4.27036e+06,2.70226e+06,1.60678e+07,0,0,0,4.74109e+08,50.5465,61.308,7.28213,0,0,2.2224,2.2224,0,1.7169,3.38688,8.87469e+06,3.61194e+06,1.97231e+07,0,0,0,1.16773e+08
57.6251,110.355,5.34781,0,0.04,3.76291,3.76291,0,0.705116,6.048,4.27036e+06,2.70226e+06,1.6069e+07,0,0,0,4.74109e+08,51.4952,61.308,5.03914,0,0,2.22257,2.22257,0,1.71703,3.38688,8.87469e+06,3.61194e+06,1.97246e+07,0,0,0,1.16773e+08
62.2379,110.355,8.62788,0,0.04,3.7632,3.7632,0,0.705169,6.048,4.27036e+06,2.70226e+06,1.60702e+07,0,0,0,4.74109e+08,53.7026,61.308,9.52914,0,0,2.22274,2.22274,0,1.71716,3.38688,8.87469e+06,3.61194e+06,1.97261e+07,0,0,0,1.16773e+08
64.6138,110.355,5.99706,0,0.04,3.28644,3.28644,0,0.705223,6.048,4.27036e+06,2.70226e+06,1.40343e+07,0,0,0,4.74109e+08,55.5566,61.308,7.59781,0,0,1.90905,1.90905,0,1.71729,3.38688,8.87469e+06,3.61194e+06,1.69423e+07,0,0,0,1.16773e+08
66.0587,110.355,5.08307,0,0.04,3.28669,3.28669,0,0.615878,6.048,4.27036e+06,2.70226e+06,1.40353e+07,0,0,0,4.74109e+08,57.395,61.308,7.52255,0,0,1.9092,1.9092,0,1.47493,3.38688,8.87469e+06,3.61194e+06,1.69435e+07,0,0,0,1.16773e+08
67.0782,110.355,4.64168,0,0.04,3.28693,3.28693,0,0.615925,6.048,4.27036e+06,2.70226e+06,1.40364e+07,0,0,0,4.74109e+08,58.7772,61.308,5.99051,0,0,1.90934,1.90934,0,1.47505,3.38688,8.87469e+06,3.61194e+06,1.69448e+07,0,0,0,1.16773e+08
68.4444,110.355,5.03212,0,0.04,3.28718,3.28718,0,0.615971,6.048,4.27036e+06,2.70226e+06,1.40375e+07,0,0,0,4.74109e+08,60.1847,61.308,5.9117,0,0,1.90949,1.90949,0,1.47516,3.38688,8.87469e+06,3.61194e+06,1.69461e+07,0,0,0,1.16773e+08
70.2109,110.355,5.44054,0,0.04,3.28743,3.28743,0,0.616018,6.048,4.27036e+06,2.70226e+06,1.40385e+07,0,0,0,4.74109e+08,61.7659,61.308,6.05879,0,0,1.90963,1.90963,0,1.47527,3.38688,8.87469e+06,3.61194e+06,1.69474e+07,0,0,0,1.16773e+08
75.4098,110.355,9.11502,0,0.04,3.40781,3.40781,0,0.616065,6.048,4.27036e+06,2.70226e+06,1.45526e+07,0,0,0,4.74109e+08,62.3362,61.308,8.00023,0,0,1.98659,1.98659,0,1.47538,3.38688,8.87469e+06,3.61194e+06,1.76303e+07,0,0,0,1.16773e+08
79.1276,110.355,7.55168,0,0.04,3.40807,3.40807,0,0.638623,6.048,4.27036e+06,2.70226e+06,1.45537e+07,0,0,0,4.74109e+08,62.3362,61.308,7.31558,0,0,1.98674,1.98674,0,1.53484,3.38688,8.87469e+06,3.61194e+06,1.76317e+07,0,0,0,1.16773e+08
81.9692,110.355,6.65791,0,0.04,3.40832,3.40832,0,0.638671,6.048,4.27036e+06,2.70226e+06,1.45548e+07,0,0,0,4.74109e+08,62.3362,61.308,6.74131,0,0,1.98689,1.98689,0,1.53495,3.38688,8.87469e+06,3.61194e+06,1.7633e+07,0,0,0,1.16773e+08
85.5982,110.355,7.44112,0,0.04,3.40858,3.40858,0,0.63872,6.048,4.27036e+06,2.70226e+06,1.45559e+07,0,0,0,4.74109e+08,62.3362,61.308,6.68043,0,0,1.98704,1.98704,0,1.53507,3.38688,8.87469e+06,3.61194e+06,1.76343e+07,0,0,0,1.16773e+08
87.1726,110.355,5.37461,0,0.04,3.36186,3.36186,0,0.638768,6.048,4.27036e+06,2.70226e+06,1.43564e+07,0,0,0,4.74109e+08,62.3362,61.308,5.11961,0,0,1.95735,1.95735,0,1.53519,3.38688,8.87469e+06,3.61194e+06,1.73709e+07,0,0,0,1.16773e+08
87.8933,110.355,4.49994,0,0.04,3.36211,3.36211,0,0.630012,6.048,4.27036e+06,2.70226e+06,1.43575e+07,0,0,0,4.74109e+08,62.3362,61.308,5.19416,0,0,1.9575,1.9575,0,1.51225,3.38688,8.87469e+06,3.61194e+06,1.73722e+07,0,0,0,1.16773e+08
88.6947,110.355,4.57879,0,0.04,3.36237,3.36237,0,0.63006,6.048,4.27036e+06,2.70226e+06,1.43585e+07,0,0,0,4.74109e+08,62.3362,61.308,4.34045,0,0,1.95765,1.95765,0,1.51236,3.38688,8.87469e+06,3.61194e+06,1.73735e+07,0,0,0,1.16773e+08
89.6309,110.355,4.6864,0,0.04,3.36262,3.36262,0,0.630108,6.048,4.27036e+06,2.70226e+06,1.43596e+07,0,0,0,4.74109e+08,62.3362,61.308,4.43519,0,0,1.95779,1.95779,0,1.51248,3.38688,8.87469e+06,3.61194e+06,1.73748e+07,0,0,0,1.16773e+08
89.7973,110.355,3.93268,0,0.04,3.5224,3.5224,0,0.630156,6.048,4.27036e+06,2.70226e+06,1.50419e+07,0,0,0,4.74109e+08,62.3362,61.308,4.33864,0,0,2.0638,2.0638,0,1.51259,3.38688,8.87469e+06,3.61194e+06,1.83156e+07,0,0,0,1.16773e+08
89.8032,110.355,3.74493,0,0.04,3.52267,3.52267,0,0.660098,6.048,4.27036e+06,2.70226e+06,1.50431e+07,0,0,0,4.74109e+08,62.3362,61.308,3.56937,0,0,2.06396,2.06396,0,1.59449,3.38688,8.87469e+06,3.61194e+06,1.8317e+07,0,0,0,1.16773e+08
89.3189,110.355,3.242,0,0.04,3.52294,3.52294,0,0.660148,6.048,4.27036e+06,2.70226e+06,1.50442e+07,0,0,0,4.74109e+08,62.3362,61.308,3.26528,0,0,2.06411,2.06411,0,1.59461,3.38688,8.87469e+06,3.61194e+06,1.83183e+07,0,0,0,1.16773e+08
88.5304,110.355,2.92499,0,0.04,3.5232,3.5232,0,0.660198,6.048,4.27036e+06,2.70226e+06,1.50454e+07,0,0,0,4.74109e+08,62.3362,61.308,2.88606,0,0,2.06427,2.06427,0,1.59473,3.38688,8.87469e+06,3.61194e+06,1.83197e+07,0,0,0,1.16773e+08
87.6629,110.355,2.80866,0,0.04,3.52347,3.52347,0,0.660248,6.048,4.27036e+06,2.70226e+06,1.50465e+07,0,0,0,4.74109e+08,62.3225,61.308,2.92437,0,0,2.06442,2.06442,0,1.59485,3.38688,8.87469e+06,3.61194e+06,1.83211e+07,0,0,0,1.16773e+08
87.4624,110.355,3.44771,0,0.04,3.49218,3.49218,0,0.660299,6.048,4.27036e+06,2.70226e+06,1.49129e+07,0,0,0,4.74109e+08,62.2118,61.308,2.4985,0,0,2.12278,2.12278,0,1.59497,3.38688,8.87469e+06,3.61194e+06,1.8839e+07,0,0,0,1.16773e+08
86.9721,110.355,3.14354,0,0.04,3.49244,3.49244,0,0.654434,6.048,4.27036e+06,2.70226e+06,1.4914e+07,0,0,0,4.74109e+08,62.1099,61.308,2.51548,0,0,2.12294,2.12294,0,1.64006,3.38688,8.87469e+06,3.61194e+06,1.88405e+07,0,0,0,1.16773e+08
86.4157,110.355,3.06636,0,0.04,3.49271,3.49271,0,0.654484,6.048,4.27036e+06,2.70226e+06,1.49151e+07,0,0,0,4.74109e+08,61.9795,61.308,2.49064,0,0,2.12311,2.12311,0,1.64019,3.38688,8.87469e+06,3.61194e+06,1.88419e+07,0,0,0,1.16773e+08
85.7609,110.355,2.95526,0,0.04,3.49297,3.49297,0,0.654534,6.048,4.27036e+06,2.70226e+06,1.49163e+07,0,0,0,4.74109e+08,61.8135,61.308,2.44492,0,0,2.12327,2.12327,0,1.64031,3.38688,8.87469e+06,3.61194e+06,1.88433e+07,0,0,0,1.16773e+08
84.7495,110.355,2.62055,0,0.04,3.57476,3.57476,0,0.654583,6.048,4.27036e+06,2.70226e+06,1.52655e+07,0,0,0,4.74109e+08,61.5096,61.308,2.08698,0,0,2.17531,2.17531,0,1.64044,3.38688,8.87469e+06,3.61194e+06,1.93052e+07,0,0,0,1.16773e+08
83.526,110.355,2.36619,0,0.04,3.57503,3.57503,0,0.669911,6.048,4.27036e+06,2.70226e+06,1.52667e+07,0,0,0,4.74109e+08,61.0704,61.308,1.91153,0,0,2.17548,2.17548,0,1.68065,3.38688,8.87469e+06,3.61194e+06,1.93067e+07,0,0,0,1.16773e+08
82.1663,110.355,2.21043,0,0.04,3.5753,3.5753,0,0.669961,6.048,4.27036e+06,2.70226e+06,1.52679e+07,0,0,0,4.74109e+08,60.5545,61.308,1.81295,0,0,2.17564,2.17564,0,1.68078,3.38688,8.87469e+06,3.61194e+06,1.93082e+07,0,0,0,1.16773e+08
80.6436,110.355,2.02889,0,0.04,3.57558,3.57558,0,0.670012,6.048,4.27036e+06,2.70226e+06,1.5269e+07,0,0,0,4.74109e+08,60.0726,61.308,1.6987,0,0,2.17581,2.17581,0,1.6809,3.38688,8.87469e+06,3.61194e+06,1.93096e+07,0,0,0,1.16773e+08
79.2893,110.355,2.37562,0,0.04,3.81466,3.81466,0,0.670063,6.048,4.27036e+06,2.70226e+06,1.629e+07,0,0,0,4.74109e+08,59.6487,61.308,2.05457,0,0,2.36332,2.36332,0,1.68103,3.38688,8.87469e+06,3.61194e+06,2.09737e+07,0,0,0,1.16773e+08
77.805,110.355,2.23273,0,0.04,3.81495,3.81495,0,0.714868,6.048,4.27036e+06,2.70226e+06,1.62912e+07,0,0,0,4.74109e+08,59.0625,61.308,1.70238,0,0,2.3635,2.3635,0,1.8259,3.38688,8.87469e+06,3.61194e+06,2.09753e+07,0,0,0,1.16773e+08
76.0703,110.355,1.9939,0,0.04,3.81524,3.81524,0,0.714922,6.048,4.27036e+06,2.70226e+06,1.62925e+07,0,0,0,4.74109e+08,58.5281,61.308,1.63082,0,0,2.36367,2.36367,0,1.82604,3.38688,8.87469e+06,3.61194e+06,2.09769e+07,0,0,0,1.16773e+08
74.3909,110.355,2.01908,0,0.04,3.81553,3.81553,0,0.714976,6.048,4.27036e+06,2.70226e+06,1.62937e+07,0,0,0,4.74109e+08,58.0599,61.308,1.76321,0,0,2.36385,2.36385,0,1.82618,3.38688,8.87469e+06,3.61194e+06,2.09785e+07,0,0,0,1.16773e+08
72.7428,110.355,2.03778,0,0.04,3.81582,3.81582,0,0.71503,6.048,4.27036e+06,2.70226e+06,1.62949e+07,0,0,0,4.74109e+08,57.6031,61.308,2.07395,0,0,2.36403,2.36403,0,1.82631,3.38688,8.87469e+06,3.61194e+06,2.09801e+07,0,0,0,1.16773e+08
70.4164,110.355,1.19102,0,0.04,3.69967,3.69967,0,0.715085,6.048,4.27036e+06,2.70226e+06,1.5799e+07,0,0,0,4.74109e+08,56.8655,61.308,2.29035,0,0,2.25046,2.25046,0,1.82645,3.38688,8.87469e+06,3.61194e+06,1.99721e+07,0,0,0,1.16773e+08
67.9392,110.355,1.01749,0,0.04,3.69995,3.69995,0,0.693319,6.048,4.27036e+06,2.70226e+06,1.58002e+07,0,0,0,4.74109e+08,55.9193,61.308,1.21749,0,0,2.25063,2.25063,0,1.7387,3.38688,8.87469e+06,3.61194e+06,1.99736e+07,0,0,0,1.16773e+08
65.6237,110.355,1.18763,0,0.04,3.70024,3.70024,0,0.693372,6.048,4.27036e+06,2.70226e+06,1.58014e+07,0,0,0,4.74109e+08,55.2743,61.308,1.24582,0,0,2.2508,2.2508,0,1.73884,3.38688,8.87469e+06,3.61194e+06,1.99752e+07,0,0,0,1.16773e+08
65.318,110.355,3.36512,0,0.04,3.70052,3.70052,0,0.693424,6.048,4.27036e+06,2.70226e+06,1.58026e+07,0,0,0,4.74109e+08,55.0848,61.308,2.25449,0,0,2.25097,2.25097,0,1.73897,3.38688,8.87469e+06,3.61194e+06,1.99767e+07,0,0,0,1.16773e+08
64.1461,110.355,2.44048,0,0.04,3.6052,3.6052,0,0.693477,6.048,4.27036e+06,2.70226e+06,1.53955e+07,0,0,0,4.74109e+08,54.9772,61.308,3.03153,0,0,2.14757,2.14757,0,1.7391,3.38688,8.87469e+06,3.61194e+06,1.9059e+07,0,0,0,1.16773e+08
63.3863,110.355,2.94085,0,0.04,3.60547,3.60547,0,0.675614,6.048,4.27036e+06,2.70226e+06,1.53967e+07,0,0,0,4.74109e+08,55.4517,61.308,5.08091,0,0,2.14773,2.14773,0,1.65921,3.38688,8.87469e+06,3.61194e+06,1.90604e+07,0,0,0,1.16773e+08
61.9807,110.355,2.27788,0,0.04,3.60574,3.60574,0,0.675665,6.048,4.27036e+06,2.70226e+06,1.53978e+07,0,0,0,4.74109e+08,55.9049,61.308,4.0068,0,0,2.14789,2.14789,0,1.65934,3.38688,8.87469e+06,3.61194e+06,1.90619e+07,0,0,0,1.16773e+08
61.2775,110.355,2.94225,0,0.04,3.60602,3.60602,0,0.675716,6.048,4.27036e+06,2.70226e+06,1.5399e+07,0,0,0,4.74109e+08,56.2058,61.308,4.4086,0,0,2.14806,2.14806,0,1.65946,3.38688,8.87469e+06,3.61194e+06,1.90633e+07,0,0,0,1.16773e+08
60.3025,110.355,2.44433,0,0.04,3.33469,3.33469,0,0.675767,6.048,4.27036e+06,2.70226e+06,1.42404e+07,0,0,0,4.74109e+08,56.1875,61.308,3.05853,0,0,1.93244,1.93244,0,1.65959,3.38688,8.87469e+06,3.61194e+06,1.71498e+07,0,0,0,1.16773e+08
59.7216,110.355,2.78009,0,0.04,3.33495,3.33495,0,0.624922,6.048,4.27036e+06,2.70226e+06,1.42414e+07,0,0,0,4.74109e+08,56.2681,61.308,3.44391,0,0,1.93258,1.93258,0,1.493,3.38688,8.87469e+06,3.61194e+06,1.71511e+07,0,0,0,1.16773e+08
60.03,110.355,3.75569,0,0.04,3.3352,3.3352,0,0.624969,6.048,4.27036e+06,2.70226e+06,1.42425e+07,0,0,0,4.74109e+08,56.7372,61.308,4.78386,0,0,1.93273,1.93273,0,1.49311,3.38688,8.87469e+06,3.61194e+06,1.71524e+07,0,0,0,1.16773e+08
59.7846,110.355,3.13647,0,0.04,3.33545,3.33545,0,0.625016,6.048,4.27036e+06,2.70226e+06,1.42436e+07,0,0,0,4.74109e+08,56.826,61.308,3.29619,0,0,1.93288,1.93288,0,1.49323,3.38688,8.87469e+06,3.61194e+06,1.71537e+07,0,0,0,1.16773e+08
59.6194,110.355,3.20666,0,0.04,3.3357,3.3357,0,0.625064,6.048,4.27036e+06,2.70226e+06,1.42447e+07,0,0,0,4.74109e+08,57.0686,61.308,3.74668,0,0,1.93302,1.93302,0,1.49334,3.38688,8.87469e+06,3.61194e+06,1.7155e+07,0,0,0,1.16773e+08
67.6492,110.355,12.1205,0,0.04,3.44045,3.44045,0,0.625111,6.048,4.27036e+06,2.70226e+06,1.4692e+07,0,0,0,4.74109e+08,60.4581,61.308,12.9377,0,0,1.99567,1.99567,0,1.49345,3.38688,8.87469e+06,3.61194e+06,1.77109e+07,0,0,0,1.16773e+08
72.1614,110.355,8.5904,0,0.04,3.44068,3.44068,0,0.64474,6.048,4.27036e+06,2.70226e+06,1.4693e+07,0,0,0,4.74109e+08,62.3362,61.308,8.47181,0,0,1.9958,1.9958,0,1.54185,3.38688,8.87469e+06,3.61194e+06,1.77121e+07,0,0,0,1.16773e+08
75.0966,110.355,6.87889,0,0.04,3.44091,3.44091,0,0.644783,6.048,4.27036e+06,2.70226e+06,1.46939e+07,0,0,0,4.74109e+08,62.3362,61.308,5.54084,0,0,1.99594,1.99594,0,1.54196,3.38688,8.87469e+06,3.61194e+06,1.77133e+07,0,0,0,1.16773e+08
78.174,110.355,7.08224,0,0.04,3.44114,3.44114,0,0.644827,6.048,4.27036e+06,2.70226e+06,1.46949e+07,0,0,0,4.74109e+08,62.3362,61.308,6.23463,0,0,1.99607,1.99607,0,1.54206,3.38688,8.87469e+06,3.61194e+06,1.77145e+07,0,0,0,1.16773e+08
81.069,110.355,7.39001,0,0.04,3.77704,3.77704,0,0.64487,6.048,4.27036e+06,2.70226e+06,1.61293e+07,0,0,0,4.74109e+08,62.3362,61.308,7.44528,0,0,2.23092,2.23092,0,1.54216,3.38688,8.87469e+06,3.61194e+06,1.97987e+07,0,0,0,1.16773e+08
84.8797,110.355,8.27503,0,0.04,3.77729,3.77729,0,0.707817,6.048,4.27036e+06,2.70226e+06,1.61304e+07,0,0,0,4.74109e+08,62.3362,61.308,8.15647,0,0,2.23107,2.23107,0,1.72361,3.38688,8.87469e+06,3.61194e+06,1.98e+07,0,0,0,1.16773e+08
89.3342,110.355,9.02582,0,0.04,3.77755,3.77755,0,0.707865,6.048,4.27036e+06,2.70226e+06,1.61315e+07,0,0,0,4.74109e+08,62.3362,61.308,10.2976,0,0,2.23122,2.23122,0,1.72372,3.38688,8.87469e+06,3.61194e+06,1.98013e+07,0,0,0,1.16773e+08
93.3514,110.355,8.69568,0,0.04,3.7778,3.7778,0,0.707912,6.048,4.27036e+06,2.70226e+06,1.61326e+07,0,0,0,4.74109e+08,62.3362,61.308,11.5418,0,0,2.23137,2.23137,0,1.72384,3.38688,8.87469e+06,3.61194e+06,1.98027e+07,0,0,0,1.16773e+08
96.4645,110.355,7.27041,0,0.04,3.29916,3.29916,0,0.70796,6.048,4.27036e+06,2.70226e+06,1.40886e+07,0,0,0,4.74109e+08,62.3362,61.308,8.93883,0,0,1.91645,1.91645,0,1.72395,3.38688,8.87469e+06,3.61194e+06,1.70079e+07,0,0,0,1.16773e+08
98.6579,110.355,6.40859,0,0.04,3.29938,3.29938,0,0.618263,6.048,4.27036e+06,2.70226e+06,1.40896e+07,0,0,0,4.74109e+08,62.3362,61.308,8.09076,0,0,1.91658,1.91658,0,1.48065,3.38688,8.87469e+06,3.61194e+06,1.7009e+07,0,0,0,1.16773e+08
103.124,110.355,8.83445,0,0.04,3.29961,3.29961,0,0.618305,6.048,4.27036e+06,2.70226e+06,1.40905e+07,0,0,0,4.74109e+08,62.3362,61.308,9.17379,0,0,1.9167,1.9167,0,1.48075,3.38688,8.87469e+06,3.61194e+06,1.70102e+07,0,0,0,1.16773e+08
106.443,110.355,7.70771,0,0.04,3.29983,3.29983,0,0.618346,6.048,4.27036e+06,2.70226e+06,1.40915e+07,0,0,0,4.74109e+08,62.3362,61.308,8.48922,0,0,1.91683,1.91683,0,1.48085,3.38688,8.87469e+06,3.61194e+06,1.70113e+07,0,0,0,1.16773e+08
110.355,110.355,14.0387,0,0.04,3.30005,3.30005,0,0.618388,6.048,4.27036e+06,2.70226e+06,1.40924e+07,0,0,0,4.74109e+08,62.3362,61.308,12.2407,0,0,1.91696,1.91696,0,1.48095,3.38688,8.87469e+06,3.61194e+06,1.70124e+07,0,0,0,1.16773e+08
110.355,110.355,6.65172,0,0.04,3.42086,3.42086,0,0.61843,6.048,4.27036e+06,2.70226e+06,1.46083e+07,0,0,0,4.74109e+08,62.3362,61.308,6.08496,0,0,1.99419,1.99419,0,1.48104,3.38688,8.87469e+06,3.61194e+06,1.76979e+07,0,0,0,1.16773e+08
110.355,110.355,5.48839,0,0.04,3.42109,3.42109,0,0.641069,6.048,4.27036e+06,2.70226e+06,1.46093e+07,0,0,0,4.74109e+08,62.3362,61.308,6.42757,0,0,1.99433,1.99433,0,1.54071,3.38688,8.87469e+06,3.61194e+06,1.7699e+07,0,0,0,1.16773e+08
110.355,110.355,5.09752,0,0.04,3.42132,3.42132,0,0.641112,6.048,4.27036e+06,2.70226e+06,1.46103e+07,0,0,0,4.74109e+08,62.3362,61.308,6.95644,0,0,1.99446,1.99446,0,1.54082,3.38688,8.87469e+06,3.61194e+06,1.77002e+07,0,0,0,1.16773e+08
110.355,110.355,4.62375,0,0.04,3.42155,3.42155,0,0.641155,6.048,4.27036e+06,2.70226e+06,1.46113e+07,0,0,0,4.74109e+08,62.3362,61.308,8.16528,0,0,1.9946,1.9946,0,1.54092,3.38688,8.87469e+06,3.61194e+06,1.77014e+07,0,0,0,1.16773e+08
110.355,110.355,5.40588,0,0.04,3.37462,3.37462,0,0.641198,6.048,4.27036e+06,2.70226e+06,1.44108e+07,0,0,0,4.74109e+08,62.3362,61.308,6.84761,0,0,1.96478,1.96478,0,1.54103,3.38688,8.87469e+06,3.61194e+06,1.74368e+07,0,0,0,1.16773e+08
110.355,110.355,4.39196,0,0.04,3.37484,3.37484,0,0.632403,6.048,4.27036e+06,2.70226e+06,1.44118e+07,0,0,0,4.74109e+08,62.3362,61.308,5.63013,0,0,1.96491,1.96491,0,1.51799,3.38688,8.87469e+06,3.61194e+06,1.7438e+07,0,0,0,1.16773e+08
109.988,110.355,3.71478,0,0.04,3.37507,3.37507,0,0.632446,6.048,4.27036e+06,2.70226e+06,1.44128e+07,0,0,0,4.74109e+08,62.3362,61.308,5.11205,0,0,1.96504,1.96504,0,1.51809,3.38688,8.87469e+06,3.61194e+06,1.74391e+07,0,0,0,1.16773e+08
109.233,110.355,3.28738,0,0.04,3.3753,3.3753,0,0.632488,6.048,4.27036e+06,2.70226e+06,1.44138e+07,0,0,0,4.74109e+08,62.3362,61.308,4.50198,0,0,1.96517,1.96517,0,1.51819,3.38688,8.87469e+06,3.61194e+06,1.74403e+07,0,0,0,1.16773e+08
108.308,110.355,3.21136,0,0.04,3.53565,3.53565,0,0.632531,6.048,4.27036e+06,2.70226e+06,1.50985e+07,0,0,0,4.74109e+08,62.3362,61.308,4.52393,0,0,2.07156,2.07156,0,1.51829,3.38688,8.87469e+06,3.61194e+06,1.83845e+07,0,0,0,1.16773e+08
107.667,110.355,3.4234,0,0.04,3.53589,3.53589,0,0.662581,6.048,4.27036e+06,2.70226e+06,1.50995e+07,0,0,0,4.74109e+08,62.3362,61.308,4.56197,0,0,2.0717,2.0717,0,1.60049,3.38688,8.87469e+06,3.61194e+06,1.83857e+07,0,0,0,1.16773e+08
106.713,110.355,2.99685,0,0.04,3.53613,3.53613,0,0.662625,6.048,4.27036e+06,2.70226e+06,1.51005e+07,0,0,0,4.74109e+08,62.3362,61.308,4.47534,0,0,2.07184,2.07184,0,1.6006,3.38688,8.87469e+06,3.61194e+06,1.83869e+07,0,0,0,1.16773e+08
105.731,110.355,2.95728,0,0.04,3.53636,3.53636,0,0.66267,6.048,4.27036e+06,2.70226e+06,1.51016e+07,0,0,0,4.74109e+08,62.3362,61.308,4.53401,0,0,2.07198,2.07198,0,1.6007,3.38688,8.87469e+06,3.61194e+06,1.83882e+07,0,0,0,1.16773e+08
104.579,110.355,2.77005,0,0.04,3.5366,3.5366,0,0.662715,6.048,4.27036e+06,2.70226e+06,1.51026e+07,0,0,0,4.74109e+08,62.3362,61.308,4.34178,0,0,2.07212,2.07212,0,1.60081,3.38688,8.87469e+06,3.61194e+06,1.83894e+07,0,0,0,1.16773e+08
103.314,110.355,2.52709,0,0.04,3.50516,3.50516,0,0.662759,6.048,4.27036e+06,2.70226e+06,1.49683e+07,0,0,0,4.74109e+08,62.3362,61.308,4.37309,0,0,2.13068,2.13068,0,1.60092,3.38688,8.87469e+06,3.61194e+06,1.89091e+07,0,0,0,1.16773e+08
101.916,110.355,2.38556,0,0.04,3.5054,3.5054,0,0.656867,6.048,4.27036e+06,2.70226e+06,1.49693e+07,0,0,0,4.74109e+08,62.3362,61.308,4.09864,0,0,2.13082,2.13082,0,1.64616,3.38688,8.87469e+06,3.61194e+06,1.89104e+07,0,0,0,1.16773e+08
100.327,110.355,2.18509,0,0.04,3.50563,3.50563,0,0.656912,6.048,4.27036e+06,2.70226e+06,1.49703e+07,0,0,0,4.74109e+08,62.3362,61.308,4.087,0,0,2.13096,2.13096,0,1.64627,3.38688,8.87469e+06,3.61194e+06,1.89116e+07,0,0,0,1.16773e+08
98.5544,110.355,1.97596,0,0.04,3.50587,3.50587,0,0.656956,6.048,4.27036e+06,2.70226e+06,1.49713e+07,0,0,0,4.74109e+08,62.3362,61.308,3.65821,0,0,2.13111,2.13111,0,1.64638,3.38688,8.87469e+06,3.61194e+06,1.89129e+07,0,0,0,1.16773e+08
96.6223,110.355,1.82536,0,0.04,3.58793,3.58793,0,0.657,6.048,4.27036e+06,2.70226e+06,1.53218e+07,0,0,0,4.74109e+08,62.3362,61.308,3.11958,0,0,2.18333,2.18333,0,1.64649,3.38688,8.87469e+06,3.61194e+06,1.93764e+07,0,0,0,1.16773e+08
94.7148,110.355,1.87271,0,0.04,3.58817,3.58817,0,0.672378,6.048,4.27036e+06,2.70226e+06,1.53228e+07,0,0,0,4.74109e+08,62.3362,61.308,3.05889,0,0,2.18347,2.18347,0,1.68684,3.38688,8.87469e+06,3.61194e+06,1.93777e+07,0,0,0,1.16773e+08
92.7035,110.355,1.72525,0,0.04,3.58841,3.58841,0,0.672424,6.048,4.27036e+06,2.70226e+06,1.53238e+07,0,0,0,4.74109e+08,62.3245,61.308,2.90974,0,0,2.18362,2.18362,0,1.68695,3.38688,8.87469e+06,3.61194e+06,1.9379e+07,0,0,0,1.16773e+08
90.5603,110.355,1.57047,0,0.04,3.58865,3.58865,0,0.672469,6.048,4.27036e+06,2.70226e+06,1.53249e+07,0,0,0,4.74109e+08,62.2547,61.308,2.54623,0,0,2.18377,2.18377,0,1.68707,3.38688,8.87469e+06,3.61194e+06,1.93803e+07,0,0,0,1.16773e+08
88.3036,110.355,1.635,0,0.04,3.82858,3.82858,0,0.672514,6.048,4.27036e+06,2.70226e+06,1.63494e+07,0,0,0,4.74109e+08,62.3362,61.308,3.20824,0,0,2.37194,2.37194,0,1.68718,3.38688,8.87469e+06,3.61194e+06,2.10502e+07,0,0,0,1.16773e+08
85.3096,110.355,0.856477,0,0.04,3.82884,3.82884,0,0.717477,6.048,4.27036e+06,2.70226e+06,1.63505e+07,0,0,0,4.74109e+08,62.0696,61.308,2.33226,0,0,2.3721,2.3721,0,1.83256,3.38688,8.87469e+06,3.61194e+06,2.10517e+07,0,0,0,1.16773e+08
82.3226,110.355,0.83333,0,0.04,3.8291,3.8291,0,0.717525,6.048,4.27036e+06,2.70226e+06,1.63516e+07,0,0,0,4.74109e+08,61.7581,61.308,2.19505,0,0,2.37226,2.37226,0,1.83268,3.38688,8.87469e+06,3.61194e+06,2.10531e+07,0,0,0,1.16773e+08
79.7411,110.355,1.18915,0,0.04,3.82936,3.82936,0,0.717573,6.048,4.27036e+06,2.70226e+06,1.63527e+07,0,0,0,4.74109e+08,61.5447,61.308,2.56645,0,0,2.37242,2.37242,0,1.83281,3.38688,8.87469e+06,3.61194e+06,2.10545e+07,0,0,0,1.16773e+08
77.6414,110.355,1.72881,0,0.04,3.82961,3.82961,0,0.717621,6.048,4.27036e+06,2.70226e+06,1.63538e+07,0,0,0,4.74109e+08,61.5841,61.308,2.96208,0,0,2.37258,2.37258,0,1.83293,3.38688,8.87469e+06,3.61194e+06,2.10559e+07,0,0,0,1.16773e+08
74.8597,110.355,0.929724,0,0.04,3.71302,3.71302,0,0.71767,6.048,4.27036e+06,2.70226e+06,1.58559e+07,0,0,0,4.74109e+08,61.2002,61.308,1.79357,0,0,2.25858,2.25858,0,1.83305,3.38688,8.87469e+06,3.61194e+06,2.00442e+07,0,0,0,1.16773e+08
72.0983,110.355,0.942147,0,0.04,3.71327,3.71327,0,0.695819,6.048,4.27036e+06,2.70226e+06,1.5857e+07,0,0,0,4.74109e+08,61.0896,61.308,2.71582,0,0,2.25873,2.25873,0,1.74498,3.38688,8.87469e+06,3.61194e+06,2.00455e+07,0,0,0,1.16773e+08
69.3385,110.355,0.911969,0,0.04,3.71352,3.71352,0,0.695866,6.048,4.27036e+06,2.70226e+06,1.58581e+07,0,0,0,4.74109e+08,60.9802,61.308,2.72223,0,0,2.25888,2.25888,0,1.74509,3.38688,8.87469e+06,3.61194e+06,2.00468e+07,0,0,0,1.16773e+08
66.5761,110.355,0.875089,0,0.04,3.71377,3.71377,0,0.695913,6.048,4.27036e+06,2.70226e+06,1.58591e+07,0,0,0,4.74109e+08,60.8883,61.308,2.91663,0,0,2.25903,2.25903,0,1.74521,3.38688,8.87469e+06,3.61194e+06,2.00482e+07,0,0,0,1.16773e+08
64.0893,110.355,1.10943,0,0.04,3.61807,3.61807,0,0.69596,6.048,4.27036e+06,2.70226e+06,1.54505e+07,0,0,0,4.74109e+08,60.4553,61.308,2.83761,0,0,2.15524,2.15524,0,1.74533,3.38688,8.87469e+06,3.61194e+06,1.91271e+07,0,0,0,1.16773e+08
61.4262,110.355,0.911419,0,0.04,3.61832,3.61832,0,0.678027,6.048,4.27036e+06,2.70226e+06,1.54515e+07,0,0,0,4.74109e+08,59.9024,61.308,1.27377,0,0,2.15538,2.15538,0,1.66514,3.38688,8.87469e+06,3.61194e+06,1.91284e+07,0,0,0,1.16773e+08
58.944,110.355,1.06363,0,0.04,3.61856,3.61856,0,0.678073,6.048,4.27036e+06,2.70226e+06,1.54526e+07,0,0,0,4.74109e+08,59.6902,61.308,2.82169,0,0,2.15553,2.15553,0,1.66525,3.38688,8.87469e+06,3.61194e+06,1.91296e+07,0,0,0,1.16773e+08
58.1595,110.355,2.85729,0,0.04,3.6188,3.6188,0,0.678118,6.048,4.27036e+06,2.70226e+06,1.54536e+07,0,0,0,4.74109e+08,60.482,61.308,5.67973,0,0,2.15567,2.15567,0,1.66536,3.38688,8.87469e+06,3.61194e+06,1.91309e+07,0,0,0,1.16773e+08
56.6392,110.355,1.86982,0,0.04,3.34649,3.34649,0,0.678164,6.048,4.27036e+06,2.70226e+06,1.42907e+07,0,0,0,4.74109e+08,60.4672,61.308,2.24744,0,0,1.93927,1.93927,0,1.66547,3.38688,8.87469e+06,3.61194e+06,1.72104e+07,0,0,0,1.16773e+08
56.4115,110.355,3.22972,0,0.04,3.34672,3.34672,0,0.627132,6.048,4.27036e+06,2.70226e+06,1.42917e+07,0,0,0,4.74109e+08,60.3282,61.308,2.46419,0,0,1.9394,1.9394,0,1.49828,3.38688,8.87469e+06,3.61194e+06,1.72116e+07,0,0,0,1.16773e+08
55.9597,110.355,2.94084,0,0.04,3.34694,3.34694,0,0.627175,6.048,4.27036e+06,2.70226e+06,1.42927e+07,0,0,0,4.74109e+08,60.1534,61.308,2.3216,0,0,1.93953,1.93953,0,1.49838,3.38688,8.87469e+06,3.61194e+06,1.72128e+07,0,0,0,1.16773e+08
56.2573,110.355,3.70714,0,0.04,3.34717,3.34717,0,0.627217,6.048,4.27036e+06,2.70226e+06,1.42936e+07,0,0,0,4.74109e+08,59.9513,61.308,2.33544,0,0,1.93966,1.93966,0,1.49848,3.38688,8.87469e+06,3.61194e+06,1.72139e+07,0,0,0,1.16773e+08
56.9145,110.355,4.07544,0,0.04,3.34739,3.34739,0,0.627259,6.048,4.27036e+06,2.70226e+06,1.42946e+07,0,0,0,4.74109e+08,59.7221,61.308,2.56492,0,0,1.93979,1.93979,0,1.49858,3.38688,8.87469e+06,3.61194e+06,1.72151e+07,0,0,0,1.16773e+08
57.1008,110.355,3.71465,0,0.04,3.34739,3.34739,0,0.627301,6.048,4.27036e+06,2.70226e+06,1.42946e+07,0,0,0,4.74109e+08,59.6708,61.308,2.71013,0,0,1.93979,1.93979,0,1.49869,3.38688,8.87469e+06,3.61194e+06,1.72151e+07,0,0,0,1.16773e+08
57.9124,110.355,4.43516,0,0.04,3.45247,3.45247,0,0.627301,6.048,4.27036e+06,2.70226e+06,1.47433e+07,0,0,0,4.74109e+08,59.837,61.308,2.69586,0,0,2.00264,2.00264,0,1.49869,3.38688,8.87469e+06,3.61194e+06,1.77728e+07,0,0,0,1.16773e+08
57.9867,110.355,3.6273,0,0.04,3.45268,3.45268,0,0.646994,6.048,4.27036e+06,2.70226e+06,1.47442e+07,0,0,0,4.74109e+08,60.1788,61.308,3.40046,0,0,2.00276,2.00276,0,1.54724,3.38688,8.87469e+06,3.61194e+06,1.77739e+07,0,0,0,1.16773e+08
60.7923,110.355,6.61464,0,0.04,3.45288,3.45288,0,0.647032,6.048,4.27036e+06,2.70226e+06,1.47451e+07,0,0,0,4.74109e+08,61.4259,61.308,5.58658,0,0,2.00288,2.00288,0,1.54733,3.38688,8.87469e+06,3.61194e+06,1.77749e+07,0,0,0,1.16773e+08
63.6021,110.355,6.61977,0,0.04,3.45308,3.45308,0,0.64707,6.048,4.27036e+06,2.70226e+06,1.47459e+07,0,0,0,4.74109e+08,62.1472,61.308,4.08593,0,0,2.003,2.003,0,1.54742,3.38688,8.87469e+06,3.61194e+06,1.7776e+07,0,0,0,1.16773e+08
63.8113,110.355,4.16121,0,0.04,3.79011,3.79011,0,0.647108,6.048,4.27036e+06,2.70226e+06,1.61852e+07,0,0,0,4.74109e+08,62.3362,61.308,2.98953,0,0,2.23864,2.23864,0,1.54751,3.38688,8.87469e+06,3.61194e+06,1.98672e+07,0,0,0,1.16773e+08
64.5794,110.355,4.80989,0,0.04,3.79033,3.79033,0,0.710267,6.048,4.27036e+06,2.70226e+06,1.61861e+07,0,0,0,4.74109e+08,62.3362,61.308,4.77563,0,0,2.23877,2.23877,0,1.72957,3.38688,8.87469e+06,3.61194e+06,1.98684e+07,0,0,0,1.16773e+08
65.0039,110.355,4.53518,0,0.04,3.79056,3.79056,0,0.710309,6.048,4.27036e+06,2.70226e+06,1.61871e+07,0,0,0,4.74109e+08,62.3362,61.308,3.40336,0,0,2.2389,2.2389,0,1.72967,3.38688,8.87469e+06,3.61194e+06,1.98695e+07,0,0,0,1.16773e+08
68.1118,110.355,7.26585,0,0.04,3.79078,3.79078,0,0.71035,6.048,4.27036e+06,2.70226e+06,1.6188e+07,0,0,0,4.74109e+08,62.3362,61.308,5.1582,0,0,2.23903,2.23903,0,1.72977,3.38688,8.87469e+06,3.61194e+06,1.98707e+07,0,0,0,1.16773e+08
70.1383,110.355,5.72247,0,0.04,3.31047,3.31047,0,0.710392,6.048,4.27036e+06,2.70226e+06,1.41369e+07,0,0,0,4.74109e+08,62.3362,61.308,5.95381,0,0,1.92301,1.92301,0,1.72988,3.38688,8.87469e+06,3.61194e+06,1.70661e+07,0,0,0,1.16773e+08
71.679,110.355,5.22588,0,0.04,3.31066,3.31066,0,0.620382,6.048,4.27036e+06,2.70226e+06,1.41377e+07,0,0,0,4.74109e+08,62.3362,61.308,4.74019,0,0,1.92313,1.92313,0,1.48572,3.38688,8.87469e+06,3.61194e+06,1.70672e+07,0,0,0,1.16773e+08
73.6105,110.355,5.66517,0,0.04,3.31086,3.31086,0,0.620418,6.048,4.27036e+06,2.70226e+06,1.41386e+07,0,0,0,4.74109e+08,62.3362,61.308,4.67709,0,0,1.92324,1.92324,0,1.48581,3.38688,8.87469e+06,3.61194e+06,1.70682e+07,0,0,0,1.16773e+08
74.7396,110.355,4.83541,0,0.04,3.31105,3.31105,0,0.620455,6.048,4.27036e+06,2.70226e+06,1.41394e+07,0,0,0,4.74109e+08,62.3362,61.308,4.30131,0,0,1.92335,1.92335,0,1.4859,3.38688,8.87469e+06,3.61194e+06,1.70692e+07,0,0,0,1.16773e+08
75.1126,110.355,4.03272,0,0.04,3.31125,3.31125,0,0.620491,6.048,4.27036e+06,2.70226e+06,1.41402e+07,0,0,0,4.74109e+08,62.3362,61.308,3.92967,0,0,1.92347,1.92347,0,1.48598,3.38688,8.87469e+06,3.61194e+06,1.70702e+07,0,0,0,1.16773e+08
76.215,110.355,4.8739,0,0.04,3.43244,3.43244,0,0.620528,6.048,4.27036e+06,2.70226e+06,1.46578e+07,0,0,0,4.74109e+08,62.3362,61.308,3.76635,0,0,2.00094,2.00094,0,1.48607,3.38688,8.87469e+06,3.61194e+06,1.77578e+07,0,0,0,1.16773e+08
77.8753,110.355,5.50826,0,0.04,3.43264,3.43264,0,0.643238,6.048,4.27036e+06,2.70226e+06,1.46586e+07,0,0,0,4.74109e+08,62.3362,61.308,6.45373,0,0,2.00106,2.00106,0,1.54593,3.38688,8.87469e+06,3.61194e+06,1.77588e+07,0,0,0,1.16773e+08
77.8728,110.355,3.7691,0,0.04,3.43284,3.43284,0,0.643276,6.048,4.27036e+06,2.70226e+06,1.46595e+07,0,0,0,4.74109e+08,62.3362,61.308,3.40937,0,0,2.00118,2.00118,0,1.54602,3.38688,8.87469e+06,3.61194e+06,1.77598e+07,0,0,0,1.16773e+08
77.6409,110.355,3.48826,0,0.04,3.43304,3.43304,0,0.643314,6.048,4.27036e+06,2.70226e+06,1.46603e+07,0,0,0,4.74109e+08,62.3362,61.308,3.52321,0,0,2.0013,2.0013,0,1.54611,3.38688,8.87469e+06,3.61194e+06,1.77609e+07,0,0,0,1.16773e+08
77.0661,110.355,3.075,0,0.04,3.38592,3.38592,0,0.643352,6.048,4.27036e+06,2.70226e+06,1.44591e+07,0,0,0,4.74109e+08,62.3362,61.308,3.37359,0,0,1.97136,1.97136,0,1.5462,3.38688,8.87469e+06,3.61194e+06,1.74952e+07,0,0,0,1.16773e+08
76.2055,110.355,2.75729,0,0.04,3.38612,3.38612,0,0.634522,6.048,4.27036e+06,2.70226e+06,1.446e+07,0,0,0,4.74109e+08,62.3362,61.308,2.99217,0,0,1.97148,1.97148,0,1.52307,3.38688,8.87469e+06,3.61194e+06,1.74962e+07,0,0,0,1.16773e+08
75.178,110.355,2.55134,0,0.04,3.38632,3.38632,0,0.63456,6.048,4.27036e+06,2.70226e+06,1.44608e+07,0,0,0,4.74109e+08,62.3362,61.308,2.83369,0,0,1.97159,1.97159,0,1.52316,3.38688,8.87469e+06,3.61194e+06,1.74973e+07,0,0,0,1.16773e+08
74.1057,110.355,2.47195,0,0.04,3.38652,3.38652,0,0.634597,6.048,4.27036e+06,2.70226e+06,1.44617e+07,0,0,0,4.74109e+08,62.3362,61.308,3.18983,0,0,1.97171,1.97171,0,1.52325,3.38688,8.87469e+06,3.61194e+06,1.74983e+07,0,0,0,1.16773e+08
72.777,110.355,2.29466,0,0.04,3.54738,3.54738,0,0.634634,6.048,4.27036e+06,2.70226e+06,1.51486e+07,0,0,0,4.74109e+08,62.3362,61.308,2.98209,0,0,2.07843,2.07843,0,1.52334,3.38688,8.87469e+06,3.61194e+06,1.84454e+07,0,0,0,1.16773e+08
71.3518,110.355,2.1725,0,0.04,3.54759,3.54759,0,0.664778,6.048,4.27036e+06,2.70226e+06,1.51495e+07,0,0,0,4.74109e+08,62.3362,61.308,2.68168,0,0,2.07855,2.07855,0,1.6058,3.38688,8.87469e+06,3.61194e+06,1.84465e+07,0,0,0,1.16773e+08
69.7818,110.355,1.96648,0,0.04,3.54779,3.54779,0,0.664817,6.048,4.27036e+06,2.70226e+06,1.51504e+07,0,0,0,4.74109e+08,62.3181,61.308,2.5819,0,0,2.07868,2.07868,0,1.60589,3.38688,8.87469e+06,3.61194e+06,1.84476e+07,0,0,0,1.16773e+08
68.1386,110.355,1.86066,0,0.04,3.548,3.548,0,0.664857,6.048,4.27036e+06,2.70226e+06,1.51513e+07,0,0,0,4.74109e+08,62.2497,61.308,2.42806,0,0,2.0788,2.0788,0,1.60598,3.38688,8.87469e+06,3.61194e+06,1.84487e+07,0,0,0,1.16773e+08
67.3631,110.355,2.71588,0,0.04,3.54821,3.54821,0,0.664896,6.048,4.27036e+06,2.70226e+06,1.51522e+07,0,0,0,4.74109e+08,62.234,61.308,2.54183,0,0,2.07892,2.07892,0,1.60608,3.38688,8.87469e+06,3.61194e+06,1.84498e+07,0,0,0,1.16773e+08
66.7861,110.355,2.87365,0,0.04,3.51664,3.51664,0,0.664935,6.048,4.27036e+06,2.70226e+06,1.50173e+07,0,0,0,4.74109e+08,62.2262,61.308,2.66956,0,0,2.13765,2.13765,0,1.60617,3.38688,8.87469e+06,3.61194e+06,1.8971e+07,0,0,0,1.16773e+08
66.1103,110.355,2.75617,0,0.04,3.51685,3.51685,0,0.659018,6.048,4.27036e+06,2.70226e+06,1.50182e+07,0,0,0,4.74109e+08,62.1751,61.308,2.65151,0,0,2.13778,2.13778,0,1.65155,3.38688,8.87469e+06,3.61194e+06,1.89721e+07,0,0,0,1.16773e+08
65.15,110.355,2.43313,0,0.04,3.51705,3.51705,0,0.659057,6.048,4.27036e+06,2.70226e+06,1.50191e+07,0,0,0,4.74109e+08,62.0327,61.308,2.38208,0,0,2.1379,2.1379,0,1.65165,3.38688,8.87469e+06,3.61194e+06,1.89732e+07,0,0,0,1.16773e+08
64.043,110.355,2.25956,0,0.04,3.51726,3.51726,0,0.659096,6.048,4.27036e+06,2.70226e+06,1.502e+07,0,0,0,4.74109e+08,61.8098,61.308,2.28383,0,0,2.13803,2.13803,0,1.65174,3.38688,8.87469e+06,3.61194e+06,1.89743e+07,0,0,0,1.16773e+08
63.1226,110.355,2.52027,0,0.04,3.59956,3.59956,0,0.659134,6.048,4.27036e+06,2.70226e+06,1.53714e+07,0,0,0,4.74109e+08,61.7559,61.308,2.60291,0,0,2.1904,2.1904,0,1.65184,3.38688,8.87469e+06,3.61194e+06,1.94391e+07,0,0,0,1.16773e+08
62.0235,110.355,2.30684,0,0.04,3.59977,3.59977,0,0.674557,6.048,4.27036e+06,2.70226e+06,1.53723e+07,0,0,0,4.74109e+08,61.5567,61.308,2.55753,0,0,2.19053,2.19053,0,1.6923,3.38688,8.87469e+06,3.61194e+06,1.94403e+07,0,0,0,1.16773e+08
60.7527,110.355,2.11607,0,0.04,3.59998,3.59998,0,0.674597,6.048,4.27036e+06,2.70226e+06,1.53732e+07,0,0,0,4.74109e+08,61.2983,61.308,2.24401,0,0,2.19066,2.19066,0,1.6924,3.38688,8.87469e+06,3.61194e+06,1.94414e+07,0,0,0,1.16773e+08
59.6199,110.355,2.22791,0,0.04,3.60019,3.60019,0,0.674636,6.048,4.27036e+06,2.70226e+06,1.53741e+07,0,0,0,4.74109e+08,61.1462,61.308,2.65384,0,0,2.19079,2.19079,0,1.6925,3.38688,8.87469e+06,3.61194e+06,1.94426e+07,0,0,0,1.16773e+08
57.9576,110.355,1.83919,0,0.04,3.84086,3.84086,0,0.674676,6.048,4.27036e+06,2.70226e+06,1.64019e+07,0,0,0,4.74109e+08,60.8681,61.308,2.174,0,0,2.37955,2.37955,0,1.6926,3.38688,8.87469e+06,3.61194e+06,2.11177e+07,0,0,0,1.16773e+08
56.121,110.355,1.63107,0,0.04,3.84108,3.84108,0,0.719777,6.048,4.27036e+06,2.70226e+06,1.64028e+07,0,0,0,4.74109e+08,60.5197,61.308,2.01377,0,0,2.37969,2.37969,0,1.83844,3.38688,8.87469e+06,3.61194e+06,2.1119e+07,0,0,0,1.16773e+08
54.4999,110.355,1.81754,0,0.04,3.84131,3.84131,0,0.719819,6.048,4.27036e+06,2.70226e+06,1.64038e+07,0,0,0,4.74109e+08,60.1885,61.308,2.06856,0,0,2.37983,2.37983,0,1.83855,3.38688,8.87469e+06,3.61194e+06,2.11202e+07,0,0,0,1.16773e+08
53.9365,110.355,2.9134,0,0.04,3.84154,3.84154,0,0.719861,6.048,4.27036e+06,2.70226e+06,1.64048e+07,0,0,0,4.74109e+08,60.0129,61.308,2.52237,0,0,2.37997,2.37997,0,1.83865,3.38688,8.87469e+06,3.61194e+06,2.11214e+07,0,0,0,1.16773e+08
55.3995,110.355,4.90356,0,0.04,3.84176,3.84176,0,0.719904,6.048,4.27036e+06,2.70226e+06,1.64057e+07,0,0,0,4.74109e+08,60.6882,61.308,4.33885,0,0,2.38011,2.38011,0,1.83876,3.38688,8.87469e+06,3.61194e+06,2.11227e+07,0,0,0,1.16773e+08
54.6319,110.355,2.67077,0,0.04,3.72476,3.72476,0,0.719946,6.048,4.27036e+06,2.70226e+06,1.59061e+07,0,0,0,4.74109e+08,60.8308,61.308,3.16951,0,0,2.26572,2.26572,0,1.83887,3.38688,8.87469e+06,3.61194e+06,2.01076e+07,0,0,0,1.16773e+08
53.4309,110.355,2.1429,0,0.04,3.72498,3.72498,0,0.698021,6.048,4.27036e+06,2.70226e+06,1.5907e+07,0,0,0,4.74109e+08,60.8812,61.308,2.42196,0,0,2.26585,2.26585,0,1.7505,3.38688,8.87469e+06,3.61194e+06,2.01088e+07,0,0,0,1.16773e+08
55.1561,110.355,5.1438,0,0.04,3.7252,3.7252,0,0.698062,6.048,4.27036e+06,2.70226e+06,1.5908e+07,0,0,0,4.74109e+08,61.4963,61.308,4.80959,0,0,2.26599,2.26599,0,1.7506,3.38688,8.87469e+06,3.61194e+06,2.01099e+07,0,0,0,1.16773e+08
56.2961,110.355,4.71872,0,0.04,3.72542,3.72542,0,0.698103,6.048,4.27036e+06,2.70226e+06,1.59089e+07,0,0,0,4.74109e+08,62.3362,61.308,4.63199,0,0,2.26612,2.26612,0,1.7507,3.38688,8.87469e+06,3.61194e+06,2.01111e+07,0,0,0,1.16773e+08
57.0679,110.355,4.3251,0,0.04,3.6294,3.6294,0,0.698144,6.048,4.27036e+06,2.70226e+06,1.54989e+07,0,0,0,4.74109e+08,62.3362,61.308,4.73321,0,0,2.16198,2.16198,0,1.7508,3.38688,8.87469e+06,3.61194e+06,1.91869e+07,0,0,0,1.16773e+08
58.6606,110.355,5.28306,0,0.04,3.62961,3.62961,0,0.680149,6.048,4.27036e+06,2.70226e+06,1.54998e+07,0,0,0,4.74109e+08,62.3362,61.308,5.04524,0,0,2.16211,2.16211,0,1.67035,3.38688,8.87469e+06,3.61194e+06,1.91881e+07,0,0,0,1.16773e+08
61.1299,110.355,6.25927,0,0.04,3.62982,3.62982,0,0.680189,6.048,4.27036e+06,2.70226e+06,1.55007e+07,0,0,0,4.74109e+08,62.3362,61.308,5.97819,0,0,2.16224,2.16224,0,1.67045,3.38688,8.87469e+06,3.61194e+06,1.91892e+07,0,0,0,1.16773e+08
64.4974,110.355,7.26465,0,0.04,3.63004,3.63004,0,0.680229,6.048,4.27036e+06,2.70226e+06,1.55016e+07,0,0,0,4.74109e+08,62.3362,61.308,7.78414,0,0,2.16236,2.16236,0,1.67054,3.38688,8.87469e+06,3.61194e+06,1.91903e+07,0,0,0,1.16773e+08
67.3323,110.355,6.4825,0,0.04,3.35685,3.35685,0,0.680269,6.048,4.27036e+06,2.70226e+06,1.4335e+07,0,0,0,4.74109e+08,62.3362,61.308,10.2301,0,0,1.94528,1.94528,0,1.67064,3.38688,8.87469e+06,3.61194e+06,1.72637e+07,0,0,0,1.16773e+08
71.69,110.355,8.15521,0,0.04,3.35705,3.35705,0,0.629074,6.048,4.27036e+06,2.70226e+06,1.43358e+07,0,0,0,4.74109e+08,62.3362,61.308,8.15303,0,0,1.94539,1.94539,0,1.50292,3.38688,8.87469e+06,3.61194e+06,1.72647e+07,0,0,0,1.16773e+08
77.8406,110.355,10.1186,0,0.04,3.35725,3.35725,0,0.629111,6.048,4.27036e+06,2.70226e+06,1.43367e+07,0,0,0,4.74109e+08,62.3362,61.308,9.31803,0,0,1.94551,1.94551,0,1.50301,3.38688,8.87469e+06,3.61194e+06,1.72658e+07,0,0,0,1.16773e+08
83.358,110.355,9.50855,0,0.04,3.35744,3.35744,0,0.629148,6.048,4.27036e+06,2.70226e+06,1.43375e+07,0,0,0,4.74109e+08,62.3362,61.308,15.0042,0,0,1.94562,1.94562,0,1.5031,3.38688,8.87469e+06,3.61194e+06,1.72668e+07,0,0,0,1.16773e+08
85.3765,110.355,5.85006,0,0.04,3.35764,3.35764,0,0.629185,6.048,4.27036e+06,2.70226e+06,1.43383e+07,0,0,0,4.74109e+08,62.3362,61.308,5.52257,0,0,1.94573,1.94573,0,1.50319,3.38688,8.87469e+06,3.61194e+06,1.72678e+07,0,0,0,1.16773e+08
85.7554,110.355,4.41049,0,0.04,3.46302,3.46302,0,0.629222,6.048,4.27036e+06,2.70226e+06,1.47883e+07,0,0,0,4.74109e+08,62.3362,61.308,3.74358,0,0,2.00876,2.00876,0,1.50327,3.38688,8.87469e+06,3.61194e+06,1.78271e+07,0,0,0,1.16773e+08
89.8205,110.355,8.05264,0,0.04,3.46319,3.46319,0,0.648969,6.048,4.27036e+06,2.70226e+06,1.47891e+07,0,0,0,4.74109e+08,62.3362,61.308,4.49349,0,0,2.00886,2.00886,0,1.55197,3.38688,8.87469e+06,3.61194e+06,1.7828e+07,0,0,0,1.16773e+08
90.0366,110.355,4.20559,0,0.04,3.46337,3.46337,0,0.649002,6.048,4.27036e+06,2.70226e+06,1.47898e+07,0,0,0,4.74109e+08,62.3362,61.308,4.2652,0,0,2.00896,2.00896,0,1.55204,3.38688,8.87469e+06,3.61194e+06,1.78289e+07,0,0,0,1.16773e+08
90.1551,110.355,4.15901,0,0.04,3.46354,3.46354,0,0.649035,6.048,4.27036e+06,2.70226e+06,1.47906e+07,0,0,0,4.74109e+08,62.3362,61.308,4.61825,0,0,2.00906,2.00906,0,1.55212,3.38688,8.87469e+06,3.61194e+06,1.78298e+07,0,0,0,1.16773e+08
90.7734,110.355,5.08148,0,0.04,3.80156,3.80156,0,0.649067,6.048,4.27036e+06,2.70226e+06,1.6234e+07,0,0,0,4.74109e+08,62.3362,61.308,4.719,0,0,2.2454,2.2454,0,1.5522,3.38688,8.87469e+06,3.61194e+06,1.99272e+07,0,0,0,1.16773e+08
88.8054,110.355,2.31825,0,0.04,3.80175,3.80175,0,0.712412,6.048,4.27036e+06,2.70226e+06,1.62349e+07,0,0,0,4.74109e+08,62.2978,61.308,2.81905,0,0,2.24551,2.24551,0,1.73479,3.38688,8.87469e+06,3.61194e+06,1.99282e+07,0,0,0,1.16773e+08
87.265,110.355,2.68608,0,0.04,3.80194,3.80194,0,0.712448,6.048,4.27036e+06,2.70226e+06,1.62357e+07,0,0,0,4.74109e+08,62.2614,61.308,3.05276,0,0,2.24562,2.24562,0,1.73488,3.38688,8.87469e+06,3.61194e+06,1.99292e+07,0,0,0,1.16773e+08
85.5711,110.355,2.52687,0,0.04,3.80213,3.80213,0,0.712484,6.048,4.27036e+06,2.70226e+06,1.62365e+07,0,0,0,4.74109e+08,62.3362,61.308,4.58536,0,0,2.24574,2.24574,0,1.73497,3.38688,8.87469e+06,3.61194e+06,1.99302e+07,0,0,0,1.16773e+08
88.0421,110.355,6.36457,0,0.04,3.32036,3.32036,0,0.71252,6.048,4.27036e+06,2.70226e+06,1.41791e+07,0,0,0,4.74109e+08,62.3362,61.308,4.98899,0,0,1.92876,1.92876,0,1.73506,3.38688,8.87469e+06,3.61194e+06,1.71171e+07,0,0,0,1.16773e+08
89.3883,110.355,5.35243,0,0.04,3.32052,3.32052,0,0.622235,6.048,4.27036e+06,2.70226e+06,1.41799e+07,0,0,0,4.74109e+08,62.3362,61.308,3.89851,0,0,1.92886,1.92886,0,1.49016,3.38688,8.87469e+06,3.61194e+06,1.7118e+07,0,0,0,1.16773e+08
89.9732,110.355,4.5902,0,0.04,3.32069,3.32069,0,0.622266,6.048,4.27036e+06,2.70226e+06,1.41806e+07,0,0,0,4.74109e+08,62.3362,61.308,5.02839,0,0,1.92895,1.92895,0,1.49023,3.38688,8.87469e+06,3.61194e+06,1.71189e+07,0,0,0,1.16773e+08
91.7706,110.355,5.7832,0,0.04,3.32086,3.32086,0,0.622298,6.048,4.27036e+06,2.70226e+06,1.41813e+07,0,0,0,4.74109e+08,62.3362,61.308,5.50276,0,0,1.92905,1.92905,0,1.49031,3.38688,8.87469e+06,3.61194e+06,1.71197e+07,0,0,0,1.16773e+08
91.6903,110.355,3.79296,0,0.04,3.32103,3.32103,0,0.622329,6.048,4.27036e+06,2.70226e+06,1.4182e+07,0,0,0,4.74109e+08,62.3362,61.308,4.08262,0,0,1.92915,1.92915,0,1.49038,3.38688,8.87469e+06,3.61194e+06,1.71206e+07,0,0,0,1.16773e+08
92.2376,110.355,4.6225,0,0.04,3.44254,3.44254,0,0.622361,6.048,4.27036e+06,2.70226e+06,1.47009e+07,0,0,0,4.74109e+08,62.3362,61.308,5.45664,0,0,2.00684,2.00684,0,1.49046,3.38688,8.87469e+06,3.61194e+06,1.78101e+07,0,0,0,1.16773e+08
91.699,110.355,3.52027,0,0.04,3.44272,3.44272,0,0.645133,6.048,4.27036e+06,2.70226e+06,1.47017e+07,0,0,0,4.74109e+08,62.3362,61.308,3.40839,0,0,2.00694,2.00694,0,1.55048,3.38688,8.87469e+06,3.61194e+06,1.7811e+07,0,0,0,1.16773e+08
91.7097,110.355,4.15151,0,0.04,3.44289,3.44289,0,0.645165,6.048,4.27036e+06,2.70226e+06,1.47024e+07,0,0,0,4.74109e+08,62.3362,61.308,7.36666,0,0,2.00704,2.00704,0,1.55056,3.38688,8.87469e+06,3.61194e+06,1.78119e+07,0,0,0,1.16773e+08
91.0996,110.355,3.38759,0,0.04,3.44307,3.44307,0,0.645198,6.048,4.27036e+06,2.70226e+06,1.47031e+07,0,0,0,4.74109e+08,62.3362,61.308,4.94916,0,0,2.00714,2.00714,0,1.55064,3.38688,8.87469e+06,3.61194e+06,1.78128e+07,0,0,0,1.16773e+08
89.9835,110.355,2.7389,0,0.04,3.39578,3.39578,0,0.645231,6.048,4.27036e+06,2.70226e+06,1.45012e+07,0,0,0,4.74109e+08,62.3362,61.308,3.65395,0,0,1.9771,1.9771,0,1.55072,3.38688,8.87469e+06,3.61194e+06,1.75461e+07,0,0,0,1.16773e+08
90.364,110.355,4.28148,0,0.04,3.39596,3.39596,0,0.63637,6.048,4.27036e+06,2.70226e+06,1.4502e+07,0,0,0,4.74109e+08,62.3362,61.308,4.33909,0,0,1.9772,1.9772,0,1.52751,3.38688,8.87469e+06,3.61194e+06,1.7547e+07,0,0,0,1.16773e+08
89.317,110.355,2.73041,0,0.04,3.39613,3.39613,0,0.636402,6.048,4.27036e+06,2.70226e+06,1.45027e+07,0,0,0,4.74109e+08,62.3362,61.308,3.70457,0,0,1.9773,1.9773,0,1.52759,3.38688,8.87469e+06,3.61194e+06,1.75479e+07,0,0,0,1.16773e+08
87.9583,110.355,2.38081,0,0.04,3.3963,3.3963,0,0.636434,6.048,4.27036e+06,2.70226e+06,1.45034e+07,0,0,0,4.74109e+08,62.2481,61.308,3.11704,0,0,1.9774,1.9774,0,1.52766,3.38688,8.87469e+06,3.61194e+06,1.75488e+07,0,0,0,1.16773e+08
86.993,110.355,2.87612,0,0.04,3.55759,3.55759,0,0.636466,6.048,4.27036e+06,2.70226e+06,1.51922e+07,0,0,0,4.74109e+08,62.3362,61.308,3.44047,0,0,2.08441,2.08441,0,1.52774,3.38688,8.87469e+06,3.61194e+06,1.84985e+07,0,0,0,1.16773e+08
85.6991,110.355,2.51555,0,0.04,3.55777,3.55777,0,0.666692,6.048,4.27036e+06,2.70226e+06,1.5193e+07,0,0,0,4.74109e+08,62.3072,61.308,2.97308,0,0,2.08452,2.08452,0,1.61042,3.38688,8.87469e+06,3.61194e+06,1.84995e+07,0,0,0,1.16773e+08
84.1013,110.355,2.19105,0,0.04,3.55795,3.55795,0,0.666726,6.048,4.27036e+06,2.70226e+06,1.51937e+07,0,0,0,4.74109e+08,62.2105,61.308,2.93583,0,0,2.08462,2.08462,0,1.6105,3.38688,8.87469e+06,3.61194e+06,1.85004e+07,0,0,0,1.16773e+08
82.3934,110.355,1.98857,0,0.04,3.55813,3.55813,0,0.666759,6.048,4.27036e+06,2.70226e+06,1.51945e+07,0,0,0,4.74109e+08,62.0154,61.308,2.60213,0,0,2.08473,2.08473,0,1.61058,3.38688,8.87469e+06,3.61194e+06,1.85013e+07,0,0,0,1.16773e+08
80.4511,110.355,1.65055,0,0.04,3.55831,3.55831,0,0.666793,6.048,4.27036e+06,2.70226e+06,1.51953e+07,0,0,0,4.74109e+08,61.5533,61.308,1.96457,0,0,2.08484,2.08484,0,1.61066,3.38688,8.87469e+06,3.61194e+06,1.85023e+07,0,0,0,1.16773e+08
78.3599,110.355,1.43251,0,0.04,3.52662,3.52662,0,0.666827,6.048,4.27036e+06,2.70226e+06,1.50599e+07,0,0,0,4.74109e+08,60.9631,61.308,1.7231,0,0,2.14372,2.14372,0,1.61074,3.38688,8.87469e+06,3.61194e+06,1.90248e+07,0,0,0,1.16773e+08
76.157,110.355,1.29554,0,0.04,3.52679,3.52679,0,0.660888,6.048,4.27036e+06,2.70226e+06,1.50607e+07,0,0,0,4.74109e+08,60.3378,61.308,1.5389,0,0,2.14383,2.14383,0,1.65624,3.38688,8.87469e+06,3.61194e+06,1.90258e+07,0,0,0,1.16773e+08
73.9414,110.355,1.23081,0,0.04,3.52697,3.52697,0,0.660921,6.048,4.27036e+06,2.70226e+06,1.50615e+07,0,0,0,4.74109e+08,59.6225,61.308,1.51553,0,0,2.14393,2.14393,0,1.65632,3.38688,8.87469e+06,3.61194e+06,1.90267e+07,0,0,0,1.16773e+08
71.6567,110.355,1.13314,0,0.04,3.52715,3.52715,0,0.660954,6.048,4.27036e+06,2.70226e+06,1.50622e+07,0,0,0,4.74109e+08,58.9502,61.308,1.48871,0,0,2.14404,2.14404,0,1.6564,3.38688,8.87469e+06,3.61194e+06,1.90277e+07,0,0,0,1.16773e+08
69.3911,110.355,1.19841,0,0.04,3.60965,3.60965,0,0.660988,6.048,4.27036e+06,2.70226e+06,1.54145e+07,0,0,0,4.74109e+08,58.1857,61.308,1.56388,0,0,2.19654,2.19654,0,1.65649,3.38688,8.87469e+06,3.61194e+06,1.94936e+07,0,0,0,1.16773e+08
67.0181,110.355,1.06471,0,0.04,3.60983,3.60983,0,0.676448,6.048,4.27036e+06,2.70226e+06,1.54153e+07,0,0,0,4.74109e+08,57.362,61.308,1.45961,0,0,2.19665,2.19665,0,1.69705,3.38688,8.87469e+06,3.61194e+06,1.94946e+07,0,0,0,1.16773e+08
64.5781,110.355,0.969039,0,0.04,3.61001,3.61001,0,0.676482,6.048,4.27036e+06,2.70226e+06,1.54161e+07,0,0,0,4.74109e+08,56.5198,61.308,1.38147,0,0,2.19676,2.19676,0,1.69713,3.38688,8.87469e+06,3.61194e+06,1.94956e+07,0,0,0,1.16773e+08
62.0402,110.355,0.826457,0,0.04,3.6102,3.6102,0,0.676516,6.048,4.27036e+06,2.70226e+06,1.54168e+07,0,0,0,4.74109e+08,55.5579,61.308,1.37093,0,0,2.19688,2.19688,0,1.69722,3.38688,8.87469e+06,3.61194e+06,1.94966e+07,0,0,0,1.16773e+08
59.3382,110.355,0.849326,0,0.04,3.8515,3.8515,0,0.676551,6.048,4.27036e+06,2.70226e+06,1.64473e+07,0,0,0,4.74109e+08,54.5069,61.308,1.22904,0,0,2.38614,2.38614,0,1.69731,3.38688,8.87469e+06,3.61194e+06,2.11762e+07,0,0,0,1.16773e+08
56.615,110.355,0.793014,0,0.04,3.85169,3.85169,0,0.721771,6.048,4.27036e+06,2.70226e+06,1.64481e+07,0,0,0,4.74109e+08,53.5187,61.308,1.13133,0,0,2.38626,2.38626,0,1.84353,3.38688,8.87469e+06,3.61194e+06,2.11773e+07,0,0,0,1.16773e+08
54.0383,110.355,0.897699,0,0.04,3.85189,3.85189,0,0.721807,6.048,4.27036e+06,2.70226e+06,1.6449e+07,0,0,0,4.74109e+08,52.5177,61.308,1.20508,0,0,2.38638,2.38638,0,1.84362,3.38688,8.87469e+06,3.61194e+06,2.11784e+07,0,0,0,1.16773e+08
51.4971,110.355,0.88534,0,0.04,3.85208,3.85208,0,0.721844,6.048,4.27036e+06,2.70226e+06,1.64498e+07,0,0,0,4.74109e+08,51.3897,61.308,1.18679,0,0,2.3865,2.3865,0,1.84372,3.38688,8.87469e+06,3.61194e+06,2.11794e+07,0,0,0,1.16773e+08
48.8644,110.355,0.733373,0,0.04,3.85228,3.85228,0,0.72188,6.048,4.27036e+06,2.70226e+06,1.64506e+07,0,0,0,4.74109e+08,50.0577,61.308,0.964397,0,0,2.38662,2.38662,0,1.84381,3.38688,8.87469e+06,3.61194e+06,2.11805e+07,0,0,0,1.16773e+08
46.3042,110.355,0.700489,0,0.04,3.73493,3.73493,0,0.721917,6.048,4.27036e+06,2.70226e+06,1.59495e+07,0,0,0,4.74109e+08,48.8904,61.308,0.84011,0,0,2.2719,2.2719,0,1.8439,3.38688,8.87469e+06,3.61194e+06,2.01624e+07,0,0,0,1.16773e+08
43.8342,110.355,0.781656,0,0.04,3.73512,3.73512,0,0.699926,6.048,4.27036e+06,2.70226e+06,1.59503e+07,0,0,0,4.74109e+08,47.8384,61.308,1.12042,0,0,2.27202,2.27202,0,1.75527,3.38688,8.87469e+06,3.61194e+06,2.01635e+07,0,0,0,1.16773e+08
41.3792,110.355,0.746484,0,0.04,3.73531,3.73531,0,0.699961,6.048,4.27036e+06,2.70226e+06,1.59511e+07,0,0,0,4.74109e+08,46.9825,61.308,1.10381,0,0,2.27213,2.27213,0,1.75536,3.38688,8.87469e+06,3.61194e+06,2.01645e+07,0,0,0,1.16773e+08
39.134,110.355,0.918259,0,0.04,3.73549,3.73549,0,0.699996,6.048,4.27036e+06,2.70226e+06,1.59519e+07,0,0,0,4.74109e+08,46.3281,61.308,1.36223,0,0,2.27225,2.27225,0,1.75545,3.38688,8.87469e+06,3.61194e+06,2.01655e+07,0,0,0,1.16773e+08
37.195,110.355,1.08353,0,0.04,3.63918,3.63918,0,0.700032,6.048,4.27036e+06,2.70226e+06,1.55406e+07,0,0,0,4.74109e+08,45.8264,61.308,1.43689,0,0,2.16781,2.16781,0,1.75554,3.38688,8.87469e+06,3.61194e+06,1.92386e+07,0,0,0,1.16773e+08
35.888,110.355,1.70028,0,0.04,3.63936,3.63936,0,0.681982,6.048,4.27036e+06,2.70226e+06,1.55414e+07,0,0,0,4.74109e+08,45.513,61.308,2.06091,0,0,2.16792,2.16792,0,1.67485,3.38688,8.87469e+06,3.61194e+06,1.92396e+07,0,0,0,1.16773e+08
35.8549,110.355,2.99911,0,0.04,3.63955,3.63955,0,0.682017,6.048,4.27036e+06,2.70226e+06,1.55422e+07,0,0,0,4.74109e+08,45.5892,61.308,2.6993,0,0,2.16803,2.16803,0,1.67494,3.38688,8.87469e+06,3.61194e+06,1.92406e+07,0,0,0,1.16773e+08
36.3206,110.355,3.50416,0,0.04,3.63973,3.63973,0,0.682051,6.048,4.27036e+06,2.70226e+06,1.5543e+07,0,0,0,4.74109e+08,45.5796,61.308,2.95242,0,0,2.16814,2.16814,0,1.67502,3.38688,8.87469e+06,3.61194e+06,1.92416e+07,0,0,0,1.16773e+08
37.0367,110.355,3.61927,0,0.04,3.36579,3.36579,0,0.682086,6.048,4.27036e+06,2.70226e+06,1.43731e+07,0,0,0,4.74109e+08,45.511,61.308,2.32287,0,0,1.95046,1.95046,0,1.6751,3.38688,8.87469e+06,3.61194e+06,1.73097e+07,0,0,0,1.16773e+08
37.54,110.355,3.48501,0,0.04,3.36596,3.36596,0,0.630749,6.048,4.27036e+06,2.70226e+06,1.43739e+07,0,0,0,4.74109e+08,45.6463,61.308,2.8349,0,0,1.95055,1.95055,0,1.50692,3.38688,8.87469e+06,3.61194e+06,1.73106e+07,0,0,0,1.16773e+08
38.8023,110.355,4.19786,0,0.04,3.36613,3.36613,0,0.630781,6.048,4.27036e+06,2.70226e+06,1.43746e+07,0,0,0,4.74109e+08,45.8282,61.308,3.12557,0,0,1.95065,1.95065,0,1.507,3.38688,8.87469e+06,3.61194e+06,1.73114e+07,0,0,0,1.16773e+08
39.97,110.355,4.30103,0,0.04,3.3663,3.3663,0,0.630812,6.048,4.27036e+06,2.70226e+06,1.43753e+07,0,0,0,4.74109e+08,45.9035,61.308,2.96538,0,0,1.95075,1.95075,0,1.50707,3.38688,8.87469e+06,3.61194e+06,1.73123e+07,0,0,0,1.16773e+08
43.6315,110.355,6.92467,0,0.04,3.36647,3.36647,0,0.630844,6.048,4.27036e+06,2.70226e+06,1.4376e+07,0,0,0,4.74109e+08,46.6187,61.308,5.26821,0,0,1.95085,1.95085,0,1.50715,3.38688,8.87469e+06,3.61194e+06,1.73132e+07,0,0,0,1.16773e+08
45.8596,110.355,5.59672,0,0.04,3.47209,3.47209,0,0.630876,6.048,4.27036e+06,2.70226e+06,1.48271e+07,0,0,0,4.74109e+08,47.268,61.308,5.4458,0,0,2.01402,2.01402,0,1.50723,3.38688,8.87469e+06,3.61194e+06,1.78738e+07,0,0,0,1.16773e+08
47.2353,110.355,4.72506,0,0.04,3.47224,3.47224,0,0.65067,6.048,4.27036e+06,2.70226e+06,1.48277e+07,0,0,0,4.74109e+08,47.4227,61.308,4.08521,0,0,2.01411,2.01411,0,1.55603,3.38688,8.87469e+06,3.61194e+06,1.78746e+07,0,0,0,1.16773e+08
49.5739,110.355,5.8584,0,0.04,3.47238,3.47238,0,0.650697,6.048,4.27036e+06,2.70226e+06,1.48283e+07,0,0,0,4.74109e+08,47.7078,61.308,4.40741,0,0,2.01419,2.01419,0,1.5561,3.38688,8.87469e+06,3.61194e+06,1.78753e+07,0,0,0,1.16773e+08
50.3222,110.355,4.18088,0,0.04,3.47253,3.47253,0,0.650725,6.048,4.27036e+06,2.70226e+06,1.4829e+07,0,0,0,4.74109e+08,47.9214,61.308,3.8924,0,0,2.01428,2.01428,0,1.55616,3.38688,8.87469e+06,3.61194e+06,1.78761e+07,0,0,0,1.16773e+08
50.3481,110.355,3.83149,0,0.04,3.81139,3.81139,0,0.650752,6.048,4.27036e+06,2.70226e+06,1.6276e+07,0,0,0,4.74109e+08,48.0325,61.308,3.53821,0,0,2.25121,2.25121,0,1.55623,3.38688,8.87469e+06,3.61194e+06,1.99788e+07,0,0,0,1.16773e+08
50.1909,110.355,3.57028,0,0.04,3.81156,3.81156,0,0.714255,6.048,4.27036e+06,2.70226e+06,1.62767e+07,0,0,0,4.74109e+08,48.5006,61.308,4.35877,0,0,2.2513,2.2513,0,1.73928,3.38688,8.87469e+06,3.61194e+06,1.99796e+07,0,0,0,1.16773e+08
51.202,110.355,4.71516,0,0.04,3.81172,3.81172,0,0.714286,6.048,4.27036e+06,2.70226e+06,1.62774e+07,0,0,0,4.74109e+08,49.2419,61.308,5.43924,0,0,2.2514,2.2514,0,1.73936,3.38688,8.87469e+06,3.61194e+06,1.99805e+07,0,0,0,1.16773e+08
53.0902,110.355,5.67291,0,0.04,3.81188,3.81188,0,0.714316,6.048,4.27036e+06,2.70226e+06,1.62781e+07,0,0,0,4.74109e+08,49.5597,61.308,4.28275,0,0,2.25149,2.25149,0,1.73943,3.38688,8.87469e+06,3.61194e+06,1.99813e+07,0,0,0,1.16773e+08
56.3495,110.355,6.8233,0,0.04,3.32884,3.32884,0,0.714346,6.048,4.27036e+06,2.70226e+06,1.42154e+07,0,0,0,4.74109e+08,52.3894,61.308,7.6732,0,0,1.93368,1.93368,0,1.7395,3.38688,8.87469e+06,3.61194e+06,1.71608e+07,0,0,0,1.16773e+08
59.3977,110.355,6.60459,0,0.04,3.32898,3.32898,0,0.623824,6.048,4.27036e+06,2.70226e+06,1.4216e+07,0,0,0,4.74109e+08,54.7741,61.308,6.65535,0,0,1.93377,1.93377,0,1.49396,3.38688,8.87469e+06,3.61194e+06,1.71616e+07,0,0,0,1.16773e+08
63.9914,110.355,8.3657,0,0.04,3.32912,3.32912,0,0.623851,6.048,4.27036e+06,2.70226e+06,1.42166e+07,0,0,0,4.74109e+08,58.5449,61.308,9.37716,0,0,1.93385,1.93385,0,1.49403,3.38688,8.87469e+06,3.61194e+06,1.71623e+07,0,0,0,1.16773e+08
70.4448,110.355,10.3723,0,0.04,3.32926,3.32926,0,0.623877,6.048,4.27036e+06,2.70226e+06,1.42172e+07,0,0,0,4.74109e+08,62.3362,61.308,14.4221,0,0,1.93393,1.93393,0,1.49409,3.38688,8.87469e+06,3.61194e+06,1.7163e+07,0,0,0,1.16773e+08
74.1199,110.355,7.52767,0,0.04,3.3294,3.3294,0,0.623903,6.048,4.27036e+06,2.70226e+06,1.42178e+07,0,0,0,4.74109e+08,62.3362,61.308,7.5773,0,0,1.93401,1.93401,0,1.49415,3.38688,8.87469e+06,3.61194e+06,1.71637e+07,0,0,0,1.16773e+08
78.5041,110.355,8.35943,0,0.04,3.4512,3.4512,0,0.62393,6.048,4.27036e+06,2.70226e+06,1.47379e+07,0,0,0,4.74109e+08,62.3362,61.308,13.7008,0,0,2.01188,2.01188,0,1.49422,3.38688,8.87469e+06,3.61194e+06,1.78548e+07,0,0,0,1.16773e+08
81.5262,110.355,7.14807,0,0.04,3.45134,3.45134,0,0.646754,6.048,4.27036e+06,2.70226e+06,1.47385e+07,0,0,0,4.74109e+08,62.3362,61.308,14.9739,0,0,2.01197,2.01197,0,1.55438,3.38688,8.87469e+06,3.61194e+06,1.78556e+07,0,0,0,1.16773e+08
82.6466,110.355,5.15556,0,0.04,3.45149,3.45149,0,0.646782,6.048,4.27036e+06,2.70226e+06,1.47391e+07,0,0,0,4.74109e+08,62.3362,61.308,10.4533,0,0,2.01205,2.01205,0,1.55444,3.38688,8.87469e+06,3.61194e+06,1.78563e+07,0,0,0,1.16773e+08
83.5715,110.355,4.85041,0,0.04,3.45163,3.45163,0,0.646809,6.048,4.27036e+06,2.70226e+06,1.47397e+07,0,0,0,4.74109e+08,62.3362,61.308,8.07739,0,0,2.01214,2.01214,0,1.55451,3.38688,8.87469e+06,3.61194e+06,1.78571e+07,0,0,0,1.16773e+08
83.9417,110.355,4.13605,0,0.04,3.40421,3.40421,0,0.646836,6.048,4.27036e+06,2.70226e+06,1.45372e+07,0,0,0,4.74109e+08,62.3362,61.308,6.08245,0,0,1.982,1.982,0,1.55458,3.38688,8.87469e+06,3.61194e+06,1.75897e+07,0,0,0,1.16773e+08
83.6428,110.355,3.40864,0,0.04,3.40435,3.40435,0,0.637948,6.048,4.27036e+06,2.70226e+06,1.45378e+07,0,0,0,4.74109e+08,62.3362,61.308,4.43563,0,0,1.98209,1.98209,0,1.5313,3.38688,8.87469e+06,3.61194e+06,1.75904e+07,0,0,0,1.16773e+08
83.0659,110.355,3.10751,0,0.04,3.40449,3.40449,0,0.637975,6.048,4.27036e+06,2.70226e+06,1.45384e+07,0,0,0,4.74109e+08,62.3362,61.308,3.94483,0,0,1.98217,1.98217,0,1.53136,3.38688,8.87469e+06,3.61194e+06,1.75912e+07,0,0,0,1.16773e+08
82.2808,110.355,2.86737,0,0.04,3.40464,3.40464,0,0.638002,6.048,4.27036e+06,2.70226e+06,1.4539e+07,0,0,0,4.74109e+08,62.3362,61.308,3.76493,0,0,1.98225,1.98225,0,1.53143,3.38688,8.87469e+06,3.61194e+06,1.75919e+07,0,0,0,1.16773e+08
81.3441,110.355,2.78802,0,0.04,3.56629,3.56629,0,0.638029,6.048,4.27036e+06,2.70226e+06,1.52294e+07,0,0,0,4.74109e+08,62.3362,61.308,3.19586,0,0,2.08951,2.08951,0,1.53149,3.38688,8.87469e+06,3.61194e+06,1.85438e+07,0,0,0,1.16773e+08
80.173,110.355,2.47045,0,0.04,3.56644,3.56644,0,0.668323,6.048,4.27036e+06,2.70226e+06,1.523e+07,0,0,0,4.74109e+08,62.3362,61.308,3.07262,0,0,2.0896,2.0896,0,1.61436,3.38688,8.87469e+06,3.61194e+06,1.85446e+07,0,0,0,1.16773e+08
78.943,110.355,2.39532,0,0.04,3.56659,3.56659,0,0.668352,6.048,4.27036e+06,2.70226e+06,1.52307e+07,0,0,0,4.74109e+08,62.3362,61.308,3.10696,0,0,2.08969,2.08969,0,1.61443,3.38688,8.87469e+06,3.61194e+06,1.85454e+07,0,0,0,1.16773e+08
77.6075,110.355,2.27107,0,0.04,3.56675,3.56675,0,0.66838,6.048,4.27036e+06,2.70226e+06,1.52313e+07,0,0,0,4.74109e+08,62.3362,61.308,2.98911,0,0,2.08978,2.08978,0,1.6145,3.38688,8.87469e+06,3.61194e+06,1.85461e+07,0,0,0,1.16773e+08
76.8449,110.355,2.83535,0,0.04,3.5669,3.5669,0,0.668408,6.048,4.27036e+06,2.70226e+06,1.52319e+07,0,0,0,4.74109e+08,62.3362,61.308,3.60882,0,0,2.08987,2.08987,0,1.61456,3.38688,8.87469e+06,3.61194e+06,1.85469e+07,0,0,0,1.16773e+08
76.5535,110.355,3.2818,0,0.04,3.5351,3.5351,0,0.668436,6.048,4.27036e+06,2.70226e+06,1.50962e+07,0,0,0,4.74109e+08,62.3362,61.308,4.00482,0,0,2.14887,2.14887,0,1.61463,3.38688,8.87469e+06,3.61194e+06,1.90706e+07,0,0,0,1.16773e+08
76.0299,110.355,3.04612,0,0.04,3.53525,3.53525,0,0.662478,6.048,4.27036e+06,2.70226e+06,1.50968e+07,0,0,0,4.74109e+08,62.3362,61.308,3.91837,0,0,2.14896,2.14896,0,1.66022,3.38688,8.87469e+06,3.61194e+06,1.90714e+07,0,0,0,1.16773e+08
75.246,110.355,2.77633,0,0.04,3.5354,3.5354,0,0.662506,6.048,4.27036e+06,2.70226e+06,1.50974e+07,0,0,0,4.74109e+08,62.3362,61.308,3.58138,0,0,2.14906,2.14906,0,1.66029,3.38688,8.87469e+06,3.61194e+06,1.90722e+07,0,0,0,1.16773e+08
74.2124,110.355,2.48551,0,0.04,3.53555,3.53555,0,0.662534,6.048,4.27036e+06,2.70226e+06,1.50981e+07,0,0,0,4.74109e+08,62.3362,61.308,3.23611,0,0,2.14915,2.14915,0,1.66036,3.38688,8.87469e+06,3.61194e+06,1.9073e+07,0,0,0,1.16773e+08
73.0549,110.355,2.3984,0,0.04,3.61821,3.61821,0,0.662562,6.048,4.27036e+06,2.70226e+06,1.54511e+07,0,0,0,4.74109e+08,62.2807,61.308,2.95256,0,0,2.20175,2.20175,0,1.66043,3.38688,8.87469e+06,3.61194e+06,1.95399e+07,0,0,0,1.16773e+08
71.7524,110.355,2.22115,0,0.04,3.61837,3.61837,0,0.678053,6.048,4.27036e+06,2.70226e+06,1.54517e+07,0,0,0,4.74109e+08,62.0983,61.308,2.9868,0,0,2.20185,2.20185,0,1.70108,3.38688,8.87469e+06,3.61194e+06,1.95407e+07,0,0,0,1.16773e+08
70.3037,110.355,2.05776,0,0.04,3.61852,3.61852,0,0.678082,6.048,4.27036e+06,2.70226e+06,1.54524e+07,0,0,0,4.74109e+08,61.8557,61.308,2.66414,0,0,2.20194,2.20194,0,1.70115,3.38688,8.87469e+06,3.61194e+06,1.95415e+07,0,0,0,1.16773e+08
68.9164,110.355,2.09524,0,0.04,3.61867,3.61867,0,0.67811,6.048,4.27036e+06,2.70226e+06,1.5453e+07,0,0,0,4.74109e+08,61.6965,61.308,3.00481,0,0,2.20203,2.20203,0,1.70122,3.38688,8.87469e+06,3.61194e+06,1.95424e+07,0,0,0,1.16773e+08
67.2605,110.355,1.99299,0,0.04,3.86051,3.86051,0,0.678139,6.048,4.27036e+06,2.70226e+06,1.64858e+07,0,0,0,4.74109e+08,61.4305,61.308,2.53816,0,0,2.39172,2.39172,0,1.70129,3.38688,8.87469e+06,3.61194e+06,2.12258e+07,0,0,0,1.16773e+08
65.7038,110.355,2.07434,0,0.04,3.86067,3.86067,0,0.72346,6.048,4.27036e+06,2.70226e+06,1.64865e+07,0,0,0,4.74109e+08,61.2005,61.308,2.7455,0,0,2.39182,2.39182,0,1.84784,3.38688,8.87469e+06,3.61194e+06,2.12267e+07,0,0,0,1.16773e+08
63.7742,110.355,1.70028,0,0.04,3.86084,3.86084,0,0.72349,6.048,4.27036e+06,2.70226e+06,1.64872e+07,0,0,0,4.74109e+08,60.8071,61.308,2.19021,0,0,2.39192,2.39192,0,1.84792,3.38688,8.87469e+06,3.61194e+06,2.12276e+07,0,0,0,1.16773e+08
62.1608,110.355,1.97679,0,0.04,3.861,3.861,0,0.723521,6.048,4.27036e+06,2.70226e+06,1.64879e+07,0,0,0,4.74109e+08,60.7322,61.308,3.30809,0,0,2.39202,2.39202,0,1.848,3.38688,8.87469e+06,3.61194e+06,2.12285e+07,0,0,0,1.16773e+08
60.2426,110.355,1.64564,0,0.04,3.86116,3.86116,0,0.723551,6.048,4.27036e+06,2.70226e+06,1.64886e+07,0,0,0,4.74109e+08,60.4069,61.308,2.61499,0,0,2.39212,2.39212,0,1.84808,3.38688,8.87469e+06,3.61194e+06,2.12294e+07,0,0,0,1.16773e+08
58.3493,110.355,1.56028,0,0.04,3.74351,3.74351,0,0.723582,6.048,4.27036e+06,2.70226e+06,1.59862e+07,0,0,0,4.74109e+08,60.1877,61.308,2.82709,0,0,2.27713,2.27713,0,1.84816,3.38688,8.87469e+06,3.61194e+06,2.02088e+07,0,0,0,1.16773e+08
57.0614,110.355,2.17183,0,0.04,3.74367,3.74367,0,0.701534,6.048,4.27036e+06,2.70226e+06,1.59868e+07,0,0,0,4.74109e+08,60.0566,61.308,3.16191,0,0,2.27722,2.27722,0,1.75931,3.38688,8.87469e+06,3.61194e+06,2.02096e+07,0,0,0,1.16773e+08
56.5677,110.355,3.03397,0,0.04,3.74383,3.74383,0,0.701564,6.048,4.27036e+06,2.70226e+06,1.59875e+07,0,0,0,4.74109e+08,60.4531,61.308,5.19058,0,0,2.27732,2.27732,0,1.75938,3.38688,8.87469e+06,3.61194e+06,2.02105e+07,0,0,0,1.16773e+08
55.6602,110.355,2.66304,0,0.04,3.74399,3.74399,0,0.701593,6.048,4.27036e+06,2.70226e+06,1.59882e+07,0,0,0,4.74109e+08,60.4961,61.308,3.77415,0,0,2.27741,2.27741,0,1.75946,3.38688,8.87469e+06,3.61194e+06,2.02113e+07,0,0,0,1.16773e+08
55.1588,110.355,3.0325,0,0.04,3.64742,3.64742,0,0.701623,6.048,4.27036e+06,2.70226e+06,1.55758e+07,0,0,0,4.74109e+08,60.6994,61.308,3.76145,0,0,2.17272,2.17272,0,1.75953,3.38688,8.87469e+06,3.61194e+06,1.92822e+07,0,0,0,1.16773e+08
54.9284,110.355,3.28372,0,0.04,3.64758,3.64758,0,0.683527,6.048,4.27036e+06,2.70226e+06,1.55765e+07,0,0,0,4.74109e+08,61.4793,61.308,5.21028,0,0,2.17281,2.17281,0,1.67864,3.38688,8.87469e+06,3.61194e+06,1.9283e+07,0,0,0,1.16773e+08
54.4337,110.355,3.07157,0,0.04,3.64773,3.64773,0,0.683556,6.048,4.27036e+06,2.70226e+06,1.55771e+07,0,0,0,4.74109e+08,62.3362,61.308,5.19746,0,0,2.17291,2.17291,0,1.67872,3.38688,8.87469e+06,3.61194e+06,1.92839e+07,0,0,0,1.16773e+08
56.4928,110.355,5.734,0,0.04,3.64789,3.64789,0,0.683585,6.048,4.27036e+06,2.70226e+06,1.55778e+07,0,0,0,4.74109e+08,62.3362,61.308,6.30405,0,0,2.173,2.173,0,1.67879,3.38688,8.87469e+06,3.61194e+06,1.92847e+07,0,0,0,1.16773e+08
59.286,110.355,6.21124,0,0.04,3.3733,3.3733,0,0.683614,6.048,4.27036e+06,2.70226e+06,1.44052e+07,0,0,0,4.74109e+08,62.3362,61.308,5.2191,0,0,1.95481,1.95481,0,1.67886,3.38688,8.87469e+06,3.61194e+06,1.73483e+07,0,0,0,1.16773e+08
59.8564,110.355,4.01531,0,0.04,3.37344,3.37344,0,0.632157,6.048,4.27036e+06,2.70226e+06,1.44058e+07,0,0,0,4.74109e+08,62.3362,61.308,4.36837,0,0,1.95489,1.95489,0,1.51029,3.38688,8.87469e+06,3.61194e+06,1.73491e+07,0,0,0,1.16773e+08
61.5198,110.355,5.22696,0,0.04,3.37359,3.37359,0,0.632183,6.048,4.27036e+06,2.70226e+06,1.44064e+07,0,0,0,4.74109e+08,62.3362,61.308,4.54975,0,0,1.95497,1.95497,0,1.51035,3.38688,8.87469e+06,3.61194e+06,1.73498e+07,0,0,0,1.16773e+08
64.0058,110.355,6.28361,0,0.04,3.37373,3.37373,0,0.63221,6.048,4.27036e+06,2.70226e+06,1.44071e+07,0,0,0,4.74109e+08,62.3362,61.308,5.85514,0,0,1.95506,1.95506,0,1.51041,3.38688,8.87469e+06,3.61194e+06,1.73505e+07,0,0,0,1.16773e+08
64.8856,110.355,4.48617,0,0.04,3.37387,3.37387,0,0.632237,6.048,4.27036e+06,2.70226e+06,1.44077e+07,0,0,0,4.74109e+08,62.2092,61.308,4.42323,0,0,1.95514,1.95514,0,1.51048,3.38688,8.87469e+06,3.61194e+06,1.73513e+07,0,0,0,1.16773e+08
64.6291,110.355,3.34641,0,0.04,3.4797,3.4797,0,0.632263,6.048,4.27036e+06,2.70226e+06,1.48596e+07,0,0,0,4.74109e+08,62.1645,61.308,2.1586,0,0,2.01843,2.01843,0,1.51054,3.38688,8.87469e+06,3.61194e+06,1.7913e+07,0,0,0,1.16773e+08
63.8703,110.355,2.8434,0,0.04,3.47982,3.47982,0,0.652095,6.048,4.27036e+06,2.70226e+06,1.48601e+07,0,0,0,4.74109e+08,62.256,61.308,2.68745,0,0,2.0185,2.0185,0,1.55944,3.38688,8.87469e+06,3.61194e+06,1.79136e+07,0,0,0,1.16773e+08
62.6058,110.355,2.23704,0,0.04,3.47993,3.47993,0,0.652117,6.048,4.27036e+06,2.70226e+06,1.48606e+07,0,0,0,4.74109e+08,61.6783,61.308,2.38153,0,0,2.01857,2.01857,0,1.55949,3.38688,8.87469e+06,3.61194e+06,1.79142e+07,0,0,0,1.16773e+08
60.9741,110.355,1.90366,0,0.04,3.48005,3.48005,0,0.65214,6.048,4.27036e+06,2.70226e+06,1.48611e+07,0,0,0,4.74109e+08,60.9127,61.308,1.56146,0,0,2.01864,2.01864,0,1.55955,3.38688,8.87469e+06,3.61194e+06,1.79148e+07,0,0,0,1.16773e+08
59.0546,110.355,1.84746,0,0.04,3.81962,3.81962,0,0.652162,6.048,4.27036e+06,2.70226e+06,1.63112e+07,0,0,0,4.74109e+08,60.4912,61.308,1.58925,0,0,2.25606,2.25606,0,1.5596,3.38688,8.87469e+06,3.61194e+06,2.00219e+07,0,0,0,1.16773e+08
57.3909,110.355,2.07612,0,0.04,3.81975,3.81975,0,0.715796,6.048,4.27036e+06,2.70226e+06,1.63117e+07,0,0,0,4.74109e+08,60.0076,61.308,2.07975,0,0,2.25614,2.25614,0,1.74304,3.38688,8.87469e+06,3.61194e+06,2.00225e+07,0,0,0,1.16773e+08
56.2737,110.355,2.63181,0,0.04,3.81988,3.81988,0,0.715821,6.048,4.27036e+06,2.70226e+06,1.63123e+07,0,0,0,4.74109e+08,59.2544,61.308,1.96392,0,0,2.25622,2.25622,0,1.74309,3.38688,8.87469e+06,3.61194e+06,2.00232e+07,0,0,0,1.16773e+08
54.8945,110.355,2.30756,0,0.04,3.82001,3.82001,0,0.715845,6.048,4.27036e+06,2.70226e+06,1.63128e+07,0,0,0,4.74109e+08,58.9953,61.308,1.76894,0,0,2.25629,2.25629,0,1.74315,3.38688,8.87469e+06,3.61194e+06,2.00239e+07,0,0,0,1.16773e+08
55.6009,110.355,4.13435,0,0.04,3.33591,3.33591,0,0.715869,6.048,4.27036e+06,2.70226e+06,1.42455e+07,0,0,0,4.74109e+08,59.041,61.308,2.86052,0,0,1.93779,1.93779,0,1.74321,3.38688,8.87469e+06,3.61194e+06,1.71973e+07,0,0,0,1.16773e+08
57.0506,110.355,4.92119,0,0.04,3.33602,3.33602,0,0.625149,6.048,4.27036e+06,2.70226e+06,1.4246e+07,0,0,0,4.74109e+08,59.2619,61.308,3.43292,0,0,1.93786,1.93786,0,1.49714,3.38688,8.87469e+06,3.61194e+06,1.71979e+07,0,0,0,1.16773e+08
57.8185,110.355,4.21516,0,0.04,3.33614,3.33614,0,0.625171,6.048,4.27036e+06,2.70226e+06,1.42465e+07,0,0,0,4.74109e+08,59.3143,61.308,3.09192,0,0,1.93792,1.93792,0,1.49719,3.38688,8.87469e+06,3.61194e+06,1.71985e+07,0,0,0,1.16773e+08
57.9042,110.355,3.5408,0,0.04,3.33625,3.33625,0,0.625192,6.048,4.27036e+06,2.70226e+06,1.4247e+07,0,0,0,4.74109e+08,59.4407,61.308,3.25711,0,0,1.93799,1.93799,0,1.49724,3.38688,8.87469e+06,3.61194e+06,1.7199e+07,0,0,0,1.16773e+08
58.5044,110.355,4.07117,0,0.04,3.33636,3.33636,0,0.625213,6.048,4.27036e+06,2.70226e+06,1.42475e+07,0,0,0,4.74109e+08,59.737,61.308,3.9916,0,0,1.93805,1.93805,0,1.49729,3.38688,8.87469e+06,3.61194e+06,1.71996e+07,0,0,0,1.16773e+08
58.5984,110.355,3.60154,0,0.04,3.45838,3.45838,0,0.625234,6.048,4.27036e+06,2.70226e+06,1.47686e+07,0,0,0,4.74109e+08,59.8031,61.308,2.93818,0,0,2.01607,2.01607,0,1.49734,3.38688,8.87469e+06,3.61194e+06,1.7892e+07,0,0,0,1.16773e+08
58.0686,110.355,2.93244,0,0.04,3.4585,3.4585,0,0.648101,6.048,4.27036e+06,2.70226e+06,1.47691e+07,0,0,0,4.74109e+08,59.7006,61.308,2.46034,0,0,2.01614,2.01614,0,1.55762,3.38688,8.87469e+06,3.61194e+06,1.78926e+07,0,0,0,1.16773e+08
57.6617,110.355,3.02597,0,0.04,3.45862,3.45862,0,0.648123,6.048,4.27036e+06,2.70226e+06,1.47696e+07,0,0,0,4.74109e+08,59.5845,61.308,2.36738,0,0,2.01621,2.01621,0,1.55767,3.38688,8.87469e+06,3.61194e+06,1.78932e+07,0,0,0,1.16773e+08
56.8972,110.355,2.62526,0,0.04,3.45873,3.45873,0,0.648145,6.048,4.27036e+06,2.70226e+06,1.47701e+07,0,0,0,4.74109e+08,59.4416,61.308,2.22876,0,0,2.01628,2.01628,0,1.55772,3.38688,8.87469e+06,3.61194e+06,1.78938e+07,0,0,0,1.16773e+08
56.218,110.355,2.67397,0,0.04,3.41118,3.41118,0,0.648167,6.048,4.27036e+06,2.70226e+06,1.4567e+07,0,0,0,4.74109e+08,59.3236,61.308,2.39575,0,0,1.98606,1.98606,0,1.55777,3.38688,8.87469e+06,3.61194e+06,1.76257e+07,0,0,0,1.16773e+08
55.4175,110.355,2.45175,0,0.04,3.4113,3.4113,0,0.639255,6.048,4.27036e+06,2.70226e+06,1.45675e+07,0,0,0,4.74109e+08,59.1234,61.308,2.15361,0,0,1.98613,1.98613,0,1.53443,3.38688,8.87469e+06,3.61194e+06,1.76263e+07,0,0,0,1.16773e+08
54.5668,110.355,2.38408,0,0.04,3.41141,3.41141,0,0.639277,6.048,4.27036e+06,2.70226e+06,1.4568e+07,0,0,0,4.74109e+08,58.9928,61.308,2.38547,0,0,1.9862,1.9862,0,1.53449,3.38688,8.87469e+06,3.61194e+06,1.76269e+07,0,0,0,1.16773e+08
53.657,110.355,2.3036,0,0.04,3.41153,3.41153,0,0.639299,6.048,4.27036e+06,2.70226e+06,1.45685e+07,0,0,0,4.74109e+08,58.8521,61.308,2.18932,0,0,1.98627,1.98627,0,1.53454,3.38688,8.87469e+06,3.61194e+06,1.76275e+07,0,0,0,1.16773e+08
52.5609,110.355,2.19208,0,0.04,3.57348,3.57348,0,0.63932,6.048,4.27036e+06,2.70226e+06,1.52601e+07,0,0,0,4.74109e+08,58.71,61.308,2.16555,0,0,2.09373,2.09373,0,1.53459,3.38688,8.87469e+06,3.61194e+06,1.85812e+07,0,0,0,1.16773e+08
51.2258,110.355,1.91451,0,0.04,3.5736,3.5736,0,0.66967,6.048,4.27036e+06,2.70226e+06,1.52606e+07,0,0,0,4.74109e+08,58.3856,61.308,2.14084,0,0,2.0938,2.0938,0,1.61761,3.38688,8.87469e+06,3.61194e+06,1.85818e+07,0,0,0,1.16773e+08
49.7465,110.355,1.73745,0,0.04,3.57372,3.57372,0,0.669693,6.048,4.27036e+06,2.70226e+06,1.52611e+07,0,0,0,4.74109e+08,57.9832,61.308,1.89374,0,0,2.09387,2.09387,0,1.61767,3.38688,8.87469e+06,3.61194e+06,1.85824e+07,0,0,0,1.16773e+08
48.2138,110.355,1.63158,0,0.04,3.57384,3.57384,0,0.669716,6.048,4.27036e+06,2.70226e+06,1.52616e+07,0,0,0,4.74109e+08,57.4759,61.308,1.76213,0,0,2.09394,2.09394,0,1.61772,3.38688,8.87469e+06,3.61194e+06,1.85831e+07,0,0,0,1.16773e+08
46.5677,110.355,1.49344,0,0.04,3.57397,3.57397,0,0.669738,6.048,4.27036e+06,2.70226e+06,1.52621e+07,0,0,0,4.74109e+08,56.9252,61.308,1.73465,0,0,2.09401,2.09401,0,1.61778,3.38688,8.87469e+06,3.61194e+06,1.85837e+07,0,0,0,1.16773e+08
44.8269,110.355,1.33916,0,0.04,3.54208,3.54208,0,0.669761,6.048,4.27036e+06,2.70226e+06,1.5126e+07,0,0,0,4.74109e+08,56.314,61.308,1.68394,0,0,2.15312,2.15312,0,1.61783,3.38688,8.87469e+06,3.61194e+06,1.91082e+07,0,0,0,1.16773e+08
43.0704,110.355,1.26975,0,0.04,3.5422,3.5422,0,0.663785,6.048,4.27036e+06,2.70226e+06,1.51265e+07,0,0,0,4.74109e+08,55.6677,61.308,1.62662,0,0,2.15319,2.15319,0,1.6635,3.38688,8.87469e+06,3.61194e+06,1.91089e+07,0,0,0,1.16773e+08
41.2836,110.355,1.18959,0,0.04,3.54232,3.54232,0,0.663808,6.048,4.27036e+06,2.70226e+06,1.5127e+07,0,0,0,4.74109e+08,54.8987,61.308,1.51993,0,0,2.15326,2.15326,0,1.66355,3.38688,8.87469e+06,3.61194e+06,1.91095e+07,0,0,0,1.16773e+08
39.4732,110.355,1.11575,0,0.04,3.54244,3.54244,0,0.66383,6.048,4.27036e+06,2.70226e+06,1.51275e+07,0,0,0,4.74109e+08,54.0201,61.308,1.42992,0,0,2.15333,2.15333,0,1.66361,3.38688,8.87469e+06,3.61194e+06,1.91102e+07,0,0,0,1.16773e+08
37.5878,110.355,1.03764,0,0.04,3.62523,3.62523,0,0.663853,6.048,4.27036e+06,2.70226e+06,1.54811e+07,0,0,0,4.74109e+08,53.2264,61.308,1.36211,0,0,2.20603,2.20603,0,1.66367,3.38688,8.87469e+06,3.61194e+06,1.95778e+07,0,0,0,1.16773e+08
35.7123,110.355,0.978554,0,0.04,3.62536,3.62536,0,0.679369,6.048,4.27036e+06,2.70226e+06,1.54816e+07,0,0,0,4.74109e+08,52.3009,61.308,1.39957,0,0,2.2061,2.2061,0,1.70438,3.38688,8.87469e+06,3.61194e+06,1.95785e+07,0,0,0,1.16773e+08
33.8434,110.355,0.915841,0,0.04,3.62548,3.62548,0,0.679392,6.048,4.27036e+06,2.70226e+06,1.54821e+07,0,0,0,4.74109e+08,51.4402,61.308,1.28388,0,0,2.20618,2.20618,0,1.70443,3.38688,8.87469e+06,3.61194e+06,1.95791e+07,0,0,0,1.16773e+08
32.0359,110.355,0.899795,0,0.04,3.6256,3.6256,0,0.679415,6.048,4.27036e+06,2.70226e+06,1.54826e+07,0,0,0,4.74109e+08,50.489,61.308,1.37605,0,0,2.20625,2.20625,0,1.70449,3.38688,8.87469e+06,3.61194e+06,1.95798e+07,0,0,0,1.16773e+08
30.0998,110.355,0.84902,0,0.04,3.86787,3.86787,0,0.679438,6.048,4.27036e+06,2.70226e+06,1.65172e+07,0,0,0,4.74109e+08,49.5215,61.308,1.25092,0,0,2.39628,2.39628,0,1.70455,3.38688,8.87469e+06,3.61194e+06,2.12663e+07,0,0,0,1.16773e+08
28.2169,110.355,0.815232,0,0.04,3.868,3.868,0,0.724839,6.048,4.27036e+06,2.70226e+06,1.65178e+07,0,0,0,4.74109e+08,48.5329,61.308,1.21198,0,0,2.39636,2.39636,0,1.85137,3.38688,8.87469e+06,3.61194e+06,2.1267e+07,0,0,0,1.16773e+08
26.5673,110.355,0.933907,0,0.04,3.86813,3.86813,0,0.724864,6.048,4.27036e+06,2.70226e+06,1.65183e+07,0,0,0,4.74109e+08,47.5573,61.308,1.2039,0,0,2.39644,2.39644,0,1.85143,3.38688,8.87469e+06,3.61194e+06,2.12677e+07,0,0,0,1.16773e+08
24.9985,110.355,0.700414,0.28,0.04,3.47086,3.86827,0,0.724888,6.048,4.27036e+06,2.70226e+06,1.48218e+07,0,0,0,4.74109e+08,46.5279,61.308,1.11454,0,0,2.79393,2.39653,0,1.85149,3.38688,8.87469e+06,3.61194e+06,2.47953e+07,0,0,0,1.16773e+08
23.4928,110.355,0.65781,0.12,0.04,3.47107,3.8684,0,0.650439,6.048,4.27036e+06,2.70226e+06,1.48228e+07,0,0,0,4.74109e+08,45.4019,61.308,1.13683,0,0,2.79393,2.39661,0,2.15859,3.38688,8.87469e+06,3.61194e+06,2.47953e+07,0,0,0,1.16773e+08
21.9289,110.355,0.431919,0.07,0.04,3.35325,3.75049,0,0.650479,6.048,4.27036e+06,2.70226e+06,1.43196e+07,0,0,0,4.74109e+08,44.1474,61.308,0.937589,0,0,2.67861,2.28137,0,2.15859,3.38688,8.87469e+06,3.61194e+06,2.37719e+07,0,0,0,1.16773e+08
20.3809,110.355,0.369162,0.5,0.04,2.81351,3.75062,0,0.6284,6.048,4.27036e+06,3.50682e+06,1.20147e+07,0,0,0,4.74109e+08,43.0491,61.308,0.853159,0,0,2.53563,2.28145,0,2.0695,3.38688,8.87469e+06,4.68734e+06,2.25029e+07,0,0,0,1.16773e+08
19.8145,110.355,0.789356,0.49,0.04,2.8137,3.75075,0,0.527252,6.048,4.27036e+06,3.50682e+06,1.20155e+07,0,0,0,4.74109e+08,42.4799,61.308,1.28541,0,0,2.53562,2.28153,0,1.95902,3.38688,8.87469e+06,4.68734e+06,2.25028e+07,0,0,0,1.16773e+08
19.5386,110.355,1.31413,0.64,0.04,2.81389,3.75088,0,0.527288,6.048,4.27036e+06,3.50682e+06,1.20163e+07,0,0,0,4.74109e+08,42.0128,61.308,1.59049,0,0,2.53561,2.2816,0,1.95902,3.38688,8.87469e+06,4.68734e+06,2.25027e+07,0,0,0,1.16773e+08
18.6996,110.355,0.674704,0.81,0.04,2.72816,3.65411,0,0.527323,6.048,4.27036e+06,3.50682e+06,1.16502e+07,0,0,0,4.74109e+08,40.9666,61.308,1.4866,0,0,2.44251,2.1767,0,1.95901,3.38688,8.87469e+06,4.68734e+06,2.16765e+07,0,0,0,1.16773e+08
17.8541,110.355,0.547529,0.52,0.04,2.63571,3.65423,0,0.511256,6.048,4.27036e+06,3.50682e+06,1.12554e+07,0,0,0,4.74109e+08,40.4292,61.308,0.915569,0,0,2.53513,2.17678,0,1.88708,3.38688,8.87469e+06,4.68734e+06,2.24985e+07,0,0,0,1.16773e+08
17.658,110.355,1.14171,0.5,0.04,2.63582,3.65435,0,0.493932,6.048,4.27036e+06,3.50682e+06,1.12559e+07,0,0,0,4.74109e+08,40.3305,61.308,1.99355,0,0,2.53519,2.17685,0,1.95864,3.38688,8.87469e+06,4.68734e+06,2.2499e+07,0,0,0,1.16773e+08
18.5671,110.355,2.32874,0.74,0.04,2.63593,3.65448,0,0.493952,6.048,4.27036e+06,3.50682e+06,1.12564e+07,0,0,0,4.74109e+08,40.9607,61.308,4.16025,0,0,2.53526,2.17692,0,1.95869,3.38688,8.87469e+06,4.68734e+06,2.24996e+07,0,0,0,1.16773e+08
19.0056,110.355,1.86586,0.86,0.04,2.39197,3.37937,0,0.493973,6.048,4.27036e+06,3.50682e+06,1.02146e+07,0,0,0,4.74109e+08,41.3086,61.308,2.96749,0,0,2.34141,1.95833,0,1.95874,3.38688,8.87469e+06,4.68734e+06,2.07793e+07,0,0,0,1.16773e+08
19.996,110.355,2.52478,0.85,0.04,2.39207,3.37948,0,0.448254,6.048,4.27036e+06,3.50682e+06,1.0215e+07,0,0,0,4.74109e+08,41.8113,61.308,3.01528,0,0,2.34147,1.95839,0,1.80897,3.38688,8.87469e+06,4.68734e+06,2.07798e+07,0,0,0,1.16773e+08
20.6042,110.355,2.18554,0.89,0.04,2.39217,3.3796,0,0.448273,6.048,4.27036e+06,3.50682e+06,1.02154e+07,0,0,0,4.74109e+08,42.2798,61.308,2.9096,0,0,2.34153,1.95846,0,1.80902,3.38688,8.87469e+06,4.68734e+06,2.07803e+07,0,0,0,1.16773e+08
21.9077,110.355,2.93401,0.86,0.04,2.39227,3.37971,0,0.448292,6.048,4.27036e+06,3.50682e+06,1.02159e+07,0,0,0,4.74109e+08,42.6737,61.308,2.90965,0,0,2.34159,1.95852,0,1.80906,3.38688,8.87469e+06,4.68734e+06,2.07808e+07,0,0,0,1.16773e+08
23.2346,110.355,3.06911,0.89,0.04,2.39237,3.37983,0,0.448312,6.048,4.27036e+06,3.50682e+06,1.02163e+07,0,0,0,4.74109e+08,43.1413,61.308,3.3056,0,0,2.34164,1.95859,0,1.80911,3.38688,8.87469e+06,4.68734e+06,2.07814e+07,0,0,0,1.16773e+08
25.4902,110.355,4.3356,0.44,0.04,2.48636,3.48581,0,0.448331,6.048,4.27036e+06,3.50682e+06,1.06177e+07,0,0,0,4.74109e+08,45.2424,61.308,6.69954,0,0,2.39786,2.02198,0,1.80915,3.38688,8.87469e+06,4.68734e+06,2.12802e+07,0,0,0,1.16773e+08
28.9383,110.355,5.54641,0.45,0.06,2.48644,3.4859,0,0.465943,6.048,4.27036e+06,3.50682e+06,1.0618e+07,0,0,0,4.74109e+08,48.522,61.308,8.70422,0,0,2.3979,2.02203,0,1.85258,3.38688,8.87469e+06,4.68734e+06,2.12806e+07,0,0,0,1.16773e+08
35.6233,110.355,9.76108,0.02,0.06,2.88119,3.48599,0,0.465958,6.048,4.27036e+06,2.70226e+06,1.23037e+07,0,0,0,4.74109e+08,54.8873,61.308,14.3109,0,0,2.62688,2.02208,0,1.85262,3.38688,8.87469e+06,3.61194e+06,2.33128e+07,0,0,0,1.16773e+08
42.705,110.355,10.3492,0.02,0.06,2.88128,3.48608,0,0.539935,6.048,4.27036e+06,2.70226e+06,1.23041e+07,0,0,0,4.74109e+08,58.8443,61.308,10.1352,0,0,2.62694,2.02214,0,2.02953,3.38688,8.87469e+06,3.61194e+06,2.33132e+07,0,0,0,1.16773e+08
49.0191,110.355,10.0807,0.31,0.06,3.2214,3.8262,0,0.539952,6.048,4.27036e+06,2.70226e+06,1.37566e+07,0,0,0,4.74109e+08,62.3362,61.308,13.04,0,0,2.86475,2.25995,0,2.02957,3.38688,8.87469e+06,3.61194e+06,2.54238e+07,0,0,0,1.16773e+08
63.2829,110.355,18.6257,0.34,0.06,3.2924,3.8263,0,0.60369,6.048,4.27036e+06,2.70226e+06,1.40598e+07,0,0,0,4.74109e+08,62.3362,61.308,22.2739,0,0,2.79391,2.26001,0,2.21331,3.38688,8.87469e+06,3.61194e+06,2.4795e+07,0,0,0,1.16773e+08
66.3615,110.355,7.86893,0,0.06,3.8264,3.8264,0,0.616996,6.048,4.27036e+06,2.70226e+06,1.63401e+07,0,0,0,4.74109e+08,62.3362,61.308,11.001,0,0,2.26007,2.26007,0,2.15857,3.38688,8.87469e+06,3.61194e+06,2.00574e+07,0,0,0,1.16773e+08
68.4291,110.355,6.06783,0.37,0.06,3.29272,3.82649,0,0.717067,6.048,4.27036e+06,2.70226e+06,1.40611e+07,0,0,0,4.74109e+08,62.3362,61.308,10.3057,0,0,2.79391,2.26013,0,1.74613,3.38688,8.87469e+06,3.61194e+06,2.4795e+07,0,0,0,1.16773e+08
70.7889,110.355,6.29826,0,0.06,3.34155,3.34155,0,0.617055,6.048,4.27036e+06,2.70226e+06,1.42696e+07,0,0,0,4.74109e+08,62.3362,61.308,8.55537,0,0,1.94107,1.94107,0,2.15857,3.38688,8.87469e+06,3.61194e+06,1.72264e+07,0,0,0,1.16773e+08
73.8633,110.355,6.68518,0.25,0.06,2.73683,3.34163,0,0.626206,6.048,4.27036e+06,2.70226e+06,1.16873e+07,0,0,0,4.74109e+08,62.3362,61.308,11.836,0,0,2.54592,1.94112,0,1.49967,3.38688,8.87469e+06,3.61194e+06,2.25942e+07,0,0,0,1.16773e+08
75.9855,110.355,6.14426,0,0.06,3.34172,3.34172,0,0.512883,6.048,4.27036e+06,2.70226e+06,1.42704e+07,0,0,0,4.74109e+08,62.3362,61.308,7.50514,0,0,1.94117,1.94117,0,1.96698,3.38688,8.87469e+06,3.61194e+06,1.72272e+07,0,0,0,1.16773e+08
80.7355,110.355,8.80172,0,0.06,3.3418,3.3418,0,0.626238,6.048,4.27036e+06,2.70226e+06,1.42707e+07,0,0,0,4.74109e+08,62.3362,61.308,15.68,0,0,1.94122,1.94122,0,1.49975,3.38688,8.87469e+06,3.61194e+06,1.72277e+07,0,0,0,1.16773e+08
86.5459,110.355,9.84474,0,0.06,3.34189,3.34189,0,0.626254,6.048,4.27036e+06,2.70226e+06,1.42711e+07,0,0,0,4.74109e+08,62.3362,61.308,16.3951,0,0,1.94127,1.94127,0,1.49978,3.38688,8.87469e+06,3.61194e+06,1.72281e+07,0,0,0,1.16773e+08
89.3327,110.355,7.17422,0,0.06,3.46408,3.46408,0,0.62627,6.048,4.27036e+06,2.70226e+06,1.47929e+07,0,0,0,4.74109e+08,62.3362,61.308,12.2119,0,0,2.01939,2.01939,0,1.49982,3.38688,8.87469e+06,3.61194e+06,1.79215e+07,0,0,0,1.16773e+08
91.0206,110.355,5.31451,0.34,0.06,2.85937,3.46417,0,0.649169,6.048,4.27036e+06,2.70226e+06,1.22106e+07,0,0,0,4.74109e+08,62.3362,61.308,9.20055,0,0,2.62425,2.01945,0,1.56018,3.38688,8.87469e+06,3.61194e+06,2.32894e+07,0,0,0,1.16773e+08
91.8467,110.355,4.95953,0,0.06,3.46426,3.46426,0,0.535846,6.048,4.27036e+06,2.70226e+06,1.47937e+07,0,0,0,4.74109e+08,62.3362,61.308,7.33997,0,0,2.0195,2.0195,0,2.02749,3.38688,8.87469e+06,3.61194e+06,1.79224e+07,0,0,0,1.16773e+08
93.5832,110.355,5.8296,0,0.06,3.46435,3.46435,0,0.649203,6.048,4.27036e+06,2.70226e+06,1.4794e+07,0,0,0,4.74109e+08,62.3362,61.308,7.54839,0,0,2.01955,2.01955,0,1.56026,3.38688,8.87469e+06,3.61194e+06,1.79229e+07,0,0,0,1.16773e+08
94.384,110.355,4.20996,0.09,0.06,2.81189,3.41669,0,0.649219,6.048,4.27036e+06,2.70226e+06,1.20078e+07,0,0,0,4.74109e+08,62.3362,61.308,5.39012,0,0,2.59407,1.98927,0,1.5603,3.38688,8.87469e+06,3.61194e+06,2.30216e+07,0,0,0,1.16773e+08
94.8532,110.355,3.85489,0.1,0.06,2.81198,3.41678,0,0.526948,6.048,4.27036e+06,2.70226e+06,1.20082e+07,0,0,0,4.74109e+08,62.3362,61.308,4.7162,0,0,2.59412,1.98932,0,2.00418,3.38688,8.87469e+06,3.61194e+06,2.3022e+07,0,0,0,1.16773e+08
95.0295,110.355,3.48415,0.02,0.06,2.81207,3.41687,0,0.526965,6.048,4.27036e+06,2.70226e+06,1.20085e+07,0,0,0,4.74109e+08,62.3362,61.308,4.26482,0,0,2.59417,1.98937,0,2.00422,3.38688,8.87469e+06,3.61194e+06,2.30225e+07,0,0,0,1.16773e+08
94.582,110.355,3.35045,0,0.06,3.41695,3.41695,0,0.526981,6.048,4.27036e+06,2.70226e+06,1.45916e+07,0,0,0,4.74109e+08,62.3362,61.308,4.11331,0,0,1.98943,1.98943,0,2.00426,3.38688,8.87469e+06,3.61194e+06,1.76555e+07,0,0,0,1.16773e+08
93.8837,110.355,3.25896,0,0.06,3.57913,3.57913,0,0.640337,6.048,4.27036e+06,2.70226e+06,1.52842e+07,0,0,0,4.74109e+08,62.3362,61.308,3.81724,0,0,2.09704,2.09704,0,1.53703,3.38688,8.87469e+06,3.61194e+06,1.86106e+07,0,0,0,1.16773e+08
93.0813,110.355,3.01305,0,0.06,3.57923,3.57923,0,0.67073,6.048,4.27036e+06,2.70226e+06,1.52846e+07,0,0,0,4.74109e+08,62.3362,61.308,3.4249,0,0,2.09709,2.09709,0,1.62017,3.38688,8.87469e+06,3.61194e+06,1.8611e+07,0,0,0,1.16773e+08
92.171,110.355,2.86597,0,0.06,3.57932,3.57932,0,0.670747,6.048,4.27036e+06,2.70226e+06,1.5285e+07,0,0,0,4.74109e+08,62.3362,61.308,3.22325,0,0,2.09715,2.09715,0,1.62021,3.38688,8.87469e+06,3.61194e+06,1.86115e+07,0,0,0,1.16773e+08
91.1759,110.355,2.76678,0,0.06,3.57941,3.57941,0,0.670764,6.048,4.27036e+06,2.70226e+06,1.52854e+07,0,0,0,4.74109e+08,62.3362,61.308,3.46136,0,0,2.0972,2.0972,0,1.62025,3.38688,8.87469e+06,3.61194e+06,1.8612e+07,0,0,0,1.16773e+08
90.0055,110.355,2.6136,0,0.06,3.5795,3.5795,0,0.670781,6.048,4.27036e+06,2.70226e+06,1.52858e+07,0,0,0,4.74109e+08,62.3362,61.308,3.58074,0,0,2.09725,2.09725,0,1.6203,3.38688,8.87469e+06,3.61194e+06,1.86125e+07,0,0,0,1.16773e+08
88.8902,110.355,2.6355,0,0.06,3.54753,3.54753,0,0.670798,6.048,4.27036e+06,2.70226e+06,1.51493e+07,0,0,0,4.74109e+08,62.3362,61.308,4.25565,0,0,2.15643,2.15643,0,1.62034,3.38688,8.87469e+06,3.61194e+06,1.91377e+07,0,0,0,1.16773e+08
87.6212,110.355,2.45901,0,0.06,3.54762,3.54762,0,0.664808,6.048,4.27036e+06,2.70226e+06,1.51496e+07,0,0,0,4.74109e+08,62.3362,61.308,3.95723,0,0,2.15649,2.15649,0,1.66606,3.38688,8.87469e+06,3.61194e+06,1.91381e+07,0,0,0,1.16773e+08
86.2314,110.355,2.3215,0,0.06,3.54771,3.54771,0,0.664825,6.048,4.27036e+06,2.70226e+06,1.515e+07,0,0,0,4.74109e+08,62.3362,61.308,3.71876,0,0,2.15654,2.15654,0,1.6661,3.38688,8.87469e+06,3.61194e+06,1.91386e+07,0,0,0,1.16773e+08
84.7748,110.355,2.21264,0,0.06,3.5478,3.5478,0,0.664842,6.048,4.27036e+06,2.70226e+06,1.51504e+07,0,0,0,4.74109e+08,62.3362,61.308,3.33952,0,0,2.1566,2.1566,0,1.66614,3.38688,8.87469e+06,3.61194e+06,1.91391e+07,0,0,0,1.16773e+08
83.0553,110.355,1.9487,0,0.06,3.6307,3.6307,0,0.664859,6.048,4.27036e+06,2.70226e+06,1.55044e+07,0,0,0,4.74109e+08,62.3362,61.308,3.07352,0,0,2.20935,2.20935,0,1.66619,3.38688,8.87469e+06,3.61194e+06,1.96073e+07,0,0,0,1.16773e+08
81.2416,110.355,1.82675,0,0.06,3.63079,3.63079,0,0.680393,6.048,4.27036e+06,2.70226e+06,1.55048e+07,0,0,0,4.74109e+08,62.3362,61.308,3.20841,0,0,2.20941,2.20941,0,1.70694,3.38688,8.87469e+06,3.61194e+06,1.96078e+07,0,0,0,1.16773e+08
79.6334,110.355,2.02544,0,0.06,3.63088,3.63088,0,0.68041,6.048,4.27036e+06,2.70226e+06,1.55052e+07,0,0,0,4.74109e+08,62.3362,61.308,3.43075,0,0,2.20946,2.20946,0,1.70699,3.38688,8.87469e+06,3.61194e+06,1.96083e+07,0,0,0,1.16773e+08
77.8627,110.355,1.8643,0,0.06,3.63098,3.63098,0,0.680427,6.048,4.27036e+06,2.70226e+06,1.55056e+07,0,0,0,4.74109e+08,62.3362,61.308,2.95083,0,0,2.20952,2.20952,0,1.70703,3.38688,8.87469e+06,3.61194e+06,1.96088e+07,0,0,0,1.16773e+08
75.8128,110.355,1.74986,0,0.06,3.87357,3.87357,0,0.680445,6.048,4.27036e+06,2.70226e+06,1.65416e+07,0,0,0,4.74109e+08,62.3362,61.308,3.04792,0,0,2.39981,2.39981,0,1.70708,3.38688,8.87469e+06,3.61194e+06,2.12976e+07,0,0,0,1.16773e+08
73.7566,110.355,1.73095,0,0.06,3.87367,3.87367,0,0.725907,6.048,4.27036e+06,2.70226e+06,1.6542e+07,0,0,0,4.74109e+08,62.3362,61.308,3.02206,0,0,2.39987,2.39987,0,1.8541,3.38688,8.87469e+06,3.61194e+06,2.12981e+07,0,0,0,1.16773e+08
71.6145,110.355,1.62242,0,0.06,3.87377,3.87377,0,0.725926,6.048,4.27036e+06,2.70226e+06,1.65424e+07,0,0,0,4.74109e+08,62.3362,61.308,4.00777,0,0,2.39994,2.39994,0,1.85414,3.38688,8.87469e+06,3.61194e+06,2.12987e+07,0,0,0,1.16773e+08
69.4224,110.355,1.54755,0,0.06,3.87387,3.87387,0,0.725945,6.048,4.27036e+06,2.70226e+06,1.65428e+07,0,0,0,4.74109e+08,62.3362,61.308,3.89572,0,0,2.4,2.4,0,1.85419,3.38688,8.87469e+06,3.61194e+06,2.12992e+07,0,0,0,1.16773e+08
67.3005,110.355,1.59494,0,0.06,3.87397,3.87397,0,0.725963,6.048,4.27036e+06,2.70226e+06,1.65433e+07,0,0,0,4.74109e+08,62.3362,61.308,3.85933,0,0,2.40006,2.40006,0,1.85424,3.38688,8.87469e+06,3.61194e+06,2.12998e+07,0,0,0,1.16773e+08
65.3676,110.355,1.67217,0,0.06,3.75587,3.75587,0,0.725982,6.048,4.27036e+06,2.70226e+06,1.60389e+07,0,0,0,4.74109e+08,62.3362,61.308,5.63491,0,0,2.28464,2.28464,0,1.85429,3.38688,8.87469e+06,3.61194e+06,2.02755e+07,0,0,0,1.16773e+08
63.2724,110.355,1.4902,0,0.06,3.75596,3.75596,0,0.703849,6.048,4.27036e+06,2.70226e+06,1.60393e+07,0,0,0,4.74109e+08,62.3362,61.308,3.33816,0,0,2.2847,2.2847,0,1.76511,3.38688,8.87469e+06,3.61194e+06,2.0276e+07,0,0,0,1.16773e+08
60.9935,110.355,1.27219,0,0.06,3.75606,3.75606,0,0.703867,6.048,4.27036e+06,2.70226e+06,1.60397e+07,0,0,0,4.74109e+08,62.2787,61.308,3.03721,0,0,2.28476,2.28476,0,1.76516,3.38688,8.87469e+06,3.61194e+06,2.02765e+07,0,0,0,1.16773e+08
59.9848,110.355,2.719,0,0.06,3.75615,3.75615,0,0.703885,6.048,4.27036e+06,2.70226e+06,1.60401e+07,0,0,0,4.74109e+08,62.3362,61.308,4.51084,0,0,2.28482,2.28482,0,1.7652,3.38688,8.87469e+06,3.61194e+06,2.0277e+07,0,0,0,1.16773e+08
59.6497,110.355,3.18691,0,0.06,3.65922,3.65922,0,0.703903,6.048,4.27036e+06,2.70226e+06,1.56262e+07,0,0,0,4.74109e+08,62.3362,61.308,4.0271,0,0,2.17975,2.17975,0,1.76525,3.38688,8.87469e+06,3.61194e+06,1.93446e+07,0,0,0,1.16773e+08
58.2156,110.355,2.08994,0,0.06,3.65931,3.65931,0,0.685737,6.048,4.27036e+06,2.70226e+06,1.56266e+07,0,0,0,4.74109e+08,62.32,61.308,2.50288,0,0,2.1798,2.1798,0,1.68407,3.38688,8.87469e+06,3.61194e+06,1.93451e+07,0,0,0,1.16773e+08
56.4592,110.355,1.72542,0,0.06,3.6594,3.6594,0,0.685755,6.048,4.27036e+06,2.70226e+06,1.5627e+07,0,0,0,4.74109e+08,62.1849,61.308,2.52456,0,0,2.17986,2.17986,0,1.68412,3.38688,8.87469e+06,3.61194e+06,1.93456e+07,0,0,0,1.16773e+08
57.2683,110.355,4.40737,0,0.06,3.6595,3.6595,0,0.685772,6.048,4.27036e+06,2.70226e+06,1.56274e+07,0,0,0,4.74109e+08,62.3362,61.308,7.79951,0,0,2.17991,2.17991,0,1.68416,3.38688,8.87469e+06,3.61194e+06,1.93461e+07,0,0,0,1.16773e+08
59.2519,110.355,5.44801,0,0.06,3.38398,3.38398,0,0.68579,6.048,4.27036e+06,2.70226e+06,1.44508e+07,0,0,0,4.74109e+08,62.3362,61.308,9.95974,0,0,1.961,1.961,0,1.6842,3.38688,8.87469e+06,3.61194e+06,1.74033e+07,0,0,0,1.16773e+08
62.3998,110.355,6.78038,0,0.06,3.38407,3.38407,0,0.634158,6.048,4.27036e+06,2.70226e+06,1.44512e+07,0,0,0,4.74109e+08,62.3362,61.308,12.9324,0,0,1.96105,1.96105,0,1.51507,3.38688,8.87469e+06,3.61194e+06,1.74037e+07,0,0,0,1.16773e+08
64.9173,110.355,6.03743,0,0.06,3.38416,3.38416,0,0.634175,6.048,4.27036e+06,2.70226e+06,1.44516e+07,0,0,0,4.74109e+08,62.3362,61.308,11.0434,0,0,1.9611,1.9611,0,1.51511,3.38688,8.87469e+06,3.61194e+06,1.74041e+07,0,0,0,1.16773e+08
65.8009,110.355,4.51413,0,0.06,3.38424,3.38424,0,0.634191,6.048,4.27036e+06,2.70226e+06,1.44519e+07,0,0,0,4.74109e+08,62.3362,61.308,6.36341,0,0,1.96115,1.96115,0,1.51515,3.38688,8.87469e+06,3.61194e+06,1.74046e+07,0,0,0,1.16773e+08
66.705,110.355,4.61864,0,0.06,3.38433,3.38433,0,0.634207,6.048,4.27036e+06,2.70226e+06,1.44523e+07,0,0,0,4.74109e+08,62.3362,61.308,6.27895,0,0,1.9612,1.9612,0,1.51518,3.38688,8.87469e+06,3.61194e+06,1.7405e+07,0,0,0,1.16773e+08
69.4889,110.355,6.59788,0,0.06,3.49043,3.49043,0,0.634223,6.048,4.27036e+06,2.70226e+06,1.49054e+07,0,0,0,4.74109e+08,62.3362,61.308,7.12041,0,0,2.02466,2.02466,0,1.51522,3.38688,8.87469e+06,3.61194e+06,1.79682e+07,0,0,0,1.16773e+08
75.5357,110.355,10.018,0,0.06,3.49049,3.49049,0,0.654106,6.048,4.27036e+06,2.70226e+06,1.49057e+07,0,0,0,4.74109e+08,62.3362,61.308,11.4404,0,0,2.02469,2.02469,0,1.56425,3.38688,8.87469e+06,3.61194e+06,1.79685e+07,0,0,0,1.16773e+08
77.9035,110.355,6.52063,0,0.06,3.49055,3.49055,0,0.654117,6.048,4.27036e+06,2.70226e+06,1.49059e+07,0,0,0,4.74109e+08,62.3362,61.308,7.076,0,0,2.02473,2.02473,0,1.56428,3.38688,8.87469e+06,3.61194e+06,1.79688e+07,0,0,0,1.16773e+08
80.1465,110.355,6.25687,0,0.06,3.49061,3.49061,0,0.654129,6.048,4.27036e+06,2.70226e+06,1.49062e+07,0,0,0,4.74109e+08,62.3362,61.308,6.27338,0,0,2.02476,2.02476,0,1.5643,3.38688,8.87469e+06,3.61194e+06,1.79691e+07,0,0,0,1.16773e+08
83.3392,110.355,7.53989,0,0.06,3.83114,3.83114,0,0.65414,6.048,4.27036e+06,2.70226e+06,1.63604e+07,0,0,0,4.74109e+08,62.3362,61.308,9.96448,0,0,2.26287,2.26287,0,1.56433,3.38688,8.87469e+06,3.61194e+06,2.00823e+07,0,0,0,1.16773e+08
86.5628,110.355,7.72828,0,0.06,3.83121,3.83121,0,0.717956,6.048,4.27036e+06,2.70226e+06,1.63607e+07,0,0,0,4.74109e+08,62.3362,61.308,7.7513,0,0,2.26291,2.26291,0,1.74829,3.38688,8.87469e+06,3.61194e+06,2.00826e+07,0,0,0,1.16773e+08
92.9223,110.355,11.0435,0,0.06,3.83127,3.83127,0,0.717968,6.048,4.27036e+06,2.70226e+06,1.63609e+07,0,0,0,4.74109e+08,62.3362,61.308,11.2114,0,0,2.26295,2.26295,0,1.74832,3.38688,8.87469e+06,3.61194e+06,2.0083e+07,0,0,0,1.16773e+08
95.1754,110.355,7.08675,0,0.06,3.83134,3.83134,0,0.717981,6.048,4.27036e+06,2.70226e+06,1.63612e+07,0,0,0,4.74109e+08,62.3362,61.308,6.58825,0,0,2.26299,2.26299,0,1.74835,3.38688,8.87469e+06,3.61194e+06,2.00833e+07,0,0,0,1.16773e+08
96.6812,110.355,5.58143,0,0.06,3.34575,3.34575,0,0.717993,6.048,4.27036e+06,2.70226e+06,1.42876e+07,0,0,0,4.74109e+08,62.3362,61.308,5.02979,0,0,1.94351,1.94351,0,1.74839,3.38688,8.87469e+06,3.61194e+06,1.7248e+07,0,0,0,1.16773e+08
95.7591,110.355,3.08698,0,0.06,3.34581,3.34581,0,0.626994,6.048,4.27036e+06,2.70226e+06,1.42878e+07,0,0,0,4.74109e+08,62.3362,61.308,3.64929,0,0,1.94354,1.94354,0,1.50156,3.38688,8.87469e+06,3.61194e+06,1.72483e+07,0,0,0,1.16773e+08
94.7157,110.355,2.95395,0,0.06,3.34587,3.34587,0,0.627005,6.048,4.27036e+06,2.70226e+06,1.42881e+07,0,0,0,4.74109e+08,62.3362,61.308,3.98802,0,0,1.94358,1.94358,0,1.50158,3.38688,8.87469e+06,3.61194e+06,1.72486e+07,0,0,0,1.16773e+08
99.8013,110.355,9.33233,0,0.06,3.34593,3.34593,0,0.627016,6.048,4.27036e+06,2.70226e+06,1.42883e+07,0,0,0,4.74109e+08,62.3362,61.308,9.91843,0,0,1.94361,1.94361,0,1.50161,3.38688,8.87469e+06,3.61194e+06,1.72489e+07,0,0,0,1.16773e+08
104.273,110.355,9.07568,0,0.06,3.34598,3.34598,0,0.627027,6.048,4.27036e+06,2.70226e+06,1.42886e+07,0,0,0,4.74109e+08,62.3362,61.308,10.0904,0,0,1.94364,1.94364,0,1.50163,3.38688,8.87469e+06,3.61194e+06,1.72492e+07,0,0,0,1.16773e+08
105.186,110.355,5.19029,0,0.06,3.4683,3.4683,0,0.627037,6.048,4.27036e+06,2.70226e+06,1.48109e+07,0,0,0,4.74109e+08,62.3362,61.308,5.59659,0,0,2.02185,2.02185,0,1.50166,3.38688,8.87469e+06,3.61194e+06,1.79433e+07,0,0,0,1.16773e+08
106.124,110.355,5.22605,0,0.06,3.46836,3.46836,0,0.649959,6.048,4.27036e+06,2.70226e+06,1.48112e+07,0,0,0,4.74109e+08,62.3362,61.308,6.47672,0,0,2.02189,2.02189,0,1.56208,3.38688,8.87469e+06,3.61194e+06,1.79436e+07,0,0,0,1.16773e+08
105.794,110.355,3.84699,0,0.06,3.46842,3.46842,0,0.649971,6.048,4.27036e+06,2.70226e+06,1.48114e+07,0,0,0,4.74109e+08,62.3362,61.308,4.44474,0,0,2.02192,2.02192,0,1.56211,3.38688,8.87469e+06,3.61194e+06,1.79439e+07,0,0,0,1.16773e+08
105.107,110.355,3.3968,0,0.06,3.46848,3.46848,0,0.649982,6.048,4.27036e+06,2.70226e+06,1.48117e+07,0,0,0,4.74109e+08,62.3362,61.308,3.90555,0,0,2.02196,2.02196,0,1.56214,3.38688,8.87469e+06,3.61194e+06,1.79442e+07,0,0,0,1.16773e+08
104.548,110.355,3.36493,0,0.06,3.42074,3.42074,0,0.649993,6.048,4.27036e+06,2.70226e+06,1.46078e+07,0,0,0,4.74109e+08,62.3362,61.308,4.19697,0,0,1.99163,1.99163,0,1.56216,3.38688,8.87469e+06,3.61194e+06,1.76751e+07,0,0,0,1.16773e+08
103.392,110.355,2.70052,0,0.06,3.4208,3.4208,0,0.641046,6.048,4.27036e+06,2.70226e+06,1.4608e+07,0,0,0,4.74109e+08,62.3362,61.308,3.38323,0,0,1.99166,1.99166,0,1.53873,3.38688,8.87469e+06,3.61194e+06,1.76754e+07,0,0,0,1.16773e+08
101.895,110.355,2.33238,0,0.06,3.42085,3.42085,0,0.641057,6.048,4.27036e+06,2.70226e+06,1.46083e+07,0,0,0,4.74109e+08,62.3362,61.308,3.05932,0,0,1.9917,1.9917,0,1.53876,3.38688,8.87469e+06,3.61194e+06,1.76757e+07,0,0,0,1.16773e+08
100.456,110.355,2.38246,0,0.06,3.42091,3.42091,0,0.641068,6.048,4.27036e+06,2.70226e+06,1.46086e+07,0,0,0,4.74109e+08,62.3362,61.308,2.56891,0,0,1.99173,1.99173,0,1.53879,3.38688,8.87469e+06,3.61194e+06,1.7676e+07,0,0,0,1.16773e+08
99.1317,110.355,2.5746,0,0.06,3.58325,3.58325,0,0.641079,6.048,4.27036e+06,2.70226e+06,1.53018e+07,0,0,0,4.74109e+08,62.3362,61.308,2.73702,0,0,2.09945,2.09945,0,1.53881,3.38688,8.87469e+06,3.61194e+06,1.8632e+07,0,0,0,1.16773e+08
97.5968,110.355,2.29723,0,0.06,3.58332,3.58332,0,0.671502,6.048,4.27036e+06,2.70226e+06,1.53021e+07,0,0,0,4.74109e+08,62.3362,61.308,2.87659,0,0,2.09949,2.09949,0,1.62204,3.38688,8.87469e+06,3.61194e+06,1.86323e+07,0,0,0,1.16773e+08
95.8597,110.355,2.07407,0,0.06,3.58338,3.58338,0,0.671514,6.048,4.27036e+06,2.70226e+06,1.53023e+07,0,0,0,4.74109e+08,62.3362,61.308,2.65956,0,0,2.09952,2.09952,0,1.62206,3.38688,8.87469e+06,3.61194e+06,1.86326e+07,0,0,0,1.16773e+08
94.0756,110.355,2.00356,0,0.06,3.58344,3.58344,0,0.671525,6.048,4.27036e+06,2.70226e+06,1.53026e+07,0,0,0,4.74109e+08,62.3362,61.308,2.39074,0,0,2.09956,2.09956,0,1.62209,3.38688,8.87469e+06,3.61194e+06,1.8633e+07,0,0,0,1.16773e+08
92.1156,110.355,1.75783,0,0.06,3.5835,3.5835,0,0.671537,6.048,4.27036e+06,2.70226e+06,1.53029e+07,0,0,0,4.74109e+08,62.2735,61.308,2.25514,0,0,2.0996,2.0996,0,1.62212,3.38688,8.87469e+06,3.61194e+06,1.86333e+07,0,0,0,1.16773e+08
90.0292,110.355,1.55336,0,0.06,3.55147,3.55147,0,0.671549,6.048,4.27036e+06,2.70226e+06,1.51661e+07,0,0,0,4.74109e+08,62.0871,61.308,2.07739,0,0,2.15883,2.15883,0,1.62215,3.38688,8.87469e+06,3.61194e+06,1.91589e+07,0,0,0,1.16773e+08
87.9225,110.355,1.51271,0,0.06,3.55153,3.55153,0,0.665545,6.048,4.27036e+06,2.70226e+06,1.51663e+07,0,0,0,4.74109e+08,61.8597,61.308,2.0312,0,0,2.15886,2.15886,0,1.66791,3.38688,8.87469e+06,3.61194e+06,1.91592e+07,0,0,0,1.16773e+08
85.7669,110.355,1.41064,0,0.06,3.55159,3.55159,0,0.665557,6.048,4.27036e+06,2.70226e+06,1.51666e+07,0,0,0,4.74109e+08,61.5808,61.308,1.94145,0,0,2.1589,2.1589,0,1.66794,3.38688,8.87469e+06,3.61194e+06,1.91596e+07,0,0,0,1.16773e+08
83.4824,110.355,1.24685,0,0.06,3.55166,3.55166,0,0.665569,6.048,4.27036e+06,2.70226e+06,1.51669e+07,0,0,0,4.74109e+08,61.2599,61.308,1.90359,0,0,2.15894,2.15894,0,1.66797,3.38688,8.87469e+06,3.61194e+06,1.91599e+07,0,0,0,1.16773e+08
81.2486,110.355,1.3617,0,0.06,3.63461,3.63461,0,0.66558,6.048,4.27036e+06,2.70226e+06,1.55211e+07,0,0,0,4.74109e+08,61.0689,61.308,2.10419,0,0,2.21173,2.21173,0,1.668,3.38688,8.87469e+06,3.61194e+06,1.96284e+07,0,0,0,1.16773e+08
78.9217,110.355,1.23607,0,0.06,3.63467,3.63467,0,0.681125,6.048,4.27036e+06,2.70226e+06,1.55214e+07,0,0,0,4.74109e+08,60.6742,61.308,2.02987,0,0,2.21177,2.21177,0,1.70878,3.38688,8.87469e+06,3.61194e+06,1.96288e+07,0,0,0,1.16773e+08
76.5264,110.355,1.1461,0,0.06,3.63473,3.63473,0,0.681137,6.048,4.27036e+06,2.70226e+06,1.55216e+07,0,0,0,4.74109e+08,60.3185,61.308,1.81521,0,0,2.21181,2.21181,0,1.70881,3.38688,8.87469e+06,3.61194e+06,1.96291e+07,0,0,0,1.16773e+08
74.1785,110.355,1.16504,0,0.06,3.6348,3.6348,0,0.681149,6.048,4.27036e+06,2.70226e+06,1.55219e+07,0,0,0,4.74109e+08,60.0288,61.308,2.04524,0,0,2.21185,2.21185,0,1.70884,3.38688,8.87469e+06,3.61194e+06,1.96294e+07,0,0,0,1.16773e+08
71.6468,110.355,1.16086,0,0.06,3.87762,3.87762,0,0.681161,6.048,4.27036e+06,2.70226e+06,1.65588e+07,0,0,0,4.74109e+08,59.8018,61.308,2.23354,0,0,2.40232,2.40232,0,1.70887,3.38688,8.87469e+06,3.61194e+06,2.13198e+07,0,0,0,1.16773e+08
68.858,110.355,0.891706,0,0.06,3.87768,3.87768,0,0.726665,6.048,4.27036e+06,2.70226e+06,1.65591e+07,0,0,0,4.74109e+08,59.5236,61.308,2.24081,0,0,2.40236,2.40236,0,1.85603,3.38688,8.87469e+06,3.61194e+06,2.13202e+07,0,0,0,1.16773e+08
66.0554,110.355,0.838823,0,0.06,3.87775,3.87775,0,0.726678,6.048,4.27036e+06,2.70226e+06,1.65594e+07,0,0,0,4.74109e+08,59.1914,61.308,2.08881,0,0,2.4024,2.4024,0,1.85606,3.38688,8.87469e+06,3.61194e+06,2.13206e+07,0,0,0,1.16773e+08
63.5707,110.355,1.13149,0,0.06,3.87782,3.87782,0,0.726691,6.048,4.27036e+06,2.70226e+06,1.65597e+07,0,0,0,4.74109e+08,58.9269,61.308,2.35342,0,0,2.40244,2.40244,0,1.8561,3.38688,8.87469e+06,3.61194e+06,2.13209e+07,0,0,0,1.16773e+08
61.5664,110.355,1.66726,0,0.06,3.87789,3.87789,0,0.726703,6.048,4.27036e+06,2.70226e+06,1.656e+07,0,0,0,4.74109e+08,58.8987,61.308,2.78998,0,0,2.40249,2.40249,0,1.85613,3.38688,8.87469e+06,3.61194e+06,2.13213e+07,0,0,0,1.16773e+08
60.6838,110.355,2.70116,0,0.06,3.75963,3.75963,0,0.726716,6.048,4.27036e+06,2.70226e+06,1.6055e+07,0,0,0,4.74109e+08,59.4782,61.308,4.90557,0,0,2.28693,2.28693,0,1.85616,3.38688,8.87469e+06,3.61194e+06,2.02958e+07,0,0,0,1.16773e+08
58.449,110.355,1.28261,0,0.06,3.7597,3.7597,0,0.704555,6.048,4.27036e+06,2.70226e+06,1.60553e+07,0,0,0,4.74109e+08,59.4148,61.308,2.59094,0,0,2.28697,2.28697,0,1.76688,3.38688,8.87469e+06,3.61194e+06,2.02962e+07,0,0,0,1.16773e+08
56.5041,110.355,1.55442,0,0.06,3.75976,3.75976,0,0.704567,6.048,4.27036e+06,2.70226e+06,1.60556e+07,0,0,0,4.74109e+08,59.5775,61.308,2.89301,0,0,2.28701,2.28701,0,1.76691,3.38688,8.87469e+06,3.61194e+06,2.02965e+07,0,0,0,1.16773e+08
57.0044,110.355,4.14625,0,0.06,3.75983,3.75983,0,0.70458,6.048,4.27036e+06,2.70226e+06,1.60558e+07,0,0,0,4.74109e+08,60.5405,61.308,6.37905,0,0,2.28705,2.28705,0,1.76694,3.38688,8.87469e+06,3.61194e+06,2.02969e+07,0,0,0,1.16773e+08
58.0584,110.355,4.78983,0,0.06,3.66277,3.66277,0,0.704592,6.048,4.27036e+06,2.70226e+06,1.56413e+07,0,0,0,4.74109e+08,61.5786,61.308,5.94757,0,0,2.18186,2.18186,0,1.76698,3.38688,8.87469e+06,3.61194e+06,1.93633e+07,0,0,0,1.16773e+08
58.8076,110.355,4.52649,0,0.06,3.66283,3.66283,0,0.686402,6.048,4.27036e+06,2.70226e+06,1.56416e+07,0,0,0,4.74109e+08,62.198,61.308,4.42475,0,0,2.1819,2.1819,0,1.68571,3.38688,8.87469e+06,3.61194e+06,1.93637e+07,0,0,0,1.16773e+08
58.1778,110.355,2.9545,0,0.06,3.66289,3.66289,0,0.686414,6.048,4.27036e+06,2.70226e+06,1.56419e+07,0,0,0,4.74109e+08,62.3362,61.308,3.3992,0,0,2.18194,2.18194,0,1.68574,3.38688,8.87469e+06,3.61194e+06,1.9364e+07,0,0,0,1.16773e+08
58.6898,110.355,4.17618,0,0.06,3.66296,3.66296,0,0.686426,6.048,4.27036e+06,2.70226e+06,1.56422e+07,0,0,0,4.74109e+08,62.3362,61.308,4.91047,0,0,2.18198,2.18198,0,1.68576,3.38688,8.87469e+06,3.61194e+06,1.93643e+07,0,0,0,1.16773e+08
59.8965,110.355,4.66917,0,0.06,3.38715,3.38715,0,0.686438,6.048,4.27036e+06,2.70226e+06,1.44644e+07,0,0,0,4.74109e+08,62.3362,61.308,5.12174,0,0,1.96284,1.96284,0,1.68579,3.38688,8.87469e+06,3.61194e+06,1.74196e+07,0,0,0,1.16773e+08
62.6832,110.355,6.30579,0,0.06,3.38721,3.38721,0,0.634753,6.048,4.27036e+06,2.70226e+06,1.44646e+07,0,0,0,4.74109e+08,62.3362,61.308,8.18359,0,0,1.96287,1.96287,0,1.51649,3.38688,8.87469e+06,3.61194e+06,1.74199e+07,0,0,0,1.16773e+08
65.5715,110.355,6.47849,0,0.06,3.38727,3.38727,0,0.634764,6.048,4.27036e+06,2.70226e+06,1.44649e+07,0,0,0,4.74109e+08,62.3362,61.308,8.39978,0,0,1.96291,1.96291,0,1.51651,3.38688,8.87469e+06,3.61194e+06,1.74202e+07,0,0,0,1.16773e+08
68.1325,110.355,6.49227,0,0.06,3.38733,3.38733,0,0.634775,6.048,4.27036e+06,2.70226e+06,1.44651e+07,0,0,0,4.74109e+08,62.3362,61.308,7.281,0,0,1.96294,1.96294,0,1.51654,3.38688,8.87469e+06,3.61194e+06,1.74205e+07,0,0,0,1.16773e+08
70.1845,110.355,5.84714,0,0.06,3.38739,3.38739,0,0.634786,6.048,4.27036e+06,2.70226e+06,1.44654e+07,0,0,0,4.74109e+08,62.3362,61.308,6.4166,0,0,1.96297,1.96297,0,1.51657,3.38688,8.87469e+06,3.61194e+06,1.74208e+07,0,0,0,1.16773e+08
73.512,110.355,7.15319,0,0.06,3.38739,3.38739,0,0.634797,6.048,4.27036e+06,2.70226e+06,1.44654e+07,0,0,0,4.74109e+08,62.3362,61.308,10.1695,0,0,1.96297,1.96297,0,1.51659,3.38688,8.87469e+06,3.61194e+06,1.74208e+07,0,0,0,1.16773e+08
85.9482,110.355,17.2436,0,0.06,3.49355,3.49355,0,0.634797,6.048,4.27036e+06,2.70226e+06,1.49188e+07,0,0,0,4.81408e+08,62.3362,61.308,13.893,0,0,2.02647,2.02647,0,1.51659,3.38688,8.87469e+06,3.61194e+06,1.79843e+07,0,0,0,1.16773e+08
89.4422,110.355,7.87856,0,0.06,3.49359,3.49359,0,0.654692,6.048,4.27036e+06,2.70226e+06,1.49189e+07,0,0,0,4.81408e+08,62.3362,61.308,7.89883,0,0,2.02649,2.02649,0,1.56565,3.38688,8.87469e+06,3.61194e+06,1.79845e+07,0,0,0,1.16773e+08
90.9596,110.355,5.66644,0,0.06,3.49362,3.49362,0,0.654698,6.048,4.27036e+06,2.70226e+06,1.4919e+07,0,0,0,4.81408e+08,62.3362,61.308,6.1948,0,0,2.02651,2.02651,0,1.56567,3.38688,8.87469e+06,3.61194e+06,1.79846e+07,0,0,0,1.16773e+08
93.3856,110.355,6.6005,0,0.06,3.49365,3.49365,0,0.654704,6.048,4.27036e+06,2.70226e+06,1.49192e+07,0,0,0,4.81408e+08,62.3362,61.308,6.49271,0,0,2.02653,2.02653,0,1.56568,3.38688,8.87469e+06,3.61194e+06,1.79848e+07,0,0,0,1.16773e+08
96.9266,110.355,8.12043,0,0.06,3.83445,3.83445,0,0.65471,6.048,4.27036e+06,2.70226e+06,1.63745e+07,0,0,0,4.81408e+08,62.3362,61.308,8.35976,0,0,2.26483,2.26483,0,1.5657,3.38688,8.87469e+06,3.61194e+06,2.00996e+07,0,0,0,1.16773e+08
98.8315,110.355,6.631,0,0.06,3.83449,3.83449,0,0.718576,6.048,4.27036e+06,2.70226e+06,1.63747e+07,0,0,0,4.81408e+08,62.3362,61.308,5.82619,0,0,2.26485,2.26485,0,1.7498,3.38688,8.87469e+06,3.61194e+06,2.00998e+07,0,0,0,1.16773e+08
99.0342,110.355,4.76735,0,0.06,3.83452,3.83452,0,0.718583,6.048,4.27036e+06,2.70226e+06,1.63748e+07,0,0,0,4.81408e+08,62.3362,61.308,3.46947,0,0,2.26487,2.26487,0,1.74982,3.38688,8.87469e+06,3.61194e+06,2.01e+07,0,0,0,1.16773e+08
100.123,110.355,5.5641,0,0.06,3.83456,3.83456,0,0.718589,6.048,4.27036e+06,2.70226e+06,1.6375e+07,0,0,0,4.81408e+08,62.3362,61.308,4.73467,0,0,2.26489,2.26489,0,1.74984,3.38688,8.87469e+06,3.61194e+06,2.01002e+07,0,0,0,1.16773e+08
101.552,110.355,5.54468,0,0.06,3.34853,3.34853,0,0.718596,6.048,4.27036e+06,2.70226e+06,1.42995e+07,0,0,0,4.81408e+08,62.3362,61.308,5.59854,0,0,1.94512,1.94512,0,1.74985,3.38688,8.87469e+06,3.61194e+06,1.72624e+07,0,0,0,1.16773e+08
102.756,110.355,5.32856,0,0.06,3.34856,3.34856,0,0.627515,6.048,4.27036e+06,2.70226e+06,1.42996e+07,0,0,0,4.81408e+08,62.3362,61.308,5.89697,0,0,1.94514,1.94514,0,1.5028,3.38688,8.87469e+06,3.61194e+06,1.72625e+07,0,0,0,1.16773e+08
107.557,110.355,9.29537,0,0.06,3.3486,3.3486,0,0.627521,6.048,4.27036e+06,2.70226e+06,1.42997e+07,0,0,0,4.81408e+08,62.3362,61.308,10.4993,0,0,1.94516,1.94516,0,1.50282,3.38688,8.87469e+06,3.61194e+06,1.72627e+07,0,0,0,1.16773e+08
110.355,110.355,8.37977,0,0.06,3.34863,3.34863,0,0.627527,6.048,4.27036e+06,2.70226e+06,1.42999e+07,0,0,0,4.81408e+08,62.3362,61.308,8.81131,0,0,1.94518,1.94518,0,1.50283,3.38688,8.87469e+06,3.61194e+06,1.72629e+07,0,0,0,1.16773e+08
110.355,110.355,9.03043,0,0.06,3.34866,3.34866,0,0.627533,6.048,4.27036e+06,2.70226e+06,1.43e+07,0,0,0,4.81408e+08,62.3362,61.308,8.12832,0,0,1.9452,1.9452,0,1.50285,3.38688,8.87469e+06,3.61194e+06,1.7263e+07,0,0,0,1.16773e+08
110.355,110.355,6.43096,0,0.06,3.47104,3.47104,0,0.627538,6.048,4.27036e+06,2.70226e+06,1.48226e+07,0,0,0,4.81408e+08,62.3362,61.308,6.56658,0,0,2.02345,2.02345,0,1.50286,3.38688,8.87469e+06,3.61194e+06,1.79575e+07,0,0,0,1.16773e+08
110.355,110.355,5.67365,0,0.06,3.47108,3.47108,0,0.650473,6.048,4.27036e+06,2.70226e+06,1.48228e+07,0,0,0,4.81408e+08,62.3362,61.308,6.42664,0,0,2.02347,2.02347,0,1.56332,3.38688,8.87469e+06,3.61194e+06,1.79577e+07,0,0,0,1.16773e+08
110.355,110.355,5.18259,0,0.06,3.47111,3.47111,0,0.650479,6.048,4.27036e+06,2.70226e+06,1.48229e+07,0,0,0,4.81408e+08,62.3362,61.308,6.37635,0,0,2.02349,2.02349,0,1.56333,3.38688,8.87469e+06,3.61194e+06,1.79578e+07,0,0,0,1.16773e+08
110.355,110.355,5.60288,0,0.06,3.47114,3.47114,0,0.650485,6.048,4.27036e+06,2.70226e+06,1.4823e+07,0,0,0,4.81408e+08,62.3362,61.308,5.00126,0,0,2.02351,2.02351,0,1.56335,3.38688,8.87469e+06,3.61194e+06,1.7958e+07,0,0,0,1.16773e+08
110.355,110.355,4.4436,0,0.06,3.42333,3.42333,0,0.650492,6.048,4.27036e+06,2.70226e+06,1.46189e+07,0,0,0,4.81408e+08,62.3362,61.308,5.01131,0,0,1.99314,1.99314,0,1.56336,3.38688,8.87469e+06,3.61194e+06,1.76885e+07,0,0,0,1.16773e+08
110.355,110.355,4.84702,0,0.06,3.42336,3.42336,0,0.641532,6.048,4.27036e+06,2.70226e+06,1.4619e+07,0,0,0,4.81408e+08,62.3362,61.308,5.59656,0,0,1.99316,1.99316,0,1.5399,3.38688,8.87469e+06,3.61194e+06,1.76886e+07,0,0,0,1.16773e+08
110.355,110.355,4.53322,0,0.06,3.42339,3.42339,0,0.641538,6.048,4.27036e+06,2.70226e+06,1.46191e+07,0,0,0,4.81408e+08,62.3362,61.308,5.75319,0,0,1.99318,1.99318,0,1.53991,3.38688,8.87469e+06,3.61194e+06,1.76888e+07,0,0,0,1.16773e+08
110.25,110.355,3.88674,0,0.06,3.42343,3.42343,0,0.641544,6.048,4.27036e+06,2.70226e+06,1.46193e+07,0,0,0,4.81408e+08,62.3362,61.308,5.05824,0,0,1.99319,1.99319,0,1.53993,3.38688,8.87469e+06,3.61194e+06,1.7689e+07,0,0,0,1.16773e+08
110.092,110.355,3.90143,0,0.06,3.58586,3.58586,0,0.64155,6.048,4.27036e+06,2.70226e+06,1.53129e+07,0,0,0,4.81408e+08,62.3362,61.308,4.15466,0,0,2.10098,2.10098,0,1.53994,3.38688,8.87469e+06,3.61194e+06,1.86455e+07,0,0,0,1.16773e+08
109.814,110.355,3.76578,0,0.06,3.58589,3.58589,0,0.671989,6.048,4.27036e+06,2.70226e+06,1.53131e+07,0,0,0,4.81408e+08,62.3362,61.308,4.48769,0,0,2.101,2.101,0,1.62321,3.38688,8.87469e+06,3.61194e+06,1.86457e+07,0,0,0,1.16773e+08
109.208,110.355,3.46265,0,0.06,3.58592,3.58592,0,0.671996,6.048,4.27036e+06,2.70226e+06,1.53132e+07,0,0,0,4.81408e+08,62.3362,61.308,4.2626,0,0,2.10102,2.10102,0,1.62323,3.38688,8.87469e+06,3.61194e+06,1.86459e+07,0,0,0,1.16773e+08
108.517,110.355,3.27775,0,0.06,3.58596,3.58596,0,0.672002,6.048,4.27036e+06,2.70226e+06,1.53133e+07,0,0,0,4.81408e+08,62.3362,61.308,4.30977,0,0,2.10103,2.10103,0,1.62324,3.38688,8.87469e+06,3.61194e+06,1.8646e+07,0,0,0,1.16773e+08
108.265,110.355,3.68009,0,0.06,3.58599,3.58599,0,0.672008,6.048,4.27036e+06,2.70226e+06,1.53135e+07,0,0,0,4.81408e+08,62.3362,61.308,3.70335,0,0,2.10105,2.10105,0,1.62326,3.38688,8.87469e+06,3.61194e+06,1.86462e+07,0,0,0,1.16773e+08
107.716,110.355,3.35022,0,0.06,3.55391,3.55391,0,0.672014,6.048,4.27036e+06,2.70226e+06,1.51765e+07,0,0,0,4.81408e+08,62.3362,61.308,3.52617,0,0,2.16031,2.16031,0,1.62327,3.38688,8.87469e+06,3.61194e+06,1.9172e+07,0,0,0,1.16773e+08
106.898,110.355,3.04401,0,0.06,3.55394,3.55394,0,0.666002,6.048,4.27036e+06,2.70226e+06,1.51766e+07,0,0,0,4.81408e+08,62.3362,61.308,3.24048,0,0,2.16033,2.16033,0,1.66905,3.38688,8.87469e+06,3.61194e+06,1.91722e+07,0,0,0,1.16773e+08
105.987,110.355,2.88111,0,0.06,3.55397,3.55397,0,0.666008,6.048,4.27036e+06,2.70226e+06,1.51768e+07,0,0,0,4.81408e+08,62.3362,61.308,3.19461,0,0,2.16035,2.16035,0,1.66907,3.38688,8.87469e+06,3.61194e+06,1.91724e+07,0,0,0,1.16773e+08
104.875,110.355,2.64705,0,0.06,3.554,3.554,0,0.666014,6.048,4.27036e+06,2.70226e+06,1.51769e+07,0,0,0,4.81408e+08,62.3362,61.308,3.07932,0,0,2.16037,2.16037,0,1.66908,3.38688,8.87469e+06,3.61194e+06,1.91726e+07,0,0,0,1.16773e+08
103.787,110.355,2.77512,0,0.06,3.63698,3.63698,0,0.66602,6.048,4.27036e+06,2.70226e+06,1.55312e+07,0,0,0,4.81408e+08,62.3362,61.308,3.33778,0,0,2.21318,2.21318,0,1.6691,3.38688,8.87469e+06,3.61194e+06,1.96412e+07,0,0,0,1.16773e+08
102.53,110.355,2.56214,0,0.06,3.63702,3.63702,0,0.68157,6.048,4.27036e+06,2.70226e+06,1.55314e+07,0,0,0,4.81408e+08,62.3077,61.308,3.18729,0,0,2.2132,2.2132,0,1.7099,3.38688,8.87469e+06,3.61194e+06,1.96414e+07,0,0,0,1.16773e+08
101.061,110.355,2.33196,0,0.06,3.63705,3.63705,0,0.681577,6.048,4.27036e+06,2.70226e+06,1.55315e+07,0,0,0,4.81408e+08,62.2223,61.308,2.77845,0,0,2.21322,2.21322,0,1.70992,3.38688,8.87469e+06,3.61194e+06,1.96416e+07,0,0,0,1.16773e+08
99.9132,110.355,2.61999,0,0.06,3.63708,3.63708,0,0.681583,6.048,4.27036e+06,2.70226e+06,1.55317e+07,0,0,0,4.81408e+08,62.3362,61.308,3.66904,0,0,2.21324,2.21324,0,1.70993,3.38688,8.87469e+06,3.61194e+06,1.96418e+07,0,0,0,1.16773e+08
98.9794,110.355,2.98858,0,0.06,3.88002,3.88002,0,0.681589,6.048,4.27036e+06,2.70226e+06,1.65691e+07,0,0,0,4.81408e+08,62.3362,61.308,3.62918,0,0,2.40381,2.40381,0,1.70995,3.38688,8.87469e+06,3.61194e+06,2.13331e+07,0,0,0,1.16773e+08
97.9739,110.355,2.8962,0,0.06,3.88006,3.88006,0,0.727116,6.048,4.27036e+06,2.70226e+06,1.65693e+07,0,0,0,4.81408e+08,62.1633,61.308,3.00517,0,0,2.40383,2.40383,0,1.85718,3.38688,8.87469e+06,3.61194e+06,2.13333e+07,0,0,0,1.16773e+08
96.0192,110.355,1.97994,0,0.06,3.8801,3.8801,0,0.727123,6.048,4.27036e+06,2.70226e+06,1.65694e+07,0,0,0,4.81408e+08,61.8594,61.308,2.59214,0,0,2.40385,2.40385,0,1.8572,3.38688,8.87469e+06,3.61194e+06,2.13335e+07,0,0,0,1.16773e+08
93.8883,110.355,1.84424,0,0.06,3.88013,3.88013,0,0.72713,6.048,4.27036e+06,2.70226e+06,1.65696e+07,0,0,0,4.81408e+08,61.5718,61.308,2.62802,0,0,2.40388,2.40388,0,1.85722,3.38688,8.87469e+06,3.61194e+06,2.13337e+07,0,0,0,1.16773e+08
92.5958,110.355,2.5568,0,0.06,3.88017,3.88017,0,0.727137,6.048,4.27036e+06,2.70226e+06,1.65697e+07,0,0,0,4.81408e+08,61.3484,61.308,2.20138,0,0,2.4039,2.4039,0,1.85724,3.38688,8.87469e+06,3.61194e+06,2.13339e+07,0,0,0,1.16773e+08
91.2381,110.355,2.51616,0,0.06,3.76181,3.76181,0,0.727143,6.048,4.27036e+06,2.70226e+06,1.60643e+07,0,0,0,4.81408e+08,61.2865,61.308,2.26622,0,0,2.28826,2.28826,0,1.85725,3.38688,8.87469e+06,3.61194e+06,2.03076e+07,0,0,0,1.16773e+08
90.1895,110.355,2.87066,0,0.06,3.76185,3.76185,0,0.704964,6.048,4.27036e+06,2.70226e+06,1.60645e+07,0,0,0,4.81408e+08,61.5648,61.308,2.91964,0,0,2.28828,2.28828,0,1.76791,3.38688,8.87469e+06,3.61194e+06,2.03078e+07,0,0,0,1.16773e+08
89.033,110.355,2.80189,0,0.06,3.76188,3.76188,0,0.704971,6.048,4.27036e+06,2.70226e+06,1.60646e+07,0,0,0,4.81408e+08,61.8186,61.308,2.85015,0,0,2.2883,2.2883,0,1.76792,3.38688,8.87469e+06,3.61194e+06,2.0308e+07,0,0,0,1.16773e+08
87.37,110.355,2.26723,0,0.06,3.76192,3.76192,0,0.704977,6.048,4.27036e+06,2.70226e+06,1.60648e+07,0,0,0,4.81408e+08,61.2827,61.308,2.47113,0,0,2.28832,2.28832,0,1.76794,3.38688,8.87469e+06,3.61194e+06,2.03081e+07,0,0,0,1.16773e+08
85.1023,110.355,1.58298,0,0.06,3.66477,3.66477,0,0.704984,6.048,4.27036e+06,2.70226e+06,1.56499e+07,0,0,0,4.81408e+08,60.0983,61.308,1.079,0,0,2.18306,2.18306,0,1.76796,3.38688,8.87469e+06,3.61194e+06,1.93739e+07,0,0,0,1.16773e+08
82.6365,110.355,1.31553,0,0.06,3.66481,3.66481,0,0.686779,6.048,4.27036e+06,2.70226e+06,1.56501e+07,0,0,0,4.81408e+08,59.493,61.308,0.773659,0,0,2.18308,2.18308,0,1.68663,3.38688,8.87469e+06,3.61194e+06,1.93741e+07,0,0,0,1.16773e+08
80.8191,110.355,1.98417,0,0.06,3.66484,3.66484,0,0.686785,6.048,4.27036e+06,2.70226e+06,1.56502e+07,0,0,0,4.81408e+08,59.4847,61.308,2.07191,0,0,2.1831,2.1831,0,1.68665,3.38688,8.87469e+06,3.61194e+06,1.93743e+07,0,0,0,1.16773e+08
81.5321,110.355,4.67744,0,0.06,3.66488,3.66488,0,0.686791,6.048,4.27036e+06,2.70226e+06,1.56504e+07,0,0,0,4.81408e+08,60.2955,61.308,3.78203,0,0,2.18312,2.18312,0,1.68666,3.38688,8.87469e+06,3.61194e+06,1.93745e+07,0,0,0,1.16773e+08
79.689,110.355,1.77021,0,0.06,3.3889,3.3889,0,0.686798,6.048,4.27036e+06,2.70226e+06,1.44718e+07,0,0,0,4.81408e+08,59.8665,61.308,1.59067,0,0,1.96385,1.96385,0,1.68668,3.38688,8.87469e+06,3.61194e+06,1.74285e+07,0,0,0,1.16773e+08
78.2408,110.355,2.14756,0,0.06,3.38893,3.38893,0,0.63508,6.048,4.27036e+06,2.70226e+06,1.4472e+07,0,0,0,4.81408e+08,59.0084,61.308,1.86156,0,0,1.96387,1.96387,0,1.51727,3.38688,8.87469e+06,3.61194e+06,1.74287e+07,0,0,0,1.16773e+08
77.1002,110.355,2.46524,0,0.06,3.38896,3.38896,0,0.635086,6.048,4.27036e+06,2.70226e+06,1.44721e+07,0,0,0,4.81408e+08,58.0509,61.308,1.36917,0,0,1.96389,1.96389,0,1.51728,3.38688,8.87469e+06,3.61194e+06,1.74289e+07,0,0,0,1.16773e+08
76.5486,110.355,3.08097,0,0.06,3.38899,3.38899,0,0.635092,6.048,4.27036e+06,2.70226e+06,1.44722e+07,0,0,0,4.81408e+08,58.0286,61.308,1.76532,0,0,1.9639,1.9639,0,1.5173,3.38688,8.87469e+06,3.61194e+06,1.7429e+07,0,0,0,1.16773e+08
84.192,110.355,11.6684,0,0.06,3.38903,3.38903,0,0.635098,6.048,4.27036e+06,2.70226e+06,1.44724e+07,0,0,0,4.81408e+08,59.2947,61.308,5.69273,0,0,1.96392,1.96392,0,1.51731,3.38688,8.87469e+06,3.61194e+06,1.74292e+07,0,0,0,1.16773e+08
86.7685,110.355,6.67482,0,0.06,3.49521,3.49521,0,0.635104,6.048,4.27036e+06,2.70226e+06,1.49258e+07,0,0,0,4.81408e+08,59.8199,61.308,4.06077,0,0,2.02743,2.02743,0,1.51733,3.38688,8.87469e+06,3.61194e+06,1.79928e+07,0,0,0,1.16773e+08
88.9012,110.355,6.29444,0,0.06,3.49522,3.49522,0,0.655003,6.048,4.27036e+06,2.70226e+06,1.49259e+07,0,0,0,4.81408e+08,61.5365,61.308,7.50332,0,0,2.02744,2.02744,0,1.5664,3.38688,8.87469e+06,3.61194e+06,1.79929e+07,0,0,0,1.16773e+08
90.7491,110.355,5.94293,0,0.06,3.49522,3.49522,0,0.655004,6.048,4.27036e+06,2.70226e+06,1.49259e+07,0,0,0,4.81408e+08,62.3362,61.308,5.13581,0,0,2.02744,2.02744,0,1.5664,3.38688,8.87469e+06,3.61194e+06,1.79929e+07,0,0,0,1.16773e+08
92.6001,110.355,6.07763,0,0.06,3.49523,3.49523,0,0.655005,6.048,4.27036e+06,2.70226e+06,1.49259e+07,0,0,0,4.81408e+08,62.3362,61.308,5.06272,0,0,2.02744,2.02744,0,1.5664,3.38688,8.87469e+06,3.61194e+06,1.79929e+07,0,0,0,1.16773e+08
91.9742,110.355,3.71031,0,0.06,3.83615,3.83615,0,0.655006,6.048,4.27036e+06,2.70226e+06,1.63818e+07,0,0,0,4.81408e+08,62.3362,61.308,3.55154,0,0,2.26583,2.26583,0,1.5664,3.38688,8.87469e+06,3.61194e+06,2.01085e+07,0,0,0,1.16773e+08
91.777,110.355,4.17119,0,0.06,3.83615,3.83615,0,0.718894,6.048,4.27036e+06,2.70226e+06,1.63818e+07,0,0,0,4.81408e+08,62.3362,61.308,4.07787,0,0,2.26583,2.26583,0,1.75058,3.38688,8.87469e+06,3.61194e+06,2.01085e+07,0,0,0,1.16773e+08
92.994,110.355,5.69874,0,0.06,3.83616,3.83616,0,0.718895,6.048,4.27036e+06,2.70226e+06,1.63818e+07,0,0,0,4.81408e+08,62.3362,61.308,4.37858,0,0,2.26583,2.26583,0,1.75058,3.38688,8.87469e+06,3.61194e+06,2.01086e+07,0,0,0,1.16773e+08
94.8729,110.355,6.3994,0,0.06,3.83616,3.83616,0,0.718896,6.048,4.27036e+06,2.70226e+06,1.63818e+07,0,0,0,4.81408e+08,62.3362,61.308,4.85028,0,0,2.26584,2.26584,0,1.75058,3.38688,8.87469e+06,3.61194e+06,2.01086e+07,0,0,0,1.16773e+08
99.7216,110.355,9.11328,0,0.06,3.34991,3.34991,0,0.718897,6.048,4.27036e+06,2.70226e+06,1.43053e+07,0,0,0,4.81408e+08,62.3362,61.308,6.80613,0,0,1.94592,1.94592,0,1.75059,3.38688,8.87469e+06,3.61194e+06,1.72695e+07,0,0,0,1.16773e+08
103.538,110.355,8.05111,0,0.06,3.34991,3.34991,0,0.627773,6.048,4.27036e+06,2.70226e+06,1.43054e+07,0,0,0,4.81408e+08,62.3362,61.308,6.47398,0,0,1.94593,1.94593,0,1.50342,3.38688,8.87469e+06,3.61194e+06,1.72695e+07,0,0,0,1.16773e+08
109.59,110.355,10.3958,0,0.06,3.34992,3.34992,0,0.627774,6.048,4.27036e+06,2.70226e+06,1.43054e+07,0,0,0,4.81408e+08,62.3362,61.308,7.17641,0,0,1.94593,1.94593,0,1.50342,3.38688,8.87469e+06,3.61194e+06,1.72695e+07,0,0,0,1.16773e+08
110.355,110.355,9.93493,0,0.06,3.34992,3.34992,0,0.627775,6.048,4.27036e+06,2.70226e+06,1.43054e+07,0,0,0,4.81408e+08,62.3362,61.308,6.97042,0,0,1.94593,1.94593,0,1.50342,3.38688,8.87469e+06,3.61194e+06,1.72695e+07,0,0,0,1.16773e+08
110.355,110.355,10.1641,0,0.06,3.34993,3.34993,0,0.627775,6.048,4.27036e+06,2.70226e+06,1.43054e+07,0,0,0,4.81408e+08,62.3362,61.308,5.97453,0,0,1.94593,1.94593,0,1.50343,3.38688,8.87469e+06,3.61194e+06,1.72696e+07,0,0,0,1.16773e+08
110.355,110.355,6.61914,0,0.06,3.47233,3.47233,0,0.627776,6.048,4.27036e+06,2.70226e+06,1.48281e+07,0,0,0,4.81408e+08,62.3362,61.308,4.41155,0,0,2.0242,2.0242,0,1.50343,3.38688,8.87469e+06,3.61194e+06,1.79641e+07,0,0,0,1.16773e+08
110.355,110.355,5.65285,0,0.06,3.47233,3.47233,0,0.650715,6.048,4.27036e+06,2.70226e+06,1.48281e+07,0,0,0,4.81408e+08,62.3362,61.308,4.24119,0,0,2.0242,2.0242,0,1.5639,3.38688,8.87469e+06,3.61194e+06,1.79642e+07,0,0,0,1.16773e+08
110.355,110.355,5.43059,0,0.06,3.47234,3.47234,0,0.650715,6.048,4.27036e+06,2.70226e+06,1.48281e+07,0,0,0,4.81408e+08,62.3362,61.308,3.85701,0,0,2.02421,2.02421,0,1.5639,3.38688,8.87469e+06,3.61194e+06,1.79642e+07,0,0,0,1.16773e+08
110.355,110.355,5.6636,0,0.06,3.47234,3.47234,0,0.650716,6.048,4.27036e+06,2.70226e+06,1.48282e+07,0,0,0,4.81408e+08,62.3362,61.308,5.60514,0,0,2.02421,2.02421,0,1.5639,3.38688,8.87469e+06,3.61194e+06,1.79642e+07,0,0,0,1.16773e+08
110.355,110.355,5.54204,0,0.06,3.42449,3.42449,0,0.650717,6.048,4.27036e+06,2.70226e+06,1.46238e+07,0,0,0,4.81408e+08,62.3362,61.308,4.70032,0,0,1.99381,1.99381,0,1.5639,3.38688,8.87469e+06,3.61194e+06,1.76945e+07,0,0,0,1.16773e+08
110.355,110.355,4.46029,0,0.06,3.42449,3.42449,0,0.641749,6.048,4.27036e+06,2.70226e+06,1.46238e+07,0,0,0,4.81408e+08,62.3362,61.308,4.03015,0,0,1.99382,1.99382,0,1.54042,3.38688,8.87469e+06,3.61194e+06,1.76945e+07,0,0,0,1.16773e+08
110.355,110.355,3.99531,0,0.06,3.4245,3.4245,0,0.64175,6.048,4.27036e+06,2.70226e+06,1.46239e+07,0,0,0,4.81408e+08,62.3362,61.308,3.14536,0,0,1.99382,1.99382,0,1.54042,3.38688,8.87469e+06,3.61194e+06,1.76945e+07,0,0,0,1.16773e+08
110.098,110.355,3.5409,0,0.06,3.4245,3.4245,0,0.641751,6.048,4.27036e+06,2.70226e+06,1.46239e+07,0,0,0,4.81408e+08,62.3362,61.308,2.97065,0,0,1.99382,1.99382,0,1.54042,3.38688,8.87469e+06,3.61194e+06,1.76945e+07,0,0,0,1.16773e+08
109.463,110.355,3.23121,0,0.06,3.58695,3.58695,0,0.641752,6.048,4.27036e+06,2.70226e+06,1.53176e+07,0,0,0,4.81408e+08,62.3362,61.308,3.17865,0,0,2.10162,2.10162,0,1.54043,3.38688,8.87469e+06,3.61194e+06,1.86512e+07,0,0,0,1.16773e+08
108.795,110.355,3.18909,0,0.06,3.58696,3.58696,0,0.672195,6.048,4.27036e+06,2.70226e+06,1.53176e+07,0,0,0,4.81408e+08,62.3362,61.308,3.22833,0,0,2.10162,2.10162,0,1.62371,3.38688,8.87469e+06,3.61194e+06,1.86512e+07,0,0,0,1.16773e+08
107.939,110.355,2.98731,0,0.06,3.58696,3.58696,0,0.672196,6.048,4.27036e+06,2.70226e+06,1.53176e+07,0,0,0,4.81408e+08,62.3362,61.308,3.08889,0,0,2.10163,2.10163,0,1.62371,3.38688,8.87469e+06,3.61194e+06,1.86513e+07,0,0,0,1.16773e+08
106.945,110.355,2.80177,0,0.06,3.58697,3.58697,0,0.672197,6.048,4.27036e+06,2.70226e+06,1.53177e+07,0,0,0,4.81408e+08,62.3362,61.308,2.91054,0,0,2.10163,2.10163,0,1.62372,3.38688,8.87469e+06,3.61194e+06,1.86513e+07,0,0,0,1.16773e+08
106.15,110.355,3.03079,0,0.06,3.58697,3.58697,0,0.672198,6.048,4.27036e+06,2.70226e+06,1.53177e+07,0,0,0,4.81408e+08,62.3362,61.308,3.16405,0,0,2.10163,2.10163,0,1.62372,3.38688,8.87469e+06,3.61194e+06,1.86513e+07,0,0,0,1.16773e+08
105.178,110.355,2.83573,0,0.06,3.55485,3.55485,0,0.672199,6.048,4.27036e+06,2.70226e+06,1.51805e+07,0,0,0,4.81408e+08,62.3362,61.308,2.80529,0,0,2.16088,2.16088,0,1.62372,3.38688,8.87469e+06,3.61194e+06,1.91771e+07,0,0,0,1.16773e+08
104.02,110.355,2.60183,0,0.06,3.55486,3.55486,0,0.666179,6.048,4.27036e+06,2.70226e+06,1.51805e+07,0,0,0,4.81408e+08,62.3362,61.308,2.75079,0,0,2.16088,2.16088,0,1.6695,3.38688,8.87469e+06,3.61194e+06,1.91772e+07,0,0,0,1.16773e+08
102.752,110.355,2.43727,0,0.06,3.55486,3.55486,0,0.66618,6.048,4.27036e+06,2.70226e+06,1.51805e+07,0,0,0,4.81408e+08,62.2822,61.308,2.6531,0,0,2.16089,2.16089,0,1.6695,3.38688,8.87469e+06,3.61194e+06,1.91772e+07,0,0,0,1.16773e+08
101.31,110.355,2.26008,0,0.06,3.55486,3.55486,0,0.666181,6.048,4.27036e+06,2.70226e+06,1.51806e+07,0,0,0,4.81408e+08,62.2507,61.308,2.73402,0,0,2.16089,2.16089,0,1.6695,3.38688,8.87469e+06,3.61194e+06,1.91772e+07,0,0,0,1.16773e+08
99.5482,110.355,1.98625,0,0.06,3.63783,3.63783,0,0.666181,6.048,4.27036e+06,2.70226e+06,1.55349e+07,0,0,0,4.81408e+08,62.0252,61.308,2.51506,0,0,2.21369,2.21369,0,1.6695,3.38688,8.87469e+06,3.61194e+06,1.96458e+07,0,0,0,1.16773e+08
97.6767,110.355,1.8545,0,0.06,3.63784,3.63784,0,0.68173,6.048,4.27036e+06,2.70226e+06,1.55349e+07,0,0,0,4.81408e+08,61.7445,61.308,2.38359,0,0,2.2137,2.2137,0,1.7103,3.38688,8.87469e+06,3.61194e+06,1.96459e+07,0,0,0,1.16773e+08
95.6728,110.355,1.70207,0,0.06,3.63784,3.63784,0,0.681731,6.048,4.27036e+06,2.70226e+06,1.55349e+07,0,0,0,4.81408e+08,61.4567,61.308,2.23711,0,0,2.2137,2.2137,0,1.7103,3.38688,8.87469e+06,3.61194e+06,1.96459e+07,0,0,0,1.16773e+08
94.0252,110.355,2.02884,0,0.06,3.63785,3.63785,0,0.681731,6.048,4.27036e+06,2.70226e+06,1.55349e+07,0,0,0,4.81408e+08,61.3336,61.308,2.93744,0,0,2.2137,2.2137,0,1.7103,3.38688,8.87469e+06,3.61194e+06,1.96459e+07,0,0,0,1.16773e+08
91.6719,110.355,1.52246,0,0.06,3.88081,3.88081,0,0.681732,6.048,4.27036e+06,2.70226e+06,1.65725e+07,0,0,0,4.81408e+08,60.8956,61.308,2.1517,0,0,2.40429,2.40429,0,1.71031,3.38688,8.87469e+06,3.61194e+06,2.13374e+07,0,0,0,1.16773e+08
89.5103,110.355,1.71382,0,0.06,3.88081,3.88081,0,0.727263,6.048,4.27036e+06,2.70226e+06,1.65725e+07,0,0,0,4.81408e+08,60.584,61.308,2.68702,0,0,2.4043,2.4043,0,1.85756,3.38688,8.87469e+06,3.61194e+06,2.13374e+07,0,0,0,1.16773e+08
87.0253,110.355,1.37906,0,0.06,3.88082,3.88082,0,0.727264,6.048,4.27036e+06,2.70226e+06,1.65725e+07,0,0,0,4.81408e+08,60.0874,61.308,1.93431,0,0,2.4043,2.4043,0,1.85756,3.38688,8.87469e+06,3.61194e+06,2.13374e+07,0,0,0,1.16773e+08
84.8613,110.355,1.6703,0,0.06,3.88082,3.88082,0,0.727265,6.048,4.27036e+06,2.70226e+06,1.65725e+07,0,0,0,4.81408e+08,59.9249,61.308,3.38987,0,0,2.4043,2.4043,0,1.85756,3.38688,8.87469e+06,3.61194e+06,2.13374e+07,0,0,0,1.16773e+08
82.8629,110.355,1.86011,0,0.06,3.88083,3.88083,0,0.727266,6.048,4.27036e+06,2.70226e+06,1.65725e+07,0,0,0,4.81408e+08,59.8077,61.308,2.80421,0,0,2.40431,2.40431,0,1.85757,3.38688,8.87469e+06,3.61194e+06,2.13375e+07,0,0,0,1.16773e+08
82.6424,110.355,3.51934,0,0.06,3.76242,3.76242,0,0.727267,6.048,4.27036e+06,2.70226e+06,1.60669e+07,0,0,0,4.81408e+08,60.3721,61.308,5.19765,0,0,2.28863,2.28863,0,1.85757,3.38688,8.87469e+06,3.61194e+06,2.03109e+07,0,0,0,1.16773e+08
80.8862,110.355,2.01295,0,0.06,3.76243,3.76243,0,0.705078,6.048,4.27036e+06,2.70226e+06,1.60669e+07,0,0,0,4.81408e+08,60.3871,61.308,3.50543,0,0,2.28863,2.28863,0,1.76819,3.38688,8.87469e+06,3.61194e+06,2.03109e+07,0,0,0,1.16773e+08
79.0091,110.355,1.81836,0,0.06,3.76243,3.76243,0,0.705079,6.048,4.27036e+06,2.70226e+06,1.6067e+07,0,0,0,4.81408e+08,60.4172,61.308,2.94208,0,0,2.28863,2.28863,0,1.7682,3.38688,8.87469e+06,3.61194e+06,2.03109e+07,0,0,0,1.16773e+08
78.4752,110.355,3.27076,0,0.06,3.76244,3.76244,0,0.70508,6.048,4.27036e+06,2.70226e+06,1.6067e+07,0,0,0,4.81408e+08,60.6247,61.308,4.233,0,0,2.28864,2.28864,0,1.7682,3.38688,8.87469e+06,3.61194e+06,2.03109e+07,0,0,0,1.16773e+08
78.4278,110.355,3.7048,0,0.06,3.66525,3.66525,0,0.705081,6.048,4.27036e+06,2.70226e+06,1.56519e+07,0,0,0,4.81408e+08,61.7823,61.308,5.76105,0,0,2.18334,2.18334,0,1.7682,3.38688,8.87469e+06,3.61194e+06,1.93765e+07,0,0,0,1.16773e+08
77.112,110.355,2.38735,0,0.06,3.66525,3.66525,0,0.686867,6.048,4.27036e+06,2.70226e+06,1.5652e+07,0,0,0,4.81408e+08,62.3362,61.308,4.7518,0,0,2.18334,2.18334,0,1.68685,3.38688,8.87469e+06,3.61194e+06,1.93765e+07,0,0,0,1.16773e+08
77.9213,110.355,4.73357,0,0.06,3.66526,3.66526,0,0.686868,6.048,4.27036e+06,2.70226e+06,1.5652e+07,0,0,0,4.81408e+08,62.3362,61.308,5.15957,0,0,2.18335,2.18335,0,1.68685,3.38688,8.87469e+06,3.61194e+06,1.93765e+07,0,0,0,1.16773e+08
81.5424,110.355,7.62014,0,0.06,3.66526,3.66526,0,0.686869,6.048,4.27036e+06,2.70226e+06,1.5652e+07,0,0,0,4.81408e+08,62.3362,61.308,5.4014,0,0,2.18335,2.18335,0,1.68685,3.38688,8.87469e+06,3.61194e+06,1.93765e+07,0,0,0,1.16773e+08
82.2096,110.355,4.32809,0,0.06,3.38923,3.38923,0,0.68687,6.048,4.27036e+06,2.70226e+06,1.44732e+07,0,0,0,4.81408e+08,62.3362,61.308,3.90808,0,0,1.96404,1.96404,0,1.68685,3.38688,8.87469e+06,3.61194e+06,1.74302e+07,0,0,0,1.16773e+08
84.6018,110.355,6.2439,0,0.06,3.38923,3.38923,0,0.635142,6.048,4.27036e+06,2.70226e+06,1.44733e+07,0,0,0,4.81408e+08,62.3362,61.308,5.52824,0,0,1.96404,1.96404,0,1.51742,3.38688,8.87469e+06,3.61194e+06,1.74303e+07,0,0,0,1.16773e+08
86.5859,110.355,5.87675,0,0.06,3.38924,3.38924,0,0.635143,6.048,4.27036e+06,2.70226e+06,1.44733e+07,0,0,0,4.81408e+08,62.3362,61.308,7.70433,0,0,1.96405,1.96405,0,1.51742,3.38688,8.87469e+06,3.61194e+06,1.74303e+07,0,0,0,1.16773e+08
88.6173,110.355,5.92444,0,0.06,3.38924,3.38924,0,0.635143,6.048,4.27036e+06,2.70226e+06,1.44733e+07,0,0,0,4.81408e+08,62.3362,61.308,5.64151,0,0,1.96405,1.96405,0,1.51742,3.38688,8.87469e+06,3.61194e+06,1.74303e+07,0,0,0,1.16773e+08
90.1558,110.355,5.49702,0,0.06,3.38925,3.38925,0,0.635144,6.048,4.27036e+06,2.70226e+06,1.44733e+07,0,0,0,4.81408e+08,62.3362,61.308,4.56177,0,0,1.96405,1.96405,0,1.51742,3.38688,8.87469e+06,3.61194e+06,1.74303e+07,0,0,0,1.16773e+08
92.1282,110.355,6.19352,0,0.06,3.49541,3.49541,0,0.635145,6.048,4.27036e+06,2.70226e+06,1.49267e+07,0,0,0,4.81408e+08,62.3362,61.308,4.65304,0,0,2.02755,2.02755,0,1.51743,3.38688,8.87469e+06,3.61194e+06,1.79939e+07,0,0,0,1.16773e+08
91.6185,110.355,3.5076,0,0.06,3.49539,3.49539,0,0.65504,6.048,4.27036e+06,2.70226e+06,1.49266e+07,0,0,0,4.81408e+08,62.3362,61.308,3.42017,0,0,2.02754,2.02754,0,1.56649,3.38688,8.87469e+06,3.61194e+06,1.79938e+07,0,0,0,1.16773e+08
90.3767,110.355,2.77752,0,0.06,3.49537,3.49537,0,0.655036,6.048,4.27036e+06,2.70226e+06,1.49265e+07,0,0,0,4.81408e+08,62.2908,61.308,3.14291,0,0,2.02752,2.02752,0,1.56647,3.38688,8.87469e+06,3.61194e+06,1.79936e+07,0,0,0,1.16773e+08
90.2049,110.355,3.97871,0,0.06,3.49534,3.49534,0,0.655032,6.048,4.27036e+06,2.70226e+06,1.49264e+07,0,0,0,4.81408e+08,62.3362,61.308,3.88806,0,0,2.02751,2.02751,0,1.56646,3.38688,8.87469e+06,3.61194e+06,1.79935e+07,0,0,0,1.16773e+08
90.0952,110.355,4.39514,0,0.06,3.83624,3.83624,0,0.655027,6.048,4.27036e+06,2.70226e+06,1.63822e+07,0,0,0,4.81408e+08,62.3362,61.308,3.25969,0,0,2.26589,2.26589,0,1.56645,3.38688,8.87469e+06,3.61194e+06,2.0109e+07,0,0,0,1.16773e+08
90.3857,110.355,4.83577,0,0.06,3.83622,3.83622,0,0.718912,6.048,4.27036e+06,2.70226e+06,1.63821e+07,0,0,0,4.81408e+08,62.3362,61.308,3.20277,0,0,2.26587,2.26587,0,1.75062,3.38688,8.87469e+06,3.61194e+06,2.01089e+07,0,0,0,1.16773e+08
89.6391,110.355,3.74382,0,0.06,3.83619,3.83619,0,0.718907,6.048,4.27036e+06,2.70226e+06,1.63819e+07,0,0,0,4.81408e+08,62.2637,61.308,2.61582,0,0,2.26585,2.26585,0,1.75061,3.38688,8.87469e+06,3.61194e+06,2.01088e+07,0,0,0,1.16773e+08
92.1361,110.355,7.07938,0,0.06,3.83617,3.83617,0,0.718902,6.048,4.27036e+06,2.70226e+06,1.63818e+07,0,0,0,4.81408e+08,62.3362,61.308,5.46359,0,0,2.26584,2.26584,0,1.7506,3.38688,8.87469e+06,3.61194e+06,2.01086e+07,0,0,0,1.16773e+08
92.5905,110.355,4.51443,0,0.06,3.34988,3.34988,0,0.718898,6.048,4.27036e+06,2.70226e+06,1.43052e+07,0,0,0,4.81408e+08,62.3362,61.308,3.50733,0,0,1.94591,1.94591,0,1.75059,3.38688,8.87469e+06,3.61194e+06,1.72693e+07,0,0,0,1.16773e+08
92.5683,110.355,4.00424,0,0.06,3.34986,3.34986,0,0.627768,6.048,4.27036e+06,2.70226e+06,1.43051e+07,0,0,0,4.81408e+08,62.3362,61.308,3.37754,0,0,1.9459,1.9459,0,1.50341,3.38688,8.87469e+06,3.61194e+06,1.72692e+07,0,0,0,1.16773e+08
93.3191,110.355,4.83983,0,0.06,3.34984,3.34984,0,0.627764,6.048,4.27036e+06,2.70226e+06,1.4305e+07,0,0,0,4.81408e+08,62.3362,61.308,3.12911,0,0,1.94588,1.94588,0,1.5034,3.38688,8.87469e+06,3.61194e+06,1.72691e+07,0,0,0,1.16773e+08
93.21,110.355,3.92601,0,0.06,3.34982,3.34982,0,0.62776,6.048,4.27036e+06,2.70226e+06,1.43049e+07,0,0,0,4.81408e+08,62.3313,61.308,2.69192,0,0,1.94587,1.94587,0,1.50339,3.38688,8.87469e+06,3.61194e+06,1.7269e+07,0,0,0,1.16773e+08
92.8812,110.355,3.61461,0,0.06,3.34979,3.34979,0,0.627756,6.048,4.27036e+06,2.70226e+06,1.43048e+07,0,0,0,4.81408e+08,62.3362,61.308,2.66528,0,0,1.94586,1.94586,0,1.50338,3.38688,8.87469e+06,3.61194e+06,1.72689e+07,0,0,0,1.16773e+08
92.3611,110.355,3.51459,0,0.06,3.47216,3.47216,0,0.627751,6.048,4.27036e+06,2.70226e+06,1.48274e+07,0,0,0,4.81408e+08,62.1264,61.308,3.07619,0,0,2.0241,2.0241,0,1.50337,3.38688,8.87469e+06,3.61194e+06,1.79633e+07,0,0,0,1.16773e+08
90.6727,110.355,2.26948,0,0.06,3.47214,3.47214,0,0.650684,6.048,4.27036e+06,2.70226e+06,1.48273e+07,0,0,0,4.81408e+08,61.5158,61.308,1.98853,0,0,2.02409,2.02409,0,1.56382,3.38688,8.87469e+06,3.61194e+06,1.79632e+07,0,0,0,1.16773e+08
88.6053,110.355,1.84858,0,0.06,3.47212,3.47212,0,0.650679,6.048,4.27036e+06,2.70226e+06,1.48272e+07,0,0,0,4.81408e+08,60.7539,61.308,1.66484,0,0,2.02408,2.02408,0,1.56381,3.38688,8.87469e+06,3.61194e+06,1.7963e+07,0,0,0,1.16773e+08
86.5955,110.355,1.80978,0,0.06,3.47209,3.47209,0,0.650675,6.048,4.27036e+06,2.70226e+06,1.48271e+07,0,0,0,4.81408e+08,59.9486,61.308,1.6728,0,0,2.02406,2.02406,0,1.5638,3.38688,8.87469e+06,3.61194e+06,1.79629e+07,0,0,0,1.16773e+08
84.6161,110.355,1.72525,0,0.06,3.42422,3.42422,0,0.65067,6.048,4.27036e+06,2.70226e+06,1.46227e+07,0,0,0,4.81408e+08,59.0085,61.308,1.55315,0,0,1.99365,1.99365,0,1.56379,3.38688,8.87469e+06,3.61194e+06,1.76931e+07,0,0,0,1.16773e+08
82.691,110.355,1.59718,0,0.06,3.42419,3.42419,0,0.641698,6.048,4.27036e+06,2.70226e+06,1.46226e+07,0,0,0,4.81408e+08,58.2477,61.308,1.42929,0,0,1.99364,1.99364,0,1.5403,3.38688,8.87469e+06,3.61194e+06,1.76929e+07,0,0,0,1.16773e+08
80.7459,110.355,1.56008,0,0.06,3.42417,3.42417,0,0.641694,6.048,4.27036e+06,2.70226e+06,1.46225e+07,0,0,0,4.81408e+08,57.3939,61.308,1.62216,0,0,1.99363,1.99363,0,1.54029,3.38688,8.87469e+06,3.61194e+06,1.76928e+07,0,0,0,1.16773e+08
78.8061,110.355,1.54834,0,0.06,3.42415,3.42415,0,0.64169,6.048,4.27036e+06,2.70226e+06,1.46224e+07,0,0,0,4.81408e+08,56.7669,61.308,1.46464,0,0,1.99361,1.99361,0,1.54028,3.38688,8.87469e+06,3.61194e+06,1.76927e+07,0,0,0,1.16773e+08
76.6914,110.355,1.50869,0,0.06,3.58655,3.58655,0,0.641685,6.048,4.27036e+06,2.70226e+06,1.53159e+07,0,0,0,4.81408e+08,56.1132,61.308,1.78076,0,0,2.10139,2.10139,0,1.54027,3.38688,8.87469e+06,3.61194e+06,1.86491e+07,0,0,0,1.16773e+08
74.4768,110.355,1.38025,0,0.06,3.58653,3.58653,0,0.67212,6.048,4.27036e+06,2.70226e+06,1.53158e+07,0,0,0,4.81408e+08,55.4719,61.308,1.61383,0,0,2.10137,2.10137,0,1.62353,3.38688,8.87469e+06,3.61194e+06,1.8649e+07,0,0,0,1.16773e+08
72.2306,110.355,1.27848,0,0.06,3.58651,3.58651,0,0.672116,6.048,4.27036e+06,2.70226e+06,1.53157e+07,0,0,0,4.81408e+08,54.7105,61.308,1.55332,0,0,2.10136,2.10136,0,1.62352,3.38688,8.87469e+06,3.61194e+06,1.86489e+07,0,0,0,1.16773e+08
69.9419,110.355,1.20683,0,0.06,3.58648,3.58648,0,0.672111,6.048,4.27036e+06,2.70226e+06,1.53156e+07,0,0,0,4.81408e+08,53.94,61.308,1.45916,0,0,2.10134,2.10134,0,1.62351,3.38688,8.87469e+06,3.61194e+06,1.86488e+07,0,0,0,1.16773e+08
67.6588,110.355,1.17749,0,0.06,3.58646,3.58646,0,0.672107,6.048,4.27036e+06,2.70226e+06,1.53155e+07,0,0,0,4.81408e+08,53.163,61.308,1.50578,0,0,2.10133,2.10133,0,1.6235,3.38688,8.87469e+06,3.61194e+06,1.86486e+07,0,0,0,1.16773e+08
65.3905,110.355,1.13758,0,0.06,3.55431,3.55431,0,0.672102,6.048,4.27036e+06,2.70226e+06,1.51782e+07,0,0,0,4.81408e+08,52.4265,61.308,1.47326,0,0,2.16055,2.16055,0,1.62349,3.38688,8.87469e+06,3.61194e+06,1.91742e+07,0,0,0,1.16773e+08
63.061,110.355,1.04976,0,0.06,3.55429,3.55429,0,0.666078,6.048,4.27036e+06,2.70226e+06,1.51781e+07,0,0,0,4.81408e+08,51.5536,61.308,1.45754,0,0,2.16054,2.16054,0,1.66924,3.38688,8.87469e+06,3.61194e+06,1.91741e+07,0,0,0,1.16773e+08
60.6713,110.355,0.958802,0,0.06,3.55426,3.55426,0,0.666073,6.048,4.27036e+06,2.70226e+06,1.5178e+07,0,0,0,4.81408e+08,50.646,61.308,1.30037,0,0,2.16052,2.16052,0,1.66923,3.38688,8.87469e+06,3.61194e+06,1.9174e+07,0,0,0,1.16773e+08
58.3257,110.355,0.95752,0,0.06,3.55424,3.55424,0,0.666069,6.048,4.27036e+06,2.70226e+06,1.51779e+07,0,0,0,4.81408e+08,49.7165,61.308,1.3444,0,0,2.16051,2.16051,0,1.66922,3.38688,8.87469e+06,3.61194e+06,1.91738e+07,0,0,0,1.16773e+08
55.9518,110.355,0.968986,0,0.06,3.63716,3.63716,0,0.666064,6.048,4.27036e+06,2.70226e+06,1.5532e+07,0,0,0,4.81408e+08,48.659,61.308,1.22144,0,0,2.21329,2.21329,0,1.66921,3.38688,8.87469e+06,3.61194e+06,1.96422e+07,0,0,0,1.16773e+08
53.5566,110.355,0.89763,0,0.06,3.63714,3.63714,0,0.681604,6.048,4.27036e+06,2.70226e+06,1.55319e+07,0,0,0,4.81408e+08,47.4917,61.308,1.17448,0,0,2.21327,2.21327,0,1.70998,3.38688,8.87469e+06,3.61194e+06,1.96421e+07,0,0,0,1.16773e+08
51.1257,110.355,0.817308,0,0.06,3.63711,3.63711,0,0.6816,6.048,4.27036e+06,2.70226e+06,1.55318e+07,0,0,0,4.81408e+08,46.5846,61.308,1.03908,0,0,2.21326,2.21326,0,1.70997,3.38688,8.87469e+06,3.61194e+06,1.9642e+07,0,0,0,1.16773e+08
48.8802,110.355,0.952744,0,0.06,3.63709,3.63709,0,0.681595,6.048,4.27036e+06,2.70226e+06,1.55317e+07,0,0,0,4.81408e+08,45.5368,61.308,1.42253,0,0,2.21324,2.21324,0,1.70996,3.38688,8.87469e+06,3.61194e+06,1.96418e+07,0,0,0,1.16773e+08
46.2586,110.355,0.74068,0,0.06,3.87997,3.87997,0,0.68159,6.048,4.27036e+06,2.70226e+06,1.65689e+07,0,0,0,4.81408e+08,44.5087,61.308,1.06148,0,0,2.40378,2.40378,0,1.70995,3.38688,8.87469e+06,3.61194e+06,2.13328e+07,0,0,0,1.16773e+08
43.7406,110.355,0.802517,0,0.06,3.87994,3.87994,0,0.727106,6.048,4.27036e+06,2.70226e+06,1.65688e+07,0,0,0,4.81408e+08,43.3743,61.308,1.24564,0,0,2.40376,2.40376,0,1.85716,3.38688,8.87469e+06,3.61194e+06,2.13326e+07,0,0,0,1.16773e+08
41.1325,110.355,0.649506,0,0.06,3.87992,3.87992,0,0.727101,6.048,4.27036e+06,2.70226e+06,1.65687e+07,0,0,0,4.81408e+08,42.5283,61.308,0.899112,0,0,2.40374,2.40374,0,1.85714,3.38688,8.87469e+06,3.61194e+06,2.13325e+07,0,0,0,1.16773e+08
38.7389,110.355,0.781151,0,0.06,3.87989,3.87989,0,0.727096,6.048,4.27036e+06,2.70226e+06,1.65685e+07,0,0,0,4.81408e+08,41.4936,61.308,1.56015,0,0,2.40373,2.40373,0,1.85713,3.38688,8.87469e+06,3.61194e+06,2.13323e+07,0,0,0,1.16773e+08
36.1558,110.355,0.511483,0,0.06,3.87986,3.87986,0,0.727091,6.048,4.27036e+06,2.70226e+06,1.65684e+07,0,0,0,4.81408e+08,40.0361,61.308,0.872887,0,0,2.40371,2.40371,0,1.85712,3.38688,8.87469e+06,3.61194e+06,2.13322e+07,0,0,0,1.16773e+08
32.286,110.355,0.378087,0,0.06,3.76146,3.76146,0,0.727086,6.048,4.27036e+06,2.70226e+06,1.60628e+07,0,0,0,4.81408e+08,38.4649,61.308,0.551087,0,0,2.28804,2.28804,0,1.85711,3.38688,8.87469e+06,3.61194e+06,2.03057e+07,0,0,0,1.16773e+08
28.4236,110.355,0.392321,0,0.06,3.76143,3.76143,0,0.704897,6.048,4.27036e+06,2.70226e+06,1.60627e+07,0,0,0,4.81408e+08,37.0658,61.308,0.532638,0,0,2.28803,2.28803,0,1.76774,3.38688,8.87469e+06,3.61194e+06,2.03055e+07,0,0,0,1.16773e+08
29.1995,110.355,1.14096,0,0.06,3.76141,3.76141,0,0.704892,6.048,4.27036e+06,2.70226e+06,1.60626e+07,0,0,0,4.81408e+08,36.1154,61.308,1.00596,0,0,2.28801,2.28801,0,1.76773,3.38688,8.87469e+06,3.61194e+06,2.03054e+07,0,0,0,1.16773e+08
27.5311,110.355,1.0344,0,0.06,3.76138,3.76138,0,0.704888,6.048,4.27036e+06,2.70226e+06,1.60625e+07,0,0,0,4.81408e+08,35.2102,61.308,0.923535,0,0,2.288,2.288,0,1.76772,3.38688,8.87469e+06,3.61194e+06,2.03052e+07,0,0,0,1.16773e+08
26.8486,110.355,1.61578,0.26,0.06,3.15834,3.66419,0,0.704883,6.048,4.27036e+06,2.70226e+06,1.34873e+07,0,0,0,4.81408e+08,34.2357,61.308,1.05978,0,0,2.68856,2.18271,0,1.76771,3.38688,8.87469e+06,3.61194e+06,2.38602e+07,0,0,0,1.16773e+08
25.9889,110.355,1.33433,0.35,0.06,3.05937,3.66417,0,0.591873,6.048,4.27036e+06,2.70226e+06,1.30646e+07,0,0,0,4.81408e+08,33.6626,61.308,1.07832,0,0,2.78749,2.18269,0,2.07718,3.38688,8.87469e+06,3.61194e+06,2.47381e+07,0,0,0,1.16773e+08
27.1614,110.355,3.40544,0.3,0.06,3.05934,3.66414,0,0.573325,6.048,4.27036e+06,2.70226e+06,1.30645e+07,0,0,0,4.81408e+08,33.7025,61.308,3.32525,0,0,2.78748,2.18268,0,2.15362,3.38688,8.87469e+06,3.61194e+06,2.4738e+07,0,0,0,1.16773e+08
29.0476,110.355,4.00961,0.43,0.06,2.64448,3.66412,0,0.573321,6.048,4.27036e+06,3.50682e+06,1.12929e+07,0,0,0,4.81408e+08,33.9749,61.308,2.73564,0,0,2.54035,2.18267,0,2.15361,3.38688,8.87469e+06,4.68734e+06,2.25448e+07,0,0,0,1.16773e+08
30.3347,110.355,4.00488,0,0.06,3.38814,3.38814,0,0.495575,6.048,4.27036e+06,2.70226e+06,1.44686e+07,0,0,0,4.81408e+08,33.7423,61.308,1.87146,0,0,1.96341,1.96341,0,1.96267,3.38688,8.87469e+06,3.61194e+06,1.74247e+07,0,0,0,1.16773e+08
33.1293,110.355,5.58339,0,0.06,3.38812,3.38812,0,0.634938,6.048,4.27036e+06,2.70226e+06,1.44685e+07,0,0,0,4.81408e+08,33.5787,61.308,2.02579,0,0,1.9634,1.9634,0,1.51693,3.38688,8.87469e+06,3.61194e+06,1.74245e+07,0,0,0,1.16773e+08
36.8824,110.355,6.53588,0.03,0.06,2.7833,3.3881,0,0.634934,6.048,4.27036e+06,2.70226e+06,1.18857e+07,0,0,0,4.81408e+08,34.2076,61.308,3.62978,0,0,2.56818,1.96338,0,1.51692,3.38688,8.87469e+06,3.61194e+06,2.27918e+07,0,0,0,1.16773e+08
39.6763,110.355,5.83549,0,0.06,3.38807,3.38807,0,0.52159,6.048,4.27036e+06,2.70226e+06,1.44683e+07,0,0,0,4.81408e+08,34.669,61.308,3.58755,0,0,1.96337,1.96337,0,1.98418,3.38688,8.87469e+06,3.61194e+06,1.74243e+07,0,0,0,1.16773e+08
39.6521,110.355,3.01047,0,0.06,3.38805,3.38805,0,0.634925,6.048,4.27036e+06,2.70226e+06,1.44682e+07,0,0,0,4.81408e+08,34.0322,61.308,1.90711,0,0,1.96336,1.96336,0,1.5169,3.38688,8.87469e+06,3.61194e+06,1.74242e+07,0,0,0,1.16773e+08
38.3461,110.355,1.73848,0,0.06,3.49415,3.49415,0,0.634921,6.048,4.27036e+06,2.70226e+06,1.49213e+07,0,0,0,4.81408e+08,33.5403,61.308,1.59395,0,0,2.02682,2.02682,0,1.51689,3.38688,8.87469e+06,3.61194e+06,1.79874e+07,0,0,0,1.16773e+08
38.0807,110.355,2.82515,0,0.06,3.4941,3.4941,0,0.654804,6.048,4.27036e+06,2.70226e+06,1.49211e+07,0,0,0,4.81408e+08,32.8519,61.308,1.83492,0,0,2.02679,2.02679,0,1.56592,3.38688,8.87469e+06,3.61194e+06,1.79871e+07,0,0,0,1.16773e+08
37.0822,110.355,2.01666,0,0.06,3.49405,3.49405,0,0.654795,6.048,4.27036e+06,2.70226e+06,1.49209e+07,0,0,0,4.81408e+08,32.1079,61.308,1.56501,0,0,2.02676,2.02676,0,1.5659,3.38688,8.87469e+06,3.61194e+06,1.79869e+07,0,0,0,1.16773e+08
36.1073,110.355,2.00455,0,0.06,3.494,3.494,0,0.654785,6.048,4.27036e+06,2.70226e+06,1.49206e+07,0,0,0,4.81408e+08,31.915,61.308,1.59126,0,0,2.02673,2.02673,0,1.56587,3.38688,8.87469e+06,3.61194e+06,1.79866e+07,0,0,0,1.16773e+08
36.9179,110.355,4.22205,0,0.06,3.83474,3.83474,0,0.654775,6.048,4.27036e+06,2.70226e+06,1.63757e+07,0,0,0,4.81408e+08,31.8609,61.308,2.43426,0,0,2.265,2.265,0,1.56585,3.38688,8.87469e+06,3.61194e+06,2.01011e+07,0,0,0,1.16773e+08
39.8993,110.355,6.39488,0,0.06,3.83468,3.83468,0,0.71863,6.048,4.27036e+06,2.70226e+06,1.63755e+07,0,0,0,4.81408e+08,32.0484,61.308,3.24716,0,0,2.26496,2.26496,0,1.74994,3.38688,8.87469e+06,3.61194e+06,2.01008e+07,0,0,0,1.16773e+08
41.3307,110.355,4.9563,0,0.06,3.83463,3.83463,0,0.718619,6.048,4.27036e+06,2.70226e+06,1.63752e+07,0,0,0,4.81408e+08,32.1301,61.308,2.74858,0,0,2.26493,2.26493,0,1.74991,3.38688,8.87469e+06,3.61194e+06,2.01005e+07,0,0,0,1.16773e+08
42.5054,110.355,4.80031,0,0.06,3.83457,3.83457,0,0.718609,6.048,4.27036e+06,2.70226e+06,1.6375e+07,0,0,0,4.81408e+08,32.1375,61.308,2.6411,0,0,2.2649,2.2649,0,1.74988,3.38688,8.87469e+06,3.61194e+06,2.01002e+07,0,0,0,1.16773e+08
43.7704,110.355,4.42383,0,0.06,3.34846,3.34846,0,0.718598,6.048,4.27036e+06,2.70226e+06,1.42992e+07,0,0,0,4.81408e+08,32.0322,61.308,2.36234,0,0,1.94508,1.94508,0,1.74986,3.38688,8.87469e+06,3.61194e+06,1.7262e+07,0,0,0,1.16773e+08
46.4608,110.355,5.9459,0,0.06,3.34841,3.34841,0,0.627502,6.048,4.27036e+06,2.70226e+06,1.42989e+07,0,0,0,4.81408e+08,32.096,61.308,2.82442,0,0,1.94506,1.94506,0,1.50277,3.38688,8.87469e+06,3.61194e+06,1.72618e+07,0,0,0,1.16773e+08
52.5901,110.355,9.69452,0,0.06,3.34836,3.34836,0,0.627493,6.048,4.27036e+06,2.70226e+06,1.42987e+07,0,0,0,4.81408e+08,33.2941,61.308,5.87658,0,0,1.94503,1.94503,0,1.50275,3.38688,8.87469e+06,3.61194e+06,1.72615e+07,0,0,0,1.16773e+08
53.9972,110.355,4.98818,0,0.06,3.34831,3.34831,0,0.627483,6.048,4.27036e+06,2.70226e+06,1.42985e+07,0,0,0,4.81408e+08,33.2704,61.308,2.35039,0,0,1.945,1.945,0,1.50273,3.38688,8.87469e+06,3.61194e+06,1.72613e+07,0,0,0,1.16773e+08
57.7321,110.355,7.27695,0,0.06,3.34827,3.34827,0,0.627474,6.048,4.27036e+06,2.70226e+06,1.42983e+07,0,0,0,4.81408e+08,33.9662,61.308,4.27818,0,0,1.94497,1.94497,0,1.50271,3.38688,8.87469e+06,3.61194e+06,1.7261e+07,0,0,0,1.16773e+08
61.2467,110.355,7.45212,0,0.06,3.47055,3.47055,0,0.627465,6.048,4.27036e+06,2.70226e+06,1.48205e+07,0,0,0,4.81408e+08,34.6029,61.308,4.10272,0,0,2.02316,2.02316,0,1.50268,3.38688,8.87469e+06,3.61194e+06,1.7955e+07,0,0,0,1.16773e+08
62.6186,110.355,5.08619,0,0.06,3.4705,3.4705,0,0.650382,6.048,4.27036e+06,2.70226e+06,1.48203e+07,0,0,0,4.81408e+08,35.0064,61.308,3.28604,0,0,2.02313,2.02313,0,1.5631,3.38688,8.87469e+06,3.61194e+06,1.79547e+07,0,0,0,1.16773e+08
64.4899,110.355,5.58801,0,0.06,3.47045,3.47045,0,0.650372,6.048,4.27036e+06,2.70226e+06,1.48201e+07,0,0,0,4.81408e+08,35.5427,61.308,3.75735,0,0,2.0231,2.0231,0,1.56307,3.38688,8.87469e+06,3.61194e+06,1.79544e+07,0,0,0,1.16773e+08
65.5646,110.355,4.77113,0,0.06,3.4704,3.4704,0,0.650362,6.048,4.27036e+06,2.70226e+06,1.48199e+07,0,0,0,4.81408e+08,35.9,61.308,3.43824,0,0,2.02307,2.02307,0,1.56305,3.38688,8.87469e+06,3.61194e+06,1.79542e+07,0,0,0,1.16773e+08
66.2764,110.355,4.31599,0,0.06,3.42252,3.42252,0,0.650353,6.048,4.27036e+06,2.70226e+06,1.46154e+07,0,0,0,4.81408e+08,35.9504,61.308,2.75926,0,0,1.99267,1.99267,0,1.56303,3.38688,8.87469e+06,3.61194e+06,1.76843e+07,0,0,0,1.16773e+08
66.7252,110.355,4.03592,0,0.06,3.42247,3.42247,0,0.64138,6.048,4.27036e+06,2.70226e+06,1.46152e+07,0,0,0,4.81408e+08,36.0035,61.308,2.70813,0,0,1.99264,1.99264,0,1.53953,3.38688,8.87469e+06,3.61194e+06,1.7684e+07,0,0,0,1.16773e+08
67.0087,110.355,3.862,0,0.06,3.42242,3.42242,0,0.64137,6.048,4.27036e+06,2.70226e+06,1.4615e+07,0,0,0,4.81408e+08,36.2734,61.308,3.31195,0,0,1.99261,1.99261,0,1.53951,3.38688,8.87469e+06,3.61194e+06,1.76838e+07,0,0,0,1.16773e+08
67.0032,110.355,3.54279,0,0.06,3.42237,3.42237,0,0.641361,6.048,4.27036e+06,2.70226e+06,1.46148e+07,0,0,0,4.81408e+08,36.39,61.308,2.73033,0,0,1.99258,1.99258,0,1.53949,3.38688,8.87469e+06,3.61194e+06,1.76835e+07,0,0,0,1.16773e+08
66.4391,110.355,3.04346,0,0.06,3.58466,3.58466,0,0.641351,6.048,4.27036e+06,2.70226e+06,1.53078e+07,0,0,0,4.81408e+08,36.3755,61.308,2.37667,0,0,2.10028,2.10028,0,1.53947,3.38688,8.87469e+06,3.61194e+06,1.86393e+07,0,0,0,1.16773e+08
65.6054,110.355,2.73021,0,0.06,3.58461,3.58461,0,0.671765,6.048,4.27036e+06,2.70226e+06,1.53076e+07,0,0,0,4.81408e+08,36.1818,61.308,2.12863,0,0,2.10024,2.10024,0,1.62267,3.38688,8.87469e+06,3.61194e+06,1.8639e+07,0,0,0,1.16773e+08
64.587,110.355,2.49043,0,0.06,3.58455,3.58455,0,0.671755,6.048,4.27036e+06,2.70226e+06,1.53074e+07,0,0,0,4.81408e+08,35.98,61.308,2.12281,0,0,2.10021,2.10021,0,1.62265,3.38688,8.87469e+06,3.61194e+06,1.86387e+07,0,0,0,1.16773e+08
63.5347,110.355,2.43743,0,0.06,3.5845,3.5845,0,0.671745,6.048,4.27036e+06,2.70226e+06,1.53071e+07,0,0,0,4.81408e+08,35.8308,61.308,2.14696,0,0,2.10018,2.10018,0,1.62262,3.38688,8.87469e+06,3.61194e+06,1.86385e+07,0,0,0,1.16773e+08
62.4798,110.355,2.41487,0,0.06,3.58445,3.58445,0,0.671736,6.048,4.27036e+06,2.70226e+06,1.53069e+07,0,0,0,4.81408e+08,35.6717,61.308,2.19924,0,0,2.10015,2.10015,0,1.6226,3.38688,8.87469e+06,3.61194e+06,1.86382e+07,0,0,0,1.16773e+08
61.4003,110.355,2.34811,0,0.06,3.55229,3.55229,0,0.671726,6.048,4.27036e+06,2.70226e+06,1.51696e+07,0,0,0,4.81408e+08,35.5068,61.308,2.12967,0,0,2.15932,2.15932,0,1.62258,3.38688,8.87469e+06,3.61194e+06,1.91633e+07,0,0,0,1.16773e+08
60.1575,110.355,2.14479,0,0.06,3.55224,3.55224,0,0.6657,6.048,4.27036e+06,2.70226e+06,1.51694e+07,0,0,0,4.81408e+08,35.2919,61.308,2.03742,0,0,2.15929,2.15929,0,1.66829,3.38688,8.87469e+06,3.61194e+06,1.91631e+07,0,0,0,1.16773e+08
58.8379,110.355,2.01736,0,0.06,3.55219,3.55219,0,0.66569,6.048,4.27036e+06,2.70226e+06,1.51691e+07,0,0,0,4.81408e+08,34.9908,61.308,1.97004,0,0,2.15926,2.15926,0,1.66827,3.38688,8.87469e+06,3.61194e+06,1.91628e+07,0,0,0,1.16773e+08
57.3489,110.355,1.8258,0,0.06,3.55213,3.55213,0,0.66568,6.048,4.27036e+06,2.70226e+06,1.51689e+07,0,0,0,4.81408e+08,34.6295,61.308,1.95751,0,0,2.15923,2.15923,0,1.66825,3.38688,8.87469e+06,3.61194e+06,1.91625e+07,0,0,0,1.16773e+08
55.6756,110.355,1.69364,0,0.06,3.63498,3.63498,0,0.66567,6.048,4.27036e+06,2.70226e+06,1.55227e+07,0,0,0,4.81408e+08,34.1395,61.308,1.73107,0,0,2.21196,2.21196,0,1.66822,3.38688,8.87469e+06,3.61194e+06,1.96304e+07,0,0,0,1.16773e+08
53.9281,110.355,1.56879,0,0.06,3.63493,3.63493,0,0.681195,6.048,4.27036e+06,2.70226e+06,1.55225e+07,0,0,0,4.81408e+08,33.4287,61.308,1.67395,0,0,2.21193,2.21193,0,1.70896,3.38688,8.87469e+06,3.61194e+06,1.96302e+07,0,0,0,1.16773e+08
52.0777,110.355,1.42843,0,0.06,3.63487,3.63487,0,0.681185,6.048,4.27036e+06,2.70226e+06,1.55222e+07,0,0,0,4.81408e+08,32.9519,61.308,1.46303,0,0,2.21189,2.21189,0,1.70893,3.38688,8.87469e+06,3.61194e+06,1.96299e+07,0,0,0,1.16773e+08
50.5008,110.355,1.665,0,0.06,3.63482,3.63482,0,0.681175,6.048,4.27036e+06,2.70226e+06,1.5522e+07,0,0,0,4.81408e+08,32.5658,61.308,2.03447,0,0,2.21186,2.21186,0,1.70891,3.38688,8.87469e+06,3.61194e+06,1.96296e+07,0,0,0,1.16773e+08
48.5848,110.355,1.46954,0,0.06,3.87752,3.87752,0,0.681165,6.048,4.27036e+06,2.70226e+06,1.65584e+07,0,0,0,4.81408e+08,32.0875,61.308,1.65832,0,0,2.40226,2.40226,0,1.70888,3.38688,8.87469e+06,3.61194e+06,2.13193e+07,0,0,0,1.16773e+08
46.7315,110.355,1.49368,0,0.06,3.87746,3.87746,0,0.726647,6.048,4.27036e+06,2.70226e+06,1.65582e+07,0,0,0,4.81408e+08,31.6108,61.308,1.74579,0,0,2.40222,2.40222,0,1.85598,3.38688,8.87469e+06,3.61194e+06,2.1319e+07,0,0,0,1.16773e+08
44.7476,110.355,1.34506,0,0.06,3.8774,3.8774,0,0.726636,6.048,4.27036e+06,2.70226e+06,1.65579e+07,0,0,0,4.81408e+08,31.1202,61.308,1.67201,0,0,2.40219,2.40219,0,1.85596,3.38688,8.87469e+06,3.61194e+06,2.13187e+07,0,0,0,1.16773e+08
42.8384,110.355,1.35654,0,0.06,3.87735,3.87735,0,0.726625,6.048,4.27036e+06,2.70226e+06,1.65577e+07,0,0,0,4.81408e+08,30.6918,61.308,1.80415,0,0,2.40215,2.40215,0,1.85593,3.38688,8.87469e+06,3.61194e+06,2.13183e+07,0,0,0,1.16773e+08
40.9728,110.355,1.33507,0,0.06,3.87729,3.87729,0,0.726615,6.048,4.27036e+06,2.70226e+06,1.65574e+07,0,0,0,4.81408e+08,30.1055,61.308,1.90133,0,0,2.40212,2.40212,0,1.8559,3.38688,8.87469e+06,3.61194e+06,2.1318e+07,0,0,0,1.16773e+08
39.1993,110.355,1.28545,0,0.06,3.75893,3.75893,0,0.726604,6.048,4.27036e+06,2.70226e+06,1.6052e+07,0,0,0,4.81408e+08,29.6065,61.308,1.52206,0,0,2.2865,2.2865,0,1.85587,3.38688,8.87469e+06,3.61194e+06,2.0292e+07,0,0,0,1.16773e+08
37.7933,110.355,1.68061,0,0.06,3.75888,3.75888,0,0.704424,6.048,4.27036e+06,2.70226e+06,1.60518e+07,0,0,0,4.81408e+08,29.1792,61.308,2.28318,0,0,2.28647,2.28647,0,1.76655,3.38688,8.87469e+06,3.61194e+06,2.02917e+07,0,0,0,1.16773e+08
36.2911,110.355,1.54687,0,0.06,3.75882,3.75882,0,0.704413,6.048,4.27036e+06,2.70226e+06,1.60515e+07,0,0,0,4.81408e+08,28.5675,61.308,1.52862,0,0,2.28644,2.28644,0,1.76653,3.38688,8.87469e+06,3.61194e+06,2.02914e+07,0,0,0,1.16773e+08
34.6923,110.355,1.39048,0,0.06,3.75877,3.75877,0,0.704403,6.048,4.27036e+06,2.70226e+06,1.60513e+07,0,0,0,4.81408e+08,27.5728,61.308,1.5297,0,0,2.2864,2.2864,0,1.7665,3.38688,8.87469e+06,3.61194e+06,2.02911e+07,0,0,0,1.16773e+08
32.8296,110.355,1.06707,0,0.06,3.66161,3.66161,0,0.704393,6.048,4.27036e+06,2.70226e+06,1.56364e+07,0,0,0,4.81408e+08,27.1251,61.308,1.09644,0,0,2.18117,2.18117,0,1.76648,3.38688,8.87469e+06,3.61194e+06,1.93572e+07,0,0,0,1.16773e+08
32.1792,110.355,2.24443,0,0.06,3.66156,3.66156,0,0.686186,6.048,4.27036e+06,2.70226e+06,1.56362e+07,0,0,0,4.81408e+08,26.9661,61.308,2.06301,0,0,2.18114,2.18114,0,1.68518,3.38688,8.87469e+06,3.61194e+06,1.9357e+07,0,0,0,1.16773e+08
33.914,110.355,4.78574,0,0.06,3.66151,3.66151,0,0.686176,6.048,4.27036e+06,2.70226e+06,1.5636e+07,0,0,0,4.81408e+08,27.533,61.308,4.71608,0,0,2.18111,2.18111,0,1.68515,3.38688,8.87469e+06,3.61194e+06,1.93567e+07,0,0,0,1.16773e+08
