0cont_fund,0ins_pout,0ins_price,0infra_npv,0debt_serv,0gross_rev,0cont_contrib,0drought_cost,0water_price
0,0,0,0,4.93264e-310,2.36869e+07,0,0,1.33858e+07
0,0,0,0,0,2.36917e+07,0,0,1.33858e+07
0,0,0,0,0,2.36965e+07,0,0,1.33858e+07
0,0,0,0,0,2.37013e+07,0,0,1.33858e+07
0,0,0,0,0,2.6278e+07,0,0,1.33858e+07
0,0,0,0,0,2.62833e+07,0,0,1.33858e+07
0,0,0,0,0,2.62886e+07,0,0,1.33858e+07
0,0,0,0,0,2.62939e+07,0,0,1.33858e+07
0,0,0,0,0,2.27564e+07,0,0,1.33858e+07
0,0,0,0,0,2.2761e+07,0,0,1.33858e+07
0,0,0,0,0,2.27656e+07,0,0,1.33858e+07
0,0,0,0,0,2.27703e+07,0,0,1.33858e+07
0,0,0,0,0,2.27749e+07,0,0,1.33858e+07
0,0,0,0,0,2.36576e+07,0,0,1.33858e+07
0,0,0,0,0,2.36624e+07,0,0,1.33858e+07
0,0,0,0,0,2.36672e+07,0,0,1.33858e+07
0,0,0,0,0,2.3672e+07,0,0,1.33858e+07
0,0,0,0,0,2.33345e+07,0,0,1.33858e+07
0,0,0,0,0,2.33392e+07,0,0,1.33858e+07
0,0,0,0,0,2.33439e+07,0,0,1.33858e+07
0,0,0,0,0,2.33486e+07,0,0,1.33858e+07
0,0,0,0,0,2.45459e+07,0,0,1.33858e+07
0,0,0,0,0,2.45509e+07,0,0,1.33858e+07
0,0,0,0,0,2.45558e+07,0,0,1.33858e+07
0,0,0,0,0,2.45608e+07,0,0,1.33858e+07
0,0,0,0,0,2.45658e+07,0,0,1.33858e+07
0,0,0,0,0,2.48518e+07,0,0,1.33858e+07
0,0,0,0,0,2.48569e+07,0,0,1.33858e+07
0,0,0,0,0,2.48619e+07,0,0,1.33858e+07
0,0,0,0,0,2.48669e+07,0,0,1.33858e+07
0,0,0,0,0,2.54677e+07,0,0,1.33858e+07
0,0,0,0,0,2.54728e+07,0,0,1.33858e+07
0,0,0,0,0,2.5478e+07,0,0,1.33858e+07
0,0,0,0,0,2.54831e+07,0,0,1.33858e+07
0,0,0,0,0,2.74654e+07,0,0,1.33858e+07
0,0,0,0,0,2.7471e+07,0,0,1.33858e+07
0,0,0,0,0,2.74765e+07,0,0,1.33858e+07
0,0,0,0,0,2.74821e+07,0,0,1.33858e+07
0,0,0,0,0,2.74877e+07,0,0,1.33858e+07
0,0,0,0,0,2.6382e+07,0,0,1.33858e+07
0,0,0,0,0,2.63873e+07,0,0,1.33858e+07
0,0,0,0,0,2.63927e+07,0,0,1.33858e+07
0,0,0,0,0,2.6398e+07,0,0,1.33858e+07
0,0,0,0,0,2.54238e+07,0,0,1.33858e+07
0,0,0,0,0,2.5429e+07,0,0,1.33858e+07
0,0,0,0,0,2.54341e+07,0,0,1.33858e+07
0,0,0,0,0,2.54393e+07,0,0,1.33858e+07
0,0,0,0,0,2.31744e+07,0,0,1.33858e+07
0,0,0,0,0,2.31791e+07,0,0,1.33858e+07
0,0,0,0,0,2.31838e+07,0,0,1.33858e+07
0,0,0,0,0,2.31885e+07,0,0,1.33858e+07
0,0,0,0,0,2.31932e+07,0,0,1.33858e+07
0,0,0,7.49454e+07,0,2.39373e+07,0,0,1.33858e+07
0,0,0,7.49454e+07,0,2.3942e+07,0,0,1.33858e+07
0,0,0,7.49454e+07,0,2.39467e+07,0,0,1.33858e+07
0,0,0,7.49454e+07,0,2.39514e+07,0,0,1.33858e+07
0,0,0,7.49454e+07,0,2.65552e+07,0,0,1.33858e+07
0,0,0,7.49454e+07,0,2.65604e+07,0,0,1.33858e+07
0,0,0,7.49454e+07,0,2.65656e+07,0,0,1.33858e+07
0,0,0,7.49454e+07,0,2.65709e+07,0,0,1.33858e+07
0,0,0,7.49454e+07,0,2.2996e+07,0,0,1.33858e+07
0,0,0,7.49454e+07,0,2.30005e+07,0,0,1.33858e+07
0,0,0,7.49454e+07,0,2.3005e+07,0,0,1.33858e+07
0,0,0,7.49454e+07,0,2.30095e+07,0,0,1.33858e+07
0,0,0,7.49454e+07,0,2.30141e+07,0,0,1.33858e+07
0,0,0,7.49454e+07,0,2.3906e+07,0,0,1.33858e+07
0,0,0,7.49454e+07,0,2.39107e+07,0,0,1.33858e+07
0,0,0,7.49454e+07,0,2.39154e+07,0,0,1.33858e+07
0,0,0,7.49454e+07,0,2.39201e+07,0,0,1.33858e+07
0,0,0,7.49454e+07,0,2.35789e+07,0,0,1.33858e+07
0,0,0,7.49454e+07,0,2.35835e+07,0,0,1.33858e+07
0,0,0,7.49454e+07,0,2.35881e+07,0,0,1.33858e+07
0,0,0,7.49454e+07,0,2.35928e+07,0,0,1.33858e+07
0,0,0,7.49454e+07,0,2.48024e+07,0,0,1.33858e+07
0,0,0,7.49454e+07,0,2.48073e+07,0,0,1.33858e+07
0,0,0,7.49454e+07,0,2.48122e+07,0,0,1.33858e+07
0,0,0,7.49454e+07,0,2.48171e+07,0,0,1.33858e+07
0,0,0,7.49454e+07,0,2.4822e+07,0,0,1.33858e+07
0,0,0,7.49454e+07,0,2.51109e+07,0,0,1.33858e+07
0,0,0,7.49454e+07,0,2.51158e+07,0,0,1.33858e+07
0,0,0,7.49454e+07,0,2.51207e+07,0,0,1.33858e+07
0,0,0,7.49454e+07,0,2.51257e+07,0,0,1.33858e+07
0,0,0,7.49454e+07,0,2.57325e+07,0,0,1.33858e+07
0,0,0,7.49454e+07,0,2.57376e+07,0,0,1.33858e+07
0,0,0,7.49454e+07,0,2.57426e+07,0,0,1.33858e+07
0,0,0,7.49454e+07,0,2.57477e+07,0,0,1.33858e+07
0,0,0,7.49454e+07,0,2.77504e+07,0,0,1.33858e+07
0,0,0,7.49454e+07,0,2.77558e+07,0,0,1.33858e+07
0,0,0,7.49454e+07,0,2.77613e+07,0,0,1.33858e+07
0,0,0,7.49454e+07,0,2.77668e+07,0,0,1.33858e+07
0,0,0,7.49454e+07,0,2.77722e+07,0,0,1.33858e+07
0,0,0,7.49454e+07,0,2.66549e+07,0,0,1.33858e+07
0,0,0,7.49454e+07,0,2.66602e+07,0,0,1.33858e+07
0,0,0,7.49454e+07,0,2.66654e+07,0,0,1.33858e+07
0,0,0,7.49454e+07,0,2.66707e+07,0,0,1.33858e+07
0,0,0,7.49454e+07,0,2.56863e+07,0,0,1.33858e+07
0,0,0,7.49454e+07,0,2.56914e+07,0,0,1.33858e+07
0,0,0,7.49454e+07,0,2.56964e+07,0,0,1.33858e+07
0,0,0,7.49454e+07,0,2.57015e+07,0,0,1.33858e+07
0,0,0,7.49454e+07,0,2.34131e+07,0,0,1.33858e+07
0,0,0,7.49454e+07,0,2.34177e+07,0,0,1.33858e+07
0,0,0,7.49454e+07,0,2.34223e+07,0,0,1.33858e+07
0,0,0,7.49454e+07,0,2.3427e+07,0,0,1.33858e+07
0,0,0,7.49454e+07,0,2.34316e+07,0,0,1.33858e+07
0,0,0,7.49454e+07,0,2.41832e+07,0,0,1.33858e+07
0,0,0,7.49454e+07,0,2.41878e+07,0,0,1.33858e+07
0,0,0,7.49454e+07,0,2.41924e+07,0,0,1.33858e+07
0,0,0,7.49454e+07,0,2.4197e+07,0,0,1.33858e+07
0,0,0,7.49454e+07,0,2.68273e+07,0,0,1.33858e+07
0,0,0,7.49454e+07,0,2.68324e+07,0,0,1.33858e+07
0,0,0,7.49454e+07,0,2.68375e+07,0,0,1.33858e+07
0,0,0,7.49454e+07,0,2.68426e+07,0,0,1.33858e+07
0,0,0,7.49454e+07,0,2.32311e+07,0,0,1.33858e+07
0,0,0,7.49454e+07,0,2.32355e+07,0,0,1.33858e+07
0,0,0,7.49454e+07,0,2.32399e+07,0,0,1.33858e+07
0,0,0,7.49454e+07,0,2.32444e+07,0,0,1.33858e+07
0,0,0,7.49454e+07,0,2.32488e+07,0,0,1.33858e+07
0,0,0,7.49454e+07,0,2.41497e+07,0,0,1.33858e+07
0,0,0,7.49454e+07,0,2.41543e+07,0,0,1.33858e+07
0,0,0,7.49454e+07,0,2.41589e+07,0,0,1.33858e+07
0,0,0,7.49454e+07,0,2.41635e+07,0,0,1.33858e+07
0,0,0,7.49454e+07,0,2.38186e+07,0,0,1.33858e+07
0,0,0,7.49454e+07,0,2.38232e+07,0,0,1.33858e+07
0,0,0,7.49454e+07,0,2.38277e+07,0,0,1.33858e+07
0,0,0,7.49454e+07,0,2.38322e+07,0,0,1.33858e+07
0,0,0,7.49454e+07,0,2.5054e+07,0,0,1.33858e+07
0,0,0,7.49454e+07,0,2.50588e+07,0,0,1.33858e+07
0,0,0,7.49454e+07,0,2.50636e+07,0,0,1.33858e+07
0,0,0,7.49454e+07,0,2.50684e+07,0,0,1.33858e+07
0,0,0,7.49454e+07,0,2.50732e+07,0,0,1.33858e+07
0,0,0,7.49454e+07,0,2.53648e+07,0,0,1.33858e+07
0,0,0,7.49454e+07,0,2.53697e+07,0,0,1.33858e+07
0,0,0,7.49454e+07,0,2.53745e+07,0,0,1.33858e+07
0,0,0,7.49454e+07,0,2.53793e+07,0,0,1.33858e+07
0,0,0,7.49454e+07,0,2.59921e+07,0,0,1.33858e+07
0,0,0,7.49454e+07,0,2.59971e+07,0,0,1.33858e+07
0,0,0,7.49454e+07,0,2.60021e+07,0,0,1.33858e+07
0,0,0,7.49454e+07,0,2.6007e+07,0,0,1.33858e+07
0,0,0,7.49454e+07,0,2.80297e+07,0,0,1.33858e+07
0,0,0,7.49454e+07,0,2.8035e+07,0,0,1.33858e+07
0,0,0,7.49454e+07,0,2.80404e+07,0,0,1.33858e+07
0,0,0,7.49454e+07,0,2.80457e+07,0,0,1.33858e+07
0,0,0,7.49454e+07,0,2.80511e+07,0,0,1.33858e+07
0,0,0,7.49454e+07,0,2.69224e+07,0,0,1.33858e+07
0,0,0,7.49454e+07,0,2.69276e+07,0,0,1.33858e+07
0,0,0,7.49454e+07,0,2.69327e+07,0,0,1.33858e+07
0,0,0,7.49454e+07,0,2.71739e+07,-151720,151720,1.33858e+07
0,0,0,7.49454e+07,0,2.6178e+07,-150763,150763,1.33858e+07
0,0,0,7.49454e+07,0,2.65406e+07,-380610,380610,1.33858e+07
0,0,0,7.49454e+07,0,2.65441e+07,-379696,379696,1.33858e+07
0,0,0,7.49454e+07,0,2.65476e+07,-378783,378783,1.33858e+07
0,0,0,7.49454e+07,0,2.42348e+07,-377869,377869,1.33858e+07
0,0,0,7.49454e+07,0,2.49864e+07,-858018,858018,1.33858e+07
0,0,0,7.49454e+07,0,2.3656e+07,0,0,1.33858e+07
0,0,0,7.49454e+07,0,2.36605e+07,0,0,1.33858e+07
0,0,0,7.49454e+07,0,2.3665e+07,0,0,1.33858e+07
0,0,0,7.49454e+07,0,2.4424e+07,0,0,1.33858e+07
0,0,0,7.49454e+07,0,2.44285e+07,0,0,1.33858e+07
0,0,0,7.49454e+07,0,2.4433e+07,0,0,1.33858e+07
0,0,0,7.49454e+07,0,2.44375e+07,0,0,1.33858e+07
0,0,0,7.49454e+07,0,2.70937e+07,0,0,1.33858e+07
0,0,0,7.49454e+07,0,2.70987e+07,0,0,1.33858e+07
0,0,0,7.49454e+07,0,2.71037e+07,0,0,1.33858e+07
0,0,0,7.49454e+07,0,2.71087e+07,0,0,1.33858e+07
0,0,0,7.49454e+07,0,2.34612e+07,0,0,1.33858e+07
0,0,0,7.49454e+07,0,2.34655e+07,0,0,1.33858e+07
0,0,0,7.49454e+07,0,2.34699e+07,0,0,1.33858e+07
0,0,0,7.49454e+07,0,2.34742e+07,0,0,1.33858e+07
0,0,0,7.49454e+07,0,2.34785e+07,0,0,1.33858e+07
0,0,0,7.49454e+07,0,2.43881e+07,0,0,1.33858e+07
0,0,0,7.49454e+07,0,2.43926e+07,0,0,1.33858e+07
0,0,0,7.49454e+07,0,2.43971e+07,0,0,1.33858e+07
0,0,0,7.49454e+07,0,2.44016e+07,0,0,1.33858e+07
0,0,0,7.49454e+07,0,2.40533e+07,0,0,1.33858e+07
0,0,0,7.49454e+07,0,2.40577e+07,0,0,1.33858e+07
0,0,0,7.49454e+07,0,2.40621e+07,0,0,1.33858e+07
0,0,0,7.49454e+07,0,2.40666e+07,0,0,1.33858e+07
0,0,0,7.49454e+07,0,2.53002e+07,0,0,1.33858e+07
0,0,0,7.49454e+07,0,2.53049e+07,0,0,1.33858e+07
0,0,0,7.49454e+07,0,2.53096e+07,0,0,1.33858e+07
0,0,0,7.49454e+07,0,2.53142e+07,0,0,1.33858e+07
0,0,0,7.49454e+07,0,2.53189e+07,0,0,1.33858e+07
0,0,0,7.49454e+07,0,2.56133e+07,0,0,1.33858e+07
0,0,0,7.49454e+07,0,2.5618e+07,0,0,1.33858e+07
0,0,0,7.49454e+07,0,2.56227e+07,0,0,1.33858e+07
0,0,0,7.49454e+07,0,2.56274e+07,0,0,1.33858e+07
0,0,0,7.49454e+07,0,2.62461e+07,0,0,1.33858e+07
0,0,0,7.49454e+07,0,2.62509e+07,0,0,1.33858e+07
0,0,0,7.49454e+07,0,2.62558e+07,0,0,1.33858e+07
0,0,0,7.49454e+07,0,2.62606e+07,0,0,1.33858e+07
0,0,0,7.49454e+07,0,2.83028e+07,0,0,1.33858e+07
0,0,0,7.49454e+07,0,2.83081e+07,0,0,1.33858e+07
0,0,0,7.49454e+07,0,2.83133e+07,0,0,1.33858e+07
0,0,0,7.49454e+07,0,2.83185e+07,0,0,1.33858e+07
0,0,0,7.49454e+07,0,2.83238e+07,0,0,1.33858e+07
0,0,0,7.49454e+07,0,2.7184e+07,0,0,1.33858e+07
0,0,0,7.49454e+07,0,2.7189e+07,0,0,1.33858e+07
0,0,0,7.49454e+07,0,2.7194e+07,0,0,1.33858e+07
0,0,0,7.49454e+07,0,2.7199e+07,0,0,1.33858e+07
0,0,0,7.49454e+07,0,2.61948e+07,0,0,1.33858e+07
0,0,0,7.49454e+07,0,2.61997e+07,0,0,1.33858e+07
0,0,0,7.49454e+07,0,2.62045e+07,0,0,1.33858e+07
0,0,0,7.49454e+07,0,2.62093e+07,0,0,1.33858e+07
0,0,0,7.49454e+07,0,2.38755e+07,0,0,1.33858e+07
0,0,0,7.49454e+07,0,2.38799e+07,0,0,1.33858e+07
0,0,0,7.49454e+07,0,2.38843e+07,0,0,1.33858e+07
0,0,0,7.49454e+07,0,2.38887e+07,0,0,1.33858e+07
0,0,0,7.49454e+07,0,2.38931e+07,0,0,1.33858e+07
0,0,0,7.49454e+07,0,2.46592e+07,0,0,1.33858e+07
0,0,0,7.49454e+07,0,2.46636e+07,0,0,1.33858e+07
0,0,0,7.49454e+07,0,2.4668e+07,0,0,1.33858e+07
0,0,0,7.49454e+07,0,2.46724e+07,0,0,1.33858e+07
0,0,0,7.49454e+07,0,2.73541e+07,0,0,1.33858e+07
0,0,0,7.49454e+07,0,2.73589e+07,0,0,1.33858e+07
0,0,0,7.49454e+07,0,2.73638e+07,0,0,1.33858e+07
0,0,0,7.49454e+07,0,2.73687e+07,0,0,1.33858e+07
0,0,0,7.49454e+07,0,2.3686e+07,0,0,1.33858e+07
0,0,0,7.49454e+07,0,2.36903e+07,0,0,1.33858e+07
0,0,0,7.49454e+07,0,2.36945e+07,0,0,1.33858e+07
0,0,0,7.49454e+07,0,2.36987e+07,0,0,1.33858e+07
0,0,0,7.49454e+07,0,2.37029e+07,0,0,1.33858e+07
0,0,0,7.49454e+07,0,2.46211e+07,0,0,1.33858e+07
0,0,0,7.49454e+07,0,2.46255e+07,0,0,1.33858e+07
0,0,0,7.49454e+07,0,2.46299e+07,0,0,1.33858e+07
0,0,0,7.49454e+07,0,2.46343e+07,0,0,1.33858e+07
0,0,0,7.49454e+07,0,2.42824e+07,0,0,1.33858e+07
0,0,0,7.49454e+07,0,2.42867e+07,0,0,1.33858e+07
0,0,0,7.49454e+07,0,2.42911e+07,0,0,1.33858e+07
0,0,0,7.49454e+07,0,2.42954e+07,0,0,1.33858e+07
0,0,0,7.49454e+07,0,2.55406e+07,0,0,1.33858e+07
0,0,0,7.49454e+07,0,2.55452e+07,0,0,1.33858e+07
0,0,0,7.49454e+07,0,2.55497e+07,0,0,1.33858e+07
0,0,0,7.49454e+07,0,2.55543e+07,0,0,1.33858e+07
0,0,0,7.49454e+07,0,2.55588e+07,0,0,1.33858e+07
0,0,0,7.49454e+07,0,2.58558e+07,0,0,1.33858e+07
0,0,0,7.49454e+07,0,2.58605e+07,0,0,1.33858e+07
0,0,0,7.49454e+07,0,2.58651e+07,0,0,1.33858e+07
0,0,0,7.49454e+07,0,2.58697e+07,0,0,1.33858e+07
0,0,0,7.49454e+07,0,2.6494e+07,0,0,1.33858e+07
0,0,0,7.49454e+07,0,2.64987e+07,0,0,1.33858e+07
0,0,0,7.49454e+07,0,2.65034e+07,0,0,1.33858e+07
0,0,0,7.49454e+07,0,2.65082e+07,0,0,1.33858e+07
0,0,0,7.49454e+07,0,2.85695e+07,0,0,1.33858e+07
0,0,0,7.49454e+07,0,2.85746e+07,0,0,1.33858e+07
0,0,0,7.49454e+07,0,2.85797e+07,0,0,1.33858e+07
0,0,0,7.49454e+07,0,2.85848e+07,0,0,1.33858e+07
0,0,0,7.49454e+07,0,2.85899e+07,0,0,1.33858e+07
0,0,0,7.49454e+07,0,2.74392e+07,0,0,1.33858e+07
0,0,0,7.49454e+07,0,2.75334e+07,-57419.5,57419.5,1.33858e+07
0,0,0,7.49454e+07,0,2.75369e+07,-56508.1,56508.1,1.33858e+07
0,0,0,7.49454e+07,0,2.75404e+07,-55596.6,55596.6,1.33858e+07
0,0,0,7.49454e+07,0,2.65252e+07,-54684.5,54684.5,1.33858e+07
0,0,0,7.49454e+07,0,2.68944e+07,-288994,288994,1.33858e+07
0,0,0,7.49454e+07,0,2.68978e+07,-288124,288124,1.33858e+07
0,0,0,7.49454e+07,0,2.69012e+07,-287253,287253,1.33858e+07
0,0,0,7.49454e+07,0,2.4544e+07,-286383,286383,1.33858e+07
0,0,0,7.49454e+07,0,2.53097e+07,-775759,775759,1.33858e+07
0,0,0,7.49454e+07,0,2.53128e+07,-774976,774976,1.33858e+07
0,0,0,7.49454e+07,0,2.53158e+07,-774192,774192,1.33858e+07
0,0,0,7.49454e+07,0,2.53189e+07,-773408,773408,1.33858e+07
0,0,0,7.49454e+07,0,2.60908e+07,-772624,772624,1.33858e+07
0,0,0,7.49454e+07,9.32603e+06,2.63109e+07,-911318,911318,1.33858e+07
0,0,0,7.49454e+07,0,2.48973e+07,0,0,1.33858e+07
0,0,0,7.49454e+07,0,2.49016e+07,0,0,1.33858e+07
0,0,0,7.49454e+07,0,2.7608e+07,0,0,1.33858e+07
0,0,0,7.49454e+07,0,2.76127e+07,0,0,1.33858e+07
0,0,0,7.49454e+07,0,2.76175e+07,0,0,1.33858e+07
0,0,0,7.49454e+07,0,2.76222e+07,0,0,1.33858e+07
0,0,0,7.49454e+07,0,2.39053e+07,0,0,1.33858e+07
0,0,0,7.49454e+07,0,2.39094e+07,0,0,1.33858e+07
0,0,0,7.49454e+07,0,2.39136e+07,0,0,1.33858e+07
0,0,0,7.49454e+07,0,2.39177e+07,0,0,1.33858e+07
0,0,0,7.49454e+07,0,2.39218e+07,0,0,1.33858e+07
0,0,0,7.49454e+07,0,2.48483e+07,0,0,1.33858e+07
0,0,0,7.49454e+07,0,2.48525e+07,0,0,1.33858e+07
0,0,0,7.49454e+07,0,2.48568e+07,0,0,1.33858e+07
0,0,0,7.49454e+07,0,2.48611e+07,0,0,1.33858e+07
0,0,0,7.49454e+07,0,2.45059e+07,0,0,1.33858e+07
0,0,0,7.49454e+07,0,2.45101e+07,0,0,1.33858e+07
0,0,0,7.49454e+07,0,2.45143e+07,0,0,1.33858e+07
0,0,0,7.49454e+07,0,2.45185e+07,0,0,1.33858e+07
0,0,0,7.49454e+07,0,2.5775e+07,0,0,1.33858e+07
0,0,0,7.49454e+07,0,2.57794e+07,0,0,1.33858e+07
0,0,0,7.49454e+07,0,2.57839e+07,0,0,1.33858e+07
0,0,0,7.49454e+07,0,2.57883e+07,0,0,1.33858e+07
0,0,0,7.49454e+07,0,2.57928e+07,0,0,1.33858e+07
0,0,0,7.49454e+07,0,2.60923e+07,0,0,1.33858e+07
0,0,0,7.49454e+07,0,2.60968e+07,0,0,1.33858e+07
0,0,0,7.49454e+07,0,2.61013e+07,0,0,1.33858e+07
0,0,0,7.49454e+07,0,2.61058e+07,0,0,1.33858e+07
0,0,0,7.49454e+07,0,2.67356e+07,0,0,1.33858e+07
0,0,0,7.49454e+07,0,2.67403e+07,0,0,1.33858e+07
0,0,0,7.49454e+07,0,2.67449e+07,0,0,1.33858e+07
0,0,0,7.49454e+07,0,2.67495e+07,0,0,1.33858e+07
0,0,0,7.49454e+07,0,2.88293e+07,0,0,1.33858e+07
0,0,0,7.49454e+07,0,2.88343e+07,0,0,1.33858e+07
0,0,0,7.49454e+07,0,2.88393e+07,0,0,1.33858e+07
0,0,0,7.49454e+07,0,2.88442e+07,0,0,1.33858e+07
0,0,0,7.49454e+07,0,2.88492e+07,0,0,1.33858e+07
0,0,0,7.49454e+07,0,2.76879e+07,0,0,1.33858e+07
0,0,0,7.49454e+07,0,2.76927e+07,0,0,1.33858e+07
0,0,0,7.49454e+07,0,2.76975e+07,0,0,1.33858e+07
0,0,0,7.49454e+07,0,2.77022e+07,0,0,1.33858e+07
0,0,0,7.49454e+07,0,2.8097e+07,-911318,911318,1.33858e+07
0,0,0,7.49454e+07,0,2.66837e+07,0,0,1.33858e+07
0,0,0,7.49454e+07,0,2.66883e+07,0,0,1.33858e+07
0,0,0,7.49454e+07,0,2.66929e+07,0,0,1.33858e+07
0,0,0,7.49454e+07,0,2.43157e+07,0,0,1.33858e+07
0,0,0,7.49454e+07,0,2.43199e+07,0,0,1.33858e+07
0,0,0,7.49454e+07,0,2.43241e+07,0,0,1.33858e+07
0,0,0,7.49454e+07,0,2.43283e+07,0,0,1.33858e+07
0,0,0,7.49454e+07,0,2.43324e+07,0,0,1.33858e+07
0,0,0,7.49454e+07,0,2.43324e+07,0,0,1.33858e+07
0,0,0,7.49454e+07,9.32603e+06,2.51124e+07,0,0,1.33858e+07
0,0,0,7.49454e+07,0,2.51165e+07,0,0,1.33858e+07
0,0,0,7.49454e+07,0,2.51207e+07,0,0,1.33858e+07
0,0,0,7.49454e+07,0,2.51249e+07,0,0,1.33858e+07
0,0,0,7.49454e+07,0,2.78553e+07,0,0,1.33858e+07
0,0,0,7.49454e+07,0,2.78599e+07,0,0,1.33858e+07
0,0,0,7.49454e+07,0,2.78646e+07,0,0,1.33858e+07
0,0,0,7.49454e+07,0,2.78692e+07,0,0,1.33858e+07
0,0,0,7.49454e+07,0,2.41189e+07,0,0,1.33858e+07
0,0,0,7.49454e+07,0,2.41229e+07,0,0,1.33858e+07
0,0,0,7.49454e+07,0,2.41269e+07,0,0,1.33858e+07
0,0,0,7.49454e+07,0,2.41309e+07,0,0,1.33858e+07
0,0,0,7.49454e+07,0,2.41349e+07,0,0,1.33858e+07
0,0,0,7.49454e+07,0,2.50695e+07,0,0,1.33858e+07
0,0,0,7.49454e+07,0,2.50736e+07,0,0,1.33858e+07
0,0,0,7.49454e+07,0,2.50778e+07,0,0,1.33858e+07
0,0,0,7.49454e+07,0,2.5082e+07,0,0,1.33858e+07
0,0,0,7.49454e+07,0,2.47234e+07,0,0,1.33858e+07
0,0,0,7.49454e+07,0,2.47275e+07,0,0,1.33858e+07
0,0,0,7.49454e+07,0,2.47316e+07,0,0,1.33858e+07
0,0,0,7.49454e+07,0,2.47357e+07,0,0,1.33858e+07
0,0,0,7.49454e+07,0,2.60032e+07,0,0,1.33858e+07
0,0,0,7.49454e+07,0,2.60075e+07,0,0,1.33858e+07
0,0,0,7.49454e+07,0,2.60118e+07,0,0,1.33858e+07
0,0,0,7.49454e+07,0,2.60161e+07,0,0,1.33858e+07
0,0,0,7.49454e+07,0,2.60204e+07,0,0,1.33858e+07
0,0,0,7.49454e+07,0,2.63225e+07,0,0,1.33858e+07
0,0,0,7.49454e+07,0,2.63269e+07,0,0,1.33858e+07
0,0,0,7.49454e+07,0,2.63312e+07,0,0,1.33858e+07
0,0,0,7.49454e+07,0,2.63356e+07,0,0,1.33858e+07
0,0,0,7.49454e+07,0,2.69708e+07,0,0,1.33858e+07
0,0,0,7.49454e+07,0,2.69753e+07,0,0,1.33858e+07
0,0,0,7.49454e+07,0,2.69798e+07,0,0,1.33858e+07
0,0,0,7.49454e+07,0,2.69843e+07,0,0,1.33858e+07
0,0,0,7.49454e+07,0,2.90822e+07,0,0,1.33858e+07
0,0,0,7.49454e+07,0,2.90871e+07,0,0,1.33858e+07
0,0,0,7.49454e+07,0,2.90919e+07,0,0,1.33858e+07
0,0,0,7.49454e+07,0,2.90967e+07,0,0,1.33858e+07
0,0,0,7.49454e+07,0,2.91015e+07,0,0,1.33858e+07
0,0,0,7.49454e+07,0,2.79299e+07,0,0,1.33858e+07
0,0,0,7.49454e+07,0,2.79346e+07,0,0,1.33858e+07
0,0,0,7.49454e+07,0,2.79392e+07,0,0,1.33858e+07
0,0,0,7.49454e+07,0,2.93617e+07,-911318,911318,1.33858e+07
0,0,0,7.49454e+07,0,2.69116e+07,0,0,1.33858e+07
0,0,0,7.49454e+07,0,2.69161e+07,0,0,1.33858e+07
0,0,0,7.49454e+07,0,2.69206e+07,0,0,1.33858e+07
0,0,0,7.49454e+07,0,2.6925e+07,0,0,1.33858e+07
0,0,0,7.49454e+07,0,2.4527e+07,0,0,1.33858e+07
0,0,0,7.49454e+07,0,2.45311e+07,0,0,1.33858e+07
0,0,0,7.49454e+07,0,2.45351e+07,0,0,1.33858e+07
0,0,0,7.49454e+07,0,2.45392e+07,0,0,1.33858e+07
0,0,0,7.49454e+07,0,2.45433e+07,0,0,1.33858e+07
0,0,0,7.49454e+07,9.32603e+06,2.53298e+07,0,0,1.33858e+07
0,0,0,7.49454e+07,0,2.53338e+07,0,0,1.33858e+07
0,0,0,7.49454e+07,0,2.53379e+07,0,0,1.33858e+07
0,0,0,7.49454e+07,0,2.53419e+07,0,0,1.33858e+07
0,0,0,7.49454e+07,0,2.80958e+07,0,0,1.33858e+07
0,0,0,7.49454e+07,0,2.81003e+07,0,0,1.33858e+07
0,0,0,7.49454e+07,0,2.81048e+07,0,0,1.33858e+07
0,0,0,7.49454e+07,0,2.81093e+07,0,0,1.33858e+07
0,0,0,7.49454e+07,0,2.43265e+07,0,0,1.33858e+07
0,0,0,7.49454e+07,0,2.43304e+07,0,0,1.33858e+07
0,0,0,7.49454e+07,0,2.43343e+07,0,0,1.33858e+07
0,0,0,7.49454e+07,0,2.43382e+07,0,0,1.33858e+07
0,0,0,7.49454e+07,0,2.43421e+07,0,0,1.33858e+07
0,0,0,7.49454e+07,0,2.52845e+07,0,0,1.33858e+07
0,0,0,7.49454e+07,0,2.52885e+07,0,0,1.33858e+07
0,0,0,7.49454e+07,0,2.52926e+07,0,0,1.33858e+07
0,0,0,7.49454e+07,0,2.52966e+07,0,0,1.33858e+07
0,0,0,7.49454e+07,0,2.49348e+07,0,0,1.33858e+07
0,0,0,7.49454e+07,0,2.49388e+07,0,0,1.33858e+07
0,0,0,7.49454e+07,0,2.49428e+07,0,0,1.33858e+07
0,0,0,7.49454e+07,0,2.49468e+07,0,0,1.33858e+07
0,0,0,7.49454e+07,0,2.62249e+07,0,0,1.33858e+07
0,0,0,7.49454e+07,0,2.62291e+07,0,0,1.33858e+07
0,0,0,7.49454e+07,0,2.62333e+07,0,0,1.33858e+07
0,0,0,7.49454e+07,0,2.62375e+07,0,0,1.33858e+07
0,0,0,7.49454e+07,0,2.62417e+07,0,0,1.33858e+07
0,0,0,7.49454e+07,0,2.65461e+07,0,0,1.33858e+07
0,0,0,7.49454e+07,0,2.65503e+07,0,0,1.33858e+07
0,0,0,7.49454e+07,0,2.65546e+07,0,0,1.33858e+07
0,0,0,7.49454e+07,0,2.65588e+07,0,0,1.33858e+07
0,0,0,7.49454e+07,0,2.71993e+07,0,0,1.33858e+07
0,0,0,7.49454e+07,0,2.72036e+07,0,0,1.33858e+07
0,0,0,7.49454e+07,0,2.7208e+07,0,0,1.33858e+07
0,0,0,7.49454e+07,0,2.72123e+07,0,0,1.33858e+07
0,0,0,7.49454e+07,0,2.93278e+07,0,0,1.33858e+07
0,0,0,7.49454e+07,0,3.07503e+07,-911318,911318,1.33858e+07
0,0,0,7.49454e+07,0,3.0755e+07,-911318,911318,1.33858e+07
0,0,0,7.49454e+07,0,3.07597e+07,-911318,911318,1.33858e+07
0,0,0,7.49454e+07,0,3.07644e+07,-911318,911318,1.33858e+07
0,0,0,7.49454e+07,0,2.95827e+07,-911318,911318,1.33858e+07
0,0,0,7.49454e+07,0,2.95872e+07,-911318,911318,1.33858e+07
0,0,0,7.49454e+07,0,2.95917e+07,-911318,911318,1.33858e+07
0,0,0,7.49454e+07,0,2.95962e+07,-911318,911318,1.33858e+07
0,0,0,7.49454e+07,0,2.85552e+07,-911318,911318,1.33858e+07
0,0,0,7.49454e+07,0,2.85595e+07,-911318,911318,1.33858e+07
0,0,0,7.49454e+07,0,2.85639e+07,-911318,911318,1.33858e+07
0,0,0,7.49454e+07,0,2.85682e+07,-911318,911318,1.33858e+07
0,0,0,7.49454e+07,0,2.61499e+07,-911318,911318,1.33858e+07
0,0,0,7.49454e+07,0,2.61539e+07,-911318,911318,1.33858e+07
0,0,0,7.49454e+07,0,2.61578e+07,-911318,911318,1.33858e+07
0,0,0,7.49454e+07,0,2.61618e+07,-911318,911318,1.33858e+07
0,0,0,7.49454e+07,0,2.61658e+07,-911318,911318,1.33858e+07
0,0,0,7.49454e+07,9.32603e+06,2.69587e+07,-911318,911318,1.33858e+07
0,0,0,7.49454e+07,0,2.55447e+07,0,0,1.33858e+07
0,0,0,7.49454e+07,0,2.55487e+07,0,0,1.33858e+07
0,0,0,7.49454e+07,0,2.55526e+07,0,0,1.33858e+07
0,0,0,7.49454e+07,0,2.83292e+07,0,0,1.33858e+07
0,0,0,7.49454e+07,0,2.83335e+07,0,0,1.33858e+07
0,0,0,7.49454e+07,0,2.83379e+07,0,0,1.33858e+07
0,0,0,7.49454e+07,0,2.83422e+07,0,0,1.33858e+07
0,0,0,7.49454e+07,0,2.4528e+07,0,0,1.33858e+07
0,0,0,7.49454e+07,0,2.45317e+07,0,0,1.33858e+07
0,0,0,7.49454e+07,0,2.45355e+07,0,0,1.33858e+07
0,0,0,7.49454e+07,0,2.45392e+07,0,0,1.33858e+07
0,0,0,7.49454e+07,0,2.4543e+07,0,0,1.33858e+07
0,0,0,7.49454e+07,0,2.54931e+07,0,0,1.33858e+07
0,0,0,7.49454e+07,0,2.5497e+07,0,0,1.33858e+07
0,0,0,7.49454e+07,0,2.55009e+07,0,0,1.33858e+07
0,0,0,7.49454e+07,0,2.55048e+07,0,0,1.33858e+07
0,0,0,7.49454e+07,0,2.51399e+07,0,0,1.33858e+07
0,0,0,7.49454e+07,0,2.51438e+07,0,0,1.33858e+07
0,0,0,7.49454e+07,0,2.51476e+07,0,0,1.33858e+07
0,0,0,7.49454e+07,0,2.51515e+07,0,0,1.33858e+07
0,0,0,7.49454e+07,0,2.64399e+07,0,0,1.33858e+07
0,0,0,7.49454e+07,0,2.6444e+07,0,0,1.33858e+07
0,0,0,7.49454e+07,0,2.6448e+07,0,0,1.33858e+07
0,0,0,7.49454e+07,0,2.64521e+07,0,0,1.33858e+07
0,0,0,7.49454e+07,0,2.64562e+07,0,0,1.33858e+07
0,0,0,7.49454e+07,0,2.67629e+07,0,0,1.33858e+07
0,0,0,7.49454e+07,0,2.6767e+07,0,0,1.33858e+07
0,0,0,7.49454e+07,0,2.67711e+07,0,0,1.33858e+07
0,0,0,7.49454e+07,0,2.67753e+07,0,0,1.33858e+07
0,0,0,7.49454e+07,0,2.74207e+07,0,0,1.33858e+07
0,0,0,7.49454e+07,0,2.7425e+07,0,0,1.33858e+07
0,0,0,7.49454e+07,0,2.8847e+07,-911318,911318,1.33858e+07
0,0,0,7.49454e+07,0,2.88512e+07,-911318,911318,1.33858e+07
0,0,0,7.49454e+07,0,3.09837e+07,-911318,911318,1.33858e+07
0,0,0,7.49454e+07,0,3.09883e+07,-911318,911318,1.33858e+07
0,0,0,7.49454e+07,0,3.09928e+07,-911318,911318,1.33858e+07
0,0,0,7.49454e+07,0,3.09974e+07,-911318,911318,1.33858e+07
0,0,0,7.49454e+07,0,3.10019e+07,-911318,911318,1.33858e+07
0,0,0,7.49454e+07,0,2.98105e+07,-911318,911318,1.33858e+07
0,0,0,7.49454e+07,0,2.98149e+07,-911318,911318,1.33858e+07
0,0,0,7.49454e+07,0,2.98192e+07,-911318,911318,1.33858e+07
0,0,0,7.49454e+07,0,2.98236e+07,-911318,911318,1.33858e+07
0,0,0,7.49454e+07,0,2.8774e+07,-911318,911318,1.33858e+07
0,0,0,7.49454e+07,0,2.87782e+07,-911318,911318,1.33858e+07
0,0,0,7.49454e+07,0,2.87824e+07,-911318,911318,1.33858e+07
0,0,0,7.49454e+07,0,2.87866e+07,-911318,911318,1.33858e+07
0,0,0,7.49454e+07,0,2.63487e+07,-911318,911318,1.33858e+07
0,0,0,7.49454e+07,0,2.63525e+07,-911318,911318,1.33858e+07
0,0,0,7.49454e+07,0,2.63564e+07,-911318,911318,1.33858e+07
0,0,0,7.49454e+07,0,2.49423e+07,0,0,1.33858e+07
0,0,0,7.49454e+07,0,2.49462e+07,0,0,1.33858e+07
0,0,0,7.49454e+07,9.32603e+06,2.57453e+07,0,0,1.33858e+07
0,0,0,7.49454e+07,0,2.57491e+07,0,0,1.33858e+07
0,0,0,7.49454e+07,0,2.57529e+07,0,0,1.33858e+07
0,0,0,7.49454e+07,0,2.57566e+07,0,0,1.33858e+07
0,0,0,7.49454e+07,0,2.85552e+07,0,0,1.33858e+07
0,0,0,7.49454e+07,0,2.85594e+07,0,0,1.33858e+07
0,0,0,7.49454e+07,0,2.85636e+07,0,0,1.33858e+07
0,0,0,7.49454e+07,0,2.85678e+07,0,0,1.33858e+07
0,0,0,7.49454e+07,0,2.47231e+07,0,0,1.33858e+07
0,0,0,7.49454e+07,0,2.47267e+07,0,0,1.33858e+07
0,0,0,7.49454e+07,0,2.47304e+07,0,0,1.33858e+07
0,0,0,7.49454e+07,0,2.4734e+07,0,0,1.33858e+07
0,0,0,7.49454e+07,0,2.47377e+07,0,0,1.33858e+07
0,0,0,7.49454e+07,0,2.56951e+07,0,0,1.33858e+07
0,0,0,7.49454e+07,0,2.56989e+07,0,0,1.33858e+07
0,0,0,7.49454e+07,0,2.57027e+07,0,0,1.33858e+07
0,0,0,7.49454e+07,0,2.57065e+07,0,0,1.33858e+07
0,0,0,7.49454e+07,0,2.53385e+07,0,0,1.33858e+07
0,0,0,7.49454e+07,0,2.53422e+07,0,0,1.33858e+07
0,0,0,7.49454e+07,0,2.5346e+07,0,0,1.33858e+07
0,0,0,7.49454e+07,0,2.53497e+07,0,0,1.33858e+07
0,0,0,7.49454e+07,0,2.66481e+07,0,0,1.33858e+07
0,0,0,7.49454e+07,0,2.66521e+07,0,0,1.33858e+07
0,0,0,7.49454e+07,0,2.6656e+07,0,0,1.33858e+07
0,0,0,7.49454e+07,0,2.66599e+07,0,0,1.33858e+07
0,0,0,7.49454e+07,0,2.66638e+07,0,0,1.33858e+07
0,0,0,7.49454e+07,0,2.69729e+07,0,0,1.33858e+07
0,0,0,7.49454e+07,0,2.69768e+07,0,0,1.33858e+07
0,0,0,7.49454e+07,0,2.69808e+07,0,0,1.33858e+07
0,0,0,7.49454e+07,0,2.69848e+07,0,0,1.33858e+07
0,0,0,7.49454e+07,0,2.76351e+07,0,0,1.33858e+07
0,0,0,7.49454e+07,0,2.76392e+07,0,0,1.33858e+07
0,0,0,7.49454e+07,0,2.76433e+07,0,0,1.33858e+07
0,0,0,7.49454e+07,0,2.76474e+07,0,0,1.33858e+07
0,0,0,7.49454e+07,0,2.97963e+07,0,0,1.33858e+07
0,0,0,7.49454e+07,0,2.98007e+07,0,0,1.33858e+07
0,0,0,7.49454e+07,0,2.98051e+07,0,0,1.33858e+07
0,0,0,7.49454e+07,0,2.98095e+07,0,0,1.33858e+07
0,0,0,7.49454e+07,0,2.98139e+07,0,0,1.33858e+07
0,0,0,7.49454e+07,0,3.00309e+07,-911318,911318,1.33858e+07
0,0,0,7.49454e+07,0,3.00351e+07,-911318,911318,1.33858e+07
0,0,0,7.49454e+07,0,3.00393e+07,-911318,911318,1.33858e+07
0,0,0,7.49454e+07,0,3.00436e+07,-911318,911318,1.33858e+07
0,0,0,7.49454e+07,0,2.89857e+07,-911318,911318,1.33858e+07
0,0,0,7.49454e+07,0,2.89897e+07,-911318,911318,1.33858e+07
0,0,0,7.49454e+07,0,2.89938e+07,-911318,911318,1.33858e+07
0,0,0,7.49454e+07,0,2.89979e+07,-911318,911318,1.33858e+07
0,0,0,7.49454e+07,0,2.6541e+07,-911318,911318,1.33858e+07
0,0,0,7.49454e+07,0,2.65447e+07,-911318,911318,1.33858e+07
0,0,0,7.49454e+07,0,2.65484e+07,-911318,911318,1.33858e+07
0,0,0,7.49454e+07,0,2.65521e+07,-911318,911318,1.33858e+07
0,0,0,7.49454e+07,0,2.65558e+07,-911318,911318,1.33858e+07
0,0,0,7.49454e+07,9.32603e+06,2.59431e+07,0,0,1.33858e+07
0,0,0,7.49454e+07,0,2.59467e+07,0,0,1.33858e+07
0,0,0,7.49454e+07,0,2.59504e+07,0,0,1.33858e+07
0,0,0,7.49454e+07,0,2.59541e+07,0,0,1.33858e+07
0,0,0,7.49454e+07,0,2.8774e+07,0,0,1.33858e+07
0,0,0,7.49454e+07,0,2.8778e+07,0,0,1.33858e+07
0,0,0,7.49454e+07,0,2.87821e+07,0,0,1.33858e+07
0,0,0,7.49454e+07,0,2.87862e+07,0,0,1.33858e+07
0,0,0,7.49454e+07,0,2.49119e+07,0,0,1.33858e+07
0,0,0,7.49454e+07,0,2.49154e+07,0,0,1.33858e+07
0,0,0,7.49454e+07,0,2.49189e+07,0,0,1.33858e+07
0,0,0,7.49454e+07,0,2.49225e+07,0,0,1.33858e+07
0,0,0,7.49454e+07,0,2.4926e+07,0,0,1.33858e+07
0,0,0,7.49454e+07,0,2.58906e+07,0,0,1.33858e+07
0,0,0,7.49454e+07,0,2.58942e+07,0,0,1.33858e+07
0,0,0,7.49454e+07,0,2.58979e+07,0,0,1.33858e+07
0,0,0,7.49454e+07,0,2.59016e+07,0,0,1.33858e+07
0,0,0,7.49454e+07,0,2.55307e+07,0,0,1.33858e+07
0,0,0,7.49454e+07,0,2.55343e+07,0,0,1.33858e+07
0,0,0,7.49454e+07,0,2.55379e+07,0,0,1.33858e+07
0,0,0,7.49454e+07,0,2.55415e+07,0,0,1.33858e+07
0,0,0,7.49454e+07,0,2.68496e+07,0,0,1.33858e+07
0,0,0,7.49454e+07,0,2.68534e+07,0,0,1.33858e+07
0,0,0,7.49454e+07,0,2.68572e+07,0,0,1.33858e+07
0,0,0,7.49454e+07,0,2.6861e+07,0,0,1.33858e+07
0,0,0,7.49454e+07,0,2.68648e+07,0,0,1.33858e+07
0,0,0,7.49454e+07,0,2.7176e+07,0,0,1.33858e+07
0,0,0,7.49454e+07,0,2.71799e+07,0,0,1.33858e+07
0,0,0,7.49454e+07,0,2.71837e+07,0,0,1.33858e+07
0,0,0,7.49454e+07,0,2.71875e+07,0,0,1.33858e+07
0,0,0,7.49454e+07,0,2.78426e+07,0,0,1.33858e+07
0,0,0,7.49454e+07,0,2.78466e+07,0,0,1.33858e+07
0,0,0,7.49454e+07,0,2.78505e+07,0,0,1.33858e+07
0,0,0,7.49454e+07,0,2.78545e+07,0,0,1.33858e+07
0,0,0,7.49454e+07,0,3.00194e+07,0,0,1.33858e+07
0,0,0,7.49454e+07,0,3.00236e+07,0,0,1.33858e+07
0,0,0,7.49454e+07,0,3.00279e+07,0,0,1.33858e+07
0,0,0,7.49454e+07,0,3.00321e+07,0,0,1.33858e+07
0,0,0,7.49454e+07,0,3.14542e+07,-911318,911318,1.33858e+07
0,0,0,7.49454e+07,0,2.88264e+07,0,0,1.33858e+07
0,0,0,7.49454e+07,0,3.02483e+07,-911318,911318,1.33858e+07
0,0,0,7.49454e+07,0,3.02524e+07,-911318,911318,1.33858e+07
0,0,0,7.49454e+07,0,3.02565e+07,-911318,911318,1.33858e+07
0,0,0,7.49454e+07,0,2.91906e+07,-911318,911318,1.33858e+07
0,0,0,7.49454e+07,0,2.91945e+07,-911318,911318,1.33858e+07
0,0,0,7.49454e+07,0,2.91984e+07,-911318,911318,1.33858e+07
0,0,0,7.49454e+07,0,2.92024e+07,-911318,911318,1.33858e+07
0,0,0,7.49454e+07,0,2.67272e+07,-911318,911318,1.33858e+07
0,0,0,7.49454e+07,0,2.67307e+07,-911318,911318,1.33858e+07
0,0,0,7.49454e+07,0,2.67343e+07,-911318,911318,1.33858e+07
0,0,0,7.49454e+07,0,2.67379e+07,-911318,911318,1.33858e+07
0,0,0,7.49454e+07,0,2.53237e+07,0,0,1.33858e+07
0,0,0,7.49454e+07,0,2.61346e+07,0,0,1.33858e+07
0,0,0,7.49454e+07,9.32603e+06,2.61381e+07,0,0,1.33858e+07
0,0,0,7.49454e+07,0,2.61417e+07,0,0,1.33858e+07
0,0,0,7.49454e+07,0,2.61452e+07,0,0,1.33858e+07
0,0,0,7.49454e+07,0,2.89857e+07,0,0,1.33858e+07
0,0,0,7.49454e+07,0,2.89896e+07,0,0,1.33858e+07
0,0,0,7.49454e+07,0,2.89936e+07,0,0,1.33858e+07
0,0,0,7.49454e+07,0,2.89975e+07,0,0,1.33858e+07
0,0,0,7.49454e+07,0,2.50947e+07,0,0,1.33858e+07
0,0,0,7.49454e+07,0,2.50981e+07,0,0,1.33858e+07
0,0,0,7.49454e+07,0,2.51015e+07,0,0,1.33858e+07
0,0,0,7.49454e+07,0,2.51049e+07,0,0,1.33858e+07
0,0,0,7.49454e+07,0,2.51083e+07,0,0,1.33858e+07
0,0,0,7.49454e+07,0,2.60798e+07,0,0,1.33858e+07
0,0,0,7.49454e+07,0,2.60834e+07,0,0,1.33858e+07
0,0,0,7.49454e+07,0,2.60869e+07,0,0,1.33858e+07
0,0,0,7.49454e+07,0,2.60905e+07,0,0,1.33858e+07
0,0,0,7.49454e+07,0,2.57167e+07,0,0,1.33858e+07
0,0,0,7.49454e+07,0,2.57202e+07,0,0,1.33858e+07
0,0,0,7.49454e+07,0,2.57237e+07,0,0,1.33858e+07
0,0,0,7.49454e+07,0,2.57272e+07,0,0,1.33858e+07
0,0,0,7.49454e+07,0,2.70447e+07,0,0,1.33858e+07
0,0,0,7.49454e+07,0,2.70484e+07,0,0,1.33858e+07
0,0,0,7.49454e+07,0,2.70521e+07,0,0,1.33858e+07
0,0,0,7.49454e+07,0,2.70557e+07,0,0,1.33858e+07
0,0,0,7.49454e+07,0,2.70594e+07,0,0,1.33858e+07
0,0,0,7.49454e+07,0,2.73727e+07,0,0,1.33858e+07
0,0,0,7.49454e+07,0,2.73764e+07,0,0,1.33858e+07
0,0,0,7.49454e+07,0,2.73802e+07,0,0,1.33858e+07
0,0,0,7.49454e+07,0,2.73839e+07,0,0,1.33858e+07
0,0,0,7.49454e+07,0,2.80436e+07,0,0,1.33858e+07
0,0,0,7.49454e+07,0,2.80474e+07,0,0,1.33858e+07
0,0,0,7.49454e+07,0,2.80512e+07,0,0,1.33858e+07
0,0,0,7.49454e+07,0,2.8055e+07,0,0,1.33858e+07
0,0,0,7.49454e+07,0,3.02353e+07,0,0,1.33858e+07
0,0,0,7.49454e+07,0,3.02394e+07,0,0,1.33858e+07
0,0,0,7.49454e+07,0,3.02436e+07,0,0,1.33858e+07
0,0,0,7.49454e+07,0,3.02477e+07,0,0,1.33858e+07
0,0,0,7.49454e+07,0,3.02518e+07,0,0,1.33858e+07
0,0,0,7.49454e+07,0,2.9033e+07,0,0,1.33858e+07
0,0,0,7.49454e+07,0,2.90369e+07,0,0,1.33858e+07
0,0,0,7.49454e+07,0,2.90409e+07,0,0,1.33858e+07
0,0,0,7.49454e+07,0,2.90448e+07,0,0,1.33858e+07
0,0,0,7.49454e+07,0,2.79711e+07,0,0,1.33858e+07
0,0,0,7.49454e+07,0,2.7975e+07,0,0,1.33858e+07
0,0,0,7.49454e+07,0,2.79788e+07,0,0,1.33858e+07
0,0,0,7.49454e+07,0,2.79826e+07,0,0,1.33858e+07
0,0,0,7.49454e+07,0,2.54896e+07,0,0,1.33858e+07
0,0,0,7.49454e+07,0,2.5493e+07,0,0,1.33858e+07
0,0,0,7.49454e+07,0,2.54965e+07,0,0,1.33858e+07
0,0,0,7.49454e+07,0,2.55e+07,0,0,1.33858e+07
0,0,0,7.49454e+07,0,2.55035e+07,0,0,1.33858e+07
0,0,0,7.49454e+07,0,2.55035e+07,0,0,1.33858e+07
0,0,0,7.49454e+07,9.32603e+06,2.632e+07,0,0,1.33858e+07
0,0,0,7.49454e+07,0,2.63234e+07,0,0,1.33858e+07
0,0,0,7.49454e+07,0,2.63269e+07,0,0,1.33858e+07
0,0,0,7.49454e+07,0,2.63303e+07,0,0,1.33858e+07
0,0,0,7.49454e+07,0,2.91907e+07,0,0,1.33858e+07
0,0,0,7.49454e+07,0,2.91945e+07,0,0,1.33858e+07
0,0,0,7.49454e+07,0,2.91983e+07,0,0,1.33858e+07
0,0,0,7.49454e+07,0,2.92022e+07,0,0,1.33858e+07
0,0,0,7.49454e+07,0,2.52716e+07,0,0,1.33858e+07
0,0,0,7.49454e+07,0,2.52749e+07,0,0,1.33858e+07
0,0,0,7.49454e+07,0,2.52782e+07,0,0,1.33858e+07
0,0,0,7.49454e+07,0,2.52815e+07,0,0,1.33858e+07
0,0,0,7.49454e+07,0,2.52848e+07,0,0,1.33858e+07
0,0,0,7.49454e+07,0,2.6263e+07,0,0,1.33858e+07
0,0,0,7.49454e+07,0,2.62664e+07,0,0,1.33858e+07
0,0,0,7.49454e+07,0,2.62699e+07,0,0,1.33858e+07
0,0,0,7.49454e+07,0,2.62733e+07,0,0,1.33858e+07
0,0,0,7.49454e+07,0,2.58968e+07,0,0,1.33858e+07
0,0,0,7.49454e+07,0,2.59002e+07,0,0,1.33858e+07
0,0,0,7.49454e+07,0,2.59036e+07,0,0,1.33858e+07
0,0,0,7.49454e+07,0,2.59069e+07,0,0,1.33858e+07
0,0,0,7.49454e+07,0,2.72335e+07,0,0,1.33858e+07
0,0,0,7.49454e+07,0,2.7237e+07,0,0,1.33858e+07
0,0,0,7.49454e+07,0,2.72406e+07,0,0,1.33858e+07
0,0,0,7.49454e+07,0,2.72441e+07,0,0,1.33858e+07
0,0,0,7.49454e+07,0,2.72477e+07,0,0,1.33858e+07
0,0,0,7.49454e+07,0,2.7563e+07,0,0,1.33858e+07
0,0,0,7.49454e+07,0,2.75666e+07,0,0,1.33858e+07
0,0,0,7.49454e+07,0,2.75702e+07,0,0,1.33858e+07
0,0,0,7.49454e+07,0,2.75738e+07,0,0,1.33858e+07
0,0,0,7.49454e+07,0,2.82379e+07,0,0,1.33858e+07
0,0,0,7.49454e+07,0,2.82416e+07,0,0,1.33858e+07
0,0,0,7.49454e+07,0,2.82453e+07,0,0,1.33858e+07
0,0,0,7.49454e+07,0,2.8249e+07,0,0,1.33858e+07
0,0,0,7.49454e+07,0,3.04442e+07,0,0,1.33858e+07
0,0,0,7.49454e+07,0,3.04482e+07,0,0,1.33858e+07
0,0,0,7.49454e+07,0,3.187e+07,-911318,911318,1.33858e+07
0,0,0,7.49454e+07,0,3.1874e+07,-911318,911318,1.33858e+07
0,0,0,7.49454e+07,0,3.1878e+07,-911318,911318,1.33858e+07
0,0,0,7.49454e+07,0,3.06506e+07,-911318,911318,1.33858e+07
0,0,0,7.49454e+07,0,3.06544e+07,-911318,911318,1.33858e+07
0,0,0,7.49454e+07,0,3.06583e+07,-911318,911318,1.33858e+07
0,0,0,7.49454e+07,0,3.06621e+07,-911318,911318,1.33858e+07
0,0,0,7.49454e+07,0,2.95809e+07,-911318,911318,1.33858e+07
0,0,0,7.49454e+07,0,2.95845e+07,-911318,911318,1.33858e+07
0,0,0,7.49454e+07,0,2.95882e+07,-911318,911318,1.33858e+07
0,0,0,7.49454e+07,0,2.95919e+07,-911318,911318,1.33858e+07
0,0,0,7.49454e+07,0,2.70817e+07,-911318,911318,1.33858e+07
0,0,0,7.49454e+07,0,2.7085e+07,-911318,911318,1.33858e+07
0,0,0,7.49454e+07,0,2.70884e+07,-911318,911318,1.33858e+07
0,0,0,7.49454e+07,0,2.70918e+07,-911318,911318,1.33858e+07
0,0,0,7.49454e+07,0,2.70951e+07,-911318,911318,1.33858e+07
0,0,0,7.49454e+07,9.32603e+06,2.79171e+07,-911318,911318,1.33858e+07
0,0,0,7.49454e+07,0,2.65025e+07,0,0,1.33858e+07
0,0,0,7.49454e+07,0,2.65058e+07,0,0,1.33858e+07
0,0,0,7.49454e+07,0,2.65092e+07,0,0,1.33858e+07
0,0,0,7.49454e+07,0,2.93889e+07,0,0,1.33858e+07
0,0,0,7.49454e+07,0,2.93925e+07,0,0,1.33858e+07
0,0,0,7.49454e+07,0,2.93962e+07,0,0,1.33858e+07
0,0,0,7.49454e+07,0,2.93999e+07,0,0,1.33858e+07
0,0,0,7.49454e+07,0,2.54426e+07,0,0,1.33858e+07
0,0,0,7.49454e+07,0,2.54458e+07,0,0,1.33858e+07
0,0,0,7.49454e+07,0,2.5449e+07,0,0,1.33858e+07
0,0,0,7.49454e+07,0,2.54522e+07,0,0,1.33858e+07
0,0,0,7.49454e+07,0,2.54553e+07,0,0,1.33858e+07
0,0,0,7.49454e+07,0,2.644e+07,0,0,1.33858e+07
0,0,0,7.49454e+07,0,2.64433e+07,0,0,1.33858e+07
0,0,0,7.49454e+07,0,2.64466e+07,0,0,1.33858e+07
0,0,0,7.49454e+07,0,2.64499e+07,0,0,1.33858e+07
0,0,0,7.49454e+07,0,2.60708e+07,0,0,1.33858e+07
0,0,0,7.49454e+07,0,2.6074e+07,0,0,1.33858e+07
0,0,0,7.49454e+07,0,2.60773e+07,0,0,1.33858e+07
0,0,0,7.49454e+07,0,2.60806e+07,0,0,1.33858e+07
0,0,0,7.49454e+07,0,2.74158e+07,0,0,1.33858e+07
0,0,0,7.49454e+07,0,2.74193e+07,0,0,1.33858e+07
0,0,0,7.49454e+07,0,2.74227e+07,0,0,1.33858e+07
0,0,0,7.49454e+07,0,2.74261e+07,0,0,1.33858e+07
0,0,0,7.49454e+07,0,2.74296e+07,0,0,1.33858e+07
0,0,0,7.49454e+07,0,2.77468e+07,0,0,1.33858e+07
0,0,0,7.49454e+07,0,2.77503e+07,0,0,1.33858e+07
0,0,0,7.49454e+07,0,2.77538e+07,0,0,1.33858e+07
0,0,0,7.49454e+07,0,2.77573e+07,0,0,1.33858e+07
0,0,0,7.49454e+07,0,2.84256e+07,0,0,1.33858e+07
0,0,0,7.49454e+07,0,2.84292e+07,0,0,1.33858e+07
0,0,0,7.49454e+07,0,2.84327e+07,0,0,1.33858e+07
0,0,0,7.49454e+07,0,2.84363e+07,0,0,1.33858e+07
0,0,0,7.49454e+07,0,3.06459e+07,0,0,1.33858e+07
0,0,0,7.49454e+07,0,3.06497e+07,0,0,1.33858e+07
0,0,0,7.49454e+07,0,3.06536e+07,0,0,1.33858e+07
0,0,0,7.49454e+07,0,3.06574e+07,0,0,1.33858e+07
0,0,0,7.49454e+07,0,3.06613e+07,0,0,1.33858e+07
0,0,0,7.49454e+07,0,2.94257e+07,0,0,1.33858e+07
0,0,0,7.49454e+07,0,2.94293e+07,0,0,1.33858e+07
0,0,0,7.49454e+07,0,2.9433e+07,0,0,1.33858e+07
0,0,0,7.49454e+07,0,2.94367e+07,0,0,1.33858e+07
0,0,0,7.49454e+07,0,2.83482e+07,0,0,1.33858e+07
0,0,0,7.49454e+07,0,2.83518e+07,0,0,1.33858e+07
0,0,0,7.49454e+07,0,2.83553e+07,0,0,1.33858e+07
0,0,0,7.49454e+07,0,2.83589e+07,0,0,1.33858e+07
0,0,0,7.49454e+07,0,2.58321e+07,0,0,1.33858e+07
0,0,0,7.49454e+07,0,2.58353e+07,0,0,1.33858e+07
0,0,0,7.49454e+07,0,2.58385e+07,0,0,1.33858e+07
0,0,0,7.49454e+07,0,2.58418e+07,0,0,1.33858e+07
0,0,0,7.49454e+07,0,2.5845e+07,0,0,1.33858e+07
0,0,0,7.49454e+07,9.32603e+06,2.66722e+07,0,0,1.33858e+07
0,0,0,7.49454e+07,0,2.66754e+07,0,0,1.33858e+07
0,0,0,7.49454e+07,0,2.66786e+07,0,0,1.33858e+07
0,0,0,7.49454e+07,0,2.66818e+07,0,0,1.33858e+07
0,0,0,7.49454e+07,0,2.95801e+07,0,0,1.33858e+07
0,0,0,7.49454e+07,0,2.95836e+07,0,0,1.33858e+07
0,0,0,7.49454e+07,0,2.95872e+07,0,0,1.33858e+07
0,0,0,7.49454e+07,0,2.95907e+07,0,0,1.33858e+07
0,0,0,7.49454e+07,0,2.56076e+07,0,0,1.33858e+07
0,0,0,7.49454e+07,0,2.56107e+07,0,0,1.33858e+07
0,0,0,7.49454e+07,0,2.56137e+07,0,0,1.33858e+07
0,0,0,7.49454e+07,0,2.56168e+07,0,0,1.33858e+07
0,0,0,7.49454e+07,0,2.56199e+07,0,0,1.33858e+07
0,0,0,7.49454e+07,0,2.66107e+07,0,0,1.33858e+07
0,0,0,7.49454e+07,0,2.66139e+07,0,0,1.33858e+07
0,0,0,7.49454e+07,0,2.66171e+07,0,0,1.33858e+07
0,0,0,7.49454e+07,0,2.66203e+07,0,0,1.33858e+07
0,0,0,7.49454e+07,0,2.62385e+07,0,0,1.33858e+07
0,0,0,7.49454e+07,0,2.62417e+07,0,0,1.33858e+07
0,0,0,7.49454e+07,0,2.62448e+07,0,0,1.33858e+07
0,0,0,7.49454e+07,0,2.6248e+07,0,0,1.33858e+07
0,0,0,7.49454e+07,0,2.75917e+07,0,0,1.33858e+07
0,0,0,7.49454e+07,0,2.7595e+07,0,0,1.33858e+07
0,0,0,7.49454e+07,0,2.75983e+07,0,0,1.33858e+07
0,0,0,7.49454e+07,0,2.76016e+07,0,0,1.33858e+07
0,0,0,7.49454e+07,0,2.76049e+07,0,0,1.33858e+07
0,0,0,7.49454e+07,0,2.7924e+07,0,0,1.33858e+07
0,0,0,7.49454e+07,0,2.79274e+07,0,0,1.33858e+07
0,0,0,7.49454e+07,0,2.79307e+07,0,0,1.33858e+07
0,0,0,7.49454e+07,0,2.79341e+07,0,0,1.33858e+07
0,0,0,7.49454e+07,0,2.86065e+07,0,0,1.33858e+07
0,0,0,7.49454e+07,0,2.861e+07,0,0,1.33858e+07
0,0,0,7.49454e+07,0,2.86134e+07,0,0,1.33858e+07
0,0,0,7.49454e+07,0,2.86168e+07,0,0,1.33858e+07
0,0,0,7.49454e+07,0,3.08403e+07,0,0,1.33858e+07
0,0,0,7.49454e+07,0,3.22618e+07,-911318,911318,1.33858e+07
0,0,0,7.49454e+07,0,3.22655e+07,-911318,911318,1.33858e+07
0,0,0,7.49454e+07,0,3.22692e+07,-911318,911318,1.33858e+07
0,0,0,7.49454e+07,0,3.22729e+07,-911318,911318,1.33858e+07
0,0,0,7.49454e+07,0,3.10294e+07,-911318,911318,1.33858e+07
0,0,0,7.49454e+07,0,3.10329e+07,-911318,911318,1.33858e+07
0,0,0,7.49454e+07,0,3.10365e+07,-911318,911318,1.33858e+07
0,0,0,7.49454e+07,0,3.104e+07,-911318,911318,1.33858e+07
0,0,0,7.49454e+07,0,2.99445e+07,-911318,911318,1.33858e+07
0,0,0,7.49454e+07,0,2.99479e+07,-911318,911318,1.33858e+07
0,0,0,7.49454e+07,0,2.99513e+07,-911318,911318,1.33858e+07
0,0,0,7.49454e+07,0,2.99548e+07,-911318,911318,1.33858e+07
0,0,0,7.49454e+07,0,2.7412e+07,-911318,911318,1.33858e+07
0,0,0,7.49454e+07,0,2.74151e+07,-911318,911318,1.33858e+07
0,0,0,7.49454e+07,0,2.74182e+07,-911318,911318,1.33858e+07
0,0,0,7.49454e+07,0,2.74213e+07,-911318,911318,1.33858e+07
0,0,0,7.49454e+07,0,2.74244e+07,-911318,911318,1.33858e+07
0,0,0,7.49454e+07,9.32603e+06,2.82566e+07,-911318,911318,1.33858e+07
0,0,0,7.49454e+07,0,2.82597e+07,-911318,911318,1.33858e+07
0,0,0,7.49454e+07,0,2.82628e+07,-911318,911318,1.33858e+07
0,0,0,7.49454e+07,0,2.82658e+07,-911318,911318,1.33858e+07
0,0,0,7.49454e+07,0,3.1182e+07,-911318,911318,1.33858e+07
0,0,0,7.49454e+07,0,2.97676e+07,0,0,1.33858e+07
0,0,0,7.49454e+07,0,2.9771e+07,0,0,1.33858e+07
0,0,0,7.49454e+07,0,2.97744e+07,0,0,1.33858e+07
0,0,0,7.49454e+07,0,2.57664e+07,0,0,1.33858e+07
0,0,0,7.49454e+07,0,2.57693e+07,0,0,1.33858e+07
0,0,0,7.49454e+07,0,2.57723e+07,0,0,1.33858e+07
0,0,0,7.49454e+07,0,2.57752e+07,0,0,1.33858e+07
0,0,0,7.49454e+07,0,2.57782e+07,0,0,1.33858e+07
0,0,0,7.49454e+07,0,2.6775e+07,0,0,1.33858e+07
0,0,0,7.49454e+07,0,2.67781e+07,0,0,1.33858e+07
0,0,0,7.49454e+07,0,2.67811e+07,0,0,1.33858e+07
0,0,0,7.49454e+07,0,2.67842e+07,0,0,1.33858e+07
0,0,0,7.49454e+07,0,2.63999e+07,0,0,1.33858e+07
0,0,0,7.49454e+07,0,2.6403e+07,0,0,1.33858e+07
0,0,0,7.49454e+07,0,2.6406e+07,0,0,1.33858e+07
0,0,0,7.49454e+07,0,2.6409e+07,0,0,1.33858e+07
0,0,0,7.49454e+07,0,2.77608e+07,0,0,1.33858e+07
0,0,0,7.49454e+07,0,2.77639e+07,0,0,1.33858e+07
0,0,0,7.49454e+07,0,2.77671e+07,0,0,1.33858e+07
0,0,0,7.49454e+07,0,2.77703e+07,0,0,1.33858e+07
0,0,0,7.49454e+07,0,2.77735e+07,0,0,1.33858e+07
0,0,0,7.49454e+07,0,2.80944e+07,0,0,1.33858e+07
0,0,0,7.49454e+07,0,2.80976e+07,0,0,1.33858e+07
0,0,0,7.49454e+07,0,2.81008e+07,0,0,1.33858e+07
0,0,0,7.49454e+07,0,2.81041e+07,0,0,1.33858e+07
0,0,0,7.49454e+07,0,2.87805e+07,0,0,1.33858e+07
0,0,0,7.49454e+07,0,2.87837e+07,0,0,1.33858e+07
0,0,0,7.49454e+07,0,2.8787e+07,0,0,1.33858e+07
0,0,0,7.49454e+07,0,2.87903e+07,0,0,1.33858e+07
0,0,0,7.49454e+07,0,3.10271e+07,0,0,1.33858e+07
0,0,0,7.49454e+07,0,3.10307e+07,0,0,1.33858e+07
0,0,0,7.49454e+07,0,3.24521e+07,-911318,911318,1.33858e+07
0,0,0,7.49454e+07,0,3.24556e+07,-911318,911318,1.33858e+07
0,0,0,7.49454e+07,0,3.24592e+07,-911318,911318,1.33858e+07
0,0,0,7.49454e+07,0,3.12079e+07,-911318,911318,1.33858e+07
0,0,0,7.49454e+07,0,3.12113e+07,-911318,911318,1.33858e+07
0,0,0,7.49454e+07,0,3.12147e+07,-911318,911318,1.33858e+07
0,0,0,7.49454e+07,0,3.12181e+07,-911318,911318,1.33858e+07
0,0,0,7.49454e+07,0,3.01159e+07,-911318,911318,1.33858e+07
0,0,0,7.49454e+07,0,3.01192e+07,-911318,911318,1.33858e+07
0,0,0,7.49454e+07,0,3.01224e+07,-911318,911318,1.33858e+07
0,0,0,7.49454e+07,0,2.87079e+07,0,0,1.33858e+07
0,0,0,7.49454e+07,0,2.61497e+07,0,0,1.33858e+07
0,0,0,7.49454e+07,0,2.61527e+07,0,0,1.33858e+07
0,0,0,7.49454e+07,0,2.61557e+07,0,0,1.33858e+07
0,0,0,7.49454e+07,0,2.61587e+07,0,0,1.33858e+07
0,0,0,7.49454e+07,0,2.61617e+07,0,0,1.33858e+07
0,0,0,7.49454e+07,9.32603e+06,2.69987e+07,0,0,1.33858e+07
0,0,0,7.49454e+07,0,2.70016e+07,0,0,1.33858e+07
0,0,0,7.49454e+07,0,2.70045e+07,0,0,1.33858e+07
0,0,0,7.49454e+07,0,2.70075e+07,0,0,1.33858e+07
0,0,0,7.49454e+07,0,2.99408e+07,0,0,1.33858e+07
0,0,0,7.49454e+07,0,2.99441e+07,0,0,1.33858e+07
0,0,0,7.49454e+07,0,2.99473e+07,0,0,1.33858e+07
0,0,0,7.49454e+07,0,2.99506e+07,0,0,1.33858e+07
0,0,0,7.49454e+07,0,2.59187e+07,0,0,1.33858e+07
0,0,0,7.49454e+07,0,2.59215e+07,0,0,1.33858e+07
0,0,0,7.49454e+07,0,2.59244e+07,0,0,1.33858e+07
0,0,0,7.49454e+07,0,2.59272e+07,0,0,1.33858e+07
0,0,0,7.49454e+07,0,2.593e+07,0,0,1.33858e+07
0,0,0,7.49454e+07,0,2.69326e+07,0,0,1.33858e+07
0,0,0,7.49454e+07,0,2.69355e+07,0,0,1.33858e+07
0,0,0,7.49454e+07,0,2.69384e+07,0,0,1.33858e+07
0,0,0,7.49454e+07,0,2.69413e+07,0,0,1.33858e+07
0,0,0,7.49454e+07,0,2.65547e+07,0,0,1.33858e+07
0,0,0,7.49454e+07,0,2.65576e+07,0,0,1.33858e+07
0,0,0,7.49454e+07,0,2.65605e+07,0,0,1.33858e+07
0,0,0,7.49454e+07,0,2.65634e+07,0,0,1.33858e+07
0,0,0,7.49454e+07,0,2.79229e+07,0,0,1.33858e+07
0,0,0,7.49454e+07,0,2.79259e+07,0,0,1.33858e+07
0,0,0,7.49454e+07,0,2.79289e+07,0,0,1.33858e+07
0,0,0,7.49454e+07,0,2.7932e+07,0,0,1.33858e+07
0,0,0,7.49454e+07,0,2.7935e+07,0,0,1.33858e+07
0,0,0,7.49454e+07,0,2.82577e+07,0,0,1.33858e+07
0,0,0,7.49454e+07,0,2.82607e+07,0,0,1.33858e+07
0,0,0,7.49454e+07,0,2.82638e+07,0,0,1.33858e+07
0,0,0,7.49454e+07,0,2.82669e+07,0,0,1.33858e+07
0,0,0,7.49454e+07,0,2.8947e+07,0,0,1.33858e+07
0,0,0,7.49454e+07,0,2.89502e+07,0,0,1.33858e+07
0,0,0,7.49454e+07,0,2.89533e+07,0,0,1.33858e+07
0,0,0,7.49454e+07,0,3.03743e+07,-911318,911318,1.33858e+07
0,0,0,7.49454e+07,0,3.26239e+07,-911318,911318,1.33858e+07
0,0,0,7.49454e+07,0,3.26273e+07,-911318,911318,1.33858e+07
0,0,0,7.49454e+07,0,3.26307e+07,-911318,911318,1.33858e+07
0,0,0,7.49454e+07,0,3.2634e+07,-911318,911318,1.33858e+07
0,0,0,7.49454e+07,0,3.26374e+07,-911318,911318,1.33858e+07
0,0,0,7.49454e+07,0,3.13788e+07,-911318,911318,1.33858e+07
0,0,0,7.49454e+07,0,3.13821e+07,-911318,911318,1.33858e+07
0,0,0,7.49454e+07,0,3.13854e+07,-911318,911318,1.33858e+07
0,0,0,7.49454e+07,0,3.13886e+07,-911318,911318,1.33858e+07
0,0,0,7.49454e+07,0,3.02799e+07,-911318,911318,1.33858e+07
0,0,0,7.49454e+07,0,3.0283e+07,-911318,911318,1.33858e+07
0,0,0,7.49454e+07,0,3.02862e+07,-911318,911318,1.33858e+07
0,0,0,7.49454e+07,0,3.02893e+07,-911318,911318,1.33858e+07
0,0,0,7.49454e+07,0,2.77164e+07,-911318,911318,1.33858e+07
0,0,0,7.49454e+07,0,2.77193e+07,-911318,911318,1.33858e+07
0,0,0,7.49454e+07,0,2.77221e+07,-911318,911318,1.33858e+07
0,0,0,7.49454e+07,0,2.7725e+07,-911318,911318,1.33858e+07
0,0,0,7.49454e+07,0,2.77278e+07,-911318,911318,1.33858e+07
0,0,0,7.49454e+07,0,2.85694e+07,-911318,911318,1.33858e+07
0,0,0,7.49454e+07,9.32603e+06,2.85722e+07,-911318,911318,1.33858e+07
0,0,0,7.49454e+07,0,2.8575e+07,-911318,911318,1.33858e+07
0,0,0,7.49454e+07,0,2.85778e+07,-911318,911318,1.33858e+07
0,0,0,7.49454e+07,0,3.15276e+07,-911318,911318,1.33858e+07
0,0,0,7.49454e+07,0,3.15307e+07,-911318,911318,1.33858e+07
0,0,0,7.49454e+07,0,3.15338e+07,-911318,911318,1.33858e+07
0,0,0,7.49454e+07,0,3.15369e+07,-911318,911318,1.33858e+07
0,0,0,7.49454e+07,0,2.74822e+07,-911318,911318,1.33858e+07
0,0,0,7.49454e+07,0,2.74849e+07,-911318,911318,1.33858e+07
0,0,0,7.49454e+07,0,2.74876e+07,-911318,911318,1.33858e+07
0,0,0,7.49454e+07,0,2.74903e+07,-911318,911318,1.33858e+07
0,0,0,7.49454e+07,0,2.7493e+07,-911318,911318,1.33858e+07
0,0,0,7.49454e+07,0,2.8501e+07,-911318,911318,1.33858e+07
0,0,0,7.49454e+07,0,2.85038e+07,-911318,911318,1.33858e+07
0,0,0,7.49454e+07,0,2.85066e+07,-911318,911318,1.33858e+07
0,0,0,7.49454e+07,0,2.85094e+07,-911318,911318,1.33858e+07
0,0,0,7.49454e+07,0,2.81204e+07,-911318,911318,1.33858e+07
0,0,0,7.49454e+07,0,2.81232e+07,-911318,911318,1.33858e+07
0,0,0,7.49454e+07,0,2.81259e+07,-911318,911318,1.33858e+07
0,0,0,7.49454e+07,0,2.81287e+07,-911318,911318,1.33858e+07
0,0,0,7.49454e+07,0,2.94956e+07,-911318,911318,1.33858e+07
0,0,0,7.49454e+07,0,2.94985e+07,-911318,911318,1.33858e+07
0,0,0,7.49454e+07,0,2.95014e+07,-911318,911318,1.33858e+07
0,0,0,7.49454e+07,0,2.95043e+07,-911318,911318,1.33858e+07
0,0,0,7.49454e+07,0,2.95072e+07,-911318,911318,1.33858e+07
0,0,0,7.49454e+07,0,2.98315e+07,-911318,911318,1.33858e+07
0,0,0,7.49454e+07,0,2.98344e+07,-911318,911318,1.33858e+07
0,0,0,7.49454e+07,0,2.98373e+07,-911318,911318,1.33858e+07
0,0,0,7.49454e+07,0,2.98403e+07,-911318,911318,1.33858e+07
0,0,0,7.49454e+07,0,3.0524e+07,-911318,911318,1.33858e+07
0,0,0,7.49454e+07,0,3.0527e+07,-911318,911318,1.33858e+07
0,0,0,7.49454e+07,0,3.053e+07,-911318,911318,1.33858e+07
0,0,0,7.49454e+07,0,3.0533e+07,-911318,911318,1.33858e+07
0,0,0,7.49454e+07,0,3.27947e+07,-911318,911318,1.33858e+07
0,0,0,7.49454e+07,0,3.27979e+07,-911318,911318,1.33858e+07
0,0,0,7.49454e+07,0,3.28012e+07,-911318,911318,1.33858e+07
0,0,0,7.49454e+07,0,3.28044e+07,-911318,911318,1.33858e+07
0,0,0,7.49454e+07,0,3.28076e+07,-911318,911318,1.33858e+07
0,0,0,7.49454e+07,0,3.1542e+07,-911318,911318,1.33858e+07
0,0,0,7.49454e+07,0,3.15451e+07,-911318,911318,1.33858e+07
0,0,0,7.49454e+07,0,3.15482e+07,-911318,911318,1.33858e+07
0,0,0,7.49454e+07,0,3.15513e+07,-911318,911318,1.33858e+07
0,0,0,7.49454e+07,0,3.04364e+07,-911318,911318,1.33858e+07
0,0,0,7.49454e+07,0,3.04394e+07,-911318,911318,1.33858e+07
0,0,0,7.49454e+07,0,3.04424e+07,-911318,911318,1.33858e+07
0,0,0,7.49454e+07,0,3.04454e+07,-911318,911318,1.33858e+07
0,0,0,7.49454e+07,0,2.78584e+07,-911318,911318,1.33858e+07
0,0,0,7.49454e+07,0,2.78612e+07,-911318,911318,1.33858e+07
0,0,0,7.49454e+07,0,2.78639e+07,-911318,911318,1.33858e+07
0,0,0,7.49454e+07,0,2.78666e+07,-911318,911318,1.33858e+07
0,0,0,7.49454e+07,0,2.78693e+07,-911318,911318,1.33858e+07
0,0,0,7.49454e+07,0,2.78693e+07,-911318,911318,1.33858e+07
0,0,0,7.49454e+07,9.32603e+06,2.87153e+07,-911318,911318,1.33858e+07
0,0,0,7.49454e+07,0,2.8718e+07,-911318,911318,1.33858e+07
0,0,0,7.49454e+07,0,2.87207e+07,-911318,911318,1.33858e+07
0,0,0,7.49454e+07,0,2.87233e+07,-911318,911318,1.33858e+07
0,0,0,7.49454e+07,0,3.16887e+07,-911318,911318,1.33858e+07
0,0,0,7.49454e+07,0,3.16916e+07,-911318,911318,1.33858e+07
0,0,0,7.49454e+07,0,3.16946e+07,-911318,911318,1.33858e+07
0,0,0,7.49454e+07,0,3.16976e+07,-911318,911318,1.33858e+07
0,0,0,7.49454e+07,0,2.76211e+07,-911318,911318,1.33858e+07
0,0,0,7.49454e+07,0,2.76237e+07,-911318,911318,1.33858e+07
0,0,0,7.49454e+07,0,2.76262e+07,-911318,911318,1.33858e+07
0,0,0,7.49454e+07,0,2.76288e+07,-911318,911318,1.33858e+07
0,0,0,7.49454e+07,0,2.76313e+07,-911318,911318,1.33858e+07
0,0,0,7.49454e+07,0,2.86446e+07,-911318,911318,1.33858e+07
0,0,0,7.49454e+07,0,2.86472e+07,-911318,911318,1.33858e+07
0,0,0,7.49454e+07,0,2.86499e+07,-911318,911318,1.33858e+07
0,0,0,7.49454e+07,0,2.72347e+07,0,0,1.33858e+07
0,0,0,7.49454e+07,0,2.68435e+07,0,0,1.33858e+07
0,0,0,7.49454e+07,0,2.68462e+07,0,0,1.33858e+07
0,0,0,7.49454e+07,0,2.68488e+07,0,0,1.33858e+07
0,0,0,7.49454e+07,0,2.68514e+07,0,0,1.33858e+07
0,0,0,7.49454e+07,0,2.82253e+07,0,0,1.33858e+07
0,0,0,7.49454e+07,0,2.82281e+07,0,0,1.33858e+07
0,0,0,7.49454e+07,0,2.82309e+07,0,0,1.33858e+07
0,0,0,7.49454e+07,0,2.82336e+07,0,0,1.33858e+07
0,0,0,7.49454e+07,0,2.82364e+07,0,0,1.33858e+07
0,0,0,7.49454e+07,0,2.85622e+07,0,0,1.33858e+07
0,0,0,7.49454e+07,0,2.8565e+07,0,0,1.33858e+07
0,0,0,7.49454e+07,0,2.85678e+07,0,0,1.33858e+07
0,0,0,7.49454e+07,0,2.85705e+07,0,0,1.33858e+07
0,0,0,7.49454e+07,0,3.06755e+07,-911318,911318,1.33858e+07
0,0,0,7.49454e+07,0,3.06784e+07,-911318,911318,1.33858e+07
0,0,0,7.49454e+07,0,3.06812e+07,-911318,911318,1.33858e+07
0,0,0,7.49454e+07,0,3.06841e+07,-911318,911318,1.33858e+07
0,0,0,7.49454e+07,0,3.29573e+07,-911318,911318,1.33858e+07
0,0,0,7.49454e+07,0,3.29604e+07,-911318,911318,1.33858e+07
0,0,0,7.49454e+07,0,3.29635e+07,-911318,911318,1.33858e+07
0,0,0,7.49454e+07,0,3.29666e+07,-911318,911318,1.33858e+07
0,0,0,7.49454e+07,0,3.29697e+07,-911318,911318,1.33858e+07
0,0,0,7.49454e+07,0,3.16973e+07,-911318,911318,1.33858e+07
0,0,0,7.49454e+07,0,3.17003e+07,-911318,911318,1.33858e+07
0,0,0,7.49454e+07,0,3.17032e+07,-911318,911318,1.33858e+07
0,0,0,7.49454e+07,0,3.17062e+07,-911318,911318,1.33858e+07
0,0,0,7.49454e+07,0,3.05854e+07,-911318,911318,1.33858e+07
0,0,0,7.49454e+07,0,3.05882e+07,-911318,911318,1.33858e+07
0,0,0,7.49454e+07,0,3.05911e+07,-911318,911318,1.33858e+07
0,0,0,7.49454e+07,0,3.05939e+07,-911318,911318,1.33858e+07
0,0,0,7.49454e+07,0,2.79936e+07,-911318,911318,1.33858e+07
0,0,0,7.49454e+07,0,2.79962e+07,-911318,911318,1.33858e+07
0,0,0,7.49454e+07,0,2.79988e+07,-911318,911318,1.33858e+07
0,0,0,7.49454e+07,0,2.65835e+07,0,0,1.33858e+07
0,0,0,7.49454e+07,0,2.65861e+07,0,0,1.33858e+07
0,0,0,7.49454e+07,0,2.74363e+07,0,0,1.33858e+07
0,0,0,7.49454e+07,0,2.74388e+07,0,0,1.33858e+07
0,0,0,7.49454e+07,0,2.74413e+07,0,0,1.33858e+07
0,0,0,7.49454e+07,0,2.74438e+07,0,0,1.33858e+07
0,0,0,7.49454e+07,0,3.04241e+07,0,0,1.33858e+07
0,0,0,7.49454e+07,0,3.04269e+07,0,0,1.33858e+07
0,0,0,7.49454e+07,0,3.04297e+07,0,0,1.33858e+07
0,0,0,7.49454e+07,0,3.04325e+07,0,0,1.33858e+07
0,0,0,7.49454e+07,0,2.63353e+07,0,0,1.33858e+07
0,0,0,7.49454e+07,0,2.63377e+07,0,0,1.33858e+07
0,0,0,7.49454e+07,0,2.63402e+07,0,0,1.33858e+07
0,0,0,7.49454e+07,0,2.63426e+07,0,0,1.33858e+07
0,0,0,7.49454e+07,0,2.6345e+07,0,0,1.33858e+07
0,0,0,7.49454e+07,0,2.73632e+07,0,0,1.33858e+07
0,0,0,7.49454e+07,0,2.73657e+07,0,0,1.33858e+07
0,0,0,7.49454e+07,0,2.73682e+07,0,0,1.33858e+07
0,0,0,7.49454e+07,0,2.73707e+07,0,0,1.33858e+07
0,0,0,7.49454e+07,0,2.69775e+07,0,0,1.33858e+07
0,0,0,7.49454e+07,0,2.698e+07,0,0,1.33858e+07
0,0,0,7.49454e+07,0,2.69824e+07,0,0,1.33858e+07
0,0,0,7.49454e+07,0,2.69849e+07,0,0,1.33858e+07
0,0,0,7.49454e+07,0,2.83655e+07,0,0,1.33858e+07
0,0,0,7.49454e+07,0,2.83682e+07,0,0,1.33858e+07
0,0,0,7.49454e+07,0,2.83708e+07,0,0,1.33858e+07
0,0,0,7.49454e+07,0,2.83734e+07,0,0,1.33858e+07
0,0,0,7.49454e+07,0,2.8376e+07,0,0,1.33858e+07
0,0,0,7.49454e+07,0,2.87033e+07,0,0,1.33858e+07
0,0,0,7.49454e+07,0,2.87059e+07,0,0,1.33858e+07
0,0,0,7.49454e+07,0,2.87086e+07,0,0,1.33858e+07
0,0,0,7.49454e+07,0,2.87112e+07,0,0,1.33858e+07
0,0,0,7.49454e+07,0,2.94016e+07,0,0,1.33858e+07
0,0,0,7.49454e+07,0,2.94043e+07,0,0,1.33858e+07
0,0,0,7.49454e+07,0,2.9407e+07,0,0,1.33858e+07
0,0,0,7.49454e+07,0,2.94097e+07,0,0,1.33858e+07
0,0,0,7.49454e+07,0,3.16939e+07,0,0,1.33858e+07
0,0,0,7.49454e+07,0,3.16968e+07,0,0,1.33858e+07
0,0,0,7.49454e+07,0,3.16997e+07,0,0,1.33858e+07
0,0,0,7.49454e+07,0,3.17026e+07,0,0,1.33858e+07
0,0,0,7.49454e+07,0,3.17056e+07,0,0,1.33858e+07
0,0,0,7.49454e+07,0,3.04269e+07,0,0,1.33858e+07
0,0,0,7.49454e+07,0,3.18475e+07,-911318,911318,1.33858e+07
0,0,0,7.49454e+07,0,3.04325e+07,0,0,1.33858e+07
0,0,0,7.49454e+07,0,3.04353e+07,0,0,1.33858e+07
0,0,0,7.49454e+07,0,2.93089e+07,0,0,1.33858e+07
0,0,0,7.49454e+07,0,2.93116e+07,0,0,1.33858e+07
0,0,0,7.49454e+07,0,2.93143e+07,0,0,1.33858e+07
0,0,0,7.49454e+07,0,2.9317e+07,0,0,1.33858e+07
0,0,0,7.49454e+07,0,2.67039e+07,0,0,1.33858e+07
0,0,0,7.49454e+07,0,2.67064e+07,0,0,1.33858e+07
0,0,0,7.49454e+07,0,2.67088e+07,0,0,1.33858e+07
0,0,0,7.49454e+07,0,2.67113e+07,0,0,1.33858e+07
0,0,0,7.49454e+07,0,2.67138e+07,0,0,1.33858e+07
0,0,0,7.49454e+07,0,2.75678e+07,0,0,1.33858e+07
0,0,0,7.49454e+07,0,2.75702e+07,0,0,1.33858e+07
0,0,0,7.49454e+07,0,2.75726e+07,0,0,1.33858e+07
0,0,0,7.49454e+07,0,2.7575e+07,0,0,1.33858e+07
0,0,0,7.49454e+07,0,3.05693e+07,0,0,1.33858e+07
0,0,0,7.49454e+07,0,3.05719e+07,0,0,1.33858e+07
0,0,0,7.49454e+07,0,3.05746e+07,0,0,1.33858e+07
0,0,0,7.49454e+07,0,3.05772e+07,0,0,1.33858e+07
0,0,0,7.49454e+07,0,2.64604e+07,0,0,1.33858e+07
0,0,0,7.49454e+07,0,2.64627e+07,0,0,1.33858e+07
0,0,0,7.49454e+07,0,2.6465e+07,0,0,1.33858e+07
0,0,0,7.49454e+07,0,2.64673e+07,0,0,1.33858e+07
0,0,0,7.49454e+07,0,2.64696e+07,0,0,1.33858e+07
0,0,0,7.49454e+07,0,2.74924e+07,0,0,1.33858e+07
0,0,0,7.49454e+07,0,2.74948e+07,0,0,1.33858e+07
0,0,0,7.49454e+07,0,2.74971e+07,0,0,1.33858e+07
0,0,0,7.49454e+07,0,2.74995e+07,0,0,1.33858e+07
0,0,0,7.49454e+07,0,2.71043e+07,0,0,1.33858e+07
0,0,0,7.49454e+07,0,2.71066e+07,0,0,1.33858e+07
0,0,0,7.49454e+07,0,2.7109e+07,0,0,1.33858e+07
0,0,0,7.49454e+07,0,2.71113e+07,0,0,1.33858e+07
0,0,0,7.49454e+07,0,2.84982e+07,0,0,1.33858e+07
0,0,0,7.49454e+07,0,2.85007e+07,0,0,1.33858e+07
0,0,0,7.49454e+07,0,2.85032e+07,0,0,1.33858e+07
0,0,0,7.49454e+07,0,2.85056e+07,0,0,1.33858e+07
0,0,0,7.49454e+07,0,2.85081e+07,0,0,1.33858e+07
0,0,0,7.49454e+07,0,2.88367e+07,0,0,1.33858e+07
0,0,0,7.49454e+07,0,2.88392e+07,0,0,1.33858e+07
0,0,0,7.49454e+07,0,2.88417e+07,0,0,1.33858e+07
0,0,0,7.49454e+07,0,2.88442e+07,0,0,1.33858e+07
0,0,0,7.49454e+07,0,2.95376e+07,0,0,1.33858e+07
0,0,0,7.49454e+07,0,2.95402e+07,0,0,1.33858e+07
0,0,0,7.49454e+07,0,2.95427e+07,0,0,1.33858e+07
0,0,0,7.49454e+07,0,2.95453e+07,0,0,1.33858e+07
0,0,0,7.49454e+07,0,3.18398e+07,0,0,1.33858e+07
0,0,0,7.49454e+07,0,3.32604e+07,-911318,911318,1.33858e+07
0,0,0,7.49454e+07,0,3.32632e+07,-911318,911318,1.33858e+07
0,0,0,7.49454e+07,0,3.32659e+07,-911318,911318,1.33858e+07
0,0,0,7.49454e+07,0,3.32687e+07,-911318,911318,1.33858e+07
0,0,0,7.49454e+07,0,3.1984e+07,-911318,911318,1.33858e+07
0,0,0,7.49454e+07,0,3.19866e+07,-911318,911318,1.33858e+07
0,0,0,7.49454e+07,0,3.19892e+07,-911318,911318,1.33858e+07
0,0,0,7.49454e+07,0,3.19919e+07,-911318,911318,1.33858e+07
0,0,0,7.49454e+07,0,3.08602e+07,-911318,911318,1.33858e+07
0,0,0,7.49454e+07,0,3.08627e+07,-911318,911318,1.33858e+07
0,0,0,7.49454e+07,0,3.08653e+07,-911318,911318,1.33858e+07
0,0,0,7.49454e+07,0,3.08678e+07,-911318,911318,1.33858e+07
0,0,0,7.49454e+07,0,2.82428e+07,-911318,911318,1.33858e+07
0,0,0,7.49454e+07,0,2.82451e+07,-911318,911318,1.33858e+07
0,0,0,7.49454e+07,0,2.82474e+07,-911318,911318,1.33858e+07
0,0,0,7.49454e+07,0,2.82497e+07,-911318,911318,1.33858e+07
0,0,0,7.49454e+07,0,2.82521e+07,-911318,911318,1.33858e+07
0,0,0,7.49454e+07,0,2.91098e+07,-911318,911318,1.33858e+07
0,0,0,7.49454e+07,0,2.91121e+07,-911318,911318,1.33858e+07
0,0,0,7.49454e+07,0,2.76965e+07,0,0,1.33858e+07
0,0,0,7.49454e+07,0,2.76987e+07,0,0,1.33858e+07
0,0,0,7.49454e+07,0,3.07063e+07,0,0,1.33858e+07
0,0,0,7.49454e+07,0,3.07087e+07,0,0,1.33858e+07
0,0,0,7.49454e+07,0,3.07112e+07,0,0,1.33858e+07
0,0,0,7.49454e+07,0,3.07137e+07,0,0,1.33858e+07
0,0,0,7.49454e+07,0,2.65784e+07,0,0,1.33858e+07
0,0,0,7.49454e+07,0,2.65805e+07,0,0,1.33858e+07
0,0,0,7.49454e+07,0,2.65827e+07,0,0,1.33858e+07
0,0,0,7.49454e+07,0,2.65848e+07,0,0,1.33858e+07
0,0,0,7.49454e+07,0,2.6587e+07,0,0,1.33858e+07
0,0,0,7.49454e+07,0,2.76142e+07,0,0,1.33858e+07
0,0,0,7.49454e+07,0,2.76164e+07,0,0,1.33858e+07
0,0,0,7.49454e+07,0,2.76187e+07,0,0,1.33858e+07
0,0,0,7.49454e+07,0,2.76209e+07,0,0,1.33858e+07
0,0,0,7.49454e+07,0,2.72237e+07,0,0,1.33858e+07
0,0,0,7.49454e+07,0,2.72259e+07,0,0,1.33858e+07
0,0,0,7.49454e+07,0,2.72281e+07,0,0,1.33858e+07
0,0,0,7.49454e+07,0,2.72304e+07,0,0,1.33858e+07
0,0,0,7.49454e+07,0,2.86232e+07,0,0,1.33858e+07
0,0,0,7.49454e+07,0,2.86255e+07,0,0,1.33858e+07
0,0,0,7.49454e+07,0,2.86278e+07,0,0,1.33858e+07
0,0,0,7.49454e+07,0,2.86302e+07,0,0,1.33858e+07
0,0,0,7.49454e+07,0,2.86325e+07,0,0,1.33858e+07
0,0,0,7.49454e+07,0,2.89624e+07,0,0,1.33858e+07
0,0,0,7.49454e+07,0,2.89647e+07,0,0,1.33858e+07
0,0,0,7.49454e+07,0,2.89671e+07,0,0,1.33858e+07
0,0,0,7.49454e+07,0,2.89694e+07,0,0,1.33858e+07
0,0,0,7.49454e+07,0,2.96657e+07,0,0,1.33858e+07
0,0,0,7.49454e+07,0,2.96681e+07,0,0,1.33858e+07
0,0,0,7.49454e+07,0,2.96705e+07,0,0,1.33858e+07
0,0,0,7.49454e+07,0,2.96729e+07,0,0,1.33858e+07
0,0,0,7.49454e+07,0,3.3395e+07,-911318,911318,1.33858e+07
0,0,0,7.49454e+07,0,3.33976e+07,-911318,911318,1.33858e+07
0,0,0,7.49454e+07,0,3.34002e+07,-911318,911318,1.33858e+07
0,0,0,7.49454e+07,0,3.34028e+07,-911318,911318,1.33858e+07
0,0,0,7.49454e+07,0,3.34053e+07,-911318,911318,1.33858e+07
0,0,0,7.49454e+07,0,3.21149e+07,-911318,911318,1.33858e+07
0,0,0,7.49454e+07,0,3.21174e+07,-911318,911318,1.33858e+07
0,0,0,7.49454e+07,0,3.21199e+07,-911318,911318,1.33858e+07
0,0,0,7.49454e+07,0,3.21224e+07,-911318,911318,1.33858e+07
0,0,0,7.49454e+07,0,3.09857e+07,-911318,911318,1.33858e+07
0,0,0,7.49454e+07,0,3.09881e+07,-911318,911318,1.33858e+07
0,0,0,7.49454e+07,0,3.09905e+07,-911318,911318,1.33858e+07
0,0,0,7.49454e+07,0,3.09929e+07,-911318,911318,1.33858e+07
0,0,0,7.49454e+07,0,2.83565e+07,-911318,911318,1.33858e+07
0,0,0,7.49454e+07,0,2.83587e+07,-911318,911318,1.33858e+07
0,0,0,7.49454e+07,0,2.83609e+07,-911318,911318,1.33858e+07
0,0,0,7.49454e+07,0,2.83631e+07,-911318,911318,1.33858e+07
0,0,0,7.49454e+07,0,2.83652e+07,-911318,911318,1.33858e+07
0,0,0,7.49454e+07,0,2.92265e+07,-911318,911318,1.33858e+07
0,0,0,7.49454e+07,0,2.92286e+07,-911318,911318,1.33858e+07
0,0,0,7.49454e+07,0,2.92307e+07,-911318,911318,1.33858e+07
0,0,0,7.49454e+07,0,2.92328e+07,-911318,911318,1.33858e+07
0,0,0,7.49454e+07,0,3.22528e+07,-911318,911318,1.33858e+07
0,0,0,7.49454e+07,0,3.22551e+07,-911318,911318,1.33858e+07
0,0,0,7.49454e+07,0,3.22574e+07,-911318,911318,1.33858e+07
0,0,0,7.49454e+07,0,3.22598e+07,-911318,911318,1.33858e+07
0,0,0,7.49454e+07,0,2.8107e+07,-911318,911318,1.33858e+07
0,0,0,7.49454e+07,0,2.81091e+07,-911318,911318,1.33858e+07
0,0,0,7.49454e+07,0,2.81111e+07,-911318,911318,1.33858e+07
0,0,0,7.49454e+07,0,2.81131e+07,-911318,911318,1.33858e+07
0,0,0,7.49454e+07,0,2.81151e+07,-911318,911318,1.33858e+07
0,0,0,7.49454e+07,0,2.91464e+07,-911318,911318,1.33858e+07
0,0,0,7.49454e+07,0,2.91485e+07,-911318,911318,1.33858e+07
0,0,0,7.49454e+07,0,2.77327e+07,0,0,1.33858e+07
0,0,0,7.49454e+07,0,2.77348e+07,0,0,1.33858e+07
0,0,0,7.49454e+07,0,2.73359e+07,0,0,1.33858e+07
0,0,0,7.49454e+07,0,2.7338e+07,0,0,1.33858e+07
0,0,0,7.49454e+07,0,2.734e+07,0,0,1.33858e+07
0,0,0,7.49454e+07,0,2.73421e+07,0,0,1.33858e+07
0,0,0,7.49454e+07,0,2.87405e+07,0,0,1.33858e+07
0,0,0,7.49454e+07,0,2.87427e+07,0,0,1.33858e+07
0,0,0,7.49454e+07,0,2.87449e+07,0,0,1.33858e+07
0,0,0,7.49454e+07,0,2.8747e+07,0,0,1.33858e+07
0,0,0,7.49454e+07,0,2.87492e+07,0,0,1.33858e+07
0,0,0,7.49454e+07,0,2.90803e+07,0,0,1.33858e+07
0,0,0,7.49454e+07,0,2.90825e+07,0,0,1.33858e+07
0,0,0,7.49454e+07,0,2.90847e+07,0,0,1.33858e+07
0,0,0,7.49454e+07,0,2.90869e+07,0,0,1.33858e+07
0,0,0,7.49454e+07,0,3.12036e+07,-911318,911318,1.33858e+07
0,0,0,7.49454e+07,0,3.12059e+07,-911318,911318,1.33858e+07
0,0,0,7.49454e+07,0,3.12081e+07,-911318,911318,1.33858e+07
0,0,0,7.49454e+07,0,3.12104e+07,-911318,911318,1.33858e+07
0,0,0,7.49454e+07,0,3.35238e+07,-911318,911318,1.33858e+07
0,0,0,7.49454e+07,0,3.35262e+07,-911318,911318,1.33858e+07
0,0,0,7.49454e+07,0,3.35286e+07,-911318,911318,1.33858e+07
0,0,0,7.49454e+07,0,3.3531e+07,-911318,911318,1.33858e+07
0,0,0,7.49454e+07,0,3.35335e+07,-911318,911318,1.33858e+07
0,0,0,7.49454e+07,0,3.22377e+07,-911318,911318,1.33858e+07
0,0,0,7.49454e+07,0,3.224e+07,-911318,911318,1.33858e+07
0,0,0,7.49454e+07,0,3.22424e+07,-911318,911318,1.33858e+07
0,0,0,7.49454e+07,0,3.22447e+07,-911318,911318,1.33858e+07
0,0,0,7.49454e+07,0,3.11033e+07,-911318,911318,1.33858e+07
0,0,0,7.49454e+07,0,3.11056e+07,-911318,911318,1.33858e+07
0,0,0,7.49454e+07,0,3.11078e+07,-911318,911318,1.33858e+07
0,0,0,7.49454e+07,0,3.11101e+07,-911318,911318,1.33858e+07
0,0,0,7.49454e+07,0,2.84631e+07,-911318,911318,1.33858e+07
0,0,0,7.49454e+07,0,2.84651e+07,-911318,911318,1.33858e+07
0,0,0,7.49454e+07,0,2.84672e+07,-911318,911318,1.33858e+07
0,0,0,7.49454e+07,0,2.84692e+07,-911318,911318,1.33858e+07
0,0,0,7.49454e+07,0,2.84713e+07,-911318,911318,1.33858e+07
0,0,0,7.49454e+07,0,2.93357e+07,-911318,911318,1.33858e+07
0,0,0,7.49454e+07,0,2.93377e+07,-911318,911318,1.33858e+07
0,0,0,7.49454e+07,0,2.93397e+07,-911318,911318,1.33858e+07
0,0,0,7.49454e+07,0,2.93416e+07,-911318,911318,1.33858e+07
0,0,0,7.49454e+07,0,3.23733e+07,-911318,911318,1.33858e+07
0,0,0,7.49454e+07,0,3.23755e+07,-911318,911318,1.33858e+07
0,0,0,7.49454e+07,0,3.23776e+07,-911318,911318,1.33858e+07
0,0,0,7.49454e+07,0,3.23798e+07,-911318,911318,1.33858e+07
0,0,0,7.49454e+07,0,2.82108e+07,-911318,911318,1.33858e+07
0,0,0,7.49454e+07,0,2.82127e+07,-911318,911318,1.33858e+07
0,0,0,7.49454e+07,0,2.67967e+07,0,0,1.33858e+07
0,0,0,7.49454e+07,0,2.67986e+07,0,0,1.33858e+07
0,0,0,7.49454e+07,0,2.68005e+07,0,0,1.33858e+07
0,0,0,7.49454e+07,0,2.78356e+07,0,0,1.33858e+07
0,0,0,7.49454e+07,0,2.78376e+07,0,0,1.33858e+07
0,0,0,7.49454e+07,0,2.78395e+07,0,0,1.33858e+07
0,0,0,7.49454e+07,0,2.78415e+07,0,0,1.33858e+07
0,0,0,7.49454e+07,0,2.74408e+07,0,0,1.33858e+07
0,0,0,7.49454e+07,0,2.74428e+07,0,0,1.33858e+07
0,0,0,7.49454e+07,0,2.74447e+07,0,0,1.33858e+07
0,0,0,7.49454e+07,0,2.74466e+07,0,0,1.33858e+07
0,0,0,7.49454e+07,0,2.88502e+07,0,0,1.33858e+07
0,0,0,7.49454e+07,0,2.88523e+07,0,0,1.33858e+07
0,0,0,7.49454e+07,0,2.88543e+07,0,0,1.33858e+07
0,0,0,7.49454e+07,0,2.88563e+07,0,0,1.33858e+07
0,0,0,7.49454e+07,0,2.88583e+07,0,0,1.33858e+07
0,0,0,7.49454e+07,0,2.91905e+07,0,0,1.33858e+07
0,0,0,7.49454e+07,0,2.91926e+07,0,0,1.33858e+07
0,0,0,7.49454e+07,0,2.91946e+07,0,0,1.33858e+07
0,0,0,7.49454e+07,0,2.91967e+07,0,0,1.33858e+07
0,0,0,7.49454e+07,0,2.98981e+07,0,0,1.33858e+07
0,0,0,7.49454e+07,0,2.99002e+07,0,0,1.33858e+07
0,0,0,7.49454e+07,0,2.99023e+07,0,0,1.33858e+07
0,0,0,7.49454e+07,0,2.99044e+07,0,0,1.33858e+07
0,0,0,7.49454e+07,0,3.22263e+07,0,0,1.33858e+07
0,0,0,7.49454e+07,0,3.36464e+07,-911318,911318,1.33858e+07
0,0,0,7.49454e+07,0,3.36487e+07,-911318,911318,1.33858e+07
0,0,0,7.49454e+07,0,3.36509e+07,-911318,911318,1.33858e+07
0,0,0,7.49454e+07,0,3.36532e+07,-911318,911318,1.33858e+07
0,0,0,7.49454e+07,0,3.23524e+07,-911318,911318,1.33858e+07
0,0,0,7.49454e+07,0,3.23546e+07,-911318,911318,1.33858e+07
0,0,0,7.49454e+07,0,3.23568e+07,-911318,911318,1.33858e+07
0,0,0,7.49454e+07,0,3.2359e+07,-911318,911318,1.33858e+07
0,0,0,7.49454e+07,0,3.12132e+07,-911318,911318,1.33858e+07
0,0,0,7.49454e+07,0,3.12153e+07,-911318,911318,1.33858e+07
0,0,0,7.49454e+07,0,3.12174e+07,-911318,911318,1.33858e+07
0,0,0,7.49454e+07,0,3.12195e+07,-911318,911318,1.33858e+07
0,0,0,7.49454e+07,0,2.85626e+07,-911318,911318,1.33858e+07
0,0,0,7.49454e+07,0,2.85645e+07,-911318,911318,1.33858e+07
0,0,0,7.49454e+07,0,2.85664e+07,-911318,911318,1.33858e+07
0,0,0,7.49454e+07,0,2.85683e+07,-911318,911318,1.33858e+07
0,0,0,7.49454e+07,0,2.71524e+07,0,0,1.33858e+07
0,0,0,7.49454e+07,0,2.71524e+07,0,0,1.33858e+07
0,0,0,7.49454e+07,0,2.80199e+07,0,0,1.33858e+07
0,0,0,7.49454e+07,0,2.80217e+07,0,0,1.33858e+07
0,0,0,7.49454e+07,0,2.80235e+07,0,0,1.33858e+07
0,0,0,7.49454e+07,0,2.80253e+07,0,0,1.33858e+07
0,0,0,7.49454e+07,0,3.10679e+07,0,0,1.33858e+07
0,0,0,7.49454e+07,0,3.10699e+07,0,0,1.33858e+07
0,0,0,7.49454e+07,0,3.10719e+07,0,0,1.33858e+07
0,0,0,7.49454e+07,0,3.10739e+07,0,0,1.33858e+07
0,0,0,7.49454e+07,0,2.68897e+07,0,0,1.33858e+07
0,0,0,7.49454e+07,0,2.68914e+07,0,0,1.33858e+07
0,0,0,7.49454e+07,0,2.68932e+07,0,0,1.33858e+07
0,0,0,7.49454e+07,0,2.68949e+07,0,0,1.33858e+07
0,0,0,7.49454e+07,0,2.68967e+07,0,0,1.33858e+07
0,0,0,7.49454e+07,0,2.79354e+07,0,0,1.33858e+07
0,0,0,7.49454e+07,0,2.79372e+07,0,0,1.33858e+07
0,0,0,7.49454e+07,0,2.7939e+07,0,0,1.33858e+07
0,0,0,7.49454e+07,0,2.79408e+07,0,0,1.33858e+07
0,0,0,7.49454e+07,0,2.75386e+07,0,0,1.33858e+07
0,0,0,7.49454e+07,0,2.75404e+07,0,0,1.33858e+07
0,0,0,7.49454e+07,0,2.75422e+07,0,0,1.33858e+07
0,0,0,7.49454e+07,0,2.7544e+07,0,0,1.33858e+07
0,0,0,7.49454e+07,0,2.89525e+07,0,0,1.33858e+07
0,0,0,7.49454e+07,0,2.89543e+07,0,0,1.33858e+07
0,0,0,7.49454e+07,0,2.89562e+07,0,0,1.33858e+07
0,0,0,7.49454e+07,0,2.89581e+07,0,0,1.33858e+07
0,0,0,7.49454e+07,0,2.896e+07,0,0,1.33858e+07
0,0,0,7.49454e+07,0,2.92932e+07,0,0,1.33858e+07
0,0,0,7.49454e+07,0,2.92951e+07,0,0,1.33858e+07
0,0,0,7.49454e+07,0,2.9297e+07,0,0,1.33858e+07
0,0,0,7.49454e+07,0,2.92989e+07,0,0,1.33858e+07
0,0,0,7.49454e+07,0,3.00026e+07,0,0,1.33858e+07
0,0,0,7.49454e+07,0,3.00045e+07,0,0,1.33858e+07
0,0,0,7.49454e+07,0,3.00065e+07,0,0,1.33858e+07
0,0,0,7.49454e+07,0,3.00084e+07,0,0,1.33858e+07
0,0,0,7.49454e+07,0,3.23383e+07,0,0,1.33858e+07
0,0,0,7.49454e+07,0,3.23404e+07,0,0,1.33858e+07
0,0,0,7.49454e+07,0,3.23425e+07,0,0,1.33858e+07
0,0,0,7.49454e+07,0,3.23446e+07,0,0,1.33858e+07
0,0,0,7.49454e+07,0,3.37645e+07,-911318,911318,1.33858e+07
0,0,0,7.49454e+07,0,3.24591e+07,-911318,911318,1.33858e+07
0,0,0,7.49454e+07,0,3.24611e+07,-911318,911318,1.33858e+07
0,0,0,7.49454e+07,0,3.24631e+07,-911318,911318,1.33858e+07
0,0,0,7.49454e+07,0,3.24652e+07,-911318,911318,1.33858e+07
0,0,0,7.49454e+07,0,3.13153e+07,-911318,911318,1.33858e+07
0,0,0,7.49454e+07,0,3.13173e+07,-911318,911318,1.33858e+07
0,0,0,7.49454e+07,0,3.13192e+07,-911318,911318,1.33858e+07
0,0,0,7.49454e+07,0,3.13211e+07,-911318,911318,1.33858e+07
0,0,0,7.49454e+07,0,2.72372e+07,0,0,1.33858e+07
0,0,0,7.49454e+07,0,2.7239e+07,0,0,1.33858e+07
0,0,0,7.49454e+07,0,2.72408e+07,0,0,1.33858e+07
0,0,0,7.49454e+07,0,2.72425e+07,0,0,1.33858e+07
0,0,0,7.49454e+07,0,2.72443e+07,0,0,1.33858e+07
0,0,0,7.49454e+07,0,2.81146e+07,0,0,1.33858e+07
0,0,0,7.49454e+07,0,2.81163e+07,0,0,1.33858e+07
0,0,0,7.49454e+07,0,2.81179e+07,0,0,1.33858e+07
0,0,0,7.49454e+07,0,2.81196e+07,0,0,1.33858e+07
0,0,0,7.49454e+07,0,3.11722e+07,0,0,1.33858e+07
0,0,0,7.49454e+07,0,3.11741e+07,0,0,1.33858e+07
0,0,0,7.49454e+07,0,3.1176e+07,0,0,1.33858e+07
0,0,0,7.49454e+07,0,3.11778e+07,0,0,1.33858e+07
0,0,0,7.49454e+07,0,2.69795e+07,0,0,1.33858e+07
0,0,0,7.49454e+07,0,2.69811e+07,0,0,1.33858e+07
0,0,0,7.49454e+07,0,2.69827e+07,0,0,1.33858e+07
0,0,0,7.49454e+07,0,2.69843e+07,0,0,1.33858e+07
0,0,0,7.49454e+07,0,2.69859e+07,0,0,1.33858e+07
0,0,0,7.49454e+07,0,2.80279e+07,0,0,1.33858e+07
0,0,0,7.49454e+07,0,2.80296e+07,0,0,1.33858e+07
0,0,0,7.49454e+07,0,2.80313e+07,0,0,1.33858e+07
0,0,0,7.49454e+07,0,2.8033e+07,0,0,1.33858e+07
0,0,0,7.49454e+07,0,2.76293e+07,0,0,1.33858e+07
0,0,0,7.49454e+07,0,2.76309e+07,0,0,1.33858e+07
0,0,0,7.49454e+07,0,2.76326e+07,0,0,1.33858e+07
0,0,0,7.49454e+07,0,2.76342e+07,0,0,1.33858e+07
0,0,0,7.49454e+07,0,2.90472e+07,0,0,1.33858e+07
0,0,0,7.49454e+07,0,2.90489e+07,0,0,1.33858e+07
0,0,0,7.49454e+07,0,2.90506e+07,0,0,1.33858e+07
0,0,0,7.49454e+07,0,2.90524e+07,0,0,1.33858e+07
0,0,0,7.49454e+07,0,2.90541e+07,0,0,1.33858e+07
0,0,0,7.49454e+07,0,2.93882e+07,0,0,1.33858e+07
0,0,0,7.49454e+07,0,2.939e+07,0,0,1.33858e+07
0,0,0,7.49454e+07,0,2.93918e+07,0,0,1.33858e+07
0,0,0,7.49454e+07,0,2.93935e+07,0,0,1.33858e+07
0,0,0,7.49454e+07,0,3.15172e+07,-911318,911318,1.33858e+07
0,0,0,7.49454e+07,0,3.1519e+07,-911318,911318,1.33858e+07
0,0,0,7.49454e+07,0,3.15208e+07,-911318,911318,1.33858e+07
0,0,0,7.49454e+07,0,3.15226e+07,-911318,911318,1.33858e+07
0,0,0,7.49454e+07,0,3.38597e+07,-911318,911318,1.33858e+07
0,0,0,7.49454e+07,0,3.38616e+07,-911318,911318,1.33858e+07
0,0,0,7.49454e+07,0,3.38636e+07,-911318,911318,1.33858e+07
0,0,0,7.49454e+07,0,3.38655e+07,-911318,911318,1.33858e+07
0,0,0,7.49454e+07,0,3.38675e+07,-911318,911318,1.33858e+07
0,0,0,7.49454e+07,0,3.25577e+07,-911318,911318,1.33858e+07
0,0,0,7.49454e+07,0,3.25596e+07,-911318,911318,1.33858e+07
0,0,0,7.49454e+07,0,3.25615e+07,-911318,911318,1.33858e+07
0,0,0,7.49454e+07,0,3.25633e+07,-911318,911318,1.33858e+07
0,0,0,7.49454e+07,0,3.14097e+07,-911318,911318,1.33858e+07
0,0,0,7.49454e+07,0,3.14115e+07,-911318,911318,1.33858e+07
0,0,0,7.49454e+07,0,3.14133e+07,-911318,911318,1.33858e+07
0,0,0,7.49454e+07,0,3.14151e+07,-911318,911318,1.33858e+07
0,0,0,7.49454e+07,0,2.87405e+07,-911318,911318,1.33858e+07
0,0,0,7.49454e+07,0,2.87421e+07,-911318,911318,1.33858e+07
0,0,0,7.49454e+07,0,2.87438e+07,-911318,911318,1.33858e+07
0,0,0,7.49454e+07,0,2.87454e+07,-911318,911318,1.33858e+07
0,0,0,7.49454e+07,0,2.8747e+07,-911318,911318,1.33858e+07
0,0,0,7.49454e+07,0,2.96199e+07,-911318,911318,1.33858e+07
0,0,0,7.49454e+07,0,2.96214e+07,-911318,911318,1.33858e+07
0,0,0,7.49454e+07,0,2.9623e+07,-911318,911318,1.33858e+07
0,0,0,7.49454e+07,0,2.96245e+07,-911318,911318,1.33858e+07
0,0,0,7.49454e+07,0,3.26864e+07,-911318,911318,1.33858e+07
0,0,0,7.49454e+07,0,3.12703e+07,0,0,1.33858e+07
0,0,0,7.49454e+07,0,3.1272e+07,0,0,1.33858e+07
0,0,0,7.49454e+07,0,3.12737e+07,0,0,1.33858e+07
0,0,0,7.49454e+07,0,2.70623e+07,0,0,1.33858e+07
0,0,0,7.49454e+07,0,2.70637e+07,0,0,1.33858e+07
0,0,0,7.49454e+07,0,2.70652e+07,0,0,1.33858e+07
0,0,0,7.49454e+07,0,2.70667e+07,0,0,1.33858e+07
0,0,0,7.49454e+07,0,2.70682e+07,0,0,1.33858e+07
0,0,0,7.49454e+07,0,2.81132e+07,0,0,1.33858e+07
0,0,0,7.49454e+07,0,2.81148e+07,0,0,1.33858e+07
0,0,0,7.49454e+07,0,2.81163e+07,0,0,1.33858e+07
0,0,0,7.49454e+07,0,2.81178e+07,0,0,1.33858e+07
0,0,0,7.49454e+07,0,2.77128e+07,0,0,1.33858e+07
0,0,0,7.49454e+07,0,2.77143e+07,0,0,1.33858e+07
0,0,0,7.49454e+07,0,2.77158e+07,0,0,1.33858e+07
0,0,0,7.49454e+07,0,2.77174e+07,0,0,1.33858e+07
0,0,0,7.49454e+07,0,2.91344e+07,0,0,1.33858e+07
0,0,0,7.49454e+07,0,2.9136e+07,0,0,1.33858e+07
0,0,0,7.49454e+07,0,2.91376e+07,0,0,1.33858e+07
0,0,0,7.49454e+07,0,2.91391e+07,0,0,1.33858e+07
0,0,0,7.49454e+07,0,2.91407e+07,0,0,1.33858e+07
0,0,0,7.49454e+07,0,2.94757e+07,0,0,1.33858e+07
0,0,0,7.49454e+07,0,2.94773e+07,0,0,1.33858e+07
0,0,0,7.49454e+07,0,2.94789e+07,0,0,1.33858e+07
0,0,0,7.49454e+07,0,2.94806e+07,0,0,1.33858e+07
0,0,0,7.49454e+07,0,3.01883e+07,0,0,1.33858e+07
0,0,0,7.49454e+07,0,3.16078e+07,-911318,911318,1.33858e+07
0,0,0,7.49454e+07,0,3.16094e+07,-911318,911318,1.33858e+07
0,0,0,7.49454e+07,0,3.16111e+07,-911318,911318,1.33858e+07
0,0,0,7.49454e+07,0,3.39549e+07,-911318,911318,1.33858e+07
0,0,0,7.49454e+07,0,3.39567e+07,-911318,911318,1.33858e+07
0,0,0,7.49454e+07,0,3.39585e+07,-911318,911318,1.33858e+07
0,0,0,7.49454e+07,0,3.39603e+07,-911318,911318,1.33858e+07
0,0,0,7.49454e+07,0,3.39621e+07,-911318,911318,1.33858e+07
0,0,0,7.49454e+07,0,3.26484e+07,-911318,911318,1.33858e+07
0,0,0,7.49454e+07,0,3.26501e+07,-911318,911318,1.33858e+07
0,0,0,7.49454e+07,0,3.26518e+07,-911318,911318,1.33858e+07
0,0,0,7.49454e+07,0,3.26535e+07,-911318,911318,1.33858e+07
0,0,0,7.49454e+07,0,3.14963e+07,-911318,911318,1.33858e+07
0,0,0,7.49454e+07,0,3.1498e+07,-911318,911318,1.33858e+07
0,0,0,7.49454e+07,0,3.14996e+07,-911318,911318,1.33858e+07
0,0,0,7.49454e+07,0,3.15013e+07,-911318,911318,1.33858e+07
0,0,0,7.49454e+07,0,2.88189e+07,-911318,911318,1.33858e+07
0,0,0,7.49454e+07,0,2.88204e+07,-911318,911318,1.33858e+07
0,0,0,7.49454e+07,0,2.88219e+07,-911318,911318,1.33858e+07
0,0,0,7.49454e+07,0,2.88234e+07,-911318,911318,1.33858e+07
0,0,0,7.49454e+07,0,2.88249e+07,-911318,911318,1.33858e+07
0,0,0,7.49454e+07,0,2.82822e+07,0,0,1.33858e+07
0,0,0,7.49454e+07,0,2.82836e+07,0,0,1.33858e+07
0,0,0,7.49454e+07,0,2.8285e+07,0,0,1.33858e+07
0,0,0,7.49454e+07,0,2.82864e+07,0,0,1.33858e+07
0,0,0,7.49454e+07,0,3.13568e+07,0,0,1.33858e+07
0,0,0,7.49454e+07,0,3.27762e+07,-911318,911318,1.33858e+07
0,0,0,7.49454e+07,0,3.13599e+07,0,0,1.33858e+07
0,0,0,7.49454e+07,0,3.13615e+07,0,0,1.33858e+07
0,0,0,7.49454e+07,0,2.71381e+07,0,0,1.33858e+07
0,0,0,7.49454e+07,0,2.71395e+07,0,0,1.33858e+07
0,0,0,7.49454e+07,0,2.71408e+07,0,0,1.33858e+07
0,0,0,7.49454e+07,0,2.71422e+07,0,0,1.33858e+07
0,0,0,7.49454e+07,0,2.71435e+07,0,0,1.33858e+07
0,0,0,7.49454e+07,0,2.81913e+07,0,0,1.33858e+07
0,0,0,7.49454e+07,0,2.81927e+07,0,0,1.33858e+07
0,0,0,7.49454e+07,0,2.81941e+07,0,0,1.33858e+07
0,0,0,7.49454e+07,0,2.81955e+07,0,0,1.33858e+07
0,0,0,7.49454e+07,0,2.77892e+07,0,0,1.33858e+07
0,0,0,7.49454e+07,0,2.77906e+07,0,0,1.33858e+07
0,0,0,7.49454e+07,0,2.7792e+07,0,0,1.33858e+07
0,0,0,7.49454e+07,0,2.77934e+07,0,0,1.33858e+07
0,0,0,7.49454e+07,0,2.92141e+07,0,0,1.33858e+07
0,0,0,7.49454e+07,0,2.92156e+07,0,0,1.33858e+07
0,0,0,7.49454e+07,0,2.9217e+07,0,0,1.33858e+07
0,0,0,7.49454e+07,0,2.92185e+07,0,0,1.33858e+07
0,0,0,7.49454e+07,0,2.92199e+07,0,0,1.33858e+07
0,0,0,7.49454e+07,0,2.95557e+07,0,0,1.33858e+07
0,0,0,7.49454e+07,0,2.95572e+07,0,0,1.33858e+07
0,0,0,7.49454e+07,0,2.95586e+07,0,0,1.33858e+07
0,0,0,7.49454e+07,0,2.95601e+07,0,0,1.33858e+07
0,0,0,7.49454e+07,0,3.02696e+07,0,0,1.33858e+07
0,0,0,7.49454e+07,0,3.16889e+07,-911318,911318,1.33858e+07
0,0,0,7.49454e+07,0,3.16904e+07,-911318,911318,1.33858e+07
0,0,0,7.49454e+07,0,3.16919e+07,-911318,911318,1.33858e+07
0,0,0,7.49454e+07,0,3.40419e+07,-911318,911318,1.33858e+07
0,0,0,7.49454e+07,0,3.40435e+07,-911318,911318,1.33858e+07
0,0,0,7.49454e+07,0,3.40451e+07,-911318,911318,1.33858e+07
0,0,0,7.49454e+07,0,3.40468e+07,-911318,911318,1.33858e+07
0,0,0,7.49454e+07,0,3.40484e+07,-911318,911318,1.33858e+07
0,0,0,7.49454e+07,0,3.2731e+07,-911318,911318,1.33858e+07
0,0,0,7.49454e+07,0,3.27326e+07,-911318,911318,1.33858e+07
0,0,0,7.49454e+07,0,3.27342e+07,-911318,911318,1.33858e+07
0,0,0,7.49454e+07,0,3.27357e+07,-911318,911318,1.33858e+07
0,0,0,7.49454e+07,0,3.15754e+07,-911318,911318,1.33858e+07
0,0,0,7.49454e+07,0,3.15769e+07,-911318,911318,1.33858e+07
0,0,0,7.49454e+07,0,3.15784e+07,-911318,911318,1.33858e+07
0,0,0,7.49454e+07,0,3.15799e+07,-911318,911318,1.33858e+07
0,0,0,7.49454e+07,0,2.88903e+07,-911318,911318,1.33858e+07
0,0,0,7.49454e+07,0,2.88917e+07,-911318,911318,1.33858e+07
0,0,0,7.49454e+07,0,2.74752e+07,0,0,1.33858e+07
0,0,0,7.49454e+07,0,2.74766e+07,0,0,1.33858e+07
0,0,0,7.49454e+07,0,2.74779e+07,0,0,1.33858e+07
0,0,0,7.49454e+07,0,2.83552e+07,0,0,1.33858e+07
0,0,0,7.49454e+07,0,2.83565e+07,0,0,1.33858e+07
0,0,0,7.49454e+07,0,2.83578e+07,0,0,1.33858e+07
0,0,0,7.49454e+07,0,2.8359e+07,0,0,1.33858e+07
0,0,0,7.49454e+07,0,3.14372e+07,0,0,1.33858e+07
0,0,0,7.49454e+07,0,3.14386e+07,0,0,1.33858e+07
0,0,0,7.49454e+07,0,3.144e+07,0,0,1.33858e+07
0,0,0,7.49454e+07,0,3.14414e+07,0,0,1.33858e+07
0,0,0,7.49454e+07,0,2.72071e+07,0,0,1.33858e+07
0,0,0,7.49454e+07,0,2.72083e+07,0,0,1.33858e+07
0,0,0,7.49454e+07,0,2.72095e+07,0,0,1.33858e+07
0,0,0,7.49454e+07,0,2.72108e+07,0,0,1.33858e+07
0,0,0,7.49454e+07,0,2.7212e+07,0,0,1.33858e+07
0,0,0,7.49454e+07,0,2.82623e+07,0,0,1.33858e+07
0,0,0,7.49454e+07,0,2.82636e+07,0,0,1.33858e+07
0,0,0,7.49454e+07,0,2.82648e+07,0,0,1.33858e+07
0,0,0,7.49454e+07,0,2.82661e+07,0,0,1.33858e+07
0,0,0,7.49454e+07,0,2.78587e+07,0,0,1.33858e+07
0,0,0,7.49454e+07,0,2.78599e+07,0,0,1.33858e+07
0,0,0,7.49454e+07,0,2.78611e+07,0,0,1.33858e+07
0,0,0,7.49454e+07,0,2.78624e+07,0,0,1.33858e+07
0,0,0,7.49454e+07,0,2.92865e+07,0,0,1.33858e+07
0,0,0,7.49454e+07,0,2.92878e+07,0,0,1.33858e+07
0,0,0,7.49454e+07,0,2.92891e+07,0,0,1.33858e+07
0,0,0,7.49454e+07,0,2.92904e+07,0,0,1.33858e+07
0,0,0,7.49454e+07,0,2.92918e+07,0,0,1.33858e+07
0,0,0,7.49454e+07,0,2.96282e+07,0,0,1.33858e+07
0,0,0,7.49454e+07,0,2.96295e+07,0,0,1.33858e+07
0,0,0,7.49454e+07,0,2.96308e+07,0,0,1.33858e+07
0,0,0,7.49454e+07,0,2.96322e+07,0,0,1.33858e+07
0,0,0,7.49454e+07,0,3.03432e+07,0,0,1.33858e+07
0,0,0,7.49454e+07,0,3.03446e+07,0,0,1.33858e+07
0,0,0,7.49454e+07,0,3.03459e+07,0,0,1.33858e+07
0,0,0,7.49454e+07,0,3.17651e+07,-911318,911318,1.33858e+07
0,0,0,7.49454e+07,0,3.41206e+07,-911318,911318,1.33858e+07
0,0,0,7.49454e+07,0,3.41221e+07,-911318,911318,1.33858e+07
0,0,0,7.49454e+07,0,3.41235e+07,-911318,911318,1.33858e+07
0,0,0,7.49454e+07,0,3.4125e+07,-911318,911318,1.33858e+07
0,0,0,7.49454e+07,0,3.41265e+07,-911318,911318,1.33858e+07
0,0,0,7.49454e+07,0,3.28058e+07,-911318,911318,1.33858e+07
0,0,0,7.49454e+07,0,3.28072e+07,-911318,911318,1.33858e+07
0,0,0,7.49454e+07,0,3.28086e+07,-911318,911318,1.33858e+07
0,0,0,7.49454e+07,0,3.281e+07,-911318,911318,1.33858e+07
0,0,0,7.49454e+07,0,3.16468e+07,-911318,911318,1.33858e+07
0,0,0,7.49454e+07,0,3.16481e+07,-911318,911318,1.33858e+07
0,0,0,7.49454e+07,0,3.16495e+07,-911318,911318,1.33858e+07
0,0,0,7.49454e+07,0,3.16508e+07,-911318,911318,1.33858e+07
0,0,0,7.49454e+07,0,2.89548e+07,-911318,911318,1.33858e+07
0,0,0,7.49454e+07,0,2.89561e+07,-911318,911318,1.33858e+07
0,0,0,7.49454e+07,0,2.89573e+07,-911318,911318,1.33858e+07
0,0,0,7.49454e+07,0,2.75407e+07,0,0,1.33858e+07
0,0,0,7.49454e+07,0,2.75419e+07,0,0,1.33858e+07
0,0,0,7.49454e+07,0,2.84211e+07,0,0,1.33858e+07
0,0,0,7.49454e+07,0,2.84222e+07,0,0,1.33858e+07
0,0,0,7.49454e+07,0,2.84234e+07,0,0,1.33858e+07
0,0,0,7.49454e+07,0,2.84245e+07,0,0,1.33858e+07
0,0,0,7.49454e+07,0,3.15096e+07,0,0,1.33858e+07
0,0,0,7.49454e+07,0,3.15108e+07,0,0,1.33858e+07
0,0,0,7.49454e+07,0,3.15121e+07,0,0,1.33858e+07
0,0,0,7.49454e+07,0,3.15133e+07,0,0,1.33858e+07
0,0,0,7.49454e+07,0,2.72692e+07,0,0,1.33858e+07
0,0,0,7.49454e+07,0,2.72703e+07,0,0,1.33858e+07
0,0,0,7.49454e+07,0,2.72714e+07,0,0,1.33858e+07
0,0,0,7.49454e+07,0,2.72725e+07,0,0,1.33858e+07
0,0,0,7.49454e+07,0,2.72736e+07,0,0,1.33858e+07
0,0,0,7.49454e+07,0,2.83261e+07,0,0,1.33858e+07
0,0,0,7.49454e+07,0,2.83273e+07,0,0,1.33858e+07
0,0,0,7.49454e+07,0,2.83284e+07,0,0,1.33858e+07
0,0,0,7.49454e+07,0,2.83295e+07,0,0,1.33858e+07
0,0,0,7.49454e+07,0,2.7921e+07,0,0,1.33858e+07
0,0,0,7.49454e+07,0,2.79221e+07,0,0,1.33858e+07
0,0,0,7.49454e+07,0,2.79232e+07,0,0,1.33858e+07
0,0,0,7.49454e+07,0,2.79243e+07,0,0,1.33858e+07
0,0,0,7.49454e+07,0,2.93515e+07,0,0,1.33858e+07
0,0,0,7.49454e+07,0,2.93527e+07,0,0,1.33858e+07
0,0,0,7.49454e+07,0,2.93538e+07,0,0,1.33858e+07
0,0,0,7.49454e+07,0,2.9355e+07,0,0,1.33858e+07
0,0,0,7.49454e+07,0,2.93562e+07,0,0,1.33858e+07
0,0,0,7.49454e+07,0,2.96932e+07,0,0,1.33858e+07
0,0,0,7.49454e+07,0,2.96943e+07,0,0,1.33858e+07
0,0,0,7.49454e+07,0,3.11134e+07,-911318,911318,1.33858e+07
0,0,0,7.49454e+07,0,3.11146e+07,-911318,911318,1.33858e+07
0,0,0,7.49454e+07,0,3.1827e+07,-911318,911318,1.33858e+07
0,0,0,7.49454e+07,0,3.18282e+07,-911318,911318,1.33858e+07
0,0,0,7.49454e+07,0,3.18294e+07,-911318,911318,1.33858e+07
0,0,0,7.49454e+07,0,3.18306e+07,-911318,911318,1.33858e+07
0,0,0,7.49454e+07,0,3.4191e+07,-911318,911318,1.33858e+07
0,0,0,7.49454e+07,0,3.41923e+07,-911318,911318,1.33858e+07
0,0,0,7.49454e+07,0,3.41936e+07,-911318,911318,1.33858e+07
0,0,0,7.49454e+07,0,3.41949e+07,-911318,911318,1.33858e+07
0,0,0,7.49454e+07,0,3.41962e+07,-911318,911318,1.33858e+07
0,0,0,7.49454e+07,0,3.28726e+07,-911318,911318,1.33858e+07
0,0,0,7.49454e+07,0,3.28739e+07,-911318,911318,1.33858e+07
0,0,0,7.49454e+07,0,3.28751e+07,-911318,911318,1.33858e+07
0,0,0,7.49454e+07,0,3.28764e+07,-911318,911318,1.33858e+07
0,0,0,7.49454e+07,0,3.17105e+07,-911318,911318,1.33858e+07
0,0,0,7.49454e+07,0,3.17117e+07,-911318,911318,1.33858e+07
0,0,0,7.49454e+07,0,3.17129e+07,-911318,911318,1.33858e+07
0,0,0,7.49454e+07,0,3.17141e+07,-911318,911318,1.33858e+07
0,0,0,7.49454e+07,0,2.90123e+07,-911318,911318,1.33858e+07
0,0,0,7.49454e+07,0,2.90134e+07,-911318,911318,1.33858e+07
0,0,0,7.49454e+07,0,2.90145e+07,-911318,911318,1.33858e+07
0,0,0,7.49454e+07,0,2.90156e+07,-911318,911318,1.33858e+07
0,0,0,7.49454e+07,0,2.90167e+07,-911318,911318,1.33858e+07
0,0,0,7.49454e+07,0,2.90167e+07,-911318,911318,1.33858e+07
0,0,0,7.49454e+07,0,2.84798e+07,0,0,1.33858e+07
0,0,0,7.49454e+07,0,2.84808e+07,0,0,1.33858e+07
0,0,0,7.49454e+07,0,2.84817e+07,0,0,1.33858e+07
0,0,0,7.49454e+07,0,2.84827e+07,0,0,1.33858e+07
0,0,0,7.49454e+07,0,3.1574e+07,0,0,1.33858e+07
0,0,0,7.49454e+07,0,3.15751e+07,0,0,1.33858e+07
0,0,0,7.49454e+07,0,3.15762e+07,0,0,1.33858e+07
0,0,0,7.49454e+07,0,3.15773e+07,0,0,1.33858e+07
0,0,0,7.49454e+07,0,2.73244e+07,0,0,1.33858e+07
0,0,0,7.49454e+07,0,2.73254e+07,0,0,1.33858e+07
0,0,0,7.49454e+07,0,2.73263e+07,0,0,1.33858e+07
0,0,0,7.49454e+07,0,2.73273e+07,0,0,1.33858e+07
0,0,0,7.49454e+07,0,2.73282e+07,0,0,1.33858e+07
0,0,0,7.49454e+07,0,2.83827e+07,0,0,1.33858e+07
0,0,0,7.49454e+07,0,2.83837e+07,0,0,1.33858e+07
0,0,0,7.49454e+07,0,2.83847e+07,0,0,1.33858e+07
0,0,0,7.49454e+07,0,2.83857e+07,0,0,1.33858e+07
0,0,0,7.49454e+07,0,2.79763e+07,0,0,1.33858e+07
0,0,0,7.49454e+07,0,2.79772e+07,0,0,1.33858e+07
0,0,0,7.49454e+07,0,2.79782e+07,0,0,1.33858e+07
0,0,0,7.49454e+07,0,2.79792e+07,0,0,1.33858e+07
0,0,0,7.49454e+07,0,2.9409e+07,0,0,1.33858e+07
0,0,0,7.49454e+07,0,2.941e+07,0,0,1.33858e+07
0,0,0,7.49454e+07,0,2.9411e+07,0,0,1.33858e+07
0,0,0,7.49454e+07,0,2.94121e+07,0,0,1.33858e+07
0,0,0,7.49454e+07,0,2.94131e+07,0,0,1.33858e+07
0,0,0,7.49454e+07,0,2.97506e+07,0,0,1.33858e+07
0,0,0,7.49454e+07,0,2.97516e+07,0,0,1.33858e+07
0,0,0,7.49454e+07,0,2.97527e+07,0,0,1.33858e+07
0,0,0,7.49454e+07,0,3.11716e+07,-911318,911318,1.33858e+07
0,0,0,7.49454e+07,0,3.18852e+07,-911318,911318,1.33858e+07
0,0,0,7.49454e+07,0,3.18863e+07,-911318,911318,1.33858e+07
0,0,0,7.49454e+07,0,3.18874e+07,-911318,911318,1.33858e+07
0,0,0,7.49454e+07,0,3.18884e+07,-911318,911318,1.33858e+07
0,0,0,7.49454e+07,0,3.42531e+07,-911318,911318,1.33858e+07
0,0,0,7.49454e+07,0,3.42543e+07,-911318,911318,1.33858e+07
0,0,0,7.49454e+07,0,3.42554e+07,-911318,911318,1.33858e+07
0,0,0,7.49454e+07,0,3.42566e+07,-911318,911318,1.33858e+07
0,0,0,7.49454e+07,0,3.42577e+07,-911318,911318,1.33858e+07
0,0,0,7.49454e+07,0,3.29314e+07,-911318,911318,1.33858e+07
0,0,0,7.49454e+07,0,3.29325e+07,-911318,911318,1.33858e+07
0,0,0,7.49454e+07,0,3.29336e+07,-911318,911318,1.33858e+07
0,0,0,7.49454e+07,0,3.29347e+07,-911318,911318,1.33858e+07
0,0,0,7.49454e+07,0,3.17666e+07,-911318,911318,1.33858e+07
0,0,0,7.49454e+07,0,3.17676e+07,-911318,911318,1.33858e+07
0,0,0,7.49454e+07,0,3.17687e+07,-911318,911318,1.33858e+07
0,0,0,7.49454e+07,0,3.17697e+07,-911318,911318,1.33858e+07
0,0,0,7.49454e+07,0,2.90628e+07,-911318,911318,1.33858e+07
0,0,0,7.49454e+07,0,2.90638e+07,-911318,911318,1.33858e+07
0,0,0,7.49454e+07,0,2.90648e+07,-911318,911318,1.33858e+07
0,0,0,7.49454e+07,0,2.90657e+07,-911318,911318,1.33858e+07
0,0,0,7.49454e+07,0,2.90667e+07,-911318,911318,1.33858e+07
0,0,0,7.49454e+07,0,2.9949e+07,-911318,911318,1.33858e+07
0,0,0,7.49454e+07,0,2.99499e+07,-911318,911318,1.33858e+07
0,0,0,7.49454e+07,0,2.99507e+07,-911318,911318,1.33858e+07
0,0,0,7.49454e+07,0,2.99516e+07,-911318,911318,1.33858e+07
0,0,0,7.49454e+07,0,3.30482e+07,-911318,911318,1.33858e+07
0,0,0,7.49454e+07,0,3.30492e+07,-911318,911318,1.33858e+07
0,0,0,7.49454e+07,0,3.16323e+07,0,0,1.33858e+07
0,0,0,7.49454e+07,0,3.16332e+07,0,0,1.33858e+07
0,0,0,7.49454e+07,0,2.87905e+07,-911318,911318,1.33858e+07
0,0,0,7.49454e+07,0,2.87914e+07,-911318,911318,1.33858e+07
0,0,0,7.49454e+07,0,2.87922e+07,-911318,911318,1.33858e+07
0,0,0,7.49454e+07,0,2.73751e+07,0,0,1.33858e+07
0,0,0,7.49454e+07,0,2.7376e+07,0,0,1.33858e+07
0,0,0,7.49454e+07,0,2.84322e+07,0,0,1.33858e+07
0,0,0,7.49454e+07,0,2.8433e+07,0,0,1.33858e+07
0,0,0,7.49454e+07,0,2.84339e+07,0,0,1.33858e+07
0,0,0,7.49454e+07,0,2.84347e+07,0,0,1.33858e+07
0,0,0,7.49454e+07,0,2.80245e+07,0,0,1.33858e+07
0,0,0,7.49454e+07,0,2.80253e+07,0,0,1.33858e+07
0,0,0,7.49454e+07,0,2.80261e+07,0,0,1.33858e+07
0,0,0,7.49454e+07,0,2.8027e+07,0,0,1.33858e+07
0,0,0,7.49454e+07,0,2.94591e+07,0,0,1.33858e+07
0,0,0,7.49454e+07,0,2.946e+07,0,0,1.33858e+07
0,0,0,7.49454e+07,0,2.94608e+07,0,0,1.33858e+07
0,0,0,7.49454e+07,0,2.94617e+07,0,0,1.33858e+07
0,0,0,7.49454e+07,0,3.08804e+07,-911318,911318,1.33858e+07
0,0,0,7.49454e+07,0,3.12184e+07,-911318,911318,1.33858e+07
0,0,0,7.49454e+07,0,3.12193e+07,-911318,911318,1.33858e+07
0,0,0,7.49454e+07,0,3.12202e+07,-911318,911318,1.33858e+07
0,0,0,7.49454e+07,0,3.12211e+07,-911318,911318,1.33858e+07
0,0,0,7.49454e+07,0,3.19358e+07,-911318,911318,1.33858e+07
0,0,0,7.49454e+07,0,3.19367e+07,-911318,911318,1.33858e+07
0,0,0,7.49454e+07,0,3.19376e+07,-911318,911318,1.33858e+07
0,0,0,7.49454e+07,0,3.19385e+07,-911318,911318,1.33858e+07
0,0,0,7.49454e+07,0,3.4307e+07,-911318,911318,1.33858e+07
0,0,0,7.49454e+07,0,3.43079e+07,-911318,911318,1.33858e+07
0,0,0,7.49454e+07,0,3.43089e+07,-911318,911318,1.33858e+07
0,0,0,7.49454e+07,0,3.43099e+07,-911318,911318,1.33858e+07
0,0,0,7.49454e+07,0,3.43109e+07,-911318,911318,1.33858e+07
0,0,0,7.49454e+07,0,3.29823e+07,-911318,911318,1.33858e+07
0,0,0,7.49454e+07,0,3.29833e+07,-911318,911318,1.33858e+07
0,0,0,7.49454e+07,0,3.29842e+07,-911318,911318,1.33858e+07
0,0,0,7.49454e+07,0,3.29852e+07,-911318,911318,1.33858e+07
0,0,0,7.49454e+07,0,3.1815e+07,-911318,911318,1.33858e+07
0,0,0,7.49454e+07,0,3.18159e+07,-911318,911318,1.33858e+07
0,0,0,7.49454e+07,0,3.18168e+07,-911318,911318,1.33858e+07
0,0,0,7.49454e+07,0,3.18177e+07,-911318,911318,1.33858e+07
0,0,0,7.49454e+07,0,2.91064e+07,-911318,911318,1.33858e+07
0,0,0,7.49454e+07,0,2.91072e+07,-911318,911318,1.33858e+07
0,0,0,7.49454e+07,0,2.76902e+07,0,0,1.33858e+07
0,0,0,7.49454e+07,0,2.7691e+07,0,0,1.33858e+07
0,0,0,7.49454e+07,0,2.76919e+07,0,0,1.33858e+07
0,0,0,7.49454e+07,0,2.85754e+07,0,0,1.33858e+07
0,0,0,7.49454e+07,0,2.85762e+07,0,0,1.33858e+07
0,0,0,7.49454e+07,0,2.85769e+07,0,0,1.33858e+07
0,0,0,7.49454e+07,0,2.85776e+07,0,0,1.33858e+07
0,0,0,7.49454e+07,0,3.16788e+07,0,0,1.33858e+07
0,0,0,7.49454e+07,0,3.16796e+07,0,0,1.33858e+07
0,0,0,7.49454e+07,0,3.16804e+07,0,0,1.33858e+07
0,0,0,7.49454e+07,0,3.16812e+07,0,0,1.33858e+07
0,0,0,7.49454e+07,0,2.74141e+07,0,0,1.33858e+07
0,0,0,7.49454e+07,0,2.74148e+07,0,0,1.33858e+07
0,0,0,7.49454e+07,0,2.74155e+07,0,0,1.33858e+07
0,0,0,7.49454e+07,0,2.74161e+07,0,0,1.33858e+07
0,0,0,7.49454e+07,0,2.74168e+07,0,0,1.33858e+07
0,0,0,7.49454e+07,0,2.84745e+07,0,0,1.33858e+07
0,0,0,7.49454e+07,0,2.84752e+07,0,0,1.33858e+07
0,0,0,7.49454e+07,0,2.84759e+07,0,0,1.33858e+07
0,0,0,7.49454e+07,0,2.84766e+07,0,0,1.33858e+07
0,0,0,7.49454e+07,0,2.80656e+07,0,0,1.33858e+07
0,0,0,7.49454e+07,0,2.80663e+07,0,0,1.33858e+07
0,0,0,7.49454e+07,0,2.8067e+07,0,0,1.33858e+07
0,0,0,7.49454e+07,0,2.80677e+07,0,0,1.33858e+07
0,0,0,7.49454e+07,0,2.95018e+07,0,0,1.33858e+07
0,0,0,7.49454e+07,0,2.95025e+07,0,0,1.33858e+07
0,0,0,7.49454e+07,0,2.95032e+07,0,0,1.33858e+07
0,0,0,7.49454e+07,0,2.9504e+07,0,0,1.33858e+07
0,0,0,7.49454e+07,0,2.95047e+07,0,0,1.33858e+07
0,0,0,7.49454e+07,0,2.9843e+07,0,0,1.33858e+07
0,0,0,7.49454e+07,0,2.98438e+07,0,0,1.33858e+07
0,0,0,7.49454e+07,0,2.98445e+07,0,0,1.33858e+07
0,0,0,7.49454e+07,0,2.98452e+07,0,0,1.33858e+07
0,0,0,7.49454e+07,0,3.05608e+07,0,0,1.33858e+07
0,0,0,7.49454e+07,0,3.05616e+07,0,0,1.33858e+07
0,0,0,7.49454e+07,0,3.05624e+07,0,0,1.33858e+07
0,0,0,7.49454e+07,0,3.05631e+07,0,0,1.33858e+07
0,0,0,7.49454e+07,0,3.29347e+07,0,0,1.33858e+07
0,0,0,7.49454e+07,0,3.29355e+07,0,0,1.33858e+07
0,0,0,7.49454e+07,0,3.29363e+07,0,0,1.33858e+07
0,0,0,7.49454e+07,0,3.29372e+07,0,0,1.33858e+07
0,0,0,7.49454e+07,0,3.43558e+07,-911318,911318,1.33858e+07
0,0,0,7.49454e+07,0,3.30253e+07,-911318,911318,1.33858e+07
0,0,0,7.49454e+07,0,3.30261e+07,-911318,911318,1.33858e+07
0,0,0,7.49454e+07,0,3.30269e+07,-911318,911318,1.33858e+07
0,0,0,7.49454e+07,0,3.30277e+07,-911318,911318,1.33858e+07
0,0,0,7.49454e+07,0,3.04379e+07,0,0,1.33858e+07
0,0,0,7.49454e+07,0,3.04387e+07,0,0,1.33858e+07
0,0,0,7.49454e+07,0,3.04395e+07,0,0,1.33858e+07
0,0,0,7.49454e+07,0,3.04402e+07,0,0,1.33858e+07
0,0,0,7.49454e+07,0,2.77252e+07,0,0,1.33858e+07
0,0,0,7.49454e+07,0,2.77259e+07,0,0,1.33858e+07
0,0,0,7.49454e+07,0,2.77266e+07,0,0,1.33858e+07
0,0,0,7.49454e+07,0,2.77273e+07,0,0,1.33858e+07
0,0,0,7.49454e+07,0,2.7728e+07,0,0,1.33858e+07
0,0,0,7.49454e+07,0,2.86125e+07,0,0,1.33858e+07
0,0,0,7.49454e+07,0,2.86131e+07,0,0,1.33858e+07
0,0,0,7.49454e+07,0,2.86137e+07,0,0,1.33858e+07
0,0,0,7.49454e+07,0,2.86143e+07,0,0,1.33858e+07
0,0,0,7.49454e+07,0,3.17193e+07,0,0,1.33858e+07
0,0,0,7.49454e+07,0,3.172e+07,0,0,1.33858e+07
0,0,0,7.49454e+07,0,3.17206e+07,0,0,1.33858e+07
0,0,0,7.49454e+07,0,3.17212e+07,0,0,1.33858e+07
0,0,0,7.49454e+07,0,2.74486e+07,0,0,1.33858e+07
0,0,0,7.49454e+07,0,2.74491e+07,0,0,1.33858e+07
0,0,0,7.49454e+07,0,2.74497e+07,0,0,1.33858e+07
0,0,0,7.49454e+07,0,2.74503e+07,0,0,1.33858e+07
0,0,0,7.49454e+07,0,2.74508e+07,0,0,1.33858e+07
0,0,0,7.49454e+07,0,2.85096e+07,0,0,1.33858e+07
0,0,0,7.49454e+07,0,2.85102e+07,0,0,1.33858e+07
0,0,0,7.49454e+07,0,2.85108e+07,0,0,1.33858e+07
0,0,0,7.49454e+07,0,2.85114e+07,0,0,1.33858e+07
0,0,0,7.49454e+07,0,2.80997e+07,0,0,1.33858e+07
0,0,0,7.49454e+07,0,2.81003e+07,0,0,1.33858e+07
0,0,0,7.49454e+07,0,2.81008e+07,0,0,1.33858e+07
0,0,0,7.49454e+07,0,2.81014e+07,0,0,1.33858e+07
0,0,0,7.49454e+07,0,2.9537e+07,0,0,1.33858e+07
0,0,0,7.49454e+07,0,2.95376e+07,0,0,1.33858e+07
0,0,0,7.49454e+07,0,2.95382e+07,0,0,1.33858e+07
0,0,0,7.49454e+07,0,2.95388e+07,0,0,1.33858e+07
0,0,0,7.49454e+07,0,2.95394e+07,0,0,1.33858e+07
0,0,0,7.49454e+07,0,2.98779e+07,0,0,1.33858e+07
0,0,0,7.49454e+07,0,2.98785e+07,0,0,1.33858e+07
0,0,0,7.49454e+07,0,2.98791e+07,0,0,1.33858e+07
0,0,0,7.49454e+07,0,2.98797e+07,0,0,1.33858e+07
0,0,0,7.49454e+07,0,3.20138e+07,-911318,911318,1.33858e+07
0,0,0,7.49454e+07,0,3.20144e+07,-911318,911318,1.33858e+07
0,0,0,7.49454e+07,0,3.20151e+07,-911318,911318,1.33858e+07
0,0,0,7.49454e+07,0,3.20157e+07,-911318,911318,1.33858e+07
0,0,0,7.49454e+07,0,3.43898e+07,-911318,911318,1.33858e+07
0,0,0,7.49454e+07,0,3.43904e+07,-911318,911318,1.33858e+07
0,0,0,7.49454e+07,0,3.43911e+07,-911318,911318,1.33858e+07
0,0,0,7.49454e+07,0,3.43918e+07,-911318,911318,1.33858e+07
0,0,0,7.49454e+07,0,3.43924e+07,-911318,911318,1.33858e+07
0,0,0,7.49454e+07,0,3.30603e+07,-911318,911318,1.33858e+07
0,0,0,7.49454e+07,0,3.30609e+07,-911318,911318,1.33858e+07
0,0,0,7.49454e+07,0,3.30615e+07,-911318,911318,1.33858e+07
0,0,0,7.49454e+07,0,3.30622e+07,-911318,911318,1.33858e+07
0,0,0,7.49454e+07,0,3.18888e+07,-911318,911318,1.33858e+07
0,0,0,7.49454e+07,0,3.18895e+07,-911318,911318,1.33858e+07
0,0,0,7.49454e+07,0,3.18901e+07,-911318,911318,1.33858e+07
0,0,0,7.49454e+07,0,3.18907e+07,-911318,911318,1.33858e+07
0,0,0,7.49454e+07,0,2.91726e+07,-911318,911318,1.33858e+07
0,0,0,7.49454e+07,0,2.91732e+07,-911318,911318,1.33858e+07
0,0,0,7.49454e+07,0,2.91737e+07,-911318,911318,1.33858e+07
0,0,0,7.49454e+07,0,2.91743e+07,-911318,911318,1.33858e+07
0,0,0,7.49454e+07,0,2.91748e+07,-911318,911318,1.33858e+07
0,0,0,7.49454e+07,0,3.00602e+07,-911318,911318,1.33858e+07
0,0,0,7.49454e+07,0,3.00606e+07,-911318,911318,1.33858e+07
0,0,0,7.49454e+07,0,3.00611e+07,-911318,911318,1.33858e+07
0,0,0,7.49454e+07,0,3.00615e+07,-911318,911318,1.33858e+07
0,0,0,7.49454e+07,0,3.31696e+07,-911318,911318,1.33858e+07
0,0,0,7.49454e+07,0,3.31701e+07,-911318,911318,1.33858e+07
0,0,0,7.49454e+07,0,3.17527e+07,0,0,1.33858e+07
0,0,0,7.49454e+07,0,3.17532e+07,0,0,1.33858e+07
0,0,0,7.49454e+07,0,2.8894e+07,-911318,911318,1.33858e+07
0,0,0,7.49454e+07,0,2.74765e+07,0,0,1.33858e+07
0,0,0,7.49454e+07,0,2.7477e+07,0,0,1.33858e+07
0,0,0,7.49454e+07,0,2.74774e+07,0,0,1.33858e+07
0,0,0,7.49454e+07,0,2.74778e+07,0,0,1.33858e+07
0,0,0,7.49454e+07,0,2.85375e+07,0,0,1.33858e+07
0,0,0,7.49454e+07,0,2.8538e+07,0,0,1.33858e+07
0,0,0,7.49454e+07,0,2.85384e+07,0,0,1.33858e+07
0,0,0,7.49454e+07,0,2.85388e+07,0,0,1.33858e+07
0,0,0,7.49454e+07,0,2.81266e+07,0,0,1.33858e+07
0,0,0,7.49454e+07,0,2.81271e+07,0,0,1.33858e+07
0,0,0,7.49454e+07,0,2.81275e+07,0,0,1.33858e+07
0,0,0,7.49454e+07,0,2.81279e+07,0,0,1.33858e+07
0,0,0,7.49454e+07,0,2.95647e+07,0,0,1.33858e+07
0,0,0,7.49454e+07,0,2.95652e+07,0,0,1.33858e+07
0,0,0,7.49454e+07,0,2.95656e+07,0,0,1.33858e+07
0,0,0,7.49454e+07,0,2.95661e+07,0,0,1.33858e+07
0,0,0,7.49454e+07,0,2.95665e+07,0,0,1.33858e+07
0,0,0,7.49454e+07,0,2.99052e+07,0,0,1.33858e+07
0,0,0,7.49454e+07,0,2.99057e+07,0,0,1.33858e+07
0,0,0,7.49454e+07,0,2.99061e+07,0,0,1.33858e+07
0,0,0,7.49454e+07,0,3.13244e+07,-911318,911318,1.33858e+07
0,0,0,7.49454e+07,0,3.20412e+07,-911318,911318,1.33858e+07
0,0,0,7.49454e+07,0,3.20417e+07,-911318,911318,1.33858e+07
0,0,0,7.49454e+07,0,3.20421e+07,-911318,911318,1.33858e+07
0,0,0,7.49454e+07,0,3.20426e+07,-911318,911318,1.33858e+07
0,0,0,7.49454e+07,0,3.44186e+07,-911318,911318,1.33858e+07
0,0,0,7.49454e+07,0,3.44191e+07,-911318,911318,1.33858e+07
0,0,0,7.49454e+07,0,3.44196e+07,-911318,911318,1.33858e+07
0,0,0,7.49454e+07,0,3.44201e+07,-911318,911318,1.33858e+07
0,0,0,7.49454e+07,0,3.44206e+07,-911318,911318,1.33858e+07
0,0,0,7.49454e+07,0,3.30872e+07,-911318,911318,1.33858e+07
0,0,0,7.49454e+07,0,3.30876e+07,-911318,911318,1.33858e+07
0,0,0,7.49454e+07,0,3.30881e+07,-911318,911318,1.33858e+07
0,0,0,7.49454e+07,0,3.30886e+07,-911318,911318,1.33858e+07
0,0,0,7.49454e+07,0,3.19141e+07,-911318,911318,1.33858e+07
0,0,0,7.49454e+07,0,3.19146e+07,-911318,911318,1.33858e+07
0,0,0,7.49454e+07,0,3.19151e+07,-911318,911318,1.33858e+07
0,0,0,7.49454e+07,0,3.19155e+07,-911318,911318,1.33858e+07
0,0,0,7.49454e+07,0,2.91951e+07,-911318,911318,1.33858e+07
0,0,0,7.49454e+07,0,2.91955e+07,-911318,911318,1.33858e+07
0,0,0,7.49454e+07,0,2.91959e+07,-911318,911318,1.33858e+07
0,0,0,7.49454e+07,0,2.91964e+07,-911318,911318,1.33858e+07
0,0,0,7.49454e+07,0,2.91968e+07,-911318,911318,1.33858e+07
0,0,0,7.49454e+07,0,2.86649e+07,0,0,1.33858e+07
0,0,0,7.49454e+07,0,2.86652e+07,0,0,1.33858e+07
0,0,0,7.49454e+07,0,2.86655e+07,0,0,1.33858e+07
0,0,0,7.49454e+07,0,2.86658e+07,0,0,1.33858e+07
0,0,0,7.49454e+07,0,3.17761e+07,0,0,1.33858e+07
0,0,0,7.49454e+07,0,3.17764e+07,0,0,1.33858e+07
0,0,0,7.49454e+07,0,3.17767e+07,0,0,1.33858e+07
0,0,0,7.49454e+07,0,3.17771e+07,0,0,1.33858e+07
0,0,0,7.49454e+07,0,2.74966e+07,0,0,1.33858e+07
0,0,0,7.49454e+07,0,2.74969e+07,0,0,1.33858e+07
0,0,0,7.49454e+07,0,2.74972e+07,0,0,1.33858e+07
0,0,0,7.49454e+07,0,2.74975e+07,0,0,1.33858e+07
0,0,0,7.49454e+07,0,2.74978e+07,0,0,1.33858e+07
0,0,0,7.49454e+07,0,2.85581e+07,0,0,1.33858e+07
0,0,0,7.49454e+07,0,2.85584e+07,0,0,1.33858e+07
0,0,0,7.49454e+07,0,2.85587e+07,0,0,1.33858e+07
0,0,0,7.49454e+07,0,2.8559e+07,0,0,1.33858e+07
0,0,0,7.49454e+07,0,2.81464e+07,0,0,1.33858e+07
0,0,0,7.49454e+07,0,2.81467e+07,0,0,1.33858e+07
0,0,0,7.49454e+07,0,2.8147e+07,0,0,1.33858e+07
0,0,0,7.49454e+07,0,2.81473e+07,0,0,1.33858e+07
0,0,0,7.49454e+07,0,2.95849e+07,0,0,1.33858e+07
0,0,0,7.49454e+07,0,2.95852e+07,0,0,1.33858e+07
0,0,0,7.49454e+07,0,2.95856e+07,0,0,1.33858e+07
0,0,0,7.49454e+07,0,2.95859e+07,0,0,1.33858e+07
0,0,0,7.49454e+07,0,2.95862e+07,0,0,1.33858e+07
0,0,0,7.49454e+07,0,2.99249e+07,0,0,1.33858e+07
0,0,0,7.49454e+07,0,2.99252e+07,0,0,1.33858e+07
0,0,0,7.49454e+07,0,2.99256e+07,0,0,1.33858e+07
0,0,0,7.49454e+07,0,2.99259e+07,0,0,1.33858e+07
0,0,0,7.49454e+07,0,3.06429e+07,0,0,1.33858e+07
0,0,0,7.49454e+07,0,3.06432e+07,0,0,1.33858e+07
0,0,0,7.49454e+07,0,3.06436e+07,0,0,1.33858e+07
0,0,0,7.49454e+07,0,3.20617e+07,-911318,911318,1.33858e+07
0,0,0,7.49454e+07,0,3.44391e+07,-911318,911318,1.33858e+07
0,0,0,7.49454e+07,0,3.44394e+07,-911318,911318,1.33858e+07
0,0,0,7.49454e+07,0,3.44398e+07,-911318,911318,1.33858e+07
0,0,0,7.49454e+07,0,3.44401e+07,-911318,911318,1.33858e+07
0,0,0,7.49454e+07,0,3.44404e+07,-911318,911318,1.33858e+07
0,0,0,7.49454e+07,0,3.3106e+07,-911318,911318,1.33858e+07
0,0,0,7.49454e+07,0,3.31064e+07,-911318,911318,1.33858e+07
0,0,0,7.49454e+07,0,3.31067e+07,-911318,911318,1.33858e+07
0,0,0,7.49454e+07,0,3.3107e+07,-911318,911318,1.33858e+07
0,0,0,7.49454e+07,0,3.19317e+07,-911318,911318,1.33858e+07
0,0,0,7.49454e+07,0,3.1932e+07,-911318,911318,1.33858e+07
0,0,0,7.49454e+07,0,3.19323e+07,-911318,911318,1.33858e+07
0,0,0,7.49454e+07,0,3.19327e+07,-911318,911318,1.33858e+07
0,0,0,7.49454e+07,0,2.92106e+07,-911318,911318,1.33858e+07
0,0,0,7.49454e+07,0,2.7793e+07,0,0,1.33858e+07
0,0,0,7.49454e+07,0,2.77933e+07,0,0,1.33858e+07
0,0,0,7.49454e+07,0,2.77936e+07,0,0,1.33858e+07
0,0,0,7.49454e+07,0,2.77939e+07,0,0,1.33858e+07
0,0,0,7.49454e+07,0,2.77939e+07,0,0,1.33858e+07
0,0,0,7.49454e+07,0,2.86801e+07,0,0,1.33858e+07
0,0,0,7.49454e+07,0,2.86803e+07,0,0,1.33858e+07
0,0,0,7.49454e+07,0,2.86804e+07,0,0,1.33858e+07
0,0,0,7.49454e+07,0,2.86806e+07,0,0,1.33858e+07
0,0,0,7.49454e+07,0,3.17924e+07,0,0,1.33858e+07
0,0,0,7.49454e+07,0,3.17926e+07,0,0,1.33858e+07
0,0,0,7.49454e+07,0,3.17927e+07,0,0,1.33858e+07
0,0,0,7.49454e+07,0,3.17929e+07,0,0,1.33858e+07
0,0,0,7.49454e+07,0,2.75102e+07,0,0,1.33858e+07
0,0,0,7.49454e+07,0,2.75104e+07,0,0,1.33858e+07
0,0,0,7.49454e+07,0,2.75105e+07,0,0,1.33858e+07
0,0,0,7.49454e+07,0,2.75107e+07,0,0,1.33858e+07
0,0,0,7.49454e+07,0,2.75108e+07,0,0,1.33858e+07
0,0,0,7.49454e+07,0,2.85716e+07,0,0,1.33858e+07
0,0,0,7.49454e+07,0,2.85717e+07,0,0,1.33858e+07
0,0,0,7.49454e+07,0,2.85719e+07,0,0,1.33858e+07
0,0,0,7.49454e+07,0,2.8572e+07,0,0,1.33858e+07
0,0,0,7.49454e+07,0,2.81591e+07,0,0,1.33858e+07
0,0,0,7.49454e+07,0,2.81592e+07,0,0,1.33858e+07
0,0,0,7.49454e+07,0,2.81594e+07,0,0,1.33858e+07
0,0,0,7.49454e+07,0,2.81595e+07,0,0,1.33858e+07
0,0,0,7.49454e+07,0,2.95977e+07,0,0,1.33858e+07
0,0,0,7.49454e+07,0,2.95979e+07,0,0,1.33858e+07
0,0,0,7.49454e+07,0,2.9598e+07,0,0,1.33858e+07
0,0,0,7.49454e+07,0,2.95982e+07,0,0,1.33858e+07
0,0,0,7.49454e+07,0,2.95984e+07,0,0,1.33858e+07
0,0,0,7.49454e+07,0,2.99371e+07,0,0,1.33858e+07
0,0,0,7.49454e+07,0,2.99373e+07,0,0,1.33858e+07
0,0,0,7.49454e+07,0,2.99375e+07,0,0,1.33858e+07
0,0,0,7.49454e+07,0,2.99376e+07,0,0,1.33858e+07
0,0,0,7.49454e+07,0,3.20727e+07,-911318,911318,1.33858e+07
0,0,0,7.49454e+07,0,3.20728e+07,-911318,911318,1.33858e+07
0,0,0,7.49454e+07,0,3.2073e+07,-911318,911318,1.33858e+07
0,0,0,7.49454e+07,0,3.20732e+07,-911318,911318,1.33858e+07
0,0,0,7.49454e+07,0,3.44513e+07,-911318,911318,1.33858e+07
0,0,0,7.49454e+07,0,3.44514e+07,-911318,911318,1.33858e+07
0,0,0,7.49454e+07,0,3.44516e+07,-911318,911318,1.33858e+07
0,0,0,7.49454e+07,0,3.44518e+07,-911318,911318,1.33858e+07
0,0,0,7.49454e+07,0,3.4452e+07,-911318,911318,1.33858e+07
0,0,0,7.49454e+07,0,3.3117e+07,-911318,911318,1.33858e+07
0,0,0,7.49454e+07,0,3.31171e+07,-911318,911318,1.33858e+07
0,0,0,7.49454e+07,0,3.31173e+07,-911318,911318,1.33858e+07
0,0,0,7.49454e+07,0,3.31175e+07,-911318,911318,1.33858e+07
0,0,0,7.49454e+07,0,3.19416e+07,-911318,911318,1.33858e+07
0,0,0,7.49454e+07,0,3.19418e+07,-911318,911318,1.33858e+07
0,0,0,7.49454e+07,0,3.1942e+07,-911318,911318,1.33858e+07
0,0,0,7.49454e+07,0,3.19422e+07,-911318,911318,1.33858e+07
0,0,0,7.49454e+07,0,2.92191e+07,-911318,911318,1.33858e+07
0,0,0,7.49454e+07,0,2.92192e+07,-911318,911318,1.33858e+07
0,0,0,7.49454e+07,0,2.92194e+07,-911318,911318,1.33858e+07
0,0,0,7.49454e+07,0,2.92195e+07,-911318,911318,1.33858e+07
0,0,0,7.49454e+07,0,2.92197e+07,-911318,911318,1.33858e+07
0,0,0,7.49454e+07,0,3.01061e+07,-911318,911318,1.33858e+07
0,0,0,7.49454e+07,0,3.01061e+07,-911318,911318,1.33858e+07
0,0,0,7.49454e+07,0,3.01061e+07,-911318,911318,1.33858e+07
0,0,0,7.49454e+07,0,2.86883e+07,0,0,1.33858e+07
0,0,0,7.49454e+07,0,3.18008e+07,0,0,1.33858e+07
0,0,0,7.49454e+07,0,3.18008e+07,0,0,1.33858e+07
0,0,0,7.49454e+07,0,3.18008e+07,0,0,1.33858e+07
0,0,0,7.49454e+07,0,3.18008e+07,0,0,1.33858e+07
0,0,0,7.49454e+07,0,2.75169e+07,0,0,1.33858e+07
0,0,0,7.49454e+07,0,2.7517e+07,0,0,1.33858e+07
0,0,0,7.49454e+07,0,2.7517e+07,0,0,1.33858e+07
0,0,0,7.49454e+07,0,2.7517e+07,0,0,1.33858e+07
0,0,0,7.49454e+07,0,2.7517e+07,0,0,1.33858e+07
0,0,0,7.49454e+07,0,2.85778e+07,0,0,1.33858e+07
0,0,0,7.49454e+07,0,2.85779e+07,0,0,1.33858e+07
0,0,0,7.49454e+07,0,2.85779e+07,0,0,1.33858e+07
0,0,0,7.49454e+07,0,2.85779e+07,0,0,1.33858e+07
0,0,0,7.49454e+07,0,2.81647e+07,0,0,1.33858e+07
0,0,0,7.49454e+07,0,2.81648e+07,0,0,1.33858e+07
0,0,0,7.49454e+07,0,2.81648e+07,0,0,1.33858e+07
0,0,0,7.49454e+07,0,2.81648e+07,0,0,1.33858e+07
0,0,0,7.49454e+07,0,2.96031e+07,0,0,1.33858e+07
0,0,0,7.49454e+07,0,2.96031e+07,0,0,1.33858e+07
0,0,0,7.49454e+07,0,2.96031e+07,0,0,1.33858e+07
0,0,0,7.49454e+07,0,2.96032e+07,0,0,1.33858e+07
0,0,0,7.49454e+07,0,2.96032e+07,0,0,1.33858e+07
0,0,0,7.49454e+07,0,2.99419e+07,0,0,1.33858e+07
0,0,0,7.49454e+07,0,2.99419e+07,0,0,1.33858e+07
0,0,0,7.49454e+07,0,2.99419e+07,0,0,1.33858e+07
0,0,0,7.49454e+07,0,2.99419e+07,0,0,1.33858e+07
0,0,0,7.49454e+07,0,3.06591e+07,0,0,1.33858e+07
0,0,0,7.49454e+07,0,3.20769e+07,-911318,911318,1.33858e+07
0,0,0,7.49454e+07,0,3.2077e+07,-911318,911318,1.33858e+07
0,0,0,7.49454e+07,0,3.2077e+07,-911318,911318,1.33858e+07
0,0,0,7.49454e+07,0,3.44552e+07,-911318,911318,1.33858e+07
0,0,0,7.49454e+07,0,3.44552e+07,-911318,911318,1.33858e+07
0,0,0,7.49454e+07,0,3.44553e+07,-911318,911318,1.33858e+07
0,0,0,7.49454e+07,0,3.44553e+07,-911318,911318,1.33858e+07
0,0,0,7.49454e+07,0,3.44553e+07,-911318,911318,1.33858e+07
0,0,0,7.49454e+07,0,3.312e+07,-911318,911318,1.33858e+07
0,0,0,7.49454e+07,0,3.312e+07,-911318,911318,1.33858e+07
0,0,0,7.49454e+07,0,3.312e+07,-911318,911318,1.33858e+07
0,0,0,7.49454e+07,0,3.31201e+07,-911318,911318,1.33858e+07
0,0,0,7.49454e+07,0,3.1944e+07,-911318,911318,1.33858e+07
0,0,0,7.49454e+07,0,3.1944e+07,-911318,911318,1.33858e+07
0,0,0,7.49454e+07,0,3.1944e+07,-911318,911318,1.33858e+07
0,0,0,7.49454e+07,0,3.19441e+07,-911318,911318,1.33858e+07
0,0,0,7.49454e+07,0,2.92207e+07,-911318,911318,1.33858e+07
0,0,0,7.49454e+07,0,2.92207e+07,-911318,911318,1.33858e+07
0,0,0,7.49454e+07,0,2.92207e+07,-911318,911318,1.33858e+07
0,0,0,7.49454e+07,0,2.92207e+07,-911318,911318,1.33858e+07
0,0,0,7.49454e+07,0,2.92208e+07,-911318,911318,1.33858e+07
0,0,0,7.49454e+07,0,2.86892e+07,0,0,1.33858e+07
0,0,0,7.49454e+07,0,2.86891e+07,0,0,1.33858e+07
0,0,0,7.49454e+07,0,2.8689e+07,0,0,1.33858e+07
0,0,0,7.49454e+07,0,2.86888e+07,0,0,1.33858e+07
0,0,0,7.49454e+07,0,3.18012e+07,0,0,1.33858e+07
0,0,0,7.49454e+07,0,3.18011e+07,0,0,1.33858e+07
0,0,0,7.49454e+07,0,3.1801e+07,0,0,1.33858e+07
0,0,0,7.49454e+07,0,3.18008e+07,0,0,1.33858e+07
0,0,0,7.49454e+07,0,2.75168e+07,0,0,1.33858e+07
0,0,0,7.49454e+07,0,2.75167e+07,0,0,1.33858e+07
0,0,0,7.49454e+07,0,2.75166e+07,0,0,1.33858e+07
0,0,0,7.49454e+07,0,2.75165e+07,0,0,1.33858e+07
0,0,0,7.49454e+07,0,2.75164e+07,0,0,1.33858e+07
0,0,0,7.49454e+07,0,2.8577e+07,0,0,1.33858e+07
0,0,0,7.49454e+07,0,2.85769e+07,0,0,1.33858e+07
0,0,0,7.49454e+07,0,2.85768e+07,0,0,1.33858e+07
0,0,0,7.49454e+07,0,2.85767e+07,0,0,1.33858e+07
0,0,0,7.49454e+07,0,2.81634e+07,0,0,1.33858e+07
0,0,0,7.49454e+07,0,2.81633e+07,0,0,1.33858e+07
0,0,0,7.49454e+07,0,2.81632e+07,0,0,1.33858e+07
0,0,0,7.49454e+07,0,2.81631e+07,0,0,1.33858e+07
0,0,0,7.49454e+07,0,2.96011e+07,0,0,1.33858e+07
0,0,0,7.49454e+07,0,2.9601e+07,0,0,1.33858e+07
0,0,0,7.49454e+07,0,2.96009e+07,0,0,1.33858e+07
0,0,0,7.49454e+07,0,2.96008e+07,0,0,1.33858e+07
0,0,0,7.49454e+07,0,2.96006e+07,0,0,1.33858e+07
0,0,0,7.49454e+07,0,2.99392e+07,0,0,1.33858e+07
0,0,0,7.49454e+07,0,2.9939e+07,0,0,1.33858e+07
0,0,0,7.49454e+07,0,2.99389e+07,0,0,1.33858e+07
0,0,0,7.49454e+07,0,2.99388e+07,0,0,1.33858e+07
0,0,0,7.49454e+07,0,3.06557e+07,0,0,1.33858e+07
0,0,0,7.49454e+07,0,3.06556e+07,0,0,1.33858e+07
0,0,0,7.49454e+07,0,3.20733e+07,-911318,911318,1.33858e+07
0,0,0,7.49454e+07,0,3.20732e+07,-911318,911318,1.33858e+07
0,0,0,7.49454e+07,0,3.4451e+07,-911318,911318,1.33858e+07
0,0,0,7.49454e+07,0,3.44508e+07,-911318,911318,1.33858e+07
0,0,0,7.49454e+07,0,3.44507e+07,-911318,911318,1.33858e+07
0,0,0,7.49454e+07,0,3.44506e+07,-911318,911318,1.33858e+07
0,0,0,7.49454e+07,0,3.44504e+07,-911318,911318,1.33858e+07
0,0,0,7.49454e+07,0,3.31152e+07,-911318,911318,1.33858e+07
0,0,0,7.49454e+07,0,3.16972e+07,0,0,1.33858e+07
0,0,0,7.49454e+07,0,3.16971e+07,0,0,1.33858e+07
0,0,0,7.49454e+07,0,3.16969e+07,0,0,1.33858e+07
0,0,0,7.49454e+07,0,3.05209e+07,0,0,1.33858e+07
0,0,0,7.49454e+07,0,3.05208e+07,0,0,1.33858e+07
0,0,0,7.49454e+07,0,3.05207e+07,0,0,1.33858e+07
0,0,0,7.49454e+07,0,3.05205e+07,0,0,1.33858e+07
0,0,0,7.49454e+07,0,2.77975e+07,0,0,1.33858e+07
0,0,0,7.49454e+07,0,2.77974e+07,0,0,1.33858e+07
0,0,0,7.49454e+07,0,2.77973e+07,0,0,1.33858e+07
0,0,0,7.49454e+07,0,2.77972e+07,0,0,1.33858e+07
0,0,0,7.49454e+07,0,2.77971e+07,0,0,1.33858e+07
0,0,0,7.49454e+07,0,2.8683e+07,0,0,1.33858e+07
0,0,0,7.49454e+07,0,2.86828e+07,0,0,1.33858e+07
0,0,0,7.49454e+07,0,2.86825e+07,0,0,1.33858e+07
0,0,0,7.49454e+07,0,2.86823e+07,0,0,1.33858e+07
0,0,0,7.49454e+07,0,3.17938e+07,0,0,1.33858e+07
0,0,0,7.49454e+07,0,3.17935e+07,0,0,1.33858e+07
0,0,0,7.49454e+07,0,3.17932e+07,0,0,1.33858e+07
0,0,0,7.49454e+07,0,3.1793e+07,0,0,1.33858e+07
0,0,0,7.49454e+07,0,2.75099e+07,0,0,1.33858e+07
0,0,0,7.49454e+07,0,2.75096e+07,0,0,1.33858e+07
0,0,0,7.49454e+07,0,2.75094e+07,0,0,1.33858e+07
0,0,0,7.49454e+07,0,2.75091e+07,0,0,1.33858e+07
0,0,0,7.49454e+07,0,2.75089e+07,0,0,1.33858e+07
0,0,0,7.49454e+07,0,2.85692e+07,0,0,1.33858e+07
0,0,0,7.49454e+07,0,2.85689e+07,0,0,1.33858e+07
0,0,0,7.49454e+07,0,2.85687e+07,0,0,1.33858e+07
0,0,0,7.49454e+07,0,2.85684e+07,0,0,1.33858e+07
0,0,0,7.49454e+07,0,2.81551e+07,0,0,1.33858e+07
0,0,0,7.49454e+07,0,2.81549e+07,0,0,1.33858e+07
0,0,0,7.49454e+07,0,2.81546e+07,0,0,1.33858e+07
0,0,0,7.49454e+07,0,2.81544e+07,0,0,1.33858e+07
0,0,0,7.49454e+07,0,2.95918e+07,0,0,1.33858e+07
0,0,0,7.49454e+07,0,2.95916e+07,0,0,1.33858e+07
0,0,0,7.49454e+07,0,2.95913e+07,0,0,1.33858e+07
0,0,0,7.49454e+07,0,2.95911e+07,0,0,1.33858e+07
0,0,0,7.49454e+07,0,2.95908e+07,0,0,1.33858e+07
0,0,0,7.49454e+07,0,2.99291e+07,0,0,1.33858e+07
0,0,0,7.49454e+07,0,2.99288e+07,0,0,1.33858e+07
0,0,0,7.49454e+07,0,2.99285e+07,0,0,1.33858e+07
0,0,0,7.49454e+07,0,2.99283e+07,0,0,1.33858e+07
0,0,0,7.49454e+07,0,3.06448e+07,0,0,1.33858e+07
0,0,0,7.49454e+07,0,3.06445e+07,0,0,1.33858e+07
0,0,0,7.49454e+07,0,3.06443e+07,0,0,1.33858e+07
0,0,0,7.49454e+07,0,3.20618e+07,-911318,911318,1.33858e+07
0,0,0,7.49454e+07,0,3.44386e+07,-911318,911318,1.33858e+07
0,0,0,7.49454e+07,0,3.44383e+07,-911318,911318,1.33858e+07
0,0,0,7.49454e+07,0,3.4438e+07,-911318,911318,1.33858e+07
0,0,0,7.49454e+07,0,3.44377e+07,-911318,911318,1.33858e+07
0,0,0,7.49454e+07,0,3.44374e+07,-911318,911318,1.33858e+07
0,0,0,7.49454e+07,0,3.31025e+07,-911318,911318,1.33858e+07
0,0,0,7.49454e+07,0,3.31022e+07,-911318,911318,1.33858e+07
0,0,0,7.49454e+07,0,3.16841e+07,0,0,1.33858e+07
0,0,0,7.49454e+07,0,3.16838e+07,0,0,1.33858e+07
0,0,0,7.49454e+07,0,3.05082e+07,0,0,1.33858e+07
0,0,0,7.49454e+07,0,3.05079e+07,0,0,1.33858e+07
0,0,0,7.49454e+07,0,3.05076e+07,0,0,1.33858e+07
